13
Bradypus             0.0000000 0.0689399 0.1583923 0.1794156 0.1754888 0.1686842 0.1755628 0.1546796 0.1569601 0.1569470 0.1626275 0.1665638 0.1678451 
Choloepus            0.0689399 0.0000000 0.1428426 0.1645617 0.1620092 0.1668654 0.1698709 0.1483282 0.1535191 0.1492563 0.1568659 0.1580229 0.1619793 
Cyclopes             0.1583923 0.1428426 0.0000000 0.1281948 0.1291104 0.1739661 0.1797777 0.1617781 0.1640619 0.1575169 0.1642577 0.1669009 0.1727786 
Tamandua             0.1794156 0.1645617 0.1281948 0.0000000 0.0485272 0.1876503 0.1934507 0.1741709 0.1784631 0.1743268 0.1814208 0.1827447 0.1873346 
Myrmecophaga         0.1754888 0.1620092 0.1291104 0.0485272 0.0000000 0.1821832 0.1849019 0.1712615 0.1754731 0.1702111 0.1724697 0.1757279 0.1805690 
Dasypus_kappleri     0.1686842 0.1668654 0.1739661 0.1876503 0.1821832 0.0000000 0.0304053 0.0919957 0.0954687 0.0969690 0.0966108 0.0965555 0.1012697 
Dasypus_novemcinctus 0.1755628 0.1698709 0.1797777 0.1934507 0.1849019 0.0304053 0.0000000 0.0924231 0.0985988 0.0989044 0.0974238 0.0988813 0.1030110 
Cabassous            0.1546796 0.1483282 0.1617781 0.1741709 0.1712615 0.0919957 0.0924231 0.0000000 0.0442009 0.0457819 0.0650025 0.0654324 0.0674866 
Priodontes           0.1569601 0.1535191 0.1640619 0.1784631 0.1754731 0.0954687 0.0985988 0.0442009 0.0000000 0.0512830 0.0700964 0.0694008 0.0723662 
Tolypeutes           0.1569470 0.1492563 0.1575169 0.1743268 0.1702111 0.0969690 0.0989044 0.0457819 0.0512830 0.0000000 0.0685346 0.0717181 0.0734390 
Chaetophractus       0.1626275 0.1568659 0.1642577 0.1814208 0.1724697 0.0966108 0.0974238 0.0650025 0.0700964 0.0685346 0.0000000 0.0208557 0.0264351 
Euphractus           0.1665638 0.1580229 0.1669009 0.1827447 0.1757279 0.0965555 0.0988813 0.0654324 0.0694008 0.0717181 0.0208557 0.0000000 0.0270178 
Zaedyus              0.1678451 0.1619793 0.1727786 0.1873346 0.1805690 0.1012697 0.1030110 0.0674866 0.0723662 0.0734390 0.0264351 0.0270178 0.0000000 
