37
Burramyidae_Burramys_parvus                  0.0000000 0.0435993 0.0320287 0.0325041 0.0320980 0.0421304 0.0220075 0.0248923 0.0318232 0.0428849 0.0228322 0.0452022 0.0468146 0.0246603 0.0414233 0.0454828 0.0450346 0.0409757 0.0424150 0.0304655 0.0273190 0.0395938 0.0374174 0.0450390 0.0318600 0.0318289 0.0260822 0.0331318 0.0262426 0.0346784 0.0322064 0.0244259 0.0418499 0.0444888 0.0436653 0.0320764 0.0320764 
Notoryctidae_Notoryctes_typhlops             0.0435993 0.0000000 0.0392200 0.0478302 0.0529973 0.0553666 0.0351863 0.0337738 0.0539030 0.0404666 0.0372191 0.0594552 0.0553518 0.0381934 0.0803266 0.0603671 0.0554356 0.0597294 0.0404900 0.0447450 0.0379990 0.0566028 0.0521471 0.0570963 0.0350415 0.0433046 0.0360035 0.0445439 0.0395206 0.0538050 0.0481812 0.0375097 0.0397635 0.0528722 0.0404666 9.0000000 9.0000000 
Vombatidae_Lasiorhinus_latifrons             0.0320287 0.0392200 0.0000000 0.0423381 0.0426691 0.0440462 0.0277356 0.0283373 0.0399004 0.0352045 0.0296353 0.0455827 0.0456992 0.0293678 0.0555675 0.0484456 0.0451899 0.0492186 0.0373799 0.0352371 0.0281787 0.0468281 0.0447222 0.0464267 0.0472633 0.0312564 0.0258668 0.0417940 0.0257371 0.0405693 0.0353071 0.0293989 0.0370521 0.0434471 0.0362690 9.0000000 9.0000000 
Potoroidae_Bettongia_penicillata             0.0325041 0.0478302 0.0423381 0.0000000 0.0026908 0.0586666 0.0270133 0.0298607 0.0105964 0.0509594 0.0277689 0.0474720 0.0488609 0.0293906 0.0502785 0.0482335 0.0482816 0.0459739 0.0493746 0.0138415 0.0355437 0.0515921 0.0469809 0.0613676 0.0259273 0.0407368 0.0366629 0.0156562 0.0338962 0.0422084 0.0349473 0.0293712 0.0525943 0.0482246 0.0518167 0.0371508 0.0371508 
Potoroidae_Bettongia_lesueur                 0.0320980 0.0529973 0.0426691 0.0026908 0.0000000 0.0606842 0.0266414 0.0297444 0.0100592 0.0494709 0.0272025 0.0469869 0.0482022 0.0289555 0.0520335 0.0472505 0.0476031 0.0456473 0.0483775 0.0129369 0.0357722 0.0525478 0.0474866 0.0650800 0.0187120 0.0406241 0.0370804 0.0127454 0.0345725 0.0422878 0.0347926 0.0291955 0.0498768 0.0475412 0.0501275 0.0375403 0.0375403 
Dasyuridae_Dasyurus_maculatus                0.0421304 0.0553666 0.0440462 0.0586666 0.0606842 0.0000000 0.0441364 0.0448375 0.0537960 0.0511884 0.0460298 0.0121330 0.0154867 0.0461403 0.0729839 0.0130788 0.0048400 0.0195151 0.0509619 0.0482816 0.0429265 0.0517769 0.0523615 0.0117178 0.0562385 0.0423555 0.0385696 0.0513961 0.0388230 0.0553731 0.0512181 0.0454899 0.0506567 0.0039469 0.0523301 9.0000000 9.0000000 
Phalangeridae_Trichosurus_vulpecula          0.0220075 0.0351863 0.0277356 0.0270133 0.0266414 0.0441364 0.0000000 0.0090839 0.0275217 0.0405485 0.0091121 0.0426040 0.0432006 0.0094870 0.0385971 0.0426340 0.0419159 0.0382449 0.0396014 0.0244852 0.0244177 0.0385128 0.0335180 0.0470673 0.0283209 0.0282701 0.0226247 0.0263472 0.0225393 0.0326053 0.0281626 0.0088734 0.0382589 0.0416513 0.0412904 0.0303454 0.0303454 
Phalangeridae_Spilocuscus_maculatus          0.0248923 0.0337738 0.0283373 0.0298607 0.0297444 0.0448375 0.0090839 0.0000000 0.0303528 0.0411245 0.0043982 0.0436740 0.0455176 0.0058687 0.0391375 0.0437050 0.0432535 0.0398893 0.0416327 0.0258529 0.0248769 0.0398215 0.0354557 0.0477631 0.0299315 0.0292444 0.0218643 0.0279531 0.0229958 0.0328758 0.0302080 0.0048739 0.0372891 0.0422260 0.0418960 0.0299559 0.0299559 
Potoroidae_Aepyprymnus_rufescens             0.0318232 0.0539030 0.0399004 0.0105964 0.0100592 0.0537960 0.0275217 0.0303528 0.0000000 0.0505963 0.0287851 0.0460962 0.0487856 0.0303557 0.0473907 0.0471088 0.0492442 0.0457033 0.0495283 0.0137553 0.0360782 0.0515432 0.0471956 0.0564288 0.0271398 0.0405517 0.0363285 0.0153365 0.0347867 0.0442453 0.0342420 0.0301028 0.0479171 0.0484014 0.0514464 0.0379709 0.0379709 
Peramelidae_Perameles_nasuta                 0.0428849 0.0404666 0.0352045 0.0509594 0.0494709 0.0511884 0.0405485 0.0411245 0.0505963 0.0000000 0.0395052 0.0544163 0.0563251 0.0418520 0.0587537 0.0557343 0.0563171 0.0517816 0.0094902 0.0495682 0.0442851 0.0489681 0.0470335 0.0507045 0.0487551 0.0418893 0.0395081 0.0494280 0.0410139 0.0485931 0.0465737 0.0418316 0.0103310 0.0559885 0.0013494 0.0497243 0.0497243 
Phalangeridae_Strigocuscus_pelengensis       0.0228322 0.0372191 0.0296353 0.0277689 0.0272025 0.0460298 0.0091121 0.0043982 0.0287851 0.0395052 0.0000000 0.0426555 0.0442735 0.0056094 0.0371703 0.0434180 0.0424249 0.0385190 0.0392779 0.0240011 0.0229975 0.0385320 0.0359221 0.0484970 0.0288887 0.0290691 0.0216191 0.0265839 0.0211245 0.0314001 0.0280113 0.0050019 0.0380888 0.0419284 0.0399894 0.0269150 0.0269150 
Dasyuridae_Phascogale_tapoatafa              0.0452022 0.0594552 0.0455827 0.0474720 0.0469869 0.0121330 0.0426040 0.0436740 0.0460962 0.0544163 0.0426555 0.0000000 0.0144418 0.0444254 0.0573133 0.0034954 0.0117354 0.0145050 0.0549126 0.0455968 0.0451788 0.0524077 0.0469092 0.0053117 0.0464686 0.0445932 0.0441497 0.0460972 0.0426022 0.0509557 0.0463604 0.0443918 0.0507384 0.0109036 0.0552545 0.0473389 0.0473389 
Dasyuridae_Sminthopsis_macroura              0.0468146 0.0553518 0.0456992 0.0488609 0.0482022 0.0154867 0.0432006 0.0455176 0.0487856 0.0563251 0.0442735 0.0144418 0.0000000 0.0450335 0.0603828 0.0140349 0.0138384 0.0127135 0.0573380 0.0469160 0.0473612 0.0540822 0.0497822 0.0150858 0.0478269 0.0459549 0.0441899 0.0484120 0.0434539 0.0539292 0.0507241 0.0449994 0.0512957 0.0148679 0.0571736 0.0474855 0.0474855 
Phalangeridae_Phalanger_orientalis           0.0246603 0.0381934 0.0293678 0.0293906 0.0289555 0.0461403 0.0094870 0.0058687 0.0303557 0.0418520 0.0056094 0.0444254 0.0450335 0.0000000 0.0403333 0.0444571 0.0432661 0.0393359 0.0416040 0.0265148 0.0258134 0.0397729 0.0356702 0.0485422 0.0313349 0.0310841 0.0242781 0.0286227 0.0236835 0.0333250 0.0304259 0.0017391 0.0412103 0.0432175 0.0426267 0.0323634 0.0323634 
Acrobatidae_Acrobates_pygmaeus               0.0414233 0.0803266 0.0555675 0.0502785 0.0520335 0.0729839 0.0385971 0.0391375 0.0473907 0.0587537 0.0371703 0.0573133 0.0603828 0.0403333 0.0000000 0.0575857 0.0595175 0.0547087 0.0563338 0.0455937 0.0375231 0.0596656 0.0509539 0.0742156 0.0504979 0.0466189 0.0396602 0.0480223 0.0356270 0.0430612 0.0307298 0.0395805 0.0655515 0.0581476 0.0596210 0.0400688 0.0400688 
Dasyuridae_Phascogale_calura                 0.0454828 0.0603671 0.0484456 0.0482335 0.0472505 0.0130788 0.0426340 0.0437050 0.0471088 0.0557343 0.0434180 0.0034954 0.0140349 0.0444571 0.0575857 0.0000000 0.0121556 0.0136163 0.0562325 0.0461010 0.0459637 0.0531981 0.0481740 0.0053165 0.0469793 0.0453456 0.0444303 0.0470804 0.0433593 0.0515224 0.0476144 0.0444235 0.0541952 0.0113210 0.0565780 0.0478068 0.0478068 
Dasyuridae_Sarcophilus_harrisii              0.0450346 0.0554356 0.0451899 0.0482816 0.0476031 0.0048400 0.0419159 0.0432535 0.0492442 0.0563171 0.0424249 0.0117354 0.0138384 0.0432661 0.0595175 0.0121556 0.0000000 0.0133761 0.0562716 0.0472767 0.0457197 0.0503684 0.0467491 0.0121864 0.0480673 0.0448215 0.0434980 0.0477890 0.0421090 0.0502702 0.0478971 0.0432334 0.0518363 0.0038930 0.0570940 0.0491749 0.0491749 
Dasyuridae_Planigale_tenuirostris            0.0409757 0.0597294 0.0492186 0.0459739 0.0456473 0.0195151 0.0382449 0.0398893 0.0457033 0.0517816 0.0385190 0.0145050 0.0127135 0.0393359 0.0547087 0.0136163 0.0133761 0.0000000 0.0519934 0.0425554 0.0469703 0.0484765 0.0446520 0.0179691 0.0457527 0.0416554 0.0407711 0.0442081 0.0409686 0.0510091 0.0443235 0.0396102 0.0524497 0.0133775 0.0523222 0.0431504 0.0431504 
Peramelidae_Echymipera_kalubu                0.0424150 0.0404900 0.0373799 0.0493746 0.0483775 0.0509619 0.0396014 0.0416327 0.0495283 0.0094902 0.0392779 0.0549126 0.0573380 0.0416040 0.0563338 0.0562325 0.0562716 0.0519934 0.0000000 0.0472903 0.0434389 0.0487162 0.0470688 0.0510646 0.0493261 0.0416705 0.0397695 0.0476535 0.0400361 0.0488965 0.0460715 0.0418277 0.0093831 0.0564715 0.0101076 0.0521237 0.0521237 
Macropodidae_Dorcopsulus_vanheurni           0.0304655 0.0447450 0.0352371 0.0138415 0.0129369 0.0482816 0.0244852 0.0258529 0.0137553 0.0495682 0.0240011 0.0455968 0.0469160 0.0265148 0.0455937 0.0461010 0.0472767 0.0425554 0.0472903 0.0000000 0.0330955 0.0492719 0.0429402 0.0512936 0.0240394 0.0374175 0.0328988 0.0073083 0.0303407 0.0400171 0.0336399 0.0262736 0.0440612 0.0473165 0.0503211 0.0360055 0.0360055 
Pseudochiridae_Pseudochirulus_forbesi        0.0273190 0.0379990 0.0281787 0.0355437 0.0357722 0.0429265 0.0244177 0.0248769 0.0360782 0.0442851 0.0229975 0.0451788 0.0473612 0.0258134 0.0375231 0.0459637 0.0457197 0.0469703 0.0434389 0.0330955 0.0000000 0.0439438 0.0404502 0.0430726 0.0359084 0.0301796 0.0141853 0.0344521 0.0099923 0.0280006 0.0273903 0.0248701 0.0354686 0.0451469 0.0451085 0.0361250 0.0361250 
Didelphidae_Didelphis_virginiana             0.0395938 0.0566028 0.0468281 0.0515921 0.0525478 0.0517769 0.0385128 0.0398215 0.0515432 0.0489681 0.0385320 0.0524077 0.0540822 0.0397729 0.0596656 0.0531981 0.0503684 0.0484765 0.0487162 0.0492719 0.0439438 0.0000000 0.0172817 0.0548800 0.0525432 0.0395638 0.0463726 0.0510297 0.0418882 0.0481020 0.0503230 0.0402648 0.0487882 0.0519307 0.0497278 0.0453418 0.0453418 
Marmosidae_Monodelphis_domestica             0.0374174 0.0521471 0.0447222 0.0469809 0.0474866 0.0523615 0.0335180 0.0354557 0.0471956 0.0470335 0.0359221 0.0469092 0.0497822 0.0356702 0.0509539 0.0481740 0.0467491 0.0446520 0.0470688 0.0429402 0.0404502 0.0172817 0.0000000 0.0530827 0.0471872 0.0357995 0.0407471 0.0458606 0.0383406 0.0438860 0.0430558 0.0356523 0.0464379 0.0474505 0.0478364 0.0394411 0.0394411 
Dasyuridae_Antechinus_stuartii               0.0450390 0.0570963 0.0464267 0.0613676 0.0650800 0.0117178 0.0470673 0.0477631 0.0564288 0.0507045 0.0484970 0.0053117 0.0150858 0.0485422 0.0742156 0.0053165 0.0121864 0.0179691 0.0510646 0.0512936 0.0430726 0.0548800 0.0530827 0.0000000 0.0599962 0.0440347 0.0392576 0.0544738 0.0400382 0.0584306 0.0519446 0.0478794 0.0508823 0.0117108 0.0518460 9.0000000 9.0000000 
Hypsiprymnodontidae_Hypsiprymnodon_moschatus 0.0318600 0.0350415 0.0472633 0.0259273 0.0187120 0.0562385 0.0283209 0.0299315 0.0271398 0.0487551 0.0288887 0.0464686 0.0478269 0.0313349 0.0504979 0.0469793 0.0480673 0.0457527 0.0493261 0.0240394 0.0359084 0.0525432 0.0471872 0.0599962 0.0000000 0.0387284 0.0355950 0.0246150 0.0329034 0.0429214 0.0374071 0.0313070 0.0529847 0.0477583 0.0495690 0.0316410 0.0316410 
Microbiotheriidae_Dromiciops_gliroides       0.0318289 0.0433046 0.0312564 0.0407368 0.0406241 0.0423555 0.0282701 0.0292444 0.0405517 0.0418893 0.0290691 0.0445932 0.0459549 0.0310841 0.0466189 0.0453456 0.0448215 0.0416554 0.0416705 0.0374175 0.0301796 0.0395638 0.0357995 0.0440347 0.0387284 0.0000000 0.0335254 0.0382545 0.0290151 0.0387813 0.0389970 0.0299224 0.0373712 0.0453497 0.0423778 0.0327012 0.0327012 
Pseudochiridae_Petauroides_volans            0.0260822 0.0360035 0.0258668 0.0366629 0.0370804 0.0385696 0.0226247 0.0218643 0.0363285 0.0395081 0.0216191 0.0441497 0.0441899 0.0242781 0.0396602 0.0444303 0.0434980 0.0407711 0.0397695 0.0328988 0.0141853 0.0463726 0.0407471 0.0392576 0.0355950 0.0335254 0.0000000 0.0352351 0.0159493 0.0267474 0.0275273 0.0240183 0.0338647 0.0435030 0.0400952 0.0420245 0.0420245 
Macropodidae_Wallabia_bicolor                0.0331318 0.0445439 0.0417940 0.0156562 0.0127454 0.0513961 0.0263472 0.0279531 0.0153365 0.0494280 0.0265839 0.0460972 0.0484120 0.0286227 0.0480223 0.0470804 0.0477890 0.0442081 0.0476535 0.0073083 0.0344521 0.0510297 0.0458606 0.0544738 0.0246150 0.0382545 0.0352351 0.0000000 0.0320672 0.0394190 0.0358587 0.0288322 0.0457165 0.0473240 0.0501819 0.0357761 0.0357761 
Pseudochiridae_Pseudocheirus_occidentalis    0.0262426 0.0395206 0.0257371 0.0338962 0.0345725 0.0388230 0.0225393 0.0229958 0.0347867 0.0410139 0.0211245 0.0426022 0.0434539 0.0236835 0.0356270 0.0433593 0.0421090 0.0409686 0.0400361 0.0303407 0.0099923 0.0418882 0.0383406 0.0400382 0.0329034 0.0290151 0.0159493 0.0320672 0.0000000 0.0237028 0.0261158 0.0234370 0.0310727 0.0430874 0.0417775 0.0358964 0.0358964 
Tarsipedidae_Tarsipes_rostratus              0.0346784 0.0538050 0.0405693 0.0422084 0.0422878 0.0553731 0.0326053 0.0328758 0.0442453 0.0485931 0.0314001 0.0509557 0.0539292 0.0333250 0.0430612 0.0515224 0.0502702 0.0510091 0.0488965 0.0400171 0.0280006 0.0481020 0.0438860 0.0584306 0.0429214 0.0387813 0.0267474 0.0394190 0.0237028 0.0000000 0.0355864 0.0340214 0.0482481 0.0515637 0.0490906 0.0425125 0.0425125 
Acrobatidae_Distoechurus_pennatus            0.0322064 0.0481812 0.0353071 0.0349473 0.0347926 0.0512181 0.0281626 0.0302080 0.0342420 0.0465737 0.0280113 0.0463604 0.0507241 0.0304259 0.0307298 0.0476144 0.0478971 0.0443235 0.0460715 0.0336399 0.0273903 0.0503230 0.0430558 0.0519446 0.0374071 0.0389970 0.0275273 0.0358587 0.0261158 0.0355864 0.0000000 0.0299514 0.0439234 0.0471207 0.0473714 0.0412705 0.0412705 
Phalangeridae_Phalanger_carmelitae           0.0244259 0.0375097 0.0293989 0.0293712 0.0291955 0.0454899 0.0088734 0.0048739 0.0301028 0.0418316 0.0050019 0.0443918 0.0449994 0.0017391 0.0395805 0.0444235 0.0432334 0.0396102 0.0418277 0.0262736 0.0248701 0.0402648 0.0356523 0.0478794 0.0313070 0.0299224 0.0240183 0.0288322 0.0234370 0.0340214 0.0299514 0.0000000 0.0400508 0.0431848 0.0426060 0.0315363 0.0315363 
Peramelidae_Peroryctes_raffrayana            0.0418499 0.0397635 0.0370521 0.0525943 0.0498768 0.0506567 0.0382589 0.0372891 0.0479171 0.0103310 0.0380888 0.0507384 0.0512957 0.0412103 0.0655515 0.0541952 0.0518363 0.0524497 0.0093831 0.0440612 0.0354686 0.0487882 0.0464379 0.0508823 0.0529847 0.0373712 0.0338647 0.0457165 0.0310727 0.0482481 0.0439234 0.0400508 0.0000000 0.0500346 0.0117147 9.0000000 9.0000000 
Dasyuridae_Dasyurus_geffroii                 0.0444888 0.0528722 0.0434471 0.0482246 0.0475412 0.0039469 0.0416513 0.0422260 0.0484014 0.0559885 0.0419284 0.0109036 0.0148679 0.0432175 0.0581476 0.0113210 0.0038930 0.0133775 0.0564715 0.0473165 0.0451469 0.0519307 0.0474505 0.0117108 0.0477583 0.0453497 0.0435030 0.0473240 0.0430874 0.0515637 0.0471207 0.0431848 0.0500346 0.0000000 0.0568346 0.0491082 0.0491082 
Peramelidae_Perameles_gunnii                 0.0436653 0.0404666 0.0362690 0.0518167 0.0501275 0.0523301 0.0412904 0.0418960 0.0514464 0.0013494 0.0399894 0.0552545 0.0571736 0.0426267 0.0596210 0.0565780 0.0570940 0.0523222 0.0101076 0.0503211 0.0451085 0.0497278 0.0478364 0.0518460 0.0495690 0.0423778 0.0400952 0.0501819 0.0417775 0.0490906 0.0473714 0.0426060 0.0117147 0.0568346 0.0000000 0.0507503 0.0507503 
Vombatidae_Vombatus_ursinus1                 0.0320764 9.0000000 9.0000000 0.0371508 0.0375403 9.0000000 0.0303454 0.0299559 0.0379709 0.0497243 0.0269150 0.0473389 0.0474855 0.0323634 0.0400688 0.0478068 0.0491749 0.0431504 0.0521237 0.0360055 0.0361250 0.0453418 0.0394411 9.0000000 0.0316410 0.0327012 0.0420245 0.0357761 0.0358964 0.0425125 0.0412705 0.0315363 9.0000000 0.0491082 0.0507503 0.0000000 0.0000010 
Vombatidae_Vombatus_ursinus2                 0.0320764 9.0000000 9.0000000 0.0371508 0.0375403 9.0000000 0.0303454 0.0299559 0.0379709 0.0497243 0.0269150 0.0473389 0.0474855 0.0323634 0.0400688 0.0478068 0.0491749 0.0431504 0.0521237 0.0360055 0.0361250 0.0453418 0.0394411 9.0000000 0.0316410 0.0327012 0.0420245 0.0357761 0.0358964 0.0425125 0.0412705 0.0315363 9.0000000 0.0491082 0.0507503 0.0000010 0.0000000 
