35
Burramyidae_Burramys_parvus                  0.0000000 0.0552548 0.0359659 0.0415436 0.0419795 0.0616746 0.0335109 0.0365588 0.0406739 0.0557635 0.0360463 0.0611252 0.0585681 0.0397917 0.0389540 0.0602755 0.0605748 0.0610608 0.0545608 0.0390610 0.0457853 0.0455053 0.0492549 0.0601264 0.0415420 0.0504064 0.0387041 0.0397060 0.0428296 0.0500700 0.0353799 0.0325172 0.0559720 0.0620561 0.0551997 
Notoryctidae_Notoryctes_typhlops             0.0552548 0.0000000 0.0581671 0.0637958 0.0649739 0.0749534 0.0613471 0.0646831 0.0620387 0.0669617 0.0636353 0.0732454 0.0693263 0.0697744 0.0628439 0.0735744 0.0736949 0.0714489 0.0666890 0.0609293 0.0701868 0.0513791 0.0548537 0.0728144 0.0661224 0.0623243 0.0628771 0.0600801 0.0679118 0.0719423 0.0608974 0.0605660 0.0688205 0.0740743 0.0670333 
Vombatidae_Lasiorhinus_latifrons             0.0359659 0.0581671 0.0000000 0.0401943 0.0406342 0.0588355 0.0364016 0.0396447 0.0396539 0.0548841 0.0389723 0.0576203 0.0558833 0.0445455 0.0414236 0.0575926 0.0578822 0.0572094 0.0546867 0.0371413 0.0478008 0.0398465 0.0440765 0.0571359 0.0407259 0.0475684 0.0387608 0.0371884 0.0451468 0.0493298 0.0381913 0.0359901 0.0562548 0.0595644 0.0551658 
Potoroidae_Bettongia_penicillata             0.0415436 0.0637958 0.0401943 0.0000000 0.0026785 0.0682533 0.0395061 0.0432685 0.0091793 0.0623263 0.0436969 0.0667500 0.0652895 0.0499125 0.0459383 0.0658790 0.0673280 0.0651571 0.0623465 0.0150148 0.0535782 0.0455473 0.0505740 0.0650471 0.0310247 0.0571751 0.0466041 0.0157086 0.0489507 0.0551982 0.0432176 0.0407635 0.0633943 0.0681130 0.0621693 
Potoroidae_Bettongia_lesueur                 0.0419795 0.0649739 0.0406342 0.0026785 0.0000000 0.0694480 0.0396367 0.0436931 0.0099407 0.0636986 0.0438291 0.0669291 0.0654668 0.0497284 0.0460771 0.0660571 0.0678526 0.0656729 0.0635170 0.0155364 0.0540346 0.0476428 0.0530406 0.0648850 0.0307304 0.0573476 0.0462941 0.0162331 0.0494339 0.0548616 0.0432050 0.0405936 0.0651843 0.0686371 0.0636764 
Dasyuridae_Dasyurus_maculatus                0.0616746 0.0749534 0.0588355 0.0682533 0.0694480 0.0000000 0.0640353 0.0665779 0.0654696 0.0715579 0.0653356 0.0163300 0.0196566 0.0743070 0.0677751 0.0159316 0.0061969 0.0206612 0.0727823 0.0650819 0.0736146 0.0494647 0.0534005 0.0163730 0.0697673 0.0674687 0.0696797 0.0649505 0.0737620 0.0790960 0.0661907 0.0634710 0.0729785 0.0057843 0.0719626 
Phalangeridae_Trichosurus_vulpecula          0.0335109 0.0613471 0.0364016 0.0395061 0.0396367 0.0640353 0.0000000 0.0172542 0.0392795 0.0597854 0.0174245 0.0610742 0.0604014 0.0228468 0.0382684 0.0615411 0.0627778 0.0619644 0.0587747 0.0361970 0.0467502 0.0404088 0.0429116 0.0619010 0.0416710 0.0492279 0.0383552 0.0385141 0.0437481 0.0463768 0.0378049 0.0142469 0.0618561 0.0640797 0.0598015 
Phalangeridae_Spilocuscus_maculatus          0.0365588 0.0646831 0.0396447 0.0432685 0.0436931 0.0665779 0.0172542 0.0000000 0.0419188 0.0618541 0.0138927 0.0651955 0.0634295 0.0182256 0.0419812 0.0651772 0.0656036 0.0647155 0.0607208 0.0397623 0.0483523 0.0384287 0.0419940 0.0647539 0.0436090 0.0510769 0.0413435 0.0424098 0.0458005 0.0486664 0.0406338 0.0100574 0.0622101 0.0664093 0.0615755 
Potoroidae_Aepyprymnus_rufescens             0.0406739 0.0620387 0.0396539 0.0091793 0.0099407 0.0654696 0.0392795 0.0419188 0.0000000 0.0628818 0.0414390 0.0640172 0.0625749 0.0483493 0.0442305 0.0631564 0.0643479 0.0634963 0.0629292 0.0133426 0.0508905 0.0442377 0.0496077 0.0621459 0.0295334 0.0553486 0.0446050 0.0148085 0.0468898 0.0531364 0.0417536 0.0388612 0.0635833 0.0648670 0.0627511 
Peramelidae_Perameles_nasuta                 0.0557635 0.0669617 0.0548841 0.0623263 0.0636986 0.0715579 0.0597854 0.0618541 0.0628818 0.0000000 0.0616630 0.0710607 0.0702979 0.0693638 0.0581148 0.0712194 0.0711854 0.0711908 0.0092491 0.0591007 0.0690707 0.0478286 0.0518384 0.0698695 0.0635601 0.0610845 0.0600168 0.0588015 0.0663407 0.0710149 0.0546556 0.0573448 0.0095226 0.0724996 0.0003767 
Phalangeridae_Strigocuscus_pelengensis       0.0360463 0.0636353 0.0389723 0.0436969 0.0438291 0.0653356 0.0174245 0.0138927 0.0414390 0.0616630 0.0000000 0.0628084 0.0612044 0.0178191 0.0414666 0.0631537 0.0640475 0.0634735 0.0614225 0.0404089 0.0499709 0.0410783 0.0434776 0.0620644 0.0438644 0.0507362 0.0425991 0.0423250 0.0460049 0.0488934 0.0386175 0.0097564 0.0631900 0.0650196 0.0622658 
Dasyuridae_Phascogale_tapoatafa              0.0611252 0.0732454 0.0576203 0.0667500 0.0669291 0.0163300 0.0610742 0.0651955 0.0640172 0.0710607 0.0628084 0.0000000 0.0191109 0.0710231 0.0653585 0.0023150 0.0164156 0.0198003 0.0717834 0.0638974 0.0704112 0.0484415 0.0524007 0.0071698 0.0663055 0.0678210 0.0662500 0.0639297 0.0706840 0.0777874 0.0646891 0.0609965 0.0713821 0.0164561 0.0715032 
Dasyuridae_Sminthopsis_macroura              0.0585681 0.0693263 0.0558833 0.0652895 0.0654668 0.0196566 0.0604014 0.0634295 0.0625749 0.0702979 0.0612044 0.0191109 0.0000000 0.0701681 0.0645136 0.0187065 0.0196246 0.0120372 0.0712798 0.0616859 0.0710884 0.0477476 0.0530492 0.0195559 0.0664513 0.0655184 0.0668096 0.0623356 0.0687073 0.0748904 0.0634629 0.0593654 0.0715655 0.0192556 0.0706247 
Phalangeridae_Phalanger_orientalis           0.0397917 0.0697744 0.0445455 0.0499125 0.0497284 0.0743070 0.0228468 0.0182256 0.0483493 0.0693638 0.0178191 0.0710231 0.0701681 0.0000000 0.0482055 0.0713550 0.0735683 0.0724350 0.0687391 0.0464144 0.0559361 0.0589380 0.0622724 0.0709764 0.0483871 0.0576426 0.0478529 0.0490337 0.0493231 0.0534849 0.0466577 0.0103090 0.0710144 0.0745476 0.0689107 
Acrobatidae_Acrobates_pygmaeus               0.0389540 0.0628439 0.0414236 0.0459383 0.0460771 0.0677751 0.0382684 0.0419812 0.0442305 0.0581148 0.0414666 0.0653585 0.0645136 0.0482055 0.0000000 0.0651682 0.0656123 0.0659519 0.0585579 0.0407563 0.0452339 0.0450443 0.0463888 0.0648360 0.0454163 0.0563531 0.0371582 0.0411776 0.0425206 0.0455196 0.0214125 0.0391968 0.0589771 0.0676332 0.0581485 
Dasyuridae_Phascogale_calura                 0.0602755 0.0735744 0.0575926 0.0658790 0.0660571 0.0159316 0.0615411 0.0651772 0.0631564 0.0712194 0.0631537 0.0023150 0.0187065 0.0713550 0.0651682 0.0000000 0.0158798 0.0195266 0.0719181 0.0630384 0.0699153 0.0469801 0.0516319 0.0067912 0.0659507 0.0684880 0.0655667 0.0630684 0.0697888 0.0775820 0.0638491 0.0613123 0.0719267 0.0159273 0.0716379 
Dasyuridae_Sarcophilus_harrisii              0.0605748 0.0736949 0.0578822 0.0673280 0.0678526 0.0061969 0.0627778 0.0656036 0.0643479 0.0711854 0.0640475 0.0164156 0.0196246 0.0735683 0.0656123 0.0158798 0.0000000 0.0200928 0.0727394 0.0646591 0.0719370 0.0501845 0.0530991 0.0167204 0.0674545 0.0675534 0.0682930 0.0640348 0.0707171 0.0774598 0.0646154 0.0625282 0.0725670 0.0064459 0.0710578 
Dasyuridae_Planigale_tenuirostris            0.0610608 0.0714489 0.0572094 0.0651571 0.0656729 0.0206612 0.0619644 0.0647155 0.0634963 0.0711908 0.0634735 0.0198003 0.0120372 0.0724350 0.0659519 0.0195266 0.0200928 0.0000000 0.0721971 0.0624043 0.0735905 0.0456217 0.0499271 0.0192718 0.0685824 0.0676756 0.0680864 0.0627698 0.0711847 0.0758365 0.0647879 0.0615805 0.0729014 0.0208055 0.0716711 
Peramelidae_Echymipera_kalubu                0.0545608 0.0666890 0.0546867 0.0623465 0.0635170 0.0727823 0.0587747 0.0607208 0.0629292 0.0092491 0.0614225 0.0717834 0.0712798 0.0687391 0.0585579 0.0719181 0.0727394 0.0721971 0.0000000 0.0595690 0.0702913 0.0496140 0.0533360 0.0713348 0.0630302 0.0616953 0.0611316 0.0598549 0.0696628 0.0693835 0.0543014 0.0568512 0.0081256 0.0738691 0.0094308 
Macropodidae_Dorcopsulus_vanheurni           0.0390610 0.0609293 0.0371413 0.0150148 0.0155364 0.0650819 0.0361970 0.0397623 0.0133426 0.0591007 0.0404089 0.0638974 0.0616859 0.0464144 0.0407563 0.0630384 0.0646591 0.0624043 0.0595690 0.0000000 0.0502525 0.0432600 0.0461675 0.0619270 0.0260053 0.0541401 0.0416884 0.0065438 0.0452306 0.0514594 0.0393368 0.0377345 0.0607943 0.0651302 0.0595685 
Pseudochiridae_Pseudochirulus_forbesi        0.0457853 0.0701868 0.0478008 0.0535782 0.0540346 0.0736146 0.0467502 0.0483523 0.0508905 0.0690707 0.0499709 0.0704112 0.0710884 0.0559361 0.0452339 0.0699153 0.0719370 0.0735905 0.0702913 0.0502525 0.0000000 0.0588178 0.0629492 0.0711022 0.0531028 0.0599226 0.0301680 0.0516241 0.0179477 0.0494871 0.0437090 0.0461301 0.0710347 0.0729172 0.0695914 
Didelphidae_Didelphis_virginiana             0.0455053 0.0513791 0.0398465 0.0455473 0.0476428 0.0494647 0.0404088 0.0384287 0.0442377 0.0478286 0.0410783 0.0484415 0.0477476 0.0589380 0.0450443 0.0469801 0.0501845 0.0456217 0.0496140 0.0432600 0.0588178 0.0000000 0.0196125 0.0460866 0.0451558 0.0471506 0.0466677 0.0443575 0.0626433 0.0529248 0.0446517 0.0387777 0.0501039 0.0501474 0.0494028 
Marmosidae_Monodelphis_domestica             0.0492549 0.0548537 0.0440765 0.0505740 0.0530406 0.0534005 0.0429116 0.0419940 0.0496077 0.0518384 0.0434776 0.0524007 0.0530492 0.0622724 0.0463888 0.0516319 0.0530991 0.0499271 0.0533360 0.0461675 0.0629492 0.0196125 0.0000000 0.0511459 0.0524296 0.0527483 0.0516129 0.0470176 0.0660183 0.0556542 0.0460617 0.0416219 0.0519580 0.0552286 0.0531311 
Dasyuridae_Antechinus_stuartii               0.0601264 0.0728144 0.0571359 0.0650471 0.0648850 0.0163730 0.0619010 0.0647539 0.0621459 0.0698695 0.0620644 0.0071698 0.0195559 0.0709764 0.0648360 0.0067912 0.0167204 0.0192718 0.0713348 0.0619270 0.0711022 0.0460866 0.0511459 0.0000000 0.0655118 0.0685851 0.0652309 0.0619539 0.0700866 0.0767328 0.0637113 0.0610122 0.0713002 0.0165051 0.0703301 
Hypsiprymnodontidae_Hypsiprymnodon_moschatus 0.0415420 0.0661224 0.0407259 0.0310247 0.0307304 0.0697673 0.0416710 0.0436090 0.0295334 0.0635601 0.0438644 0.0663055 0.0664513 0.0483871 0.0454163 0.0659507 0.0674545 0.0685824 0.0630302 0.0260053 0.0531028 0.0451558 0.0524296 0.0655118 0.0000000 0.0564738 0.0450093 0.0277148 0.0497846 0.0548657 0.0434114 0.0401919 0.0648314 0.0691228 0.0635269 
Microbiotheriidae_Dromiciops_gliroides       0.0504064 0.0623243 0.0475684 0.0571751 0.0573476 0.0674687 0.0492279 0.0510769 0.0553486 0.0610845 0.0507362 0.0678210 0.0655184 0.0576426 0.0563531 0.0684880 0.0675534 0.0676756 0.0616953 0.0541401 0.0599226 0.0471506 0.0527483 0.0685851 0.0564738 0.0000000 0.0527239 0.0555383 0.0593734 0.0634369 0.0531504 0.0471716 0.0635416 0.0688876 0.0603239 
Pseudochiridae_Petauroides_volans            0.0387041 0.0628771 0.0387608 0.0466041 0.0462941 0.0696797 0.0383552 0.0413435 0.0446050 0.0600168 0.0425991 0.0662500 0.0668096 0.0478529 0.0371582 0.0655667 0.0682930 0.0680864 0.0611316 0.0416884 0.0301680 0.0466677 0.0516129 0.0652309 0.0450093 0.0527239 0.0000000 0.0436121 0.0262536 0.0433536 0.0366352 0.0388421 0.0611795 0.0702631 0.0607976 
Macropodidae_Wallabia_bicolor                0.0397060 0.0600801 0.0371884 0.0157086 0.0162331 0.0649505 0.0385141 0.0424098 0.0148085 0.0588015 0.0423250 0.0639297 0.0623356 0.0490337 0.0411776 0.0630684 0.0640348 0.0627698 0.0598549 0.0065438 0.0516241 0.0443575 0.0470176 0.0619539 0.0277148 0.0555383 0.0436121 0.0000000 0.0461729 0.0518762 0.0402854 0.0394525 0.0601116 0.0650062 0.0593486 
Pseudochiridae_Pseudocheirus_occidentalis    0.0428296 0.0679118 0.0451468 0.0489507 0.0494339 0.0737620 0.0437481 0.0458005 0.0468898 0.0663407 0.0460049 0.0706840 0.0687073 0.0493231 0.0425206 0.0697888 0.0707171 0.0711847 0.0696628 0.0452306 0.0179477 0.0626433 0.0660183 0.0700866 0.0497846 0.0593734 0.0262536 0.0461729 0.0000000 0.0469258 0.0429514 0.0417980 0.0675626 0.0721137 0.0681052 
Tarsipedidae_Tarsipes_rostratus              0.0500700 0.0719423 0.0493298 0.0551982 0.0548616 0.0790960 0.0463768 0.0486664 0.0531364 0.0710149 0.0488934 0.0777874 0.0748904 0.0534849 0.0455196 0.0775820 0.0774598 0.0758365 0.0693835 0.0514594 0.0494871 0.0529248 0.0556542 0.0767328 0.0548657 0.0634369 0.0433536 0.0518762 0.0469258 0.0000000 0.0421002 0.0443063 0.0733162 0.0789730 0.0704084 
Acrobatidae_Distoechurus_pennatus            0.0353799 0.0608974 0.0381913 0.0432176 0.0432050 0.0661907 0.0378049 0.0406338 0.0417536 0.0546556 0.0386175 0.0646891 0.0634629 0.0466577 0.0214125 0.0638491 0.0646154 0.0647879 0.0543014 0.0393368 0.0437090 0.0446517 0.0460617 0.0637113 0.0434114 0.0531504 0.0366352 0.0402854 0.0429514 0.0421002 0.0000000 0.0374032 0.0546643 0.0662655 0.0547802 
Phalangeridae_Phalanger_carmelitae           0.0325172 0.0605660 0.0359901 0.0407635 0.0405936 0.0634710 0.0142469 0.0100574 0.0388612 0.0573448 0.0097564 0.0609965 0.0593654 0.0103090 0.0391968 0.0613123 0.0625282 0.0615805 0.0568512 0.0377345 0.0461301 0.0387777 0.0416219 0.0610122 0.0401919 0.0471716 0.0388421 0.0394525 0.0417980 0.0443063 0.0374032 0.0000000 0.0586328 0.0636709 0.0573628 
Peramelidae_Peroryctes_raffrayana            0.0559720 0.0688205 0.0562548 0.0633943 0.0651843 0.0729785 0.0618561 0.0622101 0.0635833 0.0095226 0.0631900 0.0713821 0.0715655 0.0710144 0.0589771 0.0719267 0.0725670 0.0729014 0.0081256 0.0607943 0.0710347 0.0501039 0.0519580 0.0713002 0.0648314 0.0635416 0.0611795 0.0601116 0.0675626 0.0733162 0.0546643 0.0586328 0.0000000 0.0737822 0.0093442 
Dasyuridae_Dasyurus_geffroii                 0.0620561 0.0740743 0.0595644 0.0681130 0.0686371 0.0057843 0.0640797 0.0664093 0.0648670 0.0724996 0.0650196 0.0164561 0.0192556 0.0745476 0.0676332 0.0159273 0.0064459 0.0208055 0.0738691 0.0651302 0.0729172 0.0501474 0.0552286 0.0165051 0.0691228 0.0688876 0.0702631 0.0650062 0.0721137 0.0789730 0.0662655 0.0636709 0.0737822 0.0000000 0.0727171 
Peramelidae_Perameles_gunnii                 0.0551997 0.0670333 0.0551658 0.0621693 0.0636764 0.0719626 0.0598015 0.0615755 0.0627511 0.0003767 0.0622658 0.0715032 0.0706247 0.0689107 0.0581485 0.0716379 0.0710578 0.0716711 0.0094308 0.0595685 0.0695914 0.0494028 0.0531311 0.0703301 0.0635269 0.0603239 0.0607976 0.0593486 0.0681052 0.0704084 0.0547802 0.0573628 0.0093442 0.0727171 0.0000000 
