194
I0185_86_Accipitridae_Buteo_jamaicensis                0.0000000 0.0449020 0.0431352 0.0410210 0.0492904 0.0430312 0.0516526 0.0335977 0.0435270 0.0569092 0.0561809 0.0316779 0.0511249 0.0405840 0.0482773 0.0488074 0.0347398 0.0192429 0.0484605 0.0241087 0.0466130 0.0304507 0.0515637 0.0253965 0.0271489 0.0235758 0.0444048 0.0289806 0.0569115 0.0578735 0.0623958 0.0275884 0.0481875 0.0472861 0.0468236 0.0476040 0.0427817 0.0596714 0.0488081 0.0536654 0.0490746 0.0642823 0.0496932 0.0468439 0.0805780 0.0804209 0.0770236 0.0586427 0.0557071 0.0417670 0.0464617 0.0331768 0.0504403 0.0473077 0.0264439 0.0422494 0.0472067 0.0491499 0.0442081 0.0334767 0.0284611 0.0487912 0.0426046 0.0291009 0.0301606 0.0654374 0.0475474 0.0530856 0.0428632 0.0278500 0.0339845 0.0579576 0.0515681 0.0357040 0.0545327 0.0558201 0.0518972 0.0471390 0.0326696 0.0290310 0.0453775 0.0537453 0.0350299 0.0067361 0.0297694 0.0410016 0.0441845 0.0496808 0.0518631 0.0252627 0.0213523 0.0496330 0.0653077 0.0435634 0.0397080 0.0338135 0.0235029 0.0472792 0.0347329 0.0504043 0.0551322 0.0250718 0.0548766 0.0275683 0.0220359 0.0268434 0.0514853 0.0414032 0.0539625 0.0307858 0.0288705 0.0350082 0.0433476 0.0628931 0.0307120 0.0442719 0.0611778 0.0300301 0.0228686 0.0537785 0.0476321 0.0274666 0.0553634 0.0578274 0.0420546 0.0253890 0.0171804 0.0254628 0.0488424 0.0405470 0.0393366 0.0549071 0.0253582 0.0565271 0.0316511 0.0360197 0.0242778 0.0402662 0.0565315 0.0570186 0.0318414 0.0550930 0.0318167 0.0426469 0.0363368 0.0241473 0.0278725 0.0442259 0.0299399 0.0802686 0.0478281 0.0358065 0.0255280 0.0506545 0.0641683 0.0479034 0.0477051 0.0217217 0.0283891 0.0301383 0.0312565 0.0287437 0.0334503 0.0407601 0.0457858 0.0444976 0.0339832 0.0434493 0.0490019 0.0490205 0.0328816 0.0839607 0.0283392 0.0409210 0.0504489 0.0577862 0.0260563 0.0169183 0.0240095 0.0295071 0.0617511 0.0276891 0.0572039 0.0564738 0.0500433 0.0469812 0.1248698 0.1182834 0.0510707 0.0629507 0.0577234 0.0416040 0.0359768 0.0516152 
I0186_111_Momotidae_Momotus_lessonii                   0.0449020 0.0000000 0.0602117 0.0594645 0.0659764 0.0599228 0.0679202 0.0524446 0.0610588 0.0600201 0.0722168 0.0501638 0.0705848 0.0568277 0.0594953 0.0665413 0.0546596 0.0396519 0.0679531 0.0449195 0.0656939 0.0505011 0.0681128 0.0460576 0.0474882 0.0433085 0.0621508 0.0474849 0.0736284 0.0758371 0.0782904 0.0476732 0.0669504 0.0653883 0.0628670 0.0632398 0.0603682 0.0780828 0.0674360 0.0717940 0.0682898 0.0818058 0.0677960 0.0660279 0.0965958 0.0971657 0.0949141 0.0755998 0.0703172 0.0445426 0.0660520 0.0523531 0.0673808 0.0664733 0.0468391 0.0609607 0.0671311 0.0679579 0.0618860 0.0513913 0.0478626 0.0676049 0.0615601 0.0489130 0.0496338 0.0825861 0.0663742 0.0716857 0.0624892 0.0488962 0.0520805 0.0758879 0.0704516 0.0527943 0.0696661 0.0743623 0.0696033 0.0657715 0.0527683 0.0484518 0.0647950 0.0689832 0.0508168 0.0461490 0.0502266 0.0592118 0.0453879 0.0638172 0.0648861 0.0457215 0.0422685 0.0653093 0.0829812 0.0617698 0.0581196 0.0527369 0.0433482 0.0671792 0.0462442 0.0694742 0.0705694 0.0442715 0.0731752 0.0479846 0.0458927 0.0446948 0.0690705 0.0492344 0.0708704 0.0495123 0.0491060 0.0533254 0.0616617 0.0792297 0.0514298 0.0645350 0.0791923 0.0506842 0.0429259 0.0712675 0.0661275 0.0482764 0.0751812 0.0766340 0.0596849 0.0463126 0.0486992 0.0451003 0.0666176 0.0583833 0.0577020 0.0753543 0.0452205 0.0706261 0.0520046 0.0528871 0.0444540 0.0602279 0.0683405 0.0750062 0.0509671 0.0717070 0.0520938 0.0607896 0.0551458 0.0446266 0.0483295 0.0628480 0.0494419 0.0968522 0.0653819 0.0557674 0.0444281 0.0667280 0.0823617 0.0657382 0.0671609 0.0422124 0.0482235 0.0497875 0.0505059 0.0492255 0.0525307 0.0611210 0.0642555 0.0628466 0.0539767 0.0603106 0.0668116 0.0682844 0.0525711 0.1027059 0.0489307 0.0587813 0.0679324 0.0749485 0.0465377 0.0474828 0.0441460 0.0500018 0.0795607 0.0486840 0.0747026 0.0743052 0.0689712 0.0644416 0.1412338 0.1325003 0.0701677 0.0796750 0.0754199 0.0598896 0.0517362 0.0691888 
I0187_115_Trogonidae_Trogon_elegans                    0.0431352 0.0602117 0.0000000 0.0562370 0.0625081 0.0187493 0.0659705 0.0508494 0.0577385 0.0724614 0.0696483 0.0479486 0.0664307 0.0565957 0.0627113 0.0637551 0.0513041 0.0371553 0.0637636 0.0428940 0.0615312 0.0482022 0.0668527 0.0439015 0.0450938 0.0412744 0.0576748 0.0457835 0.0709618 0.0719471 0.0758993 0.0454904 0.0640963 0.0619111 0.0605709 0.0614072 0.0564136 0.0732521 0.0641438 0.0696901 0.0646970 0.0809301 0.0653319 0.0615946 0.0951733 0.0935255 0.0919785 0.0725150 0.0706081 0.0557567 0.0622059 0.0499128 0.0652650 0.0626871 0.0444834 0.0589626 0.0626338 0.0635787 0.0585880 0.0500739 0.0457978 0.0638458 0.0589883 0.0459474 0.0474409 0.0812522 0.0627381 0.0689475 0.0598015 0.0468148 0.0516952 0.0727894 0.0683492 0.0517340 0.0679720 0.0721759 0.0669965 0.0618947 0.0497586 0.0468181 0.0600921 0.0664448 0.0484116 0.0439304 0.0467022 0.0569155 0.0595087 0.0646463 0.0656157 0.0433523 0.0404799 0.0645774 0.0811892 0.0595704 0.0561607 0.0505121 0.0409484 0.0649142 0.0515554 0.0671808 0.0679109 0.0435397 0.0702503 0.0450529 0.0446731 0.0440830 0.0642942 0.0568837 0.0654307 0.0470159 0.0454855 0.0509952 0.0596065 0.0784777 0.0491338 0.0623476 0.0766880 0.0494775 0.0406959 0.0677285 0.0624464 0.0462387 0.0694450 0.0743098 0.0575601 0.0445939 0.0472036 0.0425047 0.0629879 0.0556784 0.0555456 0.0715873 0.0431283 0.0704205 0.0490897 0.0510133 0.0426037 0.0570721 0.0699851 0.0734852 0.0493920 0.0688333 0.0497478 0.0591279 0.0521331 0.0423159 0.0458840 0.0593163 0.0472632 0.0943776 0.0618789 0.0520472 0.0436372 0.0639727 0.0805756 0.0633165 0.0630058 0.0399405 0.0461707 0.0467959 0.0478626 0.0469776 0.0513382 0.0574964 0.0640026 0.0596633 0.0506331 0.0585394 0.0637868 0.0642517 0.0493962 0.0993370 0.0464459 0.0547298 0.0656201 0.0739052 0.0441473 0.0455262 0.0427925 0.0471382 0.0777317 0.0466489 0.0690509 0.0717910 0.0642573 0.0611321 0.1387449 0.1310969 0.0656546 0.0754316 0.0716271 0.0571924 0.0516975 0.0649521 
I0188_135_Apodidae_Streptoprocne_zonaris               0.0410210 0.0594645 0.0562370 0.0000000 0.0602602 0.0564956 0.0642121 0.0473154 0.0542902 0.0708486 0.0700182 0.0446403 0.0655750 0.0566877 0.0605187 0.0610865 0.0470606 0.0349943 0.0613355 0.0376318 0.0593102 0.0435574 0.0628057 0.0408664 0.0410633 0.0385137 0.0555467 0.0421509 0.0687534 0.0720483 0.0742726 0.0426775 0.0605000 0.0587487 0.0484649 0.0489240 0.0543177 0.0722611 0.0614077 0.0671620 0.0604341 0.0766636 0.0628008 0.0584777 0.0927719 0.0938903 0.0909813 0.0716459 0.0690064 0.0545586 0.0574093 0.0483082 0.0623334 0.0589168 0.0403383 0.0563345 0.0605131 0.0602958 0.0552147 0.0446546 0.0422410 0.0619691 0.0215885 0.0441737 0.0412115 0.0775565 0.0597262 0.0669509 0.0568617 0.0420435 0.0470845 0.0708597 0.0661265 0.0469831 0.0662974 0.0692384 0.0638977 0.0588488 0.0469304 0.0438273 0.0580686 0.0660512 0.0459139 0.0418851 0.0429124 0.0557391 0.0586062 0.0643871 0.0621277 0.0402383 0.0378668 0.0510631 0.0764851 0.0546215 0.0538100 0.0469912 0.0385036 0.0624997 0.0498802 0.0649818 0.0671130 0.0401422 0.0687254 0.0421442 0.0424040 0.0410609 0.0623059 0.0556077 0.0651154 0.0454272 0.0423887 0.0481809 0.0577019 0.0739033 0.0452504 0.0588408 0.0730632 0.0436833 0.0380982 0.0655057 0.0600313 0.0418996 0.0683209 0.0718501 0.0553008 0.0407142 0.0440343 0.0386819 0.0609055 0.0231829 0.0544779 0.0686452 0.0405447 0.0695430 0.0454902 0.0425888 0.0384382 0.0539411 0.0694560 0.0692204 0.0438643 0.0660246 0.0453557 0.0539181 0.0483854 0.0385161 0.0430053 0.0569103 0.0435832 0.0893645 0.0605363 0.0485002 0.0402549 0.0627909 0.0769147 0.0608621 0.0604754 0.0363739 0.0425857 0.0445002 0.0439730 0.0441633 0.0473105 0.0534361 0.0587523 0.0575764 0.0466873 0.0558936 0.0622193 0.0616141 0.0452412 0.0971242 0.0439430 0.0518468 0.0619575 0.0712223 0.0401056 0.0426119 0.0387988 0.0451842 0.0745866 0.0434868 0.0696246 0.0695412 0.0635685 0.0590576 0.1356085 0.1274636 0.0645495 0.0760743 0.0710236 0.0527897 0.0505796 0.0628987 
I0189_225_Eurylaimidae_Smithornis_rufolateralis        0.0492904 0.0659764 0.0625081 0.0602602 0.0000000 0.0633893 0.0699446 0.0557640 0.0629121 0.0769137 0.0720667 0.0527888 0.0470135 0.0619265 0.0676493 0.0376882 0.0568159 0.0421592 0.0375742 0.0485860 0.0364434 0.0532856 0.0407583 0.0491877 0.0520327 0.0476763 0.0643627 0.0514072 0.0727695 0.0532964 0.0557001 0.0501279 0.0377852 0.0358476 0.0654866 0.0654952 0.0616234 0.0541719 0.0380123 0.0731039 0.0383510 0.0831001 0.0390892 0.0354168 0.0992764 0.0985393 0.0975303 0.0524249 0.0723448 0.0613369 0.0667858 0.0552397 0.0389276 0.0368317 0.0490442 0.0609293 0.0363389 0.0380856 0.0625077 0.0551732 0.0515848 0.0378571 0.0611958 0.0508314 0.0512098 0.0844541 0.0367609 0.0716892 0.0654044 0.0513147 0.0565782 0.0761093 0.0711260 0.0552936 0.0718307 0.0768819 0.0414243 0.0367866 0.0548312 0.0506777 0.0348033 0.0697829 0.0533543 0.0497732 0.0522329 0.0603660 0.0661781 0.0698181 0.0692855 0.0500830 0.0463770 0.0674517 0.0831170 0.0638452 0.0584879 0.0561403 0.0474431 0.0669688 0.0555730 0.0696298 0.0719577 0.0477730 0.0734844 0.0509181 0.0506736 0.0505860 0.0686123 0.0601989 0.0705127 0.0522023 0.0520084 0.0574551 0.0620719 0.0793605 0.0533246 0.0673312 0.0788587 0.0544732 0.0475844 0.0430269 0.0668254 0.0506680 0.0482856 0.0792824 0.0598062 0.0501578 0.0518713 0.0484789 0.0288617 0.0593363 0.0587000 0.0772246 0.0489446 0.0718946 0.0543687 0.0558235 0.0480775 0.0628648 0.0735847 0.0772855 0.0540228 0.0332580 0.0553015 0.0660505 0.0571170 0.0479937 0.0511025 0.0627617 0.0530174 0.0993614 0.0670248 0.0570744 0.0501141 0.0697162 0.0851194 0.0420621 0.0366252 0.0459867 0.0529869 0.0526662 0.0521410 0.0508297 0.0559096 0.0622627 0.0676387 0.0638884 0.0557408 0.0621104 0.0396173 0.0376910 0.0550406 0.1037216 0.0518983 0.0599749 0.0296384 0.0764166 0.0498629 0.0509371 0.0486468 0.0532427 0.0831759 0.0502851 0.0503628 0.0508678 0.0442139 0.0205543 0.1396538 0.1311984 0.0446496 0.0563250 0.0524278 0.0625834 0.0572897 0.0512597 
I0190_295_Trogonidae_Apaloderma_aequatoriale           0.0430312 0.0599228 0.0187493 0.0564956 0.0633893 0.0000000 0.0660587 0.0523188 0.0582808 0.0723725 0.0688123 0.0492203 0.0675799 0.0572280 0.0625808 0.0644263 0.0516299 0.0378252 0.0636454 0.0437005 0.0618999 0.0487097 0.0683687 0.0442984 0.0456575 0.0421295 0.0581375 0.0457343 0.0705622 0.0729993 0.0776143 0.0459770 0.0640927 0.0620227 0.0609473 0.0618806 0.0565048 0.0739654 0.0643575 0.0708016 0.0645865 0.0811510 0.0650366 0.0619178 0.0954984 0.0932947 0.0920573 0.0735319 0.0716361 0.0570007 0.0623261 0.0503915 0.0659083 0.0633245 0.0447431 0.0589806 0.0628990 0.0641962 0.0586182 0.0514291 0.0468818 0.0639116 0.0596013 0.0464213 0.0482117 0.0815242 0.0629831 0.0700428 0.0614634 0.0467337 0.0524866 0.0732028 0.0691432 0.0525414 0.0677141 0.0733597 0.0674442 0.0617338 0.0500415 0.0467736 0.0605756 0.0666325 0.0493304 0.0439320 0.0474591 0.0576584 0.0591738 0.0657955 0.0663487 0.0438794 0.0411005 0.0646446 0.0815125 0.0604037 0.0560796 0.0511877 0.0416417 0.0649504 0.0514868 0.0684482 0.0679799 0.0438244 0.0712980 0.0458805 0.0455799 0.0450532 0.0645329 0.0572677 0.0649225 0.0477083 0.0463084 0.0521397 0.0600753 0.0793946 0.0505689 0.0633985 0.0777308 0.0493897 0.0417965 0.0686170 0.0627214 0.0473251 0.0709683 0.0757338 0.0577565 0.0457067 0.0476154 0.0433508 0.0635240 0.0560070 0.0557748 0.0727685 0.0434902 0.0718104 0.0497403 0.0514209 0.0434121 0.0572439 0.0691316 0.0733905 0.0508568 0.0687156 0.0503123 0.0602433 0.0516685 0.0433779 0.0461313 0.0596152 0.0479180 0.0952205 0.0620503 0.0523800 0.0443730 0.0649750 0.0819390 0.0644493 0.0627703 0.0409854 0.0462903 0.0473737 0.0485934 0.0473210 0.0522426 0.0583502 0.0636907 0.0605518 0.0511292 0.0594216 0.0642277 0.0644561 0.0499492 0.0994849 0.0474091 0.0555781 0.0660109 0.0753427 0.0441348 0.0464324 0.0433042 0.0479139 0.0793445 0.0467320 0.0701780 0.0726989 0.0647706 0.0616589 0.1400677 0.1327283 0.0662894 0.0775915 0.0721546 0.0579028 0.0525697 0.0647537 
I0191_344_Indicatoridae_Indicator_exilis               0.0516526 0.0679202 0.0659705 0.0642121 0.0699446 0.0660587 0.0000000 0.0591029 0.0646446 0.0770096 0.0374707 0.0557237 0.0731779 0.0633974 0.0676815 0.0701184 0.0596211 0.0460305 0.0697562 0.0504505 0.0682897 0.0557436 0.0715816 0.0516453 0.0537041 0.0496318 0.0649828 0.0540698 0.0270274 0.0793145 0.0833045 0.0529690 0.0703989 0.0678545 0.0680859 0.0671639 0.0649803 0.0796787 0.0705336 0.0757917 0.0702128 0.0856144 0.0721017 0.0674080 0.0976836 0.0991380 0.0950819 0.0790212 0.0746934 0.0613017 0.0681397 0.0583382 0.0721275 0.0693456 0.0516776 0.0651711 0.0695147 0.0717679 0.0648422 0.0580189 0.0523583 0.0701978 0.0653982 0.0539345 0.0539545 0.0876008 0.0686346 0.0770058 0.0673753 0.0553198 0.0582844 0.0813409 0.0747859 0.0592144 0.0242663 0.0779627 0.0720285 0.0684970 0.0576595 0.0544206 0.0676166 0.0363310 0.0509139 0.0519192 0.0542941 0.0639832 0.0640338 0.0647772 0.0639810 0.0521138 0.0496184 0.0703080 0.0858833 0.0658830 0.0627281 0.0586657 0.0503689 0.0713318 0.0559794 0.0746316 0.0356376 0.0528339 0.0780379 0.0533374 0.0526815 0.0524556 0.0736802 0.0601725 0.0739723 0.0546769 0.0545050 0.0591469 0.0660838 0.0818022 0.0574895 0.0686386 0.0816837 0.0554606 0.0499260 0.0739266 0.0701307 0.0543067 0.0776250 0.0797016 0.0646921 0.0527107 0.0546320 0.0520134 0.0698128 0.0617446 0.0631447 0.0788491 0.0521548 0.0739499 0.0574327 0.0577356 0.0516290 0.0646897 0.0386203 0.0800763 0.0574136 0.0763966 0.0567764 0.0653204 0.0588572 0.0512867 0.0540114 0.0655207 0.0559762 0.0969156 0.0684421 0.0600270 0.0527996 0.0701758 0.0856812 0.0709202 0.0694972 0.0489863 0.0548219 0.0551131 0.0536667 0.0550016 0.0585817 0.0647430 0.0688845 0.0649382 0.0584068 0.0643820 0.0706205 0.0706654 0.0583066 0.1001944 0.0555351 0.0638470 0.0720338 0.0806036 0.0534197 0.0523771 0.0506865 0.0554140 0.0836498 0.0541296 0.0770408 0.0768262 0.0706623 0.0681863 0.1389212 0.1326611 0.0724866 0.0838909 0.0777377 0.0626484 0.0590162 0.0724881 
I0192_375_Musophagidae_Tauraco_macrorhynchus           0.0335977 0.0524446 0.0508494 0.0473154 0.0557640 0.0523188 0.0591029 0.0000000 0.0481324 0.0651988 0.0637675 0.0198094 0.0595000 0.0492064 0.0563310 0.0553837 0.0420379 0.0282889 0.0549063 0.0315984 0.0537489 0.0366688 0.0571067 0.0347780 0.0346490 0.0318337 0.0488473 0.0356781 0.0645001 0.0653111 0.0683348 0.0367432 0.0550374 0.0540926 0.0522251 0.0520999 0.0479246 0.0658582 0.0554576 0.0607706 0.0563450 0.0712390 0.0569142 0.0537257 0.0872061 0.0871091 0.0840217 0.0649902 0.0650714 0.0483309 0.0537723 0.0420422 0.0563752 0.0538947 0.0345375 0.0506896 0.0543152 0.0546738 0.0492107 0.0398266 0.0359426 0.0550110 0.0491545 0.0379366 0.0369584 0.0726490 0.0535482 0.0602780 0.0500508 0.0372877 0.0412916 0.0647357 0.0595478 0.0419364 0.0621560 0.0637073 0.0574614 0.0540781 0.0395370 0.0383202 0.0523620 0.0597966 0.0406050 0.0342885 0.0362195 0.0493286 0.0524173 0.0571738 0.0581710 0.0331052 0.0312835 0.0550485 0.0712709 0.0494716 0.0473193 0.0405999 0.0325683 0.0562226 0.0431257 0.0582161 0.0619690 0.0329595 0.0622380 0.0349446 0.0364715 0.0350498 0.0563005 0.0491362 0.0584753 0.0391901 0.0358390 0.0423306 0.0518466 0.0682642 0.0396597 0.0531050 0.0675228 0.0385387 0.0315074 0.0597651 0.0541785 0.0361983 0.0624326 0.0653837 0.0505530 0.0349890 0.0375178 0.0336553 0.0545289 0.0462306 0.0474102 0.0643988 0.0335011 0.0646844 0.0380881 0.0410595 0.0325459 0.0472156 0.0630090 0.0631768 0.0388840 0.0612241 0.0392754 0.0482395 0.0432882 0.0319356 0.0351252 0.0504629 0.0369431 0.0838235 0.0540795 0.0426562 0.0344403 0.0559650 0.0713906 0.0546987 0.0544622 0.0308248 0.0363053 0.0364561 0.0383035 0.0368953 0.0402870 0.0490119 0.0533729 0.0507181 0.0404812 0.0490189 0.0558047 0.0553353 0.0394241 0.0920274 0.0358868 0.0452296 0.0578333 0.0641501 0.0342997 0.0355533 0.0315586 0.0386400 0.0685818 0.0366035 0.0633232 0.0641776 0.0567118 0.0533591 0.1308741 0.1245645 0.0573342 0.0694157 0.0651355 0.0473811 0.0439794 0.0584969 
I0193_447_Columbidae_Treron_calvus                     0.0435270 0.0610588 0.0577385 0.0542902 0.0629121 0.0582808 0.0646446 0.0481324 0.0000000 0.0722759 0.0702075 0.0458488 0.0649600 0.0568678 0.0618372 0.0626754 0.0484205 0.0299857 0.0620578 0.0404941 0.0601823 0.0452167 0.0655061 0.0427322 0.0432981 0.0408548 0.0210479 0.0434431 0.0686090 0.0719925 0.0747710 0.0451199 0.0621665 0.0606765 0.0608616 0.0609354 0.0195877 0.0718821 0.0637522 0.0680296 0.0618147 0.0780009 0.0638674 0.0607524 0.0942823 0.0926627 0.0909287 0.0712923 0.0676663 0.0569902 0.0605978 0.0510579 0.0648958 0.0605158 0.0427444 0.0573892 0.0615538 0.0630848 0.0207248 0.0490125 0.0449611 0.0630650 0.0557226 0.0477261 0.0444983 0.0787039 0.0612192 0.0684684 0.0578147 0.0457704 0.0492957 0.0711109 0.0675812 0.0496929 0.0667350 0.0711127 0.0656133 0.0611845 0.0475545 0.0477086 0.0594460 0.0658148 0.0379654 0.0439414 0.0443885 0.0558387 0.0604371 0.0652382 0.0636869 0.0417559 0.0403698 0.0633775 0.0778273 0.0561420 0.0551852 0.0492734 0.0404592 0.0633747 0.0517858 0.0654869 0.0675782 0.0405967 0.0695954 0.0439889 0.0450826 0.0428994 0.0605161 0.0560045 0.0635867 0.0467396 0.0448845 0.0494076 0.0585102 0.0748968 0.0480001 0.0603655 0.0741480 0.0467743 0.0400682 0.0662673 0.0618820 0.0443891 0.0684824 0.0727272 0.0553172 0.0425593 0.0470683 0.0416880 0.0625680 0.0531519 0.0547243 0.0711964 0.0417251 0.0686491 0.0469690 0.0510886 0.0409370 0.0550452 0.0687925 0.0715804 0.0488833 0.0687892 0.0472332 0.0554735 0.0509531 0.0407576 0.0447058 0.0584728 0.0455043 0.0904895 0.0617967 0.0504699 0.0428069 0.0636599 0.0801582 0.0609765 0.0616058 0.0390195 0.0449271 0.0452894 0.0466475 0.0467967 0.0495298 0.0574781 0.0612350 0.0595545 0.0479156 0.0577204 0.0635160 0.0625295 0.0462208 0.0983586 0.0451372 0.0172257 0.0647635 0.0711064 0.0421911 0.0456056 0.0407934 0.0470030 0.0768288 0.0461915 0.0687115 0.0703822 0.0630443 0.0615356 0.1373869 0.1304800 0.0645022 0.0747368 0.0706823 0.0531985 0.0524763 0.0643911 
I0194_495_Alcedinidae_Alcedo_quadribrachys             0.0569092 0.0600201 0.0724614 0.0708486 0.0769137 0.0723725 0.0770096 0.0651988 0.0722759 0.0000000 0.0812658 0.0626021 0.0778461 0.0693649 0.0670832 0.0750578 0.0651996 0.0525142 0.0752697 0.0564057 0.0731950 0.0622261 0.0777522 0.0582610 0.0598952 0.0559081 0.0728464 0.0581187 0.0816085 0.0834025 0.0855843 0.0588248 0.0762065 0.0734382 0.0744059 0.0745603 0.0712661 0.0842009 0.0748086 0.0824019 0.0763515 0.0896482 0.0772579 0.0749579 0.1069174 0.1067049 0.1050626 0.0817880 0.0839304 0.0591911 0.0730619 0.0642195 0.0758082 0.0748611 0.0586392 0.0718958 0.0758507 0.0744723 0.0731276 0.0643662 0.0608609 0.0745631 0.0716179 0.0609559 0.0605173 0.0913116 0.0733634 0.0812856 0.0739525 0.0607714 0.0639422 0.0850595 0.0800924 0.0644108 0.0790738 0.0876330 0.0774749 0.0752769 0.0632392 0.0613692 0.0738426 0.0784816 0.0589827 0.0576438 0.0613451 0.0708239 0.0455942 0.0748859 0.0757399 0.0582042 0.0558163 0.0763886 0.0908964 0.0705184 0.0694545 0.0660861 0.0563263 0.0776266 0.0576891 0.0802439 0.0798987 0.0579523 0.0826406 0.0599626 0.0583471 0.0593441 0.0813054 0.0622658 0.0827321 0.0614346 0.0595341 0.0656501 0.0725068 0.0891137 0.0636845 0.0761601 0.0875332 0.0637171 0.0554888 0.0778414 0.0752606 0.0615014 0.0801378 0.0892356 0.0713728 0.0590447 0.0604672 0.0576604 0.0752686 0.0704522 0.0691605 0.0862937 0.0575178 0.0838125 0.0633533 0.0635244 0.0571801 0.0697683 0.0783566 0.0828585 0.0631698 0.0817604 0.0643553 0.0712940 0.0660330 0.0571987 0.0606114 0.0727081 0.0623367 0.1044574 0.0749106 0.0663908 0.0592975 0.0748547 0.0961374 0.0740997 0.0754628 0.0553127 0.0616074 0.0614253 0.0629363 0.0609976 0.0641727 0.0709964 0.0748474 0.0735715 0.0630552 0.0711971 0.0743097 0.0757218 0.0629086 0.1121812 0.0614326 0.0693316 0.0776551 0.0853349 0.0593034 0.0579094 0.0574904 0.0625743 0.0915823 0.0604633 0.0802380 0.0825413 0.0755001 0.0751648 0.1483369 0.1408301 0.0780020 0.0861769 0.0824279 0.0705190 0.0642360 0.0788973 
I0195_522_Ramphastidae_Buccanodon_duchaillui           0.0561809 0.0722168 0.0696483 0.0700182 0.0720667 0.0688123 0.0374707 0.0637675 0.0702075 0.0812658 0.0000000 0.0610343 0.0761686 0.0676754 0.0724542 0.0717325 0.0638278 0.0516504 0.0728863 0.0560412 0.0704767 0.0604485 0.0751771 0.0571124 0.0583873 0.0554129 0.0695186 0.0591889 0.0405208 0.0824255 0.0855132 0.0596008 0.0724107 0.0699821 0.0724117 0.0724264 0.0692820 0.0829380 0.0732575 0.0803562 0.0732446 0.0892247 0.0739430 0.0703724 0.1016032 0.1021559 0.0981581 0.0813967 0.0764846 0.0668714 0.0743356 0.0635834 0.0753286 0.0711439 0.0561311 0.0703254 0.0710735 0.0736424 0.0701003 0.0637259 0.0588044 0.0726895 0.0695344 0.0605375 0.0594301 0.0911296 0.0717950 0.0802840 0.0736022 0.0609146 0.0622593 0.0852288 0.0800073 0.0630046 0.0382027 0.0843157 0.0760108 0.0712976 0.0627392 0.0605756 0.0700815 0.0279018 0.0552941 0.0563040 0.0601802 0.0683452 0.0693008 0.0683232 0.0679586 0.0570743 0.0546868 0.0744425 0.0899251 0.0707877 0.0673104 0.0644677 0.0549369 0.0763706 0.0612245 0.0787447 0.0262906 0.0574331 0.0818901 0.0592251 0.0591920 0.0578468 0.0781652 0.0641780 0.0780430 0.0597562 0.0601077 0.0637835 0.0715113 0.0866142 0.0623697 0.0750936 0.0856415 0.0612729 0.0552300 0.0771493 0.0745468 0.0598985 0.0797703 0.0841767 0.0689904 0.0575388 0.0593632 0.0567467 0.0740418 0.0671024 0.0682787 0.0828871 0.0570694 0.0783734 0.0621709 0.0621459 0.0561424 0.0696784 0.0318660 0.0855074 0.0627158 0.0787322 0.0624440 0.0700121 0.0639211 0.0562293 0.0597571 0.0700434 0.0604420 0.1001674 0.0722733 0.0650778 0.0576257 0.0736404 0.0904975 0.0730818 0.0711404 0.0541435 0.0593694 0.0606124 0.0591578 0.0605655 0.0635252 0.0713124 0.0751081 0.0698952 0.0631068 0.0695046 0.0726522 0.0728986 0.0624223 0.1040060 0.0603621 0.0690542 0.0748822 0.0837387 0.0577069 0.0583970 0.0564782 0.0604576 0.0886521 0.0592840 0.0794811 0.0807435 0.0729818 0.0714678 0.1435782 0.1376657 0.0752886 0.0860235 0.0808309 0.0679736 0.0637563 0.0768363 
I0196_523_Musophagidae_Corythaeola_cristata            0.0316779 0.0501638 0.0479486 0.0446403 0.0527888 0.0492203 0.0557237 0.0198094 0.0458488 0.0626021 0.0610343 0.0000000 0.0579783 0.0465155 0.0529537 0.0532593 0.0391981 0.0254698 0.0538844 0.0290579 0.0521486 0.0343713 0.0552752 0.0308921 0.0322621 0.0288372 0.0463892 0.0334907 0.0609259 0.0643828 0.0671059 0.0337136 0.0527548 0.0520581 0.0489292 0.0493028 0.0461317 0.0645062 0.0532973 0.0587106 0.0539628 0.0692558 0.0547457 0.0522629 0.0838109 0.0850726 0.0816890 0.0637618 0.0613915 0.0460056 0.0500857 0.0397481 0.0547179 0.0522316 0.0318125 0.0482119 0.0527621 0.0532556 0.0474914 0.0377121 0.0336183 0.0540164 0.0462865 0.0350896 0.0342872 0.0708883 0.0522325 0.0577954 0.0475116 0.0331583 0.0384124 0.0625560 0.0564495 0.0397343 0.0581267 0.0604411 0.0561300 0.0516922 0.0369122 0.0357089 0.0500241 0.0568790 0.0372978 0.0322629 0.0336042 0.0464358 0.0486235 0.0543539 0.0543737 0.0303153 0.0282082 0.0520950 0.0695703 0.0474239 0.0449058 0.0374653 0.0286643 0.0530023 0.0403533 0.0548752 0.0579550 0.0294283 0.0589423 0.0320925 0.0327715 0.0311913 0.0536218 0.0461825 0.0551040 0.0355157 0.0330707 0.0395493 0.0493612 0.0665108 0.0368567 0.0501821 0.0652891 0.0350032 0.0283459 0.0570136 0.0509414 0.0335921 0.0600946 0.0625974 0.0478306 0.0317955 0.0345839 0.0302063 0.0527813 0.0438358 0.0444875 0.0607518 0.0305924 0.0611795 0.0363545 0.0380588 0.0291749 0.0439321 0.0600127 0.0603054 0.0371178 0.0588958 0.0375174 0.0457304 0.0404483 0.0287034 0.0321291 0.0466114 0.0343333 0.0825212 0.0513479 0.0400698 0.0311506 0.0538407 0.0682645 0.0523885 0.0533255 0.0274922 0.0335311 0.0340837 0.0354950 0.0338928 0.0369124 0.0454725 0.0495608 0.0477139 0.0386483 0.0459049 0.0537899 0.0543178 0.0375360 0.0886005 0.0326057 0.0435587 0.0555094 0.0615712 0.0308379 0.0333082 0.0286981 0.0363169 0.0659555 0.0336436 0.0619105 0.0624969 0.0556492 0.0519569 0.1261590 0.1208423 0.0563956 0.0680119 0.0625190 0.0441225 0.0411382 0.0555421 
I0197_832_Corvidae_Corvus_albus                        0.0511249 0.0705848 0.0664307 0.0655750 0.0470135 0.0675799 0.0731779 0.0595000 0.0649600 0.0778461 0.0761686 0.0579783 0.0000000 0.0668179 0.0707157 0.0468529 0.0598443 0.0465008 0.0453013 0.0514513 0.0441894 0.0567326 0.0490720 0.0528724 0.0557678 0.0517795 0.0668369 0.0548537 0.0753090 0.0300932 0.0336284 0.0535094 0.0452607 0.0433285 0.0708882 0.0706746 0.0643925 0.0312413 0.0468643 0.0765402 0.0460518 0.0869539 0.0466439 0.0427430 0.1041817 0.1023549 0.1008401 0.0301363 0.0777378 0.0639910 0.0686571 0.0578388 0.0482977 0.0438678 0.0532707 0.0640677 0.0431130 0.0464513 0.0659407 0.0583917 0.0547528 0.0458169 0.0654635 0.0546041 0.0554467 0.0883594 0.0437611 0.0759401 0.0700395 0.0563234 0.0601416 0.0799332 0.0749983 0.0583455 0.0745824 0.0813985 0.0497586 0.0440063 0.0599042 0.0544629 0.0422080 0.0738782 0.0547571 0.0520827 0.0562412 0.0626173 0.0683876 0.0732914 0.0720231 0.0537105 0.0503347 0.0731712 0.0867999 0.0667255 0.0618484 0.0601331 0.0513954 0.0718925 0.0599082 0.0728740 0.0757415 0.0522455 0.0784486 0.0542222 0.0535783 0.0541327 0.0722463 0.0624175 0.0737637 0.0569969 0.0553478 0.0609987 0.0647167 0.0829780 0.0580629 0.0714595 0.0826891 0.0589546 0.0514785 0.0509071 0.0712172 0.0550895 0.0349928 0.0838827 0.0631625 0.0541487 0.0562388 0.0525747 0.0495289 0.0644715 0.0635118 0.0814057 0.0526311 0.0778142 0.0584684 0.0603925 0.0521865 0.0674034 0.0761225 0.0811611 0.0582249 0.0560727 0.0578263 0.0661821 0.0603443 0.0520880 0.0555050 0.0676201 0.0567547 0.0988689 0.0699884 0.0603207 0.0541478 0.0720316 0.0899642 0.0322960 0.0436295 0.0500764 0.0557448 0.0568262 0.0565832 0.0561601 0.0603475 0.0664613 0.0709688 0.0683987 0.0589974 0.0667921 0.0476143 0.0456662 0.0589764 0.1065471 0.0561071 0.0630359 0.0496350 0.0808054 0.0540707 0.0547985 0.0522142 0.0567688 0.0878105 0.0555193 0.0294344 0.0282513 0.0135187 0.0467771 0.1441640 0.1369140 0.0322370 0.0346900 0.0296387 0.0658032 0.0618456 0.0538632 
I0198_937_Bucerotidae_Tockus_camurus                   0.0405840 0.0568277 0.0565957 0.0566877 0.0619265 0.0572280 0.0633974 0.0492064 0.0568678 0.0693649 0.0676754 0.0465155 0.0668179 0.0000000 0.0613213 0.0603193 0.0509411 0.0363049 0.0622918 0.0404987 0.0603865 0.0440925 0.0635570 0.0411036 0.0440533 0.0388405 0.0584575 0.0437164 0.0683181 0.0738579 0.0752781 0.0440849 0.0621228 0.0612110 0.0602233 0.0597356 0.0573445 0.0722458 0.0614640 0.0683964 0.0625511 0.0793231 0.0637861 0.0607954 0.0934044 0.0920915 0.0900695 0.0716498 0.0629949 0.0537712 0.0601129 0.0479334 0.0633747 0.0616826 0.0417128 0.0574378 0.0611773 0.0618017 0.0579350 0.0472844 0.0427953 0.0634186 0.0580494 0.0447309 0.0451394 0.0799673 0.0609949 0.0680964 0.0586711 0.0437056 0.0495113 0.0712656 0.0658402 0.0499403 0.0652786 0.0701130 0.0645981 0.0608397 0.0480195 0.0447262 0.0592221 0.0650060 0.0469916 0.0416988 0.0440822 0.0563675 0.0552784 0.0620534 0.0629005 0.0407759 0.0390055 0.0620981 0.0787642 0.0571738 0.0550251 0.0487249 0.0395934 0.0618717 0.0478730 0.0645285 0.0660914 0.0404731 0.0688827 0.0432022 0.0424956 0.0421680 0.0662913 0.0540661 0.0692686 0.0452261 0.0437693 0.0506700 0.0584158 0.0759709 0.0466529 0.0605857 0.0756816 0.0465298 0.0388938 0.0664508 0.0627718 0.0437640 0.0705218 0.0728875 0.0571289 0.0424121 0.0444991 0.0409363 0.0628557 0.0548822 0.0548620 0.0697286 0.0415677 0.0636770 0.0462490 0.0496505 0.0397875 0.0562804 0.0678485 0.0706203 0.0477837 0.0676435 0.0465470 0.0571032 0.0506006 0.0396484 0.0441723 0.0590139 0.0446451 0.0948141 0.0616790 0.0511274 0.0414240 0.0643259 0.0772330 0.0617734 0.0618450 0.0380347 0.0448762 0.0462112 0.0443868 0.0440079 0.0486730 0.0554690 0.0592159 0.0592069 0.0495297 0.0577871 0.0616245 0.0630145 0.0485468 0.0974492 0.0441284 0.0552827 0.0642181 0.0726034 0.0421396 0.0426783 0.0405864 0.0457353 0.0739995 0.0438487 0.0714595 0.0705852 0.0653605 0.0607877 0.1332642 0.1275133 0.0657974 0.0771994 0.0716902 0.0560881 0.0223173 0.0648255 
I0199_955_Meropidae_Merops_muelleri                    0.0482773 0.0594953 0.0627113 0.0605187 0.0676493 0.0625808 0.0676815 0.0563310 0.0618372 0.0670832 0.0724542 0.0529537 0.0707157 0.0613213 0.0000000 0.0653372 0.0555781 0.0427605 0.0673301 0.0472685 0.0655414 0.0512830 0.0682263 0.0483405 0.0509066 0.0471871 0.0626367 0.0510790 0.0720524 0.0766379 0.0792323 0.0503231 0.0670354 0.0661066 0.0662933 0.0645034 0.0616266 0.0772613 0.0673480 0.0735785 0.0682619 0.0841672 0.0694617 0.0660888 0.0989927 0.0996586 0.0968556 0.0760416 0.0740361 0.0531163 0.0653671 0.0546489 0.0678329 0.0667910 0.0493683 0.0630906 0.0663445 0.0670054 0.0637834 0.0550325 0.0511904 0.0670832 0.0621785 0.0520587 0.0519107 0.0846269 0.0660287 0.0729870 0.0650256 0.0516757 0.0563772 0.0764864 0.0723947 0.0558394 0.0698872 0.0771785 0.0696384 0.0656829 0.0549600 0.0523386 0.0643752 0.0697269 0.0511330 0.0492002 0.0513799 0.0624865 0.0571040 0.0668119 0.0647712 0.0483926 0.0456050 0.0683571 0.0845167 0.0637520 0.0593871 0.0566091 0.0461119 0.0684941 0.0488180 0.0708692 0.0713788 0.0482014 0.0743050 0.0507441 0.0500397 0.0495903 0.0712916 0.0521002 0.0730701 0.0531079 0.0519920 0.0561795 0.0642259 0.0807019 0.0543382 0.0656005 0.0802586 0.0544021 0.0466461 0.0699858 0.0682047 0.0512650 0.0728732 0.0790028 0.0622856 0.0494498 0.0522610 0.0482866 0.0663829 0.0586820 0.0612115 0.0769562 0.0483199 0.0738124 0.0528699 0.0560263 0.0474185 0.0608238 0.0708566 0.0760955 0.0545844 0.0730925 0.0537361 0.0624789 0.0572932 0.0475251 0.0506132 0.0651336 0.0519928 0.0976585 0.0662496 0.0576968 0.0490771 0.0680112 0.0839110 0.0655140 0.0670516 0.0453201 0.0512350 0.0523191 0.0528545 0.0515492 0.0551135 0.0619015 0.0667617 0.0659979 0.0548354 0.0628035 0.0656709 0.0669072 0.0540937 0.1038226 0.0515400 0.0594984 0.0693531 0.0779021 0.0495393 0.0500228 0.0470049 0.0518895 0.0811802 0.0510635 0.0739172 0.0751983 0.0682873 0.0657169 0.1424156 0.1339765 0.0688225 0.0796746 0.0745825 0.0614743 0.0564314 0.0687504 
I0200_988_Furnariidae_Furnarius_rufus                  0.0488074 0.0665413 0.0637551 0.0610865 0.0376882 0.0644263 0.0701184 0.0553837 0.0626754 0.0750578 0.0717325 0.0532593 0.0468529 0.0603193 0.0653372 0.0000000 0.0570482 0.0423966 0.0339766 0.0466061 0.0322928 0.0532951 0.0305316 0.0488078 0.0508263 0.0474597 0.0635669 0.0506494 0.0746040 0.0536096 0.0553584 0.0492619 0.0344775 0.0332670 0.0661386 0.0663486 0.0616513 0.0540001 0.0168109 0.0719869 0.0337180 0.0810350 0.0356976 0.0323123 0.0989746 0.0986876 0.0979810 0.0524408 0.0722978 0.0595873 0.0643182 0.0539946 0.0289429 0.0331302 0.0487516 0.0614874 0.0318532 0.0150504 0.0622133 0.0546070 0.0508338 0.0342170 0.0617304 0.0503946 0.0504984 0.0812488 0.0325147 0.0721317 0.0641696 0.0510085 0.0559150 0.0757226 0.0713128 0.0556088 0.0724007 0.0766167 0.0310303 0.0332531 0.0541743 0.0503013 0.0317790 0.0699690 0.0526371 0.0493655 0.0521252 0.0601451 0.0646809 0.0695871 0.0693372 0.0495259 0.0458689 0.0683999 0.0820412 0.0629444 0.0587818 0.0550305 0.0472644 0.0669230 0.0557937 0.0688958 0.0717750 0.0482209 0.0733507 0.0496975 0.0508168 0.0489667 0.0682411 0.0592197 0.0706730 0.0516164 0.0503601 0.0567473 0.0620982 0.0784230 0.0537097 0.0663409 0.0779974 0.0545627 0.0468716 0.0326801 0.0668711 0.0507540 0.0485476 0.0791608 0.0602718 0.0497668 0.0507756 0.0481152 0.0396882 0.0594604 0.0591984 0.0771551 0.0490616 0.0726556 0.0543131 0.0562221 0.0475866 0.0616015 0.0717564 0.0761080 0.0538930 0.0441525 0.0549051 0.0636941 0.0560119 0.0478037 0.0513008 0.0630274 0.0529225 0.0995293 0.0659732 0.0564052 0.0493086 0.0683181 0.0834919 0.0414915 0.0323304 0.0451343 0.0504773 0.0523094 0.0519084 0.0512246 0.0559987 0.0610941 0.0649360 0.0634536 0.0559302 0.0621960 0.0275715 0.0343810 0.0550890 0.1036632 0.0518179 0.0599797 0.0395286 0.0750247 0.0494029 0.0506202 0.0475133 0.0522379 0.0829574 0.0504797 0.0497380 0.0511709 0.0445322 0.0367924 0.1380583 0.1306935 0.0454271 0.0566396 0.0521259 0.0622265 0.0564377 0.0508353 
I0201_999_Scolopacidae_Tringa_solitaria                0.0347398 0.0546596 0.0513041 0.0470606 0.0568159 0.0516299 0.0596211 0.0420379 0.0484205 0.0651996 0.0638278 0.0391981 0.0598443 0.0509411 0.0555781 0.0570482 0.0000000 0.0295248 0.0565127 0.0327275 0.0544471 0.0301387 0.0594478 0.0353138 0.0299489 0.0327981 0.0496750 0.0312457 0.0623895 0.0658891 0.0695050 0.0374842 0.0570593 0.0546112 0.0518879 0.0525559 0.0479842 0.0673402 0.0573003 0.0610238 0.0570326 0.0709049 0.0577299 0.0551112 0.0851597 0.0867562 0.0843709 0.0652824 0.0649866 0.0487773 0.0525618 0.0422559 0.0583895 0.0555148 0.0347791 0.0505873 0.0558997 0.0575857 0.0494553 0.0420408 0.0360287 0.0565989 0.0485626 0.0390767 0.0369766 0.0722902 0.0555603 0.0610729 0.0504459 0.0365128 0.0414157 0.0644264 0.0596247 0.0434802 0.0612004 0.0643329 0.0597363 0.0551191 0.0410039 0.0390143 0.0539139 0.0606470 0.0418244 0.0353864 0.0290970 0.0494530 0.0528128 0.0582089 0.0583978 0.0333671 0.0323686 0.0544492 0.0702969 0.0301057 0.0477765 0.0421073 0.0320451 0.0563432 0.0439918 0.0583908 0.0619174 0.0327080 0.0622546 0.0309277 0.0366357 0.0348479 0.0568605 0.0503388 0.0581993 0.0397632 0.0311893 0.0418919 0.0520163 0.0676933 0.0388734 0.0534362 0.0665805 0.0379054 0.0320991 0.0607066 0.0546573 0.0366757 0.0620052 0.0667417 0.0496309 0.0351664 0.0383245 0.0338050 0.0566179 0.0456802 0.0482505 0.0645321 0.0339211 0.0653189 0.0312949 0.0416375 0.0330776 0.0486125 0.0631887 0.0640865 0.0407723 0.0632106 0.0309056 0.0303860 0.0433944 0.0329310 0.0363973 0.0506796 0.0293789 0.0766783 0.0553936 0.0422195 0.0347553 0.0568222 0.0737136 0.0552163 0.0564123 0.0308572 0.0369022 0.0383200 0.0381319 0.0388619 0.0411012 0.0490187 0.0526055 0.0515113 0.0122047 0.0497692 0.0567670 0.0566294 0.0132045 0.0906587 0.0370605 0.0460181 0.0584072 0.0637271 0.0348752 0.0364579 0.0328689 0.0402974 0.0697831 0.0384297 0.0641914 0.0650139 0.0579503 0.0543406 0.1313014 0.1239707 0.0592031 0.0686120 0.0646911 0.0292131 0.0460893 0.0576591 
I0202_1066_Cathartidae_Cathartes_burrovianus           0.0192429 0.0396519 0.0371553 0.0349943 0.0421592 0.0378252 0.0460305 0.0282889 0.0299857 0.0525142 0.0516504 0.0254698 0.0465008 0.0363049 0.0427605 0.0423966 0.0295248 0.0000000 0.0432260 0.0181876 0.0413977 0.0247818 0.0446464 0.0207197 0.0213876 0.0179278 0.0329778 0.0233579 0.0520845 0.0526108 0.0563017 0.0223901 0.0433025 0.0414541 0.0399692 0.0401532 0.0321896 0.0541678 0.0429512 0.0477527 0.0428536 0.0593293 0.0442771 0.0413604 0.0751482 0.0748301 0.0720721 0.0526748 0.0497334 0.0353393 0.0403198 0.0274088 0.0441424 0.0420457 0.0214321 0.0364706 0.0421129 0.0426698 0.0336908 0.0270863 0.0232298 0.0433873 0.0367703 0.0238756 0.0245611 0.0600446 0.0423203 0.0479959 0.0363687 0.0221051 0.0288182 0.0520870 0.0465269 0.0291598 0.0492004 0.0505595 0.0453943 0.0415213 0.0269698 0.0236671 0.0401652 0.0485594 0.0294064 0.0199093 0.0243558 0.0355029 0.0387006 0.0433278 0.0451464 0.0195875 0.0050589 0.0421404 0.0593557 0.0377933 0.0340720 0.0283587 0.0179743 0.0422981 0.0296978 0.0450733 0.0490638 0.0195764 0.0486755 0.0220354 0.0204476 0.0206765 0.0442715 0.0366402 0.0473740 0.0250196 0.0230881 0.0287846 0.0382823 0.0568497 0.0251639 0.0388768 0.0555556 0.0240231 0.0171902 0.0474445 0.0417990 0.0218003 0.0493983 0.0526612 0.0361428 0.0206851 0.0231334 0.0193365 0.0438071 0.0336622 0.0342610 0.0509951 0.0200921 0.0511114 0.0263415 0.0296780 0.0184393 0.0346702 0.0514410 0.0501440 0.0267569 0.0486631 0.0262299 0.0362397 0.0302470 0.0179168 0.0225375 0.0375703 0.0247678 0.0752519 0.0415469 0.0294773 0.0200856 0.0436676 0.0598103 0.0417530 0.0427125 0.0162297 0.0227223 0.0244989 0.0250783 0.0226158 0.0276728 0.0347155 0.0385818 0.0380797 0.0285257 0.0367897 0.0434437 0.0435129 0.0271604 0.0803504 0.0230088 0.0302199 0.0448256 0.0518766 0.0199458 0.0208810 0.0179141 0.0244986 0.0552865 0.0221283 0.0511746 0.0514719 0.0448787 0.0417845 0.1171423 0.1112459 0.0460887 0.0564261 0.0520014 0.0353738 0.0305021 0.0450787 
I0203_1087_Tyrannidae_Hymenops_perspicillatus          0.0484605 0.0679531 0.0637636 0.0613355 0.0375742 0.0636454 0.0697562 0.0549063 0.0620578 0.0752697 0.0728863 0.0538844 0.0453013 0.0622918 0.0673301 0.0339766 0.0565127 0.0432260 0.0000000 0.0477939 0.0121234 0.0538851 0.0370229 0.0493421 0.0516048 0.0479830 0.0633985 0.0509648 0.0732806 0.0513873 0.0518649 0.0495312 0.0227580 0.0206465 0.0671894 0.0665119 0.0617411 0.0515389 0.0337622 0.0740084 0.0203840 0.0839983 0.0198462 0.0205116 0.0996444 0.0980202 0.0973614 0.0501815 0.0737668 0.0610507 0.0663866 0.0553767 0.0348500 0.0206831 0.0491941 0.0611308 0.0210281 0.0338992 0.0618024 0.0561870 0.0511501 0.0095969 0.0622495 0.0511776 0.0510065 0.0846468 0.0200998 0.0732899 0.0662153 0.0527763 0.0556890 0.0779816 0.0721986 0.0565553 0.0712380 0.0784973 0.0373362 0.0192489 0.0549610 0.0513185 0.0185951 0.0708922 0.0536244 0.0489240 0.0525241 0.0599226 0.0655885 0.0699986 0.0705377 0.0493844 0.0464226 0.0687746 0.0827591 0.0646765 0.0584433 0.0549876 0.0471913 0.0685920 0.0571761 0.0706040 0.0730142 0.0488258 0.0745955 0.0513141 0.0506040 0.0505655 0.0698056 0.0605549 0.0710484 0.0529280 0.0522978 0.0570018 0.0617616 0.0802065 0.0541222 0.0686430 0.0801899 0.0545308 0.0479305 0.0371007 0.0669400 0.0517195 0.0471159 0.0811499 0.0588295 0.0503113 0.0517706 0.0480033 0.0391292 0.0599173 0.0589901 0.0785409 0.0495263 0.0744352 0.0552189 0.0568552 0.0479282 0.0631915 0.0739671 0.0746285 0.0549898 0.0446559 0.0555521 0.0642445 0.0572257 0.0476768 0.0510004 0.0638445 0.0534103 0.0971798 0.0648231 0.0570342 0.0503789 0.0676071 0.0865010 0.0403236 0.0210998 0.0463224 0.0527192 0.0517069 0.0526910 0.0513150 0.0559921 0.0616396 0.0673202 0.0642861 0.0560907 0.0627958 0.0354978 0.0115575 0.0553481 0.1028457 0.0520572 0.0590709 0.0391586 0.0779482 0.0495799 0.0515204 0.0482605 0.0530965 0.0843490 0.0503726 0.0484053 0.0497585 0.0424805 0.0361749 0.1390437 0.1319473 0.0431138 0.0539664 0.0508127 0.0626222 0.0578861 0.0500350 
I0204_1174_Threskiornithidae_Harpiprion_caerulescens   0.0241087 0.0449195 0.0428940 0.0376318 0.0485860 0.0437005 0.0504505 0.0315984 0.0404941 0.0564057 0.0560412 0.0290579 0.0514513 0.0404987 0.0472685 0.0466061 0.0327275 0.0181876 0.0477939 0.0000000 0.0453997 0.0276830 0.0490145 0.0249010 0.0244178 0.0202320 0.0406350 0.0262207 0.0557538 0.0578897 0.0619453 0.0267717 0.0471730 0.0459976 0.0437034 0.0442027 0.0404102 0.0600211 0.0478836 0.0523060 0.0475095 0.0619041 0.0489569 0.0463000 0.0781247 0.0773406 0.0759741 0.0583699 0.0544719 0.0407828 0.0435972 0.0326896 0.0487140 0.0465495 0.0218776 0.0411898 0.0472171 0.0477465 0.0412924 0.0296426 0.0242017 0.0476972 0.0402872 0.0281981 0.0270853 0.0633975 0.0468013 0.0515805 0.0401692 0.0242063 0.0319796 0.0564221 0.0490564 0.0316933 0.0536946 0.0539267 0.0504757 0.0461518 0.0295923 0.0286341 0.0447171 0.0519075 0.0339767 0.0252382 0.0275271 0.0397038 0.0436423 0.0490627 0.0511451 0.0212364 0.0203625 0.0467082 0.0634247 0.0408873 0.0382729 0.0312226 0.0212254 0.0452310 0.0342486 0.0484580 0.0536314 0.0227794 0.0530886 0.0254495 0.0257399 0.0231326 0.0484967 0.0414136 0.0517488 0.0287693 0.0267503 0.0324384 0.0423821 0.0606555 0.0269295 0.0430596 0.0595050 0.0279160 0.0197046 0.0521837 0.0461232 0.0236756 0.0554116 0.0559265 0.0403757 0.0222939 0.0275399 0.0216098 0.0475256 0.0370640 0.0378653 0.0537344 0.0213906 0.0554028 0.0292056 0.0322271 0.0206745 0.0380371 0.0563879 0.0549418 0.0295457 0.0531222 0.0292905 0.0395650 0.0337508 0.0204148 0.0259708 0.0424662 0.0281974 0.0776138 0.0449536 0.0329251 0.0227911 0.0476616 0.0624598 0.0462284 0.0473635 0.0184855 0.0245416 0.0273377 0.0262350 0.0273545 0.0305847 0.0380301 0.0432812 0.0426498 0.0316562 0.0413749 0.0480552 0.0479203 0.0300936 0.0835143 0.0265905 0.0375225 0.0490315 0.0561047 0.0226632 0.0264151 0.0204157 0.0288109 0.0589779 0.0270516 0.0563257 0.0564473 0.0502882 0.0456068 0.1228364 0.1170668 0.0518311 0.0621907 0.0568235 0.0380626 0.0350901 0.0500453 
