35
Burramyidae_Burramys_parvus                  0.0000000 0.0853260 0.0508618 0.0546588 0.0564569 0.0831247 0.0417311 0.0402826 0.0563938 0.0853209 0.0384852 0.0833735 0.0857032 0.0415472 0.0566895 0.0836496 0.0827850 0.0829904 0.0904228 0.0530531 0.0562848 0.0828308 0.0826193 0.0825003 0.0563307 0.0789962 0.0441589 0.0499456 0.0537410 0.0752041 0.0631467 0.0420586 0.0804683 0.0858842 0.0720625 
Notoryctidae_Notoryctes_typhlops             0.0853260 0.0000000 0.0947597 0.1056024 0.1091974 0.1199818 0.0871507 0.0944540 0.1073163 0.1186986 0.0823522 0.1201206 0.1171049 0.0888541 0.1006282 0.1206093 0.1205316 0.1178132 0.1225301 0.0978435 0.1084051 0.1184089 0.1150296 0.1182654 0.1044760 0.1123287 0.0934225 0.0961487 0.1028274 0.1228543 0.1063003 0.0861044 0.1169421 0.1176460 0.0948740 
Vombatidae_Lasiorhinus_latifrons             0.0508618 0.0947597 0.0000000 0.0662302 0.0685473 0.0883390 0.0510740 0.0537307 0.0685098 0.0961084 0.0455864 0.0912427 0.0909703 0.0529631 0.0637418 0.0925220 0.0910709 0.0898043 0.1008751 0.0610262 0.0691571 0.0889858 0.0924031 0.0914619 0.0638450 0.0796438 0.0577488 0.0594607 0.0642251 0.0842453 0.0674799 0.0519482 0.0883668 0.0952415 0.0809995 
Potoroidae_Bettongia_penicillata             0.0546588 0.1056024 0.0662302 0.0000000 0.0060226 0.1032010 0.0557669 0.0565391 0.0133572 0.1072706 0.0551320 0.1045929 0.1083263 0.0585614 0.0727670 0.1040611 0.1043048 0.1050168 0.1113622 0.0233573 0.0769539 0.0983655 0.0945682 0.1037792 0.0365619 0.0931282 0.0640205 0.0204782 0.0688179 0.0860592 0.0754478 0.0580987 0.1018288 0.1063919 0.0936257 
Potoroidae_Bettongia_lesueur                 0.0564569 0.1091974 0.0685473 0.0060226 0.0000000 0.1053963 0.0587939 0.0599760 0.0147806 0.1074002 0.0566282 0.1059681 0.1082155 0.0616300 0.0738214 0.1054368 0.1065114 0.1055295 0.1123630 0.0259819 0.0779957 0.1020027 0.0986179 0.1052341 0.0378679 0.0934195 0.0646588 0.0223616 0.0712058 0.0877416 0.0759480 0.0611404 0.1040171 0.1065171 0.0951296 
Dasyuridae_Dasyurus_maculatus                0.0831247 0.1199818 0.0883390 0.1032010 0.1053963 0.0000000 0.0816931 0.0847259 0.1036565 0.1039675 0.0801605 0.0187968 0.0321163 0.0831704 0.0996848 0.0188654 0.0064175 0.0245967 0.1127497 0.0981564 0.1013565 0.1052950 0.1077634 0.0189843 0.1010115 0.1006124 0.0942542 0.0964060 0.1015113 0.1138964 0.1029046 0.0813830 0.0036904 0.1030866 0.0892327 
Phalangeridae_Trichosurus_vulpecula          0.0417311 0.0871507 0.0510740 0.0557669 0.0587939 0.0816931 0.0000000 0.0182233 0.0582736 0.0918827 0.0172932 0.0826965 0.0901732 0.0183799 0.0617022 0.0820264 0.0822554 0.0857783 0.0953443 0.0533441 0.0582293 0.0887244 0.0858584 0.0827675 0.0578669 0.0781260 0.0473145 0.0494691 0.0584649 0.0742983 0.0626847 0.0174537 0.0799681 0.0913092 0.0617780 
Phalangeridae_Spilocuscus_maculatus          0.0402826 0.0944540 0.0537307 0.0565391 0.0599760 0.0847259 0.0182233 0.0000000 0.0596369 0.0898350 0.0113900 0.0872820 0.0904881 0.0125068 0.0623711 0.0867271 0.0856460 0.0872236 0.0964628 0.0528224 0.0636765 0.0874459 0.0862240 0.0859800 0.0578947 0.0778785 0.0507315 0.0501135 0.0607313 0.0757927 0.0642921 0.0124330 0.0818684 0.0889830 0.0743648 
Potoroidae_Aepyprymnus_rufescens             0.0563938 0.1073163 0.0685098 0.0133572 0.0147806 0.1036565 0.0582736 0.0596369 0.0000000 0.1096390 0.0571848 0.1045848 0.1085693 0.0616470 0.0732500 0.1040484 0.1037633 0.1037645 0.1117887 0.0257844 0.0795318 0.1005029 0.1002955 0.1032176 0.0388852 0.0951531 0.0652989 0.0236341 0.0720122 0.0875181 0.0752486 0.0611568 0.1017972 0.1087502 0.0937521 
Peramelidae_Perameles_nasuta                 0.0853209 0.1186986 0.0961084 0.1072706 0.1074002 0.1039675 0.0918827 0.0898350 0.1096390 0.0000000 0.0818868 0.1062581 0.1070983 0.0888078 0.1033165 0.1066006 0.1051267 0.1058730 0.0254093 0.1012938 0.1141813 0.1120689 0.1172914 0.1035144 0.1077507 0.1092702 0.0967734 0.0976304 0.1069049 0.1235812 0.1048322 0.0878399 0.1029999 0.0013367 0.0154995 
Phalangeridae_Strigocuscus_pelengensis       0.0384852 0.0823522 0.0455864 0.0551320 0.0566282 0.0801605 0.0172932 0.0113900 0.0571848 0.0818868 0.0000000 0.0804265 0.0843955 0.0118059 0.0576587 0.0797458 0.0812718 0.0806846 0.0876276 0.0525791 0.0524865 0.0846034 0.0834401 0.0803616 0.0558715 0.0732028 0.0443927 0.0492241 0.0523148 0.0711942 0.0590707 0.0113797 0.0779313 0.0813239 0.0530776 
Dasyuridae_Phascogale_tapoatafa              0.0833735 0.1201206 0.0912427 0.1045929 0.1059681 0.0187968 0.0826965 0.0872820 0.1045848 0.1062581 0.0804265 0.0000000 0.0318240 0.0828981 0.1004921 0.0040384 0.0184229 0.0257428 0.1155522 0.0998853 0.1017445 0.1086735 0.1105715 0.0103017 0.1013823 0.1048634 0.0909321 0.0963545 0.1011071 0.1156151 0.1042318 0.0811072 0.0166312 0.1053712 0.0972518 
Dasyuridae_Sminthopsis_macroura              0.0857032 0.1171049 0.0909703 0.1083263 0.1082155 0.0321163 0.0901732 0.0904881 0.1085693 0.1070983 0.0843955 0.0318240 0.0000000 0.0882610 0.0996836 0.0319384 0.0324737 0.0239594 0.1169663 0.1030299 0.1024110 0.1044141 0.1116056 0.0313399 0.1051626 0.1024048 0.0965822 0.0992464 0.0984096 0.1178681 0.1039921 0.0872586 0.0313346 0.1062073 0.0895441 
Phalangeridae_Phalanger_orientalis           0.0415472 0.0888541 0.0529631 0.0585614 0.0616300 0.0831704 0.0183799 0.0125068 0.0616470 0.0888078 0.0118059 0.0828981 0.0882610 0.0000000 0.0620286 0.0822273 0.0847998 0.0858352 0.0962956 0.0559532 0.0554385 0.0893886 0.0881542 0.0829705 0.0607269 0.0756722 0.0485185 0.0511123 0.0562757 0.0763363 0.0634283 0.0043461 0.0803116 0.0882376 0.0612763 
Acrobatidae_Acrobates_pygmaeus               0.0566895 0.1006282 0.0637418 0.0727670 0.0738214 0.0996848 0.0617022 0.0623711 0.0732500 0.1033165 0.0576587 0.1004921 0.0996836 0.0620286 0.0000000 0.0999499 0.0991858 0.1004721 0.1086093 0.0660985 0.0661804 0.1007925 0.0932567 0.1001866 0.0705309 0.0944255 0.0555988 0.0662888 0.0589295 0.0835839 0.0347099 0.0599426 0.0973187 0.1035202 0.0935565 
Dasyuridae_Phascogale_calura                 0.0836496 0.1206093 0.0925220 0.1040611 0.1054368 0.0188654 0.0820264 0.0867271 0.1040484 0.1066006 0.0797458 0.0040384 0.0319384 0.0822273 0.0999499 0.0000000 0.0184901 0.0254708 0.1159206 0.0993457 0.1012040 0.1085804 0.1096060 0.0103443 0.1007409 0.1047861 0.0903772 0.0958076 0.1005689 0.1160019 0.1027406 0.0804377 0.0166921 0.1057117 0.0961595 
Dasyuridae_Sarcophilus_harrisii              0.0827850 0.1205316 0.0910709 0.1043048 0.1065114 0.0064175 0.0822554 0.0856460 0.1037633 0.1051267 0.0812718 0.0184229 0.0324737 0.0847998 0.0991858 0.0184901 0.0000000 0.0265217 0.1152187 0.0996006 0.1040349 0.1084124 0.1104513 0.0200656 0.1028834 0.1021022 0.0947612 0.0969104 0.1037418 0.1151329 0.1024278 0.0829929 0.0064121 0.1042430 0.0924541 
Dasyuridae_Planigale_tenuirostris            0.0829904 0.1178132 0.0898043 0.1050168 0.1055295 0.0245967 0.0857783 0.0872236 0.1037645 0.1058730 0.0806846 0.0257428 0.0239594 0.0858352 0.1004721 0.0254708 0.0265217 0.0000000 0.1173310 0.0983494 0.1008325 0.1058534 0.1107070 0.0242944 0.1000007 0.1027540 0.0926339 0.0958071 0.0994170 0.1116571 0.1026189 0.0844886 0.0242149 0.1048641 0.0934045 
Peramelidae_Echymipera_kalubu                0.0904228 0.1225301 0.1008751 0.1113622 0.1123630 0.1127497 0.0953443 0.0964628 0.1117887 0.0254093 0.0876276 0.1155522 0.1169663 0.0962956 0.1086093 0.1159206 0.1152187 0.1173310 0.0000000 0.1066275 0.1168936 0.1194397 0.1193308 0.1139027 0.1146122 0.1144331 0.1003255 0.1027948 0.1092684 0.1250335 0.1095662 0.0958211 0.1128107 0.0243089 0.0159132 
Macropodidae_Dorcopsulus_vanheurni           0.0530531 0.0978435 0.0610262 0.0233573 0.0259819 0.0981564 0.0533441 0.0528224 0.0257844 0.1012938 0.0525791 0.0998853 0.1030299 0.0559532 0.0660985 0.0993457 0.0996006 0.0983494 0.1066275 0.0000000 0.0739761 0.0963218 0.0981252 0.0971240 0.0371008 0.0845853 0.0609840 0.0084765 0.0685222 0.0834289 0.0679980 0.0546664 0.0977263 0.1004206 0.0868217 
Pseudochiridae_Pseudochirulus_forbesi        0.0562848 0.1084051 0.0691571 0.0769539 0.0779957 0.1013565 0.0582293 0.0636765 0.0795318 0.1141813 0.0524865 0.1017445 0.1024110 0.0554385 0.0661804 0.1012040 0.1040349 0.1008325 0.1168936 0.0739761 0.0000000 0.1054540 0.1033880 0.1015688 0.0714752 0.0966507 0.0359917 0.0714620 0.0168126 0.0791851 0.0751371 0.0559747 0.1011185 0.1132849 0.0945883 
Didelphidae_Didelphis_virginiana             0.0828308 0.1184089 0.0889858 0.0983655 0.1020027 0.1052950 0.0887244 0.0874459 0.1005029 0.1120689 0.0846034 0.1086735 0.1044141 0.0893886 0.1007925 0.1085804 0.1084124 0.1058534 0.1194397 0.0963218 0.1054540 0.0000000 0.0378943 0.1057472 0.1000494 0.1013867 0.0926064 0.0949061 0.0983213 0.1152212 0.1053832 0.0861269 0.1030457 0.1110486 0.0925624 
Marmosidae_Monodelphis_domestica             0.0826193 0.1150296 0.0924031 0.0945682 0.0986179 0.1077634 0.0858584 0.0862240 0.1002955 0.1172914 0.0834401 0.1105715 0.1116056 0.0881542 0.0932567 0.1096060 0.1104513 0.1107070 0.1193308 0.0981252 0.1033880 0.0378943 0.0000000 0.1086297 0.1048673 0.0994565 0.0905141 0.0946013 0.0957656 0.1157358 0.1009612 0.0861087 0.1055109 0.1163933 0.0943875 
Dasyuridae_Antechinus_stuartii               0.0825003 0.1182654 0.0914619 0.1037792 0.1052341 0.0189843 0.0827675 0.0859800 0.1032176 0.1035144 0.0803616 0.0103017 0.0313399 0.0829705 0.1001866 0.0103443 0.0200656 0.0242944 0.1139027 0.0971240 0.1015688 0.1057472 0.1086297 0.0000000 0.0967035 0.1053560 0.0890921 0.0940316 0.1002027 0.1129172 0.1024133 0.0806756 0.0175383 0.1025240 0.0934448 
Hypsiprymnodontidae_Hypsiprymnodon_moschatus 0.0563307 0.1044760 0.0638450 0.0365619 0.0378679 0.1010115 0.0578669 0.0578947 0.0388852 0.1077507 0.0558715 0.1013823 0.1051626 0.0607269 0.0705309 0.1007409 0.1028834 0.1000007 0.1146122 0.0371008 0.0714752 0.1000494 0.1048673 0.0967035 0.0000000 0.0920629 0.0628979 0.0348372 0.0698717 0.0896783 0.0746199 0.0602447 0.0999377 0.1084572 0.0816851 
Microbiotheriidae_Dromiciops_gliroides       0.0789962 0.1123287 0.0796438 0.0931282 0.0934195 0.1006124 0.0781260 0.0778785 0.0951531 0.1092702 0.0732028 0.1048634 0.1024048 0.0756722 0.0944255 0.1047861 0.1021022 0.1027540 0.1144331 0.0845853 0.0966507 0.1013867 0.0994565 0.1053560 0.0920629 0.0000000 0.0809173 0.0819196 0.0877792 0.1045710 0.0952604 0.0754294 0.0999263 0.1082930 0.0871706 
Pseudochiridae_Petauroides_volans            0.0441589 0.0934225 0.0577488 0.0640205 0.0646588 0.0942542 0.0473145 0.0507315 0.0652989 0.0967734 0.0443927 0.0909321 0.0965822 0.0485185 0.0555988 0.0903772 0.0947612 0.0926339 0.1003255 0.0609840 0.0359917 0.0926064 0.0905141 0.0890921 0.0628979 0.0809173 0.0000000 0.0569422 0.0310869 0.0691465 0.0593959 0.0475859 0.0909415 0.0958519 0.0804602 
Macropodidae_Wallabia_bicolor                0.0499456 0.0961487 0.0594607 0.0204782 0.0223616 0.0964060 0.0494691 0.0501135 0.0236341 0.0976304 0.0492241 0.0963545 0.0992464 0.0511123 0.0662888 0.0958076 0.0969104 0.0958071 0.1027948 0.0084765 0.0714620 0.0949061 0.0946013 0.0940316 0.0348372 0.0819196 0.0569422 0.0000000 0.0643641 0.0817567 0.0651223 0.0502701 0.0950438 0.0967607 0.0851285 
Pseudochiridae_Pseudocheirus_occidentalis    0.0537410 0.1028274 0.0642251 0.0688179 0.0712058 0.1015113 0.0584649 0.0607313 0.0720122 0.1069049 0.0523148 0.1011071 0.0984096 0.0562757 0.0589295 0.1005689 0.1037418 0.0994170 0.1092684 0.0685222 0.0168126 0.0983213 0.0957656 0.1002027 0.0698717 0.0877792 0.0310869 0.0643641 0.0000000 0.0752135 0.0670332 0.0557363 0.1008485 0.1060235 0.0855676 
Tarsipedidae_Tarsipes_rostratus              0.0752041 0.1228543 0.0842453 0.0860592 0.0877416 0.1138964 0.0742983 0.0757927 0.0875181 0.1235812 0.0711942 0.1156151 0.1178681 0.0763363 0.0835839 0.1160019 0.1151329 0.1116571 0.1250335 0.0834289 0.0791851 0.1152212 0.1157358 0.1129172 0.0896783 0.1045710 0.0691465 0.0817567 0.0752135 0.0000000 0.0909702 0.0762141 0.1133440 0.1226645 0.1055674 
Acrobatidae_Distoechurus_pennatus            0.0631467 0.1063003 0.0674799 0.0754478 0.0759480 0.1029046 0.0626847 0.0642921 0.0752486 0.1048322 0.0590707 0.1042318 0.1039921 0.0634283 0.0347099 0.1027406 0.1024278 0.1026189 0.1095662 0.0679980 0.0751371 0.1053832 0.1009612 0.1024133 0.0746199 0.0952604 0.0593959 0.0651223 0.0670332 0.0909702 0.0000000 0.0623172 0.1005296 0.1050382 0.0950522 
Phalangeridae_Phalanger_carmelitae           0.0420586 0.0861044 0.0519482 0.0580987 0.0611404 0.0813830 0.0174537 0.0124330 0.0611568 0.0878399 0.0113797 0.0811072 0.0872586 0.0043461 0.0599426 0.0804377 0.0829929 0.0844886 0.0958211 0.0546664 0.0559747 0.0861269 0.0861087 0.0806756 0.0602447 0.0754294 0.0475859 0.0502701 0.0557363 0.0762141 0.0623172 0.0000000 0.0785595 0.0872766 0.0586176 
Dasyuridae_Dasyurus_geffroii                 0.0804683 0.1169421 0.0883668 0.1018288 0.1040171 0.0036904 0.0799681 0.0818684 0.1017972 0.1029999 0.0779313 0.0166312 0.0313346 0.0803116 0.0973187 0.0166921 0.0064121 0.0242149 0.1128107 0.0977263 0.1011185 0.1030457 0.1055109 0.0175383 0.0999377 0.0999263 0.0909415 0.0950438 0.1008485 0.1133440 0.1005296 0.0785595 0.0000000 0.1021199 0.0909394 
Peramelidae_Perameles_gunnii                 0.0858842 0.1176460 0.0952415 0.1063919 0.1065171 0.1030866 0.0913092 0.0889830 0.1087502 0.0013367 0.0813239 0.1053712 0.1062073 0.0882376 0.1035202 0.1057117 0.1042430 0.1048641 0.0243089 0.1004206 0.1132849 0.1110486 0.1163933 0.1025240 0.1084572 0.1082930 0.0958519 0.0967607 0.1060235 0.1226645 0.1050382 0.0872766 0.1021199 0.0000000 0.0141194 
Peramelidae_Peroryctes_raffrayana            0.0720625 0.0948740 0.0809995 0.0936257 0.0951296 0.0892327 0.0617780 0.0743648 0.0937521 0.0154995 0.0530776 0.0972518 0.0895441 0.0612763 0.0935565 0.0961595 0.0924541 0.0934045 0.0159132 0.0868217 0.0945883 0.0925624 0.0943875 0.0934448 0.0816851 0.0871706 0.0804602 0.0851285 0.0855676 0.1055674 0.0950522 0.0586176 0.0909394 0.0141194 0.0000000 
