37
Burramyidae_Burramys_parvus                  0.0000000 0.0344701 0.0257510 0.0225781 0.0234776 0.0367745 0.0179773 0.0220299 0.0246320 0.0422847 0.0219838 0.0398253 0.0324859 0.0218233 0.0617431 0.0400371 0.0355977 0.0298252 0.0398629 0.0251358 0.0246350 0.0423956 0.0428123 0.0329463 0.0225100 0.0314872 0.0265975 0.0247797 0.0242206 0.0466191 0.0277814 0.0188338 0.0384217 0.0366748 0.0409835 0.0588374 0.0588374 
Notoryctidae_Notoryctes_typhlops             0.0344701 0.0000000 0.0371675 0.0366819 0.0366718 0.0480458 0.0312058 0.0337753 0.0383263 0.0564774 0.0330428 0.0555265 0.0460826 0.0335245 0.0629249 0.0555004 0.0477418 0.0420749 0.0554191 0.0405280 0.0381892 0.0510699 0.0477806 0.0457489 0.0350151 0.0438743 0.0390577 0.0400530 0.0361449 0.0651883 0.0386503 0.0310945 0.0530374 0.0453748 0.0563615 0.0738283 0.0738283 
Vombatidae_Lasiorhinus_latifrons             0.0257510 0.0371675 0.0000000 0.0296781 0.0289474 0.0363771 0.0249306 0.0292153 0.0311284 0.0464393 0.0277229 0.0362636 0.0321219 0.0287691 0.0621848 0.0368089 0.0362249 0.0315507 0.0435621 0.0315562 0.0308692 0.0411362 0.0447669 0.0325283 0.0305733 0.0374531 0.0297757 0.0317288 0.0306854 0.0485037 0.0305280 0.0254924 0.0433499 0.0352532 0.0451086 0.0561174 0.0561174 
Potoroidae_Bettongia_penicillata             0.0225781 0.0366819 0.0296781 0.0000000 0.0025282 0.0375839 0.0207165 0.0250779 0.0051239 0.0487198 0.0230121 0.0406271 0.0343033 0.0236611 0.0596245 0.0414623 0.0376993 0.0334400 0.0449754 0.0089289 0.0249642 0.0445071 0.0434806 0.0340593 0.0134274 0.0348064 0.0271759 0.0089010 0.0234122 0.0498518 0.0290957 0.0212046 0.0439033 0.0375350 0.0474801 0.0725572 0.0725572 
Potoroidae_Bettongia_lesueur                 0.0234776 0.0366718 0.0289474 0.0025282 0.0000000 0.0380894 0.0220413 0.0262114 0.0056941 0.0492777 0.0239354 0.0409079 0.0347987 0.0245561 0.0602724 0.0417418 0.0387272 0.0331570 0.0469200 0.0093919 0.0242686 0.0447454 0.0435201 0.0345606 0.0146605 0.0353070 0.0269278 0.0093627 0.0225135 0.0498410 0.0288496 0.0220969 0.0444507 0.0375185 0.0480394 0.0748067 0.0748067 
Dasyuridae_Dasyurus_maculatus                0.0367745 0.0480458 0.0363771 0.0375839 0.0380894 0.0000000 0.0328623 0.0349179 0.0396899 0.0399806 0.0341333 0.0080841 0.0083118 0.0334044 0.0657835 0.0073457 0.0057555 0.0095996 0.0423050 0.0425855 0.0373658 0.0368638 0.0420143 0.0064500 0.0399660 0.0399248 0.0369462 0.0407733 0.0360987 0.0473409 0.0361935 0.0318205 0.0382120 0.0049789 0.0393718 0.0516696 0.0516696 
Phalangeridae_Trichosurus_vulpecula          0.0179773 0.0312058 0.0249306 0.0207165 0.0220413 0.0328623 0.0000000 0.0097811 0.0222800 0.0413484 0.0097530 0.0366776 0.0287069 0.0091966 0.0580144 0.0369102 0.0342090 0.0264523 0.0370553 0.0231905 0.0233946 0.0392946 0.0388523 0.0305884 0.0217806 0.0281703 0.0234894 0.0239233 0.0220857 0.0436756 0.0260809 0.0062022 0.0369272 0.0320320 0.0400582 0.0595473 0.0595473 
Phalangeridae_Spilocuscus_maculatus          0.0220299 0.0337753 0.0292153 0.0250779 0.0262114 0.0349179 0.0097811 0.0000000 0.0266999 0.0451580 0.0065232 0.0395144 0.0314569 0.0059010 0.0614875 0.0403478 0.0357832 0.0291291 0.0433419 0.0285464 0.0264523 0.0419268 0.0422542 0.0323983 0.0262105 0.0310147 0.0274885 0.0284522 0.0253501 0.0481629 0.0283206 0.0061612 0.0406497 0.0343200 0.0438762 0.0613821 0.0613821 
Potoroidae_Aepyprymnus_rufescens             0.0246320 0.0383263 0.0311284 0.0051239 0.0056941 0.0396899 0.0222800 0.0266999 0.0000000 0.0504620 0.0249005 0.0425562 0.0361049 0.0252580 0.0626222 0.0433880 0.0398131 0.0342733 0.0469672 0.0100960 0.0268221 0.0467476 0.0446572 0.0355980 0.0155030 0.0358160 0.0288435 0.0105350 0.0245665 0.0507567 0.0310424 0.0227939 0.0444493 0.0391134 0.0489010 0.0726170 0.0726170 
Peramelidae_Perameles_nasuta                 0.0422847 0.0564774 0.0464393 0.0487198 0.0492777 0.0399806 0.0413484 0.0451580 0.0504620 0.0000000 0.0432299 0.0428224 0.0350260 0.0434166 0.0814358 0.0421177 0.0400200 0.0383631 0.0191217 0.0543673 0.0451855 0.0473971 0.0501839 0.0371135 0.0507446 0.0420257 0.0425556 0.0537967 0.0446776 0.0478824 0.0459025 0.0403399 0.0174978 0.0390472 0.0003640 0.0356772 0.0356772 
Phalangeridae_Strigocuscus_pelengensis       0.0219838 0.0330428 0.0277229 0.0230121 0.0239354 0.0341333 0.0097530 0.0065232 0.0249005 0.0432299 0.0000000 0.0382423 0.0300202 0.0053269 0.0576726 0.0382270 0.0359582 0.0271495 0.0399161 0.0274582 0.0270788 0.0415292 0.0420993 0.0319588 0.0250977 0.0307219 0.0264768 0.0274388 0.0254207 0.0460756 0.0284767 0.0056090 0.0383289 0.0328187 0.0424956 0.0577122 0.0577122 
Dasyuridae_Phascogale_tapoatafa              0.0398253 0.0555265 0.0362636 0.0406271 0.0409079 0.0080841 0.0366776 0.0395144 0.0425562 0.0428224 0.0382423 0.0000000 0.0073787 0.0372153 0.0816268 0.0012987 0.0099616 0.0093339 0.0405549 0.0405595 0.0411897 0.0383998 0.0425208 0.0035698 0.0403429 0.0441186 0.0394335 0.0394048 0.0392710 0.0538994 0.0405192 0.0345082 0.0410512 0.0092384 0.0419549 0.0479297 0.0479297 
Dasyuridae_Sminthopsis_macroura              0.0324859 0.0460826 0.0321219 0.0343033 0.0347987 0.0083118 0.0287069 0.0314569 0.0361049 0.0350260 0.0300202 0.0073787 0.0000000 0.0301764 0.0668242 0.0064540 0.0100897 0.0062152 0.0348233 0.0382340 0.0356359 0.0353179 0.0395004 0.0058638 0.0360037 0.0356411 0.0341939 0.0364910 0.0348851 0.0438931 0.0336904 0.0274112 0.0332301 0.0093039 0.0342934 0.0441443 0.0441443 
Phalangeridae_Phalanger_orientalis           0.0218233 0.0335245 0.0287691 0.0236611 0.0245561 0.0334044 0.0091966 0.0059010 0.0252580 0.0434166 0.0053269 0.0372153 0.0301764 0.0000000 0.0608931 0.0375846 0.0347037 0.0278165 0.0407563 0.0276251 0.0253057 0.0414078 0.0422245 0.0311183 0.0256810 0.0299780 0.0256402 0.0275342 0.0242090 0.0465472 0.0275945 0.0044520 0.0390274 0.0321351 0.0423362 0.0573530 0.0573530 
Acrobatidae_Acrobates_pygmaeus               0.0617431 0.0629249 0.0621848 0.0596245 0.0602724 0.0657835 0.0580144 0.0614875 0.0626222 0.0814358 0.0576726 0.0816268 0.0668242 0.0608931 0.0000000 0.0805698 0.0662827 0.0640518 0.0911074 0.0740867 0.0626136 0.0759166 0.0789103 0.0654182 0.0640810 0.0701356 0.0621203 0.0715093 0.0578355 0.0847449 0.0509172 0.0589153 0.0787087 0.0661948 0.0805390 0.0557035 0.0557035 
Dasyuridae_Phascogale_calura                 0.0400371 0.0555004 0.0368089 0.0414623 0.0417418 0.0073457 0.0369102 0.0403478 0.0433880 0.0421177 0.0382270 0.0012987 0.0064540 0.0375846 0.0805698 0.0000000 0.0094599 0.0085624 0.0401905 0.0413988 0.0417088 0.0371465 0.0415908 0.0028900 0.0411793 0.0436419 0.0405880 0.0396182 0.0404220 0.0531781 0.0413577 0.0353668 0.0400279 0.0089427 0.0411789 0.0459357 0.0459357 
Dasyuridae_Sarcophilus_harrisii              0.0355977 0.0477418 0.0362249 0.0376993 0.0387272 0.0057555 0.0342090 0.0357832 0.0398131 0.0400200 0.0359582 0.0099616 0.0100897 0.0347037 0.0662827 0.0094599 0.0000000 0.0108880 0.0423940 0.0427479 0.0377472 0.0382539 0.0409813 0.0082218 0.0392936 0.0389661 0.0378376 0.0409258 0.0359557 0.0490608 0.0355284 0.0321652 0.0388383 0.0072815 0.0393400 0.0536048 0.0536048 
Dasyuridae_Planigale_tenuirostris            0.0298252 0.0420749 0.0315507 0.0334400 0.0331570 0.0095996 0.0264523 0.0291291 0.0342733 0.0383631 0.0271495 0.0093339 0.0062152 0.0278165 0.0640518 0.0085624 0.0108880 0.0000000 0.0386914 0.0361861 0.0340438 0.0366539 0.0396029 0.0075367 0.0337104 0.0324954 0.0335357 0.0357819 0.0316242 0.0436838 0.0311690 0.0249128 0.0360471 0.0106632 0.0375131 0.0460038 0.0460038 
Peramelidae_Echymipera_kalubu                0.0398629 0.0554191 0.0435621 0.0449754 0.0469200 0.0423050 0.0370553 0.0433419 0.0469672 0.0191217 0.0399161 0.0405549 0.0348233 0.0407563 0.0911074 0.0401905 0.0423940 0.0386914 0.0000000 0.0450384 0.0458052 0.0433601 0.0482645 0.0382201 0.0435901 0.0441318 0.0385664 0.0445335 0.0435372 0.0530980 0.0453208 0.0364061 0.0113615 0.0427959 0.0188768 0.0517710 0.0517710 
Macropodidae_Dorcopsulus_vanheurni           0.0251358 0.0405280 0.0315562 0.0089289 0.0093919 0.0425855 0.0231905 0.0285464 0.0100960 0.0543673 0.0274582 0.0405595 0.0382340 0.0276251 0.0740867 0.0413988 0.0427479 0.0361861 0.0450384 0.0000000 0.0278341 0.0464420 0.0481532 0.0378941 0.0130017 0.0389372 0.0288563 0.0048219 0.0250924 0.0559605 0.0317384 0.0232712 0.0499151 0.0415512 0.0530440 0.0703441 0.0703441 
Pseudochiridae_Pseudochirulus_forbesi        0.0246350 0.0381892 0.0308692 0.0249642 0.0242686 0.0373658 0.0233946 0.0264523 0.0268221 0.0451855 0.0270788 0.0411897 0.0356359 0.0253057 0.0626136 0.0417088 0.0377472 0.0340438 0.0458052 0.0278341 0.0000000 0.0453234 0.0454834 0.0364187 0.0257765 0.0353757 0.0174388 0.0288690 0.0070597 0.0419068 0.0279019 0.0234848 0.0436742 0.0375171 0.0438945 0.0614867 0.0614867 
Didelphidae_Didelphis_virginiana             0.0423956 0.0510699 0.0411362 0.0445071 0.0447454 0.0368638 0.0392946 0.0419268 0.0467476 0.0473971 0.0415292 0.0383998 0.0353179 0.0414078 0.0759166 0.0371465 0.0382539 0.0366539 0.0433601 0.0464420 0.0453234 0.0000000 0.0145445 0.0352436 0.0473647 0.0485469 0.0454645 0.0446755 0.0436951 0.0589800 0.0449602 0.0398329 0.0451920 0.0360094 0.0461017 0.0529198 0.0529198 
Marmosidae_Monodelphis_domestica             0.0428123 0.0477806 0.0447669 0.0434806 0.0435201 0.0420143 0.0388523 0.0422542 0.0446572 0.0501839 0.0420993 0.0425208 0.0395004 0.0422245 0.0789103 0.0415908 0.0409813 0.0396029 0.0482645 0.0481532 0.0454834 0.0145445 0.0000000 0.0387469 0.0471150 0.0508876 0.0466850 0.0469797 0.0430240 0.0611563 0.0462624 0.0396700 0.0487123 0.0403162 0.0489451 0.0628859 0.0628859 
Dasyuridae_Antechinus_stuartii               0.0329463 0.0457489 0.0325283 0.0340593 0.0345606 0.0064500 0.0305884 0.0323983 0.0355980 0.0371135 0.0319588 0.0035698 0.0058638 0.0311183 0.0654182 0.0028900 0.0082218 0.0075367 0.0382201 0.0378941 0.0364187 0.0352436 0.0387469 0.0000000 0.0355888 0.0366915 0.0348844 0.0364513 0.0356401 0.0458678 0.0344840 0.0287786 0.0350176 0.0078158 0.0363467 0.0459257 0.0459257 
Hypsiprymnodontidae_Hypsiprymnodon_moschatus 0.0225100 0.0350151 0.0305733 0.0134274 0.0146605 0.0399660 0.0217806 0.0262105 0.0155030 0.0507446 0.0250977 0.0403429 0.0360037 0.0256810 0.0640810 0.0411793 0.0392936 0.0337104 0.0435901 0.0130017 0.0257765 0.0473647 0.0471150 0.0355888 0.0000000 0.0362315 0.0278489 0.0144231 0.0246707 0.0507106 0.0295543 0.0220500 0.0459831 0.0383331 0.0495032 0.0660760 0.0660760 
Microbiotheriidae_Dromiciops_gliroides       0.0314872 0.0438743 0.0374531 0.0348064 0.0353070 0.0399248 0.0281703 0.0310147 0.0358160 0.0420257 0.0307219 0.0441186 0.0356411 0.0299780 0.0701356 0.0436419 0.0389661 0.0324954 0.0441318 0.0389372 0.0353757 0.0485469 0.0508876 0.0366915 0.0362315 0.0000000 0.0325882 0.0392950 0.0338299 0.0480043 0.0366422 0.0278791 0.0400162 0.0387364 0.0408514 0.0514679 0.0514679 
Pseudochiridae_Petauroides_volans            0.0265975 0.0390577 0.0297757 0.0271759 0.0269278 0.0369462 0.0234894 0.0274885 0.0288435 0.0425556 0.0264768 0.0394335 0.0341939 0.0256402 0.0621203 0.0405880 0.0378376 0.0335357 0.0385664 0.0288563 0.0174388 0.0454645 0.0466850 0.0348844 0.0278489 0.0325882 0.0000000 0.0287746 0.0159794 0.0385684 0.0263570 0.0226727 0.0391729 0.0350593 0.0412627 0.0638942 0.0638942 
Macropodidae_Wallabia_bicolor                0.0247797 0.0400530 0.0317288 0.0089010 0.0093627 0.0407733 0.0239233 0.0284522 0.0105350 0.0537967 0.0274388 0.0394048 0.0364910 0.0275342 0.0715093 0.0396182 0.0409258 0.0357819 0.0445335 0.0048219 0.0288690 0.0446755 0.0469797 0.0364513 0.0144231 0.0392950 0.0287746 0.0000000 0.0261103 0.0571172 0.0316564 0.0231933 0.0476833 0.0391394 0.0522175 0.0771590 0.0771590 
Pseudochiridae_Pseudocheirus_occidentalis    0.0242206 0.0361449 0.0306854 0.0234122 0.0225135 0.0360987 0.0220857 0.0253501 0.0245665 0.0446776 0.0254207 0.0392710 0.0348851 0.0242090 0.0578355 0.0404220 0.0359557 0.0316242 0.0435372 0.0250924 0.0070597 0.0436951 0.0430240 0.0356401 0.0246707 0.0338299 0.0159794 0.0261103 0.0000000 0.0422797 0.0263114 0.0221588 0.0423280 0.0357438 0.0433853 0.0596698 0.0596698 
Tarsipedidae_Tarsipes_rostratus              0.0466191 0.0651883 0.0485037 0.0498518 0.0498410 0.0473409 0.0436756 0.0481629 0.0507567 0.0478824 0.0460756 0.0538994 0.0438931 0.0465472 0.0847449 0.0531781 0.0490608 0.0436838 0.0530980 0.0559605 0.0419068 0.0589800 0.0611563 0.0458678 0.0507106 0.0480043 0.0385684 0.0571172 0.0422797 0.0000000 0.0422476 0.0438558 0.0462348 0.0470157 0.0465766 0.0457124 0.0457124 
Acrobatidae_Distoechurus_pennatus            0.0277814 0.0386503 0.0305280 0.0290957 0.0288496 0.0361935 0.0260809 0.0283206 0.0310424 0.0459025 0.0284767 0.0405192 0.0336904 0.0275945 0.0509172 0.0413577 0.0355284 0.0311690 0.0453208 0.0317384 0.0279019 0.0449602 0.0462624 0.0344840 0.0295543 0.0366422 0.0263570 0.0316564 0.0263114 0.0422476 0.0000000 0.0243627 0.0414803 0.0350721 0.0446102 0.0478983 0.0478983 
Phalangeridae_Phalanger_carmelitae           0.0188338 0.0310945 0.0254924 0.0212046 0.0220969 0.0318205 0.0062022 0.0061612 0.0227939 0.0403399 0.0056090 0.0345082 0.0274112 0.0044520 0.0589153 0.0353668 0.0321652 0.0249128 0.0364061 0.0232712 0.0234848 0.0398329 0.0396700 0.0287786 0.0220500 0.0278791 0.0226727 0.0231933 0.0221588 0.0438558 0.0243627 0.0000000 0.0363892 0.0305026 0.0390332 0.0593383 0.0593383 
Peramelidae_Peroryctes_raffrayana            0.0384217 0.0530374 0.0433499 0.0439033 0.0444507 0.0382120 0.0369272 0.0406497 0.0444493 0.0174978 0.0383289 0.0410512 0.0332301 0.0390274 0.0787087 0.0400279 0.0388383 0.0360471 0.0113615 0.0499151 0.0436742 0.0451920 0.0487123 0.0350176 0.0459831 0.0400162 0.0391729 0.0476833 0.0423280 0.0462348 0.0414803 0.0363892 0.0000000 0.0375630 0.0171396 0.0566233 0.0566233 
Dasyuridae_Dasyurus_geffroii                 0.0366748 0.0453748 0.0352532 0.0375350 0.0375185 0.0049789 0.0320320 0.0343200 0.0391134 0.0390472 0.0328187 0.0092384 0.0093039 0.0321351 0.0661948 0.0089427 0.0072815 0.0106632 0.0427959 0.0415512 0.0375171 0.0360094 0.0403162 0.0078158 0.0383331 0.0387364 0.0350593 0.0391394 0.0357438 0.0470157 0.0350721 0.0305026 0.0375630 0.0000000 0.0382474 0.0536048 0.0536048 
Peramelidae_Perameles_gunnii                 0.0409835 0.0563615 0.0451086 0.0474801 0.0480394 0.0393718 0.0400582 0.0438762 0.0489010 0.0003640 0.0424956 0.0419549 0.0342934 0.0423362 0.0805390 0.0411789 0.0393400 0.0375131 0.0188768 0.0530440 0.0438945 0.0461017 0.0489451 0.0363467 0.0495032 0.0408514 0.0412627 0.0522175 0.0433853 0.0465766 0.0446102 0.0390332 0.0171396 0.0382474 0.0000000 0.0356772 0.0356772 
Thylacomyidae_Macrotis_lagotis1              0.0588374 0.0738283 0.0561174 0.0725572 0.0748067 0.0516696 0.0595473 0.0613821 0.0726170 0.0356772 0.0577122 0.0479297 0.0441443 0.0573530 0.0557035 0.0459357 0.0536048 0.0460038 0.0517710 0.0703441 0.0614867 0.0529198 0.0628859 0.0459257 0.0660760 0.0514679 0.0638942 0.0771590 0.0596698 0.0457124 0.0478983 0.0593383 0.0566233 0.0536048 0.0356772 0.0000000 0.0000010 
Thylacomyidae_Macrotis_lagotis2              0.0588374 0.0738283 0.0561174 0.0725572 0.0748067 0.0516696 0.0595473 0.0613821 0.0726170 0.0356772 0.0577122 0.0479297 0.0441443 0.0573530 0.0557035 0.0459357 0.0536048 0.0460038 0.0517710 0.0703441 0.0614867 0.0529198 0.0628859 0.0459257 0.0660760 0.0514679 0.0638942 0.0771590 0.0596698 0.0457124 0.0478983 0.0593383 0.0566233 0.0536048 0.0356772 0.0000010 0.0000000 
