37
Burramyidae_Burramys_parvus                  0.0000000 0.0912144 0.0584912 0.0545895 0.0536109 0.0836525 0.0469822 0.0517280 0.0611954 0.0842908 0.0532603 0.0846381 0.0898556 0.0531049 0.0628478 0.0789285 0.0887885 0.0965812 0.0867166 0.0533238 0.0607382 0.1266103 0.1270317 0.0862711 0.0563061 0.0739125 0.0589520 0.0547388 0.0601504 0.0775042 0.0651305 0.0530363 0.0849755 0.0876639 0.0860187 0.0522062 0.0522062 
Notoryctidae_Notoryctes_typhlops             0.0912144 0.0000000 0.0845712 0.0900146 0.0900734 0.0928057 0.0881321 0.0846476 0.0918003 0.0802988 0.0907996 0.0929103 0.0972637 0.0879793 0.0905477 0.0876867 0.0898674 0.0972222 0.0869400 0.0892238 0.0948339 0.1393004 0.1348827 0.0962711 0.0907021 0.0765959 0.0902172 0.0883597 0.0832477 0.1106814 0.0957109 0.0864530 0.0818883 0.0903738 0.0865149 0.0573068 0.0573068 
Vombatidae_Lasiorhinus_latifrons             0.0584912 0.0845712 0.0000000 0.0588201 0.0592940 0.0865034 0.0595253 0.0645662 0.0655948 0.0898032 0.0644468 0.0823144 0.0898245 0.0654770 0.0692618 0.0771653 0.0853574 0.0899774 0.0890095 0.0613075 0.0774055 0.1269659 0.1257377 0.0864410 0.0632532 0.0721147 0.0697415 0.0611642 0.0666220 0.0881126 0.0741706 0.0659778 0.0864131 0.0856051 0.0891889 0.0571488 0.0571488 
Potoroidae_Bettongia_penicillata             0.0545895 0.0900146 0.0588201 0.0000000 0.0009913 0.0880341 0.0509914 0.0529263 0.0012167 0.0891745 0.0575685 0.0900444 0.0911102 0.0568730 0.0607652 0.0820626 0.0913569 0.0938903 0.0927100 0.0029120 0.0627451 0.1237065 0.1244155 0.0887699 0.0192992 0.0717686 0.0582751 0.0031301 0.0527369 0.0715733 0.0617502 0.0585435 0.0866457 0.0913906 0.0909896 0.0653256 0.0653256 
Potoroidae_Bettongia_lesueur                 0.0536109 0.0900734 0.0592940 0.0009913 0.0000000 0.0853640 0.0496101 0.0518895 0.0021864 0.0880209 0.0541658 0.0856191 0.0901315 0.0536887 0.0610766 0.0795092 0.0851296 0.0933035 0.0879718 0.0037664 0.0607539 0.1245741 0.1270150 0.0849820 0.0270598 0.0711956 0.0575106 0.0033767 0.0481801 0.0725637 0.0597619 0.0547520 0.0804889 0.0872358 0.0903590 0.0653256 0.0653256 
Dasyuridae_Dasyurus_maculatus                0.0836525 0.0928057 0.0865034 0.0880341 0.0853640 0.0000000 0.0798369 0.0838770 0.0930999 0.0791486 0.0841609 0.0038102 0.0281517 0.0786711 0.0833661 0.0033082 0.0013439 0.0047669 0.0779346 0.0863011 0.0939113 0.1183645 0.1104909 0.0029184 0.0885000 0.0729175 0.0875224 0.0847758 0.0884541 0.1032670 0.0895510 0.0784857 0.0744336 0.0011624 0.0807374 0.0424733 0.0424733 
Phalangeridae_Trichosurus_vulpecula          0.0469822 0.0881321 0.0595253 0.0509914 0.0496101 0.0798369 0.0000000 0.0025311 0.0602667 0.0831411 0.0028899 0.0785474 0.0805278 0.0030119 0.0560528 0.0707746 0.0806911 0.0832168 0.0870977 0.0504210 0.0600628 0.1201211 0.1202994 0.0803039 0.0526729 0.0680705 0.0574400 0.0505047 0.0457878 0.0728572 0.0609475 0.0029137 0.0816875 0.0803148 0.0859379 0.0528747 0.0528747 
Phalangeridae_Spilocuscus_maculatus          0.0517280 0.0846476 0.0645662 0.0529263 0.0518895 0.0838770 0.0025311 0.0000000 0.0598898 0.0829291 0.0017778 0.0830165 0.0858874 0.0015331 0.0561776 0.0741850 0.0826349 0.0881790 0.0849306 0.0551529 0.0595318 0.1197512 0.1208856 0.0850115 0.0578709 0.0683241 0.0567523 0.0528008 0.0445773 0.0729655 0.0647973 0.0016711 0.0805569 0.0843218 0.0834136 0.0500950 0.0500950 
Potoroidae_Aepyprymnus_rufescens             0.0611954 0.0918003 0.0655948 0.0012167 0.0021864 0.0930999 0.0602667 0.0598898 0.0000000 0.0968443 0.0642886 0.0964680 0.0977638 0.0627965 0.0648578 0.0883872 0.0948232 0.1014031 0.0965864 0.0047184 0.0647660 0.1318719 0.1338127 0.0947121 0.0289600 0.0736393 0.0621241 0.0043572 0.0576808 0.0779818 0.0695252 0.0644722 0.0920560 0.0954341 0.0985537 0.0649677 0.0649677 
Peramelidae_Perameles_nasuta                 0.0842908 0.0802988 0.0898032 0.0891745 0.0880209 0.0791486 0.0831411 0.0829291 0.0968443 0.0000000 0.0855241 0.0755645 0.0818229 0.0834334 0.0846104 0.0742707 0.0812947 0.0880725 0.0029478 0.0919409 0.0923305 0.1408479 0.1277860 0.0882343 0.0873022 0.0759369 0.0862993 0.0911237 0.0783908 0.1070989 0.0852473 0.0838128 0.0021142 0.0782775 0.0000879 0.0483791 0.0483791 
Phalangeridae_Strigocuscus_pelengensis       0.0532603 0.0907996 0.0644468 0.0575685 0.0541658 0.0841609 0.0028899 0.0017778 0.0642886 0.0855241 0.0000000 0.0859083 0.0899702 0.0015656 0.0661164 0.0786747 0.0844061 0.0916618 0.0903960 0.0554193 0.0670610 0.1200200 0.1194027 0.0884018 0.0605360 0.0737181 0.0619522 0.0562608 0.0546325 0.0779888 0.0750817 0.0017028 0.0843879 0.0835505 0.0861954 0.0512180 0.0512180 
Dasyuridae_Phascogale_tapoatafa              0.0846381 0.0929103 0.0823144 0.0900444 0.0856191 0.0038102 0.0785474 0.0830165 0.0964680 0.0755645 0.0859083 0.0000000 0.0048938 0.0786539 0.0813619 0.0005354 0.0023850 0.0039950 0.0719442 0.0868319 0.0912465 0.1206281 0.1134623 0.0010939 0.0863267 0.0710142 0.0833634 0.0846290 0.0857911 0.1042442 0.0948233 0.0797064 0.0725005 0.0030716 0.0756722 0.0297096 0.0297096 
Dasyuridae_Sminthopsis_macroura              0.0898556 0.0972637 0.0898245 0.0911102 0.0901315 0.0281517 0.0805278 0.0858874 0.0977638 0.0818229 0.0899702 0.0048938 0.0000000 0.0825198 0.0851179 0.0037199 0.0068601 0.0031117 0.0789021 0.0909248 0.0922403 0.1299357 0.1213895 0.0030431 0.0880738 0.0759932 0.0833965 0.0885417 0.0804264 0.1061377 0.0974788 0.0835997 0.0753399 0.0164699 0.0827110 0.0432481 0.0432481 
Phalangeridae_Phalanger_orientalis           0.0531049 0.0879793 0.0654770 0.0568730 0.0536887 0.0786711 0.0030119 0.0015331 0.0627965 0.0834334 0.0015656 0.0786539 0.0825198 0.0000000 0.0614513 0.0701590 0.0791517 0.0833188 0.0865626 0.0568647 0.0610866 0.1236781 0.1257705 0.0802919 0.0545597 0.0692741 0.0584257 0.0557789 0.0493429 0.0753786 0.0710775 0.0003433 0.0818356 0.0823753 0.0848624 0.0525580 0.0525580 
Acrobatidae_Acrobates_pygmaeus               0.0628478 0.0905477 0.0692618 0.0607652 0.0610766 0.0833661 0.0560528 0.0561776 0.0648578 0.0846104 0.0661164 0.0813619 0.0851179 0.0614513 0.0000000 0.0784997 0.0826061 0.0888462 0.0883804 0.0650409 0.0551713 0.1266900 0.1290414 0.0870194 0.0572618 0.0757386 0.0552693 0.0627165 0.0501041 0.0759544 0.0271787 0.0602068 0.0814631 0.0821087 0.0861981 0.0539715 0.0539715 
Dasyuridae_Phascogale_calura                 0.0789285 0.0876867 0.0771653 0.0820626 0.0795092 0.0033082 0.0707746 0.0741850 0.0883872 0.0742707 0.0786747 0.0005354 0.0037199 0.0701590 0.0784997 0.0000000 0.0019850 0.0032402 0.0738501 0.0806655 0.0832651 0.1162230 0.1088646 0.0008647 0.0815964 0.0668527 0.0753158 0.0790599 0.0761012 0.0977028 0.0884531 0.0712165 0.0722613 0.0026725 0.0757126 0.0248474 0.0248474 
Dasyuridae_Sarcophilus_harrisii              0.0887885 0.0898674 0.0853574 0.0913569 0.0851296 0.0013439 0.0806911 0.0826349 0.0948232 0.0812947 0.0844061 0.0023850 0.0068601 0.0791517 0.0826061 0.0019850 0.0000000 0.0038222 0.0789860 0.0896380 0.0941482 0.1187015 0.1136665 0.0021530 0.0888915 0.0724653 0.0869334 0.0864544 0.0874070 0.1037279 0.0937094 0.0789644 0.0767299 0.0010509 0.0809731 0.0350500 0.0350500 
Dasyuridae_Planigale_tenuirostris            0.0965812 0.0972222 0.0899774 0.0938903 0.0933035 0.0047669 0.0832168 0.0881790 0.1014031 0.0880725 0.0916618 0.0039950 0.0031117 0.0833188 0.0888462 0.0032402 0.0038222 0.0000000 0.0862974 0.0940244 0.0960152 0.1300810 0.1207788 0.0032274 0.0874085 0.0715695 0.0943502 0.0940124 0.0829844 0.1104259 0.0956447 0.0847426 0.0846386 0.0047955 0.0891063 9.0000000 9.0000000 
Peramelidae_Echymipera_kalubu                0.0867166 0.0869400 0.0890095 0.0927100 0.0879718 0.0779346 0.0870977 0.0849306 0.0965864 0.0029478 0.0903960 0.0719442 0.0789021 0.0865626 0.0883804 0.0738501 0.0789860 0.0862974 0.0000000 0.0924770 0.0981067 0.1345942 0.1279518 0.0858971 0.0891263 0.0717098 0.0922874 0.0905160 0.0852002 0.1050391 0.0953826 0.0877017 0.0015293 0.0773562 0.0028194 0.0378972 0.0378972 
Macropodidae_Dorcopsulus_vanheurni           0.0533238 0.0892238 0.0613075 0.0029120 0.0037664 0.0863011 0.0504210 0.0551529 0.0047184 0.0919409 0.0554193 0.0868319 0.0909248 0.0568647 0.0650409 0.0806655 0.0896380 0.0940244 0.0924770 0.0000000 0.0650325 0.1238339 0.1193188 0.0860047 0.0283906 0.0684631 0.0635466 0.0012785 0.0594032 0.0777787 0.0733016 0.0579187 0.0880518 0.0899055 0.0920664 0.0649677 0.0649677 
Pseudochiridae_Pseudochirulus_forbesi        0.0607382 0.0948339 0.0774055 0.0627451 0.0607539 0.0939113 0.0600628 0.0595318 0.0647660 0.0923305 0.0670610 0.0912465 0.0922403 0.0610866 0.0551713 0.0832651 0.0941482 0.0960152 0.0981067 0.0650325 0.0000000 0.1341198 0.1308403 0.0928918 0.0649945 0.0809668 0.0073925 0.0633685 0.0015275 0.0657668 0.0631329 0.0635023 0.0924566 0.0926191 0.0948789 0.0663732 0.0663732 
Didelphidae_Didelphis_virginiana             0.1266103 0.1393004 0.1269659 0.1237065 0.1245741 0.1183645 0.1201211 0.1197512 0.1318719 0.1408479 0.1200200 0.1206281 0.1299357 0.1236781 0.1266900 0.1162230 0.1187015 0.1300810 0.1345942 0.1238339 0.1341198 0.0000000 0.0399097 0.1235017 0.1280782 0.1054730 0.1221028 0.1247862 0.1301555 0.1363633 0.1386805 0.1226392 0.1366810 0.1179845 0.1373392 0.0671629 0.0671629 
Marmosidae_Monodelphis_domestica             0.1270317 0.1348827 0.1257377 0.1244155 0.1270150 0.1104909 0.1202994 0.1208856 0.1338127 0.1277860 0.1194027 0.1134623 0.1213895 0.1257705 0.1290414 0.1088646 0.1136665 0.1207788 0.1279518 0.1193188 0.1308403 0.0399097 0.0000000 0.1130417 0.1221978 0.1108321 0.1211106 0.1239573 0.1238917 0.1389520 0.1486885 0.1246504 0.1331304 0.1119036 0.1259466 0.0716766 0.0716766 
Dasyuridae_Antechinus_stuartii               0.0862711 0.0962711 0.0864410 0.0887699 0.0849820 0.0029184 0.0803039 0.0850115 0.0947121 0.0882343 0.0884018 0.0010939 0.0030431 0.0802919 0.0870194 0.0008647 0.0021530 0.0032274 0.0858971 0.0860047 0.0928918 0.1235017 0.1130417 0.0000000 0.0850349 0.0702126 0.0865884 0.0858296 0.0828605 0.1096430 0.0993934 0.0815501 0.0839775 0.0028176 0.0880231 0.0528994 0.0528994 
Hypsiprymnodontidae_Hypsiprymnodon_moschatus 0.0563061 0.0907021 0.0632532 0.0192992 0.0270598 0.0885000 0.0526729 0.0578709 0.0289600 0.0873022 0.0605360 0.0863267 0.0880738 0.0545597 0.0572618 0.0815964 0.0888915 0.0874085 0.0891263 0.0283906 0.0649945 0.1280782 0.1221978 0.0850349 0.0000000 0.0726345 0.0606134 0.0310071 0.0578449 0.0804972 0.0698149 0.0562926 0.0829233 0.0905558 0.0892753 0.0815098 0.0815098 
Microbiotheriidae_Dromiciops_gliroides       0.0739125 0.0765959 0.0721147 0.0717686 0.0711956 0.0729175 0.0680705 0.0683241 0.0736393 0.0759369 0.0737181 0.0710142 0.0759932 0.0692741 0.0757386 0.0668527 0.0724653 0.0715695 0.0717098 0.0684631 0.0809668 0.1054730 0.1108321 0.0702126 0.0726345 0.0000000 0.0775494 0.0684734 0.0795129 0.0986156 0.0908110 0.0704644 0.0741119 0.0734211 0.0751449 0.0501464 0.0501464 
Pseudochiridae_Petauroides_volans            0.0589520 0.0902172 0.0697415 0.0582751 0.0575106 0.0875224 0.0574400 0.0567523 0.0621241 0.0862993 0.0619522 0.0833634 0.0833965 0.0584257 0.0552693 0.0753158 0.0869334 0.0943502 0.0922874 0.0635466 0.0073925 0.1221028 0.1211106 0.0865884 0.0606134 0.0775494 0.0000000 0.0605647 0.0032748 0.0614487 0.0606567 0.0609096 0.0852259 0.0862128 0.0886892 0.0611218 0.0611218 
Macropodidae_Wallabia_bicolor                0.0547388 0.0883597 0.0611642 0.0031301 0.0033767 0.0847758 0.0505047 0.0528008 0.0043572 0.0911237 0.0562608 0.0846290 0.0885417 0.0557789 0.0627165 0.0790599 0.0864544 0.0940124 0.0905160 0.0012785 0.0633685 0.1247862 0.1239573 0.0858296 0.0310071 0.0684734 0.0605647 0.0000000 0.0524288 0.0773557 0.0657765 0.0568352 0.0866090 0.0878267 0.0927129 0.0589918 0.0589918 
Pseudochiridae_Pseudocheirus_occidentalis    0.0601504 0.0832477 0.0666220 0.0527369 0.0481801 0.0884541 0.0457878 0.0445773 0.0576808 0.0783908 0.0546325 0.0857911 0.0804264 0.0493429 0.0501041 0.0761012 0.0874070 0.0829844 0.0852002 0.0594032 0.0015275 0.1301555 0.1238917 0.0828605 0.0578449 0.0795129 0.0032748 0.0524288 0.0000000 0.0624504 0.0561809 0.0493157 0.0784273 0.0875846 0.0802195 0.0735781 0.0735781 
Tarsipedidae_Tarsipes_rostratus              0.0775042 0.1106814 0.0881126 0.0715733 0.0725637 0.1032670 0.0728572 0.0729655 0.0779818 0.1070989 0.0779888 0.1042442 0.1061377 0.0753786 0.0759544 0.0977028 0.1037279 0.1104259 0.1050391 0.0777787 0.0657668 0.1363633 0.1389520 0.1096430 0.0804972 0.0986156 0.0614487 0.0773557 0.0624504 0.0000000 0.0772426 0.0758126 0.1011081 0.1038387 0.1058052 0.0485502 0.0485502 
Acrobatidae_Distoechurus_pennatus            0.0651305 0.0957109 0.0741706 0.0617502 0.0597619 0.0895510 0.0609475 0.0647973 0.0695252 0.0852473 0.0750817 0.0948233 0.0974788 0.0710775 0.0271787 0.0884531 0.0937094 0.0956447 0.0953826 0.0733016 0.0631329 0.1386805 0.1486885 0.0993934 0.0698149 0.0908110 0.0606567 0.0657765 0.0561809 0.0772426 0.0000000 0.0693490 0.0876620 0.0939004 0.0881205 0.0547246 0.0547246 
Phalangeridae_Phalanger_carmelitae           0.0530363 0.0864530 0.0659778 0.0585435 0.0547520 0.0784857 0.0029137 0.0016711 0.0644722 0.0838128 0.0017028 0.0797064 0.0835997 0.0003433 0.0602068 0.0712165 0.0789644 0.0847426 0.0877017 0.0579187 0.0635023 0.1226392 0.1246504 0.0815501 0.0562926 0.0704644 0.0609096 0.0568352 0.0493157 0.0758126 0.0693490 0.0000000 0.0823454 0.0809263 0.0859592 0.0525580 0.0525580 
Peramelidae_Peroryctes_raffrayana            0.0849755 0.0818883 0.0864131 0.0866457 0.0804889 0.0744336 0.0816875 0.0805569 0.0920560 0.0021142 0.0843879 0.0725005 0.0753399 0.0818356 0.0814631 0.0722613 0.0767299 0.0846386 0.0015293 0.0880518 0.0924566 0.1366810 0.1331304 0.0839775 0.0829233 0.0741119 0.0852259 0.0866090 0.0784273 0.1011081 0.0876620 0.0823454 0.0000000 0.0745798 0.0019048 0.0518074 0.0518074 
Dasyuridae_Dasyurus_geffroii                 0.0876639 0.0903738 0.0856051 0.0913906 0.0872358 0.0011624 0.0803148 0.0843218 0.0954341 0.0782775 0.0835505 0.0030716 0.0164699 0.0823753 0.0821087 0.0026725 0.0010509 0.0047955 0.0773562 0.0899055 0.0926191 0.1179845 0.1119036 0.0028176 0.0905558 0.0734211 0.0862128 0.0878267 0.0875846 0.1038387 0.0939004 0.0809263 0.0745798 0.0000000 0.0786899 0.0345449 0.0345449 
Peramelidae_Perameles_gunnii                 0.0860187 0.0865149 0.0891889 0.0909896 0.0903590 0.0807374 0.0859379 0.0834136 0.0985537 0.0000879 0.0861954 0.0756722 0.0827110 0.0848624 0.0861981 0.0757126 0.0809731 0.0891063 0.0028194 0.0920664 0.0948789 0.1373392 0.1259466 0.0880231 0.0892753 0.0751449 0.0886892 0.0927129 0.0802195 0.1058052 0.0881205 0.0859592 0.0019048 0.0786899 0.0000000 0.0460260 0.0460260 
Myrmecobiidae_Myrmecobius_fasciatus1         0.0522062 0.0573068 0.0571488 0.0653256 0.0653256 0.0424733 0.0528747 0.0500950 0.0649677 0.0483791 0.0512180 0.0297096 0.0432481 0.0525580 0.0539715 0.0248474 0.0350500 9.0000000 0.0378972 0.0649677 0.0663732 0.0671629 0.0716766 0.0528994 0.0815098 0.0501464 0.0611218 0.0589918 0.0735781 0.0485502 0.0547246 0.0525580 0.0518074 0.0345449 0.0460260 0.0000000 0.0000010 
Myrmecobiidae_Myrmecobius_fasciatus2         0.0522062 0.0573068 0.0571488 0.0653256 0.0653256 0.0424733 0.0528747 0.0500950 0.0649677 0.0483791 0.0512180 0.0297096 0.0432481 0.0525580 0.0539715 0.0248474 0.0350500 9.0000000 0.0378972 0.0649677 0.0663732 0.0671629 0.0716766 0.0528994 0.0815098 0.0501464 0.0611218 0.0589918 0.0735781 0.0485502 0.0547246 0.0525580 0.0518074 0.0345449 0.0460260 0.0000010 0.0000000 
