35
Burramyidae_Burramys_parvus                  0.0000000 0.1487013 0.0447615 0.0448362 0.0456407 0.0541142 0.0475978 0.0477543 0.0505627 0.0988437 0.0373517 0.0370994 0.0567489 0.0455665 0.0527882 0.0529527 0.0521525 0.0583986 0.0766419 0.0429581 0.0564299 0.0797331 0.0730200 0.0531964 0.0432991 0.0733484 0.0473568 0.0409858 0.0412332 0.0733406 0.0537724 0.1107338 0.0810393 0.0522776 0.0817809 
Notoryctidae_Notoryctes_typhlops             0.1487013 0.0000000 0.1378085 0.1548942 0.1494700 0.1485067 0.1514069 0.1517641 0.1545371 0.2111730 0.1342863 0.1535908 0.1521949 0.1441496 0.1460856 0.1469181 0.1447490 0.1809263 0.1718861 0.1631810 0.1665095 0.1981841 0.1706853 0.1496671 0.1424109 0.1619892 0.1531761 0.1451754 0.1477669 0.1690941 0.1605083 0.0821335 0.1734917 0.1441637 0.1942455 
Vombatidae_Lasiorhinus_latifrons             0.0447615 0.1378085 0.0000000 0.0465783 0.0465092 0.0440889 0.0464084 0.0484062 0.0481321 0.0884556 0.0368710 0.0332437 0.0474512 0.0446422 0.0504065 0.0448942 0.0422690 0.0510350 0.0662708 0.0402351 0.0571795 0.0803232 0.0684359 0.0450610 0.0448761 0.0644656 0.0448108 0.0394426 0.0398365 0.0639216 0.0518379 0.1056940 0.0721413 0.0423670 0.0742693 
Potoroidae_Bettongia_penicillata             0.0448362 0.1548942 0.0465783 0.0000000 0.0055366 0.0540917 0.0525938 0.0475641 0.0162172 0.0970595 0.0385894 0.0441028 0.0660961 0.0456693 0.0582923 0.0573932 0.0554795 0.0626420 0.0763563 0.0183406 0.0599990 0.0845023 0.0799158 0.0583671 0.0335272 0.0810238 0.0498219 0.0170466 0.0417376 0.0717591 0.0546809 0.1073918 0.0789178 0.0539511 0.0835323 
Potoroidae_Bettongia_lesueur                 0.0456407 0.1494700 0.0465092 0.0055366 0.0000000 0.0540514 0.0533370 0.0493108 0.0147727 0.0980423 0.0401578 0.0432869 0.0659885 0.0464396 0.0582000 0.0573041 0.0553945 0.0616154 0.0762863 0.0157684 0.0599045 0.0865234 0.0797693 0.0583678 0.0319544 0.0791147 0.0498251 0.0155837 0.0408415 0.0708811 0.0545963 0.1043741 0.0805979 0.0538690 0.0855731 
Dasyuridae_Dasyurus_maculatus                0.0541142 0.1485067 0.0440889 0.0540917 0.0540514 0.0000000 0.0600817 0.0553579 0.0540533 0.0902028 0.0491574 0.0097605 0.0228974 0.0562513 0.0565042 0.0119507 0.0027548 0.0364020 0.0701989 0.0451678 0.0650274 0.0809014 0.0733602 0.0119931 0.0474673 0.0801718 0.0530940 0.0444221 0.0380026 0.0726850 0.0594805 0.1226466 0.0762704 0.0041420 0.0769707 
Phalangeridae_Trichosurus_vulpecula          0.0475978 0.1514069 0.0464084 0.0525938 0.0533370 0.0600817 0.0000000 0.0207793 0.0566755 0.1127422 0.0174790 0.0473146 0.0679538 0.0170039 0.0532359 0.0617758 0.0580802 0.0697207 0.0894019 0.0500699 0.0616313 0.0961564 0.0827866 0.0611648 0.0483822 0.0882663 0.0498982 0.0445114 0.0456018 0.0728593 0.0579226 0.0744666 0.0968614 0.0582190 0.0921212 
Phalangeridae_Spilocuscus_maculatus          0.0477543 0.1517641 0.0484062 0.0475641 0.0493108 0.0553579 0.0207793 0.0000000 0.0501659 0.1086779 0.0089137 0.0469707 0.0640903 0.0094046 0.0534436 0.0562710 0.0533853 0.0702239 0.0851497 0.0461529 0.0587458 0.0955738 0.0794526 0.0563991 0.0451541 0.0837374 0.0474665 0.0386107 0.0443754 0.0692197 0.0558379 0.0685692 0.0929966 0.0535164 0.0865521 
Potoroidae_Aepyprymnus_rufescens             0.0505627 0.1545371 0.0481321 0.0162172 0.0147727 0.0540533 0.0566755 0.0501659 0.0000000 0.1060702 0.0442107 0.0423118 0.0677175 0.0513210 0.0599090 0.0582043 0.0553966 0.0582569 0.0834975 0.0218154 0.0649940 0.0906873 0.0805223 0.0576021 0.0334884 0.0800845 0.0531129 0.0185055 0.0416723 0.0754827 0.0596588 0.1113412 0.0879549 0.0555281 0.0926029 
Peramelidae_Perameles_nasuta                 0.0988437 0.2111730 0.0884556 0.0970595 0.0980423 0.0902028 0.1127422 0.1086779 0.1060702 0.0000000 0.0963348 0.0768148 0.0952254 0.1084449 0.1036320 0.0912678 0.0898749 0.0878651 0.0279066 0.1031797 0.1039935 0.1262943 0.1173722 0.0932423 0.1030556 0.1254819 0.0916133 0.0911241 0.0836824 0.1266901 0.1035229 0.1957959 0.0325656 0.0861116 0.0170006 
Phalangeridae_Strigocuscus_pelengensis       0.0373517 0.1342863 0.0368710 0.0385894 0.0401578 0.0491574 0.0174790 0.0089137 0.0442107 0.0963348 0.0000000 0.0346280 0.0560907 0.0063858 0.0455702 0.0499493 0.0473979 0.0577498 0.0753058 0.0373670 0.0509009 0.0841958 0.0726114 0.0500651 0.0386118 0.0761595 0.0401781 0.0331099 0.0339213 0.0642799 0.0488496 0.0620466 0.0823499 0.0473979 0.0812431 
Dasyuridae_Phascogale_tapoatafa              0.0370994 0.1535908 0.0332437 0.0441028 0.0432869 0.0097605 0.0473146 0.0469707 0.0423118 0.0768148 0.0346280 0.0000000 0.0207283 0.0441437 0.0467107 0.0000010 0.0080728 0.0353749 0.0539400 0.0329900 0.0422883 0.0691142 0.0570410 0.0048232 0.0332909 0.0652505 0.0358378 0.0343062 0.0352383 0.0577594 0.0504184 0.1219243 0.0586407 0.0080944 0.0595040 
Dasyuridae_Sminthopsis_macroura              0.0567489 0.1521949 0.0474512 0.0660961 0.0659885 0.0228974 0.0679538 0.0640903 0.0677175 0.0952254 0.0560907 0.0207283 0.0000000 0.0640135 0.0625995 0.0229685 0.0214306 0.0314981 0.0729210 0.0589072 0.0678032 0.0865819 0.0761231 0.0230856 0.0574885 0.0862711 0.0582719 0.0568843 0.0455278 0.0721010 0.0632380 0.1336631 0.0779451 0.0244383 0.0809282 
Phalangeridae_Phalanger_orientalis           0.0455665 0.1441496 0.0446422 0.0456693 0.0464396 0.0562513 0.0170039 0.0094046 0.0513210 0.1084449 0.0063858 0.0441437 0.0640135 0.0000000 0.0519479 0.0579585 0.0543487 0.0647948 0.0858388 0.0457361 0.0569477 0.0931039 0.0792107 0.0572556 0.0440118 0.0825677 0.0461855 0.0377452 0.0405668 0.0684996 0.0516256 0.0566095 0.0932076 0.0544770 0.0892533 
Acrobatidae_Acrobates_pygmaeus               0.0527882 0.1460856 0.0504065 0.0582923 0.0582000 0.0565042 0.0532359 0.0534436 0.0599090 0.1036320 0.0455702 0.0467107 0.0625995 0.0519479 0.0000000 0.0573549 0.0545303 0.0673312 0.0812042 0.0497721 0.0555418 0.0842193 0.0761065 0.0575844 0.0497941 0.0853603 0.0421957 0.0475213 0.0392957 0.0638440 0.0272313 0.1126265 0.0856238 0.0546522 0.0914817 
Dasyuridae_Phascogale_calura                 0.0529527 0.1469181 0.0448942 0.0573932 0.0573041 0.0119507 0.0617758 0.0562710 0.0582043 0.0912678 0.0499493 0.0000010 0.0229685 0.0579585 0.0573549 0.0000000 0.0104841 0.0354433 0.0701686 0.0498130 0.0624857 0.0808641 0.0710396 0.0076652 0.0499184 0.0790512 0.0539649 0.0492913 0.0353643 0.0748392 0.0596363 0.1273112 0.0733990 0.0119278 0.0759609 
Dasyuridae_Sarcophilus_harrisii              0.0521525 0.1447490 0.0422690 0.0554795 0.0553945 0.0027548 0.0580802 0.0533853 0.0553966 0.0898749 0.0473979 0.0080728 0.0214306 0.0543487 0.0545303 0.0104841 0.0000000 0.0372447 0.0689978 0.0468083 0.0629785 0.0830450 0.0730427 0.0105210 0.0472083 0.0778765 0.0512176 0.0442153 0.0359558 0.0717104 0.0566464 0.1206906 0.0749496 0.0027477 0.0755946 
Dasyuridae_Planigale_tenuirostris            0.0583986 0.1809263 0.0510350 0.0626420 0.0616154 0.0364020 0.0697207 0.0702239 0.0582569 0.0878651 0.0577498 0.0353749 0.0314981 0.0647948 0.0673312 0.0354433 0.0372447 0.0000000 0.0674587 0.0595705 0.0625643 0.0890145 0.0780826 0.0354752 0.0553016 0.0845357 0.0528802 0.0519361 0.0574396 0.0720134 0.0700320 0.1510618 0.0738288 0.0373606 0.0766953 
Peramelidae_Echymipera_kalubu                0.0766419 0.1718861 0.0662708 0.0763563 0.0762863 0.0701989 0.0894019 0.0851497 0.0834975 0.0279066 0.0753058 0.0539400 0.0729210 0.0858388 0.0812042 0.0701686 0.0689978 0.0674587 0.0000000 0.0738576 0.0819204 0.1030616 0.0925876 0.0730452 0.0790168 0.1004328 0.0727141 0.0676865 0.0573558 0.1005402 0.0799515 0.1573801 0.0105684 0.0665460 0.0122469 
Macropodidae_Dorcopsulus_vanheurni           0.0429581 0.1631810 0.0402351 0.0183406 0.0157684 0.0451678 0.0500699 0.0461529 0.0218154 0.1031797 0.0373670 0.0329900 0.0589072 0.0457361 0.0497721 0.0498130 0.0468083 0.0595705 0.0738576 0.0000000 0.0545952 0.0772959 0.0676873 0.0488567 0.0253515 0.0732686 0.0429085 0.0057303 0.0310267 0.0649892 0.0506055 0.1215083 0.0811510 0.0469376 0.0872466 
Pseudochiridae_Pseudochirulus_forbesi        0.0564299 0.1665095 0.0571795 0.0599990 0.0599045 0.0650274 0.0616313 0.0587458 0.0649940 0.1039935 0.0509009 0.0422883 0.0678032 0.0569477 0.0555418 0.0624857 0.0629785 0.0625643 0.0819204 0.0545952 0.0000000 0.0926234 0.0823826 0.0635855 0.0523363 0.0938105 0.0359272 0.0542556 0.0235567 0.0744004 0.0611417 0.1245503 0.0889223 0.0631297 0.0869385 
Didelphidae_Didelphis_virginiana             0.0797331 0.1981841 0.0803232 0.0845023 0.0865234 0.0809014 0.0961564 0.0955738 0.0906873 0.1262943 0.0841958 0.0691142 0.0865819 0.0931039 0.0842193 0.0808641 0.0830450 0.0890145 0.1030616 0.0772959 0.0926234 0.0000000 0.0351369 0.0840284 0.0866741 0.1060813 0.0778040 0.0831640 0.0728161 0.0937577 0.0875566 0.1759811 0.1109317 0.0791145 0.1060957 
Marmosidae_Monodelphis_domestica             0.0730200 0.1706853 0.0684359 0.0799158 0.0797693 0.0733602 0.0827866 0.0794526 0.0805223 0.1173722 0.0726114 0.0570410 0.0761231 0.0792107 0.0761065 0.0710396 0.0730427 0.0780826 0.0925876 0.0676873 0.0823826 0.0351369 0.0000000 0.0742707 0.0751371 0.0911457 0.0682925 0.0707197 0.0582976 0.0847832 0.0797509 0.1538717 0.0973548 0.0732532 0.0962174 
Dasyuridae_Antechinus_stuartii               0.0531964 0.1496671 0.0450610 0.0583671 0.0583678 0.0119931 0.0611648 0.0563991 0.0576021 0.0932423 0.0500651 0.0048232 0.0230856 0.0572556 0.0575844 0.0076652 0.0105210 0.0354752 0.0730452 0.0488567 0.0635855 0.0840284 0.0742707 0.0000000 0.0492894 0.0791111 0.0539984 0.0485442 0.0382752 0.0759385 0.0615777 0.1257880 0.0773851 0.0119699 0.0790490 
Hypsiprymnodontidae_Hypsiprymnodon_moschatus 0.0432991 0.1424109 0.0448761 0.0335272 0.0319544 0.0474673 0.0483822 0.0451541 0.0334884 0.1030556 0.0386118 0.0332909 0.0574885 0.0440118 0.0497941 0.0499184 0.0472083 0.0553016 0.0790168 0.0253515 0.0523363 0.0866741 0.0751371 0.0492894 0.0000000 0.0810630 0.0400572 0.0207662 0.0317109 0.0648681 0.0528843 0.1026760 0.0861563 0.0473189 0.0865932 
Microbiotheriidae_Dromiciops_gliroides       0.0733484 0.1619892 0.0644656 0.0810238 0.0791147 0.0801718 0.0882663 0.0837374 0.0800845 0.1254819 0.0761595 0.0652505 0.0862711 0.0825677 0.0853603 0.0790512 0.0778765 0.0845357 0.1004328 0.0732686 0.0938105 0.1060813 0.0911457 0.0791111 0.0810630 0.0000000 0.0799280 0.0736289 0.0604078 0.1094405 0.0855772 0.1461143 0.1002599 0.0780805 0.1123901 
Pseudochiridae_Petauroides_volans            0.0473568 0.1531761 0.0448108 0.0498219 0.0498251 0.0530940 0.0498982 0.0474665 0.0531129 0.0916133 0.0401781 0.0358378 0.0582719 0.0461855 0.0421957 0.0539649 0.0512176 0.0528802 0.0727141 0.0429085 0.0359272 0.0778040 0.0682925 0.0539984 0.0400572 0.0799280 0.0000000 0.0394030 0.0235530 0.0518142 0.0476137 0.1097180 0.0768310 0.0513382 0.0786517 
Macropodidae_Wallabia_bicolor                0.0409858 0.1451754 0.0394426 0.0170466 0.0155837 0.0444221 0.0445114 0.0386107 0.0185055 0.0911241 0.0331099 0.0343062 0.0568843 0.0377452 0.0475213 0.0492913 0.0442153 0.0519361 0.0676865 0.0057303 0.0542556 0.0831640 0.0707197 0.0485442 0.0207662 0.0736289 0.0394030 0.0000000 0.0291465 0.0614293 0.0465465 0.0968728 0.0745897 0.0443189 0.0788509 
Pseudochiridae_Pseudocheirus_occidentalis    0.0412332 0.1477669 0.0398365 0.0417376 0.0408415 0.0380026 0.0456018 0.0443754 0.0416723 0.0836824 0.0339213 0.0352383 0.0455278 0.0405668 0.0392957 0.0353643 0.0359558 0.0574396 0.0573558 0.0310267 0.0235567 0.0728161 0.0582976 0.0382752 0.0317109 0.0604078 0.0235530 0.0291465 0.0000000 0.0539006 0.0428470 0.1156451 0.0620757 0.0360585 0.0665436 
Tarsipedidae_Tarsipes_rostratus              0.0733406 0.1690941 0.0639216 0.0717591 0.0708811 0.0726850 0.0728593 0.0692197 0.0754827 0.1266901 0.0642799 0.0577594 0.0721010 0.0684996 0.0638440 0.0748392 0.0717104 0.0720134 0.1005402 0.0649892 0.0744004 0.0937577 0.0847832 0.0759385 0.0648681 0.1094405 0.0518142 0.0614293 0.0539006 0.0000000 0.0639623 0.1351062 0.1040184 0.0718895 0.1083270 
Acrobatidae_Distoechurus_pennatus            0.0537724 0.1605083 0.0518379 0.0546809 0.0545963 0.0594805 0.0579226 0.0558379 0.0596588 0.1035229 0.0488496 0.0504184 0.0632380 0.0516256 0.0272313 0.0596363 0.0566464 0.0700320 0.0799515 0.0506055 0.0611417 0.0875566 0.0797509 0.0615777 0.0528843 0.0855772 0.0476137 0.0465465 0.0428470 0.0639623 0.0000000 0.1097551 0.0867132 0.0559372 0.0912528 
Phalangeridae_Phalanger_carmelitae           0.1107338 0.0821335 0.1056940 0.1073918 0.1043741 0.1226466 0.0744666 0.0685692 0.1113412 0.1957959 0.0620466 0.1219243 0.1336631 0.0566095 0.1126265 0.1273112 0.1206906 0.1510618 0.1573801 0.1215083 0.1245503 0.1759811 0.1538717 0.1257880 0.1026760 0.1461143 0.1097180 0.0968728 0.1156451 0.1351062 0.1097551 0.0000000 0.1680240 0.1210444 0.1740458 
Peramelidae_Peroryctes_raffrayana            0.0810393 0.1734917 0.0721413 0.0789178 0.0805979 0.0762704 0.0968614 0.0929966 0.0879549 0.0325656 0.0823499 0.0586407 0.0779451 0.0932076 0.0856238 0.0733990 0.0749496 0.0738288 0.0105684 0.0811510 0.0889223 0.1109317 0.0973548 0.0773851 0.0861563 0.1002599 0.0768310 0.0745897 0.0620757 0.1040184 0.0867132 0.1680240 0.0000000 0.0724491 0.0163094 
Dasyuridae_Dasyurus_geffroii                 0.0522776 0.1441637 0.0423670 0.0539511 0.0538690 0.0041420 0.0582190 0.0535164 0.0555281 0.0861116 0.0473979 0.0080944 0.0244383 0.0544770 0.0546522 0.0119278 0.0027477 0.0373606 0.0665460 0.0469376 0.0631297 0.0791145 0.0732532 0.0119699 0.0473189 0.0780805 0.0513382 0.0443189 0.0360585 0.0718895 0.0559372 0.1210444 0.0724491 0.0000000 0.0728691 
Peramelidae_Perameles_gunnii                 0.0817809 0.1942455 0.0742693 0.0835323 0.0855731 0.0769707 0.0921212 0.0865521 0.0926029 0.0170006 0.0812431 0.0595040 0.0809282 0.0892533 0.0914817 0.0759609 0.0755946 0.0766953 0.0122469 0.0872466 0.0869385 0.1060957 0.0962174 0.0790490 0.0865932 0.1123901 0.0786517 0.0788509 0.0665436 0.1083270 0.0912528 0.1740458 0.0163094 0.0728691 0.0000000 
