35
Burramyidae_Burramys_parvus                  0.0000000 0.0826449 0.0668596 0.1061779 0.1039640 0.1041260 0.0488222 0.0557753 0.0970795 0.1033468 0.0545699 0.1021788 0.1044142 0.0529274 0.0516730 0.1037807 0.1084717 0.0891541 0.0929433 0.0841201 0.0498657 0.1117441 0.1202948 0.0969840 0.1067258 0.0926049 0.0529562 0.0824371 0.0645335 0.0724265 0.0577440 0.0526166 0.0965552 0.0984820 0.0629364 
Notoryctidae_Notoryctes_typhlops             0.0826449 0.0000000 0.0858762 0.1406014 0.1365102 0.1053625 0.0832958 0.0931022 0.1306683 0.1222870 0.0821392 0.0951400 0.1018995 0.0827964 0.0877852 0.0971977 0.1052460 0.0881272 0.0911594 0.1153071 0.0804309 0.1220924 0.1264135 0.0947093 0.1462416 0.0925079 0.0795603 0.1156230 0.0944187 0.1047530 0.0880655 0.0856378 0.0984137 0.1165585 0.0641499 
Vombatidae_Lasiorhinus_latifrons             0.0668596 0.0858762 0.0000000 0.1245037 0.1264964 0.1077036 0.0596982 0.0737881 0.1126918 0.1179972 0.0632503 0.0993320 0.1018990 0.0674999 0.0726116 0.1014017 0.1123776 0.0875618 0.0972822 0.1011818 0.0619024 0.1203555 0.1228295 0.0930316 0.1335499 0.0898477 0.0602915 0.1011305 0.0797018 0.0847568 0.0717764 0.0663278 0.1030479 0.1128345 0.0627084 
Potoroidae_Bettongia_penicillata             0.1061779 0.1406014 0.1245037 0.0000000 0.0177926 0.1543393 0.1113926 0.1195628 0.0623629 0.1439874 0.1115621 0.1672254 0.1624640 0.1170350 0.1128723 0.1682445 0.1667472 0.1417320 0.1387079 0.0675433 0.1035158 0.1660634 0.1716058 0.1618308 0.0985591 0.1486401 0.1169046 0.0658236 0.1296699 0.1341994 0.1239201 0.1149781 0.1330997 0.1401178 0.0993744 
Potoroidae_Bettongia_lesueur                 0.1039640 0.1365102 0.1264964 0.0177926 0.0000000 0.1477390 0.1125543 0.1234774 0.0695712 0.1313781 0.1143837 0.1678190 0.1663809 0.1186266 0.1095068 0.1694442 0.1674816 0.1446111 0.1377803 0.0698291 0.1005406 0.1634889 0.1665312 0.1655587 0.0977565 0.1538423 0.1199736 0.0655812 0.1300322 0.1332074 0.1227159 0.1171098 0.1336234 0.1300516 0.0975847 
Dasyuridae_Dasyurus_maculatus                0.1041260 0.1053625 0.1077036 0.1543393 0.1477390 0.0000000 0.1092707 0.1130723 0.1742201 0.1617242 0.1014061 0.0219370 0.0306938 0.1080547 0.1138922 0.0239715 0.0116959 0.0279280 0.1337130 0.1503622 0.1111903 0.1349327 0.1481584 0.0234092 0.1500223 0.1038406 0.1086293 0.1507185 0.1178710 0.1341723 0.1245301 0.1105053 0.1336158 0.1514300 0.0063894 
Phalangeridae_Trichosurus_vulpecula          0.0488222 0.0832958 0.0596982 0.1113926 0.1125543 0.1092707 0.0000000 0.0296182 0.0954656 0.1139008 0.0304274 0.0965595 0.1002046 0.0272920 0.0516016 0.0985904 0.1087420 0.0820285 0.0943215 0.0840370 0.0484233 0.1078412 0.1163139 0.0906160 0.1143747 0.0859879 0.0463225 0.0824224 0.0610594 0.0739645 0.0551476 0.0253433 0.0997689 0.1090286 0.0647139 
Phalangeridae_Spilocuscus_maculatus          0.0557753 0.0931022 0.0737881 0.1195628 0.1234774 0.1130723 0.0296182 0.0000000 0.1089837 0.1284117 0.0322682 0.1114974 0.1108057 0.0265285 0.0624979 0.1136442 0.1234225 0.0980925 0.1070260 0.0991919 0.0492292 0.1218060 0.1273707 0.1055871 0.1246648 0.0977930 0.0572797 0.0961205 0.0681741 0.0854022 0.0645614 0.0250619 0.1133306 0.1233273 0.0735463 
Potoroidae_Aepyprymnus_rufescens             0.0970795 0.1306683 0.1126918 0.0623629 0.0695712 0.1742201 0.0954656 0.1089837 0.0000000 0.1336731 0.1004034 0.1522119 0.1541226 0.1026406 0.1011724 0.1546804 0.1561314 0.1292215 0.1307265 0.0553606 0.1218328 0.1503904 0.1565884 0.1468015 0.1036171 0.1422256 0.1039611 0.0537632 0.1261483 0.1246959 0.1125776 0.1034181 0.1305862 0.1308604 0.0922899 
Peramelidae_Perameles_nasuta                 0.1033468 0.1222870 0.1179972 0.1439874 0.1313781 0.1617242 0.1139008 0.1284117 0.1336731 0.0000000 0.1203719 0.1470651 0.1540274 0.1231480 0.1021969 0.1500413 0.1529494 0.1250740 0.0437737 0.1165379 0.1289076 0.1488100 0.1507737 0.1440769 0.1449829 0.1226445 0.1124738 0.1164337 0.1322960 0.1316684 0.1205985 0.1230355 0.0367257 0.0052404 0.0967378 
Phalangeridae_Strigocuscus_pelengensis       0.0545699 0.0821392 0.0632503 0.1115621 0.1143837 0.1014061 0.0304274 0.0322682 0.1004034 0.1203719 0.0000000 0.0997302 0.1010627 0.0262481 0.0599318 0.1018212 0.1115938 0.0855875 0.0980761 0.0918328 0.0499761 0.1119381 0.1180017 0.0951111 0.1153820 0.0878030 0.0521823 0.0907339 0.0673649 0.0772770 0.0612318 0.0262977 0.1041496 0.1153018 0.0650715 
Dasyuridae_Phascogale_tapoatafa              0.1021788 0.0951400 0.0993320 0.1672254 0.1678190 0.0219370 0.0965595 0.1114974 0.1522119 0.1470651 0.0997302 0.0000000 0.0242524 0.1045541 0.1092873 0.0054552 0.0197489 0.0189087 0.1221037 0.1368203 0.1048162 0.1351455 0.1405137 0.0070689 0.1731657 0.1085659 0.0987719 0.1375762 0.1171306 0.1196232 0.1119970 0.1030912 0.1310508 0.1390531 0.0145582 
Dasyuridae_Sminthopsis_macroura              0.1044142 0.1018995 0.1018990 0.1624640 0.1663809 0.0306938 0.1002046 0.1108057 0.1541226 0.1540274 0.1010627 0.0242524 0.0000000 0.1048548 0.1123232 0.0248115 0.0327611 0.0161727 0.1282813 0.1367188 0.1051242 0.1365482 0.1431061 0.0251008 0.1737286 0.1131904 0.1038903 0.1370804 0.1213799 0.1249208 0.1141813 0.1040503 0.1359262 0.1456895 0.0224794 
Phalangeridae_Phalanger_orientalis           0.0529274 0.0827964 0.0674999 0.1170350 0.1186266 0.1080547 0.0272920 0.0265285 0.1026406 0.1231480 0.0262481 0.1045541 0.1048548 0.0000000 0.0590121 0.1066403 0.1170246 0.0898580 0.1009202 0.0937436 0.0475788 0.1164392 0.1234107 0.0992678 0.1148673 0.0928231 0.0509566 0.0920012 0.0635104 0.0796103 0.0588261 0.0142451 0.1067903 0.1181363 0.0697166 
Acrobatidae_Acrobates_pygmaeus               0.0516730 0.0877852 0.0726116 0.1128723 0.1095068 0.1138922 0.0516016 0.0624979 0.1011724 0.1021969 0.0599318 0.1092873 0.1123232 0.0590121 0.0000000 0.1114320 0.1156956 0.0942821 0.0993965 0.0894097 0.0554525 0.1165770 0.1267186 0.1026031 0.1074096 0.0963707 0.0501643 0.0861913 0.0637754 0.0707612 0.0429366 0.0593611 0.1002809 0.1009672 0.0674154 
Dasyuridae_Phascogale_calura                 0.1037807 0.0971977 0.1014017 0.1682445 0.1694442 0.0239715 0.0985904 0.1136442 0.1546804 0.1500413 0.1018212 0.0054552 0.0248115 0.1066403 0.1114320 0.0000000 0.0212809 0.0204936 0.1248304 0.1385599 0.1061845 0.1380137 0.1428794 0.0089849 0.1758214 0.1107529 0.0997954 0.1393639 0.1189038 0.1214491 0.1134382 0.1051762 0.1340151 0.1419886 0.0160265 
Dasyuridae_Sarcophilus_harrisii              0.1084717 0.1052460 0.1123776 0.1667472 0.1674816 0.0116959 0.1087420 0.1234225 0.1561314 0.1529494 0.1115938 0.0197489 0.0327611 0.1170246 0.1156956 0.0212809 0.0000000 0.0248419 0.1301552 0.1381999 0.1159691 0.1463841 0.1531616 0.0224228 0.1749518 0.1201089 0.1101799 0.1378127 0.1315830 0.1318970 0.1231762 0.1155623 0.1330376 0.1450447 0.0095376 
Dasyuridae_Planigale_tenuirostris            0.0891541 0.0881272 0.0875618 0.1417320 0.1446111 0.0279280 0.0820285 0.0980925 0.1292215 0.1250740 0.0855875 0.0189087 0.0161727 0.0898580 0.0942821 0.0204936 0.0248419 0.0000000 0.1104443 0.1141920 0.0892581 0.1271958 0.1293054 0.0196658 0.1487842 0.1002408 0.0903729 0.1154839 0.1074296 0.1089471 0.0961442 0.0880360 0.1148988 0.1195955 0.0196847 
Peramelidae_Echymipera_kalubu                0.0929433 0.0911594 0.0972822 0.1387079 0.1377803 0.1337130 0.0943215 0.1070260 0.1307265 0.0437737 0.0980761 0.1221037 0.1282813 0.1009202 0.0993965 0.1248304 0.1301552 0.1104443 0.0000000 0.1134279 0.0954996 0.1330474 0.1342103 0.1196059 0.1418399 0.1018629 0.0896233 0.1108164 0.1098756 0.1104481 0.1008203 0.1007753 0.0255166 0.0384730 0.0826355 
Macropodidae_Dorcopsulus_vanheurni           0.0841201 0.1153071 0.1011818 0.0675433 0.0698291 0.1503622 0.0840370 0.0991919 0.0553606 0.1165379 0.0918328 0.1368203 0.1367188 0.0937436 0.0894097 0.1385599 0.1381999 0.1141920 0.1134279 0.0000000 0.1070798 0.1345234 0.1423126 0.1324972 0.0872911 0.1301464 0.0928844 0.0174576 0.1122292 0.1094399 0.0980964 0.0951456 0.1102206 0.1130849 0.0825622 
Pseudochiridae_Pseudochirulus_forbesi        0.0498657 0.0804309 0.0619024 0.1035158 0.1005406 0.1111903 0.0484233 0.0492292 0.1218328 0.1289076 0.0499761 0.1048162 0.1051242 0.0475788 0.0554525 0.1061845 0.1159691 0.0892581 0.0954996 0.1070798 0.0000000 0.1066165 0.1192011 0.0946460 0.1024649 0.0769480 0.0327298 0.1050334 0.0140210 0.0711863 0.0503667 0.0493518 0.1031797 0.1219252 0.0736302 
Didelphidae_Didelphis_virginiana             0.1117441 0.1220924 0.1203555 0.1660634 0.1634889 0.1349327 0.1078412 0.1218060 0.1503904 0.1488100 0.1119381 0.1351455 0.1365482 0.1164392 0.1165770 0.1380137 0.1463841 0.1271958 0.1330474 0.1345234 0.1066165 0.0000000 0.0489866 0.1301067 0.1665406 0.1291326 0.1148798 0.1320652 0.1257426 0.1241280 0.1212488 0.1133430 0.1406003 0.1423944 0.0841798 
Marmosidae_Monodelphis_domestica             0.1202948 0.1264135 0.1228295 0.1716058 0.1665312 0.1481584 0.1163139 0.1273707 0.1565884 0.1507737 0.1180017 0.1405137 0.1431061 0.1234107 0.1267186 0.1428794 0.1531616 0.1293054 0.1342103 0.1423126 0.1192011 0.0489866 0.0000000 0.1350475 0.1650402 0.1367554 0.1246173 0.1384344 0.1311681 0.1348513 0.1305878 0.1211747 0.1407587 0.1425772 0.0873310 
Dasyuridae_Antechinus_stuartii               0.0969840 0.0947093 0.0930316 0.1618308 0.1655587 0.0234092 0.0906160 0.1055871 0.1468015 0.1440769 0.0951111 0.0070689 0.0251008 0.0992678 0.1026031 0.0089849 0.0224228 0.0196658 0.1196059 0.1324972 0.0946460 0.1301067 0.1350475 0.0000000 0.1686754 0.1081011 0.0923702 0.1325272 0.1091138 0.1157014 0.1060513 0.0971505 0.1297600 0.1368304 0.0154023 
Hypsiprymnodontidae_Hypsiprymnodon_moschatus 0.1067258 0.1462416 0.1335499 0.0985591 0.0977565 0.1500223 0.1143747 0.1246648 0.1036171 0.1449829 0.1153820 0.1731657 0.1737286 0.1148673 0.1074096 0.1758214 0.1749518 0.1487842 0.1418399 0.0872911 0.1024649 0.1665406 0.1650402 0.1686754 0.0000000 0.1448887 0.1196001 0.0829648 0.1281628 0.1360038 0.1272231 0.1205178 0.1432202 0.1382583 0.1036332 
Microbiotheriidae_Dromiciops_gliroides       0.0926049 0.0925079 0.0898477 0.1486401 0.1538423 0.1038406 0.0859879 0.0977930 0.1422256 0.1226445 0.0878030 0.1085659 0.1131904 0.0928231 0.0963707 0.1107529 0.1201089 0.1002408 0.1018629 0.1301464 0.0769480 0.1291326 0.1367554 0.1081011 0.1448887 0.0000000 0.0874871 0.1257709 0.1055020 0.1041405 0.0991477 0.0915166 0.1088543 0.1181527 0.0739718 
Pseudochiridae_Petauroides_volans            0.0529562 0.0795603 0.0602915 0.1169046 0.1199736 0.1086293 0.0463225 0.0572797 0.1039611 0.1124738 0.0521823 0.0987719 0.1038903 0.0509566 0.0501643 0.0997954 0.1101799 0.0903729 0.0896233 0.0928844 0.0327298 0.1148798 0.1246173 0.0923702 0.1196001 0.0874871 0.0000000 0.0913525 0.0444089 0.0637926 0.0511967 0.0518245 0.0979201 0.1080311 0.0643311 
Macropodidae_Wallabia_bicolor                0.0824371 0.1156230 0.1011305 0.0658236 0.0655812 0.1507185 0.0824224 0.0961205 0.0537632 0.1164337 0.0907339 0.1375762 0.1370804 0.0920012 0.0861913 0.1393639 0.1378127 0.1154839 0.1108164 0.0174576 0.1050334 0.1320652 0.1384344 0.1325272 0.0829648 0.1257709 0.0913525 0.0000000 0.1098833 0.1051363 0.0983566 0.0920712 0.1103102 0.1140337 0.0820588 
Pseudochiridae_Pseudocheirus_occidentalis    0.0645335 0.0944187 0.0797018 0.1296699 0.1300322 0.1178710 0.0610594 0.0681741 0.1261483 0.1322960 0.0673649 0.1171306 0.1213799 0.0635104 0.0637754 0.1189038 0.1315830 0.1074296 0.1098756 0.1122292 0.0140210 0.1257426 0.1311681 0.1091138 0.1281628 0.1055020 0.0444089 0.1098833 0.0000000 0.0795415 0.0630874 0.0656588 0.1170791 0.1271406 0.0810901 
Tarsipedidae_Tarsipes_rostratus              0.0724265 0.1047530 0.0847568 0.1341994 0.1332074 0.1341723 0.0739645 0.0854022 0.1246959 0.1316684 0.0772770 0.1196232 0.1249208 0.0796103 0.0707612 0.1214491 0.1318970 0.1089471 0.1104481 0.1094399 0.0711863 0.1241280 0.1348513 0.1157014 0.1360038 0.1041405 0.0637926 0.1051363 0.0795415 0.0000000 0.0747658 0.0800539 0.1148416 0.1277022 0.0764687 
Acrobatidae_Distoechurus_pennatus            0.0577440 0.0880655 0.0717764 0.1239201 0.1227159 0.1245301 0.0551476 0.0645614 0.1125776 0.1205985 0.0612318 0.1119970 0.1141813 0.0588261 0.0429366 0.1134382 0.1231762 0.0961442 0.1008203 0.0980964 0.0503667 0.1212488 0.1305878 0.1060513 0.1272231 0.0991477 0.0511967 0.0983566 0.0630874 0.0747658 0.0000000 0.0608899 0.1040313 0.1156071 0.0757430 
Phalangeridae_Phalanger_carmelitae           0.0526166 0.0856378 0.0663278 0.1149781 0.1171098 0.1105053 0.0253433 0.0250619 0.1034181 0.1230355 0.0262977 0.1030912 0.1040503 0.0142451 0.0593611 0.1051762 0.1155623 0.0880360 0.1007753 0.0951456 0.0493518 0.1133430 0.1211747 0.0971505 0.1205178 0.0915166 0.0518245 0.0920712 0.0656588 0.0800539 0.0608899 0.0000000 0.1067047 0.1180073 0.0684936 
Peramelidae_Peroryctes_raffrayana            0.0965552 0.0984137 0.1030479 0.1330997 0.1336234 0.1336158 0.0997689 0.1133306 0.1305862 0.0367257 0.1041496 0.1310508 0.1359262 0.1067903 0.1002809 0.1340151 0.1330376 0.1148988 0.0255166 0.1102206 0.1031797 0.1406003 0.1407587 0.1297600 0.1432202 0.1088543 0.0979201 0.1103102 0.1170791 0.1148416 0.1040313 0.1067047 0.0000000 0.0338876 0.0816040 
Peramelidae_Perameles_gunnii                 0.0984820 0.1165585 0.1128345 0.1401178 0.1300516 0.1514300 0.1090286 0.1233273 0.1308604 0.0052404 0.1153018 0.1390531 0.1456895 0.1181363 0.1009672 0.1419886 0.1450447 0.1195955 0.0384730 0.1130849 0.1219252 0.1423944 0.1425772 0.1368304 0.1382583 0.1181527 0.1080311 0.1140337 0.1271406 0.1277022 0.1156071 0.1180073 0.0338876 0.0000000 0.0916793 
Dasyuridae_Dasyurus_geffroii                 0.0629364 0.0641499 0.0627084 0.0993744 0.0975847 0.0063894 0.0647139 0.0735463 0.0922899 0.0967378 0.0650715 0.0145582 0.0224794 0.0697166 0.0674154 0.0160265 0.0095376 0.0196847 0.0826355 0.0825622 0.0736302 0.0841798 0.0873310 0.0154023 0.1036332 0.0739718 0.0643311 0.0820588 0.0810901 0.0764687 0.0757430 0.0684936 0.0816040 0.0916793 0.0000000 
