37
Burramyidae_Burramys_parvus                  0.0000000 0.0769089 0.0544703 0.0601619 0.0566394 0.0654990 0.0434883 0.0400167 0.0592513 0.0781582 0.0401879 0.0626513 0.0622658 0.0410566 0.0546127 0.0610961 0.0644184 0.0632834 0.0937830 0.0557326 0.0540681 0.0732990 0.0746858 0.0586549 0.0606701 0.0585978 0.0546347 0.0520169 0.0458207 0.0793987 0.0677629 0.0403733 0.0793643 0.0676093 0.0772581 0.0810452 0.0810452 
Notoryctidae_Notoryctes_typhlops             0.0769089 0.0000000 0.0715866 0.1088616 0.1028533 0.0815926 0.0872054 0.0913188 0.1049558 0.0826118 0.0880690 0.0799853 0.0794547 0.0908480 0.1014557 0.0792883 0.0822975 0.0782400 0.0970385 0.1041953 0.0859058 0.0894143 0.0900743 0.0739079 0.1032097 0.0641507 0.0998346 0.0988644 0.0808564 0.1162827 0.1086308 0.0908437 0.0843228 0.0823531 0.0866589 0.1403312 0.1403312 
Vombatidae_Lasiorhinus_latifrons             0.0544703 0.0715866 0.0000000 0.0823595 0.0784861 0.0726459 0.0657329 0.0649864 0.0758490 0.0805888 0.0646900 0.0736123 0.0715943 0.0649817 0.0717825 0.0731066 0.0731698 0.0705042 0.0964265 0.0781011 0.0686565 0.0766712 0.0790893 0.0695992 0.0837167 0.0596054 0.0764645 0.0745732 0.0625684 0.1068310 0.0829078 0.0650742 0.0791808 0.0732848 0.0808553 0.1017908 0.1017908 
Potoroidae_Bettongia_penicillata             0.0601619 0.1088616 0.0823595 0.0000000 0.0036468 0.0945123 0.0749001 0.0714196 0.0113348 0.1118833 0.0724327 0.0909218 0.0945072 0.0719038 0.0769238 0.0896441 0.0939818 0.0935535 0.1209671 0.0177964 0.0750532 0.1016304 0.1038572 0.0872944 0.0385498 0.0783757 0.0713450 0.0176270 0.0650249 0.1048011 0.0877379 0.0718077 0.1108234 0.0967486 0.1085411 0.1105246 0.1105246 
Potoroidae_Bettongia_lesueur                 0.0566394 0.1028533 0.0784861 0.0036468 0.0000000 0.0917438 0.0717504 0.0679714 0.0100795 0.1073824 0.0691692 0.0881670 0.0917920 0.0681621 0.0737005 0.0869688 0.0912628 0.0920279 0.1164599 0.0164068 0.0699492 0.0973738 0.0995585 0.0846513 0.0368889 0.0757674 0.0693503 0.0162214 0.0615151 0.0983806 0.0837543 0.0680972 0.1066223 0.0952913 0.1054768 0.1034007 0.1034007 
Dasyuridae_Dasyurus_maculatus                0.0654990 0.0815926 0.0726459 0.0945123 0.0917438 0.0000000 0.0839101 0.0793959 0.0929467 0.0816588 0.0818058 0.0144734 0.0195154 0.0854332 0.0904257 0.0138016 0.0037228 0.0188319 0.0971781 0.0936620 0.0850052 0.0820385 0.0818006 0.0107027 0.0952791 0.0563780 0.0960517 0.0885699 0.0746693 0.1179789 0.0978308 0.0860199 0.0771173 0.0048546 0.0811959 0.0413560 0.0413560 
Phalangeridae_Trichosurus_vulpecula          0.0434883 0.0872054 0.0657329 0.0749001 0.0717504 0.0839101 0.0000000 0.0407440 0.0744319 0.0949891 0.0333233 0.0815981 0.0760871 0.0422801 0.0628466 0.0787637 0.0836284 0.0749626 0.1117747 0.0714793 0.0637844 0.0856607 0.0872782 0.0764932 0.0758667 0.0640486 0.0659330 0.0663936 0.0577077 0.0993629 0.0779235 0.0405045 0.0960764 0.0856557 0.0923348 0.0740296 0.0740296 
Phalangeridae_Spilocuscus_maculatus          0.0400167 0.0913188 0.0649864 0.0714196 0.0679714 0.0793959 0.0407440 0.0000000 0.0710076 0.0886025 0.0177373 0.0800074 0.0767423 0.0093741 0.0622247 0.0789052 0.0795663 0.0777450 0.1057781 0.0696303 0.0577855 0.0860558 0.0877367 0.0751514 0.0713818 0.0643003 0.0619222 0.0630237 0.0545041 0.0907541 0.0716501 0.0084519 0.0907481 0.0781581 0.0859849 0.0754266 0.0754266 
Potoroidae_Aepyprymnus_rufescens             0.0592513 0.1049558 0.0758490 0.0113348 0.0100795 0.0929467 0.0744319 0.0710076 0.0000000 0.1103593 0.0720370 0.0898737 0.0929685 0.0705014 0.0752138 0.0886881 0.0917891 0.0924817 0.1186484 0.0181649 0.0712250 0.0982373 0.1024157 0.0863567 0.0398858 0.0774247 0.0686543 0.0170867 0.0607321 0.1013911 0.0883978 0.0715872 0.1057202 0.0958325 0.1052096 0.1117708 0.1117708 
Peramelidae_Perameles_nasuta                 0.0781582 0.0826118 0.0805888 0.1118833 0.1073824 0.0816588 0.0949891 0.0886025 0.1103593 0.0000000 0.0853878 0.0775834 0.0775762 0.0906249 0.1028572 0.0804418 0.0801990 0.0765653 0.0167486 0.1093070 0.0912984 0.0883698 0.0833172 0.0748235 0.0992643 0.0673058 0.1026479 0.1056951 0.0812881 0.1184769 0.1023385 0.0929536 0.0106311 0.0805949 0.0000010 0.1023829 0.1023829 
Phalangeridae_Strigocuscus_pelengensis       0.0401879 0.0880690 0.0646900 0.0724327 0.0691692 0.0818058 0.0333233 0.0177373 0.0720370 0.0853878 0.0000000 0.0802248 0.0763314 0.0202923 0.0611233 0.0790686 0.0816699 0.0773612 0.1028871 0.0701345 0.0629738 0.0813772 0.0830706 0.0755440 0.0730049 0.0656887 0.0670795 0.0656745 0.0555490 0.0955615 0.0728974 0.0193204 0.0879096 0.0841156 0.0840387 0.0693693 0.0693693 
Dasyuridae_Phascogale_tapoatafa              0.0626513 0.0799853 0.0736123 0.0909218 0.0881670 0.0144734 0.0815981 0.0800074 0.0898737 0.0775834 0.0802248 0.0000000 0.0182798 0.0839413 0.0915072 0.0037402 0.0139273 0.0176340 0.0933521 0.0883715 0.0754755 0.0823004 0.0827093 0.0075238 0.0910202 0.0608481 0.0874323 0.0838081 0.0745913 0.1119034 0.0986629 0.0845413 0.0797334 0.0157599 0.0786761 0.0517797 0.0517797 
Dasyuridae_Sminthopsis_macroura              0.0622658 0.0794547 0.0715943 0.0945072 0.0917920 0.0195154 0.0760871 0.0767423 0.0929685 0.0775762 0.0763314 0.0182798 0.0000000 0.0792237 0.0867669 0.0169079 0.0187306 0.0123051 0.0924852 0.0921654 0.0841099 0.0804388 0.0796659 0.0134515 0.0929990 0.0587140 0.0908470 0.0874681 0.0739317 0.1194450 0.0969488 0.0798259 0.0755192 0.0218884 0.0777566 0.0601678 0.0601678 
Phalangeridae_Phalanger_orientalis           0.0410566 0.0908480 0.0649817 0.0719038 0.0681621 0.0854332 0.0422801 0.0093741 0.0705014 0.0906249 0.0202923 0.0839413 0.0792237 0.0000000 0.0643646 0.0825598 0.0851350 0.0839315 0.1086046 0.0708197 0.0617333 0.0849586 0.0869771 0.0789900 0.0731361 0.0668959 0.0669365 0.0654083 0.0527263 0.0950348 0.0767825 0.0044254 0.0923449 0.0877912 0.0883775 0.0834681 0.0834681 
Acrobatidae_Acrobates_pygmaeus               0.0546127 0.1014557 0.0717825 0.0769238 0.0737005 0.0904257 0.0628466 0.0622247 0.0752138 0.1028572 0.0611233 0.0915072 0.0867669 0.0643646 0.0000000 0.0898704 0.0881128 0.0854045 0.1200260 0.0736468 0.0557837 0.0948173 0.0919650 0.0861855 0.0790524 0.0702873 0.0545318 0.0697002 0.0434724 0.0842032 0.0353209 0.0629198 0.0986066 0.0905879 0.0982239 0.1222468 0.1222468 
Dasyuridae_Phascogale_calura                 0.0610961 0.0792883 0.0731066 0.0896441 0.0869688 0.0138016 0.0787637 0.0789052 0.0886881 0.0804418 0.0790686 0.0037402 0.0169079 0.0825598 0.0898704 0.0000000 0.0127276 0.0152608 0.0956674 0.0871723 0.0801065 0.0810245 0.0813048 0.0062099 0.0920907 0.0604568 0.0902424 0.0829334 0.0747048 0.1133249 0.0984548 0.0832009 0.0783251 0.0155830 0.0802238 0.0521212 0.0521212 
Dasyuridae_Sarcophilus_harrisii              0.0644184 0.0822975 0.0731698 0.0939818 0.0912628 0.0037228 0.0836284 0.0795663 0.0917891 0.0801990 0.0816699 0.0139273 0.0187306 0.0851350 0.0881128 0.0127276 0.0000000 0.0179797 0.0976268 0.0924937 0.0831363 0.0829865 0.0821260 0.0097184 0.0958081 0.0594036 0.0949481 0.0884375 0.0731542 0.1174394 0.0958652 0.0857144 0.0744555 0.0055599 0.0798388 0.0421953 0.0421953 
Dasyuridae_Planigale_tenuirostris            0.0632834 0.0782400 0.0705042 0.0935535 0.0920279 0.0188319 0.0749626 0.0777450 0.0924817 0.0765653 0.0773612 0.0176340 0.0123051 0.0839315 0.0854045 0.0152608 0.0179797 0.0000000 0.0893731 0.0925326 0.0810092 0.0785457 0.0795004 0.0127583 0.0942487 0.0579236 0.0875913 0.0867190 0.0748678 0.1130181 0.0958804 0.0816722 0.0723032 0.0194002 0.0769185 0.0389522 0.0389522 
Peramelidae_Echymipera_kalubu                0.0937830 0.0970385 0.0964265 0.1209671 0.1164599 0.0971781 0.1117747 0.1057781 0.1186484 0.0167486 0.1028871 0.0933521 0.0924852 0.1086046 0.1200260 0.0956674 0.0976268 0.0893731 0.0000000 0.1201470 0.1092100 0.1043936 0.0955700 0.0900278 0.1094806 0.0809878 0.1171665 0.1166184 0.1007137 0.1342265 0.1189996 0.1105492 0.0171778 0.0977109 0.0163562 0.1243288 0.1243288 
Macropodidae_Dorcopsulus_vanheurni           0.0557326 0.1041953 0.0781011 0.0177964 0.0164068 0.0936620 0.0714793 0.0696303 0.0181649 0.1093070 0.0701345 0.0883715 0.0921654 0.0708197 0.0736468 0.0871723 0.0924937 0.0925326 0.1201470 0.0000000 0.0720065 0.1010240 0.1016556 0.0857575 0.0347876 0.0758409 0.0683066 0.0040565 0.0596464 0.1036027 0.0849846 0.0708922 0.1071065 0.0965530 0.1054252 0.1112440 0.1112440 
Pseudochiridae_Pseudochirulus_forbesi        0.0540681 0.0859058 0.0686565 0.0750532 0.0699492 0.0850052 0.0637844 0.0577855 0.0712250 0.0912984 0.0629738 0.0754755 0.0841099 0.0617333 0.0557837 0.0801065 0.0831363 0.0810092 0.1092100 0.0720065 0.0000000 0.0925953 0.0893991 0.0774571 0.0731309 0.0640192 0.0416808 0.0688118 0.0187788 0.0560187 0.0609475 0.0625734 0.0862403 0.0821180 0.0921310 0.0904141 0.0904141 
Didelphidae_Didelphis_virginiana             0.0732990 0.0894143 0.0766712 0.1016304 0.0973738 0.0820385 0.0856607 0.0860558 0.0982373 0.0883698 0.0813772 0.0823004 0.0804388 0.0849586 0.0948173 0.0810245 0.0829865 0.0785457 0.1043936 0.1010240 0.0925953 0.0000000 0.0262228 0.0764151 0.1018410 0.0731328 0.0955009 0.0970371 0.0834395 0.1259357 0.0987235 0.0869638 0.0855650 0.0843498 0.0833253 0.1443501 0.1443501 
Marmosidae_Monodelphis_domestica             0.0746858 0.0900743 0.0790893 0.1038572 0.0995585 0.0818006 0.0872782 0.0877367 0.1024157 0.0833172 0.0830706 0.0827093 0.0796659 0.0869771 0.0919650 0.0813048 0.0821260 0.0795004 0.0955700 0.1016556 0.0893991 0.0262228 0.0000000 0.0766907 0.1021036 0.0716460 0.0952778 0.0982771 0.0882693 0.1219529 0.0990699 0.0871004 0.0826891 0.0860165 0.0840273 0.1444913 0.1444913 
Dasyuridae_Antechinus_stuartii               0.0586549 0.0739079 0.0695992 0.0872944 0.0846513 0.0107027 0.0764932 0.0751514 0.0863567 0.0748235 0.0755440 0.0075238 0.0134515 0.0789900 0.0861855 0.0062099 0.0097184 0.0127583 0.0900278 0.0857575 0.0774571 0.0764151 0.0766907 0.0000000 0.0884486 0.0578357 0.0859812 0.0815156 0.0705421 0.1099531 0.0946750 0.0796620 0.0719979 0.0123991 0.0744462 0.0484175 0.0484175 
Hypsiprymnodontidae_Hypsiprymnodon_moschatus 0.0606701 0.1032097 0.0837167 0.0385498 0.0368889 0.0952791 0.0758667 0.0713818 0.0398858 0.0992643 0.0730049 0.0910202 0.0929990 0.0731361 0.0790524 0.0920907 0.0958081 0.0942487 0.1094806 0.0347876 0.0731309 0.1018410 0.1021036 0.0884486 0.0000000 0.0777879 0.0735647 0.0343505 0.0645468 0.1092420 0.0885225 0.0731945 0.1054584 0.0960526 0.0997847 0.1044313 0.1044313 
Microbiotheriidae_Dromiciops_gliroides       0.0585978 0.0641507 0.0596054 0.0783757 0.0757674 0.0563780 0.0640486 0.0643003 0.0774247 0.0673058 0.0656887 0.0608481 0.0587140 0.0668959 0.0702873 0.0604568 0.0594036 0.0579236 0.0809878 0.0758409 0.0640192 0.0731328 0.0716460 0.0578357 0.0777879 0.0000000 0.0734589 0.0723404 0.0542678 0.0955966 0.0796773 0.0665575 0.0667601 0.0607702 0.0737101 0.0451528 0.0451528 
Pseudochiridae_Petauroides_volans            0.0546347 0.0998346 0.0764645 0.0713450 0.0693503 0.0960517 0.0659330 0.0619222 0.0686543 0.1026479 0.0670795 0.0874323 0.0908470 0.0669365 0.0545318 0.0902424 0.0949481 0.0875913 0.1171665 0.0683066 0.0416808 0.0955009 0.0952778 0.0859812 0.0735647 0.0734589 0.0000000 0.0656621 0.0301638 0.0765948 0.0637170 0.0657929 0.0939029 0.0953863 0.1002283 0.0914873 0.0914873 
Macropodidae_Wallabia_bicolor                0.0520169 0.0988644 0.0745732 0.0176270 0.0162214 0.0885699 0.0663936 0.0630237 0.0170867 0.1056951 0.0656745 0.0838081 0.0874681 0.0654083 0.0697002 0.0829334 0.0884375 0.0867190 0.1166184 0.0040565 0.0688118 0.0970371 0.0982771 0.0815156 0.0343505 0.0723404 0.0656621 0.0000000 0.0565555 0.0987588 0.0821547 0.0645818 0.1040341 0.0904938 0.1021090 0.1226389 0.1226389 
Pseudochiridae_Pseudocheirus_occidentalis    0.0458207 0.0808564 0.0625684 0.0650249 0.0615151 0.0746693 0.0577077 0.0545041 0.0607321 0.0812881 0.0555490 0.0745913 0.0739317 0.0527263 0.0434724 0.0747048 0.0731542 0.0748678 0.1007137 0.0596464 0.0187788 0.0834395 0.0882693 0.0705421 0.0645468 0.0542678 0.0301638 0.0565555 0.0000000 0.0627575 0.0548839 0.0527914 0.0827392 0.0738625 0.0776490 0.0945094 0.0945094 
Tarsipedidae_Tarsipes_rostratus              0.0793987 0.1162827 0.1068310 0.1048011 0.0983806 0.1179789 0.0993629 0.0907541 0.1013911 0.1184769 0.0955615 0.1119034 0.1194450 0.0950348 0.0842032 0.1133249 0.1174394 0.1130181 0.1342265 0.1036027 0.0560187 0.1259357 0.1219529 0.1099531 0.1092420 0.0955966 0.0765948 0.0987588 0.0627575 0.0000000 0.0990624 0.0947016 0.1282008 0.1155167 0.1301557 0.1373814 0.1373814 
Acrobatidae_Distoechurus_pennatus            0.0677629 0.1086308 0.0829078 0.0877379 0.0837543 0.0978308 0.0779235 0.0716501 0.0883978 0.1023385 0.0728974 0.0986629 0.0969488 0.0767825 0.0353209 0.0984548 0.0958652 0.0958804 0.1189996 0.0849846 0.0609475 0.0987235 0.0990699 0.0946750 0.0885225 0.0796773 0.0637170 0.0821547 0.0548839 0.0990624 0.0000000 0.0746437 0.1028252 0.0981191 0.1030728 0.1155158 0.1155158 
Phalangeridae_Phalanger_carmelitae           0.0403733 0.0908437 0.0650742 0.0718077 0.0680972 0.0860199 0.0405045 0.0084519 0.0715872 0.0929536 0.0193204 0.0845413 0.0798259 0.0044254 0.0629198 0.0832009 0.0857144 0.0816722 0.1105492 0.0708922 0.0625734 0.0869638 0.0871004 0.0796620 0.0731945 0.0665575 0.0657929 0.0645818 0.0527914 0.0947016 0.0746437 0.0000000 0.0929567 0.0871667 0.0889488 0.1185392 0.1185392 
Peramelidae_Peroryctes_raffrayana            0.0793643 0.0843228 0.0791808 0.1108234 0.1066223 0.0771173 0.0960764 0.0907481 0.1057202 0.0106311 0.0879096 0.0797334 0.0755192 0.0923449 0.0986066 0.0783251 0.0744555 0.0723032 0.0171778 0.1071065 0.0862403 0.0855650 0.0826891 0.0719979 0.1054584 0.0667601 0.0939029 0.1040341 0.0827392 0.1282008 0.1028252 0.0929567 0.0000000 0.0757754 0.0088355 0.1086121 0.1086121 
Dasyuridae_Dasyurus_geffroii                 0.0676093 0.0823531 0.0732848 0.0967486 0.0952913 0.0048546 0.0856557 0.0781581 0.0958325 0.0805949 0.0841156 0.0157599 0.0218884 0.0877912 0.0905879 0.0155830 0.0055599 0.0194002 0.0977109 0.0965530 0.0821180 0.0843498 0.0860165 0.0123991 0.0960526 0.0607702 0.0953863 0.0904938 0.0738625 0.1155167 0.0981191 0.0871667 0.0757754 0.0000000 0.0802362 0.0476091 0.0476091 
Peramelidae_Perameles_gunnii                 0.0772581 0.0866589 0.0808553 0.1085411 0.1054768 0.0811959 0.0923348 0.0859849 0.1052096 0.0000010 0.0840387 0.0786761 0.0777566 0.0883775 0.0982239 0.0802238 0.0798388 0.0769185 0.0163562 0.1054252 0.0921310 0.0833253 0.0840273 0.0744462 0.0997847 0.0737101 0.1002283 0.1021090 0.0776490 0.1301557 0.1030728 0.0889488 0.0088355 0.0802362 0.0000000 0.1023829 0.1023829 
Myrmecobiidae_Myrmecobius_fasciatus1         0.0810452 0.1403312 0.1017908 0.1105246 0.1034007 0.0413560 0.0740296 0.0754266 0.1117708 0.1023829 0.0693693 0.0517797 0.0601678 0.0834681 0.1222468 0.0521212 0.0421953 0.0389522 0.1243288 0.1112440 0.0904141 0.1443501 0.1444913 0.0484175 0.1044313 0.0451528 0.0914873 0.1226389 0.0945094 0.1373814 0.1155158 0.1185392 0.1086121 0.0476091 0.1023829 0.0000000 0.0000010 
Myrmecobiidae_Myrmecobius_fasciatus2         0.0810452 0.1403312 0.1017908 0.1105246 0.1034007 0.0413560 0.0740296 0.0754266 0.1117708 0.1023829 0.0693693 0.0517797 0.0601678 0.0834681 0.1222468 0.0521212 0.0421953 0.0389522 0.1243288 0.1112440 0.0904141 0.1443501 0.1444913 0.0484175 0.1044313 0.0451528 0.0914873 0.1226389 0.0945094 0.1373814 0.1155158 0.1185392 0.1086121 0.0476091 0.1023829 0.0000010 0.0000000 
