35
Burramyidae_Burramys_parvus                  0.0000000 0.0531513 0.0337148 0.0361429 0.0362428 0.0577106 0.0252339 0.0273019 0.0335771 0.0673515 0.0262179 0.0544115 0.0591585 0.0267565 0.0369989 0.0555684 0.0544442 0.0596155 0.0654818 0.0324764 0.0529588 0.0647078 0.0540829 0.0574545 0.0369812 0.0357244 0.0494064 0.0312082 0.0487580 0.0605892 0.0420530 0.0263723 0.0657710 0.0549846 0.0674735 
Notoryctidae_Notoryctes_typhlops             0.0531513 0.0000000 0.0512728 0.0652327 0.0645836 0.0643121 0.0550662 0.0564071 0.0611769 0.0763701 0.0574292 0.0610968 0.0640530 0.0554645 0.0643945 0.0619044 0.0619598 0.0637486 0.0763265 0.0579656 0.0845209 0.0843701 0.0713431 0.0629015 0.0641829 0.0546399 0.0801131 0.0565852 0.0797961 0.0869891 0.0709544 0.0541344 0.0777700 0.0617843 0.0768472 
Vombatidae_Lasiorhinus_latifrons             0.0337148 0.0512728 0.0000000 0.0455315 0.0453123 0.0560996 0.0338977 0.0369303 0.0425547 0.0639873 0.0365003 0.0539684 0.0555232 0.0352300 0.0428617 0.0551220 0.0521479 0.0598766 0.0651676 0.0402976 0.0593742 0.0687366 0.0592706 0.0555237 0.0431671 0.0377856 0.0595468 0.0390118 0.0553172 0.0638730 0.0483013 0.0351534 0.0652880 0.0537022 0.0645252 
Potoroidae_Bettongia_penicillata             0.0361429 0.0652327 0.0455315 0.0000000 0.0035512 0.0676432 0.0375627 0.0396504 0.0111844 0.0732503 0.0381893 0.0648304 0.0674505 0.0385574 0.0457681 0.0667749 0.0637962 0.0702186 0.0693700 0.0178314 0.0608457 0.0758169 0.0657713 0.0676105 0.0333031 0.0492910 0.0579530 0.0166409 0.0541448 0.0683316 0.0530657 0.0374572 0.0728365 0.0651192 0.0733231 
Potoroidae_Bettongia_lesueur                 0.0362428 0.0645836 0.0453123 0.0035512 0.0000000 0.0682155 0.0366336 0.0390709 0.0099461 0.0723043 0.0372694 0.0653884 0.0680176 0.0376450 0.0451911 0.0665928 0.0643512 0.0704371 0.0691831 0.0165947 0.0599739 0.0766170 0.0657393 0.0674289 0.0333742 0.0490765 0.0581116 0.0147701 0.0534912 0.0690529 0.0532156 0.0365464 0.0718816 0.0656804 0.0723852 
Dasyuridae_Dasyurus_maculatus                0.0577106 0.0643121 0.0560996 0.0676432 0.0682155 0.0000000 0.0587930 0.0602957 0.0655905 0.0783205 0.0586720 0.0131224 0.0188107 0.0582414 0.0687832 0.0156641 0.0044725 0.0196045 0.0794905 0.0615045 0.0803430 0.0782913 0.0689974 0.0147879 0.0657452 0.0562688 0.0775613 0.0608929 0.0730638 0.0896798 0.0725400 0.0584830 0.0795713 0.0032739 0.0787623 
Phalangeridae_Trichosurus_vulpecula          0.0252339 0.0550662 0.0338977 0.0375627 0.0366336 0.0587930 0.0000000 0.0134071 0.0339856 0.0642964 0.0153199 0.0562510 0.0573306 0.0133047 0.0368150 0.0574301 0.0551462 0.0609047 0.0631669 0.0342271 0.0520960 0.0628420 0.0555673 0.0582217 0.0377900 0.0378033 0.0494383 0.0332672 0.0474479 0.0581871 0.0445917 0.0132789 0.0640985 0.0564303 0.0644452 
Phalangeridae_Spilocuscus_maculatus          0.0273019 0.0564071 0.0369303 0.0396504 0.0390709 0.0602957 0.0134071 0.0000000 0.0363833 0.0651263 0.0075852 0.0572658 0.0587149 0.0072305 0.0375247 0.0584534 0.0565760 0.0628391 0.0642943 0.0358829 0.0559280 0.0661032 0.0538466 0.0588611 0.0401088 0.0391463 0.0517694 0.0339453 0.0496905 0.0593020 0.0455021 0.0078287 0.0646368 0.0578519 0.0655578 
Potoroidae_Aepyprymnus_rufescens             0.0335771 0.0611769 0.0425547 0.0111844 0.0099461 0.0655905 0.0339856 0.0363833 0.0000000 0.0704207 0.0356533 0.0602464 0.0640423 0.0353780 0.0439035 0.0614329 0.0614558 0.0663734 0.0690379 0.0138349 0.0596363 0.0729660 0.0613268 0.0629956 0.0311367 0.0454746 0.0572306 0.0132387 0.0564202 0.0677525 0.0524188 0.0342872 0.0707752 0.0627699 0.0710172 
Peramelidae_Perameles_nasuta                 0.0673515 0.0763701 0.0639873 0.0732503 0.0723043 0.0783205 0.0642964 0.0651263 0.0704207 0.0000000 0.0651479 0.0759272 0.0794621 0.0633065 0.0738059 0.0763578 0.0746946 0.0807151 0.0136285 0.0667229 0.0815903 0.0869227 0.0761269 0.0752021 0.0738860 0.0655503 0.0793702 0.0653005 0.0760337 0.0916803 0.0812935 0.0631450 0.0115678 0.0756405 0.0005896 
Phalangeridae_Strigocuscus_pelengensis       0.0262179 0.0574292 0.0365003 0.0381893 0.0372694 0.0586720 0.0153199 0.0075852 0.0356533 0.0651479 0.0000000 0.0568923 0.0585657 0.0096792 0.0378102 0.0580584 0.0550041 0.0615210 0.0647969 0.0344252 0.0553784 0.0670462 0.0547786 0.0583179 0.0379123 0.0390898 0.0504421 0.0321792 0.0487925 0.0599330 0.0461094 0.0102786 0.0666255 0.0562690 0.0656991 
Dasyuridae_Phascogale_tapoatafa              0.0544115 0.0610968 0.0539684 0.0648304 0.0653884 0.0131224 0.0562510 0.0572658 0.0602464 0.0759272 0.0568923 0.0000000 0.0171867 0.0552929 0.0656756 0.0032722 0.0096674 0.0181994 0.0778945 0.0582306 0.0792558 0.0761749 0.0668748 0.0072325 0.0616312 0.0541455 0.0755016 0.0580212 0.0736172 0.0840252 0.0705284 0.0547417 0.0778089 0.0109184 0.0763842 
Dasyuridae_Sminthopsis_macroura              0.0591585 0.0640530 0.0555232 0.0674505 0.0680176 0.0188107 0.0573306 0.0587149 0.0640423 0.0794621 0.0585657 0.0171867 0.0000000 0.0566899 0.0668711 0.0191499 0.0171495 0.0147711 0.0798469 0.0611671 0.0788036 0.0765855 0.0673871 0.0188601 0.0653777 0.0577657 0.0782964 0.0617355 0.0723917 0.0878736 0.0728738 0.0569266 0.0826509 0.0171822 0.0798929 
Phalangeridae_Phalanger_orientalis           0.0267565 0.0554645 0.0352300 0.0385574 0.0376450 0.0582414 0.0133047 0.0072305 0.0353780 0.0633065 0.0096792 0.0552929 0.0566899 0.0000000 0.0368567 0.0564423 0.0545915 0.0609168 0.0622074 0.0335633 0.0516080 0.0639005 0.0518088 0.0575695 0.0377192 0.0363483 0.0501883 0.0316102 0.0461637 0.0576984 0.0454157 0.0020671 0.0639505 0.0558444 0.0634605 
Acrobatidae_Acrobates_pygmaeus               0.0369989 0.0643945 0.0428617 0.0457681 0.0451911 0.0687832 0.0368150 0.0375247 0.0439035 0.0738059 0.0378102 0.0656756 0.0668711 0.0368567 0.0000000 0.0665396 0.0648776 0.0720402 0.0731741 0.0416444 0.0556979 0.0732265 0.0649511 0.0652917 0.0454181 0.0490235 0.0506069 0.0396375 0.0498171 0.0617401 0.0319719 0.0364368 0.0730685 0.0662211 0.0740431 
Dasyuridae_Phascogale_calura                 0.0555684 0.0619044 0.0551220 0.0667749 0.0665928 0.0156641 0.0574301 0.0584534 0.0614329 0.0763578 0.0580584 0.0032722 0.0191499 0.0564423 0.0665396 0.0000000 0.0130953 0.0206512 0.0783253 0.0594053 0.0796676 0.0765890 0.0665376 0.0087830 0.0628206 0.0553293 0.0751275 0.0591985 0.0732512 0.0853410 0.0717683 0.0558853 0.0782748 0.0134303 0.0768117 
Dasyuridae_Sarcophilus_harrisii              0.0544442 0.0619598 0.0521479 0.0637962 0.0643512 0.0044725 0.0551462 0.0565760 0.0614558 0.0746946 0.0550041 0.0096674 0.0171495 0.0545915 0.0648776 0.0130953 0.0000000 0.0178171 0.0758941 0.0578793 0.0767964 0.0749371 0.0658923 0.0125341 0.0616185 0.0522814 0.0734989 0.0572940 0.0701987 0.0854255 0.0685639 0.0548312 0.0766746 0.0023709 0.0751604 
Dasyuridae_Planigale_tenuirostris            0.0596155 0.0637486 0.0598766 0.0702186 0.0704371 0.0196045 0.0609047 0.0628391 0.0663734 0.0807151 0.0615210 0.0181994 0.0147711 0.0609168 0.0720402 0.0206512 0.0178171 0.0000000 0.0813976 0.0650740 0.0825411 0.0813002 0.0716725 0.0195681 0.0701043 0.0592881 0.0846011 0.0655777 0.0749945 0.0922758 0.0777196 0.0611728 0.0843344 0.0178537 0.0815032 
Peramelidae_Echymipera_kalubu                0.0654818 0.0763265 0.0651676 0.0693700 0.0691831 0.0794905 0.0631669 0.0642943 0.0690379 0.0136285 0.0647969 0.0778945 0.0798469 0.0622074 0.0731741 0.0783253 0.0758941 0.0813976 0.0000000 0.0667392 0.0783441 0.0884094 0.0767910 0.0784883 0.0730170 0.0678453 0.0757504 0.0653594 0.0763948 0.0913140 0.0795363 0.0620494 0.0133966 0.0768411 0.0141238 
Macropodidae_Dorcopsulus_vanheurni           0.0324764 0.0579656 0.0402976 0.0178314 0.0165947 0.0615045 0.0342271 0.0358829 0.0138349 0.0667229 0.0344252 0.0582306 0.0611671 0.0335633 0.0416444 0.0594053 0.0578793 0.0650740 0.0667392 0.0000000 0.0575149 0.0733398 0.0623311 0.0603598 0.0266947 0.0465407 0.0542034 0.0051103 0.0531766 0.0657511 0.0499909 0.0331563 0.0684114 0.0591667 0.0672422 
Pseudochiridae_Pseudochirulus_forbesi        0.0529588 0.0845209 0.0593742 0.0608457 0.0599739 0.0803430 0.0520960 0.0559280 0.0596363 0.0815903 0.0553784 0.0792558 0.0788036 0.0516080 0.0556979 0.0796676 0.0767964 0.0825411 0.0783441 0.0575149 0.0000000 0.0882334 0.0808219 0.0805420 0.0598970 0.0634330 0.0341317 0.0554292 0.0146284 0.0711596 0.0620812 0.0523586 0.0792159 0.0782214 0.0815929 
Didelphidae_Didelphis_virginiana             0.0647078 0.0843701 0.0687366 0.0758169 0.0766170 0.0782913 0.0628420 0.0661032 0.0729660 0.0869227 0.0670462 0.0761749 0.0765855 0.0639005 0.0732265 0.0765890 0.0749371 0.0813002 0.0884094 0.0733398 0.0882334 0.0000000 0.0262136 0.0773448 0.0760946 0.0638276 0.0888692 0.0718336 0.0825346 0.0923944 0.0786117 0.0641698 0.0870859 0.0759604 0.0871767 
Marmosidae_Monodelphis_domestica             0.0540829 0.0713431 0.0592706 0.0657713 0.0657393 0.0689974 0.0555673 0.0538466 0.0613268 0.0761269 0.0547786 0.0668748 0.0673871 0.0518088 0.0649511 0.0665376 0.0658923 0.0716725 0.0767910 0.0623311 0.0808219 0.0262136 0.0000000 0.0681653 0.0641341 0.0537786 0.0804798 0.0605309 0.0754587 0.0838863 0.0701390 0.0520554 0.0755932 0.0664702 0.0768486 
Dasyuridae_Antechinus_stuartii               0.0574545 0.0629015 0.0555237 0.0676105 0.0674289 0.0147879 0.0582217 0.0588611 0.0629956 0.0752021 0.0583179 0.0072325 0.0188601 0.0575695 0.0652917 0.0087830 0.0125341 0.0195681 0.0784883 0.0603598 0.0805420 0.0773448 0.0681653 0.0000000 0.0636333 0.0548972 0.0771502 0.0601618 0.0724404 0.0856040 0.0731075 0.0570086 0.0778827 0.0125578 0.0757927 
Hypsiprymnodontidae_Hypsiprymnodon_moschatus 0.0369812 0.0641829 0.0431671 0.0333031 0.0333742 0.0657452 0.0377900 0.0401088 0.0311367 0.0738860 0.0379123 0.0616312 0.0653777 0.0377192 0.0454181 0.0628206 0.0616185 0.0701043 0.0730170 0.0266947 0.0598970 0.0760946 0.0641341 0.0636333 0.0000000 0.0492090 0.0574899 0.0255272 0.0551343 0.0668160 0.0527959 0.0372522 0.0738773 0.0629302 0.0739537 
Microbiotheriidae_Dromiciops_gliroides       0.0357244 0.0546399 0.0377856 0.0492910 0.0490765 0.0562688 0.0378033 0.0391463 0.0454746 0.0655503 0.0390898 0.0541455 0.0577657 0.0363483 0.0490235 0.0553293 0.0522814 0.0592881 0.0678453 0.0465407 0.0634330 0.0638276 0.0537786 0.0548972 0.0492090 0.0000000 0.0635525 0.0433325 0.0551906 0.0705856 0.0515124 0.0366107 0.0663281 0.0535407 0.0659964 
Pseudochiridae_Petauroides_volans            0.0494064 0.0801131 0.0595468 0.0579530 0.0581116 0.0775613 0.0494383 0.0517694 0.0572306 0.0793702 0.0504421 0.0755016 0.0782964 0.0501883 0.0506069 0.0751275 0.0734989 0.0846011 0.0757504 0.0542034 0.0341317 0.0888692 0.0804798 0.0771502 0.0574899 0.0635525 0.0000000 0.0514182 0.0261132 0.0658569 0.0548601 0.0496738 0.0758571 0.0748720 0.0793919 
Macropodidae_Wallabia_bicolor                0.0312082 0.0565852 0.0390118 0.0166409 0.0147701 0.0608929 0.0332672 0.0339453 0.0132387 0.0653005 0.0321792 0.0580212 0.0617355 0.0316102 0.0396375 0.0591985 0.0572940 0.0655777 0.0653594 0.0051103 0.0554292 0.0718336 0.0605309 0.0601618 0.0255272 0.0433325 0.0514182 0.0000000 0.0512970 0.0639523 0.0476193 0.0312108 0.0662311 0.0585816 0.0655056 
Pseudochiridae_Pseudocheirus_occidentalis    0.0487580 0.0797961 0.0553172 0.0541448 0.0534912 0.0730638 0.0474479 0.0496905 0.0564202 0.0760337 0.0487925 0.0736172 0.0723917 0.0461637 0.0498171 0.0732512 0.0701987 0.0749945 0.0763948 0.0531766 0.0146284 0.0825346 0.0754587 0.0724404 0.0551343 0.0551906 0.0261132 0.0512970 0.0000000 0.0653295 0.0544830 0.0469504 0.0735834 0.0708519 0.0760864 
Tarsipedidae_Tarsipes_rostratus              0.0605892 0.0869891 0.0638730 0.0683316 0.0690529 0.0896798 0.0581871 0.0593020 0.0677525 0.0916803 0.0599330 0.0840252 0.0878736 0.0576984 0.0617401 0.0853410 0.0854255 0.0922758 0.0913140 0.0657511 0.0711596 0.0923944 0.0838863 0.0856040 0.0668160 0.0705856 0.0658569 0.0639523 0.0653295 0.0000000 0.0622181 0.0567350 0.0936752 0.0868443 0.0914888 
Acrobatidae_Distoechurus_pennatus            0.0420530 0.0709544 0.0483013 0.0530657 0.0532156 0.0725400 0.0445917 0.0455021 0.0524188 0.0812935 0.0461094 0.0705284 0.0728738 0.0454157 0.0319719 0.0717683 0.0685639 0.0777196 0.0795363 0.0499909 0.0620812 0.0786117 0.0701390 0.0731075 0.0527959 0.0515124 0.0548601 0.0476193 0.0544830 0.0622181 0.0000000 0.0449674 0.0813465 0.0699332 0.0816248 
Phalangeridae_Phalanger_carmelitae           0.0263723 0.0541344 0.0351534 0.0374572 0.0365464 0.0584830 0.0132789 0.0078287 0.0342872 0.0631450 0.0102786 0.0547417 0.0569266 0.0020671 0.0364368 0.0558853 0.0548312 0.0611728 0.0620494 0.0331563 0.0523586 0.0641698 0.0520554 0.0570086 0.0372522 0.0366107 0.0496738 0.0312108 0.0469504 0.0567350 0.0449674 0.0000000 0.0637859 0.0560831 0.0632999 
Peramelidae_Peroryctes_raffrayana            0.0657710 0.0777700 0.0652880 0.0728365 0.0718816 0.0795713 0.0640985 0.0646368 0.0707752 0.0115678 0.0666255 0.0778089 0.0826509 0.0639505 0.0730685 0.0782748 0.0766746 0.0843344 0.0133966 0.0684114 0.0792159 0.0870859 0.0755932 0.0778827 0.0738773 0.0663281 0.0758571 0.0662311 0.0735834 0.0936752 0.0813465 0.0637859 0.0000000 0.0768531 0.0118242 
Dasyuridae_Dasyurus_geffroii                 0.0549846 0.0617843 0.0537022 0.0651192 0.0656804 0.0032739 0.0564303 0.0578519 0.0627699 0.0756405 0.0562690 0.0109184 0.0171822 0.0558444 0.0662211 0.0134303 0.0023709 0.0178537 0.0768411 0.0591667 0.0782214 0.0759604 0.0664702 0.0125578 0.0629302 0.0535407 0.0748720 0.0585816 0.0708519 0.0868443 0.0699332 0.0560831 0.0768531 0.0000000 0.0761003 
Peramelidae_Perameles_gunnii                 0.0674735 0.0768472 0.0645252 0.0733231 0.0723852 0.0787623 0.0644452 0.0655578 0.0710172 0.0005896 0.0656991 0.0763842 0.0798929 0.0634605 0.0740431 0.0768117 0.0751604 0.0815032 0.0141238 0.0672422 0.0815929 0.0871767 0.0768486 0.0757927 0.0739537 0.0659964 0.0793919 0.0655056 0.0760864 0.0914888 0.0816248 0.0632999 0.0118242 0.0761003 0.0000000 
