35
Burramyidae_Burramys_parvus                  0.0000000 0.0362833 0.0224340 0.0312024 0.0375161 0.0334271 0.0241893 0.0298912 0.0322683 0.0400119 0.0292819 0.0316178 0.0327986 0.0236451 0.0270860 0.0318199 0.0328871 0.0336405 0.0386335 0.0359066 0.0387999 0.0451305 0.0423396 0.0320715 0.0170116 0.0272128 0.0385599 0.0299181 0.0363564 0.0372684 0.0313855 0.0232372 0.0384806 0.0350429 0.0369344 
Notoryctidae_Notoryctes_typhlops             0.0362833 0.0000000 0.0311848 0.0340203 0.0396058 0.0386266 0.0368853 0.0412927 0.0410513 0.0432774 0.0404401 0.0383676 0.0377189 0.0359199 0.0385300 0.0382330 0.0378452 0.0379373 0.0411591 0.0437803 0.0509962 0.0501207 0.0464673 0.0370294 0.0226336 0.0329533 0.0491916 0.0393472 0.0479852 0.0447658 0.0415359 0.0351715 0.0409424 0.0395882 0.0409499 
Vombatidae_Lasiorhinus_latifrons             0.0224340 0.0311848 0.0000000 0.0215793 0.0249980 0.0395088 0.0306592 0.0290576 0.0344673 0.0388987 0.0279375 0.0365263 0.0360201 0.0296102 0.0320795 0.0361701 0.0371224 0.0376703 0.0412212 0.0315805 0.0395364 0.0419020 0.0430531 0.0397626 0.0131993 0.0284845 0.0371045 0.0315424 0.0366348 0.0341628 0.0313510 0.0285163 0.0404043 0.0389444 0.0399912 
Potoroidae_Bettongia_penicillata             0.0312024 0.0340203 0.0215793 0.0000000 0.0093529 0.0346463 0.0297537 0.0339338 0.0080633 0.0363636 0.0337538 0.0331387 0.0297215 0.0305400 0.0278049 0.0324417 0.0301212 0.0304448 0.0371294 0.0196428 0.0394110 0.0437209 0.0403783 0.0322693 0.0196740 0.0260108 0.0386543 0.0175202 0.0310476 0.0372468 0.0311856 0.0292729 0.0361492 0.0316038 0.0364602 
Potoroidae_Bettongia_lesueur                 0.0375161 0.0396058 0.0249980 0.0093529 0.0000000 0.0409668 0.0359360 0.0400875 0.0143934 0.0428230 0.0392721 0.0396590 0.0338133 0.0363462 0.0342653 0.0392857 0.0342377 0.0344216 0.0442377 0.0283455 0.0453204 0.0503413 0.0465239 0.0387895 0.0265018 0.0335628 0.0471232 0.0228717 0.0374281 0.0436863 0.0371229 0.0357060 0.0442026 0.0357325 0.0432984 
Dasyuridae_Dasyurus_maculatus                0.0334271 0.0386266 0.0395088 0.0346463 0.0409668 0.0000000 0.0448799 0.0475817 0.0489276 0.0566021 0.0473436 0.0122701 0.0142543 0.0433797 0.0472232 0.0127672 0.0043427 0.0189280 0.0540161 0.0519521 0.0607173 0.0563256 0.0522682 0.0147072 0.0193694 0.0354810 0.0584268 0.0463504 0.0565044 0.0478343 0.0508148 0.0428087 0.0552566 0.0045444 0.0527916 
Phalangeridae_Trichosurus_vulpecula          0.0241893 0.0368853 0.0306592 0.0297537 0.0359360 0.0448799 0.0000000 0.0167177 0.0430448 0.0499802 0.0178672 0.0428724 0.0460334 0.0122682 0.0340874 0.0428206 0.0449327 0.0470249 0.0487260 0.0354750 0.0445483 0.0542542 0.0516888 0.0470471 0.0166672 0.0333098 0.0377367 0.0368420 0.0409409 0.0383385 0.0396082 0.0111728 0.0474324 0.0482401 0.0483618 
Phalangeridae_Spilocuscus_maculatus          0.0298912 0.0412927 0.0290576 0.0339338 0.0400875 0.0475817 0.0167177 0.0000000 0.0445733 0.0556374 0.0106569 0.0463603 0.0434607 0.0128404 0.0381768 0.0460969 0.0430594 0.0453455 0.0524712 0.0463668 0.0472546 0.0562014 0.0562469 0.0499953 0.0219501 0.0345351 0.0498280 0.0397961 0.0431064 0.0413315 0.0413093 0.0121904 0.0529331 0.0463390 0.0531741 
Potoroidae_Aepyprymnus_rufescens             0.0322683 0.0410513 0.0344673 0.0080633 0.0143934 0.0489276 0.0430448 0.0445733 0.0000000 0.0535827 0.0452622 0.0482055 0.0435994 0.0410797 0.0479473 0.0481702 0.0456631 0.0474482 0.0532888 0.0211632 0.0563508 0.0551864 0.0546574 0.0472255 0.0207722 0.0377743 0.0504635 0.0214949 0.0501715 0.0424304 0.0469194 0.0403611 0.0523818 0.0462711 0.0526374 
Peramelidae_Perameles_nasuta                 0.0400119 0.0432774 0.0388987 0.0363636 0.0428230 0.0566021 0.0499802 0.0556374 0.0535827 0.0000000 0.0529258 0.0531777 0.0541560 0.0500533 0.0525212 0.0531183 0.0538204 0.0549283 0.0144043 0.0548951 0.0646263 0.0588218 0.0594094 0.0545685 0.0223118 0.0468535 0.0647553 0.0506668 0.0604950 0.0515808 0.0539837 0.0490909 0.0178724 0.0548698 0.0048135 
Phalangeridae_Strigocuscus_pelengensis       0.0292819 0.0404401 0.0279375 0.0337538 0.0392721 0.0473436 0.0178672 0.0106569 0.0452622 0.0529258 0.0000000 0.0457990 0.0421901 0.0123905 0.0399207 0.0457291 0.0412523 0.0436408 0.0501391 0.0466318 0.0471460 0.0562841 0.0566218 0.0492754 0.0228523 0.0368808 0.0499083 0.0407037 0.0451820 0.0418355 0.0420485 0.0106971 0.0524096 0.0449903 0.0510312 
Dasyuridae_Phascogale_tapoatafa              0.0316178 0.0383676 0.0365263 0.0331387 0.0396590 0.0122701 0.0428724 0.0463603 0.0482055 0.0531777 0.0457990 0.0000000 0.0128312 0.0410286 0.0452858 0.0006789 0.0113090 0.0174084 0.0518010 0.0502933 0.0596000 0.0544655 0.0512701 0.0116302 0.0196406 0.0353911 0.0563178 0.0444833 0.0573920 0.0479947 0.0502544 0.0402716 0.0518149 0.0133139 0.0497756 
Dasyuridae_Sminthopsis_macroura              0.0327986 0.0377189 0.0360201 0.0297215 0.0338133 0.0142543 0.0460334 0.0434607 0.0435994 0.0541560 0.0421901 0.0128312 0.0000000 0.0433588 0.0482438 0.0130016 0.0126874 0.0136208 0.0537893 0.0455588 0.0567238 0.0495727 0.0504740 0.0155237 0.0196544 0.0368195 0.0516449 0.0460519 0.0517879 0.0483649 0.0494472 0.0424053 0.0571655 0.0136772 0.0538566 
Phalangeridae_Phalanger_orientalis           0.0236451 0.0359199 0.0296102 0.0305400 0.0363462 0.0433797 0.0122682 0.0128404 0.0410797 0.0500533 0.0123905 0.0410286 0.0433588 0.0000000 0.0348208 0.0409420 0.0426871 0.0444623 0.0477955 0.0388202 0.0453096 0.0537472 0.0507968 0.0444742 0.0151729 0.0309797 0.0436492 0.0362704 0.0414147 0.0371305 0.0392385 0.0028810 0.0467766 0.0461827 0.0474143 
Acrobatidae_Acrobates_pygmaeus               0.0270860 0.0385300 0.0320795 0.0278049 0.0342653 0.0472232 0.0340874 0.0381768 0.0479473 0.0525212 0.0399207 0.0452858 0.0482438 0.0348208 0.0000000 0.0441911 0.0479382 0.0463380 0.0516689 0.0472708 0.0384743 0.0570268 0.0536766 0.0494943 0.0114506 0.0366855 0.0360946 0.0416736 0.0346162 0.0328614 0.0220926 0.0341169 0.0495704 0.0504203 0.0495540 
Dasyuridae_Phascogale_calura                 0.0318199 0.0382330 0.0361701 0.0324417 0.0392857 0.0127672 0.0428206 0.0460969 0.0481702 0.0531183 0.0457291 0.0006789 0.0130016 0.0409420 0.0441911 0.0000000 0.0118164 0.0174491 0.0516281 0.0505417 0.0595178 0.0540176 0.0512878 0.0121249 0.0192725 0.0352326 0.0557361 0.0443955 0.0571037 0.0477087 0.0492204 0.0401772 0.0516750 0.0138926 0.0497879 
Dasyuridae_Sarcophilus_harrisii              0.0328871 0.0378452 0.0371224 0.0301212 0.0342377 0.0043427 0.0449327 0.0430594 0.0456631 0.0538204 0.0412523 0.0113090 0.0126874 0.0426871 0.0479382 0.0118164 0.0000000 0.0180368 0.0538276 0.0466296 0.0563367 0.0540323 0.0528581 0.0143992 0.0193529 0.0363476 0.0509785 0.0468563 0.0524459 0.0465052 0.0489492 0.0419545 0.0567356 0.0051258 0.0530075 
Dasyuridae_Planigale_tenuirostris            0.0336405 0.0379373 0.0376703 0.0304448 0.0344216 0.0189280 0.0470249 0.0453455 0.0474482 0.0549283 0.0436408 0.0174084 0.0136208 0.0444623 0.0463380 0.0174491 0.0180368 0.0000000 0.0556536 0.0465422 0.0536000 0.0526664 0.0526623 0.0209054 0.0195432 0.0385462 0.0501653 0.0466125 0.0504677 0.0487104 0.0472654 0.0434570 0.0584902 0.0181168 0.0551446 
Peramelidae_Echymipera_kalubu                0.0386335 0.0411591 0.0412212 0.0371294 0.0442377 0.0540161 0.0487260 0.0524712 0.0532888 0.0144043 0.0501391 0.0518010 0.0537893 0.0477955 0.0516689 0.0516281 0.0538276 0.0556536 0.0000000 0.0547374 0.0622227 0.0592762 0.0571279 0.0537741 0.0221854 0.0433566 0.0630667 0.0507355 0.0588306 0.0507576 0.0508754 0.0467021 0.0142582 0.0548951 0.0114317 
Macropodidae_Dorcopsulus_vanheurni           0.0359066 0.0437803 0.0315805 0.0196428 0.0283455 0.0519521 0.0354750 0.0463668 0.0211632 0.0548951 0.0466318 0.0502933 0.0455588 0.0388202 0.0472708 0.0505417 0.0466296 0.0465422 0.0547374 0.0000000 0.0579171 0.0602553 0.0580263 0.0515285 0.0233336 0.0405916 0.0497297 0.0078393 0.0521945 0.0455820 0.0474539 0.0403721 0.0540589 0.0475806 0.0534808 
Pseudochiridae_Pseudochirulus_forbesi        0.0387999 0.0509962 0.0395364 0.0394110 0.0453204 0.0607173 0.0445483 0.0472546 0.0563508 0.0646263 0.0471460 0.0596000 0.0567238 0.0453096 0.0384743 0.0595178 0.0563367 0.0536000 0.0622227 0.0579171 0.0000000 0.0667606 0.0655329 0.0621016 0.0291771 0.0508450 0.0377624 0.0507767 0.0156523 0.0422753 0.0413178 0.0438750 0.0650014 0.0579149 0.0616206 
Didelphidae_Didelphis_virginiana             0.0451305 0.0501207 0.0419020 0.0437209 0.0503413 0.0563256 0.0542542 0.0562014 0.0551864 0.0588218 0.0562841 0.0544655 0.0495727 0.0537472 0.0570268 0.0540176 0.0540323 0.0526664 0.0592762 0.0602553 0.0667606 0.0000000 0.0227304 0.0554959 0.0309367 0.0480016 0.0673975 0.0547738 0.0639426 0.0572727 0.0581631 0.0523700 0.0608857 0.0536354 0.0568448 
Marmosidae_Monodelphis_domestica             0.0423396 0.0464673 0.0430531 0.0403783 0.0465239 0.0522682 0.0516888 0.0562469 0.0546574 0.0594094 0.0566218 0.0512701 0.0504740 0.0507968 0.0536766 0.0512878 0.0528581 0.0526623 0.0571279 0.0580263 0.0655329 0.0227304 0.0000000 0.0511835 0.0246175 0.0418340 0.0637233 0.0528031 0.0616173 0.0541001 0.0555035 0.0507351 0.0575983 0.0529423 0.0567271 
Dasyuridae_Antechinus_stuartii               0.0320715 0.0370294 0.0397626 0.0322693 0.0387895 0.0147072 0.0470471 0.0499953 0.0472255 0.0545685 0.0492754 0.0116302 0.0155237 0.0444742 0.0494943 0.0121249 0.0143992 0.0209054 0.0537741 0.0515285 0.0621016 0.0554959 0.0511835 0.0000000 0.0194105 0.0390707 0.0604961 0.0456691 0.0593906 0.0468355 0.0537886 0.0433029 0.0543539 0.0151723 0.0515105 
Hypsiprymnodontidae_Hypsiprymnodon_moschatus 0.0170116 0.0226336 0.0131993 0.0196740 0.0265018 0.0193694 0.0166672 0.0219501 0.0207722 0.0223118 0.0228523 0.0196406 0.0196544 0.0151729 0.0114506 0.0192725 0.0193529 0.0195432 0.0221854 0.0233336 0.0291771 0.0309367 0.0246175 0.0194105 0.0000000 0.0182499 0.0293337 0.0163425 0.0244587 0.0188752 0.0173415 0.0149992 0.0207877 0.0206899 0.0193241 
Microbiotheriidae_Dromiciops_gliroides       0.0272128 0.0329533 0.0284845 0.0260108 0.0335628 0.0354810 0.0333098 0.0345351 0.0377743 0.0468535 0.0368808 0.0353911 0.0368195 0.0309797 0.0366855 0.0352326 0.0363476 0.0385462 0.0433566 0.0405916 0.0508450 0.0480016 0.0418340 0.0390707 0.0182499 0.0000000 0.0513045 0.0330582 0.0447111 0.0368775 0.0391054 0.0301979 0.0440022 0.0387986 0.0433997 
Pseudochiridae_Petauroides_volans            0.0385599 0.0491916 0.0371045 0.0386543 0.0471232 0.0584268 0.0377367 0.0498280 0.0504635 0.0647553 0.0499083 0.0563178 0.0516449 0.0436492 0.0360946 0.0557361 0.0509785 0.0501653 0.0630667 0.0497297 0.0377624 0.0673975 0.0637233 0.0604961 0.0293337 0.0513045 0.0000000 0.0436445 0.0365765 0.0430735 0.0431686 0.0453001 0.0637888 0.0534655 0.0621681 
Macropodidae_Wallabia_bicolor                0.0299181 0.0393472 0.0315424 0.0175202 0.0228717 0.0463504 0.0368420 0.0397961 0.0214949 0.0506668 0.0407037 0.0444833 0.0460519 0.0362704 0.0416736 0.0443955 0.0468563 0.0466125 0.0507355 0.0078393 0.0507767 0.0547738 0.0528031 0.0456691 0.0163425 0.0330582 0.0436445 0.0000000 0.0439749 0.0398270 0.0423483 0.0350357 0.0489138 0.0480408 0.0492809 
Pseudochiridae_Pseudocheirus_occidentalis    0.0363564 0.0479852 0.0366348 0.0310476 0.0374281 0.0565044 0.0409409 0.0431064 0.0501715 0.0604950 0.0451820 0.0573920 0.0517879 0.0414147 0.0346162 0.0571037 0.0524459 0.0504677 0.0588306 0.0521945 0.0156523 0.0639426 0.0616173 0.0593906 0.0244587 0.0447111 0.0365765 0.0439749 0.0000000 0.0347140 0.0376472 0.0401771 0.0623829 0.0535413 0.0593022 
Tarsipedidae_Tarsipes_rostratus              0.0372684 0.0447658 0.0341628 0.0372468 0.0436863 0.0478343 0.0383385 0.0413315 0.0424304 0.0515808 0.0418355 0.0479947 0.0483649 0.0371305 0.0328614 0.0477087 0.0465052 0.0487104 0.0507576 0.0455820 0.0422753 0.0572727 0.0541001 0.0468355 0.0188752 0.0368775 0.0430735 0.0398270 0.0347140 0.0000000 0.0366831 0.0357643 0.0473859 0.0485869 0.0493984 
Acrobatidae_Distoechurus_pennatus            0.0313855 0.0415359 0.0313510 0.0311856 0.0371229 0.0508148 0.0396082 0.0413093 0.0469194 0.0539837 0.0420485 0.0502544 0.0494472 0.0392385 0.0220926 0.0492204 0.0489492 0.0472654 0.0508754 0.0474539 0.0413178 0.0581631 0.0555035 0.0537886 0.0173415 0.0391054 0.0431686 0.0423483 0.0376472 0.0366831 0.0000000 0.0374743 0.0523276 0.0502772 0.0517472 
Phalangeridae_Phalanger_carmelitae           0.0232372 0.0351715 0.0285163 0.0292729 0.0357060 0.0428087 0.0111728 0.0121904 0.0403611 0.0490909 0.0106971 0.0402716 0.0424053 0.0028810 0.0341169 0.0401772 0.0419545 0.0434570 0.0467021 0.0403721 0.0438750 0.0523700 0.0507351 0.0433029 0.0149992 0.0301979 0.0453001 0.0350357 0.0401771 0.0357643 0.0374743 0.0000000 0.0458735 0.0454330 0.0469625 
Peramelidae_Peroryctes_raffrayana            0.0384806 0.0409424 0.0404043 0.0361492 0.0442026 0.0552566 0.0474324 0.0529331 0.0523818 0.0178724 0.0524096 0.0518149 0.0571655 0.0467766 0.0495704 0.0516750 0.0567356 0.0584902 0.0142582 0.0540589 0.0650014 0.0608857 0.0575983 0.0543539 0.0207877 0.0440022 0.0637888 0.0489138 0.0623829 0.0473859 0.0523276 0.0458735 0.0000000 0.0575583 0.0136315 
Dasyuridae_Dasyurus_geffroii                 0.0350429 0.0395882 0.0389444 0.0316038 0.0357325 0.0045444 0.0482401 0.0463390 0.0462711 0.0548698 0.0449903 0.0133139 0.0136772 0.0461827 0.0504203 0.0138926 0.0051258 0.0181168 0.0548951 0.0475806 0.0579149 0.0536354 0.0529423 0.0151723 0.0206899 0.0387986 0.0534655 0.0480408 0.0535413 0.0485869 0.0502772 0.0454330 0.0575583 0.0000000 0.0540519 
Peramelidae_Perameles_gunnii                 0.0369344 0.0409499 0.0399912 0.0364602 0.0432984 0.0527916 0.0483618 0.0531741 0.0526374 0.0048135 0.0510312 0.0497756 0.0538566 0.0474143 0.0495540 0.0497879 0.0530075 0.0551446 0.0114317 0.0534808 0.0616206 0.0568448 0.0567271 0.0515105 0.0193241 0.0433997 0.0621681 0.0492809 0.0593022 0.0493984 0.0517472 0.0469625 0.0136315 0.0540519 0.0000000 
