35
Burramyidae_Burramys_parvus                  0.0000000 0.0951378 0.0614788 0.0703486 0.0750486 0.0816465 0.0533241 0.0554785 0.0638050 0.0724136 0.0586071 0.0876004 0.0925464 0.0553981 0.0573118 0.0873179 0.0830239 0.0886161 0.0960792 0.0762372 0.0661019 0.1434371 0.1311782 0.0888367 0.0693914 0.0728265 0.0577247 0.0656196 0.0463234 0.0854063 0.0685298 0.0586324 0.0812085 0.0869833 0.1006165 
Notoryctidae_Notoryctes_typhlops             0.0951378 0.0000000 0.0944795 0.1044328 0.1071681 0.0902625 0.0904662 0.1055767 0.0994754 0.0791368 0.0985943 0.1018099 0.1006056 0.0919090 0.0967150 0.1005480 0.0917841 0.0987874 0.1050651 0.1080513 0.1012286 0.1701401 0.1447752 0.0971385 0.1043592 0.0859881 0.0962154 0.0965323 0.1093568 0.1197512 0.1048894 0.0968921 0.0767640 0.0945498 0.1075111 
Vombatidae_Lasiorhinus_latifrons             0.0614788 0.0944795 0.0000000 0.0735010 0.0772299 0.0848850 0.0648886 0.0735758 0.0679425 0.0756134 0.0692035 0.0913574 0.0967248 0.0645102 0.0686790 0.0899707 0.0858395 0.0920819 0.0997435 0.0791919 0.0782058 0.1447972 0.1301529 0.0919334 0.0719385 0.0758429 0.0700333 0.0682437 0.0510947 0.0948220 0.0780098 0.0676254 0.0849266 0.0892375 0.1005717 
Potoroidae_Bettongia_penicillata             0.0703486 0.1044328 0.0735010 0.0000000 0.0110029 0.0970310 0.0714920 0.0785298 0.0167492 0.0774264 0.0766747 0.1058205 0.1085273 0.0723179 0.0754580 0.1059940 0.0976189 0.1042554 0.1014975 0.0430922 0.0840108 0.1530589 0.1460449 0.1067108 0.0494639 0.0842714 0.0711810 0.0328082 0.0587937 0.0955933 0.0820671 0.0760048 0.0779323 0.1000087 0.1067006 
Potoroidae_Bettongia_lesueur                 0.0750486 0.1071681 0.0772299 0.0110029 0.0000000 0.1012096 0.0737517 0.0868284 0.0198083 0.0827533 0.0848340 0.1112643 0.1151003 0.0785975 0.0802583 0.1086818 0.1023798 0.1104535 0.1048848 0.0464166 0.0847580 0.1571849 0.1474600 0.1104639 0.0547993 0.0897117 0.0743818 0.0373737 0.0625498 0.1002484 0.0874869 0.0825329 0.0880797 0.1042398 0.1112599 
Dasyuridae_Dasyurus_maculatus                0.0816465 0.0902625 0.0848850 0.0970310 0.1012096 0.0000000 0.0805550 0.0913506 0.0904123 0.0779560 0.0887548 0.0163291 0.0283893 0.0843713 0.0902671 0.0163589 0.0032757 0.0239362 0.1084756 0.1015396 0.0956428 0.1618212 0.1440384 0.0183019 0.0996567 0.0817469 0.0871412 0.0884106 0.0914847 0.1167342 0.0971836 0.0895555 0.0840685 0.0044701 0.1072113 
Phalangeridae_Trichosurus_vulpecula          0.0533241 0.0904662 0.0648886 0.0714920 0.0737517 0.0805550 0.0000000 0.0324526 0.0654556 0.0726061 0.0281216 0.0882048 0.0906837 0.0294054 0.0582435 0.0841367 0.0798203 0.0847242 0.0971080 0.0761338 0.0693833 0.1539127 0.1355775 0.0860289 0.0720473 0.0780108 0.0651360 0.0647974 0.0588615 0.0874290 0.0671531 0.0300899 0.0775660 0.0838394 0.1004895 
Phalangeridae_Spilocuscus_maculatus          0.0554785 0.1055767 0.0735758 0.0785298 0.0868284 0.0913506 0.0324526 0.0000000 0.0739786 0.0780793 0.0179888 0.0957497 0.1009377 0.0231434 0.0708752 0.0951741 0.0901048 0.0963218 0.1043900 0.0858669 0.0752925 0.1473651 0.1520524 0.0952977 0.0768727 0.0827954 0.0616686 0.0714121 0.0626751 0.0991687 0.0794289 0.0202984 0.0847447 0.0945481 0.1083044 
Potoroidae_Aepyprymnus_rufescens             0.0638050 0.0994754 0.0679425 0.0167492 0.0198083 0.0904123 0.0654556 0.0739786 0.0000000 0.0782435 0.0714928 0.1002299 0.1024406 0.0672490 0.0717792 0.0982845 0.0910941 0.0999839 0.1002172 0.0374666 0.0767916 0.1524735 0.1369112 0.1001244 0.0452026 0.0811377 0.0673817 0.0275513 0.0613202 0.0943619 0.0784678 0.0708955 0.0816223 0.0944489 0.1071593 
Peramelidae_Perameles_nasuta                 0.0724136 0.0791368 0.0756134 0.0774264 0.0827533 0.0779560 0.0726061 0.0780793 0.0782435 0.0000000 0.0756450 0.0896150 0.0846059 0.0732231 0.0745261 0.0879667 0.0779348 0.0898343 0.0160202 0.0910195 0.0771934 0.1516651 0.1234274 0.0843302 0.0781511 0.0791156 0.0740486 0.0780202 0.0769894 0.0991840 0.0761971 0.0762156 0.0138033 0.0794128 0.0005998 
Phalangeridae_Strigocuscus_pelengensis       0.0586071 0.0985943 0.0692035 0.0766747 0.0848340 0.0887548 0.0281216 0.0179888 0.0714928 0.0756450 0.0000000 0.0957379 0.0995638 0.0165298 0.0616793 0.0927936 0.0874813 0.0933190 0.0998871 0.0835806 0.0721381 0.1639210 0.1442006 0.0946046 0.0735478 0.0818679 0.0659237 0.0700120 0.0512310 0.0916722 0.0741333 0.0160983 0.0768616 0.0922312 0.1033187 
Dasyuridae_Phascogale_tapoatafa              0.0876004 0.1018099 0.0913574 0.1058205 0.1112643 0.0163291 0.0882048 0.0957497 0.1002299 0.0896150 0.0957379 0.0000000 0.0322268 0.0921841 0.0987332 0.0042157 0.0160413 0.0268579 0.1153313 0.1116550 0.1012121 0.1709505 0.1530897 0.0128191 0.1078361 0.0906269 0.0944673 0.0980807 0.0944405 0.1284569 0.1026587 0.0977537 0.0962371 0.0181489 0.1148353 
Dasyuridae_Sminthopsis_macroura              0.0925464 0.1006056 0.0967248 0.1085273 0.1151003 0.0283893 0.0906837 0.1009377 0.1024406 0.0846059 0.0995638 0.0322268 0.0000000 0.0946338 0.0972067 0.0318236 0.0255810 0.0221011 0.1156515 0.1144573 0.1035138 0.1681962 0.1500091 0.0296688 0.1074125 0.0907181 0.0949048 0.1007706 0.0916525 0.1251672 0.1023121 0.0987437 0.0920659 0.0288942 0.1168246 
Phalangeridae_Phalanger_orientalis           0.0553981 0.0919090 0.0645102 0.0723179 0.0785975 0.0843713 0.0294054 0.0231434 0.0672490 0.0732231 0.0165298 0.0921841 0.0946338 0.0000000 0.0577171 0.0901319 0.0831573 0.0904737 0.0984122 0.0774229 0.0673034 0.1549123 0.1365961 0.0898971 0.0692028 0.0756443 0.0637134 0.0650336 0.0534972 0.0875139 0.0692371 0.0062081 0.0737417 0.0877031 0.1028712 
Acrobatidae_Acrobates_pygmaeus               0.0573118 0.0967150 0.0686790 0.0754580 0.0802583 0.0902671 0.0582435 0.0708752 0.0717792 0.0745261 0.0616793 0.0987332 0.0972067 0.0577171 0.0000000 0.0937198 0.0902348 0.0956069 0.1012718 0.0806226 0.0637905 0.1566859 0.1362371 0.0924081 0.0759334 0.0764749 0.0590380 0.0709282 0.0421001 0.0801838 0.0420909 0.0611270 0.0803357 0.0927687 0.1002434 
Dasyuridae_Phascogale_calura                 0.0873179 0.1005480 0.0899707 0.1059940 0.1086818 0.0163589 0.0841367 0.0951741 0.0982845 0.0879667 0.0927936 0.0042157 0.0318236 0.0901319 0.0937198 0.0000000 0.0147497 0.0270710 0.1131847 0.1102380 0.0993698 0.1666142 0.1496377 0.0116460 0.1053256 0.0898038 0.0923691 0.0969294 0.0916080 0.1252219 0.1000112 0.0952713 0.0942798 0.0168248 0.1132000 
Dasyuridae_Sarcophilus_harrisii              0.0830239 0.0917841 0.0858395 0.0976189 0.1023798 0.0032757 0.0798203 0.0901048 0.0910941 0.0779348 0.0874813 0.0160413 0.0255810 0.0831573 0.0902348 0.0147497 0.0000000 0.0227274 0.1070890 0.1033663 0.0953351 0.1591270 0.1396506 0.0167655 0.0993889 0.0810056 0.0859054 0.0893287 0.0942500 0.1151192 0.0955834 0.0878025 0.0831257 0.0036937 0.1058162 
Dasyuridae_Planigale_tenuirostris            0.0886161 0.0987874 0.0920819 0.1042554 0.1104535 0.0239362 0.0847242 0.0963218 0.0999839 0.0898343 0.0933190 0.0268579 0.0221011 0.0904737 0.0956069 0.0270710 0.0227274 0.0000000 0.1170610 0.1105986 0.1014204 0.1699067 0.1511330 0.0253708 0.1008084 0.0879286 0.0921704 0.0960569 0.0882854 0.1282954 0.0990847 0.0958529 0.0911889 0.0240106 0.1171608 
Peramelidae_Echymipera_kalubu                0.0960792 0.1050651 0.0997435 0.1014975 0.1048848 0.1084756 0.0971080 0.1043900 0.1002172 0.0160202 0.0998871 0.1153313 0.1156515 0.0984122 0.1012718 0.1131847 0.1070890 0.1170610 0.0000000 0.1112729 0.1062516 0.1718040 0.1554493 0.1117463 0.1037435 0.0993371 0.0943357 0.0996820 0.0889407 0.1225509 0.1075580 0.1008377 0.0139891 0.1103619 0.0204807 
Macropodidae_Dorcopsulus_vanheurni           0.0762372 0.1080513 0.0791919 0.0430922 0.0464166 0.1015396 0.0761338 0.0858669 0.0374666 0.0910195 0.0835806 0.1116550 0.1144573 0.0774229 0.0806226 0.1102380 0.1033663 0.1105986 0.1112729 0.0000000 0.0902587 0.1683759 0.1508942 0.1109715 0.0550339 0.0899155 0.0807197 0.0174967 0.0731716 0.1017705 0.0904730 0.0813159 0.0953092 0.1068156 0.1155972 
Pseudochiridae_Pseudochirulus_forbesi        0.0661019 0.1012286 0.0782058 0.0840108 0.0847580 0.0956428 0.0693833 0.0752925 0.0767916 0.0771934 0.0721381 0.1012121 0.1035138 0.0673034 0.0637905 0.0993698 0.0953351 0.1014204 0.1062516 0.0902587 0.0000000 0.1769475 0.1498548 0.0977662 0.0783617 0.0862133 0.0507389 0.0773004 0.0149430 0.0836946 0.0695381 0.0718020 0.0847210 0.0992546 0.1114825 
Didelphidae_Didelphis_virginiana             0.1434371 0.1701401 0.1447972 0.1530589 0.1571849 0.1618212 0.1539127 0.1473651 0.1524735 0.1516651 0.1639210 0.1709505 0.1681962 0.1549123 0.1566859 0.1666142 0.1591270 0.1699067 0.1718040 0.1683759 0.1769475 0.0000000 0.0687460 0.1631102 0.1639616 0.1449043 0.1516647 0.1555226 0.1221777 0.1750089 0.1666251 0.1559954 0.1363743 0.1606094 0.1726112 
Marmosidae_Monodelphis_domestica             0.1311782 0.1447752 0.1301529 0.1460449 0.1474600 0.1440384 0.1355775 0.1520524 0.1369112 0.1234274 0.1442006 0.1530897 0.1500091 0.1365961 0.1362371 0.1496377 0.1396506 0.1511330 0.1554493 0.1508942 0.1498548 0.0687460 0.0000000 0.1469168 0.1423893 0.1288219 0.1432325 0.1391381 0.1245481 0.1641767 0.1436255 0.1382823 0.1306410 0.1447686 0.1593479 
Dasyuridae_Antechinus_stuartii               0.0888367 0.0971385 0.0919334 0.1067108 0.1104639 0.0183019 0.0860289 0.0952977 0.1001244 0.0843302 0.0946046 0.0128191 0.0296688 0.0898971 0.0924081 0.0116460 0.0167655 0.0253708 0.1117463 0.1109715 0.0977662 0.1631102 0.1469168 0.0000000 0.1042148 0.0863559 0.0890703 0.0964022 0.0870631 0.1221886 0.0980931 0.0953983 0.0915889 0.0179153 0.1117611 
Hypsiprymnodontidae_Hypsiprymnodon_moschatus 0.0693914 0.1043592 0.0719385 0.0494639 0.0547993 0.0996567 0.0720473 0.0768727 0.0452026 0.0781511 0.0735478 0.1078361 0.1074125 0.0692028 0.0759334 0.1053256 0.0993889 0.1008084 0.1037435 0.0550339 0.0783617 0.1639616 0.1423893 0.1042148 0.0000000 0.0832766 0.0698549 0.0439779 0.0533401 0.0967044 0.0820368 0.0729537 0.0804981 0.1021359 0.1078704 
Microbiotheriidae_Dromiciops_gliroides       0.0728265 0.0859881 0.0758429 0.0842714 0.0897117 0.0817469 0.0780108 0.0827954 0.0811377 0.0791156 0.0818679 0.0906269 0.0907181 0.0756443 0.0764749 0.0898038 0.0810056 0.0879286 0.0993371 0.0899155 0.0862133 0.1449043 0.1288219 0.0863559 0.0832766 0.0000000 0.0750083 0.0763434 0.0698391 0.0985254 0.0870281 0.0796815 0.0825369 0.0846111 0.1037965 
Pseudochiridae_Petauroides_volans            0.0577247 0.0962154 0.0700333 0.0711810 0.0743818 0.0871412 0.0651360 0.0616686 0.0673817 0.0740486 0.0659237 0.0944673 0.0949048 0.0637134 0.0590380 0.0923691 0.0859054 0.0921704 0.0943357 0.0807197 0.0507389 0.1516647 0.1432325 0.0890703 0.0698549 0.0750083 0.0000000 0.0671106 0.0337632 0.0764495 0.0680945 0.0658349 0.0780743 0.0894776 0.1022062 
Macropodidae_Wallabia_bicolor                0.0656196 0.0965323 0.0682437 0.0328082 0.0373737 0.0884106 0.0647974 0.0714121 0.0275513 0.0780202 0.0700120 0.0980807 0.1007706 0.0650336 0.0709282 0.0969294 0.0893287 0.0960569 0.0996820 0.0174967 0.0773004 0.1555226 0.1391381 0.0964022 0.0439779 0.0763434 0.0671106 0.0000000 0.0583922 0.0950964 0.0801380 0.0689780 0.0809261 0.0928751 0.1049634 
Pseudochiridae_Pseudocheirus_occidentalis    0.0463234 0.1093568 0.0510947 0.0587937 0.0625498 0.0914847 0.0588615 0.0626751 0.0613202 0.0769894 0.0512310 0.0944405 0.0916525 0.0534972 0.0421001 0.0916080 0.0942500 0.0882854 0.0889407 0.0731716 0.0149430 0.1221777 0.1245481 0.0870631 0.0533401 0.0698391 0.0337632 0.0583922 0.0000000 0.0675938 0.0443263 0.0572897 0.0852407 0.0991243 0.0866315 
Tarsipedidae_Tarsipes_rostratus              0.0854063 0.1197512 0.0948220 0.0955933 0.1002484 0.1167342 0.0874290 0.0991687 0.0943619 0.0991840 0.0916722 0.1284569 0.1251672 0.0875139 0.0801838 0.1252219 0.1151192 0.1282954 0.1225509 0.1017705 0.0836946 0.1750089 0.1641767 0.1221886 0.0967044 0.0985254 0.0764495 0.0950964 0.0675938 0.0000000 0.0884979 0.0902797 0.1036609 0.1182283 0.1259100 
Acrobatidae_Distoechurus_pennatus            0.0685298 0.1048894 0.0780098 0.0820671 0.0874869 0.0971836 0.0671531 0.0794289 0.0784678 0.0761971 0.0741333 0.1026587 0.1023121 0.0692371 0.0420909 0.1000112 0.0955834 0.0990847 0.1075580 0.0904730 0.0695381 0.1666251 0.1436255 0.0980931 0.0820368 0.0870281 0.0680945 0.0801380 0.0443263 0.0884979 0.0000000 0.0735529 0.0865707 0.1006721 0.1102606 
Phalangeridae_Phalanger_carmelitae           0.0586324 0.0968921 0.0676254 0.0760048 0.0825329 0.0895555 0.0300899 0.0202984 0.0708955 0.0762156 0.0160983 0.0977537 0.0987437 0.0062081 0.0611270 0.0952713 0.0878025 0.0958529 0.1008377 0.0813159 0.0718020 0.1559954 0.1382823 0.0953983 0.0729537 0.0796815 0.0658349 0.0689780 0.0572897 0.0902797 0.0735529 0.0000000 0.0772838 0.0930119 0.1053054 
Peramelidae_Peroryctes_raffrayana            0.0812085 0.0767640 0.0849266 0.0779323 0.0880797 0.0840685 0.0775660 0.0847447 0.0816223 0.0138033 0.0768616 0.0962371 0.0920659 0.0737417 0.0803357 0.0942798 0.0831257 0.0911889 0.0139891 0.0953092 0.0847210 0.1363743 0.1306410 0.0915889 0.0804981 0.0825369 0.0780743 0.0809261 0.0852407 0.1036609 0.0865707 0.0772838 0.0000000 0.0850931 0.0170903 
Dasyuridae_Dasyurus_geffroii                 0.0869833 0.0945498 0.0892375 0.1000087 0.1042398 0.0044701 0.0838394 0.0945481 0.0944489 0.0794128 0.0922312 0.0181489 0.0288942 0.0877031 0.0927687 0.0168248 0.0036937 0.0240106 0.1103619 0.1068156 0.0992546 0.1606094 0.1447686 0.0179153 0.1021359 0.0846111 0.0894776 0.0928751 0.0991243 0.1182283 0.1006721 0.0930119 0.0850931 0.0000000 0.1090873 
Peramelidae_Perameles_gunnii                 0.1006165 0.1075111 0.1005717 0.1067006 0.1112599 0.1072113 0.1004895 0.1083044 0.1071593 0.0005998 0.1033187 0.1148353 0.1168246 0.1028712 0.1002434 0.1132000 0.1058162 0.1171608 0.0204807 0.1155972 0.1114825 0.1726112 0.1593479 0.1117611 0.1078704 0.1037965 0.1022062 0.1049634 0.0866315 0.1259100 0.1102606 0.1053054 0.0170903 0.1090873 0.0000000 
