35
Burramyidae_Burramys_parvus                  0.0000000 0.0716192 0.0416031 0.0509393 0.0555668 0.0505169 0.0376596 0.0423069 0.0442042 0.0377514 0.0423861 0.0628924 0.0591179 0.0458029 0.0496387 0.0663788 0.0551193 0.0391533 0.0637383 0.0660064 0.0447118 0.0631550 0.0676073 0.0440020 0.0656314 0.0430336 0.0404281 0.0639942 0.0262723 0.0442354 0.0387576 0.0463272 0.0360496 0.0515301 0.0580932 
Notoryctidae_Notoryctes_typhlops             0.0716192 0.0000000 0.0760679 0.0873648 0.0920780 0.0778683 0.0787171 0.0879938 0.0806823 0.0509439 0.0849553 0.0917959 0.0853610 0.0862782 0.0850502 0.0942090 0.0792078 0.0553708 0.0900830 0.1090807 0.0847915 0.0945470 0.1035839 0.0711530 0.1031408 0.0780887 0.0787985 0.1045773 0.0499867 0.0879555 0.0782620 0.0878187 0.0519884 0.0792677 0.0841672 
Vombatidae_Lasiorhinus_latifrons             0.0416031 0.0760679 0.0000000 0.0569796 0.0602105 0.0578693 0.0483664 0.0531067 0.0522803 0.0398603 0.0535187 0.0712221 0.0694917 0.0550133 0.0573543 0.0746900 0.0601325 0.0412101 0.0701127 0.0727042 0.0536553 0.0688132 0.0736587 0.0540381 0.0715983 0.0517109 0.0473167 0.0717794 0.0265171 0.0536844 0.0448826 0.0553272 0.0383651 0.0585340 0.0675303 
Potoroidae_Bettongia_penicillata             0.0509393 0.0873648 0.0569796 0.0000000 0.0071678 0.0672376 0.0557576 0.0602523 0.0219723 0.0487974 0.0622027 0.0813575 0.0798154 0.0613952 0.0605663 0.0828751 0.0700707 0.0514317 0.0801424 0.0421866 0.0596319 0.0819361 0.0859531 0.0646226 0.0465513 0.0621186 0.0544537 0.0389451 0.0344366 0.0612972 0.0525156 0.0630563 0.0452355 0.0672427 0.0761127 
Potoroidae_Bettongia_lesueur                 0.0555668 0.0920780 0.0602105 0.0071678 0.0000000 0.0717803 0.0602049 0.0649488 0.0252414 0.0511845 0.0667987 0.0865263 0.0840229 0.0654987 0.0638408 0.0877209 0.0751708 0.0542179 0.0852482 0.0471846 0.0637739 0.0871560 0.0898592 0.0724322 0.0493384 0.0660697 0.0591647 0.0432368 0.0360153 0.0654333 0.0561334 0.0679304 0.0475426 0.0721288 0.0813388 
Dasyuridae_Dasyurus_maculatus                0.0505169 0.0778683 0.0578693 0.0672376 0.0717803 0.0000000 0.0556940 0.0613434 0.0612692 0.0468987 0.0618715 0.0255575 0.0258952 0.0637328 0.0672168 0.0302403 0.0085889 0.0147189 0.0759214 0.0859115 0.0631396 0.0779652 0.0776285 0.0107157 0.0863603 0.0516088 0.0553500 0.0827569 0.0398067 0.0640961 0.0572759 0.0634242 0.0444968 0.0044257 0.0702315 
Phalangeridae_Trichosurus_vulpecula          0.0376596 0.0787171 0.0483664 0.0557576 0.0602049 0.0556940 0.0000000 0.0239930 0.0499172 0.0412232 0.0237591 0.0696981 0.0643626 0.0244374 0.0527335 0.0707411 0.0578951 0.0398361 0.0704528 0.0721699 0.0528043 0.0738250 0.0787881 0.0543759 0.0721575 0.0480448 0.0452987 0.0684734 0.0296233 0.0527639 0.0463699 0.0237081 0.0400739 0.0567988 0.0665658 
Phalangeridae_Spilocuscus_maculatus          0.0423069 0.0879938 0.0531067 0.0602523 0.0649488 0.0613434 0.0239930 0.0000000 0.0526993 0.0498898 0.0159158 0.0788270 0.0727436 0.0219827 0.0589750 0.0791338 0.0668550 0.0478358 0.0760730 0.0782533 0.0566107 0.0800493 0.0853564 0.0539634 0.0791219 0.0569914 0.0499918 0.0756202 0.0339146 0.0557526 0.0511070 0.0218145 0.0490835 0.0617127 0.0719963 
Potoroidae_Aepyprymnus_rufescens             0.0442042 0.0806823 0.0522803 0.0219723 0.0252414 0.0612692 0.0499172 0.0526993 0.0000000 0.0428721 0.0553924 0.0762426 0.0721643 0.0569011 0.0517554 0.0779246 0.0642619 0.0435479 0.0724731 0.0467185 0.0538544 0.0752686 0.0817374 0.0562133 0.0522516 0.0561945 0.0468170 0.0443104 0.0265578 0.0553382 0.0459970 0.0561133 0.0398881 0.0616469 0.0688277 
Peramelidae_Perameles_nasuta                 0.0377514 0.0509439 0.0398603 0.0487974 0.0511845 0.0468987 0.0412232 0.0498898 0.0428721 0.0000000 0.0504175 0.0511788 0.0494032 0.0446707 0.0420129 0.0508179 0.0491619 0.0494115 0.0065936 0.0632777 0.0426824 0.0534159 0.0595918 0.0648365 0.0588384 0.0419399 0.0392540 0.0641872 0.0380073 0.0490096 0.0398675 0.0494122 0.0083933 0.0481072 0.0002659 
Phalangeridae_Strigocuscus_pelengensis       0.0423861 0.0849553 0.0535187 0.0622027 0.0667987 0.0618715 0.0237591 0.0159158 0.0553924 0.0504175 0.0000000 0.0758010 0.0725544 0.0196404 0.0567153 0.0779207 0.0655011 0.0499474 0.0752257 0.0801758 0.0583627 0.0805316 0.0811292 0.0543179 0.0803683 0.0527544 0.0489253 0.0778940 0.0347661 0.0552446 0.0500898 0.0197142 0.0489719 0.0631931 0.0718001 
Dasyuridae_Phascogale_tapoatafa              0.0628924 0.0917959 0.0712221 0.0813575 0.0865263 0.0255575 0.0696981 0.0788270 0.0762426 0.0511788 0.0758010 0.0000000 0.0247385 0.0746105 0.0777776 0.0057303 0.0259189 0.0146424 0.0873655 0.1054957 0.0770978 0.0892298 0.0914591 0.0222864 0.1001278 0.0664265 0.0692868 0.1030368 0.0456416 0.0770409 0.0718670 0.0776486 0.0486629 0.0263222 0.0819089 
Dasyuridae_Sminthopsis_macroura              0.0591179 0.0853610 0.0694917 0.0798154 0.0840229 0.0258952 0.0643626 0.0727436 0.0721643 0.0494032 0.0725544 0.0247385 0.0000000 0.0722214 0.0721000 0.0256797 0.0235854 0.0113625 0.0829799 0.0964451 0.0747988 0.0845671 0.0888309 0.0268850 0.0966145 0.0583941 0.0640915 0.0935473 0.0455786 0.0752053 0.0680218 0.0722204 0.0465179 0.0259568 0.0780214 
Phalangeridae_Phalanger_orientalis           0.0458029 0.0862782 0.0550133 0.0613952 0.0654987 0.0637328 0.0244374 0.0219827 0.0569011 0.0446707 0.0196404 0.0746105 0.0722214 0.0000000 0.0595265 0.0779577 0.0645297 0.0421394 0.0780458 0.0791006 0.0571140 0.0819143 0.0853148 0.0576233 0.0796068 0.0549785 0.0501144 0.0762528 0.0310931 0.0591988 0.0514303 0.0083967 0.0435516 0.0644965 0.0732406 
Acrobatidae_Acrobates_pygmaeus               0.0496387 0.0850502 0.0573543 0.0605663 0.0638408 0.0672168 0.0527335 0.0589750 0.0517554 0.0420129 0.0567153 0.0777776 0.0721000 0.0595265 0.0000000 0.0810372 0.0714307 0.0447911 0.0751150 0.0768693 0.0544377 0.0709278 0.0818963 0.0626422 0.0740021 0.0594706 0.0466007 0.0744823 0.0265193 0.0562381 0.0337625 0.0607639 0.0385787 0.0665925 0.0728834 
Dasyuridae_Phascogale_calura                 0.0663788 0.0942090 0.0746900 0.0828751 0.0877209 0.0302403 0.0707411 0.0791338 0.0779246 0.0508179 0.0779207 0.0057303 0.0256797 0.0779577 0.0810372 0.0000000 0.0248531 0.0141084 0.0913654 0.1062179 0.0790650 0.0925053 0.0957845 0.0301862 0.1005927 0.0678362 0.0719011 0.1023466 0.0441941 0.0814677 0.0738606 0.0793159 0.0480692 0.0299127 0.0849606 
Dasyuridae_Sarcophilus_harrisii              0.0551193 0.0792078 0.0601325 0.0700707 0.0751708 0.0085889 0.0578951 0.0668550 0.0642619 0.0491619 0.0655011 0.0259189 0.0235854 0.0645297 0.0714307 0.0248531 0.0000000 0.0147055 0.0777429 0.0924207 0.0663555 0.0801269 0.0841893 0.0155078 0.0901005 0.0561108 0.0582431 0.0893674 0.0421505 0.0695956 0.0629350 0.0647496 0.0467747 0.0089476 0.0729013 
Dasyuridae_Planigale_tenuirostris            0.0391533 0.0553708 0.0412101 0.0514317 0.0542179 0.0147189 0.0398361 0.0478358 0.0435479 0.0494115 0.0499474 0.0146424 0.0113625 0.0421394 0.0447911 0.0141084 0.0147055 0.0000000 0.0495920 0.0653263 0.0477958 0.0535380 0.0582844 0.0275307 0.0632505 0.0375985 0.0409739 0.0644621 0.0447879 0.0504614 0.0438152 0.0451875 0.0461773 0.0149808 0.0500603 
Peramelidae_Echymipera_kalubu                0.0637383 0.0900830 0.0701127 0.0801424 0.0852482 0.0759214 0.0704528 0.0760730 0.0724731 0.0065936 0.0752257 0.0873655 0.0829799 0.0780458 0.0751150 0.0913654 0.0777429 0.0495920 0.0000000 0.0975689 0.0735214 0.0924336 0.1014075 0.0661555 0.0943504 0.0698564 0.0659097 0.0963479 0.0388488 0.0758199 0.0681180 0.0806551 0.0062324 0.0776723 0.0225151 
Macropodidae_Dorcopsulus_vanheurni           0.0660064 0.1090807 0.0727042 0.0421866 0.0471846 0.0859115 0.0721699 0.0782533 0.0467185 0.0632777 0.0801758 0.1054957 0.0964451 0.0791006 0.0768693 0.1062179 0.0924207 0.0653263 0.0975689 0.0000000 0.0752692 0.1010381 0.1086369 0.0897391 0.0658445 0.0818117 0.0679187 0.0268659 0.0455189 0.0750513 0.0688144 0.0788021 0.0608131 0.0864501 0.0910683 
Pseudochiridae_Pseudochirulus_forbesi        0.0447118 0.0847915 0.0536553 0.0596319 0.0637739 0.0631396 0.0528043 0.0566107 0.0538544 0.0426824 0.0583627 0.0770978 0.0747988 0.0571140 0.0544377 0.0790650 0.0663555 0.0477958 0.0735214 0.0752692 0.0000000 0.0764458 0.0833261 0.0577765 0.0745039 0.0566449 0.0279458 0.0733426 0.0094628 0.0470540 0.0442121 0.0576400 0.0396673 0.0647452 0.0706700 
Didelphidae_Didelphis_virginiana             0.0631550 0.0945470 0.0688132 0.0819361 0.0871560 0.0779652 0.0738250 0.0800493 0.0752686 0.0534159 0.0805316 0.0892298 0.0845671 0.0819143 0.0709278 0.0925053 0.0801269 0.0535380 0.0924336 0.1010381 0.0764458 0.0000000 0.0457576 0.0682165 0.0965391 0.0694021 0.0726186 0.0984168 0.0450608 0.0793936 0.0696496 0.0825794 0.0517374 0.0791508 0.0866037 
Marmosidae_Monodelphis_domestica             0.0676073 0.1035839 0.0736587 0.0859531 0.0898592 0.0776285 0.0787881 0.0853564 0.0817374 0.0595918 0.0811292 0.0914591 0.0888309 0.0853148 0.0818963 0.0957845 0.0841893 0.0582844 0.1014075 0.1086369 0.0833261 0.0457576 0.0000000 0.0715714 0.1036291 0.0732418 0.0768402 0.1056227 0.0498302 0.0860711 0.0794730 0.0867542 0.0581172 0.0792941 0.0936901 
Dasyuridae_Antechinus_stuartii               0.0440020 0.0711530 0.0540381 0.0646226 0.0724322 0.0107157 0.0543759 0.0539634 0.0562133 0.0648365 0.0543179 0.0222864 0.0268850 0.0576233 0.0626422 0.0301862 0.0155078 0.0275307 0.0661555 0.0897391 0.0577765 0.0682165 0.0715714 0.0000000 0.0858917 0.0452687 0.0476709 0.0866611 0.0573654 0.0527350 0.0483113 0.0591503 0.0555027 0.0117290 0.0631437 
Hypsiprymnodontidae_Hypsiprymnodon_moschatus 0.0656314 0.1031408 0.0715983 0.0465513 0.0493384 0.0863603 0.0721575 0.0791219 0.0522516 0.0588384 0.0803683 0.1001278 0.0966145 0.0796068 0.0740021 0.1005927 0.0901005 0.0632505 0.0943504 0.0658445 0.0745039 0.0965391 0.1036291 0.0858917 0.0000000 0.0807770 0.0685783 0.0652305 0.0438298 0.0755645 0.0667842 0.0825793 0.0564176 0.0864131 0.0886960 
Microbiotheriidae_Dromiciops_gliroides       0.0430336 0.0780887 0.0517109 0.0621186 0.0660697 0.0516088 0.0480448 0.0569914 0.0561945 0.0419399 0.0527544 0.0664265 0.0583941 0.0549785 0.0594706 0.0678362 0.0561108 0.0375985 0.0698564 0.0818117 0.0566449 0.0694021 0.0732418 0.0452687 0.0807770 0.0000000 0.0495350 0.0778203 0.0352188 0.0572517 0.0520180 0.0575057 0.0396637 0.0526380 0.0631258 
Pseudochiridae_Petauroides_volans            0.0404281 0.0787985 0.0473167 0.0544537 0.0591647 0.0553500 0.0452987 0.0499918 0.0468170 0.0392540 0.0489253 0.0692868 0.0640915 0.0501144 0.0466007 0.0719011 0.0582431 0.0409739 0.0659097 0.0679187 0.0279458 0.0726186 0.0768402 0.0476709 0.0685783 0.0495350 0.0000000 0.0655463 0.0136510 0.0409680 0.0353744 0.0520714 0.0344352 0.0563666 0.0639359 
Macropodidae_Wallabia_bicolor                0.0639942 0.1045773 0.0717794 0.0389451 0.0432368 0.0827569 0.0684734 0.0756202 0.0443104 0.0641872 0.0778940 0.1030368 0.0935473 0.0762528 0.0744823 0.1023466 0.0893674 0.0644621 0.0963479 0.0268659 0.0733426 0.0984168 0.1056227 0.0866611 0.0652305 0.0778203 0.0655463 0.0000000 0.0468398 0.0732519 0.0657047 0.0746371 0.0626465 0.0832920 0.0898398 
Pseudochiridae_Pseudocheirus_occidentalis    0.0262723 0.0499867 0.0265171 0.0344366 0.0360153 0.0398067 0.0296233 0.0339146 0.0265578 0.0380073 0.0347661 0.0456416 0.0455786 0.0310931 0.0265193 0.0441941 0.0421505 0.0447879 0.0388488 0.0455189 0.0094628 0.0450608 0.0498302 0.0573654 0.0438298 0.0352188 0.0136510 0.0468398 0.0000000 0.0246435 0.0224024 0.0341958 0.0356873 0.0410052 0.0402846 
Tarsipedidae_Tarsipes_rostratus              0.0442354 0.0879555 0.0536844 0.0612972 0.0654333 0.0640961 0.0527639 0.0557526 0.0553382 0.0490096 0.0552446 0.0770409 0.0752053 0.0591988 0.0562381 0.0814677 0.0695956 0.0504614 0.0758199 0.0750513 0.0470540 0.0793936 0.0860711 0.0527350 0.0755645 0.0572517 0.0409680 0.0732519 0.0246435 0.0000000 0.0437648 0.0612843 0.0443961 0.0653008 0.0752102 
Acrobatidae_Distoechurus_pennatus            0.0387576 0.0782620 0.0448826 0.0525156 0.0561334 0.0572759 0.0463699 0.0511070 0.0459970 0.0398675 0.0500898 0.0718670 0.0680218 0.0514303 0.0337625 0.0738606 0.0629350 0.0438152 0.0681180 0.0688144 0.0442121 0.0696496 0.0794730 0.0483113 0.0667842 0.0520180 0.0353744 0.0657047 0.0224024 0.0437648 0.0000000 0.0519127 0.0361614 0.0583933 0.0655491 
Phalangeridae_Phalanger_carmelitae           0.0463272 0.0878187 0.0553272 0.0630563 0.0679304 0.0634242 0.0237081 0.0218145 0.0561133 0.0494122 0.0197142 0.0776486 0.0722204 0.0083967 0.0607639 0.0793159 0.0647496 0.0451875 0.0806551 0.0788021 0.0576400 0.0825794 0.0867542 0.0591503 0.0825793 0.0575057 0.0520714 0.0746371 0.0341958 0.0612843 0.0519127 0.0000000 0.0466037 0.0641940 0.0764464 
Peramelidae_Peroryctes_raffrayana            0.0360496 0.0519884 0.0383651 0.0452355 0.0475426 0.0444968 0.0400739 0.0490835 0.0398881 0.0083933 0.0489719 0.0486629 0.0465179 0.0435516 0.0385787 0.0480692 0.0467747 0.0461773 0.0062324 0.0608131 0.0396673 0.0517374 0.0581172 0.0555027 0.0564176 0.0396637 0.0344352 0.0626465 0.0356873 0.0443961 0.0361614 0.0466037 0.0000000 0.0457137 0.0087661 
Dasyuridae_Dasyurus_geffroii                 0.0515301 0.0792677 0.0585340 0.0672427 0.0721288 0.0044257 0.0567988 0.0617127 0.0616469 0.0481072 0.0631931 0.0263222 0.0259568 0.0644965 0.0665925 0.0299127 0.0089476 0.0149808 0.0776723 0.0864501 0.0647452 0.0791508 0.0792941 0.0117290 0.0864131 0.0526380 0.0563666 0.0832920 0.0410052 0.0653008 0.0583933 0.0641940 0.0457137 0.0000000 0.0719252 
Peramelidae_Perameles_gunnii                 0.0580932 0.0841672 0.0675303 0.0761127 0.0813388 0.0702315 0.0665658 0.0719963 0.0688277 0.0002659 0.0718001 0.0819089 0.0780214 0.0732406 0.0728834 0.0849606 0.0729013 0.0500603 0.0225151 0.0910683 0.0706700 0.0866037 0.0936901 0.0631437 0.0886960 0.0631258 0.0639359 0.0898398 0.0402846 0.0752102 0.0655491 0.0764464 0.0087661 0.0719252 0.0000000 
