35
Burramyidae_Burramys_parvus                  0.0000000 0.0801482 0.0479009 0.0455850 0.0635643 0.0662672 0.0473131 0.0524474 0.0717777 0.0926152 0.0512915 0.0731895 0.0697876 0.0492156 0.0604396 0.0710658 0.0721120 0.0752444 0.0910482 0.0730572 0.0676031 0.1000897 0.0927755 0.0730619 0.0531148 0.0861435 0.0547990 0.0464737 0.0611315 0.0756991 0.0591133 0.0507198 0.0947904 0.0664191 0.0951801 
Notoryctidae_Notoryctes_typhlops             0.0801482 0.0000000 0.0701137 0.0764738 0.0947052 0.0872230 0.0688370 0.0821966 0.0971303 0.0976620 0.0800489 0.0941906 0.0915181 0.0750850 0.0796389 0.0920628 0.0961838 0.0904039 0.0975093 0.0978935 0.0989945 0.1162612 0.1049753 0.0941136 0.0758529 0.0895968 0.0869502 0.0766249 0.1050582 0.0979792 0.0844761 0.0760343 0.1001636 0.0910150 0.1015492 
Vombatidae_Lasiorhinus_latifrons             0.0479009 0.0701137 0.0000000 0.0447732 0.0597244 0.0547176 0.0420140 0.0526450 0.0652811 0.0754426 0.0464164 0.0623236 0.0566083 0.0457027 0.0531730 0.0596868 0.0580373 0.0599964 0.0748312 0.0671878 0.0694072 0.0879163 0.0773848 0.0608373 0.0467398 0.0683321 0.0549515 0.0436724 0.0658023 0.0689660 0.0531955 0.0477588 0.0781964 0.0548322 0.0775576 
Potoroidae_Bettongia_penicillata             0.0455850 0.0764738 0.0447732 0.0000000 0.0245807 0.0630451 0.0434163 0.0491178 0.0385025 0.0776666 0.0500571 0.0687996 0.0671058 0.0439079 0.0539320 0.0661099 0.0690694 0.0697622 0.0805752 0.0463791 0.0742653 0.0883648 0.0833378 0.0681657 0.0373040 0.0779330 0.0520309 0.0214010 0.0647266 0.0664624 0.0525045 0.0459509 0.0798958 0.0646975 0.0791861 
Potoroidae_Bettongia_lesueur                 0.0635643 0.0947052 0.0597244 0.0245807 0.0000000 0.0815980 0.0608646 0.0676284 0.0258260 0.0973411 0.0650277 0.0853938 0.0837423 0.0615401 0.0736135 0.0826100 0.0903951 0.0886155 0.0962895 0.0537583 0.0937836 0.1112630 0.1065522 0.0856279 0.0551161 0.0972933 0.0713429 0.0371107 0.0856512 0.0876224 0.0718639 0.0634852 0.0967556 0.0834069 0.0988361 
Dasyuridae_Dasyurus_maculatus                0.0662672 0.0872230 0.0547176 0.0630451 0.0815980 0.0000000 0.0628189 0.0692924 0.0816619 0.0823721 0.0714419 0.0188035 0.0159680 0.0648299 0.0675669 0.0153121 0.0080751 0.0177314 0.0889591 0.0897391 0.0879395 0.1024116 0.1019001 0.0154322 0.0690289 0.0852199 0.0721356 0.0661116 0.0850807 0.0862505 0.0688483 0.0668172 0.0871776 0.0055848 0.0876641 
Phalangeridae_Trichosurus_vulpecula          0.0473131 0.0688370 0.0420140 0.0434163 0.0608646 0.0628189 0.0000000 0.0256200 0.0684378 0.0747596 0.0200804 0.0727470 0.0675413 0.0200617 0.0465408 0.0686518 0.0688419 0.0695967 0.0739969 0.0669623 0.0656629 0.0870701 0.0801049 0.0685060 0.0447725 0.0762001 0.0477949 0.0443010 0.0598066 0.0655111 0.0484933 0.0216153 0.0790430 0.0630986 0.0769517 
Phalangeridae_Spilocuscus_maculatus          0.0524474 0.0821966 0.0526450 0.0491178 0.0676284 0.0692924 0.0256200 0.0000000 0.0755128 0.0882146 0.0129696 0.0791090 0.0738856 0.0100199 0.0536072 0.0748922 0.0732591 0.0758884 0.0860438 0.0789361 0.0750021 0.0951729 0.0841361 0.0751478 0.0520169 0.0878068 0.0534792 0.0501539 0.0671090 0.0778457 0.0542472 0.0111931 0.0899890 0.0720066 0.0857631 
Potoroidae_Aepyprymnus_rufescens             0.0717777 0.0971303 0.0652811 0.0385025 0.0258260 0.0816619 0.0684378 0.0755128 0.0000000 0.0988258 0.0725147 0.0852889 0.0858776 0.0678307 0.0758428 0.0817568 0.0927065 0.0908882 0.0991105 0.0577728 0.0929960 0.1133935 0.1093132 0.0856567 0.0593979 0.0979986 0.0740846 0.0444908 0.0850522 0.0906644 0.0748391 0.0697233 0.0954368 0.0847669 0.0994802 
Peramelidae_Perameles_nasuta                 0.0926152 0.0976620 0.0754426 0.0776666 0.0973411 0.0823721 0.0747596 0.0882146 0.0988258 0.0000000 0.0832303 0.0884685 0.0891735 0.0775080 0.0884839 0.0857086 0.0915349 0.0950874 0.0204023 0.1009744 0.1047447 0.1161557 0.1107673 0.0849145 0.0877084 0.1009057 0.0866466 0.0781935 0.1142133 0.1034620 0.0834522 0.0788866 0.0213954 0.0834281 0.0011392 
Phalangeridae_Strigocuscus_pelengensis       0.0512915 0.0800489 0.0464164 0.0500571 0.0650277 0.0714419 0.0200804 0.0129696 0.0725147 0.0832303 0.0000000 0.0790351 0.0733152 0.0075571 0.0522150 0.0744210 0.0783711 0.0755235 0.0846011 0.0688761 0.0667217 0.0914449 0.0814725 0.0749484 0.0499608 0.0824878 0.0538019 0.0475055 0.0619457 0.0759962 0.0496904 0.0086663 0.0905217 0.0716042 0.0863778 
Dasyuridae_Phascogale_tapoatafa              0.0731895 0.0941906 0.0623236 0.0687996 0.0853938 0.0188035 0.0727470 0.0791090 0.0852889 0.0884685 0.0790351 0.0000000 0.0219315 0.0720392 0.0742393 0.0044640 0.0230057 0.0267442 0.0920899 0.0945542 0.0939237 0.1091052 0.1116897 0.0102403 0.0762644 0.0892376 0.0802126 0.0712628 0.0901921 0.0916327 0.0718811 0.0739943 0.0894919 0.0212533 0.0938676 
Dasyuridae_Sminthopsis_macroura              0.0697876 0.0915181 0.0566083 0.0671058 0.0837423 0.0159680 0.0675413 0.0738856 0.0858776 0.0891735 0.0733152 0.0219315 0.0000000 0.0667770 0.0739332 0.0195676 0.0211348 0.0159236 0.0943502 0.0949222 0.0945556 0.1092705 0.1057169 0.0197369 0.0722950 0.0880337 0.0777715 0.0694661 0.0898992 0.0899414 0.0730146 0.0694805 0.0945062 0.0172139 0.0953286 
Phalangeridae_Phalanger_orientalis           0.0492156 0.0750850 0.0457027 0.0439079 0.0615401 0.0648299 0.0200617 0.0100199 0.0678307 0.0775080 0.0075571 0.0720392 0.0667770 0.0000000 0.0524016 0.0679137 0.0711156 0.0687618 0.0789160 0.0678422 0.0699047 0.0850994 0.0751960 0.0678017 0.0465580 0.0766378 0.0496913 0.0434741 0.0621264 0.0701349 0.0502992 0.0005547 0.0833724 0.0651220 0.0809700 
Acrobatidae_Acrobates_pygmaeus               0.0604396 0.0796389 0.0531730 0.0539320 0.0736135 0.0675669 0.0465408 0.0536072 0.0758428 0.0884839 0.0522150 0.0742393 0.0739332 0.0524016 0.0000000 0.0697873 0.0716456 0.0697393 0.0889981 0.0743948 0.0712655 0.0969636 0.0862578 0.0721419 0.0582166 0.0814774 0.0487522 0.0542409 0.0698991 0.0715861 0.0332144 0.0550908 0.0929958 0.0677096 0.0893016 
Dasyuridae_Phascogale_calura                 0.0710658 0.0920628 0.0596868 0.0661099 0.0826100 0.0153121 0.0686518 0.0748922 0.0817568 0.0857086 0.0744210 0.0044640 0.0195676 0.0679137 0.0697873 0.0000000 0.0196526 0.0228094 0.0908346 0.0916973 0.0896440 0.1060926 0.1068976 0.0085217 0.0733731 0.0871294 0.0760261 0.0685446 0.0858422 0.0887708 0.0691706 0.0698934 0.0886230 0.0177225 0.0907478 
Dasyuridae_Sarcophilus_harrisii              0.0721120 0.0961838 0.0580373 0.0690694 0.0903951 0.0080751 0.0688419 0.0732591 0.0927065 0.0915349 0.0783711 0.0230057 0.0211348 0.0711156 0.0716456 0.0196526 0.0000000 0.0219080 0.0946086 0.1007953 0.0964907 0.1105970 0.1094648 0.0192237 0.0778607 0.0923326 0.0778921 0.0742538 0.0898844 0.0950403 0.0748407 0.0742064 0.0935981 0.0112964 0.0891174 
Dasyuridae_Planigale_tenuirostris            0.0752444 0.0904039 0.0599964 0.0697622 0.0886155 0.0177314 0.0695967 0.0758884 0.0908882 0.0950874 0.0755235 0.0267442 0.0159236 0.0687618 0.0697393 0.0228094 0.0219080 0.0000000 0.1001462 0.0981987 0.0962066 0.1049275 0.1051892 0.0236657 0.0762090 0.0895005 0.0818382 0.0741539 0.0908340 0.0940304 0.0745821 0.0710237 0.1006026 0.0190662 0.1001699 
Peramelidae_Echymipera_kalubu                0.0910482 0.0975093 0.0748312 0.0805752 0.0962895 0.0889591 0.0739969 0.0860438 0.0991105 0.0204023 0.0846011 0.0920899 0.0943502 0.0789160 0.0889981 0.0908346 0.0946086 0.1001462 0.0000000 0.1019972 0.1050169 0.1127097 0.1085395 0.0894072 0.0882108 0.0987004 0.0870854 0.0788979 0.1110092 0.1019032 0.0842226 0.0801607 0.0195481 0.0900366 0.0208804 
Macropodidae_Dorcopsulus_vanheurni           0.0730572 0.0978935 0.0671878 0.0463791 0.0537583 0.0897391 0.0669623 0.0789361 0.0577728 0.1009744 0.0688761 0.0945542 0.0949222 0.0678422 0.0743948 0.0916973 0.1007953 0.0981987 0.1019972 0.0000000 0.0937076 0.1138273 0.1050106 0.0930537 0.0578874 0.0958205 0.0761634 0.0374698 0.0891526 0.0926374 0.0748008 0.0704921 0.1027047 0.0915584 0.1021358 
Pseudochiridae_Pseudochirulus_forbesi        0.0676031 0.0989945 0.0694072 0.0742653 0.0937836 0.0879395 0.0656629 0.0750021 0.0929960 0.1047447 0.0667217 0.0939237 0.0945556 0.0699047 0.0712655 0.0896440 0.0964907 0.0962066 0.1050169 0.0937076 0.0000000 0.1114083 0.1063147 0.0913718 0.0706357 0.1006497 0.0462618 0.0699222 0.0332458 0.0862981 0.0658133 0.0710934 0.1083905 0.0918218 0.1100224 
Didelphidae_Didelphis_virginiana             0.1000897 0.1162612 0.0879163 0.0883648 0.1112630 0.1024116 0.0870701 0.0951729 0.1133935 0.1161557 0.0914449 0.1091052 0.1092705 0.0850994 0.0969636 0.1060926 0.1105970 0.1049275 0.1127097 0.1138273 0.1114083 0.0000000 0.0396278 0.1088549 0.0968457 0.1028491 0.0974237 0.0899203 0.1170962 0.1086209 0.0900867 0.0862059 0.1188045 0.1043854 0.1189627 
Marmosidae_Monodelphis_domestica             0.0927755 0.1049753 0.0773848 0.0833378 0.1065522 0.1019001 0.0801049 0.0841361 0.1093132 0.1107673 0.0814725 0.1116897 0.1057169 0.0751960 0.0862578 0.1068976 0.1094648 0.1051892 0.1085395 0.1050106 0.1063147 0.0396278 0.0000000 0.1080364 0.0886704 0.0982460 0.0850986 0.0845821 0.1031427 0.1037928 0.0871051 0.0778077 0.1182349 0.1031562 0.1124313 
Dasyuridae_Antechinus_stuartii               0.0730619 0.0941136 0.0608373 0.0681657 0.0856279 0.0154322 0.0685060 0.0751478 0.0856567 0.0849145 0.0749484 0.0102403 0.0197369 0.0678017 0.0721419 0.0085217 0.0192237 0.0236657 0.0894072 0.0930537 0.0913718 0.1088549 0.1080364 0.0000000 0.0763900 0.0895283 0.0785775 0.0711207 0.0907382 0.0878546 0.0731852 0.0698431 0.0872982 0.0178521 0.0894403 
Hypsiprymnodontidae_Hypsiprymnodon_moschatus 0.0531148 0.0758529 0.0467398 0.0373040 0.0551161 0.0690289 0.0447725 0.0520169 0.0593979 0.0877084 0.0499608 0.0762644 0.0722950 0.0465580 0.0582166 0.0733731 0.0778607 0.0762090 0.0882108 0.0578874 0.0706357 0.0968457 0.0886704 0.0763900 0.0000000 0.0815187 0.0540609 0.0374908 0.0654671 0.0737102 0.0568262 0.0485906 0.0876084 0.0734561 0.0890773 
Microbiotheriidae_Dromiciops_gliroides       0.0861435 0.0895968 0.0683321 0.0779330 0.0972933 0.0852199 0.0762001 0.0878068 0.0979986 0.1009057 0.0824878 0.0892376 0.0880337 0.0766378 0.0814774 0.0871294 0.0923326 0.0895005 0.0987004 0.0958205 0.1006497 0.1028491 0.0982460 0.0895283 0.0815187 0.0000000 0.0829708 0.0745137 0.1045545 0.0996593 0.0867857 0.0776794 0.0999396 0.0847883 0.1048504 
Pseudochiridae_Petauroides_volans            0.0547990 0.0869502 0.0549515 0.0520309 0.0713429 0.0721356 0.0477949 0.0534792 0.0740846 0.0866466 0.0538019 0.0802126 0.0777715 0.0496913 0.0487522 0.0760261 0.0778921 0.0818382 0.0870854 0.0761634 0.0462618 0.0974237 0.0850986 0.0785775 0.0540609 0.0829708 0.0000000 0.0522487 0.0388287 0.0626561 0.0513468 0.0517449 0.0925695 0.0736457 0.0923285 
Macropodidae_Wallabia_bicolor                0.0464737 0.0766249 0.0436724 0.0214010 0.0371107 0.0661116 0.0443010 0.0501539 0.0444908 0.0781935 0.0475055 0.0712628 0.0694661 0.0434741 0.0542409 0.0685446 0.0742538 0.0741539 0.0788979 0.0374698 0.0699222 0.0899203 0.0845821 0.0711207 0.0374908 0.0745137 0.0522487 0.0000000 0.0612531 0.0674279 0.0521994 0.0455284 0.0811397 0.0676887 0.0803862 
Pseudochiridae_Pseudocheirus_occidentalis    0.0611315 0.1050582 0.0658023 0.0647266 0.0856512 0.0850807 0.0598066 0.0671090 0.0850522 0.1142133 0.0619457 0.0901921 0.0898992 0.0621264 0.0698991 0.0858422 0.0898844 0.0908340 0.1110092 0.0891526 0.0332458 0.1170962 0.1031427 0.0907382 0.0654671 0.1045545 0.0388287 0.0612531 0.0000000 0.0787003 0.0683382 0.0636773 0.1127124 0.0892410 0.1123597 
Tarsipedidae_Tarsipes_rostratus              0.0756991 0.0979792 0.0689660 0.0664624 0.0876224 0.0862505 0.0655111 0.0778457 0.0906644 0.1034620 0.0759962 0.0916327 0.0899414 0.0701349 0.0715861 0.0887708 0.0950403 0.0940304 0.1019032 0.0926374 0.0862981 0.1086209 0.1037928 0.0878546 0.0737102 0.0996593 0.0626561 0.0674279 0.0787003 0.0000000 0.0747593 0.0710787 0.1023544 0.0894147 0.1067198 
Acrobatidae_Distoechurus_pennatus            0.0591133 0.0844761 0.0531955 0.0525045 0.0718639 0.0688483 0.0484933 0.0542472 0.0748391 0.0834522 0.0496904 0.0718811 0.0730146 0.0502992 0.0332144 0.0691706 0.0748407 0.0745821 0.0842226 0.0748008 0.0658133 0.0900867 0.0871051 0.0731852 0.0568262 0.0867857 0.0513468 0.0521994 0.0683382 0.0747593 0.0000000 0.0517123 0.0887556 0.0698070 0.0873637 
Phalangeridae_Phalanger_carmelitae           0.0507198 0.0760343 0.0477588 0.0459509 0.0634852 0.0668172 0.0216153 0.0111931 0.0697233 0.0788866 0.0086663 0.0739943 0.0694805 0.0005547 0.0550908 0.0698934 0.0742064 0.0710237 0.0801607 0.0704921 0.0710934 0.0862059 0.0778077 0.0698431 0.0485906 0.0776794 0.0517449 0.0455284 0.0636773 0.0710787 0.0517123 0.0000000 0.0847385 0.0671157 0.0818778 
Peramelidae_Peroryctes_raffrayana            0.0947904 0.1001636 0.0781964 0.0798958 0.0967556 0.0871776 0.0790430 0.0899890 0.0954368 0.0213954 0.0905217 0.0894919 0.0945062 0.0833724 0.0929958 0.0886230 0.0935981 0.1006026 0.0195481 0.1027047 0.1083905 0.1188045 0.1182349 0.0872982 0.0876084 0.0999396 0.0925695 0.0811397 0.1127124 0.1023544 0.0887556 0.0847385 0.0000000 0.0902803 0.0232797 
Dasyuridae_Dasyurus_geffroii                 0.0664191 0.0910150 0.0548322 0.0646975 0.0834069 0.0055848 0.0630986 0.0720066 0.0847669 0.0834281 0.0716042 0.0212533 0.0172139 0.0651220 0.0677096 0.0177225 0.0112964 0.0190662 0.0900366 0.0915584 0.0918218 0.1043854 0.1031562 0.0178521 0.0734561 0.0847883 0.0736457 0.0676887 0.0892410 0.0894147 0.0698070 0.0671157 0.0902803 0.0000000 0.0893471 
Peramelidae_Perameles_gunnii                 0.0951801 0.1015492 0.0775576 0.0791861 0.0988361 0.0876641 0.0769517 0.0857631 0.0994802 0.0011392 0.0863778 0.0938676 0.0953286 0.0809700 0.0893016 0.0907478 0.0891174 0.1001699 0.0208804 0.1021358 0.1100224 0.1189627 0.1124313 0.0894403 0.0890773 0.1048504 0.0923285 0.0803862 0.1123597 0.1067198 0.0873637 0.0818778 0.0232797 0.0893471 0.0000000 
