35
Burramyidae_Burramys_parvus                  0.0000000 0.0527381 0.0344952 0.0461906 0.0450369 0.0658352 0.0290909 0.0329920 0.0499623 0.0657307 0.0319522 0.0669231 0.0590718 0.0309348 0.0370026 0.0729449 0.0638598 0.0628273 0.0638617 0.0412494 0.0439526 0.0598044 0.0588870 0.0698886 0.0423748 0.0458334 0.0386527 0.0450136 0.0414348 0.0510367 0.0360151 0.0293526 0.0535001 0.0646166 0.0674928 
Notoryctidae_Notoryctes_typhlops             0.0527381 0.0000000 0.0536905 0.0662183 0.0656380 0.0743527 0.0536613 0.0548645 0.0707587 0.0763997 0.0546385 0.0759805 0.0674004 0.0542636 0.0610415 0.0833677 0.0723440 0.0706171 0.0736828 0.0618058 0.0660969 0.0801877 0.0748897 0.0777664 0.0645820 0.0589869 0.0600523 0.0651480 0.0659778 0.0720076 0.0561460 0.0529089 0.0666477 0.0724576 0.0767282 
Vombatidae_Lasiorhinus_latifrons             0.0344952 0.0536905 0.0000000 0.0467451 0.0456259 0.0657890 0.0333200 0.0368381 0.0510407 0.0658480 0.0367880 0.0658941 0.0577122 0.0368406 0.0434212 0.0714189 0.0653871 0.0612729 0.0626283 0.0428398 0.0463682 0.0618351 0.0632834 0.0681875 0.0424924 0.0459651 0.0414933 0.0462174 0.0434216 0.0562228 0.0436518 0.0352801 0.0550876 0.0648331 0.0671308 
Potoroidae_Bettongia_penicillata             0.0461906 0.0662183 0.0467451 0.0000000 0.0030528 0.0771289 0.0449702 0.0482887 0.0162625 0.0804920 0.0480010 0.0809696 0.0718358 0.0473892 0.0528635 0.0886634 0.0776362 0.0738804 0.0768293 0.0194905 0.0557655 0.0794318 0.0764267 0.0830024 0.0374732 0.0622113 0.0518398 0.0215368 0.0514194 0.0608062 0.0517966 0.0454532 0.0649807 0.0765311 0.0817246 
Potoroidae_Bettongia_lesueur                 0.0450369 0.0656380 0.0456259 0.0030528 0.0000000 0.0760560 0.0438502 0.0471678 0.0151533 0.0788765 0.0462645 0.0798740 0.0707625 0.0462833 0.0520041 0.0874014 0.0765653 0.0727004 0.0760430 0.0186527 0.0540077 0.0773904 0.0750090 0.0816453 0.0363561 0.0606490 0.0504161 0.0206963 0.0496413 0.0604665 0.0513025 0.0443359 0.0631501 0.0754572 0.0806837 
Dasyuridae_Dasyurus_maculatus                0.0658352 0.0743527 0.0657890 0.0771289 0.0760560 0.0000000 0.0672424 0.0678988 0.0829986 0.0899646 0.0686881 0.0220120 0.0202030 0.0691679 0.0713803 0.0251021 0.0077774 0.0259059 0.0878843 0.0751460 0.0816872 0.0873563 0.0866328 0.0241921 0.0776949 0.0739278 0.0785635 0.0771795 0.0741440 0.0873572 0.0721865 0.0677179 0.0753966 0.0061142 0.0915273 
Phalangeridae_Trichosurus_vulpecula          0.0290909 0.0536613 0.0333200 0.0449702 0.0438502 0.0672424 0.0000000 0.0163037 0.0489511 0.0658625 0.0164085 0.0673178 0.0596699 0.0165774 0.0398761 0.0741800 0.0650142 0.0627876 0.0660883 0.0425289 0.0451831 0.0629865 0.0619722 0.0702426 0.0392644 0.0455499 0.0406218 0.0443972 0.0413188 0.0507743 0.0397846 0.0151121 0.0559347 0.0657349 0.0693808 
Phalangeridae_Spilocuscus_maculatus          0.0329920 0.0548645 0.0368381 0.0482887 0.0471678 0.0678988 0.0163037 0.0000000 0.0513739 0.0669207 0.0118370 0.0677151 0.0603100 0.0117769 0.0428518 0.0752755 0.0656670 0.0640395 0.0687022 0.0461815 0.0487677 0.0670695 0.0642064 0.0702872 0.0440158 0.0476578 0.0436010 0.0480516 0.0413707 0.0524512 0.0427499 0.0103328 0.0578374 0.0660929 0.0722713 
Potoroidae_Aepyprymnus_rufescens             0.0499623 0.0707587 0.0510407 0.0162625 0.0151533 0.0829986 0.0489511 0.0513739 0.0000000 0.0875076 0.0517163 0.0853151 0.0757856 0.0513942 0.0583900 0.0935278 0.0828809 0.0783701 0.0823338 0.0235768 0.0598012 0.0827920 0.0794488 0.0874148 0.0428439 0.0657540 0.0552694 0.0256427 0.0576238 0.0623680 0.0567397 0.0491457 0.0718051 0.0817761 0.0882590 
Peramelidae_Perameles_nasuta                 0.0657307 0.0763997 0.0658480 0.0804920 0.0788765 0.0899646 0.0658625 0.0669207 0.0875076 0.0000000 0.0658672 0.0905029 0.0824877 0.0663783 0.0719807 0.0995697 0.0885074 0.0849411 0.0181455 0.0757054 0.0778027 0.0865673 0.0836133 0.0911131 0.0761087 0.0721503 0.0711162 0.0781477 0.0728796 0.0848424 0.0719621 0.0651843 0.0159353 0.0897543 0.0024106 
Phalangeridae_Strigocuscus_pelengensis       0.0319522 0.0546385 0.0367880 0.0480010 0.0462645 0.0686881 0.0164085 0.0118370 0.0517163 0.0658672 0.0000000 0.0691556 0.0601573 0.0118284 0.0407849 0.0752028 0.0670645 0.0631536 0.0673432 0.0440261 0.0479158 0.0678459 0.0643123 0.0714854 0.0422213 0.0476062 0.0426541 0.0464729 0.0441444 0.0511848 0.0415707 0.0109577 0.0568509 0.0671894 0.0702211 
Dasyuridae_Phascogale_tapoatafa              0.0669231 0.0759805 0.0658941 0.0809696 0.0798740 0.0220120 0.0673178 0.0677151 0.0853151 0.0905029 0.0691556 0.0000000 0.0208473 0.0689906 0.0727212 0.0054892 0.0194040 0.0271952 0.0883302 0.0771414 0.0802192 0.0896509 0.0865689 0.0123567 0.0778301 0.0730294 0.0771325 0.0801123 0.0749396 0.0874649 0.0729137 0.0672325 0.0738841 0.0214423 0.0913489 
Dasyuridae_Sminthopsis_macroura              0.0590718 0.0674004 0.0577122 0.0718358 0.0707625 0.0202030 0.0596699 0.0603100 0.0757856 0.0824877 0.0601573 0.0208473 0.0000000 0.0609599 0.0640504 0.0234128 0.0195981 0.0154350 0.0808912 0.0677001 0.0720882 0.0823152 0.0793846 0.0221501 0.0678306 0.0667482 0.0686984 0.0712264 0.0669652 0.0769054 0.0642559 0.0592509 0.0680284 0.0199233 0.0838785 
Phalangeridae_Phalanger_orientalis           0.0309348 0.0542636 0.0368406 0.0473892 0.0462833 0.0691679 0.0165774 0.0117769 0.0513942 0.0663783 0.0118284 0.0689906 0.0609599 0.0000000 0.0393408 0.0753980 0.0669303 0.0630798 0.0671584 0.0434267 0.0478938 0.0664600 0.0639111 0.0711273 0.0425607 0.0485699 0.0421302 0.0452380 0.0424381 0.0534455 0.0410070 0.0038793 0.0572002 0.0673593 0.0710413 
Acrobatidae_Acrobates_pygmaeus               0.0370026 0.0610415 0.0434212 0.0528635 0.0520041 0.0713803 0.0398761 0.0428518 0.0583900 0.0719807 0.0407849 0.0727212 0.0640504 0.0393408 0.0000000 0.0771889 0.0715894 0.0678665 0.0709965 0.0492632 0.0461716 0.0717265 0.0701601 0.0757791 0.0480091 0.0525802 0.0410334 0.0523647 0.0399294 0.0532673 0.0293199 0.0392150 0.0611317 0.0711013 0.0748929 
Dasyuridae_Phascogale_calura                 0.0729449 0.0833677 0.0714189 0.0886634 0.0874014 0.0251021 0.0741800 0.0752755 0.0935278 0.0995697 0.0752028 0.0054892 0.0234128 0.0753980 0.0771889 0.0000000 0.0227128 0.0304759 0.0958434 0.0845096 0.0880317 0.0970203 0.0918348 0.0144655 0.0837235 0.0764661 0.0839979 0.0880188 0.0827031 0.0963638 0.0796346 0.0732825 0.0833030 0.0247787 0.0993744 
Dasyuridae_Sarcophilus_harrisii              0.0638598 0.0723440 0.0653871 0.0776362 0.0765653 0.0077774 0.0650142 0.0656670 0.0828809 0.0885074 0.0670645 0.0194040 0.0195981 0.0669303 0.0715894 0.0227128 0.0000000 0.0237699 0.0864612 0.0744208 0.0800190 0.0872262 0.0854959 0.0227036 0.0778843 0.0713041 0.0772443 0.0764488 0.0733730 0.0865392 0.0708164 0.0654923 0.0734121 0.0072211 0.0900953 
Dasyuridae_Planigale_tenuirostris            0.0628273 0.0706171 0.0612729 0.0738804 0.0727004 0.0259059 0.0627876 0.0640395 0.0783701 0.0849411 0.0631536 0.0271952 0.0154350 0.0630798 0.0678665 0.0304759 0.0237699 0.0000000 0.0843688 0.0704923 0.0748210 0.0866711 0.0831022 0.0300699 0.0716049 0.0689838 0.0695054 0.0737689 0.0691916 0.0836314 0.0688433 0.0617166 0.0725141 0.0250157 0.0870325 
Peramelidae_Echymipera_kalubu                0.0638617 0.0736828 0.0626283 0.0768293 0.0760430 0.0878843 0.0660883 0.0687022 0.0823338 0.0181455 0.0673432 0.0883302 0.0808912 0.0671584 0.0709965 0.0958434 0.0864612 0.0843688 0.0000000 0.0732293 0.0767770 0.0892526 0.0864061 0.0892310 0.0761650 0.0715694 0.0705169 0.0762117 0.0685274 0.0855888 0.0704791 0.0660266 0.0112232 0.0876109 0.0189151 
Macropodidae_Dorcopsulus_vanheurni           0.0412494 0.0618058 0.0428398 0.0194905 0.0186527 0.0751460 0.0425289 0.0461815 0.0235768 0.0757054 0.0440261 0.0771414 0.0677001 0.0434267 0.0492632 0.0845096 0.0744208 0.0704923 0.0732293 0.0000000 0.0515929 0.0768128 0.0744952 0.0790899 0.0338482 0.0561584 0.0478723 0.0103891 0.0485848 0.0585880 0.0491337 0.0424265 0.0627714 0.0739256 0.0775207 
Pseudochiridae_Pseudochirulus_forbesi        0.0439526 0.0660969 0.0463682 0.0557655 0.0540077 0.0816872 0.0451831 0.0487677 0.0598012 0.0778027 0.0479158 0.0802192 0.0720882 0.0478938 0.0461716 0.0880317 0.0800190 0.0748210 0.0767770 0.0515929 0.0000000 0.0795352 0.0766962 0.0820644 0.0511160 0.0621833 0.0310483 0.0558936 0.0230209 0.0539228 0.0442945 0.0462620 0.0655591 0.0807775 0.0800986 
Didelphidae_Didelphis_virginiana             0.0598044 0.0801877 0.0618351 0.0794318 0.0773904 0.0873563 0.0629865 0.0670695 0.0827920 0.0865673 0.0678459 0.0896509 0.0823152 0.0664600 0.0717265 0.0970203 0.0872262 0.0866711 0.0892526 0.0768128 0.0795352 0.0000000 0.0333323 0.0918364 0.0730712 0.0711052 0.0726791 0.0794849 0.0734947 0.0892896 0.0721709 0.0643863 0.0768939 0.0857112 0.0890349 
Marmosidae_Monodelphis_domestica             0.0588870 0.0748897 0.0632834 0.0764267 0.0750090 0.0866328 0.0619722 0.0642064 0.0794488 0.0836133 0.0643123 0.0865689 0.0793846 0.0639111 0.0701601 0.0918348 0.0854959 0.0831022 0.0864061 0.0744952 0.0766962 0.0333323 0.0000000 0.0874387 0.0723843 0.0667469 0.0692337 0.0758593 0.0713086 0.0861581 0.0680819 0.0615431 0.0716360 0.0846129 0.0876988 
Dasyuridae_Antechinus_stuartii               0.0698886 0.0777664 0.0681875 0.0830024 0.0816453 0.0241921 0.0702426 0.0702872 0.0874148 0.0911131 0.0714854 0.0123567 0.0221501 0.0711273 0.0757791 0.0144655 0.0227036 0.0300699 0.0892310 0.0790899 0.0820644 0.0918364 0.0874387 0.0000000 0.0779279 0.0743271 0.0791985 0.0817425 0.0747574 0.0895490 0.0765887 0.0694548 0.0758754 0.0239061 0.0924782 
Hypsiprymnodontidae_Hypsiprymnodon_moschatus 0.0423748 0.0645820 0.0424924 0.0374732 0.0363561 0.0776949 0.0392644 0.0440158 0.0428439 0.0761087 0.0422213 0.0778301 0.0678306 0.0425607 0.0480091 0.0837235 0.0778843 0.0716049 0.0761650 0.0338482 0.0511160 0.0730712 0.0723843 0.0779279 0.0000000 0.0547762 0.0450919 0.0365544 0.0469392 0.0589737 0.0496785 0.0412492 0.0632902 0.0761704 0.0785960 
Microbiotheriidae_Dromiciops_gliroides       0.0458334 0.0589869 0.0459651 0.0622113 0.0606490 0.0739278 0.0455499 0.0476578 0.0657540 0.0721503 0.0476062 0.0730294 0.0667482 0.0485699 0.0525802 0.0764661 0.0713041 0.0689838 0.0715694 0.0561584 0.0621833 0.0711052 0.0667469 0.0743271 0.0547762 0.0000000 0.0558692 0.0603007 0.0572617 0.0663119 0.0516768 0.0472486 0.0622371 0.0723528 0.0732033 
Pseudochiridae_Petauroides_volans            0.0386527 0.0600523 0.0414933 0.0518398 0.0504161 0.0785635 0.0406218 0.0436010 0.0552694 0.0711162 0.0426541 0.0771325 0.0686984 0.0421302 0.0410334 0.0839979 0.0772443 0.0695054 0.0705169 0.0478723 0.0310483 0.0726791 0.0692337 0.0791985 0.0450919 0.0558692 0.0000000 0.0518814 0.0251037 0.0519118 0.0388698 0.0405379 0.0567590 0.0776866 0.0743998 
Macropodidae_Wallabia_bicolor                0.0450136 0.0651480 0.0462174 0.0215368 0.0206963 0.0771795 0.0443972 0.0480516 0.0256427 0.0781477 0.0464729 0.0801123 0.0712264 0.0452380 0.0523647 0.0880188 0.0764488 0.0737689 0.0762117 0.0103891 0.0558936 0.0794849 0.0758593 0.0817425 0.0365544 0.0603007 0.0518814 0.0000000 0.0507156 0.0610049 0.0528265 0.0442871 0.0658034 0.0759551 0.0808756 
Pseudochiridae_Pseudocheirus_occidentalis    0.0414348 0.0659778 0.0434216 0.0514194 0.0496413 0.0741440 0.0413188 0.0413707 0.0576238 0.0728796 0.0441444 0.0749396 0.0669652 0.0424381 0.0399294 0.0827031 0.0733730 0.0691916 0.0685274 0.0485848 0.0230209 0.0734947 0.0713086 0.0747574 0.0469392 0.0572617 0.0251037 0.0507156 0.0000000 0.0545085 0.0420446 0.0409412 0.0633610 0.0731637 0.0720980 
Tarsipedidae_Tarsipes_rostratus              0.0510367 0.0720076 0.0562228 0.0608062 0.0604665 0.0873572 0.0507743 0.0524512 0.0623680 0.0848424 0.0511848 0.0874649 0.0769054 0.0534455 0.0532673 0.0963638 0.0865392 0.0836314 0.0855888 0.0585880 0.0539228 0.0892896 0.0861581 0.0895490 0.0589737 0.0663119 0.0519118 0.0610049 0.0545085 0.0000000 0.0519619 0.0520224 0.0733059 0.0867050 0.0866237 
Acrobatidae_Distoechurus_pennatus            0.0360151 0.0561460 0.0436518 0.0517966 0.0513025 0.0721865 0.0397846 0.0427499 0.0567397 0.0719621 0.0415707 0.0729137 0.0642559 0.0410070 0.0293199 0.0796346 0.0708164 0.0688433 0.0704791 0.0491337 0.0442945 0.0721709 0.0680819 0.0765887 0.0496785 0.0516768 0.0388698 0.0528265 0.0420446 0.0519619 0.0000000 0.0394121 0.0637562 0.0722106 0.0740293 
Phalangeridae_Phalanger_carmelitae           0.0293526 0.0529089 0.0352801 0.0454532 0.0443359 0.0677179 0.0151121 0.0103328 0.0491457 0.0651843 0.0109577 0.0672325 0.0592509 0.0038793 0.0392150 0.0732825 0.0654923 0.0617166 0.0660266 0.0424265 0.0462620 0.0643863 0.0615431 0.0694548 0.0412492 0.0472486 0.0405379 0.0442871 0.0409412 0.0520224 0.0394121 0.0000000 0.0563262 0.0659167 0.0702207 
Peramelidae_Peroryctes_raffrayana            0.0535001 0.0666477 0.0550876 0.0649807 0.0631501 0.0753966 0.0559347 0.0578374 0.0718051 0.0159353 0.0568509 0.0738841 0.0680284 0.0572002 0.0611317 0.0833030 0.0734121 0.0725141 0.0112232 0.0627714 0.0655591 0.0768939 0.0716360 0.0758754 0.0632902 0.0622371 0.0567590 0.0658034 0.0633610 0.0733059 0.0637562 0.0563262 0.0000000 0.0743708 0.0153799 
Dasyuridae_Dasyurus_geffroii                 0.0646166 0.0724576 0.0648331 0.0765311 0.0754572 0.0061142 0.0657349 0.0660929 0.0817761 0.0897543 0.0671894 0.0214423 0.0199233 0.0673593 0.0711013 0.0247787 0.0072211 0.0250157 0.0876109 0.0739256 0.0807775 0.0857112 0.0846129 0.0239061 0.0761704 0.0723528 0.0776866 0.0759551 0.0731637 0.0867050 0.0722106 0.0659167 0.0743708 0.0000000 0.0912552 
Peramelidae_Perameles_gunnii                 0.0674928 0.0767282 0.0671308 0.0817246 0.0806837 0.0915273 0.0693808 0.0722713 0.0882590 0.0024106 0.0702211 0.0913489 0.0838785 0.0710413 0.0748929 0.0993744 0.0900953 0.0870325 0.0189151 0.0775207 0.0800986 0.0890349 0.0876988 0.0924782 0.0785960 0.0732033 0.0743998 0.0808756 0.0720980 0.0866237 0.0740293 0.0702207 0.0153799 0.0912552 0.0000000 
