35
Burramyidae_Burramys_parvus                  0.0000000 0.0719429 0.0554255 0.0558981 0.0558868 0.0705548 0.0467743 0.0539914 0.0541218 0.0842127 0.0501790 0.0819023 0.0817418 0.0542966 0.0585613 0.0704684 0.0722780 0.0732204 0.0747470 0.0543846 0.0587639 0.1252921 0.0931419 0.0718461 0.0514292 0.0626776 0.0587375 0.0573528 0.0719132 0.0766167 0.0599531 0.0597986 0.0778932 0.0702349 0.0849609 
Notoryctidae_Notoryctes_typhlops             0.0719429 0.0000000 0.0579228 0.0714359 0.0747695 0.0794155 0.0676571 0.0808499 0.0713876 0.0994788 0.0714583 0.0936242 0.0931219 0.0784816 0.0785955 0.0861463 0.0863639 0.0856525 0.0860795 0.0746200 0.0750905 0.1265693 0.1017325 0.0834194 0.0697943 0.0754973 0.0693037 0.0759866 0.0883793 0.0986715 0.0767016 0.0859447 0.0893855 0.0824798 0.0993425 
Vombatidae_Lasiorhinus_latifrons             0.0554255 0.0579228 0.0000000 0.0500093 0.0513469 0.0666981 0.0426649 0.0586304 0.0492580 0.0860381 0.0477742 0.0810054 0.0799661 0.0558931 0.0610551 0.0716388 0.0721192 0.0706569 0.0811233 0.0506156 0.0576224 0.1164299 0.0843424 0.0728932 0.0502214 0.0578499 0.0499240 0.0497480 0.0647016 0.0749402 0.0529917 0.0613346 0.0825021 0.0707765 0.0867121 
Potoroidae_Bettongia_penicillata             0.0558981 0.0714359 0.0500093 0.0000000 0.0091462 0.0780889 0.0500888 0.0633133 0.0117495 0.0927638 0.0543601 0.0941629 0.0915823 0.0615552 0.0657026 0.0838281 0.0845507 0.0829691 0.0861629 0.0250934 0.0600048 0.1220672 0.0956305 0.0833609 0.0357062 0.0721692 0.0537220 0.0221318 0.0690435 0.0718142 0.0628897 0.0688018 0.0856582 0.0807952 0.0935512 
Potoroidae_Bettongia_lesueur                 0.0558868 0.0747695 0.0513469 0.0091462 0.0000000 0.0812017 0.0557608 0.0680306 0.0157345 0.0859379 0.0603247 0.0922164 0.0889571 0.0662131 0.0592762 0.0830226 0.0845125 0.0813293 0.0791413 0.0199953 0.0637677 0.1223819 0.0903175 0.0836608 0.0373981 0.0646605 0.0578524 0.0231920 0.0729926 0.0696913 0.0586717 0.0735449 0.0777483 0.0807230 0.0866844 
Dasyuridae_Dasyurus_maculatus                0.0705548 0.0794155 0.0666981 0.0780889 0.0812017 0.0000000 0.0674477 0.0831591 0.0765363 0.0994790 0.0759049 0.0302083 0.0382944 0.0806675 0.0851532 0.0198591 0.0136969 0.0290952 0.0936645 0.0788636 0.0819527 0.1330746 0.1050709 0.0221828 0.0778311 0.0689450 0.0774643 0.0787821 0.0947910 0.0984741 0.0789793 0.0851363 0.0970181 0.0101952 0.1003125 
Phalangeridae_Trichosurus_vulpecula          0.0467743 0.0676571 0.0426649 0.0500888 0.0557608 0.0674477 0.0000000 0.0287877 0.0485800 0.0903502 0.0275535 0.0865662 0.0843117 0.0347560 0.0586013 0.0739232 0.0751843 0.0727316 0.0836535 0.0541526 0.0567358 0.1295060 0.0939659 0.0735005 0.0523512 0.0623625 0.0488297 0.0541591 0.0522354 0.0735006 0.0577153 0.0330654 0.0876173 0.0709431 0.0911472 
Phalangeridae_Spilocuscus_maculatus          0.0539914 0.0808499 0.0586304 0.0633133 0.0680306 0.0831591 0.0287877 0.0000000 0.0588125 0.1069410 0.0225128 0.0996906 0.0982059 0.0248582 0.0753570 0.0881128 0.0904392 0.0931987 0.0973811 0.0665680 0.0692320 0.1352500 0.1066972 0.0858878 0.0617306 0.0713813 0.0645490 0.0661271 0.0770300 0.0913847 0.0724718 0.0216631 0.1022689 0.0890872 0.1075820 
Potoroidae_Aepyprymnus_rufescens             0.0541218 0.0713876 0.0492580 0.0117495 0.0157345 0.0765363 0.0485800 0.0588125 0.0000000 0.0917715 0.0490925 0.0932668 0.0897886 0.0567169 0.0630452 0.0829168 0.0833153 0.0835172 0.0866964 0.0233361 0.0567107 0.1208781 0.0935063 0.0810741 0.0353313 0.0675615 0.0538987 0.0206657 0.0672682 0.0729069 0.0614289 0.0632099 0.0879429 0.0792077 0.0925511 
Peramelidae_Perameles_nasuta                 0.0842127 0.0994788 0.0860381 0.0927638 0.0859379 0.0994790 0.0903502 0.1069410 0.0917715 0.0000000 0.0983075 0.1057224 0.1073340 0.0994349 0.0899085 0.0993988 0.1014855 0.0992593 0.0110547 0.0833220 0.0940873 0.1450528 0.1102102 0.1028315 0.0913679 0.0867206 0.0962884 0.0897222 0.1094418 0.1079563 0.0890377 0.1068227 0.0123902 0.0963828 0.0002640 
Phalangeridae_Strigocuscus_pelengensis       0.0501790 0.0714583 0.0477742 0.0543601 0.0603247 0.0759049 0.0275535 0.0225128 0.0490925 0.0983075 0.0000000 0.0944037 0.0921656 0.0165485 0.0653301 0.0840249 0.0825920 0.0811824 0.0865875 0.0570347 0.0640543 0.1164202 0.0996682 0.0815553 0.0530959 0.0624617 0.0600303 0.0561789 0.0750578 0.0794631 0.0643405 0.0230152 0.0911704 0.0819250 0.0987066 
Dasyuridae_Phascogale_tapoatafa              0.0819023 0.0936242 0.0810054 0.0941629 0.0922164 0.0302083 0.0865662 0.0996906 0.0932668 0.1057224 0.0944037 0.0000000 0.0286788 0.0981467 0.0918718 0.0129601 0.0306874 0.0348368 0.0981613 0.0890437 0.0953454 0.1386943 0.1087907 0.0229286 0.0904124 0.0781546 0.0907265 0.0895467 0.1089382 0.1002085 0.0884750 0.1034328 0.1019197 0.0264300 0.1065992 
Dasyuridae_Sminthopsis_macroura              0.0817418 0.0931219 0.0799661 0.0915823 0.0889571 0.0382944 0.0843117 0.0982059 0.0897886 0.1073340 0.0921656 0.0286788 0.0000000 0.0952235 0.0925696 0.0356264 0.0369207 0.0337712 0.1004930 0.0876144 0.0947385 0.1344870 0.1078844 0.0379617 0.0873163 0.0802964 0.0876147 0.0867392 0.1067158 0.1004762 0.0881221 0.1012211 0.1040445 0.0349705 0.1082186 
Phalangeridae_Phalanger_orientalis           0.0542966 0.0784816 0.0558931 0.0615552 0.0662131 0.0806675 0.0347560 0.0248582 0.0567169 0.0994349 0.0165485 0.0981467 0.0952235 0.0000000 0.0706721 0.0877521 0.0864405 0.0881941 0.0860522 0.0631301 0.0662956 0.1309222 0.1051895 0.0850935 0.0595902 0.0679205 0.0630363 0.0620396 0.0768782 0.0838478 0.0708723 0.0143673 0.0907593 0.0847784 0.1000473 
Acrobatidae_Acrobates_pygmaeus               0.0585613 0.0785955 0.0610551 0.0657026 0.0592762 0.0851532 0.0586013 0.0753570 0.0630452 0.0899085 0.0653301 0.0918718 0.0925696 0.0706721 0.0000000 0.0840754 0.0880225 0.0853445 0.0821063 0.0617791 0.0580060 0.1365434 0.1009369 0.0877013 0.0650574 0.0675988 0.0562315 0.0680704 0.0686167 0.0703616 0.0366085 0.0771373 0.0845765 0.0829336 0.0906796 
Dasyuridae_Phascogale_calura                 0.0704684 0.0861463 0.0716388 0.0838281 0.0830226 0.0198591 0.0739232 0.0881128 0.0829168 0.0993988 0.0840249 0.0129601 0.0356264 0.0877521 0.0840754 0.0000000 0.0188952 0.0218346 0.0909904 0.0774439 0.0840135 0.1371025 0.1049404 0.0126234 0.0807181 0.0675563 0.0802295 0.0848758 0.0973212 0.0965245 0.0778108 0.0928592 0.0951206 0.0150862 0.1002310 
Dasyuridae_Sarcophilus_harrisii              0.0722780 0.0863639 0.0721192 0.0845507 0.0845125 0.0136969 0.0751843 0.0904392 0.0833153 0.1014855 0.0825920 0.0306874 0.0369207 0.0864405 0.0880225 0.0188952 0.0000000 0.0244237 0.0949429 0.0799587 0.0855714 0.1394422 0.1082463 0.0226882 0.0808182 0.0697900 0.0835531 0.0846703 0.0992846 0.0950239 0.0810818 0.0912334 0.0988235 0.0095862 0.1019612 
Dasyuridae_Planigale_tenuirostris            0.0732204 0.0856525 0.0706569 0.0829691 0.0813293 0.0290952 0.0727316 0.0931987 0.0835172 0.0992593 0.0811824 0.0348368 0.0337712 0.0881941 0.0853445 0.0218346 0.0244237 0.0000000 0.0929824 0.0791421 0.0875540 0.1297203 0.1078963 0.0277405 0.0799608 0.0667548 0.0828047 0.0842121 0.1004012 0.0914087 0.0816715 0.0937159 0.0965017 0.0226098 0.0990566 
Peramelidae_Echymipera_kalubu                0.0747470 0.0860795 0.0811233 0.0861629 0.0791413 0.0936645 0.0836535 0.0973811 0.0866964 0.0110547 0.0865875 0.0981613 0.1004930 0.0860522 0.0821063 0.0909904 0.0949429 0.0929824 0.0000000 0.0773327 0.0885262 0.1310454 0.1043114 0.0930659 0.0858171 0.0795474 0.0886056 0.0850947 0.1027021 0.0966654 0.0827549 0.0930994 0.0117218 0.0894574 0.0110903 
Macropodidae_Dorcopsulus_vanheurni           0.0543846 0.0746200 0.0506156 0.0250934 0.0199953 0.0788636 0.0541526 0.0665680 0.0233361 0.0833220 0.0570347 0.0890437 0.0876144 0.0631301 0.0617791 0.0774439 0.0799587 0.0791421 0.0773327 0.0000000 0.0626913 0.1264952 0.0893325 0.0803688 0.0349334 0.0621066 0.0562460 0.0173297 0.0720642 0.0708547 0.0603562 0.0703080 0.0811721 0.0762467 0.0839756 
Pseudochiridae_Pseudochirulus_forbesi        0.0587639 0.0750905 0.0576224 0.0600048 0.0637677 0.0819527 0.0567358 0.0692320 0.0567107 0.0940873 0.0640543 0.0953454 0.0947385 0.0662956 0.0580060 0.0840135 0.0855714 0.0875540 0.0885262 0.0626913 0.0000000 0.1271052 0.0965101 0.0852412 0.0590521 0.0737623 0.0320625 0.0622279 0.0328280 0.0678354 0.0558378 0.0720156 0.0928518 0.0839002 0.0948821 
Didelphidae_Didelphis_virginiana             0.1252921 0.1265693 0.1164299 0.1220672 0.1223819 0.1330746 0.1295060 0.1352500 0.1208781 0.1450528 0.1164202 0.1386943 0.1344870 0.1309222 0.1365434 0.1371025 0.1394422 0.1297203 0.1310454 0.1264952 0.1271052 0.0000000 0.0845484 0.1374377 0.1184173 0.1312504 0.1263691 0.1196536 0.1423150 0.1464154 0.1319843 0.1378735 0.1344531 0.1377011 0.1448399 
Marmosidae_Monodelphis_domestica             0.0931419 0.1017325 0.0843424 0.0956305 0.0903175 0.1050709 0.0939659 0.1066972 0.0935063 0.1102102 0.0996682 0.1087907 0.1078844 0.1051895 0.1009369 0.1049404 0.1082463 0.1078963 0.1043114 0.0893325 0.0965101 0.0845484 0.0000000 0.1053613 0.0891923 0.0909168 0.0956726 0.0943643 0.1069032 0.1195736 0.0966684 0.1111075 0.1090795 0.1060604 0.1107418 
Dasyuridae_Antechinus_stuartii               0.0718461 0.0834194 0.0728932 0.0833609 0.0836608 0.0221828 0.0735005 0.0858878 0.0810741 0.1028315 0.0815553 0.0229286 0.0379617 0.0850935 0.0877013 0.0126234 0.0226882 0.0277405 0.0930659 0.0803688 0.0852412 0.1374377 0.1053613 0.0000000 0.0764378 0.0710117 0.0800964 0.0851478 0.0990321 0.0979656 0.0810624 0.0909963 0.0985880 0.0182629 0.1036885 
Hypsiprymnodontidae_Hypsiprymnodon_moschatus 0.0514292 0.0697943 0.0502214 0.0357062 0.0373981 0.0778311 0.0523512 0.0617306 0.0353313 0.0913679 0.0530959 0.0904124 0.0873163 0.0595902 0.0650574 0.0807181 0.0808182 0.0799608 0.0858171 0.0349334 0.0590521 0.1184173 0.0891923 0.0764378 0.0000000 0.0665978 0.0547239 0.0389626 0.0714726 0.0708787 0.0597207 0.0661846 0.0874009 0.0777663 0.0917880 
Microbiotheriidae_Dromiciops_gliroides       0.0626776 0.0754973 0.0578499 0.0721692 0.0646605 0.0689450 0.0623625 0.0713813 0.0675615 0.0867206 0.0624617 0.0781546 0.0802964 0.0679205 0.0675988 0.0675563 0.0697900 0.0667548 0.0795474 0.0621066 0.0737623 0.1312504 0.0909168 0.0710117 0.0665978 0.0000000 0.0717307 0.0691437 0.0877070 0.0859313 0.0706719 0.0753836 0.0816275 0.0697497 0.0872077 
Pseudochiridae_Petauroides_volans            0.0587375 0.0693037 0.0499240 0.0537220 0.0578524 0.0774643 0.0488297 0.0645490 0.0538987 0.0962884 0.0600303 0.0907265 0.0876147 0.0630363 0.0562315 0.0802295 0.0835531 0.0828047 0.0886056 0.0562460 0.0320625 0.1263691 0.0956726 0.0800964 0.0547239 0.0717307 0.0000000 0.0573394 0.0375580 0.0619451 0.0536926 0.0685166 0.0937506 0.0797816 0.0968827 
Macropodidae_Wallabia_bicolor                0.0573528 0.0759866 0.0497480 0.0221318 0.0231920 0.0787821 0.0541591 0.0661271 0.0206657 0.0897222 0.0561789 0.0895467 0.0867392 0.0620396 0.0680704 0.0848758 0.0846703 0.0842121 0.0850947 0.0173297 0.0622279 0.1196536 0.0943643 0.0851478 0.0389626 0.0691437 0.0573394 0.0000000 0.0727490 0.0729943 0.0682654 0.0684339 0.0864946 0.0812318 0.0904148 
Pseudochiridae_Pseudocheirus_occidentalis    0.0719132 0.0883793 0.0647016 0.0690435 0.0729926 0.0947910 0.0522354 0.0770300 0.0672682 0.1094418 0.0750578 0.1089382 0.1067158 0.0768782 0.0686167 0.0973212 0.0992846 0.1004012 0.1027021 0.0720642 0.0328280 0.1423150 0.1069032 0.0990321 0.0714726 0.0877070 0.0375580 0.0727490 0.0000000 0.0837302 0.0637533 0.0820271 0.1071908 0.0983583 0.1099121 
Tarsipedidae_Tarsipes_rostratus              0.0766167 0.0986715 0.0749402 0.0718142 0.0696913 0.0984741 0.0735006 0.0913847 0.0729069 0.1079563 0.0794631 0.1002085 0.1004762 0.0838478 0.0703616 0.0965245 0.0950239 0.0914087 0.0966654 0.0708547 0.0678354 0.1464154 0.1195736 0.0979656 0.0708787 0.0859313 0.0619451 0.0729943 0.0837302 0.0000000 0.0709847 0.0951550 0.1012746 0.0970242 0.1083826 
Acrobatidae_Distoechurus_pennatus            0.0599531 0.0767016 0.0529917 0.0628897 0.0586717 0.0789793 0.0577153 0.0724718 0.0614289 0.0890377 0.0643405 0.0884750 0.0881221 0.0708723 0.0366085 0.0778108 0.0810818 0.0816715 0.0827549 0.0603562 0.0558378 0.1319843 0.0966684 0.0810624 0.0597207 0.0706719 0.0536926 0.0682654 0.0637533 0.0709847 0.0000000 0.0770559 0.0864413 0.0778210 0.0898103 
Phalangeridae_Phalanger_carmelitae           0.0597986 0.0859447 0.0613346 0.0688018 0.0735449 0.0851363 0.0330654 0.0216631 0.0632099 0.1068227 0.0230152 0.1034328 0.1012211 0.0143673 0.0771373 0.0928592 0.0912334 0.0937159 0.0930994 0.0703080 0.0720156 0.1378735 0.1111075 0.0909963 0.0661846 0.0753836 0.0685166 0.0684339 0.0820271 0.0951550 0.0770559 0.0000000 0.0973522 0.0902242 0.1075614 
Peramelidae_Peroryctes_raffrayana            0.0778932 0.0893855 0.0825021 0.0856582 0.0777483 0.0970181 0.0876173 0.1022689 0.0879429 0.0123902 0.0911704 0.1019197 0.1040445 0.0907593 0.0845765 0.0951206 0.0988235 0.0965017 0.0117218 0.0811721 0.0928518 0.1344531 0.1090795 0.0985880 0.0874009 0.0816275 0.0937506 0.0864946 0.1071908 0.1012746 0.0864413 0.0973522 0.0000000 0.0948079 0.0124196 
Dasyuridae_Dasyurus_geffroii                 0.0702349 0.0824798 0.0707765 0.0807952 0.0807230 0.0101952 0.0709431 0.0890872 0.0792077 0.0963828 0.0819250 0.0264300 0.0349705 0.0847784 0.0829336 0.0150862 0.0095862 0.0226098 0.0894574 0.0762467 0.0839002 0.1377011 0.1060604 0.0182629 0.0777663 0.0697497 0.0797816 0.0812318 0.0983583 0.0970242 0.0778210 0.0902242 0.0948079 0.0000000 0.0971988 
Peramelidae_Perameles_gunnii                 0.0849609 0.0993425 0.0867121 0.0935512 0.0866844 0.1003125 0.0911472 0.1075820 0.0925511 0.0002640 0.0987066 0.1065992 0.1082186 0.1000473 0.0906796 0.1002310 0.1019612 0.0990566 0.0110903 0.0839756 0.0948821 0.1448399 0.1107418 0.1036885 0.0917880 0.0872077 0.0968827 0.0904148 0.1099121 0.1083826 0.0898103 0.1075614 0.0124196 0.0971988 0.0000000 
