35
Burramyidae_Burramys_parvus                  0.0000000 0.0895149 0.0736584 0.0629246 0.0619507 0.0837588 0.0549980 0.0573405 0.0626444 0.0932346 0.0611830 0.0809383 0.0835290 0.0632417 0.0569021 0.0824567 0.0823651 0.0829443 0.0925980 0.0646421 0.0728888 0.1367245 0.1184158 0.0838908 0.0625570 0.0876626 0.0556998 0.0623776 0.0680762 0.0814011 0.0581390 0.0653627 0.0912343 0.0826954 0.0930038 
Notoryctidae_Notoryctes_typhlops             0.0895149 0.0000000 0.0950086 0.0948347 0.0936986 0.0961968 0.0889645 0.0925414 0.0981129 0.1039117 0.0964112 0.0954998 0.0949960 0.0969778 0.0891980 0.0966345 0.0963291 0.0948343 0.1004487 0.0961283 0.1095409 0.1571140 0.1243144 0.0984807 0.0957617 0.0998795 0.0882735 0.0948336 0.1017846 0.1125106 0.0900488 0.0986855 0.0960120 0.0965336 0.1035258 
Vombatidae_Lasiorhinus_latifrons             0.0736584 0.0950086 0.0000000 0.0767691 0.0764397 0.0923156 0.0736135 0.0774200 0.0785832 0.1015446 0.0825595 0.0909464 0.0925447 0.0826918 0.0729266 0.0950375 0.0913322 0.0917183 0.1000637 0.0791947 0.0901808 0.1457666 0.1245774 0.0941369 0.0758921 0.0939315 0.0725321 0.0781750 0.0860217 0.1012818 0.0732414 0.0835448 0.0962737 0.0926355 0.1008556 
Potoroidae_Bettongia_penicillata             0.0629246 0.0948347 0.0767691 0.0000000 0.0060189 0.0911177 0.0616225 0.0643226 0.0138657 0.0967637 0.0684003 0.0887830 0.0933295 0.0707413 0.0601711 0.0904358 0.0906047 0.0910082 0.0962469 0.0289717 0.0783932 0.1432835 0.1217342 0.0919853 0.0435873 0.0897918 0.0579485 0.0277818 0.0733367 0.0866277 0.0624318 0.0726089 0.0936670 0.0908312 0.0977292 
Potoroidae_Bettongia_lesueur                 0.0619507 0.0936986 0.0764397 0.0060189 0.0000000 0.0900688 0.0619535 0.0646441 0.0121775 0.0967177 0.0687302 0.0877387 0.0922743 0.0710678 0.0592071 0.0885946 0.0895514 0.0899044 0.0962031 0.0277931 0.0773908 0.1432820 0.1221227 0.0916074 0.0417347 0.0901346 0.0576460 0.0254382 0.0730058 0.0851779 0.0617697 0.0729357 0.0932394 0.0897823 0.0976845 
Dasyuridae_Dasyurus_maculatus                0.0837588 0.0961968 0.0923156 0.0911177 0.0900688 0.0000000 0.0902560 0.0925348 0.0904322 0.0985833 0.0978135 0.0205979 0.0279863 0.0977787 0.0819890 0.0238956 0.0072126 0.0299476 0.0980745 0.0915524 0.1059652 0.1578291 0.1308521 0.0260378 0.0899311 0.0907812 0.0852698 0.0900775 0.1013791 0.1110695 0.0860915 0.0994271 0.0960083 0.0060596 0.0988730 
Phalangeridae_Trichosurus_vulpecula          0.0549980 0.0889645 0.0736135 0.0616225 0.0619535 0.0902560 0.0000000 0.0247141 0.0639220 0.0962492 0.0299753 0.0877971 0.0923934 0.0307693 0.0555015 0.0864841 0.0888480 0.0868411 0.0935993 0.0613765 0.0787676 0.1370371 0.1131963 0.0907420 0.0629151 0.0870502 0.0597320 0.0597935 0.0689509 0.0852447 0.0616795 0.0318602 0.0944703 0.0901743 0.0964102 
Phalangeridae_Spilocuscus_maculatus          0.0573405 0.0925414 0.0774200 0.0643226 0.0646441 0.0925348 0.0247141 0.0000000 0.0666221 0.0984544 0.0192481 0.0905681 0.0930703 0.0195783 0.0599212 0.0900331 0.0915381 0.0906355 0.0990278 0.0656725 0.0813301 0.1403613 0.1179500 0.0927375 0.0653227 0.0910834 0.0618089 0.0640639 0.0719016 0.0859972 0.0640782 0.0215375 0.0948517 0.0921669 0.0997163 
Potoroidae_Aepyprymnus_rufescens             0.0626444 0.0981129 0.0785832 0.0138657 0.0121775 0.0904322 0.0639220 0.0666221 0.0000000 0.1006731 0.0704241 0.0881186 0.0927866 0.0731487 0.0612193 0.0893697 0.0899354 0.0904807 0.0985074 0.0278270 0.0780848 0.1467103 0.1247643 0.0920582 0.0433464 0.0888940 0.0605651 0.0269413 0.0762878 0.0855444 0.0627880 0.0743087 0.0981780 0.0901648 0.0995897 
Peramelidae_Perameles_nasuta                 0.0932346 0.1039117 0.1015446 0.0967637 0.0967177 0.0985833 0.0962492 0.0984544 0.1006731 0.0000000 0.1033123 0.0976273 0.1031912 0.1034837 0.0946595 0.1043374 0.0962762 0.1000088 0.0205557 0.1029868 0.1183352 0.1558772 0.1304735 0.1031137 0.1006340 0.0994109 0.0945580 0.1026843 0.1081135 0.1161356 0.0972935 0.1059135 0.0210680 0.0959482 0.0017106 
Phalangeridae_Strigocuscus_pelengensis       0.0611830 0.0964112 0.0825595 0.0684003 0.0687302 0.0978135 0.0299753 0.0192481 0.0704241 0.1033123 0.0000000 0.0946500 0.0968695 0.0218944 0.0634512 0.0949509 0.0964499 0.0935442 0.1039142 0.0711289 0.0845186 0.1441664 0.1210191 0.0982828 0.0718259 0.0962911 0.0651159 0.0696644 0.0791589 0.0887481 0.0671101 0.0239742 0.1027448 0.0981600 0.1046171 
Dasyuridae_Phascogale_tapoatafa              0.0809383 0.0954998 0.0909464 0.0887830 0.0877387 0.0205979 0.0877971 0.0905681 0.0881186 0.0976273 0.0946500 0.0000000 0.0259277 0.0950158 0.0810473 0.0081776 0.0195258 0.0268876 0.0974671 0.0909973 0.1035315 0.1506330 0.1284249 0.0148572 0.0864102 0.0880007 0.0826091 0.0895226 0.0979140 0.1115385 0.0837185 0.0973003 0.0968339 0.0214671 0.0979142 
Dasyuridae_Sminthopsis_macroura              0.0835290 0.0949960 0.0925447 0.0933295 0.0922743 0.0279863 0.0923934 0.0930703 0.0927866 0.1031912 0.0968695 0.0259277 0.0000000 0.0975852 0.0852763 0.0286495 0.0272057 0.0207877 0.1024902 0.0933285 0.1076093 0.1553468 0.1307828 0.0304625 0.0855628 0.0902011 0.0868200 0.0918463 0.1033552 0.1120340 0.0897675 0.0988135 0.1025513 0.0282593 0.1028788 
Phalangeridae_Phalanger_orientalis           0.0632417 0.0969778 0.0826918 0.0707413 0.0710678 0.0977787 0.0307693 0.0195783 0.0731487 0.1034837 0.0218944 0.0950158 0.0975852 0.0000000 0.0659010 0.0951016 0.0974700 0.0954427 0.1040196 0.0711516 0.0847020 0.1501367 0.1248200 0.0973623 0.0728208 0.0977733 0.0665049 0.0714034 0.0769605 0.0910323 0.0671881 0.0057457 0.1001505 0.0966663 0.1050605 
Acrobatidae_Acrobates_pygmaeus               0.0569021 0.0891980 0.0729266 0.0601711 0.0592071 0.0819890 0.0555015 0.0599212 0.0612193 0.0946595 0.0634512 0.0810473 0.0852763 0.0659010 0.0000000 0.0831041 0.0805984 0.0798503 0.0919051 0.0612662 0.0704061 0.1393108 0.1135890 0.0847736 0.0570328 0.0830754 0.0502536 0.0595794 0.0659482 0.0771030 0.0336260 0.0677097 0.0915495 0.0805323 0.0948133 
Dasyuridae_Phascogale_calura                 0.0824567 0.0966345 0.0950375 0.0904358 0.0885946 0.0238956 0.0864841 0.0900331 0.0893697 0.1043374 0.0949509 0.0081776 0.0286495 0.0951016 0.0831041 0.0000000 0.0233879 0.0299077 0.1026497 0.0916813 0.1077810 0.1548530 0.1315157 0.0179178 0.0869497 0.0914714 0.0875267 0.0908721 0.1008792 0.1138324 0.0868833 0.0971105 0.1027207 0.0251428 0.1046968 
Dasyuridae_Sarcophilus_harrisii              0.0823651 0.0963291 0.0913322 0.0906047 0.0895514 0.0072126 0.0888480 0.0915381 0.0899354 0.0962762 0.0964499 0.0195258 0.0272057 0.0974700 0.0805984 0.0233879 0.0000000 0.0282119 0.0970233 0.0906150 0.1039406 0.1577992 0.1293443 0.0240365 0.0885597 0.0918866 0.0842306 0.0884420 0.0993705 0.1095968 0.0854825 0.0990566 0.0944044 0.0069195 0.0971112 
Dasyuridae_Planigale_tenuirostris            0.0829443 0.0948343 0.0917183 0.0910082 0.0899044 0.0299476 0.0868411 0.0906355 0.0904807 0.1000088 0.0935442 0.0268876 0.0207877 0.0954427 0.0798503 0.0299077 0.0282119 0.0000000 0.0994383 0.0918137 0.1056368 0.1557099 0.1270717 0.0323254 0.0871881 0.0860840 0.0845578 0.0904855 0.0987006 0.1109837 0.0836420 0.0969632 0.0979101 0.0296396 0.1010257 
Peramelidae_Echymipera_kalubu                0.0925980 0.1004487 0.1000637 0.0962469 0.0962031 0.0980745 0.0935993 0.0990278 0.0985074 0.0205557 0.1039142 0.0974671 0.1024902 0.1040196 0.0919051 0.1026497 0.0970233 0.0994383 0.0000000 0.0999845 0.1167905 0.1599665 0.1325775 0.1032980 0.0995540 0.0986509 0.0924036 0.0999432 0.1067676 0.1149220 0.0966851 0.1054633 0.0190494 0.0958267 0.0193545 
Macropodidae_Dorcopsulus_vanheurni           0.0646421 0.0961283 0.0791947 0.0289717 0.0277931 0.0915524 0.0613765 0.0656725 0.0278270 0.1029868 0.0711289 0.0909973 0.0933285 0.0711516 0.0612662 0.0916813 0.0906150 0.0918137 0.0999845 0.0000000 0.0780880 0.1426170 0.1234764 0.0925324 0.0415988 0.0894954 0.0629106 0.0118722 0.0780862 0.0872634 0.0631687 0.0726303 0.1010224 0.0908405 0.1018061 
Pseudochiridae_Pseudochirulus_forbesi        0.0728888 0.1095409 0.0901808 0.0783932 0.0773908 0.1059652 0.0787676 0.0813301 0.0780848 0.1183352 0.0845186 0.1035315 0.1076093 0.0847020 0.0704061 0.1077810 0.1039406 0.1056368 0.1167905 0.0780880 0.0000000 0.1595583 0.1399824 0.1078681 0.0774862 0.1050187 0.0471468 0.0767298 0.0276127 0.0899344 0.0716356 0.0868944 0.1090257 0.1055685 0.1190831 
Didelphidae_Didelphis_virginiana             0.1367245 0.1571140 0.1457666 0.1432835 0.1432820 0.1578291 0.1370371 0.1403613 0.1467103 0.1558772 0.1441664 0.1506330 0.1553468 0.1501367 0.1393108 0.1548530 0.1577992 0.1557099 0.1599665 0.1426170 0.1595583 0.0000000 0.0491584 0.1569754 0.1459141 0.1453937 0.1421321 0.1416768 0.1518297 0.1717533 0.1403255 0.1510374 0.1543966 0.1548783 0.1580874 
Marmosidae_Monodelphis_domestica             0.1184158 0.1243144 0.1245774 0.1217342 0.1221227 0.1308521 0.1131963 0.1179500 0.1247643 0.1304735 0.1210191 0.1284249 0.1307828 0.1248200 0.1135890 0.1315157 0.1293443 0.1270717 0.1325775 0.1234764 0.1399824 0.0491584 0.0000000 0.1344204 0.1224235 0.1188748 0.1171769 0.1239009 0.1288453 0.1497701 0.1186604 0.1260765 0.1276347 0.1275871 0.1320960 
Dasyuridae_Antechinus_stuartii               0.0838908 0.0984807 0.0941369 0.0919853 0.0916074 0.0260378 0.0907420 0.0927375 0.0920582 0.1031137 0.0982828 0.0148572 0.0304625 0.0973623 0.0847736 0.0179178 0.0240365 0.0323254 0.1032980 0.0925324 0.1078681 0.1569754 0.1344204 0.0000000 0.0890497 0.0919457 0.0881030 0.0916186 0.1010839 0.1153251 0.0881833 0.0999003 0.1009316 0.0263650 0.1040886 
Hypsiprymnodontidae_Hypsiprymnodon_moschatus 0.0625570 0.0957617 0.0758921 0.0435873 0.0417347 0.0899311 0.0629151 0.0653227 0.0433464 0.1006340 0.0718259 0.0864102 0.0855628 0.0728208 0.0570328 0.0869497 0.0885597 0.0871881 0.0995540 0.0415988 0.0774862 0.1459141 0.1224235 0.0890497 0.0000000 0.0864060 0.0600391 0.0403677 0.0746613 0.0849924 0.0593173 0.0746029 0.0994572 0.0887950 0.0995129 
Microbiotheriidae_Dromiciops_gliroides       0.0876626 0.0998795 0.0939315 0.0897918 0.0901346 0.0907812 0.0870502 0.0910834 0.0888940 0.0994109 0.0962911 0.0880007 0.0902011 0.0977733 0.0830754 0.0914714 0.0918866 0.0860840 0.0986509 0.0894954 0.1050187 0.1453937 0.1188748 0.0919457 0.0864060 0.0000000 0.0846549 0.0901539 0.0991535 0.1176744 0.0829318 0.0990601 0.0986639 0.0903690 0.0990040 
Pseudochiridae_Petauroides_volans            0.0556998 0.0882735 0.0725321 0.0579485 0.0576460 0.0852698 0.0597320 0.0618089 0.0605651 0.0945580 0.0651159 0.0826091 0.0868200 0.0665049 0.0502536 0.0875267 0.0842306 0.0845578 0.0924036 0.0629106 0.0471468 0.1421321 0.1171769 0.0881030 0.0600391 0.0846549 0.0000000 0.0616436 0.0421275 0.0711337 0.0537927 0.0683261 0.0878719 0.0834164 0.0942158 
Macropodidae_Wallabia_bicolor                0.0623776 0.0948336 0.0781750 0.0277818 0.0254382 0.0900775 0.0597935 0.0640639 0.0269413 0.1026843 0.0696644 0.0895226 0.0918463 0.0714034 0.0595794 0.0908721 0.0884420 0.0904855 0.0999432 0.0118722 0.0767298 0.1416768 0.1239009 0.0916186 0.0403677 0.0901539 0.0616436 0.0000000 0.0765227 0.0877690 0.0624847 0.0726430 0.0999453 0.0893687 0.1017636 
Pseudochiridae_Pseudocheirus_occidentalis    0.0680762 0.1017846 0.0860217 0.0733367 0.0730058 0.1013791 0.0689509 0.0719016 0.0762878 0.1081135 0.0791589 0.0979140 0.1033552 0.0769605 0.0659482 0.1008792 0.0993705 0.0987006 0.1067676 0.0780862 0.0276127 0.1518297 0.1288453 0.1010839 0.0746613 0.0991535 0.0421275 0.0765227 0.0000000 0.0855808 0.0681642 0.0795644 0.1042295 0.0997677 0.1091341 
Tarsipedidae_Tarsipes_rostratus              0.0814011 0.1125106 0.1012818 0.0866277 0.0851779 0.1110695 0.0852447 0.0859972 0.0855444 0.1161356 0.0887481 0.1115385 0.1120340 0.0910323 0.0771030 0.1138324 0.1095968 0.1109837 0.1149220 0.0872634 0.0899344 0.1717533 0.1497701 0.1153251 0.0849924 0.1176744 0.0711337 0.0877690 0.0855808 0.0000000 0.0788858 0.0930671 0.1080437 0.1099158 0.1168788 
Acrobatidae_Distoechurus_pennatus            0.0581390 0.0900488 0.0732414 0.0624318 0.0617697 0.0860915 0.0616795 0.0640782 0.0627880 0.0972935 0.0671101 0.0837185 0.0897675 0.0671881 0.0336260 0.0868833 0.0854825 0.0836420 0.0966851 0.0631687 0.0716356 0.1403255 0.1186604 0.0881833 0.0593173 0.0829318 0.0537927 0.0624847 0.0681642 0.0788858 0.0000000 0.0703602 0.0931626 0.0860831 0.0989142 
Phalangeridae_Phalanger_carmelitae           0.0653627 0.0986855 0.0835448 0.0726089 0.0729357 0.0994271 0.0318602 0.0215375 0.0743087 0.1059135 0.0239742 0.0973003 0.0988135 0.0057457 0.0677097 0.0971105 0.0990566 0.0969632 0.1054633 0.0726303 0.0868944 0.1510374 0.1260765 0.0999003 0.0746029 0.0990601 0.0683261 0.0726430 0.0795644 0.0930671 0.0703602 0.0000000 0.1018996 0.0989621 0.1072351 
Peramelidae_Peroryctes_raffrayana            0.0912343 0.0960120 0.0962737 0.0936670 0.0932394 0.0960083 0.0944703 0.0948517 0.0981780 0.0210680 0.1027448 0.0968339 0.1025513 0.1001505 0.0915495 0.1027207 0.0944044 0.0979101 0.0190494 0.1010224 0.1090257 0.1543966 0.1276347 0.1009316 0.0994572 0.0986639 0.0878719 0.0999453 0.1042295 0.1080437 0.0931626 0.1018996 0.0000000 0.0944185 0.0200131 
Dasyuridae_Dasyurus_geffroii                 0.0826954 0.0965336 0.0926355 0.0908312 0.0897823 0.0060596 0.0901743 0.0921669 0.0901648 0.0959482 0.0981600 0.0214671 0.0282593 0.0966663 0.0805323 0.0251428 0.0069195 0.0296396 0.0958267 0.0908405 0.1055685 0.1548783 0.1275871 0.0263650 0.0887950 0.0903690 0.0834164 0.0893687 0.0997677 0.1099158 0.0860831 0.0989621 0.0944185 0.0000000 0.0966191 
Peramelidae_Perameles_gunnii                 0.0930038 0.1035258 0.1008556 0.0977292 0.0976845 0.0988730 0.0964102 0.0997163 0.0995897 0.0017106 0.1046171 0.0979142 0.1028788 0.1050605 0.0948133 0.1046968 0.0971112 0.1010257 0.0193545 0.1018061 0.1190831 0.1580874 0.1320960 0.1040886 0.0995129 0.0990040 0.0942158 0.1017636 0.1091341 0.1168788 0.0989142 0.1072351 0.0200131 0.0966191 0.0000000 
