35
Burramyidae_Burramys_parvus                  0.0000000 0.1275541 0.0820444 0.1008738 0.0931709 0.1126969 0.0643492 0.0817778 0.0928813 0.1279663 0.0744067 0.1125862 0.1048905 0.0759492 0.0860984 0.1246340 0.1102017 0.1202380 0.0841203 0.0801660 0.1157190 0.1800364 0.1218824 0.1100212 0.1243870 0.1015601 0.1140731 0.1052045 0.1187048 0.0984761 0.0836106 0.1290847 0.1129057 0.1144642 0.0968171 
Notoryctidae_Notoryctes_typhlops             0.1275541 0.0000000 0.1253201 0.1518183 0.1444738 0.1456599 0.1213143 0.1356642 0.1490772 0.1478508 0.1269233 0.1469070 0.1426958 0.1335637 0.1375878 0.1522075 0.1552252 0.1494618 0.1308384 0.1205617 0.1587086 0.2067710 0.1570088 0.1562462 0.1663973 0.1579083 0.1568949 0.1484923 0.1803754 0.1519824 0.1464427 0.1599607 0.1594107 0.1375157 0.1192438 
Vombatidae_Lasiorhinus_latifrons             0.0820444 0.1253201 0.0000000 0.0935858 0.0877271 0.0968485 0.0649980 0.0795127 0.0932966 0.1087906 0.0753193 0.0991994 0.0948577 0.0777823 0.0879911 0.1128752 0.0984650 0.1057240 0.0828466 0.0797268 0.1114953 0.1698053 0.1134658 0.1089627 0.1111369 0.1053474 0.1004233 0.0995181 0.1320570 0.0922153 0.0829856 0.1152732 0.1025001 0.0988798 0.0876704 
Potoroidae_Bettongia_penicillata             0.1008738 0.1518183 0.0935858 0.0000000 0.0118343 0.1274665 0.0829638 0.1021556 0.0361885 0.1328984 0.0848543 0.1316086 0.1237989 0.0972550 0.0945606 0.1413076 0.1272664 0.1355762 0.0442742 0.0869180 0.1335370 0.2010496 0.1408474 0.0954719 0.1422126 0.1138601 0.0686242 0.1144483 0.1350602 0.1030879 0.1060818 0.1445122 0.1350358 0.1272847 0.1179504 
Potoroidae_Bettongia_lesueur                 0.0931709 0.1444738 0.0877271 0.0118343 0.0000000 0.1239528 0.0761831 0.0916353 0.0349763 0.1254528 0.0804207 0.1281209 0.1205333 0.0900593 0.0897302 0.1349216 0.1260819 0.1304757 0.0389071 0.0803976 0.1286848 0.1931310 0.1354364 0.0889622 0.1348253 0.1074976 0.0634662 0.1071088 0.1332069 0.0950307 0.0966452 0.1373397 0.1338467 0.1173499 0.1164790 
Dasyuridae_Dasyurus_maculatus                0.1126969 0.1456599 0.0968485 0.1274665 0.1239528 0.0000000 0.1074114 0.1129939 0.1183724 0.1279327 0.1124679 0.0243525 0.0328463 0.1215654 0.1157620 0.0278040 0.0235898 0.1218320 0.1051806 0.1119630 0.1298619 0.1837177 0.0224615 0.1353743 0.1211620 0.1330333 0.1356840 0.1378969 0.1398147 0.1277435 0.1251505 0.1374366 0.0091064 0.1200072 0.0266808 
Phalangeridae_Trichosurus_vulpecula          0.0643492 0.1213143 0.0649980 0.0829638 0.0761831 0.1074114 0.0000000 0.0393230 0.0777270 0.1116014 0.0338832 0.1058394 0.0994661 0.0308230 0.0717793 0.1141708 0.1045467 0.1089454 0.0698055 0.0588986 0.1066245 0.1718976 0.1149508 0.0973920 0.1050189 0.0879915 0.0958144 0.0851428 0.1007506 0.0835527 0.0443912 0.1216517 0.1098287 0.1017810 0.0913830 
Phalangeridae_Spilocuscus_maculatus          0.0817778 0.1356642 0.0795127 0.1021556 0.0916353 0.1129939 0.0393230 0.0000000 0.0964620 0.1259476 0.0481505 0.1128274 0.1101508 0.0420567 0.0934197 0.1350267 0.1120531 0.1304811 0.0852666 0.0783079 0.1311756 0.1922171 0.1329662 0.1157164 0.1359622 0.1046484 0.1060683 0.1054509 0.1228901 0.1010491 0.0521900 0.1441205 0.1175193 0.1209314 0.0978696 
Potoroidae_Aepyprymnus_rufescens             0.0928813 0.1490772 0.0932966 0.0361885 0.0349763 0.1183724 0.0777270 0.0964620 0.0000000 0.1266361 0.0825517 0.1240004 0.1172007 0.0911448 0.0907075 0.1308134 0.1211670 0.1282098 0.0395193 0.0846720 0.1261372 0.1922244 0.1344146 0.0880197 0.1270455 0.1043557 0.0701656 0.1065789 0.1310343 0.0953073 0.0979342 0.1383980 0.1305827 0.1176765 0.1150762 
Peramelidae_Perameles_nasuta                 0.1279663 0.1478508 0.1087906 0.1328984 0.1254528 0.1279327 0.1116014 0.1259476 0.1266361 0.0000000 0.1223962 0.1235953 0.1216110 0.1288733 0.1221248 0.1365136 0.1272283 0.0445801 0.1225188 0.1230131 0.1302414 0.1971054 0.1377229 0.1525229 0.1403077 0.1505095 0.1476263 0.1508791 0.1736510 0.1333914 0.1367333 0.0518763 0.1361485 0.0279857 0.1150909 
Phalangeridae_Strigocuscus_pelengensis       0.0744067 0.1269233 0.0753193 0.0848543 0.0804207 0.1124679 0.0338832 0.0481505 0.0825517 0.1223962 0.0000000 0.1085551 0.1033650 0.0389457 0.0797848 0.1175196 0.1054434 0.1203985 0.0747703 0.0716109 0.1134034 0.1827656 0.1221274 0.1025983 0.1214083 0.1001487 0.0971289 0.0936425 0.1148252 0.0869953 0.0485277 0.1326882 0.1140019 0.1092198 0.0964586 
Dasyuridae_Phascogale_tapoatafa              0.1125862 0.1469070 0.0991994 0.1316086 0.1281209 0.0243525 0.1058394 0.1128274 0.1240004 0.1235953 0.1085551 0.0000000 0.0281228 0.1189463 0.1124062 0.0063430 0.0336565 0.1193820 0.1102822 0.1143563 0.1242814 0.1799991 0.0165543 0.1351638 0.1197932 0.1371393 0.1410588 0.1356170 0.1419324 0.1307694 0.1250111 0.1297799 0.0251912 0.1176341 0.0278089 
Dasyuridae_Sminthopsis_macroura              0.1048905 0.1426958 0.0948577 0.1237989 0.1205333 0.0328463 0.0994661 0.1101508 0.1172007 0.1216110 0.1033650 0.0281228 0.0000000 0.1144430 0.1065195 0.0339308 0.0373913 0.1154218 0.1007320 0.1061428 0.1204902 0.1800432 0.0307338 0.1280265 0.1136973 0.1260387 0.1338538 0.1264116 0.1364723 0.1239172 0.1222817 0.1295721 0.0310868 0.1165764 0.0135337 
Phalangeridae_Phalanger_orientalis           0.0759492 0.1335637 0.0777823 0.0972550 0.0900593 0.1215654 0.0308230 0.0420567 0.0911448 0.1288733 0.0389457 0.1189463 0.1144430 0.0000000 0.0898423 0.1292077 0.1153359 0.1266589 0.0837774 0.0720775 0.1242996 0.1908796 0.1293014 0.1079343 0.1202728 0.1029285 0.1048962 0.0980102 0.1160120 0.0955729 0.0187473 0.1372627 0.1204906 0.1192725 0.0977072 
Acrobatidae_Acrobates_pygmaeus               0.0860984 0.1375878 0.0879911 0.0945606 0.0897302 0.1157620 0.0717793 0.0934197 0.0907075 0.1221248 0.0797848 0.1124062 0.1065195 0.0898423 0.0000000 0.1273370 0.1089731 0.1161049 0.0903506 0.0738264 0.1278688 0.1828671 0.1302837 0.1121437 0.1388814 0.0913407 0.1084974 0.0913998 0.1184057 0.0587268 0.1008761 0.1301360 0.1203972 0.1137227 0.0994029 
Dasyuridae_Phascogale_calura                 0.1246340 0.1522075 0.1128752 0.1413076 0.1349216 0.0278040 0.1141708 0.1350267 0.1308134 0.1365136 0.1175196 0.0063430 0.0339308 0.1292077 0.1273370 0.0000000 0.0337071 0.1312417 0.1245755 0.1176562 0.1191797 0.1860258 0.0200895 0.1421918 0.1322934 0.1419139 0.1472646 0.1467527 0.1466696 0.1352664 0.1442512 0.1418537 0.0267502 0.1277531 0.0286340 
Dasyuridae_Sarcophilus_harrisii              0.1102017 0.1552252 0.0984650 0.1272664 0.1260819 0.0235898 0.1045467 0.1120531 0.1211670 0.1272283 0.1054434 0.0336565 0.0373913 0.1153359 0.1089731 0.0337071 0.0000000 0.1229770 0.1043904 0.1173693 0.1227470 0.1979181 0.0299432 0.1328859 0.1204557 0.1357390 0.1404107 0.1397660 0.1454390 0.1255200 0.1226197 0.1341581 0.0212036 0.1256281 0.0306744 
Peramelidae_Echymipera_kalubu                0.1202380 0.1494618 0.1057240 0.1355762 0.1304757 0.1218320 0.1089454 0.1304811 0.1282098 0.0445801 0.1203985 0.1193820 0.1154218 0.1266589 0.1161049 0.1312417 0.1229770 0.0000000 0.1196577 0.1202217 0.1279046 0.1948868 0.1400055 0.1421874 0.1343450 0.1455120 0.1515518 0.1429958 0.1643859 0.1225542 0.1353880 0.0491304 0.1317091 0.0381796 0.1126967 
Macropodidae_Dorcopsulus_vanheurni           0.0841203 0.1308384 0.0828466 0.0442742 0.0389071 0.1051806 0.0698055 0.0852666 0.0395193 0.1225188 0.0747703 0.1102822 0.1007320 0.0837774 0.0903506 0.1245755 0.1043904 0.1196577 0.0000000 0.0761968 0.1170051 0.1807089 0.1275115 0.0812015 0.1239735 0.1019858 0.0531857 0.1005296 0.1281909 0.0948314 0.0961745 0.1312098 0.1173911 0.1148509 0.0908521 
Pseudochiridae_Pseudochirulus_forbesi        0.0801660 0.1205617 0.0797268 0.0869180 0.0803976 0.1119630 0.0588986 0.0783079 0.0846720 0.1230131 0.0716109 0.1143563 0.1061428 0.0720775 0.0738264 0.1176562 0.1173693 0.1202217 0.0761968 0.0000000 0.1245110 0.1645230 0.1237302 0.0971552 0.1212589 0.0545307 0.0967427 0.0490311 0.1004478 0.0788153 0.0851820 0.1294482 0.1241827 0.1145344 0.0936940 
Didelphidae_Didelphis_virginiana             0.1157190 0.1587086 0.1114953 0.1335370 0.1286848 0.1298619 0.1066245 0.1311756 0.1261372 0.1302414 0.1134034 0.1242814 0.1204902 0.1242996 0.1278688 0.1191797 0.1227470 0.1279046 0.1170051 0.1245110 0.0000000 0.0866163 0.1182088 0.1432355 0.1202052 0.1596885 0.1472241 0.1564601 0.1455278 0.1365483 0.1414033 0.1327239 0.1284032 0.1211367 0.1104221 
Marmosidae_Monodelphis_domestica             0.1800364 0.2067710 0.1698053 0.2010496 0.1931310 0.1837177 0.1718976 0.1922171 0.1922244 0.1971054 0.1827656 0.1799991 0.1800432 0.1908796 0.1828671 0.1860258 0.1979181 0.1948868 0.1807089 0.1645230 0.0866163 0.0000000 0.1947348 0.2158621 0.2006363 0.1836971 0.2149249 0.2081129 0.2128386 0.2009816 0.1974091 0.1991954 0.2065589 0.1769840 0.1798583 
Dasyuridae_Antechinus_stuartii               0.1218824 0.1570088 0.1134658 0.1408474 0.1354364 0.0224615 0.1149508 0.1329662 0.1344146 0.1377229 0.1221274 0.0165543 0.0307338 0.1293014 0.1302837 0.0200895 0.0299432 0.1400055 0.1275115 0.1237302 0.1182088 0.1947348 0.0000000 0.1456392 0.1226870 0.1464276 0.1502250 0.1527724 0.1440479 0.1378824 0.1451919 0.1431191 0.0246228 0.1303196 0.0220864 
Hypsiprymnodontidae_Hypsiprymnodon_moschatus 0.1100212 0.1562462 0.1089627 0.0954719 0.0889622 0.1353743 0.0973920 0.1157164 0.0880197 0.1525229 0.1025983 0.1351638 0.1280265 0.1079343 0.1121437 0.1421918 0.1328859 0.1421874 0.0812015 0.0971552 0.1432355 0.2158621 0.1456392 0.0000000 0.1454555 0.1262416 0.0993530 0.1236803 0.1486923 0.1196107 0.1175034 0.1621484 0.1413839 0.1450884 0.1097214 
Microbiotheriidae_Dromiciops_gliroides       0.1243870 0.1663973 0.1111369 0.1422126 0.1348253 0.1211620 0.1050189 0.1359622 0.1270455 0.1403077 0.1214083 0.1197932 0.1136973 0.1202728 0.1388814 0.1322934 0.1204557 0.1343450 0.1239735 0.1212589 0.1202052 0.2006363 0.1226870 0.1454555 0.0000000 0.1494853 0.1552205 0.1464660 0.1620364 0.1438004 0.1334631 0.1459043 0.1182662 0.1267792 0.0987104 
Pseudochiridae_Petauroides_volans            0.1015601 0.1579083 0.1053474 0.1138601 0.1074976 0.1330333 0.0879915 0.1046484 0.1043557 0.1505095 0.1001487 0.1371393 0.1260387 0.1029285 0.0913407 0.1419139 0.1357390 0.1455120 0.1019858 0.0545307 0.1596885 0.1836971 0.1464276 0.1262416 0.1494853 0.0000000 0.1270879 0.0818603 0.1213424 0.1025499 0.1127858 0.1537640 0.1423488 0.1395046 0.1262840 
Macropodidae_Wallabia_bicolor                0.1140731 0.1568949 0.1004233 0.0686242 0.0634662 0.1356840 0.0958144 0.1060683 0.0701656 0.1476263 0.0971289 0.1410588 0.1338538 0.1048962 0.1084974 0.1472646 0.1404107 0.1515518 0.0531857 0.0967427 0.1472241 0.2149249 0.1502250 0.0993530 0.1552205 0.1270879 0.0000000 0.1195643 0.1561792 0.1205193 0.1152262 0.1617433 0.1510790 0.1442901 0.0979644 
Pseudochiridae_Pseudocheirus_occidentalis    0.1052045 0.1484923 0.0995181 0.1144483 0.1071088 0.1378969 0.0851428 0.1054509 0.1065789 0.1508791 0.0936425 0.1356170 0.1264116 0.0980102 0.0913998 0.1467527 0.1397660 0.1429958 0.1005296 0.0490311 0.1564601 0.2081129 0.1527724 0.1236803 0.1464660 0.0818603 0.1195643 0.0000000 0.1207311 0.0963522 0.1110254 0.1486259 0.1477392 0.1404094 0.1047792 
Tarsipedidae_Tarsipes_rostratus              0.1187048 0.1803754 0.1320570 0.1350602 0.1332069 0.1398147 0.1007506 0.1228901 0.1310343 0.1736510 0.1148252 0.1419324 0.1364723 0.1160120 0.1184057 0.1466696 0.1454390 0.1643859 0.1281909 0.1004478 0.1455278 0.2128386 0.1440479 0.1486923 0.1620364 0.1213424 0.1561792 0.1207311 0.0000000 0.1248784 0.1310272 0.1747795 0.1477885 0.1583746 0.1212816 
Acrobatidae_Distoechurus_pennatus            0.0984761 0.1519824 0.0922153 0.1030879 0.0950307 0.1277435 0.0835527 0.1010491 0.0953073 0.1333914 0.0869953 0.1307694 0.1239172 0.0955729 0.0587268 0.1352664 0.1255200 0.1225542 0.0948314 0.0788153 0.1365483 0.2009816 0.1378824 0.1196107 0.1438004 0.1025499 0.1205193 0.0963522 0.1248784 0.0000000 0.1036270 0.1372910 0.1340999 0.1207419 0.1139343 
Phalangeridae_Phalanger_carmelitae           0.0836106 0.1464427 0.0829856 0.1060818 0.0966452 0.1251505 0.0443912 0.0521900 0.0979342 0.1367333 0.0485277 0.1250111 0.1222817 0.0187473 0.1008761 0.1442512 0.1226197 0.1353880 0.0961745 0.0851820 0.1414033 0.1974091 0.1451919 0.1175034 0.1334631 0.1127858 0.1152262 0.1110254 0.1310272 0.1036270 0.0000000 0.1482919 0.1279624 0.1234856 0.1074329 
Peramelidae_Peroryctes_raffrayana            0.1290847 0.1599607 0.1152732 0.1445122 0.1373397 0.1374366 0.1216517 0.1441205 0.1383980 0.0518763 0.1326882 0.1297799 0.1295721 0.1372627 0.1301360 0.1418537 0.1341581 0.0491304 0.1312098 0.1294482 0.1327239 0.1991954 0.1431191 0.1621484 0.1459043 0.1537640 0.1617433 0.1486259 0.1747795 0.1372910 0.1482919 0.0000000 0.1373942 0.0410049 0.1181415 
Dasyuridae_Dasyurus_geffroii                 0.1129057 0.1594107 0.1025001 0.1350358 0.1338467 0.0091064 0.1098287 0.1175193 0.1305827 0.1361485 0.1140019 0.0251912 0.0310868 0.1204906 0.1203972 0.0267502 0.0212036 0.1317091 0.1173911 0.1241827 0.1284032 0.2065589 0.0246228 0.1413839 0.1182662 0.1423488 0.1510790 0.1477392 0.1477885 0.1340999 0.1279624 0.1373942 0.0000000 0.1307299 0.0258934 
Peramelidae_Perameles_gunnii                 0.1144642 0.1375157 0.0988798 0.1272847 0.1173499 0.1200072 0.1017810 0.1209314 0.1176765 0.0279857 0.1092198 0.1176341 0.1165764 0.1192725 0.1137227 0.1277531 0.1256281 0.0381796 0.1148509 0.1145344 0.1211367 0.1769840 0.1303196 0.1450884 0.1267792 0.1395046 0.1442901 0.1404094 0.1583746 0.1207419 0.1234856 0.0410049 0.1307299 0.0000000 0.1103406 
Dasyuridae_Planigale_tenuirostris            0.0968171 0.1192438 0.0876704 0.1179504 0.1164790 0.0266808 0.0913830 0.0978696 0.1150762 0.1150909 0.0964586 0.0278089 0.0135337 0.0977072 0.0994029 0.0286340 0.0306744 0.1126967 0.0908521 0.0936940 0.1104221 0.1798583 0.0220864 0.1097214 0.0987104 0.1262840 0.0979644 0.1047792 0.1212816 0.1139343 0.1074329 0.1181415 0.0258934 0.1103406 0.0000000 
