37
Burramyidae_Burramys_parvus                  0.0000000 0.0833085 0.0576154 0.0719251 0.0720271 0.0835317 0.0573316 0.0543183 0.0777957 0.0934932 0.0578879 0.0831401 0.0889988 0.0584722 0.0625436 0.0857337 0.0855705 0.0879101 0.1141131 0.0655664 0.0658798 0.0930499 0.0979746 0.0843048 0.0676798 0.0749377 0.0623117 0.0555777 0.0549059 0.0698914 0.0728014 0.0579580 0.1126338 0.0851106 0.1178320 0.0472760 0.0472760 
Notoryctidae_Notoryctes_typhlops             0.0833085 0.0000000 0.0781241 0.0973553 0.0978989 0.0967273 0.0832445 0.0797085 0.1017832 0.1018683 0.0803378 0.0987774 0.1022270 0.0820888 0.0866155 0.0976520 0.0996427 0.0991362 0.1227845 0.0951198 0.0948007 0.1039234 0.1087273 0.0984237 0.0961531 0.0869118 0.0911954 0.0844118 0.0865713 0.0965268 0.1040505 0.0811746 0.1152303 0.0985211 0.1259061 0.0950357 0.0950357 
Vombatidae_Lasiorhinus_latifrons             0.0576154 0.0781241 0.0000000 0.0717935 0.0730039 0.0803481 0.0555230 0.0518299 0.0777345 0.0938375 0.0541971 0.0803419 0.0830492 0.0552463 0.0614049 0.0806435 0.0822022 0.0811892 0.1038905 0.0687511 0.0676029 0.0931136 0.0966755 0.0814706 0.0680649 0.0720644 0.0654596 0.0594558 0.0607260 0.0747521 0.0758886 0.0547473 0.1058125 0.0818978 0.1059750 0.0617761 0.0617761 
Potoroidae_Bettongia_penicillata             0.0719251 0.0973553 0.0717935 0.0000000 0.0033340 0.0935737 0.0655012 0.0616196 0.0186839 0.1127474 0.0632723 0.0970446 0.0993652 0.0644601 0.0715350 0.0976540 0.0949477 0.0960250 0.1264329 0.0315102 0.0827430 0.0967242 0.1032034 0.0955197 0.0512636 0.0844279 0.0756649 0.0275678 0.0742474 0.0825146 0.0885417 0.0639547 0.1085640 0.0959890 0.1280568 0.1399455 0.1399455 
Potoroidae_Bettongia_lesueur                 0.0720271 0.0978989 0.0730039 0.0033340 0.0000000 0.0944831 0.0663187 0.0632158 0.0209487 0.1134081 0.0632607 0.0979812 0.1002987 0.0652748 0.0727646 0.0985841 0.0958769 0.0973450 0.1279100 0.0338782 0.0832364 0.0973843 0.1034004 0.0963976 0.0534522 0.0853159 0.0765244 0.0295665 0.0739363 0.0829913 0.0894566 0.0654935 0.1096879 0.0969065 0.1295487 0.1463131 0.1463131 
Dasyuridae_Dasyurus_maculatus                0.0835317 0.0967273 0.0803481 0.0935737 0.0944831 0.0000000 0.0862820 0.0823207 0.0987677 0.1094244 0.0825537 0.0163757 0.0295757 0.0844956 0.0871456 0.0181437 0.0074434 0.0240710 0.1199095 0.0926360 0.0909822 0.0966184 0.0978684 0.0167744 0.0947131 0.0821717 0.0857034 0.0826054 0.0778980 0.0940890 0.1019921 0.0850143 0.1176196 0.0057834 0.1262674 0.0180311 0.0180311 
Phalangeridae_Trichosurus_vulpecula          0.0573316 0.0832445 0.0555230 0.0655012 0.0663187 0.0862820 0.0000000 0.0227797 0.0720737 0.0912389 0.0234186 0.0875434 0.0890512 0.0231541 0.0569786 0.0877805 0.0883658 0.0884053 0.1153752 0.0620616 0.0657947 0.0960639 0.1009627 0.0870692 0.0639160 0.0755573 0.0622546 0.0530147 0.0595140 0.0688217 0.0704423 0.0227736 0.1097755 0.0870921 0.1165426 0.0791932 0.0791932 
Phalangeridae_Spilocuscus_maculatus          0.0543183 0.0797085 0.0518299 0.0616196 0.0632158 0.0823207 0.0227797 0.0000000 0.0624450 0.0906804 0.0111849 0.0845451 0.0858732 0.0112142 0.0554558 0.0836874 0.0840397 0.0844152 0.1112019 0.0604346 0.0634734 0.0916436 0.0972124 0.0827176 0.0635205 0.0708258 0.0590332 0.0499505 0.0592702 0.0633212 0.0695860 0.0111843 0.1086876 0.0843447 0.1123804 0.0791190 0.0791190 
Potoroidae_Aepyprymnus_rufescens             0.0777957 0.1017832 0.0777345 0.0186839 0.0209487 0.0987677 0.0720737 0.0624450 0.0000000 0.1102179 0.0691736 0.0980687 0.1041594 0.0706398 0.0760473 0.0989415 0.0968732 0.1017945 0.1335714 0.0356582 0.0896837 0.1054911 0.1123668 0.1016910 0.0574992 0.0905884 0.0825039 0.0319937 0.0757423 0.0802334 0.0950562 0.0697436 0.1120928 0.1016249 0.1354572 0.1177645 0.1177645 
Peramelidae_Perameles_nasuta                 0.0934932 0.1018683 0.0938375 0.1127474 0.1134081 0.1094244 0.0912389 0.0906804 0.1102179 0.0000000 0.0893802 0.1104366 0.1185841 0.0928459 0.0888037 0.1103255 0.1075209 0.1133413 0.0257023 0.1030076 0.1010863 0.1084000 0.1226991 0.1095296 0.1153802 0.1066411 0.0948102 0.0918153 0.0965579 0.1044160 0.1112096 0.0906080 0.0244560 0.1086446 0.0077581 0.1099031 0.1099031 
Phalangeridae_Strigocuscus_pelengensis       0.0578879 0.0803378 0.0541971 0.0632723 0.0632607 0.0825537 0.0234186 0.0111849 0.0691736 0.0893802 0.0000000 0.0837682 0.0856480 0.0081675 0.0561725 0.0844367 0.0853497 0.0863201 0.1124563 0.0611632 0.0658147 0.0969779 0.1021028 0.0843802 0.0647294 0.0742022 0.0604597 0.0504262 0.0590237 0.0680995 0.0722339 0.0084734 0.1100785 0.0841581 0.1135848 0.0627529 0.0627529 
Dasyuridae_Phascogale_tapoatafa              0.0831401 0.0987774 0.0803419 0.0970446 0.0979812 0.0163757 0.0875434 0.0845451 0.0980687 0.1104366 0.0837682 0.0000000 0.0308244 0.0853365 0.0879827 0.0055935 0.0185687 0.0245091 0.1202992 0.0945316 0.0907182 0.0960915 0.0973003 0.0093678 0.0978842 0.0816623 0.0857137 0.0842718 0.0776265 0.0921888 0.1010691 0.0858627 0.1172247 0.0170276 0.1271307 0.0320845 0.0320845 
Dasyuridae_Sminthopsis_macroura              0.0889988 0.1022270 0.0830492 0.0993652 0.1002987 0.0295757 0.0890512 0.0858732 0.1041594 0.1185841 0.0856480 0.0308244 0.0000000 0.0880205 0.0907352 0.0328804 0.0321342 0.0217596 0.1269544 0.0968036 0.0934249 0.0994949 0.1006497 0.0283632 0.0985347 0.0833749 0.0903846 0.0862249 0.0802460 0.0974781 0.1053013 0.0889225 0.1240343 0.0309116 0.1312259 0.0180051 0.0180051 
Phalangeridae_Phalanger_orientalis           0.0584722 0.0820888 0.0552463 0.0644601 0.0652748 0.0844956 0.0231541 0.0112142 0.0706398 0.0928459 0.0081675 0.0853365 0.0880205 0.0000000 0.0567151 0.0859736 0.0865349 0.0858249 0.1146861 0.0624925 0.0659143 0.0954043 0.0955314 0.0848606 0.0655255 0.0734195 0.0619375 0.0523700 0.0612719 0.0681478 0.0736388 0.0048739 0.1147197 0.0860681 0.1162694 0.0678539 0.0678539 
Acrobatidae_Acrobates_pygmaeus               0.0625436 0.0866155 0.0614049 0.0715350 0.0727646 0.0871456 0.0569786 0.0554558 0.0760473 0.0888037 0.0561725 0.0879827 0.0907352 0.0567151 0.0000000 0.0886619 0.0880892 0.0867611 0.1158049 0.0677786 0.0643182 0.0963582 0.0999723 0.0878933 0.0678719 0.0761959 0.0576708 0.0587988 0.0547011 0.0680410 0.0443877 0.0565572 0.1115821 0.0883531 0.1162076 0.0571888 0.0571888 
Dasyuridae_Phascogale_calura                 0.0857337 0.0976520 0.0806435 0.0976540 0.0985841 0.0181437 0.0877805 0.0836874 0.0989415 0.1103255 0.0844367 0.0055935 0.0328804 0.0859736 0.0886619 0.0000000 0.0206847 0.0263086 0.1192923 0.0955047 0.0909750 0.0951194 0.0954908 0.0117965 0.0980310 0.0802466 0.0867980 0.0853152 0.0768212 0.0953182 0.1020067 0.0857299 0.1172835 0.0194349 0.1268887 0.0368872 0.0368872 
Dasyuridae_Sarcophilus_harrisii              0.0855705 0.0996427 0.0822022 0.0949477 0.0958769 0.0074434 0.0883658 0.0840397 0.0968732 0.1075209 0.0853497 0.0185687 0.0321342 0.0865349 0.0880892 0.0206847 0.0000000 0.0258223 0.1208992 0.0936392 0.0920006 0.0973202 0.0980713 0.0173952 0.0965606 0.0831285 0.0862277 0.0830224 0.0771856 0.0943973 0.1019623 0.0870596 0.1188423 0.0080739 0.1273694 0.0089060 0.0089060 
Dasyuridae_Planigale_tenuirostris            0.0879101 0.0991362 0.0811892 0.0960250 0.0973450 0.0240710 0.0884053 0.0844152 0.1017945 0.1133413 0.0863201 0.0245091 0.0217596 0.0858249 0.0867611 0.0263086 0.0258223 0.0000000 0.1200348 0.0949810 0.0949618 0.0924595 0.0906988 0.0231515 0.0985659 0.0819346 0.0899909 0.0849894 0.0800213 0.0977514 0.1041749 0.0879649 0.1183922 0.0247548 0.1274513 0.0241938 0.0241938 
Peramelidae_Echymipera_kalubu                0.1141131 0.1227845 0.1038905 0.1264329 0.1279100 0.1199095 0.1153752 0.1112019 0.1335714 0.0257023 0.1124563 0.1202992 0.1269544 0.1146861 0.1158049 0.1192923 0.1208992 0.1200348 0.0000000 0.1219926 0.1228835 0.1316748 0.1406457 0.1179433 0.1244060 0.1150584 0.1141415 0.1137941 0.1148206 0.1327291 0.1347461 0.1139347 0.0233902 0.1195629 0.0230202 0.0845175 0.0845175 
Macropodidae_Dorcopsulus_vanheurni           0.0655664 0.0951198 0.0687511 0.0315102 0.0338782 0.0926360 0.0620616 0.0604346 0.0356582 0.1030076 0.0611632 0.0945316 0.0968036 0.0624925 0.0677786 0.0955047 0.0936392 0.0949810 0.1219926 0.0000000 0.0762168 0.0978855 0.1052265 0.0935069 0.0505234 0.0824387 0.0717274 0.0164713 0.0706820 0.0777683 0.0841940 0.0616351 0.1119063 0.0942545 0.1233353 0.1082567 0.1082567 
Pseudochiridae_Pseudochirulus_forbesi        0.0658798 0.0948007 0.0676029 0.0827430 0.0832364 0.0909822 0.0657947 0.0634734 0.0896837 0.1010863 0.0658147 0.0907182 0.0934249 0.0659143 0.0643182 0.0909750 0.0920006 0.0949618 0.1228835 0.0762168 0.0000000 0.1041872 0.1087760 0.0898554 0.0778228 0.0849588 0.0364909 0.0677798 0.0183197 0.0662658 0.0744835 0.0661310 0.1187312 0.0925859 0.1245399 0.0420674 0.0420674 
Didelphidae_Didelphis_virginiana             0.0930499 0.1039234 0.0931136 0.0967242 0.0973843 0.0966184 0.0960639 0.0916436 0.1054911 0.1084000 0.0969779 0.0960915 0.0994949 0.0954043 0.0963582 0.0951194 0.0973202 0.0924595 0.1316748 0.0978855 0.1041872 0.0000000 0.0331402 0.0953876 0.0948947 0.0860378 0.0996938 0.0938706 0.0922636 0.1105949 0.1175664 0.0965388 0.1289991 0.0976420 0.1353999 9.0000000 9.0000000 
Marmosidae_Monodelphis_domestica             0.0979746 0.1087273 0.0966755 0.1032034 0.1034004 0.0978684 0.1009627 0.0972124 0.1123668 0.1226991 0.1021028 0.0973003 0.1006497 0.0955314 0.0999723 0.0954908 0.0980713 0.0906988 0.1406457 0.1052265 0.1087760 0.0331402 0.0000000 0.0983298 0.0998165 0.0922078 0.1026500 0.1013250 0.0952663 0.1107393 0.1205540 0.1009805 0.1383151 0.0988853 0.1470908 9.0000000 9.0000000 
Dasyuridae_Antechinus_stuartii               0.0843048 0.0984237 0.0814706 0.0955197 0.0963976 0.0167744 0.0870692 0.0827176 0.1016910 0.1095296 0.0843802 0.0093678 0.0283632 0.0848606 0.0878933 0.0117965 0.0173952 0.0231515 0.1179433 0.0935069 0.0898554 0.0953876 0.0983298 0.0000000 0.0964620 0.0791613 0.0856578 0.0833457 0.0757010 0.0953101 0.1007835 0.0846452 0.1182192 0.0170999 0.1249726 0.0179982 0.0179982 
Hypsiprymnodontidae_Hypsiprymnodon_moschatus 0.0676798 0.0961531 0.0680649 0.0512636 0.0534522 0.0947131 0.0639160 0.0635205 0.0574992 0.1153802 0.0647294 0.0978842 0.0985347 0.0655255 0.0678719 0.0980310 0.0965606 0.0985659 0.1244060 0.0505234 0.0778228 0.0948947 0.0998165 0.0964620 0.0000000 0.0806494 0.0744232 0.0413454 0.0700692 0.0819297 0.0823859 0.0642515 0.1073050 0.0963480 0.1256477 0.2427134 0.2427134 
Microbiotheriidae_Dromiciops_gliroides       0.0749377 0.0869118 0.0720644 0.0844279 0.0853159 0.0821717 0.0755573 0.0708258 0.0905884 0.1066411 0.0742022 0.0816623 0.0833749 0.0734195 0.0761959 0.0802466 0.0831285 0.0819346 0.1150584 0.0824387 0.0849588 0.0860378 0.0922078 0.0791613 0.0806494 0.0000000 0.0779857 0.0734285 0.0720511 0.0859802 0.0934662 0.0723903 0.1073553 0.0826941 0.1193881 0.0630714 0.0630714 
Pseudochiridae_Petauroides_volans            0.0623117 0.0911954 0.0654596 0.0756649 0.0765244 0.0857034 0.0622546 0.0590332 0.0825039 0.0948102 0.0604597 0.0857137 0.0903846 0.0619375 0.0576708 0.0867980 0.0862277 0.0899909 0.1141415 0.0717274 0.0364909 0.0996938 0.1026500 0.0856578 0.0744232 0.0779857 0.0000000 0.0611719 0.0305823 0.0621019 0.0682911 0.0614584 0.1075661 0.0872944 0.1168443 0.0418082 0.0418082 
Macropodidae_Wallabia_bicolor                0.0555777 0.0844118 0.0594558 0.0275678 0.0295665 0.0826054 0.0530147 0.0499505 0.0319937 0.0918153 0.0504262 0.0842718 0.0862249 0.0523700 0.0587988 0.0853152 0.0830224 0.0849894 0.1137941 0.0164713 0.0677798 0.0938706 0.1013250 0.0833457 0.0413454 0.0734285 0.0611719 0.0000000 0.0570260 0.0665211 0.0731495 0.0515549 0.1084385 0.0841774 0.1163299 0.0421471 0.0421471 
Pseudochiridae_Pseudocheirus_occidentalis    0.0549059 0.0865713 0.0607260 0.0742474 0.0739363 0.0778980 0.0595140 0.0592702 0.0757423 0.0965579 0.0590237 0.0776265 0.0802460 0.0612719 0.0547011 0.0768212 0.0771856 0.0800213 0.1148206 0.0706820 0.0183197 0.0922636 0.0952663 0.0757010 0.0700692 0.0720511 0.0305823 0.0570260 0.0000000 0.0553295 0.0623057 0.0611232 0.1124640 0.0792548 0.1152228 0.0420580 0.0420580 
Tarsipedidae_Tarsipes_rostratus              0.0698914 0.0965268 0.0747521 0.0825146 0.0829913 0.0940890 0.0688217 0.0633212 0.0802334 0.1044160 0.0680995 0.0921888 0.0974781 0.0681478 0.0680410 0.0953182 0.0943973 0.0977514 0.1327291 0.0777683 0.0662658 0.1105949 0.1107393 0.0953101 0.0819297 0.0859802 0.0621019 0.0665211 0.0553295 0.0000000 0.0812888 0.0683289 0.1223739 0.0958504 0.1378828 0.0566432 0.0566432 
Acrobatidae_Distoechurus_pennatus            0.0728014 0.1040505 0.0758886 0.0885417 0.0894566 0.1019921 0.0704423 0.0695860 0.0950562 0.1112096 0.0722339 0.1010691 0.1053013 0.0736388 0.0443877 0.1020067 0.1019623 0.1041749 0.1347461 0.0841940 0.0744835 0.1175664 0.1205540 0.1007835 0.0823859 0.0934662 0.0682911 0.0731495 0.0623057 0.0812888 0.0000000 0.0730545 0.1281099 0.1032727 0.1337406 0.0474360 0.0474360 
Phalangeridae_Phalanger_carmelitae           0.0579580 0.0811746 0.0547473 0.0639547 0.0654935 0.0850143 0.0227736 0.0111843 0.0697436 0.0906080 0.0084734 0.0858627 0.0889225 0.0048739 0.0565572 0.0857299 0.0870596 0.0879649 0.1139347 0.0616351 0.0661310 0.0965388 0.1009805 0.0846452 0.0642515 0.0723903 0.0614584 0.0515549 0.0611232 0.0683289 0.0730545 0.0000000 0.1126715 0.0865847 0.1150911 0.0678539 0.0678539 
Peramelidae_Peroryctes_raffrayana            0.1126338 0.1152303 0.1058125 0.1085640 0.1096879 0.1176196 0.1097755 0.1086876 0.1120928 0.0244560 0.1100785 0.1172247 0.1240343 0.1147197 0.1115821 0.1172835 0.1188423 0.1183922 0.0233902 0.1119063 0.1187312 0.1289991 0.1383151 0.1182192 0.1073050 0.1073553 0.1075661 0.1084385 0.1124640 0.1223739 0.1281099 0.1126715 0.0000000 0.1188669 0.0288424 9.0000000 9.0000000 
Dasyuridae_Dasyurus_geffroii                 0.0851106 0.0985211 0.0818978 0.0959890 0.0969065 0.0057834 0.0870921 0.0843447 0.1016249 0.1086446 0.0841581 0.0170276 0.0309116 0.0860681 0.0883531 0.0194349 0.0080739 0.0247548 0.1195629 0.0942545 0.0925859 0.0976420 0.0988853 0.0170999 0.0963480 0.0826941 0.0872944 0.0841774 0.0792548 0.0958504 0.1032727 0.0865847 0.1188669 0.0000000 0.1266152 0.0134385 0.0134385 
Peramelidae_Perameles_gunnii                 0.1178320 0.1259061 0.1059750 0.1280568 0.1295487 0.1262674 0.1165426 0.1123804 0.1354572 0.0077581 0.1135848 0.1271307 0.1312259 0.1162694 0.1162076 0.1268887 0.1273694 0.1274513 0.0230202 0.1233353 0.1245399 0.1353999 0.1470908 0.1249726 0.1256477 0.1193881 0.1168443 0.1163299 0.1152228 0.1378828 0.1337406 0.1150911 0.0288424 0.1266152 0.0000000 0.1061689 0.1061689 
Myrmecobiidae_Myrmecobius_fasciatus1         0.0472760 0.0950357 0.0617761 0.1399455 0.1463131 0.0180311 0.0791932 0.0791190 0.1177645 0.1099031 0.0627529 0.0320845 0.0180051 0.0678539 0.0571888 0.0368872 0.0089060 0.0241938 0.0845175 0.1082567 0.0420674 9.0000000 9.0000000 0.0179982 0.2427134 0.0630714 0.0418082 0.0421471 0.0420580 0.0566432 0.0474360 0.0678539 9.0000000 0.0134385 0.1061689 0.0000000 0.0000010 
Myrmecobiidae_Myrmecobius_fasciatus2         0.0472760 0.0950357 0.0617761 0.1399455 0.1463131 0.0180311 0.0791932 0.0791190 0.1177645 0.1099031 0.0627529 0.0320845 0.0180051 0.0678539 0.0571888 0.0368872 0.0089060 0.0241938 0.0845175 0.1082567 0.0420674 9.0000000 9.0000000 0.0179982 0.2427134 0.0630714 0.0418082 0.0421471 0.0420580 0.0566432 0.0474360 0.0678539 9.0000000 0.0134385 0.1061689 0.0000010 0.0000000 
