43
croc_TJD307_ND4 0.0000000 0.0620323 0.0620323 0.0647578 0.0624833 0.0610823 0.0677602 0.0677602 0.0679551 0.0650767 0.0678924 0.0691972 0.0678434 0.0678577 0.0678531 0.0623854 0.0623854 0.0609988 0.0609988 0.0677813 0.0677813 0.0691739 0.0650634 0.0663602 0.0663602 0.0650131 0.0650131 0.0650131 0.0650131 0.0650131 0.0646721 0.0646721 0.0677716 0.0677716 0.0650131 0.0663985 0.0650037 0.0702389 0.0702389 0.0716439 0.0664819 0.0664819 0.0679014 
MVZ229220_ND4   0.0620323 0.0000000 0.0000010 0.0024441 0.0354873 0.0341671 0.0353203 0.0353203 0.0339485 0.0338922 0.0352053 0.0351757 0.0338958 0.0351884 0.0351862 0.0339214 0.0339214 0.0352075 0.0352075 0.0352113 0.0352113 0.0339193 0.0326409 0.0338958 0.0338958 0.0339009 0.0326177 0.0326177 0.0326177 0.0326575 0.0313414 0.0313414 0.0352061 0.0352061 0.0326177 0.0339142 0.0326128 0.0417087 0.0417087 0.0430328 0.0390930 0.0390930 0.0378087 
SDFIELD1167_ND4 0.0620323 0.0000010 0.0000000 0.0024441 0.0354873 0.0341671 0.0353203 0.0353203 0.0339485 0.0338922 0.0352053 0.0351757 0.0338958 0.0351884 0.0351862 0.0339214 0.0339214 0.0352075 0.0352075 0.0352113 0.0352113 0.0339193 0.0326409 0.0338958 0.0338958 0.0339009 0.0326177 0.0326177 0.0326177 0.0326575 0.0313414 0.0313414 0.0352061 0.0352061 0.0326177 0.0339142 0.0326128 0.0417087 0.0417087 0.0430328 0.0390930 0.0390930 0.0378087 
SDFIELD1343_ND4 0.0647578 0.0024441 0.0024441 0.0000000 0.0381002 0.0367732 0.0379226 0.0379226 0.0365396 0.0364786 0.0377989 0.0377670 0.0364826 0.0377806 0.0377783 0.0365102 0.0365102 0.0378012 0.0378012 0.0378054 0.0378054 0.0365080 0.0352252 0.0364826 0.0364826 0.0364881 0.0352001 0.0352001 0.0352001 0.0352431 0.0339193 0.0339193 0.0377998 0.0377998 0.0352001 0.0365025 0.0351948 0.0443297 0.0443297 0.0456603 0.0417025 0.0417025 0.0404139 
TJD273_ND4      0.0624833 0.0354873 0.0354873 0.0381002 0.0000000 0.0012191 0.0369136 0.0369136 0.0342087 0.0315521 0.0302730 0.0302469 0.0289673 0.0289740 0.0289722 0.0289892 0.0289892 0.0302743 0.0302743 0.0302776 0.0302776 0.0341790 0.0302945 0.0315555 0.0315555 0.0289722 0.0302730 0.0302730 0.0302730 0.0303101 0.0289923 0.0289923 0.0328681 0.0328681 0.0328681 0.0341731 0.0328625 0.0367658 0.0367658 0.0380859 0.0341552 0.0341552 0.0328710 
TJD300_ND4      0.0610823 0.0341671 0.0341671 0.0367732 0.0012191 0.0000000 0.0382124 0.0382124 0.0328910 0.0302437 0.0289673 0.0289424 0.0276657 0.0276720 0.0276703 0.0276865 0.0276865 0.0289686 0.0289686 0.0315602 0.0315602 0.0328625 0.0289879 0.0302469 0.0302469 0.0276703 0.0289673 0.0289673 0.0289673 0.0290028 0.0276895 0.0276895 0.0315555 0.0315555 0.0315555 0.0328569 0.0315501 0.0354433 0.0354433 0.0367595 0.0328397 0.0328397 0.0315583 
SDFIELD573_ND4  0.0677602 0.0353203 0.0353203 0.0379226 0.0369136 0.0382124 0.0000000 0.0000010 0.0250309 0.0249899 0.0237264 0.0262603 0.0249924 0.0237151 0.0237137 0.0250111 0.0250111 0.0237278 0.0237278 0.0237300 0.0237300 0.0224586 0.0263008 0.0249924 0.0249924 0.0224467 0.0237264 0.0237264 0.0237264 0.0224860 0.0224621 0.0224621 0.0262827 0.0262827 0.0237264 0.0262783 0.0249924 0.0301255 0.0301255 0.0314243 0.0275534 0.0275534 0.0262850 
SDFIELD574_ND4  0.0677602 0.0353203 0.0353203 0.0379226 0.0369136 0.0382124 0.0000010 0.0000000 0.0250309 0.0249899 0.0237264 0.0262603 0.0249924 0.0237151 0.0237137 0.0250111 0.0250111 0.0237278 0.0237278 0.0237300 0.0237300 0.0224586 0.0263008 0.0249924 0.0249924 0.0224467 0.0237264 0.0237264 0.0237264 0.0224860 0.0224621 0.0224621 0.0262827 0.0262827 0.0237264 0.0262783 0.0249924 0.0301255 0.0301255 0.0314243 0.0275534 0.0275534 0.0262850 
SDFIELD1158_ND4 0.0679551 0.0339485 0.0339485 0.0365396 0.0342087 0.0328910 0.0250309 0.0250309 0.0000000 0.0073565 0.0085962 0.0085892 0.0073572 0.0085923 0.0085918 0.0073625 0.0073625 0.0085967 0.0085967 0.0085975 0.0085975 0.0098375 0.0086020 0.0073572 0.0073572 0.0073583 0.0061268 0.0061268 0.0061268 0.0061342 0.0073632 0.0073632 0.0061268 0.0061268 0.0061268 0.0098360 0.0085949 0.0198347 0.0198347 0.0211031 0.0148109 0.0148109 0.0110594 
TJD458_ND4      0.0650767 0.0338922 0.0338922 0.0364786 0.0315521 0.0302437 0.0249899 0.0249899 0.0073565 0.0000000 0.0085827 0.0061122 0.0048865 0.0085787 0.0085783 0.0048900 0.0048900 0.0061176 0.0061176 0.0085840 0.0085840 0.0098219 0.0085884 0.0073456 0.0073456 0.0073467 0.0061172 0.0061172 0.0061172 0.0061245 0.0073516 0.0073516 0.0085827 0.0085827 0.0061172 0.0098205 0.0085814 0.0198030 0.0198030 0.0210693 0.0147873 0.0147873 0.0135471 
TJD434_ND4      0.0678924 0.0352053 0.0352053 0.0377989 0.0302730 0.0289673 0.0237264 0.0237264 0.0085962 0.0085827 0.0000000 0.0048820 0.0036585 0.0048887 0.0048884 0.0061222 0.0061222 0.0073528 0.0073528 0.0073534 0.0073534 0.0085892 0.0073572 0.0061178 0.0061178 0.0036633 0.0048910 0.0048910 0.0048910 0.0048968 0.0061228 0.0061228 0.0073523 0.0073523 0.0073523 0.0085879 0.0073512 0.0160452 0.0160452 0.0173029 0.0110599 0.0110599 0.0098253 
TJD455_ND4      0.0691972 0.0351757 0.0351757 0.0377670 0.0302469 0.0289424 0.0262603 0.0262603 0.0085892 0.0061122 0.0048820 0.0000000 0.0012160 0.0073429 0.0073425 0.0061172 0.0061172 0.0073467 0.0073467 0.0073474 0.0073474 0.0085822 0.0073512 0.0061128 0.0061128 0.0061137 0.0048869 0.0048869 0.0048869 0.0048928 0.0061178 0.0061178 0.0073463 0.0073463 0.0073463 0.0085809 0.0073452 0.0185390 0.0185390 0.0198018 0.0135360 0.0135360 0.0122983 
TJD457_ND4      0.0678434 0.0338958 0.0338958 0.0364826 0.0289673 0.0276657 0.0249924 0.0249924 0.0073572 0.0048865 0.0036585 0.0012160 0.0000000 0.0061150 0.0061147 0.0048905 0.0048905 0.0061182 0.0061182 0.0061187 0.0061187 0.0073512 0.0061219 0.0048869 0.0048869 0.0048877 0.0036628 0.0036628 0.0036628 0.0036671 0.0048909 0.0048909 0.0061178 0.0061178 0.0061178 0.0073501 0.0061169 0.0172913 0.0172913 0.0185515 0.0122971 0.0122971 0.0110610 
TJD438_ND4      0.0678577 0.0351884 0.0351884 0.0377806 0.0289740 0.0276720 0.0237151 0.0237151 0.0085923 0.0085787 0.0048887 0.0073429 0.0061150 0.0000000 0.0024370 0.0061194 0.0061194 0.0073494 0.0073494 0.0073501 0.0073501 0.0085853 0.0073539 0.0061150 0.0061150 0.0036616 0.0048887 0.0048887 0.0048887 0.0048946 0.0061200 0.0061200 0.0073489 0.0073489 0.0073489 0.0085840 0.0073478 0.0160378 0.0160378 0.0172949 0.0110548 0.0110548 0.0098208 
TJD439_ND4      0.0678531 0.0351862 0.0351862 0.0377783 0.0289722 0.0276703 0.0237137 0.0237137 0.0085918 0.0085783 0.0048884 0.0073425 0.0061147 0.0024370 0.0000000 0.0061191 0.0061191 0.0073490 0.0073490 0.0073496 0.0073496 0.0085848 0.0073534 0.0061147 0.0061147 0.0036614 0.0048884 0.0048884 0.0048884 0.0048943 0.0061197 0.0061197 0.0073485 0.0073485 0.0073485 0.0085835 0.0073474 0.0160369 0.0160369 0.0172939 0.0110542 0.0110542 0.0098202 
TJD358_ND4      0.0623854 0.0339214 0.0339214 0.0365102 0.0289892 0.0276865 0.0250111 0.0250111 0.0073625 0.0048900 0.0061222 0.0061172 0.0048905 0.0061194 0.0061191 0.0000000 0.0000010 0.0012192 0.0012192 0.0061231 0.0061231 0.0073565 0.0061263 0.0048905 0.0048905 0.0048912 0.0036654 0.0036654 0.0036654 0.0036698 0.0048945 0.0048945 0.0061222 0.0061222 0.0061222 0.0073554 0.0061213 0.0173039 0.0173039 0.0185651 0.0123061 0.0123061 0.0110690 
TJD359_ND4      0.0623854 0.0339214 0.0339214 0.0365102 0.0289892 0.0276865 0.0250111 0.0250111 0.0073625 0.0048900 0.0061222 0.0061172 0.0048905 0.0061194 0.0061191 0.0000010 0.0000000 0.0012192 0.0012192 0.0061231 0.0061231 0.0073565 0.0061263 0.0048905 0.0048905 0.0048912 0.0036654 0.0036654 0.0036654 0.0036698 0.0048945 0.0048945 0.0061222 0.0061222 0.0061222 0.0073554 0.0061213 0.0173039 0.0173039 0.0185651 0.0123061 0.0123061 0.0110690 
TJD369_ND4      0.0609988 0.0352075 0.0352075 0.0378012 0.0302743 0.0289686 0.0237278 0.0237278 0.0085967 0.0061176 0.0073528 0.0073467 0.0061182 0.0073494 0.0073490 0.0012192 0.0012192 0.0000000 0.0000010 0.0073539 0.0073539 0.0085897 0.0073576 0.0061182 0.0061182 0.0061191 0.0048912 0.0048912 0.0048912 0.0048971 0.0061231 0.0061231 0.0073527 0.0073527 0.0073527 0.0085884 0.0073516 0.0185554 0.0185554 0.0198193 0.0135479 0.0135479 0.0123091 
TJD377_ND4      0.0609988 0.0352075 0.0352075 0.0378012 0.0302743 0.0289686 0.0237278 0.0237278 0.0085967 0.0061176 0.0073528 0.0073467 0.0061182 0.0073494 0.0073490 0.0012192 0.0012192 0.0000010 0.0000000 0.0073539 0.0073539 0.0085897 0.0073576 0.0061182 0.0061182 0.0061191 0.0048912 0.0048912 0.0048912 0.0048971 0.0061231 0.0061231 0.0073527 0.0073527 0.0073527 0.0085884 0.0073516 0.0185554 0.0185554 0.0198193 0.0135479 0.0135479 0.0123091 
TJD460_ND4      0.0677813 0.0352113 0.0352113 0.0378054 0.0302776 0.0315602 0.0237300 0.0237300 0.0085975 0.0085840 0.0073534 0.0073474 0.0061187 0.0073501 0.0073496 0.0061231 0.0061231 0.0073539 0.0073539 0.0000000 0.0000010 0.0061160 0.0048895 0.0036585 0.0036585 0.0036598 0.0024370 0.0024370 0.0024370 0.0024400 0.0036622 0.0036622 0.0048863 0.0048863 0.0048863 0.0061151 0.0048855 0.0185572 0.0185572 0.0198212 0.0135492 0.0135492 0.0123103 
TJD462_ND4      0.0677813 0.0352113 0.0352113 0.0378054 0.0302776 0.0315602 0.0237300 0.0237300 0.0085975 0.0085840 0.0073534 0.0073474 0.0061187 0.0073501 0.0073496 0.0061231 0.0061231 0.0073539 0.0073539 0.0000010 0.0000000 0.0061160 0.0048895 0.0036585 0.0036585 0.0036598 0.0024370 0.0024370 0.0024370 0.0024400 0.0036622 0.0036622 0.0048863 0.0048863 0.0048863 0.0061151 0.0048855 0.0185572 0.0185572 0.0198212 0.0135492 0.0135492 0.0123103 
MVZ236191_ND4   0.0691739 0.0339193 0.0339193 0.0365080 0.0341790 0.0328625 0.0224586 0.0224586 0.0098375 0.0098219 0.0085892 0.0085822 0.0073512 0.0085853 0.0085848 0.0073565 0.0073565 0.0085897 0.0085897 0.0061160 0.0061160 0.0000000 0.0061192 0.0024370 0.0024370 0.0048855 0.0036611 0.0036611 0.0036611 0.0036655 0.0048888 0.0048888 0.0061151 0.0061151 0.0061151 0.0073468 0.0061142 0.0198183 0.0198183 0.0210856 0.0147987 0.0147987 0.0135575 
TJD459_ND4      0.0650634 0.0326409 0.0326409 0.0352252 0.0302945 0.0289879 0.0263008 0.0263008 0.0086020 0.0085884 0.0073572 0.0073512 0.0061219 0.0073539 0.0073534 0.0061263 0.0061263 0.0073576 0.0073576 0.0048895 0.0048895 0.0061192 0.0000000 0.0036611 0.0036611 0.0036617 0.0024391 0.0024391 0.0024391 0.0024420 0.0036641 0.0036641 0.0048888 0.0048888 0.0048888 0.0061183 0.0048881 0.0185669 0.0185669 0.0198316 0.0135562 0.0135562 0.0123166 
TJD464_ND4      0.0663602 0.0338958 0.0338958 0.0364826 0.0315555 0.0302469 0.0249924 0.0249924 0.0073572 0.0073456 0.0061178 0.0061128 0.0048869 0.0061150 0.0061147 0.0048905 0.0048905 0.0061182 0.0061182 0.0036585 0.0036585 0.0024370 0.0036611 0.0000000 0.0000010 0.0024359 0.0012175 0.0012175 0.0012175 0.0012190 0.0024370 0.0024370 0.0036585 0.0036585 0.0036585 0.0048841 0.0036585 0.0172913 0.0172913 0.0185515 0.0122971 0.0122971 0.0110610 
TJD465_ND4      0.0663602 0.0338958 0.0338958 0.0364826 0.0315555 0.0302469 0.0249924 0.0249924 0.0073572 0.0073456 0.0061178 0.0061128 0.0048869 0.0061150 0.0061147 0.0048905 0.0048905 0.0061182 0.0061182 0.0036585 0.0036585 0.0024370 0.0036611 0.0000010 0.0000000 0.0024359 0.0012175 0.0012175 0.0012175 0.0012190 0.0024370 0.0024370 0.0036585 0.0036585 0.0036585 0.0048841 0.0036585 0.0172913 0.0172913 0.0185515 0.0122971 0.0122971 0.0110610 
MVZ207642_ND4   0.0650131 0.0339009 0.0339009 0.0364881 0.0289722 0.0276703 0.0224467 0.0224467 0.0073583 0.0073467 0.0036633 0.0061137 0.0048877 0.0036616 0.0036614 0.0048912 0.0048912 0.0061191 0.0061191 0.0036598 0.0036598 0.0048855 0.0036617 0.0024359 0.0024359 0.0000000 0.0012175 0.0012175 0.0012175 0.0012190 0.0024370 0.0024370 0.0036585 0.0036585 0.0036585 0.0048848 0.0036585 0.0147910 0.0147910 0.0160452 0.0098178 0.0098178 0.0085856 
MVZ195628_ND4   0.0650131 0.0326177 0.0326177 0.0352001 0.0302730 0.0289673 0.0237264 0.0237264 0.0061268 0.0061172 0.0048910 0.0048869 0.0036628 0.0048887 0.0048884 0.0036654 0.0036654 0.0048912 0.0048912 0.0024370 0.0024370 0.0036611 0.0024391 0.0012175 0.0012175 0.0012175 0.0000000 0.0000010 0.0000010 0.0000010 0.0012175 0.0012175 0.0024370 0.0024370 0.0024370 0.0036606 0.0024370 0.0160452 0.0160452 0.0173029 0.0110599 0.0110599 0.0098253 
MVZ207643_ND4   0.0650131 0.0326177 0.0326177 0.0352001 0.0302730 0.0289673 0.0237264 0.0237264 0.0061268 0.0061172 0.0048910 0.0048869 0.0036628 0.0048887 0.0048884 0.0036654 0.0036654 0.0048912 0.0048912 0.0024370 0.0024370 0.0036611 0.0024391 0.0012175 0.0012175 0.0012175 0.0000010 0.0000000 0.0000010 0.0000010 0.0012175 0.0012175 0.0024370 0.0024370 0.0024370 0.0036606 0.0024370 0.0160452 0.0160452 0.0173029 0.0110599 0.0110599 0.0098253 
TJD454_ND4      0.0650131 0.0326177 0.0326177 0.0352001 0.0302730 0.0289673 0.0237264 0.0237264 0.0061268 0.0061172 0.0048910 0.0048869 0.0036628 0.0048887 0.0048884 0.0036654 0.0036654 0.0048912 0.0048912 0.0024370 0.0024370 0.0036611 0.0024391 0.0012175 0.0012175 0.0012175 0.0000010 0.0000010 0.0000000 0.0000010 0.0012161 0.0012175 0.0024370 0.0024370 0.0024370 0.0036606 0.0024370 0.0160452 0.0160452 0.0173029 0.0110599 0.0110599 0.0098253 
TJD456_ND4      0.0650131 0.0326575 0.0326575 0.0352431 0.0303101 0.0290028 0.0224860 0.0224860 0.0061342 0.0061245 0.0048968 0.0048928 0.0036671 0.0048946 0.0048943 0.0036698 0.0036698 0.0048971 0.0048971 0.0024400 0.0024400 0.0036655 0.0024420 0.0012190 0.0012190 0.0012190 0.0000010 0.0000010 0.0000010 0.0000000 0.0012190 0.0012190 0.0024400 0.0024400 0.0024400 0.0036650 0.0024400 0.0160646 0.0160646 0.0173238 0.0110732 0.0110732 0.0098371 
TJD452_ND4      0.0646721 0.0313414 0.0313414 0.0339193 0.0289923 0.0276895 0.0224621 0.0224621 0.0073632 0.0073516 0.0061228 0.0061178 0.0048909 0.0061200 0.0061197 0.0048945 0.0048945 0.0061231 0.0061231 0.0036622 0.0036622 0.0048888 0.0036641 0.0024370 0.0024370 0.0024370 0.0012175 0.0012175 0.0012161 0.0012190 0.0000000 0.0000010 0.0036617 0.0036617 0.0036617 0.0048881 0.0036611 0.0148009 0.0148009 0.0160560 0.0123072 0.0123072 0.0110700 
TJD453_ND4      0.0646721 0.0313414 0.0313414 0.0339193 0.0289923 0.0276895 0.0224621 0.0224621 0.0073632 0.0073516 0.0061228 0.0061178 0.0048909 0.0061200 0.0061197 0.0048945 0.0048945 0.0061231 0.0061231 0.0036622 0.0036622 0.0048888 0.0036641 0.0024370 0.0024370 0.0024370 0.0012175 0.0012175 0.0012175 0.0012190 0.0000010 0.0000000 0.0036617 0.0036617 0.0036617 0.0048881 0.0036611 0.0148009 0.0148009 0.0160560 0.0123072 0.0123072 0.0110700 
TJD445_ND4      0.0677716 0.0352061 0.0352061 0.0377998 0.0328681 0.0315555 0.0262827 0.0262827 0.0061268 0.0085827 0.0073523 0.0073463 0.0061178 0.0073489 0.0073485 0.0061222 0.0061222 0.0073527 0.0073527 0.0048863 0.0048863 0.0061151 0.0048888 0.0036585 0.0036585 0.0036585 0.0024370 0.0024370 0.0024370 0.0024400 0.0036617 0.0036617 0.0000000 0.0000010 0.0024370 0.0036606 0.0024370 0.0185544 0.0185544 0.0198183 0.0135471 0.0135471 0.0123084 
TJD497_ND4      0.0677716 0.0352061 0.0352061 0.0377998 0.0328681 0.0315555 0.0262827 0.0262827 0.0061268 0.0085827 0.0073523 0.0073463 0.0061178 0.0073489 0.0073485 0.0061222 0.0061222 0.0073527 0.0073527 0.0048863 0.0048863 0.0061151 0.0048888 0.0036585 0.0036585 0.0036585 0.0024370 0.0024370 0.0024370 0.0024400 0.0036617 0.0036617 0.0000010 0.0000000 0.0024370 0.0036606 0.0024370 0.0185544 0.0185544 0.0198183 0.0135471 0.0135471 0.0123084 
TJD447_ND4      0.0650131 0.0326177 0.0326177 0.0352001 0.0328681 0.0315555 0.0237264 0.0237264 0.0061268 0.0061172 0.0073523 0.0073463 0.0061178 0.0073489 0.0073485 0.0061222 0.0061222 0.0073527 0.0073527 0.0048863 0.0048863 0.0061151 0.0048888 0.0036585 0.0036585 0.0036585 0.0024370 0.0024370 0.0024370 0.0024400 0.0036617 0.0036617 0.0024370 0.0024370 0.0000000 0.0036606 0.0024370 0.0185544 0.0185544 0.0198183 0.0135471 0.0135471 0.0123084 
TJD444_ND4      0.0663985 0.0339142 0.0339142 0.0365025 0.0341731 0.0328569 0.0262783 0.0262783 0.0098360 0.0098205 0.0085879 0.0085809 0.0073501 0.0085840 0.0085835 0.0073554 0.0073554 0.0085884 0.0085884 0.0061151 0.0061151 0.0073468 0.0061183 0.0048841 0.0048841 0.0048848 0.0036606 0.0036606 0.0036606 0.0036650 0.0048881 0.0048881 0.0036606 0.0036606 0.0036606 0.0000000 0.0012175 0.0198151 0.0198151 0.0210822 0.0147964 0.0147964 0.0135554 
TJD449_ND4      0.0650037 0.0326128 0.0326128 0.0351948 0.0328625 0.0315501 0.0249924 0.0249924 0.0085949 0.0085814 0.0073512 0.0073452 0.0061169 0.0073478 0.0073474 0.0061213 0.0061213 0.0073516 0.0073516 0.0048855 0.0048855 0.0061142 0.0048881 0.0036585 0.0036585 0.0036585 0.0024370 0.0024370 0.0024370 0.0024400 0.0036611 0.0036611 0.0024370 0.0024370 0.0024370 0.0012175 0.0000000 0.0185515 0.0185515 0.0198151 0.0135451 0.0135451 0.0123065 
TJD433_ND4      0.0702389 0.0417087 0.0417087 0.0443297 0.0367658 0.0354433 0.0301255 0.0301255 0.0198347 0.0198030 0.0160452 0.0185390 0.0172913 0.0160378 0.0160369 0.0173039 0.0173039 0.0185554 0.0185554 0.0185572 0.0185572 0.0198183 0.0185669 0.0172913 0.0172913 0.0147910 0.0160452 0.0160452 0.0160452 0.0160646 0.0148009 0.0148009 0.0185544 0.0185544 0.0185544 0.0198151 0.0185515 0.0000000 0.0000010 0.0012175 0.0073382 0.0073382 0.0110487 
TJD436_ND4      0.0702389 0.0417087 0.0417087 0.0443297 0.0367658 0.0354433 0.0301255 0.0301255 0.0198347 0.0198030 0.0160452 0.0185390 0.0172913 0.0160378 0.0160369 0.0173039 0.0173039 0.0185554 0.0185554 0.0185572 0.0185572 0.0198183 0.0185669 0.0172913 0.0172913 0.0147910 0.0160452 0.0160452 0.0160452 0.0160646 0.0148009 0.0148009 0.0185544 0.0185544 0.0185544 0.0198151 0.0185515 0.0000010 0.0000000 0.0012175 0.0073382 0.0073382 0.0110487 
TJD430_ND4      0.0716439 0.0430328 0.0430328 0.0456603 0.0380859 0.0367595 0.0314243 0.0314243 0.0211031 0.0210693 0.0173029 0.0198018 0.0185515 0.0172949 0.0172939 0.0185651 0.0185651 0.0198193 0.0198193 0.0198212 0.0198212 0.0210856 0.0198316 0.0185515 0.0185515 0.0160452 0.0173029 0.0173029 0.0173029 0.0173238 0.0160560 0.0160560 0.0198183 0.0198183 0.0198183 0.0210822 0.0198151 0.0012175 0.0012175 0.0000000 0.0085727 0.0085727 0.0122928 
TJD431_ND4      0.0664819 0.0390930 0.0390930 0.0417025 0.0341552 0.0328397 0.0275534 0.0275534 0.0148109 0.0147873 0.0110599 0.0135360 0.0122971 0.0110548 0.0110542 0.0123061 0.0123061 0.0135479 0.0135479 0.0135492 0.0135492 0.0147987 0.0135562 0.0122971 0.0122971 0.0098178 0.0110599 0.0110599 0.0110599 0.0110732 0.0123072 0.0123072 0.0135471 0.0135471 0.0135471 0.0147964 0.0135451 0.0073382 0.0073382 0.0085727 0.0000000 0.0000010 0.0061116 
TJD432_ND4      0.0664819 0.0390930 0.0390930 0.0417025 0.0341552 0.0328397 0.0275534 0.0275534 0.0148109 0.0147873 0.0110599 0.0135360 0.0122971 0.0110548 0.0110542 0.0123061 0.0123061 0.0135479 0.0135479 0.0135492 0.0135492 0.0147987 0.0135562 0.0122971 0.0122971 0.0098178 0.0110599 0.0110599 0.0110599 0.0110732 0.0123072 0.0123072 0.0135471 0.0135471 0.0135471 0.0147964 0.0135451 0.0073382 0.0073382 0.0085727 0.0000010 0.0000000 0.0061116 
JFP_517_ND4     0.0679014 0.0378087 0.0378087 0.0404139 0.0328710 0.0315583 0.0262850 0.0262850 0.0110594 0.0135471 0.0098253 0.0122983 0.0110610 0.0098208 0.0098202 0.0110690 0.0110690 0.0123091 0.0123091 0.0123103 0.0123103 0.0135575 0.0123166 0.0110610 0.0110610 0.0085856 0.0098253 0.0098253 0.0098253 0.0098371 0.0110700 0.0110700 0.0123084 0.0123084 0.0123084 0.0135554 0.0123065 0.0110487 0.0110487 0.0122928 0.0061116 0.0061116 0.0000000 
