35
Burramyidae_Burramys_parvus                  0.0000000 0.0194966 0.0320623 0.0365055 0.0369944 0.0897552 0.0229263 0.0297135 0.0366875 0.0833162 0.0303364 0.0916920 0.0929536 0.0314050 0.0257612 0.0969098 0.0848042 0.0935616 0.0810087 0.0431407 0.0495109 0.1217084 0.0877279 0.0506504 0.0528707 0.0459384 0.0396926 0.0474536 0.0712719 0.0272617 0.0321049 0.0814549 0.0888152 0.0864666 0.1084009 
Notoryctidae_Notoryctes_typhlops             0.0194966 0.0000000 0.0201264 0.0268571 0.0255129 0.0468409 0.0184782 0.0193769 0.0253434 0.0372929 0.0202819 0.0460663 0.0450063 0.0205095 0.0154146 0.0474913 0.0439542 0.0427301 0.0371711 0.0262873 0.0218321 0.0654738 0.0413390 0.0311482 0.0301650 0.0198643 0.0213760 0.0214203 0.0562616 0.0186231 0.0208144 0.0378282 0.0446876 0.0402357 0.0414864 
Vombatidae_Lasiorhinus_latifrons             0.0320623 0.0201264 0.0000000 0.0409225 0.0386674 0.0810777 0.0204513 0.0282453 0.0392512 0.0735284 0.0272976 0.0812571 0.0833375 0.0269393 0.0259473 0.0850395 0.0763243 0.0731472 0.0712222 0.0417944 0.0478176 0.1087795 0.0791029 0.0431874 0.0472882 0.0433240 0.0387299 0.0455207 0.0706241 0.0267640 0.0279548 0.0697906 0.0813191 0.0760641 0.0955006 
Potoroidae_Bettongia_penicillata             0.0365055 0.0268571 0.0409225 0.0000000 0.0019363 0.1018416 0.0268046 0.0379937 0.0036884 0.0886301 0.0369425 0.1025668 0.1026314 0.0345801 0.0326315 0.1054129 0.0964958 0.0978751 0.0849728 0.0087863 0.0543823 0.1292964 0.0997281 0.0276984 0.0631760 0.0511080 0.0075937 0.0530198 0.0725100 0.0322457 0.0363109 0.0872925 0.0982416 0.0918378 0.1261015 
Potoroidae_Bettongia_lesueur                 0.0369944 0.0255129 0.0386674 0.0019363 0.0000000 0.1008319 0.0253357 0.0358204 0.0036801 0.0870383 0.0357118 0.1015465 0.1004127 0.0334114 0.0315485 0.1043993 0.0943188 0.0987802 0.0833841 0.0079968 0.0545773 0.1269595 0.0975858 0.0252973 0.0610221 0.0513121 0.0071449 0.0532198 0.0704673 0.0308680 0.0350479 0.0869123 0.0972352 0.0896586 0.1231011 
Dasyuridae_Dasyurus_maculatus                0.0897552 0.0468409 0.0810777 0.1018416 0.1008319 0.0000000 0.0727888 0.0921720 0.1003912 0.1099968 0.0901844 0.0103738 0.0133162 0.0915679 0.0793918 0.0113100 0.0027685 0.0153558 0.1069451 0.1004012 0.1047599 0.1386102 0.0093868 0.1064860 0.0879311 0.0932794 0.0995076 0.1001031 0.1191966 0.0811616 0.0931508 0.1058618 0.0024537 0.1133318 0.1468444 
Phalangeridae_Trichosurus_vulpecula          0.0229263 0.0184782 0.0204513 0.0268046 0.0253357 0.0727888 0.0000000 0.0048564 0.0244393 0.0670700 0.0049449 0.0735717 0.0691694 0.0049952 0.0183417 0.0736645 0.0681736 0.0704283 0.0670114 0.0264531 0.0281593 0.0948438 0.0692951 0.0304715 0.0350663 0.0242998 0.0250758 0.0225370 0.0536014 0.0178784 0.0051149 0.0670841 0.0716565 0.0692562 0.0845916 
Phalangeridae_Spilocuscus_maculatus          0.0297135 0.0193769 0.0282453 0.0379937 0.0358204 0.0921720 0.0048564 0.0000000 0.0359261 0.0795561 0.0025974 0.0919405 0.0914806 0.0025598 0.0250644 0.0954478 0.0878029 0.0912560 0.0777791 0.0375204 0.0399783 0.1051389 0.0921149 0.0403081 0.0460281 0.0408574 0.0354514 0.0383499 0.0680777 0.0252524 0.0024498 0.0763852 0.0917627 0.0821543 0.0964943 
Potoroidae_Aepyprymnus_rufescens             0.0366875 0.0253434 0.0392512 0.0036884 0.0036801 0.1003912 0.0244393 0.0359261 0.0000000 0.0901098 0.0358201 0.1019988 0.0999732 0.0331243 0.0310761 0.1050410 0.0939318 0.1013498 0.0893036 0.0080286 0.0533916 0.1305720 0.0994874 0.0268296 0.0626557 0.0516541 0.0073141 0.0537997 0.0706800 0.0320040 0.0343096 0.0912543 0.0968223 0.0933024 0.1260547 
Peramelidae_Perameles_nasuta                 0.0833162 0.0372929 0.0735284 0.0886301 0.0870383 0.1099968 0.0670700 0.0795561 0.0901098 0.0000000 0.0818660 0.1095031 0.1096352 0.0771773 0.0726406 0.1108869 0.1041506 0.1083389 0.0054757 0.0914163 0.0954586 0.1257022 0.1069092 0.0919844 0.0833315 0.0856050 0.0891875 0.0942305 0.1203678 0.0731858 0.0787262 0.0052275 0.1078848 0.0005568 0.1281947 
Phalangeridae_Strigocuscus_pelengensis       0.0303364 0.0202819 0.0272976 0.0369425 0.0357118 0.0901844 0.0049449 0.0025974 0.0358201 0.0818660 0.0000000 0.0927117 0.0918674 0.0028171 0.0261947 0.0962758 0.0875468 0.0912622 0.0805942 0.0369532 0.0432513 0.1053257 0.0918147 0.0374825 0.0493939 0.0415126 0.0356831 0.0400322 0.0675951 0.0253403 0.0027071 0.0804762 0.0897665 0.0851109 0.1011474 
Dasyuridae_Phascogale_tapoatafa              0.0916920 0.0460663 0.0812571 0.1025668 0.1015465 0.0103738 0.0735717 0.0919405 0.1019988 0.1095031 0.0927117 0.0000000 0.0156312 0.0934498 0.0752899 0.0018955 0.0091666 0.0137690 0.1067459 0.1028163 0.1034111 0.1382904 0.0043171 0.1066714 0.0891505 0.0982402 0.1018516 0.0981369 0.1242405 0.0780321 0.0939419 0.1040563 0.0103847 0.1129001 0.1393657 
Dasyuridae_Sminthopsis_macroura              0.0929536 0.0450063 0.0833375 0.1026314 0.1004127 0.0133162 0.0691694 0.0914806 0.0999732 0.1096352 0.0918674 0.0156312 0.0000000 0.0897695 0.0841264 0.0160099 0.0113917 0.0115261 0.1076265 0.0983284 0.1094625 0.1373951 0.0139790 0.1059397 0.0867873 0.0996363 0.0991127 0.1045143 0.1242973 0.0835813 0.0913614 0.1054707 0.0131312 0.1129849 0.1414709 
Phalangeridae_Phalanger_orientalis           0.0314050 0.0205095 0.0269393 0.0345801 0.0334114 0.0915679 0.0049952 0.0025598 0.0331243 0.0771773 0.0028171 0.0934498 0.0897695 0.0000000 0.0255168 0.0957860 0.0871956 0.0909386 0.0770533 0.0346372 0.0406292 0.1051026 0.0912564 0.0368791 0.0456166 0.0387408 0.0334632 0.0371994 0.0658983 0.0240604 0.0008417 0.0745013 0.0911570 0.0797707 0.0997608 
Acrobatidae_Acrobates_pygmaeus               0.0257612 0.0154146 0.0259473 0.0326315 0.0315485 0.0793918 0.0183417 0.0250644 0.0310761 0.0726406 0.0261947 0.0752899 0.0841264 0.0255168 0.0000000 0.0803437 0.0712471 0.0824286 0.0726563 0.0326014 0.0314742 0.1113015 0.0748517 0.0373712 0.0469586 0.0300337 0.0300635 0.0324817 0.0546232 0.0110992 0.0265431 0.0682074 0.0772235 0.0760209 0.1074194 
Dasyuridae_Phascogale_calura                 0.0969098 0.0474913 0.0850395 0.1054129 0.1043993 0.0113100 0.0736645 0.0954478 0.1050410 0.1108869 0.0962758 0.0018955 0.0160099 0.0957860 0.0803437 0.0000000 0.0099049 0.0142137 0.1092497 0.1050490 0.1033155 0.1382217 0.0050067 0.1075953 0.0891353 0.0987158 0.1041693 0.0983424 0.1271986 0.0824412 0.0973746 0.1054887 0.0111436 0.1142195 0.1426140 
Dasyuridae_Sarcophilus_harrisii              0.0848042 0.0439542 0.0763243 0.0964958 0.0943188 0.0027685 0.0681736 0.0878029 0.0939318 0.1041506 0.0875468 0.0091666 0.0113917 0.0871956 0.0712471 0.0099049 0.0000000 0.0139441 0.1011132 0.0951262 0.1007630 0.1326078 0.0081213 0.1013144 0.0838177 0.0895104 0.0942546 0.0943234 0.1180970 0.0735516 0.0887632 0.1010587 0.0026623 0.1074378 0.1450026 
Dasyuridae_Planigale_tenuirostris            0.0935616 0.0427301 0.0731472 0.0978751 0.0987802 0.0153558 0.0704283 0.0912560 0.1013498 0.1083389 0.0912622 0.0137690 0.0115261 0.0909386 0.0824286 0.0142137 0.0139441 0.0000000 0.1081643 0.1006606 0.1069493 0.1373189 0.0139106 0.1043839 0.0905723 0.0970061 0.1007890 0.1055664 0.1242913 0.0782629 0.0927162 0.1085258 0.0151383 0.1105696 0.1481485 
Peramelidae_Echymipera_kalubu                0.0810087 0.0371711 0.0712222 0.0849728 0.0833841 0.1069451 0.0670114 0.0777791 0.0893036 0.0054757 0.0805942 0.1067459 0.1076265 0.0770533 0.0726563 0.1092497 0.1011132 0.1081643 0.0000000 0.0888503 0.0976787 0.1286461 0.1040616 0.0907891 0.0826699 0.0872693 0.0878224 0.0965157 0.1153776 0.0731125 0.0775311 0.0056246 0.1048253 0.0062432 0.1279103 
Macropodidae_Dorcopsulus_vanheurni           0.0431407 0.0262873 0.0417944 0.0087863 0.0079968 0.1004012 0.0264531 0.0375204 0.0080286 0.0914163 0.0369532 0.1028163 0.0983284 0.0346372 0.0326014 0.1050490 0.0951262 0.1006606 0.0888503 0.0000000 0.0563892 0.1220666 0.0985096 0.0274206 0.0614061 0.0508615 0.0040526 0.0543513 0.0688506 0.0338501 0.0358602 0.0922393 0.0968117 0.0946354 0.1194101 
Pseudochiridae_Pseudochirulus_forbesi        0.0495109 0.0218321 0.0478176 0.0543823 0.0545773 0.1047599 0.0281593 0.0399783 0.0533916 0.0954586 0.0432513 0.1034111 0.1094625 0.0406292 0.0314742 0.1033155 0.1007630 0.1069493 0.0976787 0.0563892 0.0000000 0.1322829 0.1034869 0.0616829 0.0621407 0.0203645 0.0538076 0.0072011 0.0623853 0.0336524 0.0419473 0.0922396 0.1038348 0.0993071 0.1239703 
Marmosidae_Monodelphis_domestica             0.1217084 0.0654738 0.1087795 0.1292964 0.1269595 0.1386102 0.0948438 0.1051389 0.1305720 0.1257022 0.1053257 0.1382904 0.1373951 0.1051026 0.1113015 0.1382217 0.1326078 0.1373189 0.1286461 0.1220666 0.1322829 0.0000000 0.1361137 0.1302305 0.1040964 0.1321756 0.1252778 0.1281109 0.1438141 0.1056348 0.1059871 0.1279146 0.1368024 0.1265102 0.0206700 
Dasyuridae_Antechinus_stuartii               0.0877279 0.0413390 0.0791029 0.0997281 0.0975858 0.0093868 0.0692951 0.0921149 0.0994874 0.1069092 0.0918147 0.0043171 0.0139790 0.0912564 0.0748517 0.0050067 0.0081213 0.0139106 0.1040616 0.0985096 0.1034869 0.1361137 0.0000000 0.1062477 0.0876021 0.0944761 0.0972375 0.0967364 0.1214475 0.0773926 0.0929434 0.1036797 0.0093949 0.1102668 0.1436334 
Hypsiprymnodontidae_Hypsiprymnodon_moschatus 0.0506504 0.0311482 0.0431874 0.0276984 0.0252973 0.1064860 0.0304715 0.0403081 0.0268296 0.0919844 0.0374825 0.1066714 0.1059397 0.0368791 0.0373712 0.1075953 0.1013144 0.1043839 0.0907891 0.0274206 0.0616829 0.1302305 0.1062477 0.0000000 0.0660810 0.0626598 0.0254462 0.0619410 0.0813202 0.0353041 0.0395131 0.0913942 0.1030486 0.0952182 0.1240341 
Microbiotheriidae_Dromiciops_gliroides       0.0528707 0.0301650 0.0472882 0.0631760 0.0610221 0.0879311 0.0350663 0.0460281 0.0626557 0.0833315 0.0493939 0.0891505 0.0867873 0.0456166 0.0469586 0.0891353 0.0838177 0.0905723 0.0826699 0.0614061 0.0621407 0.1040964 0.0876021 0.0660810 0.0000000 0.0635446 0.0600031 0.0641406 0.0897471 0.0485650 0.0472145 0.0790321 0.0863294 0.0849533 0.1018353 
Pseudochiridae_Petauroides_volans            0.0459384 0.0198643 0.0433240 0.0511080 0.0513121 0.0932794 0.0242998 0.0408574 0.0516541 0.0856050 0.0415126 0.0982402 0.0996363 0.0387408 0.0300337 0.0987158 0.0895104 0.0970061 0.0872693 0.0508615 0.0203645 0.1321756 0.0944761 0.0626598 0.0635446 0.0000000 0.0479541 0.0189665 0.0612966 0.0311997 0.0400281 0.0831831 0.0947396 0.0893804 0.1243598 
Macropodidae_Wallabia_bicolor                0.0396926 0.0213760 0.0387299 0.0075937 0.0071449 0.0995076 0.0250758 0.0354514 0.0073141 0.0891875 0.0356831 0.1018516 0.0991127 0.0334632 0.0300635 0.1041693 0.0942546 0.1007890 0.0878224 0.0040526 0.0538076 0.1252778 0.0972375 0.0254462 0.0600031 0.0479541 0.0000000 0.0523706 0.0706460 0.0331227 0.0338420 0.0878014 0.0959291 0.0924194 0.1195653 
Pseudochiridae_Pseudocheirus_occidentalis    0.0474536 0.0214203 0.0455207 0.0530198 0.0532198 0.1001031 0.0225370 0.0383499 0.0537997 0.0942305 0.0400322 0.0981369 0.1045143 0.0371994 0.0324817 0.0983424 0.0943234 0.1055664 0.0965157 0.0543513 0.0072011 0.1281109 0.0967364 0.0619410 0.0641406 0.0189665 0.0523706 0.0000000 0.0631286 0.0355140 0.0384593 0.0926628 0.0984865 0.0963259 0.1267160 
Tarsipedidae_Tarsipes_rostratus              0.0712719 0.0562616 0.0706241 0.0725100 0.0704673 0.1191966 0.0536014 0.0680777 0.0706800 0.1203678 0.0675951 0.1242405 0.1242973 0.0658983 0.0546232 0.1271986 0.1180970 0.1242913 0.1153776 0.0688506 0.0623853 0.1438141 0.1214475 0.0813202 0.0897471 0.0612966 0.0706460 0.0631286 0.0000000 0.0594799 0.0674912 0.1159708 0.1195626 0.1244336 0.1457384 
Acrobatidae_Distoechurus_pennatus            0.0272617 0.0186231 0.0267640 0.0322457 0.0308680 0.0811616 0.0178784 0.0252524 0.0320040 0.0731858 0.0253403 0.0780321 0.0835813 0.0240604 0.0110992 0.0824412 0.0735516 0.0782629 0.0731125 0.0338501 0.0336524 0.1056348 0.0773926 0.0353041 0.0485650 0.0311997 0.0331227 0.0355140 0.0594799 0.0000000 0.0256355 0.0727852 0.0807448 0.0768336 0.1003380 
Phalangeridae_Phalanger_carmelitae           0.0321049 0.0208144 0.0279548 0.0363109 0.0350479 0.0931508 0.0051149 0.0024498 0.0343096 0.0787262 0.0027071 0.0939419 0.0913614 0.0008417 0.0265431 0.0973746 0.0887632 0.0927162 0.0775311 0.0358602 0.0419473 0.1059871 0.0929434 0.0395131 0.0472145 0.0400281 0.0338420 0.0384593 0.0674912 0.0256355 0.0000000 0.0761302 0.0927422 0.0813257 0.0984578 
Peramelidae_Peroryctes_raffrayana            0.0814549 0.0378282 0.0697906 0.0872925 0.0869123 0.1058618 0.0670841 0.0763852 0.0912543 0.0052275 0.0804762 0.1040563 0.1054707 0.0745013 0.0682074 0.1054887 0.1010587 0.1085258 0.0056246 0.0922393 0.0922396 0.1279146 0.1036797 0.0913942 0.0790321 0.0831831 0.0878014 0.0926628 0.1159708 0.0727852 0.0761302 0.0000000 0.1037011 0.0060003 0.1232785 
Dasyuridae_Dasyurus_geffroii                 0.0888152 0.0446876 0.0813191 0.0982416 0.0972352 0.0024537 0.0716565 0.0917627 0.0968223 0.1078848 0.0897665 0.0103847 0.0131312 0.0911570 0.0772235 0.0111436 0.0026623 0.0151383 0.1048253 0.0968117 0.1038348 0.1368024 0.0093949 0.1030486 0.0863294 0.0947396 0.0959291 0.0984865 0.1195626 0.0807448 0.0927422 0.1037011 0.0000000 0.1112165 0.1461770 
Peramelidae_Perameles_gunnii                 0.0864666 0.0402357 0.0760641 0.0918378 0.0896586 0.1133318 0.0692562 0.0821543 0.0933024 0.0005568 0.0851109 0.1129001 0.1129849 0.0797707 0.0760209 0.1142195 0.1074378 0.1105696 0.0062432 0.0946354 0.0993071 0.1265102 0.1102668 0.0952182 0.0849533 0.0893804 0.0924194 0.0963259 0.1244336 0.0768336 0.0813257 0.0060003 0.1112165 0.0000000 0.1321571 
Didelphidae_Didelphis_virginiana             0.1084009 0.0414864 0.0955006 0.1261015 0.1231011 0.1468444 0.0845916 0.0964943 0.1260547 0.1281947 0.1011474 0.1393657 0.1414709 0.0997608 0.1074194 0.1426140 0.1450026 0.1481485 0.1279103 0.1194101 0.1239703 0.0206700 0.1436334 0.1240341 0.1018353 0.1243598 0.1195653 0.1267160 0.1457384 0.1003380 0.0984578 0.1232785 0.1461770 0.1321571 0.0000000 
