35
Burramyidae_Burramys_parvus                  0.0000000 0.0875521 0.0686680 0.0719388 0.0554536 0.0792722 0.0485867 0.0568914 0.0563161 0.1051831 0.0632510 0.0787492 0.0780975 0.0584641 0.0722478 0.0803112 0.0774205 0.0782574 0.1071257 0.0697542 0.0791105 0.0971500 0.0863718 0.0755406 0.0561397 0.0689135 0.0466295 0.0618953 0.0703675 0.0892627 0.0893496 0.0593434 0.1087841 0.0777452 0.1087355 
Notoryctidae_Notoryctes_typhlops             0.0875521 0.0000000 0.0693167 0.0861749 0.0766743 0.0702003 0.0609793 0.0695294 0.0774001 0.0937566 0.0771506 0.0677903 0.0686062 0.0727244 0.0885920 0.0700236 0.0663759 0.0712684 0.0916940 0.0840735 0.0868403 0.0870428 0.0847809 0.0710044 0.0772651 0.0708620 0.0716395 0.0786855 0.0795461 0.1005867 0.0974558 0.0731259 0.1045655 0.0694038 0.0941791 
Vombatidae_Lasiorhinus_latifrons             0.0686680 0.0693167 0.0000000 0.0656953 0.0571703 0.0643830 0.0509901 0.0569246 0.0603289 0.0834494 0.0629565 0.0649182 0.0620828 0.0576369 0.0687252 0.0649036 0.0598241 0.0641169 0.0869957 0.0641020 0.0709135 0.0808641 0.0804156 0.0687944 0.0596558 0.0649691 0.0559530 0.0650713 0.0610969 0.0805754 0.0755074 0.0559687 0.0954517 0.0646114 0.0891558 
Potoroidae_Bettongia_penicillata             0.0719388 0.0861749 0.0656953 0.0000000 0.0107479 0.0750057 0.0607128 0.0630701 0.0190931 0.0917452 0.0666188 0.0764339 0.0754526 0.0649346 0.0654814 0.0771533 0.0713724 0.0761094 0.0948005 0.0105188 0.0676139 0.0912404 0.0850957 0.0810587 0.0467565 0.0700715 0.0529822 0.0261205 0.0552270 0.0642780 0.0687294 0.0644185 0.0897256 0.0763282 0.1003915 
Potoroidae_Bettongia_lesueur                 0.0554536 0.0766743 0.0571703 0.0107479 0.0000000 0.0648413 0.0469225 0.0570786 0.0068366 0.0896126 0.0608829 0.0663356 0.0660255 0.0587332 0.0673081 0.0660900 0.0629010 0.0679310 0.0918265 0.0204477 0.0788574 0.0895408 0.0856203 0.0613169 0.0273364 0.0576526 0.0476713 0.0169532 0.0656190 0.0706222 0.0664074 0.0581917 0.0883801 0.0654274 0.0953956 
Dasyuridae_Dasyurus_maculatus                0.0792722 0.0702003 0.0643830 0.0750057 0.0648413 0.0000000 0.0594830 0.0666092 0.0709951 0.0851730 0.0722323 0.0096325 0.0112422 0.0674910 0.0829298 0.0104476 0.0055473 0.0132070 0.0889526 0.0746276 0.0840986 0.0753549 0.0733226 0.0186156 0.0703822 0.0685044 0.0649842 0.0767378 0.0725831 0.0918649 0.0915923 0.0673226 0.0927684 0.0031827 0.0918581 
Phalangeridae_Trichosurus_vulpecula          0.0485867 0.0609793 0.0509901 0.0607128 0.0469225 0.0594830 0.0000000 0.0241196 0.0471744 0.0866148 0.0310140 0.0593635 0.0575172 0.0246783 0.0669178 0.0610497 0.0570406 0.0576029 0.0850365 0.0588912 0.0662836 0.0802437 0.0794970 0.0640643 0.0467609 0.0589848 0.0430770 0.0511648 0.0615965 0.0789001 0.0743694 0.0248415 0.0902842 0.0599513 0.0908629 
Phalangeridae_Spilocuscus_maculatus          0.0568914 0.0695294 0.0569246 0.0630701 0.0570786 0.0666092 0.0241196 0.0000000 0.0590084 0.0927062 0.0135963 0.0662031 0.0637439 0.0085378 0.0658896 0.0692379 0.0636626 0.0652767 0.0932605 0.0622351 0.0676316 0.0885751 0.0877380 0.0719534 0.0580412 0.0710051 0.0525886 0.0619053 0.0577574 0.0822690 0.0770434 0.0085140 0.0982873 0.0664257 0.0967689 
Potoroidae_Aepyprymnus_rufescens             0.0563161 0.0774001 0.0603289 0.0190931 0.0068366 0.0709951 0.0471744 0.0590084 0.0000000 0.0943120 0.0648691 0.0714072 0.0714786 0.0607621 0.0667376 0.0730068 0.0674852 0.0718231 0.0969111 0.0280783 0.0747167 0.0898521 0.0817288 0.0682024 0.0309815 0.0562161 0.0443656 0.0170212 0.0630812 0.0780737 0.0794057 0.0599071 0.0934906 0.0712847 0.1013930 
Peramelidae_Perameles_nasuta                 0.1051831 0.0937566 0.0834494 0.0917452 0.0896126 0.0851730 0.0866148 0.0927062 0.0943120 0.0000000 0.1019558 0.0858704 0.0812895 0.0948232 0.0981380 0.0884263 0.0807051 0.0854700 0.0100681 0.0886560 0.0972790 0.1001148 0.1010589 0.0953707 0.0951904 0.0888994 0.0849757 0.0975604 0.0899353 0.1060701 0.1099788 0.0940612 0.0138926 0.0824030 0.0020433 
Phalangeridae_Strigocuscus_pelengensis       0.0632510 0.0771506 0.0629565 0.0666188 0.0608829 0.0722323 0.0310140 0.0135963 0.0648691 0.1019558 0.0000000 0.0710520 0.0689490 0.0133771 0.0719352 0.0738317 0.0709852 0.0689743 0.1030416 0.0644457 0.0711645 0.0904939 0.0905346 0.0792542 0.0618284 0.0751126 0.0571006 0.0684962 0.0628033 0.0814866 0.0812731 0.0133179 0.1073965 0.0732179 0.1055035 
Dasyuridae_Phascogale_tapoatafa              0.0787492 0.0677903 0.0649182 0.0764339 0.0663356 0.0096325 0.0593635 0.0662031 0.0714072 0.0858704 0.0710520 0.0000000 0.0108458 0.0669104 0.0835855 0.0013875 0.0090985 0.0128072 0.0875096 0.0782696 0.0859729 0.0744761 0.0732514 0.0126645 0.0699690 0.0670178 0.0660707 0.0781164 0.0751882 0.0925389 0.0918622 0.0666710 0.0923699 0.0094920 0.0911830 
Dasyuridae_Sminthopsis_macroura              0.0780975 0.0686062 0.0620828 0.0754526 0.0660255 0.0112422 0.0575172 0.0637439 0.0714786 0.0812895 0.0689490 0.0108458 0.0000000 0.0645724 0.0798984 0.0114954 0.0094961 0.0074702 0.0831019 0.0753665 0.0827138 0.0730849 0.0732555 0.0199782 0.0693754 0.0678458 0.0620539 0.0778379 0.0720839 0.0890277 0.0877945 0.0636150 0.0878108 0.0110578 0.0871560 
Phalangeridae_Phalanger_orientalis           0.0584641 0.0727244 0.0576369 0.0649346 0.0587332 0.0674910 0.0246783 0.0085378 0.0607621 0.0948232 0.0133771 0.0669104 0.0645724 0.0000000 0.0685402 0.0678974 0.0648998 0.0646683 0.0964209 0.0634388 0.0709128 0.0884253 0.0893674 0.0739539 0.0579400 0.0717505 0.0553124 0.0646831 0.0633854 0.0815277 0.0781558 0.0023341 0.1020255 0.0682702 0.1000103 
Acrobatidae_Acrobates_pygmaeus               0.0722478 0.0885920 0.0687252 0.0654814 0.0673081 0.0829298 0.0669178 0.0658896 0.0667376 0.0981380 0.0719352 0.0835855 0.0798984 0.0685402 0.0000000 0.0862101 0.0787460 0.0792194 0.1029738 0.0618272 0.0596802 0.0922032 0.0872170 0.0865803 0.0736995 0.0778592 0.0558936 0.0696630 0.0519536 0.0722115 0.0489067 0.0660869 0.1019778 0.0822253 0.1047644 
Dasyuridae_Phascogale_calura                 0.0803112 0.0700236 0.0649036 0.0771533 0.0660900 0.0104476 0.0610497 0.0692379 0.0730068 0.0884263 0.0738317 0.0013875 0.0114954 0.0678974 0.0862101 0.0000000 0.0098329 0.0130571 0.0913834 0.0796155 0.0895175 0.0787309 0.0760781 0.0138158 0.0711876 0.0698474 0.0686048 0.0790131 0.0777231 0.0954271 0.0917709 0.0673138 0.0939924 0.0105647 0.0947491 
Dasyuridae_Sarcophilus_harrisii              0.0774205 0.0663759 0.0598241 0.0713724 0.0629010 0.0055473 0.0570406 0.0636626 0.0674852 0.0807051 0.0709852 0.0090985 0.0094961 0.0648998 0.0787460 0.0098329 0.0000000 0.0125083 0.0841388 0.0719627 0.0815923 0.0723982 0.0734065 0.0171364 0.0680010 0.0657318 0.0625642 0.0731961 0.0710688 0.0903950 0.0884191 0.0646666 0.0895640 0.0052603 0.0869321 
Dasyuridae_Planigale_tenuirostris            0.0782574 0.0712684 0.0641169 0.0761094 0.0679310 0.0132070 0.0576029 0.0652767 0.0718231 0.0854700 0.0689743 0.0128072 0.0074702 0.0646683 0.0792194 0.0130571 0.0125083 0.0000000 0.0852190 0.0751586 0.0833745 0.0772210 0.0758228 0.0229418 0.0720767 0.0693479 0.0637728 0.0776852 0.0731725 0.0908696 0.0883296 0.0641078 0.0896693 0.0135744 0.0903833 
Peramelidae_Echymipera_kalubu                0.1071257 0.0916940 0.0869957 0.0948005 0.0918265 0.0889526 0.0850365 0.0932605 0.0969111 0.0100681 0.1030416 0.0875096 0.0831019 0.0964209 0.1029738 0.0913834 0.0841388 0.0852190 0.0000000 0.0894515 0.1025657 0.0981203 0.1020425 0.0974533 0.0959754 0.0899056 0.0894408 0.0983373 0.0943777 0.1085364 0.1092504 0.0954494 0.0137383 0.0863655 0.0125466 
Macropodidae_Dorcopsulus_vanheurni           0.0697542 0.0840735 0.0641020 0.0105188 0.0204477 0.0746276 0.0588912 0.0622351 0.0280783 0.0886560 0.0644457 0.0782696 0.0753665 0.0634388 0.0618272 0.0796155 0.0719627 0.0751586 0.0894515 0.0000000 0.0610094 0.0882531 0.0823171 0.0830768 0.0449438 0.0706863 0.0507327 0.0226449 0.0532790 0.0631183 0.0658430 0.0622436 0.0875447 0.0769598 0.0957472 
Pseudochiridae_Pseudochirulus_forbesi        0.0791105 0.0868403 0.0709135 0.0676139 0.0788574 0.0840986 0.0662836 0.0676316 0.0747167 0.0972790 0.0711645 0.0859729 0.0827138 0.0709128 0.0596802 0.0895175 0.0815923 0.0833745 0.1025657 0.0610094 0.0000000 0.0990353 0.0934409 0.0898515 0.0744628 0.0822251 0.0433824 0.0763450 0.0211599 0.0626949 0.0637029 0.0689836 0.0977313 0.0861349 0.1047759 
Didelphidae_Didelphis_virginiana             0.0971500 0.0870428 0.0808641 0.0912404 0.0895408 0.0753549 0.0802437 0.0885751 0.0898521 0.1001148 0.0904939 0.0744761 0.0730849 0.0884253 0.0922032 0.0787309 0.0723982 0.0772210 0.0981203 0.0882531 0.0990353 0.0000000 0.0247959 0.0812502 0.0915318 0.0825992 0.0861691 0.0928203 0.0933347 0.1006644 0.1022316 0.0867951 0.1050426 0.0749747 0.1036275 
Marmosidae_Monodelphis_domestica             0.0863718 0.0847809 0.0804156 0.0850957 0.0856203 0.0733226 0.0794970 0.0877380 0.0817288 0.1010589 0.0905346 0.0732514 0.0732555 0.0893674 0.0872170 0.0760781 0.0734065 0.0758228 0.1020425 0.0823171 0.0934409 0.0247959 0.0000000 0.0787533 0.0930424 0.0721280 0.0777733 0.0855571 0.0860472 0.0985214 0.0990504 0.0877498 0.1036855 0.0732726 0.1075742 
Dasyuridae_Antechinus_stuartii               0.0755406 0.0710044 0.0687944 0.0810587 0.0613169 0.0186156 0.0640643 0.0719534 0.0682024 0.0953707 0.0792542 0.0126645 0.0199782 0.0739539 0.0865803 0.0138158 0.0171364 0.0229418 0.0974533 0.0830768 0.0898515 0.0812502 0.0787533 0.0000000 0.0713042 0.0651487 0.0658102 0.0776938 0.0779424 0.0969276 0.0990573 0.0734164 0.0998872 0.0179039 0.1004562 
Hypsiprymnodontidae_Hypsiprymnodon_moschatus 0.0561397 0.0772651 0.0596558 0.0467565 0.0273364 0.0703822 0.0467609 0.0580412 0.0309815 0.0951904 0.0618284 0.0699690 0.0693754 0.0579400 0.0736995 0.0711876 0.0680010 0.0720767 0.0959754 0.0449438 0.0744628 0.0915318 0.0930424 0.0713042 0.0000000 0.0636978 0.0447403 0.0354679 0.0654114 0.0857995 0.0834268 0.0576109 0.0979975 0.0706310 0.1000649 
Microbiotheriidae_Dromiciops_gliroides       0.0689135 0.0708620 0.0649691 0.0700715 0.0576526 0.0685044 0.0589848 0.0710051 0.0562161 0.0888994 0.0751126 0.0670178 0.0678458 0.0717505 0.0778592 0.0698474 0.0657318 0.0693479 0.0899056 0.0706863 0.0822251 0.0825992 0.0721280 0.0651487 0.0636978 0.0000000 0.0591664 0.0598359 0.0698000 0.0857428 0.0993546 0.0694826 0.0916261 0.0663621 0.0929188 
Pseudochiridae_Petauroides_volans            0.0466295 0.0716395 0.0559530 0.0529822 0.0476713 0.0649842 0.0430770 0.0525886 0.0443656 0.0849757 0.0571006 0.0660707 0.0620539 0.0553124 0.0558936 0.0686048 0.0625642 0.0637728 0.0894408 0.0507327 0.0433824 0.0861691 0.0777733 0.0658102 0.0447403 0.0591664 0.0000000 0.0500173 0.0347469 0.0573161 0.0563947 0.0547538 0.0829399 0.0642967 0.0917737 
Macropodidae_Wallabia_bicolor                0.0618953 0.0786855 0.0650713 0.0261205 0.0169532 0.0767378 0.0511648 0.0619053 0.0170212 0.0975604 0.0684962 0.0781164 0.0778379 0.0646831 0.0696630 0.0790131 0.0731961 0.0776852 0.0983373 0.0226449 0.0763450 0.0928203 0.0855571 0.0776938 0.0354679 0.0598359 0.0500173 0.0000000 0.0669061 0.0853245 0.0852450 0.0641731 0.0966555 0.0771953 0.1034410 
Pseudochiridae_Pseudocheirus_occidentalis    0.0703675 0.0795461 0.0610969 0.0552270 0.0656190 0.0725831 0.0615965 0.0577574 0.0630812 0.0899353 0.0628033 0.0751882 0.0720839 0.0633854 0.0519536 0.0777231 0.0710688 0.0731725 0.0943777 0.0532790 0.0211599 0.0933347 0.0860472 0.0779424 0.0654114 0.0698000 0.0347469 0.0669061 0.0000000 0.0534648 0.0538603 0.0607190 0.0918131 0.0747072 0.0987442 
Tarsipedidae_Tarsipes_rostratus              0.0892627 0.1005867 0.0805754 0.0642780 0.0706222 0.0918649 0.0789001 0.0822690 0.0780737 0.1060701 0.0814866 0.0925389 0.0890277 0.0815277 0.0722115 0.0954271 0.0903950 0.0908696 0.1085364 0.0631183 0.0626949 0.1006644 0.0985214 0.0969276 0.0857995 0.0857428 0.0573161 0.0853245 0.0534648 0.0000000 0.0676471 0.0795590 0.1027154 0.0907577 0.1123396 
Acrobatidae_Distoechurus_pennatus            0.0893496 0.0974558 0.0755074 0.0687294 0.0664074 0.0915923 0.0743694 0.0770434 0.0794057 0.1099788 0.0812731 0.0918622 0.0877945 0.0781558 0.0489067 0.0917709 0.0884191 0.0883296 0.1092504 0.0658430 0.0637029 0.1022316 0.0990504 0.0990573 0.0834268 0.0993546 0.0563947 0.0852450 0.0538603 0.0676471 0.0000000 0.0761099 0.1156847 0.0906436 0.1142895 
Phalangeridae_Phalanger_carmelitae           0.0593434 0.0731259 0.0559687 0.0644185 0.0581917 0.0673226 0.0248415 0.0085140 0.0599071 0.0940612 0.0133179 0.0666710 0.0636150 0.0023341 0.0660869 0.0673138 0.0646666 0.0641078 0.0954494 0.0622436 0.0689836 0.0867951 0.0877498 0.0734164 0.0576109 0.0694826 0.0547538 0.0641731 0.0607190 0.0795590 0.0761099 0.0000000 0.1011654 0.0680257 0.0994817 
Peramelidae_Peroryctes_raffrayana            0.1087841 0.1045655 0.0954517 0.0897256 0.0883801 0.0927684 0.0902842 0.0982873 0.0934906 0.0138926 0.1073965 0.0923699 0.0878108 0.1020255 0.1019778 0.0939924 0.0895640 0.0896693 0.0137383 0.0875447 0.0977313 0.1050426 0.1036855 0.0998872 0.0979975 0.0916261 0.0829399 0.0966555 0.0918131 0.1027154 0.1156847 0.1011654 0.0000000 0.0895804 0.0171295 
Dasyuridae_Dasyurus_geffroii                 0.0777452 0.0694038 0.0646114 0.0763282 0.0654274 0.0031827 0.0599513 0.0664257 0.0712847 0.0824030 0.0732179 0.0094920 0.0110578 0.0682702 0.0822253 0.0105647 0.0052603 0.0135744 0.0863655 0.0769598 0.0861349 0.0749747 0.0732726 0.0179039 0.0706310 0.0663621 0.0642967 0.0771953 0.0747072 0.0907577 0.0906436 0.0680257 0.0895804 0.0000000 0.0891779 
Peramelidae_Perameles_gunnii                 0.1087355 0.0941791 0.0891558 0.1003915 0.0953956 0.0918581 0.0908629 0.0967689 0.1013930 0.0020433 0.1055035 0.0911830 0.0871560 0.1000103 0.1047644 0.0947491 0.0869321 0.0903833 0.0125466 0.0957472 0.1047759 0.1036275 0.1075742 0.1004562 0.1000649 0.0929188 0.0917737 0.1034410 0.0987442 0.1123396 0.1142895 0.0994817 0.0171295 0.0891779 0.0000000 
