39
Peramelidae_Isoodon_obesulus1                0.0000000 0.1099717 0.1396080 0.1191508 0.1133260 0.1187474 0.1263893 0.1059690 0.1509561 0.1407391 0.0038481 0.1513287 0.1433675 0.1411208 0.1455965 0.1285624 0.1329727 0.1368512 0.1526271 0.0119239 0.1121737 0.1431283 0.1307518 0.1340425 0.1315900 0.1089388 0.1071129 0.1194960 0.1137158 0.1518171 0.1535195 0.1282094 0.1455965 0.0000010 0.0182168 0.1316326 0.0025013 9.0000000 9.0000000 
Burramyidae_Burramys_parvus                  0.1099717 0.0000000 0.0678698 0.0528803 0.0493241 0.0491917 0.0638702 0.0373100 0.0412033 0.0546302 0.1261051 0.0469630 0.0627058 0.0658214 0.0515750 0.0546793 0.0612952 0.0647613 0.0606080 0.1228663 0.0458516 0.0590065 0.0824709 0.0844649 0.0601174 0.0473932 0.0535008 0.0334707 0.0445119 0.0390204 0.0400345 0.0521015 0.0515326 0.1099717 0.0606030 0.0643250 0.1300734 0.0952527 0.0952527 
Notoryctidae_Notoryctes_typhlops             0.1396080 0.0678698 0.0000000 0.0752117 0.0716118 0.0729597 0.0788752 0.0663928 0.0704810 0.0767850 0.1327342 0.0761200 0.0770003 0.0796379 0.0761307 0.0741684 0.0751278 0.0802132 0.0696242 0.1299614 0.0700179 0.0831036 0.0917321 0.0942834 0.0700670 0.0727777 0.0630957 0.0513041 0.0697205 0.0669989 0.0559569 0.0769174 0.0805707 0.1396080 0.0803532 0.0779854 0.1364686 0.1347246 0.1347246 
Vombatidae_Lasiorhinus_latifrons             0.1191508 0.0528803 0.0752117 0.0000000 0.0634996 0.0635553 0.0760855 0.0521237 0.0555235 0.0681745 0.1328200 0.0595184 0.0734081 0.0742517 0.0659434 0.0657641 0.0719062 0.0771265 0.0692230 0.1304527 0.0617274 0.0744456 0.0886845 0.0895102 0.0709916 0.0601483 0.0608999 0.0347880 0.0603214 0.0418232 0.0396298 0.0659585 0.0663943 0.1191508 0.0665162 0.0747116 0.1362457 0.1036648 0.1036648 
Potoroidae_Bettongia_penicillata             0.1133260 0.0493241 0.0716118 0.0634996 0.0000000 0.0029822 0.0706605 0.0515944 0.0555365 0.0122181 0.1296487 0.0616997 0.0721679 0.0735396 0.0646847 0.0625036 0.0696252 0.0708428 0.0658388 0.1259756 0.0164031 0.0679679 0.0855217 0.0902801 0.0675121 0.0355237 0.0589858 0.0443274 0.0153370 0.0465153 0.0455435 0.0623237 0.0666565 0.1133260 0.0715879 0.0703460 0.1326158 0.1095404 0.1095404 
Potoroidae_Bettongia_lesueur                 0.1187474 0.0491917 0.0729597 0.0635553 0.0029822 0.0000000 0.0720864 0.0520371 0.0557652 0.0119013 0.1313638 0.0622409 0.0725230 0.0740646 0.0648747 0.0632534 0.0703458 0.0722717 0.0670129 0.1276359 0.0164188 0.0684128 0.0867679 0.0915206 0.0686441 0.0359297 0.0592232 0.0452077 0.0150054 0.0475623 0.0470868 0.0636316 0.0668718 0.1187474 0.0742695 0.0710352 0.1342936 0.1077087 0.1077087 
Dasyuridae_Dasyurus_maculatus                0.1263893 0.0638702 0.0788752 0.0760855 0.0706605 0.0720864 0.0000000 0.0638856 0.0699503 0.0737827 0.1370721 0.0743991 0.0158157 0.0194916 0.0796190 0.0786199 0.0160778 0.0047275 0.0193297 0.1347002 0.0695691 0.0806292 0.0915229 0.0894924 0.0156803 0.0718548 0.0671022 0.0589511 0.0682758 0.0617202 0.0593522 0.0748857 0.0803844 0.1263893 0.0779359 0.0025467 0.1399706 0.0489498 0.0489498 
Phalangeridae_Trichosurus_vulpecula          0.1059690 0.0373100 0.0663928 0.0521237 0.0515944 0.0520371 0.0638856 0.0000000 0.0176810 0.0538910 0.1213060 0.0212259 0.0602196 0.0638719 0.0265644 0.0522169 0.0603151 0.0644655 0.0586608 0.1182936 0.0505685 0.0589924 0.0798804 0.0842092 0.0569953 0.0482748 0.0535152 0.0305560 0.0481314 0.0395574 0.0367514 0.0510876 0.0259715 0.1059690 0.0646325 0.0628676 0.1247568 0.0910338 0.0910338 
Phalangeridae_Spilocuscus_maculatus          0.1509561 0.0412033 0.0704810 0.0555235 0.0555365 0.0557652 0.0699503 0.0176810 0.0000000 0.0585631 0.1311532 0.0117078 0.0673992 0.0687842 0.0190024 0.0566860 0.0662333 0.0703084 0.0640971 0.1276359 0.0535562 0.0628774 0.0849500 0.0882907 0.0635745 0.0521815 0.0571639 0.0370454 0.0508717 0.0425850 0.0417247 0.0560642 0.0154158 0.1509561 0.0745975 0.0684311 0.1342643 0.0878943 0.0878943 
Potoroidae_Aepyprymnus_rufescens             0.1407391 0.0546302 0.0767850 0.0681745 0.0122181 0.0119013 0.0737827 0.0538910 0.0585631 0.0000000 0.1348603 0.0645417 0.0752428 0.0757681 0.0676237 0.0674347 0.0729144 0.0742066 0.0681209 0.1316983 0.0206385 0.0705435 0.0925263 0.0952484 0.0699006 0.0399465 0.0647434 0.0515674 0.0195531 0.0524755 0.0526868 0.0670272 0.0705561 0.1407391 0.0793760 0.0733879 0.1376754 0.1230056 0.1230056 
Peramelidae_Perameles_nasuta                 0.0038481 0.1261051 0.1327342 0.1328200 0.1296487 0.1313638 0.1370721 0.1213060 0.1311532 0.1348603 0.0000000 0.1415921 0.1344813 0.1362784 0.1398674 0.1344733 0.1315687 0.1385561 0.1342684 0.0159685 0.1310023 0.1370674 0.1421884 0.1436446 0.1257758 0.1316874 0.1163175 0.0611955 0.1304200 0.0702911 0.0622923 0.1357510 0.1447829 0.0038481 0.0119227 0.1366910 0.0011977 0.1263461 0.1263461 
Phalangeridae_Strigocuscus_pelengensis       0.1513287 0.0469630 0.0761200 0.0595184 0.0616997 0.0622409 0.0743991 0.0212259 0.0117078 0.0645417 0.1415921 0.0000000 0.0719427 0.0729030 0.0182786 0.0628761 0.0710541 0.0747919 0.0709903 0.1387717 0.0599389 0.0702583 0.0939190 0.0976349 0.0698762 0.0570441 0.0633211 0.0459414 0.0568687 0.0494395 0.0479208 0.0617986 0.0159907 0.1513287 0.0791777 0.0738211 0.1448791 0.0713107 0.0713107 
Dasyuridae_Phascogale_tapoatafa              0.1433675 0.0627058 0.0770003 0.0734081 0.0721679 0.0725230 0.0158157 0.0602196 0.0673992 0.0752428 0.1344813 0.0719427 0.0000000 0.0197510 0.0767841 0.0757147 0.0037632 0.0171809 0.0189402 0.1314124 0.0697475 0.0776291 0.0887805 0.0877178 0.0079519 0.0706260 0.0653027 0.0531445 0.0684919 0.0596908 0.0551684 0.0710329 0.0774771 0.1433675 0.0736640 0.0161530 0.1378822 0.0419820 0.0419820 
Dasyuridae_Sminthopsis_macroura              0.1411208 0.0658214 0.0796379 0.0742517 0.0735396 0.0740646 0.0194916 0.0638719 0.0687842 0.0757681 0.1362784 0.0729030 0.0197510 0.0000000 0.0783923 0.0780975 0.0192563 0.0205122 0.0180574 0.1342764 0.0717844 0.0803756 0.0910040 0.0868833 0.0198537 0.0726155 0.0644100 0.0599945 0.0696059 0.0629364 0.0584255 0.0732978 0.0789727 0.1411208 0.0797935 0.0184398 0.1404130 0.0489453 0.0489453 
Phalangeridae_Phalanger_orientalis           0.1455965 0.0515750 0.0761307 0.0659434 0.0646847 0.0648747 0.0796190 0.0265644 0.0190024 0.0676237 0.1398674 0.0182786 0.0767841 0.0783923 0.0000000 0.0630112 0.0760757 0.0790291 0.0767277 0.1383961 0.0627634 0.0712842 0.0997265 0.0976130 0.0763546 0.0623939 0.0667917 0.0529186 0.0601987 0.0582563 0.0646128 0.0645536 0.0173697 0.1455965 0.0858061 0.0782216 0.1428611 0.0707519 0.0707519 
Acrobatidae_Acrobates_pygmaeus               0.1285624 0.0546793 0.0741684 0.0657641 0.0625036 0.0632534 0.0786199 0.0522169 0.0566860 0.0674347 0.1344733 0.0628761 0.0757147 0.0780975 0.0630112 0.0000000 0.0751225 0.0792196 0.0694179 0.1320082 0.0592425 0.0587761 0.0918652 0.0944321 0.0707535 0.0613555 0.0642923 0.0262328 0.0593551 0.0407109 0.0341853 0.0357189 0.0664283 0.1285624 0.0696932 0.0775665 0.1383951 0.1111967 0.1111967 
Dasyuridae_Phascogale_calura                 0.1329727 0.0612952 0.0751278 0.0719062 0.0696252 0.0703458 0.0160778 0.0603151 0.0662333 0.0729144 0.1315687 0.0710541 0.0037632 0.0192563 0.0760757 0.0751225 0.0000000 0.0174298 0.0184243 0.1288993 0.0678413 0.0762743 0.0856960 0.0861531 0.0076802 0.0685097 0.0628958 0.0517538 0.0670637 0.0566474 0.0527382 0.0709498 0.0763121 0.1329727 0.0716095 0.0153876 0.1343587 0.0442649 0.0442649 
Dasyuridae_Sarcophilus_harrisii              0.1368512 0.0647613 0.0802132 0.0771265 0.0708428 0.0722717 0.0047275 0.0644655 0.0703084 0.0742066 0.1385561 0.0747919 0.0171809 0.0205122 0.0790291 0.0792196 0.0174298 0.0000000 0.0193383 0.1360673 0.0697640 0.0802374 0.0905847 0.0893185 0.0163806 0.0722744 0.0677599 0.0631538 0.0684797 0.0627312 0.0619466 0.0751380 0.0804613 0.1368512 0.0802767 0.0053258 0.1417102 0.0510511 0.0510511 
Dasyuridae_Planigale_tenuirostris            0.1526271 0.0606080 0.0696242 0.0692230 0.0658388 0.0670129 0.0193297 0.0586608 0.0640971 0.0681209 0.1342684 0.0709903 0.0189402 0.0180574 0.0767277 0.0694179 0.0184243 0.0193383 0.0000000 0.1321819 0.0643938 0.0736201 0.0887303 0.0831151 0.0198857 0.0651442 0.0612183 0.0489410 0.0633759 0.0532184 0.0600320 0.0695105 0.0749607 0.1526271 0.0660504 0.0187653 0.1367227 0.0363199 0.0363199 
Peramelidae_Echymipera_kalubu                0.0119239 0.1228663 0.1299614 0.1304527 0.1259756 0.1276359 0.1347002 0.1182936 0.1276359 0.1316983 0.0159685 0.1387717 0.1314124 0.1342764 0.1383961 0.1320082 0.1288993 0.1360673 0.1321819 0.0000000 0.1278173 0.1357469 0.1429554 0.1438249 0.1254516 0.1289577 0.1195345 0.0603388 0.1270020 0.0702818 0.0618771 0.1335181 0.1405058 0.0119239 0.0119017 0.1346220 0.0160214 0.1367545 0.1367545 
Macropodidae_Dorcopsulus_vanheurni           0.1121737 0.0458516 0.0700179 0.0617274 0.0164031 0.0164188 0.0695691 0.0505685 0.0535562 0.0206385 0.1310023 0.0599389 0.0697475 0.0717844 0.0627634 0.0592425 0.0678413 0.0697640 0.0643938 0.1278173 0.0000000 0.0651732 0.0870340 0.0916747 0.0658106 0.0331816 0.0576159 0.0441734 0.0085475 0.0453235 0.0450202 0.0601286 0.0656798 0.1121737 0.0765383 0.0689675 0.1338515 0.1107277 0.1107277 
Pseudochiridae_Pseudochirulus_forbesi        0.1431283 0.0590065 0.0831036 0.0744456 0.0679679 0.0684128 0.0806292 0.0589924 0.0628774 0.0705435 0.1370674 0.0702583 0.0776291 0.0803756 0.0712842 0.0587761 0.0762743 0.0802374 0.0736201 0.1357469 0.0651732 0.0000000 0.0952310 0.0999528 0.0720054 0.0645731 0.0721075 0.0193902 0.0634932 0.0117926 0.0354418 0.0606071 0.0743430 0.1431283 0.0745735 0.0793777 0.1409308 0.1347281 0.1347281 
Didelphidae_Didelphis_virginiana             0.1307518 0.0824709 0.0917321 0.0886845 0.0855217 0.0867679 0.0915229 0.0798804 0.0849500 0.0925263 0.1421884 0.0939190 0.0887805 0.0910040 0.0997265 0.0918652 0.0856960 0.0905847 0.0887303 0.1429554 0.0870340 0.0952310 0.0000000 0.0309881 0.0897758 0.0868731 0.0771079 0.0467094 0.0852797 0.0530018 0.0579583 0.0914201 0.0988127 0.1307518 0.0616553 0.0889737 0.1484790 0.1193650 0.1193650 
Marmosidae_Monodelphis_domestica             0.1340425 0.0844649 0.0942834 0.0895102 0.0902801 0.0915206 0.0894924 0.0842092 0.0882907 0.0952484 0.1436446 0.0976349 0.0877178 0.0868833 0.0976130 0.0944321 0.0861531 0.0893185 0.0831151 0.1438249 0.0916747 0.0999528 0.0309881 0.0000000 0.0842098 0.0889152 0.0801430 0.0627855 0.0903251 0.0705627 0.0603907 0.0934410 0.1010864 0.1340425 0.0809122 0.0872221 0.1506444 0.1394138 0.1394138 
Dasyuridae_Antechinus_stuartii               0.1315900 0.0601174 0.0700670 0.0709916 0.0675121 0.0686441 0.0156803 0.0569953 0.0635745 0.0699006 0.1257758 0.0698762 0.0079519 0.0198537 0.0763546 0.0707535 0.0076802 0.0163806 0.0198857 0.1254516 0.0658106 0.0720054 0.0897758 0.0842098 0.0000000 0.0668093 0.0611141 0.0438609 0.0643267 0.0470790 0.0537158 0.0692459 0.0736944 0.1315900 0.0553313 0.0146172 0.1287435 0.0299023 0.0299023 
Hypsiprymnodontidae_Hypsiprymnodon_moschatus 0.1089388 0.0473932 0.0727777 0.0601483 0.0355237 0.0359297 0.0718548 0.0482748 0.0521815 0.0399465 0.1316874 0.0570441 0.0706260 0.0726155 0.0623939 0.0613555 0.0685097 0.0722744 0.0651442 0.1289577 0.0331816 0.0645731 0.0868731 0.0889152 0.0668093 0.0000000 0.0585103 0.0423955 0.0322190 0.0466417 0.0432749 0.0594681 0.0640688 0.1089388 0.0787762 0.0705840 0.1345875 0.1140099 0.1140099 
Microbiotheriidae_Dromiciops_gliroides       0.1071129 0.0535008 0.0630957 0.0608999 0.0589858 0.0592232 0.0671022 0.0535152 0.0571639 0.0647434 0.1163175 0.0633211 0.0653027 0.0644100 0.0667917 0.0642923 0.0628958 0.0677599 0.0612183 0.1195345 0.0576159 0.0721075 0.0771079 0.0801430 0.0611141 0.0585103 0.0000000 0.0388554 0.0566139 0.0454482 0.0453187 0.0608072 0.0686724 0.1071129 0.0615536 0.0662907 0.1212181 0.0906635 0.0906635 
Pseudochiridae_Petauroides_volans            0.1194960 0.0334707 0.0513041 0.0347880 0.0443274 0.0452077 0.0589511 0.0305560 0.0370454 0.0515674 0.0611955 0.0459414 0.0531445 0.0599945 0.0529186 0.0262328 0.0517538 0.0631538 0.0489410 0.0603388 0.0441734 0.0193902 0.0467094 0.0627855 0.0438609 0.0423955 0.0388554 0.0000000 0.0408461 0.0210991 0.0306456 0.0337007 0.0569095 0.1194960 0.0608150 0.0588250 0.0600804 0.1069856 0.1069856 
Macropodidae_Wallabia_bicolor                0.1137158 0.0445119 0.0697205 0.0603214 0.0153370 0.0150054 0.0682758 0.0481314 0.0508717 0.0195531 0.1304200 0.0568687 0.0684919 0.0696059 0.0601987 0.0593551 0.0670637 0.0684797 0.0633759 0.1270020 0.0085475 0.0634932 0.0852797 0.0903251 0.0643267 0.0322190 0.0566139 0.0408461 0.0000000 0.0432205 0.0450785 0.0580288 0.0623120 0.1137158 0.0740528 0.0679135 0.1335485 0.1080329 0.1080329 
Pseudochiridae_Pseudocheirus_occidentalis    0.1518171 0.0390204 0.0669989 0.0418232 0.0465153 0.0475623 0.0617202 0.0395574 0.0425850 0.0524755 0.0702911 0.0494395 0.0596908 0.0629364 0.0582563 0.0407109 0.0566474 0.0627312 0.0532184 0.0702818 0.0453235 0.0117926 0.0530018 0.0705627 0.0470790 0.0466417 0.0454482 0.0210991 0.0432205 0.0000000 0.0341408 0.0355439 0.0630800 0.1518171 0.0690603 0.0631763 0.0701965 0.1277254 0.1277254 
Tarsipedidae_Tarsipes_rostratus              0.1535195 0.0400345 0.0559569 0.0396298 0.0455435 0.0470868 0.0593522 0.0367514 0.0417247 0.0526868 0.0622923 0.0479208 0.0551684 0.0584255 0.0646128 0.0341853 0.0527382 0.0619466 0.0600320 0.0618771 0.0450202 0.0354418 0.0579583 0.0603907 0.0537158 0.0432749 0.0453187 0.0306456 0.0450785 0.0341408 0.0000000 0.0373166 0.0631449 0.1535195 0.0613482 0.0572639 0.0615604 0.0883434 0.0883434 
Acrobatidae_Distoechurus_pennatus            0.1282094 0.0521015 0.0769174 0.0659585 0.0623237 0.0636316 0.0748857 0.0510876 0.0560642 0.0670272 0.1357510 0.0617986 0.0710329 0.0732978 0.0645536 0.0357189 0.0709498 0.0751380 0.0695105 0.1335181 0.0601286 0.0606071 0.0914201 0.0934410 0.0692459 0.0594681 0.0608072 0.0337007 0.0580288 0.0355439 0.0373166 0.0000000 0.0670073 0.1282094 0.0694837 0.0738901 0.1403405 0.1000648 0.1000648 
Phalangeridae_Phalanger_carmelitae           0.1455965 0.0515326 0.0805707 0.0663943 0.0666565 0.0668718 0.0803844 0.0259715 0.0154158 0.0705561 0.1447829 0.0159907 0.0774771 0.0789727 0.0173697 0.0664283 0.0763121 0.0804613 0.0749607 0.1405058 0.0656798 0.0743430 0.0988127 0.1010864 0.0736944 0.0640688 0.0686724 0.0569095 0.0623120 0.0630800 0.0631449 0.0670073 0.0000000 0.1455965 0.0971782 0.0788033 0.1484055 0.0929048 0.0929048 
Peramelidae_Isoodon_obesulus2                0.0000010 0.1099717 0.1396080 0.1191508 0.1133260 0.1187474 0.1263893 0.1059690 0.1509561 0.1407391 0.0038481 0.1513287 0.1433675 0.1411208 0.1455965 0.1285624 0.1329727 0.1368512 0.1526271 0.0119239 0.1121737 0.1431283 0.1307518 0.1340425 0.1315900 0.1089388 0.1071129 0.1194960 0.1137158 0.1518171 0.1535195 0.1282094 0.1455965 0.0000000 0.0182168 0.1316326 0.0025013 9.0000000 9.0000000 
Peramelidae_Peroryctes_raffrayana            0.0182168 0.0606030 0.0803532 0.0665162 0.0715879 0.0742695 0.0779359 0.0646325 0.0745975 0.0793760 0.0119227 0.0791777 0.0736640 0.0797935 0.0858061 0.0696932 0.0716095 0.0802767 0.0660504 0.0119017 0.0765383 0.0745735 0.0616553 0.0809122 0.0553313 0.0787762 0.0615536 0.0608150 0.0740528 0.0690603 0.0613482 0.0694837 0.0971782 0.0182168 0.0000000 0.0786004 0.0106954 0.1350241 0.1350241 
Dasyuridae_Dasyurus_geffroii                 0.1316326 0.0643250 0.0779854 0.0747116 0.0703460 0.0710352 0.0025467 0.0628676 0.0684311 0.0733879 0.1366910 0.0738211 0.0161530 0.0184398 0.0782216 0.0775665 0.0153876 0.0053258 0.0187653 0.1346220 0.0689675 0.0793777 0.0889737 0.0872221 0.0146172 0.0705840 0.0662907 0.0588250 0.0679135 0.0631763 0.0572639 0.0738901 0.0788033 0.1316326 0.0786004 0.0000000 0.1399218 0.0513064 0.0513064 
Peramelidae_Perameles_gunnii                 0.0025013 0.1300734 0.1364686 0.1362457 0.1326158 0.1342936 0.1399706 0.1247568 0.1342643 0.1376754 0.0011977 0.1448791 0.1378822 0.1404130 0.1428611 0.1383951 0.1343587 0.1417102 0.1367227 0.0160214 0.1338515 0.1409308 0.1484790 0.1506444 0.1287435 0.1345875 0.1212181 0.0600804 0.1335485 0.0701965 0.0615604 0.1403405 0.1484055 0.0025013 0.0106954 0.1399218 0.0000000 0.1255906 0.1255906 
Myrmecobiidae_Myrmecobius_fasciatus1         9.0000000 0.0952527 0.1347246 0.1036648 0.1095404 0.1077087 0.0489498 0.0910338 0.0878943 0.1230056 0.1263461 0.0713107 0.0419820 0.0489453 0.0707519 0.1111967 0.0442649 0.0510511 0.0363199 0.1367545 0.1107277 0.1347281 0.1193650 0.1394138 0.0299023 0.1140099 0.0906635 0.1069856 0.1080329 0.1277254 0.0883434 0.1000648 0.0929048 9.0000000 0.1350241 0.0513064 0.1255906 0.0000000 0.0000010 
Myrmecobiidae_Myrmecobius_fasciatus2         9.0000000 0.0952527 0.1347246 0.1036648 0.1095404 0.1077087 0.0489498 0.0910338 0.0878943 0.1230056 0.1263461 0.0713107 0.0419820 0.0489453 0.0707519 0.1111967 0.0442649 0.0510511 0.0363199 0.1367545 0.1107277 0.1347281 0.1193650 0.1394138 0.0299023 0.1140099 0.0906635 0.1069856 0.1080329 0.1277254 0.0883434 0.1000648 0.0929048 9.0000000 0.1350241 0.0513064 0.1255906 0.0000010 0.0000000 
