37
Burramyidae_Burramys_parvus                  0.0000000 0.0856224 0.0625059 0.0682797 0.0646001 0.0749317 0.0506781 0.0451249 0.0674057 0.0876025 0.0476880 0.0721096 0.0713577 0.0485680 0.0629470 0.0699722 0.0735966 0.0738437 0.1023954 0.0634762 0.0606478 0.0828037 0.0845745 0.0675525 0.0692023 0.0681074 0.0640547 0.0596866 0.0524885 0.0900984 0.0767284 0.0472847 0.0845339 0.0776673 0.0865086 0.1030883 0.1030883 
Notoryctidae_Notoryctes_typhlops             0.0856224 0.0000000 0.0792024 0.1181875 0.1122948 0.0898993 0.0965491 0.1047214 0.1141722 0.0922306 0.0983377 0.0885556 0.0873040 0.1011913 0.1109455 0.0873484 0.0903430 0.0879585 0.1059546 0.1135082 0.0942618 0.0980430 0.0985970 0.0816854 0.1129380 0.0725132 0.1100853 0.1080570 0.0935024 0.1261613 0.1180596 0.1008523 0.0955423 0.0915184 0.0949526 0.1734035 0.1734035 
Vombatidae_Lasiorhinus_latifrons             0.0625059 0.0792024 0.0000000 0.0916842 0.0877508 0.0818756 0.0746048 0.0703301 0.0850131 0.0891980 0.0742160 0.0830632 0.0806426 0.0746509 0.0807666 0.0821784 0.0821761 0.0811681 0.1039774 0.0871745 0.0755067 0.0859748 0.0884118 0.0785376 0.0935486 0.0689672 0.0869061 0.0837409 0.0691227 0.1180968 0.0920555 0.0740499 0.0831235 0.0828798 0.0894725 0.1275878 0.1275878 
Potoroidae_Bettongia_penicillata             0.0682797 0.1181875 0.0916842 0.0000000 0.0051974 0.1052912 0.0840895 0.0763779 0.0149869 0.1218290 0.0821438 0.1018669 0.1049255 0.0815914 0.0862207 0.0998364 0.1042843 0.1060439 0.1294602 0.0224878 0.0823545 0.1114225 0.1138799 0.0976117 0.0452534 0.0892827 0.0814924 0.0223735 0.0719181 0.1161102 0.0973887 0.0806799 0.1136978 0.1083308 0.1179664 0.1402263 0.1402263 
Potoroidae_Bettongia_lesueur                 0.0646001 0.1122948 0.0877508 0.0051974 0.0000000 0.1025666 0.0808381 0.0730481 0.0134521 0.1174029 0.0787163 0.0991391 0.1022555 0.0776991 0.0829203 0.0972001 0.1016206 0.1045267 0.1251166 0.0208887 0.0771596 0.1072620 0.1096916 0.0949856 0.0434408 0.0866293 0.0793937 0.0207482 0.0684235 0.1097023 0.0933719 0.0768594 0.1099365 0.1069167 0.1149848 0.1314797 0.1314797 
Dasyuridae_Dasyurus_maculatus                0.0749317 0.0898993 0.0818756 0.1052912 0.1025666 0.0000000 0.0943828 0.0851454 0.1036434 0.0907643 0.0930256 0.0191502 0.0246231 0.0967636 0.1014316 0.0182748 0.0053632 0.0246553 0.1051575 0.1041308 0.0929350 0.0915944 0.0914843 0.0144175 0.1055776 0.0648579 0.1081097 0.0992209 0.0817972 0.1297335 0.1086017 0.0964492 0.0822629 0.0069598 0.0910366 0.0525824 0.0525824 
Phalangeridae_Trichosurus_vulpecula          0.0506781 0.0965491 0.0746048 0.0840895 0.0808381 0.0943828 0.0000000 0.0459193 0.0837035 0.1050203 0.0401481 0.0921871 0.0860543 0.0499238 0.0718177 0.0886273 0.0936871 0.0865634 0.1203577 0.0802353 0.0711266 0.0958704 0.0976712 0.0863822 0.0855058 0.0741777 0.0762643 0.0752196 0.0649184 0.1113489 0.0875083 0.0475176 0.1005413 0.0970045 0.1020762 0.0963302 0.0963302 
Phalangeridae_Spilocuscus_maculatus          0.0451249 0.1047214 0.0703301 0.0763779 0.0730481 0.0851454 0.0459193 0.0000000 0.0760719 0.1027346 0.0220495 0.0857452 0.0826759 0.0124592 0.0680542 0.0846353 0.0853144 0.0852078 0.1192036 0.0743381 0.0673033 0.0918536 0.0935483 0.0811272 0.0767196 0.0707772 0.0682834 0.0681684 0.0617543 0.0972460 0.0770085 0.0112187 0.0956914 0.0844229 0.0910097 0.0976604 0.0976604 
Potoroidae_Aepyprymnus_rufescens             0.0674057 0.1141722 0.0850131 0.0149869 0.0134521 0.1036434 0.0837035 0.0760719 0.0000000 0.1200778 0.0819540 0.1005668 0.1032927 0.0801072 0.0845573 0.0987001 0.1020113 0.1049912 0.1270895 0.0229115 0.0784262 0.1084026 0.1127464 0.0964889 0.0466958 0.0883395 0.0787551 0.0217551 0.0673529 0.1129975 0.0981228 0.0806151 0.1087478 0.1073131 0.1144278 0.1392966 0.1392966 
Peramelidae_Perameles_nasuta                 0.0876025 0.0922306 0.0891980 0.1218290 0.1174029 0.0907643 0.1050203 0.1027346 0.1200778 0.0000000 0.0967443 0.0867445 0.0862593 0.1018501 0.1131122 0.0893904 0.0889408 0.0874082 0.0195718 0.1190005 0.1006221 0.0976812 0.0923065 0.0833892 0.1092672 0.0766181 0.1142859 0.1154668 0.0941268 0.1290204 0.1125583 0.1033601 0.0128472 0.0904980 0.0000010 0.1264282 0.1264282 
Phalangeridae_Strigocuscus_pelengensis       0.0476880 0.0983377 0.0742160 0.0821438 0.0787163 0.0930256 0.0401481 0.0220495 0.0819540 0.0967443 0.0000000 0.0916420 0.0870004 0.0257208 0.0708122 0.0896356 0.0924449 0.0892601 0.1133577 0.0794561 0.0712653 0.0924896 0.0942602 0.0861176 0.0832399 0.0767495 0.0775174 0.0748490 0.0633682 0.1085909 0.0831163 0.0245196 0.0937244 0.0961156 0.0946373 0.0893548 0.0893548 
Dasyuridae_Phascogale_tapoatafa              0.0721096 0.0885556 0.0830632 0.1018669 0.0991391 0.0191502 0.0921871 0.0857452 0.1005668 0.0867445 0.0916420 0.0000000 0.0233046 0.0955074 0.1026502 0.0054095 0.0184627 0.0234287 0.1016732 0.0990282 0.0836741 0.0919825 0.0925240 0.0104632 0.1015239 0.0700255 0.0995564 0.0945665 0.0817218 0.1236274 0.1094447 0.0952083 0.0846875 0.0206816 0.0885077 0.0660028 0.0660028 
Dasyuridae_Sminthopsis_macroura              0.0713577 0.0873040 0.0806426 0.1049255 0.1022555 0.0246231 0.0860543 0.0826759 0.1032927 0.0862593 0.0870004 0.0233046 0.0000000 0.0900320 0.0974932 0.0215798 0.0236292 0.0167586 0.1003789 0.1023610 0.0914702 0.0896686 0.0887972 0.0175818 0.1029682 0.0675278 0.1026893 0.0979857 0.0811496 0.1306296 0.1073243 0.0898177 0.0807782 0.0274427 0.0872617 0.0760318 0.0760318 
Phalangeridae_Phalanger_orientalis           0.0485680 0.1011913 0.0746509 0.0815914 0.0776991 0.0967636 0.0499238 0.0124592 0.0801072 0.1018501 0.0257208 0.0955074 0.0900320 0.0000000 0.0743535 0.0932355 0.0960153 0.0963078 0.1189560 0.0801497 0.0697487 0.0964723 0.0986940 0.0896208 0.0832238 0.0780761 0.0775288 0.0746208 0.0603150 0.1080868 0.0873914 0.0063365 0.0979949 0.1000097 0.0990366 0.1084538 0.1084538 
Acrobatidae_Acrobates_pygmaeus               0.0629470 0.1109455 0.0807666 0.0862207 0.0829203 0.1014316 0.0718177 0.0680542 0.0845573 0.1131122 0.0708122 0.1026502 0.0974932 0.0743535 0.0000000 0.1002781 0.0989266 0.0978174 0.1288652 0.0826588 0.0623412 0.1058344 0.1026490 0.0967047 0.0890388 0.0813093 0.0641739 0.0788628 0.0500962 0.0957451 0.0420036 0.0720102 0.1031127 0.1022976 0.1084822 0.1551703 0.1551703 
Dasyuridae_Phascogale_calura                 0.0699722 0.0873484 0.0821784 0.0998364 0.0972001 0.0182748 0.0886273 0.0846353 0.0987001 0.0893904 0.0896356 0.0054095 0.0215798 0.0932355 0.1002781 0.0000000 0.0168981 0.0204640 0.1036830 0.0971007 0.0876003 0.0902805 0.0907217 0.0086655 0.1017340 0.0695138 0.1018338 0.0930450 0.0817310 0.1245997 0.1085592 0.0930311 0.0835206 0.0204527 0.0897909 0.0663551 0.0663551 
Dasyuridae_Sarcophilus_harrisii              0.0735966 0.0903430 0.0821761 0.1042843 0.1016206 0.0053632 0.0936871 0.0853144 0.1020113 0.0889408 0.0924449 0.0184627 0.0236292 0.0960153 0.0989266 0.0168981 0.0000000 0.0235236 0.1052569 0.1024933 0.0906533 0.0921138 0.0914956 0.0131238 0.1055688 0.0680066 0.1065521 0.0987834 0.0802900 0.1288214 0.1064161 0.0957173 0.0796809 0.0078848 0.0893249 0.0535364 0.0535364 
Dasyuridae_Planigale_tenuirostris            0.0738437 0.0879585 0.0811681 0.1060439 0.1045267 0.0246553 0.0865634 0.0852078 0.1049912 0.0874082 0.0892601 0.0234287 0.0167586 0.0963078 0.0978174 0.0204640 0.0235236 0.0000000 0.1003345 0.1047280 0.0912473 0.0899580 0.0911729 0.0172792 0.1068708 0.0683854 0.1001477 0.0987328 0.0828478 0.1274687 0.1085135 0.0934407 0.0790096 0.0254932 0.0881333 0.0490129 0.0490129 
Peramelidae_Echymipera_kalubu                0.1023954 0.1059546 0.1039774 0.1294602 0.1251166 0.1051575 0.1203577 0.1192036 0.1270895 0.0195718 0.1133577 0.1016732 0.1003789 0.1189560 0.1288652 0.1036830 0.1052569 0.1003345 0.0000000 0.1284465 0.1170128 0.1124029 0.1035810 0.0979860 0.1183971 0.0898556 0.1272887 0.1253560 0.1149404 0.1426838 0.1280718 0.1197228 0.0207518 0.1065814 0.0188373 0.1523830 0.1523830 
Macropodidae_Dorcopsulus_vanheurni           0.0634762 0.1135082 0.0871745 0.0224878 0.0208887 0.1041308 0.0802353 0.0743381 0.0229115 0.1190005 0.0794561 0.0990282 0.1023610 0.0801497 0.0826588 0.0971007 0.1024933 0.1047280 0.1284465 0.0000000 0.0791373 0.1107259 0.1117775 0.0958155 0.0411807 0.0864150 0.0782293 0.0057652 0.0662618 0.1149505 0.0943904 0.0793816 0.1100165 0.1077952 0.1145028 0.1410380 0.1410380 
Pseudochiridae_Pseudochirulus_forbesi        0.0606478 0.0942618 0.0755067 0.0823545 0.0771596 0.0929350 0.0711266 0.0673033 0.0784262 0.1006221 0.0712653 0.0836741 0.0914702 0.0697487 0.0623412 0.0876003 0.0906533 0.0912473 0.1170128 0.0791373 0.0000000 0.1007495 0.0973300 0.0850724 0.0804879 0.0718586 0.0477513 0.0760756 0.0227588 0.0631191 0.0677711 0.0701218 0.0970942 0.0906665 0.0998321 0.1143540 0.1143540 
Didelphidae_Didelphis_virginiana             0.0828037 0.0980430 0.0859748 0.1114225 0.1072620 0.0915944 0.0958704 0.0918536 0.1084026 0.0976812 0.0924896 0.0919825 0.0896686 0.0964723 0.1058344 0.0902805 0.0921138 0.0899580 0.1124029 0.1107259 0.1007495 0.0000000 0.0318891 0.0855139 0.1115501 0.0826839 0.1066789 0.1070945 0.0902411 0.1361908 0.1096658 0.0972811 0.0909218 0.0946414 0.0933018 0.1854043 0.1854043 
Marmosidae_Monodelphis_domestica             0.0845745 0.0985970 0.0884118 0.1138799 0.1096916 0.0914843 0.0976712 0.0935483 0.1127464 0.0923065 0.0942602 0.0925240 0.0887972 0.0986940 0.1026490 0.0907217 0.0914956 0.0911729 0.1035810 0.1117775 0.0973300 0.0318891 0.0000000 0.0859521 0.1121288 0.0813431 0.1064875 0.1086998 0.0947981 0.1326590 0.1096387 0.0976063 0.0882353 0.0964849 0.0940186 0.1783685 0.1783685 
Dasyuridae_Antechinus_stuartii               0.0675525 0.0816854 0.0785376 0.0976117 0.0949856 0.0144175 0.0863822 0.0811272 0.0964889 0.0833892 0.0861176 0.0104632 0.0175818 0.0896208 0.0967047 0.0086655 0.0131238 0.0172792 0.0979860 0.0958155 0.0850724 0.0855139 0.0859521 0.0000000 0.0982315 0.0666048 0.0976557 0.0917484 0.0776853 0.1215417 0.1049928 0.0895557 0.0773339 0.0165581 0.0837831 0.0611134 0.0611134 
Hypsiprymnodontidae_Hypsiprymnodon_moschatus 0.0692023 0.1129380 0.0935486 0.0452534 0.0434408 0.1055776 0.0855058 0.0767196 0.0466958 0.1092672 0.0832399 0.1015239 0.1029682 0.0832238 0.0890388 0.1017340 0.1055688 0.1068708 0.1183971 0.0411807 0.0804879 0.1115501 0.1121288 0.0982315 0.0000000 0.0883420 0.0842724 0.0408687 0.0718051 0.1202617 0.0987545 0.0824048 0.1093025 0.1071472 0.1095096 0.1325566 0.1325566 
Microbiotheriidae_Dromiciops_gliroides       0.0681074 0.0725132 0.0689672 0.0892827 0.0866293 0.0648579 0.0741777 0.0707772 0.0883395 0.0766181 0.0767495 0.0700255 0.0675278 0.0780761 0.0813093 0.0695138 0.0680066 0.0683854 0.0898556 0.0864150 0.0718586 0.0826839 0.0813431 0.0666048 0.0883420 0.0000000 0.0851007 0.0829950 0.0618433 0.1078262 0.0912010 0.0768668 0.0727803 0.0700767 0.0838457 0.0572334 0.0572334 
Pseudochiridae_Petauroides_volans            0.0640547 0.1100853 0.0869061 0.0814924 0.0793937 0.1081097 0.0762643 0.0682834 0.0787551 0.1142859 0.0775174 0.0995564 0.1026893 0.0775288 0.0641739 0.1018338 0.1065521 0.1001477 0.1272887 0.0782293 0.0477513 0.1066789 0.1064875 0.0976557 0.0842724 0.0851007 0.0000000 0.0756490 0.0361219 0.0878327 0.0735176 0.0759491 0.0996495 0.1078190 0.1114161 0.1168970 0.1168970 
Macropodidae_Wallabia_bicolor                0.0596866 0.1080570 0.0837409 0.0223735 0.0207482 0.0992209 0.0752196 0.0681684 0.0217551 0.1154668 0.0748490 0.0945665 0.0979857 0.0746208 0.0788628 0.0930450 0.0987834 0.0987328 0.1253560 0.0057652 0.0760756 0.1070945 0.1086998 0.0917484 0.0408687 0.0829950 0.0756490 0.0000000 0.0630963 0.1102012 0.0916781 0.0731266 0.1075202 0.1017482 0.1114310 0.1562010 0.1562010 
Pseudochiridae_Pseudocheirus_occidentalis    0.0524885 0.0935024 0.0691227 0.0719181 0.0684235 0.0817972 0.0649184 0.0617543 0.0673529 0.0941268 0.0633682 0.0817218 0.0811496 0.0603150 0.0500962 0.0817310 0.0802900 0.0828478 0.1149404 0.0662618 0.0227588 0.0902411 0.0947981 0.0776853 0.0718051 0.0618433 0.0361219 0.0630963 0.0000000 0.0706012 0.0615508 0.0600308 0.0894752 0.0814722 0.0845855 0.1181147 0.1181147 
Tarsipedidae_Tarsipes_rostratus              0.0900984 0.1261613 0.1180968 0.1161102 0.1097023 0.1297335 0.1113489 0.0972460 0.1129975 0.1290204 0.1085909 0.1236274 0.1306296 0.1080868 0.0957451 0.1245997 0.1288214 0.1274687 0.1426838 0.1149505 0.0631191 0.1361908 0.1326590 0.1215417 0.1202617 0.1078262 0.0878327 0.1102012 0.0706012 0.0000000 0.1107223 0.1066104 0.1312982 0.1277687 0.1412864 0.1716001 0.1716001 
Acrobatidae_Distoechurus_pennatus            0.0767284 0.1180596 0.0920555 0.0973887 0.0933719 0.1086017 0.0875083 0.0770085 0.0981228 0.1125583 0.0831163 0.1094447 0.1073243 0.0873914 0.0420036 0.1085592 0.1064161 0.1085135 0.1280718 0.0943904 0.0677711 0.1096658 0.1096387 0.1049928 0.0987545 0.0912010 0.0735176 0.0916781 0.0615508 0.1107223 0.0000000 0.0840959 0.1066889 0.1093466 0.1131116 0.1469292 0.1469292 
Phalangeridae_Phalanger_carmelitae           0.0472847 0.1008523 0.0740499 0.0806799 0.0768594 0.0964492 0.0475176 0.0112187 0.0806151 0.1033601 0.0245196 0.0952083 0.0898177 0.0063365 0.0720102 0.0930311 0.0957173 0.0934407 0.1197228 0.0793816 0.0701218 0.0972811 0.0976063 0.0895557 0.0824048 0.0768668 0.0759491 0.0731266 0.0600308 0.1066104 0.0840959 0.0000000 0.0976518 0.0984832 0.0986923 0.1539963 0.1539963 
Peramelidae_Peroryctes_raffrayana            0.0845339 0.0955423 0.0831235 0.1136978 0.1099365 0.0822629 0.1005413 0.0956914 0.1087478 0.0128472 0.0937244 0.0846875 0.0807782 0.0979949 0.1031127 0.0835206 0.0796809 0.0790096 0.0207518 0.1100165 0.0970942 0.0909218 0.0882353 0.0773339 0.1093025 0.0727803 0.0996495 0.1075202 0.0894752 0.1312982 0.1066889 0.0976518 0.0000000 0.0813583 0.0116243 0.1342269 0.1342269 
Dasyuridae_Dasyurus_geffroii                 0.0776673 0.0915184 0.0828798 0.1083308 0.1069167 0.0069598 0.0970045 0.0844229 0.1073131 0.0904980 0.0961156 0.0206816 0.0274427 0.1000097 0.1022976 0.0204527 0.0078848 0.0254932 0.1065814 0.1077952 0.0906665 0.0946414 0.0964849 0.0165581 0.1071472 0.0700767 0.1078190 0.1017482 0.0814722 0.1277687 0.1093466 0.0984832 0.0813583 0.0000000 0.0907355 0.0604216 0.0604216 
Peramelidae_Perameles_gunnii                 0.0865086 0.0949526 0.0894725 0.1179664 0.1149848 0.0910366 0.1020762 0.0910097 0.1144278 0.0000010 0.0946373 0.0885077 0.0872617 0.0990366 0.1084822 0.0897909 0.0893249 0.0881333 0.0188373 0.1145028 0.0998321 0.0933018 0.0940186 0.0837831 0.1095096 0.0838457 0.1114161 0.1114310 0.0845855 0.1412864 0.1131116 0.0986923 0.0116243 0.0907355 0.0000000 0.1264282 0.1264282 
Myrmecobiidae_Myrmecobius_fasciatus1         0.1030883 0.1734035 0.1275878 0.1402263 0.1314797 0.0525824 0.0963302 0.0976604 0.1392966 0.1264282 0.0893548 0.0660028 0.0760318 0.1084538 0.1551703 0.0663551 0.0535364 0.0490129 0.1523830 0.1410380 0.1143540 0.1854043 0.1783685 0.0611134 0.1325566 0.0572334 0.1168970 0.1562010 0.1181147 0.1716001 0.1469292 0.1539963 0.1342269 0.0604216 0.1264282 0.0000000 0.0000010 
Myrmecobiidae_Myrmecobius_fasciatus2         0.1030883 0.1734035 0.1275878 0.1402263 0.1314797 0.0525824 0.0963302 0.0976604 0.1392966 0.1264282 0.0893548 0.0660028 0.0760318 0.1084538 0.1551703 0.0663551 0.0535364 0.0490129 0.1523830 0.1410380 0.1143540 0.1854043 0.1783685 0.0611134 0.1325566 0.0572334 0.1168970 0.1562010 0.1181147 0.1716001 0.1469292 0.1539963 0.1342269 0.0604216 0.1264282 0.0000010 0.0000000 
