35
Burramyidae_Burramys_parvus                  0.0000000 0.0338906 0.0203068 0.0238220 0.0245855 0.0268637 0.0131862 0.0150307 0.0227267 0.0315815 0.0145720 0.0276955 0.0311245 0.0132045 0.0195329 0.0280429 0.0272605 0.0267456 0.0328505 0.0228009 0.0261555 0.0337916 0.0382185 0.0273311 0.0223057 0.0223407 0.0184628 0.0244554 0.0215472 0.0271179 0.0215083 0.0157020 0.0305734 0.0265025 0.0328487 
Notoryctidae_Notoryctes_typhlops             0.0338906 0.0000000 0.0395488 0.0447650 0.0458456 0.0478211 0.0410383 0.0434672 0.0476495 0.0656784 0.0475998 0.0464067 0.0576763 0.0416509 0.0575902 0.0480120 0.0491492 0.0493477 0.0573133 0.0452773 0.0563522 0.0560039 0.0575209 0.0476342 0.0467858 0.0456778 0.0517445 0.0468583 0.0462799 0.0581543 0.0596090 0.0443583 0.0487683 0.0491269 0.0545811 
Vombatidae_Lasiorhinus_latifrons             0.0203068 0.0395488 0.0000000 0.0318808 0.0328968 0.0345751 0.0185730 0.0231303 0.0340140 0.0480067 0.0244163 0.0321151 0.0425368 0.0210873 0.0345936 0.0331132 0.0357726 0.0375776 0.0457608 0.0330638 0.0352195 0.0481507 0.0533623 0.0329928 0.0306924 0.0333959 0.0314172 0.0354288 0.0270494 0.0378128 0.0378465 0.0235690 0.0444972 0.0357571 0.0447377 
Potoroidae_Bettongia_penicillata             0.0238220 0.0447650 0.0318808 0.0000000 0.0008721 0.0348619 0.0241253 0.0265658 0.0058810 0.0444195 0.0263800 0.0363316 0.0404756 0.0238463 0.0323050 0.0366366 0.0355959 0.0375251 0.0414150 0.0113535 0.0345469 0.0405836 0.0423792 0.0357238 0.0159631 0.0326959 0.0296974 0.0126772 0.0275624 0.0359959 0.0337621 0.0260942 0.0362381 0.0366106 0.0400328 
Potoroidae_Bettongia_lesueur                 0.0245855 0.0458456 0.0328968 0.0008721 0.0000000 0.0358588 0.0247453 0.0272093 0.0061761 0.0452031 0.0270172 0.0373359 0.0414931 0.0244670 0.0326061 0.0376410 0.0365966 0.0386701 0.0425193 0.0116666 0.0352066 0.0413567 0.0431598 0.0364681 0.0162751 0.0333899 0.0303510 0.0130039 0.0283584 0.0366720 0.0344245 0.0267169 0.0370840 0.0376142 0.0408021 
Dasyuridae_Dasyurus_maculatus                0.0268637 0.0478211 0.0345751 0.0348619 0.0358588 0.0000000 0.0277748 0.0285830 0.0359103 0.0417997 0.0284524 0.0073935 0.0144685 0.0268361 0.0315827 0.0073866 0.0032167 0.0099107 0.0396311 0.0332627 0.0359315 0.0404358 0.0450460 0.0081803 0.0347870 0.0311257 0.0321773 0.0352702 0.0355189 0.0378079 0.0337216 0.0291102 0.0382921 0.0035115 0.0418220 
Phalangeridae_Trichosurus_vulpecula          0.0131862 0.0410383 0.0185730 0.0241253 0.0247453 0.0277748 0.0000000 0.0068297 0.0244339 0.0384778 0.0066433 0.0281866 0.0339245 0.0047106 0.0225821 0.0284890 0.0284777 0.0292413 0.0342109 0.0239056 0.0271290 0.0302977 0.0335533 0.0274973 0.0237486 0.0241377 0.0220985 0.0244439 0.0202774 0.0280893 0.0243133 0.0067915 0.0313650 0.0281411 0.0336509 
Phalangeridae_Spilocuscus_maculatus          0.0150307 0.0434672 0.0231303 0.0265658 0.0272093 0.0285830 0.0068297 0.0000000 0.0266019 0.0389445 0.0051253 0.0290004 0.0341090 0.0029407 0.0249451 0.0293045 0.0286303 0.0285408 0.0348265 0.0260127 0.0296336 0.0312840 0.0345066 0.0289591 0.0258682 0.0255821 0.0248202 0.0275461 0.0222574 0.0286006 0.0277630 0.0053163 0.0302154 0.0289533 0.0322788 
Potoroidae_Aepyprymnus_rufescens             0.0227267 0.0476495 0.0340140 0.0058810 0.0061761 0.0359103 0.0244339 0.0266019 0.0000000 0.0445438 0.0263997 0.0373900 0.0426041 0.0238640 0.0336967 0.0376956 0.0366494 0.0387030 0.0410279 0.0113740 0.0355948 0.0409777 0.0431811 0.0368717 0.0153652 0.0334477 0.0300603 0.0127091 0.0272035 0.0366633 0.0348154 0.0261132 0.0358384 0.0376687 0.0392332 
Peramelidae_Perameles_nasuta                 0.0315815 0.0656784 0.0480067 0.0444195 0.0452031 0.0417997 0.0384778 0.0389445 0.0445438 0.0000000 0.0389018 0.0418415 0.0439642 0.0381903 0.0388158 0.0428938 0.0422166 0.0418325 0.0090865 0.0449258 0.0404928 0.0430357 0.0485882 0.0407863 0.0439992 0.0406364 0.0362471 0.0465622 0.0330700 0.0396676 0.0407579 0.0406275 0.0074697 0.0414351 0.0006706 
Phalangeridae_Strigocuscus_pelengensis       0.0145720 0.0475998 0.0244163 0.0263800 0.0270172 0.0284524 0.0066433 0.0051253 0.0263997 0.0389018 0.0000000 0.0288085 0.0340185 0.0032957 0.0235676 0.0291378 0.0291745 0.0293196 0.0353420 0.0261636 0.0281207 0.0317678 0.0351071 0.0279798 0.0250260 0.0259086 0.0231563 0.0273163 0.0220115 0.0290424 0.0272329 0.0057179 0.0316318 0.0291663 0.0340056 
Dasyuridae_Phascogale_tapoatafa              0.0276955 0.0464067 0.0321151 0.0363316 0.0373359 0.0073935 0.0281866 0.0290004 0.0373900 0.0418415 0.0288085 0.0000000 0.0138653 0.0279094 0.0323720 0.0014552 0.0077035 0.0102542 0.0393325 0.0347231 0.0370266 0.0412925 0.0450779 0.0041937 0.0359126 0.0319022 0.0336398 0.0360734 0.0352479 0.0368870 0.0355477 0.0295281 0.0387868 0.0074025 0.0415070 
Dasyuridae_Sminthopsis_macroura              0.0311245 0.0576763 0.0425368 0.0404756 0.0414931 0.0144685 0.0339245 0.0341090 0.0426041 0.0439642 0.0340185 0.0138653 0.0000000 0.0336515 0.0372536 0.0138522 0.0147730 0.0105690 0.0422912 0.0402406 0.0397755 0.0445570 0.0488541 0.0135615 0.0392869 0.0368739 0.0356589 0.0427247 0.0367471 0.0393672 0.0376155 0.0352997 0.0425732 0.0144865 0.0442539 
Phalangeridae_Phalanger_orientalis           0.0132045 0.0416509 0.0210873 0.0238463 0.0244670 0.0268361 0.0047106 0.0029407 0.0238640 0.0381903 0.0032957 0.0279094 0.0336515 0.0000000 0.0225839 0.0282122 0.0275363 0.0284860 0.0335442 0.0236251 0.0281710 0.0307912 0.0331969 0.0278969 0.0228266 0.0245154 0.0224636 0.0244940 0.0214481 0.0278141 0.0260460 0.0020443 0.0301579 0.0278642 0.0329454 
Acrobatidae_Acrobates_pygmaeus               0.0195329 0.0575902 0.0345936 0.0323050 0.0326061 0.0315827 0.0225821 0.0249451 0.0336967 0.0388158 0.0235676 0.0323720 0.0372536 0.0225839 0.0000000 0.0326801 0.0326577 0.0323446 0.0366045 0.0327670 0.0289910 0.0357681 0.0391669 0.0295622 0.0308926 0.0317235 0.0248010 0.0329308 0.0218332 0.0291932 0.0155972 0.0241947 0.0341800 0.0312436 0.0364560 
Dasyuridae_Phascogale_calura                 0.0280429 0.0480120 0.0331132 0.0366366 0.0376410 0.0073866 0.0284890 0.0293045 0.0376956 0.0428938 0.0291378 0.0014552 0.0138522 0.0282122 0.0326801 0.0000000 0.0082974 0.0099073 0.0400308 0.0350286 0.0373671 0.0404464 0.0442493 0.0038959 0.0355413 0.0311834 0.0339473 0.0363817 0.0360060 0.0371994 0.0358546 0.0298319 0.0400086 0.0073956 0.0422509 
Dasyuridae_Sarcophilus_harrisii              0.0272605 0.0491492 0.0357726 0.0355959 0.0365966 0.0032167 0.0284777 0.0286303 0.0366494 0.0422166 0.0291745 0.0077035 0.0147730 0.0275363 0.0326577 0.0082974 0.0000000 0.0102434 0.0404417 0.0343294 0.0366712 0.0396811 0.0442800 0.0091164 0.0365326 0.0321997 0.0329075 0.0363567 0.0355478 0.0378717 0.0337769 0.0298190 0.0387339 0.0044022 0.0422504 
Dasyuridae_Planigale_tenuirostris            0.0267456 0.0493477 0.0375776 0.0375251 0.0386701 0.0099107 0.0292413 0.0285408 0.0387030 0.0418325 0.0293196 0.0102542 0.0105690 0.0284860 0.0323446 0.0099073 0.0102434 0.0000000 0.0381134 0.0360697 0.0363906 0.0396407 0.0441801 0.0107084 0.0351407 0.0302915 0.0321464 0.0384171 0.0350044 0.0373339 0.0326367 0.0299935 0.0381576 0.0105987 0.0403174 
Peramelidae_Echymipera_kalubu                0.0328505 0.0573133 0.0457608 0.0414150 0.0425193 0.0396311 0.0342109 0.0348265 0.0410279 0.0090865 0.0353420 0.0393325 0.0422912 0.0335442 0.0366045 0.0400308 0.0404417 0.0381134 0.0000000 0.0422906 0.0378923 0.0440293 0.0483354 0.0392335 0.0420853 0.0372798 0.0349510 0.0423405 0.0336632 0.0404498 0.0387771 0.0360619 0.0070834 0.0400213 0.0091345 
Macropodidae_Dorcopsulus_vanheurni           0.0228009 0.0452773 0.0330638 0.0113535 0.0116666 0.0332627 0.0239056 0.0260127 0.0113740 0.0449258 0.0261636 0.0347231 0.0402406 0.0236251 0.0327670 0.0350286 0.0343294 0.0360697 0.0422906 0.0000000 0.0353217 0.0403268 0.0425166 0.0333967 0.0147644 0.0341796 0.0291669 0.0053369 0.0287959 0.0364355 0.0338595 0.0258811 0.0371325 0.0339803 0.0405652 
Pseudochiridae_Pseudochirulus_forbesi        0.0261555 0.0563522 0.0352195 0.0345469 0.0352066 0.0359315 0.0271290 0.0296336 0.0355948 0.0404928 0.0281207 0.0370266 0.0397755 0.0281710 0.0289910 0.0373671 0.0366712 0.0363906 0.0378923 0.0353217 0.0000000 0.0425917 0.0443856 0.0350668 0.0351377 0.0361606 0.0181374 0.0363150 0.0123360 0.0304512 0.0331375 0.0297882 0.0378651 0.0348999 0.0387565 
Didelphidae_Didelphis_virginiana             0.0337916 0.0560039 0.0481507 0.0405836 0.0413567 0.0404358 0.0302977 0.0312840 0.0409777 0.0430357 0.0317678 0.0412925 0.0445570 0.0307912 0.0357681 0.0404464 0.0396811 0.0396407 0.0440293 0.0403268 0.0425917 0.0000000 0.0149010 0.0396025 0.0404227 0.0354312 0.0342163 0.0431426 0.0392045 0.0401184 0.0396504 0.0338345 0.0403830 0.0408530 0.0443981 
Marmosidae_Monodelphis_domestica             0.0382185 0.0575209 0.0533623 0.0423792 0.0431598 0.0450460 0.0335533 0.0345066 0.0431811 0.0485882 0.0351071 0.0450779 0.0488541 0.0331969 0.0391669 0.0442493 0.0442800 0.0441801 0.0483354 0.0425166 0.0443856 0.0149010 0.0000000 0.0442467 0.0434156 0.0376078 0.0371649 0.0454346 0.0422767 0.0418999 0.0418372 0.0362982 0.0447450 0.0454742 0.0499399 
Dasyuridae_Antechinus_stuartii               0.0273311 0.0476342 0.0329928 0.0357238 0.0364681 0.0081803 0.0274973 0.0289591 0.0368717 0.0407863 0.0279798 0.0041937 0.0135615 0.0278969 0.0295622 0.0038959 0.0091164 0.0107084 0.0392335 0.0333967 0.0350668 0.0396025 0.0442467 0.0000000 0.0339638 0.0303314 0.0326584 0.0348539 0.0335691 0.0339987 0.0331925 0.0295522 0.0393459 0.0075638 0.0406930 
Hypsiprymnodontidae_Hypsiprymnodon_moschatus 0.0223057 0.0467858 0.0306924 0.0159631 0.0162751 0.0347870 0.0237486 0.0258682 0.0153652 0.0439992 0.0250260 0.0359126 0.0392869 0.0228266 0.0308926 0.0355413 0.0365326 0.0351407 0.0420853 0.0147644 0.0351377 0.0404227 0.0434156 0.0339638 0.0000000 0.0326004 0.0286721 0.0167743 0.0271380 0.0352148 0.0316659 0.0250626 0.0382369 0.0358558 0.0399433 
Microbiotheriidae_Dromiciops_gliroides       0.0223407 0.0456778 0.0333959 0.0326959 0.0333899 0.0311257 0.0241377 0.0255821 0.0334477 0.0406364 0.0259086 0.0319022 0.0368739 0.0245154 0.0317235 0.0311834 0.0321997 0.0302915 0.0372798 0.0341796 0.0361606 0.0354312 0.0376078 0.0303314 0.0326004 0.0000000 0.0301860 0.0347336 0.0290492 0.0355004 0.0364192 0.0254860 0.0342554 0.0315091 0.0373437 
Pseudochiridae_Petauroides_volans            0.0184628 0.0517445 0.0314172 0.0296974 0.0303510 0.0321773 0.0220985 0.0248202 0.0300603 0.0362471 0.0231563 0.0336398 0.0356589 0.0224636 0.0248010 0.0339473 0.0329075 0.0321464 0.0349510 0.0291669 0.0181374 0.0342163 0.0371649 0.0326584 0.0286721 0.0301860 0.0000000 0.0304004 0.0132119 0.0252494 0.0272841 0.0240705 0.0312401 0.0325602 0.0319658 
Macropodidae_Wallabia_bicolor                0.0244554 0.0468583 0.0354288 0.0126772 0.0130039 0.0352702 0.0244439 0.0275461 0.0127091 0.0465622 0.0273163 0.0360734 0.0427247 0.0244940 0.0329308 0.0363817 0.0363567 0.0384171 0.0423405 0.0053369 0.0363150 0.0431426 0.0454346 0.0348539 0.0167743 0.0347336 0.0304004 0.0000000 0.0292243 0.0364202 0.0358913 0.0267751 0.0390215 0.0353183 0.0421987 
Pseudochiridae_Pseudocheirus_occidentalis    0.0215472 0.0462799 0.0270494 0.0275624 0.0283584 0.0355189 0.0202774 0.0222574 0.0272035 0.0330700 0.0220115 0.0352479 0.0367471 0.0214481 0.0218332 0.0360060 0.0355478 0.0350044 0.0336632 0.0287959 0.0123360 0.0392045 0.0422767 0.0335691 0.0271380 0.0290492 0.0132119 0.0292243 0.0000000 0.0258337 0.0247519 0.0233297 0.0335529 0.0343375 0.0348796 
Tarsipedidae_Tarsipes_rostratus              0.0271179 0.0581543 0.0378128 0.0359959 0.0366720 0.0378079 0.0280893 0.0286006 0.0366633 0.0396676 0.0290424 0.0368870 0.0393672 0.0278141 0.0291932 0.0371994 0.0378717 0.0373339 0.0404498 0.0364355 0.0304512 0.0401184 0.0418999 0.0339987 0.0352148 0.0355004 0.0252494 0.0364202 0.0258337 0.0000000 0.0305900 0.0291277 0.0365549 0.0364018 0.0394841 
Acrobatidae_Distoechurus_pennatus            0.0215083 0.0596090 0.0378465 0.0337621 0.0344245 0.0337216 0.0243133 0.0277630 0.0348154 0.0407579 0.0272329 0.0355477 0.0376155 0.0260460 0.0155972 0.0358546 0.0337769 0.0326367 0.0387771 0.0338595 0.0331375 0.0396504 0.0418372 0.0331925 0.0316659 0.0364192 0.0272841 0.0358913 0.0247519 0.0305900 0.0000000 0.0283303 0.0349857 0.0337759 0.0374892 
Phalangeridae_Phalanger_carmelitae           0.0157020 0.0443583 0.0235690 0.0260942 0.0267169 0.0291102 0.0067915 0.0053163 0.0261132 0.0406275 0.0057179 0.0295281 0.0352997 0.0020443 0.0241947 0.0298319 0.0298190 0.0299935 0.0360619 0.0258811 0.0297882 0.0338345 0.0362982 0.0295522 0.0250626 0.0254860 0.0240705 0.0267751 0.0233297 0.0291277 0.0283303 0.0000000 0.0317708 0.0294802 0.0356068 
Peramelidae_Peroryctes_raffrayana            0.0305734 0.0487683 0.0444972 0.0362381 0.0370840 0.0382921 0.0313650 0.0302154 0.0358384 0.0074697 0.0316318 0.0387868 0.0425732 0.0301579 0.0341800 0.0400086 0.0387339 0.0381576 0.0070834 0.0371325 0.0378651 0.0403830 0.0447450 0.0393459 0.0382369 0.0342554 0.0312401 0.0390215 0.0335529 0.0365549 0.0349857 0.0317708 0.0000000 0.0387240 0.0088812 
Dasyuridae_Dasyurus_geffroii                 0.0265025 0.0491269 0.0357571 0.0366106 0.0376142 0.0035115 0.0281411 0.0289533 0.0376687 0.0414351 0.0291663 0.0074025 0.0144865 0.0278642 0.0312436 0.0073956 0.0044022 0.0105987 0.0400213 0.0339803 0.0348999 0.0408530 0.0454742 0.0075638 0.0358558 0.0315091 0.0325602 0.0353183 0.0343375 0.0364018 0.0337759 0.0294802 0.0387240 0.0000000 0.0422401 
Peramelidae_Perameles_gunnii                 0.0328487 0.0545811 0.0447377 0.0400328 0.0408021 0.0418220 0.0336509 0.0322788 0.0392332 0.0006706 0.0340056 0.0415070 0.0442539 0.0329454 0.0364560 0.0422509 0.0422504 0.0403174 0.0091345 0.0405652 0.0387565 0.0443981 0.0499399 0.0406930 0.0399433 0.0373437 0.0319658 0.0421987 0.0348796 0.0394841 0.0374892 0.0356068 0.0088812 0.0422401 0.0000000 
