37
Burramyidae_Burramys_parvus                  0.0000000 0.0597576 0.0507466 0.0509481 0.0510734 0.0713481 0.0457634 0.0441285 0.0551187 0.0744491 0.0456704 0.0702595 0.0740197 0.0444437 0.0430138 0.0688028 0.0715165 0.0695041 0.0738467 0.0534530 0.0537195 0.0807628 0.0846778 0.0722866 0.0501836 0.0645371 0.0505730 0.0500759 0.0529489 0.0569840 0.0499515 0.0447326 0.0720954 0.0721644 0.0760651 0.0600604 0.0600604 
Notoryctidae_Notoryctes_typhlops             0.0597576 0.0000000 0.0574817 0.0592471 0.0573418 0.0823596 0.0651608 0.0636174 0.0651503 0.0722941 0.0649723 0.0787073 0.0836225 0.0613407 0.0613034 0.0768038 0.0819798 0.0758024 0.0700220 0.0649467 0.0652132 0.0807204 0.0920342 0.0788088 0.0637374 0.0746070 0.0570868 0.0651883 0.0635031 0.0703154 0.0584464 0.0616770 0.0678796 0.0817350 0.0749930 0.1014565 0.1014565 
Vombatidae_Lasiorhinus_latifrons             0.0507466 0.0574817 0.0000000 0.0541717 0.0537314 0.0846209 0.0534500 0.0536429 0.0586356 0.0706773 0.0540645 0.0806136 0.0832126 0.0530034 0.0492916 0.0791939 0.0856349 0.0749365 0.0706724 0.0555825 0.0596113 0.0798742 0.0951996 0.0805961 0.0565840 0.0691020 0.0522685 0.0551730 0.0526867 0.0581058 0.0510787 0.0537488 0.0684171 0.0849499 0.0740932 0.1192011 0.1192011 
Potoroidae_Bettongia_penicillata             0.0509481 0.0592471 0.0541717 0.0000000 0.0056423 0.0839809 0.0535656 0.0487678 0.0157700 0.0669654 0.0504062 0.0804498 0.0842898 0.0494239 0.0472628 0.0776327 0.0851882 0.0763907 0.0704808 0.0176243 0.0514291 0.0800586 0.1002950 0.0792872 0.0341893 0.0775360 0.0481373 0.0181376 0.0499146 0.0576018 0.0466604 0.0487906 0.0640402 0.0854143 0.0717173 0.1523402 0.1523402 
Potoroidae_Bettongia_lesueur                 0.0510734 0.0573418 0.0537314 0.0056423 0.0000000 0.0830348 0.0531084 0.0506045 0.0162165 0.0680903 0.0509091 0.0799747 0.0839688 0.0503617 0.0481868 0.0771580 0.0842239 0.0748161 0.0690936 0.0181209 0.0513862 0.0807398 0.0999259 0.0783055 0.0342155 0.0759814 0.0481389 0.0176977 0.0515493 0.0590614 0.0476171 0.0497445 0.0624794 0.0844578 0.0716575 0.1471071 0.1471071 
Dasyuridae_Dasyurus_maculatus                0.0713481 0.0823596 0.0846209 0.0839809 0.0830348 0.0000000 0.0839471 0.0831412 0.0888254 0.0828879 0.0840124 0.0230008 0.0341596 0.0819056 0.0786219 0.0225412 0.0108792 0.0253966 0.0921892 0.0844119 0.0896495 0.1018428 0.1096080 0.0253060 0.0859994 0.0767069 0.0724096 0.0879821 0.0750074 0.0810003 0.0721770 0.0829958 0.0768599 0.0052484 0.0972389 0.1260112 0.1260112 
Phalangeridae_Trichosurus_vulpecula          0.0457634 0.0651608 0.0534500 0.0535656 0.0531084 0.0839471 0.0000000 0.0232240 0.0547378 0.0785153 0.0253305 0.0829139 0.0892888 0.0244717 0.0473878 0.0819839 0.0846220 0.0826669 0.0777070 0.0536173 0.0529742 0.0863140 0.1028939 0.0835359 0.0565924 0.0760045 0.0508942 0.0522847 0.0522773 0.0585730 0.0491234 0.0244126 0.0735805 0.0834292 0.0830584 0.1334715 0.1334715 
Phalangeridae_Spilocuscus_maculatus          0.0441285 0.0636174 0.0536429 0.0487678 0.0506045 0.0831412 0.0232240 0.0000000 0.0508262 0.0747058 0.0109490 0.0790445 0.0858346 0.0083369 0.0419032 0.0781208 0.0835483 0.0787408 0.0754360 0.0510914 0.0508344 0.0849461 0.1013606 0.0791805 0.0521763 0.0759329 0.0491241 0.0488282 0.0483066 0.0559463 0.0441055 0.0083095 0.0712801 0.0831021 0.0784765 0.1237645 0.1237645 
Potoroidae_Aepyprymnus_rufescens             0.0551187 0.0651503 0.0586356 0.0157700 0.0162165 0.0888254 0.0547378 0.0508262 0.0000000 0.0711285 0.0525051 0.0841797 0.0872527 0.0514983 0.0483900 0.0823017 0.0895488 0.0814827 0.0722207 0.0226752 0.0558476 0.0836090 0.1014288 0.0825614 0.0388813 0.0793377 0.0528075 0.0222586 0.0549638 0.0618206 0.0512488 0.0508306 0.0671501 0.0888444 0.0744089 0.1341041 0.1341041 
Peramelidae_Perameles_nasuta                 0.0744491 0.0722941 0.0706773 0.0669654 0.0680903 0.0828879 0.0785153 0.0747058 0.0711285 0.0000000 0.0784793 0.0801840 0.0860407 0.0754675 0.0724298 0.0785659 0.0828138 0.0746551 0.0157520 0.0747999 0.0838021 0.0896357 0.0884077 0.0836160 0.0779581 0.0784738 0.0746748 0.0744759 0.0863864 0.0835167 0.0753349 0.0756893 0.0149069 0.0828831 0.0010144 9.0000000 9.0000000 
Phalangeridae_Strigocuscus_pelengensis       0.0456704 0.0649723 0.0540645 0.0504062 0.0509091 0.0840124 0.0253305 0.0109490 0.0525051 0.0784793 0.0000000 0.0808209 0.0883694 0.0113142 0.0454172 0.0793310 0.0846777 0.0809282 0.0781952 0.0554827 0.0520726 0.0881750 0.1022367 0.0815469 0.0539498 0.0770141 0.0514072 0.0528184 0.0523787 0.0568369 0.0461481 0.0108480 0.0739876 0.0834854 0.0822559 0.1208438 0.1208438 
Dasyuridae_Phascogale_tapoatafa              0.0702595 0.0787073 0.0806136 0.0804498 0.0799747 0.0230008 0.0829139 0.0790445 0.0841797 0.0801840 0.0808209 0.0000000 0.0302914 0.0772745 0.0737091 0.0052194 0.0252664 0.0271422 0.0876316 0.0818777 0.0861100 0.0988028 0.1070828 0.0142077 0.0819577 0.0703412 0.0671598 0.0838400 0.0726238 0.0789093 0.0696670 0.0783550 0.0740330 0.0241341 0.0916507 0.1109894 0.1109894 
Dasyuridae_Sminthopsis_macroura              0.0740197 0.0836225 0.0832126 0.0842898 0.0839688 0.0341596 0.0892888 0.0858346 0.0872527 0.0860407 0.0883694 0.0302914 0.0000000 0.0841373 0.0802832 0.0275840 0.0342141 0.0181296 0.0963637 0.0853121 0.0917649 0.0992100 0.1070939 0.0307975 0.0853505 0.0721334 0.0731476 0.0867946 0.0768897 0.0828709 0.0734978 0.0847180 0.0809995 0.0349664 0.0999392 0.1201112 0.1201112 
Phalangeridae_Phalanger_orientalis           0.0444437 0.0613407 0.0530034 0.0494239 0.0503617 0.0819056 0.0244717 0.0083369 0.0514983 0.0754675 0.0113142 0.0772745 0.0841373 0.0000000 0.0441883 0.0758422 0.0825430 0.0790214 0.0740929 0.0522546 0.0529643 0.0839943 0.0994392 0.0783862 0.0529201 0.0741829 0.0479051 0.0495867 0.0523044 0.0557382 0.0449099 0.0034633 0.0709532 0.0818541 0.0775740 0.1078341 0.1078341 
Acrobatidae_Acrobates_pygmaeus               0.0430138 0.0613034 0.0492916 0.0472628 0.0481868 0.0786219 0.0473878 0.0419032 0.0483900 0.0724298 0.0454172 0.0737091 0.0802832 0.0441883 0.0000000 0.0732229 0.0795348 0.0739974 0.0696526 0.0477295 0.0480449 0.0803822 0.0898103 0.0717711 0.0460421 0.0727005 0.0414039 0.0458374 0.0429054 0.0491948 0.0204841 0.0422016 0.0685153 0.0774034 0.0736344 0.0947014 0.0947014 
Dasyuridae_Phascogale_calura                 0.0688028 0.0768038 0.0791939 0.0776327 0.0771580 0.0225412 0.0819839 0.0781208 0.0823017 0.0785659 0.0793310 0.0052194 0.0275840 0.0758422 0.0732229 0.0000000 0.0243649 0.0246914 0.0867130 0.0809486 0.0851873 0.0958741 0.1045521 0.0142035 0.0800875 0.0683317 0.0656469 0.0829111 0.0709958 0.0763884 0.0681942 0.0769279 0.0723971 0.0232259 0.0907304 0.1103750 0.1103750 
Dasyuridae_Sarcophilus_harrisii              0.0715165 0.0819798 0.0856349 0.0851882 0.0842239 0.0108792 0.0846220 0.0835483 0.0895488 0.0828138 0.0846777 0.0252664 0.0342141 0.0825430 0.0795348 0.0243649 0.0000000 0.0263727 0.0903669 0.0850826 0.0911942 0.1034369 0.1111854 0.0266953 0.0861651 0.0761123 0.0735982 0.0886618 0.0771346 0.0822037 0.0733304 0.0836330 0.0757035 0.0118701 0.0963694 0.1239252 0.1239252 
Dasyuridae_Planigale_tenuirostris            0.0695041 0.0758024 0.0749365 0.0763907 0.0748161 0.0253966 0.0826669 0.0787408 0.0814827 0.0746551 0.0809282 0.0271422 0.0181296 0.0790214 0.0739974 0.0246914 0.0263727 0.0000000 0.0835011 0.0767793 0.0831336 0.0984387 0.0997645 0.0284640 0.0799559 0.0701490 0.0664417 0.0806030 0.0670411 0.0749515 0.0671443 0.0789064 0.0689388 0.0266572 0.0875246 0.1464144 0.1464144 
Peramelidae_Echymipera_kalubu                0.0738467 0.0700220 0.0706724 0.0704808 0.0690936 0.0921892 0.0777070 0.0754360 0.0722207 0.0157520 0.0781952 0.0876316 0.0963637 0.0740929 0.0696526 0.0867130 0.0903669 0.0835011 0.0000000 0.0749787 0.0808550 0.0913681 0.1038841 0.0874449 0.0778165 0.0849116 0.0671476 0.0746438 0.0786975 0.0786879 0.0703213 0.0756892 0.0113107 0.0901912 0.0148065 0.1179705 0.1179705 
Macropodidae_Dorcopsulus_vanheurni           0.0534530 0.0649467 0.0555825 0.0176243 0.0181209 0.0844119 0.0536173 0.0510914 0.0226752 0.0747999 0.0554827 0.0818777 0.0853121 0.0522546 0.0477295 0.0809486 0.0850826 0.0767793 0.0749787 0.0000000 0.0547814 0.0792260 0.0985766 0.0805275 0.0372630 0.0780425 0.0519919 0.0061986 0.0525991 0.0606055 0.0485801 0.0516271 0.0684259 0.0853258 0.0771624 0.1388685 0.1388685 
Pseudochiridae_Pseudochirulus_forbesi        0.0537195 0.0652132 0.0596113 0.0514291 0.0513862 0.0896495 0.0529742 0.0508344 0.0558476 0.0838021 0.0520726 0.0861100 0.0917649 0.0529643 0.0480449 0.0851873 0.0911942 0.0831336 0.0808550 0.0547814 0.0000000 0.0880256 0.0989167 0.0843153 0.0568120 0.0769426 0.0316796 0.0562437 0.0211638 0.0507762 0.0453755 0.0518744 0.0788243 0.0895403 0.0868217 0.1334593 0.1334593 
Didelphidae_Didelphis_virginiana             0.0807628 0.0807204 0.0798742 0.0800586 0.0807398 0.1018428 0.0863140 0.0849461 0.0836090 0.0896357 0.0881750 0.0988028 0.0992100 0.0839943 0.0803822 0.0958741 0.1034369 0.0984387 0.0913681 0.0792260 0.0880256 0.0000000 0.0600205 0.0984829 0.0857260 0.0909923 0.0821228 0.0817968 0.0854066 0.0850954 0.0807317 0.0857224 0.0868591 0.1003025 0.0933772 0.1337212 0.1337212 
Marmosidae_Monodelphis_domestica             0.0846778 0.0920342 0.0951996 0.1002950 0.0999259 0.1096080 0.1028939 0.1013606 0.1014288 0.0884077 0.1022367 0.1070828 0.1070939 0.0994392 0.0898103 0.1045521 0.1111854 0.0997645 0.1038841 0.0985766 0.0989167 0.0600205 0.0000000 0.1039151 0.1009366 0.0787871 0.0784896 0.0982668 0.0814163 0.0826994 0.0744807 0.1010965 0.0854915 0.1000311 0.1075008 0.2882801 0.2882801 
Dasyuridae_Antechinus_stuartii               0.0722866 0.0788088 0.0805961 0.0792872 0.0783055 0.0253060 0.0835359 0.0791805 0.0825614 0.0836160 0.0815469 0.0142077 0.0307975 0.0783862 0.0717711 0.0142035 0.0266953 0.0284640 0.0874449 0.0805275 0.0843153 0.0984829 0.1039151 0.0000000 0.0806679 0.0718315 0.0687317 0.0825090 0.0754637 0.0798829 0.0696253 0.0791309 0.0775469 0.0251070 0.0923498 0.0959508 0.0959508 
Hypsiprymnodontidae_Hypsiprymnodon_moschatus 0.0501836 0.0637374 0.0565840 0.0341893 0.0342155 0.0859994 0.0565924 0.0521763 0.0388813 0.0779581 0.0539498 0.0819577 0.0853505 0.0529201 0.0460421 0.0800875 0.0861651 0.0799559 0.0778165 0.0372630 0.0568120 0.0857260 0.1009366 0.0806679 0.0000000 0.0806266 0.0547813 0.0341304 0.0521783 0.0621193 0.0501536 0.0522459 0.0724146 0.0850301 0.0805108 0.1282769 0.1282769 
Microbiotheriidae_Dromiciops_gliroides       0.0645371 0.0746070 0.0691020 0.0775360 0.0759814 0.0767069 0.0760045 0.0759329 0.0793377 0.0784738 0.0770141 0.0703412 0.0721334 0.0741829 0.0727005 0.0683317 0.0761123 0.0701490 0.0849116 0.0780425 0.0769426 0.0909923 0.0787871 0.0718315 0.0806266 0.0000000 0.0658505 0.0796777 0.0713704 0.0759419 0.0636244 0.0749337 0.0738494 0.0771392 0.0869242 0.1292103 0.1292103 
Pseudochiridae_Petauroides_volans            0.0505730 0.0570868 0.0522685 0.0481373 0.0481389 0.0724096 0.0508942 0.0491241 0.0528075 0.0746748 0.0514072 0.0671598 0.0731476 0.0479051 0.0414039 0.0656469 0.0735982 0.0664417 0.0671476 0.0519919 0.0316796 0.0821228 0.0784896 0.0687317 0.0547813 0.0658505 0.0000000 0.0521792 0.0298898 0.0488657 0.0437025 0.0486776 0.0702582 0.0723651 0.0709628 0.0452735 0.0452735 
Macropodidae_Wallabia_bicolor                0.0500759 0.0651883 0.0551730 0.0181376 0.0176977 0.0879821 0.0522847 0.0488282 0.0222586 0.0744759 0.0528184 0.0838400 0.0867946 0.0495867 0.0458374 0.0829111 0.0886618 0.0806030 0.0746438 0.0061986 0.0562437 0.0817968 0.0982668 0.0825090 0.0341304 0.0796777 0.0521792 0.0000000 0.0516306 0.0610955 0.0475574 0.0485062 0.0694074 0.0879629 0.0776329 0.1291622 0.1291622 
Pseudochiridae_Pseudocheirus_occidentalis    0.0529489 0.0635031 0.0526867 0.0499146 0.0515493 0.0750074 0.0522773 0.0483066 0.0549638 0.0863864 0.0523787 0.0726238 0.0768897 0.0523044 0.0429054 0.0709958 0.0771346 0.0670411 0.0786975 0.0525991 0.0211638 0.0854066 0.0814163 0.0754637 0.0521783 0.0713704 0.0298898 0.0516306 0.0000000 0.0500679 0.0488942 0.0504601 0.0814689 0.0755024 0.0845339 9.0000000 9.0000000 
Tarsipedidae_Tarsipes_rostratus              0.0569840 0.0703154 0.0581058 0.0576018 0.0590614 0.0810003 0.0585730 0.0559463 0.0618206 0.0835167 0.0568369 0.0789093 0.0828709 0.0557382 0.0491948 0.0763884 0.0822037 0.0749515 0.0786879 0.0606055 0.0507762 0.0850954 0.0826994 0.0798829 0.0621193 0.0759419 0.0488657 0.0610955 0.0500679 0.0000000 0.0519762 0.0556112 0.0794344 0.0820018 0.0829598 0.0695210 0.0695210 
Acrobatidae_Distoechurus_pennatus            0.0499515 0.0584464 0.0510787 0.0466604 0.0476171 0.0721770 0.0491234 0.0441055 0.0512488 0.0753349 0.0461481 0.0696670 0.0734978 0.0449099 0.0204841 0.0681942 0.0733304 0.0671443 0.0703213 0.0485801 0.0453755 0.0807317 0.0744807 0.0696253 0.0501536 0.0636244 0.0437025 0.0475574 0.0488942 0.0519762 0.0000000 0.0438020 0.0702844 0.0716814 0.0734654 0.0530832 0.0530832 
Phalangeridae_Phalanger_carmelitae           0.0447326 0.0616770 0.0537488 0.0487906 0.0497445 0.0829958 0.0244126 0.0083095 0.0508306 0.0756893 0.0108480 0.0783550 0.0847180 0.0034633 0.0422016 0.0769279 0.0836330 0.0789064 0.0756892 0.0516271 0.0518744 0.0857224 0.1010965 0.0791309 0.0522459 0.0749337 0.0486776 0.0485062 0.0504601 0.0556112 0.0438020 0.0000000 0.0722788 0.0829556 0.0773730 0.1117784 0.1117784 
Peramelidae_Peroryctes_raffrayana            0.0720954 0.0678796 0.0684171 0.0640402 0.0624794 0.0768599 0.0735805 0.0712801 0.0671501 0.0149069 0.0739876 0.0740330 0.0809995 0.0709532 0.0685153 0.0723971 0.0757035 0.0689388 0.0113107 0.0684259 0.0788243 0.0868591 0.0854915 0.0775469 0.0724146 0.0738494 0.0702582 0.0694074 0.0814689 0.0794344 0.0702844 0.0722788 0.0000000 0.0768555 0.0139255 9.0000000 9.0000000 
Dasyuridae_Dasyurus_geffroii                 0.0721644 0.0817350 0.0849499 0.0854143 0.0844578 0.0052484 0.0834292 0.0831021 0.0888444 0.0828831 0.0834854 0.0241341 0.0349664 0.0818541 0.0774034 0.0232259 0.0118701 0.0266572 0.0901912 0.0853258 0.0895403 0.1003025 0.1000311 0.0251070 0.0850301 0.0771392 0.0723651 0.0879629 0.0755024 0.0820018 0.0716814 0.0829556 0.0768555 0.0000000 0.0952757 0.1335306 0.1335306 
Peramelidae_Perameles_gunnii                 0.0760651 0.0749930 0.0740932 0.0717173 0.0716575 0.0972389 0.0830584 0.0784765 0.0744089 0.0010144 0.0822559 0.0916507 0.0999392 0.0775740 0.0736344 0.0907304 0.0963694 0.0875246 0.0148065 0.0771624 0.0868217 0.0933772 0.1075008 0.0923498 0.0805108 0.0869242 0.0709628 0.0776329 0.0845339 0.0829598 0.0734654 0.0773730 0.0139255 0.0952757 0.0000000 0.1261105 0.1261105 
Myrmecobiidae_Myrmecobius_fasciatus1         0.0600604 0.1014565 0.1192011 0.1523402 0.1471071 0.1260112 0.1334715 0.1237645 0.1341041 9.0000000 0.1208438 0.1109894 0.1201112 0.1078341 0.0947014 0.1103750 0.1239252 0.1464144 0.1179705 0.1388685 0.1334593 0.1337212 0.2882801 0.0959508 0.1282769 0.1292103 0.0452735 0.1291622 9.0000000 0.0695210 0.0530832 0.1117784 9.0000000 0.1335306 0.1261105 0.0000000 0.0000010 
Myrmecobiidae_Myrmecobius_fasciatus2         0.0600604 0.1014565 0.1192011 0.1523402 0.1471071 0.1260112 0.1334715 0.1237645 0.1341041 9.0000000 0.1208438 0.1109894 0.1201112 0.1078341 0.0947014 0.1103750 0.1239252 0.1464144 0.1179705 0.1388685 0.1334593 0.1337212 0.2882801 0.0959508 0.1282769 0.1292103 0.0452735 0.1291622 9.0000000 0.0695210 0.0530832 0.1117784 9.0000000 0.1335306 0.1261105 0.0000010 0.0000000 
