37
Burramyidae_Burramys_parvus                  0.0000000 0.0530573 0.0296074 0.0392383 0.0396151 0.0466423 0.0341474 0.0313123 0.0409828 0.0421079 0.0309406 0.0480873 0.0493298 0.0327445 0.0360713 0.0502270 0.0457381 0.0474534 0.0479138 0.0391467 0.0423333 0.0551879 0.0573014 0.0465274 0.0388717 0.0424705 0.0325522 0.0370590 0.0502421 0.0388989 0.0308033 0.0498529 0.0470491 0.0466630 0.0143951 0.0413059 0.0143951 
Notoryctidae_Notoryctes_typhlops             0.0530573 0.0000000 0.0472903 0.0601410 0.0584184 0.0566279 0.0577485 0.0559998 0.0617946 0.0535382 0.0576481 0.0564650 0.0585657 0.0573049 0.0585815 0.0588051 0.0570637 0.0601853 0.0567727 0.0615774 0.0599109 0.0588307 0.0618955 0.0549835 0.0584564 0.0572447 0.0539575 0.0602522 0.0678729 0.0603806 0.0559568 0.0597441 0.0576034 0.0565010 0.0129956 0.0604230 0.0129956 
Vombatidae_Lasiorhinus_latifrons             0.0296074 0.0472903 0.0000000 0.0357215 0.0349530 0.0446218 0.0372711 0.0346750 0.0380126 0.0377927 0.0354888 0.0469817 0.0482766 0.0353787 0.0370736 0.0487604 0.0438070 0.0466139 0.0425288 0.0359814 0.0403333 0.0498382 0.0534767 0.0432376 0.0395628 0.0376127 0.0323424 0.0360667 0.0478091 0.0393094 0.0344969 0.0448499 0.0450435 0.0402211 0.0318585 0.0415640 0.0318585 
Potoroidae_Bettongia_penicillata             0.0392383 0.0601410 0.0357215 0.0000000 0.0020310 0.0554773 0.0447736 0.0417853 0.0086381 0.0508959 0.0417203 0.0584766 0.0598617 0.0427102 0.0439627 0.0603066 0.0544975 0.0596051 0.0560994 0.0165598 0.0488428 0.0607086 0.0655813 0.0571447 0.0288115 0.0482779 0.0432619 0.0160426 0.0592877 0.0466165 0.0417701 0.0577813 0.0554386 0.0545222 0.0046154 0.0410378 0.0046154 
Potoroidae_Bettongia_lesueur                 0.0396151 0.0584184 0.0349530 0.0020310 0.0000000 0.0555705 0.0440488 0.0410622 0.0084503 0.0501676 0.0423885 0.0585762 0.0597438 0.0419430 0.0432241 0.0604068 0.0546643 0.0590761 0.0553311 0.0166061 0.0483538 0.0600410 0.0651798 0.0569624 0.0285781 0.0466728 0.0426339 0.0163050 0.0586821 0.0458339 0.0410058 0.0567100 0.0552581 0.0537819 0.0065353 0.0413981 0.0065353 
Dasyuridae_Dasyurus_maculatus                0.0466423 0.0566279 0.0446218 0.0554773 0.0555705 0.0000000 0.0512884 0.0502296 0.0577832 0.0504943 0.0505832 0.0090169 0.0127169 0.0518899 0.0515201 0.0104996 0.0031931 0.0143629 0.0552902 0.0585986 0.0557568 0.0595137 0.0622878 0.0080901 0.0555396 0.0494542 0.0474775 0.0570214 0.0603096 0.0560286 0.0493291 0.0536255 0.0029894 0.0558909 0.0029195 0.0539009 0.0029195 
Phalangeridae_Trichosurus_vulpecula          0.0341474 0.0577485 0.0372711 0.0447736 0.0440488 0.0512884 0.0000000 0.0131821 0.0460301 0.0475058 0.0143653 0.0520292 0.0527658 0.0143094 0.0383161 0.0541808 0.0503736 0.0513873 0.0533243 0.0419104 0.0463466 0.0599324 0.0632855 0.0513265 0.0438940 0.0448690 0.0378009 0.0405731 0.0521546 0.0410624 0.0124787 0.0528109 0.0510901 0.0522939 0.0087316 0.0369670 0.0087316 
Phalangeridae_Spilocuscus_maculatus          0.0313123 0.0559998 0.0346750 0.0417853 0.0410622 0.0502296 0.0131821 0.0000000 0.0436380 0.0464374 0.0073782 0.0500559 0.0518088 0.0060070 0.0376957 0.0532266 0.0494385 0.0508735 0.0518399 0.0402754 0.0443132 0.0565087 0.0596011 0.0498770 0.0422017 0.0436190 0.0376833 0.0389469 0.0517679 0.0411439 0.0051840 0.0520186 0.0509194 0.0505159 0.0114409 0.0372989 0.0114409 
Potoroidae_Aepyprymnus_rufescens             0.0409828 0.0617946 0.0380126 0.0086381 0.0084503 0.0577832 0.0460301 0.0436380 0.0000000 0.0519924 0.0432784 0.0610770 0.0621390 0.0433814 0.0438153 0.0635204 0.0579335 0.0615141 0.0571521 0.0163476 0.0491434 0.0634011 0.0679853 0.0591685 0.0288130 0.0505988 0.0445019 0.0165385 0.0623776 0.0479112 0.0424212 0.0577743 0.0583120 0.0555955 0.0114529 0.0414127 0.0114529 
Peramelidae_Perameles_nasuta                 0.0421079 0.0535382 0.0377927 0.0508959 0.0501676 0.0504943 0.0475058 0.0464374 0.0519924 0.0000000 0.0461000 0.0517085 0.0519428 0.0475241 0.0482114 0.0527306 0.0509854 0.0509469 0.0093640 0.0509526 0.0500889 0.0578149 0.0619084 0.0490219 0.0521086 0.0437178 0.0433196 0.0500702 0.0593163 0.0501602 0.0457870 0.0106989 0.0518456 0.0007906 0.0234027 0.0572325 0.0234027 
Phalangeridae_Strigocuscus_pelengensis       0.0309406 0.0576481 0.0354888 0.0417203 0.0423885 0.0505832 0.0143653 0.0073782 0.0432784 0.0461000 0.0000000 0.0501537 0.0521793 0.0064270 0.0367804 0.0536430 0.0499668 0.0515333 0.0521529 0.0411056 0.0448568 0.0576423 0.0622462 0.0511491 0.0424917 0.0447273 0.0368884 0.0394896 0.0513716 0.0413929 0.0056006 0.0527213 0.0509530 0.0510157 0.0047838 0.0348671 0.0047838 
Dasyuridae_Phascogale_tapoatafa              0.0480873 0.0564650 0.0469817 0.0584766 0.0585762 0.0090169 0.0520292 0.0500559 0.0610770 0.0517085 0.0501537 0.0000000 0.0135475 0.0520767 0.0535700 0.0017092 0.0096463 0.0155876 0.0559370 0.0628563 0.0591040 0.0611077 0.0645824 0.0040025 0.0580687 0.0528378 0.0514012 0.0602278 0.0612700 0.0576426 0.0494619 0.0556763 0.0098257 0.0555821 0.0065628 0.0575978 0.0065628 
Dasyuridae_Sminthopsis_macroura              0.0493298 0.0585657 0.0482766 0.0598617 0.0597438 0.0127169 0.0527658 0.0518088 0.0621390 0.0519428 0.0521793 0.0135475 0.0000000 0.0531942 0.0536416 0.0152293 0.0137929 0.0120380 0.0560725 0.0618466 0.0587234 0.0607043 0.0646938 0.0138800 0.0576729 0.0536597 0.0513555 0.0606130 0.0641359 0.0574588 0.0506347 0.0561926 0.0135232 0.0566732 0.0044729 0.0521126 0.0044729 
Phalangeridae_Phalanger_orientalis           0.0327445 0.0573049 0.0353787 0.0427102 0.0419430 0.0518899 0.0143094 0.0060070 0.0433814 0.0475241 0.0064270 0.0520767 0.0531942 0.0000000 0.0370182 0.0551662 0.0510180 0.0523675 0.0538762 0.0409824 0.0460337 0.0581886 0.0622021 0.0519669 0.0425638 0.0454864 0.0377843 0.0395987 0.0534369 0.0406949 0.0018348 0.0526092 0.0522548 0.0525901 0.0112597 0.0364300 0.0112597 
Acrobatidae_Acrobates_pygmaeus               0.0360713 0.0585815 0.0370736 0.0439627 0.0432241 0.0515201 0.0383161 0.0376957 0.0438153 0.0482114 0.0367804 0.0535700 0.0536416 0.0370182 0.0000000 0.0557497 0.0512031 0.0509569 0.0512289 0.0435173 0.0367357 0.0598406 0.0643868 0.0525579 0.0442613 0.0458929 0.0310557 0.0415519 0.0470410 0.0172665 0.0352415 0.0534615 0.0522075 0.0511461 0.0294422 0.0336756 0.0294422 
Dasyuridae_Phascogale_calura                 0.0502270 0.0588051 0.0487604 0.0603066 0.0604068 0.0104996 0.0541808 0.0532266 0.0635204 0.0527306 0.0536430 0.0017092 0.0152293 0.0551662 0.0557497 0.0000000 0.0108924 0.0176844 0.0577417 0.0638665 0.0607230 0.0625120 0.0656348 0.0051654 0.0603611 0.0537244 0.0526527 0.0615911 0.0628858 0.0601583 0.0525704 0.0579030 0.0110753 0.0573591 0.0065628 0.0575257 0.0065628 
Dasyuridae_Sarcophilus_harrisii              0.0457381 0.0570637 0.0438070 0.0544975 0.0546643 0.0031931 0.0503736 0.0494385 0.0579335 0.0509854 0.0499668 0.0096463 0.0137929 0.0510180 0.0512031 0.0108924 0.0000000 0.0150482 0.0547667 0.0582350 0.0554796 0.0598055 0.0625520 0.0085016 0.0552152 0.0496620 0.0472019 0.0567371 0.0600398 0.0559080 0.0484802 0.0540831 0.0031705 0.0556092 0.0029195 0.0533748 0.0029195 
Dasyuridae_Planigale_tenuirostris            0.0474534 0.0601853 0.0466139 0.0596051 0.0590761 0.0143629 0.0513873 0.0508735 0.0615141 0.0509469 0.0515333 0.0155876 0.0120380 0.0523675 0.0509569 0.0176844 0.0150482 0.0000000 0.0556144 0.0606719 0.0575534 0.0599444 0.0662737 0.0149995 0.0570981 0.0516205 0.0494620 0.0593805 0.0611631 0.0563272 0.0494584 0.0570396 0.0147853 0.0563750 0.0069293 0.0477506 0.0069293 
Peramelidae_Echymipera_kalubu                0.0479138 0.0567727 0.0425288 0.0560994 0.0553311 0.0552902 0.0533243 0.0518399 0.0571521 0.0093640 0.0521529 0.0559370 0.0560725 0.0538762 0.0512289 0.0577417 0.0547667 0.0556144 0.0000000 0.0559507 0.0578897 0.0588320 0.0629477 0.0538811 0.0547920 0.0475834 0.0494313 0.0547877 0.0626286 0.0556024 0.0522118 0.0125047 0.0553891 0.0102110 0.0231555 0.0588194 0.0231555 
Macropodidae_Dorcopsulus_vanheurni           0.0391467 0.0615774 0.0359814 0.0165598 0.0166061 0.0585986 0.0419104 0.0402754 0.0163476 0.0509526 0.0411056 0.0628563 0.0618466 0.0409824 0.0435173 0.0638665 0.0582350 0.0606719 0.0559507 0.0000000 0.0482700 0.0619890 0.0681543 0.0590679 0.0276759 0.0481352 0.0419309 0.0059443 0.0589780 0.0471640 0.0397362 0.0564341 0.0585338 0.0525302 0.0046040 0.0446586 0.0046040 
Pseudochiridae_Pseudochirulus_forbesi        0.0423333 0.0599109 0.0403333 0.0488428 0.0483538 0.0557568 0.0463466 0.0443132 0.0491434 0.0500889 0.0448568 0.0591040 0.0587234 0.0460337 0.0367357 0.0607230 0.0554796 0.0575534 0.0578897 0.0482700 0.0000000 0.0635407 0.0690430 0.0568142 0.0503034 0.0514455 0.0239179 0.0463248 0.0451629 0.0384393 0.0438835 0.0567955 0.0561811 0.0528799 0.0327699 0.0138998 0.0327699 
Didelphidae_Didelphis_virginiana             0.0551879 0.0588307 0.0498382 0.0607086 0.0600410 0.0595137 0.0599324 0.0565087 0.0634011 0.0578149 0.0576423 0.0611077 0.0607043 0.0581886 0.0598406 0.0625120 0.0598055 0.0599444 0.0588320 0.0619890 0.0635407 0.0000000 0.0173778 0.0606050 0.0576666 0.0550032 0.0575854 0.0595379 0.0713773 0.0612022 0.0571792 0.0640552 0.0589346 0.0593774 0.0259784 0.0603390 0.0259784 
Marmosidae_Monodelphis_domestica             0.0573014 0.0618955 0.0534767 0.0655813 0.0651798 0.0622878 0.0632855 0.0596011 0.0679853 0.0619084 0.0622462 0.0645824 0.0646938 0.0622021 0.0643868 0.0656348 0.0625520 0.0662737 0.0629477 0.0681543 0.0690430 0.0173778 0.0000000 0.0647800 0.0625172 0.0614395 0.0606369 0.0659076 0.0754710 0.0659258 0.0604756 0.0680053 0.0624994 0.0628338 0.0254407 0.0650983 0.0254407 
Dasyuridae_Antechinus_stuartii               0.0465274 0.0549835 0.0432376 0.0571447 0.0569624 0.0080901 0.0513265 0.0498770 0.0591685 0.0490219 0.0511491 0.0040025 0.0138800 0.0519669 0.0525579 0.0051654 0.0085016 0.0149995 0.0538811 0.0590679 0.0568142 0.0606050 0.0647800 0.0000000 0.0557228 0.0505666 0.0487728 0.0575413 0.0572761 0.0571701 0.0490685 0.0533960 0.0086925 0.0533128 0.0029052 0.0536949 0.0029052 
Hypsiprymnodontidae_Hypsiprymnodon_moschatus 0.0388717 0.0584564 0.0395628 0.0288115 0.0285781 0.0555396 0.0438940 0.0422017 0.0288130 0.0521086 0.0424917 0.0580687 0.0576729 0.0425638 0.0442613 0.0603611 0.0552152 0.0570981 0.0547920 0.0276759 0.0503034 0.0576666 0.0625172 0.0557228 0.0000000 0.0492562 0.0442890 0.0272753 0.0620808 0.0470789 0.0410231 0.0555591 0.0551506 0.0549333 0.0029010 0.0444028 0.0029010 
Microbiotheriidae_Dromiciops_gliroides       0.0424705 0.0572447 0.0376127 0.0482779 0.0466728 0.0494542 0.0448690 0.0436190 0.0505988 0.0437178 0.0447273 0.0528378 0.0536597 0.0454864 0.0458929 0.0537244 0.0496620 0.0516205 0.0475834 0.0481352 0.0514455 0.0550032 0.0614395 0.0505666 0.0492562 0.0000000 0.0425965 0.0473109 0.0563958 0.0484801 0.0436764 0.0504521 0.0499443 0.0465095 0.0095575 0.0582160 0.0095575 
Pseudochiridae_Petauroides_volans            0.0325522 0.0539575 0.0323424 0.0432619 0.0426339 0.0474775 0.0378009 0.0376833 0.0445019 0.0433196 0.0368884 0.0514012 0.0513555 0.0377843 0.0310557 0.0526527 0.0472019 0.0494620 0.0494313 0.0419309 0.0239179 0.0575854 0.0606369 0.0487728 0.0442890 0.0425965 0.0000000 0.0401161 0.0344967 0.0346001 0.0357660 0.0504868 0.0479097 0.0466673 0.0294781 0.0233765 0.0294781 
Macropodidae_Wallabia_bicolor                0.0370590 0.0602522 0.0360667 0.0160426 0.0163050 0.0570214 0.0405731 0.0389469 0.0165385 0.0500702 0.0394896 0.0602278 0.0606130 0.0395987 0.0415519 0.0615911 0.0567371 0.0593805 0.0547877 0.0059443 0.0463248 0.0595379 0.0659076 0.0575413 0.0272753 0.0473109 0.0401161 0.0000000 0.0580938 0.0453457 0.0383951 0.0551298 0.0564267 0.0522615 0.0046040 0.0470565 0.0046040 
Tarsipedidae_Tarsipes_rostratus              0.0502421 0.0678729 0.0478091 0.0592877 0.0586821 0.0603096 0.0521546 0.0517679 0.0623776 0.0593163 0.0513716 0.0612700 0.0641359 0.0534369 0.0470410 0.0628858 0.0600398 0.0611631 0.0626286 0.0589780 0.0451629 0.0713773 0.0754710 0.0572761 0.0620808 0.0563958 0.0344967 0.0580938 0.0000000 0.0503956 0.0512632 0.0629125 0.0607184 0.0632030 0.0436892 0.0518809 0.0436892 
Acrobatidae_Distoechurus_pennatus            0.0388989 0.0603806 0.0393094 0.0466165 0.0458339 0.0560286 0.0410624 0.0411439 0.0479112 0.0501602 0.0413929 0.0576426 0.0574588 0.0406949 0.0172665 0.0601583 0.0559080 0.0563272 0.0556024 0.0471640 0.0384393 0.0612022 0.0659258 0.0571701 0.0470789 0.0484801 0.0346001 0.0453457 0.0503956 0.0000000 0.0388795 0.0563566 0.0568408 0.0545911 0.0306443 0.0382899 0.0306443 
Phalangeridae_Phalanger_carmelitae           0.0308033 0.0559568 0.0344969 0.0417701 0.0410058 0.0493291 0.0124787 0.0051840 0.0424212 0.0457870 0.0056006 0.0494619 0.0506347 0.0018348 0.0352415 0.0525704 0.0484802 0.0494584 0.0522118 0.0397362 0.0438835 0.0571792 0.0604756 0.0490685 0.0410231 0.0436764 0.0357660 0.0383951 0.0512632 0.0388795 0.0000000 0.0511500 0.0497129 0.0509347 0.0112597 0.0349942 0.0112597 
Peramelidae_Peroryctes_raffrayana            0.0498529 0.0597441 0.0448499 0.0577813 0.0567100 0.0536255 0.0528109 0.0520186 0.0577743 0.0106989 0.0527213 0.0556763 0.0561926 0.0526092 0.0534615 0.0579030 0.0540831 0.0570396 0.0125047 0.0564341 0.0567955 0.0640552 0.0680053 0.0533960 0.0555591 0.0504521 0.0504868 0.0551298 0.0629125 0.0563566 0.0511500 0.0000000 0.0539079 0.0118337 0.0094372 0.0582942 0.0094372 
Dasyuridae_Dasyurus_geffroii                 0.0470491 0.0576034 0.0450435 0.0554386 0.0552581 0.0029894 0.0510901 0.0509194 0.0583120 0.0518456 0.0509530 0.0098257 0.0135232 0.0522548 0.0522075 0.0110753 0.0031705 0.0147853 0.0553891 0.0585338 0.0561811 0.0589346 0.0624994 0.0086925 0.0551506 0.0499443 0.0479097 0.0564267 0.0607184 0.0568408 0.0497129 0.0539079 0.0000000 0.0562306 0.0029195 0.0551170 0.0029195 
Peramelidae_Perameles_gunnii                 0.0466630 0.0565010 0.0402211 0.0545222 0.0537819 0.0558909 0.0522939 0.0505159 0.0555955 0.0007906 0.0510157 0.0555821 0.0566732 0.0525901 0.0511461 0.0573591 0.0556092 0.0563750 0.0102110 0.0525302 0.0528799 0.0593774 0.0628338 0.0533128 0.0549333 0.0465095 0.0466673 0.0522615 0.0632030 0.0545911 0.0509347 0.0118337 0.0562306 0.0000000 0.0203749 0.0561628 0.0203749 
Myrmecobiidae_Myrmecobius_fasciatus1         0.0143951 0.0129956 0.0318585 0.0046154 0.0065353 0.0029195 0.0087316 0.0114409 0.0114529 0.0234027 0.0047838 0.0065628 0.0044729 0.0112597 0.0294422 0.0065628 0.0029195 0.0069293 0.0231555 0.0046040 0.0327699 0.0259784 0.0254407 0.0029052 0.0029010 0.0095575 0.0294781 0.0046040 0.0436892 0.0306443 0.0112597 0.0094372 0.0029195 0.0203749 0.0000000 0.0298750 0.0000010 
Pseudochiridae_Pseudocheirus_occidentalis    0.0413059 0.0604230 0.0415640 0.0410378 0.0413981 0.0539009 0.0369670 0.0372989 0.0414127 0.0572325 0.0348671 0.0575978 0.0521126 0.0364300 0.0336756 0.0575257 0.0533748 0.0477506 0.0588194 0.0446586 0.0138998 0.0603390 0.0650983 0.0536949 0.0444028 0.0582160 0.0233765 0.0470565 0.0518809 0.0382899 0.0349942 0.0582942 0.0551170 0.0561628 0.0298750 0.0000000 0.0298750 
Myrmecobiidae_Myrmecobius_fasciatus2         0.0143951 0.0129956 0.0318585 0.0046154 0.0065353 0.0029195 0.0087316 0.0114409 0.0114529 0.0234027 0.0047838 0.0065628 0.0044729 0.0112597 0.0294422 0.0065628 0.0029195 0.0069293 0.0231555 0.0046040 0.0327699 0.0259784 0.0254407 0.0029052 0.0029010 0.0095575 0.0294781 0.0046040 0.0436892 0.0306443 0.0112597 0.0094372 0.0029195 0.0203749 0.0000010 0.0298750 0.0000000 
