35
Burramyidae_Burramys_parvus                  0.0000000 0.0630354 0.0460660 0.0516510 0.0506537 0.0714500 0.0460288 0.0422819 0.0498219 0.0670250 0.0475704 0.0731816 0.0734716 0.0413931 0.0476557 0.0722662 0.0686344 0.0706003 0.0638631 0.0452226 0.0486717 0.0859787 0.1061510 0.0719764 0.0470824 0.0521036 0.0445766 0.0442178 0.0478040 0.0502923 0.0468031 0.0444460 0.0689446 0.0692785 0.0666118 
Notoryctidae_Notoryctes_typhlops             0.0630354 0.0000000 0.0684114 0.0771530 0.0773441 0.0898138 0.0785158 0.0732316 0.0785495 0.0772780 0.0801319 0.0893113 0.0896070 0.0722988 0.0780003 0.0905292 0.0871481 0.0864337 0.0747327 0.0741193 0.0818212 0.0956786 0.1223691 0.0886598 0.0735088 0.0708183 0.0803464 0.0726947 0.0805103 0.0827683 0.0821539 0.0766602 0.0785436 0.0883236 0.0780918 
Vombatidae_Lasiorhinus_latifrons             0.0460660 0.0684114 0.0000000 0.0555615 0.0556685 0.0787915 0.0557197 0.0494601 0.0559768 0.0694675 0.0568685 0.0759805 0.0786823 0.0508992 0.0551297 0.0758909 0.0758905 0.0746424 0.0686000 0.0506841 0.0567958 0.0885425 0.1108215 0.0770336 0.0528868 0.0592796 0.0545896 0.0518441 0.0530714 0.0614336 0.0615124 0.0544016 0.0728386 0.0786336 0.0688297 
Potoroidae_Bettongia_penicillata             0.0516510 0.0771530 0.0555615 0.0000000 0.0045694 0.0866773 0.0582116 0.0524050 0.0118675 0.0768688 0.0595591 0.0862009 0.0823912 0.0522574 0.0558494 0.0848843 0.0823235 0.0832749 0.0777483 0.0205612 0.0553981 0.0987940 0.1156507 0.0833538 0.0354296 0.0706357 0.0524248 0.0211991 0.0537578 0.0600737 0.0588274 0.0561510 0.0788916 0.0852435 0.0776393 
Potoroidae_Bettongia_lesueur                 0.0506537 0.0773441 0.0556685 0.0045694 0.0000000 0.0872184 0.0571480 0.0513235 0.0112099 0.0778894 0.0585483 0.0867380 0.0829231 0.0511159 0.0551471 0.0845754 0.0828499 0.0843531 0.0773508 0.0195099 0.0550802 0.0988836 0.1157965 0.0834722 0.0354712 0.0698816 0.0521031 0.0201839 0.0529873 0.0593655 0.0577386 0.0550585 0.0809597 0.0857798 0.0780744 
Dasyuridae_Dasyurus_maculatus                0.0714500 0.0898138 0.0787915 0.0866773 0.0872184 0.0000000 0.0873447 0.0801583 0.0866702 0.0899789 0.0877741 0.0214654 0.0304556 0.0809662 0.0838227 0.0221659 0.0046123 0.0274370 0.0904307 0.0829579 0.0813992 0.1047641 0.1186842 0.0226074 0.0844770 0.0827994 0.0819788 0.0838362 0.0812896 0.0924431 0.0851478 0.0836523 0.0957158 0.0042788 0.0899872 
Phalangeridae_Trichosurus_vulpecula          0.0460288 0.0785158 0.0557197 0.0582116 0.0571480 0.0873447 0.0000000 0.0277641 0.0582392 0.0768742 0.0251912 0.0884172 0.0884123 0.0282419 0.0551780 0.0870327 0.0848564 0.0851741 0.0765028 0.0509430 0.0538539 0.0981578 0.1134395 0.0881531 0.0541179 0.0681821 0.0509438 0.0517268 0.0530360 0.0639161 0.0581737 0.0217077 0.0827944 0.0855847 0.0767138 
Phalangeridae_Spilocuscus_maculatus          0.0422819 0.0732316 0.0494601 0.0524050 0.0513235 0.0801583 0.0277641 0.0000000 0.0531647 0.0695889 0.0218462 0.0808093 0.0816442 0.0096063 0.0501622 0.0789769 0.0777623 0.0789663 0.0708452 0.0445831 0.0523850 0.0894115 0.1028379 0.0801571 0.0499607 0.0647248 0.0501499 0.0467750 0.0478325 0.0581555 0.0531074 0.0184954 0.0741052 0.0784486 0.0714779 
Potoroidae_Aepyprymnus_rufescens             0.0498219 0.0785495 0.0559768 0.0118675 0.0112099 0.0866702 0.0582392 0.0531647 0.0000000 0.0773251 0.0592182 0.0878829 0.0840729 0.0530201 0.0546160 0.0865674 0.0823164 0.0847272 0.0773328 0.0194837 0.0557028 0.0983190 0.1130058 0.0850347 0.0368675 0.0707536 0.0512648 0.0205030 0.0515523 0.0604579 0.0579718 0.0561441 0.0793383 0.0852364 0.0788896 
Peramelidae_Perameles_nasuta                 0.0670250 0.0772780 0.0694675 0.0768688 0.0778894 0.0899789 0.0768742 0.0695889 0.0773251 0.0000000 0.0774052 0.0880383 0.0891628 0.0666954 0.0743408 0.0893527 0.0864290 0.0877487 0.0128783 0.0746739 0.0808077 0.0932221 0.1174155 0.0911810 0.0768421 0.0737505 0.0757768 0.0748464 0.0790336 0.0787306 0.0781655 0.0742068 0.0153267 0.0892429 0.0014416 
Phalangeridae_Strigocuscus_pelengensis       0.0475704 0.0801319 0.0568685 0.0595591 0.0585483 0.0877741 0.0251912 0.0218462 0.0592182 0.0774052 0.0000000 0.0889211 0.0907347 0.0212469 0.0544605 0.0869883 0.0856912 0.0868783 0.0771261 0.0493428 0.0588067 0.0977495 0.1076404 0.0889204 0.0555400 0.0692540 0.0554642 0.0526584 0.0537886 0.0657813 0.0591516 0.0104044 0.0818423 0.0859968 0.0777628 
Dasyuridae_Phascogale_tapoatafa              0.0731816 0.0893113 0.0759805 0.0862009 0.0867380 0.0214654 0.0884172 0.0808093 0.0878829 0.0880383 0.0889211 0.0000000 0.0274306 0.0816197 0.0846667 0.0036224 0.0178657 0.0267600 0.0871699 0.0864612 0.0839619 0.1033657 0.1164572 0.0104142 0.0854428 0.0815441 0.0842702 0.0859522 0.0823707 0.0915779 0.0870115 0.0855655 0.0909985 0.0210759 0.0886890 
Dasyuridae_Sminthopsis_macroura              0.0734716 0.0896070 0.0786823 0.0823912 0.0829231 0.0304556 0.0884123 0.0816442 0.0840729 0.0891628 0.0907347 0.0274306 0.0000000 0.0828881 0.0812635 0.0264553 0.0277369 0.0220543 0.0922177 0.0830895 0.0827757 0.1036986 0.1215851 0.0268025 0.0812188 0.0804878 0.0828055 0.0809627 0.0818888 0.0855161 0.0858968 0.0873178 0.0921970 0.0300341 0.0896158 
Phalangeridae_Phalanger_orientalis           0.0413931 0.0722988 0.0508992 0.0522574 0.0511159 0.0809662 0.0282419 0.0096063 0.0530201 0.0666954 0.0212469 0.0816197 0.0828881 0.0000000 0.0519857 0.0797776 0.0780857 0.0787391 0.0697813 0.0446898 0.0530099 0.0887377 0.1032265 0.0809474 0.0501866 0.0637860 0.0507662 0.0477437 0.0483976 0.0600411 0.0522010 0.0140504 0.0711180 0.0792450 0.0691927 
Acrobatidae_Acrobates_pygmaeus               0.0476557 0.0780003 0.0551297 0.0558494 0.0551471 0.0838227 0.0551780 0.0501622 0.0546160 0.0743408 0.0544605 0.0846667 0.0812635 0.0519857 0.0000000 0.0837773 0.0812806 0.0822355 0.0736911 0.0450884 0.0469504 0.0932277 0.1056198 0.0856134 0.0504110 0.0666032 0.0446685 0.0479152 0.0454215 0.0519753 0.0313131 0.0550656 0.0773103 0.0815584 0.0760735 
Dasyuridae_Phascogale_calura                 0.0722662 0.0905292 0.0758909 0.0848843 0.0845754 0.0221659 0.0870327 0.0789769 0.0865674 0.0893527 0.0869883 0.0036224 0.0264553 0.0797776 0.0837773 0.0000000 0.0189113 0.0263712 0.0892951 0.0850425 0.0839138 0.1037959 0.1157009 0.0100455 0.0853400 0.0814867 0.0837939 0.0853802 0.0822591 0.0906895 0.0860363 0.0837129 0.0935525 0.0217745 0.0898449 
Dasyuridae_Sarcophilus_harrisii              0.0686344 0.0871481 0.0758905 0.0823235 0.0828499 0.0046123 0.0848564 0.0777623 0.0823164 0.0864290 0.0856912 0.0178657 0.0277369 0.0780857 0.0812806 0.0189113 0.0000000 0.0244097 0.0876748 0.0798455 0.0784829 0.1016640 0.1160115 0.0203867 0.0819327 0.0803379 0.0794383 0.0808738 0.0780755 0.0893613 0.0831670 0.0812073 0.0921804 0.0049354 0.0872372 
Dasyuridae_Planigale_tenuirostris            0.0706003 0.0864337 0.0746424 0.0832749 0.0843531 0.0274370 0.0851741 0.0789663 0.0847272 0.0877487 0.0868783 0.0267600 0.0220543 0.0787391 0.0822355 0.0263712 0.0244097 0.0000000 0.0878480 0.0811890 0.0824764 0.1030281 0.1178854 0.0261519 0.0821478 0.0781325 0.0832957 0.0818537 0.0824171 0.0879962 0.0854288 0.0830798 0.0932826 0.0270446 0.0878408 
Peramelidae_Echymipera_kalubu                0.0638631 0.0747327 0.0686000 0.0777483 0.0773508 0.0904307 0.0765028 0.0708452 0.0773328 0.0128783 0.0771261 0.0871699 0.0922177 0.0697813 0.0736911 0.0892951 0.0876748 0.0878480 0.0000000 0.0732929 0.0773893 0.0904049 0.1145383 0.0919785 0.0752417 0.0718482 0.0733287 0.0713684 0.0750805 0.0804471 0.0783804 0.0745410 0.0106559 0.0893877 0.0147711 
Macropodidae_Dorcopsulus_vanheurni           0.0452226 0.0741193 0.0506841 0.0205612 0.0195099 0.0829579 0.0509430 0.0445831 0.0194837 0.0746739 0.0493428 0.0864612 0.0830895 0.0446898 0.0450884 0.0850425 0.0798455 0.0811890 0.0732929 0.0000000 0.0517035 0.0952183 0.1044849 0.0834569 0.0312804 0.0646478 0.0470362 0.0064840 0.0478452 0.0547720 0.0496907 0.0475038 0.0780594 0.0806215 0.0744784 
Pseudochiridae_Pseudochirulus_forbesi        0.0486717 0.0818212 0.0567958 0.0553981 0.0550802 0.0813992 0.0538539 0.0523850 0.0557028 0.0808077 0.0588067 0.0839619 0.0827757 0.0530099 0.0469504 0.0839138 0.0784829 0.0824764 0.0773893 0.0517035 0.0000000 0.0961846 0.1148455 0.0840800 0.0510762 0.0701704 0.0274876 0.0520110 0.0154065 0.0471070 0.0483063 0.0553458 0.0830392 0.0799905 0.0798942 
Didelphidae_Didelphis_virginiana             0.0859787 0.0956786 0.0885425 0.0987940 0.0988836 0.1047641 0.0981578 0.0894115 0.0983190 0.0932221 0.0977495 0.1033657 0.1036986 0.0887377 0.0932277 0.1037959 0.1016640 0.1030281 0.0904049 0.0952183 0.0961846 0.0000000 0.0651170 0.1060203 0.0943520 0.0867298 0.0993521 0.0945110 0.0999405 0.1034365 0.1000950 0.0935138 0.0925082 0.1045263 0.0922040 
Marmosidae_Monodelphis_domestica             0.1061510 0.1223691 0.1108215 0.1156507 0.1157965 0.1186842 0.1134395 0.1028379 0.1130058 0.1174155 0.1076404 0.1164572 0.1215851 0.1032265 0.1056198 0.1157009 0.1160115 0.1178854 0.1145383 0.1044849 0.1148455 0.0651170 0.0000000 0.1190685 0.1079972 0.1094273 0.1181050 0.1055357 0.1171507 0.1172413 0.1161210 0.1039653 0.1252665 0.1184653 0.1138590 
Dasyuridae_Antechinus_stuartii               0.0719764 0.0886598 0.0770336 0.0833538 0.0834722 0.0226074 0.0881531 0.0801571 0.0850347 0.0911810 0.0889204 0.0104142 0.0268025 0.0809474 0.0856134 0.0100455 0.0203867 0.0261519 0.0919785 0.0834569 0.0840800 0.1060203 0.1190685 0.0000000 0.0833788 0.0816772 0.0840339 0.0838167 0.0825183 0.0896284 0.0861181 0.0851989 0.0948684 0.0229535 0.0915239 
Hypsiprymnodontidae_Hypsiprymnodon_moschatus 0.0470824 0.0735088 0.0528868 0.0354296 0.0354712 0.0844770 0.0541179 0.0499607 0.0368675 0.0768421 0.0555400 0.0854428 0.0812188 0.0501866 0.0504110 0.0853400 0.0819327 0.0821478 0.0752417 0.0312804 0.0510762 0.0943520 0.1079972 0.0833788 0.0000000 0.0651721 0.0487796 0.0301081 0.0512149 0.0550380 0.0548835 0.0532991 0.0774906 0.0818027 0.0767929 
Microbiotheriidae_Dromiciops_gliroides       0.0521036 0.0708183 0.0592796 0.0706357 0.0698816 0.0827994 0.0681821 0.0647248 0.0707536 0.0737505 0.0692540 0.0815441 0.0804878 0.0637860 0.0666032 0.0814867 0.0803379 0.0781325 0.0718482 0.0646478 0.0701704 0.0867298 0.1094273 0.0816772 0.0651721 0.0000000 0.0696728 0.0647601 0.0732530 0.0767968 0.0709215 0.0664386 0.0773102 0.0808796 0.0738925 
Pseudochiridae_Petauroides_volans            0.0445766 0.0803464 0.0545896 0.0524248 0.0521031 0.0819788 0.0509438 0.0501499 0.0512648 0.0757768 0.0554642 0.0842702 0.0828055 0.0507662 0.0446685 0.0837939 0.0794383 0.0832957 0.0733287 0.0470362 0.0274876 0.0993521 0.1181050 0.0840339 0.0487796 0.0696728 0.0000000 0.0482931 0.0257209 0.0451473 0.0468998 0.0512629 0.0793584 0.0797168 0.0768728 
Macropodidae_Wallabia_bicolor                0.0442178 0.0726947 0.0518441 0.0211991 0.0201839 0.0838362 0.0517268 0.0467750 0.0205030 0.0748464 0.0526584 0.0859522 0.0809627 0.0477437 0.0479152 0.0853802 0.0808738 0.0818537 0.0713684 0.0064840 0.0520110 0.0945110 0.1055357 0.0838167 0.0301081 0.0647601 0.0482931 0.0000000 0.0483987 0.0553681 0.0520003 0.0500597 0.0767224 0.0815773 0.0737398 
Pseudochiridae_Pseudocheirus_occidentalis    0.0478040 0.0805103 0.0530714 0.0537578 0.0529873 0.0812896 0.0530360 0.0478325 0.0515523 0.0790336 0.0537886 0.0823707 0.0818888 0.0483976 0.0454215 0.0822591 0.0780755 0.0824171 0.0750805 0.0478452 0.0154065 0.0999405 0.1171507 0.0825183 0.0512149 0.0732530 0.0257209 0.0483987 0.0000000 0.0455024 0.0465652 0.0519263 0.0833295 0.0797414 0.0782333 
Tarsipedidae_Tarsipes_rostratus              0.0502923 0.0827683 0.0614336 0.0600737 0.0593655 0.0924431 0.0639161 0.0581555 0.0604579 0.0787306 0.0657813 0.0915779 0.0855161 0.0600411 0.0519753 0.0906895 0.0893613 0.0879962 0.0804471 0.0547720 0.0471070 0.1034365 0.1172413 0.0896284 0.0550380 0.0767968 0.0451473 0.0553681 0.0455024 0.0000000 0.0542480 0.0637764 0.0800197 0.0909637 0.0811883 
Acrobatidae_Distoechurus_pennatus            0.0468031 0.0821539 0.0615124 0.0588274 0.0577386 0.0851478 0.0581737 0.0531074 0.0579718 0.0781655 0.0591516 0.0870115 0.0858968 0.0522010 0.0313131 0.0860363 0.0831670 0.0854288 0.0783804 0.0496907 0.0483063 0.1000950 0.1161210 0.0861181 0.0548835 0.0709215 0.0468998 0.0520003 0.0465652 0.0542480 0.0000000 0.0556927 0.0820935 0.0828888 0.0791121 
Phalangeridae_Phalanger_carmelitae           0.0444460 0.0766602 0.0544016 0.0561510 0.0550585 0.0836523 0.0217077 0.0184954 0.0561441 0.0742068 0.0104044 0.0855655 0.0873178 0.0140504 0.0550656 0.0837129 0.0812073 0.0830798 0.0745410 0.0475038 0.0553458 0.0935138 0.1039653 0.0851989 0.0532991 0.0664386 0.0512629 0.0500597 0.0519263 0.0637764 0.0556927 0.0000000 0.0786964 0.0819152 0.0751734 
Peramelidae_Peroryctes_raffrayana            0.0689446 0.0785436 0.0728386 0.0788916 0.0809597 0.0957158 0.0827944 0.0741052 0.0793383 0.0153267 0.0818423 0.0909985 0.0921970 0.0711180 0.0773103 0.0935525 0.0921804 0.0932826 0.0106559 0.0780594 0.0830392 0.0925082 0.1252665 0.0948684 0.0774906 0.0773102 0.0793584 0.0767224 0.0833295 0.0800197 0.0820935 0.0786964 0.0000000 0.0948638 0.0170221 
Dasyuridae_Dasyurus_geffroii                 0.0692785 0.0883236 0.0786336 0.0852435 0.0857798 0.0042788 0.0855847 0.0784486 0.0852364 0.0892429 0.0859968 0.0210759 0.0300341 0.0792450 0.0815584 0.0217745 0.0049354 0.0270446 0.0893877 0.0806215 0.0799905 0.1045263 0.1184653 0.0229535 0.0818027 0.0808796 0.0797168 0.0815773 0.0797414 0.0909637 0.0828888 0.0819152 0.0948638 0.0000000 0.0898019 
Peramelidae_Perameles_gunnii                 0.0666118 0.0780918 0.0688297 0.0776393 0.0780744 0.0899872 0.0767138 0.0714779 0.0788896 0.0014416 0.0777628 0.0886890 0.0896158 0.0691927 0.0760735 0.0898449 0.0872372 0.0878408 0.0147711 0.0744784 0.0798942 0.0922040 0.1138590 0.0915239 0.0767929 0.0738925 0.0768728 0.0737398 0.0782333 0.0811883 0.0791121 0.0751734 0.0170221 0.0898019 0.0000000 
