35
Burramyidae_Burramys_parvus                  0.0000000 0.0974832 0.0801448 0.0597205 0.0717360 0.0931143 0.0514622 0.0554872 0.0698561 0.0959257 0.0493058 0.0957568 0.1177758 0.0568219 0.0559986 0.0940985 0.1073805 0.1049403 0.0959615 0.0565937 0.0702544 0.1027962 0.0939965 0.1003321 0.0699134 0.0721042 0.0578445 0.0543599 0.0671045 0.0872181 0.0659527 0.0596666 0.0914431 0.1080161 0.0953377 
Notoryctidae_Notoryctes_typhlops             0.0974832 0.0000000 0.1002608 0.1014248 0.1083536 0.1016999 0.0946480 0.0962037 0.1114447 0.0907755 0.0915997 0.1057285 0.1200822 0.1015293 0.1049304 0.1019563 0.1167887 0.1105181 0.0980038 0.0987562 0.1068525 0.1001281 0.1103136 0.1067184 0.1088206 0.0907658 0.0996548 0.0977377 0.1065297 0.1228696 0.1021320 0.1018666 0.0895975 0.1159376 0.0918196 
Vombatidae_Lasiorhinus_latifrons             0.0801448 0.1002608 0.0000000 0.0718453 0.0851941 0.0904476 0.0668906 0.0704717 0.0863122 0.0951116 0.0608375 0.0959542 0.1153451 0.0731598 0.0761243 0.0943397 0.1119854 0.0974642 0.0932953 0.0697608 0.0829149 0.1024362 0.1012052 0.1010682 0.0839396 0.0778759 0.0746748 0.0680901 0.0817694 0.1041008 0.0726244 0.0746599 0.0893861 0.1053820 0.0953499 
Potoroidae_Bettongia_penicillata             0.0597205 0.1014248 0.0718453 0.0000000 0.0031881 0.0909590 0.0490727 0.0530822 0.0074389 0.0899751 0.0492478 0.0947201 0.1209769 0.0541126 0.0705735 0.0927637 0.1129114 0.1055542 0.0905182 0.0175323 0.0672130 0.0804463 0.0933516 0.1016355 0.0304559 0.0805605 0.0650446 0.0164579 0.0687203 0.0895161 0.0658261 0.0524924 0.0854488 0.1149414 0.0893127 
Potoroidae_Bettongia_lesueur                 0.0717360 0.1083536 0.0851941 0.0031881 0.0000000 0.1021283 0.0548100 0.0574899 0.0088927 0.1001119 0.0566788 0.1042843 0.1277319 0.0599554 0.0686480 0.1038473 0.1197429 0.1124217 0.0992290 0.0168289 0.0766712 0.1045058 0.1026053 0.1138635 0.0331299 0.0862120 0.0737374 0.0157740 0.0774670 0.1011160 0.0740789 0.0568187 0.0951251 0.1208960 0.1000366 
Dasyuridae_Dasyurus_maculatus                0.0931143 0.1016999 0.0904476 0.0909590 0.1021283 0.0000000 0.0836099 0.0883914 0.1028497 0.0934811 0.0796592 0.0155762 0.0270207 0.0901520 0.0984282 0.0146404 0.0084359 0.0261080 0.0912854 0.0899039 0.0942730 0.1069717 0.1198550 0.0178250 0.0985900 0.0751560 0.0953923 0.0852610 0.0936819 0.1295811 0.0967932 0.0936675 0.0874545 0.0054341 0.0938754 
Phalangeridae_Trichosurus_vulpecula          0.0514622 0.0946480 0.0668906 0.0490727 0.0548100 0.0836099 0.0000000 0.0179564 0.0542483 0.0862450 0.0266278 0.0922662 0.1144394 0.0201025 0.0509140 0.0905860 0.1067376 0.1002839 0.0883226 0.0483760 0.0584743 0.0929382 0.0806435 0.0927269 0.0512579 0.0696283 0.0555124 0.0471819 0.0585274 0.0844858 0.0591881 0.0200399 0.0823332 0.1062243 0.0861650 
Phalangeridae_Spilocuscus_maculatus          0.0554872 0.0962037 0.0704717 0.0530822 0.0574899 0.0883914 0.0179564 0.0000000 0.0595771 0.0888124 0.0171093 0.0963694 0.1220901 0.0111673 0.0580433 0.0946884 0.1094570 0.1050000 0.0893960 0.0504425 0.0621264 0.0952422 0.0883440 0.0968115 0.0559064 0.0743546 0.0561917 0.0511182 0.0613864 0.0881698 0.0624104 0.0100393 0.0848659 0.1109604 0.0882156 
Potoroidae_Aepyprymnus_rufescens             0.0698561 0.1114447 0.0863122 0.0074389 0.0088927 0.1028497 0.0542483 0.0595771 0.0000000 0.1009681 0.0580412 0.1028223 0.1268978 0.0604584 0.0667987 0.1024001 0.1193202 0.1103814 0.0982892 0.0170301 0.0771230 0.1049493 0.1015662 0.1113726 0.0337275 0.0877061 0.0724375 0.0162154 0.0768445 0.1000909 0.0755747 0.0571838 0.0955065 0.1207091 0.1008977 
Peramelidae_Perameles_nasuta                 0.0959257 0.0907755 0.0951116 0.0899751 0.1001119 0.0934811 0.0862450 0.0888124 0.1009681 0.0000000 0.0838813 0.1033967 0.1209130 0.0912342 0.0962027 0.1023726 0.1099254 0.1106513 0.0125216 0.0897429 0.0969938 0.0847548 0.1009566 0.1079383 0.1024544 0.0873542 0.0941934 0.0892149 0.0975513 0.1249136 0.0947458 0.0927004 0.0092748 0.1078156 0.0003475 
Phalangeridae_Strigocuscus_pelengensis       0.0493058 0.0915997 0.0608375 0.0492478 0.0566788 0.0796592 0.0266278 0.0171093 0.0580412 0.0838813 0.0000000 0.0853146 0.1106648 0.0209888 0.0548481 0.0837401 0.1040159 0.0950562 0.0827404 0.0483575 0.0519688 0.0864993 0.0840146 0.0883190 0.0607042 0.0666048 0.0455356 0.0488827 0.0512080 0.0754299 0.0545889 0.0211763 0.0795088 0.1019243 0.0839157 
Dasyuridae_Phascogale_tapoatafa              0.0957568 0.1057285 0.0959542 0.0947201 0.1042843 0.0155762 0.0922662 0.0963694 0.1028223 0.1033967 0.0853146 0.0000000 0.0269922 0.0983298 0.0969120 0.0028511 0.0193281 0.0257415 0.1011844 0.0951360 0.1009323 0.1155618 0.1204969 0.0095074 0.1077386 0.0800342 0.0961535 0.0881506 0.0976211 0.1291250 0.0962345 0.1019522 0.0971224 0.0155927 0.1051855 
Dasyuridae_Sminthopsis_macroura              0.1177758 0.1200822 0.1153451 0.1209769 0.1277319 0.0270207 0.1144394 0.1220901 0.1268978 0.1209130 0.1106648 0.0269922 0.0000000 0.1268247 0.1320823 0.0258259 0.0342506 0.0286397 0.1212000 0.1215521 0.1284605 0.1305769 0.1341389 0.0301751 0.1196747 0.0983217 0.1236206 0.1150626 0.1246769 0.1538219 0.1258785 0.1273899 0.1150743 0.0301428 0.1219495 
Phalangeridae_Phalanger_orientalis           0.0568219 0.1015293 0.0731598 0.0541126 0.0599554 0.0901520 0.0201025 0.0111673 0.0604584 0.0912342 0.0209888 0.0983298 0.1268247 0.0000000 0.0573907 0.0965932 0.1153555 0.1108935 0.0935431 0.0531572 0.0642962 0.1011758 0.0904433 0.0994292 0.0571182 0.0785920 0.0597113 0.0518170 0.0639230 0.0915319 0.0647037 0.0055509 0.0885668 0.1142536 0.0911048 
Acrobatidae_Acrobates_pygmaeus               0.0559986 0.1049304 0.0761243 0.0705735 0.0686480 0.0984282 0.0509140 0.0580433 0.0667987 0.0962027 0.0548481 0.0969120 0.1320823 0.0573907 0.0000000 0.0957137 0.1177417 0.1128718 0.0961633 0.0676550 0.0544848 0.1083515 0.0954390 0.1024270 0.0568335 0.0846095 0.0488778 0.0622245 0.0551268 0.0735465 0.0327358 0.0590471 0.0915923 0.1202959 0.0971672 
Dasyuridae_Phascogale_calura                 0.0940985 0.1019563 0.0943397 0.0927637 0.1038473 0.0146404 0.0905860 0.0946884 0.1024001 0.1023726 0.0837401 0.0028511 0.0258259 0.0965932 0.0957137 0.0000000 0.0179997 0.0238461 0.1001675 0.0931785 0.0991923 0.1110357 0.1192430 0.0086999 0.1051940 0.0767382 0.0958545 0.0865236 0.0960078 0.1263488 0.0946111 0.1001857 0.0961386 0.0152581 0.1041448 
Dasyuridae_Sarcophilus_harrisii              0.1073805 0.1167887 0.1119854 0.1129114 0.1197429 0.0084359 0.1067376 0.1094570 0.1193202 0.1099254 0.1040159 0.0193281 0.0342506 0.1153555 0.1177417 0.0179997 0.0000000 0.0275998 0.1072204 0.1119981 0.1175366 0.1329597 0.1325014 0.0210721 0.1122014 0.0935070 0.1137147 0.1088741 0.1203615 0.1476585 0.1144369 0.1166249 0.1071201 0.0104516 0.1103586 
Dasyuridae_Planigale_tenuirostris            0.1049403 0.1105181 0.0974642 0.1055542 0.1124217 0.0261080 0.1002839 0.1050000 0.1103814 0.1106513 0.0950562 0.0257415 0.0286397 0.1108935 0.1128718 0.0238461 0.0275998 0.0000000 0.1090805 0.1036549 0.1145385 0.1093770 0.1334534 0.0273292 0.1147195 0.0867686 0.1039145 0.1013287 0.1081485 0.1346932 0.1017628 0.1133712 0.1040330 0.0239569 0.1108351 
Peramelidae_Echymipera_kalubu                0.0959615 0.0980038 0.0932953 0.0905182 0.0992290 0.0912854 0.0883226 0.0893960 0.0982892 0.0125216 0.0827404 0.1011844 0.1212000 0.0935431 0.0961633 0.1001675 0.1072204 0.1090805 0.0000000 0.0888903 0.0978094 0.0916257 0.1007343 0.1057130 0.1025605 0.0851737 0.0979441 0.0908860 0.0988132 0.1233208 0.0945918 0.0950414 0.0102373 0.1062145 0.0130796 
Macropodidae_Dorcopsulus_vanheurni           0.0565937 0.0987562 0.0697608 0.0175323 0.0168289 0.0899039 0.0483760 0.0504425 0.0170301 0.0897429 0.0483575 0.0951360 0.1215521 0.0531572 0.0676550 0.0931785 0.1119981 0.1036549 0.0888903 0.0000000 0.0609097 0.0843034 0.0943145 0.1036326 0.0299692 0.0790896 0.0576976 0.0085904 0.0607884 0.0873965 0.0665939 0.0515442 0.0864056 0.1158906 0.0890760 
Pseudochiridae_Pseudochirulus_forbesi        0.0702544 0.1068525 0.0829149 0.0672130 0.0766712 0.0942730 0.0584743 0.0621264 0.0771230 0.0969938 0.0519688 0.1009323 0.1284605 0.0642962 0.0544848 0.0991923 0.1175366 0.1145385 0.0978094 0.0609097 0.0000000 0.0974809 0.0979907 0.1025350 0.0717801 0.0841237 0.0281745 0.0616010 0.0152444 0.0681708 0.0533531 0.0659933 0.0935606 0.1182558 0.0983957 
Didelphidae_Didelphis_virginiana             0.1027962 0.1001281 0.1024362 0.0804463 0.1045058 0.1069717 0.0929382 0.0952422 0.1049493 0.0847548 0.0864993 0.1155618 0.1305769 0.1011758 0.1083515 0.1110357 0.1329597 0.1093770 0.0916257 0.0843034 0.0974809 0.0000000 0.0129045 0.1095996 0.0996784 0.0724214 0.0827628 0.0845357 0.0940989 0.1106680 0.0846946 0.1007046 0.0881404 0.1280190 0.0862825 
Marmosidae_Monodelphis_domestica             0.0939965 0.1103136 0.1012052 0.0933516 0.1026053 0.1198550 0.0806435 0.0883440 0.1015662 0.1009566 0.0840146 0.1204969 0.1341389 0.0904433 0.0954390 0.1192430 0.1325014 0.1334534 0.1007343 0.0943145 0.0979907 0.0129045 0.0000000 0.1280580 0.0903896 0.0899055 0.0903308 0.0911754 0.0961215 0.1292374 0.0973519 0.0925316 0.0971492 0.1274165 0.1024769 
Dasyuridae_Antechinus_stuartii               0.1003321 0.1067184 0.1010682 0.1016355 0.1138635 0.0178250 0.0927269 0.0968115 0.1113726 0.1079383 0.0883190 0.0095074 0.0301751 0.0994292 0.1024270 0.0086999 0.0210721 0.0273292 0.1057130 0.1036326 0.1025350 0.1095996 0.1280580 0.0000000 0.1125645 0.0835450 0.1006858 0.0970145 0.1014552 0.1257061 0.0993773 0.1017515 0.1015398 0.0178459 0.1097209 
Hypsiprymnodontidae_Hypsiprymnodon_moschatus 0.0699134 0.1088206 0.0839396 0.0304559 0.0331299 0.0985900 0.0512579 0.0559064 0.0337275 0.1024544 0.0607042 0.1077386 0.1196747 0.0571182 0.0568335 0.1051940 0.1122014 0.1147195 0.1025605 0.0299692 0.0717801 0.0996784 0.0903896 0.1125645 0.0000000 0.0822436 0.0699026 0.0279897 0.0717591 0.1025075 0.0711443 0.0572369 0.0975376 0.1142118 0.1022478 
Microbiotheriidae_Dromiciops_gliroides       0.0721042 0.0907658 0.0778759 0.0805605 0.0862120 0.0751560 0.0696283 0.0743546 0.0877061 0.0873542 0.0666048 0.0800342 0.0983217 0.0785920 0.0846095 0.0767382 0.0935070 0.0867686 0.0851737 0.0790896 0.0841237 0.0724214 0.0899055 0.0835450 0.0822436 0.0000000 0.0752686 0.0764888 0.0811781 0.1024617 0.0776546 0.0786833 0.0803406 0.0927114 0.0876746 
Pseudochiridae_Petauroides_volans            0.0578445 0.0996548 0.0746748 0.0650446 0.0737374 0.0953923 0.0555124 0.0561917 0.0724375 0.0941934 0.0455356 0.0961535 0.1236206 0.0597113 0.0488778 0.0958545 0.1137147 0.1039145 0.0979441 0.0576976 0.0281745 0.0827628 0.0903308 0.1006858 0.0699026 0.0752686 0.0000000 0.0568869 0.0244538 0.0621634 0.0476758 0.0602876 0.0917915 0.1127075 0.0949203 
Macropodidae_Wallabia_bicolor                0.0543599 0.0977377 0.0680901 0.0164579 0.0157740 0.0852610 0.0471819 0.0511182 0.0162154 0.0892149 0.0488827 0.0881506 0.1150626 0.0518170 0.0622245 0.0865236 0.1088741 0.1013287 0.0908860 0.0085904 0.0616010 0.0845357 0.0911754 0.0970145 0.0279897 0.0764888 0.0568869 0.0000000 0.0615103 0.0846350 0.0642700 0.0502598 0.0865133 0.1095794 0.0890658 
Pseudochiridae_Pseudocheirus_occidentalis    0.0671045 0.1065297 0.0817694 0.0687203 0.0774670 0.0936819 0.0585274 0.0613864 0.0768445 0.0975513 0.0512080 0.0976211 0.1246769 0.0639230 0.0551268 0.0960078 0.1203615 0.1081485 0.0988132 0.0607884 0.0152444 0.0940989 0.0961215 0.1014552 0.0717591 0.0811781 0.0244538 0.0615103 0.0000000 0.0667853 0.0523331 0.0651933 0.0954128 0.1190885 0.0989356 
Tarsipedidae_Tarsipes_rostratus              0.0872181 0.1228696 0.1041008 0.0895161 0.1011160 0.1295811 0.0844858 0.0881698 0.1000909 0.1249136 0.0754299 0.1291250 0.1538219 0.0915319 0.0735465 0.1263488 0.1476585 0.1346932 0.1233208 0.0873965 0.0681708 0.1106680 0.1292374 0.1257061 0.1025075 0.1024617 0.0621634 0.0846350 0.0667853 0.0000000 0.0784673 0.0903976 0.1186597 0.1409271 0.1251939 
Acrobatidae_Distoechurus_pennatus            0.0659527 0.1021320 0.0726244 0.0658261 0.0740789 0.0967932 0.0591881 0.0624104 0.0755747 0.0947458 0.0545889 0.0962345 0.1258785 0.0647037 0.0327358 0.0946111 0.1144369 0.1017628 0.0945918 0.0665939 0.0533531 0.0846946 0.0973519 0.0993773 0.0711443 0.0776546 0.0476758 0.0642700 0.0523331 0.0784673 0.0000000 0.0664007 0.0899965 0.1157154 0.0961055 
Phalangeridae_Phalanger_carmelitae           0.0596666 0.1018666 0.0746599 0.0524924 0.0568187 0.0936675 0.0200399 0.0100393 0.0571838 0.0927004 0.0211763 0.1019522 0.1273899 0.0055509 0.0590471 0.1001857 0.1166249 0.1133712 0.0950414 0.0515442 0.0659933 0.1007046 0.0925316 0.1017515 0.0572369 0.0786833 0.0602876 0.0502598 0.0651933 0.0903976 0.0664007 0.0000000 0.0886158 0.1155470 0.0921046 
Peramelidae_Peroryctes_raffrayana            0.0914431 0.0895975 0.0893861 0.0854488 0.0951251 0.0874545 0.0823332 0.0848659 0.0955065 0.0092748 0.0795088 0.0971224 0.1150743 0.0885668 0.0915923 0.0961386 0.1071201 0.1040330 0.0102373 0.0864056 0.0935606 0.0881404 0.0971492 0.1015398 0.0975376 0.0803406 0.0917915 0.0865133 0.0954128 0.1186597 0.0899965 0.0886158 0.0000000 0.1018259 0.0095555 
Dasyuridae_Dasyurus_geffroii                 0.1080161 0.1159376 0.1053820 0.1149414 0.1208960 0.0054341 0.1062243 0.1109604 0.1207091 0.1078156 0.1019243 0.0155927 0.0301428 0.1142536 0.1202959 0.0152581 0.0104516 0.0239569 0.1062145 0.1158906 0.1182558 0.1280190 0.1274165 0.0178459 0.1142118 0.0927114 0.1127075 0.1095794 0.1190885 0.1409271 0.1157154 0.1155470 0.1018259 0.0000000 0.1072589 
Peramelidae_Perameles_gunnii                 0.0953377 0.0918196 0.0953499 0.0893127 0.1000366 0.0938754 0.0861650 0.0882156 0.1008977 0.0003475 0.0839157 0.1051855 0.1219495 0.0911048 0.0971672 0.1041448 0.1103586 0.1108351 0.0130796 0.0890760 0.0983957 0.0862825 0.1024769 0.1097209 0.1022478 0.0876746 0.0949203 0.0890658 0.0989356 0.1251939 0.0961055 0.0921046 0.0095555 0.1072589 0.0000000 
