37
Peramelidae_Isoodon_obesulus1                0.0000000 0.0658300 0.0723064 0.0643401 0.0792084 0.0753341 0.0523812 0.0717739 0.0718566 0.0834496 9.0000000 0.0700549 0.0543254 0.0598083 0.0720486 0.0756236 0.0543254 0.0506032 0.0658046 9.0000000 0.0775642 0.0861094 0.0709425 0.0639600 9.0000000 0.0775642 9.0000000 0.0781019 0.0758522 0.0881220 0.0851159 0.0687457 0.0679660 0.0000010 9.0000000 0.0523812 9.0000000 
Burramyidae_Burramys_parvus                  0.0658300 0.0000000 0.0517160 0.0411564 0.0384044 0.0429684 0.0618427 0.0380181 0.0362131 0.0408423 0.0596987 0.0343411 0.0414496 0.0430212 0.0400726 0.0328057 0.0635040 0.0581110 0.0371875 0.0418375 0.0390091 0.0381227 0.0535115 0.0485910 0.0648641 0.0378082 0.0379942 0.0316822 0.0342025 0.0367262 0.0421304 0.0327976 0.0394704 0.0658300 0.0371563 0.0609208 0.0568301 
Notoryctidae_Notoryctes_typhlops             0.0723064 0.0517160 0.0000000 0.0513438 0.0495403 0.0524105 0.0629416 0.0542147 0.0517107 0.0527639 0.0639884 0.0467635 0.0422649 0.0455601 0.0530443 0.0448646 0.0636374 0.0611580 0.0394994 0.0456348 0.0531929 0.0490394 0.0590310 0.0511940 0.0640049 0.0512880 0.0443483 0.0455264 0.0456392 0.0506804 0.0523503 0.0440464 0.0536923 0.0723064 0.0405731 0.0628293 0.0622407 
Vombatidae_Lasiorhinus_latifrons             0.0643401 0.0411564 0.0513438 0.0000000 0.0405835 0.0443325 0.0608646 0.0398597 0.0408861 0.0409508 0.0575216 0.0382168 0.0393355 0.0416505 0.0433210 0.0358927 0.0612795 0.0572523 0.0386119 0.0387486 0.0411475 0.0404852 0.0534591 0.0488372 0.0606644 0.0428330 0.0381178 0.0337398 0.0354332 0.0427071 0.0463337 0.0353832 0.0407756 0.0643401 0.0327306 0.0585192 0.0535364 
Potoroidae_Bettongia_penicillata             0.0792084 0.0384044 0.0495403 0.0405835 0.0000000 0.0065859 0.0630948 0.0401668 0.0375615 0.0151970 0.0549110 0.0330285 0.0403287 0.0429004 0.0388723 0.0314843 0.0634305 0.0638149 0.0376356 0.0364864 0.0204681 0.0367305 0.0525057 0.0445463 0.0585879 0.0257606 0.0335903 0.0316232 0.0187977 0.0366513 0.0395055 0.0320019 0.0390322 0.0792084 0.0297204 0.0612141 0.0576383 
Potoroidae_Bettongia_lesueur                 0.0753341 0.0429684 0.0524105 0.0443325 0.0065859 0.0000000 0.0652265 0.0427899 0.0403732 0.0182435 0.0563921 0.0348503 0.0433075 0.0457089 0.0422593 0.0343030 0.0653049 0.0655232 0.0409319 0.0401199 0.0219767 0.0398459 0.0539547 0.0470010 0.0617753 0.0272096 0.0373017 0.0346850 0.0194398 0.0415486 0.0423761 0.0342391 0.0423983 0.0753341 0.0319418 0.0631621 0.0592690 
Dasyuridae_Dasyurus_maculatus                0.0523812 0.0618427 0.0629416 0.0608646 0.0630948 0.0652265 0.0000000 0.0628096 0.0609860 0.0616842 0.0257153 0.0508478 0.0305761 0.0302725 0.0615992 0.0537879 0.0070133 0.0030182 0.0329028 0.0568066 0.0634484 0.0595456 0.0658154 0.0601535 0.0060080 0.0615739 0.0579239 0.0525886 0.0584432 0.0632852 0.0606426 0.0530024 0.0618886 0.0523812 0.0466491 0.0020195 0.0251318 
Phalangeridae_Trichosurus_vulpecula          0.0717739 0.0380181 0.0542147 0.0398597 0.0401668 0.0427899 0.0628096 0.0000000 0.0313846 0.0423660 0.0619816 0.0243750 0.0432035 0.0396148 0.0318524 0.0337839 0.0645850 0.0657099 0.0393004 0.0433044 0.0424523 0.0376196 0.0531040 0.0500899 0.0617587 0.0399756 0.0421061 0.0313821 0.0370749 0.0394587 0.0383070 0.0343905 0.0336089 0.0717739 0.0296895 0.0626639 0.0634521 
Phalangeridae_Spilocuscus_maculatus          0.0718566 0.0362131 0.0517107 0.0408861 0.0375615 0.0403732 0.0609860 0.0313846 0.0000000 0.0388784 0.0572271 0.0197742 0.0401471 0.0409885 0.0247178 0.0315180 0.0621817 0.0581809 0.0365572 0.0372771 0.0385506 0.0347753 0.0508005 0.0453509 0.0601218 0.0361164 0.0357707 0.0291750 0.0317397 0.0365053 0.0390884 0.0307510 0.0150134 0.0718566 0.0326753 0.0590390 0.0535999 
Potoroidae_Aepyprymnus_rufescens             0.0834496 0.0408423 0.0527639 0.0409508 0.0151970 0.0182435 0.0616842 0.0423660 0.0388784 0.0000000 0.0552395 0.0362014 0.0429635 0.0439248 0.0410730 0.0343179 0.0635424 0.0632734 0.0390451 0.0384993 0.0246552 0.0411524 0.0521694 0.0456034 0.0591343 0.0275503 0.0354052 0.0340100 0.0219373 0.0409458 0.0433125 0.0341502 0.0404242 0.0834496 0.0312039 0.0604189 0.0589138 
Peramelidae_Perameles_nasuta                 9.0000000 0.0596987 0.0639884 0.0575216 0.0549110 0.0563921 0.0257153 0.0619816 0.0572271 0.0552395 0.0000000 0.0482100 0.0531125 0.0488593 0.0587777 0.0516394 0.0262076 0.0248998 0.0517527 0.0373028 0.0576371 0.0532738 0.0621309 0.0578165 0.0256818 0.0543554 0.0524629 0.0500271 0.0514395 0.0597796 0.0564559 0.0505192 0.0590605 9.0000000 0.0293143 0.0245535 0.0007725 
Phalangeridae_Strigocuscus_pelengensis       0.0700549 0.0343411 0.0467635 0.0382168 0.0330285 0.0348503 0.0508478 0.0243750 0.0197742 0.0362014 0.0482100 0.0000000 0.0359348 0.0362157 0.0200867 0.0269532 0.0523311 0.0538607 0.0320352 0.0331115 0.0361323 0.0332613 0.0432145 0.0413106 0.0496573 0.0332786 0.0323744 0.0274578 0.0321882 0.0356908 0.0360107 0.0305695 0.0204748 0.0700549 0.0288876 0.0508815 0.0499787 
Dasyuridae_Phascogale_tapoatafa              0.0543254 0.0414496 0.0422649 0.0393355 0.0403287 0.0433075 0.0305761 0.0432035 0.0401471 0.0429635 0.0531125 0.0359348 0.0000000 0.0127964 0.0419341 0.0347647 0.0263259 0.0317246 0.0091247 0.0337482 0.0437745 0.0393907 0.0480450 0.0411340 0.0330149 0.0400343 0.0322440 0.0326041 0.0365245 0.0398382 0.0411704 0.0347364 0.0424162 0.0543254 0.0283336 0.0294203 0.0544563 
Dasyuridae_Sminthopsis_macroura              0.0598083 0.0430212 0.0455601 0.0416505 0.0429004 0.0457089 0.0302725 0.0396148 0.0409885 0.0439248 0.0488593 0.0362157 0.0127964 0.0000000 0.0423620 0.0360851 0.0310772 0.0306500 0.0094904 0.0331512 0.0446512 0.0404479 0.0463342 0.0423866 0.0332896 0.0410535 0.0346659 0.0351209 0.0396293 0.0409810 0.0435650 0.0379801 0.0432476 0.0598083 0.0299726 0.0295132 0.0510953 
Phalangeridae_Phalanger_orientalis           0.0720486 0.0400726 0.0530443 0.0433210 0.0388723 0.0422593 0.0615992 0.0318524 0.0247178 0.0410730 0.0587777 0.0200867 0.0419341 0.0423620 0.0000000 0.0338390 0.0633679 0.0639288 0.0392999 0.0407404 0.0426985 0.0382509 0.0551005 0.0482183 0.0602917 0.0374423 0.0389011 0.0317269 0.0372369 0.0404451 0.0420075 0.0332820 0.0242648 0.0720486 0.0343411 0.0609152 0.0609983 
Acrobatidae_Acrobates_pygmaeus               0.0756236 0.0328057 0.0448646 0.0358927 0.0314843 0.0343030 0.0537879 0.0337839 0.0315180 0.0343179 0.0516394 0.0269532 0.0347647 0.0360851 0.0338390 0.0000000 0.0555415 0.0561146 0.0315903 0.0329399 0.0363988 0.0313676 0.0476921 0.0429374 0.0524232 0.0307535 0.0314651 0.0247443 0.0308140 0.0329040 0.0318241 0.0204045 0.0330464 0.0756236 0.0270072 0.0533517 0.0533777 
Dasyuridae_Phascogale_calura                 0.0543254 0.0635040 0.0636374 0.0612795 0.0634305 0.0653049 0.0070133 0.0645850 0.0621817 0.0635424 0.0262076 0.0523311 0.0263259 0.0310772 0.0633679 0.0555415 0.0000000 0.0064122 0.0346863 0.0580342 0.0642213 0.0586350 0.0673622 0.0621514 0.0031583 0.0630403 0.0575634 0.0543391 0.0594689 0.0633780 0.0634528 0.0540352 0.0636181 0.0543254 0.0492001 0.0060055 0.0259364 
Dasyuridae_Sarcophilus_harrisii              0.0506032 0.0581110 0.0611580 0.0572523 0.0638149 0.0655232 0.0030182 0.0657099 0.0581809 0.0632734 0.0248998 0.0538607 0.0317246 0.0306500 0.0639288 0.0561146 0.0064122 0.0000000 0.0347518 0.0590102 0.0634272 0.0599975 0.0676117 0.0620393 0.0057374 0.0643636 0.0594229 0.0540213 0.0594911 0.0609841 0.0642331 0.0538006 0.0593960 0.0506032 0.0478453 0.0021526 0.0248787 
Dasyuridae_Planigale_tenuirostris            0.0658046 0.0371875 0.0394994 0.0386119 0.0376356 0.0409319 0.0329028 0.0393004 0.0365572 0.0390451 0.0517527 0.0320352 0.0091247 0.0094904 0.0392999 0.0315903 0.0346863 0.0347518 0.0000000 0.0309652 0.0401081 0.0347731 0.0455560 0.0387381 0.0378545 0.0383675 0.0300656 0.0275818 0.0339658 0.0349449 0.0356686 0.0313441 0.0395808 0.0658046 0.0248174 0.0314050 0.0544984 
Peramelidae_Echymipera_kalubu                9.0000000 0.0418375 0.0456348 0.0387486 0.0364864 0.0401199 0.0568066 0.0433044 0.0372771 0.0384993 0.0373028 0.0331115 0.0337482 0.0331512 0.0407404 0.0329399 0.0580342 0.0590102 0.0309652 0.0000000 0.0403374 0.0346941 0.0455262 0.0407256 0.0558677 0.0370352 0.0352889 0.0309658 0.0343331 0.0380346 0.0390292 0.0325822 0.0408556 9.0000000 0.0100776 0.0557813 0.0397491 
Macropodidae_Dorcopsulus_vanheurni           0.0775642 0.0390091 0.0531929 0.0411475 0.0204681 0.0219767 0.0634484 0.0424523 0.0385506 0.0246552 0.0576371 0.0361323 0.0437745 0.0446512 0.0426985 0.0363988 0.0642213 0.0634272 0.0401081 0.0403374 0.0000000 0.0408387 0.0550877 0.0456144 0.0608219 0.0283381 0.0372086 0.0337172 0.0138076 0.0396111 0.0439867 0.0346670 0.0405712 0.0775642 0.0341029 0.0613503 0.0592745 
Pseudochiridae_Pseudochirulus_forbesi        0.0861094 0.0381227 0.0490394 0.0404852 0.0367305 0.0398459 0.0595456 0.0376196 0.0347753 0.0411524 0.0532738 0.0332613 0.0393907 0.0404479 0.0382509 0.0313676 0.0586350 0.0599975 0.0347731 0.0346941 0.0408387 0.0000000 0.0532883 0.0467731 0.0555927 0.0358804 0.0334772 0.0202139 0.0347860 0.0214919 0.0324210 0.0314827 0.0374444 0.0861094 0.0272171 0.0583203 0.0533164 
Didelphidae_Didelphis_virginiana             0.0709425 0.0535115 0.0590310 0.0534591 0.0525057 0.0539547 0.0658154 0.0531040 0.0508005 0.0521694 0.0621309 0.0432145 0.0480450 0.0463342 0.0551005 0.0476921 0.0673622 0.0676117 0.0455560 0.0455262 0.0550877 0.0532883 0.0000000 0.0231913 0.0664778 0.0509518 0.0419235 0.0456993 0.0497128 0.0544536 0.0557579 0.0470322 0.0555679 0.0709425 0.0373560 0.0662800 0.0640190 
Marmosidae_Monodelphis_domestica             0.0639600 0.0485910 0.0511940 0.0488372 0.0445463 0.0470010 0.0601535 0.0500899 0.0453509 0.0456034 0.0578165 0.0413106 0.0411340 0.0423866 0.0482183 0.0429374 0.0621514 0.0620393 0.0387381 0.0407256 0.0456144 0.0467731 0.0231913 0.0000000 0.0605085 0.0449347 0.0347125 0.0404495 0.0408077 0.0484059 0.0482593 0.0417912 0.0494629 0.0639600 0.0354986 0.0605716 0.0587318 
Dasyuridae_Antechinus_stuartii               9.0000000 0.0648641 0.0640049 0.0606644 0.0585879 0.0617753 0.0060080 0.0617587 0.0601218 0.0591343 0.0256818 0.0496573 0.0330149 0.0332896 0.0602917 0.0524232 0.0031583 0.0057374 0.0378545 0.0558677 0.0608219 0.0555927 0.0664778 0.0605085 0.0000000 0.0596216 0.0571292 0.0521103 0.0553015 0.0626725 0.0596269 0.0523033 0.0621832 9.0000000 0.0477675 0.0053158 0.0256137 
Hypsiprymnodontidae_Hypsiprymnodon_moschatus 0.0775642 0.0378082 0.0512880 0.0428330 0.0257606 0.0272096 0.0615739 0.0399756 0.0361164 0.0275503 0.0543554 0.0332786 0.0400343 0.0410535 0.0374423 0.0307535 0.0630403 0.0643636 0.0383675 0.0370352 0.0283381 0.0358804 0.0509518 0.0449347 0.0596216 0.0000000 0.0350012 0.0318044 0.0239118 0.0373688 0.0397625 0.0317740 0.0380307 0.0775642 0.0296659 0.0598871 0.0575994 
Microbiotheriidae_Dromiciops_gliroides       9.0000000 0.0379942 0.0443483 0.0381178 0.0335903 0.0373017 0.0579239 0.0421061 0.0357707 0.0354052 0.0524629 0.0323744 0.0322440 0.0346659 0.0389011 0.0314651 0.0575634 0.0594229 0.0300656 0.0352889 0.0372086 0.0334772 0.0419235 0.0347125 0.0571292 0.0350012 0.0000000 0.0289434 0.0315292 0.0361931 0.0375588 0.0316085 0.0399344 9.0000000 0.0301147 0.0568007 0.0553991 
Pseudochiridae_Petauroides_volans            0.0781019 0.0316822 0.0455264 0.0337398 0.0316232 0.0346850 0.0525886 0.0313821 0.0291750 0.0340100 0.0500271 0.0274578 0.0326041 0.0351209 0.0317269 0.0247443 0.0543391 0.0540213 0.0275818 0.0309658 0.0337172 0.0202139 0.0456993 0.0404495 0.0521103 0.0318044 0.0289434 0.0000000 0.0293379 0.0220318 0.0270031 0.0256474 0.0324782 0.0781019 0.0253197 0.0516496 0.0507906 
Macropodidae_Wallabia_bicolor                0.0758522 0.0342025 0.0456392 0.0354332 0.0187977 0.0194398 0.0584432 0.0370749 0.0317397 0.0219373 0.0514395 0.0321882 0.0365245 0.0396293 0.0372369 0.0308140 0.0594689 0.0594911 0.0339658 0.0343331 0.0138076 0.0347860 0.0497128 0.0408077 0.0553015 0.0239118 0.0315292 0.0293379 0.0000000 0.0342730 0.0396643 0.0287323 0.0347650 0.0758522 0.0274396 0.0565827 0.0531842 
Pseudochiridae_Pseudocheirus_occidentalis    0.0881220 0.0367262 0.0506804 0.0427071 0.0366513 0.0415486 0.0632852 0.0394587 0.0365053 0.0409458 0.0597796 0.0356908 0.0398382 0.0409810 0.0404451 0.0329040 0.0633780 0.0609841 0.0349449 0.0380346 0.0396111 0.0214919 0.0544536 0.0484059 0.0626725 0.0373688 0.0361931 0.0220318 0.0342730 0.0000000 0.0358833 0.0341987 0.0400915 0.0881220 0.0318727 0.0620653 0.0571715 
Tarsipedidae_Tarsipes_rostratus              0.0851159 0.0421304 0.0523503 0.0463337 0.0395055 0.0423761 0.0606426 0.0383070 0.0390884 0.0433125 0.0564559 0.0360107 0.0411704 0.0435650 0.0420075 0.0318241 0.0634528 0.0642331 0.0356686 0.0390292 0.0439867 0.0324210 0.0557579 0.0482593 0.0596269 0.0397625 0.0375588 0.0270031 0.0396643 0.0358833 0.0000000 0.0342506 0.0412053 0.0851159 0.0322025 0.0602271 0.0586741 
Acrobatidae_Distoechurus_pennatus            0.0687457 0.0327976 0.0440464 0.0353832 0.0320019 0.0342391 0.0530024 0.0343905 0.0307510 0.0341502 0.0505192 0.0305695 0.0347364 0.0379801 0.0332820 0.0204045 0.0540352 0.0538006 0.0313441 0.0325822 0.0346670 0.0314827 0.0470322 0.0417912 0.0523033 0.0317740 0.0316085 0.0256474 0.0287323 0.0341987 0.0342506 0.0000000 0.0325187 0.0687457 0.0286064 0.0518018 0.0511391 
Phalangeridae_Phalanger_carmelitae           0.0679660 0.0394704 0.0536923 0.0407756 0.0390322 0.0423983 0.0618886 0.0336089 0.0150134 0.0404242 0.0590605 0.0204748 0.0424162 0.0432476 0.0242648 0.0330464 0.0636181 0.0593960 0.0395808 0.0408556 0.0405712 0.0374444 0.0555679 0.0494629 0.0621832 0.0380307 0.0399344 0.0324782 0.0347650 0.0400915 0.0412053 0.0325187 0.0000000 0.0679660 0.0350692 0.0604622 0.0558034 
Peramelidae_Isoodon_obesulus2                0.0000010 0.0658300 0.0723064 0.0643401 0.0792084 0.0753341 0.0523812 0.0717739 0.0718566 0.0834496 9.0000000 0.0700549 0.0543254 0.0598083 0.0720486 0.0756236 0.0543254 0.0506032 0.0658046 9.0000000 0.0775642 0.0861094 0.0709425 0.0639600 9.0000000 0.0775642 9.0000000 0.0781019 0.0758522 0.0881220 0.0851159 0.0687457 0.0679660 0.0000000 9.0000000 0.0523812 9.0000000 
Peramelidae_Peroryctes_raffrayana            9.0000000 0.0371563 0.0405731 0.0327306 0.0297204 0.0319418 0.0466491 0.0296895 0.0326753 0.0312039 0.0293143 0.0288876 0.0283336 0.0299726 0.0343411 0.0270072 0.0492001 0.0478453 0.0248174 0.0100776 0.0341029 0.0272171 0.0373560 0.0354986 0.0477675 0.0296659 0.0301147 0.0253197 0.0274396 0.0318727 0.0322025 0.0286064 0.0350692 9.0000000 0.0000000 0.0460544 0.0311334 
Dasyuridae_Dasyurus_geffroii                 0.0523812 0.0609208 0.0628293 0.0585192 0.0612141 0.0631621 0.0020195 0.0626639 0.0590390 0.0604189 0.0245535 0.0508815 0.0294203 0.0295132 0.0609152 0.0533517 0.0060055 0.0021526 0.0314050 0.0557813 0.0613503 0.0583203 0.0662800 0.0605716 0.0053158 0.0598871 0.0568007 0.0516496 0.0565827 0.0620653 0.0602271 0.0518018 0.0604622 0.0523812 0.0460544 0.0000000 0.0240061 
Peramelidae_Perameles_gunnii                 9.0000000 0.0568301 0.0622407 0.0535364 0.0576383 0.0592690 0.0251318 0.0634521 0.0535999 0.0589138 0.0007725 0.0499787 0.0544563 0.0510953 0.0609983 0.0533777 0.0259364 0.0248787 0.0544984 0.0397491 0.0592745 0.0533164 0.0640190 0.0587318 0.0256137 0.0575994 0.0553991 0.0507906 0.0531842 0.0571715 0.0586741 0.0511391 0.0558034 9.0000000 0.0311334 0.0240061 0.0000000 
