35
Burramyidae_Burramys_parvus                  0.0000000 0.1125171 0.0636303 0.0770937 0.0768178 0.1090598 0.0531479 0.0544021 0.0747645 0.1082239 0.0513036 0.1057250 0.1035515 0.0519018 0.0676598 0.1039976 0.1106580 0.1049687 0.1104974 0.0682206 0.0761337 0.1103761 0.1158265 0.1042813 0.0767571 0.0922284 0.0685271 0.0699283 0.0587600 0.0995139 0.0619679 0.0524539 0.1091916 0.1087307 0.1103484 
Notoryctidae_Notoryctes_typhlops             0.1125171 0.0000000 0.1049143 0.1301604 0.1293862 0.1339735 0.1146936 0.1129564 0.1279209 0.1404611 0.1132185 0.1349841 0.1324583 0.1114154 0.1113960 0.1325351 0.1369154 0.1341935 0.1473600 0.1244394 0.1345417 0.1455000 0.1424552 0.1303297 0.1225515 0.1258140 0.1254908 0.1253507 0.1256987 0.1453394 0.1125203 0.1114430 0.1550783 0.1350606 0.1436598 
Vombatidae_Lasiorhinus_latifrons             0.0636303 0.1049143 0.0000000 0.0853754 0.0850976 0.1092554 0.0647601 0.0676786 0.0831466 0.1101118 0.0660989 0.1066260 0.1064415 0.0647925 0.0743092 0.1056687 0.1130067 0.1128233 0.1119749 0.0759214 0.0858892 0.1163379 0.1178297 0.1049621 0.0809514 0.0879348 0.0782334 0.0753795 0.0707821 0.1039638 0.0704975 0.0634335 0.1119850 0.1098751 0.1139168 
Potoroidae_Bettongia_penicillata             0.0770937 0.1301604 0.0853754 0.0000000 0.0064604 0.1138879 0.0731422 0.0764256 0.0154692 0.1299167 0.0731233 0.1149214 0.1100229 0.0752592 0.0791568 0.1111913 0.1185481 0.1095504 0.1283179 0.0303420 0.0876062 0.1263121 0.1263717 0.1117464 0.0564375 0.1078649 0.0811057 0.0309317 0.0836598 0.1098685 0.0740422 0.0746683 0.1311747 0.1154486 0.1307394 
Potoroidae_Bettongia_lesueur                 0.0768178 0.1293862 0.0850976 0.0064604 0.0000000 0.1147025 0.0735256 0.0774475 0.0159682 0.1307159 0.0739109 0.1157836 0.1095378 0.0762655 0.0790551 0.1119959 0.1193793 0.1090456 0.1290493 0.0301269 0.0892462 0.1258404 0.1279334 0.1116087 0.0559628 0.1084039 0.0825470 0.0312226 0.0845882 0.1115522 0.0750116 0.0756721 0.1326190 0.1162695 0.1315307 
Dasyuridae_Dasyurus_maculatus                0.1090598 0.1339735 0.1092554 0.1138879 0.1147025 0.0000000 0.1131087 0.1115595 0.1153521 0.1260567 0.1095877 0.0251508 0.0290083 0.1134526 0.1074184 0.0234498 0.0090592 0.0345405 0.1295890 0.1168040 0.1266309 0.1306422 0.1280095 0.0209496 0.1113271 0.1076652 0.1168459 0.1142663 0.1207024 0.1362051 0.1112937 0.1128545 0.1244561 0.0078729 0.1289167 
Phalangeridae_Trichosurus_vulpecula          0.0531479 0.1146936 0.0647601 0.0731422 0.0735256 0.1131087 0.0000000 0.0208097 0.0739161 0.1152801 0.0216903 0.1102722 0.1074267 0.0213240 0.0661400 0.1067628 0.1153743 0.1119409 0.1164976 0.0665661 0.0780453 0.1096168 0.1152599 0.1078402 0.0774024 0.0922694 0.0729891 0.0661978 0.0655874 0.1031179 0.0595732 0.0218185 0.1169730 0.1137259 0.1150809 
Phalangeridae_Spilocuscus_maculatus          0.0544021 0.1129564 0.0676786 0.0764256 0.0774475 0.1115595 0.0208097 0.0000000 0.0760170 0.1135368 0.0146625 0.1091158 0.1086352 0.0131699 0.0675947 0.1054673 0.1138418 0.1114557 0.1140726 0.0695293 0.0784496 0.1109721 0.1179876 0.1067199 0.0770501 0.0943722 0.0732765 0.0690890 0.0656863 0.1101213 0.0615660 0.0129376 0.1177732 0.1137201 0.1138560 
Potoroidae_Aepyprymnus_rufescens             0.0747645 0.1279209 0.0831466 0.0154692 0.0159682 0.1153521 0.0739161 0.0760170 0.0000000 0.1275198 0.0737048 0.1173906 0.1114743 0.0760276 0.0772299 0.1126187 0.1193839 0.1133000 0.1266681 0.0288044 0.0857899 0.1239478 0.1273311 0.1131902 0.0525322 0.1068869 0.0799674 0.0303619 0.0831560 0.1114052 0.0748474 0.0754362 0.1303615 0.1169167 0.1291330 
Peramelidae_Perameles_nasuta                 0.1082239 0.1404611 0.1101118 0.1299167 0.1307159 0.1260567 0.1152801 0.1135368 0.1275198 0.0000000 0.1122357 0.1224323 0.1200085 0.1139132 0.1106487 0.1198609 0.1254058 0.1225811 0.0235216 0.1223657 0.1286400 0.1300294 0.1295009 0.1194382 0.1245899 0.1141192 0.1241470 0.1226336 0.1157622 0.1452645 0.1153196 0.1138874 0.0228086 0.1268002 0.0009860 
Phalangeridae_Strigocuscus_pelengensis       0.0513036 0.1132185 0.0660989 0.0731233 0.0739109 0.1095877 0.0216903 0.0146625 0.0737048 0.1122357 0.0000000 0.1065498 0.1039643 0.0105923 0.0651968 0.1030695 0.1122084 0.1062154 0.1141224 0.0689972 0.0795177 0.1103059 0.1143154 0.1035024 0.0745488 0.0925008 0.0709610 0.0679575 0.0648467 0.1085687 0.0613393 0.0123229 0.1111318 0.1087580 0.1127697 
Dasyuridae_Phascogale_tapoatafa              0.1057250 0.1349841 0.1066260 0.1149214 0.1157836 0.0251508 0.1102722 0.1091158 0.1173906 0.1224323 0.1065498 0.0000000 0.0316760 0.1106492 0.1080043 0.0056459 0.0292199 0.0343357 0.1250765 0.1172659 0.1252956 0.1306401 0.1277040 0.0134510 0.1145626 0.1091965 0.1134052 0.1133888 0.1184469 0.1407259 0.1122736 0.1100196 0.1219622 0.0275673 0.1234368 
Dasyuridae_Sminthopsis_macroura              0.1035515 0.1324583 0.1064415 0.1100229 0.1095378 0.0290083 0.1074267 0.1086352 0.1114743 0.1200085 0.1039643 0.0316760 0.0000000 0.1086370 0.1011791 0.0301418 0.0323979 0.0199232 0.1236064 0.1125731 0.1239085 0.1288121 0.1263002 0.0263118 0.1096155 0.1050462 0.1149743 0.1104375 0.1159653 0.1338441 0.1070373 0.1086875 0.1187045 0.0310676 0.1212237 
Phalangeridae_Phalanger_orientalis           0.0519018 0.1114154 0.0647925 0.0752592 0.0762655 0.1134526 0.0213240 0.0131699 0.0760276 0.1139132 0.0105923 0.1106492 0.1086370 0.0000000 0.0637778 0.1061869 0.1156649 0.1124210 0.1144626 0.0681762 0.0784715 0.1093398 0.1143687 0.1069250 0.0755668 0.0934763 0.0736589 0.0675253 0.0651068 0.1063181 0.0608318 0.0050564 0.1127958 0.1136675 0.1136646 
Acrobatidae_Acrobates_pygmaeus               0.0676598 0.1113960 0.0743092 0.0791568 0.0790551 0.1074184 0.0661400 0.0675947 0.0772299 0.1106487 0.0651968 0.1080043 0.1011791 0.0637778 0.0000000 0.1042308 0.1107362 0.1056603 0.1105970 0.0731647 0.0721986 0.1165769 0.1183352 0.1044351 0.0781062 0.0953616 0.0659761 0.0737337 0.0615041 0.0955912 0.0371694 0.0638339 0.1146444 0.1076708 0.1097050 
Dasyuridae_Phascogale_calura                 0.1039976 0.1325351 0.1056687 0.1111913 0.1119959 0.0234498 0.1067628 0.1054673 0.1126187 0.1198609 0.1030695 0.0056459 0.0301418 0.1061869 0.1042308 0.0000000 0.0277672 0.0322211 0.1240657 0.1136978 0.1246432 0.1280626 0.1246912 0.0117544 0.1095294 0.1062561 0.1118291 0.1104786 0.1168311 0.1359921 0.1071109 0.1055942 0.1201516 0.0257176 0.1230289 
Dasyuridae_Sarcophilus_harrisii              0.1106580 0.1369154 0.1130067 0.1185481 0.1193793 0.0090592 0.1153743 0.1138418 0.1193839 0.1254058 0.1122084 0.0292199 0.0323979 0.1156649 0.1107362 0.0277672 0.0000000 0.0376314 0.1306323 0.1208678 0.1280456 0.1326337 0.1316090 0.0237298 0.1148317 0.1115540 0.1201178 0.1183124 0.1189708 0.1398104 0.1146643 0.1151230 0.1249675 0.0107307 0.1280060 
Dasyuridae_Planigale_tenuirostris            0.1049687 0.1341935 0.1128233 0.1095504 0.1090456 0.0345405 0.1119409 0.1114557 0.1133000 0.1225811 0.1062154 0.0343357 0.0199232 0.1124210 0.1056603 0.0322211 0.0376314 0.0000000 0.1246423 0.1139556 0.1238932 0.1260093 0.1252958 0.0292132 0.1093564 0.1089484 0.1138287 0.1115440 0.1196653 0.1384637 0.1076957 0.1119130 0.1203106 0.0359356 0.1233914 
Peramelidae_Echymipera_kalubu                0.1104974 0.1473600 0.1119749 0.1283179 0.1290493 0.1295890 0.1164976 0.1140726 0.1266681 0.0235216 0.1141224 0.1250765 0.1236064 0.1144626 0.1105970 0.1240657 0.1306323 0.1246423 0.0000000 0.1239884 0.1274593 0.1366764 0.1325905 0.1240653 0.1230029 0.1155838 0.1230073 0.1247793 0.1158755 0.1467440 0.1126734 0.1148551 0.0289802 0.1309734 0.0234471 
Macropodidae_Dorcopsulus_vanheurni           0.0682206 0.1244394 0.0759214 0.0303420 0.0301269 0.1168040 0.0665661 0.0695293 0.0288044 0.1223657 0.0689972 0.1172659 0.1125731 0.0681762 0.0731647 0.1136978 0.1208678 0.1139556 0.1239884 0.0000000 0.0847846 0.1193799 0.1242643 0.1123206 0.0501694 0.1018593 0.0811226 0.0100369 0.0750606 0.1113398 0.0709247 0.0681576 0.1224584 0.1174262 0.1229677 
Pseudochiridae_Pseudochirulus_forbesi        0.0761337 0.1345417 0.0858892 0.0876062 0.0892462 0.1266309 0.0780453 0.0784496 0.0857899 0.1286400 0.0795177 0.1252956 0.1239085 0.0784715 0.0721986 0.1246432 0.1280456 0.1238932 0.1274593 0.0847846 0.0000000 0.1329319 0.1358381 0.1245423 0.0903082 0.1099137 0.0509009 0.0841490 0.0189628 0.0992327 0.0712216 0.0779183 0.1270535 0.1261317 0.1308768 
Didelphidae_Didelphis_virginiana             0.1103761 0.1455000 0.1163379 0.1263121 0.1258404 0.1306422 0.1096168 0.1109721 0.1239478 0.1300294 0.1103059 0.1306401 0.1288121 0.1093398 0.1165769 0.1280626 0.1326337 0.1260093 0.1366764 0.1193799 0.1329319 0.0000000 0.0501123 0.1276200 0.1171881 0.1183669 0.1216532 0.1188450 0.1127385 0.1427124 0.1163087 0.1079650 0.1305512 0.1316172 0.1345605 
Marmosidae_Monodelphis_domestica             0.1158265 0.1424552 0.1178297 0.1263717 0.1279334 0.1280095 0.1152599 0.1179876 0.1273311 0.1295009 0.1143154 0.1277040 0.1263002 0.1143687 0.1183352 0.1246912 0.1316090 0.1252958 0.1325905 0.1242643 0.1358381 0.0501123 0.0000000 0.1264518 0.1255691 0.1195824 0.1260951 0.1248310 0.1157358 0.1471290 0.1163452 0.1136497 0.1241073 0.1293197 0.1334954 
Dasyuridae_Antechinus_stuartii               0.1042813 0.1303297 0.1049621 0.1117464 0.1116087 0.0209496 0.1078402 0.1067199 0.1131902 0.1194382 0.1035024 0.0134510 0.0263118 0.1069250 0.1044351 0.0117544 0.0237298 0.0292132 0.1240653 0.1123206 0.1245423 0.1276200 0.1264518 0.0000000 0.1079556 0.1064581 0.1134250 0.1091129 0.1140268 0.1347942 0.1091284 0.1070210 0.1190077 0.0217145 0.1222156 
Hypsiprymnodontidae_Hypsiprymnodon_moschatus 0.0767571 0.1225515 0.0809514 0.0564375 0.0559628 0.1113271 0.0774024 0.0770501 0.0525322 0.1245899 0.0745488 0.1145626 0.1096155 0.0755668 0.0781062 0.1095294 0.1148317 0.1093564 0.1230029 0.0501694 0.0903082 0.1171881 0.1255691 0.1079556 0.0000000 0.1001138 0.0871270 0.0495196 0.0809716 0.1153136 0.0789804 0.0761978 0.1232958 0.1131543 0.1271945 
Microbiotheriidae_Dromiciops_gliroides       0.0922284 0.1258140 0.0879348 0.1078649 0.1084039 0.1076652 0.0922694 0.0943722 0.1068869 0.1141192 0.0925008 0.1091965 0.1050462 0.0934763 0.0953616 0.1062561 0.1115540 0.1089484 0.1155838 0.1018593 0.1099137 0.1183669 0.1195824 0.1064581 0.1001138 0.0000000 0.1019471 0.1022690 0.0955733 0.1303892 0.0967696 0.0925147 0.1142456 0.1105790 0.1158673 
Pseudochiridae_Petauroides_volans            0.0685271 0.1254908 0.0782334 0.0811057 0.0825470 0.1168459 0.0729891 0.0732765 0.0799674 0.1241470 0.0709610 0.1134052 0.1149743 0.0736589 0.0659761 0.1118291 0.1201178 0.1138287 0.1230073 0.0811226 0.0509009 0.1216532 0.1260951 0.1134250 0.0871270 0.1019471 0.0000000 0.0804715 0.0440224 0.0864027 0.0617900 0.0719397 0.1273304 0.1173055 0.1253017 
Macropodidae_Wallabia_bicolor                0.0699283 0.1253507 0.0753795 0.0309317 0.0312226 0.1142663 0.0661978 0.0690890 0.0303619 0.1226336 0.0679575 0.1133888 0.1104375 0.0675253 0.0737337 0.1104786 0.1183124 0.1115440 0.1247793 0.0100369 0.0841490 0.1188450 0.1248310 0.1091129 0.0495196 0.1022690 0.0804715 0.0000000 0.0749487 0.1114875 0.0726249 0.0677927 0.1240781 0.1148818 0.1234279 
Pseudochiridae_Pseudocheirus_occidentalis    0.0587600 0.1256987 0.0707821 0.0836598 0.0845882 0.1207024 0.0655874 0.0656863 0.0831560 0.1157622 0.0648467 0.1184469 0.1159653 0.0651068 0.0615041 0.1168311 0.1189708 0.1196653 0.1158755 0.0750606 0.0189628 0.1127385 0.1157358 0.1140268 0.0809716 0.0955733 0.0440224 0.0749487 0.0000000 0.0909353 0.0571877 0.0647314 0.1236899 0.1189644 0.1130140 
Tarsipedidae_Tarsipes_rostratus              0.0995139 0.1453394 0.1039638 0.1098685 0.1115522 0.1362051 0.1031179 0.1101213 0.1114052 0.1452645 0.1085687 0.1407259 0.1338441 0.1063181 0.0955912 0.1359921 0.1398104 0.1384637 0.1467440 0.1113398 0.0992327 0.1427124 0.1471290 0.1347942 0.1153136 0.1303892 0.0864027 0.1114875 0.0909353 0.0000000 0.0947563 0.1060020 0.1422479 0.1349176 0.1456603 
Acrobatidae_Distoechurus_pennatus            0.0619679 0.1125203 0.0704975 0.0740422 0.0750116 0.1112937 0.0595732 0.0615660 0.0748474 0.1153196 0.0613393 0.1122736 0.1070373 0.0608318 0.0371694 0.1071109 0.1146643 0.1076957 0.1126734 0.0709247 0.0712216 0.1163087 0.1163452 0.1091284 0.0789804 0.0967696 0.0617900 0.0726249 0.0571877 0.0947563 0.0000000 0.0600026 0.1221136 0.1114653 0.1150756 
Phalangeridae_Phalanger_carmelitae           0.0524539 0.1114430 0.0634335 0.0746683 0.0756721 0.1128545 0.0218185 0.0129376 0.0754362 0.1138874 0.0123229 0.1100196 0.1086875 0.0050564 0.0638339 0.1055942 0.1151230 0.1119130 0.1148551 0.0681576 0.0779183 0.1079650 0.1136497 0.1070210 0.0761978 0.0925147 0.0719397 0.0677927 0.0647314 0.1060020 0.0600026 0.0000000 0.1131039 0.1137116 0.1136401 
Peramelidae_Peroryctes_raffrayana            0.1091916 0.1550783 0.1119850 0.1311747 0.1326190 0.1244561 0.1169730 0.1177732 0.1303615 0.0228086 0.1111318 0.1219622 0.1187045 0.1127958 0.1146444 0.1201516 0.1249675 0.1203106 0.0289802 0.1224584 0.1270535 0.1305512 0.1241073 0.1190077 0.1232958 0.1142456 0.1273304 0.1240781 0.1236899 0.1422479 0.1221136 0.1131039 0.0000000 0.1253624 0.0223404 
Dasyuridae_Dasyurus_geffroii                 0.1087307 0.1350606 0.1098751 0.1154486 0.1162695 0.0078729 0.1137259 0.1137201 0.1169167 0.1268002 0.1087580 0.0275673 0.0310676 0.1136675 0.1076708 0.0257176 0.0107307 0.0359356 0.1309734 0.1174262 0.1261317 0.1316172 0.1293197 0.0217145 0.1131543 0.1105790 0.1173055 0.1148818 0.1189644 0.1349176 0.1114653 0.1137116 0.1253624 0.0000000 0.1296320 
Peramelidae_Perameles_gunnii                 0.1103484 0.1436598 0.1139168 0.1307394 0.1315307 0.1289167 0.1150809 0.1138560 0.1291330 0.0009860 0.1127697 0.1234368 0.1212237 0.1136646 0.1097050 0.1230289 0.1280060 0.1233914 0.0234471 0.1229677 0.1308768 0.1345605 0.1334954 0.1222156 0.1271945 0.1158673 0.1253017 0.1234279 0.1130140 0.1456603 0.1150756 0.1136401 0.0223404 0.1296320 0.0000000 
