47
Acrobatidae_Acrobates_pygmaeus                 0.0000000 0.0162352 0.0343044 0.0310553 0.0326573 0.0325313 0.0321607 0.0317327 0.0326141 0.0334894 0.0315926 0.0349124 0.0322839 0.0505184 0.0371837 0.0393121 0.0397964 0.0448031 0.0540451 0.0340267 0.0411947 0.0527096 0.0376818 0.0358758 0.0345621 0.0393089 0.0300055 0.0299898 0.0331329 0.0291298 0.0312300 0.0444456 0.0370940 0.0397998 0.0402905 0.0391643 0.0380812 0.0310130 0.0291986 0.0336686 0.0315144 0.0316798 0.0353298 0.0390559 0.0367963 0.0341096 0.0340090 
Acrobatidae_Distoechurus_pennatus              0.0162352 0.0000000 0.0330448 0.0303187 0.0319080 0.0342255 0.0330074 0.0321024 0.0333943 0.0342604 0.0338075 0.0361612 0.0329307 0.0509050 0.0371470 0.0379306 0.0371485 0.0416264 0.0535140 0.0367112 0.0402807 0.0532614 0.0363647 0.0346030 0.0333103 0.0393327 0.0287303 0.0291199 0.0317792 0.0293616 0.0295457 0.0471293 0.0348781 0.0366901 0.0367397 0.0364063 0.0354168 0.0327233 0.0273961 0.0332425 0.0306585 0.0312178 0.0340444 0.0378256 0.0365060 0.0337640 0.0336269 
Burramyidae_Burramys_parvus                    0.0343044 0.0330448 0.0000000 0.0305798 0.0308592 0.0377387 0.0352227 0.0351540 0.0373455 0.0378289 0.0383654 0.0380907 0.0373942 0.0543085 0.0432666 0.0450209 0.0433506 0.0488970 0.0550292 0.0433992 0.0463250 0.0627137 0.0452005 0.0450184 0.0427768 0.0467007 0.0379860 0.0371309 0.0413336 0.0378427 0.0378981 0.0512799 0.0445905 0.0429462 0.0442920 0.0422580 0.0423693 0.0432125 0.0365044 0.0472434 0.0448361 0.0454292 0.0483878 0.0489214 0.0450000 0.0419859 0.0418112 
Burramyidae_Cercartetus_nanusnorthern          0.0310553 0.0303187 0.0305798 0.0000000 0.0018414 0.0386619 0.0382478 0.0373140 0.0386100 0.0395227 0.0382795 0.0412297 0.0378076 0.0543696 0.0378235 0.0415197 0.0411406 0.0452334 0.0565933 0.0398864 0.0472506 0.0588810 0.0431610 0.0430600 0.0417156 0.0445536 0.0338095 0.0338481 0.0364682 0.0335733 0.0342425 0.0442769 0.0377246 0.0403876 0.0409038 0.0379404 0.0381618 0.0389223 0.0300295 0.0403383 0.0366496 0.0372242 0.0405925 0.0445224 0.0443393 0.0391649 0.0390035 
Burramyidae_Cercartetus_nanussouthern          0.0326573 0.0319080 0.0308592 0.0018414 0.0000000 0.0380983 0.0376425 0.0375699 0.0380283 0.0389095 0.0382580 0.0405804 0.0377127 0.0545671 0.0376415 0.0417601 0.0413827 0.0454615 0.0553450 0.0402438 0.0460594 0.0596465 0.0438560 0.0436936 0.0423528 0.0453334 0.0349194 0.0349723 0.0375919 0.0334842 0.0348991 0.0454594 0.0379816 0.0406329 0.0411478 0.0382008 0.0384147 0.0397183 0.0305437 0.0411408 0.0382598 0.0388677 0.0416966 0.0457896 0.0450755 0.0389481 0.0387885 
Dasyuridae_Antechinus_stuartii                 0.0325313 0.0342255 0.0377387 0.0386619 0.0380983 0.0000000 0.0091224 0.0091008 0.0060302 0.0067820 0.0106078 0.0119507 0.0114663 0.0545011 0.0410690 0.0435737 0.0431839 0.0478572 0.0583531 0.0395328 0.0214008 0.0588584 0.0441058 0.0417019 0.0403164 0.0440258 0.0383779 0.0366516 0.0417572 0.0382126 0.0391193 0.0514397 0.0405441 0.0418858 0.0415045 0.0430629 0.0422638 0.0451046 0.0401872 0.0470015 0.0457799 0.0463523 0.0479608 0.0516202 0.0436173 0.0425103 0.0423314 
Dasyuridae_Dasyurus_geffroii                   0.0321607 0.0330074 0.0352227 0.0382478 0.0376425 0.0091224 0.0000000 0.0007383 0.0067404 0.0075012 0.0069751 0.0030964 0.0086521 0.0504919 0.0418115 0.0443667 0.0439813 0.0472622 0.0546720 0.0351404 0.0174859 0.0554373 0.0423314 0.0404462 0.0386236 0.0415678 0.0374882 0.0353884 0.0408042 0.0369670 0.0382220 0.0504068 0.0409051 0.0426945 0.0423432 0.0434614 0.0426592 0.0436537 0.0366332 0.0440462 0.0434154 0.0432032 0.0460841 0.0509875 0.0401200 0.0396430 0.0400111 
Dasyuridae_Dasyurus_maculatus                  0.0317327 0.0321024 0.0351540 0.0373140 0.0375699 0.0091008 0.0007383 0.0000000 0.0067282 0.0074838 0.0069711 0.0030906 0.0086365 0.0495151 0.0408578 0.0434016 0.0430170 0.0463323 0.0546274 0.0342438 0.0174756 0.0550029 0.0413644 0.0395009 0.0376894 0.0405384 0.0365560 0.0344548 0.0398398 0.0364606 0.0372890 0.0498455 0.0399473 0.0417363 0.0413851 0.0424740 0.0417018 0.0431461 0.0359375 0.0429838 0.0424822 0.0422408 0.0451114 0.0500159 0.0392124 0.0400753 0.0403695 
Dasyuridae_Phascogale_calura                   0.0326141 0.0333943 0.0373455 0.0386100 0.0380283 0.0060302 0.0067404 0.0067282 0.0000000 0.0022224 0.0065887 0.0094032 0.0086493 0.0519665 0.0417738 0.0438781 0.0434932 0.0468188 0.0556585 0.0368919 0.0200015 0.0583641 0.0422614 0.0413005 0.0394718 0.0419861 0.0378787 0.0357819 0.0412020 0.0373607 0.0386114 0.0522224 0.0399831 0.0422096 0.0418584 0.0429075 0.0425830 0.0449968 0.0379878 0.0445465 0.0447784 0.0445444 0.0474327 0.0524050 0.0411303 0.0423496 0.0421737 
Dasyuridae_Phascogale_tapoatafa                0.0334894 0.0342604 0.0378289 0.0395227 0.0389095 0.0067820 0.0075012 0.0074838 0.0022224 0.0000000 0.0081593 0.0102135 0.0094201 0.0529565 0.0427028 0.0447847 0.0443995 0.0477416 0.0548436 0.0369387 0.0207948 0.0584798 0.0423392 0.0413248 0.0394949 0.0430991 0.0379009 0.0358031 0.0412267 0.0373827 0.0386340 0.0531795 0.0408855 0.0431116 0.0427608 0.0438606 0.0434853 0.0459868 0.0380274 0.0457015 0.0456884 0.0454575 0.0483521 0.0533502 0.0419460 0.0432548 0.0430748 
Dasyuridae_Planigale_tenuirostris              0.0315926 0.0338075 0.0383654 0.0382795 0.0382580 0.0106078 0.0069751 0.0069711 0.0065887 0.0081593 0.0000000 0.0097652 0.0058017 0.0516023 0.0448895 0.0465906 0.0461912 0.0495599 0.0534962 0.0361493 0.0191703 0.0560222 0.0430319 0.0421103 0.0402044 0.0445960 0.0388353 0.0370440 0.0418739 0.0382533 0.0392885 0.0528902 0.0425409 0.0443287 0.0443652 0.0456769 0.0452354 0.0457115 0.0378196 0.0446365 0.0442358 0.0443320 0.0479950 0.0520816 0.0426281 0.0422437 0.0421129 
Dasyuridae_Sarcophilus_harrisii                0.0349124 0.0361612 0.0380907 0.0412297 0.0405804 0.0119507 0.0030964 0.0030906 0.0094032 0.0102135 0.0097652 0.0000000 0.0106178 0.0528359 0.0436035 0.0477332 0.0473321 0.0508655 0.0572185 0.0385693 0.0196110 0.0586852 0.0442606 0.0431717 0.0417381 0.0431797 0.0372922 0.0351063 0.0415607 0.0362171 0.0394011 0.0531250 0.0438168 0.0459778 0.0456142 0.0459703 0.0459386 0.0461125 0.0406230 0.0461937 0.0453069 0.0450655 0.0480796 0.0527502 0.0429982 0.0414243 0.0417278 
Dasyuridae_Sminthopsis_macroura                0.0322839 0.0329307 0.0373942 0.0378076 0.0377127 0.0114663 0.0086521 0.0086365 0.0086493 0.0094201 0.0058017 0.0106178 0.0000000 0.0535234 0.0428331 0.0444412 0.0440552 0.0473990 0.0558985 0.0352159 0.0192118 0.0575006 0.0419665 0.0418615 0.0400230 0.0431865 0.0360811 0.0344125 0.0393479 0.0355517 0.0364195 0.0519231 0.0413517 0.0440501 0.0436317 0.0443421 0.0439531 0.0456095 0.0375737 0.0442501 0.0430592 0.0432624 0.0466480 0.0506342 0.0430587 0.0424427 0.0422660 
Didelphidae_Didelphis_virginiana               0.0505184 0.0509050 0.0543085 0.0543696 0.0545671 0.0545011 0.0504919 0.0495151 0.0519665 0.0529565 0.0516023 0.0528359 0.0535234 0.0000000 0.0579981 0.0604267 0.0609871 0.0636995 0.0222773 0.0475763 0.0602399 0.0720812 0.0539825 0.0555516 0.0532428 0.0544149 0.0515272 0.0502525 0.0534222 0.0505949 0.0514081 0.0635256 0.0591318 0.0597475 0.0603453 0.0598488 0.0599960 0.0597635 0.0586650 0.0636944 0.0617158 0.0624983 0.0654300 0.0655128 0.0528101 0.0505023 0.0503562 
Hypsiprymnodontidae_Hypsiprymnodon_moschatus   0.0371837 0.0371470 0.0432666 0.0378235 0.0376415 0.0410690 0.0418115 0.0408578 0.0417738 0.0427028 0.0448895 0.0436035 0.0428331 0.0579981 0.0000000 0.0243660 0.0239897 0.0282489 0.0624811 0.0448997 0.0482582 0.0583234 0.0466579 0.0482629 0.0451282 0.0500321 0.0391456 0.0392484 0.0420642 0.0372740 0.0403889 0.0477575 0.0243053 0.0269647 0.0278163 0.0247143 0.0244484 0.0448757 0.0410742 0.0435702 0.0399021 0.0405257 0.0456115 0.0521760 0.0493094 0.0406739 0.0405067 
Macropodidae_Dorcopsulus_vanheurni             0.0393121 0.0379306 0.0450209 0.0415197 0.0417601 0.0435737 0.0443667 0.0434016 0.0438781 0.0447847 0.0465906 0.0477332 0.0444412 0.0604267 0.0243660 0.0000000 0.0070583 0.0112924 0.0654712 0.0493756 0.0514785 0.0650634 0.0525202 0.0513398 0.0494322 0.0535080 0.0416762 0.0404912 0.0446196 0.0419936 0.0432682 0.0499913 0.0149410 0.0179386 0.0179578 0.0155977 0.0151617 0.0448202 0.0444566 0.0429649 0.0406905 0.0413181 0.0459358 0.0535642 0.0510897 0.0415369 0.0413660 
Macropodidae_Onychogalea_fraenata              0.0397964 0.0371485 0.0433506 0.0411406 0.0413827 0.0431839 0.0439813 0.0430170 0.0434932 0.0443995 0.0461912 0.0473321 0.0440552 0.0609871 0.0239897 0.0070583 0.0000000 0.0108955 0.0660467 0.0498979 0.0497158 0.0642327 0.0521345 0.0509589 0.0490517 0.0530746 0.0421647 0.0409825 0.0451247 0.0424866 0.0428870 0.0496037 0.0165509 0.0179722 0.0187835 0.0152146 0.0147891 0.0444301 0.0444223 0.0445587 0.0403088 0.0409348 0.0455546 0.0522694 0.0497781 0.0415546 0.0413835 
Macropodidae_Wallabia_bicolor                  0.0448031 0.0416264 0.0488970 0.0452334 0.0454615 0.0478572 0.0472622 0.0463323 0.0468188 0.0477416 0.0495599 0.0508655 0.0473990 0.0636995 0.0282489 0.0112924 0.0108955 0.0000000 0.0687350 0.0505348 0.0531826 0.0665142 0.0552074 0.0548887 0.0520314 0.0553615 0.0436956 0.0425213 0.0461638 0.0440321 0.0448339 0.0540933 0.0198211 0.0232626 0.0232880 0.0205754 0.0199921 0.0496669 0.0444828 0.0450675 0.0434913 0.0441670 0.0484332 0.0566781 0.0537609 0.0479824 0.0478382 
Marmosidae_Monodelphis_domestica               0.0540451 0.0535140 0.0550292 0.0565933 0.0553450 0.0583531 0.0546720 0.0546274 0.0556585 0.0548436 0.0534962 0.0572185 0.0558985 0.0222773 0.0624811 0.0654712 0.0660467 0.0687350 0.0000000 0.0493535 0.0590092 0.0744049 0.0538922 0.0559964 0.0536853 0.0547778 0.0541759 0.0538986 0.0585020 0.0551211 0.0545139 0.0697973 0.0646743 0.0647466 0.0663191 0.0660889 0.0660751 0.0626227 0.0549427 0.0637146 0.0644118 0.0652526 0.0681736 0.0717081 0.0520111 0.0536926 0.0535279 
Microbiotheriidae_Dromiciops_gliroides         0.0340267 0.0367112 0.0433992 0.0398864 0.0402438 0.0395328 0.0351404 0.0342438 0.0368919 0.0369387 0.0361493 0.0385693 0.0352159 0.0475763 0.0448997 0.0493756 0.0498979 0.0505348 0.0493535 0.0000000 0.0407451 0.0540274 0.0364120 0.0376824 0.0354456 0.0409456 0.0391746 0.0389296 0.0411208 0.0376625 0.0396053 0.0511302 0.0435117 0.0436050 0.0436930 0.0451864 0.0444289 0.0468954 0.0423087 0.0451445 0.0438294 0.0443729 0.0474984 0.0529238 0.0402428 0.0427247 0.0417059 
Myrmecobiidae_Myrmecobius_fasciatus            0.0411947 0.0402807 0.0463250 0.0472506 0.0460594 0.0214008 0.0174859 0.0174756 0.0200015 0.0207948 0.0191703 0.0196110 0.0192118 0.0602399 0.0482582 0.0514785 0.0497158 0.0531826 0.0590092 0.0407451 0.0000000 0.0563792 0.0470252 0.0449702 0.0430348 0.0497869 0.0439467 0.0427942 0.0462344 0.0439391 0.0429473 0.0585596 0.0482915 0.0495916 0.0497031 0.0516007 0.0505180 0.0522764 0.0450695 0.0516309 0.0509194 0.0516416 0.0532857 0.0557358 0.0448485 0.0474316 0.0472831 
Notoryctidae_Notoryctes_typhlops               0.0527096 0.0532614 0.0627137 0.0588810 0.0596465 0.0588584 0.0554373 0.0550029 0.0583641 0.0584798 0.0560222 0.0586852 0.0575006 0.0720812 0.0583234 0.0650634 0.0642327 0.0665142 0.0744049 0.0540274 0.0563792 0.0000000 0.0553498 0.0571055 0.0538705 0.0592852 0.0567731 0.0565619 0.0606837 0.0566138 0.0571674 0.0653116 0.0583512 0.0620996 0.0631014 0.0630551 0.0620601 0.0638610 0.0591236 0.0607476 0.0606565 0.0613946 0.0640566 0.0697247 0.0533468 0.0563363 0.0553028 
Peramelidae_Echymipera_kalubu                  0.0376818 0.0363647 0.0452005 0.0431610 0.0438560 0.0441058 0.0423314 0.0413644 0.0422614 0.0423392 0.0430319 0.0442606 0.0419665 0.0539825 0.0466579 0.0525202 0.0521345 0.0552074 0.0538922 0.0364120 0.0470252 0.0553498 0.0000000 0.0060160 0.0029910 0.0089309 0.0391419 0.0396920 0.0415767 0.0385993 0.0403981 0.0520343 0.0489501 0.0480245 0.0494771 0.0493011 0.0492940 0.0486240 0.0363578 0.0425104 0.0461504 0.0463696 0.0497387 0.0515264 0.0187001 0.0434991 0.0424375 
Peramelidae_Isoodon_obesulus                   0.0358758 0.0346030 0.0450184 0.0430600 0.0436936 0.0417019 0.0404462 0.0395009 0.0413005 0.0413248 0.0421103 0.0431717 0.0418615 0.0555516 0.0482629 0.0513398 0.0509589 0.0548887 0.0559964 0.0376824 0.0449702 0.0571055 0.0060160 0.0000000 0.0029517 0.0093659 0.0403001 0.0408599 0.0427286 0.0397722 0.0415428 0.0517571 0.0482658 0.0478058 0.0492384 0.0486010 0.0481680 0.0461058 0.0370895 0.0417575 0.0445980 0.0448064 0.0472332 0.0521923 0.0192681 0.0424669 0.0414262 
Peramelidae_Perameles_gunnii                   0.0345621 0.0333103 0.0427768 0.0417156 0.0423528 0.0403164 0.0386236 0.0376894 0.0394718 0.0394949 0.0402044 0.0417381 0.0400230 0.0532428 0.0451282 0.0494322 0.0490517 0.0520314 0.0536853 0.0354456 0.0430348 0.0538705 0.0029910 0.0029517 0.0000000 0.0076319 0.0385785 0.0391128 0.0409358 0.0380398 0.0398161 0.0503493 0.0468497 0.0459268 0.0473444 0.0471612 0.0462884 0.0452803 0.0344300 0.0407195 0.0437254 0.0439295 0.0463531 0.0507908 0.0180209 0.0411295 0.0400992 
Peramelidae_Peroryctes_raffrayana              0.0393089 0.0393327 0.0467007 0.0445536 0.0453334 0.0440258 0.0415678 0.0405384 0.0419861 0.0430991 0.0445960 0.0431797 0.0431865 0.0544149 0.0500321 0.0535080 0.0530746 0.0553615 0.0547778 0.0409456 0.0497869 0.0592852 0.0089309 0.0093659 0.0076319 0.0000000 0.0413964 0.0427680 0.0449900 0.0407998 0.0433115 0.0567664 0.0501079 0.0494589 0.0511033 0.0498310 0.0498712 0.0511492 0.0361574 0.0437657 0.0473850 0.0481063 0.0524734 0.0538759 0.0205360 0.0443365 0.0436930 
Phalangeridae_Phalanger_carmelitae             0.0300055 0.0287303 0.0379860 0.0338095 0.0349194 0.0383779 0.0374882 0.0365560 0.0378787 0.0379009 0.0388353 0.0372922 0.0360811 0.0515272 0.0391456 0.0416762 0.0421647 0.0436956 0.0541759 0.0391746 0.0439467 0.0567731 0.0391419 0.0403001 0.0385785 0.0413964 0.0000000 0.0014934 0.0068292 0.0052412 0.0082490 0.0468933 0.0381673 0.0412944 0.0409429 0.0379630 0.0382093 0.0367516 0.0299614 0.0337809 0.0337692 0.0343510 0.0341685 0.0455093 0.0401407 0.0365089 0.0363592 
Phalangeridae_Phalanger_orientalis             0.0299898 0.0291199 0.0371309 0.0338481 0.0349723 0.0366516 0.0353884 0.0344548 0.0357819 0.0358031 0.0370440 0.0351063 0.0344125 0.0502525 0.0392484 0.0404912 0.0409825 0.0425213 0.0538986 0.0389296 0.0427942 0.0565619 0.0396920 0.0408599 0.0391128 0.0427680 0.0014934 0.0000000 0.0077055 0.0060877 0.0095278 0.0480183 0.0369397 0.0401047 0.0397479 0.0362720 0.0365641 0.0358467 0.0272190 0.0328245 0.0329956 0.0335336 0.0342596 0.0443889 0.0412816 0.0378828 0.0377253 
Phalangeridae_Spilocuscus_maculatus            0.0331329 0.0317792 0.0413336 0.0364682 0.0375919 0.0417572 0.0408042 0.0398398 0.0412020 0.0412267 0.0418739 0.0415607 0.0393479 0.0534222 0.0420642 0.0446196 0.0451247 0.0461638 0.0585020 0.0411208 0.0462344 0.0606837 0.0415767 0.0427286 0.0409358 0.0449900 0.0068292 0.0077055 0.0000000 0.0076523 0.0126902 0.0504968 0.0417680 0.0442310 0.0438758 0.0417255 0.0410625 0.0391745 0.0304499 0.0366875 0.0360655 0.0366715 0.0373380 0.0476752 0.0426791 0.0393560 0.0391913 
Phalangeridae_Strigocuscus_pelengensis         0.0291298 0.0293616 0.0378427 0.0335733 0.0334842 0.0382126 0.0369670 0.0364606 0.0373607 0.0373827 0.0382533 0.0362171 0.0355517 0.0505949 0.0372740 0.0419936 0.0424866 0.0440321 0.0551211 0.0376625 0.0439391 0.0566138 0.0385993 0.0397722 0.0380398 0.0407998 0.0052412 0.0060877 0.0076523 0.0000000 0.0102366 0.0478211 0.0375825 0.0407311 0.0403767 0.0373674 0.0376304 0.0376143 0.0276540 0.0320945 0.0331701 0.0337301 0.0357248 0.0465379 0.0404169 0.0372498 0.0370958 
Phalangeridae_Trichosurus_vulpecula            0.0312300 0.0295457 0.0378981 0.0342425 0.0348991 0.0391193 0.0382220 0.0372890 0.0386114 0.0386340 0.0392885 0.0394011 0.0364195 0.0514081 0.0403889 0.0432682 0.0428870 0.0448339 0.0545139 0.0396053 0.0429473 0.0571674 0.0403981 0.0415428 0.0398161 0.0433115 0.0082490 0.0095278 0.0126902 0.0102366 0.0000000 0.0477127 0.0402379 0.0433613 0.0430120 0.0391472 0.0393372 0.0380056 0.0292446 0.0357212 0.0358431 0.0364375 0.0357860 0.0486904 0.0419631 0.0386039 0.0384454 
Phascolarctidae_Phascolarctos_cinereus         0.0444456 0.0471293 0.0512799 0.0442769 0.0454594 0.0514397 0.0504068 0.0498455 0.0522224 0.0531795 0.0528902 0.0531250 0.0519231 0.0635256 0.0477575 0.0499913 0.0496037 0.0540933 0.0697973 0.0511302 0.0585596 0.0653116 0.0520343 0.0517571 0.0503493 0.0567664 0.0468933 0.0480183 0.0504968 0.0478211 0.0477127 0.0000000 0.0492503 0.0510042 0.0511556 0.0496771 0.0491431 0.0501836 0.0489351 0.0611253 0.0545551 0.0547399 0.0573392 0.0572032 0.0533259 0.0332929 0.0323108 
Potoroidae_Aepyprymnus_rufescens               0.0370940 0.0348781 0.0445905 0.0377246 0.0379816 0.0405441 0.0409051 0.0399473 0.0399831 0.0408855 0.0425409 0.0438168 0.0413517 0.0591318 0.0243053 0.0149410 0.0165509 0.0198211 0.0646743 0.0435117 0.0482915 0.0583512 0.0489501 0.0482658 0.0468497 0.0501079 0.0381673 0.0369397 0.0417680 0.0375825 0.0402379 0.0492503 0.0000000 0.0067454 0.0059939 0.0092881 0.0086847 0.0416701 0.0419574 0.0399901 0.0380230 0.0376547 0.0428655 0.0546888 0.0497872 0.0403555 0.0401877 
Potoroidae_Bettongia_lesueur                   0.0397998 0.0366901 0.0429462 0.0403876 0.0406329 0.0418858 0.0426945 0.0417363 0.0422096 0.0431116 0.0443287 0.0459778 0.0440501 0.0597475 0.0269647 0.0179386 0.0179722 0.0232626 0.0647466 0.0436050 0.0495916 0.0620996 0.0480245 0.0478058 0.0459268 0.0494589 0.0412944 0.0401047 0.0442310 0.0407311 0.0433613 0.0510042 0.0067454 0.0000000 0.0022115 0.0116235 0.0108947 0.0430468 0.0424127 0.0419259 0.0398427 0.0394782 0.0446758 0.0559925 0.0483311 0.0407995 0.0406313 
Potoroidae_Bettongia_penicillata               0.0402905 0.0367397 0.0442920 0.0409038 0.0411478 0.0415045 0.0423432 0.0413851 0.0418584 0.0427608 0.0443652 0.0456142 0.0436317 0.0603453 0.0278163 0.0179578 0.0187835 0.0232880 0.0663191 0.0436930 0.0497031 0.0631014 0.0494771 0.0492384 0.0473444 0.0511033 0.0409429 0.0397479 0.0438758 0.0403767 0.0430120 0.0511556 0.0059939 0.0022115 0.0000000 0.0108450 0.0101400 0.0422412 0.0423682 0.0409797 0.0399211 0.0395559 0.0447639 0.0565684 0.0503024 0.0409186 0.0407494 
Potoroidae_Potorous_tridactylussouth           0.0391643 0.0364063 0.0422580 0.0379404 0.0382008 0.0430629 0.0434614 0.0424740 0.0429075 0.0438606 0.0456769 0.0459703 0.0443421 0.0598488 0.0247143 0.0155977 0.0152146 0.0205754 0.0660889 0.0451864 0.0516007 0.0630551 0.0493011 0.0486010 0.0471612 0.0498310 0.0379630 0.0362720 0.0417255 0.0373674 0.0391472 0.0496771 0.0092881 0.0116235 0.0108450 0.0000000 0.0007531 0.0401809 0.0425250 0.0403433 0.0387461 0.0393776 0.0427923 0.0541275 0.0502043 0.0406148 0.0404431 
Potoroidae_Potorous_tridactylusTas             0.0380812 0.0354168 0.0423693 0.0381618 0.0384147 0.0422638 0.0426592 0.0417018 0.0425830 0.0434853 0.0452354 0.0459386 0.0439531 0.0599960 0.0244484 0.0151617 0.0147891 0.0199921 0.0660751 0.0444289 0.0505180 0.0620601 0.0492940 0.0481680 0.0462884 0.0498712 0.0382093 0.0365641 0.0410625 0.0376304 0.0393372 0.0491431 0.0086847 0.0108947 0.0101400 0.0007531 0.0000000 0.0399343 0.0417854 0.0399030 0.0385429 0.0391569 0.0424815 0.0546062 0.0493061 0.0407679 0.0405999 
Pseudochiridae_Petauroides_volans              0.0310130 0.0327233 0.0432125 0.0389223 0.0397183 0.0451046 0.0436537 0.0431461 0.0449968 0.0459868 0.0457115 0.0461125 0.0456095 0.0597635 0.0448757 0.0448202 0.0444301 0.0496669 0.0626227 0.0468954 0.0522764 0.0638610 0.0486240 0.0461058 0.0452803 0.0511492 0.0367516 0.0358467 0.0391745 0.0376143 0.0380056 0.0501836 0.0416701 0.0430468 0.0422412 0.0401809 0.0399343 0.0000000 0.0288962 0.0249589 0.0224887 0.0229450 0.0233346 0.0445339 0.0477857 0.0425186 0.0423680 
Pseudochiridae_Pseodochirops_corinnae          0.0291986 0.0273961 0.0365044 0.0300295 0.0305437 0.0401872 0.0366332 0.0359375 0.0379878 0.0380274 0.0378196 0.0406230 0.0375737 0.0586650 0.0410742 0.0444566 0.0444223 0.0444828 0.0549427 0.0423087 0.0450695 0.0591236 0.0363578 0.0370895 0.0344300 0.0361574 0.0299614 0.0272190 0.0304499 0.0276540 0.0292446 0.0489351 0.0419574 0.0424127 0.0423682 0.0425250 0.0417854 0.0288962 0.0000000 0.0255617 0.0248715 0.0255470 0.0241889 0.0435717 0.0373914 0.0393598 0.0392611 
Pseudochiridae_Pseudocheirus_occidentalis      0.0336686 0.0332425 0.0472434 0.0403383 0.0411408 0.0470015 0.0440462 0.0429838 0.0445465 0.0457015 0.0446365 0.0461937 0.0442501 0.0636944 0.0435702 0.0429649 0.0445587 0.0450675 0.0637146 0.0451445 0.0516309 0.0607476 0.0425104 0.0417575 0.0407195 0.0437657 0.0337809 0.0328245 0.0366875 0.0320945 0.0357212 0.0611253 0.0399901 0.0419259 0.0409797 0.0403433 0.0399030 0.0249589 0.0255617 0.0000000 0.0038794 0.0043291 0.0118274 0.0463129 0.0424648 0.0445186 0.0443641 
Pseudochiridae_Pseudocheirus_peregrinus_Sydney 0.0315144 0.0306585 0.0448361 0.0366496 0.0382598 0.0457799 0.0434154 0.0424822 0.0447784 0.0456884 0.0442358 0.0453069 0.0430592 0.0617158 0.0399021 0.0406905 0.0403088 0.0434913 0.0644118 0.0438294 0.0509194 0.0606565 0.0461504 0.0445980 0.0437254 0.0473850 0.0337692 0.0329956 0.0360655 0.0331701 0.0358431 0.0545551 0.0380230 0.0398427 0.0399211 0.0387461 0.0385429 0.0224887 0.0248715 0.0038794 0.0000000 0.0003677 0.0108697 0.0440058 0.0459499 0.0415533 0.0414071 
Pseudochiridae_Pseudocheirus_peregrinus_north  0.0316798 0.0312178 0.0454292 0.0372242 0.0388677 0.0463523 0.0432032 0.0422408 0.0445444 0.0454575 0.0443320 0.0450655 0.0432624 0.0624983 0.0405257 0.0413181 0.0409348 0.0441670 0.0652526 0.0443729 0.0516416 0.0613946 0.0463696 0.0448064 0.0439295 0.0481063 0.0343510 0.0335336 0.0366715 0.0337301 0.0364375 0.0547399 0.0376547 0.0394782 0.0395559 0.0393776 0.0391569 0.0229450 0.0255470 0.0043291 0.0003677 0.0000000 0.0109173 0.0446288 0.0465321 0.0422123 0.0420375 
Pseudochiridae_Pseudochirulus_forbesi          0.0353298 0.0340444 0.0483878 0.0405925 0.0416966 0.0479608 0.0460841 0.0451114 0.0474327 0.0483521 0.0479950 0.0480796 0.0466480 0.0654300 0.0456115 0.0459358 0.0455546 0.0484332 0.0681736 0.0474984 0.0532857 0.0640566 0.0497387 0.0472332 0.0463531 0.0524734 0.0341685 0.0342596 0.0373380 0.0357248 0.0357860 0.0573392 0.0428655 0.0446758 0.0447639 0.0427923 0.0424815 0.0233346 0.0241889 0.0118274 0.0108697 0.0109173 0.0000000 0.0476127 0.0491325 0.0459593 0.0457687 
Tarsipedidae_Tarsipes_rostratus                0.0390559 0.0378256 0.0489214 0.0445224 0.0457896 0.0516202 0.0509875 0.0500159 0.0524050 0.0533502 0.0520816 0.0527502 0.0506342 0.0655128 0.0521760 0.0535642 0.0522694 0.0566781 0.0717081 0.0529238 0.0557358 0.0697247 0.0515264 0.0521923 0.0507908 0.0538759 0.0455093 0.0443889 0.0476752 0.0465379 0.0486904 0.0572032 0.0546888 0.0559925 0.0565684 0.0541275 0.0546062 0.0445339 0.0435717 0.0463129 0.0440058 0.0446288 0.0476127 0.0000000 0.0541157 0.0513287 0.0511468 
Thylacomyidae_Macrotis_lagotis                 0.0367963 0.0365060 0.0450000 0.0443393 0.0450755 0.0436173 0.0401200 0.0392124 0.0411303 0.0419460 0.0426281 0.0429982 0.0430587 0.0528101 0.0493094 0.0510897 0.0497781 0.0537609 0.0520111 0.0402428 0.0448485 0.0533468 0.0187001 0.0192681 0.0180209 0.0205360 0.0401407 0.0412816 0.0426791 0.0404169 0.0419631 0.0533259 0.0497872 0.0483311 0.0503024 0.0502043 0.0493061 0.0477857 0.0373914 0.0424648 0.0459499 0.0465321 0.0491325 0.0541157 0.0000000 0.0401506 0.0400597 
Vombatidae_Lasiorhinus_latifrons               0.0341096 0.0337640 0.0419859 0.0391649 0.0389481 0.0425103 0.0396430 0.0400753 0.0423496 0.0432548 0.0422437 0.0414243 0.0424427 0.0505023 0.0406739 0.0415369 0.0415546 0.0479824 0.0536926 0.0427247 0.0474316 0.0563363 0.0434991 0.0424669 0.0411295 0.0443365 0.0365089 0.0378828 0.0393560 0.0372498 0.0386039 0.0332929 0.0403555 0.0407995 0.0409186 0.0406148 0.0407679 0.0425186 0.0393598 0.0445186 0.0415533 0.0422123 0.0459593 0.0513287 0.0401506 0.0000000 0.0007346 
Vombatidae_Vombatus_ursinus                    0.0340090 0.0336269 0.0418112 0.0390035 0.0387885 0.0423314 0.0400111 0.0403695 0.0421737 0.0430748 0.0421129 0.0417278 0.0422660 0.0503562 0.0405067 0.0413660 0.0413835 0.0478382 0.0535279 0.0417059 0.0472831 0.0553028 0.0424375 0.0414262 0.0400992 0.0436930 0.0363592 0.0377253 0.0391913 0.0370958 0.0384454 0.0323108 0.0401877 0.0406313 0.0407494 0.0404431 0.0405999 0.0423680 0.0392611 0.0443641 0.0414071 0.0420375 0.0457687 0.0511468 0.0400597 0.0007346 0.0000000 
