35
Burramyidae_Burramys_parvus                  0.0000000 0.0840583 0.0547440 0.0713879 0.0657514 0.0857464 0.0384055 0.0433830 0.0702171 0.0938245 0.0433927 0.0872171 0.0853424 0.0405031 0.0495694 0.0791209 0.0818909 0.0792950 0.0927999 0.0688587 0.0645370 0.0998595 0.0877413 0.0829218 0.0642810 0.0758707 0.0424885 0.0710782 0.0572051 0.0679768 0.0503912 0.0395881 0.0945011 0.0868978 0.0946408 
Notoryctidae_Notoryctes_typhlops             0.0840583 0.0000000 0.0864127 0.1029098 0.0999918 0.0906097 0.0719276 0.0754851 0.0966918 0.0974330 0.0740180 0.0895973 0.0983508 0.0745750 0.0682972 0.0947269 0.0988080 0.0727671 0.0993603 0.0917942 0.0873024 0.1151057 0.1047957 0.0935000 0.0902971 0.0835178 0.0728682 0.0969860 0.0759928 0.0882290 0.0710855 0.0730250 0.0985251 0.0904156 0.0955175 
Vombatidae_Lasiorhinus_latifrons             0.0547440 0.0864127 0.0000000 0.0725428 0.0671439 0.0839118 0.0437575 0.0497644 0.0674928 0.0901428 0.0499105 0.0833338 0.0886131 0.0475581 0.0461274 0.0799628 0.0845306 0.0781673 0.0895338 0.0677837 0.0605491 0.0941373 0.0809718 0.0815514 0.0660278 0.0715091 0.0438011 0.0700547 0.0533903 0.0706893 0.0458535 0.0479120 0.0894630 0.0850319 0.0894507 
Potoroidae_Bettongia_penicillata             0.0713879 0.1029098 0.0725428 0.0000000 0.0053907 0.0985990 0.0563347 0.0574832 0.0095679 0.1049474 0.0570365 0.0963109 0.0969321 0.0580976 0.0586200 0.0962112 0.1010580 0.0924801 0.1071329 0.0292028 0.0753431 0.1189675 0.1037217 0.0959949 0.0433460 0.0951627 0.0549895 0.0279638 0.0658620 0.0845267 0.0612408 0.0571304 0.1075714 0.0997568 0.1079293 
Potoroidae_Bettongia_lesueur                 0.0657514 0.0999918 0.0671439 0.0053907 0.0000000 0.0892231 0.0502665 0.0514170 0.0070158 0.0957643 0.0497912 0.0902423 0.0938251 0.0519632 0.0560448 0.0938229 0.0977168 0.0830252 0.0981084 0.0239780 0.0705885 0.1064184 0.0941160 0.0833805 0.0371604 0.0862854 0.0519791 0.0227944 0.0616995 0.0780298 0.0560992 0.0505014 0.1006093 0.0903314 0.0968771 
Dasyuridae_Dasyurus_maculatus                0.0857464 0.0906097 0.0839118 0.0985990 0.0892231 0.0000000 0.0705192 0.0791119 0.0920727 0.0940349 0.0755671 0.0112118 0.0202019 0.0754287 0.0742031 0.0085697 0.0020959 0.0158458 0.0976625 0.0849012 0.0828776 0.1151781 0.0973064 0.0110052 0.0913476 0.0864797 0.0721226 0.0926599 0.0751050 0.0938155 0.0724594 0.0737204 0.0962670 0.0021742 0.0946921 
Phalangeridae_Trichosurus_vulpecula          0.0384055 0.0719276 0.0437575 0.0563347 0.0502665 0.0705192 0.0000000 0.0063519 0.0533006 0.0756160 0.0068830 0.0672735 0.0736466 0.0053659 0.0386291 0.0603814 0.0659472 0.0635453 0.0788264 0.0513805 0.0441280 0.0825477 0.0689495 0.0665902 0.0529829 0.0642195 0.0298414 0.0519523 0.0402891 0.0480428 0.0370473 0.0051857 0.0797225 0.0721564 0.0762438 
Phalangeridae_Spilocuscus_maculatus          0.0433830 0.0754851 0.0497644 0.0574832 0.0514170 0.0791119 0.0063519 0.0000000 0.0545267 0.0816850 0.0060276 0.0720875 0.0772493 0.0041033 0.0430675 0.0644125 0.0717860 0.0727108 0.0826877 0.0562164 0.0480733 0.0870028 0.0738277 0.0711565 0.0526014 0.0709339 0.0315656 0.0555058 0.0416702 0.0573014 0.0433962 0.0037676 0.0870002 0.0808307 0.0830815 
Potoroidae_Aepyprymnus_rufescens             0.0702171 0.0966918 0.0674928 0.0095679 0.0070158 0.0920727 0.0533006 0.0545267 0.0000000 0.0984076 0.0525081 0.0904177 0.0942401 0.0547585 0.0609026 0.0950962 0.0992479 0.0886397 0.1010861 0.0210897 0.0697729 0.1126485 0.0988454 0.0879665 0.0368419 0.0872986 0.0535226 0.0223465 0.0602369 0.0822796 0.0607418 0.0535654 0.1044517 0.0932359 0.0997882 
Peramelidae_Perameles_nasuta                 0.0938245 0.0974330 0.0901428 0.1049474 0.0957643 0.0940349 0.0756160 0.0816850 0.0984076 0.0000000 0.0789314 0.0931375 0.1038488 0.0795328 0.0869744 0.0959317 0.1009014 0.0764501 0.0087578 0.0950384 0.0927467 0.1065940 0.0984834 0.0873559 0.0956323 0.0820318 0.0792231 0.0967345 0.0850944 0.0947238 0.0824089 0.0790473 0.0083212 0.0946849 0.0007800 
Phalangeridae_Strigocuscus_pelengensis       0.0433927 0.0740180 0.0499105 0.0570365 0.0497912 0.0755671 0.0068830 0.0060276 0.0525081 0.0789314 0.0000000 0.0718180 0.0809939 0.0050076 0.0432039 0.0672767 0.0745630 0.0638328 0.0820922 0.0553416 0.0494011 0.0851980 0.0717078 0.0683918 0.0520775 0.0673941 0.0335131 0.0540677 0.0418428 0.0569579 0.0442362 0.0046303 0.0836491 0.0773217 0.0795947 
Dasyuridae_Phascogale_tapoatafa              0.0872171 0.0895973 0.0833338 0.0963109 0.0902423 0.0112118 0.0672735 0.0720875 0.0904177 0.0931375 0.0718180 0.0000000 0.0192269 0.0697085 0.0714836 0.0017480 0.0119941 0.0120848 0.0961088 0.0854101 0.0811105 0.1106433 0.0968643 0.0053764 0.0896460 0.0814203 0.0694751 0.0934044 0.0733392 0.0885111 0.0718616 0.0698202 0.0941023 0.0123208 0.0910347 
Dasyuridae_Sminthopsis_macroura              0.0853424 0.0983508 0.0886131 0.0969321 0.0938251 0.0202019 0.0736466 0.0772493 0.0942401 0.1038488 0.0809939 0.0192269 0.0000000 0.0778098 0.0811945 0.0162047 0.0197093 0.0128718 0.1036926 0.0949744 0.0963198 0.1288085 0.1098839 0.0177497 0.0853166 0.0850876 0.0797367 0.1051031 0.0836292 0.1052124 0.0840647 0.0770948 0.1040834 0.0229888 0.1026551 
Phalangeridae_Phalanger_orientalis           0.0405031 0.0745750 0.0475581 0.0580976 0.0519632 0.0754287 0.0053659 0.0041033 0.0547585 0.0795328 0.0050076 0.0697085 0.0778098 0.0000000 0.0415531 0.0642009 0.0715486 0.0669362 0.0827630 0.0546839 0.0477708 0.0875155 0.0722335 0.0689981 0.0536409 0.0691550 0.0303736 0.0536691 0.0408628 0.0562111 0.0424029 0.0021791 0.0838825 0.0771252 0.0801847 
Acrobatidae_Acrobates_pygmaeus               0.0495694 0.0682972 0.0461274 0.0586200 0.0560448 0.0742031 0.0386291 0.0430675 0.0609026 0.0869744 0.0432039 0.0714836 0.0811945 0.0415531 0.0000000 0.0708372 0.0788676 0.0687429 0.0836874 0.0618376 0.0463237 0.0921599 0.0777859 0.0714481 0.0600123 0.0662487 0.0325555 0.0640774 0.0387269 0.0471608 0.0179931 0.0412376 0.0869921 0.0752601 0.0864516 
Dasyuridae_Phascogale_calura                 0.0791209 0.0947269 0.0799628 0.0962112 0.0938229 0.0085697 0.0603814 0.0644125 0.0950962 0.0959317 0.0672767 0.0017480 0.0162047 0.0642009 0.0708372 0.0000000 0.0088861 0.0088712 0.0956645 0.0915637 0.0821839 0.1147014 0.0977588 0.0044702 0.0929036 0.0795183 0.0684020 0.0996635 0.0715727 0.0891699 0.0722980 0.0635332 0.0921626 0.0101807 0.0948076 
Dasyuridae_Sarcophilus_harrisii              0.0818909 0.0988080 0.0845306 0.1010580 0.0977168 0.0020959 0.0659472 0.0717860 0.0992479 0.1009014 0.0745630 0.0119941 0.0197093 0.0715486 0.0788676 0.0088861 0.0000000 0.0141138 0.1026399 0.0933091 0.0900997 0.1252929 0.1045538 0.0105563 0.0952457 0.0879300 0.0733688 0.1000144 0.0792010 0.0999784 0.0800296 0.0708536 0.1025378 0.0030217 0.1016478 
Dasyuridae_Planigale_tenuirostris            0.0792950 0.0727671 0.0781673 0.0924801 0.0830252 0.0158458 0.0635453 0.0727108 0.0886397 0.0764501 0.0638328 0.0120848 0.0128718 0.0669362 0.0687429 0.0088712 0.0141138 0.0000000 0.0783190 0.0715354 0.0815016 0.1026203 0.0877612 0.0117750 0.0809154 0.0770047 0.0576754 0.0838881 0.0668839 0.0831632 0.0654685 0.0663778 0.0806634 0.0153900 0.0758910 
Peramelidae_Echymipera_kalubu                0.0927999 0.0993603 0.0895338 0.1071329 0.0981084 0.0976625 0.0788264 0.0826877 0.1010861 0.0087578 0.0820922 0.0961088 0.1036926 0.0827630 0.0836874 0.0956645 0.1026399 0.0783190 0.0000000 0.0944811 0.0957268 0.1119891 0.0996481 0.0907984 0.0955170 0.0863845 0.0785979 0.0982533 0.0874924 0.0987381 0.0837223 0.0809919 0.0073893 0.0982885 0.0093503 
Macropodidae_Dorcopsulus_vanheurni           0.0688587 0.0917942 0.0677837 0.0292028 0.0239780 0.0849012 0.0513805 0.0562164 0.0210897 0.0950384 0.0553416 0.0854101 0.0949744 0.0546839 0.0618376 0.0915637 0.0933091 0.0715354 0.0944811 0.0000000 0.0709590 0.1058877 0.0919420 0.0849556 0.0422039 0.0869723 0.0510557 0.0067089 0.0619800 0.0719331 0.0609102 0.0547942 0.0987073 0.0860188 0.0949748 
Pseudochiridae_Pseudochirulus_forbesi        0.0645370 0.0873024 0.0605491 0.0753431 0.0705885 0.0828776 0.0441280 0.0480733 0.0697729 0.0927467 0.0494011 0.0811105 0.0963198 0.0477708 0.0463237 0.0821839 0.0900997 0.0815016 0.0957268 0.0709590 0.0000000 0.1007452 0.0834916 0.0857849 0.0702794 0.0831369 0.0257181 0.0724385 0.0165672 0.0631167 0.0495383 0.0458521 0.0931332 0.0839868 0.0933889 
Didelphidae_Didelphis_virginiana             0.0998595 0.1151057 0.0941373 0.1189675 0.1064184 0.1151781 0.0825477 0.0870028 0.1126485 0.1065940 0.0851980 0.1106433 0.1288085 0.0875155 0.0921599 0.1147014 0.1252929 0.1026203 0.1119891 0.1058877 0.1007452 0.0000000 0.0241098 0.1053197 0.1070990 0.0982607 0.0861919 0.1043075 0.0901104 0.1099792 0.0910956 0.0857933 0.1101616 0.1187948 0.1096288 
Marmosidae_Monodelphis_domestica             0.0877413 0.1047957 0.0809718 0.1037217 0.0941160 0.0973064 0.0689495 0.0738277 0.0988454 0.0984834 0.0717078 0.0968643 0.1098839 0.0722335 0.0777859 0.0977588 0.1045538 0.0877612 0.0996481 0.0919420 0.0834916 0.0241098 0.0000000 0.0944896 0.0900507 0.0869525 0.0688232 0.0937313 0.0756750 0.0964060 0.0775343 0.0718107 0.0968603 0.1006873 0.1013121 
Dasyuridae_Antechinus_stuartii               0.0829218 0.0935000 0.0815514 0.0959949 0.0833805 0.0110052 0.0665902 0.0711565 0.0879665 0.0873559 0.0683918 0.0053764 0.0177497 0.0689981 0.0714481 0.0044702 0.0105563 0.0117750 0.0907984 0.0849556 0.0857849 0.1053197 0.0944896 0.0000000 0.0852722 0.0787163 0.0713231 0.0929118 0.0754123 0.0902746 0.0689220 0.0691367 0.0902728 0.0121062 0.0865562 
Hypsiprymnodontidae_Hypsiprymnodon_moschatus 0.0642810 0.0902971 0.0660278 0.0433460 0.0371604 0.0913476 0.0529829 0.0526014 0.0368419 0.0956323 0.0520775 0.0896460 0.0853166 0.0536409 0.0600123 0.0929036 0.0952457 0.0809154 0.0955170 0.0422039 0.0702794 0.1070990 0.0900507 0.0852722 0.0000000 0.0788708 0.0550804 0.0392194 0.0590720 0.0794756 0.0574463 0.0537497 0.1022247 0.0911687 0.0956365 
Microbiotheriidae_Dromiciops_gliroides       0.0758707 0.0835178 0.0715091 0.0951627 0.0862854 0.0864797 0.0642195 0.0709339 0.0872986 0.0820318 0.0673941 0.0814203 0.0850876 0.0691550 0.0662487 0.0795183 0.0879300 0.0770047 0.0863845 0.0869723 0.0831369 0.0982607 0.0869525 0.0787163 0.0788708 0.0000000 0.0640872 0.0939358 0.0692505 0.0848695 0.0641370 0.0687803 0.0833586 0.0876384 0.0814539 
Pseudochiridae_Petauroides_volans            0.0424885 0.0728682 0.0438011 0.0549895 0.0519791 0.0721226 0.0298414 0.0315656 0.0535226 0.0792231 0.0335131 0.0694751 0.0797367 0.0303736 0.0325555 0.0684020 0.0733688 0.0576754 0.0785979 0.0510557 0.0257181 0.0861919 0.0688232 0.0713231 0.0550804 0.0640872 0.0000000 0.0527762 0.0211144 0.0433641 0.0320441 0.0304553 0.0810528 0.0731976 0.0794535 
Macropodidae_Wallabia_bicolor                0.0710782 0.0969860 0.0700547 0.0279638 0.0227944 0.0926599 0.0519523 0.0555058 0.0223465 0.0967345 0.0540677 0.0934044 0.1051031 0.0536691 0.0640774 0.0996635 0.1000144 0.0838881 0.0982533 0.0067089 0.0724385 0.1043075 0.0937313 0.0929118 0.0392194 0.0939358 0.0527762 0.0000000 0.0606862 0.0756071 0.0631314 0.0537779 0.1047199 0.0938017 0.0985062 
Pseudochiridae_Pseudocheirus_occidentalis    0.0572051 0.0759928 0.0533903 0.0658620 0.0616995 0.0751050 0.0402891 0.0416702 0.0602369 0.0850944 0.0418428 0.0733392 0.0836292 0.0408628 0.0387269 0.0715727 0.0792010 0.0668839 0.0874924 0.0619800 0.0165672 0.0901104 0.0756750 0.0754123 0.0590720 0.0692505 0.0211144 0.0606862 0.0000000 0.0573148 0.0416147 0.0399880 0.0876533 0.0761973 0.0863833 
Tarsipedidae_Tarsipes_rostratus              0.0679768 0.0882290 0.0706893 0.0845267 0.0780298 0.0938155 0.0480428 0.0573014 0.0822796 0.0947238 0.0569579 0.0885111 0.1052124 0.0562111 0.0471608 0.0891699 0.0999784 0.0831632 0.0987381 0.0719331 0.0631167 0.1099792 0.0964060 0.0902746 0.0794756 0.0848695 0.0433641 0.0756071 0.0573148 0.0000000 0.0489609 0.0536037 0.0984255 0.0944614 0.0947613 
Acrobatidae_Distoechurus_pennatus            0.0503912 0.0710855 0.0458535 0.0612408 0.0560992 0.0724594 0.0370473 0.0433962 0.0607418 0.0824089 0.0442362 0.0718616 0.0840647 0.0424029 0.0179931 0.0722980 0.0800296 0.0654685 0.0837223 0.0609102 0.0495383 0.0910956 0.0775343 0.0689220 0.0574463 0.0641370 0.0320441 0.0631314 0.0416147 0.0489609 0.0000000 0.0420592 0.0848785 0.0734576 0.0823669 
Phalangeridae_Phalanger_carmelitae           0.0395881 0.0730250 0.0479120 0.0571304 0.0505014 0.0737204 0.0051857 0.0037676 0.0535654 0.0790473 0.0046303 0.0698202 0.0770948 0.0021791 0.0412376 0.0635332 0.0708536 0.0663778 0.0809919 0.0547942 0.0458521 0.0857933 0.0718107 0.0691367 0.0537497 0.0687803 0.0304553 0.0537779 0.0399880 0.0536037 0.0420592 0.0000000 0.0821592 0.0754041 0.0796991 
Peramelidae_Peroryctes_raffrayana            0.0945011 0.0985251 0.0894630 0.1075714 0.1006093 0.0962670 0.0797225 0.0870002 0.1044517 0.0083212 0.0836491 0.0941023 0.1040834 0.0838825 0.0869921 0.0921626 0.1025378 0.0806634 0.0073893 0.0987073 0.0931332 0.1101616 0.0968603 0.0902728 0.1022247 0.0833586 0.0810528 0.1047199 0.0876533 0.0984255 0.0848785 0.0821592 0.0000000 0.0968983 0.0082604 
Dasyuridae_Dasyurus_geffroii                 0.0868978 0.0904156 0.0850319 0.0997568 0.0903314 0.0021742 0.0721564 0.0808307 0.0932359 0.0946849 0.0773217 0.0123208 0.0229888 0.0771252 0.0752601 0.0101807 0.0030217 0.0153900 0.0982885 0.0860188 0.0839868 0.1187948 0.1006873 0.0121062 0.0911687 0.0876384 0.0731976 0.0938017 0.0761973 0.0944614 0.0734576 0.0754041 0.0968983 0.0000000 0.0953145 
Peramelidae_Perameles_gunnii                 0.0946408 0.0955175 0.0894507 0.1079293 0.0968771 0.0946921 0.0762438 0.0830815 0.0997882 0.0007800 0.0795947 0.0910347 0.1026551 0.0801847 0.0864516 0.0948076 0.1016478 0.0758910 0.0093503 0.0949748 0.0933889 0.1096288 0.1013121 0.0865562 0.0956365 0.0814539 0.0794535 0.0985062 0.0863833 0.0947613 0.0823669 0.0796991 0.0082604 0.0953145 0.0000000 
