35
Burramyidae_Burramys_parvus                  0.0000000 0.0761441 0.0418882 0.0602942 0.0613656 0.0696678 0.0310971 0.0335680 0.0573195 0.0789438 0.0329972 0.0744562 0.0771930 0.0329992 0.0479144 0.0736647 0.0686935 0.0640252 0.0803547 0.0548685 0.0660142 0.1448436 0.1319922 0.0748964 0.0544384 0.0750517 0.0419129 0.0598832 0.0401952 0.0720421 0.0462984 0.0333455 0.0789136 0.0729022 0.0777138 
Notoryctidae_Notoryctes_typhlops             0.0761441 0.0000000 0.0806599 0.0986443 0.1005653 0.0930093 0.0700471 0.0785740 0.0937180 0.1039406 0.0750746 0.0979962 0.1001496 0.0773635 0.0869383 0.0982991 0.0919289 0.0850983 0.1007838 0.0913630 0.1015122 0.1686652 0.1527025 0.0951378 0.0922407 0.0966098 0.0828271 0.0927651 0.0812679 0.1160383 0.0833845 0.0793376 0.0999627 0.0969737 0.1024577 
Vombatidae_Lasiorhinus_latifrons             0.0418882 0.0806599 0.0000000 0.0594600 0.0594808 0.0608814 0.0382572 0.0396258 0.0555293 0.0876864 0.0372103 0.0673768 0.0690075 0.0380720 0.0447955 0.0661831 0.0650473 0.0624899 0.0855913 0.0526501 0.0629500 0.1351229 0.1333781 0.0673409 0.0627773 0.0756514 0.0429472 0.0583190 0.0469809 0.0763245 0.0498108 0.0396641 0.0832031 0.0636023 0.0856963 
Potoroidae_Bettongia_penicillata             0.0602942 0.0986443 0.0594600 0.0000000 0.0022478 0.0969537 0.0530712 0.0637851 0.0063577 0.0992430 0.0572908 0.0974084 0.0965288 0.0608333 0.0727235 0.0971397 0.0966061 0.0888798 0.0960149 0.0118824 0.0815716 0.1541830 0.1536535 0.0983292 0.0258557 0.0927346 0.0654909 0.0140410 0.0615288 0.0933465 0.0638108 0.0596356 0.0975643 0.0983198 0.0950533 
Potoroidae_Bettongia_lesueur                 0.0613656 0.1005653 0.0594808 0.0022478 0.0000000 0.0938964 0.0553799 0.0642814 0.0063628 0.0996067 0.0573502 0.0938271 0.0923466 0.0623521 0.0748353 0.0935548 0.0936740 0.0873252 0.0954998 0.0127376 0.0838526 0.1520305 0.1476347 0.0958450 0.0247087 0.0911360 0.0674643 0.0146780 0.0636961 0.0928283 0.0650256 0.0611314 0.0964033 0.0948283 0.0950914 
Dasyuridae_Dasyurus_maculatus                0.0696678 0.0930093 0.0608814 0.0969537 0.0938964 0.0000000 0.0619578 0.0671893 0.0865121 0.0948795 0.0642888 0.0100424 0.0184087 0.0661587 0.0806851 0.0098913 0.0045175 0.0177222 0.0985137 0.0780857 0.0987618 0.1347096 0.1259520 0.0106986 0.0860826 0.0817522 0.0804156 0.0867812 0.0788252 0.1076489 0.0821955 0.0696422 0.0914825 0.0033059 0.0965294 
Phalangeridae_Trichosurus_vulpecula          0.0310971 0.0700471 0.0382572 0.0530712 0.0553799 0.0619578 0.0000000 0.0101560 0.0481137 0.0726902 0.0097112 0.0640088 0.0652860 0.0100329 0.0409617 0.0646359 0.0590074 0.0525012 0.0773034 0.0452165 0.0562846 0.1296125 0.1210136 0.0645895 0.0448363 0.0623727 0.0373756 0.0487628 0.0314660 0.0663695 0.0379266 0.0113356 0.0727672 0.0631865 0.0731647 
Phalangeridae_Spilocuscus_maculatus          0.0335680 0.0785740 0.0396258 0.0637851 0.0642814 0.0671893 0.0101560 0.0000000 0.0561711 0.0834317 0.0049152 0.0700464 0.0758627 0.0039242 0.0468372 0.0701772 0.0652289 0.0609327 0.0840301 0.0558452 0.0605987 0.1328795 0.1207876 0.0721044 0.0538668 0.0670540 0.0391475 0.0593974 0.0369629 0.0714599 0.0451274 0.0043903 0.0817569 0.0684826 0.0818783 
Potoroidae_Aepyprymnus_rufescens             0.0573195 0.0937180 0.0555293 0.0063577 0.0063628 0.0865121 0.0481137 0.0561711 0.0000000 0.0915130 0.0521475 0.0880850 0.0874980 0.0542430 0.0673667 0.0878101 0.0853082 0.0812564 0.0938450 0.0098757 0.0780788 0.1487523 0.1452038 0.0898789 0.0233534 0.0864217 0.0618526 0.0124806 0.0576145 0.0886140 0.0631334 0.0540289 0.0910371 0.0873880 0.0908355 
Peramelidae_Perameles_nasuta                 0.0789438 0.1039406 0.0876864 0.0992430 0.0996067 0.0948795 0.0726902 0.0834317 0.0915130 0.0000000 0.0782761 0.0936310 0.0985501 0.0807982 0.0881715 0.0927712 0.0908812 0.0835694 0.0087353 0.0899424 0.1138489 0.1539694 0.1407285 0.0939950 0.0928469 0.0949784 0.0925974 0.0971611 0.0930460 0.1174823 0.0876262 0.0840555 0.0073424 0.0926133 0.0000010 
Phalangeridae_Strigocuscus_pelengensis       0.0329972 0.0750746 0.0372103 0.0572908 0.0573502 0.0642888 0.0097112 0.0049152 0.0521475 0.0782761 0.0000000 0.0665544 0.0713368 0.0045209 0.0398212 0.0670970 0.0628650 0.0587093 0.0797700 0.0528733 0.0555375 0.1357219 0.1237812 0.0695242 0.0502966 0.0651821 0.0376353 0.0534016 0.0322428 0.0649897 0.0437612 0.0049062 0.0782335 0.0662598 0.0758201 
Dasyuridae_Phascogale_tapoatafa              0.0744562 0.0979962 0.0673768 0.0974084 0.0938271 0.0100424 0.0640088 0.0700464 0.0880850 0.0936310 0.0665544 0.0000000 0.0150067 0.0665262 0.0837734 0.0013180 0.0098902 0.0140667 0.0929198 0.0824279 0.1016256 0.1406150 0.1338718 0.0071667 0.0906544 0.0819367 0.0848034 0.0885863 0.0811125 0.1072244 0.0877463 0.0695703 0.0882309 0.0095634 0.0942848 
Dasyuridae_Sminthopsis_macroura              0.0771930 0.1001496 0.0690075 0.0965288 0.0923466 0.0184087 0.0652860 0.0758627 0.0874980 0.0985501 0.0713368 0.0150067 0.0000000 0.0728296 0.0822832 0.0150252 0.0171844 0.0114676 0.0976035 0.0824584 0.1054206 0.1350702 0.1279239 0.0168848 0.0861585 0.0903523 0.0863538 0.0884918 0.0799795 0.1150593 0.0859971 0.0751801 0.0921156 0.0170392 0.1001326 
Phalangeridae_Phalanger_orientalis           0.0329992 0.0773635 0.0380720 0.0608333 0.0623521 0.0661587 0.0100329 0.0039242 0.0542430 0.0807982 0.0045209 0.0665262 0.0728296 0.0000000 0.0435768 0.0666522 0.0632748 0.0584449 0.0830438 0.0541554 0.0574125 0.1377728 0.1274729 0.0687374 0.0532199 0.0646761 0.0356744 0.0564666 0.0330394 0.0692778 0.0435516 0.0018500 0.0807264 0.0664916 0.0788529 
Acrobatidae_Acrobates_pygmaeus               0.0479144 0.0869383 0.0447955 0.0727235 0.0748353 0.0806851 0.0409617 0.0468372 0.0673667 0.0881715 0.0398212 0.0837734 0.0822832 0.0435768 0.0000000 0.0835322 0.0797822 0.0775007 0.0873894 0.0630820 0.0601316 0.1438861 0.1340581 0.0809588 0.0633796 0.0797783 0.0440039 0.0682179 0.0410851 0.0765947 0.0211477 0.0451683 0.0877958 0.0835321 0.0863964 
Dasyuridae_Phascogale_calura                 0.0736647 0.0982991 0.0661831 0.0971397 0.0935548 0.0098913 0.0646359 0.0701772 0.0878101 0.0927712 0.0670970 0.0013180 0.0150252 0.0666522 0.0835322 0.0000000 0.0100595 0.0149401 0.0915801 0.0831323 0.1018065 0.1408744 0.1339946 0.0076204 0.0908004 0.0814402 0.0827861 0.0893220 0.0805404 0.1073732 0.0875136 0.0696997 0.0872387 0.0094152 0.0934649 
Dasyuridae_Sarcophilus_harrisii              0.0686935 0.0919289 0.0650473 0.0966061 0.0936740 0.0045175 0.0590074 0.0652289 0.0853082 0.0908812 0.0628650 0.0098902 0.0171844 0.0632748 0.0797822 0.0100595 0.0000000 0.0162227 0.0936344 0.0789627 0.0974075 0.1385867 0.1287031 0.0100141 0.0857490 0.0817752 0.0809406 0.0853425 0.0744575 0.1040417 0.0830848 0.0676557 0.0900024 0.0043968 0.0926883 
Dasyuridae_Planigale_tenuirostris            0.0640252 0.0850983 0.0624899 0.0888798 0.0873252 0.0177222 0.0525012 0.0609327 0.0812564 0.0835694 0.0587093 0.0140667 0.0114676 0.0584449 0.0775007 0.0149401 0.0162227 0.0000000 0.0836652 0.0785847 0.0945009 0.1390686 0.1232552 0.0164871 0.0827589 0.0767671 0.0781228 0.0813753 0.0696523 0.1025404 0.0773486 0.0590296 0.0877858 0.0168098 0.0855168 
Peramelidae_Echymipera_kalubu                0.0803547 0.1007838 0.0855913 0.0960149 0.0954998 0.0985137 0.0773034 0.0840301 0.0938450 0.0087353 0.0797700 0.0929198 0.0976035 0.0830438 0.0873894 0.0915801 0.0936344 0.0836652 0.0000000 0.0877548 0.1126088 0.1473458 0.1426683 0.0945923 0.0923298 0.0965509 0.0910524 0.0967585 0.0898757 0.1123500 0.0855313 0.0835752 0.0065165 0.0953178 0.0088571 
Macropodidae_Dorcopsulus_vanheurni           0.0548685 0.0913630 0.0526501 0.0118824 0.0127376 0.0780857 0.0452165 0.0558452 0.0098757 0.0899424 0.0528733 0.0824279 0.0824584 0.0541554 0.0630820 0.0831323 0.0789627 0.0785847 0.0877548 0.0000000 0.0750396 0.1513150 0.1416098 0.0804266 0.0217273 0.0872039 0.0598008 0.0052769 0.0573423 0.0821260 0.0560320 0.0536333 0.0851562 0.0793890 0.0867126 
Pseudochiridae_Pseudochirulus_forbesi        0.0660142 0.1015122 0.0629500 0.0815716 0.0838526 0.0987618 0.0562846 0.0605987 0.0780788 0.1138489 0.0555375 0.1016256 0.1054206 0.0574125 0.0601316 0.1018065 0.0974075 0.0945009 0.1126088 0.0750396 0.0000000 0.1595365 0.1634062 0.0974843 0.0774909 0.0978786 0.0274717 0.0801006 0.0168952 0.0740580 0.0611551 0.0577901 0.1042341 0.1013173 0.1126121 
Didelphidae_Didelphis_virginiana             0.1448436 0.1686652 0.1351229 0.1541830 0.1520305 0.1347096 0.1296125 0.1328795 0.1487523 0.1539694 0.1357219 0.1406150 0.1350702 0.1377728 0.1438861 0.1408744 0.1385867 0.1390686 0.1473458 0.1513150 0.1595365 0.0000000 0.0209763 0.1387979 0.1559770 0.1365610 0.1491224 0.1566498 0.1379878 0.1725584 0.1473104 0.1405888 0.1565232 0.1430540 0.1514504 
Marmosidae_Monodelphis_domestica             0.1319922 0.1527025 0.1333781 0.1536535 0.1476347 0.1259520 0.1210136 0.1207876 0.1452038 0.1407285 0.1237812 0.1338718 0.1279239 0.1274729 0.1340581 0.1339946 0.1287031 0.1232552 0.1426683 0.1416098 0.1634062 0.0209763 0.0000000 0.1345925 0.1496870 0.1327064 0.1424945 0.1509800 0.1388170 0.1674336 0.1382752 0.1316587 0.1419246 0.1350222 0.1400921 
Dasyuridae_Antechinus_stuartii               0.0748964 0.0951378 0.0673409 0.0983292 0.0958450 0.0106986 0.0645895 0.0721044 0.0898789 0.0939950 0.0695242 0.0071667 0.0168848 0.0687374 0.0809588 0.0076204 0.0100141 0.0164871 0.0945923 0.0804266 0.0974843 0.1387979 0.1345925 0.0000000 0.0902716 0.0862868 0.0817191 0.0903802 0.0792742 0.1057751 0.0847227 0.0703761 0.0915714 0.0103840 0.0963975 
Hypsiprymnodontidae_Hypsiprymnodon_moschatus 0.0544384 0.0922407 0.0627773 0.0258557 0.0247087 0.0860826 0.0448363 0.0538668 0.0233534 0.0928469 0.0502966 0.0906544 0.0861585 0.0532199 0.0633796 0.0908004 0.0857490 0.0827589 0.0923298 0.0217273 0.0774909 0.1559770 0.1496870 0.0902716 0.0000000 0.0868868 0.0639451 0.0249667 0.0543615 0.0894530 0.0557864 0.0535061 0.0902596 0.0897008 0.0898356 
Microbiotheriidae_Dromiciops_gliroides       0.0750517 0.0966098 0.0756514 0.0927346 0.0911360 0.0817522 0.0623727 0.0670540 0.0864217 0.0949784 0.0651821 0.0819367 0.0903523 0.0646761 0.0797783 0.0814402 0.0817752 0.0767671 0.0965509 0.0872039 0.0978786 0.1365610 0.1327064 0.0862868 0.0868868 0.0000000 0.0808687 0.0889854 0.0772491 0.0980034 0.0786965 0.0642747 0.0970143 0.0845944 0.0944389 
Pseudochiridae_Petauroides_volans            0.0419129 0.0828271 0.0429472 0.0654909 0.0674643 0.0804156 0.0373756 0.0391475 0.0618526 0.0925974 0.0376353 0.0848034 0.0863538 0.0356744 0.0440039 0.0827861 0.0809406 0.0781228 0.0910524 0.0598008 0.0274717 0.1491224 0.1424945 0.0817191 0.0639451 0.0808687 0.0000000 0.0660195 0.0139153 0.0525776 0.0422906 0.0384445 0.0867336 0.0846512 0.0899246 
Macropodidae_Wallabia_bicolor                0.0598832 0.0927651 0.0583190 0.0140410 0.0146780 0.0867812 0.0487628 0.0593974 0.0124806 0.0971611 0.0534016 0.0885863 0.0884918 0.0564666 0.0682179 0.0893220 0.0853425 0.0813753 0.0967585 0.0052769 0.0801006 0.1566498 0.1509800 0.0903802 0.0249667 0.0889854 0.0660195 0.0000000 0.0619955 0.0925920 0.0625574 0.0567296 0.0963692 0.0881393 0.0941077 
Pseudochiridae_Pseudocheirus_occidentalis    0.0401952 0.0812679 0.0469809 0.0615288 0.0636961 0.0788252 0.0314660 0.0369629 0.0576145 0.0930460 0.0322428 0.0811125 0.0799795 0.0330394 0.0410851 0.0805404 0.0744575 0.0696523 0.0898757 0.0573423 0.0168952 0.1379878 0.1388170 0.0792742 0.0543615 0.0772491 0.0139153 0.0619955 0.0000000 0.0494257 0.0368340 0.0342448 0.0897380 0.0816164 0.0897821 
Tarsipedidae_Tarsipes_rostratus              0.0720421 0.1160383 0.0763245 0.0933465 0.0928283 0.1076489 0.0663695 0.0714599 0.0886140 0.1174823 0.0649897 0.1072244 0.1150593 0.0692778 0.0765947 0.1073732 0.1040417 0.1025404 0.1123500 0.0821260 0.0740580 0.1725584 0.1674336 0.1057751 0.0894530 0.0980034 0.0525776 0.0925920 0.0494257 0.0000000 0.0704171 0.0704804 0.1168169 0.1091431 0.1135272 
Acrobatidae_Distoechurus_pennatus            0.0462984 0.0833845 0.0498108 0.0638108 0.0650256 0.0821955 0.0379266 0.0451274 0.0631334 0.0876262 0.0437612 0.0877463 0.0859971 0.0435516 0.0211477 0.0875136 0.0830848 0.0773486 0.0855313 0.0560320 0.0611551 0.1473104 0.1382752 0.0847227 0.0557864 0.0786965 0.0422906 0.0625574 0.0368340 0.0704171 0.0000000 0.0422305 0.0840060 0.0864590 0.0852891 
Phalangeridae_Phalanger_carmelitae           0.0333455 0.0793376 0.0396641 0.0596356 0.0611314 0.0696422 0.0113356 0.0043903 0.0540289 0.0840555 0.0049062 0.0695703 0.0751801 0.0018500 0.0451683 0.0696997 0.0676557 0.0590296 0.0835752 0.0536333 0.0577901 0.1405888 0.1316587 0.0703761 0.0535061 0.0642747 0.0384445 0.0567296 0.0342448 0.0704804 0.0422305 0.0000000 0.0834863 0.0699935 0.0824729 
Peramelidae_Peroryctes_raffrayana            0.0789136 0.0999627 0.0832031 0.0975643 0.0964033 0.0914825 0.0727672 0.0817569 0.0910371 0.0073424 0.0782335 0.0882309 0.0921156 0.0807264 0.0877958 0.0872387 0.0900024 0.0877858 0.0065165 0.0851562 0.1042341 0.1565232 0.1419246 0.0915714 0.0902596 0.0970143 0.0867336 0.0963692 0.0897380 0.1168169 0.0840060 0.0834863 0.0000000 0.0880989 0.0073744 
Dasyuridae_Dasyurus_geffroii                 0.0729022 0.0969737 0.0636023 0.0983198 0.0948283 0.0033059 0.0631865 0.0684826 0.0873880 0.0926133 0.0662598 0.0095634 0.0170392 0.0664916 0.0835321 0.0094152 0.0043968 0.0168098 0.0953178 0.0793890 0.1013173 0.1430540 0.1350222 0.0103840 0.0897008 0.0845944 0.0846512 0.0881393 0.0816164 0.1091431 0.0864590 0.0699935 0.0880989 0.0000000 0.0943645 
Peramelidae_Perameles_gunnii                 0.0777138 0.1024577 0.0856963 0.0950533 0.0950914 0.0965294 0.0731647 0.0818783 0.0908355 0.0000010 0.0758201 0.0942848 0.1001326 0.0788529 0.0863964 0.0934649 0.0926883 0.0855168 0.0088571 0.0867126 0.1126121 0.1514504 0.1400921 0.0963975 0.0898356 0.0944389 0.0899246 0.0941077 0.0897821 0.1135272 0.0852891 0.0824729 0.0073744 0.0943645 0.0000000 
