37
Burramyidae_Burramys_parvus                  0.0000000 0.0657073 0.0578261 0.0588776 0.0561862 0.0792729 0.0515705 0.0462339 0.0501170 0.0480424 0.0865280 0.0872831 0.0590607 0.0536899 0.0858980 0.0824938 0.0780817 0.0849902 0.0455760 0.0518663 0.1182684 0.0987428 0.0822212 0.0478889 0.0642706 0.0500768 0.0441268 0.0548483 0.0675479 0.0643327 0.0575594 0.0830913 0.0770840 0.0563629 0.1217932 0.1217932 0.0619728 
Notoryctidae_Notoryctes_typhlops             0.0657073 0.0000000 0.0667976 0.0836805 0.0838653 0.0794091 0.0704133 0.0621442 0.0663204 0.0691816 0.0840297 0.0837656 0.0746139 0.0680676 0.0832017 0.0825755 0.0821324 0.0816084 0.0625919 0.0747397 0.1051500 0.0997371 0.0793563 0.0654114 0.0668003 0.0660811 0.0625617 0.0710451 0.0769082 0.0685826 0.0734744 0.0813362 0.0844321 0.0563720 0.1046755 0.1046755 0.0567955 
Vombatidae_Lasiorhinus_latifrons             0.0578261 0.0667976 0.0000000 0.0618875 0.0613880 0.0858827 0.0629050 0.0546783 0.0620451 0.0573853 0.0912737 0.0918403 0.0609707 0.0575729 0.0916390 0.0873756 0.0775354 0.0835578 0.0585496 0.0663545 0.1208109 0.1115957 0.0816163 0.0603477 0.0670168 0.0552474 0.0567851 0.0601624 0.0752989 0.0682002 0.0658956 0.0871874 0.0871878 0.0699667 0.1769284 0.1769284 0.0725216 
Potoroidae_Bettongia_penicillata             0.0588776 0.0836805 0.0618875 0.0000000 0.0034192 0.0869411 0.0591548 0.0530376 0.0183386 0.0552439 0.0951484 0.0922546 0.0649528 0.0636362 0.0929966 0.0903457 0.0734889 0.1000464 0.0268365 0.0656253 0.1217849 0.1071270 0.0720987 0.0365282 0.0737519 0.0579070 0.0244191 0.0617631 0.0701876 0.0669233 0.0636755 0.0883312 0.0999534 0.0748342 0.2924830 0.2924830 0.0729463 
Potoroidae_Bettongia_lesueur                 0.0561862 0.0838653 0.0613880 0.0034192 0.0000000 0.0884438 0.0569309 0.0507163 0.0160152 0.0520441 0.0966957 0.0936866 0.0627726 0.0606897 0.0952203 0.0912974 0.0734240 0.1004897 0.0251868 0.0653323 0.1247829 0.1060577 0.0720912 0.0356684 0.0706734 0.0567872 0.0233447 0.0611169 0.0691614 0.0668403 0.0621498 0.0895240 0.1004593 0.0705530 0.2803594 0.2803594 0.0682829 
Dasyuridae_Dasyurus_maculatus                0.0792729 0.0794091 0.0858827 0.0869411 0.0884438 0.0000000 0.0853561 0.0797125 0.0875187 0.0846275 0.0181698 0.0190363 0.0902188 0.0736572 0.0165419 0.0067701 0.0158102 0.1089119 0.0817414 0.0795926 0.1340668 0.1200274 0.0170584 0.0831453 0.0690907 0.0830754 0.0807903 0.0809215 0.0979272 0.0851736 0.0903825 0.0069716 0.1089157 0.0791000 0.0328914 0.0328914 0.0832789 
Phalangeridae_Trichosurus_vulpecula          0.0515705 0.0704133 0.0629050 0.0591548 0.0569309 0.0853561 0.0000000 0.0198572 0.0567869 0.0281298 0.0928126 0.0894685 0.0321832 0.0509167 0.0936983 0.0848728 0.0773516 0.0995343 0.0516091 0.0628034 0.1221472 0.1218075 0.0824491 0.0503146 0.0684633 0.0550045 0.0519387 0.0596297 0.0703947 0.0678891 0.0258321 0.0882815 0.0914264 0.0789625 0.1174965 0.1174965 0.0872129 
Phalangeridae_Spilocuscus_maculatus          0.0462339 0.0621442 0.0546783 0.0530376 0.0507163 0.0797125 0.0198572 0.0000000 0.0511013 0.0133150 0.0881820 0.0859709 0.0223726 0.0476961 0.0880616 0.0795603 0.0740932 0.0918701 0.0467020 0.0584117 0.1132095 0.1106005 0.0778826 0.0448387 0.0561198 0.0532579 0.0461518 0.0558959 0.0695038 0.0587075 0.0162666 0.0810616 0.0860308 0.0704936 0.1333569 0.1333569 0.0753962 
Potoroidae_Aepyprymnus_rufescens             0.0501170 0.0663204 0.0620451 0.0183386 0.0160152 0.0875187 0.0567869 0.0511013 0.0000000 0.0524188 0.0934853 0.0919671 0.0635738 0.0559954 0.0898106 0.0864034 0.0863131 0.0897811 0.0169695 0.0599849 0.1163774 0.1054438 0.0943218 0.0344695 0.0625348 0.0648814 0.0157231 0.0654449 0.0753642 0.0654164 0.0630716 0.0862845 0.0888569 0.0631284 0.0749120 0.0749120 0.0614829 
Phalangeridae_Strigocuscus_pelengensis       0.0480424 0.0691816 0.0573853 0.0552439 0.0520441 0.0846275 0.0281298 0.0133150 0.0524188 0.0000000 0.0950889 0.0893069 0.0258994 0.0535758 0.0924635 0.0853405 0.0780339 0.0988935 0.0490959 0.0593679 0.1198401 0.1151756 0.0876423 0.0525420 0.0630543 0.0588378 0.0482106 0.0615213 0.0716001 0.0620139 0.0225833 0.0864313 0.0872957 0.0632443 0.1617034 0.1617034 0.0677492 
Dasyuridae_Phascogale_tapoatafa              0.0865280 0.0840297 0.0912737 0.0951484 0.0966957 0.0181698 0.0928126 0.0881820 0.0934853 0.0950889 0.0000000 0.0252399 0.0995619 0.0791847 0.0095650 0.0188103 0.0230304 0.1113085 0.0910448 0.0916684 0.1370044 0.1305003 0.0142119 0.0898759 0.0764110 0.0928259 0.0892152 0.0909110 0.0994672 0.0924297 0.1001442 0.0209631 0.1094843 0.0785804 0.0244709 0.0244709 0.0819201 
Dasyuridae_Sminthopsis_macroura              0.0872831 0.0837656 0.0918403 0.0922546 0.0936866 0.0190363 0.0894685 0.0859709 0.0919671 0.0893069 0.0252399 0.0000000 0.0977820 0.0745637 0.0233865 0.0204707 0.0148541 0.1135172 0.0880114 0.0884570 0.1464313 0.1303321 0.0235750 0.0920664 0.0815251 0.0922865 0.0854981 0.0887966 0.0983863 0.0928331 0.0972911 0.0209497 0.1136344 0.0837794 0.0285705 0.0285705 0.0877348 
Phalangeridae_Phalanger_orientalis           0.0590607 0.0746139 0.0609707 0.0649528 0.0627726 0.0902188 0.0321832 0.0223726 0.0635738 0.0258994 0.0995619 0.0977820 0.0000000 0.0576930 0.1010040 0.0900592 0.0823071 0.0950572 0.0593496 0.0669679 0.1288638 0.1243450 0.0896858 0.0599867 0.0704806 0.0548577 0.0581764 0.0592993 0.0757208 0.0675136 0.0084059 0.0921830 0.0961227 0.0789003 0.2146638 0.2146638 0.0841003 
Acrobatidae_Acrobates_pygmaeus               0.0536899 0.0680676 0.0575729 0.0636362 0.0606897 0.0736572 0.0509167 0.0476961 0.0559954 0.0535758 0.0791847 0.0745637 0.0576930 0.0000000 0.0793276 0.0747632 0.0585675 0.0885569 0.0511058 0.0437883 0.1069192 0.0976638 0.0711556 0.0535737 0.0673553 0.0416945 0.0514813 0.0415120 0.0473353 0.0290481 0.0563922 0.0756193 0.0831714 0.0561795 0.0926006 0.0926006 0.0620268 
Dasyuridae_Phascogale_calura                 0.0858980 0.0832017 0.0916390 0.0929966 0.0952203 0.0165419 0.0936983 0.0880616 0.0898106 0.0924635 0.0095650 0.0233865 0.1010040 0.0793276 0.0000000 0.0177493 0.0212102 0.1134067 0.0886378 0.0916867 0.1375732 0.1280227 0.0167274 0.0916099 0.0746723 0.0933880 0.0859916 0.0911514 0.1013489 0.0961874 0.1009777 0.0190729 0.1106455 0.0832386 0.0204797 0.0204797 0.0875014 
Dasyuridae_Sarcophilus_harrisii              0.0824938 0.0825755 0.0873756 0.0903457 0.0912974 0.0067701 0.0848728 0.0795603 0.0864034 0.0853405 0.0188103 0.0204707 0.0900592 0.0747632 0.0177493 0.0000000 0.0162960 0.1102717 0.0814091 0.0815777 0.1353262 0.1228389 0.0184778 0.0841733 0.0683635 0.0865646 0.0796806 0.0833983 0.0986348 0.0890924 0.0905161 0.0062548 0.1116305 0.0806959 0.0244709 0.0244709 0.0844164 
Dasyuridae_Planigale_tenuirostris            0.0780817 0.0821324 0.0775354 0.0734889 0.0734240 0.0158102 0.0773516 0.0740932 0.0863131 0.0780339 0.0230304 0.0148541 0.0823071 0.0585675 0.0212102 0.0162960 0.0000000 0.1110622 0.0833311 0.0744934 0.1400309 0.1216447 0.0203000 0.0863885 0.0668644 0.0757941 0.0795363 0.0744403 0.0890852 0.0750817 0.0811076 0.0178155 0.1119712 0.0637901 9.0000000 9.0000000 0.0654175 
Peramelidae_Echymipera_kalubu                0.0849902 0.0816084 0.0835578 0.1000464 0.1004897 0.1089119 0.0995343 0.0918701 0.0897811 0.0988935 0.1113085 0.1135172 0.0950572 0.0885569 0.1134067 0.1102717 0.1110622 0.0000000 0.0866170 0.1002420 0.1412717 0.1324966 0.1177747 0.0922164 0.0822986 0.0922539 0.0850724 0.0984594 0.1074237 0.0997417 0.1035979 0.1087961 0.0232173 0.0227403 0.0698301 0.0698301 0.0192926 
Macropodidae_Dorcopsulus_vanheurni           0.0455760 0.0625919 0.0585496 0.0268365 0.0251868 0.0817414 0.0516091 0.0467020 0.0169695 0.0490959 0.0910448 0.0880114 0.0593496 0.0511058 0.0886378 0.0814091 0.0833311 0.0866170 0.0000000 0.0559353 0.1114875 0.0995706 0.0893053 0.0304340 0.0571517 0.0598668 0.0059111 0.0607886 0.0708542 0.0629936 0.0573434 0.0819642 0.0832894 0.0572683 0.0649605 0.0649605 0.0584775 
Pseudochiridae_Pseudochirulus_forbesi        0.0518663 0.0747397 0.0663545 0.0656253 0.0653323 0.0795926 0.0628034 0.0584117 0.0599849 0.0593679 0.0916684 0.0884570 0.0669679 0.0437883 0.0916867 0.0815777 0.0744934 0.1002420 0.0559353 0.0000000 0.1185396 0.1042343 0.0841137 0.0637723 0.0697476 0.0273958 0.0540055 0.0182549 0.0499896 0.0528885 0.0667361 0.0808773 0.0926629 0.0685529 0.1064021 0.1064021 0.0725317 
Didelphidae_Didelphis_virginiana             0.1182684 0.1051500 0.1208109 0.1217849 0.1247829 0.1340668 0.1221472 0.1132095 0.1163774 0.1198401 0.1370044 0.1464313 0.1288638 0.1069192 0.1375732 0.1353262 0.1400309 0.1412717 0.1114875 0.1185396 0.0000000 0.0428188 0.1382693 0.1121951 0.0953134 0.1212663 0.1110502 0.1212283 0.1288779 0.1196219 0.1279236 0.1329864 0.1470020 0.1060131 0.1006648 0.1006648 0.1005085 
Marmosidae_Monodelphis_domestica             0.0987428 0.0997371 0.1115957 0.1071270 0.1060577 0.1200274 0.1218075 0.1106005 0.1054438 0.1151756 0.1305003 0.1303321 0.1243450 0.0976638 0.1280227 0.1228389 0.1216447 0.1324966 0.0995706 0.1042343 0.0428188 0.0000000 0.1299805 0.1078589 0.0812856 0.1083477 0.0973074 0.1077358 0.1172765 0.0988765 0.1238553 0.1211794 0.1374964 0.1059816 0.0944039 0.0944039 0.1013698 
Dasyuridae_Antechinus_stuartii               0.0822212 0.0793563 0.0816163 0.0720987 0.0720912 0.0170584 0.0824491 0.0778826 0.0943218 0.0876423 0.0142119 0.0235750 0.0896858 0.0711556 0.0167274 0.0184778 0.0203000 0.1177747 0.0893053 0.0841137 0.1382693 0.1299805 0.0000000 0.0896727 0.0678735 0.0835400 0.0858641 0.0866676 0.0949705 0.0931902 0.0859557 0.0198508 0.1212683 0.0909784 9.0000000 9.0000000 0.0951313 
Hypsiprymnodontidae_Hypsiprymnodon_moschatus 0.0478889 0.0654114 0.0603477 0.0365282 0.0356684 0.0831453 0.0503146 0.0448387 0.0344695 0.0525420 0.0898759 0.0920664 0.0599867 0.0535737 0.0916099 0.0841733 0.0863885 0.0922164 0.0304340 0.0637723 0.1121951 0.1078589 0.0896727 0.0000000 0.0635056 0.0555200 0.0305687 0.0592471 0.0710583 0.0680687 0.0547420 0.0850602 0.0896868 0.0667300 0.0623385 0.0623385 0.0670779 
Microbiotheriidae_Dromiciops_gliroides       0.0642706 0.0668003 0.0670168 0.0737519 0.0706734 0.0690907 0.0684633 0.0561198 0.0625348 0.0630543 0.0764110 0.0815251 0.0704806 0.0673553 0.0746723 0.0683635 0.0668644 0.0822986 0.0571517 0.0697476 0.0953134 0.0812856 0.0678735 0.0635056 0.0000000 0.0693553 0.0546414 0.0670782 0.0825008 0.0704428 0.0697099 0.0679143 0.0857452 0.0607995 0.0876518 0.0876518 0.0575229 
Pseudochiridae_Petauroides_volans            0.0500768 0.0660811 0.0552474 0.0579070 0.0567872 0.0830754 0.0550045 0.0532579 0.0648814 0.0588378 0.0928259 0.0922865 0.0548577 0.0416945 0.0933880 0.0865646 0.0757941 0.0922539 0.0598668 0.0273958 0.1212663 0.1083477 0.0835400 0.0555200 0.0693553 0.0000000 0.0586087 0.0209049 0.0488598 0.0595628 0.0594202 0.0869295 0.0906347 0.0748344 0.1625468 0.1625468 0.0800375 
Macropodidae_Wallabia_bicolor                0.0441268 0.0625617 0.0567851 0.0244191 0.0233447 0.0807903 0.0519387 0.0461518 0.0157231 0.0482106 0.0892152 0.0854981 0.0581764 0.0514813 0.0859916 0.0796806 0.0795363 0.0850724 0.0059111 0.0540055 0.1110502 0.0973074 0.0858641 0.0305687 0.0546414 0.0586087 0.0000000 0.0581187 0.0704316 0.0630659 0.0567591 0.0788877 0.0815169 0.0587634 0.0693125 0.0693125 0.0598477 
Pseudochiridae_Pseudocheirus_occidentalis    0.0548483 0.0710451 0.0601624 0.0617631 0.0611169 0.0809215 0.0596297 0.0558959 0.0654449 0.0615213 0.0909110 0.0887966 0.0592993 0.0415120 0.0911514 0.0833983 0.0744403 0.0984594 0.0607886 0.0182549 0.1212283 0.1077358 0.0866676 0.0592471 0.0670782 0.0209049 0.0581187 0.0000000 0.0464113 0.0568529 0.0663372 0.0841488 0.0926578 0.0734653 0.1011265 0.1011265 0.0773917 
Tarsipedidae_Tarsipes_rostratus              0.0675479 0.0769082 0.0752989 0.0701876 0.0691614 0.0979272 0.0703947 0.0695038 0.0753642 0.0716001 0.0994672 0.0983863 0.0757208 0.0473353 0.1013489 0.0986348 0.0890852 0.1074237 0.0708542 0.0499896 0.1288779 0.1172765 0.0949705 0.0710583 0.0825008 0.0488598 0.0704316 0.0464113 0.0000000 0.0606456 0.0762095 0.1003957 0.1012623 0.0848489 0.1000565 0.1000565 0.0809831 
Acrobatidae_Distoechurus_pennatus            0.0643327 0.0685826 0.0682002 0.0669233 0.0668403 0.0851736 0.0678891 0.0587075 0.0654164 0.0620139 0.0924297 0.0928331 0.0675136 0.0290481 0.0961874 0.0890924 0.0750817 0.0997417 0.0629936 0.0528885 0.1196219 0.0988765 0.0931902 0.0680687 0.0704428 0.0595628 0.0630659 0.0568529 0.0606456 0.0000000 0.0667238 0.0897830 0.0947913 0.0703090 0.0787917 0.0787917 0.0778425 
Phalangeridae_Phalanger_carmelitae           0.0575594 0.0734744 0.0658956 0.0636755 0.0621498 0.0903825 0.0258321 0.0162666 0.0630716 0.0225833 0.1001442 0.0972911 0.0084059 0.0563922 0.1009777 0.0905161 0.0811076 0.1035979 0.0573434 0.0667361 0.1279236 0.1238553 0.0859557 0.0547420 0.0697099 0.0594202 0.0567591 0.0663372 0.0762095 0.0667238 0.0000000 0.0930336 0.0983513 0.0824629 0.2227218 0.2227218 0.0879973 
Dasyuridae_Dasyurus_geffroii                 0.0830913 0.0813362 0.0871874 0.0883312 0.0895240 0.0069716 0.0882815 0.0810616 0.0862845 0.0864313 0.0209631 0.0209497 0.0921830 0.0756193 0.0190729 0.0062548 0.0178155 0.1087961 0.0819642 0.0808773 0.1329864 0.1211794 0.0198508 0.0850602 0.0679143 0.0869295 0.0788877 0.0841488 0.1003957 0.0897830 0.0930336 0.0000000 0.1108845 0.0818475 0.0327723 0.0327723 0.0853625 
Peramelidae_Perameles_gunnii                 0.0770840 0.0844321 0.0871878 0.0999534 0.1004593 0.1089157 0.0914264 0.0860308 0.0888569 0.0872957 0.1094843 0.1136344 0.0961227 0.0831714 0.1106455 0.1116305 0.1119712 0.0232173 0.0832894 0.0926629 0.1470020 0.1374964 0.1212683 0.0896868 0.0857452 0.0906347 0.0815169 0.0926578 0.1012623 0.0947913 0.0983513 0.1108845 0.0000000 0.0007653 0.0739628 0.0739628 0.0123779 
Peramelidae_Perameles_nasuta                 0.0563629 0.0563720 0.0699667 0.0748342 0.0705530 0.0791000 0.0789625 0.0704936 0.0631284 0.0632443 0.0785804 0.0837794 0.0789003 0.0561795 0.0832386 0.0806959 0.0637901 0.0227403 0.0572683 0.0685529 0.1060131 0.1059816 0.0909784 0.0667300 0.0607995 0.0748344 0.0587634 0.0734653 0.0848489 0.0703090 0.0824629 0.0818475 0.0007653 0.0000000 0.0743106 0.0743106 0.0126470 
Myrmecobiidae_Myrmecobius_fasciatus1         0.1217932 0.1046755 0.1769284 0.2924830 0.2803594 0.0328914 0.1174965 0.1333569 0.0749120 0.1617034 0.0244709 0.0285705 0.2146638 0.0926006 0.0204797 0.0244709 9.0000000 0.0698301 0.0649605 0.1064021 0.1006648 0.0944039 9.0000000 0.0623385 0.0876518 0.1625468 0.0693125 0.1011265 0.1000565 0.0787917 0.2227218 0.0327723 0.0739628 0.0743106 0.0000000 0.0000010 0.0608525 
Myrmecobiidae_Myrmecobius_fasciatus2         0.1217932 0.1046755 0.1769284 0.2924830 0.2803594 0.0328914 0.1174965 0.1333569 0.0749120 0.1617034 0.0244709 0.0285705 0.2146638 0.0926006 0.0204797 0.0244709 9.0000000 0.0698301 0.0649605 0.1064021 0.1006648 0.0944039 9.0000000 0.0623385 0.0876518 0.1625468 0.0693125 0.1011265 0.1000565 0.0787917 0.2227218 0.0327723 0.0739628 0.0743106 0.0000010 0.0000000 0.0608525 
Peramelidae_Peroryctes_raffrayana            0.0619728 0.0567955 0.0725216 0.0729463 0.0682829 0.0832789 0.0872129 0.0753962 0.0614829 0.0677492 0.0819201 0.0877348 0.0841003 0.0620268 0.0875014 0.0844164 0.0654175 0.0192926 0.0584775 0.0725317 0.1005085 0.1013698 0.0951313 0.0670779 0.0575229 0.0800375 0.0598477 0.0773917 0.0809831 0.0778425 0.0879973 0.0853625 0.0123779 0.0126470 0.0608525 0.0608525 0.0000000 
