35
Burramyidae_Burramys_parvus                  0.0000000 0.0614429 0.0433837 0.0665520 0.0659567 0.0481780 0.0330579 0.0481000 0.0719740 0.0789180 0.0405731 0.0582573 0.0685547 0.0500096 0.0434809 0.0602549 0.0624028 0.0548660 0.0769791 0.0654319 0.0433920 0.0876886 0.0684987 0.0569501 0.0648056 0.0683784 0.0397004 0.0654307 0.0543595 0.0467904 0.0435551 0.0456795 0.0824006 0.0491650 0.0737711 
Notoryctidae_Notoryctes_typhlops             0.0614429 0.0000000 0.0608475 0.0776706 0.0756985 0.0594137 0.0599565 0.0795391 0.0796914 0.0650512 0.0709497 0.0602142 0.0741990 0.0864268 0.0686877 0.0606961 0.0602274 0.0624384 0.0742000 0.0725365 0.0695121 0.0864073 0.0673319 0.0582159 0.0800186 0.0713126 0.0680514 0.0725675 0.0813203 0.0766706 0.0639243 0.0763304 0.0627070 0.0618321 0.0654360 
Vombatidae_Lasiorhinus_latifrons             0.0433837 0.0608475 0.0000000 0.0772532 0.0781594 0.0470841 0.0442582 0.0562311 0.0789714 0.0771596 0.0477564 0.0619012 0.0703909 0.0564009 0.0535580 0.0623259 0.0646202 0.0572620 0.0770456 0.0714990 0.0430948 0.0905357 0.0708934 0.0574829 0.0734194 0.0614360 0.0399457 0.0714470 0.0563964 0.0510350 0.0528454 0.0565955 0.0790063 0.0463812 0.0725530 
Potoroidae_Bettongia_penicillata             0.0665520 0.0776706 0.0772532 0.0000000 0.0031549 0.0591174 0.0669804 0.0692568 0.0125065 0.0792666 0.0738624 0.0675989 0.0761658 0.0864158 0.0602271 0.0691374 0.0724811 0.0734415 0.0853056 0.0198046 0.0677715 0.1103822 0.0908452 0.0655864 0.0386262 0.0895232 0.0649443 0.0173420 0.0639287 0.0583052 0.0568194 0.0844644 0.0793616 0.0597234 0.0782601 
Potoroidae_Bettongia_lesueur                 0.0659567 0.0756985 0.0781594 0.0031549 0.0000000 0.0606677 0.0682103 0.0692560 0.0132431 0.0788586 0.0733043 0.0689440 0.0764281 0.0868505 0.0605337 0.0705209 0.0727905 0.0732952 0.0855882 0.0197784 0.0691393 0.1089619 0.0911882 0.0679301 0.0380282 0.0901054 0.0648663 0.0181228 0.0661741 0.0577869 0.0561641 0.0847920 0.0796154 0.0612774 0.0768313 
Dasyuridae_Dasyurus_maculatus                0.0481780 0.0594137 0.0470841 0.0591174 0.0606677 0.0000000 0.0465810 0.0729705 0.0636809 0.0545161 0.0556215 0.0091091 0.0252462 0.0743386 0.0522089 0.0091000 0.0056611 0.0167069 0.0579646 0.0578289 0.0538185 0.0726997 0.0505723 0.0079967 0.0605635 0.0551999 0.0476395 0.0564575 0.0690995 0.0621872 0.0499310 0.0654755 0.0523222 0.0056002 0.0548137 
Phalangeridae_Trichosurus_vulpecula          0.0330579 0.0599565 0.0442582 0.0669804 0.0682103 0.0465810 0.0000000 0.0301484 0.0705154 0.0790448 0.0208804 0.0586636 0.0695755 0.0333609 0.0443159 0.0611800 0.0627895 0.0597056 0.0810266 0.0668560 0.0445234 0.0913726 0.0725896 0.0565466 0.0624823 0.0669972 0.0376598 0.0646825 0.0509784 0.0469170 0.0407605 0.0265562 0.0806679 0.0464750 0.0744119 
Phalangeridae_Spilocuscus_maculatus          0.0481000 0.0795391 0.0562311 0.0692568 0.0692560 0.0729705 0.0301484 0.0000000 0.0741084 0.0802415 0.0133712 0.0667975 0.0814931 0.0119948 0.0564786 0.0698104 0.0688246 0.0686524 0.0881845 0.0698150 0.0582876 0.1000976 0.0876437 0.0665072 0.0667008 0.0790848 0.0552571 0.0680631 0.0770441 0.0689060 0.0530277 0.0081265 0.0794089 0.0727751 0.0783602 
Potoroidae_Aepyprymnus_rufescens             0.0719740 0.0796914 0.0789714 0.0125065 0.0132431 0.0636809 0.0705154 0.0741084 0.0000000 0.0853228 0.0757036 0.0722517 0.0790389 0.0913709 0.0617172 0.0726671 0.0766382 0.0732158 0.0903664 0.0202259 0.0715468 0.1140650 0.0932136 0.0706340 0.0428746 0.0938670 0.0673222 0.0189869 0.0733543 0.0602687 0.0584471 0.0896269 0.0833238 0.0636384 0.0812730 
Peramelidae_Perameles_nasuta                 0.0789180 0.0650512 0.0771596 0.0792666 0.0788586 0.0545161 0.0790448 0.0802415 0.0853228 0.0000000 0.0807832 0.0565008 0.0706240 0.1028669 0.0702429 0.0575569 0.0593242 0.0565286 0.0195476 0.0808725 0.0822577 0.1006431 0.0822170 0.0552318 0.0790972 0.0829709 0.0749995 0.0784343 0.0709314 0.0662091 0.0688534 0.0992733 0.0115600 0.0548882 0.0006635 
Phalangeridae_Strigocuscus_pelengensis       0.0405731 0.0709497 0.0477564 0.0738624 0.0733043 0.0556215 0.0208804 0.0133712 0.0757036 0.0807832 0.0000000 0.0626316 0.0734315 0.0178882 0.0518960 0.0648672 0.0645113 0.0659175 0.0851883 0.0727301 0.0502462 0.0977983 0.0803181 0.0623655 0.0664813 0.0735498 0.0466982 0.0690938 0.0687816 0.0573226 0.0496584 0.0118041 0.0833841 0.0554430 0.0778038 
Dasyuridae_Phascogale_tapoatafa              0.0582573 0.0602142 0.0619012 0.0675989 0.0689440 0.0091091 0.0586636 0.0667975 0.0722517 0.0565008 0.0626316 0.0000000 0.0221033 0.0825315 0.0580398 0.0025107 0.0106556 0.0155285 0.0606400 0.0690734 0.0683228 0.0907722 0.0682975 0.0035367 0.0669857 0.0679992 0.0575999 0.0665728 0.0642379 0.0600827 0.0577313 0.0795149 0.0592807 0.0094951 0.0561449 
Dasyuridae_Sminthopsis_macroura              0.0685547 0.0741990 0.0703909 0.0761658 0.0764281 0.0252462 0.0695755 0.0814931 0.0790389 0.0706240 0.0734315 0.0221033 0.0000000 0.0945683 0.0678237 0.0229102 0.0239926 0.0164760 0.0688274 0.0771302 0.0773239 0.1038237 0.0800242 0.0218796 0.0749553 0.0807150 0.0674959 0.0749681 0.0808160 0.0696913 0.0685667 0.0916567 0.0715456 0.0266089 0.0684146 
Phalangeridae_Phalanger_orientalis           0.0500096 0.0864268 0.0564009 0.0864158 0.0868505 0.0743386 0.0333609 0.0119948 0.0913709 0.1028669 0.0178882 0.0825315 0.0945683 0.0000000 0.0624289 0.0848779 0.0853055 0.0869409 0.1030924 0.0852118 0.0595684 0.1119456 0.0932844 0.0807271 0.0786885 0.0904280 0.0556414 0.0828108 0.0864986 0.0724421 0.0624874 0.0049545 0.1060635 0.0741446 0.0964896 
Acrobatidae_Acrobates_pygmaeus               0.0434809 0.0686877 0.0535580 0.0602271 0.0605337 0.0522089 0.0443159 0.0564786 0.0617172 0.0702429 0.0518960 0.0580398 0.0678237 0.0624289 0.0000000 0.0584267 0.0626894 0.0575835 0.0740741 0.0555689 0.0483897 0.0864813 0.0703234 0.0549925 0.0558638 0.0738178 0.0427835 0.0544745 0.0571981 0.0475678 0.0263379 0.0623747 0.0699814 0.0521753 0.0665800 
Dasyuridae_Phascogale_calura                 0.0602549 0.0606961 0.0623259 0.0691374 0.0705209 0.0091000 0.0611800 0.0698104 0.0726671 0.0575569 0.0648672 0.0025107 0.0229102 0.0848779 0.0584267 0.0000000 0.0110327 0.0155145 0.0609744 0.0705613 0.0693036 0.0912119 0.0687224 0.0042058 0.0684647 0.0678165 0.0575631 0.0680186 0.0651099 0.0610209 0.0591788 0.0823438 0.0597200 0.0094845 0.0564825 
Dasyuridae_Sarcophilus_harrisii              0.0624028 0.0602274 0.0646202 0.0724811 0.0727905 0.0056611 0.0627895 0.0688246 0.0766382 0.0593242 0.0645113 0.0106556 0.0239926 0.0853055 0.0626894 0.0110327 0.0000000 0.0150559 0.0606984 0.0701599 0.0721139 0.0956233 0.0726185 0.0107820 0.0697817 0.0722849 0.0586137 0.0692149 0.0665625 0.0629060 0.0624470 0.0832825 0.0615660 0.0049037 0.0582237 
Dasyuridae_Planigale_tenuirostris            0.0548660 0.0624384 0.0572620 0.0734415 0.0732952 0.0167069 0.0597056 0.0686524 0.0732158 0.0565286 0.0659175 0.0155285 0.0164760 0.0869409 0.0575835 0.0155145 0.0150559 0.0000000 0.0613320 0.0701666 0.0700345 0.0872233 0.0666670 0.0155614 0.0711351 0.0692487 0.0621333 0.0681340 0.0658632 0.0616521 0.0592307 0.0866220 0.0613204 0.0177118 0.0557788 
Peramelidae_Echymipera_kalubu                0.0769791 0.0742000 0.0770456 0.0853056 0.0855882 0.0579646 0.0810266 0.0881845 0.0903664 0.0195476 0.0851883 0.0606400 0.0688274 0.1030924 0.0740741 0.0609744 0.0606984 0.0613320 0.0000000 0.0847885 0.0838171 0.0985556 0.0839321 0.0584999 0.0822683 0.0891578 0.0769206 0.0838193 0.0783264 0.0699889 0.0756930 0.1003911 0.0200397 0.0583105 0.0180465 
Macropodidae_Dorcopsulus_vanheurni           0.0654319 0.0725365 0.0714990 0.0198046 0.0197784 0.0578289 0.0668560 0.0698150 0.0202259 0.0808725 0.0727301 0.0690734 0.0771302 0.0852118 0.0555689 0.0705613 0.0701599 0.0701666 0.0847885 0.0000000 0.0650485 0.1028537 0.0883652 0.0659453 0.0391433 0.0893060 0.0632749 0.0073330 0.0683392 0.0560164 0.0526214 0.0838466 0.0798139 0.0577912 0.0764605 
Pseudochiridae_Pseudochirulus_forbesi        0.0433920 0.0695121 0.0430948 0.0677715 0.0691393 0.0538185 0.0445234 0.0582876 0.0715468 0.0822577 0.0502462 0.0683228 0.0773239 0.0595684 0.0483897 0.0693036 0.0721139 0.0700345 0.0838171 0.0650485 0.0000000 0.0964971 0.0763841 0.0652565 0.0600409 0.0731874 0.0282060 0.0635205 0.0217800 0.0441466 0.0464551 0.0592895 0.0829817 0.0541726 0.0782171 
Didelphidae_Didelphis_virginiana             0.0876886 0.0864073 0.0905357 0.1103822 0.1089619 0.0726997 0.0913726 0.1000976 0.1140650 0.1006431 0.0977983 0.0907722 0.1038237 0.1119456 0.0864813 0.0912119 0.0956233 0.0872233 0.0985556 0.1028537 0.0964971 0.0000000 0.0360716 0.0879957 0.1078407 0.0905914 0.0880092 0.1019962 0.0922320 0.0847445 0.0811649 0.1140806 0.1034809 0.0746142 0.0966254 
Marmosidae_Monodelphis_domestica             0.0684987 0.0673319 0.0708934 0.0908452 0.0911882 0.0505723 0.0725896 0.0876437 0.0932136 0.0822170 0.0803181 0.0682975 0.0800242 0.0932844 0.0703234 0.0687224 0.0726185 0.0666670 0.0839321 0.0883652 0.0763841 0.0360716 0.0000000 0.0643842 0.0887583 0.0672148 0.0713993 0.0874457 0.0776236 0.0648235 0.0667375 0.0925566 0.0850065 0.0533611 0.0782289 
Dasyuridae_Antechinus_stuartii               0.0569501 0.0582159 0.0574829 0.0655864 0.0679301 0.0079967 0.0565466 0.0665072 0.0706340 0.0552318 0.0623655 0.0035367 0.0218796 0.0807271 0.0549925 0.0042058 0.0107820 0.0155614 0.0584999 0.0659453 0.0652565 0.0879957 0.0643842 0.0000000 0.0633090 0.0663613 0.0553649 0.0633573 0.0633070 0.0586332 0.0550680 0.0772973 0.0580345 0.0083797 0.0540309 
Hypsiprymnodontidae_Hypsiprymnodon_moschatus 0.0648056 0.0800186 0.0734194 0.0386262 0.0380282 0.0605635 0.0624823 0.0667008 0.0428746 0.0790972 0.0664813 0.0669857 0.0749553 0.0786885 0.0558638 0.0684647 0.0697817 0.0711351 0.0822683 0.0391433 0.0600409 0.1078407 0.0887583 0.0633090 0.0000000 0.0889072 0.0610653 0.0368480 0.0621531 0.0577480 0.0501851 0.0785389 0.0800129 0.0622212 0.0753842 
Microbiotheriidae_Dromiciops_gliroides       0.0683784 0.0713126 0.0614360 0.0895232 0.0901054 0.0551999 0.0669972 0.0790848 0.0938670 0.0829709 0.0735498 0.0679992 0.0807150 0.0904280 0.0738178 0.0678165 0.0722849 0.0692487 0.0891578 0.0893060 0.0731874 0.0905914 0.0672148 0.0663613 0.0889072 0.0000000 0.0663947 0.0870871 0.0726752 0.0705234 0.0751022 0.0876807 0.0872735 0.0562634 0.0806613 
Pseudochiridae_Petauroides_volans            0.0397004 0.0680514 0.0399457 0.0649443 0.0648663 0.0476395 0.0376598 0.0552571 0.0673222 0.0749995 0.0466982 0.0575999 0.0674959 0.0556414 0.0427835 0.0575631 0.0586137 0.0621333 0.0769206 0.0632749 0.0282060 0.0880092 0.0713993 0.0553649 0.0610653 0.0663947 0.0000000 0.0613043 0.0468884 0.0443015 0.0439396 0.0503389 0.0776377 0.0480771 0.0713552 
Macropodidae_Wallabia_bicolor                0.0654307 0.0725675 0.0714470 0.0173420 0.0181228 0.0564575 0.0646825 0.0680631 0.0189869 0.0784343 0.0690938 0.0665728 0.0749681 0.0828108 0.0544745 0.0680186 0.0692149 0.0681340 0.0838193 0.0073330 0.0635205 0.1019962 0.0874457 0.0633573 0.0368480 0.0870871 0.0613043 0.0000000 0.0662953 0.0539400 0.0522823 0.0814289 0.0773822 0.0564207 0.0743064 
Pseudochiridae_Pseudocheirus_occidentalis    0.0543595 0.0813203 0.0563964 0.0639287 0.0661741 0.0690995 0.0509784 0.0770441 0.0733543 0.0709314 0.0687816 0.0642379 0.0808160 0.0864986 0.0571981 0.0651099 0.0665625 0.0658632 0.0783264 0.0683392 0.0217800 0.0922320 0.0776236 0.0633070 0.0621531 0.0726752 0.0468884 0.0662953 0.0000000 0.0628458 0.0456335 0.0737108 0.0704615 0.0689293 0.0714825 
Tarsipedidae_Tarsipes_rostratus              0.0467904 0.0766706 0.0510350 0.0583052 0.0577869 0.0621872 0.0469170 0.0689060 0.0602687 0.0662091 0.0573226 0.0600827 0.0696913 0.0724421 0.0475678 0.0610209 0.0629060 0.0616521 0.0699889 0.0560164 0.0441466 0.0847445 0.0648235 0.0586332 0.0577480 0.0705234 0.0443015 0.0539400 0.0628458 0.0000000 0.0469412 0.0636167 0.0638735 0.0627826 0.0629805 
Acrobatidae_Distoechurus_pennatus            0.0435551 0.0639243 0.0528454 0.0568194 0.0561641 0.0499310 0.0407605 0.0530277 0.0584471 0.0688534 0.0496584 0.0577313 0.0685667 0.0624874 0.0263379 0.0591788 0.0624470 0.0592307 0.0756930 0.0526214 0.0464551 0.0811649 0.0667375 0.0550680 0.0501851 0.0751022 0.0439396 0.0522823 0.0456335 0.0469412 0.0000000 0.0582402 0.0721279 0.0493616 0.0672026 
Phalangeridae_Phalanger_carmelitae           0.0456795 0.0763304 0.0565955 0.0844644 0.0847920 0.0654755 0.0265562 0.0081265 0.0896269 0.0992733 0.0118041 0.0795149 0.0916567 0.0049545 0.0623747 0.0823438 0.0832825 0.0866220 0.1003911 0.0838466 0.0592895 0.1140806 0.0925566 0.0772973 0.0785389 0.0876807 0.0503389 0.0814289 0.0737108 0.0636167 0.0582402 0.0000000 0.1022427 0.0653126 0.0934559 
Peramelidae_Peroryctes_raffrayana            0.0824006 0.0627070 0.0790063 0.0793616 0.0796154 0.0523222 0.0806679 0.0794089 0.0833238 0.0115600 0.0833841 0.0592807 0.0715456 0.1060635 0.0699814 0.0597200 0.0615660 0.0613204 0.0200397 0.0798139 0.0829817 0.1034809 0.0850065 0.0580345 0.0800129 0.0872735 0.0776377 0.0773822 0.0704615 0.0638735 0.0721279 0.1022427 0.0000000 0.0527023 0.0114090 
Dasyuridae_Dasyurus_geffroii                 0.0491650 0.0618321 0.0463812 0.0597234 0.0612774 0.0056002 0.0464750 0.0727751 0.0636384 0.0548882 0.0554430 0.0094951 0.0266089 0.0741446 0.0521753 0.0094845 0.0049037 0.0177118 0.0583105 0.0577912 0.0541726 0.0746142 0.0533611 0.0083797 0.0622212 0.0562634 0.0480771 0.0564207 0.0689293 0.0627826 0.0493616 0.0653126 0.0527023 0.0000000 0.0551647 
Peramelidae_Perameles_gunnii                 0.0737711 0.0654360 0.0725530 0.0782601 0.0768313 0.0548137 0.0744119 0.0783602 0.0812730 0.0006635 0.0778038 0.0561449 0.0684146 0.0964896 0.0665800 0.0564825 0.0582237 0.0557788 0.0180465 0.0764605 0.0782171 0.0966254 0.0782289 0.0540309 0.0753842 0.0806613 0.0713552 0.0743064 0.0714825 0.0629805 0.0672026 0.0934559 0.0114090 0.0551647 0.0000000 
