35
Burramyidae_Burramys_parvus                  0.0000000 0.1468128 0.0901577 0.1006853 0.1053162 0.1221912 0.0624744 0.0829750 0.1060435 0.1525963 0.0791720 0.1220756 0.1446245 0.0860670 0.0971884 0.1221808 0.1292177 0.1520411 0.1453199 0.0905234 0.1305592 0.1521297 0.1235455 0.1037825 0.1221385 0.1370120 0.0889543 0.1307194 0.1267487 0.0978441 0.0846679 0.1506407 0.1259734 0.1523792 0.1521406 
Notoryctidae_Notoryctes_typhlops             0.1468128 0.0000000 0.1395687 0.1486797 0.1514026 0.1560919 0.1321554 0.1455749 0.1541263 0.2017642 0.1428722 0.1508048 0.1843271 0.1497419 0.1691002 0.1537163 0.1563239 0.1760458 0.1880821 0.1440957 0.1917130 0.1924948 0.1575405 0.1554452 0.1653527 0.2002163 0.1447546 0.1917794 0.1807565 0.1727248 0.1494428 0.1903095 0.1643478 0.1975837 0.1891922 
Vombatidae_Lasiorhinus_latifrons             0.0901577 0.1395687 0.0000000 0.1028109 0.1077286 0.1180002 0.0685588 0.0946927 0.1086398 0.1605571 0.0918592 0.1190582 0.1429670 0.1003110 0.1044283 0.1204526 0.1197895 0.1589130 0.1508571 0.1048481 0.1272693 0.1463666 0.1218991 0.1026200 0.1211452 0.1278414 0.1015001 0.1270824 0.1266860 0.1062788 0.1000921 0.1594759 0.1221451 0.1557054 0.1526434 
Potoroidae_Bettongia_penicillata             0.1006853 0.1486797 0.1028109 0.0000000 0.0083120 0.1366624 0.0875950 0.0956905 0.0202429 0.1766998 0.0897222 0.1322306 0.1551111 0.0957701 0.1172393 0.1330690 0.1378808 0.1659870 0.1767732 0.0320788 0.1430836 0.1691434 0.1342881 0.0565168 0.1418248 0.1461472 0.0286568 0.1480124 0.1488131 0.1170024 0.0967197 0.1814720 0.1443304 0.1710194 0.1695386 
Potoroidae_Bettongia_lesueur                 0.1053162 0.1514026 0.1077286 0.0083120 0.0000000 0.1436047 0.0914440 0.1016358 0.0241822 0.1779524 0.0955523 0.1379188 0.1635959 0.1017167 0.1200411 0.1392133 0.1455483 0.1748905 0.1777402 0.0341813 0.1444600 0.1732362 0.1398006 0.0616467 0.1460621 0.1480482 0.0318558 0.1495559 0.1517348 0.1219448 0.1026644 0.1809234 0.1499258 0.1720439 0.1756450 
Dasyuridae_Dasyurus_maculatus                0.1221912 0.1560919 0.1180002 0.1366624 0.1436047 0.0000000 0.1128443 0.1300429 0.1417661 0.1631402 0.1302958 0.0245002 0.0483083 0.1366241 0.1433902 0.0244040 0.0111478 0.0530652 0.1555538 0.1311596 0.1620419 0.1710324 0.0255864 0.1405072 0.1385111 0.1719211 0.1273764 0.1685877 0.1757889 0.1394687 0.1371342 0.1588069 0.0090768 0.1573645 0.1669905 
Phalangeridae_Trichosurus_vulpecula          0.0624744 0.1321554 0.0685588 0.0875950 0.0914440 0.1128443 0.0000000 0.0203241 0.0977929 0.1394708 0.0222754 0.1105844 0.1422391 0.0268013 0.0880940 0.1116255 0.1157709 0.1530424 0.1317610 0.0764910 0.1169016 0.1393710 0.1111336 0.0844160 0.1152519 0.1019510 0.0842741 0.1216528 0.1009881 0.0865395 0.0251370 0.1355902 0.1165375 0.1347885 0.0869939 
Phalangeridae_Spilocuscus_maculatus          0.0829750 0.1455749 0.0946927 0.0956905 0.1016358 0.1300429 0.0203241 0.0000000 0.1021906 0.1632772 0.0117466 0.1294220 0.1530501 0.0149510 0.0985810 0.1308276 0.1324662 0.1606251 0.1547219 0.0927491 0.1224147 0.1539048 0.1279155 0.0972073 0.1230539 0.1310806 0.0949069 0.1299580 0.1274999 0.1005664 0.0139650 0.1610585 0.1320842 0.1598384 0.1628125 
Potoroidae_Aepyprymnus_rufescens             0.1060435 0.1541263 0.1086398 0.0202429 0.0241822 0.1417661 0.0977929 0.1021906 0.0000000 0.1851423 0.0952287 0.1365977 0.1588613 0.1047747 0.1269077 0.1373501 0.1429089 0.1745929 0.1805159 0.0350195 0.1455365 0.1758409 0.1385499 0.0642130 0.1403971 0.1587298 0.0327368 0.1498326 0.1540922 0.1219991 0.1032155 0.1853362 0.1496287 0.1787888 0.1837357 
Peramelidae_Perameles_nasuta                 0.1525963 0.2017642 0.1605571 0.1766998 0.1779524 0.1631402 0.1394708 0.1632772 0.1851423 0.0000000 0.1580708 0.1578943 0.1808601 0.1690478 0.1767508 0.1580065 0.1645788 0.1851923 0.0404213 0.1704443 0.1983777 0.2021481 0.1588066 0.1820269 0.1752423 0.1936427 0.1677994 0.1981041 0.1983882 0.1832537 0.1695019 0.0389370 0.1584861 0.0029329 0.2023174 
Phalangeridae_Strigocuscus_pelengensis       0.0791720 0.1428722 0.0918592 0.0897222 0.0955523 0.1302958 0.0222754 0.0117466 0.0952287 0.1580708 0.0000000 0.1290460 0.1522660 0.0137274 0.0963518 0.1306656 0.1314955 0.1587409 0.1508445 0.0853327 0.1258193 0.1525046 0.1289072 0.0920495 0.1222815 0.1309914 0.0880262 0.1300649 0.1244612 0.0980712 0.0127391 0.1565554 0.1309198 0.1550271 0.1610409 
Dasyuridae_Phascogale_tapoatafa              0.1220756 0.1508048 0.1190582 0.1322306 0.1379188 0.0245002 0.1105844 0.1294220 0.1365977 0.1578943 0.1290460 0.0000000 0.0496976 0.1375885 0.1359304 0.0037105 0.0274569 0.0495893 0.1492936 0.1287832 0.1635246 0.1659486 0.0147336 0.1367761 0.1358627 0.1760699 0.1238347 0.1688326 0.1768950 0.1357405 0.1357770 0.1556684 0.0289465 0.1532105 0.1767258 
Dasyuridae_Sminthopsis_macroura              0.1446245 0.1843271 0.1429670 0.1551111 0.1635959 0.0483083 0.1422391 0.1530501 0.1588613 0.1808601 0.1522660 0.0496976 0.0000000 0.1593792 0.1629230 0.0488382 0.0548302 0.0453375 0.1713633 0.1536049 0.1991979 0.2018578 0.0526879 0.1600672 0.1566558 0.1794154 0.1465070 0.2030710 0.1998104 0.1626853 0.1606680 0.1802796 0.0497871 0.1742546 0.1895675 
Phalangeridae_Phalanger_orientalis           0.0860670 0.1497419 0.1003110 0.0957701 0.1017167 0.1366241 0.0268013 0.0149510 0.1047747 0.1690478 0.0137274 0.1375885 0.1593792 0.0000000 0.1032795 0.1389902 0.1390761 0.1688250 0.1621404 0.0918110 0.1267337 0.1613073 0.1359440 0.0988864 0.1327372 0.1320065 0.0972627 0.1310435 0.1320973 0.1048795 0.0027407 0.1681315 0.1388624 0.1643078 0.1741592 
Acrobatidae_Acrobates_pygmaeus               0.0971884 0.1691002 0.1044283 0.1172393 0.1200411 0.1433902 0.0880940 0.0985810 0.1269077 0.1767508 0.0963518 0.1359304 0.1629230 0.1032795 0.0000000 0.1375335 0.1438372 0.1696168 0.1672931 0.1112098 0.1339830 0.1764844 0.1401343 0.1143085 0.1407553 0.1392101 0.1143006 0.1364639 0.1289151 0.0531776 0.1026949 0.1738125 0.1471475 0.1722941 0.1721158 
Dasyuridae_Phascogale_calura                 0.1221808 0.1537163 0.1204526 0.1330690 0.1392133 0.0244040 0.1116255 0.1308276 0.1373501 0.1580065 0.1306656 0.0037105 0.0488382 0.1389902 0.1375335 0.0000000 0.0283533 0.0501713 0.1492017 0.1295591 0.1656755 0.1652971 0.0151871 0.1375293 0.1357647 0.1758999 0.1245574 0.1689805 0.1789088 0.1366933 0.1371769 0.1555624 0.0288285 0.1533385 0.1779151 
Dasyuridae_Sarcophilus_harrisii              0.1292177 0.1563239 0.1197895 0.1378808 0.1455483 0.0111478 0.1157709 0.1324662 0.1429089 0.1645788 0.1314955 0.0274569 0.0548302 0.1390761 0.1438372 0.0283533 0.0000000 0.0559972 0.1588916 0.1329202 0.1640412 0.1702038 0.0285652 0.1401613 0.1397366 0.1724202 0.1270561 0.1707616 0.1737658 0.1395971 0.1395846 0.1635941 0.0149477 0.1586134 0.1705182 
Dasyuridae_Planigale_tenuirostris            0.1520411 0.1760458 0.1589130 0.1659870 0.1748905 0.0530652 0.1530424 0.1606251 0.1745929 0.1851923 0.1587409 0.0495893 0.0453375 0.1688250 0.1696168 0.0501713 0.0559972 0.0000000 0.1757148 0.1677215 0.2030194 0.1992735 0.0508454 0.1719541 0.1663906 0.1914369 0.1578724 0.2069051 0.2120131 0.1713044 0.1680317 0.1827829 0.0561036 0.1811935 0.2088078 
Peramelidae_Echymipera_kalubu                0.1453199 0.1880821 0.1508571 0.1767732 0.1777402 0.1555538 0.1317610 0.1547219 0.1805159 0.0404213 0.1508445 0.1492936 0.1713633 0.1621404 0.1672931 0.1492017 0.1588916 0.1757148 0.0000000 0.1736777 0.1900797 0.1853827 0.1506771 0.1771158 0.1628476 0.1807025 0.1672590 0.1932180 0.1902042 0.1791707 0.1609364 0.0282661 0.1520389 0.0390901 0.1838215 
Macropodidae_Dorcopsulus_vanheurni           0.0905234 0.1440957 0.1048481 0.0320788 0.0341813 0.1311596 0.0764910 0.0927491 0.0350195 0.1704443 0.0853327 0.1287832 0.1536049 0.0918110 0.1112098 0.1295591 0.1329202 0.1677215 0.1736777 0.0000000 0.1361996 0.1658129 0.1332014 0.0540822 0.1380953 0.1460350 0.0130557 0.1388962 0.1412717 0.1125603 0.0916942 0.1720193 0.1394166 0.1657780 0.1660344 
Pseudochiridae_Pseudochirulus_forbesi        0.1305592 0.1917130 0.1272693 0.1430836 0.1444600 0.1620419 0.1169016 0.1224147 0.1455365 0.1983777 0.1258193 0.1635246 0.1991979 0.1267337 0.1339830 0.1656755 0.1640412 0.2030194 0.1900797 0.1361996 0.0000000 0.1922220 0.1665747 0.1430361 0.1600986 0.0933484 0.1374486 0.0347988 0.1383681 0.1409632 0.1260216 0.1976853 0.1687558 0.1939999 0.2234986 
Marmosidae_Monodelphis_domestica             0.1521297 0.1924948 0.1463666 0.1691434 0.1732362 0.1710324 0.1393710 0.1539048 0.1758409 0.2021481 0.1525046 0.1659486 0.2018578 0.1613073 0.1764844 0.1652971 0.1702038 0.1992735 0.1853827 0.1658129 0.1922220 0.0000000 0.1686367 0.1751518 0.1609263 0.1831825 0.1620572 0.2123889 0.1971500 0.1836324 0.1602007 0.1948487 0.1731590 0.1911991 0.0599347 
Dasyuridae_Antechinus_stuartii               0.1235455 0.1575405 0.1218991 0.1342881 0.1398006 0.0255864 0.1111336 0.1279155 0.1385499 0.1588066 0.1289072 0.0147336 0.0526879 0.1359440 0.1401343 0.0151871 0.0285652 0.0508454 0.1506771 0.1332014 0.1665747 0.1686367 0.0000000 0.1397434 0.1345320 0.1756316 0.1269298 0.1708439 0.1750404 0.1418346 0.1342366 0.1610775 0.0290244 0.1549844 0.1729254 
Hypsiprymnodontidae_Hypsiprymnodon_moschatus 0.1037825 0.1554452 0.1026200 0.0565168 0.0616467 0.1405072 0.0844160 0.0972073 0.0642130 0.1820269 0.0920495 0.1367761 0.1600672 0.0988864 0.1143085 0.1375293 0.1401613 0.1719541 0.1771158 0.0540822 0.1430361 0.1751518 0.1397434 0.0000000 0.1516738 0.1474337 0.0504639 0.1476339 0.1410563 0.1158938 0.0998218 0.1812128 0.1477468 0.1774715 0.1879946 
Microbiotheriidae_Dromiciops_gliroides       0.1221385 0.1653527 0.1211452 0.1418248 0.1460621 0.1385111 0.1152519 0.1230539 0.1403971 0.1752423 0.1222815 0.1358627 0.1566558 0.1327372 0.1407553 0.1357647 0.1397366 0.1663906 0.1628476 0.1380953 0.1600986 0.1609263 0.1345320 0.1516738 0.0000000 0.1635539 0.1299679 0.1685070 0.1703593 0.1474803 0.1312008 0.1719152 0.1415587 0.1724180 0.1440573 
Pseudochiridae_Petauroides_volans            0.1370120 0.2002163 0.1278414 0.1461472 0.1480482 0.1719211 0.1019510 0.1310806 0.1587298 0.1936427 0.1309914 0.1760699 0.1794154 0.1320065 0.1392101 0.1758999 0.1724202 0.1914369 0.1807025 0.1460350 0.0933484 0.1831825 0.1756316 0.1474337 0.1635539 0.0000000 0.1386684 0.0924143 0.1462814 0.1382203 0.1314779 0.2006473 0.1719298 0.1830628 0.2094792 
Macropodidae_Wallabia_bicolor                0.0889543 0.1447546 0.1015001 0.0286568 0.0318558 0.1273764 0.0842741 0.0949069 0.0327368 0.1677994 0.0880262 0.1238347 0.1465070 0.0972627 0.1143006 0.1245574 0.1270561 0.1578724 0.1672590 0.0130557 0.1374486 0.1620572 0.1269298 0.0504639 0.1299679 0.1386684 0.0000000 0.1400167 0.1418634 0.1139936 0.0972629 0.1688129 0.1372494 0.1645607 0.1606799 
Pseudochiridae_Pseudocheirus_occidentalis    0.1307194 0.1917794 0.1270824 0.1480124 0.1495559 0.1685877 0.1216528 0.1299580 0.1498326 0.1981041 0.1300649 0.1688326 0.2030710 0.1310435 0.1364639 0.1689805 0.1707616 0.2069051 0.1932180 0.1388962 0.0347988 0.2123889 0.1708439 0.1476339 0.1685070 0.0924143 0.1400167 0.0000000 0.1418214 0.1454928 0.1302095 0.1924001 0.1729945 0.1982424 0.2298211 
Tarsipedidae_Tarsipes_rostratus              0.1267487 0.1807565 0.1266860 0.1488131 0.1517348 0.1757889 0.1009881 0.1274999 0.1540922 0.1983882 0.1244612 0.1768950 0.1998104 0.1320973 0.1289151 0.1789088 0.1737658 0.2120131 0.1902042 0.1412717 0.1383681 0.1971500 0.1750404 0.1410563 0.1703593 0.1462814 0.1418634 0.1418214 0.0000000 0.1309882 0.1316555 0.1895569 0.1743232 0.1978318 0.2109388 
Acrobatidae_Distoechurus_pennatus            0.0978441 0.1727248 0.1062788 0.1170024 0.1219448 0.1394687 0.0865395 0.1005664 0.1219991 0.1832537 0.0980712 0.1357405 0.1626853 0.1048795 0.0531776 0.1366933 0.1395971 0.1713044 0.1791707 0.1125603 0.1409632 0.1836324 0.1418346 0.1158938 0.1474803 0.1382203 0.1139936 0.1454928 0.1309882 0.0000000 0.1036029 0.1789103 0.1477149 0.1792275 0.1825630 
Phalangeridae_Phalanger_carmelitae           0.0846679 0.1494428 0.1000921 0.0967197 0.1026644 0.1371342 0.0251370 0.0139650 0.1032155 0.1695019 0.0127391 0.1357770 0.1606680 0.0027407 0.1026949 0.1371769 0.1395846 0.1680317 0.1609364 0.0916942 0.1260216 0.1602007 0.1342366 0.0998218 0.1312008 0.1314779 0.0972629 0.1302095 0.1316555 0.1036029 0.0000000 0.1668585 0.1393843 0.1647398 0.1713380 
Peramelidae_Peroryctes_raffrayana            0.1506407 0.1903095 0.1594759 0.1814720 0.1809234 0.1588069 0.1355902 0.1610585 0.1853362 0.0389370 0.1565554 0.1556684 0.1802796 0.1681315 0.1738125 0.1555624 0.1635941 0.1827829 0.0282661 0.1720193 0.1976853 0.1948487 0.1610775 0.1812128 0.1719152 0.2006473 0.1688129 0.1924001 0.1895569 0.1789103 0.1668585 0.0000000 0.1577264 0.0400131 0.2121854 
Dasyuridae_Dasyurus_geffroii                 0.1259734 0.1643478 0.1221451 0.1443304 0.1499258 0.0090768 0.1165375 0.1320842 0.1496287 0.1584861 0.1309198 0.0289465 0.0497871 0.1388624 0.1471475 0.0288285 0.0149477 0.0561036 0.1520389 0.1394166 0.1687558 0.1731590 0.0290244 0.1477468 0.1415587 0.1719298 0.1372494 0.1729945 0.1743232 0.1477149 0.1393843 0.1577264 0.0000000 0.1536230 0.1657239 
Peramelidae_Perameles_gunnii                 0.1523792 0.1975837 0.1557054 0.1710194 0.1720439 0.1573645 0.1347885 0.1598384 0.1787888 0.0029329 0.1550271 0.1532105 0.1742546 0.1643078 0.1722941 0.1533385 0.1586134 0.1811935 0.0390901 0.1657780 0.1939999 0.1911991 0.1549844 0.1774715 0.1724180 0.1830628 0.1645607 0.1982424 0.1978318 0.1792275 0.1647398 0.0400131 0.1536230 0.0000000 0.1870632 
Didelphidae_Didelphis_virginiana             0.1521406 0.1891922 0.1526434 0.1695386 0.1756450 0.1669905 0.0869939 0.1628125 0.1837357 0.2023174 0.1610409 0.1767258 0.1895675 0.1741592 0.1721158 0.1779151 0.1705182 0.2088078 0.1838215 0.1660344 0.2234986 0.0599347 0.1729254 0.1879946 0.1440573 0.2094792 0.1606799 0.2298211 0.2109388 0.1825630 0.1713380 0.2121854 0.1657239 0.1870632 0.0000000 
