172
I0186_111_Momotidae_Momotus_lessonii                      0.0000000 0.0422983 0.0449352 0.0514485 0.0415319 0.0456570 0.0360461 0.0415827 0.0456806 0.0515733 0.0349852 0.0511391 0.0405965 0.0395912 0.0521823 0.0376619 0.0271685 0.0511074 0.0330983 0.0520658 0.0352465 0.0333200 0.0345520 0.0318872 0.0434800 0.0343198 0.0477032 0.0568814 0.0566980 0.0337742 0.0499855 0.0472609 0.0481789 0.0424955 0.0506987 0.0553349 0.0496107 0.0651994 0.0534960 0.0490855 0.0705253 0.0522885 0.0336734 0.0508702 0.0376342 0.0510033 0.0480668 0.0321302 0.0457899 0.0495578 0.0541471 0.0414266 0.0341497 0.0477567 0.0476003 0.0350864 0.0348061 0.0669396 0.0486029 0.0509176 0.0449461 0.0348561 0.0385323 0.0578010 0.0505443 0.0371263 0.0457700 0.0568109 0.0520631 0.0512561 0.0383784 0.0351542 0.0482408 0.0310917 0.0330581 0.0345030 0.0432880 0.0349116 0.0432340 0.0428898 0.0317990 0.0307531 0.0506189 0.0667112 0.0401741 0.0404517 0.0405722 0.0325769 0.0489201 0.0342459 0.0482230 0.0476130 0.0316292 0.0334985 0.0331541 0.0438831 0.0345982 0.0542817 0.0339853 0.0330956 0.0402154 0.0452789 0.0664707 0.0457638 0.0628291 0.0370761 0.0313907 0.0544211 0.0467978 0.0344240 0.0560027 0.0440259 0.0333116 0.0358319 0.0328720 0.0435277 0.0409857 0.0548575 0.0329621 0.0536878 0.0366987 0.0394106 0.0436949 0.0504090 0.0558879 0.0396403 0.0581089 0.0379935 0.0398358 0.0316672 0.0340683 0.0321230 0.0437362 0.0349421 0.0471516 0.0382683 0.0336068 0.0467640 0.0624363 0.0493163 0.0510152 0.0310821 0.0347785 0.0366814 0.0349901 0.0327629 0.0500970 0.0495547 0.0444862 0.0556860 0.0364483 0.0464127 0.0537259 0.0362464 0.0767465 0.0349699 0.0409216 0.0360280 0.0534464 0.0513712 0.0581852 0.0328977 0.0331819 0.0565737 0.0340434 0.0604955 0.0508966 0.0585601 0.0563287 0.0425761 0.0383104 0.0534733 
I0187_115_Trogonidae_Trogon_elegans                       0.0422983 0.0000000 0.0454754 0.0508258 0.0152032 0.0460179 0.0378171 0.0427870 0.0552596 0.0520796 0.0361062 0.0503541 0.0424590 0.0425750 0.0524333 0.0379984 0.0280890 0.0517483 0.0346019 0.0518737 0.0357647 0.0347673 0.0365688 0.0333352 0.0447754 0.0356062 0.0482308 0.0551332 0.0554302 0.0350788 0.0508364 0.0479086 0.0490490 0.0430523 0.0515894 0.0549587 0.0500406 0.0659404 0.0530152 0.0494142 0.0713525 0.0549383 0.0401005 0.0533971 0.0386528 0.0517937 0.0489591 0.0329794 0.0474976 0.0488255 0.0531818 0.0425202 0.0351698 0.0484413 0.0470944 0.0374195 0.0348628 0.0683954 0.0489309 0.0503511 0.0458009 0.0362548 0.0403104 0.0564269 0.0512810 0.0389586 0.0472289 0.0581570 0.0535438 0.0508193 0.0395432 0.0369307 0.0495691 0.0332104 0.0345050 0.0355954 0.0445584 0.0447340 0.0433983 0.0444802 0.0341642 0.0315176 0.0524970 0.0682759 0.0420321 0.0421734 0.0419149 0.0335188 0.0504122 0.0396180 0.0491383 0.0496002 0.0328777 0.0361696 0.0343733 0.0456212 0.0391637 0.0552211 0.0350350 0.0348972 0.0395198 0.0467683 0.0647987 0.0483738 0.0629852 0.0374447 0.0318809 0.0535140 0.0484884 0.0358809 0.0569254 0.0457011 0.0344488 0.0363233 0.0335775 0.0435673 0.0428218 0.0559138 0.0345348 0.0562709 0.0374309 0.0414927 0.0451566 0.0505773 0.0582715 0.0408452 0.0573840 0.0388905 0.0404097 0.0331721 0.0353529 0.0329750 0.0446383 0.0363704 0.0473140 0.0396760 0.0352105 0.0468616 0.0632664 0.0481905 0.0505521 0.0325197 0.0360234 0.0377175 0.0361255 0.0334055 0.0514155 0.0513762 0.0442485 0.0553954 0.0367816 0.0465406 0.0520706 0.0369823 0.0758277 0.0361911 0.0423060 0.0357074 0.0517426 0.0501016 0.0590414 0.0331245 0.0341518 0.0578891 0.0350788 0.0599607 0.0497445 0.0565844 0.0550940 0.0431534 0.0403214 0.0527819 
I0188_135_Apodidae_Streptoprocne_zonaris                  0.0449352 0.0454754 0.0000000 0.0523534 0.0444969 0.0479228 0.0380443 0.0432172 0.0573034 0.0549932 0.0350205 0.0508155 0.0443793 0.0449731 0.0528299 0.0378274 0.0284318 0.0548078 0.0336155 0.0548485 0.0360938 0.0351461 0.0347789 0.0322788 0.0443418 0.0350698 0.0490556 0.0572439 0.0567362 0.0345951 0.0524666 0.0494432 0.0404055 0.0433319 0.0527838 0.0547182 0.0520530 0.0658980 0.0553839 0.0520719 0.0727869 0.0551532 0.0425565 0.0493461 0.0389957 0.0531525 0.0512278 0.0325462 0.0463889 0.0511906 0.0557065 0.0421940 0.0344893 0.0511729 0.0216706 0.0364516 0.0331370 0.0685684 0.0505188 0.0501836 0.0448043 0.0348532 0.0380377 0.0579276 0.0513937 0.0366798 0.0484357 0.0581525 0.0551933 0.0539437 0.0389434 0.0362950 0.0511064 0.0328423 0.0351069 0.0353967 0.0442630 0.0455811 0.0456038 0.0457214 0.0333447 0.0325437 0.0444087 0.0659240 0.0425991 0.0412749 0.0405926 0.0330625 0.0499558 0.0400502 0.0488521 0.0509423 0.0327161 0.0348791 0.0356987 0.0453759 0.0396296 0.0532543 0.0358983 0.0344927 0.0402598 0.0458779 0.0653909 0.0457617 0.0624659 0.0359091 0.0307217 0.0559709 0.0461855 0.0347570 0.0572791 0.0448197 0.0329777 0.0372675 0.0331759 0.0205129 0.0424662 0.0559703 0.0336725 0.0580116 0.0370325 0.0361091 0.0445166 0.0525347 0.0553491 0.0390255 0.0593925 0.0384511 0.0415975 0.0325751 0.0344430 0.0319108 0.0434478 0.0354613 0.0485650 0.0384852 0.0345828 0.0485336 0.0626764 0.0501671 0.0526595 0.0314537 0.0349075 0.0367636 0.0352163 0.0345628 0.0496835 0.0511712 0.0432134 0.0557641 0.0362540 0.0448825 0.0544347 0.0372096 0.0799158 0.0351446 0.0420551 0.0336413 0.0534758 0.0527728 0.0592221 0.0327525 0.0317244 0.0573158 0.0366920 0.0618348 0.0518254 0.0572799 0.0570045 0.0422703 0.0411841 0.0535373 
I0189_225_Eurylaimidae_Smithornis_rufolateralis           0.0514485 0.0508258 0.0523534 0.0000000 0.0503035 0.0563916 0.0460772 0.0502262 0.0616049 0.0603434 0.0448249 0.0379857 0.0515644 0.0517759 0.0344871 0.0452486 0.0363426 0.0336452 0.0414637 0.0335349 0.0451303 0.0428666 0.0451690 0.0406633 0.0512106 0.0436480 0.0576881 0.0435417 0.0429231 0.0415307 0.0320636 0.0298807 0.0542163 0.0505327 0.0339662 0.0623624 0.0318944 0.0731452 0.0344738 0.0304627 0.0771696 0.0615044 0.0495860 0.0588422 0.0458928 0.0336153 0.0307434 0.0414178 0.0537838 0.0303068 0.0360343 0.0493143 0.0442484 0.0330562 0.0538065 0.0445587 0.0426140 0.0763397 0.0304423 0.0574233 0.0524996 0.0438340 0.0464860 0.0641087 0.0586457 0.0466763 0.0571590 0.0654703 0.0336074 0.0331951 0.0465448 0.0447533 0.0571204 0.0399500 0.0431212 0.0444874 0.0511025 0.0529983 0.0522504 0.0512346 0.0423743 0.0402438 0.0574582 0.0742091 0.0493118 0.0484231 0.0486455 0.0420896 0.0570786 0.0478901 0.0563650 0.0576966 0.0408327 0.0433677 0.0419703 0.0521399 0.0465689 0.0591695 0.0434206 0.0425019 0.0483493 0.0535764 0.0743698 0.0553162 0.0700805 0.0446147 0.0399311 0.0353361 0.0548899 0.0440496 0.0641152 0.0522137 0.0424666 0.0451362 0.0417493 0.0498458 0.0495642 0.0635912 0.0429670 0.0649460 0.0460122 0.0486329 0.0521477 0.0590082 0.0651604 0.0491297 0.0286829 0.0476151 0.0482223 0.0415277 0.0423560 0.0415720 0.0506653 0.0447660 0.0552132 0.0476216 0.0432196 0.0547015 0.0694835 0.0348685 0.0321641 0.0410591 0.0432921 0.0452051 0.0445212 0.0424122 0.0585017 0.0590808 0.0507301 0.0630140 0.0440119 0.0527721 0.0356563 0.0442580 0.0830507 0.0439587 0.0497878 0.0442888 0.0233735 0.0368447 0.0661404 0.0420450 0.0418081 0.0649705 0.0443544 0.0468872 0.0371632 0.0442903 0.0426627 0.0505686 0.0487896 0.0435404 
I0190_295_Trogonidae_Apaloderma_aequatoriale              0.0415319 0.0152032 0.0444969 0.0503035 0.0000000 0.0455917 0.0367421 0.0419863 0.0550376 0.0515664 0.0347627 0.0499576 0.0418271 0.0417759 0.0516009 0.0367810 0.0275976 0.0507425 0.0336290 0.0507273 0.0351669 0.0340490 0.0356074 0.0327774 0.0433936 0.0344766 0.0476747 0.0546536 0.0548193 0.0334904 0.0496514 0.0472265 0.0486166 0.0427813 0.0509745 0.0539520 0.0491320 0.0650333 0.0520316 0.0486716 0.0702047 0.0544044 0.0398961 0.0521560 0.0369942 0.0512757 0.0483564 0.0325901 0.0464966 0.0481114 0.0522528 0.0420015 0.0347207 0.0475921 0.0466486 0.0354233 0.0345184 0.0671858 0.0482734 0.0495846 0.0459586 0.0353954 0.0395663 0.0559966 0.0503040 0.0378290 0.0468210 0.0566890 0.0525469 0.0502602 0.0380071 0.0356469 0.0493017 0.0313853 0.0333072 0.0350755 0.0435810 0.0427791 0.0425361 0.0433916 0.0333906 0.0307327 0.0519383 0.0659718 0.0412088 0.0414113 0.0403182 0.0328731 0.0498185 0.0384577 0.0478632 0.0488574 0.0315827 0.0349509 0.0330920 0.0447450 0.0381844 0.0549179 0.0338449 0.0337555 0.0393723 0.0457111 0.0641384 0.0472518 0.0614342 0.0357008 0.0310100 0.0529996 0.0471029 0.0355589 0.0553400 0.0453634 0.0343843 0.0353593 0.0333995 0.0427988 0.0421599 0.0545182 0.0335665 0.0552902 0.0371161 0.0408543 0.0441054 0.0502546 0.0566558 0.0395021 0.0567396 0.0378415 0.0398567 0.0328157 0.0345279 0.0325503 0.0440559 0.0355804 0.0459366 0.0379273 0.0346968 0.0465736 0.0612948 0.0476860 0.0498234 0.0318261 0.0352027 0.0369417 0.0351325 0.0327852 0.0500935 0.0490886 0.0439151 0.0547685 0.0362246 0.0458965 0.0508726 0.0366307 0.0741029 0.0350441 0.0417019 0.0341024 0.0510874 0.0498254 0.0570686 0.0321341 0.0332940 0.0567664 0.0341982 0.0587569 0.0489908 0.0559957 0.0542547 0.0425807 0.0391791 0.0521909 
I0191_344_Indicatoridae_Indicator_exilis                  0.0456570 0.0460179 0.0479228 0.0563916 0.0455917 0.0000000 0.0413150 0.0467737 0.0587236 0.0297175 0.0396174 0.0551869 0.0458274 0.0480705 0.0571102 0.0427826 0.0314339 0.0575758 0.0379923 0.0580697 0.0407214 0.0373100 0.0395988 0.0368403 0.0490073 0.0389855 0.0188502 0.0613020 0.0603378 0.0381198 0.0556790 0.0531766 0.0514981 0.0483967 0.0574294 0.0585561 0.0546306 0.0687982 0.0585983 0.0544314 0.0749997 0.0555817 0.0431538 0.0553623 0.0412530 0.0564860 0.0543994 0.0368131 0.0498998 0.0545191 0.0593513 0.0462397 0.0391626 0.0557254 0.0502165 0.0396778 0.0397195 0.0715944 0.0543767 0.0562262 0.0504049 0.0393075 0.0445992 0.0619908 0.0567772 0.0406958 0.0174382 0.0603131 0.0574518 0.0573985 0.0418775 0.0400529 0.0290048 0.0340453 0.0390930 0.0391613 0.0468739 0.0471901 0.0440878 0.0456381 0.0373593 0.0349167 0.0542853 0.0689678 0.0458995 0.0441516 0.0453467 0.0378254 0.0546810 0.0416045 0.0538008 0.0273519 0.0363280 0.0394061 0.0383195 0.0504111 0.0413998 0.0566826 0.0372612 0.0388540 0.0432005 0.0499899 0.0690035 0.0506206 0.0656010 0.0409029 0.0360495 0.0586076 0.0503140 0.0391297 0.0595722 0.0483078 0.0383601 0.0398127 0.0383700 0.0462513 0.0450595 0.0577013 0.0380754 0.0578917 0.0416812 0.0444710 0.0494837 0.0289564 0.0581871 0.0438884 0.0632345 0.0427032 0.0464968 0.0369480 0.0388125 0.0372009 0.0476728 0.0404590 0.0517296 0.0424133 0.0392783 0.0512833 0.0647701 0.0537286 0.0555503 0.0360774 0.0388597 0.0412083 0.0379334 0.0383456 0.0524340 0.0522701 0.0481740 0.0592893 0.0419295 0.0502386 0.0584032 0.0414827 0.0801252 0.0391555 0.0470516 0.0409444 0.0576001 0.0555505 0.0629133 0.0370461 0.0371711 0.0600693 0.0401875 0.0656041 0.0551720 0.0611716 0.0604812 0.0472422 0.0420624 0.0574508 
I0192_375_Musophagidae_Tauraco_macrorhynchus              0.0360461 0.0378171 0.0380443 0.0460772 0.0367421 0.0413150 0.0000000 0.0358286 0.0516044 0.0481909 0.0159527 0.0457542 0.0372635 0.0389954 0.0471254 0.0303337 0.0203509 0.0487155 0.0254821 0.0485526 0.0281232 0.0276799 0.0278984 0.0242968 0.0383913 0.0273850 0.0440691 0.0515483 0.0509886 0.0261588 0.0462341 0.0433443 0.0425715 0.0374983 0.0466380 0.0484955 0.0451442 0.0596006 0.0486812 0.0451603 0.0643389 0.0497413 0.0363477 0.0461218 0.0317299 0.0466073 0.0449202 0.0246176 0.0398474 0.0447875 0.0484758 0.0357345 0.0270279 0.0442593 0.0407014 0.0290511 0.0270871 0.0621133 0.0442196 0.0454689 0.0380232 0.0274969 0.0324413 0.0512826 0.0454850 0.0308529 0.0424404 0.0492478 0.0481463 0.0471462 0.0311995 0.0291594 0.0453693 0.0279706 0.0271464 0.0274794 0.0374675 0.0403250 0.0392325 0.0397607 0.0256116 0.0234657 0.0464374 0.0606120 0.0356262 0.0341170 0.0330919 0.0249270 0.0441499 0.0339988 0.0434763 0.0449096 0.0238761 0.0274071 0.0268448 0.0384107 0.0336110 0.0490648 0.0281075 0.0261886 0.0328507 0.0399718 0.0607378 0.0392825 0.0568907 0.0289781 0.0232282 0.0486034 0.0412987 0.0272690 0.0484128 0.0380490 0.0264505 0.0291217 0.0256299 0.0364585 0.0343804 0.0482428 0.0258202 0.0508110 0.0292712 0.0331437 0.0374054 0.0472290 0.0509424 0.0331439 0.0536136 0.0309477 0.0342969 0.0242060 0.0269956 0.0236515 0.0369049 0.0279911 0.0410081 0.0311829 0.0262110 0.0412055 0.0545881 0.0433122 0.0464094 0.0236928 0.0274742 0.0298533 0.0270708 0.0261305 0.0441055 0.0437207 0.0376666 0.0486103 0.0293892 0.0394335 0.0485734 0.0288273 0.0707427 0.0277710 0.0359399 0.0274490 0.0473723 0.0454622 0.0531385 0.0251986 0.0242802 0.0500298 0.0273559 0.0564562 0.0445706 0.0516111 0.0506909 0.0362304 0.0329255 0.0475155 
I0193_447_Columbidae_Treron_calvus                        0.0415827 0.0427870 0.0432172 0.0502262 0.0419863 0.0467737 0.0358286 0.0000000 0.0534381 0.0536725 0.0336680 0.0486812 0.0421933 0.0431237 0.0502958 0.0345391 0.0217164 0.0515352 0.0303280 0.0516471 0.0334883 0.0325181 0.0340047 0.0302172 0.0156083 0.0327356 0.0501053 0.0549670 0.0538700 0.0329698 0.0486521 0.0470075 0.0465233 0.0149592 0.0498367 0.0524911 0.0492763 0.0633612 0.0514670 0.0480742 0.0676195 0.0539732 0.0411652 0.0503418 0.0365198 0.0510743 0.0471798 0.0311375 0.0447452 0.0479710 0.0526672 0.0129501 0.0331948 0.0476843 0.0456184 0.0345590 0.0332275 0.0649201 0.0476807 0.0477141 0.0431970 0.0328941 0.0374092 0.0548162 0.0487189 0.0358202 0.0480367 0.0550559 0.0523509 0.0500189 0.0369180 0.0350500 0.0516777 0.0241456 0.0337337 0.0326069 0.0426960 0.0440877 0.0429575 0.0445144 0.0318626 0.0302189 0.0492842 0.0634933 0.0386251 0.0395532 0.0388305 0.0306295 0.0481927 0.0394471 0.0462600 0.0505357 0.0302024 0.0326655 0.0331084 0.0421175 0.0385276 0.0528564 0.0343278 0.0320597 0.0376162 0.0450546 0.0633100 0.0449094 0.0608917 0.0344517 0.0292316 0.0536887 0.0456548 0.0338982 0.0539861 0.0429328 0.0314375 0.0354206 0.0317657 0.0419442 0.0400199 0.0537994 0.0321390 0.0544200 0.0345545 0.0376667 0.0430616 0.0529018 0.0557127 0.0381961 0.0567162 0.0359830 0.0385440 0.0302454 0.0327968 0.0308704 0.0428060 0.0337500 0.0467612 0.0361533 0.0318614 0.0462908 0.0594704 0.0465264 0.0490732 0.0289769 0.0342555 0.0346882 0.0345053 0.0312170 0.0488953 0.0493423 0.0429971 0.0525073 0.0331789 0.0447588 0.0515589 0.0340586 0.0732437 0.0335277 0.0124193 0.0331188 0.0511947 0.0486959 0.0569463 0.0312376 0.0309524 0.0546232 0.0325164 0.0583121 0.0475477 0.0542197 0.0540200 0.0397893 0.0384887 0.0522152 
I0194_495_Alcedinidae_Alcedo_quadribrachys                0.0456806 0.0552596 0.0573034 0.0616049 0.0550376 0.0587236 0.0516044 0.0534381 0.0000000 0.0643837 0.0495056 0.0604816 0.0553441 0.0513504 0.0625192 0.0502874 0.0409768 0.0610417 0.0474899 0.0610171 0.0502829 0.0478926 0.0501124 0.0459752 0.0558642 0.0487083 0.0619209 0.0653892 0.0643851 0.0475843 0.0603703 0.0590715 0.0596345 0.0548775 0.0616107 0.0680331 0.0599088 0.0787631 0.0625699 0.0590316 0.0824316 0.0631751 0.0467320 0.0654006 0.0516174 0.0616858 0.0585121 0.0471362 0.0598127 0.0587389 0.0639022 0.0544012 0.0490365 0.0571207 0.0594234 0.0498015 0.0478677 0.0803965 0.0584660 0.0642894 0.0592771 0.0489276 0.0531825 0.0693910 0.0647642 0.0509678 0.0603140 0.0700148 0.0619899 0.0608929 0.0535020 0.0497313 0.0612566 0.0418258 0.0476810 0.0484409 0.0568868 0.0395982 0.0542990 0.0560638 0.0473763 0.0453806 0.0614423 0.0790939 0.0544231 0.0550999 0.0544372 0.0476546 0.0641209 0.0486731 0.0626844 0.0605648 0.0462472 0.0486241 0.0481062 0.0587710 0.0477774 0.0642669 0.0486994 0.0481933 0.0539882 0.0596248 0.0763331 0.0612797 0.0754770 0.0507999 0.0451534 0.0626055 0.0594664 0.0496435 0.0690134 0.0582032 0.0480709 0.0501422 0.0480199 0.0549978 0.0552764 0.0678419 0.0475231 0.0653205 0.0505094 0.0528669 0.0562037 0.0624456 0.0704651 0.0542032 0.0669720 0.0517404 0.0533861 0.0480496 0.0486374 0.0484886 0.0561490 0.0496394 0.0600600 0.0528353 0.0491503 0.0595535 0.0743860 0.0587539 0.0601122 0.0464542 0.0495254 0.0509560 0.0502474 0.0462208 0.0643619 0.0650238 0.0560105 0.0686943 0.0495470 0.0570940 0.0620133 0.0493705 0.0876051 0.0491623 0.0536509 0.0495204 0.0618514 0.0607692 0.0710089 0.0475747 0.0483108 0.0699339 0.0482477 0.0681701 0.0599642 0.0663150 0.0655832 0.0543861 0.0523737 0.0634652 
I0195_522_Ramphastidae_Buccanodon_duchaillui              0.0515733 0.0520796 0.0549932 0.0603434 0.0515664 0.0297175 0.0481909 0.0536725 0.0643837 0.0000000 0.0471834 0.0596238 0.0518377 0.0540158 0.0603200 0.0491072 0.0382809 0.0609615 0.0439455 0.0613792 0.0478736 0.0431647 0.0464856 0.0431905 0.0554106 0.0458285 0.0313895 0.0657274 0.0640918 0.0433751 0.0603791 0.0573656 0.0570983 0.0545114 0.0602561 0.0656609 0.0589053 0.0733544 0.0619344 0.0585952 0.0834020 0.0600863 0.0473821 0.0598933 0.0471675 0.0602451 0.0590168 0.0441638 0.0562971 0.0588042 0.0630901 0.0527856 0.0463530 0.0598502 0.0569215 0.0462452 0.0458790 0.0759190 0.0594782 0.0628401 0.0556371 0.0451389 0.0501063 0.0675997 0.0622861 0.0467711 0.0299861 0.0680538 0.0606003 0.0603752 0.0477432 0.0462275 0.0236282 0.0396329 0.0447750 0.0459607 0.0528682 0.0540517 0.0507088 0.0514563 0.0443209 0.0417440 0.0593586 0.0736819 0.0511732 0.0504472 0.0505527 0.0442563 0.0615144 0.0483424 0.0596781 0.0214577 0.0433956 0.0459949 0.0445151 0.0534045 0.0470179 0.0603367 0.0432240 0.0450716 0.0510387 0.0561199 0.0738342 0.0566294 0.0710449 0.0469270 0.0421281 0.0624854 0.0550430 0.0466364 0.0665784 0.0542222 0.0446155 0.0456217 0.0450904 0.0540908 0.0508443 0.0659572 0.0440051 0.0627530 0.0479586 0.0509417 0.0558731 0.0243666 0.0649747 0.0497322 0.0673807 0.0496899 0.0524005 0.0436647 0.0457250 0.0444464 0.0516693 0.0472687 0.0563489 0.0491815 0.0465681 0.0556275 0.0727776 0.0581821 0.0602440 0.0437518 0.0452397 0.0479415 0.0457257 0.0447122 0.0600519 0.0578630 0.0517814 0.0655407 0.0482066 0.0535966 0.0619457 0.0482292 0.0870097 0.0462750 0.0538156 0.0476287 0.0606400 0.0603435 0.0693241 0.0434888 0.0437879 0.0682340 0.0464810 0.0675859 0.0597547 0.0654562 0.0639199 0.0538528 0.0488082 0.0640576 
I0196_523_Musophagidae_Corythaeola_cristata               0.0349852 0.0361062 0.0350205 0.0448249 0.0347627 0.0396174 0.0159527 0.0336680 0.0495056 0.0471834 0.0000000 0.0438421 0.0348161 0.0360645 0.0456576 0.0280566 0.0176679 0.0463779 0.0222277 0.0459205 0.0258795 0.0237784 0.0254409 0.0213311 0.0353927 0.0249708 0.0420417 0.0494574 0.0499443 0.0236432 0.0443169 0.0410718 0.0402274 0.0348548 0.0446854 0.0460827 0.0426945 0.0569905 0.0466986 0.0429844 0.0625238 0.0470803 0.0334754 0.0434025 0.0288259 0.0446615 0.0420407 0.0215969 0.0378307 0.0425050 0.0465000 0.0336318 0.0236925 0.0414738 0.0377361 0.0262058 0.0239160 0.0599938 0.0416176 0.0415889 0.0357898 0.0243763 0.0300366 0.0488503 0.0422683 0.0275937 0.0407086 0.0465464 0.0460144 0.0456585 0.0277651 0.0259967 0.0440505 0.0260627 0.0237732 0.0248359 0.0357979 0.0382816 0.0371460 0.0374833 0.0223934 0.0205921 0.0441315 0.0582093 0.0335749 0.0324381 0.0301190 0.0218254 0.0400368 0.0316530 0.0397222 0.0432316 0.0207921 0.0242281 0.0241395 0.0360579 0.0322169 0.0465248 0.0254380 0.0233458 0.0299197 0.0383674 0.0579789 0.0366271 0.0538977 0.0259204 0.0202087 0.0474780 0.0382885 0.0241626 0.0461873 0.0358906 0.0226242 0.0255760 0.0224334 0.0338661 0.0325781 0.0461675 0.0226551 0.0489818 0.0267451 0.0298164 0.0343911 0.0457073 0.0480961 0.0291305 0.0521323 0.0285521 0.0328075 0.0208024 0.0234634 0.0214973 0.0344029 0.0257605 0.0385145 0.0282358 0.0236568 0.0382511 0.0525972 0.0418192 0.0439942 0.0205115 0.0244168 0.0255639 0.0245434 0.0233543 0.0411680 0.0410446 0.0350469 0.0464167 0.0268852 0.0373155 0.0470284 0.0269229 0.0684286 0.0242564 0.0332311 0.0241114 0.0463269 0.0442154 0.0508141 0.0212830 0.0210954 0.0468582 0.0247043 0.0540304 0.0435899 0.0503201 0.0491586 0.0336642 0.0311065 0.0472837 
I0197_832_Corvidae_Corvus_albus                           0.0511391 0.0503541 0.0508155 0.0379857 0.0499576 0.0551869 0.0457542 0.0486812 0.0604816 0.0596238 0.0438421 0.0000000 0.0507595 0.0489298 0.0374444 0.0442338 0.0358789 0.0375485 0.0413924 0.0374035 0.0449272 0.0411676 0.0452304 0.0400527 0.0509070 0.0431554 0.0558109 0.0251013 0.0232547 0.0410463 0.0355531 0.0340728 0.0541193 0.0500048 0.0364528 0.0604497 0.0358479 0.0704004 0.0378640 0.0351570 0.0745556 0.0604351 0.0476835 0.0590104 0.0447650 0.0362814 0.0339146 0.0410485 0.0537792 0.0343647 0.0378121 0.0484913 0.0425321 0.0369285 0.0518329 0.0432276 0.0414072 0.0734312 0.0340814 0.0564025 0.0516610 0.0431738 0.0461834 0.0629648 0.0578861 0.0455998 0.0552548 0.0634001 0.0381796 0.0371732 0.0471035 0.0432758 0.0569180 0.0389655 0.0427478 0.0430944 0.0513631 0.0514922 0.0513149 0.0507643 0.0416790 0.0401162 0.0563267 0.0710110 0.0490405 0.0482221 0.0488215 0.0413110 0.0569452 0.0478639 0.0554253 0.0567497 0.0406892 0.0424993 0.0421589 0.0522699 0.0457825 0.0591324 0.0422554 0.0421568 0.0476209 0.0530469 0.0715764 0.0543647 0.0681827 0.0447706 0.0390991 0.0387433 0.0548002 0.0429404 0.0616228 0.0520824 0.0420695 0.0452565 0.0414663 0.0494138 0.0489648 0.0608296 0.0414255 0.0624753 0.0451856 0.0468369 0.0515500 0.0585078 0.0643599 0.0487602 0.0431918 0.0474812 0.0483243 0.0405076 0.0432133 0.0412979 0.0498640 0.0437709 0.0541404 0.0473304 0.0422464 0.0542351 0.0674874 0.0233360 0.0359412 0.0404988 0.0443676 0.0444876 0.0431107 0.0419644 0.0576019 0.0578146 0.0504172 0.0606803 0.0431465 0.0524486 0.0376087 0.0437630 0.0815025 0.0439247 0.0491856 0.0434505 0.0368405 0.0227087 0.0654943 0.0410867 0.0412527 0.0632473 0.0430821 0.0270109 0.0111729 0.0251116 0.0248831 0.0497977 0.0478275 0.0424514 
I0198_937_Bucerotidae_Tockus_camurus                      0.0405965 0.0424590 0.0443793 0.0515644 0.0418271 0.0458274 0.0372635 0.0421933 0.0553441 0.0518377 0.0348161 0.0507595 0.0000000 0.0424509 0.0533400 0.0367123 0.0263004 0.0549191 0.0320334 0.0548414 0.0342552 0.0327324 0.0341739 0.0309491 0.0436757 0.0337065 0.0478722 0.0566699 0.0564397 0.0322334 0.0522807 0.0492123 0.0491386 0.0426431 0.0527551 0.0540633 0.0520243 0.0637172 0.0554003 0.0517008 0.0698485 0.0488074 0.0389708 0.0522607 0.0363602 0.0526150 0.0512568 0.0316414 0.0447051 0.0518679 0.0551059 0.0417082 0.0327303 0.0513944 0.0473553 0.0343679 0.0337193 0.0677286 0.0506529 0.0495826 0.0443108 0.0340688 0.0399544 0.0567063 0.0501533 0.0369790 0.0458237 0.0550757 0.0530123 0.0535628 0.0383666 0.0343960 0.0497273 0.0318653 0.0325247 0.0336875 0.0419895 0.0435631 0.0424301 0.0429510 0.0314013 0.0293548 0.0526830 0.0652235 0.0408846 0.0395724 0.0392794 0.0312382 0.0492059 0.0370775 0.0476994 0.0490008 0.0311005 0.0331222 0.0324407 0.0450287 0.0379685 0.0544617 0.0327069 0.0324150 0.0385271 0.0445422 0.0648110 0.0450121 0.0612002 0.0350671 0.0300556 0.0556143 0.0462847 0.0335690 0.0535546 0.0434619 0.0327403 0.0342663 0.0323383 0.0429528 0.0405475 0.0526499 0.0322779 0.0514827 0.0348211 0.0399695 0.0445647 0.0503364 0.0559749 0.0389525 0.0591344 0.0375025 0.0403332 0.0314404 0.0334031 0.0319241 0.0431712 0.0338692 0.0474035 0.0378452 0.0331741 0.0469992 0.0599741 0.0493342 0.0532764 0.0299098 0.0343909 0.0357933 0.0333223 0.0325399 0.0487374 0.0499631 0.0430299 0.0541341 0.0358696 0.0455295 0.0544194 0.0351692 0.0758301 0.0339208 0.0415427 0.0336739 0.0527396 0.0510903 0.0579130 0.0316185 0.0311978 0.0549324 0.0337433 0.0619905 0.0504981 0.0582362 0.0560056 0.0414451 0.0169828 0.0542942 
I0199_955_Meropidae_Merops_muelleri                       0.0395912 0.0425750 0.0449731 0.0517759 0.0417759 0.0480705 0.0389954 0.0431237 0.0513504 0.0540158 0.0360645 0.0489298 0.0424509 0.0000000 0.0520796 0.0390941 0.0281052 0.0504016 0.0337098 0.0508975 0.0370676 0.0341344 0.0367809 0.0338476 0.0458342 0.0358120 0.0501269 0.0553833 0.0558066 0.0345478 0.0492364 0.0488148 0.0480845 0.0446452 0.0516909 0.0552839 0.0497325 0.0664437 0.0516952 0.0486372 0.0701080 0.0538914 0.0373077 0.0530811 0.0394213 0.0521858 0.0481140 0.0332377 0.0478505 0.0481673 0.0542403 0.0436255 0.0356706 0.0475742 0.0473487 0.0372009 0.0361920 0.0692539 0.0471502 0.0520163 0.0466851 0.0356210 0.0410163 0.0576547 0.0521471 0.0392089 0.0489583 0.0581652 0.0536577 0.0510852 0.0399658 0.0371216 0.0515016 0.0326593 0.0348631 0.0360963 0.0449723 0.0417097 0.0439487 0.0445874 0.0340503 0.0313696 0.0508485 0.0676561 0.0429698 0.0416550 0.0424415 0.0339632 0.0512078 0.0355824 0.0496032 0.0511060 0.0328173 0.0355562 0.0353428 0.0475682 0.0341245 0.0553475 0.0356986 0.0348107 0.0408175 0.0470723 0.0665588 0.0483634 0.0631558 0.0380027 0.0322071 0.0535100 0.0489568 0.0359822 0.0574379 0.0455466 0.0346085 0.0376869 0.0345718 0.0436315 0.0428838 0.0566121 0.0344914 0.0553612 0.0384367 0.0406520 0.0448355 0.0528341 0.0590699 0.0407798 0.0572055 0.0401452 0.0419253 0.0331873 0.0362867 0.0333139 0.0445155 0.0368997 0.0478278 0.0400134 0.0343914 0.0476322 0.0626665 0.0486952 0.0500437 0.0320526 0.0365414 0.0378243 0.0359041 0.0331503 0.0518516 0.0528406 0.0447639 0.0555349 0.0377180 0.0461545 0.0518799 0.0380368 0.0760291 0.0359301 0.0429769 0.0360094 0.0512202 0.0498251 0.0602892 0.0339054 0.0341858 0.0582646 0.0353305 0.0595034 0.0494399 0.0554444 0.0549874 0.0435951 0.0387868 0.0528382 
I0200_988_Furnariidae_Furnarius_rufus                     0.0521823 0.0524333 0.0528299 0.0344871 0.0516009 0.0571102 0.0471254 0.0502958 0.0625192 0.0603200 0.0456576 0.0374444 0.0533400 0.0520796 0.0000000 0.0461086 0.0375758 0.0301001 0.0429295 0.0296230 0.0474114 0.0434317 0.0463335 0.0417903 0.0523864 0.0448122 0.0581341 0.0429699 0.0425887 0.0429124 0.0287408 0.0274881 0.0551606 0.0518283 0.0134390 0.0622226 0.0286650 0.0720734 0.0314883 0.0279051 0.0773584 0.0629741 0.0504051 0.0593048 0.0472105 0.0246048 0.0276439 0.0425858 0.0547921 0.0275242 0.0127351 0.0499599 0.0451282 0.0316408 0.0546568 0.0451866 0.0435182 0.0739997 0.0273676 0.0590381 0.0539214 0.0440733 0.0477530 0.0640106 0.0600192 0.0475006 0.0573385 0.0674806 0.0259591 0.0293046 0.0477536 0.0452135 0.0573494 0.0400734 0.0447605 0.0460275 0.0527264 0.0532398 0.0526129 0.0523212 0.0434221 0.0413129 0.0580950 0.0730812 0.0512625 0.0500744 0.0494380 0.0424625 0.0592593 0.0488034 0.0569803 0.0578742 0.0425603 0.0448212 0.0439443 0.0534460 0.0469190 0.0583676 0.0442691 0.0442338 0.0490190 0.0542733 0.0726850 0.0558618 0.0690411 0.0460728 0.0410393 0.0241760 0.0553697 0.0453142 0.0657156 0.0534897 0.0435345 0.0467270 0.0433381 0.0525679 0.0509233 0.0645327 0.0439314 0.0661274 0.0478961 0.0496008 0.0530339 0.0593129 0.0669012 0.0498947 0.0390904 0.0491086 0.0505463 0.0426329 0.0449543 0.0432994 0.0523458 0.0462551 0.0552594 0.0485790 0.0441728 0.0545412 0.0703064 0.0343228 0.0293278 0.0424521 0.0448054 0.0471178 0.0457561 0.0430778 0.0597991 0.0601321 0.0512184 0.0628146 0.0461412 0.0529458 0.0228354 0.0462371 0.0839487 0.0454007 0.0507934 0.0437859 0.0325736 0.0350898 0.0662237 0.0427001 0.0426830 0.0658010 0.0444682 0.0433726 0.0367495 0.0424664 0.0422772 0.0517815 0.0504290 0.0420229 
I0201_999_Scolopacidae_Tringa_solitaria                   0.0376619 0.0379984 0.0378274 0.0452486 0.0367810 0.0427826 0.0303337 0.0345391 0.0502874 0.0491072 0.0280566 0.0442338 0.0367123 0.0390941 0.0461086 0.0000000 0.0207291 0.0476484 0.0253097 0.0477453 0.0214033 0.0275960 0.0240987 0.0244034 0.0363352 0.0231803 0.0443857 0.0504928 0.0498773 0.0266355 0.0455721 0.0420627 0.0409330 0.0356771 0.0457819 0.0490420 0.0446467 0.0595925 0.0475943 0.0446925 0.0633833 0.0499069 0.0360517 0.0444629 0.0316357 0.0460871 0.0437684 0.0245503 0.0409012 0.0439411 0.0475599 0.0346179 0.0271277 0.0431286 0.0401277 0.0286898 0.0272411 0.0622915 0.0438956 0.0445663 0.0385773 0.0264860 0.0328714 0.0511417 0.0445819 0.0310104 0.0438871 0.0496005 0.0473594 0.0460847 0.0316768 0.0290172 0.0457518 0.0266017 0.0272929 0.0213096 0.0388776 0.0388938 0.0388517 0.0395612 0.0255556 0.0238970 0.0446318 0.0604688 0.0220485 0.0360676 0.0331706 0.0249844 0.0431755 0.0341241 0.0422560 0.0453060 0.0236698 0.0233911 0.0269304 0.0366571 0.0345696 0.0487142 0.0290716 0.0224779 0.0327822 0.0420418 0.0602482 0.0397171 0.0562136 0.0295330 0.0238867 0.0487939 0.0413811 0.0272242 0.0495563 0.0397299 0.0255211 0.0292063 0.0256786 0.0361876 0.0368001 0.0482275 0.0260311 0.0503338 0.0235330 0.0325725 0.0372299 0.0470274 0.0505214 0.0327980 0.0518505 0.0257864 0.0209337 0.0246466 0.0271005 0.0242573 0.0370043 0.0222733 0.0410150 0.0315518 0.0257112 0.0403296 0.0551217 0.0425102 0.0454397 0.0231379 0.0273207 0.0289400 0.0274054 0.0260730 0.0424858 0.0435516 0.0367618 0.0495284 0.0087569 0.0393076 0.0470449 0.0103833 0.0688728 0.0283357 0.0346129 0.0286076 0.0475134 0.0445556 0.0527302 0.0250655 0.0246487 0.0498279 0.0277719 0.0552187 0.0444120 0.0509548 0.0504381 0.0222631 0.0331037 0.0463630 
I0202_1066_Cathartidae_Cathartes_burrovianus              0.0271685 0.0280890 0.0284318 0.0363426 0.0275976 0.0314339 0.0203509 0.0217164 0.0409768 0.0382809 0.0176679 0.0358789 0.0263004 0.0281052 0.0375758 0.0207291 0.0000000 0.0387540 0.0151459 0.0385643 0.0177798 0.0163782 0.0173260 0.0142151 0.0258085 0.0180424 0.0338630 0.0415864 0.0417400 0.0158816 0.0357592 0.0331732 0.0336180 0.0248740 0.0369156 0.0380861 0.0359472 0.0492803 0.0389009 0.0351245 0.0540023 0.0388051 0.0259499 0.0358158 0.0207706 0.0372678 0.0349027 0.0147681 0.0298304 0.0350968 0.0390956 0.0238937 0.0167803 0.0349866 0.0314757 0.0182027 0.0176598 0.0519084 0.0345702 0.0340650 0.0282003 0.0174499 0.0233841 0.0413572 0.0344894 0.0213805 0.0327731 0.0390975 0.0382245 0.0373191 0.0216841 0.0183417 0.0360998 0.0182681 0.0157180 0.0175396 0.0270252 0.0297355 0.0286255 0.0292227 0.0150362 0.0033767 0.0374730 0.0494155 0.0261365 0.0251552 0.0236746 0.0147266 0.0326210 0.0237508 0.0321988 0.0353455 0.0141384 0.0171176 0.0159783 0.0290616 0.0241580 0.0393134 0.0179536 0.0164002 0.0225254 0.0299884 0.0495140 0.0292914 0.0460294 0.0187296 0.0132398 0.0399333 0.0304455 0.0172424 0.0382874 0.0279442 0.0152115 0.0176135 0.0154460 0.0275043 0.0247591 0.0382035 0.0160290 0.0403594 0.0198086 0.0236315 0.0274962 0.0382584 0.0408158 0.0229724 0.0434019 0.0213427 0.0251514 0.0141321 0.0169141 0.0139607 0.0272612 0.0182893 0.0306765 0.0215679 0.0162522 0.0307323 0.0444313 0.0338517 0.0363272 0.0127303 0.0178564 0.0190674 0.0170854 0.0154662 0.0327990 0.0337858 0.0275090 0.0384032 0.0195721 0.0293714 0.0387564 0.0199912 0.0603015 0.0177336 0.0232290 0.0177395 0.0376791 0.0356540 0.0431222 0.0149009 0.0145126 0.0397429 0.0157284 0.0468314 0.0354842 0.0425988 0.0406914 0.0260203 0.0224361 0.0377237 
I0203_1087_Tyrannidae_Hymenops_perspicillatus             0.0511074 0.0517483 0.0548078 0.0336452 0.0507425 0.0575758 0.0487155 0.0515352 0.0610417 0.0609615 0.0463779 0.0375485 0.0549191 0.0504016 0.0301001 0.0476484 0.0387540 0.0000000 0.0435343 0.0095941 0.0473282 0.0444952 0.0482639 0.0429630 0.0529723 0.0455877 0.0581038 0.0412685 0.0404876 0.0436173 0.0174099 0.0157880 0.0562499 0.0517822 0.0290230 0.0636793 0.0161017 0.0744051 0.0167022 0.0164357 0.0782526 0.0640950 0.0506246 0.0608462 0.0484727 0.0289023 0.0162409 0.0433921 0.0550986 0.0157950 0.0298312 0.0506039 0.0457704 0.0116060 0.0545638 0.0463713 0.0451331 0.0768563 0.0160835 0.0601417 0.0557467 0.0455276 0.0479745 0.0651519 0.0608215 0.0492450 0.0579012 0.0677196 0.0298716 0.0172712 0.0493141 0.0463652 0.0573787 0.0417061 0.0460563 0.0465939 0.0523112 0.0543616 0.0538774 0.0539482 0.0443014 0.0430369 0.0583784 0.0743116 0.0519940 0.0498071 0.0495927 0.0438994 0.0604478 0.0500874 0.0586134 0.0576402 0.0427278 0.0455500 0.0440295 0.0530844 0.0481537 0.0573276 0.0464096 0.0458149 0.0505425 0.0539155 0.0734869 0.0583886 0.0709420 0.0474462 0.0422115 0.0301199 0.0553374 0.0457652 0.0664658 0.0532552 0.0449608 0.0474770 0.0442158 0.0535904 0.0506110 0.0660168 0.0448259 0.0672437 0.0486583 0.0502548 0.0543634 0.0590226 0.0667973 0.0517909 0.0376133 0.0501868 0.0499435 0.0433771 0.0445858 0.0438216 0.0523388 0.0474144 0.0544735 0.0501468 0.0457378 0.0547857 0.0724386 0.0351165 0.0179148 0.0426095 0.0458989 0.0474968 0.0462199 0.0447352 0.0602655 0.0603867 0.0518925 0.0649109 0.0462193 0.0532895 0.0302035 0.0469609 0.0843745 0.0456007 0.0514935 0.0459885 0.0327436 0.0361157 0.0672843 0.0450135 0.0442543 0.0670744 0.0464283 0.0413859 0.0363099 0.0415627 0.0421221 0.0531703 0.0508211 0.0415889 
I0204_1174_Threskiornithidae_Harpiprion_caerulescens      0.0330983 0.0346019 0.0336155 0.0414637 0.0336290 0.0379923 0.0254821 0.0303280 0.0474899 0.0439455 0.0222277 0.0413924 0.0320334 0.0337098 0.0429295 0.0253097 0.0151459 0.0435343 0.0000000 0.0439739 0.0218573 0.0218626 0.0219448 0.0167664 0.0320515 0.0218915 0.0397974 0.0469044 0.0461453 0.0209037 0.0419254 0.0387051 0.0378813 0.0316300 0.0421111 0.0434042 0.0417786 0.0544113 0.0444548 0.0407624 0.0597098 0.0445071 0.0314293 0.0402668 0.0256814 0.0426716 0.0403112 0.0164746 0.0357039 0.0404617 0.0444970 0.0305243 0.0185058 0.0392512 0.0360249 0.0234254 0.0221373 0.0575469 0.0401893 0.0392601 0.0319697 0.0186767 0.0267475 0.0466490 0.0393359 0.0251032 0.0387567 0.0438570 0.0435770 0.0429100 0.0264241 0.0233174 0.0417096 0.0229047 0.0207485 0.0218091 0.0327106 0.0351004 0.0350413 0.0349202 0.0166243 0.0174036 0.0416558 0.0548869 0.0301315 0.0303383 0.0272096 0.0175464 0.0369935 0.0294083 0.0371447 0.0410160 0.0184605 0.0210158 0.0211972 0.0337940 0.0297806 0.0448843 0.0236435 0.0206788 0.0270762 0.0359061 0.0550726 0.0333675 0.0513026 0.0228426 0.0156145 0.0453352 0.0361587 0.0186455 0.0437170 0.0344348 0.0170845 0.0230858 0.0178284 0.0317666 0.0308369 0.0423827 0.0170890 0.0460173 0.0239565 0.0280055 0.0317080 0.0434396 0.0466478 0.0267520 0.0487790 0.0248521 0.0295196 0.0166838 0.0215575 0.0164361 0.0333484 0.0227058 0.0372129 0.0257302 0.0188100 0.0369702 0.0495007 0.0390593 0.0417947 0.0158360 0.0192305 0.0241499 0.0194671 0.0207349 0.0374167 0.0385274 0.0327661 0.0437267 0.0242144 0.0344152 0.0436296 0.0239727 0.0652441 0.0226499 0.0303808 0.0213719 0.0430423 0.0409038 0.0476397 0.0180386 0.0171459 0.0448832 0.0220199 0.0519678 0.0410321 0.0475284 0.0461858 0.0308815 0.0282763 0.0430405 
I0205_1183_Tyrannidae_Hirundinea_ferruginea               0.0520658 0.0518737 0.0548485 0.0335349 0.0507273 0.0580697 0.0485526 0.0516471 0.0610171 0.0613792 0.0459205 0.0374035 0.0548414 0.0508975 0.0296230 0.0477453 0.0385643 0.0095941 0.0439739 0.0000000 0.0471405 0.0448458 0.0479336 0.0431878 0.0533197 0.0457701 0.0590373 0.0411271 0.0404418 0.0434862 0.0167509 0.0156724 0.0566131 0.0523482 0.0289418 0.0639193 0.0154009 0.0744622 0.0160182 0.0161250 0.0800813 0.0650126 0.0514935 0.0611323 0.0486659 0.0286909 0.0156459 0.0432544 0.0555108 0.0152619 0.0300643 0.0511891 0.0458758 0.0136690 0.0541583 0.0465006 0.0452317 0.0764256 0.0151575 0.0600657 0.0558030 0.0454567 0.0484695 0.0649568 0.0608972 0.0489674 0.0582101 0.0687936 0.0295483 0.0165599 0.0495312 0.0466590 0.0573749 0.0426557 0.0458137 0.0464731 0.0530216 0.0548640 0.0538486 0.0546533 0.0450794 0.0430326 0.0588304 0.0755830 0.0519876 0.0505945 0.0499286 0.0439896 0.0602050 0.0508754 0.0587630 0.0580528 0.0432590 0.0457826 0.0445089 0.0530291 0.0485666 0.0588200 0.0469926 0.0456683 0.0501578 0.0547800 0.0737108 0.0579868 0.0711743 0.0471064 0.0422146 0.0302076 0.0552275 0.0461768 0.0678272 0.0538691 0.0445814 0.0476190 0.0444964 0.0539433 0.0515999 0.0681275 0.0449205 0.0673076 0.0483873 0.0494204 0.0541613 0.0594935 0.0662080 0.0515983 0.0377011 0.0503887 0.0501768 0.0437096 0.0448800 0.0443299 0.0535618 0.0471598 0.0560777 0.0501852 0.0461344 0.0557426 0.0733851 0.0343448 0.0169875 0.0430990 0.0459642 0.0474143 0.0465452 0.0452998 0.0605618 0.0613289 0.0524158 0.0649174 0.0463920 0.0530734 0.0300204 0.0471462 0.0858752 0.0459199 0.0519614 0.0459444 0.0325113 0.0363966 0.0675270 0.0450502 0.0442267 0.0688377 0.0469552 0.0428017 0.0363744 0.0416499 0.0417842 0.0529116 0.0510386 0.0419278 
I0206_1192_Laridae_Chroicocephalus_cirrocephalus          0.0352465 0.0357647 0.0360938 0.0451303 0.0351669 0.0407214 0.0281232 0.0334883 0.0502829 0.0478736 0.0258795 0.0449272 0.0342552 0.0370676 0.0474114 0.0214033 0.0177798 0.0473282 0.0218573 0.0471405 0.0000000 0.0247958 0.0209574 0.0219172 0.0345955 0.0209609 0.0433590 0.0497005 0.0506958 0.0240669 0.0441730 0.0424015 0.0408072 0.0343141 0.0462376 0.0474654 0.0449175 0.0575677 0.0481054 0.0446221 0.0632097 0.0472239 0.0339832 0.0433184 0.0283097 0.0464915 0.0438539 0.0211363 0.0379200 0.0435913 0.0480564 0.0331068 0.0240954 0.0424516 0.0390041 0.0259521 0.0250690 0.0618943 0.0436570 0.0425474 0.0358788 0.0237819 0.0303543 0.0501280 0.0429115 0.0285074 0.0423898 0.0476806 0.0480297 0.0459924 0.0292197 0.0259327 0.0449112 0.0251929 0.0240052 0.0069751 0.0359879 0.0373715 0.0372847 0.0382446 0.0226456 0.0205355 0.0442780 0.0605829 0.0265618 0.0335804 0.0315394 0.0218922 0.0412418 0.0316739 0.0405864 0.0432213 0.0215963 0.0201447 0.0241343 0.0372169 0.0327877 0.0487183 0.0260997 0.0191940 0.0305525 0.0385496 0.0594270 0.0368849 0.0554785 0.0266069 0.0209106 0.0491640 0.0392548 0.0238401 0.0472731 0.0365942 0.0225965 0.0260860 0.0221957 0.0345747 0.0335759 0.0461808 0.0231661 0.0487906 0.0092372 0.0310172 0.0353578 0.0462073 0.0500843 0.0305305 0.0527088 0.0161299 0.0270842 0.0209616 0.0247711 0.0208468 0.0346606 0.0095845 0.0398781 0.0285396 0.0234397 0.0390652 0.0525839 0.0419533 0.0454146 0.0204406 0.0252150 0.0271476 0.0244228 0.0243129 0.0415267 0.0426055 0.0356569 0.0479829 0.0203533 0.0368026 0.0476424 0.0207765 0.0695883 0.0260312 0.0328560 0.0244525 0.0478399 0.0448022 0.0522313 0.0226189 0.0216897 0.0476243 0.0258007 0.0555005 0.0451068 0.0510796 0.0496511 0.0271987 0.0312072 0.0462612 
I0208_1208_Strigidae_Strix_varia                          0.0333200 0.0347673 0.0351461 0.0428666 0.0340490 0.0373100 0.0276799 0.0325181 0.0478926 0.0431647 0.0237784 0.0411676 0.0327324 0.0341344 0.0434317 0.0275960 0.0163782 0.0444952 0.0218626 0.0448458 0.0247958 0.0000000 0.0230500 0.0208410 0.0347454 0.0239351 0.0395982 0.0470509 0.0470692 0.0222624 0.0417148 0.0390185 0.0388358 0.0341470 0.0430631 0.0445989 0.0420872 0.0563276 0.0452853 0.0412919 0.0611804 0.0450385 0.0317440 0.0417141 0.0269216 0.0435863 0.0404923 0.0206773 0.0360753 0.0410001 0.0454282 0.0330928 0.0229000 0.0409032 0.0378550 0.0241915 0.0235819 0.0588940 0.0408366 0.0399618 0.0341095 0.0235428 0.0293829 0.0483240 0.0401930 0.0273020 0.0383594 0.0459495 0.0448113 0.0431972 0.0275952 0.0242705 0.0416888 0.0237278 0.0219006 0.0243899 0.0332166 0.0348842 0.0339631 0.0349657 0.0217723 0.0188780 0.0427679 0.0566499 0.0329205 0.0308023 0.0304564 0.0215087 0.0385307 0.0292922 0.0385402 0.0406549 0.0202547 0.0235494 0.0217331 0.0360452 0.0301337 0.0459461 0.0237857 0.0224536 0.0292135 0.0359913 0.0561023 0.0350200 0.0529530 0.0255038 0.0194377 0.0466795 0.0384767 0.0231898 0.0461256 0.0342788 0.0217850 0.0241680 0.0218482 0.0332781 0.0311843 0.0447673 0.0225026 0.0465367 0.0260242 0.0305295 0.0344882 0.0430480 0.0464160 0.0286240 0.0489422 0.0281367 0.0320328 0.0205621 0.0244242 0.0200889 0.0343089 0.0246113 0.0375619 0.0277361 0.0230659 0.0370927 0.0511541 0.0401807 0.0426363 0.0197004 0.0238851 0.0258392 0.0235039 0.0214442 0.0395100 0.0396042 0.0339877 0.0450328 0.0262863 0.0363905 0.0452110 0.0265241 0.0677105 0.0246864 0.0325342 0.0238797 0.0442779 0.0423600 0.0500187 0.0212509 0.0214288 0.0463088 0.0227596 0.0521894 0.0419157 0.0474951 0.0456513 0.0335692 0.0287920 0.0453754 
