35
Burramyidae_Burramys_parvus                  0.0000000 0.1424511 0.0883121 0.0891096 0.0871115 0.1639799 0.1241292 0.1295161 0.0860526 0.1521420 0.1124918 0.1469136 0.1590912 0.1218134 0.0976388 0.1457922 0.1562788 0.1504921 0.1465841 0.0959083 0.1669774 0.2252523 0.2175084 0.1528627 0.0980422 0.1298465 0.1177818 0.0897947 0.1427125 0.1057408 0.0973973 0.1652064 0.1585261 0.1590719 0.1536628 
Notoryctidae_Notoryctes_typhlops             0.1424511 0.0000000 0.0903228 0.0845399 0.0886586 0.1406957 0.1199910 0.1240264 0.0895300 0.1183781 0.1020184 0.1323547 0.1403481 0.1012555 0.0864444 0.1310401 0.1370444 0.1306847 0.1185947 0.0940285 0.1782498 0.2107634 0.2001448 0.1375697 0.0897147 0.0985828 0.1235566 0.0864143 0.1494054 0.1035156 0.1033597 0.1315120 0.1173961 0.1454304 0.1165845 
Vombatidae_Lasiorhinus_latifrons             0.0883121 0.0903228 0.0000000 0.0544534 0.0529198 0.1084020 0.0816332 0.0850749 0.0534932 0.1061694 0.0655686 0.0951595 0.1053158 0.0853839 0.0632654 0.0940738 0.1058076 0.1012697 0.0975492 0.0582827 0.1327598 0.1722546 0.1641722 0.0980050 0.0622964 0.0801845 0.0702706 0.0531354 0.1129118 0.0648109 0.0633279 0.1194978 0.1023420 0.1085734 0.1063394 
Potoroidae_Bettongia_penicillata             0.0891096 0.0845399 0.0544534 0.0000000 0.0035176 0.1193392 0.0761990 0.0795960 0.0090680 0.1009180 0.0701506 0.0985221 0.1076385 0.0761806 0.0514919 0.0983071 0.1146768 0.1041356 0.0908224 0.0155644 0.1249788 0.1713158 0.1662298 0.1098839 0.0312426 0.0868629 0.0743213 0.0115799 0.1146091 0.0657426 0.0654038 0.1148510 0.0971466 0.1162231 0.0993891 
Potoroidae_Bettongia_lesueur                 0.0871115 0.0886586 0.0529198 0.0035176 0.0000000 0.1189394 0.0768390 0.0802569 0.0081130 0.1061382 0.0711243 0.1001760 0.1083109 0.0768217 0.0530281 0.0999562 0.1142985 0.1038991 0.0966552 0.0160418 0.1268360 0.1783538 0.1677904 0.1108473 0.0300247 0.0848040 0.0760331 0.0105991 0.1174087 0.0646972 0.0661568 0.1130986 0.1020592 0.1158391 0.1053407 
Dasyuridae_Dasyurus_maculatus                0.1639799 0.1406957 0.1084020 0.1193392 0.1189394 0.0000000 0.1371481 0.1258283 0.1219462 0.1243814 0.1181160 0.0226747 0.0309276 0.1277424 0.1108521 0.0210160 0.0096025 0.0330133 0.1178079 0.1207449 0.2014772 0.2019220 0.1890308 0.0215147 0.1158460 0.1102501 0.1225444 0.1139134 0.1848436 0.1167874 0.1191586 0.1650562 0.1291890 0.0058249 0.1234115 
Phalangeridae_Trichosurus_vulpecula          0.1241292 0.1199910 0.0816332 0.0761990 0.0768390 0.1371481 0.0000000 0.0337639 0.0778765 0.1395767 0.0387137 0.1144343 0.1252583 0.0439273 0.0901987 0.1164193 0.1346697 0.1178308 0.1283983 0.0752191 0.1645810 0.1881617 0.1603137 0.1272019 0.0798130 0.1122070 0.0902844 0.0686229 0.1549983 0.0912961 0.0947884 0.0494254 0.1347231 0.1339349 0.1399671 
Phalangeridae_Spilocuscus_maculatus          0.1295161 0.1240264 0.0850749 0.0795960 0.0802569 0.1258283 0.0337639 0.0000000 0.0817789 0.1244671 0.0372648 0.1147627 0.1267497 0.0341422 0.0898424 0.1157747 0.1224411 0.1190681 0.1215666 0.0806690 0.1599369 0.2012976 0.1661563 0.1288509 0.0825075 0.1151793 0.0898839 0.0766178 0.1497942 0.0919417 0.0930769 0.0269427 0.1301145 0.1230927 0.1245624 
Potoroidae_Aepyprymnus_rufescens             0.0860526 0.0895300 0.0534932 0.0090680 0.0081130 0.1219462 0.0778765 0.0817789 0.0000000 0.1108047 0.0730098 0.1058807 0.1098562 0.0774283 0.0543133 0.1018266 0.1182273 0.1088753 0.1002183 0.0176182 0.1243832 0.1822627 0.1696853 0.1146919 0.0323566 0.0874512 0.0740849 0.0135628 0.1206567 0.0646419 0.0668025 0.1151596 0.1048706 0.1177318 0.1092304 
Peramelidae_Perameles_nasuta                 0.1521420 0.1183781 0.1061694 0.1009180 0.1061382 0.1243814 0.1395767 0.1244671 0.1108047 0.0000000 0.1306068 0.1215654 0.1277251 0.1238764 0.1061903 0.1235951 0.1223267 0.1370843 0.0149301 0.1095923 0.1999458 0.1912453 0.1854780 0.1307494 0.1215351 0.0997043 0.1405963 0.1042992 0.1740757 0.1132410 0.1216572 0.1627435 0.0204988 0.1278761 0.0012959 
Phalangeridae_Strigocuscus_pelengensis       0.1124918 0.1020184 0.0655686 0.0701506 0.0711243 0.1181160 0.0387137 0.0372648 0.0730098 0.1306068 0.0000000 0.0974186 0.1110502 0.0278759 0.0651529 0.0972181 0.1179659 0.0942267 0.1225687 0.0696248 0.1569930 0.1785428 0.1389108 0.1060638 0.0738549 0.0972240 0.0717838 0.0660586 0.1412280 0.0723908 0.0765206 0.0585133 0.1256209 0.1139863 0.1308698 
Dasyuridae_Phascogale_tapoatafa              0.1469136 0.1323547 0.0951595 0.0985221 0.1001760 0.0226747 0.1144343 0.1147627 0.1058807 0.1215654 0.0974186 0.0000000 0.0219413 0.1160807 0.0957534 0.0039583 0.0210077 0.0240746 0.1154714 0.1029412 0.1932512 0.1916740 0.1831590 0.0119163 0.1033612 0.1050158 0.1151622 0.1003989 0.1740490 0.1107692 0.1053401 0.1539611 0.1278825 0.0225838 0.1210019 
Dasyuridae_Sminthopsis_macroura              0.1590912 0.1403481 0.1053158 0.1076385 0.1083109 0.0309276 0.1252583 0.1267497 0.1098562 0.1277251 0.1110502 0.0219413 0.0000000 0.1213297 0.1038600 0.0208475 0.0309031 0.0240742 0.1173947 0.1092276 0.1941985 0.1976815 0.1912446 0.0214534 0.1075985 0.1092528 0.1206510 0.1066204 0.1813209 0.1195218 0.1085937 0.1551848 0.1234180 0.0301753 0.1271657 
Phalangeridae_Phalanger_orientalis           0.1218134 0.1012555 0.0853839 0.0761806 0.0768217 0.1277424 0.0439273 0.0341422 0.0774283 0.1238764 0.0278759 0.1160807 0.1213297 0.0000000 0.0767021 0.1159041 0.1212424 0.1154600 0.1272880 0.0748479 0.1526879 0.1937380 0.1655634 0.1239208 0.0816621 0.1169826 0.0911626 0.0726459 0.1392454 0.0809087 0.0913923 0.0278728 0.1269015 0.1292350 0.1238272 
Acrobatidae_Acrobates_pygmaeus               0.0976388 0.0864444 0.0632654 0.0514919 0.0530281 0.1108521 0.0901987 0.0898424 0.0543133 0.1061903 0.0651529 0.0957534 0.1038600 0.0767021 0.0000000 0.0967626 0.1041937 0.0870781 0.1077735 0.0592142 0.1217721 0.1667303 0.1540191 0.1104530 0.0665653 0.0895440 0.0633507 0.0527785 0.1050609 0.0585756 0.0332924 0.1143212 0.1128677 0.1079009 0.1045930 
Dasyuridae_Phascogale_calura                 0.1457922 0.1310401 0.0940738 0.0983071 0.0999562 0.0210160 0.1164193 0.1157747 0.1018266 0.1235951 0.0972181 0.0039583 0.0208475 0.1159041 0.0967626 0.0000000 0.0199133 0.0252948 0.1134408 0.1007792 0.1892432 0.1857924 0.1847244 0.0098222 0.1012897 0.1049525 0.1119561 0.0983414 0.1699026 0.1106804 0.1055874 0.1513958 0.1299544 0.0203865 0.1230330 
Dasyuridae_Sarcophilus_harrisii              0.1562788 0.1370444 0.1058076 0.1146768 0.1142985 0.0096025 0.1346697 0.1224411 0.1182273 0.1223267 0.1179659 0.0210077 0.0309031 0.1212424 0.1041937 0.0199133 0.0000000 0.0323326 0.1201050 0.1149019 0.1949938 0.1937663 0.1761537 0.0202928 0.1139911 0.1062429 0.1210483 0.1104050 0.1811979 0.1187435 0.1146842 0.1626900 0.1296652 0.0096160 0.1213636 
Dasyuridae_Planigale_tenuirostris            0.1504921 0.1306847 0.1012697 0.1041356 0.1038991 0.0330133 0.1178308 0.1190681 0.1088753 0.1370843 0.0942267 0.0240746 0.0240742 0.1154600 0.0870781 0.0252948 0.0323326 0.0000000 0.1278874 0.1073205 0.1840508 0.1979622 0.1797644 0.0266480 0.1019094 0.1073166 0.1169702 0.1019719 0.1791779 0.1119546 0.1025402 0.1426074 0.1382535 0.0322927 0.1377614 
Peramelidae_Echymipera_kalubu                0.1465841 0.1185947 0.0975492 0.0908224 0.0966552 0.1178079 0.1283983 0.1215666 0.1002183 0.0149301 0.1225687 0.1154714 0.1173947 0.1272880 0.1077735 0.1134408 0.1201050 0.1278874 0.0000000 0.1027255 0.2004707 0.1805445 0.1783130 0.1231080 0.1071621 0.0932305 0.1285370 0.0945741 0.1723275 0.1132914 0.1142812 0.1615479 0.0145679 0.1201686 0.0154918 
Macropodidae_Dorcopsulus_vanheurni           0.0959083 0.0940285 0.0582827 0.0155644 0.0160418 0.1207449 0.0752191 0.0806690 0.0176182 0.1095923 0.0696248 0.1029412 0.1092276 0.0748479 0.0592142 0.1007792 0.1149019 0.1073205 0.1027255 0.0000000 0.1321975 0.1835079 0.1726750 0.1137213 0.0319155 0.0861718 0.0737299 0.0063293 0.1242699 0.0663481 0.0679513 0.1113130 0.1093946 0.1165274 0.1121404 
Pseudochiridae_Pseudochirulus_forbesi        0.1669774 0.1782498 0.1327598 0.1249788 0.1268360 0.2014772 0.1645810 0.1599369 0.1243832 0.1999458 0.1569930 0.1932512 0.1941985 0.1526879 0.1217721 0.1892432 0.1949938 0.1840508 0.2004707 0.1321975 0.0000000 0.2756712 0.2626563 0.2018974 0.1320902 0.1674340 0.1053068 0.1228374 0.0396464 0.1042535 0.1279325 0.1929619 0.2042461 0.1982893 0.1962835 
Didelphidae_Didelphis_virginiana             0.2252523 0.2107634 0.1722546 0.1713158 0.1783538 0.2019220 0.1881617 0.2012976 0.1822627 0.1912453 0.1785428 0.1916740 0.1976815 0.1937380 0.1667303 0.1857924 0.1937663 0.1979622 0.1805445 0.1835079 0.2756712 0.0000000 0.0449012 0.1971655 0.1715411 0.1846132 0.1880348 0.1737034 0.2606312 0.1853774 0.1801756 0.2370851 0.1849596 0.1998998 0.1885235 
Marmosidae_Monodelphis_domestica             0.2175084 0.2001448 0.1641722 0.1662298 0.1677904 0.1890308 0.1603137 0.1661563 0.1696853 0.1854780 0.1389108 0.1831590 0.1912446 0.1655634 0.1540191 0.1847244 0.1761537 0.1797644 0.1783130 0.1726750 0.2626563 0.0449012 0.0000000 0.2022540 0.1602857 0.1649984 0.1666053 0.1579605 0.2451440 0.1686277 0.1759923 0.2003694 0.1803107 0.1830204 0.1862454 
Dasyuridae_Antechinus_stuartii               0.1528627 0.1375697 0.0980050 0.1098839 0.1108473 0.0215147 0.1272019 0.1288509 0.1146919 0.1307494 0.1060638 0.0119163 0.0214534 0.1239208 0.1104530 0.0098222 0.0202928 0.0266480 0.1231080 0.1137213 0.2018974 0.1971655 0.2022540 0.0000000 0.1118182 0.1163558 0.1219586 0.1109921 0.1840975 0.1293968 0.1156231 0.1625899 0.1329398 0.0215497 0.1298010 
Hypsiprymnodontidae_Hypsiprymnodon_moschatus 0.0980422 0.0897147 0.0622964 0.0312426 0.0300247 0.1158460 0.0798130 0.0825075 0.0323566 0.1215351 0.0738549 0.1033612 0.1075985 0.0816621 0.0665653 0.1012897 0.1139911 0.1019094 0.1071621 0.0319155 0.1320902 0.1715411 0.1602857 0.1118182 0.0000000 0.0879747 0.0740059 0.0261186 0.1273470 0.0645466 0.0715271 0.1162407 0.1096645 0.1153018 0.1199039 
Microbiotheriidae_Dromiciops_gliroides       0.1298465 0.0985828 0.0801845 0.0868629 0.0848040 0.1102501 0.1122070 0.1151793 0.0874512 0.0997043 0.0972240 0.1050158 0.1092528 0.1169826 0.0895440 0.1049525 0.1062429 0.1073166 0.0932305 0.0861718 0.1674340 0.1846132 0.1649984 0.1163558 0.0879747 0.0000000 0.1068319 0.0763110 0.1539619 0.0929010 0.0939942 0.1474592 0.0976865 0.1093615 0.1001113 
Pseudochiridae_Petauroides_volans            0.1177818 0.1235566 0.0702706 0.0743213 0.0760331 0.1225444 0.0902844 0.0898839 0.0740849 0.1405963 0.0717838 0.1151622 0.1206510 0.0911626 0.0633507 0.1119561 0.1210483 0.1169702 0.1285370 0.0737299 0.1053068 0.1880348 0.1666053 0.1219586 0.0740059 0.1068319 0.0000000 0.0697532 0.0916704 0.0602941 0.0665346 0.1267726 0.1351138 0.1205438 0.1384286 
Macropodidae_Wallabia_bicolor                0.0897947 0.0864143 0.0531354 0.0115799 0.0105991 0.1139134 0.0686229 0.0766178 0.0135628 0.1042992 0.0660586 0.1003989 0.1066204 0.0726459 0.0527785 0.0983414 0.1104050 0.1019719 0.0945741 0.0063293 0.1228374 0.1737034 0.1579605 0.1109921 0.0261186 0.0763110 0.0697532 0.0000000 0.1156548 0.0615195 0.0626467 0.0995931 0.1011911 0.1096562 0.1047861 
Pseudochiridae_Pseudocheirus_occidentalis    0.1427125 0.1494054 0.1129118 0.1146091 0.1174087 0.1848436 0.1549983 0.1497942 0.1206567 0.1740757 0.1412280 0.1740490 0.1813209 0.1392454 0.1050609 0.1699026 0.1811979 0.1791779 0.1723275 0.1242699 0.0396464 0.2606312 0.2451440 0.1840975 0.1273470 0.1539619 0.0916704 0.1156548 0.0000000 0.0937185 0.1120399 0.1909078 0.1796147 0.1891891 0.1704694 
Tarsipedidae_Tarsipes_rostratus              0.1057408 0.1035156 0.0648109 0.0657426 0.0646972 0.1167874 0.0912961 0.0919417 0.0646419 0.1132410 0.0723908 0.1107692 0.1195218 0.0809087 0.0585756 0.1106804 0.1187435 0.1119546 0.1132914 0.0663481 0.1042535 0.1853774 0.1686277 0.1293968 0.0645466 0.0929010 0.0602941 0.0615195 0.0937185 0.0000000 0.0590438 0.1167935 0.1182370 0.1224318 0.1115385 
Acrobatidae_Distoechurus_pennatus            0.0973973 0.1033597 0.0633279 0.0654038 0.0661568 0.1191586 0.0947884 0.0930769 0.0668025 0.1216572 0.0765206 0.1053401 0.1085937 0.0913923 0.0332924 0.1055874 0.1146842 0.1025402 0.1142812 0.0679513 0.1279325 0.1801756 0.1759923 0.1156231 0.0715271 0.0939942 0.0665346 0.0626467 0.1120399 0.0590438 0.0000000 0.1248911 0.1182530 0.1157945 0.1197334 
Phalangeridae_Phalanger_carmelitae           0.1652064 0.1315120 0.1194978 0.1148510 0.1130986 0.1650562 0.0494254 0.0269427 0.1151596 0.1627435 0.0585133 0.1539611 0.1551848 0.0278728 0.1143212 0.1513958 0.1626900 0.1426074 0.1615479 0.1113130 0.1929619 0.2370851 0.2003694 0.1625899 0.1162407 0.1474592 0.1267726 0.0995931 0.1909078 0.1167935 0.1248911 0.0000000 0.1690265 0.1666370 0.1628508 
Peramelidae_Peroryctes_raffrayana            0.1585261 0.1173961 0.1023420 0.0971466 0.1020592 0.1291890 0.1347231 0.1301145 0.1048706 0.0204988 0.1256209 0.1278825 0.1234180 0.1269015 0.1128677 0.1299544 0.1296652 0.1382535 0.0145679 0.1093946 0.2042461 0.1849596 0.1803107 0.1329398 0.1096645 0.0976865 0.1351138 0.1011911 0.1796147 0.1182370 0.1182530 0.1690265 0.0000000 0.1327354 0.0210410 
Dasyuridae_Dasyurus_geffroii                 0.1590719 0.1454304 0.1085734 0.1162231 0.1158391 0.0058249 0.1339349 0.1230927 0.1177318 0.1278761 0.1139863 0.0225838 0.0301753 0.1292350 0.1079009 0.0203865 0.0096160 0.0322927 0.1201686 0.1165274 0.1982893 0.1998998 0.1830204 0.0215497 0.1153018 0.1093615 0.1205438 0.1096562 0.1891891 0.1224318 0.1157945 0.1666370 0.1327354 0.0000000 0.1268984 
Peramelidae_Perameles_gunnii                 0.1536628 0.1165845 0.1063394 0.0993891 0.1053407 0.1234115 0.1399671 0.1245624 0.1092304 0.0012959 0.1308698 0.1210019 0.1271657 0.1238272 0.1045930 0.1230330 0.1213636 0.1377614 0.0154918 0.1121404 0.1962835 0.1885235 0.1862454 0.1298010 0.1199039 0.1001113 0.1384286 0.1047861 0.1704694 0.1115385 0.1197334 0.1628508 0.0210410 0.1268984 0.0000000 
