35
Burramyidae_Burramys_parvus                  0.0000000 0.0992088 0.0786849 0.0545573 0.0543114 0.0800457 0.0544760 0.0538928 0.0585667 0.0724409 0.0613746 0.0842732 0.0807525 0.0582732 0.0546831 0.0918297 0.0863488 0.0773279 0.0763435 0.0595465 0.0719863 0.1155168 0.1229183 0.0846841 0.0662688 0.0855808 0.0872965 0.0565519 0.0553958 0.0856275 0.0674033 0.0600342 0.0700399 0.0848215 0.0789196 
Notoryctidae_Notoryctes_typhlops             0.0992088 0.0000000 0.1065425 0.0958184 0.0949153 0.0956290 0.0958193 0.1005216 0.1015573 0.1067457 0.1048468 0.1003445 0.0952798 0.0991890 0.0910220 0.1068886 0.1008894 0.0925428 0.0985116 0.1010140 0.1029288 0.1417843 0.1478573 0.1022228 0.1075260 0.1014402 0.1265958 0.0930806 0.1021350 0.1233806 0.1005423 0.0980445 0.1072062 0.0995419 0.1032237 
Vombatidae_Lasiorhinus_latifrons             0.0786849 0.1065425 0.0000000 0.0711637 0.0693177 0.0928734 0.0768354 0.0768118 0.0758933 0.0907490 0.0834910 0.0993073 0.0948095 0.0789017 0.0718071 0.1029042 0.0983459 0.0803527 0.0956033 0.0772573 0.0858475 0.1357351 0.1388287 0.0987233 0.0823263 0.0959580 0.0953990 0.0695914 0.0687977 0.0984898 0.0837559 0.0767296 0.0872956 0.0969960 0.1003346 
Potoroidae_Bettongia_penicillata             0.0545573 0.0958184 0.0711637 0.0000000 0.0033335 0.0740307 0.0570094 0.0600187 0.0085826 0.0732905 0.0627366 0.0767874 0.0750084 0.0632823 0.0470564 0.0826311 0.0779520 0.0660103 0.0721000 0.0191183 0.0659537 0.1103246 0.1166939 0.0781704 0.0358954 0.0791003 0.0812407 0.0153367 0.0533336 0.0795122 0.0608737 0.0644731 0.0707055 0.0744092 0.0755253 
Potoroidae_Bettongia_lesueur                 0.0543114 0.0949153 0.0693177 0.0033335 0.0000000 0.0727762 0.0557580 0.0592630 0.0081727 0.0746785 0.0629502 0.0754932 0.0736055 0.0630370 0.0483392 0.0813852 0.0767016 0.0645197 0.0741498 0.0201131 0.0656513 0.1116447 0.1180684 0.0767480 0.0365424 0.0805764 0.0788463 0.0145090 0.0535598 0.0798172 0.0606531 0.0642313 0.0718976 0.0731579 0.0776002 
Dasyuridae_Dasyurus_maculatus                0.0800457 0.0956290 0.0928734 0.0740307 0.0727762 0.0000000 0.0754240 0.0761168 0.0806308 0.0763742 0.0815709 0.0183314 0.0179750 0.0826049 0.0703292 0.0217595 0.0067118 0.0164146 0.0770129 0.0811418 0.0877694 0.1162807 0.1156702 0.0173816 0.0799998 0.0832146 0.1006553 0.0741523 0.0795689 0.1062776 0.0835746 0.0820893 0.0756302 0.0041579 0.0793633 
Phalangeridae_Trichosurus_vulpecula          0.0544760 0.0958193 0.0768354 0.0570094 0.0557580 0.0754240 0.0000000 0.0211892 0.0610857 0.0840355 0.0241253 0.0792041 0.0778663 0.0228875 0.0543947 0.0824196 0.0806304 0.0737471 0.0816957 0.0620010 0.0740153 0.1223346 0.1202873 0.0785276 0.0660324 0.0842900 0.0845670 0.0547970 0.0581092 0.0837950 0.0651781 0.0243292 0.0775100 0.0783143 0.0853337 
Phalangeridae_Spilocuscus_maculatus          0.0538928 0.1005216 0.0768118 0.0600187 0.0592630 0.0761168 0.0211892 0.0000000 0.0634561 0.0863725 0.0159894 0.0813920 0.0771786 0.0157021 0.0579921 0.0843879 0.0831901 0.0744088 0.0843332 0.0652367 0.0715315 0.1206725 0.1081007 0.0827478 0.0695824 0.0826527 0.0879304 0.0594459 0.0587670 0.0869698 0.0687922 0.0119635 0.0882195 0.0795342 0.0873477 
Potoroidae_Aepyprymnus_rufescens             0.0585667 0.1015573 0.0758933 0.0085826 0.0081727 0.0806308 0.0610857 0.0634561 0.0000000 0.0799753 0.0660563 0.0828530 0.0808330 0.0672000 0.0507051 0.0895632 0.0847372 0.0724519 0.0786960 0.0251463 0.0735052 0.1191072 0.1221433 0.0849727 0.0397674 0.0843269 0.0863667 0.0193783 0.0580837 0.0842455 0.0627723 0.0685041 0.0753432 0.0810110 0.0821260 
Peramelidae_Perameles_nasuta                 0.0724409 0.1067457 0.0907490 0.0732905 0.0746785 0.0763742 0.0840355 0.0863725 0.0799753 0.0000000 0.0922811 0.0795147 0.0724701 0.0886985 0.0687220 0.0875590 0.0795477 0.0703806 0.0133823 0.0745129 0.0951865 0.1051136 0.1041079 0.0830282 0.0894761 0.0888830 0.1046549 0.0745111 0.0862332 0.1080882 0.0858052 0.0881879 0.0137650 0.0792795 0.0009234 
Phalangeridae_Strigocuscus_pelengensis       0.0613746 0.1048468 0.0834910 0.0627366 0.0629502 0.0815709 0.0241253 0.0159894 0.0660563 0.0922811 0.0000000 0.0837766 0.0805828 0.0149537 0.0620173 0.0882623 0.0874631 0.0766210 0.0922383 0.0678551 0.0792148 0.1243793 0.1232652 0.0854980 0.0705115 0.0867522 0.0970935 0.0632493 0.0659313 0.0937759 0.0721746 0.0154067 0.0915498 0.0838183 0.0923639 
Dasyuridae_Phascogale_tapoatafa              0.0842732 0.1003445 0.0993073 0.0767874 0.0754932 0.0183314 0.0792041 0.0813920 0.0828530 0.0795147 0.0837766 0.0000000 0.0234288 0.0843299 0.0703797 0.0039741 0.0192902 0.0234993 0.0791762 0.0767256 0.0888459 0.1136690 0.1059868 0.0118032 0.0854421 0.0801572 0.1046010 0.0780294 0.0822171 0.1076710 0.0825644 0.0838810 0.0823066 0.0192879 0.0799242 
Dasyuridae_Sminthopsis_macroura              0.0807525 0.0952798 0.0948095 0.0750084 0.0736055 0.0179750 0.0778663 0.0771786 0.0808330 0.0724701 0.0805828 0.0234288 0.0000000 0.0825873 0.0708757 0.0256586 0.0220098 0.0133496 0.0751208 0.0834079 0.0859975 0.1077419 0.1150551 0.0205737 0.0819431 0.0830701 0.1090034 0.0754751 0.0764856 0.0969367 0.0800812 0.0822382 0.0708115 0.0220446 0.0761607 
Phalangeridae_Phalanger_orientalis           0.0582732 0.0991890 0.0789017 0.0632823 0.0630370 0.0826049 0.0228875 0.0157021 0.0672000 0.0886985 0.0149537 0.0843299 0.0825873 0.0000000 0.0601497 0.0893349 0.0885850 0.0781639 0.0895008 0.0673263 0.0770158 0.1215548 0.1198199 0.0858952 0.0702322 0.0856152 0.0932179 0.0639100 0.0619913 0.0898069 0.0716223 0.0103341 0.0859466 0.0842255 0.0909470 
Acrobatidae_Acrobates_pygmaeus               0.0546831 0.0910220 0.0718071 0.0470564 0.0483392 0.0703292 0.0543947 0.0579921 0.0507051 0.0687220 0.0620173 0.0703797 0.0708757 0.0601497 0.0000000 0.0764483 0.0731969 0.0630064 0.0706931 0.0524285 0.0581443 0.1096551 0.1122717 0.0719867 0.0607239 0.0712153 0.0729895 0.0456036 0.0424769 0.0671390 0.0332669 0.0602140 0.0628505 0.0713875 0.0748582 
Dasyuridae_Phascogale_calura                 0.0918297 0.1068886 0.1029042 0.0826311 0.0813852 0.0217595 0.0824196 0.0843879 0.0895632 0.0875590 0.0882623 0.0039741 0.0256586 0.0893349 0.0764483 0.0000000 0.0226968 0.0255007 0.0877617 0.0887177 0.0946370 0.1184000 0.1201605 0.0146286 0.0902136 0.0860822 0.1104129 0.0832350 0.0865794 0.1141854 0.0893947 0.0882609 0.0899284 0.0221955 0.0889599 
Dasyuridae_Sarcophilus_harrisii              0.0863488 0.1008894 0.0983459 0.0779520 0.0767016 0.0067118 0.0806304 0.0831901 0.0847372 0.0795477 0.0874631 0.0192902 0.0220098 0.0885850 0.0731969 0.0226968 0.0000000 0.0192533 0.0798259 0.0851723 0.0919097 0.1183171 0.1163495 0.0183133 0.0840111 0.0861620 0.1057321 0.0781657 0.0839756 0.1083579 0.0865589 0.0880640 0.0800251 0.0075622 0.0816179 
Dasyuridae_Planigale_tenuirostris            0.0773279 0.0925428 0.0803527 0.0660103 0.0645197 0.0164146 0.0737471 0.0744088 0.0724519 0.0703806 0.0766210 0.0234993 0.0133496 0.0781639 0.0630064 0.0255007 0.0192533 0.0000000 0.0748602 0.0730679 0.0795775 0.1047093 0.1101774 0.0192394 0.0736316 0.0773524 0.0956078 0.0669475 0.0696898 0.0954191 0.0757127 0.0789565 0.0714927 0.0178112 0.0756476 
Peramelidae_Echymipera_kalubu                0.0763435 0.0985116 0.0956033 0.0721000 0.0741498 0.0770129 0.0816957 0.0843332 0.0786960 0.0133823 0.0922383 0.0791762 0.0751208 0.0895008 0.0706931 0.0877617 0.0798259 0.0748602 0.0000000 0.0751880 0.0916324 0.1146354 0.1198406 0.0838523 0.0859207 0.0877771 0.1036168 0.0733584 0.0835261 0.1051394 0.0861884 0.0901165 0.0141118 0.0774826 0.0153437 
Macropodidae_Dorcopsulus_vanheurni           0.0595465 0.1010140 0.0772573 0.0191183 0.0201131 0.0811418 0.0620010 0.0652367 0.0251463 0.0745129 0.0678551 0.0767256 0.0834079 0.0673263 0.0524285 0.0887177 0.0851723 0.0730679 0.0751880 0.0000000 0.0709422 0.1167533 0.1256811 0.0835364 0.0384615 0.0799157 0.0844616 0.0135709 0.0613882 0.0815878 0.0642496 0.0690604 0.0721203 0.0816179 0.0790301 
Pseudochiridae_Pseudochirulus_forbesi        0.0719863 0.1029288 0.0858475 0.0659537 0.0656513 0.0877694 0.0740153 0.0715315 0.0735052 0.0951865 0.0792148 0.0888459 0.0859975 0.0770158 0.0581443 0.0946370 0.0919097 0.0795775 0.0916324 0.0709422 0.0000000 0.1228523 0.1274872 0.0901842 0.0775104 0.0849241 0.0675407 0.0662992 0.0179527 0.0768351 0.0676086 0.0771168 0.0877196 0.0892823 0.0941572 
Didelphidae_Didelphis_virginiana             0.1155168 0.1417843 0.1357351 0.1103246 0.1116447 0.1162807 0.1223346 0.1206725 0.1191072 0.1051136 0.1243793 0.1136690 0.1077419 0.1215548 0.1096551 0.1184000 0.1183171 0.1047093 0.1146354 0.1167533 0.1228523 0.0000000 0.0459791 0.1077796 0.1248672 0.1124067 0.1520667 0.1118374 0.1132322 0.1376526 0.1235068 0.1218756 0.1095651 0.1148254 0.1143016 
Marmosidae_Monodelphis_domestica             0.1229183 0.1478573 0.1388287 0.1166939 0.1180684 0.1156702 0.1202873 0.1081007 0.1221433 0.1041079 0.1232652 0.1059868 0.1150551 0.1198199 0.1122717 0.1201605 0.1163495 0.1101774 0.1198406 0.1256811 0.1274872 0.0459791 0.0000000 0.1148051 0.1302943 0.1222230 0.1509446 0.1202043 0.1050360 0.1353596 0.1238545 0.1237144 0.1054482 0.1170458 0.1209062 
Dasyuridae_Antechinus_stuartii               0.0846841 0.1022228 0.0987233 0.0781704 0.0767480 0.0173816 0.0785276 0.0827478 0.0849727 0.0830282 0.0854980 0.0118032 0.0205737 0.0858952 0.0719867 0.0146286 0.0183133 0.0192394 0.0838523 0.0835364 0.0901842 0.1077796 0.1148051 0.0000000 0.0828392 0.0818205 0.1035633 0.0797601 0.0800409 0.1082887 0.0860716 0.0848418 0.0835267 0.0169510 0.0846332 
Hypsiprymnodontidae_Hypsiprymnodon_moschatus 0.0662688 0.1075260 0.0823263 0.0358954 0.0365424 0.0799998 0.0660324 0.0695824 0.0397674 0.0894761 0.0705115 0.0854421 0.0819431 0.0702322 0.0607239 0.0902136 0.0840111 0.0736316 0.0859207 0.0384615 0.0775104 0.1248672 0.1302943 0.0828392 0.0000000 0.0889790 0.0932383 0.0352686 0.0681789 0.0905552 0.0733622 0.0725188 0.0874065 0.0821675 0.0891754 
Microbiotheriidae_Dromiciops_gliroides       0.0855808 0.1014402 0.0959580 0.0791003 0.0805764 0.0832146 0.0842900 0.0826527 0.0843269 0.0888830 0.0867522 0.0801572 0.0830701 0.0856152 0.0712153 0.0860822 0.0861620 0.0773524 0.0877771 0.0799157 0.0849241 0.1124067 0.1222230 0.0818205 0.0889790 0.0000000 0.1035194 0.0802322 0.0689613 0.1080330 0.0857244 0.0864558 0.0786168 0.0818112 0.0913826 
Pseudochiridae_Petauroides_volans            0.0872965 0.1265958 0.0953990 0.0812407 0.0788463 0.1006553 0.0845670 0.0879304 0.0863667 0.1046549 0.0970935 0.1046010 0.1090034 0.0932179 0.0729895 0.1104129 0.1057321 0.0956078 0.1036168 0.0844616 0.0675407 0.1520667 0.1509446 0.1035633 0.0932383 0.1035194 0.0000000 0.0797223 0.0613502 0.0974512 0.0874401 0.0938934 0.0930840 0.1021941 0.1066385 
Macropodidae_Wallabia_bicolor                0.0565519 0.0930806 0.0695914 0.0153367 0.0145090 0.0741523 0.0547970 0.0594459 0.0193783 0.0745111 0.0632493 0.0780294 0.0754751 0.0639100 0.0456036 0.0832350 0.0781657 0.0669475 0.0733584 0.0135709 0.0662992 0.1118374 0.1202043 0.0797601 0.0352686 0.0802322 0.0797223 0.0000000 0.0544705 0.0790968 0.0591534 0.0639525 0.0720491 0.0739908 0.0755815 
Pseudochiridae_Pseudocheirus_occidentalis    0.0553958 0.1021350 0.0687977 0.0533336 0.0535598 0.0795689 0.0581092 0.0587670 0.0580837 0.0862332 0.0659313 0.0822171 0.0764856 0.0619913 0.0424769 0.0865794 0.0839756 0.0696898 0.0835261 0.0613882 0.0179527 0.1132322 0.1050360 0.0800409 0.0681789 0.0689613 0.0613502 0.0544705 0.0000000 0.0734980 0.0555983 0.0648215 0.0752010 0.0830171 0.0858022 
Tarsipedidae_Tarsipes_rostratus              0.0856275 0.1233806 0.0984898 0.0795122 0.0798172 0.1062776 0.0837950 0.0869698 0.0842455 0.1080882 0.0937759 0.1076710 0.0969367 0.0898069 0.0671390 0.1141854 0.1083579 0.0954191 0.1051394 0.0815878 0.0768351 0.1376526 0.1353596 0.1082887 0.0905552 0.1080330 0.0974512 0.0790968 0.0734980 0.0000000 0.0866960 0.0917942 0.1034758 0.1093888 0.1070130 
Acrobatidae_Distoechurus_pennatus            0.0674033 0.1005423 0.0837559 0.0608737 0.0606531 0.0835746 0.0651781 0.0687922 0.0627723 0.0858052 0.0721746 0.0825644 0.0800812 0.0716223 0.0332669 0.0893947 0.0865589 0.0757127 0.0861884 0.0642496 0.0676086 0.1235068 0.1238545 0.0860716 0.0733622 0.0857244 0.0874401 0.0591534 0.0555983 0.0866960 0.0000000 0.0716810 0.0814107 0.0851660 0.0877648 
Phalangeridae_Phalanger_carmelitae           0.0600342 0.0980445 0.0767296 0.0644731 0.0642313 0.0820893 0.0243292 0.0119635 0.0685041 0.0881879 0.0154067 0.0838810 0.0822382 0.0103341 0.0602140 0.0882609 0.0880640 0.0789565 0.0901165 0.0690604 0.0771168 0.1218756 0.1237144 0.0848418 0.0725188 0.0864558 0.0938934 0.0639525 0.0648215 0.0917942 0.0716810 0.0000000 0.0876251 0.0837094 0.0898122 
Peramelidae_Peroryctes_raffrayana            0.0700399 0.1072062 0.0872956 0.0707055 0.0718976 0.0756302 0.0775100 0.0882195 0.0753432 0.0137650 0.0915498 0.0823066 0.0708115 0.0859466 0.0628505 0.0899284 0.0800251 0.0714927 0.0141118 0.0721203 0.0877196 0.1095651 0.1054482 0.0835267 0.0874065 0.0786168 0.0930840 0.0720491 0.0752010 0.1034758 0.0814107 0.0876251 0.0000000 0.0783097 0.0123884 
Dasyuridae_Dasyurus_geffroii                 0.0848215 0.0995419 0.0969960 0.0744092 0.0731579 0.0041579 0.0783143 0.0795342 0.0810110 0.0792795 0.0838183 0.0192879 0.0220446 0.0842255 0.0713875 0.0221955 0.0075622 0.0178112 0.0774826 0.0816179 0.0892823 0.1148254 0.1170458 0.0169510 0.0821675 0.0818112 0.1021941 0.0739908 0.0830171 0.1093888 0.0851660 0.0837094 0.0783097 0.0000000 0.0808782 
Peramelidae_Perameles_gunnii                 0.0789196 0.1032237 0.1003346 0.0755253 0.0776002 0.0793633 0.0853337 0.0873477 0.0821260 0.0009234 0.0923639 0.0799242 0.0761607 0.0909470 0.0748582 0.0889599 0.0816179 0.0756476 0.0153437 0.0790301 0.0941572 0.1143016 0.1209062 0.0846332 0.0891754 0.0913826 0.1066385 0.0755815 0.0858022 0.1070130 0.0877648 0.0898122 0.0123884 0.0808782 0.0000000 
