37
Burramyidae_Burramys_parvus                  0.0000000 0.0388173 0.0356193 0.0253765 0.0237379 0.0309462 0.0134985 0.0095210 0.0272095 0.0386403 0.0092769 0.0309952 0.0324974 0.0175486 0.0182873 0.0315064 0.0316191 0.0306065 0.0389957 0.0185126 0.0198778 0.0518447 0.0266134 0.0125675 0.0302944 0.0109204 0.0174946 0.0138405 0.0256742 0.0159051 0.0139600 0.0337285 0.0292306 0.0438056 0.0220910 0.0037608 0.0037608 
Notoryctidae_Notoryctes_typhlops             0.0388173 0.0000000 0.0834173 0.0689048 0.0665563 0.0475765 0.0438508 0.0369583 0.0699960 0.0560472 0.0334641 0.0533426 0.0506180 0.0452544 0.0641956 0.0515257 0.0477922 0.0427885 0.0532640 0.0675857 0.0602785 0.0644515 0.0477641 0.0527478 0.0399826 0.0480494 0.0698912 0.0458227 0.0728746 0.0530999 0.0372464 0.0533269 0.0484745 0.0577273 0.0138323 0.0066194 0.0066194 
Vombatidae_Lasiorhinus_latifrons             0.0356193 0.0834173 0.0000000 0.0464045 0.0471247 0.0608514 0.0405953 0.0340599 0.0541607 0.0683368 0.0319720 0.0561825 0.0679428 0.0459685 0.0429808 0.0597308 0.0621349 0.0660058 0.0753441 0.0406853 0.0477926 0.0882991 0.0512144 0.0376669 0.0696787 0.0331364 0.0430687 0.0464401 0.0772037 0.0436303 0.0381904 0.0687545 0.0608649 0.0766200 0.0582622 9.0000000 9.0000000 
Potoroidae_Bettongia_penicillata             0.0253765 0.0689048 0.0464045 0.0000000 0.0009397 0.0587481 0.0386307 0.0293875 0.0031600 0.0714598 0.0277593 0.0608620 0.0687326 0.0398406 0.0387440 0.0605947 0.0609424 0.0627818 0.0743725 0.0063845 0.0490893 0.0817724 0.0566359 0.0216748 0.0541448 0.0334061 0.0062428 0.0425789 0.0614131 0.0400855 0.0344807 0.0711551 0.0608629 0.0776660 0.0545293 0.0126069 0.0126069 
Potoroidae_Bettongia_lesueur                 0.0237379 0.0665563 0.0471247 0.0009397 0.0000000 0.0585222 0.0371251 0.0274291 0.0034962 0.0731675 0.0246805 0.0605927 0.0678111 0.0382928 0.0372264 0.0610030 0.0600500 0.0625094 0.0761109 0.0065123 0.0466769 0.0825266 0.0550538 0.0215469 0.0561323 0.0325106 0.0061029 0.0399486 0.0594248 0.0379283 0.0330588 0.0729210 0.0606341 0.0793975 0.0524218 0.0124927 0.0124927 
Dasyuridae_Dasyurus_maculatus                0.0309462 0.0475765 0.0608514 0.0587481 0.0585222 0.0000000 0.0496038 0.0369637 0.0615057 0.0541572 0.0341393 0.0024827 0.0045762 0.0518139 0.0386325 0.0026982 0.0008238 0.0038292 0.0619118 0.0528828 0.0462198 0.0726082 0.0023399 0.0430960 0.0385939 0.0357110 0.0524619 0.0400508 0.0605331 0.0422085 0.0463347 0.0581231 0.0003170 0.0584583 0.0427045 0.0061701 0.0061701 
Phalangeridae_Trichosurus_vulpecula          0.0134985 0.0438508 0.0405953 0.0386307 0.0371251 0.0496038 0.0000000 0.0045835 0.0375709 0.0537374 0.0045802 0.0509256 0.0571653 0.0079334 0.0267533 0.0508705 0.0510263 0.0478724 0.0549914 0.0303131 0.0285216 0.0577921 0.0468666 0.0191915 0.0340998 0.0193627 0.0308277 0.0221320 0.0488730 0.0268511 0.0063896 0.0495033 0.0489172 0.0583468 0.0392154 0.0059583 0.0059583 
Phalangeridae_Spilocuscus_maculatus          0.0095210 0.0369583 0.0340599 0.0293875 0.0274291 0.0369637 0.0045835 0.0000000 0.0274517 0.0520961 0.0021081 0.0375235 0.0441961 0.0044602 0.0215308 0.0376819 0.0384226 0.0340394 0.0499875 0.0202967 0.0221011 0.0541127 0.0328563 0.0133924 0.0317514 0.0130723 0.0196133 0.0137200 0.0345445 0.0195897 0.0033952 0.0474179 0.0363371 0.0543620 0.0262376 0.0049766 0.0049766 
Potoroidae_Aepyprymnus_rufescens             0.0272095 0.0699960 0.0541607 0.0031600 0.0034962 0.0615057 0.0375709 0.0274517 0.0000000 0.0741397 0.0270075 0.0629162 0.0693916 0.0411404 0.0376041 0.0634449 0.0630038 0.0643534 0.0784508 0.0069509 0.0502191 0.0815414 0.0580787 0.0214225 0.0610751 0.0317407 0.0066602 0.0400258 0.0635872 0.0377121 0.0357398 0.0747478 0.0622505 0.0801471 0.0511943 0.0096087 0.0096087 
Peramelidae_Perameles_nasuta                 0.0386403 0.0560472 0.0683368 0.0714598 0.0731675 0.0541572 0.0537374 0.0520961 0.0741397 0.0000000 0.0480903 0.0542936 0.0598082 0.0591439 0.0541600 0.0549301 0.0550164 0.0533484 0.0021590 0.0660034 0.0562262 0.0761730 0.0510115 0.0552669 0.0518883 0.0452350 0.0636072 0.0537877 0.0638422 0.0538080 0.0551080 0.0020421 0.0548511 0.0000524 0.0403673 0.0075256 0.0075256 
Phalangeridae_Strigocuscus_pelengensis       0.0092769 0.0334641 0.0319720 0.0277593 0.0246805 0.0341393 0.0045802 0.0021081 0.0270075 0.0480903 0.0000000 0.0366678 0.0444136 0.0037495 0.0195205 0.0368236 0.0369382 0.0335850 0.0468908 0.0189314 0.0198441 0.0523617 0.0296132 0.0115648 0.0351391 0.0126854 0.0187534 0.0119786 0.0324408 0.0176226 0.0027930 0.0445167 0.0342307 0.0504299 0.0260974 0.0051245 0.0051245 
Dasyuridae_Phascogale_tapoatafa              0.0309952 0.0533426 0.0561825 0.0608620 0.0605927 0.0024827 0.0509256 0.0375235 0.0629162 0.0542936 0.0366678 0.0000000 0.0045905 0.0521677 0.0393439 0.0005920 0.0026370 0.0039315 0.0613578 0.0536391 0.0468882 0.0702651 0.0014418 0.0444244 0.0439229 0.0376624 0.0532005 0.0428865 0.0581238 0.0409733 0.0451031 0.0560886 0.0026368 0.0592865 0.0442440 0.0065739 0.0065739 
Dasyuridae_Sminthopsis_macroura              0.0324974 0.0506180 0.0679428 0.0687326 0.0678111 0.0045762 0.0571653 0.0441961 0.0693916 0.0598082 0.0444136 0.0045905 0.0000000 0.0577855 0.0462613 0.0048720 0.0048982 0.0036384 0.0667003 0.0621610 0.0506407 0.0718705 0.0045023 0.0486932 0.0449540 0.0412350 0.0618234 0.0409304 0.0594018 0.0438513 0.0518805 0.0611728 0.0044756 0.0641002 0.0393062 0.0063972 0.0063972 
Phalangeridae_Phalanger_orientalis           0.0175486 0.0452544 0.0459685 0.0398406 0.0382928 0.0518139 0.0079334 0.0044602 0.0411404 0.0591439 0.0037495 0.0521677 0.0577855 0.0000000 0.0332139 0.0521154 0.0526179 0.0487036 0.0628446 0.0325732 0.0325815 0.0658696 0.0474197 0.0224484 0.0517248 0.0226260 0.0336471 0.0189413 0.0497023 0.0312377 0.0024964 0.0588348 0.0512377 0.0620883 0.0425876 0.0061326 0.0061326 
Acrobatidae_Acrobates_pygmaeus               0.0182873 0.0641956 0.0429808 0.0387440 0.0372264 0.0386325 0.0267533 0.0215308 0.0376041 0.0541600 0.0195205 0.0393439 0.0462613 0.0332139 0.0000000 0.0399060 0.0406787 0.0394034 0.0571866 0.0312587 0.0246399 0.0697993 0.0378161 0.0239036 0.0488567 0.0145862 0.0293091 0.0190987 0.0250583 0.0081077 0.0293338 0.0556975 0.0393342 0.0587641 0.0369938 0.0062478 0.0062478 
Dasyuridae_Phascogale_calura                 0.0315064 0.0515257 0.0597308 0.0605947 0.0610030 0.0026982 0.0508705 0.0376819 0.0634449 0.0549301 0.0368236 0.0005920 0.0048720 0.0521154 0.0399060 0.0000000 0.0029373 0.0039050 0.0620099 0.0542573 0.0467977 0.0729142 0.0015647 0.0443540 0.0446790 0.0382178 0.0531492 0.0426179 0.0604717 0.0408889 0.0456694 0.0559861 0.0028568 0.0599243 0.0488912 0.0064870 0.0064870 
Dasyuridae_Sarcophilus_harrisii              0.0316191 0.0477922 0.0621349 0.0609424 0.0600500 0.0008238 0.0510263 0.0384226 0.0630038 0.0550164 0.0369382 0.0026370 0.0048982 0.0526179 0.0406787 0.0029373 0.0000000 0.0039258 0.0627985 0.0537083 0.0442631 0.0714859 0.0024908 0.0438671 0.0371601 0.0351742 0.0532946 0.0378391 0.0614807 0.0403350 0.0471069 0.0583215 0.0010627 0.0593181 0.0386501 0.0063688 0.0063688 
Dasyuridae_Planigale_tenuirostris            0.0306065 0.0427885 0.0660058 0.0627818 0.0625094 0.0038292 0.0478724 0.0340394 0.0643534 0.0533484 0.0335850 0.0039315 0.0036384 0.0487036 0.0394034 0.0039050 0.0039258 0.0000000 0.0605323 0.0535272 0.0452740 0.0689484 0.0036465 0.0448956 0.0475924 0.0367391 0.0522663 0.0366355 0.0580902 0.0399958 0.0446553 0.0545001 0.0038310 0.0553938 0.0385252 0.0048997 0.0048997 
Peramelidae_Echymipera_kalubu                0.0389957 0.0532640 0.0753441 0.0743725 0.0761109 0.0619118 0.0549914 0.0499875 0.0784508 0.0021590 0.0468908 0.0613578 0.0667003 0.0628446 0.0571866 0.0620099 0.0627985 0.0605323 0.0000000 0.0682491 0.0611197 0.0819032 0.0561021 0.0590019 0.0570432 0.0502423 0.0658709 0.0574243 0.0614355 0.0601176 0.0597404 0.0016155 0.0612747 0.0022142 0.0496153 0.0070126 0.0070126 
Macropodidae_Dorcopsulus_vanheurni           0.0185126 0.0675857 0.0406853 0.0063845 0.0065123 0.0528828 0.0303131 0.0202967 0.0069509 0.0660034 0.0189314 0.0536391 0.0621610 0.0325732 0.0312587 0.0542573 0.0537083 0.0535272 0.0682491 0.0000000 0.0386007 0.0738064 0.0487508 0.0168443 0.0486818 0.0246776 0.0015657 0.0332105 0.0460970 0.0332376 0.0276249 0.0633494 0.0522665 0.0715394 0.0448329 0.0090783 0.0090783 
Pseudochiridae_Pseudochirulus_forbesi        0.0198778 0.0602785 0.0477926 0.0490893 0.0466769 0.0462198 0.0285216 0.0221011 0.0502191 0.0562262 0.0198441 0.0468882 0.0506407 0.0325815 0.0246399 0.0467977 0.0442631 0.0452740 0.0611197 0.0386007 0.0000000 0.0736967 0.0419831 0.0300580 0.0529591 0.0067109 0.0380294 0.0031967 0.0221363 0.0251295 0.0262613 0.0541464 0.0469688 0.0622881 0.0367781 0.0048417 0.0048417 
Marmosidae_Monodelphis_domestica             0.0518447 0.0644515 0.0882991 0.0817724 0.0825266 0.0726082 0.0577921 0.0541127 0.0815414 0.0761730 0.0523617 0.0702651 0.0718705 0.0658696 0.0697993 0.0729142 0.0714859 0.0689484 0.0819032 0.0738064 0.0736967 0.0000000 0.0689310 0.0646725 0.0603143 0.0621164 0.0722247 0.0611424 0.0820860 0.0660361 0.0608717 0.0720914 0.0705920 0.0835084 0.0044892 0.0070155 0.0070155 
Dasyuridae_Antechinus_stuartii               0.0266134 0.0477641 0.0512144 0.0566359 0.0550538 0.0023399 0.0468666 0.0328563 0.0580787 0.0510115 0.0296132 0.0014418 0.0045023 0.0474197 0.0378161 0.0015647 0.0024908 0.0036465 0.0561021 0.0487508 0.0419831 0.0689310 0.0000000 0.0372605 0.0429554 0.0348307 0.0469234 0.0402169 0.0527012 0.0367381 0.0411403 0.0520420 0.0024910 0.0554096 0.0454864 0.0060253 0.0060253 
Hypsiprymnodontidae_Hypsiprymnodon_moschatus 0.0125675 0.0527478 0.0376669 0.0216748 0.0215469 0.0430960 0.0191915 0.0133924 0.0214225 0.0552669 0.0115648 0.0444244 0.0486932 0.0224484 0.0239036 0.0443540 0.0438671 0.0448956 0.0590019 0.0168443 0.0300580 0.0646725 0.0372605 0.0000000 0.0419351 0.0177939 0.0162896 0.0246703 0.0456464 0.0265195 0.0188690 0.0551435 0.0437394 0.0609656 0.0372878 0.0063446 0.0063446 
Microbiotheriidae_Dromiciops_gliroides       0.0302944 0.0399826 0.0696787 0.0541448 0.0561323 0.0385939 0.0340998 0.0317514 0.0610751 0.0518883 0.0351391 0.0439229 0.0449540 0.0517248 0.0488567 0.0446790 0.0371601 0.0475924 0.0570432 0.0486818 0.0529591 0.0603143 0.0429554 0.0419351 0.0000000 0.0371108 0.0519989 0.0486865 0.0638269 0.0431414 0.0436477 0.0530776 0.0393100 0.0558346 0.0208462 0.0046358 0.0046358 
Pseudochiridae_Petauroides_volans            0.0109204 0.0480494 0.0331364 0.0334061 0.0325106 0.0357110 0.0193627 0.0130723 0.0317407 0.0452350 0.0126854 0.0376624 0.0412350 0.0226260 0.0145862 0.0382178 0.0351742 0.0367391 0.0502423 0.0246776 0.0067109 0.0621164 0.0348307 0.0177939 0.0371108 0.0000000 0.0245499 0.0056017 0.0149913 0.0145713 0.0177187 0.0432284 0.0358145 0.0503420 0.0287307 0.0051536 0.0051536 
Macropodidae_Wallabia_bicolor                0.0174946 0.0698912 0.0430687 0.0062428 0.0061029 0.0524619 0.0308277 0.0196133 0.0066602 0.0636072 0.0187534 0.0532005 0.0618234 0.0336471 0.0293091 0.0531492 0.0532946 0.0522663 0.0658709 0.0015657 0.0380294 0.0722247 0.0469234 0.0162896 0.0519989 0.0245499 0.0000000 0.0338726 0.0462868 0.0326600 0.0286429 0.0622856 0.0518395 0.0692024 0.0485894 0.0081505 0.0081505 
Pseudochiridae_Pseudocheirus_occidentalis    0.0138405 0.0458227 0.0464401 0.0425789 0.0399486 0.0400508 0.0221320 0.0137200 0.0400258 0.0537877 0.0119786 0.0428865 0.0409304 0.0189413 0.0190987 0.0426179 0.0378391 0.0366355 0.0574243 0.0332105 0.0031967 0.0611424 0.0402169 0.0246703 0.0486865 0.0056017 0.0338726 0.0000000 0.0219088 0.0151406 0.0147116 0.0493034 0.0386323 0.0571676 0.0271268 0.0044607 0.0044607 
Tarsipedidae_Tarsipes_rostratus              0.0256742 0.0728746 0.0772037 0.0614131 0.0594248 0.0605331 0.0488730 0.0345445 0.0635872 0.0638422 0.0324408 0.0581238 0.0594018 0.0497023 0.0250583 0.0604717 0.0614807 0.0580902 0.0614355 0.0460970 0.0221363 0.0820860 0.0527012 0.0456464 0.0638269 0.0149913 0.0462868 0.0219088 0.0000000 0.0236170 0.0424654 0.0602418 0.0599050 0.0685341 0.0233758 0.0056473 0.0056473 
Acrobatidae_Distoechurus_pennatus            0.0159051 0.0530999 0.0436303 0.0400855 0.0379283 0.0422085 0.0268511 0.0195897 0.0377121 0.0538080 0.0176226 0.0409733 0.0438513 0.0312377 0.0081077 0.0408889 0.0403350 0.0399958 0.0601176 0.0332376 0.0251295 0.0660361 0.0367381 0.0265195 0.0431414 0.0145713 0.0326600 0.0151406 0.0236170 0.0000000 0.0238258 0.0525188 0.0402673 0.0595867 0.0354035 0.0057394 0.0057394 
Phalangeridae_Phalanger_carmelitae           0.0139600 0.0372464 0.0381904 0.0344807 0.0330588 0.0463347 0.0063896 0.0033952 0.0357398 0.0551080 0.0027930 0.0451031 0.0518805 0.0024964 0.0293338 0.0456694 0.0471069 0.0446553 0.0597404 0.0276249 0.0262613 0.0608717 0.0411403 0.0188690 0.0436477 0.0177187 0.0286429 0.0147116 0.0424654 0.0238258 0.0000000 0.0532759 0.0457688 0.0603607 0.0393463 0.0061312 0.0061312 
Peramelidae_Peroryctes_raffrayana            0.0337285 0.0533269 0.0687545 0.0711551 0.0729210 0.0581231 0.0495033 0.0474179 0.0747478 0.0020421 0.0445167 0.0560886 0.0611728 0.0588348 0.0556975 0.0559861 0.0583215 0.0545001 0.0016155 0.0633494 0.0541464 0.0720914 0.0520420 0.0551435 0.0530776 0.0432284 0.0622856 0.0493034 0.0602418 0.0525188 0.0532759 0.0000000 0.0567249 0.0020374 0.0434920 0.0066193 0.0066193 
Dasyuridae_Dasyurus_geffroii                 0.0292306 0.0484745 0.0608649 0.0608629 0.0606341 0.0003170 0.0489172 0.0363371 0.0622505 0.0548511 0.0342307 0.0026368 0.0044756 0.0512377 0.0393342 0.0028568 0.0010627 0.0038310 0.0612747 0.0522665 0.0469688 0.0705920 0.0024910 0.0437394 0.0393100 0.0358145 0.0518395 0.0386323 0.0599050 0.0402673 0.0457688 0.0567249 0.0000000 0.0592213 0.0427731 0.0059795 0.0059795 
Peramelidae_Perameles_gunnii                 0.0438056 0.0577273 0.0766200 0.0776660 0.0793975 0.0584583 0.0583468 0.0543620 0.0801471 0.0000524 0.0504299 0.0592865 0.0641002 0.0620883 0.0587641 0.0599243 0.0593181 0.0553938 0.0022142 0.0715394 0.0622881 0.0835084 0.0554096 0.0609656 0.0558346 0.0503420 0.0692024 0.0571676 0.0685341 0.0595867 0.0603607 0.0020374 0.0592213 0.0000000 0.0458102 0.0082864 0.0082864 
Didelphidae_Didelphis_virginiana             0.0220910 0.0138323 0.0582622 0.0545293 0.0524218 0.0427045 0.0392154 0.0262376 0.0511943 0.0403673 0.0260974 0.0442440 0.0393062 0.0425876 0.0369938 0.0488912 0.0386501 0.0385252 0.0496153 0.0448329 0.0367781 0.0044892 0.0454864 0.0372878 0.0208462 0.0287307 0.0485894 0.0271268 0.0233758 0.0354035 0.0393463 0.0434920 0.0427731 0.0458102 0.0000000 0.0076258 0.0076258 
Vombatidae_Vombatus_ursinus1                 0.0037608 0.0066194 9.0000000 0.0126069 0.0124927 0.0061701 0.0059583 0.0049766 0.0096087 0.0075256 0.0051245 0.0065739 0.0063972 0.0061326 0.0062478 0.0064870 0.0063688 0.0048997 0.0070126 0.0090783 0.0048417 0.0070155 0.0060253 0.0063446 0.0046358 0.0051536 0.0081505 0.0044607 0.0056473 0.0057394 0.0061312 0.0066193 0.0059795 0.0082864 0.0076258 0.0000000 0.0000010 
Vombatidae_Vombatus_ursinus2                 0.0037608 0.0066194 9.0000000 0.0126069 0.0124927 0.0061701 0.0059583 0.0049766 0.0096087 0.0075256 0.0051245 0.0065739 0.0063972 0.0061326 0.0062478 0.0064870 0.0063688 0.0048997 0.0070126 0.0090783 0.0048417 0.0070155 0.0060253 0.0063446 0.0046358 0.0051536 0.0081505 0.0044607 0.0056473 0.0057394 0.0061312 0.0066193 0.0059795 0.0082864 0.0076258 0.0000010 0.0000000 
