35
Burramyidae_Burramys_parvus                  0.0000000 0.0681253 0.0557312 0.0537739 0.0593235 0.0648095 0.0412453 0.0533718 0.0576721 0.1183845 0.0468932 0.0656698 0.0683738 0.0416298 0.0458043 0.0661516 0.0657750 0.0645193 0.1141003 0.0487979 0.0507318 0.1152050 0.1197896 0.0666461 0.0574332 0.0579892 0.0460638 0.0499258 0.0495991 0.0607430 0.0520612 0.0415923 0.0971870 0.0651835 0.1193679 
Notoryctidae_Notoryctes_typhlops             0.0681253 0.0000000 0.0717619 0.0781449 0.0817704 0.0750107 0.0767235 0.0865794 0.0835946 0.1271952 0.0826021 0.0753731 0.0793183 0.0752043 0.0702949 0.0749487 0.0752284 0.0724605 0.1252926 0.0744386 0.0771401 0.1218813 0.1303194 0.0712883 0.0831821 0.0672700 0.0721774 0.0747159 0.0763047 0.0873406 0.0767872 0.0746195 0.1017435 0.0754250 0.1280430 
Vombatidae_Lasiorhinus_latifrons             0.0557312 0.0717619 0.0000000 0.0648386 0.0700219 0.0709252 0.0610884 0.0718887 0.0686013 0.1219577 0.0620524 0.0701383 0.0726348 0.0591004 0.0534033 0.0689159 0.0715930 0.0677100 0.1165001 0.0603833 0.0672328 0.1142775 0.1199064 0.0693121 0.0654333 0.0607198 0.0601136 0.0607606 0.0644321 0.0745124 0.0637227 0.0591165 0.0983875 0.0704806 0.1215907 
Potoroidae_Bettongia_penicillata             0.0537739 0.0781449 0.0648386 0.0000000 0.0038147 0.0777982 0.0622358 0.0738148 0.0131772 0.1293370 0.0635204 0.0788938 0.0787210 0.0573897 0.0534582 0.0789211 0.0789727 0.0746661 0.1242245 0.0171719 0.0646830 0.1130607 0.1177759 0.0777005 0.0410244 0.0688437 0.0626047 0.0172482 0.0637863 0.0751647 0.0618890 0.0582685 0.1073749 0.0781837 0.1300237 
Potoroidae_Bettongia_lesueur                 0.0593235 0.0817704 0.0700219 0.0038147 0.0000000 0.0825005 0.0666609 0.0777563 0.0151734 0.1318980 0.0677374 0.0833437 0.0845416 0.0619648 0.0583166 0.0837559 0.0836312 0.0799671 0.1277815 0.0222320 0.0694437 0.1175103 0.1235067 0.0809570 0.0425208 0.0712666 0.0672576 0.0216665 0.0684272 0.0787368 0.0664448 0.0628431 0.1111446 0.0828755 0.1325010 
Dasyuridae_Dasyurus_maculatus                0.0648095 0.0750107 0.0709252 0.0777982 0.0825005 0.0000000 0.0713456 0.0856162 0.0782104 0.1214639 0.0780755 0.0108718 0.0154532 0.0712836 0.0691278 0.0105271 0.0046989 0.0141685 0.1169931 0.0727406 0.0736443 0.1152848 0.1188000 0.0122646 0.0823611 0.0674861 0.0647971 0.0735550 0.0709719 0.0781471 0.0736206 0.0708176 0.0986428 0.0009999 0.1222815 
Phalangeridae_Trichosurus_vulpecula          0.0412453 0.0767235 0.0610884 0.0622358 0.0666609 0.0713456 0.0000000 0.0307919 0.0651467 0.1242973 0.0272749 0.0715723 0.0751254 0.0216195 0.0493603 0.0724093 0.0710925 0.0710965 0.1202680 0.0558353 0.0559754 0.1223197 0.1276922 0.0725775 0.0642503 0.0662616 0.0529962 0.0564963 0.0550583 0.0668288 0.0551948 0.0205079 0.1016488 0.0712815 0.1246505 
Phalangeridae_Spilocuscus_maculatus          0.0533718 0.0865794 0.0718887 0.0738148 0.0777563 0.0856162 0.0307919 0.0000000 0.0775507 0.1353040 0.0268015 0.0847332 0.0865705 0.0215366 0.0610044 0.0855952 0.0849680 0.0813999 0.1317962 0.0664278 0.0679810 0.1339881 0.1391451 0.0858059 0.0762840 0.0738893 0.0655040 0.0667090 0.0669799 0.0783789 0.0669499 0.0211494 0.1119084 0.0855396 0.1356646 
Potoroidae_Aepyprymnus_rufescens             0.0576721 0.0835946 0.0686013 0.0131772 0.0151734 0.0782104 0.0651467 0.0775507 0.0000000 0.1337345 0.0663055 0.0792314 0.0817506 0.0625600 0.0597514 0.0796801 0.0793548 0.0766067 0.1288830 0.0224005 0.0676297 0.1144736 0.1231391 0.0794749 0.0444161 0.0728457 0.0671936 0.0214740 0.0674404 0.0805358 0.0667652 0.0618520 0.1113393 0.0785859 0.1347051 
Peramelidae_Perameles_nasuta                 0.1183845 0.1271952 0.1219577 0.1293370 0.1318980 0.1214639 0.1242973 0.1353040 0.1337345 0.0000000 0.1301913 0.1218848 0.1232876 0.1195825 0.1215160 0.1205027 0.1215765 0.1188706 0.0220028 0.1221884 0.1300326 0.1661588 0.1760412 0.1214439 0.1277624 0.1173335 0.1196457 0.1232498 0.1301659 0.1403688 0.1254719 0.1205170 0.0456369 0.1209440 0.0020138 
Phalangeridae_Strigocuscus_pelengensis       0.0468932 0.0826021 0.0620524 0.0635204 0.0677374 0.0780755 0.0272749 0.0268015 0.0663055 0.1301913 0.0000000 0.0787333 0.0819314 0.0153920 0.0552355 0.0792490 0.0786296 0.0748088 0.1268337 0.0577786 0.0610005 0.1220379 0.1309086 0.0794528 0.0654533 0.0699648 0.0580355 0.0585268 0.0587694 0.0720557 0.0615143 0.0153990 0.1074718 0.0780039 0.1311454 
Dasyuridae_Phascogale_tapoatafa              0.0656698 0.0753731 0.0701383 0.0788938 0.0833437 0.0108718 0.0715723 0.0847332 0.0792314 0.1218848 0.0787333 0.0000000 0.0161662 0.0716033 0.0696777 0.0009983 0.0119108 0.0122914 0.1168382 0.0731819 0.0734318 0.1148806 0.1185179 0.0084668 0.0826669 0.0670314 0.0653346 0.0740475 0.0711635 0.0804850 0.0732064 0.0709374 0.0972632 0.0112096 0.1221326 
Dasyuridae_Sminthopsis_macroura              0.0683738 0.0793183 0.0726348 0.0787210 0.0845416 0.0154532 0.0751254 0.0865705 0.0817506 0.1232876 0.0819314 0.0161662 0.0000000 0.0742049 0.0740656 0.0154607 0.0168258 0.0104684 0.1167686 0.0747524 0.0780472 0.1128602 0.1163406 0.0168962 0.0837882 0.0715507 0.0674380 0.0748004 0.0750116 0.0840882 0.0740408 0.0746831 0.0994349 0.0154278 0.1229962 
Phalangeridae_Phalanger_orientalis           0.0416298 0.0752043 0.0591004 0.0573897 0.0619648 0.0712836 0.0216195 0.0215366 0.0625600 0.1195825 0.0153920 0.0716033 0.0742049 0.0000000 0.0472962 0.0724375 0.0718530 0.0690600 0.1162481 0.0517264 0.0551045 0.1202769 0.1256663 0.0722702 0.0583191 0.0636859 0.0535013 0.0519099 0.0521358 0.0637857 0.0551728 0.0040584 0.0972072 0.0712196 0.1199892 
Acrobatidae_Acrobates_pygmaeus               0.0458043 0.0702949 0.0534033 0.0534582 0.0583166 0.0691278 0.0493603 0.0610044 0.0597514 0.1215160 0.0552355 0.0696777 0.0740656 0.0472962 0.0000000 0.0705550 0.0702459 0.0695658 0.1188867 0.0514886 0.0512434 0.1144997 0.1191294 0.0703954 0.0611654 0.0605683 0.0479198 0.0522659 0.0501728 0.0608925 0.0321540 0.0465137 0.0987435 0.0694999 0.1227327 
Dasyuridae_Phascogale_calura                 0.0661516 0.0749487 0.0689159 0.0789211 0.0837559 0.0105271 0.0724093 0.0855952 0.0796801 0.1205027 0.0792490 0.0009983 0.0154607 0.0724375 0.0705550 0.0000000 0.0115651 0.0119391 0.1154706 0.0739770 0.0742364 0.1144238 0.1181425 0.0081243 0.0830774 0.0666968 0.0657681 0.0748473 0.0720040 0.0809507 0.0732158 0.0717380 0.0967463 0.0108648 0.1207561 
Dasyuridae_Sarcophilus_harrisii              0.0657750 0.0752284 0.0715930 0.0789727 0.0836312 0.0046989 0.0710925 0.0849680 0.0793548 0.1215765 0.0786296 0.0119108 0.0168258 0.0718530 0.0702459 0.0115651 0.0000000 0.0152533 0.1171141 0.0733173 0.0739838 0.1155067 0.1203830 0.0126137 0.0837576 0.0684346 0.0655340 0.0741204 0.0717626 0.0801147 0.0742656 0.0713998 0.0987987 0.0050337 0.1223921 
Dasyuridae_Planigale_tenuirostris            0.0645193 0.0724605 0.0677100 0.0746661 0.0799671 0.0141685 0.0710965 0.0813999 0.0766067 0.1188706 0.0748088 0.0122914 0.0104684 0.0690600 0.0695658 0.0119391 0.0152533 0.0000000 0.1144106 0.0702299 0.0714451 0.1084108 0.1146151 0.0137904 0.0815418 0.0661041 0.0622710 0.0714118 0.0664025 0.0807515 0.0698221 0.0695458 0.0956986 0.0141509 0.1191396 
Peramelidae_Echymipera_kalubu                0.1141003 0.1252926 0.1165001 0.1242245 0.1277815 0.1169931 0.1202680 0.1317962 0.1288830 0.0220028 0.1268337 0.1168382 0.1167686 0.1162481 0.1188867 0.1154706 0.1171141 0.1144106 0.0000000 0.1172578 0.1247758 0.1655457 0.1733956 0.1178540 0.1224353 0.1141395 0.1157109 0.1177069 0.1240677 0.1361620 0.1203756 0.1180167 0.0415286 0.1164797 0.0211112 
Macropodidae_Dorcopsulus_vanheurni           0.0487979 0.0744386 0.0603833 0.0171719 0.0222320 0.0727406 0.0558353 0.0664278 0.0224005 0.1221884 0.0577786 0.0731819 0.0747524 0.0517264 0.0514886 0.0739770 0.0733173 0.0702299 0.1172578 0.0000000 0.0591777 0.1130195 0.1196862 0.0729958 0.0377187 0.0623356 0.0565329 0.0078043 0.0582734 0.0720634 0.0607779 0.0521289 0.1020736 0.0731122 0.1227947 
Pseudochiridae_Pseudochirulus_forbesi        0.0507318 0.0771401 0.0672328 0.0646830 0.0694437 0.0736443 0.0559754 0.0679810 0.0676297 0.1300326 0.0610005 0.0734318 0.0780472 0.0551045 0.0512434 0.0742364 0.0739838 0.0714451 0.1247758 0.0591777 0.0000000 0.1204791 0.1300210 0.0744262 0.0691955 0.0677012 0.0326647 0.0597876 0.0148211 0.0659003 0.0563668 0.0546920 0.1026558 0.0735560 0.1311314 
Didelphidae_Didelphis_virginiana             0.1152050 0.1218813 0.1142775 0.1130607 0.1175103 0.1152848 0.1223197 0.1339881 0.1144736 0.1661588 0.1220379 0.1148806 0.1128602 0.1202769 0.1144997 0.1144238 0.1155067 0.1084108 0.1655457 0.1130195 0.1204791 0.0000000 0.0448724 0.1120680 0.1191672 0.1049897 0.1111021 0.1117798 0.1157308 0.1318192 0.1191991 0.1202301 0.1405083 0.1151436 0.1655182 
Marmosidae_Monodelphis_domestica             0.1197896 0.1303194 0.1199064 0.1177759 0.1235067 0.1188000 0.1276922 0.1391451 0.1231391 0.1760412 0.1309086 0.1185179 0.1163406 0.1256663 0.1191294 0.1181425 0.1203830 0.1146151 0.1733956 0.1196862 0.1300210 0.0448724 0.0000000 0.1181453 0.1278508 0.1095668 0.1178619 0.1187406 0.1221380 0.1340113 0.1319396 0.1245566 0.1518030 0.1186546 0.1748529 
Dasyuridae_Antechinus_stuartii               0.0666461 0.0712883 0.0693121 0.0777005 0.0809570 0.0122646 0.0725775 0.0858059 0.0794749 0.1214439 0.0794528 0.0084668 0.0168962 0.0722702 0.0703954 0.0081243 0.0126137 0.0137904 0.1178540 0.0729958 0.0744262 0.1120680 0.1181453 0.0000000 0.0812780 0.0671998 0.0655275 0.0738630 0.0709765 0.0793667 0.0733618 0.0727450 0.0999000 0.0126031 0.1211488 
Hypsiprymnodontidae_Hypsiprymnodon_moschatus 0.0574332 0.0831821 0.0654333 0.0410244 0.0425208 0.0823611 0.0642503 0.0762840 0.0444161 0.1277624 0.0654533 0.0826669 0.0837882 0.0583191 0.0611654 0.0830774 0.0837576 0.0815418 0.1224353 0.0377187 0.0691955 0.1191672 0.1278508 0.0812780 0.0000000 0.0720734 0.0659748 0.0374664 0.0680375 0.0783588 0.0685920 0.0591707 0.1082570 0.0827370 0.1283764 
Microbiotheriidae_Dromiciops_gliroides       0.0579892 0.0672700 0.0607198 0.0688437 0.0712666 0.0674861 0.0662616 0.0738893 0.0728457 0.1173335 0.0699648 0.0670314 0.0715507 0.0636859 0.0605683 0.0666968 0.0684346 0.0661041 0.1141395 0.0623356 0.0677012 0.1049897 0.1095668 0.0671998 0.0720734 0.0000000 0.0596184 0.0637530 0.0655558 0.0799653 0.0663917 0.0633216 0.0954075 0.0678614 0.1183966 
Pseudochiridae_Petauroides_volans            0.0460638 0.0721774 0.0601136 0.0626047 0.0672576 0.0647971 0.0529962 0.0655040 0.0671936 0.1196457 0.0580355 0.0653346 0.0674380 0.0535013 0.0479198 0.0657681 0.0655340 0.0622710 0.1157109 0.0565329 0.0326647 0.1111021 0.1178619 0.0655275 0.0659748 0.0596184 0.0000000 0.0584778 0.0328473 0.0612751 0.0537894 0.0526592 0.0974587 0.0651010 0.1212352 
Macropodidae_Wallabia_bicolor                0.0499258 0.0747159 0.0607606 0.0172482 0.0216665 0.0735550 0.0564963 0.0667090 0.0214740 0.1232498 0.0585268 0.0740475 0.0748004 0.0519099 0.0522659 0.0748473 0.0741204 0.0714118 0.1177069 0.0078043 0.0597876 0.1117798 0.1187406 0.0738630 0.0374664 0.0637530 0.0584778 0.0000000 0.0588811 0.0740424 0.0608247 0.0523674 0.1013408 0.0739285 0.1244422 
Pseudochiridae_Pseudocheirus_occidentalis    0.0495991 0.0763047 0.0644321 0.0637863 0.0684272 0.0709719 0.0550583 0.0669799 0.0674404 0.1301659 0.0587694 0.0711635 0.0750116 0.0521358 0.0501728 0.0720040 0.0717626 0.0664025 0.1240677 0.0582734 0.0148211 0.1157308 0.1221380 0.0709765 0.0680375 0.0655558 0.0328473 0.0588811 0.0000000 0.0621906 0.0554805 0.0530220 0.1020281 0.0708865 0.1314113 
Tarsipedidae_Tarsipes_rostratus              0.0607430 0.0873406 0.0745124 0.0751647 0.0787368 0.0781471 0.0668288 0.0783789 0.0805358 0.1403688 0.0720557 0.0804850 0.0840882 0.0637857 0.0608925 0.0809507 0.0801147 0.0807515 0.1361620 0.0720634 0.0659003 0.1318192 0.1340113 0.0793667 0.0783588 0.0799653 0.0612751 0.0740424 0.0621906 0.0000000 0.0673466 0.0632736 0.1177178 0.0772157 0.1405066 
Acrobatidae_Distoechurus_pennatus            0.0520612 0.0767872 0.0637227 0.0618890 0.0664448 0.0736206 0.0551948 0.0669499 0.0667652 0.1254719 0.0615143 0.0732064 0.0740408 0.0551728 0.0321540 0.0732158 0.0742656 0.0698221 0.1203756 0.0607779 0.0563668 0.1191991 0.1319396 0.0733618 0.0685920 0.0663917 0.0537894 0.0608247 0.0554805 0.0673466 0.0000000 0.0548004 0.1016470 0.0739909 0.1252085 
Phalangeridae_Phalanger_carmelitae           0.0415923 0.0746195 0.0591165 0.0582685 0.0628431 0.0708176 0.0205079 0.0211494 0.0618520 0.1205170 0.0153990 0.0709374 0.0746831 0.0040584 0.0465137 0.0717380 0.0713998 0.0695458 0.1180167 0.0521289 0.0546920 0.1202301 0.1245566 0.0727450 0.0591707 0.0633216 0.0526592 0.0523674 0.0530220 0.0632736 0.0548004 0.0000000 0.0967532 0.0707540 0.1208259 
Peramelidae_Peroryctes_raffrayana            0.0971870 0.1017435 0.0983875 0.1073749 0.1111446 0.0986428 0.1016488 0.1119084 0.1113393 0.0456369 0.1074718 0.0972632 0.0994349 0.0972072 0.0987435 0.0967463 0.0987987 0.0956986 0.0415286 0.1020736 0.1026558 0.1405083 0.1518030 0.0999000 0.1082570 0.0954075 0.0974587 0.1013408 0.1020281 0.1177178 0.1016470 0.0967532 0.0000000 0.0990281 0.0463042 
Dasyuridae_Dasyurus_geffroii                 0.0651835 0.0754250 0.0704806 0.0781837 0.0828755 0.0009999 0.0712815 0.0855396 0.0785859 0.1209440 0.0780039 0.0112096 0.0154278 0.0712196 0.0694999 0.0108648 0.0050337 0.0141509 0.1164797 0.0731122 0.0735560 0.1151436 0.1186546 0.0126031 0.0827370 0.0678614 0.0651010 0.0739285 0.0708865 0.0772157 0.0739909 0.0707540 0.0990281 0.0000000 0.1217628 
Peramelidae_Perameles_gunnii                 0.1193679 0.1280430 0.1215907 0.1300237 0.1325010 0.1222815 0.1246505 0.1356646 0.1347051 0.0020138 0.1311454 0.1221326 0.1229962 0.1199892 0.1227327 0.1207561 0.1223921 0.1191396 0.0211112 0.1227947 0.1311314 0.1655182 0.1748529 0.1211488 0.1283764 0.1183966 0.1212352 0.1244422 0.1314113 0.1405066 0.1252085 0.1208259 0.0463042 0.1217628 0.0000000 
