39
Cheilosia_longula          0.0000000 0.1812931 0.5731451 0.5360876 0.5876860 0.8774365 0.6599586 0.6131363 0.6564040 0.6522016 0.5603445 0.6812627 0.6835641 0.3885534 0.6438617 0.6438617 0.6689420 0.6426618 0.6305349 0.6349274 0.5743065 0.5743065 0.7167183 0.7011011 0.6496645 0.6433383 0.6605524 0.6437348 0.6875800 0.6918434 0.5944081 0.5861412 0.6656712 0.6656712 0.6312588 0.7126252 0.7062246 0.6686312 0.6663278 
Cheilosia_naruska          0.1812931 0.0000000 0.6475907 0.6422822 0.6269624 0.8348996 0.6685225 0.6941097 0.7005587 0.6960897 0.6603765 0.6991379 0.7015057 0.4312284 0.6981645 0.6981645 0.7217825 0.6984817 0.6855226 0.6901330 0.7243724 0.7243724 0.7144842 0.6986329 0.6984815 0.6917951 0.6838924 0.6710686 0.7098744 0.7143333 0.6822151 0.6821082 0.6317891 0.6317891 0.7073942 0.7567147 0.7499613 0.6610011 0.6586825 
Dolichopus_excisus         0.5731451 0.6475907 0.0000000 0.0685627 0.6663066 0.6244325 0.6042690 0.6813118 0.6195234 0.5933186 0.7020591 0.6637689 0.6748347 0.7330829 0.5986647 0.5986647 0.6347538 0.6470401 0.6371545 0.6406354 0.6121569 0.6152114 0.6510209 0.6411187 0.6677750 0.6807215 0.7056671 0.6964672 0.6675046 0.6552097 0.6646798 0.6690348 0.6645776 0.6660340 0.5862569 0.6653153 0.6567516 0.7210765 0.6853292 
Dolichopus_nubilus         0.5360876 0.6422822 0.0685627 0.0000000 0.6276845 0.5969168 0.5682902 0.6665154 0.6030156 0.5773659 0.6500072 0.6110967 0.6204476 0.6459764 0.5995001 0.5995001 0.5948729 0.6048645 0.5951877 0.5986447 0.5924782 0.6068744 0.5930251 0.5887297 0.6243763 0.6369911 0.6669791 0.6622180 0.6113153 0.5946168 0.6472282 0.6448981 0.6648927 0.6663482 0.5643631 0.6206575 0.6105407 0.6785107 0.6420224 
Drosophila_melanogaster    0.5876860 0.6269624 0.6663066 0.6276845 0.0000000 0.5170303 0.1359747 0.4637630 0.4633900 0.4713430 0.4233581 0.5817976 0.5850452 0.6841584 0.4846161 0.4846161 0.5006502 0.4942371 0.4936788 0.4933481 0.5086960 0.5189995 0.4945572 0.4833704 0.4878091 0.4934288 0.5002004 0.4939594 0.5267100 0.5271792 0.5126278 0.5159414 0.4712472 0.4724688 0.5134066 0.4781663 0.4693553 0.5533352 0.5337901 
Drosophila_virilis         0.8774365 0.8348996 0.6244325 0.5969168 0.5170303 0.0000000 0.4766071 0.5106895 0.5676253 0.5245995 0.5338855 0.5215110 0.5204812 0.7557030 0.5406686 0.5406686 0.5042462 0.5252301 0.5188162 0.5184762 0.6014293 0.6081092 0.5116101 0.4946291 0.5175395 0.5136800 0.6048405 0.6016170 0.5240536 0.5217209 0.5748462 0.5816030 0.5547085 0.5558744 0.4932853 0.5232615 0.5295015 0.5458891 0.5311848 
Drosophila_yakuba          0.6599586 0.6685225 0.6042690 0.5682902 0.1359747 0.4766071 0.0000000 0.4476305 0.4707444 0.4591060 0.4373134 0.5366552 0.5336858 0.6893210 0.4884339 0.4884339 0.4355004 0.4421950 0.4510585 0.4488974 0.4967279 0.4913405 0.4965000 0.4833541 0.4594825 0.4648575 0.4975759 0.4913275 0.4750704 0.4764056 0.4818337 0.4792513 0.5099399 0.5111251 0.5164362 0.5125301 0.5207455 0.5339033 0.5144848 
Haematobia_irritans        0.6131363 0.6941097 0.6813118 0.6665154 0.4637630 0.5106895 0.4476305 0.0000000 0.1648189 0.1562122 0.2195610 0.2793517 0.2837102 0.6676192 0.2358993 0.2358993 0.2663103 0.2795618 0.2303017 0.2328528 0.2745928 0.2847122 0.2719595 0.2565703 0.2507542 0.2505329 0.2989069 0.2962002 0.2495607 0.2524589 0.2728764 0.2717928 0.2658498 0.2674161 0.3426239 0.2578405 0.2634052 0.2707404 0.2421319 
Haematobosca_croceicomis_1 0.6564040 0.7005587 0.6195234 0.6030156 0.4633900 0.5676253 0.4707444 0.1648189 0.0000000 0.0076277 0.2304047 0.2811622 0.2820000 0.6390751 0.2294731 0.2294731 0.2561853 0.2624109 0.2232021 0.2258058 0.2317184 0.2254118 0.2397801 0.2322047 0.2572450 0.2502163 0.2662136 0.2608432 0.2639093 0.2681491 0.2743635 0.2823435 0.2497423 0.2514063 0.3206278 0.2907912 0.2945218 0.2396057 0.2358278 
Heamatobosca_croceicomis_2 0.6522016 0.6960897 0.5933186 0.5773659 0.4713430 0.5245995 0.4591060 0.1562122 0.0076277 0.0000000 0.2160439 0.2362281 0.2371010 0.6297167 0.2083028 0.2083028 0.2392176 0.2470113 0.2085549 0.2111387 0.2160282 0.2162071 0.2318920 0.2233367 0.2377962 0.2376371 0.2533626 0.2478897 0.2357858 0.2398611 0.2767450 0.2846642 0.2213800 0.2231200 0.2697206 0.2879434 0.2916472 0.2084182 0.2081538 
Musca_domestica            0.5603445 0.6603765 0.7020591 0.6500072 0.4233581 0.5338855 0.4373134 0.2195610 0.2304047 0.2160439 0.0000000 0.2667097 0.2734902 0.6973484 0.2788859 0.2788859 0.3020349 0.2980982 0.2682773 0.2706500 0.2746087 0.2796499 0.2933768 0.2784558 0.3209338 0.3204355 0.3270541 0.3196212 0.3139434 0.3140594 0.2804361 0.2764480 0.2863541 0.2877975 0.3455650 0.3221666 0.3334173 0.3125387 0.2994873 
Prostomoxys_saegerae_1     0.6812627 0.6991379 0.6637689 0.6110967 0.5817976 0.5215110 0.5366552 0.2793517 0.2811622 0.2362281 0.2667097 0.0000000 0.0027394 0.7159678 0.1572664 0.1572664 0.1758514 0.1788453 0.1567622 0.1593044 0.2888696 0.2943324 0.1933033 0.1778687 0.1998338 0.1998912 0.2080598 0.1988923 0.2029077 0.2009677 0.2190303 0.2137386 0.1583923 0.1602509 0.1649242 0.2306091 0.2360306 0.1534267 0.1378734 
Prostomoxyssaegerae_2      0.6835641 0.7015057 0.6748347 0.6204476 0.5850452 0.5204812 0.5336858 0.2837102 0.2820000 0.2371010 0.2734902 0.0027394 0.0000000 0.7272168 0.1678297 0.1678297 0.1782591 0.1849670 0.1629219 0.1654304 0.2889484 0.2944147 0.2037431 0.1884047 0.2094682 0.2094698 0.2082499 0.1991183 0.2115261 0.2095911 0.2212093 0.2242646 0.1687556 0.1705536 0.1666747 0.2412754 0.2467034 0.1525437 0.1417465 
Simosyrphus_grandicornis   0.3885534 0.4312284 0.7330829 0.6459764 0.6841584 0.7557030 0.6893210 0.6676192 0.6390751 0.6297167 0.6973484 0.7159678 0.7272168 0.0000000 0.6411615 0.6411615 0.6349339 0.6132822 0.6180526 0.6216930 0.6655810 0.6763826 0.6517901 0.6529627 0.6439815 0.6574427 0.6995310 0.6920712 0.7024733 0.6959418 0.7104367 0.7000283 0.6994809 0.7010412 0.6549870 0.7035959 0.6992696 0.7423238 0.6806133 
S_bengalensis_1            0.6438617 0.6981645 0.5986647 0.5995001 0.4846161 0.5406686 0.4884339 0.2358993 0.2294731 0.2083028 0.2788859 0.1572664 0.1678297 0.6411615 0.0000000 0.0000010 0.1156000 0.1039601 0.0721064 0.0723346 0.2152574 0.2198209 0.1671460 0.1538630 0.1171146 0.1178324 0.1345991 0.1188002 0.1962830 0.1933379 0.1979389 0.1929636 0.0679264 0.0698801 0.0661631 0.1880530 0.1870051 0.1463803 0.1264377 
S_bengalensis_2            0.6438617 0.6981645 0.5986647 0.5995001 0.4846161 0.5406686 0.4884339 0.2358993 0.2294731 0.2083028 0.2788859 0.1572664 0.1678297 0.6411615 0.0000010 0.0000000 0.1156000 0.1039601 0.0721064 0.0723346 0.2152574 0.2198209 0.1671460 0.1538630 0.1171146 0.1178324 0.1345991 0.1188002 0.1962830 0.1933379 0.1979389 0.1929636 0.0679264 0.0698801 0.0661631 0.1880530 0.1870051 0.1463803 0.1264377 
S_calcitrans_Africa        0.6689420 0.7217825 0.6347538 0.5948729 0.5006502 0.5042462 0.4355004 0.2663103 0.2561853 0.2392176 0.3020349 0.1758514 0.1782591 0.6349339 0.1156000 0.1156000 0.0000000 0.0086388 0.0205057 0.0205235 0.2540301 0.2635911 0.1822088 0.1725008 0.1174442 0.1150766 0.1440921 0.1341322 0.2070811 0.2051554 0.2114936 0.2099847 0.1492505 0.1511817 0.1443392 0.2286421 0.2379080 0.1124709 0.1080323 
S_calcitrans_India         0.6426618 0.6984817 0.6470401 0.6048645 0.4942371 0.5252301 0.4421950 0.2795618 0.2624109 0.2470113 0.2980982 0.1788453 0.1849670 0.6132822 0.1039601 0.1039601 0.0086388 0.0000000 0.0089385 0.0089424 0.2530701 0.2625662 0.1828638 0.1731678 0.1153308 0.1129936 0.1423303 0.1322916 0.1995325 0.1976046 0.2101888 0.2052408 0.1422309 0.1442333 0.1223684 0.2292101 0.2346394 0.1466929 0.1265638 
S_calcitrans_Thailand_1    0.6305349 0.6855226 0.6371545 0.5951877 0.4936788 0.5188162 0.4510585 0.2303017 0.2232021 0.2085549 0.2682773 0.1567622 0.1629219 0.6180526 0.0721064 0.0721064 0.0205057 0.0089385 0.0000000 0.0005962 0.2201891 0.2293442 0.1581467 0.1505253 0.0937645 0.0947304 0.1282753 0.1179171 0.1851181 0.1810796 0.1945320 0.1895797 0.0966693 0.0989856 0.1119984 0.1971240 0.2005069 0.1146366 0.0934395 
S_calcitrans_Thailand_2    0.6349274 0.6901330 0.6406354 0.5986447 0.4933481 0.5184762 0.4488974 0.2328528 0.2258058 0.2111387 0.2706500 0.1593044 0.1654304 0.6216930 0.0723346 0.0723346 0.0205235 0.0089424 0.0005962 0.0000000 0.2226792 0.2318328 0.1607281 0.1531725 0.0966928 0.0976195 0.1309606 0.1207401 0.1875106 0.1834871 0.1931999 0.1882510 0.0998135 0.1020936 0.1195142 0.1971682 0.2005430 0.1173356 0.0963706 
S_indicus_1                0.5743065 0.7243724 0.6121569 0.5924782 0.5086960 0.6014293 0.4967279 0.2745928 0.2317184 0.2160282 0.2746087 0.2888696 0.2889484 0.6655810 0.2152574 0.2152574 0.2540301 0.2530701 0.2201891 0.2226792 0.0000000 0.0027213 0.2410998 0.2341492 0.2513056 0.2510849 0.2292646 0.2253504 0.2483356 0.2496768 0.2578341 0.2570707 0.2264493 0.2281068 0.2698167 0.2863759 0.2940288 0.2608431 0.2401480 
S_indicus_2                0.5743065 0.7243724 0.6152114 0.6068744 0.5189995 0.6081092 0.4913405 0.2847122 0.2254118 0.2162071 0.2796499 0.2943324 0.2944147 0.6763826 0.2198209 0.2198209 0.2635911 0.2625662 0.2293442 0.2318328 0.0027213 0.0000000 0.2432322 0.2368898 0.2606080 0.2538152 0.2383383 0.2344150 0.2466470 0.2479965 0.2673709 0.2665946 0.2356328 0.2372644 0.2819406 0.2901993 0.2978874 0.2612985 0.2404396 
S_inornatus_1              0.7167183 0.7144842 0.6510209 0.5930251 0.4945572 0.5116101 0.4965000 0.2719595 0.2397801 0.2318920 0.2933768 0.1933033 0.2037431 0.6517901 0.1671460 0.1671460 0.1822088 0.1828638 0.1581467 0.1607281 0.2410998 0.2432322 0.0000000 0.0030872 0.1361496 0.1343960 0.1676407 0.1670434 0.1471139 0.1474615 0.1904171 0.1897438 0.1596110 0.1614992 0.0946846 0.1705026 0.1717746 0.1842032 0.1684104 
S_inornatus_2              0.7011011 0.6986329 0.6411187 0.5887297 0.4833704 0.4946291 0.4833541 0.2565703 0.2322047 0.2233367 0.2784558 0.1778687 0.1884047 0.6529627 0.1538630 0.1538630 0.1725008 0.1731678 0.1505253 0.1531725 0.2341492 0.2368898 0.0030872 0.0000000 0.1287081 0.1269896 0.1637300 0.1594754 0.1427620 0.1431112 0.1811594 0.1804867 0.1475560 0.1495159 0.0837047 0.1587095 0.1677884 0.1763246 0.1602117 
S_niger_bilineatus_1       0.6496645 0.6984815 0.6677750 0.6243763 0.4878091 0.5175395 0.4594825 0.2507542 0.2572450 0.2377962 0.3209338 0.1998338 0.2094682 0.6439815 0.1171146 0.1171146 0.1174442 0.1153308 0.0937645 0.0966928 0.2513056 0.2606080 0.1361496 0.1287081 0.0000000 0.0024198 0.1039222 0.0940779 0.1590152 0.1582573 0.1686979 0.1640842 0.1438532 0.1457941 0.1836976 0.1966861 0.1998761 0.1307235 0.1140433 
S_niger_bilineatus_2       0.6433383 0.6917951 0.6807215 0.6369911 0.4934288 0.5136800 0.4648575 0.2505329 0.2502163 0.2376371 0.3204355 0.1998912 0.2094698 0.6574427 0.1178324 0.1178324 0.1150766 0.1129936 0.0947304 0.0976195 0.2510849 0.2538152 0.1343960 0.1269896 0.0024198 0.0000000 0.1076767 0.0978943 0.1520050 0.1512668 0.1668130 0.1622272 0.1443233 0.1462447 0.1848060 0.2014683 0.2046817 0.1283677 0.1118651 
S_niger_niger_1            0.6605524 0.6838924 0.7056671 0.6669791 0.5002004 0.6048405 0.4975759 0.2989069 0.2662136 0.2533626 0.3270541 0.2080598 0.2082499 0.6995310 0.1345991 0.1345991 0.1440921 0.1423303 0.1282753 0.1309606 0.2292646 0.2383383 0.1676407 0.1637300 0.1039222 0.1076767 0.0000000 0.0034515 0.1581598 0.1573880 0.1646766 0.1640459 0.1613019 0.1631338 0.1786508 0.2038124 0.2091778 0.1393683 0.1201969 
S_niger_niger_2            0.6437348 0.6710686 0.6964672 0.6622180 0.4939594 0.6016170 0.4913275 0.2962002 0.2608432 0.2478897 0.3196212 0.1988923 0.1991183 0.6920712 0.1188002 0.1188002 0.1341322 0.1322916 0.1179171 0.1207401 0.2253504 0.2344150 0.1670434 0.1594754 0.0940779 0.0978943 0.0034515 0.0000000 0.1540519 0.1532756 0.1598262 0.1591945 0.1515937 0.1535027 0.1711844 0.2001657 0.2056195 0.1302328 0.1105703 
S_omega_1                  0.6875800 0.7098744 0.6675046 0.6113153 0.5267100 0.5240536 0.4750704 0.2495607 0.2639093 0.2357858 0.3139434 0.2029077 0.2115261 0.7024733 0.1962830 0.1962830 0.2070811 0.1995325 0.1851181 0.1875106 0.2483356 0.2466470 0.1471139 0.1427620 0.1590152 0.1520050 0.1581598 0.1540519 0.0000000 0.0023956 0.1134940 0.1087599 0.1905630 0.1922532 0.2010105 0.1852633 0.1885186 0.2068806 0.1908452 
S_omega_2                  0.6918434 0.7143333 0.6552097 0.5946168 0.5271792 0.5217209 0.4764056 0.2524589 0.2681491 0.2398611 0.3140594 0.2009677 0.2095911 0.6959418 0.1933379 0.1933379 0.2051554 0.1976046 0.1810796 0.1834871 0.2496768 0.2479965 0.1474615 0.1431112 0.1582573 0.1512668 0.1573880 0.1532756 0.0023956 0.0000000 0.1093675 0.1045976 0.1876054 0.1893062 0.1970837 0.1866857 0.1899290 0.1990075 0.1828647 
S_pallidus_1               0.5944081 0.6822151 0.6646798 0.6472282 0.5126278 0.5748462 0.4818337 0.2728764 0.2743635 0.2767450 0.2804361 0.2190303 0.2212093 0.7104367 0.1979389 0.1979389 0.2114936 0.2101888 0.1945320 0.1931999 0.2578341 0.2673709 0.1904171 0.1811594 0.1686979 0.1668130 0.1646766 0.1598262 0.1134940 0.1093675 0.0000000 0.0021004 0.2031834 0.2048662 0.2213479 0.2182685 0.2235895 0.2091077 0.1975084 
S_pallidus_2               0.5861412 0.6821082 0.6690348 0.6448981 0.5159414 0.5816030 0.4792513 0.2717928 0.2823435 0.2846642 0.2764480 0.2137386 0.2242646 0.7000283 0.1929636 0.1929636 0.2099847 0.2052408 0.1895797 0.1882510 0.2570707 0.2665946 0.1897438 0.1804867 0.1640842 0.1622272 0.1640459 0.1591945 0.1087599 0.1045976 0.0021004 0.0000000 0.2067617 0.2084289 0.2359036 0.2175704 0.2228898 0.2121814 0.1960088 
S_sitiens_1                0.6656712 0.6317891 0.6645776 0.6648927 0.4712472 0.5547085 0.5099399 0.2658498 0.2497423 0.2213800 0.2863541 0.1583923 0.1687556 0.6994809 0.0679264 0.0679264 0.1492505 0.1422309 0.0966693 0.0998135 0.2264493 0.2356328 0.1596110 0.1475560 0.1438532 0.1443233 0.1613019 0.1515937 0.1905630 0.1876054 0.2031834 0.2067617 0.0000000 0.0002965 0.0219842 0.2043968 0.2056151 0.1600926 0.1401154 
S_sitiens_2                0.6656712 0.6317891 0.6660340 0.6663482 0.4724688 0.5558744 0.5111251 0.2674161 0.2514063 0.2231200 0.2877975 0.1602509 0.1705536 0.7010412 0.0698801 0.0698801 0.1511817 0.1442333 0.0989856 0.1020936 0.2281068 0.2372644 0.1614992 0.1495159 0.1457941 0.1462447 0.1631338 0.1535027 0.1922532 0.1893062 0.2048662 0.2084289 0.0002965 0.0000000 0.0229082 0.2060805 0.2072971 0.1618685 0.1420405 
S_sitiens_Burkina_Faso     0.6312588 0.7073942 0.5862569 0.5643631 0.5134066 0.4932853 0.5164362 0.3426239 0.3206278 0.2697206 0.3455650 0.1649242 0.1666747 0.6549870 0.0661631 0.0661631 0.1443392 0.1223684 0.1119984 0.1195142 0.2698167 0.2819406 0.0946846 0.0837047 0.1836976 0.1848060 0.1786508 0.1711844 0.2010105 0.1970837 0.2213479 0.2359036 0.0219842 0.0229082 0.0000000 0.1691988 0.1759485 0.1197902 0.1156466 
S_transvittatus_1          0.7126252 0.7567147 0.6653153 0.6206575 0.4781663 0.5232615 0.5125301 0.2578405 0.2907912 0.2879434 0.3221666 0.2306091 0.2412754 0.7035959 0.1880530 0.1880530 0.2286421 0.2292101 0.1971240 0.1971682 0.2863759 0.2901993 0.1705026 0.1587095 0.1966861 0.2014683 0.2038124 0.2001657 0.1852633 0.1866857 0.2182685 0.2175704 0.2043968 0.2060805 0.1691988 0.0000000 0.0053845 0.2129559 0.1951784 
S_transvittatus_2          0.7062246 0.7499613 0.6567516 0.6105407 0.4693553 0.5295015 0.5207455 0.2634052 0.2945218 0.2916472 0.3334173 0.2360306 0.2467034 0.6992696 0.1870051 0.1870051 0.2379080 0.2346394 0.2005069 0.2005430 0.2940288 0.2978874 0.1717746 0.1677884 0.1998761 0.2046817 0.2091778 0.2056195 0.1885186 0.1899290 0.2235895 0.2228898 0.2056151 0.2072971 0.1759485 0.0053845 0.0000000 0.2171988 0.1994790 
S_varipes_1                0.6686312 0.6610011 0.7210765 0.6785107 0.5533352 0.5458891 0.5339033 0.2707404 0.2396057 0.2084182 0.3125387 0.1534267 0.1525437 0.7423238 0.1463803 0.1463803 0.1124709 0.1466929 0.1146366 0.1173356 0.2608431 0.2612985 0.1842032 0.1763246 0.1307235 0.1283677 0.1393683 0.1302328 0.2068806 0.1990075 0.2091077 0.2121814 0.1600926 0.1618685 0.1197902 0.2129559 0.2171988 0.0000000 0.0005892 
S_varipes_2                0.6663278 0.6586825 0.6853292 0.6420224 0.5337901 0.5311848 0.5144848 0.2421319 0.2358278 0.2081538 0.2994873 0.1378734 0.1417465 0.6806133 0.1264377 0.1264377 0.1080323 0.1265638 0.0934395 0.0963706 0.2401480 0.2404396 0.1684104 0.1602117 0.1140433 0.1118651 0.1201969 0.1105703 0.1908452 0.1828647 0.1975084 0.1960088 0.1401154 0.1420405 0.1156466 0.1951784 0.1994790 0.0005892 0.0000000 
