35
Burramyidae_Burramys_parvus                  0.0000000 0.0845381 0.0904891 0.0863006 0.1052023 0.0720551 0.0758306 0.0862187 0.1800513 0.0817356 0.1196695 0.1152415 0.0736856 0.0806384 0.1191806 0.1219858 0.1129282 0.1776509 0.0819222 0.0814330 0.1191558 0.0817267 0.1098759 0.0777339 0.0815393 0.0855172 0.0844136 0.0762573 0.1789136 0.1046605 0.1804691 0.0709979 0.0731716 0.0841223 0.1155720 
Vombatidae_Lasiorhinus_latifrons             0.0845381 0.0000000 0.0824501 0.0776428 0.0881791 0.0653862 0.0711773 0.0755745 0.1373798 0.0757457 0.1049858 0.0958339 0.0702041 0.0738102 0.1038575 0.1029063 0.0978369 0.1342453 0.0718847 0.0697458 0.1022681 0.0676643 0.0856551 0.0668879 0.0701377 0.0751412 0.0733675 0.0700514 0.1380411 0.0864697 0.1422628 0.0641545 0.0651468 0.0753702 0.1051635 
Potoroidae_Bettongia_penicillata             0.0904891 0.0824501 0.0000000 0.0092130 0.1057333 0.0698705 0.0738450 0.0201443 0.1632678 0.0771761 0.1257142 0.1185056 0.0719198 0.0792069 0.1229980 0.1234204 0.1168906 0.1602672 0.0327577 0.0759557 0.1233264 0.0448850 0.1023453 0.0718516 0.0303794 0.0795608 0.0785631 0.0738618 0.1623809 0.1053891 0.1652174 0.0724190 0.0775245 0.0924185 0.1101428 
Potoroidae_Bettongia_lesueur                 0.0863006 0.0776428 0.0092130 0.0000000 0.1025563 0.0673298 0.0718414 0.0165129 0.1575349 0.0749062 0.1233260 0.1153711 0.0680639 0.0745432 0.1205777 0.1210916 0.1140155 0.1547652 0.0290376 0.0719653 0.1205865 0.0409860 0.0989374 0.0670157 0.0269540 0.0747334 0.0737631 0.0716033 0.1566474 0.1022181 0.1589335 0.0686799 0.0712971 0.0866748 0.1035319 
Dasyuridae_Dasyurus_maculatus                0.1052023 0.0881791 0.1057333 0.1025563 0.0000000 0.0833856 0.0915136 0.0995212 0.1414254 0.0957759 0.0134899 0.0199073 0.0896210 0.0886918 0.0138599 0.0097197 0.0207288 0.1447327 0.0980976 0.0930327 0.0135287 0.0909217 0.0871447 0.0908191 0.0970887 0.0989189 0.0932619 0.0897553 0.1402766 0.0073294 0.1448472 0.0759751 0.0806428 0.0960433 0.1155311 
Phalangeridae_Trichosurus_vulpecula          0.0720551 0.0653862 0.0698705 0.0673298 0.0833856 0.0000000 0.0231962 0.0645959 0.1383859 0.0361725 0.0974128 0.0930367 0.0218792 0.0672574 0.0970485 0.1001685 0.0919133 0.1370436 0.0611036 0.0633107 0.0949096 0.0589782 0.0837636 0.0603446 0.0598581 0.0686069 0.0678024 0.0237250 0.1364963 0.0842155 0.1356416 0.0656240 0.0680654 0.0824646 0.1083046 
Phalangeridae_Spilocuscus_maculatus          0.0758306 0.0711773 0.0738450 0.0718414 0.0915136 0.0231962 0.0000000 0.0700235 0.1443913 0.0330509 0.1058429 0.1011290 0.0184111 0.0699285 0.1054992 0.1065984 0.0992410 0.1475324 0.0643993 0.0647269 0.1035462 0.0641593 0.0914765 0.0637609 0.0640573 0.0695259 0.0701974 0.0194345 0.1450916 0.0926972 0.1431866 0.0693819 0.0740436 0.0881880 0.1131790 
Potoroidae_Aepyprymnus_rufescens             0.0862187 0.0755745 0.0201443 0.0165129 0.0995212 0.0645959 0.0700235 0.0000000 0.1524738 0.0718474 0.1182791 0.1113618 0.0675071 0.0715126 0.1151761 0.1178801 0.1062939 0.1471031 0.0279221 0.0726790 0.1144844 0.0400685 0.0973719 0.0650398 0.0256316 0.0753270 0.0732085 0.0694504 0.1503449 0.1006625 0.1494144 0.0659063 0.0674954 0.0864316 0.1011179 
Peramelidae_Perameles_nasuta                 0.1800513 0.1373798 0.1632678 0.1575349 0.1414254 0.1383859 0.1443913 0.1524738 0.0000000 0.1642525 0.1774662 0.1630909 0.1408762 0.1441084 0.1772751 0.1733417 0.1792810 0.0252640 0.1475595 0.1358433 0.1802169 0.1424940 0.1353373 0.1285222 0.1431562 0.1442317 0.1402235 0.1437333 0.0245748 0.1376603 0.0009521 0.0970915 0.1302873 0.1421411 0.1023844 
Phalangeridae_Strigocuscus_pelengensis       0.0817356 0.0757457 0.0771761 0.0749062 0.0957759 0.0361725 0.0330509 0.0718474 0.1642525 0.0000000 0.1125621 0.1070047 0.0293728 0.0739817 0.1132505 0.1116201 0.1060433 0.1669146 0.0687907 0.0703006 0.1113002 0.0679554 0.0925042 0.0669574 0.0686168 0.0724944 0.0735414 0.0288168 0.1652401 0.0961156 0.1659339 0.0744764 0.0798616 0.0937001 0.1297156 
Dasyuridae_Phascogale_tapoatafa              0.1196695 0.1049858 0.1257142 0.1233260 0.0134899 0.0974128 0.1058429 0.1182791 0.1774662 0.1125621 0.0000000 0.0251182 0.1036166 0.1046864 0.0040127 0.0181905 0.0220832 0.1809824 0.1144317 0.1092287 0.0101660 0.1092193 0.1080284 0.1072698 0.1130568 0.1149939 0.1108211 0.1051341 0.1745135 0.0125406 0.1779717 0.0751346 0.0746841 0.0901786 0.1151115 
Dasyuridae_Sminthopsis_macroura              0.1152415 0.0958339 0.1185056 0.1153711 0.0199073 0.0930367 0.1011290 0.1113618 0.1630909 0.1070047 0.0251182 0.0000000 0.0999400 0.1005741 0.0251349 0.0273871 0.0209611 0.1718687 0.1080248 0.1032427 0.0232555 0.1016174 0.0976274 0.1037142 0.1070173 0.1099624 0.1077852 0.0993750 0.1646290 0.0189243 0.1728265 0.0687188 0.0770838 0.0890985 0.1109023 
Phalangeridae_Phalanger_orientalis           0.0736856 0.0702041 0.0719198 0.0680639 0.0896210 0.0218792 0.0184111 0.0675071 0.1408762 0.0293728 0.1036166 0.0999400 0.0000000 0.0673824 0.1040055 0.1053211 0.0968319 0.1406487 0.0609220 0.0625070 0.1013339 0.0611565 0.0864116 0.0619121 0.0612129 0.0684148 0.0698025 0.0114683 0.1408695 0.0907804 0.1387702 0.0669661 0.0707195 0.0832905 0.1078022 
Acrobatidae_Acrobates_pygmaeus               0.0806384 0.0738102 0.0792069 0.0745432 0.0886918 0.0672574 0.0699285 0.0715126 0.1441084 0.0739817 0.1046864 0.1005741 0.0673824 0.0000000 0.1043647 0.1061218 0.0992247 0.1478449 0.0677985 0.0571787 0.1049756 0.0651267 0.0856951 0.0535329 0.0677675 0.0612436 0.0423848 0.0707035 0.1451979 0.0887660 0.1439013 0.0676962 0.0690467 0.0822344 0.0978130 
Dasyuridae_Phascogale_calura                 0.1191806 0.1038575 0.1229980 0.1205777 0.0138599 0.0970485 0.1054992 0.1151761 0.1772751 0.1132505 0.0040127 0.0251349 0.1040055 0.1043647 0.0000000 0.0185473 0.0209317 0.1800990 0.1131234 0.1085963 0.0098948 0.1085743 0.1062860 0.1059380 0.1117627 0.1143716 0.1091440 0.1047424 0.1747425 0.0129064 0.1776949 0.0740461 0.0750409 0.0920429 0.1160404 
Dasyuridae_Sarcophilus_harrisii              0.1219858 0.1029063 0.1234204 0.1210916 0.0097197 0.1001685 0.1065984 0.1178801 0.1733417 0.1116201 0.0181905 0.0273871 0.1053211 0.1061218 0.0185473 0.0000000 0.0236422 0.1779102 0.1138629 0.1091916 0.0174924 0.1070702 0.1097248 0.1072996 0.1127116 0.1149652 0.1112597 0.1067171 0.1757844 0.0099997 0.1818646 0.0740821 0.0806119 0.0932941 0.1109503 
Dasyuridae_Planigale_tenuirostris            0.1129282 0.0978369 0.1168906 0.1140155 0.0207288 0.0919133 0.0992410 0.1062939 0.1792810 0.1060433 0.0220832 0.0209611 0.0968319 0.0992247 0.0209317 0.0236422 0.0000000 0.1795270 0.1047774 0.1031356 0.0212058 0.1013384 0.0992742 0.1011279 0.1043036 0.1084793 0.1036993 0.0975417 0.1798146 0.0200314 0.1773015 0.0660424 0.0679985 0.0856367 0.1116394 
Peramelidae_Echymipera_kalubu                0.1776509 0.1342453 0.1602672 0.1547652 0.1447327 0.1370436 0.1475324 0.1471031 0.0252640 0.1669146 0.1809824 0.1718687 0.1406487 0.1478449 0.1800990 0.1779102 0.1795270 0.0000000 0.1459688 0.1386611 0.1808654 0.1425601 0.1338512 0.1306063 0.1415839 0.1499976 0.1389932 0.1457570 0.0213799 0.1390974 0.0245709 0.0945673 0.1402817 0.1519510 0.0993641 
Macropodidae_Dorcopsulus_vanheurni           0.0819222 0.0718847 0.0327577 0.0290376 0.0980976 0.0611036 0.0643993 0.0279221 0.1475595 0.0687907 0.1144317 0.1080248 0.0609220 0.0677985 0.1131234 0.1138629 0.1047774 0.1459688 0.0000000 0.0645241 0.1133974 0.0364695 0.0936315 0.0605967 0.0073048 0.0671048 0.0670271 0.0629220 0.1466087 0.0978392 0.1490334 0.0626964 0.0671723 0.0804532 0.0983040 
Pseudochiridae_Pseudochirulus_forbesi        0.0814330 0.0697458 0.0759557 0.0719653 0.0930327 0.0633107 0.0647269 0.0726790 0.1358433 0.0703006 0.1092287 0.1032427 0.0625070 0.0571787 0.1085963 0.1091916 0.1031356 0.1386611 0.0645241 0.0000000 0.1058594 0.0604600 0.0918846 0.0324170 0.0633600 0.0243166 0.0606509 0.0645150 0.1386571 0.0916587 0.1382411 0.0638825 0.0657277 0.0786145 0.0866321 
Dasyuridae_Antechinus_stuartii               0.1191558 0.1022681 0.1233264 0.1205865 0.0135287 0.0949096 0.1035462 0.1144844 0.1802169 0.1113002 0.0101660 0.0232555 0.1013339 0.1049756 0.0098948 0.0174924 0.0212058 0.1808654 0.1133974 0.1058594 0.0000000 0.1084373 0.1078755 0.1057638 0.1120074 0.1124019 0.1078874 0.1014019 0.1811559 0.0125552 0.1795705 0.0692785 0.0725469 0.0898313 0.1142940 
Hypsiprymnodontidae_Hypsiprymnodon_moschatus 0.0817267 0.0676643 0.0448850 0.0409860 0.0909217 0.0589782 0.0641593 0.0400685 0.1424940 0.0679554 0.1092193 0.1016174 0.0611565 0.0651267 0.1085743 0.1070702 0.1013384 0.1425601 0.0364695 0.0604600 0.1084373 0.0000000 0.0908795 0.0579444 0.0334846 0.0657177 0.0662387 0.0627610 0.1434851 0.0907147 0.1433985 0.0612952 0.0640382 0.0778773 0.0955448 
Microbiotheriidae_Dromiciops_gliroides       0.1098759 0.0856551 0.1023453 0.0989374 0.0871447 0.0837636 0.0914765 0.0973719 0.1353373 0.0925042 0.1080284 0.0976274 0.0864116 0.0856951 0.1062860 0.1097248 0.0992742 0.1338512 0.0936315 0.0918846 0.1078755 0.0908795 0.0000000 0.0868480 0.0912794 0.0980229 0.0901090 0.0894050 0.1373639 0.0897747 0.1355139 0.0590914 0.0672017 0.0816297 0.1134089 
Pseudochiridae_Petauroides_volans            0.0777339 0.0668879 0.0718516 0.0670157 0.0908191 0.0603446 0.0637609 0.0650398 0.1285222 0.0669574 0.1072698 0.1037142 0.0619121 0.0535329 0.1059380 0.1072996 0.1011279 0.1306063 0.0605967 0.0324170 0.1057638 0.0579444 0.0868480 0.0000000 0.0596265 0.0365766 0.0581786 0.0626894 0.1301457 0.0922577 0.1323475 0.0633429 0.0650896 0.0791086 0.0816768 
Macropodidae_Wallabia_bicolor                0.0815393 0.0701377 0.0303794 0.0269540 0.0970887 0.0598581 0.0640573 0.0256316 0.1431562 0.0686168 0.1130568 0.1070173 0.0612129 0.0677675 0.1117627 0.1127116 0.1043036 0.1415839 0.0073048 0.0633600 0.1120074 0.0334846 0.0912794 0.0596265 0.0000000 0.0676958 0.0671632 0.0628102 0.1417498 0.0968369 0.1439277 0.0617785 0.0661802 0.0798523 0.0965086 
Pseudochiridae_Pseudocheirus_occidentalis    0.0855172 0.0751412 0.0795608 0.0747334 0.0989189 0.0686069 0.0695259 0.0753270 0.1442317 0.0724944 0.1149939 0.1099624 0.0684148 0.0612436 0.1143716 0.1149652 0.1084793 0.1499976 0.0671048 0.0243166 0.1124019 0.0657177 0.0980229 0.0365766 0.0676958 0.0000000 0.0645302 0.0701918 0.1492673 0.0989156 0.1438912 0.0728848 0.0732500 0.0872796 0.1015265 
Acrobatidae_Distoechurus_pennatus            0.0844136 0.0733675 0.0785631 0.0737631 0.0932619 0.0678024 0.0701974 0.0732085 0.1402235 0.0735414 0.1108211 0.1077852 0.0698025 0.0423848 0.1091440 0.1112597 0.1036993 0.1389932 0.0670271 0.0606509 0.1078874 0.0662387 0.0901090 0.0581786 0.0671632 0.0645302 0.0000000 0.0708066 0.1423928 0.0929042 0.1391104 0.0749423 0.0781638 0.0904880 0.0990080 
Phalangeridae_Phalanger_carmelitae           0.0762573 0.0700514 0.0738618 0.0716033 0.0897553 0.0237250 0.0194345 0.0694504 0.1437333 0.0288168 0.1051341 0.0993750 0.0114683 0.0707035 0.1047424 0.1067171 0.0975417 0.1457570 0.0629220 0.0645150 0.1014019 0.0627610 0.0894050 0.0626894 0.0628102 0.0701918 0.0708066 0.0000000 0.1458591 0.0916132 0.1435341 0.0683618 0.0734825 0.0862258 0.1108979 
Peramelidae_Peroryctes_raffrayana            0.1789136 0.1380411 0.1623809 0.1566474 0.1402766 0.1364963 0.1450916 0.1503449 0.0245748 0.1652401 0.1745135 0.1646290 0.1408695 0.1451979 0.1747425 0.1757844 0.1798146 0.0213799 0.1466087 0.1386571 0.1811559 0.1434851 0.1373639 0.1301457 0.1417498 0.1492673 0.1423928 0.1458591 0.0000000 0.1405652 0.0217284 0.0961110 0.1311866 0.1427898 0.1055393 
Dasyuridae_Dasyurus_geffroii                 0.1046605 0.0864697 0.1053891 0.1022181 0.0073294 0.0842155 0.0926972 0.1006625 0.1376603 0.0961156 0.0125406 0.0189243 0.0907804 0.0887660 0.0129064 0.0099997 0.0200314 0.1390974 0.0978392 0.0916587 0.0125552 0.0907147 0.0897747 0.0922577 0.0968369 0.0989156 0.0929042 0.0916132 0.1405652 0.0000000 0.1401636 0.0729220 0.0781131 0.0927205 0.1149982 
Peramelidae_Perameles_gunnii                 0.1804691 0.1422628 0.1652174 0.1589335 0.1448472 0.1356416 0.1431866 0.1494144 0.0009521 0.1659339 0.1779717 0.1728265 0.1387702 0.1439013 0.1776949 0.1818646 0.1773015 0.0245709 0.1490334 0.1382411 0.1795705 0.1433985 0.1355139 0.1323475 0.1439277 0.1438912 0.1391104 0.1435341 0.0217284 0.1401636 0.0000000 0.0971891 0.1257617 0.1412856 0.0995625 
Notoryctidae_Notoryctes_typhlops             0.0709979 0.0641545 0.0724190 0.0686799 0.0759751 0.0656240 0.0693819 0.0659063 0.0970915 0.0744764 0.0751346 0.0687188 0.0669661 0.0676962 0.0740461 0.0740821 0.0660424 0.0945673 0.0626964 0.0638825 0.0692785 0.0612952 0.0590914 0.0633429 0.0617785 0.0728848 0.0749423 0.0683618 0.0961110 0.0729220 0.0971891 0.0000000 0.0689039 0.0748272 0.1161423 
Didelphidae_Didelphis_virginiana             0.0731716 0.0651468 0.0775245 0.0712971 0.0806428 0.0680654 0.0740436 0.0674954 0.1302873 0.0798616 0.0746841 0.0770838 0.0707195 0.0690467 0.0750409 0.0806119 0.0679985 0.1402817 0.0671723 0.0657277 0.0725469 0.0640382 0.0672017 0.0650896 0.0661802 0.0732500 0.0781638 0.0734825 0.1311866 0.0781131 0.1257617 0.0689039 0.0000000 0.0262460 0.1319791 
Marmosidae_Monodelphis_domestica             0.0841223 0.0753702 0.0924185 0.0866748 0.0960433 0.0824646 0.0881880 0.0864316 0.1421411 0.0937001 0.0901786 0.0890985 0.0832905 0.0822344 0.0920429 0.0932941 0.0856367 0.1519510 0.0804532 0.0786145 0.0898313 0.0778773 0.0816297 0.0791086 0.0798523 0.0872796 0.0904880 0.0862258 0.1427898 0.0927205 0.1412856 0.0748272 0.0262460 0.0000000 0.1332251 
Tarsipedidae_Tarsipes_rostratus              0.1155720 0.1051635 0.1101428 0.1035319 0.1155311 0.1083046 0.1131790 0.1011179 0.1023844 0.1297156 0.1151115 0.1109023 0.1078022 0.0978130 0.1160404 0.1109503 0.1116394 0.0993641 0.0983040 0.0866321 0.1142940 0.0955448 0.1134089 0.0816768 0.0965086 0.1015265 0.0990080 0.1108979 0.1055393 0.1149982 0.0995625 0.1161423 0.1319791 0.1332251 0.0000000 
