37
Burramyidae_Burramys_parvus                  0.0000000 0.0980365 0.0414885 0.0504561 0.0572926 0.0728261 0.0432538 0.0489400 0.0506975 0.0937073 0.0516615 0.0404233 0.0718486 0.0748660 0.0461312 0.0481647 0.0706460 0.0707749 0.0725343 0.1002201 0.0522839 0.0590279 0.0933475 0.1022671 0.0780292 0.0541635 0.0658042 0.0487336 0.0490407 0.0715828 0.0653059 0.0540552 0.0516615 0.0459023 0.0971725 0.0715814 0.0964291 
Notoryctidae_Notoryctes_typhlops             0.0980365 0.0000000 0.0912932 0.1191565 0.1087685 0.0954505 0.1035794 0.1128588 0.1148773 0.1384440 0.1069379 0.1015838 0.1036855 0.0964527 0.1121755 0.1143415 0.1217117 0.0935072 0.1006885 0.1430288 0.1241483 0.1090043 0.1299137 0.1527608 0.1124124 0.1264343 0.1120376 0.1073469 0.1043690 0.4156457 0.1391962 0.1183183 0.1069379 0.1092296 0.1410974 0.0984678 0.1405558 
Vombatidae_Lasiorhinus_latifrons             0.0414885 0.0912932 0.0000000 0.0533409 0.0602531 0.0715791 0.0479994 0.0547936 0.0525163 0.0896806 0.0533317 0.0453479 0.0681895 0.0691329 0.0500219 0.0489160 0.0660393 0.0705910 0.0723855 0.0926759 0.0570584 0.0585647 0.1028917 0.1057159 0.0764386 0.0619683 0.0622064 0.0513298 0.0546651 0.0766502 0.0687861 0.0557893 0.0533317 0.0478818 0.0927861 0.0683175 0.0907540 
Potoroidae_Bettongia_penicillata             0.0504561 0.1191565 0.0533409 0.0000000 0.0070006 0.0884302 0.0522032 0.0608878 0.0102082 0.1041206 0.0622822 0.0555236 0.0858513 0.0826950 0.0559954 0.0607952 0.0856652 0.0852843 0.0793856 0.1142592 0.0217517 0.0650981 0.1133924 0.1273528 0.0905675 0.0433125 0.0737843 0.0601741 0.0194423 0.0863957 0.0743305 0.0698177 0.0622822 0.0537948 0.1093971 0.0828695 0.1070810 
Potoroidae_Bettongia_lesueur                 0.0572926 0.1087685 0.0602531 0.0070006 0.0000000 0.0766012 0.0578085 0.0636789 0.0150562 0.1119034 0.0662287 0.0573584 0.0776550 0.0880724 0.0588734 0.0696873 0.0781379 0.0918038 0.0854723 0.1185492 0.0294021 0.0721326 0.1014510 0.1323170 0.0769815 0.0460905 0.0727579 0.0642196 0.0201167 0.0866272 0.0830048 0.0769228 0.0662287 0.0565234 0.1148652 0.0755465 0.1150396 
Dasyuridae_Dasyurus_maculatus                0.0728261 0.0954505 0.0715791 0.0884302 0.0766012 0.0000000 0.0769852 0.0861182 0.0831734 0.1078116 0.0321366 0.0807714 0.0186894 0.0201359 0.0787130 0.0844966 0.0182249 0.0077834 0.0227743 0.1116656 0.0893037 0.0870390 0.0930198 0.1196116 0.0188934 0.0995166 0.0701944 0.0828283 0.0702050 0.1145075 0.1051920 0.0945354 0.0321366 0.0801745 0.1142576 0.0052189 0.1098943 
Phalangeridae_Trichosurus_vulpecula          0.0432538 0.1035794 0.0479994 0.0522032 0.0578085 0.0769852 0.0000000 0.0186343 0.0522795 0.0959401 0.0421602 0.0173776 0.0802365 0.0812038 0.0153138 0.0525882 0.0789865 0.0790699 0.0743709 0.0987616 0.0550056 0.0559255 0.1065773 0.1145027 0.0859170 0.0567286 0.0743748 0.0485469 0.0535653 0.0758013 0.0670933 0.0594687 0.0421602 0.0176900 0.0997901 0.0777866 0.0970389 
Phalangeridae_Spilocuscus_maculatus          0.0489400 0.1128588 0.0547936 0.0608878 0.0636789 0.0861182 0.0186343 0.0000000 0.0600058 0.1006849 0.0518084 0.0088786 0.0878931 0.0888718 0.0136078 0.0574094 0.0865980 0.0893907 0.0821029 0.1087703 0.0626473 0.0605218 0.1074450 0.1165995 0.0947180 0.0616803 0.0835584 0.0533476 0.0603896 0.0802325 0.0720169 0.0624274 0.0518084 0.0135096 0.1066016 0.0869163 0.1026235 
Potoroidae_Aepyprymnus_rufescens             0.0506975 0.1148773 0.0525163 0.0102082 0.0150562 0.0831734 0.0522795 0.0600058 0.0000000 0.1065550 0.0551996 0.0516003 0.0806491 0.0816939 0.0552057 0.0607994 0.0784085 0.0800612 0.0759939 0.1135113 0.0260047 0.0642048 0.1087011 0.1202847 0.0850551 0.0406406 0.0784547 0.0610800 0.0236978 0.0831516 0.0797816 0.0658987 0.0551996 0.0529213 0.1071509 0.0797842 0.1096546 
Peramelidae_Perameles_nasuta                 0.0937073 0.1384440 0.0896806 0.1041206 0.1119034 0.1078116 0.0959401 0.1006849 0.1065550 0.0000000 0.1715265 0.0998100 0.1082411 0.1092828 0.0965009 0.0995839 0.1103573 0.1065416 0.1136565 0.0233979 0.1048293 0.1026439 0.1169141 0.1282602 0.1145597 0.1187374 0.0958210 0.0938823 0.1024046 0.1383785 0.1241015 0.1044021 0.1715265 0.0933827 0.0239476 0.1039567 0.0015738 
Myrmecobiidae_Myrmecobius_fasciatus1         0.0516615 0.1069379 0.0533317 0.0622822 0.0662287 0.0321366 0.0421602 0.0518084 0.0551996 0.1715265 0.0000000 0.0515986 0.0259188 0.0259188 0.0555840 0.0851230 0.0229138 0.0320559 0.0234046 0.1745711 0.0549727 0.0661141 0.1060609 0.1798746 0.0320235 0.0739187 0.0625766 0.0588651 0.0550389 0.0512987 0.0496443 0.0691007 0.0000010 0.0516595 0.1887140 0.0352490 0.1718479 
Phalangeridae_Strigocuscus_pelengensis       0.0404233 0.1015838 0.0453479 0.0555236 0.0573584 0.0807714 0.0173776 0.0088786 0.0516003 0.0998100 0.0515986 0.0000000 0.0804237 0.0824964 0.0122547 0.0481036 0.0791497 0.0818973 0.0781683 0.1057345 0.0563475 0.0584157 0.1045204 0.1132629 0.0859475 0.0539476 0.0764112 0.0488592 0.0554206 0.0800091 0.0681080 0.0500077 0.0515986 0.0113668 0.1024975 0.0816038 0.1003145 
Dasyuridae_Phascogale_tapoatafa              0.0718486 0.1036855 0.0681895 0.0858513 0.0776550 0.0186894 0.0802365 0.0878931 0.0806491 0.1082411 0.0259188 0.0804237 0.0000000 0.0150818 0.0804846 0.0809223 0.0035983 0.0143394 0.0198427 0.1178350 0.0888376 0.0887388 0.0949843 0.1167134 0.0119695 0.0978839 0.0723055 0.0838001 0.0727781 0.1246488 0.1046368 0.0908202 0.0259188 0.0819339 0.1173623 0.0207583 0.1127364 
Dasyuridae_Sminthopsis_macroura              0.0748660 0.0964527 0.0691329 0.0826950 0.0880724 0.0201359 0.0812038 0.0888718 0.0816939 0.1092828 0.0259188 0.0824964 0.0150818 0.0000000 0.0814559 0.0818867 0.0166915 0.0201221 0.0207505 0.1224822 0.0898995 0.0897158 0.1064504 0.1210855 0.0211740 0.1000860 0.0737802 0.0847973 0.0867252 0.1242552 0.1068098 0.0917988 0.0259188 0.0808029 0.1183991 0.0184251 0.1126033 
Phalangeridae_Phalanger_orientalis           0.0461312 0.1121755 0.0500219 0.0559954 0.0588734 0.0787130 0.0153138 0.0136078 0.0552057 0.0965009 0.0555840 0.0122547 0.0804846 0.0814559 0.0000000 0.0584619 0.0792381 0.0819263 0.0759623 0.1016138 0.0579589 0.0589296 0.1057628 0.1151015 0.0859586 0.0597598 0.0766488 0.0537977 0.0556023 0.0788493 0.0733048 0.0644926 0.0555840 0.0078276 0.1001822 0.0795291 0.0969948 
Acrobatidae_Acrobates_pygmaeus               0.0481647 0.1143415 0.0489160 0.0607952 0.0696873 0.0844966 0.0525882 0.0574094 0.0607994 0.0995839 0.0851230 0.0481036 0.0809223 0.0818867 0.0584619 0.0000000 0.0818154 0.0824223 0.0769908 0.1074726 0.0645977 0.0619929 0.1079572 0.1099400 0.0876787 0.0615352 0.0752986 0.0481333 0.0603324 0.0761660 0.0663261 0.0288092 0.0851230 0.0531970 0.1045885 0.0800363 0.1026296 
Dasyuridae_Phascogale_calura                 0.0706460 0.1217117 0.0660393 0.0856652 0.0781379 0.0182249 0.0789865 0.0865980 0.0784085 0.1103573 0.0229138 0.0791497 0.0035983 0.0166915 0.0792381 0.0818154 0.0000000 0.0159542 0.0216768 0.1187816 0.0865334 0.0864228 0.0976601 0.1184424 0.0167265 0.0954896 0.0733560 0.0836257 0.0722428 0.1578465 0.1021117 0.0895595 0.0229138 0.0806890 0.1170812 0.0207189 0.1148391 
Dasyuridae_Sarcophilus_harrisii              0.0707749 0.0935072 0.0705910 0.0852843 0.0918038 0.0077834 0.0790699 0.0893907 0.0800612 0.1065416 0.0320559 0.0818973 0.0143394 0.0201221 0.0819263 0.0824223 0.0159542 0.0000000 0.0218270 0.1119802 0.0904192 0.0903136 0.1072096 0.1232797 0.0178945 0.0962585 0.0754390 0.0839149 0.0893832 0.1329383 0.1087264 0.0924124 0.0320559 0.0812657 0.1106485 0.0061939 0.1086326 
Dasyuridae_Planigale_tenuirostris            0.0725343 0.1006885 0.0723855 0.0793856 0.0854723 0.0227743 0.0743709 0.0821029 0.0759939 0.1136565 0.0234046 0.0781683 0.0198427 0.0207505 0.0759623 0.0769908 0.0216768 0.0218270 0.0000000 0.1212596 0.0827818 0.0827565 0.1070704 0.1140242 0.0255877 0.0892757 0.0747016 0.0778828 0.0773878 0.1102619 0.0968831 0.0891583 0.0234046 0.0781183 0.1176218 0.0227082 0.1152834 
Peramelidae_Echymipera_kalubu                0.1002201 0.1430288 0.0926759 0.1142592 0.1185492 0.1116656 0.0987616 0.1087703 0.1135113 0.0233979 0.1745711 0.1057345 0.1178350 0.1224822 0.1016138 0.1074726 0.1187816 0.1119802 0.1212596 0.0000000 0.1167494 0.1087526 0.1315199 0.1399761 0.1246981 0.1235656 0.1048065 0.1044391 0.1132424 0.1643984 0.1319267 0.1171740 0.1745711 0.0987836 0.0308836 0.1101297 0.0221536 
Macropodidae_Dorcopsulus_vanheurni           0.0522839 0.1241483 0.0570584 0.0217517 0.0294021 0.0893037 0.0550056 0.0626473 0.0260047 0.1048293 0.0549727 0.0563475 0.0888376 0.0898995 0.0579589 0.0645977 0.0865334 0.0904192 0.0827818 0.1167494 0.0000000 0.0649725 0.1167485 0.1259802 0.0934637 0.0460068 0.0757482 0.0629391 0.0070556 0.0922653 0.0723809 0.0717491 0.0549727 0.0575490 0.1134528 0.0879633 0.1092172 
Pseudochiridae_Pseudochirulus_forbesi        0.0590279 0.1090043 0.0585647 0.0650981 0.0721326 0.0870390 0.0559255 0.0605218 0.0642048 0.1026439 0.0661141 0.0584157 0.0887388 0.0897158 0.0589296 0.0619929 0.0864228 0.0903136 0.0827565 0.1087526 0.0649725 0.0000000 0.1125102 0.1179921 0.0957700 0.0679351 0.0811711 0.0419152 0.0646760 0.0228625 0.0707517 0.0651497 0.0661141 0.0604568 0.1057626 0.0878455 0.1084004 
Didelphidae_Didelphis_virginiana             0.0933475 0.1299137 0.1028917 0.1133924 0.1014510 0.0930198 0.1065773 0.1074450 0.1087011 0.1169141 0.1060609 0.1045204 0.0949843 0.1064504 0.1057628 0.1079572 0.0976601 0.1072096 0.1070704 0.1315199 0.1167485 0.1125102 0.0000000 0.0526561 0.0948221 0.1182858 0.0980005 0.1106271 0.0951336 0.1717893 0.1357829 0.1104690 0.1060609 0.1026960 0.1325038 0.0927384 0.1196472 
Marmosidae_Monodelphis_domestica             0.1022671 0.1527608 0.1057159 0.1273528 0.1323170 0.1196116 0.1145027 0.1165995 0.1202847 0.1282602 0.1798746 0.1132629 0.1167134 0.1210855 0.1151015 0.1099400 0.1184424 0.1232797 0.1140242 0.1399761 0.1259802 0.1179921 0.0526561 0.0000000 0.1283555 0.1304597 0.1153590 0.1061885 0.1226951 0.1576543 0.1355153 0.1176372 0.1798746 0.1141892 0.1452034 0.1156670 0.1316814 
Dasyuridae_Antechinus_stuartii               0.0780292 0.1124124 0.0764386 0.0905675 0.0769815 0.0188934 0.0859170 0.0947180 0.0850551 0.1145597 0.0320235 0.0859475 0.0119695 0.0211740 0.0859586 0.0876787 0.0167265 0.0178945 0.0255877 0.1246981 0.0934637 0.0957700 0.0948221 0.1283555 0.0000000 0.1003932 0.0724393 0.0880584 0.0727273 0.1440572 0.1066770 0.0964853 0.0320235 0.0876417 0.1252949 0.0201150 0.1186708 
Hypsiprymnodontidae_Hypsiprymnodon_moschatus 0.0541635 0.1264343 0.0619683 0.0433125 0.0460905 0.0995166 0.0567286 0.0616803 0.0406406 0.1187374 0.0739187 0.0539476 0.0978839 0.1000860 0.0597598 0.0615352 0.0954896 0.0962585 0.0892757 0.1235656 0.0460068 0.0679351 0.1182858 0.1304597 0.1003932 0.0000000 0.0884571 0.0661053 0.0416427 0.0799893 0.0831025 0.0702744 0.0739187 0.0573637 0.1217062 0.0981065 0.1218878 
Microbiotheriidae_Dromiciops_gliroides       0.0658042 0.1120376 0.0622064 0.0737843 0.0727579 0.0701944 0.0743748 0.0835584 0.0784547 0.0958210 0.0625766 0.0764112 0.0723055 0.0737802 0.0766488 0.0752986 0.0733560 0.0754390 0.0747016 0.1048065 0.0757482 0.0811711 0.0980005 0.1153590 0.0724393 0.0884571 0.0000000 0.0775844 0.0617900 0.1215588 0.0968060 0.0890118 0.0625766 0.0785700 0.1072240 0.0689360 0.0987460 
Pseudochiridae_Petauroides_volans            0.0487336 0.1073469 0.0513298 0.0601741 0.0642196 0.0828283 0.0485469 0.0533476 0.0610800 0.0938823 0.0588651 0.0488592 0.0838001 0.0847973 0.0537977 0.0481333 0.0836257 0.0839149 0.0778828 0.1044391 0.0629391 0.0419152 0.1106271 0.1061885 0.0880584 0.0661053 0.0775844 0.0000000 0.0595694 0.0523635 0.0610960 0.0601517 0.0588651 0.0534028 0.1036250 0.0836469 0.0972084 
Macropodidae_Wallabia_bicolor                0.0490407 0.1043690 0.0546651 0.0194423 0.0201167 0.0702050 0.0535653 0.0603896 0.0236978 0.1024046 0.0550389 0.0554206 0.0727781 0.0867252 0.0556023 0.0603324 0.0722428 0.0893832 0.0773878 0.1132424 0.0070556 0.0646760 0.0951336 0.1226951 0.0727273 0.0416427 0.0617900 0.0595694 0.0000000 0.0797266 0.0688774 0.0652528 0.0550389 0.0552706 0.1101983 0.0711831 0.1064651 
Pseudochiridae_Pseudocheirus_occidentalis    0.0715828 0.4156457 0.0766502 0.0863957 0.0866272 0.1145075 0.0758013 0.0802325 0.0831516 0.1383785 0.0512987 0.0800091 0.1246488 0.1242552 0.0788493 0.0761660 0.1578465 0.1329383 0.1102619 0.1643984 0.0922653 0.0228625 0.1717893 0.1576543 0.1440572 0.0799893 0.1215588 0.0523635 0.0797266 0.0000000 0.0767994 0.0901255 0.0512987 0.0782153 0.1559416 0.1194532 0.1533385 
Tarsipedidae_Tarsipes_rostratus              0.0653059 0.1391962 0.0687861 0.0743305 0.0830048 0.1051920 0.0670933 0.0720169 0.0797816 0.1241015 0.0496443 0.0681080 0.1046368 0.1068098 0.0733048 0.0663261 0.1021117 0.1087264 0.0968831 0.1319267 0.0723809 0.0707517 0.1357829 0.1355153 0.1066770 0.0831025 0.0968060 0.0610960 0.0688774 0.0767994 0.0000000 0.0758507 0.0496443 0.0729887 0.1367668 0.1059903 0.1283718 
Acrobatidae_Distoechurus_pennatus            0.0540552 0.1183183 0.0557893 0.0698177 0.0769228 0.0945354 0.0594687 0.0624274 0.0658987 0.1044021 0.0691007 0.0500077 0.0908202 0.0917988 0.0644926 0.0288092 0.0895595 0.0924124 0.0891583 0.1171740 0.0717491 0.0651497 0.1104690 0.1176372 0.0964853 0.0702744 0.0890118 0.0601517 0.0652528 0.0901255 0.0758507 0.0000000 0.0691007 0.0571509 0.1084103 0.0899267 0.1074958 
Myrmecobiidae_Myrmecobius_fasciatus2         0.0516615 0.1069379 0.0533317 0.0622822 0.0662287 0.0321366 0.0421602 0.0518084 0.0551996 0.1715265 0.0000010 0.0515986 0.0259188 0.0259188 0.0555840 0.0851230 0.0229138 0.0320559 0.0234046 0.1745711 0.0549727 0.0661141 0.1060609 0.1798746 0.0320235 0.0739187 0.0625766 0.0588651 0.0550389 0.0512987 0.0496443 0.0691007 0.0000000 0.0516595 0.1887140 0.0352490 0.1718479 
Phalangeridae_Phalanger_carmelitae           0.0459023 0.1092296 0.0478818 0.0537948 0.0565234 0.0801745 0.0176900 0.0135096 0.0529213 0.0933827 0.0516595 0.0113668 0.0819339 0.0808029 0.0078276 0.0531970 0.0806890 0.0812657 0.0781183 0.0987836 0.0575490 0.0604568 0.1026960 0.1141892 0.0876417 0.0573637 0.0785700 0.0534028 0.0552706 0.0782153 0.0729887 0.0571509 0.0516595 0.0000000 0.0971243 0.0768109 0.0942363 
Peramelidae_Peroryctes_raffrayana            0.0971725 0.1410974 0.0927861 0.1093971 0.1148652 0.1142576 0.0997901 0.1066016 0.1071509 0.0239476 0.1887140 0.1024975 0.1173623 0.1183991 0.1001822 0.1045885 0.1170812 0.1106485 0.1176218 0.0308836 0.1134528 0.1057626 0.1325038 0.1452034 0.1252949 0.1217062 0.1072240 0.1036250 0.1101983 0.1559416 0.1367668 0.1084103 0.1887140 0.0971243 0.0000000 0.1103738 0.0244974 
Dasyuridae_Dasyurus_geffroii                 0.0715814 0.0984678 0.0683175 0.0828695 0.0755465 0.0052189 0.0777866 0.0869163 0.0797842 0.1039567 0.0352490 0.0816038 0.0207583 0.0184251 0.0795291 0.0800363 0.0207189 0.0061939 0.0227082 0.1101297 0.0879633 0.0878455 0.0927384 0.1156670 0.0201150 0.0981065 0.0689360 0.0836469 0.0711831 0.1194532 0.1059903 0.0899267 0.0352490 0.0768109 0.1103738 0.0000000 0.1060631 
Peramelidae_Perameles_gunnii                 0.0964291 0.1405558 0.0907540 0.1070810 0.1150396 0.1098943 0.0970389 0.1026235 0.1096546 0.0015738 0.1718479 0.1003145 0.1127364 0.1126033 0.0969948 0.1026296 0.1148391 0.1086326 0.1152834 0.0221536 0.1092172 0.1084004 0.1196472 0.1316814 0.1186708 0.1218878 0.0987460 0.0972084 0.1064651 0.1533385 0.1283718 0.1074958 0.1718479 0.0942363 0.0244974 0.1060631 0.0000000 
