35
Burramyidae_Burramys_parvus                  0.0000000 0.0555307 0.0397267 0.0434954 0.0422146 0.0575846 0.0253441 0.0303798 0.0410504 0.0622710 0.0349133 0.0576870 0.0544653 0.0362573 0.0459789 0.0582291 0.0571417 0.0544295 0.0562546 0.0389001 0.0480074 0.0734914 0.0700012 0.0563020 0.0371451 0.0508386 0.0418736 0.0404651 0.0254968 0.0535913 0.0401153 0.0314805 0.0624853 0.0584125 0.0440335 
Notoryctidae_Notoryctes_typhlops             0.0555307 0.0000000 0.0569406 0.0624502 0.0614438 0.0595002 0.0360838 0.0506496 0.0611865 0.0674589 0.0543470 0.0625171 0.0600591 0.0560245 0.0634612 0.0612657 0.0608424 0.0593860 0.0622968 0.0587530 0.0645057 0.0744542 0.0727104 0.0598076 0.0540902 0.0568241 0.0582907 0.0612788 0.0342331 0.0700800 0.0620936 0.0520435 0.0685883 0.0637426 0.0460716 
Vombatidae_Lasiorhinus_latifrons             0.0397267 0.0569406 0.0000000 0.0475329 0.0468837 0.0561012 0.0266010 0.0337855 0.0466237 0.0656324 0.0378465 0.0580074 0.0568403 0.0373816 0.0473942 0.0571116 0.0561711 0.0538971 0.0589378 0.0438877 0.0500631 0.0748556 0.0730474 0.0578325 0.0401370 0.0535377 0.0461551 0.0447506 0.0397344 0.0553831 0.0430677 0.0335072 0.0639621 0.0564280 0.0441776 
Potoroidae_Bettongia_penicillata             0.0434954 0.0624502 0.0475329 0.0000000 0.0031668 0.0617997 0.0326303 0.0331586 0.0117354 0.0733140 0.0387456 0.0618726 0.0593830 0.0399430 0.0490696 0.0603896 0.0623740 0.0582627 0.0664432 0.0187786 0.0536690 0.0825839 0.0767979 0.0601201 0.0263886 0.0556482 0.0474284 0.0182783 0.0464895 0.0570304 0.0454668 0.0342017 0.0707927 0.0614169 0.0523066 
Potoroidae_Bettongia_lesueur                 0.0422146 0.0614438 0.0468837 0.0031668 0.0000000 0.0611526 0.0329253 0.0327414 0.0115562 0.0733103 0.0383685 0.0611515 0.0587400 0.0399725 0.0488600 0.0597378 0.0617251 0.0580731 0.0654850 0.0185931 0.0530699 0.0813188 0.0765039 0.0594620 0.0259861 0.0545021 0.0470105 0.0180947 0.0497499 0.0573292 0.0450765 0.0342457 0.0702162 0.0607695 0.0521322 
Dasyuridae_Dasyurus_maculatus                0.0575846 0.0595002 0.0561012 0.0617997 0.0611526 0.0000000 0.0378700 0.0503383 0.0611172 0.0698492 0.0529694 0.0112029 0.0121322 0.0540281 0.0618066 0.0112939 0.0037002 0.0123205 0.0636587 0.0589187 0.0641802 0.0810221 0.0774207 0.0106628 0.0508814 0.0534228 0.0582340 0.0600004 0.0291060 0.0672663 0.0599489 0.0479713 0.0673427 0.0051410 0.0506238 
Phalangeridae_Trichosurus_vulpecula          0.0253441 0.0360838 0.0266010 0.0326303 0.0329253 0.0378700 0.0000000 0.0089914 0.0302346 0.0411867 0.0087501 0.0378615 0.0374274 0.0097228 0.0310469 0.0386310 0.0389045 0.0363304 0.0410825 0.0295613 0.0290035 0.0506169 0.0479813 0.0366401 0.0247507 0.0333624 0.0273691 0.0311153 0.0173592 0.0395848 0.0254236 0.0086718 0.0422393 0.0391898 0.0413776 
Phalangeridae_Spilocuscus_maculatus          0.0303798 0.0506496 0.0337855 0.0331586 0.0327414 0.0503383 0.0089914 0.0000000 0.0327402 0.0572406 0.0106714 0.0503236 0.0484216 0.0122686 0.0367878 0.0497062 0.0506183 0.0477065 0.0514964 0.0316988 0.0367260 0.0653644 0.0638192 0.0484666 0.0274240 0.0459942 0.0321960 0.0324173 0.0168587 0.0404799 0.0325978 0.0052930 0.0560612 0.0509356 0.0383304 
Potoroidae_Aepyprymnus_rufescens             0.0410504 0.0611865 0.0466237 0.0117354 0.0115562 0.0611172 0.0302346 0.0327402 0.0000000 0.0689701 0.0376795 0.0604245 0.0587010 0.0388270 0.0485460 0.0594595 0.0616895 0.0570639 0.0636501 0.0171897 0.0525067 0.0775114 0.0743183 0.0596803 0.0241070 0.0547034 0.0460644 0.0174912 0.0321763 0.0546528 0.0436338 0.0335710 0.0675693 0.0607342 0.0479900 
Peramelidae_Perameles_nasuta                 0.0622710 0.0674589 0.0656324 0.0733140 0.0733103 0.0698492 0.0411867 0.0572406 0.0689701 0.0000000 0.0626864 0.0704219 0.0683695 0.0636773 0.0704471 0.0708368 0.0702111 0.0672831 0.0078827 0.0698275 0.0688526 0.0865672 0.0842405 0.0692597 0.0609689 0.0639095 0.0661329 0.0723214 0.0287741 0.0754969 0.0677747 0.0566932 0.0088196 0.0735414 0.0011040 
Phalangeridae_Strigocuscus_pelengensis       0.0349133 0.0543470 0.0378465 0.0387456 0.0383685 0.0529694 0.0087501 0.0106714 0.0376795 0.0626864 0.0000000 0.0555096 0.0522606 0.0076398 0.0427481 0.0547972 0.0530201 0.0494840 0.0577091 0.0357430 0.0406470 0.0732177 0.0703637 0.0532245 0.0330387 0.0509091 0.0367240 0.0365069 0.0188124 0.0468819 0.0371071 0.0098137 0.0613202 0.0540464 0.0392436 
Dasyuridae_Phascogale_tapoatafa              0.0576870 0.0625171 0.0580074 0.0618726 0.0611515 0.0112029 0.0378615 0.0503236 0.0604245 0.0704219 0.0555096 0.0000000 0.0143123 0.0558651 0.0606317 0.0012831 0.0106318 0.0145315 0.0651372 0.0573890 0.0662230 0.0804436 0.0767305 0.0060015 0.0503981 0.0571492 0.0597154 0.0579387 0.0358953 0.0675739 0.0595801 0.0494811 0.0676088 0.0125887 0.0524195 
Dasyuridae_Sminthopsis_macroura              0.0544653 0.0600591 0.0568403 0.0593830 0.0587400 0.0121322 0.0374274 0.0484216 0.0587010 0.0683695 0.0522606 0.0143123 0.0000000 0.0523590 0.0618867 0.0141424 0.0127087 0.0081082 0.0615518 0.0569746 0.0627641 0.0831002 0.0796691 0.0125752 0.0474059 0.0541388 0.0570233 0.0580776 0.0273173 0.0667994 0.0590573 0.0466037 0.0646523 0.0136641 0.0499071 
Phalangeridae_Phalanger_orientalis           0.0362573 0.0560245 0.0373816 0.0399430 0.0399725 0.0540281 0.0097228 0.0122686 0.0388270 0.0636773 0.0076398 0.0558651 0.0523590 0.0000000 0.0447820 0.0549476 0.0538392 0.0510986 0.0584304 0.0383094 0.0415264 0.0733821 0.0712788 0.0542153 0.0343924 0.0502345 0.0378066 0.0385714 0.0147730 0.0474707 0.0384233 0.0096248 0.0623756 0.0548736 0.0401587 
Acrobatidae_Acrobates_pygmaeus               0.0459789 0.0634612 0.0473942 0.0490696 0.0488600 0.0618066 0.0310469 0.0367878 0.0485460 0.0704471 0.0427481 0.0606317 0.0618867 0.0447820 0.0000000 0.0610330 0.0623562 0.0604256 0.0662601 0.0479572 0.0499522 0.0766740 0.0780764 0.0612665 0.0456282 0.0543241 0.0417282 0.0482418 0.0313478 0.0529992 0.0263157 0.0376933 0.0713042 0.0631959 0.0531341 
Dasyuridae_Phascogale_calura                 0.0582291 0.0612657 0.0571116 0.0603896 0.0597378 0.0112939 0.0386310 0.0497062 0.0594595 0.0708368 0.0547972 0.0012831 0.0141424 0.0549476 0.0610330 0.0000000 0.0107410 0.0142791 0.0652854 0.0557542 0.0657857 0.0811408 0.0770783 0.0060124 0.0493620 0.0562514 0.0595674 0.0573533 0.0370844 0.0674108 0.0590235 0.0492266 0.0680349 0.0126545 0.0531663 
Dasyuridae_Sarcophilus_harrisii              0.0571417 0.0608424 0.0561711 0.0623740 0.0617251 0.0037002 0.0389045 0.0506183 0.0616895 0.0702111 0.0530201 0.0106318 0.0127087 0.0538392 0.0623562 0.0107410 0.0000000 0.0131101 0.0642515 0.0592244 0.0652669 0.0819633 0.0780418 0.0104838 0.0514022 0.0549420 0.0594517 0.0605689 0.0309789 0.0678663 0.0597772 0.0480294 0.0674167 0.0047860 0.0520050 
Dasyuridae_Planigale_tenuirostris            0.0544295 0.0593860 0.0538971 0.0582627 0.0580731 0.0123205 0.0363304 0.0477065 0.0570639 0.0672831 0.0494840 0.0145315 0.0081082 0.0510986 0.0604256 0.0142791 0.0131101 0.0000000 0.0606907 0.0550111 0.0616610 0.0800770 0.0762488 0.0138823 0.0458599 0.0549453 0.0567403 0.0566120 0.0301332 0.0659921 0.0559480 0.0459080 0.0630636 0.0140965 0.0487975 
Peramelidae_Echymipera_kalubu                0.0562546 0.0622968 0.0589378 0.0664432 0.0654850 0.0636587 0.0410825 0.0514964 0.0636501 0.0078827 0.0577091 0.0651372 0.0615518 0.0584304 0.0662601 0.0652854 0.0642515 0.0606907 0.0000000 0.0634985 0.0654699 0.0792174 0.0786647 0.0626098 0.0559724 0.0575834 0.0621967 0.0648783 0.0282781 0.0689313 0.0620140 0.0511418 0.0079049 0.0665806 0.0052040 
Macropodidae_Dorcopsulus_vanheurni           0.0389001 0.0587530 0.0438877 0.0187786 0.0185931 0.0589187 0.0295613 0.0316988 0.0171897 0.0698275 0.0357430 0.0573890 0.0569746 0.0383094 0.0479572 0.0557542 0.0592244 0.0550111 0.0634985 0.0000000 0.0474449 0.0733670 0.0724828 0.0564236 0.0235799 0.0505629 0.0422852 0.0086064 0.0342269 0.0530238 0.0417785 0.0330289 0.0675802 0.0585304 0.0495510 
Pseudochiridae_Pseudochirulus_forbesi        0.0480074 0.0645057 0.0500631 0.0536690 0.0530699 0.0641802 0.0290035 0.0367260 0.0525067 0.0688526 0.0406470 0.0662230 0.0627641 0.0415264 0.0499522 0.0657857 0.0652669 0.0616610 0.0654699 0.0474449 0.0000000 0.0849748 0.0856014 0.0660362 0.0440026 0.0598688 0.0291617 0.0494724 0.0080014 0.0506336 0.0441345 0.0361963 0.0705642 0.0653377 0.0443746 
Didelphidae_Didelphis_virginiana             0.0734914 0.0744542 0.0748556 0.0825839 0.0813188 0.0810221 0.0506169 0.0653644 0.0775114 0.0865672 0.0732177 0.0804436 0.0831002 0.0733821 0.0766740 0.0811408 0.0819633 0.0800770 0.0792174 0.0733670 0.0849748 0.0000000 0.0193197 0.0816597 0.0683627 0.0729969 0.0785123 0.0773367 0.0367994 0.0870088 0.0781714 0.0667159 0.0841660 0.0843239 0.0599694 
Marmosidae_Monodelphis_domestica             0.0700012 0.0727104 0.0730474 0.0767979 0.0765039 0.0774207 0.0479813 0.0638192 0.0743183 0.0842405 0.0703637 0.0767305 0.0796691 0.0712788 0.0780764 0.0770783 0.0780418 0.0762488 0.0786647 0.0724828 0.0856014 0.0193197 0.0000000 0.0778700 0.0680867 0.0721732 0.0784912 0.0748137 0.0389933 0.0836997 0.0767063 0.0640437 0.0808524 0.0806448 0.0609997 
Dasyuridae_Antechinus_stuartii               0.0563020 0.0598076 0.0578325 0.0601201 0.0594620 0.0106628 0.0366401 0.0484666 0.0596803 0.0692597 0.0532245 0.0060015 0.0125752 0.0542153 0.0612665 0.0060124 0.0104838 0.0138823 0.0626098 0.0564236 0.0660362 0.0816597 0.0778700 0.0000000 0.0490014 0.0539716 0.0580371 0.0587773 0.0331241 0.0677283 0.0583520 0.0484574 0.0667030 0.0124153 0.0501215 
Hypsiprymnodontidae_Hypsiprymnodon_moschatus 0.0371451 0.0540902 0.0401370 0.0263886 0.0259861 0.0508814 0.0247507 0.0274240 0.0241070 0.0609689 0.0330387 0.0503981 0.0474059 0.0343924 0.0456282 0.0493620 0.0514022 0.0458599 0.0559724 0.0235799 0.0440026 0.0683627 0.0680867 0.0490014 0.0000000 0.0482030 0.0398744 0.0235669 0.0264364 0.0496892 0.0387558 0.0300084 0.0594304 0.0504924 0.0416334 
Microbiotheriidae_Dromiciops_gliroides       0.0508386 0.0568241 0.0535377 0.0556482 0.0545021 0.0534228 0.0333624 0.0459942 0.0547034 0.0639095 0.0509091 0.0571492 0.0541388 0.0502345 0.0543241 0.0562514 0.0549420 0.0549453 0.0575834 0.0505629 0.0598688 0.0729969 0.0721732 0.0539716 0.0482030 0.0000000 0.0544468 0.0533590 0.0309598 0.0643982 0.0529555 0.0468837 0.0620720 0.0565014 0.0429595 
Pseudochiridae_Petauroides_volans            0.0418736 0.0582907 0.0461551 0.0474284 0.0470105 0.0582340 0.0273691 0.0321960 0.0460644 0.0661329 0.0367240 0.0597154 0.0570233 0.0378066 0.0417282 0.0595674 0.0594517 0.0567403 0.0621967 0.0422852 0.0291617 0.0785123 0.0784912 0.0580371 0.0398744 0.0544468 0.0000000 0.0432865 0.0164961 0.0440698 0.0387514 0.0333242 0.0653589 0.0605559 0.0453567 
Macropodidae_Wallabia_bicolor                0.0404651 0.0612788 0.0447506 0.0182783 0.0180947 0.0600004 0.0311153 0.0324173 0.0174912 0.0723214 0.0365069 0.0579387 0.0580776 0.0385714 0.0482418 0.0573533 0.0605689 0.0566120 0.0648783 0.0086064 0.0494724 0.0773367 0.0748137 0.0587773 0.0235669 0.0533590 0.0432865 0.0000000 0.0366533 0.0539064 0.0428726 0.0337206 0.0698443 0.0596174 0.0511231 
Pseudochiridae_Pseudocheirus_occidentalis    0.0254968 0.0342331 0.0397344 0.0464895 0.0497499 0.0291060 0.0173592 0.0168587 0.0321763 0.0287741 0.0188124 0.0358953 0.0273173 0.0147730 0.0313478 0.0370844 0.0309789 0.0301332 0.0282781 0.0342269 0.0080014 0.0367994 0.0389933 0.0331241 0.0264364 0.0309598 0.0164961 0.0366533 0.0000000 0.0256330 0.0226328 0.0138992 0.0343126 0.0329838 0.0282433 
Tarsipedidae_Tarsipes_rostratus              0.0535913 0.0700800 0.0553831 0.0570304 0.0573292 0.0672663 0.0395848 0.0404799 0.0546528 0.0754969 0.0468819 0.0675739 0.0667994 0.0474707 0.0529992 0.0674108 0.0678663 0.0659921 0.0689313 0.0530238 0.0506336 0.0870088 0.0836997 0.0677283 0.0496892 0.0643982 0.0440698 0.0539064 0.0256330 0.0000000 0.0498881 0.0424274 0.0742233 0.0678838 0.0536218 
Acrobatidae_Distoechurus_pennatus            0.0401153 0.0620936 0.0430677 0.0454668 0.0450765 0.0599489 0.0254236 0.0325978 0.0436338 0.0677747 0.0371071 0.0595801 0.0590573 0.0384233 0.0263157 0.0590235 0.0597772 0.0559480 0.0620140 0.0417785 0.0441345 0.0781714 0.0767063 0.0583520 0.0387558 0.0529555 0.0387514 0.0428726 0.0226328 0.0498881 0.0000000 0.0348771 0.0679175 0.0602912 0.0442689 
Phalangeridae_Phalanger_carmelitae           0.0314805 0.0520435 0.0335072 0.0342017 0.0342457 0.0479713 0.0086718 0.0052930 0.0335710 0.0566932 0.0098137 0.0494811 0.0466037 0.0096248 0.0376933 0.0492266 0.0480294 0.0459080 0.0511418 0.0330289 0.0361963 0.0667159 0.0640437 0.0484574 0.0300084 0.0468837 0.0333242 0.0337206 0.0138992 0.0424274 0.0348771 0.0000000 0.0538894 0.0487684 0.0383762 
Peramelidae_Peroryctes_raffrayana            0.0624853 0.0685883 0.0639621 0.0707927 0.0702162 0.0673427 0.0422393 0.0560612 0.0675693 0.0088196 0.0613202 0.0676088 0.0646523 0.0623756 0.0713042 0.0680349 0.0674167 0.0630636 0.0079049 0.0675802 0.0705642 0.0841660 0.0808524 0.0667030 0.0594304 0.0620720 0.0653589 0.0698443 0.0343126 0.0742233 0.0679175 0.0538894 0.0000000 0.0704353 0.0074398 
Dasyuridae_Dasyurus_geffroii                 0.0584125 0.0637426 0.0564280 0.0614169 0.0607695 0.0051410 0.0391898 0.0509356 0.0607342 0.0735414 0.0540464 0.0125887 0.0136641 0.0548736 0.0631959 0.0126545 0.0047860 0.0140965 0.0665806 0.0585304 0.0653377 0.0843239 0.0806448 0.0124153 0.0504924 0.0565014 0.0605559 0.0596174 0.0329838 0.0678838 0.0602912 0.0487684 0.0704353 0.0000000 0.0523539 
Peramelidae_Perameles_gunnii                 0.0440335 0.0460716 0.0441776 0.0523066 0.0521322 0.0506238 0.0413776 0.0383304 0.0479900 0.0011040 0.0392436 0.0524195 0.0499071 0.0401587 0.0531341 0.0531663 0.0520050 0.0487975 0.0052040 0.0495510 0.0443746 0.0599694 0.0609997 0.0501215 0.0416334 0.0429595 0.0453567 0.0511231 0.0282433 0.0536218 0.0442689 0.0383762 0.0074398 0.0523539 0.0000000 
