37
Peramelidae_Isoodon_obesulus1                0.0000000 0.1354940 0.1288037 0.1336279 0.1292009 0.1238260 0.1105952 0.1256582 0.1555958 0.1319677 9.0000000 0.1358455 0.1055993 0.1005019 0.1288326 0.1247969 0.1030817 0.1079949 0.1090331 0.0167722 0.1146729 0.1239745 0.1277354 0.1408584 0.1055678 0.1254937 0.1001247 0.1407692 0.1087366 0.1147865 0.1395881 0.1432135 0.1294733 0.0000010 0.0256060 0.1157967 9.0000000 
Burramyidae_Burramys_parvus                  0.1354940 0.0000000 0.0476494 0.0303358 0.0398447 0.0344936 0.0462496 0.0243337 0.0563719 0.0361424 0.0423702 0.0257301 0.0441397 0.0470240 0.0300766 0.0323660 0.0481397 0.0467423 0.0444945 0.0517202 0.0412974 0.0374737 0.0453601 0.0590692 0.0449247 0.0331429 0.0374509 0.0348820 0.0392793 0.0342222 0.0476098 0.0349218 0.0266994 0.1354940 0.0545381 0.0481410 0.0418923 
Notoryctidae_Notoryctes_typhlops             0.1288037 0.0476494 0.0000000 0.0455069 0.0614112 0.0561690 0.0620026 0.0496309 0.0853349 0.0559867 0.0548866 0.0506336 0.0603429 0.0643247 0.0553244 0.0549749 0.0658135 0.0609099 0.0573846 0.0658529 0.0619243 0.0558555 0.0581169 0.0738117 0.0594449 0.0539835 0.0503530 0.0563917 0.0576790 0.0540753 0.0674479 0.0568762 0.0520150 0.1288037 0.0646751 0.0634495 0.0583229 
Vombatidae_Lasiorhinus_latifrons             0.1336279 0.0303358 0.0455069 0.0000000 0.0401967 0.0345391 0.0421687 0.0274227 0.0597693 0.0353946 0.0434896 0.0285100 0.0413060 0.0446104 0.0335637 0.0347090 0.0445929 0.0428092 0.0419083 0.0517686 0.0388949 0.0383195 0.0432571 0.0583828 0.0427507 0.0331026 0.0364156 0.0360432 0.0372915 0.0357587 0.0463325 0.0351667 0.0303121 0.1336279 0.0534023 0.0434413 0.0436803 
Potoroidae_Bettongia_penicillata             0.1292009 0.0398447 0.0614112 0.0401967 0.0000000 0.0080047 0.0553994 0.0378637 0.0701699 0.0154041 0.0528099 0.0402954 0.0540747 0.0573058 0.0457370 0.0439548 0.0624314 0.0557069 0.0527697 0.0632749 0.0263971 0.0497565 0.0574766 0.0691863 0.0554237 0.0320086 0.0506822 0.0467488 0.0248721 0.0451719 0.0578275 0.0476300 0.0425440 0.1292009 0.0631840 0.0569309 0.0556498 
Potoroidae_Bettongia_lesueur                 0.1238260 0.0344936 0.0561690 0.0345391 0.0080047 0.0000000 0.0499167 0.0327420 0.0647853 0.0138870 0.0463871 0.0352800 0.0488307 0.0517694 0.0410251 0.0392454 0.0541996 0.0502101 0.0472708 0.0569614 0.0247835 0.0439606 0.0524355 0.0667135 0.0496658 0.0276139 0.0454245 0.0410105 0.0228867 0.0381165 0.0511878 0.0414939 0.0374904 0.1238260 0.0555675 0.0514164 0.0496961 
Dasyuridae_Dasyurus_maculatus                0.1105952 0.0462496 0.0620026 0.0421687 0.0553994 0.0499167 0.0000000 0.0441886 0.0764221 0.0517473 0.0514307 0.0440067 0.0099974 0.0136906 0.0492527 0.0492207 0.0109100 0.0024614 0.0138560 0.0582657 0.0521309 0.0499360 0.0534709 0.0710434 0.0109579 0.0469343 0.0458206 0.0449436 0.0496027 0.0430146 0.0597040 0.0489052 0.0458188 0.1105952 0.0541206 0.0026378 0.0524335 
Phalangeridae_Trichosurus_vulpecula          0.1256582 0.0243337 0.0496309 0.0274227 0.0378637 0.0327420 0.0441886 0.0000000 0.0447064 0.0329780 0.0423881 0.0144369 0.0429178 0.0459912 0.0204906 0.0304689 0.0478949 0.0442612 0.0432914 0.0509119 0.0388731 0.0360831 0.0451426 0.0599375 0.0443550 0.0322100 0.0375222 0.0337278 0.0368819 0.0336369 0.0461282 0.0322011 0.0166850 0.1256582 0.0524167 0.0460736 0.0423650 
Phalangeridae_Spilocuscus_maculatus          0.1555958 0.0563719 0.0853349 0.0597693 0.0701699 0.0647853 0.0764221 0.0447064 0.0000000 0.0661884 0.0800832 0.0404683 0.0761165 0.0787791 0.0414780 0.0631355 0.0580033 0.0765050 0.0789342 0.0853760 0.0730508 0.0681789 0.0743255 0.0859985 0.0775299 0.0637893 0.0688839 0.0659833 0.0705717 0.0741411 0.0780163 0.0669770 0.0423435 0.1555958 0.0948425 0.0788170 0.0755128 
Potoroidae_Aepyprymnus_rufescens             0.1319677 0.0361424 0.0559867 0.0353946 0.0154041 0.0138870 0.0517473 0.0329780 0.0661884 0.0000000 0.0471410 0.0365702 0.0504441 0.0527698 0.0414850 0.0403963 0.0572922 0.0520458 0.0494874 0.0582950 0.0225031 0.0456751 0.0518627 0.0649906 0.0513333 0.0278386 0.0463894 0.0434140 0.0208048 0.0420501 0.0527496 0.0423958 0.0387892 0.1319677 0.0592760 0.0534758 0.0490090 
Peramelidae_Perameles_nasuta                 9.0000000 0.0423702 0.0548866 0.0434896 0.0528099 0.0463871 0.0514307 0.0423881 0.0800832 0.0471410 0.0000000 0.0438100 0.0489244 0.0541635 0.0476913 0.0427844 0.0513209 0.0515053 0.0499281 0.0101280 0.0536477 0.0483734 0.0537471 0.0771875 0.0494649 0.0471799 0.0429814 0.0451092 0.0500348 0.0436995 0.0492860 0.0467953 0.0423756 9.0000000 0.0093041 0.0523627 0.0007634 
Phalangeridae_Strigocuscus_pelengensis       0.1358455 0.0257301 0.0506336 0.0285100 0.0402954 0.0352800 0.0440067 0.0144369 0.0404683 0.0365702 0.0438100 0.0000000 0.0425180 0.0462386 0.0137499 0.0335722 0.0481905 0.0438731 0.0435164 0.0520774 0.0419714 0.0381101 0.0475297 0.0625990 0.0440847 0.0325419 0.0378325 0.0350864 0.0399492 0.0352066 0.0471664 0.0357461 0.0087095 0.1358455 0.0521585 0.0454780 0.0443234 
Dasyuridae_Phascogale_tapoatafa              0.1055993 0.0441397 0.0603429 0.0413060 0.0540747 0.0488307 0.0099974 0.0429178 0.0761165 0.0504441 0.0489244 0.0425180 0.0000000 0.0133239 0.0477354 0.0463853 0.0021464 0.0107412 0.0128881 0.0558179 0.0512499 0.0486437 0.0534362 0.0682418 0.0056968 0.0452492 0.0434323 0.0440661 0.0487262 0.0422155 0.0579053 0.0457299 0.0439049 0.1055993 0.0534148 0.0109192 0.0491545 
Dasyuridae_Sminthopsis_macroura              0.1005019 0.0470240 0.0643247 0.0446104 0.0573058 0.0517694 0.0136906 0.0459912 0.0787791 0.0527698 0.0541635 0.0462386 0.0133239 0.0000000 0.0517504 0.0510667 0.0144522 0.0138962 0.0088399 0.0592135 0.0533683 0.0526339 0.0553712 0.0714971 0.0143097 0.0483393 0.0476977 0.0478835 0.0521002 0.0444298 0.0612321 0.0505439 0.0480657 0.1005019 0.0575101 0.0150019 0.0551193 
Phalangeridae_Phalanger_orientalis           0.1288326 0.0300766 0.0553244 0.0335637 0.0457370 0.0410251 0.0492527 0.0204906 0.0414780 0.0414850 0.0476913 0.0137499 0.0477354 0.0517504 0.0000000 0.0393796 0.0501227 0.0487037 0.0499069 0.0546463 0.0467311 0.0447034 0.0523866 0.0659609 0.0500211 0.0379885 0.0439969 0.0403987 0.0440551 0.0421376 0.0538140 0.0404754 0.0112473 0.1288326 0.0561492 0.0507491 0.0474318 
Acrobatidae_Acrobates_pygmaeus               0.1247969 0.0323660 0.0549749 0.0347090 0.0439548 0.0392454 0.0492207 0.0304689 0.0631355 0.0403963 0.0427844 0.0335722 0.0463853 0.0510667 0.0393796 0.0000000 0.0499555 0.0499432 0.0479288 0.0526762 0.0449040 0.0365008 0.0523534 0.0681608 0.0478351 0.0391371 0.0409443 0.0322906 0.0434715 0.0341198 0.0458124 0.0239605 0.0345475 0.1247969 0.0532476 0.0508966 0.0441487 
Dasyuridae_Phascogale_calura                 0.1030817 0.0481397 0.0658135 0.0445929 0.0624314 0.0541996 0.0109100 0.0478949 0.0580033 0.0572922 0.0513209 0.0481905 0.0021464 0.0144522 0.0501227 0.0499555 0.0000000 0.0116620 0.0147886 0.0587715 0.0581051 0.0520839 0.0582010 0.0743808 0.0043405 0.0511699 0.0465880 0.0496570 0.0546145 0.0494657 0.0653258 0.0519511 0.0502417 0.1030817 0.0593356 0.0119127 0.0505941 
Dasyuridae_Sarcophilus_harrisii              0.1079949 0.0467423 0.0609099 0.0428092 0.0557069 0.0502101 0.0024614 0.0442612 0.0765050 0.0520458 0.0515053 0.0438731 0.0107412 0.0138962 0.0487037 0.0499432 0.0116620 0.0000000 0.0136725 0.0576559 0.0522178 0.0508446 0.0542089 0.0718966 0.0117090 0.0471840 0.0461096 0.0456687 0.0496870 0.0440567 0.0606809 0.0485454 0.0456875 0.1079949 0.0550870 0.0037056 0.0520120 
Dasyuridae_Planigale_tenuirostris            0.1090331 0.0444945 0.0573846 0.0419083 0.0527697 0.0472708 0.0138560 0.0432914 0.0789342 0.0494874 0.0499281 0.0435164 0.0128881 0.0088399 0.0499069 0.0479288 0.0147886 0.0136725 0.0000000 0.0561488 0.0505123 0.0495821 0.0523556 0.0668095 0.0140516 0.0457486 0.0445592 0.0464761 0.0485153 0.0444977 0.0577956 0.0467356 0.0453065 0.1090331 0.0566254 0.0152342 0.0507374 
Peramelidae_Echymipera_kalubu                0.0167722 0.0517202 0.0658529 0.0517686 0.0632749 0.0569614 0.0582657 0.0509119 0.0853760 0.0582950 0.0101280 0.0520774 0.0558179 0.0592135 0.0546463 0.0526762 0.0587715 0.0576559 0.0561488 0.0000000 0.0598273 0.0587326 0.0617059 0.0802996 0.0565717 0.0558672 0.0507985 0.0558547 0.0570012 0.0543645 0.0631499 0.0568827 0.0500890 0.0167722 0.0103663 0.0592261 0.0102338 
Macropodidae_Dorcopsulus_vanheurni           0.1146729 0.0412974 0.0619243 0.0388949 0.0263971 0.0247835 0.0521309 0.0388731 0.0730508 0.0225031 0.0536477 0.0419714 0.0512499 0.0533683 0.0467311 0.0449040 0.0581051 0.0522178 0.0505123 0.0598273 0.0000000 0.0483991 0.0560545 0.0676082 0.0523599 0.0313882 0.0489392 0.0458297 0.0109396 0.0451806 0.0564758 0.0479132 0.0437807 0.1146729 0.0615409 0.0538603 0.0536377 
Pseudochiridae_Pseudochirulus_forbesi        0.1239745 0.0374737 0.0558555 0.0383195 0.0497565 0.0439606 0.0499360 0.0360831 0.0681789 0.0456751 0.0483734 0.0381101 0.0486437 0.0526339 0.0447034 0.0365008 0.0520839 0.0508446 0.0495821 0.0587326 0.0483991 0.0000000 0.0517690 0.0678812 0.0497209 0.0423085 0.0415531 0.0215338 0.0461877 0.0129616 0.0420678 0.0369545 0.0393135 0.1239745 0.0592025 0.0512219 0.0500393 
Didelphidae_Didelphis_virginiana             0.1277354 0.0453601 0.0581169 0.0432571 0.0574766 0.0524355 0.0534709 0.0451426 0.0743255 0.0518627 0.0537471 0.0475297 0.0534362 0.0553712 0.0523866 0.0523534 0.0582010 0.0542089 0.0523556 0.0617059 0.0560545 0.0517690 0.0000000 0.0328892 0.0547775 0.0516523 0.0434605 0.0501728 0.0533709 0.0464293 0.0629266 0.0538475 0.0487491 0.1277354 0.0594109 0.0547801 0.0566911 
Marmosidae_Monodelphis_domestica             0.1408584 0.0590692 0.0738117 0.0583828 0.0691863 0.0667135 0.0710434 0.0599375 0.0859985 0.0649906 0.0771875 0.0625990 0.0682418 0.0714971 0.0659609 0.0681608 0.0743808 0.0718966 0.0668095 0.0802996 0.0676082 0.0678812 0.0328892 0.0000000 0.0687678 0.0659329 0.0583760 0.0683378 0.0654111 0.0707187 0.0810572 0.0709145 0.0632405 0.1408584 0.0882898 0.0728334 0.0757413 
Dasyuridae_Antechinus_stuartii               0.1055678 0.0449247 0.0594449 0.0427507 0.0554237 0.0496658 0.0109579 0.0443550 0.0775299 0.0513333 0.0494649 0.0440847 0.0056968 0.0143097 0.0500211 0.0478351 0.0043405 0.0117090 0.0140516 0.0565717 0.0523599 0.0497209 0.0547775 0.0687678 0.0000000 0.0471329 0.0448445 0.0450939 0.0493911 0.0434525 0.0592619 0.0484730 0.0457931 0.1055678 0.0536193 0.0115172 0.0507759 
Hypsiprymnodontidae_Hypsiprymnodon_moschatus 0.1254937 0.0331429 0.0539835 0.0331026 0.0320086 0.0276139 0.0469343 0.0322100 0.0637893 0.0278386 0.0471799 0.0325419 0.0452492 0.0483393 0.0379885 0.0391371 0.0511699 0.0471840 0.0457486 0.0558672 0.0313882 0.0423085 0.0516523 0.0659329 0.0471329 0.0000000 0.0424613 0.0392935 0.0302388 0.0372120 0.0501126 0.0401605 0.0339351 0.1254937 0.0554441 0.0484114 0.0479289 
Microbiotheriidae_Dromiciops_gliroides       0.1001247 0.0374509 0.0503530 0.0364156 0.0506822 0.0454245 0.0458206 0.0375222 0.0688839 0.0463894 0.0429814 0.0378325 0.0434323 0.0476977 0.0439969 0.0409443 0.0465880 0.0461096 0.0445592 0.0507985 0.0489392 0.0415531 0.0434605 0.0583760 0.0448445 0.0424613 0.0000000 0.0413640 0.0470706 0.0396503 0.0521003 0.0428984 0.0393106 0.1001247 0.0501269 0.0473204 0.0443795 
Pseudochiridae_Petauroides_volans            0.1407692 0.0348820 0.0563917 0.0360432 0.0467488 0.0410105 0.0449436 0.0337278 0.0659833 0.0434140 0.0451092 0.0350864 0.0440661 0.0478835 0.0403987 0.0322906 0.0496570 0.0456687 0.0464761 0.0558547 0.0458297 0.0215338 0.0501728 0.0683378 0.0450939 0.0392935 0.0413640 0.0000000 0.0443219 0.0184107 0.0409516 0.0352631 0.0361648 0.1407692 0.0554662 0.0462585 0.0460622 
Macropodidae_Wallabia_bicolor                0.1087366 0.0392793 0.0576790 0.0372915 0.0248721 0.0228867 0.0496027 0.0368819 0.0705717 0.0208048 0.0500348 0.0399492 0.0487262 0.0521002 0.0440551 0.0434715 0.0546145 0.0496870 0.0485153 0.0570012 0.0109396 0.0461877 0.0533709 0.0654111 0.0493911 0.0302388 0.0470706 0.0443219 0.0000000 0.0431649 0.0546156 0.0452395 0.0409216 0.1087366 0.0581558 0.0505148 0.0507630 
Pseudochiridae_Pseudocheirus_occidentalis    0.1147865 0.0342222 0.0540753 0.0357587 0.0451719 0.0381165 0.0430146 0.0336369 0.0741411 0.0420501 0.0436995 0.0352066 0.0422155 0.0444298 0.0421376 0.0341198 0.0494657 0.0440567 0.0444977 0.0543645 0.0451806 0.0129616 0.0464293 0.0707187 0.0434525 0.0372120 0.0396503 0.0184107 0.0431649 0.0000000 0.0344983 0.0326247 0.0376978 0.1147865 0.0533541 0.0443494 0.0424263 
Tarsipedidae_Tarsipes_rostratus              0.1395881 0.0476098 0.0674479 0.0463325 0.0578275 0.0511878 0.0597040 0.0461282 0.0780163 0.0527496 0.0492860 0.0471664 0.0579053 0.0612321 0.0538140 0.0458124 0.0653258 0.0606809 0.0577956 0.0631499 0.0564758 0.0420678 0.0629266 0.0810572 0.0592619 0.0501126 0.0521003 0.0409516 0.0546156 0.0344983 0.0000000 0.0451602 0.0492947 0.1395881 0.0604488 0.0616891 0.0523303 
Acrobatidae_Distoechurus_pennatus            0.1432135 0.0349218 0.0568762 0.0351667 0.0476300 0.0414939 0.0489052 0.0322011 0.0669770 0.0423958 0.0467953 0.0357461 0.0457299 0.0505439 0.0404754 0.0239605 0.0519511 0.0485454 0.0467356 0.0568827 0.0479132 0.0369545 0.0538475 0.0709145 0.0484730 0.0401605 0.0428984 0.0352631 0.0452395 0.0326247 0.0451602 0.0000000 0.0373479 0.1432135 0.0592424 0.0503581 0.0475903 
Phalangeridae_Phalanger_carmelitae           0.1294733 0.0266994 0.0520150 0.0303121 0.0425440 0.0374904 0.0458188 0.0166850 0.0423435 0.0387892 0.0423756 0.0087095 0.0439049 0.0480657 0.0112473 0.0345475 0.0502417 0.0456875 0.0453065 0.0500890 0.0437807 0.0393135 0.0487491 0.0632405 0.0457931 0.0339351 0.0393106 0.0361648 0.0409216 0.0376978 0.0492947 0.0373479 0.0000000 0.1294733 0.0515033 0.0468887 0.0421862 
Peramelidae_Isoodon_obesulus2                0.0000010 0.1354940 0.1288037 0.1336279 0.1292009 0.1238260 0.1105952 0.1256582 0.1555958 0.1319677 9.0000000 0.1358455 0.1055993 0.1005019 0.1288326 0.1247969 0.1030817 0.1079949 0.1090331 0.0167722 0.1146729 0.1239745 0.1277354 0.1408584 0.1055678 0.1254937 0.1001247 0.1407692 0.1087366 0.1147865 0.1395881 0.1432135 0.1294733 0.0000000 0.0256060 0.1157967 9.0000000 
Peramelidae_Peroryctes_raffrayana            0.0256060 0.0545381 0.0646751 0.0534023 0.0631840 0.0555675 0.0541206 0.0524167 0.0948425 0.0592760 0.0093041 0.0521585 0.0534148 0.0575101 0.0561492 0.0532476 0.0593356 0.0550870 0.0566254 0.0103663 0.0615409 0.0592025 0.0594109 0.0882898 0.0536193 0.0554441 0.0501269 0.0554662 0.0581558 0.0533541 0.0604488 0.0592424 0.0515033 0.0256060 0.0000000 0.0553779 0.0092821 
Dasyuridae_Dasyurus_geffroii                 0.1157967 0.0481410 0.0634495 0.0434413 0.0569309 0.0514164 0.0026378 0.0460736 0.0788170 0.0534758 0.0523627 0.0454780 0.0109192 0.0150019 0.0507491 0.0508966 0.0119127 0.0037056 0.0152342 0.0592261 0.0538603 0.0512219 0.0547801 0.0728334 0.0115172 0.0484114 0.0473204 0.0462585 0.0505148 0.0443494 0.0616891 0.0503581 0.0468887 0.1157967 0.0553779 0.0000000 0.0532428 
Peramelidae_Perameles_gunnii                 9.0000000 0.0418923 0.0583229 0.0436803 0.0556498 0.0496961 0.0524335 0.0423650 0.0755128 0.0490090 0.0007634 0.0443234 0.0491545 0.0551193 0.0474318 0.0441487 0.0505941 0.0520120 0.0507374 0.0102338 0.0536377 0.0500393 0.0566911 0.0757413 0.0507759 0.0479289 0.0443795 0.0460622 0.0507630 0.0424263 0.0523303 0.0475903 0.0421862 9.0000000 0.0092821 0.0532428 0.0000000 
