37
Burramyidae_Burramys_parvus                  0.0000000 0.1275944 0.0908378 0.0860120 0.0875236 0.1517808 0.0862116 0.0829356 0.0931050 0.1056705 0.0885999 0.1595724 0.1492173 0.0848223 0.0946354 0.1573328 0.1520554 0.1522297 0.1064587 0.0941661 0.1154734 0.1421361 0.1573713 0.0985159 0.1112649 0.1033343 0.0843618 0.1091764 0.1422069 0.0869507 0.0851641 0.1091237 0.1531731 0.1017412 0.1431955 0.0983957 0.0983957 
Notoryctidae_Notoryctes_typhlops             0.1275944 0.0000000 0.1203909 0.1287152 0.1283643 0.1660619 0.1357560 0.1392234 0.1341196 0.1340563 0.1447212 0.1733201 0.1703790 0.1418676 0.1439786 0.1685028 0.1619064 0.1687879 0.1268538 0.1372969 0.1723491 0.1621594 0.1727003 0.1406310 0.1273861 0.1584609 0.1308628 0.1723895 0.2079268 0.1325107 0.1461029 0.1331149 0.1641554 0.1271471 0.1526631 0.0860249 0.0860249 
Vombatidae_Lasiorhinus_latifrons             0.0908378 0.1203909 0.0000000 0.0867094 0.0867669 0.1412022 0.1033700 0.1050469 0.0935887 0.1083884 0.1108453 0.1553860 0.1350411 0.1063653 0.1173662 0.1537749 0.1422989 0.1392313 0.1075185 0.0920200 0.1266164 0.1526071 0.1461908 0.1004362 0.1167423 0.1162361 0.0880010 0.1220652 0.1545241 0.1097340 0.1055779 0.1081791 0.1453210 0.1040720 0.1525994 0.1002868 0.1002868 
Potoroidae_Bettongia_penicillata             0.0860120 0.1287152 0.0867094 0.0000000 0.0064761 0.1515631 0.0929187 0.0903536 0.0141448 0.1093107 0.0960011 0.1633770 0.1481967 0.0973159 0.1093708 0.1608217 0.1488643 0.1544662 0.1123936 0.0292923 0.1214072 0.1588465 0.1578399 0.0641801 0.1174901 0.1078582 0.0247838 0.1089547 0.1475168 0.0958876 0.0977801 0.1134471 0.1517303 0.1067547 0.1532763 0.1093798 0.1093798 
Potoroidae_Bettongia_lesueur                 0.0875236 0.1283643 0.0867669 0.0064761 0.0000000 0.1574347 0.0963893 0.0942861 0.0134252 0.1131572 0.0985339 0.1686864 0.1558037 0.0994910 0.1082395 0.1662467 0.1563584 0.1589358 0.1143206 0.0302004 0.1250571 0.1613918 0.1652026 0.0611749 0.1208210 0.1151507 0.0252215 0.1139256 0.1461253 0.0985629 0.0983370 0.1149198 0.1590223 0.1111118 0.1608384 0.1147644 0.1147644 
Dasyuridae_Dasyurus_maculatus                0.1517808 0.1660619 0.1412022 0.1515631 0.1574347 0.0000000 0.1717972 0.1672157 0.1625183 0.1629621 0.1698735 0.0411516 0.0568750 0.1675450 0.1770055 0.0395584 0.0130988 0.0564802 0.1550973 0.1641099 0.1935513 0.2065746 0.0345203 0.1662022 0.1590285 0.1817039 0.1605301 0.1846751 0.2067532 0.1670789 0.1712397 0.1583987 0.0140383 0.1497206 0.2046290 0.0648529 0.0648529 
Phalangeridae_Trichosurus_vulpecula          0.0862116 0.1357560 0.1033700 0.0929187 0.0963893 0.1717972 0.0000000 0.0313119 0.1016515 0.1238952 0.0360122 0.1806529 0.1662356 0.0390582 0.1227697 0.1777525 0.1685713 0.1644968 0.1301542 0.0973598 0.1349124 0.1717540 0.1767291 0.1074612 0.1322022 0.1265663 0.0921676 0.1258580 0.1532882 0.1143348 0.0380861 0.1262636 0.1742581 0.1248951 0.1729671 0.1391302 0.1391302 
Phalangeridae_Spilocuscus_maculatus          0.0829356 0.1392234 0.1050469 0.0903536 0.0942861 0.1672157 0.0313119 0.0000000 0.1002121 0.1183378 0.0153700 0.1746271 0.1643772 0.0151448 0.1181200 0.1716739 0.1639337 0.1637329 0.1252091 0.0971111 0.1404225 0.1693335 0.1742980 0.1050923 0.1231110 0.1209887 0.0904843 0.1194678 0.1480230 0.1106870 0.0150198 0.1207752 0.1673771 0.1189777 0.1682853 0.1166125 0.1166125 
Potoroidae_Aepyprymnus_rufescens             0.0931050 0.1341196 0.0935887 0.0141448 0.0134252 0.1625183 0.1016515 0.1002121 0.0000000 0.1199195 0.1052360 0.1729037 0.1601217 0.1047317 0.1078572 0.1704392 0.1614506 0.1629965 0.1189001 0.0327577 0.1288216 0.1656437 0.1681951 0.0631998 0.1256391 0.1199158 0.0301435 0.1178208 0.1496717 0.0990635 0.1066384 0.1207957 0.1641180 0.1170643 0.1623523 0.1207282 0.1207282 
Peramelidae_Perameles_nasuta                 0.1056705 0.1340563 0.1083884 0.1093107 0.1131572 0.1629621 0.1238952 0.1183378 0.1199195 0.0000000 0.1225823 0.1726321 0.1697250 0.1192554 0.1431895 0.1725228 0.1685395 0.1644189 0.0243108 0.1179397 0.1616641 0.1655312 0.1710410 0.1211274 0.1300896 0.1361756 0.1101809 0.1390522 0.1889125 0.1279879 0.1272370 0.0197698 0.1643234 0.0000010 0.1817863 9.0000000 9.0000000 
Phalangeridae_Strigocuscus_pelengensis       0.0885999 0.1447212 0.1108453 0.0960011 0.0985339 0.1698735 0.0360122 0.0153700 0.1052360 0.1225823 0.0000000 0.1774465 0.1668089 0.0201855 0.1219017 0.1742339 0.1681197 0.1709391 0.1291337 0.1014885 0.1428396 0.1720932 0.1765111 0.1104860 0.1331409 0.1248331 0.0959964 0.1270625 0.1485476 0.1128671 0.0203246 0.1280792 0.1699462 0.1228420 0.1700748 0.1311717 0.1311717 
Dasyuridae_Phascogale_tapoatafa              0.1595724 0.1733201 0.1553860 0.1633770 0.1686864 0.0411516 0.1806529 0.1746271 0.1729037 0.1726321 0.1774465 0.0000000 0.0534317 0.1777135 0.1858955 0.0099627 0.0343810 0.0536761 0.1656252 0.1731455 0.2100317 0.2195065 0.0117788 0.1751841 0.1702946 0.1979289 0.1697696 0.1995650 0.2288828 0.1740696 0.1804488 0.1692773 0.0440560 0.1609672 0.2130601 0.0767601 0.0767601 
Dasyuridae_Sminthopsis_macroura              0.1492173 0.1703790 0.1350411 0.1481967 0.1558037 0.0568750 0.1662356 0.1643772 0.1601217 0.1697250 0.1668089 0.0534317 0.0000000 0.1620811 0.1782859 0.0560754 0.0536591 0.0376342 0.1598441 0.1598765 0.1993551 0.2045929 0.0478357 0.1691423 0.1602847 0.1769208 0.1566149 0.1930141 0.2035558 0.1686169 0.1680170 0.1638843 0.0582376 0.1560348 0.2060188 0.0594437 0.0594437 
Phalangeridae_Phalanger_orientalis           0.0848223 0.1418676 0.1063653 0.0973159 0.0994910 0.1675450 0.0390582 0.0151448 0.1047317 0.1192554 0.0201855 0.1777135 0.1620811 0.0000000 0.1220218 0.1746905 0.1643020 0.1638355 0.1255066 0.1010030 0.1381763 0.1683827 0.1744068 0.1102304 0.1264135 0.1221950 0.0950266 0.1218736 0.1485493 0.1110920 0.0087978 0.1244124 0.1677031 0.1179800 0.1680319 0.1263301 0.1263301 
Acrobatidae_Acrobates_pygmaeus               0.0946354 0.1439786 0.1173662 0.1093708 0.1082395 0.1770055 0.1227697 0.1181200 0.1078572 0.1431895 0.1219017 0.1858955 0.1782859 0.1220218 0.0000000 0.1810175 0.1769963 0.1795131 0.1379569 0.1101898 0.1192592 0.1656663 0.1790803 0.1175755 0.1355967 0.1066083 0.1076181 0.1096635 0.1290973 0.0592671 0.1248812 0.1445831 0.1813586 0.1366883 0.1682051 0.1166892 0.1166892 
Dasyuridae_Phascogale_calura                 0.1573328 0.1685028 0.1537749 0.1608217 0.1662467 0.0395584 0.1777525 0.1716739 0.1704392 0.1725228 0.1742339 0.0099627 0.0560754 0.1746905 0.1810175 0.0000000 0.0316721 0.0570819 0.1631746 0.1723720 0.2080205 0.2161579 0.0132324 0.1748724 0.1707985 0.1962022 0.1681407 0.1965532 0.2294955 0.1702734 0.1773481 0.1679578 0.0434044 0.1612803 0.2110182 0.0615594 0.0615594 
Dasyuridae_Sarcophilus_harrisii              0.1520554 0.1619064 0.1422989 0.1488643 0.1563584 0.0130988 0.1685713 0.1639337 0.1614506 0.1685395 0.1681197 0.0343810 0.0536591 0.1643020 0.1769963 0.0316721 0.0000000 0.0513417 0.1580332 0.1630319 0.1951807 0.2089254 0.0266764 0.1671722 0.1589818 0.1822363 0.1603152 0.1852857 0.2070491 0.1655788 0.1677868 0.1629610 0.0169673 0.1553183 0.2085059 0.0597648 0.0597648 
Dasyuridae_Planigale_tenuirostris            0.1522297 0.1687879 0.1392313 0.1544662 0.1589358 0.0564802 0.1644968 0.1637329 0.1629965 0.1644189 0.1709391 0.0536761 0.0376342 0.1638355 0.1795131 0.0570819 0.0513417 0.0000000 0.1578581 0.1632527 0.1987111 0.1994166 0.0495993 0.1711150 0.1589258 0.1868770 0.1614649 0.1833917 0.2058498 0.1725237 0.1684205 0.1619180 0.0589992 0.1549546 0.2001083 0.0727901 0.0727901 
Peramelidae_Echymipera_kalubu                0.1064587 0.1268538 0.1075185 0.1123936 0.1143206 0.1550973 0.1301542 0.1252091 0.1189001 0.0243108 0.1291337 0.1656252 0.1598441 0.1255066 0.1379569 0.1631746 0.1580332 0.1578581 0.0000000 0.1198499 0.1555586 0.1594614 0.1664025 0.1253824 0.1248571 0.1413399 0.1120757 0.1463112 0.1818373 0.1231637 0.1313403 0.0186423 0.1580112 0.0239525 0.1634678 0.1082225 0.1082225 
Macropodidae_Dorcopsulus_vanheurni           0.0941661 0.1372969 0.0920200 0.0292923 0.0302004 0.1641099 0.0973598 0.0971111 0.0327577 0.1179397 0.1014885 0.1731455 0.1598765 0.1010030 0.1101898 0.1723720 0.1630319 0.1632527 0.1198499 0.0000000 0.1353966 0.1654103 0.1707489 0.0680961 0.1271878 0.1228505 0.0115752 0.1259646 0.1555079 0.1039647 0.1026519 0.1203429 0.1657296 0.1148127 0.1710884 0.0971011 0.0971011 
Pseudochiridae_Pseudochirulus_forbesi        0.1154734 0.1723491 0.1266164 0.1214072 0.1250571 0.1935513 0.1349124 0.1404225 0.1288216 0.1616641 0.1428396 0.2100317 0.1993551 0.1381763 0.1192592 0.2080205 0.1951807 0.1987111 0.1555586 0.1353966 0.0000000 0.1971096 0.2043568 0.1423450 0.1735140 0.0655295 0.1283294 0.0419195 0.1366002 0.1201662 0.1388546 0.1679131 0.1970719 0.1518999 0.2006320 0.1016349 0.1016349 
Marmosidae_Monodelphis_domestica             0.1421361 0.1621594 0.1526071 0.1588465 0.1613918 0.2065746 0.1717540 0.1693335 0.1656437 0.1655312 0.1720932 0.2195065 0.2045929 0.1683827 0.1656663 0.2161579 0.2089254 0.1994166 0.1594614 0.1654103 0.1971096 0.0000000 0.2146363 0.1656433 0.1585430 0.1855905 0.1585105 0.1994303 0.2122465 0.1554532 0.1789804 0.1700048 0.2067310 0.1555939 0.0526019 0.1072452 0.1072452 
Dasyuridae_Antechinus_stuartii               0.1573713 0.1727003 0.1461908 0.1578399 0.1652026 0.0345203 0.1767291 0.1742980 0.1681951 0.1710410 0.1765111 0.0117788 0.0478357 0.1744068 0.1790803 0.0132324 0.0266764 0.0495993 0.1664025 0.1707489 0.2043568 0.2146363 0.0000000 0.1744157 0.1657688 0.1957344 0.1671256 0.1976341 0.2241297 0.1687403 0.1758410 0.1686324 0.0373820 0.1591121 0.2120052 0.0676626 0.0676626 
Hypsiprymnodontidae_Hypsiprymnodon_moschatus 0.0985159 0.1406310 0.1004362 0.0641801 0.0611749 0.1662022 0.1074612 0.1050923 0.0631998 0.1211274 0.1104860 0.1751841 0.1691423 0.1102304 0.1175755 0.1748724 0.1671722 0.1711150 0.1253824 0.0680961 0.1423450 0.1656433 0.1744157 0.0000000 0.1296230 0.1288759 0.0606966 0.1300705 0.1613150 0.1060240 0.1113175 0.1229813 0.1676204 0.1191801 0.1743565 0.1223566 0.1223566 
Microbiotheriidae_Dromiciops_gliroides       0.1112649 0.1273861 0.1167423 0.1174901 0.1208210 0.1590285 0.1322022 0.1231110 0.1256391 0.1300896 0.1331409 0.1702946 0.1602847 0.1264135 0.1355967 0.1707985 0.1589818 0.1589258 0.1248571 0.1271878 0.1735140 0.1585430 0.1657688 0.1296230 0.0000000 0.1581298 0.1251567 0.1647723 0.1833771 0.1290924 0.1287876 0.1305819 0.1559124 0.1219897 0.1508784 0.0849462 0.0849462 
Pseudochiridae_Petauroides_volans            0.1033343 0.1584609 0.1162361 0.1078582 0.1151507 0.1817039 0.1265663 0.1209887 0.1199158 0.1361756 0.1248331 0.1979289 0.1769208 0.1221950 0.1066083 0.1962022 0.1822363 0.1868770 0.1413399 0.1228505 0.0655295 0.1855905 0.1957344 0.1288759 0.1581298 0.0000000 0.1154670 0.0501556 0.1163483 0.1042468 0.1253709 0.1401133 0.1837103 0.1307549 0.1997132 0.0994461 0.0994461 
Macropodidae_Wallabia_bicolor                0.0843618 0.1308628 0.0880010 0.0247838 0.0252215 0.1605301 0.0921676 0.0904843 0.0301435 0.1101809 0.0959964 0.1697696 0.1566149 0.0950266 0.1076181 0.1681407 0.1603152 0.1614649 0.1120757 0.0115752 0.1283294 0.1585105 0.1671256 0.0606966 0.1251567 0.1154670 0.0000000 0.1159361 0.1476344 0.0966647 0.0959585 0.1144143 0.1617092 0.1067465 0.1640654 0.0858085 0.0858085 
Pseudochiridae_Pseudocheirus_occidentalis    0.1091764 0.1723895 0.1220652 0.1089547 0.1139256 0.1846751 0.1258580 0.1194678 0.1178208 0.1390522 0.1270625 0.1995650 0.1930141 0.1218736 0.1096635 0.1965532 0.1852857 0.1833917 0.1463112 0.1259646 0.0419195 0.1994303 0.1976341 0.1300705 0.1647723 0.0501556 0.1159361 0.0000000 0.1290438 0.1083021 0.1279098 0.1438854 0.1900967 0.1393180 0.2078089 9.0000000 9.0000000 
Tarsipedidae_Tarsipes_rostratus              0.1422069 0.2079268 0.1545241 0.1475168 0.1461253 0.2067532 0.1532882 0.1480230 0.1496717 0.1889125 0.1485476 0.2288828 0.2035558 0.1485493 0.1290973 0.2294955 0.2070491 0.2058498 0.1818373 0.1555079 0.1366002 0.2122465 0.2241297 0.1613150 0.1833771 0.1163483 0.1476344 0.1290438 0.0000000 0.1317406 0.1535962 0.1961988 0.2091231 0.1760722 0.2149672 0.1090774 0.1090774 
Acrobatidae_Distoechurus_pennatus            0.0869507 0.1325107 0.1097340 0.0958876 0.0985629 0.1670789 0.1143348 0.1106870 0.0990635 0.1279879 0.1128671 0.1740696 0.1686169 0.1110920 0.0592671 0.1702734 0.1655788 0.1725237 0.1231637 0.1039647 0.1201662 0.1554532 0.1687403 0.1060240 0.1290924 0.1042468 0.0966647 0.1083021 0.1317406 0.0000000 0.1156031 0.1276923 0.1695583 0.1221765 0.1581749 0.1080166 0.1080166 
Phalangeridae_Phalanger_carmelitae           0.0851641 0.1461029 0.1055779 0.0977801 0.0983370 0.1712397 0.0380861 0.0150198 0.1066384 0.1272370 0.0203246 0.1804488 0.1680170 0.0087978 0.1248812 0.1773481 0.1677868 0.1684205 0.1313403 0.1026519 0.1388546 0.1789804 0.1758410 0.1113175 0.1287876 0.1253709 0.0959585 0.1279098 0.1535962 0.1156031 0.0000000 0.1281392 0.1704986 0.1249332 0.1761174 0.1263301 0.1263301 
Peramelidae_Peroryctes_raffrayana            0.1091237 0.1331149 0.1081791 0.1134471 0.1149198 0.1583987 0.1262636 0.1207752 0.1207957 0.0197698 0.1280792 0.1692773 0.1638843 0.1244124 0.1445831 0.1679578 0.1629610 0.1619180 0.0186423 0.1203429 0.1679131 0.1700048 0.1686324 0.1229813 0.1305819 0.1401133 0.1144143 0.1438854 0.1961988 0.1276923 0.1281392 0.0000000 0.1609989 0.0197994 0.1848199 9.0000000 9.0000000 
Dasyuridae_Dasyurus_geffroii                 0.1531731 0.1641554 0.1453210 0.1517303 0.1590223 0.0140383 0.1742581 0.1673771 0.1641180 0.1643234 0.1699462 0.0440560 0.0582376 0.1677031 0.1813586 0.0434044 0.0169673 0.0589992 0.1580112 0.1657296 0.1970719 0.2067310 0.0373820 0.1676204 0.1559124 0.1837103 0.1617092 0.1900967 0.2091231 0.1695583 0.1704986 0.1609989 0.0000000 0.1517372 0.2041969 0.0707816 0.0707816 
Peramelidae_Perameles_gunnii                 0.1017412 0.1271471 0.1040720 0.1067547 0.1111118 0.1497206 0.1248951 0.1189777 0.1170643 0.0000010 0.1228420 0.1609672 0.1560348 0.1179800 0.1366883 0.1612803 0.1553183 0.1549546 0.0239525 0.1148127 0.1518999 0.1555939 0.1591121 0.1191801 0.1219897 0.1307549 0.1067465 0.1393180 0.1760722 0.1221765 0.1249332 0.0197994 0.1517372 0.0000000 0.1646884 0.0955727 0.0955727 
Didelphidae_Didelphis_virginiana             0.1431955 0.1526631 0.1525994 0.1532763 0.1608384 0.2046290 0.1729671 0.1682853 0.1623523 0.1817863 0.1700748 0.2130601 0.2060188 0.1680319 0.1682051 0.2110182 0.2085059 0.2001083 0.1634678 0.1710884 0.2006320 0.0526019 0.2120052 0.1743565 0.1508784 0.1997132 0.1640654 0.2078089 0.2149672 0.1581749 0.1761174 0.1848199 0.2041969 0.1646884 0.0000000 0.0948106 0.0948106 
Myrmecobiidae_Myrmecobius_fasciatus1         0.0983957 0.0860249 0.1002868 0.1093798 0.1147644 0.0648529 0.1391302 0.1166125 0.1207282 9.0000000 0.1311717 0.0767601 0.0594437 0.1263301 0.1166892 0.0615594 0.0597648 0.0727901 0.1082225 0.0971011 0.1016349 0.1072452 0.0676626 0.1223566 0.0849462 0.0994461 0.0858085 9.0000000 0.1090774 0.1080166 0.1263301 9.0000000 0.0707816 0.0955727 0.0948106 0.0000000 0.0000010 
Myrmecobiidae_Myrmecobius_fasciatus2         0.0983957 0.0860249 0.1002868 0.1093798 0.1147644 0.0648529 0.1391302 0.1166125 0.1207282 9.0000000 0.1311717 0.0767601 0.0594437 0.1263301 0.1166892 0.0615594 0.0597648 0.0727901 0.1082225 0.0971011 0.1016349 0.1072452 0.0676626 0.1223566 0.0849462 0.0994461 0.0858085 9.0000000 0.1090774 0.1080166 0.1263301 9.0000000 0.0707816 0.0955727 0.0948106 0.0000010 0.0000000 
