74
Cladotanytarsus_atridorsum_To81     0.0000000 0.0192149 0.1779651 0.1683434 0.1719867 0.1663863 0.1692836 0.1708407 0.1665279 0.1667031 0.1675240 0.1661459 0.1693686 0.1710771 0.1725052 0.1703672 0.1678268 0.1731864 0.1707240 0.1754975 0.1791929 0.1760375 0.1693569 0.1697812 0.1592955 0.1661563 0.1676308 0.1566559 0.1569763 0.1611169 0.1771446 0.1564026 0.1746338 0.1642376 0.1524838 0.1716793 0.1692377 0.1795435 0.1806998 0.1650173 0.1634507 0.1713740 0.1584105 0.1705085 0.1717465 0.1692806 0.1723361 0.1647842 0.1162569 0.1737171 0.1633066 0.1713968 0.1715014 0.1720695 0.1701450 0.1792884 0.1710495 0.1730657 0.1712289 0.1731468 0.1594195 0.1655171 0.1612525 0.1713736 0.1437966 0.1565484 0.1586226 0.1636289 0.1564630 0.1844923 0.1647379 0.1339043 0.1648226 0.1316089 
Cladotanytarsus_pallidus_To02       0.0192149 0.0000000 0.1728953 0.1666073 0.1707790 0.1658631 0.1687522 0.1697421 0.1684016 0.1680855 0.1696105 0.1689496 0.1691015 0.1715105 0.1713388 0.1725627 0.1702569 0.1738618 0.1708606 0.1757502 0.1743414 0.1712587 0.1709049 0.1702258 0.1598947 0.1668761 0.1678637 0.1557844 0.1580656 0.1607278 0.1769441 0.1576687 0.1728461 0.1653749 0.1553949 0.1701191 0.1639191 0.1810638 0.1821297 0.1646438 0.1591303 0.1721455 0.1568187 0.1729813 0.1729807 0.1704577 0.1681430 0.1631214 0.1175973 0.1701624 0.1665924 0.1724463 0.1725520 0.1731174 0.1708088 0.1796721 0.1700855 0.1709878 0.1671203 0.1670939 0.1566541 0.1665172 0.1596066 0.1698485 0.1499346 0.1553697 0.1551873 0.1646212 0.1567005 0.1878969 0.1638757 0.1334345 0.1648009 0.1332896 
Krenopsectra_acuta_To392            0.1779651 0.1728953 0.0000000 0.1061662 0.1120768 0.0801030 0.0821463 0.0977529 0.1066359 0.1063815 0.1062117 0.1058484 0.1131530 0.1140772 0.1121724 0.1036766 0.1035892 0.1019325 0.1083907 0.0999445 0.1101267 0.1096894 0.1015880 0.1025682 0.1050699 0.1028845 0.1037464 0.1061092 0.1065656 0.0743525 0.1073227 0.0990951 0.1043423 0.1048235 0.1063685 0.0985178 0.1057855 0.1025734 0.1024726 0.0985336 0.0787197 0.1050182 0.0985265 0.1051687 0.1034850 0.1077841 0.1028657 0.1269933 0.0808984 0.0951397 0.1077630 0.1073488 0.1075069 0.1083707 0.1122025 0.1128864 0.1366319 0.1370503 0.1387812 0.1438488 0.1219162 0.1503670 0.1440189 0.1471429 0.1345464 0.1310204 0.1315184 0.1271353 0.1399520 0.1657892 0.1537302 0.1547427 0.1639530 0.1589184 
Micropsectra_appendica_To133        0.1683434 0.1666073 0.1061662 0.0000000 0.0837657 0.0993977 0.1027944 0.1014408 0.0860441 0.0877805 0.0869893 0.0865699 0.0900484 0.0908900 0.0923679 0.0922762 0.0893050 0.0900467 0.0864732 0.0808126 0.0902227 0.0885904 0.0735258 0.0841038 0.0793520 0.0832779 0.0827765 0.0818236 0.0825515 0.0998238 0.0811161 0.0844545 0.0784652 0.0971268 0.0913441 0.0804706 0.1056697 0.0752802 0.0761703 0.0791929 0.1076211 0.0736125 0.0784377 0.0781060 0.0732674 0.0761551 0.0795609 0.1012646 0.0876400 0.0847812 0.0882512 0.0928403 0.0916321 0.0918103 0.0954849 0.0953947 0.1367502 0.1382187 0.1379247 0.1417956 0.1216192 0.1392152 0.1390384 0.1393867 0.1373535 0.1350334 0.1340752 0.1355471 0.1369138 0.1685919 0.1676788 0.1607508 0.1538346 0.1510546 
Micropsectra_atrofasciata_IS27      0.1719867 0.1707790 0.1120768 0.0837657 0.0000000 0.1097468 0.1114261 0.1074177 0.0997017 0.1021446 0.1005323 0.1015774 0.1067141 0.1069224 0.1070721 0.1072484 0.1052043 0.1044804 0.0957312 0.0938874 0.1020673 0.1007172 0.0645069 0.0993042 0.0928875 0.0977211 0.0968119 0.0920629 0.0933979 0.1027148 0.0760118 0.0993465 0.0683347 0.1083645 0.1057993 0.0974603 0.1173487 0.0753010 0.0754221 0.0792358 0.1106741 0.0683901 0.0747911 0.0746666 0.0693408 0.0751402 0.0746625 0.1236567 0.0977685 0.0961126 0.0988726 0.0975314 0.0986735 0.0984844 0.1015303 0.1053623 0.1366276 0.1377567 0.1395119 0.1399126 0.1176357 0.1410165 0.1361341 0.1358790 0.1370731 0.1243407 0.1362983 0.1268548 0.1287510 0.1633310 0.1577537 0.1676123 0.1475590 0.1506562 
Micropsectra_attenuata_To131        0.1663863 0.1658631 0.0801030 0.0993977 0.1097468 0.0000000 0.0025383 0.1019951 0.1072561 0.1053189 0.1061180 0.1076437 0.1070277 0.1079348 0.1079616 0.1090898 0.1083621 0.1073515 0.1051181 0.0997302 0.1013016 0.0997306 0.1020738 0.1079177 0.1008410 0.1051699 0.1057370 0.1028665 0.1048460 0.0668517 0.0989390 0.0905563 0.1024851 0.1043779 0.1049831 0.0953462 0.1041396 0.0972309 0.0982012 0.0928845 0.0676804 0.0979183 0.0918884 0.0969382 0.0965894 0.0995363 0.0994447 0.1137343 0.0547502 0.0945461 0.1036508 0.1007729 0.1013903 0.1025602 0.1121356 0.1147669 0.1271549 0.1277143 0.1295286 0.1354104 0.1269614 0.1428483 0.1278501 0.1341487 0.1260693 0.1261435 0.1324071 0.1245095 0.1260354 0.1599674 0.1581402 0.1507600 0.1510372 0.1545530 
Micropsectra_attenuata_To302        0.1692836 0.1687522 0.0821463 0.1027944 0.1114261 0.0025383 0.0000000 0.1029892 0.1087855 0.1068139 0.1081317 0.1086720 0.1083234 0.1092335 0.1096338 0.1115748 0.1102077 0.1095664 0.1062889 0.1011885 0.1044573 0.1028755 0.1028717 0.1095611 0.1031900 0.1068706 0.1074386 0.1052262 0.1072348 0.0679023 0.1002083 0.0937172 0.1029881 0.1082135 0.1081875 0.0972006 0.1053941 0.1000740 0.1010550 0.0966236 0.0687668 0.0995493 0.0946978 0.0990968 0.0975104 0.1014221 0.1009815 0.1182205 0.0550065 0.0950694 0.1063297 0.1042960 0.1044226 0.1056149 0.1146368 0.1173497 0.1307041 0.1308001 0.1329156 0.1376664 0.1293081 0.1451393 0.1293147 0.1377018 0.1263024 0.1296564 0.1338867 0.1245748 0.1277837 0.1624085 0.1628810 0.1552356 0.1530364 0.1599563 
Micropsectra_borealis_NO41          0.1708407 0.1697421 0.0977529 0.1014408 0.1074177 0.1019951 0.1029892 0.0000000 0.0982642 0.0990939 0.0989281 0.1001371 0.1057444 0.1057876 0.1063659 0.0993939 0.0987879 0.0994353 0.0935362 0.1047180 0.0982979 0.0980454 0.0893163 0.0981993 0.0960504 0.0958810 0.0960289 0.0937614 0.0977295 0.0925654 0.0999059 0.0991305 0.1014847 0.0881703 0.0907318 0.0931836 0.0984729 0.0897415 0.0896672 0.0835905 0.0944958 0.0840797 0.0787791 0.0913430 0.0829608 0.0940303 0.0911987 0.1056180 0.0854620 0.0930515 0.0992409 0.0941425 0.0943580 0.0941112 0.0973620 0.1094354 0.1376281 0.1377036 0.1399960 0.1402812 0.1198038 0.1428315 0.1287319 0.1449532 0.1359338 0.1246986 0.1313318 0.1259977 0.1288761 0.1552934 0.1583269 0.1507275 0.1469034 0.1539494 
Micropsectra_contracta_To06         0.1665279 0.1684016 0.1066359 0.0860441 0.0997017 0.1072561 0.1087855 0.0982642 0.0000000 0.0027875 0.0008491 0.0025587 0.0587594 0.0591878 0.0586755 0.0540832 0.0523298 0.0541279 0.0717457 0.0890754 0.0835802 0.0830200 0.0792980 0.0344722 0.0524364 0.0333694 0.0333159 0.0518894 0.0540900 0.0941622 0.0919369 0.0956018 0.0905092 0.0964347 0.0974381 0.0670296 0.1085134 0.0879738 0.0885812 0.1021721 0.1013870 0.0859662 0.1004478 0.0870894 0.0879448 0.0902939 0.0889428 0.0915617 0.0858232 0.0803341 0.1006404 0.0994158 0.0990887 0.1001097 0.0997674 0.1055770 0.1262244 0.1267277 0.1288006 0.1390540 0.1150847 0.1360471 0.1387858 0.1324884 0.1242345 0.1230056 0.1323570 0.1304540 0.1363219 0.1599967 0.1630226 0.1465024 0.1584592 0.1432961 
Micropsectra_contracta_To356        0.1667031 0.1680855 0.1063815 0.0877805 0.1021446 0.1053189 0.1068139 0.0990939 0.0027875 0.0000000 0.0034334 0.0045155 0.0581354 0.0585613 0.0576901 0.0540911 0.0520484 0.0530886 0.0712321 0.0889291 0.0822112 0.0816578 0.0803615 0.0351593 0.0531615 0.0340582 0.0339893 0.0529678 0.0548758 0.0934639 0.0928760 0.0976463 0.0904668 0.0975864 0.0989387 0.0671831 0.1074025 0.0898971 0.0905093 0.1027359 0.1015359 0.0883618 0.1019464 0.0886189 0.0903445 0.0918219 0.0900555 0.0933737 0.0870866 0.0789682 0.1008934 0.1009404 0.1001814 0.1012091 0.1009325 0.1077337 0.1261407 0.1265619 0.1295568 0.1390291 0.1162276 0.1363437 0.1397316 0.1337443 0.1249240 0.1245197 0.1320981 0.1297716 0.1349305 0.1596045 0.1649693 0.1472990 0.1584361 0.1452784 
Micropsectra_contracta_To357        0.1675240 0.1696105 0.1062117 0.0869893 0.1005323 0.1061180 0.1081317 0.0989281 0.0008491 0.0034334 0.0000000 0.0036272 0.0582894 0.0587153 0.0580991 0.0542274 0.0519526 0.0541298 0.0712336 0.0892815 0.0831890 0.0826311 0.0793591 0.0346269 0.0528648 0.0335510 0.0334832 0.0523160 0.0545203 0.0931269 0.0922805 0.0961256 0.0900925 0.0967870 0.0979628 0.0668417 0.1080133 0.0887173 0.0893268 0.1027061 0.1010076 0.0861021 0.1006559 0.0875988 0.0883963 0.0904842 0.0891580 0.0929195 0.0862242 0.0797386 0.1008407 0.0998304 0.0990722 0.1000959 0.1003952 0.1045883 0.1261745 0.1270220 0.1291364 0.1390556 0.1159065 0.1371247 0.1388112 0.1328193 0.1243444 0.1239627 0.1321750 0.1306672 0.1357213 0.1595561 0.1640646 0.1464516 0.1600033 0.1438206 
Micropsectra_contracta_To358        0.1661459 0.1689496 0.1058484 0.0865699 0.1015774 0.1076437 0.1086720 0.1001371 0.0025587 0.0045155 0.0036272 0.0000000 0.0591986 0.0596277 0.0587117 0.0554476 0.0533997 0.0539831 0.0721550 0.0879463 0.0830909 0.0825671 0.0792445 0.0357341 0.0529786 0.0351512 0.0350797 0.0537375 0.0550729 0.0935519 0.0936678 0.0965646 0.0899477 0.0993147 0.1015851 0.0656820 0.1070838 0.0884138 0.0890245 0.1022433 0.1001215 0.0876244 0.1014744 0.0871298 0.0896059 0.0920176 0.0902974 0.0935632 0.0843230 0.0797344 0.1019593 0.1010190 0.1002025 0.1012311 0.1023014 0.1052368 0.1277054 0.1281097 0.1303640 0.1398964 0.1170340 0.1371033 0.1400531 0.1339249 0.1257069 0.1254626 0.1332308 0.1293543 0.1374041 0.1601600 0.1626359 0.1471109 0.1612279 0.1433358 
Micropsectra_insignilobus_To182     0.1693686 0.1691015 0.1131530 0.0900484 0.1067141 0.1070277 0.1083234 0.1057444 0.0587594 0.0581354 0.0582894 0.0591986 0.0000000 0.0021133 0.0097901 0.0662787 0.0638487 0.0662714 0.0777314 0.0907412 0.0856444 0.0849327 0.0945315 0.0601896 0.0628116 0.0584708 0.0576988 0.0627267 0.0651017 0.0975603 0.0993869 0.1029160 0.1018883 0.1121192 0.1118773 0.0806580 0.1140503 0.0953909 0.0963527 0.1040480 0.1018583 0.0897231 0.1003670 0.0916401 0.0927025 0.0953998 0.0963418 0.1104726 0.0876138 0.0873158 0.1013620 0.1007621 0.1006605 0.1016801 0.1028701 0.1119242 0.1410256 0.1434867 0.1472267 0.1505409 0.1273933 0.1533760 0.1442848 0.1514244 0.1298417 0.1351096 0.1361206 0.1349380 0.1417090 0.1593671 0.1598801 0.1638598 0.1615483 0.1608581 
Micropsectra_insignilobus_To184     0.1710771 0.1715105 0.1140772 0.0908900 0.1069224 0.1079348 0.1092335 0.1057876 0.0591878 0.0585613 0.0587153 0.0596277 0.0021133 0.0000000 0.0102494 0.0670163 0.0642412 0.0670141 0.0771766 0.0919148 0.0853015 0.0845914 0.0950503 0.0608411 0.0640531 0.0584937 0.0583435 0.0639629 0.0660504 0.0984352 0.0991942 0.1041050 0.1031163 0.1111674 0.1131047 0.0803259 0.1152137 0.0955805 0.0965437 0.1052348 0.1009568 0.0899044 0.1015273 0.0918258 0.0928872 0.0945848 0.0968597 0.1116899 0.0894394 0.0867355 0.1022436 0.1018907 0.1017910 0.1013048 0.1029134 0.1126061 0.1427759 0.1427985 0.1471871 0.1523528 0.1273606 0.1537552 0.1460772 0.1532543 0.1321579 0.1368266 0.1374215 0.1349034 0.1434639 0.1604689 0.1598407 0.1657520 0.1638996 0.1627524 
Micropsectra_insignilobus_To31      0.1725052 0.1713388 0.1121724 0.0923679 0.1070721 0.1079616 0.1096338 0.1063659 0.0586755 0.0576901 0.0580991 0.0587117 0.0097901 0.0102494 0.0000000 0.0667641 0.0654899 0.0678954 0.0797648 0.0929837 0.0898045 0.0890729 0.0943315 0.0628752 0.0644617 0.0608160 0.0603450 0.0649709 0.0679399 0.0982458 0.0991919 0.1033448 0.1027264 0.1114366 0.1111858 0.0795739 0.1145073 0.0953415 0.0963061 0.1023275 0.1041679 0.0925876 0.1031917 0.0933021 0.0955972 0.0978304 0.0971070 0.1077495 0.0886984 0.0879929 0.1022800 0.1008241 0.1012055 0.1022275 0.1054036 0.1139920 0.1408622 0.1432193 0.1479793 0.1533514 0.1306764 0.1507141 0.1426248 0.1523114 0.1363302 0.1363781 0.1376039 0.1332943 0.1423339 0.1575521 0.1601637 0.1653334 0.1639135 0.1587494 
Micropsectra_junci_To154            0.1703672 0.1725627 0.1036766 0.0922762 0.1072484 0.1090898 0.1115748 0.0993939 0.0540832 0.0540911 0.0542274 0.0554476 0.0662787 0.0670163 0.0667641 0.0000000 0.0049275 0.0180493 0.0776961 0.0860976 0.0864066 0.0862898 0.0914877 0.0570793 0.0559121 0.0563615 0.0565503 0.0530785 0.0563635 0.1020727 0.0970700 0.0998133 0.0950951 0.1038110 0.1044272 0.0763531 0.1166964 0.0876077 0.0882160 0.0978431 0.1018277 0.0897466 0.1021478 0.0909055 0.0910017 0.0929827 0.0943086 0.1113041 0.0998186 0.0906264 0.1065211 0.0971424 0.0969128 0.0977607 0.1047122 0.1068975 0.1346427 0.1358121 0.1371358 0.1404213 0.1221828 0.1474216 0.1477127 0.1385758 0.1338078 0.1294319 0.1372051 0.1325956 0.1500441 0.1589572 0.1639868 0.1576489 0.1668512 0.1547600 
Micropsectra_junci_To157            0.1678268 0.1702569 0.1035892 0.0893050 0.1052043 0.1083621 0.1102077 0.0987879 0.0523298 0.0520484 0.0519526 0.0533997 0.0638487 0.0642412 0.0654899 0.0049275 0.0000000 0.0148114 0.0749877 0.0850125 0.0844334 0.0843203 0.0889830 0.0553628 0.0540137 0.0554164 0.0550480 0.0516899 0.0555248 0.1010836 0.0960007 0.1009635 0.0913644 0.1016529 0.1050006 0.0738074 0.1138273 0.0864778 0.0870866 0.0990280 0.1013741 0.0871684 0.1019189 0.0892681 0.0884651 0.0888386 0.0916166 0.1096866 0.0999566 0.0871639 0.1021871 0.0933735 0.0927284 0.0939771 0.0994029 0.1035171 0.1345983 0.1353206 0.1361229 0.1400561 0.1234017 0.1485734 0.1457723 0.1376858 0.1324496 0.1283282 0.1363211 0.1325308 0.1498586 0.1559063 0.1626232 0.1536466 0.1633947 0.1522789 
Micropsectra_junci_To54             0.1731864 0.1738618 0.1019325 0.0900467 0.1044804 0.1073515 0.1095664 0.0994353 0.0541279 0.0530886 0.0541298 0.0539831 0.0662714 0.0670141 0.0678954 0.0180493 0.0148114 0.0000000 0.0772640 0.0856317 0.0842039 0.0847585 0.0881678 0.0570111 0.0533913 0.0565263 0.0567156 0.0509728 0.0541558 0.1028404 0.0984014 0.1031879 0.0944818 0.1026242 0.1073184 0.0730640 0.1166253 0.0913256 0.0919430 0.1057856 0.1009344 0.0884818 0.1050236 0.0899984 0.0896815 0.0949553 0.0937130 0.1119586 0.0970335 0.0866445 0.1059977 0.0967275 0.0968552 0.0981227 0.1030122 0.1031235 0.1349147 0.1353188 0.1385587 0.1391049 0.1218310 0.1488330 0.1445836 0.1399822 0.1315051 0.1273394 0.1382581 0.1311630 0.1487890 0.1566894 0.1617456 0.1596710 0.1654583 0.1530972 
Micropsectra_kurobemaculata_To07    0.1707240 0.1708606 0.1083907 0.0864732 0.0957312 0.1051181 0.1062889 0.0935362 0.0717457 0.0712321 0.0712336 0.0721550 0.0777314 0.0771766 0.0797648 0.0776961 0.0749877 0.0772640 0.0000000 0.0818310 0.0811244 0.0807613 0.0830947 0.0757039 0.0695472 0.0736174 0.0734740 0.0706599 0.0742379 0.0899717 0.0860794 0.0919734 0.0886809 0.0972451 0.0961992 0.0767345 0.1101704 0.0846674 0.0852693 0.0918274 0.0963453 0.0812195 0.0909744 0.0830256 0.0817768 0.0849819 0.0822232 0.1081029 0.0907504 0.0757414 0.0911716 0.0946289 0.0943082 0.0938397 0.0939645 0.0956274 0.1367075 0.1358133 0.1385461 0.1468907 0.1155078 0.1343321 0.1325721 0.1426006 0.1276427 0.1284795 0.1334176 0.1212850 0.1310884 0.1609765 0.1631148 0.1562525 0.1518469 0.1461088 
Micropsectra_lacustris_AT16         0.1754975 0.1757502 0.0999445 0.0808126 0.0938874 0.0997302 0.1011885 0.1047180 0.0890754 0.0889291 0.0892815 0.0879463 0.0907412 0.0919148 0.0929837 0.0860976 0.0850125 0.0856317 0.0818310 0.0000000 0.0959390 0.0955066 0.0806296 0.0814005 0.0833544 0.0797994 0.0786705 0.0849293 0.0872458 0.1029193 0.0866820 0.0976939 0.0850104 0.1045913 0.1054902 0.0846390 0.1172310 0.0822306 0.0831652 0.0895438 0.1021090 0.0843763 0.0909279 0.0850005 0.0842310 0.0911945 0.0882845 0.1165707 0.0877747 0.0742753 0.0920778 0.0944303 0.0940303 0.0950350 0.0985590 0.0989450 0.1355913 0.1361195 0.1367444 0.1518604 0.1188554 0.1448595 0.1363896 0.1490753 0.1363866 0.1338514 0.1349549 0.1242660 0.1363948 0.1629454 0.1673791 0.1659254 0.1622450 0.1638900 
Micropsectra_lindrothi_IS48         0.1791929 0.1743414 0.1101267 0.0902227 0.1020673 0.1013016 0.1044573 0.0982979 0.0835802 0.0822112 0.0831890 0.0830909 0.0856444 0.0853015 0.0898045 0.0864066 0.0844334 0.0842039 0.0811244 0.0959390 0.0000000 0.0021421 0.0882631 0.0824986 0.0798316 0.0807507 0.0802567 0.0787125 0.0828206 0.1030031 0.0985120 0.0819049 0.0936581 0.1019823 0.0939807 0.0781170 0.1103332 0.0910985 0.0917190 0.0832577 0.1036204 0.0945051 0.0883799 0.0931444 0.0942334 0.0963584 0.0918814 0.1038609 0.0879187 0.0817689 0.1069503 0.1092816 0.1089971 0.1087372 0.1123169 0.1108090 0.1321879 0.1315958 0.1364657 0.1433767 0.1163894 0.1396092 0.1312372 0.1367488 0.1271722 0.1210067 0.1252256 0.1220331 0.1328276 0.1669820 0.1738456 0.1611143 0.1538627 0.1508553 
Micropsectra_lindrothi_To361        0.1760375 0.1712587 0.1096894 0.0885904 0.1007172 0.0997306 0.1028755 0.0980454 0.0830200 0.0816578 0.0826311 0.0825671 0.0849327 0.0845914 0.0890729 0.0862898 0.0843203 0.0847585 0.0807613 0.0955066 0.0021421 0.0000000 0.0872453 0.0813894 0.0793474 0.0796469 0.0791581 0.0782333 0.0823236 0.1012954 0.0971142 0.0813568 0.0929032 0.1019545 0.0933427 0.0771637 0.1102520 0.0902448 0.0908641 0.0819009 0.1018392 0.0935439 0.0866390 0.0919141 0.0934910 0.0960045 0.0912706 0.1028283 0.0849211 0.0812736 0.1051813 0.1085244 0.1082387 0.1079809 0.1111721 0.1096530 0.1317110 0.1311235 0.1359615 0.1421733 0.1149545 0.1375280 0.1310269 0.1357138 0.1254558 0.1188733 0.1245602 0.1210436 0.1305776 0.1660518 0.1722096 0.1587682 0.1525463 0.1475783 
Micropsectra_logani_To188           0.1693569 0.1709049 0.1015880 0.0735258 0.0645069 0.1020738 0.1028717 0.0893163 0.0792980 0.0803615 0.0793591 0.0792445 0.0945315 0.0950503 0.0943315 0.0914877 0.0889830 0.0881678 0.0830947 0.0806296 0.0882631 0.0872453 0.0000000 0.0795597 0.0774248 0.0778961 0.0775268 0.0787652 0.0815836 0.0942935 0.0653746 0.0877248 0.0550852 0.1011208 0.0962990 0.0842239 0.1084749 0.0651071 0.0659674 0.0696278 0.1030586 0.0589181 0.0659994 0.0599675 0.0585702 0.0644471 0.0666960 0.1009646 0.0832242 0.0840261 0.1020406 0.0997749 0.0994447 0.1001389 0.1044716 0.1067950 0.1349669 0.1361541 0.1379603 0.1423007 0.1110154 0.1361527 0.1325260 0.1359181 0.1335136 0.1225542 0.1328915 0.1279819 0.1262687 0.1628672 0.1565200 0.1549061 0.1521472 0.1485240 
Micropsectra_notescens_To315        0.1697812 0.1702258 0.1025682 0.0841038 0.0993042 0.1079177 0.1095611 0.0981993 0.0344722 0.0351593 0.0346269 0.0357341 0.0601896 0.0608411 0.0628752 0.0570793 0.0553628 0.0570111 0.0757039 0.0814005 0.0824986 0.0813894 0.0795597 0.0000000 0.0496162 0.0014855 0.0014834 0.0490805 0.0512465 0.0926150 0.0894802 0.0931867 0.0887083 0.1002107 0.1001094 0.0712347 0.1102600 0.0858112 0.0864108 0.0959088 0.0991956 0.0842511 0.0940615 0.0831451 0.0859311 0.0901281 0.0881138 0.0985854 0.0945116 0.0781561 0.0977654 0.0980322 0.0984328 0.0989346 0.1002487 0.1048279 0.1336165 0.1344129 0.1389810 0.1395503 0.1197946 0.1401486 0.1386951 0.1394343 0.1327143 0.1265534 0.1330790 0.1351444 0.1359328 0.1590334 0.1633967 0.1514686 0.1594086 0.1446961 
Micropsectra_notescens_To324        0.1592955 0.1598947 0.1050699 0.0793520 0.0928875 0.1008410 0.1031900 0.0960504 0.0524364 0.0531615 0.0528648 0.0529786 0.0628116 0.0640531 0.0644617 0.0559121 0.0540137 0.0533913 0.0695472 0.0833544 0.0798316 0.0793474 0.0774248 0.0496162 0.0000000 0.0489205 0.0491144 0.0053588 0.0069375 0.0959561 0.0849648 0.0892700 0.0852550 0.1053362 0.1077540 0.0705204 0.1075540 0.0802555 0.0811689 0.0886150 0.0988441 0.0812149 0.0908461 0.0821004 0.0832392 0.0865213 0.0865607 0.0971868 0.0898303 0.0815730 0.0952344 0.0938352 0.0937679 0.0946558 0.0935244 0.0961953 0.1276281 0.1277457 0.1324163 0.1353700 0.1106877 0.1338963 0.1322564 0.1310295 0.1316482 0.1187860 0.1218261 0.1227188 0.1284048 0.1536425 0.1578319 0.1491348 0.1576739 0.1467402 
Micropsectra_notescens_To351        0.1661563 0.1668761 0.1028845 0.0832779 0.0977211 0.1051699 0.1068706 0.0958810 0.0333694 0.0340582 0.0335510 0.0351512 0.0584708 0.0584937 0.0608160 0.0563615 0.0554164 0.0565263 0.0736174 0.0797994 0.0807507 0.0796469 0.0778961 0.0014855 0.0489205 0.0000000 0.0004223 0.0483856 0.0500200 0.0915581 0.0875661 0.0947987 0.0883528 0.0980062 0.0997370 0.0692548 0.1075912 0.0850100 0.0856110 0.0965975 0.0982901 0.0839756 0.0947443 0.0825468 0.0853464 0.0889235 0.0859225 0.0982114 0.0947428 0.0777730 0.0967571 0.0969087 0.0968005 0.0978093 0.0994185 0.1031497 0.1322069 0.1323893 0.1370785 0.1371408 0.1176020 0.1386326 0.1366725 0.1379967 0.1301635 0.1258938 0.1305002 0.1335513 0.1336443 0.1576185 0.1623697 0.1483054 0.1565234 0.1423649 
Micropsectra_notescens_To352        0.1676308 0.1678637 0.1037464 0.0827765 0.0968119 0.1057370 0.1074386 0.0960289 0.0333159 0.0339893 0.0334832 0.0350797 0.0576988 0.0583435 0.0603450 0.0565503 0.0550480 0.0567156 0.0734740 0.0786705 0.0802567 0.0791581 0.0775268 0.0014834 0.0491144 0.0004223 0.0000000 0.0485791 0.0507658 0.0920534 0.0873883 0.0941709 0.0876261 0.0981551 0.0990975 0.0691190 0.1086352 0.0851902 0.0857907 0.0959698 0.0988050 0.0836004 0.0941212 0.0818298 0.0849700 0.0880544 0.0850772 0.0975731 0.0937076 0.0769665 0.0965574 0.0967089 0.0966006 0.0976070 0.0988485 0.1037305 0.1320991 0.1328969 0.1369613 0.1374287 0.1184431 0.1390394 0.1369786 0.1378798 0.1311312 0.1266102 0.1316980 0.1342689 0.1338508 0.1591061 0.1616283 0.1495092 0.1576030 0.1435443 
Micropsectra_notescens_To353        0.1566559 0.1557844 0.1061092 0.0818236 0.0920629 0.1028665 0.1052262 0.0937614 0.0518894 0.0529678 0.0523160 0.0537375 0.0627267 0.0639629 0.0649709 0.0530785 0.0516899 0.0509728 0.0706599 0.0849293 0.0787125 0.0782333 0.0787652 0.0490805 0.0053588 0.0483856 0.0485791 0.0000000 0.0060421 0.0954220 0.0855197 0.0905853 0.0852140 0.1023511 0.1048234 0.0714225 0.1043803 0.0834547 0.0843784 0.0924234 0.1009245 0.0836857 0.0944403 0.0854433 0.0860297 0.0880941 0.0872817 0.0995898 0.0918772 0.0849191 0.0954943 0.0946226 0.0950139 0.0955853 0.0954006 0.0959167 0.1282626 0.1280808 0.1313815 0.1348642 0.1096355 0.1350457 0.1317462 0.1314169 0.1315655 0.1181508 0.1244100 0.1253451 0.1281853 0.1570512 0.1554229 0.1502234 0.1551227 0.1455117 
Micropsectra_notescens_To354        0.1569763 0.1580656 0.1065656 0.0825515 0.0933979 0.1048460 0.1072348 0.0977295 0.0540900 0.0548758 0.0545203 0.0550729 0.0651017 0.0660504 0.0679399 0.0563635 0.0555248 0.0541558 0.0742379 0.0872458 0.0828206 0.0823236 0.0815836 0.0512465 0.0069375 0.0500200 0.0507658 0.0060421 0.0000000 0.0961827 0.0885965 0.0904893 0.0881973 0.1073554 0.1111217 0.0735640 0.1088938 0.0860798 0.0870179 0.0941457 0.1013071 0.0861718 0.0958222 0.0863992 0.0882215 0.0916190 0.0888360 0.1011653 0.0960360 0.0874323 0.0968796 0.0958411 0.0958829 0.0964590 0.0971079 0.0976273 0.1316979 0.1308854 0.1341332 0.1357633 0.1094108 0.1345394 0.1357849 0.1350622 0.1344003 0.1192792 0.1252281 0.1272785 0.1298554 0.1604958 0.1602083 0.1486084 0.1584263 0.1501661 
Micropsectra_oberaarensis_To336     0.1611169 0.1607278 0.0743525 0.0998238 0.1027148 0.0668517 0.0679023 0.0925654 0.0941622 0.0934639 0.0931269 0.0935519 0.0975603 0.0984352 0.0982458 0.1020727 0.1010836 0.1028404 0.0899717 0.1029193 0.1030031 0.1012954 0.0942935 0.0926150 0.0959561 0.0915581 0.0920534 0.0954220 0.0961827 0.0000000 0.0970817 0.0969272 0.0986214 0.1049120 0.1041996 0.0957785 0.1006421 0.0981582 0.0987859 0.0935814 0.0270809 0.0978890 0.0905425 0.1002706 0.0969147 0.1014412 0.1018428 0.1187302 0.0640836 0.0878997 0.1029068 0.1030918 0.1027661 0.1037262 0.1087768 0.1143205 0.1392120 0.1403524 0.1430762 0.1424384 0.1227109 0.1431751 0.1417502 0.1426610 0.1257097 0.1252251 0.1353857 0.1246021 0.1332508 0.1623014 0.1543030 0.1528719 0.1569629 0.1527968 
Micropsectra_pallidula_To74         0.1771446 0.1769441 0.1073227 0.0811161 0.0760118 0.0989390 0.1002083 0.0999059 0.0919369 0.0928760 0.0922805 0.0936678 0.0993869 0.0991942 0.0991919 0.0970700 0.0960007 0.0984014 0.0860794 0.0866820 0.0985120 0.0971142 0.0653746 0.0894802 0.0849648 0.0875661 0.0873883 0.0855197 0.0885965 0.0970817 0.0000000 0.0937213 0.0732358 0.0994235 0.0975256 0.0932638 0.1119439 0.0688099 0.0686221 0.0721018 0.0992001 0.0660269 0.0716797 0.0672706 0.0648869 0.0687478 0.0669841 0.1074169 0.0820132 0.0873143 0.0966311 0.1015999 0.1012402 0.1015708 0.0973134 0.1019523 0.1400031 0.1396804 0.1399590 0.1392985 0.1140958 0.1386117 0.1323026 0.1416382 0.1345278 0.1209804 0.1349414 0.1361735 0.1234203 0.1669424 0.1597860 0.1622709 0.1530881 0.1488357 
Micropsectra_pharetrophora_To12     0.1564026 0.1576687 0.0990951 0.0844545 0.0993465 0.0905563 0.0937172 0.0991305 0.0956018 0.0976463 0.0961256 0.0965646 0.1029160 0.1041050 0.1033448 0.0998133 0.1009635 0.1031879 0.0919734 0.0976939 0.0819049 0.0813568 0.0877248 0.0931867 0.0892700 0.0947987 0.0941709 0.0905853 0.0904893 0.0969272 0.0937213 0.0000000 0.0778015 0.0949274 0.0943608 0.0892609 0.1093410 0.0877501 0.0877501 0.0849538 0.0932408 0.0864165 0.0829698 0.0888452 0.0858384 0.0959608 0.0941265 0.0999060 0.0707197 0.0811032 0.0875076 0.0925348 0.0937809 0.0925348 0.0939332 0.1085367 0.1179234 0.1175343 0.1181324 0.1296617 0.1076725 0.1184810 0.1172514 0.1290929 0.1343643 0.1137655 0.1260948 0.1248411 0.1287314 0.1492798 0.1444999 0.1179670 0.1374721 0.1386566 
Micropsectra_polita_To181           0.1746338 0.1728461 0.1043423 0.0784652 0.0683347 0.1024851 0.1029881 0.1014847 0.0905092 0.0904668 0.0900925 0.0899477 0.1018883 0.1031163 0.1027264 0.0950951 0.0913644 0.0944818 0.0886809 0.0850104 0.0936581 0.0929032 0.0550852 0.0887083 0.0852550 0.0883528 0.0876261 0.0852140 0.0881973 0.0986214 0.0732358 0.0778015 0.0000000 0.1001811 0.0980086 0.0870942 0.1112554 0.0720587 0.0732577 0.0685674 0.0997860 0.0693357 0.0686578 0.0712061 0.0688495 0.0742447 0.0738532 0.1070583 0.0814926 0.0864385 0.1017276 0.0969352 0.0970388 0.0975461 0.1034948 0.1070008 0.1347176 0.1355607 0.1375007 0.1339278 0.1133315 0.1391599 0.1218199 0.1340867 0.1274963 0.1196595 0.1319595 0.1222155 0.1347141 0.1497266 0.1674523 0.1504178 0.1463828 0.1503934 
Micropsectra_radialis_NO44          0.1642376 0.1653749 0.1048235 0.0971268 0.1083645 0.1043779 0.1082135 0.0881703 0.0964347 0.0975864 0.0967870 0.0993147 0.1121192 0.1111674 0.1114366 0.1038110 0.1016529 0.1026242 0.0972451 0.1045913 0.1019823 0.1019545 0.1011208 0.1002107 0.1053362 0.0980062 0.0981551 0.1023511 0.1073554 0.1049120 0.0994235 0.0949274 0.1001811 0.0000000 0.0054084 0.0915942 0.1071148 0.0944653 0.0947199 0.0945246 0.1037365 0.0961339 0.0947419 0.0990201 0.0965971 0.0973416 0.0964931 0.1173895 0.0889074 0.0986235 0.1028661 0.1033086 0.1027091 0.1028298 0.1033379 0.1081703 0.1289980 0.1277140 0.1271350 0.1372815 0.1240512 0.1285601 0.1293603 0.1427633 0.1236891 0.1198296 0.1330544 0.1241928 0.1318245 0.1545692 0.1607543 0.1448161 0.1492024 0.1443974 
Micropsectra_radialis_To37          0.1524838 0.1553949 0.1063685 0.0913441 0.1057993 0.1049831 0.1081875 0.0907318 0.0974381 0.0989387 0.0979628 0.1015851 0.1118773 0.1131047 0.1111858 0.1044272 0.1050006 0.1073184 0.0961992 0.1054902 0.0939807 0.0933427 0.0962990 0.1001094 0.1077540 0.0997370 0.0990975 0.1048234 0.1111217 0.1041996 0.0975256 0.0943608 0.0980086 0.0054084 0.0000000 0.0952355 0.1010735 0.0949178 0.0949178 0.0941408 0.1050294 0.0949478 0.0919743 0.0965940 0.0942695 0.0977847 0.0981985 0.1153494 0.0874199 0.1006002 0.0993102 0.1031704 0.1034047 0.1031704 0.1014230 0.1116842 0.1244184 0.1246757 0.1210524 0.1359917 0.1119139 0.1156709 0.1188025 0.1417504 0.1246673 0.1088094 0.1209564 0.1308266 0.1285148 0.1487267 0.1501698 0.1235138 0.1368233 0.1341544 
Micropsectra_recurvata_IS22         0.1716793 0.1701191 0.0985178 0.0804706 0.0974603 0.0953462 0.0972006 0.0931836 0.0670296 0.0671831 0.0668417 0.0656820 0.0806580 0.0803259 0.0795739 0.0763531 0.0738074 0.0730640 0.0767345 0.0846390 0.0781170 0.0771637 0.0842239 0.0712347 0.0705204 0.0692548 0.0691190 0.0714225 0.0735640 0.0957785 0.0932638 0.0892609 0.0870942 0.0915942 0.0952355 0.0000000 0.1066230 0.0858196 0.0867459 0.0911929 0.0963524 0.0855203 0.0928223 0.0834181 0.0886707 0.0880116 0.0880699 0.0755539 0.0805486 0.0805645 0.0930737 0.0887222 0.0872538 0.0874753 0.0918738 0.0997146 0.1254948 0.1232395 0.1263082 0.1380604 0.1132918 0.1341827 0.1298483 0.1332539 0.1250709 0.1207738 0.1234119 0.1245501 0.1346318 0.1479290 0.1567235 0.1436898 0.1575460 0.1389107 
Micropsectra_roseiventris_To84      0.1692377 0.1639191 0.1057855 0.1056697 0.1173487 0.1041396 0.1053941 0.0984729 0.1085134 0.1074025 0.1080133 0.1070838 0.1140503 0.1152137 0.1145073 0.1166964 0.1138273 0.1166253 0.1101704 0.1172310 0.1103332 0.1102520 0.1084749 0.1102600 0.1075540 0.1075912 0.1086352 0.1043803 0.1088938 0.1006421 0.1119439 0.1093410 0.1112554 0.1071148 0.1010735 0.1066230 0.0000000 0.1067953 0.1074970 0.0928299 0.1042922 0.1011263 0.0903479 0.1024537 0.1028755 0.1105119 0.1066375 0.1205031 0.0858851 0.1047832 0.1181148 0.1147486 0.1136446 0.1152567 0.1171756 0.1347359 0.1348911 0.1351403 0.1378445 0.1388263 0.1241377 0.1485183 0.1383100 0.1395820 0.1277095 0.1259713 0.1361580 0.1280316 0.1289596 0.1649537 0.1700939 0.1513239 0.1559591 0.1490664 
Micropsectra_schrankelae_To43       0.1795435 0.1810638 0.1025734 0.0752802 0.0753010 0.0972309 0.1000740 0.0897415 0.0879738 0.0898971 0.0887173 0.0884138 0.0953909 0.0955805 0.0953415 0.0876077 0.0864778 0.0913256 0.0846674 0.0822306 0.0910985 0.0902448 0.0651071 0.0858112 0.0802555 0.0850100 0.0851902 0.0834547 0.0860798 0.0981582 0.0688099 0.0877501 0.0720587 0.0944653 0.0949178 0.0858196 0.1067953 0.0000000 0.0006345 0.0054741 0.0996697 0.0312574 0.0344559 0.0330582 0.0320786 0.0447325 0.0379563 0.1095369 0.0783815 0.0835277 0.0884687 0.0855312 0.0856932 0.0861932 0.0884858 0.0960237 0.1313062 0.1318994 0.1366194 0.1336878 0.1187367 0.1323880 0.1315010 0.1340013 0.1410136 0.1252239 0.1316772 0.1309081 0.1370821 0.1637712 0.1630802 0.1629189 0.1464379 0.1477559 
Micropsectra_schrankelae_To44       0.1806998 0.1821297 0.1024726 0.0761703 0.0754221 0.0982012 0.1010550 0.0896672 0.0885812 0.0905093 0.0893268 0.0890245 0.0963527 0.0965437 0.0963061 0.0882160 0.0870866 0.0919430 0.0852693 0.0831652 0.0917190 0.0908641 0.0659674 0.0864108 0.0811689 0.0856110 0.0857907 0.0843784 0.0870179 0.0987859 0.0686221 0.0877501 0.0732577 0.0947199 0.0949178 0.0867459 0.1074970 0.0006345 0.0000000 0.0054741 0.1003635 0.0319925 0.0344559 0.0338333 0.0328122 0.0446099 0.0380993 0.1095369 0.0783815 0.0841290 0.0896952 0.0867546 0.0869188 0.0874192 0.0897146 0.0962609 0.1320119 0.1326057 0.1376234 0.1346567 0.1192498 0.1333664 0.1318477 0.1349783 0.1414029 0.1255599 0.1326383 0.1316810 0.1374343 0.1645605 0.1634136 0.1640258 0.1468013 0.1485859 
Micropsectra_schrankelae_To47       0.1650173 0.1646438 0.0985336 0.0791929 0.0792358 0.0928845 0.0966236 0.0835905 0.1021721 0.1027359 0.1027061 0.1022433 0.1040480 0.1052348 0.1023275 0.0978431 0.0990280 0.1057856 0.0918274 0.0895438 0.0832577 0.0819009 0.0696278 0.0959088 0.0886150 0.0965975 0.0959698 0.0924234 0.0941457 0.0935814 0.0721018 0.0849538 0.0685674 0.0945246 0.0941408 0.0911929 0.0928299 0.0054741 0.0054741 0.0000000 0.0942459 0.0366107 0.0342404 0.0357641 0.0365943 0.0517735 0.0442221 0.1077062 0.0772794 0.0866759 0.0852071 0.0829725 0.0841494 0.0829725 0.0857846 0.0963918 0.1174005 0.1173377 0.1195205 0.1211759 0.1030254 0.1122222 0.1110386 0.1245105 0.1377745 0.1096695 0.1144163 0.1248417 0.1321046 0.1440099 0.1412782 0.1253845 0.1245117 0.1278284 
Micropsectra_seguyi_To334           0.1634507 0.1591303 0.0787197 0.1076211 0.1106741 0.0676804 0.0687668 0.0944958 0.1013870 0.1015359 0.1010076 0.1001215 0.1018583 0.1009568 0.1041679 0.1018277 0.1013741 0.1009344 0.0963453 0.1021090 0.1036204 0.1018392 0.1030586 0.0991956 0.0988441 0.0982901 0.0988050 0.1009245 0.1013071 0.0270809 0.0992001 0.0932408 0.0997860 0.1037365 0.1050294 0.0963524 0.1042922 0.0996697 0.1003635 0.0942459 0.0000000 0.1006189 0.0945680 0.0993967 0.0990847 0.1019708 0.1021538 0.1162067 0.0600523 0.0889904 0.0988023 0.1013640 0.1012444 0.1014462 0.1050171 0.1114058 0.1400782 0.1396741 0.1413522 0.1431628 0.1205986 0.1391324 0.1407130 0.1470722 0.1199441 0.1281052 0.1362512 0.1246505 0.1308132 0.1625369 0.1517924 0.1514305 0.1534047 0.1550689 
Micropsectra_sofiae_Soe11           0.1713740 0.1721455 0.1050182 0.0736125 0.0683901 0.0979183 0.0995493 0.0840797 0.0859662 0.0883618 0.0861021 0.0876244 0.0897231 0.0899044 0.0925876 0.0897466 0.0871684 0.0884818 0.0812195 0.0843763 0.0945051 0.0935439 0.0589181 0.0842511 0.0812149 0.0839756 0.0836004 0.0836857 0.0861718 0.0978890 0.0660269 0.0864165 0.0693357 0.0961339 0.0949478 0.0855203 0.1011263 0.0312574 0.0319925 0.0366107 0.1006189 0.0000000 0.0041715 0.0173447 0.0045180 0.0404342 0.0375687 0.1112966 0.0776552 0.0781856 0.0906361 0.0871221 0.0874777 0.0876582 0.0882026 0.0983751 0.1337025 0.1335885 0.1389869 0.1377035 0.1187881 0.1380107 0.1296062 0.1364206 0.1312620 0.1232429 0.1314123 0.1288610 0.1324261 0.1595477 0.1628949 0.1591963 0.1450325 0.1526954 
Micropsectra_sofiae_Soe12           0.1584105 0.1568187 0.0985265 0.0784377 0.0747911 0.0918884 0.0946978 0.0787791 0.1004478 0.1019464 0.1006559 0.1014744 0.1003670 0.1015273 0.1031917 0.1021478 0.1019189 0.1050236 0.0909744 0.0909279 0.0883799 0.0866390 0.0659994 0.0940615 0.0908461 0.0947443 0.0941212 0.0944403 0.0958222 0.0905425 0.0716797 0.0829698 0.0686578 0.0947419 0.0919743 0.0928223 0.0903479 0.0344559 0.0344559 0.0342404 0.0945680 0.0041715 0.0000000 0.0177392 0.0044515 0.0479143 0.0454990 0.1076237 0.0751949 0.0827447 0.0875112 0.0872462 0.0877283 0.0865289 0.0889917 0.1018425 0.1193606 0.1183574 0.1192750 0.1222013 0.1048252 0.1220472 0.1089256 0.1247495 0.1203523 0.1081791 0.1142118 0.1229543 0.1303384 0.1380948 0.1418950 0.1290333 0.1260183 0.1332233 
Micropsectra_sofiae_To145           0.1705085 0.1729813 0.1051687 0.0781060 0.0746666 0.0969382 0.0990968 0.0913430 0.0870894 0.0886189 0.0875988 0.0871298 0.0916401 0.0918258 0.0933021 0.0909055 0.0892681 0.0899984 0.0830256 0.0850005 0.0931444 0.0919141 0.0599675 0.0831451 0.0821004 0.0825468 0.0818298 0.0854433 0.0863992 0.1002706 0.0672706 0.0888452 0.0712061 0.0990201 0.0965940 0.0834181 0.1024537 0.0330582 0.0338333 0.0357641 0.0993967 0.0173447 0.0177392 0.0000000 0.0179959 0.0419328 0.0389235 0.1120370 0.0795389 0.0799495 0.0901965 0.0882781 0.0886426 0.0888243 0.0885756 0.0958739 0.1333917 0.1339007 0.1383246 0.1374408 0.1211831 0.1389435 0.1331292 0.1375218 0.1318891 0.1231009 0.1360417 0.1345809 0.1329113 0.1681548 0.1629029 0.1607417 0.1430802 0.1536127 
Micropsectra_sofiae_To166           0.1717465 0.1729807 0.1034850 0.0732674 0.0693408 0.0965894 0.0975104 0.0829608 0.0879448 0.0903445 0.0883963 0.0896059 0.0927025 0.0928872 0.0955972 0.0910017 0.0884651 0.0896815 0.0817768 0.0842310 0.0942334 0.0934910 0.0585702 0.0859311 0.0832392 0.0853464 0.0849700 0.0860297 0.0882215 0.0969147 0.0648869 0.0858384 0.0688495 0.0965971 0.0942695 0.0886707 0.1028755 0.0320786 0.0328122 0.0365943 0.0990847 0.0045180 0.0044515 0.0179959 0.0000000 0.0417844 0.0383777 0.1104017 0.0784647 0.0790268 0.0924221 0.0880530 0.0884103 0.0885890 0.0887768 0.0989761 0.1327664 0.1326564 0.1373210 0.1363472 0.1195933 0.1372712 0.1300304 0.1348087 0.1297826 0.1223381 0.1307655 0.1298474 0.1315108 0.1582454 0.1628166 0.1583044 0.1423969 0.1509310 
Micropsectra_sp_To350               0.1692806 0.1704577 0.1077841 0.0761551 0.0751402 0.0995363 0.1014221 0.0940303 0.0902939 0.0918219 0.0904842 0.0920176 0.0953998 0.0945848 0.0978304 0.0929827 0.0888386 0.0949553 0.0849819 0.0911945 0.0963584 0.0960045 0.0644471 0.0901281 0.0865213 0.0889235 0.0880544 0.0880941 0.0916190 0.1014412 0.0687478 0.0959608 0.0742447 0.0973416 0.0977847 0.0880116 0.1105119 0.0447325 0.0446099 0.0517735 0.1019708 0.0404342 0.0479143 0.0419328 0.0417844 0.0000000 0.0411304 0.1111880 0.0829508 0.0855143 0.0894691 0.0877567 0.0885988 0.0877973 0.0900700 0.1024733 0.1326473 0.1322854 0.1363950 0.1383986 0.1185889 0.1431082 0.1297973 0.1338285 0.1378389 0.1250833 0.1309573 0.1373899 0.1387796 0.1626632 0.1591892 0.1650656 0.1457346 0.1497564 
Micropsectra_sp_To378               0.1723361 0.1681430 0.1028657 0.0795609 0.0746625 0.0994447 0.1009815 0.0911987 0.0889428 0.0900555 0.0891580 0.0902974 0.0963418 0.0968597 0.0971070 0.0943086 0.0916166 0.0937130 0.0822232 0.0882845 0.0918814 0.0912706 0.0666960 0.0881138 0.0865607 0.0859225 0.0850772 0.0872817 0.0888360 0.1018428 0.0669841 0.0941265 0.0738532 0.0964931 0.0981985 0.0880699 0.1066375 0.0379563 0.0380993 0.0442221 0.1021538 0.0375687 0.0454990 0.0389235 0.0383777 0.0411304 0.0000000 0.1177433 0.0824346 0.0830014 0.0891319 0.0869092 0.0861119 0.0867681 0.0898259 0.0972606 0.1366267 0.1365031 0.1391304 0.1437164 0.1238016 0.1431588 0.1287821 0.1381852 0.1394463 0.1319189 0.1309779 0.1362992 0.1334238 0.1680223 0.1634119 0.1645142 0.1526315 0.1471507 
Micropsectra_sp_To383               0.1647842 0.1631214 0.1269933 0.1012646 0.1236567 0.1137343 0.1182205 0.1056180 0.0915617 0.0933737 0.0929195 0.0935632 0.1104726 0.1116899 0.1077495 0.1113041 0.1096866 0.1119586 0.1081029 0.1165707 0.1038609 0.1028283 0.1009646 0.0985854 0.0971868 0.0982114 0.0975731 0.0995898 0.1011653 0.1187302 0.1074169 0.0999060 0.1070583 0.1173895 0.1153494 0.0755539 0.1205031 0.1095369 0.1095369 0.1077062 0.1162067 0.1112966 0.1076237 0.1120370 0.1104017 0.1111880 0.1177433 0.0000000 0.0924207 0.1057113 0.1069957 0.1141581 0.1154982 0.1141210 0.1107146 0.1252075 0.1251790 0.1263321 0.1221099 0.1397147 0.1187124 0.1262905 0.1324007 0.1393741 0.1419404 0.1353999 0.1305896 0.1429500 0.1518631 0.1575258 0.1473484 0.1314230 0.1421928 0.1451933 
Micropsectra_sp_To391               0.1162569 0.1175973 0.0808984 0.0876400 0.0977685 0.0547502 0.0550065 0.0854620 0.0858232 0.0870866 0.0862242 0.0843230 0.0876138 0.0894394 0.0886984 0.0998186 0.0999566 0.0970335 0.0907504 0.0877747 0.0879187 0.0849211 0.0832242 0.0945116 0.0898303 0.0947428 0.0937076 0.0918772 0.0960360 0.0640836 0.0820132 0.0707197 0.0814926 0.0889074 0.0874199 0.0805486 0.0858851 0.0783815 0.0783815 0.0772794 0.0600523 0.0776552 0.0751949 0.0795389 0.0784647 0.0829508 0.0824346 0.0924207 0.0000000 0.0771657 0.0864329 0.0891817 0.0879715 0.0879715 0.0959434 0.1034914 0.1043323 0.1037425 0.1050440 0.1080689 0.0965344 0.0967544 0.0955296 0.1113457 0.1306746 0.1051762 0.1049720 0.1111141 0.1202489 0.1333087 0.1172321 0.1090431 0.1149503 0.1306824 
Parapsectra_mendli_To335            0.1737171 0.1701624 0.0951397 0.0847812 0.0961126 0.0945461 0.0950694 0.0930515 0.0803341 0.0789682 0.0797386 0.0797344 0.0873158 0.0867355 0.0879929 0.0906264 0.0871639 0.0866445 0.0757414 0.0742753 0.0817689 0.0812736 0.0840261 0.0781561 0.0815730 0.0777730 0.0769665 0.0849191 0.0874323 0.0878997 0.0873143 0.0811032 0.0864385 0.0986235 0.1006002 0.0805645 0.1047832 0.0835277 0.0841290 0.0866759 0.0889904 0.0781856 0.0827447 0.0799495 0.0790268 0.0855143 0.0830014 0.1057113 0.0771657 0.0000000 0.0942884 0.0935713 0.0940083 0.0927170 0.0984919 0.0896108 0.1262626 0.1254300 0.1318370 0.1373283 0.1128997 0.1433301 0.1275327 0.1382963 0.1219786 0.1240225 0.1351392 0.1216058 0.1307566 0.1428721 0.1579717 0.1511794 0.1558861 0.1511112 
Parapsectra_nana_To135              0.1633066 0.1665924 0.1077630 0.0882512 0.0988726 0.1036508 0.1063297 0.0992409 0.1006404 0.1008934 0.1008407 0.1019593 0.1013620 0.1022436 0.1022800 0.1065211 0.1021871 0.1059977 0.0911716 0.0920778 0.1069503 0.1051813 0.1020406 0.0977654 0.0952344 0.0967571 0.0965574 0.0954943 0.0968796 0.1029068 0.0966311 0.0875076 0.1017276 0.1028661 0.0993102 0.0930737 0.1181148 0.0884687 0.0896952 0.0852071 0.0988023 0.0906361 0.0875112 0.0901965 0.0924221 0.0894691 0.0891319 0.1069957 0.0864329 0.0942884 0.0000000 0.0350465 0.0347484 0.0353104 0.0349522 0.0659435 0.1370775 0.1386636 0.1387112 0.1436928 0.1191027 0.1360243 0.1358153 0.1406745 0.1360856 0.1225151 0.1360372 0.1307947 0.1298365 0.1613291 0.1562290 0.1604384 0.1507229 0.1436892 
