35
Burramyidae_Burramys_parvus                  0.0000000 0.1201520 0.0894436 0.0837575 0.0791513 0.1388257 0.0950919 0.0787122 0.0822417 0.1423773 0.0772166 0.1191969 0.1116584 0.0747749 0.1026378 0.1202872 0.1451618 0.1048524 0.1340939 0.0839447 0.0769037 0.1940713 0.1346178 0.1140758 0.0958109 0.1004094 0.0733486 0.0872385 0.0980758 0.1199341 0.0884393 0.0780249 0.1549471 0.1410623 0.1337571 
Notoryctidae_Notoryctes_typhlops             0.1201520 0.0000000 0.1250077 0.1218335 0.1153905 0.1592648 0.1236362 0.1097604 0.1133329 0.1357698 0.1129157 0.1266216 0.1170690 0.1117768 0.1312739 0.1268334 0.1658664 0.1189704 0.1234814 0.1165700 0.1086686 0.1895798 0.1401566 0.1222664 0.1176048 0.1041445 0.1049944 0.1101931 0.1270996 0.1514165 0.1159457 0.1152564 0.1322214 0.1606425 0.1266128 
Vombatidae_Lasiorhinus_latifrons             0.0894436 0.1250077 0.0000000 0.0896127 0.0855496 0.1438926 0.1044497 0.0837729 0.0871309 0.1431247 0.0813860 0.1268187 0.1183304 0.0825564 0.1072652 0.1289738 0.1524500 0.1193946 0.1348531 0.0815989 0.0785742 0.1882643 0.1291042 0.1238034 0.0950672 0.1048809 0.0816677 0.0840722 0.1057681 0.1212525 0.0993233 0.0835949 0.1534654 0.1456372 0.1313413 
Potoroidae_Bettongia_penicillata             0.0837575 0.1218335 0.0896127 0.0000000 0.0084253 0.1447304 0.1023331 0.0905618 0.0205418 0.1335825 0.0827350 0.1287287 0.1179454 0.0840827 0.0985180 0.1298647 0.1518539 0.1167941 0.1306197 0.0307127 0.0826248 0.1801472 0.1344533 0.1241989 0.0561044 0.1031882 0.0812430 0.0350477 0.1000393 0.1091900 0.0881769 0.0880850 0.1428339 0.1492705 0.1262130 
Potoroidae_Bettongia_lesueur                 0.0791513 0.1153905 0.0855496 0.0084253 0.0000000 0.1431678 0.0973147 0.0856196 0.0177324 0.1311059 0.0768022 0.1243163 0.1144234 0.0793633 0.0980080 0.1254719 0.1489813 0.1114141 0.1260000 0.0277921 0.0793187 0.1797287 0.1321724 0.1189442 0.0498278 0.0977792 0.0766437 0.0309060 0.0958250 0.1078049 0.0853655 0.0833286 0.1428363 0.1454404 0.1221773 
Dasyuridae_Dasyurus_maculatus                0.1388257 0.1592648 0.1438926 0.1447304 0.1431678 0.0000000 0.1596872 0.1359264 0.1395968 0.1596285 0.1414693 0.0569928 0.0639091 0.1380287 0.1606400 0.0578540 0.0259222 0.0654456 0.1511716 0.1405889 0.1383905 0.2091225 0.1574197 0.0536533 0.1586366 0.1433193 0.1318897 0.1368902 0.1797319 0.1654173 0.1530737 0.1414355 0.1781631 0.0193532 0.1514712 
Phalangeridae_Trichosurus_vulpecula          0.0950919 0.1236362 0.1044497 0.1023331 0.0973147 0.1596872 0.0000000 0.0617676 0.1001136 0.1361251 0.0621711 0.1373733 0.1302889 0.0559180 0.0987947 0.1411930 0.1673444 0.1271520 0.1574297 0.0952052 0.0916578 0.1674048 0.1330695 0.1305205 0.1072797 0.1045439 0.0988443 0.1014247 0.1117582 0.1328128 0.0999385 0.0556240 0.1409610 0.1632579 0.1355855 
Phalangeridae_Spilocuscus_maculatus          0.0787122 0.1097604 0.0837729 0.0905618 0.0856196 0.1359264 0.0617676 0.0000000 0.0820991 0.1373209 0.0211633 0.1157574 0.1025481 0.0230650 0.1128365 0.1161802 0.1457958 0.1016003 0.1315730 0.0833137 0.0756398 0.1770026 0.1252329 0.1097489 0.0923111 0.0964656 0.0750418 0.0888799 0.0973067 0.1184745 0.0908313 0.0183442 0.1420674 0.1380683 0.1285930 
Potoroidae_Aepyprymnus_rufescens             0.0822417 0.1133329 0.0871309 0.0205418 0.0177324 0.1395968 0.1001136 0.0820991 0.0000000 0.1295001 0.0749816 0.1193314 0.1150214 0.0778688 0.1010954 0.1187978 0.1473140 0.1133659 0.1223060 0.0288406 0.0781925 0.1683219 0.1240208 0.1136603 0.0546450 0.0977211 0.0760910 0.0301640 0.0915223 0.1065500 0.0837452 0.0819571 0.1391060 0.1445049 0.1183030 
Peramelidae_Perameles_nasuta                 0.1423773 0.1357698 0.1431247 0.1335825 0.1311059 0.1596285 0.1361251 0.1373209 0.1295001 0.0000000 0.1391045 0.1417788 0.1383170 0.1373679 0.1344181 0.1431678 0.1688960 0.1366712 0.0256005 0.1334920 0.1348793 0.1946785 0.1443663 0.1362392 0.1478390 0.1231224 0.1315417 0.1336269 0.1510001 0.1678514 0.1441937 0.1380589 0.0360875 0.1656962 0.0058885 
Phalangeridae_Strigocuscus_pelengensis       0.0772166 0.1129157 0.0813860 0.0827350 0.0768022 0.1414693 0.0621711 0.0211633 0.0749816 0.1391045 0.0000000 0.1184228 0.1072180 0.0187904 0.1044279 0.1181726 0.1503908 0.1041067 0.1308941 0.0752648 0.0643577 0.1852688 0.1311043 0.1113259 0.0834440 0.0932816 0.0722326 0.0778209 0.0837873 0.1135564 0.0845681 0.0145429 0.1476536 0.1449228 0.1297985 
Dasyuridae_Phascogale_tapoatafa              0.1191969 0.1266216 0.1268187 0.1287287 0.1243163 0.0569928 0.1373733 0.1157574 0.1193314 0.1417788 0.1184228 0.0000000 0.0411886 0.1151938 0.1422607 0.0059375 0.0624357 0.0431474 0.1364566 0.1195913 0.1215950 0.1844267 0.1454955 0.0166206 0.1419335 0.1232645 0.1161073 0.1172267 0.1493171 0.1553658 0.1346010 0.1179357 0.1414998 0.0622112 0.1357737 
Dasyuridae_Sminthopsis_macroura              0.1116584 0.1170690 0.1183304 0.1179454 0.1144234 0.0639091 0.1302889 0.1025481 0.1150214 0.1383170 0.1072180 0.0411886 0.0000000 0.1077304 0.1370000 0.0430175 0.0719168 0.0268101 0.1395004 0.1130819 0.1100136 0.1854329 0.1364964 0.0342528 0.1285325 0.1132301 0.1075033 0.1110838 0.1364665 0.1505746 0.1289262 0.1096382 0.1460992 0.0669999 0.1326911 
Phalangeridae_Phalanger_orientalis           0.0747749 0.1117768 0.0825564 0.0840827 0.0793633 0.1380287 0.0559180 0.0230650 0.0778688 0.1373679 0.0187904 0.1151938 0.1077304 0.0000000 0.1015705 0.1147875 0.1456266 0.1045947 0.1320831 0.0764871 0.0732595 0.1734367 0.1272823 0.1081186 0.0830320 0.0967570 0.0750674 0.0809937 0.0899885 0.1131659 0.0840538 0.0144964 0.1411956 0.1379527 0.1274756 
Acrobatidae_Acrobates_pygmaeus               0.1026378 0.1312739 0.1072652 0.0985180 0.0980080 0.1606400 0.0987947 0.1128365 0.1010954 0.1344181 0.1044279 0.1422607 0.1370000 0.1015705 0.0000000 0.1415439 0.1664724 0.1316145 0.1450792 0.0949103 0.0885775 0.1818353 0.1457606 0.1295568 0.1098158 0.1134831 0.0875348 0.0967700 0.1003017 0.1196552 0.0803778 0.1048513 0.1517190 0.1618168 0.1303808 
Dasyuridae_Phascogale_calura                 0.1202872 0.1268334 0.1289738 0.1298647 0.1254719 0.0578540 0.1411930 0.1161802 0.1187978 0.1431678 0.1181726 0.0059375 0.0430175 0.1147875 0.1415439 0.0000000 0.0633474 0.0432850 0.1376785 0.1196059 0.1193050 0.1868447 0.1494216 0.0168179 0.1417984 0.1220627 0.1149796 0.1172228 0.1452575 0.1545136 0.1369312 0.1191196 0.1426670 0.0632502 0.1369075 
Dasyuridae_Sarcophilus_harrisii              0.1451618 0.1658664 0.1524500 0.1518539 0.1489813 0.0259222 0.1673444 0.1457958 0.1473140 0.1688960 0.1503908 0.0624357 0.0719168 0.1456266 0.1664724 0.0633474 0.0000000 0.0719676 0.1594825 0.1474707 0.1494390 0.2095961 0.1655784 0.0586240 0.1661893 0.1492487 0.1407909 0.1431388 0.1966737 0.1789160 0.1610276 0.1475842 0.1878567 0.0275810 0.1602842 
Dasyuridae_Planigale_tenuirostris            0.1048524 0.1189704 0.1193946 0.1167941 0.1114141 0.0654456 0.1271520 0.1016003 0.1133659 0.1366712 0.1041067 0.0431474 0.0268101 0.1045947 0.1316145 0.0432850 0.0719676 0.0000000 0.1360593 0.1117422 0.1021446 0.1919183 0.1410637 0.0362662 0.1230438 0.1151749 0.0975681 0.1079791 0.1201838 0.1433238 0.1257189 0.1039981 0.1491653 0.0672197 0.1318465 
Peramelidae_Echymipera_kalubu                0.1340939 0.1234814 0.1348531 0.1306197 0.1260000 0.1511716 0.1574297 0.1315730 0.1223060 0.0256005 0.1308941 0.1364566 0.1395004 0.1320831 0.1450792 0.1376785 0.1594825 0.1360593 0.0000000 0.1268861 0.1306103 0.1895702 0.1501530 0.1333139 0.1399093 0.1184348 0.1232229 0.1273441 0.1569169 0.1562585 0.1340934 0.1363582 0.0300443 0.1523247 0.0238570 
Macropodidae_Dorcopsulus_vanheurni           0.0839447 0.1165700 0.0815989 0.0307127 0.0277921 0.1405889 0.0952052 0.0833137 0.0288406 0.1334920 0.0752648 0.1195913 0.1130819 0.0764871 0.0949103 0.1196059 0.1474707 0.1117422 0.1268861 0.0000000 0.0787848 0.1776330 0.1274832 0.1133584 0.0527836 0.0965824 0.0796517 0.0170887 0.0901753 0.1101287 0.0848151 0.0810718 0.1423296 0.1419038 0.1241864 
Pseudochiridae_Pseudochirulus_forbesi        0.0769037 0.1086686 0.0785742 0.0826248 0.0793187 0.1383905 0.0916578 0.0756398 0.0781925 0.1348793 0.0643577 0.1215950 0.1100136 0.0732595 0.0885775 0.1193050 0.1494390 0.1021446 0.1306103 0.0787848 0.0000000 0.1729838 0.1228055 0.1130199 0.0810301 0.0891575 0.0327395 0.0797976 0.0236179 0.0809222 0.0746082 0.0736853 0.1427258 0.1416973 0.1225593 
Didelphidae_Didelphis_virginiana             0.1940713 0.1895798 0.1882643 0.1801472 0.1797287 0.2091225 0.1674048 0.1770026 0.1683219 0.1946785 0.1852688 0.1844267 0.1854329 0.1734367 0.1818353 0.1868447 0.2095961 0.1919183 0.1895702 0.1776330 0.1729838 0.0000000 0.0682549 0.1858287 0.1813153 0.1669081 0.1738107 0.1750607 0.1674444 0.2163147 0.1743330 0.1686942 0.1967736 0.2118879 0.1852259 
Marmosidae_Monodelphis_domestica             0.1346178 0.1401566 0.1291042 0.1344533 0.1321724 0.1574197 0.1330695 0.1252329 0.1240208 0.1443663 0.1311043 0.1454955 0.1364964 0.1272823 0.1457606 0.1494216 0.1655784 0.1410637 0.1501530 0.1274832 0.1228055 0.0682549 0.0000000 0.1368365 0.1432616 0.1197080 0.1279815 0.1268343 0.1634710 0.1578100 0.1408071 0.1256940 0.1572754 0.1560505 0.1391257 
Dasyuridae_Antechinus_stuartii               0.1140758 0.1222664 0.1238034 0.1241989 0.1189442 0.0536533 0.1305205 0.1097489 0.1136603 0.1362392 0.1113259 0.0166206 0.0342528 0.1081186 0.1295568 0.0168179 0.0586240 0.0362662 0.1333139 0.1133584 0.1130199 0.1858287 0.1368365 0.0000000 0.1346247 0.1157469 0.1100375 0.1107750 0.1359019 0.1465569 0.1291338 0.1101303 0.1445872 0.0545018 0.1326468 
Hypsiprymnodontidae_Hypsiprymnodon_moschatus 0.0958109 0.1176048 0.0950672 0.0561044 0.0498278 0.1586366 0.1072797 0.0923111 0.0546450 0.1478390 0.0834440 0.1419335 0.1285325 0.0830320 0.1098158 0.1417984 0.1661893 0.1230438 0.1399093 0.0527836 0.0810301 0.1813153 0.1432616 0.1346247 0.0000000 0.1080400 0.0843492 0.0595265 0.1085696 0.1178172 0.0935139 0.0899532 0.1529062 0.1597647 0.1325602 
Microbiotheriidae_Dromiciops_gliroides       0.1004094 0.1041445 0.1048809 0.1031882 0.0977792 0.1433193 0.1045439 0.0964656 0.0977211 0.1231224 0.0932816 0.1232645 0.1132301 0.0967570 0.1134831 0.1220627 0.1492487 0.1151749 0.1184348 0.0965824 0.0891575 0.1669081 0.1197080 0.1157469 0.1080400 0.0000000 0.0915796 0.1020872 0.1085774 0.1361283 0.1075731 0.0964186 0.1298489 0.1467030 0.1154009 
Pseudochiridae_Petauroides_volans            0.0733486 0.1049944 0.0816677 0.0812430 0.0766437 0.1318897 0.0988443 0.0750418 0.0760910 0.1315417 0.0722326 0.1161073 0.1075033 0.0750674 0.0875348 0.1149796 0.1407909 0.0975681 0.1232229 0.0796517 0.0327395 0.1738107 0.1279815 0.1100375 0.0843492 0.0915796 0.0000000 0.0801574 0.0445981 0.0855154 0.0725882 0.0769052 0.1449267 0.1343606 0.1217457 
Macropodidae_Wallabia_bicolor                0.0872385 0.1101931 0.0840722 0.0350477 0.0309060 0.1368902 0.1014247 0.0888799 0.0301640 0.1336269 0.0778209 0.1172267 0.1110838 0.0809937 0.0967700 0.1172228 0.1431388 0.1079791 0.1273441 0.0170887 0.0797976 0.1750607 0.1268343 0.1107750 0.0595265 0.1020872 0.0801574 0.0000000 0.0964350 0.1105599 0.0820907 0.0842732 0.1435289 0.1383699 0.1252262 
Pseudochiridae_Pseudocheirus_occidentalis    0.0980758 0.1270996 0.1057681 0.1000393 0.0958250 0.1797319 0.1117582 0.0973067 0.0915223 0.1510001 0.0837873 0.1493171 0.1364665 0.0899885 0.1003017 0.1452575 0.1966737 0.1201838 0.1569169 0.0901753 0.0236179 0.1674444 0.1634710 0.1359019 0.1085696 0.1085774 0.0445981 0.0964350 0.0000000 0.1004027 0.0834649 0.0898357 0.1258890 0.1880748 0.1476545 
Tarsipedidae_Tarsipes_rostratus              0.1199341 0.1514165 0.1212525 0.1091900 0.1078049 0.1654173 0.1328128 0.1184745 0.1065500 0.1678514 0.1135564 0.1553658 0.1505746 0.1131659 0.1196552 0.1545136 0.1789160 0.1433238 0.1562585 0.1101287 0.0809222 0.2163147 0.1578100 0.1465569 0.1178172 0.1361283 0.0855154 0.1105599 0.1004027 0.0000000 0.1130216 0.1173668 0.1814439 0.1712857 0.1557825 
Acrobatidae_Distoechurus_pennatus            0.0884393 0.1159457 0.0993233 0.0881769 0.0853655 0.1530737 0.0999385 0.0908313 0.0837452 0.1441937 0.0845681 0.1346010 0.1289262 0.0840538 0.0803778 0.1369312 0.1610276 0.1257189 0.1340934 0.0848151 0.0746082 0.1743330 0.1408071 0.1291338 0.0935139 0.1075731 0.0725882 0.0820907 0.0834649 0.1130216 0.0000000 0.0876918 0.1424759 0.1529998 0.1372854 
Phalangeridae_Phalanger_carmelitae           0.0780249 0.1152564 0.0835949 0.0880850 0.0833286 0.1414355 0.0556240 0.0183442 0.0819571 0.1380589 0.0145429 0.1179357 0.1096382 0.0144964 0.1048513 0.1191196 0.1475842 0.1039981 0.1363582 0.0810718 0.0736853 0.1686942 0.1256940 0.1101303 0.0899532 0.0964186 0.0769052 0.0842732 0.0898357 0.1173668 0.0876918 0.0000000 0.1419980 0.1414428 0.1288469 
Peramelidae_Peroryctes_raffrayana            0.1549471 0.1322214 0.1534654 0.1428339 0.1428363 0.1781631 0.1409610 0.1420674 0.1391060 0.0360875 0.1476536 0.1414998 0.1460992 0.1411956 0.1517190 0.1426670 0.1878567 0.1491653 0.0300443 0.1423296 0.1427258 0.1967736 0.1572754 0.1445872 0.1529062 0.1298489 0.1449267 0.1435289 0.1258890 0.1814439 0.1424759 0.1419980 0.0000000 0.1892858 0.0311357 
Dasyuridae_Dasyurus_geffroii                 0.1410623 0.1606425 0.1456372 0.1492705 0.1454404 0.0193532 0.1632579 0.1380683 0.1445049 0.1656962 0.1449228 0.0622112 0.0669999 0.1379527 0.1618168 0.0632502 0.0275810 0.0672197 0.1523247 0.1419038 0.1416973 0.2118879 0.1560505 0.0545018 0.1597647 0.1467030 0.1343606 0.1383699 0.1880748 0.1712857 0.1529998 0.1414428 0.1892858 0.0000000 0.1561380 
Peramelidae_Perameles_gunnii                 0.1337571 0.1266128 0.1313413 0.1262130 0.1221773 0.1514712 0.1355855 0.1285930 0.1183030 0.0058885 0.1297985 0.1357737 0.1326911 0.1274756 0.1303808 0.1369075 0.1602842 0.1318465 0.0238570 0.1241864 0.1225593 0.1852259 0.1391257 0.1326468 0.1325602 0.1154009 0.1217457 0.1252262 0.1476545 0.1557825 0.1372854 0.1288469 0.0311357 0.1561380 0.0000000 
