37
Burramyidae_Burramys_parvus                  0.0000000 0.0573529 0.0344154 0.0362755 0.0301545 0.0703195 0.0288255 0.0298687 0.0324152 0.0767739 0.0273303 0.0675701 0.0725580 0.0297544 0.0290593 0.0700493 0.0699465 0.0689224 0.0754317 0.0321369 0.0393439 0.0845075 0.0955723 0.0635086 0.0305322 0.0473694 0.0438785 0.0314886 0.0377095 0.0637288 0.0282611 0.0288044 0.0765397 0.0708214 0.0772081 9.0000000 9.0000000 
Notoryctidae_Notoryctes_typhlops             0.0573529 0.0000000 0.0530951 0.0549396 0.0534624 0.0881112 0.0495818 0.0547307 0.0502422 0.0738364 0.0458608 0.0894513 0.0905938 0.0510240 0.0457689 0.0919647 0.0845875 0.0788741 0.0798992 0.0553318 0.0651321 0.0970615 0.1094365 0.0836095 0.0542182 0.0641090 0.0708199 0.0518350 0.0617189 0.0948746 0.0500223 0.0503150 0.0806281 0.0885453 0.0750385 0.1404905 0.1404905 
Vombatidae_Lasiorhinus_latifrons             0.0344154 0.0530951 0.0000000 0.0310822 0.0289436 0.0572769 0.0231047 0.0251218 0.0264560 0.0685856 0.0210928 0.0575955 0.0651114 0.0241837 0.0237454 0.0566852 0.0557418 0.0553947 0.0742349 0.0319382 0.0335565 0.0753100 0.0834524 0.0509199 0.0248008 0.0468174 0.0390758 0.0311144 0.0321681 0.0560966 0.0259602 0.0222329 0.0797134 0.0583994 0.0704415 0.0981511 0.0981511 
Potoroidae_Bettongia_penicillata             0.0362755 0.0549396 0.0310822 0.0000000 0.0023723 0.0631601 0.0236555 0.0260959 0.0041670 0.0754524 0.0212731 0.0595738 0.0691562 0.0255642 0.0253296 0.0586184 0.0624356 0.0613382 0.0766768 0.0082854 0.0306264 0.0827400 0.0876608 0.0560253 0.0122340 0.0495399 0.0354630 0.0081252 0.0276066 0.0528367 0.0287051 0.0245907 0.0781892 0.0629274 0.0759884 0.0935676 0.0935676 
Potoroidae_Bettongia_lesueur                 0.0301545 0.0534624 0.0289436 0.0023723 0.0000000 0.0630323 0.0212271 0.0228757 0.0028052 0.0693057 0.0189167 0.0586020 0.0651239 0.0223524 0.0214369 0.0592524 0.0623454 0.0574319 0.0702879 0.0063532 0.0273217 0.0878572 0.0918390 0.0570190 0.0105308 0.0465082 0.0316799 0.0069254 0.0245874 0.0547053 0.0230256 0.0214303 0.0711645 0.0627864 0.0692364 0.0134030 0.0134030 
Dasyuridae_Dasyurus_maculatus                0.0703195 0.0881112 0.0572769 0.0631601 0.0630323 0.0000000 0.0639261 0.0646740 0.0596866 0.0847772 0.0582408 0.0081352 0.0152058 0.0607645 0.0544311 0.0081189 0.0022152 0.0111743 0.0939779 0.0640060 0.0720831 0.0945760 0.0982375 0.0073626 0.0579119 0.0612618 0.0781948 0.0611849 0.0672364 0.1042160 0.0579349 0.0603304 0.0965140 0.0022177 0.0917897 0.0033816 0.0033816 
Phalangeridae_Trichosurus_vulpecula          0.0288255 0.0495818 0.0231047 0.0236555 0.0212271 0.0639261 0.0000000 0.0088149 0.0199932 0.0661628 0.0070385 0.0633000 0.0688163 0.0079144 0.0183215 0.0644474 0.0632118 0.0609406 0.0689059 0.0215780 0.0239891 0.0809642 0.0890629 0.0574599 0.0227811 0.0461061 0.0292665 0.0216163 0.0242419 0.0510837 0.0186563 0.0084456 0.0670882 0.0650936 0.0675123 0.0106564 0.0106564 
Phalangeridae_Spilocuscus_maculatus          0.0298687 0.0547307 0.0251218 0.0260959 0.0228757 0.0646740 0.0088149 0.0000000 0.0221863 0.0763363 0.0028925 0.0666848 0.0699808 0.0040305 0.0210903 0.0678467 0.0639577 0.0618828 0.0794368 0.0250505 0.0303618 0.0840720 0.0860925 0.0615852 0.0225185 0.0513175 0.0355550 0.0228770 0.0304091 0.0611543 0.0228679 0.0038609 0.0805124 0.0644003 0.0795310 0.0951240 0.0951240 
Potoroidae_Aepyprymnus_rufescens             0.0324152 0.0502422 0.0264560 0.0041670 0.0028052 0.0596866 0.0199932 0.0221863 0.0000000 0.0662313 0.0176048 0.0581382 0.0632220 0.0216879 0.0211584 0.0571956 0.0595255 0.0592556 0.0705830 0.0062529 0.0270050 0.0755028 0.0824990 0.0559701 0.0108397 0.0407515 0.0323490 0.0064489 0.0244779 0.0531246 0.0241277 0.0208432 0.0701821 0.0600210 0.0669983 0.1035516 0.1035516 
Peramelidae_Perameles_nasuta                 0.0767739 0.0738364 0.0685856 0.0754524 0.0693057 0.0847772 0.0661628 0.0763363 0.0662313 0.0000000 0.0671406 0.0839860 0.0816246 0.0719798 0.0622676 0.0849084 0.0876466 0.0913530 0.0073243 0.0744738 0.0861301 0.1110625 0.1052452 0.0823050 0.0711440 0.0735948 0.0878447 0.0700135 0.0857026 0.1209095 0.0734661 0.0714727 0.0070021 0.0827071 0.0002436 0.0122426 0.0122426 
Phalangeridae_Strigocuscus_pelengensis       0.0273303 0.0458608 0.0210928 0.0212731 0.0189167 0.0582408 0.0070385 0.0028925 0.0176048 0.0671406 0.0000000 0.0616566 0.0634146 0.0026094 0.0178649 0.0614057 0.0577328 0.0560064 0.0699263 0.0204094 0.0270514 0.0730669 0.0809241 0.0566643 0.0188716 0.0446165 0.0307137 0.0191282 0.0243961 0.0508707 0.0184956 0.0027387 0.0695478 0.0566894 0.0705970 0.0143027 0.0143027 
Dasyuridae_Phascogale_tapoatafa              0.0675701 0.0894513 0.0575955 0.0595738 0.0586020 0.0081352 0.0633000 0.0666848 0.0581382 0.0839860 0.0616566 0.0000000 0.0162592 0.0641400 0.0537929 0.0014948 0.0078528 0.0105619 0.0911161 0.0613212 0.0723106 0.0930738 0.0981469 0.0044981 0.0571416 0.0641482 0.0789315 0.0585737 0.0674098 0.1040410 0.0587743 0.0623040 0.0924737 0.0077461 0.0910277 0.0034941 0.0034941 
Dasyuridae_Sminthopsis_macroura              0.0725580 0.0905938 0.0651114 0.0691562 0.0651239 0.0152058 0.0688163 0.0699808 0.0632220 0.0816246 0.0634146 0.0162592 0.0000000 0.0669948 0.0552147 0.0171913 0.0147336 0.0098694 0.0872075 0.0681684 0.0758638 0.1025439 0.1078464 0.0144518 0.0634587 0.0652905 0.0835402 0.0653123 0.0727627 0.1057410 0.0601811 0.0665292 0.0880622 0.0141240 0.0878424 0.0042815 0.0042815 
Phalangeridae_Phalanger_orientalis           0.0297544 0.0510240 0.0241837 0.0255642 0.0223524 0.0607645 0.0079144 0.0040305 0.0216879 0.0719798 0.0026094 0.0641400 0.0669948 0.0000000 0.0202807 0.0652516 0.0600585 0.0596907 0.0737181 0.0241192 0.0301528 0.0800179 0.0868078 0.0584006 0.0213188 0.0481968 0.0357308 0.0237703 0.0299732 0.0585740 0.0199204 0.0016312 0.0736982 0.0605504 0.0745965 0.0106195 0.0106195 
Acrobatidae_Acrobates_pygmaeus               0.0290593 0.0457689 0.0237454 0.0253296 0.0214369 0.0544311 0.0183215 0.0210903 0.0211584 0.0622676 0.0178649 0.0537929 0.0552147 0.0202807 0.0000000 0.0539489 0.0550396 0.0517754 0.0655787 0.0210479 0.0209599 0.0718533 0.0728404 0.0480932 0.0211299 0.0396266 0.0266048 0.0225126 0.0215821 0.0487356 0.0101448 0.0188213 0.0623711 0.0548635 0.0633543 0.0092008 0.0092008 
Dasyuridae_Phascogale_calura                 0.0700493 0.0919647 0.0566852 0.0586184 0.0592524 0.0081189 0.0644474 0.0678467 0.0571956 0.0849084 0.0614057 0.0014948 0.0171913 0.0652516 0.0539489 0.0000000 0.0078377 0.0110734 0.0946061 0.0617179 0.0723649 0.0946732 0.0989242 0.0046474 0.0575444 0.0669101 0.0790331 0.0589749 0.0681533 0.1060060 0.0589705 0.0634042 0.0961823 0.0077439 0.0919496 0.0025095 0.0025095 
Dasyuridae_Sarcophilus_harrisii              0.0699465 0.0845875 0.0557418 0.0624356 0.0623454 0.0022152 0.0632118 0.0639577 0.0595255 0.0876466 0.0577328 0.0078528 0.0147336 0.0600585 0.0550396 0.0078377 0.0000000 0.0109536 0.0942270 0.0632872 0.0751044 0.0951309 0.0976706 0.0069721 0.0572445 0.0608680 0.0785286 0.0604689 0.0704493 0.1033757 0.0585689 0.0596048 0.0977474 0.0023594 0.0946829 0.0035059 0.0035059 
Dasyuridae_Planigale_tenuirostris            0.0689224 0.0788741 0.0553947 0.0613382 0.0574319 0.0111743 0.0609406 0.0618828 0.0592556 0.0913530 0.0560064 0.0105619 0.0098694 0.0596907 0.0517754 0.0110734 0.0109536 0.0000000 0.0891435 0.0619496 0.0747779 0.0970843 0.1093383 0.0094217 0.0560607 0.0625780 0.0758878 0.0586927 0.0700391 0.0992864 0.0554010 0.0580276 0.0925886 0.0106936 0.0941173 0.0044715 0.0044715 
Peramelidae_Echymipera_kalubu                0.0754317 0.0798992 0.0742349 0.0766768 0.0702879 0.0939779 0.0689059 0.0794368 0.0705830 0.0073243 0.0699263 0.0911161 0.0872075 0.0737181 0.0655787 0.0946061 0.0942270 0.0891435 0.0000000 0.0783423 0.0803264 0.1122722 0.1091833 0.0880633 0.0724096 0.0745046 0.0822865 0.0763995 0.0853092 0.1178456 0.0759732 0.0725355 0.0065271 0.0918315 0.0071626 0.1260085 0.1260085 
Macropodidae_Dorcopsulus_vanheurni           0.0321369 0.0553318 0.0319382 0.0082854 0.0063532 0.0640060 0.0215780 0.0250505 0.0062529 0.0744738 0.0204094 0.0613212 0.0681684 0.0241192 0.0210479 0.0617179 0.0632872 0.0619496 0.0783423 0.0000000 0.0290793 0.0804566 0.0893516 0.0591753 0.0121764 0.0444243 0.0353310 0.0027107 0.0260884 0.0551628 0.0251233 0.0228608 0.0723951 0.0651873 0.0740237 0.0132497 0.0132497 
Pseudochiridae_Pseudochirulus_forbesi        0.0393439 0.0651321 0.0335565 0.0306264 0.0273217 0.0720831 0.0239891 0.0303618 0.0270050 0.0861301 0.0270514 0.0723106 0.0758638 0.0301528 0.0209599 0.0723649 0.0751044 0.0747779 0.0803264 0.0290793 0.0000000 0.0929865 0.1016263 0.0661862 0.0317560 0.0540113 0.0169933 0.0304702 0.0056042 0.0483879 0.0231466 0.0290498 0.0844898 0.0753623 0.0865635 0.0117394 0.0117394 
Didelphidae_Didelphis_virginiana             0.0845075 0.0970615 0.0753100 0.0827400 0.0878572 0.0945760 0.0809642 0.0840720 0.0755028 0.1110625 0.0730669 0.0930738 0.1025439 0.0800179 0.0718533 0.0946732 0.0951309 0.0970843 0.1122722 0.0804566 0.0929865 0.0000000 0.0166616 0.0895014 0.0796651 0.0664177 0.0932874 0.0828594 0.0916389 0.1227008 0.0830883 0.0797112 0.1077708 0.0923557 0.1093440 0.1210673 0.1210673 
Marmosidae_Monodelphis_domestica             0.0955723 0.1094365 0.0834524 0.0876608 0.0918390 0.0982375 0.0890629 0.0860925 0.0824990 0.1052452 0.0809241 0.0981469 0.1078464 0.0868078 0.0728404 0.0989242 0.0976706 0.1093383 0.1091833 0.0893516 0.1016263 0.0166616 0.0000000 0.0910928 0.0845521 0.0791748 0.1043647 0.0850997 0.0964175 0.1252838 0.0884227 0.0861264 0.1105580 0.0948089 0.1033981 0.0115300 0.0115300 
Dasyuridae_Antechinus_stuartii               0.0635086 0.0836095 0.0509199 0.0560253 0.0570190 0.0073626 0.0574599 0.0615852 0.0559701 0.0823050 0.0566643 0.0044981 0.0144518 0.0584006 0.0480932 0.0046474 0.0069721 0.0094217 0.0880633 0.0591753 0.0661862 0.0895014 0.0910928 0.0000000 0.0513148 0.0586922 0.0733503 0.0564970 0.0656913 0.0984572 0.0527565 0.0567398 0.0893060 0.0070016 0.0876845 0.0031933 0.0031933 
Hypsiprymnodontidae_Hypsiprymnodon_moschatus 0.0305322 0.0542182 0.0248008 0.0122340 0.0105308 0.0579119 0.0227811 0.0225185 0.0108397 0.0711440 0.0188716 0.0571416 0.0634587 0.0213188 0.0211299 0.0575444 0.0572445 0.0560607 0.0724096 0.0121764 0.0317560 0.0796651 0.0845521 0.0513148 0.0000000 0.0464510 0.0369152 0.0124506 0.0302189 0.0562188 0.0240704 0.0208353 0.0767397 0.0590508 0.0732509 0.1263564 0.1263564 
Microbiotheriidae_Dromiciops_gliroides       0.0473694 0.0641090 0.0468174 0.0495399 0.0465082 0.0612618 0.0461061 0.0513175 0.0407515 0.0735948 0.0446165 0.0641482 0.0652905 0.0481968 0.0396266 0.0669101 0.0608680 0.0625780 0.0745046 0.0444243 0.0540113 0.0664177 0.0791748 0.0586922 0.0464510 0.0000000 0.0616663 0.0440909 0.0562187 0.0841812 0.0435386 0.0474880 0.0746970 0.0603289 0.0737639 0.0130124 0.0130124 
Pseudochiridae_Petauroides_volans            0.0438785 0.0708199 0.0390758 0.0354630 0.0316799 0.0781948 0.0292665 0.0355550 0.0323490 0.0878447 0.0307137 0.0789315 0.0835402 0.0357308 0.0266048 0.0790331 0.0785286 0.0758878 0.0822865 0.0353310 0.0169933 0.0932874 0.1043647 0.0733503 0.0369152 0.0616663 0.0000000 0.0328203 0.0156311 0.0537295 0.0291345 0.0346056 0.0862947 0.0778718 0.0878820 0.0134194 0.0134194 
Macropodidae_Wallabia_bicolor                0.0314886 0.0518350 0.0311144 0.0081252 0.0069254 0.0611849 0.0216163 0.0228770 0.0064489 0.0700135 0.0191282 0.0585737 0.0653123 0.0237703 0.0225126 0.0589749 0.0604689 0.0586927 0.0763995 0.0027107 0.0304702 0.0828594 0.0850997 0.0564970 0.0124506 0.0440909 0.0328203 0.0000000 0.0270394 0.0537954 0.0259553 0.0225714 0.0722315 0.0623528 0.0707416 0.0121892 0.0121892 
Pseudochiridae_Pseudocheirus_occidentalis    0.0377095 0.0617189 0.0321681 0.0276066 0.0245874 0.0672364 0.0242419 0.0304091 0.0244779 0.0857026 0.0243961 0.0674098 0.0727627 0.0299732 0.0215821 0.0681533 0.0704493 0.0700391 0.0853092 0.0260884 0.0056042 0.0916389 0.0964175 0.0656913 0.0302189 0.0562187 0.0156311 0.0270394 0.0000000 0.0514374 0.0229378 0.0292803 0.0836876 0.0706048 0.0878653 0.1226595 0.1226595 
Tarsipedidae_Tarsipes_rostratus              0.0637288 0.0948746 0.0560966 0.0528367 0.0547053 0.1042160 0.0510837 0.0611543 0.0531246 0.1209095 0.0508707 0.1040410 0.1057410 0.0585740 0.0487356 0.1060060 0.1033757 0.0992864 0.1178456 0.0551628 0.0483879 0.1227008 0.1252838 0.0984572 0.0562188 0.0841812 0.0537295 0.0537954 0.0514374 0.0000000 0.0524946 0.0570523 0.1177628 0.1037083 0.1205041 0.1228911 0.1228911 
Acrobatidae_Distoechurus_pennatus            0.0282611 0.0500223 0.0259602 0.0287051 0.0230256 0.0579349 0.0186563 0.0228679 0.0241277 0.0734661 0.0184956 0.0587743 0.0601811 0.0199204 0.0101448 0.0589705 0.0585689 0.0554010 0.0759732 0.0251233 0.0231466 0.0830883 0.0884227 0.0527565 0.0240704 0.0435386 0.0291345 0.0259553 0.0229378 0.0524946 0.0000000 0.0194706 0.0746996 0.0590532 0.0758703 0.0097436 0.0097436 
Phalangeridae_Phalanger_carmelitae           0.0288044 0.0503150 0.0222329 0.0245907 0.0214303 0.0603304 0.0084456 0.0038609 0.0208432 0.0714727 0.0027387 0.0623040 0.0665292 0.0016312 0.0188213 0.0634042 0.0596048 0.0580276 0.0725355 0.0228608 0.0290498 0.0797112 0.0861264 0.0567398 0.0208353 0.0474880 0.0346056 0.0225714 0.0292803 0.0570523 0.0194706 0.0000000 0.0748739 0.0601193 0.0740904 0.0097466 0.0097466 
Peramelidae_Peroryctes_raffrayana            0.0765397 0.0806281 0.0797134 0.0781892 0.0711645 0.0965140 0.0670882 0.0805124 0.0701821 0.0070021 0.0695478 0.0924737 0.0880622 0.0736982 0.0623711 0.0961823 0.0977474 0.0925886 0.0065271 0.0723951 0.0844898 0.1077708 0.1105580 0.0893060 0.0767397 0.0746970 0.0862947 0.0722315 0.0836876 0.1177628 0.0746996 0.0748739 0.0000000 0.0942004 0.0069335 0.0122399 0.0122399 
Dasyuridae_Dasyurus_geffroii                 0.0708214 0.0885453 0.0583994 0.0629274 0.0627864 0.0022177 0.0650936 0.0644003 0.0600210 0.0827071 0.0566894 0.0077461 0.0141240 0.0605504 0.0548635 0.0077439 0.0023594 0.0106936 0.0918315 0.0651873 0.0753623 0.0923557 0.0948089 0.0070016 0.0590508 0.0603289 0.0778718 0.0623528 0.0706048 0.1037083 0.0590532 0.0601193 0.0942004 0.0000000 0.0896734 0.0030207 0.0030207 
Peramelidae_Perameles_gunnii                 0.0772081 0.0750385 0.0704415 0.0759884 0.0692364 0.0917897 0.0675123 0.0795310 0.0669983 0.0002436 0.0705970 0.0910277 0.0878424 0.0745965 0.0633543 0.0919496 0.0946829 0.0941173 0.0071626 0.0740237 0.0865635 0.1093440 0.1033981 0.0876845 0.0732509 0.0737639 0.0878820 0.0707416 0.0878653 0.1205041 0.0758703 0.0740904 0.0069335 0.0896734 0.0000000 0.0122426 0.0122426 
Myrmecobiidae_Myrmecobius_fasciatus1         9.0000000 0.1404905 0.0981511 0.0935676 0.0134030 0.0033816 0.0106564 0.0951240 0.1035516 0.0122426 0.0143027 0.0034941 0.0042815 0.0106195 0.0092008 0.0025095 0.0035059 0.0044715 0.1260085 0.0132497 0.0117394 0.1210673 0.0115300 0.0031933 0.1263564 0.0130124 0.0134194 0.0121892 0.1226595 0.1228911 0.0097436 0.0097466 0.0122399 0.0030207 0.0122426 0.0000000 0.0000010 
Myrmecobiidae_Myrmecobius_fasciatus2         9.0000000 0.1404905 0.0981511 0.0935676 0.0134030 0.0033816 0.0106564 0.0951240 0.1035516 0.0122426 0.0143027 0.0034941 0.0042815 0.0106195 0.0092008 0.0025095 0.0035059 0.0044715 0.1260085 0.0132497 0.0117394 0.1210673 0.0115300 0.0031933 0.1263564 0.0130124 0.0134194 0.0121892 0.1226595 0.1228911 0.0097436 0.0097466 0.0122399 0.0030207 0.0122426 0.0000010 0.0000000 
