74
Cladotanytarsus_atridorsum_To81     0.0000000 0.0284370 0.5221462 0.4987810 0.5109507 0.4859515 0.4923475 0.4973024 0.4866096 0.4796586 0.4893466 0.4792229 0.4890875 0.4932533 0.4985464 0.4965411 0.4877416 0.5034117 0.5130410 0.5272954 0.5355186 0.5219140 0.5034724 0.5049836 0.4580521 0.4901805 0.4960740 0.4465497 0.4521980 0.4587018 0.5379841 0.3144668 0.5290654 0.4655936 0.2964245 0.5161632 0.4688239 0.5413199 0.5466367 0.3362422 0.4657798 0.5148244 0.3216125 0.4969497 0.5181509 0.4985761 0.5071426 0.3168944 0.2755092 0.5214322 0.4958091 0.5136656 0.5131647 0.5157192 0.5150346 0.8464683 0.4984556 0.5060520 0.4951348 0.4991055 0.4673919 0.4956607 0.4699261 0.4938292 0.8413664 0.4593026 0.4585639 0.4871926 0.4472449 0.5653293 0.4543520 0.3764411 0.4806395 0.3576290 
Cladotanytarsus_pallidus_To02       0.0284370 0.0000000 0.5134494 0.4987697 0.5118199 0.4854601 0.4924502 0.5008057 0.4918046 0.4849638 0.4945887 0.4888210 0.4928550 0.5002071 0.4978620 0.5112342 0.5020867 0.5157510 0.5197683 0.5300332 0.5237625 0.5103977 0.5149146 0.5076347 0.4625940 0.4938709 0.4979866 0.4479908 0.4578211 0.4603541 0.5441087 0.3208441 0.5315975 0.4715198 0.2988668 0.5132364 0.4538493 0.5497557 0.5546272 0.3361251 0.4512151 0.5196535 0.3155199 0.4992367 0.5250184 0.5073071 0.4989319 0.3076336 0.2766626 0.5161459 0.5092124 0.5248691 0.5243701 0.5269354 0.5233715 0.8650198 0.4992418 0.5028942 0.4796666 0.4841938 0.4631291 0.5005708 0.4705869 0.4885352 0.8904616 0.4561159 0.4486995 0.4970051 0.4497959 0.5818603 0.4484905 0.3761543 0.4825811 0.3640904 
Krenopsectra_acuta_To392            0.5221462 0.5134494 0.0000000 0.2773877 0.2980984 0.1898980 0.1946531 0.2391933 0.2743348 0.2693202 0.2720876 0.2717531 0.2880973 0.2892965 0.2844434 0.2633094 0.2623657 0.2545178 0.2844348 0.2612297 0.2963435 0.2942163 0.2656263 0.2621438 0.2715454 0.2621595 0.2650721 0.2738868 0.2780723 0.1634138 0.2845730 0.1878404 0.2744867 0.2590096 0.1863561 0.2534710 0.2562156 0.2686974 0.2683783 0.1827781 0.1758867 0.2736022 0.1777762 0.2665405 0.2691562 0.2847859 0.2667565 0.2357864 0.1715830 0.2452646 0.2917486 0.2846603 0.2844196 0.2882361 0.2998276 0.4077926 0.3838403 0.3847500 0.3912599 0.4089651 0.3464304 0.4588794 0.4231769 0.4245557 0.7723905 0.3814807 0.3750981 0.3561199 0.3993009 0.5218157 0.4452208 0.4779161 0.5053492 0.4933044 
Micropsectra_appendica_To133        0.4987810 0.4987697 0.2773877 0.0000000 0.2077167 0.2668643 0.2754522 0.2633454 0.2153125 0.2157622 0.2167031 0.2152605 0.2219689 0.2232347 0.2265484 0.2305588 0.2204953 0.2228502 0.2231334 0.2006425 0.2297358 0.2254636 0.1792084 0.2087894 0.1953972 0.2065894 0.2047100 0.2014965 0.2062997 0.2540321 0.2072025 0.1576955 0.1991639 0.2460265 0.1652056 0.2052619 0.2705129 0.1862492 0.1895941 0.1432370 0.2806313 0.1769547 0.1400757 0.1835877 0.1774497 0.1886344 0.1898700 0.1843725 0.2020757 0.2231291 0.2365975 0.2451074 0.2429585 0.2441423 0.2445533 0.3359163 0.4002408 0.4040458 0.4049809 0.4097220 0.3696814 0.4284726 0.4212594 0.4072200 0.8483316 0.4147868 0.3953918 0.4061598 0.4081775 0.5495480 0.5135288 0.5282954 0.4725952 0.4714248 
Micropsectra_atrofasciata_IS27      0.5109507 0.5118199 0.2980984 0.2077167 0.0000000 0.2971123 0.2997704 0.2807216 0.2611440 0.2677511 0.2624245 0.2658723 0.2796536 0.2780143 0.2809148 0.2845931 0.2766133 0.2725274 0.2548674 0.2397365 0.2699359 0.2657470 0.1481503 0.2662610 0.2337075 0.2611311 0.2576366 0.2315203 0.2401373 0.2674519 0.1883374 0.1884801 0.1679897 0.2819513 0.2002874 0.2581538 0.3118914 0.1798900 0.1805523 0.1375113 0.2869885 0.1626386 0.1302668 0.1734309 0.1662764 0.1782584 0.1746100 0.2291224 0.2332798 0.2597017 0.2664212 0.2631094 0.2655507 0.2652922 0.2685853 0.3885130 0.3993872 0.4035973 0.4124868 0.4049862 0.3507178 0.4387759 0.4128254 0.4006750 0.8801429 0.3760987 0.3989239 0.3692606 0.3710715 0.5317889 0.4633626 0.5507218 0.4563177 0.4892035 
Micropsectra_attenuata_To131        0.4859515 0.4854601 0.1898980 0.2668643 0.2971123 0.0000000 0.0038113 0.2656707 0.2862148 0.2763351 0.2806685 0.2845380 0.2794044 0.2806259 0.2802778 0.2853470 0.2834799 0.2787974 0.2829083 0.2650935 0.2764421 0.2718487 0.2774822 0.2908228 0.2630870 0.2812501 0.2832319 0.2677816 0.2766463 0.1486752 0.2695420 0.1733348 0.2761096 0.2729444 0.2004265 0.2528738 0.2670269 0.2610776 0.2652087 0.1784982 0.1514132 0.2646788 0.1743456 0.2553873 0.2612502 0.2685555 0.2642438 0.2148051 0.0980489 0.2573493 0.2878056 0.2741962 0.2756678 0.2796866 0.3085266 0.4623134 0.3663305 0.3674247 0.3715510 0.3898967 0.3736888 0.4436785 0.3711089 0.3890960 0.7479236 0.3726995 0.3830751 0.3619484 0.3605087 0.5106148 0.4688408 0.4760789 0.4756189 0.4886578 
Micropsectra_attenuata_To302        0.4923475 0.4924502 0.1946531 0.2754522 0.2997704 0.0038113 0.0000000 0.2656308 0.2890163 0.2786484 0.2850693 0.2851258 0.2821285 0.2833421 0.2842421 0.2902144 0.2857467 0.2828108 0.2851273 0.2676076 0.2842907 0.2796509 0.2755496 0.2935068 0.2666072 0.2847798 0.2867642 0.2713048 0.2801902 0.1489204 0.2709584 0.1801132 0.2735245 0.2835477 0.2068377 0.2567948 0.2687629 0.2683398 0.2725322 0.1863751 0.1516443 0.2672982 0.1794168 0.2598734 0.2612643 0.2726025 0.2673784 0.2240658 0.0965322 0.2569627 0.2950721 0.2837987 0.2835090 0.2875832 0.3141475 0.4684187 0.3748717 0.3743078 0.3802919 0.3947948 0.3806653 0.4495635 0.3739953 0.3988995 0.7349669 0.3822422 0.3859895 0.3558303 0.3625133 0.5176085 0.4845014 0.4896536 0.4783240 0.5075119 
Micropsectra_borealis_NO41          0.4973024 0.5008057 0.2391933 0.2633454 0.2807216 0.2656707 0.2656308 0.0000000 0.2466617 0.2466089 0.2481946 0.2514929 0.2633708 0.2620049 0.2647877 0.2535990 0.2523572 0.2475236 0.2417275 0.2765003 0.2544515 0.2536196 0.2307998 0.2502959 0.2415487 0.2418190 0.2421650 0.2356766 0.2479075 0.2244278 0.2603425 0.1829563 0.2714251 0.2105797 0.1587664 0.2370637 0.2418244 0.2309314 0.2307246 0.1500836 0.2265384 0.2151377 0.1381872 0.2238454 0.2125688 0.2405423 0.2239410 0.1828554 0.1904349 0.2426984 0.2583576 0.2517975 0.2516094 0.2509838 0.2451578 0.4102617 0.3884510 0.3884452 0.3965907 0.3895423 0.3483273 0.4404394 0.3732755 0.4080648 0.8287000 0.3708616 0.3745381 0.3537238 0.3705673 0.4876380 0.4612878 0.4646946 0.4459429 0.4788164 
Micropsectra_contracta_To06         0.4866096 0.4918046 0.2743348 0.2153125 0.2611440 0.2862148 0.2890163 0.2466617 0.0000000 0.0041222 0.0012332 0.0037514 0.1194874 0.1198583 0.1196746 0.1103916 0.1062066 0.1098018 0.1705802 0.2232144 0.2065282 0.2054695 0.1958989 0.0650612 0.1074769 0.0622910 0.0621316 0.1052952 0.1129368 0.2377048 0.2373961 0.1810454 0.2365402 0.2442539 0.1807716 0.1591442 0.2754554 0.2190211 0.2213201 0.1964868 0.2529726 0.2128670 0.1896770 0.2105020 0.2211046 0.2258434 0.2192096 0.1582481 0.1909880 0.2005055 0.2713447 0.2628267 0.2616465 0.2654606 0.2639575 0.3706239 0.3612754 0.3632290 0.3701856 0.3900634 0.3327994 0.4150775 0.4138198 0.3838003 0.6946952 0.3676588 0.3796462 0.3847879 0.4029892 0.5016406 0.4797340 0.4634321 0.4917337 0.4386858 
Micropsectra_contracta_To356        0.4796586 0.4849638 0.2693202 0.2157622 0.2677511 0.2763351 0.2786484 0.2466089 0.0041222 0.0000000 0.0051019 0.0067146 0.1153864 0.1157627 0.1154768 0.1086143 0.1036840 0.1057312 0.1667092 0.2196225 0.2005759 0.1995516 0.1978107 0.0651408 0.1074302 0.0624087 0.0622259 0.1065771 0.1136588 0.2323253 0.2364666 0.1843329 0.2340676 0.2449791 0.1813676 0.1558066 0.2694893 0.2220082 0.2243248 0.1952779 0.2499943 0.2174522 0.1905850 0.2132507 0.2257428 0.2278592 0.2202588 0.1595946 0.1878225 0.1935472 0.2694535 0.2643495 0.2614360 0.2652537 0.2649062 0.3785475 0.3567165 0.3580000 0.3672599 0.3857919 0.3345696 0.4127869 0.4149735 0.3829905 0.6854162 0.3699599 0.3735453 0.3767300 0.3974449 0.4955170 0.4814489 0.4611859 0.4886868 0.4429942 
Micropsectra_contracta_To357        0.4893466 0.4945887 0.2720876 0.2167031 0.2624245 0.2806685 0.2850693 0.2481946 0.0012332 0.0051019 0.0000000 0.0053584 0.1175590 0.1179326 0.1177749 0.1104497 0.1047861 0.1093882 0.1681398 0.2231638 0.2041773 0.2031329 0.1951492 0.0649010 0.1083265 0.0622076 0.0620239 0.1061377 0.1137936 0.2348702 0.2375364 0.1814818 0.2345215 0.2446983 0.1812082 0.1574226 0.2726485 0.2206506 0.2229601 0.1969271 0.2513269 0.2122572 0.1890825 0.2112173 0.2216981 0.2257089 0.2187691 0.1603331 0.1897485 0.1975849 0.2707488 0.2633905 0.2604815 0.2642908 0.2650909 0.3615713 0.3595180 0.3623139 0.3694136 0.3896814 0.3342387 0.4179295 0.4124804 0.3821648 0.6982019 0.3704405 0.3772806 0.3849056 0.4009908 0.4991900 0.4824317 0.4618760 0.4975125 0.4399507 
Micropsectra_contracta_To358        0.4792229 0.4888210 0.2717531 0.2152605 0.2658723 0.2845380 0.2851258 0.2514929 0.0037514 0.0067146 0.0053584 0.0000000 0.1197301 0.1200998 0.1195271 0.1113884 0.1064162 0.1081947 0.1697554 0.2184893 0.2029787 0.2020431 0.1942661 0.0667959 0.1073778 0.0653323 0.0651377 0.1081168 0.1136225 0.2326221 0.2408428 0.1813822 0.2328201 0.2487840 0.1867705 0.1540969 0.2680482 0.2202348 0.2225548 0.1950847 0.2471853 0.2157051 0.1892985 0.2094443 0.2240059 0.2302946 0.2217975 0.1615256 0.1856669 0.1966977 0.2757420 0.2676469 0.2647111 0.2685668 0.2707580 0.3642010 0.3622137 0.3640695 0.3724641 0.3903139 0.3367852 0.4142842 0.4167558 0.3867124 0.7008399 0.3719025 0.3796106 0.3787161 0.4022954 0.4991979 0.4778695 0.4624379 0.4991043 0.4386189 
Micropsectra_insignilobus_To182     0.4890875 0.4928550 0.2880973 0.2219689 0.2796536 0.2794044 0.2821285 0.2633708 0.1194874 0.1153864 0.1175590 0.1197301 0.0000000 0.0029767 0.0147179 0.1385840 0.1314160 0.1374767 0.1829453 0.2201017 0.2086738 0.2078836 0.2330383 0.1278045 0.1322738 0.1230247 0.1209054 0.1319903 0.1402023 0.2406642 0.2593359 0.1904823 0.2626054 0.2855989 0.2066052 0.1890012 0.2858967 0.2367968 0.2406296 0.1902306 0.2519339 0.2214605 0.1808861 0.2198142 0.2323855 0.2403859 0.2367482 0.1918803 0.1962161 0.2167866 0.2640414 0.2538251 0.2523440 0.2560398 0.2636085 0.3922044 0.3991785 0.4054108 0.4180763 0.4202695 0.3678938 0.4668005 0.4137818 0.4296842 0.7691615 0.3935981 0.3832474 0.3822257 0.4042025 0.4895722 0.4672959 0.5091853 0.4907278 0.4850460 
Micropsectra_insignilobus_To184     0.4932533 0.5002071 0.2892965 0.2232347 0.2780143 0.2806259 0.2833421 0.2620049 0.1198583 0.1157627 0.1179326 0.1200998 0.0029767 0.0000000 0.0154720 0.1398147 0.1317853 0.1387148 0.1800956 0.2226966 0.2066151 0.2058341 0.2330489 0.1290357 0.1353772 0.1227383 0.1221316 0.1350858 0.1426817 0.2419163 0.2567064 0.1929170 0.2650232 0.2805449 0.2091114 0.1871590 0.2879386 0.2355204 0.2393227 0.1926527 0.2474604 0.2202902 0.1832459 0.2186570 0.2311369 0.2355178 0.2367441 0.1943010 0.2012901 0.2134587 0.2657236 0.2564271 0.2549458 0.2535098 0.2622339 0.3925154 0.4042588 0.4024903 0.4164987 0.4254709 0.3660435 0.4663713 0.4190655 0.4349522 0.7825083 0.3986189 0.3874847 0.3802742 0.4092156 0.4918578 0.4641848 0.5142380 0.4981412 0.4906659 
Micropsectra_insignilobus_To31      0.4985464 0.4978620 0.2844434 0.2265484 0.2809148 0.2802778 0.2842421 0.2647877 0.1196746 0.1154768 0.1177749 0.1195271 0.0147179 0.0154720 0.0000000 0.1396232 0.1351383 0.1416291 0.1875382 0.2260499 0.2219024 0.2210729 0.2335450 0.1354382 0.1364825 0.1296632 0.1283685 0.1376686 0.1469492 0.2400522 0.2572558 0.1918466 0.2666190 0.2830609 0.2063008 0.1878556 0.2843108 0.2369068 0.2407351 0.1882440 0.2552499 0.2287006 0.1859797 0.2244601 0.2397656 0.2468167 0.2394246 0.1872499 0.1980704 0.2184499 0.2684847 0.2549102 0.2551191 0.2588328 0.2696767 0.4045930 0.4020955 0.4093287 0.4232394 0.4288245 0.3804528 0.4661578 0.4120660 0.4315114 0.8185879 0.3988413 0.3891769 0.3788642 0.4089220 0.4856819 0.4695664 0.5150965 0.4997947 0.4765042 
Micropsectra_junci_To154            0.4965411 0.5112342 0.2633094 0.2305588 0.2845931 0.2853470 0.2902144 0.2535990 0.1103916 0.1086143 0.1104497 0.1113884 0.1385840 0.1398147 0.1396232 0.0000000 0.0074584 0.0293897 0.1834267 0.2074609 0.2102697 0.2104988 0.2300901 0.1196196 0.1155662 0.1174101 0.1178930 0.1094105 0.1188035 0.2544342 0.2520445 0.1860305 0.2475234 0.2634614 0.1940267 0.1798736 0.3007667 0.2198877 0.2222063 0.1858084 0.2537805 0.2235233 0.1900235 0.2192224 0.2296210 0.2305401 0.2328717 0.2004805 0.2306762 0.2263561 0.2850456 0.2582732 0.2567446 0.2603843 0.2752554 0.3818347 0.3846853 0.3891085 0.3921489 0.3969002 0.3595496 0.4445882 0.4398034 0.3930783 0.7950076 0.3803208 0.3906134 0.3762678 0.4433901 0.4958102 0.4831069 0.4987081 0.5294842 0.4816235 
Micropsectra_junci_To157            0.4877416 0.5020867 0.2623657 0.2204953 0.2766133 0.2834799 0.2857467 0.2523572 0.1062066 0.1036840 0.1047861 0.1064162 0.1314160 0.1317853 0.1351383 0.0074584 0.0000000 0.0234776 0.1740294 0.2037326 0.2033029 0.2035422 0.2220442 0.1146030 0.1098557 0.1146440 0.1135849 0.1051053 0.1159285 0.2524214 0.2472090 0.1878468 0.2338184 0.2572666 0.1949537 0.1711176 0.2912066 0.2149062 0.2172058 0.1873501 0.2534152 0.2149549 0.1895331 0.2127639 0.2210264 0.2179150 0.2229148 0.1969000 0.2306762 0.2138283 0.2670708 0.2421786 0.2392835 0.2441909 0.2570423 0.3495400 0.3854995 0.3879700 0.3888061 0.3944926 0.3646303 0.4491672 0.4311833 0.3893582 0.7769075 0.3764648 0.3843227 0.3782959 0.4423336 0.4822824 0.4767171 0.4795392 0.5135237 0.4726049 
Micropsectra_junci_To54             0.5034117 0.5157510 0.2545178 0.2228502 0.2725274 0.2787974 0.2828108 0.2475236 0.1098018 0.1057312 0.1093882 0.1081947 0.1374767 0.1387148 0.1416291 0.0293897 0.0234776 0.0000000 0.1791299 0.2035516 0.2003437 0.2018175 0.2194048 0.1172929 0.1075025 0.1157936 0.1162758 0.1027022 0.1118514 0.2498047 0.2511103 0.1896446 0.2429641 0.2566875 0.1954693 0.1700531 0.2978832 0.2219047 0.2242315 0.1962916 0.2447633 0.2176628 0.1938207 0.2149013 0.2229578 0.2319104 0.2273921 0.2007429 0.2199309 0.2125718 0.2741179 0.2493079 0.2482118 0.2532407 0.2642204 0.3427343 0.3775582 0.3791539 0.3863342 0.3813484 0.3463539 0.4437689 0.4221112 0.3910999 0.7596435 0.3645646 0.3907275 0.3705689 0.4354495 0.4778560 0.4644722 0.4948548 0.5153917 0.4708667 
Micropsectra_kurobemaculata_To07    0.5130410 0.5197683 0.2844348 0.2231334 0.2548674 0.2829083 0.2851273 0.2417275 0.1705802 0.1667092 0.1681398 0.1697554 0.1829453 0.1800956 0.1875382 0.1834267 0.1740294 0.1791299 0.0000000 0.2065837 0.1972681 0.1970495 0.2098343 0.1846459 0.1598880 0.1782631 0.1776732 0.1630693 0.1734232 0.2232572 0.2228662 0.1760249 0.2354554 0.2575112 0.1873324 0.1875592 0.2908295 0.2179328 0.2202358 0.1796108 0.2445462 0.2018339 0.1701256 0.1995509 0.2044660 0.2154683 0.2038499 0.1989868 0.2177242 0.1919014 0.2464252 0.2524956 0.2513395 0.2498985 0.2439964 0.3326413 0.4088549 0.4040995 0.4132989 0.4351262 0.3430660 0.4226376 0.4038802 0.4186547 0.7627235 0.4031878 0.4078522 0.3557340 0.3906903 0.5314320 0.4971172 0.5074883 0.4823168 0.4601563 
Micropsectra_lacustris_AT16         0.5272954 0.5300332 0.2612297 0.2006425 0.2397365 0.2650935 0.2676076 0.2765003 0.2232144 0.2196225 0.2231638 0.2184893 0.2201017 0.2226966 0.2260499 0.2074609 0.2037326 0.2035516 0.2065837 0.0000000 0.2526341 0.2516610 0.2067376 0.2054986 0.2056673 0.2006002 0.1966299 0.2080139 0.2183719 0.2650748 0.2258349 0.1850046 0.2201730 0.2753435 0.2038533 0.2151975 0.3060453 0.2071707 0.2106257 0.1674974 0.2658318 0.2086796 0.1647516 0.2062433 0.2099046 0.2283809 0.2152490 0.2212767 0.1986447 0.1900596 0.2426203 0.2494053 0.2477673 0.2514693 0.2559087 0.3498552 0.3959537 0.3980931 0.4001962 0.4549172 0.3506171 0.4517326 0.4131714 0.4444109 0.8347747 0.4105339 0.4019236 0.3624394 0.4026409 0.5338143 0.5043728 0.5405457 0.5144386 0.5288730 
Micropsectra_lindrothi_IS48         0.5355186 0.5237625 0.2963435 0.2297358 0.2699359 0.2764421 0.2842907 0.2544515 0.2065282 0.2005759 0.2041773 0.2029787 0.2086738 0.2066151 0.2219024 0.2102697 0.2033029 0.2003437 0.1972681 0.2526341 0.0000000 0.0032613 0.2258027 0.2008587 0.1920269 0.1950244 0.1932367 0.1876316 0.2012025 0.2646008 0.2664785 0.1480989 0.2515541 0.2635511 0.1690674 0.1954392 0.2843286 0.2374188 0.2399170 0.1523372 0.2703316 0.2464963 0.1594048 0.2335634 0.2470119 0.2530572 0.2363002 0.1826358 0.1954098 0.2083811 0.3008007 0.3076602 0.3045188 0.3043344 0.3112510 0.4179777 0.3750022 0.3713305 0.3862332 0.4054503 0.3450168 0.4294901 0.3855802 0.3982209 0.7182485 0.3659730 0.3571098 0.3497953 0.3965498 0.5515740 0.5321860 0.5189785 0.4931553 0.4678480 
Micropsectra_lindrothi_To361        0.5219140 0.5103977 0.2942163 0.2254636 0.2657470 0.2718487 0.2796509 0.2536196 0.2054695 0.1995516 0.2031329 0.2020431 0.2078836 0.2058341 0.2210729 0.2104988 0.2035422 0.2018175 0.1970495 0.2516610 0.0032613 0.0000000 0.2232156 0.1986183 0.1918189 0.1928139 0.1910447 0.1874332 0.2009738 0.2601954 0.2617428 0.1482745 0.2496661 0.2642468 0.1691891 0.1930612 0.2847486 0.2354776 0.2379636 0.1510758 0.2656908 0.2438587 0.1577013 0.2311389 0.2454932 0.2526423 0.2348667 0.1820058 0.1910326 0.2081299 0.2956506 0.3058461 0.3027197 0.3025374 0.3088263 0.4106916 0.3738658 0.3702196 0.3850119 0.4025244 0.3401664 0.4235771 0.3881733 0.3955739 0.7057416 0.3595216 0.3539837 0.3488094 0.3895288 0.5502116 0.5286720 0.5103997 0.4864683 0.4538307 
Micropsectra_logani_To188           0.5034724 0.5149146 0.2656263 0.1792084 0.1481503 0.2774822 0.2755496 0.2307998 0.1958989 0.1978107 0.1951492 0.1942661 0.2330383 0.2330489 0.2335450 0.2300901 0.2220442 0.2194048 0.2098343 0.2067376 0.2258027 0.2232156 0.0000000 0.2000108 0.1876007 0.1947855 0.1932787 0.1898534 0.2004749 0.2419943 0.1578817 0.1635849 0.1252425 0.2645780 0.1819831 0.2136190 0.2776831 0.1553544 0.1584105 0.1223481 0.2658454 0.1375205 0.1150904 0.1352917 0.1372594 0.1506620 0.1528769 0.1835325 0.1927141 0.2230398 0.2796669 0.2689279 0.2677315 0.2701806 0.2763304 0.3902017 0.3957333 0.3999827 0.4084065 0.4127070 0.3239657 0.4210866 0.3967161 0.3935312 0.8128191 0.3672492 0.3892714 0.3775757 0.3683966 0.5257190 0.4663295 0.5004290 0.4644292 0.4716214 
Micropsectra_notescens_To315        0.5049836 0.5076347 0.2621438 0.2087894 0.2662610 0.2908228 0.2935068 0.2502959 0.0650612 0.0651408 0.0649010 0.0667959 0.1278045 0.1290357 0.1354382 0.1196196 0.1146030 0.1172929 0.1846459 0.2054986 0.2008587 0.1986183 0.2000108 0.0000000 0.1044492 0.0022233 0.0022193 0.1023323 0.1096849 0.2358826 0.2345047 0.1763700 0.2332442 0.2608091 0.1897986 0.1730282 0.2794306 0.2159526 0.2182376 0.1795070 0.2548644 0.2125471 0.1773814 0.2031362 0.2197267 0.2304539 0.2185758 0.1781310 0.2184405 0.1994795 0.2648414 0.2605546 0.2602281 0.2628083 0.2691876 0.3756790 0.3917879 0.3950794 0.4080457 0.3984628 0.3489767 0.4279540 0.4183606 0.4090833 0.7618312 0.3794284 0.3844430 0.4022893 0.4049446 0.5055154 0.4840920 0.4849625 0.5095060 0.4429826 
Micropsectra_notescens_To324        0.4580521 0.4625940 0.2715454 0.1953972 0.2337075 0.2630870 0.2666072 0.2415487 0.1074769 0.1074302 0.1083265 0.1073778 0.1322738 0.1353772 0.1364825 0.1155662 0.1098557 0.1075025 0.1598880 0.2056673 0.1920269 0.1918189 0.1876007 0.1044492 0.0000000 0.1022981 0.1027868 0.0081994 0.0110520 0.2330865 0.2180876 0.1590784 0.2167854 0.2732818 0.2079670 0.1675381 0.2783397 0.1956302 0.1990542 0.1628273 0.2436460 0.1981367 0.1669397 0.1948090 0.2061949 0.2129616 0.2122247 0.1746049 0.2033854 0.2019632 0.2564830 0.2450835 0.2440207 0.2476806 0.2468834 0.3321575 0.3592958 0.3598385 0.3729626 0.3840844 0.3155222 0.4098115 0.3947840 0.3692468 0.7560072 0.3507824 0.3454441 0.3470239 0.3734965 0.4799444 0.4597261 0.4693162 0.4987707 0.4535437 
Micropsectra_notescens_To351        0.4901805 0.4938709 0.2621595 0.2065894 0.2611311 0.2812501 0.2847798 0.2418190 0.0622910 0.0624087 0.0622076 0.0653323 0.1230247 0.1227383 0.1296632 0.1174101 0.1146440 0.1157936 0.1782631 0.2006002 0.1950244 0.1928139 0.1947855 0.0022233 0.1022981 0.0000000 0.0006237 0.1001948 0.1060488 0.2324040 0.2283694 0.1798084 0.2313746 0.2530726 0.1889409 0.1668781 0.2706638 0.2133641 0.2156451 0.1814053 0.2506021 0.2120152 0.1792693 0.2013913 0.2179974 0.2266008 0.2114785 0.1772977 0.2198278 0.1982911 0.2609325 0.2566660 0.2551757 0.2589054 0.2650569 0.3597111 0.3864552 0.3889121 0.4007898 0.3891944 0.3400997 0.4203861 0.4112267 0.4035981 0.7300857 0.3774587 0.3747725 0.3950045 0.3950662 0.4989269 0.4801015 0.4692440 0.4951036 0.4344027 
Micropsectra_notescens_To352        0.4960740 0.4979866 0.2650721 0.2047100 0.2576366 0.2832319 0.2867642 0.2421650 0.0621316 0.0622259 0.0620239 0.0651377 0.1209054 0.1221316 0.1283685 0.1178930 0.1135849 0.1162758 0.1776732 0.1966299 0.1932367 0.1910447 0.1932787 0.0022193 0.1027868 0.0006237 0.0000000 0.1006810 0.1080829 0.2339255 0.2275604 0.1784494 0.2285253 0.2534087 0.1875555 0.1663342 0.2743023 0.2138951 0.2161758 0.1800427 0.2521864 0.2104819 0.1779117 0.1987426 0.2164422 0.2233780 0.2084483 0.1759574 0.2167602 0.1953825 0.2599435 0.2556994 0.2542148 0.2579264 0.2626722 0.3656959 0.3858336 0.3891087 0.4001215 0.3898443 0.3433119 0.4219329 0.4122603 0.4029415 0.7439246 0.3801422 0.3794276 0.3975545 0.3954282 0.5056341 0.4772341 0.4744667 0.4989646 0.4394015 
Micropsectra_notescens_To353        0.4465497 0.4479908 0.2738868 0.2014965 0.2315203 0.2677816 0.2713048 0.2356766 0.1052952 0.1065771 0.1061377 0.1081168 0.1319903 0.1350858 0.1376686 0.1094105 0.1051053 0.1027022 0.1630693 0.2080139 0.1876316 0.1874332 0.1898534 0.1023323 0.0081994 0.1001948 0.1006810 0.0000000 0.0094615 0.2318447 0.2182226 0.1603854 0.2168507 0.2636450 0.1999592 0.1687293 0.2716783 0.2032550 0.2067506 0.1685660 0.2480480 0.2048145 0.1736590 0.2032195 0.2141219 0.2165049 0.2146476 0.1752522 0.2042101 0.2116478 0.2554207 0.2460605 0.2461589 0.2486557 0.2501915 0.3297562 0.3602727 0.3598106 0.3682930 0.3812758 0.3096304 0.4112528 0.3888872 0.3704324 0.7461398 0.3466273 0.3541937 0.3559509 0.3701064 0.4918244 0.4531309 0.4695499 0.4890695 0.4489891 
Micropsectra_notescens_To354        0.4521980 0.4578211 0.2780723 0.2062997 0.2401373 0.2766463 0.2801902 0.2479075 0.1129368 0.1136588 0.1137936 0.1136225 0.1402023 0.1426817 0.1469492 0.1188035 0.1159285 0.1118514 0.1734232 0.2183719 0.2012025 0.2009738 0.2004749 0.1096849 0.0110520 0.1060488 0.1080829 0.0094615 0.0000000 0.2373028 0.2315582 0.1636343 0.2290793 0.2783918 0.2142933 0.1771314 0.2845560 0.2127410 0.2163408 0.1743834 0.2530064 0.2142782 0.1791198 0.2097581 0.2226079 0.2289024 0.2211145 0.1822933 0.2225929 0.2211514 0.2635860 0.2527985 0.2523332 0.2548761 0.2577707 0.3437452 0.3726080 0.3712512 0.3768338 0.3873963 0.3105111 0.4120696 0.4045801 0.3846334 0.7741577 0.3550263 0.3588597 0.3645522 0.3797143 0.5040446 0.4691735 0.4680315 0.5063979 0.4656355 
Micropsectra_oberaarensis_To336     0.4587018 0.4603541 0.1634138 0.2540321 0.2674519 0.1486752 0.1489204 0.2244278 0.2377048 0.2323253 0.2348702 0.2326221 0.2406642 0.2419163 0.2400522 0.2544342 0.2524214 0.2498047 0.2232572 0.2650748 0.2646008 0.2601954 0.2419943 0.2358826 0.2330865 0.2324040 0.2339255 0.2318447 0.2373028 0.0000000 0.2562685 0.1781874 0.2599237 0.2638467 0.1870697 0.2388429 0.2405386 0.2577832 0.2603479 0.1737793 0.0447003 0.2517387 0.1634082 0.2487481 0.2495059 0.2691738 0.2575144 0.2169858 0.1236478 0.2230423 0.2706499 0.2657463 0.2645356 0.2679029 0.2822797 0.4292551 0.3999322 0.4019703 0.4116286 0.3988709 0.3477807 0.4302612 0.4074827 0.4076937 0.7256510 0.3641717 0.3821179 0.3498461 0.3693322 0.5052873 0.4449999 0.4714561 0.4799969 0.4666548 
Micropsectra_pallidula_To74         0.5379841 0.5441087 0.2845730 0.2072025 0.1883374 0.2695420 0.2709584 0.2603425 0.2373961 0.2364666 0.2375364 0.2408428 0.2593359 0.2567064 0.2572558 0.2520445 0.2472090 0.2511103 0.2228662 0.2258349 0.2664785 0.2617428 0.1578817 0.2345047 0.2180876 0.2283694 0.2275604 0.2182226 0.2315582 0.2562685 0.0000000 0.1813251 0.1868505 0.2641574 0.1892221 0.2476439 0.2966402 0.1653046 0.1649246 0.1277379 0.2588323 0.1574075 0.1282513 0.1567101 0.1552646 0.1650421 0.1528351 0.2003830 0.1819086 0.2340458 0.2667524 0.2757527 0.2747066 0.2757929 0.2582899 0.3789247 0.4184209 0.4166797 0.4183328 0.4108822 0.3446824 0.4341490 0.4056708 0.4239536 0.8226967 0.3679561 0.4021070 0.4144497 0.3676354 0.5522040 0.4817902 0.5289810 0.4796619 0.4874257 
Micropsectra_pharetrophora_To12     0.3144668 0.3208441 0.1878404 0.1576955 0.1884801 0.1733348 0.1801132 0.1829563 0.1810454 0.1843329 0.1814818 0.1813822 0.1904823 0.1929170 0.1918466 0.1860305 0.1878468 0.1896446 0.1760249 0.1850046 0.1480989 0.1482745 0.1635849 0.1763700 0.1590784 0.1798084 0.1784494 0.1603854 0.1636343 0.1781874 0.1813251 0.0000000 0.1447999 0.1828250 0.1803113 0.1657440 0.1976826 0.1659907 0.1659907 0.1594252 0.1756747 0.1593675 0.1535675 0.1605693 0.1601000 0.1812776 0.1764563 0.1803913 0.1461168 0.1507504 0.1735393 0.1771349 0.1798441 0.1771349 0.1827233 0.1988806 0.2381958 0.2369919 0.2389666 0.2559209 0.2278799 0.2564235 0.2429455 0.2623435 0.3740740 0.2480080 0.2597867 0.2628881 0.2777578 0.3523438 0.3067889 0.2602426 0.2980098 0.3087964 
Micropsectra_polita_To181           0.5290654 0.5315975 0.2744867 0.1991639 0.1679897 0.2761096 0.2735245 0.2714251 0.2365402 0.2340676 0.2345215 0.2328201 0.2626054 0.2650232 0.2666190 0.2475234 0.2338184 0.2429641 0.2354554 0.2201730 0.2515541 0.2496661 0.1252425 0.2332442 0.2167854 0.2313746 0.2285253 0.2168507 0.2290793 0.2599237 0.1868505 0.1447999 0.0000000 0.2640700 0.1862453 0.2323487 0.2963373 0.1787163 0.1830888 0.1233290 0.2644642 0.1687383 0.1209065 0.1693589 0.1682849 0.1812027 0.1771442 0.2033868 0.1812676 0.2308336 0.2829029 0.2676857 0.2672216 0.2698826 0.2825052 0.4275048 0.3908110 0.3930588 0.4009485 0.3897804 0.3396887 0.4409667 0.3685994 0.3963505 0.7483792 0.3615023 0.3798037 0.3592572 0.4020883 0.4833689 0.5114587 0.4948641 0.4560993 0.4867078 
Micropsectra_radialis_NO44          0.4655936 0.4715198 0.2590096 0.2460265 0.2819513 0.2729444 0.2835477 0.2105797 0.2442539 0.2449791 0.2446983 0.2487840 0.2855989 0.2805449 0.2830609 0.2634614 0.2572666 0.2566875 0.2575112 0.2753435 0.2635511 0.2642468 0.2645780 0.2608091 0.2732818 0.2530726 0.2534087 0.2636450 0.2783918 0.2638467 0.2641574 0.1828250 0.2640700 0.0000000 0.0062542 0.2283271 0.2641539 0.2410650 0.2422452 0.1793085 0.2615947 0.2435377 0.1771438 0.2464921 0.2482003 0.2490625 0.2427517 0.2120079 0.1963738 0.2591622 0.2689775 0.2692087 0.2663811 0.2672793 0.2663025 0.3861618 0.3596499 0.3533769 0.3539759 0.3732658 0.3585460 0.3733630 0.3743290 0.3996468 0.6645064 0.3527443 0.3715670 0.3464095 0.3824815 0.4800295 0.4647455 0.4417331 0.4464855 0.4429310 
Micropsectra_radialis_To37          0.2964245 0.2988668 0.1863561 0.1652056 0.2002874 0.2004265 0.2068377 0.1587664 0.1807716 0.1813676 0.1812082 0.1867705 0.2066052 0.2091114 0.2063008 0.1940267 0.1949537 0.1954693 0.1873324 0.2038533 0.1690674 0.1691891 0.1819831 0.1897986 0.2079670 0.1889409 0.1875555 0.1999592 0.2142933 0.1870697 0.1892221 0.1803113 0.1862453 0.0062542 0.0000000 0.1731130 0.1705664 0.1812748 0.1812748 0.1795205 0.1933130 0.1794980 0.1731826 0.1776978 0.1801307 0.1855397 0.1824971 0.2075853 0.1922431 0.1936318 0.1916000 0.1987328 0.1986807 0.1987328 0.1916128 0.1963991 0.2455890 0.2459232 0.2389181 0.2646253 0.2323118 0.2420918 0.2425454 0.2861848 0.3186558 0.2306643 0.2326001 0.2753417 0.2781442 0.3422845 0.3080763 0.2631063 0.2888921 0.2922989 
Micropsectra_recurvata_IS22         0.5161632 0.5132364 0.2534710 0.2052619 0.2581538 0.2528738 0.2567948 0.2370637 0.1591442 0.1558066 0.1574226 0.1540969 0.1890012 0.1871590 0.1878556 0.1798736 0.1711176 0.1700531 0.1875592 0.2151975 0.1954392 0.1930612 0.2136190 0.1730282 0.1675381 0.1668781 0.1663342 0.1687293 0.1771314 0.2388429 0.2476439 0.1657440 0.2323487 0.2283271 0.1731130 0.0000000 0.2750460 0.2207763 0.2244648 0.1768561 0.2438942 0.2146938 0.1741811 0.2063446 0.2272747 0.2226390 0.2184895 0.1251314 0.1759462 0.2036650 0.2506118 0.2359353 0.2307870 0.2317814 0.2389352 0.3596130 0.3605784 0.3515046 0.3618934 0.3969832 0.3324744 0.4139041 0.3851131 0.3907839 0.7234020 0.3629465 0.3577949 0.3616598 0.3964249 0.4711283 0.4671115 0.4589064 0.5096644 0.4316213 
Micropsectra_roseiventris_To84      0.4688239 0.4538493 0.2562156 0.2705129 0.3118914 0.2670269 0.2687629 0.2418244 0.2754554 0.2694893 0.2726485 0.2680482 0.2858967 0.2879386 0.2843108 0.3007667 0.2912066 0.2978832 0.2908295 0.3060453 0.2843286 0.2847486 0.2776831 0.2794306 0.2783397 0.2706638 0.2743023 0.2716783 0.2845560 0.2405386 0.2966402 0.1976826 0.2963373 0.2641539 0.1705664 0.2750460 0.0000000 0.2824816 0.2854923 0.1649618 0.2464920 0.2578273 0.1513830 0.2547334 0.2658616 0.2842878 0.2735878 0.2111901 0.1774417 0.2732428 0.3137281 0.3052580 0.3026734 0.3083893 0.3084706 0.5134913 0.3690514 0.3705153 0.3770106 0.3753615 0.3533957 0.4349554 0.3888553 0.3896044 0.6807493 0.3539357 0.3783041 0.3563729 0.3527840 0.5050193 0.4965148 0.4617593 0.4650543 0.4413004 
Micropsectra_schrankelae_To43       0.5413199 0.5497557 0.2686974 0.1862492 0.1798900 0.2610776 0.2683398 0.2309314 0.2190211 0.2220082 0.2206506 0.2202348 0.2367968 0.2355204 0.2369068 0.2198877 0.2149062 0.2219047 0.2179328 0.2071707 0.2374188 0.2354776 0.1553544 0.2159526 0.1956302 0.2133641 0.2138951 0.2032550 0.2127410 0.2577832 0.1653046 0.1659907 0.1787163 0.2410650 0.1812748 0.2207763 0.2824816 0.0000000 0.0009732 0.0066456 0.2578048 0.0607791 0.0492237 0.0622758 0.0634233 0.0933648 0.0734381 0.2063028 0.1761375 0.2197951 0.2339381 0.2261766 0.2261814 0.2285951 0.2251876 0.3352106 0.3837349 0.3852517 0.4007728 0.3807297 0.3548847 0.4092608 0.3946532 0.3860003 0.8868485 0.3807450 0.3798958 0.3867585 0.4104978 0.5411133 0.4892835 0.5439051 0.4519209 0.4717994 
Micropsectra_schrankelae_To44       0.5466367 0.5546272 0.2683783 0.1895941 0.1805523 0.2652087 0.2725322 0.2307246 0.2213201 0.2243248 0.2229601 0.2225548 0.2406296 0.2393227 0.2407351 0.2222063 0.2172058 0.2242315 0.2202358 0.2106257 0.2399170 0.2379636 0.1584105 0.2182376 0.1990542 0.2156451 0.2161758 0.2067506 0.2163408 0.2603479 0.1649246 0.1659907 0.1830888 0.2422452 0.1812748 0.2244648 0.2854923 0.0009732 0.0000000 0.0066456 0.2606104 0.0627557 0.0492237 0.0642986 0.0654357 0.0931818 0.0739606 0.2063028 0.1761375 0.2221443 0.2388765 0.2310747 0.2310794 0.2335267 0.2299936 0.3371023 0.3872017 0.3887132 0.4052214 0.3848797 0.3568294 0.4136975 0.3965863 0.3902389 0.8936010 0.3826048 0.3840820 0.3905615 0.4124338 0.5453655 0.4901327 0.5494064 0.4540178 0.4762326 
Micropsectra_schrankelae_To47       0.3362422 0.3361251 0.1827781 0.1432370 0.1375113 0.1784982 0.1863751 0.1500836 0.1964868 0.1952779 0.1969271 0.1950847 0.1902306 0.1926527 0.1882440 0.1858084 0.1873501 0.1962916 0.1796108 0.1674974 0.1523372 0.1510758 0.1223481 0.1795070 0.1628273 0.1814053 0.1800427 0.1685660 0.1743834 0.1737793 0.1277379 0.1594252 0.1233290 0.1793085 0.1795205 0.1768561 0.1649618 0.0066456 0.0066456 0.0000000 0.1758509 0.0522761 0.0485482 0.0492483 0.0530456 0.0803617 0.0638675 0.2034851 0.1740521 0.1693616 0.1637944 0.1609732 0.1635285 0.1609732 0.1562923 0.1673803 0.2340813 0.2336804 0.2407304 0.2334565 0.2202257 0.2416239 0.2270978 0.2483033 0.3936482 0.2378741 0.2206124 0.2629608 0.2900806 0.3401489 0.2922967 0.2790542 0.2640820 0.2837978 
Micropsectra_seguyi_To334           0.4657798 0.4512151 0.1758867 0.2806313 0.2869885 0.1514132 0.1516443 0.2265384 0.2529726 0.2499943 0.2513269 0.2471853 0.2519339 0.2474604 0.2552499 0.2537805 0.2534152 0.2447633 0.2445462 0.2658318 0.2703316 0.2656908 0.2658454 0.2548644 0.2436460 0.2506021 0.2521864 0.2480480 0.2530064 0.0447003 0.2588323 0.1756747 0.2644642 0.2615947 0.1933130 0.2438942 0.2464920 0.2578048 0.2606104 0.1758509 0.0000000 0.2543989 0.1697607 0.2446623 0.2503862 0.2665442 0.2554351 0.2151260 0.1201040 0.2262357 0.2599826 0.2648876 0.2642195 0.2649632 0.2739008 0.3993394 0.3949217 0.3923314 0.4031265 0.3984561 0.3406636 0.4197607 0.4057593 0.4192501 0.6626711 0.3692466 0.3890579 0.3493885 0.3623155 0.5116045 0.4360914 0.4620768 0.4722946 0.4780724 
Micropsectra_sofiae_Soe11           0.5148244 0.5196535 0.2736022 0.1769547 0.1626386 0.2646788 0.2672982 0.2151377 0.2128670 0.2174522 0.2122572 0.2157051 0.2214605 0.2202902 0.2287006 0.2235233 0.2149549 0.2176628 0.2018339 0.2086796 0.2464963 0.2438587 0.1375205 0.2125471 0.1981367 0.2120152 0.2104819 0.2048145 0.2142782 0.2517387 0.1574075 0.1593675 0.1687383 0.2435377 0.1794980 0.2146938 0.2578273 0.0607791 0.0627557 0.0522761 0.2543989 0.0000000 0.0048177 0.0290642 0.0072099 0.0809637 0.0709862 0.2055763 0.1762062 0.1974757 0.2357520 0.2267271 0.2263785 0.2275194 0.2211072 0.3439148 0.3894643 0.3885975 0.4058058 0.3918677 0.3565702 0.4227295 0.3842485 0.3963496 0.8259159 0.3744726 0.3764777 0.3823279 0.3916460 0.5288029 0.4888113 0.5217592 0.4464541 0.4911010 
Micropsectra_sofiae_Soe12           0.3216125 0.3155199 0.1777762 0.1400757 0.1302668 0.1743456 0.1794168 0.1381872 0.1896770 0.1905850 0.1890825 0.1892985 0.1808861 0.1832459 0.1859797 0.1900235 0.1895331 0.1938207 0.1701256 0.1647516 0.1594048 0.1577013 0.1150904 0.1773814 0.1669397 0.1792693 0.1779117 0.1736590 0.1791198 0.1634082 0.1282513 0.1535675 0.1209065 0.1771438 0.1731826 0.1741811 0.1513830 0.0492237 0.0492237 0.0485482 0.1697607 0.0048177 0.0000000 0.0216690 0.0052218 0.0719157 0.0635984 0.1989701 0.1700167 0.1553925 0.1634108 0.1629721 0.1635533 0.1610106 0.1616858 0.1750029 0.2345793 0.2319264 0.2358649 0.2352963 0.2191795 0.2585160 0.2185694 0.2466093 0.3287320 0.2329128 0.2161313 0.2583136 0.2798181 0.3217223 0.2957635 0.2871729 0.2664581 0.2934760 
Micropsectra_sofiae_To145           0.4969497 0.4992367 0.2665405 0.1835877 0.1734309 0.2553873 0.2598734 0.2238454 0.2105020 0.2132507 0.2112173 0.2094443 0.2198142 0.2186570 0.2244601 0.2192224 0.2127639 0.2149013 0.1995509 0.2062433 0.2335634 0.2311389 0.1352917 0.2031362 0.1948090 0.2013913 0.1987426 0.2032195 0.2097581 0.2487481 0.1567101 0.1605693 0.1693589 0.2464921 0.1776978 0.2063446 0.2547334 0.0622758 0.0642986 0.0492483 0.2446623 0.0290642 0.0216690 0.0000000 0.0304053 0.0799895 0.0712475 0.2047318 0.1714302 0.1977226 0.2288194 0.2247624 0.2244115 0.2255525 0.2166734 0.3213465 0.3749072 0.3766061 0.3926887 0.3815072 0.3534261 0.4146643 0.3877984 0.3870467 0.7814601 0.3634047 0.3822646 0.3923840 0.3834667 0.5472728 0.4821942 0.5124457 0.4277995 0.4774922 
Micropsectra_sofiae_To166           0.5181509 0.5250184 0.2691562 0.1774497 0.1662764 0.2612502 0.2612643 0.2125688 0.2211046 0.2257428 0.2216981 0.2240059 0.2323855 0.2311369 0.2397656 0.2296210 0.2210264 0.2229578 0.2044660 0.2099046 0.2470119 0.2454932 0.1372594 0.2197267 0.2061949 0.2179974 0.2164422 0.2141219 0.2226079 0.2495059 0.1552646 0.1601000 0.1682849 0.2482003 0.1801307 0.2272747 0.2658616 0.0634233 0.0654357 0.0530456 0.2503862 0.0072099 0.0052218 0.0304053 0.0000000 0.0853160 0.0736855 0.2060567 0.1801789 0.2022288 0.2430870 0.2312648 0.2309202 0.2320657 0.2245085 0.3488565 0.3882703 0.3874172 0.4028951 0.3911541 0.3617059 0.4237846 0.3906263 0.3936203 0.8077231 0.3743749 0.3777584 0.3881453 0.3909735 0.5240776 0.4918616 0.5201234 0.4358273 0.4854332 
Micropsectra_sp_To350               0.4985761 0.5073071 0.2847859 0.1886344 0.1782584 0.2685555 0.2726025 0.2405423 0.2258434 0.2278592 0.2257089 0.2302946 0.2403859 0.2355178 0.2468167 0.2305401 0.2179150 0.2319104 0.2154683 0.2283809 0.2530572 0.2526423 0.1506620 0.2304539 0.2129616 0.2266008 0.2233780 0.2165049 0.2289024 0.2691738 0.1650421 0.1812776 0.1812027 0.2490625 0.1855397 0.2226390 0.2842878 0.0933648 0.0931818 0.0803617 0.2665442 0.0809637 0.0719157 0.0799895 0.0853160 0.0000000 0.0788820 0.2072211 0.1855196 0.2193510 0.2344016 0.2287635 0.2300883 0.2276669 0.2264765 0.3534727 0.3843149 0.3819580 0.3959162 0.3938095 0.3489545 0.4391522 0.3836140 0.3811284 0.8437624 0.3764938 0.3812549 0.4086356 0.4130089 0.5344191 0.4770842 0.5338851 0.4448899 0.4748395 
Micropsectra_sp_To378               0.5071426 0.4989319 0.2667565 0.1898700 0.1746100 0.2642438 0.2673784 0.2239410 0.2192096 0.2202588 0.2187691 0.2217975 0.2367482 0.2367441 0.2394246 0.2328717 0.2229148 0.2273921 0.2038499 0.2152490 0.2363002 0.2348667 0.1528769 0.2185758 0.2122247 0.2114785 0.2084483 0.2146476 0.2211145 0.2575144 0.1528351 0.1764563 0.1771442 0.2427517 0.1824971 0.2184895 0.2735878 0.0734381 0.0739606 0.0638675 0.2554351 0.0709862 0.0635984 0.0712475 0.0736855 0.0788820 0.0000000 0.2118584 0.1808308 0.2041698 0.2281777 0.2180090 0.2153043 0.2174874 0.2182539 0.3254266 0.3897153 0.3888522 0.3977680 0.3996643 0.3610679 0.4371218 0.3810068 0.3859133 0.8435697 0.3956701 0.3746614 0.3994555 0.3887143 0.5461197 0.4804879 0.5298241 0.4644636 0.4594424 
Micropsectra_sp_To383               0.3168944 0.3076336 0.2357864 0.1843725 0.2291224 0.2148051 0.2240658 0.1828554 0.1582481 0.1595946 0.1603331 0.1615256 0.1918803 0.1943010 0.1872499 0.2004805 0.1969000 0.2007429 0.1989868 0.2212767 0.1826358 0.1820058 0.1835325 0.1781310 0.1746049 0.1772977 0.1759574 0.1752522 0.1822933 0.2169858 0.2003830 0.1803913 0.2033868 0.2120079 0.2075853 0.1251314 0.2111901 0.2063028 0.2063028 0.2034851 0.2151260 0.2055763 0.1989701 0.2047318 0.2060567 0.2072211 0.2118584 0.0000000 0.2150996 0.1949133 0.2087125 0.2142219 0.2175903 0.2146171 0.2037693 0.2128519 0.2391460 0.2415163 0.2337886 0.2672026 0.2351708 0.2586414 0.2577196 0.2739755 0.3644905 0.2838814 0.2530520 0.2997762 0.3223861 0.3448462 0.2847567 0.2705459 0.2925384 0.3004244 
Micropsectra_sp_To391               0.2755092 0.2766626 0.1715830 0.2020757 0.2332798 0.0980489 0.0965322 0.1904349 0.1909880 0.1878225 0.1897485 0.1856669 0.1962161 0.2012901 0.1980704 0.2306762 0.2306762 0.2199309 0.2177242 0.1986447 0.1954098 0.1910326 0.1927141 0.2184405 0.2033854 0.2198278 0.2167602 0.2042101 0.2225929 0.1236478 0.1819086 0.1461168 0.1812676 0.1963738 0.1922431 0.1759462 0.1774417 0.1761375 0.1761375 0.1740521 0.1201040 0.1762062 0.1700167 0.1714302 0.1801789 0.1855196 0.1808308 0.2150996 0.0000000 0.1854779 0.2071301 0.2144104 0.2098686 0.2098686 0.2264080 0.2578630 0.2506196 0.2457774 0.2552225 0.2614308 0.2482080 0.2463038 0.2341383 0.2727120 0.3489959 0.2894497 0.2483812 0.2960795 0.3251294 0.4066626 0.2962182 0.2973308 0.3049870 0.3894168 
Parapsectra_mendli_To335            0.5214322 0.5161459 0.2452646 0.2231291 0.2597017 0.2573493 0.2569627 0.2426984 0.2005055 0.1935472 0.1975849 0.1966977 0.2167866 0.2134587 0.2184499 0.2263561 0.2138283 0.2125718 0.1919014 0.1900596 0.2083811 0.2081299 0.2230398 0.1994795 0.2019632 0.1982911 0.1953825 0.2116478 0.2211514 0.2230423 0.2340458 0.1507504 0.2308336 0.2591622 0.1936318 0.2036650 0.2732428 0.2197951 0.2221443 0.1693616 0.2262357 0.1974757 0.1553925 0.1977226 0.2022288 0.2193510 0.2041698 0.1949133 0.1854779 0.0000000 0.2594361 0.2536708 0.2533336 0.2493433 0.2628497 0.3076333 0.3731275 0.3687308 0.3885672 0.4081339 0.3427630 0.4577541 0.3897543 0.4169727 0.6962253 0.3856610 0.3988091 0.3662260 0.3976457 0.4641934 0.4864236 0.4946931 0.5034327 0.4926612 
Parapsectra_nana_To135              0.4958091 0.5092124 0.2917486 0.2365975 0.2664212 0.2878056 0.2950721 0.2583576 0.2713447 0.2694535 0.2707488 0.2757420 0.2640414 0.2657236 0.2684847 0.2850456 0.2670708 0.2741179 0.2464252 0.2426203 0.3008007 0.2956506 0.2796669 0.2648414 0.2564830 0.2609325 0.2599435 0.2554207 0.2635860 0.2706499 0.2667524 0.1735393 0.2829029 0.2689775 0.1916000 0.2506118 0.3137281 0.2339381 0.2388765 0.1637944 0.2599826 0.2357520 0.1634108 0.2288194 0.2430870 0.2344016 0.2281777 0.2087125 0.2071301 0.2594361 0.0000000 0.0720336 0.0713966 0.0727044 0.0701328 0.1974376 0.4118307 0.4175244 0.4184924 0.4295291 0.3685976 0.4373124 0.4146491 0.4199905 0.8847473 0.3813067 0.4018722 0.3954751 0.3952293 0.5317643 0.4661473 0.5327281 0.4834444 0.4575549 
