35
Burramyidae_Burramys_parvus                  0.0000000 0.0900156 0.0715670 0.0631353 0.0642852 0.0901947 0.0637242 0.0566678 0.0661121 0.1063017 0.0553716 0.0951024 0.0997175 0.0616408 0.0600053 0.1039078 0.0947817 0.0948134 0.1002034 0.0597920 0.0658703 0.1196096 0.1155003 0.0917374 0.0689625 0.0713349 0.0636443 0.0594662 0.0670542 0.0654312 0.0607280 0.1025035 0.0919767 0.1063372 0.0881491 
Notoryctidae_Notoryctes_typhlops             0.0900156 0.0000000 0.1026663 0.1018656 0.1026295 0.1083293 0.1002495 0.0955041 0.1037170 0.1206594 0.0953390 0.1143038 0.1234879 0.1000612 0.1059932 0.1230033 0.1187840 0.1187533 0.1145686 0.1013447 0.0993761 0.1367722 0.1355866 0.1111977 0.1094699 0.0835135 0.0978242 0.0977724 0.0969359 0.1081133 0.1012996 0.1187406 0.1098265 0.1210596 0.1225220 
Vombatidae_Lasiorhinus_latifrons             0.0715670 0.1026663 0.0000000 0.0899096 0.0883202 0.1012541 0.0869125 0.0820972 0.0918401 0.1199650 0.0824674 0.1034416 0.1078309 0.0843593 0.0852057 0.1132170 0.1057563 0.1075732 0.1106913 0.0886771 0.0844174 0.1283279 0.1243234 0.1024719 0.0900880 0.0813362 0.0818632 0.0863526 0.0853388 0.0914945 0.0841601 0.1117732 0.1001430 0.1204010 0.1004242 
Potoroidae_Bettongia_penicillata             0.0631353 0.1018656 0.0899096 0.0000000 0.0107822 0.1014842 0.0762587 0.0707014 0.0168953 0.1094809 0.0702692 0.1117573 0.1072797 0.0721992 0.0732310 0.1223857 0.1098358 0.1101979 0.1088903 0.0251213 0.0790217 0.1281895 0.1262341 0.1069808 0.0445214 0.0838216 0.0773973 0.0270058 0.0821117 0.0730031 0.0735324 0.1123517 0.1037054 0.1102191 0.0841696 
Potoroidae_Bettongia_lesueur                 0.0642852 0.1026295 0.0883202 0.0107822 0.0000000 0.1010294 0.0780692 0.0702657 0.0175290 0.1093832 0.0693833 0.1104933 0.1050784 0.0732124 0.0734801 0.1227957 0.1081791 0.1079546 0.1082806 0.0270724 0.0817739 0.1283572 0.1266793 0.1061185 0.0438794 0.0832915 0.0776383 0.0273575 0.0849245 0.0747462 0.0745573 0.1117411 0.1028809 0.1101231 0.0864109 
Dasyuridae_Dasyurus_maculatus                0.0901947 0.1083293 0.1012541 0.1014842 0.1010294 0.0000000 0.0980176 0.0918136 0.1016061 0.1132598 0.0948040 0.0263590 0.0425404 0.0968973 0.0970755 0.0343236 0.0165966 0.0350529 0.1078913 0.1000813 0.0990119 0.1361572 0.1227409 0.0215028 0.1115842 0.0849693 0.0939692 0.1000133 0.0986491 0.1026851 0.0962764 0.1112354 0.0104564 0.1140791 0.1207726 
Phalangeridae_Trichosurus_vulpecula          0.0637242 0.1002495 0.0869125 0.0762587 0.0780692 0.0980176 0.0000000 0.0231374 0.0782676 0.1126654 0.0246550 0.1087390 0.1080189 0.0267426 0.0720004 0.1187913 0.1109639 0.1062724 0.1094950 0.0753559 0.0782984 0.1372065 0.1347784 0.1046219 0.0825599 0.0836308 0.0734593 0.0747621 0.0776776 0.0730913 0.0264646 0.1126049 0.0997082 0.1135089 0.0924252 
Phalangeridae_Spilocuscus_maculatus          0.0566678 0.0955041 0.0820972 0.0707014 0.0702657 0.0918136 0.0231374 0.0000000 0.0711634 0.1026401 0.0112198 0.1012525 0.1002631 0.0114172 0.0681280 0.1119614 0.1012889 0.0972801 0.0993983 0.0691073 0.0724356 0.1257967 0.1214120 0.0979508 0.0760458 0.0740732 0.0673210 0.0670391 0.0719968 0.0683129 0.0123691 0.1042102 0.0922334 0.1030152 0.0775816 
Potoroidae_Aepyprymnus_rufescens             0.0661121 0.1037170 0.0918401 0.0168953 0.0175290 0.1016061 0.0782676 0.0711634 0.0000000 0.1133097 0.0715297 0.1123016 0.1079688 0.0733994 0.0762289 0.1238256 0.1095672 0.1083097 0.1110213 0.0289893 0.0845238 0.1266005 0.1281727 0.1083834 0.0468763 0.0841515 0.0792619 0.0289946 0.0855211 0.0771105 0.0747177 0.1153689 0.1038314 0.1140635 0.0856326 
Peramelidae_Perameles_nasuta                 0.1063017 0.1206594 0.1199650 0.1094809 0.1093832 0.1132598 0.1126654 0.1026401 0.1133097 0.0000000 0.1020883 0.1245117 0.1239226 0.1070696 0.1117338 0.1372441 0.1210331 0.1207569 0.0208542 0.1153671 0.1188844 0.1470589 0.1428435 0.1228531 0.1177116 0.0998771 0.1152163 0.1123424 0.1229529 0.1135361 0.1053527 0.0209174 0.1136924 0.0005916 0.1308096 
Phalangeridae_Strigocuscus_pelengensis       0.0553716 0.0953390 0.0824674 0.0702692 0.0693833 0.0948040 0.0246550 0.0112198 0.0715297 0.1020883 0.0000000 0.1058458 0.1019362 0.0115336 0.0674539 0.1139023 0.1042651 0.0995942 0.0999309 0.0693256 0.0708093 0.1242768 0.1209963 0.1006382 0.0740827 0.0738601 0.0668979 0.0672610 0.0699220 0.0668407 0.0112484 0.1048242 0.0947496 0.1030482 0.0804339 
Dasyuridae_Phascogale_tapoatafa              0.0951024 0.1143038 0.1034416 0.1117573 0.1104933 0.0263590 0.1087390 0.1012525 0.1123016 0.1245117 0.1058458 0.0000000 0.0505066 0.1069694 0.1050215 0.0156958 0.0319421 0.0396687 0.1130778 0.1082644 0.1051389 0.1415407 0.1268304 0.0144792 0.1203267 0.0932886 0.1008069 0.1083336 0.1027664 0.1093650 0.1063507 0.1186293 0.0299726 0.1249676 0.1336641 
Dasyuridae_Sminthopsis_macroura              0.0997175 0.1234879 0.1078309 0.1072797 0.1050784 0.0425404 0.1080189 0.1002631 0.1079688 0.1239226 0.1019362 0.0505066 0.0000000 0.1051964 0.1034282 0.0592760 0.0488548 0.0392222 0.1233146 0.1067096 0.1116395 0.1456970 0.1376652 0.0451875 0.1179168 0.0980029 0.1052176 0.1064719 0.1125388 0.1068763 0.1054030 0.1246697 0.0427063 0.1239058 0.1265023 
Phalangeridae_Phalanger_orientalis           0.0616408 0.1000612 0.0843593 0.0721992 0.0732124 0.0968973 0.0267426 0.0114172 0.0733994 0.1070696 0.0115336 0.1069694 0.1051964 0.0000000 0.0706473 0.1182924 0.1072287 0.1013746 0.1042198 0.0713179 0.0758804 0.1311986 0.1271490 0.1030628 0.0790588 0.0776378 0.0707231 0.0692625 0.0754499 0.0716182 0.0044587 0.1086661 0.0980171 0.1075003 0.0850571 
Acrobatidae_Acrobates_pygmaeus               0.0600053 0.1059932 0.0852057 0.0732310 0.0734801 0.0970755 0.0720004 0.0681280 0.0762289 0.1117338 0.0674539 0.1050215 0.1034282 0.0706473 0.0000000 0.1131974 0.1023831 0.0989571 0.1041763 0.0686376 0.0695605 0.1297542 0.1256850 0.1003105 0.0784399 0.0815862 0.0642800 0.0686954 0.0664741 0.0416595 0.0692849 0.1103655 0.0974712 0.1113048 0.0791835 
Dasyuridae_Phascogale_calura                 0.1039078 0.1230033 0.1132170 0.1223857 0.1227957 0.0343236 0.1187913 0.1119614 0.1238256 0.1372441 0.1139023 0.0156958 0.0592760 0.1182924 0.1131974 0.0000000 0.0350968 0.0414725 0.1226139 0.1184398 0.1132908 0.1500697 0.1362863 0.0219351 0.1261769 0.1037288 0.1098263 0.1184998 0.1108940 0.1165382 0.1176716 0.1278765 0.0374144 0.1377588 0.1430716 
Dasyuridae_Sarcophilus_harrisii              0.0947817 0.1187840 0.1057563 0.1098358 0.1081791 0.0165966 0.1109639 0.1012889 0.1095672 0.1210331 0.1042651 0.0319421 0.0488548 0.1072287 0.1023831 0.0350968 0.0000000 0.0383771 0.1151297 0.1089551 0.1059881 0.1391475 0.1316893 0.0284494 0.1144471 0.0921921 0.1017126 0.1080096 0.1044135 0.1064106 0.1069970 0.1189600 0.0169640 0.1218954 0.1303886 
Dasyuridae_Planigale_tenuirostris            0.0948134 0.1187533 0.1075732 0.1101979 0.1079546 0.0350529 0.1062724 0.0972801 0.1083097 0.1207569 0.0995942 0.0396687 0.0392222 0.1013746 0.0989571 0.0414725 0.0383771 0.0000000 0.1195987 0.1051501 0.1053932 0.1433167 0.1341321 0.0354328 0.1155417 0.0931119 0.1009827 0.1061107 0.1052578 0.1017708 0.1020648 0.1220032 0.0341544 0.1217069 0.1199363 
Peramelidae_Echymipera_kalubu                0.1002034 0.1145686 0.1106913 0.1088903 0.1082806 0.1078913 0.1094950 0.0993983 0.1110213 0.0208542 0.0999309 0.1130778 0.1233146 0.1042198 0.1041763 0.1226139 0.1151297 0.1195987 0.0000000 0.1114323 0.1093156 0.1406550 0.1357553 0.1136829 0.1131159 0.0927015 0.1084330 0.1099298 0.1136602 0.1094564 0.1027952 0.0158111 0.1083134 0.0209059 0.1279410 
Macropodidae_Dorcopsulus_vanheurni           0.0597920 0.1013447 0.0886771 0.0251213 0.0270724 0.1000813 0.0753559 0.0691073 0.0289893 0.1153671 0.0693256 0.1082644 0.1067096 0.0713179 0.0686376 0.1184398 0.1089551 0.1051501 0.1114323 0.0000000 0.0794521 0.1252508 0.1229280 0.1038191 0.0442208 0.0826158 0.0742946 0.0121581 0.0802160 0.0710826 0.0718977 0.1155716 0.1015246 0.1157625 0.0830985 
Pseudochiridae_Pseudochirulus_forbesi        0.0658703 0.0993761 0.0844174 0.0790217 0.0817739 0.0990119 0.0782984 0.0724356 0.0845238 0.1188844 0.0708093 0.1051389 0.1116395 0.0758804 0.0695605 0.1132908 0.1059881 0.1053932 0.1093156 0.0794521 0.0000000 0.1308317 0.1265775 0.0997481 0.0850758 0.0834461 0.0331682 0.0772371 0.0193709 0.0710820 0.0752532 0.1148797 0.1016882 0.1193147 0.0778724 
Didelphidae_Didelphis_virginiana             0.1196096 0.1367722 0.1283279 0.1281895 0.1283572 0.1361572 0.1372065 0.1257967 0.1266005 0.1470589 0.1242768 0.1415407 0.1456970 0.1311986 0.1297542 0.1500697 0.1391475 0.1433167 0.1406550 0.1252508 0.1308317 0.0000000 0.0524459 0.1380911 0.1378621 0.1155794 0.1291640 0.1210254 0.1327079 0.1315505 0.1297434 0.1452574 0.1349076 0.1470060 0.1453390 
Marmosidae_Monodelphis_domestica             0.1155003 0.1355866 0.1243234 0.1262341 0.1266793 0.1227409 0.1347784 0.1214120 0.1281727 0.1428435 0.1209963 0.1268304 0.1376652 0.1271490 0.1256850 0.1362863 0.1316893 0.1341321 0.1357553 0.1229280 0.1265775 0.0524459 0.0000000 0.1244035 0.1352927 0.1110926 0.1199150 0.1218965 0.1242073 0.1282190 0.1253661 0.1378023 0.1264507 0.1426062 0.1356008 
Dasyuridae_Antechinus_stuartii               0.0917374 0.1111977 0.1024719 0.1069808 0.1061185 0.0215028 0.1046219 0.0979508 0.1083834 0.1228531 0.1006382 0.0144792 0.0451875 0.1030628 0.1003105 0.0219351 0.0284494 0.0354328 0.1136829 0.1038191 0.0997481 0.1380911 0.1244035 0.0000000 0.1159306 0.0889157 0.0961586 0.1042777 0.0983440 0.1056765 0.1021372 0.1183901 0.0257963 0.1233115 0.1283405 
Hypsiprymnodontidae_Hypsiprymnodon_moschatus 0.0689625 0.1094699 0.0900880 0.0445214 0.0438794 0.1115842 0.0825599 0.0760458 0.0468763 0.1177116 0.0740827 0.1203267 0.1179168 0.0790588 0.0784399 0.1261769 0.1144471 0.1155417 0.1131159 0.0442208 0.0850758 0.1378621 0.1352927 0.1159306 0.0000000 0.0888013 0.0794759 0.0439699 0.0852403 0.0817934 0.0799750 0.1167327 0.1110517 0.1184891 0.0965490 
Microbiotheriidae_Dromiciops_gliroides       0.0713349 0.0835135 0.0813362 0.0838216 0.0832915 0.0849693 0.0836308 0.0740732 0.0841515 0.0998771 0.0738601 0.0932886 0.0980029 0.0776378 0.0815862 0.1037288 0.0921921 0.0931119 0.0927015 0.0826158 0.0834461 0.1155794 0.1110926 0.0889157 0.0888013 0.0000000 0.0733976 0.0813713 0.0798012 0.0826978 0.0765808 0.0974560 0.0848583 0.1006051 0.0989960 
Pseudochiridae_Petauroides_volans            0.0636443 0.0978242 0.0818632 0.0773973 0.0776383 0.0939692 0.0734593 0.0673210 0.0792619 0.1152163 0.0668979 0.1008069 0.1052176 0.0707231 0.0642800 0.1098263 0.1017126 0.1009827 0.1084330 0.0742946 0.0331682 0.1291640 0.1199150 0.0961586 0.0794759 0.0733976 0.0000000 0.0763984 0.0322800 0.0664435 0.0690332 0.1137968 0.0979108 0.1156312 0.0785332 
Macropodidae_Wallabia_bicolor                0.0594662 0.0977724 0.0863526 0.0270058 0.0273575 0.1000133 0.0747621 0.0670391 0.0289946 0.1123424 0.0672610 0.1083336 0.1064719 0.0692625 0.0686954 0.1184998 0.1080096 0.1061107 0.1099298 0.0121581 0.0772371 0.1210254 0.1218965 0.1042777 0.0439699 0.0813713 0.0763984 0.0000000 0.0781770 0.0695892 0.0702023 0.1126328 0.1002752 0.1127701 0.0816714 
Pseudochiridae_Pseudocheirus_occidentalis    0.0670542 0.0969359 0.0853388 0.0821117 0.0849245 0.0986491 0.0776776 0.0719968 0.0855211 0.1229529 0.0699220 0.1027664 0.1125388 0.0754499 0.0664741 0.1108940 0.1044135 0.1052578 0.1136602 0.0802160 0.0193709 0.1327079 0.1242073 0.0983440 0.0852403 0.0798012 0.0322800 0.0781770 0.0000000 0.0690149 0.0748450 0.1189475 0.1009269 0.1234016 0.0763420 
Acrobatidae_Distoechurus_pennatus            0.0654312 0.1081133 0.0914945 0.0730031 0.0747462 0.1026851 0.0730913 0.0683129 0.0771105 0.1135361 0.0668407 0.1093650 0.1068763 0.0716182 0.0416595 0.1165382 0.1064106 0.1017708 0.1094564 0.0710826 0.0710820 0.1315505 0.1282190 0.1056765 0.0817934 0.0826978 0.0664435 0.0695892 0.0690149 0.0000000 0.0701905 0.1148691 0.1002370 0.1129865 0.0836815 
Phalangeridae_Phalanger_carmelitae           0.0607280 0.1012996 0.0841601 0.0735324 0.0745573 0.0962764 0.0264646 0.0123691 0.0747177 0.1053527 0.0112484 0.1063507 0.1054030 0.0044587 0.0692849 0.1176716 0.1069970 0.1020648 0.1027952 0.0718977 0.0752532 0.1297434 0.1253661 0.1021372 0.0799750 0.0765808 0.0690332 0.0702023 0.0748450 0.0701905 0.0000000 0.1073699 0.0973945 0.1057403 0.0850418 
Peramelidae_Peroryctes_raffrayana            0.1025035 0.1187406 0.1117732 0.1123517 0.1117411 0.1112354 0.1126049 0.1042102 0.1153689 0.0209174 0.1048242 0.1186293 0.1246697 0.1086661 0.1103655 0.1278765 0.1189600 0.1220032 0.0158111 0.1155716 0.1148797 0.1452574 0.1378023 0.1183901 0.1167327 0.0974560 0.1137968 0.1126328 0.1189475 0.1148691 0.1073699 0.0000000 0.1120633 0.0209759 0.1310947 
Dasyuridae_Dasyurus_geffroii                 0.0919767 0.1098265 0.1001430 0.1037054 0.1028809 0.0104564 0.0997082 0.0922334 0.1038314 0.1136924 0.0947496 0.0299726 0.0427063 0.0980171 0.0974712 0.0374144 0.0169640 0.0341544 0.1083134 0.1015246 0.1016882 0.1349076 0.1264507 0.0257963 0.1110517 0.0848583 0.0979108 0.1002752 0.1009269 0.1002370 0.0973945 0.1120633 0.0000000 0.1145165 0.1227739 
Peramelidae_Perameles_gunnii                 0.1063372 0.1210596 0.1204010 0.1102191 0.1101231 0.1140791 0.1135089 0.1030152 0.1140635 0.0005916 0.1030482 0.1249676 0.1239058 0.1075003 0.1113048 0.1377588 0.1218954 0.1217069 0.0209059 0.1157625 0.1193147 0.1470060 0.1426062 0.1233115 0.1184891 0.1006051 0.1156312 0.1127701 0.1234016 0.1129865 0.1057403 0.0209759 0.1145165 0.0000000 0.1318763 
Tarsipedidae_Tarsipes_rostratus              0.0881491 0.1225220 0.1004242 0.0841696 0.0864109 0.1207726 0.0924252 0.0775816 0.0856326 0.1308096 0.0804339 0.1336641 0.1265023 0.0850571 0.0791835 0.1430716 0.1303886 0.1199363 0.1279410 0.0830985 0.0778724 0.1453390 0.1356008 0.1283405 0.0965490 0.0989960 0.0785332 0.0816714 0.0763420 0.0836815 0.0850418 0.1310947 0.1227739 0.1318763 0.0000000 
