37
Burramyidae_Burramys_parvus                  0.0000000 0.0761050 0.0369008 0.0499904 0.0522567 0.0988795 0.0328301 0.0316538 0.0570314 0.0969346 0.0320410 0.0984591 0.1023637 0.0329567 0.0461461 0.1007789 0.0960643 0.1074344 0.0909640 0.0497616 0.0545640 0.0921568 0.0920154 0.1092815 0.0519426 0.0773960 0.0467343 0.0465731 0.0518052 0.0640394 0.0505862 0.0336267 0.0951825 0.0969328 0.0970091 0.1476014 0.1476014 
Notoryctidae_Notoryctes_typhlops             0.0761050 0.0000000 0.0646263 0.0874996 0.0898147 0.1241845 0.0777513 0.0701023 0.0960609 0.1099289 0.0718262 0.1194582 0.1297223 0.0769587 0.0875557 0.1175672 0.1213389 0.1262211 0.1065631 0.0907949 0.0845071 0.1123360 0.1143689 0.1183340 0.0935941 0.0995019 0.0899284 0.0882008 0.0920919 0.1079990 0.0878894 0.0772050 0.1093979 0.1230270 0.1081980 0.2698743 0.2698743 
Vombatidae_Lasiorhinus_latifrons             0.0369008 0.0646263 0.0000000 0.0519393 0.0532527 0.0893238 0.0350448 0.0345637 0.0605381 0.0835016 0.0386311 0.0890608 0.0940518 0.0391167 0.0511338 0.0892968 0.0901532 0.0989355 0.0790836 0.0500873 0.0547230 0.0814969 0.0800976 0.0971895 0.0545820 0.0644349 0.0501163 0.0475715 0.0503583 0.0648201 0.0534631 0.0396264 0.0787727 0.0868791 0.0830198 9.0000000 9.0000000 
Potoroidae_Bettongia_penicillata             0.0499904 0.0874996 0.0519393 0.0000000 0.0008312 0.1127185 0.0470013 0.0481399 0.0091157 0.1145289 0.0488499 0.1090168 0.1157200 0.0511344 0.0563515 0.1103319 0.1106831 0.1268166 0.1048105 0.0171150 0.0634984 0.1092520 0.1010989 0.1233012 0.0406004 0.0882397 0.0628157 0.0171998 0.0604312 0.0735484 0.0616903 0.0520001 0.1102952 0.1100177 0.1149851 0.1564474 0.1564474 
Potoroidae_Bettongia_lesueur                 0.0522567 0.0898147 0.0532527 0.0008312 0.0000000 0.1168090 0.0487054 0.0498471 0.0108492 0.1144478 0.0502714 0.1126747 0.1167291 0.0520582 0.0589776 0.1137320 0.1143390 0.1311732 0.1061245 0.0194144 0.0651896 0.1098645 0.1017663 0.1269039 0.0426486 0.0889895 0.0639592 0.0195436 0.0622158 0.0762712 0.0648287 0.0537176 0.1105890 0.1134036 0.1144822 0.1972724 0.1972724 
Dasyuridae_Dasyurus_maculatus                0.0988795 0.1241845 0.0893238 0.1127185 0.1168090 0.0000000 0.0932621 0.0904407 0.1217814 0.1339354 0.0942943 0.0181492 0.0305175 0.0929868 0.1019501 0.0208927 0.0101260 0.0354027 0.1347546 0.1105699 0.1064245 0.1386443 0.1298939 0.0255298 0.1155320 0.1160145 0.1097042 0.1117122 0.1065423 0.1149595 0.1092293 0.0945899 0.1353050 0.0078466 0.1354314 0.0075219 0.0075219 
Phalangeridae_Trichosurus_vulpecula          0.0328301 0.0777513 0.0350448 0.0470013 0.0487054 0.0932621 0.0000000 0.0101210 0.0570029 0.0964038 0.0130102 0.0915163 0.0932818 0.0158467 0.0442776 0.0926362 0.0925712 0.1015990 0.0912331 0.0437636 0.0498559 0.0968310 0.0880151 0.1025172 0.0475942 0.0688758 0.0445302 0.0414421 0.0475701 0.0623388 0.0472112 0.0139131 0.0918215 0.0890735 0.0968333 0.1173888 0.1173888 
Phalangeridae_Spilocuscus_maculatus          0.0316538 0.0701023 0.0345637 0.0481399 0.0498471 0.0904407 0.0101210 0.0000000 0.0577261 0.0945050 0.0031167 0.0889937 0.0924638 0.0063674 0.0399492 0.0901304 0.0893509 0.0991091 0.0883043 0.0456163 0.0487855 0.0920340 0.0846180 0.0957592 0.0482131 0.0671876 0.0435187 0.0430269 0.0480668 0.0618338 0.0474206 0.0043426 0.0897999 0.0882894 0.0938626 0.1571605 0.1571605 
Potoroidae_Aepyprymnus_rufescens             0.0570314 0.0960609 0.0605381 0.0091157 0.0108492 0.1217814 0.0570029 0.0577261 0.0000000 0.1209851 0.0581792 0.1175816 0.1233681 0.0600294 0.0688541 0.1187114 0.1181944 0.1327983 0.1103174 0.0222130 0.0717882 0.1174563 0.1092193 0.1332517 0.0462957 0.0959911 0.0701005 0.0223537 0.0671219 0.0824709 0.0716542 0.0617545 0.1149257 0.1183584 0.1202135 0.2175948 0.2175948 
Peramelidae_Perameles_nasuta                 0.0969346 0.1099289 0.0835016 0.1145289 0.1144478 0.1339354 0.0964038 0.0945050 0.1209851 0.0000000 0.0965261 0.1366438 0.1431824 0.1001823 0.1068012 0.1399111 0.1373127 0.1552583 0.0153497 0.1119867 0.1108634 0.1413977 0.1348125 0.1493077 0.1168339 0.1282001 0.1105438 0.1107843 0.1105124 0.1257448 0.1120065 0.0997712 0.0190959 0.1379872 0.0007418 0.0173690 0.0173690 
Phalangeridae_Strigocuscus_pelengensis       0.0320410 0.0718262 0.0386311 0.0488499 0.0502714 0.0942943 0.0130102 0.0031167 0.0581792 0.0965261 0.0000000 0.0916640 0.0952651 0.0039940 0.0416316 0.0931250 0.0933067 0.1056830 0.0909485 0.0477905 0.0501163 0.0959279 0.0866291 0.0993146 0.0500951 0.0728700 0.0470177 0.0435829 0.0494042 0.0631551 0.0481961 0.0036818 0.0927012 0.0912921 0.0959485 0.0241651 0.0241651 
Dasyuridae_Phascogale_tapoatafa              0.0984591 0.1194582 0.0890608 0.1090168 0.1126747 0.0181492 0.0915163 0.0889937 0.1175816 0.1366438 0.0916640 0.0000000 0.0258510 0.0927589 0.1008425 0.0011324 0.0143437 0.0332507 0.1367834 0.1088292 0.1074080 0.1377817 0.1299167 0.0130191 0.1135885 0.1211971 0.1114605 0.1082600 0.1063192 0.1146589 0.1050152 0.0942722 0.1362376 0.0167670 0.1381433 0.0025494 0.0025494 
Dasyuridae_Sminthopsis_macroura              0.1023637 0.1297223 0.0940518 0.1157200 0.1167291 0.0305175 0.0932818 0.0924638 0.1233681 0.1431824 0.0952651 0.0258510 0.0000000 0.0953408 0.1049402 0.0291760 0.0242025 0.0297365 0.1455060 0.1160114 0.1112328 0.1443277 0.1330985 0.0354498 0.1170257 0.1251596 0.1140404 0.1154456 0.1127480 0.1171847 0.1144463 0.0975379 0.1434867 0.0254063 0.1448721 0.0138866 0.0138866 
Phalangeridae_Phalanger_orientalis           0.0329567 0.0769587 0.0391167 0.0511344 0.0520582 0.0929868 0.0158467 0.0063674 0.0600294 0.1001823 0.0039940 0.0927589 0.0953408 0.0000000 0.0449619 0.0934751 0.0916155 0.1056417 0.0932251 0.0510567 0.0531337 0.0950596 0.0884389 0.1013665 0.0516542 0.0736143 0.0490636 0.0468586 0.0515650 0.0620032 0.0503589 0.0022936 0.0947058 0.0891798 0.1006507 0.1488889 0.1488889 
Acrobatidae_Acrobates_pygmaeus               0.0461461 0.0875557 0.0511338 0.0563515 0.0589776 0.1019501 0.0442776 0.0399492 0.0688541 0.1068012 0.0416316 0.1008425 0.1049402 0.0449619 0.0000000 0.1009377 0.1032361 0.1172516 0.1034148 0.0611768 0.0572059 0.1071830 0.1020024 0.1128478 0.0641649 0.0920467 0.0498574 0.0599675 0.0520974 0.0679405 0.0284008 0.0431947 0.1045700 0.1018175 0.1068002 0.0153410 0.0153410 
Dasyuridae_Phascogale_calura                 0.1007789 0.1175672 0.0892968 0.1103319 0.1137320 0.0208927 0.0926362 0.0901304 0.1187114 0.1399111 0.0931250 0.0011324 0.0291760 0.0934751 0.1009377 0.0000000 0.0171976 0.0331931 0.1394708 0.1084296 0.1072303 0.1377505 0.1302979 0.0135065 0.1160452 0.1221411 0.1108961 0.1078116 0.1068788 0.1175336 0.1051996 0.0961387 0.1375979 0.0172548 0.1411842 9.0000000 9.0000000 
Dasyuridae_Sarcophilus_harrisii              0.0960643 0.1213389 0.0901532 0.1106831 0.1143390 0.0101260 0.0925712 0.0893509 0.1181944 0.1373127 0.0933067 0.0143437 0.0242025 0.0916155 0.1032361 0.0171976 0.0000000 0.0311937 0.1384259 0.1114157 0.1082090 0.1380541 0.1294860 0.0226064 0.1124319 0.1212528 0.1102269 0.1112626 0.1067888 0.1150768 0.1080135 0.0934925 0.1352364 0.0099491 0.1384959 0.0061528 0.0061528 
Dasyuridae_Planigale_tenuirostris            0.1074344 0.1262211 0.0989355 0.1268166 0.1311732 0.0354027 0.1015990 0.0991091 0.1327983 0.1552583 0.1056830 0.0332507 0.0297365 0.1056417 0.1172516 0.0331931 0.0311937 0.0000000 0.1507090 0.1229725 0.1191607 0.1383661 0.1462332 0.0370257 0.1257248 0.1265343 0.1204201 0.1215614 0.1202670 0.1300897 0.1231460 0.1037199 0.1514518 0.0327219 0.1572079 9.0000000 9.0000000 
Peramelidae_Echymipera_kalubu                0.0909640 0.1065631 0.0790836 0.1048105 0.1061245 0.1347546 0.0912331 0.0883043 0.1103174 0.0153497 0.0909485 0.1367834 0.1455060 0.0932251 0.1034148 0.1394708 0.1384259 0.1507090 0.0000000 0.1019437 0.1028896 0.1320148 0.1288406 0.1503890 0.1094593 0.1151241 0.1064616 0.1028132 0.1048794 0.1167462 0.1031363 0.0934228 0.0101895 0.1390188 0.0160416 0.0184451 0.0184451 
Macropodidae_Dorcopsulus_vanheurni           0.0497616 0.0907949 0.0500873 0.0171150 0.0194144 0.1105699 0.0437636 0.0456163 0.0222130 0.1119867 0.0477905 0.1088292 0.1160114 0.0510567 0.0611768 0.1084296 0.1114157 0.1229725 0.1019437 0.0000000 0.0639164 0.1070287 0.1001389 0.1204558 0.0382094 0.0860598 0.0623091 0.0021118 0.0601913 0.0723486 0.0637085 0.0499463 0.1054808 0.1075414 0.1115909 0.1914893 0.1914893 
Pseudochiridae_Pseudochirulus_forbesi        0.0545640 0.0845071 0.0547230 0.0634984 0.0651896 0.1064245 0.0498559 0.0487855 0.0717882 0.1108634 0.0501163 0.1074080 0.1112328 0.0531337 0.0572059 0.1072303 0.1082090 0.1191607 0.1028896 0.0639164 0.0000000 0.1047497 0.1007141 0.1156480 0.0656781 0.0894616 0.0338005 0.0633697 0.0189541 0.0663388 0.0629290 0.0530458 0.1064274 0.1056842 0.1088958 0.1173888 0.1173888 
Didelphidae_Didelphis_virginiana             0.0921568 0.1123360 0.0814969 0.1092520 0.1098645 0.1386443 0.0968310 0.0920340 0.1174563 0.1413977 0.0959279 0.1377817 0.1443277 0.0950596 0.1071830 0.1377505 0.1380541 0.1383661 0.1320148 0.1070287 0.1047497 0.0000000 0.0454790 0.1410040 0.1117285 0.1047949 0.1046280 0.1078221 0.1069626 0.1285086 0.1160066 0.0949986 0.1358853 0.1346619 0.1418860 0.0175507 0.0175507 
Marmosidae_Monodelphis_domestica             0.0920154 0.1143689 0.0800976 0.1010989 0.1017663 0.1298939 0.0880151 0.0846180 0.1092193 0.1348125 0.0866291 0.1299167 0.1330985 0.0884389 0.1020024 0.1302979 0.1294860 0.1462332 0.1288406 0.1001389 0.1007141 0.0454790 0.0000000 0.1393207 0.1035498 0.1095548 0.1008531 0.0982186 0.1040862 0.1218414 0.1030334 0.0890179 0.1312103 0.1282089 0.1353423 9.0000000 9.0000000 
Dasyuridae_Antechinus_stuartii               0.1092815 0.1183340 0.0971895 0.1233012 0.1269039 0.0255298 0.1025172 0.0957592 0.1332517 0.1493077 0.0993146 0.0130191 0.0354498 0.1013665 0.1128478 0.0135065 0.0226064 0.0370257 0.1503890 0.1204558 0.1156480 0.1410040 0.1393207 0.0000000 0.1268235 0.1211360 0.1199719 0.1198521 0.1170687 0.1239977 0.1202897 0.1042707 0.1483855 0.0231060 0.1506623 9.0000000 9.0000000 
Hypsiprymnodontidae_Hypsiprymnodon_moschatus 0.0519426 0.0935941 0.0545820 0.0406004 0.0426486 0.1155320 0.0475942 0.0482131 0.0462957 0.1168339 0.0500951 0.1135885 0.1170257 0.0516542 0.0641649 0.1160452 0.1124319 0.1257248 0.1094593 0.0382094 0.0656781 0.1117285 0.1035498 0.1268235 0.0000000 0.0939503 0.0655241 0.0365908 0.0623443 0.0758032 0.0664090 0.0525815 0.1149343 0.1128251 0.1165956 0.1243518 0.1243518 
Microbiotheriidae_Dromiciops_gliroides       0.0773960 0.0995019 0.0644349 0.0882397 0.0889895 0.1160145 0.0688758 0.0671876 0.0959911 0.1282001 0.0728700 0.1211971 0.1251596 0.0736143 0.0920467 0.1221411 0.1212528 0.1265343 0.1151241 0.0860598 0.0894616 0.1047949 0.1095548 0.1211360 0.0939503 0.0000000 0.0900989 0.0847634 0.0883543 0.1044203 0.0928828 0.0731872 0.1197686 0.1193575 0.1287964 9.0000000 9.0000000 
Pseudochiridae_Petauroides_volans            0.0467343 0.0899284 0.0501163 0.0628157 0.0639592 0.1097042 0.0445302 0.0435187 0.0701005 0.1105438 0.0470177 0.1114605 0.1140404 0.0490636 0.0498574 0.1108961 0.1102269 0.1204201 0.1064616 0.0623091 0.0338005 0.1046280 0.1008531 0.1199719 0.0655241 0.0900989 0.0000000 0.0607598 0.0311189 0.0650549 0.0587215 0.0479855 0.1077858 0.1074780 0.1099671 0.2477068 0.2477068 
Macropodidae_Wallabia_bicolor                0.0465731 0.0882008 0.0475715 0.0171998 0.0195436 0.1117122 0.0414421 0.0430269 0.0223537 0.1107843 0.0435829 0.1082600 0.1154456 0.0468586 0.0599675 0.1078116 0.1112626 0.1215614 0.1028132 0.0021118 0.0633697 0.1078221 0.0982186 0.1198521 0.0365908 0.0847634 0.0607598 0.0000000 0.0612576 0.0722494 0.0632809 0.0457280 0.1064326 0.1069268 0.1101293 0.1972724 0.1972724 
Pseudochiridae_Pseudocheirus_occidentalis    0.0518052 0.0920919 0.0503583 0.0604312 0.0622158 0.1065423 0.0475701 0.0480668 0.0671219 0.1105124 0.0494042 0.1063192 0.1127480 0.0515650 0.0520974 0.1068788 0.1067888 0.1202670 0.1048794 0.0601913 0.0189541 0.1069626 0.1040862 0.1170687 0.0623443 0.0883543 0.0311189 0.0612576 0.0000000 0.0673457 0.0603938 0.0513606 0.1083675 0.1050098 0.1087908 0.1488889 0.1488889 
Tarsipedidae_Tarsipes_rostratus              0.0640394 0.1079990 0.0648201 0.0735484 0.0762712 0.1149595 0.0623388 0.0618338 0.0824709 0.1257448 0.0631551 0.1146589 0.1171847 0.0620032 0.0679405 0.1175336 0.1150768 0.1300897 0.1167462 0.0723486 0.0663388 0.1285086 0.1218414 0.1239977 0.0758032 0.1044203 0.0650549 0.0722494 0.0673457 0.0000000 0.0749137 0.0636914 0.1221117 0.1132540 0.1254294 0.0179969 0.0179969 
Acrobatidae_Distoechurus_pennatus            0.0505862 0.0878894 0.0534631 0.0616903 0.0648287 0.1092293 0.0472112 0.0474206 0.0716542 0.1120065 0.0481961 0.1050152 0.1144463 0.0503589 0.0284008 0.1051996 0.1080135 0.1231460 0.1031363 0.0637085 0.0629290 0.1160066 0.1030334 0.1202897 0.0664090 0.0928828 0.0587215 0.0632809 0.0603938 0.0749137 0.0000000 0.0503015 0.1040985 0.1094268 0.1127875 0.1549210 0.1549210 
Phalangeridae_Phalanger_carmelitae           0.0336267 0.0772050 0.0396264 0.0520001 0.0537176 0.0945899 0.0139131 0.0043426 0.0617545 0.0997712 0.0036818 0.0942722 0.0975379 0.0022936 0.0431947 0.0961387 0.0934925 0.1037199 0.0934228 0.0499463 0.0530458 0.0949986 0.0890179 0.1042707 0.0525815 0.0731872 0.0479855 0.0457280 0.0513606 0.0636914 0.0503015 0.0000000 0.0938353 0.0930157 0.1002817 0.0240056 0.0240056 
Peramelidae_Peroryctes_raffrayana            0.0951825 0.1093979 0.0787727 0.1102952 0.1105890 0.1353050 0.0918215 0.0897999 0.1149257 0.0190959 0.0927012 0.1362376 0.1434867 0.0947058 0.1045700 0.1375979 0.1352364 0.1514518 0.0101895 0.1054808 0.1064274 0.1358853 0.1312103 0.1483855 0.1149343 0.1197686 0.1077858 0.1064326 0.1083675 0.1221117 0.1040985 0.0938353 0.0000000 0.1379002 0.0199037 0.1750776 0.1750776 
Dasyuridae_Dasyurus_geffroii                 0.0969328 0.1230270 0.0868791 0.1100177 0.1134036 0.0078466 0.0890735 0.0882894 0.1183584 0.1379872 0.0912921 0.0167670 0.0254063 0.0891798 0.1018175 0.0172548 0.0099491 0.0327219 0.1390188 0.1075414 0.1056842 0.1346619 0.1282089 0.0231060 0.1128251 0.1193575 0.1074780 0.1069268 0.1050098 0.1132540 0.1094268 0.0930157 0.1379002 0.0000000 0.1392492 9.0000000 9.0000000 
Peramelidae_Perameles_gunnii                 0.0970091 0.1081980 0.0830198 0.1149851 0.1144822 0.1354314 0.0968333 0.0938626 0.1202135 0.0007418 0.0959485 0.1381433 0.1448721 0.1006507 0.1068002 0.1411842 0.1384959 0.1572079 0.0160416 0.1115909 0.1088958 0.1418860 0.1353423 0.1506623 0.1165956 0.1287964 0.1099671 0.1101293 0.1087908 0.1254294 0.1127875 0.1002817 0.0199037 0.1392492 0.0000000 0.1437263 0.1437263 
Myrmecobiidae_Myrmecobius_fasciatus1         0.1476014 0.2698743 9.0000000 0.1564474 0.1972724 0.0075219 0.1173888 0.1571605 0.2175948 0.0173690 0.0241651 0.0025494 0.0138866 0.1488889 0.0153410 9.0000000 0.0061528 9.0000000 0.0184451 0.1914893 0.1173888 0.0175507 9.0000000 9.0000000 0.1243518 9.0000000 0.2477068 0.1972724 0.1488889 0.0179969 0.1549210 0.0240056 0.1750776 9.0000000 0.1437263 0.0000000 0.0000010 
Myrmecobiidae_Myrmecobius_fasciatus2         0.1476014 0.2698743 9.0000000 0.1564474 0.1972724 0.0075219 0.1173888 0.1571605 0.2175948 0.0173690 0.0241651 0.0025494 0.0138866 0.1488889 0.0153410 9.0000000 0.0061528 9.0000000 0.0184451 0.1914893 0.1173888 0.0175507 9.0000000 9.0000000 0.1243518 9.0000000 0.2477068 0.1972724 0.1488889 0.0179969 0.1549210 0.0240056 0.1750776 9.0000000 0.1437263 0.0000010 0.0000000 
