35
Burramyidae_Burramys_parvus                  0.0000000 0.0918454 0.1242961 0.0597946 0.0605117 0.0766928 0.0531863 0.0567365 0.0584102 0.1041366 0.0596114 0.0794811 0.0960317 0.0522672 0.0564677 0.0780638 0.0773412 0.0808501 0.1038724 0.0563738 0.0519657 0.1023703 0.1038032 0.0792961 0.0626144 0.0672806 0.0476077 0.0567093 0.0520995 0.0974754 0.0609484 0.0579219 0.1017306 0.0817845 0.1046262 
Notoryctidae_Notoryctes_typhlops             0.0918454 0.0000000 0.1491484 0.0854573 0.0879295 0.0931423 0.0816539 0.0862473 0.0846299 0.1106348 0.0914874 0.0904768 0.1027003 0.0822301 0.0770200 0.0903195 0.0902886 0.0913865 0.1133733 0.0841280 0.0784975 0.1168068 0.1200850 0.0900623 0.0867796 0.0841478 0.0788609 0.0850648 0.0775210 0.1396268 0.0837367 0.0869290 0.1094043 0.0949535 0.1111807 
Vombatidae_Lasiorhinus_latifrons             0.1242961 0.1491484 0.0000000 0.1177164 0.1198516 0.1323845 0.1151764 0.1189997 0.1173000 0.1482173 0.0778289 0.1376644 0.1384412 0.1135888 0.1158402 0.1367032 0.1331993 0.1392594 0.1551537 0.1172204 0.1100821 0.1534441 0.1572166 0.1326377 0.1247483 0.1239796 0.1079326 0.1177739 0.1133504 0.1512447 0.1194087 0.1217275 0.1501241 0.1400701 0.1489725 
Potoroidae_Bettongia_penicillata             0.0597946 0.0854573 0.1177164 0.0000000 0.0034794 0.0703511 0.0488998 0.0522498 0.0064668 0.0981247 0.0526399 0.0743108 0.0901095 0.0488720 0.0490720 0.0742658 0.0703657 0.0757823 0.0985255 0.0163644 0.0488223 0.0985588 0.0974082 0.0745579 0.0303432 0.0702066 0.0474043 0.0154107 0.0494933 0.0942737 0.0564553 0.0521578 0.0937317 0.0752799 0.0985794 
Potoroidae_Bettongia_lesueur                 0.0605117 0.0879295 0.1198516 0.0034794 0.0000000 0.0730428 0.0507983 0.0541689 0.0079960 0.0989296 0.0541843 0.0770496 0.0930170 0.0508584 0.0515240 0.0769895 0.0730581 0.0786817 0.1001746 0.0179848 0.0512877 0.1018383 0.1001322 0.0774775 0.0320742 0.0731132 0.0486428 0.0170339 0.0519984 0.0966731 0.0589903 0.0540733 0.0953367 0.0766583 0.0993891 
Dasyuridae_Dasyurus_maculatus                0.0766928 0.0931423 0.1323845 0.0703511 0.0730428 0.0000000 0.0657389 0.0710462 0.0706771 0.0965722 0.0754288 0.0157514 0.0385634 0.0676746 0.0631460 0.0146888 0.0049778 0.0251625 0.0951243 0.0693343 0.0656405 0.0885321 0.0924765 0.0155336 0.0750489 0.0670552 0.0616928 0.0699185 0.0646876 0.1147187 0.0707060 0.0722650 0.0948071 0.0095880 0.0963301 
Phalangeridae_Trichosurus_vulpecula          0.0531863 0.0816539 0.1151764 0.0488998 0.0507983 0.0657389 0.0000000 0.0184568 0.0498709 0.0929309 0.0209055 0.0709322 0.0823647 0.0180063 0.0485369 0.0702048 0.0657523 0.0691175 0.0979393 0.0477192 0.0452582 0.0954638 0.0935437 0.0699554 0.0574851 0.0618928 0.0461779 0.0463102 0.0494254 0.0940354 0.0505287 0.0216264 0.0938067 0.0711836 0.0933595 
Phalangeridae_Spilocuscus_maculatus          0.0567365 0.0862473 0.1189997 0.0522498 0.0541689 0.0710462 0.0184568 0.0000000 0.0543695 0.0996428 0.0183885 0.0757005 0.0865990 0.0137040 0.0518147 0.0749607 0.0710609 0.0735261 0.1047532 0.0516614 0.0498666 0.0989613 0.0968327 0.0742209 0.0622561 0.0670001 0.0500753 0.0519911 0.0533774 0.1016061 0.0536694 0.0172710 0.1006220 0.0765862 0.1001055 
Potoroidae_Aepyprymnus_rufescens             0.0584102 0.0846299 0.1173000 0.0064668 0.0079960 0.0706771 0.0498709 0.0543695 0.0000000 0.0956547 0.0538679 0.0747196 0.0903795 0.0505374 0.0483317 0.0745812 0.0706917 0.0762491 0.0960379 0.0158043 0.0481114 0.0963949 0.0963278 0.0751115 0.0297024 0.0708361 0.0466628 0.0138079 0.0487363 0.0939445 0.0562706 0.0537316 0.0914005 0.0755939 0.0960947 
Peramelidae_Perameles_nasuta                 0.1041366 0.1106348 0.1482173 0.0981247 0.0989296 0.0965722 0.0929309 0.0996428 0.0956547 0.0000000 0.1026440 0.0972601 0.0903958 0.0951510 0.0911224 0.0971269 0.0951246 0.1012072 0.0206790 0.0962974 0.0916965 0.1162300 0.1097553 0.0981807 0.1004523 0.1009488 0.0907348 0.0964096 0.0950889 0.1405355 0.1003404 0.1000794 0.0133383 0.0992539 0.0009995 
Phalangeridae_Strigocuscus_pelengensis       0.0596114 0.0914874 0.0778289 0.0526399 0.0541843 0.0754288 0.0209055 0.0183885 0.0538679 0.1026440 0.0000000 0.0813741 0.0931758 0.0154512 0.0515398 0.0790321 0.0754464 0.0755984 0.1061564 0.0545010 0.0495239 0.1055902 0.1057945 0.0796885 0.0653278 0.0701180 0.0515797 0.0529657 0.0541272 0.1040316 0.0575501 0.0183932 0.1017247 0.0815282 0.1025474 
Dasyuridae_Phascogale_tapoatafa              0.0794811 0.0904768 0.1376644 0.0743108 0.0770496 0.0157514 0.0709322 0.0757005 0.0747196 0.0972601 0.0813741 0.0000000 0.0386315 0.0704528 0.0688587 0.0019809 0.0126368 0.0263341 0.0971287 0.0733811 0.0695339 0.0930038 0.0989139 0.0097041 0.0765843 0.0697774 0.0655259 0.0730859 0.0692958 0.1201573 0.0745663 0.0762838 0.0953732 0.0184858 0.0977096 
Dasyuridae_Sminthopsis_macroura              0.0960317 0.1027003 0.1384412 0.0901095 0.0930170 0.0385634 0.0823647 0.0865990 0.0903795 0.0903958 0.0931758 0.0386315 0.0000000 0.0843528 0.0847952 0.0374535 0.0352077 0.0304977 0.0920424 0.0894985 0.0830678 0.1049568 0.0902958 0.0371006 0.0929670 0.0834165 0.0815181 0.0904469 0.0843075 0.1404430 0.0913030 0.0890936 0.0898205 0.0399363 0.0908097 
Phalangeridae_Phalanger_orientalis           0.0522672 0.0822301 0.1135888 0.0488720 0.0508584 0.0676746 0.0180063 0.0137040 0.0505374 0.0951510 0.0154512 0.0704528 0.0843528 0.0000000 0.0509045 0.0690997 0.0676885 0.0723841 0.0968818 0.0483376 0.0476404 0.0966031 0.0950920 0.0698062 0.0575428 0.0631121 0.0474039 0.0481119 0.0512199 0.0968692 0.0517711 0.0050066 0.0954919 0.0731620 0.0955914 
Acrobatidae_Acrobates_pygmaeus               0.0564677 0.0770200 0.1158402 0.0490720 0.0515240 0.0631460 0.0485369 0.0518147 0.0483317 0.0911224 0.0515398 0.0688587 0.0847952 0.0509045 0.0000000 0.0681299 0.0631588 0.0667602 0.0895401 0.0453461 0.0427510 0.0882811 0.0876164 0.0672802 0.0518547 0.0599723 0.0378458 0.0490466 0.0415421 0.0916035 0.0303531 0.0553168 0.0893352 0.0679072 0.0915391 
Dasyuridae_Phascogale_calura                 0.0780638 0.0903195 0.1367032 0.0742658 0.0769895 0.0146888 0.0702048 0.0749607 0.0745812 0.0971269 0.0790321 0.0019809 0.0374535 0.0690997 0.0681299 0.0000000 0.0115893 0.0245811 0.0969948 0.0725874 0.0688629 0.0921610 0.0980920 0.0086626 0.0764412 0.0684275 0.0660605 0.0738668 0.0685548 0.1192841 0.0757357 0.0749093 0.0953482 0.0173982 0.0975753 
Dasyuridae_Sarcophilus_harrisii              0.0773412 0.0902886 0.1331993 0.0703657 0.0730581 0.0049778 0.0657523 0.0710609 0.0706917 0.0951246 0.0754464 0.0126368 0.0352077 0.0676885 0.0631588 0.0115893 0.0000000 0.0223221 0.0949793 0.0693487 0.0662731 0.0885523 0.0924973 0.0134054 0.0750647 0.0663673 0.0623115 0.0699331 0.0659442 0.1147487 0.0706715 0.0722799 0.0933556 0.0075444 0.0948777 
Dasyuridae_Planigale_tenuirostris            0.0808501 0.0913865 0.1392594 0.0757823 0.0786817 0.0251625 0.0691175 0.0735261 0.0762491 0.1012072 0.0755984 0.0263341 0.0304977 0.0723841 0.0667602 0.0245811 0.0223221 0.0000000 0.1008381 0.0762166 0.0705255 0.0955979 0.0967182 0.0267107 0.0807692 0.0708811 0.0662927 0.0749370 0.0690919 0.1237367 0.0745200 0.0753588 0.1002238 0.0269930 0.1010594 
Peramelidae_Echymipera_kalubu                0.1038724 0.1133733 0.1551537 0.0985255 0.1001746 0.0951243 0.0979393 0.1047532 0.0960379 0.0206790 0.1061564 0.0971287 0.0920424 0.0968818 0.0895401 0.0969948 0.0949793 0.1008381 0.0000000 0.0967356 0.0913738 0.1213767 0.1062383 0.0972701 0.1010203 0.0974513 0.0884667 0.0960313 0.0953707 0.1471594 0.0994153 0.1032514 0.0170906 0.0991351 0.0207616 
Macropodidae_Dorcopsulus_vanheurni           0.0563738 0.0841280 0.1172204 0.0163644 0.0179848 0.0693343 0.0477192 0.0516614 0.0158043 0.0962974 0.0545010 0.0733811 0.0894985 0.0483376 0.0453461 0.0725874 0.0693487 0.0762166 0.0967356 0.0000000 0.0496074 0.0987432 0.0969849 0.0741602 0.0282393 0.0692526 0.0475850 0.0101365 0.0502265 0.0940976 0.0531811 0.0515327 0.0939175 0.0742670 0.0967429 
Pseudochiridae_Pseudochirulus_forbesi        0.0519657 0.0784975 0.1100821 0.0488223 0.0512877 0.0656405 0.0452582 0.0498666 0.0481114 0.0916965 0.0495239 0.0695339 0.0830678 0.0476404 0.0427510 0.0688629 0.0662731 0.0705255 0.0913738 0.0496074 0.0000000 0.0891261 0.0920482 0.0704973 0.0521613 0.0591629 0.0170118 0.0488499 0.0144781 0.0824665 0.0445861 0.0520442 0.0889308 0.0704104 0.0921188 
Didelphidae_Didelphis_virginiana             0.1023703 0.1168068 0.1534441 0.0985588 0.1018383 0.0885321 0.0954638 0.0989613 0.0963949 0.1162300 0.1055902 0.0930038 0.1049568 0.0966031 0.0882811 0.0921610 0.0885523 0.0955979 0.1213767 0.0987432 0.0891261 0.0000000 0.0445524 0.0922674 0.1013980 0.0868178 0.0873891 0.0999796 0.0908560 0.1352065 0.0920116 0.1005682 0.1149773 0.0945015 0.1156782 
Marmosidae_Monodelphis_domestica             0.1038032 0.1200850 0.1572166 0.0974082 0.1001322 0.0924765 0.0935437 0.0968327 0.0963278 0.1097553 0.1057945 0.0989139 0.0902958 0.0950920 0.0876164 0.0980920 0.0924973 0.0967182 0.1062383 0.0969849 0.0920482 0.0445524 0.0000000 0.0977462 0.1026295 0.0914063 0.0872307 0.0992006 0.0935949 0.1497320 0.0925527 0.0985644 0.1043227 0.0958253 0.1087770 
Dasyuridae_Antechinus_stuartii               0.0792961 0.0900623 0.1326377 0.0745579 0.0774775 0.0155336 0.0699554 0.0742209 0.0751115 0.0981807 0.0796885 0.0097041 0.0371006 0.0698062 0.0672802 0.0086626 0.0134054 0.0267107 0.0972701 0.0741602 0.0704973 0.0922674 0.0977462 0.0000000 0.0783382 0.0707170 0.0681989 0.0745066 0.0708451 0.1191823 0.0749950 0.0747890 0.0960438 0.0193782 0.0986438 
Hypsiprymnodontidae_Hypsiprymnodon_moschatus 0.0626144 0.0867796 0.1247483 0.0303432 0.0320742 0.0750489 0.0574851 0.0622561 0.0297024 0.1004523 0.0653278 0.0765843 0.0929670 0.0575428 0.0518547 0.0764412 0.0750647 0.0807692 0.1010203 0.0282393 0.0521613 0.1013980 0.1026295 0.0783382 0.0000000 0.0724647 0.0516716 0.0278802 0.0533868 0.1043118 0.0564945 0.0607892 0.0953763 0.0787326 0.1017714 
Microbiotheriidae_Dromiciops_gliroides       0.0672806 0.0841478 0.1239796 0.0702066 0.0731132 0.0670552 0.0618928 0.0670001 0.0708361 0.1009488 0.0701180 0.0697774 0.0834165 0.0631121 0.0599723 0.0684275 0.0663673 0.0708811 0.0974513 0.0692526 0.0591629 0.0868178 0.0914063 0.0707170 0.0724647 0.0000000 0.0583497 0.0714879 0.0582194 0.1144810 0.0648897 0.0698746 0.0984446 0.0731070 0.1008056 
Pseudochiridae_Petauroides_volans            0.0476077 0.0788609 0.1079326 0.0474043 0.0486428 0.0616928 0.0461779 0.0500753 0.0466628 0.0907348 0.0515797 0.0655259 0.0815181 0.0474039 0.0378458 0.0660605 0.0623115 0.0662927 0.0884667 0.0475850 0.0170118 0.0873891 0.0872307 0.0681989 0.0516716 0.0583497 0.0000000 0.0490947 0.0166671 0.0804089 0.0391384 0.0518394 0.0873888 0.0657674 0.0911540 
Macropodidae_Wallabia_bicolor                0.0567093 0.0850648 0.1177739 0.0154107 0.0170339 0.0699185 0.0463102 0.0519911 0.0138079 0.0964096 0.0529657 0.0730859 0.0904469 0.0481119 0.0490466 0.0738668 0.0699331 0.0749370 0.0960313 0.0101365 0.0488499 0.0999796 0.0992006 0.0745066 0.0278802 0.0714879 0.0490947 0.0000000 0.0489633 0.0945730 0.0558527 0.0513284 0.0930099 0.0748881 0.0968590 
Pseudochiridae_Pseudocheirus_occidentalis    0.0520995 0.0775210 0.1133504 0.0494933 0.0519984 0.0646876 0.0494254 0.0533774 0.0487363 0.0950889 0.0541272 0.0692958 0.0843075 0.0512199 0.0415421 0.0685548 0.0659442 0.0690919 0.0953707 0.0502265 0.0144781 0.0908560 0.0935949 0.0708451 0.0533868 0.0582194 0.0166671 0.0489633 0.0000000 0.0813033 0.0464641 0.0557112 0.0921015 0.0701213 0.0955352 
Tarsipedidae_Tarsipes_rostratus              0.0974754 0.1396268 0.1512447 0.0942737 0.0966731 0.1147187 0.0940354 0.1016061 0.0939445 0.1405355 0.1040316 0.1201573 0.1404430 0.0968692 0.0916035 0.1192841 0.1147487 0.1237367 0.1471594 0.0940976 0.0824665 0.1352065 0.1497320 0.1191823 0.1043118 0.1144810 0.0804089 0.0945730 0.0813033 0.0000000 0.0950346 0.1024654 0.1364313 0.1213068 0.1403177 
Acrobatidae_Distoechurus_pennatus            0.0609484 0.0837367 0.1194087 0.0564553 0.0589903 0.0707060 0.0505287 0.0536694 0.0562706 0.1003404 0.0575501 0.0745663 0.0913030 0.0517711 0.0303531 0.0757357 0.0706715 0.0745200 0.0994153 0.0531811 0.0445861 0.0920116 0.0925527 0.0749950 0.0564945 0.0648897 0.0391384 0.0558527 0.0464641 0.0950346 0.0000000 0.0562106 0.0972448 0.0755610 0.1006981 
Phalangeridae_Phalanger_carmelitae           0.0579219 0.0869290 0.1217275 0.0521578 0.0540733 0.0722650 0.0216264 0.0172710 0.0537316 0.1000794 0.0183932 0.0762838 0.0890936 0.0050066 0.0553168 0.0749093 0.0722799 0.0753588 0.1032514 0.0515327 0.0520442 0.1005682 0.0985644 0.0747890 0.0607892 0.0698746 0.0518394 0.0513284 0.0557112 0.1024654 0.0562106 0.0000000 0.1004683 0.0778290 0.1005439 
Peramelidae_Peroryctes_raffrayana            0.1017306 0.1094043 0.1501241 0.0937317 0.0953367 0.0948071 0.0938067 0.1006220 0.0914005 0.0133383 0.1017247 0.0953732 0.0898205 0.0954919 0.0893352 0.0953482 0.0933556 0.1002238 0.0170906 0.0939175 0.0889308 0.1149773 0.1043227 0.0960438 0.0953763 0.0984446 0.0873888 0.0930099 0.0921015 0.1364313 0.0972448 0.1004683 0.0000000 0.0960063 0.0133910 
Dasyuridae_Dasyurus_geffroii                 0.0817845 0.0949535 0.1400701 0.0752799 0.0766583 0.0095880 0.0711836 0.0765862 0.0755939 0.0992539 0.0815282 0.0184858 0.0399363 0.0731620 0.0679072 0.0173982 0.0075444 0.0269930 0.0991351 0.0742670 0.0704104 0.0945015 0.0958253 0.0193782 0.0787326 0.0731070 0.0657674 0.0748881 0.0701213 0.1213068 0.0755610 0.0778290 0.0960063 0.0000000 0.0989126 
Peramelidae_Perameles_gunnii                 0.1046262 0.1111807 0.1489725 0.0985794 0.0993891 0.0963301 0.0933595 0.1001055 0.0960947 0.0009995 0.1025474 0.0977096 0.0908097 0.0955914 0.0915391 0.0975753 0.0948777 0.1010594 0.0207616 0.0967429 0.0921188 0.1156782 0.1087770 0.0986438 0.1017714 0.1008056 0.0911540 0.0968590 0.0955352 0.1403177 0.1006981 0.1005439 0.0133910 0.0989126 0.0000000 
