198
I0185_86_Accipitridae_Buteo_jamaicensis                   0.0000000 0.0428686 0.0422018 0.0409520 0.0500222 0.0425239 0.0589939 0.0335207 0.0374215 0.0492512 0.0698223 0.0333074 0.0502601 0.0421887 0.0453935 0.0491025 0.0364059 0.0197562 0.0492881 0.0286444 0.0470497 0.0306941 0.0519797 0.0275960 0.0286636 0.0268873 0.0386414 0.0302977 0.0623916 0.0556720 0.0599431 0.0296529 0.0461079 0.0469941 0.0483235 0.0495645 0.0378214 0.0552463 0.0508845 0.0662780 0.0473928 0.0771795 0.0491512 0.0439168 0.0898105 0.0767804 0.0823032 0.0534946 0.0611512 0.0378185 0.0482157 0.0354501 0.0520859 0.0452093 0.0293503 0.0442930 0.0439882 0.0502276 0.0396897 0.0376227 0.0325941 0.0479777 0.0482504 0.0313162 0.0312852 0.0802903 0.0470725 0.0527870 0.0474332 0.0286719 0.0362128 0.0699932 0.0548596 0.0391465 0.0585204 0.0625264 0.0511407 0.0354166 0.0315799 0.0453238 0.0654782 0.0273396 0.0074338 0.0312534 0.0451092 0.0395199 0.0467224 0.0471207 0.0274801 0.0230265 0.0504197 0.0783629 0.0434769 0.0437133 0.0357507 0.0263072 0.0530623 0.0367072 0.0529519 0.0656184 0.0260519 0.0575645 0.0306623 0.0222922 0.0296469 0.0417099 0.0383031 0.0565758 0.0425025 0.0351394 0.0287393 0.0363517 0.0480899 0.0759580 0.0331579 0.0493482 0.0755374 0.0313513 0.0261027 0.0560906 0.0495173 0.0306147 0.0529357 0.0567581 0.0618161 0.0451932 0.0273235 0.0181177 0.0281422 0.0491642 0.0404122 0.0422534 0.0597593 0.0285277 0.0650795 0.0325607 0.0370105 0.0262607 0.0439976 0.0731101 0.0526417 0.0355223 0.0529601 0.0332212 0.0422410 0.0363921 0.0265439 0.0295501 0.0265393 0.0452663 0.0316249 0.0705785 0.0491818 0.0360618 0.0289065 0.0490285 0.0662806 0.0437472 0.0456900 0.0258412 0.0323150 0.0324480 0.0336628 0.0322657 0.0322594 0.0448476 0.0467295 0.0470553 0.0665558 0.0354319 0.0477868 0.0523300 0.0482352 0.0328066 0.0904703 0.0311590 0.0384556 0.0370525 0.0510952 0.0475299 0.0719024 0.0266051 0.0193657 0.0267928 0.0314936 0.0615398 0.0328923 0.0577324 0.0534604 0.0486263 0.0465160 0.1318643 0.0474332 0.0588155 0.0560657 0.0414902 0.0364722 0.0478906 
I0186_111_Momotidae_Momotus_lessonii                      0.0428686 0.0000000 0.0542193 0.0556980 0.0628856 0.0553154 0.0706991 0.0480788 0.0500449 0.0499295 0.0805968 0.0470306 0.0634338 0.0555636 0.0522066 0.0605371 0.0514323 0.0341409 0.0618963 0.0441009 0.0593286 0.0449419 0.0642701 0.0427093 0.0441267 0.0430191 0.0514460 0.0463488 0.0748339 0.0682393 0.0709130 0.0458145 0.0599743 0.0589763 0.0634439 0.0654085 0.0513993 0.0686759 0.0613855 0.0793443 0.0603126 0.0890918 0.0626620 0.0576354 0.0994101 0.0866652 0.0928498 0.0649796 0.0747616 0.0424935 0.0616660 0.0505539 0.0650674 0.0587038 0.0444004 0.0581478 0.0578387 0.0619259 0.0526047 0.0523733 0.0468555 0.0599390 0.0636816 0.0470709 0.0465576 0.0928850 0.0600646 0.0641217 0.0613510 0.0446054 0.0506823 0.0804640 0.0682729 0.0530511 0.0697460 0.0760682 0.0613602 0.0490621 0.0468368 0.0587622 0.0732036 0.0400885 0.0438972 0.0454750 0.0601674 0.0428083 0.0584845 0.0589882 0.0432694 0.0383396 0.0661469 0.0908986 0.0573999 0.0579016 0.0511218 0.0424935 0.0667966 0.0470444 0.0658635 0.0737762 0.0406338 0.0684973 0.0469592 0.0435019 0.0466144 0.0553077 0.0471048 0.0669949 0.0552459 0.0469273 0.0450581 0.0511175 0.0623942 0.0891658 0.0484828 0.0635469 0.0878816 0.0460514 0.0422541 0.0673463 0.0623784 0.0454783 0.0635591 0.0683005 0.0757151 0.0588959 0.0438306 0.0459972 0.0435013 0.0626100 0.0563015 0.0569486 0.0734059 0.0446740 0.0748520 0.0477208 0.0510522 0.0416811 0.0556545 0.0834181 0.0651846 0.0516437 0.0671391 0.0472001 0.0568645 0.0501392 0.0431924 0.0442351 0.0425799 0.0580746 0.0461265 0.0814562 0.0619545 0.0511313 0.0445232 0.0610526 0.0784816 0.0568004 0.0591389 0.0414506 0.0461754 0.0459215 0.0476858 0.0460528 0.0458669 0.0596835 0.0597587 0.0599765 0.0787582 0.0496818 0.0593526 0.0636273 0.0606438 0.0470140 0.0983700 0.0451410 0.0517264 0.0518342 0.0652029 0.0606754 0.0832481 0.0422280 0.0438684 0.0432467 0.0446671 0.0753096 0.0452867 0.0686037 0.0655940 0.0613285 0.0601536 0.1418056 0.0601900 0.0711175 0.0687164 0.0554321 0.0509125 0.0621271 
I0187_115_Trogonidae_Trogon_elegans                       0.0422018 0.0542193 0.0000000 0.0549892 0.0631479 0.0180936 0.0724805 0.0469543 0.0499198 0.0604218 0.0836688 0.0474739 0.0624159 0.0543963 0.0563467 0.0590612 0.0500838 0.0335522 0.0607449 0.0422907 0.0593069 0.0443487 0.0629595 0.0417974 0.0432990 0.0418520 0.0506526 0.0450292 0.0757287 0.0665761 0.0705224 0.0433369 0.0597761 0.0593375 0.0611312 0.0626584 0.0503730 0.0657174 0.0614539 0.0778385 0.0596525 0.0867570 0.0613924 0.0575291 0.0979408 0.0856554 0.0918743 0.0629512 0.0725263 0.0510350 0.0604818 0.0476914 0.0627112 0.0585553 0.0437009 0.0570141 0.0575715 0.0603373 0.0516251 0.0500427 0.0474224 0.0596469 0.0608684 0.0450290 0.0461179 0.0909995 0.0591253 0.0622244 0.0599292 0.0424746 0.0500643 0.0805741 0.0668873 0.0522342 0.0715294 0.0762434 0.0607023 0.0482072 0.0445981 0.0579017 0.0768434 0.0382841 0.0430785 0.0444278 0.0581368 0.0523513 0.0604540 0.0607146 0.0413263 0.0371022 0.0634223 0.0889045 0.0579760 0.0569993 0.0503788 0.0408066 0.0647657 0.0497026 0.0650367 0.0779522 0.0394455 0.0668244 0.0456718 0.0426087 0.0444518 0.0543319 0.0499161 0.0684920 0.0545274 0.0477613 0.0441197 0.0489485 0.0614203 0.0856626 0.0475983 0.0618364 0.0856507 0.0454246 0.0408653 0.0665327 0.0618696 0.0440973 0.0620523 0.0668512 0.0751781 0.0581210 0.0422210 0.0458054 0.0430482 0.0619158 0.0544462 0.0548737 0.0735182 0.0426603 0.0742016 0.0462814 0.0511102 0.0405484 0.0558670 0.0854896 0.0635126 0.0500160 0.0660778 0.0466824 0.0566573 0.0482511 0.0417960 0.0433977 0.0403902 0.0572109 0.0453155 0.0827331 0.0605059 0.0486733 0.0432008 0.0589873 0.0789766 0.0561509 0.0586986 0.0405364 0.0451398 0.0455643 0.0477734 0.0460972 0.0449360 0.0584666 0.0595989 0.0604191 0.0774129 0.0493640 0.0593930 0.0637067 0.0594085 0.0464433 0.0999214 0.0449896 0.0508108 0.0501030 0.0647995 0.0595016 0.0815268 0.0414882 0.0433092 0.0425715 0.0429940 0.0756524 0.0462786 0.0679392 0.0638873 0.0597858 0.0602614 0.1434380 0.0592613 0.0678531 0.0672883 0.0545920 0.0506098 0.0612713 
I0188_135_Apodidae_Streptoprocne_zonaris                  0.0409520 0.0556980 0.0549892 0.0000000 0.0593595 0.0564922 0.0671039 0.0433349 0.0474371 0.0594195 0.0765268 0.0430925 0.0614144 0.0537945 0.0544818 0.0575806 0.0470333 0.0331497 0.0603357 0.0392561 0.0578721 0.0416411 0.0614087 0.0406265 0.0392456 0.0382613 0.0481794 0.0404197 0.0702879 0.0654821 0.0705816 0.0428757 0.0574818 0.0576159 0.0492060 0.0506007 0.0474846 0.0667712 0.0611407 0.0770968 0.0577742 0.0848550 0.0594727 0.0554705 0.1005305 0.0866957 0.0909882 0.0635454 0.0735024 0.0482830 0.0553025 0.0482495 0.0622357 0.0561210 0.0415575 0.0561568 0.0555492 0.0598256 0.0489580 0.0452550 0.0435799 0.0577969 0.0245933 0.0442616 0.0399642 0.0889881 0.0570905 0.0635286 0.0581808 0.0400006 0.0430940 0.0792616 0.0667763 0.0470183 0.0657551 0.0724037 0.0597579 0.0454370 0.0441468 0.0553108 0.0721091 0.0362390 0.0408129 0.0421926 0.0561191 0.0501776 0.0600382 0.0581777 0.0381973 0.0373238 0.0505043 0.0878558 0.0533047 0.0546058 0.0461371 0.0380241 0.0649517 0.0506585 0.0636416 0.0738589 0.0378557 0.0675223 0.0421232 0.0410183 0.0417112 0.0509191 0.0495081 0.0626247 0.0515433 0.0470865 0.0403996 0.0474395 0.0586695 0.0846117 0.0443378 0.0583299 0.0841247 0.0417663 0.0370518 0.0656780 0.0572539 0.0412629 0.0620281 0.0664879 0.0715611 0.0560725 0.0398730 0.0428136 0.0389962 0.0598096 0.0218853 0.0539604 0.0685197 0.0404972 0.0754227 0.0436123 0.0405883 0.0372455 0.0550235 0.0796176 0.0590196 0.0434278 0.0624209 0.0430226 0.0524048 0.0464733 0.0381789 0.0404837 0.0378407 0.0534740 0.0421082 0.0776295 0.0601170 0.0464240 0.0404735 0.0605214 0.0750876 0.0548191 0.0571298 0.0373753 0.0426014 0.0422431 0.0446354 0.0452696 0.0437792 0.0523458 0.0545526 0.0559694 0.0763305 0.0456846 0.0557327 0.0629198 0.0584695 0.0430364 0.0993542 0.0413098 0.0490094 0.0452973 0.0612715 0.0583178 0.0813920 0.0397468 0.0412384 0.0395176 0.0434499 0.0709549 0.0454613 0.0679606 0.0636558 0.0597502 0.0562394 0.1365132 0.0583430 0.0687327 0.0664143 0.0497787 0.0495035 0.0595433 
I0189_225_Eurylaimidae_Smithornis_rufolateralis           0.0500222 0.0628856 0.0631479 0.0593595 0.0000000 0.0641157 0.0724299 0.0538263 0.0561841 0.0678490 0.0841650 0.0533216 0.0453291 0.0613365 0.0640551 0.0384284 0.0581922 0.0402253 0.0418947 0.0492159 0.0404072 0.0508939 0.0427550 0.0477553 0.0499127 0.0494239 0.0562860 0.0514689 0.0759106 0.0513563 0.0546749 0.0493354 0.0398122 0.0394709 0.0667403 0.0681880 0.0553481 0.0516085 0.0439270 0.0839275 0.0402586 0.0914975 0.0417999 0.0367913 0.1080668 0.0948328 0.1010091 0.0504796 0.0789494 0.0575833 0.0665550 0.0544813 0.0429789 0.0380947 0.0519050 0.0610300 0.0370283 0.0420980 0.0571406 0.0574950 0.0536791 0.0403250 0.0650612 0.0506113 0.0530398 0.0951770 0.0387215 0.0701822 0.0658544 0.0508112 0.0560336 0.0857180 0.0719609 0.0577279 0.0734055 0.0821463 0.0411080 0.0555665 0.0502148 0.0387781 0.0783680 0.0435133 0.0503420 0.0515983 0.0629752 0.0594255 0.0632888 0.0634309 0.0493693 0.0446407 0.0681848 0.0934525 0.0638220 0.0614682 0.0559593 0.0486995 0.0715750 0.0563417 0.0699811 0.0810554 0.0469320 0.0755939 0.0516084 0.0496058 0.0512953 0.0594732 0.0564772 0.0694440 0.0598360 0.0545747 0.0505154 0.0575576 0.0646303 0.0923095 0.0526312 0.0668721 0.0919360 0.0513104 0.0486284 0.0483589 0.0652448 0.0516260 0.0480371 0.0520558 0.0810467 0.0615962 0.0502646 0.0515753 0.0499397 0.0291719 0.0595388 0.0603776 0.0789883 0.0508828 0.0835904 0.0537601 0.0559588 0.0478789 0.0626439 0.0879398 0.0694878 0.0566611 0.0321716 0.0544541 0.0637175 0.0546876 0.0494822 0.0504619 0.0491095 0.0626797 0.0530303 0.0870752 0.0675054 0.0544309 0.0501672 0.0679088 0.0837601 0.0420048 0.0383510 0.0479549 0.0535310 0.0522387 0.0544704 0.0540519 0.0515245 0.0622935 0.0634823 0.0629226 0.0842016 0.0557932 0.0640024 0.0436356 0.0407767 0.0540708 0.1098524 0.0512810 0.0559145 0.0583806 0.0307026 0.0449603 0.0880697 0.0498266 0.0493763 0.0493023 0.0517406 0.0801651 0.0541579 0.0520792 0.0484140 0.0442622 0.0230455 0.1423557 0.0446224 0.0547016 0.0520060 0.0610098 0.0574954 0.0478923 
I0190_295_Trogonidae_Apaloderma_aequatoriale              0.0425239 0.0553154 0.0180936 0.0564922 0.0641157 0.0000000 0.0718945 0.0477455 0.0502461 0.0611547 0.0818108 0.0482398 0.0625211 0.0555004 0.0566908 0.0599234 0.0504590 0.0347002 0.0614101 0.0436110 0.0598390 0.0451355 0.0640800 0.0426530 0.0442732 0.0432727 0.0516248 0.0457198 0.0745569 0.0669615 0.0704065 0.0438878 0.0607153 0.0597516 0.0630413 0.0646390 0.0507981 0.0669790 0.0618859 0.0789433 0.0595469 0.0871835 0.0618538 0.0579689 0.0996764 0.0873540 0.0926638 0.0646473 0.0722315 0.0515650 0.0618536 0.0493145 0.0632342 0.0585921 0.0437608 0.0568329 0.0580804 0.0611046 0.0519320 0.0515373 0.0475445 0.0605419 0.0621747 0.0467709 0.0468668 0.0914608 0.0593947 0.0639258 0.0612080 0.0429643 0.0512708 0.0805030 0.0683916 0.0534807 0.0702077 0.0772175 0.0612991 0.0488311 0.0459059 0.0582326 0.0751363 0.0403183 0.0431143 0.0454215 0.0576964 0.0528613 0.0610349 0.0618846 0.0421252 0.0385514 0.0652517 0.0908408 0.0582479 0.0568317 0.0512626 0.0410116 0.0669440 0.0505245 0.0662429 0.0773458 0.0408147 0.0686781 0.0469130 0.0431477 0.0452365 0.0553149 0.0506963 0.0692698 0.0563353 0.0475490 0.0451183 0.0505393 0.0610440 0.0872623 0.0475399 0.0632161 0.0874927 0.0468188 0.0421382 0.0661755 0.0621152 0.0447547 0.0629412 0.0673342 0.0760913 0.0575752 0.0436100 0.0463842 0.0433784 0.0623932 0.0553397 0.0551656 0.0740404 0.0432271 0.0750707 0.0473367 0.0512563 0.0408373 0.0575874 0.0843668 0.0646582 0.0504896 0.0663334 0.0473568 0.0573082 0.0497293 0.0422533 0.0444592 0.0404956 0.0580896 0.0465227 0.0832659 0.0610395 0.0496650 0.0438782 0.0599626 0.0793093 0.0568995 0.0592549 0.0412821 0.0460567 0.0469279 0.0482346 0.0468311 0.0463104 0.0598200 0.0600072 0.0609182 0.0784146 0.0498854 0.0606368 0.0646185 0.0603443 0.0464430 0.1011065 0.0458849 0.0515286 0.0519299 0.0655073 0.0604114 0.0827217 0.0426750 0.0435067 0.0423495 0.0444046 0.0763051 0.0467846 0.0684362 0.0649353 0.0601384 0.0604283 0.1422523 0.0599339 0.0696739 0.0674254 0.0563542 0.0515460 0.0613669 
I0191_344_Indicatoridae_Indicator_exilis                  0.0589939 0.0706991 0.0724805 0.0671039 0.0724299 0.0718945 0.0000000 0.0641506 0.0668167 0.0729887 0.0433631 0.0642480 0.0761622 0.0692790 0.0673338 0.0759367 0.0675270 0.0506081 0.0748666 0.0600448 0.0737260 0.0627595 0.0772799 0.0584219 0.0585782 0.0596353 0.0675226 0.0605080 0.0300008 0.0811881 0.0846964 0.0604524 0.0732779 0.0740718 0.0769785 0.0778123 0.0667547 0.0807577 0.0773198 0.0948300 0.0734847 0.1003928 0.0751419 0.0706066 0.1166286 0.1037729 0.1080937 0.0762595 0.0845926 0.0641038 0.0745178 0.0664262 0.0772249 0.0711604 0.0605952 0.0705418 0.0714780 0.0756594 0.0667738 0.0668146 0.0643852 0.0740912 0.0734398 0.0629452 0.0616459 0.1048870 0.0727189 0.0793001 0.0772796 0.0599774 0.0662578 0.0971153 0.0838644 0.0661516 0.0266268 0.0908299 0.0758126 0.0660325 0.0621491 0.0706020 0.0431233 0.0484110 0.0592359 0.0625813 0.0716344 0.0641335 0.0682764 0.0661411 0.0592968 0.0547903 0.0776122 0.1044355 0.0730536 0.0705111 0.0672259 0.0581872 0.0825409 0.0656900 0.0806404 0.0424854 0.0580438 0.0848217 0.0635226 0.0592328 0.0616712 0.0693758 0.0645115 0.0810316 0.0697350 0.0636472 0.0601632 0.0678491 0.0734734 0.0989494 0.0649821 0.0795387 0.1007849 0.0620000 0.0585665 0.0786761 0.0747888 0.0614097 0.0771900 0.0784147 0.0898032 0.0713802 0.0592458 0.0614003 0.0593227 0.0746880 0.0679344 0.0686708 0.0876327 0.0615602 0.0900024 0.0638113 0.0630604 0.0571798 0.0731713 0.0483896 0.0788283 0.0652764 0.0770800 0.0646864 0.0717758 0.0646683 0.0582460 0.0612635 0.0582707 0.0703915 0.0631156 0.0915161 0.0773137 0.0658048 0.0602100 0.0768562 0.0934830 0.0700451 0.0728054 0.0577686 0.0635939 0.0643480 0.0646065 0.0634886 0.0627131 0.0726423 0.0735448 0.0724223 0.0940095 0.0662381 0.0727912 0.0784210 0.0732498 0.0632704 0.1148952 0.0627924 0.0678127 0.0652924 0.0768526 0.0719065 0.0977304 0.0587136 0.0584858 0.0586830 0.0617532 0.0899138 0.0640853 0.0816679 0.0783404 0.0743115 0.0726895 0.1494608 0.0716511 0.0807600 0.0808796 0.0693929 0.0649817 0.0742977 
I0192_375_Musophagidae_Tauraco_macrorhynchus              0.0335207 0.0480788 0.0469543 0.0433349 0.0538263 0.0477455 0.0641506 0.0000000 0.0395720 0.0539168 0.0740116 0.0189839 0.0536951 0.0463205 0.0488843 0.0521894 0.0392026 0.0248570 0.0521047 0.0317376 0.0510038 0.0326079 0.0558136 0.0331358 0.0323088 0.0305306 0.0409134 0.0338532 0.0674582 0.0596669 0.0631891 0.0346732 0.0501462 0.0500460 0.0513217 0.0527527 0.0403289 0.0587126 0.0540350 0.0700444 0.0508231 0.0805811 0.0531677 0.0480820 0.0924697 0.0794003 0.0837805 0.0562000 0.0656597 0.0436038 0.0492250 0.0404130 0.0554883 0.0492851 0.0329391 0.0485287 0.0479597 0.0536578 0.0425453 0.0397550 0.0366996 0.0508764 0.0498053 0.0370369 0.0338846 0.0833291 0.0494552 0.0568026 0.0502711 0.0325562 0.0389501 0.0728026 0.0581114 0.0415119 0.0634473 0.0668721 0.0540809 0.0395838 0.0369044 0.0490506 0.0689685 0.0304405 0.0330816 0.0331587 0.0495846 0.0447481 0.0530430 0.0519784 0.0314026 0.0282555 0.0524807 0.0817486 0.0460359 0.0473424 0.0387084 0.0297919 0.0574380 0.0429865 0.0560978 0.0707466 0.0310693 0.0598257 0.0343869 0.0327712 0.0337039 0.0455285 0.0435068 0.0578734 0.0454617 0.0393006 0.0328129 0.0390940 0.0517754 0.0785697 0.0377249 0.0518253 0.0777865 0.0351078 0.0296717 0.0589110 0.0518352 0.0343861 0.0552486 0.0612172 0.0662887 0.0488096 0.0308517 0.0368493 0.0319742 0.0533726 0.0435049 0.0461084 0.0644269 0.0328057 0.0691899 0.0352265 0.0387207 0.0292683 0.0468878 0.0771927 0.0535957 0.0379727 0.0555917 0.0352480 0.0448698 0.0393635 0.0299330 0.0334323 0.0295319 0.0477136 0.0341292 0.0722563 0.0530065 0.0388042 0.0318608 0.0524105 0.0683837 0.0488050 0.0489762 0.0287817 0.0348923 0.0362912 0.0376221 0.0369320 0.0367134 0.0453709 0.0476900 0.0495302 0.0701436 0.0385607 0.0499460 0.0562853 0.0516183 0.0358491 0.0909616 0.0349268 0.0410908 0.0389600 0.0557075 0.0518253 0.0754732 0.0305727 0.0347696 0.0308779 0.0370877 0.0660933 0.0367954 0.0609710 0.0565106 0.0533026 0.0503243 0.1344790 0.0516177 0.0621138 0.0595617 0.0442779 0.0408988 0.0530043 
I0193_447_Columbidae_Treron_calvus                        0.0374215 0.0500449 0.0499198 0.0474371 0.0561841 0.0502461 0.0668167 0.0395720 0.0000000 0.0562693 0.0749809 0.0384335 0.0553795 0.0487793 0.0511117 0.0554866 0.0431549 0.0202504 0.0545670 0.0349365 0.0528435 0.0370478 0.0577273 0.0358181 0.0351947 0.0338306 0.0152597 0.0379323 0.0695111 0.0617688 0.0658867 0.0370789 0.0534471 0.0526711 0.0544492 0.0562458 0.0145330 0.0615161 0.0570606 0.0699341 0.0536866 0.0809230 0.0551459 0.0506231 0.0953812 0.0816745 0.0876581 0.0597155 0.0692354 0.0448864 0.0536619 0.0436412 0.0579323 0.0520213 0.0357709 0.0508518 0.0516487 0.0554920 0.0162282 0.0439103 0.0385462 0.0536569 0.0539119 0.0401069 0.0368866 0.0837198 0.0535349 0.0561125 0.0533211 0.0357824 0.0419234 0.0734399 0.0590963 0.0448001 0.0649475 0.0692469 0.0567679 0.0404754 0.0392828 0.0514154 0.0698531 0.0233901 0.0374656 0.0366953 0.0521828 0.0472754 0.0551897 0.0534994 0.0339888 0.0317548 0.0560110 0.0833089 0.0502927 0.0506381 0.0411201 0.0332694 0.0584732 0.0450498 0.0570915 0.0713931 0.0318197 0.0601830 0.0383354 0.0370388 0.0368377 0.0466073 0.0458928 0.0601963 0.0473353 0.0424834 0.0366246 0.0422190 0.0547821 0.0793060 0.0405297 0.0536334 0.0800447 0.0381924 0.0330608 0.0597039 0.0553939 0.0376194 0.0587728 0.0611054 0.0684273 0.0517502 0.0357162 0.0399639 0.0354590 0.0564526 0.0462005 0.0495489 0.0672306 0.0354529 0.0716722 0.0384878 0.0417042 0.0332039 0.0499868 0.0776734 0.0578336 0.0416337 0.0594871 0.0391314 0.0497228 0.0407186 0.0337230 0.0362574 0.0332440 0.0506720 0.0374874 0.0745190 0.0535186 0.0411469 0.0351532 0.0548567 0.0725918 0.0503065 0.0522583 0.0322681 0.0382877 0.0386013 0.0399720 0.0404864 0.0383664 0.0504169 0.0513590 0.0530285 0.0688710 0.0416283 0.0523535 0.0583067 0.0536041 0.0389390 0.0939481 0.0380034 0.0143729 0.0432692 0.0586863 0.0536987 0.0755770 0.0346073 0.0376064 0.0340534 0.0391508 0.0685496 0.0403060 0.0630234 0.0585053 0.0540811 0.0545541 0.1350433 0.0533300 0.0637320 0.0628731 0.0468861 0.0448640 0.0555487 
I0194_495_Alcedinidae_Alcedo_quadribrachys                0.0492512 0.0499295 0.0604218 0.0594195 0.0678490 0.0611547 0.0729887 0.0539168 0.0562693 0.0000000 0.0830506 0.0526157 0.0680871 0.0623606 0.0544593 0.0655651 0.0570563 0.0418554 0.0650521 0.0486216 0.0645389 0.0513205 0.0681530 0.0494191 0.0502496 0.0492933 0.0565699 0.0521032 0.0768364 0.0727472 0.0743297 0.0498297 0.0648228 0.0634517 0.0672052 0.0685534 0.0566774 0.0722984 0.0653947 0.0837049 0.0650559 0.0919585 0.0665855 0.0629533 0.1042277 0.0917207 0.0965524 0.0693395 0.0779498 0.0484972 0.0659049 0.0552861 0.0682435 0.0631809 0.0510555 0.0628340 0.0626615 0.0657691 0.0576927 0.0582823 0.0532177 0.0639928 0.0645764 0.0530676 0.0521923 0.0946676 0.0648304 0.0675410 0.0663226 0.0509541 0.0554959 0.0835695 0.0724932 0.0590098 0.0727003 0.0830653 0.0650136 0.0550303 0.0527360 0.0631289 0.0761593 0.0423226 0.0498386 0.0518961 0.0629481 0.0396179 0.0621811 0.0632756 0.0497740 0.0462798 0.0690732 0.0931965 0.0628924 0.0618849 0.0575310 0.0486074 0.0723977 0.0528333 0.0706796 0.0777690 0.0479770 0.0722732 0.0534910 0.0501266 0.0526933 0.0598507 0.0507685 0.0703236 0.0609088 0.0535388 0.0513479 0.0561971 0.0658632 0.0906534 0.0547512 0.0684366 0.0921377 0.0525008 0.0481703 0.0709200 0.0667606 0.0519986 0.0680231 0.0708658 0.0820922 0.0630335 0.0503354 0.0522934 0.0497270 0.0677243 0.0600469 0.0606126 0.0798217 0.0503387 0.0801057 0.0530714 0.0562347 0.0478881 0.0627888 0.0852499 0.0695894 0.0565224 0.0716746 0.0544708 0.0626800 0.0556622 0.0488439 0.0506624 0.0483829 0.0628251 0.0529788 0.0853033 0.0643901 0.0574336 0.0511802 0.0643009 0.0857060 0.0624410 0.0637553 0.0485952 0.0530840 0.0526937 0.0535439 0.0533439 0.0523731 0.0638285 0.0643966 0.0641573 0.0828124 0.0550478 0.0637475 0.0691630 0.0643621 0.0531088 0.1018935 0.0521312 0.0566718 0.0596175 0.0706537 0.0641141 0.0871564 0.0488847 0.0497860 0.0503253 0.0514978 0.0820503 0.0533924 0.0724212 0.0691651 0.0652253 0.0653161 0.1474566 0.0638219 0.0731048 0.0715446 0.0609828 0.0568796 0.0668581 
I0195_522_Ramphastidae_Buccanodon_duchaillui              0.0698223 0.0805968 0.0836688 0.0765268 0.0841650 0.0818108 0.0433631 0.0740116 0.0749809 0.0830506 0.0000000 0.0733560 0.0837222 0.0793931 0.0769590 0.0839854 0.0772690 0.0599519 0.0822264 0.0690413 0.0809929 0.0714256 0.0873535 0.0689282 0.0677071 0.0691500 0.0769242 0.0699299 0.0456786 0.0899825 0.0941831 0.0690005 0.0816788 0.0809482 0.0870965 0.0875218 0.0753340 0.0890200 0.0866000 0.1037895 0.0819019 0.1079574 0.0835171 0.0784749 0.1260561 0.1125980 0.1168224 0.0858163 0.0925702 0.0752953 0.0820505 0.0746911 0.0866181 0.0798783 0.0704588 0.0807055 0.0796288 0.0850372 0.0762445 0.0773156 0.0734046 0.0818323 0.0820245 0.0716294 0.0715813 0.1134152 0.0810938 0.0884664 0.0863617 0.0700359 0.0747789 0.1031248 0.0915878 0.0770938 0.0430584 0.0996463 0.0831471 0.0739855 0.0709783 0.0802508 0.0333738 0.0574167 0.0692976 0.0703766 0.0824400 0.0745314 0.0754242 0.0738467 0.0690213 0.0651300 0.0871093 0.1113057 0.0812207 0.0813381 0.0765899 0.0673754 0.0920048 0.0771054 0.0894367 0.0331912 0.0676430 0.0932439 0.0736743 0.0686962 0.0710386 0.0788773 0.0751833 0.0890240 0.0797414 0.0728887 0.0694326 0.0763719 0.0838177 0.1082020 0.0742871 0.0874242 0.1090769 0.0711833 0.0683889 0.0874451 0.0842221 0.0707844 0.0860998 0.0842572 0.0981766 0.0816788 0.0696348 0.0705172 0.0676380 0.0849366 0.0781493 0.0794814 0.0957486 0.0699812 0.0974778 0.0720059 0.0743829 0.0669004 0.0840711 0.0414738 0.0877304 0.0745686 0.0870456 0.0734697 0.0797600 0.0747167 0.0670565 0.0701346 0.0672724 0.0806014 0.0720299 0.1004655 0.0861420 0.0755892 0.0696137 0.0873753 0.1010278 0.0797309 0.0810898 0.0672749 0.0729974 0.0729884 0.0735625 0.0728762 0.0717966 0.0775438 0.0835842 0.0831233 0.1028926 0.0759198 0.0821177 0.0886727 0.0811068 0.0719028 0.1217349 0.0716380 0.0769080 0.0752202 0.0859432 0.0808378 0.1059556 0.0679083 0.0684792 0.0694848 0.0721319 0.1001721 0.0729894 0.0906007 0.0877323 0.0829856 0.0810662 0.1532203 0.0804325 0.0902277 0.0894648 0.0776151 0.0751963 0.0845685 
I0196_523_Musophagidae_Corythaeola_cristata               0.0333074 0.0470306 0.0474739 0.0430925 0.0533216 0.0482398 0.0642480 0.0189839 0.0384335 0.0526157 0.0733560 0.0000000 0.0537584 0.0462034 0.0481115 0.0521932 0.0389385 0.0241520 0.0511681 0.0311179 0.0495763 0.0319212 0.0548654 0.0325077 0.0311727 0.0297116 0.0400011 0.0335181 0.0664727 0.0581186 0.0615113 0.0340066 0.0490124 0.0496998 0.0502778 0.0520231 0.0395718 0.0573242 0.0535100 0.0692640 0.0495897 0.0794635 0.0517906 0.0472046 0.0910457 0.0783549 0.0833852 0.0557971 0.0658460 0.0431200 0.0489290 0.0396641 0.0549974 0.0481734 0.0321680 0.0475903 0.0473140 0.0528978 0.0415583 0.0398578 0.0356025 0.0495447 0.0504797 0.0359635 0.0333730 0.0822837 0.0490292 0.0560030 0.0501674 0.0312156 0.0387303 0.0722182 0.0579777 0.0408343 0.0634372 0.0647010 0.0527036 0.0377944 0.0359200 0.0483339 0.0687649 0.0301033 0.0334422 0.0329029 0.0492560 0.0438720 0.0526010 0.0520693 0.0306731 0.0279934 0.0518889 0.0816497 0.0456835 0.0470981 0.0377476 0.0289488 0.0565949 0.0427752 0.0561680 0.0702393 0.0295223 0.0596634 0.0345544 0.0323332 0.0321239 0.0430469 0.0427221 0.0565296 0.0437375 0.0395071 0.0326070 0.0384525 0.0516699 0.0782111 0.0366996 0.0520249 0.0770140 0.0341302 0.0287355 0.0591123 0.0511184 0.0333425 0.0549402 0.0596026 0.0642218 0.0486517 0.0303297 0.0356842 0.0304464 0.0527899 0.0427125 0.0469446 0.0618951 0.0315520 0.0692332 0.0353067 0.0380978 0.0284139 0.0472489 0.0775437 0.0530179 0.0378215 0.0557820 0.0348677 0.0451750 0.0384012 0.0289425 0.0321528 0.0282459 0.0469561 0.0340185 0.0728455 0.0514536 0.0382661 0.0311469 0.0510125 0.0670928 0.0468921 0.0483239 0.0280166 0.0347431 0.0347197 0.0359044 0.0362814 0.0360029 0.0454225 0.0472118 0.0494974 0.0692677 0.0378581 0.0492727 0.0557289 0.0501293 0.0351011 0.0899433 0.0340565 0.0392044 0.0382499 0.0551304 0.0510382 0.0745041 0.0295402 0.0335219 0.0304005 0.0368995 0.0649761 0.0363091 0.0592012 0.0559962 0.0528209 0.0495343 0.1347945 0.0509619 0.0601751 0.0589755 0.0427667 0.0412141 0.0517954 
I0197_832_Corvidae_Corvus_albus                           0.0502601 0.0634338 0.0624159 0.0614144 0.0453291 0.0625211 0.0761622 0.0536951 0.0553795 0.0680871 0.0837222 0.0537584 0.0000000 0.0614912 0.0630859 0.0439735 0.0580998 0.0408222 0.0447076 0.0503594 0.0427235 0.0512299 0.0472429 0.0496034 0.0509617 0.0491286 0.0569073 0.0516753 0.0772316 0.0283539 0.0310765 0.0502548 0.0430826 0.0426088 0.0670780 0.0690473 0.0565236 0.0291712 0.0468043 0.0833078 0.0430959 0.0920099 0.0448365 0.0406046 0.1069358 0.0941375 0.0996544 0.0271274 0.0781644 0.0589256 0.0667241 0.0549866 0.0478929 0.0415036 0.0501476 0.0602636 0.0403089 0.0457603 0.0582649 0.0591012 0.0535485 0.0434333 0.0660317 0.0517102 0.0525182 0.0957213 0.0420484 0.0694926 0.0680327 0.0505302 0.0578561 0.0858879 0.0723332 0.0585007 0.0736316 0.0842094 0.0457969 0.0561654 0.0514918 0.0420073 0.0777275 0.0440058 0.0509668 0.0509203 0.0627783 0.0598345 0.0666667 0.0668767 0.0499977 0.0455900 0.0689699 0.0959316 0.0628251 0.0613232 0.0574657 0.0489525 0.0733967 0.0590432 0.0710184 0.0797679 0.0478873 0.0746666 0.0531643 0.0498211 0.0513445 0.0601309 0.0574187 0.0710576 0.0601829 0.0539620 0.0500806 0.0566279 0.0643900 0.0920487 0.0546982 0.0691925 0.0925683 0.0524808 0.0483521 0.0511873 0.0668802 0.0511694 0.0336429 0.0335771 0.0831831 0.0628229 0.0510183 0.0523727 0.0495891 0.0450964 0.0596435 0.0609721 0.0804127 0.0508981 0.0823675 0.0537074 0.0555232 0.0483719 0.0639292 0.0862887 0.0694380 0.0575122 0.0492104 0.0540867 0.0629149 0.0553688 0.0495528 0.0516622 0.0484278 0.0626565 0.0533936 0.0851821 0.0684307 0.0566545 0.0498545 0.0677416 0.0856014 0.0293293 0.0421874 0.0483747 0.0527428 0.0534746 0.0543038 0.0532868 0.0524792 0.0623044 0.0643817 0.0649013 0.0827467 0.0561648 0.0651734 0.0484403 0.0441722 0.0540561 0.1088378 0.0524667 0.0573655 0.0567625 0.0472833 0.0302637 0.0877326 0.0499954 0.0501571 0.0499859 0.0530598 0.0826103 0.0537214 0.0299780 0.0263134 0.0133554 0.0431533 0.1489272 0.0295178 0.0312340 0.0297006 0.0606871 0.0577367 0.0493100 
I0198_937_Bucerotidae_Tockus_camurus                      0.0421887 0.0555636 0.0543963 0.0537945 0.0613365 0.0555004 0.0692790 0.0463205 0.0487793 0.0623606 0.0793931 0.0462034 0.0614912 0.0000000 0.0568912 0.0613971 0.0493545 0.0334894 0.0605814 0.0421470 0.0591814 0.0440992 0.0647485 0.0422187 0.0420550 0.0404514 0.0512102 0.0438779 0.0738723 0.0673207 0.0710981 0.0425960 0.0590571 0.0584221 0.0621360 0.0627626 0.0499898 0.0674943 0.0642839 0.0793863 0.0595363 0.0887222 0.0604861 0.0562389 0.1028944 0.0879923 0.0944833 0.0643962 0.0689684 0.0498054 0.0601765 0.0485185 0.0651362 0.0583016 0.0425461 0.0565382 0.0560233 0.0620516 0.0506959 0.0506917 0.0465807 0.0589434 0.0604921 0.0448226 0.0442983 0.0933215 0.0584016 0.0663156 0.0606869 0.0431965 0.0494805 0.0821470 0.0686785 0.0517255 0.0697180 0.0749786 0.0625658 0.0489022 0.0446748 0.0573406 0.0744640 0.0380726 0.0430063 0.0439530 0.0579617 0.0524770 0.0582839 0.0585538 0.0409526 0.0375088 0.0630712 0.0912447 0.0563230 0.0560045 0.0484762 0.0407386 0.0670254 0.0511676 0.0665856 0.0758848 0.0407267 0.0704833 0.0454646 0.0415114 0.0437926 0.0547124 0.0511855 0.0681225 0.0545098 0.0472224 0.0429890 0.0498317 0.0610647 0.0880687 0.0471547 0.0620988 0.0881860 0.0439007 0.0400249 0.0673164 0.0622913 0.0449188 0.0648438 0.0675152 0.0736194 0.0581218 0.0424035 0.0447361 0.0416855 0.0604020 0.0533650 0.0560605 0.0727030 0.0424773 0.0742701 0.0460173 0.0498560 0.0393930 0.0571284 0.0827977 0.0646283 0.0490161 0.0648790 0.0459676 0.0553399 0.0478479 0.0404140 0.0424535 0.0405017 0.0577603 0.0449302 0.0833186 0.0625729 0.0476666 0.0419627 0.0606438 0.0770583 0.0566376 0.0575056 0.0392576 0.0462026 0.0458665 0.0470897 0.0453914 0.0456038 0.0573387 0.0596130 0.0599629 0.0790342 0.0484603 0.0599667 0.0646984 0.0604823 0.0461142 0.1013396 0.0439845 0.0499540 0.0502684 0.0626521 0.0606173 0.0841506 0.0415310 0.0430537 0.0421432 0.0452095 0.0735997 0.0452619 0.0690808 0.0650136 0.0597875 0.0580096 0.1410858 0.0605571 0.0704039 0.0675464 0.0532365 0.0226695 0.0620751 
I0199_955_Meropidae_Merops_muelleri                       0.0453935 0.0522066 0.0563467 0.0544818 0.0640551 0.0566908 0.0673338 0.0488843 0.0511117 0.0544593 0.0769590 0.0481115 0.0630859 0.0568912 0.0000000 0.0617623 0.0519268 0.0365618 0.0626164 0.0453327 0.0609126 0.0468381 0.0650790 0.0440894 0.0452918 0.0452507 0.0535221 0.0474814 0.0707543 0.0685022 0.0718261 0.0466064 0.0611035 0.0613026 0.0632492 0.0650070 0.0518076 0.0689955 0.0630604 0.0780056 0.0618384 0.0867982 0.0636419 0.0594852 0.0993430 0.0882270 0.0931671 0.0645088 0.0717798 0.0473347 0.0626141 0.0515010 0.0661700 0.0602248 0.0455983 0.0588180 0.0600407 0.0613697 0.0527638 0.0546694 0.0485342 0.0613759 0.0615983 0.0485133 0.0473853 0.0908024 0.0610824 0.0636602 0.0610570 0.0460904 0.0520929 0.0788539 0.0670041 0.0545510 0.0665867 0.0764044 0.0636124 0.0509375 0.0478978 0.0597452 0.0698802 0.0386882 0.0455453 0.0468940 0.0594649 0.0489713 0.0584997 0.0577838 0.0450558 0.0411555 0.0656033 0.0888522 0.0587452 0.0583443 0.0520113 0.0439781 0.0660032 0.0465640 0.0645066 0.0712639 0.0425384 0.0685100 0.0483623 0.0460807 0.0470408 0.0547776 0.0455539 0.0686241 0.0552167 0.0487546 0.0467329 0.0522615 0.0633610 0.0862539 0.0500552 0.0621635 0.0855386 0.0464717 0.0436260 0.0664875 0.0625769 0.0473351 0.0649970 0.0665101 0.0752100 0.0597105 0.0457042 0.0475524 0.0450263 0.0629502 0.0551982 0.0576926 0.0731494 0.0446953 0.0741740 0.0493655 0.0511404 0.0427169 0.0576895 0.0768543 0.0650876 0.0530452 0.0671964 0.0488347 0.0574095 0.0501940 0.0434719 0.0456496 0.0431790 0.0582776 0.0483004 0.0817819 0.0598072 0.0517744 0.0449742 0.0603919 0.0789492 0.0569026 0.0612865 0.0428729 0.0478837 0.0488038 0.0488789 0.0476389 0.0484134 0.0600988 0.0608233 0.0597615 0.0777749 0.0502981 0.0604173 0.0638909 0.0615021 0.0486223 0.0993580 0.0463669 0.0524239 0.0539206 0.0656279 0.0598380 0.0817694 0.0447955 0.0467557 0.0445447 0.0474079 0.0765668 0.0478269 0.0680027 0.0661164 0.0615073 0.0617856 0.1420528 0.0594196 0.0680656 0.0681790 0.0547591 0.0524890 0.0631752 
I0200_988_Furnariidae_Furnarius_rufus                     0.0491025 0.0605371 0.0590612 0.0575806 0.0384284 0.0599234 0.0759367 0.0521894 0.0554866 0.0655651 0.0839854 0.0521932 0.0439735 0.0613971 0.0617623 0.0000000 0.0565991 0.0387993 0.0352154 0.0473697 0.0338843 0.0504535 0.0311496 0.0480960 0.0485063 0.0480633 0.0553950 0.0509063 0.0783845 0.0466707 0.0511741 0.0483627 0.0340962 0.0343996 0.0655563 0.0675778 0.0550337 0.0500974 0.0206631 0.0818017 0.0347021 0.0900141 0.0369094 0.0318700 0.1015457 0.0920209 0.0966514 0.0462059 0.0773757 0.0564324 0.0644259 0.0538253 0.0319362 0.0326647 0.0504447 0.0613378 0.0319342 0.0176203 0.0566559 0.0566584 0.0502406 0.0346364 0.0637770 0.0502007 0.0518932 0.0933626 0.0331891 0.0678701 0.0648985 0.0492041 0.0563327 0.0804349 0.0702689 0.0568395 0.0751198 0.0822443 0.0296362 0.0558893 0.0500119 0.0337813 0.0784788 0.0431330 0.0491598 0.0501057 0.0624150 0.0600346 0.0661972 0.0651660 0.0486647 0.0429992 0.0673335 0.0892740 0.0624974 0.0608137 0.0553123 0.0485588 0.0703054 0.0546901 0.0674012 0.0801606 0.0456858 0.0717456 0.0506652 0.0486520 0.0510754 0.0581157 0.0552574 0.0672634 0.0569080 0.0540934 0.0512428 0.0559230 0.0646222 0.0896711 0.0507594 0.0657803 0.0901859 0.0507491 0.0473621 0.0358515 0.0625137 0.0500535 0.0444493 0.0504723 0.0809840 0.0616359 0.0499518 0.0519043 0.0483646 0.0391821 0.0580755 0.0595029 0.0778636 0.0494047 0.0799043 0.0526305 0.0538298 0.0476771 0.0609055 0.0886852 0.0688539 0.0551391 0.0428619 0.0524912 0.0621333 0.0545285 0.0488309 0.0500592 0.0478622 0.0603400 0.0524671 0.0859690 0.0649102 0.0545988 0.0495695 0.0643759 0.0834679 0.0398178 0.0335276 0.0479117 0.0520045 0.0511256 0.0524870 0.0520819 0.0512545 0.0609049 0.0628733 0.0598832 0.0820847 0.0549403 0.0621767 0.0268396 0.0352049 0.0514110 0.1034867 0.0511727 0.0556109 0.0575729 0.0408866 0.0422377 0.0849847 0.0480551 0.0496594 0.0484298 0.0513900 0.0801529 0.0525198 0.0492356 0.0462817 0.0419874 0.0365837 0.1447953 0.0418350 0.0502865 0.0496638 0.0597600 0.0564471 0.0455973 
I0201_999_Scolopacidae_Tringa_solitaria                   0.0364059 0.0514323 0.0500838 0.0470333 0.0581922 0.0504590 0.0675270 0.0392026 0.0431549 0.0570563 0.0772690 0.0389385 0.0580998 0.0493545 0.0519268 0.0565991 0.0000000 0.0280193 0.0570552 0.0352003 0.0555659 0.0288091 0.0599627 0.0358956 0.0304636 0.0334051 0.0437938 0.0311758 0.0707985 0.0633214 0.0674057 0.0381855 0.0546741 0.0549985 0.0540463 0.0560890 0.0426623 0.0634236 0.0589304 0.0709834 0.0553964 0.0812113 0.0578233 0.0520393 0.0947772 0.0816984 0.0872071 0.0598622 0.0692196 0.0459948 0.0542414 0.0419762 0.0599010 0.0531791 0.0357039 0.0517419 0.0519069 0.0580525 0.0449180 0.0425967 0.0399992 0.0553486 0.0532386 0.0390392 0.0369270 0.0849941 0.0534750 0.0594462 0.0549178 0.0353682 0.0410722 0.0756217 0.0621186 0.0445178 0.0658371 0.0678320 0.0580946 0.0414691 0.0391471 0.0533241 0.0720686 0.0329625 0.0366144 0.0299268 0.0532855 0.0491549 0.0559403 0.0547003 0.0343102 0.0319951 0.0562053 0.0835323 0.0328751 0.0504775 0.0416515 0.0329422 0.0600689 0.0471028 0.0600249 0.0734246 0.0333293 0.0644072 0.0335093 0.0373683 0.0372870 0.0473727 0.0466930 0.0611820 0.0474404 0.0428508 0.0312536 0.0414426 0.0561309 0.0795563 0.0401984 0.0568356 0.0799992 0.0371499 0.0326066 0.0628268 0.0555160 0.0368834 0.0601297 0.0634967 0.0664149 0.0530522 0.0350055 0.0398006 0.0347534 0.0573315 0.0464048 0.0499787 0.0670113 0.0359184 0.0721312 0.0311269 0.0410650 0.0326018 0.0503365 0.0810725 0.0586769 0.0404337 0.0606258 0.0319730 0.0317249 0.0425236 0.0331063 0.0358102 0.0328406 0.0509922 0.0304971 0.0678466 0.0566300 0.0427544 0.0355709 0.0547936 0.0711348 0.0510768 0.0538217 0.0326844 0.0377371 0.0384386 0.0404205 0.0398562 0.0390140 0.0502850 0.0527425 0.0539560 0.0710378 0.0153646 0.0536607 0.0604690 0.0562470 0.0164601 0.0952035 0.0374564 0.0437042 0.0427158 0.0606346 0.0556134 0.0753860 0.0343355 0.0380301 0.0349466 0.0391268 0.0673920 0.0400090 0.0649969 0.0603048 0.0557909 0.0551314 0.1387557 0.0555316 0.0649871 0.0630995 0.0304579 0.0441214 0.0554565 
I0202_1066_Cathartidae_Cathartes_burrovianus              0.0197562 0.0341409 0.0335522 0.0331497 0.0402253 0.0347002 0.0506081 0.0248570 0.0202504 0.0418554 0.0599519 0.0241520 0.0408222 0.0334894 0.0365618 0.0387993 0.0280193 0.0000000 0.0391400 0.0191545 0.0370868 0.0212693 0.0423384 0.0197428 0.0201609 0.0183224 0.0245432 0.0221439 0.0540651 0.0469594 0.0501798 0.0212047 0.0367378 0.0366788 0.0395496 0.0412059 0.0233612 0.0467281 0.0408561 0.0557644 0.0371687 0.0667712 0.0391456 0.0346300 0.0795016 0.0660741 0.0716817 0.0441634 0.0532759 0.0297142 0.0381738 0.0274026 0.0423456 0.0358726 0.0202279 0.0342564 0.0351311 0.0396744 0.0252153 0.0293390 0.0245683 0.0378327 0.0395084 0.0236197 0.0227411 0.0694355 0.0371862 0.0442043 0.0377960 0.0199580 0.0275825 0.0600968 0.0460013 0.0309703 0.0502221 0.0530853 0.0411985 0.0263724 0.0235425 0.0359182 0.0554877 0.0183207 0.0200477 0.0215593 0.0359832 0.0317618 0.0394062 0.0384742 0.0185713 0.0042948 0.0409312 0.0680551 0.0354529 0.0344605 0.0270851 0.0173350 0.0440156 0.0298701 0.0435880 0.0560516 0.0170317 0.0484538 0.0224313 0.0198984 0.0212139 0.0331020 0.0305771 0.0465086 0.0335712 0.0262887 0.0211089 0.0272407 0.0388253 0.0658016 0.0252639 0.0396395 0.0647955 0.0225421 0.0172986 0.0456038 0.0409069 0.0223272 0.0429137 0.0479367 0.0519401 0.0353472 0.0188310 0.0230547 0.0191767 0.0400416 0.0323043 0.0329131 0.0499778 0.0200120 0.0576344 0.0234501 0.0280792 0.0168489 0.0350297 0.0627848 0.0427262 0.0272134 0.0439926 0.0236558 0.0341176 0.0265771 0.0179983 0.0211765 0.0171138 0.0360329 0.0227089 0.0595618 0.0407959 0.0269682 0.0195048 0.0403606 0.0557140 0.0347930 0.0362097 0.0165670 0.0224889 0.0233524 0.0249946 0.0233658 0.0234186 0.0353634 0.0370999 0.0379999 0.0562293 0.0266153 0.0383875 0.0425729 0.0380770 0.0237629 0.0800987 0.0225956 0.0239171 0.0274876 0.0423696 0.0375053 0.0611014 0.0177070 0.0207892 0.0190537 0.0230731 0.0522419 0.0235472 0.0484458 0.0443369 0.0393483 0.0377586 0.1199670 0.0374550 0.0484984 0.0474958 0.0324722 0.0280657 0.0397986 
I0203_1087_Tyrannidae_Hymenops_perspicillatus             0.0492881 0.0618963 0.0607449 0.0603357 0.0418947 0.0614101 0.0748666 0.0521047 0.0545670 0.0650521 0.0822264 0.0511681 0.0447076 0.0605814 0.0626164 0.0352154 0.0570552 0.0391400 0.0000000 0.0489419 0.0114294 0.0496624 0.0375678 0.0484064 0.0488645 0.0478720 0.0552880 0.0509480 0.0760463 0.0494995 0.0507397 0.0489011 0.0219888 0.0211183 0.0671344 0.0689838 0.0545239 0.0507226 0.0365523 0.0845933 0.0198396 0.0921941 0.0207182 0.0193202 0.1079845 0.0938897 0.0981466 0.0473303 0.0792131 0.0567117 0.0666568 0.0553423 0.0382718 0.0201032 0.0492808 0.0603574 0.0199963 0.0362286 0.0564246 0.0574699 0.0538340 0.0103452 0.0655919 0.0518162 0.0517500 0.0955986 0.0195901 0.0692207 0.0669967 0.0496842 0.0556187 0.0853723 0.0722374 0.0573523 0.0730107 0.0834460 0.0359274 0.0562145 0.0510759 0.0199916 0.0787499 0.0442062 0.0496490 0.0499286 0.0623336 0.0593270 0.0679208 0.0658812 0.0485353 0.0438273 0.0693208 0.0967382 0.0625647 0.0605029 0.0546666 0.0482747 0.0729019 0.0577521 0.0712269 0.0795093 0.0460188 0.0740662 0.0521963 0.0493229 0.0505894 0.0588549 0.0563953 0.0726248 0.0593581 0.0536027 0.0501674 0.0561299 0.0648983 0.0919422 0.0547022 0.0689957 0.0920446 0.0525476 0.0468936 0.0417034 0.0665717 0.0502348 0.0446111 0.0505191 0.0824631 0.0618586 0.0495868 0.0522296 0.0484778 0.0400352 0.0595612 0.0595446 0.0802558 0.0497921 0.0805145 0.0529869 0.0538215 0.0466749 0.0609627 0.0872177 0.0685736 0.0566414 0.0433295 0.0516494 0.0626293 0.0548867 0.0481749 0.0507312 0.0469937 0.0624121 0.0525487 0.0862911 0.0659748 0.0556287 0.0489270 0.0660225 0.0858581 0.0391133 0.0208091 0.0476252 0.0522669 0.0530768 0.0524486 0.0522739 0.0519301 0.0620508 0.0645319 0.0649341 0.0833216 0.0552691 0.0622545 0.0383222 0.0124836 0.0530462 0.1068197 0.0521139 0.0551704 0.0586370 0.0430901 0.0426362 0.0882921 0.0489371 0.0500294 0.0483946 0.0507956 0.0823086 0.0523405 0.0488207 0.0468666 0.0432493 0.0379435 0.1495540 0.0419643 0.0518820 0.0488962 0.0600745 0.0561917 0.0481352 
