35
Burramyidae_Burramys_parvus                  0.0000000 0.0955102 0.0657224 0.0591702 0.0604580 0.1015020 0.0522905 0.0518464 0.0582093 0.1002373 0.0488968 0.1029898 0.0551503 0.0691975 0.1040645 0.0924387 0.0986493 0.0941126 0.0508346 0.0950706 0.1107896 0.1170760 0.0987215 0.0633085 0.0826799 0.0790443 0.0512056 0.0918369 0.0759331 0.0545933 0.0537182 0.0985236 0.1010768 0.1006323 0.0967830 
Notoryctidae_Notoryctes_typhlops             0.0955102 0.0000000 0.0846743 0.0914297 0.0890510 0.1173903 0.0950367 0.1008576 0.0932144 0.1163903 0.0957241 0.1158134 0.1013066 0.1087256 0.1183569 0.1078061 0.1066579 0.1119255 0.0886383 0.1281539 0.1153479 0.1194738 0.1117247 0.0943620 0.0995064 0.1115012 0.0852019 0.1186199 0.1047888 0.0850550 0.0995625 0.1099911 0.1152728 0.1168187 0.1079485 
Vombatidae_Lasiorhinus_latifrons             0.0657224 0.0846743 0.0000000 0.0568392 0.0588127 0.0919005 0.0596130 0.0618813 0.0589791 0.0950326 0.0597044 0.0916523 0.0608494 0.0743119 0.0948952 0.0823961 0.0921213 0.0889175 0.0569791 0.0891550 0.1042640 0.1091210 0.0880451 0.0650116 0.0724690 0.0787725 0.0538738 0.0865291 0.0777848 0.0631795 0.0597070 0.0926305 0.0914970 0.0942750 0.0983986 
Potoroidae_Bettongia_penicillata             0.0591702 0.0914297 0.0568392 0.0000000 0.0008314 0.0970870 0.0542011 0.0578052 0.0046467 0.1031861 0.0606259 0.1063258 0.0576567 0.0661693 0.1096938 0.0904451 0.0972887 0.0963706 0.0082986 0.0900384 0.1087483 0.1125842 0.1003706 0.0272880 0.0803017 0.0759819 0.0071381 0.0809078 0.0700368 0.0549165 0.0558406 0.0998311 0.0967173 0.1025175 0.0921904 
Potoroidae_Bettongia_lesueur                 0.0604580 0.0890510 0.0588127 0.0008314 0.0000000 0.0990353 0.0575564 0.0605301 0.0051197 0.1028268 0.0614114 0.1066511 0.0618237 0.0681901 0.1100072 0.0923355 0.0986467 0.0952748 0.0096454 0.0934443 0.1109499 0.1132077 0.1008174 0.0287407 0.0787007 0.0816793 0.0083440 0.0844727 0.0736116 0.0568525 0.0585635 0.0986715 0.1001523 0.1029511 0.0927331 
Dasyuridae_Dasyurus_maculatus                0.1015020 0.1173903 0.0919005 0.0970870 0.0990353 0.0000000 0.0995251 0.1006496 0.0987891 0.1235042 0.1033337 0.0140171 0.0972795 0.1186820 0.0162299 0.0023721 0.0174578 0.1162744 0.0977876 0.1404639 0.1306110 0.1306960 0.0121747 0.1002141 0.1077539 0.1194039 0.0965771 0.1308582 0.1207829 0.1042337 0.0999962 0.1155123 0.0023772 0.1223967 0.0166093 
Phalangeridae_Trichosurus_vulpecula          0.0522905 0.0950367 0.0596130 0.0542011 0.0575564 0.0995251 0.0000000 0.0108867 0.0565316 0.1033472 0.0164412 0.1064492 0.0136093 0.0675454 0.1074486 0.0904668 0.1004282 0.0991687 0.0551410 0.0891764 0.1062289 0.1190812 0.1030636 0.0638891 0.0753657 0.0738152 0.0502313 0.0844452 0.0738505 0.0546490 0.0115103 0.1020159 0.0983801 0.1025117 0.1017552 
Phalangeridae_Spilocuscus_maculatus          0.0518464 0.1008576 0.0618813 0.0578052 0.0605301 0.1006496 0.0108867 0.0000000 0.0587470 0.1107842 0.0024493 0.1037949 0.0025195 0.0706482 0.1047661 0.0885178 0.1006379 0.1048190 0.0573965 0.0936567 0.1094764 0.1238588 0.1014785 0.0613643 0.0793795 0.0753784 0.0524190 0.0881408 0.0747797 0.0549373 0.0020325 0.1078985 0.0979815 0.1098863 0.0976928 
Potoroidae_Aepyprymnus_rufescens             0.0582093 0.0932144 0.0589791 0.0046467 0.0051197 0.0987891 0.0565316 0.0587470 0.0000000 0.1071741 0.0584605 0.1037514 0.0585956 0.0712200 0.1070156 0.0929061 0.1005866 0.0991508 0.0078027 0.0959457 0.1075435 0.1143466 0.0965413 0.0257017 0.0779862 0.0807365 0.0067156 0.0870629 0.0751036 0.0564765 0.0594272 0.1042197 0.1006538 0.1057800 0.0878871 
Peramelidae_Perameles_nasuta                 0.1002373 0.1163903 0.0950326 0.1031861 0.1028268 0.1235042 0.1033472 0.1107842 0.1071741 0.0000000 0.1108864 0.1312668 0.1128464 0.1209423 0.1289452 0.1138164 0.1168494 0.0096974 0.1002851 0.1491628 0.1370713 0.1398368 0.1265972 0.1041407 0.1152093 0.1300808 0.0981924 0.1398115 0.1223085 0.1074354 0.1104132 0.0099043 0.1230724 0.0000623 0.1226377 
Phalangeridae_Strigocuscus_pelengensis       0.0488968 0.0957241 0.0597044 0.0606259 0.0614114 0.1033337 0.0164412 0.0024493 0.0584605 0.1108864 0.0000000 0.1060670 0.0025933 0.0679312 0.1063932 0.0908324 0.1056709 0.1064805 0.0571140 0.1001994 0.1101039 0.1260764 0.1052289 0.0624255 0.0845017 0.0783823 0.0535959 0.0911500 0.0731616 0.0573033 0.0020686 0.1089846 0.1020992 0.1101353 0.0938808 
Dasyuridae_Phascogale_tapoatafa              0.1029898 0.1158134 0.0916523 0.1063258 0.1066511 0.0140171 0.1064492 0.1037949 0.1037514 0.1312668 0.1060670 0.0000000 0.1044638 0.1190049 0.0018140 0.0096278 0.0205491 0.1214991 0.1032368 0.1401894 0.1389299 0.1436848 0.0041062 0.1076381 0.1123987 0.1260328 0.0997792 0.1319341 0.1202787 0.1037633 0.1054916 0.1247363 0.0116694 0.1296722 0.0216365 
Phalangeridae_Phalanger_orientalis           0.0551503 0.1013066 0.0608494 0.0576567 0.0618237 0.0972795 0.0136093 0.0025195 0.0585956 0.1128464 0.0025933 0.1044638 0.0000000 0.0728508 0.1054718 0.0875567 0.1004808 0.1060292 0.0571747 0.0942157 0.1111825 0.1243050 0.1007132 0.0613008 0.0813802 0.0758455 0.0521638 0.0873407 0.0754086 0.0566270 0.0010788 0.1059612 0.0954618 0.1111946 0.0941708 
Acrobatidae_Acrobates_pygmaeus               0.0691975 0.1087256 0.0743119 0.0661693 0.0681901 0.1186820 0.0675454 0.0706482 0.0712200 0.1209423 0.0679312 0.1190049 0.0728508 0.0000000 0.1214430 0.1063433 0.1173208 0.1162859 0.0658344 0.0902356 0.1304314 0.1355479 0.1142535 0.0787269 0.1000179 0.0787172 0.0634521 0.0816098 0.0755894 0.0247723 0.0714972 0.1149367 0.1146795 0.1194363 0.1182201 
Dasyuridae_Phascogale_calura                 0.1040645 0.1183569 0.0948952 0.1096938 0.1100072 0.0162299 0.1074486 0.1047661 0.1070156 0.1289452 0.1063932 0.0018140 0.1054718 0.1214430 0.0000000 0.0114356 0.0224101 0.1192775 0.1085459 0.1434163 0.1381786 0.1430295 0.0055140 0.1109757 0.1134800 0.1279420 0.1050154 0.1351757 0.1228018 0.1097667 0.1064931 0.1191164 0.0134921 0.1273678 0.0199897 
Dasyuridae_Sarcophilus_harrisii              0.0924387 0.1078061 0.0823961 0.0904451 0.0923355 0.0023721 0.0904668 0.0885178 0.0929061 0.1138164 0.0908324 0.0096278 0.0875567 0.1063433 0.0114356 0.0000000 0.0158961 0.1087450 0.0925793 0.1301917 0.1218047 0.1256879 0.0079378 0.0958135 0.1000983 0.1133153 0.0890741 0.1221993 0.1105386 0.0937114 0.0886938 0.1058106 0.0018126 0.1123567 0.0129860 
Dasyuridae_Planigale_tenuirostris            0.0986493 0.1066579 0.0921213 0.0972887 0.0986467 0.0174578 0.1004282 0.1006379 0.1005866 0.1168494 0.1056709 0.0205491 0.1004808 0.1173208 0.0224101 0.0158961 0.0000000 0.1149607 0.0966934 0.1385043 0.1325876 0.1315546 0.0236700 0.0997283 0.1073740 0.1218114 0.0937207 0.1279956 0.1194895 0.1008139 0.1014010 0.1080606 0.0170807 0.1157389 0.0198369 
Peramelidae_Echymipera_kalubu                0.0941126 0.1119255 0.0889175 0.0963706 0.0952748 0.1162744 0.0991687 0.1048190 0.0991508 0.0096974 0.1064805 0.1214991 0.1060292 0.1162859 0.1192775 0.1087450 0.1149607 0.0000000 0.0945424 0.1456104 0.1264337 0.1285258 0.1168700 0.0992028 0.1079585 0.1212916 0.0909729 0.1319836 0.1145623 0.1003656 0.1044078 0.0025588 0.1176485 0.0101551 0.1173162 
Macropodidae_Dorcopsulus_vanheurni           0.0508346 0.0886383 0.0569791 0.0082986 0.0096454 0.0977876 0.0551410 0.0573965 0.0078027 0.1002851 0.0571140 0.1032368 0.0571747 0.0658344 0.1085459 0.0925793 0.0966934 0.0945424 0.0000000 0.0901379 0.1077007 0.1131033 0.0963732 0.0238103 0.0790996 0.0727169 0.0022740 0.0787751 0.0688313 0.0518754 0.0580193 0.0978179 0.1004485 0.0987658 0.0903494 
Pseudochiridae_Pseudochirulus_forbesi        0.0950706 0.1281539 0.0891550 0.0900384 0.0934443 0.1404639 0.0891764 0.0936567 0.0959457 0.1491628 0.1001994 0.1401894 0.0942157 0.0902356 0.1434163 0.1301917 0.1385043 0.1456104 0.0901379 0.0000000 0.1526200 0.1558555 0.1363350 0.0981030 0.1209621 0.0342932 0.0869894 0.0109806 0.0833532 0.0739412 0.0929810 0.1453288 0.1385294 0.1481861 0.1478328 
Didelphidae_Didelphis_virginiana             0.1107896 0.1153479 0.1042640 0.1087483 0.1109499 0.1306110 0.1062289 0.1094764 0.1075435 0.1370713 0.1101039 0.1389299 0.1111825 0.1304314 0.1381786 0.1218047 0.1325876 0.1264337 0.1077007 0.1526200 0.0000000 0.0284129 0.1359716 0.1120083 0.1103261 0.1320299 0.1055529 0.1480178 0.1349094 0.1165327 0.1097277 0.1299858 0.1321329 0.1354109 0.1426320 
Marmosidae_Monodelphis_domestica             0.1170760 0.1194738 0.1091210 0.1125842 0.1132077 0.1306960 0.1190812 0.1238588 0.1143466 0.1398368 0.1260764 0.1436848 0.1243050 0.1355479 0.1430295 0.1256879 0.1315546 0.1285258 0.1131033 0.1558555 0.0284129 0.0000000 0.1371814 0.1194434 0.1208537 0.1383302 0.1095212 0.1486407 0.1294609 0.1206262 0.1209613 0.1337675 0.1338381 0.1381466 0.1453893 
Dasyuridae_Antechinus_stuartii               0.0987215 0.1117247 0.0880451 0.1003706 0.1008174 0.0121747 0.1030636 0.1014785 0.0965413 0.1265972 0.1052289 0.0041062 0.1007132 0.1142535 0.0055140 0.0079378 0.0236700 0.1168700 0.0963732 0.1363350 0.1359716 0.1371814 0.0000000 0.0999865 0.1059376 0.1197376 0.0944758 0.1253447 0.1183604 0.1006873 0.1033473 0.1180809 0.0117718 0.1248467 0.0194317 
Hypsiprymnodontidae_Hypsiprymnodon_moschatus 0.0633085 0.0943620 0.0650116 0.0272880 0.0287407 0.1002141 0.0638891 0.0613643 0.0257017 0.1041407 0.0624255 0.1076381 0.0613008 0.0787269 0.1109757 0.0958135 0.0997283 0.0992028 0.0238103 0.0981030 0.1120083 0.1194434 0.0999865 0.0000000 0.0886040 0.0796165 0.0219487 0.0850592 0.0707571 0.0603603 0.0621323 0.1017369 0.1035745 0.1035468 0.0959455 
Microbiotheriidae_Dromiciops_gliroides       0.0826799 0.0995064 0.0724690 0.0803017 0.0787007 0.1077539 0.0753657 0.0793795 0.0779862 0.1152093 0.0845017 0.1123987 0.0813802 0.1000179 0.1134800 0.1000983 0.1073740 0.1079585 0.0790996 0.1209621 0.1103261 0.1208537 0.1059376 0.0886040 0.0000000 0.1044750 0.0777420 0.1080097 0.0952462 0.0829169 0.0802856 0.1071291 0.1082198 0.1143076 0.1154463 
Pseudochiridae_Petauroides_volans            0.0790443 0.1115012 0.0787725 0.0759819 0.0816793 0.1194039 0.0738152 0.0753784 0.0807365 0.1300808 0.0783823 0.1260328 0.0758455 0.0787172 0.1279420 0.1133153 0.1218114 0.1212916 0.0727169 0.0342932 0.1320299 0.1383302 0.1197376 0.0796165 0.1044750 0.0000000 0.0716259 0.0318937 0.0678756 0.0651219 0.0775610 0.1216754 0.1159036 0.1284986 0.1237802 
Macropodidae_Wallabia_bicolor                0.0512056 0.0852019 0.0538738 0.0071381 0.0083440 0.0965771 0.0502313 0.0524190 0.0067156 0.0981924 0.0535959 0.0997792 0.0521638 0.0634521 0.1050154 0.0890741 0.0937207 0.0909729 0.0022740 0.0869894 0.1055529 0.1095212 0.0944758 0.0219487 0.0777420 0.0716259 0.0000000 0.0756011 0.0641219 0.0490564 0.0530021 0.0971635 0.0938655 0.0967622 0.0896373 
Pseudochiridae_Pseudocheirus_occidentalis    0.0918369 0.1186199 0.0865291 0.0809078 0.0844727 0.1308582 0.0844452 0.0881408 0.0870629 0.1398115 0.0911500 0.1319341 0.0873407 0.0816098 0.1351757 0.1221993 0.1279956 0.1319836 0.0787751 0.0109806 0.1480178 0.1486407 0.1253447 0.0850592 0.1080097 0.0318937 0.0756011 0.0000000 0.0756086 0.0669831 0.0874476 0.1316322 0.1288394 0.1397285 0.1424957 
Tarsipedidae_Tarsipes_rostratus              0.0759331 0.1047888 0.0777848 0.0700368 0.0736116 0.1207829 0.0738505 0.0747797 0.0751036 0.1223085 0.0731616 0.1202787 0.0754086 0.0755894 0.1228018 0.1105386 0.1194895 0.1145623 0.0688313 0.0833532 0.1349094 0.1294609 0.1183604 0.0707571 0.0952462 0.0678756 0.0641219 0.0756086 0.0000000 0.0598883 0.0706707 0.1173295 0.1225806 0.1212632 0.1152448 
Acrobatidae_Distoechurus_pennatus            0.0545933 0.0850550 0.0631795 0.0549165 0.0568525 0.1042337 0.0546490 0.0549373 0.0564765 0.1074354 0.0573033 0.1037633 0.0566270 0.0247723 0.1097667 0.0937114 0.1008139 0.1003656 0.0518754 0.0739412 0.1165327 0.1206262 0.1006873 0.0603603 0.0829169 0.0651219 0.0490564 0.0669831 0.0598883 0.0000000 0.0554664 0.0989486 0.1009708 0.1060306 0.0970923 
Phalangeridae_Phalanger_carmelitae           0.0537182 0.0995625 0.0597070 0.0558406 0.0585635 0.0999962 0.0115103 0.0020325 0.0594272 0.1104132 0.0020686 0.1054916 0.0010788 0.0714972 0.1064931 0.0886938 0.1014010 0.1044078 0.0580193 0.0929810 0.1097277 0.1209613 0.1033473 0.0621323 0.0802856 0.0775610 0.0530021 0.0874476 0.0706707 0.0554664 0.0000000 0.1044332 0.0981066 0.1095157 0.0986311 
Peramelidae_Peroryctes_raffrayana            0.0985236 0.1099911 0.0926305 0.0998311 0.0986715 0.1155123 0.1020159 0.1078985 0.1042197 0.0099043 0.1089846 0.1247363 0.1059612 0.1149367 0.1191164 0.1058106 0.1080606 0.0025588 0.0978179 0.1453288 0.1299858 0.1337675 0.1180809 0.1017369 0.1071291 0.1216754 0.0971635 0.1316322 0.1173295 0.0989486 0.1044332 0.0000000 0.1151266 0.0099183 0.1164812 
Dasyuridae_Dasyurus_geffroii                 0.1010768 0.1152728 0.0914970 0.0967173 0.1001523 0.0023772 0.0983801 0.0979815 0.1006538 0.1230724 0.1020992 0.0116694 0.0954618 0.1146795 0.0134921 0.0018126 0.0170807 0.1176485 0.1004485 0.1385294 0.1321329 0.1338381 0.0117718 0.1035745 0.1082198 0.1159036 0.0938655 0.1288394 0.1225806 0.1009708 0.0981066 0.1151266 0.0000000 0.1215331 0.0166224 
Peramelidae_Perameles_gunnii                 0.1006323 0.1168187 0.0942750 0.1025175 0.1029511 0.1223967 0.1025117 0.1098863 0.1057800 0.0000623 0.1101353 0.1296722 0.1111946 0.1194363 0.1273678 0.1123567 0.1157389 0.0101551 0.0987658 0.1481861 0.1354109 0.1381466 0.1248467 0.1035468 0.1143076 0.1284986 0.0967622 0.1397285 0.1212632 0.1060306 0.1095157 0.0099183 0.1215331 0.0000000 0.1204514 
Dasyuridae_Sminthopsis_macroura              0.0967830 0.1079485 0.0983986 0.0921904 0.0927331 0.0166093 0.1017552 0.0976928 0.0878871 0.1226377 0.0938808 0.0216365 0.0941708 0.1182201 0.0199897 0.0129860 0.0198369 0.1173162 0.0903494 0.1478328 0.1426320 0.1453893 0.0194317 0.0959455 0.1154463 0.1237802 0.0896373 0.1424957 0.1152448 0.0970923 0.0986311 0.1164812 0.0166224 0.1204514 0.0000000 
