35
Burramyidae_Burramys_parvus                  0.0000000 0.0565866 0.0377643 0.0432569 0.0438392 0.0638227 0.0345362 0.0402883 0.0427715 0.0406355 0.0592601 0.0636371 0.0409791 0.0340882 0.0590856 0.0634983 0.0502013 0.0596741 0.0499072 0.0434531 0.0859398 0.0663843 0.0606127 0.0357099 0.0483485 0.0412300 0.0484481 0.0481719 0.0374394 0.0390772 0.0714461 0.0600724 0.0623701 0.0622657 0.0416084 
Notoryctidae_Notoryctes_typhlops             0.0565866 0.0000000 0.0446786 0.0524573 0.0535680 0.0617334 0.0476256 0.0521323 0.0520590 0.0540266 0.0587629 0.0610539 0.0549341 0.0448582 0.0593654 0.0630333 0.0406188 0.0619628 0.0594947 0.0557757 0.0861836 0.0653338 0.0602957 0.0443759 0.0461704 0.0533512 0.0564690 0.0560817 0.0504996 0.0495529 0.0647573 0.0591621 0.0667271 0.0619484 0.0488374 
Vombatidae_Lasiorhinus_latifrons             0.0377643 0.0446786 0.0000000 0.0352099 0.0362315 0.0561732 0.0263910 0.0298041 0.0352672 0.0327888 0.0523114 0.0564898 0.0332034 0.0267358 0.0533413 0.0564170 0.0378369 0.0517872 0.0406684 0.0394190 0.0761480 0.0571473 0.0541962 0.0333616 0.0360215 0.0350600 0.0404310 0.0461067 0.0303124 0.0288176 0.0607373 0.0531082 0.0563870 0.0515218 0.0283161 
Potoroidae_Bettongia_penicillata             0.0432569 0.0524573 0.0352099 0.0000000 0.0008261 0.0638456 0.0360640 0.0428422 0.0018274 0.0420877 0.0605987 0.0619271 0.0439296 0.0332615 0.0610240 0.0629460 0.0410549 0.0587484 0.0123807 0.0437711 0.0817481 0.0632773 0.0603498 0.0134524 0.0433440 0.0413765 0.0094282 0.0455930 0.0356655 0.0427003 0.0707764 0.0601728 0.0607745 0.0573856 0.0391659 
Potoroidae_Bettongia_lesueur                 0.0438392 0.0535680 0.0362315 0.0008261 0.0000000 0.0658103 0.0376312 0.0444216 0.0022207 0.0444306 0.0625143 0.0638521 0.0455642 0.0346714 0.0629421 0.0649025 0.0432815 0.0605897 0.0181209 0.0454010 0.0841471 0.0646536 0.0622877 0.0185932 0.0443814 0.0430505 0.0150268 0.0478910 0.0372399 0.0443188 0.0728971 0.0620678 0.0632956 0.0594508 0.0398738 
Dasyuridae_Dasyurus_maculatus                0.0638227 0.0617334 0.0561732 0.0638456 0.0658103 0.0000000 0.0595716 0.0596427 0.0621722 0.0617131 0.0026989 0.0091534 0.0665868 0.0542520 0.0031888 0.0014928 0.0109695 0.0716946 0.0705105 0.0611549 0.0891663 0.0728037 0.0033879 0.0567932 0.0526802 0.0629154 0.0688458 0.0480051 0.0544080 0.0632931 0.0814199 0.0009388 0.0765332 0.0747589 0.0575208 
Phalangeridae_Trichosurus_vulpecula          0.0345362 0.0476256 0.0263910 0.0360640 0.0376312 0.0595716 0.0000000 0.0027982 0.0361452 0.0045555 0.0540102 0.0598840 0.0034598 0.0272996 0.0533143 0.0597966 0.0400904 0.0506194 0.0399911 0.0339467 0.0759852 0.0605642 0.0547834 0.0295221 0.0379189 0.0361091 0.0385771 0.0389578 0.0301159 0.0026333 0.0591147 0.0549111 0.0535648 0.0500463 0.0322050 
Phalangeridae_Spilocuscus_maculatus          0.0402883 0.0521323 0.0298041 0.0428422 0.0444216 0.0596427 0.0027982 0.0000000 0.0423769 0.0040598 0.0548954 0.0622753 0.0026754 0.0326929 0.0554363 0.0609143 0.0410896 0.0543462 0.0452795 0.0417742 0.0793691 0.0631475 0.0568832 0.0336054 0.0419801 0.0421467 0.0450199 0.0438991 0.0341463 0.0025225 0.0624346 0.0554418 0.0574391 0.0561872 0.0388097 
Potoroidae_Aepyprymnus_rufescens             0.0427715 0.0520590 0.0352672 0.0018274 0.0022207 0.0621722 0.0361452 0.0423769 0.0000000 0.0422659 0.0583480 0.0625462 0.0434734 0.0339146 0.0605563 0.0624775 0.0395734 0.0594598 0.0103396 0.0432979 0.0811125 0.0627316 0.0604258 0.0134528 0.0434003 0.0420542 0.0086582 0.0456972 0.0368288 0.0422417 0.0696370 0.0597070 0.0614125 0.0581332 0.0391847 
Phalangeridae_Strigocuscus_pelengensis       0.0406355 0.0540266 0.0327888 0.0420877 0.0444306 0.0617131 0.0045555 0.0040598 0.0422659 0.0000000 0.0588268 0.0673349 0.0058635 0.0328208 0.0592781 0.0620329 0.0489059 0.0588632 0.0476154 0.0429211 0.0814196 0.0628137 0.0604152 0.0348214 0.0435957 0.0421574 0.0474042 0.0500266 0.0354260 0.0040405 0.0664012 0.0585305 0.0614545 0.0573104 0.0396468 
Dasyuridae_Phascogale_tapoatafa              0.0592601 0.0587629 0.0523114 0.0605987 0.0625143 0.0026989 0.0540102 0.0548954 0.0583480 0.0588268 0.0000000 0.0048843 0.0614701 0.0490968 0.0004463 0.0030245 0.0072335 0.0678689 0.0664527 0.0568051 0.0876633 0.0682172 0.0009428 0.0507170 0.0504577 0.0577214 0.0641965 0.0447040 0.0495602 0.0582453 0.0800678 0.0026979 0.0719507 0.0706281 0.0521678 
Dasyuridae_Sminthopsis_macroura              0.0636371 0.0610539 0.0564898 0.0619271 0.0638521 0.0091534 0.0598840 0.0622753 0.0625462 0.0673349 0.0048843 0.0000000 0.0674794 0.0535586 0.0039434 0.0085180 0.0078459 0.0745274 0.0702343 0.0611335 0.0906732 0.0733505 0.0049256 0.0532241 0.0566926 0.0617706 0.0673185 0.0486336 0.0532909 0.0641875 0.0853482 0.0078493 0.0790315 0.0774751 0.0555073 
Phalangeridae_Phalanger_orientalis           0.0409791 0.0549341 0.0332034 0.0439296 0.0455642 0.0665868 0.0034598 0.0026754 0.0434734 0.0058635 0.0614701 0.0674794 0.0000000 0.0336797 0.0601904 0.0675290 0.0454864 0.0571205 0.0475246 0.0396828 0.0803828 0.0673156 0.0617855 0.0354714 0.0455851 0.0396761 0.0472244 0.0432023 0.0360418 0.0014732 0.0653065 0.0628750 0.0606374 0.0566234 0.0355760 
Acrobatidae_Acrobates_pygmaeus               0.0340882 0.0448582 0.0267358 0.0332615 0.0346714 0.0542520 0.0272996 0.0326929 0.0339146 0.0328208 0.0490968 0.0535586 0.0336797 0.0000000 0.0496712 0.0547558 0.0322165 0.0512794 0.0396440 0.0315050 0.0784791 0.0583991 0.0504004 0.0259500 0.0353991 0.0288820 0.0388086 0.0338230 0.0054231 0.0323098 0.0656462 0.0506394 0.0537536 0.0529303 0.0281219 
Dasyuridae_Phascogale_calura                 0.0590856 0.0593654 0.0533413 0.0610240 0.0629421 0.0031888 0.0533143 0.0554363 0.0605563 0.0592781 0.0004463 0.0039434 0.0601904 0.0496712 0.0000000 0.0031947 0.0072423 0.0683121 0.0668904 0.0555754 0.0880999 0.0698881 0.0009426 0.0511528 0.0509133 0.0565957 0.0646337 0.0431675 0.0511379 0.0569895 0.0800541 0.0028536 0.0723850 0.0719494 0.0515426 
Dasyuridae_Sarcophilus_harrisii              0.0634983 0.0630333 0.0564170 0.0629460 0.0649025 0.0014928 0.0597966 0.0609143 0.0624775 0.0620329 0.0030245 0.0085180 0.0675290 0.0547558 0.0031947 0.0000000 0.0122564 0.0721021 0.0708401 0.0625100 0.0882225 0.0731723 0.0033902 0.0570684 0.0535291 0.0622221 0.0678891 0.0489474 0.0551099 0.0642050 0.0801969 0.0012633 0.0769824 0.0755463 0.0567184 
Dasyuridae_Planigale_tenuirostris            0.0502013 0.0406188 0.0378369 0.0410549 0.0432815 0.0109695 0.0400904 0.0410896 0.0395734 0.0489059 0.0072335 0.0078459 0.0454864 0.0322165 0.0072423 0.0122564 0.0000000 0.0479838 0.0490947 0.0412818 0.0584966 0.0485741 0.0079304 0.0307606 0.0383955 0.0462353 0.0445235 0.0464086 0.0335746 0.0437192 0.0621246 0.0116003 0.0538740 0.0518762 0.0351442 
Peramelidae_Echymipera_kalubu                0.0596741 0.0619628 0.0517872 0.0587484 0.0605897 0.0716946 0.0506194 0.0543462 0.0594598 0.0588632 0.0678689 0.0745274 0.0571205 0.0512794 0.0683121 0.0721021 0.0479838 0.0000000 0.0617603 0.0569207 0.0945293 0.0740249 0.0656766 0.0547888 0.0538752 0.0563385 0.0620700 0.0555855 0.0520425 0.0540315 0.0238049 0.0715872 0.0079115 0.0050721 0.0550472 
Macropodidae_Dorcopsulus_vanheurni           0.0499072 0.0594947 0.0406684 0.0123807 0.0181209 0.0705105 0.0399911 0.0452795 0.0103396 0.0476154 0.0664527 0.0702343 0.0475246 0.0396440 0.0668904 0.0708401 0.0490947 0.0617603 0.0000000 0.0490089 0.0901104 0.0720048 0.0680821 0.0215784 0.0505460 0.0501603 0.0012959 0.0486998 0.0411585 0.0462421 0.0733076 0.0664656 0.0636494 0.0598739 0.0491018 
Pseudochiridae_Pseudochirulus_forbesi        0.0434531 0.0557757 0.0394190 0.0437711 0.0454010 0.0611549 0.0339467 0.0417742 0.0432979 0.0429211 0.0568051 0.0611335 0.0396828 0.0315050 0.0555754 0.0625100 0.0412818 0.0569207 0.0490089 0.0000000 0.0842541 0.0683123 0.0575666 0.0368902 0.0452857 0.0077754 0.0475930 0.0347573 0.0323581 0.0384313 0.0678348 0.0592969 0.0642655 0.0618200 0.0031024 
Didelphidae_Didelphis_virginiana             0.0859398 0.0861836 0.0761480 0.0817481 0.0841471 0.0891663 0.0759852 0.0793691 0.0811125 0.0814196 0.0876633 0.0906732 0.0803828 0.0784791 0.0880999 0.0882225 0.0584966 0.0945293 0.0901104 0.0842541 0.0000000 0.0336507 0.0889761 0.0790867 0.0775313 0.0805442 0.0894500 0.0629005 0.0741005 0.0781775 0.0992451 0.0863028 0.0983585 0.0954916 0.0806820 
Marmosidae_Monodelphis_domestica             0.0663843 0.0653338 0.0571473 0.0632773 0.0646536 0.0728037 0.0605642 0.0631475 0.0627316 0.0628137 0.0682172 0.0733505 0.0673156 0.0583991 0.0698881 0.0731723 0.0485741 0.0740249 0.0720048 0.0683123 0.0336507 0.0000000 0.0705985 0.0595507 0.0555575 0.0686331 0.0704138 0.0534888 0.0561828 0.0622873 0.0870230 0.0701986 0.0776073 0.0744126 0.0617987 
Dasyuridae_Antechinus_stuartii               0.0606127 0.0602957 0.0541962 0.0603498 0.0622877 0.0033879 0.0547834 0.0568832 0.0604258 0.0604152 0.0009428 0.0049256 0.0617855 0.0504004 0.0009426 0.0033902 0.0079304 0.0656766 0.0680821 0.0575666 0.0889761 0.0705985 0.0000000 0.0519746 0.0505344 0.0581179 0.0658381 0.0446220 0.0497082 0.0591107 0.0772240 0.0030351 0.0704180 0.0699052 0.0523755 
Hypsiprymnodontidae_Hypsiprymnodon_moschatus 0.0357099 0.0443759 0.0333616 0.0134524 0.0185932 0.0567932 0.0295221 0.0336054 0.0134528 0.0348214 0.0507170 0.0532241 0.0354714 0.0259500 0.0511528 0.0570684 0.0307606 0.0547888 0.0215784 0.0368902 0.0790867 0.0595507 0.0519746 0.0000000 0.0374553 0.0350098 0.0202411 0.0355282 0.0295344 0.0329893 0.0621868 0.0532300 0.0577248 0.0572172 0.0363460 
Microbiotheriidae_Dromiciops_gliroides       0.0483485 0.0461704 0.0360215 0.0433440 0.0443814 0.0526802 0.0379189 0.0419801 0.0434003 0.0435957 0.0504577 0.0566926 0.0455851 0.0353991 0.0509133 0.0535291 0.0383955 0.0538752 0.0505460 0.0452857 0.0775313 0.0555575 0.0505344 0.0374553 0.0000000 0.0433947 0.0494597 0.0491774 0.0402772 0.0425522 0.0604019 0.0502026 0.0586476 0.0576806 0.0368428 
Pseudochiridae_Petauroides_volans            0.0412300 0.0533512 0.0350600 0.0413765 0.0430505 0.0629154 0.0361091 0.0421467 0.0420542 0.0421574 0.0577214 0.0617706 0.0396761 0.0288820 0.0565957 0.0622221 0.0462353 0.0563385 0.0501603 0.0077754 0.0805442 0.0686331 0.0581179 0.0350098 0.0433947 0.0000000 0.0486501 0.0386795 0.0327047 0.0389905 0.0667491 0.0592205 0.0617794 0.0577939 0.0046165 
Macropodidae_Wallabia_bicolor                0.0484481 0.0564690 0.0404310 0.0094282 0.0150268 0.0688458 0.0385771 0.0450199 0.0086582 0.0474042 0.0641965 0.0673185 0.0472244 0.0388086 0.0646337 0.0678891 0.0445235 0.0620700 0.0012959 0.0475930 0.0894500 0.0704138 0.0658381 0.0202411 0.0494597 0.0486501 0.0000000 0.0468976 0.0427167 0.0459491 0.0727931 0.0648579 0.0653513 0.0616031 0.0460927 
Tarsipedidae_Tarsipes_rostratus              0.0481719 0.0560817 0.0461067 0.0455930 0.0478910 0.0480051 0.0389578 0.0438991 0.0456972 0.0500266 0.0447040 0.0486336 0.0432023 0.0338230 0.0431675 0.0489474 0.0464086 0.0555855 0.0486998 0.0347573 0.0629005 0.0534888 0.0446220 0.0355282 0.0491774 0.0386795 0.0468976 0.0000000 0.0367407 0.0408985 0.0669378 0.0471351 0.0573768 0.0497020 0.0311122 
Acrobatidae_Distoechurus_pennatus            0.0374394 0.0504996 0.0303124 0.0356655 0.0372399 0.0544080 0.0301159 0.0341463 0.0368288 0.0354260 0.0495602 0.0532909 0.0360418 0.0054231 0.0511379 0.0551099 0.0335746 0.0520425 0.0411585 0.0323581 0.0741005 0.0561828 0.0497082 0.0295344 0.0402772 0.0327047 0.0427167 0.0367407 0.0000000 0.0347155 0.0659816 0.0508821 0.0515570 0.0498761 0.0286824 
Phalangeridae_Phalanger_carmelitae           0.0390772 0.0495529 0.0288176 0.0427003 0.0443188 0.0632931 0.0026333 0.0025225 0.0422417 0.0040405 0.0582453 0.0641875 0.0014732 0.0323098 0.0569895 0.0642050 0.0437192 0.0540315 0.0462421 0.0384313 0.0781775 0.0622873 0.0591107 0.0329893 0.0425522 0.0389905 0.0459491 0.0408985 0.0347155 0.0000000 0.0630694 0.0591039 0.0570123 0.0545605 0.0368168 
Peramelidae_Peroryctes_raffrayana            0.0714461 0.0647573 0.0607373 0.0707764 0.0728971 0.0814199 0.0591147 0.0624346 0.0696370 0.0664012 0.0800678 0.0853482 0.0653065 0.0656462 0.0800541 0.0801969 0.0621246 0.0238049 0.0733076 0.0678348 0.0992451 0.0870230 0.0772240 0.0621868 0.0604019 0.0667491 0.0727931 0.0669378 0.0659816 0.0630694 0.0000000 0.0793797 0.0274059 0.0256755 0.0669419 
Dasyuridae_Dasyurus_geffroii                 0.0600724 0.0591621 0.0531082 0.0601728 0.0620678 0.0009388 0.0549111 0.0554418 0.0597070 0.0585305 0.0026979 0.0078493 0.0628750 0.0506394 0.0028536 0.0012633 0.0116003 0.0715872 0.0664656 0.0592969 0.0863028 0.0701986 0.0030351 0.0532300 0.0502026 0.0592205 0.0648579 0.0471351 0.0508821 0.0591039 0.0793797 0.0000000 0.0751249 0.0724017 0.0533054 
Peramelidae_Perameles_gunnii                 0.0623701 0.0667271 0.0563870 0.0607745 0.0632956 0.0765332 0.0535648 0.0574391 0.0614125 0.0614545 0.0719507 0.0790315 0.0606374 0.0537536 0.0723850 0.0769824 0.0538740 0.0079115 0.0636494 0.0642655 0.0983585 0.0776073 0.0704180 0.0577248 0.0586476 0.0617794 0.0653513 0.0573768 0.0515570 0.0570123 0.0274059 0.0751249 0.0000000 0.0000902 0.0585545 
Peramelidae_Perameles_nasuta                 0.0622657 0.0619484 0.0515218 0.0573856 0.0594508 0.0747589 0.0500463 0.0561872 0.0581332 0.0573104 0.0706281 0.0774751 0.0566234 0.0529303 0.0719494 0.0755463 0.0518762 0.0050721 0.0598739 0.0618200 0.0954916 0.0744126 0.0699052 0.0572172 0.0576806 0.0577939 0.0616031 0.0497020 0.0498761 0.0545605 0.0256755 0.0724017 0.0000902 0.0000000 0.0572038 
Pseudochiridae_Pseudocheirus_occidentalis    0.0416084 0.0488374 0.0283161 0.0391659 0.0398738 0.0575208 0.0322050 0.0388097 0.0391847 0.0396468 0.0521678 0.0555073 0.0355760 0.0281219 0.0515426 0.0567184 0.0351442 0.0550472 0.0491018 0.0031024 0.0806820 0.0617987 0.0523755 0.0363460 0.0368428 0.0046165 0.0460927 0.0311122 0.0286824 0.0368168 0.0669419 0.0533054 0.0585545 0.0572038 0.0000000 
