35
Burramyidae_Burramys_parvus                  0.0000000 0.0612911 0.0432840 0.0477282 0.0482116 0.0674241 0.0388128 0.0444978 0.0471102 0.0463542 0.0631005 0.0674486 0.0451622 0.0384067 0.0630091 0.0672453 0.0771777 0.0632296 0.0557458 0.0477858 0.0904917 0.0691927 0.0643374 0.0399978 0.0538150 0.0457337 0.0535440 0.0723718 0.0415761 0.0433988 0.0763041 0.0639742 0.0668460 0.0669248 0.0464389 
Notoryctidae_Notoryctes_typhlops             0.0612911 0.0000000 0.0499942 0.0573146 0.0581532 0.0668326 0.0519861 0.0567140 0.0567151 0.0604678 0.0639519 0.0663928 0.0593641 0.0492112 0.0646459 0.0681394 0.0622515 0.0663644 0.0654191 0.0605162 0.0904549 0.0689343 0.0653566 0.0487586 0.0522391 0.0583349 0.0616844 0.0831286 0.0549778 0.0541514 0.0697663 0.0644420 0.0714406 0.0668023 0.0540458 
Vombatidae_Lasiorhinus_latifrons             0.0432840 0.0499942 0.0000000 0.0412145 0.0419413 0.0618333 0.0328993 0.0361092 0.0411409 0.0393407 0.0580852 0.0624415 0.0390721 0.0331144 0.0591888 0.0621973 0.0583054 0.0569386 0.0471775 0.0450095 0.0817699 0.0616431 0.0599206 0.0389332 0.0422309 0.0410902 0.0463063 0.0683259 0.0361460 0.0352332 0.0664680 0.0589547 0.0620713 0.0575735 0.0355311 
Potoroidae_Bettongia_penicillata             0.0477282 0.0573146 0.0412145 0.0000000 0.0044279 0.0679889 0.0405359 0.0473177 0.0088299 0.0485758 0.0649000 0.0664046 0.0482576 0.0377576 0.0654027 0.0672861 0.0625890 0.0625560 0.0237453 0.0481661 0.0865597 0.0662987 0.0645096 0.0249942 0.0489379 0.0461122 0.0222761 0.0671511 0.0400864 0.0471340 0.0756723 0.0646186 0.0650371 0.0619288 0.0441480 
Potoroidae_Bettongia_lesueur                 0.0482116 0.0581532 0.0419413 0.0044279 0.0000000 0.0694578 0.0417847 0.0485870 0.0103589 0.0507082 0.0663536 0.0678648 0.0495658 0.0388939 0.0668587 0.0687590 0.0655869 0.0639156 0.0265787 0.0494720 0.0882530 0.0672620 0.0659765 0.0271703 0.0497222 0.0475051 0.0250347 0.0701022 0.0413347 0.0484333 0.0772559 0.0660644 0.0670601 0.0635305 0.0447306 
Dasyuridae_Dasyurus_maculatus                0.0674241 0.0668326 0.0618333 0.0679889 0.0694578 0.0000000 0.0632040 0.0632419 0.0662236 0.0679783 0.0119533 0.0225615 0.0699097 0.0578463 0.0134514 0.0074566 0.0173295 0.0749354 0.0763927 0.0650512 0.0937663 0.0756322 0.0141393 0.0606860 0.0584827 0.0671260 0.0736790 0.0708059 0.0583118 0.0669240 0.0858746 0.0049263 0.0800742 0.0784877 0.0619749 
Phalangeridae_Trichosurus_vulpecula          0.0388128 0.0519861 0.0328993 0.0405359 0.0417847 0.0632040 0.0000000 0.0125518 0.0404718 0.0157040 0.0579148 0.0638253 0.0144332 0.0322862 0.0573388 0.0635242 0.0611124 0.0540644 0.0454269 0.0384426 0.0803448 0.0630701 0.0585804 0.0342146 0.0431100 0.0406075 0.0435113 0.0578309 0.0346928 0.0118897 0.0636624 0.0587753 0.0572779 0.0540351 0.0372735 
Phalangeridae_Spilocuscus_maculatus          0.0444978 0.0567140 0.0361092 0.0473177 0.0485870 0.0632419 0.0125518 0.0000000 0.0466961 0.0147501 0.0588639 0.0661777 0.0120795 0.0371349 0.0594682 0.0645293 0.0623274 0.0578593 0.0510914 0.0461270 0.0832315 0.0653424 0.0606491 0.0381292 0.0473875 0.0466454 0.0501140 0.0650824 0.0386046 0.0115462 0.0669421 0.0593038 0.0612631 0.0601399 0.0435337 
Potoroidae_Aepyprymnus_rufescens             0.0471102 0.0567151 0.0411409 0.0088299 0.0103589 0.0662236 0.0404718 0.0466961 0.0000000 0.0485992 0.0625596 0.0668680 0.0476420 0.0382293 0.0647506 0.0666278 0.0602337 0.0629856 0.0226291 0.0475686 0.0857290 0.0657223 0.0644160 0.0249590 0.0489200 0.0466562 0.0217125 0.0671171 0.0410700 0.0465220 0.0742857 0.0639706 0.0654401 0.0624219 0.0440818 
Phalangeridae_Strigocuscus_pelengensis       0.0463542 0.0604678 0.0393407 0.0485758 0.0507082 0.0679783 0.0157040 0.0147501 0.0485992 0.0000000 0.0651396 0.0739298 0.0180535 0.0386971 0.0657128 0.0683854 0.0736187 0.0650249 0.0547957 0.0493059 0.0874163 0.0682878 0.0666548 0.0407849 0.0503620 0.0487764 0.0538927 0.0728882 0.0413478 0.0146000 0.0728456 0.0648546 0.0681463 0.0644128 0.0466299 
Dasyuridae_Phascogale_tapoatafa              0.0631005 0.0639519 0.0580852 0.0649000 0.0663536 0.0119533 0.0579148 0.0588639 0.0625596 0.0651396 0.0000000 0.0175399 0.0651536 0.0528627 0.0024691 0.0130109 0.0114691 0.0712360 0.0724954 0.0608622 0.0923347 0.0714111 0.0050110 0.0548574 0.0563981 0.0621447 0.0692898 0.0662837 0.0536097 0.0621867 0.0846920 0.0119459 0.0756512 0.0745156 0.0568483 
Dasyuridae_Sminthopsis_macroura              0.0674486 0.0663928 0.0624415 0.0664046 0.0678648 0.0225615 0.0638253 0.0661777 0.0668680 0.0739298 0.0175399 0.0000000 0.0711219 0.0573386 0.0154823 0.0222015 0.0124322 0.0778491 0.0764997 0.0651738 0.0951191 0.0762908 0.0177566 0.0574616 0.0627253 0.0661327 0.0726182 0.0718780 0.0572408 0.0681249 0.0897490 0.0215290 0.0824839 0.0811294 0.0601737 
Phalangeridae_Phalanger_orientalis           0.0451622 0.0593641 0.0390721 0.0482576 0.0495658 0.0699097 0.0144332 0.0120795 0.0476420 0.0180535 0.0651536 0.0711219 0.0000000 0.0379373 0.0639417 0.0709155 0.0685325 0.0605029 0.0531936 0.0439535 0.0839638 0.0690693 0.0653703 0.0397548 0.0509092 0.0441300 0.0522072 0.0633780 0.0402782 0.0074077 0.0698844 0.0665304 0.0644205 0.0606572 0.0404249 
Acrobatidae_Acrobates_pygmaeus               0.0384067 0.0492112 0.0331144 0.0377576 0.0388939 0.0578463 0.0322862 0.0371349 0.0382293 0.0386971 0.0528627 0.0573386 0.0379373 0.0000000 0.0534971 0.0584591 0.0494148 0.0543862 0.0449020 0.0361192 0.0825331 0.0607299 0.0541307 0.0313121 0.0405756 0.0341223 0.0434795 0.0508751 0.0187773 0.0367786 0.0697647 0.0544731 0.0570797 0.0563145 0.0338832 
Dasyuridae_Phascogale_calura                 0.0630091 0.0646459 0.0591888 0.0654027 0.0668587 0.0134514 0.0573388 0.0594682 0.0647506 0.0657128 0.0024691 0.0154823 0.0639417 0.0534971 0.0000000 0.0135275 0.0115209 0.0717810 0.0730329 0.0596673 0.0928599 0.0730440 0.0050124 0.0553598 0.0569352 0.0610448 0.0698166 0.0640523 0.0551779 0.0609866 0.0848437 0.0124377 0.0761681 0.0758216 0.0561936 
Dasyuridae_Sarcophilus_harrisii              0.0672453 0.0681394 0.0621973 0.0672861 0.0687590 0.0074566 0.0635242 0.0645293 0.0666278 0.0683854 0.0130109 0.0222015 0.0709155 0.0584591 0.0135275 0.0000000 0.0193586 0.0753618 0.0768449 0.0664681 0.0930953 0.0760999 0.0141703 0.0610550 0.0594332 0.0666383 0.0729383 0.0725079 0.0591245 0.0679053 0.0847030 0.0064533 0.0805157 0.0791865 0.0613086 
Dasyuridae_Planigale_tenuirostris            0.0771777 0.0622515 0.0583054 0.0625890 0.0655869 0.0173295 0.0611124 0.0623274 0.0602337 0.0736187 0.0114691 0.0124322 0.0685325 0.0494148 0.0115209 0.0193586 0.0000000 0.0732192 0.0745989 0.0627259 0.0875327 0.0733582 0.0125730 0.0475133 0.0590581 0.0705974 0.0677307 0.0702313 0.0514593 0.0661594 0.0935384 0.0183229 0.0815576 0.0841912 0.0576687 
Peramelidae_Echymipera_kalubu                0.0632296 0.0663644 0.0569386 0.0625560 0.0639156 0.0749354 0.0540644 0.0578593 0.0629856 0.0650249 0.0712360 0.0778491 0.0605029 0.0543862 0.0717810 0.0753618 0.0732192 0.0000000 0.0671762 0.0603558 0.0978513 0.0759127 0.0691711 0.0580778 0.0590422 0.0601759 0.0665497 0.0816073 0.0552848 0.0576269 0.0304620 0.0748764 0.0214432 0.0196472 0.0586255 
Macropodidae_Dorcopsulus_vanheurni           0.0557458 0.0654191 0.0471775 0.0237453 0.0265787 0.0763927 0.0454269 0.0510914 0.0226291 0.0547957 0.0724954 0.0764997 0.0531936 0.0449020 0.0730329 0.0768449 0.0745989 0.0671762 0.0000000 0.0547646 0.0940850 0.0765689 0.0740290 0.0292691 0.0562461 0.0562595 0.0062274 0.0715853 0.0466081 0.0519815 0.0783563 0.0726739 0.0691149 0.0663865 0.0555278 
Pseudochiridae_Pseudochirulus_forbesi        0.0477858 0.0605162 0.0450095 0.0481661 0.0494720 0.0650512 0.0384426 0.0461270 0.0475686 0.0493059 0.0608622 0.0651738 0.0439535 0.0361192 0.0596673 0.0664681 0.0627259 0.0603558 0.0547646 0.0000000 0.0883995 0.0705220 0.0615332 0.0411786 0.0506736 0.0217607 0.0526639 0.0517926 0.0369194 0.0428160 0.0727590 0.0633544 0.0678308 0.0656444 0.0148139 
Didelphidae_Didelphis_virginiana             0.0904917 0.0904549 0.0817699 0.0865597 0.0882530 0.0937663 0.0803448 0.0832315 0.0857290 0.0874163 0.0923347 0.0951191 0.0839638 0.0825331 0.0928599 0.0930953 0.0875327 0.0978513 0.0940850 0.0883995 0.0000000 0.0396590 0.0934563 0.0830936 0.0823174 0.0856315 0.0930448 0.0914359 0.0786013 0.0821359 0.1019187 0.0912413 0.1011619 0.0995995 0.0854478 
Marmosidae_Monodelphis_domestica             0.0691927 0.0689343 0.0616431 0.0662987 0.0672620 0.0756322 0.0630701 0.0653424 0.0657223 0.0682878 0.0714111 0.0762908 0.0690693 0.0607299 0.0730440 0.0760999 0.0733582 0.0759127 0.0765689 0.0705220 0.0396590 0.0000000 0.0734265 0.0621815 0.0603038 0.0710712 0.0740511 0.0785729 0.0587629 0.0645281 0.0897659 0.0733334 0.0797419 0.0767063 0.0644306 
Dasyuridae_Antechinus_stuartii               0.0643374 0.0653566 0.0599206 0.0645096 0.0659765 0.0141393 0.0585804 0.0606491 0.0644160 0.0666548 0.0050110 0.0177566 0.0653703 0.0541307 0.0050124 0.0141703 0.0125730 0.0691711 0.0740290 0.0615332 0.0934563 0.0734265 0.0000000 0.0559926 0.0564460 0.0624430 0.0707705 0.0664687 0.0536332 0.0629423 0.0819679 0.0131108 0.0741862 0.0736517 0.0569349 
Hypsiprymnodontidae_Hypsiprymnodon_moschatus 0.0399978 0.0487586 0.0389332 0.0249942 0.0271703 0.0606860 0.0342146 0.0381292 0.0249590 0.0407849 0.0548574 0.0574616 0.0397548 0.0313121 0.0553598 0.0610550 0.0475133 0.0580778 0.0292691 0.0411786 0.0830936 0.0621815 0.0559926 0.0000000 0.0425853 0.0396473 0.0282391 0.0532478 0.0342497 0.0375565 0.0663915 0.0573554 0.0614195 0.0610568 0.0410011 
Microbiotheriidae_Dromiciops_gliroides       0.0538150 0.0522391 0.0422309 0.0489379 0.0497222 0.0584827 0.0431100 0.0473875 0.0489200 0.0503620 0.0563981 0.0627253 0.0509092 0.0405756 0.0569352 0.0594332 0.0590581 0.0590422 0.0562461 0.0506736 0.0823174 0.0603038 0.0564460 0.0425853 0.0000000 0.0489284 0.0549575 0.0725675 0.0453670 0.0479506 0.0657360 0.0561210 0.0638550 0.0636447 0.0429461 
Pseudochiridae_Petauroides_volans            0.0457337 0.0583349 0.0410902 0.0461122 0.0475051 0.0671260 0.0406075 0.0466454 0.0466562 0.0487764 0.0621447 0.0661327 0.0441300 0.0341223 0.0610448 0.0666383 0.0705974 0.0601759 0.0562595 0.0217607 0.0856315 0.0710712 0.0624430 0.0396473 0.0489284 0.0000000 0.0540231 0.0582144 0.0374986 0.0435388 0.0719245 0.0637217 0.0658905 0.0621456 0.0189747 
Macropodidae_Wallabia_bicolor                0.0535440 0.0616844 0.0463063 0.0222761 0.0250347 0.0736790 0.0435113 0.0501140 0.0217125 0.0538927 0.0692898 0.0726182 0.0522072 0.0434795 0.0698166 0.0729383 0.0677307 0.0665497 0.0062274 0.0526639 0.0930448 0.0740511 0.0707705 0.0282391 0.0549575 0.0540231 0.0000000 0.0688666 0.0474622 0.0510203 0.0772323 0.0700513 0.0703634 0.0669771 0.0517162 
Tarsipedidae_Tarsipes_rostratus              0.0723718 0.0831286 0.0683259 0.0671511 0.0701022 0.0708059 0.0578309 0.0650824 0.0671171 0.0728882 0.0662837 0.0718780 0.0633780 0.0508751 0.0640523 0.0725079 0.0702313 0.0816073 0.0715853 0.0517926 0.0914359 0.0785729 0.0664687 0.0532478 0.0725675 0.0582144 0.0688666 0.0000000 0.0547684 0.0602643 0.0987497 0.0697249 0.0840439 0.0804566 0.0511531 
Acrobatidae_Distoechurus_pennatus            0.0415761 0.0549778 0.0361460 0.0400864 0.0413347 0.0583118 0.0346928 0.0386046 0.0410700 0.0413478 0.0536097 0.0572408 0.0402782 0.0187773 0.0551779 0.0591245 0.0514593 0.0552848 0.0466081 0.0369194 0.0786013 0.0587629 0.0536332 0.0342497 0.0453670 0.0374986 0.0474622 0.0547684 0.0000000 0.0390846 0.0704839 0.0550024 0.0551594 0.0536743 0.0343325 
Phalangeridae_Phalanger_carmelitae           0.0433988 0.0541514 0.0352332 0.0471340 0.0484333 0.0669240 0.0118897 0.0115462 0.0465220 0.0146000 0.0621867 0.0681249 0.0074077 0.0367786 0.0609866 0.0679053 0.0661594 0.0576269 0.0519815 0.0428160 0.0821359 0.0645281 0.0629423 0.0375565 0.0479506 0.0435388 0.0510203 0.0602643 0.0390846 0.0000000 0.0677761 0.0630114 0.0609420 0.0587449 0.0416238 
Peramelidae_Peroryctes_raffrayana            0.0763041 0.0697663 0.0664680 0.0756723 0.0772559 0.0858746 0.0636624 0.0669421 0.0742857 0.0728456 0.0846920 0.0897490 0.0698844 0.0697647 0.0848437 0.0847030 0.0935384 0.0304620 0.0783563 0.0727590 0.1019187 0.0897659 0.0819679 0.0663915 0.0657360 0.0719245 0.0772323 0.0987497 0.0704839 0.0677761 0.0000000 0.0839241 0.0334503 0.0326417 0.0719851 
Dasyuridae_Dasyurus_geffroii                 0.0639742 0.0644420 0.0589547 0.0646186 0.0660644 0.0049263 0.0587753 0.0593038 0.0639706 0.0648546 0.0119459 0.0215290 0.0665304 0.0544731 0.0124377 0.0064533 0.0183229 0.0748764 0.0726739 0.0633544 0.0912413 0.0733334 0.0131108 0.0573554 0.0561210 0.0637217 0.0700513 0.0697249 0.0550024 0.0630114 0.0839241 0.0000000 0.0788323 0.0764138 0.0580922 
Peramelidae_Perameles_gunnii                 0.0668460 0.0714406 0.0620713 0.0650371 0.0670601 0.0800742 0.0572779 0.0612631 0.0654401 0.0681463 0.0756512 0.0824839 0.0644205 0.0570797 0.0761681 0.0805157 0.0815576 0.0214432 0.0691149 0.0678308 0.1011619 0.0797419 0.0741862 0.0614195 0.0638550 0.0658905 0.0703634 0.0840439 0.0551594 0.0609420 0.0334503 0.0788323 0.0000000 0.0005630 0.0624249 
Peramelidae_Perameles_nasuta                 0.0669248 0.0668023 0.0575735 0.0619288 0.0635305 0.0784877 0.0540351 0.0601399 0.0624219 0.0644128 0.0745156 0.0811294 0.0606572 0.0563145 0.0758216 0.0791865 0.0841912 0.0196472 0.0663865 0.0656444 0.0995995 0.0767063 0.0736517 0.0610568 0.0636447 0.0621456 0.0669771 0.0804566 0.0536743 0.0587449 0.0326417 0.0764138 0.0005630 0.0000000 0.0605996 
Pseudochiridae_Pseudocheirus_occidentalis    0.0464389 0.0540458 0.0355311 0.0441480 0.0447306 0.0619749 0.0372735 0.0435337 0.0440818 0.0466299 0.0568483 0.0601737 0.0404249 0.0338832 0.0561936 0.0613086 0.0576687 0.0586255 0.0555278 0.0148139 0.0854478 0.0644306 0.0569349 0.0410011 0.0429461 0.0189747 0.0517162 0.0511531 0.0343325 0.0416238 0.0719851 0.0580922 0.0624249 0.0605996 0.0000000 
