35
Burramyidae_Burramys_parvus                  0.0000000 0.0919722 0.0670231 0.0804946 0.0774020 0.0808629 0.0627876 0.0546043 0.0730422 0.0632993 0.0619407 0.0846977 0.0999435 0.0608977 0.0642530 0.0841862 0.0728195 0.0940130 0.0844939 0.0711324 0.0723910 0.1207057 0.1122569 0.0801900 0.0613507 0.0978474 0.0631774 0.0767784 0.0898817 0.0715650 0.0581875 0.0821043 0.0831620 0.0763061 0.0720630 
Notoryctidae_Notoryctes_typhlops             0.0919722 0.0000000 0.1016885 0.0991085 0.0989470 0.1046660 0.1016250 0.0829635 0.0940817 0.1072729 0.0950141 0.1041924 0.1220460 0.0944441 0.1000458 0.1043641 0.0984153 0.1063283 0.1248996 0.0915042 0.1061351 0.1484908 0.1504842 0.1002048 0.1000654 0.1242334 0.0972193 0.0941468 0.1165568 0.1113992 0.0976745 0.1158750 0.1063885 0.1128961 0.1029520 
Vombatidae_Lasiorhinus_latifrons             0.0670231 0.1016885 0.0000000 0.0991366 0.0974380 0.1077434 0.0855277 0.0726123 0.0930292 0.1003823 0.0886985 0.0982750 0.1164918 0.0774382 0.0742233 0.1009946 0.0913701 0.1005452 0.1132738 0.0834065 0.0963063 0.1353944 0.1398849 0.0981191 0.0846012 0.1278655 0.0821614 0.0921257 0.1059194 0.0899531 0.0790913 0.1077233 0.1035372 0.1025307 0.0956551 
Potoroidae_Bettongia_penicillata             0.0804946 0.0991085 0.0991366 0.0000000 0.0098059 0.1180901 0.0871567 0.0720291 0.0209758 0.1041445 0.0923563 0.1138314 0.1319508 0.0788742 0.0766345 0.1145488 0.1025361 0.1111442 0.1196292 0.0330386 0.0943478 0.1483375 0.1510489 0.1111368 0.0541278 0.1264013 0.0869213 0.0339997 0.1056653 0.0927530 0.0891365 0.1164250 0.1137805 0.1099470 0.0716536 
Potoroidae_Bettongia_lesueur                 0.0774020 0.0989470 0.0974380 0.0098059 0.0000000 0.1182187 0.0882078 0.0709279 0.0208808 0.1010546 0.0939169 0.1118253 0.1309786 0.0785164 0.0770048 0.1132151 0.1005686 0.1115730 0.1183012 0.0341756 0.0901282 0.1473896 0.1530111 0.1098162 0.0532587 0.1260984 0.0826850 0.0344912 0.1029765 0.0919419 0.0886367 0.1150251 0.1131186 0.1079919 0.0725590 
Dasyuridae_Dasyurus_maculatus                0.0808629 0.1046660 0.1077434 0.1180901 0.1182187 0.0000000 0.1066193 0.0816673 0.1107581 0.1120568 0.1108222 0.0257254 0.0485525 0.0923582 0.0801884 0.0244962 0.0130028 0.0261700 0.1257621 0.0950608 0.1129908 0.1449690 0.1461934 0.0236413 0.1051591 0.1324706 0.1001116 0.1111148 0.1215494 0.1020367 0.0977872 0.1223389 0.0125992 0.1147628 0.1046705 
Phalangeridae_Trichosurus_vulpecula          0.0627876 0.1016250 0.0855277 0.0871567 0.0882078 0.1066193 0.0000000 0.0318806 0.0821481 0.0947297 0.0402703 0.1070062 0.1159711 0.0319198 0.0686174 0.1072395 0.1007822 0.1014751 0.1095623 0.0771553 0.0789040 0.1401256 0.1319704 0.1034685 0.0749417 0.1108185 0.0739434 0.0823977 0.0997285 0.0823554 0.0446369 0.1096340 0.1097627 0.0994805 0.0829442 
Phalangeridae_Spilocuscus_maculatus          0.0546043 0.0829635 0.0726123 0.0720291 0.0709279 0.0816673 0.0318806 0.0000000 0.0683621 0.0824919 0.0274418 0.0850462 0.0953620 0.0192400 0.0567284 0.0851180 0.0809077 0.0834060 0.0946198 0.0696090 0.0640390 0.1165407 0.1076668 0.0825624 0.0668355 0.0991767 0.0579230 0.0710470 0.0855627 0.0684246 0.0312083 0.0966754 0.0849441 0.0845638 0.0733040 
Potoroidae_Aepyprymnus_rufescens             0.0730422 0.0940817 0.0930292 0.0209758 0.0208808 0.1107581 0.0821481 0.0683621 0.0000000 0.0957341 0.0878746 0.1053706 0.1216214 0.0742286 0.0685952 0.1063211 0.0974420 0.1019694 0.1092971 0.0314639 0.0854855 0.1402308 0.1419621 0.1015004 0.0492957 0.1205763 0.0761520 0.0301836 0.0991000 0.0833439 0.0828400 0.1078158 0.1048870 0.1003529 0.0792165 
Peramelidae_Perameles_nasuta                 0.0632993 0.1072729 0.1003823 0.1041445 0.1010546 0.1120568 0.0947297 0.0824919 0.0957341 0.0000000 0.1035380 0.1098276 0.1225263 0.0817331 0.0775107 0.1065874 0.1038267 0.0944101 0.0323773 0.0878100 0.0941330 0.1310192 0.1290118 0.1064872 0.0898546 0.1344992 0.0897651 0.1008751 0.1159274 0.0949939 0.0901087 0.0346653 0.1066867 0.0113307 0.1114502 
Phalangeridae_Strigocuscus_pelengensis       0.0619407 0.0950141 0.0886985 0.0923563 0.0939169 0.1108222 0.0402703 0.0274418 0.0878746 0.1035380 0.0000000 0.1104655 0.1155139 0.0261027 0.0657629 0.1091444 0.1022369 0.0901833 0.1144899 0.0689816 0.0855876 0.1517434 0.1417121 0.1052325 0.0802325 0.1124331 0.0749898 0.0887600 0.0976240 0.0835280 0.0282675 0.1125469 0.1119322 0.1030142 0.0915240 
Dasyuridae_Phascogale_tapoatafa              0.0846977 0.1041924 0.0982750 0.1138314 0.1118253 0.0257254 0.1070062 0.0850462 0.1053706 0.1098276 0.1104655 0.0000000 0.0419873 0.0919406 0.0812256 0.0036270 0.0191907 0.0309984 0.1259031 0.0989532 0.1032033 0.1400856 0.1480693 0.0105298 0.1011006 0.1292087 0.0932729 0.1060747 0.1122047 0.1016757 0.0972513 0.1198818 0.0223448 0.1142758 0.0941223 
Dasyuridae_Sminthopsis_macroura              0.0999435 0.1220460 0.1164918 0.1319508 0.1309786 0.0485525 0.1159711 0.0953620 0.1216214 0.1225263 0.1155139 0.0419873 0.0000000 0.1028557 0.0962777 0.0400396 0.0440576 0.0299876 0.1396441 0.1127415 0.1181515 0.1583113 0.1638851 0.0387100 0.1186775 0.1426082 0.1104730 0.1213185 0.1270063 0.1171940 0.1025975 0.1320276 0.0436765 0.1281781 0.1170059 
Phalangeridae_Phalanger_orientalis           0.0608977 0.0944441 0.0774382 0.0788742 0.0785164 0.0923582 0.0319198 0.0192400 0.0742286 0.0817331 0.0261027 0.0919406 0.1028557 0.0000000 0.0609489 0.0921885 0.0860634 0.0954304 0.0991219 0.0732101 0.0689859 0.1281354 0.1241774 0.0902818 0.0654406 0.1084206 0.0627703 0.0726002 0.0923694 0.0734388 0.0236120 0.0958774 0.0947457 0.0872701 0.0709352 
Acrobatidae_Acrobates_pygmaeus               0.0642530 0.1000458 0.0742233 0.0766345 0.0770048 0.0801884 0.0686174 0.0567284 0.0685952 0.0775107 0.0657629 0.0812256 0.0962777 0.0609489 0.0000000 0.0821153 0.0761529 0.0904217 0.0915535 0.0701927 0.0608990 0.1209658 0.1190643 0.0817272 0.0691738 0.0985029 0.0534348 0.0726412 0.0788083 0.0407908 0.0614684 0.0848100 0.0831709 0.0814849 0.0665367 
Dasyuridae_Phascogale_calura                 0.0841862 0.1043641 0.1009946 0.1145488 0.1132151 0.0244962 0.1072395 0.0851180 0.1063211 0.1065874 0.1091444 0.0036270 0.0400396 0.0921885 0.0821153 0.0000000 0.0173825 0.0324601 0.1231779 0.0984061 0.1027059 0.1349549 0.1450561 0.0088884 0.1012647 0.1285377 0.0934394 0.1068543 0.1112198 0.1024553 0.0960942 0.1165625 0.0206041 0.1116565 0.0918167 
Dasyuridae_Sarcophilus_harrisii              0.0728195 0.0984153 0.0913701 0.1025361 0.1005686 0.0130028 0.1007822 0.0809077 0.0974420 0.1038267 0.1022369 0.0191907 0.0440576 0.0860634 0.0761529 0.0173825 0.0000000 0.0310517 0.1140429 0.0881810 0.0975863 0.1282455 0.1334795 0.0175961 0.0901394 0.1212466 0.0883087 0.0961291 0.1056449 0.0952363 0.0879490 0.1136765 0.0102370 0.1043741 0.0910769 
Dasyuridae_Planigale_tenuirostris            0.0940130 0.1063283 0.1005452 0.1111442 0.1115730 0.0261700 0.1014751 0.0834060 0.1019694 0.0944101 0.0901833 0.0309984 0.0299876 0.0954304 0.0904217 0.0324601 0.0310517 0.0000000 0.1228414 0.1045199 0.1051162 0.1496009 0.1456850 0.0303479 0.1035557 0.1289625 0.0922445 0.1063929 0.1093922 0.0955329 0.0913820 0.1039607 0.0310760 0.1093509 0.0793873 
Peramelidae_Echymipera_kalubu                0.0844939 0.1248996 0.1132738 0.1196292 0.1183012 0.1257621 0.1095623 0.0946198 0.1092971 0.0323773 0.1144899 0.1259031 0.1396441 0.0991219 0.0915535 0.1231779 0.1140429 0.1228414 0.0000000 0.1025168 0.1114746 0.1479469 0.1485115 0.1212018 0.1047368 0.1443006 0.1028791 0.1136860 0.1304799 0.1116054 0.1044648 0.0410008 0.1218943 0.0258450 0.1122730 
Macropodidae_Dorcopsulus_vanheurni           0.0711324 0.0915042 0.0834065 0.0330386 0.0341756 0.0950608 0.0771553 0.0696090 0.0314639 0.0878100 0.0689816 0.0989532 0.1127415 0.0732101 0.0701927 0.0984061 0.0881810 0.1045199 0.1025168 0.0000000 0.0832357 0.1351118 0.1374259 0.0953077 0.0416652 0.1088384 0.0741982 0.0174355 0.0956109 0.0824993 0.0739411 0.0993438 0.0981347 0.0940251 0.0661391 
Pseudochiridae_Pseudochirulus_forbesi        0.0723910 0.1061351 0.0963063 0.0943478 0.0901282 0.1129908 0.0789040 0.0640390 0.0854855 0.0941330 0.0855876 0.1032033 0.1181515 0.0689859 0.0608990 0.1027059 0.0975863 0.1051162 0.1114746 0.0832357 0.0000000 0.1345626 0.1371491 0.1002644 0.0830993 0.1221309 0.0398783 0.0898385 0.0752373 0.0776522 0.0758095 0.1075497 0.1072433 0.1041579 0.0406953 
Didelphidae_Didelphis_virginiana             0.1207057 0.1484908 0.1353944 0.1483375 0.1473896 0.1449690 0.1401256 0.1165407 0.1402308 0.1310192 0.1517434 0.1400856 0.1583113 0.1281354 0.1209658 0.1349549 0.1282455 0.1496009 0.1479469 0.1351118 0.1345626 0.0000000 0.0686421 0.1399631 0.1415068 0.1728203 0.1274388 0.1459882 0.1545162 0.1469254 0.1379411 0.1460237 0.1369944 0.1379507 0.1252910 
Marmosidae_Monodelphis_domestica             0.1122569 0.1504842 0.1398849 0.1510489 0.1530111 0.1461934 0.1319704 0.1076668 0.1419621 0.1290118 0.1417121 0.1480693 0.1638851 0.1241774 0.1190643 0.1450561 0.1334795 0.1456850 0.1485115 0.1374259 0.1371491 0.0686421 0.0000000 0.1423722 0.1397262 0.1618655 0.1305749 0.1486767 0.1575981 0.1400684 0.1285199 0.1409726 0.1419898 0.1382169 0.1241675 
Dasyuridae_Antechinus_stuartii               0.0801900 0.1002048 0.0981191 0.1111368 0.1098162 0.0236413 0.1034685 0.0825624 0.1015004 0.1064872 0.1052325 0.0105298 0.0387100 0.0902818 0.0817272 0.0088884 0.0175961 0.0303479 0.1212018 0.0953077 0.1002644 0.1399631 0.1423722 0.0000000 0.0984611 0.1260775 0.0914261 0.1042367 0.1087139 0.0988524 0.0931473 0.1175383 0.0197213 0.1088952 0.0912425 
Hypsiprymnodontidae_Hypsiprymnodon_moschatus 0.0613507 0.1000654 0.0846012 0.0541278 0.0532587 0.1051591 0.0749417 0.0668355 0.0492957 0.0898546 0.0802325 0.1011006 0.1186775 0.0654406 0.0691738 0.1012647 0.0901394 0.1035557 0.1047368 0.0416652 0.0830993 0.1415068 0.1397262 0.0984611 0.0000000 0.1202688 0.0764898 0.0509726 0.0984102 0.0810997 0.0691888 0.1056597 0.0982627 0.0947735 0.0764777 
Microbiotheriidae_Dromiciops_gliroides       0.0978474 0.1242334 0.1278655 0.1264013 0.1260984 0.1324706 0.1108185 0.0991767 0.1205763 0.1344992 0.1124331 0.1292087 0.1426082 0.1084206 0.0985029 0.1285377 0.1212466 0.1289625 0.1443006 0.1088384 0.1221309 0.1728203 0.1618655 0.1260775 0.1202688 0.0000000 0.1160561 0.1211592 0.1381973 0.1180211 0.1068398 0.1483148 0.1308901 0.1308738 0.1347229 
Pseudochiridae_Petauroides_volans            0.0631774 0.0972193 0.0821614 0.0869213 0.0826850 0.1001116 0.0739434 0.0579230 0.0761520 0.0897651 0.0749898 0.0932729 0.1104730 0.0627703 0.0534348 0.0934394 0.0883087 0.0922445 0.1028791 0.0741982 0.0398783 0.1274388 0.1305749 0.0914261 0.0764898 0.1160561 0.0000000 0.0825583 0.0657921 0.0727872 0.0690757 0.1006086 0.0937927 0.0950140 0.0427311 
Macropodidae_Wallabia_bicolor                0.0767784 0.0941468 0.0921257 0.0339997 0.0344912 0.1111148 0.0823977 0.0710470 0.0301836 0.1008751 0.0887600 0.1060747 0.1213185 0.0726002 0.0726412 0.1068543 0.0961291 0.1063929 0.1136860 0.0174355 0.0898385 0.1459882 0.1486767 0.1042367 0.0509726 0.1211592 0.0825583 0.0000000 0.1015303 0.0844226 0.0813181 0.1121263 0.1054523 0.1039685 0.0711763 
Tarsipedidae_Tarsipes_rostratus              0.0898817 0.1165568 0.1059194 0.1056653 0.1029765 0.1215494 0.0997285 0.0855627 0.0991000 0.1159274 0.0976240 0.1122047 0.1270063 0.0923694 0.0788083 0.1112198 0.1056449 0.1093922 0.1304799 0.0956109 0.0752373 0.1545162 0.1575981 0.1087139 0.0984102 0.1381973 0.0657921 0.1015303 0.0000000 0.0960448 0.0943313 0.1262672 0.1161624 0.1195841 0.0829828 
Acrobatidae_Distoechurus_pennatus            0.0715650 0.1113992 0.0899531 0.0927530 0.0919419 0.1020367 0.0823554 0.0684246 0.0833439 0.0949939 0.0835280 0.1016757 0.1171940 0.0734388 0.0407908 0.1024553 0.0952363 0.0955329 0.1116054 0.0824993 0.0776522 0.1469254 0.1400684 0.0988524 0.0810997 0.1180211 0.0727872 0.0844226 0.0960448 0.0000000 0.0744488 0.1050935 0.1041293 0.1035260 0.0757915 
Phalangeridae_Phalanger_carmelitae           0.0581875 0.0976745 0.0790913 0.0891365 0.0886367 0.0977872 0.0446369 0.0312083 0.0828400 0.0901087 0.0282675 0.0972513 0.1025975 0.0236120 0.0614684 0.0960942 0.0879490 0.0913820 0.1044648 0.0739411 0.0758095 0.1379411 0.1285199 0.0931473 0.0691888 0.1068398 0.0690757 0.0813181 0.0943313 0.0744488 0.0000000 0.1005003 0.0972664 0.0932054 0.0792440 
Peramelidae_Peroryctes_raffrayana            0.0821043 0.1158750 0.1077233 0.1164250 0.1150251 0.1223389 0.1096340 0.0966754 0.1078158 0.0346653 0.1125469 0.1198818 0.1320276 0.0958774 0.0848100 0.1165625 0.1136765 0.1039607 0.0410008 0.0993438 0.1075497 0.1460237 0.1409726 0.1175383 0.1056597 0.1483148 0.1006086 0.1121263 0.1262672 0.1050935 0.1005003 0.0000000 0.1175278 0.0250219 0.1276162 
Dasyuridae_Dasyurus_geffroii                 0.0831620 0.1063885 0.1035372 0.1137805 0.1131186 0.0125992 0.1097627 0.0849441 0.1048870 0.1066867 0.1119322 0.0223448 0.0436765 0.0947457 0.0831709 0.0206041 0.0102370 0.0310760 0.1218943 0.0981347 0.1072433 0.1369944 0.1419898 0.0197213 0.0982627 0.1308901 0.0937927 0.1054523 0.1161624 0.1041293 0.0972664 0.1175278 0.0000000 0.1103270 0.0961683 
Peramelidae_Perameles_gunnii                 0.0763061 0.1128961 0.1025307 0.1099470 0.1079919 0.1147628 0.0994805 0.0845638 0.1003529 0.0113307 0.1030142 0.1142758 0.1281781 0.0872701 0.0814849 0.1116565 0.1043741 0.1093509 0.0258450 0.0940251 0.1041579 0.1379507 0.1382169 0.1088952 0.0947735 0.1308738 0.0950140 0.1039685 0.1195841 0.1035260 0.0932054 0.0250219 0.1103270 0.0000000 0.0980351 
Pseudochiridae_Pseudocheirus_occidentalis    0.0720630 0.1029520 0.0956551 0.0716536 0.0725590 0.1046705 0.0829442 0.0733040 0.0792165 0.1114502 0.0915240 0.0941223 0.1170059 0.0709352 0.0665367 0.0918167 0.0910769 0.0793873 0.1122730 0.0661391 0.0406953 0.1252910 0.1241675 0.0912425 0.0764777 0.1347229 0.0427311 0.0711763 0.0829828 0.0757915 0.0792440 0.1276162 0.0961683 0.0980351 0.0000000 
