35
Burramyidae_Burramys_parvus                  0.0000000 0.0614199 0.0744669 0.0413202 0.0422735 0.0640839 0.0321703 0.0335752 0.0414676 0.0525624 0.0548999 0.0621464 0.0579289 0.0435815 0.0455185 0.0616104 0.0635850 0.0550865 0.0583364 0.0400794 0.0458109 0.0663054 0.0617157 0.0588953 0.0434940 0.0409336 0.0387674 0.0455320 0.0287856 0.0393169 0.0304312 0.0367705 0.0564838 0.0599081 0.0558569 
Notoryctidae_Notoryctes_typhlops             0.0614199 0.0000000 0.0983524 0.0761203 0.0776425 0.0873932 0.0661617 0.0673973 0.0762329 0.0745247 0.0912713 0.0852424 0.0875759 0.0789726 0.0733496 0.0856674 0.0837758 0.0823646 0.0787638 0.0737418 0.0780376 0.0913425 0.0844128 0.0820042 0.0805032 0.0672380 0.0752749 0.0778805 0.0634253 0.0704974 0.0650807 0.0723870 0.0775459 0.0862282 0.0758093 
Vombatidae_Lasiorhinus_latifrons             0.0744669 0.0983524 0.0000000 0.0809391 0.0815883 0.1022904 0.0704992 0.0771235 0.0778230 0.0890252 0.0906483 0.0990891 0.0986832 0.0830336 0.0824606 0.0978975 0.1029293 0.0914052 0.0958110 0.0764829 0.0896331 0.0961697 0.0919283 0.0980630 0.0874382 0.0761788 0.0720380 0.0840723 0.0697603 0.0821293 0.0729018 0.0752894 0.0909849 0.0974887 0.0919362 
Potoroidae_Bettongia_penicillata             0.0413202 0.0761203 0.0809391 0.0000000 0.0057315 0.0768594 0.0391856 0.0452474 0.0156255 0.0578801 0.0660391 0.0710145 0.0729637 0.0564543 0.0550365 0.0714095 0.0743819 0.0667647 0.0676266 0.0218601 0.0578755 0.0757342 0.0686436 0.0692178 0.0457956 0.0524104 0.0517252 0.0242034 0.0416097 0.0479789 0.0420225 0.0477993 0.0643168 0.0716582 0.0631191 
Potoroidae_Bettongia_lesueur                 0.0422735 0.0776425 0.0815883 0.0057315 0.0000000 0.0780357 0.0405853 0.0461611 0.0162820 0.0554991 0.0663517 0.0726967 0.0736657 0.0569090 0.0560364 0.0730879 0.0766168 0.0688479 0.0652140 0.0204755 0.0586766 0.0747097 0.0671123 0.0714617 0.0458562 0.0543357 0.0522033 0.0244169 0.0430886 0.0498031 0.0421488 0.0482784 0.0619010 0.0724881 0.0607186 
Dasyuridae_Dasyurus_maculatus                0.0640839 0.0873932 0.1022904 0.0768594 0.0780357 0.0000000 0.0655053 0.0683291 0.0757074 0.0641617 0.0939040 0.0219759 0.0257303 0.0794561 0.0709574 0.0227622 0.0095808 0.0238351 0.0720067 0.0661808 0.0755720 0.0870670 0.0800540 0.0206684 0.0823931 0.0648573 0.0723238 0.0755782 0.0604431 0.0709306 0.0637711 0.0734452 0.0691658 0.0054049 0.0703001 
Phalangeridae_Trichosurus_vulpecula          0.0321703 0.0661617 0.0704992 0.0391856 0.0405853 0.0655053 0.0000000 0.0200487 0.0397801 0.0523043 0.0380828 0.0608561 0.0627161 0.0292085 0.0479662 0.0598463 0.0650708 0.0600290 0.0581334 0.0387804 0.0471735 0.0633212 0.0583695 0.0599070 0.0471145 0.0436066 0.0418186 0.0434322 0.0320977 0.0405736 0.0320952 0.0188326 0.0568139 0.0620257 0.0557791 
Phalangeridae_Spilocuscus_maculatus          0.0335752 0.0673973 0.0771235 0.0452474 0.0461611 0.0683291 0.0200487 0.0000000 0.0457929 0.0527915 0.0321850 0.0654798 0.0641100 0.0162057 0.0496905 0.0639658 0.0684873 0.0616927 0.0592427 0.0425184 0.0444666 0.0634644 0.0613337 0.0650579 0.0446250 0.0473864 0.0440501 0.0458546 0.0334182 0.0439862 0.0374119 0.0211515 0.0565181 0.0646402 0.0573144 
Potoroidae_Aepyprymnus_rufescens             0.0414676 0.0762329 0.0778230 0.0156255 0.0162820 0.0757074 0.0397801 0.0457929 0.0000000 0.0594353 0.0663418 0.0704097 0.0713738 0.0560519 0.0565159 0.0708017 0.0762460 0.0685434 0.0671289 0.0200785 0.0569769 0.0737474 0.0681576 0.0686564 0.0454317 0.0526077 0.0514174 0.0224244 0.0405264 0.0520894 0.0425626 0.0474598 0.0638898 0.0711293 0.0635929 
Peramelidae_Perameles_nasuta                 0.0525624 0.0745247 0.0890252 0.0578801 0.0554991 0.0641617 0.0523043 0.0527915 0.0594353 0.0000000 0.0733813 0.0610209 0.0638931 0.0654753 0.0580590 0.0604309 0.0642286 0.0570018 0.0140202 0.0551600 0.0613671 0.0648848 0.0629106 0.0609732 0.0610635 0.0503438 0.0634975 0.0605541 0.0506284 0.0595320 0.0505348 0.0608487 0.0119902 0.0632169 0.0000010 
Phalangeridae_Strigocuscus_pelengensis       0.0548999 0.0912713 0.0906483 0.0660391 0.0663517 0.0939040 0.0380828 0.0321850 0.0663418 0.0733813 0.0000000 0.0893019 0.0893376 0.0338242 0.0764145 0.0891932 0.0936108 0.0848535 0.0817679 0.0634639 0.0683953 0.0891728 0.0867119 0.0891614 0.0539637 0.0665441 0.0674980 0.0675162 0.0557959 0.0652080 0.0594342 0.0362583 0.0802291 0.0896883 0.0762329 
Dasyuridae_Phascogale_tapoatafa              0.0621464 0.0852424 0.0990891 0.0710145 0.0726967 0.0219759 0.0608561 0.0654798 0.0704097 0.0610209 0.0893019 0.0000000 0.0221076 0.0755845 0.0688090 0.0037903 0.0199786 0.0208101 0.0673925 0.0628445 0.0746260 0.0880187 0.0809090 0.0081430 0.0740159 0.0600413 0.0733410 0.0697956 0.0585708 0.0699044 0.0609006 0.0709946 0.0660140 0.0207250 0.0667769 
Dasyuridae_Sminthopsis_macroura              0.0579289 0.0875759 0.0986832 0.0729637 0.0736657 0.0257303 0.0627161 0.0641100 0.0713738 0.0638931 0.0893376 0.0221076 0.0000000 0.0732087 0.0705808 0.0220840 0.0240903 0.0226071 0.0717614 0.0637944 0.0729011 0.0852287 0.0786130 0.0232654 0.0738409 0.0605499 0.0725237 0.0693206 0.0572272 0.0685146 0.0614051 0.0681267 0.0693651 0.0240822 0.0684914 
Phalangeridae_Phalanger_orientalis           0.0435815 0.0789726 0.0830336 0.0564543 0.0569090 0.0794561 0.0292085 0.0162057 0.0560519 0.0654753 0.0338242 0.0755845 0.0732087 0.0000000 0.0617385 0.0750086 0.0791456 0.0720062 0.0722972 0.0531872 0.0582400 0.0756754 0.0737879 0.0742352 0.0538913 0.0522075 0.0554378 0.0556401 0.0445370 0.0543593 0.0461068 0.0125156 0.0703450 0.0766746 0.0681355 
Acrobatidae_Acrobates_pygmaeus               0.0455185 0.0733496 0.0824606 0.0550365 0.0560364 0.0709574 0.0479662 0.0496905 0.0565159 0.0580590 0.0764145 0.0688090 0.0705808 0.0617385 0.0000000 0.0692771 0.0720062 0.0665747 0.0666048 0.0536547 0.0609283 0.0756519 0.0698526 0.0669811 0.0636420 0.0522739 0.0465581 0.0607757 0.0410284 0.0480033 0.0367715 0.0555640 0.0640164 0.0684651 0.0654599 
Dasyuridae_Phascogale_calura                 0.0616104 0.0856674 0.0978975 0.0714095 0.0730879 0.0227622 0.0598463 0.0639658 0.0708017 0.0604309 0.0891932 0.0037903 0.0220840 0.0750086 0.0692771 0.0000000 0.0207636 0.0221173 0.0677656 0.0632398 0.0730845 0.0863256 0.0788401 0.0089193 0.0744111 0.0595007 0.0741893 0.0701895 0.0579935 0.0698227 0.0603701 0.0704383 0.0663881 0.0215236 0.0661414 
Dasyuridae_Sarcophilus_harrisii              0.0635850 0.0837758 0.1029293 0.0743819 0.0766168 0.0095808 0.0650708 0.0684873 0.0762460 0.0642286 0.0936108 0.0199786 0.0240903 0.0791456 0.0720062 0.0207636 0.0000000 0.0225270 0.0730655 0.0675762 0.0756216 0.0885961 0.0795899 0.0198609 0.0808938 0.0629464 0.0748610 0.0745181 0.0600055 0.0714213 0.0633006 0.0729911 0.0702151 0.0093499 0.0708149 
Dasyuridae_Planigale_tenuirostris            0.0550865 0.0823646 0.0914052 0.0667647 0.0688479 0.0238351 0.0600290 0.0616927 0.0685434 0.0570018 0.0848535 0.0208101 0.0226071 0.0720062 0.0665747 0.0221173 0.0225270 0.0000000 0.0625119 0.0598557 0.0634055 0.0829421 0.0728383 0.0235185 0.0698719 0.0582409 0.0677241 0.0666661 0.0527070 0.0652246 0.0568799 0.0675938 0.0620758 0.0215882 0.0623470 
Peramelidae_Echymipera_kalubu                0.0583364 0.0787638 0.0958110 0.0676266 0.0652140 0.0720067 0.0581334 0.0592427 0.0671289 0.0140202 0.0817679 0.0673925 0.0717614 0.0722972 0.0666048 0.0677656 0.0730655 0.0625119 0.0000000 0.0620217 0.0718522 0.0729958 0.0700709 0.0679377 0.0675310 0.0609430 0.0705964 0.0678972 0.0549805 0.0658685 0.0572914 0.0677037 0.0102081 0.0719958 0.0145835 
Macropodidae_Dorcopsulus_vanheurni           0.0400794 0.0737418 0.0764829 0.0218601 0.0204755 0.0661808 0.0387804 0.0425184 0.0200785 0.0551600 0.0634639 0.0628445 0.0637944 0.0531872 0.0536547 0.0632398 0.0675762 0.0598557 0.0620217 0.0000000 0.0542097 0.0704271 0.0644981 0.0617516 0.0392761 0.0492263 0.0482212 0.0120630 0.0381517 0.0485176 0.0387056 0.0465519 0.0587434 0.0615298 0.0603627 
Pseudochiridae_Pseudochirulus_forbesi        0.0458109 0.0780376 0.0896331 0.0578755 0.0586766 0.0755720 0.0471735 0.0444666 0.0569769 0.0613671 0.0683953 0.0746260 0.0729011 0.0582400 0.0609283 0.0730845 0.0756216 0.0634055 0.0718522 0.0542097 0.0000000 0.0791886 0.0738183 0.0720298 0.0569125 0.0557976 0.0442803 0.0570914 0.0243807 0.0491199 0.0483046 0.0527871 0.0715681 0.0719775 0.0722468 
Didelphidae_Didelphis_virginiana             0.0663054 0.0913425 0.0961697 0.0757342 0.0747097 0.0870670 0.0633212 0.0634644 0.0737474 0.0648848 0.0891728 0.0880187 0.0852287 0.0756754 0.0756519 0.0863256 0.0885961 0.0829421 0.0729958 0.0704271 0.0791886 0.0000000 0.0277115 0.0867330 0.0738185 0.0632342 0.0723391 0.0776497 0.0617798 0.0696493 0.0656352 0.0714683 0.0697203 0.0819187 0.0699196 
Marmosidae_Monodelphis_domestica             0.0617157 0.0844128 0.0919283 0.0686436 0.0671123 0.0800540 0.0583695 0.0613337 0.0681576 0.0629106 0.0867119 0.0809090 0.0786130 0.0737879 0.0698526 0.0788401 0.0795899 0.0728383 0.0700709 0.0644981 0.0738183 0.0277115 0.0000000 0.0771819 0.0716107 0.0599856 0.0685262 0.0704299 0.0568950 0.0674512 0.0596664 0.0654061 0.0668133 0.0763101 0.0679513 
Dasyuridae_Antechinus_stuartii               0.0588953 0.0820042 0.0980630 0.0692178 0.0714617 0.0206684 0.0599070 0.0650579 0.0686564 0.0609732 0.0891614 0.0081430 0.0232654 0.0742352 0.0669811 0.0089193 0.0198609 0.0235185 0.0679377 0.0617516 0.0720298 0.0867330 0.0771819 0.0000000 0.0726795 0.0598484 0.0713933 0.0680275 0.0584932 0.0700183 0.0576538 0.0682516 0.0665037 0.0193692 0.0667046 
Hypsiprymnodontidae_Hypsiprymnodon_moschatus 0.0434940 0.0805032 0.0874382 0.0457956 0.0458562 0.0823931 0.0471145 0.0446250 0.0454317 0.0610635 0.0539637 0.0740159 0.0738409 0.0538913 0.0636420 0.0744111 0.0808938 0.0698719 0.0675310 0.0392761 0.0569125 0.0738185 0.0716107 0.0726795 0.0000000 0.0547904 0.0573404 0.0429473 0.0456029 0.0576541 0.0478656 0.0504399 0.0675943 0.0771274 0.0654466 
Microbiotheriidae_Dromiciops_gliroides       0.0409336 0.0672380 0.0761788 0.0524104 0.0543357 0.0648573 0.0436066 0.0473864 0.0526077 0.0503438 0.0665441 0.0600413 0.0605499 0.0522075 0.0522739 0.0595007 0.0629464 0.0582409 0.0609430 0.0492263 0.0557976 0.0632342 0.0599856 0.0598484 0.0547904 0.0000000 0.0528116 0.0531510 0.0412509 0.0514041 0.0404504 0.0474234 0.0586524 0.0610889 0.0542258 
Pseudochiridae_Petauroides_volans            0.0387674 0.0752749 0.0720380 0.0517252 0.0522033 0.0723238 0.0418186 0.0440501 0.0514174 0.0634975 0.0674980 0.0733410 0.0725237 0.0554378 0.0465581 0.0741893 0.0748610 0.0677241 0.0705964 0.0482212 0.0442803 0.0723391 0.0685262 0.0713933 0.0573404 0.0528116 0.0000000 0.0552433 0.0292473 0.0407799 0.0400688 0.0489804 0.0670412 0.0709859 0.0647271 
Macropodidae_Wallabia_bicolor                0.0455320 0.0778805 0.0840723 0.0242034 0.0244169 0.0755782 0.0434322 0.0458546 0.0224244 0.0605541 0.0675162 0.0697956 0.0693206 0.0556401 0.0607757 0.0701895 0.0745181 0.0666661 0.0678972 0.0120630 0.0570914 0.0776497 0.0704299 0.0680275 0.0429473 0.0531510 0.0552433 0.0000000 0.0437808 0.0539885 0.0458777 0.0498582 0.0654563 0.0704289 0.0652560 
Pseudochiridae_Pseudocheirus_occidentalis    0.0287856 0.0634253 0.0697603 0.0416097 0.0430886 0.0604431 0.0320977 0.0334182 0.0405264 0.0506284 0.0557959 0.0585708 0.0572272 0.0445370 0.0410284 0.0579935 0.0600055 0.0527070 0.0549805 0.0381517 0.0243807 0.0617798 0.0568950 0.0584932 0.0456029 0.0412509 0.0292473 0.0437808 0.0000000 0.0306255 0.0308407 0.0382303 0.0541007 0.0580923 0.0511094 
Tarsipedidae_Tarsipes_rostratus              0.0393169 0.0704974 0.0821293 0.0479789 0.0498031 0.0709306 0.0405736 0.0439862 0.0520894 0.0595320 0.0652080 0.0699044 0.0685146 0.0543593 0.0480033 0.0698227 0.0714213 0.0652246 0.0658685 0.0485176 0.0491199 0.0696493 0.0674512 0.0700183 0.0576541 0.0514041 0.0407799 0.0539885 0.0306255 0.0000000 0.0379195 0.0471410 0.0640924 0.0676432 0.0658835 
Acrobatidae_Distoechurus_pennatus            0.0304312 0.0650807 0.0729018 0.0420225 0.0421488 0.0637711 0.0320952 0.0374119 0.0425626 0.0505348 0.0594342 0.0609006 0.0614051 0.0461068 0.0367715 0.0603701 0.0633006 0.0568799 0.0572914 0.0387056 0.0483046 0.0656352 0.0596664 0.0576538 0.0478656 0.0404504 0.0400688 0.0458777 0.0308407 0.0379195 0.0000000 0.0387750 0.0554516 0.0605495 0.0553066 
Phalangeridae_Phalanger_carmelitae           0.0367705 0.0723870 0.0752894 0.0477993 0.0482784 0.0734452 0.0188326 0.0211515 0.0474598 0.0608487 0.0362583 0.0709946 0.0681267 0.0125156 0.0555640 0.0704383 0.0729911 0.0675938 0.0677037 0.0465519 0.0527871 0.0714683 0.0654061 0.0682516 0.0504399 0.0474234 0.0489804 0.0498582 0.0382303 0.0471410 0.0387750 0.0000000 0.0643789 0.0696572 0.0646686 
Peramelidae_Peroryctes_raffrayana            0.0564838 0.0775459 0.0909849 0.0643168 0.0619010 0.0691658 0.0568139 0.0565181 0.0638898 0.0119902 0.0802291 0.0660140 0.0693651 0.0703450 0.0640164 0.0663881 0.0702151 0.0620758 0.0102081 0.0587434 0.0715681 0.0697203 0.0668133 0.0665037 0.0675943 0.0586524 0.0670412 0.0654563 0.0541007 0.0640924 0.0554516 0.0643789 0.0000000 0.0681920 0.0118034 
Dasyuridae_Dasyurus_geffroii                 0.0599081 0.0862282 0.0974887 0.0716582 0.0724881 0.0054049 0.0620257 0.0646402 0.0711293 0.0632169 0.0896883 0.0207250 0.0240822 0.0766746 0.0684651 0.0215236 0.0093499 0.0215882 0.0719958 0.0615298 0.0719775 0.0819187 0.0763101 0.0193692 0.0771274 0.0610889 0.0709859 0.0704289 0.0580923 0.0676432 0.0605495 0.0696572 0.0681920 0.0000000 0.0639696 
Peramelidae_Perameles_gunnii                 0.0558569 0.0758093 0.0919362 0.0631191 0.0607186 0.0703001 0.0557791 0.0573144 0.0635929 0.0000010 0.0762329 0.0667769 0.0684914 0.0681355 0.0654599 0.0661414 0.0708149 0.0623470 0.0145835 0.0603627 0.0722468 0.0699196 0.0679513 0.0667046 0.0654466 0.0542258 0.0647271 0.0652560 0.0511094 0.0658835 0.0553066 0.0646686 0.0118034 0.0639696 0.0000000 
