35
Burramyidae_Burramys_parvus                  0.0000000 0.1094605 0.0604647 0.0630728 0.0631507 0.0941607 0.0309807 0.0366540 0.0635668 0.0369001 0.0924258 0.1008580 0.0375983 0.0707747 0.0958044 0.0895879 0.1083142 0.0616900 0.0956522 0.2415492 0.1256323 0.0927412 0.0676337 0.0955716 0.0783793 0.0697267 0.0776112 0.1272261 0.0737213 0.0378418 0.0949492 0.1166715 0.1149928 0.0761665 0.1023421 
Notoryctidae_Notoryctes_typhlops             0.1094605 0.0000000 0.1038350 0.1119208 0.1130944 0.1213763 0.0570658 0.0587789 0.1115882 0.0610424 0.1154502 0.1254670 0.0601941 0.1217386 0.1247489 0.1140236 0.1390446 0.1148916 0.1434584 0.3663662 0.1719769 0.1157239 0.1114234 0.1186785 0.1225085 0.1277761 0.1154132 0.1747427 0.1242469 0.0610556 0.1220816 0.1479811 0.1472475 0.1010160 0.1314730 
Vombatidae_Lasiorhinus_latifrons             0.0604647 0.1038350 0.0000000 0.0629498 0.0634915 0.0897120 0.0384105 0.0408911 0.0612559 0.0406165 0.0845652 0.0965172 0.0409319 0.0667457 0.0917625 0.0863090 0.1064168 0.0660400 0.0923074 0.2294860 0.1222489 0.0865709 0.0697902 0.0817683 0.0739084 0.0747914 0.0740460 0.1186212 0.0675518 0.0423072 0.0890438 0.1162724 0.1183071 0.0726185 0.1014246 
Potoroidae_Bettongia_penicillata             0.0630728 0.1119208 0.0629498 0.0000000 0.0035042 0.1019353 0.0410390 0.0453145 0.0086757 0.0450515 0.0977986 0.1070866 0.0454007 0.0726042 0.1042222 0.0965548 0.1107297 0.0212717 0.0870371 0.2587610 0.1341132 0.0960048 0.0387139 0.0909174 0.0736786 0.0260031 0.0726925 0.1136226 0.0727150 0.0458932 0.1016003 0.1204319 0.1233017 0.0859747 0.1083060 
Potoroidae_Bettongia_lesueur                 0.0631507 0.1130944 0.0634915 0.0035042 0.0000000 0.1022335 0.0413539 0.0453711 0.0110104 0.0453870 0.0985621 0.1069228 0.0457352 0.0736367 0.1045275 0.0973651 0.1110191 0.0227037 0.0886112 0.2583371 0.1359703 0.0967437 0.0383741 0.0914812 0.0756522 0.0275027 0.0745442 0.1153510 0.0736951 0.0462279 0.1018967 0.1206521 0.1243281 0.0863272 0.1086461 
Dasyuridae_Dasyurus_maculatus                0.0941607 0.1213763 0.0897120 0.1019353 0.1022335 0.0000000 0.0555118 0.0590910 0.1045429 0.0582776 0.0245527 0.0428821 0.0573108 0.1048487 0.0087584 0.0357665 0.1269184 0.1049485 0.1283630 0.3016306 0.1496243 0.0244181 0.1057686 0.1140382 0.1186520 0.1163205 0.1053881 0.1624843 0.1081892 0.0600108 0.0035111 0.1375171 0.1321569 0.0213098 0.1170040 
Phalangeridae_Trichosurus_vulpecula          0.0309807 0.0570658 0.0384105 0.0410390 0.0413539 0.0555118 0.0000000 0.0171864 0.0392699 0.0192363 0.0567755 0.0590552 0.0188655 0.0443679 0.0555616 0.0537822 0.0585821 0.0413785 0.0618560 0.1654035 0.0704159 0.0564671 0.0431093 0.0549328 0.0465784 0.0499415 0.0423121 0.0712075 0.0437148 0.0199336 0.0561232 0.0591283 0.0543005 0.0402725 0.0540035 
Phalangeridae_Spilocuscus_maculatus          0.0366540 0.0587789 0.0408911 0.0453145 0.0453711 0.0590910 0.0171864 0.0000000 0.0446906 0.0081967 0.0591374 0.0614535 0.0076276 0.0492127 0.0594583 0.0565474 0.0626864 0.0456957 0.0709021 0.1809874 0.0715167 0.0582217 0.0488864 0.0561369 0.0520300 0.0544768 0.0490146 0.0725750 0.0488623 0.0078800 0.0597017 0.0629259 0.0578186 0.0437587 0.0568223 
Potoroidae_Aepyprymnus_rufescens             0.0635668 0.1115882 0.0612559 0.0086757 0.0110104 0.1045429 0.0392699 0.0446906 0.0000000 0.0447247 0.0994133 0.1079021 0.0453732 0.0717489 0.1059945 0.0996228 0.1122395 0.0233909 0.0886149 0.2547781 0.1332038 0.0985564 0.0405880 0.0927041 0.0763657 0.0289558 0.0717604 0.1157028 0.0710238 0.0455502 0.1041981 0.1229551 0.1274916 0.0872868 0.1112649 
Phalangeridae_Strigocuscus_pelengensis       0.0369001 0.0610424 0.0406165 0.0450515 0.0453870 0.0582776 0.0192363 0.0081967 0.0447247 0.0000000 0.0582941 0.0613000 0.0071427 0.0489732 0.0598392 0.0568661 0.0643752 0.0450717 0.0709647 0.1950122 0.0722533 0.0582544 0.0492532 0.0566442 0.0517686 0.0534980 0.0489907 0.0727950 0.0486717 0.0079321 0.0588907 0.0636476 0.0586047 0.0437207 0.0572541 
Dasyuridae_Phascogale_tapoatafa              0.0924258 0.1154502 0.0845652 0.0977986 0.0985621 0.0245527 0.0567755 0.0591374 0.0994133 0.0582941 0.0000000 0.0395947 0.0582335 0.0986409 0.0263816 0.0348538 0.1233755 0.1001836 0.1259510 0.2894135 0.1491440 0.0097772 0.1011630 0.1092648 0.1151970 0.1127049 0.1029976 0.1595844 0.1023132 0.0609402 0.0230957 0.1345614 0.1301604 0.0030700 0.1158910 
Dasyuridae_Sminthopsis_macroura              0.1008580 0.1254670 0.0965172 0.1070866 0.1069228 0.0428821 0.0590552 0.0614535 0.1079021 0.0613000 0.0395947 0.0000000 0.0603470 0.1141236 0.0445468 0.0334183 0.1350130 0.1125155 0.1400697 0.3267565 0.1604929 0.0388735 0.1103854 0.1168228 0.1261798 0.1223946 0.1147785 0.1688725 0.1161814 0.0624377 0.0424298 0.1448345 0.1436844 0.0403266 0.1308885 
Phalangeridae_Phalanger_orientalis           0.0375983 0.0601941 0.0409319 0.0454007 0.0457352 0.0573108 0.0188655 0.0076276 0.0453732 0.0071427 0.0582335 0.0603470 0.0000000 0.0490181 0.0588591 0.0556268 0.0643169 0.0463465 0.0734388 0.1877249 0.0728713 0.0575916 0.0502225 0.0550254 0.0527606 0.0552303 0.0505840 0.0733624 0.0501927 0.0044550 0.0579188 0.0635930 0.0571468 0.0423974 0.0568383 
Acrobatidae_Acrobates_pygmaeus               0.0707747 0.1217386 0.0667457 0.0726042 0.0736367 0.1048487 0.0443679 0.0492127 0.0717489 0.0489732 0.0986409 0.1141236 0.0490181 0.0000000 0.1057991 0.1037470 0.1116818 0.0734197 0.0916217 0.2707642 0.1369106 0.0985646 0.0763071 0.0974832 0.0721827 0.0846066 0.0698901 0.1100291 0.0423528 0.0492054 0.1044099 0.1272687 0.1206054 0.0813455 0.1046025 
Dasyuridae_Sarcophilus_harrisii              0.0958044 0.1247489 0.0917625 0.1042222 0.1045275 0.0087584 0.0555616 0.0594583 0.1059945 0.0598392 0.0263816 0.0445468 0.0588591 0.1057991 0.0000000 0.0362132 0.1276107 0.1067727 0.1297030 0.2945069 0.1524565 0.0262613 0.1077109 0.1159495 0.1190052 0.1188017 0.1070113 0.1677565 0.1096191 0.0603800 0.0077433 0.1421662 0.1339989 0.0213390 0.1177052 
Dasyuridae_Planigale_tenuirostris            0.0895879 0.1140236 0.0863090 0.0965548 0.0973651 0.0357665 0.0537822 0.0565474 0.0996228 0.0568661 0.0348538 0.0334183 0.0556268 0.1037470 0.0362132 0.0000000 0.1183481 0.1021204 0.1248200 0.3026154 0.1462919 0.0331349 0.1005096 0.1130236 0.1134192 0.1128251 0.0998680 0.1596761 0.1066990 0.0578457 0.0333359 0.1252502 0.1181201 0.0324825 0.1089443 
Peramelidae_Echymipera_kalubu                0.1083142 0.1390446 0.1064168 0.1107297 0.1110191 0.1269184 0.0585821 0.0626864 0.1122395 0.0643752 0.1233755 0.1350130 0.0643169 0.1116818 0.1276107 0.1183481 0.0000000 0.1107682 0.1325676 0.2798042 0.1568235 0.1215063 0.1130606 0.1215717 0.1224126 0.1201114 0.1154470 0.1712230 0.1175235 0.0645879 0.1256848 0.0228399 0.0248126 0.1151246 0.0175468 
Macropodidae_Dorcopsulus_vanheurni           0.0616900 0.1148916 0.0660400 0.0212717 0.0227037 0.1049485 0.0413785 0.0456957 0.0233909 0.0450717 0.1001836 0.1125155 0.0463465 0.0734197 0.1067727 0.1021204 0.1107682 0.0000000 0.0888503 0.2603251 0.1358507 0.1007664 0.0422923 0.0943012 0.0753521 0.0202051 0.0749808 0.1160002 0.0714018 0.0465713 0.1046006 0.1201230 0.1218488 0.0857610 0.1078578 
Pseudochiridae_Pseudochirulus_forbesi        0.0956522 0.1434584 0.0923074 0.0870371 0.0886112 0.1283630 0.0618560 0.0709021 0.0886149 0.0709647 0.1259510 0.1400697 0.0734388 0.0916217 0.1297030 0.1248200 0.1325676 0.0888503 0.0000000 0.2613252 0.1717374 0.1258279 0.0927743 0.1265469 0.0524952 0.0959627 0.0284984 0.1180495 0.0895396 0.0737105 0.1289559 0.1454592 0.1463390 0.1164738 0.1260342 
Didelphidae_Didelphis_virginiana             0.2415492 0.3663662 0.2294860 0.2587610 0.2583371 0.3016306 0.1654035 0.1809874 0.2547781 0.1950122 0.2894135 0.3267565 0.1877249 0.2707642 0.2945069 0.3026154 0.2798042 0.2603251 0.2613252 0.0000000 0.0931687 0.2748961 0.2813837 0.2335313 0.2519529 0.2514501 0.2605956 0.3064011 0.2586295 0.1934531 0.2960469 0.3234503 0.3461372 0.2866690 0.2881591 
Marmosidae_Monodelphis_domestica             0.1256323 0.1719769 0.1222489 0.1341132 0.1359703 0.1496243 0.0704159 0.0715167 0.1332038 0.0722533 0.1491440 0.1604929 0.0728713 0.1369106 0.1524565 0.1462919 0.1568235 0.1358507 0.1717374 0.0931687 0.0000000 0.1461409 0.1356834 0.1320792 0.1487223 0.1498058 0.1419870 0.1989260 0.1382161 0.0737145 0.1491887 0.1729158 0.1584384 0.1248949 0.1431108 
Dasyuridae_Antechinus_stuartii               0.0927412 0.1157239 0.0865709 0.0960048 0.0967437 0.0244181 0.0564671 0.0582217 0.0985564 0.0582544 0.0097772 0.0388735 0.0575916 0.0985646 0.0262613 0.0331349 0.1215063 0.1007664 0.1258279 0.2748961 0.1461409 0.0000000 0.1011592 0.1117000 0.1151914 0.1112355 0.1036268 0.1622227 0.1049710 0.0603332 0.0222554 0.1341907 0.1297816 0.0078338 0.1145790 
Hypsiprymnodontidae_Hypsiprymnodon_moschatus 0.0676337 0.1114234 0.0697902 0.0387139 0.0383741 0.1057686 0.0431093 0.0488864 0.0405880 0.0492532 0.1011630 0.1103854 0.0502225 0.0763071 0.1077109 0.1005096 0.1130606 0.0422923 0.0927743 0.2813837 0.1356834 0.1011592 0.0000000 0.0963741 0.0788366 0.0513820 0.0749057 0.1195115 0.0764541 0.0503553 0.1063259 0.1225019 0.1268580 0.0891421 0.1116117 
Microbiotheriidae_Dromiciops_gliroides       0.0955716 0.1186785 0.0817683 0.0909174 0.0914812 0.1140382 0.0549328 0.0561369 0.0927041 0.0566442 0.1092648 0.1168228 0.0550254 0.0974832 0.1159495 0.1130236 0.1215717 0.0943012 0.1265469 0.2335313 0.1320792 0.1117000 0.0963741 0.0000000 0.1083249 0.1026284 0.1044480 0.1484322 0.1060833 0.0558334 0.1136267 0.1317931 0.1309999 0.1046139 0.1203391 
Pseudochiridae_Petauroides_volans            0.0783793 0.1225085 0.0739084 0.0736786 0.0756522 0.1186520 0.0465784 0.0520300 0.0763657 0.0517686 0.1151970 0.1261798 0.0527606 0.0721827 0.1190052 0.1134192 0.1224126 0.0753521 0.0524952 0.2519529 0.1487223 0.1151914 0.0788366 0.1083249 0.0000000 0.0834443 0.0389687 0.1051089 0.0688510 0.0532859 0.1187778 0.1321232 0.1281713 0.1015362 0.1147375 
Macropodidae_Wallabia_bicolor                0.0697267 0.1277761 0.0747914 0.0260031 0.0275027 0.1163205 0.0499415 0.0544768 0.0289558 0.0534980 0.1127049 0.1223946 0.0552303 0.0846066 0.1188017 0.1128251 0.1201114 0.0202051 0.0959627 0.2514501 0.1498058 0.1112355 0.0513820 0.1026284 0.0834443 0.0000000 0.0843017 0.1290270 0.0845148 0.0558036 0.1159173 0.1290836 0.1360722 0.1021088 0.1212515 
Pseudochiridae_Pseudocheirus_occidentalis    0.0776112 0.1154132 0.0740460 0.0726925 0.0745442 0.1053881 0.0423121 0.0490146 0.0717604 0.0489907 0.1029976 0.1147785 0.0505840 0.0698901 0.1070113 0.0998680 0.1154470 0.0749808 0.0284984 0.2605956 0.1419870 0.1036268 0.0749057 0.1044480 0.0389687 0.0843017 0.0000000 0.1019657 0.0703601 0.0513924 0.1059514 0.1268220 0.1254122 0.0910352 0.1080553 
Tarsipedidae_Tarsipes_rostratus              0.1272261 0.1747427 0.1186212 0.1136226 0.1153510 0.1624843 0.0712075 0.0725750 0.1157028 0.0727950 0.1595844 0.1688725 0.0733624 0.1100291 0.1677565 0.1596761 0.1712230 0.1160002 0.1180495 0.3064011 0.1989260 0.1622227 0.1195115 0.1484322 0.1051089 0.1290270 0.1019657 0.0000000 0.1088234 0.0735384 0.1642295 0.1812334 0.1810935 0.1501493 0.1613598 
Acrobatidae_Distoechurus_pennatus            0.0737213 0.1242469 0.0675518 0.0727150 0.0736951 0.1081892 0.0437148 0.0488623 0.0710238 0.0486717 0.1023132 0.1161814 0.0501927 0.0423528 0.1096191 0.1066990 0.1175235 0.0714018 0.0895396 0.2586295 0.1382161 0.1049710 0.0764541 0.1060833 0.0688510 0.0845148 0.0703601 0.1088234 0.0000000 0.0500752 0.1095936 0.1295818 0.1246429 0.0876437 0.1081373 
Phalangeridae_Phalanger_carmelitae           0.0378418 0.0610556 0.0423072 0.0458932 0.0462279 0.0600108 0.0199336 0.0078800 0.0455502 0.0079321 0.0609402 0.0624377 0.0044550 0.0492054 0.0603800 0.0578457 0.0645879 0.0465713 0.0737105 0.1934531 0.0737145 0.0603332 0.0503553 0.0558334 0.0532859 0.0558036 0.0513924 0.0735384 0.0500752 0.0000000 0.0603077 0.0642260 0.0585489 0.0443842 0.0568393 
Dasyuridae_Dasyurus_geffroii                 0.0949492 0.1220816 0.0890438 0.1016003 0.1018967 0.0035111 0.0561232 0.0597017 0.1041981 0.0588907 0.0230957 0.0424298 0.0579188 0.1044099 0.0077433 0.0333359 0.1256848 0.1046006 0.1289559 0.2960469 0.1491887 0.0222554 0.1063259 0.1136267 0.1187778 0.1159173 0.1059514 0.1642295 0.1095936 0.0603077 0.0000000 0.1378932 0.1325958 0.0195859 0.1162956 
Peramelidae_Perameles_gunnii                 0.1166715 0.1479811 0.1162724 0.1204319 0.1206521 0.1375171 0.0591283 0.0629259 0.1229551 0.0636476 0.1345614 0.1448345 0.0635930 0.1272687 0.1421662 0.1252502 0.0228399 0.1201230 0.1454592 0.3234503 0.1729158 0.1341907 0.1225019 0.1317931 0.1321232 0.1290836 0.1268220 0.1812334 0.1295818 0.0642260 0.1378932 0.0000000 0.0015044 0.1266931 0.0269261 
Peramelidae_Perameles_nasuta                 0.1149928 0.1472475 0.1183071 0.1233017 0.1243281 0.1321569 0.0543005 0.0578186 0.1274916 0.0586047 0.1301604 0.1436844 0.0571468 0.1206054 0.1339989 0.1181201 0.0248126 0.1218488 0.1463390 0.3461372 0.1584384 0.1297816 0.1268580 0.1309999 0.1281713 0.1360722 0.1254122 0.1810935 0.1246429 0.0585489 0.1325958 0.0015044 0.0000000 0.1284333 0.0278494 
Dasyuridae_Phascogale_calura                 0.0761665 0.1010160 0.0726185 0.0859747 0.0863272 0.0213098 0.0402725 0.0437587 0.0872868 0.0437207 0.0030700 0.0403266 0.0423974 0.0813455 0.0213390 0.0324825 0.1151246 0.0857610 0.1164738 0.2866690 0.1248949 0.0078338 0.0891421 0.1046139 0.1015362 0.1021088 0.0910352 0.1501493 0.0876437 0.0443842 0.0195859 0.1266931 0.1284333 0.0000000 0.1142293 
Peramelidae_Peroryctes_raffrayana            0.1023421 0.1314730 0.1014246 0.1083060 0.1086461 0.1170040 0.0540035 0.0568223 0.1112649 0.0572541 0.1158910 0.1308885 0.0568383 0.1046025 0.1177052 0.1089443 0.0175468 0.1078578 0.1260342 0.2881591 0.1431108 0.1145790 0.1116117 0.1203391 0.1147375 0.1212515 0.1080553 0.1613598 0.1081373 0.0568393 0.1162956 0.0269261 0.0278494 0.1142293 0.0000000 
