74
Cladotanytarsus_atridorsum_To81     0.0000000 0.0204433 0.2556315 0.2399381 0.2395118 0.2368021 0.2396576 0.2426990 0.2316857 0.2305812 0.2336084 0.2300062 0.2344444 0.2365177 0.2393418 0.2378878 0.2319164 0.2404280 0.2415781 0.2501456 0.2541993 0.2490239 0.2378963 0.2382796 0.2198855 0.2320625 0.2347121 0.2138059 0.2172208 0.2243301 0.2497657 0.2216828 0.2493202 0.2288704 0.2112370 0.2444072 0.2321557 0.2556036 0.2577317 0.2344188 0.2295763 0.2424558 0.2249197 0.2390786 0.2439493 0.2337902 0.2383802 0.2329695 0.1896548 0.2486085 0.2326471 0.2438781 0.2440318 0.2448013 0.2386159 0.2777687 0.2358397 0.2394666 0.2375666 0.2404189 0.2247740 0.2394310 0.2246872 0.2405614 0.2123637 0.2224710 0.2215268 0.2308046 0.2159453 0.2639482 0.2267591 0.1845061 0.2312068 0.1742320 
Cladotanytarsus_pallidus_To02       0.0204433 0.0000000 0.2478212 0.2363023 0.2371908 0.2360395 0.2395391 0.2419736 0.2336029 0.2324458 0.2355328 0.2340934 0.2320628 0.2355134 0.2352559 0.2434323 0.2376143 0.2441101 0.2409674 0.2509004 0.2463528 0.2413321 0.2426821 0.2371096 0.2199704 0.2314065 0.2330773 0.2121617 0.2173766 0.2222858 0.2493366 0.2258125 0.2482875 0.2295216 0.2157061 0.2427653 0.2248153 0.2583280 0.2603270 0.2360436 0.2230100 0.2434126 0.2231755 0.2434590 0.2458024 0.2376598 0.2317355 0.2274507 0.1904144 0.2433926 0.2374319 0.2474398 0.2475975 0.2483645 0.2419492 0.2771481 0.2350832 0.2372287 0.2326596 0.2335421 0.2218874 0.2403253 0.2235276 0.2380171 0.2205460 0.2207011 0.2154074 0.2353125 0.2178376 0.2696262 0.2253781 0.1842012 0.2334430 0.1774170 
Krenopsectra_acuta_To392            0.2556315 0.2478212 0.0000000 0.1412192 0.1513903 0.1016893 0.1038807 0.1279733 0.1419014 0.1407911 0.1414444 0.1406565 0.1504091 0.1512936 0.1484290 0.1385850 0.1375978 0.1324018 0.1446747 0.1333079 0.1488499 0.1480893 0.1345949 0.1366020 0.1403909 0.1365967 0.1379613 0.1420422 0.1436601 0.0933620 0.1450356 0.1352010 0.1377757 0.1397774 0.1413845 0.1304617 0.1397850 0.1367736 0.1365752 0.1319016 0.0991697 0.1412705 0.1317461 0.1399175 0.1386789 0.1442737 0.1353381 0.1741987 0.1300655 0.1261839 0.1462190 0.1444208 0.1440641 0.1457313 0.1534774 0.1602627 0.1893220 0.1898895 0.1940466 0.2029766 0.1692663 0.2208497 0.2046674 0.2083567 0.2001978 0.1863798 0.1830359 0.1755302 0.1962195 0.2396988 0.2181644 0.2282820 0.2371944 0.2314209 
Micropsectra_appendica_To133        0.2399381 0.2363023 0.1412192 0.0000000 0.1075125 0.1323092 0.1368782 0.1356849 0.1119505 0.1142136 0.1134063 0.1122411 0.1167512 0.1175814 0.1200161 0.1205598 0.1152773 0.1152338 0.1115459 0.1024925 0.1171533 0.1145533 0.0927840 0.1085932 0.1013422 0.1072881 0.1064139 0.1051683 0.1068034 0.1321925 0.1044415 0.1112030 0.1001716 0.1275600 0.1202408 0.1030753 0.1385206 0.0951380 0.0966493 0.1016647 0.1445835 0.0932960 0.1014936 0.0987674 0.0931082 0.0963003 0.1000654 0.1344672 0.1466327 0.1105711 0.1157867 0.1222884 0.1199817 0.1204962 0.1262744 0.1313106 0.1915911 0.1940411 0.1940968 0.1992273 0.1697789 0.2009507 0.1981487 0.1933159 0.2069440 0.1955441 0.1894498 0.1914565 0.1929452 0.2499282 0.2389350 0.2387003 0.2197549 0.2154525 
Micropsectra_atrofasciata_IS27      0.2395118 0.2371908 0.1513903 0.1075125 0.0000000 0.1474359 0.1485622 0.1451759 0.1327098 0.1365177 0.1343823 0.1358627 0.1421896 0.1418755 0.1424290 0.1447209 0.1401165 0.1379691 0.1269213 0.1239748 0.1365745 0.1341400 0.0797720 0.1333746 0.1211989 0.1307111 0.1290685 0.1203686 0.1236173 0.1371646 0.0963864 0.1361803 0.0857903 0.1464114 0.1451795 0.1301389 0.1566951 0.0943780 0.0948340 0.1003342 0.1486600 0.0850579 0.0944549 0.0932301 0.0866194 0.0936246 0.0920568 0.1716109 0.1640093 0.1279988 0.1318534 0.1292605 0.1304292 0.1303140 0.1353376 0.1482999 0.1914570 0.1940204 0.1971641 0.1958663 0.1658625 0.2048129 0.1946151 0.1901391 0.2097756 0.1789274 0.1927300 0.1785840 0.1795350 0.2391467 0.2189288 0.2494952 0.2106116 0.2160343 
Micropsectra_attenuata_To131        0.2368021 0.2360395 0.1016893 0.1323092 0.1474359 0.0000000 0.0027194 0.1391072 0.1455776 0.1420335 0.1434622 0.1455161 0.1438974 0.1447888 0.1446887 0.1492882 0.1477261 0.1442882 0.1425985 0.1339198 0.1359598 0.1331648 0.1381967 0.1478624 0.1354423 0.1433196 0.1441834 0.1387010 0.1424105 0.0821684 0.1330116 0.1224968 0.1391276 0.1425524 0.1459553 0.1264940 0.1369475 0.1309773 0.1328098 0.1254814 0.0829248 0.1332856 0.1244391 0.1299891 0.1307777 0.1349629 0.1328037 0.1551491 0.0887430 0.1286317 0.1417637 0.1361501 0.1370969 0.1388537 0.1545506 0.1667144 0.1781194 0.1790129 0.1829262 0.1901887 0.1810584 0.2099354 0.1808317 0.1893350 0.1912381 0.1816753 0.1880954 0.1753772 0.1766974 0.2356807 0.2291665 0.2210976 0.2225729 0.2283177 
Micropsectra_attenuata_To302        0.2396576 0.2395391 0.1038807 0.1368782 0.1485622 0.0027194 0.0000000 0.1391389 0.1470030 0.1435513 0.1460858 0.1461432 0.1449326 0.1458218 0.1462118 0.1526357 0.1497964 0.1464033 0.1440685 0.1353614 0.1399310 0.1371168 0.1381205 0.1491004 0.1376753 0.1449701 0.1458319 0.1409281 0.1446611 0.0828492 0.1341560 0.1266489 0.1386748 0.1482157 0.1504709 0.1285910 0.1381791 0.1343493 0.1361990 0.1307647 0.0836239 0.1347636 0.1279510 0.1322557 0.1311939 0.1366267 0.1342099 0.1615642 0.0888464 0.1289367 0.1449838 0.1409260 0.1407484 0.1426244 0.1576890 0.1696217 0.1821310 0.1823544 0.1866658 0.1929978 0.1841469 0.2127924 0.1823671 0.1936800 0.1905649 0.1864458 0.1896297 0.1741269 0.1779018 0.2383352 0.2359039 0.2276308 0.2239884 0.2369089 
Micropsectra_borealis_NO41          0.2426990 0.2419736 0.1279733 0.1356849 0.1451759 0.1391072 0.1391389 0.0000000 0.1293596 0.1304022 0.1307647 0.1323998 0.1393038 0.1391692 0.1405159 0.1318241 0.1310195 0.1299079 0.1241526 0.1423635 0.1307491 0.1302512 0.1164254 0.1309609 0.1263671 0.1267538 0.1269131 0.1234513 0.1299662 0.1213664 0.1331247 0.1343771 0.1366540 0.1130071 0.1174501 0.1229340 0.1288159 0.1184543 0.1184383 0.1087616 0.1230571 0.1102256 0.1015576 0.1187821 0.1084055 0.1240355 0.1179045 0.1372140 0.1445936 0.1222988 0.1334617 0.1252181 0.1253197 0.1251170 0.1287951 0.1567432 0.1916149 0.1920949 0.1963768 0.1945821 0.1665184 0.2081157 0.1793835 0.2025052 0.2051892 0.1769680 0.1833230 0.1750316 0.1796597 0.2249972 0.2209151 0.2208890 0.2098921 0.2224583 
Micropsectra_contracta_To06         0.2316857 0.2336029 0.1419014 0.1119505 0.1327098 0.1455776 0.1470030 0.1293596 0.0000000 0.0029615 0.0009014 0.0027239 0.0701940 0.0704693 0.0698656 0.0640521 0.0615035 0.0638242 0.0891442 0.1177175 0.1078620 0.1072462 0.1002953 0.0396489 0.0620273 0.0382091 0.0381326 0.0613286 0.0646085 0.1233051 0.1201001 0.1300867 0.1193477 0.1260942 0.1305246 0.0832420 0.1435445 0.1140058 0.1150580 0.1423081 0.1337650 0.1121724 0.1406785 0.1126494 0.1153640 0.1161942 0.1134678 0.1158585 0.1403469 0.1032407 0.1356769 0.1322909 0.1315746 0.1332955 0.1331873 0.1488848 0.1735033 0.1743852 0.1782450 0.1941375 0.1599547 0.1946883 0.1977309 0.1840682 0.1858898 0.1726226 0.1860218 0.1826323 0.1920479 0.2317454 0.2272467 0.2135894 0.2331764 0.2013228 
Micropsectra_contracta_To356        0.2305812 0.2324458 0.1407911 0.1142136 0.1365177 0.1420335 0.1435513 0.1304022 0.0029615 0.0000000 0.0036551 0.0048134 0.0690577 0.0693316 0.0682091 0.0639385 0.0610027 0.0622918 0.0877590 0.1172740 0.1055434 0.1049368 0.1016318 0.0404518 0.0628782 0.0390114 0.0389242 0.0626602 0.0656022 0.1220061 0.1208987 0.1332059 0.1191163 0.1277810 0.1324965 0.0831891 0.1414248 0.1166170 0.1176808 0.1426798 0.1336755 0.1157360 0.1427013 0.1149227 0.1189544 0.1180285 0.1151989 0.1182776 0.1411114 0.1008566 0.1353615 0.1345628 0.1328453 0.1345755 0.1348949 0.1529919 0.1723897 0.1733021 0.1783010 0.1936739 0.1618726 0.1948291 0.1988084 0.1853010 0.1859814 0.1744349 0.1848544 0.1807575 0.1898543 0.2302752 0.2300155 0.2134815 0.2325744 0.2043265 
Micropsectra_contracta_To357        0.2336084 0.2355328 0.1414444 0.1134063 0.1343823 0.1434622 0.1460858 0.1307647 0.0009014 0.0036551 0.0000000 0.0038748 0.0696141 0.0698886 0.0690728 0.0643823 0.0610790 0.0638648 0.0881956 0.1181760 0.1071332 0.1065205 0.1004703 0.0398993 0.0627450 0.0384799 0.0383939 0.0620398 0.0653428 0.1222311 0.1208330 0.1307471 0.1187993 0.1268604 0.1311747 0.0831431 0.1426501 0.1153537 0.1164139 0.1429804 0.1336520 0.1125683 0.1406485 0.1134907 0.1163388 0.1164838 0.1139102 0.1177443 0.1403025 0.1022196 0.1360263 0.1330894 0.1313789 0.1331021 0.1345267 0.1473808 0.1733895 0.1750052 0.1787325 0.1944952 0.1613925 0.1966859 0.1976283 0.1840051 0.1864357 0.1744555 0.1857713 0.1829737 0.1915276 0.2309308 0.2294927 0.2136380 0.2361572 0.2024704 
Micropsectra_contracta_To358        0.2300062 0.2340934 0.1406565 0.1122411 0.1358627 0.1455161 0.1461432 0.1323998 0.0027239 0.0048134 0.0038748 0.0000000 0.0709038 0.0711789 0.0700195 0.0657875 0.0628189 0.0634882 0.0895970 0.1156596 0.1070235 0.1064765 0.0999853 0.0411126 0.0625374 0.0403482 0.0402570 0.0637345 0.0658420 0.1222422 0.1223701 0.1315273 0.1181858 0.1301445 0.1366648 0.0813776 0.1410281 0.1146781 0.1157391 0.1419023 0.1319950 0.1147001 0.1419874 0.1123359 0.1179129 0.1189465 0.1156919 0.1187991 0.1381678 0.1022314 0.1378707 0.1352922 0.1335611 0.1353048 0.1378166 0.1482695 0.1748944 0.1758386 0.1799386 0.1944924 0.1631792 0.1951632 0.1992158 0.1862997 0.1878641 0.1761121 0.1865502 0.1804741 0.1930535 0.2316079 0.2260591 0.2145559 0.2384292 0.2013736 
Micropsectra_insignilobus_To182     0.2344444 0.2320628 0.1504091 0.1167512 0.1421896 0.1438974 0.1449326 0.1393038 0.0701940 0.0690577 0.0696141 0.0709038 0.0000000 0.0022358 0.0104673 0.0799289 0.0762977 0.0793079 0.0970472 0.1173798 0.1092702 0.1083317 0.1214670 0.0725955 0.0751095 0.0701900 0.0691655 0.0750536 0.0788676 0.1267928 0.1303145 0.1383226 0.1353999 0.1494018 0.1503827 0.1016533 0.1506344 0.1236177 0.1253451 0.1400485 0.1334697 0.1165729 0.1361421 0.1177912 0.1213098 0.1230833 0.1240744 0.1472349 0.1433660 0.1128695 0.1349696 0.1321376 0.1314551 0.1331389 0.1357948 0.1582865 0.1978767 0.2014634 0.2082624 0.2110704 0.1774378 0.2218647 0.2029560 0.2134861 0.1951391 0.1900805 0.1896546 0.1862754 0.1961132 0.2292560 0.2239267 0.2376472 0.2316593 0.2281247 
Micropsectra_insignilobus_To184     0.2365177 0.2355134 0.1512936 0.1175814 0.1418755 0.1447888 0.1458218 0.1391692 0.0704693 0.0693316 0.0698886 0.0711789 0.0022358 0.0000000 0.0109392 0.0806434 0.0766635 0.0800221 0.0961471 0.1188214 0.1088463 0.1079089 0.1218056 0.0732995 0.0767170 0.0700425 0.0698607 0.0766511 0.0800743 0.1276434 0.1298064 0.1404074 0.1367968 0.1478213 0.1525409 0.1012450 0.1517784 0.1233623 0.1250848 0.1421337 0.1320072 0.1163344 0.1381927 0.1175499 0.1210595 0.1215927 0.1244092 0.1493406 0.1467402 0.1118766 0.1359702 0.1336236 0.1329373 0.1326773 0.1356630 0.1585478 0.2006333 0.2007707 0.2088900 0.2139174 0.1777471 0.2229630 0.2057823 0.2163942 0.1986574 0.1927716 0.1915486 0.1865985 0.1988049 0.2310129 0.2235469 0.2402123 0.2351969 0.2311357 
Micropsectra_insignilobus_To31      0.2393418 0.2352559 0.1484290 0.1200161 0.1424290 0.1446887 0.1462118 0.1405159 0.0698656 0.0682091 0.0690728 0.0700195 0.0104673 0.0109392 0.0000000 0.0803010 0.0782427 0.0814966 0.0997587 0.1207463 0.1156221 0.1146574 0.1217903 0.0762446 0.0770319 0.0733553 0.0727304 0.0778256 0.0825402 0.1270330 0.1306352 0.1396175 0.1367357 0.1477670 0.1499091 0.1000878 0.1510292 0.1234879 0.1252163 0.1375035 0.1361148 0.1206962 0.1404818 0.1200576 0.1254978 0.1265334 0.1252842 0.1423545 0.1433777 0.1132633 0.1367721 0.1325787 0.1328646 0.1345581 0.1395363 0.1609621 0.1980033 0.2015480 0.2096442 0.2160618 0.1839145 0.2188585 0.2002530 0.2153861 0.2042113 0.1921496 0.1928913 0.1841913 0.1974535 0.2265842 0.2248087 0.2402096 0.2363692 0.2246200 
Micropsectra_junci_To154            0.2378878 0.2434323 0.1385850 0.1205598 0.1447209 0.1492882 0.1526357 0.1318241 0.0640521 0.0639385 0.0643823 0.0657875 0.0799289 0.0806434 0.0803010 0.0000000 0.0052642 0.0196091 0.0973186 0.1107426 0.1115824 0.1115576 0.1187606 0.0691006 0.0668080 0.0679232 0.0681671 0.0628808 0.0676132 0.1346876 0.1281823 0.1331533 0.1263901 0.1380367 0.1404110 0.0966369 0.1583861 0.1132337 0.1142872 0.1331757 0.1337469 0.1177593 0.1415192 0.1182195 0.1199230 0.1205295 0.1226333 0.1501571 0.1660669 0.1195627 0.1437425 0.1286715 0.1277496 0.1293343 0.1405768 0.1504720 0.1881576 0.1906991 0.1930023 0.1976312 0.1714120 0.2104892 0.2124936 0.1936276 0.2026033 0.1813645 0.1940700 0.1842530 0.2139848 0.2269355 0.2312722 0.2317966 0.2470877 0.2242131 
Micropsectra_junci_To157            0.2319164 0.2376143 0.1375978 0.1152773 0.1401165 0.1477261 0.1497964 0.1310195 0.0615035 0.0610027 0.0610790 0.0628189 0.0762977 0.0766635 0.0782427 0.0052642 0.0000000 0.0159807 0.0925101 0.1083759 0.1080321 0.1080065 0.1141375 0.0664685 0.0640880 0.0664468 0.0659085 0.0610102 0.0664336 0.1324895 0.1252019 0.1346724 0.1195645 0.1343642 0.1410223 0.0924053 0.1532014 0.1106714 0.1117145 0.1345292 0.1323285 0.1128479 0.1405349 0.1146821 0.1149259 0.1136664 0.1172072 0.1473223 0.1660669 0.1130317 0.1354303 0.1215769 0.1200669 0.1222143 0.1306705 0.1426121 0.1873971 0.1890699 0.1902907 0.1968898 0.1731590 0.2117832 0.2076202 0.1902611 0.1998588 0.1785429 0.1905004 0.1836083 0.2125582 0.2193542 0.2280638 0.2220848 0.2389672 0.2180885 
Micropsectra_junci_To54             0.2404280 0.2441101 0.1324018 0.1152338 0.1379691 0.1442882 0.1464033 0.1299079 0.0638242 0.0622918 0.0638648 0.0634882 0.0793079 0.0800221 0.0814966 0.0196091 0.0159807 0.0000000 0.0955279 0.1076355 0.1064330 0.1073155 0.1125126 0.0681922 0.0625486 0.0673937 0.0676361 0.0595429 0.0640747 0.1327984 0.1278885 0.1371723 0.1233240 0.1344816 0.1427582 0.0903049 0.1551357 0.1167010 0.1177601 0.1440058 0.1290795 0.1137191 0.1430065 0.1144087 0.1153747 0.1219001 0.1191807 0.1496025 0.1607640 0.1102586 0.1408546 0.1256106 0.1253725 0.1275633 0.1351422 0.1401373 0.1841247 0.1849327 0.1906047 0.1913233 0.1663356 0.2119615 0.2033741 0.1913178 0.1969004 0.1740608 0.1934470 0.1794972 0.2084854 0.2186188 0.2230243 0.2312287 0.2413926 0.2195316 
Micropsectra_kurobemaculata_To07    0.2415781 0.2409674 0.1446747 0.1115459 0.1269213 0.1425985 0.1440685 0.1241526 0.0891442 0.0877590 0.0881956 0.0895970 0.0970472 0.0961471 0.0997587 0.0973186 0.0925101 0.0955279 0.0000000 0.1059735 0.1032764 0.1028178 0.1060539 0.0959899 0.0859759 0.0928469 0.0925783 0.0875358 0.0931446 0.1167245 0.1123601 0.1224221 0.1166364 0.1305253 0.1318629 0.0977977 0.1474735 0.1100340 0.1110784 0.1258488 0.1275814 0.1040963 0.1220723 0.1055670 0.1048135 0.1096220 0.1042721 0.1455724 0.1531066 0.0957544 0.1214766 0.1256225 0.1249304 0.1246653 0.1249364 0.1330747 0.1942345 0.1930388 0.1976766 0.2119243 0.1630272 0.1958957 0.1885014 0.2034857 0.1922803 0.1871497 0.1914771 0.1696691 0.1851355 0.2375381 0.2321569 0.2326081 0.2238177 0.2082383 
Micropsectra_lacustris_AT16         0.2501456 0.2509004 0.1333079 0.1024925 0.1239748 0.1339198 0.1353614 0.1423635 0.1177175 0.1172740 0.1181760 0.1156596 0.1173798 0.1188214 0.1207463 0.1107426 0.1083759 0.1076355 0.1059735 0.0000000 0.1294875 0.1288987 0.1036103 0.1065453 0.1082106 0.1042800 0.1023851 0.1103400 0.1149357 0.1384409 0.1134836 0.1323950 0.1113819 0.1412121 0.1454668 0.1094671 0.1592881 0.1059195 0.1074897 0.1203586 0.1379547 0.1092591 0.1209326 0.1097320 0.1092046 0.1184195 0.1132858 0.1598807 0.1451885 0.0958567 0.1222859 0.1245628 0.1235324 0.1251958 0.1311211 0.1388239 0.1898337 0.1910221 0.1932566 0.2224951 0.1679845 0.2124900 0.1950151 0.2148296 0.2085327 0.1951588 0.1943867 0.1768877 0.1946488 0.2415572 0.2404543 0.2511196 0.2396637 0.2428787 
Micropsectra_lindrothi_IS48         0.2541993 0.2463528 0.1488499 0.1171533 0.1365745 0.1359598 0.1399310 0.1307491 0.1078620 0.1055434 0.1071332 0.1070235 0.1092702 0.1088463 0.1156221 0.1115824 0.1080321 0.1064330 0.1032764 0.1294875 0.0000000 0.0022812 0.1143068 0.1061175 0.1013592 0.1032535 0.1024155 0.0994322 0.1062713 0.1361755 0.1319653 0.1051458 0.1238282 0.1343113 0.1223279 0.0995308 0.1448504 0.1187762 0.1198714 0.1079078 0.1369947 0.1250957 0.1161761 0.1208108 0.1247645 0.1263343 0.1187036 0.1387830 0.1471452 0.1054062 0.1447361 0.1481209 0.1467585 0.1470913 0.1534160 0.1570782 0.1821546 0.1826156 0.1903951 0.2004618 0.1634796 0.2014511 0.1801469 0.1906842 0.1892040 0.1698673 0.1731540 0.1700881 0.1863008 0.2457662 0.2501300 0.2353076 0.2226779 0.2138665 
Micropsectra_lindrothi_To361        0.2490239 0.2413321 0.1480893 0.1145533 0.1341400 0.1331648 0.1371168 0.1302512 0.1072462 0.1049368 0.1065205 0.1064765 0.1083317 0.1079089 0.1146574 0.1115576 0.1080065 0.1073155 0.1028178 0.1288987 0.0022812 0.0000000 0.1127683 0.1045567 0.1009002 0.1017078 0.1008813 0.0989781 0.1058024 0.1334487 0.1298393 0.1049151 0.1226342 0.1345082 0.1220430 0.0983822 0.1448277 0.1173093 0.1183989 0.1062047 0.1341284 0.1233628 0.1137436 0.1188331 0.1234815 0.1257901 0.1180001 0.1375849 0.1423926 0.1049330 0.1417640 0.1469801 0.1456232 0.1459530 0.1516790 0.1548302 0.1820288 0.1824897 0.1902631 0.1989617 0.1609341 0.1979347 0.1806578 0.1893133 0.1867045 0.1662150 0.1721431 0.1688016 0.1826924 0.2446817 0.2479790 0.2315646 0.2199390 0.2078929 
Micropsectra_logani_To188           0.2378963 0.2426821 0.1345949 0.0927840 0.0797720 0.1381967 0.1381205 0.1164254 0.1002953 0.1016318 0.1004703 0.0999853 0.1214670 0.1218056 0.1217903 0.1187606 0.1141375 0.1125126 0.1060539 0.1036103 0.1143068 0.1127683 0.0000000 0.1013684 0.0966870 0.0990455 0.0983127 0.0987330 0.1037505 0.1237039 0.0809677 0.1151831 0.0664775 0.1350956 0.1289606 0.1087936 0.1431313 0.0809259 0.0823338 0.0875369 0.1377575 0.0722213 0.0821468 0.0729192 0.0718117 0.0781789 0.0822624 0.1329881 0.1381891 0.1090496 0.1377739 0.1321263 0.1314124 0.1324961 0.1393322 0.1504176 0.1896687 0.1920928 0.1960715 0.2000428 0.1533837 0.1958373 0.1892691 0.1871481 0.2019640 0.1721860 0.1865702 0.1788077 0.1743286 0.2346382 0.2145158 0.2254464 0.2174797 0.2140827 
Micropsectra_notescens_To315        0.2382796 0.2371096 0.1366020 0.1085932 0.1333746 0.1478624 0.1491004 0.1309609 0.0396489 0.0404518 0.0398993 0.0411126 0.0725955 0.0732995 0.0762446 0.0691006 0.0664685 0.0681922 0.0959899 0.1065453 0.1061175 0.1045567 0.1013684 0.0000000 0.0588427 0.0015870 0.0015845 0.0581499 0.0614178 0.1226875 0.1172732 0.1252628 0.1171035 0.1344248 0.1361583 0.0898040 0.1469406 0.1114119 0.1124512 0.1303560 0.1318987 0.1101204 0.1284545 0.1071749 0.1127752 0.1173885 0.1138902 0.1293604 0.1552127 0.1016042 0.1314763 0.1308326 0.1306881 0.1318399 0.1350443 0.1482424 0.1880132 0.1896952 0.1976766 0.1959715 0.1665825 0.2022213 0.1975432 0.1961804 0.2008789 0.1790975 0.1875586 0.1925864 0.1912345 0.2328473 0.2281223 0.2255835 0.2366931 0.2054204 
Micropsectra_notescens_To324        0.2198855 0.2199704 0.1403909 0.1013422 0.1211989 0.1354423 0.1376753 0.1263671 0.0620273 0.0628782 0.0627450 0.0625374 0.0751095 0.0767170 0.0770319 0.0668080 0.0640880 0.0625486 0.0859759 0.1082106 0.1013592 0.1009002 0.0966870 0.0588427 0.0000000 0.0577313 0.0579779 0.0057438 0.0074991 0.1253952 0.1089219 0.1164950 0.1101225 0.1415134 0.1492271 0.0882579 0.1431066 0.1018806 0.1034572 0.1178013 0.1303619 0.1040214 0.1216020 0.1043952 0.1071942 0.1100547 0.1101726 0.1273839 0.1497728 0.1043050 0.1268426 0.1231368 0.1227193 0.1243037 0.1234564 0.1335658 0.1758792 0.1764549 0.1841548 0.1892127 0.1504137 0.1914215 0.1854696 0.1799609 0.1958786 0.1660445 0.1678908 0.1687763 0.1753198 0.2189043 0.2206593 0.2185827 0.2317535 0.2114755 
Micropsectra_notescens_To351        0.2320625 0.2314065 0.1365967 0.1072881 0.1307111 0.1433196 0.1449701 0.1267538 0.0382091 0.0390114 0.0384799 0.0403482 0.0701900 0.0700425 0.0733553 0.0679232 0.0664468 0.0673937 0.0928469 0.1042800 0.1032535 0.1017078 0.0990455 0.0015870 0.0577313 0.0000000 0.0004506 0.0570453 0.0594966 0.1210830 0.1143608 0.1278799 0.1162970 0.1304859 0.1356850 0.0867618 0.1428213 0.1100838 0.1111233 0.1319700 0.1301282 0.1098014 0.1300694 0.1062868 0.1118997 0.1153667 0.1104839 0.1288904 0.1565969 0.1008741 0.1295155 0.1287899 0.1281069 0.1297957 0.1329832 0.1450463 0.1860840 0.1869518 0.1947506 0.1924496 0.1626074 0.1992378 0.1945760 0.1942239 0.1970190 0.1783491 0.1835424 0.1897916 0.1873645 0.2307856 0.2267406 0.2188209 0.2313129 0.2022012 
Micropsectra_notescens_To352        0.2347121 0.2330773 0.1379613 0.1064139 0.1290685 0.1441834 0.1458319 0.1269131 0.0381326 0.0389242 0.0383939 0.0402570 0.0691655 0.0698607 0.0727304 0.0681671 0.0659085 0.0676361 0.0925783 0.1023851 0.1024155 0.1008813 0.0983127 0.0015845 0.0579779 0.0004506 0.0000000 0.0572908 0.0605635 0.1218197 0.1139945 0.1266890 0.1149088 0.1306419 0.1344503 0.0865189 0.1444162 0.1103173 0.1113555 0.1307588 0.1308944 0.1090097 0.1288547 0.1049657 0.1111009 0.1138684 0.1090529 0.1277265 0.1544459 0.0995195 0.1290661 0.1283466 0.1276671 0.1293477 0.1318873 0.1459493 0.1855915 0.1872672 0.1942081 0.1926065 0.1640678 0.1996156 0.1948288 0.1936944 0.1982830 0.1793780 0.1854545 0.1907858 0.1874628 0.2332340 0.2255173 0.2208813 0.2326440 0.2041312 
Micropsectra_notescens_To353        0.2138059 0.2121617 0.1420422 0.1051683 0.1203686 0.1387010 0.1409281 0.1234513 0.0613286 0.0626602 0.0620398 0.0637345 0.0750536 0.0766511 0.0778256 0.0628808 0.0610102 0.0595429 0.0875358 0.1103400 0.0994322 0.0989781 0.0987330 0.0581499 0.0057438 0.0570453 0.0572908 0.0000000 0.0065120 0.1244783 0.1095255 0.1186142 0.1101668 0.1362511 0.1431631 0.0893284 0.1386260 0.1067192 0.1083332 0.1240404 0.1336556 0.1079460 0.1276276 0.1097924 0.1116451 0.1127843 0.1111682 0.1313238 0.1531664 0.1098636 0.1271604 0.1246433 0.1247873 0.1258118 0.1262520 0.1329115 0.1767839 0.1767808 0.1819939 0.1886673 0.1487183 0.1931817 0.1841622 0.1798132 0.1951441 0.1644146 0.1717940 0.1731667 0.1747652 0.2251690 0.2159881 0.2193890 0.2274666 0.2092203 
Micropsectra_notescens_To354        0.2172208 0.2173766 0.1436601 0.1068034 0.1236173 0.1424105 0.1446611 0.1299662 0.0646085 0.0656022 0.0653428 0.0658420 0.0788676 0.0800743 0.0825402 0.0676132 0.0664336 0.0640747 0.0931446 0.1149357 0.1062713 0.1058024 0.1037505 0.0614178 0.0074991 0.0594966 0.0605635 0.0065120 0.0000000 0.1267601 0.1152749 0.1194237 0.1155671 0.1454227 0.1558170 0.0929616 0.1466814 0.1114147 0.1130826 0.1280678 0.1354625 0.1123740 0.1310245 0.1122917 0.1156578 0.1190232 0.1142119 0.1354832 0.1636554 0.1145687 0.1301924 0.1270837 0.1267069 0.1277495 0.1297976 0.1369737 0.1833443 0.1825215 0.1874967 0.1913219 0.1489076 0.1944977 0.1929230 0.1876704 0.2019138 0.1676587 0.1742497 0.1774648 0.1784582 0.2326640 0.2257905 0.2181598 0.2363611 0.2193979 
Micropsectra_oberaarensis_To336     0.2243301 0.2222858 0.0933620 0.1321925 0.1371646 0.0821684 0.0828492 0.1213664 0.1233051 0.1220061 0.1222311 0.1222422 0.1267928 0.1276434 0.1270330 0.1346876 0.1324895 0.1327984 0.1167245 0.1384409 0.1361755 0.1334487 0.1237039 0.1226875 0.1253952 0.1210830 0.1218197 0.1244783 0.1267601 0.0000000 0.1285439 0.1316261 0.1311052 0.1408293 0.1404483 0.1267956 0.1313586 0.1321391 0.1332865 0.1265841 0.0299970 0.1306104 0.1203606 0.1333853 0.1288354 0.1353126 0.1347603 0.1614030 0.1041695 0.1156023 0.1388871 0.1372865 0.1363915 0.1379027 0.1471661 0.1637201 0.1948066 0.1963256 0.2012972 0.2003156 0.1709049 0.2073444 0.2022609 0.1992368 0.1878391 0.1763077 0.1893340 0.1715731 0.1830558 0.2351825 0.2161655 0.2234460 0.2282337 0.2193626 
Micropsectra_pallidula_To74         0.2497657 0.2493366 0.1450356 0.1044415 0.0963864 0.1330116 0.1341560 0.1331247 0.1201001 0.1208987 0.1208330 0.1223701 0.1303145 0.1298064 0.1306352 0.1281823 0.1252019 0.1278885 0.1123601 0.1134836 0.1319653 0.1298393 0.0809677 0.1172732 0.1089219 0.1143608 0.1139945 0.1095255 0.1152749 0.1285439 0.0000000 0.1245759 0.0930753 0.1324750 0.1317769 0.1233746 0.1493467 0.0858046 0.0857604 0.0904388 0.1320123 0.0822197 0.0907319 0.0828630 0.0806486 0.0854810 0.0815025 0.1442363 0.1354398 0.1146402 0.1294779 0.1357992 0.1352140 0.1359379 0.1283709 0.1431038 0.1967759 0.1971550 0.1979525 0.1948652 0.1586980 0.2010300 0.1885224 0.1988933 0.2031636 0.1699528 0.1888577 0.1981777 0.1723318 0.2441547 0.2228437 0.2380058 0.2210176 0.2149434 
Micropsectra_pharetrophora_To12     0.2216828 0.2258125 0.1352010 0.1112030 0.1361803 0.1224968 0.1266489 0.1343771 0.1300867 0.1332059 0.1307471 0.1315273 0.1383226 0.1404074 0.1396175 0.1331533 0.1346724 0.1371723 0.1224221 0.1323950 0.1051458 0.1049151 0.1151831 0.1252628 0.1164950 0.1278799 0.1266890 0.1186142 0.1194237 0.1316261 0.1245759 0.0000000 0.1005203 0.1277558 0.1261784 0.1186158 0.1482940 0.1157788 0.1157788 0.1112700 0.1238341 0.1144784 0.1085868 0.1163212 0.1137632 0.1286220 0.1236800 0.1313591 0.1154247 0.1066576 0.1181108 0.1250236 0.1266214 0.1250236 0.1274253 0.1690368 0.1640906 0.1636751 0.1652964 0.1810305 0.1510791 0.1713394 0.1664331 0.1812761 0.2221713 0.1616474 0.1789224 0.1782763 0.1832096 0.2273795 0.2040770 0.1693114 0.2017928 0.2008100 
Micropsectra_polita_To181           0.2493202 0.2482875 0.1377757 0.1001716 0.0857903 0.1391276 0.1386748 0.1366540 0.1193477 0.1191163 0.1187993 0.1181858 0.1353999 0.1367968 0.1367357 0.1263901 0.1195645 0.1233240 0.1166364 0.1113819 0.1238282 0.1226342 0.0664775 0.1171035 0.1101225 0.1162970 0.1149088 0.1101668 0.1155671 0.1311052 0.0930753 0.1005203 0.0000000 0.1349871 0.1330850 0.1147923 0.1510190 0.0916774 0.0936818 0.0868224 0.1336180 0.0875052 0.0865528 0.0895311 0.0869081 0.0933117 0.0925971 0.1444960 0.1337507 0.1134853 0.1383440 0.1300839 0.1295245 0.1306926 0.1411387 0.1536549 0.1877208 0.1894480 0.1936063 0.1857711 0.1594717 0.2046830 0.1707982 0.1874627 0.1888326 0.1694046 0.1845880 0.1709933 0.1901148 0.2159185 0.2399437 0.2215507 0.2111813 0.2206469 
Micropsectra_radialis_NO44          0.2288704 0.2295216 0.1397774 0.1275600 0.1464114 0.1425524 0.1482157 0.1130071 0.1260942 0.1277810 0.1268604 0.1301445 0.1494018 0.1478213 0.1477670 0.1380367 0.1343642 0.1344816 0.1305253 0.1412121 0.1343113 0.1345082 0.1350956 0.1344248 0.1415134 0.1304859 0.1306419 0.1362511 0.1454227 0.1408293 0.1324750 0.1277558 0.1349871 0.0000000 0.0055353 0.1198103 0.1428012 0.1248495 0.1253291 0.1279815 0.1378453 0.1279334 0.1283433 0.1320690 0.1293126 0.1278743 0.1255186 0.1599727 0.1467136 0.1335690 0.1379905 0.1383614 0.1366996 0.1372874 0.1377137 0.1538157 0.1764595 0.1750857 0.1742317 0.1895642 0.1752081 0.1810225 0.1825268 0.1987267 0.1852832 0.1678027 0.1846372 0.1729037 0.1846694 0.2257406 0.2292067 0.2108499 0.2162649 0.2060674 
Micropsectra_radialis_To37          0.2112370 0.2157061 0.1413845 0.1202408 0.1451795 0.1459553 0.1504709 0.1174501 0.1305246 0.1324965 0.1311747 0.1366648 0.1503827 0.1525409 0.1499091 0.1404110 0.1410223 0.1427582 0.1318629 0.1454668 0.1223279 0.1220430 0.1289606 0.1361583 0.1492271 0.1356850 0.1344503 0.1431631 0.1558170 0.1404483 0.1317769 0.1261784 0.1330850 0.0055353 0.0000000 0.1266404 0.1337404 0.1282587 0.1282587 0.1274469 0.1408418 0.1294282 0.1239380 0.1302296 0.1285022 0.1302708 0.1292295 0.1562303 0.1442425 0.1394434 0.1339721 0.1403751 0.1402221 0.1403751 0.1362266 0.1720308 0.1716125 0.1732835 0.1674751 0.1903310 0.1564997 0.1626861 0.1677983 0.2005438 0.2090205 0.1516397 0.1657800 0.1906326 0.1818969 0.2251412 0.2117487 0.1787238 0.1999174 0.1905550 
Micropsectra_recurvata_IS22         0.2444072 0.2427653 0.1304617 0.1030753 0.1301389 0.1264940 0.1285910 0.1229340 0.0832420 0.0831891 0.0831431 0.0813776 0.1016533 0.1012450 0.1000878 0.0966369 0.0924053 0.0903049 0.0977977 0.1094671 0.0995308 0.0983822 0.1087936 0.0898040 0.0882579 0.0867618 0.0865189 0.0893284 0.0929616 0.1267956 0.1233746 0.1186158 0.1147923 0.1198103 0.1266404 0.0000000 0.1425489 0.1115929 0.1132451 0.1232519 0.1272042 0.1120443 0.1268807 0.1079239 0.1173299 0.1146961 0.1142257 0.0937317 0.1345938 0.1038158 0.1243482 0.1158066 0.1132071 0.1139596 0.1210706 0.1384303 0.1724827 0.1694321 0.1744140 0.1941152 0.1580489 0.1912238 0.1824325 0.1858743 0.1870352 0.1701645 0.1713896 0.1745638 0.1882655 0.2152107 0.2234184 0.2107888 0.2336405 0.1962858 
Micropsectra_roseiventris_To84      0.2321557 0.2248153 0.1397850 0.1385206 0.1566951 0.1369475 0.1381791 0.1288159 0.1435445 0.1414248 0.1426501 0.1410281 0.1506344 0.1517784 0.1510292 0.1583861 0.1532014 0.1551357 0.1474735 0.1592881 0.1448504 0.1448277 0.1431313 0.1469406 0.1431066 0.1428213 0.1444162 0.1386260 0.1466814 0.1313586 0.1493467 0.1482940 0.1510190 0.1428012 0.1337404 0.1425489 0.0000000 0.1430959 0.1443504 0.1220227 0.1356117 0.1336395 0.1168884 0.1349965 0.1369368 0.1470746 0.1408548 0.1658462 0.1388366 0.1388103 0.1597322 0.1529396 0.1512738 0.1536695 0.1578252 0.1950642 0.1845221 0.1851444 0.1892664 0.1880015 0.1703640 0.2106766 0.1907949 0.1921431 0.1886171 0.1727821 0.1878985 0.1749611 0.1727971 0.2348822 0.2386883 0.2191200 0.2219636 0.2061532 
Micropsectra_schrankelae_To43       0.2556036 0.2583280 0.1367736 0.0951380 0.0943780 0.1309773 0.1343493 0.1184543 0.1140058 0.1166170 0.1153537 0.1146781 0.1236177 0.1233623 0.1234879 0.1132337 0.1106714 0.1167010 0.1100340 0.1059195 0.1187762 0.1173093 0.0809259 0.1114119 0.1018806 0.1100838 0.1103173 0.1067192 0.1114147 0.1321391 0.0858046 0.1157788 0.0916774 0.1248495 0.1282587 0.1115929 0.1430959 0.0000000 0.0006780 0.0056456 0.1338606 0.0355308 0.0382277 0.0374961 0.0365723 0.0521523 0.0433239 0.1480961 0.1314884 0.1086256 0.1157687 0.1107510 0.1106249 0.1116770 0.1147740 0.1333423 0.1833394 0.1846578 0.1935969 0.1846117 0.1668023 0.1885809 0.1875199 0.1855075 0.2151010 0.1789717 0.1836433 0.1847794 0.1931212 0.2418378 0.2301275 0.2444012 0.2094689 0.2143654 
Micropsectra_schrankelae_To44       0.2577317 0.2603270 0.1365752 0.0966493 0.0948340 0.1328098 0.1361990 0.1184383 0.1150580 0.1176808 0.1164139 0.1157391 0.1253451 0.1250848 0.1252163 0.1142872 0.1117145 0.1177601 0.1110784 0.1074897 0.1198714 0.1183989 0.0823338 0.1124512 0.1034572 0.1111233 0.1113555 0.1083332 0.1130826 0.1332865 0.0857604 0.1157788 0.0936818 0.1253291 0.1282587 0.1132451 0.1443504 0.0006780 0.0000000 0.0056456 0.1350973 0.0365059 0.0382277 0.0385080 0.0375513 0.0521408 0.0436448 0.1480961 0.1314884 0.1096706 0.1179706 0.1129163 0.1127862 0.1138502 0.1169563 0.1337986 0.1847756 0.1861011 0.1953625 0.1862438 0.1675082 0.1903065 0.1882594 0.1871704 0.2159885 0.1796761 0.1852865 0.1863249 0.1938601 0.2436341 0.2306842 0.2465794 0.2102611 0.2161299 
Micropsectra_schrankelae_To47       0.2344188 0.2360436 0.1319016 0.1016647 0.1003342 0.1254814 0.1307647 0.1087616 0.1423081 0.1426798 0.1429804 0.1419023 0.1400485 0.1421337 0.1375035 0.1331757 0.1345292 0.1440058 0.1258488 0.1203586 0.1079078 0.1062047 0.0875369 0.1303560 0.1178013 0.1319700 0.1307588 0.1240404 0.1280678 0.1265841 0.0904388 0.1112700 0.0868224 0.1279815 0.1274469 0.1232519 0.1220227 0.0056456 0.0056456 0.0000000 0.1272933 0.0410232 0.0380409 0.0397112 0.0411371 0.0603916 0.0502003 0.1453318 0.1294374 0.1157367 0.1122732 0.1082283 0.1096937 0.1082283 0.1111006 0.1431779 0.1621173 0.1627115 0.1666859 0.1634154 0.1434835 0.1581344 0.1566711 0.1725415 0.2334739 0.1556669 0.1544730 0.1811101 0.1898297 0.2175872 0.1984407 0.1818761 0.1767145 0.1858610 
Micropsectra_seguyi_To334           0.2295763 0.2230100 0.0991697 0.1445835 0.1486600 0.0829248 0.0836239 0.1230571 0.1337650 0.1336755 0.1336520 0.1319950 0.1334697 0.1320072 0.1361148 0.1337469 0.1323285 0.1290795 0.1275814 0.1379547 0.1369947 0.1341284 0.1377575 0.1318987 0.1303619 0.1301282 0.1308944 0.1336556 0.1354625 0.0299970 0.1320123 0.1238341 0.1336180 0.1378453 0.1408418 0.1272042 0.1356117 0.1338606 0.1350973 0.1272933 0.0000000 0.1339539 0.1261942 0.1304512 0.1314821 0.1361568 0.1348106 0.1586277 0.0987207 0.1173353 0.1324278 0.1346837 0.1343062 0.1348190 0.1408672 0.1574994 0.1947868 0.1941385 0.1976838 0.2021563 0.1673315 0.2015951 0.1994923 0.2081036 0.1772619 0.1813273 0.1911982 0.1726050 0.1793564 0.2377741 0.2141764 0.2205966 0.2233938 0.2237629 
Micropsectra_sofiae_Soe11           0.2424558 0.2434126 0.1412705 0.0932960 0.0850579 0.1332856 0.1347636 0.1102256 0.1121724 0.1157360 0.1125683 0.1147001 0.1165729 0.1163344 0.1206962 0.1177593 0.1128479 0.1137191 0.1040963 0.1092591 0.1250957 0.1233628 0.0722213 0.1101204 0.1040214 0.1098014 0.1090097 0.1079460 0.1123740 0.1306104 0.0822197 0.1144784 0.0875052 0.1279334 0.1294282 0.1120443 0.1336395 0.0355308 0.0365059 0.0410232 0.1339539 0.0000000 0.0042656 0.0190739 0.0048600 0.0468093 0.0429164 0.1544303 0.1312697 0.1003601 0.1199017 0.1136362 0.1135201 0.1140191 0.1147659 0.1380801 0.1882964 0.1882177 0.1982101 0.1914642 0.1673074 0.1979150 0.1834943 0.1912048 0.2009911 0.1759000 0.1827489 0.1826642 0.1865485 0.2344319 0.2312458 0.2375592 0.2074941 0.2226175 
Micropsectra_sofiae_Soe12           0.2249197 0.2231755 0.1317461 0.1014936 0.0944549 0.1244391 0.1279510 0.1015576 0.1406785 0.1427013 0.1406485 0.1419874 0.1361421 0.1381927 0.1404818 0.1415192 0.1405349 0.1430065 0.1220723 0.1209326 0.1161761 0.1137436 0.0821468 0.1284545 0.1216020 0.1300694 0.1288547 0.1276276 0.1310245 0.1203606 0.0907319 0.1085868 0.0865528 0.1283433 0.1239380 0.1268807 0.1168884 0.0382277 0.0382277 0.0380409 0.1261942 0.0042656 0.0000000 0.0187060 0.0045714 0.0553191 0.0515282 0.1477172 0.1261800 0.1089791 0.1160573 0.1147044 0.1147379 0.1132458 0.1171472 0.1557376 0.1664813 0.1651436 0.1668820 0.1663686 0.1451307 0.1748199 0.1510884 0.1732854 0.2058206 0.1525042 0.1540093 0.1783679 0.1866484 0.2053124 0.2010439 0.1912762 0.1804859 0.1941731 
Micropsectra_sofiae_To145           0.2390786 0.2434590 0.1399175 0.0987674 0.0932301 0.1299891 0.1322557 0.1187821 0.1126494 0.1149227 0.1134907 0.1123359 0.1177912 0.1175499 0.1200576 0.1182195 0.1146821 0.1144087 0.1055670 0.1097320 0.1208108 0.1188331 0.0729192 0.1071749 0.1043952 0.1062868 0.1049657 0.1097924 0.1122917 0.1333853 0.0828630 0.1163212 0.0895311 0.1320690 0.1302296 0.1079239 0.1349965 0.0374961 0.0385080 0.0397112 0.1304512 0.0190739 0.0187060 0.0000000 0.0197742 0.0480114 0.0442989 0.1524840 0.1308857 0.1023643 0.1173931 0.1138184 0.1137019 0.1142017 0.1136159 0.1326341 0.1846568 0.1855815 0.1933632 0.1882621 0.1702524 0.1982068 0.1873917 0.1894537 0.1998343 0.1740790 0.1895394 0.1900704 0.1859785 0.2474449 0.2281626 0.2388054 0.2005956 0.2201409 
Micropsectra_sofiae_To166           0.2439493 0.2458024 0.1386789 0.0931082 0.0866194 0.1307777 0.1311939 0.1084055 0.1153640 0.1189544 0.1163388 0.1179129 0.1213098 0.1210595 0.1254978 0.1199230 0.1149259 0.1153747 0.1048135 0.1092046 0.1247645 0.1234815 0.0718117 0.1127752 0.1071942 0.1118997 0.1111009 0.1116451 0.1156578 0.1288354 0.0806486 0.1137632 0.0869081 0.1293126 0.1285022 0.1173299 0.1369368 0.0365723 0.0375513 0.0411371 0.1314821 0.0048600 0.0045714 0.0197742 0.0000000 0.0485902 0.0439657 0.1531326 0.1323333 0.1020692 0.1225751 0.1150745 0.1149568 0.1154549 0.1158023 0.1391416 0.1874795 0.1874038 0.1961252 0.1903122 0.1689459 0.1975109 0.1853026 0.1892566 0.1991541 0.1747712 0.1825045 0.1847647 0.1852164 0.2324627 0.2315477 0.2363049 0.2031749 0.2200414 
Micropsectra_sp_To350               0.2337902 0.2376598 0.1442737 0.0963003 0.0936246 0.1349629 0.1366267 0.1240355 0.1161942 0.1180285 0.1164838 0.1189465 0.1230833 0.1215927 0.1265334 0.1205295 0.1136664 0.1219001 0.1096220 0.1184195 0.1263343 0.1257901 0.0781789 0.1173885 0.1100547 0.1153667 0.1138684 0.1127843 0.1190232 0.1353126 0.0854810 0.1286220 0.0933117 0.1278743 0.1302708 0.1146961 0.1470746 0.0521523 0.0521408 0.0603916 0.1361568 0.0468093 0.0553191 0.0480114 0.0485902 0.0000000 0.0469107 0.1500817 0.1390639 0.1113286 0.1172953 0.1147524 0.1155639 0.1148379 0.1172060 0.1438691 0.1855300 0.1853439 0.1927720 0.1922387 0.1647845 0.2063092 0.1829107 0.1849417 0.2082689 0.1767572 0.1813212 0.1952030 0.1954542 0.2378724 0.2244394 0.2425763 0.2065429 0.2130156 
Micropsectra_sp_To378               0.2383802 0.2317355 0.1353381 0.1000654 0.0920568 0.1328037 0.1342099 0.1179045 0.1134678 0.1151989 0.1139102 0.1156919 0.1240744 0.1244092 0.1252842 0.1226333 0.1172072 0.1191807 0.1042721 0.1132858 0.1187036 0.1180001 0.0822624 0.1138902 0.1101726 0.1104839 0.1090529 0.1111682 0.1142119 0.1347603 0.0815025 0.1236800 0.0925971 0.1255186 0.1292295 0.1142257 0.1408548 0.0433239 0.0436448 0.0502003 0.1348106 0.0429164 0.0515282 0.0442989 0.0439657 0.0469107 0.0000000 0.1577945 0.1349413 0.1059854 0.1148156 0.1106327 0.1091084 0.1100939 0.1140754 0.1322808 0.1890155 0.1889362 0.1943641 0.1976261 0.1734885 0.2042143 0.1807393 0.1885760 0.2104266 0.1867441 0.1800802 0.1914595 0.1849014 0.2443455 0.2269288 0.2424667 0.2180587 0.2080118 
Micropsectra_sp_To383               0.2329695 0.2274507 0.1741987 0.1344672 0.1716109 0.1551491 0.1615642 0.1372140 0.1158585 0.1182776 0.1177443 0.1187991 0.1472349 0.1493406 0.1423545 0.1501571 0.1473223 0.1496025 0.1455724 0.1598807 0.1387830 0.1375849 0.1329881 0.1293604 0.1273839 0.1288904 0.1277265 0.1313238 0.1354832 0.1614030 0.1442363 0.1313591 0.1444960 0.1599727 0.1562303 0.0937317 0.1658462 0.1480961 0.1480961 0.1453318 0.1586277 0.1544303 0.1477172 0.1524840 0.1531326 0.1500817 0.1577945 0.0000000 0.1529277 0.1440097 0.1470421 0.1555454 0.1571801 0.1554981 0.1498149 0.1909866 0.1695903 0.1721707 0.1643896 0.1925340 0.1626593 0.1740383 0.1840666 0.1921817 0.2335324 0.1945314 0.1794893 0.2073731 0.2150416 0.2331045 0.2027523 0.1863926 0.2026960 0.2026058 
Micropsectra_sp_To391               0.1896548 0.1904144 0.1300655 0.1466327 0.1640093 0.0887430 0.0888464 0.1445936 0.1403469 0.1411114 0.1403025 0.1381678 0.1433660 0.1467402 0.1433777 0.1660669 0.1660669 0.1607640 0.1531066 0.1451885 0.1471452 0.1423926 0.1381891 0.1552127 0.1497728 0.1565969 0.1544459 0.1531664 0.1636554 0.1041695 0.1354398 0.1154247 0.1337507 0.1467136 0.1442425 0.1345938 0.1388366 0.1314884 0.1314884 0.1294374 0.0987207 0.1312697 0.1261800 0.1308857 0.1323333 0.1390639 0.1349413 0.1529277 0.0000000 0.1313361 0.1461875 0.1511084 0.1483855 0.1483855 0.1603420 0.2394442 0.1716494 0.1706251 0.1743386 0.1805723 0.1623432 0.1610362 0.1621561 0.1854234 0.2169783 0.1794818 0.1702936 0.1914729 0.2001952 0.2269904 0.1893885 0.1833741 0.1963728 0.2249050 
Parapsectra_mendli_To335            0.2486085 0.2433926 0.1261839 0.1105711 0.1279988 0.1286317 0.1289367 0.1222988 0.1032407 0.1008566 0.1022196 0.1022314 0.1128695 0.1118766 0.1132633 0.1195627 0.1130317 0.1102586 0.0957544 0.0958567 0.1054062 0.1049330 0.1090496 0.1016042 0.1043050 0.1008741 0.0995195 0.1098636 0.1145687 0.1156023 0.1146402 0.1066576 0.1134853 0.1335690 0.1394434 0.1038158 0.1388103 0.1086256 0.1096706 0.1157367 0.1173353 0.1003601 0.1089791 0.1023643 0.1020692 0.1113286 0.1059854 0.1440097 0.1313361 0.0000000 0.1266433 0.1249621 0.1248245 0.1234032 0.1325050 0.1228706 0.1761069 0.1754997 0.1865953 0.1959704 0.1591955 0.2129522 0.1801383 0.1971807 0.1842558 0.1796765 0.1920864 0.1728585 0.1870664 0.2072269 0.2267877 0.2240057 0.2311216 0.2194793 
Parapsectra_nana_To135              0.2326471 0.2374319 0.1462190 0.1157867 0.1318534 0.1417637 0.1449838 0.1334617 0.1356769 0.1353615 0.1360263 0.1378707 0.1349696 0.1359702 0.1367721 0.1437425 0.1354303 0.1408546 0.1214766 0.1222859 0.1447361 0.1417640 0.1377739 0.1314763 0.1268426 0.1295155 0.1290661 0.1271604 0.1301924 0.1388871 0.1294779 0.1181108 0.1383440 0.1379905 0.1339721 0.1243482 0.1597322 0.1157687 0.1179706 0.1122732 0.1324278 0.1199017 0.1160573 0.1173931 0.1225751 0.1172953 0.1148156 0.1470421 0.1461875 0.1266433 0.0000000 0.0407934 0.0404649 0.0410860 0.0406188 0.0851290 0.1940650 0.1966126 0.1974588 0.2060630 0.1702783 0.1991602 0.1929143 0.2012831 0.2078700 0.1747106 0.1929647 0.1874185 0.1842202 0.2440155 0.2171885 0.2420312 0.2229547 0.2054808 
