35
Burramyidae_Burramys_parvus                  0.0000000 0.0770408 0.0479962 0.0482314 0.0482326 0.0874477 0.0408849 0.0473884 0.0453602 0.1162223 0.0477135 0.0872755 0.0922491 0.0497417 0.0604761 0.0868950 0.0875451 0.0808043 0.1161802 0.0414812 0.0620319 0.0806372 0.0862965 0.0870895 0.0519270 0.0589971 0.0401554 0.0534762 0.0827546 0.0559673 0.0498710 0.1128965 0.0885689 0.1145832 0.0768220 
Notoryctidae_Notoryctes_typhlops             0.0770408 0.0000000 0.0807803 0.0869370 0.0868118 0.1215020 0.0824585 0.0878934 0.0846480 0.1365473 0.0839018 0.1203040 0.1219744 0.0903793 0.0966694 0.1210198 0.1212526 0.1169099 0.1360964 0.0793010 0.1022514 0.1021707 0.1080533 0.1206045 0.0885838 0.0891158 0.0797801 0.0944509 0.1195547 0.0859648 0.0913498 0.1282660 0.1224627 0.1386863 0.1276303 
Vombatidae_Lasiorhinus_latifrons             0.0479962 0.0807803 0.0000000 0.0600187 0.0603317 0.0908512 0.0528009 0.0560799 0.0585569 0.1185188 0.0566466 0.0894998 0.0920189 0.0595539 0.0692265 0.0891243 0.0910444 0.0822635 0.1228813 0.0514300 0.0726298 0.0847857 0.0899918 0.0866998 0.0619878 0.0635376 0.0495994 0.0618397 0.0923796 0.0637393 0.0607237 0.1164542 0.0919559 0.1185389 0.0752386 
Potoroidae_Bettongia_penicillata             0.0482314 0.0869370 0.0600187 0.0000000 0.0057371 0.1024695 0.0562100 0.0623306 0.0149766 0.1310493 0.0610560 0.1003404 0.1058664 0.0637722 0.0700586 0.1000075 0.1025768 0.0950785 0.1301471 0.0247868 0.0715801 0.0943839 0.0981879 0.1037515 0.0456913 0.0757443 0.0211088 0.0617550 0.0922748 0.0651513 0.0638268 0.1233525 0.1045611 0.1310383 0.0863578 
Potoroidae_Bettongia_lesueur                 0.0482326 0.0868118 0.0603317 0.0057371 0.0000000 0.1004633 0.0561743 0.0627219 0.0153179 0.1298954 0.0606090 0.0981033 0.1054323 0.0632788 0.0706255 0.0987364 0.1017635 0.0939845 0.1288877 0.0251593 0.0700537 0.0929017 0.0975451 0.1019601 0.0469124 0.0741285 0.0214551 0.0618945 0.0907118 0.0663323 0.0641764 0.1221776 0.1037469 0.1297690 0.0873494 
Dasyuridae_Dasyurus_maculatus                0.0874477 0.1215020 0.0908512 0.1024695 0.1004633 0.0000000 0.0918866 0.0994201 0.1021095 0.1564366 0.1002194 0.0156209 0.0257764 0.1008324 0.1111723 0.0144791 0.0043002 0.0180920 0.1541683 0.0929138 0.1114118 0.1163384 0.1267221 0.0150085 0.1028966 0.0964814 0.0922084 0.1008783 0.1316513 0.1062485 0.1042316 0.1481912 0.0053308 0.1540045 0.1377118 
Phalangeridae_Trichosurus_vulpecula          0.0408849 0.0824585 0.0528009 0.0562100 0.0561743 0.0918866 0.0000000 0.0210196 0.0537467 0.1220273 0.0217122 0.0902491 0.0978714 0.0198724 0.0660493 0.0918255 0.0940684 0.0849847 0.1223316 0.0474609 0.0641968 0.0891101 0.0916350 0.0925363 0.0559238 0.0602632 0.0457234 0.0566346 0.0870374 0.0607976 0.0215889 0.1153785 0.0939766 0.1215557 0.0708022 
Phalangeridae_Spilocuscus_maculatus          0.0473884 0.0878934 0.0560799 0.0623306 0.0627219 0.0994201 0.0210196 0.0000000 0.0602342 0.1288322 0.0169037 0.0960428 0.1032342 0.0197118 0.0712126 0.0976427 0.1010272 0.0915808 0.1280148 0.0555124 0.0710151 0.0997376 0.1015614 0.0984855 0.0634813 0.0705758 0.0527781 0.0637260 0.0943856 0.0690733 0.0178299 0.1219445 0.1008854 0.1275093 0.0797082 
Potoroidae_Aepyprymnus_rufescens             0.0453602 0.0846480 0.0585569 0.0149766 0.0153179 0.1021095 0.0537467 0.0602342 0.0000000 0.1240751 0.0591275 0.0985192 0.1047584 0.0608227 0.0680950 0.0991511 0.1026147 0.0947487 0.1235162 0.0227296 0.0693847 0.0924679 0.0979536 0.1035136 0.0453549 0.0735002 0.0187092 0.0602643 0.0868572 0.0662222 0.0625638 0.1172583 0.1031883 0.1240774 0.0842696 
Peramelidae_Perameles_nasuta                 0.1162223 0.1365473 0.1185188 0.1310493 0.1298954 0.1564366 0.1220273 0.1288322 0.1240751 0.0000000 0.1240067 0.1579043 0.1598270 0.1256545 0.1487067 0.1587377 0.1581193 0.1517416 0.0209404 0.1210826 0.1456071 0.1353320 0.1506296 0.1599998 0.1365942 0.1293506 0.1194560 0.1322940 0.1638994 0.1428465 0.1283562 0.0178299 0.1567738 0.0006575 0.2209462 
Phalangeridae_Strigocuscus_pelengensis       0.0477135 0.0839018 0.0566466 0.0610560 0.0606090 0.1002194 0.0217122 0.0169037 0.0591275 0.1240067 0.0000000 0.0994058 0.1040726 0.0164194 0.0668701 0.1000012 0.0996890 0.0942667 0.1228379 0.0545016 0.0700942 0.0937171 0.0953162 0.1013151 0.0598263 0.0663261 0.0538357 0.0612669 0.0872021 0.0637207 0.0159687 0.1171538 0.1022453 0.1225859 0.0680067 
Dasyuridae_Phascogale_tapoatafa              0.0872755 0.1203040 0.0894998 0.1003404 0.0981033 0.0156209 0.0902491 0.0960428 0.0985192 0.1579043 0.0994058 0.0000000 0.0244324 0.0988484 0.1142460 0.0038794 0.0149205 0.0166150 0.1544486 0.0885281 0.1114724 0.1193496 0.1279268 0.0079896 0.0989902 0.0969289 0.0865917 0.1019765 0.1345448 0.1080956 0.1022126 0.1490118 0.0174865 0.1547970 0.1363504 
Dasyuridae_Sminthopsis_macroura              0.0922491 0.1219744 0.0920189 0.1058664 0.1054323 0.0257764 0.0978714 0.1032342 0.1047584 0.1598270 0.1040726 0.0244324 0.0000000 0.1050108 0.1141276 0.0232514 0.0234568 0.0185914 0.1564474 0.0966873 0.1193593 0.1204905 0.1314039 0.0231174 0.1068108 0.1011732 0.0947328 0.1050264 0.1339346 0.1105708 0.1084315 0.1516550 0.0269014 0.1571639 0.1472128 
Phalangeridae_Phalanger_orientalis           0.0497417 0.0903793 0.0595539 0.0637722 0.0632788 0.1008324 0.0198724 0.0197118 0.0608227 0.1256545 0.0164194 0.0988484 0.1050108 0.0000000 0.0704963 0.0994396 0.1024364 0.0939574 0.1244898 0.0545102 0.0714085 0.0938976 0.0942204 0.1003048 0.0600090 0.0663564 0.0543397 0.0658329 0.0950667 0.0661635 0.0067276 0.1193919 0.1022856 0.1242610 0.0672495 
Acrobatidae_Acrobates_pygmaeus               0.0604761 0.0966694 0.0692265 0.0700586 0.0706255 0.1111723 0.0660493 0.0712126 0.0680950 0.1487067 0.0668701 0.1142460 0.1141276 0.0704963 0.0000000 0.1124822 0.1124611 0.1077111 0.1430118 0.0667355 0.0780794 0.1068779 0.1132749 0.1137519 0.0741889 0.0866592 0.0648988 0.0680100 0.0936855 0.0404067 0.0736160 0.1382326 0.1129916 0.1475779 0.0894649 
Dasyuridae_Phascogale_calura                 0.0868950 0.1210198 0.0891243 0.1000075 0.0987364 0.0144791 0.0918255 0.0976427 0.0991511 0.1587377 0.1000012 0.0038794 0.0232514 0.0994396 0.1124822 0.0000000 0.0137768 0.0162024 0.1559803 0.0891452 0.1121314 0.1186089 0.1286091 0.0068861 0.0986165 0.0975636 0.0871900 0.1015985 0.1340152 0.1066552 0.1028110 0.1498129 0.0163416 0.1555629 0.1333552 
Dasyuridae_Sarcophilus_harrisii              0.0875451 0.1212526 0.0910444 0.1025768 0.1017635 0.0043002 0.0940684 0.1010272 0.1026147 0.1581193 0.0996890 0.0149205 0.0234568 0.1024364 0.1124611 0.0137768 0.0000000 0.0160344 0.1557861 0.0940704 0.1127253 0.1144232 0.1264356 0.0143125 0.1031492 0.0971269 0.0924900 0.1011240 0.1322001 0.1053666 0.1058566 0.1500116 0.0060965 0.1556297 0.1390818 
Dasyuridae_Planigale_tenuirostris            0.0808043 0.1169099 0.0822635 0.0950785 0.0939845 0.0180920 0.0849847 0.0915808 0.0947487 0.1517416 0.0942667 0.0166150 0.0185914 0.0939574 0.1077111 0.0162024 0.0160344 0.0000000 0.1468907 0.0849822 0.1067996 0.1132661 0.1260289 0.0171242 0.0964996 0.0950406 0.0842992 0.0977486 0.1267764 0.0981401 0.0976038 0.1436407 0.0180312 0.1497314 0.1362250 
Peramelidae_Echymipera_kalubu                0.1161802 0.1360964 0.1228813 0.1301471 0.1288877 0.1541683 0.1223316 0.1280148 0.1235162 0.0209404 0.1228379 0.1544486 0.1564474 0.1244898 0.1430118 0.1559803 0.1557861 0.1468907 0.0000000 0.1206620 0.1465780 0.1346669 0.1486073 0.1563840 0.1358479 0.1306575 0.1197516 0.1362745 0.1680171 0.1385986 0.1268817 0.0160865 0.1555965 0.0207081 0.2187789 
Macropodidae_Dorcopsulus_vanheurni           0.0414812 0.0793010 0.0514300 0.0247868 0.0251593 0.0929138 0.0474609 0.0555124 0.0227296 0.1210826 0.0545016 0.0885281 0.0966873 0.0545102 0.0667355 0.0891452 0.0940704 0.0849822 0.1206620 0.0000000 0.0637780 0.0838467 0.0890697 0.0926467 0.0378072 0.0667047 0.0106159 0.0575010 0.0856084 0.0607867 0.0563965 0.1132093 0.0949652 0.1202956 0.0777503 
Pseudochiridae_Pseudochirulus_forbesi        0.0620319 0.1022514 0.0726298 0.0715801 0.0700537 0.1114118 0.0641968 0.0710151 0.0693847 0.1456071 0.0700942 0.1114724 0.1193593 0.0714085 0.0780794 0.1121314 0.1127253 0.1067996 0.1465780 0.0637780 0.0000000 0.1109215 0.1152895 0.1131666 0.0769271 0.0872696 0.0663563 0.0263101 0.0880085 0.0722424 0.0726219 0.1404872 0.1125050 0.1470359 0.0514193 
Didelphidae_Didelphis_virginiana             0.0806372 0.1021707 0.0847857 0.0943839 0.0929017 0.1163384 0.0891101 0.0997376 0.0924679 0.1353320 0.0937171 0.1193496 0.1204905 0.0938976 0.1068779 0.1186089 0.1144232 0.1132661 0.1346669 0.0838467 0.1109215 0.0000000 0.0370802 0.1191829 0.0967471 0.0858593 0.0855185 0.1039989 0.1311965 0.0975639 0.0966757 0.1323875 0.1164123 0.1335089 0.1303720 
Marmosidae_Monodelphis_domestica             0.0862965 0.1080533 0.0899918 0.0981879 0.0975451 0.1267221 0.0916350 0.1015614 0.0979536 0.1506296 0.0953162 0.1279268 0.1314039 0.0942204 0.1132749 0.1286091 0.1264356 0.1260289 0.1486073 0.0890697 0.1152895 0.0370802 0.0000000 0.1288280 0.0986656 0.0881108 0.0913390 0.1094076 0.1325498 0.1006606 0.0969459 0.1444146 0.1265132 0.1492706 0.1260768 
Dasyuridae_Antechinus_stuartii               0.0870895 0.1206045 0.0866998 0.1037515 0.1019601 0.0150085 0.0925363 0.0984855 0.1035136 0.1599998 0.1013151 0.0079896 0.0231174 0.1003048 0.1137519 0.0068861 0.0143125 0.0171242 0.1563840 0.0926467 0.1131666 0.1191829 0.1288280 0.0000000 0.1020052 0.0952345 0.0900544 0.1008946 0.1384783 0.1073993 0.1037321 0.1508851 0.0169056 0.1567539 0.1358460 
Hypsiprymnodontidae_Hypsiprymnodon_moschatus 0.0519270 0.0885838 0.0619878 0.0456913 0.0469124 0.1028966 0.0559238 0.0634813 0.0453549 0.1365942 0.0598263 0.0989902 0.1068108 0.0600090 0.0741889 0.0986165 0.1031492 0.0964996 0.1358479 0.0378072 0.0769271 0.0967471 0.0986656 0.1020052 0.0000000 0.0765539 0.0385285 0.0684887 0.0964001 0.0667139 0.0630796 0.1296902 0.1037235 0.1361313 0.0849286 
Microbiotheriidae_Dromiciops_gliroides       0.0589971 0.0891158 0.0635376 0.0757443 0.0741285 0.0964814 0.0602632 0.0705758 0.0735002 0.1293506 0.0663261 0.0969289 0.1011732 0.0663564 0.0866592 0.0975636 0.0971269 0.0950406 0.1306575 0.0667047 0.0872696 0.0858593 0.0881108 0.0952345 0.0765539 0.0000000 0.0675408 0.0785032 0.1081517 0.0753746 0.0679602 0.1223336 0.0986745 0.1283313 0.0959867 
Macropodidae_Wallabia_bicolor                0.0401554 0.0797801 0.0495994 0.0211088 0.0214551 0.0922084 0.0457234 0.0527781 0.0187092 0.1194560 0.0538357 0.0865917 0.0947328 0.0543397 0.0648988 0.0871900 0.0924900 0.0842992 0.1197516 0.0106159 0.0663563 0.0855185 0.0913390 0.0900544 0.0385285 0.0675408 0.0000000 0.0567496 0.0838688 0.0613001 0.0554713 0.1127821 0.0942738 0.1189329 0.0811837 
Pseudochiridae_Pseudocheirus_occidentalis    0.0534762 0.0944509 0.0618397 0.0617550 0.0618945 0.1008783 0.0566346 0.0637260 0.0602643 0.1322940 0.0612669 0.1019765 0.1050264 0.0658329 0.0680100 0.1015985 0.1011240 0.0977486 0.1362745 0.0575010 0.0263101 0.1039989 0.1094076 0.1008946 0.0684887 0.0785032 0.0567496 0.0000000 0.0762013 0.0645552 0.0670296 0.1292325 0.1017139 0.1355306 0.0466891 
Tarsipedidae_Tarsipes_rostratus              0.0827546 0.1195547 0.0923796 0.0922748 0.0907118 0.1316513 0.0870374 0.0943856 0.0868572 0.1638994 0.0872021 0.1345448 0.1339346 0.0950667 0.0936855 0.1340152 0.1322001 0.1267764 0.1680171 0.0856084 0.0880085 0.1311965 0.1325498 0.1384783 0.0964001 0.1081517 0.0838688 0.0762013 0.0000000 0.0897433 0.0962851 0.1566338 0.1331698 0.1675771 0.1154029 
Acrobatidae_Distoechurus_pennatus            0.0559673 0.0859648 0.0637393 0.0651513 0.0663323 0.1062485 0.0607976 0.0690733 0.0662222 0.1428465 0.0637207 0.1080956 0.1105708 0.0661635 0.0404067 0.1066552 0.1053666 0.0981401 0.1385986 0.0607867 0.0722424 0.0975639 0.1006606 0.1073993 0.0667139 0.0753746 0.0613001 0.0645552 0.0897433 0.0000000 0.0691386 0.1343026 0.1071097 0.1428698 0.0771829 
Phalangeridae_Phalanger_carmelitae           0.0498710 0.0913498 0.0607237 0.0638268 0.0641764 0.1042316 0.0215889 0.0178299 0.0625638 0.1283562 0.0159687 0.1022126 0.1084315 0.0067276 0.0736160 0.1028110 0.1058566 0.0976038 0.1268817 0.0563965 0.0726219 0.0966757 0.0969459 0.1037321 0.0630796 0.0679602 0.0554713 0.0670296 0.0962851 0.0691386 0.0000000 0.1212915 0.1056818 0.1268912 0.0727268 
Peramelidae_Peroryctes_raffrayana            0.1128965 0.1282660 0.1164542 0.1233525 0.1221776 0.1481912 0.1153785 0.1219445 0.1172583 0.0178299 0.1171538 0.1490118 0.1516550 0.1193919 0.1382326 0.1498129 0.1500116 0.1436407 0.0160865 0.1132093 0.1404872 0.1323875 0.1444146 0.1508851 0.1296902 0.1223336 0.1127821 0.1292325 0.1566338 0.1343026 0.1212915 0.0000000 0.1498168 0.0177687 0.1956030 
Dasyuridae_Dasyurus_geffroii                 0.0885689 0.1224627 0.0919559 0.1045611 0.1037469 0.0053308 0.0939766 0.1008854 0.1031883 0.1567738 0.1022453 0.0174865 0.0269014 0.1022856 0.1129916 0.0163416 0.0060965 0.0180312 0.1555965 0.0949652 0.1125050 0.1164123 0.1265132 0.0169056 0.1037235 0.0986745 0.0942738 0.1017139 0.1331698 0.1071097 0.1056818 0.1498168 0.0000000 0.1549730 0.1398524 
Peramelidae_Perameles_gunnii                 0.1145832 0.1386863 0.1185389 0.1310383 0.1297690 0.1540045 0.1215557 0.1275093 0.1240774 0.0006575 0.1225859 0.1547970 0.1571639 0.1242610 0.1475779 0.1555629 0.1556297 0.1497314 0.0207081 0.1202956 0.1470359 0.1335089 0.1492706 0.1567539 0.1361313 0.1283313 0.1189329 0.1355306 0.1675771 0.1428698 0.1268912 0.0177687 0.1549730 0.0000000 0.2204389 
Pseudochiridae_Petauroides_volans            0.0768220 0.1276303 0.0752386 0.0863578 0.0873494 0.1377118 0.0708022 0.0797082 0.0842696 0.2209462 0.0680067 0.1363504 0.1472128 0.0672495 0.0894649 0.1333552 0.1390818 0.1362250 0.2187789 0.0777503 0.0514193 0.1303720 0.1260768 0.1358460 0.0849286 0.0959867 0.0811837 0.0466891 0.1154029 0.0771829 0.0727268 0.1956030 0.1398524 0.2204389 0.0000000 
