35
Burramyidae_Burramys_parvus                  0.0000000 0.0658422 0.0486265 0.0518758 0.0574317 0.0764077 0.0435216 0.0467450 0.0524819 0.0673710 0.0453559 0.0766402 0.0761461 0.0462222 0.0563914 0.0759935 0.0738297 0.0699190 0.0662652 0.0496676 0.0561950 0.0713747 0.0734654 0.0725353 0.0675733 0.0598031 0.0503548 0.0747369 0.0717620 0.0602303 0.0469121 0.0717996 0.0751782 0.0656513 0.0545690 
Notoryctidae_Notoryctes_typhlops             0.0658422 0.0000000 0.0631408 0.0646903 0.0688571 0.0739810 0.0597516 0.0635660 0.0643434 0.0667642 0.0597951 0.0740428 0.0767469 0.0614513 0.0749147 0.0742503 0.0736852 0.0736718 0.0691907 0.0641238 0.0675705 0.0704561 0.0762238 0.0719882 0.0742131 0.0729417 0.0647565 0.0810888 0.0841387 0.0738909 0.0619103 0.0734127 0.0736936 0.0658493 0.0648835 
Vombatidae_Lasiorhinus_latifrons             0.0486265 0.0631408 0.0000000 0.0473252 0.0501850 0.0653549 0.0388890 0.0427564 0.0478346 0.0721354 0.0392687 0.0663559 0.0657487 0.0418320 0.0557181 0.0655828 0.0635181 0.0619531 0.0670328 0.0454593 0.0459362 0.0578651 0.0610898 0.0625358 0.0635437 0.0473555 0.0467798 0.0629005 0.0665037 0.0565105 0.0422198 0.0692653 0.0652153 0.0711741 0.0463856 
Potoroidae_Bettongia_penicillata             0.0518758 0.0646903 0.0473252 0.0000000 0.0058987 0.0701148 0.0451020 0.0474067 0.0094980 0.0722601 0.0453418 0.0684367 0.0718690 0.0475373 0.0578915 0.0688922 0.0695844 0.0682828 0.0681229 0.0162222 0.0533189 0.0547412 0.0596533 0.0663636 0.0656839 0.0549930 0.0177471 0.0758726 0.0682891 0.0589647 0.0481788 0.0673744 0.0705887 0.0729743 0.0306686 
Potoroidae_Bettongia_lesueur                 0.0574317 0.0688571 0.0501850 0.0058987 0.0000000 0.0745538 0.0489510 0.0517578 0.0140019 0.0784747 0.0495774 0.0733531 0.0766205 0.0521491 0.0633692 0.0740823 0.0735180 0.0724003 0.0725599 0.0210735 0.0570721 0.0556324 0.0615634 0.0710916 0.0702220 0.0590485 0.0226502 0.0808722 0.0727938 0.0640539 0.0527973 0.0709106 0.0745197 0.0796860 0.0350919 
Dasyuridae_Dasyurus_maculatus                0.0764077 0.0739810 0.0653549 0.0701148 0.0745538 0.0000000 0.0614968 0.0662741 0.0710402 0.0813960 0.0640155 0.0167512 0.0258288 0.0654321 0.0814330 0.0167382 0.0060360 0.0194416 0.0729826 0.0688464 0.0721935 0.0811398 0.0851053 0.0175191 0.0768606 0.0706083 0.0698004 0.0802786 0.0901622 0.0795873 0.0658185 0.0827649 0.0056461 0.0808855 0.0669052 
Phalangeridae_Trichosurus_vulpecula          0.0435216 0.0597516 0.0388890 0.0451020 0.0489510 0.0614968 0.0000000 0.0170936 0.0456004 0.0650814 0.0163393 0.0613635 0.0612208 0.0168576 0.0533169 0.0617833 0.0609089 0.0563217 0.0616292 0.0442153 0.0473443 0.0604663 0.0625611 0.0589513 0.0566178 0.0481055 0.0446248 0.0627225 0.0642719 0.0545868 0.0170468 0.0628213 0.0621341 0.0658035 0.0461224 
Phalangeridae_Spilocuscus_maculatus          0.0467450 0.0635660 0.0427564 0.0474067 0.0517578 0.0662741 0.0170936 0.0000000 0.0474529 0.0713340 0.0110741 0.0659548 0.0665034 0.0117287 0.0557146 0.0658699 0.0649356 0.0628044 0.0660707 0.0446826 0.0487178 0.0620575 0.0631891 0.0618457 0.0574649 0.0496846 0.0464893 0.0648000 0.0640665 0.0561313 0.0117071 0.0673278 0.0651606 0.0709890 0.0453075 
Potoroidae_Aepyprymnus_rufescens             0.0524819 0.0643434 0.0478346 0.0094980 0.0140019 0.0710402 0.0456004 0.0474529 0.0000000 0.0732115 0.0461789 0.0693833 0.0715812 0.0480719 0.0600234 0.0698219 0.0705101 0.0683015 0.0691528 0.0163820 0.0516611 0.0557684 0.0597480 0.0678585 0.0661651 0.0542934 0.0172836 0.0713515 0.0677973 0.0596681 0.0487120 0.0678609 0.0715129 0.0727653 0.0315680 
Peramelidae_Perameles_nasuta                 0.0673710 0.0667642 0.0721354 0.0722601 0.0784747 0.0813960 0.0650814 0.0713340 0.0732115 0.0000000 0.0621094 0.0760726 0.0767539 0.0696379 0.0891923 0.0761146 0.0784223 0.0728748 0.0133748 0.0679189 0.0857658 0.0794116 0.0836135 0.0756431 0.0645533 0.0815506 0.0672763 0.0856236 0.1003628 0.0927848 0.0696429 0.0135320 0.0804485 0.0014129 0.0676014 
Phalangeridae_Strigocuscus_pelengensis       0.0453559 0.0597951 0.0392687 0.0453418 0.0495774 0.0640155 0.0163393 0.0110741 0.0461789 0.0621094 0.0000000 0.0640886 0.0623908 0.0087759 0.0544706 0.0640043 0.0618586 0.0609374 0.0633077 0.0430939 0.0477032 0.0621394 0.0637254 0.0605032 0.0544706 0.0497842 0.0439177 0.0630170 0.0632935 0.0543059 0.0087724 0.0636919 0.0631090 0.0618665 0.0462313 
Dasyuridae_Phascogale_tapoatafa              0.0766402 0.0740428 0.0663559 0.0684367 0.0733531 0.0167512 0.0613635 0.0659548 0.0693833 0.0760726 0.0640886 0.0000000 0.0228719 0.0652763 0.0797225 0.0034915 0.0155409 0.0181465 0.0703001 0.0666315 0.0730530 0.0802081 0.0854916 0.0097131 0.0747592 0.0705017 0.0683808 0.0792236 0.0907000 0.0781263 0.0656633 0.0800593 0.0167712 0.0756301 0.0687128 
Dasyuridae_Sminthopsis_macroura              0.0761461 0.0767469 0.0657487 0.0718690 0.0766205 0.0258288 0.0612208 0.0665034 0.0715812 0.0767539 0.0623908 0.0228719 0.0000000 0.0654421 0.0786625 0.0224288 0.0235261 0.0164371 0.0724607 0.0700149 0.0737826 0.0826436 0.0859162 0.0201017 0.0772741 0.0737880 0.0712837 0.0821785 0.0907677 0.0765813 0.0653292 0.0816922 0.0245910 0.0762668 0.0677928 
Phalangeridae_Phalanger_orientalis           0.0462222 0.0614513 0.0418320 0.0475373 0.0521491 0.0654321 0.0168576 0.0117287 0.0480719 0.0696379 0.0087759 0.0652763 0.0654421 0.0000000 0.0564710 0.0656922 0.0640992 0.0616663 0.0657580 0.0453007 0.0488814 0.0629324 0.0650287 0.0614691 0.0574801 0.0491424 0.0461968 0.0647673 0.0647125 0.0560767 0.0011628 0.0671942 0.0648221 0.0692416 0.0477395 
Acrobatidae_Acrobates_pygmaeus               0.0563914 0.0749147 0.0557181 0.0578915 0.0633692 0.0814330 0.0533169 0.0557146 0.0600234 0.0891923 0.0544706 0.0797225 0.0786625 0.0564710 0.0000000 0.0790605 0.0796624 0.0746158 0.0765788 0.0568809 0.0444949 0.0672836 0.0719113 0.0767620 0.0759513 0.0470303 0.0573589 0.0663192 0.0572583 0.0264596 0.0571286 0.0787651 0.0811452 0.0870854 0.0573450 
Dasyuridae_Phascogale_calura                 0.0759935 0.0742503 0.0655828 0.0688922 0.0740823 0.0167382 0.0617833 0.0658699 0.0698219 0.0761146 0.0640043 0.0034915 0.0224288 0.0656922 0.0790605 0.0000000 0.0151171 0.0179281 0.0704898 0.0675740 0.0732324 0.0804233 0.0860705 0.0086972 0.0744088 0.0714580 0.0693303 0.0786910 0.0900665 0.0780492 0.0660786 0.0805528 0.0163445 0.0756358 0.0683505 
Dasyuridae_Sarcophilus_harrisii              0.0738297 0.0736852 0.0635181 0.0695844 0.0735180 0.0060360 0.0609089 0.0649356 0.0705101 0.0784223 0.0618586 0.0155409 0.0235261 0.0640992 0.0796624 0.0151171 0.0000000 0.0179623 0.0713134 0.0679574 0.0695731 0.0806166 0.0852314 0.0152604 0.0741873 0.0697674 0.0678916 0.0770859 0.0886687 0.0774465 0.0644867 0.0797097 0.0058456 0.0779131 0.0673921 
Dasyuridae_Planigale_tenuirostris            0.0699190 0.0736718 0.0619531 0.0682828 0.0724003 0.0194416 0.0563217 0.0628044 0.0683015 0.0728748 0.0609374 0.0181465 0.0164371 0.0616663 0.0746158 0.0179281 0.0179623 0.0000000 0.0699983 0.0665933 0.0677541 0.0763366 0.0796398 0.0164985 0.0750312 0.0694218 0.0679417 0.0719352 0.0857209 0.0735009 0.0621087 0.0791801 0.0192503 0.0734675 0.0656815 
Peramelidae_Echymipera_kalubu                0.0662652 0.0691907 0.0670328 0.0681229 0.0725599 0.0729826 0.0616292 0.0660707 0.0691528 0.0133748 0.0633077 0.0703001 0.0724607 0.0657580 0.0765788 0.0704898 0.0713134 0.0699983 0.0000000 0.0661339 0.0742770 0.0732847 0.0785199 0.0690252 0.0741777 0.0706277 0.0655486 0.0872491 0.0849456 0.0766253 0.0664955 0.0121950 0.0718352 0.0136804 0.0644784 
Macropodidae_Dorcopsulus_vanheurni           0.0496676 0.0641238 0.0454593 0.0162222 0.0210735 0.0688464 0.0442153 0.0446826 0.0163820 0.0679189 0.0430939 0.0666315 0.0700149 0.0453007 0.0568809 0.0675740 0.0679574 0.0665933 0.0661339 0.0000000 0.0500288 0.0537519 0.0575374 0.0647956 0.0636421 0.0511975 0.0081046 0.0663910 0.0648699 0.0574985 0.0454705 0.0658502 0.0684344 0.0675700 0.0300583 
Pseudochiridae_Pseudochirulus_forbesi        0.0561950 0.0675705 0.0459362 0.0533189 0.0570721 0.0721935 0.0473443 0.0487178 0.0516611 0.0857658 0.0477032 0.0730530 0.0737826 0.0488814 0.0444949 0.0732324 0.0695731 0.0677541 0.0742770 0.0500288 0.0000000 0.0615434 0.0668105 0.0704927 0.0672038 0.0238182 0.0492976 0.0191807 0.0508316 0.0446044 0.0492717 0.0754789 0.0715925 0.0856978 0.0509743 
Didelphidae_Didelphis_virginiana             0.0713747 0.0704561 0.0578651 0.0547412 0.0556324 0.0811398 0.0604663 0.0620575 0.0557684 0.0794116 0.0621394 0.0802081 0.0826436 0.0629324 0.0672836 0.0804233 0.0806166 0.0763366 0.0732847 0.0537519 0.0615434 0.0000000 0.0261205 0.0761443 0.0728344 0.0643719 0.0569164 0.0727444 0.0766587 0.0677877 0.0634622 0.0741347 0.0805243 0.0806078 0.0586027 
Marmosidae_Monodelphis_domestica             0.0734654 0.0762238 0.0610898 0.0596533 0.0615634 0.0851053 0.0625611 0.0631891 0.0597480 0.0836135 0.0637254 0.0854916 0.0859162 0.0650287 0.0719113 0.0860705 0.0852314 0.0796398 0.0785199 0.0575374 0.0668105 0.0261205 0.0000000 0.0817977 0.0761501 0.0686991 0.0601219 0.0797670 0.0805116 0.0723059 0.0655237 0.0772268 0.0844858 0.0806786 0.0637767 
Dasyuridae_Antechinus_stuartii               0.0725353 0.0719882 0.0625358 0.0663636 0.0710916 0.0175191 0.0589513 0.0618457 0.0678585 0.0756431 0.0605032 0.0097131 0.0201017 0.0614691 0.0767620 0.0086972 0.0152604 0.0164985 0.0690252 0.0647956 0.0704927 0.0761443 0.0817977 0.0000000 0.0716739 0.0684370 0.0666988 0.0770921 0.0863091 0.0758556 0.0613626 0.0788359 0.0165045 0.0751670 0.0653268 
Microbiotheriidae_Dromiciops_gliroides       0.0675733 0.0742131 0.0635437 0.0656839 0.0702220 0.0768606 0.0566178 0.0574649 0.0661651 0.0645533 0.0544706 0.0747592 0.0772741 0.0574801 0.0759513 0.0744088 0.0741873 0.0750312 0.0741777 0.0636421 0.0672038 0.0728344 0.0761501 0.0716739 0.0000000 0.0688828 0.0637189 0.0716220 0.0856268 0.0729565 0.0579538 0.0740041 0.0762436 0.0647371 0.0660405 
Pseudochiridae_Petauroides_volans            0.0598031 0.0729417 0.0473555 0.0549930 0.0590485 0.0706083 0.0481055 0.0496846 0.0542934 0.0815506 0.0497842 0.0705017 0.0737880 0.0491424 0.0470303 0.0714580 0.0697674 0.0694218 0.0706277 0.0511975 0.0238182 0.0643719 0.0686991 0.0684370 0.0688828 0.0000000 0.0512514 0.0264923 0.0515384 0.0462692 0.0495328 0.0744995 0.0710410 0.0810499 0.0540115 
Macropodidae_Wallabia_bicolor                0.0503548 0.0647565 0.0467798 0.0177471 0.0226502 0.0698004 0.0446248 0.0464893 0.0172836 0.0672763 0.0439177 0.0683808 0.0712837 0.0461968 0.0573589 0.0693303 0.0678916 0.0679417 0.0655486 0.0081046 0.0492976 0.0569164 0.0601219 0.0666988 0.0637189 0.0512514 0.0000000 0.0670740 0.0646864 0.0572346 0.0463669 0.0658203 0.0698968 0.0669309 0.0304159 
Pseudochiridae_Pseudocheirus_occidentalis    0.0747369 0.0810888 0.0629005 0.0758726 0.0808722 0.0802786 0.0627225 0.0648000 0.0713515 0.0856236 0.0630170 0.0792236 0.0821785 0.0647673 0.0663192 0.0786910 0.0770859 0.0719352 0.0872491 0.0663910 0.0191807 0.0727444 0.0797670 0.0770921 0.0716220 0.0264923 0.0670740 0.0000000 0.0781072 0.0604917 0.0641864 0.0880178 0.0793170 0.0861758 0.0670739 
Tarsipedidae_Tarsipes_rostratus              0.0717620 0.0841387 0.0665037 0.0682891 0.0727938 0.0901622 0.0642719 0.0640665 0.0677973 0.1003628 0.0632935 0.0907000 0.0907677 0.0647125 0.0572583 0.0900665 0.0886687 0.0857209 0.0849456 0.0648699 0.0508316 0.0766587 0.0805116 0.0863091 0.0856268 0.0515384 0.0646864 0.0781072 0.0000000 0.0622896 0.0651401 0.0823167 0.0889305 0.0999859 0.0699168 
Acrobatidae_Distoechurus_pennatus            0.0602303 0.0738909 0.0565105 0.0589647 0.0640539 0.0795873 0.0545868 0.0561313 0.0596681 0.0927848 0.0543059 0.0781263 0.0765813 0.0560767 0.0264596 0.0780492 0.0774465 0.0735009 0.0766253 0.0574985 0.0446044 0.0677877 0.0723059 0.0758556 0.0729565 0.0462692 0.0572346 0.0604917 0.0622896 0.0000000 0.0564864 0.0777402 0.0782683 0.0921458 0.0563494 
Phalangeridae_Phalanger_carmelitae           0.0469121 0.0619103 0.0422198 0.0481788 0.0527973 0.0658185 0.0170468 0.0117071 0.0487120 0.0696429 0.0087724 0.0656633 0.0653292 0.0011628 0.0571286 0.0660786 0.0644867 0.0621087 0.0664955 0.0454705 0.0492717 0.0634622 0.0655237 0.0613626 0.0579538 0.0495328 0.0463669 0.0641864 0.0651401 0.0564864 0.0000000 0.0679778 0.0652093 0.0692466 0.0484937 
Peramelidae_Peroryctes_raffrayana            0.0717996 0.0734127 0.0692653 0.0673744 0.0709106 0.0827649 0.0628213 0.0673278 0.0678609 0.0135320 0.0636919 0.0800593 0.0816922 0.0671942 0.0787651 0.0805528 0.0797097 0.0791801 0.0121950 0.0658502 0.0754789 0.0741347 0.0772268 0.0788359 0.0740041 0.0744995 0.0658203 0.0880178 0.0823167 0.0777402 0.0679778 0.0000000 0.0807231 0.0145234 0.0684444 
Dasyuridae_Dasyurus_geffroii                 0.0751782 0.0736936 0.0652153 0.0705887 0.0745197 0.0056461 0.0621341 0.0651606 0.0715129 0.0804485 0.0631090 0.0167712 0.0245910 0.0648221 0.0811452 0.0163445 0.0058456 0.0192503 0.0718352 0.0684344 0.0715925 0.0805243 0.0844858 0.0165045 0.0762436 0.0710410 0.0698968 0.0793170 0.0889305 0.0782683 0.0652093 0.0807231 0.0000000 0.0799489 0.0677046 
Peramelidae_Perameles_gunnii                 0.0656513 0.0658493 0.0711741 0.0729743 0.0796860 0.0808855 0.0658035 0.0709890 0.0727653 0.0014129 0.0618665 0.0756301 0.0762668 0.0692416 0.0870854 0.0756358 0.0779131 0.0734675 0.0136804 0.0675700 0.0856978 0.0806078 0.0806786 0.0751670 0.0647371 0.0810499 0.0669309 0.0861758 0.0999859 0.0921458 0.0692466 0.0145234 0.0799489 0.0000000 0.0664677 
Hypsiprymnodontidae_Hypsiprymnodon_moschatus 0.0545690 0.0648835 0.0463856 0.0306686 0.0350919 0.0669052 0.0461224 0.0453075 0.0315680 0.0676014 0.0462313 0.0687128 0.0677928 0.0477395 0.0573450 0.0683505 0.0673921 0.0656815 0.0644784 0.0300583 0.0509743 0.0586027 0.0637767 0.0653268 0.0660405 0.0540115 0.0304159 0.0670739 0.0699168 0.0563494 0.0484937 0.0684444 0.0677046 0.0664677 0.0000000 
