35
Burramyidae_Burramys_parvus                  0.0000000 0.0459222 0.0305730 0.0316903 0.0314765 0.0423105 0.0193416 0.0189820 0.0328244 0.0389104 0.0198973 0.0410924 0.0415591 0.0192251 0.0296760 0.0424902 0.0427035 0.0387360 0.0380684 0.0321352 0.0267567 0.0426965 0.0423790 0.0569819 0.0333377 0.0320458 0.0235788 0.0313083 0.0297904 0.0377310 0.0307670 0.0191464 0.0369566 0.0426844 0.0395591 
Notoryctidae_Notoryctes_typhlops             0.0459222 0.0000000 0.0481288 0.0515744 0.0524519 0.0568149 0.0416436 0.0433112 0.0539047 0.0520849 0.0390719 0.0570385 0.0555095 0.0412951 0.0513622 0.0567314 0.0566318 0.0540423 0.0518339 0.0528256 0.0467658 0.0593780 0.0587221 0.0675073 0.0513819 0.0481602 0.0433276 0.0520503 0.0474456 0.0583673 0.0499139 0.0411019 0.0541235 0.0561101 0.0509503 
Vombatidae_Lasiorhinus_latifrons             0.0305730 0.0481288 0.0000000 0.0357785 0.0366878 0.0459665 0.0284059 0.0286260 0.0364927 0.0455605 0.0278080 0.0430576 0.0430125 0.0276648 0.0333775 0.0448956 0.0456587 0.0422732 0.0420064 0.0355254 0.0323021 0.0505147 0.0519018 0.0569680 0.0383857 0.0374097 0.0292746 0.0346441 0.0345325 0.0408929 0.0350107 0.0275687 0.0449636 0.0458491 0.0440055 
Potoroidae_Bettongia_penicillata             0.0316903 0.0515744 0.0357785 0.0000000 0.0017344 0.0490801 0.0275078 0.0280613 0.0088904 0.0452530 0.0273334 0.0461012 0.0464849 0.0282913 0.0364998 0.0479740 0.0492180 0.0463435 0.0443493 0.0128912 0.0317989 0.0527154 0.0545275 0.0639145 0.0226008 0.0413862 0.0310479 0.0137328 0.0378298 0.0423071 0.0370973 0.0277386 0.0449590 0.0489183 0.0456662 
Potoroidae_Bettongia_lesueur                 0.0314765 0.0524519 0.0366878 0.0017344 0.0000000 0.0493450 0.0281677 0.0287878 0.0086940 0.0452203 0.0279939 0.0463739 0.0469784 0.0289461 0.0371918 0.0484738 0.0496885 0.0463400 0.0443481 0.0131004 0.0318083 0.0520230 0.0543059 0.0643332 0.0226089 0.0423349 0.0312841 0.0139434 0.0371168 0.0425787 0.0377993 0.0283995 0.0445810 0.0494178 0.0456650 
Dasyuridae_Dasyurus_maculatus                0.0423105 0.0568149 0.0459665 0.0490801 0.0493450 0.0000000 0.0404139 0.0414770 0.0489775 0.0568098 0.0406394 0.0094710 0.0180438 0.0413148 0.0468691 0.0102697 0.0054713 0.0141915 0.0524220 0.0480972 0.0441406 0.0590241 0.0603029 0.0140988 0.0512814 0.0526786 0.0474838 0.0464791 0.0537912 0.0571398 0.0476394 0.0402139 0.0542388 0.0042726 0.0545200 
Phalangeridae_Trichosurus_vulpecula          0.0193416 0.0416436 0.0284059 0.0275078 0.0281677 0.0404139 0.0000000 0.0077721 0.0290230 0.0356955 0.0075216 0.0391127 0.0405527 0.0082174 0.0260351 0.0400746 0.0407523 0.0391546 0.0357729 0.0283856 0.0239572 0.0424574 0.0439410 0.0500104 0.0295837 0.0314541 0.0206311 0.0288575 0.0231689 0.0347351 0.0283951 0.0071965 0.0347813 0.0416615 0.0365572 
Phalangeridae_Spilocuscus_maculatus          0.0189820 0.0433112 0.0286260 0.0280613 0.0287878 0.0414770 0.0077721 0.0000000 0.0287637 0.0355180 0.0041300 0.0397027 0.0411202 0.0042932 0.0275585 0.0407668 0.0411849 0.0381947 0.0344727 0.0282927 0.0224315 0.0408544 0.0416942 0.0489153 0.0283719 0.0290670 0.0194331 0.0287782 0.0207980 0.0342519 0.0278246 0.0027728 0.0339604 0.0418262 0.0354740 
Potoroidae_Aepyprymnus_rufescens             0.0328244 0.0539047 0.0364927 0.0088904 0.0086940 0.0489775 0.0290230 0.0287637 0.0000000 0.0446625 0.0279432 0.0459890 0.0461241 0.0284787 0.0380300 0.0480482 0.0493222 0.0456543 0.0434806 0.0123647 0.0333872 0.0519525 0.0532236 0.0655020 0.0229857 0.0417453 0.0305920 0.0132103 0.0397104 0.0443709 0.0372004 0.0281535 0.0443680 0.0492974 0.0436392 
Peramelidae_Perameles_nasuta                 0.0389104 0.0520849 0.0455605 0.0452530 0.0452203 0.0568098 0.0356955 0.0355180 0.0446625 0.0000000 0.0361173 0.0541629 0.0538684 0.0352515 0.0467542 0.0549099 0.0563985 0.0510389 0.0092759 0.0422118 0.0374485 0.0520476 0.0503740 0.0742823 0.0428906 0.0422699 0.0358691 0.0426144 0.0372239 0.0503118 0.0453268 0.0347691 0.0087466 0.0555625 0.0005507 
Phalangeridae_Strigocuscus_pelengensis       0.0198973 0.0390719 0.0278080 0.0273334 0.0279939 0.0406394 0.0075216 0.0041300 0.0279432 0.0361173 0.0000000 0.0383025 0.0403098 0.0047155 0.0278383 0.0393526 0.0409687 0.0387894 0.0354761 0.0273261 0.0232835 0.0417906 0.0435518 0.0500740 0.0285086 0.0312819 0.0207153 0.0282080 0.0216125 0.0344014 0.0280324 0.0033295 0.0338574 0.0416755 0.0369341 
Dasyuridae_Phascogale_tapoatafa              0.0410924 0.0570385 0.0430576 0.0461012 0.0463739 0.0094710 0.0391127 0.0397027 0.0459890 0.0541629 0.0383025 0.0000000 0.0145854 0.0392959 0.0446861 0.0026354 0.0105547 0.0127654 0.0520730 0.0457991 0.0414986 0.0555817 0.0584511 0.0076159 0.0498489 0.0483997 0.0388923 0.0443379 0.0530272 0.0504140 0.0456990 0.0381751 0.0523563 0.0105291 0.0531350 
Dasyuridae_Sminthopsis_macroura              0.0415591 0.0555095 0.0430125 0.0464849 0.0469784 0.0180438 0.0405527 0.0411202 0.0461241 0.0538684 0.0403098 0.0145854 0.0000000 0.0409864 0.0443895 0.0151668 0.0168438 0.0094203 0.0496040 0.0462140 0.0409872 0.0575566 0.0590992 0.0210894 0.0477036 0.0501915 0.0438660 0.0446124 0.0501521 0.0563288 0.0458144 0.0398907 0.0513822 0.0163596 0.0526370 
Phalangeridae_Phalanger_orientalis           0.0192251 0.0412951 0.0276648 0.0282913 0.0289461 0.0413148 0.0082174 0.0042932 0.0284787 0.0352515 0.0047155 0.0392959 0.0409864 0.0000000 0.0279190 0.0395601 0.0416582 0.0386280 0.0361329 0.0287204 0.0227735 0.0430991 0.0441521 0.0478462 0.0301342 0.0315894 0.0196108 0.0293860 0.0203331 0.0350714 0.0274375 0.0021210 0.0340016 0.0421017 0.0364659 
Acrobatidae_Acrobates_pygmaeus               0.0296760 0.0513622 0.0333775 0.0364998 0.0371918 0.0468691 0.0260351 0.0275585 0.0380300 0.0467542 0.0278383 0.0446861 0.0443895 0.0279190 0.0000000 0.0452932 0.0477642 0.0438097 0.0432093 0.0361531 0.0291050 0.0493370 0.0500851 0.0579945 0.0368496 0.0382526 0.0254820 0.0364278 0.0345437 0.0380057 0.0194654 0.0273637 0.0461556 0.0474666 0.0449681 
Dasyuridae_Phascogale_calura                 0.0424902 0.0567314 0.0448956 0.0479740 0.0484738 0.0102697 0.0400746 0.0407668 0.0480482 0.0549099 0.0393526 0.0026354 0.0151668 0.0395601 0.0452932 0.0000000 0.0113129 0.0139886 0.0515663 0.0469788 0.0423678 0.0572185 0.0594490 0.0099671 0.0504189 0.0482831 0.0410788 0.0458469 0.0567128 0.0514528 0.0467197 0.0389471 0.0530963 0.0112866 0.0529045 
Dasyuridae_Sarcophilus_harrisii              0.0427035 0.0566318 0.0456587 0.0492180 0.0496885 0.0054713 0.0407523 0.0411849 0.0493222 0.0563985 0.0409687 0.0105547 0.0168438 0.0416582 0.0477642 0.0113129 0.0000000 0.0151677 0.0528097 0.0479849 0.0435617 0.0592338 0.0612298 0.0147861 0.0511801 0.0493997 0.0420381 0.0461257 0.0538457 0.0532255 0.0480087 0.0405518 0.0538849 0.0066641 0.0544352 
Dasyuridae_Planigale_tenuirostris            0.0387360 0.0540423 0.0422732 0.0463435 0.0463400 0.0141915 0.0391546 0.0381947 0.0456543 0.0510389 0.0387894 0.0127654 0.0094203 0.0386280 0.0438097 0.0139886 0.0151677 0.0000000 0.0459322 0.0443773 0.0408881 0.0595373 0.0591982 0.0159362 0.0462462 0.0458040 0.0379228 0.0424696 0.0477563 0.0486513 0.0463455 0.0375471 0.0473318 0.0149189 0.0484252 
Peramelidae_Echymipera_kalubu                0.0380684 0.0518339 0.0420064 0.0443493 0.0443481 0.0524220 0.0357729 0.0344727 0.0434806 0.0092759 0.0354761 0.0520730 0.0496040 0.0361329 0.0432093 0.0515663 0.0528097 0.0459322 0.0000000 0.0425180 0.0402563 0.0504774 0.0522625 0.0617813 0.0451334 0.0402520 0.0388052 0.0421258 0.0385915 0.0510988 0.0435090 0.0364651 0.0075491 0.0512977 0.0088278 
Macropodidae_Dorcopsulus_vanheurni           0.0321352 0.0528256 0.0355254 0.0128912 0.0131004 0.0480972 0.0283856 0.0282927 0.0123647 0.0422118 0.0273261 0.0457991 0.0462140 0.0287204 0.0361531 0.0469788 0.0479849 0.0443773 0.0425180 0.0000000 0.0318148 0.0518159 0.0540934 0.0597416 0.0226453 0.0405008 0.0292889 0.0060458 0.0370086 0.0426314 0.0359862 0.0281773 0.0415902 0.0484163 0.0445166 
Pseudochiridae_Pseudochirulus_forbesi        0.0267567 0.0467658 0.0323021 0.0317989 0.0318083 0.0441406 0.0239572 0.0224315 0.0333872 0.0374485 0.0232835 0.0414986 0.0409872 0.0227735 0.0291050 0.0423678 0.0435617 0.0408881 0.0402563 0.0318148 0.0000000 0.0467051 0.0489854 0.0497559 0.0336893 0.0371477 0.0149611 0.0314214 0.0098830 0.0322291 0.0304261 0.0224809 0.0371820 0.0451587 0.0410558 
Didelphidae_Didelphis_virginiana             0.0426965 0.0593780 0.0505147 0.0527154 0.0520230 0.0590241 0.0424574 0.0408544 0.0519525 0.0520476 0.0417906 0.0555817 0.0575566 0.0430991 0.0493370 0.0572185 0.0592338 0.0595373 0.0504774 0.0518159 0.0467051 0.0000000 0.0152118 0.0751917 0.0516996 0.0484207 0.0428372 0.0506791 0.0494975 0.0574706 0.0505177 0.0422345 0.0503339 0.0598438 0.0536071 
Marmosidae_Monodelphis_domestica             0.0423790 0.0587221 0.0519018 0.0545275 0.0543059 0.0603029 0.0439410 0.0416942 0.0532236 0.0503740 0.0435518 0.0584511 0.0590992 0.0441521 0.0500851 0.0594490 0.0612298 0.0591982 0.0522625 0.0540934 0.0489854 0.0152118 0.0000000 0.0745348 0.0530984 0.0479028 0.0451270 0.0529701 0.0463301 0.0584016 0.0522137 0.0437348 0.0497583 0.0608406 0.0532500 
Dasyuridae_Antechinus_stuartii               0.0569819 0.0675073 0.0569680 0.0639145 0.0643332 0.0140988 0.0500104 0.0489153 0.0655020 0.0742823 0.0500740 0.0076159 0.0210894 0.0478462 0.0579945 0.0099671 0.0147861 0.0159362 0.0617813 0.0597416 0.0497559 0.0751917 0.0745348 0.0000000 0.0641794 0.0588699 0.0542217 0.0561384 0.0539833 0.0725817 0.0569952 0.0464605 0.0720601 0.0153093 0.0630593 
Hypsiprymnodontidae_Hypsiprymnodon_moschatus 0.0333377 0.0513819 0.0383857 0.0226008 0.0226089 0.0512814 0.0295837 0.0283719 0.0229857 0.0428906 0.0285086 0.0498489 0.0477036 0.0301342 0.0368496 0.0504189 0.0511801 0.0462462 0.0451334 0.0226453 0.0336893 0.0516996 0.0530984 0.0641794 0.0000000 0.0422054 0.0313097 0.0222445 0.0384674 0.0450889 0.0399413 0.0293742 0.0432695 0.0518279 0.0464589 
Microbiotheriidae_Dromiciops_gliroides       0.0320458 0.0481602 0.0374097 0.0413862 0.0423349 0.0526786 0.0314541 0.0290670 0.0417453 0.0422699 0.0312819 0.0483997 0.0501915 0.0315894 0.0382526 0.0482831 0.0493997 0.0458040 0.0402520 0.0405008 0.0371477 0.0484207 0.0479028 0.0588699 0.0422054 0.0000000 0.0358580 0.0398604 0.0340142 0.0506893 0.0412274 0.0308034 0.0396391 0.0486715 0.0417407 
Pseudochiridae_Petauroides_volans            0.0235788 0.0433276 0.0292746 0.0310479 0.0312841 0.0474838 0.0206311 0.0194331 0.0305920 0.0358691 0.0207153 0.0388923 0.0438660 0.0196108 0.0254820 0.0410788 0.0420381 0.0379228 0.0388052 0.0292889 0.0149611 0.0428372 0.0451270 0.0542217 0.0313097 0.0358580 0.0000000 0.0297304 0.0134684 0.0312169 0.0250599 0.0193703 0.0352672 0.0431784 0.0396092 
Macropodidae_Wallabia_bicolor                0.0313083 0.0520503 0.0346441 0.0137328 0.0139434 0.0464791 0.0288575 0.0287782 0.0132103 0.0426144 0.0282080 0.0443379 0.0446124 0.0293860 0.0364278 0.0458469 0.0461257 0.0424696 0.0421258 0.0060458 0.0314214 0.0506791 0.0529701 0.0561384 0.0222445 0.0398604 0.0297304 0.0000000 0.0332235 0.0424356 0.0371388 0.0286400 0.0416642 0.0468015 0.0445855 
Pseudochiridae_Pseudocheirus_occidentalis    0.0297904 0.0474456 0.0345325 0.0378298 0.0371168 0.0537912 0.0231689 0.0207980 0.0397104 0.0372239 0.0216125 0.0530272 0.0501521 0.0203331 0.0345437 0.0567128 0.0538457 0.0477563 0.0385915 0.0370086 0.0098830 0.0494975 0.0463301 0.0539833 0.0384674 0.0340142 0.0134684 0.0332235 0.0000000 0.0423497 0.0303333 0.0195143 0.0372728 0.0536095 0.0385519 
Tarsipedidae_Tarsipes_rostratus              0.0377310 0.0583673 0.0408929 0.0423071 0.0425787 0.0571398 0.0347351 0.0342519 0.0443709 0.0503118 0.0344014 0.0504140 0.0563288 0.0350714 0.0380057 0.0514528 0.0532255 0.0486513 0.0510988 0.0426314 0.0322291 0.0574706 0.0584016 0.0725817 0.0450889 0.0506893 0.0312169 0.0424356 0.0423497 0.0000000 0.0386320 0.0342939 0.0499973 0.0529014 0.0517584 
Acrobatidae_Distoechurus_pennatus            0.0307670 0.0499139 0.0350107 0.0370973 0.0377993 0.0476394 0.0283951 0.0278246 0.0372004 0.0453268 0.0280324 0.0456990 0.0458144 0.0274375 0.0194654 0.0467197 0.0480087 0.0463455 0.0435090 0.0359862 0.0304261 0.0505177 0.0522137 0.0569952 0.0399413 0.0412274 0.0250599 0.0371388 0.0303333 0.0386320 0.0000000 0.0275405 0.0430484 0.0486661 0.0452552 
Phalangeridae_Phalanger_carmelitae           0.0191464 0.0411019 0.0275687 0.0277386 0.0283995 0.0402139 0.0071965 0.0027728 0.0281535 0.0347691 0.0033295 0.0381751 0.0398907 0.0021210 0.0273637 0.0389471 0.0405518 0.0375471 0.0364651 0.0281773 0.0224809 0.0422345 0.0437348 0.0464605 0.0293742 0.0308034 0.0193703 0.0286400 0.0195143 0.0342939 0.0275405 0.0000000 0.0338633 0.0409981 0.0367984 
Peramelidae_Peroryctes_raffrayana            0.0369566 0.0541235 0.0449636 0.0449590 0.0445810 0.0542388 0.0347813 0.0339604 0.0443680 0.0087466 0.0338574 0.0523563 0.0513822 0.0340016 0.0461556 0.0530963 0.0538849 0.0473318 0.0075491 0.0415902 0.0371820 0.0503339 0.0497583 0.0720601 0.0432695 0.0396391 0.0352672 0.0416642 0.0372728 0.0499973 0.0430484 0.0338633 0.0000000 0.0523612 0.0081344 
Dasyuridae_Dasyurus_geffroii                 0.0426844 0.0561101 0.0458491 0.0489183 0.0494178 0.0042726 0.0416615 0.0418262 0.0492974 0.0555625 0.0416755 0.0105291 0.0163596 0.0421017 0.0474666 0.0112866 0.0066641 0.0149189 0.0512977 0.0484163 0.0451587 0.0598438 0.0608406 0.0153093 0.0518279 0.0486715 0.0431784 0.0468015 0.0536095 0.0529014 0.0486661 0.0409981 0.0523612 0.0000000 0.0533789 
Peramelidae_Perameles_gunnii                 0.0395591 0.0509503 0.0440055 0.0456662 0.0456650 0.0545200 0.0365572 0.0354740 0.0436392 0.0005507 0.0369341 0.0531350 0.0526370 0.0364659 0.0449681 0.0529045 0.0544352 0.0484252 0.0088278 0.0445166 0.0410558 0.0536071 0.0532500 0.0630593 0.0464589 0.0417407 0.0396092 0.0445855 0.0385519 0.0517584 0.0452552 0.0367984 0.0081344 0.0533789 0.0000000 
