35
Burramyidae_Burramys_parvus                  0.0000000 0.0473820 0.0415521 0.0357570 0.0368055 0.0506506 0.0289222 0.0270188 0.0374372 0.0545936 0.0294558 0.0509625 0.0565312 0.0315315 0.0333789 0.0506098 0.0493427 0.0503719 0.0525828 0.0376478 0.0328070 0.0630134 0.0668109 0.0521859 0.0398066 0.0494737 0.0351573 0.0384148 0.0331248 0.0441210 0.0314549 0.0294223 0.0525782 0.0505210 0.0545998 
Notoryctidae_Notoryctes_typhlops             0.0473820 0.0000000 0.0555394 0.0547763 0.0575313 0.0565649 0.0491913 0.0493193 0.0601862 0.0536712 0.0509943 0.0538654 0.0565527 0.0520778 0.0532276 0.0530984 0.0552997 0.0541861 0.0529747 0.0542245 0.0502226 0.0661506 0.0715822 0.0535293 0.0609811 0.0503193 0.0525320 0.0566065 0.0507309 0.0683479 0.0560871 0.0493676 0.0555359 0.0569235 0.0545419 
Vombatidae_Lasiorhinus_latifrons             0.0415521 0.0555394 0.0000000 0.0482943 0.0506701 0.0539082 0.0396456 0.0398410 0.0530419 0.0556591 0.0437020 0.0534000 0.0578608 0.0449784 0.0457022 0.0527126 0.0540059 0.0543905 0.0548806 0.0481785 0.0435069 0.0654369 0.0671235 0.0544713 0.0513851 0.0493564 0.0444452 0.0485688 0.0419680 0.0590790 0.0473066 0.0424088 0.0550428 0.0555205 0.0564599 
Potoroidae_Bettongia_penicillata             0.0357570 0.0547763 0.0482943 0.0000000 0.0031447 0.0531350 0.0349220 0.0336864 0.0087676 0.0584558 0.0366411 0.0520968 0.0572973 0.0373559 0.0385860 0.0518931 0.0519781 0.0526559 0.0567906 0.0119342 0.0377010 0.0676425 0.0739350 0.0527299 0.0274139 0.0499604 0.0412586 0.0123902 0.0366247 0.0539418 0.0391832 0.0358571 0.0577656 0.0534973 0.0600888 
Potoroidae_Bettongia_lesueur                 0.0368055 0.0575313 0.0506701 0.0031447 0.0000000 0.0553650 0.0367392 0.0357419 0.0103971 0.0602142 0.0384534 0.0538364 0.0590815 0.0388390 0.0406414 0.0536326 0.0542005 0.0542655 0.0587212 0.0135773 0.0390918 0.0689540 0.0758258 0.0542272 0.0285278 0.0514301 0.0433725 0.0132144 0.0384854 0.0559171 0.0407070 0.0378852 0.0582624 0.0557350 0.0618578 
Dasyuridae_Dasyurus_maculatus                0.0506506 0.0565649 0.0539082 0.0531350 0.0553650 0.0000000 0.0448893 0.0454523 0.0590057 0.0567905 0.0496306 0.0144712 0.0176980 0.0512083 0.0515025 0.0142735 0.0051312 0.0141846 0.0541633 0.0530170 0.0481099 0.0664222 0.0676142 0.0129445 0.0585724 0.0516975 0.0493654 0.0542227 0.0483327 0.0650682 0.0497023 0.0475574 0.0543975 0.0049337 0.0578130 
Phalangeridae_Trichosurus_vulpecula          0.0289222 0.0491913 0.0396456 0.0349220 0.0367392 0.0448893 0.0000000 0.0095525 0.0393322 0.0557181 0.0120139 0.0432216 0.0489016 0.0122230 0.0302181 0.0439447 0.0442021 0.0431830 0.0517763 0.0333936 0.0297386 0.0591342 0.0615011 0.0460065 0.0365609 0.0432527 0.0322218 0.0337421 0.0297148 0.0458896 0.0316176 0.0111898 0.0529024 0.0449421 0.0560080 
Phalangeridae_Spilocuscus_maculatus          0.0270188 0.0493193 0.0398410 0.0336864 0.0357419 0.0454523 0.0095525 0.0000000 0.0369737 0.0550529 0.0047880 0.0420509 0.0488587 0.0057718 0.0288449 0.0427851 0.0437539 0.0422198 0.0520249 0.0314381 0.0281519 0.0576472 0.0616818 0.0449561 0.0357745 0.0426430 0.0300044 0.0329185 0.0290120 0.0447998 0.0296548 0.0048253 0.0529562 0.0455069 0.0558640 
Potoroidae_Aepyprymnus_rufescens             0.0374372 0.0601862 0.0530419 0.0087676 0.0103971 0.0590057 0.0393322 0.0369737 0.0000000 0.0621542 0.0412073 0.0571699 0.0627893 0.0412422 0.0423993 0.0574540 0.0583142 0.0579049 0.0609320 0.0163681 0.0417533 0.0725116 0.0769135 0.0580845 0.0314826 0.0545191 0.0458726 0.0164074 0.0393368 0.0564330 0.0428893 0.0395597 0.0629248 0.0596641 0.0643334 
Peramelidae_Perameles_nasuta                 0.0545936 0.0536712 0.0556591 0.0584558 0.0602142 0.0567905 0.0557181 0.0550529 0.0621542 0.0000000 0.0609861 0.0573353 0.0587545 0.0608025 0.0604145 0.0575966 0.0568342 0.0565281 0.0143852 0.0573245 0.0561678 0.0736350 0.0762917 0.0569365 0.0628121 0.0546096 0.0586929 0.0587848 0.0552287 0.0731913 0.0561145 0.0570868 0.0146312 0.0582024 0.0030539 
Phalangeridae_Strigocuscus_pelengensis       0.0294558 0.0509943 0.0437020 0.0366411 0.0384534 0.0496306 0.0120139 0.0047880 0.0412073 0.0609861 0.0000000 0.0460320 0.0521443 0.0068612 0.0318528 0.0463364 0.0476761 0.0468975 0.0566702 0.0348653 0.0305980 0.0612774 0.0664888 0.0487462 0.0382177 0.0471296 0.0326563 0.0360981 0.0310981 0.0484021 0.0333987 0.0061590 0.0580526 0.0494236 0.0607338 
Dasyuridae_Phascogale_tapoatafa              0.0509625 0.0538654 0.0534000 0.0520968 0.0538364 0.0144712 0.0432216 0.0420509 0.0571699 0.0573353 0.0460320 0.0000000 0.0187096 0.0471803 0.0493013 0.0025538 0.0132390 0.0160099 0.0553123 0.0517354 0.0461686 0.0640339 0.0669029 0.0075998 0.0550855 0.0518675 0.0481077 0.0529325 0.0463104 0.0636018 0.0478035 0.0444250 0.0544312 0.0142794 0.0583572 
Dasyuridae_Sminthopsis_macroura              0.0565312 0.0565527 0.0578608 0.0572973 0.0590815 0.0176980 0.0489016 0.0488587 0.0627893 0.0587545 0.0521443 0.0187096 0.0000000 0.0531386 0.0551802 0.0187397 0.0166627 0.0121787 0.0577717 0.0557092 0.0499817 0.0670643 0.0675006 0.0163755 0.0618968 0.0540382 0.0521145 0.0564476 0.0491541 0.0683110 0.0509445 0.0511427 0.0567339 0.0179461 0.0608205 
Phalangeridae_Phalanger_orientalis           0.0315315 0.0520778 0.0449784 0.0373559 0.0388390 0.0512083 0.0122230 0.0057718 0.0412422 0.0608025 0.0068612 0.0471803 0.0531386 0.0000000 0.0323140 0.0479976 0.0490575 0.0476470 0.0572407 0.0348157 0.0315570 0.0599800 0.0666582 0.0493306 0.0381557 0.0477146 0.0329142 0.0358931 0.0315454 0.0492486 0.0333819 0.0032679 0.0579960 0.0512761 0.0617087 
Acrobatidae_Acrobates_pygmaeus               0.0333789 0.0532276 0.0457022 0.0385860 0.0406414 0.0515025 0.0302181 0.0288449 0.0423993 0.0604145 0.0318528 0.0493013 0.0551802 0.0323140 0.0000000 0.0492901 0.0503981 0.0478329 0.0573637 0.0361626 0.0293634 0.0625859 0.0671640 0.0509091 0.0411606 0.0464311 0.0302971 0.0382145 0.0294414 0.0480899 0.0259863 0.0301699 0.0591439 0.0518325 0.0612255 
Dasyuridae_Phascogale_calura                 0.0506098 0.0530984 0.0527126 0.0518931 0.0536326 0.0142735 0.0439447 0.0427851 0.0574540 0.0575966 0.0463364 0.0025538 0.0187397 0.0479976 0.0492901 0.0000000 0.0130414 0.0157855 0.0553185 0.0510216 0.0454705 0.0630602 0.0666925 0.0069953 0.0543106 0.0514743 0.0478765 0.0522225 0.0458155 0.0638082 0.0478372 0.0451521 0.0549266 0.0144945 0.0586225 
Dasyuridae_Sarcophilus_harrisii              0.0493427 0.0552997 0.0540059 0.0519781 0.0542005 0.0051312 0.0442021 0.0437539 0.0583142 0.0568342 0.0476761 0.0132390 0.0166627 0.0490575 0.0503981 0.0130414 0.0000000 0.0130612 0.0541766 0.0518531 0.0469609 0.0648660 0.0665145 0.0123335 0.0576116 0.0500474 0.0479823 0.0532946 0.0471516 0.0624909 0.0489603 0.0463473 0.0541935 0.0053416 0.0578576 
Dasyuridae_Planigale_tenuirostris            0.0503719 0.0541861 0.0543905 0.0526559 0.0542655 0.0141846 0.0431830 0.0422198 0.0579049 0.0565281 0.0468975 0.0160099 0.0121787 0.0476470 0.0478329 0.0157855 0.0130612 0.0000000 0.0559074 0.0526556 0.0436095 0.0628009 0.0637100 0.0147035 0.0547966 0.0491450 0.0449991 0.0524808 0.0456525 0.0602687 0.0482966 0.0453384 0.0543373 0.0146661 0.0576837 
Peramelidae_Echymipera_kalubu                0.0525828 0.0529747 0.0548806 0.0567906 0.0587212 0.0541633 0.0517763 0.0520249 0.0609320 0.0143852 0.0566702 0.0553123 0.0577717 0.0572407 0.0573637 0.0553185 0.0541766 0.0559074 0.0000000 0.0570029 0.0552739 0.0697130 0.0735855 0.0550138 0.0614488 0.0554501 0.0569738 0.0579578 0.0532773 0.0712763 0.0552224 0.0540518 0.0127239 0.0564776 0.0154571 
Macropodidae_Dorcopsulus_vanheurni           0.0376478 0.0542245 0.0481785 0.0119342 0.0135773 0.0530170 0.0333936 0.0314381 0.0163681 0.0573245 0.0348653 0.0517354 0.0557092 0.0348157 0.0361626 0.0510216 0.0518531 0.0526556 0.0570029 0.0000000 0.0364133 0.0667274 0.0724757 0.0519081 0.0254213 0.0504032 0.0395764 0.0074731 0.0355208 0.0533242 0.0382599 0.0336733 0.0566685 0.0531670 0.0586740 
Pseudochiridae_Pseudochirulus_forbesi        0.0328070 0.0502226 0.0435069 0.0377010 0.0390918 0.0481099 0.0297386 0.0281519 0.0417533 0.0561678 0.0305980 0.0461686 0.0499817 0.0315570 0.0293634 0.0454705 0.0469609 0.0436095 0.0552739 0.0364133 0.0000000 0.0623732 0.0672056 0.0469421 0.0405079 0.0437526 0.0171015 0.0374524 0.0088252 0.0427003 0.0315262 0.0304179 0.0552705 0.0482184 0.0575055 
Didelphidae_Didelphis_virginiana             0.0630134 0.0661506 0.0654369 0.0676425 0.0689540 0.0664222 0.0591342 0.0576472 0.0725116 0.0736350 0.0612774 0.0640339 0.0670643 0.0599800 0.0625859 0.0630602 0.0648660 0.0628009 0.0697130 0.0667274 0.0623732 0.0000000 0.0326584 0.0667627 0.0704772 0.0618183 0.0612214 0.0683319 0.0586295 0.0779279 0.0646704 0.0591787 0.0707587 0.0664662 0.0738371 
Marmosidae_Monodelphis_domestica             0.0668109 0.0715822 0.0671235 0.0739350 0.0758258 0.0676142 0.0615011 0.0616818 0.0769135 0.0762917 0.0664888 0.0669029 0.0675006 0.0666582 0.0671640 0.0666925 0.0665145 0.0637100 0.0735855 0.0724757 0.0672056 0.0326584 0.0000000 0.0681743 0.0733139 0.0602443 0.0662839 0.0736229 0.0635214 0.0787706 0.0677548 0.0641605 0.0749602 0.0676847 0.0762208 
Dasyuridae_Antechinus_stuartii               0.0521859 0.0535293 0.0544713 0.0527299 0.0542272 0.0129445 0.0460065 0.0449561 0.0580845 0.0569365 0.0487462 0.0075998 0.0163755 0.0493306 0.0509091 0.0069953 0.0123335 0.0147035 0.0550138 0.0519081 0.0469421 0.0667627 0.0681743 0.0000000 0.0564220 0.0525375 0.0502288 0.0539237 0.0474910 0.0647871 0.0483020 0.0470595 0.0545646 0.0137948 0.0589912 
Hypsiprymnodontidae_Hypsiprymnodon_moschatus 0.0398066 0.0609811 0.0513851 0.0274139 0.0285278 0.0585724 0.0365609 0.0357745 0.0314826 0.0628121 0.0382177 0.0550855 0.0618968 0.0381557 0.0411606 0.0543106 0.0576116 0.0547966 0.0614488 0.0254213 0.0405079 0.0704772 0.0733139 0.0564220 0.0000000 0.0551924 0.0430407 0.0267518 0.0392981 0.0530733 0.0383239 0.0377107 0.0624255 0.0588920 0.0641773 
Microbiotheriidae_Dromiciops_gliroides       0.0494737 0.0503193 0.0493564 0.0499604 0.0514301 0.0516975 0.0432527 0.0426430 0.0545191 0.0546096 0.0471296 0.0518675 0.0540382 0.0477146 0.0464311 0.0514743 0.0500474 0.0491450 0.0554501 0.0504032 0.0437526 0.0618183 0.0602443 0.0525375 0.0551924 0.0000000 0.0444219 0.0505084 0.0434986 0.0598939 0.0457100 0.0438847 0.0566610 0.0517344 0.0564107 
Pseudochiridae_Petauroides_volans            0.0351573 0.0525320 0.0444452 0.0412586 0.0433725 0.0493654 0.0322218 0.0300044 0.0458726 0.0586929 0.0326563 0.0481077 0.0521145 0.0329142 0.0302971 0.0478765 0.0479823 0.0449991 0.0569738 0.0395764 0.0171015 0.0612214 0.0662839 0.0502288 0.0430407 0.0444219 0.0000000 0.0405247 0.0170426 0.0440021 0.0302291 0.0309409 0.0577009 0.0495030 0.0602774 
Macropodidae_Wallabia_bicolor                0.0384148 0.0566065 0.0485688 0.0123902 0.0132144 0.0542227 0.0337421 0.0329185 0.0164074 0.0587848 0.0360981 0.0529325 0.0564476 0.0358931 0.0382145 0.0522225 0.0532946 0.0524808 0.0579578 0.0074731 0.0374524 0.0683319 0.0736229 0.0539237 0.0267518 0.0505084 0.0405247 0.0000000 0.0361552 0.0520646 0.0397590 0.0346883 0.0575969 0.0551114 0.0606604 
Pseudochiridae_Pseudocheirus_occidentalis    0.0331248 0.0507309 0.0419680 0.0366247 0.0384854 0.0483327 0.0297148 0.0290120 0.0393368 0.0552287 0.0310981 0.0463104 0.0491541 0.0315454 0.0294414 0.0458155 0.0471516 0.0456525 0.0532773 0.0355208 0.0088252 0.0586295 0.0635214 0.0474910 0.0392981 0.0434986 0.0170426 0.0361552 0.0000000 0.0399740 0.0291057 0.0299420 0.0548035 0.0479820 0.0565917 
Tarsipedidae_Tarsipes_rostratus              0.0441210 0.0683479 0.0590790 0.0539418 0.0559171 0.0650682 0.0458896 0.0447998 0.0564330 0.0731913 0.0484021 0.0636018 0.0683110 0.0492486 0.0480899 0.0638082 0.0624909 0.0602687 0.0712763 0.0533242 0.0427003 0.0779279 0.0787706 0.0647871 0.0530733 0.0598939 0.0440021 0.0520646 0.0399740 0.0000000 0.0465917 0.0474209 0.0709330 0.0652010 0.0735576 
Acrobatidae_Distoechurus_pennatus            0.0314549 0.0560871 0.0473066 0.0391832 0.0407070 0.0497023 0.0316176 0.0296548 0.0428893 0.0561145 0.0333987 0.0478035 0.0509445 0.0333819 0.0259863 0.0478372 0.0489603 0.0482966 0.0552224 0.0382599 0.0315262 0.0646704 0.0677548 0.0483020 0.0383239 0.0457100 0.0302291 0.0397590 0.0291057 0.0465917 0.0000000 0.0303916 0.0560023 0.0497556 0.0578361 
Phalangeridae_Phalanger_carmelitae           0.0294223 0.0493676 0.0424088 0.0358571 0.0378852 0.0475574 0.0111898 0.0048253 0.0395597 0.0570868 0.0061590 0.0444250 0.0511427 0.0032679 0.0301699 0.0451521 0.0463473 0.0453384 0.0540518 0.0336733 0.0304179 0.0591787 0.0641605 0.0470595 0.0377107 0.0438847 0.0309409 0.0346883 0.0299420 0.0474209 0.0303916 0.0000000 0.0542278 0.0480856 0.0578869 
Peramelidae_Peroryctes_raffrayana            0.0525782 0.0555359 0.0550428 0.0577656 0.0582624 0.0543975 0.0529024 0.0529562 0.0629248 0.0146312 0.0580526 0.0544312 0.0567339 0.0579960 0.0591439 0.0549266 0.0541935 0.0543373 0.0127239 0.0566685 0.0552705 0.0707587 0.0749602 0.0545646 0.0624255 0.0566610 0.0577009 0.0575969 0.0548035 0.0709330 0.0560023 0.0542278 0.0000000 0.0557502 0.0157064 
Dasyuridae_Dasyurus_geffroii                 0.0505210 0.0569235 0.0555205 0.0534973 0.0557350 0.0049337 0.0449421 0.0455069 0.0596641 0.0582024 0.0494236 0.0142794 0.0179461 0.0512761 0.0518325 0.0144945 0.0053416 0.0146661 0.0564776 0.0531670 0.0482184 0.0664662 0.0676847 0.0137948 0.0588920 0.0517344 0.0495030 0.0551114 0.0479820 0.0652010 0.0497556 0.0480856 0.0557502 0.0000000 0.0592316 
Peramelidae_Perameles_gunnii                 0.0545998 0.0545419 0.0564599 0.0600888 0.0618578 0.0578130 0.0560080 0.0558640 0.0643334 0.0030539 0.0607338 0.0583572 0.0608205 0.0617087 0.0612255 0.0586225 0.0578576 0.0576837 0.0154571 0.0586740 0.0575055 0.0738371 0.0762208 0.0589912 0.0641773 0.0564107 0.0602774 0.0606604 0.0565917 0.0735576 0.0578361 0.0578869 0.0157064 0.0592316 0.0000000 
