35
Notoryctidae_Notoryctes_typhlops             0.0000000 0.1221975 0.1356875 0.1389760 0.1695895 0.1256195 0.1309626 0.1355041 0.1744098 0.1366052 0.1786858 0.1799596 0.1305812 0.1367968 0.1825647 0.1738934 0.1809513 0.1642220 0.1294050 0.1322151 0.1811172 0.1754904 0.1842483 0.1339256 0.1397363 0.1320537 0.1321061 0.1330934 0.1683381 0.1466058 0.1304863 0.1835289 0.1743566 0.1770963 0.1242602 
Vombatidae_Lasiorhinus_latifrons             0.1221975 0.0000000 0.0883991 0.0902986 0.1295534 0.0768129 0.0804369 0.0911718 0.1440016 0.0883887 0.1394346 0.1404517 0.0810807 0.0873033 0.1424124 0.1310347 0.1388310 0.1278030 0.0858815 0.0867743 0.1394240 0.1414663 0.1376817 0.0844724 0.0994165 0.0798931 0.0872153 0.0822429 0.1226279 0.0968071 0.0821103 0.1459203 0.1337887 0.1456454 0.0778463 
Potoroidae_Bettongia_penicillata             0.1356875 0.0883991 0.0000000 0.0097473 0.1491371 0.0813805 0.0854913 0.0172527 0.1466782 0.0916745 0.1600823 0.1577186 0.0852506 0.0935527 0.1633822 0.1497524 0.1546251 0.1319363 0.0282930 0.0956823 0.1566527 0.1583511 0.1614364 0.0586774 0.1197826 0.0895607 0.0298159 0.0893056 0.1289046 0.1050277 0.0876832 0.1509986 0.1505858 0.1464841 0.0826520 
Potoroidae_Bettongia_lesueur                 0.1389760 0.0902986 0.0097473 0.0000000 0.1479438 0.0820712 0.0866458 0.0182942 0.1476363 0.0925851 0.1595929 0.1598977 0.0877219 0.0941351 0.1628298 0.1495610 0.1554010 0.1351391 0.0309473 0.0961289 0.1550009 0.1604659 0.1600256 0.0604584 0.1203176 0.0906157 0.0316762 0.0904811 0.1281672 0.1034166 0.0891865 0.1542949 0.1503084 0.1476335 0.0834843 
Dasyuridae_Dasyurus_maculatus                0.1695895 0.1295534 0.1491371 0.1479438 0.0000000 0.1377836 0.1412164 0.1493887 0.1707159 0.1500348 0.0359533 0.0542513 0.1417080 0.1510744 0.0389691 0.0176401 0.0508434 0.1517357 0.1369429 0.1386479 0.1882402 0.1830620 0.0331417 0.1441865 0.1454072 0.1363746 0.1413903 0.1361751 0.1790398 0.1609151 0.1393316 0.1759624 0.0114835 0.1736463 0.1271640 
Phalangeridae_Trichosurus_vulpecula          0.1256195 0.0768129 0.0813805 0.0820712 0.1377836 0.0000000 0.0190735 0.0824960 0.1409518 0.0264393 0.1491550 0.1515100 0.0208614 0.0883947 0.1535757 0.1392601 0.1502927 0.1240199 0.0780684 0.0895313 0.1363994 0.1389900 0.1429652 0.0799077 0.1053447 0.0817249 0.0768702 0.0817404 0.1159978 0.0947721 0.0215348 0.1434703 0.1403772 0.1448747 0.0717276 
Phalangeridae_Spilocuscus_maculatus          0.1309626 0.0804369 0.0854913 0.0866458 0.1412164 0.0190735 0.0000000 0.0879522 0.1408753 0.0181917 0.1544955 0.1574605 0.0144229 0.0917310 0.1589858 0.1427020 0.1562871 0.1234678 0.0821756 0.0936974 0.1446107 0.1445424 0.1488437 0.0840361 0.1099332 0.0838139 0.0809940 0.0846294 0.1167660 0.0946313 0.0143955 0.1433105 0.1438777 0.1449647 0.0775027 
Potoroidae_Aepyprymnus_rufescens             0.1355041 0.0911718 0.0172527 0.0182942 0.1493887 0.0824960 0.0879522 0.0000000 0.1461014 0.0942589 0.1600288 0.1618843 0.0899576 0.0923664 0.1632667 0.1519931 0.1595346 0.1371936 0.0313501 0.0952699 0.1577112 0.1564727 0.1613364 0.0570511 0.1213077 0.0908414 0.0324842 0.0892433 0.1281738 0.1038773 0.0914247 0.1546459 0.1527111 0.1477233 0.0848599 
Peramelidae_Perameles_nasuta                 0.1744098 0.1440016 0.1466782 0.1476363 0.1707159 0.1409518 0.1408753 0.1461014 0.0000000 0.1458295 0.1853700 0.1895026 0.1427193 0.1511539 0.1889746 0.1700822 0.1836980 0.0316612 0.1403152 0.1455892 0.1915676 0.1879871 0.1781762 0.1460914 0.1530668 0.1402690 0.1382955 0.1423258 0.1757505 0.1626069 0.1440725 0.0487509 0.1692448 0.0000010 0.1287112 
Phalangeridae_Strigocuscus_pelengensis       0.1366052 0.0883887 0.0916745 0.0925851 0.1500348 0.0264393 0.0181917 0.0942589 0.1458295 0.0000000 0.1634390 0.1657373 0.0192807 0.0955068 0.1665855 0.1505138 0.1601595 0.1276577 0.0891471 0.1022028 0.1530596 0.1511771 0.1551204 0.0908784 0.1154638 0.0928615 0.0884365 0.0908034 0.1267876 0.1020228 0.0192608 0.1468562 0.1509743 0.1499063 0.0841492 
Dasyuridae_Phascogale_tapoatafa              0.1786858 0.1394346 0.1600823 0.1595929 0.0359533 0.1491550 0.1544955 0.1600288 0.1853700 0.1634390 0.0000000 0.0574856 0.1551535 0.1604326 0.0088902 0.0366013 0.0537295 0.1637326 0.1496516 0.1493268 0.1935056 0.1951989 0.0196848 0.1554850 0.1502049 0.1426429 0.1533127 0.1452905 0.1868752 0.1678971 0.1541905 0.1901854 0.0397214 0.1871616 0.1368672 
Dasyuridae_Sminthopsis_macroura              0.1799596 0.1404517 0.1577186 0.1598977 0.0542513 0.1515100 0.1574605 0.1618843 0.1895026 0.1657373 0.0574856 0.0000000 0.1539502 0.1627524 0.0570384 0.0552877 0.0411260 0.1688739 0.1506712 0.1494785 0.1999137 0.2046164 0.0568838 0.1592880 0.1539194 0.1470379 0.1548738 0.1437403 0.1898991 0.1720560 0.1549871 0.1916291 0.0568977 0.1913385 0.1358269 
Phalangeridae_Phalanger_orientalis           0.1305812 0.0810807 0.0852506 0.0877219 0.1417080 0.0208614 0.0144229 0.0899576 0.1427193 0.0192807 0.1551535 0.1539502 0.0000000 0.0921576 0.1584976 0.1435008 0.1538545 0.1265748 0.0853183 0.0951945 0.1449759 0.1454241 0.1473575 0.0867825 0.1115803 0.0875792 0.0836929 0.0870018 0.1214703 0.0965081 0.0043996 0.1458803 0.1447892 0.1467445 0.0795950 
Acrobatidae_Acrobates_pygmaeus               0.1367968 0.0873033 0.0935527 0.0941351 0.1510744 0.0883947 0.0917310 0.0923664 0.1511539 0.0955068 0.1604326 0.1627524 0.0921576 0.0000000 0.1663326 0.1535225 0.1604447 0.1393587 0.0884122 0.0855443 0.1593142 0.1606508 0.1581320 0.0949210 0.1215116 0.0827533 0.0881615 0.0818603 0.1216575 0.0531516 0.0933928 0.1597149 0.1522700 0.1542294 0.0864273 
Dasyuridae_Phascogale_calura                 0.1825647 0.1424124 0.1633822 0.1628298 0.0389691 0.1535757 0.1589858 0.1632667 0.1889746 0.1665855 0.0088902 0.0570384 0.1584976 0.1663326 0.0000000 0.0392306 0.0544895 0.1677049 0.1522770 0.1515834 0.1975765 0.1988204 0.0229689 0.1591360 0.1534054 0.1463682 0.1559627 0.1480050 0.1912636 0.1729396 0.1575205 0.1932425 0.0436096 0.1907876 0.1424921 
Dasyuridae_Sarcophilus_harrisii              0.1738934 0.1310347 0.1497524 0.1495610 0.0176401 0.1392601 0.1427020 0.1519931 0.1700822 0.1505138 0.0366013 0.0552877 0.1435008 0.1535225 0.0392306 0.0000000 0.0514977 0.1522442 0.1391084 0.1388575 0.1895740 0.1846297 0.0313552 0.1470628 0.1472791 0.1365429 0.1444585 0.1373283 0.1810361 0.1618584 0.1436592 0.1764257 0.0181973 0.1724251 0.1268557 
Dasyuridae_Planigale_tenuirostris            0.1809513 0.1388310 0.1546251 0.1554010 0.0508434 0.1502927 0.1562871 0.1595346 0.1836980 0.1601595 0.0537295 0.0411260 0.1538545 0.1604447 0.0544895 0.0514977 0.0000000 0.1629882 0.1451009 0.1452630 0.2034751 0.2031772 0.0543208 0.1526251 0.1537792 0.1471454 0.1496861 0.1444930 0.1911837 0.1707125 0.1530926 0.1864269 0.0537658 0.1852609 0.1364237 
Peramelidae_Echymipera_kalubu                0.1642220 0.1278030 0.1319363 0.1351391 0.1517357 0.1240199 0.1234678 0.1371936 0.0316612 0.1276577 0.1637326 0.1688739 0.1265748 0.1393587 0.1677049 0.1522442 0.1629882 0.0000000 0.1262785 0.1341391 0.1737318 0.1748723 0.1557014 0.1366091 0.1352231 0.1279121 0.1273640 0.1280969 0.1609244 0.1468366 0.1272577 0.0353948 0.1508178 0.0322161 0.1238137 
Macropodidae_Dorcopsulus_vanheurni           0.1294050 0.0858815 0.0282930 0.0309473 0.1369429 0.0780684 0.0821756 0.0313501 0.1403152 0.0891471 0.1496516 0.1506712 0.0853183 0.0884122 0.1522770 0.1391084 0.1451009 0.1262785 0.0000000 0.0889541 0.1516763 0.1526290 0.1528542 0.0532716 0.1124575 0.0831214 0.0134281 0.0841825 0.1224160 0.0968090 0.0859817 0.1464379 0.1391397 0.1418729 0.0780781 
Pseudochiridae_Pseudochirulus_forbesi        0.1322151 0.0867743 0.0956823 0.0961289 0.1386479 0.0895313 0.0936974 0.0952699 0.1455892 0.1022028 0.1493268 0.1494785 0.0951945 0.0855443 0.1515834 0.1388575 0.1452630 0.1341391 0.0889541 0.0000000 0.1472328 0.1544060 0.1527509 0.0910300 0.1212365 0.0396126 0.0903968 0.0175063 0.1119156 0.0943965 0.0964289 0.1593332 0.1384227 0.1481558 0.0863140 
Didelphidae_Didelphis_virginiana             0.1811172 0.1394240 0.1566527 0.1550009 0.1882402 0.1363994 0.1446107 0.1577112 0.1915676 0.1530596 0.1935056 0.1999137 0.1449759 0.1593142 0.1975765 0.1895740 0.2034751 0.1737318 0.1516763 0.1472328 0.0000000 0.0626255 0.1988305 0.1606496 0.1433936 0.1453152 0.1531651 0.1386984 0.1832191 0.1641697 0.1490376 0.1864962 0.1899087 0.1942478 0.1276650 
Marmosidae_Monodelphis_domestica             0.1754904 0.1414663 0.1583511 0.1604659 0.1830620 0.1389900 0.1445424 0.1564727 0.1879871 0.1511771 0.1951989 0.2046164 0.1454241 0.1606508 0.1988204 0.1846297 0.2031772 0.1748723 0.1526290 0.1544060 0.0626255 0.0000000 0.1996665 0.1580242 0.1502656 0.1460138 0.1536118 0.1455115 0.1953995 0.1662293 0.1461011 0.1924227 0.1852252 0.1936160 0.1341625 
Dasyuridae_Antechinus_stuartii               0.1842483 0.1376817 0.1614364 0.1600256 0.0331417 0.1429652 0.1488437 0.1613364 0.1781762 0.1551204 0.0196848 0.0568838 0.1473575 0.1581320 0.0229689 0.0313552 0.0543208 0.1557014 0.1528542 0.1527509 0.1988305 0.1996665 0.0000000 0.1598094 0.1469133 0.1495784 0.1547248 0.1467377 0.1728169 0.1747601 0.1468754 0.1732151 0.0368186 0.1808237 0.1366740 
Hypsiprymnodontidae_Hypsiprymnodon_moschatus 0.1339256 0.0844724 0.0586774 0.0604584 0.1441865 0.0799077 0.0840361 0.0570511 0.1460914 0.0908784 0.1554850 0.1592880 0.0867825 0.0949210 0.1591360 0.1470628 0.1526251 0.1366091 0.0532716 0.0910300 0.1606496 0.1580242 0.1598094 0.0000000 0.1169993 0.0921124 0.0525465 0.0887852 0.1319061 0.1048630 0.0874401 0.1557047 0.1465929 0.1459173 0.0773301 
Microbiotheriidae_Dromiciops_gliroides       0.1397363 0.0994165 0.1197826 0.1203176 0.1454072 0.1053447 0.1099332 0.1213077 0.1530668 0.1154638 0.1502049 0.1539194 0.1115803 0.1215116 0.1534054 0.1472791 0.1537792 0.1352231 0.1124575 0.1212365 0.1433936 0.1502656 0.1469133 0.1169993 0.0000000 0.1109344 0.1129799 0.1103071 0.1532963 0.1363724 0.1124631 0.1560438 0.1471099 0.1533946 0.1063470 
Pseudochiridae_Petauroides_volans            0.1320537 0.0798931 0.0895607 0.0906157 0.1363746 0.0817249 0.0838139 0.0908414 0.1402690 0.0928615 0.1426429 0.1470379 0.0875792 0.0827533 0.1463682 0.1365429 0.1471454 0.1279121 0.0831214 0.0396126 0.1453152 0.1460138 0.1495784 0.0921124 0.1109344 0.0000000 0.0844832 0.0346567 0.1015926 0.0968864 0.0882721 0.1447814 0.1344589 0.1417932 0.0769202 
Macropodidae_Wallabia_bicolor                0.1321061 0.0872153 0.0298159 0.0316762 0.1413903 0.0768702 0.0809940 0.0324842 0.1382955 0.0884365 0.1533127 0.1548738 0.0836929 0.0881615 0.1559627 0.1444585 0.1496861 0.1273640 0.0134281 0.0903968 0.1531651 0.1536118 0.1547248 0.0525465 0.1129799 0.0844832 0.0000000 0.0842485 0.1223215 0.0952971 0.0843578 0.1448664 0.1435558 0.1409312 0.0763784 
Pseudochiridae_Pseudocheirus_occidentalis    0.1330934 0.0822429 0.0893056 0.0904811 0.1361751 0.0817404 0.0846294 0.0892433 0.1423258 0.0908034 0.1452905 0.1437403 0.0870018 0.0818603 0.1480050 0.1373283 0.1444930 0.1280969 0.0841825 0.0175063 0.1386984 0.1455115 0.1467377 0.0887852 0.1103071 0.0346567 0.0842485 0.0000000 0.0999890 0.0923659 0.0876918 0.1488508 0.1363875 0.1433426 0.0795506 
Tarsipedidae_Tarsipes_rostratus              0.1683381 0.1226279 0.1289046 0.1281672 0.1790398 0.1159978 0.1167660 0.1281738 0.1757505 0.1267876 0.1868752 0.1898991 0.1214703 0.1216575 0.1912636 0.1810361 0.1911837 0.1609244 0.1224160 0.1119156 0.1832191 0.1953995 0.1728169 0.1319061 0.1532963 0.1015926 0.1223215 0.0999890 0.0000000 0.1355584 0.1221662 0.1752383 0.1812553 0.1812809 0.1258713 
Acrobatidae_Distoechurus_pennatus            0.1466058 0.0968071 0.1050277 0.1034166 0.1609151 0.0947721 0.0946313 0.1038773 0.1626069 0.1020228 0.1678971 0.1720560 0.0965081 0.0531516 0.1729396 0.1618584 0.1707125 0.1468366 0.0968090 0.0943965 0.1641697 0.1662293 0.1747601 0.1048630 0.1363724 0.0968864 0.0952971 0.0923659 0.1355584 0.0000000 0.0973068 0.1707818 0.1613347 0.1656799 0.0868515 
Phalangeridae_Phalanger_carmelitae           0.1304863 0.0821103 0.0876832 0.0891865 0.1393316 0.0215348 0.0143955 0.0914247 0.1440725 0.0192608 0.1541905 0.1549871 0.0043996 0.0933928 0.1575205 0.1436592 0.1530926 0.1272577 0.0859817 0.0964289 0.1490376 0.1461011 0.1468754 0.0874401 0.1124631 0.0882721 0.0843578 0.0876918 0.1221662 0.0973068 0.0000000 0.1471263 0.1448463 0.1480393 0.0805695 
Peramelidae_Peroryctes_raffrayana            0.1835289 0.1459203 0.1509986 0.1542949 0.1759624 0.1434703 0.1433105 0.1546459 0.0487509 0.1468562 0.1901854 0.1916291 0.1458803 0.1597149 0.1932425 0.1764257 0.1864269 0.0353948 0.1464379 0.1593332 0.1864962 0.1924227 0.1732151 0.1557047 0.1560438 0.1447814 0.1448664 0.1488508 0.1752383 0.1707818 0.1471263 0.0000000 0.1749866 0.0486616 0.1509691 
Dasyuridae_Dasyurus_geffroii                 0.1743566 0.1337887 0.1505858 0.1503084 0.0114835 0.1403772 0.1438777 0.1527111 0.1692448 0.1509743 0.0397214 0.0568977 0.1447892 0.1522700 0.0436096 0.0181973 0.0537658 0.1508178 0.1391397 0.1384227 0.1899087 0.1852252 0.0368186 0.1465929 0.1471099 0.1344589 0.1435558 0.1363875 0.1812553 0.1613347 0.1448463 0.1749866 0.0000000 0.1711199 0.1266884 
Peramelidae_Perameles_gunnii                 0.1770963 0.1456454 0.1464841 0.1476335 0.1736463 0.1448747 0.1449647 0.1477233 0.0000010 0.1499063 0.1871616 0.1913385 0.1467445 0.1542294 0.1907876 0.1724251 0.1852609 0.0322161 0.1418729 0.1481558 0.1942478 0.1936160 0.1808237 0.1459173 0.1533946 0.1417932 0.1409312 0.1433426 0.1812809 0.1656799 0.1480393 0.0486616 0.1711199 0.0000000 0.1313407 
Burramyidae_Burramys_parvus                  0.1242602 0.0778463 0.0826520 0.0834843 0.1271640 0.0717276 0.0775027 0.0848599 0.1287112 0.0841492 0.1368672 0.1358269 0.0795950 0.0864273 0.1424921 0.1268557 0.1364237 0.1238137 0.0780781 0.0863140 0.1276650 0.1341625 0.1366740 0.0773301 0.1063470 0.0769202 0.0763784 0.0795506 0.1258713 0.0868515 0.0805695 0.1509691 0.1266884 0.1313407 0.0000000 
