35
Burramyidae_Burramys_parvus                  0.0000000 0.1190253 0.0944585 0.1072253 0.1065636 0.1025590 0.0733974 0.0627747 0.0866158 0.1105876 0.0875654 0.0971664 0.0980357 0.0628048 0.0903445 0.0967575 0.1025762 0.1350149 0.1198605 0.0964190 0.1309377 0.1285583 0.1304587 0.1018424 0.0940409 0.0825965 0.1053110 0.0903576 0.0929166 0.1011797 0.0875186 0.0625032 0.1112293 0.1048580 0.1131935 
Notoryctidae_Notoryctes_typhlops             0.1190253 0.0000000 0.1034936 0.1263954 0.1285915 0.0983181 0.0937165 0.0958440 0.1084188 0.1115448 0.1102420 0.0933175 0.1096365 0.0940947 0.1025644 0.0927488 0.0985302 0.1382018 0.1168919 0.1186029 0.1458245 0.1316557 0.1285591 0.0997674 0.1168653 0.1002555 0.1235686 0.1144014 0.1162779 0.1397787 0.1008723 0.0963086 0.1153314 0.1007495 0.1126347 
Vombatidae_Lasiorhinus_latifrons             0.0944585 0.1034936 0.0000000 0.0918310 0.0975304 0.0794309 0.0646816 0.0615996 0.0752905 0.0902819 0.0761549 0.0737714 0.0843385 0.0572256 0.0715379 0.0726523 0.0801521 0.1089634 0.0926978 0.0792987 0.1181570 0.1100267 0.1016664 0.0786697 0.0798861 0.0697604 0.0943855 0.0790289 0.0889207 0.0899741 0.0654723 0.0620003 0.0957993 0.0806802 0.0946201 
Potoroidae_Bettongia_penicillata             0.1072253 0.1263954 0.0918310 0.0000000 0.0403258 0.1003946 0.0788649 0.0773878 0.0364885 0.1147024 0.0982666 0.0991690 0.1076268 0.0766614 0.0846997 0.0978256 0.1015996 0.1361512 0.1132667 0.0657281 0.1299076 0.1335730 0.1255137 0.1029444 0.0872107 0.0947680 0.1063113 0.0595168 0.0962530 0.1160268 0.0846326 0.0781479 0.1150071 0.1027796 0.1187571 
Potoroidae_Bettongia_lesueur                 0.1065636 0.1285915 0.0975304 0.0403258 0.0000000 0.1077501 0.0827719 0.0698637 0.0552659 0.1183163 0.0978867 0.1075484 0.0979838 0.0683424 0.0889114 0.1061935 0.1108925 0.1456222 0.1235393 0.0554312 0.1373214 0.1372011 0.1326722 0.1103588 0.0949843 0.0942889 0.1169585 0.0523237 0.0983680 0.1068909 0.0919489 0.0704827 0.1235327 0.1120705 0.1226087 
Dasyuridae_Dasyurus_maculatus                0.1025590 0.0983181 0.0794309 0.1003946 0.1077501 0.0000000 0.0722456 0.0757029 0.0823043 0.0874006 0.0830850 0.0150534 0.0261670 0.0697481 0.0805953 0.0145340 0.0052919 0.0458812 0.0913752 0.0958070 0.1214498 0.1062757 0.1039169 0.0206120 0.0925729 0.0636328 0.1021685 0.0957536 0.0893757 0.1108047 0.0832220 0.0747290 0.0911394 0.0042247 0.0883136 
Phalangeridae_Trichosurus_vulpecula          0.0733974 0.0937165 0.0646816 0.0788649 0.0827719 0.0722456 0.0000000 0.0225388 0.0643700 0.0801303 0.0381807 0.0680010 0.0844047 0.0212449 0.0640734 0.0681288 0.0717086 0.0986357 0.0844834 0.0711109 0.1058755 0.0997434 0.0899121 0.0733283 0.0710893 0.0636204 0.0760778 0.0705222 0.0669579 0.0804245 0.0576794 0.0193269 0.0821101 0.0742925 0.0832720 
Phalangeridae_Spilocuscus_maculatus          0.0627747 0.0958440 0.0615996 0.0773878 0.0698637 0.0757029 0.0225388 0.0000000 0.0601790 0.0855314 0.0242588 0.0714474 0.0854109 0.0182560 0.0598702 0.0716060 0.0764672 0.1129755 0.0909929 0.0555934 0.1072690 0.1017051 0.0929760 0.0747905 0.0600267 0.0570920 0.0750976 0.0570565 0.0708627 0.0880007 0.0536374 0.0120579 0.0937863 0.0787422 0.0898498 
Potoroidae_Aepyprymnus_rufescens             0.0866158 0.1084188 0.0752905 0.0364885 0.0552659 0.0823043 0.0643700 0.0601790 0.0000000 0.0928009 0.0729678 0.0789210 0.0803133 0.0572531 0.0695470 0.0776941 0.0831982 0.1138936 0.0895374 0.0460405 0.1120025 0.1132075 0.1047335 0.0858831 0.0650667 0.0740995 0.0892022 0.0390813 0.0840994 0.0906433 0.0626914 0.0614571 0.0956474 0.0857209 0.0965534 
Peramelidae_Perameles_nasuta                 0.1105876 0.1115448 0.0902819 0.1147024 0.1183163 0.0874006 0.0801303 0.0855314 0.0928009 0.0000000 0.0966626 0.0839237 0.0973623 0.0807809 0.0857754 0.0832723 0.0877451 0.1246057 0.0187859 0.1067440 0.1205900 0.1187620 0.1046534 0.0892729 0.1066934 0.0814037 0.1088379 0.1045031 0.0950986 0.1197902 0.0838470 0.0852895 0.0282956 0.0899010 0.0046889 
Phalangeridae_Strigocuscus_pelengensis       0.0875654 0.1102420 0.0761549 0.0982666 0.0978867 0.0830850 0.0381807 0.0242588 0.0729678 0.0966626 0.0000000 0.0810913 0.0795999 0.0182853 0.0750969 0.0812523 0.0839857 0.1122196 0.0993942 0.0796659 0.1186496 0.1204379 0.1091670 0.0849547 0.0851437 0.0751632 0.0896021 0.0778832 0.0880106 0.0875815 0.0643243 0.0224086 0.1013627 0.0876017 0.1004043 
Dasyuridae_Phascogale_tapoatafa              0.0971664 0.0933175 0.0737714 0.0991690 0.1075484 0.0150534 0.0680010 0.0714474 0.0789210 0.0839237 0.0810913 0.0000000 0.0294182 0.0682480 0.0790173 0.0026326 0.0156405 0.0457469 0.0877631 0.0920179 0.1231815 0.1040882 0.1033900 0.0085720 0.0883676 0.0600798 0.0974714 0.0924932 0.0840510 0.1095173 0.0803259 0.0709055 0.0818936 0.0178571 0.0850206 
Dasyuridae_Sminthopsis_macroura              0.0980357 0.1096365 0.0843385 0.1076268 0.0979838 0.0261670 0.0844047 0.0854109 0.0803133 0.0973623 0.0795999 0.0294182 0.0000000 0.0779021 0.0817231 0.0287930 0.0282017 0.0614607 0.0995568 0.0833571 0.1304354 0.1147666 0.1117353 0.0297347 0.0840388 0.0670392 0.1052543 0.0825350 0.0966659 0.1270485 0.0818464 0.0849524 0.0994335 0.0296095 0.1001570 
Phalangeridae_Phalanger_orientalis           0.0628048 0.0940947 0.0572256 0.0766614 0.0683424 0.0697481 0.0212449 0.0182560 0.0572531 0.0807809 0.0182853 0.0682480 0.0779021 0.0000000 0.0562560 0.0683983 0.0702118 0.1037753 0.0840621 0.0498578 0.1041540 0.0998389 0.0895021 0.0716266 0.0564240 0.0525944 0.0705082 0.0503032 0.0686592 0.0846725 0.0469683 0.0108661 0.0904512 0.0724564 0.0850186 
Acrobatidae_Acrobates_pygmaeus               0.0903445 0.1025644 0.0715379 0.0846997 0.0889114 0.0805953 0.0640734 0.0598702 0.0695470 0.0857754 0.0750969 0.0790173 0.0817231 0.0562560 0.0000000 0.0777594 0.0821593 0.1164937 0.0890134 0.0815454 0.0919690 0.1097021 0.1053274 0.0851570 0.0846899 0.0738491 0.0683884 0.0776549 0.0612721 0.0771850 0.0318855 0.0602355 0.0934638 0.0841159 0.0863982 
Dasyuridae_Phascogale_calura                 0.0967575 0.0927488 0.0726523 0.0978256 0.1061935 0.0145340 0.0681288 0.0716060 0.0776941 0.0832723 0.0812523 0.0026326 0.0287930 0.0683983 0.0777594 0.0000000 0.0156876 0.0450866 0.0871346 0.0921996 0.1241755 0.1050609 0.1021173 0.0091315 0.0885397 0.0601943 0.0976716 0.0912561 0.0842137 0.1096997 0.0791061 0.0710632 0.0812287 0.0173283 0.0843647 
Dasyuridae_Sarcophilus_harrisii              0.1025762 0.0985302 0.0801521 0.1015996 0.1108925 0.0052919 0.0717086 0.0764672 0.0831982 0.0877451 0.0839857 0.0156405 0.0282017 0.0702118 0.0821593 0.0156876 0.0000000 0.0479295 0.0911865 0.0985689 0.1246293 0.1057655 0.1071045 0.0214127 0.0910110 0.0656717 0.1038674 0.0972541 0.0877461 0.1127399 0.0872829 0.0745846 0.0881483 0.0074482 0.0888774 
Dasyuridae_Planigale_tenuirostris            0.1350149 0.1382018 0.1089634 0.1361512 0.1456222 0.0458812 0.0986357 0.1129755 0.1138936 0.1246057 0.1122196 0.0457469 0.0614607 0.1037753 0.1164937 0.0450866 0.0479295 0.0000000 0.1204218 0.1269265 0.1543392 0.1452896 0.1356198 0.0466616 0.1227472 0.0953504 0.1365488 0.1264307 0.1226061 0.1439894 0.1142486 0.1114915 0.1211808 0.0485138 0.1267842 
Peramelidae_Echymipera_kalubu                0.1198605 0.1168919 0.0926978 0.1132667 0.1235393 0.0913752 0.0844834 0.0909929 0.0895374 0.0187859 0.0993942 0.0877631 0.0995568 0.0840621 0.0890134 0.0871346 0.0911865 0.1204218 0.0000000 0.1072038 0.1258593 0.1220312 0.1103327 0.0910324 0.1072954 0.0848619 0.1123571 0.1044637 0.1018147 0.1126562 0.0883317 0.0907126 0.0258725 0.0934783 0.0242990 
Macropodidae_Dorcopsulus_vanheurni           0.0964190 0.1186029 0.0792987 0.0657281 0.0554312 0.0958070 0.0711109 0.0555934 0.0460405 0.1067440 0.0796659 0.0920179 0.0833571 0.0498578 0.0815454 0.0921996 0.0985689 0.1269265 0.1072038 0.0000000 0.1235324 0.1232655 0.1168020 0.0956012 0.0740372 0.0860888 0.1008096 0.0164632 0.0946535 0.0827116 0.0736220 0.0546279 0.1108270 0.1012921 0.1100760 
Pseudochiridae_Pseudochirulus_forbesi        0.1309377 0.1458245 0.1181570 0.1299076 0.1373214 0.1214498 0.1058755 0.1072690 0.1120025 0.1205900 0.1186496 0.1231815 0.1304354 0.1041540 0.0919690 0.1241755 0.1246293 0.1543392 0.1258593 0.1235324 0.0000000 0.1466732 0.1496908 0.1266203 0.1221729 0.1140044 0.1001616 0.1234320 0.0751465 0.1124058 0.0886341 0.1050366 0.1254801 0.1259027 0.1234447 
Didelphidae_Didelphis_virginiana             0.1285583 0.1316557 0.1100267 0.1335730 0.1372011 0.1062757 0.0997434 0.1017051 0.1132075 0.1187620 0.1204379 0.1040882 0.1147666 0.0998389 0.1097021 0.1050609 0.1057655 0.1452896 0.1220312 0.1232655 0.1466732 0.0000000 0.0379270 0.1092758 0.1176423 0.1026910 0.1299652 0.1206331 0.1154508 0.1395091 0.1071999 0.1038402 0.1249011 0.1086112 0.1199731 
Marmosidae_Monodelphis_domestica             0.1304587 0.1285591 0.1016664 0.1255137 0.1326722 0.1039169 0.0899121 0.0929760 0.1047335 0.1046534 0.1091670 0.1033900 0.1117353 0.0895021 0.1053274 0.1021173 0.1071045 0.1356198 0.1103327 0.1168020 0.1496908 0.0379270 0.0000000 0.1088752 0.1087155 0.1004492 0.1280334 0.1151416 0.1122144 0.1302773 0.1008292 0.0950232 0.1103957 0.1046922 0.1088077 
Dasyuridae_Antechinus_stuartii               0.1018424 0.0997674 0.0786697 0.1029444 0.1103588 0.0206120 0.0733283 0.0747905 0.0858831 0.0892729 0.0849547 0.0085720 0.0297347 0.0716266 0.0851570 0.0091315 0.0214127 0.0466616 0.0910324 0.0956012 0.1266203 0.1092758 0.1088752 0.0000000 0.0957367 0.0662210 0.1029394 0.0949288 0.0929645 0.1169439 0.0853191 0.0751401 0.0904342 0.0236887 0.0923737 
Hypsiprymnodontidae_Hypsiprymnodon_moschatus 0.0940409 0.1168653 0.0798861 0.0872107 0.0949843 0.0925729 0.0710893 0.0600267 0.0650667 0.1066934 0.0851437 0.0883676 0.0840388 0.0564240 0.0846899 0.0885397 0.0910110 0.1227472 0.1072954 0.0740372 0.1221729 0.1176423 0.1087155 0.0957367 0.0000000 0.0807013 0.0974719 0.0725783 0.0984699 0.0870083 0.0848962 0.0618987 0.1102458 0.0944130 0.1100514 
Microbiotheriidae_Dromiciops_gliroides       0.0825965 0.1002555 0.0697604 0.0947680 0.0942889 0.0636328 0.0636204 0.0570920 0.0740995 0.0814037 0.0751632 0.0600798 0.0670392 0.0525944 0.0738491 0.0601943 0.0656717 0.0953504 0.0848619 0.0860888 0.1140044 0.1026910 0.1004492 0.0662210 0.0807013 0.0000000 0.0941586 0.0843255 0.0830491 0.0854154 0.0713056 0.0582128 0.0881075 0.0657093 0.0850794 
Pseudochiridae_Petauroides_volans            0.1053110 0.1235686 0.0943855 0.1063113 0.1169585 0.1021685 0.0760778 0.0750976 0.0892022 0.1088379 0.0896021 0.0974714 0.1052543 0.0705082 0.0683884 0.0976716 0.1038674 0.1365488 0.1123571 0.1008096 0.1001616 0.1299652 0.1280334 0.1029394 0.0974719 0.0941586 0.0000000 0.0987814 0.0610370 0.0981914 0.0636721 0.0740545 0.1133105 0.1052506 0.1098753 
Macropodidae_Wallabia_bicolor                0.0903576 0.1144014 0.0790289 0.0595168 0.0523237 0.0957536 0.0705222 0.0570565 0.0390813 0.1045031 0.0778832 0.0924932 0.0825350 0.0503032 0.0776549 0.0912561 0.0972541 0.1264307 0.1044637 0.0164632 0.1234320 0.1206331 0.1151416 0.0949288 0.0725783 0.0843255 0.0987814 0.0000000 0.0948336 0.0868968 0.0696672 0.0560307 0.1078040 0.0991746 0.1081187 
Pseudochiridae_Pseudocheirus_occidentalis    0.0929166 0.1162779 0.0889207 0.0962530 0.0983680 0.0893757 0.0669579 0.0708627 0.0840994 0.0950986 0.0880106 0.0840510 0.0966659 0.0686592 0.0612721 0.0842137 0.0877461 0.1226061 0.1018147 0.0946535 0.0751465 0.1154508 0.1122144 0.0929645 0.0984699 0.0830491 0.0610370 0.0948336 0.0000000 0.0890944 0.0614770 0.0714426 0.0990161 0.0896958 0.0960882 
Tarsipedidae_Tarsipes_rostratus              0.1011797 0.1397787 0.0899741 0.1160268 0.1068909 0.1108047 0.0804245 0.0880007 0.0906433 0.1197902 0.0875815 0.1095173 0.1270485 0.0846725 0.0771850 0.1096997 0.1127399 0.1439894 0.1126562 0.0827116 0.1124058 0.1395091 0.1302773 0.1169439 0.0870083 0.0854154 0.0981914 0.0868968 0.0890944 0.0000000 0.0681397 0.0868112 0.1308587 0.1117850 0.1229725 
Acrobatidae_Distoechurus_pennatus            0.0875186 0.1008723 0.0654723 0.0846326 0.0919489 0.0832220 0.0576794 0.0536374 0.0626914 0.0838470 0.0643243 0.0803259 0.0818464 0.0469683 0.0318855 0.0791061 0.0872829 0.1142486 0.0883317 0.0736220 0.0886341 0.1071999 0.1008292 0.0853191 0.0848962 0.0713056 0.0636721 0.0696672 0.0614770 0.0681397 0.0000000 0.0524231 0.0885730 0.0878352 0.0859998 
Phalangeridae_Phalanger_carmelitae           0.0625032 0.0963086 0.0620003 0.0781479 0.0704827 0.0747290 0.0193269 0.0120579 0.0614571 0.0852895 0.0224086 0.0709055 0.0849524 0.0108661 0.0602355 0.0710632 0.0745846 0.1114915 0.0907126 0.0546279 0.1050366 0.1038402 0.0950232 0.0751401 0.0618987 0.0582128 0.0740545 0.0560307 0.0714426 0.0868112 0.0524231 0.0000000 0.0952713 0.0768636 0.0896291 
Peramelidae_Peroryctes_raffrayana            0.1112293 0.1153314 0.0957993 0.1150071 0.1235327 0.0911394 0.0821101 0.0937863 0.0956474 0.0282956 0.1013627 0.0818936 0.0994335 0.0904512 0.0934638 0.0812287 0.0881483 0.1211808 0.0258725 0.1108270 0.1254801 0.1249011 0.1103957 0.0904342 0.1102458 0.0881075 0.1133105 0.1078040 0.0990161 0.1308587 0.0885730 0.0952713 0.0000000 0.0911991 0.0301609 
Dasyuridae_Dasyurus_geffroii                 0.1048580 0.1007495 0.0806802 0.1027796 0.1120705 0.0042247 0.0742925 0.0787422 0.0857209 0.0899010 0.0876017 0.0178571 0.0296095 0.0724564 0.0841159 0.0173283 0.0074482 0.0485138 0.0934783 0.1012921 0.1259027 0.1086112 0.1046922 0.0236887 0.0944130 0.0657093 0.1052506 0.0991746 0.0896958 0.1117850 0.0878352 0.0768636 0.0911991 0.0000000 0.0924985 
Peramelidae_Perameles_gunnii                 0.1131935 0.1126347 0.0946201 0.1187571 0.1226087 0.0883136 0.0832720 0.0898498 0.0965534 0.0046889 0.1004043 0.0850206 0.1001570 0.0850186 0.0863982 0.0843647 0.0888774 0.1267842 0.0242990 0.1100760 0.1234447 0.1199731 0.1088077 0.0923737 0.1100514 0.0850794 0.1098753 0.1081187 0.0960882 0.1229725 0.0859998 0.0896291 0.0301609 0.0924985 0.0000000 
