35
Burramyidae_Burramys_parvus                  0.0000000 0.0984949 0.0977588 0.1467010 0.0879896 0.1438096 0.0790786 0.0751483 0.1028935 0.1313298 0.0740436 0.1458810 0.1620999 0.0813286 0.1045521 0.1470639 0.1452298 0.1476706 0.1268371 0.0605652 0.0954929 0.1316597 0.1427596 0.1367563 0.0984168 0.0728242 0.0989263 0.0639175 0.0831095 0.1166695 0.1041033 0.0785536 0.1295091 0.1409083 0.1222275 
Notoryctidae_Notoryctes_typhlops             0.0984949 0.0000000 0.1085333 0.1227114 0.1029584 0.1354052 0.0988924 0.0968506 0.1031769 0.1092650 0.0976516 0.1359401 0.1499340 0.1005990 0.1241976 0.1369211 0.1353519 0.1409443 0.1191315 0.1044722 0.1182963 0.1315834 0.1409997 0.1297076 0.1193546 0.0952773 0.1221101 0.1059005 0.0976623 0.1400616 0.1153359 0.0979965 0.1234085 0.1321145 0.1174879 
Vombatidae_Lasiorhinus_latifrons             0.0977588 0.1085333 0.0000000 0.1500657 0.0872126 0.1145612 0.0797126 0.0745999 0.0817687 0.1185977 0.0752776 0.1175572 0.1265093 0.0833113 0.1081669 0.1187655 0.1137612 0.1224470 0.1131037 0.0721872 0.0997110 0.1279575 0.1309786 0.1099393 0.0946195 0.0802510 0.0946863 0.0855464 0.0775232 0.1306005 0.1031593 0.0817110 0.1196784 0.1129036 0.1145372 
Potoroidae_Bettongia_penicillata             0.1467010 0.1227114 0.1500657 0.0000000 0.0689148 0.1810903 0.1389538 0.1318817 0.0789184 0.1794828 0.1289707 0.1975855 0.2102467 0.1366234 0.1771575 0.1956506 0.1821115 0.2031386 0.1836502 0.0527692 0.1643291 0.1966695 0.2148467 0.1892122 0.1196198 0.1023910 0.1605043 0.0828311 0.1707959 0.1867119 0.1667936 0.1330956 0.2052442 0.1823252 0.1772617 
Potoroidae_Bettongia_lesueur                 0.0879896 0.1029584 0.0872126 0.0689148 0.0000000 0.1270476 0.0804117 0.0726956 0.0302353 0.1180209 0.0716152 0.1344153 0.1471927 0.0774837 0.1087048 0.1336173 0.1271521 0.1330166 0.1233449 0.0248960 0.0949347 0.1494827 0.1622428 0.1275971 0.0511130 0.0844990 0.0957747 0.0254476 0.0799982 0.1259457 0.0996537 0.0746904 0.1289034 0.1250372 0.1191426 
Dasyuridae_Dasyurus_maculatus                0.1438096 0.1354052 0.1145612 0.1810903 0.1270476 0.0000000 0.1246285 0.1200035 0.1300256 0.1379960 0.1183976 0.0283582 0.0437696 0.1222240 0.1588110 0.0290257 0.0100984 0.0433627 0.1346251 0.1085405 0.1402922 0.1675161 0.1812966 0.0262483 0.1380863 0.1044242 0.1435672 0.1260598 0.1331033 0.1738268 0.1396760 0.1190487 0.1444969 0.0091045 0.1312939 
Phalangeridae_Trichosurus_vulpecula          0.0790786 0.0988924 0.0797126 0.1389538 0.0804117 0.1246285 0.0000000 0.0221618 0.0914105 0.1188035 0.0202570 0.1266150 0.1412007 0.0262317 0.0917663 0.1260463 0.1247261 0.1261989 0.1170735 0.0685419 0.0874068 0.1357713 0.1436622 0.1204131 0.0909022 0.0738840 0.0917491 0.0769345 0.0716783 0.1159544 0.0858494 0.0240209 0.1192315 0.1202516 0.1124404 
Phalangeridae_Spilocuscus_maculatus          0.0751483 0.0968506 0.0745999 0.1318817 0.0726956 0.1200035 0.0221618 0.0000000 0.0842135 0.1104149 0.0090065 0.1278136 0.1395238 0.0161035 0.0899276 0.1272145 0.1217520 0.1264589 0.1106353 0.0575297 0.0845872 0.1292391 0.1417986 0.1179998 0.0795055 0.0691747 0.0847202 0.0678928 0.0650779 0.1164765 0.0842380 0.0138881 0.1094193 0.1187234 0.1067972 
Potoroidae_Aepyprymnus_rufescens             0.1028935 0.1031769 0.0817687 0.0789184 0.0302353 0.1300256 0.0914105 0.0842135 0.0000000 0.1147107 0.0829267 0.1395541 0.1496546 0.0902864 0.1138405 0.1387337 0.1307490 0.1381942 0.1258861 0.0285734 0.1012845 0.1478161 0.1622882 0.1333857 0.0703126 0.0884201 0.1027725 0.0438071 0.0861618 0.1337147 0.1099931 0.0873765 0.1347157 0.1284080 0.1170506 
Peramelidae_Perameles_nasuta                 0.1313298 0.1092650 0.1185977 0.1794828 0.1180209 0.1379960 0.1188035 0.1104149 0.1147107 0.0000000 0.1060502 0.1451322 0.1598568 0.1137661 0.1452606 0.1478453 0.1393195 0.1378778 0.0196687 0.0950598 0.1370134 0.1607011 0.1688099 0.1371811 0.1358052 0.0964293 0.1393678 0.1084909 0.1254511 0.1568704 0.1316004 0.1111409 0.0220761 0.1358282 0.0022277 
Phalangeridae_Strigocuscus_pelengensis       0.0740436 0.0976516 0.0752776 0.1289707 0.0716152 0.1183976 0.0202570 0.0090065 0.0829267 0.1060502 0.0000000 0.1243219 0.1376251 0.0118091 0.0863820 0.1244935 0.1200572 0.1256417 0.1051321 0.0586049 0.0817329 0.1296919 0.1389825 0.1158382 0.0818694 0.0676081 0.0860042 0.0671929 0.0646849 0.1118265 0.0826208 0.0097113 0.1057727 0.1156178 0.1022627 
Dasyuridae_Phascogale_tapoatafa              0.1458810 0.1359401 0.1175572 0.1975855 0.1344153 0.0283582 0.1266150 0.1278136 0.1395541 0.1451322 0.1243219 0.0000000 0.0491224 0.1301129 0.1660781 0.0034936 0.0294360 0.0454324 0.1354735 0.1138781 0.1443134 0.1704282 0.1780508 0.0153889 0.1499696 0.1046521 0.1467661 0.1299174 0.1350547 0.1750922 0.1488893 0.1268283 0.1453731 0.0256681 0.1380540 
Dasyuridae_Sminthopsis_macroura              0.1620999 0.1499340 0.1265093 0.2102467 0.1471927 0.0437696 0.1412007 0.1395238 0.1496546 0.1598568 0.1376251 0.0491224 0.0000000 0.1400725 0.1758271 0.0497689 0.0453886 0.0389920 0.1547501 0.1278245 0.1628436 0.1823789 0.1886187 0.0436086 0.1645674 0.1197737 0.1687340 0.1477365 0.1475516 0.1939273 0.1550780 0.1382970 0.1680432 0.0444122 0.1528591 
Phalangeridae_Phalanger_orientalis           0.0813286 0.1005990 0.0833113 0.1366234 0.0774837 0.1222240 0.0262317 0.0161035 0.0902864 0.1137661 0.0118091 0.1301129 0.1400725 0.0000000 0.0947326 0.1295416 0.1240510 0.1302059 0.1132140 0.0643933 0.0824119 0.1303607 0.1449535 0.1215066 0.0856730 0.0732350 0.0891460 0.0722943 0.0658459 0.1159595 0.0849428 0.0039845 0.1122531 0.1211517 0.1103096 
Acrobatidae_Acrobates_pygmaeus               0.1045521 0.1241976 0.1081669 0.1771575 0.1087048 0.1588110 0.0917663 0.0899276 0.1138405 0.1452606 0.0863820 0.1660781 0.1758271 0.0947326 0.0000000 0.1662695 0.1607673 0.1667793 0.1453627 0.0912634 0.0834066 0.1650647 0.1681027 0.1547139 0.1158216 0.0939094 0.0877136 0.1034520 0.0828169 0.1103173 0.0543070 0.0917919 0.1477784 0.1547362 0.1422515 
Dasyuridae_Phascogale_calura                 0.1470639 0.1369211 0.1187655 0.1956506 0.1336173 0.0290257 0.1260463 0.1272145 0.1387337 0.1478453 0.1244935 0.0034936 0.0497689 0.1295416 0.1662695 0.0000000 0.0301091 0.0460852 0.1389360 0.1131443 0.1444167 0.1716608 0.1791907 0.0148934 0.1501338 0.1064006 0.1469300 0.1298715 0.1347629 0.1752248 0.1490533 0.1262587 0.1452409 0.0263211 0.1415229 
Dasyuridae_Sarcophilus_harrisii              0.1452298 0.1353519 0.1137612 0.1821115 0.1271521 0.0100984 0.1247261 0.1217520 0.1307490 0.1393195 0.1200572 0.0294360 0.0453886 0.1240510 0.1607673 0.0301091 0.0000000 0.0414374 0.1341031 0.1098451 0.1422296 0.1674823 0.1819358 0.0262133 0.1412308 0.1027984 0.1482593 0.1258745 0.1321653 0.1727932 0.1414798 0.1208481 0.1455907 0.0111623 0.1316638 
Dasyuridae_Planigale_tenuirostris            0.1476706 0.1409443 0.1224470 0.2031386 0.1330166 0.0433627 0.1261989 0.1264589 0.1381942 0.1378778 0.1256417 0.0454324 0.0389920 0.1302059 0.1667793 0.0460852 0.0414374 0.0000000 0.1349952 0.1173917 0.1429440 0.1820890 0.1968139 0.0407866 0.1526953 0.1073200 0.1554612 0.1321545 0.1321456 0.1789902 0.1455101 0.1268868 0.1395085 0.0409863 0.1357062 
Peramelidae_Echymipera_kalubu                0.1268371 0.1191315 0.1131037 0.1836502 0.1233449 0.1346251 0.1170735 0.1106353 0.1258861 0.0196687 0.1051321 0.1354735 0.1547501 0.1132140 0.1453627 0.1389360 0.1341031 0.1349952 0.0000000 0.0985508 0.1333351 0.1597891 0.1684786 0.1306591 0.1359586 0.1072142 0.1340615 0.1102157 0.1186624 0.1544193 0.1289400 0.1100986 0.0147737 0.1308847 0.0196388 
Macropodidae_Dorcopsulus_vanheurni           0.0605652 0.1044722 0.0721872 0.0527692 0.0248960 0.1085405 0.0685419 0.0575297 0.0285734 0.0950598 0.0586049 0.1138781 0.1278245 0.0643933 0.0912634 0.1131443 0.1098451 0.1173917 0.0985508 0.0000000 0.0754699 0.1166033 0.1180962 0.1062835 0.0442608 0.0854955 0.0775269 0.0117977 0.0583866 0.0990454 0.0851439 0.0615733 0.1028891 0.1085100 0.0962560 
Pseudochiridae_Pseudochirulus_forbesi        0.0954929 0.1182963 0.0997110 0.1643291 0.0949347 0.1402922 0.0874068 0.0845872 0.1012845 0.1370134 0.0817329 0.1443134 0.1628436 0.0824119 0.0834066 0.1444167 0.1422296 0.1429440 0.1333351 0.0754699 0.0000000 0.1489634 0.1649183 0.1332117 0.0986628 0.0905444 0.0565953 0.0863880 0.0279519 0.0855382 0.0787934 0.0810922 0.1263368 0.1377674 0.1323012 
Didelphidae_Didelphis_virginiana             0.1316597 0.1315834 0.1279575 0.1966695 0.1494827 0.1675161 0.1357713 0.1292391 0.1478161 0.1607011 0.1296919 0.1704282 0.1823789 0.1303607 0.1650647 0.1716608 0.1674823 0.1820890 0.1597891 0.1166033 0.1489634 0.0000000 0.0606684 0.1642396 0.1601097 0.1011645 0.1404452 0.1369558 0.1391039 0.1720578 0.1574345 0.1253540 0.1651257 0.1649064 0.1585436 
Marmosidae_Monodelphis_domestica             0.1427596 0.1409997 0.1309786 0.2148467 0.1622428 0.1812966 0.1436622 0.1417986 0.1622882 0.1688099 0.1389825 0.1780508 0.1886187 0.1449535 0.1681027 0.1791907 0.1819358 0.1968139 0.1684786 0.1180962 0.1649183 0.0606684 0.0000000 0.1723655 0.1711726 0.1137016 0.1602153 0.1350011 0.1398592 0.1818488 0.1629740 0.1414533 0.1687145 0.1778395 0.1731950 
Dasyuridae_Antechinus_stuartii               0.1367563 0.1297076 0.1099393 0.1892122 0.1275971 0.0262483 0.1204131 0.1179998 0.1333857 0.1371811 0.1158382 0.0153889 0.0436086 0.1215066 0.1547139 0.0148934 0.0262133 0.0407866 0.1306591 0.1062835 0.1332117 0.1642396 0.1723655 0.0000000 0.1429285 0.0997691 0.1412993 0.1208098 0.1254756 0.1679205 0.1407631 0.1183137 0.1391284 0.0246680 0.1331263 
Hypsiprymnodontidae_Hypsiprymnodon_moschatus 0.0984168 0.1193546 0.0946195 0.1196198 0.0511130 0.1380863 0.0909022 0.0795055 0.0703126 0.1358052 0.0818694 0.1499696 0.1645674 0.0856730 0.1158216 0.1501338 0.1412308 0.1526953 0.1359586 0.0442608 0.0986628 0.1601097 0.1711726 0.1429285 0.0000000 0.0940417 0.1040476 0.0489322 0.0867301 0.1350532 0.1110914 0.0840575 0.1348142 0.1405753 0.1309839 
Microbiotheriidae_Dromiciops_gliroides       0.0728242 0.0952773 0.0802510 0.1023910 0.0844990 0.1044242 0.0738840 0.0691747 0.0884201 0.0964293 0.0676081 0.1046521 0.1197737 0.0732350 0.0939094 0.1064006 0.1027984 0.1073200 0.1072142 0.0854955 0.0905444 0.1011645 0.1137016 0.0997691 0.0940417 0.0000000 0.0898614 0.0846475 0.0691535 0.1032086 0.0950847 0.0717570 0.1024300 0.0981723 0.1010540 
Pseudochiridae_Petauroides_volans            0.0989263 0.1221101 0.0946863 0.1605043 0.0957747 0.1435672 0.0917491 0.0847202 0.1027725 0.1393678 0.0860042 0.1467661 0.1687340 0.0891460 0.0877136 0.1469300 0.1482593 0.1554612 0.1340615 0.0775269 0.0565953 0.1404452 0.1602153 0.1412993 0.1040476 0.0898614 0.0000000 0.0918069 0.0460768 0.0938065 0.0821181 0.0863786 0.1247055 0.1463245 0.1335296 
Macropodidae_Wallabia_bicolor                0.0639175 0.1059005 0.0855464 0.0828311 0.0254476 0.1260598 0.0769345 0.0678928 0.0438071 0.1084909 0.0671929 0.1299174 0.1477365 0.0722943 0.1034520 0.1298715 0.1258745 0.1321545 0.1102157 0.0117977 0.0863880 0.1369558 0.1350011 0.1208098 0.0489322 0.0846475 0.0918069 0.0000000 0.0735690 0.1131991 0.0950035 0.0708482 0.1127029 0.1220776 0.1086164 
Pseudochiridae_Pseudocheirus_occidentalis    0.0831095 0.0976623 0.0775232 0.1707959 0.0799982 0.1331033 0.0716783 0.0650779 0.0861618 0.1254511 0.0646849 0.1350547 0.1475516 0.0658459 0.0828169 0.1347629 0.1321653 0.1321456 0.1186624 0.0583866 0.0279519 0.1391039 0.1398592 0.1254756 0.0867301 0.0691535 0.0460768 0.0735690 0.0000000 0.0934852 0.0720762 0.0642562 0.1201928 0.1318919 0.1225761 
Tarsipedidae_Tarsipes_rostratus              0.1166695 0.1400616 0.1306005 0.1867119 0.1259457 0.1738268 0.1159544 0.1164765 0.1337147 0.1568704 0.1118265 0.1750922 0.1939273 0.1159595 0.1103173 0.1752248 0.1727932 0.1789902 0.1544193 0.0990454 0.0855382 0.1720578 0.1818488 0.1679205 0.1350532 0.1032086 0.0938065 0.1131991 0.0934852 0.0000000 0.1078633 0.1127137 0.1474595 0.1683861 0.1501368 
Acrobatidae_Distoechurus_pennatus            0.1041033 0.1153359 0.1031593 0.1667936 0.0996537 0.1396760 0.0858494 0.0842380 0.1099931 0.1316004 0.0826208 0.1488893 0.1550780 0.0849428 0.0543070 0.1490533 0.1414798 0.1455101 0.1289400 0.0851439 0.0787934 0.1574345 0.1629740 0.1407631 0.1110914 0.0950847 0.0821181 0.0950035 0.0720762 0.1078633 0.0000000 0.0836152 0.1302460 0.1377155 0.1268966 
Phalangeridae_Phalanger_carmelitae           0.0785536 0.0979965 0.0817110 0.1330956 0.0746904 0.1190487 0.0240209 0.0138881 0.0873765 0.1111409 0.0097113 0.1268283 0.1382970 0.0039845 0.0917919 0.1262587 0.1208481 0.1268868 0.1100986 0.0615733 0.0810922 0.1253540 0.1414533 0.1183137 0.0840575 0.0717570 0.0863786 0.0708482 0.0642562 0.1127137 0.0836152 0.0000000 0.1094913 0.1179746 0.1072445 
Peramelidae_Peroryctes_raffrayana            0.1295091 0.1234085 0.1196784 0.2052442 0.1289034 0.1444969 0.1192315 0.1094193 0.1347157 0.0220761 0.1057727 0.1453731 0.1680432 0.1122531 0.1477784 0.1452409 0.1455907 0.1395085 0.0147737 0.1028891 0.1263368 0.1651257 0.1687145 0.1391284 0.1348142 0.1024300 0.1247055 0.1127029 0.1201928 0.1474595 0.1302460 0.1094913 0.0000000 0.1416473 0.0224365 
Dasyuridae_Dasyurus_geffroii                 0.1409083 0.1321145 0.1129036 0.1823252 0.1250372 0.0091045 0.1202516 0.1187234 0.1284080 0.1358282 0.1156178 0.0256681 0.0444122 0.1211517 0.1547362 0.0263211 0.0111623 0.0409863 0.1308847 0.1085100 0.1377674 0.1649064 0.1778395 0.0246680 0.1405753 0.0981723 0.1463245 0.1220776 0.1318919 0.1683861 0.1377155 0.1179746 0.1416473 0.0000000 0.1284858 
Peramelidae_Perameles_gunnii                 0.1222275 0.1174879 0.1145372 0.1772617 0.1191426 0.1312939 0.1124404 0.1067972 0.1170506 0.0022277 0.1022627 0.1380540 0.1528591 0.1103096 0.1422515 0.1415229 0.1316638 0.1357062 0.0196388 0.0962560 0.1323012 0.1585436 0.1731950 0.1331263 0.1309839 0.1010540 0.1335296 0.1086164 0.1225761 0.1501368 0.1268966 0.1072445 0.0224365 0.1284858 0.0000000 
