37
Peramelidae_Isoodon_obesulus1                0.0000000 0.0538708 0.0654641 0.0538708 0.0538708 0.0538708 0.0347058 0.0538708 0.0538708 0.0872117 0.0085544 0.0560651 0.0347058 0.0347058 0.0538708 0.1225928 0.0347058 0.0347058 0.0347058 0.0000010 0.0538708 0.0538708 0.0551228 0.0551228 0.0347058 0.0441302 0.0551228 0.0441302 0.0538708 0.0538708 0.0354665 0.0538708 0.0538708 0.0000010 9.0000000 0.0347058 0.0000010 
Burramyidae_Burramys_parvus                  0.0538708 0.0000000 0.0381865 0.0265200 0.0254626 0.0251773 0.0352203 0.0172184 0.0177683 0.0290709 0.0363279 0.0188472 0.0355635 0.0349651 0.0154987 0.0301199 0.0356123 0.0360554 0.0327424 0.0404865 0.0228817 0.0241119 0.0433564 0.0446816 0.0353612 0.0234168 0.0325716 0.0288719 0.0221364 0.0224056 0.0292179 0.0221529 0.0172482 0.0538708 0.0388218 0.0353170 0.0342006 
Notoryctidae_Notoryctes_typhlops             0.0654641 0.0381865 0.0000000 0.0506587 0.0558312 0.0410013 0.0655245 0.0546408 0.0548372 0.0600582 0.0649353 0.0412380 0.0644561 0.0492994 0.0569673 0.0491134 0.0640328 0.0651200 0.0647802 0.0676547 0.0569074 0.0565133 0.0649357 0.0753537 0.0646244 0.0580851 0.0533218 0.0643593 0.0578268 0.0360715 0.0601689 0.0594339 0.0565802 0.0654641 0.0677870 0.0668074 0.0615462 
Vombatidae_Lasiorhinus_latifrons             0.0538708 0.0265200 0.0506587 0.0000000 0.0335062 0.0283035 0.0422568 0.0288386 0.0302061 0.0359217 0.0463502 0.0271875 0.0446216 0.0317128 0.0286112 0.0326322 0.0431506 0.0426938 0.0406889 0.0480840 0.0385619 0.0355816 0.0597832 0.0569075 0.0441159 0.0296685 0.0341952 0.0404347 0.0390043 0.0284269 0.0426615 0.0422827 0.0299958 0.0538708 0.0542387 0.0423992 0.0461173 
Potoroidae_Bettongia_penicillata             0.0538708 0.0254626 0.0558312 0.0335062 0.0000000 0.0017362 0.0456931 0.0245990 0.0259403 0.0094497 0.0463803 0.0264599 0.0456621 0.0355786 0.0251509 0.0341180 0.0466094 0.0469520 0.0433035 0.0489558 0.0191985 0.0303579 0.0575267 0.0573709 0.0455771 0.0161564 0.0402637 0.0362626 0.0195820 0.0273065 0.0435003 0.0417916 0.0260990 0.0538708 0.0528519 0.0462547 0.0452296 
Potoroidae_Bettongia_lesueur                 0.0538708 0.0251773 0.0410013 0.0283035 0.0017362 0.0000000 0.0364559 0.0224207 0.0241720 0.0077812 0.0402889 0.0252346 0.0359908 0.0352473 0.0226133 0.0337688 0.0368536 0.0373053 0.0322737 0.0435867 0.0099623 0.0291541 0.0437786 0.0442552 0.0357929 0.0147125 0.0323745 0.0334041 0.0110756 0.0269496 0.0307823 0.0298527 0.0236168 0.0538708 0.0399185 0.0365574 0.0390566 
Dasyuridae_Dasyurus_maculatus                0.0347058 0.0352203 0.0655245 0.0422568 0.0456931 0.0364559 0.0000000 0.0461689 0.0470161 0.0503929 0.0608270 0.0372961 0.0152321 0.0186336 0.0456392 0.0408415 0.0138781 0.0023027 0.0153865 0.0613648 0.0502510 0.0513939 0.0664606 0.0621896 0.0129918 0.0445243 0.0408870 0.0576160 0.0528778 0.0381873 0.0592587 0.0525634 0.0470180 0.0347058 0.0674550 0.0039701 0.0601825 
Phalangeridae_Trichosurus_vulpecula          0.0538708 0.0172184 0.0546408 0.0288386 0.0245990 0.0224207 0.0461689 0.0000000 0.0063471 0.0265557 0.0455914 0.0074204 0.0445346 0.0320949 0.0066855 0.0284548 0.0446658 0.0474220 0.0425010 0.0476654 0.0280527 0.0247261 0.0556577 0.0539718 0.0456528 0.0227438 0.0383840 0.0289710 0.0292516 0.0212103 0.0383833 0.0351514 0.0069703 0.0538708 0.0502224 0.0463253 0.0444494 
Phalangeridae_Spilocuscus_maculatus          0.0538708 0.0177683 0.0548372 0.0302061 0.0259403 0.0241720 0.0470161 0.0063471 0.0000000 0.0286106 0.0447535 0.0051855 0.0445545 0.0340433 0.0050282 0.0297912 0.0446262 0.0482846 0.0444466 0.0477146 0.0306571 0.0271334 0.0565685 0.0549328 0.0465059 0.0248009 0.0394657 0.0317613 0.0303311 0.0225471 0.0407431 0.0370585 0.0046650 0.0538708 0.0490085 0.0471447 0.0434427 
Potoroidae_Aepyprymnus_rufescens             0.0872117 0.0290709 0.0600582 0.0359217 0.0094497 0.0077812 0.0503929 0.0265557 0.0286106 0.0000000 0.0478296 0.0285657 0.0495354 0.0385593 0.0270570 0.0349907 0.0512673 0.0516815 0.0479471 0.0521203 0.0203701 0.0335791 0.0604360 0.0598002 0.0503423 0.0176494 0.0436184 0.0386353 0.0222269 0.0293848 0.0474824 0.0443098 0.0280743 0.0872117 0.0529033 0.0509808 0.0470440 
Peramelidae_Perameles_nasuta                 0.0085544 0.0363279 0.0649353 0.0463502 0.0463803 0.0402889 0.0608270 0.0455914 0.0447535 0.0478296 0.0000000 0.0412957 0.0626180 0.0479083 0.0432935 0.0432695 0.0637515 0.0618095 0.0564089 0.0166566 0.0451982 0.0490966 0.0659645 0.0708687 0.0631975 0.0454653 0.0526194 0.0560598 0.0444081 0.0397920 0.0545715 0.0499675 0.0452052 0.0085544 0.0178921 0.0610101 0.0025183 
Phalangeridae_Strigocuscus_pelengensis       0.0560651 0.0188472 0.0412380 0.0271875 0.0264599 0.0252346 0.0372961 0.0074204 0.0051855 0.0285657 0.0412957 0.0000000 0.0342684 0.0348308 0.0040772 0.0290383 0.0342684 0.0386559 0.0338509 0.0425837 0.0224068 0.0261201 0.0446630 0.0441470 0.0366616 0.0254955 0.0347375 0.0304393 0.0216388 0.0226492 0.0295418 0.0262075 0.0040579 0.0560651 0.0401727 0.0377541 0.0409449 
Dasyuridae_Phascogale_tapoatafa              0.0347058 0.0355635 0.0644561 0.0446216 0.0456621 0.0359908 0.0152321 0.0445346 0.0445545 0.0495354 0.0626180 0.0342684 0.0000000 0.0171259 0.0432274 0.0404206 0.0039629 0.0162934 0.0145816 0.0607609 0.0501680 0.0500115 0.0670562 0.0626450 0.0091474 0.0461092 0.0433486 0.0570322 0.0498554 0.0372368 0.0557655 0.0517948 0.0445756 0.0347058 0.0678976 0.0174006 0.0619775 
Dasyuridae_Sminthopsis_macroura              0.0347058 0.0349651 0.0492994 0.0317128 0.0355786 0.0352473 0.0186336 0.0320949 0.0340433 0.0385593 0.0479083 0.0348308 0.0171259 0.0000000 0.0319155 0.0397460 0.0178880 0.0193944 0.0084015 0.0490750 0.0321292 0.0394622 0.0479263 0.0456926 0.0177966 0.0341937 0.0338206 0.0440816 0.0321960 0.0362463 0.0397787 0.0362060 0.0329499 0.0347058 0.0483413 0.0190553 0.0472155 
Phalangeridae_Phalanger_orientalis           0.0538708 0.0154987 0.0569673 0.0286112 0.0251509 0.0226133 0.0456392 0.0066855 0.0050282 0.0270570 0.0432935 0.0040772 0.0432274 0.0319155 0.0000000 0.0281234 0.0432965 0.0469283 0.0424863 0.0463236 0.0282759 0.0272104 0.0547844 0.0513825 0.0446328 0.0236478 0.0384880 0.0317613 0.0283511 0.0217762 0.0395524 0.0358397 0.0016536 0.0538708 0.0497970 0.0457945 0.0429456 
Acrobatidae_Acrobates_pygmaeus               0.1225928 0.0301199 0.0491134 0.0326322 0.0341180 0.0337688 0.0408415 0.0284548 0.0297912 0.0349907 0.0432695 0.0290383 0.0404206 0.0397460 0.0281234 0.0000000 0.0404206 0.0417483 0.0368255 0.0466800 0.0313004 0.0296884 0.0562400 0.0532052 0.0419409 0.0306220 0.0391561 0.0351256 0.0322044 0.0277910 0.0327252 0.0177483 0.0301636 0.1225928 0.0410336 0.0400668 0.0423760 
Dasyuridae_Phascogale_calura                 0.0347058 0.0356123 0.0640328 0.0431506 0.0466094 0.0368536 0.0138781 0.0446658 0.0446262 0.0512673 0.0637515 0.0342684 0.0039629 0.0178880 0.0432965 0.0404206 0.0000000 0.0145864 0.0153973 0.0622705 0.0511586 0.0501635 0.0691187 0.0646063 0.0091719 0.0462034 0.0417736 0.0577067 0.0508459 0.0372886 0.0563700 0.0519521 0.0447071 0.0347058 0.0686387 0.0160360 0.0630159 
Dasyuridae_Sarcophilus_harrisii              0.0347058 0.0360554 0.0651200 0.0426938 0.0469520 0.0373053 0.0023027 0.0474220 0.0482846 0.0516815 0.0618095 0.0386559 0.0162934 0.0193944 0.0469283 0.0417483 0.0145864 0.0000000 0.0165782 0.0623062 0.0515559 0.0527021 0.0674438 0.0630834 0.0140575 0.0445656 0.0421551 0.0591160 0.0541993 0.0390186 0.0593176 0.0534483 0.0482767 0.0347058 0.0685279 0.0056508 0.0611664 
Dasyuridae_Planigale_tenuirostris            0.0347058 0.0327424 0.0647802 0.0406889 0.0433035 0.0322737 0.0153865 0.0425010 0.0444466 0.0479471 0.0564089 0.0338509 0.0145816 0.0084015 0.0424863 0.0368255 0.0153973 0.0165782 0.0000000 0.0567816 0.0481834 0.0452310 0.0682300 0.0648540 0.0142133 0.0442162 0.0439418 0.0562105 0.0500709 0.0312385 0.0539506 0.0525971 0.0443107 0.0347058 0.0619823 0.0182054 0.0553739 
Peramelidae_Echymipera_kalubu                0.0000010 0.0404865 0.0676547 0.0480840 0.0489558 0.0435867 0.0613648 0.0476654 0.0477146 0.0521203 0.0166566 0.0425837 0.0607609 0.0490750 0.0463236 0.0466800 0.0622705 0.0623062 0.0567816 0.0000000 0.0548118 0.0530059 0.0783801 0.0746359 0.0628512 0.0476476 0.0544602 0.0606055 0.0535607 0.0436217 0.0590429 0.0565275 0.0481280 0.0000010 0.0221339 0.0615415 0.0161108 
Macropodidae_Dorcopsulus_vanheurni           0.0538708 0.0228817 0.0569074 0.0385619 0.0191985 0.0099623 0.0502510 0.0280527 0.0306571 0.0203701 0.0451982 0.0224068 0.0501680 0.0321292 0.0282759 0.0313004 0.0511586 0.0515559 0.0481834 0.0548118 0.0000000 0.0336888 0.0511166 0.0517302 0.0501269 0.0208556 0.0454519 0.0392636 0.0057355 0.0242987 0.0371727 0.0302516 0.0292713 0.0538708 0.0467772 0.0494944 0.0440350 
Pseudochiridae_Pseudochirulus_forbesi        0.0538708 0.0241119 0.0565133 0.0355816 0.0303579 0.0291541 0.0513939 0.0247261 0.0271334 0.0335791 0.0490966 0.0261201 0.0500115 0.0394622 0.0272104 0.0296884 0.0501635 0.0527021 0.0452310 0.0530059 0.0336888 0.0000000 0.0628020 0.0667632 0.0504119 0.0284252 0.0455899 0.0169598 0.0348033 0.0074676 0.0339388 0.0332754 0.0273548 0.0538708 0.0556492 0.0515733 0.0476359 
Didelphidae_Didelphis_virginiana             0.0551228 0.0433564 0.0649357 0.0597832 0.0575267 0.0437786 0.0664606 0.0556577 0.0565685 0.0604360 0.0659645 0.0446630 0.0670562 0.0479263 0.0547844 0.0562400 0.0691187 0.0674438 0.0682300 0.0783801 0.0511166 0.0628020 0.0000000 0.0362413 0.0672673 0.0550454 0.0549339 0.0663603 0.0506770 0.0453045 0.0639158 0.0544925 0.0548404 0.0551228 0.0716200 0.0660634 0.0647314 
Marmosidae_Monodelphis_domestica             0.0551228 0.0446816 0.0753537 0.0569075 0.0573709 0.0442552 0.0621896 0.0539718 0.0549328 0.0598002 0.0708687 0.0441470 0.0626450 0.0456926 0.0513825 0.0532052 0.0646063 0.0630834 0.0648540 0.0746359 0.0517302 0.0667632 0.0362413 0.0000000 0.0617341 0.0553366 0.0568647 0.0669585 0.0536362 0.0507315 0.0679485 0.0596648 0.0544472 0.0551228 0.0762550 0.0619119 0.0698237 
Dasyuridae_Antechinus_stuartii               0.0347058 0.0353612 0.0646244 0.0441159 0.0455771 0.0357929 0.0129918 0.0456528 0.0465059 0.0503423 0.0631975 0.0366616 0.0091474 0.0177966 0.0446328 0.0419409 0.0091719 0.0140575 0.0142133 0.0628512 0.0501269 0.0504119 0.0672673 0.0617341 0.0000000 0.0464417 0.0413843 0.0561627 0.0515440 0.0373668 0.0571008 0.0539178 0.0465119 0.0347058 0.0680695 0.0151550 0.0625527 
Hypsiprymnodontidae_Hypsiprymnodon_moschatus 0.0441302 0.0234168 0.0580851 0.0296685 0.0161564 0.0147125 0.0445243 0.0227438 0.0248009 0.0176494 0.0454653 0.0254955 0.0461092 0.0341937 0.0236478 0.0306220 0.0462034 0.0445656 0.0442162 0.0476476 0.0208556 0.0284252 0.0550454 0.0553366 0.0464417 0.0000000 0.0390381 0.0336578 0.0223563 0.0248282 0.0399743 0.0373932 0.0245990 0.0441302 0.0537414 0.0446758 0.0443165 
Microbiotheriidae_Dromiciops_gliroides       0.0551228 0.0325716 0.0533218 0.0341952 0.0402637 0.0323745 0.0408870 0.0383840 0.0394657 0.0436184 0.0526194 0.0347375 0.0433486 0.0338206 0.0384880 0.0391561 0.0417736 0.0421551 0.0439418 0.0544602 0.0454519 0.0455899 0.0549339 0.0568647 0.0413843 0.0390381 0.0000000 0.0504073 0.0445647 0.0345806 0.0457016 0.0429624 0.0400435 0.0551228 0.0562396 0.0413818 0.0517586 
Pseudochiridae_Petauroides_volans            0.0441302 0.0288719 0.0643593 0.0404347 0.0362626 0.0334041 0.0576160 0.0289710 0.0317613 0.0386353 0.0560598 0.0304393 0.0570322 0.0440816 0.0317613 0.0351256 0.0577067 0.0591160 0.0562105 0.0606055 0.0392636 0.0169598 0.0663603 0.0669585 0.0561627 0.0336578 0.0504073 0.0000000 0.0409401 0.0150554 0.0410601 0.0390839 0.0319850 0.0441302 0.0638194 0.0578433 0.0533429 
Macropodidae_Wallabia_bicolor                0.0538708 0.0221364 0.0578268 0.0390043 0.0195820 0.0110756 0.0528778 0.0292516 0.0303311 0.0222269 0.0444081 0.0216388 0.0498554 0.0321960 0.0283511 0.0322044 0.0508459 0.0541993 0.0500709 0.0535607 0.0057355 0.0348033 0.0506770 0.0536362 0.0515440 0.0223563 0.0445647 0.0409401 0.0000000 0.0238910 0.0366395 0.0314255 0.0289211 0.0538708 0.0458964 0.0521165 0.0436378 
Pseudochiridae_Pseudocheirus_occidentalis    0.0538708 0.0224056 0.0360715 0.0284269 0.0273065 0.0269496 0.0381873 0.0212103 0.0225471 0.0293848 0.0397920 0.0226492 0.0372368 0.0362463 0.0217762 0.0277910 0.0372886 0.0390186 0.0312385 0.0436217 0.0242987 0.0074676 0.0453045 0.0507315 0.0373668 0.0248282 0.0345806 0.0150554 0.0238910 0.0000000 0.0215023 0.0212010 0.0223557 0.0538708 0.0421434 0.0382943 0.0380673 
Tarsipedidae_Tarsipes_rostratus              0.0354665 0.0292179 0.0601689 0.0426615 0.0435003 0.0307823 0.0592587 0.0383833 0.0407431 0.0474824 0.0545715 0.0295418 0.0557655 0.0397787 0.0395524 0.0327252 0.0563700 0.0593176 0.0539506 0.0590429 0.0371727 0.0339388 0.0639158 0.0679485 0.0571008 0.0399743 0.0457016 0.0410601 0.0366395 0.0215023 0.0000000 0.0351768 0.0400118 0.0354665 0.0574847 0.0592257 0.0527841 
Acrobatidae_Distoechurus_pennatus            0.0538708 0.0221529 0.0594339 0.0422827 0.0417916 0.0298527 0.0525634 0.0351514 0.0370585 0.0443098 0.0499675 0.0262075 0.0517948 0.0362060 0.0358397 0.0177483 0.0519521 0.0534483 0.0525971 0.0565275 0.0302516 0.0332754 0.0544925 0.0596648 0.0539178 0.0373932 0.0429624 0.0390839 0.0314255 0.0212010 0.0351768 0.0000000 0.0371953 0.0538708 0.0492652 0.0518121 0.0488116 
Phalangeridae_Phalanger_carmelitae           0.0538708 0.0172482 0.0565802 0.0299958 0.0260990 0.0236168 0.0470180 0.0069703 0.0046650 0.0280743 0.0452052 0.0040579 0.0445756 0.0329499 0.0016536 0.0301636 0.0447071 0.0482767 0.0443107 0.0481280 0.0292713 0.0273548 0.0548404 0.0544472 0.0465119 0.0245990 0.0400435 0.0319850 0.0289211 0.0223557 0.0400118 0.0371953 0.0000000 0.0538708 0.0513132 0.0471776 0.0449252 
Peramelidae_Isoodon_obesulus2                0.0000010 0.0538708 0.0654641 0.0538708 0.0538708 0.0538708 0.0347058 0.0538708 0.0538708 0.0872117 0.0085544 0.0560651 0.0347058 0.0347058 0.0538708 0.1225928 0.0347058 0.0347058 0.0347058 0.0000010 0.0538708 0.0538708 0.0551228 0.0551228 0.0347058 0.0441302 0.0551228 0.0441302 0.0538708 0.0538708 0.0354665 0.0538708 0.0538708 0.0000000 9.0000000 0.0347058 0.0000010 
Peramelidae_Peroryctes_raffrayana            9.0000000 0.0388218 0.0677870 0.0542387 0.0528519 0.0399185 0.0674550 0.0502224 0.0490085 0.0529033 0.0178921 0.0401727 0.0678976 0.0483413 0.0497970 0.0410336 0.0686387 0.0685279 0.0619823 0.0221339 0.0467772 0.0556492 0.0716200 0.0762550 0.0680695 0.0537414 0.0562396 0.0638194 0.0458964 0.0421434 0.0574847 0.0492652 0.0513132 9.0000000 0.0000000 0.0676729 0.0159468 
Dasyuridae_Dasyurus_geffroii                 0.0347058 0.0353170 0.0668074 0.0423992 0.0462547 0.0365574 0.0039701 0.0463253 0.0471447 0.0509808 0.0610101 0.0377541 0.0174006 0.0190553 0.0457945 0.0400668 0.0160360 0.0056508 0.0182054 0.0615415 0.0494944 0.0515733 0.0660634 0.0619119 0.0151550 0.0446758 0.0413818 0.0578433 0.0521165 0.0382943 0.0592257 0.0518121 0.0471776 0.0347058 0.0676729 0.0000000 0.0603642 
Peramelidae_Perameles_gunnii                 0.0000010 0.0342006 0.0615462 0.0461173 0.0452296 0.0390566 0.0601825 0.0444494 0.0434427 0.0470440 0.0025183 0.0409449 0.0619775 0.0472155 0.0429456 0.0423760 0.0630159 0.0611664 0.0553739 0.0161108 0.0440350 0.0476359 0.0647314 0.0698237 0.0625527 0.0443165 0.0517586 0.0533429 0.0436378 0.0380673 0.0527841 0.0488116 0.0449252 0.0000010 0.0159468 0.0603642 0.0000000 
