37
Burramyidae_Burramys_parvus                  0.0000000 0.0828710 0.0579964 0.0755318 0.0825064 0.0972765 0.0474221 0.0527661 0.0715265 0.0976599 0.0542125 0.0949715 0.0863531 0.0521175 0.0691629 0.1038619 0.0943351 0.0934233 0.1044446 0.0701549 0.0827567 0.1064877 0.1149328 0.0980034 0.0668982 0.0796532 0.0738846 0.0699538 0.0579202 0.0847513 0.0682101 0.0532988 0.0991175 0.1052355 0.1227095 0.1227095 0.0783564 
Notoryctidae_Notoryctes_typhlops             0.0828710 0.0000000 0.0862794 0.1160407 0.1234241 0.1183284 0.0785507 0.0870256 0.1085230 0.1111909 0.0878767 0.1125909 0.1055452 0.0856922 0.1025170 0.1250818 0.1174142 0.1120270 0.1197075 0.1105192 0.1167399 0.1224998 0.1366069 0.1178032 0.0968212 0.1069499 0.1068425 0.1085187 0.0685945 0.1128004 0.0992970 0.0869507 0.1206533 0.1211043 0.1317000 0.1317000 0.0806506 
Vombatidae_Lasiorhinus_latifrons             0.0579964 0.0862794 0.0000000 0.0901977 0.0970369 0.1014612 0.0594020 0.0627234 0.0843221 0.1078401 0.0667994 0.0998776 0.0859132 0.0619600 0.0717562 0.1061331 0.1006581 0.0965754 0.1039834 0.0834954 0.0887944 0.1172380 0.1208360 0.1008514 0.0763681 0.0839363 0.0694720 0.0827190 0.0492089 0.0857666 0.0759136 0.0631639 0.1033431 0.1109118 0.0929483 0.0929483 0.0709467 
Potoroidae_Bettongia_penicillata             0.0755318 0.1160407 0.0901977 0.0000000 0.0107971 0.1309420 0.0777789 0.0843308 0.0287070 0.1225136 0.0836310 0.1239416 0.1129764 0.0835970 0.0971856 0.1363189 0.1280829 0.1275284 0.1274315 0.0383767 0.1121113 0.1345782 0.1487451 0.1324207 0.0716936 0.1081544 0.1062760 0.0378134 0.0636750 0.1159892 0.1048010 0.0842237 0.1335232 0.1350623 0.1899417 0.1899417 0.0996771 
Potoroidae_Bettongia_lesueur                 0.0825064 0.1234241 0.0970369 0.0107971 0.0000000 0.1399572 0.0852899 0.0914951 0.0369651 0.1280642 0.0907234 0.1329871 0.1173890 0.0911663 0.1040830 0.1451093 0.1377804 0.1282834 0.1334068 0.0454689 0.1172034 0.1438205 0.1562568 0.1410298 0.0792026 0.1160821 0.1127077 0.0449325 0.0646126 0.1240326 0.1118076 0.0918985 0.1414226 0.1400038 0.2039880 0.2039880 0.0995708 
Dasyuridae_Dasyurus_maculatus                0.0972765 0.1183284 0.1014612 0.1309420 0.1399572 0.0000000 0.1025560 0.1134658 0.1242819 0.1305152 0.1113344 0.0315914 0.0368501 0.1096533 0.1200251 0.0308589 0.0109821 0.0367793 0.1318319 0.1164800 0.1314646 0.1359583 0.1472972 0.0306933 0.1224469 0.1120326 0.1226837 0.1199682 0.0717847 0.1284993 0.1198659 0.1118779 0.0122538 0.1366513 0.0303266 0.0303266 0.0811228 
Phalangeridae_Trichosurus_vulpecula          0.0474221 0.0785507 0.0594020 0.0777789 0.0852899 0.1025560 0.0000000 0.0200097 0.0703924 0.0992781 0.0237061 0.0944303 0.0891436 0.0203456 0.0671964 0.1054622 0.0995996 0.0940173 0.1055871 0.0706126 0.0895405 0.1102109 0.1193133 0.1001361 0.0637448 0.0817110 0.0718433 0.0688980 0.0455126 0.0889619 0.0680376 0.0206827 0.1033237 0.1103198 0.1419322 0.1419322 0.0760612 
Phalangeridae_Spilocuscus_maculatus          0.0527661 0.0870256 0.0627234 0.0843308 0.0914951 0.1134658 0.0200097 0.0000000 0.0780113 0.1045284 0.0146261 0.1018401 0.1020714 0.0107762 0.0727309 0.1158938 0.1109150 0.1080732 0.1145597 0.0744461 0.1012591 0.1145619 0.1245599 0.1110368 0.0749552 0.0856975 0.0824165 0.0735428 0.0583614 0.0968358 0.0735800 0.0112401 0.1154381 0.1172818 0.1859403 0.1859403 0.0802666 
Potoroidae_Aepyprymnus_rufescens             0.0715265 0.1085230 0.0843221 0.0287070 0.0369651 0.1242819 0.0703924 0.0780113 0.0000000 0.1249212 0.0760228 0.1182574 0.1082181 0.0745481 0.0894737 0.1275439 0.1217338 0.1163298 0.1246414 0.0422805 0.1079939 0.1364524 0.1457077 0.1262684 0.0633161 0.1031391 0.0997566 0.0407372 0.0587826 0.1098710 0.0954512 0.0752018 0.1268696 0.1323221 0.1501274 0.1501274 0.0864450 
Peramelidae_Perameles_nasuta                 0.0976599 0.1111909 0.1078401 0.1225136 0.1280642 0.1305152 0.0992781 0.1045284 0.1249212 0.0000000 0.1044453 0.1291873 0.0903647 0.1026416 0.1217792 0.1300019 0.1255715 0.1173962 0.0213804 0.1179091 0.1325802 0.1425427 0.1352958 0.1246388 0.1250306 0.1213025 0.1154300 0.1206889 0.0728454 0.1322286 0.1197996 0.1041909 0.1263216 0.0000010 9.0000000 9.0000000 0.0136240 
Phalangeridae_Strigocuscus_pelengensis       0.0542125 0.0878767 0.0667994 0.0836310 0.0907234 0.1113344 0.0237061 0.0146261 0.0760228 0.1044453 0.0000000 0.1020059 0.0966537 0.0127825 0.0782714 0.1140133 0.1082807 0.1087873 0.1107587 0.0768069 0.1004990 0.1197013 0.1284541 0.1097504 0.0718001 0.0899484 0.0823652 0.0750252 0.0607523 0.0964995 0.0782576 0.0122917 0.1120421 0.1161792 0.1644310 0.1644310 0.0808425 
Dasyuridae_Phascogale_tapoatafa              0.0949715 0.1125909 0.0998776 0.1239416 0.1329871 0.0315914 0.0944303 0.1018401 0.1182574 0.1291873 0.1020059 0.0000000 0.0362725 0.1011455 0.1176875 0.0065524 0.0283040 0.0349209 0.1270702 0.1079245 0.1312462 0.1431881 0.1413331 0.0202727 0.1211779 0.1040641 0.1173363 0.1097598 0.0734987 0.1214029 0.1178567 0.1029824 0.0306924 0.1307691 9.0000000 9.0000000 0.0670483 
Dasyuridae_Sminthopsis_macroura              0.0863531 0.1055452 0.0859132 0.1129764 0.1173890 0.0368501 0.0891436 0.1020714 0.1082181 0.0903647 0.0966537 0.0362725 0.0000000 0.0933791 0.0942041 0.0384238 0.0316526 0.0167397 0.1035841 0.1014360 0.0945482 0.0998472 0.1260358 0.0365927 0.1087242 0.1039202 0.0991149 0.1069270 0.0774018 0.1064317 0.0877455 0.0961449 0.0377492 0.1037134 0.0406446 0.0406446 0.0836553 
Phalangeridae_Phalanger_orientalis           0.0521175 0.0856922 0.0619600 0.0835970 0.0911663 0.1096533 0.0203456 0.0107762 0.0745481 0.1026416 0.0127825 0.1011455 0.0933791 0.0000000 0.0724617 0.1139250 0.1077671 0.1041789 0.1105253 0.0749414 0.0952100 0.1150329 0.1249146 0.1081998 0.0698280 0.0859382 0.0797967 0.0745411 0.0513308 0.0919176 0.0727488 0.0028909 0.1108916 0.1148021 0.1575977 0.1575977 0.0791121 
Acrobatidae_Acrobates_pygmaeus               0.0691629 0.1025170 0.0717562 0.0971856 0.1040830 0.1200251 0.0671964 0.0727309 0.0894737 0.1217792 0.0782714 0.1176875 0.0942041 0.0724617 0.0000000 0.1244993 0.1157367 0.1059075 0.1214143 0.0862979 0.0860717 0.1266905 0.1375178 0.1186592 0.0860209 0.1013819 0.0759198 0.0861356 0.0485304 0.0826449 0.0448838 0.0731291 0.1208647 0.1232645 0.0971343 0.0971343 0.0788342 
Dasyuridae_Phascogale_calura                 0.1038619 0.1250818 0.1061331 0.1363189 0.1451093 0.0308589 0.1054622 0.1158938 0.1275439 0.1300019 0.1140133 0.0065524 0.0384238 0.1139250 0.1244993 0.0000000 0.0276798 0.0329427 0.1363531 0.1196083 0.1408996 0.1410791 0.1557097 0.0193922 0.1305382 0.1172741 0.1262837 0.1219611 0.0752609 0.1336243 0.1256677 0.1156794 0.0313910 0.1407980 0.0455963 0.0455963 0.0783669 
Dasyuridae_Sarcophilus_harrisii              0.0943351 0.1174142 0.1006581 0.1280829 0.1377804 0.0109821 0.0995996 0.1109150 0.1217338 0.1255715 0.1082807 0.0283040 0.0316526 0.1077671 0.1157367 0.0276798 0.0000000 0.0369145 0.1284175 0.1145135 0.1289591 0.1356731 0.1480022 0.0280105 0.1203579 0.1097050 0.1195807 0.1180316 0.0677783 0.1296027 0.1156822 0.1088770 0.0127119 0.1331932 0.0303266 0.0303266 0.0799364 
Dasyuridae_Planigale_tenuirostris            0.0934233 0.1120270 0.0965754 0.1275284 0.1282834 0.0367793 0.0940173 0.1080732 0.1163298 0.1173962 0.1087873 0.0349209 0.0167397 0.1041789 0.1059075 0.0329427 0.0369145 0.0000000 0.1273663 0.1101562 0.1159922 0.1306555 0.1432779 0.0321524 0.1208544 0.1110258 0.1169194 0.1127426 0.0687252 0.1194010 0.1010527 0.1056071 0.0375007 0.1280523 0.0491503 0.0491503 0.0760476 
Peramelidae_Echymipera_kalubu                0.1044446 0.1197075 0.1039834 0.1274315 0.1334068 0.1318319 0.1055871 0.1145597 0.1246414 0.0213804 0.1107587 0.1270702 0.1035841 0.1105253 0.1214143 0.1363531 0.1284175 0.1273663 0.0000000 0.1267397 0.1370985 0.1406419 0.1488949 0.1276599 0.1234811 0.1257936 0.1193179 0.1263317 0.0732963 0.1348636 0.1201853 0.1110848 0.1321469 0.0233670 0.1349433 0.1349433 0.0168711 
Macropodidae_Dorcopsulus_vanheurni           0.0701549 0.1105192 0.0834954 0.0383767 0.0454689 0.1164800 0.0706126 0.0744461 0.0422805 0.1179091 0.0768069 0.1079245 0.1014360 0.0749414 0.0862979 0.1196083 0.1145135 0.1101562 0.1267397 0.0000000 0.1090373 0.1256933 0.1366273 0.1172753 0.0646028 0.0986367 0.0972607 0.0117417 0.0537889 0.1057472 0.0940375 0.0769596 0.1207402 0.1307946 0.2111012 0.2111012 0.0987379 
Pseudochiridae_Pseudochirulus_forbesi        0.0827567 0.1167399 0.0887944 0.1121113 0.1172034 0.1314646 0.0895405 0.1012591 0.1079939 0.1325802 0.1004990 0.1312462 0.0945482 0.0952100 0.0860717 0.1408996 0.1289591 0.1159922 0.1370985 0.1090373 0.0000000 0.1467792 0.1572216 0.1337666 0.1033831 0.1163499 0.0631006 0.1053191 0.0151243 0.0838806 0.0852300 0.0958120 0.1331159 0.1428193 0.1102630 0.1102630 0.0886302 
Didelphidae_Didelphis_virginiana             0.1064877 0.1224998 0.1172380 0.1345782 0.1438205 0.1359583 0.1102109 0.1145619 0.1364524 0.1425427 0.1197013 0.1431881 0.0998472 0.1150329 0.1266905 0.1410791 0.1356731 0.1306555 0.1406419 0.1256933 0.1467792 0.0000000 0.0419863 0.1375068 0.1341835 0.1236930 0.1357468 0.1275513 0.0898481 0.1434237 0.1298666 0.1174503 0.1383816 0.1431610 9.0000000 9.0000000 0.0657142 
Marmosidae_Monodelphis_domestica             0.1149328 0.1366069 0.1208360 0.1487451 0.1562568 0.1472972 0.1193133 0.1245599 0.1457077 0.1352958 0.1284541 0.1413331 0.1260358 0.1249146 0.1375178 0.1557097 0.1480022 0.1432779 0.1488949 0.1366273 0.1572216 0.0419863 0.0000000 0.1501469 0.1402817 0.1368867 0.1462922 0.1366694 0.0894105 0.1506790 0.1431976 0.1267448 0.1505275 0.1508803 0.2035224 0.2035224 0.0922175 
Dasyuridae_Antechinus_stuartii               0.0980034 0.1178032 0.1008514 0.1324207 0.1410298 0.0306933 0.1001361 0.1110368 0.1262684 0.1246388 0.1097504 0.0202727 0.0365927 0.1081998 0.1186592 0.0193922 0.0280105 0.0321524 0.1276599 0.1172753 0.1337666 0.1375068 0.1501469 0.0000000 0.1242983 0.1132005 0.1201833 0.1203205 0.0756130 0.1278171 0.1190929 0.1094679 0.0302964 0.1319870 0.0463767 0.0463767 0.0829320 
Hypsiprymnodontidae_Hypsiprymnodon_moschatus 0.0668982 0.0968212 0.0763681 0.0716936 0.0792026 0.1224469 0.0637448 0.0749552 0.0633161 0.1250306 0.0718001 0.1211779 0.1087242 0.0698280 0.0860209 0.1305382 0.1203579 0.1208544 0.1234811 0.0646028 0.1033831 0.1341835 0.1402817 0.1242983 0.0000000 0.0994292 0.0958979 0.0629221 0.0644247 0.1034501 0.0905570 0.0710042 0.1249711 0.1314446 0.1470906 0.1470906 0.0954372 
Microbiotheriidae_Dromiciops_gliroides       0.0796532 0.1069499 0.0839363 0.1081544 0.1160821 0.1120326 0.0817110 0.0856975 0.1031391 0.1213025 0.0899484 0.1040641 0.1039202 0.0859382 0.1013819 0.1172741 0.1097050 0.1110258 0.1257936 0.0986367 0.1163499 0.1236930 0.1368867 0.1132005 0.0994292 0.0000000 0.0992484 0.0981242 0.0669854 0.1168477 0.0993999 0.0870105 0.1130597 0.1303271 0.1852953 0.1852953 0.0950629 
Pseudochiridae_Petauroides_volans            0.0738846 0.1068425 0.0694720 0.1062760 0.1127077 0.1226837 0.0718433 0.0824165 0.0997566 0.1154300 0.0823652 0.1173363 0.0991149 0.0797967 0.0759198 0.1262837 0.1195807 0.1169194 0.1193179 0.0972607 0.0631006 0.1357468 0.1462922 0.1201833 0.0958979 0.0992484 0.0000000 0.0947948 0.0203780 0.0800566 0.0765417 0.0804399 0.1229538 0.1253774 0.1386186 0.1386186 0.0855789 
Macropodidae_Wallabia_bicolor                0.0699538 0.1085187 0.0827190 0.0378134 0.0449325 0.1199682 0.0688980 0.0735428 0.0407372 0.1206889 0.0750252 0.1097598 0.1069270 0.0745411 0.0861356 0.1219611 0.1180316 0.1127426 0.1263317 0.0117417 0.1053191 0.1275513 0.1366694 0.1203205 0.0629221 0.0981242 0.0947948 0.0000000 0.0589163 0.1036721 0.0916263 0.0751947 0.1230884 0.1321172 0.1905549 0.1905549 0.0979380 
Pseudochiridae_Pseudocheirus_occidentalis    0.0579202 0.0685945 0.0492089 0.0636750 0.0646126 0.0717847 0.0455126 0.0583614 0.0587826 0.0728454 0.0607523 0.0734987 0.0774018 0.0513308 0.0485304 0.0752609 0.0677783 0.0687252 0.0732963 0.0537889 0.0151243 0.0898481 0.0894105 0.0756130 0.0644247 0.0669854 0.0203780 0.0589163 0.0000000 0.0405482 0.0490506 0.0537041 0.0720784 0.0727260 9.0000000 9.0000000 0.0661072 
Tarsipedidae_Tarsipes_rostratus              0.0847513 0.1128004 0.0857666 0.1159892 0.1240326 0.1284993 0.0889619 0.0968358 0.1098710 0.1322286 0.0964995 0.1214029 0.1064317 0.0919176 0.0826449 0.1336243 0.1296027 0.1194010 0.1348636 0.1057472 0.0838806 0.1434237 0.1506790 0.1278171 0.1034501 0.1168477 0.0800566 0.1036721 0.0405482 0.0000000 0.0833176 0.0925291 0.1301415 0.1401809 0.1433529 0.1433529 0.0940128 
Acrobatidae_Distoechurus_pennatus            0.0682101 0.0992970 0.0759136 0.1048010 0.1118076 0.1198659 0.0680376 0.0735800 0.0954512 0.1197996 0.0782576 0.1178567 0.0877455 0.0727488 0.0448838 0.1256677 0.1156822 0.1010527 0.1201853 0.0940375 0.0852300 0.1298666 0.1431976 0.1190929 0.0905570 0.0993999 0.0765417 0.0916263 0.0490506 0.0833176 0.0000000 0.0729033 0.1191324 0.1239323 0.1124392 0.1124392 0.0851555 
Phalangeridae_Phalanger_carmelitae           0.0532988 0.0869507 0.0631639 0.0842237 0.0918985 0.1118779 0.0206827 0.0112401 0.0752018 0.1041909 0.0122917 0.1029824 0.0961449 0.0028909 0.0731291 0.1156794 0.1088770 0.1056071 0.1110848 0.0769596 0.0958120 0.1174503 0.1267448 0.1094679 0.0710042 0.0870105 0.0804399 0.0751947 0.0537041 0.0925291 0.0729033 0.0000000 0.1119928 0.1164351 0.1575977 0.1575977 0.0804357 
Dasyuridae_Dasyurus_geffroii                 0.0991175 0.1206533 0.1033431 0.1335232 0.1414226 0.0122538 0.1033237 0.1154381 0.1268696 0.1263216 0.1120421 0.0306924 0.0377492 0.1108916 0.1208647 0.0313910 0.0127119 0.0375007 0.1321469 0.1207402 0.1331159 0.1383816 0.1505275 0.0302964 0.1249711 0.1130597 0.1229538 0.1230884 0.0720784 0.1301415 0.1191324 0.1119928 0.0000000 0.1357973 0.0409268 0.0409268 0.0806719 
Peramelidae_Perameles_gunnii                 0.1052355 0.1211043 0.1109118 0.1350623 0.1400038 0.1366513 0.1103198 0.1172818 0.1323221 0.0000010 0.1161792 0.1307691 0.1037134 0.1148021 0.1232645 0.1407980 0.1331932 0.1280523 0.0233670 0.1307946 0.1428193 0.1431610 0.1508803 0.1319870 0.1314446 0.1303271 0.1253774 0.1321172 0.0727260 0.1401809 0.1239323 0.1164351 0.1357973 0.0000000 0.1486527 0.1486527 0.0151121 
Myrmecobiidae_Myrmecobius_fasciatus1         0.1227095 0.1317000 0.0929483 0.1899417 0.2039880 0.0303266 0.1419322 0.1859403 0.1501274 9.0000000 0.1644310 9.0000000 0.0406446 0.1575977 0.0971343 0.0455963 0.0303266 0.0491503 0.1349433 0.2111012 0.1102630 9.0000000 0.2035224 0.0463767 0.1470906 0.1852953 0.1386186 0.1905549 9.0000000 0.1433529 0.1124392 0.1575977 0.0409268 0.1486527 0.0000000 0.0000010 0.1395550 
Myrmecobiidae_Myrmecobius_fasciatus2         0.1227095 0.1317000 0.0929483 0.1899417 0.2039880 0.0303266 0.1419322 0.1859403 0.1501274 9.0000000 0.1644310 9.0000000 0.0406446 0.1575977 0.0971343 0.0455963 0.0303266 0.0491503 0.1349433 0.2111012 0.1102630 9.0000000 0.2035224 0.0463767 0.1470906 0.1852953 0.1386186 0.1905549 9.0000000 0.1433529 0.1124392 0.1575977 0.0409268 0.1486527 0.0000010 0.0000000 0.1395550 
Peramelidae_Peroryctes_raffrayana            0.0783564 0.0806506 0.0709467 0.0996771 0.0995708 0.0811228 0.0760612 0.0802666 0.0864450 0.0136240 0.0808425 0.0670483 0.0836553 0.0791121 0.0788342 0.0783669 0.0799364 0.0760476 0.0168711 0.0987379 0.0886302 0.0657142 0.0922175 0.0829320 0.0954372 0.0950629 0.0855789 0.0979380 0.0661072 0.0940128 0.0851555 0.0804357 0.0806719 0.0151121 0.1395550 0.1395550 0.0000000 
