35
Burramyidae_Burramys_parvus                  0.0000000 0.0784597 0.0582982 0.0511581 0.0525631 0.0795371 0.0452384 0.0465767 0.0534298 0.0742293 0.0485134 0.0795059 0.0857887 0.0453810 0.0482037 0.0792854 0.0767298 0.0757459 0.0875471 0.0695270 0.0493980 0.0820006 0.0903980 0.0800720 0.0517668 0.0674625 0.0514365 0.0659788 0.0478495 0.0729907 0.0534827 0.0443250 0.0720702 0.0785443 0.0729997 
Notoryctidae_Notoryctes_typhlops             0.0784597 0.0000000 0.0763596 0.0813422 0.0815586 0.0914680 0.0774684 0.0815365 0.0769304 0.0903603 0.0827860 0.0915688 0.0981383 0.0791493 0.0770119 0.0907959 0.0908176 0.0862478 0.0998740 0.0933003 0.0812924 0.0938991 0.1041757 0.0922920 0.0805377 0.0843811 0.0788758 0.0907654 0.0788486 0.0957084 0.0815186 0.0786509 0.0859960 0.0894799 0.0897152 
Vombatidae_Lasiorhinus_latifrons             0.0582982 0.0763596 0.0000000 0.0598486 0.0613250 0.0826874 0.0561499 0.0575518 0.0586413 0.0790422 0.0574073 0.0839685 0.0926121 0.0567283 0.0557275 0.0845583 0.0824146 0.0778744 0.0948397 0.0740589 0.0574552 0.0818427 0.0920262 0.0808713 0.0600780 0.0751461 0.0573704 0.0730832 0.0562312 0.0746666 0.0614318 0.0551152 0.0764892 0.0816157 0.0781647 
Potoroidae_Bettongia_penicillata             0.0511581 0.0813422 0.0598486 0.0000000 0.0070972 0.0832419 0.0511955 0.0542162 0.0117529 0.0825661 0.0528086 0.0819896 0.0894732 0.0534045 0.0507884 0.0825818 0.0812969 0.0761785 0.0978783 0.0321795 0.0474353 0.0807679 0.0882658 0.0833984 0.0316931 0.0747977 0.0510009 0.0311082 0.0483634 0.0721711 0.0587765 0.0518203 0.0785869 0.0814073 0.0807344 
Potoroidae_Bettongia_lesueur                 0.0525631 0.0815586 0.0613250 0.0070972 0.0000000 0.0848960 0.0539040 0.0561114 0.0137305 0.0858939 0.0548063 0.0823852 0.0903398 0.0552950 0.0503778 0.0829767 0.0836665 0.0761331 0.0994837 0.0342698 0.0496294 0.0845240 0.0930191 0.0833231 0.0330454 0.0794551 0.0532295 0.0325354 0.0486596 0.0748095 0.0591443 0.0536862 0.0789407 0.0830515 0.0839740 
Dasyuridae_Dasyurus_maculatus                0.0795371 0.0914680 0.0826874 0.0832419 0.0848960 0.0000000 0.0786128 0.0813599 0.0841030 0.0893345 0.0802893 0.0226736 0.0334600 0.0772994 0.0741532 0.0236789 0.0097488 0.0259033 0.1058282 0.1004474 0.0750816 0.0965692 0.1045129 0.0236917 0.0810766 0.0865983 0.0801755 0.0981359 0.0747954 0.0970413 0.0831580 0.0759903 0.0900943 0.0051605 0.0901815 
Phalangeridae_Trichosurus_vulpecula          0.0452384 0.0774684 0.0561499 0.0511955 0.0539040 0.0786128 0.0000000 0.0253426 0.0511572 0.0754694 0.0268917 0.0785836 0.0881104 0.0235503 0.0519547 0.0791815 0.0779050 0.0722170 0.0888585 0.0667457 0.0470931 0.0825897 0.0902088 0.0785730 0.0519944 0.0707199 0.0475553 0.0647985 0.0481616 0.0690501 0.0583511 0.0220347 0.0733414 0.0776199 0.0758393 
Phalangeridae_Spilocuscus_maculatus          0.0465767 0.0815365 0.0575518 0.0542162 0.0561114 0.0813599 0.0253426 0.0000000 0.0529481 0.0791784 0.0123324 0.0825339 0.0913632 0.0098010 0.0532785 0.0827143 0.0802024 0.0746301 0.0940417 0.0690208 0.0491823 0.0838447 0.0928764 0.0814330 0.0541786 0.0713954 0.0488485 0.0645462 0.0494544 0.0729942 0.0594624 0.0138494 0.0768979 0.0795298 0.0795115 
Potoroidae_Aepyprymnus_rufescens             0.0534298 0.0769304 0.0586413 0.0117529 0.0137305 0.0841030 0.0511572 0.0529481 0.0000000 0.0838413 0.0515366 0.0832087 0.0912140 0.0517358 0.0492028 0.0846241 0.0821190 0.0771633 0.0973711 0.0328171 0.0461899 0.0823985 0.0903814 0.0837127 0.0330827 0.0747769 0.0517289 0.0321928 0.0459817 0.0720834 0.0571338 0.0505771 0.0789756 0.0822619 0.0823678 
Peramelidae_Perameles_nasuta                 0.0742293 0.0903603 0.0790422 0.0825661 0.0858939 0.0893345 0.0754694 0.0791784 0.0838413 0.0000000 0.0751690 0.0917946 0.0968787 0.0777761 0.0804985 0.0917001 0.0877527 0.0850779 0.0371174 0.1016679 0.0755706 0.0948976 0.1006575 0.0916590 0.0811650 0.0830995 0.0812571 0.0993294 0.0760498 0.1004509 0.0863661 0.0748308 0.0197269 0.0874364 0.0022744 
Phalangeridae_Strigocuscus_pelengensis       0.0485134 0.0827860 0.0574073 0.0528086 0.0548063 0.0802893 0.0268917 0.0123324 0.0515366 0.0751690 0.0000000 0.0811960 0.0879120 0.0126816 0.0523907 0.0809574 0.0782914 0.0760499 0.0911113 0.0695217 0.0479976 0.0825363 0.0902867 0.0814175 0.0532398 0.0700689 0.0494414 0.0652905 0.0490897 0.0726367 0.0595920 0.0159118 0.0738880 0.0783621 0.0748037 
Dasyuridae_Phascogale_tapoatafa              0.0795059 0.0915688 0.0839685 0.0819896 0.0823852 0.0226736 0.0785836 0.0825339 0.0832087 0.0917946 0.0811960 0.0000000 0.0356920 0.0788783 0.0732138 0.0051440 0.0233207 0.0271911 0.1078665 0.1008350 0.0755364 0.0977372 0.1056365 0.0152345 0.0819773 0.0840194 0.0794843 0.0987005 0.0735785 0.0979948 0.0835918 0.0776384 0.0911945 0.0223019 0.0921522 
Dasyuridae_Sminthopsis_macroura              0.0857887 0.0981383 0.0926121 0.0894732 0.0903398 0.0334600 0.0881104 0.0913632 0.0912140 0.0968787 0.0879120 0.0356920 0.0000000 0.0875285 0.0808594 0.0359783 0.0338315 0.0327366 0.1132009 0.1098816 0.0799990 0.1047442 0.1132149 0.0367739 0.0888731 0.0925209 0.0865116 0.1074900 0.0811173 0.1082018 0.0907495 0.0874228 0.0972047 0.0338138 0.0962981 
Phalangeridae_Phalanger_orientalis           0.0453810 0.0791493 0.0567283 0.0534045 0.0552950 0.0772994 0.0235503 0.0098010 0.0517358 0.0777761 0.0126816 0.0788783 0.0875285 0.0000000 0.0497427 0.0790679 0.0757213 0.0727959 0.0911684 0.0669537 0.0476022 0.0828560 0.0914284 0.0788407 0.0537531 0.0705956 0.0476471 0.0641721 0.0474804 0.0718457 0.0582448 0.0068323 0.0747207 0.0763081 0.0777072 
Acrobatidae_Acrobates_pygmaeus               0.0482037 0.0770119 0.0557275 0.0507884 0.0503778 0.0741532 0.0519547 0.0532785 0.0492028 0.0804985 0.0523907 0.0732138 0.0808594 0.0497427 0.0000000 0.0738251 0.0716216 0.0679254 0.0910770 0.0664785 0.0439184 0.0800350 0.0855700 0.0751870 0.0495529 0.0716232 0.0442568 0.0613818 0.0415071 0.0620334 0.0303448 0.0494939 0.0753627 0.0727448 0.0775927 
Dasyuridae_Phascogale_calura                 0.0792854 0.0907959 0.0845583 0.0825818 0.0829767 0.0236789 0.0791815 0.0827143 0.0846241 0.0917001 0.0809574 0.0051440 0.0359783 0.0790679 0.0738251 0.0000000 0.0236342 0.0271310 0.1072850 0.1009418 0.0769468 0.0983427 0.1031068 0.0162478 0.0818524 0.0836814 0.0801240 0.0975243 0.0750348 0.0967522 0.0837690 0.0774239 0.0911387 0.0226160 0.0920583 
Dasyuridae_Sarcophilus_harrisii              0.0767298 0.0908176 0.0824146 0.0812969 0.0836665 0.0097488 0.0779050 0.0802024 0.0821190 0.0877527 0.0782914 0.0233207 0.0338315 0.0757213 0.0716216 0.0236342 0.0000000 0.0274870 0.1042107 0.0993229 0.0727159 0.0948667 0.1018298 0.0232905 0.0782632 0.0846850 0.0790817 0.0975768 0.0736417 0.0943595 0.0827218 0.0748487 0.0885525 0.0090888 0.0886139 
Dasyuridae_Planigale_tenuirostris            0.0757459 0.0862478 0.0778744 0.0761785 0.0761331 0.0259033 0.0722170 0.0746301 0.0771633 0.0850779 0.0760499 0.0271911 0.0327366 0.0727959 0.0679254 0.0271310 0.0274870 0.0000000 0.0956985 0.0943827 0.0682348 0.0936459 0.1005540 0.0270792 0.0760917 0.0814621 0.0747218 0.0904179 0.0676535 0.0955990 0.0752306 0.0724804 0.0834594 0.0259002 0.0841919 
Peramelidae_Echymipera_kalubu                0.0875471 0.0998740 0.0948397 0.0978783 0.0994837 0.1058282 0.0888585 0.0940417 0.0973711 0.0371174 0.0911113 0.1078665 0.1132009 0.0911684 0.0910770 0.1072850 0.1042107 0.0956985 0.0000000 0.1151097 0.0914935 0.1051364 0.1154328 0.1078984 0.0932306 0.0963501 0.0941333 0.1091597 0.0873757 0.1109809 0.0996274 0.0884754 0.0297647 0.1033413 0.0366856 
Macropodidae_Dorcopsulus_vanheurni           0.0695270 0.0933003 0.0740589 0.0321795 0.0342698 0.1004474 0.0667457 0.0690208 0.0328171 0.1016679 0.0695217 0.1008350 0.1098816 0.0669537 0.0664785 0.1009418 0.0993229 0.0943827 0.1151097 0.0000000 0.0646316 0.0940506 0.1030051 0.1002396 0.0444226 0.0934189 0.0654656 0.0128598 0.0658807 0.0915352 0.0738364 0.0651626 0.0966879 0.0994127 0.1003681 
Pseudochiridae_Pseudochirulus_forbesi        0.0493980 0.0812924 0.0574552 0.0474353 0.0496294 0.0750816 0.0470931 0.0491823 0.0461899 0.0755706 0.0479976 0.0755364 0.0799990 0.0476022 0.0439184 0.0769468 0.0727159 0.0682348 0.0914935 0.0646316 0.0000000 0.0782896 0.0871062 0.0754831 0.0489799 0.0721171 0.0254575 0.0625990 0.0146226 0.0596032 0.0502534 0.0453477 0.0751060 0.0724991 0.0759603 
Didelphidae_Didelphis_virginiana             0.0820006 0.0938991 0.0818427 0.0807679 0.0845240 0.0965692 0.0825897 0.0838447 0.0823985 0.0948976 0.0825363 0.0977372 0.1047442 0.0828560 0.0800350 0.0983427 0.0948667 0.0936459 0.1051364 0.0940506 0.0782896 0.0000000 0.0286524 0.0970381 0.0825389 0.0837758 0.0816249 0.0933918 0.0806697 0.0926131 0.0872047 0.0810341 0.0898733 0.0929392 0.0941432 
Marmosidae_Monodelphis_domestica             0.0903980 0.1041757 0.0920262 0.0882658 0.0930191 0.1045129 0.0902088 0.0928764 0.0903814 0.1006575 0.0902867 0.1056365 0.1132149 0.0914284 0.0855700 0.1031068 0.1018298 0.1005540 0.1154328 0.1030051 0.0871062 0.0286524 0.0000000 0.1038709 0.0884738 0.0905892 0.0894005 0.1000738 0.0876401 0.0971542 0.0917888 0.0885841 0.0957241 0.1012297 0.0998683 
Dasyuridae_Antechinus_stuartii               0.0800720 0.0922920 0.0808713 0.0833984 0.0833231 0.0236917 0.0785730 0.0814330 0.0837127 0.0916590 0.0814175 0.0152345 0.0367739 0.0788407 0.0751870 0.0162478 0.0232905 0.0270792 0.1078984 0.1002396 0.0754831 0.0970381 0.1038709 0.0000000 0.0815999 0.0861920 0.0820785 0.0989994 0.0748283 0.0956627 0.0833499 0.0771789 0.0918942 0.0229200 0.0920309 
Hypsiprymnodontidae_Hypsiprymnodon_moschatus 0.0517668 0.0805377 0.0600780 0.0316931 0.0330454 0.0810766 0.0519944 0.0541786 0.0330827 0.0811650 0.0532398 0.0819773 0.0888731 0.0537531 0.0495529 0.0818524 0.0782632 0.0760917 0.0932306 0.0444226 0.0489799 0.0825389 0.0884738 0.0815999 0.0000000 0.0742967 0.0500087 0.0430006 0.0488385 0.0721055 0.0575522 0.0517826 0.0775515 0.0792550 0.0805711 
Microbiotheriidae_Dromiciops_gliroides       0.0674625 0.0843811 0.0751461 0.0747977 0.0794551 0.0865983 0.0707199 0.0713954 0.0747769 0.0830995 0.0700689 0.0840194 0.0925209 0.0705956 0.0716232 0.0836814 0.0846850 0.0814621 0.0963501 0.0934189 0.0721171 0.0837758 0.0905892 0.0861920 0.0742967 0.0000000 0.0706454 0.0889531 0.0727739 0.0897160 0.0790067 0.0687245 0.0782558 0.0856265 0.0816006 
Pseudochiridae_Petauroides_volans            0.0514365 0.0788758 0.0573704 0.0510009 0.0532295 0.0801755 0.0475553 0.0488485 0.0517289 0.0812571 0.0494414 0.0794843 0.0865116 0.0476471 0.0442568 0.0801240 0.0790817 0.0747218 0.0941333 0.0654656 0.0254575 0.0816249 0.0894005 0.0820785 0.0500087 0.0706454 0.0000000 0.0615045 0.0250380 0.0559238 0.0480423 0.0449788 0.0768040 0.0800630 0.0812521 
Macropodidae_Wallabia_bicolor                0.0659788 0.0907654 0.0730832 0.0311082 0.0325354 0.0981359 0.0647985 0.0645462 0.0321928 0.0993294 0.0652905 0.0987005 0.1074900 0.0641721 0.0613818 0.0975243 0.0975768 0.0904179 0.1091597 0.0128598 0.0625990 0.0933918 0.1000738 0.0989994 0.0430006 0.0889531 0.0615045 0.0000000 0.0614528 0.0888584 0.0699883 0.0628193 0.0932749 0.0966271 0.0965996 
Pseudochiridae_Pseudocheirus_occidentalis    0.0478495 0.0788486 0.0562312 0.0483634 0.0486596 0.0747954 0.0481616 0.0494544 0.0459817 0.0760498 0.0490897 0.0735785 0.0811173 0.0474804 0.0415071 0.0750348 0.0736417 0.0676535 0.0873757 0.0658807 0.0146226 0.0806697 0.0876401 0.0748283 0.0488385 0.0727739 0.0250380 0.0614528 0.0000000 0.0604988 0.0481311 0.0459694 0.0731411 0.0742692 0.0757126 
Tarsipedidae_Tarsipes_rostratus              0.0729907 0.0957084 0.0746666 0.0721711 0.0748095 0.0970413 0.0690501 0.0729942 0.0720834 0.1004509 0.0726367 0.0979948 0.1082018 0.0718457 0.0620334 0.0967522 0.0943595 0.0955990 0.1109809 0.0915352 0.0596032 0.0926131 0.0971542 0.0956627 0.0721055 0.0897160 0.0559238 0.0888584 0.0604988 0.0000000 0.0700429 0.0676610 0.0954700 0.0944838 0.0990043 
Acrobatidae_Distoechurus_pennatus            0.0534827 0.0815186 0.0614318 0.0587765 0.0591443 0.0831580 0.0583511 0.0594624 0.0571338 0.0863661 0.0595920 0.0835918 0.0907495 0.0582448 0.0303448 0.0837690 0.0827218 0.0752306 0.0996274 0.0738364 0.0502534 0.0872047 0.0917888 0.0833499 0.0575522 0.0790067 0.0480423 0.0699883 0.0481311 0.0700429 0.0000000 0.0574379 0.0832974 0.0825745 0.0844031 
Phalangeridae_Phalanger_carmelitae           0.0443250 0.0786509 0.0551152 0.0518203 0.0536862 0.0759903 0.0220347 0.0138494 0.0505771 0.0748308 0.0159118 0.0776384 0.0874228 0.0068323 0.0494939 0.0774239 0.0748487 0.0724804 0.0884754 0.0651626 0.0453477 0.0810341 0.0885841 0.0771789 0.0517826 0.0687245 0.0449788 0.0628193 0.0459694 0.0676610 0.0574379 0.0000000 0.0718389 0.0750127 0.0752057 
Peramelidae_Peroryctes_raffrayana            0.0720702 0.0859960 0.0764892 0.0785869 0.0789407 0.0900943 0.0733414 0.0768979 0.0789756 0.0197269 0.0738880 0.0911945 0.0972047 0.0747207 0.0753627 0.0911387 0.0885525 0.0834594 0.0297647 0.0966879 0.0751060 0.0898733 0.0957241 0.0918942 0.0775515 0.0782558 0.0768040 0.0932749 0.0731411 0.0954700 0.0832974 0.0718389 0.0000000 0.0872997 0.0184735 
Dasyuridae_Dasyurus_geffroii                 0.0785443 0.0894799 0.0816157 0.0814073 0.0830515 0.0051605 0.0776199 0.0795298 0.0822619 0.0874364 0.0783621 0.0223019 0.0338138 0.0763081 0.0727448 0.0226160 0.0090888 0.0259002 0.1033413 0.0994127 0.0724991 0.0929392 0.1012297 0.0229200 0.0792550 0.0856265 0.0800630 0.0966271 0.0742692 0.0944838 0.0825745 0.0750127 0.0872997 0.0000000 0.0878355 
Peramelidae_Perameles_gunnii                 0.0729997 0.0897152 0.0781647 0.0807344 0.0839740 0.0901815 0.0758393 0.0795115 0.0823678 0.0022744 0.0748037 0.0921522 0.0962981 0.0777072 0.0775927 0.0920583 0.0886139 0.0841919 0.0366856 0.1003681 0.0759603 0.0941432 0.0998683 0.0920309 0.0805711 0.0816006 0.0812521 0.0965996 0.0757126 0.0990043 0.0844031 0.0752057 0.0184735 0.0878355 0.0000000 
