35
Burramyidae_Burramys_parvus                  0.0000000 0.0702482 0.0547213 0.0669261 0.0662132 0.0760668 0.0484692 0.0533431 0.0614968 0.0797150 0.0534786 0.0768287 0.0760015 0.0506408 0.0536354 0.0754618 0.0747262 0.0729292 0.0754658 0.0585021 0.0591017 0.0934219 0.1073984 0.0776736 0.0516589 0.0678738 0.0540796 0.0572827 0.0606698 0.0721870 0.0575780 0.0516602 0.0828305 0.0784371 0.0782699 
Notoryctidae_Notoryctes_typhlops             0.0702482 0.0000000 0.0719490 0.0809744 0.0802330 0.0845509 0.0668152 0.0728339 0.0756473 0.0860875 0.0742885 0.0840682 0.0839885 0.0707715 0.0715026 0.0845690 0.0825529 0.0794017 0.0801719 0.0742215 0.0778304 0.1014568 0.1176139 0.0880454 0.0731807 0.0738002 0.0750839 0.0757339 0.0812743 0.0949495 0.0755983 0.0717430 0.0899196 0.0865807 0.0843807 
Vombatidae_Lasiorhinus_latifrons             0.0547213 0.0719490 0.0000000 0.0657095 0.0650709 0.0805433 0.0526446 0.0555267 0.0609773 0.0781937 0.0565585 0.0797381 0.0794753 0.0547550 0.0530272 0.0779287 0.0771241 0.0763870 0.0735389 0.0587071 0.0646480 0.0939627 0.1022221 0.0788980 0.0584205 0.0695279 0.0578743 0.0584510 0.0675706 0.0716740 0.0603297 0.0560821 0.0818005 0.0811839 0.0770067 
Potoroidae_Bettongia_penicillata             0.0669261 0.0809744 0.0657095 0.0000000 0.0041229 0.0851739 0.0638768 0.0665020 0.0148712 0.0913071 0.0694477 0.0888891 0.0899968 0.0660747 0.0631021 0.0873009 0.0828005 0.0882935 0.0877206 0.0287516 0.0720862 0.1044861 0.1093047 0.0885194 0.0457807 0.0761703 0.0681568 0.0281858 0.0752685 0.0799260 0.0669598 0.0680118 0.0969786 0.0851581 0.0893284 
Potoroidae_Bettongia_lesueur                 0.0662132 0.0802330 0.0650709 0.0041229 0.0000000 0.0851065 0.0644782 0.0674389 0.0142618 0.0916554 0.0703979 0.0877726 0.0892480 0.0670097 0.0617151 0.0855194 0.0827351 0.0866051 0.0877302 0.0268862 0.0713612 0.1036569 0.1095758 0.0881111 0.0473420 0.0755095 0.0677791 0.0287856 0.0752279 0.0798627 0.0658850 0.0682900 0.0973663 0.0850907 0.0896647 
Dasyuridae_Dasyurus_maculatus                0.0760668 0.0845509 0.0805433 0.0851739 0.0851065 0.0000000 0.0709655 0.0752866 0.0815794 0.0888175 0.0770385 0.0203852 0.0295474 0.0732406 0.0769043 0.0197074 0.0079696 0.0259445 0.0812943 0.0788836 0.0818004 0.1070732 0.1139999 0.0212555 0.0754880 0.0794529 0.0783163 0.0793721 0.0859696 0.0956032 0.0815163 0.0750840 0.0959015 0.0073686 0.0871897 
Phalangeridae_Trichosurus_vulpecula          0.0484692 0.0668152 0.0526446 0.0638768 0.0644782 0.0709655 0.0000000 0.0265165 0.0604850 0.0767982 0.0249857 0.0706015 0.0738887 0.0218964 0.0496539 0.0698077 0.0687241 0.0679006 0.0748283 0.0566261 0.0578535 0.0893010 0.1044391 0.0706127 0.0528313 0.0673189 0.0543026 0.0554363 0.0607310 0.0749751 0.0554686 0.0214774 0.0800861 0.0720472 0.0769710 
Phalangeridae_Spilocuscus_maculatus          0.0533431 0.0728339 0.0555267 0.0665020 0.0674389 0.0752866 0.0265165 0.0000000 0.0634071 0.0786890 0.0238487 0.0768624 0.0777791 0.0183027 0.0524650 0.0759768 0.0743168 0.0721093 0.0755573 0.0611668 0.0607937 0.0916368 0.1071503 0.0775983 0.0547470 0.0725121 0.0571084 0.0596490 0.0642993 0.0747938 0.0577199 0.0194202 0.0815947 0.0776793 0.0770183 
Potoroidae_Aepyprymnus_rufescens             0.0614968 0.0756473 0.0609773 0.0148712 0.0142618 0.0815794 0.0604850 0.0634071 0.0000000 0.0907387 0.0658996 0.0842751 0.0857012 0.0616991 0.0616619 0.0833795 0.0792430 0.0829223 0.0865152 0.0256055 0.0693541 0.0996600 0.1067955 0.0847991 0.0444034 0.0711802 0.0653923 0.0259552 0.0714928 0.0787649 0.0655404 0.0629953 0.0948397 0.0815845 0.0887837 
Peramelidae_Perameles_nasuta                 0.0797150 0.0860875 0.0781937 0.0913071 0.0916554 0.0888175 0.0767982 0.0786890 0.0907387 0.0000000 0.0796840 0.0878925 0.0889113 0.0777114 0.0848031 0.0878254 0.0874055 0.0854456 0.0161940 0.0860328 0.0830681 0.1076740 0.1213186 0.0901128 0.0829716 0.0861287 0.0809490 0.0858388 0.0846719 0.0997928 0.0846136 0.0782732 0.0171925 0.0901925 0.0009039 
Phalangeridae_Strigocuscus_pelengensis       0.0534786 0.0742885 0.0565585 0.0694477 0.0703979 0.0770385 0.0249857 0.0238487 0.0658996 0.0796840 0.0000000 0.0775190 0.0804101 0.0163462 0.0533892 0.0774350 0.0760739 0.0760652 0.0771720 0.0636450 0.0619422 0.0955020 0.1086561 0.0779111 0.0566162 0.0723488 0.0577365 0.0617347 0.0665542 0.0807165 0.0587745 0.0160061 0.0832372 0.0801642 0.0788312 
Dasyuridae_Phascogale_tapoatafa              0.0768287 0.0840682 0.0797381 0.0888891 0.0877726 0.0203852 0.0706015 0.0768624 0.0842751 0.0878925 0.0775190 0.0000000 0.0293117 0.0741568 0.0794635 0.0058970 0.0216160 0.0256781 0.0804704 0.0828312 0.0829762 0.1034852 0.1169352 0.0132709 0.0751137 0.0797730 0.0791905 0.0836600 0.0875620 0.0966957 0.0820937 0.0746833 0.0950649 0.0231557 0.0866845 
Dasyuridae_Sminthopsis_macroura              0.0760015 0.0839885 0.0794753 0.0899968 0.0892480 0.0295474 0.0738887 0.0777791 0.0857012 0.0889113 0.0804101 0.0293117 0.0000000 0.0768036 0.0779019 0.0267873 0.0289200 0.0185181 0.0811782 0.0825193 0.0840235 0.1039971 0.1175469 0.0297095 0.0774218 0.0807540 0.0783799 0.0833490 0.0875990 0.0948023 0.0834294 0.0773570 0.0914928 0.0307810 0.0878196 
Phalangeridae_Phalanger_orientalis           0.0506408 0.0707715 0.0547550 0.0660747 0.0670097 0.0732406 0.0218964 0.0183027 0.0616991 0.0777114 0.0163462 0.0741568 0.0768036 0.0000000 0.0514113 0.0739185 0.0722534 0.0723959 0.0747094 0.0610626 0.0587134 0.0902451 0.1047459 0.0745346 0.0536537 0.0690425 0.0551710 0.0582084 0.0632774 0.0753538 0.0566141 0.0056090 0.0807697 0.0762639 0.0771819 
Acrobatidae_Acrobates_pygmaeus               0.0536354 0.0715026 0.0530272 0.0631021 0.0617151 0.0769043 0.0496539 0.0524650 0.0616619 0.0848031 0.0533892 0.0794635 0.0779019 0.0514113 0.0000000 0.0776722 0.0746638 0.0762569 0.0806428 0.0584548 0.0531062 0.0923791 0.1033122 0.0795501 0.0552121 0.0705765 0.0504800 0.0575843 0.0580631 0.0638148 0.0351719 0.0511378 0.0880417 0.0779172 0.0834374 
Dasyuridae_Phascogale_calura                 0.0754618 0.0845690 0.0779287 0.0873009 0.0855194 0.0197074 0.0698077 0.0759768 0.0833795 0.0878254 0.0774350 0.0058970 0.0267873 0.0739185 0.0776722 0.0000000 0.0197198 0.0238814 0.0800374 0.0802973 0.0817889 0.1025851 0.1138760 0.0111324 0.0748147 0.0811842 0.0779856 0.0814466 0.0863656 0.0956526 0.0808508 0.0744662 0.0940264 0.0212491 0.0865913 
Dasyuridae_Sarcophilus_harrisii              0.0747262 0.0825529 0.0771241 0.0828005 0.0827351 0.0079696 0.0687241 0.0743168 0.0792430 0.0874055 0.0760739 0.0216160 0.0289200 0.0722534 0.0746638 0.0197198 0.0000000 0.0252948 0.0796326 0.0765448 0.0807796 0.1045945 0.1122313 0.0206560 0.0738045 0.0784567 0.0757474 0.0770276 0.0846246 0.0928778 0.0778631 0.0741004 0.0938450 0.0094659 0.0855056 
Dasyuridae_Planigale_tenuirostris            0.0729292 0.0794017 0.0763870 0.0882935 0.0866051 0.0259445 0.0679006 0.0721093 0.0829223 0.0854456 0.0760652 0.0256781 0.0185181 0.0723959 0.0762569 0.0238814 0.0252948 0.0000000 0.0767155 0.0800433 0.0744019 0.1021846 0.1190464 0.0265907 0.0728662 0.0758460 0.0687046 0.0801768 0.0754481 0.0952677 0.0769711 0.0735126 0.0864652 0.0266850 0.0848500 
Peramelidae_Echymipera_kalubu                0.0754658 0.0801719 0.0735389 0.0877206 0.0877302 0.0812943 0.0748283 0.0755573 0.0865152 0.0161940 0.0771720 0.0804704 0.0811782 0.0747094 0.0806428 0.0800374 0.0796326 0.0767155 0.0000000 0.0827108 0.0817576 0.1019310 0.1160575 0.0830804 0.0797403 0.0810572 0.0799773 0.0821574 0.0849065 0.0976837 0.0799765 0.0759538 0.0167885 0.0833216 0.0159957 
Macropodidae_Dorcopsulus_vanheurni           0.0585021 0.0742215 0.0587071 0.0287516 0.0268862 0.0788836 0.0566261 0.0611668 0.0256055 0.0860328 0.0636450 0.0828312 0.0825193 0.0610626 0.0584548 0.0802973 0.0765448 0.0800433 0.0827108 0.0000000 0.0662136 0.0970338 0.1044673 0.0823281 0.0388369 0.0721459 0.0601869 0.0118862 0.0680000 0.0787773 0.0597270 0.0623507 0.0911579 0.0795509 0.0842656 
Pseudochiridae_Pseudochirulus_forbesi        0.0591017 0.0778304 0.0646480 0.0720862 0.0713612 0.0818004 0.0578535 0.0607937 0.0693541 0.0830681 0.0619422 0.0829762 0.0840235 0.0587134 0.0531062 0.0817889 0.0807796 0.0744019 0.0817576 0.0662136 0.0000000 0.0991067 0.1119140 0.0826217 0.0616391 0.0779743 0.0335050 0.0664305 0.0256274 0.0673618 0.0589800 0.0609781 0.0830653 0.0837980 0.0826671 
Didelphidae_Didelphis_virginiana             0.0934219 0.1014568 0.0939627 0.1044861 0.1036569 0.1070732 0.0893010 0.0916368 0.0996600 0.1076740 0.0955020 0.1034852 0.1039971 0.0902451 0.0923791 0.1025851 0.1045945 0.1021846 0.1019310 0.0970338 0.0991067 0.0000000 0.0604757 0.1057085 0.0938616 0.1018833 0.0945075 0.0964748 0.1001636 0.1085276 0.1020098 0.0926057 0.1122614 0.1074190 0.1058123 
Marmosidae_Monodelphis_domestica             0.1073984 0.1176139 0.1022221 0.1093047 0.1095758 0.1139999 0.1044391 0.1071503 0.1067955 0.1213186 0.1086561 0.1169352 0.1175469 0.1047459 0.1033122 0.1138760 0.1122313 0.1190464 0.1160575 0.1044673 0.1119140 0.0604757 0.0000000 0.1144183 0.1036296 0.1055942 0.1073957 0.1036044 0.1147615 0.1186732 0.1129802 0.1077508 0.1318499 0.1158052 0.1190450 
Dasyuridae_Antechinus_stuartii               0.0776736 0.0880454 0.0788980 0.0885194 0.0881111 0.0212555 0.0706127 0.0775983 0.0847991 0.0901128 0.0779111 0.0132709 0.0297095 0.0745346 0.0795501 0.0111324 0.0206560 0.0265907 0.0830804 0.0823281 0.0826217 0.1057085 0.1144183 0.0000000 0.0768588 0.0834861 0.0810457 0.0835511 0.0877947 0.0949488 0.0843619 0.0750873 0.0967834 0.0225308 0.0889701 
Hypsiprymnodontidae_Hypsiprymnodon_moschatus 0.0516589 0.0731807 0.0584205 0.0457807 0.0473420 0.0754880 0.0528313 0.0547470 0.0444034 0.0829716 0.0566162 0.0751137 0.0774218 0.0536537 0.0552121 0.0748147 0.0738045 0.0728662 0.0797403 0.0388369 0.0616391 0.0938616 0.1036296 0.0768588 0.0000000 0.0702670 0.0561118 0.0395632 0.0656570 0.0766511 0.0563670 0.0556217 0.0881305 0.0768229 0.0815777 
Microbiotheriidae_Dromiciops_gliroides       0.0678738 0.0738002 0.0695279 0.0761703 0.0755095 0.0794529 0.0673189 0.0725121 0.0711802 0.0861287 0.0723488 0.0797730 0.0807540 0.0690425 0.0705765 0.0811842 0.0784567 0.0758460 0.0810572 0.0721459 0.0779743 0.1018833 0.1055942 0.0834861 0.0702670 0.0000000 0.0742971 0.0692147 0.0779635 0.0887794 0.0762902 0.0699803 0.0898892 0.0815040 0.0856435 
Pseudochiridae_Petauroides_volans            0.0540796 0.0750839 0.0578743 0.0681568 0.0677791 0.0783163 0.0543026 0.0571084 0.0653923 0.0809490 0.0577365 0.0791905 0.0783799 0.0551710 0.0504800 0.0779856 0.0757474 0.0687046 0.0799773 0.0601869 0.0335050 0.0945075 0.1073957 0.0810457 0.0561118 0.0742971 0.0000000 0.0583246 0.0340573 0.0626977 0.0532318 0.0568036 0.0815248 0.0803185 0.0821871 
Macropodidae_Wallabia_bicolor                0.0572827 0.0757339 0.0584510 0.0281858 0.0287856 0.0793721 0.0554363 0.0596490 0.0259552 0.0858388 0.0617347 0.0836600 0.0833490 0.0582084 0.0575843 0.0814466 0.0770276 0.0801768 0.0821574 0.0118862 0.0664305 0.0964748 0.1036044 0.0835511 0.0395632 0.0692147 0.0583246 0.0000000 0.0677561 0.0766023 0.0589200 0.0592206 0.0905674 0.0800410 0.0834265 
Pseudochiridae_Pseudocheirus_occidentalis    0.0606698 0.0812743 0.0675706 0.0752685 0.0752279 0.0859696 0.0607310 0.0642993 0.0714928 0.0846719 0.0665542 0.0875620 0.0875990 0.0632774 0.0580631 0.0863656 0.0846246 0.0754481 0.0849065 0.0680000 0.0256274 0.1001636 0.1147615 0.0877947 0.0656570 0.0779635 0.0340573 0.0677561 0.0000000 0.0704786 0.0605910 0.0645932 0.0834558 0.0876370 0.0865378 
Tarsipedidae_Tarsipes_rostratus              0.0721870 0.0949495 0.0716740 0.0799260 0.0798627 0.0956032 0.0749751 0.0747938 0.0787649 0.0997928 0.0807165 0.0966957 0.0948023 0.0753538 0.0638148 0.0956526 0.0928778 0.0952677 0.0976837 0.0787773 0.0673618 0.1085276 0.1186732 0.0949488 0.0766511 0.0887794 0.0626977 0.0766023 0.0704786 0.0000000 0.0688649 0.0762575 0.1041621 0.0977069 0.0986383 
Acrobatidae_Distoechurus_pennatus            0.0575780 0.0755983 0.0603297 0.0669598 0.0658850 0.0815163 0.0554686 0.0577199 0.0655404 0.0846136 0.0587745 0.0820937 0.0834294 0.0566141 0.0351719 0.0808508 0.0778631 0.0769711 0.0799765 0.0597270 0.0589800 0.1020098 0.1129802 0.0843619 0.0563670 0.0762902 0.0532318 0.0589200 0.0605910 0.0688649 0.0000000 0.0559965 0.0869005 0.0828444 0.0828291 
Phalangeridae_Phalanger_carmelitae           0.0516602 0.0717430 0.0560821 0.0680118 0.0682900 0.0750840 0.0214774 0.0194202 0.0629953 0.0782732 0.0160061 0.0746833 0.0773570 0.0056090 0.0511378 0.0744662 0.0741004 0.0735126 0.0759538 0.0623507 0.0609781 0.0926057 0.1077508 0.0750873 0.0556217 0.0699803 0.0568036 0.0592206 0.0645932 0.0762575 0.0559965 0.0000000 0.0819191 0.0780974 0.0776876 
Peramelidae_Peroryctes_raffrayana            0.0828305 0.0899196 0.0818005 0.0969786 0.0973663 0.0959015 0.0800861 0.0815947 0.0948397 0.0171925 0.0832372 0.0950649 0.0914928 0.0807697 0.0880417 0.0940264 0.0938450 0.0864652 0.0167885 0.0911579 0.0830653 0.1122614 0.1318499 0.0967834 0.0881305 0.0898892 0.0815248 0.0905674 0.0834558 0.1041621 0.0869005 0.0819191 0.0000000 0.0974766 0.0168577 
Dasyuridae_Dasyurus_geffroii                 0.0784371 0.0865807 0.0811839 0.0851581 0.0850907 0.0073686 0.0720472 0.0776793 0.0815845 0.0901925 0.0801642 0.0231557 0.0307810 0.0762639 0.0779172 0.0212491 0.0094659 0.0266850 0.0833216 0.0795509 0.0837980 0.1074190 0.1158052 0.0225308 0.0768229 0.0815040 0.0803185 0.0800410 0.0876370 0.0977069 0.0828444 0.0780974 0.0974766 0.0000000 0.0888529 
Peramelidae_Perameles_gunnii                 0.0782699 0.0843807 0.0770067 0.0893284 0.0896647 0.0871897 0.0769710 0.0770183 0.0887837 0.0009039 0.0788312 0.0866845 0.0878196 0.0771819 0.0834374 0.0865913 0.0855056 0.0848500 0.0159957 0.0842656 0.0826671 0.1058123 0.1190450 0.0889701 0.0815777 0.0856435 0.0821871 0.0834265 0.0865378 0.0986383 0.0828291 0.0776876 0.0168577 0.0888529 0.0000000 
