35
Burramyidae_Burramys_parvus                  0.0000000 0.1158508 0.0653847 0.0715247 0.0726087 0.1057541 0.0692440 0.0775420 0.0716130 0.1084637 0.0754951 0.1089288 0.1034171 0.0717396 0.0709181 0.1085685 0.1030835 0.0973199 0.0999865 0.0735836 0.0790073 0.1398968 0.1280779 0.1030920 0.0645185 0.0884574 0.0666658 0.0702114 0.0609955 0.0801960 0.0765261 0.0747497 0.1141058 0.1066411 0.1067103 
Notoryctidae_Notoryctes_typhlops             0.1158508 0.0000000 0.1094107 0.1232208 0.1223831 0.1391387 0.1210080 0.1309678 0.1202055 0.1438206 0.1261980 0.1456574 0.1399746 0.1217296 0.1265518 0.1454508 0.1383979 0.1373279 0.1314814 0.1260404 0.1237721 0.1791377 0.1665979 0.1387700 0.1193757 0.1271919 0.1287867 0.1246499 0.1232861 0.1273139 0.1240719 0.1251327 0.1523728 0.1425494 0.1407510 
Vombatidae_Lasiorhinus_latifrons             0.0653847 0.1094107 0.0000000 0.0670160 0.0690471 0.1036050 0.0707599 0.0794180 0.0680056 0.1015985 0.0760471 0.1025184 0.1012230 0.0729899 0.0758928 0.1046350 0.1002168 0.0958622 0.0929133 0.0740758 0.0802878 0.1360418 0.1209556 0.0989111 0.0669834 0.0872564 0.0733685 0.0706850 0.0645284 0.0813151 0.0757075 0.0771600 0.1064171 0.1051119 0.1000195 
Potoroidae_Bettongia_penicillata             0.0715247 0.1232208 0.0670160 0.0000000 0.0066952 0.1098449 0.0758338 0.0855055 0.0122151 0.1090069 0.0817680 0.1120789 0.1081969 0.0754598 0.0773255 0.1149600 0.1076665 0.1025520 0.1002136 0.0267527 0.0823534 0.1441464 0.1280227 0.1070523 0.0492663 0.0929518 0.0692616 0.0251652 0.0594330 0.0848550 0.0829472 0.0805156 0.1141782 0.1104405 0.1084737 
Potoroidae_Bettongia_lesueur                 0.0726087 0.1223831 0.0690471 0.0066952 0.0000000 0.1095050 0.0779534 0.0879210 0.0142410 0.1093538 0.0842389 0.1127284 0.1102149 0.0782208 0.0789316 0.1155894 0.1072442 0.1035835 0.1002840 0.0293502 0.0859168 0.1452659 0.1299880 0.1069771 0.0519095 0.0929725 0.0697527 0.0289118 0.0621501 0.0870153 0.0851183 0.0829828 0.1137260 0.1100271 0.1081613 
Dasyuridae_Dasyurus_maculatus                0.1057541 0.1391387 0.1036050 0.1098449 0.1095050 0.0000000 0.1134888 0.1174974 0.1145260 0.1269187 0.1140097 0.0262136 0.0304180 0.1100712 0.1179704 0.0262038 0.0068215 0.0263351 0.1199345 0.1146379 0.1222051 0.1633925 0.1496277 0.0205357 0.1107184 0.1116822 0.1138939 0.1097875 0.1130509 0.1207224 0.1233776 0.1134953 0.1393273 0.0066230 0.1237098 
Phalangeridae_Trichosurus_vulpecula          0.0692440 0.1210080 0.0707599 0.0758338 0.0779534 0.1134888 0.0000000 0.0299250 0.0789196 0.1120307 0.0281796 0.1159365 0.1119661 0.0235339 0.0807762 0.1161454 0.1100315 0.1067510 0.1014070 0.0820432 0.0869996 0.1386564 0.1283482 0.1107082 0.0740970 0.0970702 0.0772209 0.0790184 0.0769393 0.0865343 0.0836255 0.0278907 0.1151411 0.1150864 0.1100324 
Phalangeridae_Spilocuscus_maculatus          0.0775420 0.1309678 0.0794180 0.0855055 0.0879210 0.1174974 0.0299250 0.0000000 0.0881296 0.1201120 0.0173325 0.1221516 0.1166384 0.0176619 0.0887758 0.1219456 0.1145828 0.1093661 0.1085981 0.0917238 0.0932707 0.1468871 0.1323226 0.1150673 0.0837446 0.1051174 0.0893807 0.0858241 0.0856117 0.0960580 0.0911810 0.0163970 0.1199595 0.1186723 0.1181349 
Potoroidae_Aepyprymnus_rufescens             0.0716130 0.1202055 0.0680056 0.0122151 0.0142410 0.1145260 0.0789196 0.0881296 0.0000000 0.1111437 0.0834858 0.1158385 0.1113795 0.0782424 0.0781087 0.1179882 0.1118861 0.1055531 0.1016514 0.0284237 0.0862678 0.1441012 0.1304953 0.1109240 0.0483750 0.0958811 0.0709474 0.0283311 0.0634986 0.0843690 0.0842438 0.0825943 0.1170343 0.1150613 0.1104585 
Peramelidae_Perameles_nasuta                 0.1084637 0.1438206 0.1015985 0.1090069 0.1093538 0.1269187 0.1120307 0.1201120 0.1111437 0.0000000 0.1180445 0.1283727 0.1219043 0.1119223 0.1124950 0.1281568 0.1239953 0.1161484 0.0189110 0.1174209 0.1225741 0.1631206 0.1490495 0.1233841 0.1071567 0.1181908 0.1094420 0.1134985 0.1059543 0.1201675 0.1170752 0.1164791 0.0279562 0.1282999 0.0024926 
Phalangeridae_Strigocuscus_pelengensis       0.0754951 0.1261980 0.0760471 0.0817680 0.0842389 0.1140097 0.0281796 0.0173325 0.0834858 0.1180445 0.0000000 0.1177073 0.1145196 0.0158434 0.0866288 0.1175517 0.1111200 0.1095596 0.1076412 0.0860382 0.0916604 0.1449886 0.1315676 0.1112083 0.0810903 0.1034964 0.0883655 0.0820536 0.0814489 0.0943507 0.0888516 0.0150720 0.1197887 0.1156291 0.1157369 
Dasyuridae_Phascogale_tapoatafa              0.1089288 0.1456574 0.1025184 0.1120789 0.1127284 0.0262136 0.1159365 0.1221516 0.1158385 0.1283727 0.1177073 0.0000000 0.0366006 0.1147222 0.1209272 0.0058974 0.0245480 0.0307821 0.1231836 0.1188261 0.1244584 0.1638984 0.1523083 0.0167858 0.1118957 0.1164202 0.1173224 0.1139353 0.1146370 0.1209854 0.1269126 0.1185627 0.1413065 0.0280611 0.1247125 
Dasyuridae_Sminthopsis_macroura              0.1034171 0.1399746 0.1012230 0.1081969 0.1102149 0.0304180 0.1119661 0.1166384 0.1113795 0.1219043 0.1145196 0.0366006 0.0000000 0.1099719 0.1167333 0.0367563 0.0287343 0.0217360 0.1158075 0.1131828 0.1205149 0.1596940 0.1455283 0.0283017 0.1080973 0.1127934 0.1139062 0.1094208 0.1106860 0.1204800 0.1194128 0.1144575 0.1338363 0.0324357 0.1189619 
Phalangeridae_Phalanger_orientalis           0.0717396 0.1217296 0.0729899 0.0754598 0.0782208 0.1100712 0.0235339 0.0176619 0.0782424 0.1119223 0.0158434 0.1147222 0.1099719 0.0000000 0.0784233 0.1145876 0.1080223 0.1050531 0.1018396 0.0829186 0.0871493 0.1402699 0.1274015 0.1080760 0.0749022 0.0994622 0.0761390 0.0782382 0.0720856 0.0914239 0.0825534 0.0087138 0.1139197 0.1123849 0.1098679 
Acrobatidae_Acrobates_pygmaeus               0.0709181 0.1265518 0.0758928 0.0773255 0.0789316 0.1179704 0.0807762 0.0887758 0.0781087 0.1124950 0.0866288 0.1209272 0.1167333 0.0784233 0.0000000 0.1193343 0.1149042 0.1102755 0.1067416 0.0834426 0.0786926 0.1507419 0.1346433 0.1168969 0.0729215 0.0985102 0.0631098 0.0813296 0.0585938 0.0753712 0.0421657 0.0835655 0.1215145 0.1199593 0.1099082 
Dasyuridae_Phascogale_calura                 0.1085685 0.1454508 0.1046350 0.1149600 0.1155894 0.0262038 0.1161454 0.1219456 0.1179882 0.1281568 0.1175517 0.0058974 0.0367563 0.1145876 0.1193343 0.0000000 0.0250620 0.0303368 0.1226568 0.1202356 0.1232051 0.1626622 0.1523289 0.0166050 0.1123442 0.1167514 0.1160519 0.1148019 0.1132287 0.1220219 0.1280164 0.1183988 0.1409164 0.0284325 0.1241637 
Dasyuridae_Sarcophilus_harrisii              0.1030835 0.1383979 0.1002168 0.1076665 0.1072442 0.0068215 0.1100315 0.1145828 0.1118861 0.1239953 0.1111200 0.0245480 0.0287343 0.1080223 0.1149042 0.0250620 0.0000000 0.0243768 0.1164843 0.1123398 0.1208755 0.1624705 0.1491793 0.0196886 0.1081444 0.1092774 0.1128385 0.1066648 0.1107765 0.1193913 0.1205849 0.1113457 0.1362014 0.0083369 0.1202187 
Dasyuridae_Planigale_tenuirostris            0.0973199 0.1373279 0.0958622 0.1025520 0.1035835 0.0263351 0.1067510 0.1093661 0.1055531 0.1161484 0.1095596 0.0307821 0.0217360 0.1050531 0.1102755 0.0303368 0.0243768 0.0000000 0.1101173 0.1074411 0.1173229 0.1565595 0.1428494 0.0241708 0.1047006 0.1072840 0.1064215 0.1015321 0.1044144 0.1171700 0.1178917 0.1100114 0.1273816 0.0276705 0.1128882 
Peramelidae_Echymipera_kalubu                0.0999865 0.1314814 0.0929133 0.1002136 0.1002840 0.1199345 0.1014070 0.1085981 0.1016514 0.0189110 0.1076412 0.1231836 0.1158075 0.1018396 0.1067416 0.1226568 0.1164843 0.1101173 0.0000000 0.1079012 0.1130211 0.1546453 0.1393104 0.1168083 0.0968834 0.1116992 0.1019844 0.1041128 0.0982892 0.1131810 0.1076587 0.1048393 0.0175192 0.1213227 0.0178311 
Macropodidae_Dorcopsulus_vanheurni           0.0735836 0.1260404 0.0740758 0.0267527 0.0293502 0.1146379 0.0820432 0.0917238 0.0284237 0.1174209 0.0860382 0.1188261 0.1131828 0.0829186 0.0834426 0.1202356 0.1123398 0.1074411 0.1079012 0.0000000 0.0899156 0.1486356 0.1350262 0.1116847 0.0542830 0.0977260 0.0793063 0.0181286 0.0699084 0.0924442 0.0891243 0.0863815 0.1229266 0.1162824 0.1153977 
Pseudochiridae_Pseudochirulus_forbesi        0.0790073 0.1237721 0.0802878 0.0823534 0.0859168 0.1222051 0.0869996 0.0932707 0.0862678 0.1225741 0.0916604 0.1244584 0.1205149 0.0871493 0.0786926 0.1232051 0.1208755 0.1173229 0.1130211 0.0899156 0.0000000 0.1570049 0.1383617 0.1184581 0.0827692 0.1065799 0.0531191 0.0876439 0.0312293 0.0737191 0.0758821 0.0899041 0.1305909 0.1242862 0.1204145 
Didelphidae_Didelphis_virginiana             0.1398968 0.1791377 0.1360418 0.1441464 0.1452659 0.1633925 0.1386564 0.1468871 0.1441012 0.1631206 0.1449886 0.1638984 0.1596940 0.1402699 0.1507419 0.1626622 0.1624705 0.1565595 0.1546453 0.1486356 0.1570049 0.0000000 0.0597242 0.1585255 0.1405490 0.1443125 0.1332464 0.1425186 0.1309081 0.1545765 0.1516446 0.1435931 0.1682677 0.1674048 0.1594213 
Marmosidae_Monodelphis_domestica             0.1280779 0.1665979 0.1209556 0.1280227 0.1299880 0.1496277 0.1283482 0.1323226 0.1304953 0.1490495 0.1315676 0.1523083 0.1455283 0.1274015 0.1346433 0.1523289 0.1491793 0.1428494 0.1393104 0.1350262 0.1383617 0.0597242 0.0000000 0.1453867 0.1286972 0.1289927 0.1336792 0.1297455 0.1272562 0.1401039 0.1376994 0.1304501 0.1524214 0.1539481 0.1458998 
Dasyuridae_Antechinus_stuartii               0.1030920 0.1387700 0.0989111 0.1070523 0.1069771 0.0205357 0.1107082 0.1150673 0.1109240 0.1233841 0.1112083 0.0167858 0.0283017 0.1080760 0.1168969 0.0166050 0.0196886 0.0241708 0.1168083 0.1116847 0.1184581 0.1585255 0.1453867 0.0000000 0.1077974 0.1098920 0.1055977 0.1059431 0.1036365 0.1186833 0.1202791 0.1112464 0.1353549 0.0232321 0.1196478 
Hypsiprymnodontidae_Hypsiprymnodon_moschatus 0.0645185 0.1193757 0.0669834 0.0492663 0.0519095 0.1107184 0.0740970 0.0837446 0.0483750 0.1071567 0.0810903 0.1118957 0.1080973 0.0749022 0.0729215 0.1123442 0.1081444 0.1047006 0.0968834 0.0542830 0.0827692 0.1405490 0.1286972 0.1077974 0.0000000 0.0931011 0.0792964 0.0512249 0.0694544 0.0820411 0.0781137 0.0791772 0.1140825 0.1109536 0.1057169 
Microbiotheriidae_Dromiciops_gliroides       0.0884574 0.1271919 0.0872564 0.0929518 0.0929725 0.1116822 0.0970702 0.1051174 0.0958811 0.1181908 0.1034964 0.1164202 0.1127934 0.0994622 0.0985102 0.1167514 0.1092774 0.1072840 0.1116992 0.0977260 0.1065799 0.1443125 0.1289927 0.1098920 0.0931011 0.0000000 0.0870186 0.0954354 0.0893938 0.1034222 0.1033469 0.1026445 0.1245282 0.1122917 0.1159046 
Pseudochiridae_Petauroides_volans            0.0666658 0.1287867 0.0733685 0.0692616 0.0697527 0.1138939 0.0772209 0.0893807 0.0709474 0.1094420 0.0883655 0.1173224 0.1139062 0.0761390 0.0631098 0.1160519 0.1128385 0.1064215 0.1019844 0.0793063 0.0531191 0.1332464 0.1336792 0.1055977 0.0792964 0.0870186 0.0000000 0.0752482 0.0344641 0.0651007 0.0717729 0.0844092 0.1202700 0.1166814 0.1100005 
Macropodidae_Wallabia_bicolor                0.0702114 0.1246499 0.0706850 0.0251652 0.0289118 0.1097875 0.0790184 0.0858241 0.0283311 0.1134985 0.0820536 0.1139353 0.1094208 0.0782382 0.0813296 0.1148019 0.1066648 0.1015321 0.1041128 0.0181286 0.0876439 0.1425186 0.1297455 0.1059431 0.0512249 0.0954354 0.0752482 0.0000000 0.0665734 0.0885177 0.0863448 0.0810785 0.1182930 0.1118673 0.1115208 
Pseudochiridae_Pseudocheirus_occidentalis    0.0609955 0.1232861 0.0645284 0.0594330 0.0621501 0.1130509 0.0769393 0.0856117 0.0634986 0.1059543 0.0814489 0.1146370 0.1106860 0.0720856 0.0585938 0.1132287 0.1107765 0.1044144 0.0982892 0.0699084 0.0312293 0.1309081 0.1272562 0.1036365 0.0694544 0.0893938 0.0344641 0.0665734 0.0000000 0.0613504 0.0655452 0.0798493 0.1155351 0.1146452 0.1049507 
Tarsipedidae_Tarsipes_rostratus              0.0801960 0.1273139 0.0813151 0.0848550 0.0870153 0.1207224 0.0865343 0.0960580 0.0843690 0.1201675 0.0943507 0.1209854 0.1204800 0.0914239 0.0753712 0.1220219 0.1193913 0.1171700 0.1131810 0.0924442 0.0737191 0.1545765 0.1401039 0.1186833 0.0820411 0.1034222 0.0651007 0.0885177 0.0613504 0.0000000 0.0786971 0.0945972 0.1315930 0.1215467 0.1190393 
Acrobatidae_Distoechurus_pennatus            0.0765261 0.1240719 0.0757075 0.0829472 0.0851183 0.1233776 0.0836255 0.0911810 0.0842438 0.1170752 0.0888516 0.1269126 0.1194128 0.0825534 0.0421657 0.1280164 0.1205849 0.1178917 0.1076587 0.0891243 0.0758821 0.1516446 0.1376994 0.1202791 0.0781137 0.1033469 0.0717729 0.0863448 0.0655452 0.0786971 0.0000000 0.0859843 0.1208237 0.1250956 0.1146228 
Phalangeridae_Phalanger_carmelitae           0.0747497 0.1251327 0.0771600 0.0805156 0.0829828 0.1134953 0.0278907 0.0163970 0.0825943 0.1164791 0.0150720 0.1185627 0.1144575 0.0087138 0.0835655 0.1183988 0.1113457 0.1100114 0.1048393 0.0863815 0.0899041 0.1435931 0.1304501 0.1112464 0.0791772 0.1026445 0.0844092 0.0810785 0.0798493 0.0945972 0.0859843 0.0000000 0.1177980 0.1157739 0.1142705 
Peramelidae_Peroryctes_raffrayana            0.1141058 0.1523728 0.1064171 0.1141782 0.1137260 0.1393273 0.1151411 0.1199595 0.1170343 0.0279562 0.1197887 0.1413065 0.1338363 0.1139197 0.1215145 0.1409164 0.1362014 0.1273816 0.0175192 0.1229266 0.1305909 0.1682677 0.1524214 0.1353549 0.1140825 0.1245282 0.1202700 0.1182930 0.1155351 0.1315930 0.1208237 0.1177980 0.0000000 0.1400716 0.0265957 
Dasyuridae_Dasyurus_geffroii                 0.1066411 0.1425494 0.1051119 0.1104405 0.1100271 0.0066230 0.1150864 0.1186723 0.1150613 0.1282999 0.1156291 0.0280611 0.0324357 0.1123849 0.1199593 0.0284325 0.0083369 0.0276705 0.1213227 0.1162824 0.1242862 0.1674048 0.1539481 0.0232321 0.1109536 0.1122917 0.1166814 0.1118673 0.1146452 0.1215467 0.1250956 0.1157739 0.1400716 0.0000000 0.1251185 
Peramelidae_Perameles_gunnii                 0.1067103 0.1407510 0.1000195 0.1084737 0.1081613 0.1237098 0.1100324 0.1181349 0.1104585 0.0024926 0.1157369 0.1247125 0.1189619 0.1098679 0.1099082 0.1241637 0.1202187 0.1128882 0.0178311 0.1153977 0.1204145 0.1594213 0.1458998 0.1196478 0.1057169 0.1159046 0.1100005 0.1115208 0.1049507 0.1190393 0.1146228 0.1142705 0.0265957 0.1251185 0.0000000 
