35
Burramyidae_Burramys_parvus                  0.0000000 0.1180918 0.0812619 0.0874229 0.0980623 0.1380554 0.0719649 0.0765865 0.0882836 0.0586168 0.0744490 0.1396168 0.1383144 0.0762146 0.0950575 0.1382282 0.1331243 0.1271774 0.1133710 0.0832353 0.0964101 0.1643514 0.1706194 0.1309623 0.1207492 0.1035460 0.0850495 0.0663468 0.1278860 0.1025312 0.0777001 0.1309893 0.1354358 0.0571265 0.1023215 
Notoryctidae_Notoryctes_typhlops             0.1180918 0.0000000 0.0674255 0.0687869 0.0732274 0.0790067 0.0631366 0.0668328 0.0682601 0.0674077 0.0632387 0.0792939 0.0823670 0.0650054 0.1367322 0.0795335 0.0788833 0.0782714 0.0744104 0.0680291 0.0721897 0.0782755 0.0841714 0.0771677 0.0794479 0.0781757 0.0688989 0.0851084 0.0903211 0.0785212 0.0654987 0.0796676 0.0787995 0.0664586 0.0703899 
Vombatidae_Lasiorhinus_latifrons             0.0812619 0.0674255 0.0000000 0.0495676 0.0525094 0.0685932 0.0403501 0.0440828 0.0499726 0.0734292 0.0407368 0.0697672 0.0691815 0.0433787 0.0941730 0.0689374 0.0666159 0.0646729 0.0712644 0.0474537 0.0478824 0.0635792 0.0672084 0.0657429 0.0668414 0.0493449 0.0489592 0.0629759 0.0703306 0.0589168 0.0437820 0.0741426 0.0683717 0.0723097 0.0492965 
Potoroidae_Bettongia_penicillata             0.0874229 0.0687869 0.0495676 0.0000000 0.0059216 0.0740833 0.0468680 0.0489198 0.0095529 0.0745706 0.0470127 0.0724564 0.0763195 0.0492489 0.0980189 0.0729998 0.0737191 0.0718652 0.0728054 0.0165062 0.0557980 0.0599872 0.0654436 0.0703906 0.0694276 0.0576542 0.0181041 0.0786174 0.0719999 0.0615157 0.0499365 0.0722200 0.0746557 0.0753285 0.0323183 
Potoroidae_Bettongia_lesueur                 0.0980623 0.0732274 0.0525094 0.0059216 0.0000000 0.0786986 0.0508800 0.0534284 0.0140905 0.0820314 0.0514121 0.0777252 0.0814068 0.0540822 0.1086313 0.0785673 0.0778604 0.0761895 0.0776034 0.0214624 0.0598179 0.0609083 0.0674111 0.0755180 0.0742251 0.0619828 0.0231258 0.0849748 0.0767583 0.0668259 0.0547788 0.0759462 0.0787866 0.0834452 0.0369925 
Dasyuridae_Dasyurus_maculatus                0.1380554 0.0790067 0.0685932 0.0740833 0.0786986 0.0000000 0.0647499 0.0693438 0.0749749 0.0831681 0.0672843 0.0169342 0.0262338 0.0688953 0.1490225 0.0169209 0.0060641 0.0196494 0.0775069 0.0724083 0.0765376 0.0889597 0.0932923 0.0177275 0.0813501 0.0748460 0.0735716 0.0822212 0.0963570 0.0842150 0.0693021 0.0891612 0.0056665 0.0825157 0.0722688 
Phalangeridae_Trichosurus_vulpecula          0.0719649 0.0631366 0.0403501 0.0468680 0.0508800 0.0647499 0.0000000 0.0172635 0.0473019 0.0654692 0.0166094 0.0646782 0.0645355 0.0171207 0.0891366 0.0651070 0.0640417 0.0586764 0.0653348 0.0457365 0.0491837 0.0663123 0.0684913 0.0621433 0.0593107 0.0501103 0.0462878 0.0624125 0.0675415 0.0565536 0.0173127 0.0668790 0.0653266 0.0661935 0.0487709 
Phalangeridae_Spilocuscus_maculatus          0.0765865 0.0668328 0.0440828 0.0489198 0.0534284 0.0693438 0.0172635 0.0000000 0.0489080 0.0715711 0.0110978 0.0688744 0.0695333 0.0117602 0.0924117 0.0688165 0.0678505 0.0649668 0.0695214 0.0459069 0.0502671 0.0674324 0.0685667 0.0646592 0.0596980 0.0514782 0.0479123 0.0639116 0.0670352 0.0578414 0.0117361 0.0710932 0.0681009 0.0710894 0.0478982 
Potoroidae_Aepyprymnus_rufescens             0.0882836 0.0682601 0.0499726 0.0095529 0.0140905 0.0749749 0.0473019 0.0489080 0.0000000 0.0754240 0.0477341 0.0735278 0.0760233 0.0497654 0.1018446 0.0740298 0.0746137 0.0719217 0.0738418 0.0166341 0.0539688 0.0610618 0.0655240 0.0719846 0.0697275 0.0568266 0.0176134 0.0731069 0.0714236 0.0622239 0.0504512 0.0725579 0.0755462 0.0748356 0.0331905 
Peramelidae_Perameles_nasuta                 0.0586168 0.0674077 0.0734292 0.0745706 0.0820314 0.0831681 0.0654692 0.0715711 0.0754240 0.0000000 0.0610919 0.0771222 0.0775172 0.0697382 0.0813042 0.0771222 0.0796830 0.0719221 0.0116456 0.0684362 0.0912673 0.0883771 0.0936348 0.0767509 0.0636980 0.0844550 0.0676787 0.0917370 0.1079033 0.0979112 0.0696856 0.0117624 0.0822392 0.0011978 0.0693152 
Phalangeridae_Strigocuscus_pelengensis       0.0744490 0.0632387 0.0407368 0.0470127 0.0514121 0.0672843 0.0166094 0.0110978 0.0477341 0.0610919 0.0000000 0.0673633 0.0656065 0.0088087 0.0902855 0.0673047 0.0649531 0.0636263 0.0670489 0.0444400 0.0494881 0.0681517 0.0696640 0.0636298 0.0569996 0.0518359 0.0454551 0.0621313 0.0663890 0.0561493 0.0088039 0.0676892 0.0662775 0.0607766 0.0488693 
Dasyuridae_Phascogale_tapoatafa              0.1396168 0.0792939 0.0697672 0.0724564 0.0777252 0.0169342 0.0646782 0.0688744 0.0735278 0.0771222 0.0673633 0.0000000 0.0232053 0.0686931 0.1457260 0.0035044 0.0156937 0.0183094 0.0744461 0.0701822 0.0774937 0.0886799 0.0942719 0.0097906 0.0789770 0.0747668 0.0722191 0.0814453 0.0970596 0.0826343 0.0691003 0.0859454 0.0169505 0.0766266 0.0740770 
Dasyuridae_Sminthopsis_macroura              0.1383144 0.0823670 0.0691815 0.0763195 0.0814068 0.0262338 0.0645355 0.0695333 0.0760233 0.0775172 0.0656065 0.0232053 0.0000000 0.0687911 0.1430213 0.0227666 0.0238901 0.0166752 0.0770313 0.0738668 0.0783324 0.0914444 0.0951828 0.0204056 0.0818866 0.0783361 0.0754587 0.0844936 0.0971983 0.0810603 0.0686457 0.0879849 0.0249814 0.0769170 0.0733782 
Phalangeridae_Phalanger_orientalis           0.0762146 0.0650054 0.0433787 0.0492489 0.0540822 0.0688953 0.0171207 0.0117602 0.0497654 0.0697382 0.0088087 0.0686931 0.0687911 0.0000000 0.0941853 0.0691880 0.0673969 0.0641906 0.0696438 0.0467491 0.0507161 0.0687656 0.0707212 0.0646713 0.0601859 0.0512050 0.0478511 0.0641062 0.0679376 0.0580410 0.0011628 0.0713064 0.0681296 0.0692547 0.0506463 
Acrobatidae_Acrobates_pygmaeus               0.0950575 0.1367322 0.0941730 0.0980189 0.1086313 0.1490225 0.0891366 0.0924117 0.1018446 0.0813042 0.0902855 0.1457260 0.1430213 0.0941853 0.0000000 0.1442932 0.1454731 0.1365385 0.1339826 0.0959657 0.0724787 0.1502274 0.1648174 0.1396315 0.1370825 0.0778212 0.0971890 0.0578240 0.0964135 0.0404622 0.0958868 0.1439205 0.1482334 0.0793399 0.1070361 
Dasyuridae_Phascogale_calura                 0.1382282 0.0795335 0.0689374 0.0729998 0.0785673 0.0169209 0.0651070 0.0688165 0.0740298 0.0771222 0.0673047 0.0035044 0.0227666 0.0691880 0.1442932 0.0000000 0.0152722 0.0181140 0.0746376 0.0712371 0.0777570 0.0888974 0.0948424 0.0087648 0.0786824 0.0758492 0.0732858 0.0808271 0.0965026 0.0826532 0.0695950 0.0865574 0.0165263 0.0765253 0.0737337 
Dasyuridae_Sarcophilus_harrisii              0.1331243 0.0788833 0.0666159 0.0737191 0.0778604 0.0060641 0.0640417 0.0678505 0.0746137 0.0796830 0.0649531 0.0156937 0.0238901 0.0673969 0.1454731 0.0152722 0.0000000 0.0181634 0.0756331 0.0715094 0.0736862 0.0888641 0.0939469 0.0154374 0.0782532 0.0738035 0.0715416 0.0785820 0.0947785 0.0819112 0.0678044 0.0856393 0.0058765 0.0790470 0.0728089 
Dasyuridae_Planigale_tenuirostris            0.1271774 0.0782714 0.0646729 0.0718652 0.0761895 0.0196494 0.0586764 0.0649668 0.0719217 0.0719221 0.0636263 0.0183094 0.0166752 0.0641906 0.1365385 0.0181140 0.0181634 0.0000000 0.0737385 0.0697040 0.0712532 0.0837592 0.0871805 0.0166973 0.0790898 0.0730660 0.0712899 0.0709329 0.0909651 0.0772058 0.0646765 0.0849481 0.0194767 0.0726928 0.0707054 
Peramelidae_Echymipera_kalubu                0.1133710 0.0744104 0.0712644 0.0728054 0.0776034 0.0775069 0.0653348 0.0695214 0.0738418 0.0116456 0.0670489 0.0744461 0.0770313 0.0696438 0.1339826 0.0746376 0.0756331 0.0737385 0.0000000 0.0701188 0.0791955 0.0814985 0.0868087 0.0731956 0.0793662 0.0746898 0.0695822 0.0935160 0.0899423 0.0809906 0.0704338 0.0122581 0.0761264 0.0119224 0.0691358 
Macropodidae_Dorcopsulus_vanheurni           0.0832353 0.0680291 0.0474537 0.0165062 0.0214624 0.0724083 0.0457365 0.0459069 0.0166341 0.0684362 0.0444400 0.0701822 0.0738668 0.0467491 0.0959657 0.0712371 0.0715094 0.0697040 0.0701188 0.0000000 0.0521899 0.0590977 0.0631280 0.0683457 0.0668519 0.0534521 0.0081784 0.0669447 0.0679667 0.0597651 0.0469264 0.0699968 0.0718656 0.0679894 0.0316223 
Pseudochiridae_Pseudochirulus_forbesi        0.0964101 0.0721897 0.0478824 0.0557980 0.0598179 0.0765376 0.0491837 0.0502671 0.0539688 0.0912673 0.0494881 0.0774937 0.0783324 0.0507161 0.0724787 0.0777570 0.0736862 0.0712532 0.0791955 0.0521899 0.0000000 0.0677136 0.0733158 0.0747489 0.0706546 0.0243456 0.0515087 0.0169447 0.0530193 0.0461771 0.0511216 0.0808159 0.0758432 0.0910446 0.0541069 
Didelphidae_Didelphis_virginiana             0.1643514 0.0782755 0.0635792 0.0599872 0.0609083 0.0889597 0.0663123 0.0674324 0.0610618 0.0883771 0.0681517 0.0886799 0.0914444 0.0687656 0.1502274 0.0888974 0.0888641 0.0837592 0.0814985 0.0590977 0.0677136 0.0000000 0.0281137 0.0845081 0.0798065 0.0710107 0.0626539 0.0821863 0.0840239 0.0741432 0.0693411 0.0826599 0.0884782 0.0898115 0.0661464 
Marmosidae_Monodelphis_domestica             0.1706194 0.0841714 0.0672084 0.0654436 0.0674111 0.0932923 0.0684913 0.0685667 0.0655240 0.0936348 0.0696640 0.0942719 0.0951828 0.0707212 0.1648174 0.0948424 0.0939469 0.0871805 0.0868087 0.0631280 0.0733158 0.0281137 0.0000000 0.0905218 0.0833774 0.0752081 0.0660938 0.0908280 0.0879218 0.0787030 0.0712304 0.0857067 0.0928162 0.0897504 0.0719424 
Dasyuridae_Antechinus_stuartii               0.1309623 0.0771677 0.0657429 0.0703906 0.0755180 0.0177275 0.0621433 0.0646592 0.0719846 0.0767509 0.0636298 0.0097906 0.0204056 0.0646713 0.1396315 0.0087648 0.0154374 0.0166973 0.0731956 0.0683457 0.0747489 0.0845081 0.0905218 0.0000000 0.0759583 0.0724645 0.0705777 0.0791969 0.0925389 0.0803350 0.0645340 0.0847503 0.0166963 0.0761551 0.0707118 
Microbiotheriidae_Dromiciops_gliroides       0.1207492 0.0794479 0.0668414 0.0694276 0.0742251 0.0813501 0.0593107 0.0596980 0.0697275 0.0636980 0.0569996 0.0789770 0.0818866 0.0601859 0.1370825 0.0786824 0.0782532 0.0790898 0.0793662 0.0668519 0.0706546 0.0798065 0.0833774 0.0759583 0.0000000 0.0726891 0.0671097 0.0713220 0.0916665 0.0766594 0.0606951 0.0795789 0.0805731 0.0638881 0.0709170 
Pseudochiridae_Petauroides_volans            0.1035460 0.0781757 0.0493449 0.0576542 0.0619828 0.0748460 0.0501103 0.0514782 0.0568266 0.0844550 0.0518359 0.0747668 0.0783361 0.0512050 0.0778212 0.0758492 0.0738035 0.0730660 0.0746898 0.0534521 0.0243456 0.0710107 0.0752081 0.0724645 0.0726891 0.0000000 0.0536782 0.0238330 0.0537992 0.0480664 0.0516124 0.0793600 0.0751077 0.0837698 0.0575866 
Macropodidae_Wallabia_bicolor                0.0850495 0.0688989 0.0489592 0.0181041 0.0231258 0.0735716 0.0462878 0.0479123 0.0176134 0.0676787 0.0454551 0.0722191 0.0754587 0.0478511 0.0971890 0.0732858 0.0715416 0.0712899 0.0695822 0.0081784 0.0515087 0.0626539 0.0660938 0.0705777 0.0671097 0.0536782 0.0000000 0.0679322 0.0677646 0.0596923 0.0480290 0.0700249 0.0735882 0.0672381 0.0320534 
Pseudochiridae_Pseudocheirus_occidentalis    0.0663468 0.0851084 0.0629759 0.0786174 0.0849748 0.0822212 0.0624125 0.0639116 0.0731069 0.0917370 0.0621313 0.0814453 0.0844936 0.0641062 0.0578240 0.0808271 0.0785820 0.0709329 0.0935160 0.0669447 0.0169447 0.0821863 0.0908280 0.0791969 0.0713220 0.0238330 0.0679322 0.0000000 0.0821384 0.0591829 0.0634054 0.0939117 0.0812978 0.0925348 0.0685955 
Tarsipedidae_Tarsipes_rostratus              0.1278860 0.0903211 0.0703306 0.0719999 0.0767583 0.0963570 0.0675415 0.0670352 0.0714236 0.1079033 0.0663890 0.0970596 0.0971983 0.0679376 0.0964135 0.0965026 0.0947785 0.0909651 0.0899423 0.0679667 0.0530193 0.0840239 0.0879218 0.0925389 0.0916665 0.0537992 0.0677646 0.0821384 0.0000000 0.0652106 0.0684061 0.0878791 0.0949481 0.1079480 0.0752660 
Acrobatidae_Distoechurus_pennatus            0.1025312 0.0785212 0.0589168 0.0615157 0.0668259 0.0842150 0.0565536 0.0578414 0.0622239 0.0979112 0.0561493 0.0826343 0.0810603 0.0580410 0.0404622 0.0826532 0.0819112 0.0772058 0.0809906 0.0597651 0.0461771 0.0741432 0.0787030 0.0803350 0.0766594 0.0480664 0.0596923 0.0591829 0.0652106 0.0000000 0.0584774 0.0824606 0.0826315 0.0970152 0.0599820 
Phalangeridae_Phalanger_carmelitae           0.0777001 0.0654987 0.0437820 0.0499365 0.0547788 0.0693021 0.0173127 0.0117361 0.0504512 0.0696856 0.0088039 0.0691003 0.0686457 0.0011628 0.0958868 0.0695950 0.0678044 0.0646765 0.0704338 0.0469264 0.0511216 0.0693411 0.0712304 0.0645340 0.0606951 0.0516124 0.0480290 0.0634054 0.0684061 0.0584774 0.0000000 0.0721469 0.0685367 0.0692031 0.0514536 
Peramelidae_Peroryctes_raffrayana            0.1309893 0.0796676 0.0741426 0.0722200 0.0759462 0.0891612 0.0668790 0.0710932 0.0725579 0.0117624 0.0676892 0.0859454 0.0879849 0.0713064 0.1439205 0.0865574 0.0856393 0.0849481 0.0122581 0.0699968 0.0808159 0.0826599 0.0857067 0.0847503 0.0795789 0.0793600 0.0700249 0.0939117 0.0878791 0.0824606 0.0721469 0.0000000 0.0868753 0.0126510 0.0747441 
Dasyuridae_Dasyurus_geffroii                 0.1354358 0.0787995 0.0683717 0.0746557 0.0787866 0.0056665 0.0653266 0.0681009 0.0755462 0.0822392 0.0662775 0.0169505 0.0249814 0.0681296 0.1482334 0.0165263 0.0058765 0.0194767 0.0761264 0.0718656 0.0758432 0.0884782 0.0928162 0.0166963 0.0805731 0.0751077 0.0735882 0.0812978 0.0949481 0.0826315 0.0685367 0.0868753 0.0000000 0.0815983 0.0730840 
Peramelidae_Perameles_gunnii                 0.0571265 0.0664586 0.0723097 0.0753285 0.0834452 0.0825157 0.0661935 0.0710894 0.0748356 0.0011978 0.0607766 0.0766266 0.0769170 0.0692547 0.0793399 0.0765253 0.0790470 0.0726928 0.0119224 0.0679894 0.0910446 0.0898115 0.0897504 0.0761551 0.0638881 0.0837698 0.0672381 0.0925348 0.1079480 0.0970152 0.0692031 0.0126510 0.0815983 0.0000000 0.0679920 
Hypsiprymnodontidae_Hypsiprymnodon_moschatus 0.1023215 0.0703899 0.0492965 0.0323183 0.0369925 0.0722688 0.0487709 0.0478982 0.0331905 0.0693152 0.0488693 0.0740770 0.0733782 0.0506463 0.1070361 0.0737337 0.0728089 0.0707054 0.0691358 0.0316223 0.0541069 0.0661464 0.0719424 0.0707118 0.0709170 0.0575866 0.0320534 0.0685955 0.0752660 0.0599820 0.0514536 0.0747441 0.0730840 0.0679920 0.0000000 
