37
Burramyidae_Burramys_parvus                  0.0000000 0.1049073 0.0662746 0.0714283 0.0707316 0.1191691 0.0530411 0.0635265 0.0728146 0.1004346 0.0615751 0.1212893 0.1209575 0.0670500 0.0648276 0.1238244 0.1193157 0.1118143 0.1027995 0.0682617 0.0705489 0.1390457 0.1261027 0.1168381 0.0715397 0.0854469 0.0676941 0.0679225 0.0675301 0.0862700 0.0699655 0.0672004 0.1013500 0.1223739 0.1038110 0.0782839 0.0782839 
Notoryctidae_Notoryctes_typhlops             0.1049073 0.0000000 0.1084888 0.1226739 0.1212642 0.1511328 0.0990604 0.1051529 0.1230607 0.1207570 0.1009605 0.1548391 0.1515432 0.1075407 0.1096124 0.1589056 0.1517976 0.1441051 0.1292042 0.1188727 0.1200156 0.1720237 0.1534727 0.1519541 0.1217786 0.1139493 0.1190355 0.1183631 0.1071379 0.1382318 0.1141929 0.1075878 0.1217682 0.1557806 0.1294612 0.0917499 0.0917499 
Vombatidae_Lasiorhinus_latifrons             0.0662746 0.1084888 0.0000000 0.0786429 0.0803539 0.1251832 0.0615478 0.0713560 0.0802225 0.1017293 0.0680041 0.1243858 0.1267835 0.0693670 0.0742609 0.1259803 0.1250573 0.1198843 0.1082306 0.0770235 0.0790592 0.1392847 0.1285227 0.1209671 0.0787215 0.0852274 0.0738068 0.0748615 0.0755195 0.0945474 0.0797560 0.0725134 0.1029939 0.1276701 0.1061844 0.0781664 0.0781664 
Potoroidae_Bettongia_penicillata             0.0714283 0.1226739 0.0786429 0.0000000 0.0090992 0.1252804 0.0702872 0.0788962 0.0186243 0.1143765 0.0746414 0.1273173 0.1290277 0.0786723 0.0794569 0.1299336 0.1257845 0.1211927 0.1179424 0.0283329 0.0863279 0.1448823 0.1367868 0.1244298 0.0518855 0.0938167 0.0844316 0.0295238 0.0828502 0.1027913 0.0870585 0.0804723 0.1155895 0.1288058 0.1154182 0.1096738 0.1096738 
Potoroidae_Bettongia_lesueur                 0.0707316 0.1212642 0.0803539 0.0090992 0.0000000 0.1273432 0.0710896 0.0798457 0.0192395 0.1177789 0.0759259 0.1291237 0.1312516 0.0804017 0.0810175 0.1317922 0.1278796 0.1234117 0.1191562 0.0289608 0.0872046 0.1462315 0.1374463 0.1267816 0.0519175 0.0958471 0.0856391 0.0298630 0.0861217 0.1032923 0.0879252 0.0810266 0.1186256 0.1308903 0.1166572 0.1053599 0.1053599 
Dasyuridae_Dasyurus_maculatus                0.1191691 0.1511328 0.1251832 0.1252804 0.1273432 0.0000000 0.1132329 0.1203885 0.1278978 0.1363328 0.1120725 0.0295510 0.0450029 0.1182044 0.1201466 0.0311674 0.0095666 0.0406986 0.1421345 0.1211363 0.1301195 0.1665222 0.1573535 0.0287327 0.1231596 0.1205984 0.1265254 0.1208486 0.1307346 0.1398604 0.1249507 0.1205762 0.1397021 0.0074291 0.1385910 0.1759910 0.1759910 
Phalangeridae_Trichosurus_vulpecula          0.0530411 0.0990604 0.0615478 0.0702872 0.0710896 0.1132329 0.0000000 0.0300147 0.0708169 0.0901160 0.0270135 0.1148054 0.1131222 0.0301566 0.0654443 0.1172274 0.1135393 0.1043663 0.0945880 0.0670578 0.0701771 0.1333247 0.1234088 0.1114070 0.0679714 0.0787416 0.0671475 0.0666393 0.0614673 0.0818454 0.0679850 0.0316532 0.0894348 0.1176023 0.0935457 0.0710425 0.0710425 
Phalangeridae_Spilocuscus_maculatus          0.0635265 0.1051529 0.0713560 0.0788962 0.0798457 0.1203885 0.0300147 0.0000000 0.0810730 0.0944288 0.0147318 0.1230316 0.1200036 0.0188025 0.0728140 0.1237408 0.1192427 0.1080002 0.1001345 0.0762100 0.0772244 0.1376618 0.1273917 0.1187183 0.0777113 0.0833205 0.0788375 0.0748811 0.0724088 0.0896671 0.0765507 0.0189325 0.0956326 0.1240946 0.0985432 0.0839726 0.0839726 
Potoroidae_Aepyprymnus_rufescens             0.0728146 0.1230607 0.0802225 0.0186243 0.0192395 0.1278978 0.0708169 0.0810730 0.0000000 0.1149159 0.0756340 0.1299192 0.1302414 0.0816215 0.0798209 0.1325823 0.1292848 0.1254531 0.1167617 0.0305195 0.0893557 0.1496314 0.1421646 0.1271227 0.0528362 0.0954627 0.0867770 0.0311618 0.0872880 0.1050882 0.0869767 0.0826596 0.1162973 0.1314431 0.1150986 0.1122343 0.1122343 
Peramelidae_Perameles_nasuta                 0.1004346 0.1207570 0.1017293 0.1143765 0.1177789 0.1363328 0.0901160 0.0944288 0.1149159 0.0000000 0.0964043 0.1390010 0.1364440 0.0992822 0.1050832 0.1416018 0.1362542 0.1324612 0.0238555 0.1110301 0.1069829 0.1482869 0.1387222 0.1337978 0.1134898 0.0966672 0.1051280 0.1079826 0.1080487 0.1154816 0.1119512 0.1006518 0.0205785 0.1397671 0.0012669 0.0396672 0.0396672 
Phalangeridae_Strigocuscus_pelengensis       0.0615751 0.1009605 0.0680041 0.0746414 0.0759259 0.1120725 0.0270135 0.0147318 0.0756340 0.0964043 0.0000000 0.1143703 0.1152862 0.0134562 0.0698037 0.1160327 0.1123825 0.1044086 0.0983784 0.0715771 0.0750176 0.1349078 0.1231564 0.1102748 0.0734714 0.0842011 0.0746984 0.0709090 0.0720230 0.0882555 0.0734931 0.0141596 0.0945932 0.1159833 0.0973956 0.0924805 0.0924805 
Dasyuridae_Phascogale_tapoatafa              0.1212893 0.1548391 0.1243858 0.1273173 0.1291237 0.0295510 0.1148054 0.1230316 0.1299192 0.1390010 0.1143703 0.0000000 0.0463864 0.1197490 0.1200341 0.0056964 0.0288005 0.0448005 0.1471962 0.1208970 0.1287945 0.1739623 0.1620483 0.0126359 0.1233803 0.1214041 0.1257502 0.1208198 0.1313774 0.1386664 0.1270451 0.1212933 0.1432827 0.0305901 0.1418902 0.1687384 0.1687384 
Dasyuridae_Sminthopsis_macroura              0.1209575 0.1515432 0.1267835 0.1290277 0.1312516 0.0450029 0.1131222 0.1200036 0.1302414 0.1364440 0.1152862 0.0463864 0.0000000 0.1193141 0.1153635 0.0501272 0.0479551 0.0306363 0.1476069 0.1206740 0.1295992 0.1771871 0.1536654 0.0445128 0.1274024 0.1200978 0.1281995 0.1188914 0.1299053 0.1458447 0.1246757 0.1226393 0.1450170 0.0471889 0.1393093 9.0000000 9.0000000 
Phalangeridae_Phalanger_orientalis           0.0670500 0.1075407 0.0693670 0.0786723 0.0804017 0.1182044 0.0301566 0.0188025 0.0816215 0.0992822 0.0134562 0.1197490 0.1193141 0.0000000 0.0749870 0.1213305 0.1175736 0.1068449 0.1012742 0.0768526 0.0809136 0.1381263 0.1288544 0.1157414 0.0774182 0.0883615 0.0797545 0.0762032 0.0779295 0.0919829 0.0767102 0.0065793 0.0994785 0.1226691 0.1010194 0.0964227 0.0964227 
Acrobatidae_Acrobates_pygmaeus               0.0648276 0.1096124 0.0742609 0.0794569 0.0810175 0.1201466 0.0654443 0.0728140 0.0798209 0.1050832 0.0698037 0.1200341 0.1153635 0.0749870 0.0000000 0.1244371 0.1198159 0.1088850 0.1114740 0.0749265 0.0663529 0.1434584 0.1352473 0.1171300 0.0769218 0.0885568 0.0656104 0.0742493 0.0645282 0.0841454 0.0370176 0.0751683 0.1054150 0.1223733 0.1072484 0.1060138 0.1060138 
Dasyuridae_Phascogale_calura                 0.1238244 0.1589056 0.1259803 0.1299336 0.1317922 0.0311674 0.1172274 0.1237408 0.1325823 0.1416018 0.1160327 0.0056964 0.0501272 0.1213305 0.1244371 0.0000000 0.0304216 0.0469153 0.1497316 0.1234132 0.1328581 0.1769725 0.1654783 0.0150615 0.1254542 0.1241161 0.1297177 0.1234292 0.1352605 0.1432714 0.1311052 0.1228932 0.1460334 0.0322186 0.1448111 0.1680278 0.1680278 
Dasyuridae_Sarcophilus_harrisii              0.1193157 0.1517976 0.1250573 0.1257845 0.1278796 0.0095666 0.1135393 0.1192427 0.1292848 0.1362542 0.1123825 0.0288005 0.0479551 0.1175736 0.1198159 0.0304216 0.0000000 0.0432863 0.1429407 0.1210820 0.1296001 0.1699948 0.1592637 0.0285732 0.1211027 0.1185578 0.1238869 0.1208364 0.1292903 0.1382057 0.1246525 0.1199770 0.1399627 0.0119728 0.1398629 0.1644249 0.1644249 
Dasyuridae_Planigale_tenuirostris            0.1118143 0.1441051 0.1198843 0.1211927 0.1234117 0.0406986 0.1043663 0.1080002 0.1254531 0.1324612 0.1044086 0.0448005 0.0306363 0.1068449 0.1088850 0.0469153 0.0432863 0.0000000 0.1425148 0.1160343 0.1223502 0.1711825 0.1486562 0.0414615 0.1249272 0.1177623 0.1220486 0.1156616 0.1239926 0.1410440 0.1183730 0.1111544 0.1381706 0.0446308 0.1370466 9.0000000 9.0000000 
Peramelidae_Echymipera_kalubu                0.1027995 0.1292042 0.1082306 0.1179424 0.1191562 0.1421345 0.0945880 0.1001345 0.1167617 0.0238555 0.0983784 0.1471962 0.1476069 0.1012742 0.1114740 0.1497316 0.1429407 0.1425148 0.0000000 0.1157734 0.1127787 0.1632479 0.1462691 0.1416577 0.1177157 0.1071459 0.1119145 0.1114120 0.1104279 0.1281394 0.1193743 0.1037838 0.0201375 0.1461392 0.0250142 0.0360870 0.0360870 
Macropodidae_Dorcopsulus_vanheurni           0.0682617 0.1188727 0.0770235 0.0283329 0.0289608 0.1211363 0.0670578 0.0762100 0.0305195 0.1110301 0.0715771 0.1208970 0.1206740 0.0768526 0.0749265 0.1234132 0.1210820 0.1160343 0.1157734 0.0000000 0.0831925 0.1496570 0.1376344 0.1185533 0.0468670 0.0899937 0.0781896 0.0126997 0.0766639 0.1001177 0.0825657 0.0786286 0.1104431 0.1247542 0.1125344 0.0991685 0.0991685 
Pseudochiridae_Pseudochirulus_forbesi        0.0705489 0.1200156 0.0790592 0.0863279 0.0872046 0.1301195 0.0701771 0.0772244 0.0893557 0.1069829 0.0750176 0.1287945 0.1295992 0.0809136 0.0663529 0.1328581 0.1296001 0.1223502 0.1127787 0.0831925 0.0000000 0.1547202 0.1360365 0.1255269 0.0829040 0.0954822 0.0367000 0.0825600 0.0221441 0.0775761 0.0748613 0.0799545 0.1061639 0.1339275 0.1096153 0.0882470 0.0882470 
Didelphidae_Didelphis_virginiana             0.1390457 0.1720237 0.1392847 0.1448823 0.1462315 0.1665222 0.1333247 0.1376618 0.1496314 0.1482869 0.1349078 0.1739623 0.1771871 0.1381263 0.1434584 0.1769725 0.1699948 0.1711825 0.1632479 0.1496570 0.1547202 0.0000000 0.0604922 0.1700399 0.1484412 0.1288792 0.1503726 0.1470141 0.1446355 0.1682637 0.1530539 0.1406202 0.1539372 0.1715542 0.1529537 9.0000000 9.0000000 
Marmosidae_Monodelphis_domestica             0.1261027 0.1534727 0.1285227 0.1367868 0.1374463 0.1573535 0.1234088 0.1273917 0.1421646 0.1387222 0.1231564 0.1620483 0.1536654 0.1288544 0.1352473 0.1654783 0.1592637 0.1486562 0.1462691 0.1376344 0.1360365 0.0604922 0.0000000 0.1560892 0.1385459 0.1155921 0.1332558 0.1358762 0.1299368 0.1513114 0.1421365 0.1307236 0.1409747 0.1616040 0.1423316 0.1600295 0.1600295 
Dasyuridae_Antechinus_stuartii               0.1168381 0.1519541 0.1209671 0.1244298 0.1267816 0.0287327 0.1114070 0.1187183 0.1271227 0.1337978 0.1102748 0.0126359 0.0445128 0.1157414 0.1171300 0.0150615 0.0285732 0.0414615 0.1416577 0.1185533 0.1255269 0.1700399 0.1560892 0.0000000 0.1239797 0.1178357 0.1235630 0.1192645 0.1271629 0.1334828 0.1248910 0.1173685 0.1378734 0.0300820 0.1362470 0.1597742 0.1597742 
Hypsiprymnodontidae_Hypsiprymnodon_moschatus 0.0715397 0.1217786 0.0787215 0.0518855 0.0519175 0.1231596 0.0679714 0.0777113 0.0528362 0.1134898 0.0734714 0.1233803 0.1274024 0.0774182 0.0769218 0.1254542 0.1211027 0.1249272 0.1177157 0.0468670 0.0829040 0.1484412 0.1385459 0.1239797 0.0000000 0.0924919 0.0798952 0.0454515 0.0783001 0.0994158 0.0838180 0.0787939 0.1146957 0.1259620 0.1138945 0.0994464 0.0994464 
Microbiotheriidae_Dromiciops_gliroides       0.0854469 0.1139493 0.0852274 0.0938167 0.0958471 0.1205984 0.0787416 0.0833205 0.0954627 0.0966672 0.0842011 0.1214041 0.1200978 0.0883615 0.0885568 0.1241161 0.1185578 0.1177623 0.1071459 0.0899937 0.0954822 0.1288792 0.1155921 0.1178357 0.0924919 0.0000000 0.0895910 0.0872367 0.0895444 0.1084593 0.0967437 0.0890858 0.0975911 0.1238300 0.1015485 0.0666722 0.0666722 
Pseudochiridae_Petauroides_volans            0.0676941 0.1190355 0.0738068 0.0844316 0.0856391 0.1265254 0.0671475 0.0788375 0.0867770 0.1051280 0.0746984 0.1257502 0.1281995 0.0797545 0.0656104 0.1297177 0.1238869 0.1220486 0.1119145 0.0781896 0.0367000 0.1503726 0.1332558 0.1235630 0.0798952 0.0895910 0.0000000 0.0760641 0.0344584 0.0737093 0.0710863 0.0807329 0.1038628 0.1297730 0.1097129 0.0821726 0.0821726 
Macropodidae_Wallabia_bicolor                0.0679225 0.1183631 0.0748615 0.0295238 0.0298630 0.1208486 0.0666393 0.0748811 0.0311618 0.1079826 0.0709090 0.1208198 0.1188914 0.0762032 0.0742493 0.1234292 0.1208364 0.1156616 0.1114120 0.0126997 0.0825600 0.1470141 0.1358762 0.1192645 0.0454515 0.0872367 0.0760641 0.0000000 0.0794014 0.0988914 0.0831554 0.0783888 0.1095931 0.1249628 0.1077283 0.0967813 0.0967813 
Pseudochiridae_Pseudocheirus_occidentalis    0.0675301 0.1071379 0.0755195 0.0828502 0.0861217 0.1307346 0.0614673 0.0724088 0.0872880 0.1080487 0.0720230 0.1313774 0.1299053 0.0779295 0.0645282 0.1352605 0.1292903 0.1239926 0.1104279 0.0766639 0.0221441 0.1446355 0.1299368 0.1271629 0.0783001 0.0895444 0.0344584 0.0794014 0.0000000 0.0737937 0.0717814 0.0772050 0.1031405 0.1346237 0.1081487 0.0894132 0.0894132 
Tarsipedidae_Tarsipes_rostratus              0.0862700 0.1382318 0.0945474 0.1027913 0.1032923 0.1398604 0.0818454 0.0896671 0.1050882 0.1154816 0.0882555 0.1386664 0.1458447 0.0919829 0.0841454 0.1432714 0.1382057 0.1410440 0.1281394 0.1001177 0.0775761 0.1682637 0.1513114 0.1334828 0.0994158 0.1084593 0.0737093 0.0988914 0.0737937 0.0000000 0.0894057 0.0930846 0.1162256 0.1434281 0.1217965 0.0969853 0.0969853 
Acrobatidae_Distoechurus_pennatus            0.0699655 0.1141929 0.0797560 0.0870585 0.0879252 0.1249507 0.0679850 0.0765507 0.0869767 0.1119512 0.0734931 0.1270451 0.1246757 0.0767102 0.0370176 0.1311052 0.1246525 0.1183730 0.1193743 0.0825657 0.0748613 0.1530539 0.1421365 0.1248910 0.0838180 0.0967437 0.0710863 0.0831554 0.0717814 0.0894057 0.0000000 0.0784959 0.1123777 0.1272349 0.1158161 0.1123201 0.1123201 
Phalangeridae_Phalanger_carmelitae           0.0672004 0.1075878 0.0725134 0.0804723 0.0810266 0.1205762 0.0316532 0.0189325 0.0826596 0.1006518 0.0141596 0.1212933 0.1226393 0.0065793 0.0751683 0.1228932 0.1199770 0.1111544 0.1037838 0.0786286 0.0799545 0.1406202 0.1307236 0.1173685 0.0787939 0.0890858 0.0807329 0.0783888 0.0772050 0.0930846 0.0784959 0.0000000 0.1018914 0.1251186 0.1026549 0.1008493 0.1008493 
Peramelidae_Peroryctes_raffrayana            0.1013500 0.1217682 0.1029939 0.1155895 0.1186256 0.1397021 0.0894348 0.0956326 0.1162973 0.0205785 0.0945932 0.1432827 0.1450170 0.0994785 0.1054150 0.1460334 0.1399627 0.1381706 0.0201375 0.1104431 0.1061639 0.1539372 0.1409747 0.1378734 0.1146957 0.0975911 0.1038628 0.1095931 0.1031405 0.1162256 0.1123777 0.1018914 0.0000000 0.1432121 0.0211360 0.0346214 0.0346214 
Dasyuridae_Dasyurus_geffroii                 0.1223739 0.1557806 0.1276701 0.1288058 0.1308903 0.0074291 0.1176023 0.1240946 0.1314431 0.1397671 0.1159833 0.0305901 0.0471889 0.1226691 0.1223733 0.0322186 0.0119728 0.0446308 0.1461392 0.1247542 0.1339275 0.1715542 0.1616040 0.0300820 0.1259620 0.1238300 0.1297730 0.1249628 0.1346237 0.1434281 0.1272349 0.1251186 0.1432121 0.0000000 0.1420408 0.1718020 0.1718020 
Peramelidae_Perameles_gunnii                 0.1038110 0.1294612 0.1061844 0.1154182 0.1166572 0.1385910 0.0935457 0.0985432 0.1150986 0.0012669 0.0973956 0.1418902 0.1393093 0.1010194 0.1072484 0.1448111 0.1398629 0.1370466 0.0250142 0.1125344 0.1096153 0.1529537 0.1423316 0.1362470 0.1138945 0.1015485 0.1097129 0.1077283 0.1081487 0.1217965 0.1158161 0.1026549 0.0211360 0.1420408 0.0000000 0.0396672 0.0396672 
Thylacomyidae_Macrotis_lagotis1              0.0782839 0.0917499 0.0781664 0.1096738 0.1053599 0.1759910 0.0710425 0.0839726 0.1122343 0.0396672 0.0924805 0.1687384 9.0000000 0.0964227 0.1060138 0.1680278 0.1644249 9.0000000 0.0360870 0.0991685 0.0882470 9.0000000 0.1600295 0.1597742 0.0994464 0.0666722 0.0821726 0.0967813 0.0894132 0.0969853 0.1123201 0.1008493 0.0346214 0.1718020 0.0396672 0.0000000 0.0000010 
Thylacomyidae_Macrotis_lagotis2              0.0782839 0.0917499 0.0781664 0.1096738 0.1053599 0.1759910 0.0710425 0.0839726 0.1122343 0.0396672 0.0924805 0.1687384 9.0000000 0.0964227 0.1060138 0.1680278 0.1644249 9.0000000 0.0360870 0.0991685 0.0882470 9.0000000 0.1600295 0.1597742 0.0994464 0.0666722 0.0821726 0.0967813 0.0894132 0.0969853 0.1123201 0.1008493 0.0346214 0.1718020 0.0396672 0.0000010 0.0000000 
