35
Burramyidae_Burramys_parvus                  0.0000000 0.0774531 0.0441280 0.0450929 0.0434812 0.0691133 0.0313564 0.0370072 0.0461882 0.0717568 0.0372178 0.0712235 0.0847952 0.0370317 0.0483750 0.0694390 0.0675487 0.0660786 0.0683751 0.0490869 0.0576357 0.0833045 0.1207613 0.0654008 0.0467750 0.0755430 0.0506931 0.0515087 0.0527742 0.0667948 0.0507413 0.0374802 0.0682050 0.0657107 0.0699571 
Notoryctidae_Notoryctes_typhlops             0.0774531 0.0000000 0.0680963 0.0763674 0.0768687 0.0812696 0.0711472 0.0777309 0.0793820 0.0889632 0.0739630 0.0810640 0.1000669 0.0777309 0.0824393 0.0803867 0.0820412 0.0825284 0.0860058 0.0856267 0.0934295 0.0991712 0.1392686 0.0784611 0.0824565 0.0855816 0.0902670 0.0865435 0.0876765 0.1075176 0.0865424 0.0782302 0.0822824 0.0800867 0.0877824 
Vombatidae_Lasiorhinus_latifrons             0.0441280 0.0680963 0.0000000 0.0435350 0.0429779 0.0695878 0.0342471 0.0399394 0.0451309 0.0711435 0.0355868 0.0724012 0.0944795 0.0384350 0.0467437 0.0698606 0.0703009 0.0650152 0.0669533 0.0474900 0.0506324 0.0762788 0.1093149 0.0691947 0.0505579 0.0681765 0.0459131 0.0499170 0.0457145 0.0677925 0.0461025 0.0388819 0.0665768 0.0667710 0.0700774 
Potoroidae_Bettongia_penicillata             0.0450929 0.0763674 0.0435350 0.0000000 0.0022103 0.0740596 0.0396509 0.0433973 0.0103186 0.0771467 0.0421137 0.0762738 0.0905641 0.0464990 0.0475694 0.0736961 0.0747371 0.0721289 0.0719783 0.0154636 0.0572219 0.0903475 0.1232115 0.0704486 0.0293457 0.0735648 0.0513294 0.0188527 0.0487119 0.0691685 0.0517646 0.0479815 0.0742784 0.0722971 0.0752694 
Potoroidae_Bettongia_lesueur                 0.0434812 0.0768687 0.0429779 0.0022103 0.0000000 0.0734106 0.0380969 0.0418168 0.0098546 0.0753231 0.0405313 0.0744743 0.0905641 0.0449016 0.0476165 0.0719178 0.0740854 0.0700305 0.0701965 0.0140566 0.0555167 0.0902238 0.1223547 0.0686724 0.0278622 0.0729026 0.0496700 0.0174199 0.0470985 0.0673499 0.0501215 0.0463786 0.0724583 0.0716533 0.0734597 
Dasyuridae_Dasyurus_maculatus                0.0691133 0.0812696 0.0695878 0.0740596 0.0734106 0.0000000 0.0644598 0.0696391 0.0758602 0.0809818 0.0627961 0.0211803 0.0436614 0.0690773 0.0821642 0.0211237 0.0080687 0.0230464 0.0780027 0.0814231 0.0845369 0.0888516 0.1236713 0.0203506 0.0767072 0.0773390 0.0703263 0.0808603 0.0757540 0.0973882 0.0817739 0.0695184 0.0758393 0.0053661 0.0791423 
Phalangeridae_Trichosurus_vulpecula          0.0313564 0.0711472 0.0342471 0.0396509 0.0380969 0.0644598 0.0000000 0.0159119 0.0432603 0.0662865 0.0141554 0.0652317 0.0785024 0.0187199 0.0407074 0.0641953 0.0628886 0.0596396 0.0619164 0.0435095 0.0478659 0.0754090 0.1099827 0.0625373 0.0433144 0.0664165 0.0394365 0.0474087 0.0424288 0.0570325 0.0420111 0.0182228 0.0629109 0.0605682 0.0645084 
Phalangeridae_Spilocuscus_maculatus          0.0370072 0.0777309 0.0399394 0.0433973 0.0418168 0.0696391 0.0159119 0.0000000 0.0481066 0.0690570 0.0072135 0.0692785 0.0902435 0.0098776 0.0471920 0.0693500 0.0691724 0.0642552 0.0646805 0.0460828 0.0556863 0.0773096 0.1189645 0.0661174 0.0481679 0.0700554 0.0458864 0.0500907 0.0472816 0.0659426 0.0473912 0.0085000 0.0656773 0.0656806 0.0673085 
Potoroidae_Aepyprymnus_rufescens             0.0461882 0.0793820 0.0451309 0.0103186 0.0098546 0.0758602 0.0432603 0.0481066 0.0000000 0.0795688 0.0452651 0.0775076 0.0987543 0.0481066 0.0503901 0.0749145 0.0759674 0.0702035 0.0760748 0.0178171 0.0606041 0.0881089 0.1240720 0.0716645 0.0328029 0.0736441 0.0535409 0.0202942 0.0519190 0.0709997 0.0534185 0.0495947 0.0761110 0.0735143 0.0776738 
Peramelidae_Perameles_nasuta                 0.0717568 0.0889632 0.0711435 0.0771467 0.0753231 0.0809818 0.0662865 0.0690570 0.0795688 0.0000000 0.0674308 0.0841194 0.1033527 0.0702295 0.0823152 0.0822115 0.0823337 0.0806986 0.0127451 0.0809189 0.0874481 0.0921314 0.1228308 0.0790682 0.0750643 0.0856782 0.0753494 0.0820129 0.0767572 0.0994986 0.0786515 0.0717972 0.0114568 0.0811564 0.0004465 
Phalangeridae_Strigocuscus_pelengensis       0.0372178 0.0739630 0.0355868 0.0421137 0.0405313 0.0627961 0.0141554 0.0072135 0.0452651 0.0674308 0.0000000 0.0654447 0.0861908 0.0099550 0.0465110 0.0630257 0.0623259 0.0605824 0.0641772 0.0427530 0.0499722 0.0774811 0.1178167 0.0608180 0.0479399 0.0674115 0.0407656 0.0466315 0.0423483 0.0599152 0.0471058 0.0085717 0.0646106 0.0583441 0.0655856 
Dasyuridae_Phascogale_tapoatafa              0.0712235 0.0810640 0.0724012 0.0762738 0.0744743 0.0211803 0.0652317 0.0692785 0.0775076 0.0841194 0.0654447 0.0000000 0.0430758 0.0720830 0.0805241 0.0085490 0.0211669 0.0207772 0.0811067 0.0825085 0.0863186 0.0871282 0.1205650 0.0132630 0.0789444 0.0830892 0.0718296 0.0837274 0.0791312 0.0985996 0.0822415 0.0702764 0.0789266 0.0198163 0.0822115 
Dasyuridae_Sminthopsis_macroura              0.0847952 0.1000669 0.0944795 0.0905641 0.0905641 0.0436614 0.0785024 0.0902435 0.0987543 0.1033527 0.0861908 0.0430758 0.0000000 0.0930422 0.0953490 0.0386837 0.0435939 0.0318937 0.0989959 0.0981179 0.1048683 0.1169078 0.1687778 0.0383765 0.0952033 0.1004703 0.0927524 0.1003740 0.0987479 0.1228843 0.0940372 0.0930422 0.0990020 0.0403523 0.1014769 
Phalangeridae_Phalanger_orientalis           0.0370317 0.0777309 0.0384350 0.0464990 0.0449016 0.0690773 0.0187199 0.0098776 0.0481066 0.0702295 0.0099550 0.0720830 0.0930422 0.0000000 0.0482931 0.0710323 0.0697350 0.0663002 0.0652317 0.0482001 0.0524034 0.0765909 0.1175845 0.0683635 0.0492150 0.0694816 0.0463839 0.0511850 0.0478052 0.0653150 0.0458213 0.0022103 0.0667988 0.0662369 0.0684257 
Acrobatidae_Acrobates_pygmaeus               0.0483750 0.0824393 0.0467437 0.0475694 0.0476165 0.0821642 0.0407074 0.0471920 0.0503901 0.0823152 0.0465110 0.0805241 0.0953490 0.0482931 0.0000000 0.0800175 0.0816848 0.0762372 0.0755108 0.0533746 0.0578522 0.0822476 0.1228759 0.0759529 0.0572113 0.0774508 0.0492150 0.0569962 0.0500280 0.0636741 0.0318159 0.0492823 0.0766574 0.0791184 0.0807228 
Dasyuridae_Phascogale_calura                 0.0694390 0.0803867 0.0698606 0.0736961 0.0719178 0.0211237 0.0641953 0.0693500 0.0749145 0.0822115 0.0630257 0.0085490 0.0386837 0.0710323 0.0800175 0.0000000 0.0211104 0.0201279 0.0794565 0.0799093 0.0830279 0.0851891 0.1171888 0.0090427 0.0781131 0.0823399 0.0699031 0.0804540 0.0754344 0.0950688 0.0826490 0.0692304 0.0783703 0.0192899 0.0803190 
Dasyuridae_Sarcophilus_harrisii              0.0675487 0.0820412 0.0703009 0.0747371 0.0740854 0.0080687 0.0628886 0.0691724 0.0759674 0.0823337 0.0623259 0.0211669 0.0435939 0.0697350 0.0816848 0.0211104 0.0000000 0.0236407 0.0793283 0.0821279 0.0835173 0.0898854 0.1226311 0.0203506 0.0768162 0.0781017 0.0710041 0.0815681 0.0758608 0.0949823 0.0825368 0.0690525 0.0771177 0.0071831 0.0804249 
Dasyuridae_Planigale_tenuirostris            0.0660786 0.0825284 0.0650152 0.0721289 0.0700305 0.0230464 0.0596396 0.0642552 0.0702035 0.0806986 0.0605824 0.0207772 0.0318937 0.0663002 0.0762372 0.0201279 0.0236407 0.0000000 0.0792645 0.0779376 0.0780458 0.0912075 0.1208334 0.0207361 0.0786241 0.0807586 0.0684702 0.0787902 0.0726229 0.0946547 0.0756018 0.0649089 0.0774177 0.0201944 0.0795640 
Peramelidae_Echymipera_kalubu                0.0683751 0.0860058 0.0669533 0.0719783 0.0701965 0.0780027 0.0619164 0.0646805 0.0760748 0.0127451 0.0641772 0.0811067 0.0989959 0.0652317 0.0755108 0.0794565 0.0793283 0.0792645 0.0000000 0.0768162 0.0842766 0.0891924 0.1197528 0.0761584 0.0704419 0.0840594 0.0737765 0.0779805 0.0738253 0.0929070 0.0762649 0.0667757 0.0086619 0.0781690 0.0118075 
Macropodidae_Dorcopsulus_vanheurni           0.0490869 0.0856267 0.0474900 0.0154636 0.0140566 0.0814231 0.0435095 0.0460828 0.0178171 0.0809189 0.0427530 0.0825085 0.0981179 0.0482001 0.0533746 0.0799093 0.0821279 0.0779376 0.0768162 0.0000000 0.0609810 0.0948933 0.1282648 0.0778135 0.0315018 0.0769145 0.0560928 0.0080917 0.0538275 0.0738910 0.0553595 0.0496913 0.0780408 0.0796116 0.0790678 
Pseudochiridae_Pseudochirulus_forbesi        0.0576357 0.0934295 0.0506324 0.0572219 0.0555167 0.0845369 0.0478659 0.0556863 0.0606041 0.0874481 0.0499722 0.0863186 0.1048683 0.0524034 0.0578522 0.0830279 0.0835173 0.0780458 0.0842766 0.0609810 0.0000000 0.0901796 0.1068929 0.0796412 0.0608121 0.0838497 0.0275003 0.0647931 0.0163261 0.0539259 0.0520056 0.0534033 0.0845611 0.0821321 0.0855128 
Didelphidae_Didelphis_virginiana             0.0833045 0.0991712 0.0762788 0.0903475 0.0902238 0.0888516 0.0754090 0.0773096 0.0881089 0.0921314 0.0774811 0.0871282 0.1169078 0.0765909 0.0822476 0.0851891 0.0898854 0.0912075 0.0891924 0.0948933 0.0901796 0.0000000 0.0469638 0.0842893 0.0928982 0.0931123 0.0863854 0.0976840 0.0851505 0.0967028 0.0855344 0.0735677 0.0872113 0.0875214 0.0903399 
Marmosidae_Monodelphis_domestica             0.1207613 0.1392686 0.1093149 0.1232115 0.1223547 0.1236713 0.1099827 0.1189645 0.1240720 0.1228308 0.1178167 0.1205650 0.1687778 0.1175845 0.1228759 0.1171888 0.1226311 0.1208334 0.1197528 0.1282648 0.1068929 0.0469638 0.0000000 0.1170470 0.1221006 0.1198694 0.1203344 0.1317378 0.1197528 0.1365776 0.1242305 0.1159708 0.1191880 0.1217601 0.1204775 
Dasyuridae_Antechinus_stuartii               0.0654008 0.0784611 0.0691947 0.0704486 0.0686724 0.0203506 0.0625373 0.0661174 0.0716645 0.0790682 0.0608180 0.0132630 0.0383765 0.0683635 0.0759529 0.0090427 0.0203506 0.0207361 0.0761584 0.0778135 0.0796412 0.0842893 0.1170470 0.0000000 0.0736958 0.0796264 0.0670984 0.0769506 0.0727603 0.0938089 0.0781740 0.0665622 0.0756104 0.0194693 0.0776474 
Hypsiprymnodontidae_Hypsiprymnodon_moschatus 0.0467750 0.0824565 0.0505579 0.0293457 0.0278622 0.0767072 0.0433144 0.0481679 0.0328029 0.0750643 0.0479399 0.0789444 0.0952033 0.0492150 0.0572113 0.0781131 0.0768162 0.0786241 0.0704419 0.0315018 0.0608121 0.0928982 0.1221006 0.0736958 0.0000000 0.0743902 0.0564880 0.0352113 0.0547526 0.0736752 0.0546714 0.0507079 0.0710276 0.0736174 0.0731948 
Microbiotheriidae_Dromiciops_gliroides       0.0755430 0.0855816 0.0681765 0.0735648 0.0729026 0.0773390 0.0664165 0.0700554 0.0736441 0.0856782 0.0674115 0.0830892 0.1004703 0.0694816 0.0774508 0.0823399 0.0781017 0.0807586 0.0840594 0.0769145 0.0838497 0.0931123 0.1198694 0.0796264 0.0743902 0.0000000 0.0807812 0.0814129 0.0804940 0.0963732 0.0788599 0.0711299 0.0824691 0.0761024 0.0839500 
Pseudochiridae_Petauroides_volans            0.0506931 0.0902670 0.0459131 0.0513294 0.0496700 0.0703263 0.0394365 0.0458864 0.0535409 0.0753494 0.0407656 0.0718296 0.0927524 0.0463839 0.0492150 0.0699031 0.0710041 0.0684702 0.0737765 0.0560928 0.0275003 0.0863854 0.1203344 0.0670984 0.0564880 0.0807812 0.0000000 0.0580266 0.0234575 0.0505923 0.0497938 0.0458103 0.0734859 0.0685521 0.0740698 
Macropodidae_Wallabia_bicolor                0.0515087 0.0865435 0.0499170 0.0188527 0.0174199 0.0808603 0.0474087 0.0500907 0.0202942 0.0820129 0.0466315 0.0837274 0.1003740 0.0511850 0.0569962 0.0804540 0.0815681 0.0787902 0.0779805 0.0080917 0.0647931 0.0976840 0.1317378 0.0769506 0.0352113 0.0814129 0.0580266 0.0000000 0.0574211 0.0797308 0.0590484 0.0526938 0.0779308 0.0790395 0.0802033 
Pseudochiridae_Pseudocheirus_occidentalis    0.0527742 0.0876765 0.0457145 0.0487119 0.0470985 0.0757540 0.0424288 0.0472816 0.0519190 0.0767572 0.0423483 0.0791312 0.0987479 0.0478052 0.0500280 0.0754344 0.0758608 0.0726229 0.0738253 0.0538275 0.0163261 0.0851505 0.1197528 0.0727603 0.0547526 0.0804940 0.0234575 0.0574211 0.0000000 0.0502635 0.0495735 0.0482501 0.0738827 0.0734125 0.0748784 
Tarsipedidae_Tarsipes_rostratus              0.0667948 0.1075176 0.0677925 0.0691685 0.0673499 0.0973882 0.0570325 0.0659426 0.0709997 0.0994986 0.0599152 0.0985996 0.1228843 0.0653150 0.0636741 0.0950688 0.0949823 0.0946547 0.0929070 0.0738910 0.0539259 0.0967028 0.1365776 0.0938089 0.0736752 0.0963732 0.0505923 0.0797308 0.0502635 0.0000000 0.0682025 0.0640897 0.0959299 0.0934881 0.0972777 
Acrobatidae_Distoechurus_pennatus            0.0507413 0.0865424 0.0461025 0.0517646 0.0501215 0.0817739 0.0420111 0.0473912 0.0534185 0.0786515 0.0471058 0.0822415 0.0940372 0.0458213 0.0318159 0.0826490 0.0825368 0.0756018 0.0762649 0.0553595 0.0520056 0.0855344 0.1242305 0.0781740 0.0546714 0.0788599 0.0497938 0.0590484 0.0495735 0.0682025 0.0000000 0.0478372 0.0764143 0.0794414 0.0768123 
Phalangeridae_Phalanger_carmelitae           0.0374802 0.0782302 0.0388819 0.0479815 0.0463786 0.0695184 0.0182228 0.0085000 0.0495947 0.0717972 0.0085717 0.0702764 0.0930422 0.0022103 0.0492823 0.0692304 0.0690525 0.0649089 0.0667757 0.0496913 0.0534033 0.0735677 0.1159708 0.0665622 0.0507079 0.0711299 0.0458103 0.0526938 0.0482501 0.0640897 0.0478372 0.0000000 0.0684161 0.0655678 0.0699864 
Peramelidae_Peroryctes_raffrayana            0.0682050 0.0822824 0.0665768 0.0742784 0.0724583 0.0758393 0.0629109 0.0656773 0.0761110 0.0114568 0.0646106 0.0789266 0.0990020 0.0667988 0.0766574 0.0783703 0.0771177 0.0774177 0.0086619 0.0780408 0.0845611 0.0872113 0.1191880 0.0756104 0.0710276 0.0824691 0.0734859 0.0779308 0.0738827 0.0959299 0.0764143 0.0684161 0.0000000 0.0759484 0.0100957 
Dasyuridae_Dasyurus_geffroii                 0.0657107 0.0800867 0.0667710 0.0722971 0.0716533 0.0053661 0.0605682 0.0656806 0.0735143 0.0811564 0.0583441 0.0198163 0.0403523 0.0662369 0.0791184 0.0192899 0.0071831 0.0201944 0.0781690 0.0796116 0.0821321 0.0875214 0.1217601 0.0194693 0.0736174 0.0761024 0.0685521 0.0790395 0.0734125 0.0934881 0.0794414 0.0655678 0.0759484 0.0000000 0.0792556 
Peramelidae_Perameles_gunnii                 0.0699571 0.0877824 0.0700774 0.0752694 0.0734597 0.0791423 0.0645084 0.0673085 0.0776738 0.0004465 0.0655856 0.0822115 0.1014769 0.0684257 0.0807228 0.0803190 0.0804249 0.0795640 0.0118075 0.0790678 0.0855128 0.0903399 0.1204775 0.0776474 0.0731948 0.0839500 0.0740698 0.0802033 0.0748784 0.0972777 0.0768123 0.0699864 0.0100957 0.0792556 0.0000000 
