193
I0185_86_Accipitridae_Buteo_jamaicensis                   0.0000000 0.0299317 0.0279170 0.0268632 0.0311322 0.0269859 0.0345603 0.0218217 0.0463409 0.0393384 0.0214550 0.0313162 0.0313064 0.0334164 0.0341136 0.0224543 0.0131413 0.0342460 0.0170845 0.0332255 0.0192652 0.0338096 0.0184000 0.0183799 0.0163833 0.0270524 0.0180676 0.0378374 0.0367891 0.0382673 0.0189862 0.0326984 0.0328358 0.0307281 0.0314738 0.0359960 0.0318263 0.0411887 0.0335008 0.0477890 0.0336799 0.0308245 0.0540782 0.0534273 0.0520183 0.0347934 0.0386120 0.0309959 0.0295896 0.0229018 0.0332180 0.0326828 0.0179567 0.0274209 0.0307277 0.0322892 0.0274552 0.0232807 0.0194155 0.0333187 0.0296995 0.0200059 0.0487390 0.0318424 0.0339478 0.0302760 0.0190321 0.0231011 0.0399499 0.0363483 0.0240258 0.0360045 0.0387908 0.0340952 0.0318119 0.0244151 0.0200454 0.0318354 0.0401462 0.0185176 0.0055439 0.0193648 0.0260676 0.0326005 0.0364521 0.0173058 0.0150912 0.0329919 0.0470570 0.0278355 0.0249376 0.0234901 0.0171745 0.0332874 0.0242100 0.0350658 0.0382659 0.0170793 0.0361197 0.0188495 0.0139596 0.0184704 0.0303850 0.0308024 0.0340708 0.0303277 0.0182249 0.0232306 0.0270701 0.0466842 0.0217809 0.0297727 0.0445495 0.0193473 0.0161163 0.0362838 0.0307059 0.0197590 0.0323313 0.0375239 0.0268099 0.0173220 0.0173831 0.0320648 0.0261281 0.0261838 0.0360176 0.0181137 0.0367144 0.0209020 0.0235562 0.0169375 0.0292232 0.0422450 0.0332789 0.0218229 0.0341881 0.0204236 0.0262950 0.0247535 0.0167253 0.0201294 0.0168502 0.0287929 0.0189176 0.0432501 0.0357213 0.0254177 0.0186246 0.0366611 0.0432102 0.0292507 0.0312584 0.0151020 0.0194788 0.0216593 0.0203373 0.0191759 0.0212340 0.0279461 0.0298951 0.0292168 0.0408535 0.0209662 0.0293034 0.0356787 0.0337490 0.0204088 0.0544260 0.0203611 0.0265458 0.0222304 0.0345495 0.0315782 0.0431439 0.0164613 0.0118567 0.0172951 0.0204960 0.0388143 0.0184283 0.0365422 0.0341148 0.0303473 0.0310161 0.0947124 0.0913873 0.0315529 0.0375857 0.0360893 0.0272064 0.0248102 0.0327647 
I0186_111_Momotidae_Momotus_lessonii                      0.0299317 0.0000000 0.0381772 0.0386506 0.0410085 0.0373847 0.0413025 0.0332760 0.0419322 0.0443569 0.0340868 0.0408988 0.0377687 0.0368734 0.0440406 0.0328359 0.0254554 0.0432594 0.0293277 0.0429887 0.0313764 0.0433001 0.0300889 0.0304428 0.0291850 0.0383813 0.0310667 0.0443180 0.0459707 0.0474425 0.0314495 0.0422486 0.0426157 0.0424554 0.0425343 0.0463037 0.0420409 0.0500296 0.0423817 0.0563815 0.0434177 0.0411865 0.0628734 0.0626904 0.0612118 0.0441428 0.0465045 0.0319539 0.0413757 0.0353320 0.0419425 0.0420793 0.0299216 0.0384979 0.0407381 0.0423242 0.0374930 0.0352609 0.0318587 0.0423533 0.0413866 0.0326549 0.0571470 0.0415558 0.0446327 0.0404044 0.0317078 0.0345453 0.0486003 0.0462541 0.0361569 0.0408849 0.0495107 0.0427334 0.0415722 0.0353311 0.0330294 0.0414311 0.0442925 0.0258432 0.0301351 0.0310328 0.0376917 0.0394969 0.0418120 0.0289376 0.0280261 0.0446734 0.0560901 0.0375562 0.0357127 0.0354499 0.0299967 0.0437633 0.0290316 0.0453984 0.0442856 0.0284476 0.0459920 0.0319555 0.0289142 0.0303622 0.0403047 0.0324718 0.0446845 0.0403957 0.0312536 0.0346995 0.0380501 0.0553585 0.0335335 0.0403615 0.0547163 0.0314619 0.0289148 0.0453129 0.0415881 0.0320289 0.0424338 0.0476341 0.0377253 0.0294556 0.0298697 0.0415910 0.0379933 0.0370071 0.0467739 0.0303794 0.0439981 0.0326049 0.0334728 0.0298326 0.0395812 0.0476471 0.0442521 0.0338843 0.0449420 0.0321441 0.0361182 0.0359812 0.0299438 0.0320891 0.0292444 0.0384972 0.0307210 0.0527384 0.0460295 0.0362654 0.0308947 0.0477345 0.0527988 0.0396631 0.0414976 0.0277454 0.0318805 0.0326323 0.0318461 0.0317348 0.0330097 0.0398458 0.0421402 0.0381914 0.0496716 0.0313695 0.0380659 0.0448748 0.0429336 0.0313290 0.0642075 0.0327202 0.0372351 0.0332696 0.0436968 0.0411258 0.0528958 0.0294207 0.0292913 0.0295864 0.0314674 0.0486226 0.0315090 0.0448458 0.0445549 0.0400436 0.0408916 0.1032927 0.1010023 0.0409708 0.0468831 0.0455869 0.0375607 0.0318198 0.0422935 
I0187_115_Trogonidae_Trogon_elegans                       0.0279170 0.0381772 0.0000000 0.0359320 0.0390600 0.0117972 0.0434960 0.0314464 0.0535963 0.0472641 0.0310037 0.0403019 0.0389512 0.0403748 0.0425546 0.0326801 0.0230673 0.0417045 0.0271667 0.0402550 0.0293742 0.0413397 0.0276160 0.0289557 0.0269577 0.0358109 0.0290575 0.0470451 0.0452463 0.0454665 0.0289817 0.0407436 0.0411908 0.0396130 0.0409645 0.0447616 0.0395078 0.0486831 0.0412474 0.0548724 0.0420143 0.0391145 0.0598083 0.0589294 0.0586755 0.0433947 0.0472417 0.0387163 0.0395527 0.0333067 0.0396908 0.0406363 0.0284122 0.0370714 0.0392364 0.0402540 0.0358604 0.0336421 0.0298596 0.0403550 0.0388034 0.0306429 0.0550380 0.0388154 0.0422671 0.0381152 0.0293317 0.0329219 0.0466125 0.0440187 0.0344205 0.0442905 0.0478771 0.0411445 0.0396958 0.0332709 0.0310435 0.0400668 0.0470011 0.0261359 0.0280355 0.0299981 0.0357792 0.0401709 0.0441176 0.0280478 0.0259586 0.0427560 0.0540782 0.0377189 0.0340293 0.0329213 0.0278989 0.0414555 0.0328879 0.0431722 0.0462678 0.0270747 0.0449317 0.0299788 0.0268292 0.0290069 0.0372623 0.0384807 0.0417364 0.0373332 0.0292336 0.0332053 0.0361633 0.0537007 0.0322874 0.0379487 0.0520506 0.0295099 0.0269352 0.0425722 0.0394672 0.0301540 0.0416361 0.0464931 0.0358312 0.0272824 0.0274616 0.0394912 0.0350610 0.0355760 0.0456028 0.0285451 0.0446624 0.0309392 0.0331541 0.0270603 0.0381418 0.0490445 0.0436108 0.0319049 0.0416273 0.0310215 0.0359714 0.0342959 0.0271847 0.0300116 0.0269727 0.0370038 0.0294988 0.0510558 0.0427750 0.0341114 0.0290001 0.0433320 0.0511501 0.0378391 0.0398598 0.0256406 0.0302161 0.0314897 0.0298220 0.0304006 0.0312509 0.0382995 0.0403661 0.0367997 0.0480278 0.0310491 0.0367255 0.0428652 0.0411429 0.0304858 0.0611242 0.0308206 0.0341307 0.0314021 0.0425264 0.0401288 0.0503531 0.0265039 0.0266429 0.0276373 0.0290748 0.0473867 0.0300921 0.0444868 0.0433081 0.0390125 0.0390363 0.0995771 0.0977924 0.0398632 0.0458522 0.0445575 0.0369884 0.0326666 0.0412636 
I0188_135_Apodidae_Streptoprocne_zonaris                  0.0268632 0.0386506 0.0359320 0.0000000 0.0384186 0.0337112 0.0412017 0.0297086 0.0528129 0.0463851 0.0297063 0.0387490 0.0384997 0.0424886 0.0410373 0.0298885 0.0218754 0.0412819 0.0244440 0.0401204 0.0272794 0.0405762 0.0262584 0.0265538 0.0244788 0.0342533 0.0257807 0.0456692 0.0440914 0.0456133 0.0273059 0.0396253 0.0393652 0.0317405 0.0328249 0.0429562 0.0382080 0.0479552 0.0393220 0.0544990 0.0412251 0.0379987 0.0603208 0.0589727 0.0577094 0.0426261 0.0465306 0.0386422 0.0353505 0.0315448 0.0392997 0.0389960 0.0256723 0.0352402 0.0382162 0.0392499 0.0348222 0.0299707 0.0274358 0.0400609 0.0155848 0.0285831 0.0550199 0.0381801 0.0415087 0.0380285 0.0264358 0.0289562 0.0466631 0.0428951 0.0300958 0.0426536 0.0460048 0.0406887 0.0391494 0.0324113 0.0288071 0.0384497 0.0459661 0.0251962 0.0275434 0.0277643 0.0344888 0.0406581 0.0435349 0.0253179 0.0251492 0.0345266 0.0527041 0.0356864 0.0323845 0.0310283 0.0245842 0.0403408 0.0331674 0.0421143 0.0451418 0.0253797 0.0435297 0.0271857 0.0261411 0.0261289 0.0363114 0.0390677 0.0407220 0.0363537 0.0259153 0.0305351 0.0348956 0.0531693 0.0290786 0.0373651 0.0515370 0.0267101 0.0240650 0.0419660 0.0388951 0.0268587 0.0391264 0.0445344 0.0338381 0.0244194 0.0245601 0.0389646 0.0146708 0.0339188 0.0423661 0.0262521 0.0449181 0.0288611 0.0272147 0.0244299 0.0358075 0.0488257 0.0407597 0.0278771 0.0409993 0.0284284 0.0330232 0.0322796 0.0242628 0.0279983 0.0250841 0.0363266 0.0269835 0.0492763 0.0428056 0.0317066 0.0262350 0.0433028 0.0489530 0.0369588 0.0386859 0.0226304 0.0270390 0.0290909 0.0277867 0.0285995 0.0283544 0.0345953 0.0368766 0.0360648 0.0471166 0.0288595 0.0361153 0.0420752 0.0409311 0.0282640 0.0607010 0.0285795 0.0332146 0.0280882 0.0417508 0.0389547 0.0493179 0.0249232 0.0252575 0.0248761 0.0285927 0.0446814 0.0284765 0.0432942 0.0420123 0.0371855 0.0387234 0.1007187 0.0986534 0.0386717 0.0451353 0.0435198 0.0342309 0.0326619 0.0392896 
I0189_225_Eurylaimidae_Smithornis_rufolateralis           0.0311322 0.0410085 0.0390600 0.0384186 0.0000000 0.0373854 0.0450248 0.0336468 0.0555190 0.0497553 0.0346692 0.0280821 0.0423320 0.0448861 0.0265244 0.0353075 0.0259477 0.0269277 0.0306964 0.0260824 0.0325260 0.0275737 0.0304181 0.0321529 0.0300451 0.0383661 0.0321626 0.0486140 0.0322760 0.0344215 0.0318554 0.0252484 0.0258286 0.0426880 0.0433533 0.0329418 0.0249273 0.0510623 0.0258899 0.0549862 0.0266565 0.0236910 0.0622263 0.0605660 0.0606386 0.0315134 0.0492941 0.0423157 0.0415177 0.0359384 0.0261619 0.0258399 0.0316379 0.0381201 0.0240352 0.0257483 0.0389029 0.0359078 0.0328042 0.0258618 0.0402719 0.0326939 0.0565852 0.0244834 0.0432148 0.0411304 0.0318722 0.0345347 0.0487295 0.0465618 0.0357073 0.0464161 0.0490724 0.0269348 0.0247468 0.0365165 0.0329956 0.0240598 0.0495363 0.0281147 0.0317797 0.0335386 0.0369790 0.0438126 0.0463338 0.0304831 0.0291689 0.0441127 0.0549350 0.0390307 0.0355365 0.0358197 0.0308817 0.0431728 0.0366123 0.0447618 0.0475244 0.0305495 0.0463155 0.0334340 0.0303298 0.0322718 0.0412296 0.0418439 0.0440470 0.0410503 0.0326082 0.0359909 0.0379563 0.0540263 0.0353010 0.0405009 0.0528172 0.0318371 0.0295227 0.0287689 0.0423886 0.0324202 0.0284900 0.0473856 0.0369226 0.0311289 0.0303136 0.0187154 0.0380165 0.0372217 0.0461438 0.0317546 0.0475392 0.0340479 0.0353707 0.0306548 0.0415897 0.0514104 0.0455765 0.0346734 0.0223864 0.0337306 0.0386420 0.0361300 0.0304121 0.0335543 0.0313118 0.0386484 0.0322017 0.0521993 0.0473013 0.0369863 0.0323609 0.0481981 0.0526019 0.0275439 0.0245206 0.0292351 0.0330480 0.0339645 0.0330063 0.0324705 0.0346178 0.0404400 0.0425922 0.0377222 0.0502538 0.0340166 0.0379674 0.0283451 0.0263380 0.0336169 0.0641598 0.0342354 0.0378650 0.0340021 0.0206684 0.0280029 0.0516090 0.0301849 0.0297817 0.0314906 0.0324133 0.0483320 0.0321574 0.0320880 0.0312139 0.0266751 0.0153935 0.1013530 0.0981031 0.0283910 0.0338586 0.0318809 0.0388571 0.0358828 0.0310252 
I0190_295_Trogonidae_Apaloderma_aequatoriale              0.0269859 0.0373847 0.0117972 0.0337112 0.0373854 0.0000000 0.0422674 0.0300386 0.0524237 0.0460058 0.0301261 0.0387703 0.0380296 0.0396645 0.0409803 0.0312276 0.0218188 0.0398106 0.0261455 0.0387779 0.0284085 0.0401662 0.0264483 0.0279578 0.0263842 0.0339191 0.0277482 0.0462457 0.0434254 0.0445540 0.0280964 0.0391151 0.0390758 0.0379639 0.0391161 0.0428046 0.0380901 0.0477217 0.0394011 0.0538656 0.0406488 0.0373726 0.0588617 0.0582072 0.0578190 0.0427831 0.0458445 0.0383707 0.0379832 0.0318979 0.0384950 0.0393489 0.0278974 0.0351207 0.0377010 0.0389364 0.0342927 0.0319988 0.0290802 0.0385767 0.0373173 0.0293185 0.0544279 0.0368579 0.0410633 0.0372074 0.0283672 0.0320473 0.0460059 0.0429315 0.0324330 0.0433813 0.0469978 0.0400138 0.0380977 0.0329177 0.0297034 0.0381775 0.0457903 0.0244985 0.0271166 0.0289832 0.0342212 0.0396272 0.0427072 0.0269848 0.0251092 0.0411691 0.0530314 0.0361866 0.0325653 0.0319311 0.0268151 0.0401135 0.0319803 0.0416002 0.0449934 0.0262532 0.0438152 0.0285454 0.0257426 0.0280013 0.0358647 0.0378725 0.0414839 0.0363380 0.0278297 0.0318780 0.0345306 0.0529224 0.0310868 0.0372409 0.0508262 0.0281185 0.0258716 0.0410283 0.0389673 0.0292583 0.0404540 0.0454856 0.0336950 0.0261709 0.0263622 0.0376001 0.0339463 0.0343691 0.0448359 0.0274737 0.0437755 0.0300532 0.0315548 0.0262903 0.0369843 0.0483173 0.0418032 0.0306180 0.0407156 0.0296285 0.0346076 0.0326976 0.0264536 0.0294822 0.0261549 0.0364927 0.0280889 0.0492728 0.0422982 0.0330759 0.0278493 0.0426543 0.0500306 0.0368851 0.0380648 0.0248254 0.0290350 0.0306753 0.0292139 0.0290570 0.0303499 0.0369281 0.0389875 0.0363986 0.0467999 0.0299222 0.0362250 0.0412944 0.0396673 0.0294073 0.0601679 0.0300991 0.0330489 0.0303303 0.0406441 0.0386360 0.0494569 0.0258970 0.0257418 0.0269397 0.0286288 0.0464727 0.0288231 0.0434573 0.0420933 0.0375780 0.0376415 0.0979047 0.0965968 0.0384284 0.0442892 0.0432623 0.0358490 0.0320206 0.0404073 
I0191_344_Indicatoridae_Indicator_exilis                  0.0345603 0.0413025 0.0434960 0.0412017 0.0450248 0.0422674 0.0000000 0.0369155 0.0536920 0.0263488 0.0379532 0.0437899 0.0429990 0.0443603 0.0485274 0.0380586 0.0300878 0.0487585 0.0334106 0.0477350 0.0364016 0.0483847 0.0338526 0.0352997 0.0335454 0.0429579 0.0348304 0.0195635 0.0493782 0.0508746 0.0358127 0.0482291 0.0474145 0.0460060 0.0460083 0.0483707 0.0461873 0.0555817 0.0475449 0.0613751 0.0486257 0.0454401 0.0665730 0.0656445 0.0647641 0.0475886 0.0487321 0.0396050 0.0436522 0.0392539 0.0462943 0.0471879 0.0342295 0.0426671 0.0459304 0.0469983 0.0429272 0.0393322 0.0362809 0.0477367 0.0442514 0.0369858 0.0613599 0.0461287 0.0486773 0.0454215 0.0355562 0.0397052 0.0534151 0.0504335 0.0395663 0.0166246 0.0545372 0.0478538 0.0460423 0.0396079 0.0371464 0.0461781 0.0270598 0.0291070 0.0353093 0.0361822 0.0420718 0.0420337 0.0446890 0.0335377 0.0334046 0.0482854 0.0600813 0.0433164 0.0396940 0.0396359 0.0343986 0.0490202 0.0371866 0.0498962 0.0253061 0.0338273 0.0512012 0.0369051 0.0329900 0.0350379 0.0444264 0.0407092 0.0462790 0.0441946 0.0355344 0.0393227 0.0418971 0.0605819 0.0381330 0.0460842 0.0586769 0.0355982 0.0328609 0.0497226 0.0450113 0.0367267 0.0455546 0.0526408 0.0413828 0.0337015 0.0341516 0.0451740 0.0415228 0.0411720 0.0506368 0.0350499 0.0471835 0.0373070 0.0388687 0.0342532 0.0440226 0.0293750 0.0487554 0.0377458 0.0480310 0.0372712 0.0416121 0.0400692 0.0343560 0.0368891 0.0343328 0.0427588 0.0355880 0.0565287 0.0503292 0.0397068 0.0347517 0.0517872 0.0567362 0.0435711 0.0464973 0.0326212 0.0363883 0.0383652 0.0360350 0.0353691 0.0372893 0.0434784 0.0435456 0.0430743 0.0547965 0.0366786 0.0424183 0.0486765 0.0484509 0.0363402 0.0677143 0.0371612 0.0423065 0.0372822 0.0482899 0.0446795 0.0580281 0.0331765 0.0328536 0.0344811 0.0359198 0.0532118 0.0355496 0.0480101 0.0468365 0.0424127 0.0455468 0.1036208 0.1011831 0.0447734 0.0498638 0.0486320 0.0422978 0.0376627 0.0463197 
I0192_375_Musophagidae_Tauraco_macrorhynchus              0.0218217 0.0332760 0.0314464 0.0297086 0.0336468 0.0300386 0.0369155 0.0000000 0.0488036 0.0418670 0.0143989 0.0345898 0.0334325 0.0357535 0.0373325 0.0263561 0.0172706 0.0369384 0.0198866 0.0357544 0.0227907 0.0361148 0.0223928 0.0223778 0.0194525 0.0303377 0.0217796 0.0409806 0.0396088 0.0410715 0.0229934 0.0357488 0.0354687 0.0343890 0.0348368 0.0387761 0.0336587 0.0436858 0.0360892 0.0495209 0.0373795 0.0340313 0.0539605 0.0537608 0.0527587 0.0383985 0.0418108 0.0341159 0.0319889 0.0273223 0.0356090 0.0356911 0.0202868 0.0316459 0.0341408 0.0357276 0.0310324 0.0271922 0.0223486 0.0358786 0.0334567 0.0240645 0.0503650 0.0347298 0.0371985 0.0322072 0.0221103 0.0266512 0.0420828 0.0382944 0.0279404 0.0378816 0.0408893 0.0364231 0.0352132 0.0270083 0.0242910 0.0346757 0.0420697 0.0212438 0.0219538 0.0229626 0.0301096 0.0353392 0.0385305 0.0199433 0.0193762 0.0363971 0.0485153 0.0315565 0.0286504 0.0259136 0.0201606 0.0355552 0.0283957 0.0378821 0.0405824 0.0192497 0.0391690 0.0227129 0.0209766 0.0220815 0.0326253 0.0336804 0.0367399 0.0325832 0.0217993 0.0258179 0.0311346 0.0488383 0.0250420 0.0317194 0.0474541 0.0224955 0.0189097 0.0379655 0.0336739 0.0229746 0.0360463 0.0394964 0.0305716 0.0206858 0.0209571 0.0346990 0.0296739 0.0299809 0.0382674 0.0213214 0.0421139 0.0246249 0.0270292 0.0203051 0.0313760 0.0447528 0.0365893 0.0251104 0.0372987 0.0239075 0.0298000 0.0288424 0.0203919 0.0228897 0.0206460 0.0307067 0.0222742 0.0459923 0.0388533 0.0286624 0.0220830 0.0403631 0.0439237 0.0335515 0.0349488 0.0186244 0.0230202 0.0241990 0.0226858 0.0227804 0.0241764 0.0311237 0.0324166 0.0310609 0.0431261 0.0248308 0.0308125 0.0379802 0.0368295 0.0243132 0.0558062 0.0237303 0.0292999 0.0240795 0.0372587 0.0344352 0.0455083 0.0190798 0.0210013 0.0207092 0.0237535 0.0406047 0.0226964 0.0392751 0.0374359 0.0336603 0.0345706 0.0952747 0.0925139 0.0344909 0.0410534 0.0390685 0.0316870 0.0275768 0.0359539 
I0194_495_Alcedinidae_Alcedo_quadribrachys                0.0463409 0.0419322 0.0535963 0.0528129 0.0555190 0.0524237 0.0536920 0.0488036 0.0000000 0.0564831 0.0498712 0.0558115 0.0519556 0.0481754 0.0574107 0.0499907 0.0410059 0.0564654 0.0454966 0.0568789 0.0474367 0.0584719 0.0450470 0.0472867 0.0450555 0.0519738 0.0464858 0.0570094 0.0598209 0.0608288 0.0468353 0.0556519 0.0549183 0.0561711 0.0558448 0.0600139 0.0552103 0.0661725 0.0548188 0.0703267 0.0564757 0.0531045 0.0720355 0.0735831 0.0732527 0.0576983 0.0602109 0.0468427 0.0554145 0.0498001 0.0569246 0.0554883 0.0460919 0.0538962 0.0527672 0.0551689 0.0525347 0.0513682 0.0481218 0.0551875 0.0556799 0.0474643 0.0711945 0.0544392 0.0611086 0.0566888 0.0472778 0.0500953 0.0619569 0.0643277 0.0515130 0.0534119 0.0638856 0.0583971 0.0544628 0.0505167 0.0481030 0.0544309 0.0566080 0.0379316 0.0468318 0.0482261 0.0527174 0.0522055 0.0548422 0.0457335 0.0438863 0.0567389 0.0708811 0.0531400 0.0513388 0.0508600 0.0455763 0.0598160 0.0448694 0.0625492 0.0559625 0.0451807 0.0628259 0.0478648 0.0450782 0.0466201 0.0524865 0.0456590 0.0547800 0.0523553 0.0469313 0.0494923 0.0533003 0.0697608 0.0493260 0.0561337 0.0693483 0.0468418 0.0447367 0.0595590 0.0541673 0.0479074 0.0549603 0.0628441 0.0525053 0.0464539 0.0461057 0.0560152 0.0517240 0.0520669 0.0622247 0.0468259 0.0585234 0.0493108 0.0501554 0.0460434 0.0505384 0.0589892 0.0586453 0.0504495 0.0584810 0.0488340 0.0522082 0.0499582 0.0459879 0.0480390 0.0461528 0.0514987 0.0470204 0.0674473 0.0602306 0.0485822 0.0470658 0.0617990 0.0676390 0.0545647 0.0536444 0.0441235 0.0476555 0.0492052 0.0474249 0.0475623 0.0479689 0.0548497 0.0532057 0.0517722 0.0646334 0.0482066 0.0512476 0.0599017 0.0556430 0.0479174 0.0732419 0.0493473 0.0508746 0.0482449 0.0569676 0.0550496 0.0673317 0.0453234 0.0455765 0.0460995 0.0463530 0.0640784 0.0471964 0.0575024 0.0597172 0.0534748 0.0550338 0.1158733 0.1125909 0.0548596 0.0591635 0.0596443 0.0536177 0.0474534 0.0553784 
I0195_522_Ramphastidae_Buccanodon_duchaillui              0.0393384 0.0443569 0.0472641 0.0463851 0.0497553 0.0460058 0.0263488 0.0418670 0.0564831 0.0000000 0.0424625 0.0481646 0.0459742 0.0487871 0.0520964 0.0429255 0.0342369 0.0525601 0.0385233 0.0519809 0.0411930 0.0519637 0.0384088 0.0401551 0.0380010 0.0465778 0.0390698 0.0294481 0.0534367 0.0552477 0.0391930 0.0517349 0.0513505 0.0499536 0.0499213 0.0518943 0.0499381 0.0604706 0.0515558 0.0645663 0.0528761 0.0493006 0.0699885 0.0699733 0.0685891 0.0517585 0.0518392 0.0409507 0.0467960 0.0434164 0.0504962 0.0515555 0.0393916 0.0466682 0.0496981 0.0503719 0.0472596 0.0440454 0.0409503 0.0515708 0.0484766 0.0415959 0.0647624 0.0494378 0.0529849 0.0499475 0.0408722 0.0438149 0.0565130 0.0554619 0.0442806 0.0271847 0.0587543 0.0515855 0.0499586 0.0436139 0.0416963 0.0499245 0.0205744 0.0324918 0.0401994 0.0408403 0.0461926 0.0453969 0.0477573 0.0388226 0.0381913 0.0520532 0.0642634 0.0466614 0.0441880 0.0439872 0.0391298 0.0526083 0.0410993 0.0546830 0.0196436 0.0375498 0.0557103 0.0405703 0.0380532 0.0400585 0.0477154 0.0445786 0.0497712 0.0477446 0.0397518 0.0434438 0.0465186 0.0639221 0.0437158 0.0497753 0.0623683 0.0400766 0.0379549 0.0540592 0.0495982 0.0414837 0.0498072 0.0569490 0.0461212 0.0395181 0.0389461 0.0488841 0.0459248 0.0461455 0.0550605 0.0392603 0.0513477 0.0417269 0.0433027 0.0391276 0.0480687 0.0232236 0.0528615 0.0420729 0.0520013 0.0411150 0.0456018 0.0439678 0.0391728 0.0410094 0.0393905 0.0463110 0.0398488 0.0605660 0.0533558 0.0434970 0.0400572 0.0547765 0.0616894 0.0480784 0.0505819 0.0376282 0.0412912 0.0421441 0.0412548 0.0400317 0.0423840 0.0477849 0.0480848 0.0469786 0.0587513 0.0409122 0.0464902 0.0533864 0.0523488 0.0406271 0.0708577 0.0408601 0.0460479 0.0412518 0.0524640 0.0490276 0.0616598 0.0382170 0.0374094 0.0389857 0.0405284 0.0578148 0.0401302 0.0533237 0.0514938 0.0475131 0.0498542 0.1061781 0.1050415 0.0489533 0.0540118 0.0526200 0.0460855 0.0409467 0.0511970 
I0196_523_Musophagidae_Corythaeola_cristata               0.0214550 0.0340868 0.0310037 0.0297063 0.0346692 0.0301261 0.0379532 0.0143989 0.0498712 0.0424625 0.0000000 0.0349137 0.0344683 0.0367700 0.0369824 0.0253912 0.0169818 0.0376522 0.0199849 0.0363785 0.0228082 0.0364922 0.0223130 0.0218833 0.0195401 0.0304263 0.0217387 0.0417562 0.0402424 0.0419986 0.0228752 0.0367037 0.0363087 0.0343480 0.0348622 0.0394748 0.0339170 0.0436230 0.0369446 0.0499272 0.0371917 0.0348152 0.0543270 0.0539686 0.0534738 0.0384634 0.0420171 0.0340089 0.0321042 0.0274680 0.0357454 0.0362399 0.0207765 0.0315796 0.0344210 0.0358875 0.0298697 0.0268948 0.0222864 0.0363829 0.0324390 0.0240981 0.0510586 0.0352234 0.0369616 0.0327171 0.0216326 0.0260110 0.0412380 0.0376390 0.0277401 0.0392613 0.0406059 0.0365172 0.0357317 0.0269208 0.0246175 0.0351208 0.0423656 0.0216163 0.0218834 0.0226791 0.0301260 0.0355860 0.0391150 0.0202663 0.0193270 0.0365769 0.0492307 0.0309434 0.0285391 0.0260086 0.0193804 0.0350795 0.0281573 0.0371461 0.0409876 0.0199791 0.0385305 0.0226885 0.0207216 0.0211162 0.0331007 0.0336445 0.0367867 0.0330637 0.0218549 0.0262963 0.0312683 0.0491523 0.0250222 0.0320528 0.0476394 0.0218141 0.0193854 0.0380520 0.0334200 0.0222771 0.0362891 0.0395735 0.0302512 0.0203660 0.0199097 0.0345722 0.0295159 0.0304043 0.0373550 0.0213523 0.0407859 0.0242025 0.0267719 0.0195562 0.0324194 0.0461181 0.0367152 0.0251801 0.0374342 0.0237592 0.0288551 0.0282777 0.0195809 0.0230691 0.0196538 0.0312409 0.0223544 0.0459163 0.0383992 0.0285616 0.0212547 0.0398468 0.0437054 0.0329896 0.0353225 0.0183325 0.0234447 0.0243925 0.0228607 0.0227728 0.0244476 0.0304452 0.0324766 0.0315149 0.0431053 0.0241231 0.0313690 0.0381029 0.0371409 0.0235684 0.0561830 0.0235066 0.0292868 0.0241812 0.0368732 0.0349346 0.0455853 0.0194877 0.0207105 0.0207082 0.0238266 0.0404436 0.0224640 0.0397258 0.0378387 0.0336970 0.0349617 0.0960026 0.0932784 0.0349414 0.0411917 0.0397153 0.0305552 0.0280782 0.0360099 
I0197_832_Corvidae_Corvus_albus                           0.0313162 0.0408988 0.0403019 0.0387490 0.0280821 0.0387703 0.0437899 0.0345898 0.0558115 0.0481646 0.0349137 0.0000000 0.0418420 0.0450498 0.0300104 0.0351558 0.0269922 0.0297501 0.0301806 0.0295661 0.0327398 0.0307472 0.0306533 0.0323977 0.0304305 0.0394374 0.0319511 0.0469715 0.0183085 0.0211196 0.0321631 0.0287844 0.0282362 0.0428091 0.0428051 0.0189461 0.0282092 0.0511470 0.0280638 0.0575207 0.0294996 0.0265192 0.0623338 0.0605051 0.0600007 0.0175406 0.0484702 0.0419053 0.0417213 0.0359307 0.0298328 0.0288026 0.0311397 0.0392025 0.0263703 0.0290431 0.0399794 0.0363759 0.0326945 0.0293830 0.0407800 0.0329422 0.0579978 0.0274242 0.0450718 0.0425422 0.0319127 0.0352708 0.0495723 0.0481641 0.0363856 0.0439210 0.0494799 0.0303255 0.0275579 0.0364428 0.0331756 0.0269040 0.0486764 0.0278340 0.0310696 0.0328900 0.0368900 0.0440031 0.0468856 0.0302188 0.0300719 0.0442731 0.0561935 0.0391115 0.0360805 0.0357817 0.0308412 0.0445796 0.0362316 0.0460932 0.0464808 0.0306963 0.0476075 0.0327192 0.0302152 0.0323446 0.0403665 0.0408966 0.0441508 0.0407731 0.0321547 0.0353155 0.0378570 0.0562552 0.0356115 0.0419554 0.0541659 0.0323925 0.0297931 0.0317461 0.0432384 0.0328281 0.0205020 0.0478182 0.0375201 0.0307595 0.0308351 0.0294048 0.0384112 0.0372058 0.0464088 0.0310929 0.0473604 0.0341007 0.0349742 0.0308450 0.0408247 0.0495599 0.0449521 0.0348802 0.0320225 0.0333120 0.0387271 0.0363461 0.0308881 0.0329233 0.0310863 0.0396232 0.0319572 0.0518824 0.0460142 0.0370504 0.0320147 0.0469806 0.0515862 0.0197162 0.0271354 0.0292535 0.0327490 0.0335496 0.0328195 0.0329052 0.0346497 0.0400899 0.0422643 0.0388042 0.0506195 0.0332827 0.0390271 0.0318706 0.0291755 0.0332522 0.0637162 0.0333756 0.0377966 0.0344898 0.0310069 0.0189856 0.0533558 0.0304100 0.0295809 0.0317734 0.0328112 0.0482563 0.0326853 0.0188265 0.0175299 0.0087676 0.0283088 0.1006994 0.0987561 0.0192200 0.0201377 0.0177889 0.0382956 0.0359136 0.0302912 
I0198_937_Bucerotidae_Tockus_camurus                      0.0313064 0.0377687 0.0389512 0.0384997 0.0423320 0.0380296 0.0429990 0.0334325 0.0519556 0.0459742 0.0344683 0.0418420 0.0000000 0.0410762 0.0456746 0.0349643 0.0265769 0.0446262 0.0302849 0.0434913 0.0327751 0.0444186 0.0310661 0.0322113 0.0308024 0.0388966 0.0319304 0.0461077 0.0476458 0.0489493 0.0321627 0.0432028 0.0443663 0.0428583 0.0433713 0.0464303 0.0423954 0.0522618 0.0443185 0.0591236 0.0447214 0.0422830 0.0637511 0.0626087 0.0620430 0.0462765 0.0445039 0.0399832 0.0408521 0.0358459 0.0432700 0.0437225 0.0313516 0.0402017 0.0419699 0.0436666 0.0394630 0.0378720 0.0338115 0.0441121 0.0413945 0.0335046 0.0594946 0.0423228 0.0464973 0.0427807 0.0329968 0.0358606 0.0503265 0.0479480 0.0366410 0.0433343 0.0506673 0.0444674 0.0430447 0.0370220 0.0337354 0.0429252 0.0468312 0.0278160 0.0314470 0.0330654 0.0388955 0.0414879 0.0447119 0.0308366 0.0291409 0.0453816 0.0576440 0.0395058 0.0368179 0.0371658 0.0313428 0.0453485 0.0345527 0.0476243 0.0459972 0.0301627 0.0488356 0.0334612 0.0303793 0.0326143 0.0414867 0.0397218 0.0449345 0.0407625 0.0323790 0.0354014 0.0396194 0.0573445 0.0361176 0.0428713 0.0567210 0.0331782 0.0303789 0.0460230 0.0430441 0.0333724 0.0438279 0.0491070 0.0394360 0.0308494 0.0315660 0.0426420 0.0378817 0.0383476 0.0485678 0.0320177 0.0435958 0.0342838 0.0356320 0.0311540 0.0414890 0.0479088 0.0460724 0.0355297 0.0454475 0.0333110 0.0376890 0.0367727 0.0309890 0.0335509 0.0313100 0.0392422 0.0324421 0.0542178 0.0475059 0.0370409 0.0328203 0.0487822 0.0539559 0.0406636 0.0427833 0.0287942 0.0332837 0.0346939 0.0337168 0.0324737 0.0344952 0.0406661 0.0418253 0.0393874 0.0518419 0.0340646 0.0394639 0.0465578 0.0445355 0.0330504 0.0647185 0.0343812 0.0379921 0.0336926 0.0462943 0.0426525 0.0548349 0.0306402 0.0302376 0.0314047 0.0325247 0.0504510 0.0320247 0.0467302 0.0454495 0.0415424 0.0432661 0.1006937 0.0981205 0.0426481 0.0486914 0.0468828 0.0395010 0.0155834 0.0443511 
I0199_955_Meropidae_Merops_muelleri                       0.0334164 0.0368734 0.0403748 0.0424886 0.0448861 0.0396645 0.0443603 0.0357535 0.0481754 0.0487871 0.0367700 0.0450498 0.0410762 0.0000000 0.0465896 0.0380120 0.0289348 0.0447552 0.0335133 0.0449760 0.0352721 0.0471503 0.0338106 0.0347573 0.0329400 0.0421431 0.0340912 0.0476782 0.0491795 0.0494042 0.0350390 0.0446860 0.0446824 0.0456028 0.0462705 0.0488306 0.0446591 0.0535178 0.0450680 0.0595061 0.0461574 0.0431081 0.0633089 0.0639404 0.0635255 0.0475896 0.0494281 0.0396822 0.0440385 0.0382893 0.0453158 0.0447221 0.0335316 0.0417826 0.0430617 0.0452019 0.0428474 0.0396602 0.0356444 0.0444823 0.0450247 0.0360175 0.0599919 0.0429127 0.0463982 0.0432271 0.0351573 0.0387256 0.0499668 0.0495063 0.0385246 0.0453723 0.0540020 0.0464306 0.0436797 0.0391217 0.0364389 0.0438886 0.0480351 0.0285211 0.0338496 0.0347715 0.0410660 0.0429792 0.0427977 0.0339308 0.0319755 0.0483950 0.0584111 0.0422224 0.0393226 0.0385475 0.0332840 0.0460306 0.0326330 0.0478508 0.0474660 0.0325557 0.0486295 0.0355097 0.0325093 0.0346222 0.0426522 0.0359743 0.0472127 0.0431606 0.0343290 0.0393519 0.0418606 0.0582313 0.0378092 0.0441182 0.0572025 0.0356470 0.0329316 0.0481117 0.0451481 0.0351890 0.0456808 0.0525811 0.0408563 0.0336767 0.0333959 0.0446352 0.0407855 0.0407465 0.0509228 0.0346533 0.0484315 0.0364976 0.0380910 0.0331056 0.0430053 0.0500561 0.0488934 0.0382765 0.0478309 0.0362689 0.0405111 0.0405839 0.0329538 0.0352664 0.0330997 0.0420115 0.0344270 0.0558185 0.0491961 0.0399179 0.0347547 0.0502612 0.0576947 0.0436789 0.0437956 0.0317653 0.0359965 0.0376589 0.0354644 0.0352709 0.0369838 0.0439069 0.0446474 0.0420907 0.0526102 0.0361150 0.0416222 0.0477123 0.0455998 0.0352899 0.0652720 0.0361032 0.0409681 0.0366575 0.0474363 0.0449576 0.0551921 0.0333457 0.0325952 0.0338466 0.0349164 0.0520898 0.0350997 0.0472154 0.0475809 0.0431579 0.0443299 0.1086259 0.1052256 0.0449267 0.0491456 0.0472299 0.0415234 0.0359278 0.0448248 
I0200_988_Furnariidae_Furnarius_rufus                     0.0341136 0.0440406 0.0425546 0.0410373 0.0265244 0.0409803 0.0485274 0.0373325 0.0574107 0.0520964 0.0369824 0.0300104 0.0456746 0.0465896 0.0000000 0.0383519 0.0292052 0.0246015 0.0330598 0.0248260 0.0355078 0.0219189 0.0335606 0.0354354 0.0327020 0.0404105 0.0348694 0.0515974 0.0338972 0.0355364 0.0354418 0.0241785 0.0244979 0.0441409 0.0455563 0.0345997 0.0127298 0.0528785 0.0241412 0.0580581 0.0250106 0.0219178 0.0643214 0.0632214 0.0633841 0.0334733 0.0513503 0.0444937 0.0443430 0.0380061 0.0205301 0.0238891 0.0341140 0.0405633 0.0218353 0.0119421 0.0407842 0.0381467 0.0353079 0.0237109 0.0435791 0.0361649 0.0592097 0.0231954 0.0463439 0.0436289 0.0344322 0.0376780 0.0507125 0.0488582 0.0386790 0.0496578 0.0523604 0.0216851 0.0234407 0.0383423 0.0364209 0.0229702 0.0515788 0.0296297 0.0348083 0.0355724 0.0399732 0.0456500 0.0483526 0.0332694 0.0324959 0.0469390 0.0578736 0.0419555 0.0384744 0.0384191 0.0332995 0.0457642 0.0388166 0.0482091 0.0506477 0.0338825 0.0492760 0.0359027 0.0327384 0.0346239 0.0437965 0.0440960 0.0467035 0.0436584 0.0353133 0.0384803 0.0404054 0.0564150 0.0378769 0.0434494 0.0560779 0.0349423 0.0323508 0.0234296 0.0446169 0.0355288 0.0308006 0.0511056 0.0394069 0.0333790 0.0328159 0.0261121 0.0411917 0.0392649 0.0496590 0.0344188 0.0496899 0.0367425 0.0370853 0.0327521 0.0439182 0.0549125 0.0482307 0.0374774 0.0294763 0.0365735 0.0406821 0.0399610 0.0327203 0.0355557 0.0331182 0.0419222 0.0352289 0.0544335 0.0496527 0.0406583 0.0342586 0.0499984 0.0563885 0.0292529 0.0225274 0.0315589 0.0355303 0.0364278 0.0359318 0.0358092 0.0377940 0.0434141 0.0457561 0.0410550 0.0521380 0.0368728 0.0412264 0.0223236 0.0242142 0.0359731 0.0648373 0.0357860 0.0402767 0.0374392 0.0268252 0.0306025 0.0543629 0.0332392 0.0318118 0.0340969 0.0353277 0.0517805 0.0348836 0.0336828 0.0332997 0.0285874 0.0256431 0.1049736 0.1027303 0.0308018 0.0352496 0.0337585 0.0420652 0.0390247 0.0331861 
I0201_999_Scolopacidae_Tringa_solitaria                   0.0224543 0.0328359 0.0326801 0.0298885 0.0353075 0.0312276 0.0380586 0.0263561 0.0499907 0.0429255 0.0253912 0.0351558 0.0349643 0.0380120 0.0383519 0.0000000 0.0177159 0.0388158 0.0209191 0.0377530 0.0182565 0.0381303 0.0223627 0.0186201 0.0208492 0.0306945 0.0188810 0.0421494 0.0411849 0.0425823 0.0232195 0.0370491 0.0367197 0.0337851 0.0346557 0.0398646 0.0358332 0.0434987 0.0373551 0.0495382 0.0380654 0.0351033 0.0558877 0.0558508 0.0545533 0.0386995 0.0424643 0.0339328 0.0331358 0.0279177 0.0371253 0.0366425 0.0222391 0.0319834 0.0352333 0.0375701 0.0310038 0.0277471 0.0236933 0.0377233 0.0332851 0.0249899 0.0506826 0.0357435 0.0370020 0.0333453 0.0230950 0.0264407 0.0426365 0.0391220 0.0283495 0.0391550 0.0420889 0.0381267 0.0367423 0.0283210 0.0250413 0.0356442 0.0430894 0.0213482 0.0225698 0.0182367 0.0307116 0.0354482 0.0395979 0.0212184 0.0206554 0.0365199 0.0488127 0.0204679 0.0285295 0.0269212 0.0212681 0.0363709 0.0285968 0.0380875 0.0418490 0.0208828 0.0394205 0.0196479 0.0213613 0.0228803 0.0336464 0.0349230 0.0370835 0.0340513 0.0190494 0.0275933 0.0309021 0.0485515 0.0258580 0.0337432 0.0470110 0.0233719 0.0205471 0.0402903 0.0341172 0.0229027 0.0368226 0.0405350 0.0299111 0.0214504 0.0214840 0.0355692 0.0295536 0.0299964 0.0387226 0.0221184 0.0416986 0.0198304 0.0274606 0.0212647 0.0328359 0.0457669 0.0376066 0.0263537 0.0380510 0.0200912 0.0192193 0.0281994 0.0211798 0.0237487 0.0215346 0.0314428 0.0176593 0.0417706 0.0398584 0.0278104 0.0228837 0.0413602 0.0453178 0.0338409 0.0357404 0.0193980 0.0231256 0.0247134 0.0242981 0.0244916 0.0255169 0.0312874 0.0346607 0.0323239 0.0431630 0.0079541 0.0313385 0.0400843 0.0382184 0.0084391 0.0568954 0.0242317 0.0298113 0.0253723 0.0386220 0.0354014 0.0453104 0.0208115 0.0217930 0.0217623 0.0241198 0.0414391 0.0239539 0.0401694 0.0380824 0.0342776 0.0351752 0.0962066 0.0941643 0.0352541 0.0419885 0.0393981 0.0193587 0.0285420 0.0361704 
I0202_1066_Cathartidae_Cathartes_burrovianus              0.0131413 0.0254554 0.0230673 0.0218754 0.0259477 0.0218188 0.0300878 0.0172706 0.0410059 0.0342369 0.0169818 0.0269922 0.0265769 0.0289348 0.0292052 0.0177159 0.0000000 0.0293485 0.0123618 0.0277319 0.0148262 0.0285523 0.0134937 0.0136119 0.0115863 0.0187506 0.0138284 0.0336525 0.0319091 0.0339921 0.0142368 0.0274940 0.0280212 0.0269784 0.0276148 0.0313381 0.0261734 0.0361653 0.0282488 0.0428628 0.0293013 0.0260614 0.0481125 0.0474477 0.0466106 0.0307063 0.0350029 0.0261713 0.0260776 0.0184683 0.0279522 0.0274612 0.0126929 0.0229704 0.0256773 0.0276924 0.0200746 0.0187852 0.0144309 0.0279651 0.0254748 0.0149278 0.0438730 0.0265003 0.0295097 0.0250937 0.0143133 0.0183566 0.0353871 0.0306816 0.0193922 0.0308016 0.0333060 0.0282113 0.0271022 0.0198873 0.0149887 0.0266926 0.0349663 0.0141388 0.0130970 0.0148315 0.0218665 0.0284381 0.0321548 0.0121801 0.0031194 0.0293439 0.0413305 0.0228455 0.0201923 0.0187663 0.0114524 0.0282270 0.0201113 0.0297878 0.0332204 0.0120331 0.0310263 0.0145255 0.0118339 0.0132953 0.0246856 0.0258029 0.0291634 0.0251316 0.0138685 0.0186863 0.0228279 0.0410567 0.0169258 0.0245557 0.0396674 0.0147096 0.0114341 0.0299467 0.0264533 0.0152291 0.0280847 0.0319204 0.0220869 0.0122071 0.0125965 0.0261200 0.0217680 0.0211840 0.0303013 0.0133146 0.0332389 0.0160523 0.0188789 0.0120686 0.0244021 0.0376721 0.0291078 0.0172343 0.0294144 0.0157008 0.0213048 0.0203577 0.0119078 0.0152776 0.0123264 0.0234661 0.0143452 0.0383376 0.0308859 0.0203817 0.0137084 0.0315385 0.0367591 0.0246595 0.0264614 0.0101108 0.0149456 0.0167108 0.0152111 0.0146606 0.0168095 0.0235818 0.0260711 0.0234018 0.0365722 0.0161445 0.0242632 0.0299422 0.0282058 0.0154983 0.0494421 0.0159897 0.0181755 0.0170161 0.0293604 0.0269761 0.0386926 0.0119546 0.0125608 0.0121644 0.0154117 0.0327604 0.0141888 0.0318109 0.0299111 0.0259182 0.0265964 0.0867119 0.0859495 0.0270918 0.0334506 0.0315952 0.0224501 0.0198137 0.0277360 
I0203_1087_Tyrannidae_Hymenops_perspicillatus             0.0342460 0.0432594 0.0417045 0.0412819 0.0269277 0.0398106 0.0487585 0.0369384 0.0564654 0.0525601 0.0376522 0.0297501 0.0446262 0.0447552 0.0246015 0.0388158 0.0293485 0.0000000 0.0330422 0.0079545 0.0347552 0.0256657 0.0332566 0.0352826 0.0327721 0.0413788 0.0345052 0.0520727 0.0334730 0.0333146 0.0353520 0.0140020 0.0138817 0.0449038 0.0455287 0.0342749 0.0233369 0.0533721 0.0131815 0.0588320 0.0130422 0.0134043 0.0654131 0.0642307 0.0645228 0.0323867 0.0515329 0.0445197 0.0445693 0.0380177 0.0247426 0.0133520 0.0341135 0.0411643 0.0126728 0.0244363 0.0411176 0.0388368 0.0354722 0.0059144 0.0439641 0.0358583 0.0592813 0.0119792 0.0473260 0.0443757 0.0351945 0.0379071 0.0510954 0.0493964 0.0389289 0.0490892 0.0535769 0.0252379 0.0130243 0.0392574 0.0363209 0.0125696 0.0518748 0.0303526 0.0348323 0.0353385 0.0394776 0.0461352 0.0484354 0.0330757 0.0321784 0.0464274 0.0581596 0.0415678 0.0384603 0.0390481 0.0336093 0.0462165 0.0389034 0.0481350 0.0505245 0.0331359 0.0498913 0.0357874 0.0329720 0.0347262 0.0435201 0.0433633 0.0465925 0.0432249 0.0355754 0.0389067 0.0407060 0.0571524 0.0378426 0.0440983 0.0561151 0.0354034 0.0326340 0.0269717 0.0438225 0.0359730 0.0314311 0.0519092 0.0395894 0.0333691 0.0332062 0.0266583 0.0403448 0.0396033 0.0502967 0.0342594 0.0498966 0.0366844 0.0371793 0.0330685 0.0438600 0.0548886 0.0479689 0.0372873 0.0293752 0.0352035 0.0411664 0.0402865 0.0336134 0.0358404 0.0330431 0.0420374 0.0348673 0.0542154 0.0495937 0.0406985 0.0348247 0.0504757 0.0577085 0.0279567 0.0138088 0.0318178 0.0350935 0.0370531 0.0355886 0.0356423 0.0369647 0.0435412 0.0451762 0.0413087 0.0532315 0.0371803 0.0412705 0.0259020 0.0075542 0.0363889 0.0668495 0.0363409 0.0405154 0.0373000 0.0265260 0.0295745 0.0546329 0.0333016 0.0319151 0.0340487 0.0353596 0.0525361 0.0350440 0.0330914 0.0324497 0.0284708 0.0254623 0.1053758 0.1035981 0.0297998 0.0346173 0.0333166 0.0420127 0.0389548 0.0338313 
I0204_1174_Threskiornithidae_Harpiprion_caerulescens      0.0170845 0.0293277 0.0271667 0.0244440 0.0306964 0.0261455 0.0334106 0.0198866 0.0454966 0.0385233 0.0199849 0.0301806 0.0302849 0.0335133 0.0330598 0.0209191 0.0123618 0.0330422 0.0000000 0.0322323 0.0175036 0.0329596 0.0167228 0.0170747 0.0129644 0.0252821 0.0167956 0.0371438 0.0360429 0.0376992 0.0182412 0.0315577 0.0317636 0.0288383 0.0298280 0.0349504 0.0307583 0.0388515 0.0323438 0.0454120 0.0330107 0.0300079 0.0521890 0.0505465 0.0501180 0.0343723 0.0374538 0.0301701 0.0282149 0.0227552 0.0317339 0.0315788 0.0141516 0.0264597 0.0297479 0.0319079 0.0255687 0.0215341 0.0153649 0.0319998 0.0279253 0.0195873 0.0462306 0.0304302 0.0326068 0.0278243 0.0155462 0.0203810 0.0375798 0.0343728 0.0223596 0.0345104 0.0364846 0.0326699 0.0310230 0.0226137 0.0195961 0.0303126 0.0383465 0.0172023 0.0171508 0.0177622 0.0248840 0.0312490 0.0350107 0.0132603 0.0147019 0.0319120 0.0448543 0.0259592 0.0237336 0.0210718 0.0132723 0.0314166 0.0233917 0.0331936 0.0366928 0.0144577 0.0349556 0.0176207 0.0159593 0.0151517 0.0276792 0.0300241 0.0318601 0.0278398 0.0169913 0.0210137 0.0255977 0.0445979 0.0185593 0.0272526 0.0429632 0.0176999 0.0124911 0.0350484 0.0290688 0.0159943 0.0311329 0.0352497 0.0255318 0.0142198 0.0138808 0.0304420 0.0238243 0.0249867 0.0333082 0.0143586 0.0366620 0.0188957 0.0220197 0.0133110 0.0276935 0.0409696 0.0325751 0.0196491 0.0332936 0.0185874 0.0242798 0.0231593 0.0133340 0.0182009 0.0135675 0.0266666 0.0169407 0.0416233 0.0345729 0.0233695 0.0149908 0.0351598 0.0400649 0.0284589 0.0304937 0.0115357 0.0159646 0.0192448 0.0164889 0.0187654 0.0194425 0.0265548 0.0284910 0.0269633 0.0384994 0.0188616 0.0272406 0.0347024 0.0322402 0.0181110 0.0530680 0.0188416 0.0241967 0.0195995 0.0337292 0.0302570 0.0411322 0.0135526 0.0161955 0.0139991 0.0189615 0.0361224 0.0183860 0.0355063 0.0331983 0.0291149 0.0306204 0.0916638 0.0899522 0.0303970 0.0369345 0.0349233 0.0252951 0.0234711 0.0317704 
I0205_1183_Tyrannidae_Hirundinea_ferruginea               0.0332255 0.0429887 0.0402550 0.0401204 0.0260824 0.0387779 0.0477350 0.0357544 0.0568789 0.0519809 0.0363785 0.0295661 0.0434913 0.0449760 0.0248260 0.0377530 0.0277319 0.0079545 0.0322323 0.0000000 0.0339255 0.0255020 0.0318389 0.0339424 0.0319910 0.0401834 0.0331212 0.0513833 0.0332719 0.0330298 0.0346987 0.0131899 0.0136080 0.0441184 0.0450320 0.0342551 0.0230226 0.0516879 0.0129167 0.0561998 0.0124845 0.0126706 0.0637737 0.0627652 0.0631559 0.0315768 0.0504577 0.0442067 0.0440146 0.0375143 0.0245363 0.0126450 0.0331974 0.0404230 0.0124500 0.0239354 0.0395933 0.0380206 0.0344484 0.0071003 0.0430966 0.0352109 0.0569102 0.0117805 0.0448596 0.0420619 0.0342081 0.0369453 0.0492940 0.0483271 0.0380133 0.0479203 0.0523310 0.0250159 0.0121104 0.0379697 0.0355937 0.0119653 0.0515933 0.0294495 0.0338107 0.0345713 0.0388765 0.0448370 0.0479550 0.0324678 0.0306936 0.0456530 0.0556874 0.0407640 0.0374856 0.0379337 0.0323329 0.0443952 0.0382902 0.0456225 0.0495999 0.0319682 0.0477059 0.0344866 0.0323549 0.0333569 0.0424290 0.0424974 0.0457916 0.0425452 0.0344185 0.0379795 0.0398254 0.0554363 0.0370192 0.0420693 0.0536927 0.0340255 0.0316792 0.0266631 0.0431802 0.0348288 0.0301619 0.0505673 0.0389777 0.0324316 0.0318809 0.0260387 0.0396116 0.0389977 0.0492606 0.0330600 0.0489048 0.0358062 0.0369606 0.0321251 0.0429852 0.0543737 0.0469602 0.0365435 0.0296259 0.0345477 0.0405628 0.0388770 0.0320494 0.0345712 0.0319545 0.0408677 0.0336510 0.0528257 0.0491752 0.0393643 0.0332787 0.0495585 0.0557897 0.0275338 0.0133347 0.0303968 0.0344268 0.0350880 0.0348148 0.0347529 0.0356765 0.0427800 0.0450707 0.0402667 0.0514843 0.0362094 0.0400249 0.0253853 0.0078705 0.0354445 0.0656191 0.0351409 0.0387342 0.0358981 0.0262312 0.0289380 0.0525099 0.0321826 0.0311678 0.0328078 0.0342337 0.0508375 0.0344597 0.0328809 0.0326485 0.0274663 0.0247312 0.1047021 0.1026361 0.0293916 0.0341233 0.0330144 0.0405758 0.0381118 0.0327177 
