35
Burramyidae_Burramys_parvus                  0.0000000 0.0802583 0.0544639 0.0475406 0.0496662 0.0660567 0.0336732 0.0425765 0.0494468 0.0752830 0.0370212 0.0607036 0.0645212 0.0376393 0.0506322 0.0615502 0.0667163 0.0780893 0.0475027 0.0554366 0.0708301 0.0624193 0.0692334 0.0370454 0.0696449 0.0522408 0.0455332 0.0597877 0.0713175 0.0523135 0.0350920 0.0789147 0.0667271 0.0732823 0.0685051 
Notoryctidae_Notoryctes_typhlops             0.0802583 0.0000000 0.0741627 0.0765896 0.0799070 0.0813974 0.0684827 0.0799937 0.0777483 0.0964621 0.0722103 0.0778358 0.0797159 0.0742707 0.0834213 0.0778112 0.0828825 0.0991503 0.0800520 0.0814961 0.1105976 0.0951653 0.0858938 0.0678709 0.0972953 0.0856476 0.0742842 0.0887105 0.1045197 0.0822376 0.0721926 0.1023574 0.0837750 0.0941559 0.0810466 
Vombatidae_Lasiorhinus_latifrons             0.0544639 0.0741627 0.0000000 0.0482756 0.0520282 0.0547417 0.0376285 0.0451245 0.0512578 0.0608851 0.0398226 0.0509998 0.0533271 0.0549608 0.0583288 0.0508581 0.0527645 0.0636783 0.0484344 0.0494024 0.0675615 0.0565056 0.0537506 0.0390880 0.0692950 0.0511292 0.0456685 0.0636403 0.0784060 0.0756384 0.0571082 0.0611470 0.0534929 0.0608091 0.0526261 
Potoroidae_Bettongia_penicillata             0.0475406 0.0765896 0.0482756 0.0000000 0.0051641 0.0676230 0.0412841 0.0457098 0.0110152 0.0751973 0.0392629 0.0629279 0.0633674 0.0591232 0.0561842 0.0628175 0.0667405 0.0765825 0.0198351 0.0561015 0.0789699 0.0682790 0.0680753 0.0273745 0.0793114 0.0538841 0.0193343 0.0625915 0.0827887 0.0852279 0.0626696 0.0742681 0.0668126 0.0750958 0.0602221 
Potoroidae_Bettongia_lesueur                 0.0496662 0.0799070 0.0520282 0.0051641 0.0000000 0.0716207 0.0446133 0.0502226 0.0137348 0.0765216 0.0436362 0.0674217 0.0660409 0.0627316 0.0600425 0.0667709 0.0707485 0.0786196 0.0223134 0.0612417 0.0825632 0.0732952 0.0718345 0.0297477 0.0838086 0.0561550 0.0217958 0.0651861 0.0866549 0.0892557 0.0662898 0.0755146 0.0714585 0.0764212 0.0648861 
Dasyuridae_Dasyurus_maculatus                0.0660567 0.0813974 0.0547417 0.0676230 0.0716207 0.0000000 0.0577317 0.0662941 0.0720059 0.0724061 0.0604799 0.0126772 0.0234076 0.0768035 0.0736144 0.0131630 0.0064386 0.0814833 0.0715733 0.0703297 0.0830587 0.0724982 0.0160734 0.0605917 0.0817736 0.0637331 0.0694200 0.0823611 0.0956478 0.0945079 0.0790157 0.0790612 0.0059293 0.0722870 0.0190925 
Phalangeridae_Trichosurus_vulpecula          0.0336732 0.0684827 0.0376285 0.0412841 0.0446133 0.0577317 0.0000000 0.0179536 0.0443425 0.0612735 0.0157623 0.0553592 0.0601075 0.0336189 0.0425961 0.0552011 0.0581623 0.0664882 0.0411871 0.0453606 0.0629837 0.0545841 0.0607647 0.0334370 0.0700872 0.0438621 0.0388269 0.0466921 0.0671523 0.0656060 0.0363140 0.0641139 0.0563027 0.0618729 0.0579926 
Phalangeridae_Spilocuscus_maculatus          0.0425765 0.0799937 0.0451245 0.0457098 0.0502226 0.0662941 0.0179536 0.0000000 0.0480412 0.0693871 0.0105872 0.0632726 0.0642843 0.0326058 0.0537025 0.0630903 0.0667053 0.0765603 0.0449191 0.0520370 0.0705931 0.0579497 0.0682842 0.0348614 0.0791075 0.0509976 0.0443548 0.0585791 0.0772080 0.0768390 0.0341239 0.0721983 0.0648113 0.0705782 0.0668452 
Potoroidae_Aepyprymnus_rufescens             0.0494468 0.0777483 0.0512578 0.0110152 0.0137348 0.0720059 0.0443425 0.0480412 0.0000000 0.0746913 0.0455612 0.0678183 0.0662669 0.0603022 0.0578001 0.0665399 0.0696786 0.0766780 0.0211736 0.0602377 0.0804994 0.0704794 0.0716494 0.0289933 0.0822571 0.0531248 0.0212089 0.0648034 0.0819832 0.0853892 0.0638198 0.0731115 0.0718433 0.0745672 0.0672565 
Peramelidae_Perameles_nasuta                 0.0752830 0.0964621 0.0608851 0.0751973 0.0765216 0.0724061 0.0612735 0.0693871 0.0746913 0.0000000 0.0622905 0.0708345 0.0764880 0.0774311 0.0743605 0.0708166 0.0751702 0.0207282 0.0778016 0.0795887 0.0971425 0.0764284 0.0758873 0.0680335 0.0888733 0.0728934 0.0762318 0.0830675 0.1004091 0.1044493 0.0805330 0.0169734 0.0723439 0.0019702 0.0697105 
Phalangeridae_Strigocuscus_pelengensis       0.0370212 0.0722103 0.0398226 0.0392629 0.0436362 0.0604799 0.0157623 0.0105872 0.0455612 0.0622905 0.0000000 0.0591391 0.0595201 0.0254494 0.0459514 0.0589603 0.0615833 0.0664559 0.0447854 0.0450077 0.0642759 0.0523836 0.0622156 0.0322520 0.0645285 0.0456291 0.0434572 0.0496270 0.0706733 0.0763077 0.0265385 0.0645742 0.0596050 0.0621981 0.0608494 
Dasyuridae_Phascogale_tapoatafa              0.0607036 0.0778358 0.0509998 0.0629279 0.0674217 0.0126772 0.0553592 0.0632726 0.0678183 0.0708345 0.0591391 0.0000000 0.0217072 0.0716867 0.0703768 0.0034314 0.0131574 0.0767552 0.0649146 0.0663056 0.0803385 0.0692754 0.0101664 0.0553701 0.0802829 0.0605063 0.0640099 0.0786422 0.0936233 0.0893800 0.0755200 0.0760420 0.0147467 0.0707188 0.0136012 
Dasyuridae_Sminthopsis_macroura              0.0645212 0.0797159 0.0533271 0.0633674 0.0660409 0.0234076 0.0601075 0.0642843 0.0662669 0.0764880 0.0595201 0.0217072 0.0000000 0.0749961 0.0722844 0.0211194 0.0216852 0.0803150 0.0692285 0.0673972 0.0803354 0.0652207 0.0226676 0.0559087 0.0806737 0.0615948 0.0670413 0.0795005 0.0975116 0.0970094 0.0771971 0.0817268 0.0244720 0.0778925 0.0170982 
Phalangeridae_Phalanger_orientalis           0.0376393 0.0742707 0.0549608 0.0591232 0.0627316 0.0768035 0.0336189 0.0326058 0.0603022 0.0774311 0.0254494 0.0716867 0.0749961 0.0000000 0.0453234 0.0708283 0.0772028 0.0815288 0.0583098 0.0584467 0.0866409 0.0727743 0.0758242 0.0479123 0.0895363 0.0568069 0.0563441 0.0500326 0.0778216 0.0864747 0.0049829 0.0828510 0.0752049 0.0773270 0.0756151 
Acrobatidae_Acrobates_pygmaeus               0.0506322 0.0834213 0.0583288 0.0561842 0.0600425 0.0736144 0.0425961 0.0537025 0.0578001 0.0743605 0.0459514 0.0703768 0.0722844 0.0453234 0.0000000 0.0696149 0.0741193 0.0779840 0.0589910 0.0462408 0.0808944 0.0746007 0.0740003 0.0472178 0.0799361 0.0470065 0.0544721 0.0451390 0.0656298 0.0324121 0.0459766 0.0797126 0.0749611 0.0723199 0.0711171 
Dasyuridae_Phascogale_calura                 0.0615502 0.0778112 0.0508581 0.0628175 0.0667709 0.0131630 0.0552011 0.0630903 0.0665399 0.0708166 0.0589603 0.0034314 0.0211194 0.0708283 0.0696149 0.0000000 0.0136414 0.0767379 0.0648959 0.0662854 0.0809759 0.0692574 0.0106748 0.0553509 0.0801760 0.0592244 0.0627385 0.0776932 0.0918579 0.0893671 0.0746454 0.0760253 0.0152302 0.0707010 0.0142473 
Dasyuridae_Sarcophilus_harrisii              0.0667163 0.0828825 0.0527645 0.0667405 0.0707485 0.0064386 0.0581623 0.0667053 0.0696786 0.0751702 0.0615833 0.0131574 0.0216852 0.0772028 0.0741193 0.0136414 0.0000000 0.0822705 0.0707099 0.0714676 0.0834392 0.0728946 0.0160180 0.0597792 0.0814357 0.0641581 0.0698278 0.0819004 0.0989527 0.0966663 0.0794083 0.0791555 0.0074377 0.0742848 0.0190092 
Peramelidae_Echymipera_kalubu                0.0780893 0.0991503 0.0636783 0.0765825 0.0786196 0.0814833 0.0664882 0.0765603 0.0766780 0.0207282 0.0664559 0.0767552 0.0803150 0.0815288 0.0779840 0.0767379 0.0822705 0.0000000 0.0807010 0.0833178 0.0978076 0.0844631 0.0807253 0.0709461 0.0926126 0.0810833 0.0782212 0.0864300 0.1093031 0.1087581 0.0847894 0.0211437 0.0799207 0.0206510 0.0787098 
Macropodidae_Dorcopsulus_vanheurni           0.0475027 0.0800520 0.0484344 0.0198351 0.0223134 0.0715733 0.0411871 0.0449191 0.0211736 0.0778016 0.0447854 0.0649146 0.0692285 0.0583098 0.0589910 0.0648959 0.0707099 0.0807010 0.0000000 0.0556873 0.0790681 0.0735139 0.0705810 0.0266915 0.0811744 0.0529337 0.0115953 0.0644654 0.0812103 0.0835583 0.0604661 0.0767314 0.0701495 0.0776717 0.0642593 
Pseudochiridae_Pseudochirulus_forbesi        0.0554366 0.0814961 0.0494024 0.0561015 0.0612417 0.0703297 0.0453606 0.0520370 0.0602377 0.0795887 0.0450077 0.0663056 0.0673972 0.0584467 0.0462408 0.0662854 0.0714676 0.0833178 0.0556873 0.0000000 0.0866322 0.0729971 0.0722976 0.0482699 0.0831214 0.0257039 0.0517031 0.0191708 0.0674197 0.0664914 0.0620932 0.0839326 0.0715461 0.0794954 0.0662056 
Didelphidae_Didelphis_virginiana             0.0708301 0.1105976 0.0675615 0.0789699 0.0825632 0.0830587 0.0629837 0.0705931 0.0804994 0.0971425 0.0642759 0.0803385 0.0803354 0.0866409 0.0808944 0.0809759 0.0834392 0.0978076 0.0790681 0.0866322 0.0000000 0.0344417 0.0796411 0.0694491 0.0893955 0.0838020 0.0791306 0.0905125 0.1109787 0.1079709 0.0875367 0.0983442 0.0836397 0.0967186 0.0750473 
Marmosidae_Monodelphis_domestica             0.0624193 0.0951653 0.0565056 0.0682790 0.0732952 0.0724982 0.0545841 0.0579497 0.0704794 0.0764284 0.0523836 0.0692754 0.0652207 0.0727743 0.0746007 0.0692574 0.0728946 0.0844631 0.0735139 0.0729971 0.0344417 0.0000000 0.0705235 0.0608386 0.0756528 0.0687129 0.0726330 0.0834716 0.1043769 0.0931213 0.0736747 0.0812135 0.0743326 0.0767593 0.0662258 
Dasyuridae_Antechinus_stuartii               0.0692334 0.0858938 0.0537506 0.0680753 0.0718345 0.0160734 0.0607647 0.0682842 0.0716494 0.0758873 0.0622156 0.0101664 0.0226676 0.0758242 0.0740003 0.0106748 0.0160180 0.0807253 0.0705810 0.0722976 0.0796411 0.0705235 0.0000000 0.0601551 0.0782644 0.0651196 0.0683503 0.0856179 0.0989502 0.0945691 0.0789065 0.0783476 0.0176629 0.0749742 0.0189861 
Hypsiprymnodontidae_Hypsiprymnodon_moschatus 0.0370454 0.0678709 0.0390880 0.0273745 0.0297477 0.0605917 0.0334370 0.0348614 0.0289933 0.0680335 0.0322520 0.0553701 0.0559087 0.0479123 0.0472178 0.0553509 0.0597792 0.0709461 0.0266915 0.0482699 0.0694491 0.0608386 0.0601551 0.0000000 0.0720518 0.0460511 0.0250446 0.0560882 0.0695255 0.0750648 0.0501487 0.0715892 0.0592268 0.0679224 0.0559510 
Microbiotheriidae_Dromiciops_gliroides       0.0696449 0.0972953 0.0692950 0.0793114 0.0838086 0.0817736 0.0700872 0.0791075 0.0822571 0.0888733 0.0645285 0.0802829 0.0806737 0.0895363 0.0799361 0.0801760 0.0814357 0.0926126 0.0811744 0.0831214 0.0893955 0.0756528 0.0782644 0.0720518 0.0000000 0.0822992 0.0810914 0.0921791 0.0988422 0.1160277 0.0918447 0.0938783 0.0823703 0.0887252 0.0762246 
Pseudochiridae_Petauroides_volans            0.0522408 0.0856476 0.0511292 0.0538841 0.0561550 0.0637331 0.0438621 0.0509976 0.0531248 0.0728934 0.0456291 0.0605063 0.0615948 0.0568069 0.0470065 0.0592244 0.0641581 0.0810833 0.0529337 0.0257039 0.0838020 0.0687129 0.0651196 0.0460511 0.0822992 0.0000000 0.0498232 0.0311163 0.0634575 0.0713140 0.0610693 0.0786053 0.0648625 0.0736184 0.0623193 
Macropodidae_Wallabia_bicolor                0.0455332 0.0742842 0.0456685 0.0193343 0.0217958 0.0694200 0.0388269 0.0443548 0.0212089 0.0762318 0.0434572 0.0640099 0.0670413 0.0563441 0.0544721 0.0627385 0.0698278 0.0782212 0.0115953 0.0517031 0.0791306 0.0726330 0.0683503 0.0250446 0.0810914 0.0498232 0.0000000 0.0588880 0.0784152 0.0789044 0.0598360 0.0751220 0.0679977 0.0761139 0.0664065 
Pseudochiridae_Pseudocheirus_occidentalis    0.0597877 0.0887105 0.0636403 0.0625915 0.0651861 0.0823611 0.0466921 0.0585791 0.0648034 0.0830675 0.0496270 0.0786422 0.0795005 0.0500326 0.0451390 0.0776932 0.0819004 0.0864300 0.0644654 0.0191708 0.0905125 0.0834716 0.0856179 0.0560882 0.0921791 0.0311163 0.0588880 0.0000000 0.0685653 0.0521523 0.0506802 0.0909515 0.0808847 0.0809813 0.0809450 
Tarsipedidae_Tarsipes_rostratus              0.0713175 0.1045197 0.0784060 0.0827887 0.0866549 0.0956478 0.0671523 0.0772080 0.0819832 0.1004091 0.0706733 0.0936233 0.0975116 0.0778216 0.0656298 0.0918579 0.0989527 0.1093031 0.0812103 0.0674197 0.1109787 0.1043769 0.0989502 0.0695255 0.0988422 0.0634575 0.0784152 0.0685653 0.0000000 0.0875851 0.0867936 0.1057177 0.0984893 0.0984349 0.0910490 
Acrobatidae_Distoechurus_pennatus            0.0523135 0.0822376 0.0756384 0.0852279 0.0892557 0.0945079 0.0656060 0.0768390 0.0853892 0.1044493 0.0763077 0.0893800 0.0970094 0.0864747 0.0324121 0.0893671 0.0966663 0.1087581 0.0835583 0.0664914 0.1079709 0.0931213 0.0945691 0.0750648 0.1160277 0.0713140 0.0789044 0.0521523 0.0875851 0.0000000 0.0916865 0.1046068 0.0974280 0.1033764 0.1058708 
Phalangeridae_Phalanger_carmelitae           0.0350920 0.0721926 0.0571082 0.0626696 0.0662898 0.0790157 0.0363140 0.0341239 0.0638198 0.0805330 0.0265385 0.0755200 0.0771971 0.0049829 0.0459766 0.0746454 0.0794083 0.0847894 0.0604661 0.0620932 0.0875367 0.0736747 0.0789065 0.0501487 0.0918447 0.0610693 0.0598360 0.0506802 0.0867936 0.0916865 0.0000000 0.0859710 0.0774085 0.0804242 0.0799018 
Peramelidae_Peroryctes_raffrayana            0.0789147 0.1023574 0.0611470 0.0742681 0.0755146 0.0790612 0.0641139 0.0721983 0.0731115 0.0169734 0.0645742 0.0760420 0.0817268 0.0828510 0.0797126 0.0760253 0.0791555 0.0211437 0.0767314 0.0839326 0.0983442 0.0812135 0.0783476 0.0715892 0.0938783 0.0786053 0.0751220 0.0909515 0.1057177 0.1046068 0.0859710 0.0000000 0.0769389 0.0169282 0.0778114 
Dasyuridae_Dasyurus_geffroii                 0.0667271 0.0837750 0.0534929 0.0668126 0.0714585 0.0059293 0.0563027 0.0648113 0.0718433 0.0723439 0.0596050 0.0147467 0.0244720 0.0752049 0.0749611 0.0152302 0.0074377 0.0799207 0.0701495 0.0715461 0.0836397 0.0743326 0.0176629 0.0592268 0.0823703 0.0648625 0.0679977 0.0808847 0.0984893 0.0974280 0.0774085 0.0769389 0.0000000 0.0722250 0.0204324 
Peramelidae_Perameles_gunnii                 0.0732823 0.0941559 0.0608091 0.0750958 0.0764212 0.0722870 0.0618729 0.0705782 0.0745672 0.0019702 0.0621981 0.0707188 0.0778925 0.0773270 0.0723199 0.0707010 0.0742848 0.0206510 0.0776717 0.0794954 0.0967186 0.0767593 0.0749742 0.0679224 0.0887252 0.0736184 0.0761139 0.0809813 0.0984349 0.1033764 0.0804242 0.0169282 0.0722250 0.0000000 0.0696004 
Dasyuridae_Planigale_tenuirostris            0.0685051 0.0810466 0.0526261 0.0602221 0.0648861 0.0190925 0.0579926 0.0668452 0.0672565 0.0697105 0.0608494 0.0136012 0.0170982 0.0756151 0.0711171 0.0142473 0.0190092 0.0787098 0.0642593 0.0662056 0.0750473 0.0662258 0.0189861 0.0559510 0.0762246 0.0623193 0.0664065 0.0809450 0.0910490 0.1058708 0.0799018 0.0778114 0.0204324 0.0696004 0.0000000 
