35
Burramyidae_Burramys_parvus                  0.0000000 0.0853763 0.0560196 0.0689128 0.0708502 0.1084185 0.0514627 0.0505397 0.0674054 0.0866302 0.0504202 0.0999090 0.1143908 0.0528037 0.0541120 0.0672323 0.1060484 0.1010228 0.0910519 0.0586854 0.0788626 0.0764013 0.0987963 0.0579720 0.0566180 0.0695204 0.0555651 0.0585302 0.0553378 0.0621553 0.0501247 0.0515268 0.0832971 0.1107483 0.0812054 
Notoryctidae_Notoryctes_typhlops             0.0853763 0.0000000 0.0877640 0.0998239 0.1020209 0.1348119 0.0922268 0.0952829 0.0994970 0.1048307 0.0910509 0.1210060 0.1261887 0.0920846 0.0874721 0.0751451 0.1267532 0.1147507 0.1048278 0.0927254 0.1210345 0.0874795 0.1094470 0.0687906 0.0920359 0.0850068 0.1019200 0.0951289 0.0990486 0.1069354 0.0922416 0.0912257 0.1024017 0.1352094 0.1034767 
Vombatidae_Lasiorhinus_latifrons             0.0560196 0.0877640 0.0000000 0.0710181 0.0730459 0.1146962 0.0566908 0.0564734 0.0707265 0.0829767 0.0543457 0.1037022 0.1080618 0.0574271 0.0586014 0.0752410 0.1113686 0.1164826 0.0900277 0.0626600 0.0878636 0.0889903 0.1137384 0.0687283 0.0640567 0.0692881 0.0651273 0.0633420 0.0577926 0.0770524 0.0581467 0.0560779 0.0812149 0.1151928 0.0835939 
Potoroidae_Bettongia_penicillata             0.0689128 0.0998239 0.0710181 0.0000000 0.0050301 0.1204227 0.0614170 0.0663659 0.0106789 0.1011144 0.0638317 0.1095743 0.1209144 0.0628768 0.0680725 0.0679156 0.1142098 0.1102443 0.1105221 0.0246321 0.0932081 0.0860092 0.1079617 0.0580134 0.0428931 0.0845390 0.0676447 0.0251966 0.0656656 0.0815001 0.0657244 0.0627893 0.0996916 0.1225423 0.0993435 
Potoroidae_Bettongia_lesueur                 0.0708502 0.1020209 0.0730459 0.0050301 0.0000000 0.1220975 0.0626493 0.0704138 0.0112038 0.1011429 0.0663734 0.1105210 0.1232862 0.0653846 0.0706460 0.0678494 0.1158032 0.1090569 0.1112580 0.0262929 0.0939210 0.0849806 0.1068532 0.0579723 0.0446685 0.0855337 0.0684489 0.0268616 0.0679388 0.0828701 0.0683584 0.0652926 0.0997207 0.1241524 0.0993734 
Dasyuridae_Dasyurus_maculatus                0.1084185 0.1348119 0.1146962 0.1204227 0.1220975 0.0000000 0.1006811 0.1089617 0.1240405 0.1245739 0.1050115 0.0218116 0.0383695 0.1072959 0.1098401 0.0188253 0.0120229 0.0319217 0.1277952 0.1155096 0.1430318 0.0975634 0.1141408 0.0149083 0.1192684 0.1040398 0.1138820 0.1162609 0.1119828 0.1321795 0.1058799 0.1048488 0.1124294 0.0123960 0.1142259 
Phalangeridae_Trichosurus_vulpecula          0.0514627 0.0922268 0.0566908 0.0614170 0.0626493 0.1006811 0.0000000 0.0242750 0.0637493 0.0847349 0.0214477 0.0915384 0.1027344 0.0221830 0.0516363 0.0655990 0.1004597 0.0998395 0.0926959 0.0550613 0.0771229 0.0730884 0.0946635 0.0603395 0.0569083 0.0680837 0.0546599 0.0549840 0.0521834 0.0646436 0.0513238 0.0210887 0.0816682 0.1055026 0.0821565 
Phalangeridae_Spilocuscus_maculatus          0.0505397 0.0952829 0.0564734 0.0663659 0.0704138 0.1089617 0.0242750 0.0000000 0.0681876 0.0887300 0.0117820 0.0943094 0.1023978 0.0121628 0.0529706 0.0662538 0.1058015 0.1071061 0.0935850 0.0626635 0.0818169 0.0696724 0.0977328 0.0595693 0.0598762 0.0729509 0.0558818 0.0606213 0.0598950 0.0628967 0.0530928 0.0105337 0.0802517 0.1115288 0.0866355 
Potoroidae_Aepyprymnus_rufescens             0.0674054 0.0994970 0.0707265 0.0106789 0.0112038 0.1240405 0.0637493 0.0681876 0.0000000 0.0961455 0.0642757 0.1090577 0.1229701 0.0646301 0.0671193 0.0662603 0.1168999 0.1151550 0.1072383 0.0259769 0.0923769 0.0862169 0.1079964 0.0571651 0.0434154 0.0803751 0.0672780 0.0254453 0.0675097 0.0766752 0.0636767 0.0645404 0.0938790 0.1259943 0.0964593 
Peramelidae_Perameles_nasuta                 0.0866302 0.1048307 0.0829767 0.1011144 0.1011429 0.1245739 0.0847349 0.0887300 0.0961455 0.0000000 0.0862297 0.1120173 0.1215170 0.0870220 0.0866596 0.0751866 0.1234132 0.1113395 0.0230677 0.0925200 0.1212140 0.0796229 0.1064630 0.0668905 0.0934255 0.0819203 0.0919957 0.0908331 0.0886083 0.1032713 0.0907184 0.0860540 0.0204148 0.1298022 0.0022964 
Phalangeridae_Strigocuscus_pelengensis       0.0504202 0.0910509 0.0543457 0.0638317 0.0663734 0.1050115 0.0214477 0.0117820 0.0642757 0.0862297 0.0000000 0.0894641 0.1033401 0.0097569 0.0509219 0.0616308 0.1018004 0.0938289 0.0932958 0.0596477 0.0794232 0.0741299 0.0995072 0.0553225 0.0585992 0.0706308 0.0550174 0.0583022 0.0529787 0.0664375 0.0509249 0.0071540 0.0844407 0.1092737 0.0828931 
Dasyuridae_Phascogale_tapoatafa              0.0999090 0.1210060 0.1037022 0.1095743 0.1105210 0.0218116 0.0915384 0.0943094 0.1090577 0.1120173 0.0894641 0.0000000 0.0336115 0.0915914 0.0984731 0.0022608 0.0204788 0.0259895 0.1147449 0.1022210 0.1315592 0.0997171 0.1153413 0.0124774 0.1082070 0.1027081 0.1034259 0.1047888 0.1017560 0.1173246 0.0973363 0.0897006 0.1077657 0.0216634 0.1101980 
Dasyuridae_Sminthopsis_macroura              0.1143908 0.1261887 0.1080618 0.1209144 0.1232862 0.0383695 0.1027344 0.1023978 0.1229701 0.1215170 0.1033401 0.0336115 0.0000000 0.1039781 0.1089843 0.0212552 0.0338260 0.0267274 0.1276926 0.1164919 0.1408172 0.1021674 0.1275484 0.0189573 0.1193208 0.1029083 0.1159220 0.1172597 0.1097801 0.1236632 0.1110540 0.1023023 0.1209431 0.0400850 0.1204879 
Phalangeridae_Phalanger_orientalis           0.0528037 0.0920846 0.0574271 0.0628768 0.0653846 0.1072959 0.0221830 0.0121628 0.0646301 0.0870220 0.0097569 0.0915914 0.1039781 0.0000000 0.0507777 0.0637598 0.1038804 0.1000948 0.0934866 0.0593578 0.0795045 0.0751819 0.1004299 0.0575591 0.0576994 0.0692827 0.0548646 0.0580321 0.0537223 0.0639757 0.0496845 0.0044947 0.0829530 0.1111856 0.0844454 
Acrobatidae_Acrobates_pygmaeus               0.0541120 0.0874721 0.0586014 0.0680725 0.0706460 0.1098401 0.0516363 0.0529706 0.0671193 0.0866596 0.0509219 0.0984731 0.1089843 0.0507777 0.0000000 0.0658718 0.1078183 0.1056689 0.0929050 0.0606136 0.0689296 0.0734368 0.1000657 0.0578233 0.0624620 0.0709235 0.0490691 0.0636647 0.0495911 0.0652980 0.0256706 0.0506600 0.0861827 0.1125372 0.0821601 
Dasyuridae_Phascogale_calura                 0.0672323 0.0751451 0.0752410 0.0679156 0.0678494 0.0188253 0.0655990 0.0662538 0.0662603 0.0751866 0.0616308 0.0022608 0.0212552 0.0637598 0.0658718 0.0000000 0.0147934 0.0153182 0.0685168 0.0623826 0.0955762 0.0995729 0.1163269 0.0117221 0.0674809 0.0700678 0.0675887 0.0676787 0.0591210 0.0754823 0.0628698 0.0619015 0.0718998 0.0170984 0.0743644 
Dasyuridae_Sarcophilus_harrisii              0.1060484 0.1267532 0.1113686 0.1142098 0.1158032 0.0120229 0.1004597 0.1058015 0.1168999 0.1234132 0.1018004 0.0204788 0.0338260 0.1038804 0.1078183 0.0147934 0.0000000 0.0279561 0.1259182 0.1140018 0.1414608 0.0947720 0.1112427 0.0108491 0.1164446 0.0995754 0.1129261 0.1154736 0.1108090 0.1275757 0.1071419 0.1015249 0.1151616 0.0175115 0.1159181 
Dasyuridae_Planigale_tenuirostris            0.1010228 0.1147507 0.1164826 0.1102443 0.1090569 0.0319217 0.0998395 0.1071061 0.1151550 0.1113395 0.0938289 0.0259895 0.0267274 0.1000948 0.1056689 0.0153182 0.0279561 0.0000000 0.1109721 0.1032361 0.1425608 0.0925932 0.1113752 0.0145991 0.1112223 0.1008063 0.1118993 0.1050585 0.1072590 0.1267222 0.1007696 0.0979892 0.1012030 0.0328181 0.1036455 
Peramelidae_Echymipera_kalubu                0.0910519 0.1048278 0.0900277 0.1105221 0.1112580 0.1277952 0.0926959 0.0935850 0.1072383 0.0230677 0.0932958 0.1147449 0.1276926 0.0934866 0.0929050 0.0685168 0.1259182 0.1109721 0.0000000 0.0972758 0.1253796 0.0777188 0.1009012 0.0626598 0.0995828 0.0854298 0.0980517 0.0997313 0.0992864 0.1098278 0.0919986 0.0925456 0.0149032 0.1331711 0.0232240 
Macropodidae_Dorcopsulus_vanheurni           0.0586854 0.0927254 0.0626600 0.0246321 0.0262929 0.1155096 0.0550613 0.0626635 0.0259769 0.0925200 0.0596477 0.1022210 0.1164919 0.0593578 0.0606136 0.0623826 0.1140018 0.1032361 0.0972758 0.0000000 0.0833537 0.0763081 0.0961112 0.0543497 0.0382502 0.0721124 0.0614188 0.0100948 0.0629376 0.0712271 0.0573614 0.0592779 0.0889530 0.1178705 0.0879945 
Pseudochiridae_Pseudochirulus_forbesi        0.0788626 0.1210345 0.0878636 0.0932081 0.0939210 0.1430318 0.0771229 0.0818169 0.0923769 0.1212140 0.0794232 0.1315592 0.1408172 0.0795045 0.0689296 0.0955762 0.1414608 0.1425608 0.1253796 0.0833537 0.0000000 0.1051480 0.1343026 0.0881039 0.0839254 0.1040928 0.0413459 0.0894639 0.0238646 0.0839336 0.0675308 0.0793843 0.1139588 0.1421205 0.1130728 
Didelphidae_Didelphis_virginiana             0.0764013 0.0874795 0.0889903 0.0860092 0.0849806 0.0975634 0.0730884 0.0696724 0.0862169 0.0796229 0.0741299 0.0997171 0.1021674 0.0751819 0.0734368 0.0995729 0.0947720 0.0925932 0.0777188 0.0763081 0.1051480 0.0000000 0.0418340 0.0976077 0.0791170 0.0885366 0.0702795 0.0808016 0.0611715 0.0751142 0.0723970 0.0732965 0.0740230 0.0910863 0.0799179 
Marmosidae_Monodelphis_domestica             0.0987963 0.1094470 0.1137384 0.1079617 0.1068532 0.1141408 0.0946635 0.0977328 0.1079964 0.1064630 0.0995072 0.1153413 0.1275484 0.1004299 0.1000657 0.1163269 0.1112427 0.1113752 0.1009012 0.0961112 0.1343026 0.0418340 0.0000000 0.1132644 0.0965327 0.1037152 0.0981754 0.0989522 0.0801983 0.1044609 0.1000465 0.0973171 0.1002572 0.1095094 0.1058736 
Dasyuridae_Antechinus_stuartii               0.0579720 0.0687906 0.0687283 0.0580134 0.0579723 0.0149083 0.0603395 0.0595693 0.0571651 0.0668905 0.0553225 0.0124774 0.0189573 0.0575591 0.0578233 0.0117221 0.0108491 0.0145991 0.0626598 0.0543497 0.0881039 0.0976077 0.1132644 0.0000000 0.0603158 0.0648754 0.0587250 0.0595109 0.0492220 0.0701374 0.0565328 0.0557099 0.0635381 0.0132171 0.0683990 
Hypsiprymnodontidae_Hypsiprymnodon_moschatus 0.0566180 0.0920359 0.0640567 0.0428931 0.0446685 0.1192684 0.0569083 0.0598762 0.0434154 0.0934255 0.0585992 0.1082070 0.1193208 0.0576994 0.0624620 0.0674809 0.1164446 0.1112223 0.0995828 0.0382502 0.0839254 0.0791170 0.0965327 0.0603158 0.0000000 0.0757892 0.0606689 0.0376100 0.0617532 0.0746993 0.0586744 0.0576220 0.0878700 0.1250322 0.0918637 
Microbiotheriidae_Dromiciops_gliroides       0.0695204 0.0850068 0.0692881 0.0845390 0.0855337 0.1040398 0.0680837 0.0729509 0.0803751 0.0819203 0.0706308 0.1027081 0.1029083 0.0692827 0.0709235 0.0700678 0.0995754 0.1008063 0.0854298 0.0721124 0.1040928 0.0885366 0.1037152 0.0648754 0.0757892 0.0000000 0.0724549 0.0738002 0.0613850 0.0843621 0.0758571 0.0710619 0.0807928 0.1062463 0.0833671 
Pseudochiridae_Petauroides_volans            0.0555651 0.1019200 0.0651273 0.0676447 0.0684489 0.1138820 0.0546599 0.0558818 0.0672780 0.0919957 0.0550174 0.1034259 0.1159220 0.0548646 0.0490691 0.0675887 0.1129261 0.1118993 0.0980517 0.0614188 0.0413459 0.0702795 0.0981754 0.0587250 0.0606689 0.0724549 0.0000000 0.0625157 0.0253375 0.0648067 0.0475539 0.0547911 0.0852628 0.1178413 0.0846727 
Macropodidae_Wallabia_bicolor                0.0585302 0.0951289 0.0633420 0.0251966 0.0268616 0.1162609 0.0549840 0.0606213 0.0254453 0.0908331 0.0583022 0.1047888 0.1172597 0.0580321 0.0636647 0.0676787 0.1154736 0.1050585 0.0997313 0.0100948 0.0894639 0.0808016 0.0989522 0.0595109 0.0376100 0.0738002 0.0625157 0.0000000 0.0634402 0.0757503 0.0592299 0.0579546 0.0886267 0.1207292 0.0908311 
Pseudochiridae_Pseudocheirus_occidentalis    0.0553378 0.0990486 0.0577926 0.0656656 0.0679388 0.1119828 0.0521834 0.0598950 0.0675097 0.0886083 0.0529787 0.1017560 0.1097801 0.0537223 0.0495911 0.0591210 0.1108090 0.1072590 0.0992864 0.0629376 0.0238646 0.0611715 0.0801983 0.0492220 0.0617532 0.0613850 0.0253375 0.0634402 0.0000000 0.0673470 0.0513600 0.0557938 0.0821754 0.1165315 0.0845531 
Tarsipedidae_Tarsipes_rostratus              0.0621553 0.1069354 0.0770524 0.0815001 0.0828701 0.1321795 0.0646436 0.0628967 0.0766752 0.1032713 0.0664375 0.1173246 0.1236632 0.0639757 0.0652980 0.0754823 0.1275757 0.1267222 0.1098278 0.0712271 0.0839336 0.0751142 0.1044609 0.0701374 0.0746993 0.0843621 0.0648067 0.0757503 0.0673470 0.0000000 0.0644634 0.0632954 0.0973374 0.1325505 0.0986096 
Acrobatidae_Distoechurus_pennatus            0.0501247 0.0922416 0.0581467 0.0657244 0.0683584 0.1058799 0.0513238 0.0530928 0.0636767 0.0907184 0.0509249 0.0973363 0.1110540 0.0496845 0.0256706 0.0628698 0.1071419 0.1007696 0.0919986 0.0573614 0.0675308 0.0723970 0.1000465 0.0565328 0.0586744 0.0758571 0.0475539 0.0592299 0.0513600 0.0644634 0.0000000 0.0507669 0.0852088 0.1123176 0.0892751 
Phalangeridae_Phalanger_carmelitae           0.0515268 0.0912257 0.0560779 0.0627893 0.0652926 0.1048488 0.0210887 0.0105337 0.0645404 0.0860540 0.0071540 0.0897006 0.1023023 0.0044947 0.0506600 0.0619015 0.1015249 0.0979892 0.0925456 0.0592779 0.0793843 0.0732965 0.0973171 0.0557099 0.0576220 0.0710619 0.0547911 0.0579546 0.0557938 0.0632954 0.0507669 0.0000000 0.0819903 0.1095432 0.0834445 
Peramelidae_Peroryctes_raffrayana            0.0832971 0.1024017 0.0812149 0.0996916 0.0997207 0.1124294 0.0816682 0.0802517 0.0938790 0.0204148 0.0844407 0.1077657 0.1209431 0.0829530 0.0861827 0.0718998 0.1151616 0.1012030 0.0149032 0.0889530 0.1139588 0.0740230 0.1002572 0.0635381 0.0878700 0.0807928 0.0852628 0.0886267 0.0821754 0.0973374 0.0852088 0.0819903 0.0000000 0.1227987 0.0192321 
Dasyuridae_Dasyurus_geffroii                 0.1107483 0.1352094 0.1151928 0.1225423 0.1241524 0.0123960 0.1055026 0.1115288 0.1259943 0.1298022 0.1092737 0.0216634 0.0400850 0.1111856 0.1125372 0.0170984 0.0175115 0.0328181 0.1331711 0.1178705 0.1421205 0.0910863 0.1095094 0.0132171 0.1250322 0.1062463 0.1178413 0.1207292 0.1165315 0.1325505 0.1123176 0.1095432 0.1227987 0.0000000 0.1194885 
Peramelidae_Perameles_gunnii                 0.0812054 0.1034767 0.0835939 0.0993435 0.0993734 0.1142259 0.0821565 0.0866355 0.0964593 0.0022964 0.0828931 0.1101980 0.1204879 0.0844454 0.0821601 0.0743644 0.1159181 0.1036455 0.0232240 0.0879945 0.1130728 0.0799179 0.1058736 0.0683990 0.0918637 0.0833671 0.0846727 0.0908311 0.0845531 0.0986096 0.0892751 0.0834445 0.0192321 0.1194885 0.0000000 
