35
Burramyidae_Burramys_parvus                  0.0000000 0.1187223 0.0786909 0.0965705 0.0891799 0.1021522 0.0620445 0.0781419 0.0893970 0.1202326 0.0722223 0.1016206 0.0942826 0.0729123 0.0814159 0.1173628 0.0941636 0.1120836 0.0805857 0.0767322 0.1145926 0.1633282 0.1117833 0.1036215 0.1181511 0.0970363 0.1081413 0.0983468 0.1108385 0.0929429 0.0802030 0.1211184 0.0972095 0.1083316 0.1006827 
Notoryctidae_Notoryctes_typhlops             0.1187223 0.0000000 0.1170073 0.1412175 0.1340796 0.1273067 0.1126626 0.1250512 0.1393541 0.1359387 0.1187473 0.1285082 0.1246760 0.1239341 0.1271547 0.1396049 0.1271871 0.1370912 0.1217191 0.1124025 0.1522427 0.1852443 0.1396817 0.1448041 0.1542841 0.1474823 0.1436396 0.1363078 0.1631760 0.1401609 0.1356058 0.1468355 0.1308445 0.1274284 0.1230135 
Vombatidae_Lasiorhinus_latifrons             0.0786909 0.1170073 0.0000000 0.0899550 0.0841718 0.0878027 0.0626955 0.0760527 0.0899239 0.1029825 0.0728578 0.0899039 0.0856441 0.0749807 0.0834868 0.1061281 0.0838115 0.0994426 0.0797729 0.0762838 0.1106886 0.1549025 0.1035268 0.1043235 0.1060996 0.1004799 0.0952491 0.0932086 0.1232182 0.0879127 0.0799043 0.1088536 0.0879473 0.0941641 0.0914881 
Potoroidae_Bettongia_penicillata             0.0965705 0.1412175 0.0899550 0.0000000 0.0116491 0.1131046 0.0798720 0.0974037 0.0352638 0.1253866 0.0815608 0.1177872 0.1103896 0.0932901 0.0909990 0.1325126 0.1068632 0.1261701 0.0427767 0.0833091 0.1330506 0.1826518 0.1282124 0.0908918 0.1352805 0.1091284 0.0660176 0.1076256 0.1256448 0.0987516 0.1014454 0.1354237 0.1138391 0.1203018 0.1215578 
Potoroidae_Bettongia_lesueur                 0.0891799 0.1340796 0.0841718 0.0116491 0.0000000 0.1098744 0.0733858 0.0873637 0.0340931 0.1179064 0.0773931 0.1145024 0.1072966 0.0864474 0.0862803 0.1262912 0.1055412 0.1207864 0.0375976 0.0771175 0.1283789 0.1750050 0.1227306 0.0847785 0.1281094 0.1030501 0.0609489 0.1005116 0.1239910 0.0911553 0.0924098 0.1279912 0.1124739 0.1103884 0.1199468 
Dasyuridae_Dasyurus_maculatus                0.1021522 0.1273067 0.0878027 0.1131046 0.1098744 0.0000000 0.0968439 0.1010808 0.1056087 0.1133926 0.1013470 0.0226278 0.0305065 0.1089172 0.1033610 0.0253799 0.0206579 0.1069951 0.0936694 0.0994923 0.1166775 0.1549472 0.0199420 0.1199121 0.1096024 0.1179879 0.1188877 0.1192541 0.1210237 0.1138700 0.1120592 0.1217686 0.0081352 0.1066953 0.0286856 
Phalangeridae_Trichosurus_vulpecula          0.0620445 0.1126626 0.0626955 0.0798720 0.0733858 0.0968439 0.0000000 0.0377797 0.0753616 0.1054766 0.0330526 0.0953251 0.0894245 0.0301097 0.0683376 0.1072308 0.0890793 0.1026697 0.0669970 0.0566930 0.1062043 0.1575361 0.1046964 0.0931116 0.0999663 0.0843229 0.0911249 0.0808233 0.0942779 0.0800142 0.0430727 0.1150469 0.0933034 0.0967487 0.0953970 
Phalangeridae_Spilocuscus_maculatus          0.0781419 0.1250512 0.0760527 0.0974037 0.0873637 0.1010808 0.0377797 0.0000000 0.0922694 0.1178677 0.0466490 0.1010215 0.0986844 0.0405474 0.0877486 0.1253187 0.0947882 0.1216774 0.0809675 0.0742550 0.1276574 0.1735354 0.1195509 0.1087805 0.1273536 0.0986090 0.0996622 0.0983351 0.1126858 0.0957290 0.0501482 0.1348315 0.0992385 0.1135825 0.1022092 
Potoroidae_Aepyprymnus_rufescens             0.0893970 0.1393541 0.0899239 0.0352638 0.0340931 0.1056087 0.0753616 0.0922694 0.0000000 0.1193613 0.0801977 0.1110164 0.1047147 0.0878034 0.0876281 0.1225697 0.1019944 0.1195840 0.0385355 0.0817354 0.1268384 0.1746095 0.1219190 0.0842128 0.1206840 0.1005128 0.0677886 0.1009427 0.1220587 0.0918136 0.0937741 0.1298605 0.1104692 0.1115061 0.1191432 
Peramelidae_Perameles_nasuta                 0.1202326 0.1359387 0.1029825 0.1253866 0.1179064 0.1133926 0.1054766 0.1178677 0.1193613 0.0000000 0.1161059 0.1093022 0.1078500 0.1218722 0.1141998 0.1263204 0.1063134 0.0424468 0.1151069 0.1159517 0.1255114 0.1769525 0.1237758 0.1435033 0.1328677 0.1411001 0.1356760 0.1394551 0.1579488 0.1253289 0.1292026 0.0493867 0.1145023 0.0270288 0.1163708 
Phalangeridae_Strigocuscus_pelengensis       0.0722223 0.1187473 0.0728578 0.0815608 0.0773931 0.1013470 0.0330526 0.0466490 0.0801977 0.1161059 0.0000000 0.0974461 0.0927421 0.0379484 0.0764862 0.1099256 0.0899770 0.1139724 0.0717405 0.0686513 0.1131368 0.1676795 0.1110629 0.0978728 0.1147468 0.0961283 0.0921670 0.0884613 0.1069175 0.0837356 0.0472360 0.1256147 0.0969726 0.1043627 0.1003858 
Dasyuridae_Phascogale_tapoatafa              0.1016206 0.1285082 0.0899039 0.1177872 0.1145024 0.0226278 0.0953251 0.1010215 0.1110164 0.1093022 0.0974461 0.0000000 0.0260603 0.1064520 0.1007880 0.0058284 0.0293749 0.1042545 0.0989155 0.1019762 0.1104801 0.1509954 0.0146630 0.1191824 0.1079194 0.1221539 0.1244330 0.1173616 0.1225909 0.1174103 0.1118655 0.1143927 0.0223288 0.1042633 0.0295959 
Dasyuridae_Sminthopsis_macroura              0.0942826 0.1246760 0.0856441 0.1103896 0.1072966 0.0305065 0.0894245 0.0986844 0.1047147 0.1078500 0.0927421 0.0260603 0.0000000 0.1025252 0.0949769 0.0309397 0.0327592 0.1012909 0.0898508 0.0942249 0.1085189 0.1518361 0.0272334 0.1124185 0.1030760 0.1120356 0.1177780 0.1088444 0.1183897 0.1106082 0.1095338 0.1146153 0.0276097 0.1036459 0.0144586 
Phalangeridae_Phalanger_orientalis           0.0729123 0.1239341 0.0749807 0.0932901 0.0864474 0.1089172 0.0301097 0.0405474 0.0878034 0.1218722 0.0379484 0.1064520 0.1025252 0.0000000 0.0852260 0.1206855 0.0976738 0.1191904 0.0799716 0.0693967 0.1218880 0.1734165 0.1173490 0.1021317 0.1137424 0.0983855 0.0997560 0.0931964 0.1085692 0.0910003 0.0184372 0.1296730 0.1018591 0.1133585 0.1023765 
Acrobatidae_Acrobates_pygmaeus               0.0814159 0.1271547 0.0834868 0.0909990 0.0862803 0.1033610 0.0683376 0.0877486 0.0876281 0.1141998 0.0764862 0.1007880 0.0949769 0.0852260 0.0000000 0.1189291 0.0922252 0.1077756 0.0860473 0.0712650 0.1243262 0.1652306 0.1177618 0.1067772 0.1307243 0.0877450 0.1022800 0.0861111 0.1103301 0.0566871 0.0954391 0.1214944 0.1018980 0.1067876 0.1018299 
Dasyuridae_Phascogale_calura                 0.1173628 0.1396049 0.1061281 0.1325126 0.1262912 0.0253799 0.1072308 0.1253187 0.1225697 0.1263204 0.1099256 0.0058284 0.0309397 0.1206855 0.1189291 0.0000000 0.0294289 0.1217107 0.1168323 0.1095323 0.1162811 0.1651987 0.0190105 0.1314537 0.1237866 0.1316372 0.1361576 0.1327797 0.1334927 0.1262247 0.1347826 0.1308550 0.0237073 0.1188352 0.0305046 
Dasyuridae_Sarcophilus_harrisii              0.0941636 0.1271871 0.0838115 0.1068632 0.1055412 0.0206579 0.0890793 0.0947882 0.1019944 0.1063134 0.0899770 0.0293749 0.0327592 0.0976738 0.0922252 0.0294289 0.0000000 0.1023875 0.0883371 0.0981653 0.1117297 0.1552468 0.0262439 0.1106277 0.1029851 0.1127038 0.1156631 0.1126898 0.1170672 0.1061033 0.1034726 0.1118261 0.0186235 0.1047795 0.0333400 
Peramelidae_Echymipera_kalubu                0.1120836 0.1370912 0.0994426 0.1261701 0.1207864 0.1069951 0.1026697 0.1216774 0.1195840 0.0424468 0.1139724 0.1042545 0.1012909 0.1191904 0.1077756 0.1217107 0.1023875 0.0000000 0.1116375 0.1124246 0.1236385 0.1729988 0.1258504 0.1324324 0.1258917 0.1356450 0.1384658 0.1309618 0.1495100 0.1144136 0.1271513 0.0466515 0.1108379 0.0365090 0.1140704 
Macropodidae_Dorcopsulus_vanheurni           0.0805857 0.1217191 0.0797729 0.0427767 0.0375976 0.0936694 0.0669970 0.0809675 0.0385355 0.1151069 0.0717405 0.0989155 0.0898508 0.0799716 0.0860473 0.1168323 0.0883371 0.1116375 0.0000000 0.0734572 0.1164932 0.1632383 0.1159418 0.0767655 0.1175933 0.0981036 0.0510650 0.0946157 0.1189387 0.0901223 0.0914462 0.1232560 0.0992099 0.1082599 0.0952660 
Pseudochiridae_Pseudochirulus_forbesi        0.0767322 0.1124025 0.0762838 0.0833091 0.0771175 0.0994923 0.0566930 0.0742550 0.0817354 0.1159517 0.0686513 0.1019762 0.0942249 0.0693967 0.0712650 0.1095323 0.0981653 0.1124246 0.0734572 0.0000000 0.1241335 0.1517703 0.1121231 0.0927399 0.1140889 0.0526100 0.0920731 0.0476009 0.0941224 0.0756422 0.0814677 0.1216383 0.1035884 0.1083426 0.0971088 
Didelphidae_Didelphis_virginiana             0.1145926 0.1522427 0.1106886 0.1330506 0.1283789 0.1166775 0.1062043 0.1276574 0.1268384 0.1255114 0.1131368 0.1104801 0.1085189 0.1218880 0.1243262 0.1162811 0.1117297 0.1236385 0.1164932 0.1241335 0.0000000 0.0810080 0.1143940 0.1409854 0.1162797 0.1549683 0.1413620 0.1490911 0.1374101 0.1336530 0.1377607 0.1282990 0.1162196 0.1177510 0.1194461 
Marmosidae_Monodelphis_domestica             0.1633282 0.1852443 0.1549025 0.1826518 0.1750050 0.1549472 0.1575361 0.1735354 0.1746095 0.1769525 0.1676795 0.1509954 0.1518361 0.1734165 0.1652306 0.1651987 0.1552468 0.1729988 0.1632383 0.1517703 0.0810080 0.0000000 0.1673080 0.1940716 0.1805393 0.1697245 0.1901718 0.1861742 0.1878896 0.1814208 0.1792952 0.1782989 0.1635393 0.1597155 0.1731341 
Dasyuridae_Antechinus_stuartii               0.1117833 0.1396817 0.1035268 0.1282124 0.1227306 0.0199420 0.1046964 0.1195509 0.1219190 0.1237758 0.1110629 0.0146630 0.0272334 0.1173490 0.1177618 0.0190105 0.0262439 0.1258504 0.1159418 0.1121231 0.1143940 0.1673080 0.0000000 0.1309242 0.1113832 0.1317946 0.1341302 0.1338704 0.1264684 0.1251876 0.1316958 0.1280285 0.0218973 0.1174777 0.0236084 
Hypsiprymnodontidae_Hypsiprymnodon_moschatus 0.1036215 0.1448041 0.1043235 0.0908918 0.0847785 0.1199121 0.0931116 0.1087805 0.0842128 0.1435033 0.0978728 0.1191824 0.1124185 0.1021317 0.1067772 0.1314537 0.1106277 0.1324324 0.0767655 0.0927399 0.1409854 0.1940716 0.1309242 0.0000000 0.1371330 0.1202297 0.0934437 0.1156392 0.1367782 0.1133165 0.1109322 0.1519822 0.1188114 0.1365242 0.1139426 
Microbiotheriidae_Dromiciops_gliroides       0.1181511 0.1542841 0.1060996 0.1352805 0.1281094 0.1096024 0.0999663 0.1273536 0.1206840 0.1328677 0.1147468 0.1079194 0.1030760 0.1137424 0.1307243 0.1237866 0.1029851 0.1258917 0.1175933 0.1140889 0.1162797 0.1805393 0.1113832 0.1371330 0.0000000 0.1405962 0.1459437 0.1355570 0.1494066 0.1359131 0.1260655 0.1374284 0.1017728 0.1202924 0.1016338 
Pseudochiridae_Petauroides_volans            0.0970363 0.1474823 0.1004799 0.1091284 0.1030501 0.1179879 0.0843229 0.0986090 0.1005128 0.1411001 0.0961283 0.1221539 0.1120356 0.0983855 0.0877450 0.1316372 0.1127038 0.1356450 0.0981036 0.0526100 0.1549683 0.1697245 0.1317946 0.1202297 0.1405962 0.0000000 0.1198666 0.0779060 0.1127127 0.0984913 0.1073145 0.1439417 0.1180809 0.1314835 0.1228946 
Macropodidae_Wallabia_bicolor                0.1081413 0.1436396 0.0952491 0.0660176 0.0609489 0.1188877 0.0911249 0.0996622 0.0677886 0.1356760 0.0921670 0.1244330 0.1177780 0.0997560 0.1022800 0.1361576 0.1156631 0.1384658 0.0510650 0.0920731 0.1413620 0.1901718 0.1341302 0.0934437 0.1459437 0.1198666 0.0000000 0.1114669 0.1432492 0.1135890 0.1094878 0.1488471 0.1249678 0.1334185 0.1013530 
Pseudochiridae_Pseudocheirus_occidentalis    0.0983468 0.1363078 0.0932086 0.1076256 0.1005116 0.1192541 0.0808233 0.0983351 0.1009427 0.1394551 0.0884613 0.1173616 0.1088444 0.0931964 0.0861111 0.1327797 0.1126898 0.1309618 0.0946157 0.0476009 0.1490911 0.1861742 0.1338704 0.1156392 0.1355570 0.0779060 0.1114669 0.0000000 0.1117895 0.0905872 0.1048237 0.1370916 0.1196505 0.1304834 0.1051933 
Tarsipedidae_Tarsipes_rostratus              0.1108385 0.1631760 0.1232182 0.1256448 0.1239910 0.1210237 0.0942779 0.1126858 0.1220587 0.1579488 0.1069175 0.1225909 0.1183897 0.1085692 0.1103301 0.1334927 0.1170672 0.1495100 0.1189387 0.0941224 0.1374101 0.1878896 0.1264684 0.1367782 0.1494066 0.1127127 0.1432492 0.1117895 0.0000000 0.1160475 0.1219747 0.1587950 0.1206965 0.1444882 0.1199497 
Acrobatidae_Distoechurus_pennatus            0.0929429 0.1401609 0.0879127 0.0987516 0.0911553 0.1138700 0.0800142 0.0957290 0.0918136 0.1253289 0.0837356 0.1174103 0.1106082 0.0910003 0.0566871 0.1262247 0.1061033 0.1144136 0.0901223 0.0756422 0.1336530 0.1814208 0.1251876 0.1133165 0.1359131 0.0984913 0.1135890 0.0905872 0.1160475 0.0000000 0.0982014 0.1279059 0.1134247 0.1138301 0.1188335 
Phalangeridae_Phalanger_carmelitae           0.0802030 0.1356058 0.0799043 0.1014454 0.0924098 0.1120592 0.0430727 0.0501482 0.0937741 0.1292026 0.0472360 0.1118655 0.1095338 0.0184372 0.0954391 0.1347826 0.1034726 0.1271513 0.0914462 0.0814677 0.1377607 0.1792952 0.1316958 0.1109322 0.1260655 0.1073145 0.1094878 0.1048237 0.1219747 0.0982014 0.0000000 0.1397670 0.1077898 0.1169964 0.1116920 
Peramelidae_Peroryctes_raffrayana            0.1211184 0.1468355 0.1088536 0.1354237 0.1279912 0.1217686 0.1150469 0.1348315 0.1298605 0.0493867 0.1256147 0.1143927 0.1146153 0.1296730 0.1214944 0.1308550 0.1118261 0.0466515 0.1232560 0.1216383 0.1282990 0.1782989 0.1280285 0.1519822 0.1374284 0.1439417 0.1488471 0.1370916 0.1587950 0.1279059 0.1397670 0.0000000 0.1158938 0.0393506 0.1194330 
Dasyuridae_Dasyurus_geffroii                 0.0972095 0.1308445 0.0879473 0.1138391 0.1124739 0.0081352 0.0933034 0.0992385 0.1104692 0.1145023 0.0969726 0.0223288 0.0276097 0.1018591 0.1018980 0.0237073 0.0186235 0.1108379 0.0992099 0.1035884 0.1162196 0.1635393 0.0218973 0.1188114 0.1017728 0.1180809 0.1249678 0.1196505 0.1206965 0.1134247 0.1077898 0.1158938 0.0000000 0.1099947 0.0278740 
Peramelidae_Perameles_gunnii                 0.1083316 0.1274284 0.0941641 0.1203018 0.1103884 0.1066953 0.0967487 0.1135825 0.1115061 0.0270288 0.1043627 0.1042633 0.1036459 0.1133585 0.1067876 0.1188352 0.1047795 0.0365090 0.1082599 0.1083426 0.1177510 0.1597155 0.1174777 0.1365242 0.1202924 0.1314835 0.1334185 0.1304834 0.1444882 0.1138301 0.1169964 0.0393506 0.1099947 0.0000000 0.1117820 
Dasyuridae_Planigale_tenuirostris            0.1006827 0.1230135 0.0914881 0.1215578 0.1199468 0.0286856 0.0953970 0.1022092 0.1191432 0.1163708 0.1003858 0.0295959 0.0144586 0.1023765 0.1018299 0.0305046 0.0333400 0.1140704 0.0952660 0.0971088 0.1194461 0.1731341 0.0236084 0.1139426 0.1016338 0.1228946 0.1013530 0.1051933 0.1199497 0.1188335 0.1116920 0.1194330 0.0278740 0.1117820 0.0000000 
