35
Burramyidae_Burramys_parvus                  0.0000000 0.0887586 0.0624407 0.0589453 0.0516773 0.0855015 0.0455355 0.0427215 0.0521826 0.1034720 0.0371799 0.0837469 0.1004417 0.0480938 0.0537457 0.0837689 0.0876074 0.0884324 0.1007867 0.0557208 0.0782021 0.1215992 0.1118041 0.0848580 0.0731258 0.0563799 0.0581612 0.0773174 0.0601378 0.0557832 0.0460772 0.0849832 0.0828076 0.1025337 0.0649708 
Notoryctidae_Notoryctes_typhlops             0.0887586 0.0000000 0.1012276 0.0980425 0.0853952 0.1166559 0.0883694 0.0856991 0.0869849 0.1225502 0.0729761 0.1233779 0.1403307 0.0920183 0.0881379 0.1177862 0.1188666 0.1207268 0.1217905 0.0936857 0.1189213 0.1444985 0.1324760 0.1178450 0.1126904 0.0998694 0.0989696 0.1137618 0.1019399 0.0899034 0.0901104 0.1014195 0.1179804 0.1229483 0.0862614 
Vombatidae_Lasiorhinus_latifrons             0.0624407 0.1012276 0.0000000 0.0690672 0.0573181 0.0940976 0.0592091 0.0565174 0.0561537 0.1090941 0.0477643 0.0954864 0.1076289 0.0605450 0.0636946 0.0932012 0.0935269 0.0900687 0.1077792 0.0635334 0.0857057 0.1206848 0.1112405 0.0957397 0.0822805 0.0653334 0.0649653 0.0855094 0.0717994 0.0703475 0.0598726 0.0855561 0.0923410 0.1070548 0.0740791 
Potoroidae_Bettongia_penicillata             0.0589453 0.0980425 0.0690672 0.0000000 0.0024410 0.0944348 0.0505846 0.0514228 0.0128246 0.1137640 0.0427586 0.0975403 0.1078528 0.0558286 0.0645163 0.0939867 0.0958605 0.0951229 0.1126333 0.0288838 0.0841944 0.1207338 0.1159948 0.0957472 0.0543656 0.0644349 0.0263316 0.0847711 0.0672506 0.0635651 0.0532988 0.0914784 0.0922137 0.1119519 0.0787042 
Potoroidae_Bettongia_lesueur                 0.0516773 0.0853952 0.0573181 0.0024410 0.0000000 0.0842391 0.0423391 0.0403083 0.0123534 0.1033118 0.0373478 0.0858690 0.0955849 0.0455234 0.0525856 0.0849659 0.0843111 0.0837306 0.1013323 0.0232351 0.0748049 0.1035790 0.1033193 0.0856997 0.0497925 0.0550805 0.0244220 0.0753791 0.0681173 0.0522004 0.0442909 0.0808625 0.0819468 0.1029186 0.0682601 
Dasyuridae_Dasyurus_maculatus                0.0855015 0.1166559 0.0940976 0.0944348 0.0842391 0.0000000 0.0837787 0.0840739 0.0819644 0.1251843 0.0663765 0.0301956 0.0517643 0.0852171 0.0858789 0.0299412 0.0135836 0.0444690 0.1260265 0.0889253 0.1120407 0.1248864 0.1190673 0.0327318 0.1117823 0.0877800 0.0939326 0.1125011 0.0961861 0.0900874 0.0835430 0.1008527 0.0069604 0.1241004 0.0969473 
Phalangeridae_Trichosurus_vulpecula          0.0455355 0.0883694 0.0592091 0.0505846 0.0423391 0.0837787 0.0000000 0.0213447 0.0433407 0.1023959 0.0179680 0.0873991 0.1005878 0.0245596 0.0477548 0.0836679 0.0857959 0.0849091 0.0982245 0.0490281 0.0757265 0.1157543 0.1116428 0.0852565 0.0676754 0.0527560 0.0518968 0.0727330 0.0590269 0.0512331 0.0240159 0.0780827 0.0826678 0.1031669 0.0593952 
Phalangeridae_Spilocuscus_maculatus          0.0427215 0.0856991 0.0565174 0.0514228 0.0403083 0.0840739 0.0213447 0.0000000 0.0396570 0.1042517 0.0096492 0.0868390 0.1003186 0.0129437 0.0462979 0.0838487 0.0856688 0.0865726 0.1005251 0.0462400 0.0709002 0.1217785 0.1120054 0.0869459 0.0638140 0.0523733 0.0513330 0.0699787 0.0551798 0.0517402 0.0119348 0.0861144 0.0828138 0.1073798 0.0607750 
Potoroidae_Aepyprymnus_rufescens             0.0521826 0.0869849 0.0561537 0.0128246 0.0123534 0.0819644 0.0433407 0.0396570 0.0000000 0.1003545 0.0368401 0.0838001 0.0911133 0.0454756 0.0488122 0.0826727 0.0824546 0.0825095 0.0984022 0.0201469 0.0781266 0.1009192 0.1020553 0.0839908 0.0476124 0.0539718 0.0218762 0.0772259 0.0665745 0.0505454 0.0442680 0.0781143 0.0796221 0.1000328 0.0704853 
Peramelidae_Perameles_nasuta                 0.1034720 0.1225502 0.1090941 0.1137640 0.1033118 0.1251843 0.1023959 0.1042517 0.1003545 0.0000000 0.0919243 0.1292380 0.1377640 0.1066839 0.1067564 0.1237597 0.1271212 0.1269232 0.0525285 0.1050225 0.1333260 0.1497875 0.1487458 0.1260676 0.1140109 0.1107103 0.1105551 0.1301249 0.1144770 0.1133490 0.1044841 0.0411336 0.1256297 0.0078272 0.0930877 
Phalangeridae_Strigocuscus_pelengensis       0.0371799 0.0729761 0.0477643 0.0427586 0.0373478 0.0663765 0.0179680 0.0096492 0.0368401 0.0919243 0.0000000 0.0694898 0.0821811 0.0090943 0.0369984 0.0683405 0.0691417 0.0688678 0.0890477 0.0404861 0.0675172 0.1053653 0.0959763 0.0686180 0.0568446 0.0414989 0.0441696 0.0618513 0.0506593 0.0415006 0.0081494 0.0724497 0.0654439 0.0927006 0.0475752 
Dasyuridae_Phascogale_tapoatafa              0.0837469 0.1233779 0.0954864 0.0975403 0.0858690 0.0301956 0.0873991 0.0868390 0.0838001 0.1292380 0.0694898 0.0000000 0.0481626 0.0886956 0.0853780 0.0064434 0.0269658 0.0382023 0.1311407 0.0901888 0.1197309 0.1246437 0.1123997 0.0147288 0.1175929 0.0902577 0.0970870 0.1191254 0.0996075 0.0942531 0.0873744 0.1008250 0.0270225 0.1278906 0.0996040 
Dasyuridae_Sminthopsis_macroura              0.1004417 0.1403307 0.1076289 0.1078528 0.0955849 0.0517643 0.1005878 0.1003186 0.0911133 0.1377640 0.0821811 0.0481626 0.0000000 0.0969292 0.0955301 0.0470963 0.0496897 0.0361284 0.1397823 0.1023876 0.1338087 0.1301427 0.1216352 0.0487955 0.1255913 0.1046749 0.1064644 0.1347066 0.1089208 0.1077528 0.0972709 0.1095212 0.0462925 0.1370384 0.1312241 
Phalangeridae_Phalanger_orientalis           0.0480938 0.0920183 0.0605450 0.0558286 0.0455234 0.0852171 0.0245596 0.0129437 0.0454756 0.1066839 0.0090943 0.0886956 0.0969292 0.0000000 0.0470377 0.0862919 0.0855787 0.0865288 0.1019771 0.0508143 0.0811087 0.1194490 0.1150489 0.0899294 0.0709799 0.0568294 0.0562918 0.0756555 0.0583090 0.0552184 0.0029700 0.0833642 0.0845954 0.1070173 0.0683330 
Acrobatidae_Acrobates_pygmaeus               0.0537457 0.0881379 0.0636946 0.0645163 0.0525856 0.0858789 0.0477548 0.0462979 0.0488122 0.1067564 0.0369984 0.0853780 0.0955301 0.0470377 0.0000000 0.0860483 0.0873765 0.0860091 0.0999683 0.0614875 0.0752878 0.1123957 0.1116036 0.0897897 0.0747381 0.0531122 0.0634183 0.0700616 0.0606146 0.0351623 0.0450539 0.0830113 0.0853932 0.1086821 0.0700420 
Dasyuridae_Phascogale_calura                 0.0837689 0.1177862 0.0932012 0.0939867 0.0849659 0.0299412 0.0836679 0.0838487 0.0826727 0.1237597 0.0683405 0.0064434 0.0470963 0.0862919 0.0860483 0.0000000 0.0294705 0.0384803 0.1271878 0.0887037 0.1145806 0.1183565 0.1150685 0.0128780 0.1096110 0.0884364 0.0935976 0.1156044 0.0994037 0.0916550 0.0851594 0.1003675 0.0276729 0.1231860 0.0950249 
Dasyuridae_Sarcophilus_harrisii              0.0876074 0.1188666 0.0935269 0.0958605 0.0843111 0.0135836 0.0857959 0.0856688 0.0824546 0.1271212 0.0691417 0.0269658 0.0496897 0.0855787 0.0873765 0.0294705 0.0000000 0.0437533 0.1304383 0.0905736 0.1160504 0.1262127 0.1211765 0.0317433 0.1133620 0.0879227 0.0955900 0.1150152 0.0985172 0.0913075 0.0844301 0.1038681 0.0108913 0.1260975 0.1014987 
Dasyuridae_Planigale_tenuirostris            0.0884324 0.1207268 0.0900687 0.0951229 0.0837306 0.0444690 0.0849091 0.0865726 0.0825095 0.1269232 0.0688678 0.0382023 0.0361284 0.0865288 0.0860091 0.0384803 0.0437533 0.0000000 0.1300105 0.0892575 0.1152191 0.1099709 0.1091756 0.0381934 0.1151512 0.0909717 0.0937786 0.1130759 0.0959645 0.0948871 0.0863181 0.1052646 0.0418292 0.1260802 0.1068319 
Peramelidae_Echymipera_kalubu                0.1007867 0.1217905 0.1077792 0.1126333 0.1013323 0.1260265 0.0982245 0.1005251 0.0984022 0.0525285 0.0890477 0.1311407 0.1397823 0.1019771 0.0999683 0.1271878 0.1304383 0.1300105 0.0000000 0.1067073 0.1345421 0.1522744 0.1508192 0.1280635 0.1190529 0.1101211 0.1098827 0.1270350 0.1055872 0.1107499 0.1002063 0.0371036 0.1270867 0.0497086 0.0827503 
Macropodidae_Dorcopsulus_vanheurni           0.0557208 0.0936857 0.0635334 0.0288838 0.0232351 0.0889253 0.0490281 0.0462400 0.0201469 0.1050225 0.0404861 0.0901888 0.1023876 0.0508143 0.0614875 0.0887037 0.0905736 0.0892575 0.1067073 0.0000000 0.0828755 0.1176851 0.1106736 0.0904322 0.0521499 0.0613023 0.0091568 0.0792309 0.0651538 0.0590269 0.0487997 0.0874758 0.0877562 0.1032064 0.0776445 
Pseudochiridae_Pseudochirulus_forbesi        0.0782021 0.1189213 0.0857057 0.0841944 0.0748049 0.1120407 0.0757265 0.0709002 0.0781266 0.1333260 0.0675172 0.1197309 0.1338087 0.0811087 0.0752878 0.1145806 0.1160504 0.1152191 0.1345421 0.0828755 0.0000000 0.1454229 0.1392663 0.1150827 0.1020451 0.0582895 0.0863083 0.0346900 0.0885255 0.0793182 0.0784808 0.1126087 0.1117742 0.1320310 0.0777940 
Didelphidae_Didelphis_virginiana             0.1215992 0.1444985 0.1206848 0.1207338 0.1035790 0.1248864 0.1157543 0.1217785 0.1009192 0.1497875 0.1053653 0.1246437 0.1301427 0.1194490 0.1123957 0.1183565 0.1262127 0.1099709 0.1522744 0.1176851 0.1454229 0.0000000 0.0626046 0.1216984 0.1382847 0.1249398 0.1222804 0.1495591 0.1166596 0.1153283 0.1178706 0.1322547 0.1227887 0.1510692 0.1392398 
Marmosidae_Monodelphis_domestica             0.1118041 0.1324760 0.1112405 0.1159948 0.1033193 0.1190673 0.1116428 0.1120054 0.1020553 0.1487458 0.0959763 0.1123997 0.1216352 0.1150489 0.1116036 0.1150685 0.1211765 0.1091756 0.1508192 0.1106736 0.1392663 0.0626046 0.0000000 0.1180215 0.1307958 0.1152406 0.1152189 0.1392447 0.1197054 0.1111520 0.1127180 0.1299639 0.1134203 0.1491590 0.1259854 
Dasyuridae_Antechinus_stuartii               0.0848580 0.1178450 0.0957397 0.0957472 0.0856997 0.0327318 0.0852565 0.0869459 0.0839908 0.1260676 0.0686180 0.0147288 0.0487955 0.0899294 0.0897897 0.0128780 0.0317433 0.0381934 0.1280635 0.0904322 0.1150827 0.1216984 0.1180215 0.0000000 0.1138279 0.0900963 0.0958376 0.1148193 0.1000056 0.0958394 0.0877247 0.1010536 0.0294395 0.1248317 0.0978218 
Hypsiprymnodontidae_Hypsiprymnodon_moschatus 0.0731258 0.1126904 0.0822805 0.0543656 0.0497925 0.1117823 0.0676754 0.0638140 0.0476124 0.1140109 0.0568446 0.1175929 0.1255913 0.0709799 0.0747381 0.1096110 0.1133620 0.1151512 0.1190529 0.0521499 0.1020451 0.1382847 0.1307958 0.1138279 0.0000000 0.0774846 0.0526146 0.0983710 0.0881014 0.0760028 0.0687916 0.1019166 0.1104568 0.1138883 0.0776291 
Pseudochiridae_Petauroides_volans            0.0563799 0.0998694 0.0653334 0.0644349 0.0550805 0.0877800 0.0527560 0.0523733 0.0539718 0.1107103 0.0414989 0.0902577 0.1046749 0.0568294 0.0531122 0.0884364 0.0879227 0.0909717 0.1101211 0.0613023 0.0582895 0.1249398 0.1152406 0.0900963 0.0774846 0.0000000 0.0642685 0.0520827 0.0610156 0.0572474 0.0533846 0.0882648 0.0856599 0.1104395 0.0684498 
Macropodidae_Wallabia_bicolor                0.0581612 0.0989696 0.0649653 0.0263316 0.0244220 0.0939326 0.0518968 0.0513330 0.0218762 0.1105551 0.0441696 0.0970870 0.1064644 0.0562918 0.0634183 0.0935976 0.0955900 0.0937786 0.1098827 0.0091568 0.0863083 0.1222804 0.1152189 0.0958376 0.0526146 0.0642685 0.0000000 0.0832219 0.0677907 0.0629262 0.0546741 0.0897239 0.0916879 0.1086854 0.0818653 
Pseudochiridae_Pseudocheirus_occidentalis    0.0773174 0.1137618 0.0855094 0.0847711 0.0753791 0.1125011 0.0727330 0.0699787 0.0772259 0.1301249 0.0618513 0.1191254 0.1347066 0.0756555 0.0700616 0.1156044 0.1150152 0.1130759 0.1270350 0.0792309 0.0346900 0.1495591 0.1392447 0.1148193 0.0983710 0.0520827 0.0832219 0.0000000 0.0859170 0.0740892 0.0730087 0.1093322 0.1127932 0.1287802 0.0733912 
Tarsipedidae_Tarsipes_rostratus              0.0601378 0.1019399 0.0717994 0.0672506 0.0681173 0.0961861 0.0590269 0.0551798 0.0665745 0.1144770 0.0506593 0.0996075 0.1089208 0.0583090 0.0606146 0.0994037 0.0985172 0.0959645 0.1055872 0.0651538 0.0885255 0.1166596 0.1197054 0.1000056 0.0881014 0.0610156 0.0677907 0.0859170 0.0000000 0.0679150 0.0559624 0.0903638 0.0953988 0.1144641 0.0711686 
Acrobatidae_Distoechurus_pennatus            0.0557832 0.0899034 0.0703475 0.0635651 0.0522004 0.0900874 0.0512331 0.0517402 0.0505454 0.1133490 0.0415006 0.0942531 0.1077528 0.0552184 0.0351623 0.0916550 0.0913075 0.0948871 0.1107499 0.0590269 0.0793182 0.1153283 0.1111520 0.0958394 0.0760028 0.0572474 0.0629262 0.0740892 0.0679150 0.0000000 0.0531856 0.0906670 0.0889382 0.1115501 0.0748118 
Phalangeridae_Phalanger_carmelitae           0.0460772 0.0901104 0.0598726 0.0532988 0.0442909 0.0835430 0.0240159 0.0119348 0.0442680 0.1044841 0.0081494 0.0873744 0.0972709 0.0029700 0.0450539 0.0851594 0.0844301 0.0863181 0.1002063 0.0487997 0.0784808 0.1178706 0.1127180 0.0877247 0.0687916 0.0533846 0.0546741 0.0730087 0.0559624 0.0531856 0.0000000 0.0816912 0.0829341 0.1047568 0.0641289 
Peramelidae_Peroryctes_raffrayana            0.0849832 0.1014195 0.0855561 0.0914784 0.0808625 0.1008527 0.0780827 0.0861144 0.0781143 0.0411336 0.0724497 0.1008250 0.1095212 0.0833642 0.0830113 0.1003675 0.1038681 0.1052646 0.0371036 0.0874758 0.1126087 0.1322547 0.1299639 0.1010536 0.1019166 0.0882648 0.0897239 0.1093322 0.0903638 0.0906670 0.0816912 0.0000000 0.1011059 0.0414743 0.0815272 
Dasyuridae_Dasyurus_geffroii                 0.0828076 0.1179804 0.0923410 0.0922137 0.0819468 0.0069604 0.0826678 0.0828138 0.0796221 0.1256297 0.0654439 0.0270225 0.0462925 0.0845954 0.0853932 0.0276729 0.0108913 0.0418292 0.1270867 0.0877562 0.1117742 0.1227887 0.1134203 0.0294395 0.1104568 0.0856599 0.0916879 0.1127932 0.0953988 0.0889382 0.0829341 0.1011059 0.0000000 0.1245518 0.0954261 
Peramelidae_Perameles_gunnii                 0.1025337 0.1229483 0.1070548 0.1119519 0.1029186 0.1241004 0.1031669 0.1073798 0.1000328 0.0078272 0.0927006 0.1278906 0.1370384 0.1070173 0.1086821 0.1231860 0.1260975 0.1260802 0.0497086 0.1032064 0.1320310 0.1510692 0.1491590 0.1248317 0.1138883 0.1104395 0.1086854 0.1287802 0.1144641 0.1115501 0.1047568 0.0414743 0.1245518 0.0000000 0.0939671 
Microbiotheriidae_Dromiciops_gliroides       0.0649708 0.0862614 0.0740791 0.0787042 0.0682601 0.0969473 0.0593952 0.0607750 0.0704853 0.0930877 0.0475752 0.0996040 0.1312241 0.0683330 0.0700420 0.0950249 0.1014987 0.1068319 0.0827503 0.0776445 0.0777940 0.1392398 0.1259854 0.0978218 0.0776291 0.0684498 0.0818653 0.0733912 0.0711686 0.0748118 0.0641289 0.0815272 0.0954261 0.0939671 0.0000000 
