37
Burramyidae_Burramys_parvus                  0.0000000 0.0822938 0.0545984 0.0746457 0.0757524 0.0919104 0.0557310 0.0634357 0.0755831 0.0760411 0.0753056 0.0968226 0.0908215 0.0670188 0.0645452 0.0963170 0.0930149 0.0874340 0.0872594 0.0711094 0.0658960 0.0786504 0.1058039 0.0942782 0.0675964 0.0908244 0.0578495 0.0756074 0.0692824 0.0835754 0.0638477 0.0651871 0.0739085 0.0925597 0.0765607 0.1142408 0.1142408 
Notoryctidae_Notoryctes_typhlops             0.0822938 0.0000000 0.0861875 0.0996918 0.1010186 0.1004999 0.0950238 0.1009831 0.1020552 0.0942949 0.1146745 0.1067541 0.0970491 0.1042578 0.0979396 0.1051272 0.0996237 0.0961767 0.1059730 0.0980189 0.0932049 0.0956890 0.1213154 0.1047703 0.0973209 0.1087200 0.0804788 0.1020917 0.0996268 0.1024037 0.0946399 0.1006228 0.0858507 0.1011865 0.0964593 0.1336514 0.1336514 
Vombatidae_Lasiorhinus_latifrons             0.0545984 0.0861875 0.0000000 0.0749414 0.0760593 0.0934622 0.0620611 0.0708524 0.0781357 0.0799646 0.0760306 0.0972826 0.0910241 0.0703367 0.0667666 0.0962754 0.0961944 0.0859960 0.0965687 0.0718975 0.0708745 0.0815993 0.1042752 0.0929123 0.0699571 0.0929522 0.0630711 0.0770019 0.0748685 0.0837154 0.0667079 0.0702328 0.0788514 0.0941127 0.0816453 0.1247895 0.1247895 
Potoroidae_Bettongia_penicillata             0.0746457 0.0996918 0.0749414 0.0000000 0.0075396 0.1072596 0.0821097 0.0882528 0.0167887 0.0986999 0.0995215 0.1124392 0.1070799 0.0929775 0.0854842 0.1127518 0.1101097 0.1071913 0.1137634 0.0313429 0.0785730 0.1043687 0.1233351 0.1098130 0.0510159 0.1122766 0.0723051 0.0358950 0.0815424 0.0979585 0.0806278 0.0891048 0.0957963 0.1108132 0.0982547 0.1545758 0.1545758 
Potoroidae_Bettongia_lesueur                 0.0757524 0.1010186 0.0760593 0.0075396 0.0000000 0.1099060 0.0833746 0.0871519 0.0171035 0.1015173 0.0989252 0.1147695 0.1088169 0.0924987 0.0877440 0.1154296 0.1127705 0.1091000 0.1157898 0.0307148 0.0816163 0.1058642 0.1251614 0.1123941 0.0507666 0.1151660 0.0739525 0.0359206 0.0835613 0.1004271 0.0821432 0.0886649 0.0976232 0.1131625 0.1001862 0.1617186 0.1617186 
Dasyuridae_Dasyurus_maculatus                0.0919104 0.1004999 0.0934622 0.1072596 0.1099060 0.0000000 0.0958610 0.1060236 0.1082607 0.1025841 0.1102648 0.0129020 0.0273760 0.1053897 0.1018330 0.0131428 0.0066045 0.0241341 0.1160040 0.1038899 0.0965918 0.1056028 0.1338091 0.0206761 0.1053601 0.1146188 0.0865157 0.1089001 0.1075752 0.1144946 0.1000109 0.1057190 0.0985578 0.0043728 0.1033424 0.0564052 0.0564052 
Phalangeridae_Trichosurus_vulpecula          0.0557310 0.0950238 0.0620611 0.0821097 0.0833746 0.0958610 0.0000000 0.0299614 0.0838098 0.0871911 0.0401324 0.0958231 0.0942304 0.0306994 0.0732324 0.0965964 0.0989634 0.0900187 0.1014937 0.0806194 0.0768940 0.0885775 0.1143124 0.0942248 0.0776540 0.0997705 0.0652519 0.0841156 0.0786374 0.0963445 0.0744174 0.0291070 0.0817751 0.0984018 0.0889586 0.1127338 0.1127338 
Phalangeridae_Spilocuscus_maculatus          0.0634357 0.1009831 0.0708524 0.0882528 0.0871519 0.1060236 0.0299614 0.0000000 0.0881505 0.0921920 0.0197406 0.1076663 0.1034260 0.0128568 0.0799387 0.1072230 0.1072183 0.1010431 0.1046716 0.0848328 0.0817088 0.0936326 0.1184670 0.1049761 0.0831717 0.1029549 0.0702201 0.0889715 0.0843657 0.0982918 0.0799749 0.0115468 0.0910190 0.1071286 0.0928153 0.1096626 0.1096626 
Potoroidae_Aepyprymnus_rufescens             0.0755831 0.1020552 0.0781357 0.0167887 0.0171035 0.1082607 0.0838098 0.0881505 0.0000000 0.0998051 0.1007503 0.1139707 0.1081531 0.0929694 0.0865865 0.1137583 0.1119402 0.1064138 0.1137304 0.0332474 0.0802998 0.1021108 0.1220770 0.1115396 0.0522030 0.1144291 0.0736139 0.0381740 0.0825251 0.0998783 0.0824876 0.0902462 0.0973838 0.1108679 0.0993397 0.1455688 0.1455688 
Peramelidae_Perameles_nasuta                 0.0760411 0.0942949 0.0799646 0.0986999 0.1015173 0.1025841 0.0871911 0.0921920 0.0998051 0.0000000 0.0981746 0.1036577 0.0963015 0.0962486 0.0901126 0.1022600 0.1045860 0.0891991 0.0229279 0.0973621 0.0911908 0.0904435 0.1085450 0.0993968 0.0947107 0.0950337 0.0770603 0.0986573 0.0944598 0.1028359 0.0881157 0.0924177 0.0223297 0.1032489 0.0014279 0.1268154 0.1268154 
Phalangeridae_Strigocuscus_pelengensis       0.0753056 0.1146745 0.0760306 0.0995215 0.0989252 0.1102648 0.0401324 0.0197406 0.1007503 0.0981746 0.0000000 0.1080151 0.1047518 0.0178897 0.0877440 0.1084214 0.1106002 0.1016179 0.1147227 0.0966491 0.0916720 0.1022335 0.1295762 0.1060142 0.0942374 0.1131717 0.0791373 0.1001854 0.0932476 0.1066425 0.0911420 0.0164976 0.0952235 0.1106154 0.1008119 0.1220298 0.1220298 
Dasyuridae_Phascogale_tapoatafa              0.0968226 0.1067541 0.0972826 0.1124392 0.1147695 0.0129020 0.0958231 0.1076663 0.1139707 0.1036577 0.1080151 0.0000000 0.0291261 0.1051456 0.1080141 0.0022463 0.0152766 0.0249120 0.1212425 0.1098909 0.1010614 0.1128643 0.1371207 0.0142382 0.1137372 0.1187441 0.0942133 0.1104457 0.1124267 0.1179924 0.1043866 0.1060512 0.1017539 0.0122996 0.1055893 0.0633607 0.0633607 
Dasyuridae_Sminthopsis_macroura              0.0908215 0.0970491 0.0910241 0.1070799 0.1088169 0.0273760 0.0942304 0.1034260 0.1081531 0.0963015 0.1047518 0.0291261 0.0000000 0.1034752 0.0990786 0.0292409 0.0301406 0.0211579 0.1100573 0.1076892 0.0995318 0.1044864 0.1275684 0.0279597 0.1085680 0.1133454 0.0902292 0.1123482 0.1098822 0.1136005 0.0983503 0.1044596 0.0938843 0.0270599 0.0972528 0.0516580 0.0516580 
Phalangeridae_Phalanger_orientalis           0.0670188 0.1042578 0.0703367 0.0929775 0.0924987 0.1053897 0.0306994 0.0128568 0.0929694 0.0962486 0.0178897 0.1051456 0.1034752 0.0000000 0.0813241 0.1064394 0.1075986 0.0999617 0.1079172 0.0892457 0.0866661 0.0945445 0.1223447 0.1045220 0.0868745 0.1036762 0.0726611 0.0936745 0.0849203 0.1018647 0.0822881 0.0045955 0.0890491 0.1061298 0.0963679 0.1204785 0.1204785 
Acrobatidae_Acrobates_pygmaeus               0.0645452 0.0979396 0.0667666 0.0854842 0.0877440 0.1018330 0.0732324 0.0799387 0.0865865 0.0901126 0.0877440 0.1080141 0.0990786 0.0813241 0.0000000 0.1049522 0.1050751 0.0933787 0.1005311 0.0800271 0.0655021 0.0914068 0.1177657 0.1044969 0.0828076 0.1076352 0.0560745 0.0848868 0.0673492 0.0854041 0.0397625 0.0790981 0.0823722 0.1012025 0.0906322 0.1414027 0.1414027 
Dasyuridae_Phascogale_calura                 0.0963170 0.1051272 0.0962754 0.1127518 0.1154296 0.0131428 0.0965964 0.1072230 0.1137583 0.1022600 0.1084214 0.0022463 0.0292409 0.1064394 0.1049522 0.0000000 0.0154582 0.0244668 0.1179870 0.1103903 0.1003781 0.1111683 0.1377093 0.0144743 0.1143734 0.1157674 0.0921782 0.1137978 0.1133751 0.1139379 0.1018851 0.1059837 0.0984227 0.0125550 0.1027447 0.0590866 0.0590866 
Dasyuridae_Sarcophilus_harrisii              0.0930149 0.0996237 0.0961944 0.1101097 0.1127705 0.0066045 0.0989634 0.1072183 0.1119402 0.1045860 0.1106002 0.0152766 0.0301406 0.1075986 0.1050751 0.0154582 0.0000000 0.0277818 0.1174624 0.1058956 0.0982107 0.1064584 0.1323305 0.0230927 0.1081704 0.1168880 0.0903647 0.1101332 0.1094692 0.1166192 0.1031961 0.1069061 0.0980296 0.0071563 0.1049187 0.0609751 0.0609751 
Dasyuridae_Planigale_tenuirostris            0.0874340 0.0961767 0.0859960 0.1071913 0.1091000 0.0241341 0.0900187 0.1010431 0.1064138 0.0891991 0.1016179 0.0249120 0.0211579 0.0999617 0.0933787 0.0244668 0.0277818 0.0000000 0.0996758 0.1051288 0.0967188 0.0989321 0.1247945 0.0252640 0.1044017 0.1064875 0.0888693 0.1087413 0.1042458 0.1103808 0.0918215 0.0996563 0.0892322 0.0237939 0.0908479 0.0612162 0.0612162 
Peramelidae_Echymipera_kalubu                0.0872594 0.1059730 0.0965687 0.1137634 0.1157898 0.1160040 0.1014937 0.1046716 0.1137304 0.0229279 0.1147227 0.1212425 0.1100573 0.1079172 0.1005311 0.1179870 0.1174624 0.0996758 0.0000000 0.1160598 0.1024769 0.1050227 0.1276095 0.1168575 0.1121481 0.1117128 0.0892913 0.1205699 0.1079388 0.1142711 0.0999333 0.1082788 0.0225407 0.1178514 0.0224391 0.1083728 0.1083728 
Macropodidae_Dorcopsulus_vanheurni           0.0711094 0.0980189 0.0718975 0.0313429 0.0307148 0.1038899 0.0806194 0.0848328 0.0332474 0.0973621 0.0966491 0.1098909 0.1076892 0.0892457 0.0800271 0.1103903 0.1058956 0.1051288 0.1160598 0.0000000 0.0787484 0.0954872 0.1162011 0.1082137 0.0440626 0.1069898 0.0671220 0.0124534 0.0781743 0.0985067 0.0765833 0.0845922 0.0897049 0.1065783 0.0975512 0.1941969 0.1941969 
Pseudochiridae_Pseudochirulus_forbesi        0.0658960 0.0932049 0.0708745 0.0785730 0.0816163 0.0965918 0.0768940 0.0817088 0.0802998 0.0911908 0.0916720 0.1010614 0.0995318 0.0866661 0.0655021 0.1003781 0.0982107 0.0967188 0.1024769 0.0787484 0.0000000 0.0931505 0.1229887 0.0996420 0.0767885 0.1071461 0.0296656 0.0831307 0.0243078 0.0789870 0.0599710 0.0822856 0.0848566 0.0968685 0.0910392 0.1167999 0.1167999 
Didelphidae_Didelphis_virginiana             0.0786504 0.0956890 0.0815993 0.1043687 0.1058642 0.1056028 0.0885775 0.0936326 0.1021108 0.0904435 0.1022335 0.1128643 0.1044864 0.0945445 0.0914068 0.1111683 0.1064584 0.0989321 0.1050227 0.0954872 0.0931505 0.0000000 0.0459573 0.1077225 0.0936922 0.1079873 0.0916011 0.0964249 0.0995912 0.1100887 0.0931614 0.0954129 0.0925689 0.1055964 0.0946281 0.0383013 0.0383013 
Marmosidae_Monodelphis_domestica             0.1058039 0.1213154 0.1042752 0.1233351 0.1251614 0.1338091 0.1143124 0.1184670 0.1220770 0.1085450 0.1295762 0.1371207 0.1275684 0.1223447 0.1177657 0.1377093 0.1323305 0.1247945 0.1276095 0.1162011 0.1229887 0.0459573 0.0000000 0.1340795 0.1181942 0.1313442 0.1020166 0.1177522 0.1274726 0.1323810 0.1143293 0.1208615 0.0982458 0.1329266 0.1145314 0.2400292 0.2400292 
Dasyuridae_Antechinus_stuartii               0.0942782 0.1047703 0.0929123 0.1098130 0.1123941 0.0206761 0.0942248 0.1049761 0.1115396 0.0993968 0.1060142 0.0142382 0.0279597 0.1045220 0.1044969 0.0144743 0.0230927 0.0252640 0.1168575 0.1082137 0.0996420 0.1077225 0.1340795 0.0000000 0.1113121 0.1160835 0.0921791 0.1117342 0.1134170 0.1144293 0.1013774 0.1049278 0.0979014 0.0200548 0.1012963 0.0585088 0.0585088 
Hypsiprymnodontidae_Hypsiprymnodon_moschatus 0.0675964 0.0973209 0.0699571 0.0510159 0.0507666 0.1053601 0.0776540 0.0831717 0.0522030 0.0947107 0.0942374 0.1137372 0.1085680 0.0868745 0.0828076 0.1143734 0.1081704 0.1044017 0.1121481 0.0440626 0.0767885 0.0936922 0.1181942 0.1113121 0.0000000 0.1084810 0.0672202 0.0482222 0.0773651 0.0960218 0.0751755 0.0836768 0.0878467 0.1073817 0.0962961 0.1943599 0.1943599 
Microbiotheriidae_Dromiciops_gliroides       0.0908244 0.1087200 0.0929522 0.1122766 0.1151660 0.1146188 0.0997705 0.1029549 0.1144291 0.0950337 0.1131717 0.1187441 0.1133454 0.1036762 0.1076352 0.1157674 0.1168880 0.1064875 0.1117128 0.1069898 0.1071461 0.1079873 0.1313442 0.1160835 0.1084810 0.0000000 0.0920559 0.1148151 0.1133294 0.1241669 0.1061143 0.1050117 0.0885994 0.1168058 0.0957201 0.1385823 0.1385823 
Pseudochiridae_Petauroides_volans            0.0578495 0.0804788 0.0630711 0.0723051 0.0739525 0.0865157 0.0652519 0.0702201 0.0736139 0.0770603 0.0791373 0.0942133 0.0902292 0.0726611 0.0560745 0.0921782 0.0903647 0.0888693 0.0892913 0.0671220 0.0296656 0.0916011 0.1020166 0.0921791 0.0672202 0.0920559 0.0000000 0.0707092 0.0304258 0.0714015 0.0514677 0.0703493 0.0769967 0.0894355 0.0774270 0.0223984 0.0223984 
Macropodidae_Wallabia_bicolor                0.0756074 0.1020917 0.0770019 0.0358950 0.0359206 0.1089001 0.0841156 0.0889715 0.0381740 0.0986573 0.1001854 0.1104457 0.1123482 0.0936745 0.0848868 0.1137978 0.1101332 0.1087413 0.1205699 0.0124534 0.0831307 0.0964249 0.1177522 0.1117342 0.0482222 0.1148151 0.0707092 0.0000000 0.0800824 0.1034844 0.0823852 0.0889680 0.0908773 0.1108276 0.1005360 0.2169584 0.2169584 
Pseudochiridae_Pseudocheirus_occidentalis    0.0692824 0.0996268 0.0748685 0.0815424 0.0835613 0.1075752 0.0786374 0.0843657 0.0825251 0.0944598 0.0932476 0.1124267 0.1098822 0.0849203 0.0673492 0.1133751 0.1094692 0.1042458 0.1079388 0.0781743 0.0243078 0.0995912 0.1274726 0.1134170 0.0773651 0.1133294 0.0304258 0.0800824 0.0000000 0.0860286 0.0625316 0.0811369 0.0879571 0.1092573 0.0940148 0.1608398 0.1608398 
Tarsipedidae_Tarsipes_rostratus              0.0835754 0.1024037 0.0837154 0.0979585 0.1004271 0.1144946 0.0963445 0.0982918 0.0998783 0.1028359 0.1066425 0.1179924 0.1136005 0.1018647 0.0854041 0.1139379 0.1166192 0.1103808 0.1142711 0.0985067 0.0789870 0.1100887 0.1323810 0.1144293 0.0960218 0.1241669 0.0714015 0.1034844 0.0860286 0.0000000 0.0792354 0.0989314 0.0979772 0.1152058 0.1032427 0.1174052 0.1174052 
Acrobatidae_Distoechurus_pennatus            0.0638477 0.0946399 0.0667079 0.0806278 0.0821432 0.1000109 0.0744174 0.0799749 0.0824876 0.0881157 0.0911420 0.1043866 0.0983503 0.0822881 0.0397625 0.1018851 0.1031961 0.0918215 0.0999333 0.0765833 0.0599710 0.0931614 0.1143293 0.1013774 0.0751755 0.1061143 0.0514677 0.0823852 0.0625316 0.0792354 0.0000000 0.0792169 0.0851300 0.1010439 0.0900884 0.1403503 0.1403503 
Phalangeridae_Phalanger_carmelitae           0.0651871 0.1006228 0.0702328 0.0891048 0.0886649 0.1057190 0.0291070 0.0115468 0.0902462 0.0924177 0.0164976 0.1060512 0.1044596 0.0045955 0.0790981 0.1059837 0.1069061 0.0996563 0.1082788 0.0845922 0.0822856 0.0954129 0.1208615 0.1049278 0.0836768 0.1050117 0.0703493 0.0889680 0.0811369 0.0989314 0.0792169 0.0000000 0.0913628 0.1068170 0.0941916 0.1183146 0.1183146 
Peramelidae_Peroryctes_raffrayana            0.0739085 0.0858507 0.0788514 0.0957963 0.0976232 0.0985578 0.0817751 0.0910190 0.0973838 0.0223297 0.0952235 0.1017539 0.0938843 0.0890491 0.0823722 0.0984227 0.0980296 0.0892322 0.0225407 0.0897049 0.0848566 0.0925689 0.0982458 0.0979014 0.0878467 0.0885994 0.0769967 0.0908773 0.0879571 0.0979772 0.0851300 0.0913628 0.0000000 0.0997454 0.0220788 0.0354261 0.0354261 
Dasyuridae_Dasyurus_geffroii                 0.0925597 0.1011865 0.0941127 0.1108132 0.1131625 0.0043728 0.0984018 0.1071286 0.1108679 0.1032489 0.1106154 0.0122996 0.0270599 0.1061298 0.1012025 0.0125550 0.0071563 0.0237939 0.1178514 0.1065783 0.0968685 0.1055964 0.1329266 0.0200548 0.1073817 0.1168058 0.0894355 0.1108276 0.1092573 0.1152058 0.1010439 0.1068170 0.0997454 0.0000000 0.1035879 0.0564052 0.0564052 
Peramelidae_Perameles_gunnii                 0.0765607 0.0964593 0.0816453 0.0982547 0.1001862 0.1033424 0.0889586 0.0928153 0.0993397 0.0014279 0.1008119 0.1055893 0.0972528 0.0963679 0.0906322 0.1027447 0.1049187 0.0908479 0.0224391 0.0975512 0.0910392 0.0946281 0.1145314 0.1012963 0.0962961 0.0957201 0.0774270 0.1005360 0.0940148 0.1032427 0.0900884 0.0941916 0.0220788 0.1035879 0.0000000 0.1153753 0.1153753 
Myrmecobiidae_Myrmecobius_fasciatus1         0.1142408 0.1336514 0.1247895 0.1545758 0.1617186 0.0564052 0.1127338 0.1096626 0.1455688 0.1268154 0.1220298 0.0633607 0.0516580 0.1204785 0.1414027 0.0590866 0.0609751 0.0612162 0.1083728 0.1941969 0.1167999 0.0383013 0.2400292 0.0585088 0.1943599 0.1385823 0.0223984 0.2169584 0.1608398 0.1174052 0.1403503 0.1183146 0.0354261 0.0564052 0.1153753 0.0000000 0.0000010 
Myrmecobiidae_Myrmecobius_fasciatus2         0.1142408 0.1336514 0.1247895 0.1545758 0.1617186 0.0564052 0.1127338 0.1096626 0.1455688 0.1268154 0.1220298 0.0633607 0.0516580 0.1204785 0.1414027 0.0590866 0.0609751 0.0612162 0.1083728 0.1941969 0.1167999 0.0383013 0.2400292 0.0585088 0.1943599 0.1385823 0.0223984 0.2169584 0.1608398 0.1174052 0.1403503 0.1183146 0.0354261 0.0564052 0.1153753 0.0000010 0.0000000 
