35
Burramyidae_Burramys_parvus                  0.0000000 0.0559163 0.0380146 0.0383842 0.0386717 0.0511918 0.0394464 0.0368931 0.0399430 0.0571156 0.0381806 0.0590801 0.0546733 0.0377575 0.0435719 0.0592404 0.0620019 0.0564661 0.0592589 0.0361463 0.0396050 0.0616036 0.0422681 0.0589017 0.0384579 0.0444344 0.0462464 0.0349207 0.0369263 0.0515800 0.0423752 0.0371532 0.0553167 0.0529198 0.0564090 
Notoryctidae_Notoryctes_typhlops             0.0559163 0.0000000 0.0489516 0.0530555 0.0544971 0.0535711 0.0511040 0.0535484 0.0551342 0.0651076 0.0538473 0.0640524 0.0553511 0.0542957 0.0570042 0.0647617 0.0659010 0.0654685 0.0674057 0.0513016 0.0549271 0.0637980 0.0482449 0.0648985 0.0576063 0.0565806 0.0565525 0.0503521 0.0536372 0.0603871 0.0541268 0.0535309 0.0632757 0.0538164 0.0639637 
Vombatidae_Lasiorhinus_latifrons             0.0380146 0.0489516 0.0000000 0.0377374 0.0389183 0.0514716 0.0348288 0.0395046 0.0415532 0.0578831 0.0406296 0.0553361 0.0491968 0.0403511 0.0383916 0.0551492 0.0583702 0.0569627 0.0659531 0.0369772 0.0437475 0.0634853 0.0456387 0.0518459 0.0398358 0.0475976 0.0495263 0.0363961 0.0407700 0.0519779 0.0397436 0.0394182 0.0568772 0.0531317 0.0574063 
Potoroidae_Bettongia_penicillata             0.0383842 0.0530555 0.0377374 0.0000000 0.0042894 0.0571314 0.0358177 0.0351159 0.0117034 0.0603812 0.0354934 0.0632175 0.0566883 0.0351221 0.0398524 0.0633428 0.0637124 0.0591207 0.0656857 0.0135010 0.0377997 0.0646949 0.0467069 0.0585924 0.0238255 0.0506560 0.0438473 0.0125027 0.0340180 0.0547985 0.0379950 0.0344991 0.0573700 0.0582038 0.0592081 
Potoroidae_Bettongia_lesueur                 0.0386717 0.0544971 0.0389183 0.0042894 0.0000000 0.0578561 0.0358698 0.0354655 0.0134928 0.0613991 0.0357923 0.0629303 0.0570259 0.0351951 0.0402097 0.0630564 0.0640476 0.0590650 0.0674747 0.0145438 0.0395950 0.0672409 0.0473702 0.0590001 0.0246742 0.0509438 0.0444876 0.0140462 0.0354996 0.0561041 0.0388889 0.0348464 0.0580104 0.0588830 0.0602175 
Dasyuridae_Dasyurus_maculatus                0.0511918 0.0535711 0.0514716 0.0571314 0.0578561 0.0000000 0.0452826 0.0548669 0.0584848 0.0640339 0.0552019 0.0217605 0.0304252 0.0567565 0.0543520 0.0216927 0.0036584 0.0285891 0.0643635 0.0528715 0.0596072 0.0825780 0.0606987 0.0186490 0.0542376 0.0569742 0.0596573 0.0533273 0.0583220 0.0768920 0.0564349 0.0553731 0.0633646 0.0039023 0.0628282 
Phalangeridae_Trichosurus_vulpecula          0.0394464 0.0511040 0.0348288 0.0358177 0.0358698 0.0452826 0.0000000 0.0180676 0.0370770 0.0567424 0.0200677 0.0553266 0.0473432 0.0194015 0.0368086 0.0550994 0.0554641 0.0583989 0.0538996 0.0336929 0.0407566 0.0573665 0.0393909 0.0547404 0.0359969 0.0485380 0.0352912 0.0320907 0.0382393 0.0481267 0.0357651 0.0193839 0.0534937 0.0468561 0.0559532 
Phalangeridae_Spilocuscus_maculatus          0.0368931 0.0535484 0.0395046 0.0351159 0.0354655 0.0548669 0.0180676 0.0000000 0.0369043 0.0594157 0.0061816 0.0594462 0.0578091 0.0059805 0.0367815 0.0591725 0.0611630 0.0640592 0.0615614 0.0340107 0.0351834 0.0642587 0.0451569 0.0570720 0.0364100 0.0495128 0.0402264 0.0329052 0.0334269 0.0558096 0.0375633 0.0054875 0.0590700 0.0555608 0.0583662 
Potoroidae_Aepyprymnus_rufescens             0.0399430 0.0551342 0.0415532 0.0117034 0.0134928 0.0584848 0.0370770 0.0369043 0.0000000 0.0603269 0.0373234 0.0584480 0.0556146 0.0371683 0.0441874 0.0585840 0.0643950 0.0600224 0.0680643 0.0184746 0.0399150 0.0638779 0.0508411 0.0588732 0.0294009 0.0563348 0.0458195 0.0174745 0.0360764 0.0498848 0.0422141 0.0365565 0.0579079 0.0595482 0.0594861 
Peramelidae_Perameles_nasuta                 0.0571156 0.0651076 0.0578831 0.0603812 0.0613991 0.0640339 0.0567424 0.0594157 0.0603269 0.0000000 0.0610225 0.0684251 0.0617439 0.0588537 0.0662290 0.0680933 0.0740273 0.0680165 0.0243611 0.0550184 0.0656906 0.0710632 0.0592245 0.0687937 0.0605063 0.0601229 0.0687687 0.0556918 0.0630527 0.0695949 0.0665715 0.0590720 0.0110699 0.0647806 0.0007123 
Phalangeridae_Strigocuscus_pelengensis       0.0381806 0.0538473 0.0406296 0.0354934 0.0357923 0.0552019 0.0200677 0.0061816 0.0373234 0.0610225 0.0000000 0.0595784 0.0582873 0.0074415 0.0380946 0.0597028 0.0614990 0.0639714 0.0625435 0.0337548 0.0361536 0.0647151 0.0468221 0.0562037 0.0362434 0.0517100 0.0408739 0.0325946 0.0342388 0.0554885 0.0391232 0.0064268 0.0602963 0.0560347 0.0599658 
Dasyuridae_Phascogale_tapoatafa              0.0590801 0.0640524 0.0553361 0.0632175 0.0629303 0.0217605 0.0553266 0.0594462 0.0584480 0.0684251 0.0595784 0.0000000 0.0254159 0.0603720 0.0616141 0.0028405 0.0227328 0.0294945 0.0727855 0.0591650 0.0634254 0.0756333 0.0558673 0.0116152 0.0593902 0.0666823 0.0654401 0.0590048 0.0608907 0.0711689 0.0620655 0.0586400 0.0665101 0.0222415 0.0675660 
Dasyuridae_Sminthopsis_macroura              0.0546733 0.0553511 0.0491968 0.0566883 0.0570259 0.0304252 0.0473432 0.0578091 0.0556146 0.0617439 0.0582873 0.0254159 0.0000000 0.0580735 0.0545662 0.0247708 0.0299892 0.0124686 0.0710076 0.0523844 0.0610045 0.0822834 0.0642564 0.0252207 0.0535863 0.0556713 0.0658196 0.0515762 0.0594603 0.0775405 0.0591393 0.0576503 0.0622344 0.0309011 0.0602117 
Phalangeridae_Phalanger_orientalis           0.0377575 0.0542957 0.0403511 0.0351221 0.0351951 0.0567565 0.0194015 0.0059805 0.0371683 0.0588537 0.0074415 0.0603720 0.0580735 0.0000000 0.0381642 0.0600934 0.0634103 0.0619974 0.0625216 0.0345836 0.0351950 0.0649228 0.0463864 0.0579771 0.0372522 0.0494977 0.0407968 0.0332401 0.0333654 0.0560576 0.0389525 0.0030828 0.0587325 0.0574824 0.0580404 
Acrobatidae_Acrobates_pygmaeus               0.0435719 0.0570042 0.0383916 0.0398524 0.0402097 0.0543520 0.0368086 0.0367815 0.0441874 0.0662290 0.0380946 0.0616141 0.0545662 0.0381642 0.0000000 0.0608288 0.0589960 0.0609330 0.0721235 0.0390926 0.0323247 0.0691932 0.0541851 0.0563535 0.0391310 0.0563663 0.0402349 0.0373579 0.0305053 0.0516681 0.0187933 0.0361122 0.0625404 0.0550990 0.0653693 
Dasyuridae_Phascogale_calura                 0.0592404 0.0647617 0.0551492 0.0633428 0.0630564 0.0216927 0.0550994 0.0591725 0.0585840 0.0680933 0.0597028 0.0028405 0.0247708 0.0600934 0.0608288 0.0000000 0.0226511 0.0291804 0.0723812 0.0593002 0.0631324 0.0752379 0.0555994 0.0110976 0.0601664 0.0670820 0.0658371 0.0591873 0.0600378 0.0701256 0.0611615 0.0583714 0.0668622 0.0221596 0.0671988 
Dasyuridae_Sarcophilus_harrisii              0.0620019 0.0659010 0.0583702 0.0637124 0.0640476 0.0036584 0.0554641 0.0611630 0.0643950 0.0740273 0.0614990 0.0227328 0.0299892 0.0634103 0.0589960 0.0226511 0.0000000 0.0359024 0.0775286 0.0588286 0.0637958 0.0826427 0.0610408 0.0194724 0.0618260 0.0684543 0.0690753 0.0589663 0.0629681 0.0772937 0.0623892 0.0610066 0.0734113 0.0046325 0.0727316 
Dasyuridae_Planigale_tenuirostris            0.0564661 0.0654685 0.0569627 0.0591207 0.0590650 0.0285891 0.0583989 0.0640592 0.0600224 0.0680165 0.0639714 0.0294945 0.0124686 0.0619974 0.0609330 0.0291804 0.0359024 0.0000000 0.0811652 0.0559268 0.0660714 0.0756982 0.0599006 0.0288182 0.0579000 0.0592860 0.0757292 0.0541737 0.0646852 0.0716791 0.0637335 0.0619584 0.0680427 0.0288730 0.0665679 
Peramelidae_Echymipera_kalubu                0.0592589 0.0674057 0.0659531 0.0656857 0.0674747 0.0643635 0.0538996 0.0615614 0.0680643 0.0243611 0.0625435 0.0727855 0.0710076 0.0625216 0.0721235 0.0723812 0.0775286 0.0811652 0.0000000 0.0615480 0.0692625 0.0747005 0.0579294 0.0746343 0.0641054 0.0667547 0.0595306 0.0606450 0.0656097 0.0718817 0.0736841 0.0610913 0.0236834 0.0653981 0.0240303 
Macropodidae_Dorcopsulus_vanheurni           0.0361463 0.0513016 0.0369772 0.0135010 0.0145438 0.0528715 0.0336929 0.0340107 0.0184746 0.0550184 0.0337548 0.0591650 0.0523844 0.0345836 0.0390926 0.0593002 0.0588286 0.0559268 0.0615480 0.0000000 0.0376063 0.0624346 0.0469254 0.0552010 0.0231063 0.0477599 0.0424628 0.0052893 0.0335340 0.0520043 0.0381047 0.0328351 0.0545861 0.0542490 0.0538865 
Pseudochiridae_Pseudochirulus_forbesi        0.0396050 0.0549271 0.0437475 0.0377997 0.0395950 0.0596072 0.0407566 0.0351834 0.0399150 0.0656906 0.0361536 0.0634254 0.0610045 0.0351950 0.0323247 0.0631324 0.0637958 0.0660714 0.0692625 0.0376063 0.0000000 0.0688923 0.0510672 0.0607573 0.0396168 0.0546407 0.0241630 0.0362073 0.0096896 0.0465750 0.0335936 0.0340130 0.0632888 0.0609621 0.0651830 
Didelphidae_Didelphis_virginiana             0.0616036 0.0637980 0.0634853 0.0646949 0.0672409 0.0825780 0.0573665 0.0642587 0.0638779 0.0710632 0.0647151 0.0756333 0.0822834 0.0649228 0.0691932 0.0752379 0.0826427 0.0756982 0.0747005 0.0624346 0.0688923 0.0000000 0.0351544 0.0761338 0.0640420 0.0599316 0.0687143 0.0621986 0.0618295 0.0756853 0.0647858 0.0637879 0.0706091 0.0833070 0.0708181 
Marmosidae_Monodelphis_domestica             0.0422681 0.0482449 0.0456387 0.0467069 0.0473702 0.0606987 0.0393909 0.0451569 0.0508411 0.0592245 0.0468221 0.0558673 0.0642564 0.0463864 0.0541851 0.0555994 0.0610408 0.0599006 0.0579294 0.0469254 0.0510672 0.0351544 0.0000000 0.0556913 0.0474756 0.0429172 0.0505335 0.0451298 0.0461087 0.0658547 0.0505585 0.0450677 0.0583905 0.0607394 0.0580429 
Dasyuridae_Antechinus_stuartii               0.0589017 0.0648985 0.0518459 0.0585924 0.0590001 0.0186490 0.0547404 0.0570720 0.0588732 0.0687937 0.0562037 0.0116152 0.0252207 0.0579771 0.0563535 0.0110976 0.0194724 0.0288182 0.0746343 0.0552010 0.0607573 0.0761338 0.0556913 0.0000000 0.0566858 0.0630131 0.0666308 0.0547284 0.0588540 0.0728757 0.0572296 0.0562795 0.0674562 0.0194561 0.0672358 
Hypsiprymnodontidae_Hypsiprymnodon_moschatus 0.0384579 0.0576063 0.0398358 0.0238255 0.0246742 0.0542376 0.0359969 0.0364100 0.0294009 0.0605063 0.0362434 0.0593902 0.0535863 0.0372522 0.0391310 0.0601664 0.0618260 0.0579000 0.0641054 0.0231063 0.0396168 0.0640420 0.0474756 0.0566858 0.0000000 0.0491645 0.0457757 0.0212855 0.0361177 0.0552119 0.0392972 0.0357728 0.0581541 0.0552578 0.0593415 
Microbiotheriidae_Dromiciops_gliroides       0.0444344 0.0565806 0.0475976 0.0506560 0.0509438 0.0569742 0.0485380 0.0495128 0.0563348 0.0601229 0.0517100 0.0666823 0.0556713 0.0494977 0.0563663 0.0670820 0.0684543 0.0592860 0.0667547 0.0477599 0.0546407 0.0599316 0.0429172 0.0630131 0.0491645 0.0000000 0.0574934 0.0468393 0.0517488 0.0668651 0.0525767 0.0504055 0.0605730 0.0577712 0.0591032 
Pseudochiridae_Petauroides_volans            0.0462464 0.0565525 0.0495263 0.0438473 0.0444876 0.0596573 0.0352912 0.0402264 0.0458195 0.0687687 0.0408739 0.0654401 0.0658196 0.0407968 0.0402349 0.0658371 0.0690753 0.0757292 0.0595306 0.0424628 0.0241630 0.0687143 0.0505335 0.0666308 0.0457757 0.0574934 0.0000000 0.0414895 0.0210497 0.0473955 0.0394143 0.0398822 0.0656960 0.0612243 0.0676902 
Macropodidae_Wallabia_bicolor                0.0349207 0.0503521 0.0363961 0.0125027 0.0140462 0.0533273 0.0320907 0.0329052 0.0174745 0.0556918 0.0325946 0.0590048 0.0515762 0.0332401 0.0373579 0.0591873 0.0589663 0.0541737 0.0606450 0.0052893 0.0362073 0.0621986 0.0451298 0.0547284 0.0212855 0.0468393 0.0414895 0.0000000 0.0324253 0.0521798 0.0373028 0.0315061 0.0535585 0.0543595 0.0546622 
Pseudochiridae_Pseudocheirus_occidentalis    0.0369263 0.0536372 0.0407700 0.0340180 0.0354996 0.0583220 0.0382393 0.0334269 0.0360764 0.0630527 0.0342388 0.0608907 0.0594603 0.0333654 0.0305053 0.0600378 0.0629681 0.0646852 0.0656097 0.0335340 0.0096896 0.0618295 0.0461087 0.0588540 0.0361177 0.0517488 0.0210497 0.0324253 0.0000000 0.0421971 0.0309593 0.0322283 0.0595719 0.0597555 0.0622434 
Tarsipedidae_Tarsipes_rostratus              0.0515800 0.0603871 0.0519779 0.0547985 0.0561041 0.0768920 0.0481267 0.0558096 0.0498848 0.0695949 0.0554885 0.0711689 0.0775405 0.0560576 0.0516681 0.0701256 0.0772937 0.0716791 0.0718817 0.0520043 0.0465750 0.0756853 0.0658547 0.0728757 0.0552119 0.0668651 0.0473955 0.0521798 0.0421971 0.0000000 0.0493763 0.0540595 0.0669673 0.0786592 0.0690342 
Acrobatidae_Distoechurus_pennatus            0.0423752 0.0541268 0.0397436 0.0379950 0.0388889 0.0564349 0.0357651 0.0375633 0.0422141 0.0665715 0.0391232 0.0620655 0.0591393 0.0389525 0.0187933 0.0611615 0.0623892 0.0637335 0.0736841 0.0381047 0.0335936 0.0647858 0.0505585 0.0572296 0.0392972 0.0525767 0.0394143 0.0373028 0.0309593 0.0493763 0.0000000 0.0374580 0.0624632 0.0569054 0.0657136 
Phalangeridae_Phalanger_carmelitae           0.0371532 0.0535309 0.0394182 0.0344991 0.0348464 0.0553731 0.0193839 0.0054875 0.0365565 0.0590720 0.0064268 0.0586400 0.0576503 0.0030828 0.0361122 0.0583714 0.0610066 0.0619584 0.0610913 0.0328351 0.0340130 0.0637879 0.0450677 0.0562795 0.0357728 0.0504055 0.0398822 0.0315061 0.0322283 0.0540595 0.0374580 0.0000000 0.0580718 0.0560647 0.0582500 
Peramelidae_Peroryctes_raffrayana            0.0553167 0.0632757 0.0568772 0.0573700 0.0580104 0.0633646 0.0534937 0.0590700 0.0579079 0.0110699 0.0602963 0.0665101 0.0622344 0.0587325 0.0625404 0.0668622 0.0734113 0.0680427 0.0236834 0.0545861 0.0632888 0.0706091 0.0583905 0.0674562 0.0581541 0.0605730 0.0656960 0.0535585 0.0595719 0.0669673 0.0624632 0.0580718 0.0000000 0.0638042 0.0108108 
Dasyuridae_Dasyurus_geffroii                 0.0529198 0.0538164 0.0531317 0.0582038 0.0588830 0.0039023 0.0468561 0.0555608 0.0595482 0.0647806 0.0560347 0.0222415 0.0309011 0.0574824 0.0550990 0.0221596 0.0046325 0.0288730 0.0653981 0.0542490 0.0609621 0.0833070 0.0607394 0.0194561 0.0552578 0.0577712 0.0612243 0.0543595 0.0597555 0.0786592 0.0569054 0.0560647 0.0638042 0.0000000 0.0635338 
Peramelidae_Perameles_gunnii                 0.0564090 0.0639637 0.0574063 0.0592081 0.0602175 0.0628282 0.0559532 0.0583662 0.0594861 0.0007123 0.0599658 0.0675660 0.0602117 0.0580404 0.0653693 0.0671988 0.0727316 0.0665679 0.0240303 0.0538865 0.0651830 0.0708181 0.0580429 0.0672358 0.0593415 0.0591032 0.0676902 0.0546622 0.0622434 0.0690342 0.0657136 0.0582500 0.0108108 0.0635338 0.0000000 
