37
Burramyidae_Burramys_parvus                  0.0000000 0.0745015 0.0497251 0.0547436 0.0516435 0.0594670 0.0397364 0.0362780 0.0540624 0.0746827 0.0368828 0.0571381 0.0568066 0.0375256 0.0498543 0.0556216 0.0586520 0.0578491 0.0895886 0.0508342 0.0519128 0.0665706 0.0676765 0.0534592 0.0553687 0.0536696 0.0502582 0.0475123 0.0415231 0.0718020 0.0618421 0.0367323 0.0714880 0.0615446 0.0697352 0.0594713 0.0594713 
Notoryctidae_Notoryctes_typhlops             0.0745015 0.0000000 0.0693570 0.1051298 0.0996373 0.0784087 0.0843187 0.0882396 0.1018160 0.0789166 0.0855757 0.0773484 0.0763801 0.0878919 0.0976034 0.0761617 0.0789334 0.0757099 0.0928309 0.1010524 0.0821211 0.0863286 0.0868932 0.0710478 0.1002266 0.0626611 0.0966575 0.0959919 0.0777658 0.1115450 0.1046241 0.0876024 0.0808837 0.0794106 0.0827871 0.1044406 0.1044406 
Vombatidae_Lasiorhinus_latifrons             0.0497251 0.0693570 0.0000000 0.0748887 0.0715217 0.0656803 0.0599695 0.0586896 0.0692220 0.0770075 0.0592341 0.0667870 0.0650342 0.0592676 0.0651518 0.0663086 0.0663560 0.0642935 0.0922421 0.0712209 0.0658998 0.0696298 0.0716916 0.0631531 0.0763504 0.0545608 0.0695375 0.0680703 0.0563021 0.0964493 0.0750623 0.0590752 0.0710906 0.0663097 0.0728812 0.0754451 0.0754451 
Potoroidae_Bettongia_penicillata             0.0547436 0.1051298 0.0748887 0.0000000 0.0033904 0.0855714 0.0682508 0.0643377 0.0104204 0.1065245 0.0661656 0.0826791 0.0857804 0.0653658 0.0700046 0.0813173 0.0853065 0.0851026 0.1155780 0.0162687 0.0718002 0.0919435 0.0937951 0.0792725 0.0349806 0.0716515 0.0654039 0.0161300 0.0585625 0.0940283 0.0798391 0.0650429 0.0994319 0.0879414 0.0976580 0.0843609 0.0843609 
Potoroidae_Bettongia_lesueur                 0.0516435 0.0996373 0.0715217 0.0033904 0.0000000 0.0832606 0.0655220 0.0613546 0.0092897 0.1025263 0.0633253 0.0803607 0.0835099 0.0621015 0.0672015 0.0790739 0.0830328 0.0839051 0.1115650 0.0150322 0.0670991 0.0883032 0.0901292 0.0770504 0.0335309 0.0694291 0.0636614 0.0148777 0.0555246 0.0884447 0.0763844 0.0618180 0.0958902 0.0867530 0.0951086 0.0782611 0.0782611 
Dasyuridae_Dasyurus_maculatus                0.0594670 0.0784087 0.0656803 0.0855714 0.0832606 0.0000000 0.0759251 0.0715500 0.0843907 0.0777532 0.0740943 0.0132425 0.0177774 0.0770950 0.0817319 0.0126321 0.0034564 0.0172450 0.0925800 0.0850238 0.0808643 0.0740488 0.0736839 0.0098356 0.0865367 0.0512865 0.0873114 0.0804653 0.0671322 0.1057727 0.0882083 0.0772397 0.0689731 0.0044974 0.0729260 0.0296007 0.0296007 
Phalangeridae_Trichosurus_vulpecula          0.0397364 0.0843187 0.0599695 0.0682508 0.0655220 0.0759251 0.0000000 0.0369972 0.0680215 0.0903759 0.0305503 0.0741518 0.0692535 0.0385969 0.0572230 0.0714123 0.0758526 0.0683932 0.1065494 0.0652408 0.0611652 0.0776925 0.0790341 0.0694657 0.0692964 0.0585766 0.0606564 0.0606932 0.0521847 0.0897519 0.0709609 0.0368434 0.0863353 0.0777824 0.0830318 0.0537151 0.0537151 
Phalangeridae_Spilocuscus_maculatus          0.0362780 0.0882396 0.0586896 0.0643377 0.0613546 0.0715500 0.0369972 0.0000000 0.0641237 0.0848270 0.0162550 0.0722688 0.0693749 0.0086002 0.0562608 0.0711374 0.0717984 0.0705697 0.1017233 0.0628444 0.0557813 0.0776557 0.0790195 0.0678417 0.0644729 0.0582396 0.0561052 0.0569684 0.0492869 0.0819942 0.0646942 0.0077487 0.0815693 0.0704669 0.0772494 0.0541710 0.0541710 
Potoroidae_Aepyprymnus_rufescens             0.0540624 0.1018160 0.0692220 0.0104204 0.0092897 0.0843907 0.0680215 0.0641237 0.0000000 0.1054834 0.0660068 0.0819791 0.0846467 0.0642775 0.0686525 0.0806986 0.0835847 0.0844477 0.1137568 0.0166363 0.0684020 0.0891324 0.0927548 0.0786610 0.0362742 0.0710252 0.0630887 0.0156739 0.0548579 0.0912600 0.0806696 0.0649997 0.0950695 0.0873252 0.0949833 0.0851105 0.0851105 
Peramelidae_Perameles_nasuta                 0.0746827 0.0789166 0.0770075 0.1065245 0.1025263 0.0777532 0.0903759 0.0848270 0.1054834 0.0000000 0.0818758 0.0743392 0.0739551 0.0865406 0.0978083 0.0765780 0.0763199 0.0735950 0.0163833 0.1043361 0.0860432 0.0840111 0.0791018 0.0713596 0.0950200 0.0646909 0.0991469 0.1007342 0.0778202 0.1121268 0.0978131 0.0880563 0.0103481 0.0771278 0.0000010 0.0743118 0.0743118 
Phalangeridae_Strigocuscus_pelengensis       0.0368828 0.0855757 0.0592341 0.0661656 0.0633253 0.0740943 0.0305503 0.0162550 0.0660068 0.0818758 0.0000000 0.0732621 0.0694944 0.0187073 0.0559272 0.0717710 0.0741718 0.0702182 0.0987387 0.0641716 0.0608579 0.0740715 0.0755116 0.0686661 0.0668530 0.0604209 0.0616718 0.0602152 0.0504472 0.0867219 0.0666615 0.0178294 0.0793850 0.0764309 0.0759520 0.0499226 0.0499226 
Dasyuridae_Phascogale_tapoatafa              0.0571381 0.0773484 0.0667870 0.0826791 0.0803607 0.0132425 0.0741518 0.0722688 0.0819791 0.0743392 0.0732621 0.0000000 0.0167270 0.0763473 0.0830958 0.0034822 0.0127831 0.0162128 0.0894357 0.0806151 0.0727478 0.0745057 0.0746931 0.0069623 0.0830671 0.0554582 0.0797737 0.0765536 0.0672063 0.1011382 0.0894701 0.0765014 0.0714172 0.0144389 0.0709520 0.0369529 0.0369529 
Dasyuridae_Sminthopsis_macroura              0.0568066 0.0763801 0.0650342 0.0857804 0.0835099 0.0177774 0.0692535 0.0693749 0.0846467 0.0739551 0.0694944 0.0167270 0.0000000 0.0718960 0.0786817 0.0154841 0.0171279 0.0113837 0.0882313 0.0839013 0.0802364 0.0728926 0.0720470 0.0123560 0.0844631 0.0536325 0.0831073 0.0797764 0.0665364 0.1074758 0.0877617 0.0720872 0.0676993 0.0199928 0.0699621 0.0437632 0.0437632 
Phalangeridae_Phalanger_orientalis           0.0375256 0.0878919 0.0592676 0.0653658 0.0621015 0.0770950 0.0385969 0.0086002 0.0642775 0.0865406 0.0187073 0.0763473 0.0718960 0.0000000 0.0587275 0.0746543 0.0770239 0.0761957 0.1038490 0.0644896 0.0593367 0.0770938 0.0788003 0.0715343 0.0666178 0.0612702 0.0613604 0.0596576 0.0477255 0.0859663 0.0700065 0.0041209 0.0831141 0.0795042 0.0796170 0.0602246 0.0602246 
Acrobatidae_Acrobates_pygmaeus               0.0498543 0.0976034 0.0651518 0.0700046 0.0672015 0.0817319 0.0572230 0.0562608 0.0686525 0.0978083 0.0559272 0.0830958 0.0786817 0.0587275 0.0000000 0.0814514 0.0800206 0.0777734 0.1142946 0.0671275 0.0534576 0.0858034 0.0832095 0.0782341 0.0720884 0.0642516 0.0501948 0.0635620 0.0392260 0.0759815 0.0322538 0.0571776 0.0884452 0.0819968 0.0884102 0.0932989 0.0932989 
Dasyuridae_Phascogale_calura                 0.0556216 0.0761617 0.0663086 0.0813173 0.0790739 0.0126321 0.0714123 0.0711374 0.0806986 0.0765780 0.0717710 0.0034822 0.0154841 0.0746543 0.0814514 0.0000000 0.0116928 0.0140532 0.0910712 0.0793248 0.0763711 0.0733076 0.0734058 0.0057559 0.0835207 0.0551820 0.0823987 0.0756075 0.0671778 0.1018235 0.0891164 0.0748499 0.0701411 0.0142897 0.0720719 0.0370996 0.0370996 
Dasyuridae_Sarcophilus_harrisii              0.0586520 0.0789334 0.0663560 0.0853065 0.0830328 0.0034564 0.0758526 0.0717984 0.0835847 0.0763199 0.0741718 0.0127831 0.0171279 0.0770239 0.0800206 0.0116928 0.0000000 0.0165302 0.0928908 0.0842085 0.0792903 0.0750422 0.0741127 0.0089639 0.0869439 0.0542489 0.0867325 0.0806311 0.0659124 0.1055338 0.0869028 0.0771672 0.0667149 0.0051582 0.0717213 0.0303042 0.0303042 
Dasyuridae_Planigale_tenuirostris            0.0578491 0.0757099 0.0642935 0.0851026 0.0839051 0.0172450 0.0683932 0.0705697 0.0844477 0.0735950 0.0702182 0.0162128 0.0113837 0.0761957 0.0777734 0.0140532 0.0165302 0.0000000 0.0859201 0.0844330 0.0779715 0.0711822 0.0720289 0.0117930 0.0857503 0.0530622 0.0801653 0.0793581 0.0675885 0.1019165 0.0871161 0.0740809 0.0650249 0.0178171 0.0693995 0.0274041 0.0274041 
Peramelidae_Echymipera_kalubu                0.0895886 0.0928309 0.0922421 0.1155780 0.1115650 0.0925800 0.1065494 0.1017233 0.1137568 0.0163833 0.0987387 0.0894357 0.0882313 0.1038490 0.1142946 0.0910712 0.0928908 0.0859201 0.0000000 0.1149665 0.1030861 0.0995041 0.0910700 0.0858065 0.1050753 0.0779283 0.1131922 0.1114078 0.0963138 0.1272657 0.1139187 0.1049653 0.0167249 0.0935193 0.0160050 0.0923962 0.0923962 
Macropodidae_Dorcopsulus_vanheurni           0.0508342 0.1010524 0.0712209 0.0162687 0.0150322 0.0850238 0.0652408 0.0628444 0.0166363 0.1043361 0.0641716 0.0806151 0.0839013 0.0644896 0.0671275 0.0793248 0.0842085 0.0844330 0.1149665 0.0000000 0.0691118 0.0915450 0.0921314 0.0780981 0.0316777 0.0695508 0.0627440 0.0037728 0.0538816 0.0932253 0.0774272 0.0642838 0.0962493 0.0879624 0.0950378 0.0854350 0.0854350 
Pseudochiridae_Pseudochirulus_forbesi        0.0519128 0.0821211 0.0658998 0.0718002 0.0670991 0.0808643 0.0611652 0.0557813 0.0684020 0.0860432 0.0608579 0.0727478 0.0802364 0.0593367 0.0534576 0.0763711 0.0792903 0.0779715 0.1030861 0.0691118 0.0000000 0.0880466 0.0850586 0.0739412 0.0700710 0.0615443 0.0407635 0.0661232 0.0182289 0.0540733 0.0588682 0.0597278 0.0823474 0.0787360 0.0869713 0.0660503 0.0660503 
Didelphidae_Didelphis_virginiana             0.0665706 0.0863286 0.0696298 0.0919435 0.0883032 0.0740488 0.0776925 0.0776557 0.0891324 0.0840111 0.0740715 0.0745057 0.0728926 0.0770938 0.0858034 0.0733076 0.0750422 0.0711822 0.0995041 0.0915450 0.0880466 0.0000000 0.0239833 0.0691953 0.0926107 0.0666204 0.0871018 0.0880628 0.0749546 0.1131614 0.0893992 0.0784855 0.0768047 0.0763758 0.0748970 0.1113969 0.1113969 
Marmosidae_Monodelphis_domestica             0.0676765 0.0868932 0.0716916 0.0937951 0.0901292 0.0736839 0.0790341 0.0790195 0.0927548 0.0791018 0.0755116 0.0746931 0.0720470 0.0788003 0.0832095 0.0734058 0.0741127 0.0720289 0.0910700 0.0921314 0.0850586 0.0239833 0.0000000 0.0692975 0.0926527 0.0652484 0.0869884 0.0891995 0.0791420 0.1095890 0.0894239 0.0785080 0.0741372 0.0776898 0.0753807 0.1086702 0.1086702 
Dasyuridae_Antechinus_stuartii               0.0534592 0.0710478 0.0631531 0.0792725 0.0770504 0.0098356 0.0694657 0.0678417 0.0786610 0.0713596 0.0686661 0.0069623 0.0123560 0.0715343 0.0782341 0.0057559 0.0089639 0.0117930 0.0858065 0.0780981 0.0739412 0.0691953 0.0692975 0.0000000 0.0803279 0.0527964 0.0786728 0.0743736 0.0635637 0.0989196 0.0858230 0.0717747 0.0645684 0.0114106 0.0669744 0.0347566 0.0347566 
Hypsiprymnodontidae_Hypsiprymnodon_moschatus 0.0553687 0.1002266 0.0763504 0.0349806 0.0335309 0.0865367 0.0692964 0.0644729 0.0362742 0.0950200 0.0668530 0.0830671 0.0844631 0.0666178 0.0720884 0.0835207 0.0869439 0.0857503 0.1050753 0.0316777 0.0700710 0.0926107 0.0926527 0.0803279 0.0000000 0.0713533 0.0672153 0.0312916 0.0583343 0.0982407 0.0805836 0.0663908 0.0951791 0.0875867 0.0901908 0.0778967 0.0778967 
Microbiotheriidae_Dromiciops_gliroides       0.0536696 0.0626611 0.0545608 0.0716515 0.0694291 0.0512865 0.0585766 0.0582396 0.0710252 0.0646909 0.0604209 0.0554582 0.0536325 0.0612702 0.0642516 0.0551820 0.0542489 0.0530622 0.0779283 0.0695508 0.0615443 0.0666204 0.0652484 0.0527964 0.0713533 0.0000000 0.0674984 0.0664014 0.0490543 0.0864575 0.0727750 0.0607303 0.0601776 0.0554286 0.0666776 0.0318222 0.0318222 
Pseudochiridae_Petauroides_volans            0.0502582 0.0966575 0.0695375 0.0654039 0.0636614 0.0873114 0.0606564 0.0561052 0.0630887 0.0991469 0.0616718 0.0797737 0.0831073 0.0613604 0.0501948 0.0823987 0.0867325 0.0801653 0.1131922 0.0627440 0.0407635 0.0871018 0.0869884 0.0786728 0.0672153 0.0674984 0.0000000 0.0603396 0.0274069 0.0699173 0.0581390 0.0602922 0.0844728 0.0866360 0.0910919 0.0667097 0.0667097 
Macropodidae_Wallabia_bicolor                0.0475123 0.0959919 0.0680703 0.0161300 0.0148777 0.0804653 0.0606932 0.0569684 0.0156739 0.1007342 0.0602152 0.0765536 0.0797764 0.0596576 0.0635620 0.0756075 0.0806311 0.0793581 0.1114078 0.0037728 0.0661232 0.0880628 0.0891995 0.0743736 0.0312916 0.0664014 0.0603396 0.0000000 0.0510989 0.0889771 0.0749867 0.0586993 0.0935275 0.0824259 0.0919777 0.0947495 0.0947495 
Pseudochiridae_Pseudocheirus_occidentalis    0.0415231 0.0777658 0.0563021 0.0585625 0.0555246 0.0671322 0.0521847 0.0492869 0.0548579 0.0778202 0.0504472 0.0672063 0.0665364 0.0477255 0.0392260 0.0671778 0.0659124 0.0675885 0.0963138 0.0538816 0.0182289 0.0749546 0.0791420 0.0635637 0.0583343 0.0490543 0.0274069 0.0510989 0.0000000 0.0567373 0.0494822 0.0476242 0.0742014 0.0664526 0.0696497 0.0704436 0.0704436 
Tarsipedidae_Tarsipes_rostratus              0.0718020 0.1115450 0.0964493 0.0940283 0.0884447 0.1057727 0.0897519 0.0819942 0.0912600 0.1121268 0.0867219 0.1011382 0.1074758 0.0859663 0.0759815 0.1018235 0.1055338 0.1019165 0.1272657 0.0932253 0.0540733 0.1131614 0.1095890 0.0989196 0.0982407 0.0864575 0.0699173 0.0889771 0.0567373 0.0000000 0.0899323 0.0852739 0.1144954 0.1039387 0.1162754 0.1030135 0.1030135 
Acrobatidae_Distoechurus_pennatus            0.0618421 0.1046241 0.0750623 0.0798391 0.0763844 0.0882083 0.0709609 0.0646942 0.0806696 0.0978131 0.0666615 0.0894701 0.0877617 0.0700065 0.0322538 0.0891164 0.0869028 0.0871161 0.1139187 0.0774272 0.0588682 0.0893992 0.0894239 0.0858230 0.0805836 0.0727750 0.0581390 0.0749867 0.0494822 0.0899323 0.0000000 0.0678620 0.0922766 0.0887674 0.0929598 0.0879528 0.0879528 
Phalangeridae_Phalanger_carmelitae           0.0367323 0.0876024 0.0590752 0.0650429 0.0618180 0.0772397 0.0368434 0.0077487 0.0649997 0.0880563 0.0178294 0.0765014 0.0720872 0.0041209 0.0571776 0.0748499 0.0771672 0.0740809 0.1049653 0.0642838 0.0597278 0.0784855 0.0785080 0.0717747 0.0663908 0.0607303 0.0602922 0.0586993 0.0476242 0.0852739 0.0678620 0.0000000 0.0832091 0.0785688 0.0797365 0.0858707 0.0858707 
Peramelidae_Peroryctes_raffrayana            0.0714880 0.0808837 0.0710906 0.0994319 0.0958902 0.0689731 0.0863353 0.0815693 0.0950695 0.0103481 0.0793850 0.0714172 0.0676993 0.0831141 0.0884452 0.0701411 0.0667149 0.0650249 0.0167249 0.0962493 0.0823474 0.0768047 0.0741372 0.0645684 0.0951791 0.0601776 0.0844728 0.0935275 0.0742014 0.1144954 0.0922766 0.0832091 0.0000000 0.0678212 0.0081182 0.0803013 0.0803013 
Dasyuridae_Dasyurus_geffroii                 0.0615446 0.0794106 0.0663097 0.0879414 0.0867530 0.0044974 0.0777824 0.0704669 0.0873252 0.0771278 0.0764309 0.0144389 0.0199928 0.0795042 0.0819968 0.0142897 0.0051582 0.0178171 0.0935193 0.0879624 0.0787360 0.0763758 0.0776898 0.0114106 0.0875867 0.0554286 0.0866360 0.0824259 0.0664526 0.1039387 0.0887674 0.0785688 0.0678212 0.0000000 0.0723504 0.0342385 0.0342385 
Peramelidae_Perameles_gunnii                 0.0697352 0.0827871 0.0728812 0.0976580 0.0951086 0.0729260 0.0830318 0.0772494 0.0949833 0.0000010 0.0759520 0.0709520 0.0699621 0.0796170 0.0884102 0.0720719 0.0717213 0.0693995 0.0160050 0.0950378 0.0869713 0.0748970 0.0753807 0.0669744 0.0901908 0.0666776 0.0910919 0.0919777 0.0696497 0.1162754 0.0929598 0.0797365 0.0081182 0.0723504 0.0000000 0.0743118 0.0743118 
Myrmecobiidae_Myrmecobius_fasciatus1         0.0594713 0.1044406 0.0754451 0.0843609 0.0782611 0.0296007 0.0537151 0.0541710 0.0851105 0.0743118 0.0499226 0.0369529 0.0437632 0.0602246 0.0932989 0.0370996 0.0303042 0.0274041 0.0923962 0.0854350 0.0660503 0.1113969 0.1086702 0.0347566 0.0778967 0.0318222 0.0667097 0.0947495 0.0704436 0.1030135 0.0879528 0.0858707 0.0803013 0.0342385 0.0743118 0.0000000 0.0000010 
Myrmecobiidae_Myrmecobius_fasciatus2         0.0594713 0.1044406 0.0754451 0.0843609 0.0782611 0.0296007 0.0537151 0.0541710 0.0851105 0.0743118 0.0499226 0.0369529 0.0437632 0.0602246 0.0932989 0.0370996 0.0303042 0.0274041 0.0923962 0.0854350 0.0660503 0.1113969 0.1086702 0.0347566 0.0778967 0.0318222 0.0667097 0.0947495 0.0704436 0.1030135 0.0879528 0.0858707 0.0803013 0.0342385 0.0743118 0.0000010 0.0000000 
