35
Burramyidae_Burramys_parvus                  0.0000000 0.0840238 0.0666068 0.0846387 0.0697619 0.0896836 0.0583034 0.0465771 0.0774364 0.0790228 0.0576471 0.0868525 0.0867461 0.0494441 0.0494417 0.0854528 0.0919026 0.0825998 0.0794613 0.0741056 0.0546509 0.0942933 0.0870921 0.0903695 0.0639695 0.0877230 0.0484921 0.0750728 0.0548958 0.0827488 0.0542759 0.0448771 0.0890530 0.0926797 0.0765564 
Notoryctidae_Notoryctes_typhlops             0.0840238 0.0000000 0.1006196 0.1304137 0.1141530 0.1211083 0.1007284 0.0867890 0.1244036 0.1029597 0.1011453 0.1164356 0.1172098 0.0886345 0.0966072 0.1159249 0.1237445 0.1112516 0.1043390 0.1167656 0.0972955 0.1224413 0.1201314 0.1198892 0.1062946 0.1119592 0.0879825 0.1159032 0.0962555 0.1308650 0.1005996 0.0844143 0.1153931 0.1229314 0.1011693 
Vombatidae_Lasiorhinus_latifrons             0.0666068 0.1006196 0.0000000 0.0990479 0.0982216 0.1089638 0.0655388 0.0628114 0.1012908 0.0906396 0.0652136 0.1076246 0.1094562 0.0652330 0.0705283 0.1077499 0.1116099 0.1076963 0.0901148 0.0874998 0.0793182 0.1160500 0.1126897 0.1083834 0.0899559 0.0965456 0.0654975 0.0854879 0.0733468 0.1150405 0.0776340 0.0629219 0.0999635 0.1107897 0.0891816 
Potoroidae_Bettongia_penicillata             0.0846387 0.1304137 0.0990479 0.0000000 0.0221914 0.1283818 0.0936474 0.0819640 0.0242168 0.1080277 0.0929751 0.1192737 0.1230212 0.0860227 0.0877565 0.1205726 0.1311010 0.1178841 0.1098881 0.0395690 0.0986311 0.1276530 0.1230783 0.1201629 0.0640706 0.1295469 0.0868421 0.0358250 0.0940220 0.1237704 0.0939714 0.0822412 0.1185721 0.1310348 0.1066194 
Potoroidae_Bettongia_lesueur                 0.0697619 0.1141530 0.0982216 0.0221914 0.0000000 0.1104472 0.0816279 0.0650244 0.0253905 0.0948257 0.0812237 0.1050197 0.1056146 0.0677059 0.0709317 0.1061981 0.1128592 0.0968110 0.0950874 0.0410754 0.0816877 0.1134263 0.1068012 0.1065251 0.0492244 0.1156075 0.0722169 0.0384814 0.0776576 0.1057590 0.0753578 0.0666408 0.1037553 0.1132984 0.0935666 
Dasyuridae_Dasyurus_maculatus                0.0896836 0.1211083 0.1089638 0.1283818 0.1104472 0.0000000 0.1062318 0.0861698 0.1243354 0.1083209 0.1069782 0.0230601 0.0282328 0.0924549 0.0950948 0.0241554 0.0079586 0.0289179 0.1103646 0.1162654 0.1003316 0.1189364 0.1159092 0.0249699 0.1075386 0.1168953 0.0928368 0.1166445 0.0975040 0.1237873 0.0969863 0.0906566 0.1148075 0.0079754 0.1059787 
Phalangeridae_Trichosurus_vulpecula          0.0583034 0.1007284 0.0655388 0.0936474 0.0816279 0.1062318 0.0000000 0.0332659 0.0875936 0.0935228 0.0349007 0.1014866 0.0993130 0.0375006 0.0662047 0.1021058 0.1097239 0.0961002 0.0954807 0.0899590 0.0704264 0.1107583 0.1103371 0.1036723 0.0823568 0.0993152 0.0628406 0.0871998 0.0670720 0.0973371 0.0710296 0.0332198 0.1013658 0.1090136 0.0923693 
Phalangeridae_Spilocuscus_maculatus          0.0465771 0.0867890 0.0628114 0.0819640 0.0650244 0.0861698 0.0332659 0.0000000 0.0787440 0.0784460 0.0291490 0.0832166 0.0802356 0.0138056 0.0517551 0.0832945 0.0888591 0.0766462 0.0799121 0.0723307 0.0558618 0.0955101 0.0907133 0.0876722 0.0650322 0.0846748 0.0496961 0.0709839 0.0536827 0.0807074 0.0569780 0.0124068 0.0845676 0.0891513 0.0770032 
Potoroidae_Aepyprymnus_rufescens             0.0774364 0.1244036 0.1012908 0.0242168 0.0253905 0.1243354 0.0875936 0.0787440 0.0000000 0.1020058 0.0856224 0.1154392 0.1190009 0.0832480 0.0798354 0.1163376 0.1249910 0.1133209 0.1055641 0.0361915 0.0933449 0.1234627 0.1159009 0.1171117 0.0600022 0.1219224 0.0816186 0.0327248 0.0908527 0.1195141 0.0861052 0.0799519 0.1141148 0.1255705 0.1017124 
Peramelidae_Perameles_nasuta                 0.0790228 0.1029597 0.0906396 0.1080277 0.0948257 0.1083209 0.0935228 0.0784460 0.1020058 0.0000000 0.0945883 0.1046484 0.1045255 0.0820887 0.0822884 0.1027133 0.1100550 0.0973337 0.0148744 0.0957864 0.0876046 0.1112102 0.1068520 0.1092194 0.0872284 0.1073706 0.0762792 0.0956504 0.0864745 0.1075288 0.0881814 0.0801311 0.0219976 0.1092608 0.0022923 
Phalangeridae_Strigocuscus_pelengensis       0.0576471 0.1011453 0.0652136 0.0929751 0.0812237 0.1069782 0.0349007 0.0291490 0.0856224 0.0945883 0.0000000 0.1015961 0.1009685 0.0333165 0.0665021 0.1006288 0.1111049 0.0943793 0.0962225 0.0838608 0.0721643 0.1136310 0.1042167 0.1061856 0.0781831 0.0975927 0.0620871 0.0834014 0.0670185 0.0987328 0.0704890 0.0287086 0.1067564 0.1098265 0.0935132 
Dasyuridae_Phascogale_tapoatafa              0.0868525 0.1164356 0.1076246 0.1192737 0.1050197 0.0230601 0.1014866 0.0832166 0.1154392 0.1046484 0.1015961 0.0000000 0.0267447 0.0889298 0.0920531 0.0049476 0.0241880 0.0265933 0.1056696 0.1113375 0.0977820 0.1174954 0.1111714 0.0104104 0.1015338 0.1106637 0.0899102 0.1111893 0.0960054 0.1242578 0.0953017 0.0851967 0.1125814 0.0260648 0.1023548 
Dasyuridae_Sminthopsis_macroura              0.0867461 0.1172098 0.1094562 0.1230212 0.1056146 0.0282328 0.0993130 0.0802356 0.1190009 0.1045255 0.1009685 0.0267447 0.0000000 0.0844024 0.0901729 0.0271661 0.0297399 0.0208036 0.1064599 0.1120206 0.0971799 0.1118342 0.1083253 0.0306291 0.1011933 0.1146073 0.0901711 0.1106399 0.0949039 0.1223822 0.0939279 0.0841457 0.1113722 0.0302137 0.1022245 
Phalangeridae_Phalanger_orientalis           0.0494441 0.0886345 0.0652330 0.0860227 0.0677059 0.0924549 0.0375006 0.0138056 0.0832480 0.0820887 0.0333165 0.0889298 0.0844024 0.0000000 0.0530287 0.0885136 0.0962588 0.0814046 0.0825518 0.0741974 0.0572212 0.0987171 0.0937300 0.0934692 0.0647028 0.0899889 0.0505059 0.0746788 0.0545270 0.0854221 0.0582164 0.0072781 0.0875834 0.0955454 0.0796826 
Acrobatidae_Acrobates_pygmaeus               0.0494417 0.0966072 0.0705283 0.0877565 0.0709317 0.0950948 0.0662047 0.0517551 0.0798354 0.0822884 0.0665021 0.0920531 0.0901729 0.0530287 0.0000000 0.0925024 0.0984847 0.0829150 0.0846283 0.0761261 0.0556735 0.0937975 0.0932249 0.0966857 0.0700683 0.0959799 0.0464852 0.0761833 0.0528783 0.0846851 0.0304071 0.0520315 0.0903035 0.0976849 0.0816604 
Dasyuridae_Phascogale_calura                 0.0854528 0.1159249 0.1077499 0.1205726 0.1061981 0.0241554 0.1021058 0.0832945 0.1163376 0.1027133 0.1006288 0.0049476 0.0271661 0.0885136 0.0925024 0.0000000 0.0249241 0.0269863 0.1041797 0.1125544 0.0973593 0.1176093 0.1084521 0.0114465 0.1016298 0.1102198 0.0889986 0.1123980 0.0950776 0.1236937 0.0943682 0.0852763 0.1110291 0.0253334 0.1004375 
Dasyuridae_Sarcophilus_harrisii              0.0919026 0.1237445 0.1116099 0.1311010 0.1128592 0.0079586 0.1097239 0.0888591 0.1249910 0.1100550 0.1111049 0.0241880 0.0297399 0.0962588 0.0984847 0.0249241 0.0000000 0.0293065 0.1110220 0.1188466 0.1043840 0.1224168 0.1181801 0.0257451 0.1092722 0.1205043 0.0961038 0.1197837 0.1025353 0.1276724 0.1007205 0.0944166 0.1165108 0.0093462 0.1076909 
Dasyuridae_Planigale_tenuirostris            0.0825998 0.1112516 0.1076963 0.1178841 0.0968110 0.0289179 0.0961002 0.0766462 0.1133209 0.0973337 0.0943793 0.0265933 0.0208036 0.0814046 0.0829150 0.0269863 0.0293065 0.0000000 0.0977822 0.1054614 0.0918137 0.1157121 0.1071054 0.0289318 0.0947263 0.1114678 0.0847623 0.1054572 0.0890143 0.1159947 0.0900321 0.0803328 0.1084141 0.0293866 0.0956600 
Peramelidae_Echymipera_kalubu                0.0794613 0.1043390 0.0901148 0.1098881 0.0950874 0.1103646 0.0954807 0.0799121 0.1055641 0.0148744 0.0962225 0.1056696 0.1064599 0.0825518 0.0846283 0.1041797 0.1110220 0.0977822 0.0000000 0.1006675 0.0871260 0.1134319 0.1090592 0.1096937 0.0904968 0.1112164 0.0758206 0.0999816 0.0854822 0.1075408 0.0896561 0.0815779 0.0179765 0.1113187 0.0152016 
Macropodidae_Dorcopsulus_vanheurni           0.0741056 0.1167656 0.0874998 0.0395690 0.0410754 0.1162654 0.0899590 0.0723307 0.0361915 0.0957864 0.0838608 0.1113375 0.1120206 0.0741974 0.0761261 0.1125544 0.1188466 0.1054614 0.1006675 0.0000000 0.0842833 0.1184215 0.1088456 0.1121752 0.0528055 0.1133304 0.0737029 0.0129459 0.0825056 0.1165200 0.0801406 0.0721281 0.1085484 0.1186953 0.0945126 
Pseudochiridae_Pseudochirulus_forbesi        0.0546509 0.0972955 0.0793182 0.0986311 0.0816877 0.1003316 0.0704264 0.0558618 0.0933449 0.0876046 0.0721643 0.0977820 0.0971799 0.0572212 0.0556735 0.0973593 0.1043840 0.0918137 0.0871260 0.0842833 0.0000000 0.1049686 0.0990960 0.1003393 0.0759959 0.1008736 0.0297175 0.0834579 0.0186822 0.0826985 0.0590413 0.0553940 0.0951235 0.1040510 0.0860079 
Didelphidae_Didelphis_virginiana             0.0942933 0.1224413 0.1160500 0.1276530 0.1134263 0.1189364 0.1107583 0.0955101 0.1234627 0.1112102 0.1136310 0.1174954 0.1118342 0.0987171 0.0937975 0.1176093 0.1224168 0.1157121 0.1134319 0.1184215 0.1049686 0.0000000 0.0342620 0.1225878 0.1047683 0.1174899 0.0935448 0.1167138 0.1036045 0.1330048 0.0957508 0.0973145 0.1202303 0.1210612 0.1110016 
Marmosidae_Monodelphis_domestica             0.0870921 0.1201314 0.1126897 0.1230783 0.1068012 0.1159092 0.1103371 0.0907133 0.1159009 0.1068520 0.1042167 0.1111714 0.1083253 0.0937300 0.0932249 0.1084521 0.1181801 0.1071054 0.1090592 0.1088456 0.0990960 0.0342620 0.0000000 0.1147551 0.1011663 0.1140507 0.0919219 0.1068919 0.0977218 0.1311550 0.0915208 0.0920312 0.1147292 0.1163242 0.1050932 
Dasyuridae_Antechinus_stuartii               0.0903695 0.1198892 0.1083834 0.1201629 0.1065251 0.0249699 0.1036723 0.0876722 0.1171117 0.1092194 0.1061856 0.0104104 0.0306291 0.0934692 0.0966857 0.0114465 0.0257451 0.0289318 0.1096937 0.1121752 0.1003393 0.1225878 0.1147551 0.0000000 0.1035776 0.1157614 0.0918975 0.1133521 0.0985771 0.1284023 0.0988970 0.0896782 0.1165908 0.0280312 0.1073483 
Hypsiprymnodontidae_Hypsiprymnodon_moschatus 0.0639695 0.1062946 0.0899559 0.0640706 0.0492244 0.1075386 0.0823568 0.0650322 0.0600022 0.0872284 0.0781831 0.1015338 0.1011933 0.0647028 0.0700683 0.1016298 0.1092722 0.0947263 0.0904968 0.0528055 0.0759959 0.1047683 0.1011663 0.1035776 0.0000000 0.1079126 0.0647619 0.0543240 0.0743517 0.1040506 0.0735998 0.0657485 0.0962810 0.1091022 0.0856247 
Microbiotheriidae_Dromiciops_gliroides       0.0877230 0.1119592 0.0965456 0.1295469 0.1156075 0.1168953 0.0993152 0.0846748 0.1219224 0.1073706 0.0975927 0.1106637 0.1146073 0.0899889 0.0959799 0.1102198 0.1205043 0.1114678 0.1112164 0.1133304 0.1008736 0.1174899 0.1140507 0.1157614 0.1079126 0.0000000 0.0916344 0.1153877 0.0979836 0.1307432 0.0960917 0.0873518 0.1204231 0.1190262 0.1073028 
Pseudochiridae_Petauroides_volans            0.0484921 0.0879825 0.0654975 0.0868421 0.0722169 0.0928368 0.0628406 0.0496961 0.0816186 0.0762792 0.0620871 0.0899102 0.0901711 0.0505059 0.0464852 0.0889986 0.0961038 0.0847623 0.0758206 0.0737029 0.0297175 0.0935448 0.0919219 0.0918975 0.0647619 0.0916344 0.0000000 0.0734463 0.0285284 0.0741390 0.0494714 0.0483379 0.0852069 0.0937329 0.0751993 
Macropodidae_Wallabia_bicolor                0.0750728 0.1159032 0.0854879 0.0358250 0.0384814 0.1166445 0.0871998 0.0709839 0.0327248 0.0956504 0.0834014 0.1111893 0.1106399 0.0746788 0.0761833 0.1123980 0.1197837 0.1054572 0.0999816 0.0129459 0.0834579 0.1167138 0.1068919 0.1133521 0.0543240 0.1153877 0.0734463 0.0000000 0.0802857 0.1135293 0.0816879 0.0726160 0.1066038 0.1184075 0.0943859 
Pseudochiridae_Pseudocheirus_occidentalis    0.0548958 0.0962555 0.0733468 0.0940220 0.0776576 0.0975040 0.0670720 0.0536827 0.0908527 0.0864745 0.0670185 0.0960054 0.0949039 0.0545270 0.0528783 0.0950776 0.1025353 0.0890143 0.0854822 0.0825056 0.0186822 0.1036045 0.0977218 0.0985771 0.0743517 0.0979836 0.0285284 0.0802857 0.0000000 0.0791447 0.0576005 0.0527112 0.0954742 0.1022034 0.0848899 
Tarsipedidae_Tarsipes_rostratus              0.0827488 0.1308650 0.1150405 0.1237704 0.1057590 0.1237873 0.0973371 0.0807074 0.1195141 0.1075288 0.0987328 0.1242578 0.1223822 0.0854221 0.0846851 0.1236937 0.1276724 0.1159947 0.1075408 0.1165200 0.0826985 0.1330048 0.1311550 0.1284023 0.1040506 0.1307432 0.0741390 0.1135293 0.0791447 0.0000000 0.0822196 0.0822932 0.1157321 0.1261434 0.1072782 
Acrobatidae_Distoechurus_pennatus            0.0542759 0.1005996 0.0776340 0.0939714 0.0753578 0.0969863 0.0710296 0.0569780 0.0861052 0.0881814 0.0704890 0.0953017 0.0939279 0.0582164 0.0304071 0.0943682 0.1007205 0.0900321 0.0896561 0.0801406 0.0590413 0.0957508 0.0915208 0.0988970 0.0735998 0.0960917 0.0494714 0.0816879 0.0576005 0.0822196 0.0000000 0.0572449 0.0953034 0.1021167 0.0865698 
Phalangeridae_Phalanger_carmelitae           0.0448771 0.0844143 0.0629219 0.0822412 0.0666408 0.0906566 0.0332198 0.0124068 0.0799519 0.0801311 0.0287086 0.0851967 0.0841457 0.0072781 0.0520315 0.0852763 0.0944166 0.0803328 0.0815779 0.0721281 0.0553940 0.0973145 0.0920312 0.0896782 0.0657485 0.0873518 0.0483379 0.0726160 0.0527112 0.0822932 0.0572449 0.0000000 0.0856644 0.0937056 0.0777196 
Peramelidae_Peroryctes_raffrayana            0.0890530 0.1153931 0.0999635 0.1185721 0.1037553 0.1148075 0.1013658 0.0845676 0.1141148 0.0219976 0.1067564 0.1125814 0.1113722 0.0875834 0.0903035 0.1110291 0.1165108 0.1084141 0.0179765 0.1085484 0.0951235 0.1202303 0.1147292 0.1165908 0.0962810 0.1204231 0.0852069 0.1066038 0.0954742 0.1157321 0.0953034 0.0856644 0.0000000 0.1157254 0.0216202 
Dasyuridae_Dasyurus_geffroii                 0.0926797 0.1229314 0.1107897 0.1310348 0.1132984 0.0079754 0.1090136 0.0891513 0.1255705 0.1092608 0.1098265 0.0260648 0.0302137 0.0955454 0.0976849 0.0253334 0.0093462 0.0293866 0.1113187 0.1186953 0.1040510 0.1210612 0.1163242 0.0280312 0.1091022 0.1190262 0.0937329 0.1184075 0.1022034 0.1261434 0.1021167 0.0937056 0.1157254 0.0000000 0.1069007 
Peramelidae_Perameles_gunnii                 0.0765564 0.1011693 0.0891816 0.1066194 0.0935666 0.1059787 0.0923693 0.0770032 0.1017124 0.0022923 0.0935132 0.1023548 0.1022245 0.0796826 0.0816604 0.1004375 0.1076909 0.0956600 0.0152016 0.0945126 0.0860079 0.1110016 0.1050932 0.1073483 0.0856247 0.1073028 0.0751993 0.0943859 0.0848899 0.1072782 0.0865698 0.0777196 0.0216202 0.1069007 0.0000000 
