35
Burramyidae_Burramys_parvus                  0.0000000 0.0562848 0.0476349 0.0410983 0.0427574 0.0684462 0.0448031 0.0474929 0.0430122 0.0685561 0.0443286 0.0687584 0.0720020 0.0467221 0.0403519 0.0686787 0.0703323 0.0671385 0.0665846 0.0428886 0.0433883 0.0411109 0.0745087 0.0683593 0.0401831 0.0578947 0.0431319 0.0408083 0.0374116 0.0478540 0.0447135 0.0448936 0.0688368 0.0694352 0.0693482 
Notoryctidae_Notoryctes_typhlops             0.0562848 0.0000000 0.0605847 0.0648896 0.0677145 0.0704944 0.0670941 0.0680803 0.0681786 0.0751209 0.0666068 0.0721206 0.0796282 0.0692670 0.0561702 0.0728031 0.0726196 0.0735443 0.0722739 0.0681903 0.0631437 0.0459448 0.0799411 0.0721412 0.0673237 0.0635347 0.0649063 0.0668824 0.0570466 0.0677231 0.0611051 0.0673560 0.0727194 0.0721320 0.0751170 
Vombatidae_Lasiorhinus_latifrons             0.0476349 0.0605847 0.0000000 0.0571728 0.0594440 0.0735599 0.0572540 0.0606367 0.0605612 0.0718578 0.0583880 0.0740509 0.0785878 0.0607438 0.0505425 0.0746768 0.0740989 0.0745515 0.0673512 0.0583280 0.0558383 0.0478104 0.0792604 0.0755195 0.0539018 0.0587654 0.0561102 0.0561524 0.0505614 0.0583350 0.0566488 0.0585720 0.0681282 0.0739049 0.0722548 
Potoroidae_Bettongia_penicillata             0.0410983 0.0648896 0.0571728 0.0000000 0.0021233 0.0787324 0.0519978 0.0547516 0.0071550 0.0731317 0.0513454 0.0795879 0.0818734 0.0528141 0.0501913 0.0801876 0.0788742 0.0744605 0.0725481 0.0175466 0.0537886 0.0505742 0.0789398 0.0792631 0.0261326 0.0636546 0.0540618 0.0162079 0.0504411 0.0594912 0.0539563 0.0515181 0.0743323 0.0782041 0.0741972 
Potoroidae_Bettongia_lesueur                 0.0427574 0.0677145 0.0594440 0.0021233 0.0000000 0.0815470 0.0578305 0.0623247 0.0082736 0.0756260 0.0577830 0.0823148 0.0838581 0.0600667 0.0519694 0.0828820 0.0824542 0.0774517 0.0756716 0.0211768 0.0581744 0.0504974 0.0848355 0.0817517 0.0290881 0.0671018 0.0591375 0.0178988 0.0525637 0.0603517 0.0563786 0.0585704 0.0770488 0.0813028 0.0768020 
Dasyuridae_Dasyurus_maculatus                0.0684462 0.0704944 0.0735599 0.0787324 0.0815470 0.0000000 0.0798595 0.0801514 0.0824889 0.0838515 0.0765160 0.0135249 0.0256611 0.0819738 0.0716892 0.0135211 0.0064208 0.0251918 0.0809705 0.0819637 0.0794979 0.0505465 0.0905754 0.0139854 0.0801155 0.0706598 0.0783663 0.0822095 0.0728055 0.0729096 0.0784032 0.0794181 0.0825659 0.0047133 0.0841216 
Phalangeridae_Trichosurus_vulpecula          0.0448031 0.0670941 0.0572540 0.0519978 0.0578305 0.0798595 0.0000000 0.0196966 0.0591458 0.0786983 0.0177426 0.0812377 0.0835947 0.0197167 0.0507785 0.0813623 0.0814783 0.0782772 0.0765824 0.0571084 0.0554210 0.0495366 0.0855796 0.0810882 0.0522961 0.0642176 0.0477690 0.0558663 0.0495298 0.0553503 0.0554057 0.0179197 0.0790874 0.0807015 0.0794290 
Phalangeridae_Spilocuscus_maculatus          0.0474929 0.0680803 0.0606367 0.0547516 0.0623247 0.0801514 0.0196966 0.0000000 0.0622077 0.0822527 0.0092473 0.0817494 0.0865735 0.0105321 0.0529098 0.0820951 0.0824353 0.0792931 0.0801199 0.0622073 0.0557720 0.0497250 0.0857798 0.0823666 0.0563231 0.0670131 0.0501691 0.0609150 0.0514870 0.0584543 0.0598334 0.0086212 0.0810695 0.0809880 0.0827744 
Potoroidae_Aepyprymnus_rufescens             0.0430122 0.0681786 0.0605612 0.0071550 0.0082736 0.0824889 0.0591458 0.0622077 0.0000000 0.0763674 0.0593707 0.0825859 0.0836847 0.0611848 0.0514000 0.0831535 0.0829504 0.0779722 0.0769082 0.0206652 0.0580514 0.0510974 0.0853143 0.0820574 0.0300321 0.0685359 0.0596645 0.0181002 0.0528400 0.0606011 0.0564574 0.0592698 0.0787425 0.0817967 0.0775436 
Peramelidae_Perameles_nasuta                 0.0685561 0.0751209 0.0718578 0.0731317 0.0756260 0.0838515 0.0786983 0.0822527 0.0763674 0.0000000 0.0783460 0.0841145 0.0837722 0.0819097 0.0702791 0.0843065 0.0845866 0.0810137 0.0198921 0.0744003 0.0750154 0.0510143 0.0910631 0.0844506 0.0735551 0.0735132 0.0750442 0.0739428 0.0710025 0.0725024 0.0743698 0.0804647 0.0199951 0.0840152 0.0006706 
Phalangeridae_Strigocuscus_pelengensis       0.0443286 0.0666068 0.0583880 0.0513454 0.0577830 0.0765160 0.0177426 0.0092473 0.0593707 0.0783460 0.0000000 0.0781867 0.0828674 0.0090681 0.0491737 0.0780894 0.0783898 0.0767187 0.0758717 0.0581886 0.0522227 0.0478776 0.0819642 0.0787582 0.0535534 0.0643039 0.0467545 0.0567504 0.0471166 0.0557749 0.0554848 0.0078230 0.0769685 0.0776007 0.0787737 
Dasyuridae_Phascogale_tapoatafa              0.0687584 0.0721206 0.0740509 0.0795879 0.0823148 0.0135249 0.0812377 0.0817494 0.0825859 0.0841145 0.0781867 0.0000000 0.0259453 0.0835810 0.0729295 0.0021743 0.0145840 0.0257027 0.0814570 0.0838097 0.0799577 0.0509320 0.0911862 0.0081815 0.0793393 0.0725082 0.0786475 0.0816949 0.0729624 0.0757755 0.0791064 0.0812390 0.0823801 0.0145784 0.0843821 
Dasyuridae_Sminthopsis_macroura              0.0720020 0.0796282 0.0785878 0.0818734 0.0838581 0.0256611 0.0835947 0.0865735 0.0836847 0.0837722 0.0828674 0.0259453 0.0000000 0.0878810 0.0758409 0.0259189 0.0271426 0.0163071 0.0870167 0.0844412 0.0817057 0.0619026 0.0995441 0.0251947 0.0813261 0.0792166 0.0824687 0.0830117 0.0752920 0.0748024 0.0801837 0.0853081 0.0875380 0.0263967 0.0840640 
Phalangeridae_Phalanger_orientalis           0.0467221 0.0692670 0.0607438 0.0528141 0.0600667 0.0819738 0.0197167 0.0105321 0.0611848 0.0819097 0.0090681 0.0835810 0.0878810 0.0000000 0.0531499 0.0839264 0.0831532 0.0792361 0.0793648 0.0607751 0.0556106 0.0497301 0.0833087 0.0836875 0.0544971 0.0670254 0.0491525 0.0590772 0.0503041 0.0578042 0.0578556 0.0028414 0.0811749 0.0821482 0.0824603 
Acrobatidae_Acrobates_pygmaeus               0.0403519 0.0561702 0.0505425 0.0501913 0.0519694 0.0716892 0.0507785 0.0529098 0.0514000 0.0702791 0.0491737 0.0729295 0.0758409 0.0531499 0.0000000 0.0730604 0.0731070 0.0713447 0.0692696 0.0520925 0.0433701 0.0432691 0.0791324 0.0729356 0.0463172 0.0563981 0.0423729 0.0499652 0.0378549 0.0487280 0.0224403 0.0512611 0.0703037 0.0735022 0.0709141 
Dasyuridae_Phascogale_calura                 0.0686787 0.0728031 0.0746768 0.0801876 0.0828820 0.0135211 0.0813623 0.0820951 0.0831535 0.0843065 0.0780894 0.0021743 0.0259189 0.0839264 0.0730604 0.0000000 0.0152830 0.0254774 0.0818719 0.0843798 0.0794217 0.0515928 0.0917370 0.0080013 0.0803553 0.0724769 0.0785522 0.0822621 0.0728767 0.0756786 0.0787931 0.0813633 0.0827978 0.0149255 0.0848002 
Dasyuridae_Sarcophilus_harrisii              0.0703323 0.0726196 0.0740989 0.0788742 0.0824542 0.0064208 0.0814783 0.0824353 0.0829504 0.0845866 0.0783898 0.0145840 0.0271426 0.0831532 0.0731070 0.0152830 0.0000000 0.0255624 0.0814684 0.0830184 0.0794610 0.0514027 0.0923694 0.0152320 0.0807415 0.0721646 0.0792632 0.0827207 0.0733626 0.0730595 0.0788633 0.0808078 0.0835219 0.0053834 0.0848532 
Dasyuridae_Planigale_tenuirostris            0.0671385 0.0735443 0.0745515 0.0744605 0.0774517 0.0251918 0.0782772 0.0792931 0.0779722 0.0810137 0.0767187 0.0257027 0.0163071 0.0792361 0.0713447 0.0254774 0.0255624 0.0000000 0.0833720 0.0791077 0.0772894 0.0522012 0.0945487 0.0256075 0.0758164 0.0721001 0.0755875 0.0770051 0.0718325 0.0671617 0.0746959 0.0775358 0.0846618 0.0245601 0.0816290 
Peramelidae_Echymipera_kalubu                0.0665846 0.0722739 0.0673512 0.0725481 0.0756716 0.0809705 0.0765824 0.0801199 0.0769082 0.0198921 0.0758717 0.0814570 0.0870167 0.0793648 0.0692696 0.0818719 0.0814684 0.0833720 0.0000000 0.0739176 0.0737168 0.0471624 0.0855461 0.0813986 0.0732617 0.0674735 0.0741463 0.0742193 0.0703350 0.0741409 0.0748925 0.0774755 0.0125237 0.0809108 0.0192662 
Macropodidae_Dorcopsulus_vanheurni           0.0428886 0.0681903 0.0583280 0.0175466 0.0211768 0.0819637 0.0571084 0.0622073 0.0206652 0.0744003 0.0581886 0.0838097 0.0844412 0.0607751 0.0520925 0.0843798 0.0830184 0.0791077 0.0739176 0.0000000 0.0560872 0.0493074 0.0874325 0.0830127 0.0298851 0.0671973 0.0590531 0.0093482 0.0529446 0.0579712 0.0569524 0.0588596 0.0761194 0.0820835 0.0750132 
Pseudochiridae_Pseudochirulus_forbesi        0.0433883 0.0631437 0.0558383 0.0537886 0.0581744 0.0794979 0.0554210 0.0557720 0.0580514 0.0750154 0.0522227 0.0799577 0.0817057 0.0556106 0.0433701 0.0794217 0.0794610 0.0772894 0.0737168 0.0560872 0.0000000 0.0472035 0.0805730 0.0783392 0.0523475 0.0598108 0.0263542 0.0547456 0.0142702 0.0461416 0.0492576 0.0537090 0.0750524 0.0798596 0.0763905 
Didelphidae_Didelphis_virginiana             0.0411109 0.0459448 0.0478104 0.0505742 0.0504974 0.0505465 0.0495366 0.0497250 0.0510974 0.0510143 0.0478776 0.0509320 0.0619026 0.0497301 0.0432691 0.0515928 0.0514027 0.0522012 0.0471624 0.0493074 0.0472035 0.0000000 0.0189913 0.0527282 0.0474920 0.0496123 0.0488946 0.0489802 0.0424959 0.0538893 0.0477323 0.0491038 0.0501068 0.0513911 0.0523752 
Marmosidae_Monodelphis_domestica             0.0745087 0.0799411 0.0792604 0.0789398 0.0848355 0.0905754 0.0855796 0.0857798 0.0853143 0.0910631 0.0819642 0.0911862 0.0995441 0.0833087 0.0791324 0.0917370 0.0923694 0.0945487 0.0855461 0.0874325 0.0805730 0.0189913 0.0000000 0.0928915 0.0822194 0.0791273 0.0816802 0.0844029 0.0763446 0.0816604 0.0839329 0.0812645 0.0892365 0.0915548 0.0923708 
Dasyuridae_Antechinus_stuartii               0.0683593 0.0721412 0.0755195 0.0792631 0.0817517 0.0139854 0.0810882 0.0823666 0.0820574 0.0844506 0.0787582 0.0081815 0.0251947 0.0836875 0.0729356 0.0080013 0.0152320 0.0256075 0.0813986 0.0830127 0.0783392 0.0527282 0.0928915 0.0000000 0.0791743 0.0730034 0.0778414 0.0806970 0.0719366 0.0747473 0.0780895 0.0811822 0.0833776 0.0154033 0.0845699 
Hypsiprymnodontidae_Hypsiprymnodon_moschatus 0.0401831 0.0673237 0.0539018 0.0261326 0.0290881 0.0801155 0.0522961 0.0563231 0.0300321 0.0735551 0.0535534 0.0793393 0.0813261 0.0544971 0.0463172 0.0803553 0.0807415 0.0758164 0.0732617 0.0298851 0.0523475 0.0474920 0.0822194 0.0791743 0.0000000 0.0643022 0.0541530 0.0289000 0.0473593 0.0555939 0.0506933 0.0528148 0.0738834 0.0812161 0.0738836 
Microbiotheriidae_Dromiciops_gliroides       0.0578947 0.0635347 0.0587654 0.0636546 0.0671018 0.0706598 0.0642176 0.0670131 0.0685359 0.0735132 0.0643039 0.0725082 0.0792166 0.0670254 0.0563981 0.0724769 0.0721646 0.0721001 0.0674735 0.0671973 0.0598108 0.0496123 0.0791273 0.0730034 0.0643022 0.0000000 0.0635111 0.0665953 0.0573342 0.0651183 0.0625786 0.0655814 0.0698178 0.0711936 0.0736545 
Pseudochiridae_Petauroides_volans            0.0431319 0.0649063 0.0561102 0.0540618 0.0591375 0.0783663 0.0477690 0.0501691 0.0596645 0.0750442 0.0467545 0.0786475 0.0824687 0.0491525 0.0423729 0.0785522 0.0792632 0.0755875 0.0741463 0.0590531 0.0263542 0.0488946 0.0816802 0.0778414 0.0541530 0.0635111 0.0000000 0.0568827 0.0217908 0.0453257 0.0490082 0.0477077 0.0753515 0.0799285 0.0759134 
Macropodidae_Wallabia_bicolor                0.0408083 0.0668824 0.0561524 0.0162079 0.0178988 0.0822095 0.0558663 0.0609150 0.0181002 0.0739428 0.0567504 0.0816949 0.0830117 0.0590772 0.0499652 0.0822621 0.0827207 0.0770051 0.0742193 0.0093482 0.0547456 0.0489802 0.0844029 0.0806970 0.0289000 0.0665953 0.0568827 0.0000000 0.0503542 0.0579834 0.0537719 0.0575828 0.0757776 0.0817899 0.0749050 
Pseudochiridae_Pseudocheirus_occidentalis    0.0374116 0.0570466 0.0505614 0.0504411 0.0525637 0.0728055 0.0495298 0.0514870 0.0528400 0.0710025 0.0471166 0.0729624 0.0752920 0.0503041 0.0378549 0.0728767 0.0733626 0.0718325 0.0703350 0.0529446 0.0142702 0.0424959 0.0763446 0.0719366 0.0473593 0.0573342 0.0217908 0.0503542 0.0000000 0.0452722 0.0436212 0.0494441 0.0713783 0.0741958 0.0724885 
Tarsipedidae_Tarsipes_rostratus              0.0478540 0.0677231 0.0583350 0.0594912 0.0603517 0.0729096 0.0553503 0.0584543 0.0606011 0.0725024 0.0557749 0.0757755 0.0748024 0.0578042 0.0487280 0.0756786 0.0730595 0.0671617 0.0741409 0.0579712 0.0461416 0.0538893 0.0816604 0.0747473 0.0555939 0.0651183 0.0453257 0.0579834 0.0452722 0.0000000 0.0543319 0.0553328 0.0769463 0.0728477 0.0729324 
Acrobatidae_Distoechurus_pennatus            0.0447135 0.0611051 0.0566488 0.0539563 0.0563786 0.0784032 0.0554057 0.0598334 0.0564574 0.0743698 0.0554848 0.0791064 0.0801837 0.0578556 0.0224403 0.0787931 0.0788633 0.0746959 0.0748925 0.0569524 0.0492576 0.0477323 0.0839329 0.0780895 0.0506933 0.0625786 0.0490082 0.0537719 0.0436212 0.0543319 0.0000000 0.0565109 0.0749203 0.0788214 0.0749113 
Phalangeridae_Phalanger_carmelitae           0.0448936 0.0673560 0.0585720 0.0515181 0.0585704 0.0794181 0.0179197 0.0086212 0.0592698 0.0804647 0.0078230 0.0812390 0.0853081 0.0028414 0.0512611 0.0813633 0.0808078 0.0775358 0.0774755 0.0588596 0.0537090 0.0491038 0.0812645 0.0811822 0.0528148 0.0655814 0.0477077 0.0575828 0.0494441 0.0553328 0.0565109 0.0000000 0.0792898 0.0795924 0.0809911 
Peramelidae_Peroryctes_raffrayana            0.0688368 0.0727194 0.0681282 0.0743323 0.0770488 0.0825659 0.0790874 0.0810695 0.0787425 0.0199951 0.0769685 0.0823801 0.0875380 0.0811749 0.0703037 0.0827978 0.0835219 0.0846618 0.0125237 0.0761194 0.0750524 0.0501068 0.0892365 0.0833776 0.0738834 0.0698178 0.0753515 0.0757776 0.0713783 0.0769463 0.0749203 0.0792898 0.0000000 0.0833795 0.0192065 
Dasyuridae_Dasyurus_geffroii                 0.0694352 0.0721320 0.0739049 0.0782041 0.0813028 0.0047133 0.0807015 0.0809880 0.0817967 0.0840152 0.0776007 0.0145784 0.0263967 0.0821482 0.0735022 0.0149255 0.0053834 0.0245601 0.0809108 0.0820835 0.0798596 0.0513911 0.0915548 0.0154033 0.0812161 0.0711936 0.0799285 0.0817899 0.0741958 0.0728477 0.0788214 0.0795924 0.0833795 0.0000000 0.0842834 
Peramelidae_Perameles_gunnii                 0.0693482 0.0751170 0.0722548 0.0741972 0.0768020 0.0841216 0.0794290 0.0827744 0.0775436 0.0006706 0.0787737 0.0843821 0.0840640 0.0824603 0.0709141 0.0848002 0.0848532 0.0816290 0.0192662 0.0750132 0.0763905 0.0523752 0.0923708 0.0845699 0.0738836 0.0736545 0.0759134 0.0749050 0.0724885 0.0729324 0.0749113 0.0809911 0.0192065 0.0842834 0.0000000 
