37
Burramyidae_Burramys_parvus                  0.0000000 0.0675378 0.0397861 0.0512213 0.0516839 0.0595517 0.0450715 0.0418340 0.0533698 0.0545468 0.0411423 0.0611416 0.0626466 0.0434023 0.0473262 0.0633869 0.0584598 0.0601476 0.0609913 0.0510128 0.0547875 0.0696790 0.0722738 0.0593936 0.0508498 0.0549440 0.0432896 0.0486604 0.0646177 0.0507809 0.0410984 0.0636239 0.0600499 0.0594618 0.0324990 0.0569167 0.0324990 
Notoryctidae_Notoryctes_typhlops             0.0675378 0.0000000 0.0608738 0.0759103 0.0739098 0.0715935 0.0727583 0.0709883 0.0779876 0.0682922 0.0725424 0.0713705 0.0731990 0.0723399 0.0735457 0.0737881 0.0718460 0.0750621 0.0713492 0.0771341 0.0757942 0.0733270 0.0766289 0.0694772 0.0739677 0.0722129 0.0688295 0.0759481 0.0848276 0.0758385 0.0707654 0.0756126 0.0726166 0.0712585 0.0333271 0.0812143 0.0333271 
Vombatidae_Lasiorhinus_latifrons             0.0397861 0.0608738 0.0000000 0.0471756 0.0462256 0.0574266 0.0490602 0.0460766 0.0500212 0.0495887 0.0468857 0.0601075 0.0616650 0.0469096 0.0487960 0.0620174 0.0563954 0.0593048 0.0550771 0.0473391 0.0529187 0.0636592 0.0680336 0.0556884 0.0517712 0.0493648 0.0433380 0.0476198 0.0621340 0.0514262 0.0458209 0.0581314 0.0579420 0.0520912 0.0478052 0.0580223 0.0478052 
Potoroidae_Bettongia_penicillata             0.0512213 0.0759103 0.0471756 0.0000000 0.0031565 0.0698666 0.0575512 0.0540363 0.0128046 0.0651631 0.0537193 0.0735569 0.0750429 0.0550110 0.0564433 0.0752706 0.0687318 0.0743216 0.0707912 0.0233705 0.0623653 0.0761512 0.0820615 0.0720463 0.0386218 0.0618571 0.0562591 0.0227605 0.0751077 0.0593518 0.0538874 0.0733999 0.0698514 0.0689980 0.0139184 0.0568385 0.0139184 
Potoroidae_Bettongia_lesueur                 0.0516839 0.0739098 0.0462256 0.0031565 0.0000000 0.0700370 0.0566693 0.0531626 0.0125329 0.0642183 0.0544914 0.0737412 0.0748893 0.0540987 0.0555488 0.0754547 0.0689697 0.0736791 0.0698573 0.0234011 0.0617458 0.0753681 0.0814879 0.0718933 0.0383781 0.0599081 0.0554889 0.0231184 0.0744301 0.0584270 0.0529780 0.0720624 0.0696535 0.0680572 0.0185633 0.0570982 0.0185633 
Dasyuridae_Dasyurus_maculatus                0.0595517 0.0715935 0.0574266 0.0698666 0.0700370 0.0000000 0.0649829 0.0638271 0.0725766 0.0642403 0.0639012 0.0134142 0.0185322 0.0657870 0.0650651 0.0154326 0.0049463 0.0202875 0.0693888 0.0732454 0.0706166 0.0744702 0.0777065 0.0117023 0.0699573 0.0626840 0.0610705 0.0717590 0.0758006 0.0704537 0.0628776 0.0680773 0.0046404 0.0699753 0.0093350 0.0724317 0.0093350 
Phalangeridae_Trichosurus_vulpecula          0.0450715 0.0727583 0.0490602 0.0575512 0.0566693 0.0649829 0.0000000 0.0190186 0.0590908 0.0608348 0.0204681 0.0658326 0.0668416 0.0204870 0.0498616 0.0680403 0.0638585 0.0646604 0.0670959 0.0540340 0.0595999 0.0749873 0.0790428 0.0649457 0.0566019 0.0575428 0.0496580 0.0526611 0.0668498 0.0532267 0.0180567 0.0672943 0.0648098 0.0659683 0.0232085 0.0524148 0.0232085 
Phalangeridae_Spilocuscus_maculatus          0.0418340 0.0709883 0.0460766 0.0540363 0.0531626 0.0638271 0.0190186 0.0000000 0.0562139 0.0599557 0.0110088 0.0636595 0.0657780 0.0090953 0.0492192 0.0669879 0.0628270 0.0640973 0.0655904 0.0521154 0.0573658 0.0711297 0.0750577 0.0632883 0.0546603 0.0563370 0.0496033 0.0507570 0.0664410 0.0532777 0.0078884 0.0667592 0.0646384 0.0642016 0.0280137 0.0531971 0.0280137 
Potoroidae_Aepyprymnus_rufescens             0.0533698 0.0779876 0.0500212 0.0128046 0.0125329 0.0725766 0.0590908 0.0562139 0.0000000 0.0665622 0.0555777 0.0766232 0.0777523 0.0558758 0.0563342 0.0790479 0.0728604 0.0765102 0.0721883 0.0231011 0.0629191 0.0792471 0.0849787 0.0744970 0.0386965 0.0645144 0.0578421 0.0234489 0.0789835 0.0609231 0.0547257 0.0736126 0.0732198 0.0703381 0.0280137 0.0577154 0.0280137 
Peramelidae_Perameles_nasuta                 0.0545468 0.0682922 0.0495887 0.0651631 0.0642183 0.0642403 0.0608348 0.0599557 0.0665622 0.0000000 0.0592360 0.0655745 0.0660263 0.0611280 0.0617331 0.0666408 0.0647213 0.0643080 0.0140208 0.0648739 0.0643292 0.0730609 0.0778478 0.0624761 0.0665394 0.0567199 0.0564010 0.0641784 0.0758308 0.0641980 0.0590825 0.0159435 0.0658334 0.0012492 0.0421236 0.0761427 0.0421236 
Phalangeridae_Strigocuscus_pelengensis       0.0411423 0.0725424 0.0468857 0.0537193 0.0544914 0.0639012 0.0204681 0.0110088 0.0555777 0.0592360 0.0000000 0.0634518 0.0658798 0.0096318 0.0479960 0.0671404 0.0631830 0.0646432 0.0656109 0.0529537 0.0578279 0.0722725 0.0778564 0.0644821 0.0547530 0.0573570 0.0485051 0.0511400 0.0656452 0.0533983 0.0084336 0.0672311 0.0643525 0.0645558 0.0144545 0.0498886 0.0144545 
Dasyuridae_Phascogale_tapoatafa              0.0611416 0.0713705 0.0601075 0.0735569 0.0737412 0.0134142 0.0658326 0.0636595 0.0766232 0.0655745 0.0634518 0.0000000 0.0196436 0.0660430 0.0674976 0.0026761 0.0142784 0.0218858 0.0702481 0.0781669 0.0744817 0.0763576 0.0804059 0.0059276 0.0730635 0.0665047 0.0655073 0.0755512 0.0773754 0.0723865 0.0630678 0.0703927 0.0145264 0.0696809 0.0186798 0.0765111 0.0186798 
Dasyuridae_Sminthopsis_macroura              0.0626466 0.0731990 0.0616650 0.0750429 0.0748893 0.0185322 0.0668416 0.0657780 0.0777523 0.0660263 0.0658798 0.0196436 0.0000000 0.0674175 0.0676480 0.0218162 0.0199551 0.0173210 0.0703390 0.0770368 0.0740769 0.0752673 0.0799905 0.0195782 0.0726320 0.0676855 0.0655131 0.0759378 0.0805771 0.0723437 0.0645125 0.0711050 0.0196063 0.0709260 0.0140860 0.0707571 0.0140860 
Phalangeridae_Phalanger_orientalis           0.0434023 0.0723399 0.0469096 0.0550110 0.0540987 0.0657870 0.0204870 0.0090953 0.0558758 0.0611280 0.0096318 0.0660430 0.0674175 0.0000000 0.0483316 0.0692732 0.0646885 0.0658441 0.0679624 0.0528616 0.0593642 0.0729927 0.0779687 0.0657522 0.0550257 0.0584418 0.0496873 0.0514515 0.0683563 0.0526495 0.0028505 0.0673158 0.0662405 0.0666114 0.0278295 0.0518659 0.0278295 
Acrobatidae_Acrobates_pygmaeus               0.0473262 0.0735457 0.0487960 0.0564433 0.0555488 0.0650651 0.0498616 0.0492192 0.0563342 0.0617331 0.0479960 0.0674976 0.0676480 0.0483316 0.0000000 0.0696833 0.0645916 0.0641982 0.0647561 0.0559418 0.0483309 0.0750071 0.0804358 0.0663444 0.0567860 0.0587548 0.0415322 0.0539775 0.0607891 0.0242285 0.0462691 0.0679325 0.0658565 0.0647426 0.0468015 0.0483098 0.0468015 
Dasyuridae_Phascogale_calura                 0.0633869 0.0737881 0.0620174 0.0752706 0.0754547 0.0154326 0.0680403 0.0669879 0.0790479 0.0666408 0.0671404 0.0026761 0.0218162 0.0692732 0.0696833 0.0000000 0.0159563 0.0245563 0.0719627 0.0789919 0.0759915 0.0776233 0.0812190 0.0075936 0.0753703 0.0673044 0.0667324 0.0767843 0.0788397 0.0749135 0.0663474 0.0728188 0.0162129 0.0714657 0.0186798 0.0762848 0.0186798 
Dasyuridae_Sarcophilus_harrisii              0.0584598 0.0718460 0.0563954 0.0687318 0.0689697 0.0049463 0.0638585 0.0628270 0.0728604 0.0647213 0.0631830 0.0142784 0.0199551 0.0646885 0.0645916 0.0159563 0.0000000 0.0211745 0.0685699 0.0727851 0.0701780 0.0746684 0.0778552 0.0122592 0.0695122 0.0629435 0.0606737 0.0713776 0.0753110 0.0702252 0.0618071 0.0684871 0.0049121 0.0695275 0.0093350 0.0716977 0.0093350 
Dasyuridae_Planigale_tenuirostris            0.0601476 0.0750621 0.0593048 0.0743216 0.0736791 0.0202875 0.0646604 0.0640973 0.0765102 0.0643080 0.0646432 0.0218858 0.0173210 0.0658441 0.0641982 0.0245563 0.0211745 0.0000000 0.0690969 0.0752668 0.0721090 0.0745990 0.0819534 0.0207573 0.0713281 0.0647741 0.0629270 0.0741516 0.0765950 0.0705435 0.0625011 0.0717132 0.0208386 0.0701582 0.0189687 0.0649252 0.0189687 
Peramelidae_Echymipera_kalubu                0.0609913 0.0713492 0.0550771 0.0707912 0.0698573 0.0693888 0.0670959 0.0655904 0.0721883 0.0140208 0.0656109 0.0702481 0.0703390 0.0679624 0.0647561 0.0719627 0.0685699 0.0690969 0.0000000 0.0702784 0.0727888 0.0737590 0.0784839 0.0676432 0.0692093 0.0607168 0.0630588 0.0692182 0.0785675 0.0699922 0.0660276 0.0183191 0.0694454 0.0149846 0.0418603 0.0781674 0.0418603 
Macropodidae_Dorcopsulus_vanheurni           0.0510128 0.0771341 0.0473391 0.0233705 0.0234011 0.0732454 0.0540340 0.0521154 0.0231011 0.0648739 0.0529537 0.0781669 0.0770368 0.0528616 0.0559418 0.0789919 0.0727851 0.0752668 0.0702784 0.0000000 0.0616929 0.0773044 0.0846160 0.0739808 0.0371826 0.0613977 0.0546254 0.0089669 0.0748877 0.0599736 0.0513925 0.0713131 0.0732057 0.0663596 0.0139064 0.0610167 0.0139064 
Pseudochiridae_Pseudochirulus_forbesi        0.0547875 0.0757942 0.0529187 0.0623653 0.0617458 0.0706166 0.0595999 0.0573658 0.0629191 0.0643292 0.0578279 0.0744817 0.0740769 0.0593642 0.0483309 0.0759915 0.0701780 0.0721090 0.0727888 0.0616929 0.0000000 0.0793753 0.0860627 0.0719849 0.0641751 0.0657257 0.0330102 0.0596615 0.0587724 0.0503063 0.0568877 0.0722463 0.0710162 0.0671087 0.0518267 0.0226762 0.0518267 
Didelphidae_Didelphis_virginiana             0.0696790 0.0733270 0.0636592 0.0761512 0.0753681 0.0744702 0.0749873 0.0711297 0.0792471 0.0730609 0.0722725 0.0763576 0.0752673 0.0729927 0.0750071 0.0776233 0.0746684 0.0745990 0.0737590 0.0773044 0.0793753 0.0000000 0.0245146 0.0758243 0.0726343 0.0694948 0.0728169 0.0745982 0.0886709 0.0763400 0.0717904 0.0805598 0.0736980 0.0744344 0.0477029 0.0802268 0.0477029 
Marmosidae_Monodelphis_domestica             0.0722738 0.0766289 0.0680336 0.0820615 0.0814879 0.0777065 0.0790428 0.0750577 0.0849787 0.0778478 0.0778564 0.0804059 0.0799905 0.0779687 0.0804358 0.0812190 0.0778552 0.0819534 0.0784839 0.0846160 0.0860627 0.0245146 0.0000000 0.0806379 0.0785837 0.0769501 0.0762745 0.0822890 0.0931332 0.0821688 0.0759585 0.0853984 0.0780025 0.0784805 0.0479891 0.0865420 0.0479891 
Dasyuridae_Antechinus_stuartii               0.0593936 0.0694772 0.0556884 0.0720463 0.0718933 0.0117023 0.0649457 0.0632883 0.0744970 0.0624761 0.0644821 0.0059276 0.0195782 0.0657522 0.0663444 0.0075936 0.0122592 0.0207573 0.0676432 0.0739808 0.0719849 0.0758243 0.0806379 0.0000000 0.0702793 0.0638922 0.0625040 0.0725241 0.0723308 0.0719509 0.0623887 0.0678174 0.0125255 0.0670464 0.0084203 0.0726665 0.0084203 
Hypsiprymnodontidae_Hypsiprymnodon_moschatus 0.0508498 0.0739677 0.0517712 0.0386218 0.0383781 0.0699573 0.0566019 0.0546603 0.0386965 0.0665394 0.0547530 0.0730635 0.0726320 0.0550257 0.0567860 0.0753703 0.0695122 0.0713281 0.0692093 0.0371826 0.0641751 0.0726343 0.0785837 0.0702793 0.0000000 0.0629592 0.0574851 0.0367976 0.0783231 0.0600932 0.0532025 0.0706601 0.0695350 0.0694763 0.0092607 0.0612523 0.0092607 
Microbiotheriidae_Dromiciops_gliroides       0.0549440 0.0722129 0.0493648 0.0618571 0.0599081 0.0626840 0.0575428 0.0563370 0.0645144 0.0567199 0.0573570 0.0665047 0.0676855 0.0584418 0.0587548 0.0673044 0.0629435 0.0647741 0.0607168 0.0613977 0.0657257 0.0694948 0.0769501 0.0638922 0.0629592 0.0000000 0.0553376 0.0606515 0.0717817 0.0618736 0.0562797 0.0646916 0.0631617 0.0595827 0.0242027 0.0782886 0.0242027 
Pseudochiridae_Petauroides_volans            0.0432896 0.0688295 0.0433380 0.0562591 0.0554889 0.0610705 0.0496580 0.0496033 0.0578421 0.0564010 0.0485051 0.0655073 0.0655131 0.0496873 0.0415322 0.0667324 0.0606737 0.0629270 0.0630588 0.0546254 0.0330102 0.0728169 0.0762745 0.0625040 0.0574851 0.0553376 0.0000000 0.0526214 0.0458390 0.0458036 0.0473115 0.0649357 0.0615476 0.0599509 0.0465512 0.0352774 0.0465512 
Macropodidae_Wallabia_bicolor                0.0486604 0.0759481 0.0476198 0.0227605 0.0231184 0.0717590 0.0526611 0.0507570 0.0234489 0.0641784 0.0511400 0.0755512 0.0759378 0.0514515 0.0539775 0.0767843 0.0713776 0.0741516 0.0692182 0.0089669 0.0596615 0.0745982 0.0822890 0.0725241 0.0367976 0.0606515 0.0526214 0.0000000 0.0741104 0.0582368 0.0500150 0.0702388 0.0709967 0.0663724 0.0139064 0.0642876 0.0139064 
Tarsipedidae_Tarsipes_rostratus              0.0646177 0.0848276 0.0621340 0.0751077 0.0744301 0.0758006 0.0668498 0.0664410 0.0789835 0.0758308 0.0656452 0.0773754 0.0805771 0.0683563 0.0607891 0.0788397 0.0753110 0.0765950 0.0785675 0.0748877 0.0587724 0.0886709 0.0931332 0.0723308 0.0783231 0.0717817 0.0458390 0.0741104 0.0000000 0.0646062 0.0658470 0.0799155 0.0762614 0.0798602 0.0579305 0.0708373 0.0579305 
Acrobatidae_Distoechurus_pennatus            0.0507809 0.0758385 0.0514262 0.0593518 0.0584270 0.0704537 0.0532267 0.0532777 0.0609231 0.0641980 0.0533983 0.0723865 0.0723437 0.0526495 0.0242285 0.0749135 0.0702252 0.0705435 0.0699922 0.0599736 0.0503063 0.0763400 0.0821688 0.0719509 0.0600932 0.0618736 0.0458036 0.0582368 0.0646062 0.0000000 0.0505580 0.0715170 0.0714402 0.0689191 0.0472987 0.0534738 0.0472987 
Phalangeridae_Phalanger_carmelitae           0.0410984 0.0707654 0.0458209 0.0538874 0.0529780 0.0628776 0.0180567 0.0078884 0.0547257 0.0590825 0.0084336 0.0630678 0.0645125 0.0028505 0.0462691 0.0663474 0.0618071 0.0625011 0.0660276 0.0513925 0.0568877 0.0717904 0.0759585 0.0623887 0.0532025 0.0562797 0.0473115 0.0500150 0.0658470 0.0505580 0.0000000 0.0655536 0.0633519 0.0646752 0.0278295 0.0502026 0.0278295 
Peramelidae_Peroryctes_raffrayana            0.0636239 0.0756126 0.0581314 0.0733999 0.0720624 0.0680773 0.0672943 0.0667592 0.0736126 0.0159435 0.0672311 0.0703927 0.0711050 0.0673158 0.0679325 0.0728188 0.0684871 0.0717132 0.0183191 0.0713131 0.0722463 0.0805598 0.0853984 0.0678174 0.0706601 0.0646916 0.0649357 0.0702388 0.0799155 0.0715170 0.0655536 0.0000000 0.0684519 0.0173817 0.0244864 0.0774017 0.0244864 
Dasyuridae_Dasyurus_geffroii                 0.0600499 0.0726166 0.0579420 0.0698514 0.0696535 0.0046404 0.0648098 0.0646384 0.0732198 0.0658334 0.0643525 0.0145264 0.0196063 0.0662405 0.0658565 0.0162129 0.0049121 0.0208386 0.0694454 0.0732057 0.0710162 0.0736980 0.0780025 0.0125255 0.0695350 0.0631617 0.0615476 0.0709967 0.0762614 0.0714402 0.0633519 0.0684519 0.0000000 0.0704059 0.0093350 0.0739087 0.0093350 
Peramelidae_Perameles_gunnii                 0.0594618 0.0712585 0.0520912 0.0689980 0.0680572 0.0699753 0.0659683 0.0642016 0.0703381 0.0012492 0.0645558 0.0696809 0.0709260 0.0666114 0.0647426 0.0714657 0.0695275 0.0701582 0.0149846 0.0663596 0.0671087 0.0744344 0.0784805 0.0670464 0.0694763 0.0595827 0.0599509 0.0663724 0.0798602 0.0689191 0.0646752 0.0173817 0.0704059 0.0000000 0.0387138 0.0749400 0.0387138 
Myrmecobiidae_Myrmecobius_fasciatus1         0.0324990 0.0333271 0.0478052 0.0139184 0.0185633 0.0093350 0.0232085 0.0280137 0.0280137 0.0421236 0.0144545 0.0186798 0.0140860 0.0278295 0.0468015 0.0186798 0.0093350 0.0189687 0.0418603 0.0139064 0.0518267 0.0477029 0.0479891 0.0084203 0.0092607 0.0242027 0.0465512 0.0139064 0.0579305 0.0472987 0.0278295 0.0244864 0.0093350 0.0387138 0.0000000 0.0468859 0.0000010 
Pseudochiridae_Pseudocheirus_occidentalis    0.0569167 0.0812143 0.0580223 0.0568385 0.0570982 0.0724317 0.0524148 0.0531971 0.0577154 0.0761427 0.0498886 0.0765111 0.0707571 0.0518659 0.0483098 0.0762848 0.0716977 0.0649252 0.0781674 0.0610167 0.0226762 0.0802268 0.0865420 0.0726665 0.0612523 0.0782886 0.0352774 0.0642876 0.0708373 0.0534738 0.0502026 0.0774017 0.0739087 0.0749400 0.0468859 0.0000000 0.0468859 
Myrmecobiidae_Myrmecobius_fasciatus2         0.0324990 0.0333271 0.0478052 0.0139184 0.0185633 0.0093350 0.0232085 0.0280137 0.0280137 0.0421236 0.0144545 0.0186798 0.0140860 0.0278295 0.0468015 0.0186798 0.0093350 0.0189687 0.0418603 0.0139064 0.0518267 0.0477029 0.0479891 0.0084203 0.0092607 0.0242027 0.0465512 0.0139064 0.0579305 0.0472987 0.0278295 0.0244864 0.0093350 0.0387138 0.0000010 0.0468859 0.0000000 
