35
Burramyidae_Burramys_parvus                  0.0000000 0.0489450 0.0300183 0.0249565 0.0243620 0.0364724 0.0219226 0.0201456 0.0231771 0.0201080 0.0198518 0.0338831 0.0378889 0.0245237 0.0261991 0.0308788 0.0247368 0.0175184 0.0216546 0.0251264 0.0132799 0.0448938 0.0386777 0.0341659 0.0207478 0.0290026 0.0267489 0.0202818 0.0279914 0.0344444 0.0305536 0.0243985 0.0184381 0.0252087 0.0376674 
Notoryctidae_Notoryctes_typhlops             0.0489450 0.0000000 0.0458255 0.0450228 0.0462170 0.0465217 0.0417544 0.0423592 0.0477362 0.0448389 0.0398960 0.0465850 0.0482594 0.0469593 0.0525520 0.0511140 0.0350983 0.0411159 0.0463497 0.0451841 0.0414877 0.0675907 0.0593241 0.0473816 0.0463621 0.0440060 0.0517537 0.0431242 0.0548376 0.0492244 0.0526611 0.0466737 0.0434813 0.0447972 0.0481865 
Vombatidae_Lasiorhinus_latifrons             0.0300183 0.0458255 0.0000000 0.0300480 0.0310624 0.0356419 0.0256589 0.0262581 0.0319661 0.0352916 0.0241589 0.0388409 0.0377850 0.0245823 0.0270166 0.0392822 0.0237418 0.0267383 0.0393268 0.0286298 0.0196797 0.0523199 0.0478706 0.0400612 0.0282034 0.0309978 0.0333390 0.0261983 0.0299831 0.0323379 0.0341028 0.0244584 0.0340582 0.0324573 0.0429338 
Potoroidae_Bettongia_penicillata             0.0249565 0.0450228 0.0300480 0.0000000 0.0013562 0.0387361 0.0212095 0.0217736 0.0046814 0.0375707 0.0229167 0.0376979 0.0382983 0.0237849 0.0280645 0.0418287 0.0267039 0.0305342 0.0384471 0.0106022 0.0189121 0.0525987 0.0495903 0.0385309 0.0159184 0.0336218 0.0301143 0.0080670 0.0277670 0.0309076 0.0309620 0.0236662 0.0346038 0.0368590 0.0434494 
Potoroidae_Bettongia_lesueur                 0.0243620 0.0462170 0.0310624 0.0013562 0.0000000 0.0398073 0.0215593 0.0227256 0.0055290 0.0386810 0.0236354 0.0387496 0.0393643 0.0232276 0.0274986 0.0429230 0.0261185 0.0317690 0.0395431 0.0108919 0.0183360 0.0541756 0.0508457 0.0396209 0.0169098 0.0347301 0.0318108 0.0089326 0.0271830 0.0325700 0.0313562 0.0231119 0.0357197 0.0379374 0.0445541 
Dasyuridae_Dasyurus_maculatus                0.0364724 0.0465217 0.0356419 0.0387361 0.0398073 0.0000000 0.0329302 0.0332205 0.0414719 0.0391484 0.0330686 0.0095463 0.0143382 0.0296836 0.0345907 0.0100667 0.0005448 0.0096148 0.0417950 0.0379623 0.0281282 0.0580089 0.0531157 0.0090820 0.0375677 0.0371405 0.0447475 0.0351459 0.0384375 0.0403493 0.0435332 0.0295330 0.0384660 0.0013960 0.0432073 
Phalangeridae_Trichosurus_vulpecula          0.0219226 0.0417544 0.0256589 0.0212095 0.0215593 0.0329302 0.0000000 0.0071529 0.0232585 0.0321584 0.0085754 0.0347943 0.0330982 0.0101539 0.0191762 0.0368989 0.0212513 0.0263509 0.0322603 0.0192219 0.0118793 0.0490721 0.0436994 0.0349120 0.0217747 0.0278700 0.0262761 0.0168590 0.0210646 0.0240059 0.0259113 0.0095635 0.0302027 0.0310420 0.0365546 
Phalangeridae_Spilocuscus_maculatus          0.0201456 0.0423592 0.0262581 0.0217736 0.0227256 0.0332205 0.0071529 0.0000000 0.0238293 0.0347953 0.0063768 0.0347669 0.0337103 0.0063338 0.0186114 0.0368500 0.0194042 0.0278522 0.0348249 0.0201140 0.0112727 0.0494581 0.0455063 0.0349019 0.0227364 0.0298649 0.0278092 0.0174502 0.0209976 0.0258212 0.0270840 0.0057727 0.0322175 0.0319671 0.0387726 
Potoroidae_Aepyprymnus_rufescens             0.0231771 0.0477362 0.0319661 0.0046814 0.0055290 0.0414719 0.0232585 0.0238293 0.0000000 0.0383530 0.0249517 0.0394308 0.0403532 0.0237784 0.0286696 0.0432931 0.0279327 0.0328972 0.0395579 0.0127384 0.0189154 0.0531083 0.0500108 0.0406656 0.0175219 0.0350222 0.0334058 0.0101608 0.0271572 0.0330573 0.0324257 0.0236598 0.0359469 0.0392670 0.0446041 
Peramelidae_Perameles_nasuta                 0.0201080 0.0448389 0.0352916 0.0375707 0.0386810 0.0391484 0.0321584 0.0347953 0.0383530 0.0000000 0.0304857 0.0398732 0.0390053 0.0199704 0.0199750 0.0390254 0.0243271 0.0339618 0.0088828 0.0346440 0.0198643 0.0442086 0.0411800 0.0388879 0.0346176 0.0333868 0.0423561 0.0332823 0.0201560 0.0383407 0.0358367 0.0212239 0.0057549 0.0393201 0.0000010 
Phalangeridae_Strigocuscus_pelengensis       0.0198518 0.0398960 0.0241589 0.0229167 0.0236354 0.0330686 0.0085754 0.0063768 0.0249517 0.0304857 0.0000000 0.0352673 0.0341177 0.0069804 0.0195369 0.0372435 0.0210117 0.0278221 0.0313006 0.0213839 0.0109022 0.0507215 0.0440496 0.0349707 0.0236734 0.0280530 0.0279185 0.0183650 0.0207793 0.0266050 0.0280082 0.0064192 0.0278382 0.0314749 0.0354371 
Dasyuridae_Phascogale_tapoatafa              0.0338831 0.0465850 0.0388409 0.0376979 0.0387496 0.0095463 0.0347943 0.0347669 0.0394308 0.0398732 0.0352673 0.0000000 0.0132890 0.0316362 0.0360773 0.0055747 0.0061893 0.0089111 0.0416769 0.0375292 0.0261622 0.0534997 0.0515783 0.0045281 0.0373279 0.0364117 0.0449437 0.0341969 0.0394229 0.0419228 0.0452371 0.0314709 0.0386530 0.0088555 0.0438213 
Dasyuridae_Sminthopsis_macroura              0.0378889 0.0482594 0.0377850 0.0382983 0.0393643 0.0143382 0.0330982 0.0337103 0.0403532 0.0390053 0.0341177 0.0132890 0.0000000 0.0302238 0.0352440 0.0155502 0.0060711 0.0078652 0.0413118 0.0378630 0.0268898 0.0542171 0.0505835 0.0146403 0.0380018 0.0374326 0.0438407 0.0353744 0.0350888 0.0421541 0.0432866 0.0300917 0.0386740 0.0128677 0.0444116 
Phalangeridae_Phalanger_orientalis           0.0245237 0.0469593 0.0245823 0.0237849 0.0232276 0.0296836 0.0101539 0.0063338 0.0237784 0.0199704 0.0069804 0.0316362 0.0302238 0.0000000 0.0228534 0.0349283 0.0250074 0.0195557 0.0213888 0.0210916 0.0142848 0.0411193 0.0382926 0.0316630 0.0197484 0.0247154 0.0283291 0.0171296 0.0224190 0.0271071 0.0253234 0.0026051 0.0184617 0.0261162 0.0306682 
Acrobatidae_Acrobates_pygmaeus               0.0261991 0.0525520 0.0270166 0.0280645 0.0274986 0.0345907 0.0191762 0.0186114 0.0286696 0.0199750 0.0195369 0.0360773 0.0352440 0.0228534 0.0000000 0.0400009 0.0263803 0.0202870 0.0245407 0.0252701 0.0113902 0.0449860 0.0382518 0.0391905 0.0233356 0.0300868 0.0214297 0.0218477 0.0187523 0.0246120 0.0236011 0.0239101 0.0225511 0.0274646 0.0348984 
Dasyuridae_Phascogale_calura                 0.0308788 0.0511140 0.0392822 0.0418287 0.0429230 0.0100667 0.0368989 0.0368500 0.0432931 0.0390254 0.0372435 0.0055747 0.0155502 0.0349283 0.0400009 0.0000000 0.0055284 0.0085748 0.0427536 0.0417360 0.0275972 0.0569895 0.0512114 0.0091117 0.0389261 0.0382992 0.0443162 0.0384874 0.0428571 0.0459106 0.0473379 0.0347468 0.0386918 0.0082198 0.0463569 
Dasyuridae_Sarcophilus_harrisii              0.0247368 0.0350983 0.0237418 0.0267039 0.0261185 0.0005448 0.0212513 0.0194042 0.0279327 0.0243271 0.0210117 0.0061893 0.0060711 0.0250074 0.0263803 0.0055284 0.0000000 0.0038739 0.0249518 0.0237418 0.0275112 0.0302180 0.0281590 0.0062263 0.0249050 0.0226715 0.0386720 0.0221616 0.0286339 0.0268971 0.0212606 0.0261753 0.0236077 0.0005448 0.0256919 
Dasyuridae_Planigale_tenuirostris            0.0175184 0.0411159 0.0267383 0.0305342 0.0317690 0.0096148 0.0263509 0.0278522 0.0328972 0.0339618 0.0278221 0.0089111 0.0078652 0.0195557 0.0202870 0.0085748 0.0038739 0.0000000 0.0339328 0.0294685 0.0201817 0.0436318 0.0443637 0.0089841 0.0322586 0.0301214 0.0387044 0.0270554 0.0211337 0.0310537 0.0326065 0.0209636 0.0319293 0.0099644 0.0334644 
Peramelidae_Echymipera_kalubu                0.0216546 0.0463497 0.0393268 0.0384471 0.0395431 0.0417950 0.0322603 0.0348249 0.0395579 0.0088828 0.0313006 0.0416769 0.0413118 0.0213888 0.0245407 0.0427536 0.0249518 0.0339328 0.0000000 0.0346317 0.0221308 0.0453833 0.0412593 0.0409047 0.0355287 0.0323658 0.0437193 0.0334485 0.0241083 0.0386235 0.0380942 0.0219168 0.0069208 0.0422896 0.0085586 
Macropodidae_Dorcopsulus_vanheurni           0.0251264 0.0451841 0.0286298 0.0106022 0.0108919 0.0379623 0.0192219 0.0201140 0.0127384 0.0346440 0.0213839 0.0375292 0.0378630 0.0210916 0.0252701 0.0417360 0.0237418 0.0294685 0.0346317 0.0000000 0.0148309 0.0528383 0.0461871 0.0376945 0.0163200 0.0334932 0.0295570 0.0049834 0.0267745 0.0297986 0.0302246 0.0209863 0.0309099 0.0350313 0.0413560 
Pseudochiridae_Pseudochirulus_forbesi        0.0132799 0.0414877 0.0196797 0.0189121 0.0183360 0.0281282 0.0118793 0.0112727 0.0189154 0.0198643 0.0109022 0.0261622 0.0268898 0.0142848 0.0113902 0.0275972 0.0275112 0.0201817 0.0221308 0.0148309 0.0000000 0.0323761 0.0264920 0.0269616 0.0124680 0.0198366 0.0156955 0.0132113 0.0046323 0.0136284 0.0101198 0.0154307 0.0203370 0.0281282 0.0228558 
Didelphidae_Didelphis_virginiana             0.0448938 0.0675907 0.0523199 0.0525987 0.0541756 0.0580089 0.0490721 0.0494581 0.0531083 0.0442086 0.0507215 0.0534997 0.0542171 0.0411193 0.0449860 0.0569895 0.0302180 0.0436318 0.0453833 0.0528383 0.0323761 0.0000000 0.0298494 0.0562179 0.0497135 0.0501654 0.0545329 0.0481376 0.0487777 0.0539662 0.0524374 0.0415604 0.0430518 0.0489517 0.0535037 
Marmosidae_Monodelphis_domestica             0.0386777 0.0593241 0.0478706 0.0495903 0.0508457 0.0531157 0.0436994 0.0455063 0.0500108 0.0411800 0.0440496 0.0515783 0.0505835 0.0382926 0.0382518 0.0512114 0.0281590 0.0443637 0.0412593 0.0461871 0.0264920 0.0298494 0.0000000 0.0546711 0.0469988 0.0394929 0.0480116 0.0436923 0.0430034 0.0481452 0.0469278 0.0387388 0.0403008 0.0444190 0.0484654 
Dasyuridae_Antechinus_stuartii               0.0341659 0.0473816 0.0400612 0.0385309 0.0396209 0.0090820 0.0349120 0.0349019 0.0406656 0.0388879 0.0349707 0.0045281 0.0146403 0.0316630 0.0391905 0.0091117 0.0062263 0.0089841 0.0409047 0.0376945 0.0269616 0.0562179 0.0546711 0.0000000 0.0383401 0.0377833 0.0463867 0.0343752 0.0402843 0.0422933 0.0460302 0.0315676 0.0378153 0.0083928 0.0440072 
Hypsiprymnodontidae_Hypsiprymnodon_moschatus 0.0207478 0.0463621 0.0282034 0.0159184 0.0169098 0.0375677 0.0217747 0.0227364 0.0175219 0.0346176 0.0236734 0.0373279 0.0380018 0.0197484 0.0233356 0.0389261 0.0249050 0.0322586 0.0355287 0.0163200 0.0124680 0.0497135 0.0469988 0.0383401 0.0000000 0.0336985 0.0290654 0.0131806 0.0235972 0.0290925 0.0311151 0.0196512 0.0325241 0.0360961 0.0402416 
Microbiotheriidae_Dromiciops_gliroides       0.0290026 0.0440060 0.0309978 0.0336218 0.0347301 0.0371405 0.0278700 0.0298649 0.0350222 0.0333868 0.0280530 0.0364117 0.0374326 0.0247154 0.0300868 0.0382992 0.0226715 0.0301214 0.0323658 0.0334932 0.0198366 0.0501654 0.0394929 0.0377833 0.0336985 0.0000000 0.0351910 0.0301330 0.0299676 0.0356810 0.0370016 0.0246435 0.0316045 0.0334716 0.0368920 
Pseudochiridae_Petauroides_volans            0.0267489 0.0517537 0.0333390 0.0301143 0.0318108 0.0447475 0.0262761 0.0278092 0.0334058 0.0423561 0.0279185 0.0449437 0.0438407 0.0283291 0.0214297 0.0443162 0.0386720 0.0387044 0.0437193 0.0295570 0.0156955 0.0545329 0.0480116 0.0463867 0.0290654 0.0351910 0.0000000 0.0283495 0.0158070 0.0251154 0.0286291 0.0295396 0.0422097 0.0452407 0.0443036 
Macropodidae_Wallabia_bicolor                0.0202818 0.0431242 0.0261983 0.0080670 0.0089326 0.0351459 0.0168590 0.0174502 0.0101608 0.0332823 0.0183650 0.0341969 0.0353744 0.0171296 0.0218477 0.0384874 0.0221616 0.0270554 0.0334485 0.0049834 0.0132113 0.0481376 0.0436923 0.0343752 0.0131806 0.0301330 0.0283495 0.0000000 0.0251760 0.0266218 0.0274439 0.0170651 0.0295237 0.0335360 0.0387435 
Pseudochiridae_Pseudocheirus_occidentalis    0.0279914 0.0548376 0.0299831 0.0277670 0.0271830 0.0384375 0.0210646 0.0209976 0.0271572 0.0201560 0.0207793 0.0394229 0.0350888 0.0224190 0.0187523 0.0428571 0.0286339 0.0211337 0.0241083 0.0267745 0.0046323 0.0487777 0.0430034 0.0402843 0.0235972 0.0299676 0.0158070 0.0251760 0.0000000 0.0241353 0.0206622 0.0241105 0.0206117 0.0297531 0.0362489 
Tarsipedidae_Tarsipes_rostratus              0.0344444 0.0492244 0.0323379 0.0309076 0.0325700 0.0403493 0.0240059 0.0258212 0.0330573 0.0383407 0.0266050 0.0419228 0.0421541 0.0271071 0.0246120 0.0459106 0.0268971 0.0310537 0.0386235 0.0297986 0.0136284 0.0539662 0.0481452 0.0422933 0.0290925 0.0356810 0.0251154 0.0266218 0.0241353 0.0000000 0.0310662 0.0275534 0.0360311 0.0360049 0.0449926 
Acrobatidae_Distoechurus_pennatus            0.0305536 0.0526611 0.0341028 0.0309620 0.0313562 0.0435332 0.0259113 0.0270840 0.0324257 0.0358367 0.0280082 0.0452371 0.0432866 0.0253234 0.0236011 0.0473379 0.0212606 0.0326065 0.0380942 0.0302246 0.0101198 0.0524374 0.0469278 0.0460302 0.0311151 0.0370016 0.0286291 0.0274439 0.0206622 0.0310662 0.0000000 0.0269759 0.0342454 0.0358877 0.0466366 
Phalangeridae_Phalanger_carmelitae           0.0243985 0.0466737 0.0244584 0.0236662 0.0231119 0.0295330 0.0095635 0.0057727 0.0236598 0.0212239 0.0064192 0.0314709 0.0300917 0.0026051 0.0239101 0.0347468 0.0261753 0.0209636 0.0219168 0.0209863 0.0154307 0.0415604 0.0387388 0.0315676 0.0196512 0.0246435 0.0295396 0.0170651 0.0241105 0.0275534 0.0269759 0.0000000 0.0197401 0.0266349 0.0305103 
Peramelidae_Peroryctes_raffrayana            0.0184381 0.0434813 0.0340582 0.0346038 0.0357197 0.0384660 0.0302027 0.0322175 0.0359469 0.0057549 0.0278382 0.0386530 0.0386740 0.0184617 0.0225511 0.0386918 0.0236077 0.0319293 0.0069208 0.0309099 0.0203370 0.0430518 0.0403008 0.0378153 0.0325241 0.0316045 0.0422097 0.0295237 0.0206117 0.0360311 0.0342454 0.0197401 0.0000000 0.0386447 0.0057028 
Dasyuridae_Dasyurus_geffroii                 0.0252087 0.0447972 0.0324573 0.0368590 0.0379374 0.0013960 0.0310420 0.0319671 0.0392670 0.0393201 0.0314749 0.0088555 0.0128677 0.0261162 0.0274646 0.0082198 0.0005448 0.0099644 0.0422896 0.0350313 0.0281282 0.0489517 0.0444190 0.0083928 0.0360961 0.0334716 0.0452407 0.0335360 0.0297531 0.0360049 0.0358877 0.0266349 0.0386447 0.0000000 0.0394624 
Peramelidae_Perameles_gunnii                 0.0376674 0.0481865 0.0429338 0.0434494 0.0445541 0.0432073 0.0365546 0.0387726 0.0446041 0.0000010 0.0354371 0.0438213 0.0444116 0.0306682 0.0348984 0.0463569 0.0256919 0.0334644 0.0085586 0.0413560 0.0228558 0.0535037 0.0484654 0.0440072 0.0402416 0.0368920 0.0443036 0.0387435 0.0362489 0.0449926 0.0466366 0.0305103 0.0057028 0.0394624 0.0000000 
