35
Burramyidae_Burramys_parvus                  0.0000000 0.1020594 0.0685479 0.0811208 0.0811359 0.0880945 0.0585843 0.0627551 0.0793003 0.0917870 0.0576694 0.0864042 0.0863059 0.0540658 0.0767589 0.0867543 0.0881819 0.0919632 0.0950485 0.0813248 0.0678512 0.1245867 0.1209420 0.0867096 0.0704924 0.0862724 0.0743197 0.0754539 0.0894394 0.0843516 0.0562891 0.0948843 0.1065705 0.0940583 0.0666912 
Notoryctidae_Notoryctes_typhlops             0.1020594 0.0000000 0.0931594 0.1070191 0.1079500 0.1003138 0.0911322 0.0984322 0.1045602 0.1110805 0.0875715 0.1021126 0.1028891 0.0880297 0.1060010 0.1018729 0.0980873 0.1040153 0.1146648 0.1084681 0.0979203 0.1454899 0.1443437 0.1002681 0.0961823 0.0988195 0.1067844 0.1044650 0.1210570 0.1100348 0.0916323 0.1108874 0.1218804 0.1133150 0.0937508 
Vombatidae_Lasiorhinus_latifrons             0.0685479 0.0931594 0.0000000 0.0756677 0.0769715 0.0839728 0.0554407 0.0617088 0.0737163 0.0929726 0.0521907 0.0826412 0.0843054 0.0515427 0.0758864 0.0829909 0.0816900 0.0870238 0.0945382 0.0714427 0.0687499 0.1246374 0.1254654 0.0829944 0.0651210 0.0820052 0.0739408 0.0690519 0.0908505 0.0737695 0.0546189 0.0899514 0.1003497 0.0923389 0.0613191 
Potoroidae_Bettongia_penicillata             0.0811208 0.1070191 0.0756677 0.0000000 0.0098598 0.0976032 0.0697800 0.0736414 0.0187832 0.1101257 0.0669101 0.1004745 0.0996029 0.0681653 0.0738674 0.0991873 0.0979021 0.1033795 0.1103320 0.0345868 0.0752969 0.1284575 0.1362196 0.0987429 0.0312052 0.1007194 0.0756305 0.0306532 0.0826771 0.0894255 0.0691435 0.1052287 0.1218401 0.1113876 0.0679119 
Potoroidae_Bettongia_lesueur                 0.0811359 0.1079500 0.0769715 0.0098598 0.0000000 0.0972425 0.0694912 0.0728264 0.0175227 0.1107619 0.0648425 0.1006883 0.0993974 0.0665709 0.0746759 0.0994034 0.0991375 0.1004007 0.1101405 0.0345491 0.0726098 0.1255198 0.1323263 0.0989610 0.0339197 0.0989187 0.0733463 0.0307824 0.0803436 0.0882988 0.0675435 0.1067124 0.1227686 0.1118262 0.0685901 
Dasyuridae_Dasyurus_maculatus                0.0880945 0.1003138 0.0839728 0.0976032 0.0972425 0.0000000 0.0871363 0.0948461 0.0981080 0.0959329 0.0858523 0.0153427 0.0210210 0.0806154 0.0866407 0.0165219 0.0079681 0.0219725 0.0972128 0.0972503 0.0892608 0.1170959 0.1175760 0.0134399 0.0772183 0.0847234 0.0979316 0.0940785 0.0978739 0.1036108 0.0840218 0.1036174 0.0071735 0.0980868 0.0846709 
Phalangeridae_Trichosurus_vulpecula          0.0585843 0.0911322 0.0554407 0.0697800 0.0694912 0.0871363 0.0000000 0.0267814 0.0682266 0.0875273 0.0171788 0.0848607 0.0817703 0.0166690 0.0691430 0.0858755 0.0854459 0.0878254 0.0905658 0.0701721 0.0630819 0.1236096 0.1232962 0.0834014 0.0613509 0.0736306 0.0704827 0.0638543 0.0827895 0.0753500 0.0170637 0.0852897 0.0983991 0.0899557 0.0522531 
Phalangeridae_Spilocuscus_maculatus          0.0627551 0.0984322 0.0617088 0.0736414 0.0728264 0.0948461 0.0267814 0.0000000 0.0696035 0.0995004 0.0228407 0.0948205 0.0906539 0.0226707 0.0679731 0.0957592 0.0938863 0.0940673 0.0980289 0.0710300 0.0700047 0.1394771 0.1339077 0.0946884 0.0580233 0.0820987 0.0779743 0.0648341 0.0807928 0.0787717 0.0209653 0.0988786 0.1175254 0.0986535 0.0686828 
Potoroidae_Aepyprymnus_rufescens             0.0793003 0.1045602 0.0737163 0.0187832 0.0175227 0.0981080 0.0682266 0.0696035 0.0000000 0.1061005 0.0616123 0.0987951 0.0979842 0.0644276 0.0763818 0.0975285 0.0962192 0.1006869 0.1067197 0.0320484 0.0700914 0.1284234 0.1338646 0.0976051 0.0359442 0.0937227 0.0727834 0.0264250 0.0845912 0.0867515 0.0653852 0.1031938 0.1208518 0.1073585 0.0633121 
Peramelidae_Perameles_nasuta                 0.0917870 0.1110805 0.0929726 0.1101257 0.1107619 0.0959329 0.0875273 0.0995004 0.1061005 0.0000000 0.0910904 0.0989450 0.0944634 0.0884280 0.0890183 0.0987935 0.0943289 0.0983577 0.0192331 0.1009318 0.0990050 0.1254889 0.1230028 0.0976994 0.0788000 0.0812476 0.1046743 0.0978949 0.1016449 0.1137932 0.0911263 0.0176760 0.1327198 0.0004182 0.0947452 
Phalangeridae_Strigocuscus_pelengensis       0.0576694 0.0875715 0.0521907 0.0669101 0.0648425 0.0858523 0.0171788 0.0228407 0.0616123 0.0910904 0.0000000 0.0842851 0.0826058 0.0100894 0.0668307 0.0851739 0.0839404 0.0856120 0.0906859 0.0647588 0.0596637 0.1256967 0.1204116 0.0851333 0.0622844 0.0729364 0.0666354 0.0597277 0.0818011 0.0717124 0.0096695 0.0888809 0.1055256 0.0921581 0.0575568 
Dasyuridae_Phascogale_tapoatafa              0.0864042 0.1021126 0.0826412 0.1004745 0.1006883 0.0153427 0.0848607 0.0948205 0.0987951 0.0989450 0.0842851 0.0000000 0.0214029 0.0820842 0.0844194 0.0041411 0.0165600 0.0223636 0.0981288 0.0979359 0.0888679 0.1142958 0.1168532 0.0087460 0.0794779 0.0860640 0.0975386 0.0963783 0.1053840 0.1036568 0.0843962 0.1052357 0.0197943 0.0989969 0.0870045 
Dasyuridae_Sminthopsis_macroura              0.0863059 0.1028891 0.0843054 0.0996029 0.0993974 0.0210210 0.0817703 0.0906539 0.0979842 0.0944634 0.0826058 0.0214029 0.0000000 0.0800836 0.0833505 0.0225881 0.0226530 0.0227527 0.0968735 0.0959681 0.0879312 0.1145435 0.1127745 0.0194806 0.0778428 0.0810335 0.0957629 0.0945440 0.1010002 0.1030099 0.0818033 0.1016585 0.0263081 0.0967420 0.0818450 
Phalangeridae_Phalanger_orientalis           0.0540658 0.0880297 0.0515427 0.0681653 0.0665709 0.0806154 0.0166690 0.0226707 0.0644276 0.0884280 0.0100894 0.0820842 0.0800836 0.0000000 0.0666575 0.0829647 0.0803315 0.0843870 0.0897946 0.0641290 0.0604465 0.1268546 0.1222184 0.0824773 0.0620991 0.0734140 0.0661063 0.0573295 0.0834045 0.0706778 0.0049243 0.0873124 0.0964911 0.0903015 0.0552880 
Acrobatidae_Acrobates_pygmaeus               0.0767589 0.1060010 0.0758864 0.0738674 0.0746759 0.0866407 0.0691430 0.0679731 0.0763818 0.0890183 0.0668307 0.0844194 0.0833505 0.0666575 0.0000000 0.0870863 0.0858507 0.0926729 0.0997851 0.0777762 0.0603852 0.1131764 0.1040379 0.0820732 0.0741647 0.1023872 0.0651336 0.0742734 0.0881184 0.0408287 0.0672160 0.0949477 0.0979823 0.0941532 0.0515853 
Dasyuridae_Phascogale_calura                 0.0867543 0.1018729 0.0829909 0.0991873 0.0994034 0.0165219 0.0858755 0.0957592 0.0975285 0.0987935 0.0851739 0.0041411 0.0225881 0.0829647 0.0870863 0.0000000 0.0177286 0.0235994 0.0979207 0.0966709 0.0887174 0.1161259 0.1186897 0.0099038 0.0771025 0.0853567 0.0979432 0.0950801 0.1026758 0.1034776 0.0852775 0.1044418 0.0215317 0.0987884 0.0875212 
Dasyuridae_Sarcophilus_harrisii              0.0881819 0.0980873 0.0816900 0.0979021 0.0991375 0.0079681 0.0854459 0.0938863 0.0962192 0.0943289 0.0839404 0.0165600 0.0226530 0.0803315 0.0858507 0.0177286 0.0000000 0.0228041 0.0941851 0.0943194 0.0864987 0.1141220 0.1155136 0.0146522 0.0784214 0.0808285 0.0951097 0.0917695 0.0999985 0.1016334 0.0831058 0.0998406 0.0105862 0.0950750 0.0826339 
Dasyuridae_Planigale_tenuirostris            0.0919632 0.1040153 0.0870238 0.1033795 0.1004007 0.0219725 0.0878254 0.0940673 0.1006869 0.0983577 0.0856120 0.0223636 0.0227527 0.0843870 0.0926729 0.0235994 0.0228041 0.0000000 0.0991413 0.0986298 0.0889518 0.1155498 0.1179549 0.0224016 0.0821501 0.0852303 0.0968149 0.0952431 0.1041583 0.1070354 0.0866962 0.1042262 0.0311943 0.0999863 0.0823747 
Peramelidae_Echymipera_kalubu                0.0950485 0.1146648 0.0945382 0.1103320 0.1101405 0.0972128 0.0905658 0.0980289 0.1067197 0.0192331 0.0906859 0.0981288 0.0968735 0.0897946 0.0997851 0.0979207 0.0941851 0.0991413 0.0000000 0.1040658 0.1022676 0.1286584 0.1249412 0.0964436 0.0928317 0.0879223 0.1075250 0.1002978 0.1076192 0.1155605 0.0922525 0.0172316 0.1266046 0.0198397 0.0903355 
Macropodidae_Dorcopsulus_vanheurni           0.0813248 0.1084681 0.0714427 0.0345868 0.0345491 0.0972503 0.0701721 0.0710300 0.0320484 0.1009318 0.0647588 0.0979359 0.0959681 0.0641290 0.0777762 0.0966709 0.0943194 0.0986298 0.1040658 0.0000000 0.0702811 0.1334083 0.1357659 0.0967429 0.0328557 0.0935051 0.0768217 0.0102883 0.0848525 0.0846532 0.0655967 0.1000554 0.1221125 0.1037180 0.0590829 
Pseudochiridae_Pseudochirulus_forbesi        0.0678512 0.0979203 0.0687499 0.0752969 0.0726098 0.0892608 0.0630819 0.0700047 0.0700914 0.0990050 0.0596637 0.0888679 0.0879312 0.0604465 0.0603852 0.0887174 0.0864987 0.0889518 0.1022676 0.0702811 0.0000000 0.1308382 0.1283597 0.0861398 0.0638704 0.0833314 0.0354595 0.0660665 0.0628024 0.0689871 0.0626858 0.1006957 0.1115207 0.1030439 0.0172171 
Didelphidae_Didelphis_virginiana             0.1245867 0.1454899 0.1246374 0.1284575 0.1255198 0.1170959 0.1236096 0.1394771 0.1284234 0.1254889 0.1256967 0.1142958 0.1145435 0.1268546 0.1131764 0.1161259 0.1141220 0.1155498 0.1286584 0.1334083 0.1308382 0.0000000 0.0551288 0.1133023 0.1054317 0.1196590 0.1397260 0.1297740 0.1291013 0.1547206 0.1288533 0.1257120 0.1401033 0.1264229 0.1129997 
Marmosidae_Monodelphis_domestica             0.1209420 0.1443437 0.1254654 0.1362196 0.1323263 0.1175760 0.1232962 0.1339077 0.1338646 0.1230028 0.1204116 0.1168532 0.1127745 0.1222184 0.1040379 0.1186897 0.1155136 0.1179549 0.1249412 0.1357659 0.1283597 0.0551288 0.0000000 0.1145738 0.1033509 0.1218278 0.1307762 0.1304989 0.1210434 0.1497811 0.1235364 0.1247614 0.1447395 0.1244743 0.1119818 
Dasyuridae_Antechinus_stuartii               0.0867096 0.1002681 0.0829944 0.0987429 0.0989610 0.0134399 0.0834014 0.0946884 0.0976051 0.0976994 0.0851333 0.0087460 0.0194806 0.0824773 0.0820732 0.0099038 0.0146522 0.0224016 0.0964436 0.0967429 0.0861398 0.1133023 0.1145738 0.0000000 0.0751417 0.0840505 0.0937934 0.0936136 0.0980132 0.1018380 0.0848009 0.1039410 0.0181697 0.0973236 0.0852417 
Hypsiprymnodontidae_Hypsiprymnodon_moschatus 0.0704924 0.0961823 0.0651210 0.0312052 0.0339197 0.0772183 0.0613509 0.0580233 0.0359442 0.0788000 0.0622844 0.0794779 0.0778428 0.0620991 0.0741647 0.0771025 0.0784214 0.0821501 0.0928317 0.0328557 0.0638704 0.1054317 0.1033509 0.0751417 0.0000000 0.0919263 0.0640311 0.0286429 0.0864195 0.0855339 0.0626593 0.0786368 0.0953524 0.0901288 0.0447500 
Microbiotheriidae_Dromiciops_gliroides       0.0862724 0.0988195 0.0820052 0.1007194 0.0989187 0.0847234 0.0736306 0.0820987 0.0937227 0.0812476 0.0729364 0.0860640 0.0810335 0.0734140 0.1023872 0.0853567 0.0808285 0.0852303 0.0879223 0.0935051 0.0833314 0.1196590 0.1218278 0.0840505 0.0919263 0.0000000 0.0884045 0.0879900 0.1139900 0.0990711 0.0748609 0.0797711 0.1055169 0.0880681 0.0620137 
Pseudochiridae_Petauroides_volans            0.0743197 0.1067844 0.0739408 0.0756305 0.0733463 0.0979316 0.0704827 0.0779743 0.0727834 0.1046743 0.0666354 0.0975386 0.0957629 0.0661063 0.0651336 0.0979432 0.0951097 0.0968149 0.1075250 0.0768217 0.0354595 0.1397260 0.1307762 0.0937934 0.0640311 0.0884045 0.0000000 0.0692978 0.0656091 0.0787086 0.0688459 0.1044317 0.1240828 0.1099111 0.0338364 
Macropodidae_Wallabia_bicolor                0.0754539 0.1044650 0.0690519 0.0306532 0.0307824 0.0940785 0.0638543 0.0648341 0.0264250 0.0978949 0.0597277 0.0963783 0.0945440 0.0573295 0.0742734 0.0950801 0.0917695 0.0952431 0.1002978 0.0102883 0.0660665 0.1297740 0.1304989 0.0936136 0.0286429 0.0879900 0.0692978 0.0000000 0.0829471 0.0804141 0.0606873 0.0959194 0.1185560 0.1022490 0.0519449 
Tarsipedidae_Tarsipes_rostratus              0.0894394 0.1210570 0.0908505 0.0826771 0.0803436 0.0978739 0.0827895 0.0807928 0.0845912 0.1016449 0.0818011 0.1053840 0.1010002 0.0834045 0.0881184 0.1026758 0.0999985 0.1041583 0.1076192 0.0848525 0.0628024 0.1291013 0.1210434 0.0980132 0.0864195 0.1139900 0.0656091 0.0829471 0.0000000 0.0955023 0.0839618 0.1070159 0.1130411 0.1067851 0.0553544 
Acrobatidae_Distoechurus_pennatus            0.0843516 0.1100348 0.0737695 0.0894255 0.0882988 0.1036108 0.0753500 0.0787717 0.0867515 0.1137932 0.0717124 0.1036568 0.1030099 0.0706778 0.0408287 0.1034776 0.1016334 0.1070354 0.1155605 0.0846532 0.0689871 0.1547206 0.1497811 0.1018380 0.0855339 0.0990711 0.0787086 0.0804141 0.0955023 0.0000000 0.0730419 0.1166002 0.1194884 0.1141879 0.0719352 
Phalangeridae_Phalanger_carmelitae           0.0562891 0.0916323 0.0546189 0.0691435 0.0675435 0.0840218 0.0170637 0.0209653 0.0653852 0.0911263 0.0096695 0.0843962 0.0818033 0.0049243 0.0672160 0.0852775 0.0831058 0.0866962 0.0922525 0.0655967 0.0626858 0.1288533 0.1235364 0.0848009 0.0626593 0.0748609 0.0688459 0.0606873 0.0839618 0.0730419 0.0000000 0.0907856 0.1001904 0.0932586 0.0593796 
Peramelidae_Peroryctes_raffrayana            0.0948843 0.1108874 0.0899514 0.1052287 0.1067124 0.1036174 0.0852897 0.0988786 0.1031938 0.0176760 0.0888809 0.1052357 0.1016585 0.0873124 0.0949477 0.1044418 0.0998406 0.1042262 0.0172316 0.1000554 0.1006957 0.1257120 0.1247614 0.1039410 0.0786368 0.0797711 0.1044317 0.0959194 0.1070159 0.1166002 0.0907856 0.0000000 0.1476589 0.0172481 0.0943130 
Dasyuridae_Dasyurus_geffroii                 0.1065705 0.1218804 0.1003497 0.1218401 0.1227686 0.0071735 0.0983991 0.1175254 0.1208518 0.1327198 0.1055256 0.0197943 0.0263081 0.0964911 0.0979823 0.0215317 0.0105862 0.0311943 0.1266046 0.1221125 0.1115207 0.1401033 0.1447395 0.0181697 0.0953524 0.1055169 0.1240828 0.1185560 0.1130411 0.1194884 0.1001904 0.1476589 0.0000000 0.1302823 0.1271978 
Peramelidae_Perameles_gunnii                 0.0940583 0.1133150 0.0923389 0.1113876 0.1118262 0.0980868 0.0899557 0.0986535 0.1073585 0.0004182 0.0921581 0.0989969 0.0967420 0.0903015 0.0941532 0.0987884 0.0950750 0.0999863 0.0198397 0.1037180 0.1030439 0.1264229 0.1244743 0.0973236 0.0901288 0.0880681 0.1099111 0.1022490 0.1067851 0.1141879 0.0932586 0.0172481 0.1302823 0.0000000 0.0947012 
Pseudochiridae_Pseudocheirus_occidentalis    0.0666912 0.0937508 0.0613191 0.0679119 0.0685901 0.0846709 0.0522531 0.0686828 0.0633121 0.0947452 0.0575568 0.0870045 0.0818450 0.0552880 0.0515853 0.0875212 0.0826339 0.0823747 0.0903355 0.0590829 0.0172171 0.1129997 0.1119818 0.0852417 0.0447500 0.0620137 0.0338364 0.0519449 0.0553544 0.0719352 0.0593796 0.0943130 0.1271978 0.0947012 0.0000000 
