35
Burramyidae_Burramys_parvus                  0.0000000 0.0628221 0.0441863 0.0382228 0.0376217 0.0619334 0.0317965 0.0371016 0.0431968 0.0819637 0.0384074 0.0616938 0.0616264 0.0391357 0.0362914 0.0608624 0.0612127 0.0560414 0.0789819 0.0421367 0.0397438 0.0842905 0.0638443 0.0376300 0.0551166 0.0386985 0.0356893 0.0389580 0.0525856 0.0457414 0.0387736 0.0763132 0.0637956 0.0809608 0.0995016 
Notoryctidae_Notoryctes_typhlops             0.0628221 0.0000000 0.0703640 0.0744048 0.0728954 0.0931392 0.0653281 0.0699989 0.0776158 0.1088702 0.0730534 0.0916238 0.0889993 0.0710257 0.0720565 0.0929382 0.0921644 0.0885212 0.1003951 0.0779941 0.0688490 0.1129248 0.0923160 0.0716073 0.0785745 0.0700864 0.0725990 0.0690233 0.0866756 0.0842672 0.0710100 0.0997407 0.0940724 0.1081595 0.1146213 
Vombatidae_Lasiorhinus_latifrons             0.0441863 0.0703640 0.0000000 0.0511412 0.0515420 0.0655274 0.0481519 0.0532428 0.0563402 0.0903172 0.0519071 0.0684068 0.0661842 0.0523954 0.0505590 0.0698106 0.0651490 0.0642471 0.0875191 0.0559942 0.0479796 0.0931184 0.0700909 0.0494619 0.0581459 0.0459220 0.0498625 0.0467843 0.0632169 0.0601002 0.0523425 0.0847806 0.0678129 0.0888561 0.0970166 
Potoroidae_Bettongia_penicillata             0.0382228 0.0744048 0.0511412 0.0000000 0.0023615 0.0723908 0.0386526 0.0438297 0.0136679 0.0889734 0.0458655 0.0740953 0.0740436 0.0446056 0.0446735 0.0756227 0.0720512 0.0736261 0.0853499 0.0220187 0.0515418 0.0925276 0.0766352 0.0307093 0.0568283 0.0475521 0.0163921 0.0527655 0.0616336 0.0500663 0.0438924 0.0829777 0.0747592 0.0879443 0.1048573 
Potoroidae_Bettongia_lesueur                 0.0376217 0.0728954 0.0515420 0.0023615 0.0000000 0.0724949 0.0377432 0.0432212 0.0125493 0.0866006 0.0449116 0.0734443 0.0742175 0.0436754 0.0447326 0.0749669 0.0721547 0.0731647 0.0830085 0.0205472 0.0505799 0.0913504 0.0756021 0.0295278 0.0582495 0.0476005 0.0149882 0.0518024 0.0612831 0.0493545 0.0429655 0.0806568 0.0740736 0.0866396 0.1040948 
Dasyuridae_Dasyurus_maculatus                0.0619334 0.0931392 0.0655274 0.0723908 0.0724949 0.0000000 0.0650732 0.0710310 0.0800348 0.1030389 0.0707296 0.0261894 0.0310822 0.0724464 0.0707040 0.0266069 0.0052641 0.0309548 0.1018060 0.0794521 0.0757388 0.0961054 0.0245889 0.0705071 0.0685128 0.0729727 0.0694935 0.0754466 0.0779301 0.0724656 0.0712038 0.1018330 0.0049925 0.1018248 0.1129547 
Phalangeridae_Trichosurus_vulpecula          0.0317965 0.0653281 0.0481519 0.0386526 0.0377432 0.0650732 0.0000000 0.0136995 0.0432953 0.0838536 0.0157536 0.0663351 0.0652824 0.0140110 0.0390423 0.0681162 0.0632320 0.0653660 0.0811912 0.0429823 0.0452427 0.0844225 0.0686784 0.0427541 0.0544359 0.0431579 0.0374233 0.0447727 0.0557467 0.0414877 0.0145597 0.0789630 0.0669616 0.0832221 0.0944451 
Phalangeridae_Spilocuscus_maculatus          0.0371016 0.0699989 0.0532428 0.0438297 0.0432212 0.0710310 0.0136995 0.0000000 0.0493038 0.0929993 0.0088276 0.0700027 0.0714026 0.0063255 0.0439140 0.0718252 0.0695109 0.0686322 0.0897741 0.0497057 0.0485839 0.0899283 0.0724529 0.0477016 0.0612863 0.0485134 0.0429219 0.0491373 0.0623306 0.0468333 0.0071256 0.0883158 0.0729754 0.0923577 0.0996057 
Potoroidae_Aepyprymnus_rufescens             0.0431968 0.0776158 0.0563402 0.0136679 0.0125493 0.0800348 0.0432953 0.0493038 0.0000000 0.0932842 0.0488004 0.0814612 0.0829449 0.0491356 0.0519856 0.0818945 0.0788644 0.0793661 0.0908275 0.0196677 0.0556557 0.0996872 0.0837249 0.0360699 0.0641140 0.0511887 0.0203854 0.0568624 0.0668223 0.0558599 0.0487406 0.0885196 0.0808583 0.0926318 0.1135798 
Peramelidae_Perameles_nasuta                 0.0819637 0.1088702 0.0903172 0.0889734 0.0866006 0.1030389 0.0838536 0.0929993 0.0932842 0.0000000 0.0918259 0.0999839 0.0936815 0.0911031 0.0940409 0.1005357 0.1010716 0.0897617 0.0188819 0.0881919 0.0823909 0.1174149 0.1074259 0.0864497 0.0873425 0.0863097 0.0846748 0.0860090 0.1007257 0.0932858 0.0897688 0.0174655 0.1048754 0.0005194 0.1034126 
Phalangeridae_Strigocuscus_pelengensis       0.0384074 0.0730534 0.0519071 0.0458655 0.0449116 0.0707296 0.0157536 0.0088276 0.0488004 0.0918259 0.0000000 0.0721760 0.0734180 0.0068614 0.0453636 0.0724882 0.0695464 0.0691176 0.0885205 0.0503372 0.0516890 0.0895065 0.0723769 0.0481102 0.0637865 0.0481788 0.0434793 0.0514499 0.0632921 0.0486069 0.0079893 0.0874178 0.0715374 0.0911579 0.1022135 
Dasyuridae_Phascogale_tapoatafa              0.0616938 0.0916238 0.0684068 0.0740953 0.0734443 0.0261894 0.0663351 0.0700027 0.0814612 0.0999839 0.0721760 0.0000000 0.0324416 0.0726113 0.0715372 0.0050211 0.0252313 0.0324721 0.0986699 0.0816705 0.0768245 0.1035790 0.0156724 0.0724445 0.0715730 0.0725928 0.0716229 0.0761254 0.0833462 0.0773952 0.0721451 0.0993152 0.0261721 0.0997771 0.1072100 
Dasyuridae_Sminthopsis_macroura              0.0616264 0.0889993 0.0661842 0.0740436 0.0742175 0.0310822 0.0652824 0.0714026 0.0829449 0.0936815 0.0734180 0.0324416 0.0000000 0.0740539 0.0690037 0.0338080 0.0300997 0.0223056 0.0935376 0.0792567 0.0701218 0.0998712 0.0355268 0.0724179 0.0738028 0.0646737 0.0722901 0.0692800 0.0830536 0.0755140 0.0735796 0.0927274 0.0323114 0.0925863 0.1071594 
Phalangeridae_Phalanger_orientalis           0.0391357 0.0710257 0.0523954 0.0446056 0.0436754 0.0724464 0.0140110 0.0063255 0.0491356 0.0911031 0.0068614 0.0726113 0.0740539 0.0000000 0.0451000 0.0748699 0.0716880 0.0700523 0.0875146 0.0498872 0.0487882 0.0910045 0.0743615 0.0474647 0.0617563 0.0483580 0.0433749 0.0496698 0.0616524 0.0468927 0.0023490 0.0869046 0.0736226 0.0904623 0.1011412 
Acrobatidae_Acrobates_pygmaeus               0.0362914 0.0720565 0.0505590 0.0446735 0.0447326 0.0707040 0.0390423 0.0439140 0.0519856 0.0940409 0.0453636 0.0715372 0.0690037 0.0451000 0.0000000 0.0737491 0.0714407 0.0679908 0.0895383 0.0504146 0.0430962 0.0944883 0.0738769 0.0454346 0.0615070 0.0390568 0.0447866 0.0433542 0.0521044 0.0297177 0.0443869 0.0875151 0.0745761 0.0925686 0.1113024 
Dasyuridae_Phascogale_calura                 0.0608624 0.0929382 0.0698106 0.0756227 0.0749669 0.0266069 0.0681162 0.0718252 0.0818945 0.1005357 0.0724882 0.0050211 0.0338080 0.0748699 0.0737491 0.0000000 0.0250283 0.0341490 0.1001175 0.0832972 0.0784136 0.1019868 0.0159699 0.0726421 0.0733526 0.0733040 0.0730644 0.0780717 0.0836584 0.0797344 0.0743951 0.1006935 0.0259795 0.1003285 0.1075428 
Dasyuridae_Sarcophilus_harrisii              0.0612127 0.0921644 0.0651490 0.0720512 0.0721547 0.0052641 0.0632320 0.0695109 0.0788644 0.1010716 0.0695464 0.0252313 0.0300997 0.0716880 0.0714407 0.0250283 0.0000000 0.0285706 0.1003004 0.0794168 0.0757059 0.0942289 0.0230559 0.0705287 0.0658475 0.0724849 0.0710711 0.0746206 0.0796183 0.0717186 0.0712254 0.0995220 0.0055251 0.0998679 0.1110150 
Dasyuridae_Planigale_tenuirostris            0.0560414 0.0885212 0.0642471 0.0736261 0.0731647 0.0309548 0.0653660 0.0686322 0.0793661 0.0897617 0.0691176 0.0324721 0.0223056 0.0700523 0.0679908 0.0341490 0.0285706 0.0000000 0.0900391 0.0767850 0.0672478 0.0961052 0.0348468 0.0682294 0.0693719 0.0655045 0.0699826 0.0671166 0.0818231 0.0774596 0.0701163 0.0885669 0.0299211 0.0893351 0.1017671 
Peramelidae_Echymipera_kalubu                0.0789819 0.1003951 0.0875191 0.0853499 0.0830085 0.1018060 0.0811912 0.0897741 0.0908275 0.0188819 0.0885205 0.0986699 0.0935376 0.0875146 0.0895383 0.1001175 0.1003004 0.0900391 0.0000000 0.0857373 0.0821759 0.1158531 0.1047577 0.0820909 0.0858420 0.0866833 0.0807314 0.0842531 0.0993773 0.0905920 0.0854426 0.0107321 0.1040931 0.0183276 0.1099597 
Macropodidae_Dorcopsulus_vanheurni           0.0421367 0.0779941 0.0559942 0.0220187 0.0205472 0.0794521 0.0429823 0.0497057 0.0196677 0.0881919 0.0503372 0.0816705 0.0792567 0.0498872 0.0504146 0.0832972 0.0794168 0.0767850 0.0857373 0.0000000 0.0491903 0.0956324 0.0840368 0.0333045 0.0642416 0.0502649 0.0123987 0.0524118 0.0652068 0.0531853 0.0484427 0.0828903 0.0819428 0.0883677 0.1112120 
Pseudochiridae_Pseudochirulus_forbesi        0.0397438 0.0688490 0.0479796 0.0515418 0.0505799 0.0757388 0.0452427 0.0485839 0.0556557 0.0823909 0.0516890 0.0768245 0.0701218 0.0487882 0.0430962 0.0784136 0.0757059 0.0672478 0.0821759 0.0491903 0.0000000 0.0906093 0.0801076 0.0455031 0.0625250 0.0215703 0.0488690 0.0094215 0.0550264 0.0522887 0.0480539 0.0795213 0.0786250 0.0813461 0.0941535 
Marmosidae_Monodelphis_domestica             0.0842905 0.1129248 0.0931184 0.0925276 0.0913504 0.0961054 0.0844225 0.0899283 0.0996872 0.1174149 0.0895065 0.1035790 0.0998712 0.0910045 0.0944883 0.1019868 0.0942289 0.0961052 0.1158531 0.0956324 0.0906093 0.0000000 0.1045997 0.0913989 0.0941804 0.0934847 0.0872237 0.0922755 0.1021116 0.0947819 0.0891709 0.1167479 0.0961054 0.1162950 0.0500908 
Dasyuridae_Antechinus_stuartii               0.0638443 0.0923160 0.0700909 0.0766352 0.0756021 0.0245889 0.0686784 0.0724529 0.0837249 0.1074259 0.0723769 0.0156724 0.0355268 0.0743615 0.0738769 0.0159699 0.0230559 0.0348468 0.1047577 0.0840368 0.0801076 0.1045997 0.0000000 0.0735551 0.0751229 0.0736645 0.0750476 0.0777887 0.0845880 0.0794268 0.0738848 0.1058745 0.0251799 0.1066996 0.1134391 
Hypsiprymnodontidae_Hypsiprymnodon_moschatus 0.0376300 0.0716073 0.0494619 0.0307093 0.0295278 0.0705071 0.0427541 0.0477016 0.0360699 0.0864497 0.0481102 0.0724445 0.0724179 0.0474647 0.0454346 0.0726421 0.0705287 0.0682294 0.0820909 0.0333045 0.0455031 0.0913989 0.0735551 0.0000000 0.0603411 0.0450140 0.0280079 0.0467140 0.0566170 0.0574730 0.0474821 0.0826034 0.0720689 0.0861907 0.1074860 
Microbiotheriidae_Dromiciops_gliroides       0.0551166 0.0785745 0.0581459 0.0568283 0.0582495 0.0685128 0.0544359 0.0612863 0.0641140 0.0873425 0.0637865 0.0715730 0.0738028 0.0617563 0.0615070 0.0733526 0.0658475 0.0693719 0.0858420 0.0642416 0.0625250 0.0941804 0.0751229 0.0603411 0.0000000 0.0629461 0.0565476 0.0638614 0.0768534 0.0676297 0.0598940 0.0844055 0.0709334 0.0878177 0.1048365 
Pseudochiridae_Petauroides_volans            0.0386985 0.0700864 0.0459220 0.0475521 0.0476005 0.0729727 0.0431579 0.0485134 0.0511887 0.0863097 0.0481788 0.0725928 0.0646737 0.0483580 0.0390568 0.0733040 0.0724849 0.0655045 0.0866833 0.0502649 0.0215703 0.0934847 0.0736645 0.0450140 0.0629461 0.0000000 0.0455121 0.0211521 0.0506655 0.0497696 0.0483425 0.0839677 0.0745623 0.0856679 0.1006219 
Macropodidae_Wallabia_bicolor                0.0356893 0.0725990 0.0498625 0.0163921 0.0149882 0.0694935 0.0374233 0.0429219 0.0203854 0.0846748 0.0434793 0.0716229 0.0722901 0.0433749 0.0447866 0.0730644 0.0710711 0.0699826 0.0807314 0.0123987 0.0488690 0.0872237 0.0750476 0.0280079 0.0565476 0.0455121 0.0000000 0.0497574 0.0559244 0.0495049 0.0423341 0.0787724 0.0718319 0.0844158 0.1032483 
Pseudochiridae_Pseudocheirus_occidentalis    0.0389580 0.0690233 0.0467843 0.0527655 0.0518024 0.0754466 0.0447727 0.0491373 0.0568624 0.0860090 0.0514499 0.0761254 0.0692800 0.0496698 0.0433542 0.0780717 0.0746206 0.0671166 0.0842531 0.0524118 0.0094215 0.0922755 0.0777887 0.0467140 0.0638614 0.0211521 0.0497574 0.0000000 0.0538234 0.0543117 0.0496200 0.0824456 0.0775120 0.0849537 0.0980158 
Tarsipedidae_Tarsipes_rostratus              0.0525856 0.0866756 0.0632169 0.0616336 0.0612831 0.0779301 0.0557467 0.0623306 0.0668223 0.1007257 0.0632921 0.0833462 0.0830536 0.0616524 0.0521044 0.0836584 0.0796183 0.0818231 0.0993773 0.0652068 0.0550264 0.1021116 0.0845880 0.0566170 0.0768534 0.0506655 0.0559244 0.0538234 0.0000000 0.0663859 0.0609262 0.0972061 0.0812719 0.1017046 0.1102136 
Acrobatidae_Distoechurus_pennatus            0.0457414 0.0842672 0.0601002 0.0500663 0.0493545 0.0724656 0.0414877 0.0468333 0.0558599 0.0932858 0.0486069 0.0773952 0.0755140 0.0468927 0.0297177 0.0797344 0.0717186 0.0774596 0.0905920 0.0531853 0.0522887 0.0947819 0.0794268 0.0574730 0.0676297 0.0497696 0.0495049 0.0543117 0.0663859 0.0000000 0.0465709 0.0902688 0.0748240 0.0928949 0.1119616 
Phalangeridae_Phalanger_carmelitae           0.0387736 0.0710100 0.0523425 0.0438924 0.0429655 0.0712038 0.0145597 0.0071256 0.0487406 0.0897688 0.0079893 0.0721451 0.0735796 0.0023490 0.0443869 0.0743951 0.0712254 0.0701163 0.0854426 0.0484427 0.0480539 0.0891709 0.0738848 0.0474821 0.0598940 0.0483425 0.0423341 0.0496200 0.0609262 0.0465709 0.0000000 0.0855930 0.0731540 0.0891299 0.1004767 
Peramelidae_Peroryctes_raffrayana            0.0763132 0.0997407 0.0847806 0.0829777 0.0806568 0.1018330 0.0789630 0.0883158 0.0885196 0.0174655 0.0874178 0.0993152 0.0927274 0.0869046 0.0875151 0.1006935 0.0995220 0.0885669 0.0107321 0.0828903 0.0795213 0.1167479 0.1058745 0.0826034 0.0844055 0.0839677 0.0787724 0.0824456 0.0972061 0.0902688 0.0855930 0.0000000 0.1041212 0.0169133 0.1102233 
Dasyuridae_Dasyurus_geffroii                 0.0637956 0.0940724 0.0678129 0.0747592 0.0740736 0.0049925 0.0669616 0.0729754 0.0808583 0.1048754 0.0715374 0.0261721 0.0323114 0.0736226 0.0745761 0.0259795 0.0055251 0.0299211 0.1040931 0.0819428 0.0786250 0.0961054 0.0251799 0.0720689 0.0709334 0.0745623 0.0718319 0.0775120 0.0812719 0.0748240 0.0731540 0.1041212 0.0000000 0.1036528 0.1128597 
Peramelidae_Perameles_gunnii                 0.0809608 0.1081595 0.0888561 0.0879443 0.0866396 0.1018248 0.0832221 0.0923577 0.0926318 0.0005194 0.0911579 0.0997771 0.0925863 0.0904623 0.0925686 0.1003285 0.0998679 0.0893351 0.0183276 0.0883677 0.0813461 0.1162950 0.1066996 0.0861907 0.0878177 0.0856679 0.0844158 0.0849537 0.1017046 0.0928949 0.0891299 0.0169133 0.1036528 0.0000000 0.1034126 
Didelphidae_Didelphis_virginiana             0.0995016 0.1146213 0.0970166 0.1048573 0.1040948 0.1129547 0.0944451 0.0996057 0.1135798 0.1034126 0.1022135 0.1072100 0.1071594 0.1011412 0.1113024 0.1075428 0.1110150 0.1017671 0.1099597 0.1112120 0.0941535 0.0500908 0.1134391 0.1074860 0.1048365 0.1006219 0.1032483 0.0980158 0.1102136 0.1119616 0.1004767 0.1102233 0.1128597 0.1034126 0.0000000 
