35
Burramyidae_Burramys_parvus                  0.0000000 0.0785338 0.0533605 0.0601423 0.0593913 0.0884048 0.0495796 0.0540219 0.0584443 0.1316979 0.0498345 0.0782405 0.0818646 0.0488153 0.0621745 0.0817821 0.0835519 0.0821674 0.1183319 0.0520734 0.0489811 0.1070352 0.1127784 0.0814721 0.0530870 0.0591896 0.0472623 0.0511251 0.0544466 0.0752344 0.0628033 0.0446857 0.1268700 0.0855647 0.1198080 
Notoryctidae_Notoryctes_typhlops             0.0785338 0.0000000 0.0639343 0.0750866 0.0761740 0.0939109 0.0704971 0.0785181 0.0694641 0.1399333 0.0722137 0.0913709 0.0913079 0.0752268 0.0762404 0.0900322 0.0910108 0.0925373 0.1148848 0.0685281 0.0695367 0.1195604 0.1220280 0.0924454 0.0708070 0.0709755 0.0688999 0.0668333 0.0717103 0.0896553 0.0843087 0.0697524 0.1279381 0.0905017 0.1183565 
Vombatidae_Lasiorhinus_latifrons             0.0533605 0.0639343 0.0000000 0.0530652 0.0533325 0.0724107 0.0466670 0.0546449 0.0490278 0.1355263 0.0493799 0.0688050 0.0685891 0.0483834 0.0582211 0.0673710 0.0720374 0.0702499 0.1040786 0.0468728 0.0462297 0.1028824 0.1020124 0.0704226 0.0512127 0.0561848 0.0494631 0.0487440 0.0571656 0.0714040 0.0635172 0.0438892 0.1155800 0.0732254 0.1060137 
Potoroidae_Bettongia_penicillata             0.0601423 0.0750866 0.0530652 0.0000000 0.0020673 0.0948983 0.0549142 0.0617362 0.0060012 0.1456995 0.0552046 0.0925759 0.0931577 0.0562297 0.0626166 0.0950829 0.0930118 0.0889217 0.1141271 0.0134402 0.0537908 0.1165194 0.1102406 0.0972430 0.0319392 0.0633143 0.0494208 0.0142854 0.0592014 0.0709482 0.0630657 0.0538219 0.1226095 0.0956311 0.1182594 
Potoroidae_Bettongia_lesueur                 0.0593913 0.0761740 0.0533325 0.0020673 0.0000000 0.0947000 0.0573844 0.0609882 0.0075741 0.1439241 0.0548901 0.0936339 0.0924028 0.0554795 0.0646184 0.0961655 0.0940655 0.0908481 0.1119539 0.0154101 0.0535886 0.1163839 0.1121064 0.0983826 0.0334737 0.0636066 0.0511999 0.0156698 0.0612596 0.0729833 0.0645507 0.0541356 0.1211965 0.0967046 0.1165340 
Dasyuridae_Dasyurus_maculatus                0.0884048 0.0939109 0.0724107 0.0948983 0.0947000 0.0000000 0.0771491 0.0867767 0.0875390 0.1684758 0.0797132 0.0147170 0.0229777 0.0817377 0.0817793 0.0137759 0.0081116 0.0259053 0.1313957 0.0858278 0.0789610 0.1233266 0.1297291 0.0137980 0.0873259 0.0875635 0.0766265 0.0872681 0.0840225 0.0856608 0.0897523 0.0795441 0.1433878 0.0055386 0.1327345 
Phalangeridae_Trichosurus_vulpecula          0.0495796 0.0704971 0.0466670 0.0549142 0.0573844 0.0771491 0.0000000 0.0213584 0.0513595 0.1330136 0.0210286 0.0749535 0.0798786 0.0173456 0.0541835 0.0770999 0.0777519 0.0776899 0.1027211 0.0468288 0.0435448 0.1038219 0.1055482 0.0784781 0.0480928 0.0536955 0.0438148 0.0457019 0.0490347 0.0639284 0.0553337 0.0145164 0.1106431 0.0756446 0.1050086 
Phalangeridae_Spilocuscus_maculatus          0.0540219 0.0785181 0.0546449 0.0617362 0.0609882 0.0867767 0.0213584 0.0000000 0.0591993 0.1300763 0.0165696 0.0828667 0.0873207 0.0089403 0.0597050 0.0839447 0.0856629 0.0857086 0.1035627 0.0523446 0.0479993 0.1115008 0.1131841 0.0810732 0.0570930 0.0613181 0.0492228 0.0526039 0.0563884 0.0734771 0.0593771 0.0090199 0.1116247 0.0834098 0.1067983 
Potoroidae_Aepyprymnus_rufescens             0.0584443 0.0694641 0.0490278 0.0060012 0.0075741 0.0875390 0.0513595 0.0591993 0.0000000 0.1385167 0.0548862 0.0882482 0.0881727 0.0532859 0.0601490 0.0894251 0.0874786 0.0832936 0.1084450 0.0118570 0.0508671 0.1135491 0.1110280 0.0915230 0.0300794 0.0585438 0.0470478 0.0126596 0.0582919 0.0701889 0.0628316 0.0508728 0.1169825 0.0888729 0.1102199 
Peramelidae_Perameles_nasuta                 0.1316979 0.1399333 0.1355263 0.1456995 0.1439241 0.1684758 0.1330136 0.1300763 0.1385167 0.0000000 0.1255392 0.1687695 0.1652308 0.1289499 0.1417223 0.1655841 0.1709316 0.1711401 0.0175675 0.1311367 0.1256700 0.1774912 0.1841554 0.1626878 0.1299452 0.1366196 0.1259333 0.1323346 0.1401626 0.1554589 0.1367355 0.1242150 0.0208118 0.1710102 0.0010270 
Phalangeridae_Strigocuscus_pelengensis       0.0498345 0.0722137 0.0493799 0.0552046 0.0548901 0.0797132 0.0210286 0.0165696 0.0548862 0.1255392 0.0000000 0.0781708 0.0802035 0.0129349 0.0535962 0.0792469 0.0798117 0.0796106 0.0965138 0.0495768 0.0504531 0.0932497 0.1051015 0.0764872 0.0523530 0.0564010 0.0488356 0.0484436 0.0586035 0.0695024 0.0560969 0.0086207 0.1024153 0.0782080 0.1013431 
Dasyuridae_Phascogale_tapoatafa              0.0782405 0.0913709 0.0688050 0.0925759 0.0936339 0.0147170 0.0749535 0.0828667 0.0882482 0.1687695 0.0781708 0.0000000 0.0192209 0.0789471 0.0804318 0.0036485 0.0109073 0.0209241 0.1293165 0.0828090 0.0787265 0.1216788 0.1264232 0.0063180 0.0851212 0.0869868 0.0764132 0.0862363 0.0830394 0.0819419 0.0876984 0.0744931 0.1410508 0.0143409 0.1328490 
Dasyuridae_Sminthopsis_macroura              0.0818646 0.0913079 0.0685891 0.0931577 0.0924028 0.0229777 0.0798786 0.0873207 0.0881727 0.1652308 0.0802035 0.0192209 0.0000000 0.0839664 0.0844098 0.0178609 0.0198267 0.0200899 0.1291279 0.0822815 0.0801446 0.1178413 0.1225676 0.0204799 0.0854424 0.0889237 0.0795097 0.0857095 0.0859406 0.0898545 0.0924878 0.0801212 0.1423991 0.0229353 0.1303952 
Phalangeridae_Phalanger_orientalis           0.0488153 0.0752268 0.0483834 0.0562297 0.0554795 0.0817377 0.0173456 0.0089403 0.0532859 0.1289499 0.0129349 0.0789471 0.0839664 0.0000000 0.0538076 0.0799727 0.0817653 0.0805415 0.0996933 0.0480746 0.0468675 0.1074328 0.1118427 0.0778568 0.0522882 0.0547695 0.0459936 0.0483888 0.0568753 0.0702784 0.0542770 0.0043749 0.1078771 0.0813229 0.1016183 
Acrobatidae_Acrobates_pygmaeus               0.0621745 0.0762404 0.0582211 0.0626166 0.0646184 0.0817793 0.0541835 0.0597050 0.0601490 0.1417223 0.0535962 0.0804318 0.0844098 0.0538076 0.0000000 0.0790435 0.0824291 0.0808896 0.1163365 0.0572797 0.0509636 0.1152481 0.1216496 0.0780449 0.0599032 0.0669976 0.0507734 0.0558754 0.0580365 0.0657066 0.0370107 0.0491778 0.1240209 0.0807984 0.1163560 
Dasyuridae_Phascogale_calura                 0.0817821 0.0900322 0.0673710 0.0950829 0.0961655 0.0137759 0.0770999 0.0839447 0.0894251 0.1655841 0.0792469 0.0036485 0.0178609 0.0799727 0.0790435 0.0000000 0.0109559 0.0206224 0.1270070 0.0835241 0.0785955 0.1247026 0.1267547 0.0060818 0.0862635 0.0873168 0.0774387 0.0861905 0.0842114 0.0818544 0.0888613 0.0755132 0.1386503 0.0147363 0.1285559 
Dasyuridae_Sarcophilus_harrisii              0.0835519 0.0910108 0.0720374 0.0930118 0.0940655 0.0081116 0.0777519 0.0856629 0.0874786 0.1709316 0.0798117 0.0109073 0.0198267 0.0817653 0.0824291 0.0109559 0.0000000 0.0228177 0.1327218 0.0822446 0.0790749 0.1254592 0.1268195 0.0121851 0.0878901 0.0883433 0.0779287 0.0854346 0.0835657 0.0833187 0.0915467 0.0784788 0.1448810 0.0078163 0.1334912 
Dasyuridae_Planigale_tenuirostris            0.0821674 0.0925373 0.0702499 0.0889217 0.0908481 0.0259053 0.0776899 0.0857086 0.0832936 0.1711401 0.0796106 0.0209241 0.0200899 0.0805415 0.0808896 0.0206224 0.0228177 0.0000000 0.1285465 0.0775194 0.0787536 0.1207643 0.1225214 0.0198343 0.0835464 0.0853054 0.0784166 0.0810517 0.0836006 0.0870495 0.0886753 0.0784742 0.1397067 0.0262782 0.1306999 
Peramelidae_Echymipera_kalubu                0.1183319 0.1148848 0.1040786 0.1141271 0.1119539 0.1313957 0.1027211 0.1035627 0.1084450 0.0175675 0.0965138 0.1293165 0.1291279 0.0996933 0.1163365 0.1270070 0.1327218 0.1285465 0.0000000 0.1040108 0.1042412 0.1449433 0.1532303 0.1262480 0.1048871 0.1086815 0.1041954 0.1038778 0.1124060 0.1215654 0.1136038 0.0951771 0.0112925 0.1319849 0.0150883 
Macropodidae_Dorcopsulus_vanheurni           0.0520734 0.0685281 0.0468728 0.0134402 0.0154101 0.0858278 0.0468288 0.0523446 0.0118570 0.1311367 0.0495768 0.0828090 0.0822815 0.0480746 0.0572797 0.0835241 0.0822446 0.0775194 0.1040108 0.0000000 0.0461925 0.1112854 0.1077350 0.0851155 0.0270357 0.0577262 0.0462946 0.0078481 0.0538242 0.0642965 0.0575203 0.0460065 0.1134905 0.0841897 0.1057389 
Pseudochiridae_Pseudochirulus_forbesi        0.0489811 0.0695367 0.0462297 0.0537908 0.0535886 0.0789610 0.0435448 0.0479993 0.0508671 0.1256700 0.0504531 0.0787265 0.0801446 0.0468675 0.0509636 0.0785955 0.0790749 0.0787536 0.1042412 0.0461925 0.0000000 0.1068325 0.1092675 0.0793690 0.0436290 0.0574359 0.0157576 0.0475197 0.0162815 0.0412612 0.0495422 0.0423701 0.1102659 0.0780519 0.1038742 
Didelphidae_Didelphis_virginiana             0.1070352 0.1195604 0.1028824 0.1165194 0.1163839 0.1233266 0.1038219 0.1115008 0.1135491 0.1774912 0.0932497 0.1216788 0.1178413 0.1074328 0.1152481 0.1247026 0.1254592 0.1207643 0.1449433 0.1112854 0.1068325 0.0000000 0.0551738 0.1227084 0.1088273 0.1065464 0.1076282 0.1080474 0.1108875 0.1218997 0.1131449 0.1001856 0.1556307 0.1189887 0.1514507 
Marmosidae_Monodelphis_domestica             0.1127784 0.1220280 0.1020124 0.1102406 0.1121064 0.1297291 0.1055482 0.1131841 0.1110280 0.1841554 0.1051015 0.1264232 0.1225676 0.1118427 0.1216496 0.1267547 0.1268195 0.1225214 0.1532303 0.1077350 0.1092675 0.0551738 0.0000000 0.1263644 0.1106867 0.1054176 0.1074348 0.1067445 0.1153501 0.1232541 0.1174839 0.1058744 0.1596729 0.1244271 0.1593885 
Dasyuridae_Antechinus_stuartii               0.0814721 0.0924454 0.0704226 0.0972430 0.0983826 0.0137980 0.0784781 0.0810732 0.0915230 0.1626878 0.0764872 0.0063180 0.0204799 0.0778568 0.0780449 0.0060818 0.0121851 0.0198343 0.1262480 0.0851155 0.0793690 0.1227084 0.1263644 0.0000000 0.0883612 0.0871789 0.0782028 0.0881674 0.0837499 0.0838599 0.0889226 0.0742407 0.1346304 0.0144273 0.1261675 
Hypsiprymnodontidae_Hypsiprymnodon_moschatus 0.0530870 0.0708070 0.0512127 0.0319392 0.0334737 0.0873259 0.0480928 0.0570930 0.0300794 0.1299452 0.0523530 0.0851212 0.0854424 0.0522882 0.0599032 0.0862635 0.0878901 0.0835464 0.1048871 0.0270357 0.0436290 0.1088273 0.1106867 0.0883612 0.0000000 0.0594724 0.0448851 0.0283868 0.0562580 0.0696843 0.0633302 0.0483560 0.1161358 0.0868825 0.1072966 
Microbiotheriidae_Dromiciops_gliroides       0.0591896 0.0709755 0.0561848 0.0633143 0.0636066 0.0875635 0.0536955 0.0613181 0.0585438 0.1366196 0.0564010 0.0869868 0.0889237 0.0547695 0.0669976 0.0873168 0.0883433 0.0853054 0.1086815 0.0577262 0.0574359 0.1065464 0.1054176 0.0871789 0.0594724 0.0000000 0.0569817 0.0542792 0.0641306 0.0773771 0.0684364 0.0511258 0.1190996 0.0889443 0.1110675 
Pseudochiridae_Petauroides_volans            0.0472623 0.0688999 0.0494631 0.0494208 0.0511999 0.0766265 0.0438148 0.0492228 0.0470478 0.1259333 0.0488356 0.0764132 0.0795097 0.0459936 0.0507734 0.0774387 0.0779287 0.0784166 0.1041954 0.0462946 0.0157576 0.1076282 0.1074348 0.0782028 0.0448851 0.0569817 0.0000000 0.0461944 0.0243604 0.0394411 0.0492510 0.0415692 0.1080912 0.0780256 0.1040663 
Macropodidae_Wallabia_bicolor                0.0511251 0.0668333 0.0487440 0.0142854 0.0156698 0.0872681 0.0457019 0.0526039 0.0126596 0.1323346 0.0484436 0.0862363 0.0857095 0.0483888 0.0558754 0.0861905 0.0854346 0.0810517 0.1038778 0.0078481 0.0475197 0.1080474 0.1067445 0.0881674 0.0283868 0.0542792 0.0461944 0.0000000 0.0525375 0.0628612 0.0575218 0.0458496 0.1138076 0.0844604 0.1055668 
Pseudochiridae_Pseudocheirus_occidentalis    0.0544466 0.0717103 0.0571656 0.0592014 0.0612596 0.0840225 0.0490347 0.0563884 0.0582919 0.1401626 0.0586035 0.0830394 0.0859406 0.0568753 0.0580365 0.0842114 0.0835657 0.0836006 0.1124060 0.0538242 0.0162815 0.1108875 0.1153501 0.0837499 0.0562580 0.0641306 0.0243604 0.0525375 0.0000000 0.0500407 0.0576878 0.0521872 0.1211552 0.0843063 0.1141526 
Tarsipedidae_Tarsipes_rostratus              0.0752344 0.0896553 0.0714040 0.0709482 0.0729833 0.0856608 0.0639284 0.0734771 0.0701889 0.1554589 0.0695024 0.0819419 0.0898545 0.0702784 0.0657066 0.0818544 0.0833187 0.0870495 0.1215654 0.0642965 0.0412612 0.1218997 0.1232541 0.0838599 0.0696843 0.0773771 0.0394411 0.0628612 0.0500407 0.0000000 0.0701584 0.0646557 0.1307576 0.0846497 0.1259108 
Acrobatidae_Distoechurus_pennatus            0.0628033 0.0843087 0.0635172 0.0630657 0.0645507 0.0897523 0.0553337 0.0593771 0.0628316 0.1367355 0.0560969 0.0876984 0.0924878 0.0542770 0.0370107 0.0888613 0.0915467 0.0886753 0.1136038 0.0575203 0.0495422 0.1131449 0.1174839 0.0889226 0.0633302 0.0684364 0.0492510 0.0575218 0.0576878 0.0701584 0.0000000 0.0511581 0.1218505 0.0887776 0.1175863 
Phalangeridae_Phalanger_carmelitae           0.0446857 0.0697524 0.0438892 0.0538219 0.0541356 0.0795441 0.0145164 0.0090199 0.0508728 0.1242150 0.0086207 0.0744931 0.0801212 0.0043749 0.0491778 0.0755132 0.0784788 0.0784742 0.0951771 0.0460065 0.0423701 0.1001856 0.1058744 0.0742407 0.0483560 0.0511258 0.0415692 0.0458496 0.0521872 0.0646557 0.0511581 0.0000000 0.1019775 0.0780302 0.0976419 
Peramelidae_Peroryctes_raffrayana            0.1268700 0.1279381 0.1155800 0.1226095 0.1211965 0.1433878 0.1106431 0.1116247 0.1169825 0.0208118 0.1024153 0.1410508 0.1423991 0.1078771 0.1240209 0.1386503 0.1448810 0.1397067 0.0112925 0.1134905 0.1102659 0.1556307 0.1596729 0.1346304 0.1161358 0.1190996 0.1080912 0.1138076 0.1211552 0.1307576 0.1218505 0.1019775 0.0000000 0.1433732 0.0185202 
Dasyuridae_Dasyurus_geffroii                 0.0855647 0.0905017 0.0732254 0.0956311 0.0967046 0.0055386 0.0756446 0.0834098 0.0888729 0.1710102 0.0782080 0.0143409 0.0229353 0.0813229 0.0807984 0.0147363 0.0078163 0.0262782 0.1319849 0.0841897 0.0780519 0.1189887 0.1244271 0.0144273 0.0868825 0.0889443 0.0780256 0.0844604 0.0843063 0.0846497 0.0887776 0.0780302 0.1433732 0.0000000 0.1323201 
Peramelidae_Perameles_gunnii                 0.1198080 0.1183565 0.1060137 0.1182594 0.1165340 0.1327345 0.1050086 0.1067983 0.1102199 0.0010270 0.1013431 0.1328490 0.1303952 0.1016183 0.1163560 0.1285559 0.1334912 0.1306999 0.0150883 0.1057389 0.1038742 0.1514507 0.1593885 0.1261675 0.1072966 0.1110675 0.1040663 0.1055668 0.1141526 0.1259108 0.1175863 0.0976419 0.0185202 0.1323201 0.0000000 
