35
Burramyidae_Burramys_parvus                  0.0000000 0.0805927 0.0690355 0.0604004 0.0606875 0.0975375 0.0502672 0.0522769 0.0590422 0.0927273 0.0552387 0.1023442 0.0958507 0.0494303 0.0560456 0.0991791 0.0978147 0.0991607 0.1109562 0.0587515 0.0715497 0.1209468 0.1008880 0.0975395 0.0625160 0.0786364 0.0583541 0.0592231 0.0789863 0.0853937 0.0589634 0.0508019 0.1425060 0.0979431 0.0970561 
Notoryctidae_Notoryctes_typhlops             0.0805927 0.0000000 0.0914892 0.0919120 0.0923263 0.1081190 0.0810145 0.0819330 0.0898885 0.0820890 0.0868716 0.1119753 0.1050666 0.0812522 0.0836095 0.1066282 0.1078237 0.1103168 0.1111587 0.0929687 0.1023784 0.1358511 0.1115690 0.1040470 0.0938840 0.0889467 0.0866086 0.0901684 0.1098782 0.1117534 0.0867093 0.0838667 0.1412809 0.1075673 0.0908882 
Vombatidae_Lasiorhinus_latifrons             0.0690355 0.0914892 0.0000000 0.0813501 0.0816320 0.1138269 0.0662014 0.0704916 0.0794575 0.1439148 0.0750234 0.1134264 0.1093415 0.0673651 0.0734252 0.1069254 0.1132782 0.1076906 0.1245288 0.0820296 0.0843407 0.1477539 0.1116816 0.1100447 0.0762352 0.0893426 0.0746010 0.0808186 0.1038596 0.1014666 0.0760743 0.0679533 0.1680360 0.1124386 0.1186362 
Potoroidae_Bettongia_penicillata             0.0604004 0.0919120 0.0813501 0.0000000 0.0035998 0.1087854 0.0644560 0.0638576 0.0087666 0.0853354 0.0690469 0.1113924 0.1052630 0.0625247 0.0660667 0.1058552 0.1089472 0.1066943 0.1167500 0.0231176 0.0856437 0.1261318 0.1132219 0.1065453 0.0472158 0.0839470 0.0652653 0.0211174 0.0974481 0.0937962 0.0664321 0.0639689 0.1556411 0.1087039 0.0896630 
Potoroidae_Bettongia_lesueur                 0.0606875 0.0923263 0.0816320 0.0035998 0.0000000 0.1100631 0.0653487 0.0641795 0.0105108 0.0820306 0.0696651 0.1119790 0.1062447 0.0634126 0.0660542 0.1056517 0.1098514 0.1075332 0.1176359 0.0244509 0.0868334 0.1274394 0.1148148 0.1079004 0.0466835 0.0856866 0.0652787 0.0219183 0.0982972 0.0924943 0.0664859 0.0648704 0.1576222 0.1094036 0.0880879 
Dasyuridae_Dasyurus_maculatus                0.0975375 0.1081190 0.1138269 0.1087854 0.1100631 0.0000000 0.0960373 0.1014036 0.1085700 0.0723959 0.1045931 0.0221017 0.0275060 0.0986618 0.1021440 0.0185844 0.0095435 0.0311271 0.1233032 0.1101106 0.1258754 0.1323939 0.1262190 0.0198861 0.1071178 0.1052705 0.1061425 0.1094095 0.1460023 0.1311683 0.1074571 0.0998585 0.1592437 0.0077727 0.0987137 
Phalangeridae_Trichosurus_vulpecula          0.0502672 0.0810145 0.0662014 0.0644560 0.0653487 0.0960373 0.0000000 0.0212542 0.0613861 0.0756061 0.0254353 0.1003083 0.0957028 0.0187304 0.0589042 0.0966812 0.0978268 0.0997730 0.1123443 0.0617361 0.0718593 0.1221207 0.1008002 0.0948805 0.0632591 0.0790766 0.0579779 0.0609370 0.0762683 0.0874801 0.0590969 0.0199959 0.1468796 0.0961885 0.0884098 
Phalangeridae_Spilocuscus_maculatus          0.0522769 0.0819330 0.0704916 0.0638576 0.0641795 0.1014036 0.0212542 0.0000000 0.0615597 0.0891299 0.0184063 0.1043696 0.1017879 0.0123673 0.0607562 0.1021752 0.1032921 0.1054711 0.1179325 0.0622637 0.0744958 0.1256190 0.1077857 0.1005058 0.0652729 0.0782485 0.0607775 0.0611524 0.0831047 0.0906163 0.0608803 0.0136347 0.1585111 0.1009102 0.0955274 
Potoroidae_Aepyprymnus_rufescens             0.0590422 0.0898885 0.0794575 0.0087666 0.0105108 0.1085700 0.0613861 0.0615597 0.0000000 0.0838328 0.0665131 0.1099408 0.1037049 0.0600608 0.0624078 0.1047795 0.1076875 0.1027404 0.1146329 0.0209703 0.0841729 0.1252712 0.1103435 0.1045425 0.0430950 0.0849622 0.0648549 0.0210511 0.0961035 0.0930237 0.0628900 0.0614574 0.1532362 0.1074488 0.0872576 
Peramelidae_Perameles_nasuta                 0.0927273 0.0820890 0.1439148 0.0853354 0.0820306 0.0723959 0.0756061 0.0891299 0.0838328 0.0000000 0.0951055 0.0857855 0.0818944 0.0773179 0.0816974 0.0790762 0.0728339 0.0828321 0.0148791 0.0856830 0.1372182 0.0895872 0.0743759 0.0690249 0.0842643 0.0712790 0.0855431 0.0837310 0.0841097 0.1088503 0.0815966 0.0870455 0.0186210 0.0699544 0.0010910 
Phalangeridae_Strigocuscus_pelengensis       0.0552387 0.0868716 0.0750234 0.0690469 0.0696651 0.1045931 0.0254353 0.0184063 0.0665131 0.0951055 0.0000000 0.1087271 0.1043984 0.0166374 0.0652687 0.1048371 0.1047911 0.1068434 0.1214744 0.0654011 0.0795099 0.1315226 0.1116329 0.1021226 0.0691522 0.0845637 0.0653225 0.0643162 0.0880737 0.0950729 0.0645481 0.0163888 0.1619522 0.1027453 0.1004125 
Dasyuridae_Phascogale_tapoatafa              0.1023442 0.1119753 0.1134264 0.1113924 0.1119790 0.0221017 0.1003083 0.1043696 0.1099408 0.0857855 0.1087271 0.0000000 0.0271469 0.1018109 0.1031644 0.0035338 0.0238879 0.0295416 0.1262292 0.1120130 0.1261028 0.1386745 0.1291685 0.0119672 0.1072722 0.1086149 0.1074994 0.1098941 0.1492582 0.1327220 0.1072861 0.1029434 0.1697112 0.0235509 0.1014791 
Dasyuridae_Sminthopsis_macroura              0.0958507 0.1050666 0.1093415 0.1052630 0.1062447 0.0275060 0.0957028 0.1017879 0.1037049 0.0818944 0.1043984 0.0271469 0.0000000 0.0986782 0.0977603 0.0245006 0.0287494 0.0212738 0.1232118 0.1050588 0.1200329 0.1368093 0.1256888 0.0252580 0.1050297 0.1046472 0.1014566 0.1025621 0.1372359 0.1260430 0.1029890 0.1009024 0.1606517 0.0289836 0.1015025 
Phalangeridae_Phalanger_orientalis           0.0494303 0.0812522 0.0673651 0.0625247 0.0634126 0.0986618 0.0187304 0.0123673 0.0600608 0.0773179 0.0166374 0.1018109 0.0986782 0.0000000 0.0598752 0.0982223 0.1003930 0.1009498 0.1143899 0.0601818 0.0719172 0.1223194 0.1032949 0.0969839 0.0629667 0.0781586 0.0586061 0.0596364 0.0790498 0.0897153 0.0592574 0.0075188 0.1496706 0.0984398 0.0889756 
Acrobatidae_Acrobates_pygmaeus               0.0560456 0.0836095 0.0734252 0.0660667 0.0660542 0.1021440 0.0589042 0.0607562 0.0624078 0.0816974 0.0652687 0.1031644 0.0977603 0.0598752 0.0000000 0.0954977 0.1016762 0.1024532 0.1135557 0.0652339 0.0674211 0.1221688 0.1075371 0.0982547 0.0610743 0.0864327 0.0472701 0.0646966 0.0670430 0.0794218 0.0309415 0.0607054 0.1519267 0.0998091 0.0866555 
Dasyuridae_Phascogale_calura                 0.0991791 0.1066282 0.1069254 0.1058552 0.1056517 0.0185844 0.0966812 0.1021752 0.1047795 0.0790762 0.1048371 0.0035338 0.0245006 0.0982223 0.0954977 0.0000000 0.0205215 0.0276776 0.1207130 0.1103965 0.1252204 0.1366128 0.1295665 0.0098403 0.1014689 0.1060827 0.1059202 0.1078634 0.1341051 0.1301860 0.1006189 0.1009630 0.1467571 0.0201794 0.0980322 
Dasyuridae_Sarcophilus_harrisii              0.0978147 0.1078237 0.1132782 0.1089472 0.1098514 0.0095435 0.0978268 0.1032921 0.1076875 0.0728339 0.1047911 0.0238879 0.0287494 0.1003930 0.1016762 0.0205215 0.0000000 0.0303962 0.1234510 0.1095390 0.1261171 0.1347472 0.1266531 0.0224974 0.1063993 0.1056564 0.1071441 0.1088423 0.1437441 0.1313186 0.1061793 0.1008492 0.1584332 0.0112370 0.1007020 
Dasyuridae_Planigale_tenuirostris            0.0991607 0.1103168 0.1076906 0.1066943 0.1075332 0.0311271 0.0997730 0.1054711 0.1027404 0.0828321 0.1068434 0.0295416 0.0212738 0.1009498 0.1024532 0.0276776 0.0303962 0.0000000 0.1288612 0.1054479 0.1217387 0.1431064 0.1283612 0.0290121 0.1073730 0.1083215 0.1067639 0.1042923 0.1400895 0.1305610 0.1072076 0.1034575 0.1690152 0.0329899 0.1064508 
Peramelidae_Echymipera_kalubu                0.1109562 0.1111587 0.1245288 0.1167500 0.1176359 0.1233032 0.1123443 0.1179325 0.1146329 0.0148791 0.1214744 0.1262292 0.1232118 0.1143899 0.1135557 0.1207130 0.1234510 0.1288612 0.0000000 0.1187893 0.1348146 0.1324253 0.1365641 0.1255563 0.1175956 0.1128716 0.1196371 0.1178301 0.1490082 0.1410665 0.1151269 0.1159560 0.0328409 0.1240727 0.0191985 
Macropodidae_Dorcopsulus_vanheurni           0.0587515 0.0929687 0.0820296 0.0231176 0.0244509 0.1101106 0.0617361 0.0622637 0.0209703 0.0856830 0.0654011 0.1120130 0.1050588 0.0601818 0.0652339 0.1103965 0.1095390 0.1054479 0.1187893 0.0000000 0.0832457 0.1298059 0.1115100 0.1058616 0.0470774 0.0857280 0.0645232 0.0107859 0.0910427 0.0957536 0.0664425 0.0621997 0.1530576 0.1089360 0.0945526 
Pseudochiridae_Pseudochirulus_forbesi        0.0715497 0.1023784 0.0843407 0.0856437 0.0868334 0.1258754 0.0718593 0.0744958 0.0841729 0.1372182 0.0795099 0.1261028 0.1200329 0.0719172 0.0674211 0.1252204 0.1261171 0.1217387 0.1348146 0.0832457 0.0000000 0.1549832 0.1296272 0.1193320 0.0843796 0.1028121 0.0439213 0.0806364 0.0409530 0.0842581 0.0702262 0.0734965 0.1742822 0.1235387 0.1218084 
Didelphidae_Didelphis_virginiana             0.1209468 0.1358511 0.1477539 0.1261318 0.1274394 0.1323939 0.1221207 0.1256190 0.1252712 0.0895872 0.1315226 0.1386745 0.1368093 0.1223194 0.1221688 0.1366128 0.1347472 0.1431064 0.1324253 0.1298059 0.1549832 0.0000000 0.0404004 0.1353555 0.1207670 0.1144877 0.1291777 0.1270294 0.0892605 0.1562331 0.1235949 0.1282422 0.0792866 0.1307103 0.1303777 
Marmosidae_Monodelphis_domestica             0.1008880 0.1115690 0.1116816 0.1132219 0.1148148 0.1262190 0.1008002 0.1077857 0.1103435 0.0743759 0.1116329 0.1291685 0.1256888 0.1032949 0.1075371 0.1295665 0.1266531 0.1283612 0.1365641 0.1115100 0.1296272 0.0404004 0.0000000 0.1247509 0.1058313 0.1104478 0.1081934 0.1112010 0.1320646 0.1323265 0.1068354 0.1051544 0.1659032 0.1249830 0.1087287 
Dasyuridae_Antechinus_stuartii               0.0975395 0.1040470 0.1100447 0.1065453 0.1079004 0.0198861 0.0948805 0.1005058 0.1045425 0.0690249 0.1021226 0.0119672 0.0252580 0.0969839 0.0982547 0.0098403 0.0224974 0.0290121 0.1255563 0.1058616 0.1193320 0.1353555 0.1247509 0.0000000 0.1067942 0.1053377 0.1035513 0.1046450 0.1410849 0.1292680 0.1040611 0.0981440 0.1681877 0.0219132 0.0965439 
Hypsiprymnodontidae_Hypsiprymnodon_moschatus 0.0625160 0.0938840 0.0762352 0.0472158 0.0466835 0.1071178 0.0632591 0.0652729 0.0430950 0.0842643 0.0691522 0.1072722 0.1050297 0.0629667 0.0610743 0.1014689 0.1063993 0.1073730 0.1175956 0.0470774 0.0843796 0.1207670 0.1058313 0.1067942 0.0000000 0.0885881 0.0670063 0.0461490 0.0941339 0.0940285 0.0637642 0.0652907 0.1519448 0.1046325 0.0943330 
Microbiotheriidae_Dromiciops_gliroides       0.0786364 0.0889467 0.0893426 0.0839470 0.0856866 0.1052705 0.0790766 0.0782485 0.0849622 0.0712790 0.0845637 0.1086149 0.1046472 0.0781586 0.0864327 0.1060827 0.1056564 0.1083215 0.1128716 0.0857280 0.1028121 0.1144877 0.1104478 0.1053377 0.0885881 0.0000000 0.0893602 0.0858957 0.1262089 0.1147194 0.0876112 0.0800538 0.1476978 0.1074016 0.0841684 
Pseudochiridae_Petauroides_volans            0.0583541 0.0866086 0.0746010 0.0652653 0.0652787 0.1061425 0.0579779 0.0607775 0.0648549 0.0855431 0.0653225 0.1074994 0.1014566 0.0586061 0.0472701 0.1059202 0.1071441 0.1067639 0.1196371 0.0645232 0.0439213 0.1291777 0.1081934 0.1035513 0.0670063 0.0893602 0.0000000 0.0635581 0.0388228 0.0692965 0.0521950 0.0582092 0.1503453 0.1046662 0.0946297 
Macropodidae_Wallabia_bicolor                0.0592231 0.0901684 0.0808186 0.0211174 0.0219183 0.1094095 0.0609370 0.0611524 0.0210511 0.0837310 0.0643162 0.1098941 0.1025621 0.0596364 0.0646966 0.1078634 0.1088423 0.1042923 0.1178301 0.0107859 0.0806364 0.1270294 0.1112010 0.1046450 0.0461490 0.0858957 0.0635581 0.0000000 0.0912076 0.0958653 0.0653344 0.0611488 0.1574093 0.1096859 0.0909723 
Pseudochiridae_Pseudocheirus_occidentalis    0.0789863 0.1098782 0.1038596 0.0974481 0.0982972 0.1460023 0.0762683 0.0831047 0.0961035 0.0841097 0.0880737 0.1492582 0.1372359 0.0790498 0.0670430 0.1341051 0.1437441 0.1400895 0.1490082 0.0910427 0.0409530 0.0892605 0.1320646 0.1410849 0.0941339 0.1262089 0.0388228 0.0912076 0.0000000 0.0841250 0.0685449 0.0796125 0.1490735 0.1417104 0.0824467 
Tarsipedidae_Tarsipes_rostratus              0.0853937 0.1117534 0.1014666 0.0937962 0.0924943 0.1311683 0.0874801 0.0906163 0.0930237 0.1088503 0.0950729 0.1327220 0.1260430 0.0897153 0.0794218 0.1301860 0.1313186 0.1305610 0.1410665 0.0957536 0.0842581 0.1562331 0.1323265 0.1292680 0.0940285 0.1147194 0.0692965 0.0958653 0.0841250 0.0000000 0.0803198 0.0916943 0.1768988 0.1276015 0.1299552 
Acrobatidae_Distoechurus_pennatus            0.0589634 0.0867093 0.0760743 0.0664321 0.0664859 0.1074571 0.0590969 0.0608803 0.0628900 0.0815966 0.0645481 0.1072861 0.1029890 0.0592574 0.0309415 0.1006189 0.1061793 0.1072076 0.1151269 0.0664425 0.0702262 0.1235949 0.1068354 0.1040611 0.0637642 0.0876112 0.0521950 0.0653344 0.0685449 0.0803198 0.0000000 0.0609564 0.1492655 0.1036740 0.0908583 
Phalangeridae_Phalanger_carmelitae           0.0508019 0.0838667 0.0679533 0.0639689 0.0648704 0.0998585 0.0199959 0.0136347 0.0614574 0.0870455 0.0163888 0.1029434 0.1009024 0.0075188 0.0607054 0.1009630 0.1008492 0.1034575 0.1159560 0.0621997 0.0734965 0.1282422 0.1051544 0.0981440 0.0652907 0.0800538 0.0582092 0.0611488 0.0796125 0.0916943 0.0609564 0.0000000 0.1504495 0.0999494 0.0955094 
Peramelidae_Peroryctes_raffrayana            0.1425060 0.1412809 0.1680360 0.1556411 0.1576222 0.1592437 0.1468796 0.1585111 0.1532362 0.0186210 0.1619522 0.1697112 0.1606517 0.1496706 0.1519267 0.1467571 0.1584332 0.1690152 0.0328409 0.1530576 0.1742822 0.0792866 0.1659032 0.1681877 0.1519448 0.1476978 0.1503453 0.1574093 0.1490735 0.1768988 0.1492655 0.1504495 0.0000000 0.1611287 0.0185169 
Dasyuridae_Dasyurus_geffroii                 0.0979431 0.1075673 0.1124386 0.1087039 0.1094036 0.0077727 0.0961885 0.1009102 0.1074488 0.0699544 0.1027453 0.0235509 0.0289836 0.0984398 0.0998091 0.0201794 0.0112370 0.0329899 0.1240727 0.1089360 0.1235387 0.1307103 0.1249830 0.0219132 0.1046325 0.1074016 0.1046662 0.1096859 0.1417104 0.1276015 0.1036740 0.0999494 0.1611287 0.0000000 0.0966168 
Peramelidae_Perameles_gunnii                 0.0970561 0.0908882 0.1186362 0.0896630 0.0880879 0.0987137 0.0884098 0.0955274 0.0872576 0.0010910 0.1004125 0.1014791 0.1015025 0.0889756 0.0866555 0.0980322 0.1007020 0.1064508 0.0191985 0.0945526 0.1218084 0.1303777 0.1087287 0.0965439 0.0943330 0.0841684 0.0946297 0.0909723 0.0824467 0.1299552 0.0908583 0.0955094 0.0185169 0.0966168 0.0000000 
