37
Burramyidae_Burramys_parvus                  0.0000000 0.0609089 0.0513378 0.0518344 0.0519254 0.0732778 0.0461637 0.0449096 0.0559199 0.0763490 0.0466207 0.0722263 0.0758706 0.0452214 0.0435677 0.0705935 0.0733163 0.0708724 0.0757399 0.0545471 0.0545537 0.0825587 0.0859469 0.0743385 0.0509413 0.0657841 0.0512454 0.0509434 0.0536254 0.0576288 0.0509188 0.0455555 0.0738130 0.0739977 0.0779875 0.0619682 0.0619682 
Notoryctidae_Notoryctes_typhlops             0.0609089 0.0000000 0.0586000 0.0607479 0.0588357 0.0850041 0.0664477 0.0653054 0.0667280 0.0746932 0.0669002 0.0814008 0.0860272 0.0630018 0.0626930 0.0792360 0.0844847 0.0777199 0.0721868 0.0666767 0.0668910 0.0831662 0.0938656 0.0814754 0.0654391 0.0764990 0.0584751 0.0668552 0.0649227 0.0718985 0.0598978 0.0633701 0.0697854 0.0842367 0.0775467 0.1074149 0.1074149 
Vombatidae_Lasiorhinus_latifrons             0.0513378 0.0586000 0.0000000 0.0549778 0.0545163 0.0868638 0.0538913 0.0546563 0.0594723 0.0723948 0.0551322 0.0827959 0.0853365 0.0540111 0.0501894 0.0811908 0.0878684 0.0763977 0.0723197 0.0565434 0.0605378 0.0818104 0.0963439 0.0828091 0.0575763 0.0699979 0.0530352 0.0560839 0.0532575 0.0588642 0.0520351 0.0548138 0.0698420 0.0871546 0.0759868 0.1268853 0.1268853 
Potoroidae_Bettongia_penicillata             0.0518344 0.0607479 0.0549778 0.0000000 0.0056643 0.0865284 0.0542639 0.0498043 0.0158488 0.0687949 0.0515309 0.0829645 0.0863158 0.0505148 0.0480370 0.0797903 0.0878846 0.0778796 0.0725817 0.0178941 0.0521750 0.0822503 0.1019012 0.0816428 0.0346081 0.0789351 0.0487845 0.0183910 0.0503519 0.0583287 0.0474892 0.0498711 0.0655752 0.0878800 0.0738031 0.1667734 0.1667734 
Potoroidae_Bettongia_lesueur                 0.0519254 0.0588357 0.0545163 0.0056643 0.0000000 0.0856895 0.0537915 0.0517318 0.0163211 0.0701299 0.0520473 0.0826471 0.0861037 0.0514969 0.0490071 0.0794674 0.0870454 0.0763626 0.0712274 0.0183874 0.0522426 0.0828751 0.1016015 0.0807524 0.0346666 0.0774536 0.0488838 0.0179372 0.0521553 0.0598057 0.0484947 0.0508727 0.0640211 0.0870356 0.0739299 0.1606846 0.1606846 
Dasyuridae_Dasyurus_maculatus                0.0732778 0.0850041 0.0868638 0.0865284 0.0856895 0.0000000 0.0858391 0.0858095 0.0912889 0.0862363 0.0866931 0.0233449 0.0346347 0.0843371 0.0811712 0.0228555 0.0109819 0.0256246 0.0953185 0.0868188 0.0925211 0.1048825 0.1125868 0.0257415 0.0888637 0.0787420 0.0745545 0.0906347 0.0769714 0.0829065 0.0745444 0.0856144 0.0795529 0.0052869 0.1008961 0.1323848 0.1323848 
Phalangeridae_Trichosurus_vulpecula          0.0461637 0.0664477 0.0538913 0.0542639 0.0537915 0.0858391 0.0000000 0.0233838 0.0553125 0.0801354 0.0254760 0.0847938 0.0910073 0.0246585 0.0478666 0.0837052 0.0864247 0.0837889 0.0792869 0.0545174 0.0535864 0.0881804 0.1038287 0.0854258 0.0573624 0.0768866 0.0513856 0.0530309 0.0526216 0.0592807 0.0498032 0.0246081 0.0748293 0.0851813 0.0850164 0.1425711 0.1425711 
Phalangeridae_Spilocuscus_maculatus          0.0449096 0.0653054 0.0546563 0.0498043 0.0517318 0.0858095 0.0233838 0.0000000 0.0518002 0.0768581 0.0109947 0.0816214 0.0883430 0.0083746 0.0427628 0.0805357 0.0861967 0.0804136 0.0776787 0.0524230 0.0519522 0.0874129 0.1031067 0.0817737 0.0532637 0.0776561 0.0500028 0.0499951 0.0492058 0.0568526 0.0450065 0.0083516 0.0731005 0.0856198 0.0808778 0.1330137 0.1330137 
Potoroidae_Aepyprymnus_rufescens             0.0559199 0.0667280 0.0594723 0.0158488 0.0163211 0.0912889 0.0553125 0.0518002 0.0000000 0.0728359 0.0534344 0.0867601 0.0893420 0.0525208 0.0491439 0.0846038 0.0921847 0.0829155 0.0741146 0.0229754 0.0567491 0.0857627 0.1029029 0.0849287 0.0393886 0.0807233 0.0535882 0.0225222 0.0555487 0.0624523 0.0521470 0.0518525 0.0684630 0.0911281 0.0763757 0.1467865 0.1467865 
Peramelidae_Perameles_nasuta                 0.0763490 0.0746932 0.0723948 0.0687949 0.0701299 0.0862363 0.0801354 0.0768581 0.0728359 0.0000000 0.0808267 0.0834650 0.0895403 0.0777430 0.0744145 0.0815933 0.0859698 0.0769054 0.0159104 0.0770765 0.0866117 0.0927622 0.0913334 0.0870315 0.0805138 0.0806452 0.0768355 0.0764820 0.0889336 0.0855589 0.0774996 0.0780733 0.0150523 0.0860386 0.0010144 9.0000000 9.0000000 
Phalangeridae_Strigocuscus_pelengensis       0.0466207 0.0669002 0.0551322 0.0515309 0.0520473 0.0866931 0.0254760 0.0109947 0.0534344 0.0808267 0.0000000 0.0836302 0.0909216 0.0113856 0.0462731 0.0819068 0.0873021 0.0827240 0.0806037 0.0569644 0.0532944 0.0908372 0.1039850 0.0843260 0.0550566 0.0787129 0.0523749 0.0540807 0.0532958 0.0578116 0.0471550 0.0109144 0.0759513 0.0859488 0.0849526 0.1301017 0.1301017 
Dasyuridae_Phascogale_tapoatafa              0.0722263 0.0814008 0.0827959 0.0829645 0.0826471 0.0233449 0.0847938 0.0816214 0.0867601 0.0834650 0.0836302 0.0000000 0.0307297 0.0797607 0.0762854 0.0052697 0.0256829 0.0274306 0.0907785 0.0842848 0.0888685 0.1022131 0.1105527 0.0143726 0.0848155 0.0722857 0.0690920 0.0865410 0.0746166 0.0808815 0.0718853 0.0809943 0.0766776 0.0244991 0.0952149 0.1175340 0.1175340 
Dasyuridae_Sminthopsis_macroura              0.0758706 0.0860272 0.0853365 0.0863158 0.0861037 0.0346347 0.0910073 0.0883430 0.0893420 0.0895403 0.0909216 0.0307297 0.0000000 0.0864462 0.0827871 0.0279053 0.0346754 0.0182183 0.0994849 0.0874492 0.0945352 0.1021149 0.1102403 0.0312948 0.0879498 0.0738134 0.0750213 0.0891595 0.0787916 0.0845282 0.0756061 0.0871178 0.0836655 0.0354490 0.1034386 0.1267365 0.1267365 
Phalangeridae_Phalanger_orientalis           0.0452214 0.0630018 0.0540111 0.0505148 0.0514969 0.0843371 0.0246585 0.0083746 0.0525208 0.0777430 0.0113856 0.0797607 0.0864462 0.0000000 0.0450550 0.0781560 0.0849205 0.0806583 0.0763640 0.0536436 0.0541975 0.0865641 0.1012106 0.0808634 0.0540635 0.0758797 0.0487773 0.0507507 0.0532388 0.0566890 0.0458183 0.0034752 0.0728298 0.0841364 0.0800633 0.1151706 0.1151706 
Acrobatidae_Acrobates_pygmaeus               0.0435677 0.0626930 0.0501894 0.0480370 0.0490071 0.0811712 0.0478666 0.0427628 0.0491439 0.0744145 0.0462731 0.0762854 0.0827871 0.0450550 0.0000000 0.0754504 0.0820888 0.0758774 0.0714742 0.0485589 0.0487359 0.0826348 0.0914442 0.0743419 0.0467641 0.0740663 0.0419047 0.0465993 0.0434642 0.0498996 0.0206769 0.0429922 0.0701592 0.0796883 0.0756210 0.1009332 0.1009332 
Dasyuridae_Phascogale_calura                 0.0705935 0.0792360 0.0811908 0.0797903 0.0794674 0.0228555 0.0837052 0.0805357 0.0846038 0.0815933 0.0819068 0.0052697 0.0279053 0.0781560 0.0754504 0.0000000 0.0247358 0.0249076 0.0896627 0.0831905 0.0877706 0.0985356 0.1073565 0.0143726 0.0826785 0.0700636 0.0674014 0.0854390 0.0727922 0.0780645 0.0702283 0.0793913 0.0748119 0.0235479 0.0940854 0.1168051 0.1168051 
Dasyuridae_Sarcophilus_harrisii              0.0733163 0.0844847 0.0878684 0.0878846 0.0870454 0.0109819 0.0864247 0.0861967 0.0921847 0.0859698 0.0873021 0.0256829 0.0346754 0.0849205 0.0820888 0.0247358 0.0000000 0.0266202 0.0932517 0.0876545 0.0940968 0.1065471 0.1142261 0.0271793 0.0891736 0.0780800 0.0756663 0.0914830 0.0790565 0.0840160 0.0756278 0.0861981 0.0781177 0.0119983 0.0998388 0.1306048 0.1306048 
Dasyuridae_Planigale_tenuirostris            0.0708724 0.0777199 0.0763977 0.0778796 0.0763626 0.0256246 0.0837889 0.0804136 0.0829155 0.0769054 0.0827240 0.0274306 0.0182183 0.0806583 0.0758774 0.0249076 0.0266202 0.0000000 0.0855485 0.0781689 0.0850540 0.1007365 0.1019002 0.0288312 0.0818790 0.0715263 0.0677831 0.0821978 0.0682583 0.0761487 0.0687100 0.0805566 0.0707542 0.0269026 0.0900523 0.1556914 0.1556914 
Peramelidae_Echymipera_kalubu                0.0757399 0.0721868 0.0723197 0.0725817 0.0712274 0.0953185 0.0792869 0.0776787 0.0741146 0.0159104 0.0806037 0.0907785 0.0994849 0.0763640 0.0714742 0.0896627 0.0932517 0.0855485 0.0000000 0.0773557 0.0833090 0.0944681 0.1062082 0.0905437 0.0803118 0.0870804 0.0690604 0.0768154 0.0806254 0.0806914 0.0722234 0.0781213 0.0113856 0.0930459 0.0149899 0.1269119 0.1269119 
Macropodidae_Dorcopsulus_vanheurni           0.0545471 0.0666767 0.0565434 0.0178941 0.0183874 0.0868188 0.0545174 0.0524230 0.0229754 0.0770765 0.0569644 0.0842848 0.0874492 0.0536436 0.0485589 0.0831905 0.0876545 0.0781689 0.0773557 0.0000000 0.0559363 0.0814818 0.1002347 0.0829417 0.0377821 0.0796733 0.0527516 0.0062244 0.0532138 0.0614598 0.0494678 0.0529945 0.0701074 0.0876485 0.0796205 0.1508816 0.1508816 
Pseudochiridae_Pseudochirulus_forbesi        0.0545537 0.0668910 0.0605378 0.0521750 0.0522426 0.0925211 0.0535864 0.0519522 0.0567491 0.0866117 0.0532944 0.0888685 0.0945352 0.0541975 0.0487359 0.0877706 0.0940968 0.0850540 0.0833090 0.0559363 0.0000000 0.0903987 0.1005335 0.0869829 0.0577988 0.0783702 0.0320559 0.0574026 0.0212742 0.0513081 0.0461297 0.0530805 0.0808115 0.0923324 0.0897076 0.1448320 0.1448320 
Didelphidae_Didelphis_virginiana             0.0825587 0.0831662 0.0818104 0.0822503 0.0828751 0.1048825 0.0881804 0.0874129 0.0857627 0.0927622 0.0908372 0.1022131 0.1021149 0.0865641 0.0826348 0.0985356 0.1065471 0.1007365 0.0944681 0.0814818 0.0903987 0.0000000 0.0606754 0.1016870 0.0882656 0.0931715 0.0838968 0.0841517 0.0868834 0.0869699 0.0832112 0.0884496 0.0893374 0.1030664 0.0966360 0.1476525 0.1476525 
Marmosidae_Monodelphis_domestica             0.0859469 0.0938656 0.0963439 0.1019012 0.1016015 0.1125868 0.1038287 0.1031067 0.1029029 0.0913334 0.1039850 0.1105527 0.1102403 0.1012106 0.0914442 0.1073565 0.1142261 0.1019002 0.1062082 0.1002347 0.1005335 0.0606754 0.0000000 0.1070308 0.1029668 0.0805292 0.0803874 0.0999425 0.0830656 0.0846234 0.0763275 0.1030121 0.0879235 0.1027738 0.1100623 0.3171795 0.3171795 
Dasyuridae_Antechinus_stuartii               0.0743385 0.0814754 0.0828091 0.0816428 0.0807524 0.0257415 0.0854258 0.0817737 0.0849287 0.0870315 0.0843260 0.0143726 0.0312948 0.0808634 0.0743419 0.0143726 0.0271793 0.0288312 0.0905437 0.0829417 0.0869829 0.1016870 0.1070308 0.0000000 0.0834239 0.0739620 0.0706617 0.0851163 0.0775158 0.0818558 0.0721057 0.0816717 0.0802928 0.0255150 0.0960010 0.1018957 0.1018957 
Hypsiprymnodontidae_Hypsiprymnodon_moschatus 0.0509413 0.0654391 0.0575763 0.0346081 0.0346666 0.0888637 0.0573624 0.0532637 0.0393886 0.0805138 0.0550566 0.0848155 0.0879498 0.0540635 0.0467641 0.0826785 0.0891736 0.0818790 0.0803118 0.0377821 0.0577988 0.0882656 0.1029668 0.0834239 0.0000000 0.0824374 0.0556624 0.0345232 0.0527319 0.0630134 0.0510852 0.0533872 0.0744314 0.0875918 0.0832152 0.1412505 0.1412505 
Microbiotheriidae_Dromiciops_gliroides       0.0657841 0.0764990 0.0699979 0.0789351 0.0774536 0.0787420 0.0768866 0.0776561 0.0807233 0.0806452 0.0787129 0.0722857 0.0738134 0.0758797 0.0740663 0.0700636 0.0780800 0.0715263 0.0870804 0.0796733 0.0783702 0.0931715 0.0805292 0.0739620 0.0824374 0.0000000 0.0672461 0.0815284 0.0725685 0.0773461 0.0649940 0.0767022 0.0756993 0.0792148 0.0892556 0.1395702 0.1395702 
Pseudochiridae_Petauroides_volans            0.0512454 0.0584751 0.0530352 0.0487845 0.0488838 0.0745545 0.0513856 0.0500028 0.0535882 0.0768355 0.0523749 0.0690920 0.0750213 0.0487773 0.0419047 0.0674014 0.0756663 0.0677831 0.0690604 0.0527516 0.0320559 0.0838968 0.0803874 0.0706617 0.0556624 0.0672461 0.0000000 0.0529054 0.0300646 0.0494890 0.0443516 0.0496028 0.0720328 0.0744243 0.0729990 0.0470901 0.0470901 
Macropodidae_Wallabia_bicolor                0.0509434 0.0668552 0.0560839 0.0183910 0.0179372 0.0906347 0.0530309 0.0499951 0.0225222 0.0764820 0.0540807 0.0865410 0.0891595 0.0507507 0.0465993 0.0854390 0.0914830 0.0821978 0.0768154 0.0062244 0.0574026 0.0841517 0.0999425 0.0851163 0.0345232 0.0815284 0.0529054 0.0000000 0.0521118 0.0619220 0.0483695 0.0496276 0.0709328 0.0904138 0.0800101 0.1413185 0.1413185 
Pseudochiridae_Pseudocheirus_occidentalis    0.0536254 0.0649227 0.0532575 0.0503519 0.0521553 0.0769714 0.0526216 0.0492058 0.0555487 0.0889336 0.0532958 0.0746166 0.0787916 0.0532388 0.0434642 0.0727922 0.0790565 0.0682583 0.0806254 0.0532138 0.0212742 0.0868834 0.0830656 0.0775158 0.0527319 0.0725685 0.0300646 0.0521118 0.0000000 0.0504247 0.0495982 0.0513410 0.0834906 0.0773745 0.0868381 9.0000000 9.0000000 
Tarsipedidae_Tarsipes_rostratus              0.0576288 0.0718985 0.0588642 0.0583287 0.0598057 0.0829065 0.0592807 0.0568526 0.0624523 0.0855589 0.0578116 0.0808815 0.0845282 0.0566890 0.0498996 0.0780645 0.0840160 0.0761487 0.0806914 0.0614598 0.0513081 0.0869699 0.0846234 0.0818558 0.0630134 0.0773461 0.0494890 0.0619220 0.0504247 0.0000000 0.0527871 0.0565516 0.0811156 0.0838734 0.0851952 0.0737765 0.0737765 
Acrobatidae_Distoechurus_pennatus            0.0509188 0.0598978 0.0520351 0.0474892 0.0484947 0.0745444 0.0498032 0.0450065 0.0521470 0.0774996 0.0471550 0.0718853 0.0756061 0.0458183 0.0206769 0.0702283 0.0756278 0.0687100 0.0722234 0.0494678 0.0461297 0.0832112 0.0763275 0.0721057 0.0510852 0.0649940 0.0443516 0.0483695 0.0495982 0.0527871 0.0000000 0.0446886 0.0719857 0.0738770 0.0754782 0.0546945 0.0546945 
Phalangeridae_Phalanger_carmelitae           0.0455555 0.0633701 0.0548138 0.0498711 0.0508727 0.0856144 0.0246081 0.0083516 0.0518525 0.0780733 0.0109144 0.0809943 0.0871178 0.0034752 0.0429922 0.0793913 0.0861981 0.0805566 0.0781213 0.0529945 0.0530805 0.0884496 0.1030121 0.0816717 0.0533872 0.0767022 0.0496028 0.0496276 0.0513410 0.0565516 0.0446886 0.0000000 0.0743189 0.0854245 0.0798502 0.1194766 0.1194766 
Peramelidae_Peroryctes_raffrayana            0.0738130 0.0697854 0.0698420 0.0655752 0.0640211 0.0795529 0.0748293 0.0731005 0.0684630 0.0150523 0.0759513 0.0766776 0.0836655 0.0728298 0.0701592 0.0748119 0.0781177 0.0707542 0.0113856 0.0701074 0.0808115 0.0893374 0.0879235 0.0802928 0.0744314 0.0756993 0.0720328 0.0709328 0.0834906 0.0811156 0.0719857 0.0743189 0.0000000 0.0793689 0.0140444 9.0000000 9.0000000 
Dasyuridae_Dasyurus_geffroii                 0.0739977 0.0842367 0.0871546 0.0878800 0.0870356 0.0052869 0.0851813 0.0856198 0.0911281 0.0860386 0.0859488 0.0244991 0.0354490 0.0841364 0.0796883 0.0235479 0.0119983 0.0269026 0.0930459 0.0876485 0.0923324 0.1030664 0.1027738 0.0255150 0.0875918 0.0792148 0.0744243 0.0904138 0.0773745 0.0838734 0.0738770 0.0854245 0.0793689 0.0000000 0.0986397 0.1414372 0.1414372 
Peramelidae_Perameles_gunnii                 0.0779875 0.0775467 0.0759868 0.0738031 0.0739299 0.1008961 0.0850164 0.0808778 0.0763757 0.0010144 0.0849526 0.0952149 0.1034386 0.0800633 0.0756210 0.0940854 0.0998388 0.0900523 0.0149899 0.0796205 0.0897076 0.0966360 0.1100623 0.0960010 0.0832152 0.0892556 0.0729990 0.0800101 0.0868381 0.0851952 0.0754782 0.0798502 0.0140444 0.0986397 0.0000000 0.1360057 0.1360057 
Myrmecobiidae_Myrmecobius_fasciatus1         0.0619682 0.1074149 0.1268853 0.1667734 0.1606846 0.1323848 0.1425711 0.1330137 0.1467865 9.0000000 0.1301017 0.1175340 0.1267365 0.1151706 0.1009332 0.1168051 0.1306048 0.1556914 0.1269119 0.1508816 0.1448320 0.1476525 0.3171795 0.1018957 0.1412505 0.1395702 0.0470901 0.1413185 9.0000000 0.0737765 0.0546945 0.1194766 9.0000000 0.1414372 0.1360057 0.0000000 0.0000010 
Myrmecobiidae_Myrmecobius_fasciatus2         0.0619682 0.1074149 0.1268853 0.1667734 0.1606846 0.1323848 0.1425711 0.1330137 0.1467865 9.0000000 0.1301017 0.1175340 0.1267365 0.1151706 0.1009332 0.1168051 0.1306048 0.1556914 0.1269119 0.1508816 0.1448320 0.1476525 0.3171795 0.1018957 0.1412505 0.1395702 0.0470901 0.1413185 9.0000000 0.0737765 0.0546945 0.1194766 9.0000000 0.1414372 0.1360057 0.0000010 0.0000000 
