37
Burramyidae_Burramys_parvus                  0.0000000 0.0829808 0.0406230 0.0386095 0.0377162 0.0785465 0.0319795 0.0412900 0.0396487 0.0693294 0.0334703 0.0834697 0.0784659 0.0370820 0.0493917 0.0785723 0.0754519 0.0875831 0.0691223 0.0410626 0.0441993 0.0866438 0.0493782 0.0570533 0.0424265 0.0445399 0.0450835 0.0898240 0.0359620 0.0370664 0.0758665 0.0776270 0.0695217 0.0636773 0.0637594 0.0793179 0.0793179 
Notoryctidae_Notoryctes_typhlops             0.0829808 0.0000000 0.0818694 0.0860371 0.0873682 0.1164673 0.0738778 0.0878180 0.0856404 0.1006904 0.0799136 0.1161193 0.1095785 0.0848418 0.0929505 0.1139047 0.1128691 0.1216113 0.0926659 0.0916350 0.0864761 0.1255600 0.0991372 0.0887273 0.0884729 0.0892734 0.0833954 0.1412926 0.0777792 0.0833873 0.1063169 0.1152316 0.0965688 0.0892980 0.0827457 0.1128461 0.1128461 
Vombatidae_Lasiorhinus_latifrons             0.0406230 0.0818694 0.0000000 0.0459633 0.0450760 0.0806772 0.0411104 0.0537064 0.0471936 0.0772473 0.0476083 0.0793701 0.0751450 0.0507241 0.0561869 0.0754325 0.0743015 0.0855197 0.0789878 0.0513772 0.0524572 0.0834237 0.0579143 0.0601002 0.0487578 0.0529081 0.0519967 0.0977506 0.0458148 0.0490817 0.0851020 0.0784304 0.0768630 0.0629792 0.0567649 0.1040771 0.1040771 
Potoroidae_Bettongia_penicillata             0.0386095 0.0860371 0.0459633 0.0000000 0.0042170 0.0859278 0.0443819 0.0574448 0.0054749 0.0756816 0.0476087 0.0883430 0.0834835 0.0543853 0.0604169 0.0826051 0.0821003 0.0941624 0.0755955 0.0149547 0.0551102 0.0921478 0.0332056 0.0701271 0.0512503 0.0167378 0.0517503 0.0981660 0.0482298 0.0521626 0.0795913 0.0836256 0.0742416 0.0665198 0.0704008 0.0728347 0.0728347 
Potoroidae_Bettongia_lesueur                 0.0377162 0.0873682 0.0450760 0.0042170 0.0000000 0.0847283 0.0434112 0.0552604 0.0064285 0.0761039 0.0466732 0.0856007 0.0822445 0.0533383 0.0605532 0.0799380 0.0808620 0.0926208 0.0762255 0.0156973 0.0540650 0.0895038 0.0348450 0.0696699 0.0504761 0.0174804 0.0503654 0.0991414 0.0476451 0.0511325 0.0800192 0.0823860 0.0748653 0.0675665 0.0713096 0.0753402 0.0753402 
Dasyuridae_Dasyurus_maculatus                0.0785465 0.1164673 0.0806772 0.0859278 0.0847283 0.0000000 0.0771444 0.0939562 0.0833787 0.0995353 0.0834837 0.0136316 0.0187051 0.0920579 0.1047073 0.0135095 0.0039264 0.0227701 0.1007231 0.0846254 0.0976544 0.0159005 0.0959211 0.0928500 0.0880414 0.0883963 0.0952464 0.1484891 0.0897867 0.0890819 0.1067067 0.0026831 0.0977802 0.0680545 0.0666828 0.0498166 0.0498166 
Phalangeridae_Trichosurus_vulpecula          0.0319795 0.0738778 0.0411104 0.0443819 0.0434112 0.0771444 0.0000000 0.0178390 0.0434562 0.0713571 0.0130013 0.0778429 0.0736682 0.0149622 0.0481602 0.0729915 0.0714725 0.0843568 0.0700648 0.0445474 0.0467908 0.0819385 0.0551067 0.0551065 0.0419693 0.0459114 0.0434878 0.0898404 0.0346291 0.0153188 0.0801478 0.0749126 0.0682219 0.0540588 0.0538933 0.0542303 0.0542303 
Phalangeridae_Spilocuscus_maculatus          0.0412900 0.0878180 0.0537064 0.0574448 0.0552604 0.0939562 0.0178390 0.0000000 0.0570125 0.0836686 0.0121688 0.0932202 0.0877943 0.0110524 0.0601315 0.0881086 0.0877556 0.0930190 0.0819698 0.0588267 0.0574043 0.0987552 0.0683344 0.0645136 0.0538889 0.0591624 0.0511952 0.1037515 0.0469843 0.0096996 0.0900310 0.0914527 0.0841026 0.0660702 0.0648739 0.0834628 0.0834628 
Potoroidae_Aepyprymnus_rufescens             0.0396487 0.0856404 0.0471936 0.0054749 0.0064285 0.0833787 0.0434562 0.0570125 0.0000000 0.0756565 0.0472511 0.0849085 0.0802319 0.0533990 0.0607244 0.0792873 0.0788554 0.0910556 0.0744523 0.0146204 0.0558388 0.0888201 0.0362500 0.0698451 0.0516872 0.0171280 0.0529881 0.1000338 0.0482918 0.0517318 0.0773601 0.0810562 0.0738087 0.0667976 0.0668916 0.0685777 0.0685777 
Peramelidae_Perameles_nasuta                 0.0693294 0.1006904 0.0772473 0.0756816 0.0761039 0.0995353 0.0713571 0.0836686 0.0756565 0.0000000 0.0753001 0.0978775 0.0987245 0.0796578 0.0885672 0.0961024 0.0967921 0.1038957 0.0159678 0.0761733 0.0844933 0.1092147 0.0866375 0.0809916 0.0757385 0.0801531 0.0848242 0.1406390 0.0752268 0.0774307 0.0182032 0.0966777 0.0006554 0.0755710 0.0675423 9.0000000 9.0000000 
Phalangeridae_Strigocuscus_pelengensis       0.0334703 0.0799136 0.0476083 0.0476087 0.0466732 0.0834837 0.0130013 0.0121688 0.0472511 0.0753001 0.0000000 0.0834332 0.0783727 0.0094662 0.0520796 0.0782606 0.0789174 0.0905706 0.0739572 0.0489254 0.0502337 0.0872126 0.0558694 0.0611863 0.0448700 0.0505802 0.0464914 0.0909805 0.0390621 0.0094632 0.0852326 0.0811477 0.0726521 0.0585754 0.0602536 0.0614919 0.0614919 
Dasyuridae_Phascogale_tapoatafa              0.0834697 0.1161193 0.0793701 0.0883430 0.0856007 0.0136316 0.0778429 0.0932202 0.0849085 0.0978775 0.0834332 0.0000000 0.0200692 0.0867678 0.1043577 0.0036256 0.0128788 0.0231151 0.1034140 0.0891501 0.0983518 0.0102271 0.0926943 0.0915299 0.0882872 0.0917838 0.0951213 0.1592424 0.0927202 0.0859629 0.1072875 0.0132328 0.0985212 0.0672842 0.0662834 0.0542420 0.0542420 
Dasyuridae_Sminthopsis_macroura              0.0784659 0.1095785 0.0751450 0.0834835 0.0822445 0.0187051 0.0736682 0.0877943 0.0802319 0.0987245 0.0783727 0.0200692 0.0000000 0.0845953 0.0963966 0.0184228 0.0176290 0.0161350 0.0968320 0.0842250 0.0908367 0.0214431 0.0905969 0.0862339 0.0843332 0.0866243 0.0917228 0.1367680 0.0839431 0.0831408 0.1058096 0.0171764 0.0947095 0.0625064 0.0595279 0.0383076 0.0383076 
Phalangeridae_Phalanger_orientalis           0.0370820 0.0848418 0.0507241 0.0543853 0.0533383 0.0920579 0.0149622 0.0110524 0.0533990 0.0796578 0.0094662 0.0867678 0.0845953 0.0000000 0.0538669 0.0840861 0.0858915 0.0935995 0.0814712 0.0557272 0.0543167 0.0961095 0.0626379 0.0633966 0.0496733 0.0566314 0.0471529 0.1025175 0.0446403 0.0032943 0.0898308 0.0895752 0.0805855 0.0620517 0.0660715 0.0890307 0.0890307 
Acrobatidae_Acrobates_pygmaeus               0.0493917 0.0929505 0.0561869 0.0604169 0.0605532 0.1047073 0.0481602 0.0601315 0.0607244 0.0885672 0.0520796 0.1043577 0.0963966 0.0538669 0.0000000 0.0982178 0.0984209 0.1007407 0.0872243 0.0671362 0.0534733 0.1066110 0.0716939 0.0724462 0.0507235 0.0697788 0.0498651 0.0987456 0.0344387 0.0533056 0.0949965 0.1021276 0.0901777 0.0875453 0.0851625 0.1213042 0.1213042 
Dasyuridae_Phascogale_calura                 0.0785723 0.1139047 0.0754325 0.0826051 0.0799380 0.0135095 0.0729915 0.0881086 0.0792873 0.0961024 0.0782606 0.0036256 0.0184228 0.0840861 0.0982178 0.0000000 0.0131909 0.0210948 0.0991616 0.0833304 0.0949783 0.0092608 0.0866947 0.0841549 0.0845336 0.0858112 0.0943261 0.1480287 0.0866489 0.0826035 0.1054716 0.0131328 0.0949170 0.0604610 0.0599625 0.0447797 0.0447797 
Dasyuridae_Sarcophilus_harrisii              0.0754519 0.1128691 0.0743015 0.0821003 0.0808620 0.0039264 0.0714725 0.0877556 0.0788554 0.0967921 0.0789174 0.0128788 0.0176290 0.0858915 0.0984209 0.0131909 0.0000000 0.0214853 0.0964900 0.0822327 0.0943139 0.0144574 0.0918955 0.0859843 0.0846562 0.0865027 0.0917073 0.1438521 0.0823463 0.0844195 0.1055661 0.0029965 0.0920844 0.0640380 0.0627051 0.0419765 0.0419765 
Dasyuridae_Planigale_tenuirostris            0.0875831 0.1216113 0.0855197 0.0941624 0.0926208 0.0227701 0.0843568 0.0930190 0.0910556 0.1038957 0.0905706 0.0231151 0.0161350 0.0935995 0.1007407 0.0210948 0.0214853 0.0000000 0.1086212 0.0944800 0.1035321 0.0232708 0.0971084 0.0960873 0.0935327 0.0973208 0.0996193 0.1545826 0.0947031 0.0904079 0.1113238 0.0205943 0.1078270 0.0658795 0.0635130 0.0899567 0.0899567 
Peramelidae_Echymipera_kalubu                0.0691223 0.0926659 0.0789878 0.0755955 0.0762255 0.1007231 0.0700648 0.0819698 0.0744523 0.0159678 0.0739572 0.1034140 0.0968320 0.0814712 0.0872243 0.0991616 0.0964900 0.1086212 0.0000000 0.0769046 0.0860366 0.1085605 0.0863907 0.0775918 0.0765603 0.0801200 0.0814485 0.1330053 0.0756439 0.0787039 0.0128755 0.0981132 0.0151540 0.0771230 0.0714298 0.0952675 0.0952675 
Macropodidae_Dorcopsulus_vanheurni           0.0410626 0.0916350 0.0513772 0.0149547 0.0156973 0.0846254 0.0445474 0.0588267 0.0146204 0.0761733 0.0489254 0.0891501 0.0842250 0.0557272 0.0671362 0.0833304 0.0822327 0.0944800 0.0769046 0.0000000 0.0592944 0.0944366 0.0363372 0.0744929 0.0538867 0.0081170 0.0580474 0.1013131 0.0522015 0.0540222 0.0823197 0.0830312 0.0741652 0.0713728 0.0680228 0.0692309 0.0692309 
Pseudochiridae_Pseudochirulus_forbesi        0.0441993 0.0864761 0.0524572 0.0551102 0.0540650 0.0976544 0.0467908 0.0574043 0.0558388 0.0844933 0.0502337 0.0983518 0.0908367 0.0543167 0.0534733 0.0949783 0.0943139 0.1035321 0.0860366 0.0592944 0.0000000 0.1027417 0.0652092 0.0659920 0.0292114 0.0607249 0.0183356 0.0950001 0.0442099 0.0526237 0.0832064 0.0951019 0.0866961 0.0748848 0.0692860 0.1394748 0.1394748 
Dasyuridae_Antechinus_stuartii               0.0866438 0.1255600 0.0834237 0.0921478 0.0895038 0.0159005 0.0819385 0.0987552 0.0888201 0.1092147 0.0872126 0.0102271 0.0214431 0.0961095 0.1066110 0.0092608 0.0144574 0.0232708 0.1085605 0.0944366 0.1027417 0.0000000 0.0942965 0.0969327 0.0924539 0.0952400 0.1000674 0.1527852 0.0938494 0.0937601 0.1183382 0.0155109 0.1065372 0.0685044 0.0653297 0.0501012 0.0501012 
Hypsiprymnodontidae_Hypsiprymnodon_moschatus 0.0493782 0.0991372 0.0579143 0.0332056 0.0348450 0.0959211 0.0551067 0.0683344 0.0362500 0.0866375 0.0558694 0.0926943 0.0905969 0.0626379 0.0716939 0.0866947 0.0918955 0.0971084 0.0863907 0.0363372 0.0652092 0.0942965 0.0000000 0.0781898 0.0631300 0.0395787 0.0628646 0.1178896 0.0619670 0.0602432 0.0915714 0.0934109 0.0872878 0.0853519 0.0834035 0.1514332 0.1514332 
Microbiotheriidae_Dromiciops_gliroides       0.0570533 0.0887273 0.0601002 0.0701271 0.0696699 0.0928500 0.0551065 0.0645136 0.0698451 0.0809916 0.0611863 0.0915299 0.0862339 0.0633966 0.0724462 0.0841549 0.0859843 0.0960873 0.0775918 0.0744929 0.0659920 0.0969327 0.0781898 0.0000000 0.0670415 0.0750926 0.0657968 0.1270065 0.0597566 0.0633612 0.0847669 0.0909948 0.0800551 0.0768726 0.0721442 0.0812063 0.0812063 
Pseudochiridae_Petauroides_volans            0.0424265 0.0884729 0.0487578 0.0512503 0.0504761 0.0880414 0.0419693 0.0538889 0.0516872 0.0757385 0.0448700 0.0882872 0.0843332 0.0496733 0.0507235 0.0845336 0.0846562 0.0935327 0.0765603 0.0538867 0.0292114 0.0924539 0.0631300 0.0670415 0.0000000 0.0574676 0.0286446 0.0883598 0.0395997 0.0480205 0.0796723 0.0856810 0.0755370 0.0647637 0.0666499 0.1247599 0.1247599 
Macropodidae_Wallabia_bicolor                0.0445399 0.0892734 0.0529081 0.0167378 0.0174804 0.0883963 0.0459114 0.0591624 0.0171280 0.0801531 0.0505802 0.0917838 0.0866243 0.0566314 0.0697788 0.0858112 0.0865027 0.0973208 0.0801200 0.0081170 0.0607249 0.0952400 0.0395787 0.0750926 0.0574676 0.0000000 0.0608536 0.1032942 0.0542907 0.0554778 0.0872026 0.0867678 0.0786756 0.0784180 0.0772629 0.0704609 0.0704609 
Pseudochiridae_Pseudocheirus_occidentalis    0.0450835 0.0833954 0.0519967 0.0517503 0.0503654 0.0952464 0.0434878 0.0511952 0.0529881 0.0848242 0.0464914 0.0951213 0.0917228 0.0471529 0.0498651 0.0943261 0.0917073 0.0996193 0.0814485 0.0580474 0.0183356 0.1000674 0.0628646 0.0657968 0.0286446 0.0608536 0.0000000 0.0933313 0.0429721 0.0447879 0.0849035 0.0924205 0.0846299 0.0652218 0.0630490 9.0000000 9.0000000 
Tarsipedidae_Tarsipes_rostratus              0.0898240 0.1412926 0.0977506 0.0981660 0.0991414 0.1484891 0.0898404 0.1037515 0.1000338 0.1406390 0.0909805 0.1592424 0.1367680 0.1025175 0.0987456 0.1480287 0.1438521 0.1545826 0.1330053 0.1013131 0.0950001 0.1527852 0.1178896 0.1270065 0.0883598 0.1032942 0.0933313 0.0000000 0.0799235 0.1001799 0.1441832 0.1453719 0.1350435 0.1279283 0.1191928 0.0819589 0.0819589 
Acrobatidae_Distoechurus_pennatus            0.0359620 0.0777792 0.0458148 0.0482298 0.0476451 0.0897867 0.0346291 0.0469843 0.0482918 0.0752268 0.0390621 0.0927202 0.0839431 0.0446403 0.0344387 0.0866489 0.0823463 0.0947031 0.0756439 0.0522015 0.0442099 0.0938494 0.0619670 0.0597566 0.0395997 0.0542907 0.0429721 0.0799235 0.0000000 0.0441114 0.0821568 0.0873610 0.0736814 0.0629908 0.0605946 0.0799690 0.0799690 
Phalangeridae_Phalanger_carmelitae           0.0370664 0.0833873 0.0490817 0.0521626 0.0511325 0.0890819 0.0153188 0.0096996 0.0517318 0.0774307 0.0094632 0.0859629 0.0831408 0.0032943 0.0533056 0.0826035 0.0844195 0.0904079 0.0787039 0.0540222 0.0526237 0.0937601 0.0602432 0.0633612 0.0480205 0.0554778 0.0447879 0.1001799 0.0441114 0.0000000 0.0858849 0.0866471 0.0791840 0.0586036 0.0608169 0.0957694 0.0957694 
Peramelidae_Peroryctes_raffrayana            0.0758665 0.1063169 0.0851020 0.0795913 0.0800192 0.1067067 0.0801478 0.0900310 0.0773601 0.0182032 0.0852326 0.1072875 0.1058096 0.0898308 0.0949965 0.1054716 0.1055661 0.1113238 0.0128755 0.0823197 0.0832064 0.1183382 0.0915714 0.0847669 0.0796723 0.0872026 0.0849035 0.1441832 0.0821568 0.0858849 0.0000000 0.1037086 0.0181831 0.0752675 0.0694293 9.0000000 9.0000000 
Dasyuridae_Dasyurus_geffroii                 0.0776270 0.1152316 0.0784304 0.0836256 0.0823860 0.0026831 0.0749126 0.0914527 0.0810562 0.0966777 0.0811477 0.0132328 0.0171764 0.0895752 0.1021276 0.0131328 0.0029965 0.0205943 0.0981132 0.0830312 0.0951019 0.0155109 0.0934109 0.0909948 0.0856810 0.0867678 0.0924205 0.1453719 0.0873610 0.0866471 0.1037086 0.0000000 0.0951980 0.0661335 0.0647567 0.0498166 0.0498166 
Peramelidae_Perameles_gunnii                 0.0695217 0.0965688 0.0768630 0.0742416 0.0748653 0.0977802 0.0682219 0.0841026 0.0738087 0.0006554 0.0726521 0.0985212 0.0947095 0.0805855 0.0901777 0.0949170 0.0920844 0.1078270 0.0151540 0.0741652 0.0866961 0.1065372 0.0872878 0.0800551 0.0755370 0.0786756 0.0846299 0.1350435 0.0736814 0.0791840 0.0181831 0.0951980 0.0000000 0.0750698 0.0667567 0.1039532 0.1039532 
Didelphidae_Didelphis_virginiana             0.0636773 0.0892980 0.0629792 0.0665198 0.0675665 0.0680545 0.0540588 0.0660702 0.0667976 0.0755710 0.0585754 0.0672842 0.0625064 0.0620517 0.0875453 0.0604610 0.0640380 0.0658795 0.0771230 0.0713728 0.0748848 0.0685044 0.0853519 0.0768726 0.0647637 0.0784180 0.0652218 0.1279283 0.0629908 0.0586036 0.0752675 0.0661335 0.0750698 0.0000000 0.0208140 0.0969775 0.0969775 
Marmosidae_Monodelphis_domestica             0.0637594 0.0827457 0.0567649 0.0704008 0.0713096 0.0666828 0.0538933 0.0648739 0.0668916 0.0675423 0.0602536 0.0662834 0.0595279 0.0660715 0.0851625 0.0599625 0.0627051 0.0635130 0.0714298 0.0680228 0.0692860 0.0653297 0.0834035 0.0721442 0.0666499 0.0772629 0.0630490 0.1191928 0.0605946 0.0608169 0.0694293 0.0647567 0.0667567 0.0208140 0.0000000 0.0899630 0.0899630 
Myrmecobiidae_Myrmecobius_fasciatus1         0.0793179 0.1128461 0.1040771 0.0728347 0.0753402 0.0498166 0.0542303 0.0834628 0.0685777 9.0000000 0.0614919 0.0542420 0.0383076 0.0890307 0.1213042 0.0447797 0.0419765 0.0899567 0.0952675 0.0692309 0.1394748 0.0501012 0.1514332 0.0812063 0.1247599 0.0704609 9.0000000 0.0819589 0.0799690 0.0957694 9.0000000 0.0498166 0.1039532 0.0969775 0.0899630 0.0000000 0.0000010 
Myrmecobiidae_Myrmecobius_fasciatus2         0.0793179 0.1128461 0.1040771 0.0728347 0.0753402 0.0498166 0.0542303 0.0834628 0.0685777 9.0000000 0.0614919 0.0542420 0.0383076 0.0890307 0.1213042 0.0447797 0.0419765 0.0899567 0.0952675 0.0692309 0.1394748 0.0501012 0.1514332 0.0812063 0.1247599 0.0704609 9.0000000 0.0819589 0.0799690 0.0957694 9.0000000 0.0498166 0.1039532 0.0969775 0.0899630 0.0000010 0.0000000 
