35
Burramyidae_Burramys_parvus                  0.0000000 0.1776697 0.0868254 0.0787904 0.0808999 0.1177442 0.0711919 0.0960806 0.0867660 0.1464016 0.0750528 0.1152036 0.1253146 0.0753354 0.0764922 0.1446636 0.0820657 0.0803876 0.1552775 0.1540177 0.0778205 0.1327335 0.0841449 0.0837469 0.0801339 0.1009928 0.0892101 0.0756370 0.1419692 0.1183546 0.1464504 0.0996495 0.0886517 0.1024356 0.0977472 
Notoryctidae_Notoryctes_typhlops             0.1776697 0.0000000 0.1505717 0.1711192 0.1786361 0.2003266 0.1574014 0.1785039 0.1773636 0.1981068 0.1760471 0.1998913 0.2041045 0.1701625 0.1674799 0.2046054 0.1795699 0.1648718 0.2419841 0.2467113 0.1777103 0.2074432 0.1743066 0.1844306 0.1653635 0.2267238 0.1700372 0.1767392 0.1873425 0.1978192 0.1993269 0.1265377 0.1212542 0.1384211 0.1253900 
Vombatidae_Lasiorhinus_latifrons             0.0868254 0.1505717 0.0000000 0.0878458 0.0884318 0.1096939 0.0769551 0.0935160 0.0882156 0.1291607 0.0878349 0.1032499 0.1113074 0.0800066 0.0881229 0.1256887 0.0876684 0.0819292 0.1431845 0.1383808 0.0838032 0.1221207 0.0934672 0.0908649 0.0864393 0.1127078 0.0866354 0.0848506 0.1268368 0.1123449 0.1283911 0.1031052 0.0963865 0.1115137 0.1051898 
Potoroidae_Bettongia_penicillata             0.0787904 0.1711192 0.0878458 0.0000000 0.0040626 0.1184402 0.0779817 0.0922155 0.0168807 0.1391942 0.0879840 0.1147546 0.1224387 0.0802074 0.0850257 0.1420337 0.0295041 0.0793685 0.1531146 0.1523543 0.0471840 0.1353169 0.0942485 0.0306928 0.0786872 0.1100501 0.0922038 0.0864934 0.1358551 0.1214556 0.1400581 0.1106034 0.1008239 0.1117937 0.1022672 
Potoroidae_Bettongia_lesueur                 0.0808999 0.1786361 0.0884318 0.0040626 0.0000000 0.1165264 0.0781577 0.0924338 0.0162537 0.1398635 0.0888967 0.1125033 0.1215324 0.0803166 0.0867611 0.1433363 0.0295238 0.0807867 0.1562952 0.1556279 0.0487506 0.1350115 0.0953585 0.0314223 0.0789410 0.1111640 0.0928583 0.0866209 0.1385873 0.1199708 0.1407301 0.1064228 0.0968750 0.1094824 0.1019677 
Dasyuridae_Dasyurus_maculatus                0.1177442 0.2003266 0.1096939 0.1184402 0.1165264 0.0000000 0.1117951 0.1289986 0.1192092 0.1375308 0.1218863 0.0230745 0.0365516 0.1128296 0.1207697 0.1390286 0.1197489 0.1170497 0.1421109 0.1405894 0.1174319 0.1243346 0.1317507 0.1250319 0.1171005 0.1445409 0.1196518 0.1203435 0.1358883 0.0125705 0.1369450 0.0231422 0.0090440 0.0344655 0.0232428 
Phalangeridae_Trichosurus_vulpecula          0.0711919 0.1574014 0.0769551 0.0779817 0.0781577 0.1117951 0.0000000 0.0403660 0.0817023 0.1319913 0.0303015 0.1107647 0.1219335 0.0246777 0.0747555 0.1304278 0.0764250 0.0678731 0.1456015 0.1520616 0.0810731 0.1201651 0.0805755 0.0789393 0.0689433 0.1073859 0.0775527 0.0299649 0.1293019 0.1112844 0.1308917 0.1140390 0.1051246 0.1194099 0.1114445 
Phalangeridae_Spilocuscus_maculatus          0.0960806 0.1785039 0.0935160 0.0922155 0.0924338 0.1289986 0.0403660 0.0000000 0.0913873 0.1460111 0.0416626 0.1247523 0.1346848 0.0304570 0.0938641 0.1481895 0.0943023 0.0841606 0.1586343 0.1661593 0.0960193 0.1356247 0.1017592 0.0942345 0.0839536 0.1242945 0.0955318 0.0409780 0.1441338 0.1272871 0.1469230 0.1297202 0.1236063 0.1359916 0.1330997 
Potoroidae_Aepyprymnus_rufescens             0.0867660 0.1773636 0.0882156 0.0168807 0.0162537 0.1192092 0.0817023 0.0913873 0.0000000 0.1384448 0.0898420 0.1142633 0.1261030 0.0802314 0.0900851 0.1430775 0.0309055 0.0835582 0.1528738 0.1524986 0.0489247 0.1335264 0.0984399 0.0327571 0.0836248 0.1140916 0.0919006 0.0855667 0.1400521 0.1214987 0.1397875 0.1065273 0.0969012 0.1156119 0.1027430 
Peramelidae_Perameles_nasuta                 0.1464016 0.1981068 0.1291607 0.1391942 0.1398635 0.1375308 0.1319913 0.1460111 0.1384448 0.0000000 0.1375580 0.1341383 0.1444807 0.1254854 0.1323234 0.0226927 0.1354250 0.1300135 0.1693897 0.1726630 0.1346402 0.1506304 0.1440071 0.1416079 0.1286944 0.1635506 0.1382119 0.1394004 0.0220046 0.1364289 0.0011720 0.1245778 0.1189232 0.1278922 0.1259540 
Phalangeridae_Strigocuscus_pelengensis       0.0750528 0.1760471 0.0878349 0.0879840 0.0888967 0.1218863 0.0303015 0.0416626 0.0898420 0.1375580 0.0000000 0.1208077 0.1303498 0.0233487 0.0803320 0.1390877 0.0903263 0.0730710 0.1542388 0.1578952 0.0899498 0.1343586 0.0891073 0.0908443 0.0749971 0.1140787 0.0863675 0.0246014 0.1355500 0.1225547 0.1384125 0.1270414 0.1144773 0.1338670 0.1255517 
Dasyuridae_Phascogale_tapoatafa              0.1152036 0.1998913 0.1032499 0.1147546 0.1125033 0.0230745 0.1107647 0.1247523 0.1142633 0.1341383 0.1208077 0.0000000 0.0307358 0.1136561 0.1206617 0.1308360 0.1162598 0.1123404 0.1452818 0.1398182 0.1160525 0.1161334 0.1280019 0.1220824 0.1138236 0.1389086 0.1211735 0.1215588 0.1325020 0.0218402 0.1335389 0.0049544 0.0175559 0.0325721 0.0141867 
Dasyuridae_Sminthopsis_macroura              0.1253146 0.2041045 0.1113074 0.1224387 0.1215324 0.0365516 0.1219335 0.1346848 0.1261030 0.1444807 0.1303498 0.0307358 0.0000000 0.1209309 0.1269846 0.1420753 0.1207457 0.1186484 0.1494583 0.1490422 0.1250690 0.1344909 0.1300176 0.1285683 0.1188648 0.1450682 0.1265588 0.1298237 0.1411959 0.0354298 0.1445461 0.0312551 0.0272008 0.0306624 0.0366674 
Phalangeridae_Phalanger_orientalis           0.0753354 0.1701625 0.0800066 0.0802074 0.0803166 0.1128296 0.0246777 0.0304570 0.0802314 0.1254854 0.0233487 0.1136561 0.1209309 0.0000000 0.0763095 0.1292076 0.0794516 0.0662675 0.1456860 0.1530827 0.0808123 0.1250146 0.0821453 0.0805284 0.0656033 0.1031221 0.0798100 0.0160124 0.1278810 0.1117863 0.1262871 0.1128100 0.1040648 0.1203324 0.1163074 
Acrobatidae_Acrobates_pygmaeus               0.0764922 0.1674799 0.0881229 0.0850257 0.0867611 0.1207697 0.0747555 0.0938641 0.0900851 0.1323234 0.0803320 0.1206617 0.1269846 0.0763095 0.0000000 0.1316066 0.0881176 0.0645873 0.1494005 0.1476586 0.0824979 0.1320673 0.0749139 0.0919944 0.0633259 0.0950373 0.0441270 0.0838474 0.1310264 0.1224009 0.1327547 0.1208202 0.1087795 0.1271353 0.1237900 
Peramelidae_Echymipera_kalubu                0.1446636 0.2046054 0.1256887 0.1420337 0.1433363 0.1390286 0.1304278 0.1481895 0.1430775 0.0226927 0.1390877 0.1308360 0.1420753 0.1292076 0.1316066 0.0000000 0.1383879 0.1368453 0.1726389 0.1702292 0.1360965 0.1514062 0.1427688 0.1427314 0.1326849 0.1609820 0.1374913 0.1413587 0.0194913 0.1356773 0.0214117 0.1228185 0.1192645 0.1271299 0.1208653 
Macropodidae_Dorcopsulus_vanheurni           0.0820657 0.1795699 0.0876684 0.0295041 0.0295238 0.1197489 0.0764250 0.0943023 0.0309055 0.1354250 0.0903263 0.1162598 0.1207457 0.0794516 0.0881176 0.1383879 0.0000000 0.0752239 0.1514207 0.1524914 0.0467577 0.1324961 0.0917030 0.0123201 0.0757083 0.1141006 0.0902928 0.0846551 0.1349197 0.1212145 0.1367643 0.1066290 0.0988926 0.1148752 0.1068675 
Pseudochiridae_Pseudochirulus_forbesi        0.0803876 0.1648718 0.0819292 0.0793685 0.0807867 0.1170497 0.0678731 0.0841606 0.0835582 0.1300135 0.0730710 0.1123404 0.1186484 0.0662675 0.0645873 0.1368453 0.0752239 0.0000000 0.1421617 0.1488507 0.0813836 0.1303860 0.0473162 0.0783454 0.0221672 0.0895569 0.0718767 0.0743703 0.1314033 0.1177641 0.1304163 0.1150511 0.1066143 0.1252952 0.1185559 
Didelphidae_Didelphis_virginiana             0.1552775 0.2419841 0.1431845 0.1531146 0.1562952 0.1421109 0.1456015 0.1586343 0.1528738 0.1693897 0.1542388 0.1452818 0.1494583 0.1456860 0.1494005 0.1726389 0.1514207 0.1421617 0.0000000 0.0447724 0.1516444 0.1483277 0.1628408 0.1570251 0.1426013 0.1730048 0.1461248 0.1555300 0.1695824 0.1414355 0.1704791 0.1613270 0.1448104 0.1562656 0.1553257 
Marmosidae_Monodelphis_domestica             0.1540177 0.2467113 0.1383808 0.1523543 0.1556279 0.1405894 0.1520616 0.1661593 0.1524986 0.1726630 0.1578952 0.1398182 0.1490422 0.1530827 0.1476586 0.1702292 0.1524914 0.1488507 0.0447724 0.0000000 0.1463690 0.1496447 0.1685143 0.1554804 0.1474970 0.1760568 0.1410486 0.1627641 0.1703739 0.1385108 0.1724342 0.1498817 0.1375270 0.1522829 0.1503181 
Hypsiprymnodontidae_Hypsiprymnodon_moschatus 0.0778205 0.1777103 0.0838032 0.0471840 0.0487506 0.1174319 0.0810731 0.0960193 0.0489247 0.1346402 0.0899498 0.1160525 0.1250690 0.0808123 0.0824979 0.1360965 0.0467577 0.0813836 0.1516444 0.1463690 0.0000000 0.1257746 0.0972655 0.0500458 0.0816878 0.1056473 0.0910461 0.0873216 0.1322128 0.1204116 0.1355007 0.1204444 0.1124283 0.1283519 0.1170143 
Microbiotheriidae_Dromiciops_gliroides       0.1327335 0.2074432 0.1221207 0.1353169 0.1350115 0.1243346 0.1201651 0.1356247 0.1335264 0.1506304 0.1343586 0.1161334 0.1344909 0.1250146 0.1320673 0.1514062 0.1324961 0.1303860 0.1483277 0.1496447 0.1257746 0.0000000 0.1482857 0.1361611 0.1328854 0.1519730 0.1379471 0.1279865 0.1519945 0.1240604 0.1511776 0.1230464 0.1230357 0.1412339 0.1312922 
Pseudochiridae_Petauroides_volans            0.0841449 0.1743066 0.0934672 0.0942485 0.0953585 0.1317507 0.0805755 0.1017592 0.0984399 0.1440071 0.0891073 0.1280019 0.1300176 0.0821453 0.0749139 0.1427688 0.0917030 0.0473162 0.1628408 0.1685143 0.0972655 0.1482857 0.0000000 0.0944976 0.0441747 0.0949685 0.0824204 0.0881668 0.1412834 0.1294142 0.1444005 0.1368139 0.1264938 0.1447104 0.1387939 
Macropodidae_Wallabia_bicolor                0.0837469 0.1844306 0.0908649 0.0306928 0.0314223 0.1250319 0.0789393 0.0942345 0.0327571 0.1416079 0.0908443 0.1220824 0.1285683 0.0805284 0.0919944 0.1427314 0.0123201 0.0783454 0.1570251 0.1554804 0.0500458 0.1361611 0.0944976 0.0000000 0.0794202 0.1152187 0.0949147 0.0871909 0.1392790 0.1262082 0.1429616 0.1141191 0.1053642 0.1254609 0.1122370 
Pseudochiridae_Pseudocheirus_occidentalis    0.0801339 0.1653635 0.0864393 0.0786872 0.0789410 0.1171005 0.0689433 0.0839536 0.0836248 0.1286944 0.0749971 0.1138236 0.1188648 0.0656033 0.0633259 0.1326849 0.0757083 0.0221672 0.1426013 0.1474970 0.0816878 0.1328854 0.0441747 0.0794202 0.0000000 0.0835861 0.0666871 0.0759827 0.1312163 0.1176017 0.1290972 0.1200580 0.1078999 0.1319409 0.1220922 
Tarsipedidae_Tarsipes_rostratus              0.1009928 0.2267238 0.1127078 0.1100501 0.1111640 0.1445409 0.1073859 0.1242945 0.1140916 0.1635506 0.1140787 0.1389086 0.1450682 0.1031221 0.0950373 0.1609820 0.1141006 0.0895569 0.1730048 0.1760568 0.1056473 0.1519730 0.0949685 0.1152187 0.0835861 0.0000000 0.0979188 0.1138479 0.1586833 0.1425304 0.1640498 0.1507669 0.1413842 0.1572802 0.1515175 
Acrobatidae_Distoechurus_pennatus            0.0892101 0.1700372 0.0866354 0.0922038 0.0928583 0.1196518 0.0775527 0.0955318 0.0919006 0.1382119 0.0863675 0.1211735 0.1265588 0.0798100 0.0441270 0.1374913 0.0902928 0.0718767 0.1461248 0.1410486 0.0910461 0.1379471 0.0824204 0.0949147 0.0666871 0.0979188 0.0000000 0.0846172 0.1377647 0.1208490 0.1378383 0.1214793 0.1123361 0.1305387 0.1244537 
Phalangeridae_Phalanger_carmelitae           0.0756370 0.1767392 0.0848506 0.0864934 0.0866209 0.1203435 0.0299649 0.0409780 0.0855667 0.1394004 0.0246014 0.1215588 0.1298237 0.0160124 0.0838474 0.1413587 0.0846551 0.0743703 0.1555300 0.1627641 0.0873216 0.1279865 0.0881668 0.0871909 0.0759827 0.1138479 0.0846172 0.0000000 0.1417202 0.1232420 0.1403429 0.1270209 0.1173847 0.1328357 0.1280175 
Peramelidae_Peroryctes_raffrayana            0.1419692 0.1873425 0.1268368 0.1358551 0.1385873 0.1358883 0.1293019 0.1441338 0.1400521 0.0220046 0.1355500 0.1325020 0.1411959 0.1278810 0.1310264 0.0194913 0.1349197 0.1314033 0.1695824 0.1703739 0.1322128 0.1519945 0.1412834 0.1392790 0.1312163 0.1586833 0.1377647 0.1417202 0.0000000 0.1356495 0.0233235 0.1214848 0.1141175 0.1261642 0.1220641 
Dasyuridae_Dasyurus_geffroii                 0.1183546 0.1978192 0.1123449 0.1214556 0.1199708 0.0125705 0.1112844 0.1272871 0.1214987 0.1364289 0.1225547 0.0218402 0.0354298 0.1117863 0.1224009 0.1356773 0.1212145 0.1177641 0.1414355 0.1385108 0.1204116 0.1240604 0.1294142 0.1262082 0.1176017 0.1425304 0.1208490 0.1232420 0.1356495 0.0000000 0.1358376 0.0231909 0.0101068 0.0345740 0.0256925 
Peramelidae_Perameles_gunnii                 0.1464504 0.1993269 0.1283911 0.1400581 0.1407301 0.1369450 0.1308917 0.1469230 0.1397875 0.0011720 0.1384125 0.1335389 0.1445461 0.1262871 0.1327547 0.0214117 0.1367643 0.1304163 0.1704791 0.1724342 0.1355007 0.1511776 0.1444005 0.1429616 0.1290972 0.1640498 0.1378383 0.1403429 0.0233235 0.1358376 0.0000000 0.1249461 0.1192684 0.1290156 0.1270603 
Dasyuridae_Phascogale_calura                 0.0996495 0.1265377 0.1031052 0.1106034 0.1064228 0.0231422 0.1140390 0.1297202 0.1065273 0.1245778 0.1270414 0.0049544 0.0312551 0.1128100 0.1208202 0.1228185 0.1066290 0.1150511 0.1613270 0.1498817 0.1204444 0.1230464 0.1368139 0.1141191 0.1200580 0.1507669 0.1214793 0.1270209 0.1214848 0.0231909 0.1249461 0.0000000 0.0197559 0.0338016 0.0164008 
Dasyuridae_Sarcophilus_harrisii              0.0886517 0.1212542 0.0963865 0.1008239 0.0968750 0.0090440 0.1051246 0.1236063 0.0969012 0.1189232 0.1144773 0.0175559 0.0272008 0.1040648 0.1087795 0.1192645 0.0988926 0.1066143 0.1448104 0.1375270 0.1124283 0.1230357 0.1264938 0.1053642 0.1078999 0.1413842 0.1123361 0.1173847 0.1141175 0.0101068 0.1192684 0.0197559 0.0000000 0.0307388 0.0209489 
Dasyuridae_Planigale_tenuirostris            0.1024356 0.1384211 0.1115137 0.1117937 0.1094824 0.0344655 0.1194099 0.1359916 0.1156119 0.1278922 0.1338670 0.0325721 0.0306624 0.1203324 0.1271353 0.1271299 0.1148752 0.1252952 0.1562656 0.1522829 0.1283519 0.1412339 0.1447104 0.1254609 0.1319409 0.1572802 0.1305387 0.1328357 0.1261642 0.0345740 0.1290156 0.0338016 0.0307388 0.0000000 0.0351706 
Dasyuridae_Antechinus_stuartii               0.0977472 0.1253900 0.1051898 0.1022672 0.1019677 0.0232428 0.1114445 0.1330997 0.1027430 0.1259540 0.1255517 0.0141867 0.0366674 0.1163074 0.1237900 0.1208653 0.1068675 0.1185559 0.1553257 0.1503181 0.1170143 0.1312922 0.1387939 0.1122370 0.1220922 0.1515175 0.1244537 0.1280175 0.1220641 0.0256925 0.1270603 0.0164008 0.0209489 0.0351706 0.0000000 
