35
Burramyidae_Burramys_parvus                  0.0000000 0.0956194 0.0706368 0.1141708 0.0700837 0.1003609 0.0968951 0.0529280 0.1352519 0.1192550 0.0523587 0.1042809 0.1154848 0.0607804 0.0697693 0.1114067 0.1046269 0.1397140 0.1128722 0.0697410 0.0835998 0.1503454 0.1627879 0.0969231 0.0750501 0.1090022 0.0742158 0.0803578 0.0779643 0.1322980 0.0640224 0.0554019 0.1051254 0.1072748 0.1192402 
Notoryctidae_Notoryctes_typhlops             0.0956194 0.0000000 0.1084268 0.1528288 0.1160431 0.1123011 0.1450923 0.1032800 0.1753833 0.1252815 0.1052910 0.1212715 0.1296238 0.1145432 0.1150813 0.1236847 0.1229192 0.1569263 0.1235226 0.1089582 0.1246674 0.1753514 0.1662632 0.1109915 0.1037355 0.1222974 0.1221755 0.1096746 0.1260299 0.1762487 0.1063669 0.1095473 0.1143070 0.1220064 0.1248544 
Vombatidae_Lasiorhinus_latifrons             0.0706368 0.1084268 0.0000000 0.1322985 0.0869966 0.1125432 0.1192550 0.0759005 0.1592953 0.1272930 0.0770772 0.1202151 0.1344960 0.0813074 0.0921172 0.1290118 0.1181192 0.1500822 0.1212525 0.0860270 0.0917825 0.1542694 0.1800011 0.1132192 0.0997851 0.1155630 0.0868462 0.0983231 0.0853548 0.1450376 0.0853928 0.0760779 0.1165816 0.1170323 0.1287264 
Potoroidae_Bettongia_penicillata             0.1141708 0.1528288 0.1322985 0.0000000 0.0566820 0.1390975 0.1252368 0.1299589 0.0650807 0.1768862 0.1227742 0.1692724 0.1593397 0.1347150 0.1343368 0.1615109 0.1681981 0.1540671 0.1758143 0.0543257 0.1560883 0.2039574 0.2443349 0.1388725 0.1084294 0.1510909 0.1443637 0.0795274 0.1511310 0.1539088 0.1043327 0.1276942 0.1686992 0.1676459 0.1772686 
Potoroidae_Bettongia_lesueur                 0.0700837 0.1160431 0.0869966 0.0566820 0.0000000 0.1122709 0.1316055 0.0843061 0.0950123 0.1392049 0.0815529 0.1202031 0.1323168 0.0943592 0.0988187 0.1304955 0.1181026 0.1576819 0.1356689 0.0424252 0.1075963 0.1657830 0.1795972 0.1125353 0.0683599 0.1234025 0.0963841 0.0547582 0.1032882 0.1550619 0.0907891 0.0870528 0.1265818 0.1200603 0.1379450 
Dasyuridae_Dasyurus_maculatus                0.1003609 0.1123011 0.1125432 0.1390975 0.1122709 0.0000000 0.1293845 0.1087224 0.1745897 0.1273859 0.1085256 0.0240914 0.0388539 0.1207877 0.1141871 0.0243797 0.0088646 0.0342069 0.1252323 0.1215830 0.1330812 0.1557936 0.1371736 0.0200749 0.1113277 0.1211549 0.1243534 0.1210340 0.1250557 0.1583605 0.1206589 0.1133469 0.1176358 0.0097583 0.1272257 
Phalangeridae_Trichosurus_vulpecula          0.0968951 0.1450923 0.1192550 0.1252368 0.1316055 0.1293845 0.0000000 0.0758478 0.1540353 0.1654773 0.0720363 0.1570156 0.1516584 0.0683044 0.1177008 0.1503374 0.1587764 0.1412154 0.1681098 0.0997480 0.1416385 0.1992164 0.2321857 0.1239400 0.1277210 0.1415311 0.1311270 0.1283063 0.1380402 0.1338567 0.0976130 0.0633836 0.1541333 0.1609653 0.1640380 
Phalangeridae_Spilocuscus_maculatus          0.0529280 0.1032800 0.0759005 0.1299589 0.0843061 0.1087224 0.0758478 0.0000000 0.1520288 0.1265797 0.0204308 0.1151319 0.1249037 0.0261061 0.0788233 0.1238099 0.1140740 0.1445955 0.1240222 0.0811514 0.0926860 0.1507702 0.1676753 0.1054728 0.0849995 0.1163715 0.0776191 0.0938342 0.0861535 0.1323992 0.0710819 0.0256792 0.1134393 0.1170606 0.1232213 
Potoroidae_Aepyprymnus_rufescens             0.1352519 0.1753833 0.1592953 0.0650807 0.0950123 0.1745897 0.1540353 0.1520288 0.0000000 0.2153337 0.1462008 0.2025128 0.1991615 0.1612275 0.1593387 0.1945939 0.2047996 0.1991005 0.2120053 0.0768821 0.1841810 0.2414591 0.3303440 0.1729231 0.1359614 0.1787839 0.1732156 0.0996533 0.1847253 0.1944515 0.1359727 0.1535889 0.2062922 0.2024110 0.2123512 
Peramelidae_Perameles_nasuta                 0.1192550 0.1252815 0.1272930 0.1768862 0.1392049 0.1273859 0.1654773 0.1265797 0.2153337 0.0000000 0.1260822 0.1455620 0.1421284 0.1325186 0.1422478 0.1521445 0.1420241 0.1733120 0.0313652 0.1203482 0.1493579 0.1958176 0.1642668 0.1271299 0.1234976 0.1413224 0.1498396 0.1358256 0.1499019 0.2004561 0.1191759 0.1273612 0.0326219 0.1414447 0.0022036 
Phalangeridae_Strigocuscus_pelengensis       0.0523587 0.1052910 0.0770772 0.1227742 0.0815529 0.1085256 0.0720363 0.0204308 0.1462008 0.1260822 0.0000000 0.1171126 0.1286190 0.0274862 0.0805042 0.1249970 0.1153116 0.1479848 0.1245569 0.0804617 0.0915948 0.1543615 0.1668690 0.1069052 0.0866066 0.1161067 0.0799052 0.0926055 0.0898402 0.1369086 0.0727469 0.0246460 0.1114633 0.1183197 0.1233547 
Dasyuridae_Phascogale_tapoatafa              0.1042809 0.1212715 0.1202151 0.1692724 0.1202031 0.0240914 0.1570156 0.1151319 0.2025128 0.1455620 0.1171126 0.0000000 0.0389559 0.1270003 0.1255193 0.0098493 0.0235981 0.0630288 0.1396321 0.1230279 0.1425685 0.1696858 0.1586909 0.0120986 0.1202654 0.1473991 0.1326507 0.1307722 0.1373143 0.1905472 0.1232468 0.1203385 0.1301785 0.0250791 0.1425759 
Dasyuridae_Sminthopsis_macroura              0.1154848 0.1296238 0.1344960 0.1593397 0.1323168 0.0388539 0.1516584 0.1249037 0.1991615 0.1421284 0.1286190 0.0389559 0.0000000 0.1371481 0.1332192 0.0395299 0.0399348 0.0454404 0.1392141 0.1369320 0.1557495 0.1780456 0.1386103 0.0392303 0.1235575 0.1430944 0.1416570 0.1368928 0.1489717 0.1855092 0.1383335 0.1319079 0.1378891 0.0410432 0.1398569 
Phalangeridae_Phalanger_orientalis           0.0607804 0.1145432 0.0813074 0.1347150 0.0943592 0.1207877 0.0683044 0.0261061 0.1612275 0.1325186 0.0274862 0.1270003 0.1371481 0.0000000 0.0907290 0.1372283 0.1264662 0.1565213 0.1361633 0.0868948 0.1018144 0.1623636 0.1823376 0.1154939 0.0942820 0.1249899 0.0863915 0.1002924 0.0969474 0.1475434 0.0850184 0.0111710 0.1237569 0.1295756 0.1329629 
Acrobatidae_Acrobates_pygmaeus               0.0697693 0.1150813 0.0921172 0.1343368 0.0988187 0.1141871 0.1177008 0.0788233 0.1593387 0.1422478 0.0805042 0.1255193 0.1332192 0.0907290 0.0000000 0.1317481 0.1294916 0.1547875 0.1344275 0.0782385 0.1010748 0.1729121 0.1822317 0.1110589 0.0894561 0.1194969 0.0885138 0.0935112 0.0963639 0.1329585 0.0460075 0.0840999 0.1247738 0.1261638 0.1405318 
Dasyuridae_Phascogale_calura                 0.1114067 0.1236847 0.1290118 0.1615109 0.1304955 0.0243797 0.1503374 0.1238099 0.1945939 0.1521445 0.1249970 0.0098493 0.0395299 0.1372283 0.1317481 0.0000000 0.0307085 0.0638804 0.1456640 0.1260638 0.1516082 0.1801124 0.1739695 0.0117628 0.1230272 0.1499482 0.1436397 0.1324517 0.1459912 0.1927554 0.1239563 0.1293062 0.1339174 0.0303275 0.1495750 
Dasyuridae_Sarcophilus_harrisii              0.1046269 0.1229192 0.1181192 0.1681981 0.1181026 0.0088646 0.1587764 0.1140740 0.2047996 0.1420241 0.1153116 0.0235981 0.0399348 0.1264662 0.1294916 0.0307085 0.0000000 0.0603202 0.1364111 0.1241083 0.1396532 0.1664311 0.1609550 0.0205854 0.1216785 0.1429947 0.1298503 0.1330585 0.1332911 0.1928193 0.1201473 0.1198196 0.1301999 0.0098080 0.1415641 
Dasyuridae_Planigale_tenuirostris            0.1397140 0.1569263 0.1500822 0.1540671 0.1576819 0.0342069 0.1412154 0.1445955 0.1991005 0.1733120 0.1479848 0.0630288 0.0454404 0.1565213 0.1547875 0.0638804 0.0603202 0.0000000 0.1675347 0.1363870 0.1762363 0.2002449 0.2008972 0.0371018 0.1542841 0.1606730 0.1641353 0.1670795 0.1707004 0.1647233 0.1302470 0.1490611 0.1630567 0.0625069 0.1690121 
Peramelidae_Echymipera_kalubu                0.1128722 0.1235226 0.1212525 0.1758143 0.1356689 0.1252323 0.1681098 0.1240222 0.2120053 0.0313652 0.1245569 0.1396321 0.1392141 0.1361633 0.1344275 0.1456640 0.1364111 0.1675347 0.0000000 0.1270649 0.1462322 0.1878275 0.1710810 0.1274329 0.1239218 0.1418223 0.1400915 0.1381031 0.1460037 0.1881696 0.1239566 0.1291020 0.0205778 0.1369126 0.0312379 
Macropodidae_Dorcopsulus_vanheurni           0.0697410 0.1089582 0.0860270 0.0543257 0.0424252 0.1215830 0.0997480 0.0811514 0.0768821 0.1203482 0.0804617 0.1230279 0.1369320 0.0868948 0.0782385 0.1260638 0.1241083 0.1363870 0.1270649 0.0000000 0.1020736 0.1682726 0.1534786 0.1189998 0.0613389 0.1117770 0.0910646 0.0177642 0.0923239 0.1305636 0.0867676 0.0818825 0.1201444 0.1246211 0.1215698 
Pseudochiridae_Pseudochirulus_forbesi        0.0835998 0.1246674 0.0917825 0.1560883 0.1075963 0.1330812 0.1416385 0.0926860 0.1841810 0.1493579 0.0915948 0.1425685 0.1557495 0.1018144 0.1010748 0.1516082 0.1396532 0.1762363 0.1462322 0.1020736 0.0000000 0.1844833 0.1974631 0.1307603 0.1184053 0.1375291 0.0628371 0.1149209 0.0375830 0.1421220 0.0939020 0.0941322 0.1430909 0.1396602 0.1508042 
Didelphidae_Didelphis_virginiana             0.1503454 0.1753514 0.1542694 0.2039574 0.1657830 0.1557936 0.1992164 0.1507702 0.2414591 0.1958176 0.1543615 0.1696858 0.1780456 0.1623636 0.1729121 0.1801124 0.1664311 0.2002449 0.1878275 0.1682726 0.1844833 0.0000000 0.0865501 0.1558862 0.1690143 0.1858168 0.1824858 0.1855436 0.1837398 0.2316069 0.1606445 0.1551213 0.1710939 0.1655324 0.1924415 
Marmosidae_Monodelphis_domestica             0.1627879 0.1662632 0.1800011 0.2443349 0.1795972 0.1371736 0.2321857 0.1676753 0.3303440 0.1642668 0.1668690 0.1586909 0.1386103 0.1823376 0.1822317 0.1739695 0.1609550 0.2008972 0.1710810 0.1534786 0.1974631 0.0865501 0.0000000 0.1278362 0.1635818 0.1815553 0.2041045 0.1825999 0.1986562 0.2476760 0.1494335 0.1724153 0.1368108 0.1613130 0.1715663 
Dasyuridae_Antechinus_stuartii               0.0969231 0.1109915 0.1132192 0.1388725 0.1125353 0.0200749 0.1239400 0.1054728 0.1729231 0.1271299 0.1069052 0.0120986 0.0392303 0.1154939 0.1110589 0.0117628 0.0205854 0.0371018 0.1274329 0.1189998 0.1307603 0.1558862 0.1278362 0.0000000 0.1062773 0.1209209 0.1231616 0.1180498 0.1266905 0.1580270 0.1162525 0.1087552 0.1180388 0.0238663 0.1269564 
Hypsiprymnodontidae_Hypsiprymnodon_moschatus 0.0750501 0.1037355 0.0997851 0.1084294 0.0683599 0.1113277 0.1277210 0.0849995 0.1359614 0.1234976 0.0866066 0.1202654 0.1235575 0.0942820 0.0894561 0.1230272 0.1216785 0.1542841 0.1239218 0.0613389 0.1184053 0.1690143 0.1635818 0.1062773 0.0000000 0.1241105 0.1021061 0.0610844 0.1159974 0.1518107 0.0793498 0.0912777 0.1129031 0.1235703 0.1234842 
Microbiotheriidae_Dromiciops_gliroides       0.1090022 0.1222974 0.1155630 0.1510909 0.1234025 0.1211549 0.1415311 0.1163715 0.1787839 0.1413224 0.1161067 0.1473991 0.1430944 0.1249899 0.1194969 0.1499482 0.1429947 0.1606730 0.1418223 0.1117770 0.1375291 0.1858168 0.1815553 0.1209209 0.1241105 0.0000000 0.1235657 0.1209343 0.1313838 0.1794927 0.1015252 0.1181386 0.1301799 0.1468546 0.1401141 
Pseudochiridae_Petauroides_volans            0.0742158 0.1221755 0.0868462 0.1443637 0.0963841 0.1243534 0.1311270 0.0776191 0.1732156 0.1498396 0.0799052 0.1326507 0.1416570 0.0863915 0.0885138 0.1436397 0.1298503 0.1641353 0.1400915 0.0910646 0.0628371 0.1824858 0.2041045 0.1231616 0.1021061 0.1235657 0.0000000 0.1032560 0.0550153 0.1354994 0.0798792 0.0832649 0.1331064 0.1328216 0.1450262 
Macropodidae_Wallabia_bicolor                0.0803578 0.1096746 0.0983231 0.0795274 0.0547582 0.1210340 0.1283063 0.0938342 0.0996533 0.1358256 0.0926055 0.1307722 0.1368928 0.1002924 0.0935112 0.1324517 0.1330585 0.1670795 0.1381031 0.0177642 0.1149209 0.1855436 0.1825999 0.1180498 0.0610844 0.1209343 0.1032560 0.0000000 0.1112562 0.1582128 0.0837449 0.0946884 0.1271142 0.1312784 0.1374393 
Pseudochiridae_Pseudocheirus_occidentalis    0.0779643 0.1260299 0.0853548 0.1511310 0.1032882 0.1250557 0.1380402 0.0861535 0.1847253 0.1499019 0.0898402 0.1373143 0.1489717 0.0969474 0.0963639 0.1459912 0.1332911 0.1707004 0.1460037 0.0923239 0.0375830 0.1837398 0.1986562 0.1266905 0.1159974 0.1313838 0.0550153 0.1112562 0.0000000 0.1372004 0.0793090 0.0922500 0.1427359 0.1343105 0.1491751 
Tarsipedidae_Tarsipes_rostratus              0.1322980 0.1762487 0.1450376 0.1539088 0.1550619 0.1583605 0.1338567 0.1323992 0.1944515 0.2004561 0.1369086 0.1905472 0.1855092 0.1475434 0.1329585 0.1927554 0.1928193 0.1647233 0.1881696 0.1305636 0.1421220 0.2316069 0.2476760 0.1580270 0.1518107 0.1794927 0.1354994 0.1582128 0.1372004 0.0000000 0.1092047 0.1409004 0.1832643 0.1903628 0.1932638 
Acrobatidae_Distoechurus_pennatus            0.0640224 0.1063669 0.0853928 0.1043327 0.0907891 0.1206589 0.0976130 0.0710819 0.1359727 0.1191759 0.0727469 0.1232468 0.1383335 0.0850184 0.0460075 0.1239563 0.1201473 0.1302470 0.1239566 0.0867676 0.0939020 0.1606445 0.1494335 0.1162525 0.0793498 0.1015252 0.0798792 0.0837449 0.0793090 0.1092047 0.0000000 0.0763029 0.1104095 0.1219843 0.1195933 
Phalangeridae_Phalanger_carmelitae           0.0554019 0.1095473 0.0760779 0.1276942 0.0870528 0.1133469 0.0633836 0.0256792 0.1535889 0.1273612 0.0246460 0.1203385 0.1319079 0.0111710 0.0840999 0.1293062 0.1198196 0.1490611 0.1291020 0.0818825 0.0941322 0.1551213 0.1724153 0.1087552 0.0912777 0.1181386 0.0832649 0.0946884 0.0922500 0.1409004 0.0763029 0.0000000 0.1179453 0.1227790 0.1273137 
Peramelidae_Peroryctes_raffrayana            0.1051254 0.1143070 0.1165816 0.1686992 0.1265818 0.1176358 0.1541333 0.1134393 0.2062922 0.0326219 0.1114633 0.1301785 0.1378891 0.1237569 0.1247738 0.1339174 0.1301999 0.1630567 0.0205778 0.1201444 0.1430909 0.1710939 0.1368108 0.1180388 0.1129031 0.1301799 0.1331064 0.1271142 0.1427359 0.1832643 0.1104095 0.1179453 0.0000000 0.1297615 0.0311213 
Dasyuridae_Dasyurus_geffroii                 0.1072748 0.1220064 0.1170323 0.1676459 0.1200603 0.0097583 0.1609653 0.1170606 0.2024110 0.1414447 0.1183197 0.0250791 0.0410432 0.1295756 0.1261638 0.0303275 0.0098080 0.0625069 0.1369126 0.1246211 0.1396602 0.1655324 0.1613130 0.0238663 0.1235703 0.1468546 0.1328216 0.1312784 0.1343105 0.1903628 0.1219843 0.1227790 0.1297615 0.0000000 0.1409956 
Peramelidae_Perameles_gunnii                 0.1192402 0.1248544 0.1287264 0.1772686 0.1379450 0.1272257 0.1640380 0.1232213 0.2123512 0.0022036 0.1233547 0.1425759 0.1398569 0.1329629 0.1405318 0.1495750 0.1415641 0.1690121 0.0312379 0.1215698 0.1508042 0.1924415 0.1715663 0.1269564 0.1234842 0.1401141 0.1450262 0.1374393 0.1491751 0.1932638 0.1195933 0.1273137 0.0311213 0.1409956 0.0000000 
