35
Burramyidae_Burramys_parvus                  0.0000000 0.0531524 0.0349633 0.0372522 0.0372280 0.0630527 0.0283977 0.0293200 0.0391346 0.0663448 0.0285542 0.0614335 0.0651139 0.0288694 0.0317773 0.0627286 0.0625893 0.0581314 0.0650136 0.0338532 0.0336312 0.0696708 0.0726659 0.0610480 0.0317422 0.0436259 0.0353668 0.0341028 0.0315506 0.0447699 0.0369739 0.0284365 0.0649549 0.0620995 0.0684068 
Notoryctidae_Notoryctes_typhlops             0.0531524 0.0000000 0.0561593 0.0578443 0.0591476 0.0683781 0.0551620 0.0551786 0.0611791 0.0831305 0.0542191 0.0675862 0.0738214 0.0543649 0.0527801 0.0684354 0.0673121 0.0658340 0.0810574 0.0572765 0.0569657 0.0859034 0.0903193 0.0701712 0.0552284 0.0530896 0.0565094 0.0579166 0.0553601 0.0675069 0.0595846 0.0546361 0.0796371 0.0674121 0.0836124 
Vombatidae_Lasiorhinus_latifrons             0.0349633 0.0561593 0.0000000 0.0409587 0.0416494 0.0624458 0.0347681 0.0375650 0.0431359 0.0695619 0.0358260 0.0592527 0.0671565 0.0363944 0.0388698 0.0611584 0.0609255 0.0601020 0.0697700 0.0396928 0.0387437 0.0724522 0.0704140 0.0612645 0.0390299 0.0460305 0.0362585 0.0424149 0.0362587 0.0509324 0.0411946 0.0361668 0.0699753 0.0610166 0.0706208 
Potoroidae_Bettongia_penicillata             0.0372522 0.0578443 0.0409587 0.0000000 0.0030150 0.0636764 0.0373766 0.0385899 0.0062916 0.0746123 0.0382315 0.0634587 0.0676190 0.0371746 0.0377977 0.0646242 0.0634764 0.0614098 0.0727400 0.0143029 0.0437467 0.0734699 0.0745807 0.0651050 0.0209621 0.0512939 0.0447424 0.0152773 0.0388324 0.0520526 0.0423046 0.0374050 0.0723874 0.0641024 0.0750461 
Potoroidae_Bettongia_lesueur                 0.0372280 0.0591476 0.0416494 0.0030150 0.0000000 0.0658129 0.0380545 0.0388084 0.0079578 0.0751420 0.0384513 0.0647748 0.0697932 0.0373916 0.0384821 0.0662289 0.0650700 0.0627951 0.0719203 0.0140984 0.0439732 0.0740066 0.0752054 0.0661619 0.0213718 0.0515302 0.0454562 0.0160706 0.0385742 0.0522681 0.0430008 0.0376221 0.0720277 0.0656961 0.0758706 
Dasyuridae_Dasyurus_maculatus                0.0630527 0.0683781 0.0624458 0.0636764 0.0658129 0.0000000 0.0570266 0.0580833 0.0656241 0.0825250 0.0589044 0.0135310 0.0287687 0.0572631 0.0589584 0.0140314 0.0031866 0.0228010 0.0790209 0.0614798 0.0628919 0.0921357 0.0916104 0.0150217 0.0625546 0.0637633 0.0603650 0.0617523 0.0585643 0.0703743 0.0610789 0.0570044 0.0774779 0.0021103 0.0834397 
Phalangeridae_Trichosurus_vulpecula          0.0283977 0.0551620 0.0347681 0.0373766 0.0380545 0.0570266 0.0000000 0.0098266 0.0370155 0.0665620 0.0102941 0.0555238 0.0624534 0.0107727 0.0320095 0.0563919 0.0573442 0.0529530 0.0630309 0.0361142 0.0340871 0.0682555 0.0639051 0.0554729 0.0328810 0.0455543 0.0362637 0.0358984 0.0341229 0.0458665 0.0351162 0.0098265 0.0652665 0.0569278 0.0674713 
Phalangeridae_Spilocuscus_maculatus          0.0293200 0.0551786 0.0375650 0.0385899 0.0388084 0.0580833 0.0098266 0.0000000 0.0384665 0.0685593 0.0067019 0.0566285 0.0624763 0.0070124 0.0316080 0.0574947 0.0584041 0.0534828 0.0657967 0.0366271 0.0361934 0.0697437 0.0652490 0.0565708 0.0347328 0.0460639 0.0384104 0.0368829 0.0332410 0.0456014 0.0365292 0.0060930 0.0670121 0.0579820 0.0697197 
Potoroidae_Aepyprymnus_rufescens             0.0391346 0.0611791 0.0431359 0.0062916 0.0079578 0.0656241 0.0370155 0.0384665 0.0000000 0.0739791 0.0385688 0.0636565 0.0672910 0.0370485 0.0395351 0.0651068 0.0651430 0.0608025 0.0718460 0.0158915 0.0454886 0.0752765 0.0731932 0.0650444 0.0222201 0.0529107 0.0467398 0.0168968 0.0405539 0.0538607 0.0444862 0.0372793 0.0708404 0.0660513 0.0747327 
Peramelidae_Perameles_nasuta                 0.0663448 0.0831305 0.0695619 0.0746123 0.0751420 0.0825250 0.0665620 0.0685593 0.0739791 0.0000000 0.0689610 0.0774152 0.0906509 0.0670940 0.0683737 0.0793785 0.0806307 0.0842080 0.0119660 0.0738993 0.0719877 0.0864245 0.0893132 0.0806951 0.0732017 0.0726493 0.0728711 0.0735421 0.0714665 0.0827157 0.0708298 0.0679175 0.0141952 0.0809180 0.0005414 
Phalangeridae_Strigocuscus_pelengensis       0.0285542 0.0542191 0.0358260 0.0382315 0.0384513 0.0589044 0.0102941 0.0067019 0.0385688 0.0689610 0.0000000 0.0574259 0.0615506 0.0059588 0.0315782 0.0583118 0.0592300 0.0535798 0.0667251 0.0366987 0.0367817 0.0679588 0.0646059 0.0573241 0.0343509 0.0460030 0.0380595 0.0369828 0.0335328 0.0455513 0.0363934 0.0050382 0.0678733 0.0588005 0.0696297 
Dasyuridae_Phascogale_tapoatafa              0.0614335 0.0675862 0.0592527 0.0634587 0.0647748 0.0135310 0.0555238 0.0566285 0.0636565 0.0774152 0.0574259 0.0000000 0.0262234 0.0558068 0.0576815 0.0026658 0.0119643 0.0225622 0.0771105 0.0606519 0.0620901 0.0900203 0.0869067 0.0076336 0.0601297 0.0632668 0.0595171 0.0621667 0.0569590 0.0699008 0.0616781 0.0558105 0.0738778 0.0127377 0.0790871 
Dasyuridae_Sminthopsis_macroura              0.0651139 0.0738214 0.0671565 0.0676190 0.0697932 0.0287687 0.0624534 0.0624763 0.0672910 0.0906509 0.0615506 0.0262234 0.0000000 0.0616238 0.0620421 0.0269437 0.0277131 0.0140210 0.0889844 0.0640886 0.0688571 0.0964982 0.0922165 0.0263696 0.0663053 0.0675473 0.0680963 0.0672093 0.0646141 0.0773681 0.0686445 0.0616270 0.0854240 0.0280852 0.0909532 
Phalangeridae_Phalanger_orientalis           0.0288694 0.0543649 0.0363944 0.0371746 0.0373916 0.0572631 0.0107727 0.0070124 0.0370485 0.0670940 0.0059588 0.0558068 0.0616238 0.0000000 0.0309291 0.0566273 0.0575813 0.0526201 0.0641819 0.0352263 0.0362159 0.0674445 0.0636094 0.0557541 0.0333525 0.0463000 0.0384148 0.0366430 0.0327920 0.0441193 0.0353801 0.0022929 0.0658554 0.0571637 0.0677731 
Acrobatidae_Acrobates_pygmaeus               0.0317773 0.0527801 0.0388698 0.0377977 0.0384821 0.0589584 0.0320095 0.0316080 0.0395351 0.0683737 0.0315782 0.0576815 0.0620421 0.0309291 0.0000000 0.0590945 0.0584894 0.0543981 0.0679714 0.0374524 0.0318738 0.0732247 0.0718597 0.0588097 0.0357646 0.0459863 0.0312021 0.0373036 0.0285356 0.0400898 0.0277382 0.0309352 0.0680476 0.0575706 0.0694046 
Dasyuridae_Phascogale_calura                 0.0627286 0.0684354 0.0611584 0.0646242 0.0662289 0.0140314 0.0563919 0.0574947 0.0651068 0.0793785 0.0583118 0.0026658 0.0269437 0.0566273 0.0590945 0.0000000 0.0125032 0.0224256 0.0782759 0.0615967 0.0634647 0.0921130 0.0896458 0.0085230 0.0614932 0.0638322 0.0622068 0.0629967 0.0587549 0.0721391 0.0630264 0.0566442 0.0746865 0.0132394 0.0808362 
Dasyuridae_Sarcophilus_harrisii              0.0625893 0.0673121 0.0609255 0.0634764 0.0650700 0.0031866 0.0573442 0.0584041 0.0651430 0.0806307 0.0592300 0.0119643 0.0277131 0.0575813 0.0584894 0.0125032 0.0000000 0.0221593 0.0787571 0.0610026 0.0627029 0.0898707 0.0906802 0.0138724 0.0618192 0.0622205 0.0601486 0.0615977 0.0578842 0.0710184 0.0619414 0.0573218 0.0759228 0.0028256 0.0819225 
Dasyuridae_Planigale_tenuirostris            0.0581314 0.0658340 0.0601020 0.0614098 0.0627951 0.0228010 0.0529530 0.0534828 0.0608025 0.0842080 0.0535798 0.0225622 0.0140210 0.0526201 0.0543981 0.0224256 0.0221593 0.0000000 0.0817969 0.0579809 0.0593338 0.0915653 0.0868280 0.0220301 0.0574229 0.0629727 0.0597418 0.0594148 0.0555493 0.0686365 0.0593594 0.0531672 0.0768686 0.0219047 0.0858016 
Peramelidae_Echymipera_kalubu                0.0650136 0.0810574 0.0697700 0.0727400 0.0719203 0.0790209 0.0630309 0.0657967 0.0718460 0.0119660 0.0667251 0.0771105 0.0889844 0.0641819 0.0679714 0.0782759 0.0787571 0.0817969 0.0000000 0.0712093 0.0711977 0.0889074 0.0935625 0.0806926 0.0685261 0.0722401 0.0732506 0.0723930 0.0693092 0.0806532 0.0695014 0.0646426 0.0092791 0.0786983 0.0124603 
Macropodidae_Dorcopsulus_vanheurni           0.0338532 0.0572765 0.0396928 0.0143029 0.0140984 0.0614798 0.0361142 0.0366271 0.0158915 0.0738993 0.0366987 0.0606519 0.0640886 0.0352263 0.0374524 0.0615967 0.0610026 0.0579809 0.0712093 0.0000000 0.0409777 0.0700261 0.0728942 0.0609455 0.0179571 0.0473281 0.0424292 0.0099991 0.0353838 0.0512132 0.0393685 0.0354624 0.0693580 0.0616300 0.0746438 
Pseudochiridae_Pseudochirulus_forbesi        0.0336312 0.0569657 0.0387437 0.0437467 0.0439732 0.0628919 0.0340871 0.0361934 0.0454886 0.0719877 0.0367817 0.0620901 0.0688571 0.0362159 0.0318738 0.0634647 0.0627029 0.0593338 0.0711977 0.0409777 0.0000000 0.0725279 0.0744582 0.0613678 0.0384639 0.0495026 0.0216632 0.0422779 0.0088019 0.0425387 0.0376972 0.0364223 0.0709938 0.0622300 0.0723583 
Didelphidae_Didelphis_virginiana             0.0696708 0.0859034 0.0724522 0.0734699 0.0740066 0.0921357 0.0682555 0.0697437 0.0752765 0.0864245 0.0679588 0.0900203 0.0964982 0.0674445 0.0732247 0.0921130 0.0898707 0.0915653 0.0889074 0.0700261 0.0725279 0.0000000 0.0376417 0.0913660 0.0710877 0.0745872 0.0761436 0.0720012 0.0691090 0.0853945 0.0760878 0.0684798 0.0847847 0.0913375 0.0882149 
Marmosidae_Monodelphis_domestica             0.0726659 0.0903193 0.0704140 0.0745807 0.0752054 0.0916104 0.0639051 0.0652490 0.0731932 0.0893132 0.0646059 0.0869067 0.0922165 0.0636094 0.0718597 0.0896458 0.0906802 0.0868280 0.0935625 0.0728942 0.0744582 0.0376417 0.0000000 0.0898468 0.0729724 0.0780462 0.0760158 0.0762287 0.0707866 0.0890191 0.0766295 0.0642115 0.0893613 0.0910759 0.0911784 
Dasyuridae_Antechinus_stuartii               0.0610480 0.0701712 0.0612645 0.0651050 0.0661619 0.0150217 0.0554729 0.0565708 0.0650444 0.0806951 0.0573241 0.0076336 0.0263696 0.0557541 0.0588097 0.0085230 0.0138724 0.0220301 0.0806926 0.0609455 0.0613678 0.0913660 0.0898468 0.0000000 0.0620931 0.0648707 0.0636217 0.0623891 0.0587465 0.0716851 0.0625897 0.0557578 0.0763388 0.0142222 0.0824013 
Hypsiprymnodontidae_Hypsiprymnodon_moschatus 0.0317422 0.0552284 0.0390299 0.0209621 0.0213718 0.0625546 0.0328810 0.0347328 0.0222201 0.0732017 0.0343509 0.0601297 0.0663053 0.0333525 0.0357646 0.0614932 0.0618192 0.0574229 0.0685261 0.0179571 0.0384639 0.0710877 0.0729724 0.0620931 0.0000000 0.0472654 0.0392413 0.0194179 0.0348166 0.0494629 0.0387367 0.0333561 0.0692717 0.0613765 0.0736520 
Microbiotheriidae_Dromiciops_gliroides       0.0436259 0.0530896 0.0460305 0.0512939 0.0515302 0.0637633 0.0455543 0.0460639 0.0529107 0.0726493 0.0460030 0.0632668 0.0675473 0.0463000 0.0459863 0.0638322 0.0622205 0.0629727 0.0722401 0.0473281 0.0495026 0.0745872 0.0780462 0.0648707 0.0472654 0.0000000 0.0510075 0.0496910 0.0446564 0.0597535 0.0511818 0.0455510 0.0711866 0.0620522 0.0735967 
Pseudochiridae_Petauroides_volans            0.0353668 0.0565094 0.0362585 0.0447424 0.0454562 0.0603650 0.0362637 0.0384104 0.0467398 0.0728711 0.0380595 0.0595171 0.0680963 0.0384148 0.0312021 0.0622068 0.0601486 0.0597418 0.0732506 0.0424292 0.0216632 0.0761436 0.0760158 0.0636217 0.0392413 0.0510075 0.0000000 0.0437501 0.0198018 0.0435358 0.0364767 0.0381523 0.0717552 0.0594528 0.0736998 
Macropodidae_Wallabia_bicolor                0.0341028 0.0579166 0.0424149 0.0152773 0.0160706 0.0617523 0.0358984 0.0368829 0.0168968 0.0735421 0.0369828 0.0621667 0.0672093 0.0366430 0.0373036 0.0629967 0.0615977 0.0594148 0.0723930 0.0099991 0.0422779 0.0720012 0.0762287 0.0623891 0.0194179 0.0496910 0.0437501 0.0000000 0.0386175 0.0515117 0.0394639 0.0364046 0.0703413 0.0621845 0.0750590 
Pseudochiridae_Pseudocheirus_occidentalis    0.0315506 0.0553601 0.0362587 0.0388324 0.0385742 0.0585643 0.0341229 0.0332410 0.0405539 0.0714665 0.0335328 0.0569590 0.0646141 0.0327920 0.0285356 0.0587549 0.0578842 0.0555493 0.0693092 0.0353838 0.0088019 0.0691090 0.0707866 0.0587465 0.0348166 0.0446564 0.0198018 0.0386175 0.0000000 0.0393634 0.0343501 0.0327696 0.0705721 0.0576395 0.0704434 
Tarsipedidae_Tarsipes_rostratus              0.0447699 0.0675069 0.0509324 0.0520526 0.0522681 0.0703743 0.0458665 0.0456014 0.0538607 0.0827157 0.0455513 0.0699008 0.0773681 0.0441193 0.0400898 0.0721391 0.0710184 0.0686365 0.0806532 0.0512132 0.0425387 0.0853945 0.0890191 0.0716851 0.0494629 0.0597535 0.0435358 0.0515117 0.0393634 0.0000000 0.0463328 0.0436401 0.0795537 0.0700031 0.0836252 
Acrobatidae_Distoechurus_pennatus            0.0369739 0.0595846 0.0411946 0.0423046 0.0430008 0.0610789 0.0351162 0.0365292 0.0444862 0.0708298 0.0363934 0.0616781 0.0686445 0.0353801 0.0277382 0.0630264 0.0619414 0.0593594 0.0695014 0.0393685 0.0376972 0.0760878 0.0766295 0.0625897 0.0387367 0.0511818 0.0364767 0.0394639 0.0343501 0.0463328 0.0000000 0.0353870 0.0696357 0.0609343 0.0725087 
Phalangeridae_Phalanger_carmelitae           0.0284365 0.0546361 0.0361668 0.0374050 0.0376221 0.0570044 0.0098265 0.0060930 0.0372793 0.0679175 0.0050382 0.0558105 0.0616270 0.0022929 0.0309352 0.0566442 0.0573218 0.0531672 0.0646426 0.0354624 0.0364223 0.0684798 0.0642115 0.0557578 0.0333561 0.0455510 0.0381523 0.0364046 0.0327696 0.0436401 0.0353870 0.0000000 0.0663560 0.0569056 0.0685674 
Peramelidae_Peroryctes_raffrayana            0.0649549 0.0796371 0.0699753 0.0723874 0.0720277 0.0774779 0.0652665 0.0670121 0.0708404 0.0141952 0.0678733 0.0738778 0.0854240 0.0658554 0.0680476 0.0746865 0.0759228 0.0768686 0.0092791 0.0693580 0.0709938 0.0847847 0.0893613 0.0763388 0.0692717 0.0711866 0.0717552 0.0703413 0.0705721 0.0795537 0.0696357 0.0663560 0.0000000 0.0762075 0.0144049 
Dasyuridae_Dasyurus_geffroii                 0.0620995 0.0674121 0.0610166 0.0641024 0.0656961 0.0021103 0.0569278 0.0579820 0.0660513 0.0809180 0.0588005 0.0127377 0.0280852 0.0571637 0.0575706 0.0132394 0.0028256 0.0219047 0.0786983 0.0616300 0.0622300 0.0913375 0.0910759 0.0142222 0.0613765 0.0620522 0.0594528 0.0621845 0.0576395 0.0700031 0.0609343 0.0569056 0.0762075 0.0000000 0.0818493 
Peramelidae_Perameles_gunnii                 0.0684068 0.0836124 0.0706208 0.0750461 0.0758706 0.0834397 0.0674713 0.0697197 0.0747327 0.0005414 0.0696297 0.0790871 0.0909532 0.0677731 0.0694046 0.0808362 0.0819225 0.0858016 0.0124603 0.0746438 0.0723583 0.0882149 0.0911784 0.0824013 0.0736520 0.0735967 0.0736998 0.0750590 0.0704434 0.0836252 0.0725087 0.0685674 0.0144049 0.0818493 0.0000000 
