35
Burramyidae_Burramys_parvus                  0.0000000 0.0790568 0.0546808 0.0751380 0.0748323 0.0923970 0.0555168 0.0542861 0.0747014 0.0990350 0.0567330 0.0974028 0.0957991 0.0528131 0.0737245 0.0964240 0.0945772 0.0950015 0.0999399 0.0828258 0.0668576 0.1404255 0.1126055 0.0946010 0.0680779 0.0800635 0.0859541 0.0813691 0.0615388 0.0692017 0.0642588 0.0525138 0.1007776 0.1002814 0.0985615 
Notoryctidae_Notoryctes_typhlops             0.0790568 0.0000000 0.0707664 0.1004055 0.0998323 0.0807821 0.0696052 0.0734227 0.0959801 0.0918043 0.0719359 0.0841445 0.0837217 0.0701024 0.0897529 0.0836514 0.0854568 0.0840454 0.0930273 0.1050271 0.0805408 0.1285366 0.1061738 0.0817525 0.0843062 0.0800343 0.0942692 0.1029266 0.0793179 0.0802362 0.0836205 0.0683994 0.0962445 0.0909933 0.0905177 
Vombatidae_Lasiorhinus_latifrons             0.0546808 0.0707664 0.0000000 0.0821677 0.0828551 0.0844126 0.0594468 0.0562010 0.0789131 0.0881644 0.0551672 0.0851999 0.0850893 0.0529119 0.0713417 0.0848851 0.0871774 0.0857613 0.0902950 0.0849727 0.0629746 0.1289793 0.1074661 0.0899332 0.0714074 0.0707641 0.0791643 0.0797223 0.0613689 0.0680666 0.0671246 0.0521965 0.0887135 0.0931143 0.0871239 
Potoroidae_Bettongia_penicillata             0.0751380 0.1004055 0.0821677 0.0000000 0.0119123 0.1139297 0.0769199 0.0787545 0.0187805 0.1161703 0.0781016 0.1199762 0.1156635 0.0769696 0.0938189 0.1194761 0.1164982 0.1084704 0.1168123 0.0551372 0.0901885 0.1585451 0.1418592 0.1190249 0.0649853 0.1044790 0.1010694 0.0526520 0.0874288 0.0862919 0.0860271 0.0749617 0.1201978 0.1240845 0.1132981 
Potoroidae_Bettongia_lesueur                 0.0748323 0.0998323 0.0828551 0.0119123 0.0000000 0.1110026 0.0753383 0.0768292 0.0165353 0.1156526 0.0749802 0.1171111 0.1128440 0.0750418 0.0939570 0.1166250 0.1129505 0.1059951 0.1149733 0.0514117 0.0891478 0.1557316 0.1401249 0.1170660 0.0631022 0.1048408 0.0986671 0.0512219 0.0858217 0.0846276 0.0834875 0.0730677 0.1209223 0.1210530 0.1133773 
Dasyuridae_Dasyurus_maculatus                0.0923970 0.0807821 0.0844126 0.1139297 0.1110026 0.0000000 0.0868353 0.0895177 0.1082729 0.1041784 0.0888167 0.0213802 0.0278626 0.0866823 0.1017004 0.0208958 0.0072982 0.0240352 0.1068404 0.1163372 0.0915477 0.1396452 0.1151027 0.0237693 0.0974186 0.0884575 0.1063024 0.1141495 0.0885709 0.0966418 0.0925261 0.0852598 0.1102072 0.0123399 0.1030374 
Phalangeridae_Trichosurus_vulpecula          0.0555168 0.0696052 0.0594468 0.0769199 0.0753383 0.0868353 0.0000000 0.0271560 0.0755508 0.0933901 0.0245006 0.0885869 0.0864586 0.0232712 0.0708776 0.0857345 0.0899159 0.0897264 0.0917564 0.0779729 0.0682926 0.1373569 0.1144123 0.0895601 0.0650417 0.0782184 0.0872783 0.0747265 0.0649618 0.0677521 0.0692335 0.0226691 0.0967584 0.0975343 0.0917211 
Phalangeridae_Spilocuscus_maculatus          0.0542861 0.0734227 0.0562010 0.0787545 0.0768292 0.0895177 0.0271560 0.0000000 0.0740645 0.0938216 0.0134692 0.0903897 0.0905336 0.0147574 0.0760627 0.0875017 0.0919153 0.0909873 0.0928575 0.0789679 0.0677710 0.1377009 0.1166797 0.0917552 0.0707305 0.0769927 0.0875464 0.0767255 0.0632989 0.0676528 0.0683734 0.0134133 0.0937898 0.0993347 0.0921617 
Potoroidae_Aepyprymnus_rufescens             0.0747014 0.0959801 0.0789131 0.0187805 0.0165353 0.1082729 0.0755508 0.0740645 0.0000000 0.1131386 0.0720902 0.1174932 0.1154314 0.0728546 0.0935761 0.1176094 0.1104889 0.1086989 0.1135022 0.0459896 0.0898111 0.1553857 0.1374857 0.1154962 0.0619338 0.1017394 0.0977641 0.0413566 0.0856225 0.0831549 0.0773072 0.0707938 0.1156848 0.1182672 0.1108051 
Peramelidae_Perameles_nasuta                 0.0990350 0.0918043 0.0881644 0.1161703 0.1156526 0.1041784 0.0933901 0.0938216 0.1131386 0.0000000 0.0924911 0.1053789 0.1028862 0.0913598 0.1031932 0.1045820 0.1064695 0.1038219 0.0148088 0.1226892 0.1066383 0.1422257 0.1221858 0.1067063 0.1069365 0.0951795 0.1233921 0.1203706 0.1002519 0.0961730 0.1012401 0.0900642 0.0158857 0.1098672 0.0012057 
Phalangeridae_Strigocuscus_pelengensis       0.0567330 0.0719359 0.0551672 0.0781016 0.0749802 0.0888167 0.0245006 0.0134692 0.0720902 0.0924911 0.0000000 0.0895537 0.0878608 0.0108959 0.0726484 0.0866288 0.0924650 0.0898548 0.0929292 0.0771760 0.0689958 0.1341915 0.1137136 0.0910041 0.0697982 0.0756401 0.0862388 0.0746723 0.0652342 0.0663029 0.0689335 0.0095913 0.0946042 0.0990937 0.0911946 
Dasyuridae_Phascogale_tapoatafa              0.0974028 0.0841445 0.0851999 0.1199762 0.1171111 0.0213802 0.0885869 0.0903897 0.1174932 0.1053789 0.0895537 0.0000000 0.0293805 0.0880275 0.1055582 0.0088935 0.0240029 0.0289962 0.1070992 0.1229561 0.0931958 0.1420148 0.1151020 0.0172367 0.0991357 0.0893310 0.1088767 0.1217775 0.0933873 0.0991317 0.0981935 0.0874350 0.1098006 0.0290267 0.1042342 
Dasyuridae_Sminthopsis_macroura              0.0957991 0.0837217 0.0850893 0.1156635 0.1128440 0.0278626 0.0864586 0.0905336 0.1154314 0.1028862 0.0878608 0.0293805 0.0000000 0.0862776 0.1001564 0.0311024 0.0305842 0.0235445 0.1061379 0.1192638 0.0930222 0.1405728 0.1143755 0.0336638 0.0992210 0.0845608 0.1094177 0.1188142 0.0901030 0.0974563 0.0948534 0.0852631 0.1090011 0.0361842 0.1011909 
Phalangeridae_Phalanger_orientalis           0.0528131 0.0701024 0.0529119 0.0769696 0.0750418 0.0866823 0.0232712 0.0147574 0.0728546 0.0913598 0.0108959 0.0880275 0.0862776 0.0000000 0.0698597 0.0856997 0.0892404 0.0881194 0.0902829 0.0761589 0.0658204 0.1335007 0.1094574 0.0900696 0.0661019 0.0745739 0.0844613 0.0744994 0.0618379 0.0631820 0.0677755 0.0056068 0.0929942 0.0964732 0.0895556 
Acrobatidae_Acrobates_pygmaeus               0.0737245 0.0897529 0.0713417 0.0938189 0.0939570 0.1017004 0.0708776 0.0760627 0.0935761 0.1031932 0.0726484 0.1055582 0.1001564 0.0698597 0.0000000 0.1058061 0.1047744 0.1025971 0.1045551 0.0964636 0.0718378 0.1454320 0.1288903 0.1011567 0.0741309 0.1005522 0.0898950 0.0958774 0.0685447 0.0800477 0.0574251 0.0690095 0.1059898 0.1100873 0.1015698 
Dasyuridae_Phascogale_calura                 0.0964240 0.0836514 0.0848851 0.1194761 0.1166250 0.0208958 0.0857345 0.0875017 0.1176094 0.1045820 0.0866288 0.0088935 0.0311024 0.0856997 0.1058061 0.0000000 0.0243981 0.0289383 0.1066519 0.1202059 0.0917091 0.1417711 0.1160858 0.0177176 0.1003996 0.0885808 0.1080078 0.1190291 0.0918804 0.0959779 0.0973866 0.0851243 0.1090244 0.0298706 0.1034377 
Dasyuridae_Sarcophilus_harrisii              0.0945772 0.0854568 0.0871774 0.1164982 0.1129505 0.0072982 0.0899159 0.0919153 0.1104889 0.1064695 0.0924650 0.0240029 0.0305842 0.0892404 0.1047744 0.0243981 0.0000000 0.0264380 0.1092846 0.1194668 0.0939483 0.1379393 0.1154283 0.0247758 0.0983518 0.0892937 0.1070348 0.1168465 0.0895314 0.0986179 0.0936808 0.0879708 0.1125673 0.0157263 0.1053334 
Dasyuridae_Planigale_tenuirostris            0.0950015 0.0840454 0.0857613 0.1084704 0.1059951 0.0240352 0.0897264 0.0909873 0.1086989 0.1038219 0.0898548 0.0289962 0.0235445 0.0881194 0.1025971 0.0289383 0.0264380 0.0000000 0.1051433 0.1119535 0.0907690 0.1377536 0.1145652 0.0323499 0.0994073 0.0852740 0.1097001 0.1152801 0.0899951 0.0988766 0.0936390 0.0869052 0.1103948 0.0332220 0.1025782 
Peramelidae_Echymipera_kalubu                0.0999399 0.0930273 0.0902950 0.1168123 0.1149733 0.1068404 0.0917564 0.0928575 0.1135022 0.0148088 0.0929292 0.1070992 0.1061379 0.0902829 0.1045551 0.1066519 0.1092846 0.1051433 0.0000000 0.1217775 0.1047015 0.1445413 0.1258543 0.1082628 0.1084690 0.0959695 0.1236190 0.1199521 0.0984501 0.0998013 0.1006796 0.0891096 0.0167965 0.1127171 0.0144559 
Macropodidae_Dorcopsulus_vanheurni           0.0828258 0.1050271 0.0849727 0.0551372 0.0514117 0.1163372 0.0779729 0.0789679 0.0459896 0.1226892 0.0771760 0.1229561 0.1192638 0.0761589 0.0964636 0.1202059 0.1194668 0.1119535 0.1217775 0.0000000 0.0958023 0.1633517 0.1442393 0.1226474 0.0695623 0.1086872 0.1072902 0.0262850 0.0918932 0.0905305 0.0899136 0.0741805 0.1264185 0.1265060 0.1204161 
Pseudochiridae_Pseudochirulus_forbesi        0.0668576 0.0805408 0.0629746 0.0901885 0.0891478 0.0915477 0.0682926 0.0677710 0.0898111 0.1066383 0.0689958 0.0931958 0.0930222 0.0658204 0.0718378 0.0917091 0.0939483 0.0907690 0.1047015 0.0958023 0.0000000 0.1387760 0.1187774 0.0953763 0.0765661 0.0899334 0.0493594 0.0940073 0.0186968 0.0608571 0.0654737 0.0643771 0.1067799 0.0996986 0.1046178 
Didelphidae_Didelphis_virginiana             0.1404255 0.1285366 0.1289793 0.1585451 0.1557316 0.1396452 0.1373569 0.1377009 0.1553857 0.1422257 0.1341915 0.1420148 0.1405728 0.1335007 0.1454320 0.1417711 0.1379393 0.1377536 0.1445413 0.1633517 0.1387760 0.0000000 0.0498374 0.1414150 0.1468033 0.1309322 0.1404053 0.1597772 0.1367647 0.1415373 0.1339770 0.1320628 0.1471220 0.1471858 0.1435345 
Marmosidae_Monodelphis_domestica             0.1126055 0.1061738 0.1074661 0.1418592 0.1401249 0.1151027 0.1144123 0.1166797 0.1374857 0.1221858 0.1137136 0.1151020 0.1143755 0.1094574 0.1288903 0.1160858 0.1154283 0.1145652 0.1258543 0.1442393 0.1187774 0.0498374 0.0000000 0.1137477 0.1263332 0.1130451 0.1331171 0.1404868 0.1138720 0.1253885 0.1182343 0.1102826 0.1252217 0.1222347 0.1219150 
Dasyuridae_Antechinus_stuartii               0.0946010 0.0817525 0.0899332 0.1190249 0.1170660 0.0237693 0.0895601 0.0917552 0.1154962 0.1067063 0.0910041 0.0172367 0.0336638 0.0900696 0.1011567 0.0177176 0.0247758 0.0323499 0.1082628 0.1226474 0.0953763 0.1414150 0.1137477 0.0000000 0.1002657 0.0898168 0.1122338 0.1223268 0.0948906 0.1008408 0.1003181 0.0901309 0.1123208 0.0294084 0.1061521 
Hypsiprymnodontidae_Hypsiprymnodon_moschatus 0.0680779 0.0843062 0.0714074 0.0649853 0.0631022 0.0974186 0.0650417 0.0707305 0.0619338 0.1069365 0.0697982 0.0991357 0.0992210 0.0661019 0.0741309 0.1003996 0.0983518 0.0994073 0.1084690 0.0695623 0.0765661 0.1468033 0.1263332 0.1002657 0.0000000 0.0939205 0.0875464 0.0695163 0.0716847 0.0767251 0.0727230 0.0647857 0.1107605 0.1068743 0.1046599 
Microbiotheriidae_Dromiciops_gliroides       0.0800635 0.0800343 0.0707641 0.1044790 0.1048408 0.0884575 0.0782184 0.0769927 0.1017394 0.0951795 0.0756401 0.0893310 0.0845608 0.0745739 0.1005522 0.0885808 0.0892937 0.0852740 0.0959695 0.1086872 0.0899334 0.1309322 0.1130451 0.0898168 0.0939205 0.0000000 0.1105729 0.1058100 0.0885180 0.0886627 0.0923653 0.0745238 0.0981830 0.0957891 0.0942902 
Pseudochiridae_Petauroides_volans            0.0859541 0.0942692 0.0791643 0.1010694 0.0986671 0.1063024 0.0872783 0.0875464 0.0977641 0.1233921 0.0862388 0.1088767 0.1094177 0.0844613 0.0898950 0.1080078 0.1070348 0.1097001 0.1236190 0.1072902 0.0493594 0.1404053 0.1331171 0.1122338 0.0875464 0.1105729 0.0000000 0.1042783 0.0488565 0.0732291 0.0789476 0.0824694 0.1274336 0.1138971 0.1216746 
Macropodidae_Wallabia_bicolor                0.0813691 0.1029266 0.0797223 0.0526520 0.0512219 0.1141495 0.0747265 0.0767255 0.0413566 0.1203706 0.0746723 0.1217775 0.1188142 0.0744994 0.0958774 0.1190291 0.1168465 0.1152801 0.1199521 0.0262850 0.0940073 0.1597772 0.1404868 0.1223268 0.0695163 0.1058100 0.1042783 0.0000000 0.0899858 0.0890622 0.0887363 0.0725284 0.1239262 0.1255622 0.1180905 
Pseudochiridae_Pseudocheirus_occidentalis    0.0615388 0.0793179 0.0613689 0.0874288 0.0858217 0.0885709 0.0649618 0.0632989 0.0856225 0.1002519 0.0652342 0.0933873 0.0901030 0.0618379 0.0685447 0.0918804 0.0895314 0.0899951 0.0984501 0.0918932 0.0186968 0.1367647 0.1138720 0.0948906 0.0716847 0.0885180 0.0488565 0.0899858 0.0000000 0.0601260 0.0622944 0.0601815 0.1013073 0.0961375 0.0979299 
Tarsipedidae_Tarsipes_rostratus              0.0692017 0.0802362 0.0680666 0.0862919 0.0846276 0.0966418 0.0677521 0.0676528 0.0831549 0.0961730 0.0663029 0.0991317 0.0974563 0.0631820 0.0800477 0.0959779 0.0986179 0.0988766 0.0998013 0.0905305 0.0608571 0.1415373 0.1253885 0.1008408 0.0767251 0.0886627 0.0732291 0.0890622 0.0601260 0.0000000 0.0718586 0.0609133 0.1001874 0.1050303 0.0950140 
Acrobatidae_Distoechurus_pennatus            0.0642588 0.0836205 0.0671246 0.0860271 0.0834875 0.0925261 0.0692335 0.0683734 0.0773072 0.1012401 0.0689335 0.0981935 0.0948534 0.0677755 0.0574251 0.0973866 0.0936808 0.0936390 0.1006796 0.0899136 0.0654737 0.1339770 0.1182343 0.1003181 0.0727230 0.0923653 0.0789476 0.0887363 0.0622944 0.0718586 0.0000000 0.0638847 0.1009235 0.1012384 0.0995578 
Phalangeridae_Phalanger_carmelitae           0.0525138 0.0683994 0.0521965 0.0749617 0.0730677 0.0852598 0.0226691 0.0134133 0.0707938 0.0900642 0.0095913 0.0874350 0.0852631 0.0056068 0.0690095 0.0851243 0.0879708 0.0869052 0.0891096 0.0741805 0.0643771 0.1320628 0.1102826 0.0901309 0.0647857 0.0745238 0.0824694 0.0725284 0.0601815 0.0609133 0.0638847 0.0000000 0.0913884 0.0959112 0.0884077 
Peramelidae_Peroryctes_raffrayana            0.1007776 0.0962445 0.0887135 0.1201978 0.1209223 0.1102072 0.0967584 0.0937898 0.1156848 0.0158857 0.0946042 0.1098006 0.1090011 0.0929942 0.1059898 0.1090244 0.1125673 0.1103948 0.0167965 0.1264185 0.1067799 0.1471220 0.1252217 0.1123208 0.1107605 0.0981830 0.1274336 0.1239262 0.1013073 0.1001874 0.1009235 0.0913884 0.0000000 0.1161813 0.0159902 
Dasyuridae_Dasyurus_geffroii                 0.1002814 0.0909933 0.0931143 0.1240845 0.1210530 0.0123399 0.0975343 0.0993347 0.1182672 0.1098672 0.0990937 0.0290267 0.0361842 0.0964732 0.1100873 0.0298706 0.0157263 0.0332220 0.1127171 0.1265060 0.0996986 0.1471858 0.1222347 0.0294084 0.1068743 0.0957891 0.1138971 0.1255622 0.0961375 0.1050303 0.1012384 0.0959112 0.1161813 0.0000000 0.1098285 
Peramelidae_Perameles_gunnii                 0.0985615 0.0905177 0.0871239 0.1132981 0.1133773 0.1030374 0.0917211 0.0921617 0.1108051 0.0012057 0.0911946 0.1042342 0.1011909 0.0895556 0.1015698 0.1034377 0.1053334 0.1025782 0.0144559 0.1204161 0.1046178 0.1435345 0.1219150 0.1061521 0.1046599 0.0942902 0.1216746 0.1180905 0.0979299 0.0950140 0.0995578 0.0884077 0.0159902 0.1098285 0.0000000 
