39
Burramyidae_Burramys_parvus                  0.0000000 0.1066767 0.0786058 0.0642918 0.0638019 0.1004984 0.0521648 0.0555862 0.0648397 0.1212878 0.0532271 0.0948310 0.1098762 0.0526313 0.0788855 0.0993729 0.1007908 0.1035940 0.1211230 0.0596523 0.0817269 0.1225974 0.1076944 0.0952396 0.0641362 0.0969206 0.0793292 0.0612383 0.0540888 0.0864849 0.0688355 0.0581483 0.1169934 0.0986132 0.1222485 0.0794697 0.0794697 0.2106008 0.2106008 
Notoryctidae_Notoryctes_typhlops             0.1066767 0.0000000 0.1001794 0.1146428 0.1117084 0.1184574 0.1012804 0.1069361 0.1059750 0.1285319 0.1042576 0.1154127 0.1237612 0.1112899 0.1252249 0.1174031 0.1165476 0.1228020 0.1211248 0.1000080 0.1257319 0.1371639 0.1276174 0.1148886 0.1159085 0.1073578 0.1246435 0.1055829 0.0956489 0.1284568 0.1152895 0.1134702 0.1239568 0.1189932 0.1288482 0.0556792 0.0556792 0.2046721 0.2046721 
Vombatidae_Lasiorhinus_latifrons             0.0786058 0.1001794 0.0000000 0.0869681 0.0842373 0.1041200 0.0733299 0.0755257 0.0818179 0.1298752 0.0760986 0.1007877 0.1134937 0.0756929 0.0948616 0.1086734 0.0998294 0.1042205 0.1297611 0.0750674 0.0993343 0.1201497 0.1100453 0.1017256 0.0899933 0.0974635 0.0969132 0.0792798 0.0660423 0.1047757 0.0869089 0.0788501 0.1291973 0.1043331 0.1301088 0.0448587 0.0448587 0.2169365 0.2169365 
Potoroidae_Bettongia_penicillata             0.0642918 0.1146428 0.0869681 0.0000000 0.0020607 0.1115121 0.0644120 0.0653224 0.0141567 0.1204534 0.0679323 0.1002656 0.1178429 0.0660188 0.0888781 0.1102247 0.1119600 0.1140241 0.1169399 0.0278247 0.0852949 0.1324364 0.1235484 0.1053933 0.0544769 0.1098080 0.0799199 0.0292599 0.0590177 0.0878878 0.0772828 0.0691514 0.1213864 0.1127934 0.1199933 0.0817982 0.0817982 0.1937206 0.1937206 
Potoroidae_Bettongia_lesueur                 0.0638019 0.1117084 0.0842373 0.0020607 0.0000000 0.1100321 0.0628028 0.0625713 0.0129726 0.1232061 0.0662999 0.0996995 0.1147274 0.0643992 0.0860659 0.1094626 0.1103912 0.1134089 0.1184576 0.0258127 0.0865817 0.1329828 0.1209716 0.1033577 0.0533795 0.1084995 0.0804379 0.0262768 0.0624043 0.0883066 0.0747588 0.0674517 0.1220036 0.1105078 0.1226121 0.0729907 0.0729907 0.1864800 0.1864800 
Dasyuridae_Dasyurus_maculatus                0.1004984 0.1184574 0.1041200 0.1115121 0.1100321 0.0000000 0.0948416 0.0981080 0.1097743 0.1171482 0.0967065 0.0203403 0.0341012 0.1002901 0.1275633 0.0220321 0.0090694 0.0310528 0.1128254 0.0963089 0.1304126 0.1358128 0.1288694 0.0229364 0.1111341 0.1003353 0.1213347 0.1065985 0.0878692 0.1329506 0.1123706 0.1050457 0.1118026 0.0097805 0.1173218 0.0163088 0.0163088 0.1941439 0.1941439 
Phalangeridae_Trichosurus_vulpecula          0.0521648 0.1012804 0.0733299 0.0644120 0.0628028 0.0948416 0.0000000 0.0225145 0.0641591 0.1151565 0.0220628 0.0902030 0.1040480 0.0220752 0.0777276 0.0955059 0.0944987 0.0989953 0.1123981 0.0600934 0.0812446 0.1290694 0.1134625 0.0923158 0.0713651 0.0972109 0.0775207 0.0618129 0.0585759 0.0831003 0.0660583 0.0250981 0.1131133 0.0967073 0.1137543 0.0659147 0.0659147 0.1888424 0.1888424 
Phalangeridae_Spilocuscus_maculatus          0.0555862 0.1069361 0.0755257 0.0653224 0.0625713 0.0981080 0.0225145 0.0000000 0.0656537 0.1220299 0.0126097 0.0980797 0.1088684 0.0140394 0.0785929 0.1028081 0.0978090 0.1052736 0.1196118 0.0583783 0.0815759 0.1280155 0.1091713 0.0995658 0.0676986 0.0988807 0.0789582 0.0601007 0.0596165 0.0865280 0.0670412 0.0165015 0.1191706 0.0994699 0.1213012 0.0488869 0.0488869 0.1929653 0.1929653 
Potoroidae_Aepyprymnus_rufescens             0.0648397 0.1059750 0.0818179 0.0141567 0.0129726 0.1097743 0.0641591 0.0656537 0.0000000 0.1209051 0.0671815 0.1000144 0.1134149 0.0652641 0.0830843 0.1083087 0.1094744 0.1090264 0.1197021 0.0267300 0.0855886 0.1352570 0.1205236 0.1034813 0.0519929 0.1079366 0.0833427 0.0299778 0.0615693 0.0860803 0.0747421 0.0683205 0.1207062 0.1087804 0.1208173 0.0777467 0.0777467 0.2003250 0.2003250 
Peramelidae_Perameles_nasuta                 0.1212878 0.1285319 0.1298752 0.1204534 0.1232061 0.1171482 0.1151565 0.1220299 0.1209051 0.0000000 0.1203717 0.1149918 0.1327800 0.1209831 0.1482952 0.1195200 0.1181934 0.1188734 0.0197175 0.1123212 0.1533516 0.1456556 0.1380519 0.1173270 0.1305643 0.1205390 0.1427290 0.1208945 0.1073188 0.1497737 0.1219752 0.1244509 0.0200608 0.1155502 0.0011806 0.0722875 0.0722875 0.0614974 0.0614974 
Phalangeridae_Strigocuscus_pelengensis       0.0532271 0.1042576 0.0760986 0.0679323 0.0662999 0.0967065 0.0220628 0.0126097 0.0671815 0.1203717 0.0000000 0.0941222 0.1055540 0.0113600 0.0776778 0.0981463 0.0944589 0.1011175 0.1187922 0.0613230 0.0842870 0.1227449 0.1083355 0.0960144 0.0733026 0.0978416 0.0792668 0.0631169 0.0579703 0.0844999 0.0685973 0.0138463 0.1198899 0.0977486 0.1198780 0.0497879 0.0497879 0.2126680 0.2126680 
Dasyuridae_Phascogale_tapoatafa              0.0948310 0.1154127 0.1007877 0.1002656 0.0996995 0.0203403 0.0902030 0.0980797 0.1000144 0.1149918 0.0941222 0.0000000 0.0298997 0.0978100 0.1212538 0.0080770 0.0208224 0.0248583 0.1098309 0.0891402 0.1256868 0.1335001 0.1206911 0.0110214 0.1025537 0.0964181 0.1136148 0.0987181 0.0804599 0.1251665 0.1081217 0.1027474 0.1101309 0.0215395 0.1154103 0.0163160 0.0163160 0.1817002 0.1817002 
Dasyuridae_Sminthopsis_macroura              0.1098762 0.1237612 0.1134937 0.1178429 0.1147274 0.0341012 0.1040480 0.1088684 0.1134149 0.1327800 0.1055540 0.0298997 0.0000000 0.1111767 0.1325471 0.0314324 0.0332599 0.0277032 0.1291098 0.0977958 0.1313183 0.1422244 0.1370303 0.0310762 0.1152846 0.1115444 0.1264856 0.1081693 0.0894425 0.1297768 0.1169996 0.1162142 0.1297380 0.0363229 0.1330568 0.0298888 0.0298888 0.1993362 0.1993362 
Phalangeridae_Phalanger_orientalis           0.0526313 0.1112899 0.0756929 0.0660188 0.0643992 0.1002901 0.0220752 0.0140394 0.0652641 0.1209831 0.0113600 0.0978100 0.1111767 0.0000000 0.0794550 0.1023789 0.0986638 0.1051028 0.1207686 0.0595615 0.0830738 0.1258951 0.1126815 0.0990901 0.0689722 0.1025308 0.0799775 0.0623869 0.0599787 0.0843367 0.0673339 0.0058952 0.1197152 0.1004923 0.1204236 0.0544208 0.0544208 0.1997536 0.1997536 
Acrobatidae_Acrobates_pygmaeus               0.0788855 0.1252249 0.0948616 0.0888781 0.0860659 0.1275633 0.0777276 0.0785929 0.0830843 0.1482952 0.0776778 0.1212538 0.1325471 0.0794550 0.0000000 0.1263833 0.1258264 0.1351375 0.1465864 0.0817549 0.0927007 0.1537007 0.1363629 0.1218870 0.0903732 0.1171540 0.0856620 0.0839187 0.0704189 0.0909070 0.0516135 0.0814760 0.1499335 0.1247821 0.1484455 0.0674844 0.0674844 0.2148636 0.2148636 
Dasyuridae_Phascogale_calura                 0.0993729 0.1174031 0.1086734 0.1102247 0.1094626 0.0220321 0.0955059 0.1028081 0.1083087 0.1195200 0.0981463 0.0080770 0.0314324 0.1023789 0.1263833 0.0000000 0.0225113 0.0276545 0.1144076 0.0964497 0.1315031 0.1379038 0.1269265 0.0132363 0.1112811 0.0975819 0.1208040 0.1067423 0.0868064 0.1313413 0.1132294 0.1072512 0.1153677 0.0219251 0.1194922 0.0163160 0.0163160 0.1927841 0.1927841 
Dasyuridae_Sarcophilus_harrisii              0.1007908 0.1165476 0.0998294 0.1119600 0.1103912 0.0090694 0.0944987 0.0978090 0.1094744 0.1181934 0.0944589 0.0208224 0.0332599 0.0986638 0.1258264 0.0225113 0.0000000 0.0286310 0.1152381 0.0972358 0.1308568 0.1322938 0.1254979 0.0225463 0.1101049 0.1005999 0.1202603 0.1055824 0.0898393 0.1288713 0.1155083 0.1034450 0.1157936 0.0085484 0.1183021 0.0121271 0.0121271 0.1830404 0.1830404 
Dasyuridae_Planigale_tenuirostris            0.1035940 0.1228020 0.1042205 0.1140241 0.1134089 0.0310528 0.0989953 0.1052736 0.1090264 0.1188734 0.1011175 0.0248583 0.0277032 0.1051028 0.1351375 0.0276545 0.0286310 0.0000000 0.1160604 0.0990211 0.1268355 0.1333555 0.1254466 0.0271994 0.1117684 0.1035829 0.1208627 0.1066029 0.0838523 0.1295421 0.1148548 0.1106185 0.1119824 0.0310926 0.1196597 0.0161220 0.0161220 0.2235214 0.2235214 
Peramelidae_Echymipera_kalubu                0.1211230 0.1211248 0.1297611 0.1169399 0.1184576 0.1128254 0.1123981 0.1196118 0.1197021 0.0197175 0.1187922 0.1098309 0.1291098 0.1207686 0.1465864 0.1144076 0.1152381 0.1160604 0.0000000 0.1122213 0.1491727 0.1482073 0.1331854 0.1129713 0.1293818 0.1183796 0.1358265 0.1179073 0.1037105 0.1417066 0.1190952 0.1242299 0.0169222 0.1127199 0.0203635 0.0500891 0.0500891 0.0635853 0.0635853 
Macropodidae_Dorcopsulus_vanheurni           0.0596523 0.1000080 0.0750674 0.0278247 0.0258127 0.0963089 0.0600934 0.0583783 0.0267300 0.1123212 0.0613230 0.0891402 0.0977958 0.0595615 0.0817549 0.0964497 0.0972358 0.0990211 0.1122213 0.0000000 0.0763424 0.1188644 0.1092348 0.0896590 0.0428529 0.1006235 0.0786724 0.0124045 0.0576588 0.0901246 0.0682195 0.0625505 0.1137780 0.0957529 0.1121538 0.0399421 0.0399421 0.1961999 0.1961999 
Pseudochiridae_Pseudochirulus_forbesi        0.0817269 0.1257319 0.0993343 0.0852949 0.0865817 0.1304126 0.0812446 0.0815759 0.0855886 0.1533516 0.0842870 0.1256868 0.1313183 0.0830738 0.0927007 0.1315031 0.1308568 0.1268355 0.1491727 0.0763424 0.0000000 0.1510452 0.1413379 0.1224268 0.0902656 0.1279432 0.0434854 0.0774579 0.0154401 0.0822641 0.0823371 0.0881029 0.1506333 0.1286127 0.1524682 0.1020748 0.1020748 0.3160900 0.3160900 
Didelphidae_Didelphis_virginiana             0.1225974 0.1371639 0.1201497 0.1324364 0.1329828 0.1358128 0.1290694 0.1280155 0.1352570 0.1456556 0.1227449 0.1335001 0.1422244 0.1258951 0.1537007 0.1379038 0.1322938 0.1333555 0.1482073 0.1188644 0.1510452 0.0000000 0.0389149 0.1321752 0.1360817 0.1158487 0.1467733 0.1254722 0.1010044 0.1546442 0.1289535 0.1308757 0.1499697 0.1307956 0.1468010 0.0800006 0.0800006 0.2495720 0.2495720 
Marmosidae_Monodelphis_domestica             0.1076944 0.1276174 0.1100453 0.1235484 0.1209716 0.1288694 0.1134625 0.1091713 0.1205236 0.1380519 0.1083355 0.1206911 0.1370303 0.1126815 0.1363629 0.1269265 0.1254979 0.1254466 0.1331854 0.1092348 0.1413379 0.0389149 0.0000000 0.1238420 0.1208868 0.1077347 0.1292463 0.1138709 0.0951257 0.1393026 0.1157084 0.1156971 0.1377666 0.1212847 0.1383351 0.0672489 0.0672489 0.2405771 0.2405771 
Dasyuridae_Antechinus_stuartii               0.0952396 0.1148886 0.1017256 0.1053933 0.1033577 0.0229364 0.0923158 0.0995658 0.1034813 0.1173270 0.0960144 0.0110214 0.0310762 0.0990901 0.1218870 0.0132363 0.0225463 0.0271994 0.1129713 0.0896590 0.1224268 0.1321752 0.1238420 0.0000000 0.1043946 0.0944172 0.1117303 0.1000949 0.0801329 0.1259114 0.1097282 0.1039426 0.1128407 0.0232932 0.1167293 0.0206689 0.0206689 0.1813591 0.1813591 
Hypsiprymnodontidae_Hypsiprymnodon_moschatus 0.0641362 0.1159085 0.0899933 0.0544769 0.0533795 0.1111341 0.0713651 0.0676986 0.0519929 0.1305643 0.0733026 0.1025537 0.1152846 0.0689722 0.0903732 0.1112811 0.1101049 0.1117684 0.1293818 0.0428529 0.0902656 0.1360817 0.1208868 0.1043946 0.0000000 0.1167574 0.0926668 0.0452820 0.0662977 0.0956818 0.0768139 0.0726594 0.1300980 0.1083018 0.1288090 0.1397539 0.1397539 0.1859806 0.1859806 
Microbiotheriidae_Dromiciops_gliroides       0.0969206 0.1073578 0.0974635 0.1098080 0.1084995 0.1003353 0.0972109 0.0988807 0.1079366 0.1205390 0.0978416 0.0964181 0.1115444 0.1025308 0.1171540 0.0975819 0.1005999 0.1035829 0.1183796 0.1006235 0.1279432 0.1158487 0.1077347 0.0944172 0.1167574 0.0000000 0.1171882 0.1093119 0.0877832 0.1284549 0.1075396 0.1046602 0.1114526 0.0989380 0.1230129 0.0575792 0.0575792 0.2118554 0.2118554 
Pseudochiridae_Petauroides_volans            0.0793292 0.1246435 0.0969132 0.0799199 0.0804379 0.1213347 0.0775207 0.0789582 0.0833427 0.1427290 0.0792668 0.1136148 0.1264856 0.0799775 0.0856620 0.1208040 0.1202603 0.1208627 0.1358265 0.0786724 0.0434854 0.1467733 0.1292463 0.1117303 0.0926668 0.1171882 0.0000000 0.0792436 0.0269425 0.0793743 0.0734280 0.0825708 0.1392257 0.1211828 0.1425482 0.0923458 0.0923458 0.2866631 0.2866631 
Macropodidae_Wallabia_bicolor                0.0612383 0.1055829 0.0792798 0.0292599 0.0262768 0.1065985 0.0618129 0.0601007 0.0299778 0.1208945 0.0631169 0.0987181 0.1081693 0.0623869 0.0839187 0.1067423 0.1055824 0.1066029 0.1179073 0.0124045 0.0774579 0.1254722 0.1138709 0.1000949 0.0452820 0.1093119 0.0792436 0.0000000 0.0576343 0.0900071 0.0694308 0.0654086 0.1204984 0.1050040 0.1208577 0.0351581 0.0351581 0.1988627 0.1988627 
Pseudochiridae_Pseudocheirus_occidentalis    0.0540888 0.0956489 0.0660423 0.0590177 0.0624043 0.0878692 0.0585759 0.0596165 0.0615693 0.1073188 0.0579703 0.0804599 0.0894425 0.0599787 0.0704189 0.0868064 0.0898393 0.0838523 0.1037105 0.0576588 0.0154401 0.1010044 0.0951257 0.0801329 0.0662977 0.0877832 0.0269425 0.0576343 0.0000000 0.0604786 0.0538752 0.0622886 0.1045698 0.0868222 0.1083481 0.1016796 0.1016796 9.0000000 9.0000000 
Tarsipedidae_Tarsipes_rostratus              0.0864849 0.1284568 0.1047757 0.0878878 0.0883066 0.1329506 0.0831003 0.0865280 0.0860803 0.1497737 0.0844999 0.1251665 0.1297768 0.0843367 0.0909070 0.1313413 0.1288713 0.1295421 0.1417066 0.0901246 0.0822641 0.1546442 0.1393026 0.1259114 0.0956818 0.1284549 0.0793743 0.0900071 0.0604786 0.0000000 0.0799801 0.0877189 0.1523799 0.1320059 0.1497309 0.0966773 0.0966773 0.2309922 0.2309922 
Acrobatidae_Distoechurus_pennatus            0.0688355 0.1152895 0.0869089 0.0772828 0.0747588 0.1123706 0.0660583 0.0670412 0.0747421 0.1219752 0.0685973 0.1081217 0.1169996 0.0673339 0.0516135 0.1132294 0.1155083 0.1148548 0.1190952 0.0682195 0.0823371 0.1289535 0.1157084 0.1097282 0.0768139 0.1075396 0.0734280 0.0694308 0.0538752 0.0799801 0.0000000 0.0687313 0.1185453 0.1139462 0.1202921 0.0669666 0.0669666 0.2235412 0.2235412 
Phalangeridae_Phalanger_carmelitae           0.0581483 0.1134702 0.0788501 0.0691514 0.0674517 0.1050457 0.0250981 0.0165015 0.0683205 0.1244509 0.0138463 0.1027474 0.1162142 0.0058952 0.0814760 0.1072512 0.1034450 0.1106185 0.1242299 0.0625505 0.0881029 0.1308757 0.1156971 0.1039426 0.0726594 0.1046602 0.0825708 0.0654086 0.0622886 0.0877189 0.0687313 0.0000000 0.1234112 0.1047690 0.1239819 0.0544238 0.0544238 0.2045664 0.2045664 
Peramelidae_Peroryctes_raffrayana            0.1169934 0.1239568 0.1291973 0.1213864 0.1220036 0.1118026 0.1131133 0.1191706 0.1207062 0.0200608 0.1198899 0.1101309 0.1297380 0.1197152 0.1499335 0.1153677 0.1157936 0.1119824 0.0169222 0.1137780 0.1506333 0.1499697 0.1377666 0.1128407 0.1300980 0.1114526 0.1392257 0.1204984 0.1045698 0.1523799 0.1185453 0.1234112 0.0000000 0.1108594 0.0198606 0.0394248 0.0394248 0.0777740 0.0777740 
Dasyuridae_Dasyurus_geffroii                 0.0986132 0.1189932 0.1043331 0.1127934 0.1105078 0.0097805 0.0967073 0.0994699 0.1087804 0.1155502 0.0977486 0.0215395 0.0363229 0.1004923 0.1247821 0.0219251 0.0085484 0.0310926 0.1127199 0.0957529 0.1286127 0.1307956 0.1212847 0.0232932 0.1083018 0.0989380 0.1211828 0.1050040 0.0868222 0.1320059 0.1139462 0.1047690 0.1108594 0.0000000 0.1157329 0.0163095 0.0163095 0.1793393 0.1793393 
Peramelidae_Perameles_gunnii                 0.1222485 0.1288482 0.1301088 0.1199933 0.1226121 0.1173218 0.1137543 0.1213012 0.1208173 0.0011806 0.1198780 0.1154103 0.1330568 0.1204236 0.1484455 0.1194922 0.1183021 0.1196597 0.0203635 0.1121538 0.1524682 0.1468010 0.1383351 0.1167293 0.1288090 0.1230129 0.1425482 0.1208577 0.1083481 0.1497309 0.1202921 0.1239819 0.0198606 0.1157329 0.0000000 0.0740068 0.0740068 0.0611626 0.0611626 
Myrmecobiidae_Myrmecobius_fasciatus1         0.0794697 0.0556792 0.0448587 0.0817982 0.0729907 0.0163088 0.0659147 0.0488869 0.0777467 0.0722875 0.0497879 0.0163160 0.0298888 0.0544208 0.0674844 0.0163160 0.0121271 0.0161220 0.0500891 0.0399421 0.1020748 0.0800006 0.0672489 0.0206689 0.1397539 0.0575792 0.0923458 0.0351581 0.1016796 0.0966773 0.0669666 0.0544238 0.0394248 0.0163095 0.0740068 0.0000000 0.0000010 9.0000000 9.0000000 
Myrmecobiidae_Myrmecobius_fasciatus2         0.0794697 0.0556792 0.0448587 0.0817982 0.0729907 0.0163088 0.0659147 0.0488869 0.0777467 0.0722875 0.0497879 0.0163160 0.0298888 0.0544208 0.0674844 0.0163160 0.0121271 0.0161220 0.0500891 0.0399421 0.1020748 0.0800006 0.0672489 0.0206689 0.1397539 0.0575792 0.0923458 0.0351581 0.1016796 0.0966773 0.0669666 0.0544238 0.0394248 0.0163095 0.0740068 0.0000010 0.0000000 9.0000000 9.0000000 
Thylacomyidae_Macrotis_lagotis1              0.2106008 0.2046721 0.2169365 0.1937206 0.1864800 0.1941439 0.1888424 0.1929653 0.2003250 0.0614974 0.2126680 0.1817002 0.1993362 0.1997536 0.2148636 0.1927841 0.1830404 0.2235214 0.0635853 0.1961999 0.3160900 0.2495720 0.2405771 0.1813591 0.1859806 0.2118554 0.2866631 0.1988627 9.0000000 0.2309922 0.2235412 0.2045664 0.0777740 0.1793393 0.0611626 9.0000000 9.0000000 0.0000000 0.0000010 
Thylacomyidae_Macrotis_lagotis2              0.2106008 0.2046721 0.2169365 0.1937206 0.1864800 0.1941439 0.1888424 0.1929653 0.2003250 0.0614974 0.2126680 0.1817002 0.1993362 0.1997536 0.2148636 0.1927841 0.1830404 0.2235214 0.0635853 0.1961999 0.3160900 0.2495720 0.2405771 0.1813591 0.1859806 0.2118554 0.2866631 0.1988627 9.0000000 0.2309922 0.2235412 0.2045664 0.0777740 0.1793393 0.0611626 9.0000000 9.0000000 0.0000010 0.0000000 
