37
Burramyidae_Burramys_parvus                  0.0000000 0.0942426 0.0655067 0.0552793 0.0619395 0.0870837 0.0631049 0.0703810 0.0586353 0.1131127 0.0662588 0.0893707 0.0864298 0.0672920 0.0762753 0.0917513 0.0976662 0.0813816 0.1035859 0.0598113 0.0823940 0.1092556 0.1095459 0.0917406 0.0611185 0.0819142 0.0750665 0.0575783 0.0753688 0.0940555 0.0747963 0.0680427 0.1244748 0.0967661 0.1106824 0.6238008 0.6238008 
Notoryctidae_Notoryctes_typhlops             0.0942426 0.0000000 0.0868349 0.0944292 0.0942971 0.0973456 0.1083687 0.1185283 0.0974681 0.1164245 0.1094649 0.1023388 0.1027034 0.1131889 0.1173283 0.1264920 0.0977336 0.0870729 0.1053109 0.0898446 0.1245718 0.1214654 0.1231021 0.0976159 0.1037763 0.0875359 0.1127370 0.0963148 0.1122051 0.1280450 0.1073965 0.1228401 0.1483858 0.0942200 0.1123662 0.7125318 0.7125318 
Vombatidae_Lasiorhinus_latifrons             0.0655067 0.0868349 0.0000000 0.0662647 0.0717177 0.0859544 0.0775854 0.0852559 0.0704319 0.1029656 0.0800130 0.0868612 0.0899806 0.0815116 0.0838381 0.0822369 0.0981892 0.0822448 0.0996466 0.0688481 0.0946600 0.1097960 0.1074607 0.0896872 0.0763492 0.0834393 0.0814006 0.0707763 0.0839299 0.1022661 0.0819255 0.0858463 0.1156889 0.0967854 0.1043465 0.6340929 0.6340929 
Potoroidae_Bettongia_penicillata             0.0552793 0.0944292 0.0662647 0.0000000 0.0085103 0.0862257 0.0656720 0.0781103 0.0150456 0.1089833 0.0731549 0.0885852 0.0874952 0.0766173 0.0822594 0.1091893 0.0914363 0.0776066 0.0966153 0.0400108 0.0860967 0.1121984 0.1108879 0.0889104 0.0477816 0.0782639 0.0731488 0.0367129 0.0743839 0.0987074 0.0793546 0.0767784 0.1397796 0.0900301 0.1047852 0.6999209 0.6999209 
Potoroidae_Bettongia_lesueur                 0.0619395 0.0942971 0.0717177 0.0085103 0.0000000 0.0937864 0.0729827 0.0842159 0.0220909 0.1120779 0.0775703 0.0966973 0.0959917 0.0817996 0.0891832 0.1217322 0.0955308 0.0813916 0.1038706 0.0433327 0.0931271 0.1188212 0.1194857 0.0941747 0.0495542 0.0827580 0.0815615 0.0418747 0.0810640 0.1032498 0.0834973 0.0836565 0.1504691 0.0941265 0.1087022 0.6999209 0.6999209 
Dasyuridae_Dasyurus_maculatus                0.0870837 0.0973456 0.0859544 0.0862257 0.0937864 0.0000000 0.1031553 0.1064458 0.0906020 0.1052174 0.1001218 0.0167244 0.0265240 0.1042980 0.1086253 0.0128980 0.0082771 0.0187305 0.0977156 0.0964135 0.1136076 0.1115527 0.1079145 0.0178391 0.0981762 0.0927555 0.1048012 0.0892217 0.1033471 0.1235152 0.1088944 0.1090239 0.1151423 0.0060843 0.1079850 0.4300137 0.4300137 
Phalangeridae_Trichosurus_vulpecula          0.0631049 0.1083687 0.0775854 0.0656720 0.0729827 0.1031553 0.0000000 0.0374937 0.0685642 0.1292887 0.0417968 0.1029406 0.1022210 0.0365667 0.0888005 0.1269280 0.1163958 0.0959749 0.1142708 0.0754554 0.0931668 0.1280974 0.1291464 0.1058267 0.0797037 0.0952514 0.0875504 0.0696328 0.0872760 0.1115697 0.0907798 0.0319272 0.1710793 0.1138643 0.1224452 0.5716103 0.5716103 
Phalangeridae_Spilocuscus_maculatus          0.0703810 0.1185283 0.0852559 0.0781103 0.0842159 0.1064458 0.0374937 0.0000000 0.0812289 0.1457925 0.0323154 0.1055837 0.1040973 0.0213109 0.0969669 0.1132372 0.1240065 0.1022165 0.1279294 0.0849987 0.1040789 0.1366881 0.1397668 0.1092043 0.0894486 0.1079252 0.0995403 0.0822983 0.0967699 0.1204387 0.1007310 0.0246890 0.1559110 0.1214023 0.1362516 0.5716103 0.5716103 
Potoroidae_Aepyprymnus_rufescens             0.0586353 0.0974681 0.0704319 0.0150456 0.0220909 0.0906020 0.0685642 0.0812289 0.0000000 0.1100281 0.0777333 0.0934570 0.0905088 0.0796939 0.0872652 0.1041190 0.0947666 0.0811688 0.1005693 0.0405604 0.0906259 0.1146460 0.1166992 0.0941447 0.0488386 0.0814581 0.0774902 0.0388035 0.0790113 0.1019041 0.0823387 0.0798646 0.1364617 0.0933653 0.1079810 0.6557758 0.6557758 
Peramelidae_Perameles_nasuta                 0.1131127 0.1164245 0.1029656 0.1089833 0.1120779 0.1052174 0.1292887 0.1457925 0.1100281 0.0000000 0.1347130 0.1092622 0.1076087 0.1370736 0.1403519 0.1346725 0.1054979 0.0910976 0.0238546 0.1070599 0.1306618 0.1264831 0.1224678 0.1040940 0.1155379 0.1007069 0.1240362 0.1106255 0.1230933 0.1492500 0.1300942 0.1409493 0.0457613 0.1041879 0.0012853 0.3708311 0.3708311 
Phalangeridae_Strigocuscus_pelengensis       0.0662588 0.1094649 0.0800130 0.0731549 0.0775703 0.1001218 0.0417968 0.0323154 0.0777333 0.1347130 0.0000000 0.0991525 0.0991546 0.0276953 0.0912504 0.1109575 0.1113246 0.0908239 0.1211366 0.0790178 0.0980218 0.1324861 0.1335553 0.1028475 0.0833893 0.1031007 0.0944277 0.0780138 0.0921023 0.1099939 0.0954909 0.0303109 0.1544140 0.1092951 0.1291864 0.7569722 0.7569722 
Dasyuridae_Phascogale_tapoatafa              0.0893707 0.1023388 0.0868612 0.0885852 0.0966973 0.0167244 0.1029406 0.1055837 0.0934570 0.1092622 0.0991525 0.0000000 0.0285330 0.1029616 0.1112866 0.0031821 0.0203936 0.0213666 0.1012095 0.0980737 0.1157899 0.1143519 0.1113366 0.0108452 0.0969041 0.0939085 0.1064098 0.0910953 0.1071298 0.1250275 0.1106126 0.1076930 0.1167242 0.0199820 0.1093848 0.3946251 0.3946251 
Dasyuridae_Sminthopsis_macroura              0.0864298 0.1027034 0.0899806 0.0874952 0.0959917 0.0265240 0.1022210 0.1040973 0.0905088 0.1076087 0.0991546 0.0285330 0.0000000 0.1033701 0.1098956 0.0186538 0.0319490 0.0162456 0.0994379 0.0972457 0.1131868 0.1165949 0.1119444 0.0293870 0.0985775 0.0940357 0.1073033 0.0899475 0.0994587 0.1270661 0.1097352 0.1085220 0.1107026 0.0310799 0.1098001 0.4300137 0.4300137 
Phalangeridae_Phalanger_orientalis           0.0672920 0.1131889 0.0815116 0.0766173 0.0817996 0.1042980 0.0365667 0.0213109 0.0796939 0.1370736 0.0276953 0.1029616 0.1033701 0.0000000 0.0926032 0.1200563 0.1200756 0.0977347 0.1229407 0.0817766 0.0970313 0.1365205 0.1384417 0.1061149 0.0853307 0.1042978 0.0957060 0.0778379 0.0898441 0.1094695 0.0904329 0.0119733 0.1576332 0.1174974 0.1307172 0.6340929 0.6340929 
Acrobatidae_Acrobates_pygmaeus               0.0762753 0.1173283 0.0838381 0.0822594 0.0891832 0.1086253 0.0888005 0.0969669 0.0872652 0.1403519 0.0912504 0.1112866 0.1098956 0.0926032 0.0000000 0.1558776 0.1148273 0.1029681 0.1207092 0.0893886 0.0730090 0.1391036 0.1412165 0.1166186 0.0919391 0.1064182 0.0702177 0.0855312 0.0681100 0.0882095 0.0438430 0.0962903 0.1967027 0.1122172 0.1274561 0.9036196 0.9036196 
Dasyuridae_Phascogale_calura                 0.0917513 0.1264920 0.0822369 0.1091893 0.1217322 0.0128980 0.1269280 0.1132372 0.1041190 0.1346725 0.1109575 0.0031821 0.0186538 0.1200563 0.1558776 0.0000000 0.0123338 0.0127467 0.1214220 0.1084165 0.1432319 0.1057749 0.0930004 0.0083905 0.1190986 0.0919519 0.1468456 0.1002183 0.1342589 0.1650870 0.1482233 0.1283985 0.1188020 0.0143200 0.1355248 0.4012037 0.4012037 
Dasyuridae_Sarcophilus_harrisii              0.0976662 0.0977336 0.0981892 0.0914363 0.0955308 0.0082771 0.1163958 0.1240065 0.0947666 0.1054979 0.1113246 0.0203936 0.0319490 0.1200756 0.1148273 0.0123338 0.0000000 0.0228072 0.1013664 0.1027705 0.1299591 0.1237050 0.1247143 0.0200631 0.0997336 0.0956946 0.1154532 0.0937429 0.1210195 0.1248161 0.1155613 0.1212865 0.0978055 0.0065147 0.1052010 9.0000000 9.0000000 
Dasyuridae_Planigale_tenuirostris            0.0813816 0.0870729 0.0822448 0.0776066 0.0813916 0.0187305 0.0959749 0.1022165 0.0811688 0.0910976 0.0908239 0.0213666 0.0162456 0.0977347 0.1029681 0.0127467 0.0228072 0.0000000 0.0864239 0.0886368 0.1127719 0.1064510 0.1073052 0.0198950 0.0857317 0.0916736 0.0992685 0.0791786 0.1010904 0.1122913 0.1023444 0.1011777 0.0914968 0.0207866 0.0914094 0.4150415 0.4150415 
Peramelidae_Echymipera_kalubu                0.1035859 0.1053109 0.0996466 0.0966153 0.1038706 0.0977156 0.1142708 0.1279294 0.1005693 0.0238546 0.1211366 0.1012095 0.0994379 0.1229407 0.1207092 0.1214220 0.1013664 0.0864239 0.0000000 0.1032900 0.1223393 0.1281905 0.1272749 0.1028673 0.1107904 0.0972045 0.1118652 0.1011221 0.1115880 0.1382230 0.1194375 0.1261981 0.0358515 0.0993942 0.0229781 0.2773132 0.2773132 
Macropodidae_Dorcopsulus_vanheurni           0.0598113 0.0898446 0.0688481 0.0400108 0.0433327 0.0964135 0.0754554 0.0849987 0.0405604 0.1070599 0.0790178 0.0980737 0.0972457 0.0817766 0.0893886 0.1084165 0.1027705 0.0886368 0.1032900 0.0000000 0.0919270 0.1156668 0.1166467 0.0985059 0.0533001 0.0781221 0.0788554 0.0227639 0.0743540 0.0909702 0.0869199 0.0835205 0.1309570 0.1023580 0.1054993 0.5626309 0.5626309 
Pseudochiridae_Pseudochirulus_forbesi        0.0823940 0.1245718 0.0946600 0.0860967 0.0931271 0.1136076 0.0931668 0.1040789 0.0906259 0.1306618 0.0980218 0.1157899 0.1131868 0.0970313 0.0730090 0.1432319 0.1299591 0.1127719 0.1223393 0.0919270 0.0000000 0.1441188 0.1431485 0.1188761 0.0939635 0.1128638 0.0537058 0.0894067 0.0216110 0.0914818 0.0743684 0.1001747 0.1765380 0.1261048 0.1296268 0.7705417 0.7705417 
Didelphidae_Didelphis_virginiana             0.1092556 0.1214654 0.1097960 0.1121984 0.1188212 0.1115527 0.1280974 0.1366881 0.1146460 0.1264831 0.1324861 0.1143519 0.1165949 0.1365205 0.1391036 0.1057749 0.1237050 0.1064510 0.1281905 0.1156668 0.1441188 0.0000000 0.0516983 0.1139088 0.1178716 0.1079392 0.1337782 0.1168969 0.1287531 0.1515272 0.1365548 0.1397025 0.1397895 0.1260670 0.1322841 0.5539400 0.5539400 
Marmosidae_Monodelphis_domestica             0.1095459 0.1231021 0.1074607 0.1108879 0.1194857 0.1079145 0.1291464 0.1397668 0.1166992 0.1224678 0.1335553 0.1113366 0.1119444 0.1384417 0.1412165 0.0930004 0.1247143 0.1073052 0.1272749 0.1166467 0.1431485 0.0516983 0.0000000 0.1138568 0.1155952 0.1066438 0.1363360 0.1155130 0.1253523 0.1512742 0.1370509 0.1423385 0.1275173 0.1263956 0.1310235 0.3951596 0.3951596 
Dasyuridae_Antechinus_stuartii               0.0917406 0.0976159 0.0896872 0.0889104 0.0941747 0.0178391 0.1058267 0.1092043 0.0941447 0.1040940 0.1028475 0.0108452 0.0293870 0.1061149 0.1166186 0.0083905 0.0200631 0.0198950 0.1028673 0.0985059 0.1188761 0.1139088 0.1138568 0.0000000 0.0955772 0.0973356 0.1085774 0.0930566 0.1099007 0.1272021 0.1142664 0.1120851 0.1166787 0.0196363 0.1039731 0.6046620 0.6046620 
Hypsiprymnodontidae_Hypsiprymnodon_moschatus 0.0611185 0.1037763 0.0763492 0.0477816 0.0495542 0.0981762 0.0797037 0.0894486 0.0488386 0.1155379 0.0833893 0.0969041 0.0985775 0.0853307 0.0919391 0.1190986 0.0997336 0.0857317 0.1107904 0.0533001 0.0939635 0.1178716 0.1155952 0.0955772 0.0000000 0.0841391 0.0861580 0.0560430 0.0886986 0.1045998 0.0862839 0.0861063 0.1508897 0.0983302 0.1130671 0.7438699 0.7438699 
Microbiotheriidae_Dromiciops_gliroides       0.0819142 0.0875359 0.0834393 0.0782639 0.0827580 0.0927555 0.0952514 0.1079252 0.0814581 0.1007069 0.1031007 0.0939085 0.0940357 0.1042978 0.1064182 0.0919519 0.0956946 0.0916736 0.0972045 0.0781221 0.1128638 0.1079392 0.1066438 0.0973356 0.0841391 0.0000000 0.1015096 0.0751156 0.0992584 0.1162911 0.1044757 0.1048629 0.1016070 0.0936824 0.1018463 0.7077480 0.7077480 
Pseudochiridae_Petauroides_volans            0.0750665 0.1127370 0.0814006 0.0731488 0.0815615 0.1048012 0.0875504 0.0995403 0.0774902 0.1240362 0.0944277 0.1064098 0.1073033 0.0957060 0.0702177 0.1468456 0.1154532 0.0992685 0.1118652 0.0788554 0.0537058 0.1337782 0.1363360 0.1085774 0.0861580 0.1015096 0.0000000 0.0786214 0.0485998 0.0894083 0.0676249 0.1002621 0.1791674 0.1146472 0.1203311 0.6136140 0.6136140 
Macropodidae_Wallabia_bicolor                0.0575783 0.0963148 0.0707763 0.0367129 0.0418747 0.0892217 0.0696328 0.0822983 0.0388035 0.1106255 0.0780138 0.0910953 0.0899475 0.0778379 0.0855312 0.1002183 0.0937429 0.0791786 0.1011221 0.0227639 0.0894067 0.1168969 0.1155130 0.0930566 0.0560430 0.0751156 0.0786214 0.0000000 0.0754157 0.0960094 0.0811320 0.0783930 0.1327138 0.0923254 0.1121581 0.6136140 0.6136140 
Pseudochiridae_Pseudocheirus_occidentalis    0.0753688 0.1122051 0.0839299 0.0743839 0.0810640 0.1033471 0.0872760 0.0967699 0.0790113 0.1230933 0.0921023 0.1071298 0.0994587 0.0898441 0.0681100 0.1342589 0.1210195 0.1010904 0.1115880 0.0743540 0.0216110 0.1287531 0.1253523 0.1099007 0.0886986 0.0992584 0.0485998 0.0754157 0.0000000 0.0791420 0.0626312 0.0959252 0.1628243 0.1173191 0.1222414 0.7569722 0.7569722 
Tarsipedidae_Tarsipes_rostratus              0.0940555 0.1280450 0.1022661 0.0987074 0.1032498 0.1235152 0.1115697 0.1204387 0.1019041 0.1492500 0.1099939 0.1250275 0.1270661 0.1094695 0.0882095 0.1650870 0.1248161 0.1122913 0.1382230 0.0909702 0.0914818 0.1515272 0.1512742 0.1272021 0.1045998 0.1162911 0.0894083 0.0960094 0.0791420 0.0000000 0.0789237 0.1169187 0.1916077 0.1233601 0.1431744 0.7314111 0.7314111 
Acrobatidae_Distoechurus_pennatus            0.0747963 0.1073965 0.0819255 0.0793546 0.0834973 0.1088944 0.0907798 0.1007310 0.0823387 0.1300942 0.0954909 0.1106126 0.1097352 0.0904329 0.0438430 0.1482233 0.1155613 0.1023444 0.1194375 0.0869199 0.0743684 0.1365548 0.1370509 0.1142664 0.0862839 0.1044757 0.0676249 0.0811320 0.0626312 0.0789237 0.0000000 0.0966475 0.1737078 0.1135734 0.1239259 0.7877323 0.7877323 
Phalangeridae_Phalanger_carmelitae           0.0680427 0.1228401 0.0858463 0.0767784 0.0836565 0.1090239 0.0319272 0.0246890 0.0798646 0.1409493 0.0303109 0.1076930 0.1085220 0.0119733 0.0962903 0.1283985 0.1212865 0.1011777 0.1261981 0.0835205 0.1001747 0.1397025 0.1423385 0.1120851 0.0861063 0.1048629 0.1002621 0.0783930 0.0959252 0.1169187 0.0966475 0.0000000 0.1699077 0.1186933 0.1337292 0.5813954 0.5813954 
Peramelidae_Peroryctes_raffrayana            0.1244748 0.1483858 0.1156889 0.1397796 0.1504691 0.1151423 0.1710793 0.1559110 0.1364617 0.0457613 0.1544140 0.1167242 0.1107026 0.1576332 0.1967027 0.1188020 0.0978055 0.0914968 0.0358515 0.1309570 0.1765380 0.1397895 0.1275173 0.1166787 0.1508897 0.1016070 0.1791674 0.1327138 0.1628243 0.1916077 0.1737078 0.1699077 0.0000000 0.0993364 0.0461437 0.3654533 0.3654533 
Dasyuridae_Dasyurus_geffroii                 0.0967661 0.0942200 0.0967854 0.0900301 0.0941265 0.0060843 0.1138643 0.1214023 0.0933653 0.1041879 0.1092951 0.0199820 0.0310799 0.1174974 0.1122172 0.0143200 0.0065147 0.0207866 0.0993942 0.1023580 0.1261048 0.1260670 0.1263956 0.0196363 0.0983302 0.0936824 0.1146472 0.0923254 0.1173191 0.1233601 0.1135734 0.1186933 0.0993364 0.0000000 0.1032240 9.0000000 9.0000000 
Peramelidae_Perameles_gunnii                 0.1106824 0.1123662 0.1043465 0.1047852 0.1087022 0.1079850 0.1224452 0.1362516 0.1079810 0.0012853 0.1291864 0.1093848 0.1098001 0.1307172 0.1274561 0.1355248 0.1052010 0.0914094 0.0229781 0.1054993 0.1296268 0.1322841 0.1310235 0.1039731 0.1130671 0.1018463 0.1203311 0.1121581 0.1222414 0.1431744 0.1239259 0.1337292 0.0461437 0.1032240 0.0000000 0.4137165 0.4137165 
Thylacomyidae_Macrotis_lagotis1              0.6238008 0.7125318 0.6340929 0.6999209 0.6999209 0.4300137 0.5716103 0.5716103 0.6557758 0.3708311 0.7569722 0.3946251 0.4300137 0.6340929 0.9036196 0.4012037 9.0000000 0.4150415 0.2773132 0.5626309 0.7705417 0.5539400 0.3951596 0.6046620 0.7438699 0.7077480 0.6136140 0.6136140 0.7569722 0.7314111 0.7877323 0.5813954 0.3654533 9.0000000 0.4137165 0.0000000 0.0000010 
Thylacomyidae_Macrotis_lagotis2              0.6238008 0.7125318 0.6340929 0.6999209 0.6999209 0.4300137 0.5716103 0.5716103 0.6557758 0.3708311 0.7569722 0.3946251 0.4300137 0.6340929 0.9036196 0.4012037 9.0000000 0.4150415 0.2773132 0.5626309 0.7705417 0.5539400 0.3951596 0.6046620 0.7438699 0.7077480 0.6136140 0.6136140 0.7569722 0.7314111 0.7877323 0.5813954 0.3654533 9.0000000 0.4137165 0.0000010 0.0000000 
