35
Burramyidae_Burramys_parvus                  0.0000000 0.0482898 0.0400818 0.0375740 0.0434161 0.0482025 0.0276942 0.0376308 0.0419378 0.1035683 0.0323562 0.0493349 0.0519136 0.0281471 0.0316732 0.0497833 0.0492823 0.0482364 0.0977161 0.0339960 0.0355188 0.1026489 0.1082137 0.0501550 0.0407876 0.0420189 0.0318651 0.0348741 0.0348076 0.0446244 0.0369459 0.0279305 0.0830411 0.0486041 0.1041160 
Notoryctidae_Notoryctes_typhlops             0.0482898 0.0000000 0.0527734 0.0568255 0.0621973 0.0561336 0.0568485 0.0669523 0.0639308 0.1095590 0.0622083 0.0566056 0.0605618 0.0563653 0.0512475 0.0561532 0.0564525 0.0530176 0.1066840 0.0549616 0.0583530 0.1074448 0.1174630 0.0522510 0.0623004 0.0485244 0.0533251 0.0549925 0.0573894 0.0675557 0.0568557 0.0553361 0.0853059 0.0565981 0.1102915 
Vombatidae_Lasiorhinus_latifrons             0.0400818 0.0527734 0.0000000 0.0480400 0.0545439 0.0549093 0.0450719 0.0556221 0.0525541 0.1085801 0.0457626 0.0543904 0.0569143 0.0438546 0.0387390 0.0530911 0.0556419 0.0513259 0.1013244 0.0448490 0.0514950 0.1040658 0.1110270 0.0535141 0.0488638 0.0450615 0.0447507 0.0450693 0.0490932 0.0585865 0.0481895 0.0434788 0.0849523 0.0544682 0.1077289 
Potoroidae_Bettongia_penicillata             0.0375740 0.0568255 0.0480400 0.0000000 0.0022119 0.0598024 0.0451057 0.0560962 0.0078720 0.1147712 0.0462116 0.0611714 0.0611194 0.0410809 0.0377553 0.0611748 0.0610687 0.0565470 0.1077979 0.0104696 0.0473472 0.0989099 0.1050658 0.0598005 0.0270460 0.0513594 0.0456961 0.0104906 0.0467694 0.0574622 0.0449755 0.0415627 0.0928436 0.0602526 0.1150906 
Potoroidae_Bettongia_lesueur                 0.0434161 0.0621973 0.0545439 0.0022119 0.0000000 0.0665786 0.0505948 0.0616999 0.0093632 0.1201509 0.0511529 0.0675999 0.0690843 0.0465704 0.0433067 0.0680796 0.0678342 0.0634955 0.1143641 0.0142370 0.0534881 0.1069098 0.1144596 0.0647809 0.0289922 0.0550651 0.0516365 0.0137741 0.0528046 0.0626045 0.0505520 0.0470645 0.0995743 0.0670406 0.1203684 
Dasyuridae_Dasyurus_maculatus                0.0482025 0.0561336 0.0549093 0.0598024 0.0665786 0.0000000 0.0549224 0.0692351 0.0620595 0.1089364 0.0608937 0.0066340 0.0096031 0.0551587 0.0531885 0.0064134 0.0027943 0.0086757 0.1025965 0.0561411 0.0574415 0.1039588 0.1083238 0.0075298 0.0647007 0.0514967 0.0490415 0.0568300 0.0550716 0.0622827 0.0577625 0.0543294 0.0856333 0.0005859 0.1094669 
Phalangeridae_Trichosurus_vulpecula          0.0276942 0.0568485 0.0450719 0.0451057 0.0505948 0.0549224 0.0000000 0.0199956 0.0489817 0.1105310 0.0172803 0.0550101 0.0588976 0.0135887 0.0352235 0.0559074 0.0547345 0.0541195 0.1047560 0.0403571 0.0404763 0.1111478 0.1176039 0.0558867 0.0474098 0.0502078 0.0377892 0.0408987 0.0398275 0.0504429 0.0401584 0.0128038 0.0874948 0.0548968 0.1103634 
Phalangeridae_Spilocuscus_maculatus          0.0376308 0.0669523 0.0556221 0.0560962 0.0616999 0.0692351 0.0199956 0.0000000 0.0612669 0.1247774 0.0170161 0.0682008 0.0701961 0.0135528 0.0453669 0.0692010 0.0684971 0.0640309 0.1193494 0.0501225 0.0516522 0.1254464 0.1320674 0.0691543 0.0593555 0.0575998 0.0493643 0.0502513 0.0510198 0.0614468 0.0508369 0.0132744 0.1007178 0.0691995 0.1245352 
Potoroidae_Aepyprymnus_rufescens             0.0419378 0.0639308 0.0525541 0.0078720 0.0093632 0.0620595 0.0489817 0.0612669 0.0000000 0.1221842 0.0495868 0.0633978 0.0662052 0.0470193 0.0442632 0.0638926 0.0633263 0.0603906 0.1152774 0.0142730 0.0513630 0.1032476 0.1140111 0.0634081 0.0303605 0.0564428 0.0514874 0.0135718 0.0515543 0.0642608 0.0507209 0.0458829 0.0998444 0.0625112 0.1226850 
Peramelidae_Perameles_nasuta                 0.1035683 0.1095590 0.1085801 0.1147712 0.1201509 0.1089364 0.1105310 0.1247774 0.1221842 0.0000000 0.1174330 0.1093147 0.1110516 0.1066444 0.1091412 0.1075246 0.1090547 0.1048758 0.0140559 0.1084653 0.1186496 0.1626167 0.1756028 0.1082520 0.1127728 0.1047189 0.1070434 0.1093294 0.1196076 0.1291984 0.1119380 0.1065987 0.0318309 0.1083274 0.0011860 
Phalangeridae_Strigocuscus_pelengensis       0.0323562 0.0622083 0.0457626 0.0462116 0.0511529 0.0608937 0.0172803 0.0170161 0.0495868 0.1174330 0.0000000 0.0616915 0.0650803 0.0093485 0.0398973 0.0622081 0.0615697 0.0578383 0.1122062 0.0416677 0.0447542 0.1100998 0.1217193 0.0621916 0.0482714 0.0536033 0.0422059 0.0422568 0.0428163 0.0547415 0.0454062 0.0093341 0.0946410 0.0608634 0.1178161 
Dasyuridae_Phascogale_tapoatafa              0.0493349 0.0566056 0.0543904 0.0611714 0.0675999 0.0066340 0.0550101 0.0682008 0.0633978 0.1093147 0.0616915 0.0000000 0.0100798 0.0555175 0.0539333 0.0005857 0.0072962 0.0074778 0.1025051 0.0568671 0.0571498 0.1039375 0.1086536 0.0051163 0.0653654 0.0512835 0.0495466 0.0575667 0.0551851 0.0646731 0.0573625 0.0543039 0.0838213 0.0068547 0.1091671 
Dasyuridae_Sminthopsis_macroura              0.0519136 0.0605618 0.0569143 0.0611194 0.0690843 0.0096031 0.0588976 0.0701961 0.0662052 0.1110516 0.0650803 0.0100798 0.0000000 0.0582032 0.0583328 0.0096082 0.0105327 0.0063056 0.1023658 0.0585567 0.0621729 0.1012420 0.1059774 0.0105713 0.0666362 0.0558189 0.0516470 0.0583817 0.0593048 0.0685836 0.0583059 0.0582269 0.0865025 0.0095971 0.1102319 
Phalangeridae_Phalanger_orientalis           0.0281471 0.0563653 0.0438546 0.0410809 0.0465704 0.0551587 0.0135887 0.0135528 0.0470193 0.1066444 0.0093485 0.0555175 0.0582032 0.0000000 0.0335052 0.0564192 0.0558360 0.0524945 0.1016844 0.0370295 0.0400523 0.1102675 0.1167551 0.0560085 0.0425792 0.0482129 0.0385376 0.0371180 0.0375222 0.0474975 0.0403147 0.0023983 0.0837238 0.0551329 0.1065473 
Acrobatidae_Acrobates_pygmaeus               0.0316732 0.0512475 0.0387390 0.0377553 0.0433067 0.0531885 0.0352235 0.0453669 0.0442632 0.1091412 0.0398973 0.0539333 0.0583328 0.0335052 0.0000000 0.0548333 0.0543464 0.0531637 0.1051989 0.0368353 0.0368672 0.1031711 0.1081895 0.0543884 0.0451209 0.0451199 0.0340190 0.0374100 0.0359575 0.0454178 0.0216760 0.0325940 0.0862884 0.0536053 0.1101384 
Dasyuridae_Phascogale_calura                 0.0497833 0.0561532 0.0530911 0.0611748 0.0680796 0.0064134 0.0559074 0.0692010 0.0638926 0.1075246 0.0622081 0.0005857 0.0096082 0.0564192 0.0548333 0.0000000 0.0070730 0.0072449 0.1007741 0.0577457 0.0580464 0.1033482 0.1081072 0.0049017 0.0658281 0.0508935 0.0499818 0.0584543 0.0560948 0.0651487 0.0573689 0.0551704 0.0832110 0.0066332 0.1073914 
Dasyuridae_Sarcophilus_harrisii              0.0492823 0.0564525 0.0556419 0.0610687 0.0678342 0.0027943 0.0547345 0.0684971 0.0633263 0.1090547 0.0615697 0.0072962 0.0105327 0.0558360 0.0543464 0.0070730 0.0000000 0.0093941 0.1027378 0.0568386 0.0578353 0.1044305 0.1103515 0.0077486 0.0663121 0.0525973 0.0497536 0.0575062 0.0558948 0.0644660 0.0584691 0.0550261 0.0858399 0.0029995 0.1095823 
Dasyuridae_Planigale_tenuirostris            0.0482364 0.0530176 0.0513259 0.0565470 0.0634955 0.0086757 0.0541195 0.0640309 0.0603906 0.1048758 0.0578383 0.0074778 0.0063056 0.0524945 0.0531637 0.0072449 0.0093941 0.0000000 0.0994083 0.0534317 0.0546268 0.0948966 0.1032557 0.0084284 0.0636746 0.0500993 0.0463576 0.0545037 0.0498817 0.0649774 0.0534429 0.0525593 0.0818795 0.0086723 0.1048042 
Peramelidae_Echymipera_kalubu                0.0977161 0.1066840 0.1013244 0.1077979 0.1143641 0.1025965 0.1047560 0.1193494 0.1152774 0.0140559 0.1122062 0.1025051 0.1023658 0.1016844 0.1051989 0.1007741 0.1027378 0.0994083 0.0000000 0.1018486 0.1114334 0.1607180 0.1713900 0.1032210 0.1055663 0.1004833 0.1015756 0.1021854 0.1112135 0.1231501 0.1051286 0.1027717 0.0282930 0.1020080 0.0134483 
Macropodidae_Dorcopsulus_vanheurni           0.0339960 0.0549616 0.0448490 0.0104696 0.0142370 0.0561411 0.0403571 0.0501225 0.0142730 0.1084653 0.0416677 0.0568671 0.0585567 0.0370295 0.0368353 0.0577457 0.0568386 0.0534317 0.1018486 0.0000000 0.0434493 0.1014750 0.1096212 0.0564623 0.0252243 0.0461546 0.0412355 0.0046979 0.0428836 0.0555416 0.0450505 0.0371286 0.0885898 0.0565661 0.1087251 
Pseudochiridae_Pseudochirulus_forbesi        0.0355188 0.0583530 0.0514950 0.0473472 0.0534881 0.0574415 0.0404763 0.0516522 0.0513630 0.1186496 0.0447542 0.0571498 0.0621729 0.0400523 0.0368672 0.0580464 0.0578353 0.0546268 0.1114334 0.0434493 0.0000000 0.1111277 0.1230169 0.0580447 0.0525222 0.0515129 0.0215092 0.0440225 0.0092010 0.0499990 0.0411440 0.0393647 0.0897673 0.0574017 0.1195144 
Didelphidae_Didelphis_virginiana             0.1026489 0.1074448 0.1040658 0.0989099 0.1069098 0.1039588 0.1111478 0.1254464 0.1032476 0.1626167 0.1100998 0.1039375 0.1012420 0.1102675 0.1031711 0.1033482 0.1044305 0.0948966 0.1607180 0.1014750 0.1111277 0.0000000 0.0315510 0.1000670 0.1064303 0.0928228 0.0992773 0.0995791 0.1056885 0.1228793 0.1080803 0.1093085 0.1364813 0.1038647 0.1610045 
Marmosidae_Monodelphis_domestica             0.1082137 0.1174630 0.1110270 0.1050658 0.1144596 0.1083238 0.1176039 0.1320674 0.1140111 0.1756028 0.1217193 0.1086536 0.1059774 0.1167551 0.1081895 0.1081072 0.1103515 0.1032557 0.1713900 0.1096212 0.1230169 0.0315510 0.0000000 0.1079522 0.1161967 0.0980570 0.1072226 0.1079494 0.1137700 0.1257648 0.1232496 0.1143981 0.1512926 0.1082250 0.1731172 
Dasyuridae_Antechinus_stuartii               0.0501550 0.0522510 0.0535141 0.0598005 0.0647809 0.0075298 0.0558867 0.0691543 0.0634081 0.1082520 0.0621916 0.0051163 0.0105713 0.0560085 0.0543884 0.0049017 0.0077486 0.0084284 0.1032210 0.0564623 0.0580447 0.1000670 0.1079522 0.0000000 0.0635336 0.0512442 0.0495667 0.0571573 0.0547282 0.0633587 0.0573471 0.0560418 0.0866910 0.0077543 0.1074486 
Hypsiprymnodontidae_Hypsiprymnodon_moschatus 0.0407876 0.0623004 0.0488638 0.0270460 0.0289922 0.0647007 0.0474098 0.0593555 0.0303605 0.1127728 0.0482714 0.0653654 0.0666362 0.0425792 0.0451209 0.0658281 0.0663121 0.0636746 0.1055663 0.0252243 0.0525222 0.1064303 0.1161967 0.0635336 0.0000000 0.0548190 0.0494561 0.0249857 0.0517731 0.0618592 0.0522548 0.0430590 0.0940241 0.0651499 0.1130431 
Microbiotheriidae_Dromiciops_gliroides       0.0420189 0.0485244 0.0450615 0.0513594 0.0550651 0.0514967 0.0502078 0.0575998 0.0564428 0.1047189 0.0536033 0.0512835 0.0558189 0.0482129 0.0451199 0.0508935 0.0525973 0.0500993 0.1004833 0.0461546 0.0515129 0.0928228 0.0980570 0.0512442 0.0548190 0.0000000 0.0444554 0.0474719 0.0498129 0.0643163 0.0502414 0.0474443 0.0825621 0.0519172 0.1053717 
Pseudochiridae_Petauroides_volans            0.0318651 0.0533251 0.0447507 0.0456961 0.0516365 0.0490415 0.0377892 0.0493643 0.0514874 0.1070434 0.0422059 0.0495466 0.0516470 0.0385376 0.0340190 0.0499818 0.0497536 0.0463576 0.1015756 0.0412355 0.0215092 0.0992773 0.1072226 0.0495667 0.0494561 0.0444554 0.0000000 0.0429803 0.0217608 0.0453279 0.0389431 0.0375188 0.0848540 0.0494086 0.1083327 
Macropodidae_Wallabia_bicolor                0.0348741 0.0549925 0.0450693 0.0104906 0.0137741 0.0568300 0.0408987 0.0502513 0.0135718 0.1093294 0.0422568 0.0575667 0.0583817 0.0371180 0.0374100 0.0584543 0.0575062 0.0545037 0.1021854 0.0046979 0.0440225 0.0995791 0.1079494 0.0571573 0.0249857 0.0474719 0.0429803 0.0000000 0.0434434 0.0575796 0.0449299 0.0372448 0.0875707 0.0572591 0.1103029 
Pseudochiridae_Pseudocheirus_occidentalis    0.0348076 0.0573894 0.0490932 0.0467694 0.0528046 0.0550716 0.0398275 0.0510198 0.0515543 0.1196076 0.0428163 0.0551851 0.0593048 0.0375222 0.0359575 0.0560948 0.0558948 0.0498817 0.1112135 0.0428836 0.0092010 0.1056885 0.1137700 0.0547282 0.0517731 0.0498129 0.0217608 0.0434434 0.0000000 0.0466235 0.0405488 0.0380172 0.0898820 0.0550339 0.1206064 
Tarsipedidae_Tarsipes_rostratus              0.0446244 0.0675557 0.0585865 0.0574622 0.0626045 0.0622827 0.0504429 0.0614468 0.0642608 0.1291984 0.0547415 0.0646731 0.0685836 0.0474975 0.0454178 0.0651487 0.0644660 0.0649774 0.1231501 0.0555416 0.0499990 0.1228793 0.1257648 0.0633587 0.0618592 0.0643163 0.0453279 0.0575796 0.0466235 0.0000000 0.0512973 0.0467496 0.1068903 0.0612895 0.1289793 
Acrobatidae_Distoechurus_pennatus            0.0369459 0.0568557 0.0481895 0.0449755 0.0505520 0.0577625 0.0401584 0.0508369 0.0507209 0.1119380 0.0454062 0.0573625 0.0583059 0.0403147 0.0216760 0.0573689 0.0584691 0.0534429 0.1051286 0.0450505 0.0411440 0.1080803 0.1232496 0.0573471 0.0522548 0.0502414 0.0389431 0.0449299 0.0405488 0.0512973 0.0000000 0.0396629 0.0880010 0.0581933 0.1110516 
Phalangeridae_Phalanger_carmelitae           0.0279305 0.0553361 0.0434788 0.0415627 0.0470645 0.0543294 0.0128038 0.0132744 0.0458829 0.1065987 0.0093341 0.0543039 0.0582269 0.0023983 0.0325940 0.0551704 0.0550261 0.0525593 0.1027717 0.0371286 0.0393647 0.1093085 0.1143981 0.0560418 0.0430590 0.0474443 0.0375188 0.0372448 0.0380172 0.0467496 0.0396629 0.0000000 0.0824228 0.0543043 0.1064155 
Peramelidae_Peroryctes_raffrayana            0.0830411 0.0853059 0.0849523 0.0928436 0.0995743 0.0856333 0.0874948 0.1007178 0.0998444 0.0318309 0.0946410 0.0838213 0.0865025 0.0837238 0.0862884 0.0832110 0.0858399 0.0818795 0.0282930 0.0885898 0.0897673 0.1364813 0.1512926 0.0866910 0.0940241 0.0825621 0.0848540 0.0875707 0.0898820 0.1068903 0.0880010 0.0824228 0.0000000 0.0861642 0.0322561 
Dasyuridae_Dasyurus_geffroii                 0.0486041 0.0565981 0.0544682 0.0602526 0.0670406 0.0005859 0.0548968 0.0691995 0.0625112 0.1083274 0.0608634 0.0068547 0.0095971 0.0551329 0.0536053 0.0066332 0.0029995 0.0086723 0.1020080 0.0565661 0.0574017 0.1038647 0.1082250 0.0077543 0.0651499 0.0519172 0.0494086 0.0572591 0.0550339 0.0612895 0.0581933 0.0543043 0.0861642 0.0000000 0.1088609 
Peramelidae_Perameles_gunnii                 0.1041160 0.1102915 0.1077289 0.1150906 0.1203684 0.1094669 0.1103634 0.1245352 0.1226850 0.0011860 0.1178161 0.1091671 0.1102319 0.1065473 0.1101384 0.1073914 0.1095823 0.1048042 0.0134483 0.1087251 0.1195144 0.1610045 0.1731172 0.1074486 0.1130431 0.1053717 0.1083327 0.1103029 0.1206064 0.1289793 0.1110516 0.1064155 0.0322561 0.1088609 0.0000000 
