35
Burramyidae_Burramys_parvus                  0.0000000 0.0346192 0.0213848 0.0293372 0.0307515 0.0362939 0.0187489 0.0241755 0.0286906 0.0415310 0.0239279 0.0367738 0.0361942 0.0215349 0.0275659 0.0363026 0.0346036 0.0443091 0.0420847 0.0306201 0.0261684 0.0422134 0.0455077 0.0355513 0.0289549 0.0283084 0.0273048 0.0301254 0.0238345 0.0293964 0.0247710 0.0218538 0.0436363 0.0348443 0.0427578 
Notoryctidae_Notoryctes_typhlops             0.0346192 0.0000000 0.0349580 0.0395811 0.0401062 0.0444346 0.0340353 0.0386297 0.0393946 0.0472278 0.0368635 0.0480372 0.0418518 0.0364682 0.0370672 0.0467595 0.0433443 0.0425937 0.0461710 0.0413762 0.0402387 0.0474408 0.0496672 0.0494691 0.0408667 0.0380792 0.0409170 0.0412269 0.0392549 0.0439017 0.0404165 0.0367204 0.0478387 0.0433812 0.0466962 
Vombatidae_Lasiorhinus_latifrons             0.0213848 0.0349580 0.0000000 0.0259193 0.0247298 0.0358408 0.0211019 0.0261586 0.0246280 0.0387572 0.0255085 0.0393118 0.0334666 0.0242386 0.0256660 0.0385530 0.0350980 0.0357949 0.0387073 0.0269271 0.0273967 0.0376718 0.0401382 0.0390796 0.0259932 0.0269250 0.0282937 0.0274778 0.0242624 0.0313117 0.0269268 0.0237455 0.0395992 0.0355355 0.0389268 
Potoroidae_Bettongia_penicillata             0.0293372 0.0395811 0.0259193 0.0000000 0.0022169 0.0476011 0.0290688 0.0346147 0.0069409 0.0442402 0.0360492 0.0499211 0.0463196 0.0329775 0.0347090 0.0499164 0.0460433 0.0497744 0.0473679 0.0145808 0.0358469 0.0476820 0.0511834 0.0508115 0.0190861 0.0316055 0.0355130 0.0150625 0.0326912 0.0384473 0.0296359 0.0328433 0.0448587 0.0453221 0.0451082 
Potoroidae_Bettongia_lesueur                 0.0307515 0.0401062 0.0247298 0.0022169 0.0000000 0.0479327 0.0300088 0.0352829 0.0075338 0.0457279 0.0363489 0.0505788 0.0473787 0.0328941 0.0358631 0.0505740 0.0465808 0.0504538 0.0489803 0.0158242 0.0362957 0.0482394 0.0505739 0.0518426 0.0198916 0.0318838 0.0358889 0.0157451 0.0332744 0.0395125 0.0294309 0.0327565 0.0448724 0.0458365 0.0466304 
Dasyuridae_Dasyurus_maculatus                0.0362939 0.0444346 0.0358408 0.0476011 0.0479327 0.0000000 0.0355266 0.0404498 0.0473834 0.0562762 0.0418781 0.0143070 0.0158849 0.0382365 0.0466326 0.0141192 0.0064010 0.0235078 0.0553871 0.0477558 0.0436941 0.0531023 0.0544182 0.0136612 0.0461874 0.0370833 0.0453506 0.0490741 0.0415422 0.0463469 0.0409613 0.0383778 0.0536639 0.0049108 0.0563868 
Phalangeridae_Trichosurus_vulpecula          0.0187489 0.0340353 0.0211019 0.0290688 0.0300088 0.0355266 0.0000000 0.0099696 0.0295380 0.0408662 0.0110970 0.0381104 0.0356890 0.0084809 0.0293228 0.0373897 0.0336482 0.0429870 0.0422127 0.0292469 0.0265830 0.0419286 0.0454215 0.0388981 0.0286992 0.0279791 0.0279754 0.0300624 0.0240240 0.0289402 0.0253902 0.0086390 0.0423565 0.0336335 0.0407906 
Phalangeridae_Spilocuscus_maculatus          0.0241755 0.0386297 0.0261586 0.0346147 0.0352829 0.0404498 0.0099696 0.0000000 0.0348820 0.0466753 0.0104691 0.0426949 0.0409149 0.0071526 0.0338111 0.0419491 0.0385455 0.0483509 0.0485592 0.0348728 0.0305151 0.0467965 0.0491233 0.0434746 0.0342605 0.0323980 0.0310774 0.0359040 0.0287684 0.0345679 0.0294576 0.0073189 0.0476790 0.0387634 0.0465575 
Potoroidae_Aepyprymnus_rufescens             0.0286906 0.0393946 0.0246280 0.0069409 0.0075338 0.0473834 0.0295380 0.0348820 0.0000000 0.0457095 0.0358846 0.0497007 0.0458636 0.0325619 0.0340817 0.0491894 0.0458274 0.0477488 0.0486203 0.0153906 0.0358860 0.0495765 0.0531034 0.0499725 0.0187107 0.0322018 0.0348978 0.0146809 0.0322536 0.0394613 0.0285468 0.0324371 0.0443422 0.0451068 0.0460820 
Peramelidae_Perameles_nasuta                 0.0415310 0.0472278 0.0387572 0.0442402 0.0457279 0.0562762 0.0408662 0.0466753 0.0457095 0.0000000 0.0475384 0.0556115 0.0548370 0.0433826 0.0460488 0.0546084 0.0523027 0.0566560 0.0121988 0.0479641 0.0463191 0.0563976 0.0579472 0.0561861 0.0464624 0.0429228 0.0465857 0.0471131 0.0426120 0.0485784 0.0419154 0.0442312 0.0187604 0.0525917 0.0029042 
Phalangeridae_Strigocuscus_pelengensis       0.0239279 0.0368635 0.0255085 0.0360492 0.0363489 0.0418781 0.0110970 0.0104691 0.0358846 0.0475384 0.0000000 0.0417413 0.0418939 0.0090342 0.0346039 0.0409825 0.0395644 0.0477057 0.0489247 0.0348846 0.0328339 0.0456364 0.0485880 0.0436244 0.0344112 0.0314128 0.0319533 0.0363129 0.0294665 0.0354431 0.0280740 0.0086138 0.0433494 0.0395339 0.0473148 
Dasyuridae_Phascogale_tapoatafa              0.0367738 0.0480372 0.0393118 0.0499211 0.0505788 0.0143070 0.0381104 0.0426949 0.0497007 0.0556115 0.0417413 0.0000000 0.0166960 0.0409043 0.0456526 0.0019741 0.0123177 0.0244761 0.0542301 0.0502927 0.0447701 0.0547528 0.0585319 0.0067575 0.0481447 0.0390004 0.0459939 0.0506651 0.0420672 0.0477688 0.0402188 0.0405407 0.0553507 0.0117330 0.0565278 
Dasyuridae_Sminthopsis_macroura              0.0361942 0.0418518 0.0334666 0.0463196 0.0473787 0.0158849 0.0356890 0.0409149 0.0458636 0.0548370 0.0418939 0.0166960 0.0000000 0.0379911 0.0453077 0.0169030 0.0142824 0.0200905 0.0529174 0.0469042 0.0423766 0.0528768 0.0564613 0.0167955 0.0451234 0.0365067 0.0435634 0.0473808 0.0395056 0.0459675 0.0387329 0.0380927 0.0534164 0.0140795 0.0549275 
Phalangeridae_Phalanger_orientalis           0.0215349 0.0364682 0.0242386 0.0329775 0.0328941 0.0382365 0.0084809 0.0071526 0.0325619 0.0433826 0.0090342 0.0409043 0.0379911 0.0000000 0.0312884 0.0402076 0.0367957 0.0465271 0.0455632 0.0331819 0.0282048 0.0454530 0.0483056 0.0420861 0.0314753 0.0297765 0.0287860 0.0343789 0.0264919 0.0323151 0.0278999 0.0023468 0.0432258 0.0370505 0.0433735 
Acrobatidae_Acrobates_pygmaeus               0.0275659 0.0370672 0.0256660 0.0347090 0.0358631 0.0466326 0.0293228 0.0338111 0.0340817 0.0460488 0.0346039 0.0456526 0.0453077 0.0312884 0.0000000 0.0444032 0.0430986 0.0494181 0.0475030 0.0354663 0.0315535 0.0478910 0.0489377 0.0453258 0.0361886 0.0313135 0.0305473 0.0358098 0.0295755 0.0353144 0.0164027 0.0311160 0.0461035 0.0447686 0.0469846 
Dasyuridae_Phascogale_calura                 0.0363026 0.0467595 0.0385530 0.0499164 0.0505740 0.0141192 0.0373897 0.0419491 0.0491894 0.0546084 0.0409825 0.0019741 0.0169030 0.0402076 0.0444032 0.0000000 0.0117419 0.0242685 0.0532122 0.0493159 0.0442450 0.0536839 0.0569752 0.0065442 0.0471901 0.0381459 0.0449604 0.0496541 0.0415533 0.0472308 0.0397426 0.0398060 0.0545236 0.0119250 0.0554660 
Dasyuridae_Sarcophilus_harrisii              0.0346036 0.0433443 0.0350980 0.0460433 0.0465808 0.0064010 0.0336482 0.0385455 0.0458274 0.0523027 0.0395644 0.0123177 0.0142824 0.0367957 0.0430986 0.0117419 0.0000000 0.0217278 0.0514822 0.0466320 0.0421690 0.0509673 0.0539311 0.0114644 0.0440795 0.0367361 0.0436111 0.0476407 0.0400406 0.0439483 0.0389369 0.0364531 0.0519170 0.0036151 0.0524353 
Dasyuridae_Planigale_tenuirostris            0.0443091 0.0425937 0.0357949 0.0497744 0.0504538 0.0235078 0.0429870 0.0483509 0.0477488 0.0566560 0.0477057 0.0244761 0.0200905 0.0465271 0.0494181 0.0242685 0.0217278 0.0000000 0.0545888 0.0492013 0.0508958 0.0518257 0.0537335 0.0242747 0.0479521 0.0369946 0.0517812 0.0502767 0.0489460 0.0557191 0.0389320 0.0467083 0.0495708 0.0212558 0.0561841 
Peramelidae_Echymipera_kalubu                0.0420847 0.0461710 0.0387073 0.0473679 0.0489803 0.0553871 0.0422127 0.0485592 0.0486203 0.0121988 0.0489247 0.0542301 0.0529174 0.0455632 0.0475030 0.0532122 0.0514822 0.0545888 0.0000000 0.0512385 0.0474817 0.0560692 0.0570760 0.0557123 0.0491418 0.0408985 0.0479991 0.0494597 0.0440214 0.0505376 0.0428322 0.0463871 0.0142696 0.0517418 0.0129095 
Macropodidae_Dorcopsulus_vanheurni           0.0306201 0.0413762 0.0269271 0.0145808 0.0158242 0.0477558 0.0292469 0.0348728 0.0153906 0.0479641 0.0348846 0.0502927 0.0469042 0.0331819 0.0354663 0.0493159 0.0466320 0.0492013 0.0512385 0.0000000 0.0373044 0.0498593 0.0528992 0.0487811 0.0188796 0.0322667 0.0345550 0.0058773 0.0327044 0.0392942 0.0306795 0.0330789 0.0483673 0.0461836 0.0489219 
Pseudochiridae_Pseudochirulus_forbesi        0.0261684 0.0402387 0.0273967 0.0358469 0.0362957 0.0436941 0.0265830 0.0305151 0.0358860 0.0463191 0.0328339 0.0447701 0.0423766 0.0282048 0.0315535 0.0442450 0.0421690 0.0508958 0.0474817 0.0373044 0.0000000 0.0513020 0.0547268 0.0460526 0.0380474 0.0358248 0.0200229 0.0353229 0.0094241 0.0301102 0.0294482 0.0294308 0.0491523 0.0428750 0.0466992 
Didelphidae_Didelphis_virginiana             0.0422134 0.0474408 0.0376718 0.0476820 0.0482394 0.0531023 0.0419286 0.0467965 0.0495765 0.0563976 0.0456364 0.0547528 0.0528768 0.0454530 0.0478910 0.0536839 0.0509673 0.0518257 0.0560692 0.0498593 0.0513020 0.0000000 0.0151679 0.0552433 0.0473585 0.0376291 0.0477218 0.0491646 0.0472363 0.0516830 0.0407800 0.0458399 0.0510286 0.0514604 0.0570184 
Marmosidae_Monodelphis_domestica             0.0455077 0.0496672 0.0401382 0.0511834 0.0505739 0.0544182 0.0454215 0.0491233 0.0531034 0.0579472 0.0485880 0.0585319 0.0564613 0.0483056 0.0489377 0.0569752 0.0539311 0.0537335 0.0570760 0.0528992 0.0547268 0.0151679 0.0000000 0.0574726 0.0504025 0.0409025 0.0510855 0.0527861 0.0516379 0.0556810 0.0420557 0.0489097 0.0551382 0.0547921 0.0588650 
Dasyuridae_Antechinus_stuartii               0.0355513 0.0494691 0.0390796 0.0508115 0.0518426 0.0136612 0.0388981 0.0434746 0.0499725 0.0561861 0.0436244 0.0067575 0.0167955 0.0420861 0.0453258 0.0065442 0.0114644 0.0242747 0.0557123 0.0487811 0.0460526 0.0552433 0.0574726 0.0000000 0.0489164 0.0400568 0.0463615 0.0483112 0.0416845 0.0456890 0.0395805 0.0416498 0.0563183 0.0114566 0.0568369 
Hypsiprymnodontidae_Hypsiprymnodon_moschatus 0.0289549 0.0408667 0.0259932 0.0190861 0.0198916 0.0461874 0.0286992 0.0342605 0.0187107 0.0464624 0.0344112 0.0481447 0.0451234 0.0314753 0.0361886 0.0471901 0.0440795 0.0479521 0.0491418 0.0188796 0.0380474 0.0473585 0.0504025 0.0489164 0.0000000 0.0346088 0.0363462 0.0189064 0.0348423 0.0413178 0.0296984 0.0315922 0.0476185 0.0439174 0.0476549 
Microbiotheriidae_Dromiciops_gliroides       0.0283084 0.0380792 0.0269250 0.0316055 0.0318838 0.0370833 0.0279791 0.0323980 0.0322018 0.0429228 0.0314128 0.0390004 0.0365067 0.0297765 0.0313135 0.0381459 0.0367361 0.0369946 0.0408985 0.0322667 0.0358248 0.0376291 0.0409025 0.0400568 0.0346088 0.0000000 0.0324755 0.0334079 0.0310030 0.0372941 0.0321982 0.0303309 0.0449231 0.0367950 0.0425812 
Pseudochiridae_Petauroides_volans            0.0273048 0.0409170 0.0282937 0.0355130 0.0358889 0.0453506 0.0279754 0.0310774 0.0348978 0.0465857 0.0319533 0.0459939 0.0435634 0.0287860 0.0305473 0.0449604 0.0436111 0.0517812 0.0479991 0.0345550 0.0200229 0.0477218 0.0510855 0.0463615 0.0363462 0.0324755 0.0000000 0.0330445 0.0171185 0.0306543 0.0296728 0.0300223 0.0479203 0.0443192 0.0467191 
Macropodidae_Wallabia_bicolor                0.0301254 0.0412269 0.0274778 0.0150625 0.0157451 0.0490741 0.0300624 0.0359040 0.0146809 0.0471131 0.0363129 0.0506651 0.0473808 0.0343789 0.0358098 0.0496541 0.0476407 0.0502767 0.0494597 0.0058773 0.0353229 0.0491646 0.0527861 0.0483112 0.0189064 0.0334079 0.0330445 0.0000000 0.0320172 0.0387637 0.0311254 0.0340314 0.0477938 0.0471757 0.0480998 
Pseudochiridae_Pseudocheirus_occidentalis    0.0238345 0.0392549 0.0242624 0.0326912 0.0332744 0.0415422 0.0240240 0.0287684 0.0322536 0.0426120 0.0294665 0.0420672 0.0395056 0.0264919 0.0295755 0.0415533 0.0400406 0.0489460 0.0440214 0.0327044 0.0094241 0.0472363 0.0516379 0.0416845 0.0348423 0.0310030 0.0171185 0.0320172 0.0000000 0.0282333 0.0263176 0.0274967 0.0447741 0.0407379 0.0430228 
Tarsipedidae_Tarsipes_rostratus              0.0293964 0.0439017 0.0313117 0.0384473 0.0395125 0.0463469 0.0289402 0.0345679 0.0394613 0.0485784 0.0354431 0.0477688 0.0459675 0.0323151 0.0353144 0.0472308 0.0439483 0.0557191 0.0505376 0.0392942 0.0301102 0.0516830 0.0556810 0.0456890 0.0413178 0.0372941 0.0306543 0.0387637 0.0282333 0.0000000 0.0300435 0.0327126 0.0508441 0.0452285 0.0487045 
Acrobatidae_Distoechurus_pennatus            0.0247710 0.0404165 0.0269268 0.0296359 0.0294309 0.0409613 0.0253902 0.0294576 0.0285468 0.0419154 0.0280740 0.0402188 0.0387329 0.0278999 0.0164027 0.0397426 0.0389369 0.0389320 0.0428322 0.0306795 0.0294482 0.0407800 0.0420557 0.0395805 0.0296984 0.0321982 0.0296728 0.0311254 0.0263176 0.0300435 0.0000000 0.0274439 0.0469391 0.0399421 0.0423580 
Phalangeridae_Phalanger_carmelitae           0.0218538 0.0367204 0.0237455 0.0328433 0.0327565 0.0383778 0.0086390 0.0073189 0.0324371 0.0442312 0.0086138 0.0405407 0.0380927 0.0023468 0.0311160 0.0398060 0.0364531 0.0467083 0.0463871 0.0330789 0.0294308 0.0458399 0.0489097 0.0416498 0.0315922 0.0303309 0.0300223 0.0340314 0.0274967 0.0327126 0.0274439 0.0000000 0.0434626 0.0366689 0.0441675 
Peramelidae_Peroryctes_raffrayana            0.0436363 0.0478387 0.0395992 0.0448587 0.0448724 0.0536639 0.0423565 0.0476790 0.0443422 0.0187604 0.0433494 0.0553507 0.0534164 0.0432258 0.0461035 0.0545236 0.0519170 0.0495708 0.0142696 0.0483673 0.0491523 0.0510286 0.0551382 0.0563183 0.0476185 0.0449231 0.0479203 0.0477938 0.0447741 0.0508441 0.0469391 0.0434626 0.0000000 0.0516397 0.0189301 
Dasyuridae_Dasyurus_geffroii                 0.0348443 0.0433812 0.0355355 0.0453221 0.0458365 0.0049108 0.0336335 0.0387634 0.0451068 0.0525917 0.0395339 0.0117330 0.0140795 0.0370505 0.0447686 0.0119250 0.0036151 0.0212558 0.0517418 0.0461836 0.0428750 0.0514604 0.0547921 0.0114566 0.0439174 0.0367950 0.0443192 0.0471757 0.0407379 0.0452285 0.0399421 0.0366689 0.0516397 0.0000000 0.0526665 
Peramelidae_Perameles_gunnii                 0.0427578 0.0466962 0.0389268 0.0451082 0.0466304 0.0563868 0.0407906 0.0465575 0.0460820 0.0029042 0.0473148 0.0565278 0.0549275 0.0433735 0.0469846 0.0554660 0.0524353 0.0561841 0.0129095 0.0489219 0.0466992 0.0570184 0.0588650 0.0568369 0.0476549 0.0425812 0.0467191 0.0480998 0.0430228 0.0487045 0.0423580 0.0441675 0.0189301 0.0526665 0.0000000 
