37
Burramyidae_Burramys_parvus                  0.0000000 0.1131352 0.0693236 0.0715889 0.0755101 0.1091325 0.0519949 0.0460681 0.0693431 0.1107319 0.0475269 0.1257373 0.1192229 0.0481248 0.0698346 0.1203617 0.1079782 0.1197619 0.0819786 0.0658372 0.0662209 0.0891846 0.1009725 0.1242096 0.0634969 0.0950424 0.0711219 0.0697679 0.0648876 0.0889028 0.0787512 0.0508989 0.1096191 0.1083804 0.1100224 0.0842083 0.0842083 
Notoryctidae_Notoryctes_typhlops             0.1131352 0.0000000 0.1007546 0.1193112 0.1208678 0.1154474 0.0969570 0.0958295 0.1158525 0.1294596 0.0936675 0.1334286 0.1194834 0.0958828 0.1168623 0.1310565 0.1161651 0.1105561 0.1159706 0.1071799 0.1198400 0.1239852 0.1403972 0.1292451 0.1115134 0.1054717 0.1117023 0.1103789 0.1135683 0.1457681 0.1281241 0.0990998 0.1223966 0.1149154 0.1320501 0.0852768 0.0852768 
Vombatidae_Lasiorhinus_latifrons             0.0693236 0.1007546 0.0000000 0.0861780 0.0861754 0.0974062 0.0562670 0.0538155 0.0798540 0.1028630 0.0561714 0.1181109 0.1031677 0.0571428 0.0773800 0.1138215 0.0975215 0.0994971 0.0786324 0.0710372 0.0725425 0.0822362 0.0949938 0.1129219 0.0661208 0.0805404 0.0730204 0.0751111 0.0678243 0.1068004 0.0855368 0.0601548 0.1032333 0.0966784 0.1017147 0.0564770 0.0564770 
Potoroidae_Bettongia_penicillata             0.0715889 0.1193112 0.0861780 0.0000000 0.0090313 0.1231751 0.0588871 0.0602948 0.0176957 0.1154002 0.0570020 0.1338689 0.1284942 0.0589724 0.0786970 0.1295467 0.1181773 0.1214791 0.0926602 0.0285305 0.0809708 0.1033575 0.1152123 0.1337946 0.0517380 0.0970583 0.0749232 0.0334047 0.0787772 0.1047350 0.0813703 0.0631491 0.1192482 0.1224346 0.1192337 0.0910317 0.0910317 
Potoroidae_Bettongia_lesueur                 0.0755101 0.1208678 0.0861754 0.0090313 0.0000000 0.1247870 0.0602666 0.0617119 0.0176818 0.1214958 0.0598628 0.1355913 0.1316818 0.0598728 0.0826567 0.1312563 0.1197761 0.1232281 0.0963485 0.0296969 0.0811629 0.1063202 0.1159914 0.1355735 0.0542115 0.0985073 0.0756795 0.0334311 0.0801323 0.1061485 0.0839630 0.0653035 0.1259052 0.1240432 0.1241829 0.0939558 0.0939558 
Dasyuridae_Dasyurus_maculatus                0.1091325 0.1154474 0.0974062 0.1231751 0.1247870 0.0000000 0.0765518 0.0800367 0.1182240 0.1294475 0.0751222 0.0436287 0.0309610 0.0793875 0.1211000 0.0430353 0.0114149 0.0482306 0.0940867 0.1115088 0.1160793 0.1241908 0.1418583 0.0410780 0.1128154 0.1086217 0.1138150 0.1143087 0.1136368 0.1366488 0.1335415 0.0816612 0.1217170 0.0103127 0.1358035 0.0699547 0.0699547 
Phalangeridae_Trichosurus_vulpecula          0.0519949 0.0969570 0.0562670 0.0588871 0.0602666 0.0765518 0.0000000 0.0241712 0.0573402 0.0919019 0.0300423 0.0854208 0.0841514 0.0229181 0.0567737 0.0832884 0.0787680 0.0797529 0.0897683 0.0522358 0.0587275 0.0789727 0.0887281 0.0836831 0.0527827 0.0681022 0.0557967 0.0542952 0.0542138 0.0790745 0.0694163 0.0286917 0.0958276 0.0785480 0.0915083 0.0813006 0.0813006 
Phalangeridae_Spilocuscus_maculatus          0.0460681 0.0958295 0.0538155 0.0602948 0.0617119 0.0800367 0.0241712 0.0000000 0.0587594 0.0886777 0.0146218 0.0903407 0.0876658 0.0096574 0.0602913 0.0882184 0.0830332 0.0867096 0.0834914 0.0550793 0.0608526 0.0768693 0.0880128 0.0872427 0.0521756 0.0689072 0.0559192 0.0543821 0.0536174 0.0812758 0.0694183 0.0127666 0.0913183 0.0819856 0.0880929 0.0834111 0.0834111 
Potoroidae_Aepyprymnus_rufescens             0.0693431 0.1158525 0.0798540 0.0176957 0.0176818 0.1182240 0.0573402 0.0587594 0.0000000 0.1144200 0.0554317 0.1310557 0.1265651 0.0601619 0.0777962 0.1267646 0.1148728 0.1172915 0.0924679 0.0243264 0.0763281 0.0974716 0.1095854 0.1338019 0.0479441 0.0951574 0.0709800 0.0303417 0.0740824 0.1021821 0.0778246 0.0643362 0.1216929 0.1183478 0.1182795 0.0790136 0.0790136 
Peramelidae_Perameles_nasuta                 0.1107319 0.1294596 0.1028630 0.1154002 0.1214958 0.1294475 0.0919019 0.0886777 0.1144200 0.0000000 0.0892038 0.1410726 0.1351441 0.0879447 0.1151900 0.1372739 0.1252689 0.1276825 0.0168747 0.1082946 0.1121550 0.1182910 0.1345257 0.1397990 0.1114003 0.1054769 0.1161451 0.1077383 0.1150520 0.1408004 0.1250738 0.0911081 0.0319789 0.1270295 0.0095151 0.0106024 0.0106024 
Phalangeridae_Strigocuscus_pelengensis       0.0475269 0.0936675 0.0561714 0.0570020 0.0598628 0.0751222 0.0300423 0.0146218 0.0554317 0.0892038 0.0000000 0.0841796 0.0828143 0.0127067 0.0581714 0.0821088 0.0768255 0.0757703 0.0858294 0.0527050 0.0574944 0.0801957 0.0899640 0.0818944 0.0512536 0.0699954 0.0547022 0.0528277 0.0525556 0.0819418 0.0636479 0.0172575 0.0906854 0.0786654 0.0882830 0.0866381 0.0866381 
Dasyuridae_Phascogale_tapoatafa              0.1257373 0.1334286 0.1181109 0.1338689 0.1355913 0.0436287 0.0854208 0.0903407 0.1310557 0.1410726 0.0841796 0.0000000 0.0543028 0.0896888 0.1388778 0.0051040 0.0443521 0.0538734 0.0951330 0.1229714 0.1311871 0.1369445 0.1556860 0.0135038 0.1240302 0.1119764 0.1281449 0.1242225 0.1275587 0.1586075 0.1437462 0.0934844 0.1340134 0.0450221 0.1481798 0.0786243 0.0786243 
Dasyuridae_Sminthopsis_macroura              0.1192229 0.1194834 0.1031677 0.1284942 0.1316818 0.0309610 0.0841514 0.0876658 0.1265651 0.1351441 0.0828143 0.0543028 0.0000000 0.0870019 0.1286275 0.0524047 0.0297813 0.0449167 0.0923270 0.1171431 0.1218200 0.1239786 0.1412064 0.0545018 0.1152568 0.1114725 0.1190582 0.1199659 0.1208884 0.1433248 0.1380157 0.0908513 0.1276985 0.0330338 0.1414134 0.0799669 0.0799669 
Phalangeridae_Phalanger_orientalis           0.0481248 0.0958828 0.0571428 0.0589724 0.0598728 0.0793875 0.0229181 0.0096574 0.0601619 0.0879447 0.0127067 0.0896888 0.0870019 0.0000000 0.0583278 0.0875665 0.0823827 0.0842019 0.0826350 0.0551146 0.0583156 0.0775876 0.0872410 0.0865708 0.0495857 0.0696763 0.0547111 0.0543925 0.0516158 0.0813450 0.0680898 0.0078605 0.0913160 0.0827895 0.0880909 0.0836450 0.0836450 
Acrobatidae_Acrobates_pygmaeus               0.0698346 0.1168623 0.0773800 0.0786970 0.0826567 0.1211000 0.0567737 0.0602913 0.0777962 0.1151900 0.0581714 0.1388778 0.1286275 0.0583278 0.0000000 0.1374870 0.1220601 0.1267613 0.0950259 0.0710440 0.0592173 0.1005843 0.1074633 0.1407837 0.0772293 0.0955996 0.0633380 0.0783676 0.0586449 0.0863936 0.0539853 0.0611667 0.1277518 0.1195862 0.1218816 0.0755948 0.0755948 
Dasyuridae_Phascogale_calura                 0.1203617 0.1310565 0.1138215 0.1295467 0.1312563 0.0430353 0.0832884 0.0882184 0.1267646 0.1372739 0.0821088 0.0051040 0.0524047 0.0875665 0.1374870 0.0000000 0.0425160 0.0524699 0.0913049 0.1186672 0.1283857 0.1333704 0.1525304 0.0117444 0.1197599 0.1113349 0.1254893 0.1206765 0.1247111 0.1562664 0.1409146 0.0913497 0.1282459 0.0450566 0.1436370 0.0814943 0.0814943 
Dasyuridae_Sarcophilus_harrisii              0.1079782 0.1161651 0.0975215 0.1181773 0.1197761 0.0114149 0.0787680 0.0830332 0.1148728 0.1252689 0.0768255 0.0443521 0.0297813 0.0823827 0.1220601 0.0425160 0.0000000 0.0409339 0.0905846 0.1057514 0.1149539 0.1211665 0.1410883 0.0411841 0.1118479 0.1103799 0.1126768 0.1085357 0.1153088 0.1379177 0.1323896 0.0846736 0.1203251 0.0144010 0.1318325 0.0729948 0.0729948 
Dasyuridae_Planigale_tenuirostris            0.1197619 0.1105561 0.0994971 0.1214791 0.1232281 0.0482306 0.0797529 0.0867096 0.1172915 0.1276825 0.0757703 0.0538734 0.0449167 0.0842019 0.1267613 0.0524699 0.0409339 0.0000000 0.0907638 0.1078049 0.1119765 0.1172189 0.1426191 0.0519041 0.1113420 0.1052791 0.1132383 0.1070943 0.1138838 0.1498381 0.1313702 0.0878031 0.1320582 0.0522566 0.1381001 0.0710301 0.0710301 
Peramelidae_Echymipera_kalubu                0.0819786 0.1159706 0.0786324 0.0926602 0.0963485 0.0940867 0.0897683 0.0834914 0.0924679 0.0168747 0.0858294 0.0951330 0.0923270 0.0826350 0.0950259 0.0913049 0.0905846 0.0907638 0.0000000 0.0829015 0.0882447 0.0934847 0.1043023 0.0931563 0.0918531 0.0776997 0.0878061 0.0867322 0.0892047 0.1197184 0.1005005 0.0873287 0.0180048 0.0947175 0.0156930 0.0160447 0.0160447 
Macropodidae_Dorcopsulus_vanheurni           0.0658372 0.1071799 0.0710372 0.0285305 0.0296969 0.1115088 0.0522358 0.0550793 0.0243264 0.1082946 0.0527050 0.1229714 0.1171431 0.0551146 0.0710440 0.1186672 0.1057514 0.1078049 0.0829015 0.0000000 0.0693791 0.0897186 0.1047742 0.1229827 0.0350746 0.0890380 0.0671167 0.0126024 0.0677320 0.0994886 0.0724227 0.0592726 0.1092336 0.1114954 0.1076820 0.0830419 0.0830419 
Pseudochiridae_Pseudochirulus_forbesi        0.0662209 0.1198400 0.0725425 0.0809708 0.0811629 0.1160793 0.0587275 0.0608526 0.0763281 0.1121550 0.0574944 0.1311871 0.1218200 0.0583156 0.0592173 0.1283857 0.1149539 0.1119765 0.0882447 0.0693791 0.0000000 0.1005708 0.1161063 0.1304578 0.0689678 0.0987695 0.0419007 0.0726132 0.0174955 0.0852082 0.0671050 0.0637103 0.1171173 0.1153932 0.1159047 0.0805325 0.0805325 
Didelphidae_Didelphis_virginiana             0.0891846 0.1239852 0.0822362 0.1033575 0.1063202 0.1241908 0.0789727 0.0768693 0.0974716 0.1182910 0.0801957 0.1369445 0.1239786 0.0775876 0.1005843 0.1333704 0.1211665 0.1172189 0.0934847 0.0897186 0.1005708 0.0000000 0.0399455 0.1315098 0.0865760 0.0940975 0.1000636 0.0879041 0.0968707 0.1258420 0.1088678 0.0791930 0.1243862 0.1229473 0.1195378 0.0626434 0.0626434 
Marmosidae_Monodelphis_domestica             0.1009725 0.1403972 0.0949938 0.1152123 0.1159914 0.1418583 0.0887281 0.0880128 0.1095854 0.1345257 0.0899640 0.1556860 0.1412064 0.0872410 0.1074633 0.1525304 0.1410883 0.1426191 0.1043023 0.1047742 0.1161063 0.0399455 0.0000000 0.1553585 0.1031423 0.1133386 0.1059667 0.1073760 0.1106941 0.1427478 0.1223436 0.0920228 0.1376598 0.1386258 0.1309583 0.1049949 0.1049949 
Dasyuridae_Antechinus_stuartii               0.1242096 0.1292451 0.1129219 0.1337946 0.1355735 0.0410780 0.0836831 0.0872427 0.1338019 0.1397990 0.0818944 0.0135038 0.0545018 0.0865708 0.1407837 0.0117444 0.0411841 0.0519041 0.0931563 0.1229827 0.1304578 0.1315098 0.1553585 0.0000000 0.1233535 0.1172308 0.1272007 0.1237345 0.1274692 0.1527682 0.1445893 0.0889558 0.1317756 0.0431440 0.1457429 0.0711784 0.0711784 
Hypsiprymnodontidae_Hypsiprymnodon_moschatus 0.0634969 0.1115134 0.0661208 0.0517380 0.0542115 0.1128154 0.0527827 0.0521756 0.0479441 0.1114003 0.0512536 0.1240302 0.1152568 0.0495857 0.0772293 0.1197599 0.1118479 0.1113420 0.0918531 0.0350746 0.0689678 0.0865760 0.1031423 0.1233535 0.0000000 0.0867464 0.0714358 0.0400144 0.0634207 0.1016239 0.0780078 0.0536842 0.1172402 0.1134663 0.1115022 0.0959618 0.0959618 
Microbiotheriidae_Dromiciops_gliroides       0.0950424 0.1054717 0.0805404 0.0970583 0.0985073 0.1086217 0.0681022 0.0689072 0.0951574 0.1054769 0.0699954 0.1119764 0.1114725 0.0696763 0.0955996 0.1113349 0.1103799 0.1052791 0.0776997 0.0890380 0.0987695 0.0940975 0.1133386 0.1172308 0.0867464 0.0000000 0.0925817 0.0864860 0.0914956 0.1243630 0.1006764 0.0735273 0.1098054 0.1105819 0.1114179 0.0772038 0.0772038 
Pseudochiridae_Petauroides_volans            0.0711219 0.1117023 0.0730204 0.0749232 0.0756795 0.1138150 0.0557967 0.0559192 0.0709800 0.1161451 0.0547022 0.1281449 0.1190582 0.0547111 0.0633380 0.1254893 0.1126768 0.1132383 0.0878061 0.0671167 0.0419007 0.1000636 0.1059667 0.1272007 0.0714358 0.0925817 0.0000000 0.0714020 0.0373963 0.0839370 0.0714849 0.0588039 0.1143641 0.1130206 0.1184656 0.0805066 0.0805066 
Macropodidae_Wallabia_bicolor                0.0697679 0.1103789 0.0751111 0.0334047 0.0334311 0.1143087 0.0542952 0.0543821 0.0303417 0.1077383 0.0528277 0.1242225 0.1199659 0.0543925 0.0783676 0.1206765 0.1085357 0.1070943 0.0867322 0.0126024 0.0726132 0.0879041 0.1073760 0.1237345 0.0400144 0.0864860 0.0714020 0.0000000 0.0715512 0.1030199 0.0797028 0.0585670 0.1161366 0.1142931 0.1167192 0.0825633 0.0825633 
Pseudochiridae_Pseudocheirus_occidentalis    0.0648876 0.1135683 0.0678243 0.0787772 0.0801323 0.1136368 0.0542138 0.0536174 0.0740824 0.1150520 0.0525556 0.1275587 0.1208884 0.0516158 0.0586449 0.1247111 0.1153088 0.1138838 0.0892047 0.0677320 0.0174955 0.0968707 0.1106941 0.1274692 0.0634207 0.0914956 0.0373963 0.0715512 0.0000000 0.0860242 0.0679911 0.0551017 0.1203466 0.1131288 0.1175790 0.0830185 0.0830185 
Tarsipedidae_Tarsipes_rostratus              0.0889028 0.1457681 0.1068004 0.1047350 0.1061485 0.1366488 0.0790745 0.0812758 0.1021821 0.1408004 0.0819418 0.1586075 0.1433248 0.0813450 0.0863936 0.1562664 0.1379177 0.1498381 0.1197184 0.0994886 0.0852082 0.1258420 0.1427478 0.1527682 0.1016239 0.1243630 0.0839370 0.1030199 0.0860242 0.0000000 0.1042403 0.0820329 0.1510723 0.1376775 0.1487247 0.0917390 0.0917390 
Acrobatidae_Distoechurus_pennatus            0.0787512 0.1281241 0.0855368 0.0813703 0.0839630 0.1335415 0.0694163 0.0694183 0.0778246 0.1250738 0.0636479 0.1437462 0.1380157 0.0680898 0.0539853 0.1409146 0.1323896 0.1313702 0.1005005 0.0724227 0.0671050 0.1088678 0.1223436 0.1445893 0.0780078 0.1006764 0.0714849 0.0797028 0.0679911 0.1042403 0.0000000 0.0702679 0.1294312 0.1299471 0.1292230 0.0897051 0.0897051 
Phalangeridae_Phalanger_carmelitae           0.0508989 0.0990998 0.0601548 0.0631491 0.0653035 0.0816612 0.0286917 0.0127666 0.0643362 0.0911081 0.0172575 0.0934844 0.0908513 0.0078605 0.0611667 0.0913497 0.0846736 0.0878031 0.0873287 0.0592726 0.0637103 0.0791930 0.0920228 0.0889558 0.0536842 0.0735273 0.0588039 0.0585670 0.0551017 0.0820329 0.0702679 0.0000000 0.0948644 0.0850751 0.0916463 0.0865080 0.0865080 
Peramelidae_Peroryctes_raffrayana            0.1096191 0.1223966 0.1032333 0.1192482 0.1259052 0.1217170 0.0958276 0.0913183 0.1216929 0.0319789 0.0906854 0.1340134 0.1276985 0.0913160 0.1277518 0.1282459 0.1203251 0.1320582 0.0180048 0.1092336 0.1171173 0.1243862 0.1376598 0.1317756 0.1172402 0.1098054 0.1143641 0.1161366 0.1203466 0.1510723 0.1294312 0.0948644 0.0000000 0.1247447 0.0322100 0.0082013 0.0082013 
Dasyuridae_Dasyurus_geffroii                 0.1083804 0.1149154 0.0966784 0.1224346 0.1240432 0.0103127 0.0785480 0.0819856 0.1183478 0.1270295 0.0786654 0.0450221 0.0330338 0.0827895 0.1195862 0.0450566 0.0144010 0.0522566 0.0947175 0.1114954 0.1153932 0.1229473 0.1386258 0.0431440 0.1134663 0.1105819 0.1130206 0.1142931 0.1131288 0.1376775 0.1299471 0.0850751 0.1247447 0.0000000 0.1322067 0.0753407 0.0753407 
Peramelidae_Perameles_gunnii                 0.1100224 0.1320501 0.1017147 0.1192337 0.1241829 0.1358035 0.0915083 0.0880929 0.1182795 0.0095151 0.0882830 0.1481798 0.1414134 0.0880909 0.1218816 0.1436370 0.1318325 0.1381001 0.0156930 0.1076820 0.1159047 0.1195378 0.1309583 0.1457429 0.1115022 0.1114179 0.1184656 0.1167192 0.1175790 0.1487247 0.1292230 0.0916463 0.0322100 0.1322067 0.0000000 0.0160447 0.0160447 
Peramelidae_Isoodon_obesulus1                0.0842083 0.0852768 0.0564770 0.0910317 0.0939558 0.0699547 0.0813006 0.0834111 0.0790136 0.0106024 0.0866381 0.0786243 0.0799669 0.0836450 0.0755948 0.0814943 0.0729948 0.0710301 0.0160447 0.0830419 0.0805325 0.0626434 0.1049949 0.0711784 0.0959618 0.0772038 0.0805066 0.0825633 0.0830185 0.0917390 0.0897051 0.0865080 0.0082013 0.0753407 0.0160447 0.0000000 0.0000010 
Peramelidae_Isoodon_obesulus2                0.0842083 0.0852768 0.0564770 0.0910317 0.0939558 0.0699547 0.0813006 0.0834111 0.0790136 0.0106024 0.0866381 0.0786243 0.0799669 0.0836450 0.0755948 0.0814943 0.0729948 0.0710301 0.0160447 0.0830419 0.0805325 0.0626434 0.1049949 0.0711784 0.0959618 0.0772038 0.0805066 0.0825633 0.0830185 0.0917390 0.0897051 0.0865080 0.0082013 0.0753407 0.0160447 0.0000010 0.0000000 
