39
Burramyidae_Burramys_parvus                  0.0000000 0.0459528 0.0446731 0.0569406 0.0547363 0.0692746 0.0403844 0.0395599 0.0527584 0.0853722 0.0418457 0.0684281 0.0769456 0.0385599 0.0409125 0.0677112 0.0698843 0.0586884 0.0824965 0.0488545 0.0466472 0.1102630 0.1104284 0.0682156 0.0564709 0.0704662 0.0463232 0.0498221 0.0514356 0.0533021 0.0656033 0.0402188 0.0754340 0.0685677 0.0435141 0.1684333 0.1214154 0.1214154 0.1684333 
Notoryctidae_Notoryctes_typhlops             0.0459528 0.0000000 0.0445637 0.0564778 0.0539984 0.0509237 0.0424360 0.0432183 0.0555402 0.0414790 0.0424463 0.0508005 0.0497209 0.0406010 0.0426223 0.0509760 0.0508094 0.0446750 0.0460708 0.0514929 0.0481990 0.0597864 0.0691388 0.0503122 0.0665976 0.0372394 0.0426986 0.0506523 0.0493435 0.0459285 0.0795743 0.0413482 0.0445733 0.0499518 0.0425131 9.0000000 9.0000000 9.0000000 9.0000000 
Vombatidae_Lasiorhinus_latifrons             0.0446731 0.0445637 0.0000000 0.0688687 0.0664787 0.0743732 0.0520400 0.0511113 0.0652160 0.0959201 0.0504176 0.0726960 0.0811181 0.0514261 0.0531514 0.0711765 0.0749981 0.0644626 0.0882027 0.0618678 0.0563888 0.1074235 0.1189955 0.0709033 0.0605479 0.0690991 0.0554042 0.0608394 0.0580882 0.0683570 0.0775183 0.0531728 0.0752591 0.0744347 0.0478002 0.1694212 0.1315531 0.1315531 0.1694212 
Potoroidae_Bettongia_penicillata             0.0569406 0.0564778 0.0688687 0.0000000 0.0038476 0.0899414 0.0675738 0.0630212 0.0123974 0.1186980 0.0637201 0.0950303 0.0922198 0.0633985 0.0688580 0.0933766 0.0940987 0.0765490 0.1078045 0.0280542 0.0735929 0.1322191 0.1350676 0.0934264 0.0561100 0.0977014 0.0700042 0.0310769 0.0766762 0.0750662 0.1022570 0.0637915 0.0981094 0.0908938 0.0647154 0.1944116 0.1344011 0.1344011 0.1944116 
Potoroidae_Bettongia_lesueur                 0.0547363 0.0539984 0.0664787 0.0038476 0.0000000 0.0930954 0.0652852 0.0614635 0.0098122 0.1157962 0.0614472 0.0965105 0.0946609 0.0618604 0.0664206 0.0948478 0.0955723 0.0807865 0.1077991 0.0262939 0.0695549 0.1304403 0.1335378 0.0947779 0.0506658 0.0965570 0.0662112 0.0292841 0.0725594 0.0741246 0.0992278 0.0622554 0.0955145 0.0940673 0.0610157 0.2007473 0.1392345 0.1392345 0.2007473 
Dasyuridae_Dasyurus_maculatus                0.0692746 0.0509237 0.0743732 0.0899414 0.0930954 0.0000000 0.0805293 0.0821007 0.0901007 0.1067815 0.0827164 0.0154638 0.0246722 0.0823025 0.0756922 0.0144235 0.0072498 0.0179492 0.1067440 0.0841154 0.0838357 0.1212755 0.1328660 0.0155655 0.0738279 0.0772795 0.0781877 0.0825144 0.0878913 0.0890846 0.1103609 0.0835812 0.0876607 0.0052877 0.0531250 0.1980282 0.1566258 0.1566258 0.1980282 
Phalangeridae_Trichosurus_vulpecula          0.0403844 0.0424360 0.0520400 0.0675738 0.0652852 0.0805293 0.0000000 0.0202605 0.0640224 0.0971692 0.0224367 0.0813562 0.0893826 0.0214568 0.0540687 0.0798028 0.0829875 0.0704128 0.0940334 0.0578875 0.0522763 0.1158271 0.1240061 0.0822702 0.0556862 0.0731180 0.0498847 0.0590212 0.0559721 0.0562788 0.0772224 0.0230128 0.0804757 0.0807546 0.0484399 0.1852467 0.1461448 0.1461448 0.1852467 
Phalangeridae_Spilocuscus_maculatus          0.0395599 0.0432183 0.0511113 0.0630212 0.0614635 0.0821007 0.0202605 0.0000000 0.0595383 0.0952772 0.0059051 0.0803336 0.0874311 0.0038421 0.0519021 0.0787924 0.0819498 0.0710448 0.0864096 0.0540933 0.0533609 0.1138292 0.1166291 0.0794892 0.0597424 0.0727624 0.0502932 0.0565790 0.0565719 0.0595263 0.0767605 0.0052876 0.0788636 0.0813411 0.0523227 0.1706271 0.1377037 0.1377037 0.1706271 
Potoroidae_Aepyprymnus_rufescens             0.0527584 0.0555402 0.0652160 0.0123974 0.0098122 0.0901007 0.0640224 0.0595383 0.0000000 0.1097790 0.0596310 0.0934753 0.0915099 0.0598894 0.0627766 0.0917814 0.0925009 0.0770394 0.1063350 0.0229364 0.0675576 0.1277638 0.1283294 0.0918215 0.0499081 0.0903691 0.0643454 0.0258829 0.0705184 0.0752176 0.0968798 0.0617333 0.0930694 0.0910567 0.0625708 0.1863621 0.1296050 0.1296050 0.1863621 
Peramelidae_Perameles_nasuta                 0.0853722 0.0414790 0.0959201 0.1186980 0.1157962 0.1067815 0.0971692 0.0952772 0.1097790 0.0000000 0.0953485 0.1079687 0.1082565 0.0950653 0.0983758 0.1058456 0.1045142 0.1000395 0.0265085 0.1051420 0.1049194 0.1482365 0.1522000 0.1073846 0.0733010 0.0863632 0.0989173 0.1044485 0.1080041 0.1087689 0.1415464 0.0943683 0.0233827 0.1083122 0.0006496 0.0563590 0.0918048 0.0918048 0.0563590 
Phalangeridae_Strigocuscus_pelengensis       0.0418457 0.0424463 0.0504176 0.0637201 0.0614472 0.0827164 0.0224367 0.0059051 0.0596310 0.0953485 0.0000000 0.0809048 0.0874703 0.0074503 0.0545898 0.0793268 0.0825606 0.0733244 0.0873030 0.0526315 0.0555082 0.1136242 0.1186142 0.0816235 0.0608564 0.0758276 0.0534618 0.0536002 0.0594845 0.0610967 0.0780571 0.0089519 0.0757286 0.0819386 0.0509827 0.1747468 0.1406982 0.1406982 0.1747468 
Dasyuridae_Phascogale_tapoatafa              0.0684281 0.0508005 0.0726960 0.0950303 0.0965105 0.0154638 0.0813562 0.0803336 0.0934753 0.1079687 0.0809048 0.0000000 0.0275211 0.0804876 0.0767131 0.0028594 0.0170346 0.0226676 0.1068031 0.0865496 0.0855741 0.1264781 0.1379986 0.0083156 0.0774240 0.0725616 0.0823919 0.0874921 0.0870256 0.0924206 0.1121792 0.0817983 0.0927038 0.0170626 0.0552635 0.1980282 0.1566258 0.1566258 0.1980282 
Dasyuridae_Sminthopsis_macroura              0.0769456 0.0497209 0.0811181 0.0922198 0.0946609 0.0246722 0.0893826 0.0874311 0.0915099 0.1082565 0.0874703 0.0275211 0.0000000 0.0885941 0.0828772 0.0263873 0.0252222 0.0156020 0.1070623 0.0855080 0.0937937 0.1316625 0.1456894 0.0271622 0.0735028 0.0798215 0.0905585 0.0856654 0.0990693 0.0953202 0.1217268 0.0888947 0.0938657 0.0275228 0.0559055 0.1952735 0.1637954 0.1637954 0.1952735 
Phalangeridae_Phalanger_orientalis           0.0385599 0.0406010 0.0514261 0.0633985 0.0618604 0.0823025 0.0214568 0.0038421 0.0598894 0.0950653 0.0074503 0.0804876 0.0885941 0.0000000 0.0513145 0.0789856 0.0821509 0.0721464 0.0879074 0.0516723 0.0522050 0.1125812 0.1163580 0.0796853 0.0568920 0.0705616 0.0491433 0.0554644 0.0539951 0.0583461 0.0747229 0.0023876 0.0783992 0.0815412 0.0496024 0.1794376 0.1433037 0.1433037 0.1794376 
Acrobatidae_Acrobates_pygmaeus               0.0409125 0.0426223 0.0531514 0.0688580 0.0664206 0.0756922 0.0540687 0.0519021 0.0627766 0.0983758 0.0545898 0.0767131 0.0828772 0.0513145 0.0000000 0.0752076 0.0780128 0.0647152 0.1005102 0.0582730 0.0421764 0.1144210 0.1199540 0.0734730 0.0506670 0.0768405 0.0405101 0.0593583 0.0463683 0.0481320 0.0487751 0.0553115 0.0837064 0.0765741 0.0496048 0.1943760 0.1545199 0.1545199 0.1943760 
Dasyuridae_Phascogale_calura                 0.0677112 0.0509760 0.0711765 0.0933766 0.0948478 0.0144235 0.0798028 0.0787924 0.0917814 0.1058456 0.0793268 0.0028594 0.0263873 0.0789856 0.0752076 0.0000000 0.0159773 0.0220986 0.1039722 0.0849022 0.0823061 0.1281284 0.1374418 0.0073164 0.0776842 0.0745953 0.0791489 0.0859153 0.0837588 0.0925925 0.1102704 0.0802055 0.0907946 0.0160112 0.0543157 0.1919375 0.1511438 0.1511438 0.1919375 
Dasyuridae_Sarcophilus_harrisii              0.0698843 0.0508094 0.0749981 0.0940987 0.0955723 0.0072498 0.0829875 0.0819498 0.0925009 0.1045142 0.0825606 0.0170346 0.0252222 0.0821509 0.0780128 0.0159773 0.0000000 0.0203030 0.1057162 0.0847592 0.0853674 0.1256371 0.1348194 0.0171467 0.0736276 0.0799229 0.0805214 0.0832054 0.0903411 0.0915431 0.1130803 0.0833819 0.0876153 0.0087495 0.0520613 0.1980282 0.1591648 0.1591648 0.1980282 
Dasyuridae_Planigale_tenuirostris            0.0586884 0.0446750 0.0644626 0.0765490 0.0807865 0.0179492 0.0704128 0.0710448 0.0770394 0.1000395 0.0733244 0.0226676 0.0156020 0.0721464 0.0647152 0.0220986 0.0203030 0.0000000 0.0982469 0.0728771 0.0715585 0.1192879 0.1235872 0.0238057 0.0649750 0.0661789 0.0661247 0.0731906 0.0769169 0.0789049 0.1001414 0.0728108 0.0823312 0.0203144 0.0457945 0.1958521 0.1577137 0.1577137 0.1958521 
Peramelidae_Echymipera_kalubu                0.0824965 0.0460708 0.0882027 0.1078045 0.1077991 0.1067440 0.0940334 0.0864096 0.1063350 0.0265085 0.0873030 0.1068031 0.1070623 0.0879074 0.1005102 0.1039722 0.1057162 0.0982469 0.0000000 0.0994708 0.0983018 0.1388715 0.1455396 0.1062822 0.0791488 0.1063050 0.0940500 0.0978949 0.1029980 0.1042267 0.1267581 0.0882129 0.0218902 0.1070997 0.0108938 0.0584396 0.0633191 0.0633191 0.0584396 
Macropodidae_Dorcopsulus_vanheurni           0.0488545 0.0514929 0.0618678 0.0280542 0.0262939 0.0841154 0.0578875 0.0540933 0.0229364 0.1051420 0.0526315 0.0865496 0.0855080 0.0516723 0.0582730 0.0849022 0.0847592 0.0728771 0.0994708 0.0000000 0.0643331 0.1224364 0.1240457 0.0856902 0.0426253 0.0833604 0.0604491 0.0103469 0.0670061 0.0680900 0.0897732 0.0534299 0.0875401 0.0850403 0.0522175 0.1917179 0.1319984 0.1319984 0.1917179 
Pseudochiridae_Pseudochirulus_forbesi        0.0466472 0.0481990 0.0563888 0.0735929 0.0695549 0.0838357 0.0522763 0.0533609 0.0675576 0.1049194 0.0555082 0.0855741 0.0937937 0.0522050 0.0421764 0.0823061 0.0853674 0.0715585 0.0983018 0.0643331 0.0000000 0.1139366 0.1190712 0.0822885 0.0551499 0.0729611 0.0181896 0.0654679 0.0160376 0.0432617 0.0735207 0.0554932 0.0846484 0.0847548 0.0514462 0.1956012 0.1482204 0.1482204 0.1956012 
Didelphidae_Didelphis_virginiana             0.1102630 0.0597864 0.1074235 0.1322191 0.1304403 0.1212755 0.1158271 0.1138292 0.1277638 0.1482365 0.1136242 0.1264781 0.1316625 0.1125812 0.1144210 0.1281284 0.1256371 0.1192879 0.1388715 0.1224364 0.1139366 0.0000000 0.0344292 0.1246812 0.0806440 0.1164324 0.1114652 0.1198347 0.1224807 0.1264502 0.1505531 0.1140461 0.1167936 0.1195694 0.0630775 0.2668201 0.2467814 0.2467814 0.2668201 
Marmosidae_Monodelphis_domestica             0.1104284 0.0691388 0.1189955 0.1350676 0.1335378 0.1328660 0.1240061 0.1166291 0.1283294 0.1522000 0.1186142 0.1379986 0.1456894 0.1163580 0.1199540 0.1374418 0.1348194 0.1235872 0.1455396 0.1240457 0.1190712 0.0344292 0.0000000 0.1346685 0.0916727 0.1165299 0.1169181 0.1222412 0.1267967 0.1361629 0.1453988 0.1158221 0.1233886 0.1299639 0.0697646 0.2603888 0.2439888 0.2439888 0.2603888 
Dasyuridae_Antechinus_stuartii               0.0682156 0.0503122 0.0709033 0.0934264 0.0947779 0.0155655 0.0822702 0.0794892 0.0918215 0.1073846 0.0816235 0.0083156 0.0271622 0.0796853 0.0734730 0.0073164 0.0171467 0.0238057 0.1062822 0.0856902 0.0822885 0.1246812 0.1346685 0.0000000 0.0725070 0.0772756 0.0815398 0.0849601 0.0844248 0.0943909 0.1096059 0.0810019 0.0931825 0.0161052 0.0551735 0.1919375 0.1561747 0.1561747 0.1919375 
Hypsiprymnodontidae_Hypsiprymnodon_moschatus 0.0564709 0.0665976 0.0605479 0.0561100 0.0506658 0.0738279 0.0556862 0.0597424 0.0499081 0.0733010 0.0608564 0.0774240 0.0735028 0.0568920 0.0506670 0.0776842 0.0736276 0.0649750 0.0791488 0.0426253 0.0551499 0.0806440 0.0916727 0.0725070 0.0000000 0.0565374 0.0517786 0.0385045 0.0567939 0.0535054 0.0864645 0.0575825 0.0768022 0.0751651 0.0734708 9.0000000 9.0000000 9.0000000 9.0000000 
Microbiotheriidae_Dromiciops_gliroides       0.0704662 0.0372394 0.0690991 0.0977014 0.0965570 0.0772795 0.0731180 0.0727624 0.0903691 0.0863632 0.0758276 0.0725616 0.0798215 0.0705616 0.0768405 0.0745953 0.0799229 0.0661789 0.1063050 0.0833604 0.0729611 0.1164324 0.1165299 0.0772756 0.0565374 0.0000000 0.0723073 0.0855689 0.0740017 0.0840375 0.1043805 0.0729024 0.0743045 0.0792464 0.0384273 0.2750543 0.2155937 0.2155937 0.2750543 
Pseudochiridae_Petauroides_volans            0.0463232 0.0426986 0.0554042 0.0700042 0.0662112 0.0781877 0.0498847 0.0502932 0.0643454 0.0989173 0.0534618 0.0823919 0.0905585 0.0491433 0.0405101 0.0791489 0.0805214 0.0661247 0.0940500 0.0604491 0.0181896 0.1114652 0.1169181 0.0815398 0.0517786 0.0723073 0.0000000 0.0609111 0.0183459 0.0367209 0.0665377 0.0523903 0.0769868 0.0790787 0.0450635 0.1933294 0.1510417 0.1510417 0.1933294 
Macropodidae_Wallabia_bicolor                0.0498221 0.0506523 0.0608394 0.0310769 0.0292841 0.0825144 0.0590212 0.0565790 0.0258829 0.1044485 0.0536002 0.0874921 0.0856654 0.0554644 0.0593583 0.0859153 0.0832054 0.0731906 0.0978949 0.0103469 0.0654679 0.1198347 0.1222412 0.0849601 0.0385045 0.0855689 0.0609111 0.0000000 0.0676754 0.0687827 0.0846955 0.0573483 0.0872771 0.0834360 0.0519066 0.1872092 0.1301569 0.1301569 0.1872092 
Pseudochiridae_Pseudocheirus_occidentalis    0.0514356 0.0493435 0.0580882 0.0766762 0.0725594 0.0878913 0.0559721 0.0565719 0.0705184 0.1080041 0.0594845 0.0870256 0.0990693 0.0539951 0.0463683 0.0837588 0.0903411 0.0769169 0.1029980 0.0670061 0.0160376 0.1224807 0.1267967 0.0844248 0.0567939 0.0740017 0.0183459 0.0676754 0.0000000 0.0442704 0.0726638 0.0573408 0.0862727 0.0888434 0.0539572 0.2027766 0.1490684 0.1490684 0.2027766 
Tarsipedidae_Tarsipes_rostratus              0.0533021 0.0459285 0.0683570 0.0750662 0.0741246 0.0890846 0.0562788 0.0595263 0.0752176 0.1087689 0.0610967 0.0924206 0.0953202 0.0583461 0.0481320 0.0925925 0.0915431 0.0789049 0.1042267 0.0680900 0.0432617 0.1264502 0.1361629 0.0943909 0.0535054 0.0840375 0.0367209 0.0687827 0.0442704 0.0000000 0.0753252 0.0617546 0.0802446 0.0882953 0.0483143 0.2205491 0.1639682 0.1639682 0.2205491 
Acrobatidae_Distoechurus_pennatus            0.0656033 0.0795743 0.0775183 0.1022570 0.0992278 0.1103609 0.0772224 0.0767605 0.0968798 0.1415464 0.0780571 0.1121792 0.1217268 0.0747229 0.0487751 0.1102704 0.1130803 0.1001414 0.1267581 0.0897732 0.0735207 0.1505531 0.1453988 0.1096059 0.0864645 0.1043805 0.0665377 0.0846955 0.0726638 0.0753252 0.0000000 0.0784562 0.1191526 0.1114870 0.0843908 0.1984729 0.1585192 0.1585192 0.1984729 
Phalangeridae_Phalanger_carmelitae           0.0402188 0.0413482 0.0531728 0.0637915 0.0622554 0.0835812 0.0230128 0.0052876 0.0617333 0.0943683 0.0089519 0.0817983 0.0888947 0.0023876 0.0553115 0.0802055 0.0833819 0.0728108 0.0882129 0.0534299 0.0554932 0.1140461 0.1158221 0.0810019 0.0575825 0.0729024 0.0523903 0.0573483 0.0573408 0.0617546 0.0784562 0.0000000 0.0789386 0.0828171 0.0502493 0.1789076 0.1429064 0.1429064 0.1789076 
Peramelidae_Peroryctes_raffrayana            0.0754340 0.0445733 0.0752591 0.0981094 0.0955145 0.0876607 0.0804757 0.0788636 0.0930694 0.0233827 0.0757286 0.0927038 0.0938657 0.0783992 0.0837064 0.0907946 0.0876153 0.0823312 0.0218902 0.0875401 0.0846484 0.1167936 0.1233886 0.0931825 0.0768022 0.0743045 0.0769868 0.0872771 0.0862727 0.0802446 0.1191526 0.0789386 0.0000000 0.0869402 0.0109448 0.0521784 0.0679353 0.0679353 0.0521784 
Dasyuridae_Dasyurus_geffroii                 0.0685677 0.0499518 0.0744347 0.0908938 0.0940673 0.0052877 0.0807546 0.0813411 0.0910567 0.1083122 0.0819386 0.0170626 0.0275228 0.0815412 0.0765741 0.0160112 0.0087495 0.0203144 0.1070997 0.0850403 0.0847548 0.1195694 0.1299639 0.0161052 0.0751651 0.0792464 0.0790787 0.0834360 0.0888434 0.0882953 0.1114870 0.0828171 0.0869402 0.0000000 0.0533117 0.1925297 0.1591648 0.1591648 0.1925297 
Peramelidae_Perameles_gunnii                 0.0435141 0.0425131 0.0478002 0.0647154 0.0610157 0.0531250 0.0484399 0.0523227 0.0625708 0.0006496 0.0509827 0.0552635 0.0559055 0.0496024 0.0496048 0.0543157 0.0520613 0.0457945 0.0108938 0.0522175 0.0514462 0.0630775 0.0697646 0.0551735 0.0734708 0.0384273 0.0450635 0.0519066 0.0539572 0.0483143 0.0843908 0.0502493 0.0109448 0.0533117 0.0000000 9.0000000 9.0000000 9.0000000 9.0000000 
Peramelidae_Isoodon_obesulus1                0.1684333 9.0000000 0.1694212 0.1944116 0.2007473 0.1980282 0.1852467 0.1706271 0.1863621 0.0563590 0.1747468 0.1980282 0.1952735 0.1794376 0.1943760 0.1919375 0.1980282 0.1958521 0.0584396 0.1917179 0.1956012 0.2668201 0.2603888 0.1919375 9.0000000 0.2750543 0.1933294 0.1872092 0.2027766 0.2205491 0.1984729 0.1789076 0.0521784 0.1925297 9.0000000 0.0000000 0.0828259 0.0828259 0.0000010 
Thylacomyidae_Macrotis_lagotis1              0.1214154 9.0000000 0.1315531 0.1344011 0.1392345 0.1566258 0.1461448 0.1377037 0.1296050 0.0918048 0.1406982 0.1566258 0.1637954 0.1433037 0.1545199 0.1511438 0.1591648 0.1577137 0.0633191 0.1319984 0.1482204 0.2467814 0.2439888 0.1561747 9.0000000 0.2155937 0.1510417 0.1301569 0.1490684 0.1639682 0.1585192 0.1429064 0.0679353 0.1591648 9.0000000 0.0828259 0.0000000 0.0000010 0.0828259 
Thylacomyidae_Macrotis_lagotis2              0.1214154 9.0000000 0.1315531 0.1344011 0.1392345 0.1566258 0.1461448 0.1377037 0.1296050 0.0918048 0.1406982 0.1566258 0.1637954 0.1433037 0.1545199 0.1511438 0.1591648 0.1577137 0.0633191 0.1319984 0.1482204 0.2467814 0.2439888 0.1561747 9.0000000 0.2155937 0.1510417 0.1301569 0.1490684 0.1639682 0.1585192 0.1429064 0.0679353 0.1591648 9.0000000 0.0828259 0.0000010 0.0000000 0.0828259 
Peramelidae_Isoodon_obesulus2                0.1684333 9.0000000 0.1694212 0.1944116 0.2007473 0.1980282 0.1852467 0.1706271 0.1863621 0.0563590 0.1747468 0.1980282 0.1952735 0.1794376 0.1943760 0.1919375 0.1980282 0.1958521 0.0584396 0.1917179 0.1956012 0.2668201 0.2603888 0.1919375 9.0000000 0.2750543 0.1933294 0.1872092 0.2027766 0.2205491 0.1984729 0.1789076 0.0521784 0.1925297 9.0000000 0.0000010 0.0828259 0.0828259 0.0000000 
