35
Burramyidae_Burramys_parvus                  0.0000000 0.0405063 0.0319801 0.0311855 0.0304889 0.0371471 0.0300995 0.0300946 0.0294931 0.0483149 0.0268752 0.0353892 0.0361615 0.0278948 0.0373469 0.0354418 0.0354268 0.0362338 0.0398701 0.0273858 0.0296438 0.0442452 0.0449610 0.0353983 0.0297654 0.0323998 0.0272183 0.0277243 0.0295974 0.0427746 0.0372079 0.0275964 0.0429221 0.0366627 0.0479513 
Notoryctidae_Notoryctes_typhlops             0.0405063 0.0000000 0.0346767 0.0446822 0.0435451 0.0377998 0.0434766 0.0430957 0.0443899 0.0519590 0.0399066 0.0369802 0.0409595 0.0413075 0.0522504 0.0366715 0.0359280 0.0394023 0.0352925 0.0428805 0.0375194 0.0446924 0.0438525 0.0341495 0.0440155 0.0340532 0.0370422 0.0421190 0.0395789 0.0607758 0.0547646 0.0405916 0.0402160 0.0366813 0.0526634 
Vombatidae_Lasiorhinus_latifrons             0.0319801 0.0346767 0.0000000 0.0391411 0.0386928 0.0362505 0.0365864 0.0358956 0.0384518 0.0524743 0.0343728 0.0325267 0.0357124 0.0344028 0.0466056 0.0328757 0.0335783 0.0350312 0.0412336 0.0360982 0.0341827 0.0425617 0.0423180 0.0330905 0.0350714 0.0312814 0.0295148 0.0357235 0.0332617 0.0512698 0.0456686 0.0343381 0.0442749 0.0348069 0.0526997 
Potoroidae_Bettongia_penicillata             0.0311855 0.0446822 0.0391411 0.0000000 0.0020968 0.0431578 0.0384616 0.0398805 0.0074916 0.0535982 0.0355359 0.0403134 0.0431110 0.0379032 0.0427822 0.0402728 0.0402561 0.0394793 0.0462096 0.0119903 0.0370386 0.0480553 0.0495343 0.0388536 0.0216866 0.0372070 0.0338731 0.0120353 0.0363963 0.0493460 0.0409392 0.0366347 0.0491874 0.0414813 0.0537700 
Potoroidae_Bettongia_lesueur                 0.0304889 0.0435451 0.0386928 0.0020968 0.0000000 0.0424750 0.0377738 0.0391930 0.0072628 0.0526602 0.0350723 0.0396159 0.0426026 0.0372166 0.0414384 0.0395871 0.0395715 0.0387413 0.0455198 0.0117639 0.0363493 0.0476115 0.0488517 0.0381636 0.0209946 0.0364966 0.0331824 0.0118081 0.0357004 0.0484074 0.0397437 0.0364247 0.0487188 0.0407962 0.0530650 
Dasyuridae_Dasyurus_maculatus                0.0371471 0.0377998 0.0362505 0.0431578 0.0424750 0.0000000 0.0418963 0.0426595 0.0422396 0.0509229 0.0406297 0.0105233 0.0158739 0.0397366 0.0482965 0.0105608 0.0053873 0.0149302 0.0416531 0.0408646 0.0411996 0.0466252 0.0466366 0.0099139 0.0387034 0.0357936 0.0380459 0.0407635 0.0393565 0.0540649 0.0490887 0.0389369 0.0450531 0.0037448 0.0515619 
Phalangeridae_Trichosurus_vulpecula          0.0300995 0.0434766 0.0365864 0.0384616 0.0377738 0.0418963 0.0000000 0.0153329 0.0377424 0.0552241 0.0131724 0.0387554 0.0421782 0.0189312 0.0437450 0.0385057 0.0392279 0.0406908 0.0463923 0.0354288 0.0337540 0.0476711 0.0469716 0.0375533 0.0344245 0.0391787 0.0301149 0.0350711 0.0328357 0.0490373 0.0430618 0.0174601 0.0490838 0.0404576 0.0556635 
Phalangeridae_Spilocuscus_maculatus          0.0300946 0.0430957 0.0358956 0.0398805 0.0391930 0.0426595 0.0153329 0.0000000 0.0391832 0.0548258 0.0075412 0.0407550 0.0446656 0.0103698 0.0432126 0.0404674 0.0399878 0.0417060 0.0456930 0.0371236 0.0330491 0.0469549 0.0476942 0.0397567 0.0361162 0.0379633 0.0294422 0.0367629 0.0331156 0.0492962 0.0428667 0.0096350 0.0470377 0.0407175 0.0547664 
Potoroidae_Aepyprymnus_rufescens             0.0294931 0.0443899 0.0384518 0.0074916 0.0072628 0.0422396 0.0377424 0.0391832 0.0000000 0.0533561 0.0353016 0.0391302 0.0420515 0.0367288 0.0422679 0.0393525 0.0393362 0.0386876 0.0454531 0.0117628 0.0360899 0.0466108 0.0480888 0.0379265 0.0214610 0.0369687 0.0331734 0.0118070 0.0354393 0.0493564 0.0404685 0.0364155 0.0489499 0.0405617 0.0535442 
Peramelidae_Perameles_nasuta                 0.0483149 0.0519590 0.0524743 0.0535982 0.0526602 0.0509229 0.0552241 0.0548258 0.0533561 0.0000000 0.0515710 0.0504031 0.0491997 0.0535161 0.0574507 0.0506660 0.0496741 0.0497375 0.0222246 0.0497609 0.0528078 0.0600232 0.0605047 0.0500179 0.0489573 0.0522063 0.0513273 0.0496831 0.0519230 0.0634233 0.0573219 0.0534107 0.0241074 0.0499561 0.0014364 
Phalangeridae_Strigocuscus_pelengensis       0.0268752 0.0399066 0.0343728 0.0355359 0.0350723 0.0406297 0.0131724 0.0075412 0.0353016 0.0515710 0.0000000 0.0381092 0.0415328 0.0095055 0.0406065 0.0378804 0.0378799 0.0375857 0.0425855 0.0328800 0.0312069 0.0447981 0.0447913 0.0372143 0.0333750 0.0350060 0.0277134 0.0325040 0.0314736 0.0469961 0.0394507 0.0085147 0.0438935 0.0383866 0.0511851 
Dasyuridae_Phascogale_tapoatafa              0.0353892 0.0369802 0.0325267 0.0403134 0.0396159 0.0105233 0.0387554 0.0407550 0.0391302 0.0504031 0.0381092 0.0000000 0.0134586 0.0387774 0.0475789 0.0019052 0.0083695 0.0110787 0.0397086 0.0374999 0.0378267 0.0440774 0.0445770 0.0045604 0.0362564 0.0314190 0.0348600 0.0378192 0.0351596 0.0525335 0.0480579 0.0379648 0.0432325 0.0100438 0.0510442 
Dasyuridae_Sminthopsis_macroura              0.0361615 0.0409595 0.0357124 0.0431110 0.0426026 0.0158739 0.0421782 0.0446656 0.0420515 0.0491997 0.0415328 0.0134586 0.0000000 0.0410470 0.0514377 0.0134492 0.0139927 0.0141855 0.0409932 0.0412606 0.0419813 0.0467544 0.0470679 0.0143649 0.0387621 0.0350668 0.0380220 0.0406341 0.0404199 0.0549846 0.0509960 0.0409523 0.0435605 0.0156084 0.0501629 
Phalangeridae_Phalanger_orientalis           0.0278948 0.0413075 0.0344028 0.0379032 0.0372166 0.0397366 0.0189312 0.0103698 0.0367288 0.0535161 0.0095055 0.0387774 0.0410470 0.0000000 0.0422910 0.0385272 0.0375485 0.0388385 0.0439640 0.0346610 0.0332545 0.0457400 0.0457180 0.0380364 0.0341444 0.0366154 0.0286878 0.0343087 0.0328217 0.0482997 0.0411087 0.0035104 0.0465225 0.0382767 0.0534510 
Acrobatidae_Acrobates_pygmaeus               0.0373469 0.0522504 0.0466056 0.0427822 0.0414384 0.0482965 0.0437450 0.0432126 0.0422679 0.0574507 0.0406065 0.0475789 0.0514377 0.0422910 0.0000000 0.0479370 0.0468908 0.0490772 0.0503323 0.0395640 0.0372538 0.0529164 0.0550904 0.0474859 0.0405215 0.0448556 0.0367315 0.0386692 0.0378082 0.0486130 0.0366036 0.0411713 0.0537950 0.0469445 0.0586336 
Dasyuridae_Phascogale_calura                 0.0354418 0.0366715 0.0328757 0.0402728 0.0395871 0.0105608 0.0385057 0.0404674 0.0393525 0.0506660 0.0378804 0.0019052 0.0134492 0.0385272 0.0479370 0.0000000 0.0084452 0.0121298 0.0404292 0.0377409 0.0378322 0.0444377 0.0449392 0.0054173 0.0365307 0.0323266 0.0346737 0.0376209 0.0354710 0.0530980 0.0476300 0.0377302 0.0440058 0.0100903 0.0513004 
Dasyuridae_Sarcophilus_harrisii              0.0354268 0.0359280 0.0335783 0.0402561 0.0395715 0.0053873 0.0392279 0.0399878 0.0393362 0.0496741 0.0378799 0.0083695 0.0139927 0.0375485 0.0468908 0.0084452 0.0000000 0.0128976 0.0404065 0.0386816 0.0385303 0.0441736 0.0439548 0.0077923 0.0367549 0.0320516 0.0353634 0.0383369 0.0366486 0.0518645 0.0464025 0.0367539 0.0437215 0.0044496 0.0502910 
Dasyuridae_Planigale_tenuirostris            0.0362338 0.0394023 0.0350312 0.0394793 0.0387413 0.0149302 0.0406908 0.0417060 0.0386876 0.0497375 0.0375857 0.0110787 0.0141855 0.0388385 0.0490772 0.0121298 0.0128976 0.0000000 0.0415613 0.0379354 0.0383820 0.0457107 0.0457544 0.0124269 0.0372222 0.0320853 0.0354691 0.0382335 0.0364767 0.0539127 0.0473093 0.0379807 0.0439679 0.0134020 0.0508014 
Peramelidae_Echymipera_kalubu                0.0398701 0.0352925 0.0412336 0.0462096 0.0455198 0.0416531 0.0463923 0.0456930 0.0454531 0.0222246 0.0425855 0.0397086 0.0409932 0.0439640 0.0503323 0.0404292 0.0404065 0.0415613 0.0000000 0.0429013 0.0422429 0.0509738 0.0500073 0.0404487 0.0403893 0.0405372 0.0414997 0.0423020 0.0428345 0.0587411 0.0530975 0.0433918 0.0122890 0.0416510 0.0224344 
Macropodidae_Dorcopsulus_vanheurni           0.0273858 0.0428805 0.0360982 0.0119903 0.0117639 0.0408646 0.0354288 0.0371236 0.0117628 0.0497609 0.0328800 0.0374999 0.0412606 0.0346610 0.0395640 0.0377409 0.0386816 0.0379354 0.0429013 0.0000000 0.0344592 0.0456356 0.0469360 0.0367843 0.0186526 0.0360116 0.0305708 0.0032970 0.0337866 0.0450103 0.0362057 0.0338882 0.0450683 0.0394400 0.0503782 
Pseudochiridae_Pseudochirulus_forbesi        0.0296438 0.0375194 0.0341827 0.0370386 0.0363493 0.0411996 0.0337540 0.0330491 0.0360899 0.0528078 0.0312069 0.0378267 0.0419813 0.0332545 0.0372538 0.0378322 0.0385303 0.0383820 0.0422429 0.0344592 0.0000000 0.0447942 0.0452994 0.0378449 0.0303148 0.0346873 0.0137124 0.0340926 0.0095036 0.0414910 0.0390201 0.0315126 0.0431494 0.0397600 0.0527296 
Didelphidae_Didelphis_virginiana             0.0442452 0.0446924 0.0425617 0.0480553 0.0476115 0.0466252 0.0476711 0.0469549 0.0466108 0.0600232 0.0447981 0.0440774 0.0467544 0.0457400 0.0529164 0.0444377 0.0441736 0.0457107 0.0509738 0.0456356 0.0447942 0.0000000 0.0182304 0.0437716 0.0458931 0.0422630 0.0438271 0.0448228 0.0437607 0.0574288 0.0498725 0.0454044 0.0518870 0.0447010 0.0607954 
Marmosidae_Monodelphis_domestica             0.0449610 0.0438525 0.0423180 0.0495343 0.0488517 0.0466366 0.0469716 0.0476942 0.0480888 0.0605047 0.0447913 0.0445770 0.0470679 0.0457180 0.0550904 0.0449392 0.0439548 0.0457544 0.0500073 0.0469360 0.0452994 0.0182304 0.0000000 0.0440199 0.0459205 0.0427566 0.0448236 0.0458869 0.0447303 0.0595685 0.0515725 0.0451760 0.0517883 0.0447120 0.0610512 
Dasyuridae_Antechinus_stuartii               0.0353983 0.0341495 0.0330905 0.0388536 0.0381636 0.0099139 0.0375533 0.0397567 0.0379265 0.0500179 0.0372143 0.0045604 0.0143649 0.0380364 0.0474859 0.0054173 0.0077923 0.0124269 0.0404487 0.0367843 0.0378449 0.0437716 0.0440199 0.0000000 0.0367756 0.0319032 0.0344145 0.0368873 0.0354220 0.0514547 0.0475718 0.0372536 0.0436666 0.0089753 0.0506534 
Hypsiprymnodontidae_Hypsiprymnodon_moschatus 0.0297654 0.0440155 0.0350714 0.0216866 0.0209946 0.0387034 0.0344245 0.0361162 0.0214610 0.0489573 0.0333750 0.0362564 0.0387621 0.0341444 0.0405215 0.0365307 0.0367549 0.0372222 0.0403893 0.0186526 0.0303148 0.0458931 0.0459205 0.0367756 0.0000000 0.0343455 0.0286218 0.0187118 0.0296223 0.0489052 0.0399926 0.0333581 0.0440648 0.0370236 0.0495598 
Microbiotheriidae_Dromiciops_gliroides       0.0323998 0.0340532 0.0312814 0.0372070 0.0364966 0.0357936 0.0391787 0.0379633 0.0369687 0.0522063 0.0350060 0.0314190 0.0350668 0.0366154 0.0448556 0.0323266 0.0320516 0.0320853 0.0405372 0.0360116 0.0346873 0.0422630 0.0427566 0.0319032 0.0343455 0.0000000 0.0324095 0.0359009 0.0339154 0.0493458 0.0448004 0.0358544 0.0437233 0.0345498 0.0515220 
Pseudochiridae_Petauroides_volans            0.0272183 0.0370422 0.0295148 0.0338731 0.0331824 0.0380459 0.0301149 0.0294422 0.0331734 0.0513273 0.0277134 0.0348600 0.0380220 0.0286878 0.0367315 0.0346737 0.0353634 0.0354691 0.0414997 0.0305708 0.0137124 0.0438271 0.0448236 0.0344145 0.0286218 0.0324095 0.0000000 0.0301874 0.0126250 0.0386021 0.0361132 0.0281501 0.0436217 0.0370864 0.0509679 
Macropodidae_Wallabia_bicolor                0.0277243 0.0421190 0.0357235 0.0120353 0.0118081 0.0407635 0.0350711 0.0367629 0.0118070 0.0496831 0.0325040 0.0378192 0.0406341 0.0343087 0.0386692 0.0376209 0.0383369 0.0382335 0.0423020 0.0032970 0.0340926 0.0448228 0.0458869 0.0368873 0.0187118 0.0359009 0.0301874 0.0000000 0.0329359 0.0459320 0.0353693 0.0335182 0.0444110 0.0385868 0.0502747 
Pseudochiridae_Pseudocheirus_occidentalis    0.0295974 0.0395789 0.0332617 0.0363963 0.0357004 0.0393565 0.0328357 0.0331156 0.0354393 0.0519230 0.0314736 0.0351596 0.0404199 0.0328217 0.0378082 0.0354710 0.0366486 0.0364767 0.0428345 0.0337866 0.0095036 0.0437607 0.0447303 0.0354220 0.0296223 0.0339154 0.0126250 0.0329359 0.0000000 0.0425499 0.0383829 0.0315580 0.0441362 0.0379054 0.0516428 
Tarsipedidae_Tarsipes_rostratus              0.0427746 0.0607758 0.0512698 0.0493460 0.0484074 0.0540649 0.0490373 0.0492962 0.0493564 0.0634233 0.0469961 0.0525335 0.0549846 0.0482997 0.0486130 0.0530980 0.0518645 0.0539127 0.0587411 0.0450103 0.0414910 0.0574288 0.0595685 0.0514547 0.0489052 0.0493458 0.0386021 0.0459320 0.0425499 0.0000000 0.0439671 0.0474967 0.0615281 0.0531275 0.0638091 
Acrobatidae_Distoechurus_pennatus            0.0372079 0.0547646 0.0456686 0.0409392 0.0397437 0.0490887 0.0430618 0.0428667 0.0404685 0.0573219 0.0394507 0.0480579 0.0509960 0.0411087 0.0366036 0.0476300 0.0464025 0.0473093 0.0530975 0.0362057 0.0390201 0.0498725 0.0515725 0.0475718 0.0399926 0.0448004 0.0361132 0.0353693 0.0383829 0.0439671 0.0000000 0.0403319 0.0559331 0.0476439 0.0578191 
Phalangeridae_Phalanger_carmelitae           0.0275964 0.0405916 0.0343381 0.0366347 0.0364247 0.0389369 0.0174601 0.0096350 0.0364155 0.0534107 0.0085147 0.0379648 0.0409523 0.0035104 0.0411713 0.0377302 0.0367539 0.0379807 0.0433918 0.0338882 0.0315126 0.0454044 0.0451760 0.0372536 0.0333581 0.0358544 0.0281501 0.0335182 0.0315580 0.0474967 0.0403319 0.0000000 0.0461658 0.0374805 0.0530951 
Peramelidae_Peroryctes_raffrayana            0.0429221 0.0402160 0.0442749 0.0491874 0.0487188 0.0450531 0.0490838 0.0470377 0.0489499 0.0241074 0.0438935 0.0432325 0.0435605 0.0465225 0.0537950 0.0440058 0.0437215 0.0439679 0.0122890 0.0450683 0.0431494 0.0518870 0.0517883 0.0436666 0.0440648 0.0437233 0.0436217 0.0444110 0.0441362 0.0615281 0.0559331 0.0461658 0.0000000 0.0445389 0.0240865 
Dasyuridae_Dasyurus_geffroii                 0.0366627 0.0366813 0.0348069 0.0414813 0.0407962 0.0037448 0.0404576 0.0407175 0.0405617 0.0499561 0.0383866 0.0100438 0.0156084 0.0382767 0.0469445 0.0100903 0.0044496 0.0134020 0.0416510 0.0394400 0.0397600 0.0447010 0.0447120 0.0089753 0.0370236 0.0345498 0.0370864 0.0385868 0.0379054 0.0531275 0.0476439 0.0374805 0.0445389 0.0000000 0.0505784 
Peramelidae_Perameles_gunnii                 0.0479513 0.0526634 0.0526997 0.0537700 0.0530650 0.0515619 0.0556635 0.0547664 0.0535442 0.0014364 0.0511851 0.0510442 0.0501629 0.0534510 0.0586336 0.0513004 0.0502910 0.0508014 0.0224344 0.0503782 0.0527296 0.0607954 0.0610512 0.0506534 0.0495598 0.0515220 0.0509679 0.0502747 0.0516428 0.0638091 0.0578191 0.0530951 0.0240865 0.0505784 0.0000000 
