35
Burramyidae_Burramys_parvus                  0.0000000 0.0463629 0.0347341 0.0425860 0.0394807 0.0465854 0.0269105 0.0292660 0.0408193 0.0498917 0.0291093 0.0471270 0.0457610 0.0278617 0.0318623 0.0433181 0.0443296 0.0424711 0.0493719 0.0404750 0.0386340 0.0515504 0.0475391 0.0455418 0.0382140 0.0428972 0.0290934 0.0415639 0.0353292 0.0394117 0.0322223 0.0274418 0.0497365 0.0470368 0.0501553 
Notoryctidae_Notoryctes_typhlops             0.0463629 0.0000000 0.0481168 0.0551456 0.0530862 0.0488408 0.0420362 0.0436372 0.0515378 0.0518095 0.0430457 0.0485651 0.0507094 0.0431749 0.0403369 0.0497197 0.0510411 0.0412728 0.0522769 0.0497770 0.0480384 0.0580650 0.0541840 0.0501059 0.0490474 0.0461871 0.0425689 0.0520062 0.0436535 0.0483535 0.0413763 0.0424654 0.0517722 0.0487921 0.0511026 
Vombatidae_Lasiorhinus_latifrons             0.0347341 0.0481168 0.0000000 0.0444365 0.0411136 0.0468228 0.0301987 0.0330426 0.0403034 0.0495751 0.0329368 0.0466511 0.0482797 0.0318840 0.0311789 0.0449070 0.0465296 0.0436133 0.0492990 0.0409269 0.0379404 0.0511994 0.0462352 0.0461690 0.0400753 0.0423248 0.0304007 0.0422789 0.0345422 0.0421346 0.0311706 0.0320679 0.0489962 0.0472703 0.0493189 
Potoroidae_Bettongia_penicillata             0.0425860 0.0551456 0.0444365 0.0000000 0.0071778 0.0540538 0.0368532 0.0375101 0.0105440 0.0558711 0.0372961 0.0532511 0.0530599 0.0377235 0.0374652 0.0528406 0.0544920 0.0488428 0.0569258 0.0237377 0.0452790 0.0609749 0.0557495 0.0532816 0.0307818 0.0527375 0.0361242 0.0231747 0.0405301 0.0482699 0.0388291 0.0372091 0.0563083 0.0545121 0.0574432 
Potoroidae_Bettongia_lesueur                 0.0394807 0.0530862 0.0411136 0.0071778 0.0000000 0.0494134 0.0331666 0.0338182 0.0081192 0.0518652 0.0330162 0.0497749 0.0501879 0.0340214 0.0355634 0.0502937 0.0516394 0.0446880 0.0525106 0.0202970 0.0422372 0.0553381 0.0510306 0.0473507 0.0269969 0.0482330 0.0340528 0.0197333 0.0381567 0.0446393 0.0355730 0.0332960 0.0531124 0.0498467 0.0522677 
Dasyuridae_Dasyurus_maculatus                0.0465854 0.0488408 0.0468228 0.0540538 0.0494134 0.0000000 0.0411136 0.0446194 0.0502051 0.0500852 0.0430148 0.0122246 0.0185099 0.0431326 0.0423670 0.0107786 0.0033658 0.0166238 0.0512488 0.0472464 0.0464693 0.0578590 0.0513911 0.0120817 0.0494482 0.0470228 0.0420392 0.0503639 0.0429809 0.0504549 0.0417408 0.0423652 0.0504913 0.0031411 0.0503070 
Phalangeridae_Trichosurus_vulpecula          0.0269105 0.0420362 0.0301987 0.0368532 0.0331666 0.0411136 0.0000000 0.0079729 0.0340200 0.0432868 0.0082690 0.0397148 0.0418753 0.0069526 0.0270764 0.0364815 0.0386856 0.0370960 0.0444757 0.0333010 0.0299314 0.0456181 0.0405290 0.0394269 0.0337775 0.0386941 0.0231418 0.0337043 0.0279083 0.0315812 0.0264398 0.0067481 0.0446013 0.0417549 0.0435164 
Phalangeridae_Spilocuscus_maculatus          0.0292660 0.0436372 0.0330426 0.0375101 0.0338182 0.0446194 0.0079729 0.0000000 0.0347159 0.0458525 0.0074549 0.0418083 0.0432607 0.0055602 0.0292034 0.0381129 0.0409521 0.0406630 0.0461247 0.0355197 0.0318601 0.0475466 0.0426344 0.0414267 0.0336995 0.0415121 0.0241242 0.0353949 0.0286996 0.0356431 0.0294662 0.0051543 0.0474832 0.0452857 0.0463638 
Potoroidae_Aepyprymnus_rufescens             0.0408193 0.0515378 0.0403034 0.0105440 0.0081192 0.0502051 0.0340200 0.0347159 0.0000000 0.0529446 0.0336325 0.0495838 0.0498651 0.0346885 0.0370795 0.0503938 0.0518367 0.0460539 0.0537582 0.0179194 0.0415467 0.0577627 0.0528293 0.0488159 0.0261998 0.0484305 0.0342477 0.0186791 0.0370543 0.0461451 0.0370697 0.0341476 0.0547047 0.0506701 0.0534949 
Peramelidae_Perameles_nasuta                 0.0498917 0.0518095 0.0495751 0.0558711 0.0518652 0.0500852 0.0432868 0.0458525 0.0529446 0.0000000 0.0447193 0.0497430 0.0524881 0.0448913 0.0474405 0.0493991 0.0512520 0.0423594 0.0102226 0.0509758 0.0505215 0.0547995 0.0518933 0.0478092 0.0512673 0.0458776 0.0448764 0.0516899 0.0472224 0.0508206 0.0456146 0.0445913 0.0098273 0.0503213 0.0011799 
Phalangeridae_Strigocuscus_pelengensis       0.0291093 0.0430457 0.0329368 0.0372961 0.0330162 0.0430148 0.0082690 0.0074549 0.0336325 0.0447193 0.0000000 0.0415619 0.0445791 0.0063971 0.0291389 0.0391490 0.0420619 0.0372434 0.0459983 0.0350535 0.0322080 0.0467040 0.0416773 0.0401669 0.0334246 0.0399916 0.0248332 0.0346767 0.0285869 0.0353379 0.0297061 0.0059785 0.0463786 0.0437038 0.0449513 
Dasyuridae_Phascogale_tapoatafa              0.0471270 0.0485651 0.0466511 0.0532511 0.0497749 0.0122246 0.0397148 0.0418083 0.0495838 0.0497430 0.0415619 0.0000000 0.0179925 0.0408042 0.0410835 0.0028468 0.0135248 0.0141137 0.0506526 0.0474047 0.0458048 0.0563514 0.0512215 0.0069686 0.0488419 0.0455234 0.0409089 0.0506745 0.0423172 0.0484992 0.0415395 0.0407597 0.0496726 0.0130413 0.0489814 
Dasyuridae_Sminthopsis_macroura              0.0457610 0.0507094 0.0482797 0.0530599 0.0501879 0.0185099 0.0418753 0.0432607 0.0498651 0.0524881 0.0445791 0.0179925 0.0000000 0.0436002 0.0443220 0.0162784 0.0182443 0.0161347 0.0524824 0.0499197 0.0509102 0.0606807 0.0546813 0.0171649 0.0462139 0.0459584 0.0443932 0.0536227 0.0456733 0.0533518 0.0456448 0.0431937 0.0521123 0.0199214 0.0520705 
Phalangeridae_Phalanger_orientalis           0.0278617 0.0431749 0.0318840 0.0377235 0.0340214 0.0431326 0.0069526 0.0055602 0.0346885 0.0448913 0.0063971 0.0408042 0.0436002 0.0000000 0.0284891 0.0381431 0.0409854 0.0385612 0.0460569 0.0348068 0.0316190 0.0475496 0.0419250 0.0405032 0.0341497 0.0407505 0.0234518 0.0345320 0.0282387 0.0351339 0.0289930 0.0031506 0.0462519 0.0437959 0.0451332 
Acrobatidae_Acrobates_pygmaeus               0.0318623 0.0403369 0.0311789 0.0374652 0.0355634 0.0423670 0.0270764 0.0292034 0.0370795 0.0474405 0.0291389 0.0410835 0.0443220 0.0284891 0.0000000 0.0404157 0.0434790 0.0387915 0.0460951 0.0377306 0.0309148 0.0489562 0.0438607 0.0412358 0.0365935 0.0393513 0.0245142 0.0388413 0.0272524 0.0313761 0.0167627 0.0282551 0.0471480 0.0428102 0.0472510 
Dasyuridae_Phascogale_calura                 0.0433181 0.0497197 0.0449070 0.0528406 0.0502937 0.0107786 0.0364815 0.0381129 0.0503938 0.0493991 0.0391490 0.0028468 0.0162784 0.0381431 0.0404157 0.0000000 0.0110541 0.0129475 0.0494110 0.0487308 0.0455593 0.0561395 0.0506135 0.0065182 0.0491602 0.0440969 0.0400866 0.0517567 0.0410646 0.0476260 0.0413001 0.0377580 0.0477596 0.0121350 0.0490096 
Dasyuridae_Sarcophilus_harrisii              0.0443296 0.0510411 0.0465296 0.0544920 0.0516394 0.0033658 0.0386856 0.0409521 0.0518367 0.0512520 0.0420619 0.0135248 0.0182443 0.0409854 0.0434790 0.0110541 0.0000000 0.0169239 0.0518921 0.0493830 0.0484670 0.0596020 0.0529220 0.0124361 0.0498851 0.0470491 0.0420234 0.0518233 0.0439494 0.0515028 0.0441529 0.0405895 0.0514838 0.0046762 0.0514840 
Dasyuridae_Planigale_tenuirostris            0.0424711 0.0412728 0.0436133 0.0488428 0.0446880 0.0166238 0.0370960 0.0406630 0.0460539 0.0423594 0.0372434 0.0141137 0.0161347 0.0385612 0.0387915 0.0129475 0.0169239 0.0000000 0.0426907 0.0401258 0.0442034 0.0508413 0.0458837 0.0138675 0.0433768 0.0424493 0.0350617 0.0445049 0.0383688 0.0444885 0.0378584 0.0381862 0.0434927 0.0163384 0.0421830 
Peramelidae_Echymipera_kalubu                0.0493719 0.0522769 0.0492990 0.0569258 0.0525106 0.0512488 0.0444757 0.0461247 0.0537582 0.0102226 0.0459983 0.0506526 0.0524824 0.0460569 0.0460951 0.0494110 0.0518921 0.0426907 0.0000000 0.0507578 0.0515380 0.0565460 0.0521247 0.0489646 0.0510746 0.0473563 0.0444685 0.0521809 0.0480174 0.0522719 0.0461040 0.0452830 0.0090014 0.0514632 0.0107851 
Macropodidae_Dorcopsulus_vanheurni           0.0404750 0.0497770 0.0409269 0.0237377 0.0202970 0.0472464 0.0333010 0.0355197 0.0179194 0.0509758 0.0350535 0.0474047 0.0499197 0.0348068 0.0377306 0.0487308 0.0493830 0.0401258 0.0507578 0.0000000 0.0420802 0.0545371 0.0497976 0.0474027 0.0291273 0.0481387 0.0333333 0.0083644 0.0379200 0.0418573 0.0372552 0.0347586 0.0519400 0.0476960 0.0509515 
Pseudochiridae_Pseudochirulus_forbesi        0.0386340 0.0480384 0.0379404 0.0452790 0.0422372 0.0464693 0.0299314 0.0318601 0.0415467 0.0505215 0.0322080 0.0458048 0.0509102 0.0316190 0.0309148 0.0455593 0.0484670 0.0442034 0.0515380 0.0420802 0.0000000 0.0533282 0.0470614 0.0477099 0.0414066 0.0466029 0.0213259 0.0427780 0.0158907 0.0387780 0.0324632 0.0306850 0.0501897 0.0469174 0.0507404 
Didelphidae_Didelphis_virginiana             0.0515504 0.0580650 0.0511994 0.0609749 0.0553381 0.0578590 0.0456181 0.0475466 0.0577627 0.0547995 0.0467040 0.0563514 0.0606807 0.0475496 0.0489562 0.0561395 0.0596020 0.0508413 0.0565460 0.0545371 0.0533282 0.0000000 0.0201941 0.0543907 0.0545829 0.0516009 0.0473507 0.0542631 0.0490440 0.0557078 0.0490320 0.0468173 0.0556493 0.0591351 0.0557703 
Marmosidae_Monodelphis_domestica             0.0475391 0.0541840 0.0462352 0.0557495 0.0510306 0.0513911 0.0405290 0.0426344 0.0528293 0.0518933 0.0416773 0.0512215 0.0546813 0.0419250 0.0438607 0.0506135 0.0529220 0.0458837 0.0521247 0.0497976 0.0470614 0.0201941 0.0000000 0.0502661 0.0488251 0.0471441 0.0409072 0.0505854 0.0436436 0.0513393 0.0440743 0.0416630 0.0509852 0.0526084 0.0528222 
Dasyuridae_Antechinus_stuartii               0.0455418 0.0501059 0.0461690 0.0532816 0.0473507 0.0120817 0.0394269 0.0414267 0.0488159 0.0478092 0.0401669 0.0069686 0.0171649 0.0405032 0.0412358 0.0065182 0.0124361 0.0138675 0.0489646 0.0474027 0.0477099 0.0543907 0.0502661 0.0000000 0.0473938 0.0443970 0.0417730 0.0506361 0.0432439 0.0491710 0.0405604 0.0404743 0.0484627 0.0129021 0.0475022 
Hypsiprymnodontidae_Hypsiprymnodon_moschatus 0.0382140 0.0490474 0.0400753 0.0307818 0.0269969 0.0494482 0.0337775 0.0336995 0.0261998 0.0512673 0.0334246 0.0488419 0.0462139 0.0341497 0.0365935 0.0491602 0.0498851 0.0433768 0.0510746 0.0291273 0.0414066 0.0545829 0.0488251 0.0473938 0.0000000 0.0446459 0.0347757 0.0279072 0.0364243 0.0445493 0.0355260 0.0341028 0.0532021 0.0494202 0.0512627 
Microbiotheriidae_Dromiciops_gliroides       0.0428972 0.0461871 0.0423248 0.0527375 0.0482330 0.0470228 0.0386941 0.0415121 0.0484305 0.0458776 0.0399916 0.0455234 0.0459584 0.0407505 0.0393513 0.0440969 0.0470491 0.0424493 0.0473563 0.0481387 0.0466029 0.0516009 0.0471441 0.0443970 0.0446459 0.0000000 0.0387156 0.0509820 0.0407764 0.0468326 0.0384849 0.0404847 0.0460171 0.0474651 0.0456338 
Pseudochiridae_Petauroides_volans            0.0290934 0.0425689 0.0304007 0.0361242 0.0340528 0.0420392 0.0231418 0.0241242 0.0342477 0.0448764 0.0248332 0.0409089 0.0443932 0.0234518 0.0245142 0.0400866 0.0420234 0.0350617 0.0444685 0.0333333 0.0213259 0.0473507 0.0409072 0.0417730 0.0347757 0.0387156 0.0000000 0.0341443 0.0186281 0.0298668 0.0242972 0.0234388 0.0452906 0.0424730 0.0449329 
Macropodidae_Wallabia_bicolor                0.0415639 0.0520062 0.0422789 0.0231747 0.0197333 0.0503639 0.0337043 0.0353949 0.0186791 0.0516899 0.0346767 0.0506745 0.0536227 0.0345320 0.0388413 0.0517567 0.0518233 0.0445049 0.0521809 0.0083644 0.0427780 0.0542631 0.0505854 0.0506361 0.0279072 0.0509820 0.0341443 0.0000000 0.0374307 0.0433873 0.0383439 0.0344841 0.0541566 0.0508184 0.0524344 
Pseudochiridae_Pseudocheirus_occidentalis    0.0353292 0.0436535 0.0345422 0.0405301 0.0381567 0.0429809 0.0279083 0.0286996 0.0370543 0.0472224 0.0285869 0.0423172 0.0456733 0.0282387 0.0272524 0.0410646 0.0439494 0.0383688 0.0480174 0.0379200 0.0158907 0.0490440 0.0436436 0.0432439 0.0364243 0.0407764 0.0186281 0.0374307 0.0000000 0.0360001 0.0286571 0.0277682 0.0478596 0.0434283 0.0477417 
Tarsipedidae_Tarsipes_rostratus              0.0394117 0.0483535 0.0421346 0.0482699 0.0446393 0.0504549 0.0315812 0.0356431 0.0461451 0.0508206 0.0353379 0.0484992 0.0533518 0.0351339 0.0313761 0.0476260 0.0515028 0.0444885 0.0522719 0.0418573 0.0387780 0.0557078 0.0513393 0.0491710 0.0445493 0.0468326 0.0298668 0.0433873 0.0360001 0.0000000 0.0320591 0.0339566 0.0517986 0.0506928 0.0508368 
Acrobatidae_Distoechurus_pennatus            0.0322223 0.0413763 0.0311706 0.0388291 0.0355730 0.0417408 0.0264398 0.0294662 0.0370697 0.0456146 0.0297061 0.0415395 0.0456448 0.0289930 0.0167627 0.0413001 0.0441529 0.0378584 0.0461040 0.0372552 0.0324632 0.0490320 0.0440743 0.0405604 0.0355260 0.0384849 0.0242972 0.0383439 0.0286571 0.0320591 0.0000000 0.0287359 0.0462663 0.0421671 0.0455975 
Phalangeridae_Phalanger_carmelitae           0.0274418 0.0424654 0.0320679 0.0372091 0.0332960 0.0423652 0.0067481 0.0051543 0.0341476 0.0445913 0.0059785 0.0407597 0.0431937 0.0031506 0.0282551 0.0377580 0.0405895 0.0381862 0.0452830 0.0347586 0.0306850 0.0468173 0.0416630 0.0404743 0.0341028 0.0404847 0.0234388 0.0344841 0.0277682 0.0339566 0.0287359 0.0000000 0.0454914 0.0430264 0.0448340 
Peramelidae_Peroryctes_raffrayana            0.0497365 0.0517722 0.0489962 0.0563083 0.0531124 0.0504913 0.0446013 0.0474832 0.0547047 0.0098273 0.0463786 0.0496726 0.0521123 0.0462519 0.0471480 0.0477596 0.0514838 0.0434927 0.0090014 0.0519400 0.0501897 0.0556493 0.0509852 0.0484627 0.0532021 0.0460171 0.0452906 0.0541566 0.0478596 0.0517986 0.0462663 0.0454914 0.0000000 0.0507065 0.0097982 
Dasyuridae_Dasyurus_geffroii                 0.0470368 0.0487921 0.0472703 0.0545121 0.0498467 0.0031411 0.0417549 0.0452857 0.0506701 0.0503213 0.0437038 0.0130413 0.0199214 0.0437959 0.0428102 0.0121350 0.0046762 0.0163384 0.0514632 0.0476960 0.0469174 0.0591351 0.0526084 0.0129021 0.0494202 0.0474651 0.0424730 0.0508184 0.0434283 0.0506928 0.0421671 0.0430264 0.0507065 0.0000000 0.0505214 
Peramelidae_Perameles_gunnii                 0.0501553 0.0511026 0.0493189 0.0574432 0.0522677 0.0503070 0.0435164 0.0463638 0.0534949 0.0011799 0.0449513 0.0489814 0.0520705 0.0451332 0.0472510 0.0490096 0.0514840 0.0421830 0.0107851 0.0509515 0.0507404 0.0557703 0.0528222 0.0475022 0.0512627 0.0456338 0.0449329 0.0524344 0.0477417 0.0508368 0.0455975 0.0448340 0.0097982 0.0505214 0.0000000 
