35
Burramyidae_Burramys_parvus                  0.0000000 0.0915880 0.0707917 0.0858928 0.0919841 0.1167900 0.0759971 0.0666610 0.0877865 0.0630194 0.1034882 0.1082292 0.0675939 0.1054901 0.1033066 0.1145153 0.0772068 0.0979749 0.0788522 0.0620980 0.1180905 0.1243559 0.1023519 0.0889929 0.0789899 0.0908682 0.0601567 0.0816754 0.0732220 0.0829745 0.1174199 0.1050257 0.1115779 0.0624588 0.1269482 
Notoryctidae_Notoryctes_typhlops             0.0915880 0.0000000 0.0893234 0.1069411 0.1105891 0.1228807 0.1028193 0.0917851 0.1069465 0.0831439 0.1209902 0.1320785 0.0924319 0.1359690 0.1205543 0.1178225 0.0936676 0.0994027 0.1005421 0.0808336 0.1316186 0.1393230 0.1073857 0.1133481 0.0983679 0.1091338 0.0834979 0.0978783 0.0988739 0.1066290 0.1235058 0.1084050 0.1173160 0.0637996 0.1267838 
Vombatidae_Lasiorhinus_latifrons             0.0707917 0.0893234 0.0000000 0.0861112 0.0866803 0.0740540 0.0851294 0.0700228 0.0905882 0.0641947 0.0789348 0.0821607 0.0725593 0.1231711 0.0796500 0.0721460 0.0579361 0.0966185 0.0818858 0.0582589 0.0690245 0.0761670 0.0634716 0.0538585 0.0386471 0.0883558 0.0642969 0.0867265 0.0601522 0.0878830 0.0734085 0.1002684 0.0690689 0.0316469 0.1328633 
Potoroidae_Bettongia_penicillata             0.0858928 0.1069411 0.0861112 0.0000000 0.0101498 0.1363837 0.0843995 0.0762334 0.0160063 0.0681191 0.1314353 0.1441596 0.0746014 0.1226728 0.1354321 0.1315679 0.0985455 0.1112880 0.0332253 0.0810261 0.1347341 0.1335299 0.1216585 0.0796797 0.1001650 0.0375365 0.0810987 0.1006268 0.0902130 0.0908145 0.1368984 0.1156867 0.1265814 0.0738205 0.1179892 
Potoroidae_Bettongia_lesueur                 0.0919841 0.1105891 0.0866803 0.0101498 0.0000000 0.1381007 0.0933122 0.0848838 0.0182594 0.0770958 0.1313140 0.1438423 0.0799052 0.1319587 0.1359990 0.1326267 0.1043889 0.1152976 0.0421014 0.0840075 0.1366103 0.1389754 0.1234343 0.0826968 0.1013088 0.0502973 0.0848518 0.1025027 0.0983459 0.0934418 0.1375709 0.1247254 0.1269772 0.0819431 0.1391582 
Dasyuridae_Dasyurus_maculatus                0.1167900 0.1228807 0.0740540 0.1363837 0.1381007 0.0000000 0.1407340 0.1241776 0.1412656 0.1137695 0.0429247 0.0511859 0.1213203 0.1714124 0.0406081 0.0130635 0.0242989 0.1250597 0.1294614 0.1086163 0.1062250 0.1085545 0.0247118 0.0899980 0.0811970 0.1400238 0.1126617 0.1314959 0.1080826 0.1388665 0.0071308 0.1360600 0.0933959 0.0658324 0.1481064 
Phalangeridae_Trichosurus_vulpecula          0.0759971 0.1028193 0.0851294 0.0843995 0.0933122 0.1407340 0.0000000 0.0505018 0.0892863 0.0459015 0.1333048 0.1436717 0.0622282 0.1274807 0.1365396 0.1362520 0.1035674 0.1126356 0.0862019 0.0765654 0.1313983 0.1372623 0.1250280 0.1043551 0.0950493 0.0943417 0.0806972 0.0878073 0.0923337 0.0769834 0.1402122 0.1163596 0.1385644 0.0813679 0.1522489 
Phalangeridae_Spilocuscus_maculatus          0.0666610 0.0917851 0.0700228 0.0762334 0.0848838 0.1241776 0.0505018 0.0000000 0.0802546 0.0154239 0.1148254 0.1244938 0.0460324 0.1182300 0.1179297 0.1209305 0.0880394 0.1018553 0.0767494 0.0629067 0.1222649 0.1226739 0.1092176 0.0908719 0.0795994 0.0842392 0.0659957 0.0784779 0.0758813 0.0628383 0.1236501 0.1009588 0.1183032 0.0696298 0.1288565 
Potoroidae_Aepyprymnus_rufescens             0.0877865 0.1069465 0.0905882 0.0160063 0.0182594 0.1412656 0.0892863 0.0802546 0.0000000 0.0737160 0.1321633 0.1441944 0.0754794 0.1339478 0.1373725 0.1376247 0.1017303 0.1129167 0.0371462 0.0821771 0.1371588 0.1398485 0.1256733 0.0845016 0.1049420 0.0465960 0.0834810 0.1001631 0.0920426 0.0909271 0.1407445 0.1232338 0.1299432 0.0766723 0.1340595 
Phalangeridae_Strigocuscus_pelengensis       0.0630194 0.0831439 0.0641947 0.0681191 0.0770958 0.1137695 0.0459015 0.0154239 0.0737160 0.0000000 0.1051988 0.1158786 0.0411273 0.1131435 0.1094473 0.1106056 0.0785540 0.0978814 0.0702034 0.0564252 0.1129153 0.1155930 0.1010579 0.0848443 0.0735364 0.0790094 0.0609889 0.0769313 0.0668542 0.0593103 0.1146240 0.0972057 0.1127464 0.0598346 0.1247401 
Dasyuridae_Phascogale_tapoatafa              0.1034882 0.1209902 0.0789348 0.1314353 0.1313140 0.0429247 0.1333048 0.1148254 0.1321633 0.1051988 0.0000000 0.0329166 0.1136734 0.1642564 0.0044886 0.0398481 0.0200808 0.1249024 0.1261999 0.0999535 0.1165506 0.1182770 0.0270563 0.0923228 0.0878904 0.1360181 0.1023630 0.1243499 0.0924061 0.1305229 0.0430741 0.1415825 0.0714924 0.0564880 0.1489763 
Dasyuridae_Sminthopsis_macroura              0.1082292 0.1320785 0.0821607 0.1441596 0.1438423 0.0511859 0.1436717 0.1244938 0.1441944 0.1158786 0.0329166 0.0000000 0.1253115 0.1697658 0.0307249 0.0478250 0.0192972 0.1352107 0.1377573 0.1093919 0.1256094 0.1253318 0.0444232 0.1059547 0.1010442 0.1480655 0.1156498 0.1337224 0.1023306 0.1431060 0.0513637 0.1463255 0.0702444 0.0600230 0.1631814 
Phalangeridae_Phalanger_orientalis           0.0675939 0.0924319 0.0725593 0.0746014 0.0799052 0.1213203 0.0622282 0.0460324 0.0754794 0.0411273 0.1136734 0.1253115 0.0000000 0.1021385 0.1176915 0.1181080 0.0807862 0.1014409 0.0736618 0.0616683 0.1238738 0.1203554 0.1064351 0.0884900 0.0828784 0.0811402 0.0611195 0.0793466 0.0716581 0.0227328 0.1207906 0.1029178 0.1154733 0.0625319 0.1186380 
Acrobatidae_Acrobates_pygmaeus               0.1054901 0.1359690 0.1231711 0.1226728 0.1319587 0.1714124 0.1274807 0.1182300 0.1339478 0.1131435 0.1642564 0.1697658 0.1021385 0.0000000 0.1672843 0.1675440 0.1259377 0.1437683 0.1276981 0.1073853 0.1568764 0.1659124 0.1600643 0.1449717 0.1286453 0.1381690 0.0871971 0.1256415 0.0973959 0.1164048 0.1721271 0.1473163 0.1335924 0.0751916 0.1216164 
Dasyuridae_Phascogale_calura                 0.1033066 0.1205543 0.0796500 0.1354321 0.1359990 0.0406081 0.1365396 0.1179297 0.1373725 0.1094473 0.0044886 0.0307249 0.1176915 0.1672843 0.0000000 0.0375665 0.0176897 0.1283170 0.1313847 0.1014474 0.1173054 0.1159762 0.0255525 0.0952536 0.0903909 0.1413574 0.1050627 0.1278341 0.0960680 0.1348886 0.0407492 0.1431820 0.0737230 0.0587077 0.1517534 
Dasyuridae_Sarcophilus_harrisii              0.1145153 0.1178225 0.0721460 0.1315679 0.1326267 0.0130635 0.1362520 0.1209305 0.1376247 0.1106056 0.0398481 0.0478250 0.1181080 0.1675440 0.0375665 0.0000000 0.0233507 0.1220551 0.1279967 0.1070937 0.1049385 0.1053545 0.0232191 0.0856560 0.0800954 0.1366042 0.1070046 0.1270341 0.1041006 0.1354031 0.0151361 0.1339707 0.0934203 0.0633530 0.1463552 
Dasyuridae_Planigale_tenuirostris            0.0772068 0.0936676 0.0579361 0.0985455 0.1043889 0.0242989 0.1035674 0.0880394 0.1017303 0.0785540 0.0200808 0.0192972 0.0807862 0.1259377 0.0176897 0.0233507 0.0000000 0.0993171 0.0888877 0.0717964 0.0951909 0.0961626 0.0161405 0.0764387 0.0710548 0.1070621 0.0763678 0.0962307 0.0894286 0.0982565 0.0242448 0.1129580 0.0601444 0.0525094 0.1053376 
Peramelidae_Echymipera_kalubu                0.0979749 0.0994027 0.0966185 0.1112880 0.1152976 0.1250597 0.1126356 0.1018553 0.1129167 0.0978814 0.1249024 0.1352107 0.1014409 0.1437683 0.1283170 0.1220551 0.0993171 0.0000000 0.1045989 0.0933197 0.1296085 0.1395703 0.1180658 0.1256920 0.1094587 0.1189268 0.0909216 0.1113020 0.1117525 0.1176928 0.1245402 0.0318648 0.0602763 0.0719858 0.0547283 
Macropodidae_Dorcopsulus_vanheurni           0.0788522 0.1005421 0.0818858 0.0332253 0.0421014 0.1294614 0.0862019 0.0767494 0.0371462 0.0702034 0.1261999 0.1377573 0.0736618 0.1276981 0.1313847 0.1279967 0.0888877 0.1045989 0.0000000 0.0741276 0.1246648 0.1282115 0.1197235 0.0824013 0.0924252 0.0293229 0.0717647 0.0924360 0.0906380 0.0879753 0.1310029 0.1121963 0.1220663 0.0644821 0.1229013 
Pseudochiridae_Pseudochirulus_forbesi        0.0620980 0.0808336 0.0582589 0.0810261 0.0840075 0.1086163 0.0765654 0.0629067 0.0821771 0.0564252 0.0999535 0.1093919 0.0616683 0.1073853 0.1014474 0.1070937 0.0717964 0.0933197 0.0741276 0.0000000 0.0987570 0.1028116 0.0952294 0.0805688 0.0466144 0.0852276 0.0224841 0.0607793 0.0589221 0.0784352 0.1062450 0.0954050 0.0904727 0.0502457 0.1074938 
Didelphidae_Didelphis_virginiana             0.1180905 0.1316186 0.0690245 0.1347341 0.1366103 0.1062250 0.1313983 0.1222649 0.1371588 0.1129153 0.1165506 0.1256094 0.1238738 0.1568764 0.1173054 0.1049385 0.0951909 0.1296085 0.1246648 0.0987570 0.0000000 0.0449036 0.0973008 0.0918760 0.0798100 0.1354764 0.0907701 0.1295633 0.1023226 0.1313029 0.1056384 0.1353398 0.0971526 0.0582557 0.1585013 
Marmosidae_Monodelphis_domestica             0.1243559 0.1393230 0.0761670 0.1335299 0.1389754 0.1085545 0.1372623 0.1226739 0.1398485 0.1155930 0.1182770 0.1253318 0.1203554 0.1659124 0.1159762 0.1053545 0.0961626 0.1395703 0.1282115 0.1028116 0.0449036 0.0000000 0.0958969 0.0941192 0.0865743 0.1411299 0.0959391 0.1365084 0.1081202 0.1306060 0.1082243 0.1478709 0.0941219 0.0580821 0.1542946 
Dasyuridae_Antechinus_stuartii               0.1023519 0.1073857 0.0634716 0.1216585 0.1234343 0.0247118 0.1250280 0.1092176 0.1256733 0.1010579 0.0270563 0.0444232 0.1064351 0.1600643 0.0255525 0.0232191 0.0161405 0.1180658 0.1197235 0.0952294 0.0973008 0.0958969 0.0000000 0.0770274 0.0744734 0.1272337 0.0957280 0.1205353 0.0952755 0.1231684 0.0247975 0.1313631 0.0868141 0.0545425 0.1336553 
Hypsiprymnodontidae_Hypsiprymnodon_moschatus 0.0889929 0.1133481 0.0538585 0.0796797 0.0826968 0.0899980 0.1043551 0.0908719 0.0845016 0.0848443 0.0923228 0.1059547 0.0884900 0.1449717 0.0952536 0.0856560 0.0764387 0.1256920 0.0824013 0.0805688 0.0918760 0.0941192 0.0770274 0.0000000 0.0590955 0.0904673 0.0796971 0.1009900 0.0735518 0.1000973 0.0910501 0.1294719 0.0930172 0.0634114 0.1623102 
Pseudochiridae_Petauroides_volans            0.0789899 0.0983679 0.0386471 0.1001650 0.1013088 0.0811970 0.0950493 0.0795994 0.1049420 0.0735364 0.0878904 0.1010442 0.0828784 0.1286453 0.0903909 0.0800954 0.0710548 0.1094587 0.0924252 0.0466144 0.0798100 0.0865743 0.0744734 0.0590955 0.0000000 0.1014189 0.0502774 0.0806279 0.0618425 0.0969763 0.0806311 0.1161350 0.0780118 0.0416778 0.1439868 
Macropodidae_Wallabia_bicolor                0.0908682 0.1091338 0.0883558 0.0375365 0.0502973 0.1400238 0.0943417 0.0842392 0.0465960 0.0790094 0.1360181 0.1480655 0.0811402 0.1381690 0.1413574 0.1366042 0.1070621 0.1189268 0.0293229 0.0852276 0.1354764 0.1411299 0.1272337 0.0904673 0.1014189 0.0000000 0.0826402 0.1042959 0.1022607 0.1007670 0.1425166 0.1280103 0.1356891 0.0776947 0.1410190 
Pseudochiridae_Pseudocheirus_occidentalis    0.0601567 0.0834979 0.0642969 0.0810987 0.0848518 0.1126617 0.0806972 0.0659957 0.0834810 0.0609889 0.1023630 0.1156498 0.0611195 0.0871971 0.1050627 0.1070046 0.0763678 0.0909216 0.0717647 0.0224841 0.0907701 0.0959391 0.0957280 0.0796971 0.0502774 0.0826402 0.0000000 0.0581544 0.0571920 0.0593587 0.1104964 0.0911768 0.0934794 0.0472593 0.0790793 
Tarsipedidae_Tarsipes_rostratus              0.0816754 0.0978783 0.0867265 0.1006268 0.1025027 0.1314959 0.0878073 0.0784779 0.1001631 0.0769313 0.1243499 0.1337224 0.0793466 0.1256415 0.1278341 0.1270341 0.0962307 0.1113020 0.0924360 0.0607793 0.1295633 0.1365084 0.1205353 0.1009900 0.0806279 0.1042959 0.0581544 0.0000000 0.0926831 0.0930798 0.1340103 0.1164701 0.1064874 0.0611515 0.1241215 
Acrobatidae_Distoechurus_pennatus            0.0732220 0.0988739 0.0601522 0.0902130 0.0983459 0.1080826 0.0923337 0.0758813 0.0920426 0.0668542 0.0924061 0.1023306 0.0716581 0.0973959 0.0960680 0.1041006 0.0894286 0.1117525 0.0906380 0.0589221 0.1023226 0.1081202 0.0952755 0.0735518 0.0618425 0.1022607 0.0571920 0.0926831 0.0000000 0.0859881 0.1042786 0.1217601 0.0564931 0.0461851 0.1146967 
Phalangeridae_Phalanger_carmelitae           0.0829745 0.1066290 0.0878830 0.0908145 0.0934418 0.1388665 0.0769834 0.0628383 0.0909271 0.0593103 0.1305229 0.1431060 0.0227328 0.1164048 0.1348886 0.1354031 0.0982565 0.1176928 0.0879753 0.0784352 0.1313029 0.1306060 0.1231684 0.1000973 0.0969763 0.1007670 0.0593587 0.0930798 0.0859881 0.0000000 0.1383452 0.1194719 0.1133872 0.0840974 0.1290361 
Dasyuridae_Dasyurus_geffroii                 0.1174199 0.1235058 0.0734085 0.1368984 0.1375709 0.0071308 0.1402122 0.1236501 0.1407445 0.1146240 0.0430741 0.0513637 0.1207906 0.1721271 0.0407492 0.0151361 0.0242448 0.1245402 0.1310029 0.1062450 0.1056384 0.1082243 0.0247975 0.0910501 0.0806311 0.1425166 0.1104964 0.1340103 0.1042786 0.1383452 0.0000000 0.1357821 0.0934346 0.0636290 0.1482488 
Peramelidae_Perameles_gunnii                 0.1050257 0.1084050 0.1002684 0.1156867 0.1247254 0.1360600 0.1163596 0.1009588 0.1232338 0.0972057 0.1415825 0.1463255 0.1029178 0.1473163 0.1431820 0.1339707 0.1129580 0.0318648 0.1121963 0.0954050 0.1353398 0.1478709 0.1313631 0.1294719 0.1161350 0.1280103 0.0911768 0.1164701 0.1217601 0.1194719 0.1357821 0.0000000 0.0495416 0.0773745 0.0517450 
Peramelidae_Perameles_nasuta                 0.1115779 0.1173160 0.0690689 0.1265814 0.1269772 0.0933959 0.1385644 0.1183032 0.1299432 0.1127464 0.0714924 0.0702444 0.1154733 0.1335924 0.0737230 0.0934203 0.0601444 0.0602763 0.1220663 0.0904727 0.0971526 0.0941219 0.0868141 0.0930172 0.0780118 0.1356891 0.0934794 0.1064874 0.0564931 0.1133872 0.0934346 0.0495416 0.0000000 0.0574047 0.0759245 
Microbiotheriidae_Dromiciops_gliroides       0.0624588 0.0637996 0.0316469 0.0738205 0.0819431 0.0658324 0.0813679 0.0696298 0.0766723 0.0598346 0.0564880 0.0600230 0.0625319 0.0751916 0.0587077 0.0633530 0.0525094 0.0719858 0.0644821 0.0502457 0.0582557 0.0580821 0.0545425 0.0634114 0.0416778 0.0776947 0.0472593 0.0611515 0.0461851 0.0840974 0.0636290 0.0773745 0.0574047 0.0000000 0.1117399 
Peramelidae_Peroryctes_raffrayana            0.1269482 0.1267838 0.1328633 0.1179892 0.1391582 0.1481064 0.1522489 0.1288565 0.1340595 0.1247401 0.1489763 0.1631814 0.1186380 0.1216164 0.1517534 0.1463552 0.1053376 0.0547283 0.1229013 0.1074938 0.1585013 0.1542946 0.1336553 0.1623102 0.1439868 0.1410190 0.0790793 0.1241215 0.1146967 0.1290361 0.1482488 0.0517450 0.0759245 0.1117399 0.0000000 
