35
Burramyidae_Burramys_parvus                  0.0000000 0.0778631 0.0485579 0.0628295 0.0555006 0.0809906 0.0369112 0.0427573 0.0586403 0.0884886 0.0342152 0.0698016 0.0801567 0.0434462 0.0563147 0.0727519 0.0802244 0.0504805 0.0982036 0.0386365 0.0749873 0.0896458 0.0651131 0.0750201 0.0521873 0.0547182 0.0791712 0.0380397 0.0759717 0.0547899 0.0564579 0.0417823 0.0944723 0.0719528 0.0883099 
Notoryctidae_Notoryctes_typhlops             0.0778631 0.0000000 0.0746055 0.1020266 0.0913394 0.0847055 0.0671568 0.0701994 0.0925226 0.1021602 0.0549875 0.0818140 0.0820930 0.0703868 0.0913451 0.0806933 0.0840902 0.0620357 0.1030543 0.0657372 0.1022035 0.1077317 0.0784303 0.0812479 0.0740480 0.0788108 0.0935008 0.0682605 0.1065541 0.0853015 0.0890454 0.0697104 0.0988464 0.0830213 0.0968527 
Vombatidae_Lasiorhinus_latifrons             0.0485579 0.0746055 0.0000000 0.0742417 0.0713687 0.0695588 0.0400622 0.0355923 0.0640754 0.0848695 0.0314843 0.0609277 0.0669785 0.0353290 0.0532177 0.0614538 0.0674553 0.0491378 0.0873526 0.0431934 0.0659578 0.0855039 0.0605555 0.0673144 0.0547994 0.0575193 0.0734698 0.0460703 0.0795396 0.0550515 0.0594195 0.0352037 0.0835129 0.0745043 0.0790941 
Potoroidae_Bettongia_penicillata             0.0628295 0.1020266 0.0742417 0.0000000 0.0234264 0.0946284 0.0680812 0.0630688 0.0329365 0.1095208 0.0571308 0.0923438 0.0979346 0.0637482 0.0751812 0.0928062 0.0973382 0.0873242 0.1137996 0.0310878 0.0996558 0.1133401 0.0965301 0.0957687 0.0607212 0.0829996 0.1047305 0.0337661 0.1164606 0.0894048 0.0922855 0.0640631 0.1137867 0.1014792 0.1073136 
Potoroidae_Bettongia_lesueur                 0.0555006 0.0913394 0.0713687 0.0234264 0.0000000 0.0953273 0.0566061 0.0609769 0.0313763 0.0995576 0.0462388 0.0871007 0.0939297 0.0621269 0.0774142 0.0870894 0.0961342 0.0736414 0.1028542 0.0229867 0.0967193 0.1115329 0.0849700 0.0900956 0.0564852 0.0717912 0.0937832 0.0251694 0.0979441 0.0827961 0.0786189 0.0619228 0.1015467 0.0886894 0.1007802 
Dasyuridae_Dasyurus_maculatus                0.0809906 0.0847055 0.0695588 0.0946284 0.0953273 0.0000000 0.0731390 0.0672182 0.0864256 0.0895287 0.0512712 0.0183491 0.0283470 0.0647810 0.0837053 0.0183883 0.0106022 0.0095920 0.0963422 0.0606616 0.1015109 0.1005902 0.0712553 0.0234267 0.0787393 0.0731611 0.1031202 0.0625935 0.1116990 0.0756785 0.0906432 0.0641062 0.0916053 0.0121240 0.0894556 
Phalangeridae_Trichosurus_vulpecula          0.0369112 0.0671568 0.0400622 0.0680812 0.0566061 0.0731390 0.0000000 0.0189208 0.0542318 0.0804534 0.0135999 0.0654097 0.0715545 0.0194093 0.0528180 0.0658886 0.0720903 0.0464658 0.0905898 0.0349511 0.0690166 0.0862882 0.0631267 0.0695165 0.0434153 0.0567323 0.0659470 0.0353939 0.0702449 0.0504129 0.0460346 0.0189627 0.0865349 0.0656245 0.0811941 
Phalangeridae_Spilocuscus_maculatus          0.0427573 0.0701994 0.0355923 0.0630688 0.0609769 0.0672182 0.0189208 0.0000000 0.0537408 0.0833730 0.0066924 0.0592148 0.0651537 0.0069348 0.0474100 0.0602261 0.0651437 0.0458271 0.0891943 0.0317261 0.0615343 0.0790047 0.0563474 0.0626720 0.0445552 0.0551932 0.0666585 0.0335121 0.0751760 0.0473687 0.0527283 0.0069180 0.0857773 0.0723462 0.0770401 
Potoroidae_Aepyprymnus_rufescens             0.0586403 0.0925226 0.0640754 0.0329365 0.0313763 0.0864256 0.0542318 0.0537408 0.0000000 0.0990938 0.0416062 0.0829581 0.0882553 0.0547703 0.0746479 0.0829484 0.0895905 0.0657406 0.1031319 0.0182701 0.0909896 0.1103823 0.0815945 0.0843215 0.0476206 0.0674218 0.0862426 0.0208362 0.0997025 0.0861937 0.0753381 0.0545910 0.1029923 0.0891303 0.0959920 
Peramelidae_Perameles_nasuta                 0.0884886 0.1021602 0.0848695 0.1095208 0.0995576 0.0895287 0.0804534 0.0833730 0.0990938 0.0000000 0.0679121 0.0892897 0.0961962 0.0822233 0.0982099 0.0916810 0.0945551 0.0753499 0.0282229 0.0706472 0.1151859 0.1218958 0.0853080 0.0955716 0.0859801 0.0734155 0.0952585 0.0731881 0.1082917 0.0905793 0.0931264 0.0804168 0.0231525 0.0891502 0.0133420 
Phalangeridae_Strigocuscus_pelengensis       0.0342152 0.0549875 0.0314843 0.0571308 0.0462388 0.0512712 0.0135999 0.0066924 0.0416062 0.0679121 0.0000000 0.0482371 0.0528365 0.0071467 0.0431434 0.0478085 0.0492276 0.0461415 0.0717747 0.0336724 0.0554754 0.0624445 0.0569353 0.0498819 0.0342250 0.0583860 0.0497658 0.0365319 0.0544870 0.0373295 0.0439830 0.0067002 0.0682850 0.0512675 0.0669210 
Dasyuridae_Phascogale_tapoatafa              0.0698016 0.0818140 0.0609277 0.0923438 0.0871007 0.0183491 0.0654097 0.0592148 0.0829581 0.0892897 0.0482371 0.0000000 0.0243957 0.0580926 0.0718802 0.0030559 0.0162709 0.0101528 0.0937116 0.0571262 0.0931557 0.0951352 0.0688638 0.0125619 0.0704113 0.0683883 0.0966192 0.0590422 0.1033705 0.0630530 0.0794173 0.0574534 0.0888552 0.0251225 0.0843042 
Dasyuridae_Sminthopsis_macroura              0.0801567 0.0820930 0.0669785 0.0979346 0.0939297 0.0283470 0.0715545 0.0651537 0.0882553 0.0961962 0.0528365 0.0243957 0.0000000 0.0649883 0.0824833 0.0231771 0.0262223 0.0101277 0.0986400 0.0623345 0.0993047 0.0935264 0.0716617 0.0287944 0.0785876 0.0748295 0.0984305 0.0642792 0.1068386 0.0718875 0.0873040 0.0643103 0.0934353 0.0355458 0.0895983 
Phalangeridae_Phalanger_orientalis           0.0434462 0.0703868 0.0353290 0.0637482 0.0621269 0.0647810 0.0194093 0.0069348 0.0547703 0.0822233 0.0071467 0.0580926 0.0649883 0.0000000 0.0487653 0.0595397 0.0643716 0.0453452 0.0887668 0.0322876 0.0624056 0.0806086 0.0577073 0.0630215 0.0456056 0.0537035 0.0664666 0.0340813 0.0750980 0.0495856 0.0520210 0.0022879 0.0834216 0.0709954 0.0768961 
Acrobatidae_Acrobates_pygmaeus               0.0563147 0.0913451 0.0532177 0.0751812 0.0774142 0.0837053 0.0528180 0.0474100 0.0746479 0.0982099 0.0431434 0.0718802 0.0824833 0.0487653 0.0000000 0.0753719 0.0816382 0.0588034 0.1081822 0.0498495 0.0771708 0.0992873 0.0720208 0.0795871 0.0658575 0.0664227 0.0789085 0.0491653 0.0889348 0.0577430 0.0331655 0.0481275 0.1018589 0.0856716 0.0964629 
Dasyuridae_Phascogale_calura                 0.0727519 0.0806933 0.0614538 0.0928062 0.0870894 0.0183883 0.0658886 0.0602261 0.0829484 0.0916810 0.0478085 0.0030559 0.0231771 0.0595397 0.0753719 0.0000000 0.0158875 0.0106978 0.0953503 0.0560974 0.0903247 0.0965821 0.0701456 0.0125884 0.0704650 0.0667634 0.0961239 0.0580079 0.1027219 0.0660274 0.0799198 0.0584597 0.0905269 0.0251353 0.0857197 
Dasyuridae_Sarcophilus_harrisii              0.0802244 0.0840902 0.0674553 0.0973382 0.0961342 0.0106022 0.0720903 0.0651437 0.0895905 0.0945551 0.0492276 0.0162709 0.0262223 0.0643716 0.0816382 0.0158875 0.0000000 0.0085107 0.0986311 0.0595842 0.1013169 0.0948474 0.0699178 0.0225758 0.0798642 0.0713956 0.1032197 0.0615095 0.1072002 0.0745016 0.0898467 0.0636980 0.0943982 0.0162805 0.0891162 
Dasyuridae_Planigale_tenuirostris            0.0504805 0.0620357 0.0491378 0.0873242 0.0736414 0.0095920 0.0464658 0.0458271 0.0657406 0.0753499 0.0461415 0.0101528 0.0101277 0.0453452 0.0588034 0.0106978 0.0085107 0.0000000 0.0835072 0.0600761 0.0749729 0.0735841 0.0672323 0.0123840 0.0549330 0.0683368 0.0689459 0.0595957 0.0758880 0.0445414 0.0648012 0.0433721 0.0745211 0.0106789 0.0756401 
Peramelidae_Echymipera_kalubu                0.0982036 0.1030543 0.0873526 0.1137996 0.1028542 0.0963422 0.0905898 0.0891943 0.1031319 0.0282229 0.0717747 0.0937116 0.0986400 0.0887668 0.1081822 0.0953503 0.0986311 0.0835072 0.0000000 0.0726671 0.1133417 0.1235593 0.0921129 0.1001645 0.0911876 0.0779458 0.1080637 0.0753032 0.1166557 0.0954997 0.1013207 0.0864135 0.0185650 0.0981175 0.0336752 
Macropodidae_Dorcopsulus_vanheurni           0.0386365 0.0657372 0.0431934 0.0310878 0.0229867 0.0606616 0.0349511 0.0317261 0.0182701 0.0706472 0.0336724 0.0571262 0.0623345 0.0322876 0.0498495 0.0560974 0.0595842 0.0600761 0.0726671 0.0000000 0.0637897 0.0762209 0.0743507 0.0583737 0.0262106 0.0625166 0.0623802 0.0091150 0.0670341 0.0486378 0.0516460 0.0317226 0.0719868 0.0610420 0.0693605 
Pseudochiridae_Pseudochirulus_forbesi        0.0749873 0.1022035 0.0659578 0.0996558 0.0967193 0.1015109 0.0690166 0.0615343 0.0909896 0.1151859 0.0554754 0.0931557 0.0993047 0.0624056 0.0771708 0.0903247 0.1013169 0.0749729 0.1133417 0.0637897 0.0000000 0.1187182 0.0866516 0.0985970 0.0764365 0.0866434 0.0538702 0.0665062 0.0481171 0.0554385 0.0800133 0.0621829 0.1135708 0.1079358 0.1061086 
Didelphidae_Didelphis_virginiana             0.0896458 0.1077317 0.0855039 0.1133401 0.1115329 0.1005902 0.0862882 0.0790047 0.1103823 0.1218958 0.0624445 0.0951352 0.0935264 0.0806086 0.0992873 0.0965821 0.0948474 0.0735841 0.1235593 0.0762209 0.1187182 0.0000000 0.0244224 0.1012570 0.0949948 0.0831538 0.1260881 0.0742423 0.1211498 0.1003702 0.1032251 0.0791131 0.1182013 0.1003719 0.1152739 
Marmosidae_Monodelphis_domestica             0.0651131 0.0784303 0.0605555 0.0965301 0.0849700 0.0712553 0.0631267 0.0563474 0.0815945 0.0853080 0.0569353 0.0688638 0.0716617 0.0577073 0.0720208 0.0701456 0.0699178 0.0672323 0.0921129 0.0743507 0.0866516 0.0244224 0.0000000 0.0713771 0.0680734 0.0768722 0.0814521 0.0751219 0.0888919 0.0656309 0.0756144 0.0568479 0.0848808 0.0724185 0.0839561 
Dasyuridae_Antechinus_stuartii               0.0750201 0.0812479 0.0673144 0.0957687 0.0900956 0.0234267 0.0695165 0.0626720 0.0843215 0.0955716 0.0498819 0.0125619 0.0287944 0.0630215 0.0795871 0.0125884 0.0225758 0.0123840 0.1001645 0.0583737 0.0985970 0.1012570 0.0713771 0.0000000 0.0751073 0.0707875 0.1000442 0.0603023 0.1064853 0.0716299 0.0849300 0.0614152 0.0953721 0.0304299 0.0841389 
Hypsiprymnodontidae_Hypsiprymnodon_moschatus 0.0521873 0.0740480 0.0547994 0.0607212 0.0564852 0.0787393 0.0434153 0.0445552 0.0476206 0.0859801 0.0342250 0.0704113 0.0785876 0.0456056 0.0658575 0.0704650 0.0798642 0.0549330 0.0911876 0.0262106 0.0764365 0.0949948 0.0680734 0.0751073 0.0000000 0.0627137 0.0717631 0.0284295 0.0872274 0.0673229 0.0611430 0.0450357 0.0868427 0.0792664 0.0849682 
Microbiotheriidae_Dromiciops_gliroides       0.0547182 0.0788108 0.0575193 0.0829996 0.0717912 0.0731611 0.0567323 0.0551932 0.0674218 0.0734155 0.0583860 0.0683883 0.0748295 0.0537035 0.0664227 0.0667634 0.0713956 0.0683368 0.0779458 0.0625166 0.0866434 0.0831538 0.0768722 0.0707875 0.0627137 0.0000000 0.0763481 0.0631426 0.0904109 0.0580297 0.0691801 0.0531119 0.0731208 0.0729614 0.0726535 
Pseudochiridae_Petauroides_volans            0.0791712 0.0935008 0.0734698 0.1047305 0.0937832 0.1031202 0.0659470 0.0666585 0.0862426 0.0952585 0.0497658 0.0966192 0.0984305 0.0664666 0.0789085 0.0961239 0.1032197 0.0689459 0.1080637 0.0623802 0.0538702 0.1260881 0.0814521 0.1000442 0.0717631 0.0763481 0.0000000 0.0652655 0.0641332 0.0583537 0.0729697 0.0652460 0.0989821 0.1043418 0.0880525 
Macropodidae_Wallabia_bicolor                0.0380397 0.0682605 0.0460703 0.0337661 0.0251694 0.0625935 0.0353939 0.0335121 0.0208362 0.0731881 0.0365319 0.0590422 0.0642792 0.0340813 0.0491653 0.0580079 0.0615095 0.0595957 0.0753032 0.0091150 0.0665062 0.0742423 0.0751219 0.0603023 0.0284295 0.0631426 0.0652655 0.0000000 0.0686139 0.0507631 0.0529259 0.0335084 0.0745266 0.0629720 0.0719043 
Pseudochiridae_Pseudocheirus_occidentalis    0.0759717 0.1065541 0.0795396 0.1164606 0.0979441 0.1116990 0.0702449 0.0751760 0.0997025 0.1082917 0.0544870 0.1033705 0.1068386 0.0750980 0.0889348 0.1027219 0.1072002 0.0758880 0.1166557 0.0670341 0.0481171 0.1211498 0.0888919 0.1064853 0.0872274 0.0904109 0.0641332 0.0686139 0.0000000 0.0692362 0.0839130 0.0748336 0.1094994 0.1024418 0.1102673 
Tarsipedidae_Tarsipes_rostratus              0.0547899 0.0853015 0.0550515 0.0894048 0.0827961 0.0756785 0.0504129 0.0473687 0.0861937 0.0905793 0.0373295 0.0630530 0.0718875 0.0495856 0.0577430 0.0660274 0.0745016 0.0445414 0.0954997 0.0486378 0.0554385 0.1003702 0.0656309 0.0716299 0.0673229 0.0580297 0.0583537 0.0507631 0.0692362 0.0000000 0.0564398 0.0487593 0.0940535 0.0809312 0.0815596 
Acrobatidae_Distoechurus_pennatus            0.0564579 0.0890454 0.0594195 0.0922855 0.0786189 0.0906432 0.0460346 0.0527283 0.0753381 0.0931264 0.0439830 0.0794173 0.0873040 0.0520210 0.0331655 0.0799198 0.0898467 0.0648012 0.1013207 0.0516460 0.0800133 0.1032251 0.0756144 0.0849300 0.0611430 0.0691801 0.0729697 0.0529259 0.0839130 0.0564398 0.0000000 0.0514203 0.0949592 0.0868851 0.0948769 
Phalangeridae_Phalanger_carmelitae           0.0417823 0.0697104 0.0352037 0.0640631 0.0619228 0.0641062 0.0189627 0.0069180 0.0545910 0.0804168 0.0067002 0.0574534 0.0643103 0.0022879 0.0481275 0.0584597 0.0636980 0.0433721 0.0864135 0.0317226 0.0621829 0.0791131 0.0568479 0.0614152 0.0450357 0.0531119 0.0652460 0.0335084 0.0748336 0.0487593 0.0514203 0.0000000 0.0820363 0.0707853 0.0746163 
Peramelidae_Peroryctes_raffrayana            0.0944723 0.0988464 0.0835129 0.1137867 0.1015467 0.0916053 0.0865349 0.0857773 0.1029923 0.0231525 0.0682850 0.0888552 0.0934353 0.0834216 0.1018589 0.0905269 0.0943982 0.0745211 0.0185650 0.0719868 0.1135708 0.1182013 0.0848808 0.0953721 0.0868427 0.0731208 0.0989821 0.0745266 0.1094994 0.0940535 0.0949592 0.0820363 0.0000000 0.0939805 0.0320658 
Dasyuridae_Dasyurus_geffroii                 0.0719528 0.0830213 0.0745043 0.1014792 0.0886894 0.0121240 0.0656245 0.0723462 0.0891303 0.0891502 0.0512675 0.0251225 0.0355458 0.0709954 0.0856716 0.0251353 0.0162805 0.0106789 0.0981175 0.0610420 0.1079358 0.1003719 0.0724185 0.0304299 0.0792664 0.0729614 0.1043418 0.0629720 0.1024418 0.0809312 0.0868851 0.0707853 0.0939805 0.0000000 0.0965388 
Peramelidae_Perameles_gunnii                 0.0883099 0.0968527 0.0790941 0.1073136 0.1007802 0.0894556 0.0811941 0.0770401 0.0959920 0.0133420 0.0669210 0.0843042 0.0895983 0.0768961 0.0964629 0.0857197 0.0891162 0.0756401 0.0336752 0.0693605 0.1061086 0.1152739 0.0839561 0.0841389 0.0849682 0.0726535 0.0880525 0.0719043 0.1102673 0.0815596 0.0948769 0.0746163 0.0320658 0.0965388 0.0000000 
