35
Burramyidae_Burramys_parvus                  0.0000000 0.0552942 0.0489732 0.0528036 0.0525056 0.0837771 0.0410294 0.0493671 0.0522482 0.0715958 0.0433508 0.0831018 0.0768789 0.0456731 0.0470338 0.0810441 0.0842181 0.0861621 0.0696726 0.0547357 0.0490606 0.0799518 0.0915345 0.0813740 0.0401363 0.0619402 0.0479725 0.0498264 0.0429935 0.0595709 0.0521190 0.0443978 0.0708370 0.0851754 0.0748913 
Notoryctidae_Notoryctes_typhlops             0.0552942 0.0000000 0.0630993 0.0671268 0.0659460 0.0882031 0.0625997 0.0721835 0.0672916 0.0753531 0.0674944 0.0856894 0.0842442 0.0670202 0.0669323 0.0851940 0.0860860 0.0926691 0.0741525 0.0693304 0.0720774 0.0892705 0.0986477 0.0837023 0.0582835 0.0673348 0.0707716 0.0673911 0.0697433 0.0786318 0.0702957 0.0678805 0.0721357 0.0867860 0.0797804 
Vombatidae_Lasiorhinus_latifrons             0.0489732 0.0630993 0.0000000 0.0571691 0.0576606 0.0811043 0.0514526 0.0618616 0.0599542 0.0729722 0.0562006 0.0806531 0.0725252 0.0570044 0.0590051 0.0785404 0.0804211 0.0809717 0.0705898 0.0620347 0.0588444 0.0861315 0.0956503 0.0759136 0.0478916 0.0659432 0.0597853 0.0550847 0.0534327 0.0731155 0.0608613 0.0544365 0.0710991 0.0811721 0.0771599 
Potoroidae_Bettongia_penicillata             0.0528036 0.0671268 0.0571691 0.0000000 0.0069507 0.0887906 0.0560501 0.0681347 0.0125264 0.0775101 0.0600807 0.0878243 0.0792992 0.0638582 0.0593664 0.0862987 0.0885008 0.0902666 0.0776005 0.0282369 0.0642543 0.0892759 0.1014470 0.0835637 0.0370838 0.0696871 0.0587487 0.0197251 0.0607243 0.0699248 0.0643514 0.0625674 0.0801480 0.0892953 0.0813759 
Potoroidae_Bettongia_lesueur                 0.0525056 0.0659460 0.0576606 0.0069507 0.0000000 0.0897253 0.0574988 0.0688692 0.0137672 0.0782280 0.0611003 0.0878146 0.0783273 0.0648853 0.0617130 0.0862888 0.0894366 0.0902006 0.0777823 0.0303837 0.0644276 0.0885996 0.1008479 0.0840637 0.0375980 0.0707464 0.0610942 0.0213867 0.0614151 0.0719707 0.0657740 0.0635897 0.0797886 0.0902307 0.0824490 
Dasyuridae_Dasyurus_maculatus                0.0837771 0.0882031 0.0811043 0.0887906 0.0897253 0.0000000 0.0871191 0.0863453 0.0903148 0.0996606 0.0895190 0.0221334 0.0279464 0.0893124 0.0920598 0.0216399 0.0085809 0.0412882 0.0991441 0.0866701 0.0910210 0.1044774 0.1011177 0.0194907 0.0811001 0.0821802 0.0944480 0.0867568 0.0894730 0.1036976 0.0948438 0.0879131 0.0997170 0.0066099 0.1017720 
Phalangeridae_Trichosurus_vulpecula          0.0410294 0.0625997 0.0514526 0.0560501 0.0574988 0.0871191 0.0000000 0.0274904 0.0557461 0.0779524 0.0219876 0.0876760 0.0817338 0.0220048 0.0466063 0.0860561 0.0873521 0.0913152 0.0763579 0.0574205 0.0506198 0.0774269 0.0883055 0.0843363 0.0452259 0.0654394 0.0498026 0.0531385 0.0447146 0.0649702 0.0570544 0.0208075 0.0756603 0.0871508 0.0806427 
Phalangeridae_Spilocuscus_maculatus          0.0493671 0.0721835 0.0618616 0.0681347 0.0688692 0.0863453 0.0274904 0.0000000 0.0670583 0.0819764 0.0153650 0.0878581 0.0802840 0.0141660 0.0577670 0.0880589 0.0868794 0.0935895 0.0809930 0.0698219 0.0562114 0.0831966 0.0873211 0.0859665 0.0564222 0.0760610 0.0616685 0.0656261 0.0489110 0.0736972 0.0634601 0.0141596 0.0805703 0.0846833 0.0842481 
Potoroidae_Aepyprymnus_rufescens             0.0522482 0.0672916 0.0599542 0.0125264 0.0137672 0.0903148 0.0557461 0.0670583 0.0000000 0.0783917 0.0592476 0.0898424 0.0801560 0.0627243 0.0615785 0.0872480 0.0897394 0.0925744 0.0764479 0.0293168 0.0631306 0.0887986 0.0997809 0.0859418 0.0369242 0.0707715 0.0602508 0.0207055 0.0594814 0.0693024 0.0636201 0.0614237 0.0799461 0.0907738 0.0810791 
Peramelidae_Perameles_nasuta                 0.0715958 0.0753531 0.0729722 0.0775101 0.0782280 0.0996606 0.0779524 0.0819764 0.0783917 0.0000000 0.0772983 0.0974089 0.0963027 0.0773009 0.0793419 0.1009173 0.0999521 0.1090693 0.0115196 0.0867287 0.0824985 0.0957554 0.1144119 0.0945942 0.0742680 0.0833331 0.0813378 0.0748914 0.0785251 0.0827906 0.0782699 0.0783655 0.0159931 0.0977798 0.0000010 
Phalangeridae_Strigocuscus_pelengensis       0.0433508 0.0674944 0.0562006 0.0600807 0.0611003 0.0895190 0.0219876 0.0153650 0.0592476 0.0772983 0.0000000 0.0880326 0.0821161 0.0134033 0.0522647 0.0875416 0.0898032 0.0930822 0.0766737 0.0608581 0.0543386 0.0884196 0.0912960 0.0851870 0.0524455 0.0697447 0.0547021 0.0573747 0.0455045 0.0670170 0.0586291 0.0118188 0.0752085 0.0881712 0.0800904 
Dasyuridae_Phascogale_tapoatafa              0.0831018 0.0856894 0.0806531 0.0878243 0.0878146 0.0221334 0.0876760 0.0878581 0.0898424 0.0974089 0.0880326 0.0000000 0.0246235 0.0885498 0.0929542 0.0067564 0.0221194 0.0383905 0.0965439 0.0862731 0.0911640 0.1016115 0.1012600 0.0132705 0.0790819 0.0852834 0.0947273 0.0878154 0.0882732 0.1021430 0.0895001 0.0880711 0.0986111 0.0217151 0.0981164 
Dasyuridae_Sminthopsis_macroura              0.0768789 0.0842442 0.0725252 0.0792992 0.0783273 0.0279464 0.0817338 0.0802840 0.0801560 0.0963027 0.0821161 0.0246235 0.0000000 0.0829748 0.0884622 0.0249429 0.0292540 0.0257037 0.0921454 0.0770789 0.0851795 0.1002544 0.0983753 0.0219539 0.0720747 0.0823820 0.0884328 0.0780325 0.0811305 0.0983511 0.0870114 0.0821242 0.0956387 0.0287876 0.0947989 
Phalangeridae_Phalanger_orientalis           0.0456731 0.0670202 0.0570044 0.0638582 0.0648853 0.0893124 0.0220048 0.0141660 0.0627243 0.0773009 0.0134033 0.0885498 0.0829748 0.0000000 0.0522489 0.0887954 0.0890894 0.0958496 0.0777726 0.0626157 0.0578959 0.0892944 0.0913806 0.0865521 0.0511979 0.0711747 0.0579924 0.0609312 0.0477703 0.0676570 0.0601780 0.0038338 0.0749181 0.0884150 0.0825982 
Acrobatidae_Acrobates_pygmaeus               0.0470338 0.0669323 0.0590051 0.0593664 0.0617130 0.0920598 0.0466063 0.0577670 0.0615785 0.0793419 0.0522647 0.0929542 0.0884622 0.0522489 0.0000000 0.0912843 0.0908109 0.0995554 0.0781997 0.0653521 0.0556158 0.0879654 0.0994374 0.0915820 0.0505105 0.0708239 0.0552097 0.0593353 0.0517171 0.0647451 0.0360860 0.0509709 0.0791253 0.0901741 0.0821467 
Dasyuridae_Phascogale_calura                 0.0810441 0.0851940 0.0785404 0.0862987 0.0862888 0.0216399 0.0860561 0.0880589 0.0872480 0.1009173 0.0875416 0.0067564 0.0249429 0.0887954 0.0912843 0.0000000 0.0236815 0.0385393 0.0977158 0.0822787 0.0885339 0.1024567 0.0980122 0.0136280 0.0786290 0.0825278 0.0934406 0.0856628 0.0889188 0.1027292 0.0913307 0.0873834 0.1009821 0.0228686 0.1003207 
Dasyuridae_Sarcophilus_harrisii              0.0842181 0.0860860 0.0804211 0.0885008 0.0894366 0.0085809 0.0873521 0.0868794 0.0897394 0.0999521 0.0898032 0.0221194 0.0292540 0.0890894 0.0908109 0.0236815 0.0000000 0.0426801 0.0994424 0.0871855 0.0907474 0.1042780 0.1024607 0.0195467 0.0797537 0.0843391 0.0934121 0.0886827 0.0903724 0.1021890 0.0913436 0.0876878 0.1017609 0.0074013 0.1020843 
Dasyuridae_Planigale_tenuirostris            0.0861621 0.0926691 0.0809717 0.0902666 0.0902006 0.0412882 0.0913152 0.0935895 0.0925744 0.1090693 0.0930822 0.0383905 0.0257037 0.0958496 0.0995554 0.0385393 0.0426801 0.0000000 0.1036606 0.0891001 0.0962912 0.1098128 0.1131428 0.0348068 0.0841134 0.0967671 0.0959179 0.0876737 0.0950717 0.1084418 0.0941194 0.0943033 0.1085552 0.0412864 0.1050460 
Peramelidae_Echymipera_kalubu                0.0696726 0.0741525 0.0705898 0.0776005 0.0777823 0.0991441 0.0763579 0.0809930 0.0764479 0.0115196 0.0766737 0.0965439 0.0921454 0.0777726 0.0781997 0.0977158 0.0994424 0.1036606 0.0000000 0.0842836 0.0836352 0.0997848 0.1147062 0.0936194 0.0698429 0.0773722 0.0819136 0.0751316 0.0752256 0.0863802 0.0812868 0.0778356 0.0086471 0.0981697 0.0156626 
Macropodidae_Dorcopsulus_vanheurni           0.0547357 0.0693304 0.0620347 0.0282369 0.0303837 0.0866701 0.0574205 0.0698219 0.0293168 0.0867287 0.0608581 0.0862731 0.0770789 0.0626157 0.0653521 0.0822787 0.0871855 0.0891001 0.0842836 0.0000000 0.0664578 0.0955574 0.1007303 0.0807396 0.0424463 0.0720373 0.0657214 0.0200248 0.0644876 0.0774157 0.0718491 0.0617624 0.0877836 0.0885819 0.0880071 
Pseudochiridae_Pseudochirulus_forbesi        0.0490606 0.0720774 0.0588444 0.0642543 0.0644276 0.0910210 0.0506198 0.0562114 0.0631306 0.0824985 0.0543386 0.0911640 0.0851795 0.0578959 0.0556158 0.0885339 0.0907474 0.0962912 0.0836352 0.0664578 0.0000000 0.0939930 0.0982793 0.0887798 0.0555398 0.0744258 0.0430377 0.0637642 0.0259183 0.0604761 0.0605493 0.0574801 0.0818798 0.0896392 0.0889671 
Didelphidae_Didelphis_virginiana             0.0799518 0.0892705 0.0861315 0.0892759 0.0885996 0.1044774 0.0774269 0.0831966 0.0887986 0.0957554 0.0884196 0.1016115 0.1002544 0.0892944 0.0879654 0.1024567 0.1042780 0.1098128 0.0997848 0.0955574 0.0939930 0.0000000 0.0456750 0.1014094 0.0856626 0.0881910 0.0955380 0.0915984 0.0831617 0.0979078 0.0924955 0.0879094 0.0923991 0.1054237 0.1033048 
Marmosidae_Monodelphis_domestica             0.0915345 0.0986477 0.0956503 0.1014470 0.1008479 0.1011177 0.0883055 0.0873211 0.0997809 0.1144119 0.0912960 0.1012600 0.0983753 0.0913806 0.0994374 0.0980122 0.1024607 0.1131428 0.1147062 0.1007303 0.0982793 0.0456750 0.0000000 0.0973268 0.0912188 0.0959716 0.1066186 0.1027551 0.0934688 0.1083629 0.1041001 0.0899739 0.1125291 0.1011049 0.1189197 
Dasyuridae_Antechinus_stuartii               0.0813740 0.0837023 0.0759136 0.0835637 0.0840637 0.0194907 0.0843363 0.0859665 0.0859418 0.0945942 0.0851870 0.0132705 0.0219539 0.0865521 0.0915820 0.0136280 0.0195467 0.0348068 0.0936194 0.0807396 0.0887798 0.1014094 0.0973268 0.0000000 0.0774268 0.0825707 0.0914187 0.0831240 0.0877100 0.1007280 0.0892319 0.0851895 0.0965445 0.0190961 0.0957662 
Hypsiprymnodontidae_Hypsiprymnodon_moschatus 0.0401363 0.0582835 0.0478916 0.0370838 0.0375980 0.0811001 0.0452259 0.0564222 0.0369242 0.0742680 0.0524455 0.0790819 0.0720747 0.0511979 0.0505105 0.0786290 0.0797537 0.0841134 0.0698429 0.0424463 0.0555398 0.0856626 0.0912188 0.0774268 0.0000000 0.0648259 0.0490676 0.0353160 0.0525685 0.0635461 0.0541958 0.0516303 0.0730451 0.0806747 0.0753992 
Microbiotheriidae_Dromiciops_gliroides       0.0619402 0.0673348 0.0659432 0.0696871 0.0707464 0.0821802 0.0654394 0.0760610 0.0707715 0.0833331 0.0697447 0.0852834 0.0823820 0.0711747 0.0708239 0.0825278 0.0843391 0.0967671 0.0773722 0.0720373 0.0744258 0.0881910 0.0959716 0.0825707 0.0648259 0.0000000 0.0725183 0.0698696 0.0646812 0.0820785 0.0788939 0.0698634 0.0803396 0.0821310 0.0825925 
Pseudochiridae_Petauroides_volans            0.0479725 0.0707716 0.0597853 0.0587487 0.0610942 0.0944480 0.0498026 0.0616685 0.0602508 0.0813378 0.0547021 0.0947273 0.0884328 0.0579924 0.0552097 0.0934406 0.0934121 0.0959179 0.0819136 0.0657214 0.0430377 0.0955380 0.1066186 0.0914187 0.0490676 0.0725183 0.0000000 0.0612447 0.0384838 0.0582397 0.0579202 0.0567236 0.0814876 0.0935265 0.0878124 
Macropodidae_Wallabia_bicolor                0.0498264 0.0673911 0.0550847 0.0197251 0.0213867 0.0867568 0.0531385 0.0656261 0.0207055 0.0748914 0.0573747 0.0878154 0.0780325 0.0609312 0.0593353 0.0856628 0.0886827 0.0876737 0.0751316 0.0200248 0.0637642 0.0915984 0.1027551 0.0831240 0.0353160 0.0698696 0.0612447 0.0000000 0.0556048 0.0714773 0.0648281 0.0596630 0.0761416 0.0882060 0.0793630 
Pseudochiridae_Pseudocheirus_occidentalis    0.0429935 0.0697433 0.0534327 0.0607243 0.0614151 0.0894730 0.0447146 0.0489110 0.0594814 0.0785251 0.0455045 0.0882732 0.0811305 0.0477703 0.0517171 0.0889188 0.0903724 0.0950717 0.0752256 0.0644876 0.0259183 0.0831617 0.0934688 0.0877100 0.0525685 0.0646812 0.0384838 0.0556048 0.0000000 0.0585922 0.0518873 0.0477884 0.0804384 0.0876559 0.0791371 
Tarsipedidae_Tarsipes_rostratus              0.0595709 0.0786318 0.0731155 0.0699248 0.0719707 0.1036976 0.0649702 0.0736972 0.0693024 0.0827906 0.0670170 0.1021430 0.0983511 0.0676570 0.0647451 0.1027292 0.1021890 0.1084418 0.0863802 0.0774157 0.0604761 0.0979078 0.1083629 0.1007280 0.0635461 0.0820785 0.0582397 0.0714773 0.0585922 0.0000000 0.0693043 0.0672269 0.0847485 0.1013870 0.0896235 
Acrobatidae_Distoechurus_pennatus            0.0521190 0.0702957 0.0608613 0.0643514 0.0657740 0.0948438 0.0570544 0.0634601 0.0636201 0.0782699 0.0586291 0.0895001 0.0870114 0.0601780 0.0360860 0.0913307 0.0913436 0.0941194 0.0812868 0.0718491 0.0605493 0.0924955 0.1041001 0.0892319 0.0541958 0.0788939 0.0579202 0.0648281 0.0518873 0.0693043 0.0000000 0.0588895 0.0775623 0.0934549 0.0843507 
Phalangeridae_Phalanger_carmelitae           0.0443978 0.0678805 0.0544365 0.0625674 0.0635897 0.0879131 0.0208075 0.0141596 0.0614237 0.0783655 0.0118188 0.0880711 0.0821242 0.0038338 0.0509709 0.0873834 0.0876878 0.0943033 0.0778356 0.0617624 0.0574801 0.0879094 0.0899739 0.0851895 0.0516303 0.0698634 0.0567236 0.0596630 0.0477884 0.0672269 0.0588895 0.0000000 0.0760258 0.0870178 0.0821752 
Peramelidae_Peroryctes_raffrayana            0.0708370 0.0721357 0.0710991 0.0801480 0.0797886 0.0997170 0.0756603 0.0805703 0.0799461 0.0159931 0.0752085 0.0986111 0.0956387 0.0749181 0.0791253 0.1009821 0.1017609 0.1085552 0.0086471 0.0877836 0.0818798 0.0923991 0.1125291 0.0965445 0.0730451 0.0803396 0.0814876 0.0761416 0.0804384 0.0847485 0.0775623 0.0760258 0.0000000 0.0989824 0.0160036 
Dasyuridae_Dasyurus_geffroii                 0.0851754 0.0867860 0.0811721 0.0892953 0.0902307 0.0066099 0.0871508 0.0846833 0.0907738 0.0977798 0.0881712 0.0217151 0.0287876 0.0884150 0.0901741 0.0228686 0.0074013 0.0412864 0.0981697 0.0885819 0.0896392 0.1054237 0.1011049 0.0190961 0.0806747 0.0821310 0.0935265 0.0882060 0.0876559 0.1013870 0.0934549 0.0870178 0.0989824 0.0000000 0.1007910 
Peramelidae_Perameles_gunnii                 0.0748913 0.0797804 0.0771599 0.0813759 0.0824490 0.1017720 0.0806427 0.0842481 0.0810791 0.0000010 0.0800904 0.0981164 0.0947989 0.0825982 0.0821467 0.1003207 0.1020843 0.1050460 0.0156626 0.0880071 0.0889671 0.1033048 0.1189197 0.0957662 0.0753992 0.0825925 0.0878124 0.0793630 0.0791371 0.0896235 0.0843507 0.0821752 0.0160036 0.1007910 0.0000000 
