35
Burramyidae_Burramys_parvus                  0.0000000 0.0890615 0.0506741 0.0562233 0.0615508 0.0830732 0.0462186 0.0455689 0.0584844 0.0890235 0.0467937 0.0796465 0.0452927 0.0644887 0.0811667 0.0952687 0.0727767 0.0658221 0.0967076 0.0816348 0.0658913 0.0679935 0.0557400 0.0719758 0.0728031 0.0695490 0.0608902 0.0455747 0.0932051 0.0809716 0.0895729 0.1321211 0.1336480 0.1389494 0.1282838 
Notoryctidae_Notoryctes_typhlops             0.0890615 0.0000000 0.0816827 0.0930008 0.0989300 0.0980274 0.0903977 0.0844974 0.0939660 0.1139822 0.0848475 0.0948961 0.0869721 0.0972689 0.1003594 0.1210936 0.1105697 0.1019083 0.1228297 0.1186611 0.1002599 0.0953642 0.0978148 0.1093925 0.1104886 0.1125368 0.1019715 0.0871201 0.1175298 0.0971442 0.1144891 0.1536447 0.1538273 0.1585404 0.1521884 
Vombatidae_Lasiorhinus_latifrons             0.0506741 0.0816827 0.0000000 0.0586620 0.0646861 0.0759819 0.0509543 0.0489715 0.0592764 0.0828182 0.0506304 0.0719443 0.0500858 0.0672330 0.0759229 0.0893455 0.0737402 0.0718914 0.0947217 0.0822936 0.0648366 0.0674460 0.0602396 0.0725784 0.0806251 0.0795145 0.0642665 0.0499836 0.0898032 0.0743256 0.0845630 0.1198761 0.1213441 0.1247027 0.1162207 
Potoroidae_Bettongia_penicillata             0.0562233 0.0930008 0.0586620 0.0000000 0.0077355 0.0876223 0.0553837 0.0540462 0.0137999 0.0940777 0.0539246 0.0819904 0.0551578 0.0697247 0.0863381 0.1025155 0.0414746 0.0734743 0.0999437 0.0891704 0.0417462 0.0769906 0.0684985 0.0418828 0.0811370 0.0824926 0.0686216 0.0550606 0.1007895 0.0869566 0.0941610 0.1331495 0.1347635 0.1394790 0.1307930 
Potoroidae_Bettongia_lesueur                 0.0615508 0.0989300 0.0646861 0.0077355 0.0000000 0.0933665 0.0607254 0.0586705 0.0200865 0.1017058 0.0584405 0.0908904 0.0605035 0.0764800 0.0924123 0.1093058 0.0405922 0.0793713 0.1069416 0.0963689 0.0428456 0.0834919 0.0752673 0.0405872 0.0864282 0.0899329 0.0749461 0.0603974 0.1080103 0.0926964 0.1011110 0.1449388 0.1479626 0.1506068 0.1409176 
Dasyuridae_Dasyurus_maculatus                0.0830732 0.0980274 0.0759819 0.0876223 0.0933665 0.0000000 0.0817779 0.0786168 0.0867274 0.0954564 0.0814681 0.0280522 0.0793852 0.0968926 0.0095428 0.1057068 0.1045443 0.1030322 0.1084855 0.0922880 0.0966649 0.0818574 0.0946161 0.1038744 0.1119875 0.1031803 0.0950916 0.0801349 0.0989879 0.0034788 0.0962721 0.0343001 0.0343357 0.0451086 0.0316317 
Phalangeridae_Trichosurus_vulpecula          0.0462186 0.0903977 0.0509543 0.0553837 0.0607254 0.0817779 0.0000000 0.0189599 0.0556510 0.0881859 0.0191130 0.0775747 0.0181608 0.0641499 0.0779566 0.0952217 0.0751795 0.0665450 0.0966112 0.0818379 0.0660169 0.0706265 0.0587068 0.0730136 0.0739778 0.0714001 0.0620831 0.0172868 0.0941224 0.0803469 0.0888711 0.1271627 0.1272127 0.1325609 0.1223536 
Phalangeridae_Spilocuscus_maculatus          0.0455689 0.0844974 0.0489715 0.0540462 0.0586705 0.0786168 0.0189599 0.0000000 0.0545964 0.0859334 0.0100339 0.0761826 0.0095505 0.0617926 0.0742049 0.0931483 0.0731072 0.0641687 0.0958121 0.0786692 0.0652797 0.0697704 0.0577413 0.0708614 0.0715762 0.0678701 0.0602150 0.0089859 0.0914166 0.0776314 0.0867359 0.1256798 0.1257295 0.1296842 0.1201768 
Potoroidae_Aepyprymnus_rufescens             0.0584844 0.0939660 0.0592764 0.0137999 0.0200865 0.0867274 0.0556510 0.0545964 0.0000000 0.0946231 0.0542981 0.0836632 0.0554288 0.0699277 0.0843453 0.1044032 0.0440999 0.0736707 0.1008534 0.0903858 0.0421793 0.0768923 0.0692227 0.0425131 0.0823567 0.0820748 0.0681756 0.0553316 0.1004022 0.0860644 0.0946733 0.1324004 0.1353781 0.1385425 0.1295795 
Peramelidae_Perameles_nasuta                 0.0890235 0.1139822 0.0828182 0.0940777 0.1017058 0.0954564 0.0881859 0.0859334 0.0946231 0.0000000 0.0870946 0.0947964 0.0865750 0.0968607 0.0920296 0.0241248 0.1172812 0.1021603 0.1072644 0.0872394 0.1060488 0.0882964 0.0959836 0.1163689 0.1126013 0.1135340 0.0989250 0.0873934 0.0197635 0.0948400 0.0000010 0.1450122 0.1457526 0.1481513 0.1404924 
Phalangeridae_Strigocuscus_pelengensis       0.0467937 0.0848475 0.0506304 0.0539246 0.0584405 0.0814681 0.0191130 0.0100339 0.0542981 0.0870946 0.0000000 0.0786247 0.0077960 0.0619502 0.0777283 0.0944719 0.0719976 0.0653821 0.0969854 0.0804613 0.0657482 0.0695040 0.0589334 0.0714547 0.0727644 0.0697558 0.0615925 0.0077901 0.0930843 0.0800109 0.0870409 0.1303575 0.1290243 0.1328550 0.1250341 
Dasyuridae_Sminthopsis_macroura              0.0796465 0.0948961 0.0719443 0.0819904 0.0908904 0.0280522 0.0775747 0.0761826 0.0836632 0.0947964 0.0786247 0.0000000 0.0765142 0.0917296 0.0307627 0.1046799 0.1006700 0.0973206 0.1044801 0.0945492 0.0931892 0.0823284 0.0899782 0.1002375 0.1078993 0.1019134 0.0913768 0.0770732 0.1000573 0.0277422 0.0949693 0.0425851 0.0420582 0.0368356 0.0392839 
Phalangeridae_Phalanger_orientalis           0.0452927 0.0869721 0.0500858 0.0551578 0.0605035 0.0793852 0.0181608 0.0095505 0.0554288 0.0865750 0.0077960 0.0765142 0.0000000 0.0632923 0.0749429 0.0932188 0.0743173 0.0653298 0.0970947 0.0827910 0.0664301 0.0701434 0.0578983 0.0724531 0.0727437 0.0702919 0.0626422 0.0040410 0.0924400 0.0779590 0.0868800 0.1253494 0.1253987 0.1288586 0.1212643 
Acrobatidae_Acrobates_pygmaeus               0.0644887 0.0972689 0.0672330 0.0697247 0.0764800 0.0968926 0.0641499 0.0617926 0.0699277 0.0968607 0.0619502 0.0917296 0.0632923 0.0000000 0.0976485 0.1015084 0.0859111 0.0659355 0.1088322 0.0884099 0.0805094 0.0807481 0.0613726 0.0861128 0.0759030 0.0701678 0.0309777 0.0642156 0.1008415 0.0958636 0.0980458 0.1548559 0.1536156 0.1492524 0.1493873 
Dasyuridae_Sarcophilus_harrisii              0.0811667 0.1003594 0.0759229 0.0863381 0.0924123 0.0095428 0.0779566 0.0742049 0.0843453 0.0920296 0.0777283 0.0307627 0.0749429 0.0976485 0.0000000 0.1012633 0.1016144 0.1000431 0.1085953 0.0944843 0.0943077 0.0819850 0.0917631 0.1030169 0.1097964 0.1031649 0.0949120 0.0757530 0.0957886 0.0086207 0.0935182 0.0383949 0.0378347 0.0499438 0.0344879 
Peramelidae_Echymipera_kalubu                0.0952687 0.1210936 0.0893455 0.1025155 0.1093058 0.1057068 0.0952217 0.0931483 0.1044032 0.0241248 0.0944719 0.1046799 0.0932188 0.1015084 0.1012633 0.0000000 0.1198282 0.1099623 0.1146280 0.0951136 0.1132564 0.0967772 0.1024646 0.1197192 0.1184414 0.1187920 0.1032718 0.0943842 0.0199003 0.1054025 0.0238424 0.1600112 0.1608904 0.1628557 0.1571842 
Macropodidae_Dorcopsulus_vanheurni           0.0727767 0.1105697 0.0737402 0.0414746 0.0405922 0.1045443 0.0751795 0.0731072 0.0440999 0.1172812 0.0719976 0.1006700 0.0743173 0.0859111 0.1016144 0.1198282 0.0000000 0.0893289 0.1175617 0.1114717 0.0530223 0.0947602 0.0829802 0.0175378 0.0956278 0.1007198 0.0842653 0.0745376 0.1199144 0.1026768 0.1163036 0.1487055 0.1489808 0.1524473 0.1475850 
Pseudochiridae_Pseudochirulus_forbesi        0.0658221 0.1019083 0.0718914 0.0734743 0.0793713 0.1030322 0.0665450 0.0641687 0.0736707 0.1021603 0.0653821 0.0973206 0.0653298 0.0659355 0.1000431 0.1099623 0.0893289 0.0000000 0.1136146 0.0963154 0.0816008 0.0839142 0.0371410 0.0908661 0.0254236 0.0720794 0.0649064 0.0662074 0.1063608 0.1019087 0.1038141 0.1678727 0.1651047 0.1668236 0.1626674 
Didelphidae_Didelphis_virginiana             0.0967076 0.1228297 0.0947217 0.0999437 0.1069416 0.1084855 0.0966112 0.0958121 0.1008534 0.1072644 0.0969854 0.1044801 0.0970947 0.1088322 0.1085953 0.1146280 0.1175617 0.1136146 0.0000000 0.0363632 0.1076409 0.0905176 0.1057991 0.1201596 0.1208904 0.1140299 0.1092843 0.0962299 0.1129949 0.1074781 0.1104581 0.1501526 0.1517943 0.1534877 0.1503750 
Marmosidae_Monodelphis_domestica             0.0816348 0.1186611 0.0822936 0.0891704 0.0963689 0.0922880 0.0818379 0.0786692 0.0903858 0.0872394 0.0804613 0.0945492 0.0827910 0.0884099 0.0944843 0.0951136 0.1114717 0.0963154 0.0363632 0.0000000 0.0996206 0.0769097 0.0889848 0.1069737 0.1098067 0.0960584 0.0930361 0.0830121 0.0886192 0.0907445 0.0913808 0.1080503 0.1072490 0.0983225 0.1043597 
Hypsiprymnodontidae_Hypsiprymnodon_moschatus 0.0658913 0.1002599 0.0648366 0.0417462 0.0428456 0.0966649 0.0660169 0.0652797 0.0421793 0.1060488 0.0657482 0.0931892 0.0664301 0.0805094 0.0943077 0.1132564 0.0530223 0.0816008 0.1076409 0.0996206 0.0000000 0.0791920 0.0747377 0.0503339 0.0884224 0.0927176 0.0780008 0.0666560 0.1106175 0.0959805 0.1052473 0.1485452 0.1516195 0.1543353 0.1452178 
Microbiotheriidae_Dromiciops_gliroides       0.0679935 0.0953642 0.0674460 0.0769906 0.0834919 0.0818574 0.0706265 0.0697704 0.0768923 0.0882964 0.0695040 0.0823284 0.0701434 0.0807481 0.0819850 0.0967772 0.0947602 0.0839142 0.0905176 0.0769097 0.0791920 0.0000000 0.0739864 0.0927059 0.0913838 0.0961124 0.0780704 0.0704116 0.0907974 0.0804225 0.0891258 0.1289665 0.1298587 0.1307190 0.1257401 
Pseudochiridae_Petauroides_volans            0.0557400 0.0978148 0.0602396 0.0684985 0.0752673 0.0946161 0.0587068 0.0577413 0.0692227 0.0959836 0.0589334 0.0899782 0.0578983 0.0613726 0.0917631 0.1024646 0.0829802 0.0371410 0.1057991 0.0889848 0.0747377 0.0739864 0.0000000 0.0875795 0.0423732 0.0633161 0.0575160 0.0596276 0.1010675 0.0925374 0.0953077 0.1547132 0.1532374 0.1441514 0.1492145 
Macropodidae_Wallabia_bicolor                0.0719758 0.1093925 0.0725784 0.0418828 0.0405872 0.1038744 0.0730136 0.0708614 0.0425131 0.1163689 0.0714547 0.1002375 0.0724531 0.0861128 0.1030169 0.1197192 0.0175378 0.0908661 0.1201596 0.1069737 0.0503339 0.0927059 0.0875795 0.0000000 0.0968398 0.0990246 0.0834201 0.0726776 0.1191482 0.1037028 0.1154478 0.1442419 0.1473159 0.1534765 0.1431353 
Pseudochiridae_Pseudocheirus_occidentalis    0.0728031 0.1104886 0.0806251 0.0811370 0.0864282 0.1119875 0.0739778 0.0715762 0.0823567 0.1126013 0.0727644 0.1078993 0.0727437 0.0759030 0.1097964 0.1184414 0.0956278 0.0254236 0.1208904 0.1098067 0.0884224 0.0913838 0.0423732 0.0968398 0.0000000 0.0791332 0.0733195 0.0736683 0.1161075 0.1104436 0.1137293 0.1860588 0.1832005 0.1842077 0.1810181 
Tarsipedidae_Tarsipes_rostratus              0.0695490 0.1125368 0.0795145 0.0824926 0.0899329 0.1031803 0.0714001 0.0678701 0.0820748 0.1135340 0.0697558 0.1019134 0.0702919 0.0701678 0.1031649 0.1187920 0.1007198 0.0720794 0.1140299 0.0960584 0.0927176 0.0961124 0.0633161 0.0990246 0.0791332 0.0000000 0.0727994 0.0698601 0.1180337 0.1033171 0.1151997 0.1613947 0.1591997 0.1636922 0.1600039 
Acrobatidae_Distoechurus_pennatus            0.0608902 0.1019715 0.0642665 0.0686216 0.0749461 0.0950916 0.0620831 0.0602150 0.0681756 0.0989250 0.0615925 0.0913768 0.0626422 0.0309777 0.0949120 0.1032718 0.0842653 0.0649064 0.1092843 0.0930361 0.0780008 0.0780704 0.0575160 0.0834201 0.0733195 0.0727994 0.0000000 0.0615231 0.1015246 0.0935876 0.0996101 0.1464819 0.1472326 0.1460211 0.1430740 
Phalangeridae_Phalanger_carmelitae           0.0455747 0.0871201 0.0499836 0.0550606 0.0603974 0.0801349 0.0172868 0.0089859 0.0553316 0.0873934 0.0077901 0.0770732 0.0040410 0.0642156 0.0757530 0.0943842 0.0745376 0.0662074 0.0962299 0.0830121 0.0666560 0.0704116 0.0596276 0.0726776 0.0736683 0.0698601 0.0615231 0.0000000 0.0936842 0.0787070 0.0876748 0.1252241 0.1252733 0.1281807 0.1204524 
Peramelidae_Peroryctes_raffrayana            0.0932051 0.1175298 0.0898032 0.1007895 0.1080103 0.0989879 0.0941224 0.0914166 0.1004022 0.0197635 0.0930843 0.1000573 0.0924400 0.1008415 0.0957886 0.0199003 0.1199144 0.1063608 0.1129949 0.0886192 0.1106175 0.0907974 0.1010675 0.1191482 0.1161075 0.1180337 0.1015246 0.0936842 0.0000000 0.0990398 0.0194304 0.1456599 0.1456116 0.1473957 0.1415150 
Dasyuridae_Dasyurus_geffroii                 0.0809716 0.0971442 0.0743256 0.0869566 0.0926964 0.0034788 0.0803469 0.0776314 0.0860644 0.0948400 0.0800109 0.0277422 0.0779590 0.0958636 0.0086207 0.1054025 0.1026768 0.1019087 0.1074781 0.0907445 0.0959805 0.0804225 0.0925374 0.1037028 0.1104436 0.1033171 0.0935876 0.0787070 0.0990398 0.0000000 0.0959678 0.0348049 0.0348409 0.0444219 0.0327586 
Peramelidae_Perameles_gunnii                 0.0895729 0.1144891 0.0845630 0.0941610 0.1011110 0.0962721 0.0888711 0.0867359 0.0946733 0.0000010 0.0870409 0.0949693 0.0868800 0.0980458 0.0935182 0.0238424 0.1163036 0.1038141 0.1104581 0.0913808 0.1052473 0.0891258 0.0953077 0.1154478 0.1137293 0.1151997 0.0996101 0.0876748 0.0194304 0.0959678 0.0000000 0.1485468 0.1494212 0.1527499 0.1443457 
Dasyuridae_Phascogale_tapoatafa              0.1321211 0.1536447 0.1198761 0.1331495 0.1449388 0.0343001 0.1271627 0.1256798 0.1324004 0.1450122 0.1303575 0.0425851 0.1253494 0.1548559 0.0383949 0.1600112 0.1487055 0.1678727 0.1501526 0.1080503 0.1485452 0.1289665 0.1547132 0.1442419 0.1860588 0.1613947 0.1464819 0.1252241 0.1456599 0.0348049 0.1485468 0.0000000 0.0040309 0.0403428 0.0104245 
Dasyuridae_Phascogale_calura                 0.1336480 0.1538273 0.1213441 0.1347635 0.1479626 0.0343357 0.1272127 0.1257295 0.1353781 0.1457526 0.1290243 0.0420582 0.1253987 0.1536156 0.0378347 0.1608904 0.1489808 0.1651047 0.1517943 0.1072490 0.1516195 0.1298587 0.1532374 0.1473159 0.1832005 0.1591997 0.1472326 0.1252733 0.1456116 0.0348409 0.1494212 0.0040309 0.0000000 0.0409890 0.0120344 
Dasyuridae_Planigale_tenuirostris            0.1389494 0.1585404 0.1247027 0.1394790 0.1506068 0.0451086 0.1325609 0.1296842 0.1385425 0.1481513 0.1328550 0.0368356 0.1288586 0.1492524 0.0499438 0.1628557 0.1524473 0.1668236 0.1534877 0.0983225 0.1543353 0.1307190 0.1441514 0.1534765 0.1842077 0.1636922 0.1460211 0.1281807 0.1473957 0.0444219 0.1527499 0.0403428 0.0409890 0.0000000 0.0362269 
Dasyuridae_Antechinus_stuartii               0.1282838 0.1521884 0.1162207 0.1307930 0.1409176 0.0316317 0.1223536 0.1201768 0.1295795 0.1404924 0.1250341 0.0392839 0.1212643 0.1493873 0.0344879 0.1571842 0.1475850 0.1626674 0.1503750 0.1043597 0.1452178 0.1257401 0.1492145 0.1431353 0.1810181 0.1600039 0.1430740 0.1204524 0.1415150 0.0327586 0.1443457 0.0104245 0.0120344 0.0362269 0.0000000 
