35
Burramyidae_Burramys_parvus                  0.0000000 0.0819130 0.0244527 0.0331807 0.0340595 0.0295070 0.0168704 0.0197961 0.0386814 0.0386788 0.0149318 0.0295610 0.0303693 0.0181231 0.0295283 0.0295812 0.0286013 0.0285530 0.0469972 0.0327848 0.0393027 0.0684246 0.0625261 0.0315931 0.0419549 0.0276790 0.0257369 0.0302787 0.0359375 0.0342211 0.0404630 0.0186240 0.0389125 0.0295702 0.0374447 
Notoryctidae_Notoryctes_typhlops             0.0819130 0.0000000 0.0850781 0.1007796 0.1011531 0.0810531 0.0814164 0.0835335 0.1041378 0.0834710 0.0795292 0.0813011 0.0820339 0.0827282 0.0997111 0.0813760 0.0806696 0.0794070 0.0888938 0.0959648 0.1087107 0.1159488 0.1099870 0.0808034 0.1095357 0.0867043 0.0942107 0.0941417 0.1033984 0.1085549 0.1163316 0.0826683 0.0898371 0.0829568 0.0841403 
Vombatidae_Lasiorhinus_latifrons             0.0244527 0.0850781 0.0000000 0.0391628 0.0405227 0.0356372 0.0251220 0.0275066 0.0445877 0.0417081 0.0214581 0.0356765 0.0359774 0.0252763 0.0380117 0.0361364 0.0356680 0.0364214 0.0500610 0.0390946 0.0444745 0.0689838 0.0601987 0.0383253 0.0460190 0.0344122 0.0334243 0.0379405 0.0396416 0.0441163 0.0476801 0.0252558 0.0434932 0.0371458 0.0412757 
Potoroidae_Bettongia_penicillata             0.0331807 0.1007796 0.0391628 0.0000000 0.0037573 0.0452454 0.0346926 0.0389598 0.0089397 0.0518538 0.0305923 0.0447517 0.0455923 0.0380723 0.0467727 0.0447847 0.0443047 0.0447500 0.0609194 0.0097407 0.0565775 0.0835595 0.0746283 0.0461178 0.0257702 0.0429339 0.0424290 0.0084591 0.0507395 0.0545763 0.0540990 0.0380406 0.0530854 0.0458822 0.0516634 
Potoroidae_Bettongia_lesueur                 0.0340595 0.1011531 0.0405227 0.0037573 0.0000000 0.0441593 0.0350926 0.0393498 0.0093448 0.0538147 0.0314923 0.0451446 0.0459833 0.0379373 0.0491715 0.0456325 0.0451531 0.0456751 0.0624734 0.0101860 0.0569713 0.0856885 0.0737271 0.0469709 0.0261696 0.0434754 0.0428344 0.0088945 0.0511433 0.0554669 0.0576477 0.0379059 0.0545603 0.0462754 0.0535807 
Dasyuridae_Dasyurus_maculatus                0.0295070 0.0810531 0.0356372 0.0452454 0.0441593 0.0000000 0.0319252 0.0356615 0.0498479 0.0373325 0.0278888 0.0033263 0.0071234 0.0327772 0.0452211 0.0045885 0.0033274 0.0068813 0.0468932 0.0443104 0.0555101 0.0664816 0.0583585 0.0076032 0.0512222 0.0344568 0.0405883 0.0426601 0.0495463 0.0537511 0.0575636 0.0327505 0.0383301 0.0029095 0.0374150 
Phalangeridae_Trichosurus_vulpecula          0.0168704 0.0814164 0.0251220 0.0346926 0.0350926 0.0319252 0.0000000 0.0088270 0.0391161 0.0368580 0.0072544 0.0309997 0.0327531 0.0087561 0.0345459 0.0310208 0.0324399 0.0320055 0.0458574 0.0323274 0.0407895 0.0690714 0.0606893 0.0340900 0.0429339 0.0292298 0.0273062 0.0317628 0.0385313 0.0366714 0.0448429 0.0087494 0.0383687 0.0329518 0.0365091 
Phalangeridae_Spilocuscus_maculatus          0.0197961 0.0835335 0.0275066 0.0389598 0.0393498 0.0356615 0.0088270 0.0000000 0.0420941 0.0422487 0.0046658 0.0341282 0.0350806 0.0069161 0.0349152 0.0346323 0.0346569 0.0339968 0.0530190 0.0373333 0.0373636 0.0750929 0.0657099 0.0370156 0.0483118 0.0315973 0.0330990 0.0365134 0.0377740 0.0383412 0.0475541 0.0069108 0.0427101 0.0363083 0.0408678 
Potoroidae_Aepyprymnus_rufescens             0.0386814 0.1041378 0.0445877 0.0089397 0.0093448 0.0498479 0.0391161 0.0420941 0.0000000 0.0577647 0.0355772 0.0498383 0.0511337 0.0402697 0.0534965 0.0503156 0.0498632 0.0505855 0.0679762 0.0137750 0.0629988 0.0894628 0.0781896 0.0516169 0.0313476 0.0478376 0.0480107 0.0132552 0.0563570 0.0599500 0.0610197 0.0391252 0.0594454 0.0514627 0.0579821 
Peramelidae_Perameles_nasuta                 0.0386788 0.0834710 0.0417081 0.0518538 0.0538147 0.0373325 0.0368580 0.0422487 0.0577647 0.0000000 0.0335876 0.0379063 0.0362765 0.0413020 0.0505239 0.0379337 0.0364093 0.0366145 0.0158392 0.0504238 0.0631037 0.0743508 0.0669297 0.0411757 0.0592296 0.0435815 0.0474134 0.0495722 0.0588871 0.0581492 0.0599548 0.0412670 0.0108983 0.0374547 0.0008479 
Phalangeridae_Strigocuscus_pelengensis       0.0149318 0.0795292 0.0214581 0.0305923 0.0314923 0.0278888 0.0072544 0.0046658 0.0355772 0.0335876 0.0000000 0.0278853 0.0287369 0.0050949 0.0289661 0.0274385 0.0274684 0.0278112 0.0410193 0.0301465 0.0363063 0.0656410 0.0566482 0.0300072 0.0399711 0.0254782 0.0246097 0.0280568 0.0329354 0.0321047 0.0382743 0.0050909 0.0360036 0.0289133 0.0324001 
Dasyuridae_Phascogale_tapoatafa              0.0295610 0.0813011 0.0356765 0.0447517 0.0451446 0.0033263 0.0309997 0.0341282 0.0498383 0.0379063 0.0278853 0.0000000 0.0062839 0.0322839 0.0448205 0.0012426 0.0041725 0.0059591 0.0490830 0.0443026 0.0554985 0.0677041 0.0595335 0.0041933 0.0502377 0.0344519 0.0405817 0.0421712 0.0495367 0.0527417 0.0555488 0.0322577 0.0389089 0.0037552 0.0379762 
Dasyuridae_Sminthopsis_macroura              0.0303693 0.0820339 0.0359774 0.0455923 0.0459833 0.0071234 0.0327531 0.0350806 0.0511337 0.0362765 0.0287369 0.0062839 0.0000000 0.0327428 0.0456026 0.0075656 0.0071403 0.0059351 0.0488350 0.0461142 0.0552161 0.0699541 0.0608064 0.0097766 0.0505800 0.0358321 0.0423765 0.0444262 0.0508499 0.0515638 0.0563846 0.0327162 0.0387992 0.0075640 0.0378218 
Phalangeridae_Phalanger_orientalis           0.0181231 0.0827282 0.0252763 0.0380723 0.0379373 0.0327772 0.0087561 0.0069161 0.0402697 0.0413020 0.0050949 0.0322839 0.0327428 0.0000000 0.0319799 0.0327820 0.0328049 0.0334248 0.0513243 0.0359423 0.0360106 0.0744374 0.0633851 0.0351240 0.0467969 0.0302729 0.0308167 0.0347165 0.0350594 0.0385465 0.0448709 0.0009024 0.0432622 0.0339356 0.0415656 
Acrobatidae_Acrobates_pygmaeus               0.0295283 0.0997111 0.0380117 0.0467727 0.0491715 0.0452211 0.0345459 0.0349152 0.0534965 0.0505239 0.0289661 0.0448205 0.0456026 0.0319799 0.0000000 0.0448537 0.0438285 0.0450904 0.0595672 0.0478728 0.0437588 0.0804398 0.0740944 0.0472382 0.0554285 0.0445991 0.0327822 0.0441498 0.0424128 0.0369587 0.0301517 0.0308950 0.0520541 0.0453222 0.0498372 
Dasyuridae_Phascogale_calura                 0.0295812 0.0813760 0.0361364 0.0447847 0.0456325 0.0045885 0.0310208 0.0346323 0.0503156 0.0379337 0.0274385 0.0012426 0.0075656 0.0327820 0.0448537 0.0000000 0.0045922 0.0073602 0.0491219 0.0443239 0.0555415 0.0677518 0.0595811 0.0046157 0.0502753 0.0339096 0.0406109 0.0422019 0.0495746 0.0527823 0.0555919 0.0327553 0.0394521 0.0050232 0.0380031 
Dasyuridae_Sarcophilus_harrisii              0.0286013 0.0806696 0.0356680 0.0443047 0.0451531 0.0033274 0.0324399 0.0346569 0.0498632 0.0364093 0.0274684 0.0041725 0.0071403 0.0328049 0.0438285 0.0045922 0.0000000 0.0073519 0.0480113 0.0448739 0.0551095 0.0681248 0.0589757 0.0076077 0.0508234 0.0344867 0.0411370 0.0427337 0.0486048 0.0518524 0.0550376 0.0327782 0.0378659 0.0037565 0.0370061 
Dasyuridae_Planigale_tenuirostris            0.0285530 0.0794070 0.0364214 0.0447500 0.0456751 0.0068813 0.0320055 0.0339968 0.0505855 0.0366145 0.0278112 0.0059591 0.0059351 0.0334248 0.0450904 0.0073602 0.0073519 0.0000000 0.0477632 0.0453507 0.0522426 0.0708594 0.0626679 0.0102023 0.0510002 0.0355373 0.0413074 0.0434806 0.0469821 0.0516119 0.0572756 0.0334025 0.0374983 0.0073564 0.0369672 
Peramelidae_Echymipera_kalubu                0.0469972 0.0888938 0.0500610 0.0609194 0.0624734 0.0468932 0.0458574 0.0530190 0.0679762 0.0158392 0.0410193 0.0490830 0.0488350 0.0513243 0.0595672 0.0491219 0.0480113 0.0477632 0.0000000 0.0577859 0.0709108 0.0853164 0.0779079 0.0521065 0.0714554 0.0526639 0.0555569 0.0568962 0.0669202 0.0654965 0.0721338 0.0512777 0.0164973 0.0486072 0.0150011 
Macropodidae_Dorcopsulus_vanheurni           0.0327848 0.0959648 0.0390946 0.0097407 0.0101860 0.0443104 0.0323274 0.0373333 0.0137750 0.0504238 0.0301465 0.0443026 0.0461142 0.0359423 0.0478728 0.0443239 0.0448739 0.0453507 0.0577859 0.0000000 0.0548798 0.0831706 0.0715233 0.0465985 0.0262587 0.0410516 0.0415507 0.0042043 0.0495694 0.0546356 0.0556916 0.0359125 0.0505593 0.0454311 0.0497438 
Pseudochiridae_Pseudochirulus_forbesi        0.0393027 0.1087107 0.0444745 0.0565775 0.0569713 0.0555101 0.0407895 0.0373636 0.0629988 0.0631037 0.0363063 0.0554985 0.0552161 0.0360106 0.0437588 0.0555415 0.0551095 0.0522426 0.0709108 0.0548798 0.0000000 0.0947452 0.0871123 0.0570330 0.0617019 0.0512751 0.0270512 0.0553385 0.0174067 0.0453288 0.0550111 0.0359811 0.0624390 0.0567010 0.0611660 
Didelphidae_Didelphis_virginiana             0.0684246 0.1159488 0.0689838 0.0835595 0.0856885 0.0664816 0.0690714 0.0750929 0.0894628 0.0743508 0.0656410 0.0677041 0.0699541 0.0744374 0.0804398 0.0677518 0.0681248 0.0708594 0.0853164 0.0831706 0.0947452 0.0000000 0.0542434 0.0715434 0.0880440 0.0727624 0.0790112 0.0809130 0.0883851 0.0908212 0.0940403 0.0743701 0.0765968 0.0692765 0.0724711 
Marmosidae_Monodelphis_domestica             0.0625261 0.1099870 0.0601987 0.0746283 0.0737271 0.0583585 0.0606893 0.0657099 0.0781896 0.0669297 0.0566482 0.0595335 0.0608064 0.0633851 0.0740944 0.0595811 0.0589757 0.0626679 0.0779079 0.0715233 0.0871123 0.0542434 0.0000000 0.0643061 0.0780910 0.0658777 0.0707609 0.0727411 0.0851257 0.0854606 0.0859939 0.0633289 0.0710939 0.0600982 0.0652167 
Dasyuridae_Antechinus_stuartii               0.0315931 0.0808034 0.0383253 0.0461178 0.0469709 0.0076032 0.0340900 0.0370156 0.0516169 0.0411757 0.0300072 0.0041933 0.0097766 0.0351240 0.0472382 0.0046157 0.0076077 0.0102023 0.0521065 0.0465985 0.0570330 0.0715434 0.0643061 0.0000000 0.0516482 0.0370942 0.0429156 0.0444387 0.0509894 0.0537899 0.0576740 0.0350951 0.0417861 0.0080544 0.0407377 
Hypsiprymnodontidae_Hypsiprymnodon_moschatus 0.0419549 0.1095357 0.0460190 0.0257702 0.0261696 0.0512222 0.0429339 0.0483118 0.0313476 0.0592296 0.0399711 0.0502377 0.0505800 0.0467969 0.0554285 0.0502753 0.0508234 0.0510002 0.0714554 0.0262587 0.0617019 0.0880440 0.0780910 0.0516482 0.0000000 0.0512577 0.0514315 0.0252526 0.0600304 0.0623422 0.0665927 0.0467578 0.0624734 0.0523710 0.0588048 
Microbiotheriidae_Dromiciops_gliroides       0.0276790 0.0867043 0.0344122 0.0429339 0.0434754 0.0344568 0.0292298 0.0315973 0.0478376 0.0435815 0.0254782 0.0344519 0.0358321 0.0302729 0.0445991 0.0339096 0.0344867 0.0355373 0.0526639 0.0410516 0.0512751 0.0727624 0.0658777 0.0370942 0.0512577 0.0000000 0.0413608 0.0420012 0.0467830 0.0506499 0.0567948 0.0302480 0.0443934 0.0355168 0.0421145 
Pseudochiridae_Petauroides_volans            0.0257369 0.0942107 0.0334243 0.0424290 0.0428344 0.0405883 0.0273062 0.0330990 0.0480107 0.0474134 0.0246097 0.0405817 0.0423765 0.0308167 0.0327822 0.0406109 0.0411370 0.0413074 0.0555569 0.0415507 0.0270512 0.0790112 0.0707609 0.0429156 0.0514315 0.0413608 0.0000000 0.0404159 0.0246478 0.0352715 0.0436031 0.0307916 0.0483080 0.0416805 0.0468298 
Macropodidae_Wallabia_bicolor                0.0302787 0.0941417 0.0379405 0.0084591 0.0088945 0.0426601 0.0317628 0.0365134 0.0132552 0.0495722 0.0280568 0.0421712 0.0444262 0.0347165 0.0441498 0.0422019 0.0427337 0.0434806 0.0568962 0.0042043 0.0553385 0.0809130 0.0727411 0.0444387 0.0252526 0.0420012 0.0404159 0.0000000 0.0488996 0.0518742 0.0528724 0.0346879 0.0495816 0.0437378 0.0489803 
Pseudochiridae_Pseudocheirus_occidentalis    0.0359375 0.1033984 0.0396416 0.0507395 0.0511433 0.0495463 0.0385313 0.0377740 0.0563570 0.0588871 0.0329354 0.0495367 0.0508499 0.0350594 0.0424128 0.0495746 0.0486048 0.0469821 0.0669202 0.0495694 0.0174067 0.0883851 0.0851257 0.0509894 0.0600304 0.0467830 0.0246478 0.0488996 0.0000000 0.0434280 0.0518646 0.0350302 0.0590587 0.0511815 0.0579052 
Tarsipedidae_Tarsipes_rostratus              0.0342211 0.1085549 0.0441163 0.0545763 0.0554669 0.0537511 0.0366714 0.0383412 0.0599500 0.0581492 0.0321047 0.0527417 0.0515638 0.0385465 0.0369587 0.0527823 0.0518524 0.0516119 0.0654965 0.0546356 0.0453288 0.0908212 0.0854606 0.0537899 0.0623422 0.0506499 0.0352715 0.0518742 0.0434280 0.0000000 0.0501649 0.0385144 0.0577529 0.0539325 0.0567783 
Acrobatidae_Distoechurus_pennatus            0.0404630 0.1163316 0.0476801 0.0540990 0.0576477 0.0575636 0.0448429 0.0475541 0.0610197 0.0599548 0.0382743 0.0555488 0.0563846 0.0448709 0.0301517 0.0555919 0.0550376 0.0572756 0.0721338 0.0556916 0.0550111 0.0940403 0.0859939 0.0576740 0.0665927 0.0567948 0.0436031 0.0528724 0.0518646 0.0501649 0.0000000 0.0437085 0.0649453 0.0577584 0.0602090 
Phalangeridae_Phalanger_carmelitae           0.0186240 0.0826683 0.0252558 0.0380406 0.0379059 0.0327505 0.0087494 0.0069108 0.0391252 0.0412670 0.0050909 0.0322577 0.0327162 0.0009024 0.0308950 0.0327553 0.0327782 0.0334025 0.0512777 0.0359125 0.0359811 0.0743701 0.0633289 0.0350951 0.0467578 0.0302480 0.0307916 0.0346879 0.0350302 0.0385144 0.0437085 0.0000000 0.0432242 0.0339143 0.0415310 
Peramelidae_Peroryctes_raffrayana            0.0389125 0.0898371 0.0434932 0.0530854 0.0545603 0.0383301 0.0383687 0.0427101 0.0594454 0.0108983 0.0360036 0.0389089 0.0387992 0.0432622 0.0520541 0.0394521 0.0378659 0.0374983 0.0164973 0.0505593 0.0624390 0.0765968 0.0710939 0.0417861 0.0624734 0.0443934 0.0483080 0.0495816 0.0590587 0.0577529 0.0649453 0.0432242 0.0000000 0.0389367 0.0103226 
Dasyuridae_Dasyurus_geffroii                 0.0295702 0.0829568 0.0371458 0.0458822 0.0462754 0.0029095 0.0329518 0.0363083 0.0514627 0.0374547 0.0289133 0.0037552 0.0075640 0.0339356 0.0453222 0.0050232 0.0037565 0.0073564 0.0486072 0.0454311 0.0567010 0.0692765 0.0600982 0.0080544 0.0523710 0.0355168 0.0416805 0.0437378 0.0511815 0.0539325 0.0577584 0.0339143 0.0389367 0.0000000 0.0375348 
Peramelidae_Perameles_gunnii                 0.0374447 0.0841403 0.0412757 0.0516634 0.0535807 0.0374150 0.0365091 0.0408678 0.0579821 0.0008479 0.0324001 0.0379762 0.0378218 0.0415656 0.0498372 0.0380031 0.0370061 0.0369672 0.0150011 0.0497438 0.0611660 0.0724711 0.0652167 0.0407377 0.0588048 0.0421145 0.0468298 0.0489803 0.0579052 0.0567783 0.0602090 0.0415310 0.0103226 0.0375348 0.0000000 
