35
Burramyidae_Burramys_parvus                  0.0000000 0.1174059 0.1213057 0.1031383 0.1024217 0.1534294 0.0844425 0.0695526 0.1005105 0.1477387 0.0837015 0.1512354 0.1592507 0.0743305 0.1057747 0.1533760 0.1568896 0.1358070 0.1656940 0.1072079 0.1102624 0.1689439 0.1849462 0.1515235 0.1052817 0.1293511 0.1067214 0.1023071 0.1075330 0.1441091 0.1058770 0.0879442 0.1678760 0.1535597 0.1547398 
Notoryctidae_Notoryctes_typhlops             0.1174059 0.0000000 0.1575428 0.1379030 0.1334184 0.1773940 0.1502015 0.1196787 0.1342419 0.1743502 0.1381831 0.1701994 0.1803316 0.1211053 0.1586087 0.1741210 0.1842919 0.1636043 0.1893746 0.1393912 0.1491533 0.2163452 0.1896840 0.1694622 0.1349037 0.1546149 0.1487633 0.1346465 0.1445621 0.1972245 0.1540536 0.1290890 0.1866977 0.1740957 0.1759972 
Vombatidae_Lasiorhinus_latifrons             0.1213057 0.1575428 0.0000000 0.1080638 0.1050026 0.1547070 0.1487318 0.1139559 0.1100205 0.1940821 0.0999846 0.1540019 0.1516651 0.1173622 0.1065795 0.1554745 0.1638647 0.1431938 0.1636283 0.1048125 0.1152227 0.2334964 0.1754692 0.1561873 0.1023244 0.1189889 0.1104723 0.1020819 0.1107208 0.1535255 0.1056459 0.0892050 0.1630962 0.1583611 0.1951616 
Potoroidae_Bettongia_penicillata             0.1031383 0.1379030 0.1080638 0.0000000 0.0050663 0.1542611 0.1327879 0.0967345 0.0137171 0.1823986 0.0933780 0.1530158 0.1561146 0.0977096 0.0951026 0.1544797 0.1630514 0.1345499 0.1492993 0.0325220 0.0970616 0.2135543 0.1648327 0.1554173 0.0521436 0.1275231 0.0971767 0.0326901 0.0943197 0.1359764 0.0956823 0.0840475 0.1576896 0.1588205 0.1824155 
Potoroidae_Bettongia_lesueur                 0.1024217 0.1334184 0.1050026 0.0050663 0.0000000 0.1546969 0.1308654 0.0948607 0.0126403 0.1810250 0.0914060 0.1534569 0.1552251 0.0958340 0.0931252 0.1549142 0.1625903 0.1338969 0.1489234 0.0320303 0.0962418 0.2122596 0.1629883 0.1557849 0.0505513 0.1255736 0.0946276 0.0309650 0.0928324 0.1353799 0.0942611 0.0817218 0.1573786 0.1591412 0.1811103 
Dasyuridae_Dasyurus_maculatus                0.1534294 0.1773940 0.1547070 0.1542611 0.1546969 0.0000000 0.1865684 0.1489322 0.1586274 0.2159297 0.1422016 0.0270053 0.0424172 0.1533943 0.1477662 0.0272862 0.0096203 0.0437723 0.1858083 0.1556343 0.1525112 0.2495780 0.1960194 0.0271585 0.1559690 0.1438947 0.1487982 0.1546714 0.1485997 0.1923471 0.1545839 0.1330846 0.1858920 0.0063763 0.2163898 
Phalangeridae_Trichosurus_vulpecula          0.0844425 0.1502015 0.1487318 0.1327879 0.1308654 0.1865684 0.0000000 0.0537872 0.1296629 0.1816804 0.0723920 0.1805143 0.1876917 0.0649045 0.1342156 0.1811845 0.1947347 0.1610103 0.1952422 0.1358981 0.1380455 0.2089635 0.2285161 0.1812440 0.1278243 0.1599038 0.1305234 0.1299833 0.1349606 0.1802820 0.1308717 0.0846485 0.2029947 0.1889062 0.1875968 
Phalangeridae_Spilocuscus_maculatus          0.0695526 0.1196787 0.1139559 0.0967345 0.0948607 0.1489322 0.0537872 0.0000000 0.0953921 0.1606719 0.0302178 0.1442148 0.1481983 0.0243673 0.0969338 0.1461047 0.1559215 0.1304836 0.1595005 0.1005256 0.1049157 0.1860469 0.1749612 0.1444139 0.0982150 0.1271870 0.1030691 0.0967168 0.1044170 0.1451860 0.0994921 0.0377669 0.1625377 0.1486478 0.1621114 
Potoroidae_Aepyprymnus_rufescens             0.1005105 0.1342419 0.1100205 0.0137171 0.0126403 0.1586274 0.1296629 0.0953921 0.0000000 0.1757056 0.0927947 0.1560146 0.1577990 0.0963237 0.0996099 0.1579472 0.1640770 0.1355613 0.1465166 0.0329576 0.1002995 0.2153127 0.1689389 0.1565630 0.0535314 0.1264225 0.0981816 0.0327531 0.0972085 0.1342660 0.0952942 0.0838085 0.1566579 0.1607985 0.1776840 
Peramelidae_Perameles_nasuta                 0.1477387 0.1743502 0.1940821 0.1823986 0.1810250 0.2159297 0.1816804 0.1606719 0.1757056 0.0000000 0.1717609 0.2049978 0.2132960 0.1692401 0.1982679 0.2093515 0.2194532 0.1821836 0.0426368 0.1786419 0.1943864 0.2276934 0.2358449 0.2066794 0.1850401 0.1992362 0.1891326 0.1776326 0.1942797 0.2321999 0.1968831 0.1776998 0.0417839 0.2143760 0.0050944 
Phalangeridae_Strigocuscus_pelengensis       0.0837015 0.1381831 0.0999846 0.0933780 0.0914060 0.1422016 0.0723920 0.0302178 0.0927947 0.1717609 0.0000000 0.1348498 0.1362633 0.0394978 0.0852076 0.1350603 0.1471142 0.1341466 0.1576973 0.0935479 0.0960713 0.2044613 0.1712554 0.1340972 0.0930535 0.1165835 0.0930292 0.0905359 0.0964238 0.1375155 0.0902828 0.0302195 0.1618709 0.1436876 0.1719826 
Dasyuridae_Phascogale_tapoatafa              0.1512354 0.1701994 0.1540019 0.1530158 0.1534569 0.0270053 0.1805143 0.1442148 0.1560146 0.2049978 0.1348498 0.0000000 0.0406095 0.1483973 0.1454618 0.0048331 0.0322242 0.0438856 0.1760926 0.1513870 0.1505214 0.2498370 0.1954897 0.0140640 0.1509767 0.1408567 0.1454340 0.1494665 0.1497309 0.1936321 0.1535582 0.1293355 0.1786123 0.0298363 0.2059927 
Dasyuridae_Sminthopsis_macroura              0.1592507 0.1803316 0.1516651 0.1561146 0.1552251 0.0424172 0.1876917 0.1481983 0.1577990 0.2132960 0.1362633 0.0406095 0.0000000 0.1525286 0.1464418 0.0415753 0.0449698 0.0281183 0.1864571 0.1538469 0.1499005 0.2485724 0.2048059 0.0397106 0.1531753 0.1442693 0.1467794 0.1519367 0.1445660 0.1910284 0.1536370 0.1310107 0.1816623 0.0450347 0.2137475 
Phalangeridae_Phalanger_orientalis           0.0743305 0.1211053 0.1173622 0.0977096 0.0958340 0.1533943 0.0649045 0.0243673 0.0963237 0.1692401 0.0394978 0.1483973 0.1525286 0.0000000 0.1021491 0.1503089 0.1604897 0.1374338 0.1637258 0.1019756 0.1109812 0.1928673 0.1864628 0.1480649 0.0988584 0.1313652 0.1069526 0.0979964 0.1103822 0.1532388 0.1044503 0.0319065 0.1665711 0.1565015 0.1701594 
Acrobatidae_Acrobates_pygmaeus               0.1057747 0.1586087 0.1065795 0.0951026 0.0931252 0.1477662 0.1342156 0.0969338 0.0996099 0.1982679 0.0852076 0.1454618 0.1464418 0.1021491 0.0000000 0.1461294 0.1559392 0.1405197 0.1645282 0.0950090 0.0748791 0.2224815 0.1640807 0.1431993 0.0897040 0.1134914 0.0721350 0.0901084 0.0723462 0.1150883 0.0393789 0.0720075 0.1620172 0.1501199 0.1992469 
Dasyuridae_Phascogale_calura                 0.1533760 0.1741210 0.1554745 0.1544797 0.1549142 0.0272862 0.1811845 0.1461047 0.1579472 0.2093515 0.1350603 0.0048331 0.0415753 0.1503089 0.1461294 0.0000000 0.0325126 0.0438818 0.1786570 0.1538239 0.1509777 0.2529137 0.1965142 0.0143187 0.1534070 0.1419321 0.1483768 0.1528282 0.1502518 0.1942504 0.1554907 0.1311173 0.1808854 0.0311085 0.2103676 
Dasyuridae_Sarcophilus_harrisii              0.1568896 0.1842919 0.1638647 0.1630514 0.1625903 0.0096203 0.1947347 0.1559215 0.1640770 0.2194532 0.1471142 0.0322242 0.0449698 0.1604897 0.1559392 0.0325126 0.0000000 0.0461565 0.1906972 0.1619991 0.1614507 0.2526518 0.2004389 0.0305240 0.1634721 0.1497725 0.1555779 0.1619494 0.1555250 0.1965542 0.1599025 0.1389477 0.1929036 0.0107677 0.2206717 
Dasyuridae_Planigale_tenuirostris            0.1358070 0.1636043 0.1431938 0.1345499 0.1338969 0.0437723 0.1610103 0.1304836 0.1355613 0.1821836 0.1341466 0.0438856 0.0281183 0.1374338 0.1405197 0.0438818 0.0461565 0.0000000 0.1692916 0.1363048 0.1436149 0.2225939 0.1827375 0.0392818 0.1409243 0.1379177 0.1411998 0.1346614 0.1418314 0.1724066 0.1493613 0.1245694 0.1698351 0.0449171 0.1839642 
Peramelidae_Echymipera_kalubu                0.1656940 0.1893746 0.1636283 0.1492993 0.1489234 0.1858083 0.1952422 0.1595005 0.1465166 0.0426368 0.1576973 0.1760926 0.1864571 0.1637258 0.1645282 0.1786570 0.1906972 0.1692916 0.0000000 0.1471553 0.1615034 0.2550392 0.2039615 0.1808049 0.1527482 0.1648818 0.1549444 0.1451453 0.1619114 0.2023496 0.1646910 0.1397716 0.0253651 0.1856712 0.0418152 
Macropodidae_Dorcopsulus_vanheurni           0.1072079 0.1393912 0.1048125 0.0325220 0.0320303 0.1556343 0.1358981 0.1005256 0.0329576 0.1786419 0.0935479 0.1513870 0.1538469 0.1019756 0.0950090 0.1538239 0.1619991 0.1363048 0.1471553 0.0000000 0.0993380 0.2143690 0.1605834 0.1524225 0.0473093 0.1202935 0.0963005 0.0131164 0.0937210 0.1457845 0.0934105 0.0798212 0.1519432 0.1585044 0.1788519 
Pseudochiridae_Pseudochirulus_forbesi        0.1102624 0.1491533 0.1152227 0.0970616 0.0962418 0.1525112 0.1380455 0.1049157 0.1002995 0.1943864 0.0960713 0.1505214 0.1499005 0.1109812 0.0748791 0.1509777 0.1614507 0.1436149 0.1615034 0.0993380 0.0000000 0.2178182 0.1624345 0.1486922 0.1013596 0.1137482 0.0422042 0.0942617 0.0221312 0.1110260 0.0746404 0.0810547 0.1587429 0.1569594 0.1958679 
Didelphidae_Didelphis_virginiana             0.1689439 0.2163452 0.2334964 0.2135543 0.2122596 0.2495780 0.2089635 0.1860469 0.2153127 0.2276934 0.2044613 0.2498370 0.2485724 0.1928673 0.2224815 0.2529137 0.2526518 0.2225939 0.2550392 0.2143690 0.2178182 0.0000000 0.0977225 0.2524866 0.2145024 0.2048553 0.2218693 0.2114086 0.2111252 0.2564240 0.2123786 0.2026438 0.2612698 0.2472070 0.2400848 
Marmosidae_Monodelphis_domestica             0.1849462 0.1896840 0.1754692 0.1648327 0.1629883 0.1960194 0.2285161 0.1749612 0.1689389 0.2358449 0.1712554 0.1954897 0.2048059 0.1864628 0.1640807 0.1965142 0.2004389 0.1827375 0.2039615 0.1605834 0.1624345 0.0977225 0.0000000 0.1995447 0.1581624 0.1503889 0.1702926 0.1551334 0.1608289 0.2116697 0.1554856 0.1493725 0.2045408 0.2023663 0.2366944 
Dasyuridae_Antechinus_stuartii               0.1515235 0.1694622 0.1561873 0.1554173 0.1557849 0.0271585 0.1812440 0.1444139 0.1565630 0.2066794 0.1340972 0.0140640 0.0397106 0.1480649 0.1431993 0.0143187 0.0305240 0.0392818 0.1808049 0.1524225 0.1486922 0.2524866 0.1995447 0.0000000 0.1511139 0.1426459 0.1416155 0.1509659 0.1464202 0.1860830 0.1522537 0.1293666 0.1806715 0.0293548 0.2072880 
Hypsiprymnodontidae_Hypsiprymnodon_moschatus 0.1052817 0.1349037 0.1023244 0.0521436 0.0505513 0.1559690 0.1278243 0.0982150 0.0535314 0.1850401 0.0930535 0.1509767 0.1531753 0.0988584 0.0897040 0.1534070 0.1634721 0.1409243 0.1527482 0.0473093 0.1013596 0.2145024 0.1581624 0.1511139 0.0000000 0.1174630 0.0961955 0.0457685 0.0983478 0.1465178 0.0929534 0.0756724 0.1574490 0.1587264 0.1860606 
Microbiotheriidae_Dromiciops_gliroides       0.1293511 0.1546149 0.1189889 0.1275231 0.1255736 0.1438947 0.1599038 0.1271870 0.1264225 0.1992362 0.1165835 0.1408567 0.1442693 0.1313652 0.1134914 0.1419321 0.1497725 0.1379177 0.1648818 0.1202935 0.1137482 0.2048553 0.1503889 0.1426459 0.1174630 0.0000000 0.1181386 0.1173608 0.1161180 0.1542535 0.1107110 0.1002497 0.1663923 0.1505231 0.2001308 
Pseudochiridae_Petauroides_volans            0.1067214 0.1487633 0.1104723 0.0971767 0.0946276 0.1487982 0.1305234 0.1030691 0.0981816 0.1891326 0.0930292 0.1454340 0.1467794 0.1069526 0.0721350 0.1483768 0.1555779 0.1411998 0.1549444 0.0963005 0.0422042 0.2218693 0.1702926 0.1416155 0.0961955 0.1181386 0.0000000 0.0920798 0.0385428 0.1076399 0.0759420 0.0781847 0.1595782 0.1515654 0.1906408 
Macropodidae_Wallabia_bicolor                0.1023071 0.1346465 0.1020819 0.0326901 0.0309650 0.1546714 0.1299833 0.0967168 0.0327531 0.1776326 0.0905359 0.1494665 0.1519367 0.0979964 0.0901084 0.1528282 0.1619494 0.1346614 0.1451453 0.0131164 0.0942617 0.2114086 0.1551334 0.1509659 0.0457685 0.1173608 0.0920798 0.0000000 0.0887964 0.1412703 0.0901772 0.0777570 0.1512985 0.1579598 0.1780718 
Pseudochiridae_Pseudocheirus_occidentalis    0.1075330 0.1445621 0.1107208 0.0943197 0.0928324 0.1485997 0.1349606 0.1044170 0.0972085 0.1942797 0.0964238 0.1497309 0.1445660 0.1103822 0.0723462 0.1502518 0.1555250 0.1418314 0.1619114 0.0937210 0.0221312 0.2111252 0.1608289 0.1464202 0.0983478 0.1161180 0.0385428 0.0887964 0.0000000 0.1073601 0.0719083 0.0802775 0.1637302 0.1510196 0.1950976 
Tarsipedidae_Tarsipes_rostratus              0.1441091 0.1972245 0.1535255 0.1359764 0.1353799 0.1923471 0.1802820 0.1451860 0.1342660 0.2321999 0.1375155 0.1936321 0.1910284 0.1532388 0.1150883 0.1942504 0.1965542 0.1724066 0.2023496 0.1457845 0.1110260 0.2564240 0.2116697 0.1860830 0.1465178 0.1542535 0.1076399 0.1412703 0.1073601 0.0000000 0.1182054 0.1296039 0.2016510 0.1936069 0.2325050 
Acrobatidae_Distoechurus_pennatus            0.1058770 0.1540536 0.1056459 0.0956823 0.0942611 0.1545839 0.1308717 0.0994921 0.0952942 0.1968831 0.0902828 0.1535582 0.1536370 0.1044503 0.0393789 0.1554907 0.1599025 0.1493613 0.1646910 0.0934105 0.0746404 0.2123786 0.1554856 0.1522537 0.0929534 0.1107110 0.0759420 0.0901772 0.0719083 0.1182054 0.0000000 0.0743521 0.1652769 0.1567250 0.1962844 
Phalangeridae_Phalanger_carmelitae           0.0879442 0.1290890 0.0892050 0.0840475 0.0817218 0.1330846 0.0846485 0.0377669 0.0838085 0.1776998 0.0302195 0.1293355 0.1310107 0.0319065 0.0720075 0.1311173 0.1389477 0.1245694 0.1397716 0.0798212 0.0810547 0.2026438 0.1493725 0.1293666 0.0756724 0.1002497 0.0781847 0.0777570 0.0802775 0.1296039 0.0743521 0.0000000 0.1437204 0.1347066 0.1788697 
Peramelidae_Peroryctes_raffrayana            0.1678760 0.1866977 0.1630962 0.1576896 0.1573786 0.1858920 0.2029947 0.1625377 0.1566579 0.0417839 0.1618709 0.1786123 0.1816623 0.1665711 0.1620172 0.1808854 0.1929036 0.1698351 0.0253651 0.1519432 0.1587429 0.2612698 0.2045408 0.1806715 0.1574490 0.1663923 0.1595782 0.1512985 0.1637302 0.2016510 0.1652769 0.1437204 0.0000000 0.1900247 0.0406176 
Dasyuridae_Dasyurus_geffroii                 0.1535597 0.1740957 0.1583611 0.1588205 0.1591412 0.0063763 0.1889062 0.1486478 0.1607985 0.2143760 0.1436876 0.0298363 0.0450347 0.1565015 0.1501199 0.0311085 0.0107677 0.0449171 0.1856712 0.1585044 0.1569594 0.2472070 0.2023663 0.0293548 0.1587264 0.1505231 0.1515654 0.1579598 0.1510196 0.1936069 0.1567250 0.1347066 0.1900247 0.0000000 0.2168812 
Peramelidae_Perameles_gunnii                 0.1547398 0.1759972 0.1951616 0.1824155 0.1811103 0.2163898 0.1875968 0.1621114 0.1776840 0.0050944 0.1719826 0.2059927 0.2137475 0.1701594 0.1992469 0.2103676 0.2206717 0.1839642 0.0418152 0.1788519 0.1958679 0.2400848 0.2366944 0.2072880 0.1860606 0.2001308 0.1906408 0.1780718 0.1950976 0.2325050 0.1962844 0.1788697 0.0406176 0.2168812 0.0000000 
