35
Burramyidae_Burramys_parvus                  0.0000000 0.0849964 0.0493467 0.0472716 0.0675337 0.0693321 0.0489035 0.0548765 0.0774703 0.1000752 0.0528225 0.0767246 0.0729174 0.0510196 0.0636523 0.0742820 0.0757288 0.0794742 0.0982992 0.0790110 0.0712385 0.1058819 0.0992615 0.0759048 0.0556026 0.0929788 0.0571178 0.0479125 0.0649566 0.0799880 0.0615767 0.0528235 0.1033423 0.0695751 0.1023249 
Notoryctidae_Notoryctes_typhlops             0.0849964 0.0000000 0.0728970 0.0803292 0.1022638 0.0922239 0.0719138 0.0873667 0.1061408 0.1065423 0.0835799 0.0998835 0.0970765 0.0786769 0.0848311 0.0972914 0.1028893 0.0961528 0.1057031 0.1068751 0.1054543 0.1236169 0.1139905 0.0995061 0.0800459 0.0959526 0.0912249 0.0799216 0.1130779 0.1041623 0.0892897 0.0801008 0.1089921 0.0966486 0.1095990 
Vombatidae_Lasiorhinus_latifrons             0.0493467 0.0728970 0.0000000 0.0456426 0.0620937 0.0562479 0.0425574 0.0544262 0.0689101 0.0804253 0.0469564 0.0642848 0.0581979 0.0463988 0.0550709 0.0613446 0.0603797 0.0622160 0.0790599 0.0706586 0.0720571 0.0912885 0.0809769 0.0624034 0.0478426 0.0722577 0.0562855 0.0441049 0.0690701 0.0714866 0.0544780 0.0487646 0.0838986 0.0564241 0.0818334 
Potoroidae_Bettongia_penicillata             0.0472716 0.0803292 0.0456426 0.0000000 0.0249081 0.0653450 0.0443547 0.0512466 0.0399672 0.0833199 0.0511601 0.0713291 0.0695624 0.0449737 0.0563179 0.0682896 0.0724270 0.0727336 0.0857906 0.0487025 0.0780467 0.0927874 0.0882466 0.0704372 0.0380817 0.0831849 0.0538036 0.0215033 0.0685636 0.0696666 0.0544854 0.0473050 0.0859443 0.0671495 0.0839551 
Potoroidae_Bettongia_lesueur                 0.0675337 0.1022638 0.0620937 0.0249081 0.0000000 0.0867456 0.0637261 0.0725588 0.0262469 0.1067739 0.0680236 0.0906705 0.0890750 0.0646320 0.0789139 0.0873440 0.0974140 0.0951949 0.1048825 0.0568573 0.1014665 0.1204917 0.1163160 0.0909076 0.0576145 0.1073930 0.0755995 0.0380723 0.0933119 0.0945110 0.0766167 0.0670424 0.1065659 0.0888296 0.1071102 
Dasyuridae_Dasyurus_maculatus                0.0693321 0.0922239 0.0562479 0.0653450 0.0867456 0.0000000 0.0649018 0.0724655 0.0877472 0.0880933 0.0738433 0.0187595 0.0158749 0.0669747 0.0708307 0.0152265 0.0081196 0.0178161 0.0950163 0.0968979 0.0925984 0.1073793 0.1081042 0.0153280 0.0717766 0.0912506 0.0752333 0.0681610 0.0907584 0.0909946 0.0712865 0.0694908 0.0935703 0.0055317 0.0928146 
Phalangeridae_Trichosurus_vulpecula          0.0489035 0.0719138 0.0425574 0.0443547 0.0637261 0.0649018 0.0000000 0.0262896 0.0727245 0.0801598 0.0201542 0.0754195 0.0697804 0.0201871 0.0484092 0.0709160 0.0718878 0.0724665 0.0787177 0.0711861 0.0686026 0.0909007 0.0842636 0.0706287 0.0461360 0.0809695 0.0490808 0.0451056 0.0630028 0.0678353 0.0500400 0.0218737 0.0851141 0.0652805 0.0814649 
Phalangeridae_Spilocuscus_maculatus          0.0548765 0.0873667 0.0544262 0.0512466 0.0725588 0.0724655 0.0262896 0.0000000 0.0821897 0.0952351 0.0130673 0.0828768 0.0770851 0.0101599 0.0565202 0.0784106 0.0765408 0.0801370 0.0931460 0.0861660 0.0792600 0.1003937 0.0894114 0.0782925 0.0544849 0.0941620 0.0561305 0.0522014 0.0712784 0.0824720 0.0570342 0.0113691 0.0980885 0.0754329 0.0924138 
Potoroidae_Aepyprymnus_rufescens             0.0774703 0.1061408 0.0689101 0.0399672 0.0262469 0.0877472 0.0727245 0.0821897 0.0000000 0.1098996 0.0768322 0.0917215 0.0925265 0.0722457 0.0825493 0.0873876 0.1012269 0.0988522 0.1094898 0.0622546 0.1015307 0.1245078 0.1207871 0.0920053 0.0628103 0.1085504 0.0795855 0.0463139 0.0935601 0.0989779 0.0809293 0.0746636 0.1060899 0.0914255 0.1090668 
Peramelidae_Perameles_nasuta                 0.1000752 0.1065423 0.0804253 0.0833199 0.1067739 0.0880933 0.0801598 0.0952351 0.1098996 0.0000000 0.0891677 0.0948507 0.0950293 0.0832754 0.0967724 0.0916498 0.0979313 0.1030333 0.0207684 0.1131566 0.1147874 0.1259099 0.1229233 0.0905792 0.0948608 0.1102971 0.0940611 0.0832265 0.1261229 0.1135793 0.0900382 0.0852181 0.0217904 0.0892563 0.0011433 
Phalangeridae_Strigocuscus_pelengensis       0.0528225 0.0835799 0.0469564 0.0511601 0.0680236 0.0738433 0.0201542 0.0130673 0.0768322 0.0891677 0.0000000 0.0820027 0.0758518 0.0075076 0.0541979 0.0770650 0.0817177 0.0788633 0.0901160 0.0725686 0.0695051 0.0952861 0.0852673 0.0774356 0.0515167 0.0875905 0.0551866 0.0483266 0.0650275 0.0786225 0.0509739 0.0086332 0.0974431 0.0740981 0.0916045 
Dasyuridae_Phascogale_tapoatafa              0.0767246 0.0998835 0.0642848 0.0713291 0.0906705 0.0187595 0.0754195 0.0828768 0.0917215 0.0948507 0.0820027 0.0000000 0.0219057 0.0746912 0.0780993 0.0044125 0.0232753 0.0269784 0.0986869 0.1023509 0.0994079 0.1149493 0.1190430 0.0101413 0.0795645 0.0956155 0.0839796 0.0736143 0.0967319 0.0972615 0.0746956 0.0772410 0.0963599 0.0212265 0.0996719 
Dasyuridae_Sminthopsis_macroura              0.0729174 0.0970765 0.0581979 0.0695624 0.0890750 0.0158749 0.0697804 0.0770851 0.0925265 0.0950293 0.0758518 0.0219057 0.0000000 0.0689590 0.0774644 0.0194832 0.0212870 0.0159964 0.1007655 0.1022818 0.0997765 0.1145543 0.1122141 0.0196243 0.0752508 0.0941214 0.0809711 0.0716042 0.0958513 0.0950583 0.0755276 0.0722983 0.1015812 0.0171291 0.1005773 
Phalangeridae_Phalanger_orientalis           0.0510196 0.0786769 0.0463988 0.0449737 0.0646320 0.0669747 0.0201871 0.0101599 0.0722457 0.0832754 0.0075076 0.0746912 0.0689590 0.0000000 0.0546206 0.0701607 0.0743033 0.0718006 0.0840736 0.0722280 0.0732317 0.0889684 0.0790776 0.0699040 0.0481000 0.0816830 0.0511338 0.0443859 0.0657263 0.0731065 0.0521250 0.0005497 0.0899761 0.0673705 0.0859857 
Acrobatidae_Acrobates_pygmaeus               0.0636523 0.0848311 0.0550709 0.0563179 0.0789139 0.0708307 0.0484092 0.0565202 0.0825493 0.0967724 0.0541979 0.0780993 0.0774644 0.0546206 0.0000000 0.0732732 0.0756274 0.0731161 0.0965558 0.0810408 0.0750631 0.1031816 0.0921899 0.0755028 0.0610224 0.0871397 0.0508286 0.0563995 0.0748134 0.0758171 0.0342836 0.0577469 0.1019429 0.0710706 0.0964153 
Dasyuridae_Phascogale_calura                 0.0742820 0.0972914 0.0613446 0.0682896 0.0873440 0.0152265 0.0709160 0.0784106 0.0873876 0.0916498 0.0770650 0.0044125 0.0194832 0.0701607 0.0732732 0.0000000 0.0198672 0.0229684 0.0970788 0.0988315 0.0945177 0.1113176 0.1135537 0.0084161 0.0762864 0.0930412 0.0792960 0.0705467 0.0919892 0.0938443 0.0716029 0.0726940 0.0954366 0.0176417 0.0962825 
Dasyuridae_Sarcophilus_harrisii              0.0757288 0.1028893 0.0603797 0.0724270 0.0974140 0.0081196 0.0718878 0.0765408 0.1012269 0.0979313 0.0817177 0.0232753 0.0212870 0.0743033 0.0756274 0.0198672 0.0000000 0.0223430 0.1020612 0.1106075 0.1023425 0.1166931 0.1170297 0.0193539 0.0818602 0.0990422 0.0820363 0.0774433 0.0960025 0.1010135 0.0782489 0.0779827 0.1013519 0.0113727 0.0952747 
Dasyuridae_Planigale_tenuirostris            0.0794742 0.0961528 0.0622160 0.0727336 0.0951949 0.0178161 0.0724665 0.0801370 0.0988522 0.1030333 0.0788633 0.0269784 0.0159964 0.0718006 0.0731161 0.0229684 0.0223430 0.0000000 0.1080873 0.1072968 0.1024380 0.1115726 0.1126561 0.0238093 0.0798471 0.0968932 0.0862261 0.0774397 0.0976237 0.1002453 0.0780649 0.0746828 0.1095136 0.0191997 0.1071541 
Peramelidae_Echymipera_kalubu                0.0982992 0.1057031 0.0790599 0.0857906 0.1048825 0.0950163 0.0787177 0.0931460 0.1094898 0.0207684 0.0901160 0.0986869 0.1007655 0.0840736 0.0965558 0.0970788 0.1020612 0.1080873 0.0000000 0.1131934 0.1142247 0.1212271 0.1192793 0.0954157 0.0946259 0.1072373 0.0939418 0.0832515 0.1229714 0.1109148 0.0902323 0.0859368 0.0197767 0.0962061 0.0210251 
Macropodidae_Dorcopsulus_vanheurni           0.0790110 0.1068751 0.0706586 0.0487025 0.0568573 0.0968979 0.0711861 0.0861660 0.0622546 0.1131566 0.0725686 0.1023509 0.1022818 0.0722280 0.0810408 0.0988315 0.1106075 0.1072968 0.1131934 0.0000000 0.1021758 0.1247523 0.1156879 0.0999733 0.0614899 0.1059750 0.0822445 0.0388360 0.0985428 0.1015384 0.0805870 0.0755416 0.1152766 0.0991021 0.1128441 
Pseudochiridae_Pseudochirulus_forbesi        0.0712385 0.1054543 0.0720571 0.0780467 0.1014665 0.0925984 0.0686026 0.0792600 0.1015307 0.1147874 0.0695051 0.0994079 0.0997765 0.0732317 0.0750631 0.0945177 0.1023425 0.1024380 0.1142247 0.1021758 0.0000000 0.1181666 0.1133420 0.0959989 0.0742257 0.1085718 0.0475544 0.0729207 0.0345598 0.0908460 0.0684517 0.0748913 0.1193921 0.0969895 0.1193504 
Didelphidae_Didelphis_virginiana             0.1058819 0.1236169 0.0912885 0.0927874 0.1204917 0.1073793 0.0909007 0.1003937 0.1245078 0.1259099 0.0952861 0.1149493 0.1145543 0.0889684 0.1031816 0.1113176 0.1166931 0.1115726 0.1212271 0.1247523 0.1181666 0.0000000 0.0403878 0.1140060 0.1020878 0.1099012 0.1029892 0.0940710 0.1262139 0.1158152 0.0947696 0.0906651 0.1283806 0.1096750 0.1272999 
Marmosidae_Monodelphis_domestica             0.0992615 0.1139905 0.0809769 0.0882466 0.1163160 0.1081042 0.0842636 0.0894114 0.1207871 0.1229233 0.0852673 0.1190430 0.1122141 0.0790776 0.0921899 0.1135537 0.1170297 0.1126561 0.1192793 0.1156879 0.1133420 0.0403878 0.0000000 0.1145011 0.0944773 0.1054371 0.0895337 0.0889381 0.1118384 0.1110702 0.0929680 0.0822502 0.1311421 0.1097013 0.1231339 
Dasyuridae_Antechinus_stuartii               0.0759048 0.0995061 0.0624034 0.0704372 0.0909076 0.0153280 0.0706287 0.0782925 0.0920053 0.0905792 0.0774356 0.0101413 0.0196243 0.0699040 0.0755028 0.0084161 0.0193539 0.0238093 0.0954157 0.0999733 0.0959989 0.1140060 0.1145011 0.0000000 0.0792919 0.0956987 0.0818948 0.0731641 0.0965301 0.0928568 0.0755403 0.0725497 0.0935575 0.0177578 0.0946050 
Hypsiprymnodontidae_Hypsiprymnodon_moschatus 0.0556026 0.0800459 0.0478426 0.0380817 0.0576145 0.0717766 0.0461360 0.0544849 0.0628103 0.0948608 0.0515167 0.0795645 0.0752508 0.0481000 0.0610224 0.0762864 0.0818602 0.0798471 0.0946259 0.0614899 0.0742257 0.1020878 0.0944773 0.0792919 0.0000000 0.0872836 0.0562870 0.0381356 0.0698540 0.0775892 0.0591526 0.0504628 0.0946257 0.0766122 0.0952387 
Microbiotheriidae_Dromiciops_gliroides       0.0929788 0.0959526 0.0722577 0.0831849 0.1073930 0.0912506 0.0809695 0.0941620 0.1085504 0.1102971 0.0875905 0.0956155 0.0941214 0.0816830 0.0871397 0.0930412 0.0990422 0.0968932 0.1072373 0.1059750 0.1085718 0.1099012 0.1054371 0.0956987 0.0872836 0.0000000 0.0886408 0.0792120 0.1144177 0.1084414 0.0927726 0.0831592 0.1092505 0.0910948 0.1136478 
Pseudochiridae_Petauroides_volans            0.0571178 0.0912249 0.0562855 0.0538036 0.0755995 0.0752333 0.0490808 0.0561305 0.0795855 0.0940611 0.0551866 0.0839796 0.0809711 0.0511338 0.0508286 0.0792960 0.0820363 0.0862261 0.0939418 0.0822445 0.0475544 0.1029892 0.0895337 0.0818948 0.0562870 0.0886408 0.0000000 0.0538343 0.0402882 0.0651663 0.0530686 0.0536155 0.1010014 0.0769338 0.0993022 
Macropodidae_Wallabia_bicolor                0.0479125 0.0799216 0.0441049 0.0215033 0.0380723 0.0681610 0.0451056 0.0522014 0.0463139 0.0832265 0.0483266 0.0736143 0.0716042 0.0443859 0.0563995 0.0705467 0.0774433 0.0774397 0.0832515 0.0388360 0.0729207 0.0940710 0.0889381 0.0731641 0.0381356 0.0792120 0.0538343 0.0000000 0.0644411 0.0705295 0.0538421 0.0467203 0.0866135 0.0698443 0.0846523 
Pseudochiridae_Pseudocheirus_occidentalis    0.0649566 0.1130779 0.0690701 0.0685636 0.0933119 0.0907584 0.0630028 0.0712784 0.0935601 0.1261229 0.0650275 0.0967319 0.0958513 0.0657263 0.0748134 0.0919892 0.0960025 0.0976237 0.1229714 0.0985428 0.0345598 0.1262139 0.1118384 0.0965301 0.0698540 0.1144177 0.0402882 0.0644411 0.0000000 0.0836366 0.0727845 0.0677574 0.1255050 0.0955071 0.1238640 
Tarsipedidae_Tarsipes_rostratus              0.0799880 0.1041623 0.0714866 0.0696666 0.0945110 0.0909946 0.0678353 0.0824720 0.0989779 0.1135793 0.0786225 0.0972615 0.0950583 0.0731065 0.0758171 0.0938443 0.1010135 0.1002453 0.1109148 0.1015384 0.0908460 0.1158152 0.1110702 0.0928568 0.0775892 0.1084414 0.0651663 0.0705295 0.0836366 0.0000000 0.0785094 0.0744727 0.1129563 0.0946893 0.1162130 
Acrobatidae_Distoechurus_pennatus            0.0615767 0.0892897 0.0544780 0.0544854 0.0766167 0.0712865 0.0500400 0.0570342 0.0809293 0.0900382 0.0509739 0.0746956 0.0755276 0.0521250 0.0342836 0.0716029 0.0782489 0.0780649 0.0902323 0.0805870 0.0684517 0.0947696 0.0929680 0.0755403 0.0591526 0.0927726 0.0530686 0.0538421 0.0727845 0.0785094 0.0000000 0.0538239 0.0962248 0.0722905 0.0933203 
Phalangeridae_Phalanger_carmelitae           0.0528235 0.0801008 0.0487646 0.0473050 0.0670424 0.0694908 0.0218737 0.0113691 0.0746636 0.0852181 0.0086332 0.0772410 0.0722983 0.0005497 0.0577469 0.0726940 0.0779827 0.0746828 0.0859368 0.0755416 0.0748913 0.0906651 0.0822502 0.0725497 0.0504628 0.0831592 0.0536155 0.0467203 0.0677574 0.0744727 0.0538239 0.0000000 0.0919625 0.0699018 0.0874119 
Peramelidae_Peroryctes_raffrayana            0.1033423 0.1089921 0.0838986 0.0859443 0.1065659 0.0935703 0.0851141 0.0980885 0.1060899 0.0217904 0.0974431 0.0963599 0.1015812 0.0899761 0.1019429 0.0954366 0.1013519 0.1095136 0.0197767 0.1152766 0.1193921 0.1283806 0.1311421 0.0935575 0.0946257 0.1092505 0.1010014 0.0866135 0.1255050 0.1129563 0.0962248 0.0919625 0.0000000 0.0972029 0.0235685 
Dasyuridae_Dasyurus_geffroii                 0.0695751 0.0966486 0.0564241 0.0671495 0.0888296 0.0055317 0.0652805 0.0754329 0.0914255 0.0892563 0.0740981 0.0212265 0.0171291 0.0673705 0.0710706 0.0176417 0.0113727 0.0191997 0.0962061 0.0991021 0.0969895 0.1096750 0.1097013 0.0177578 0.0766122 0.0910948 0.0769338 0.0698443 0.0955071 0.0946893 0.0722905 0.0699018 0.0972029 0.0000000 0.0947113 
Peramelidae_Perameles_gunnii                 0.1023249 0.1095990 0.0818334 0.0839551 0.1071102 0.0928146 0.0814649 0.0924138 0.1090668 0.0011433 0.0916045 0.0996719 0.1005773 0.0859857 0.0964153 0.0962825 0.0952747 0.1071541 0.0210251 0.1128441 0.1193504 0.1272999 0.1231339 0.0946050 0.0952387 0.1136478 0.0993022 0.0846523 0.1238640 0.1162130 0.0933203 0.0874119 0.0235685 0.0947113 0.0000000 
