35
Burramyidae_Burramys_parvus                  0.0000000 0.0685897 0.0570348 0.0576853 0.0683741 0.0934982 0.0437917 0.0443294 0.0721459 0.1013010 0.0471289 0.0792249 0.0955054 0.0471661 0.0423036 0.0844150 0.0918910 0.0900666 0.0810967 0.0623648 0.0481374 0.1080367 0.0898858 0.0812313 0.0595480 0.0549963 0.0478281 0.0667183 0.0487658 0.1062005 0.0473573 0.0426876 0.0926123 0.1055654 0.0955354 
Notoryctidae_Notoryctes_typhlops             0.0685897 0.0000000 0.0822594 0.0896886 0.1013445 0.0902603 0.0762902 0.0755826 0.1080796 0.0998478 0.0772648 0.0884897 0.0984660 0.0787977 0.0791417 0.0874078 0.0903841 0.0996435 0.0850932 0.0957593 0.0880109 0.1091207 0.0976611 0.0877022 0.0871965 0.0647409 0.0789030 0.0916168 0.0896191 0.1435737 0.0779823 0.0756435 0.0943411 0.1035035 0.0956281 
Vombatidae_Lasiorhinus_latifrons             0.0570348 0.0822594 0.0000000 0.0720260 0.0812936 0.0815957 0.0563528 0.0589574 0.0883902 0.0947466 0.0636051 0.0798400 0.0879654 0.0620615 0.0595855 0.0854350 0.0811075 0.0849609 0.0763321 0.0793436 0.0743534 0.1100381 0.0925756 0.0773380 0.0739617 0.0631537 0.0716396 0.0783276 0.0813188 0.1218262 0.0617321 0.0588923 0.0859085 0.0947481 0.0908512 
Potoroidae_Bettongia_penicillata             0.0576853 0.0896886 0.0720260 0.0000000 0.0092582 0.1151674 0.0590053 0.0573598 0.0183418 0.1101319 0.0606004 0.1037179 0.1132672 0.0561417 0.0525153 0.1065735 0.1098477 0.1117874 0.0903553 0.0201479 0.0628058 0.1238628 0.1028110 0.1025735 0.0465904 0.0765070 0.0580164 0.0236775 0.0567841 0.1172911 0.0591957 0.0545828 0.1030254 0.1257194 0.1031119 
Potoroidae_Bettongia_lesueur                 0.0683741 0.1013445 0.0812936 0.0092582 0.0000000 0.1213616 0.0686421 0.0682993 0.0269548 0.1250004 0.0720076 0.1115229 0.1203082 0.0669389 0.0608884 0.1133486 0.1150250 0.1181513 0.1032936 0.0280537 0.0709029 0.1331602 0.1124006 0.1091560 0.0557169 0.0859899 0.0660228 0.0316758 0.0594459 0.1276666 0.0712582 0.0653410 0.1188143 0.1322165 0.1165607 
Dasyuridae_Dasyurus_maculatus                0.0934982 0.0902603 0.0815957 0.1151674 0.1213616 0.0000000 0.0832407 0.0889238 0.1257629 0.1248497 0.0928618 0.0213225 0.0330889 0.0915497 0.0900331 0.0264893 0.0044025 0.0261538 0.1078774 0.1191770 0.1044940 0.1421504 0.1207481 0.0213766 0.1087225 0.0897686 0.0992184 0.1139244 0.0900102 0.1501977 0.0945497 0.0879158 0.1242279 0.0108732 0.1195094 
Phalangeridae_Trichosurus_vulpecula          0.0437917 0.0762902 0.0563528 0.0590053 0.0686421 0.0832407 0.0000000 0.0214443 0.0736178 0.0939550 0.0235035 0.0753967 0.0885841 0.0209904 0.0443570 0.0824966 0.0789572 0.0838058 0.0813099 0.0646273 0.0530135 0.1097971 0.0890158 0.0773820 0.0530336 0.0583761 0.0503958 0.0634130 0.0471871 0.1019011 0.0466448 0.0183342 0.0867237 0.0913533 0.0909455 
Phalangeridae_Spilocuscus_maculatus          0.0443294 0.0755826 0.0589574 0.0573598 0.0682993 0.0889238 0.0214443 0.0000000 0.0697032 0.1002297 0.0071481 0.0826426 0.0973387 0.0054834 0.0418617 0.0856996 0.0856633 0.0924168 0.0864926 0.0645665 0.0549570 0.1110688 0.0961866 0.0821099 0.0587874 0.0555625 0.0527630 0.0641673 0.0414690 0.1071680 0.0457011 0.0049936 0.0878428 0.0999095 0.0985173 
Potoroidae_Aepyprymnus_rufescens             0.0721459 0.1080796 0.0883902 0.0183418 0.0269548 0.1257629 0.0736178 0.0697032 0.0000000 0.1251475 0.0771699 0.1173309 0.1180255 0.0711634 0.0699263 0.1195852 0.1190513 0.1183818 0.1058191 0.0313572 0.0735949 0.1384488 0.1176466 0.1154955 0.0581038 0.0915791 0.0684509 0.0350123 0.0699434 0.1361984 0.0790544 0.0694753 0.1209788 0.1367481 0.1182634 
Peramelidae_Perameles_nasuta                 0.1013010 0.0998478 0.0947466 0.1101319 0.1250004 0.1248497 0.0939550 0.1002297 0.1251475 0.0000000 0.1067697 0.1042303 0.1238634 0.1053572 0.0996343 0.1183400 0.1269305 0.1226367 0.0147786 0.1141652 0.1126860 0.1450388 0.1254163 0.1131932 0.1191135 0.0944466 0.1047641 0.1152982 0.0888262 0.1636429 0.1074909 0.1010471 0.0177457 0.1371048 0.0003255 
Phalangeridae_Strigocuscus_pelengensis       0.0471289 0.0772648 0.0636051 0.0606004 0.0720076 0.0928618 0.0235035 0.0071481 0.0771699 0.1067697 0.0000000 0.0833702 0.1010944 0.0088010 0.0434132 0.0899486 0.0877195 0.0954734 0.0895260 0.0678310 0.0536148 0.1159466 0.0974507 0.0848052 0.0619722 0.0587779 0.0545567 0.0665723 0.0433516 0.0996050 0.0449289 0.0066773 0.0899643 0.1033830 0.1030841 
Dasyuridae_Phascogale_tapoatafa              0.0792249 0.0884897 0.0798400 0.1037179 0.1115229 0.0213225 0.0753967 0.0826426 0.1173309 0.1042303 0.0833702 0.0000000 0.0290035 0.0822995 0.0787429 0.0016628 0.0197188 0.0293450 0.0920942 0.1009834 0.0901670 0.1291740 0.1067782 0.0024523 0.0989798 0.0780661 0.0868472 0.1012906 0.0913868 0.1364524 0.0831150 0.0768693 0.1036819 0.0275287 0.1007855 
Dasyuridae_Sminthopsis_macroura              0.0955054 0.0984660 0.0879654 0.1132672 0.1203082 0.0330889 0.0885841 0.0973387 0.1180255 0.1238634 0.1010944 0.0290035 0.0000000 0.0973032 0.0899890 0.0324183 0.0292164 0.0241313 0.1059976 0.1143519 0.1012047 0.1526139 0.1244857 0.0287897 0.1093076 0.0952112 0.0952470 0.1110824 0.0919158 0.1521174 0.0959543 0.0936321 0.1178863 0.0358344 0.1183226 
Phalangeridae_Phalanger_orientalis           0.0471661 0.0787977 0.0620615 0.0561417 0.0669389 0.0915497 0.0209904 0.0054834 0.0711634 0.1053572 0.0088010 0.0822995 0.0973032 0.0000000 0.0454662 0.0886629 0.0878844 0.0913586 0.0864012 0.0638781 0.0552865 0.1175867 0.0950798 0.0836693 0.0573077 0.0564426 0.0550069 0.0627250 0.0416165 0.1037904 0.0481988 0.0034532 0.0889924 0.1017625 0.1011141 
Acrobatidae_Acrobates_pygmaeus               0.0423036 0.0791417 0.0595855 0.0525153 0.0608884 0.0900331 0.0443570 0.0418617 0.0699263 0.0996343 0.0434132 0.0787429 0.0899890 0.0454662 0.0000000 0.0865192 0.0844802 0.0860125 0.0816218 0.0584162 0.0396375 0.1092985 0.0878944 0.0791175 0.0615126 0.0641190 0.0384085 0.0632033 0.0367545 0.0973615 0.0208031 0.0432143 0.0951739 0.0997497 0.0976478 
Dasyuridae_Phascogale_calura                 0.0844150 0.0874078 0.0854350 0.1065735 0.1133486 0.0264893 0.0824966 0.0856996 0.1195852 0.1183400 0.0899486 0.0016628 0.0324183 0.0886629 0.0865192 0.0000000 0.0234966 0.0322022 0.1000178 0.1069566 0.0974994 0.1388863 0.1141847 0.0039979 0.1029429 0.0843328 0.0934195 0.1064865 0.0898112 0.1413162 0.0897104 0.0833538 0.1117870 0.0310374 0.1132742 
Dasyuridae_Sarcophilus_harrisii              0.0918910 0.0903841 0.0811075 0.1098477 0.1150250 0.0044025 0.0789572 0.0856633 0.1190513 0.1269305 0.0877195 0.0197188 0.0292164 0.0878844 0.0844802 0.0234966 0.0000000 0.0226190 0.1064881 0.1128578 0.1010152 0.1418058 0.1193205 0.0185145 0.1041898 0.0857832 0.0960867 0.1076531 0.0885771 0.1466407 0.0897175 0.0827782 0.1242380 0.0095848 0.1191444 
Dasyuridae_Planigale_tenuirostris            0.0900666 0.0996435 0.0849609 0.1117874 0.1181513 0.0261538 0.0838058 0.0924168 0.1183818 0.1226367 0.0954734 0.0293450 0.0241313 0.0913586 0.0860125 0.0322022 0.0226190 0.0000000 0.1030487 0.1148702 0.0993724 0.1454432 0.1156841 0.0265086 0.1019055 0.0895987 0.0954865 0.1110372 0.0907639 0.1498991 0.0901222 0.0876836 0.1165110 0.0260232 0.1169346 
Peramelidae_Echymipera_kalubu                0.0810967 0.0850932 0.0763321 0.0903553 0.1032936 0.1078774 0.0813099 0.0864926 0.1058191 0.0147786 0.0895260 0.0920942 0.1059976 0.0864012 0.0816218 0.1000178 0.1064881 0.1030487 0.0000000 0.0958570 0.0900792 0.1313406 0.1092108 0.0945910 0.0945312 0.0779807 0.0803909 0.0957943 0.0881491 0.1442994 0.0863683 0.0827866 0.0128317 0.1192543 0.0148177 
Macropodidae_Dorcopsulus_vanheurni           0.0623648 0.0957593 0.0793436 0.0201479 0.0280537 0.1191770 0.0646273 0.0645665 0.0313572 0.1141652 0.0678310 0.1009834 0.1143519 0.0638781 0.0584162 0.1069566 0.1128578 0.1148702 0.0958570 0.0000000 0.0653683 0.1202421 0.1029867 0.1015000 0.0490598 0.0831538 0.0638723 0.0072088 0.0618617 0.1244750 0.0685936 0.0607276 0.1071183 0.1300074 0.1079081 
Pseudochiridae_Pseudochirulus_forbesi        0.0481374 0.0880109 0.0743534 0.0628058 0.0709029 0.1044940 0.0530135 0.0549570 0.0735949 0.1126860 0.0536148 0.0901670 0.1012047 0.0552865 0.0396375 0.0974994 0.1010152 0.0993724 0.0900792 0.0653683 0.0000000 0.1223283 0.1066415 0.0919896 0.0668579 0.0730215 0.0286524 0.0648817 0.0214988 0.0998568 0.0459118 0.0529940 0.1048210 0.1156527 0.1060455 
Didelphidae_Didelphis_virginiana             0.1080367 0.1091207 0.1100381 0.1238628 0.1331602 0.1421504 0.1097971 0.1110688 0.1384488 0.1450388 0.1159466 0.1291740 0.1526139 0.1175867 0.1092985 0.1388863 0.1418058 0.1454432 0.1313406 0.1202421 0.1223283 0.0000000 0.0350438 0.1347132 0.1279022 0.1121454 0.1080472 0.1241193 0.1154755 0.1641696 0.1184155 0.1147456 0.1430284 0.1551469 0.1398058 
Marmosidae_Monodelphis_domestica             0.0898858 0.0976611 0.0925756 0.1028110 0.1124006 0.1207481 0.0890158 0.0961866 0.1176466 0.1254163 0.0974507 0.1067782 0.1244857 0.0950798 0.0878944 0.1141847 0.1193205 0.1156841 0.1092108 0.1029867 0.1066415 0.0350438 0.0000000 0.1102309 0.1099737 0.0904520 0.0959493 0.1049293 0.1047081 0.1532288 0.0965360 0.0931804 0.1248702 0.1321488 0.1187765 
Dasyuridae_Antechinus_stuartii               0.0812313 0.0877022 0.0773380 0.1025735 0.1091560 0.0213766 0.0773820 0.0821099 0.1154955 0.1131932 0.0848052 0.0024523 0.0287897 0.0836693 0.0791175 0.0039979 0.0185145 0.0265086 0.0945910 0.1015000 0.0919896 0.1347132 0.1102309 0.0000000 0.0980489 0.0802658 0.0894149 0.1004290 0.0911775 0.1377384 0.0838029 0.0783861 0.1075812 0.0278635 0.1078132 
Hypsiprymnodontidae_Hypsiprymnodon_moschatus 0.0595480 0.0871965 0.0739617 0.0465904 0.0557169 0.1087225 0.0530336 0.0587874 0.0581038 0.1191135 0.0619722 0.0989798 0.1093076 0.0573077 0.0615126 0.1029429 0.1041898 0.1019055 0.0945312 0.0490598 0.0668579 0.1279022 0.1099737 0.0980489 0.0000000 0.0767020 0.0589493 0.0485718 0.0635647 0.1144131 0.0649201 0.0542280 0.1102398 0.1178624 0.1087330 
Microbiotheriidae_Dromiciops_gliroides       0.0549963 0.0647409 0.0631537 0.0765070 0.0859899 0.0897686 0.0583761 0.0555625 0.0915791 0.0944466 0.0587779 0.0780661 0.0952112 0.0564426 0.0641190 0.0843328 0.0857832 0.0895987 0.0779807 0.0831538 0.0730215 0.1121454 0.0904520 0.0802658 0.0767020 0.0000000 0.0670731 0.0788802 0.0693446 0.1200822 0.0643399 0.0533353 0.0850712 0.0984076 0.0918757 
Pseudochiridae_Petauroides_volans            0.0478281 0.0789030 0.0716396 0.0580164 0.0660228 0.0992184 0.0503958 0.0527630 0.0684509 0.1047641 0.0545567 0.0868472 0.0952470 0.0550069 0.0384085 0.0934195 0.0960867 0.0954865 0.0803909 0.0638723 0.0286524 0.1080472 0.0959493 0.0894149 0.0589493 0.0670731 0.0000000 0.0636658 0.0281232 0.0907673 0.0426851 0.0519574 0.0948550 0.1083595 0.0969340 
Macropodidae_Wallabia_bicolor                0.0667183 0.0916168 0.0783276 0.0236775 0.0316758 0.1139244 0.0634130 0.0641673 0.0350123 0.1152982 0.0665723 0.1012906 0.1110824 0.0627250 0.0632033 0.1064865 0.1076531 0.1110372 0.0957943 0.0072088 0.0648817 0.1241193 0.1049293 0.1004290 0.0485718 0.0788802 0.0636658 0.0000000 0.0625663 0.1207392 0.0687608 0.0595384 0.1057591 0.1230641 0.1078335 
Pseudochiridae_Pseudocheirus_occidentalis    0.0487658 0.0896191 0.0813188 0.0567841 0.0594459 0.0900102 0.0471871 0.0414690 0.0699434 0.0888262 0.0433516 0.0913868 0.0919158 0.0416165 0.0367545 0.0898112 0.0885771 0.0907639 0.0881491 0.0618617 0.0214988 0.1154755 0.1047081 0.0911775 0.0635647 0.0693446 0.0281232 0.0625663 0.0000000 0.1241507 0.0408832 0.0392657 0.0879854 0.0915777 0.0926064 
Tarsipedidae_Tarsipes_rostratus              0.1062005 0.1435737 0.1218262 0.1172911 0.1276666 0.1501977 0.1019011 0.1071680 0.1361984 0.1636429 0.0996050 0.1364524 0.1521174 0.1037904 0.0973615 0.1413162 0.1466407 0.1498991 0.1442994 0.1244750 0.0998568 0.1641696 0.1532288 0.1377384 0.1144131 0.1200822 0.0907673 0.1207392 0.1241507 0.0000000 0.0941061 0.0999086 0.1619926 0.1550028 0.1538303 
Acrobatidae_Distoechurus_pennatus            0.0473573 0.0779823 0.0617321 0.0591957 0.0712582 0.0945497 0.0466448 0.0457011 0.0790544 0.1074909 0.0449289 0.0831150 0.0959543 0.0481988 0.0208031 0.0897104 0.0897175 0.0901222 0.0863683 0.0685936 0.0459118 0.1184155 0.0965360 0.0838029 0.0649201 0.0643399 0.0426851 0.0687608 0.0408832 0.0941061 0.0000000 0.0438373 0.1008017 0.1023409 0.1022012 
Phalangeridae_Phalanger_carmelitae           0.0426876 0.0756435 0.0588923 0.0545828 0.0653410 0.0879158 0.0183342 0.0049936 0.0694753 0.1010471 0.0066773 0.0768693 0.0936321 0.0034532 0.0432143 0.0833538 0.0827782 0.0876836 0.0827866 0.0607276 0.0529940 0.1147456 0.0931804 0.0783861 0.0542280 0.0533353 0.0519574 0.0595384 0.0392657 0.0999086 0.0438373 0.0000000 0.0847085 0.0978977 0.0972854 
Peramelidae_Peroryctes_raffrayana            0.0926123 0.0943411 0.0859085 0.1030254 0.1188143 0.1242279 0.0867237 0.0878428 0.1209788 0.0177457 0.0899643 0.1036819 0.1178863 0.0889924 0.0951739 0.1117870 0.1242380 0.1165110 0.0128317 0.1071183 0.1048210 0.1430284 0.1248702 0.1075812 0.1102398 0.0850712 0.0948550 0.1057591 0.0879854 0.1619926 0.1008017 0.0847085 0.0000000 0.1320094 0.0194112 
Dasyuridae_Dasyurus_geffroii                 0.1055654 0.1035035 0.0947481 0.1257194 0.1322165 0.0108732 0.0913533 0.0999095 0.1367481 0.1371048 0.1033830 0.0275287 0.0358344 0.1017625 0.0997497 0.0310374 0.0095848 0.0260232 0.1192543 0.1300074 0.1156527 0.1551469 0.1321488 0.0278635 0.1178624 0.0984076 0.1083595 0.1230641 0.0915777 0.1550028 0.1023409 0.0978977 0.1320094 0.0000000 0.1299313 
Peramelidae_Perameles_gunnii                 0.0955354 0.0956281 0.0908512 0.1031119 0.1165607 0.1195094 0.0909455 0.0985173 0.1182634 0.0003255 0.1030841 0.1007855 0.1183226 0.1011141 0.0976478 0.1132742 0.1191444 0.1169346 0.0148177 0.1079081 0.1060455 0.1398058 0.1187765 0.1078132 0.1087330 0.0918757 0.0969340 0.1078335 0.0926064 0.1538303 0.1022012 0.0972854 0.0194112 0.1299313 0.0000000 
