35
Burramyidae_Burramys_parvus                  0.0000000 0.0728443 0.0587606 0.0660199 0.0674106 0.0744738 0.0449922 0.0466593 0.0673462 0.0727454 0.0568469 0.0728662 0.0799100 0.0493771 0.0528458 0.0720598 0.0739025 0.0798706 0.0649646 0.0611141 0.0543094 0.0737831 0.0832607 0.0662801 0.0639472 0.0745029 0.0506911 0.0618480 0.0515055 0.0664600 0.0575571 0.0478370 0.0704791 0.0730031 0.0767970 
Notoryctidae_Notoryctes_typhlops             0.0728443 0.0000000 0.0813719 0.0925173 0.0930225 0.0902946 0.0748333 0.0798346 0.0929692 0.0872910 0.0838473 0.0924588 0.0948027 0.0807003 0.0906330 0.0896401 0.0921632 0.0919889 0.0834508 0.0874887 0.0849164 0.1012433 0.1055686 0.0877236 0.0894014 0.0885623 0.0862753 0.0881231 0.0843456 0.1049395 0.0926681 0.0788665 0.0881034 0.0895769 0.0897090 
Vombatidae_Lasiorhinus_latifrons             0.0587606 0.0813719 0.0000000 0.0773199 0.0787397 0.0798550 0.0569275 0.0615127 0.0771142 0.0788487 0.0701404 0.0799536 0.0837732 0.0620824 0.0661981 0.0790701 0.0801081 0.0851298 0.0745227 0.0697765 0.0666078 0.0818744 0.0822463 0.0746248 0.0712557 0.0733888 0.0633285 0.0689269 0.0572449 0.0807466 0.0732295 0.0612471 0.0797476 0.0783731 0.0811176 
Potoroidae_Bettongia_penicillata             0.0660199 0.0925173 0.0773199 0.0000000 0.0022787 0.1042667 0.0660191 0.0646704 0.0087083 0.0916546 0.0735484 0.1025868 0.1031671 0.0682645 0.0721244 0.1016205 0.1019065 0.1080135 0.0902311 0.0190675 0.0813227 0.1073452 0.1012268 0.0952085 0.0482391 0.0941206 0.0735413 0.0198322 0.0690270 0.0805680 0.0782879 0.0689014 0.0953164 0.1018486 0.0962021 
Potoroidae_Bettongia_lesueur                 0.0674106 0.0930225 0.0787397 0.0022787 0.0000000 0.1067265 0.0682259 0.0655051 0.0098792 0.0942731 0.0749915 0.1050385 0.1056167 0.0696660 0.0751768 0.1040644 0.1044403 0.1100071 0.0926009 0.0203261 0.0827560 0.1098980 0.1036797 0.0969307 0.0503000 0.0947052 0.0753125 0.0211041 0.0724278 0.0820847 0.0813884 0.0703029 0.0979303 0.1042998 0.0986290 
Dasyuridae_Dasyurus_maculatus                0.0744738 0.0902946 0.0798550 0.1042667 0.1067265 0.0000000 0.0771453 0.0842947 0.1046485 0.0940615 0.0873708 0.0166267 0.0253545 0.0850196 0.0864359 0.0147639 0.0063518 0.0250081 0.0860139 0.0993472 0.0761523 0.1093190 0.1192582 0.0150584 0.0994320 0.0926525 0.0796968 0.0994430 0.0740836 0.0973814 0.0889548 0.0841397 0.0885464 0.0046044 0.0954167 
Phalangeridae_Trichosurus_vulpecula          0.0449922 0.0748333 0.0569275 0.0660191 0.0682259 0.0771453 0.0000000 0.0162448 0.0664981 0.0744639 0.0271008 0.0772696 0.0844667 0.0197100 0.0551147 0.0764774 0.0749220 0.0868839 0.0672797 0.0580962 0.0584456 0.0753187 0.0847261 0.0722264 0.0598940 0.0794284 0.0525314 0.0563946 0.0513074 0.0626656 0.0602699 0.0177884 0.0719534 0.0757619 0.0777144 
Phalangeridae_Spilocuscus_maculatus          0.0466593 0.0798346 0.0615127 0.0646704 0.0655051 0.0842947 0.0162448 0.0000000 0.0637979 0.0782901 0.0176605 0.0826162 0.0900974 0.0131096 0.0607287 0.0817996 0.0827801 0.0911606 0.0710189 0.0566838 0.0649991 0.0864204 0.0897622 0.0781531 0.0618505 0.0831269 0.0588078 0.0565394 0.0561486 0.0698000 0.0635953 0.0100283 0.0761132 0.0827810 0.0826223 
Potoroidae_Aepyprymnus_rufescens             0.0673462 0.0929692 0.0771142 0.0087083 0.0098792 0.1046485 0.0664981 0.0637979 0.0000000 0.0939974 0.0747766 0.1030916 0.1036687 0.0687667 0.0724854 0.1021255 0.1022968 0.1078370 0.0923333 0.0216047 0.0807410 0.1075784 0.1034874 0.0950623 0.0482439 0.0993922 0.0707566 0.0217368 0.0680260 0.0782618 0.0770184 0.0694510 0.0958776 0.1023555 0.0983366 
Peramelidae_Perameles_nasuta                 0.0727454 0.0872910 0.0788487 0.0916546 0.0942731 0.0940615 0.0744639 0.0782901 0.0939974 0.0000000 0.0880022 0.0917549 0.0965452 0.0801756 0.0791840 0.0890423 0.0926270 0.0925515 0.0167221 0.0889057 0.0837068 0.0993149 0.1005228 0.0857463 0.0844143 0.0754571 0.0756905 0.0906076 0.0777212 0.0976389 0.0847780 0.0791944 0.0224069 0.0926404 0.0034804 
Phalangeridae_Strigocuscus_pelengensis       0.0568469 0.0838473 0.0701404 0.0735484 0.0749915 0.0873708 0.0271008 0.0176605 0.0747766 0.0880022 0.0000000 0.0840905 0.0898296 0.0218143 0.0709497 0.0832680 0.0857142 0.0962695 0.0835121 0.0651131 0.0694055 0.0922938 0.0990260 0.0818645 0.0751489 0.0934155 0.0637990 0.0649221 0.0628418 0.0732095 0.0739641 0.0186249 0.0865858 0.0867927 0.0920086 
Dasyuridae_Phascogale_tapoatafa              0.0728662 0.0924588 0.0799536 0.1025868 0.1050385 0.0166267 0.0772696 0.0826162 0.1030916 0.0917549 0.0840905 0.0000000 0.0253776 0.0850622 0.0847092 0.0028602 0.0154336 0.0272522 0.0845961 0.0976208 0.0797676 0.1078001 0.1156820 0.0064900 0.0978791 0.0911377 0.0831267 0.0971632 0.0812312 0.0976361 0.0889471 0.0841815 0.0877209 0.0154139 0.0931116 
Dasyuridae_Sminthopsis_macroura              0.0799100 0.0948027 0.0837732 0.1031671 0.1056167 0.0253545 0.0844667 0.0900974 0.1036687 0.0965452 0.0898296 0.0253776 0.0000000 0.0889713 0.0937668 0.0221741 0.0241402 0.0228539 0.0909675 0.0990593 0.0835285 0.1141165 0.1182603 0.0226576 0.1028922 0.0970397 0.0854652 0.0994843 0.0862599 0.1070672 0.0920087 0.0880818 0.0919535 0.0241095 0.0979022 
Phalangeridae_Phalanger_orientalis           0.0493771 0.0807003 0.0620824 0.0682645 0.0696660 0.0850196 0.0197100 0.0131096 0.0687667 0.0801756 0.0218143 0.0850622 0.0889713 0.0000000 0.0634258 0.0842546 0.0835315 0.0950804 0.0743674 0.0602344 0.0668748 0.0838136 0.0887095 0.0808593 0.0668070 0.0851447 0.0602305 0.0609008 0.0600217 0.0725590 0.0686729 0.0051801 0.0770878 0.0835327 0.0841226 
Acrobatidae_Acrobates_pygmaeus               0.0528458 0.0906330 0.0661981 0.0721244 0.0751768 0.0864359 0.0551147 0.0607287 0.0724854 0.0791840 0.0709497 0.0847092 0.0937668 0.0634258 0.0000000 0.0855816 0.0875575 0.0939018 0.0772099 0.0646468 0.0559886 0.0841671 0.0854989 0.0822974 0.0652537 0.0772670 0.0533166 0.0678311 0.0470761 0.0619272 0.0341608 0.0625309 0.0771510 0.0866004 0.0850215 
Dasyuridae_Phascogale_calura                 0.0720598 0.0896401 0.0790701 0.1016205 0.1040644 0.0147639 0.0764774 0.0817996 0.1021255 0.0890423 0.0832680 0.0028602 0.0221741 0.0842546 0.0855816 0.0000000 0.0135778 0.0250487 0.0819914 0.0967509 0.0772180 0.1048426 0.1128003 0.0046943 0.0969252 0.0883094 0.0813239 0.0962117 0.0793901 0.0975433 0.0880934 0.0833760 0.0849235 0.0135606 0.0903934 
Dasyuridae_Sarcophilus_harrisii              0.0739025 0.0921632 0.0801081 0.1019065 0.1044403 0.0063518 0.0749220 0.0827801 0.1022968 0.0926270 0.0857142 0.0154336 0.0241402 0.0835315 0.0875575 0.0135778 0.0000000 0.0243282 0.0846783 0.0969456 0.0780331 0.1085348 0.1176513 0.0138319 0.0980271 0.0902678 0.0842075 0.0986195 0.0792377 0.0967387 0.0900940 0.0826543 0.0861781 0.0057844 0.0940550 
Dasyuridae_Planigale_tenuirostris            0.0798706 0.0919889 0.0851298 0.1080135 0.1100071 0.0250081 0.0868839 0.0911606 0.1078370 0.0925515 0.0962695 0.0272522 0.0228539 0.0950804 0.0939018 0.0250487 0.0243282 0.0000000 0.0867349 0.1013123 0.0810018 0.1150843 0.1233507 0.0253486 0.1006547 0.0985958 0.0843095 0.1012492 0.0808778 0.1097665 0.0952314 0.0939748 0.0909019 0.0243568 0.0944955 
Peramelidae_Echymipera_kalubu                0.0649646 0.0834508 0.0745227 0.0902311 0.0926009 0.0860139 0.0672797 0.0710189 0.0923333 0.0167221 0.0835121 0.0845961 0.0909675 0.0743674 0.0772099 0.0819914 0.0846783 0.0867349 0.0000000 0.0855811 0.0762113 0.0972207 0.1019253 0.0811572 0.0828726 0.0760484 0.0687114 0.0865199 0.0716749 0.0932286 0.0795921 0.0734241 0.0160401 0.0846221 0.0179086 
Macropodidae_Dorcopsulus_vanheurni           0.0611141 0.0874887 0.0697765 0.0190675 0.0203261 0.0993472 0.0580962 0.0566838 0.0216047 0.0889057 0.0651131 0.0976208 0.0990593 0.0602344 0.0646468 0.0967509 0.0969456 0.1013123 0.0855811 0.0000000 0.0769219 0.0994614 0.0936293 0.0914996 0.0467233 0.0898911 0.0698393 0.0093462 0.0653399 0.0767119 0.0699088 0.0609036 0.0890967 0.0978225 0.0933998 
Pseudochiridae_Pseudochirulus_forbesi        0.0543094 0.0849164 0.0666078 0.0813227 0.0827560 0.0761523 0.0584456 0.0649991 0.0807410 0.0837068 0.0694055 0.0797676 0.0835285 0.0668748 0.0559886 0.0772180 0.0780331 0.0810018 0.0762113 0.0769219 0.0000000 0.0930836 0.1008222 0.0744149 0.0768270 0.0795844 0.0362465 0.0736493 0.0239688 0.0594353 0.0633711 0.0659229 0.0838102 0.0797910 0.0886323 
Didelphidae_Didelphis_virginiana             0.0737831 0.1012433 0.0818744 0.1073452 0.1098980 0.1093190 0.0753187 0.0864204 0.1075784 0.0993149 0.0922938 0.1078001 0.1141165 0.0838136 0.0841671 0.1048426 0.1085348 0.1150843 0.0972207 0.0994614 0.0930836 0.0000000 0.0459155 0.1039892 0.0996408 0.1027062 0.0889110 0.0986808 0.0774944 0.1100619 0.0917110 0.0835857 0.0959782 0.1069216 0.1029506 
Marmosidae_Monodelphis_domestica             0.0832607 0.1055686 0.0822463 0.1012268 0.1036797 0.1192582 0.0847261 0.0897622 0.1034874 0.1005228 0.0990260 0.1156820 0.1182603 0.0887095 0.0854989 0.1128003 0.1176513 0.1233507 0.1019253 0.0936293 0.1008222 0.0459155 0.0000000 0.1096057 0.1001532 0.1031165 0.0944658 0.0965192 0.0869490 0.1163102 0.1037995 0.0885399 0.0986306 0.1167437 0.1041211 
Dasyuridae_Antechinus_stuartii               0.0662801 0.0877236 0.0746248 0.0952085 0.0969307 0.0150584 0.0722264 0.0781531 0.0950623 0.0857463 0.0818645 0.0064900 0.0226576 0.0808593 0.0822974 0.0046943 0.0138319 0.0253486 0.0811572 0.0914996 0.0744149 0.1039892 0.1096057 0.0000000 0.0909538 0.0876483 0.0788108 0.0906649 0.0763986 0.0944594 0.0865190 0.0791818 0.0840114 0.0138460 0.0883851 
Hypsiprymnodontidae_Hypsiprymnodon_moschatus 0.0639472 0.0894014 0.0712557 0.0482391 0.0503000 0.0994320 0.0598940 0.0618505 0.0482439 0.0844143 0.0751489 0.0978791 0.1028922 0.0668070 0.0652537 0.0969252 0.0980271 0.1006547 0.0828726 0.0467233 0.0768270 0.0996408 0.1001532 0.0909538 0.0000000 0.0940482 0.0667804 0.0463600 0.0654084 0.0789807 0.0711189 0.0674434 0.0835628 0.0980079 0.0894788 
Microbiotheriidae_Dromiciops_gliroides       0.0745029 0.0885623 0.0733888 0.0941206 0.0947052 0.0926525 0.0794284 0.0831269 0.0993922 0.0754571 0.0934155 0.0911377 0.0970397 0.0851447 0.0772670 0.0883094 0.0902678 0.0985958 0.0760484 0.0898911 0.0795844 0.1027062 0.1031165 0.0876483 0.0940482 0.0000000 0.0775550 0.0909356 0.0706950 0.0940583 0.0855082 0.0851907 0.0814991 0.0911690 0.0792553 
Pseudochiridae_Petauroides_volans            0.0506911 0.0862753 0.0633285 0.0735413 0.0753125 0.0796968 0.0525314 0.0588078 0.0707566 0.0756905 0.0637990 0.0831267 0.0854652 0.0602305 0.0533166 0.0813239 0.0842075 0.0843095 0.0687114 0.0698393 0.0362465 0.0889110 0.0944658 0.0788108 0.0667804 0.0775550 0.0000000 0.0706527 0.0313762 0.0603091 0.0593745 0.0586672 0.0746957 0.0815645 0.0794859 
Macropodidae_Wallabia_bicolor                0.0618480 0.0881231 0.0689269 0.0198322 0.0211041 0.0994430 0.0563946 0.0565394 0.0217368 0.0906076 0.0649221 0.0971632 0.0994843 0.0609008 0.0678311 0.0962117 0.0986195 0.1012492 0.0865199 0.0093462 0.0736493 0.0986808 0.0965192 0.0906649 0.0463600 0.0909356 0.0706527 0.0000000 0.0675424 0.0784266 0.0732072 0.0615593 0.0895059 0.0990297 0.0953133 
Pseudochiridae_Pseudocheirus_occidentalis    0.0515055 0.0843456 0.0572449 0.0690270 0.0724278 0.0740836 0.0513074 0.0561486 0.0680260 0.0777212 0.0628418 0.0812312 0.0862599 0.0600217 0.0470761 0.0793901 0.0792377 0.0808778 0.0716749 0.0653399 0.0239688 0.0774944 0.0869490 0.0763986 0.0654084 0.0706950 0.0313762 0.0675424 0.0000000 0.0589635 0.0544226 0.0567163 0.0785431 0.0777488 0.0822246 
Tarsipedidae_Tarsipes_rostratus              0.0664600 0.1049395 0.0807466 0.0805680 0.0820847 0.0973814 0.0626656 0.0698000 0.0782618 0.0976389 0.0732095 0.0976361 0.1070672 0.0725590 0.0619272 0.0975433 0.0967387 0.1097665 0.0932286 0.0767119 0.0594353 0.1100619 0.1163102 0.0944594 0.0789807 0.0940583 0.0603091 0.0784266 0.0589635 0.0000000 0.0695605 0.0723475 0.0928356 0.0967966 0.1031019 
Acrobatidae_Distoechurus_pennatus            0.0575571 0.0926681 0.0732295 0.0782879 0.0813884 0.0889548 0.0602699 0.0635953 0.0770184 0.0847780 0.0739641 0.0889471 0.0920087 0.0686729 0.0341608 0.0880934 0.0900940 0.0952314 0.0795921 0.0699088 0.0633711 0.0917110 0.1037995 0.0865190 0.0711189 0.0855082 0.0593745 0.0732072 0.0544226 0.0695605 0.0000000 0.0654389 0.0794567 0.0891264 0.0890364 
Phalangeridae_Phalanger_carmelitae           0.0478370 0.0788665 0.0612471 0.0689014 0.0703029 0.0841397 0.0177884 0.0100283 0.0694510 0.0791944 0.0186249 0.0841815 0.0880818 0.0051801 0.0625309 0.0833760 0.0826543 0.0939748 0.0734241 0.0609036 0.0659229 0.0835857 0.0885399 0.0791818 0.0674434 0.0851907 0.0586672 0.0615593 0.0567163 0.0723475 0.0654389 0.0000000 0.0777888 0.0826551 0.0824983 
Peramelidae_Peroryctes_raffrayana            0.0704791 0.0881034 0.0797476 0.0953164 0.0979303 0.0885464 0.0719534 0.0761132 0.0958776 0.0224069 0.0865858 0.0877209 0.0919535 0.0770878 0.0771510 0.0849235 0.0861781 0.0909019 0.0160401 0.0890967 0.0838102 0.0959782 0.0986306 0.0840114 0.0835628 0.0814991 0.0746957 0.0895059 0.0785431 0.0928356 0.0794567 0.0777888 0.0000000 0.0869178 0.0251043 
Dasyuridae_Dasyurus_geffroii                 0.0730031 0.0895769 0.0783731 0.1018486 0.1042998 0.0046044 0.0757619 0.0827810 0.1023555 0.0926404 0.0867927 0.0154139 0.0241095 0.0835327 0.0866004 0.0135606 0.0057844 0.0243568 0.0846221 0.0978225 0.0797910 0.1069216 0.1167437 0.0138460 0.0980079 0.0911690 0.0815645 0.0990297 0.0777488 0.0967966 0.0891264 0.0826551 0.0869178 0.0000000 0.0939979 
Peramelidae_Perameles_gunnii                 0.0767970 0.0897090 0.0811176 0.0962021 0.0986290 0.0954167 0.0777144 0.0826223 0.0983366 0.0034804 0.0920086 0.0931116 0.0979022 0.0841226 0.0850215 0.0903934 0.0940550 0.0944955 0.0179086 0.0933998 0.0886323 0.1029506 0.1041211 0.0883851 0.0894788 0.0792553 0.0794859 0.0953133 0.0822246 0.1031019 0.0890364 0.0824983 0.0251043 0.0939979 0.0000000 
