35
Burramyidae_Burramys_parvus                  0.0000000 0.1127402 0.0330548 0.0349640 0.0332996 0.0552387 0.0347061 0.0340534 0.0321650 0.0645586 0.0308799 0.0586904 0.0543683 0.0310063 0.0315319 0.0584165 0.0609815 0.0537181 0.0660878 0.0339631 0.0465632 0.0699129 0.0593183 0.0669250 0.0393282 0.0501858 0.0291246 0.0268090 0.0446206 0.0355269 0.0410923 0.0321544 0.0716305 0.0529075 0.0601611 
Notoryctidae_Notoryctes_typhlops             0.1127402 0.0000000 0.1178359 0.1282506 0.0904214 0.0717882 0.1281616 0.1306270 0.1238973 0.1242464 0.1301740 0.1147073 0.1073522 0.1253317 0.1199008 0.1132787 0.1149463 0.0650260 0.1273352 0.1212014 0.1487469 0.1372446 0.1376882 0.1210584 0.1404571 0.1256939 0.0591210 0.0722308 0.1348596 0.1306100 0.1260139 0.1273350 0.1298067 0.0687965 0.1204026 
Vombatidae_Lasiorhinus_latifrons             0.0330548 0.1178359 0.0000000 0.0521277 0.0498149 0.0597403 0.0572286 0.0533014 0.0512417 0.0732685 0.0448130 0.0668028 0.0593495 0.0515817 0.0524643 0.0668710 0.0658635 0.0588145 0.0759964 0.0439443 0.0736801 0.0878458 0.0814733 0.0693777 0.0608389 0.0650395 0.0296949 0.0380622 0.0600616 0.0605308 0.0499952 0.0532891 0.0778681 0.0569466 0.0687238 
Potoroidae_Bettongia_penicillata             0.0349640 0.1282506 0.0521277 0.0000000 0.0050163 0.0756022 0.0593715 0.0632862 0.0090019 0.0923141 0.0518730 0.0778444 0.0740298 0.0580577 0.0547054 0.0786573 0.0815316 0.0783375 0.0977066 0.0211154 0.0763270 0.0957678 0.0892296 0.0826035 0.0352451 0.0772043 0.0332268 0.0181057 0.0630822 0.0614710 0.0592907 0.0597684 0.1001306 0.0754407 0.0887108 
Potoroidae_Bettongia_lesueur                 0.0332996 0.0904214 0.0498149 0.0050163 0.0000000 0.0747266 0.0588052 0.0620294 0.0068221 0.0929903 0.0527156 0.0756019 0.0707565 0.0573976 0.0557805 0.0757011 0.0781595 0.0764432 0.0945188 0.0210305 0.0737981 0.0999939 0.0918485 0.0746100 0.0361768 0.0757180 0.0325849 0.0185402 0.0558647 0.0613495 0.0608656 0.0592319 0.0976413 0.0745677 0.0896567 
Dasyuridae_Dasyurus_maculatus                0.0552387 0.0717882 0.0597403 0.0756022 0.0747266 0.0000000 0.0796360 0.0819898 0.0714980 0.0637934 0.0764777 0.0125801 0.0146177 0.0804517 0.0741967 0.0117484 0.0049861 0.0149113 0.0647923 0.0694041 0.0941938 0.0739414 0.0839069 0.0166346 0.0875802 0.0554993 0.0475641 0.0632467 0.0763100 0.0748708 0.0751752 0.0823682 0.0691679 0.0022631 0.0614190 
Phalangeridae_Trichosurus_vulpecula          0.0347061 0.1281616 0.0572286 0.0593715 0.0588052 0.0796360 0.0000000 0.0148544 0.0530915 0.0800569 0.0168870 0.0717850 0.0714946 0.0128049 0.0621821 0.0732537 0.0787629 0.0797007 0.0886298 0.0508653 0.0725657 0.0993442 0.0907153 0.0871827 0.0616818 0.0804402 0.0310619 0.0467080 0.0583401 0.0690497 0.0592326 0.0135740 0.0825511 0.0765999 0.0787874 
Phalangeridae_Spilocuscus_maculatus          0.0340534 0.1306270 0.0533014 0.0632862 0.0620294 0.0819898 0.0148544 0.0000000 0.0585272 0.0780576 0.0114391 0.0741996 0.0755189 0.0076684 0.0615254 0.0758866 0.0819114 0.0781148 0.0909284 0.0548052 0.0727069 0.1025080 0.0945668 0.0923604 0.0627780 0.0814578 0.0254062 0.0469196 0.0483166 0.0686985 0.0585112 0.0084407 0.0818187 0.0787346 0.0796454 
Potoroidae_Aepyprymnus_rufescens             0.0321650 0.1238973 0.0512417 0.0090019 0.0068221 0.0714980 0.0530915 0.0585272 0.0000000 0.0857527 0.0489336 0.0710503 0.0659856 0.0530639 0.0522114 0.0711298 0.0746940 0.0723559 0.0951299 0.0187546 0.0695191 0.0949656 0.0885587 0.0827119 0.0345639 0.0717445 0.0304555 0.0153239 0.0552700 0.0581177 0.0528774 0.0547745 0.0916319 0.0714026 0.0846080 
Peramelidae_Perameles_nasuta                 0.0645586 0.1242464 0.0732685 0.0923141 0.0929903 0.0637934 0.0800569 0.0780576 0.0857527 0.0000000 0.0791238 0.0691621 0.0644890 0.0776407 0.0791671 0.0666122 0.0668832 0.0660878 0.0142406 0.0823965 0.1034108 0.0919877 0.0940160 0.0772014 0.0946489 0.0736958 0.0509980 0.0774308 0.0883995 0.0950717 0.0795282 0.0794996 0.0092256 0.0609531 0.0009596 
Phalangeridae_Strigocuscus_pelengensis       0.0308799 0.1301740 0.0448130 0.0518730 0.0527156 0.0764777 0.0168870 0.0114391 0.0489336 0.0791238 0.0000000 0.0686369 0.0689891 0.0084839 0.0531873 0.0709328 0.0754654 0.0732022 0.0901971 0.0480472 0.0584829 0.0987722 0.0832909 0.0842912 0.0551008 0.0766070 0.0291889 0.0408757 0.0555906 0.0598875 0.0491371 0.0092627 0.0872054 0.0733001 0.0792657 
Dasyuridae_Phascogale_tapoatafa              0.0586904 0.1147073 0.0668028 0.0778444 0.0756019 0.0125801 0.0717850 0.0741996 0.0710503 0.0691621 0.0686369 0.0000000 0.0159693 0.0725671 0.0743132 0.0012243 0.0126438 0.0198033 0.0799348 0.0741185 0.0886375 0.0780320 0.0838187 0.0145704 0.0854189 0.0615558 0.0468687 0.0634508 0.0768264 0.0774037 0.0723995 0.0742862 0.0748402 0.0113631 0.0691465 
Dasyuridae_Sminthopsis_macroura              0.0543683 0.1073522 0.0593495 0.0740298 0.0707565 0.0146177 0.0714946 0.0755189 0.0659856 0.0644890 0.0689891 0.0159693 0.0000000 0.0722216 0.0704744 0.0159493 0.0153713 0.0134264 0.0711661 0.0669236 0.0883384 0.0792614 0.0830067 0.0272205 0.0843664 0.0594028 0.0450796 0.0581554 0.0772490 0.0749887 0.0687151 0.0739868 0.0712063 0.0121426 0.0644740 
Phalangeridae_Phalanger_orientalis           0.0310063 0.1253317 0.0515817 0.0580577 0.0573976 0.0804517 0.0128049 0.0076684 0.0530639 0.0776407 0.0084839 0.0725671 0.0722216 0.0000000 0.0563602 0.0740455 0.0795716 0.0804397 0.0883219 0.0495790 0.0682405 0.0978091 0.0879074 0.0881730 0.0577582 0.0773356 0.0291154 0.0440436 0.0524592 0.0649975 0.0516442 0.0006084 0.0830783 0.0774612 0.0763777 
Acrobatidae_Acrobates_pygmaeus               0.0315319 0.1199008 0.0524643 0.0547054 0.0557805 0.0741967 0.0621821 0.0615254 0.0522114 0.0791671 0.0531873 0.0743132 0.0704744 0.0563602 0.0000000 0.0744035 0.0773346 0.0730026 0.0774386 0.0461420 0.0662056 0.0918520 0.0858238 0.0841787 0.0537188 0.0776087 0.0285757 0.0409980 0.0579717 0.0451224 0.0255052 0.0581983 0.0837336 0.0711479 0.0738571 
Dasyuridae_Phascogale_calura                 0.0584165 0.1132787 0.0668710 0.0786573 0.0757011 0.0117484 0.0732537 0.0758866 0.0711298 0.0666122 0.0709328 0.0012243 0.0159493 0.0740455 0.0744035 0.0000000 0.0126258 0.0187897 0.0779073 0.0742071 0.0894951 0.0766363 0.0832050 0.0137368 0.0855378 0.0616503 0.0468890 0.0635142 0.0769907 0.0760636 0.0724833 0.0757727 0.0728356 0.0105508 0.0665047 
Dasyuridae_Sarcophilus_harrisii              0.0609815 0.1149463 0.0658635 0.0815316 0.0781595 0.0049861 0.0787629 0.0819114 0.0746940 0.0668832 0.0754654 0.0126438 0.0153713 0.0795716 0.0773346 0.0126258 0.0000000 0.0149065 0.0758425 0.0757362 0.0904922 0.0797505 0.0889265 0.0250297 0.0928271 0.0586030 0.0482655 0.0652907 0.0788566 0.0797657 0.0734310 0.0812874 0.0717361 0.0039427 0.0665799 
Dasyuridae_Planigale_tenuirostris            0.0537181 0.0650260 0.0588145 0.0783375 0.0764432 0.0149113 0.0797007 0.0781148 0.0723559 0.0660878 0.0732022 0.0198033 0.0134264 0.0804397 0.0730026 0.0187897 0.0149065 0.0000000 0.0665738 0.0696105 0.0947805 0.0832705 0.0857006 0.0241062 0.0871344 0.0597631 0.0453991 0.0631651 0.0750222 0.0768176 0.0753016 0.0826391 0.0709859 0.0130330 0.0651378 
Peramelidae_Echymipera_kalubu                0.0660878 0.1273352 0.0759964 0.0977066 0.0945188 0.0647923 0.0886298 0.0909284 0.0951299 0.0142406 0.0901971 0.0799348 0.0711661 0.0883219 0.0774386 0.0779073 0.0758425 0.0665738 0.0000000 0.0845766 0.1098350 0.0947344 0.0984309 0.0815941 0.0923615 0.0825225 0.0503182 0.0753881 0.0987508 0.0928481 0.0854164 0.0901571 0.0143302 0.0619968 0.0113202 
Macropodidae_Dorcopsulus_vanheurni           0.0339631 0.1212014 0.0439443 0.0211154 0.0210305 0.0694041 0.0508653 0.0548052 0.0187546 0.0823965 0.0480472 0.0741185 0.0669236 0.0495790 0.0461420 0.0742071 0.0757362 0.0696105 0.0845766 0.0000000 0.0660951 0.0916909 0.0843060 0.0789137 0.0314129 0.0699648 0.0295587 0.0065552 0.0535368 0.0533204 0.0474311 0.0513541 0.0890426 0.0679756 0.0775408 
Pseudochiridae_Pseudochirulus_forbesi        0.0465632 0.1487469 0.0736801 0.0763270 0.0737981 0.0941938 0.0725657 0.0727069 0.0695191 0.1034108 0.0584829 0.0886375 0.0883384 0.0682405 0.0662056 0.0894951 0.0904922 0.0947805 0.1098350 0.0660951 0.0000000 0.1170099 0.1083424 0.1024467 0.0724516 0.0979714 0.0275933 0.0630569 0.0298134 0.0604837 0.0634047 0.0699719 0.1093625 0.0918067 0.1025441 
Didelphidae_Didelphis_virginiana             0.0699129 0.1372446 0.0878458 0.0957678 0.0999939 0.0739414 0.0993442 0.1025080 0.0949656 0.0919877 0.0987722 0.0780320 0.0792614 0.0978091 0.0918520 0.0766363 0.0797505 0.0832705 0.0947344 0.0916909 0.1170099 0.0000000 0.0293406 0.0821441 0.0950910 0.0765045 0.0653617 0.0872654 0.1005402 0.1045453 0.0919460 0.0992659 0.0930315 0.0709496 0.0879193 
Marmosidae_Monodelphis_domestica             0.0593183 0.1376882 0.0814733 0.0892296 0.0918485 0.0839069 0.0907153 0.0945668 0.0885587 0.0940160 0.0832909 0.0838187 0.0830067 0.0879074 0.0858238 0.0832050 0.0889265 0.0857006 0.0984309 0.0843060 0.1083424 0.0293406 0.0000000 0.0902941 0.0946724 0.0781452 0.0605761 0.0818908 0.0895506 0.0950548 0.0888376 0.0898850 0.0950940 0.0808532 0.0906945 
Dasyuridae_Antechinus_stuartii               0.0669250 0.1210584 0.0693777 0.0826035 0.0746100 0.0166346 0.0871827 0.0923604 0.0827119 0.0772014 0.0842912 0.0145704 0.0272205 0.0881730 0.0841787 0.0137368 0.0250297 0.0241062 0.0815941 0.0789137 0.1024467 0.0821441 0.0902941 0.0000000 0.0881378 0.0670521 0.0528586 0.0649460 0.0955371 0.0886702 0.0875089 0.0899383 0.0849946 0.0153091 0.0727083 
Hypsiprymnodontidae_Hypsiprymnodon_moschatus 0.0393282 0.1404571 0.0608389 0.0352451 0.0361768 0.0875802 0.0616818 0.0627780 0.0345639 0.0946489 0.0551008 0.0854189 0.0843664 0.0577582 0.0537188 0.0855378 0.0928271 0.0871344 0.0923615 0.0314129 0.0724516 0.0950910 0.0946724 0.0881378 0.0000000 0.0817290 0.0338108 0.0273745 0.0651593 0.0599595 0.0600277 0.0594626 0.1004409 0.0859899 0.0893473 
Microbiotheriidae_Dromiciops_gliroides       0.0501858 0.1256939 0.0650395 0.0772043 0.0757180 0.0554993 0.0804402 0.0814578 0.0717445 0.0736958 0.0766070 0.0615558 0.0594028 0.0773356 0.0776087 0.0616503 0.0586030 0.0597631 0.0825225 0.0699648 0.0979714 0.0765045 0.0781452 0.0670521 0.0817290 0.0000000 0.0482230 0.0627295 0.0892835 0.0900595 0.0794519 0.0795539 0.0786276 0.0527322 0.0704514 
Pseudochiridae_Petauroides_volans            0.0291246 0.0591210 0.0296949 0.0332268 0.0325849 0.0475641 0.0310619 0.0254062 0.0304555 0.0509980 0.0291889 0.0468687 0.0450796 0.0291154 0.0285757 0.0468890 0.0482655 0.0453991 0.0503182 0.0295587 0.0275933 0.0653617 0.0605761 0.0528586 0.0338108 0.0482230 0.0000000 0.0242306 0.0180608 0.0275998 0.0296339 0.0303626 0.0540198 0.0452801 0.0486176 
Macropodidae_Wallabia_bicolor                0.0268090 0.0722308 0.0380622 0.0181057 0.0185402 0.0632467 0.0467080 0.0469196 0.0153239 0.0774308 0.0408757 0.0634508 0.0581554 0.0440436 0.0409980 0.0635142 0.0652907 0.0631651 0.0753881 0.0065552 0.0630569 0.0872654 0.0818908 0.0649460 0.0273745 0.0627295 0.0242306 0.0000000 0.0438604 0.0454092 0.0430608 0.0458188 0.0810030 0.0618622 0.0738612 
Pseudochiridae_Pseudocheirus_occidentalis    0.0446206 0.1348596 0.0600616 0.0630822 0.0558647 0.0763100 0.0583401 0.0483166 0.0552700 0.0883995 0.0555906 0.0768264 0.0772490 0.0524592 0.0579717 0.0769907 0.0788566 0.0750222 0.0987508 0.0535368 0.0298134 0.1005402 0.0895506 0.0955371 0.0651593 0.0892835 0.0180608 0.0438604 0.0000000 0.0520522 0.0524775 0.0537682 0.0902832 0.0729052 0.0913729 
Tarsipedidae_Tarsipes_rostratus              0.0355269 0.1306100 0.0605308 0.0614710 0.0613495 0.0748708 0.0690497 0.0686985 0.0581177 0.0950717 0.0598875 0.0774037 0.0749887 0.0649975 0.0451224 0.0760636 0.0797657 0.0768176 0.0928481 0.0533204 0.0604837 0.1045453 0.0950548 0.0886702 0.0599595 0.0900595 0.0275998 0.0454092 0.0520522 0.0000000 0.0475022 0.0662223 0.1004441 0.0718966 0.0913878 
Acrobatidae_Distoechurus_pennatus            0.0410923 0.1260139 0.0499952 0.0592907 0.0608656 0.0751752 0.0592326 0.0585112 0.0528774 0.0795282 0.0491371 0.0723995 0.0687151 0.0516442 0.0255052 0.0724833 0.0734310 0.0753016 0.0854164 0.0474311 0.0634047 0.0919460 0.0888376 0.0875089 0.0600277 0.0794519 0.0296339 0.0430608 0.0524775 0.0475022 0.0000000 0.0534568 0.0844425 0.0722129 0.0783782 
Phalangeridae_Phalanger_carmelitae           0.0321544 0.1273350 0.0532891 0.0597684 0.0592319 0.0823682 0.0135740 0.0084407 0.0547745 0.0794996 0.0092627 0.0742862 0.0739868 0.0006084 0.0581983 0.0757727 0.0812874 0.0826391 0.0901571 0.0513541 0.0699719 0.0992659 0.0898850 0.0899383 0.0594626 0.0795539 0.0303626 0.0458188 0.0537682 0.0662223 0.0534568 0.0000000 0.0849498 0.0793085 0.0782411 
Peramelidae_Peroryctes_raffrayana            0.0716305 0.1298067 0.0778681 0.1001306 0.0976413 0.0691679 0.0825511 0.0818187 0.0916319 0.0092256 0.0872054 0.0748402 0.0712063 0.0830783 0.0837336 0.0728356 0.0717361 0.0709859 0.0143302 0.0890426 0.1093625 0.0930315 0.0950940 0.0849946 0.1004409 0.0786276 0.0540198 0.0810030 0.0902832 0.1004441 0.0844425 0.0849498 0.0000000 0.0662324 0.0099197 
Dasyuridae_Dasyurus_geffroii                 0.0529075 0.0687965 0.0569466 0.0754407 0.0745677 0.0022631 0.0765999 0.0787346 0.0714026 0.0609531 0.0733001 0.0113631 0.0121426 0.0774612 0.0711479 0.0105508 0.0039427 0.0130330 0.0619968 0.0679756 0.0918067 0.0709496 0.0808532 0.0153091 0.0859899 0.0527322 0.0452801 0.0618622 0.0729052 0.0718966 0.0722129 0.0793085 0.0662324 0.0000000 0.0586252 
Peramelidae_Perameles_gunnii                 0.0601611 0.1204026 0.0687238 0.0887108 0.0896567 0.0614190 0.0787874 0.0796454 0.0846080 0.0009596 0.0792657 0.0691465 0.0644740 0.0763777 0.0738571 0.0665047 0.0665799 0.0651378 0.0113202 0.0775408 0.1025441 0.0879193 0.0906945 0.0727083 0.0893473 0.0704514 0.0486176 0.0738612 0.0913729 0.0913878 0.0783782 0.0782411 0.0099197 0.0586252 0.0000000 
