35
Burramyidae_Burramys_parvus                  0.0000000 0.0555075 0.0383911 0.0522158 0.0518330 0.0648400 0.0392689 0.0381966 0.0510970 0.0697289 0.0398104 0.0679423 0.0668773 0.0372929 0.0520612 0.0675571 0.0662921 0.0656054 0.0703237 0.0575765 0.0466345 0.0961178 0.0776648 0.0669027 0.0480657 0.0558911 0.0590923 0.0566676 0.0428499 0.0483589 0.0448137 0.0371394 0.0709402 0.0701549 0.0693587 
Notoryctidae_Notoryctes_typhlops             0.0555075 0.0000000 0.0498920 0.0702929 0.0702208 0.0568563 0.0491943 0.0519276 0.0661346 0.0646611 0.0507299 0.0590472 0.0589276 0.0496616 0.0629852 0.0586932 0.0602572 0.0584626 0.0655412 0.0736811 0.0567331 0.0881305 0.0734956 0.0579422 0.0601936 0.0565304 0.0654794 0.0719474 0.0558563 0.0564602 0.0586547 0.0484192 0.0677894 0.0638827 0.0638460 
Vombatidae_Lasiorhinus_latifrons             0.0383911 0.0498920 0.0000000 0.0580083 0.0584592 0.0600300 0.0424974 0.0401171 0.0548130 0.0626339 0.0391683 0.0600121 0.0601600 0.0378001 0.0509115 0.0600337 0.0618616 0.0599404 0.0639782 0.0599542 0.0446612 0.0889386 0.0749274 0.0641774 0.0511107 0.0501936 0.0549719 0.0560320 0.0433613 0.0480098 0.0474832 0.0372668 0.0627453 0.0658020 0.0619207 
Potoroidae_Bettongia_penicillata             0.0522158 0.0702929 0.0580083 0.0000000 0.0084892 0.0802316 0.0544557 0.0557262 0.0131797 0.0815404 0.0547400 0.0838797 0.0810641 0.0546957 0.0667778 0.0839650 0.0821589 0.0751909 0.0820845 0.0388021 0.0632950 0.1090295 0.0982372 0.0843011 0.0459803 0.0732595 0.0700939 0.0368527 0.0612600 0.0606535 0.0606600 0.0532642 0.0844529 0.0869097 0.0795590 
Potoroidae_Bettongia_lesueur                 0.0518330 0.0702208 0.0584592 0.0084892 0.0000000 0.0782500 0.0534286 0.0543213 0.0116467 0.0812573 0.0525826 0.0819153 0.0791235 0.0532750 0.0669731 0.0819983 0.0797515 0.0735781 0.0809531 0.0361784 0.0625964 0.1072221 0.0969691 0.0829481 0.0446129 0.0739329 0.0686942 0.0359327 0.0601785 0.0595831 0.0588259 0.0518762 0.0849607 0.0848841 0.0796602 
Dasyuridae_Dasyurus_maculatus                0.0648400 0.0568563 0.0600300 0.0802316 0.0782500 0.0000000 0.0620542 0.0637997 0.0751333 0.0732518 0.0630770 0.0151537 0.0198392 0.0619843 0.0723479 0.0148493 0.0052188 0.0169339 0.0753480 0.0822727 0.0650472 0.0959904 0.0800574 0.0171239 0.0699000 0.0625955 0.0743060 0.0806280 0.0630275 0.0682034 0.0650609 0.0608596 0.0775651 0.0087826 0.0725425 
Phalangeridae_Trichosurus_vulpecula          0.0392689 0.0491943 0.0424974 0.0544557 0.0534286 0.0620542 0.0000000 0.0194987 0.0527599 0.0662341 0.0174834 0.0627843 0.0613682 0.0167249 0.0510361 0.0608847 0.0642434 0.0629071 0.0652036 0.0553122 0.0488604 0.0948840 0.0800019 0.0644478 0.0470295 0.0556336 0.0613758 0.0529015 0.0465307 0.0483595 0.0494763 0.0163309 0.0686538 0.0694091 0.0650466 
Phalangeridae_Spilocuscus_maculatus          0.0381966 0.0519276 0.0401171 0.0557262 0.0543213 0.0637997 0.0194987 0.0000000 0.0517395 0.0664196 0.0096330 0.0637439 0.0642464 0.0106133 0.0546138 0.0618318 0.0652113 0.0635352 0.0657784 0.0558011 0.0482388 0.0949001 0.0815636 0.0656493 0.0511462 0.0546643 0.0613576 0.0541679 0.0450720 0.0481500 0.0485591 0.0096625 0.0662103 0.0704281 0.0652680 
Potoroidae_Aepyprymnus_rufescens             0.0510970 0.0661346 0.0548130 0.0131797 0.0116467 0.0751333 0.0527599 0.0517395 0.0000000 0.0781400 0.0500670 0.0806563 0.0794884 0.0511143 0.0655034 0.0811245 0.0767095 0.0745640 0.0783113 0.0321857 0.0618776 0.1049323 0.0934798 0.0800192 0.0432936 0.0703375 0.0664332 0.0288360 0.0589358 0.0576547 0.0537967 0.0496846 0.0799022 0.0815125 0.0765327 
Peramelidae_Perameles_nasuta                 0.0697289 0.0646611 0.0626339 0.0815404 0.0812573 0.0732518 0.0662341 0.0664196 0.0781400 0.0000000 0.0649762 0.0735402 0.0717565 0.0647375 0.0733550 0.0731063 0.0747530 0.0719934 0.0105899 0.0863268 0.0755728 0.0981993 0.0852096 0.0754422 0.0764020 0.0675178 0.0855595 0.0846519 0.0709878 0.0679549 0.0715579 0.0639488 0.0113363 0.0769368 0.0008637 
Phalangeridae_Strigocuscus_pelengensis       0.0398104 0.0507299 0.0391683 0.0547400 0.0525826 0.0630770 0.0174834 0.0096330 0.0500670 0.0649762 0.0000000 0.0629979 0.0619836 0.0077935 0.0517588 0.0610615 0.0653917 0.0629443 0.0654998 0.0542250 0.0489367 0.0922060 0.0791296 0.0649084 0.0501259 0.0534986 0.0600697 0.0524583 0.0461863 0.0469294 0.0486330 0.0068674 0.0664192 0.0699022 0.0641589 
Dasyuridae_Phascogale_tapoatafa              0.0679423 0.0590472 0.0600121 0.0838797 0.0819153 0.0151537 0.0627843 0.0637439 0.0806563 0.0735402 0.0629979 0.0000000 0.0207762 0.0623529 0.0747425 0.0063632 0.0169842 0.0202185 0.0748455 0.0862744 0.0656630 0.0971138 0.0799428 0.0123947 0.0706528 0.0625294 0.0756866 0.0854213 0.0659938 0.0696431 0.0687825 0.0619701 0.0765695 0.0204593 0.0728326 
Dasyuridae_Sminthopsis_macroura              0.0668773 0.0589276 0.0601600 0.0810641 0.0791235 0.0198392 0.0613682 0.0642464 0.0794884 0.0717565 0.0619836 0.0207762 0.0000000 0.0613177 0.0709106 0.0220373 0.0217215 0.0165287 0.0742676 0.0839266 0.0659305 0.0962873 0.0792469 0.0241477 0.0708104 0.0595156 0.0760056 0.0835756 0.0639139 0.0685827 0.0666455 0.0605626 0.0763463 0.0255998 0.0706405 
Phalangeridae_Phalanger_orientalis           0.0372929 0.0496616 0.0378001 0.0546957 0.0532750 0.0619843 0.0167249 0.0106133 0.0511143 0.0647375 0.0077935 0.0623529 0.0613177 0.0000000 0.0502206 0.0608673 0.0637577 0.0618274 0.0640712 0.0540560 0.0469229 0.0920485 0.0766196 0.0647427 0.0479233 0.0529941 0.0592803 0.0527936 0.0442093 0.0450257 0.0482873 0.0040453 0.0656593 0.0686023 0.0634812 
Acrobatidae_Acrobates_pygmaeus               0.0520612 0.0629852 0.0509115 0.0667778 0.0669731 0.0723479 0.0510361 0.0546138 0.0655034 0.0733550 0.0517588 0.0747425 0.0709106 0.0502206 0.0000000 0.0752613 0.0746871 0.0714778 0.0742940 0.0688569 0.0510925 0.1012707 0.0898056 0.0725940 0.0532238 0.0710560 0.0629091 0.0682648 0.0486792 0.0569205 0.0408329 0.0495674 0.0750356 0.0780799 0.0722152 
Dasyuridae_Phascogale_calura                 0.0675571 0.0586932 0.0600337 0.0839650 0.0819983 0.0148493 0.0608847 0.0618318 0.0811245 0.0731063 0.0610615 0.0063632 0.0220373 0.0608673 0.0752613 0.0000000 0.0172986 0.0202185 0.0748170 0.0846724 0.0649441 0.0970735 0.0806888 0.0127529 0.0719244 0.0621303 0.0753269 0.0838166 0.0652326 0.0676847 0.0684036 0.0604946 0.0761516 0.0210965 0.0723976 
Dasyuridae_Sarcophilus_harrisii              0.0662921 0.0602572 0.0618616 0.0821589 0.0797515 0.0052188 0.0642434 0.0652113 0.0767095 0.0747530 0.0653917 0.0169842 0.0217215 0.0637577 0.0746871 0.0172986 0.0000000 0.0185652 0.0768896 0.0845551 0.0665271 0.0944520 0.0802231 0.0178212 0.0705502 0.0629099 0.0749187 0.0825243 0.0636026 0.0696087 0.0661050 0.0626534 0.0791113 0.0111741 0.0740497 
Dasyuridae_Planigale_tenuirostris            0.0656054 0.0584626 0.0599404 0.0751909 0.0735781 0.0169339 0.0629071 0.0635352 0.0745640 0.0719934 0.0629443 0.0202185 0.0165287 0.0618274 0.0714778 0.0202185 0.0185652 0.0000000 0.0729230 0.0778340 0.0634600 0.0932945 0.0784332 0.0228683 0.0700242 0.0595712 0.0750160 0.0799827 0.0630892 0.0687035 0.0649126 0.0608961 0.0765836 0.0232393 0.0711192 
Peramelidae_Echymipera_kalubu                0.0703237 0.0655412 0.0639782 0.0820845 0.0809531 0.0753480 0.0652036 0.0657784 0.0783113 0.0105899 0.0654998 0.0748455 0.0742676 0.0640712 0.0742940 0.0748170 0.0768896 0.0729230 0.0000000 0.0856081 0.0740487 0.0993603 0.0875726 0.0768925 0.0773382 0.0681046 0.0857925 0.0843568 0.0695492 0.0704816 0.0711929 0.0633101 0.0119817 0.0790972 0.0103409 
Macropodidae_Dorcopsulus_vanheurni           0.0575765 0.0736811 0.0599542 0.0388021 0.0361784 0.0822727 0.0553122 0.0558011 0.0321857 0.0863268 0.0542250 0.0862744 0.0839266 0.0540560 0.0688569 0.0846724 0.0845551 0.0778340 0.0856081 0.0000000 0.0676439 0.1125215 0.1000716 0.0874460 0.0495958 0.0765454 0.0744425 0.0187545 0.0648174 0.0638257 0.0632232 0.0526568 0.0888580 0.0889658 0.0847317 
Pseudochiridae_Pseudochirulus_forbesi        0.0466345 0.0567331 0.0446612 0.0632950 0.0625964 0.0650472 0.0488604 0.0482388 0.0618776 0.0755728 0.0489367 0.0656630 0.0659305 0.0469229 0.0510925 0.0649441 0.0665271 0.0634600 0.0740487 0.0676439 0.0000000 0.0949115 0.0818827 0.0681694 0.0546967 0.0635105 0.0349832 0.0659396 0.0133866 0.0431078 0.0461487 0.0459458 0.0753975 0.0705352 0.0742787 
Didelphidae_Didelphis_virginiana             0.0961178 0.0881305 0.0889386 0.1090295 0.1072221 0.0959904 0.0948840 0.0949001 0.1049323 0.0981993 0.0922060 0.0971138 0.0962873 0.0920485 0.1012707 0.0970735 0.0944520 0.0932945 0.0993603 0.1125215 0.0949115 0.0000000 0.0346878 0.0977918 0.1024158 0.0897066 0.0953538 0.1097758 0.0937196 0.0971810 0.0922208 0.0911002 0.1013920 0.1006725 0.0990100 
Marmosidae_Monodelphis_domestica             0.0776648 0.0734956 0.0749274 0.0982372 0.0969691 0.0800574 0.0800019 0.0815636 0.0934798 0.0852096 0.0791296 0.0799428 0.0792469 0.0766196 0.0898056 0.0806888 0.0802231 0.0784332 0.0875726 0.1000716 0.0818827 0.0346878 0.0000000 0.0796517 0.0887782 0.0779317 0.0906546 0.0971736 0.0788555 0.0874683 0.0815603 0.0771418 0.0871372 0.0847332 0.0848846 
Dasyuridae_Antechinus_stuartii               0.0669027 0.0579422 0.0641774 0.0843011 0.0829481 0.0171239 0.0644478 0.0656493 0.0800192 0.0754422 0.0649084 0.0123947 0.0241477 0.0647427 0.0725940 0.0127529 0.0178212 0.0228683 0.0768925 0.0874460 0.0681694 0.0977918 0.0796517 0.0000000 0.0723237 0.0639529 0.0790085 0.0865257 0.0680869 0.0716316 0.0712056 0.0649177 0.0793991 0.0210920 0.0751413 
Hypsiprymnodontidae_Hypsiprymnodon_moschatus 0.0480657 0.0601936 0.0511107 0.0459803 0.0446129 0.0699000 0.0470295 0.0511462 0.0432936 0.0764020 0.0501259 0.0706528 0.0708104 0.0479233 0.0532238 0.0719244 0.0705502 0.0700242 0.0773382 0.0495958 0.0546967 0.1024158 0.0887782 0.0723237 0.0000000 0.0673688 0.0617853 0.0494280 0.0512139 0.0548990 0.0515684 0.0469556 0.0789813 0.0763042 0.0747699 
Microbiotheriidae_Dromiciops_gliroides       0.0558911 0.0565304 0.0501936 0.0732595 0.0739329 0.0625955 0.0556336 0.0546643 0.0703375 0.0675178 0.0534986 0.0625294 0.0595156 0.0529941 0.0710560 0.0621303 0.0629099 0.0595712 0.0681046 0.0765454 0.0635105 0.0897066 0.0779317 0.0639529 0.0673688 0.0000000 0.0769732 0.0743589 0.0625712 0.0626634 0.0651174 0.0529697 0.0694590 0.0673300 0.0668848 
Pseudochiridae_Petauroides_volans            0.0590923 0.0654794 0.0549719 0.0700939 0.0686942 0.0743060 0.0613758 0.0613576 0.0664332 0.0855595 0.0600697 0.0756866 0.0760056 0.0592803 0.0629091 0.0753269 0.0749187 0.0750160 0.0857925 0.0744425 0.0349832 0.0953538 0.0906546 0.0790085 0.0617853 0.0769732 0.0000000 0.0721635 0.0345496 0.0509556 0.0547974 0.0578959 0.0880536 0.0793569 0.0843852 
Macropodidae_Wallabia_bicolor                0.0566676 0.0719474 0.0560320 0.0368527 0.0359327 0.0806280 0.0529015 0.0541679 0.0288360 0.0846519 0.0524583 0.0854213 0.0835756 0.0527936 0.0682648 0.0838166 0.0825243 0.0799827 0.0843568 0.0187545 0.0659396 0.1097758 0.0971736 0.0865257 0.0494280 0.0743589 0.0721635 0.0000000 0.0630939 0.0625029 0.0623331 0.0514030 0.0871169 0.0881699 0.0830506 
Pseudochiridae_Pseudocheirus_occidentalis    0.0428499 0.0558563 0.0433613 0.0612600 0.0601785 0.0630275 0.0465307 0.0450720 0.0589358 0.0709878 0.0461863 0.0659938 0.0639139 0.0442093 0.0486792 0.0652326 0.0636026 0.0630892 0.0695492 0.0648174 0.0133866 0.0937196 0.0788555 0.0680869 0.0512139 0.0625712 0.0345496 0.0630939 0.0000000 0.0425586 0.0438575 0.0429373 0.0715280 0.0680964 0.0694291 
Tarsipedidae_Tarsipes_rostratus              0.0483589 0.0564602 0.0480098 0.0606535 0.0595831 0.0682034 0.0483595 0.0481500 0.0576547 0.0679549 0.0469294 0.0696431 0.0685827 0.0450257 0.0569205 0.0676847 0.0696087 0.0687035 0.0704816 0.0638257 0.0431078 0.0971810 0.0874683 0.0716316 0.0548990 0.0626634 0.0509556 0.0625029 0.0425586 0.0000000 0.0506874 0.0433853 0.0706913 0.0737383 0.0671930 
Acrobatidae_Distoechurus_pennatus            0.0448137 0.0586547 0.0474832 0.0606600 0.0588259 0.0650609 0.0494763 0.0485591 0.0537967 0.0715579 0.0486330 0.0687825 0.0666455 0.0482873 0.0408329 0.0684036 0.0661050 0.0649126 0.0711929 0.0632232 0.0461487 0.0922208 0.0815603 0.0712056 0.0515684 0.0651174 0.0547974 0.0623331 0.0438575 0.0506874 0.0000000 0.0455554 0.0711797 0.0709247 0.0703706 
Phalangeridae_Phalanger_carmelitae           0.0371394 0.0484192 0.0372668 0.0532642 0.0518762 0.0608596 0.0163309 0.0096625 0.0496846 0.0639488 0.0068674 0.0619701 0.0605626 0.0040453 0.0495674 0.0604946 0.0626534 0.0608961 0.0633101 0.0526568 0.0459458 0.0911002 0.0771418 0.0649177 0.0469556 0.0529697 0.0578959 0.0514030 0.0429373 0.0433853 0.0455554 0.0000000 0.0647230 0.0681751 0.0627969 
Peramelidae_Peroryctes_raffrayana            0.0709402 0.0677894 0.0627453 0.0844529 0.0849607 0.0775651 0.0686538 0.0662103 0.0799022 0.0113363 0.0664192 0.0765695 0.0763463 0.0656593 0.0750356 0.0761516 0.0791113 0.0765836 0.0119817 0.0888580 0.0753975 0.1013920 0.0871372 0.0793991 0.0789813 0.0694590 0.0880536 0.0871169 0.0715280 0.0706913 0.0711797 0.0647230 0.0000000 0.0813750 0.0114054 
Dasyuridae_Dasyurus_geffroii                 0.0701549 0.0638827 0.0658020 0.0869097 0.0848841 0.0087826 0.0694091 0.0704281 0.0815125 0.0769368 0.0699022 0.0204593 0.0255998 0.0686023 0.0780799 0.0210965 0.0111741 0.0232393 0.0790972 0.0889658 0.0705352 0.1006725 0.0847332 0.0210920 0.0763042 0.0673300 0.0793569 0.0881699 0.0680964 0.0737383 0.0709247 0.0681751 0.0813750 0.0000000 0.0770098 
Peramelidae_Perameles_gunnii                 0.0693587 0.0638460 0.0619207 0.0795590 0.0796602 0.0725425 0.0650466 0.0652680 0.0765327 0.0008637 0.0641589 0.0728326 0.0706405 0.0634812 0.0722152 0.0723976 0.0740497 0.0711192 0.0103409 0.0847317 0.0742787 0.0990100 0.0848846 0.0751413 0.0747699 0.0668848 0.0843852 0.0830506 0.0694291 0.0671930 0.0703706 0.0627969 0.0114054 0.0770098 0.0000000 
