39
Peramelidae_Isoodon_obesulus1                0.0000000 0.1137404 0.1344505 0.1171640 0.1126738 0.1175452 0.1277242 0.1052779 0.1492328 0.1374967 0.0086003 0.1487616 0.1468264 0.1399553 0.1438346 0.1245115 0.1374896 0.1368250 0.1499346 0.0239209 0.1110172 0.1445942 0.1284385 0.1295186 0.1318824 0.1095673 0.1117350 0.1206977 0.1132901 0.1477158 0.1487624 0.1268417 0.1438346 0.0000010 0.0331726 0.1322536 0.0057030 9.0000000 9.0000000 
Burramyidae_Burramys_parvus                  0.1137404 0.0000000 0.0798960 0.0636855 0.0586330 0.0584922 0.0751479 0.0453631 0.0499658 0.0646119 0.1511165 0.0555610 0.0737464 0.0773877 0.0633914 0.0651538 0.0726473 0.0760443 0.0726181 0.1477324 0.0550374 0.0703835 0.0988147 0.0982457 0.0720674 0.0570013 0.0639549 0.0415645 0.0533347 0.0461480 0.0490376 0.0625141 0.0624364 0.1137404 0.0681762 0.0756251 0.1558722 0.2792223 0.2792223 
Notoryctidae_Notoryctes_typhlops             0.1344505 0.0798960 0.0000000 0.0884343 0.0832636 0.0847699 0.0915679 0.0773395 0.0820844 0.0890545 0.1574691 0.0868700 0.0890244 0.0922760 0.0909119 0.0860678 0.0877114 0.0928363 0.0823271 0.1546486 0.0816531 0.0964246 0.1085407 0.1085124 0.0829210 0.0850018 0.0741393 0.0593253 0.0811189 0.0731506 0.0648447 0.0894811 0.0944387 0.1344505 0.0871784 0.0906200 0.1618828 0.4365127 0.4365127 
Vombatidae_Lasiorhinus_latifrons             0.1171640 0.0636855 0.0884343 0.0000000 0.0747861 0.0749262 0.0893423 0.0622953 0.0663828 0.0801633 0.1599270 0.0694414 0.0860590 0.0873350 0.0802329 0.0778576 0.0851413 0.0904321 0.0823428 0.1573300 0.0731199 0.0880021 0.1055255 0.1044649 0.0844297 0.0717320 0.0726335 0.0428153 0.0712582 0.0488958 0.0480244 0.0781263 0.0796769 0.1171640 0.0743724 0.0877884 0.1640061 0.3125800 0.3125800 
Potoroidae_Bettongia_penicillata             0.1126738 0.0586330 0.0832636 0.0747861 0.0000000 0.0039131 0.0823032 0.0605442 0.0650847 0.0155865 0.1539654 0.0708151 0.0834424 0.0851386 0.0774950 0.0730506 0.0813923 0.0824803 0.0780507 0.1498469 0.0206911 0.0794824 0.1015823 0.1033209 0.0798664 0.0428128 0.0691081 0.0522596 0.0193134 0.0527179 0.0542502 0.0730384 0.0784168 0.1126738 0.0781250 0.0819472 0.1574250 0.3359633 0.3359633 
Potoroidae_Bettongia_lesueur                 0.1175452 0.0584922 0.0847699 0.0749262 0.0039131 0.0000000 0.0839342 0.0610846 0.0653947 0.0152054 0.1560111 0.0714759 0.0839451 0.0858884 0.0777389 0.0739210 0.0823212 0.0841513 0.0793721 0.1518252 0.0207362 0.0800265 0.1030102 0.1048549 0.0811318 0.0433033 0.0694814 0.0532827 0.0189511 0.0538092 0.0559217 0.0744778 0.0787375 0.1175452 0.0808162 0.0828032 0.1594217 0.3320352 0.3320352 
Dasyuridae_Dasyurus_maculatus                0.1277242 0.0751479 0.0915679 0.0893423 0.0823032 0.0839342 0.0000000 0.0745012 0.0814932 0.0859319 0.1626612 0.0850258 0.0199548 0.0245489 0.0945644 0.0910891 0.0203876 0.0061823 0.0247338 0.1600532 0.0812712 0.0936637 0.1082039 0.1033657 0.0202077 0.0839820 0.0783721 0.0675713 0.0796083 0.0683389 0.0685799 0.0874170 0.0942588 0.1277242 0.0854481 0.0033549 0.1659175 0.1266526 0.1266526 
Phalangeridae_Trichosurus_vulpecula          0.1052779 0.0453631 0.0773395 0.0622953 0.0605442 0.0610846 0.0745012 0.0000000 0.0222927 0.0631602 0.1442190 0.0260823 0.0701867 0.0745146 0.0336755 0.0616227 0.0708777 0.0750556 0.0696541 0.1410072 0.0596358 0.0694518 0.0947597 0.0968221 0.0679423 0.0574978 0.0632421 0.0379211 0.0567277 0.0459167 0.0450496 0.0606373 0.0324947 0.1052779 0.0719464 0.0733664 0.1481260 0.2631760 0.2631760 
Phalangeridae_Spilocuscus_maculatus          0.1492328 0.0499658 0.0820844 0.0663828 0.0650847 0.0653947 0.0814932 0.0222927 0.0000000 0.0685083 0.1557564 0.0147048 0.0783179 0.0802730 0.0244097 0.0667793 0.0776866 0.0817951 0.0759907 0.1520797 0.0633145 0.0740116 0.1009089 0.1015705 0.0754781 0.0621149 0.0671658 0.0452425 0.0600535 0.0492791 0.0506233 0.0663860 0.0196992 0.1492328 0.0823555 0.0798334 0.1593363 0.2564608 0.2564608 
Potoroidae_Aepyprymnus_rufescens             0.1374967 0.0646119 0.0890545 0.0801633 0.0155865 0.0152054 0.0859319 0.0631602 0.0685083 0.0000000 0.1600812 0.0738954 0.0870140 0.0878261 0.0809641 0.0785205 0.0851760 0.0863963 0.0807709 0.1564024 0.0257895 0.0823843 0.1095903 0.1093609 0.0827739 0.0478906 0.0755673 0.0596580 0.0244264 0.0585752 0.0614990 0.0782919 0.0828417 0.1374967 0.0860127 0.0854697 0.1633679 0.3899836 0.3899836 
Peramelidae_Perameles_nasuta                 0.0086003 0.1511165 0.1574691 0.1599270 0.1539654 0.1560111 0.1626612 0.1442190 0.1557564 0.1600812 0.0000000 0.1649587 0.1597417 0.1618593 0.1702138 0.1604165 0.1578692 0.1641002 0.1616312 0.0204205 0.1554769 0.1632491 0.1720665 0.1697009 0.1524900 0.1569644 0.1387950 0.0705439 0.1544343 0.0774432 0.0718281 0.1621424 0.1740022 0.0086003 0.0154290 0.1621115 0.0016167 0.4094521 0.4094521 
Phalangeridae_Strigocuscus_pelengensis       0.1487616 0.0555610 0.0868700 0.0694414 0.0708151 0.0714759 0.0850258 0.0260823 0.0147048 0.0738954 0.1649587 0.0000000 0.0817573 0.0834238 0.0228858 0.0723968 0.0815559 0.0853471 0.0819103 0.1621100 0.0692631 0.0806930 0.1081779 0.1099445 0.0804511 0.0663418 0.0729264 0.0550867 0.0656108 0.0575392 0.0574505 0.0716512 0.0199120 0.1487616 0.0884853 0.0843745 0.1686672 0.1937637 0.1937637 
Dasyuridae_Phascogale_tapoatafa              0.1468264 0.0737464 0.0890244 0.0860590 0.0834424 0.0839451 0.0199548 0.0701867 0.0783179 0.0870140 0.1597417 0.0817573 0.0000000 0.0247738 0.0908895 0.0875981 0.0049126 0.0215948 0.0242398 0.1562475 0.0810601 0.0900354 0.1046591 0.1009174 0.0104880 0.0821331 0.0761338 0.0606994 0.0794195 0.0664115 0.0639554 0.0827772 0.0905501 0.1468264 0.0808741 0.0203523 0.1634273 0.1070318 0.1070318 
Dasyuridae_Sminthopsis_macroura              0.1399553 0.0773877 0.0922760 0.0873350 0.0851386 0.0858884 0.0245489 0.0745146 0.0802730 0.0878261 0.1618593 0.0834238 0.0247738 0.0000000 0.0931612 0.0904996 0.0243580 0.0257432 0.0231507 0.1597683 0.0834925 0.0935244 0.1076140 0.1005560 0.0253948 0.0847238 0.0754550 0.0686423 0.0808772 0.0694815 0.0673614 0.0856921 0.0926888 0.1399553 0.0872760 0.0233067 0.1667753 0.1277115 0.1277115 
Phalangeridae_Phalanger_orientalis           0.1438346 0.0633914 0.0909119 0.0802329 0.0774950 0.0777389 0.0945644 0.0336755 0.0244097 0.0809641 0.1702138 0.0228858 0.0908895 0.0931612 0.0000000 0.0760960 0.0908476 0.0938852 0.0914069 0.1683852 0.0758051 0.0856590 0.1195292 0.1150099 0.0912002 0.0754539 0.0799199 0.0650433 0.0724575 0.0691241 0.0773559 0.0780658 0.0222673 0.1438346 0.0991621 0.0930463 0.1731345 0.1913420 0.1913420 
Acrobatidae_Acrobates_pygmaeus               0.1245115 0.0651538 0.0860678 0.0778576 0.0730506 0.0739210 0.0910891 0.0616227 0.0667793 0.0785205 0.1604165 0.0723968 0.0875981 0.0904996 0.0760960 0.0000000 0.0875867 0.0916463 0.0822031 0.1578624 0.0697081 0.0693596 0.1088199 0.1085817 0.0838439 0.0720461 0.0754349 0.0327312 0.0695474 0.0469108 0.0419542 0.0430006 0.0786161 0.1245115 0.0770906 0.0899827 0.1650711 0.3460619 0.3460619 
Dasyuridae_Phascogale_calura                 0.1374896 0.0726473 0.0877114 0.0851413 0.0813923 0.0823212 0.0203876 0.0708777 0.0776866 0.0851760 0.1578692 0.0815559 0.0049126 0.0243580 0.0908476 0.0875867 0.0000000 0.0220216 0.0236839 0.1549091 0.0796352 0.0893192 0.1021010 0.1001821 0.0101954 0.0805477 0.0740768 0.0602308 0.0785420 0.0639860 0.0623992 0.0833545 0.0900008 0.1374896 0.0800699 0.0195561 0.1609547 0.1125260 0.1125260 
Dasyuridae_Sarcophilus_harrisii              0.1368250 0.0760443 0.0928363 0.0904321 0.0824803 0.0841513 0.0061823 0.0750556 0.0817951 0.0863963 0.1641002 0.0853471 0.0215948 0.0257432 0.0938852 0.0916463 0.0220216 0.0000000 0.0247518 0.1612805 0.0814773 0.0932480 0.1071019 0.1029936 0.0210802 0.0843341 0.0789377 0.0716542 0.0798264 0.0692593 0.0711833 0.0876337 0.0941609 0.1368250 0.0877041 0.0069508 0.1676226 0.1333628 0.1333628 
Dasyuridae_Planigale_tenuirostris            0.1499346 0.0726181 0.0823271 0.0823428 0.0780507 0.0793721 0.0247338 0.0696541 0.0759907 0.0807709 0.1616312 0.0819103 0.0242398 0.0231507 0.0914069 0.0822031 0.0236839 0.0247518 0.0000000 0.1592380 0.0765970 0.0870057 0.1047125 0.0977973 0.0253715 0.0775002 0.0729886 0.0580320 0.0752486 0.0616884 0.0688138 0.0822512 0.0892708 0.1499346 0.0755930 0.0240589 0.1636754 0.0903032 0.0903032 
Peramelidae_Echymipera_kalubu                0.0239209 0.1477324 0.1546486 0.1573300 0.1498469 0.1518252 0.1600532 0.1410072 0.1520797 0.1564024 0.0204205 0.1621100 0.1562475 0.1597683 0.1683852 0.1578624 0.1549091 0.1612805 0.1592380 0.0000000 0.1520098 0.1618816 0.1734611 0.1705168 0.1520444 0.1541930 0.1426869 0.0698752 0.1507276 0.0776933 0.0717962 0.1598141 0.1692279 0.0239209 0.0154497 0.1598411 0.0205209 0.4524083 0.4524083 
Macropodidae_Dorcopsulus_vanheurni           0.1110172 0.0550374 0.0816531 0.0731199 0.0206911 0.0207362 0.0812712 0.0596358 0.0633145 0.0257895 0.1554769 0.0692631 0.0810601 0.0834925 0.0758051 0.0697081 0.0796352 0.0814773 0.0765970 0.1520098 0.0000000 0.0767862 0.1035115 0.1052968 0.0782144 0.0403673 0.0680159 0.0526050 0.0110362 0.0519598 0.0540920 0.0709150 0.0778518 0.1110172 0.0837832 0.0805781 0.1586828 0.3436132 0.3436132 
Pseudochiridae_Pseudochirulus_forbesi        0.1445942 0.0703835 0.0964246 0.0880021 0.0794824 0.0800265 0.0936637 0.0694518 0.0740116 0.0823843 0.1632491 0.0806930 0.0900354 0.0935244 0.0856590 0.0693596 0.0893192 0.0932480 0.0870057 0.1618816 0.0767862 0.0000000 0.1131509 0.1153092 0.0855098 0.0762524 0.0846348 0.0251563 0.0745229 0.0154903 0.0439296 0.0717049 0.0879666 0.1445942 0.0827400 0.0922433 0.1676410 0.4407253 0.4407253 
Didelphidae_Didelphis_virginiana             0.1284385 0.0988147 0.1085407 0.1055255 0.1015823 0.1030102 0.1082039 0.0947597 0.1009089 0.1095903 0.1720665 0.1081779 0.1046591 0.1076140 0.1195292 0.1088199 0.1021010 0.1071019 0.1047125 0.1734611 0.1035115 0.1131509 0.0000000 0.0389559 0.1060178 0.1034648 0.0917951 0.0573363 0.1011670 0.0628031 0.0687654 0.1085834 0.1179969 0.1284385 0.0720410 0.1053509 0.1796510 0.3591292 0.3591292 
Marmosidae_Monodelphis_domestica             0.1295186 0.0982457 0.1085124 0.1044649 0.1033209 0.1048549 0.1033657 0.0968221 0.1015705 0.1093609 0.1697009 0.1099445 0.1009174 0.1005560 0.1150099 0.1085817 0.1001821 0.1029936 0.0977973 0.1705168 0.1052968 0.1153092 0.0389559 0.0000000 0.0989000 0.1027212 0.0924171 0.0707680 0.1033583 0.0763842 0.0692014 0.1075318 0.1174253 0.1295186 0.0875469 0.1008715 0.1784528 0.4708302 0.4708302 
Dasyuridae_Antechinus_stuartii               0.1318824 0.0720674 0.0829210 0.0844297 0.0798664 0.0811318 0.0202077 0.0679423 0.0754781 0.0827739 0.1524900 0.0804511 0.0104880 0.0253948 0.0912002 0.0838439 0.0101954 0.0210802 0.0253715 0.1520444 0.0782144 0.0855098 0.1060178 0.0989000 0.0000000 0.0794459 0.0727023 0.0530250 0.0762718 0.0555768 0.0627418 0.0822266 0.0878488 0.1318824 0.0647381 0.0188953 0.1557930 0.0726766 0.0726766 
Hypsiprymnodontidae_Hypsiprymnodon_moschatus 0.1095673 0.0570013 0.0850018 0.0717320 0.0428128 0.0433033 0.0839820 0.0574978 0.0621149 0.0478906 0.1569644 0.0663418 0.0821331 0.0847238 0.0754539 0.0720461 0.0805477 0.0843341 0.0775002 0.1541930 0.0403673 0.0762524 0.1034648 0.1027212 0.0794459 0.0000000 0.0693162 0.0508062 0.0390245 0.0535202 0.0524945 0.0703782 0.0763736 0.1095673 0.0865550 0.0825892 0.1603682 0.3582401 0.3582401 
Microbiotheriidae_Dromiciops_gliroides       0.1117350 0.0639549 0.0741393 0.0726335 0.0691081 0.0694814 0.0783721 0.0632421 0.0671658 0.0755673 0.1387950 0.0729264 0.0761338 0.0754550 0.0799199 0.0754349 0.0740768 0.0789377 0.0729886 0.1426869 0.0680159 0.0846348 0.0917951 0.0924171 0.0727023 0.0693162 0.0000000 0.0473165 0.0666928 0.0525193 0.0545423 0.0717573 0.0809497 0.1117350 0.0694472 0.0774531 0.1445593 0.2689931 0.2689931 
Pseudochiridae_Petauroides_volans            0.1206977 0.0415645 0.0593253 0.0428153 0.0522596 0.0532827 0.0675713 0.0379211 0.0452425 0.0596580 0.0705439 0.0550867 0.0606994 0.0686423 0.0650433 0.0327312 0.0602308 0.0716542 0.0580320 0.0698752 0.0526050 0.0251563 0.0573363 0.0707680 0.0530250 0.0508062 0.0473165 0.0000000 0.0488108 0.0268775 0.0386202 0.0409557 0.0681465 0.1206977 0.0694762 0.0674059 0.0699254 0.3267602 0.3267602 
Macropodidae_Wallabia_bicolor                0.1132901 0.0533347 0.0811189 0.0712582 0.0193134 0.0189511 0.0796083 0.0567277 0.0600535 0.0244264 0.1544343 0.0656108 0.0794195 0.0808772 0.0724575 0.0695474 0.0785420 0.0798264 0.0752486 0.1507276 0.0110362 0.0745229 0.1011670 0.1033583 0.0762718 0.0390245 0.0666928 0.0488108 0.0000000 0.0493840 0.0537452 0.0682830 0.0737201 0.1132901 0.0808783 0.0791854 0.1580863 0.3316455 0.3316455 
Pseudochiridae_Pseudocheirus_occidentalis    0.1477158 0.0461480 0.0731506 0.0488958 0.0527179 0.0538092 0.0683389 0.0459167 0.0492791 0.0585752 0.0774432 0.0575392 0.0664115 0.0694815 0.0691241 0.0469108 0.0639860 0.0692593 0.0616884 0.0776933 0.0519598 0.0154903 0.0628031 0.0763842 0.0555768 0.0535202 0.0525193 0.0268775 0.0493840 0.0000000 0.0418707 0.0419156 0.0721404 0.1477158 0.0757265 0.0697239 0.0778203 0.4145895 0.4145895 
Tarsipedidae_Tarsipes_rostratus              0.1487624 0.0490376 0.0648447 0.0480244 0.0542502 0.0559217 0.0685799 0.0450496 0.0506233 0.0614990 0.0718281 0.0574505 0.0639554 0.0673614 0.0773559 0.0419542 0.0623992 0.0711833 0.0688138 0.0717962 0.0540920 0.0439296 0.0687654 0.0692014 0.0627418 0.0524945 0.0545423 0.0386202 0.0537452 0.0418707 0.0000000 0.0456219 0.0751293 0.1487624 0.0703064 0.0664535 0.0716612 0.2469647 0.2469647 
Acrobatidae_Distoechurus_pennatus            0.1268417 0.0625141 0.0894811 0.0781263 0.0730384 0.0744778 0.0874170 0.0606373 0.0663860 0.0782919 0.1621424 0.0716512 0.0827772 0.0856921 0.0780658 0.0430006 0.0833545 0.0876337 0.0822512 0.1598141 0.0709150 0.0717049 0.1085834 0.1075318 0.0822266 0.0703782 0.0717573 0.0409557 0.0682830 0.0419156 0.0456219 0.0000000 0.0795993 0.1268417 0.0771029 0.0862843 0.1677562 0.2980733 0.2980733 
Phalangeridae_Phalanger_carmelitae           0.1438346 0.0624364 0.0944387 0.0796769 0.0784168 0.0787375 0.0942588 0.0324947 0.0196992 0.0828417 0.1740022 0.0199120 0.0905501 0.0926888 0.0222673 0.0786161 0.0900008 0.0941609 0.0892708 0.1692279 0.0778518 0.0879666 0.1179969 0.1174253 0.0878488 0.0763736 0.0809497 0.0681465 0.0737201 0.0721404 0.0751293 0.0795993 0.0000000 0.1438346 0.1085771 0.0925067 0.1780641 0.2727778 0.2727778 
Peramelidae_Isoodon_obesulus2                0.0000010 0.1137404 0.1344505 0.1171640 0.1126738 0.1175452 0.1277242 0.1052779 0.1492328 0.1374967 0.0086003 0.1487616 0.1468264 0.1399553 0.1438346 0.1245115 0.1374896 0.1368250 0.1499346 0.0239209 0.1110172 0.1445942 0.1284385 0.1295186 0.1318824 0.1095673 0.1117350 0.1206977 0.1132901 0.1477158 0.1487624 0.1268417 0.1438346 0.0000000 0.0331726 0.1322536 0.0057030 9.0000000 9.0000000 
Peramelidae_Peroryctes_raffrayana            0.0331726 0.0681762 0.0871784 0.0743724 0.0781250 0.0808162 0.0854481 0.0719464 0.0823555 0.0860127 0.0154290 0.0884853 0.0808741 0.0872760 0.0991621 0.0770906 0.0800699 0.0877041 0.0755930 0.0154497 0.0837832 0.0827400 0.0720410 0.0875469 0.0647381 0.0865550 0.0694472 0.0694762 0.0808783 0.0757265 0.0703064 0.0771029 0.1085771 0.0331726 0.0000000 0.0860907 0.0140117 0.4547722 0.4547722 
Dasyuridae_Dasyurus_geffroii                 0.1322536 0.0756251 0.0906200 0.0877884 0.0819472 0.0828032 0.0033549 0.0733664 0.0798334 0.0854697 0.1621115 0.0843745 0.0203523 0.0233067 0.0930463 0.0899827 0.0195561 0.0069508 0.0240589 0.1598411 0.0805781 0.0922433 0.1053509 0.1008715 0.0188953 0.0825892 0.0774531 0.0674059 0.0791854 0.0697239 0.0664535 0.0862843 0.0925067 0.1322536 0.0860907 0.0000000 0.1657957 0.1338866 0.1338866 
Peramelidae_Perameles_gunnii                 0.0057030 0.1558722 0.1618828 0.1640061 0.1574250 0.1594217 0.1659175 0.1481260 0.1593363 0.1633679 0.0016167 0.1686672 0.1634273 0.1667753 0.1731345 0.1650711 0.1609547 0.1676226 0.1636754 0.0205209 0.1586828 0.1676410 0.1796510 0.1784528 0.1557930 0.1603682 0.1445593 0.0699254 0.1580863 0.0778203 0.0716612 0.1677562 0.1780641 0.0057030 0.0140117 0.1657957 0.0000000 0.4073446 0.4073446 
Myrmecobiidae_Myrmecobius_fasciatus1         9.0000000 0.2792223 0.4365127 0.3125800 0.3359633 0.3320352 0.1266526 0.2631760 0.2564608 0.3899836 0.4094521 0.1937637 0.1070318 0.1277115 0.1913420 0.3460619 0.1125260 0.1333628 0.0903032 0.4524083 0.3436132 0.4407253 0.3591292 0.4708302 0.0726766 0.3582401 0.2689931 0.3267602 0.3316455 0.4145895 0.2469647 0.2980733 0.2727778 9.0000000 0.4547722 0.1338866 0.4073446 0.0000000 0.0000010 
Myrmecobiidae_Myrmecobius_fasciatus2         9.0000000 0.2792223 0.4365127 0.3125800 0.3359633 0.3320352 0.1266526 0.2631760 0.2564608 0.3899836 0.4094521 0.1937637 0.1070318 0.1277115 0.1913420 0.3460619 0.1125260 0.1333628 0.0903032 0.4524083 0.3436132 0.4407253 0.3591292 0.4708302 0.0726766 0.3582401 0.2689931 0.3267602 0.3316455 0.4145895 0.2469647 0.2980733 0.2727778 9.0000000 0.4547722 0.1338866 0.4073446 0.0000010 0.0000000 
