35
Burramyidae_Burramys_parvus                  0.0000000 0.0805767 0.0690969 0.0605652 0.0608165 0.0972426 0.0503790 0.0525022 0.0591899 0.0959545 0.0551327 0.1018829 0.0955989 0.0496140 0.0562961 0.0964975 0.0975480 0.0994458 0.1104461 0.0588972 0.0717788 0.1194504 0.1005476 0.0976149 0.0625150 0.0786406 0.0585524 0.0593738 0.0631158 0.0859977 0.0590894 0.0510294 0.1150915 0.0976517 0.0957229 
Notoryctidae_Notoryctes_typhlops             0.0805767 0.0000000 0.0916030 0.0920709 0.0924449 0.1080145 0.0811266 0.0822851 0.0900443 0.0869269 0.0866775 0.1116468 0.1050003 0.0814904 0.0839214 0.1039343 0.1077103 0.1107050 0.1109629 0.0931296 0.1024003 0.1369218 0.1115467 0.1042968 0.0938834 0.0891513 0.0868300 0.0903394 0.0889671 0.1123517 0.0868616 0.0841427 0.1155009 0.1074414 0.0912011 
Vombatidae_Lasiorhinus_latifrons             0.0690969 0.0916030 0.0000000 0.0814582 0.0817047 0.1131281 0.0663195 0.0708394 0.0795353 0.1535767 0.0746821 0.1126495 0.1087375 0.0675741 0.0737052 0.1038356 0.1126093 0.1078388 0.1239371 0.0821368 0.0845845 0.1457357 0.1114588 0.1098656 0.0761652 0.0893237 0.0748556 0.0809680 0.0833806 0.1021131 0.0761366 0.0681677 0.1358473 0.1117618 0.1169138 
Potoroidae_Bettongia_penicillata             0.0605652 0.0920709 0.0814582 0.0000000 0.0036395 0.1085268 0.0646710 0.0642489 0.0088548 0.0898308 0.0690274 0.1109868 0.1051307 0.0628231 0.0664518 0.1031459 0.1087086 0.1070515 0.1164267 0.0233298 0.0860652 0.1261679 0.1131249 0.1066538 0.0474734 0.0840073 0.0656382 0.0213323 0.0785836 0.0944842 0.0666850 0.0643010 0.1261325 0.1084479 0.0893564 
Potoroidae_Bettongia_lesueur                 0.0608165 0.0924449 0.0817047 0.0036395 0.0000000 0.1097701 0.0655326 0.0645338 0.0106142 0.0860568 0.0696050 0.1115638 0.1060849 0.0636820 0.0664204 0.1029410 0.1095854 0.1079112 0.1172520 0.0246709 0.0872336 0.1274842 0.1146606 0.1079776 0.0469291 0.0857493 0.0656143 0.0221328 0.0793122 0.0931828 0.0667134 0.0651881 0.1278017 0.1091244 0.0877827 
Dasyuridae_Dasyurus_maculatus                0.0972426 0.1080145 0.1131281 0.1085268 0.1097701 0.0000000 0.0958543 0.1014205 0.1083131 0.0754562 0.1039964 0.0222650 0.0277092 0.0985864 0.1019305 0.0183495 0.0096280 0.0314907 0.1227798 0.1099025 0.1251990 0.1321511 0.1258144 0.0200985 0.1067215 0.1050059 0.1058776 0.1092447 0.1172787 0.1313080 0.1070753 0.0998280 0.1302420 0.0078456 0.0983981 
Phalangeridae_Trichosurus_vulpecula          0.0503790 0.0811266 0.0663195 0.0646710 0.0655326 0.0958543 0.0000000 0.0214642 0.0615912 0.0789535 0.0255309 0.0999807 0.0955675 0.0188967 0.0591958 0.0942182 0.0976350 0.1001030 0.1119154 0.0619469 0.0721873 0.1219846 0.1007287 0.0950099 0.0633237 0.0791096 0.0582371 0.0611304 0.0616392 0.0881625 0.0592896 0.0201833 0.1193852 0.0959866 0.0880495 
Phalangeridae_Spilocuscus_maculatus          0.0525022 0.0822851 0.0708394 0.0642489 0.0645338 0.1014205 0.0214642 0.0000000 0.0619282 0.0935501 0.0185281 0.1043181 0.1018237 0.0125090 0.0611638 0.0997917 0.1033200 0.1058771 0.1177309 0.0626323 0.0747456 0.1245607 0.1079110 0.1007737 0.0655163 0.0784488 0.0611116 0.0614867 0.0666608 0.0913532 0.0612136 0.0138033 0.1279257 0.1009219 0.0946591 
Potoroidae_Aepyprymnus_rufescens             0.0591899 0.0900443 0.0795353 0.0088548 0.0106142 0.1083131 0.0615912 0.0619282 0.0000000 0.0882945 0.0665013 0.1095411 0.1035521 0.0603424 0.0627727 0.1020952 0.1074477 0.1030911 0.1143030 0.0211619 0.0845866 0.1252563 0.1102179 0.1046983 0.0433297 0.0850130 0.0651985 0.0212608 0.0775596 0.0935849 0.0631216 0.0617705 0.1242635 0.1071922 0.0869353 
Peramelidae_Perameles_nasuta                 0.0959545 0.0869269 0.1535767 0.0898308 0.0860568 0.0754562 0.0789535 0.0935501 0.0882945 0.0000000 0.0990381 0.0895510 0.0855993 0.0807550 0.0846344 0.0825581 0.0759486 0.0874643 0.0152949 0.0899943 0.1472936 0.0941941 0.0781031 0.0733640 0.0880552 0.0746784 0.0887954 0.0880734 0.0871834 0.1200905 0.0848244 0.0920383 0.0191290 0.0728725 0.0011182 
Phalangeridae_Strigocuscus_pelengensis       0.0551327 0.0866775 0.0746821 0.0690274 0.0696050 0.1039964 0.0255309 0.0185281 0.0665013 0.0990381 0.0000000 0.1079797 0.1037541 0.0167339 0.0653017 0.1017596 0.1041485 0.1068627 0.1204547 0.0653774 0.0794766 0.1299501 0.1110440 0.1019521 0.0689585 0.0843415 0.0653603 0.0642772 0.0709910 0.0954127 0.0645143 0.0164599 0.1310505 0.1021286 0.0990025 
Dasyuridae_Phascogale_tapoatafa              0.1018829 0.1116468 0.1126495 0.1109868 0.1115638 0.0222650 0.0999807 0.1043181 0.1095411 0.0895510 0.1079797 0.0000000 0.0273268 0.1016674 0.1028702 0.0034964 0.0240567 0.0298865 0.1255401 0.1116707 0.1252993 0.1382738 0.1287103 0.0121051 0.1067654 0.1082037 0.1072023 0.1096358 0.1196825 0.1326767 0.1067700 0.1028997 0.1381880 0.0237212 0.1009803 
Dasyuridae_Sminthopsis_macroura              0.0955989 0.1050003 0.1087375 0.1051307 0.1060849 0.0277092 0.0955675 0.1018237 0.1035521 0.0855993 0.1037541 0.0273268 0.0000000 0.0986174 0.0976754 0.0241562 0.0289529 0.0215340 0.1226025 0.1049616 0.1195085 0.1367114 0.1253876 0.0255136 0.1046470 0.1044353 0.1013156 0.1025332 0.1101094 0.1262463 0.1026531 0.1009231 0.1308304 0.0291931 0.1012963 
Phalangeridae_Phalanger_orientalis           0.0496140 0.0814904 0.0675741 0.0628231 0.0636820 0.0985864 0.0188967 0.0125090 0.0603424 0.0807550 0.0167339 0.1016674 0.0986174 0.0000000 0.0602362 0.0958356 0.1003107 0.1013676 0.1140961 0.0604716 0.0723046 0.1214795 0.1033463 0.0971791 0.0631127 0.0782787 0.0589226 0.0599018 0.0637466 0.0904257 0.0595200 0.0076094 0.1208031 0.0983494 0.0881486 
Acrobatidae_Acrobates_pygmaeus               0.0562961 0.0839214 0.0737052 0.0664518 0.0664204 0.1019305 0.0591958 0.0611638 0.0627727 0.0846344 0.0653017 0.1028702 0.0976754 0.0602362 0.0000000 0.0931069 0.1015319 0.1028266 0.1132922 0.0656317 0.0678910 0.1213836 0.1076583 0.0983960 0.0613469 0.0866592 0.0475796 0.0651356 0.0541421 0.0802962 0.0311878 0.0611092 0.1228551 0.0996218 0.0853471 
Dasyuridae_Phascogale_calura                 0.0964975 0.1039343 0.1038356 0.1031459 0.1029410 0.0183495 0.0942182 0.0997917 0.1020952 0.0825581 0.1017596 0.0034964 0.0241562 0.0958356 0.0931069 0.0000000 0.0202562 0.0274081 0.1173897 0.1075849 0.1214907 0.1362539 0.1260372 0.0097541 0.0987366 0.1032772 0.1031220 0.1051634 0.1122924 0.1270702 0.0979449 0.0985975 0.1252433 0.0199203 0.0976461 
Dasyuridae_Sarcophilus_harrisii              0.0975480 0.1077103 0.1126093 0.1087086 0.1095854 0.0096280 0.0976350 0.1033200 0.1074477 0.0759486 0.1041485 0.0240567 0.0289529 0.1003107 0.1015319 0.0202562 0.0000000 0.0307642 0.1229610 0.1093634 0.1255087 0.1344844 0.1262842 0.0227311 0.1060190 0.1053939 0.1069392 0.1087093 0.1153526 0.1314945 0.1058088 0.1008233 0.1293123 0.0113385 0.1003663 
Dasyuridae_Planigale_tenuirostris            0.0994458 0.1107050 0.1078388 0.1070515 0.1079112 0.0314907 0.1001030 0.1058771 0.1030911 0.0874643 0.1068627 0.0298865 0.0215340 0.1013676 0.1028266 0.0274081 0.0307642 0.0000000 0.1287755 0.1058862 0.1218217 0.1426627 0.1286450 0.0293838 0.1075718 0.1085424 0.1070637 0.1047666 0.1116010 0.1311693 0.1073690 0.1039736 0.1360793 0.0333704 0.1058412 
Peramelidae_Echymipera_kalubu                0.1104461 0.1109629 0.1239371 0.1164267 0.1172520 0.1227798 0.1119154 0.1177309 0.1143030 0.0152949 0.1204547 0.1255401 0.1226025 0.1140961 0.1132922 0.1173897 0.1229610 0.1287755 0.0000000 0.1183990 0.1341913 0.1325910 0.1361283 0.1253574 0.1169607 0.1125499 0.1191960 0.1175160 0.1193978 0.1409195 0.1144973 0.1157704 0.0268965 0.1234968 0.0191068 
Macropodidae_Dorcopsulus_vanheurni           0.0588972 0.0931296 0.0821368 0.0233298 0.0246709 0.1099025 0.0619469 0.0626323 0.0211619 0.0899943 0.0653774 0.1116707 0.1049616 0.0604716 0.0656317 0.1075849 0.1093634 0.1058862 0.1183990 0.0000000 0.0836129 0.1301911 0.1114986 0.1060736 0.0473245 0.0858222 0.0648548 0.0109034 0.0735902 0.0964128 0.0666803 0.0625187 0.1240841 0.1087490 0.0942677 
Pseudochiridae_Pseudochirulus_forbesi        0.0717788 0.1024003 0.0845845 0.0860652 0.0872336 0.1251990 0.0721873 0.0747456 0.0845866 0.1472936 0.0794766 0.1252993 0.1195085 0.0723046 0.0678910 0.1214907 0.1255087 0.1218217 0.1341913 0.0836129 0.0000000 0.1549128 0.1291988 0.1192107 0.0846020 0.1026936 0.0443318 0.0810351 0.0333316 0.0850543 0.0706153 0.0738782 0.1418886 0.1228921 0.1214142 
Didelphidae_Didelphis_virginiana             0.1194504 0.1369218 0.1457357 0.1261679 0.1274842 0.1321511 0.1219846 0.1245607 0.1252563 0.0941941 0.1299501 0.1382738 0.1367114 0.1214795 0.1213836 0.1362539 0.1344844 0.1426627 0.1325910 0.1301911 0.1549128 0.0000000 0.0403775 0.1361597 0.1204263 0.1142674 0.1286290 0.1270367 0.0937615 0.1584876 0.1237119 0.1288152 0.0832744 0.1304160 0.1304087 
Marmosidae_Monodelphis_domestica             0.1005476 0.1115467 0.1114588 0.1131249 0.1146606 0.1258144 0.1007287 0.1079110 0.1102179 0.0781031 0.1110440 0.1287103 0.1253876 0.1033463 0.1076583 0.1260372 0.1262842 0.1286450 0.1361283 0.1114986 0.1291988 0.0403775 0.0000000 0.1247354 0.1056315 0.1102473 0.1081797 0.1111640 0.1063004 0.1328249 0.1066900 0.1053171 0.1350758 0.1245763 0.1089673 
Dasyuridae_Antechinus_stuartii               0.0976149 0.1042968 0.1098656 0.1066538 0.1079776 0.0200985 0.0950099 0.1007737 0.1046983 0.0733640 0.1019521 0.0121051 0.0255136 0.0971791 0.0983960 0.0097541 0.0227311 0.0293838 0.1253574 0.1060736 0.1192107 0.1361597 0.1247354 0.0000000 0.1067317 0.1053330 0.1036635 0.1048786 0.1128257 0.1296595 0.1039556 0.0984702 0.1366177 0.0221417 0.0969605 
Hypsiprymnodontidae_Hypsiprymnodon_moschatus 0.0625150 0.0938834 0.0761652 0.0474734 0.0469291 0.1067215 0.0633237 0.0655163 0.0433297 0.0880552 0.0689585 0.1067654 0.1046470 0.0631127 0.0613469 0.0987366 0.1060190 0.1075718 0.1169607 0.0473245 0.0846020 0.1204263 0.1056315 0.1067317 0.0000000 0.0884226 0.0672301 0.0464256 0.0758163 0.0945935 0.0638855 0.0655141 0.1231028 0.1042369 0.0938010 
Microbiotheriidae_Dromiciops_gliroides       0.0786406 0.0891513 0.0893237 0.0840073 0.0857493 0.1050059 0.0791096 0.0784488 0.0850130 0.0746784 0.0843415 0.1082037 0.1044353 0.0782787 0.0866592 0.1032772 0.1053939 0.1085424 0.1125499 0.0858222 0.1026936 0.1142674 0.1102473 0.1053330 0.0884226 0.0000000 0.0895268 0.0859908 0.1017446 0.1152172 0.0876874 0.0801706 0.1203688 0.1071328 0.0839686 
Pseudochiridae_Petauroides_volans            0.0585524 0.0868300 0.0748556 0.0656382 0.0656143 0.1058776 0.0582371 0.0611116 0.0651985 0.0887954 0.0653603 0.1072023 0.1013156 0.0589226 0.0475796 0.1031220 0.1069392 0.1070637 0.1191960 0.0648548 0.0443318 0.1286290 0.1081797 0.1036635 0.0672301 0.0895268 0.0000000 0.0639076 0.0312927 0.0700807 0.0524597 0.0586312 0.1215871 0.1044144 0.0935140 
Macropodidae_Wallabia_bicolor                0.0593738 0.0903394 0.0809680 0.0213323 0.0221328 0.1092447 0.0611304 0.0614867 0.0212608 0.0880734 0.0642772 0.1096358 0.1025332 0.0599018 0.0651356 0.1051634 0.1087093 0.1047666 0.1175160 0.0109034 0.0810351 0.1270367 0.1111640 0.1048786 0.0464256 0.0859908 0.0639076 0.0000000 0.0736363 0.0965802 0.0656404 0.0614375 0.1275016 0.1095165 0.0905994 
Pseudochiridae_Pseudocheirus_occidentalis    0.0631158 0.0889671 0.0833806 0.0785836 0.0793122 0.1172787 0.0616392 0.0666608 0.0775596 0.0871834 0.0709910 0.1196825 0.1101094 0.0637466 0.0541421 0.1122924 0.1153526 0.1116010 0.1193978 0.0735902 0.0333316 0.0937615 0.1063004 0.1128257 0.0758163 0.1017446 0.0312927 0.0736363 0.0000000 0.0671986 0.0555530 0.0644714 0.1195754 0.1135445 0.0855866 
Tarsipedidae_Tarsipes_rostratus              0.0859977 0.1123517 0.1021131 0.0944842 0.0931828 0.1313080 0.0881625 0.0913532 0.0935849 0.1200905 0.0954127 0.1326767 0.1262463 0.0904257 0.0802962 0.1270702 0.1314945 0.1311693 0.1409195 0.0964128 0.0850543 0.1584876 0.1328249 0.1296595 0.0945935 0.1152172 0.0700807 0.0965802 0.0671986 0.0000000 0.0809844 0.0924574 0.1420946 0.1277675 0.1304688 
Acrobatidae_Distoechurus_pennatus            0.0590894 0.0868616 0.0761366 0.0666850 0.0667134 0.1070753 0.0592896 0.0612136 0.0631216 0.0848244 0.0645143 0.1067700 0.1026531 0.0595200 0.0311878 0.0979449 0.1058088 0.1073690 0.1144973 0.0666803 0.0706153 0.1237119 0.1066900 0.1039556 0.0638855 0.0876874 0.0524597 0.0656404 0.0555530 0.0809844 0.0000000 0.0612620 0.1212221 0.1032943 0.0901096 
Phalangeridae_Phalanger_carmelitae           0.0510294 0.0841427 0.0681677 0.0643010 0.0651881 0.0998280 0.0201833 0.0138033 0.0617705 0.0920383 0.0164599 0.1028997 0.1009231 0.0076094 0.0611092 0.0985975 0.1008233 0.1039736 0.1157704 0.0625187 0.0738782 0.1288152 0.1053171 0.0984702 0.0655141 0.0801706 0.0586312 0.0614375 0.0644714 0.0924574 0.0612620 0.0000000 0.1225075 0.0999501 0.0955749 
Peramelidae_Peroryctes_raffrayana            0.1150915 0.1155009 0.1358473 0.1261325 0.1278017 0.1302420 0.1193852 0.1279257 0.1242635 0.0191290 0.1310505 0.1381880 0.1308304 0.1208031 0.1228551 0.1252433 0.1293123 0.1360793 0.0268965 0.1240841 0.1418886 0.0832744 0.1350758 0.1366177 0.1231028 0.1203688 0.1215871 0.1275016 0.1195754 0.1420946 0.1212221 0.1225075 0.0000000 0.1312385 0.0190726 
Dasyuridae_Dasyurus_geffroii                 0.0976517 0.1074414 0.1117618 0.1084479 0.1091244 0.0078456 0.0959866 0.1009219 0.1071922 0.0728725 0.1021286 0.0237212 0.0291931 0.0983494 0.0996218 0.0199203 0.0113385 0.0333704 0.1234968 0.1087490 0.1228921 0.1304160 0.1245763 0.0221417 0.1042369 0.1071328 0.1044144 0.1095165 0.1135445 0.1277675 0.1032943 0.0999501 0.1312385 0.0000000 0.0962706 
Peramelidae_Perameles_gunnii                 0.0957229 0.0912011 0.1169138 0.0893564 0.0877827 0.0983981 0.0880495 0.0946591 0.0869353 0.0011182 0.0990025 0.1009803 0.1012963 0.0881486 0.0853471 0.0976461 0.1003663 0.1058412 0.0191068 0.0942677 0.1214142 0.1304087 0.1089673 0.0969605 0.0938010 0.0839686 0.0935140 0.0905994 0.0855866 0.1304688 0.0901096 0.0955749 0.0190726 0.0962706 0.0000000 
