35
Burramyidae_Burramys_parvus                  0.0000000 0.0928568 0.0754819 0.0596001 0.0571920 0.1193194 0.0523700 0.0525483 0.0586264 0.0881588 0.0505030 0.1118759 0.0854197 0.0518418 0.0490985 0.0844446 0.0868606 0.0696335 0.0913592 0.0647720 0.0636720 0.0959136 0.1026542 0.0844162 0.0603267 0.0789238 0.0546194 0.0644880 0.0777198 0.0738335 0.0569063 0.0502077 0.0887450 0.0885483 0.0938676 
Notoryctidae_Notoryctes_typhlops             0.0928568 0.0000000 0.1125041 0.1035798 0.1018924 0.1549538 0.0981823 0.0989391 0.1004796 0.1131913 0.0962211 0.1457718 0.1106659 0.0970943 0.0904897 0.1054156 0.1117744 0.1019112 0.1114096 0.1060318 0.1015612 0.1241875 0.1275515 0.1052058 0.1070315 0.1113856 0.0959067 0.1025839 0.1166656 0.1149495 0.0963434 0.0974797 0.1108789 0.1119806 0.1168054 
Vombatidae_Lasiorhinus_latifrons             0.0754819 0.1125041 0.0000000 0.0758023 0.0724637 0.1378249 0.0697025 0.0693781 0.0722227 0.1009600 0.0647464 0.1298869 0.0933811 0.0757312 0.0601582 0.0947939 0.0997931 0.0867294 0.1012983 0.0777601 0.0680305 0.1127108 0.1155054 0.0910704 0.0764363 0.0872260 0.0662635 0.0770060 0.0989961 0.0898359 0.0745047 0.0738281 0.1010242 0.0996757 0.1030203 
Potoroidae_Bettongia_penicillata             0.0596001 0.1035798 0.0758023 0.0000000 0.0033839 0.1359428 0.0592764 0.0534498 0.0056532 0.0960921 0.0491340 0.1260133 0.0939791 0.0603501 0.0507364 0.0926633 0.0984198 0.0817439 0.0975393 0.0117488 0.0671673 0.1069918 0.1091721 0.0927913 0.0339948 0.0876882 0.0595036 0.0112215 0.0799045 0.0777194 0.0651721 0.0586471 0.0911646 0.0981556 0.1003039 
Potoroidae_Bettongia_lesueur                 0.0571920 0.1018924 0.0724637 0.0033839 0.0000000 0.1324407 0.0564313 0.0478174 0.0080696 0.0964214 0.0486537 0.1233824 0.0931445 0.0560072 0.0503928 0.0925233 0.0976851 0.0807600 0.0971690 0.0143389 0.0626271 0.1032120 0.1058760 0.0915846 0.0317726 0.0862593 0.0546678 0.0137686 0.0733115 0.0712683 0.0610704 0.0543113 0.0915284 0.0963517 0.0998447 
Dasyuridae_Dasyurus_maculatus                0.1193194 0.1549538 0.1378249 0.1359428 0.1324407 0.0000000 0.1243618 0.1295392 0.1324697 0.1326689 0.1368396 0.0259930 0.0447150 0.1330659 0.1157681 0.0248194 0.0117794 0.0413228 0.1362752 0.1320008 0.1295113 0.1544725 0.1701865 0.0259965 0.1292760 0.1301717 0.1243102 0.1385517 0.0986829 0.1387838 0.1276089 0.1303024 0.1302048 0.0096754 0.1353133 
Phalangeridae_Trichosurus_vulpecula          0.0523700 0.0981823 0.0697025 0.0592764 0.0564313 0.1243618 0.0000000 0.0160262 0.0536609 0.0943338 0.0104916 0.1170769 0.0881601 0.0219977 0.0382074 0.0821958 0.0910094 0.0794872 0.0991458 0.0585777 0.0567639 0.0999242 0.1073361 0.0837388 0.0569072 0.0754751 0.0453441 0.0589098 0.0652396 0.0722657 0.0545538 0.0209867 0.0928904 0.0897177 0.0984531 
Phalangeridae_Spilocuscus_maculatus          0.0525483 0.0989391 0.0693781 0.0534498 0.0478174 0.1295392 0.0160262 0.0000000 0.0479707 0.0972598 0.0093055 0.1203968 0.0878514 0.0118569 0.0430414 0.0878291 0.0943349 0.0785412 0.0985638 0.0517622 0.0530368 0.1018716 0.1100765 0.0895278 0.0568845 0.0709054 0.0471989 0.0539865 0.0621425 0.0684292 0.0599065 0.0110893 0.0961326 0.0948647 0.0991012 
Potoroidae_Aepyprymnus_rufescens             0.0586264 0.1004796 0.0722227 0.0056532 0.0080696 0.1324697 0.0536609 0.0479707 0.0000000 0.0942077 0.0438757 0.1232871 0.0907109 0.0535202 0.0477508 0.0921211 0.0984600 0.0828578 0.0925316 0.0107092 0.0622336 0.1075565 0.1088089 0.0922453 0.0345479 0.0849044 0.0576282 0.0104201 0.0788426 0.0755159 0.0597332 0.0529035 0.0886815 0.0971353 0.0946437 
Peramelidae_Perameles_nasuta                 0.0881588 0.1131913 0.1009600 0.0960921 0.0964214 0.1326689 0.0943338 0.0972598 0.0942077 0.0000000 0.0945634 0.1246471 0.0996492 0.0975524 0.0811959 0.0915193 0.0948511 0.0849610 0.0113632 0.0972140 0.0911061 0.1242337 0.1278294 0.0926492 0.0998559 0.1072558 0.0925191 0.1010812 0.1136999 0.1089062 0.0913703 0.0960791 0.0120961 0.0982067 0.0030923 
Phalangeridae_Strigocuscus_pelengensis       0.0505030 0.0962211 0.0647464 0.0491340 0.0486537 0.1368396 0.0104916 0.0093055 0.0438757 0.0945634 0.0000000 0.1281468 0.0894333 0.0119660 0.0381842 0.0866366 0.0941144 0.0783795 0.0953125 0.0465730 0.0579349 0.1041083 0.1124863 0.0869817 0.0528146 0.0714850 0.0453459 0.0501580 0.0728956 0.0739022 0.0550438 0.0111621 0.0904376 0.0939682 0.0964524 
Dasyuridae_Phascogale_tapoatafa              0.1118759 0.1457718 0.1298869 0.1260133 0.1233824 0.0259930 0.1170769 0.1203968 0.1232871 0.1246471 0.1281468 0.0000000 0.0381688 0.1241465 0.1110857 0.0050663 0.0232407 0.0374243 0.1250113 0.1227697 0.1208056 0.1428999 0.1569365 0.0097230 0.1182200 0.1221843 0.1132212 0.1277937 0.0920200 0.1296519 0.1201258 0.1221769 0.1224485 0.0242972 0.1264156 
Dasyuridae_Sminthopsis_macroura              0.0854197 0.1106659 0.0933811 0.0939791 0.0931445 0.0447150 0.0881601 0.0878514 0.0907109 0.0996492 0.0894333 0.0381688 0.0000000 0.0896562 0.0779142 0.0204339 0.0221506 0.0114252 0.1037217 0.0921597 0.0896184 0.1133904 0.1199714 0.0206172 0.0898049 0.0933022 0.0824772 0.0957653 0.0946277 0.1020944 0.0930657 0.0888193 0.0989934 0.0230649 0.1049906 
Phalangeridae_Phalanger_orientalis           0.0518418 0.0970943 0.0757312 0.0603501 0.0560072 0.1330659 0.0219977 0.0118569 0.0535202 0.0975524 0.0119660 0.1241465 0.0896562 0.0000000 0.0515012 0.0884249 0.0943547 0.0864350 0.1005265 0.0580041 0.0612206 0.1048800 0.1129239 0.0887934 0.0647576 0.0776273 0.0563762 0.0606786 0.0685588 0.0751875 0.0616823 0.0014516 0.0973110 0.0948498 0.1009030 
Acrobatidae_Acrobates_pygmaeus               0.0490985 0.0904897 0.0601582 0.0507364 0.0503928 0.1157681 0.0382074 0.0430414 0.0477508 0.0811959 0.0381842 0.1110857 0.0779142 0.0515012 0.0000000 0.0788936 0.0830592 0.0706874 0.0856055 0.0520590 0.0414595 0.0917932 0.0944291 0.0798491 0.0506057 0.0747128 0.0326712 0.0544391 0.0502506 0.0613539 0.0232332 0.0498619 0.0811339 0.0852704 0.0836728 
Dasyuridae_Phascogale_calura                 0.0844446 0.1054156 0.0947939 0.0926633 0.0925233 0.0248194 0.0821958 0.0878291 0.0921211 0.0915193 0.0866366 0.0050663 0.0204339 0.0884249 0.0788936 0.0000000 0.0114047 0.0192033 0.0913763 0.0915944 0.0875150 0.1106385 0.1199022 0.0056475 0.0881503 0.0929700 0.0802235 0.0949975 0.0919457 0.0978576 0.0905793 0.0869839 0.0880385 0.0121434 0.0941385 
Dasyuridae_Sarcophilus_harrisii              0.0868606 0.1117744 0.0997931 0.0984198 0.0976851 0.0117794 0.0910094 0.0943349 0.0984600 0.0948511 0.0941144 0.0232407 0.0221506 0.0943547 0.0830592 0.0114047 0.0000000 0.0176242 0.0984809 0.0988713 0.0918728 0.1182799 0.1246186 0.0114972 0.0918328 0.0945772 0.0885668 0.1013955 0.0931872 0.1022209 0.0911953 0.0923222 0.0917871 0.0047749 0.0987180 
Dasyuridae_Planigale_tenuirostris            0.0696335 0.1019112 0.0867294 0.0817439 0.0807600 0.0413228 0.0794872 0.0785412 0.0828578 0.0849610 0.0783795 0.0374243 0.0114252 0.0864350 0.0706874 0.0192033 0.0176242 0.0000000 0.0969129 0.0824036 0.0792638 0.1025345 0.1114863 0.0176110 0.0774196 0.0870293 0.0734428 0.0852351 0.0975903 0.0901648 0.0859611 0.0843371 0.0907576 0.0195789 0.0926211 
Peramelidae_Echymipera_kalubu                0.0913592 0.1114096 0.1012983 0.0975393 0.0971690 0.1362752 0.0991458 0.0985638 0.0925316 0.0113632 0.0953125 0.1250113 0.1037217 0.1005265 0.0856055 0.0913763 0.0984809 0.0969129 0.0000000 0.0980806 0.0954252 0.1205949 0.1230376 0.0938224 0.1005097 0.1072175 0.0888849 0.1009023 0.1083190 0.1171725 0.0960353 0.0984422 0.0111965 0.1025009 0.0111014 
Macropodidae_Dorcopsulus_vanheurni           0.0647720 0.1060318 0.0777601 0.0117488 0.0143389 0.1320008 0.0585777 0.0517622 0.0107092 0.0972140 0.0465730 0.1227697 0.0921597 0.0580041 0.0520590 0.0915944 0.0988713 0.0824036 0.0980806 0.0000000 0.0667727 0.1135607 0.1125130 0.0926604 0.0368297 0.0874556 0.0605513 0.0071690 0.0792698 0.0789128 0.0670592 0.0568093 0.0943749 0.0987200 0.0980034 
Pseudochiridae_Pseudochirulus_forbesi        0.0636720 0.1015612 0.0680305 0.0671673 0.0626271 0.1295113 0.0567639 0.0530368 0.0622336 0.0911061 0.0579349 0.1208056 0.0896184 0.0612206 0.0414595 0.0875150 0.0918728 0.0792638 0.0954252 0.0667727 0.0000000 0.1022632 0.1094835 0.0879312 0.0686681 0.0833197 0.0248610 0.0704307 0.0216115 0.0494536 0.0516375 0.0594773 0.0905410 0.0950682 0.0943795 
Didelphidae_Didelphis_virginiana             0.0959136 0.1241875 0.1127108 0.1069918 0.1032120 0.1544725 0.0999242 0.1018716 0.1075565 0.1242337 0.1041083 0.1428999 0.1133904 0.1048800 0.0917932 0.1106385 0.1182799 0.1025345 0.1205949 0.1135607 0.1022632 0.0000000 0.0278241 0.1103313 0.1079425 0.1169352 0.1030229 0.1109754 0.1170771 0.1211736 0.1020417 0.1033815 0.1270248 0.1193966 0.1246382 
Marmosidae_Monodelphis_domestica             0.1026542 0.1275515 0.1155054 0.1091721 0.1058760 0.1701865 0.1073361 0.1100765 0.1088089 0.1278294 0.1124863 0.1569365 0.1199714 0.1129239 0.0944291 0.1199022 0.1246186 0.1114863 0.1230376 0.1125130 0.1094835 0.0278241 0.0000000 0.1210387 0.1036393 0.1191104 0.1015015 0.1120656 0.1095670 0.1299408 0.0997717 0.1106739 0.1286825 0.1280038 0.1280649 
Dasyuridae_Antechinus_stuartii               0.0844162 0.1052058 0.0910704 0.0927913 0.0915846 0.0259965 0.0837388 0.0895278 0.0922453 0.0926492 0.0869817 0.0097230 0.0206172 0.0887934 0.0798491 0.0056475 0.0114972 0.0176110 0.0938224 0.0926604 0.0879312 0.1103313 0.1210387 0.0000000 0.0893508 0.0939055 0.0830256 0.0950642 0.0922207 0.0991099 0.0915526 0.0873510 0.0902333 0.0124683 0.0947139 
Hypsiprymnodontidae_Hypsiprymnodon_moschatus 0.0603267 0.1070315 0.0764363 0.0339948 0.0317726 0.1292760 0.0569072 0.0568845 0.0345479 0.0998559 0.0528146 0.1182200 0.0898049 0.0647576 0.0506057 0.0881503 0.0918328 0.0774196 0.1005097 0.0368297 0.0686681 0.1079425 0.1036393 0.0893508 0.0000000 0.0828396 0.0571672 0.0366894 0.0872710 0.0820337 0.0674573 0.0629924 0.0960462 0.0936797 0.1029386 
Microbiotheriidae_Dromiciops_gliroides       0.0789238 0.1113856 0.0872260 0.0876882 0.0862593 0.1301717 0.0754751 0.0709054 0.0849044 0.1072558 0.0714850 0.1221843 0.0933022 0.0776273 0.0747128 0.0929700 0.0945772 0.0870293 0.1072175 0.0874556 0.0833197 0.1169352 0.1191104 0.0939055 0.0828396 0.0000000 0.0767576 0.0922936 0.0862996 0.1039234 0.0868352 0.0757355 0.1059019 0.0984679 0.1073297 
Pseudochiridae_Petauroides_volans            0.0546194 0.0959067 0.0662635 0.0595036 0.0546678 0.1243102 0.0453441 0.0471989 0.0576282 0.0925191 0.0453459 0.1132212 0.0824772 0.0563762 0.0326712 0.0802235 0.0885668 0.0734428 0.0888849 0.0605513 0.0248610 0.1030229 0.1015015 0.0830256 0.0571672 0.0767576 0.0000000 0.0608819 0.0399115 0.0461666 0.0431733 0.0536424 0.0913371 0.0907903 0.0919458 
Macropodidae_Wallabia_bicolor                0.0644880 0.1025839 0.0770060 0.0112215 0.0137686 0.1385517 0.0589098 0.0539865 0.0104201 0.1010812 0.0501580 0.1277937 0.0957653 0.0606786 0.0544391 0.0949975 0.1013955 0.0852351 0.1009023 0.0071690 0.0704307 0.1109754 0.1120656 0.0950642 0.0366894 0.0922936 0.0608819 0.0000000 0.0875854 0.0805155 0.0677481 0.0589451 0.0967736 0.0999114 0.1036512 
Pseudochiridae_Pseudocheirus_occidentalis    0.0777198 0.1166656 0.0989961 0.0799045 0.0733115 0.0986829 0.0652396 0.0621425 0.0788426 0.1136999 0.0728956 0.0920200 0.0946277 0.0685588 0.0502506 0.0919457 0.0931872 0.0975903 0.1083190 0.0792698 0.0216115 0.1170771 0.1095670 0.0922207 0.0872710 0.0862996 0.0399115 0.0875854 0.0000000 0.0512411 0.0612955 0.0664596 0.1125365 0.0986079 0.1113934 
Tarsipedidae_Tarsipes_rostratus              0.0738335 0.1149495 0.0898359 0.0777194 0.0712683 0.1387838 0.0722657 0.0684292 0.0755159 0.1089062 0.0739022 0.1296519 0.1020944 0.0751875 0.0613539 0.0978576 0.1022209 0.0901648 0.1171725 0.0789128 0.0494536 0.1211736 0.1299408 0.0991099 0.0820337 0.1039234 0.0461666 0.0805155 0.0512411 0.0000000 0.0684414 0.0732628 0.1119300 0.1045995 0.1136515 
Acrobatidae_Distoechurus_pennatus            0.0569063 0.0963434 0.0745047 0.0651721 0.0610704 0.1276089 0.0545538 0.0599065 0.0597332 0.0913703 0.0550438 0.1201258 0.0930657 0.0616823 0.0232332 0.0905793 0.0911953 0.0859611 0.0960353 0.0670592 0.0516375 0.1020417 0.0997717 0.0915526 0.0674573 0.0868352 0.0431733 0.0677481 0.0612955 0.0684414 0.0000000 0.0610141 0.0919683 0.0939030 0.0958553 
Phalangeridae_Phalanger_carmelitae           0.0502077 0.0974797 0.0738281 0.0586471 0.0543113 0.1303024 0.0209867 0.0110893 0.0529035 0.0960791 0.0111621 0.1221769 0.0888193 0.0014516 0.0498619 0.0869839 0.0923222 0.0843371 0.0984422 0.0568093 0.0594773 0.1033815 0.1106739 0.0873510 0.0629924 0.0757355 0.0536424 0.0589451 0.0664596 0.0732628 0.0610141 0.0000000 0.0939839 0.0928223 0.0994215 
Peramelidae_Peroryctes_raffrayana            0.0887450 0.1108789 0.1010242 0.0911646 0.0915284 0.1302048 0.0928904 0.0961326 0.0886815 0.0120961 0.0904376 0.1224485 0.0989934 0.0973110 0.0811339 0.0880385 0.0917871 0.0907576 0.0111965 0.0943749 0.0905410 0.1270248 0.1286825 0.0902333 0.0960462 0.1059019 0.0913371 0.0967736 0.1125365 0.1119300 0.0919683 0.0939839 0.0000000 0.0968176 0.0116086 
Dasyuridae_Dasyurus_geffroii                 0.0885483 0.1119806 0.0996757 0.0981556 0.0963517 0.0096754 0.0897177 0.0948647 0.0971353 0.0982067 0.0939682 0.0242972 0.0230649 0.0948498 0.0852704 0.0121434 0.0047749 0.0195789 0.1025009 0.0987200 0.0950682 0.1193966 0.1280038 0.0124683 0.0936797 0.0984679 0.0907903 0.0999114 0.0986079 0.1045995 0.0939030 0.0928223 0.0968176 0.0000000 0.1016075 
Peramelidae_Perameles_gunnii                 0.0938676 0.1168054 0.1030203 0.1003039 0.0998447 0.1353133 0.0984531 0.0991012 0.0946437 0.0030923 0.0964524 0.1264156 0.1049906 0.1009030 0.0836728 0.0941385 0.0987180 0.0926211 0.0111014 0.0980034 0.0943795 0.1246382 0.1280649 0.0947139 0.1029386 0.1073297 0.0919458 0.1036512 0.1113934 0.1136515 0.0958553 0.0994215 0.0116086 0.1016075 0.0000000 
