35
Burramyidae_Burramys_parvus                  0.0000000 0.0753897 0.0488646 0.0615651 0.0613549 0.0746007 0.0409417 0.0403234 0.0641228 0.0822874 0.0398059 0.0748194 0.0752221 0.0454172 0.0679451 0.0757228 0.0734751 0.0727978 0.0763150 0.0605951 0.0607199 0.0999115 0.0894802 0.0742338 0.0536433 0.0764886 0.0516516 0.0599587 0.0580038 0.1016589 0.0587924 0.0427285 0.0745220 0.0753147 0.0814247 
Notoryctidae_Notoryctes_typhlops             0.0753897 0.0000000 0.0779388 0.0918396 0.0926093 0.0955139 0.0766858 0.0721488 0.0952464 0.0955687 0.0714879 0.0929919 0.0952149 0.0824225 0.1095328 0.0954247 0.0938865 0.0946241 0.0960981 0.0932527 0.0925359 0.1142361 0.1093311 0.0921325 0.0867103 0.0973426 0.0841927 0.0948896 0.0882137 0.1329344 0.0902238 0.0795165 0.0934689 0.0958024 0.0947195 
Vombatidae_Lasiorhinus_latifrons             0.0488646 0.0779388 0.0000000 0.0605265 0.0597081 0.0761806 0.0458161 0.0460869 0.0664774 0.0834115 0.0453507 0.0747663 0.0752084 0.0501435 0.0743344 0.0753452 0.0732011 0.0738253 0.0801676 0.0620281 0.0623183 0.0987168 0.0870972 0.0727641 0.0572379 0.0775626 0.0559136 0.0604578 0.0590728 0.1012001 0.0576493 0.0490408 0.0785063 0.0762458 0.0825554 
Potoroidae_Bettongia_penicillata             0.0615651 0.0918396 0.0605265 0.0000000 0.0050067 0.0928576 0.0566176 0.0571995 0.0169655 0.0964012 0.0574742 0.0916561 0.0939814 0.0603490 0.0904014 0.0925905 0.0919583 0.0928301 0.0936565 0.0215208 0.0734430 0.1119825 0.1034275 0.0892768 0.0377543 0.0942131 0.0619369 0.0211506 0.0717616 0.1164740 0.0683133 0.0581504 0.0903064 0.0922649 0.0959756 
Potoroidae_Bettongia_lesueur                 0.0613549 0.0926093 0.0597081 0.0050067 0.0000000 0.0928539 0.0567096 0.0563607 0.0179820 0.0944961 0.0566126 0.0922827 0.0938829 0.0598445 0.0897855 0.0932146 0.0919572 0.0925785 0.0945269 0.0217105 0.0725200 0.1112247 0.1024452 0.0893157 0.0373455 0.0943276 0.0614458 0.0213503 0.0708411 0.1157646 0.0671081 0.0576571 0.0911603 0.0926129 0.0940665 
Dasyuridae_Dasyurus_maculatus                0.0746007 0.0955139 0.0761806 0.0928576 0.0928539 0.0000000 0.0747812 0.0773084 0.0964375 0.0931806 0.0768264 0.0171344 0.0241025 0.0797884 0.1180145 0.0173835 0.0072835 0.0245924 0.0884759 0.0941116 0.0955317 0.1215216 0.1097171 0.0165020 0.0884870 0.0939027 0.0851680 0.0939736 0.0902038 0.1355502 0.0827350 0.0786606 0.0879972 0.0030040 0.0923306 
Phalangeridae_Trichosurus_vulpecula          0.0409417 0.0766858 0.0458161 0.0566176 0.0567096 0.0747812 0.0000000 0.0151566 0.0605741 0.0809863 0.0167335 0.0744317 0.0768458 0.0197417 0.0655469 0.0756175 0.0721385 0.0729470 0.0752994 0.0570304 0.0569670 0.0946110 0.0847964 0.0735299 0.0517481 0.0741892 0.0469392 0.0555311 0.0540816 0.0986526 0.0531990 0.0175901 0.0729829 0.0722852 0.0800390 
Phalangeridae_Spilocuscus_maculatus          0.0403234 0.0721488 0.0460869 0.0571995 0.0563607 0.0773084 0.0151566 0.0000000 0.0620732 0.0818205 0.0088121 0.0769016 0.0773393 0.0105698 0.0693824 0.0778138 0.0755497 0.0734779 0.0805990 0.0586256 0.0581699 0.0954724 0.0892108 0.0757730 0.0524058 0.0734078 0.0484110 0.0579992 0.0566905 0.0981083 0.0528809 0.0076103 0.0769862 0.0766922 0.0808271 
Potoroidae_Aepyprymnus_rufescens             0.0641228 0.0952464 0.0664774 0.0169655 0.0179820 0.0964375 0.0605741 0.0620732 0.0000000 0.0944482 0.0633131 0.0959024 0.0979350 0.0650842 0.0958369 0.0968474 0.0948819 0.0951850 0.1008116 0.0275852 0.0778156 0.1161313 0.1084627 0.0923142 0.0424975 0.1002462 0.0671154 0.0269895 0.0755254 0.1195552 0.0723360 0.0627904 0.0973305 0.0965276 0.0940169 
Peramelidae_Perameles_nasuta                 0.0822874 0.0955687 0.0834115 0.0964012 0.0944961 0.0931806 0.0809863 0.0818205 0.0944482 0.0000000 0.0806141 0.0900709 0.0936027 0.0873486 0.1697321 0.0908282 0.0905535 0.0894187 0.0140772 0.0973941 0.1006238 0.1250278 0.1157946 0.0906689 0.0965623 0.1016486 0.0940254 0.0988626 0.0965933 0.1464385 0.0957806 0.0852317 0.0144856 0.0920477 0.0002972 
Phalangeridae_Strigocuscus_pelengensis       0.0398059 0.0714879 0.0453507 0.0574742 0.0566126 0.0768264 0.0167335 0.0088121 0.0633131 0.0806141 0.0000000 0.0760450 0.0771663 0.0102141 0.0652931 0.0773656 0.0753391 0.0735328 0.0828058 0.0602848 0.0557703 0.0967586 0.0918136 0.0752267 0.0518011 0.0748267 0.0470225 0.0583022 0.0544244 0.0958674 0.0512017 0.0076836 0.0774434 0.0758308 0.0799696 
Dasyuridae_Phascogale_tapoatafa              0.0748194 0.0929919 0.0747663 0.0916561 0.0922827 0.0171344 0.0744317 0.0769016 0.0959024 0.0900709 0.0760450 0.0000000 0.0237876 0.0793574 0.1189770 0.0037372 0.0178951 0.0234280 0.0856869 0.0930169 0.0955728 0.1202947 0.1071527 0.0090415 0.0882319 0.0917452 0.0856748 0.0927081 0.0900706 0.1333065 0.0868946 0.0779280 0.0864950 0.0182800 0.0892190 
Dasyuridae_Sminthopsis_macroura              0.0752221 0.0952149 0.0752084 0.0939814 0.0938829 0.0241025 0.0768458 0.0773393 0.0979350 0.0936027 0.0771663 0.0237876 0.0000000 0.0798458 0.1188579 0.0245638 0.0245998 0.0188156 0.0886122 0.0926349 0.0974495 0.1209609 0.1128390 0.0221920 0.0873593 0.0938691 0.0858219 0.0949357 0.0925486 0.1371442 0.0854843 0.0781446 0.0890765 0.0255895 0.0927567 
Phalangeridae_Phalanger_orientalis           0.0454172 0.0824225 0.0501435 0.0603490 0.0598445 0.0797884 0.0197417 0.0105698 0.0650842 0.0873486 0.0102141 0.0793574 0.0798458 0.0000000 0.0746713 0.0802285 0.0770843 0.0761548 0.0825134 0.0617652 0.0617787 0.0980074 0.0911237 0.0786262 0.0548397 0.0792119 0.0514754 0.0614456 0.0596054 0.1035472 0.0582303 0.0049828 0.0790572 0.0781648 0.0863979 
Acrobatidae_Acrobates_pygmaeus               0.0679451 0.1095328 0.0743344 0.0904014 0.0897855 0.1180145 0.0655469 0.0693824 0.0958369 0.1697321 0.0652931 0.1189770 0.1188579 0.0746713 0.0000000 0.1183324 0.1169727 0.1170717 0.1211310 0.0916844 0.0805274 0.1395906 0.0837244 0.1132345 0.0791471 0.1049699 0.0700896 0.0912771 0.0787128 0.1165094 0.0388207 0.0723688 0.1179953 0.1177963 0.1684794 
Dasyuridae_Phascogale_calura                 0.0757228 0.0954247 0.0753452 0.0925905 0.0932146 0.0173835 0.0756175 0.0778138 0.0968474 0.0908282 0.0773656 0.0037372 0.0245638 0.0802285 0.1183324 0.0000000 0.0181438 0.0242557 0.0866743 0.0939562 0.0965023 0.1206105 0.1061382 0.0100858 0.0894800 0.0920769 0.0865987 0.0936559 0.0910048 0.1343081 0.0871507 0.0787936 0.0878176 0.0185303 0.0899779 
Dasyuridae_Sarcophilus_harrisii              0.0734751 0.0938865 0.0732011 0.0919583 0.0919572 0.0072835 0.0721385 0.0755497 0.0948819 0.0905535 0.0753391 0.0178951 0.0245998 0.0770843 0.1169727 0.0181438 0.0000000 0.0242559 0.0860302 0.0925958 0.0929803 0.1208611 0.1094837 0.0175519 0.0859007 0.0926229 0.0833622 0.0917264 0.0890803 0.1340645 0.0816476 0.0759765 0.0874584 0.0073187 0.0897011 
Dasyuridae_Planigale_tenuirostris            0.0727978 0.0946241 0.0738253 0.0928301 0.0925785 0.0245924 0.0729470 0.0734779 0.0951850 0.0894187 0.0735328 0.0234280 0.0188156 0.0761548 0.1170717 0.0242557 0.0242559 0.0000000 0.0856827 0.0932263 0.0942122 0.1190082 0.1060116 0.0222901 0.0876807 0.0927426 0.0832851 0.0936944 0.0903655 0.1341528 0.0831611 0.0748571 0.0850440 0.0255650 0.0885361 
Peramelidae_Echymipera_kalubu                0.0763150 0.0960981 0.0801676 0.0936565 0.0945269 0.0884759 0.0752994 0.0805990 0.1008116 0.0140772 0.0828058 0.0856869 0.0886122 0.0825134 0.1211310 0.0866743 0.0860302 0.0856827 0.0000000 0.0942327 0.0948204 0.1193601 0.1094127 0.0863110 0.0902645 0.0971790 0.0876574 0.0954183 0.0923418 0.1398208 0.0959362 0.0811433 0.0122300 0.0878938 0.0138215 
Macropodidae_Dorcopsulus_vanheurni           0.0605951 0.0932527 0.0620281 0.0215208 0.0217105 0.0941116 0.0570304 0.0586256 0.0275852 0.0973941 0.0602848 0.0930169 0.0926349 0.0617652 0.0916844 0.0939562 0.0925958 0.0932263 0.0942327 0.0000000 0.0755875 0.1126163 0.1043972 0.0897296 0.0392454 0.0942456 0.0656919 0.0089040 0.0720746 0.1130401 0.0712687 0.0599096 0.0910155 0.0945493 0.0968260 
Pseudochiridae_Pseudochirulus_forbesi        0.0607199 0.0925359 0.0623183 0.0734430 0.0725200 0.0955317 0.0569670 0.0581699 0.0778156 0.1006238 0.0557703 0.0955728 0.0974495 0.0617787 0.0805274 0.0965023 0.0929803 0.0942122 0.0948204 0.0755875 0.0000000 0.1134762 0.1032807 0.0932795 0.0684594 0.0930696 0.0321177 0.0749236 0.0214822 0.0983091 0.0633938 0.0600636 0.0945307 0.0956705 0.1002608 
Didelphidae_Didelphis_virginiana             0.0999115 0.1142361 0.0987168 0.1119825 0.1112247 0.1215216 0.0946110 0.0954724 0.1161313 0.1250278 0.0967586 0.1202947 0.1209609 0.0980074 0.1395906 0.1206105 0.1208611 0.1190082 0.1193601 0.1126163 0.1134762 0.0000000 0.0271767 0.1177196 0.1066815 0.1132629 0.1017393 0.1123124 0.1108333 0.1541678 0.1128253 0.0959040 0.1164070 0.1203629 0.1237587 
Marmosidae_Monodelphis_domestica             0.0894802 0.1093311 0.0870972 0.1034275 0.1024452 0.1097171 0.0847964 0.0892108 0.1084627 0.1157946 0.0918136 0.1071527 0.1128390 0.0911237 0.0837244 0.1061382 0.1094837 0.1060116 0.1094127 0.1043972 0.1032807 0.0271767 0.0000000 0.1058315 0.0973260 0.1083382 0.0958478 0.1054278 0.0991147 0.1403978 0.1059087 0.0900644 0.1071416 0.1091632 0.1151184 
Dasyuridae_Antechinus_stuartii               0.0742338 0.0921325 0.0727641 0.0892768 0.0893157 0.0165020 0.0735299 0.0757730 0.0923142 0.0906689 0.0752267 0.0090415 0.0221920 0.0786262 0.1132345 0.0100858 0.0175519 0.0222901 0.0863110 0.0897296 0.0932795 0.1177196 0.1058315 0.0000000 0.0863910 0.0910708 0.0831150 0.0906738 0.0891142 0.1312739 0.0842684 0.0766244 0.0861239 0.0179462 0.0901316 
Hypsiprymnodontidae_Hypsiprymnodon_moschatus 0.0536433 0.0867103 0.0572379 0.0377543 0.0373455 0.0884870 0.0517481 0.0524058 0.0424975 0.0965623 0.0518011 0.0882319 0.0873593 0.0548397 0.0791471 0.0894800 0.0859007 0.0876807 0.0902645 0.0392454 0.0684594 0.1066815 0.0973260 0.0863910 0.0000000 0.0870083 0.0607643 0.0372999 0.0664365 0.1112596 0.0666020 0.0535963 0.0868118 0.0878456 0.0961316 
Microbiotheriidae_Dromiciops_gliroides       0.0764886 0.0973426 0.0775626 0.0942131 0.0943276 0.0939027 0.0741892 0.0734078 0.1002462 0.1016486 0.0748267 0.0917452 0.0938691 0.0792119 0.1049699 0.0920769 0.0926229 0.0927426 0.0971790 0.0942456 0.0930696 0.1132629 0.1083382 0.0910708 0.0870083 0.0000000 0.0831438 0.0923856 0.0895400 0.1278795 0.0868686 0.0775923 0.0952635 0.0941123 0.1013007 
Pseudochiridae_Petauroides_volans            0.0516516 0.0841927 0.0559136 0.0619369 0.0614458 0.0851680 0.0469392 0.0484110 0.0671154 0.0940254 0.0470225 0.0856748 0.0858219 0.0514754 0.0700896 0.0865987 0.0833622 0.0832851 0.0876574 0.0656919 0.0321177 0.1017393 0.0958478 0.0831150 0.0607643 0.0831438 0.0000000 0.0646222 0.0328886 0.0901850 0.0564041 0.0492864 0.0860926 0.0855732 0.0927495 
Macropodidae_Wallabia_bicolor                0.0599587 0.0948896 0.0604578 0.0211506 0.0213503 0.0939736 0.0555311 0.0579992 0.0269895 0.0988626 0.0583022 0.0927081 0.0949357 0.0614456 0.0912771 0.0936559 0.0917264 0.0936944 0.0954183 0.0089040 0.0749236 0.1123124 0.1054278 0.0906738 0.0372999 0.0923856 0.0646222 0.0000000 0.0714265 0.1147143 0.0695431 0.0589067 0.0922792 0.0932067 0.0984363 
Pseudochiridae_Pseudocheirus_occidentalis    0.0580038 0.0882137 0.0590728 0.0717616 0.0708411 0.0902038 0.0540816 0.0566905 0.0755254 0.0965933 0.0544244 0.0900706 0.0925486 0.0596054 0.0787128 0.0910048 0.0890803 0.0903655 0.0923418 0.0720746 0.0214822 0.1108333 0.0991147 0.0891142 0.0664365 0.0895400 0.0328886 0.0714265 0.0000000 0.0963696 0.0636548 0.0577370 0.0909669 0.0906572 0.0953048 
Tarsipedidae_Tarsipes_rostratus              0.1016589 0.1329344 0.1012001 0.1164740 0.1157646 0.1355502 0.0986526 0.0981083 0.1195552 0.1464385 0.0958674 0.1333065 0.1371442 0.1035472 0.1165094 0.1343081 0.1340645 0.1341528 0.1398208 0.1130401 0.0983091 0.1541678 0.1403978 0.1312739 0.1112596 0.1278795 0.0901850 0.1147143 0.0963696 0.0000000 0.1025463 0.1018067 0.1389346 0.1371899 0.1451183 
Acrobatidae_Distoechurus_pennatus            0.0587924 0.0902238 0.0576493 0.0683133 0.0671081 0.0827350 0.0531990 0.0528809 0.0723360 0.0957806 0.0512017 0.0868946 0.0854843 0.0582303 0.0388207 0.0871507 0.0816476 0.0831611 0.0959362 0.0712687 0.0633938 0.1128253 0.1059087 0.0842684 0.0666020 0.0868686 0.0564041 0.0695431 0.0636548 0.1025463 0.0000000 0.0558747 0.0929197 0.0825417 0.0949380 
Phalangeridae_Phalanger_carmelitae           0.0427285 0.0795165 0.0490408 0.0581504 0.0576571 0.0786606 0.0175901 0.0076103 0.0627904 0.0852317 0.0076836 0.0779280 0.0781446 0.0049828 0.0723688 0.0787936 0.0759765 0.0748571 0.0811433 0.0599096 0.0600636 0.0959040 0.0900644 0.0766244 0.0535963 0.0775923 0.0492864 0.0589067 0.0577370 0.1018067 0.0558747 0.0000000 0.0777125 0.0770499 0.0842862 
Peramelidae_Peroryctes_raffrayana            0.0745220 0.0934689 0.0785063 0.0903064 0.0911603 0.0879972 0.0729829 0.0769862 0.0973305 0.0144856 0.0774434 0.0864950 0.0890765 0.0790572 0.1179953 0.0878176 0.0874584 0.0850440 0.0122300 0.0910155 0.0945307 0.1164070 0.1071416 0.0861239 0.0868118 0.0952635 0.0860926 0.0922792 0.0909669 0.1389346 0.0929197 0.0777125 0.0000000 0.0867946 0.0145288 
Dasyuridae_Dasyurus_geffroii                 0.0753147 0.0958024 0.0762458 0.0922649 0.0926129 0.0030040 0.0722852 0.0766922 0.0965276 0.0920477 0.0758308 0.0182800 0.0255895 0.0781648 0.1177963 0.0185303 0.0073187 0.0255650 0.0878938 0.0945493 0.0956705 0.1203629 0.1091632 0.0179462 0.0878456 0.0941123 0.0855732 0.0932067 0.0906572 0.1371899 0.0825417 0.0770499 0.0867946 0.0000000 0.0911923 
Peramelidae_Perameles_gunnii                 0.0814247 0.0947195 0.0825554 0.0959756 0.0940665 0.0923306 0.0800390 0.0808271 0.0940169 0.0002972 0.0799696 0.0892190 0.0927567 0.0863979 0.1684794 0.0899779 0.0897011 0.0885361 0.0138215 0.0968260 0.1002608 0.1237587 0.1151184 0.0901316 0.0961316 0.1013007 0.0927495 0.0984363 0.0953048 0.1451183 0.0949380 0.0842862 0.0145288 0.0911923 0.0000000 
