35
Burramyidae_Burramys_parvus                  0.0000000 0.0549895 0.0351514 0.0424858 0.0430068 0.0683192 0.0314658 0.0346562 0.0396748 0.0582542 0.0390783 0.0628334 0.0562064 0.0404217 0.0415304 0.0628334 0.0697649 0.0620094 0.0564694 0.0436928 0.0411746 0.0614917 0.0601759 0.0589574 0.0498947 0.0509090 0.0430433 0.0396682 0.0403803 0.0549649 0.0375239 0.0389249 0.0550584 0.0715824 0.0579867 
Notoryctidae_Notoryctes_typhlops             0.0549895 0.0000000 0.0508204 0.0580969 0.0591712 0.0735894 0.0568498 0.0590052 0.0561423 0.0601978 0.0593050 0.0684906 0.0544717 0.0616391 0.0611960 0.0693084 0.0724139 0.0618721 0.0581314 0.0573682 0.0553650 0.0679152 0.0672187 0.0668603 0.0640584 0.0578764 0.0570335 0.0549336 0.0579209 0.0675939 0.0566935 0.0603366 0.0582854 0.0768171 0.0614239 
Vombatidae_Lasiorhinus_latifrons             0.0351514 0.0508204 0.0000000 0.0392421 0.0390475 0.0567339 0.0360859 0.0390088 0.0375150 0.0510613 0.0435544 0.0541197 0.0406518 0.0440176 0.0369348 0.0530248 0.0588694 0.0499285 0.0492636 0.0414021 0.0399769 0.0546492 0.0535990 0.0497430 0.0439510 0.0405536 0.0410737 0.0378521 0.0421703 0.0513100 0.0353800 0.0411515 0.0482044 0.0598638 0.0515896 
Potoroidae_Bettongia_penicillata             0.0424858 0.0580969 0.0392421 0.0000000 0.0051175 0.0656689 0.0447095 0.0451507 0.0078521 0.0623796 0.0457963 0.0657621 0.0516086 0.0484569 0.0460414 0.0661408 0.0685216 0.0586367 0.0614232 0.0221377 0.0462747 0.0642025 0.0661432 0.0634616 0.0352336 0.0584939 0.0470139 0.0178913 0.0478729 0.0548553 0.0418373 0.0465661 0.0602661 0.0691686 0.0634930 
Potoroidae_Bettongia_lesueur                 0.0430068 0.0591712 0.0390475 0.0051175 0.0000000 0.0682413 0.0434814 0.0439206 0.0091102 0.0637843 0.0452555 0.0683761 0.0527199 0.0479358 0.0465780 0.0679932 0.0716123 0.0596629 0.0635292 0.0238028 0.0472200 0.0660304 0.0679260 0.0648724 0.0367309 0.0589866 0.0464695 0.0198454 0.0473380 0.0570013 0.0430227 0.0453358 0.0623731 0.0714749 0.0648421 
Dasyuridae_Dasyurus_maculatus                0.0683192 0.0735894 0.0567339 0.0656689 0.0682413 0.0000000 0.0640321 0.0666845 0.0676720 0.0740262 0.0708103 0.0249019 0.0155778 0.0714578 0.0652543 0.0239191 0.0116485 0.0242654 0.0684281 0.0663000 0.0687048 0.0819781 0.0799121 0.0232586 0.0746110 0.0686254 0.0710312 0.0636731 0.0723544 0.0779819 0.0655513 0.0708787 0.0713614 0.0107205 0.0744944 
Phalangeridae_Trichosurus_vulpecula          0.0314658 0.0568498 0.0360859 0.0447095 0.0434814 0.0640321 0.0000000 0.0157679 0.0444125 0.0557147 0.0222296 0.0613232 0.0480499 0.0212613 0.0417502 0.0606664 0.0646845 0.0585571 0.0586200 0.0473937 0.0394693 0.0629963 0.0618769 0.0595190 0.0495103 0.0506609 0.0446357 0.0437057 0.0421776 0.0564319 0.0383983 0.0202429 0.0555484 0.0671133 0.0576422 
Phalangeridae_Spilocuscus_maculatus          0.0346562 0.0590052 0.0390088 0.0451507 0.0439206 0.0666845 0.0157679 0.0000000 0.0441519 0.0561362 0.0129999 0.0616263 0.0502203 0.0138890 0.0433217 0.0601332 0.0684919 0.0591181 0.0580883 0.0442493 0.0432962 0.0635542 0.0625519 0.0601422 0.0501764 0.0548578 0.0469306 0.0402585 0.0444613 0.0559639 0.0395608 0.0132266 0.0526657 0.0669920 0.0571080 
Potoroidae_Aepyprymnus_rufescens             0.0396748 0.0561423 0.0375150 0.0078521 0.0091102 0.0676720 0.0444125 0.0441519 0.0000000 0.0604817 0.0444459 0.0669874 0.0516086 0.0474499 0.0449144 0.0666073 0.0717388 0.0595353 0.0606782 0.0211657 0.0458930 0.0642959 0.0653851 0.0639206 0.0335384 0.0572823 0.0460100 0.0175705 0.0456935 0.0526284 0.0403940 0.0448614 0.0591331 0.0712073 0.0619998 
Peramelidae_Perameles_nasuta                 0.0582542 0.0601978 0.0510613 0.0623796 0.0637843 0.0740262 0.0557147 0.0561362 0.0604817 0.0000000 0.0570667 0.0743107 0.0570558 0.0622140 0.0608082 0.0735169 0.0773980 0.0693774 0.0147062 0.0614799 0.0594872 0.0709919 0.0702611 0.0695308 0.0661735 0.0599339 0.0656902 0.0578434 0.0655893 0.0788351 0.0563826 0.0605266 0.0148316 0.0793095 0.0006111 
Phalangeridae_Strigocuscus_pelengensis       0.0390783 0.0593050 0.0435544 0.0457963 0.0452555 0.0708103 0.0222296 0.0129999 0.0444459 0.0570667 0.0000000 0.0643835 0.0493636 0.0133154 0.0487383 0.0628348 0.0697780 0.0606752 0.0593646 0.0463285 0.0474547 0.0676342 0.0683038 0.0628910 0.0544966 0.0571641 0.0494304 0.0429233 0.0478084 0.0582655 0.0422801 0.0132827 0.0570568 0.0711373 0.0593646 
Dasyuridae_Phascogale_tapoatafa              0.0628334 0.0684906 0.0541197 0.0657621 0.0683761 0.0249019 0.0613232 0.0616263 0.0669874 0.0743107 0.0643835 0.0000000 0.0180797 0.0687747 0.0672442 0.0035835 0.0247233 0.0275091 0.0683525 0.0701040 0.0673580 0.0780176 0.0791604 0.0131549 0.0742735 0.0651296 0.0664589 0.0648900 0.0682548 0.0754286 0.0629556 0.0678271 0.0712123 0.0288344 0.0747702 
Dasyuridae_Sminthopsis_macroura              0.0562064 0.0544717 0.0406518 0.0516086 0.0527199 0.0155778 0.0480499 0.0502203 0.0516086 0.0570558 0.0493636 0.0180797 0.0000000 0.0520396 0.0537620 0.0172488 0.0172488 0.0124691 0.0534811 0.0506097 0.0551686 0.0646156 0.0632248 0.0164639 0.0569407 0.0513439 0.0589226 0.0481617 0.0593595 0.0631863 0.0502966 0.0509593 0.0532108 0.0142943 0.0581379 
Phalangeridae_Phalanger_orientalis           0.0404217 0.0616391 0.0440176 0.0484569 0.0479358 0.0714578 0.0212613 0.0138890 0.0474499 0.0622140 0.0133154 0.0687747 0.0520396 0.0000000 0.0484741 0.0672442 0.0727911 0.0632301 0.0631614 0.0493040 0.0472970 0.0677268 0.0677103 0.0668721 0.0554760 0.0581491 0.0492661 0.0459631 0.0475877 0.0595661 0.0431170 0.0030056 0.0574857 0.0706128 0.0632947 
Acrobatidae_Acrobates_pygmaeus               0.0415304 0.0611960 0.0369348 0.0460414 0.0465780 0.0652543 0.0417502 0.0433217 0.0449144 0.0608082 0.0487383 0.0672442 0.0537620 0.0484741 0.0000000 0.0664813 0.0689772 0.0587971 0.0600982 0.0443397 0.0410431 0.0606811 0.0582116 0.0625765 0.0508956 0.0526488 0.0425512 0.0400471 0.0423081 0.0530981 0.0258536 0.0469247 0.0589174 0.0663274 0.0621726 
Dasyuridae_Phascogale_calura                 0.0628334 0.0693084 0.0530248 0.0661408 0.0679932 0.0239191 0.0606664 0.0601332 0.0666073 0.0735169 0.0628348 0.0035835 0.0172488 0.0672442 0.0664813 0.0000000 0.0237478 0.0267115 0.0683525 0.0697203 0.0669551 0.0788112 0.0791604 0.0119060 0.0742735 0.0651296 0.0656938 0.0645132 0.0682548 0.0746323 0.0629556 0.0663042 0.0719979 0.0274646 0.0739931 
Dasyuridae_Sarcophilus_harrisii              0.0697649 0.0724139 0.0588694 0.0685216 0.0716123 0.0116485 0.0646845 0.0684919 0.0717388 0.0773980 0.0697780 0.0247233 0.0172488 0.0727911 0.0689772 0.0237478 0.0000000 0.0258557 0.0712905 0.0683395 0.0722713 0.0817266 0.0806406 0.0241348 0.0756144 0.0685763 0.0703380 0.0646533 0.0729255 0.0806146 0.0672472 0.0710489 0.0751016 0.0165732 0.0777936 
Dasyuridae_Planigale_tenuirostris            0.0620094 0.0618721 0.0499285 0.0586367 0.0596629 0.0242654 0.0585571 0.0591181 0.0595353 0.0693774 0.0606752 0.0275091 0.0124691 0.0632301 0.0587971 0.0267115 0.0258557 0.0000000 0.0640515 0.0567129 0.0598047 0.0706237 0.0716893 0.0242599 0.0684168 0.0608780 0.0615958 0.0539595 0.0643703 0.0683128 0.0589222 0.0618677 0.0636727 0.0254990 0.0691593 
Peramelidae_Echymipera_kalubu                0.0564694 0.0581314 0.0492636 0.0614232 0.0635292 0.0684281 0.0586200 0.0580883 0.0606782 0.0147062 0.0593646 0.0683525 0.0534811 0.0631614 0.0600982 0.0683525 0.0712905 0.0640515 0.0000000 0.0612716 0.0593857 0.0683298 0.0689853 0.0633974 0.0658099 0.0575634 0.0634529 0.0581030 0.0630554 0.0766401 0.0529854 0.0615079 0.0133731 0.0733064 0.0149756 
Macropodidae_Dorcopsulus_vanheurni           0.0436928 0.0573682 0.0414021 0.0221377 0.0238028 0.0663000 0.0473937 0.0442493 0.0211657 0.0614799 0.0463285 0.0701040 0.0506097 0.0493040 0.0443397 0.0697203 0.0683395 0.0567129 0.0612716 0.0000000 0.0475708 0.0666392 0.0671351 0.0662465 0.0367369 0.0612579 0.0481261 0.0069697 0.0484062 0.0577214 0.0426526 0.0470794 0.0604635 0.0681474 0.0628425 
Pseudochiridae_Pseudochirulus_forbesi        0.0411746 0.0553650 0.0399769 0.0462747 0.0472200 0.0687048 0.0394693 0.0432962 0.0458930 0.0594872 0.0474547 0.0673580 0.0551686 0.0472970 0.0410431 0.0669551 0.0722713 0.0598047 0.0593857 0.0475708 0.0000000 0.0600005 0.0594630 0.0637573 0.0456106 0.0530455 0.0255198 0.0439911 0.0164413 0.0460096 0.0360778 0.0456679 0.0581094 0.0720205 0.0608269 
Didelphidae_Didelphis_virginiana             0.0614917 0.0679152 0.0546492 0.0642025 0.0660304 0.0819781 0.0629963 0.0635542 0.0642959 0.0709919 0.0676342 0.0780176 0.0646156 0.0677268 0.0606811 0.0788112 0.0817266 0.0706237 0.0683298 0.0666392 0.0600005 0.0000000 0.0236508 0.0743402 0.0706631 0.0629691 0.0670573 0.0634587 0.0642442 0.0725784 0.0597968 0.0657028 0.0670257 0.0837819 0.0722281 
Marmosidae_Monodelphis_domestica             0.0601759 0.0672187 0.0535990 0.0661432 0.0679260 0.0799121 0.0618769 0.0625519 0.0653851 0.0702611 0.0683038 0.0791604 0.0632248 0.0677103 0.0582116 0.0791604 0.0806406 0.0716893 0.0689853 0.0671351 0.0594630 0.0236508 0.0000000 0.0758367 0.0693857 0.0623880 0.0668497 0.0635080 0.0639937 0.0740299 0.0588554 0.0652730 0.0656352 0.0831951 0.0718894 
Dasyuridae_Antechinus_stuartii               0.0589574 0.0668603 0.0497430 0.0634616 0.0648724 0.0232586 0.0595190 0.0601422 0.0639206 0.0695308 0.0628910 0.0131549 0.0164639 0.0668721 0.0625765 0.0119060 0.0241348 0.0242599 0.0633974 0.0662465 0.0637573 0.0743402 0.0758367 0.0000000 0.0715110 0.0623318 0.0630504 0.0607007 0.0651410 0.0735220 0.0583720 0.0651756 0.0668947 0.0285732 0.0700901 
Hypsiprymnodontidae_Hypsiprymnodon_moschatus 0.0498947 0.0640584 0.0439510 0.0352336 0.0367309 0.0746110 0.0495103 0.0501764 0.0335384 0.0661735 0.0544966 0.0742735 0.0569407 0.0554760 0.0508956 0.0742735 0.0756144 0.0684168 0.0658099 0.0367369 0.0456106 0.0706631 0.0693857 0.0715110 0.0000000 0.0614599 0.0534146 0.0328600 0.0499942 0.0638459 0.0477666 0.0527845 0.0643472 0.0777010 0.0671742 
Microbiotheriidae_Dromiciops_gliroides       0.0509090 0.0578764 0.0405536 0.0584939 0.0589866 0.0686254 0.0506609 0.0548578 0.0572823 0.0599339 0.0571641 0.0651296 0.0513439 0.0581491 0.0526488 0.0651296 0.0685763 0.0608780 0.0575634 0.0612579 0.0530455 0.0629691 0.0623880 0.0623318 0.0614599 0.0000000 0.0583492 0.0565596 0.0595546 0.0708037 0.0516972 0.0554372 0.0565577 0.0703720 0.0598458 
Pseudochiridae_Petauroides_volans            0.0430433 0.0570335 0.0410737 0.0470139 0.0464695 0.0710312 0.0446357 0.0469306 0.0460100 0.0656902 0.0494304 0.0664589 0.0589226 0.0492661 0.0425512 0.0656938 0.0703380 0.0615958 0.0634529 0.0481261 0.0255198 0.0670573 0.0668497 0.0630504 0.0534146 0.0583492 0.0000000 0.0442059 0.0263859 0.0482320 0.0380111 0.0484426 0.0622046 0.0750781 0.0661881 
Macropodidae_Wallabia_bicolor                0.0396682 0.0549336 0.0378521 0.0178913 0.0198454 0.0636731 0.0437057 0.0402585 0.0175705 0.0578434 0.0429233 0.0648900 0.0481617 0.0459631 0.0400471 0.0645132 0.0646533 0.0539595 0.0581030 0.0069697 0.0439911 0.0634587 0.0635080 0.0607007 0.0328600 0.0565596 0.0442059 0.0000000 0.0442457 0.0541443 0.0380363 0.0430442 0.0565139 0.0663583 0.0597741 
Pseudochiridae_Pseudocheirus_occidentalis    0.0403803 0.0579209 0.0421703 0.0478729 0.0473380 0.0723544 0.0421776 0.0444613 0.0456935 0.0655893 0.0478084 0.0682548 0.0593595 0.0475877 0.0423081 0.0682548 0.0729255 0.0643703 0.0630554 0.0484062 0.0164413 0.0642442 0.0639937 0.0651410 0.0499942 0.0595546 0.0263859 0.0442457 0.0000000 0.0494590 0.0387343 0.0467333 0.0623791 0.0753007 0.0659243 
Tarsipedidae_Tarsipes_rostratus              0.0549649 0.0675939 0.0513100 0.0548553 0.0570013 0.0779819 0.0564319 0.0559639 0.0526284 0.0788351 0.0582655 0.0754286 0.0631863 0.0595661 0.0530981 0.0746323 0.0806146 0.0683128 0.0766401 0.0577214 0.0460096 0.0725784 0.0740299 0.0735220 0.0638459 0.0708037 0.0482320 0.0541443 0.0494590 0.0000000 0.0492411 0.0563916 0.0735303 0.0803850 0.0793184 
Acrobatidae_Distoechurus_pennatus            0.0375239 0.0566935 0.0353800 0.0418373 0.0430227 0.0655513 0.0383983 0.0395608 0.0403940 0.0563826 0.0422801 0.0629556 0.0502966 0.0431170 0.0258536 0.0629556 0.0672472 0.0589222 0.0529854 0.0426526 0.0360778 0.0597968 0.0588554 0.0583720 0.0477666 0.0516972 0.0380111 0.0380363 0.0387343 0.0492411 0.0000000 0.0412976 0.0520517 0.0660374 0.0567653 
Phalangeridae_Phalanger_carmelitae           0.0389249 0.0603366 0.0411515 0.0465661 0.0453358 0.0708787 0.0202429 0.0132266 0.0448614 0.0605266 0.0132827 0.0678271 0.0509593 0.0030056 0.0469247 0.0663042 0.0710489 0.0618677 0.0615079 0.0470794 0.0456679 0.0657028 0.0652730 0.0651756 0.0527845 0.0554372 0.0484426 0.0430442 0.0467333 0.0563916 0.0412976 0.0000000 0.0565838 0.0704953 0.0616371 
Peramelidae_Peroryctes_raffrayana            0.0550584 0.0582854 0.0482044 0.0602661 0.0623731 0.0713614 0.0555484 0.0526657 0.0591331 0.0148316 0.0570568 0.0712123 0.0532108 0.0574857 0.0589174 0.0719979 0.0751016 0.0636727 0.0133731 0.0604635 0.0581094 0.0670257 0.0656352 0.0668947 0.0643472 0.0565577 0.0622046 0.0565139 0.0623791 0.0735303 0.0520517 0.0565838 0.0000000 0.0740196 0.0146684 
Dasyuridae_Dasyurus_geffroii                 0.0715824 0.0768171 0.0598638 0.0691686 0.0714749 0.0107205 0.0671133 0.0669920 0.0712073 0.0793095 0.0711373 0.0288344 0.0142943 0.0706128 0.0663274 0.0274646 0.0165732 0.0254990 0.0733064 0.0681474 0.0720205 0.0837819 0.0831951 0.0285732 0.0777010 0.0703720 0.0750781 0.0663583 0.0753007 0.0803850 0.0660374 0.0704953 0.0740196 0.0000000 0.0796767 
Peramelidae_Perameles_gunnii                 0.0579867 0.0614239 0.0515896 0.0634930 0.0648421 0.0744944 0.0576422 0.0571080 0.0619998 0.0006111 0.0593646 0.0747702 0.0581379 0.0632947 0.0621726 0.0739931 0.0777936 0.0691593 0.0149756 0.0628425 0.0608269 0.0722281 0.0718894 0.0700901 0.0671742 0.0598458 0.0661881 0.0597741 0.0659243 0.0793184 0.0567653 0.0616371 0.0146684 0.0796767 0.0000000 
