43
croc_TJD307_ND4 0.0000000 0.0820807 0.0820807 0.0851927 0.0830359 0.0806916 0.0948722 0.0948722 0.0930238 0.0858979 0.0918109 0.0925088 0.0902081 0.0912820 0.0913542 0.0828775 0.0828775 0.0808697 0.0808697 0.0911936 0.0911936 0.0920796 0.0870565 0.0876974 0.0876974 0.0869042 0.0869042 0.0869042 0.0869042 0.0869042 0.0869042 0.0869042 0.0900968 0.0900968 0.0869042 0.0874465 0.0854460 0.0937643 0.0937643 0.0958044 0.0882931 0.0882931 0.0921809 
MVZ229220_ND4   0.0820807 0.0000000 0.0000010 0.0024570 0.0420175 0.0401263 0.0444825 0.0444825 0.0412223 0.0394303 0.0421603 0.0413877 0.0395601 0.0419600 0.0419884 0.0403214 0.0403214 0.0420330 0.0420330 0.0421605 0.0421605 0.0394718 0.0386257 0.0395601 0.0395601 0.0402752 0.0385745 0.0385745 0.0385745 0.0386889 0.0375712 0.0375712 0.0414342 0.0414342 0.0385745 0.0394725 0.0377574 0.0498248 0.0498248 0.0516320 0.0459932 0.0459932 0.0461459 
SDFIELD1167_ND4 0.0820807 0.0000010 0.0000000 0.0024570 0.0420175 0.0401263 0.0444825 0.0444825 0.0412223 0.0394303 0.0421603 0.0413877 0.0395601 0.0419600 0.0419884 0.0403214 0.0403214 0.0420330 0.0420330 0.0421605 0.0421605 0.0394718 0.0386257 0.0395601 0.0395601 0.0402752 0.0385745 0.0385745 0.0385745 0.0386889 0.0375712 0.0375712 0.0414342 0.0414342 0.0385745 0.0394725 0.0377574 0.0498248 0.0498248 0.0516320 0.0459932 0.0459932 0.0461459 
SDFIELD1343_ND4 0.0851927 0.0024570 0.0024570 0.0000000 0.0448860 0.0429747 0.0474194 0.0474194 0.0441032 0.0422266 0.0450152 0.0442114 0.0423674 0.0447996 0.0448301 0.0431616 0.0431616 0.0448777 0.0448777 0.0450154 0.0450154 0.0422715 0.0414583 0.0423674 0.0423674 0.0431123 0.0414066 0.0414066 0.0414066 0.0415288 0.0404298 0.0404298 0.0442615 0.0442615 0.0414066 0.0422723 0.0405481 0.0526887 0.0526887 0.0545039 0.0488212 0.0488212 0.0490438 
TJD273_ND4      0.0830359 0.0420175 0.0420175 0.0448860 0.0000000 0.0012104 0.0466201 0.0466201 0.0420656 0.0374351 0.0366410 0.0366011 0.0347441 0.0347371 0.0347606 0.0345774 0.0345774 0.0362965 0.0362965 0.0364049 0.0364049 0.0412516 0.0365813 0.0375607 0.0375607 0.0347576 0.0365288 0.0365288 0.0365288 0.0366404 0.0354770 0.0354770 0.0394709 0.0394709 0.0393432 0.0412514 0.0394564 0.0444500 0.0444500 0.0462798 0.0406104 0.0406104 0.0406188 
TJD300_ND4      0.0806916 0.0401263 0.0401263 0.0429747 0.0012104 0.0000000 0.0486188 0.0486188 0.0401215 0.0355771 0.0347576 0.0347175 0.0328887 0.0328851 0.0329071 0.0327367 0.0327367 0.0344361 0.0344361 0.0382720 0.0382720 0.0393346 0.0347050 0.0356944 0.0356944 0.0329042 0.0346530 0.0346530 0.0346530 0.0347582 0.0335909 0.0335909 0.0375742 0.0375742 0.0374571 0.0393345 0.0375606 0.0424992 0.0424992 0.0443083 0.0387166 0.0387166 0.0386698 
SDFIELD573_ND4  0.0948722 0.0444825 0.0444825 0.0474194 0.0466201 0.0486188 0.0000000 0.0000010 0.0310976 0.0296240 0.0287032 0.0315029 0.0297181 0.0285721 0.0285910 0.0303509 0.0303509 0.0286214 0.0286214 0.0285270 0.0285270 0.0263117 0.0321116 0.0297181 0.0297181 0.0269078 0.0286199 0.0286199 0.0286199 0.0270186 0.0274968 0.0274968 0.0315375 0.0315375 0.0286199 0.0314341 0.0297181 0.0363857 0.0363857 0.0381590 0.0327168 0.0327168 0.0324833 
SDFIELD574_ND4  0.0948722 0.0444825 0.0444825 0.0474194 0.0466201 0.0486188 0.0000010 0.0000000 0.0310976 0.0296240 0.0287032 0.0315029 0.0297181 0.0285721 0.0285910 0.0303509 0.0303509 0.0286214 0.0286214 0.0285270 0.0285270 0.0263117 0.0321116 0.0297181 0.0297181 0.0269078 0.0286199 0.0286199 0.0286199 0.0270186 0.0274968 0.0274968 0.0315375 0.0315375 0.0286199 0.0314341 0.0297181 0.0363857 0.0363857 0.0381590 0.0327168 0.0327168 0.0324833 
SDFIELD1158_ND4 0.0930238 0.0412223 0.0412223 0.0441032 0.0420656 0.0401215 0.0310976 0.0310976 0.0000000 0.0077136 0.0093261 0.0091286 0.0077321 0.0092918 0.0092969 0.0079016 0.0079016 0.0093054 0.0093054 0.0093260 0.0093260 0.0105452 0.0093370 0.0077321 0.0077321 0.0078939 0.0065156 0.0065156 0.0065156 0.0065326 0.0079222 0.0079222 0.0063684 0.0063684 0.0065156 0.0105453 0.0091340 0.0219528 0.0219528 0.0235216 0.0161371 0.0161371 0.0122203 
TJD458_ND4      0.0858979 0.0394303 0.0394303 0.0422266 0.0374351 0.0355771 0.0296240 0.0296240 0.0077136 0.0000000 0.0088862 0.0062040 0.0049039 0.0088550 0.0088596 0.0049220 0.0049220 0.0062117 0.0062117 0.0088861 0.0088861 0.0100547 0.0088966 0.0073759 0.0073759 0.0075239 0.0062115 0.0062115 0.0062115 0.0062270 0.0075500 0.0075500 0.0087130 0.0087130 0.0062115 0.0100547 0.0087107 0.0209534 0.0209534 0.0224528 0.0153919 0.0153919 0.0146174 
TJD434_ND4      0.0918109 0.0421603 0.0421603 0.0450152 0.0366410 0.0347576 0.0287032 0.0287032 0.0093261 0.0088862 0.0000000 0.0050085 0.0037100 0.0051262 0.0051289 0.0064865 0.0064865 0.0078602 0.0078602 0.0078772 0.0078772 0.0090967 0.0078880 0.0063484 0.0063484 0.0038078 0.0051331 0.0051331 0.0051331 0.0051462 0.0065045 0.0065045 0.0077179 0.0077179 0.0077193 0.0090968 0.0077159 0.0173384 0.0173384 0.0188441 0.0117306 0.0117306 0.0108081 
TJD455_ND4      0.0925088 0.0413877 0.0413877 0.0442114 0.0366011 0.0347175 0.0315029 0.0315029 0.0091286 0.0062040 0.0050085 0.0000000 0.0012066 0.0076843 0.0076883 0.0063508 0.0063508 0.0076950 0.0076950 0.0077113 0.0077113 0.0089079 0.0077219 0.0062181 0.0062181 0.0063448 0.0050263 0.0050263 0.0050263 0.0050388 0.0063681 0.0063681 0.0075583 0.0075583 0.0075599 0.0089079 0.0075564 0.0199388 0.0199388 0.0214571 0.0143056 0.0143056 0.0134800 
TJD457_ND4      0.0902081 0.0395601 0.0395601 0.0423674 0.0347441 0.0328887 0.0297181 0.0297181 0.0077321 0.0049039 0.0037100 0.0012066 0.0000000 0.0063266 0.0063299 0.0050189 0.0050189 0.0063353 0.0063353 0.0063484 0.0063484 0.0075446 0.0063582 0.0049146 0.0049146 0.0050143 0.0037236 0.0037236 0.0037236 0.0037328 0.0050333 0.0050333 0.0062231 0.0062231 0.0062257 0.0075446 0.0062216 0.0184104 0.0184104 0.0199024 0.0128586 0.0128586 0.0119891 
TJD438_ND4      0.0912820 0.0419600 0.0419600 0.0447996 0.0347371 0.0328851 0.0285721 0.0285721 0.0092918 0.0088550 0.0051262 0.0076843 0.0063266 0.0000000 0.0025024 0.0064638 0.0064638 0.0078320 0.0078320 0.0078489 0.0078489 0.0090640 0.0078597 0.0063266 0.0063266 0.0037950 0.0051155 0.0051155 0.0051155 0.0051285 0.0064816 0.0064816 0.0076907 0.0076907 0.0076922 0.0090641 0.0076887 0.0172711 0.0172711 0.0187695 0.0116875 0.0116875 0.0107664 
TJD439_ND4      0.0913542 0.0419884 0.0419884 0.0448301 0.0347606 0.0329071 0.0285910 0.0285910 0.0092969 0.0088596 0.0051289 0.0076883 0.0063299 0.0025024 0.0000000 0.0064672 0.0064672 0.0078362 0.0078362 0.0078531 0.0078531 0.0090688 0.0078639 0.0063299 0.0063299 0.0037969 0.0051181 0.0051181 0.0051181 0.0051311 0.0064850 0.0064850 0.0076948 0.0076948 0.0076962 0.0090689 0.0076927 0.0172809 0.0172809 0.0187803 0.0116939 0.0116939 0.0107724 
TJD358_ND4      0.0828775 0.0403214 0.0403214 0.0431616 0.0345774 0.0327367 0.0303509 0.0303509 0.0079016 0.0049220 0.0064865 0.0063508 0.0050189 0.0064638 0.0064672 0.0000000 0.0000010 0.0012355 0.0012355 0.0064865 0.0064865 0.0077064 0.0064967 0.0050189 0.0050189 0.0051225 0.0038035 0.0038035 0.0038035 0.0038130 0.0051422 0.0051422 0.0063560 0.0063560 0.0063585 0.0077065 0.0063543 0.0187982 0.0187982 0.0203208 0.0131329 0.0131329 0.0122563 
TJD359_ND4      0.0828775 0.0403214 0.0403214 0.0431616 0.0345774 0.0327367 0.0303509 0.0303509 0.0079016 0.0049220 0.0064865 0.0063508 0.0050189 0.0064638 0.0064672 0.0000010 0.0000000 0.0012355 0.0012355 0.0064865 0.0064865 0.0077064 0.0064967 0.0050189 0.0050189 0.0051225 0.0038035 0.0038035 0.0038035 0.0038130 0.0051422 0.0051422 0.0063560 0.0063560 0.0063585 0.0077065 0.0063543 0.0187982 0.0187982 0.0203208 0.0131329 0.0131329 0.0122563 
TJD369_ND4      0.0808697 0.0420330 0.0420330 0.0448777 0.0362965 0.0344361 0.0286214 0.0286214 0.0093054 0.0062117 0.0078602 0.0076950 0.0063353 0.0078320 0.0078362 0.0012355 0.0012355 0.0000000 0.0000010 0.0078601 0.0078601 0.0090769 0.0078709 0.0063353 0.0063353 0.0064667 0.0051225 0.0051225 0.0051225 0.0051356 0.0064907 0.0064907 0.0077015 0.0077015 0.0077030 0.0090770 0.0076995 0.0203005 0.0203005 0.0218430 0.0145718 0.0145718 0.0137421 
TJD377_ND4      0.0808697 0.0420330 0.0420330 0.0448777 0.0362965 0.0344361 0.0286214 0.0286214 0.0093054 0.0062117 0.0078602 0.0076950 0.0063353 0.0078320 0.0078362 0.0012355 0.0012355 0.0000010 0.0000000 0.0078601 0.0078601 0.0090769 0.0078709 0.0063353 0.0063353 0.0064667 0.0051225 0.0051225 0.0051225 0.0051356 0.0064907 0.0064907 0.0077015 0.0077015 0.0077030 0.0090770 0.0076995 0.0203005 0.0203005 0.0218430 0.0145718 0.0145718 0.0137421 
TJD460_ND4      0.0911936 0.0421605 0.0421605 0.0450154 0.0364049 0.0382720 0.0285270 0.0285270 0.0093260 0.0088861 0.0078772 0.0077113 0.0063484 0.0078489 0.0078531 0.0064865 0.0064865 0.0078601 0.0078601 0.0000000 0.0000010 0.0063310 0.0051234 0.0037099 0.0037099 0.0037865 0.0024990 0.0024990 0.0024990 0.0025051 0.0038016 0.0038016 0.0050124 0.0050124 0.0050154 0.0063311 0.0050112 0.0203509 0.0203509 0.0218982 0.0146057 0.0146057 0.0137751 
TJD462_ND4      0.0911936 0.0421605 0.0421605 0.0450154 0.0364049 0.0382720 0.0285270 0.0285270 0.0093260 0.0088861 0.0078772 0.0077113 0.0063484 0.0078489 0.0078531 0.0064865 0.0064865 0.0078601 0.0078601 0.0000010 0.0000000 0.0063310 0.0051234 0.0037099 0.0037099 0.0037865 0.0024990 0.0024990 0.0024990 0.0025051 0.0038016 0.0038016 0.0050124 0.0050124 0.0050154 0.0063311 0.0050112 0.0203509 0.0203509 0.0218982 0.0146057 0.0146057 0.0137751 
MVZ236191_ND4   0.0920796 0.0394718 0.0394718 0.0422715 0.0412516 0.0393346 0.0263117 0.0263117 0.0105452 0.0100547 0.0090967 0.0089079 0.0075446 0.0090640 0.0090688 0.0077064 0.0077064 0.0090769 0.0090769 0.0063310 0.0063310 0.0000000 0.0063408 0.0024415 0.0024415 0.0050009 0.0037130 0.0037130 0.0037130 0.0037220 0.0050198 0.0050198 0.0062065 0.0062065 0.0062090 0.0075239 0.0062049 0.0214710 0.0214710 0.0230110 0.0157646 0.0157646 0.0149849 
TJD459_ND4      0.0870565 0.0386257 0.0386257 0.0414583 0.0365813 0.0347050 0.0321116 0.0321116 0.0093370 0.0088966 0.0078880 0.0077219 0.0063582 0.0078597 0.0078639 0.0064967 0.0064967 0.0078709 0.0078709 0.0051234 0.0051234 0.0063408 0.0000000 0.0037168 0.0037168 0.0037938 0.0025042 0.0025042 0.0025042 0.0025104 0.0038089 0.0038089 0.0050211 0.0050211 0.0050241 0.0063409 0.0050199 0.0203462 0.0203462 0.0218895 0.0146122 0.0146122 0.0137830 
TJD464_ND4      0.0876974 0.0395601 0.0395601 0.0423674 0.0375607 0.0356944 0.0297181 0.0297181 0.0077321 0.0073759 0.0063484 0.0062181 0.0049146 0.0063266 0.0063299 0.0050189 0.0050189 0.0063353 0.0063353 0.0037099 0.0037099 0.0024415 0.0037168 0.0000000 0.0000010 0.0024424 0.0012090 0.0012090 0.0012090 0.0012118 0.0024521 0.0024521 0.0036386 0.0036386 0.0036415 0.0049020 0.0036377 0.0184104 0.0184104 0.0199024 0.0128586 0.0128586 0.0119891 
TJD465_ND4      0.0876974 0.0395601 0.0395601 0.0423674 0.0375607 0.0356944 0.0297181 0.0297181 0.0077321 0.0073759 0.0063484 0.0062181 0.0049146 0.0063266 0.0063299 0.0050189 0.0050189 0.0063353 0.0063353 0.0037099 0.0037099 0.0024415 0.0037168 0.0000010 0.0000000 0.0024424 0.0012090 0.0012090 0.0012090 0.0012118 0.0024521 0.0024521 0.0036386 0.0036386 0.0036415 0.0049020 0.0036377 0.0184104 0.0184104 0.0199024 0.0128586 0.0128586 0.0119891 
MVZ207642_ND4   0.0869042 0.0402752 0.0402752 0.0431123 0.0347576 0.0329042 0.0269078 0.0269078 0.0078939 0.0075239 0.0038078 0.0063448 0.0050143 0.0037950 0.0037969 0.0051225 0.0051225 0.0064667 0.0064667 0.0037865 0.0037865 0.0050009 0.0037938 0.0024424 0.0024424 0.0000000 0.0012331 0.0012331 0.0012331 0.0012361 0.0025021 0.0025021 0.0037109 0.0037109 0.0037137 0.0050010 0.0037100 0.0158193 0.0158193 0.0172963 0.0103004 0.0103004 0.0093364 
MVZ195628_ND4   0.0869042 0.0385745 0.0385745 0.0414066 0.0365288 0.0346530 0.0286199 0.0286199 0.0065156 0.0062115 0.0051331 0.0050263 0.0037236 0.0051155 0.0051181 0.0038035 0.0038035 0.0051225 0.0051225 0.0024990 0.0024990 0.0037130 0.0025042 0.0012090 0.0012090 0.0012331 0.0000000 0.0000010 0.0000010 0.0000010 0.0012381 0.0012381 0.0024498 0.0024498 0.0024521 0.0037131 0.0024492 0.0172963 0.0172963 0.0187974 0.0117039 0.0117039 0.0107819 
MVZ207643_ND4   0.0869042 0.0385745 0.0385745 0.0414066 0.0365288 0.0346530 0.0286199 0.0286199 0.0065156 0.0062115 0.0051331 0.0050263 0.0037236 0.0051155 0.0051181 0.0038035 0.0038035 0.0051225 0.0051225 0.0024990 0.0024990 0.0037130 0.0025042 0.0012090 0.0012090 0.0012331 0.0000010 0.0000000 0.0000010 0.0000010 0.0012381 0.0012381 0.0024498 0.0024498 0.0024521 0.0037131 0.0024492 0.0172963 0.0172963 0.0187974 0.0117039 0.0117039 0.0107819 
TJD454_ND4      0.0869042 0.0385745 0.0385745 0.0414066 0.0365288 0.0346530 0.0286199 0.0286199 0.0065156 0.0062115 0.0051331 0.0050263 0.0037236 0.0051155 0.0051181 0.0038035 0.0038035 0.0051225 0.0051225 0.0024990 0.0024990 0.0037130 0.0025042 0.0012090 0.0012090 0.0012331 0.0000010 0.0000010 0.0000000 0.0000010 0.0012370 0.0012381 0.0024498 0.0024498 0.0024521 0.0037131 0.0024492 0.0172963 0.0172963 0.0187974 0.0117039 0.0117039 0.0107819 
TJD456_ND4      0.0869042 0.0386889 0.0386889 0.0415288 0.0366404 0.0347582 0.0270186 0.0270186 0.0065326 0.0062270 0.0051462 0.0050388 0.0037328 0.0051285 0.0051311 0.0038130 0.0038130 0.0051356 0.0051356 0.0025051 0.0025051 0.0037220 0.0025104 0.0012118 0.0012118 0.0012361 0.0000010 0.0000010 0.0000010 0.0000000 0.0012411 0.0012411 0.0024557 0.0024557 0.0024580 0.0037230 0.0024551 0.0173434 0.0173434 0.0188491 0.0117348 0.0117348 0.0108113 
TJD452_ND4      0.0869042 0.0375712 0.0375712 0.0404298 0.0354770 0.0335909 0.0274968 0.0274968 0.0079222 0.0075500 0.0065045 0.0063681 0.0050333 0.0064816 0.0064850 0.0051422 0.0051422 0.0064907 0.0064907 0.0038016 0.0038016 0.0050198 0.0038089 0.0024521 0.0024521 0.0025021 0.0012381 0.0012381 0.0012370 0.0012411 0.0000000 0.0000010 0.0037261 0.0037261 0.0037291 0.0050199 0.0037252 0.0161584 0.0161584 0.0176669 0.0131586 0.0131586 0.0122826 
TJD453_ND4      0.0869042 0.0375712 0.0375712 0.0404298 0.0354770 0.0335909 0.0274968 0.0274968 0.0079222 0.0075500 0.0065045 0.0063681 0.0050333 0.0064816 0.0064850 0.0051422 0.0051422 0.0064907 0.0064907 0.0038016 0.0038016 0.0050198 0.0038089 0.0024521 0.0024521 0.0025021 0.0012381 0.0012381 0.0012381 0.0012411 0.0000010 0.0000000 0.0037261 0.0037261 0.0037291 0.0050199 0.0037252 0.0161584 0.0161584 0.0176669 0.0131586 0.0131586 0.0122826 
TJD445_ND4      0.0900968 0.0414342 0.0414342 0.0442615 0.0394709 0.0375742 0.0315375 0.0315375 0.0063684 0.0087130 0.0077179 0.0075583 0.0062231 0.0076907 0.0076948 0.0063560 0.0063560 0.0077015 0.0077015 0.0050124 0.0050124 0.0062065 0.0050211 0.0036386 0.0036386 0.0037109 0.0024498 0.0024498 0.0024498 0.0024557 0.0037261 0.0037261 0.0000000 0.0000010 0.0024498 0.0037102 0.0024468 0.0199575 0.0199575 0.0214776 0.0143184 0.0143184 0.0134924 
TJD497_ND4      0.0900968 0.0414342 0.0414342 0.0442615 0.0394709 0.0375742 0.0315375 0.0315375 0.0063684 0.0087130 0.0077179 0.0075583 0.0062231 0.0076907 0.0076948 0.0063560 0.0063560 0.0077015 0.0077015 0.0050124 0.0050124 0.0062065 0.0050211 0.0036386 0.0036386 0.0037109 0.0024498 0.0024498 0.0024498 0.0024557 0.0037261 0.0037261 0.0000010 0.0000000 0.0024498 0.0037102 0.0024468 0.0199575 0.0199575 0.0214776 0.0143184 0.0143184 0.0134924 
TJD447_ND4      0.0869042 0.0385745 0.0385745 0.0414066 0.0393432 0.0374571 0.0286199 0.0286199 0.0065156 0.0062115 0.0077193 0.0075599 0.0062257 0.0076922 0.0076962 0.0063585 0.0063585 0.0077030 0.0077030 0.0050154 0.0050154 0.0062090 0.0050241 0.0036415 0.0036415 0.0037137 0.0024521 0.0024521 0.0024521 0.0024580 0.0037291 0.0037291 0.0024498 0.0024498 0.0000000 0.0037131 0.0024492 0.0199284 0.0199284 0.0214424 0.0143075 0.0143075 0.0134834 
TJD444_ND4      0.0874465 0.0394725 0.0394725 0.0422723 0.0412514 0.0393345 0.0314341 0.0314341 0.0105453 0.0100547 0.0090968 0.0089079 0.0075446 0.0090641 0.0090689 0.0077065 0.0077065 0.0090770 0.0090770 0.0063311 0.0063311 0.0075239 0.0063409 0.0049020 0.0049020 0.0050010 0.0037131 0.0037131 0.0037131 0.0037230 0.0050199 0.0050199 0.0037102 0.0037102 0.0037131 0.0000000 0.0012056 0.0214711 0.0214711 0.0230111 0.0157647 0.0157647 0.0149850 
TJD449_ND4      0.0854460 0.0377574 0.0377574 0.0405481 0.0394564 0.0375606 0.0297181 0.0297181 0.0091340 0.0087107 0.0077159 0.0075564 0.0062216 0.0076887 0.0076927 0.0063543 0.0063543 0.0076995 0.0076995 0.0050112 0.0050112 0.0062049 0.0050199 0.0036377 0.0036377 0.0037100 0.0024492 0.0024492 0.0024492 0.0024551 0.0037252 0.0037252 0.0024468 0.0024468 0.0024492 0.0012056 0.0000000 0.0199516 0.0199516 0.0214711 0.0143143 0.0143143 0.0134885 
TJD433_ND4      0.0937643 0.0498248 0.0498248 0.0526887 0.0444500 0.0424992 0.0363857 0.0363857 0.0219528 0.0209534 0.0173384 0.0199388 0.0184104 0.0172711 0.0172809 0.0187982 0.0187982 0.0203005 0.0203005 0.0203509 0.0203509 0.0214710 0.0203462 0.0184104 0.0184104 0.0158193 0.0172963 0.0172963 0.0172963 0.0173434 0.0161584 0.0161584 0.0199575 0.0199575 0.0199284 0.0214711 0.0199516 0.0000000 0.0000010 0.0012049 0.0073837 0.0073837 0.0114885 
TJD436_ND4      0.0937643 0.0498248 0.0498248 0.0526887 0.0444500 0.0424992 0.0363857 0.0363857 0.0219528 0.0209534 0.0173384 0.0199388 0.0184104 0.0172711 0.0172809 0.0187982 0.0187982 0.0203005 0.0203005 0.0203509 0.0203509 0.0214710 0.0203462 0.0184104 0.0184104 0.0158193 0.0172963 0.0172963 0.0172963 0.0173434 0.0161584 0.0161584 0.0199575 0.0199575 0.0199284 0.0214711 0.0199516 0.0000010 0.0000000 0.0012049 0.0073837 0.0073837 0.0114885 
TJD430_ND4      0.0958044 0.0516320 0.0516320 0.0545039 0.0462798 0.0443083 0.0381590 0.0381590 0.0235216 0.0224528 0.0188441 0.0214571 0.0199024 0.0187695 0.0187803 0.0203208 0.0203208 0.0218430 0.0218430 0.0218982 0.0218982 0.0230110 0.0218895 0.0199024 0.0199024 0.0172963 0.0187974 0.0187974 0.0187974 0.0188491 0.0176669 0.0176669 0.0214776 0.0214776 0.0214424 0.0230111 0.0214711 0.0012049 0.0012049 0.0000000 0.0087018 0.0087018 0.0128878 
TJD431_ND4      0.0882931 0.0459932 0.0459932 0.0488212 0.0406104 0.0387166 0.0327168 0.0327168 0.0161371 0.0153919 0.0117306 0.0143056 0.0128586 0.0116875 0.0116939 0.0131329 0.0131329 0.0145718 0.0145718 0.0146057 0.0146057 0.0157646 0.0146122 0.0128586 0.0128586 0.0103004 0.0117039 0.0117039 0.0117039 0.0117348 0.0131586 0.0131586 0.0143184 0.0143184 0.0143075 0.0157647 0.0143143 0.0073837 0.0073837 0.0087018 0.0000000 0.0000010 0.0062239 
TJD432_ND4      0.0882931 0.0459932 0.0459932 0.0488212 0.0406104 0.0387166 0.0327168 0.0327168 0.0161371 0.0153919 0.0117306 0.0143056 0.0128586 0.0116875 0.0116939 0.0131329 0.0131329 0.0145718 0.0145718 0.0146057 0.0146057 0.0157646 0.0146122 0.0128586 0.0128586 0.0103004 0.0117039 0.0117039 0.0117039 0.0117348 0.0131586 0.0131586 0.0143184 0.0143184 0.0143075 0.0157647 0.0143143 0.0073837 0.0073837 0.0087018 0.0000010 0.0000000 0.0062239 
JFP_517_ND4     0.0921809 0.0461459 0.0461459 0.0490438 0.0406188 0.0386698 0.0324833 0.0324833 0.0122203 0.0146174 0.0108081 0.0134800 0.0119891 0.0107664 0.0107724 0.0122563 0.0122563 0.0137421 0.0137421 0.0137751 0.0137751 0.0149849 0.0137830 0.0119891 0.0119891 0.0093364 0.0107819 0.0107819 0.0107819 0.0108113 0.0122826 0.0122826 0.0134924 0.0134924 0.0134834 0.0149850 0.0134885 0.0114885 0.0114885 0.0128878 0.0062239 0.0062239 0.0000000 
