198
I0185_86_Accipitridae_Buteo_jamaicensis                   0.0000000 0.0426900 0.0420407 0.0407501 0.0502157 0.0423302 0.0587086 0.0333907 0.0372166 0.0490295 0.0696946 0.0331542 0.0500643 0.0419986 0.0451339 0.0490847 0.0362028 0.0196529 0.0491161 0.0285174 0.0468720 0.0305468 0.0517841 0.0274828 0.0285230 0.0267617 0.0384320 0.0301727 0.0620084 0.0558396 0.0597698 0.0295195 0.0459299 0.0468263 0.0481025 0.0493290 0.0376360 0.0550499 0.0507077 0.0657669 0.0472098 0.0771764 0.0489621 0.0437455 0.0895787 0.0762195 0.0816800 0.0532901 0.0608629 0.0376684 0.0479477 0.0352864 0.0518428 0.0450434 0.0292224 0.0440758 0.0438376 0.0500539 0.0394816 0.0374588 0.0325858 0.0478168 0.0479693 0.0311823 0.0311370 0.0797824 0.0468947 0.0527869 0.0472177 0.0285464 0.0360396 0.0698874 0.0546575 0.0389945 0.0580036 0.0621919 0.0509092 0.0352635 0.0314413 0.0451531 0.0648666 0.0271672 0.0073969 0.0310946 0.0449196 0.0393741 0.0464769 0.0468851 0.0273847 0.0229310 0.0502070 0.0783050 0.0432826 0.0435530 0.0355845 0.0261825 0.0528523 0.0367829 0.0526902 0.0653515 0.0259622 0.0574747 0.0306666 0.0221814 0.0295229 0.0415171 0.0383345 0.0566851 0.0426270 0.0349973 0.0286187 0.0361491 0.0478901 0.0753224 0.0332324 0.0490956 0.0749815 0.0312171 0.0259846 0.0560908 0.0495939 0.0304918 0.0527520 0.0565084 0.0614887 0.0450109 0.0271939 0.0180317 0.0280194 0.0490234 0.0402189 0.0420487 0.0594510 0.0283993 0.0647659 0.0324219 0.0368494 0.0261476 0.0440081 0.0726079 0.0524279 0.0353678 0.0528866 0.0330576 0.0420371 0.0362677 0.0264282 0.0294165 0.0264252 0.0450482 0.0314800 0.0699965 0.0490210 0.0359083 0.0287902 0.0488380 0.0658974 0.0436032 0.0455096 0.0257188 0.0321776 0.0323025 0.0335203 0.0321333 0.0321209 0.0445805 0.0465095 0.0470418 0.0660262 0.0352435 0.0474499 0.0523437 0.0480698 0.0328460 0.0920595 0.0310471 0.0382885 0.0365742 0.0510011 0.0473677 0.0713823 0.0264888 0.0192686 0.0266777 0.0314281 0.0611678 0.0327109 0.0575248 0.0532872 0.0484713 0.0463484 0.1309251 0.0472669 0.0585874 0.0559054 0.0412826 0.0362978 0.0479130 
I0186_111_Momotidae_Momotus_lessonii                      0.0426900 0.0000000 0.0540183 0.0554851 0.0631443 0.0550892 0.0704244 0.0479180 0.0497888 0.0496979 0.0804919 0.0468385 0.0632344 0.0553546 0.0519085 0.0605429 0.0511751 0.0339853 0.0617305 0.0439207 0.0591554 0.0447407 0.0640873 0.0425563 0.0439226 0.0428418 0.0511851 0.0461426 0.0744406 0.0684706 0.0707516 0.0456365 0.0597868 0.0587979 0.0632075 0.0651516 0.0511769 0.0685055 0.0611915 0.0786899 0.0601255 0.0891071 0.0624708 0.0574573 0.0991435 0.0860647 0.0921550 0.0647784 0.0744168 0.0423387 0.0613506 0.0503655 0.0648271 0.0585343 0.0442213 0.0578754 0.0576635 0.0617676 0.0523697 0.0521732 0.0468588 0.0597891 0.0633808 0.0469060 0.0463456 0.0922825 0.0598971 0.0641321 0.0610857 0.0444284 0.0504636 0.0803164 0.0680210 0.0528553 0.0691678 0.0756768 0.0611050 0.0488600 0.0466603 0.0585945 0.0725530 0.0398756 0.0437199 0.0452622 0.0599566 0.0426667 0.0582169 0.0587738 0.0431139 0.0381958 0.0659229 0.0908135 0.0571693 0.0577233 0.0508834 0.0423105 0.0664995 0.0471274 0.0655442 0.0735304 0.0405074 0.0683970 0.0469602 0.0433158 0.0464385 0.0550788 0.0471360 0.0671335 0.0554151 0.0467620 0.0448763 0.0508427 0.0621556 0.0884354 0.0485936 0.0632366 0.0872403 0.0458562 0.0420877 0.0673942 0.0624928 0.0453233 0.0633712 0.0680541 0.0753230 0.0586855 0.0436334 0.0458194 0.0433364 0.0624355 0.0561061 0.0567154 0.0730557 0.0444906 0.0745280 0.0475267 0.0508627 0.0415155 0.0556711 0.0829003 0.0649469 0.0514416 0.0670745 0.0469873 0.0566042 0.0500036 0.0430180 0.0440524 0.0424150 0.0578258 0.0459311 0.0808021 0.0617609 0.0509537 0.0443563 0.0608367 0.0780731 0.0566168 0.0589429 0.0412714 0.0459966 0.0457204 0.0475131 0.0458716 0.0456744 0.0593715 0.0594984 0.0599831 0.0781112 0.0494437 0.0589767 0.0636780 0.0604772 0.0471174 0.1000967 0.0449798 0.0515150 0.0512020 0.0650800 0.0605047 0.0826253 0.0420535 0.0436841 0.0430828 0.0445827 0.0748658 0.0450417 0.0683769 0.0654318 0.0611626 0.0599703 0.1410147 0.0600175 0.0708859 0.0685754 0.0551697 0.0506886 0.0621700 
I0187_115_Trogonidae_Trogon_elegans                       0.0420407 0.0540183 0.0000000 0.0547580 0.0634471 0.0180047 0.0721800 0.0468028 0.0496809 0.0602015 0.0836056 0.0473035 0.0621985 0.0542052 0.0560521 0.0590693 0.0498314 0.0333980 0.0605730 0.0421300 0.0591213 0.0441543 0.0627486 0.0416593 0.0431113 0.0416672 0.0504060 0.0448808 0.0753341 0.0668189 0.0703412 0.0431677 0.0596062 0.0591579 0.0608747 0.0623983 0.0501553 0.0655010 0.0612685 0.0772434 0.0594717 0.0867883 0.0611973 0.0573466 0.0977950 0.0851269 0.0912279 0.0627433 0.0722129 0.0508717 0.0602058 0.0475111 0.0624331 0.0583798 0.0435350 0.0567711 0.0574259 0.0601626 0.0513793 0.0498320 0.0474508 0.0594917 0.0605552 0.0448691 0.0459304 0.0904310 0.0589353 0.0622574 0.0596922 0.0423057 0.0498567 0.0804994 0.0666785 0.0520347 0.0709380 0.0758978 0.0604300 0.0480264 0.0444389 0.0577205 0.0761926 0.0380644 0.0429159 0.0442284 0.0579391 0.0521871 0.0601936 0.0604222 0.0411998 0.0369797 0.0631958 0.0888525 0.0577526 0.0568384 0.0501554 0.0406369 0.0645496 0.0498515 0.0647578 0.0776884 0.0393357 0.0667684 0.0457047 0.0424391 0.0442963 0.0541262 0.0499857 0.0686721 0.0547309 0.0475940 0.0439577 0.0486925 0.0612165 0.0849660 0.0477429 0.0615520 0.0850446 0.0452633 0.0407058 0.0665525 0.0620196 0.0439543 0.0618741 0.0665937 0.0748413 0.0579183 0.0420429 0.0456423 0.0428825 0.0617546 0.0542352 0.0546500 0.0731823 0.0424945 0.0739113 0.0461087 0.0509121 0.0403981 0.0559247 0.0849523 0.0632713 0.0498300 0.0660273 0.0464816 0.0564127 0.0481121 0.0416333 0.0432376 0.0402380 0.0569890 0.0451311 0.0821055 0.0603191 0.0484902 0.0430464 0.0587843 0.0785739 0.0559934 0.0585174 0.0403684 0.0449698 0.0453851 0.0476007 0.0459411 0.0447730 0.0581638 0.0593597 0.0604623 0.0768042 0.0491131 0.0590247 0.0637778 0.0592404 0.0465415 0.1017039 0.0448679 0.0506142 0.0495042 0.0647208 0.0593276 0.0809494 0.0413352 0.0431350 0.0424096 0.0429056 0.0752190 0.0460500 0.0677418 0.0637085 0.0596206 0.0600632 0.1426537 0.0590806 0.0676195 0.0671173 0.0543541 0.0503969 0.0613390 
I0188_135_Apodidae_Streptoprocne_zonaris                  0.0407501 0.0554851 0.0547580 0.0000000 0.0595655 0.0562234 0.0668132 0.0431587 0.0471605 0.0591611 0.0764048 0.0428886 0.0611627 0.0535596 0.0541486 0.0575371 0.0467528 0.0329786 0.0601020 0.0390729 0.0576360 0.0414220 0.0611652 0.0404628 0.0390306 0.0380627 0.0478842 0.0402337 0.0698706 0.0656595 0.0703712 0.0426706 0.0572435 0.0573813 0.0489722 0.0503629 0.0472249 0.0665232 0.0609125 0.0764313 0.0575359 0.0847933 0.0592254 0.0552410 0.1002299 0.0860395 0.0902550 0.0632953 0.0731515 0.0480925 0.0549829 0.0480300 0.0619417 0.0558991 0.0413684 0.0558750 0.0553501 0.0596164 0.0486721 0.0450413 0.0435569 0.0575794 0.0244405 0.0440602 0.0397681 0.0883572 0.0568647 0.0634857 0.0578873 0.0398289 0.0428771 0.0791040 0.0664794 0.0468244 0.0651774 0.0719761 0.0594658 0.0452225 0.0439352 0.0550869 0.0714749 0.0360000 0.0406140 0.0419661 0.0558992 0.0499925 0.0597369 0.0578876 0.0380470 0.0371776 0.0502789 0.0877011 0.0530462 0.0544108 0.0459103 0.0378345 0.0646716 0.0507573 0.0632847 0.0735981 0.0377174 0.0673710 0.0421138 0.0408184 0.0415176 0.0506746 0.0495441 0.0627080 0.0516803 0.0468795 0.0402124 0.0471525 0.0584275 0.0838051 0.0444404 0.0579939 0.0834053 0.0415702 0.0368670 0.0656694 0.0573174 0.0411007 0.0618069 0.0661811 0.0711472 0.0558472 0.0396835 0.0426168 0.0388171 0.0596221 0.0217792 0.0537125 0.0681307 0.0403119 0.0750900 0.0434043 0.0404113 0.0370666 0.0550319 0.0791208 0.0587872 0.0432352 0.0623226 0.0427820 0.0521331 0.0462971 0.0379925 0.0402786 0.0376639 0.0532036 0.0419004 0.0769318 0.0599058 0.0462082 0.0402875 0.0602942 0.0746373 0.0546235 0.0569044 0.0371845 0.0424128 0.0420334 0.0444392 0.0450711 0.0435832 0.0520304 0.0542951 0.0559374 0.0756382 0.0454293 0.0553263 0.0629178 0.0582470 0.0430705 0.1010362 0.0411498 0.0487645 0.0447208 0.0611339 0.0581070 0.0807405 0.0395664 0.0410313 0.0393330 0.0433456 0.0704985 0.0451979 0.0676956 0.0634542 0.0595571 0.0560220 0.1356910 0.0581315 0.0684407 0.0662098 0.0494999 0.0492749 0.0595517 
I0189_225_Eurylaimidae_Smithornis_rufolateralis           0.0502157 0.0631443 0.0634471 0.0595655 0.0000000 0.0643634 0.0727201 0.0540779 0.0563420 0.0681087 0.0846112 0.0535368 0.0454931 0.0615539 0.0642136 0.0385452 0.0583553 0.0403534 0.0420527 0.0493977 0.0405584 0.0510537 0.0429072 0.0479485 0.0500749 0.0496019 0.0564440 0.0516555 0.0760997 0.0515924 0.0549188 0.0495228 0.0399483 0.0396287 0.0670018 0.0684331 0.0555343 0.0518312 0.0441082 0.0839102 0.0403966 0.0922748 0.0419484 0.0369158 0.1081633 0.0949987 0.1011337 0.0506779 0.0792394 0.0578146 0.0667614 0.0547059 0.0430988 0.0382360 0.0521073 0.0612164 0.0371581 0.0422643 0.0573140 0.0577278 0.0538867 0.0404838 0.0652316 0.0508197 0.0532210 0.0953066 0.0388638 0.0708111 0.0660951 0.0510230 0.0562452 0.0858551 0.0722796 0.0579699 0.0734033 0.0823929 0.0412100 0.0557638 0.0504103 0.0389245 0.0783488 0.0435791 0.0505364 0.0517477 0.0632354 0.0597240 0.0634930 0.0636712 0.0495628 0.0448126 0.0684606 0.0935634 0.0640719 0.0617693 0.0561611 0.0488748 0.0718051 0.0565479 0.0702064 0.0814338 0.0471583 0.0761592 0.0517961 0.0497865 0.0514980 0.0597154 0.0566683 0.0697591 0.0601281 0.0547964 0.0507235 0.0577013 0.0648925 0.0922548 0.0528685 0.0670737 0.0919518 0.0515072 0.0488115 0.0485535 0.0654853 0.0518483 0.0482282 0.0522303 0.0813053 0.0618589 0.0504476 0.0517713 0.0501493 0.0292498 0.0597690 0.0606106 0.0792562 0.0510833 0.0839242 0.0539658 0.0561604 0.0480629 0.0629576 0.0881087 0.0697670 0.0568922 0.0323189 0.0546291 0.0639433 0.0549722 0.0496684 0.0506426 0.0493031 0.0628928 0.0532200 0.0870601 0.0678591 0.0546530 0.0503822 0.0682217 0.0839775 0.0421658 0.0384788 0.0481237 0.0537440 0.0524326 0.0546869 0.0542694 0.0517170 0.0624380 0.0636963 0.0631182 0.0841820 0.0559545 0.0640765 0.0437975 0.0409348 0.0543282 0.1122794 0.0514924 0.0561269 0.0581816 0.0307941 0.0451367 0.0880939 0.0500152 0.0495481 0.0495011 0.0520800 0.0803585 0.0543097 0.0522737 0.0486308 0.0444413 0.0231118 0.1429123 0.0447896 0.0549071 0.0522609 0.0612038 0.0577156 0.0480241 
I0190_295_Trogonidae_Apaloderma_aequatoriale              0.0423302 0.0550892 0.0180047 0.0562234 0.0643634 0.0000000 0.0715399 0.0475630 0.0499797 0.0608996 0.0816879 0.0480330 0.0622751 0.0552564 0.0563617 0.0599009 0.0501882 0.0345228 0.0611814 0.0434085 0.0596084 0.0449245 0.0638226 0.0424838 0.0440522 0.0430633 0.0513469 0.0455409 0.0741221 0.0671636 0.0701817 0.0436821 0.0604966 0.0595387 0.0627365 0.0643332 0.0505507 0.0667332 0.0616497 0.0783018 0.0593180 0.0871599 0.0616110 0.0577438 0.0994320 0.0867233 0.0919211 0.0643807 0.0718817 0.0513781 0.0615501 0.0490936 0.0629269 0.0583708 0.0435601 0.0565487 0.0578850 0.0608818 0.0516756 0.0512845 0.0475336 0.0603277 0.0618312 0.0465692 0.0466476 0.0908466 0.0591738 0.0639357 0.0609208 0.0427673 0.0510243 0.0803698 0.0681258 0.0532495 0.0695704 0.0768133 0.0610028 0.0486105 0.0457039 0.0580229 0.0744351 0.0400674 0.0429256 0.0451842 0.0574655 0.0526689 0.0607396 0.0615633 0.0419747 0.0383918 0.0649694 0.0907724 0.0579850 0.0566210 0.0510057 0.0408114 0.0666719 0.0506342 0.0659302 0.0770275 0.0406736 0.0685738 0.0469131 0.0429534 0.0450472 0.0550690 0.0507356 0.0694228 0.0565110 0.0473708 0.0449205 0.0502565 0.0607792 0.0865165 0.0476524 0.0628763 0.0868168 0.0466102 0.0419424 0.0661647 0.0622419 0.0445675 0.0626988 0.0670511 0.0756895 0.0573469 0.0433964 0.0461943 0.0431785 0.0621952 0.0550912 0.0549150 0.0736560 0.0430397 0.0747466 0.0471330 0.0510481 0.0406546 0.0575981 0.0837573 0.0643905 0.0502612 0.0662186 0.0471175 0.0570421 0.0495473 0.0420708 0.0442638 0.0403118 0.0578323 0.0463109 0.0825796 0.0608288 0.0494460 0.0437001 0.0597155 0.0788704 0.0566984 0.0590219 0.0410851 0.0458610 0.0467062 0.0480293 0.0466345 0.0461073 0.0594939 0.0597249 0.0609295 0.0777490 0.0496127 0.0602449 0.0646413 0.0601238 0.0465083 0.1028892 0.0457249 0.0512970 0.0512812 0.0653752 0.0601803 0.0820838 0.0424941 0.0433129 0.0421747 0.0442917 0.0758300 0.0465215 0.0681789 0.0647212 0.0599399 0.0602104 0.1413790 0.0596984 0.0694109 0.0672241 0.0560756 0.0513037 0.0613762 
I0191_344_Indicatoridae_Indicator_exilis                  0.0587086 0.0704244 0.0721800 0.0668132 0.0727201 0.0715399 0.0000000 0.0639185 0.0664283 0.0726307 0.0431954 0.0639428 0.0758285 0.0689761 0.0668863 0.0759322 0.0671394 0.0503219 0.0745934 0.0597585 0.0734647 0.0624540 0.0770010 0.0581490 0.0582561 0.0593378 0.0671254 0.0602325 0.0297849 0.0814230 0.0844431 0.0601819 0.0730064 0.0738333 0.0766290 0.0774477 0.0663833 0.0804326 0.0770448 0.0939898 0.0732157 0.1003211 0.0748722 0.0703371 0.1162323 0.1030541 0.1072513 0.0759505 0.0842519 0.0638843 0.0741437 0.0661534 0.0768777 0.0708965 0.0603075 0.0701780 0.0712234 0.0753845 0.0664096 0.0665052 0.0643513 0.0738365 0.0730307 0.0626860 0.0613437 0.1041144 0.0724760 0.0792650 0.0769105 0.0597149 0.0659243 0.0969500 0.0835452 0.0658829 0.0263688 0.0902812 0.0755072 0.0657034 0.0618778 0.0703400 0.0426655 0.0480837 0.0589508 0.0622466 0.0713478 0.0639022 0.0679370 0.0658226 0.0590733 0.0545585 0.0772818 0.1042295 0.0727035 0.0702689 0.0668854 0.0578905 0.0821640 0.0658301 0.0802110 0.0422366 0.0578323 0.0846658 0.0635379 0.0589344 0.0613822 0.0690276 0.0645915 0.0811768 0.0699252 0.0633933 0.0598992 0.0674594 0.0731632 0.0979696 0.0651325 0.0791348 0.0998793 0.0617225 0.0582842 0.0786749 0.0748948 0.0611703 0.0769341 0.0780835 0.0892774 0.0711025 0.0589634 0.0611247 0.0590548 0.0744717 0.0676486 0.0683701 0.0871816 0.0612657 0.0896900 0.0635268 0.0627753 0.0569103 0.0732108 0.0480011 0.0785299 0.0649955 0.0769773 0.0643533 0.0714223 0.0644263 0.0579537 0.0609564 0.0579994 0.0700417 0.0628162 0.0907061 0.0770202 0.0655382 0.0599374 0.0765632 0.0929481 0.0698083 0.0725251 0.0574660 0.0633131 0.0640400 0.0643104 0.0631981 0.0624314 0.0722716 0.0732130 0.0724139 0.0931249 0.0658668 0.0722425 0.0784190 0.0729904 0.0633381 0.1169026 0.0625403 0.0674756 0.0644543 0.0767355 0.0716326 0.0969016 0.0584455 0.0582001 0.0584290 0.0616021 0.0893703 0.0637267 0.0813564 0.0780909 0.0740677 0.0724226 0.1487404 0.0713838 0.0803895 0.0806104 0.0690278 0.0647031 0.0743032 
I0192_375_Musophagidae_Tauraco_macrorhynchus              0.0333907 0.0479180 0.0468028 0.0431587 0.0540779 0.0475630 0.0639185 0.0000000 0.0393904 0.0537351 0.0739715 0.0188943 0.0535459 0.0461412 0.0486204 0.0521941 0.0390088 0.0247395 0.0519641 0.0316132 0.0508578 0.0324556 0.0556454 0.0330127 0.0321628 0.0304069 0.0407281 0.0337216 0.0671408 0.0598932 0.0630728 0.0345439 0.0499897 0.0499111 0.0511214 0.0525337 0.0401565 0.0585553 0.0538922 0.0695376 0.0506695 0.0806580 0.0530191 0.0479325 0.0922839 0.0788992 0.0831921 0.0560416 0.0654038 0.0434706 0.0490268 0.0402647 0.0552806 0.0491224 0.0328113 0.0483400 0.0478264 0.0535234 0.0423586 0.0395962 0.0367103 0.0507467 0.0495559 0.0369078 0.0337354 0.0828806 0.0493128 0.0567776 0.0500791 0.0324336 0.0387980 0.0727307 0.0578741 0.0413819 0.0629728 0.0665458 0.0538832 0.0394347 0.0367692 0.0489113 0.0684185 0.0302794 0.0329561 0.0329927 0.0494265 0.0446184 0.0528372 0.0517614 0.0313043 0.0281640 0.0523008 0.0817116 0.0458463 0.0471897 0.0385473 0.0296656 0.0572370 0.0431032 0.0558622 0.0705559 0.0309608 0.0597526 0.0344014 0.0326397 0.0335797 0.0453639 0.0435777 0.0580310 0.0456369 0.0391685 0.0326812 0.0388835 0.0516214 0.0779518 0.0378373 0.0515946 0.0772214 0.0349829 0.0295546 0.0589569 0.0519532 0.0342537 0.0551172 0.0609829 0.0659780 0.0486599 0.0307213 0.0367179 0.0318502 0.0532657 0.0433320 0.0459389 0.0641331 0.0326786 0.0688927 0.0350753 0.0385833 0.0291559 0.0469280 0.0767633 0.0534249 0.0378281 0.0555636 0.0350854 0.0446679 0.0392279 0.0298137 0.0333035 0.0294177 0.0475188 0.0339821 0.0717241 0.0528823 0.0386609 0.0317438 0.0522768 0.0680462 0.0486884 0.0488254 0.0286568 0.0347622 0.0361547 0.0374781 0.0368024 0.0365893 0.0451359 0.0475012 0.0495509 0.0695976 0.0383689 0.0496216 0.0563422 0.0514819 0.0359126 0.0926556 0.0348154 0.0409404 0.0384831 0.0556421 0.0516959 0.0749600 0.0304552 0.0346246 0.0307626 0.0370220 0.0657439 0.0366213 0.0608099 0.0564110 0.0531893 0.0501657 0.1337329 0.0514837 0.0619433 0.0594436 0.0440511 0.0407385 0.0530734 
I0193_447_Columbidae_Treron_calvus                        0.0372166 0.0497888 0.0496809 0.0471605 0.0563420 0.0499797 0.0664283 0.0393904 0.0000000 0.0559485 0.0747942 0.0382157 0.0550968 0.0485135 0.0507577 0.0554312 0.0428762 0.0201261 0.0543129 0.0347408 0.0525941 0.0368264 0.0574537 0.0356221 0.0349825 0.0336346 0.0151542 0.0377378 0.0690233 0.0618871 0.0656363 0.0368688 0.0531871 0.0524216 0.0541281 0.0559127 0.0144388 0.0612550 0.0568005 0.0692620 0.0534255 0.0808142 0.0548912 0.0503693 0.0949750 0.0809173 0.0868154 0.0594311 0.0688372 0.0446785 0.0533207 0.0434239 0.0576268 0.0517754 0.0355739 0.0505528 0.0514135 0.0552446 0.0161233 0.0436620 0.0384908 0.0534221 0.0535528 0.0399087 0.0366649 0.0830584 0.0532855 0.0560294 0.0529975 0.0355862 0.0416749 0.0732286 0.0587856 0.0445690 0.0643111 0.0687499 0.0564662 0.0402413 0.0390845 0.0511805 0.0691459 0.0232188 0.0372597 0.0364635 0.0519326 0.0470639 0.0548585 0.0531858 0.0338269 0.0315946 0.0556974 0.0831020 0.0500114 0.0504122 0.0408738 0.0330741 0.0581465 0.0451025 0.0567161 0.0710521 0.0316674 0.0599854 0.0383002 0.0368273 0.0366393 0.0463438 0.0458900 0.0602340 0.0474281 0.0422628 0.0364310 0.0419194 0.0545020 0.0784839 0.0405772 0.0532759 0.0792960 0.0379831 0.0328774 0.0596494 0.0554290 0.0374290 0.0585176 0.0607716 0.0679338 0.0514961 0.0355117 0.0397420 0.0352699 0.0562287 0.0459394 0.0492892 0.0667850 0.0352592 0.0712947 0.0382703 0.0414889 0.0330271 0.0499540 0.0770797 0.0575278 0.0414082 0.0593481 0.0388832 0.0494236 0.0405285 0.0335364 0.0360567 0.0330646 0.0503780 0.0372673 0.0737920 0.0532747 0.0409249 0.0349700 0.0546045 0.0720627 0.0500862 0.0519976 0.0320799 0.0380844 0.0383807 0.0397563 0.0402803 0.0381472 0.0500549 0.0510539 0.0529753 0.0682044 0.0413595 0.0519257 0.0582677 0.0533636 0.0389495 0.0954860 0.0378330 0.0142857 0.0426743 0.0585141 0.0534540 0.0749039 0.0344222 0.0373905 0.0338699 0.0390194 0.0680208 0.0400432 0.0627303 0.0582728 0.0538750 0.0543007 0.1339742 0.0530828 0.0634207 0.0626328 0.0465884 0.0446074 0.0555096 
I0194_495_Alcedinidae_Alcedo_quadribrachys                0.0490295 0.0496979 0.0602015 0.0591611 0.0681087 0.0608996 0.0726307 0.0537351 0.0559485 0.0000000 0.0828612 0.0523895 0.0678394 0.0621114 0.0541144 0.0655543 0.0567485 0.0416522 0.0647924 0.0483968 0.0642850 0.0510686 0.0678891 0.0492301 0.0499952 0.0490736 0.0562415 0.0518851 0.0763780 0.0729595 0.0741232 0.0496188 0.0645546 0.0632222 0.0669042 0.0682542 0.0564067 0.0720780 0.0651403 0.0829979 0.0647843 0.0919639 0.0663313 0.0627007 0.1039109 0.0910271 0.0957488 0.0690746 0.0775674 0.0483193 0.0655671 0.0550448 0.0679165 0.0629239 0.0508298 0.0625569 0.0624299 0.0655235 0.0574063 0.0580213 0.0532031 0.0637474 0.0642234 0.0528587 0.0519366 0.0940668 0.0645807 0.0675241 0.0660161 0.0507487 0.0552207 0.0834149 0.0722100 0.0587687 0.0720395 0.0826130 0.0647156 0.0547964 0.0525215 0.0628965 0.0754293 0.0420631 0.0496252 0.0516382 0.0627209 0.0394421 0.0618739 0.0630120 0.0496030 0.0460791 0.0687950 0.0930689 0.0625852 0.0616699 0.0572548 0.0483691 0.0720816 0.0529270 0.0703186 0.0774092 0.0478064 0.0721115 0.0534830 0.0498917 0.0524731 0.0595913 0.0507869 0.0704459 0.0610960 0.0533318 0.0511235 0.0558756 0.0656158 0.0898589 0.0548789 0.0680847 0.0913818 0.0522712 0.0479627 0.0709287 0.0668957 0.0518084 0.0677635 0.0705732 0.0816511 0.0628061 0.0501100 0.0520737 0.0495249 0.0675183 0.0597869 0.0603453 0.0794081 0.0501316 0.0797202 0.0528308 0.0560139 0.0476854 0.0627904 0.0846293 0.0693292 0.0562714 0.0715351 0.0541973 0.0623572 0.0554926 0.0486289 0.0504496 0.0481800 0.0625555 0.0527432 0.0846095 0.0641601 0.0572075 0.0509747 0.0640469 0.0852466 0.0622196 0.0634898 0.0483660 0.0528621 0.0524671 0.0533042 0.0531273 0.0521421 0.0634752 0.0640969 0.0641650 0.0820878 0.0547553 0.0633284 0.0691794 0.0641179 0.0531771 0.1036120 0.0519677 0.0564105 0.0589009 0.0705030 0.0638630 0.0864702 0.0486704 0.0495619 0.0501214 0.0514031 0.0815257 0.0531002 0.0721279 0.0689553 0.0650136 0.0650733 0.1465767 0.0635669 0.0728038 0.0713518 0.0606745 0.0566473 0.0668976 
I0195_522_Ramphastidae_Buccanodon_duchaillui              0.0696946 0.0804919 0.0836056 0.0764048 0.0846112 0.0816879 0.0431954 0.0739715 0.0747942 0.0828612 0.0000000 0.0732615 0.0835830 0.0792640 0.0767114 0.0841007 0.0770600 0.0598033 0.0821446 0.0689360 0.0809230 0.0712935 0.0872894 0.0688392 0.0675461 0.0690229 0.0767181 0.0698065 0.0454341 0.0904129 0.0941960 0.0688883 0.0816117 0.0808754 0.0869761 0.0873713 0.0751638 0.0889631 0.0865818 0.1031572 0.0818326 0.1082377 0.0834600 0.0783905 0.1258030 0.1121346 0.1162299 0.0857463 0.0923829 0.0752072 0.0818417 0.0745949 0.0864842 0.0798196 0.0703710 0.0805431 0.0795561 0.0850154 0.0760574 0.0772099 0.0735040 0.0817842 0.0817780 0.0715326 0.0714559 0.1129382 0.0810350 0.0887490 0.0861948 0.0699405 0.0746373 0.1030586 0.0914550 0.0769981 0.0427288 0.0993611 0.0829945 0.0738704 0.0708759 0.0801901 0.0331078 0.0571978 0.0691577 0.0702113 0.0823679 0.0744577 0.0752563 0.0736849 0.0689162 0.0650555 0.0870116 0.1112034 0.0810699 0.0813219 0.0764342 0.0672501 0.0918081 0.0773867 0.0892081 0.0330855 0.0676236 0.0933833 0.0737845 0.0685620 0.0709497 0.0787253 0.0753522 0.0892847 0.0800776 0.0727790 0.0693462 0.0761599 0.0837316 0.1074574 0.0745858 0.0871950 0.1084191 0.0710580 0.0682781 0.0875736 0.0844677 0.0707265 0.0860883 0.0841510 0.0979059 0.0816064 0.0695271 0.0703939 0.0675371 0.0848869 0.0780365 0.0793629 0.0955158 0.0698715 0.0973823 0.0719064 0.0742841 0.0667999 0.0842554 0.0412417 0.0876418 0.0744844 0.0871581 0.0733247 0.0795595 0.0746800 0.0669523 0.0699991 0.0671812 0.0804516 0.0719118 0.0998862 0.0860903 0.0755115 0.0695249 0.0873123 0.1007164 0.0796664 0.0810004 0.0671483 0.0729127 0.0728598 0.0734863 0.0727825 0.0716833 0.0772864 0.0834508 0.0832371 0.1022471 0.0757222 0.0817718 0.0888158 0.0810464 0.0721312 0.1239749 0.0715369 0.0767756 0.0745255 0.0859131 0.0807781 0.1053687 0.0677893 0.0683620 0.0693993 0.0722058 0.0998562 0.0728131 0.0905670 0.0877340 0.0829377 0.0810019 0.1528338 0.0803753 0.0901107 0.0894647 0.0774249 0.0750654 0.0847045 
I0196_523_Musophagidae_Corythaeola_cristata               0.0331542 0.0468385 0.0473035 0.0428886 0.0535368 0.0480330 0.0639428 0.0188943 0.0382157 0.0523895 0.0732615 0.0000000 0.0535705 0.0459923 0.0478251 0.0521646 0.0387125 0.0240226 0.0509935 0.0309777 0.0494025 0.0317646 0.0546539 0.0323754 0.0310143 0.0295786 0.0397723 0.0333715 0.0660791 0.0582904 0.0613469 0.0338595 0.0488282 0.0495224 0.0500435 0.0517792 0.0393639 0.0571401 0.0533165 0.0686956 0.0493943 0.0794177 0.0515977 0.0470256 0.0908211 0.0777642 0.0827365 0.0555896 0.0655122 0.0429625 0.0486828 0.0394894 0.0547591 0.0479883 0.0320235 0.0473643 0.0471511 0.0527203 0.0413389 0.0396724 0.0355937 0.0493783 0.0502006 0.0358212 0.0332083 0.0817187 0.0488556 0.0559713 0.0499437 0.0310773 0.0385491 0.0720889 0.0577439 0.0406718 0.0628890 0.0643495 0.0524610 0.0376245 0.0357684 0.0481624 0.0681356 0.0299138 0.0332966 0.0327311 0.0490755 0.0437183 0.0523528 0.0518126 0.0305630 0.0278817 0.0516677 0.0815499 0.0454685 0.0469235 0.0375668 0.0288135 0.0563567 0.0428662 0.0558851 0.0699851 0.0294096 0.0595562 0.0345525 0.0321807 0.0319919 0.0428587 0.0427542 0.0566238 0.0438698 0.0393538 0.0324586 0.0382299 0.0514722 0.0775021 0.0367799 0.0517624 0.0763917 0.0339717 0.0286032 0.0591099 0.0512048 0.0332036 0.0547571 0.0593623 0.0638674 0.0484780 0.0301836 0.0355357 0.0303080 0.0526475 0.0425084 0.0467483 0.0615733 0.0314122 0.0688973 0.0351439 0.0379237 0.0282888 0.0472608 0.0770394 0.0527988 0.0376567 0.0557118 0.0346865 0.0449480 0.0382570 0.0288104 0.0320110 0.0281209 0.0467437 0.0338612 0.0722478 0.0512699 0.0381012 0.0310224 0.0508178 0.0667298 0.0467423 0.0481326 0.0278818 0.0345932 0.0345637 0.0357466 0.0361418 0.0358494 0.0451636 0.0469821 0.0494928 0.0686618 0.0376589 0.0489252 0.0557425 0.0499548 0.0351405 0.0915318 0.0339307 0.0390142 0.0377612 0.0550320 0.0508715 0.0739165 0.0294058 0.0333681 0.0302708 0.0368218 0.0645758 0.0361194 0.0589982 0.0558410 0.0526709 0.0493473 0.1338538 0.0507902 0.0599305 0.0588058 0.0425290 0.0410260 0.0518246 
I0197_832_Corvidae_Corvus_albus                           0.0500643 0.0632344 0.0621985 0.0611627 0.0454931 0.0622751 0.0758285 0.0535459 0.0550968 0.0678394 0.0835830 0.0535705 0.0000000 0.0612719 0.0627529 0.0439388 0.0578282 0.0406462 0.0445271 0.0501709 0.0425415 0.0509959 0.0470572 0.0494457 0.0507371 0.0489191 0.0566138 0.0514745 0.0768374 0.0284015 0.0309439 0.0500654 0.0429068 0.0424318 0.0668056 0.0687556 0.0562762 0.0290412 0.0466290 0.0826400 0.0429134 0.0920506 0.0446466 0.0404303 0.1066744 0.0935384 0.0989489 0.0269983 0.0778228 0.0587061 0.0664330 0.0547760 0.0476722 0.0413365 0.0499515 0.0599868 0.0401421 0.0455925 0.0579784 0.0588709 0.0535515 0.0432696 0.0657127 0.0515217 0.0522802 0.0950902 0.0418711 0.0695171 0.0677598 0.0503290 0.0576165 0.0857454 0.0720880 0.0582965 0.0730299 0.0837796 0.0455610 0.0559449 0.0512979 0.0418364 0.0770525 0.0437556 0.0507754 0.0506980 0.0625370 0.0596480 0.0663710 0.0665686 0.0498451 0.0454494 0.0687179 0.0957670 0.0625903 0.0611415 0.0572174 0.0487481 0.0731084 0.0591950 0.0706828 0.0794691 0.0477470 0.0745763 0.0531760 0.0496299 0.0511563 0.0598962 0.0574728 0.0711826 0.0603797 0.0537569 0.0498913 0.0563379 0.0641574 0.0912299 0.0548416 0.0688794 0.0918634 0.0522818 0.0481625 0.0511647 0.0670363 0.0509968 0.0334975 0.0334041 0.0827702 0.0625867 0.0508075 0.0521790 0.0493892 0.0449378 0.0593908 0.0607142 0.0800228 0.0506980 0.0820387 0.0535107 0.0553071 0.0481904 0.0639942 0.0857546 0.0691746 0.0572892 0.0491201 0.0538540 0.0626368 0.0552268 0.0493551 0.0514684 0.0482368 0.0624058 0.0531827 0.0844998 0.0682457 0.0564442 0.0496683 0.0675132 0.0851830 0.0291937 0.0420033 0.0481718 0.0525333 0.0532583 0.0541015 0.0531042 0.0522701 0.0620056 0.0641163 0.0649028 0.0820766 0.0558831 0.0647716 0.0484405 0.0439999 0.0541688 0.1107008 0.0523167 0.0571397 0.0560959 0.0471579 0.0301304 0.0870797 0.0498115 0.0499644 0.0497895 0.0529893 0.0821311 0.0534670 0.0298309 0.0262001 0.0132916 0.0429750 0.1481075 0.0293858 0.0310810 0.0295792 0.0604034 0.0575012 0.0493286 
I0198_937_Bucerotidae_Tockus_camurus                      0.0419986 0.0553546 0.0542052 0.0535596 0.0615539 0.0552564 0.0689761 0.0461412 0.0485135 0.0621114 0.0792640 0.0459923 0.0612719 0.0000000 0.0565713 0.0613880 0.0490894 0.0333168 0.0603849 0.0419600 0.0589814 0.0438922 0.0645284 0.0420450 0.0418469 0.0402646 0.0509284 0.0436930 0.0734652 0.0675162 0.0709045 0.0424136 0.0588454 0.0582374 0.0618659 0.0624837 0.0497427 0.0672653 0.0640809 0.0787551 0.0593242 0.0887780 0.0602837 0.0560366 0.1026160 0.0873488 0.0937400 0.0641659 0.0686373 0.0496398 0.0598857 0.0483145 0.0648702 0.0580875 0.0423636 0.0562579 0.0558423 0.0618608 0.0504424 0.0504711 0.0465842 0.0587663 0.0601976 0.0446404 0.0440793 0.0927675 0.0582043 0.0663410 0.0604265 0.0430095 0.0492481 0.0820692 0.0683989 0.0515390 0.0691355 0.0745748 0.0623182 0.0486884 0.0444806 0.0571509 0.0738204 0.0378516 0.0428209 0.0437299 0.0577660 0.0523036 0.0579955 0.0583027 0.0408098 0.0373614 0.0628330 0.0911935 0.0560875 0.0558144 0.0482363 0.0405456 0.0667725 0.0512824 0.0662644 0.0756235 0.0405877 0.0704192 0.0454685 0.0413211 0.0436105 0.0544827 0.0512375 0.0682584 0.0546854 0.0470415 0.0427944 0.0495597 0.0608330 0.0873369 0.0472584 0.0617892 0.0875464 0.0437068 0.0398428 0.0673474 0.0624095 0.0447449 0.0646598 0.0672122 0.0732215 0.0579152 0.0421997 0.0445581 0.0415075 0.0602146 0.0531331 0.0558218 0.0723171 0.0422927 0.0739504 0.0458187 0.0496339 0.0392154 0.0571745 0.0822751 0.0643749 0.0487996 0.0647793 0.0457511 0.0550801 0.0476681 0.0402200 0.0422626 0.0403253 0.0574961 0.0447299 0.0826553 0.0624063 0.0474655 0.0417875 0.0604413 0.0766399 0.0564566 0.0572895 0.0390682 0.0460144 0.0456554 0.0468984 0.0452068 0.0454007 0.0570384 0.0593540 0.0599502 0.0783745 0.0482121 0.0595529 0.0647291 0.0602971 0.0461847 0.1031489 0.0438220 0.0497402 0.0496401 0.0625132 0.0604221 0.0835539 0.0413543 0.0428651 0.0419740 0.0451250 0.0731567 0.0450210 0.0688290 0.0648145 0.0596081 0.0577889 0.1401442 0.0603603 0.0701368 0.0673512 0.0529541 0.0225596 0.0621244 
I0199_955_Meropidae_Merops_muelleri                       0.0451339 0.0519085 0.0560521 0.0541486 0.0642136 0.0563617 0.0668863 0.0486204 0.0507577 0.0541144 0.0767114 0.0478251 0.0627529 0.0565713 0.0000000 0.0617510 0.0515582 0.0363269 0.0623041 0.0450673 0.0605974 0.0465362 0.0647528 0.0438421 0.0449913 0.0449798 0.0531414 0.0472223 0.0701820 0.0686637 0.0715529 0.0463429 0.0607881 0.0610055 0.0628491 0.0645963 0.0514734 0.0686831 0.0627592 0.0772636 0.0615228 0.0866651 0.0633193 0.0591745 0.0989594 0.0875032 0.0923424 0.0642034 0.0712750 0.0470762 0.0622093 0.0512062 0.0657849 0.0599277 0.0453430 0.0584306 0.0597637 0.0610787 0.0523966 0.0543571 0.0484832 0.0610825 0.0611613 0.0482555 0.0470968 0.0900848 0.0607712 0.0635757 0.0606934 0.0458244 0.0517594 0.0786367 0.0666407 0.0542613 0.0658679 0.0758984 0.0632333 0.0506293 0.0476300 0.0594431 0.0690996 0.0383843 0.0452847 0.0465787 0.0591469 0.0487032 0.0581500 0.0574146 0.0448501 0.0409217 0.0652275 0.0886654 0.0583801 0.0580505 0.0516860 0.0437096 0.0656238 0.0465952 0.0640738 0.0708611 0.0423389 0.0683095 0.0483108 0.0458085 0.0467772 0.0544490 0.0455189 0.0686520 0.0553138 0.0484794 0.0464733 0.0518965 0.0630098 0.0853811 0.0501249 0.0617587 0.0847529 0.0461895 0.0433718 0.0664243 0.0625939 0.0470940 0.0647045 0.0661379 0.0747238 0.0593871 0.0454203 0.0472738 0.0447704 0.0626710 0.0548754 0.0573383 0.0726821 0.0444390 0.0736752 0.0490818 0.0508280 0.0424739 0.0576385 0.0761590 0.0646970 0.0527363 0.0669808 0.0485130 0.0570299 0.0499513 0.0432180 0.0453731 0.0429346 0.0579107 0.0480135 0.0809867 0.0595237 0.0514831 0.0447268 0.0600845 0.0783953 0.0566210 0.0609698 0.0426131 0.0476113 0.0485048 0.0486105 0.0473732 0.0481332 0.0596712 0.0604405 0.0596740 0.0770334 0.0499331 0.0598880 0.0638405 0.0611963 0.0486182 0.1010153 0.0461388 0.0521183 0.0532094 0.0654153 0.0595493 0.0810197 0.0445423 0.0464726 0.0442883 0.0472433 0.0759959 0.0474884 0.0677060 0.0658292 0.0612485 0.0614641 0.1409379 0.0591235 0.0677005 0.0679213 0.0543817 0.0521776 0.0631493 
I0200_988_Furnariidae_Furnarius_rufus                     0.0490847 0.0605429 0.0590693 0.0575371 0.0385452 0.0599009 0.0759322 0.0521941 0.0554312 0.0655543 0.0841007 0.0521646 0.0439388 0.0613880 0.0617510 0.0000000 0.0565051 0.0387565 0.0351934 0.0473577 0.0338507 0.0504025 0.0311193 0.0480981 0.0484671 0.0480286 0.0553375 0.0508775 0.0783264 0.0467917 0.0511796 0.0483526 0.0340698 0.0343802 0.0655129 0.0675297 0.0550038 0.0500993 0.0206336 0.0814263 0.0346779 0.0904077 0.0368859 0.0318415 0.1013062 0.0917729 0.0963544 0.0461990 0.0773604 0.0564420 0.0643815 0.0538209 0.0318801 0.0326388 0.0504340 0.0612932 0.0319086 0.0175986 0.0566000 0.0566483 0.0502544 0.0346182 0.0636842 0.0502036 0.0518554 0.0930880 0.0331615 0.0681669 0.0649062 0.0491995 0.0563153 0.0803034 0.0702711 0.0568296 0.0748057 0.0821672 0.0295724 0.0558811 0.0500103 0.0337658 0.0781060 0.0430316 0.0491560 0.0500430 0.0624183 0.0600843 0.0661481 0.0651359 0.0486589 0.0430105 0.0673174 0.0891414 0.0624685 0.0608417 0.0552866 0.0485382 0.0702871 0.0548410 0.0673644 0.0802026 0.0456896 0.0719972 0.0506834 0.0486373 0.0510737 0.0581136 0.0553135 0.0673978 0.0570935 0.0540820 0.0512347 0.0558304 0.0646390 0.0891893 0.0509006 0.0657456 0.0897945 0.0507362 0.0473506 0.0358243 0.0626274 0.0500518 0.0444444 0.0504121 0.0809109 0.0616441 0.0499273 0.0518906 0.0483564 0.0391664 0.0580584 0.0594826 0.0777966 0.0493989 0.0798620 0.0526149 0.0537925 0.0476676 0.0609369 0.0885117 0.0688486 0.0551300 0.0429569 0.0524522 0.0620606 0.0545689 0.0488092 0.0500436 0.0478497 0.0603053 0.0524389 0.0855912 0.0649775 0.0546125 0.0495698 0.0643964 0.0833548 0.0398073 0.0334968 0.0478973 0.0520067 0.0511160 0.0524745 0.0520886 0.0512426 0.0608056 0.0628406 0.0598741 0.0816868 0.0548586 0.0619743 0.0268061 0.0351830 0.0514918 0.1052911 0.0511637 0.0556153 0.0571806 0.0408764 0.0422420 0.0846577 0.0480360 0.0496444 0.0484273 0.0514839 0.0800546 0.0524546 0.0492164 0.0462935 0.0419717 0.0365658 0.1448402 0.0418336 0.0502586 0.0496691 0.0596479 0.0564313 0.0455886 
I0201_999_Scolopacidae_Tringa_solitaria                   0.0362028 0.0511751 0.0498314 0.0467528 0.0583553 0.0501882 0.0671394 0.0390088 0.0428762 0.0567485 0.0770600 0.0387125 0.0578282 0.0490894 0.0515582 0.0565051 0.0000000 0.0278499 0.0567813 0.0350005 0.0552903 0.0286288 0.0596706 0.0357112 0.0302673 0.0332114 0.0435075 0.0310057 0.0702985 0.0634684 0.0671520 0.0379639 0.0543936 0.0547270 0.0537312 0.0557405 0.0424029 0.0631478 0.0586488 0.0704207 0.0551129 0.0812251 0.0575306 0.0517730 0.0945094 0.0810798 0.0864877 0.0595898 0.0687919 0.0457714 0.0539135 0.0417342 0.0595507 0.0529183 0.0355029 0.0514324 0.0516630 0.0577710 0.0446369 0.0423623 0.0399401 0.0550842 0.0528755 0.0388234 0.0367078 0.0844651 0.0531977 0.0594005 0.0546108 0.0351759 0.0408445 0.0754711 0.0618283 0.0442916 0.0651823 0.0674194 0.0577523 0.0412338 0.0389239 0.0530572 0.0713156 0.0327293 0.0364065 0.0297311 0.0530122 0.0489203 0.0555933 0.0543722 0.0341439 0.0318294 0.0559010 0.0834699 0.0327075 0.0502294 0.0414168 0.0327434 0.0597629 0.0471639 0.0596784 0.0730565 0.0331735 0.0642332 0.0334650 0.0371422 0.0370874 0.0471075 0.0466899 0.0612073 0.0475275 0.0426355 0.0310805 0.0411675 0.0558474 0.0789110 0.0402323 0.0564736 0.0794196 0.0369486 0.0324251 0.0627523 0.0555420 0.0366996 0.0598598 0.0631645 0.0660196 0.0527929 0.0347990 0.0395872 0.0345562 0.0570994 0.0461295 0.0497043 0.0666094 0.0357171 0.0717088 0.0309469 0.0408432 0.0324186 0.0502998 0.0804257 0.0583672 0.0402086 0.0604675 0.0317838 0.0315589 0.0423257 0.0329227 0.0356044 0.0326509 0.0506815 0.0303160 0.0672678 0.0563858 0.0425169 0.0353871 0.0545329 0.0706731 0.0508585 0.0535457 0.0324847 0.0375332 0.0382107 0.0401970 0.0396403 0.0387998 0.0499295 0.0524369 0.0538737 0.0704697 0.0152769 0.0532180 0.0604160 0.0559817 0.0164658 0.0968281 0.0372759 0.0434577 0.0421258 0.0604530 0.0553500 0.0748377 0.0341395 0.0378009 0.0347545 0.0389932 0.0669063 0.0397290 0.0647248 0.0600589 0.0555634 0.0548682 0.1376469 0.0552640 0.0646945 0.0628650 0.0302919 0.0438776 0.0554645 
I0202_1066_Cathartidae_Cathartes_burrovianus              0.0196529 0.0339853 0.0333980 0.0329786 0.0403534 0.0345228 0.0503219 0.0247395 0.0201261 0.0416522 0.0598033 0.0240226 0.0406462 0.0333168 0.0363269 0.0387565 0.0278499 0.0000000 0.0389791 0.0190562 0.0369332 0.0211558 0.0421432 0.0196403 0.0200414 0.0182243 0.0243994 0.0220375 0.0537223 0.0470479 0.0500114 0.0210965 0.0365757 0.0365295 0.0393282 0.0409830 0.0232331 0.0465463 0.0406742 0.0552748 0.0369995 0.0667088 0.0389721 0.0344757 0.0792391 0.0655166 0.0710579 0.0439666 0.0529857 0.0295891 0.0379488 0.0272629 0.0421158 0.0357108 0.0201238 0.0340584 0.0349863 0.0394964 0.0250733 0.0291805 0.0245474 0.0376847 0.0392750 0.0235077 0.0226155 0.0689491 0.0370250 0.0441464 0.0375853 0.0198596 0.0274295 0.0599462 0.0457702 0.0308284 0.0497404 0.0527670 0.0409776 0.0262329 0.0234247 0.0357610 0.0549414 0.0182021 0.0199452 0.0214351 0.0358186 0.0316288 0.0391964 0.0382680 0.0184914 0.0042740 0.0407335 0.0679642 0.0352659 0.0342946 0.0269361 0.0172398 0.0437968 0.0299221 0.0433369 0.0557905 0.0169448 0.0483194 0.0224181 0.0197912 0.0211064 0.0329341 0.0305820 0.0465676 0.0336513 0.0261665 0.0209979 0.0270657 0.0386402 0.0651933 0.0252994 0.0394014 0.0642569 0.0224274 0.0172064 0.0455805 0.0409603 0.0222173 0.0427362 0.0477099 0.0516123 0.0351868 0.0187282 0.0229385 0.0190818 0.0398968 0.0321308 0.0327471 0.0496799 0.0199108 0.0573597 0.0233254 0.0279475 0.0167638 0.0350160 0.0623353 0.0425238 0.0270774 0.0438981 0.0235236 0.0339310 0.0264523 0.0179076 0.0210687 0.0170264 0.0358462 0.0225878 0.0590403 0.0406315 0.0268347 0.0194098 0.0401899 0.0553650 0.0346529 0.0360419 0.0164775 0.0223725 0.0232307 0.0248688 0.0232499 0.0232992 0.0351335 0.0368925 0.0379800 0.0557190 0.0264572 0.0380926 0.0425443 0.0379219 0.0237756 0.0814617 0.0224979 0.0237947 0.0271278 0.0422628 0.0373429 0.0606030 0.0176158 0.0206774 0.0189616 0.0229904 0.0518813 0.0233963 0.0482280 0.0441794 0.0391986 0.0375958 0.1191112 0.0372897 0.0482848 0.0473247 0.0322837 0.0279174 0.0397988 
I0203_1087_Tyrannidae_Hymenops_perspicillatus             0.0491161 0.0617305 0.0605730 0.0601020 0.0420527 0.0611814 0.0745934 0.0519641 0.0543129 0.0647924 0.0821446 0.0509935 0.0445271 0.0603849 0.0623041 0.0351934 0.0567813 0.0389791 0.0000000 0.0487695 0.0113723 0.0494532 0.0374051 0.0482584 0.0486596 0.0476999 0.0550426 0.0507899 0.0756570 0.0496319 0.0505636 0.0487219 0.0218861 0.0210279 0.0668941 0.0687220 0.0543092 0.0505430 0.0363985 0.0839376 0.0197416 0.0922448 0.0206205 0.0192314 0.1077785 0.0932834 0.0974676 0.0471446 0.0789379 0.0565489 0.0663927 0.0551459 0.0380844 0.0200116 0.0491057 0.0600993 0.0199082 0.0360900 0.0561862 0.0572723 0.0538573 0.0102922 0.0652649 0.0516542 0.0515389 0.0950142 0.0195041 0.0692805 0.0667550 0.0495196 0.0554100 0.0852887 0.0720239 0.0571892 0.0724567 0.0830681 0.0357473 0.0560222 0.0509014 0.0199039 0.0781229 0.0439668 0.0494834 0.0497025 0.0621325 0.0591817 0.0676426 0.0656239 0.0484136 0.0436980 0.0691052 0.0966646 0.0623286 0.0603569 0.0544579 0.0480925 0.0726673 0.0579321 0.0709406 0.0792591 0.0459046 0.0740201 0.0522393 0.0491423 0.0504290 0.0586507 0.0564942 0.0728202 0.0595782 0.0534380 0.0500067 0.0558674 0.0646906 0.0911487 0.0548696 0.0687098 0.0913568 0.0523665 0.0467256 0.0416736 0.0667392 0.0500852 0.0444261 0.0502939 0.0820891 0.0616724 0.0494065 0.0520578 0.0483103 0.0399150 0.0593482 0.0593367 0.0799197 0.0496165 0.0802056 0.0528032 0.0536322 0.0465061 0.0610328 0.0866997 0.0683615 0.0564449 0.0432613 0.0514426 0.0623904 0.0547602 0.0479983 0.0505663 0.0468296 0.0621824 0.0523529 0.0856680 0.0658059 0.0554527 0.0487737 0.0658316 0.0854440 0.0389771 0.0207083 0.0474494 0.0520880 0.0528946 0.0522739 0.0521093 0.0517416 0.0617492 0.0642840 0.0649908 0.0826607 0.0550159 0.0618728 0.0383170 0.0124210 0.0531525 0.1087357 0.0519926 0.0549774 0.0579871 0.0430054 0.0424901 0.0876678 0.0487848 0.0498509 0.0482458 0.0507548 0.0818982 0.0521101 0.0486207 0.0467141 0.0431196 0.0378063 0.1488596 0.0418167 0.0516535 0.0487344 0.0598154 0.0559980 0.0481678 
