37
Burramyidae_Burramys_parvus                  0.0000000 0.0968676 0.0665204 0.0839688 0.0925623 0.1073950 0.0537928 0.0588463 0.0923577 0.1017711 0.1211915 0.0555645 0.0993616 0.0990340 0.0620769 0.0640522 0.1037968 0.1077670 0.0997160 0.1008489 0.0794998 0.0792290 0.1199277 0.1045411 0.0783721 0.0850726 0.0701125 0.0746006 0.0747595 0.0775906 0.0693505 0.1211915 0.0625760 0.1052861 0.1064308 0.0993854 0.0909756 
Notoryctidae_Notoryctes_typhlops             0.0968676 0.0000000 0.1004339 0.1233965 0.1234480 0.1247383 0.1047246 0.1101077 0.1219273 0.1328543 0.1299034 0.1008552 0.1200863 0.1162690 0.1082587 0.1094830 0.1226944 0.1289282 0.1165533 0.1287639 0.1190804 0.1172209 0.1549062 0.1224531 0.1245434 0.1126557 0.1203831 0.1152100 0.1128782 0.1240752 0.1107324 0.1299034 0.1097733 0.1324852 0.1226230 0.1304152 0.0887290 
Vombatidae_Lasiorhinus_latifrons             0.0665204 0.1004339 0.0000000 0.0800107 0.0914070 0.0952166 0.0631844 0.0656348 0.0887355 0.0987794 0.1140698 0.0619183 0.0881443 0.0902545 0.0666409 0.0695674 0.0949451 0.0987020 0.0879872 0.1013664 0.0830463 0.0774869 0.1193804 0.0958916 0.0761228 0.0827478 0.0725333 0.0718664 0.0750219 0.0768258 0.0756182 0.1140698 0.0683197 0.1020331 0.0933886 0.0971952 0.0966318 
Potoroidae_Bettongia_penicillata             0.0839688 0.1233965 0.0800107 0.0000000 0.0171843 0.1114556 0.0810116 0.0867595 0.0250915 0.1220371 0.1302426 0.0873126 0.1088018 0.1052520 0.0863863 0.0869027 0.1142464 0.1174411 0.1076408 0.1219686 0.0345963 0.0952279 0.1434309 0.1119342 0.0460603 0.0986180 0.0931787 0.0243764 0.0906216 0.1002713 0.0881075 0.1302426 0.0880703 0.1213402 0.1102713 0.1203506 0.1197387 
Potoroidae_Bettongia_lesueur                 0.0925623 0.1234480 0.0914070 0.0171843 0.0000000 0.1241053 0.0893960 0.0947910 0.0170524 0.1350573 0.1302897 0.0868120 0.1177175 0.1156522 0.0946113 0.0976616 0.1127621 0.1168903 0.1081951 0.1357045 0.0289942 0.1047668 0.1534432 0.1104531 0.0572596 0.1070715 0.1026930 0.0323252 0.0985863 0.1040896 0.0987141 0.1302897 0.0972345 0.1362747 0.1229053 0.1332612 0.1280547 
Dasyuridae_Dasyurus_maculatus                0.1073950 0.1247383 0.0952166 0.1114556 0.1241053 0.0000000 0.1025855 0.1000252 0.1228803 0.1192399 0.0825105 0.0984193 0.0229953 0.0392775 0.0978039 0.1053330 0.0258493 0.0169859 0.0422538 0.1225068 0.1181153 0.1207808 0.1508356 0.0274896 0.1132484 0.1067375 0.1124677 0.1047186 0.1162647 0.1212043 0.1135107 0.0825105 0.0988465 0.1244305 0.0086129 0.1162232 0.1085839 
Phalangeridae_Trichosurus_vulpecula          0.0537928 0.1047246 0.0631844 0.0810116 0.0893960 0.1025855 0.0000000 0.0229757 0.0859595 0.1000622 0.1173497 0.0222446 0.0969415 0.0961596 0.0252898 0.0638376 0.1046775 0.1072173 0.0975277 0.1021776 0.0822533 0.0750982 0.1226820 0.1049138 0.0758170 0.0811478 0.0696451 0.0692939 0.0715660 0.0713125 0.0696427 0.1173497 0.0248405 0.1021544 0.1003220 0.0968308 0.0966331 
Phalangeridae_Spilocuscus_maculatus          0.0588463 0.1101077 0.0656348 0.0867595 0.0947910 0.1000252 0.0229757 0.0000000 0.0912884 0.1037325 0.1210160 0.0116722 0.0958780 0.0998576 0.0150354 0.0671536 0.1021174 0.1070643 0.0971013 0.1063293 0.0862182 0.0784133 0.1254346 0.1032729 0.0786265 0.0853038 0.0737913 0.0741593 0.0746510 0.0746781 0.0722157 0.1210160 0.0149639 0.1053676 0.0986309 0.1007631 0.0943047 
Potoroidae_Aepyprymnus_rufescens             0.0923577 0.1219273 0.0887355 0.0250915 0.0170524 0.1228803 0.0859595 0.0912884 0.0000000 0.1326939 0.1363654 0.0843034 0.1187081 0.1169454 0.0906085 0.0948336 0.1160763 0.1197384 0.1105977 0.1326777 0.0304296 0.1062805 0.1500234 0.1122711 0.0565367 0.1043216 0.0996469 0.0344090 0.1002721 0.1032598 0.0944152 0.1363654 0.0932222 0.1326477 0.1217215 0.1309084 0.1239980 
Peramelidae_Perameles_nasuta                 0.1017711 0.1328543 0.0987794 0.1220371 0.1350573 0.1192399 0.1000622 0.1037325 0.1326939 0.0000000 0.1456356 0.1055851 0.1212009 0.1232217 0.1062014 0.1089381 0.1288943 0.1305673 0.1247326 0.0196301 0.1265481 0.1182952 0.1530728 0.1303253 0.1165344 0.1074479 0.1116740 0.1138498 0.1171519 0.1234599 0.1130310 0.1456356 0.1079871 0.0212923 0.1210224 0.0039434 0.1045561 
Myrmecobiidae_Myrmecobius_fasciatus1         0.1211915 0.1299034 0.1140698 0.1302426 0.1302897 0.0825105 0.1173497 0.1210160 0.1363654 0.1456356 0.0000000 0.1172774 0.0746167 0.0696873 0.1194853 0.1208509 0.0797877 0.0844642 0.0713845 0.1580258 0.1247292 0.1362847 0.1708697 0.0747456 0.1315691 0.1183972 0.1234342 0.1199899 0.1247551 0.1442232 0.1230154 0.0000010 0.1234067 0.1632803 0.0818009 0.1449952 9.0000000 
Phalangeridae_Strigocuscus_pelengensis       0.0555645 0.1008552 0.0619183 0.0873126 0.0868120 0.0984193 0.0222446 0.0116722 0.0843034 0.1055851 0.1172774 0.0000000 0.0943481 0.0992392 0.0146087 0.0626047 0.0974019 0.1032405 0.0910667 0.1071571 0.0798905 0.0752972 0.1302346 0.0999233 0.0804472 0.0860342 0.0700882 0.0748763 0.0712131 0.0727378 0.0710692 0.1172774 0.0146039 0.1075314 0.0968213 0.1020607 0.0678334 
Dasyuridae_Phascogale_tapoatafa              0.0993616 0.1200863 0.0881443 0.1088018 0.1177175 0.0229953 0.0969415 0.0958780 0.1187081 0.1212009 0.0746167 0.0943481 0.0000000 0.0340850 0.0943267 0.0999817 0.0049566 0.0247281 0.0331663 0.1244817 0.1110721 0.1200430 0.1441899 0.0129814 0.1101106 0.1069195 0.1078933 0.0991409 0.1111548 0.1172735 0.1101653 0.0746167 0.0969025 0.1265250 0.0226327 0.1179561 0.0941760 
Dasyuridae_Sminthopsis_macroura              0.0990340 0.1162690 0.0902545 0.1052520 0.1156522 0.0392775 0.0961596 0.0998576 0.1169454 0.1232217 0.0696873 0.0992392 0.0340850 0.0000000 0.0967313 0.1024053 0.0386316 0.0451199 0.0271813 0.1226388 0.1097990 0.1158146 0.1474501 0.0404093 0.1084004 0.1047833 0.1057741 0.0976850 0.1130756 0.1190423 0.1095720 0.0696873 0.0996835 0.1256106 0.0392709 0.1209044 0.1101561 
Phalangeridae_Phalanger_orientalis           0.0620769 0.1082587 0.0666409 0.0863863 0.0946113 0.0978039 0.0252898 0.0150354 0.0906085 0.1062014 0.1194853 0.0146087 0.0943267 0.0967313 0.0000000 0.0663049 0.1007770 0.1047807 0.0944679 0.1091957 0.0868842 0.0794638 0.1291246 0.1024456 0.0786641 0.0863946 0.0732887 0.0759000 0.0768527 0.0784186 0.0745979 0.1194853 0.0042422 0.1087160 0.0968252 0.1033282 0.0940578 
Acrobatidae_Acrobates_pygmaeus               0.0640522 0.1094830 0.0695674 0.0869027 0.0976616 0.1053330 0.0638376 0.0671536 0.0948336 0.1089381 0.1208509 0.0626047 0.0999817 0.1024053 0.0663049 0.0000000 0.1027481 0.1115777 0.0997274 0.1122832 0.0907468 0.0723788 0.1257301 0.1095604 0.0869791 0.0918201 0.0653435 0.0800525 0.0696899 0.0758793 0.0455083 0.1208509 0.0672348 0.1121674 0.1071108 0.1078208 0.0960015 
Dasyuridae_Phascogale_calura                 0.1037968 0.1226944 0.0949451 0.1142464 0.1127621 0.0258493 0.1046775 0.1021174 0.1160763 0.1288943 0.0797877 0.0974019 0.0049566 0.0386316 0.1007770 0.1027481 0.0000000 0.0270592 0.0360487 0.1332178 0.1102828 0.1213119 0.1500999 0.0144706 0.1170538 0.1120595 0.1110525 0.1042787 0.1133585 0.1215488 0.1132213 0.0797877 0.1036487 0.1348069 0.0258747 0.1250971 0.0748602 
Dasyuridae_Sarcophilus_harrisii              0.1077670 0.1289282 0.0987020 0.1174411 0.1168903 0.0169859 0.1072173 0.1070643 0.1197384 0.1305673 0.0844642 0.1032405 0.0247281 0.0451199 0.1047807 0.1115777 0.0270592 0.0000000 0.0440553 0.1354323 0.1139094 0.1255556 0.1619746 0.0287161 0.1193841 0.1161071 0.1183610 0.1084459 0.1146045 0.1266600 0.1200816 0.0844642 0.1076314 0.1368169 0.0166340 0.1272620 0.0796630 
Dasyuridae_Planigale_tenuirostris            0.0997160 0.1165533 0.0879872 0.1076408 0.1081951 0.0422538 0.0975277 0.0971013 0.1105977 0.1247326 0.0713845 0.0910667 0.0331663 0.0271813 0.0944679 0.0997274 0.0360487 0.0440553 0.0000000 0.1280832 0.1049525 0.1117740 0.1487280 0.0403741 0.1130351 0.1093946 0.1037357 0.1005358 0.1071954 0.1205713 0.1097921 0.0713845 0.0979323 0.1293213 0.0406376 0.1211951 0.0792117 
Peramelidae_Echymipera_kalubu                0.1008489 0.1287639 0.1013664 0.1219686 0.1357045 0.1225068 0.1021776 0.1063293 0.1326777 0.0196301 0.1580258 0.1071571 0.1244817 0.1226388 0.1091957 0.1122832 0.1332178 0.1354323 0.1280832 0.0000000 0.1269942 0.1184028 0.1600425 0.1338047 0.1153532 0.1098481 0.1160994 0.1151404 0.1191613 0.1256943 0.1147832 0.1580258 0.1087083 0.0162812 0.1233836 0.0193196 0.1058356 
Macropodidae_Dorcopsulus_vanheurni           0.0794998 0.1190804 0.0830463 0.0345963 0.0289942 0.1181153 0.0822533 0.0862182 0.0304296 0.1265481 0.1247292 0.0798905 0.1110721 0.1097990 0.0868842 0.0907468 0.1102828 0.1139094 0.1049525 0.1269942 0.0000000 0.1016561 0.1433422 0.1065158 0.0550279 0.1006388 0.0956734 0.0207363 0.0951575 0.1013747 0.0925966 0.1247292 0.0894667 0.1272090 0.1169313 0.1248368 0.1190554 
Pseudochiridae_Pseudochirulus_forbesi        0.0792290 0.1172209 0.0774869 0.0952279 0.1047668 0.1207808 0.0750982 0.0784133 0.1062805 0.1182952 0.1362847 0.0752972 0.1200430 0.1158146 0.0794638 0.0723788 0.1213119 0.1255556 0.1117740 0.1184028 0.1016561 0.0000000 0.1337298 0.1235698 0.0934934 0.1008767 0.0393491 0.0888487 0.0267539 0.0696109 0.0776769 0.1362847 0.0795579 0.1205916 0.1199385 0.1163379 0.1138622 
Didelphidae_Didelphis_virginiana             0.1199277 0.1549062 0.1193804 0.1434309 0.1534432 0.1508356 0.1226820 0.1254346 0.1500234 0.1530728 0.1708697 0.1302346 0.1441899 0.1474501 0.1291246 0.1257301 0.1500999 0.1619746 0.1487280 0.1600425 0.1433422 0.1337298 0.0000000 0.1509367 0.1368483 0.1296995 0.1280600 0.1330368 0.1334645 0.1484680 0.1338614 0.1708697 0.1295150 0.1602656 0.1518558 0.1536492 0.0286471 
Dasyuridae_Antechinus_stuartii               0.1045411 0.1224531 0.0958916 0.1119342 0.1104531 0.0274896 0.1049138 0.1032729 0.1122711 0.1303253 0.0747456 0.0999233 0.0129814 0.0404093 0.1024456 0.1095604 0.0144706 0.0287161 0.0403741 0.1338047 0.1065158 0.1235698 0.1509367 0.0000000 0.1162650 0.1153095 0.1142642 0.1016351 0.1136186 0.1213852 0.1178534 0.0747456 0.1053240 0.1368201 0.0267444 0.1264995 0.0772752 
Hypsiprymnodontidae_Hypsiprymnodon_moschatus 0.0783721 0.1245434 0.0761228 0.0460603 0.0572596 0.1132484 0.0758170 0.0786265 0.0565367 0.1165344 0.1315691 0.0804472 0.1101106 0.1084004 0.0786641 0.0869791 0.1170538 0.1193841 0.1130351 0.1153532 0.0550279 0.0934934 0.1368483 0.1162650 0.0000000 0.0942236 0.0853589 0.0427267 0.0868685 0.0963578 0.0898402 0.1315691 0.0795244 0.1154443 0.1120523 0.1148827 0.1076111 
Microbiotheriidae_Dromiciops_gliroides       0.0850726 0.1126557 0.0827478 0.0986180 0.1070715 0.1067375 0.0811478 0.0853038 0.1043216 0.1074479 0.1183972 0.0860342 0.1069195 0.1047833 0.0863946 0.0918201 0.1120595 0.1161071 0.1093946 0.1098481 0.1006388 0.1008767 0.1296995 0.1153095 0.0942236 0.0000000 0.0944460 0.0897931 0.0982611 0.1059474 0.0931345 0.1183972 0.0872272 0.1086815 0.1068700 0.1067184 0.1039462 
Pseudochiridae_Petauroides_volans            0.0701125 0.1203831 0.0725333 0.0931787 0.1026930 0.1124677 0.0696451 0.0737913 0.0996469 0.1116740 0.1234342 0.0700882 0.1078933 0.1057741 0.0732887 0.0653435 0.1110525 0.1183610 0.1037357 0.1160994 0.0956734 0.0393491 0.1280600 0.1142642 0.0853589 0.0944460 0.0000000 0.0831405 0.0339117 0.0665904 0.0695099 0.1234342 0.0733996 0.1165373 0.1120549 0.1099177 0.1035178 
Macropodidae_Wallabia_bicolor                0.0746006 0.1152100 0.0718664 0.0243764 0.0323252 0.1047186 0.0692939 0.0741593 0.0344090 0.1138498 0.1199899 0.0748763 0.0991409 0.0976850 0.0759000 0.0800525 0.1042787 0.1084459 0.1005358 0.1151404 0.0207363 0.0888487 0.1330368 0.1016351 0.0427267 0.0897931 0.0831405 0.0000000 0.0833497 0.0917629 0.0829983 0.1199899 0.0779743 0.1137151 0.1028673 0.1128075 0.1134734 
Pseudochiridae_Pseudocheirus_occidentalis    0.0747595 0.1128782 0.0750219 0.0906216 0.0985863 0.1162647 0.0715660 0.0746510 0.1002721 0.1171519 0.1247551 0.0712131 0.1111548 0.1130756 0.0768527 0.0696899 0.1133585 0.1146045 0.1071954 0.1191613 0.0951575 0.0267539 0.1334645 0.1136186 0.0868685 0.0982611 0.0339117 0.0833497 0.0000000 0.0658157 0.0739674 0.1247551 0.0773741 0.1204620 0.1154139 0.1151931 0.1176551 
Tarsipedidae_Tarsipes_rostratus              0.0775906 0.1240752 0.0768258 0.1002713 0.1040896 0.1212043 0.0713125 0.0746781 0.1032598 0.1234599 0.1442232 0.0727378 0.1172735 0.1190423 0.0784186 0.0758793 0.1215488 0.1266600 0.1205713 0.1256943 0.1013747 0.0696109 0.1484680 0.1213852 0.0963578 0.1059474 0.0665904 0.0917629 0.0658157 0.0000000 0.0827916 0.1442232 0.0779693 0.1238678 0.1210961 0.1213740 0.1057377 
Acrobatidae_Distoechurus_pennatus            0.0693505 0.1107324 0.0756182 0.0881075 0.0987141 0.1135107 0.0696427 0.0722157 0.0944152 0.1130310 0.1230154 0.0710692 0.1101653 0.1095720 0.0745979 0.0455083 0.1132213 0.1200816 0.1097921 0.1147832 0.0925966 0.0776769 0.1338614 0.1178534 0.0898402 0.0931345 0.0695099 0.0829983 0.0739674 0.0827916 0.0000000 0.1230154 0.0746818 0.1140620 0.1144101 0.1125086 0.1074895 
Myrmecobiidae_Myrmecobius_fasciatus2         0.1211915 0.1299034 0.1140698 0.1302426 0.1302897 0.0825105 0.1173497 0.1210160 0.1363654 0.1456356 0.0000010 0.1172774 0.0746167 0.0696873 0.1194853 0.1208509 0.0797877 0.0844642 0.0713845 0.1580258 0.1247292 0.1362847 0.1708697 0.0747456 0.1315691 0.1183972 0.1234342 0.1199899 0.1247551 0.1442232 0.1230154 0.0000000 0.1234067 0.1632803 0.0818009 0.1449952 9.0000000 
Phalangeridae_Phalanger_carmelitae           0.0625760 0.1097733 0.0683197 0.0880703 0.0972345 0.0988465 0.0248405 0.0149639 0.0932222 0.1079871 0.1234067 0.0146039 0.0969025 0.0996835 0.0042422 0.0672348 0.1036487 0.1076314 0.0979323 0.1087083 0.0894667 0.0795579 0.1295150 0.1053240 0.0795244 0.0872272 0.0733996 0.0779743 0.0773741 0.0779693 0.0746818 0.1234067 0.0000000 0.1082658 0.0981385 0.1051075 0.0967571 
Peramelidae_Peroryctes_raffrayana            0.1052861 0.1324852 0.1020331 0.1213402 0.1362747 0.1244305 0.1021544 0.1053676 0.1326477 0.0212923 0.1632803 0.1075314 0.1265250 0.1256106 0.1087160 0.1121674 0.1348069 0.1368169 0.1293213 0.0162812 0.1272090 0.1205916 0.1602656 0.1368201 0.1154443 0.1086815 0.1165373 0.1137151 0.1204620 0.1238678 0.1140620 0.1632803 0.1082658 0.0000000 0.1247987 0.0203042 0.1065234 
Dasyuridae_Dasyurus_geffroii                 0.1064308 0.1226230 0.0933886 0.1102713 0.1229053 0.0086129 0.1003220 0.0986309 0.1217215 0.1210224 0.0818009 0.0968213 0.0226327 0.0392709 0.0968252 0.1071108 0.0258747 0.0166340 0.0406376 0.1233836 0.1169313 0.1199385 0.1518558 0.0267444 0.1120523 0.1068700 0.1120549 0.1028673 0.1154139 0.1210961 0.1144101 0.0818009 0.0981385 0.1247987 0.0000000 0.1179885 0.1129317 
Peramelidae_Perameles_gunnii                 0.0993854 0.1304152 0.0971952 0.1203506 0.1332612 0.1162232 0.0968308 0.1007631 0.1309084 0.0039434 0.1449952 0.1020607 0.1179561 0.1209044 0.1033282 0.1078208 0.1250971 0.1272620 0.1211951 0.0193196 0.1248368 0.1163379 0.1536492 0.1264995 0.1148827 0.1067184 0.1099177 0.1128075 0.1151931 0.1213740 0.1125086 0.1449952 0.1051075 0.0203042 0.1179885 0.0000000 0.1039838 
Marmosidae_Monodelphis_domestica             0.0909756 0.0887290 0.0966318 0.1197387 0.1280547 0.1085839 0.0966331 0.0943047 0.1239980 0.1045561 9.0000000 0.0678334 0.0941760 0.1101561 0.0940578 0.0960015 0.0748602 0.0796630 0.0792117 0.1058356 0.1190554 0.1138622 0.0286471 0.0772752 0.1076111 0.1039462 0.1035178 0.1134734 0.1176551 0.1057377 0.1074895 9.0000000 0.0967571 0.1065234 0.1129317 0.1039838 0.0000000 
