37
Burramyidae_Burramys_parvus                  0.0000000 0.0824195 0.0579165 0.0755725 0.0824269 0.0973592 0.0475635 0.0526409 0.0717222 0.1056938 0.0544119 0.1025028 0.0978805 0.0521608 0.0690801 0.1035218 0.0943475 0.0918093 0.1039325 0.0702664 0.0826434 0.1147742 0.1139971 0.0977807 0.0668612 0.0796555 0.0738926 0.0699676 0.0848069 0.0848830 0.0684074 0.0533473 0.0990822 0.1048781 0.0914622 0.0914622 0.1033091 
Notoryctidae_Notoryctes_typhlops             0.0824195 0.0000000 0.0856865 0.1157658 0.1229302 0.1176260 0.0784170 0.0862907 0.1082735 0.1206765 0.0876769 0.1219215 0.1194539 0.0854123 0.1020591 0.1238371 0.1167127 0.1101750 0.1187891 0.1100865 0.1163230 0.1326585 0.1343716 0.1167660 0.0968527 0.1066318 0.1062178 0.1079732 0.1013177 0.1126013 0.0992405 0.0865771 0.1196621 0.1200243 0.0989872 0.0989872 0.1066345 
Vombatidae_Lasiorhinus_latifrons             0.0579165 0.0856865 0.0000000 0.0901871 0.0969235 0.1013360 0.0593866 0.0623813 0.0844319 0.1161972 0.0668173 0.1075665 0.0968628 0.0617968 0.0715483 0.1056677 0.1004543 0.0948100 0.1032118 0.0834205 0.0886043 0.1259402 0.1196037 0.1004996 0.0764597 0.0836826 0.0692755 0.0825482 0.0717085 0.0857156 0.0760285 0.0629928 0.1030885 0.1102117 0.0693277 0.0693277 0.0950977 
Potoroidae_Bettongia_penicillata             0.0755725 0.1157658 0.0901871 0.0000000 0.0108040 0.1312622 0.0779608 0.0842625 0.0287915 0.1324436 0.0840882 0.1340490 0.1278106 0.0837746 0.0970924 0.1361350 0.1283161 0.1250144 0.1268892 0.0384610 0.1121571 0.1451701 0.1477244 0.1323368 0.0718400 0.1081968 0.1062639 0.0378499 0.0936086 0.1163975 0.1052148 0.0844022 0.1337087 0.1345004 0.1412119 0.1412119 0.1306315 
Potoroidae_Bettongia_lesueur                 0.0824269 0.1229302 0.0969235 0.0108040 0.0000000 0.1401770 0.0853660 0.0912408 0.0370217 0.1378269 0.0910953 0.1434321 0.1326133 0.0912451 0.1038955 0.1447082 0.1379265 0.1257365 0.1325676 0.0455227 0.1170788 0.1546152 0.1549880 0.1408761 0.0792693 0.1160041 0.1126669 0.0449217 0.0945866 0.1243715 0.1121203 0.0919591 0.1415405 0.1391265 0.1526516 0.1526516 0.1296774 
Dasyuridae_Dasyurus_maculatus                0.0973592 0.1176260 0.1013360 0.1312622 0.1401770 0.0000000 0.1027861 0.1129323 0.1245268 0.1409985 0.1116101 0.0336147 0.0417540 0.1096499 0.1198332 0.0308169 0.0109754 0.0362471 0.1315538 0.1167610 0.1314807 0.1459095 0.1462941 0.0306414 0.1226962 0.1118508 0.1227121 0.1201273 0.1052014 0.1288699 0.1200627 0.1118734 0.0122472 0.1364815 0.0225312 0.0225312 0.1093603 
Phalangeridae_Trichosurus_vulpecula          0.0475635 0.0784170 0.0593866 0.0779608 0.0853660 0.1027861 0.0000000 0.0200173 0.0707027 0.1074347 0.0238373 0.1018078 0.1006892 0.0203925 0.0671958 0.1052841 0.0997499 0.0925258 0.1052126 0.0707314 0.0895709 0.1188167 0.1183427 0.1000442 0.0638922 0.0817590 0.0718197 0.0689362 0.0666736 0.0892388 0.0683751 0.0207365 0.1034324 0.1100569 0.1070323 0.1070323 0.1013134 
Phalangeridae_Spilocuscus_maculatus          0.0526409 0.0862907 0.0623813 0.0842625 0.0912408 0.1129323 0.0200173 0.0000000 0.0780946 0.1129483 0.0146535 0.1095858 0.1135128 0.0107708 0.0723069 0.1149424 0.1103158 0.1056558 0.1133587 0.0743607 0.1008121 0.1232344 0.1228980 0.1101825 0.0748523 0.0854195 0.0820798 0.0733393 0.0849974 0.0965521 0.0735735 0.0112275 0.1147982 0.1161396 0.1364038 0.1364038 0.1089117 
Potoroidae_Aepyprymnus_rufescens             0.0717222 0.1082735 0.0844319 0.0287915 0.0370217 0.1245268 0.0707027 0.0780946 0.0000000 0.1346532 0.0765244 0.1276060 0.1219696 0.0748508 0.0894295 0.1273801 0.1218890 0.1143655 0.1242195 0.0423870 0.1083286 0.1470988 0.1445666 0.1263319 0.0634108 0.1030234 0.0997293 0.0407935 0.0861277 0.1102483 0.0958747 0.0755071 0.1269831 0.1317044 0.1120489 0.1120489 0.1145362 
Peramelidae_Perameles_nasuta                 0.1056938 0.1206765 0.1161972 0.1324436 0.1378269 0.1409985 0.1074347 0.1129483 0.1346532 0.0000000 0.1131708 0.1390163 0.1240896 0.1110636 0.1309307 0.1397388 0.1356302 0.1260852 0.0230214 0.1274849 0.1431674 0.1529938 0.1452338 0.1339823 0.1351869 0.1307675 0.1246980 0.1302357 0.1085053 0.1427968 0.1294789 0.1125860 0.1363617 0.0000010 9.0000000 9.0000000 0.0225210 
Phalangeridae_Strigocuscus_pelengensis       0.0544119 0.0876769 0.0668173 0.0840882 0.0910953 0.1116101 0.0238373 0.0146535 0.0765244 0.1131708 0.0000000 0.1099782 0.1083990 0.0128249 0.0783720 0.1139051 0.1084637 0.1070308 0.1104428 0.0771223 0.1007772 0.1291087 0.1275777 0.1096810 0.0720880 0.0901199 0.0825418 0.0752346 0.0885150 0.0969177 0.0787226 0.0123355 0.1121273 0.1159921 0.1216209 0.1216209 0.1066588 
Dasyuridae_Phascogale_tapoatafa              0.1025028 0.1219215 0.1075665 0.1340490 0.1434321 0.0336147 0.1018078 0.1095858 0.1276060 0.1390163 0.1099782 0.0000000 0.0493753 0.1089190 0.1264195 0.0070791 0.0300676 0.0375815 0.1365848 0.1163842 0.1411427 0.1530484 0.1506857 0.0218801 0.1306660 0.1117674 0.1261574 0.1181989 0.1069945 0.1307291 0.1269013 0.1108350 0.0326139 0.1406798 9.0000000 9.0000000 0.1086220 
Dasyuridae_Sminthopsis_macroura              0.0978805 0.1194539 0.0968628 0.1278106 0.1326133 0.0417540 0.1006892 0.1135128 0.1219696 0.1240896 0.1083990 0.0493753 0.0000000 0.1050892 0.1062286 0.0430589 0.0359830 0.0187576 0.1169911 0.1138975 0.1055564 0.1320872 0.1404869 0.0413224 0.1227467 0.1151383 0.1113617 0.1198143 0.1129614 0.1199870 0.0990375 0.1080376 0.0428048 0.1175612 0.0303568 0.0303568 0.1114675 
Phalangeridae_Phalanger_orientalis           0.0521608 0.0854123 0.0617968 0.0837746 0.0912451 0.1096499 0.0203925 0.0107708 0.0748508 0.1110636 0.0128249 0.1089190 0.1050892 0.0000000 0.0723082 0.1134662 0.1076773 0.1023601 0.1098408 0.0750543 0.0951504 0.1239441 0.1238544 0.1078678 0.0699143 0.0859333 0.0797037 0.0745220 0.0749163 0.0919905 0.0729144 0.0028923 0.1107480 0.1142163 0.1166096 0.1166096 0.1043617 
Acrobatidae_Acrobates_pygmaeus               0.0690801 0.1020591 0.0715483 0.0970924 0.1038955 0.1198332 0.0671958 0.0723069 0.0894295 0.1309307 0.0783720 0.1264195 0.1062286 0.0723082 0.0000000 0.1237548 0.1154899 0.1039792 0.1205428 0.0860770 0.0859364 0.1356541 0.1358309 0.1181554 0.0858974 0.1010594 0.0756476 0.0857952 0.0702755 0.0826276 0.0449238 0.0729757 0.1204934 0.1224467 0.0729011 0.0729011 0.1050687 
Dasyuridae_Phascogale_calura                 0.1035218 0.1238371 0.1056677 0.1361350 0.1447082 0.0308169 0.1052841 0.1149424 0.1273801 0.1397388 0.1139051 0.0070791 0.0430589 0.1134662 0.1237548 0.0000000 0.0276178 0.0324153 0.1354368 0.1195009 0.1401842 0.1506778 0.1538059 0.0193461 0.1301994 0.1167881 0.1256938 0.1217539 0.1089090 0.1331850 0.1253549 0.1152034 0.0313116 0.1398381 0.0338796 0.0338796 0.1058046 
Dasyuridae_Sarcophilus_harrisii              0.0943475 0.1167127 0.1004543 0.1283161 0.1379265 0.0109754 0.0997499 0.1103158 0.1218890 0.1356302 0.1084637 0.0300676 0.0359830 0.1076773 0.1154899 0.0276178 0.0000000 0.0363700 0.1280298 0.1147239 0.1288245 0.1454698 0.1468346 0.0279400 0.1205092 0.1094093 0.1195003 0.1180908 0.0999909 0.1298292 0.1157778 0.1087883 0.0126992 0.1329057 0.0225312 0.0225312 0.1077066 
Dasyuridae_Planigale_tenuirostris            0.0918093 0.1101750 0.0948100 0.1250144 0.1257365 0.0362471 0.0925258 0.1056558 0.1143655 0.1260852 0.1070308 0.0375815 0.0187576 0.1023601 0.1039792 0.0324153 0.0363700 0.0000000 0.1249752 0.1080803 0.1137781 0.1389396 0.1390919 0.0316460 0.1188300 0.1088951 0.1147645 0.1103808 0.0989413 0.1175898 0.0995907 0.1036772 0.0369251 0.1257258 0.0370354 0.0370354 0.1012698 
Peramelidae_Echymipera_kalubu                0.1039325 0.1187891 0.1032118 0.1268892 0.1325676 0.1315538 0.1052126 0.1133587 0.1242195 0.0230214 0.1104428 0.1365848 0.1169911 0.1098408 0.1205428 0.1354368 0.1280298 0.1249752 0.0000000 0.1263026 0.1365966 0.1506407 0.1468263 0.1269590 0.1230259 0.1247624 0.1185712 0.1257395 0.1082725 0.1344273 0.1201046 0.1103968 0.1317263 0.0232100 0.1004819 0.1004819 0.0225731 
Macropodidae_Dorcopsulus_vanheurni           0.0702664 0.1100865 0.0834205 0.0384610 0.0455227 0.1167610 0.0707314 0.0743607 0.0423870 0.1274849 0.0771223 0.1163842 0.1138975 0.0750543 0.0860770 0.1195009 0.1147239 0.1080803 0.1263026 0.0000000 0.1088720 0.1355799 0.1355707 0.1171438 0.0647123 0.0987283 0.0970306 0.0117276 0.0786595 0.1058066 0.0942634 0.0770276 0.1208733 0.1304005 0.1582747 0.1582747 0.1298922 
Pseudochiridae_Pseudochirulus_forbesi        0.0826434 0.1163230 0.0886043 0.1121571 0.1170788 0.1314807 0.0895709 0.1008121 0.1083286 0.1431674 0.1007772 0.1411427 0.1055564 0.0951504 0.0859364 0.1401842 0.1288245 0.1137781 0.1365966 0.1088720 0.0000000 0.1574651 0.1557714 0.1332656 0.1033825 0.1162245 0.0629490 0.1050874 0.0222131 0.0840455 0.0854343 0.0957517 0.1328299 0.1423995 0.0817514 0.0817514 0.1185315 
Didelphidae_Didelphis_virginiana             0.1147742 0.1326585 0.1259402 0.1451701 0.1546152 0.1459095 0.1188167 0.1232344 0.1470988 0.1529938 0.1291087 0.1530484 0.1320872 0.1239441 0.1356541 0.1506778 0.1454698 0.1389396 0.1506407 0.1355799 0.1574651 0.0000000 0.0452060 0.1466648 0.1443379 0.1326731 0.1454920 0.1372740 0.1292054 0.1540062 0.1399729 0.1264085 0.1481431 0.1536997 9.0000000 9.0000000 0.1054950 
Marmosidae_Monodelphis_domestica             0.1139971 0.1343716 0.1196037 0.1477244 0.1549880 0.1462941 0.1183427 0.1228980 0.1445666 0.1452338 0.1275777 0.1506857 0.1404869 0.1238544 0.1358309 0.1538059 0.1468346 0.1390919 0.1468263 0.1355707 0.1557714 0.0452060 0.0000000 0.1484558 0.1390799 0.1354054 0.1449131 0.1354570 0.1281663 0.1494498 0.1421714 0.1256466 0.1491502 0.1491692 0.1521444 0.1521444 0.1210709 
Dasyuridae_Antechinus_stuartii               0.0977807 0.1167660 0.1004996 0.1323368 0.1408761 0.0306414 0.1000442 0.1101825 0.1263319 0.1339823 0.1096810 0.0218801 0.0413224 0.1078678 0.1181554 0.0193461 0.0279400 0.0316460 0.1269590 0.1171438 0.1332656 0.1466648 0.1484558 0.0000000 0.1241795 0.1128702 0.1198053 0.1201102 0.1096702 0.1276411 0.1189841 0.1091130 0.0302126 0.1312429 0.0345562 0.0345562 0.1103680 
Hypsiprymnodontidae_Hypsiprymnodon_moschatus 0.0668612 0.0968527 0.0764597 0.0718400 0.0792693 0.1226962 0.0638922 0.0748523 0.0634108 0.1351869 0.0720880 0.1306660 0.1227467 0.0699143 0.0858974 0.1301994 0.1205092 0.1188300 0.1230259 0.0647123 0.1033825 0.1443379 0.1390799 0.1241795 0.0000000 0.0992503 0.0958138 0.0629535 0.0936291 0.1034897 0.0907311 0.0710933 0.1250961 0.1309955 0.1107830 0.1107830 0.1272892 
Microbiotheriidae_Dromiciops_gliroides       0.0796555 0.1066318 0.0836826 0.1081968 0.1160041 0.1118508 0.0817590 0.0854195 0.1030234 0.1307675 0.0901199 0.1117674 0.1151383 0.0859333 0.1010594 0.1167881 0.1094093 0.1088951 0.1247624 0.0987283 0.1162245 0.1326731 0.1354054 0.1128702 0.0992503 0.0000000 0.0991628 0.0980513 0.0976952 0.1168781 0.0996133 0.0869504 0.1127467 0.1292600 0.1395588 0.1395588 0.1305511 
Pseudochiridae_Petauroides_volans            0.0738926 0.1062178 0.0692755 0.1062639 0.1126669 0.1227121 0.0718197 0.0820798 0.0997293 0.1246980 0.0825418 0.1261574 0.1113617 0.0797037 0.0756476 0.1256938 0.1195003 0.1147645 0.1185712 0.0970306 0.0629490 0.1454920 0.1449131 0.1198053 0.0958138 0.0991628 0.0000000 0.0944595 0.0299338 0.0800474 0.0765885 0.0803475 0.1228026 0.1248180 0.1036970 0.1036970 0.1145164 
Macropodidae_Wallabia_bicolor                0.0699676 0.1079732 0.0825482 0.0378499 0.0449217 0.1201273 0.0689362 0.0733393 0.0407935 0.1302357 0.0752346 0.1181989 0.1198143 0.0745220 0.0857952 0.1217539 0.1180908 0.1103808 0.1257395 0.0117276 0.1050874 0.1372740 0.1354570 0.1201102 0.0629535 0.0980513 0.0944595 0.0000000 0.0859305 0.1036928 0.0917172 0.0751766 0.1230941 0.1315356 0.1421703 0.1421703 0.1289482 
Pseudochiridae_Pseudocheirus_occidentalis    0.0848069 0.1013177 0.0717085 0.0936086 0.0945866 0.1052014 0.0666736 0.0849974 0.0861277 0.1085053 0.0885150 0.1069945 0.1129614 0.0749163 0.0702755 0.1089090 0.0999909 0.0989413 0.1082725 0.0786595 0.0222131 0.1292054 0.1281663 0.1096702 0.0936291 0.0976952 0.0299338 0.0859305 0.0000000 0.0593775 0.0719657 0.0781429 0.1059725 0.1082670 9.0000000 9.0000000 0.1083003 
Tarsipedidae_Tarsipes_rostratus              0.0848830 0.1126013 0.0857156 0.1163975 0.1243715 0.1288699 0.0892388 0.0965521 0.1102483 0.1427968 0.0969177 0.1307291 0.1199870 0.0919905 0.0826276 0.1331850 0.1298292 0.1175898 0.1344273 0.1058066 0.0840455 0.1540062 0.1494498 0.1276411 0.1034897 0.1168781 0.0800474 0.1036928 0.0593775 0.0000000 0.0834580 0.0926020 0.1301780 0.1397399 0.1098312 0.1098312 0.1246715 
Acrobatidae_Distoechurus_pennatus            0.0684074 0.0992405 0.0760285 0.1052148 0.1121203 0.1200627 0.0683751 0.0735735 0.0958747 0.1294789 0.0787226 0.1269013 0.0990375 0.0729144 0.0449238 0.1253549 0.1157778 0.0995907 0.1201046 0.0942634 0.0854343 0.1399729 0.1421714 0.1189841 0.0907311 0.0996133 0.0765885 0.0917172 0.0719657 0.0834580 0.0000000 0.0730657 0.1190204 0.1238316 0.0843170 0.0843170 0.1127405 
Phalangeridae_Phalanger_carmelitae           0.0533473 0.0865771 0.0629928 0.0844022 0.0919591 0.1118734 0.0207365 0.0112275 0.0755071 0.1125860 0.0123355 0.1108350 0.1080376 0.0028923 0.0729757 0.1152034 0.1087883 0.1036772 0.1103968 0.0770276 0.0957517 0.1264085 0.1256466 0.1091130 0.0710933 0.0869504 0.0803475 0.0751766 0.0781429 0.0926020 0.0730657 0.0000000 0.1118499 0.1158441 0.1166096 0.1166096 0.1058482 
Dasyuridae_Dasyurus_geffroii                 0.0990822 0.1196621 0.1030885 0.1337087 0.1415405 0.0122472 0.1034324 0.1147982 0.1269831 0.1363617 0.1121273 0.0326139 0.0428048 0.1107480 0.1204934 0.0313116 0.0126992 0.0369251 0.1317263 0.1208733 0.1328299 0.1481431 0.1491502 0.0302126 0.1250961 0.1127467 0.1228026 0.1230941 0.1059725 0.1301780 0.1190204 0.1118499 0.0000000 0.1354503 0.0303466 0.0303466 0.1083367 
Peramelidae_Perameles_gunnii                 0.1048781 0.1200243 0.1102117 0.1345004 0.1391265 0.1364815 0.1100569 0.1161396 0.1317044 0.0000010 0.1159921 0.1406798 0.1175612 0.1142163 0.1224467 0.1398381 0.1329057 0.1257258 0.0232100 0.1304005 0.1423995 0.1536997 0.1491692 0.1312429 0.1309955 0.1292600 0.1248180 0.1315356 0.1082670 0.1397399 0.1238316 0.1158441 0.1354503 0.0000000 0.1106386 0.1106386 0.0202124 
Myrmecobiidae_Myrmecobius_fasciatus1         0.0914622 0.0989872 0.0693277 0.1412119 0.1526516 0.0225312 0.1070323 0.1364038 0.1120489 9.0000000 0.1216209 9.0000000 0.0303568 0.1166096 0.0729011 0.0338796 0.0225312 0.0370354 0.1004819 0.1582747 0.0817514 9.0000000 0.1521444 0.0345562 0.1107830 0.1395588 0.1036970 0.1421703 9.0000000 0.1098312 0.0843170 0.1166096 0.0303466 0.1106386 0.0000000 0.0000010 0.1045558 
Myrmecobiidae_Myrmecobius_fasciatus2         0.0914622 0.0989872 0.0693277 0.1412119 0.1526516 0.0225312 0.1070323 0.1364038 0.1120489 9.0000000 0.1216209 9.0000000 0.0303568 0.1166096 0.0729011 0.0338796 0.0225312 0.0370354 0.1004819 0.1582747 0.0817514 9.0000000 0.1521444 0.0345562 0.1107830 0.1395588 0.1036970 0.1421703 9.0000000 0.1098312 0.0843170 0.1166096 0.0303466 0.1106386 0.0000010 0.0000000 0.1045558 
Peramelidae_Peroryctes_raffrayana            0.1033091 0.1066345 0.0950977 0.1306315 0.1296774 0.1093603 0.1013134 0.1089117 0.1145362 0.0225210 0.1066588 0.1086220 0.1114675 0.1043617 0.1050687 0.1058046 0.1077066 0.1012698 0.0225731 0.1298922 0.1185315 0.1054950 0.1210709 0.1103680 0.1272892 0.1305511 0.1145164 0.1289482 0.1083003 0.1246715 0.1127405 0.1058482 0.1083367 0.0202124 0.1045558 0.1045558 0.0000000 
