35
Burramyidae_Burramys_parvus                  0.0000000 0.1111459 0.0842034 0.0849412 0.0849205 0.1090790 0.0702535 0.0812744 0.0820832 0.1324661 0.0758243 0.1283267 0.1281010 0.0823334 0.0892103 0.1088969 0.1118618 0.1137251 0.1172698 0.0824955 0.0896399 0.2047551 0.1454980 0.1112550 0.0778746 0.0962321 0.0894021 0.0872773 0.1098898 0.1185479 0.0914916 0.0906220 0.1229439 0.1085871 0.1337555 
Notoryctidae_Notoryctes_typhlops             0.1111459 0.0000000 0.0883478 0.1102210 0.1158156 0.1239803 0.1036210 0.1249062 0.1101661 0.1589594 0.1104639 0.1487983 0.1479738 0.1218983 0.1223497 0.1355610 0.1359775 0.1351718 0.1371806 0.1155707 0.1164670 0.2067615 0.1603432 0.1309170 0.1076727 0.1173652 0.1066905 0.1177988 0.1372891 0.1562070 0.1190317 0.1336731 0.1433388 0.1294219 0.1587492 
Vombatidae_Lasiorhinus_latifrons             0.0842034 0.0883478 0.0000000 0.0757419 0.0778826 0.1030771 0.0639741 0.0886679 0.0744824 0.1355903 0.0721738 0.1272848 0.1253948 0.0849106 0.0935424 0.1113375 0.1120269 0.1099410 0.1283817 0.0766502 0.0878351 0.1878610 0.1305800 0.1134922 0.0760320 0.0884861 0.0754521 0.0752567 0.0983946 0.1162163 0.0806354 0.0931603 0.1310361 0.1099782 0.1367574 
Potoroidae_Bettongia_penicillata             0.0849412 0.1102210 0.0757419 0.0000000 0.0133969 0.1217916 0.0755712 0.0961716 0.0172286 0.1473138 0.0825280 0.1498925 0.1451716 0.0939398 0.1009294 0.1317059 0.1328592 0.1305964 0.1373423 0.0372152 0.0918268 0.1983466 0.1499209 0.1309509 0.0534369 0.1120296 0.0815265 0.0327541 0.1053243 0.1108810 0.0964770 0.1052374 0.1367598 0.1266146 0.1486969 
Potoroidae_Bettongia_lesueur                 0.0849205 0.1158156 0.0778826 0.0133969 0.0000000 0.1271408 0.0846069 0.1038569 0.0231587 0.1353874 0.0921517 0.1463638 0.1405246 0.1015616 0.0904278 0.1302468 0.1327115 0.1276336 0.1249606 0.0295069 0.0979710 0.1989347 0.1407769 0.1313896 0.0560423 0.0995596 0.0881593 0.0343677 0.1117880 0.1074033 0.0895648 0.1130658 0.1227577 0.1264116 0.1366767 
Dasyuridae_Dasyurus_maculatus                0.1090790 0.1239803 0.1030771 0.1217916 0.1271408 0.0000000 0.1035336 0.1289577 0.1191705 0.1594080 0.1181220 0.0451516 0.0576167 0.1258249 0.1339827 0.0293655 0.0201198 0.0434217 0.1509251 0.1232665 0.1285650 0.2200562 0.1671937 0.0328706 0.1215449 0.1069342 0.1206688 0.1229514 0.1488314 0.1564588 0.1235051 0.1327198 0.1574366 0.0149475 0.1609013 
Phalangeridae_Trichosurus_vulpecula          0.0702535 0.1036210 0.0639741 0.0755712 0.0846069 0.1035336 0.0000000 0.0425870 0.0732097 0.1425007 0.0408831 0.1356683 0.1319726 0.0517741 0.0891377 0.1142516 0.1162653 0.1126127 0.1323976 0.0820394 0.0862002 0.2100057 0.1464625 0.1135864 0.0792713 0.0956526 0.0736802 0.0820299 0.0790148 0.1130143 0.0877437 0.0492541 0.1396955 0.1094185 0.1438785 
Phalangeridae_Spilocuscus_maculatus          0.0812744 0.1249062 0.0886679 0.0961716 0.1038569 0.1289577 0.0425870 0.0000000 0.0889426 0.1706978 0.0330540 0.1577844 0.1552559 0.0366018 0.1158499 0.1375459 0.1414322 0.1465788 0.1552595 0.1014819 0.1058921 0.2206670 0.1676223 0.1338040 0.0937787 0.1097747 0.0981644 0.1007028 0.1176671 0.1423112 0.1111796 0.0318119 0.1644254 0.1392883 0.1718278 
Potoroidae_Aepyprymnus_rufescens             0.0820832 0.1101661 0.0744824 0.0172286 0.0231587 0.1191705 0.0732097 0.0889426 0.0000000 0.1455559 0.0741404 0.1483248 0.1421091 0.0861300 0.0966232 0.1301309 0.1307375 0.1315027 0.1382147 0.0345559 0.0865220 0.1961337 0.1462736 0.1270495 0.0528532 0.1043983 0.0817948 0.0305449 0.1024574 0.1126164 0.0940116 0.0961530 0.1407241 0.1239096 0.1469218 
Peramelidae_Perameles_nasuta                 0.1324661 0.1589594 0.1355903 0.1473138 0.1353874 0.1594080 0.1425007 0.1706978 0.1455559 0.0000000 0.1576367 0.1707042 0.1736002 0.1589427 0.1423968 0.1592465 0.1628735 0.1595388 0.0162278 0.1309250 0.1495278 0.2425327 0.1757005 0.1654575 0.1448366 0.1372077 0.1532718 0.1419585 0.1746938 0.1733782 0.1409571 0.1708874 0.0182169 0.1539936 0.0003841 
Phalangeridae_Strigocuscus_pelengensis       0.0758243 0.1104639 0.0721738 0.0825280 0.0921517 0.1181220 0.0408831 0.0330540 0.0741404 0.1576367 0.0000000 0.1503763 0.1465440 0.0243230 0.1004508 0.1320664 0.1297525 0.1274891 0.1383849 0.0868836 0.0982651 0.1879551 0.1570521 0.1278760 0.0806495 0.0960360 0.0915403 0.0854633 0.1150641 0.1240967 0.0988917 0.0338577 0.1465576 0.1285995 0.1583426 
Dasyuridae_Phascogale_tapoatafa              0.1283267 0.1487983 0.1272848 0.1498925 0.1463638 0.0451516 0.1356683 0.1577844 0.1483248 0.1707042 0.1503763 0.0000000 0.0426674 0.1565220 0.1457442 0.0190604 0.0458088 0.0523074 0.1592002 0.1409773 0.1521151 0.2310929 0.1737812 0.0340353 0.1433381 0.1226408 0.1437471 0.1416928 0.1741604 0.1597286 0.1398897 0.1648497 0.1664940 0.0393493 0.1723007 
Dasyuridae_Sminthopsis_macroura              0.1281010 0.1479738 0.1253948 0.1451716 0.1405246 0.0576167 0.1319726 0.1552559 0.1421091 0.1736002 0.1465440 0.0426674 0.0000000 0.1514640 0.1467539 0.0534118 0.0553775 0.0506390 0.1634715 0.1383689 0.1509097 0.2228277 0.1719895 0.0570738 0.1378493 0.1262551 0.1382878 0.1367073 0.1699919 0.1599914 0.1391064 0.1609649 0.1704846 0.0524209 0.1752163 
Phalangeridae_Phalanger_orientalis           0.0823334 0.1218983 0.0849106 0.0939398 0.1015616 0.1258249 0.0517741 0.0366018 0.0861300 0.1589427 0.0243230 0.1565220 0.1514640 0.0000000 0.1089664 0.1380945 0.1358190 0.1394045 0.1367787 0.0965543 0.1017555 0.2149797 0.1662077 0.1336040 0.0909077 0.1049147 0.0962826 0.0947263 0.1180058 0.1310260 0.1093491 0.0209921 0.1453845 0.1331431 0.1600234 
Acrobatidae_Acrobates_pygmaeus               0.0892103 0.1223497 0.0935424 0.1009294 0.0904278 0.1339827 0.0891377 0.1158499 0.0966232 0.1423968 0.1004508 0.1457442 0.1467539 0.1089664 0.0000000 0.1321080 0.1386977 0.1347258 0.1301600 0.0944716 0.0886412 0.2254585 0.1589668 0.1384128 0.0999153 0.1044570 0.0855911 0.1048346 0.1048476 0.1085663 0.0548780 0.1190307 0.1347805 0.1302797 0.1437437 
Dasyuridae_Phascogale_calura                 0.1088969 0.1355610 0.1113375 0.1317059 0.1302468 0.0293655 0.1142516 0.1375459 0.1301309 0.1592465 0.1320664 0.0190604 0.0534118 0.1380945 0.1321080 0.0000000 0.0278647 0.0323276 0.1460879 0.1208744 0.1322179 0.2282690 0.1669354 0.0185426 0.1264561 0.1046429 0.1254508 0.1334593 0.1533951 0.1530093 0.1214991 0.1460682 0.1539405 0.0221990 0.1607368 
Dasyuridae_Sarcophilus_harrisii              0.1118618 0.1359775 0.1120269 0.1328592 0.1327115 0.0201198 0.1162653 0.1414322 0.1307375 0.1628735 0.1297525 0.0458088 0.0553775 0.1358190 0.1386977 0.0278647 0.0000000 0.0362287 0.1530360 0.1250367 0.1347475 0.2327420 0.1726920 0.0335866 0.1265658 0.1082907 0.1310076 0.1330428 0.1565300 0.1505924 0.1268788 0.1432444 0.1605255 0.0140228 0.1638276 
Dasyuridae_Planigale_tenuirostris            0.1137251 0.1351718 0.1099410 0.1305964 0.1276336 0.0434217 0.1126127 0.1465788 0.1315027 0.1595388 0.1274891 0.0523074 0.0506390 0.1394045 0.1347258 0.0323276 0.0362287 0.0000000 0.1502669 0.1240285 0.1387201 0.2148126 0.1727151 0.0413215 0.1255169 0.1036080 0.1300842 0.1327169 0.1591449 0.1446064 0.1284051 0.1482400 0.1569339 0.0335085 0.1592067 
Peramelidae_Echymipera_kalubu                0.1172698 0.1371806 0.1283817 0.1373423 0.1249606 0.1509251 0.1323976 0.1552595 0.1382147 0.0162278 0.1383849 0.1592002 0.1634715 0.1367787 0.1301600 0.1460879 0.1530360 0.1502669 0.0000000 0.1218352 0.1413996 0.2192717 0.1671517 0.1498954 0.1366738 0.1259171 0.1414092 0.1354189 0.1646721 0.1555470 0.1314067 0.1480808 0.0172308 0.1434002 0.0162802 
Macropodidae_Dorcopsulus_vanheurni           0.0824955 0.1155707 0.0766502 0.0372152 0.0295069 0.1232665 0.0820394 0.1014819 0.0345559 0.1309250 0.0868836 0.1409773 0.1383689 0.0965543 0.0944716 0.1208744 0.1250367 0.1240285 0.1218352 0.0000000 0.0962224 0.2070260 0.1393266 0.1259111 0.0522378 0.0953721 0.0855823 0.0255431 0.1103099 0.1093097 0.0921628 0.1077579 0.1287172 0.1189281 0.1320495 
Pseudochiridae_Pseudochirulus_forbesi        0.0896399 0.1164670 0.0878351 0.0918268 0.0979710 0.1285650 0.0862002 0.1058921 0.0865220 0.1495278 0.0982651 0.1521151 0.1509097 0.1017555 0.0886412 0.1322179 0.1347475 0.1387201 0.1413996 0.0962224 0.0000000 0.2077733 0.1514594 0.1343072 0.0903376 0.1147352 0.0477269 0.0954425 0.0485674 0.1042098 0.0850573 0.1106349 0.1493894 0.1321245 0.1509264 
Didelphidae_Didelphis_virginiana             0.2047551 0.2067615 0.1878610 0.1983466 0.1989347 0.2200562 0.2100057 0.2206670 0.1961337 0.2425327 0.1879551 0.2310929 0.2228277 0.2149797 0.2254585 0.2282690 0.2327420 0.2148126 0.2192717 0.2070260 0.2077733 0.0000000 0.1317247 0.2289254 0.1918407 0.2169464 0.2059000 0.1935335 0.2325564 0.2420705 0.2167187 0.2258697 0.2264370 0.2295589 0.2421438 
Marmosidae_Monodelphis_domestica             0.1454980 0.1603432 0.1305800 0.1499209 0.1407769 0.1671937 0.1464625 0.1676223 0.1462736 0.1757005 0.1570521 0.1737812 0.1719895 0.1662077 0.1589668 0.1669354 0.1726920 0.1727151 0.1671517 0.1393266 0.1514594 0.1317247 0.0000000 0.1677791 0.1389429 0.1425262 0.1499739 0.1477639 0.1672873 0.1909742 0.1515834 0.1755871 0.1759885 0.1690391 0.1766510 
Dasyuridae_Antechinus_stuartii               0.1112550 0.1309170 0.1134922 0.1309509 0.1313896 0.0328706 0.1135864 0.1338040 0.1270495 0.1654575 0.1278760 0.0340353 0.0570738 0.1336040 0.1384128 0.0185426 0.0335866 0.0413215 0.1498954 0.1259111 0.1343072 0.2289254 0.1677791 0.0000000 0.1192734 0.1104734 0.1252448 0.1339643 0.1562782 0.1556256 0.1270773 0.1428984 0.1603102 0.0269621 0.1670066 
Hypsiprymnodontidae_Hypsiprymnodon_moschatus 0.0778746 0.1076727 0.0760320 0.0534369 0.0560423 0.1215449 0.0792713 0.0937787 0.0528532 0.1448366 0.0806495 0.1433381 0.1378493 0.0909077 0.0999153 0.1264561 0.1265658 0.1255169 0.1366738 0.0522378 0.0903376 0.1918407 0.1389429 0.1192734 0.0000000 0.1028400 0.0831707 0.0584895 0.1093238 0.1093410 0.0912334 0.1011476 0.1397357 0.1215493 0.1455794 
Microbiotheriidae_Dromiciops_gliroides       0.0962321 0.1173652 0.0884861 0.1120296 0.0995596 0.1069342 0.0956526 0.1097747 0.1043983 0.1372077 0.0960360 0.1226408 0.1262551 0.1049147 0.1044570 0.1046429 0.1082907 0.1036080 0.1259171 0.0953721 0.1147352 0.2169464 0.1425262 0.1104734 0.1028400 0.0000000 0.1111695 0.1070371 0.1368494 0.1348084 0.1095837 0.1167046 0.1297318 0.1083439 0.1380499 
Pseudochiridae_Petauroides_volans            0.0894021 0.1066905 0.0754521 0.0815265 0.0881593 0.1206688 0.0736802 0.0981644 0.0817948 0.1532718 0.0915403 0.1437471 0.1382878 0.0962826 0.0855911 0.1254508 0.1310076 0.1300842 0.1414092 0.0855823 0.0477269 0.2059000 0.1499739 0.1252448 0.0831707 0.1111695 0.0000000 0.0873233 0.0557913 0.0944158 0.0815208 0.1048841 0.1508778 0.1248013 0.1543358 
Macropodidae_Wallabia_bicolor                0.0872773 0.1177988 0.0752567 0.0327541 0.0343677 0.1229514 0.0820299 0.1007028 0.0305449 0.1419585 0.0854633 0.1416928 0.1367073 0.0947263 0.1048346 0.1334593 0.1330428 0.1327169 0.1354189 0.0255431 0.0954425 0.1935335 0.1477639 0.1339643 0.0584895 0.1070371 0.0873233 0.0000000 0.1114285 0.1127777 0.1051542 0.1047438 0.1381506 0.1273487 0.1431681 
Pseudochiridae_Pseudocheirus_occidentalis    0.1098898 0.1372891 0.0983946 0.1053243 0.1117880 0.1488314 0.0790148 0.1176671 0.1024574 0.1746938 0.1150641 0.1741604 0.1699919 0.1180058 0.1048476 0.1533951 0.1565300 0.1591449 0.1646721 0.1103099 0.0485674 0.2325564 0.1672873 0.1562782 0.1093238 0.1368494 0.0557913 0.1114285 0.0000000 0.1287095 0.0969084 0.1261472 0.1732374 0.1552169 0.1756063 
Tarsipedidae_Tarsipes_rostratus              0.1185479 0.1562070 0.1162163 0.1108810 0.1074033 0.1564588 0.1130143 0.1423112 0.1126164 0.1733782 0.1240967 0.1597286 0.1599914 0.1310260 0.1085663 0.1530093 0.1505924 0.1446064 0.1555470 0.1093097 0.1042098 0.2420705 0.1909742 0.1556256 0.1093410 0.1348084 0.0944158 0.1127777 0.1287095 0.0000000 0.1094585 0.1490579 0.1643352 0.1540787 0.1741702 
Acrobatidae_Distoechurus_pennatus            0.0914916 0.1190317 0.0806354 0.0964770 0.0895648 0.1235051 0.0877437 0.1111796 0.0940116 0.1409571 0.0988917 0.1398897 0.1391064 0.1093491 0.0548780 0.1214991 0.1268788 0.1284051 0.1314067 0.0921628 0.0850573 0.2167187 0.1515834 0.1270773 0.0912334 0.1095837 0.0815208 0.1051542 0.0969084 0.1094585 0.0000000 0.1189604 0.1381876 0.1215862 0.1423054 
Phalangeridae_Phalanger_carmelitae           0.0906220 0.1336731 0.0931603 0.1052374 0.1130658 0.1327198 0.0492541 0.0318119 0.0961530 0.1708874 0.0338577 0.1648497 0.1609649 0.0209921 0.1190307 0.1460682 0.1432444 0.1482400 0.1480808 0.1077579 0.1106349 0.2258697 0.1755871 0.1428984 0.1011476 0.1167046 0.1048841 0.1047438 0.1261472 0.1490579 0.1189604 0.0000000 0.1561344 0.1416722 0.1721924 
Peramelidae_Peroryctes_raffrayana            0.1229439 0.1433388 0.1310361 0.1367598 0.1227577 0.1574366 0.1396955 0.1644254 0.1407241 0.0182169 0.1465576 0.1664940 0.1704846 0.1453845 0.1347805 0.1539405 0.1605255 0.1569339 0.0172308 0.1287172 0.1493894 0.2264370 0.1759885 0.1603102 0.1397357 0.1297318 0.1508778 0.1381506 0.1732374 0.1643352 0.1381876 0.1561344 0.0000000 0.1533935 0.0182601 
Dasyuridae_Dasyurus_geffroii                 0.1085871 0.1294219 0.1099782 0.1266146 0.1264116 0.0149475 0.1094185 0.1392883 0.1239096 0.1539936 0.1285995 0.0393493 0.0524209 0.1331431 0.1302797 0.0221990 0.0140228 0.0335085 0.1434002 0.1189281 0.1321245 0.2295589 0.1690391 0.0269621 0.1215493 0.1083439 0.1248013 0.1273487 0.1552169 0.1540787 0.1215862 0.1416722 0.1533935 0.0000000 0.1554466 
Peramelidae_Perameles_gunnii                 0.1337555 0.1587492 0.1367574 0.1486969 0.1366767 0.1609013 0.1438785 0.1718278 0.1469218 0.0003841 0.1583426 0.1723007 0.1752163 0.1600234 0.1437437 0.1607368 0.1638276 0.1592067 0.0162802 0.1320495 0.1509264 0.2421438 0.1766510 0.1670066 0.1455794 0.1380499 0.1543358 0.1431681 0.1756063 0.1741702 0.1423054 0.1721924 0.0182601 0.1554466 0.0000000 
