35
Burramyidae_Burramys_parvus                  0.0000000 0.0521713 0.0401685 0.0399678 0.0412712 0.0613916 0.0382605 0.0459658 0.0366441 0.0544929 0.0417963 0.0650565 0.0664117 0.0436180 0.0395072 0.0650565 0.0612996 0.0544785 0.0573793 0.0375230 0.0496427 0.0646934 0.0661407 0.0640943 0.0569044 0.0662617 0.0371067 0.0370651 0.0540127 0.0578595 0.0533242 0.0607787 0.0602775 0.0602508 0.0540971 
Notoryctidae_Notoryctes_typhlops             0.0521713 0.0000000 0.0490530 0.0579820 0.0592250 0.0704380 0.0550644 0.0700658 0.0546616 0.0576514 0.0587866 0.0706446 0.0770518 0.0616612 0.0603561 0.0706446 0.0691613 0.0648189 0.0620755 0.0563779 0.0636424 0.0777660 0.0781062 0.0702756 0.0768488 0.0700250 0.0510781 0.0551670 0.0694192 0.0737728 0.0771871 0.0827331 0.0661851 0.0692133 0.0594966 
Vombatidae_Lasiorhinus_latifrons             0.0401685 0.0490530 0.0000000 0.0514841 0.0577935 0.0624238 0.0504494 0.0601508 0.0428091 0.0623980 0.0565781 0.0653956 0.0747902 0.0582995 0.0551593 0.0642992 0.0628135 0.0607299 0.0590234 0.0455610 0.0597169 0.0758996 0.0798493 0.0638170 0.0737204 0.0575049 0.0480204 0.0443126 0.0613472 0.0629644 0.0615350 0.0720175 0.0680663 0.0629024 0.0618575 
Potoroidae_Bettongia_penicillata             0.0399678 0.0579820 0.0514841 0.0000000 0.0249081 0.0758168 0.0607101 0.0696151 0.0177376 0.0785189 0.0644037 0.0816624 0.0910804 0.0703732 0.0647907 0.0806029 0.0761403 0.0745868 0.0591370 0.0230501 0.0634858 0.0912249 0.0930890 0.0791798 0.0669181 0.0789153 0.0557801 0.0230950 0.0667843 0.0721176 0.0547881 0.0853107 0.0843275 0.0755947 0.0754933 
Potoroidae_Bettongia_lesueur                 0.0412712 0.0592250 0.0577935 0.0249081 0.0000000 0.0840075 0.0685622 0.0768110 0.0279245 0.0828190 0.0697407 0.0881979 0.0933574 0.0782338 0.0641871 0.0876350 0.0850635 0.0800471 0.0618404 0.0326914 0.0700088 0.0907993 0.0922651 0.0867624 0.0646336 0.0886016 0.0582433 0.0322547 0.0724915 0.0843159 0.0511920 0.0928753 0.0893157 0.0839456 0.0804830 
Dasyuridae_Dasyurus_maculatus                0.0613916 0.0704380 0.0624238 0.0758168 0.0840075 0.0000000 0.0713585 0.0875613 0.0707726 0.0820136 0.0767599 0.0167051 0.0320860 0.0864644 0.0792072 0.0162652 0.0033300 0.0191210 0.0723666 0.0672623 0.0865589 0.0961425 0.1036805 0.0172107 0.0970422 0.0806884 0.0795003 0.0663458 0.0874317 0.0932343 0.0775138 0.1001389 0.0880643 0.0037529 0.0796267 
Phalangeridae_Trichosurus_vulpecula          0.0382605 0.0550644 0.0504494 0.0607101 0.0685622 0.0713585 0.0000000 0.0262993 0.0547844 0.0746736 0.0228108 0.0766939 0.0874246 0.0259792 0.0601339 0.0762486 0.0706496 0.0699674 0.0624714 0.0574908 0.0700401 0.0903214 0.0892394 0.0736254 0.0749490 0.0733497 0.0631805 0.0561952 0.0709412 0.0690928 0.0619783 0.0428046 0.0833399 0.0719061 0.0711549 
Phalangeridae_Spilocuscus_maculatus          0.0459658 0.0700658 0.0601508 0.0696151 0.0768110 0.0875613 0.0262993 0.0000000 0.0649978 0.0839485 0.0260132 0.0938600 0.1018860 0.0171088 0.0730337 0.0934043 0.0878772 0.0844822 0.0728423 0.0668541 0.0785761 0.0990330 0.0916380 0.0906028 0.0751232 0.0747213 0.0687164 0.0653259 0.0847609 0.0803395 0.0718063 0.0270308 0.0928812 0.0874106 0.0831888 
Potoroidae_Aepyprymnus_rufescens             0.0366441 0.0546616 0.0428091 0.0177376 0.0279245 0.0707726 0.0547844 0.0649978 0.0000000 0.0718702 0.0576134 0.0743052 0.0827703 0.0625672 0.0588177 0.0731822 0.0700411 0.0674081 0.0593906 0.0137878 0.0625869 0.0845714 0.0850436 0.0708751 0.0627207 0.0700483 0.0544697 0.0142556 0.0668451 0.0706481 0.0567169 0.0796743 0.0778868 0.0706664 0.0699737 
Peramelidae_Perameles_nasuta                 0.0544929 0.0576514 0.0623980 0.0785189 0.0828190 0.0820136 0.0746736 0.0839485 0.0718702 0.0000000 0.0809386 0.0883557 0.0909214 0.0867665 0.0754459 0.0870605 0.0825561 0.0723652 0.0117253 0.0744629 0.0848673 0.0935739 0.0952491 0.0844673 0.0913219 0.0835485 0.0755303 0.0733257 0.0891136 0.0932101 0.0780352 0.0970881 0.0184918 0.0826178 0.0009037 
Phalangeridae_Strigocuscus_pelengensis       0.0417963 0.0587866 0.0565781 0.0644037 0.0697407 0.0767599 0.0228108 0.0260132 0.0576134 0.0809386 0.0000000 0.0823399 0.0906651 0.0193004 0.0652881 0.0818808 0.0771544 0.0733680 0.0674224 0.0582865 0.0736989 0.0932763 0.0944895 0.0802988 0.0785432 0.0798769 0.0659920 0.0601483 0.0755877 0.0771379 0.0646729 0.0419569 0.0868091 0.0772102 0.0776849 
Dasyuridae_Phascogale_tapoatafa              0.0650565 0.0706446 0.0653956 0.0816624 0.0881979 0.0167051 0.0766939 0.0938600 0.0743052 0.0883557 0.0823399 0.0000000 0.0386911 0.0895862 0.0837203 0.0029140 0.0162664 0.0206332 0.0794427 0.0734413 0.0903567 0.0987714 0.1060963 0.0075979 0.1028440 0.0871063 0.0840158 0.0725229 0.0927800 0.0966180 0.0813904 0.1071254 0.0921810 0.0176083 0.0878250 
Dasyuridae_Sminthopsis_macroura              0.0664117 0.0770518 0.0747902 0.0910804 0.0933574 0.0320860 0.0874246 0.1018860 0.0827703 0.0909214 0.0906651 0.0386911 0.0000000 0.0991614 0.0823490 0.0386911 0.0324698 0.0321261 0.0812214 0.0822551 0.0994390 0.1007623 0.1074669 0.0369104 0.1133208 0.0996470 0.0851192 0.0812655 0.0987632 0.1109058 0.0844448 0.1156549 0.0966908 0.0334735 0.0894751 
Phalangeridae_Phalanger_orientalis           0.0436180 0.0616612 0.0582995 0.0703732 0.0782338 0.0864644 0.0259792 0.0171088 0.0625672 0.0867665 0.0193004 0.0895862 0.0991614 0.0000000 0.0707376 0.0890597 0.0861519 0.0822496 0.0749806 0.0666552 0.0802735 0.0986250 0.0996916 0.0864621 0.0750225 0.0757952 0.0751264 0.0684802 0.0862042 0.0827705 0.0707911 0.0117965 0.0888540 0.0862934 0.0848014 
Acrobatidae_Acrobates_pygmaeus               0.0395072 0.0603561 0.0551593 0.0647907 0.0641871 0.0792072 0.0601339 0.0730337 0.0588177 0.0754459 0.0652881 0.0837203 0.0823490 0.0707376 0.0000000 0.0841659 0.0790274 0.0773895 0.0598744 0.0557159 0.0623036 0.0856375 0.0869717 0.0809827 0.0878996 0.0813662 0.0430169 0.0557944 0.0628080 0.0712026 0.0381714 0.0881813 0.0791065 0.0785299 0.0719196 
Dasyuridae_Phascogale_calura                 0.0650565 0.0706446 0.0642992 0.0806029 0.0876350 0.0162652 0.0762486 0.0934043 0.0731822 0.0870605 0.0818808 0.0029140 0.0386911 0.0890597 0.0841659 0.0000000 0.0162548 0.0221075 0.0781953 0.0724104 0.0892939 0.0980595 0.1060159 0.0075924 0.1034536 0.0858043 0.0851837 0.0709065 0.0915553 0.0960539 0.0813904 0.1066750 0.0921112 0.0184803 0.0866403 
Dasyuridae_Sarcophilus_harrisii              0.0612996 0.0691613 0.0628135 0.0761403 0.0850635 0.0033300 0.0706496 0.0878772 0.0700411 0.0825561 0.0771544 0.0162664 0.0324698 0.0861519 0.0790274 0.0162548 0.0000000 0.0186041 0.0710189 0.0687108 0.0864954 0.0977420 0.1046629 0.0154180 0.0964511 0.0805033 0.0810462 0.0666852 0.0865480 0.0941602 0.0767946 0.1004261 0.0886282 0.0045854 0.0801210 
Dasyuridae_Planigale_tenuirostris            0.0544785 0.0648189 0.0607299 0.0745868 0.0800471 0.0191210 0.0699674 0.0844822 0.0674081 0.0723652 0.0733680 0.0206332 0.0321261 0.0822496 0.0773895 0.0221075 0.0186041 0.0000000 0.0623146 0.0678854 0.0828846 0.0908525 0.1003379 0.0210853 0.0945330 0.0793337 0.0791177 0.0661969 0.0863289 0.0906653 0.0737797 0.0990060 0.0817979 0.0176477 0.0698933 
Peramelidae_Echymipera_kalubu                0.0573793 0.0620755 0.0590234 0.0591370 0.0618404 0.0723666 0.0624714 0.0728423 0.0593906 0.0117253 0.0674224 0.0794427 0.0812214 0.0749806 0.0598744 0.0781953 0.0710189 0.0623146 0.0000000 0.0575631 0.0709721 0.0815627 0.0888022 0.0775209 0.0768668 0.0857658 0.0559359 0.0566169 0.0740383 0.0808866 0.0698918 0.0926692 0.0149313 0.0716879 0.0115831 
Macropodidae_Dorcopsulus_vanheurni           0.0375230 0.0563779 0.0455610 0.0230501 0.0326914 0.0672623 0.0574908 0.0668541 0.0137878 0.0744629 0.0582865 0.0734413 0.0822551 0.0666552 0.0557159 0.0724104 0.0687108 0.0678854 0.0575631 0.0000000 0.0637873 0.0845754 0.0899753 0.0715411 0.0639715 0.0734803 0.0582439 0.0055304 0.0671040 0.0710335 0.0533261 0.0824567 0.0794180 0.0666338 0.0712816 
Pseudochiridae_Pseudochirulus_forbesi        0.0496427 0.0636424 0.0597169 0.0634858 0.0700088 0.0865589 0.0700401 0.0785761 0.0625869 0.0848673 0.0736989 0.0903567 0.0994390 0.0802735 0.0623036 0.0892939 0.0864954 0.0828846 0.0709721 0.0637873 0.0000000 0.1002633 0.1003453 0.0889095 0.0907892 0.0914869 0.0416295 0.0617681 0.0231133 0.0639092 0.0506794 0.0934158 0.0890029 0.0876708 0.0805348 
Didelphidae_Didelphis_virginiana             0.0646934 0.0777660 0.0758996 0.0912249 0.0907993 0.0961425 0.0903214 0.0990330 0.0845714 0.0935739 0.0932763 0.0987714 0.1007623 0.0986250 0.0856375 0.0980595 0.0977420 0.0908525 0.0815627 0.0845754 0.1002633 0.0000000 0.0466278 0.0970206 0.1054649 0.0935773 0.0838187 0.0847680 0.0991922 0.1099010 0.0885369 0.1114414 0.0935050 0.0961350 0.0907968 
Marmosidae_Monodelphis_domestica             0.0661407 0.0781062 0.0798493 0.0930890 0.0922651 0.1036805 0.0892394 0.0916380 0.0850436 0.0952491 0.0944895 0.1060963 0.1074669 0.0996916 0.0869717 0.1060159 0.1046629 0.1003379 0.0888022 0.0899753 0.1003453 0.0466278 0.0000000 0.1044222 0.1020671 0.0839153 0.0870769 0.0885157 0.1103617 0.1145542 0.0922807 0.1079078 0.0950641 0.1019703 0.0910550 
Dasyuridae_Antechinus_stuartii               0.0640943 0.0702756 0.0638170 0.0791798 0.0867624 0.0172107 0.0736254 0.0906028 0.0708751 0.0844673 0.0802988 0.0075979 0.0369104 0.0864621 0.0809827 0.0075924 0.0154180 0.0210853 0.0775209 0.0715411 0.0889095 0.0970206 0.1044222 0.0000000 0.1004207 0.0840141 0.0832861 0.0700862 0.0891808 0.0946549 0.0819669 0.1038113 0.0895747 0.0167696 0.0837723 
Hypsiprymnodontidae_Hypsiprymnodon_moschatus 0.0569044 0.0768488 0.0737204 0.0669181 0.0646336 0.0970422 0.0749490 0.0751232 0.0627207 0.0913219 0.0785432 0.1028440 0.1133208 0.0750225 0.0878996 0.1034536 0.0964511 0.0945330 0.0768668 0.0639715 0.0907892 0.1054649 0.1020671 0.1004207 0.0000000 0.0810635 0.0806067 0.0630949 0.0959893 0.0900798 0.0804915 0.0893289 0.1027495 0.0976844 0.0942862 
Microbiotheriidae_Dromiciops_gliroides       0.0662617 0.0700250 0.0575049 0.0789153 0.0886016 0.0806884 0.0733497 0.0747213 0.0700483 0.0835485 0.0798769 0.0871063 0.0996470 0.0757952 0.0813662 0.0858043 0.0805033 0.0793337 0.0857658 0.0734803 0.0914869 0.0935773 0.0839153 0.0840141 0.0810635 0.0000000 0.0794672 0.0716866 0.0943675 0.0874438 0.0853451 0.0892096 0.0953163 0.0817022 0.0877552 
Pseudochiridae_Petauroides_volans            0.0371067 0.0510781 0.0480204 0.0557801 0.0582433 0.0795003 0.0631805 0.0687164 0.0544697 0.0755303 0.0659920 0.0840158 0.0851192 0.0751264 0.0430169 0.0851837 0.0810462 0.0791177 0.0559359 0.0582439 0.0416295 0.0838187 0.0870769 0.0832861 0.0806067 0.0794672 0.0000000 0.0547388 0.0436920 0.0602499 0.0508807 0.0858185 0.0773718 0.0800704 0.0707759 
Macropodidae_Wallabia_bicolor                0.0370651 0.0551670 0.0443126 0.0230950 0.0322547 0.0663458 0.0561952 0.0653259 0.0142556 0.0733257 0.0601483 0.0725229 0.0812655 0.0684802 0.0557944 0.0709065 0.0666852 0.0661969 0.0566169 0.0055304 0.0617681 0.0847680 0.0885157 0.0700862 0.0630949 0.0716866 0.0547388 0.0000000 0.0648273 0.0695663 0.0523747 0.0814848 0.0799741 0.0656718 0.0698588 
Pseudochiridae_Pseudocheirus_occidentalis    0.0540127 0.0694192 0.0613472 0.0667843 0.0724915 0.0874317 0.0709412 0.0847609 0.0668451 0.0891136 0.0755877 0.0927800 0.0987632 0.0862042 0.0628080 0.0915553 0.0865480 0.0863289 0.0740383 0.0671040 0.0231133 0.0991922 0.1103617 0.0891808 0.0959893 0.0943675 0.0436920 0.0648273 0.0000000 0.0648297 0.0487722 0.0953091 0.0932499 0.0895724 0.0850727 
Tarsipedidae_Tarsipes_rostratus              0.0578595 0.0737728 0.0629644 0.0721176 0.0843159 0.0932343 0.0690928 0.0803395 0.0706481 0.0932101 0.0771379 0.0966180 0.1109058 0.0827705 0.0712026 0.0960539 0.0941602 0.0906653 0.0808866 0.0710335 0.0639092 0.1099010 0.1145542 0.0946549 0.0900798 0.0874438 0.0602499 0.0695663 0.0648297 0.0000000 0.0609192 0.0985957 0.1033483 0.0935871 0.0879770 
Acrobatidae_Distoechurus_pennatus            0.0533242 0.0771871 0.0615350 0.0547881 0.0511920 0.0775138 0.0619783 0.0718063 0.0567169 0.0780352 0.0646729 0.0813904 0.0844448 0.0707911 0.0381714 0.0813904 0.0767946 0.0737797 0.0698918 0.0533261 0.0506794 0.0885369 0.0922807 0.0819669 0.0804915 0.0853451 0.0508807 0.0523747 0.0487722 0.0609192 0.0000000 0.0907866 0.0829459 0.0768518 0.0752488 
Phalangeridae_Phalanger_carmelitae           0.0607787 0.0827331 0.0720175 0.0853107 0.0928753 0.1001389 0.0428046 0.0270308 0.0796743 0.0970881 0.0419569 0.1071254 0.1156549 0.0117965 0.0881813 0.1066750 0.1004261 0.0990060 0.0926692 0.0824567 0.0934158 0.1114414 0.1079078 0.1038113 0.0893289 0.0892096 0.0858185 0.0814848 0.0953091 0.0985957 0.0907866 0.0000000 0.1048730 0.1004959 0.0981105 
Peramelidae_Peroryctes_raffrayana            0.0602775 0.0661851 0.0680663 0.0843275 0.0893157 0.0880643 0.0833399 0.0928812 0.0778868 0.0184918 0.0868091 0.0921810 0.0966908 0.0888540 0.0791065 0.0921112 0.0886282 0.0817979 0.0149313 0.0794180 0.0890029 0.0935050 0.0950641 0.0895747 0.1027495 0.0953163 0.0773718 0.0799741 0.0932499 0.1033483 0.0829459 0.1048730 0.0000000 0.0874212 0.0182658 
Dasyuridae_Dasyurus_geffroii                 0.0602508 0.0692133 0.0629024 0.0755947 0.0839456 0.0037529 0.0719061 0.0874106 0.0706664 0.0826178 0.0772102 0.0176083 0.0334735 0.0862934 0.0785299 0.0184803 0.0045854 0.0176477 0.0716879 0.0666338 0.0876708 0.0961350 0.1019703 0.0167696 0.0976844 0.0817022 0.0800704 0.0656718 0.0895724 0.0935871 0.0768518 0.1004959 0.0874212 0.0000000 0.0801759 
Peramelidae_Perameles_gunnii                 0.0540971 0.0594966 0.0618575 0.0754933 0.0804830 0.0796267 0.0711549 0.0831888 0.0699737 0.0009037 0.0776849 0.0878250 0.0894751 0.0848014 0.0719196 0.0866403 0.0801210 0.0698933 0.0115831 0.0712816 0.0805348 0.0907968 0.0910550 0.0837723 0.0942862 0.0877552 0.0707759 0.0698588 0.0850727 0.0879770 0.0752488 0.0981105 0.0182658 0.0801759 0.0000000 
