37
Burramyidae_Burramys_parvus                  0.0000000 0.0743295 0.0538458 0.0494996 0.0464160 0.0781113 0.0448657 0.0456329 0.0542196 0.0791975 0.0434019 0.0772680 0.0949821 0.0461490 0.0521646 0.0766145 0.0800030 0.0739207 0.0817026 0.0506874 0.0738060 0.0753507 0.0813693 0.0779878 0.0530300 0.0657212 0.0549083 0.0536205 0.0612954 0.0711401 0.0533883 0.0440813 0.0810188 0.0777274 0.0796051 0.2867181 0.2867181 
Notoryctidae_Notoryctes_typhlops             0.0743295 0.0000000 0.0742320 0.0766743 0.0730761 0.0896788 0.0754139 0.0797209 0.0823626 0.0896751 0.0778834 0.0892170 0.0996683 0.0803422 0.0694587 0.0895956 0.0914234 0.0876780 0.0918487 0.0793285 0.1017152 0.0888346 0.0920541 0.0895072 0.0808687 0.0756551 0.0820610 0.0806838 0.0898894 0.0930709 0.0788520 0.0783077 0.0903134 0.0909998 0.0888158 0.3199885 0.3199885 
Vombatidae_Lasiorhinus_latifrons             0.0538458 0.0742320 0.0000000 0.0580526 0.0555092 0.0793103 0.0574770 0.0588203 0.0602473 0.0811532 0.0559134 0.0802228 0.0985841 0.0586321 0.0564970 0.0795546 0.0813790 0.0751126 0.0836894 0.0568466 0.0737757 0.0791709 0.0826511 0.0804029 0.0587238 0.0664946 0.0605508 0.0604039 0.0648879 0.0769691 0.0556671 0.0578933 0.0827424 0.0816109 0.0806913 0.2550663 0.2550663 
Potoroidae_Bettongia_penicillata             0.0494996 0.0766743 0.0580526 0.0000000 0.0037329 0.0827148 0.0543301 0.0539506 0.0161235 0.0892932 0.0523842 0.0843683 0.0981936 0.0541116 0.0547570 0.0830448 0.0837984 0.0790169 0.0911567 0.0243748 0.0786777 0.0853918 0.0878353 0.0828895 0.0399792 0.0669687 0.0587532 0.0270797 0.0676662 0.0769659 0.0578960 0.0518093 0.0886713 0.0846364 0.0888730 0.3034479 0.3034479 
Potoroidae_Bettongia_lesueur                 0.0464160 0.0730761 0.0555092 0.0037329 0.0000000 0.0778223 0.0509973 0.0505309 0.0158662 0.0826837 0.0512828 0.0792754 0.0790887 0.0536076 0.0501265 0.0777577 0.0789188 0.0730732 0.0856379 0.0235292 0.0754498 0.0788992 0.0830690 0.0779332 0.0382245 0.0647163 0.0561502 0.0269263 0.0638696 0.0703820 0.0559274 0.0514218 0.0819800 0.0778737 0.0828062 0.3034479 0.3034479 
Dasyuridae_Dasyurus_maculatus                0.0781113 0.0896788 0.0793103 0.0827148 0.0778223 0.0000000 0.0796572 0.0812114 0.0873854 0.0957625 0.0803585 0.0182842 0.0423659 0.0813179 0.0709390 0.0164380 0.0075089 0.0187356 0.0986368 0.0809505 0.1064884 0.0936194 0.0957981 0.0178026 0.0841785 0.0799170 0.0844586 0.0851093 0.0950401 0.0897100 0.0831128 0.0806575 0.0971440 0.0067942 0.0973383 0.0825187 0.0825187 
Phalangeridae_Trichosurus_vulpecula          0.0448657 0.0754139 0.0574770 0.0543301 0.0509973 0.0796572 0.0000000 0.0163739 0.0608633 0.0845071 0.0187443 0.0820649 0.0940224 0.0202728 0.0542977 0.0808009 0.0811565 0.0773955 0.0867065 0.0546470 0.0738413 0.0820441 0.0871900 0.0807850 0.0590575 0.0667316 0.0586167 0.0575863 0.0623232 0.0717776 0.0563189 0.0178233 0.0855067 0.0819624 0.0846745 0.2859392 0.2859392 
Phalangeridae_Spilocuscus_maculatus          0.0456329 0.0797209 0.0588203 0.0539506 0.0505309 0.0812114 0.0163739 0.0000000 0.0606730 0.0868526 0.0109069 0.0829691 0.0965172 0.0125246 0.0570510 0.0814813 0.0829196 0.0798710 0.0884437 0.0556547 0.0753082 0.0844045 0.0859834 0.0823285 0.0584503 0.0701326 0.0603485 0.0573912 0.0640159 0.0737198 0.0545882 0.0108572 0.0869739 0.0839344 0.0864944 0.2844587 0.2844587 
Potoroidae_Aepyprymnus_rufescens             0.0542196 0.0823626 0.0602473 0.0161235 0.0158662 0.0873854 0.0608633 0.0606730 0.0000000 0.0933847 0.0581120 0.0886696 0.1026826 0.0596848 0.0577190 0.0879519 0.0878417 0.0835411 0.0954426 0.0285071 0.0834657 0.0885441 0.0909923 0.0869135 0.0434568 0.0726825 0.0657447 0.0308758 0.0731523 0.0803070 0.0602890 0.0573495 0.0927966 0.0888663 0.0928817 0.3101558 0.3101558 
Peramelidae_Perameles_nasuta                 0.0791975 0.0896751 0.0811532 0.0892932 0.0826837 0.0957625 0.0845071 0.0868526 0.0933847 0.0000000 0.0833028 0.0942073 0.1123470 0.0858488 0.0798314 0.0944422 0.0975192 0.0916854 0.0196420 0.0878404 0.1077097 0.0952415 0.0976165 0.0966318 0.0887525 0.0849128 0.0880584 0.0906047 0.0961209 0.0987019 0.0864721 0.0844485 0.0211515 0.0954210 0.0012774 0.3260504 0.3260504 
Phalangeridae_Strigocuscus_pelengensis       0.0434019 0.0778834 0.0559134 0.0523842 0.0512828 0.0803585 0.0187443 0.0109069 0.0581120 0.0833028 0.0000000 0.0817682 0.0938715 0.0112405 0.0545089 0.0806444 0.0820720 0.0780179 0.0863102 0.0532846 0.0726824 0.0819198 0.0833448 0.0810170 0.0559778 0.0655526 0.0562280 0.0545209 0.0615948 0.0706371 0.0536620 0.0095562 0.0844037 0.0829015 0.0831994 0.2942607 0.2942607 
Dasyuridae_Phascogale_tapoatafa              0.0772680 0.0892170 0.0802228 0.0843683 0.0792754 0.0182842 0.0820649 0.0829691 0.0886696 0.0942073 0.0817682 0.0000000 0.0461289 0.0836917 0.0713504 0.0060788 0.0203211 0.0226586 0.0974084 0.0825613 0.1082132 0.0976616 0.0986387 0.0113603 0.0854034 0.0790179 0.0852299 0.0871516 0.0967128 0.0902516 0.0860057 0.0830218 0.0957567 0.0214363 0.0955996 0.0887633 0.0887633 
Dasyuridae_Sminthopsis_macroura              0.0949821 0.0996683 0.0985841 0.0981936 0.0790887 0.0423659 0.0940224 0.0965172 0.1026826 0.1123470 0.0938715 0.0461289 0.0000000 0.0965994 0.0855519 0.0453109 0.0439276 0.0379118 0.1175556 0.0954929 0.1189668 0.1085607 0.1132074 0.0470330 0.1025934 0.0965978 0.0993237 0.1011485 0.1069717 0.1043099 0.1012953 0.0958952 0.1147508 0.0441230 0.1136259 0.0824030 0.0824030 
Phalangeridae_Phalanger_orientalis           0.0461490 0.0803422 0.0586321 0.0541116 0.0536076 0.0813179 0.0202728 0.0125246 0.0596848 0.0858488 0.0112405 0.0836917 0.0965994 0.0000000 0.0557965 0.0815829 0.0830248 0.0803728 0.0870256 0.0556264 0.0732694 0.0835137 0.0857993 0.0822284 0.0583678 0.0688078 0.0582653 0.0573216 0.0625782 0.0737114 0.0566689 0.0028684 0.0845432 0.0838423 0.0855770 0.2890450 0.2890450 
Acrobatidae_Acrobates_pygmaeus               0.0521646 0.0694587 0.0564970 0.0547570 0.0501265 0.0709390 0.0542977 0.0570510 0.0577190 0.0798314 0.0545089 0.0713504 0.0855519 0.0557965 0.0000000 0.0712790 0.0709259 0.0659727 0.0800615 0.0553410 0.0696895 0.0728267 0.0791164 0.0706094 0.0579180 0.0642049 0.0514565 0.0591453 0.0552113 0.0665662 0.0308064 0.0542200 0.0788438 0.0727673 0.0799424 9.0000000 9.0000000 
Dasyuridae_Phascogale_calura                 0.0766145 0.0895956 0.0795546 0.0830448 0.0777577 0.0164380 0.0808009 0.0814813 0.0879519 0.0944422 0.0806444 0.0060788 0.0453109 0.0815829 0.0712790 0.0000000 0.0184664 0.0220584 0.0975995 0.0814744 0.1074956 0.0963418 0.0973150 0.0099013 0.0851006 0.0781060 0.0849499 0.0860598 0.0964486 0.0906244 0.0849083 0.0811226 0.0960381 0.0193930 0.0960429 0.0761977 0.0761977 
Dasyuridae_Sarcophilus_harrisii              0.0800030 0.0914234 0.0813790 0.0837984 0.0789188 0.0075089 0.0811565 0.0829196 0.0878417 0.0975192 0.0820720 0.0203211 0.0439276 0.0830248 0.0709259 0.0184664 0.0000000 0.0212481 0.1005846 0.0807983 0.1067793 0.0944944 0.0958449 0.0194764 0.0850767 0.0805618 0.0847327 0.0857825 0.0951115 0.0901969 0.0833489 0.0823577 0.0982568 0.0098628 0.0992789 0.0889404 0.0889404 
Dasyuridae_Planigale_tenuirostris            0.0739207 0.0876780 0.0751126 0.0790169 0.0730732 0.0187356 0.0773955 0.0798710 0.0835411 0.0916854 0.0780179 0.0226586 0.0379118 0.0803728 0.0659727 0.0220584 0.0212481 0.0000000 0.0970098 0.0773378 0.1014169 0.0893092 0.0934079 0.0234576 0.0803243 0.0750485 0.0798838 0.0800727 0.0888437 0.0858769 0.0794106 0.0794046 0.0935310 0.0218433 0.0940678 0.0960518 0.0960518 
Peramelidae_Echymipera_kalubu                0.0817026 0.0918487 0.0836894 0.0911567 0.0856379 0.0986368 0.0867065 0.0884437 0.0954426 0.0196420 0.0863102 0.0974084 0.1175556 0.0870256 0.0800615 0.0975995 0.1005846 0.0970098 0.0000000 0.0899750 0.1095032 0.0979990 0.1017865 0.0989317 0.0906070 0.0839301 0.0901260 0.0929973 0.0978990 0.1022554 0.0877022 0.0865979 0.0168906 0.0983048 0.0196115 0.3285188 0.3285188 
Macropodidae_Dorcopsulus_vanheurni           0.0506874 0.0793285 0.0568466 0.0243748 0.0235292 0.0809505 0.0546470 0.0556547 0.0285071 0.0878404 0.0532846 0.0825613 0.0954929 0.0556264 0.0553410 0.0814744 0.0807983 0.0773378 0.0899750 0.0000000 0.0780843 0.0851131 0.0882297 0.0815243 0.0383380 0.0667634 0.0582671 0.0150199 0.0656070 0.0749950 0.0568486 0.0534866 0.0863820 0.0818613 0.0870915 0.2862325 0.2862325 
Pseudochiridae_Pseudochirulus_forbesi        0.0738060 0.1017152 0.0737757 0.0786777 0.0754498 0.1064884 0.0738413 0.0753082 0.0834657 0.1077097 0.0726824 0.1082132 0.1189668 0.0732694 0.0696895 0.1074956 0.1067793 0.1014169 0.1095032 0.0780843 0.0000000 0.1058246 0.1104771 0.1081188 0.0824100 0.0897837 0.0501508 0.0816526 0.0313599 0.0850516 0.0700942 0.0724490 0.1095401 0.1084932 0.1082251 0.2933329 0.2933329 
Didelphidae_Didelphis_virginiana             0.0753507 0.0888346 0.0791709 0.0853918 0.0788992 0.0936194 0.0820441 0.0844045 0.0885441 0.0952415 0.0819198 0.0976616 0.1085607 0.0835137 0.0728267 0.0963418 0.0944944 0.0893092 0.0979990 0.0851131 0.1058246 0.0000000 0.0385405 0.0971012 0.0823069 0.0827399 0.0883403 0.0865637 0.0933429 0.0977041 0.0849941 0.0829923 0.0973928 0.0935770 0.0956808 0.3692794 0.3692794 
Marmosidae_Monodelphis_domestica             0.0813693 0.0920541 0.0826511 0.0878353 0.0830690 0.0957981 0.0871900 0.0859834 0.0909923 0.0976165 0.0833448 0.0986387 0.1132074 0.0857993 0.0791164 0.0973150 0.0958449 0.0934079 0.1017865 0.0882297 0.1104771 0.0385405 0.0000000 0.0980821 0.0876104 0.0872706 0.0908960 0.0908195 0.0958529 0.1031546 0.0899643 0.0847590 0.1026094 0.0968345 0.0985364 0.3626324 0.3626324 
Dasyuridae_Antechinus_stuartii               0.0779878 0.0895072 0.0804029 0.0828895 0.0779332 0.0178026 0.0807850 0.0823285 0.0869135 0.0966318 0.0810170 0.0113603 0.0470330 0.0822284 0.0706094 0.0099013 0.0194764 0.0234576 0.0989317 0.0815243 0.1081188 0.0971012 0.0980821 0.0000000 0.0860140 0.0782431 0.0849212 0.0843613 0.0950221 0.0924311 0.0847689 0.0815610 0.0967659 0.0209643 0.0975760 0.0953867 0.0953867 
Hypsiprymnodontidae_Hypsiprymnodon_moschatus 0.0530300 0.0808687 0.0587238 0.0399792 0.0382245 0.0841785 0.0590575 0.0584503 0.0434568 0.0887525 0.0559778 0.0854034 0.1025934 0.0583678 0.0579180 0.0851006 0.0850767 0.0803243 0.0906070 0.0383380 0.0824100 0.0823069 0.0876104 0.0860140 0.0000000 0.0713664 0.0639330 0.0408527 0.0709760 0.0793945 0.0584614 0.0560445 0.0895508 0.0856910 0.0881442 0.3096968 0.3096968 
Microbiotheriidae_Dromiciops_gliroides       0.0657212 0.0756551 0.0664946 0.0669687 0.0647163 0.0799170 0.0667316 0.0701326 0.0726825 0.0849128 0.0655526 0.0790179 0.0965978 0.0688078 0.0642049 0.0781060 0.0805618 0.0750485 0.0839301 0.0667634 0.0897837 0.0827399 0.0872706 0.0782431 0.0713664 0.0000000 0.0720851 0.0714187 0.0773974 0.0883897 0.0691461 0.0674590 0.0837364 0.0818618 0.0840258 0.2807092 0.2807092 
Pseudochiridae_Petauroides_volans            0.0549083 0.0820610 0.0605508 0.0587532 0.0561502 0.0844586 0.0586167 0.0603485 0.0657447 0.0880584 0.0562280 0.0852299 0.0993237 0.0582653 0.0514565 0.0849499 0.0847327 0.0798838 0.0901260 0.0582671 0.0501508 0.0883403 0.0908960 0.0849212 0.0639330 0.0720851 0.0000000 0.0606889 0.0344191 0.0672986 0.0538325 0.0561360 0.0906206 0.0862142 0.0877214 0.2996782 0.2996782 
Macropodidae_Wallabia_bicolor                0.0536205 0.0806838 0.0604039 0.0270797 0.0269263 0.0851093 0.0575863 0.0573912 0.0308758 0.0906047 0.0545209 0.0871516 0.1011485 0.0573216 0.0591453 0.0860598 0.0857825 0.0800727 0.0929973 0.0150199 0.0816526 0.0865637 0.0908195 0.0843613 0.0408527 0.0714187 0.0606889 0.0000000 0.0680738 0.0792565 0.0596258 0.0556017 0.0907148 0.0866561 0.0896691 0.2788793 0.2788793 
Pseudochiridae_Pseudocheirus_occidentalis    0.0612954 0.0898894 0.0648879 0.0676662 0.0638696 0.0950401 0.0623232 0.0640159 0.0731523 0.0961209 0.0615948 0.0967128 0.1069717 0.0625782 0.0552113 0.0964486 0.0951115 0.0888437 0.0978990 0.0656070 0.0313599 0.0933429 0.0958529 0.0950221 0.0709760 0.0773974 0.0344191 0.0680738 0.0000000 0.0725575 0.0561543 0.0603658 0.0991132 0.0970347 0.0962585 0.2872571 0.2872571 
Tarsipedidae_Tarsipes_rostratus              0.0711401 0.0930709 0.0769691 0.0769659 0.0703820 0.0897100 0.0717776 0.0737198 0.0803070 0.0987019 0.0706371 0.0902516 0.1043099 0.0737114 0.0665662 0.0906244 0.0901969 0.0858769 0.1022554 0.0749950 0.0850516 0.0977041 0.1031546 0.0924311 0.0793945 0.0883897 0.0672986 0.0792565 0.0725575 0.0000000 0.0713228 0.0733906 0.1010423 0.0919253 0.0983349 0.4576272 0.4576272 
Acrobatidae_Distoechurus_pennatus            0.0533883 0.0788520 0.0556671 0.0578960 0.0559274 0.0831128 0.0563189 0.0545882 0.0602890 0.0864721 0.0536620 0.0860057 0.1012953 0.0566689 0.0308064 0.0849083 0.0833489 0.0794106 0.0877022 0.0568486 0.0700942 0.0849941 0.0899643 0.0847689 0.0584614 0.0691461 0.0538325 0.0596258 0.0561543 0.0713228 0.0000000 0.0539653 0.0865569 0.0847796 0.0869293 0.3430000 0.3430000 
Phalangeridae_Phalanger_carmelitae           0.0440813 0.0783077 0.0578933 0.0518093 0.0514218 0.0806575 0.0178233 0.0108572 0.0573495 0.0844485 0.0095562 0.0830218 0.0958952 0.0028684 0.0542200 0.0811226 0.0823577 0.0794046 0.0865979 0.0534866 0.0724490 0.0829923 0.0847590 0.0815610 0.0560445 0.0674590 0.0561360 0.0556017 0.0603658 0.0733906 0.0539653 0.0000000 0.0849498 0.0829605 0.0841381 0.2928217 0.2928217 
Peramelidae_Peroryctes_raffrayana            0.0810188 0.0903134 0.0827424 0.0886713 0.0819800 0.0971440 0.0855067 0.0869739 0.0927966 0.0211515 0.0844037 0.0957567 0.1147508 0.0845432 0.0788438 0.0960381 0.0982568 0.0935310 0.0168906 0.0863820 0.1095401 0.0973928 0.1026094 0.0967659 0.0895508 0.0837364 0.0906206 0.0907148 0.0991132 0.1010423 0.0865569 0.0849498 0.0000000 0.0963860 0.0210969 0.3162957 0.3162957 
Dasyuridae_Dasyurus_geffroii                 0.0777274 0.0909998 0.0816109 0.0846364 0.0778737 0.0067942 0.0819624 0.0839344 0.0888663 0.0954210 0.0829015 0.0214363 0.0441230 0.0838423 0.0727673 0.0193930 0.0098628 0.0218433 0.0983048 0.0818613 0.1084932 0.0935770 0.0968345 0.0209643 0.0856910 0.0818618 0.0862142 0.0866561 0.0970347 0.0919253 0.0847796 0.0829605 0.0963860 0.0000000 0.0970040 0.0828247 0.0828247 
Peramelidae_Perameles_gunnii                 0.0796051 0.0888158 0.0806913 0.0888730 0.0828062 0.0973383 0.0846745 0.0864944 0.0928817 0.0012774 0.0831994 0.0955996 0.1136259 0.0855770 0.0799424 0.0960429 0.0992789 0.0940678 0.0196115 0.0870915 0.1082251 0.0956808 0.0985364 0.0975760 0.0881442 0.0840258 0.0877214 0.0896691 0.0962585 0.0983349 0.0869293 0.0841381 0.0210969 0.0970040 0.0000000 0.2931305 0.2931305 
Myrmecobiidae_Myrmecobius_fasciatus1         0.2867181 0.3199885 0.2550663 0.3034479 0.3034479 0.0825187 0.2859392 0.2844587 0.3101558 0.3260504 0.2942607 0.0887633 0.0824030 0.2890450 9.0000000 0.0761977 0.0889404 0.0960518 0.3285188 0.2862325 0.2933329 0.3692794 0.3626324 0.0953867 0.3096968 0.2807092 0.2996782 0.2788793 0.2872571 0.4576272 0.3430000 0.2928217 0.3162957 0.0828247 0.2931305 0.0000000 0.0000010 
Myrmecobiidae_Myrmecobius_fasciatus2         0.2867181 0.3199885 0.2550663 0.3034479 0.3034479 0.0825187 0.2859392 0.2844587 0.3101558 0.3260504 0.2942607 0.0887633 0.0824030 0.2890450 9.0000000 0.0761977 0.0889404 0.0960518 0.3285188 0.2862325 0.2933329 0.3692794 0.3626324 0.0953867 0.3096968 0.2807092 0.2996782 0.2788793 0.2872571 0.4576272 0.3430000 0.2928217 0.3162957 0.0828247 0.2931305 0.0000010 0.0000000 
