37
Burramyidae_Burramys_parvus                  0.0000000 0.0796883 0.0540442 0.0649327 0.0622805 0.0907811 0.0390919 0.0479837 0.0614588 0.0817664 0.0527073 0.0687050 0.0730439 0.0483645 0.0483080 0.0845349 0.0916453 0.0670292 0.0802422 0.0704453 0.0760413 0.0864038 0.0873021 0.0645993 0.0483033 0.0737970 0.0616825 0.0593505 0.0638915 0.0683875 0.0415209 0.0484079 0.0873413 0.0932835 0.0816392 0.2306612 0.2306612 
Notoryctidae_Notoryctes_typhlops             0.0796883 0.0000000 0.0864118 0.1106429 0.1071271 0.1143718 0.0747764 0.0801931 0.1058720 0.1108247 0.0843277 0.0917591 0.0934967 0.0816141 0.0861371 0.1088684 0.1158259 0.0918418 0.1076088 0.1083080 0.1047658 0.1012501 0.0975201 0.0961686 0.0867396 0.0903461 0.1024326 0.0973321 0.0989538 0.1014835 0.0822413 0.0818103 0.1083561 0.1162899 0.1093693 0.1506702 0.1506702 
Vombatidae_Lasiorhinus_latifrons             0.0540442 0.0864118 0.0000000 0.0769106 0.0762207 0.1018671 0.0534436 0.0623414 0.0756199 0.0985390 0.0634417 0.0813532 0.0841436 0.0646208 0.0627175 0.0995133 0.1030794 0.0761479 0.0949301 0.0798626 0.0825053 0.1005415 0.1002176 0.0763288 0.0600404 0.0800993 0.0724764 0.0688000 0.0728630 0.0769867 0.0553985 0.0637306 0.1019396 0.1038992 0.0959668 0.1554541 0.1554541 
Potoroidae_Bettongia_penicillata             0.0649327 0.1106429 0.0769106 0.0000000 0.0074923 0.1183475 0.0656758 0.0789039 0.0181031 0.1070287 0.0779708 0.0969787 0.1011264 0.0758048 0.0716539 0.1137686 0.1222969 0.0887311 0.1022922 0.0500392 0.0997767 0.1128234 0.1160815 0.0919971 0.0411609 0.1010191 0.0868377 0.0357927 0.0912228 0.0918479 0.0672100 0.0738747 0.1104312 0.1211207 0.1022486 0.1970445 0.1970445 
Potoroidae_Bettongia_lesueur                 0.0622805 0.1071271 0.0762207 0.0074923 0.0000000 0.1138812 0.0640167 0.0751605 0.0151226 0.1081295 0.0751756 0.0922018 0.0979420 0.0724966 0.0695813 0.1086747 0.1176280 0.0867455 0.1022378 0.0490400 0.0979600 0.1112237 0.1144815 0.0881676 0.0397532 0.0974428 0.0861233 0.0352502 0.0899871 0.0901195 0.0645976 0.0715467 0.1097785 0.1165981 0.1032381 0.1970445 0.1970445 
Dasyuridae_Dasyurus_maculatus                0.0907811 0.1143718 0.1018671 0.1183475 0.1138812 0.0000000 0.0864962 0.0947504 0.1124780 0.1122560 0.0995000 0.0331178 0.0413969 0.1009587 0.0928499 0.0284375 0.0107287 0.0383780 0.1176243 0.1222563 0.1272796 0.1167449 0.1179010 0.0355714 0.1010517 0.1056027 0.1149705 0.1110387 0.1194074 0.1181070 0.0927153 0.1000092 0.1116408 0.0043403 0.1187841 0.0675479 0.0675479 
Phalangeridae_Trichosurus_vulpecula          0.0390919 0.0747764 0.0534436 0.0656758 0.0640167 0.0864962 0.0000000 0.0247004 0.0617373 0.0878022 0.0261560 0.0681187 0.0687131 0.0237415 0.0478198 0.0848247 0.0896240 0.0611203 0.0831195 0.0698503 0.0779363 0.0860973 0.0871971 0.0631798 0.0509265 0.0741941 0.0645098 0.0606506 0.0677070 0.0692394 0.0419689 0.0233571 0.0916657 0.0887857 0.0856201 0.1808926 0.1808926 
Phalangeridae_Spilocuscus_maculatus          0.0479837 0.0801931 0.0623414 0.0789039 0.0751605 0.0947504 0.0247004 0.0000000 0.0732732 0.1015078 0.0141032 0.0763421 0.0769151 0.0119988 0.0553942 0.0918775 0.0982794 0.0693474 0.1005787 0.0786538 0.0851938 0.0955744 0.0977235 0.0689385 0.0621034 0.0845494 0.0695895 0.0662855 0.0739750 0.0792943 0.0522867 0.0115527 0.1012980 0.0986046 0.1022944 0.2281511 0.2281511 
Potoroidae_Aepyprymnus_rufescens             0.0614588 0.1058720 0.0756199 0.0181031 0.0151226 0.1124780 0.0617373 0.0732732 0.0000000 0.1040606 0.0729115 0.0896150 0.0931113 0.0703786 0.0668038 0.1087781 0.1161696 0.0852666 0.1016084 0.0474780 0.0926792 0.1083767 0.1107741 0.0865590 0.0397772 0.0928544 0.0799365 0.0338660 0.0829755 0.0907547 0.0632679 0.0694095 0.1023386 0.1145978 0.1015079 0.1948844 0.1948844 
Peramelidae_Perameles_nasuta                 0.0817664 0.1108247 0.0985390 0.1070287 0.1081295 0.1122560 0.0878022 0.1015078 0.1040606 0.0000000 0.1014152 0.1016307 0.1032902 0.0985080 0.0940353 0.1130423 0.1181287 0.0882023 0.0127593 0.1162563 0.1159178 0.1187117 0.1240432 0.1000620 0.0941255 0.1022936 0.1021639 0.1012906 0.1116833 0.1110590 0.0912787 0.0999394 0.0169164 0.1184835 0.0012881 0.1503780 0.1503780 
Phalangeridae_Strigocuscus_pelengensis       0.0527073 0.0843277 0.0634417 0.0779708 0.0751756 0.0995000 0.0261560 0.0141032 0.0729115 0.1014152 0.0000000 0.0787753 0.0794190 0.0143920 0.0548260 0.0978897 0.1030421 0.0721039 0.0958615 0.0741411 0.0837259 0.0968320 0.0971884 0.0728100 0.0591940 0.0835603 0.0715439 0.0643233 0.0739692 0.0759923 0.0519661 0.0139789 0.1021283 0.1019836 0.0980531 0.2284498 0.2284498 
Dasyuridae_Phascogale_tapoatafa              0.0687050 0.0917591 0.0813532 0.0969787 0.0922018 0.0331178 0.0681187 0.0763421 0.0896150 0.1016307 0.0787753 0.0000000 0.0218939 0.0796817 0.0712011 0.0255061 0.0343965 0.0198549 0.1010440 0.1003210 0.1050793 0.0945119 0.0931306 0.0044024 0.0809032 0.0845405 0.0917060 0.0897651 0.0983614 0.0961867 0.0692620 0.0787503 0.1006474 0.0349629 0.1014612 0.0669351 0.0669351 
Dasyuridae_Sminthopsis_macroura              0.0730439 0.0934967 0.0841436 0.1011264 0.0979420 0.0413969 0.0687131 0.0769151 0.0931113 0.1032902 0.0794190 0.0218939 0.0000000 0.0790841 0.0762388 0.0374680 0.0427904 0.0179991 0.1003015 0.1026538 0.1093338 0.0926564 0.0896430 0.0222125 0.0853539 0.0894895 0.0954066 0.0933020 0.1006157 0.0991830 0.0746247 0.0791540 0.1035686 0.0437686 0.1019592 0.0684033 0.0684033 
Phalangeridae_Phalanger_orientalis           0.0483645 0.0816141 0.0646208 0.0758048 0.0724966 0.1009587 0.0237415 0.0119988 0.0703786 0.0985080 0.0143920 0.0796817 0.0790841 0.0000000 0.0539094 0.0988763 0.1047163 0.0726404 0.0941139 0.0755666 0.0848618 0.0955624 0.0956380 0.0720228 0.0575637 0.0823100 0.0711693 0.0636077 0.0728878 0.0787350 0.0492519 0.0035445 0.1002281 0.1033889 0.0956443 0.2217283 0.2217283 
Acrobatidae_Acrobates_pygmaeus               0.0483080 0.0861371 0.0627175 0.0716539 0.0695813 0.0928499 0.0478198 0.0553942 0.0668038 0.0940353 0.0548260 0.0712011 0.0762388 0.0539094 0.0000000 0.0898765 0.0954388 0.0695713 0.0891723 0.0770857 0.0722681 0.0929472 0.0938101 0.0715574 0.0524314 0.0768751 0.0664396 0.0667631 0.0670459 0.0651788 0.0281659 0.0539571 0.0935188 0.0941565 0.0918363 0.1530719 0.1530719 
Dasyuridae_Phascogale_calura                 0.0845349 0.1088684 0.0995133 0.1137686 0.1086747 0.0284375 0.0848247 0.0918775 0.1087781 0.1130423 0.0978897 0.0255061 0.0374680 0.0988763 0.0898765 0.0000000 0.0306893 0.0341883 0.1164515 0.1191016 0.1203608 0.1161005 0.1146905 0.0296758 0.0978986 0.0998514 0.1090192 0.1061808 0.1159422 0.1127244 0.0876272 0.0979136 0.1106856 0.0293460 0.1181827 0.0669351 0.0669351 
Dasyuridae_Sarcophilus_harrisii              0.0916453 0.1158259 0.1030794 0.1222969 0.1176280 0.0107287 0.0896240 0.0982794 0.1161696 0.1181287 0.1030421 0.0343965 0.0427904 0.1047163 0.0954388 0.0306893 0.0000000 0.0383132 0.1234084 0.1270490 0.1284276 0.1209068 0.1184687 0.0383973 0.1056550 0.1083080 0.1154557 0.1171767 0.1207206 0.1194665 0.0955113 0.1037318 0.1189143 0.0115652 0.1239728 0.0677586 0.0677586 
Dasyuridae_Planigale_tenuirostris            0.0670292 0.0918418 0.0761479 0.0887311 0.0867455 0.0383780 0.0611203 0.0693474 0.0852666 0.0882023 0.0721039 0.0198549 0.0179991 0.0726404 0.0695713 0.0341883 0.0383132 0.0000000 0.0852754 0.0903963 0.1014352 0.0904877 0.0889495 0.0202287 0.0757549 0.0821129 0.0893086 0.0823397 0.0958571 0.0903472 0.0673977 0.0716384 0.0894271 0.0398587 0.0885383 0.0661832 0.0661832 
Peramelidae_Echymipera_kalubu                0.0802422 0.1076088 0.0949301 0.1022922 0.1022378 0.1176243 0.0831195 0.1005787 0.1016084 0.0127593 0.0958615 0.1010440 0.1003015 0.0941139 0.0891723 0.1164515 0.1234084 0.0852754 0.0000000 0.1073887 0.1189544 0.1139837 0.1201990 0.0986365 0.0861369 0.0982574 0.1006532 0.0954571 0.1102083 0.1055013 0.0882045 0.0947885 0.0153234 0.1226354 0.0135954 0.1835050 0.1835050 
Macropodidae_Dorcopsulus_vanheurni           0.0704453 0.1083080 0.0798626 0.0500392 0.0490400 0.1222563 0.0698503 0.0786538 0.0474780 0.1162563 0.0741411 0.1003210 0.1026538 0.0755666 0.0770857 0.1191016 0.1270490 0.0903963 0.1073887 0.0000000 0.1018204 0.1218393 0.1259814 0.0993856 0.0492847 0.1026383 0.0908935 0.0272877 0.0942814 0.0975403 0.0712086 0.0746041 0.1178209 0.1250765 0.1096390 0.1738608 0.1738608 
Pseudochiridae_Pseudochirulus_forbesi        0.0760413 0.1047658 0.0825053 0.0997767 0.0979600 0.1272796 0.0779363 0.0851938 0.0926792 0.1159178 0.0837259 0.1050793 0.1093338 0.0848618 0.0722681 0.1203608 0.1284276 0.1014352 0.1189544 0.1018204 0.0000000 0.1199799 0.1206628 0.1065356 0.0823285 0.0990950 0.0534163 0.0912185 0.0177091 0.0861846 0.0660329 0.0849361 0.1156053 0.1283730 0.1183894 0.1599268 0.1599268 
Didelphidae_Didelphis_virginiana             0.0864038 0.1012501 0.1005415 0.1128234 0.1112237 0.1167449 0.0860973 0.0955744 0.1083767 0.1187117 0.0968320 0.0945119 0.0926564 0.0955624 0.0929472 0.1161005 0.1209068 0.0904877 0.1139837 0.1218393 0.1199799 0.0000000 0.0281296 0.0933232 0.0927662 0.1008395 0.1063143 0.1041223 0.1099307 0.1074964 0.0874053 0.0945970 0.1179999 0.1207232 0.1138010 0.2551205 0.2551205 
Marmosidae_Monodelphis_domestica             0.0873021 0.0975201 0.1002176 0.1160815 0.1144815 0.1179010 0.0871971 0.0977235 0.1107741 0.1240432 0.0971884 0.0931306 0.0896430 0.0956380 0.0938101 0.1146905 0.1184687 0.0889495 0.1201990 0.1259814 0.1206628 0.0281296 0.0000000 0.0946477 0.0947928 0.1005750 0.1122310 0.1090984 0.1135326 0.1139182 0.0904880 0.0958761 0.1250152 0.1205312 0.1181350 0.1881803 0.1881803 
Dasyuridae_Antechinus_stuartii               0.0645993 0.0961686 0.0763288 0.0919971 0.0881676 0.0355714 0.0631798 0.0689385 0.0865590 0.1000620 0.0728100 0.0044024 0.0222125 0.0720228 0.0715574 0.0296758 0.0383973 0.0202287 0.0986365 0.0993856 0.1065356 0.0933232 0.0946477 0.0000000 0.0794827 0.0828809 0.0932442 0.0885052 0.0955240 0.0928686 0.0666688 0.0715489 0.1027079 0.0381301 0.0991065 9.0000000 9.0000000 
Hypsiprymnodontidae_Hypsiprymnodon_moschatus 0.0483033 0.0867396 0.0600404 0.0411609 0.0397532 0.1010517 0.0509265 0.0621034 0.0397772 0.0941255 0.0591940 0.0809032 0.0853539 0.0575637 0.0524314 0.0978986 0.1056550 0.0757549 0.0861369 0.0492847 0.0823285 0.0927662 0.0947928 0.0794827 0.0000000 0.0799353 0.0689195 0.0396213 0.0733834 0.0742704 0.0492123 0.0562189 0.0907666 0.1034677 0.0893760 0.1708372 0.1708372 
Microbiotheriidae_Dromiciops_gliroides       0.0737970 0.0903461 0.0800993 0.1010191 0.0974428 0.1056027 0.0741941 0.0845494 0.0928544 0.1022936 0.0835603 0.0845405 0.0894895 0.0823100 0.0768751 0.0998514 0.1083080 0.0821129 0.0982574 0.1026383 0.0990950 0.1008395 0.1005750 0.0828809 0.0799353 0.0000000 0.0903112 0.0932753 0.0884039 0.0880312 0.0721019 0.0813578 0.1004409 0.1076087 0.1015923 0.2049417 0.2049417 
Pseudochiridae_Petauroides_volans            0.0616825 0.1024326 0.0724764 0.0868377 0.0861233 0.1149705 0.0645098 0.0695895 0.0799365 0.1021639 0.0715439 0.0917060 0.0954066 0.0711693 0.0664396 0.1090192 0.1154557 0.0893086 0.1006532 0.0908935 0.0534163 0.1063143 0.1122310 0.0932442 0.0689195 0.0903112 0.0000000 0.0801429 0.0465559 0.0753526 0.0581690 0.0722167 0.0987337 0.1165256 0.1047552 0.2074159 0.2074159 
Macropodidae_Wallabia_bicolor                0.0593505 0.0973321 0.0688000 0.0357927 0.0352502 0.1110387 0.0606506 0.0662855 0.0338660 0.1012906 0.0643233 0.0897651 0.0933020 0.0636077 0.0667631 0.1061808 0.1171767 0.0823397 0.0954571 0.0272877 0.0912185 0.1041223 0.1090984 0.0885052 0.0396213 0.0932753 0.0801429 0.0000000 0.0828510 0.0839550 0.0617559 0.0626690 0.1008214 0.1137507 0.0971123 0.1660311 0.1660311 
Pseudochiridae_Pseudocheirus_occidentalis    0.0638915 0.0989538 0.0728630 0.0912228 0.0899871 0.1194074 0.0677070 0.0739750 0.0829755 0.1116833 0.0739692 0.0983614 0.1006157 0.0728878 0.0670459 0.1159422 0.1207206 0.0958571 0.1102083 0.0942814 0.0177091 0.1099307 0.1135326 0.0955240 0.0733834 0.0884039 0.0465559 0.0828510 0.0000000 0.0831723 0.0593724 0.0723173 0.1091830 0.1219297 0.1095336 0.1851423 0.1851423 
Tarsipedidae_Tarsipes_rostratus              0.0683875 0.1014835 0.0769867 0.0918479 0.0901195 0.1181070 0.0692394 0.0792943 0.0907547 0.1110590 0.0759923 0.0961867 0.0991830 0.0787350 0.0651788 0.1127244 0.1194665 0.0903472 0.1055013 0.0975403 0.0861846 0.1074964 0.1139182 0.0928686 0.0742704 0.0880312 0.0753526 0.0839550 0.0831723 0.0000000 0.0590016 0.0777915 0.1138217 0.1197080 0.1090970 0.2036645 0.2036645 
Acrobatidae_Distoechurus_pennatus            0.0415209 0.0822413 0.0553985 0.0672100 0.0645976 0.0927153 0.0419689 0.0522867 0.0632679 0.0912787 0.0519661 0.0692620 0.0746247 0.0492519 0.0281659 0.0876272 0.0955113 0.0673977 0.0882045 0.0712086 0.0660329 0.0874053 0.0904880 0.0666688 0.0492123 0.0721019 0.0581690 0.0617559 0.0593724 0.0590016 0.0000000 0.0497297 0.0959570 0.0934401 0.0891533 0.1828428 0.1828428 
Phalangeridae_Phalanger_carmelitae           0.0484079 0.0818103 0.0637306 0.0738747 0.0715467 0.1000092 0.0233571 0.0115527 0.0694095 0.0999394 0.0139789 0.0787503 0.0791540 0.0035445 0.0539571 0.0979136 0.1037318 0.0716384 0.0947885 0.0746041 0.0849361 0.0945970 0.0958761 0.0715489 0.0562189 0.0813578 0.0722167 0.0626690 0.0723173 0.0777915 0.0497297 0.0000000 0.1010354 0.1024346 0.0969188 0.2293025 0.2293025 
Peramelidae_Peroryctes_raffrayana            0.0873413 0.1083561 0.1019396 0.1104312 0.1097785 0.1116408 0.0916657 0.1012980 0.1023386 0.0169164 0.1021283 0.1006474 0.1035686 0.1002281 0.0935188 0.1106856 0.1189143 0.0894271 0.0153234 0.1178209 0.1156053 0.1179999 0.1250152 0.1027079 0.0907666 0.1004409 0.0987337 0.1008214 0.1091830 0.1138217 0.0959570 0.1010354 0.0000000 0.1161118 0.0172883 0.1697985 0.1697985 
Dasyuridae_Dasyurus_geffroii                 0.0932835 0.1162899 0.1038992 0.1211207 0.1165981 0.0043403 0.0887857 0.0986046 0.1145978 0.1184835 0.1019836 0.0349629 0.0437686 0.1033889 0.0941565 0.0293460 0.0115652 0.0398587 0.1226354 0.1250765 0.1283730 0.1207232 0.1205312 0.0381301 0.1034677 0.1076087 0.1165256 0.1137507 0.1219297 0.1197080 0.0934401 0.1024346 0.1161118 0.0000000 0.1244427 0.0670316 0.0670316 
Peramelidae_Perameles_gunnii                 0.0816392 0.1093693 0.0959668 0.1022486 0.1032381 0.1187841 0.0856201 0.1022944 0.1015079 0.0012881 0.0980531 0.1014612 0.1019592 0.0956443 0.0918363 0.1181827 0.1239728 0.0885383 0.0135954 0.1096390 0.1183894 0.1138010 0.1181350 0.0991065 0.0893760 0.1015923 0.1047552 0.0971123 0.1095336 0.1090970 0.0891533 0.0969188 0.0172883 0.1244427 0.0000000 0.1744208 0.1744208 
Myrmecobiidae_Myrmecobius_fasciatus1         0.2306612 0.1506702 0.1554541 0.1970445 0.1970445 0.0675479 0.1808926 0.2281511 0.1948844 0.1503780 0.2284498 0.0669351 0.0684033 0.2217283 0.1530719 0.0669351 0.0677586 0.0661832 0.1835050 0.1738608 0.1599268 0.2551205 0.1881803 9.0000000 0.1708372 0.2049417 0.2074159 0.1660311 0.1851423 0.2036645 0.1828428 0.2293025 0.1697985 0.0670316 0.1744208 0.0000000 0.0000010 
Myrmecobiidae_Myrmecobius_fasciatus2         0.2306612 0.1506702 0.1554541 0.1970445 0.1970445 0.0675479 0.1808926 0.2281511 0.1948844 0.1503780 0.2284498 0.0669351 0.0684033 0.2217283 0.1530719 0.0669351 0.0677586 0.0661832 0.1835050 0.1738608 0.1599268 0.2551205 0.1881803 9.0000000 0.1708372 0.2049417 0.2074159 0.1660311 0.1851423 0.2036645 0.1828428 0.2293025 0.1697985 0.0670316 0.1744208 0.0000010 0.0000000 
