35
Burramyidae_Burramys_parvus                  0.0000000 0.0973226 0.0898604 0.0860043 0.0830600 0.1133949 0.0725540 0.0586251 0.0962418 0.1341010 0.0660959 0.1001830 0.1202408 0.0644179 0.0673479 0.1026692 0.1124265 0.0951930 0.1370556 0.0817741 0.1011273 0.1675877 0.2179401 0.1119221 0.0811777 0.0662364 0.0713701 0.0824021 0.0872342 0.1427501 0.0847479 0.0652362 0.1292116 0.1092422 0.1342489 
Notoryctidae_Notoryctes_typhlops             0.0973226 0.0000000 0.1277565 0.1517677 0.1470984 0.1377308 0.1355540 0.1132752 0.1533124 0.1641307 0.1153991 0.1330889 0.1421548 0.1151801 0.1241304 0.1334939 0.1398561 0.1323720 0.1650041 0.1392110 0.1551502 0.2114451 0.2573535 0.1334265 0.1366977 0.0935841 0.1335228 0.1409271 0.1437158 0.2171019 0.1413338 0.1183912 0.1611044 0.1368614 0.1654935 
Vombatidae_Lasiorhinus_latifrons             0.0898604 0.1277565 0.0000000 0.1159501 0.1146105 0.1120102 0.1051902 0.0980376 0.1189726 0.1491876 0.1000583 0.1086508 0.1293412 0.1014093 0.0846296 0.1142030 0.1121669 0.1094832 0.1469623 0.1082282 0.1297601 0.1718153 0.2192016 0.1139382 0.1087188 0.0768466 0.1055207 0.1073590 0.1102079 0.1708851 0.1033219 0.1057692 0.1419837 0.1087345 0.1493390 
Potoroidae_Bettongia_penicillata             0.0860043 0.1517677 0.1159501 0.0000000 0.0045719 0.1446904 0.0931412 0.0951067 0.0119195 0.1668704 0.1007828 0.1361857 0.1551929 0.0989332 0.0829517 0.1443202 0.1478692 0.1253268 0.1681655 0.0261747 0.1304338 0.1978587 0.2509847 0.1459163 0.0527394 0.0906481 0.0957910 0.0258808 0.1103402 0.1665853 0.1014443 0.1030696 0.1591942 0.1444974 0.1681747 
Potoroidae_Bettongia_lesueur                 0.0830600 0.1470984 0.1146105 0.0045719 0.0000000 0.1393381 0.0931349 0.0941570 0.0110045 0.1618294 0.1024351 0.1286898 0.1496097 0.0990679 0.0852432 0.1366885 0.1424464 0.1225600 0.1630810 0.0236965 0.1311117 0.1917704 0.2486470 0.1406400 0.0522597 0.0922634 0.0969818 0.0228900 0.1124998 0.1717772 0.1024078 0.1009569 0.1554635 0.1416356 0.1631187 
Dasyuridae_Dasyurus_maculatus                0.1133949 0.1377308 0.1120102 0.1446904 0.1393381 0.0000000 0.1283531 0.1246600 0.1467092 0.1497172 0.1211938 0.0182000 0.0343556 0.1276115 0.1242612 0.0195091 0.0089120 0.0276519 0.1510314 0.1376804 0.1513213 0.1781524 0.2318570 0.0227285 0.1352763 0.0843072 0.1340470 0.1354828 0.1432319 0.1970813 0.1362210 0.1294737 0.1449440 0.0032683 0.1498668 
Phalangeridae_Trichosurus_vulpecula          0.0725540 0.1355540 0.1051902 0.0931412 0.0931349 0.1283531 0.0000000 0.0262298 0.1059367 0.1487841 0.0293398 0.1246835 0.1452060 0.0253630 0.0736267 0.1271216 0.1305874 0.1187600 0.1575131 0.0972399 0.1213736 0.1820869 0.2232574 0.1275645 0.0993478 0.1037829 0.0924940 0.0945678 0.1033194 0.1496107 0.0929835 0.0277052 0.1483971 0.1205477 0.1489342 
Phalangeridae_Spilocuscus_maculatus          0.0586251 0.1132752 0.0980376 0.0951067 0.0941570 0.1246600 0.0262298 0.0000000 0.0979811 0.1438211 0.0100647 0.1165247 0.1356714 0.0053292 0.0659470 0.1184195 0.1253027 0.1097603 0.1535754 0.0925802 0.1040956 0.1785401 0.2179731 0.1239543 0.0912393 0.0963389 0.0740620 0.0942191 0.0907688 0.1453190 0.0870093 0.0060487 0.1513453 0.1184388 0.1439756 
Potoroidae_Aepyprymnus_rufescens             0.0962418 0.1533124 0.1189726 0.0119195 0.0110045 0.1467092 0.1059367 0.0979811 0.0000000 0.1707105 0.1112638 0.1283004 0.1465110 0.1052019 0.0885493 0.1363454 0.1462106 0.1231128 0.1718791 0.0312232 0.1371245 0.2015858 0.2533353 0.1392226 0.0564978 0.1018145 0.1012078 0.0301450 0.1146632 0.1754455 0.1171559 0.1093925 0.1611355 0.1432496 0.1720252 
Peramelidae_Perameles_nasuta                 0.1341010 0.1641307 0.1491876 0.1668704 0.1618294 0.1497172 0.1487841 0.1438211 0.1707105 0.0000000 0.1435923 0.1426860 0.1581251 0.1490261 0.1440422 0.1433584 0.1500066 0.1266815 0.0163773 0.1567170 0.1848277 0.1964678 0.2461619 0.1478750 0.1618685 0.1250495 0.1533273 0.1574283 0.1738238 0.2081069 0.1624527 0.1509123 0.0171862 0.1457688 0.0012383 
Phalangeridae_Strigocuscus_pelengensis       0.0660959 0.1153991 0.1000583 0.1007828 0.1024351 0.1211938 0.0293398 0.0100647 0.1112638 0.1435923 0.0000000 0.1182777 0.1362829 0.0104553 0.0725917 0.1199182 0.1240205 0.1109600 0.1506932 0.0997387 0.1112955 0.1775043 0.2244591 0.1324215 0.0921761 0.0977029 0.0810385 0.0971822 0.0966052 0.1577352 0.0924997 0.0108882 0.1499026 0.1241162 0.1448393 
Dasyuridae_Phascogale_tapoatafa              0.1001830 0.1330889 0.1086508 0.1361857 0.1286898 0.0182000 0.1246835 0.1165247 0.1283004 0.1426860 0.1182777 0.0000000 0.0272068 0.1207972 0.1143207 0.0034966 0.0212387 0.0219119 0.1400155 0.1279016 0.1524988 0.1749263 0.2242437 0.0108708 0.1265352 0.0808613 0.1267720 0.1249690 0.1396643 0.1935730 0.1327027 0.1226942 0.1349050 0.0168972 0.1428358 
Dasyuridae_Sminthopsis_macroura              0.1202408 0.1421548 0.1293412 0.1551929 0.1496097 0.0343556 0.1452060 0.1356714 0.1465110 0.1581251 0.1362829 0.0272068 0.0000000 0.1408952 0.1324356 0.0311173 0.0384072 0.0206488 0.1544796 0.1424656 0.1583822 0.1931666 0.2377694 0.0374419 0.1428661 0.0948767 0.1374910 0.1436421 0.1512469 0.1903340 0.1509521 0.1427912 0.1506100 0.0347688 0.1577804 
Phalangeridae_Phalanger_orientalis           0.0644179 0.1151801 0.1014093 0.0989332 0.0990679 0.1276115 0.0253630 0.0053292 0.1052019 0.1490261 0.0104553 0.1207972 0.1408952 0.0000000 0.0720873 0.1226307 0.1269722 0.1159169 0.1587201 0.0986684 0.1083416 0.1717183 0.2177849 0.1222479 0.1007561 0.0950968 0.0788321 0.0970951 0.0964609 0.1520055 0.0896806 0.0022181 0.1466201 0.1192077 0.1491784 
Acrobatidae_Acrobates_pygmaeus               0.0673479 0.1241304 0.0846296 0.0829517 0.0852432 0.1242612 0.0736267 0.0659470 0.0885493 0.1440422 0.0725917 0.1143207 0.1324356 0.0720873 0.0000000 0.1157546 0.1234326 0.1107821 0.1464712 0.0770679 0.0902372 0.1676078 0.1977917 0.1149579 0.0716430 0.0749651 0.0634692 0.0723696 0.0733157 0.1276560 0.0259288 0.0761097 0.1330334 0.1133447 0.1453657 
Dasyuridae_Phascogale_calura                 0.1026692 0.1334939 0.1142030 0.1443202 0.1366885 0.0195091 0.1271216 0.1184195 0.1363454 0.1433584 0.1199182 0.0034966 0.0311173 0.1226307 0.1157546 0.0000000 0.0226019 0.0234867 0.1423275 0.1336987 0.1527805 0.1772259 0.2261858 0.0120488 0.1323482 0.0809119 0.1288198 0.1307140 0.1438821 0.1959497 0.1341555 0.1245248 0.1372685 0.0192636 0.1435088 
Dasyuridae_Sarcophilus_harrisii              0.1124265 0.1398561 0.1121669 0.1478692 0.1424464 0.0089120 0.1305874 0.1253027 0.1462106 0.1500066 0.1240205 0.0212387 0.0384072 0.1269722 0.1234326 0.0226019 0.0000000 0.0294112 0.1501316 0.1379041 0.1478426 0.1869277 0.2405887 0.0256123 0.1367444 0.0885145 0.1293098 0.1338104 0.1397392 0.2008176 0.1367451 0.1300506 0.1440099 0.0079985 0.1501567 
Dasyuridae_Planigale_tenuirostris            0.0951930 0.1323720 0.1094832 0.1253268 0.1225600 0.0276519 0.1187600 0.1097603 0.1231128 0.1266815 0.1109600 0.0219119 0.0206488 0.1159169 0.1107821 0.0234867 0.0294112 0.0000000 0.1260460 0.1102614 0.1400689 0.1707932 0.2174455 0.0308594 0.1225877 0.1037647 0.1172391 0.1135616 0.1295293 0.1694731 0.1335838 0.1180926 0.1242337 0.0291646 0.1279550 
Peramelidae_Echymipera_kalubu                0.1370556 0.1650041 0.1469623 0.1681655 0.1630810 0.1510314 0.1575131 0.1535754 0.1718791 0.0163773 0.1506932 0.1400155 0.1544796 0.1587201 0.1464712 0.1423275 0.1501316 0.1260460 0.0000000 0.1591730 0.1862169 0.1968831 0.2452101 0.1453373 0.1595010 0.1176378 0.1539454 0.1595400 0.1753139 0.2053499 0.1641527 0.1606192 0.0146958 0.1456393 0.0163871 
Macropodidae_Dorcopsulus_vanheurni           0.0817741 0.1392110 0.1082282 0.0261747 0.0236965 0.1376804 0.0972399 0.0925802 0.0312232 0.1567170 0.0997387 0.1279016 0.1424656 0.0986684 0.0770679 0.1336987 0.1379041 0.1102614 0.1591730 0.0000000 0.1311406 0.1867923 0.2319530 0.1413030 0.0458048 0.0897223 0.0938124 0.0081747 0.1129114 0.1795611 0.0988448 0.0994848 0.1523273 0.1396158 0.1572905 
Pseudochiridae_Pseudochirulus_forbesi        0.1011273 0.1551502 0.1297601 0.1304338 0.1311117 0.1513213 0.1213736 0.1040956 0.1371245 0.1848277 0.1112955 0.1524988 0.1583822 0.1083416 0.0902372 0.1527805 0.1478426 0.1400689 0.1862169 0.1311406 0.0000000 0.2028214 0.2325010 0.1637593 0.1237566 0.1238723 0.0435838 0.1237403 0.0206205 0.1479026 0.1009270 0.1113456 0.1809196 0.1480604 0.1842193 
Didelphidae_Didelphis_virginiana             0.1675877 0.2114451 0.1718153 0.1978587 0.1917704 0.1781524 0.1820869 0.1785401 0.2015858 0.1964678 0.1775043 0.1749263 0.1931666 0.1717183 0.1676078 0.1772259 0.1869277 0.1707932 0.1968831 0.1867923 0.2028214 0.0000000 0.0581345 0.1754742 0.1779041 0.1519397 0.1881500 0.1862143 0.1926639 0.2189094 0.1966311 0.1757256 0.2095893 0.1767911 0.1947337 
Marmosidae_Monodelphis_domestica             0.2179401 0.2573535 0.2192016 0.2509847 0.2486470 0.2318570 0.2232574 0.2179731 0.2533353 0.2461619 0.2244591 0.2242437 0.2377694 0.2177849 0.1977917 0.2261858 0.2405887 0.2174455 0.2452101 0.2319530 0.2325010 0.0581345 0.0000000 0.2367856 0.2160310 0.2151266 0.2208991 0.2288631 0.2171018 0.2232337 0.2315430 0.2204363 0.2596338 0.2396828 0.2427385 
Dasyuridae_Antechinus_stuartii               0.1119221 0.1334265 0.1139382 0.1459163 0.1406400 0.0227285 0.1275645 0.1239543 0.1392226 0.1478750 0.1324215 0.0108708 0.0374419 0.1222479 0.1149579 0.0120488 0.0256123 0.0308594 0.1453373 0.1413030 0.1637593 0.1754742 0.2367856 0.0000000 0.1295702 0.0943623 0.1347142 0.1390311 0.1515135 0.2111176 0.1283754 0.1219099 0.1495445 0.0225955 0.1477892 
Hypsiprymnodontidae_Hypsiprymnodon_moschatus 0.0811777 0.1366977 0.1087188 0.0527394 0.0522597 0.1352763 0.0993478 0.0912393 0.0564978 0.1618685 0.0921761 0.1265352 0.1428661 0.1007561 0.0716430 0.1323482 0.1367444 0.1225877 0.1595010 0.0458048 0.1237566 0.1779041 0.2160310 0.1295702 0.0000000 0.0825400 0.0892284 0.0418458 0.0999971 0.1525338 0.1006573 0.1038121 0.1510251 0.1283495 0.1631639 
Microbiotheriidae_Dromiciops_gliroides       0.0662364 0.0935841 0.0768466 0.0906481 0.0922634 0.0843072 0.1037829 0.0963389 0.1018145 0.1250495 0.0977029 0.0808613 0.0948767 0.0950968 0.0749651 0.0809119 0.0885145 0.1037647 0.1176378 0.0897223 0.1238723 0.1519397 0.2151266 0.0943623 0.0825400 0.0000000 0.0851960 0.0857989 0.1049472 0.1623608 0.0794172 0.0993116 0.1231156 0.0883760 0.1255360 
Pseudochiridae_Petauroides_volans            0.0713701 0.1335228 0.1055207 0.0957910 0.0969818 0.1340470 0.0924940 0.0740620 0.1012078 0.1533273 0.0810385 0.1267720 0.1374910 0.0788321 0.0634692 0.1288198 0.1293098 0.1172391 0.1539454 0.0938124 0.0435838 0.1881500 0.2208991 0.1347142 0.0892284 0.0851960 0.0000000 0.0895515 0.0364801 0.1159045 0.0790927 0.0797813 0.1473838 0.1261180 0.1524367 
Macropodidae_Wallabia_bicolor                0.0824021 0.1409271 0.1073590 0.0258808 0.0228900 0.1354828 0.0945678 0.0942191 0.0301450 0.1574283 0.0971822 0.1249690 0.1436421 0.0970951 0.0723696 0.1307140 0.1338104 0.1135616 0.1595400 0.0081747 0.1237403 0.1862143 0.2288631 0.1390311 0.0418458 0.0857989 0.0895515 0.0000000 0.1071721 0.1740848 0.0960023 0.0979048 0.1520232 0.1349167 0.1587088 
Pseudochiridae_Pseudocheirus_occidentalis    0.0872342 0.1437158 0.1102079 0.1103402 0.1124998 0.1432319 0.1033194 0.0907688 0.1146632 0.1738238 0.0966052 0.1396643 0.1512469 0.0964609 0.0733157 0.1438821 0.1397392 0.1295293 0.1753139 0.1129114 0.0206205 0.1926639 0.2171018 0.1515135 0.0999971 0.1049472 0.0364801 0.1071721 0.0000000 0.1329568 0.0886290 0.1016417 0.1634319 0.1407534 0.1752067 
Tarsipedidae_Tarsipes_rostratus              0.1427501 0.2171019 0.1708851 0.1665853 0.1717772 0.1970813 0.1496107 0.1453190 0.1754455 0.2081069 0.1577352 0.1935730 0.1903340 0.1520055 0.1276560 0.1959497 0.2008176 0.1694731 0.2053499 0.1795611 0.1479026 0.2189094 0.2232337 0.2111176 0.1525338 0.1623608 0.1159045 0.1740848 0.1329568 0.0000000 0.1428493 0.1556124 0.2132529 0.1971945 0.2069763 
Acrobatidae_Distoechurus_pennatus            0.0847479 0.1413338 0.1033219 0.1014443 0.1024078 0.1362210 0.0929835 0.0870093 0.1171559 0.1624527 0.0924997 0.1327027 0.1509521 0.0896806 0.0259288 0.1341555 0.1367451 0.1335838 0.1641527 0.0988448 0.1009270 0.1966311 0.2315430 0.1283754 0.1006573 0.0794172 0.0790927 0.0960023 0.0886290 0.1428493 0.0000000 0.0883862 0.1540391 0.1288807 0.1637917 
Phalangeridae_Phalanger_carmelitae           0.0652362 0.1183912 0.1057692 0.1030696 0.1009569 0.1294737 0.0277052 0.0060487 0.1093925 0.1509123 0.0108882 0.1226942 0.1427912 0.0022181 0.0761097 0.1245248 0.1300506 0.1180926 0.1606192 0.0994848 0.1113456 0.1757256 0.2204363 0.1219099 0.1038121 0.0993116 0.0797813 0.0979048 0.1016417 0.1556124 0.0883862 0.0000000 0.1470282 0.1188800 0.1510641 
Peramelidae_Peroryctes_raffrayana            0.1292116 0.1611044 0.1419837 0.1591942 0.1554635 0.1449440 0.1483971 0.1513453 0.1611355 0.0171862 0.1499026 0.1349050 0.1506100 0.1466201 0.1330334 0.1372685 0.1440099 0.1242337 0.0146958 0.1523273 0.1809196 0.2095893 0.2596338 0.1495445 0.1510251 0.1231156 0.1473838 0.1520232 0.1634319 0.2132529 0.1540391 0.1470282 0.0000000 0.1439889 0.0176291 
Dasyuridae_Dasyurus_geffroii                 0.1092422 0.1368614 0.1087345 0.1444974 0.1416356 0.0032683 0.1205477 0.1184388 0.1432496 0.1457688 0.1241162 0.0168972 0.0347688 0.1192077 0.1133447 0.0192636 0.0079985 0.0291646 0.1456393 0.1396158 0.1480604 0.1767911 0.2396828 0.0225955 0.1283495 0.0883760 0.1261180 0.1349167 0.1407534 0.1971945 0.1288807 0.1188800 0.1439889 0.0000000 0.1459266 
Peramelidae_Perameles_gunnii                 0.1342489 0.1654935 0.1493390 0.1681747 0.1631187 0.1498668 0.1489342 0.1439756 0.1720252 0.0012383 0.1448393 0.1428358 0.1577804 0.1491784 0.1453657 0.1435088 0.1501567 0.1279550 0.0163871 0.1572905 0.1842193 0.1947337 0.2427385 0.1477892 0.1631639 0.1255360 0.1524367 0.1587088 0.1752067 0.2069763 0.1637917 0.1510641 0.0176291 0.1459266 0.0000000 
