35
Burramyidae_Burramys_parvus                  0.0000000 0.0948256 0.0702834 0.0745941 0.0758880 0.0976339 0.0647764 0.0522395 0.0750553 0.1089582 0.0585049 0.0960630 0.0993861 0.0544369 0.0626455 0.0968284 0.0993014 0.0889544 0.1098349 0.0819530 0.0680535 0.1315745 0.1134488 0.0944489 0.0730470 0.0921056 0.0907145 0.0778133 0.0663014 0.0818677 0.0603017 0.0543049 0.1024064 0.1026605 0.1033391 
Notoryctidae_Notoryctes_typhlops             0.0948256 0.0000000 0.0836830 0.0946519 0.0938864 0.0988481 0.0945269 0.0799615 0.0963989 0.0981704 0.0865365 0.0940058 0.0983564 0.0796400 0.0908214 0.0953133 0.0998544 0.0895311 0.1008462 0.0995735 0.0934862 0.1214354 0.1139693 0.0931678 0.0939357 0.0970759 0.1136057 0.0939661 0.0983738 0.1054158 0.0893796 0.0808430 0.0941496 0.0999482 0.0950022 
Vombatidae_Lasiorhinus_latifrons             0.0702834 0.0836830 0.0000000 0.0741371 0.0729324 0.0854137 0.0717044 0.0541914 0.0734558 0.1005636 0.0585277 0.0862715 0.0827068 0.0574438 0.0686665 0.0847369 0.0886037 0.0764611 0.1019713 0.0784744 0.0726955 0.1192864 0.1048612 0.0851278 0.0752351 0.0916236 0.0884084 0.0722270 0.0761630 0.0855252 0.0659462 0.0572906 0.0940571 0.0873272 0.0964174 
Potoroidae_Bettongia_penicillata             0.0745941 0.0946519 0.0741371 0.0000000 0.0082139 0.1015527 0.0730777 0.0620045 0.0143762 0.1026417 0.0669278 0.1025146 0.1038259 0.0587839 0.0707920 0.1050378 0.1044531 0.0979111 0.1056994 0.0340152 0.0714695 0.1241665 0.1129691 0.1021482 0.0480200 0.0986763 0.0897242 0.0280020 0.0741417 0.0863738 0.0657793 0.0592040 0.0975970 0.1041506 0.0990235 
Potoroidae_Bettongia_lesueur                 0.0758880 0.0938864 0.0729324 0.0082139 0.0000000 0.1003889 0.0714064 0.0607982 0.0124295 0.1041841 0.0654849 0.1031290 0.1031578 0.0577328 0.0715658 0.1044246 0.1037629 0.0987776 0.1056739 0.0312740 0.0709358 0.1227947 0.1128844 0.1015345 0.0466340 0.0984939 0.0872298 0.0264185 0.0748646 0.0866836 0.0705734 0.0576058 0.1015547 0.1029275 0.0999135 
Dasyuridae_Dasyurus_maculatus                0.0976339 0.0988481 0.0854137 0.1015527 0.1003889 0.0000000 0.0969978 0.0796931 0.1028485 0.1046827 0.0884112 0.0191787 0.0249195 0.0840882 0.0970900 0.0187443 0.0070744 0.0263491 0.1050196 0.1036810 0.0991908 0.1259480 0.1134063 0.0175373 0.1026682 0.1011463 0.1181986 0.0981044 0.1001080 0.1141597 0.0888534 0.0849243 0.0949839 0.0063297 0.1012385 
Phalangeridae_Trichosurus_vulpecula          0.0647764 0.0945269 0.0717044 0.0730777 0.0714064 0.0969978 0.0000000 0.0282806 0.0711147 0.1050895 0.0328933 0.0973552 0.0967190 0.0317021 0.0616531 0.0974744 0.1022293 0.0946820 0.1068185 0.0766089 0.0665507 0.1268670 0.1163030 0.0954006 0.0685841 0.0972277 0.0856185 0.0682054 0.0654100 0.0787579 0.0651541 0.0311602 0.1028310 0.1000510 0.0995416 
Phalangeridae_Spilocuscus_maculatus          0.0522395 0.0799615 0.0541914 0.0620045 0.0607982 0.0796931 0.0282806 0.0000000 0.0616092 0.0916454 0.0106331 0.0802352 0.0805144 0.0096229 0.0484155 0.0803317 0.0846883 0.0758631 0.0939686 0.0672753 0.0553320 0.1100622 0.0994002 0.0781011 0.0595994 0.0848991 0.0752143 0.0587196 0.0586418 0.0651406 0.0506351 0.0095996 0.0868358 0.0839721 0.0868427 
Potoroidae_Aepyprymnus_rufescens             0.0750553 0.0963989 0.0734558 0.0143762 0.0124295 0.1028485 0.0711147 0.0616092 0.0000000 0.1074291 0.0650831 0.1049011 0.1056323 0.0591155 0.0717862 0.1061986 0.1070321 0.0995847 0.1085644 0.0321188 0.0711813 0.1276135 0.1168656 0.1048028 0.0448899 0.1000949 0.0872647 0.0253272 0.0745286 0.0856635 0.0689188 0.0589857 0.1035751 0.1054715 0.1022194 
Peramelidae_Perameles_nasuta                 0.1089582 0.0981704 0.1005636 0.1026417 0.1041841 0.1046827 0.1050895 0.0916454 0.1074291 0.0000000 0.0981983 0.1041956 0.1015869 0.0941460 0.1018941 0.1061091 0.1038453 0.0925942 0.0246131 0.1151762 0.1058123 0.1326004 0.1205604 0.1036009 0.1010272 0.1073052 0.1248585 0.1077629 0.1069234 0.1155803 0.0980467 0.0930975 0.0218065 0.1050222 0.0040944 
Phalangeridae_Strigocuscus_pelengensis       0.0585049 0.0865365 0.0585277 0.0669278 0.0654849 0.0884112 0.0328933 0.0106331 0.0650831 0.0981983 0.0000000 0.0892798 0.0890853 0.0124548 0.0543519 0.0893889 0.0934605 0.0840217 0.0973145 0.0712292 0.0608567 0.1153860 0.1033979 0.0871486 0.0650012 0.0902352 0.0806234 0.0629253 0.0644402 0.0706361 0.0566466 0.0124357 0.0928504 0.0935059 0.0930132 
Dasyuridae_Phascogale_tapoatafa              0.0960630 0.0940058 0.0862715 0.1025146 0.1031290 0.0191787 0.0973552 0.0802352 0.1049011 0.1041956 0.0892798 0.0000000 0.0276932 0.0820001 0.0976927 0.0052177 0.0193651 0.0223158 0.1033215 0.1064909 0.0966921 0.1231168 0.1130838 0.0079334 0.1008545 0.1009041 0.1195644 0.0986163 0.0999992 0.1136576 0.0908668 0.0829748 0.0951191 0.0198396 0.1001183 
Dasyuridae_Sminthopsis_macroura              0.0993861 0.0983564 0.0827068 0.1038259 0.1031578 0.0249195 0.0967190 0.0805144 0.1056323 0.1015869 0.0890853 0.0276932 0.0000000 0.0835702 0.0954804 0.0277097 0.0270705 0.0193030 0.1057481 0.1026944 0.0942555 0.1223518 0.1111582 0.0260627 0.1000448 0.0954474 0.1131761 0.0978247 0.0964029 0.1102433 0.0866923 0.0838373 0.0945114 0.0252648 0.1000810 
Phalangeridae_Phalanger_orientalis           0.0544369 0.0796400 0.0574438 0.0587839 0.0577328 0.0840882 0.0317021 0.0096229 0.0591155 0.0941460 0.0124548 0.0820001 0.0835702 0.0000000 0.0510559 0.0832154 0.0888757 0.0776703 0.0942870 0.0648483 0.0569748 0.1082575 0.0954642 0.0809873 0.0609074 0.0848319 0.0780081 0.0577957 0.0576161 0.0685878 0.0528489 0.0034557 0.0875229 0.0881196 0.0898539 
Acrobatidae_Acrobates_pygmaeus               0.0626455 0.0908214 0.0686665 0.0707920 0.0715658 0.0970900 0.0616531 0.0484155 0.0717862 0.1018941 0.0543519 0.0976927 0.0954804 0.0510559 0.0000000 0.0959798 0.1007153 0.0895793 0.1044281 0.0775462 0.0544363 0.1183050 0.1036741 0.0959812 0.0696074 0.0918570 0.0777148 0.0701531 0.0530971 0.0697840 0.0397795 0.0499573 0.0968718 0.0988028 0.0973964 
Dasyuridae_Phascogale_calura                 0.0968284 0.0953133 0.0847369 0.1050378 0.1044246 0.0187443 0.0974744 0.0803317 0.1061986 0.1061091 0.0893889 0.0052177 0.0277097 0.0832154 0.0959798 0.0000000 0.0189266 0.0218046 0.1051294 0.1070636 0.0968594 0.1252574 0.1159099 0.0074970 0.1015219 0.1016593 0.1201625 0.0992354 0.1002475 0.1132859 0.0909783 0.0841912 0.0978678 0.0193907 0.1018547 
Dasyuridae_Sarcophilus_harrisii              0.0993014 0.0998544 0.0886037 0.1044531 0.1037629 0.0070744 0.1022293 0.0846883 0.1070321 0.1038453 0.0934605 0.0193651 0.0270705 0.0888757 0.1007153 0.0189266 0.0000000 0.0268275 0.1042978 0.1072324 0.1014373 0.1304344 0.1151420 0.0176349 0.1055435 0.1028011 0.1225904 0.1015591 0.1006386 0.1168664 0.0926296 0.0897134 0.0941099 0.0063925 0.1016815 
Dasyuridae_Planigale_tenuirostris            0.0889544 0.0895311 0.0764611 0.0979111 0.0987776 0.0263491 0.0946820 0.0758631 0.0995847 0.0925942 0.0840217 0.0223158 0.0193030 0.0776703 0.0895793 0.0218046 0.0268275 0.0000000 0.0922672 0.0992253 0.0859492 0.1183040 0.1066083 0.0218994 0.0928524 0.0869578 0.1130588 0.0914177 0.0875562 0.1053702 0.0837119 0.0787165 0.0874203 0.0256738 0.0887789 
Peramelidae_Echymipera_kalubu                0.1098349 0.1008462 0.1019713 0.1056994 0.1056739 0.1050196 0.1068185 0.0939686 0.1085644 0.0246131 0.0973145 0.1033215 0.1057481 0.0942870 0.1044281 0.1051294 0.1042978 0.0922672 0.0000000 0.1139217 0.1070276 0.1283485 0.1185179 0.1032005 0.1024450 0.1121811 0.1257001 0.1070658 0.1082092 0.1179126 0.1009702 0.0951837 0.0206801 0.1059613 0.0221956 
Macropodidae_Dorcopsulus_vanheurni           0.0819530 0.0995735 0.0784744 0.0340152 0.0312740 0.1036810 0.0766089 0.0672753 0.0321188 0.1151762 0.0712292 0.1064909 0.1026944 0.0648483 0.0775462 0.1070636 0.1072324 0.0992253 0.1139217 0.0000000 0.0777177 0.1291653 0.1189218 0.1040411 0.0518350 0.1019063 0.0950344 0.0144380 0.0826524 0.0922485 0.0757966 0.0647033 0.1084250 0.1068397 0.1092313 
Pseudochiridae_Pseudochirulus_forbesi        0.0680535 0.0934862 0.0726955 0.0714695 0.0709358 0.0991908 0.0665507 0.0553320 0.0711813 0.1058123 0.0608567 0.0966921 0.0942555 0.0569748 0.0544363 0.0968594 0.1014373 0.0859492 0.1070276 0.0777177 0.0000000 0.1211281 0.1074591 0.0951544 0.0675146 0.0973981 0.0608855 0.0720289 0.0261974 0.0629063 0.0563031 0.0578581 0.1013050 0.0984573 0.1014165 
Didelphidae_Didelphis_virginiana             0.1315745 0.1214354 0.1192864 0.1241665 0.1227947 0.1259480 0.1268670 0.1100622 0.1276135 0.1326004 0.1153860 0.1231168 0.1223518 0.1082575 0.1183050 0.1252574 0.1304344 0.1183040 0.1283485 0.1291653 0.1211281 0.0000000 0.0474808 0.1247606 0.1292595 0.1106978 0.1445385 0.1227433 0.1263251 0.1392632 0.1181516 0.1085643 0.1242252 0.1276055 0.1278694 
Marmosidae_Monodelphis_domestica             0.1134488 0.1139693 0.1048612 0.1129691 0.1128844 0.1134063 0.1163030 0.0994002 0.1168656 0.1205604 0.1033979 0.1130838 0.1111582 0.0954642 0.1036741 0.1159099 0.1151420 0.1066083 0.1185179 0.1189218 0.1074591 0.0474808 0.0000000 0.1138804 0.1139576 0.1053263 0.1374406 0.1129913 0.1090852 0.1241364 0.1034389 0.0969560 0.1072310 0.1145073 0.1174012 
Dasyuridae_Antechinus_stuartii               0.0944489 0.0931678 0.0851278 0.1021482 0.1015345 0.0175373 0.0954006 0.0781011 0.1048028 0.1036009 0.0871486 0.0079334 0.0260627 0.0809873 0.0959812 0.0074970 0.0176349 0.0218994 0.1032005 0.1040411 0.0951544 0.1247606 0.1138804 0.0000000 0.1019298 0.0987319 0.1184563 0.0977083 0.0984650 0.1120762 0.0886877 0.0819691 0.0935976 0.0181257 0.0999257 
Hypsiprymnodontidae_Hypsiprymnodon_moschatus 0.0730470 0.0939357 0.0752351 0.0480200 0.0466340 0.1026682 0.0685841 0.0595994 0.0448899 0.1010272 0.0650012 0.1008545 0.1000448 0.0609074 0.0696074 0.1015219 0.1055435 0.0928524 0.1024450 0.0518350 0.0675146 0.1292595 0.1139576 0.1019298 0.0000000 0.0920590 0.0926378 0.0472667 0.0719443 0.0854643 0.0677248 0.0597206 0.0950068 0.1046828 0.0957309 
Microbiotheriidae_Dromiciops_gliroides       0.0921056 0.0970759 0.0916236 0.0986763 0.0984939 0.1011463 0.0972277 0.0848991 0.1000949 0.1073052 0.0902352 0.1009041 0.0954474 0.0848319 0.0918570 0.1016593 0.1028011 0.0869578 0.1121811 0.1019063 0.0973981 0.1106978 0.1053263 0.0987319 0.0920590 0.0000000 0.1173336 0.0965383 0.0995156 0.1145110 0.0847320 0.0840586 0.1088892 0.1035110 0.1046208 
Pseudochiridae_Petauroides_volans            0.0907145 0.1136057 0.0884084 0.0897242 0.0872298 0.1181986 0.0856185 0.0752143 0.0872647 0.1248585 0.0806234 0.1195644 0.1131761 0.0780081 0.0777148 0.1201625 0.1225904 0.1130588 0.1257001 0.0950344 0.0608855 0.1445385 0.1374406 0.1184563 0.0926378 0.1173336 0.0000000 0.0873954 0.0630404 0.0860517 0.0754806 0.0773156 0.1233082 0.1163100 0.1219945 
Macropodidae_Wallabia_bicolor                0.0778133 0.0939661 0.0722270 0.0280020 0.0264185 0.0981044 0.0682054 0.0587196 0.0253272 0.1077629 0.0629253 0.0986163 0.0978247 0.0577957 0.0701531 0.0992354 0.1015591 0.0914177 0.1070658 0.0144380 0.0720289 0.1227433 0.1129913 0.0977083 0.0472667 0.0965383 0.0873954 0.0000000 0.0765473 0.0837447 0.0684938 0.0582996 0.1018799 0.1008952 0.1020785 
Pseudochiridae_Pseudocheirus_occidentalis    0.0663014 0.0983738 0.0761630 0.0741417 0.0748646 0.1001080 0.0654100 0.0586418 0.0745286 0.1069234 0.0644402 0.0999992 0.0964029 0.0576161 0.0530971 0.1002475 0.1006386 0.0875562 0.1082092 0.0826524 0.0261974 0.1263251 0.1090852 0.0984650 0.0719443 0.0995156 0.0630404 0.0765473 0.0000000 0.0682996 0.0556872 0.0596103 0.1025190 0.1012341 0.1029025 
Tarsipedidae_Tarsipes_rostratus              0.0818677 0.1054158 0.0855252 0.0863738 0.0866836 0.1141597 0.0787579 0.0651406 0.0856635 0.1155803 0.0706361 0.1136576 0.1102433 0.0685878 0.0697840 0.1132859 0.1168664 0.1053702 0.1179126 0.0922485 0.0629063 0.1392632 0.1241364 0.1120762 0.0854643 0.1145110 0.0860517 0.0837447 0.0682996 0.0000000 0.0704813 0.0673071 0.1119771 0.1165061 0.1106285 
Acrobatidae_Distoechurus_pennatus            0.0603017 0.0893796 0.0659462 0.0657793 0.0705734 0.0888534 0.0651541 0.0506351 0.0689188 0.0980467 0.0566466 0.0908668 0.0866923 0.0528489 0.0397795 0.0909783 0.0926296 0.0837119 0.1009702 0.0757966 0.0563031 0.1181516 0.1034389 0.0886877 0.0677248 0.0847320 0.0754806 0.0684938 0.0556872 0.0704813 0.0000000 0.0522588 0.0927308 0.0891417 0.0941876 
Phalangeridae_Phalanger_carmelitae           0.0543049 0.0808430 0.0572906 0.0592040 0.0576058 0.0849243 0.0311602 0.0095996 0.0589857 0.0930975 0.0124357 0.0829748 0.0838373 0.0034557 0.0499573 0.0841912 0.0897134 0.0787165 0.0951837 0.0647033 0.0578581 0.1085643 0.0969560 0.0819691 0.0597206 0.0840586 0.0773156 0.0582996 0.0596103 0.0673071 0.0522588 0.0000000 0.0879336 0.0885881 0.0888756 
Peramelidae_Peroryctes_raffrayana            0.1024064 0.0941496 0.0940571 0.0975970 0.1015547 0.0949839 0.1028310 0.0868358 0.1035751 0.0218065 0.0928504 0.0951191 0.0945114 0.0875229 0.0968718 0.0978678 0.0941099 0.0874203 0.0206801 0.1084250 0.1013050 0.1242252 0.1072310 0.0935976 0.0950068 0.1088892 0.1233082 0.1018799 0.1025190 0.1119771 0.0927308 0.0879336 0.0000000 0.0949483 0.0185699 
Dasyuridae_Dasyurus_geffroii                 0.1026605 0.0999482 0.0873272 0.1041506 0.1029275 0.0063297 0.1000510 0.0839721 0.1054715 0.1050222 0.0935059 0.0198396 0.0252648 0.0881196 0.0988028 0.0193907 0.0063925 0.0256738 0.1059613 0.1068397 0.0984573 0.1276055 0.1145073 0.0181257 0.1046828 0.1035110 0.1163100 0.1008952 0.1012341 0.1165061 0.0891417 0.0885881 0.0949483 0.0000000 0.1013363 
Peramelidae_Perameles_gunnii                 0.1033391 0.0950022 0.0964174 0.0990235 0.0999135 0.1012385 0.0995416 0.0868427 0.1022194 0.0040944 0.0930132 0.1001183 0.1000810 0.0898539 0.0973964 0.1018547 0.1016815 0.0887789 0.0221956 0.1092313 0.1014165 0.1278694 0.1174012 0.0999257 0.0957309 0.1046208 0.1219945 0.1020785 0.1029025 0.1106285 0.0941876 0.0888756 0.0185699 0.1013363 0.0000000 
