35
Burramyidae_Burramys_parvus                  0.0000000 0.0692692 0.0516096 0.0440786 0.0441673 0.0569301 0.0372374 0.0384271 0.0439111 0.0616642 0.0288198 0.0464890 0.0609135 0.0366907 0.0481436 0.0464636 0.0588280 0.0601781 0.0598235 0.0377463 0.0604462 0.0666847 0.0503590 0.0377288 0.0558672 0.0477714 0.0420894 0.0649030 0.0570222 0.0527113 0.0365261 0.0583763 0.0591698 0.0580713 0.0564557 
Notoryctidae_Notoryctes_typhlops             0.0692692 0.0000000 0.0788621 0.0668608 0.0651416 0.0826353 0.0606625 0.0633842 0.0644518 0.0886355 0.0551882 0.0738417 0.0858512 0.0612877 0.0778232 0.0738354 0.0842199 0.0920680 0.0893072 0.0604785 0.0818130 0.0823770 0.0741148 0.0653427 0.0768265 0.0789788 0.0663402 0.0840913 0.0824858 0.0790338 0.0619458 0.0844401 0.0815693 0.0829095 0.0796408 
Vombatidae_Lasiorhinus_latifrons             0.0516096 0.0788621 0.0000000 0.0576217 0.0577436 0.0651988 0.0458064 0.0494870 0.0566689 0.0704504 0.0433025 0.0548574 0.0727601 0.0497483 0.0596329 0.0534639 0.0657853 0.0764481 0.0726722 0.0500538 0.0659986 0.0655668 0.0554443 0.0496007 0.0619606 0.0553306 0.0514297 0.0742017 0.0691305 0.0635863 0.0491598 0.0710408 0.0666877 0.0682407 0.0622842 
Potoroidae_Bettongia_penicillata             0.0440786 0.0668608 0.0576217 0.0000000 0.0028389 0.0613945 0.0382624 0.0428193 0.0127325 0.0655430 0.0345128 0.0556882 0.0693981 0.0386190 0.0531977 0.0539000 0.0646598 0.0722158 0.0670359 0.0138017 0.0560791 0.0642272 0.0567073 0.0249956 0.0521250 0.0495566 0.0205147 0.0635541 0.0567151 0.0543019 0.0396833 0.0642847 0.0654467 0.0598967 0.0567602 
Potoroidae_Bettongia_lesueur                 0.0441673 0.0651416 0.0577436 0.0028389 0.0000000 0.0615214 0.0379136 0.0424662 0.0127504 0.0656818 0.0345346 0.0549044 0.0695445 0.0382672 0.0541729 0.0540078 0.0647946 0.0723837 0.0680981 0.0126576 0.0561678 0.0648467 0.0568227 0.0250417 0.0531071 0.0500341 0.0197656 0.0636539 0.0553817 0.0524525 0.0393336 0.0635148 0.0655831 0.0594437 0.0569114 
Dasyuridae_Dasyurus_maculatus                0.0569301 0.0826353 0.0651988 0.0613945 0.0615214 0.0000000 0.0559579 0.0580860 0.0617858 0.0775940 0.0453622 0.0177115 0.0183857 0.0574359 0.0713635 0.0184634 0.0061040 0.0214919 0.0766546 0.0494317 0.0771902 0.0734845 0.0194542 0.0621558 0.0616608 0.0622932 0.0585242 0.0817485 0.0679840 0.0724850 0.0584572 0.0738679 0.0046443 0.0662518 0.0725965 
Phalangeridae_Trichosurus_vulpecula          0.0372374 0.0606625 0.0458064 0.0382624 0.0379136 0.0559579 0.0000000 0.0174702 0.0392455 0.0585921 0.0135688 0.0474156 0.0619512 0.0157608 0.0467458 0.0482613 0.0564649 0.0647040 0.0596306 0.0359324 0.0540727 0.0563199 0.0496714 0.0375438 0.0494991 0.0438609 0.0379756 0.0552046 0.0504118 0.0448797 0.0153262 0.0551701 0.0563721 0.0531787 0.0477852 
Phalangeridae_Spilocuscus_maculatus          0.0384271 0.0633842 0.0494870 0.0428193 0.0424662 0.0580860 0.0174702 0.0000000 0.0413041 0.0629876 0.0091003 0.0514777 0.0627312 0.0110473 0.0493557 0.0523495 0.0595090 0.0670765 0.0636505 0.0362507 0.0563385 0.0593506 0.0538484 0.0399482 0.0524293 0.0446565 0.0391932 0.0600297 0.0532873 0.0460571 0.0106412 0.0593591 0.0612414 0.0574377 0.0533703 
Potoroidae_Aepyprymnus_rufescens             0.0439111 0.0644518 0.0566689 0.0127325 0.0127504 0.0617858 0.0392455 0.0413041 0.0000000 0.0655284 0.0347017 0.0560085 0.0684488 0.0362267 0.0522411 0.0542345 0.0641734 0.0703959 0.0665004 0.0130881 0.0546931 0.0675594 0.0562572 0.0262884 0.0508903 0.0488987 0.0194099 0.0641751 0.0570272 0.0517929 0.0377506 0.0647612 0.0645579 0.0597634 0.0603219 
Peramelidae_Perameles_nasuta                 0.0616642 0.0886355 0.0704504 0.0655430 0.0656818 0.0775940 0.0585921 0.0629876 0.0655284 0.0000000 0.0542583 0.0721934 0.0830025 0.0580655 0.0743881 0.0721491 0.0781390 0.0857826 0.0170150 0.0582822 0.0852143 0.0828798 0.0743881 0.0628357 0.0713692 0.0731117 0.0630749 0.0899188 0.0791332 0.0806054 0.0596525 0.0124292 0.0795726 0.0007952 0.0756033 
Phalangeridae_Strigocuscus_pelengensis       0.0288198 0.0551882 0.0433025 0.0345128 0.0345346 0.0453622 0.0135688 0.0091003 0.0347017 0.0542583 0.0000000 0.0443780 0.0498802 0.0081821 0.0397821 0.0448579 0.0463941 0.0553559 0.0530637 0.0299625 0.0491870 0.0516668 0.0454055 0.0332113 0.0440010 0.0397608 0.0340124 0.0526103 0.0467818 0.0369454 0.0081423 0.0494044 0.0487542 0.0522384 0.0471630 
Dasyuridae_Phascogale_tapoatafa              0.0464890 0.0738417 0.0548574 0.0556882 0.0549044 0.0177115 0.0474156 0.0514777 0.0560085 0.0721934 0.0443780 0.0000000 0.0247034 0.0513074 0.0617800 0.0042903 0.0204280 0.0293779 0.0717253 0.0481017 0.0679670 0.0651012 0.0083698 0.0533250 0.0576584 0.0600203 0.0519817 0.0754357 0.0656478 0.0660398 0.0519375 0.0701743 0.0203797 0.0657433 0.0627769 
Dasyuridae_Sminthopsis_macroura              0.0609135 0.0858512 0.0727601 0.0693981 0.0695445 0.0183857 0.0619512 0.0627312 0.0684488 0.0830025 0.0498802 0.0247034 0.0000000 0.0624865 0.0765279 0.0246919 0.0203319 0.0211003 0.0825543 0.0566714 0.0823349 0.0819923 0.0253621 0.0682900 0.0689734 0.0666917 0.0665019 0.0879118 0.0722943 0.0779748 0.0626027 0.0811518 0.0210468 0.0701866 0.0788336 
Phalangeridae_Phalanger_orientalis           0.0366907 0.0612877 0.0497483 0.0386190 0.0382672 0.0574359 0.0157608 0.0110473 0.0362267 0.0580655 0.0081821 0.0513074 0.0624865 0.0000000 0.0452817 0.0512795 0.0588411 0.0641101 0.0609510 0.0333445 0.0548776 0.0596162 0.0522931 0.0370249 0.0504196 0.0446262 0.0374372 0.0574525 0.0494989 0.0453618 0.0017795 0.0549944 0.0605537 0.0530444 0.0531868 
Acrobatidae_Acrobates_pygmaeus               0.0481436 0.0778232 0.0596329 0.0531977 0.0541729 0.0713635 0.0467458 0.0493557 0.0522411 0.0743881 0.0397821 0.0617800 0.0765279 0.0452817 0.0000000 0.0632642 0.0729360 0.0792243 0.0765485 0.0461631 0.0524197 0.0698326 0.0654182 0.0520361 0.0640963 0.0444945 0.0512879 0.0559016 0.0531335 0.0329073 0.0455601 0.0699772 0.0727283 0.0655668 0.0635227 
Dasyuridae_Phascogale_calura                 0.0464636 0.0738354 0.0534639 0.0539000 0.0540078 0.0184634 0.0482613 0.0523495 0.0542345 0.0721491 0.0448579 0.0042903 0.0246919 0.0512795 0.0632642 0.0000000 0.0204186 0.0298128 0.0707437 0.0468074 0.0679614 0.0654948 0.0087326 0.0506819 0.0567317 0.0613764 0.0502193 0.0758477 0.0665738 0.0660341 0.0519092 0.0701320 0.0203705 0.0657812 0.0621906 
Dasyuridae_Sarcophilus_harrisii              0.0588280 0.0842199 0.0657853 0.0646598 0.0647946 0.0061040 0.0564649 0.0595090 0.0641734 0.0781390 0.0463941 0.0204280 0.0203319 0.0588411 0.0729360 0.0204186 0.0000000 0.0232172 0.0771977 0.0498925 0.0769438 0.0730993 0.0214405 0.0617880 0.0637169 0.0641618 0.0599978 0.0844339 0.0683322 0.0732511 0.0598608 0.0753782 0.0064665 0.0667219 0.0722132 
Dasyuridae_Planigale_tenuirostris            0.0601781 0.0920680 0.0764481 0.0722158 0.0723837 0.0214919 0.0647040 0.0670765 0.0703959 0.0857826 0.0553559 0.0293779 0.0211003 0.0641101 0.0792243 0.0298128 0.0232172 0.0000000 0.0846881 0.0611929 0.0851286 0.0846320 0.0278596 0.0750593 0.0681895 0.0705373 0.0735734 0.0892757 0.0777833 0.0834773 0.0643301 0.0850983 0.0231718 0.0747369 0.0805902 
Peramelidae_Echymipera_kalubu                0.0598235 0.0893072 0.0726722 0.0670359 0.0680981 0.0766546 0.0596306 0.0636505 0.0665004 0.0170150 0.0530637 0.0717253 0.0825543 0.0609510 0.0765485 0.0707437 0.0771977 0.0846881 0.0000000 0.0583932 0.0872730 0.0815716 0.0734289 0.0629876 0.0699099 0.0747266 0.0635592 0.0923601 0.0807617 0.0815042 0.0620985 0.0143370 0.0790547 0.0131447 0.0744421 
Macropodidae_Dorcopsulus_vanheurni           0.0377463 0.0604785 0.0500538 0.0138017 0.0126576 0.0494317 0.0359324 0.0362507 0.0130881 0.0582822 0.0299625 0.0481017 0.0566714 0.0333445 0.0461631 0.0468074 0.0498925 0.0611929 0.0583932 0.0000000 0.0513423 0.0574809 0.0509125 0.0201490 0.0444848 0.0439912 0.0093368 0.0590240 0.0516365 0.0464532 0.0340204 0.0564063 0.0525230 0.0557482 0.0523459 
Pseudochiridae_Pseudochirulus_forbesi        0.0604462 0.0818130 0.0659986 0.0560791 0.0561678 0.0771902 0.0540727 0.0563385 0.0546931 0.0852143 0.0491870 0.0679670 0.0823349 0.0548776 0.0524197 0.0679614 0.0769438 0.0851286 0.0872730 0.0513423 0.0000000 0.0802033 0.0707009 0.0581683 0.0685356 0.0349884 0.0534455 0.0327231 0.0543177 0.0572289 0.0546227 0.0809727 0.0786927 0.0772192 0.0674817 
Marmosidae_Monodelphis_domestica             0.0666847 0.0823770 0.0655668 0.0642272 0.0648467 0.0734845 0.0563199 0.0593506 0.0675594 0.0828798 0.0516668 0.0651012 0.0819923 0.0596162 0.0698326 0.0654948 0.0730993 0.0846320 0.0815716 0.0574809 0.0802033 0.0000000 0.0687127 0.0597497 0.0684531 0.0706927 0.0627526 0.0834331 0.0760157 0.0718158 0.0606880 0.0772383 0.0749301 0.0794673 0.0156331 
Dasyuridae_Antechinus_stuartii               0.0503590 0.0741148 0.0554443 0.0567073 0.0568227 0.0194542 0.0496714 0.0538484 0.0562572 0.0743881 0.0454055 0.0083698 0.0253621 0.0522931 0.0654182 0.0087326 0.0214405 0.0278596 0.0734289 0.0509125 0.0707009 0.0687127 0.0000000 0.0534591 0.0605591 0.0632118 0.0548004 0.0766385 0.0683293 0.0678626 0.0534041 0.0727848 0.0206137 0.0692417 0.0645542 
Hypsiprymnodontidae_Hypsiprymnodon_moschatus 0.0377288 0.0653427 0.0496007 0.0249956 0.0250417 0.0621558 0.0375438 0.0399482 0.0262884 0.0628357 0.0332113 0.0533250 0.0682900 0.0370249 0.0520361 0.0506819 0.0617880 0.0750593 0.0629876 0.0201490 0.0581683 0.0597497 0.0534591 0.0000000 0.0513239 0.0481884 0.0249640 0.0642583 0.0536621 0.0496345 0.0376777 0.0597102 0.0616536 0.0574320 0.0513346 
Microbiotheriidae_Dromiciops_gliroides       0.0558672 0.0768265 0.0619606 0.0521250 0.0531071 0.0616608 0.0494991 0.0524293 0.0508903 0.0713692 0.0440010 0.0576584 0.0689734 0.0504196 0.0640963 0.0567317 0.0637169 0.0681895 0.0699099 0.0444848 0.0685356 0.0684531 0.0605591 0.0513239 0.0000000 0.0662502 0.0497338 0.0734415 0.0715467 0.0659447 0.0506403 0.0665129 0.0630355 0.0655505 0.0650678 
Pseudochiridae_Petauroides_volans            0.0477714 0.0789788 0.0553306 0.0495566 0.0500341 0.0622932 0.0438609 0.0446565 0.0488987 0.0731117 0.0397608 0.0600203 0.0666917 0.0446262 0.0444945 0.0613764 0.0641618 0.0705373 0.0747266 0.0439912 0.0349884 0.0706927 0.0632118 0.0481884 0.0662502 0.0000000 0.0473926 0.0406416 0.0492584 0.0478334 0.0444854 0.0703810 0.0655901 0.0688081 0.0599476 
Macropodidae_Wallabia_bicolor                0.0420894 0.0663402 0.0514297 0.0205147 0.0197656 0.0585242 0.0379756 0.0391932 0.0194099 0.0630749 0.0340124 0.0519817 0.0665019 0.0374372 0.0512879 0.0502193 0.0599978 0.0735734 0.0635592 0.0093368 0.0534455 0.0627526 0.0548004 0.0249640 0.0497338 0.0473926 0.0000000 0.0633637 0.0578477 0.0530182 0.0376953 0.0594331 0.0607919 0.0548863 0.0577147 
Pseudochiridae_Pseudocheirus_occidentalis    0.0649030 0.0840913 0.0742017 0.0635541 0.0636539 0.0817485 0.0552046 0.0600297 0.0641751 0.0899188 0.0526103 0.0754357 0.0879118 0.0574525 0.0559016 0.0758477 0.0844339 0.0892757 0.0923601 0.0590240 0.0327231 0.0834331 0.0766385 0.0642583 0.0734415 0.0406416 0.0633637 0.0000000 0.0572817 0.0635645 0.0576275 0.0874969 0.0832141 0.0835725 0.0738760 
Tarsipedidae_Tarsipes_rostratus              0.0570222 0.0824858 0.0691305 0.0567151 0.0553817 0.0679840 0.0504118 0.0532873 0.0570272 0.0791332 0.0467818 0.0656478 0.0722943 0.0494989 0.0531335 0.0665738 0.0683322 0.0777833 0.0807617 0.0516365 0.0543177 0.0760157 0.0683293 0.0536621 0.0715467 0.0492584 0.0578477 0.0572817 0.0000000 0.0519978 0.0501541 0.0733386 0.0712797 0.0691067 0.0658987 
Acrobatidae_Distoechurus_pennatus            0.0527113 0.0790338 0.0635863 0.0543019 0.0524525 0.0724850 0.0448797 0.0460571 0.0517929 0.0806054 0.0369454 0.0660398 0.0779748 0.0453618 0.0329073 0.0660341 0.0732511 0.0834773 0.0815042 0.0464532 0.0572289 0.0718158 0.0678626 0.0496345 0.0659447 0.0478334 0.0530182 0.0635645 0.0519978 0.0000000 0.0460624 0.0754318 0.0740787 0.0713234 0.0641573 
Phalangeridae_Phalanger_carmelitae           0.0365261 0.0619458 0.0491598 0.0396833 0.0393336 0.0584572 0.0153262 0.0106412 0.0377506 0.0596525 0.0081423 0.0519375 0.0626027 0.0017795 0.0455601 0.0519092 0.0598608 0.0643301 0.0620985 0.0340204 0.0546227 0.0606880 0.0534041 0.0376777 0.0506403 0.0444854 0.0376953 0.0576275 0.0501541 0.0460624 0.0000000 0.0561321 0.0615683 0.0543258 0.0534009 
Peramelidae_Peroryctes_raffrayana            0.0583763 0.0844401 0.0710408 0.0642847 0.0635148 0.0738679 0.0551701 0.0593591 0.0647612 0.0124292 0.0494044 0.0701743 0.0811518 0.0549944 0.0699772 0.0701320 0.0753782 0.0850983 0.0143370 0.0564063 0.0809727 0.0772383 0.0727848 0.0597102 0.0665129 0.0703810 0.0594331 0.0874969 0.0733386 0.0754318 0.0561321 0.0000000 0.0762249 0.0093514 0.0722704 
Dasyuridae_Dasyurus_geffroii                 0.0591698 0.0815693 0.0666877 0.0654467 0.0655831 0.0046443 0.0563721 0.0612414 0.0645579 0.0795726 0.0487542 0.0203797 0.0210468 0.0605537 0.0727283 0.0203705 0.0064665 0.0231718 0.0790547 0.0525230 0.0786927 0.0749301 0.0206137 0.0616536 0.0630355 0.0655901 0.0607919 0.0832141 0.0712797 0.0740787 0.0615683 0.0762249 0.0000000 0.0689219 0.0737091 
Peramelidae_Perameles_gunnii                 0.0580713 0.0829095 0.0682407 0.0598967 0.0594437 0.0662518 0.0531787 0.0574377 0.0597634 0.0007952 0.0522384 0.0657433 0.0701866 0.0530444 0.0655668 0.0657812 0.0667219 0.0747369 0.0131447 0.0557482 0.0772192 0.0794673 0.0692417 0.0574320 0.0655505 0.0688081 0.0548863 0.0835725 0.0691067 0.0713234 0.0543258 0.0093514 0.0689219 0.0000000 0.0702937 
Didelphidae_Didelphis_virginiana             0.0564557 0.0796408 0.0622842 0.0567602 0.0569114 0.0725965 0.0477852 0.0533703 0.0603219 0.0756033 0.0471630 0.0627769 0.0788336 0.0531868 0.0635227 0.0621906 0.0722132 0.0805902 0.0744421 0.0523459 0.0674817 0.0156331 0.0645542 0.0513346 0.0650678 0.0599476 0.0577147 0.0738760 0.0658987 0.0641573 0.0534009 0.0722704 0.0737091 0.0702937 0.0000000 
