35
Burramyidae_Burramys_parvus                  0.0000000 0.0924658 0.0488496 0.0497583 0.0498019 0.0780070 0.0548207 0.0471401 0.0525979 0.0919041 0.0494701 0.0962955 0.0861961 0.0490488 0.0593207 0.0963015 0.1040821 0.0908073 0.0969348 0.0455769 0.0513071 0.1067306 0.0577564 0.0976994 0.0491169 0.0616188 0.0646946 0.0427345 0.0467196 0.0765653 0.0565328 0.0480108 0.0882388 0.0823216 0.0904674 
Notoryctidae_Notoryctes_typhlops             0.0924658 0.0000000 0.0730560 0.0829802 0.0860884 0.0837902 0.0789799 0.0850203 0.0875658 0.1156254 0.0856582 0.1109689 0.0885985 0.0876660 0.0930919 0.1117845 0.1155179 0.1165233 0.1218751 0.0792917 0.0871006 0.1169593 0.0726671 0.1126782 0.0935965 0.0917890 0.0905929 0.0765185 0.0851519 0.1019113 0.0841054 0.0857443 0.1111786 0.0848735 0.1128920 
Vombatidae_Lasiorhinus_latifrons             0.0488496 0.0730560 0.0000000 0.0476473 0.0491959 0.0767943 0.0445473 0.0509402 0.0545949 0.0919821 0.0529419 0.0855252 0.0717484 0.0528087 0.0483721 0.0847187 0.0927108 0.0907349 0.1109287 0.0463981 0.0582118 0.1093997 0.0638443 0.0788515 0.0507995 0.0671759 0.0703354 0.0446692 0.0530587 0.0760388 0.0505130 0.0511390 0.0902396 0.0807994 0.0909956 
Potoroidae_Bettongia_penicillata             0.0497583 0.0829802 0.0476473 0.0000000 0.0036291 0.0904738 0.0461115 0.0429280 0.0106788 0.0972977 0.0433935 0.1030129 0.0886341 0.0431271 0.0509364 0.1026935 0.1059111 0.0955909 0.1098109 0.0127021 0.0469177 0.1120918 0.0659678 0.0946200 0.0251843 0.0742733 0.0581384 0.0115633 0.0405498 0.0817035 0.0470248 0.0420965 0.0906269 0.0931776 0.0949259 
Potoroidae_Bettongia_lesueur                 0.0498019 0.0860884 0.0491959 0.0036291 0.0000000 0.0908906 0.0456580 0.0430724 0.0124776 0.0986230 0.0434327 0.1015082 0.0882502 0.0427721 0.0510362 0.1012006 0.1053444 0.0943297 0.1127833 0.0137622 0.0496356 0.1171448 0.0666250 0.0945623 0.0261431 0.0741915 0.0587214 0.0131335 0.0425922 0.0845463 0.0481307 0.0422465 0.0910263 0.0934325 0.0962436 
Dasyuridae_Dasyurus_maculatus                0.0780070 0.0837902 0.0767943 0.0904738 0.0908906 0.0000000 0.0679403 0.0856361 0.0927175 0.1058590 0.0863930 0.0222507 0.0345636 0.0901684 0.0826850 0.0221024 0.0030671 0.0316918 0.1069117 0.0804697 0.0942244 0.1580932 0.0991641 0.0184226 0.0825078 0.0909617 0.0951258 0.0803946 0.0924377 0.1351582 0.0874288 0.0871000 0.1056821 0.0032811 0.1033716 
Phalangeridae_Trichosurus_vulpecula          0.0548207 0.0789799 0.0445473 0.0461115 0.0456580 0.0679403 0.0000000 0.0180893 0.0482996 0.0961254 0.0205637 0.0922426 0.0727357 0.0198269 0.0476398 0.0909839 0.0930909 0.1021246 0.0896383 0.0422694 0.0554835 0.1025575 0.0541405 0.0907471 0.0459415 0.0742796 0.0444493 0.0389053 0.0508583 0.0723541 0.0450548 0.0198547 0.0888642 0.0720917 0.0943397 
Phalangeridae_Spilocuscus_maculatus          0.0471401 0.0850203 0.0509402 0.0429280 0.0430724 0.0856361 0.0180893 0.0000000 0.0459327 0.0953246 0.0053213 0.0950928 0.0921013 0.0051615 0.0453987 0.0938825 0.1003602 0.1086383 0.1009342 0.0412619 0.0424388 0.1115358 0.0630927 0.0918612 0.0447265 0.0715945 0.0515796 0.0388169 0.0397910 0.0849532 0.0463784 0.0047178 0.0955578 0.0873081 0.0932750 
Potoroidae_Aepyprymnus_rufescens             0.0525979 0.0875658 0.0545949 0.0106788 0.0124776 0.0927175 0.0482996 0.0459327 0.0000000 0.0963655 0.0464736 0.0915608 0.0855919 0.0466319 0.0592779 0.0913384 0.1064199 0.0966830 0.1154586 0.0182941 0.0507496 0.1092569 0.0748525 0.0944274 0.0332312 0.0866726 0.0617953 0.0170010 0.0440732 0.0709665 0.0547757 0.0456024 0.0913487 0.0953241 0.0944673 
Peramelidae_Perameles_nasuta                 0.0919041 0.1156254 0.0919821 0.0972977 0.0986230 0.1058590 0.0961254 0.0953246 0.0963655 0.0000000 0.0989184 0.1160082 0.1010876 0.0944267 0.1103301 0.1144705 0.1295304 0.1183537 0.0257309 0.0851310 0.1083482 0.1276740 0.0948559 0.1203873 0.0958143 0.0970698 0.1146699 0.0864229 0.1030930 0.1178963 0.1103471 0.0947282 0.0101383 0.1076997 0.0005876 
Phalangeridae_Strigocuscus_pelengensis       0.0494701 0.0856582 0.0529419 0.0433935 0.0434327 0.0863930 0.0205637 0.0053213 0.0464736 0.0989184 0.0000000 0.0951554 0.0930637 0.0064899 0.0476366 0.0948208 0.1012089 0.1081466 0.1028859 0.0406566 0.0439774 0.1132980 0.0665921 0.0895525 0.0441816 0.0765253 0.0526493 0.0381319 0.0410089 0.0844454 0.0490614 0.0055542 0.0983491 0.0884969 0.0968151 
Dasyuridae_Phascogale_tapoatafa              0.0962955 0.1109689 0.0855252 0.1030129 0.1015082 0.0222507 0.0922426 0.0950928 0.0915608 0.1160082 0.0951554 0.0000000 0.0269595 0.0971365 0.0981984 0.0023848 0.0237010 0.0332109 0.1269334 0.0938016 0.1018679 0.1400216 0.0877878 0.0106529 0.0930719 0.1134187 0.1077863 0.0921538 0.0970545 0.1213002 0.0992480 0.0932873 0.1121952 0.0228865 0.1139942 
Dasyuridae_Sminthopsis_macroura              0.0861961 0.0885985 0.0717484 0.0886341 0.0882502 0.0345636 0.0727357 0.0921013 0.0855919 0.1010876 0.0930637 0.0269595 0.0000000 0.0932469 0.0835597 0.0259666 0.0339477 0.0114246 0.1224673 0.0788322 0.0979433 0.1572511 0.1065574 0.0270504 0.0811535 0.0870568 0.1089748 0.0762253 0.0950809 0.1381622 0.0925069 0.0919351 0.1031402 0.0353367 0.0977325 
Phalangeridae_Phalanger_orientalis           0.0490488 0.0876660 0.0528087 0.0431271 0.0427721 0.0901684 0.0198269 0.0051615 0.0466319 0.0944267 0.0064899 0.0971365 0.0932469 0.0000000 0.0479356 0.0959019 0.1058123 0.1037481 0.1031838 0.0424437 0.0426274 0.1137376 0.0661005 0.0938990 0.0464548 0.0723004 0.0529161 0.0395346 0.0398298 0.0859364 0.0492682 0.0025922 0.0946366 0.0919179 0.0929724 
Acrobatidae_Acrobates_pygmaeus               0.0593207 0.0930919 0.0483721 0.0509364 0.0510362 0.0826850 0.0476398 0.0453987 0.0592779 0.1103301 0.0476366 0.0981984 0.0835597 0.0479356 0.0000000 0.0964700 0.0931252 0.0993658 0.1239335 0.0496286 0.0379052 0.1230386 0.0815932 0.0873758 0.0488524 0.0859065 0.0520028 0.0457327 0.0352345 0.0758400 0.0187362 0.0442183 0.1021959 0.0846762 0.1086591 
Dasyuridae_Phascogale_calura                 0.0963015 0.1117845 0.0847187 0.1026935 0.1012006 0.0221024 0.0909839 0.0938825 0.0913384 0.1144705 0.0948208 0.0023848 0.0259666 0.0959019 0.0964700 0.0000000 0.0235165 0.0326129 0.1252078 0.0935577 0.1005886 0.1376261 0.0863558 0.0101000 0.0944597 0.1136958 0.1080999 0.0920722 0.0943638 0.1179193 0.0970394 0.0921030 0.1123796 0.0227058 0.1124444 
Dasyuridae_Sarcophilus_harrisii              0.1040821 0.1155179 0.0927108 0.1059111 0.1053444 0.0030671 0.0930909 0.1003602 0.1064199 0.1295304 0.1012089 0.0237010 0.0339477 0.1058123 0.0931252 0.0235165 0.0000000 0.0442858 0.1377207 0.0941546 0.1039563 0.1591627 0.1004529 0.0196221 0.1002196 0.1189035 0.1174348 0.0931806 0.1031166 0.1368964 0.1013065 0.1001213 0.1294434 0.0039197 0.1269794 
Dasyuridae_Planigale_tenuirostris            0.0908073 0.1165233 0.0907349 0.0955909 0.0943297 0.0316918 0.1021246 0.1086383 0.0966830 0.1183537 0.1081466 0.0332109 0.0114246 0.1037481 0.0993658 0.0326129 0.0442858 0.0000000 0.1492784 0.0882257 0.1104310 0.1439591 0.0983260 0.0325512 0.0918740 0.0972074 0.1343322 0.0830742 0.1081615 0.1252771 0.1050829 0.1032375 0.1194461 0.0321707 0.1151673 
Peramelidae_Echymipera_kalubu                0.0969348 0.1218751 0.1109287 0.1098109 0.1127833 0.1069117 0.0896383 0.1009342 0.1154586 0.0257309 0.1028859 0.1269334 0.1224673 0.1031838 0.1239335 0.1252078 0.1377207 0.1492784 0.0000000 0.1005492 0.1177077 0.1372381 0.0924328 0.1337554 0.1043326 0.1118379 0.0937765 0.0974836 0.1095706 0.1237580 0.1270412 0.1000297 0.0249161 0.1095273 0.0252322 
Macropodidae_Dorcopsulus_vanheurni           0.0455769 0.0792917 0.0463981 0.0127021 0.0137622 0.0804697 0.0422694 0.0412619 0.0182941 0.0851310 0.0406566 0.0938016 0.0788322 0.0424437 0.0496286 0.0935577 0.0941546 0.0882257 0.1005492 0.0000000 0.0468116 0.1063225 0.0668192 0.0870284 0.0242623 0.0681394 0.0557312 0.0045334 0.0398791 0.0758628 0.0473884 0.0394202 0.0848064 0.0838161 0.0828394 
Pseudochiridae_Pseudochirulus_forbesi        0.0513071 0.0871006 0.0582118 0.0469177 0.0496356 0.0942244 0.0554835 0.0424388 0.0507496 0.1083482 0.0439774 0.1018679 0.0979433 0.0426274 0.0379052 0.1005886 0.1039563 0.1104310 0.1177077 0.0468116 0.0000000 0.1209639 0.0747722 0.0982043 0.0500011 0.0818398 0.0254299 0.0436698 0.0087121 0.0640640 0.0397127 0.0406130 0.1030699 0.0976180 0.1079016 
Didelphidae_Didelphis_virginiana             0.1067306 0.1169593 0.1093997 0.1120918 0.1171448 0.1580932 0.1025575 0.1115358 0.1092569 0.1276740 0.1132980 0.1400216 0.1572511 0.1137376 0.1230386 0.1376261 0.1591627 0.1439591 0.1372381 0.1063225 0.1209639 0.0000000 0.0433877 0.1451646 0.1076389 0.0993738 0.1198368 0.1043640 0.1030782 0.1355536 0.1099972 0.1111849 0.1285120 0.1606764 0.1273903 
Marmosidae_Monodelphis_domestica             0.0577564 0.0726671 0.0638443 0.0659678 0.0666250 0.0991641 0.0541405 0.0630927 0.0748525 0.0948559 0.0665921 0.0877878 0.1065574 0.0661005 0.0815932 0.0863558 0.1004529 0.0983260 0.0924328 0.0668192 0.0747722 0.0433877 0.0000000 0.0884426 0.0664661 0.0577860 0.0735533 0.0618820 0.0641982 0.1073165 0.0727931 0.0633528 0.0939334 0.0993462 0.0922118 
Dasyuridae_Antechinus_stuartii               0.0976994 0.1126782 0.0788515 0.0946200 0.0945623 0.0184226 0.0907471 0.0918612 0.0944274 0.1203873 0.0895525 0.0106529 0.0270504 0.0938990 0.0873758 0.0101000 0.0196221 0.0325512 0.1337554 0.0870284 0.0982043 0.1451646 0.0884426 0.0000000 0.0890391 0.1068980 0.1121142 0.0848232 0.0945208 0.1281765 0.0895952 0.0900170 0.1174634 0.0194486 0.1169246 
Hypsiprymnodontidae_Hypsiprymnodon_moschatus 0.0491169 0.0935965 0.0507995 0.0251843 0.0261431 0.0825078 0.0459415 0.0447265 0.0332312 0.0958143 0.0441816 0.0930719 0.0811535 0.0464548 0.0488524 0.0944597 0.1002196 0.0918740 0.1043326 0.0242623 0.0500011 0.1076389 0.0664661 0.0890391 0.0000000 0.0694762 0.0615191 0.0216832 0.0439161 0.0820130 0.0487663 0.0438423 0.0908918 0.0849574 0.0935030 
Microbiotheriidae_Dromiciops_gliroides       0.0616188 0.0917890 0.0671759 0.0742733 0.0741915 0.0909617 0.0742796 0.0715945 0.0866726 0.0970698 0.0765253 0.1134187 0.0870568 0.0723004 0.0859065 0.1136958 0.1189035 0.0972074 0.1118379 0.0681394 0.0818398 0.0993738 0.0577860 0.1068980 0.0694762 0.0000000 0.0884808 0.0658091 0.0760570 0.1105809 0.0768584 0.0741870 0.0987225 0.0928411 0.0948330 
Pseudochiridae_Petauroides_volans            0.0646946 0.0905929 0.0703354 0.0581384 0.0587214 0.0951258 0.0444493 0.0515796 0.0617953 0.1146699 0.0526493 0.1077863 0.1089748 0.0529161 0.0520028 0.1080999 0.1174348 0.1343322 0.0937765 0.0557312 0.0254299 0.1198368 0.0735533 0.1121142 0.0615191 0.0884808 0.0000000 0.0529839 0.0214695 0.0654432 0.0498335 0.0512791 0.1081540 0.0992655 0.1125759 
Macropodidae_Wallabia_bicolor                0.0427345 0.0765185 0.0446692 0.0115633 0.0131335 0.0803946 0.0389053 0.0388169 0.0170010 0.0864229 0.0381319 0.0921538 0.0762253 0.0395346 0.0457327 0.0920722 0.0931806 0.0830742 0.0974836 0.0045334 0.0436698 0.1043640 0.0618820 0.0848232 0.0216832 0.0658091 0.0529839 0.0000000 0.0375705 0.0752697 0.0453289 0.0366670 0.0820114 0.0828613 0.0844116 
Pseudochiridae_Pseudocheirus_occidentalis    0.0467196 0.0851519 0.0530587 0.0405498 0.0425922 0.0924377 0.0508583 0.0397910 0.0440732 0.1030930 0.0410089 0.0970545 0.0950809 0.0398298 0.0352345 0.0943638 0.1031166 0.1081615 0.1095706 0.0398791 0.0087121 0.1030782 0.0641982 0.0945208 0.0439161 0.0760570 0.0214695 0.0375705 0.0000000 0.0556446 0.0358062 0.0379593 0.0951904 0.0959597 0.1016924 
Tarsipedidae_Tarsipes_rostratus              0.0765653 0.1019113 0.0760388 0.0817035 0.0845463 0.1351582 0.0723541 0.0849532 0.0709665 0.1178963 0.0844454 0.1213002 0.1381622 0.0859364 0.0758400 0.1179193 0.1368964 0.1252771 0.1237580 0.0758628 0.0640640 0.1355536 0.1073165 0.1281765 0.0820130 0.1105809 0.0654432 0.0752697 0.0556446 0.0000000 0.0699047 0.0813672 0.1123067 0.1398810 0.1168125 
Acrobatidae_Distoechurus_pennatus            0.0565328 0.0841054 0.0505130 0.0470248 0.0481307 0.0874288 0.0450548 0.0463784 0.0547757 0.1103471 0.0490614 0.0992480 0.0925069 0.0492682 0.0187362 0.0970394 0.1013065 0.1050829 0.1270412 0.0473884 0.0397127 0.1099972 0.0727931 0.0895952 0.0487663 0.0768584 0.0498335 0.0453289 0.0358062 0.0699047 0.0000000 0.0464591 0.1011549 0.0886745 0.1086880 
Phalangeridae_Phalanger_carmelitae           0.0480108 0.0857443 0.0511390 0.0420965 0.0422465 0.0871000 0.0198547 0.0047178 0.0456024 0.0947282 0.0055542 0.0932873 0.0919351 0.0025922 0.0442183 0.0921030 0.1001213 0.1032375 0.1000297 0.0394202 0.0406130 0.1111849 0.0633528 0.0900170 0.0438423 0.0741870 0.0512791 0.0366670 0.0379593 0.0813672 0.0464591 0.0000000 0.0933398 0.0887762 0.0933015 
Peramelidae_Peroryctes_raffrayana            0.0882388 0.1111786 0.0902396 0.0906269 0.0910263 0.1056821 0.0888642 0.0955578 0.0913487 0.0101383 0.0983491 0.1121952 0.1031402 0.0946366 0.1021959 0.1123796 0.1294434 0.1194461 0.0249161 0.0848064 0.1030699 0.1285120 0.0939334 0.1174634 0.0908918 0.0987225 0.1081540 0.0820114 0.0951904 0.1123067 0.1011549 0.0933398 0.0000000 0.1067760 0.0098636 
Dasyuridae_Dasyurus_geffroii                 0.0823216 0.0848735 0.0807994 0.0931776 0.0934325 0.0032811 0.0720917 0.0873081 0.0953241 0.1076997 0.0884969 0.0228865 0.0353367 0.0919179 0.0846762 0.0227058 0.0039197 0.0321707 0.1095273 0.0838161 0.0976180 0.1606764 0.0993462 0.0194486 0.0849574 0.0928411 0.0992655 0.0828613 0.0959597 0.1398810 0.0886745 0.0887762 0.1067760 0.0000000 0.1051657 
Peramelidae_Perameles_gunnii                 0.0904674 0.1128920 0.0909956 0.0949259 0.0962436 0.1033716 0.0943397 0.0932750 0.0944673 0.0005876 0.0968151 0.1139942 0.0977325 0.0929724 0.1086591 0.1124444 0.1269794 0.1151673 0.0252322 0.0828394 0.1079016 0.1273903 0.0922118 0.1169246 0.0935030 0.0948330 0.1125759 0.0844116 0.1016924 0.1168125 0.1086880 0.0933015 0.0098636 0.1051657 0.0000000 
