35
Burramyidae_Burramys_parvus                  0.0000000 0.2761861 0.2278768 0.2227290 0.2383796 0.2654972 0.1985433 0.1906459 0.2279146 0.1996981 0.1888714 0.2614357 0.2709798 0.1951147 0.2120880 0.3052981 0.2730893 0.2795366 0.2805717 0.2286159 0.2249547 0.3176147 0.2437740 0.3397762 0.2195642 0.2584941 0.2125961 0.2186310 0.2205420 0.3014554 0.2051437 0.1972167 0.3426332 0.2742011 0.1955887 
Notoryctidae_Notoryctes_typhlops             0.2761861 0.0000000 0.1271611 0.1407921 0.1515083 0.1273752 0.1182787 0.1139601 0.1416640 0.1970488 0.1120510 0.1276301 0.1296480 0.1211914 0.1414394 0.1118794 0.1310718 0.1238321 0.1924795 0.1431014 0.1331133 0.1716902 0.1610774 0.1118348 0.1392571 0.1542260 0.1259073 0.1380669 0.1217421 0.1830410 0.1387010 0.1212576 0.1802685 0.1364423 0.1948652 
Vombatidae_Lasiorhinus_latifrons             0.2278768 0.1271611 0.0000000 0.1043753 0.1191176 0.1265777 0.0931745 0.0956049 0.1078542 0.1791467 0.0971556 0.1176642 0.1265208 0.1062892 0.0967918 0.1030566 0.1314825 0.1215998 0.1673978 0.1080318 0.1018712 0.1569005 0.1387088 0.1113510 0.1056171 0.1387327 0.0939457 0.1041462 0.0954755 0.1446453 0.0970536 0.1062477 0.1660912 0.1312854 0.1780254 
Potoroidae_Bettongia_penicillata             0.2227290 0.1407921 0.1043753 0.0000000 0.0220298 0.1457439 0.0935176 0.0918551 0.0211671 0.1995528 0.0949760 0.1367614 0.1422776 0.1025036 0.0968773 0.1098126 0.1467507 0.1276884 0.1793687 0.0344650 0.1100211 0.1655655 0.1507463 0.1258252 0.0559330 0.1637834 0.0990234 0.0326595 0.0969319 0.1550048 0.0930288 0.1008042 0.1751322 0.1468720 0.1990065 
Potoroidae_Bettongia_lesueur                 0.2383796 0.1515083 0.1191176 0.0220298 0.0000000 0.1632469 0.1098360 0.1058211 0.0202874 0.2194676 0.1094067 0.1565243 0.1626103 0.1183231 0.1113638 0.1322223 0.1659288 0.1488661 0.2006562 0.0354651 0.1253988 0.1802418 0.1675040 0.1480095 0.0680946 0.1832442 0.1131102 0.0342147 0.1097361 0.1740091 0.1081058 0.1166462 0.1871541 0.1661437 0.2193179 
Dasyuridae_Dasyurus_maculatus                0.2654972 0.1273752 0.1265777 0.1457439 0.1632469 0.0000000 0.1244759 0.1241748 0.1476020 0.1915357 0.1258055 0.0195323 0.0299976 0.1380811 0.1381258 0.0161117 0.0086785 0.0220326 0.1873470 0.1496723 0.1329680 0.1644404 0.1502579 0.0176960 0.1455097 0.1450512 0.1200365 0.1401590 0.1234126 0.1787855 0.1224808 0.1360148 0.1749230 0.0096833 0.1923044 
Phalangeridae_Trichosurus_vulpecula          0.1985433 0.1182787 0.0931745 0.0935176 0.1098360 0.1244759 0.0000000 0.0371061 0.0974027 0.1788408 0.0375152 0.1170065 0.1237627 0.0434940 0.0841880 0.0910309 0.1259018 0.1123499 0.1638069 0.0958444 0.0984209 0.1583954 0.1392656 0.1083622 0.0870312 0.1483023 0.0809383 0.0878074 0.0838624 0.1417373 0.0852872 0.0431279 0.1663488 0.1252520 0.1759982 
Phalangeridae_Spilocuscus_maculatus          0.1906459 0.1139601 0.0956049 0.0918551 0.1058211 0.1241748 0.0371061 0.0000000 0.0921173 0.1759099 0.0133953 0.1162724 0.1245506 0.0217063 0.0812571 0.0890197 0.1238040 0.1158600 0.1597519 0.0895619 0.0961530 0.1472737 0.1296020 0.1138957 0.0854517 0.1401231 0.0770424 0.0836159 0.0885394 0.1382294 0.0796224 0.0194189 0.1578251 0.1246259 0.1742322 
Potoroidae_Aepyprymnus_rufescens             0.2279146 0.1416640 0.1078542 0.0211671 0.0202874 0.1476020 0.0974027 0.0921173 0.0000000 0.1997329 0.0989593 0.1413467 0.1469463 0.1035182 0.1008476 0.1170881 0.1488509 0.1352093 0.1853519 0.0299733 0.1128106 0.1683099 0.1587576 0.1349371 0.0604461 0.1674535 0.1017864 0.0278583 0.0986971 0.1588941 0.0979911 0.1018407 0.1720211 0.1533471 0.2004245 
Peramelidae_Perameles_nasuta                 0.1996981 0.1970488 0.1791467 0.1995528 0.2194676 0.1915357 0.1788408 0.1759099 0.1997329 0.0000000 0.1800106 0.1874885 0.1864342 0.1866629 0.1832235 0.1635575 0.1934465 0.1822214 0.0281982 0.2040722 0.1804146 0.2107954 0.1879019 0.1484506 0.1968175 0.1773884 0.1710688 0.2005669 0.1703400 0.2342530 0.1754313 0.1889669 0.0294939 0.1973616 0.0005618 
Phalangeridae_Strigocuscus_pelengensis       0.1888714 0.1120510 0.0971556 0.0949760 0.1094067 0.1258055 0.0375152 0.0133953 0.0989593 0.1800106 0.0000000 0.1196616 0.1266185 0.0229152 0.0837056 0.0955464 0.1247244 0.1169255 0.1653626 0.0964725 0.0972390 0.1466191 0.1297135 0.1123604 0.0896693 0.1371283 0.0827760 0.0886454 0.0875140 0.1389722 0.0851773 0.0215425 0.1675094 0.1266248 0.1782926 
Dasyuridae_Phascogale_tapoatafa              0.2614357 0.1276301 0.1176642 0.1367614 0.1565243 0.0195323 0.1170065 0.1162724 0.1413467 0.1874885 0.1196616 0.0000000 0.0240635 0.1299614 0.1298114 0.0044164 0.0195118 0.0201390 0.1796214 0.1460624 0.1289464 0.1631104 0.1490117 0.0114385 0.1354056 0.1402817 0.1145751 0.1367243 0.1198757 0.1720176 0.1157519 0.1278448 0.1689833 0.0226287 0.1883496 
Dasyuridae_Sminthopsis_macroura              0.2709798 0.1296480 0.1265208 0.1422776 0.1626103 0.0299976 0.1237627 0.1245506 0.1469463 0.1864342 0.1266185 0.0240635 0.0000000 0.1354143 0.1368635 0.0201262 0.0299890 0.0220076 0.1828960 0.1503140 0.1368389 0.1651105 0.1464306 0.0242188 0.1435587 0.1453413 0.1249210 0.1401773 0.1274794 0.1787791 0.1220113 0.1355613 0.1709267 0.0311835 0.1864743 
Phalangeridae_Phalanger_orientalis           0.1951147 0.1211914 0.1062892 0.1025036 0.1183231 0.1380811 0.0434940 0.0217063 0.1035182 0.1866629 0.0229152 0.1299614 0.1354143 0.0000000 0.0939289 0.1037200 0.1370066 0.1307830 0.1684917 0.1019419 0.1052454 0.1512578 0.1380140 0.1191792 0.0966739 0.1515231 0.0876824 0.0947027 0.0930908 0.1465481 0.0953248 0.0104363 0.1743924 0.1377269 0.1846337 
Acrobatidae_Acrobates_pygmaeus               0.2120880 0.1414394 0.0967918 0.0968773 0.1113638 0.1381258 0.0841880 0.0812571 0.1008476 0.1832235 0.0837056 0.1298114 0.1368635 0.0939289 0.0000000 0.0998865 0.1402757 0.1280811 0.1757126 0.0993232 0.0890487 0.1579108 0.1403184 0.1274474 0.0925913 0.1543582 0.0794841 0.0924747 0.0768924 0.1452542 0.0529342 0.0919574 0.1713021 0.1402846 0.1838578 
Dasyuridae_Phascogale_calura                 0.3052981 0.1118794 0.1030566 0.1098126 0.1322223 0.0161117 0.0910309 0.0890197 0.1170881 0.1635575 0.0955464 0.0044164 0.0201262 0.1037200 0.0998865 0.0000000 0.0160853 0.0176876 0.1562133 0.1219132 0.1179561 0.1362374 0.1218733 0.0063044 0.1121987 0.1325613 0.1004508 0.1145685 0.1027006 0.1620174 0.0933832 0.1019108 0.1452244 0.0182448 0.1648243 
Dasyuridae_Sarcophilus_harrisii              0.2730893 0.1310718 0.1314825 0.1467507 0.1659288 0.0086785 0.1259018 0.1238040 0.1488509 0.1934465 0.1247244 0.0195118 0.0299890 0.1370066 0.1402757 0.0160853 0.0000000 0.0231590 0.1882106 0.1529303 0.1364292 0.1654392 0.1534648 0.0201013 0.1469107 0.1532242 0.1230436 0.1454709 0.1273596 0.1795234 0.1251411 0.1356610 0.1767735 0.0129542 0.1941326 
Dasyuridae_Planigale_tenuirostris            0.2795366 0.1238321 0.1215998 0.1276884 0.1488661 0.0220326 0.1123499 0.1158600 0.1352093 0.1822214 0.1169255 0.0201390 0.0220076 0.1307830 0.1280811 0.0176876 0.0231590 0.0000000 0.1753932 0.1346553 0.1294326 0.1626157 0.1393064 0.0166214 0.1299949 0.1447528 0.1154912 0.1281745 0.1177831 0.1778610 0.1125003 0.1291408 0.1626010 0.0238797 0.1806350 
Peramelidae_Echymipera_kalubu                0.2805717 0.1924795 0.1673978 0.1793687 0.2006562 0.1873470 0.1638069 0.1597519 0.1853519 0.0281982 0.1653626 0.1796214 0.1828960 0.1684917 0.1757126 0.1562133 0.1882106 0.1753932 0.0000000 0.1886306 0.1780001 0.1993086 0.1759403 0.1440935 0.1780886 0.1973853 0.1637782 0.1832552 0.1619749 0.2288079 0.1703861 0.1658425 0.0263513 0.1880558 0.0291061 
Macropodidae_Dorcopsulus_vanheurni           0.2286159 0.1431014 0.1080318 0.0344650 0.0354651 0.1496723 0.0958444 0.0895619 0.0299733 0.2040722 0.0964725 0.1460624 0.1503140 0.1019419 0.0993232 0.1219132 0.1529303 0.1346553 0.1886306 0.0000000 0.1174496 0.1733373 0.1684141 0.1427884 0.0602505 0.1677104 0.0990027 0.0105729 0.1009232 0.1619553 0.0937861 0.1001582 0.1743777 0.1536512 0.2052357 
Pseudochiridae_Pseudochirulus_forbesi        0.2249547 0.1331133 0.1018712 0.1100211 0.1253988 0.1329680 0.0984209 0.0961530 0.1128106 0.1804146 0.0972390 0.1289464 0.1368389 0.1052454 0.0890487 0.1179561 0.1364292 0.1294326 0.1780001 0.1174496 0.0000000 0.1679624 0.1531325 0.1260470 0.1038858 0.1520787 0.0621595 0.1097372 0.0358653 0.1390187 0.0870134 0.1075364 0.1708761 0.1375092 0.1789482 
Didelphidae_Didelphis_virginiana             0.3176147 0.1716902 0.1569005 0.1655655 0.1802418 0.1644404 0.1583954 0.1472737 0.1683099 0.2107954 0.1466191 0.1631104 0.1651105 0.1512578 0.1579108 0.1362374 0.1654392 0.1626157 0.1993086 0.1733373 0.1679624 0.0000000 0.0595655 0.1366736 0.1632345 0.1833520 0.1567748 0.1709171 0.1526891 0.2197602 0.1584247 0.1497104 0.1901917 0.1679986 0.2118273 
Marmosidae_Monodelphis_domestica             0.2437740 0.1610774 0.1387088 0.1507463 0.1675040 0.1502579 0.1392656 0.1296020 0.1587576 0.1879019 0.1297135 0.1490117 0.1464306 0.1380140 0.1403184 0.1218733 0.1534648 0.1393064 0.1759403 0.1684141 0.1531325 0.0595655 0.0000000 0.1437715 0.1493353 0.1660013 0.1371522 0.1571132 0.1404788 0.2014206 0.1385739 0.1365884 0.1778992 0.1514675 0.1811887 
Dasyuridae_Antechinus_stuartii               0.3397762 0.1118348 0.1113510 0.1258252 0.1480095 0.0176960 0.1083622 0.1138957 0.1349371 0.1484506 0.1123604 0.0114385 0.0242188 0.1191792 0.1274474 0.0063044 0.0201013 0.0166214 0.1440935 0.1427884 0.1260470 0.1366736 0.1437715 0.0000000 0.1191444 0.1429132 0.1064630 0.1350615 0.1144355 0.1406061 0.1109179 0.1173591 0.1325763 0.0201899 0.1485288 
Hypsiprymnodontidae_Hypsiprymnodon_moschatus 0.2195642 0.1392571 0.1056171 0.0559330 0.0680946 0.1455097 0.0870312 0.0854517 0.0604461 0.1968175 0.0896693 0.1354056 0.1435587 0.0966739 0.0925913 0.1121987 0.1469107 0.1299949 0.1780886 0.0602505 0.1038858 0.1632345 0.1493353 0.1191444 0.0000000 0.1598063 0.0902330 0.0540499 0.0871998 0.1487878 0.0891679 0.0973318 0.1823426 0.1481894 0.1912187 
Microbiotheriidae_Dromiciops_gliroides       0.2584941 0.1542260 0.1387327 0.1637834 0.1832442 0.1450512 0.1483023 0.1401231 0.1674535 0.1773884 0.1371283 0.1402817 0.1453413 0.1515231 0.1543582 0.1325613 0.1532242 0.1447528 0.1973853 0.1677104 0.1520787 0.1833520 0.1660013 0.1429132 0.1598063 0.0000000 0.1381448 0.1630006 0.1404991 0.2181137 0.1492587 0.1509222 0.2034596 0.1521598 0.1766059 
Pseudochiridae_Petauroides_volans            0.2125961 0.1259073 0.0939457 0.0990234 0.1131102 0.1200365 0.0809383 0.0770424 0.1017864 0.1710688 0.0827760 0.1145751 0.1249210 0.0876824 0.0794841 0.1004508 0.1230436 0.1154912 0.1637782 0.0990027 0.0621595 0.1567748 0.1371522 0.1064630 0.0902330 0.1381448 0.0000000 0.0952790 0.0515196 0.1279626 0.0789106 0.0889859 0.1501372 0.1228519 0.1718095 
Macropodidae_Wallabia_bicolor                0.2186310 0.1380669 0.1041462 0.0326595 0.0342147 0.1401590 0.0878074 0.0836159 0.0278583 0.2005669 0.0886454 0.1367243 0.1401773 0.0947027 0.0924747 0.1145685 0.1454709 0.1281745 0.1832552 0.0105729 0.1097372 0.1709171 0.1571132 0.1350615 0.0540499 0.1630006 0.0952790 0.0000000 0.0914284 0.1536362 0.0891699 0.0930121 0.1702044 0.1453411 0.1971996 
Pseudochiridae_Pseudocheirus_occidentalis    0.2205420 0.1217421 0.0954755 0.0969319 0.1097361 0.1234126 0.0838624 0.0885394 0.0986971 0.1703400 0.0875140 0.1198757 0.1274794 0.0930908 0.0768924 0.1027006 0.1273596 0.1177831 0.1619749 0.1009232 0.0358653 0.1526891 0.1404788 0.1144355 0.0871998 0.1404991 0.0515196 0.0914284 0.0000000 0.1254167 0.0814581 0.0946001 0.1549366 0.1285241 0.1669721 
Tarsipedidae_Tarsipes_rostratus              0.3014554 0.1830410 0.1446453 0.1550048 0.1740091 0.1787855 0.1417373 0.1382294 0.1588941 0.2342530 0.1389722 0.1720176 0.1787791 0.1465481 0.1452542 0.1620174 0.1795234 0.1778610 0.2288079 0.1619553 0.1390187 0.2197602 0.2014206 0.1406061 0.1487878 0.2181137 0.1279626 0.1536362 0.1254167 0.0000000 0.1377730 0.1468531 0.2075321 0.1788289 0.2315429 
Acrobatidae_Distoechurus_pennatus            0.2051437 0.1387010 0.0970536 0.0930288 0.1081058 0.1224808 0.0852872 0.0796224 0.0979911 0.1754313 0.0851773 0.1157519 0.1220113 0.0953248 0.0529342 0.0933832 0.1251411 0.1125003 0.1703861 0.0937861 0.0870134 0.1584247 0.1385739 0.1109179 0.0891679 0.1492587 0.0789106 0.0891699 0.0814581 0.1377730 0.0000000 0.0946200 0.1616437 0.1256054 0.1772563 
Phalangeridae_Phalanger_carmelitae           0.1972167 0.1212576 0.1062477 0.1008042 0.1166462 0.1360148 0.0431279 0.0194189 0.1018407 0.1889669 0.0215425 0.1278448 0.1355613 0.0104363 0.0919574 0.1019108 0.1356610 0.1291408 0.1658425 0.1001582 0.1075364 0.1497104 0.1365884 0.1173591 0.0973318 0.1509222 0.0889859 0.0930121 0.0946001 0.1468531 0.0946200 0.0000000 0.1737894 0.1363048 0.1868109 
Peramelidae_Peroryctes_raffrayana            0.3426332 0.1802685 0.1660912 0.1751322 0.1871541 0.1749230 0.1663488 0.1578251 0.1720211 0.0294939 0.1675094 0.1689833 0.1709267 0.1743924 0.1713021 0.1452244 0.1767735 0.1626010 0.0263513 0.1743777 0.1708761 0.1901917 0.1778992 0.1325763 0.1823426 0.2034596 0.1501372 0.1702044 0.1549366 0.2075321 0.1616437 0.1737894 0.0000000 0.1768934 0.0304561 
Dasyuridae_Dasyurus_geffroii                 0.2742011 0.1364423 0.1312854 0.1468720 0.1661437 0.0096833 0.1252520 0.1246259 0.1533471 0.1973616 0.1266248 0.0226287 0.0311835 0.1377269 0.1402846 0.0182448 0.0129542 0.0238797 0.1880558 0.1536512 0.1375092 0.1679986 0.1514675 0.0201899 0.1481894 0.1521598 0.1228519 0.1453411 0.1285241 0.1788289 0.1256054 0.1363048 0.1768934 0.0000000 0.1987326 
Peramelidae_Perameles_gunnii                 0.1955887 0.1948652 0.1780254 0.1990065 0.2193179 0.1923044 0.1759982 0.1742322 0.2004245 0.0005618 0.1782926 0.1883496 0.1864743 0.1846337 0.1838578 0.1648243 0.1941326 0.1806350 0.0291061 0.2052357 0.1789482 0.2118273 0.1811887 0.1485288 0.1912187 0.1766059 0.1718095 0.1971996 0.1669721 0.2315429 0.1772563 0.1868109 0.0304561 0.1987326 0.0000000 
