35
Burramyidae_Burramys_parvus                  0.0000000 0.0487954 0.0322444 0.0353350 0.0344580 0.0477867 0.0243677 0.0248151 0.0326682 0.0535429 0.0228807 0.0510440 0.0517775 0.0254965 0.0332589 0.0511752 0.0496390 0.0488022 0.0546484 0.0292262 0.0333678 0.0551103 0.0507045 0.0492775 0.0347781 0.0364667 0.0285532 0.0298453 0.0306885 0.0503133 0.0312534 0.0256205 0.0527739 0.0496868 0.0534934 
Notoryctidae_Notoryctes_typhlops             0.0487954 0.0000000 0.0483308 0.0586428 0.0591121 0.0587037 0.0491651 0.0521835 0.0572843 0.0603359 0.0504094 0.0634690 0.0635097 0.0514749 0.0563410 0.0626390 0.0597662 0.0606506 0.0625416 0.0551634 0.0564771 0.0705104 0.0658237 0.0608550 0.0577657 0.0481830 0.0518819 0.0558669 0.0542691 0.0741444 0.0557667 0.0522005 0.0606449 0.0595515 0.0617421 
Vombatidae_Lasiorhinus_latifrons             0.0322444 0.0483308 0.0000000 0.0395664 0.0399970 0.0454125 0.0311351 0.0322005 0.0362446 0.0509750 0.0306867 0.0491062 0.0502517 0.0323225 0.0374108 0.0484823 0.0472981 0.0456589 0.0533967 0.0350725 0.0381935 0.0549204 0.0501070 0.0471380 0.0375621 0.0359417 0.0341865 0.0351986 0.0369448 0.0535182 0.0363894 0.0326299 0.0517096 0.0466643 0.0516942 
Potoroidae_Bettongia_penicillata             0.0353350 0.0586428 0.0395664 0.0000000 0.0029792 0.0521727 0.0345211 0.0352749 0.0111638 0.0604810 0.0346514 0.0553446 0.0555657 0.0366477 0.0396455 0.0554500 0.0541240 0.0546412 0.0603798 0.0175067 0.0433229 0.0646316 0.0584037 0.0536271 0.0307009 0.0457658 0.0396745 0.0188851 0.0394940 0.0600162 0.0381333 0.0358735 0.0600800 0.0541765 0.0619848 
Potoroidae_Bettongia_lesueur                 0.0344580 0.0591121 0.0399970 0.0029792 0.0000000 0.0522212 0.0342909 0.0348334 0.0103852 0.0614748 0.0337316 0.0563066 0.0565287 0.0359892 0.0394047 0.0564142 0.0546272 0.0554155 0.0611173 0.0172989 0.0427257 0.0647175 0.0587123 0.0545917 0.0308897 0.0464756 0.0390414 0.0184687 0.0393271 0.0596895 0.0378970 0.0356410 0.0605937 0.0546802 0.0627893 
Dasyuridae_Dasyurus_maculatus                0.0477867 0.0587037 0.0454125 0.0521727 0.0522212 0.0000000 0.0459884 0.0469121 0.0518967 0.0608519 0.0443857 0.0135028 0.0188226 0.0474627 0.0527189 0.0125614 0.0035419 0.0180567 0.0610450 0.0493983 0.0538471 0.0596790 0.0583660 0.0122651 0.0548268 0.0431813 0.0479563 0.0525411 0.0509659 0.0701791 0.0511502 0.0477660 0.0618639 0.0029815 0.0623760 
Phalangeridae_Trichosurus_vulpecula          0.0243677 0.0491651 0.0311351 0.0345211 0.0342909 0.0459884 0.0000000 0.0103966 0.0304604 0.0528561 0.0100818 0.0488095 0.0492951 0.0117787 0.0317735 0.0486948 0.0474164 0.0442220 0.0530312 0.0283248 0.0343767 0.0584390 0.0513498 0.0479270 0.0330039 0.0347327 0.0279129 0.0297830 0.0314514 0.0477531 0.0305816 0.0111571 0.0528037 0.0474620 0.0536906 
Phalangeridae_Spilocuscus_maculatus          0.0248151 0.0521835 0.0322005 0.0352749 0.0348334 0.0469121 0.0103966 0.0000000 0.0317703 0.0530148 0.0060125 0.0497810 0.0497877 0.0069699 0.0322569 0.0496678 0.0479034 0.0446972 0.0542945 0.0300141 0.0357399 0.0598684 0.0521480 0.0479568 0.0351504 0.0354790 0.0283553 0.0308718 0.0323814 0.0487504 0.0306495 0.0063755 0.0538049 0.0483941 0.0540622 
Potoroidae_Aepyprymnus_rufescens             0.0326682 0.0572843 0.0362446 0.0111638 0.0103852 0.0518967 0.0304604 0.0317703 0.0000000 0.0587146 0.0313656 0.0555156 0.0557713 0.0327048 0.0380052 0.0554128 0.0538440 0.0531922 0.0584055 0.0135241 0.0393958 0.0631155 0.0569015 0.0535909 0.0264955 0.0431975 0.0363686 0.0151993 0.0357929 0.0562258 0.0360993 0.0319570 0.0578120 0.0538961 0.0589171 
Peramelidae_Perameles_nasuta                 0.0535429 0.0603359 0.0509750 0.0604810 0.0614748 0.0608519 0.0528561 0.0530148 0.0587146 0.0000000 0.0513930 0.0653332 0.0653050 0.0523837 0.0592247 0.0649453 0.0619506 0.0628371 0.0141034 0.0554993 0.0625430 0.0710427 0.0621073 0.0642007 0.0608234 0.0528436 0.0557098 0.0574792 0.0601684 0.0783616 0.0563674 0.0526979 0.0119900 0.0617563 0.0009753 
Phalangeridae_Strigocuscus_pelengensis       0.0228807 0.0504094 0.0306867 0.0346514 0.0337316 0.0443857 0.0100818 0.0060125 0.0313656 0.0513930 0.0000000 0.0483760 0.0481440 0.0068392 0.0312706 0.0480148 0.0455536 0.0437888 0.0538163 0.0292427 0.0341950 0.0585328 0.0516512 0.0468012 0.0353957 0.0357531 0.0272322 0.0304622 0.0314805 0.0494708 0.0299474 0.0062111 0.0524709 0.0459460 0.0516688 
Dasyuridae_Phascogale_tapoatafa              0.0510440 0.0634690 0.0491062 0.0553446 0.0563066 0.0135028 0.0488095 0.0497810 0.0555156 0.0653332 0.0483760 0.0000000 0.0225048 0.0516934 0.0563874 0.0042971 0.0149030 0.0219106 0.0659783 0.0536699 0.0574630 0.0638993 0.0619910 0.0089295 0.0582428 0.0467309 0.0521622 0.0564698 0.0543490 0.0735689 0.0538279 0.0515406 0.0664236 0.0133519 0.0670952 
Dasyuridae_Sminthopsis_macroura              0.0517775 0.0635097 0.0502517 0.0555657 0.0565287 0.0188226 0.0492951 0.0497877 0.0557713 0.0653050 0.0481440 0.0225048 0.0000000 0.0517011 0.0554758 0.0219542 0.0196636 0.0168418 0.0659072 0.0541690 0.0572445 0.0647369 0.0615216 0.0227344 0.0587917 0.0458045 0.0508474 0.0567330 0.0546245 0.0740541 0.0545349 0.0510680 0.0671453 0.0188554 0.0668155 
Phalangeridae_Phalanger_orientalis           0.0254965 0.0514749 0.0323225 0.0366477 0.0359892 0.0474627 0.0117787 0.0069699 0.0327048 0.0523837 0.0068392 0.0516934 0.0517011 0.0000000 0.0334215 0.0515833 0.0489046 0.0464204 0.0550901 0.0305257 0.0362550 0.0593302 0.0532362 0.0500290 0.0352190 0.0370595 0.0284535 0.0313967 0.0331200 0.0507350 0.0319795 0.0027980 0.0546312 0.0493987 0.0536374 
Acrobatidae_Acrobates_pygmaeus               0.0332589 0.0563410 0.0374108 0.0396455 0.0394047 0.0527189 0.0317735 0.0322569 0.0380052 0.0592247 0.0312706 0.0563874 0.0554758 0.0334215 0.0000000 0.0556114 0.0540660 0.0519449 0.0603426 0.0351061 0.0371401 0.0648207 0.0587640 0.0545423 0.0401806 0.0428267 0.0311097 0.0370078 0.0331794 0.0510455 0.0207423 0.0330920 0.0587574 0.0542089 0.0606776 
Dasyuridae_Phascogale_calura                 0.0511752 0.0626390 0.0484823 0.0554500 0.0564142 0.0125614 0.0486948 0.0496678 0.0554128 0.0649453 0.0480148 0.0042971 0.0219542 0.0515833 0.0556114 0.0000000 0.0139583 0.0211230 0.0655910 0.0535635 0.0568845 0.0625638 0.0598975 0.0077952 0.0581450 0.0466087 0.0518429 0.0559001 0.0535385 0.0740094 0.0537219 0.0514306 0.0657641 0.0125982 0.0666875 
Dasyuridae_Sarcophilus_harrisii              0.0496390 0.0597662 0.0472981 0.0541240 0.0546272 0.0035419 0.0474164 0.0479034 0.0538440 0.0619506 0.0455536 0.0149030 0.0196636 0.0489046 0.0540660 0.0139583 0.0000000 0.0191092 0.0621232 0.0508987 0.0546694 0.0621851 0.0606069 0.0142620 0.0568388 0.0448212 0.0501163 0.0540783 0.0524767 0.0719073 0.0526133 0.0487609 0.0629674 0.0039285 0.0632711 
Dasyuridae_Planigale_tenuirostris            0.0488022 0.0606506 0.0456589 0.0546412 0.0554155 0.0180567 0.0442220 0.0446972 0.0531922 0.0628371 0.0437888 0.0219106 0.0168418 0.0464204 0.0519449 0.0211230 0.0191092 0.0000000 0.0620493 0.0501927 0.0532072 0.0638627 0.0618601 0.0200395 0.0552981 0.0431116 0.0491558 0.0513907 0.0508314 0.0684070 0.0516704 0.0468403 0.0636316 0.0184973 0.0637406 
Peramelidae_Echymipera_kalubu                0.0546484 0.0625416 0.0533967 0.0603798 0.0611173 0.0610450 0.0530312 0.0542945 0.0584055 0.0141034 0.0538163 0.0659783 0.0659072 0.0550901 0.0603426 0.0655910 0.0621232 0.0620493 0.0000000 0.0544723 0.0624406 0.0712875 0.0644168 0.0644184 0.0613998 0.0535049 0.0572385 0.0566952 0.0605790 0.0799698 0.0572711 0.0551349 0.0111753 0.0619291 0.0140190 
Macropodidae_Dorcopsulus_vanheurni           0.0292262 0.0551634 0.0350725 0.0175067 0.0172989 0.0493983 0.0283248 0.0300141 0.0135241 0.0554993 0.0292427 0.0536699 0.0541690 0.0305257 0.0351061 0.0535635 0.0508987 0.0501927 0.0544723 0.0000000 0.0375499 0.0621075 0.0559522 0.0512591 0.0253685 0.0410854 0.0334901 0.0059299 0.0341631 0.0516366 0.0336734 0.0299953 0.0544488 0.0513973 0.0562601 
Pseudochiridae_Pseudochirulus_forbesi        0.0333678 0.0564771 0.0381935 0.0433229 0.0427257 0.0538471 0.0343767 0.0357399 0.0393958 0.0625430 0.0341950 0.0574630 0.0572445 0.0362550 0.0371401 0.0568845 0.0546694 0.0532072 0.0624406 0.0375499 0.0000000 0.0615992 0.0542161 0.0563258 0.0417370 0.0455270 0.0202290 0.0379375 0.0110387 0.0526964 0.0350814 0.0363531 0.0614649 0.0547040 0.0628633 
Didelphidae_Didelphis_virginiana             0.0551103 0.0705104 0.0549204 0.0646316 0.0647175 0.0596790 0.0584390 0.0598684 0.0631155 0.0710427 0.0585328 0.0638993 0.0647369 0.0593302 0.0648207 0.0625638 0.0621851 0.0638627 0.0712875 0.0621075 0.0615992 0.0000000 0.0236301 0.0635339 0.0636237 0.0552686 0.0570697 0.0622527 0.0594588 0.0813101 0.0600080 0.0594034 0.0723953 0.0612659 0.0727493 
Marmosidae_Monodelphis_domestica             0.0507045 0.0658237 0.0501070 0.0584037 0.0587123 0.0583660 0.0513498 0.0521480 0.0569015 0.0621073 0.0516512 0.0619910 0.0615216 0.0532362 0.0587640 0.0598975 0.0606069 0.0618601 0.0644168 0.0559522 0.0542161 0.0236301 0.0000000 0.0590755 0.0585144 0.0517460 0.0495688 0.0556241 0.0523387 0.0744355 0.0567404 0.0527957 0.0627377 0.0599042 0.0635386 
Dasyuridae_Antechinus_stuartii               0.0492775 0.0608550 0.0471380 0.0536271 0.0545917 0.0122651 0.0479270 0.0479568 0.0535909 0.0642007 0.0468012 0.0089295 0.0227344 0.0500290 0.0545423 0.0077952 0.0142620 0.0200395 0.0644184 0.0512591 0.0563258 0.0635339 0.0590755 0.0000000 0.0563304 0.0459902 0.0512089 0.0538033 0.0534036 0.0720689 0.0511939 0.0497385 0.0643269 0.0128632 0.0656887 
Hypsiprymnodontidae_Hypsiprymnodon_moschatus 0.0347781 0.0577657 0.0375621 0.0307009 0.0308897 0.0548268 0.0330039 0.0351504 0.0264955 0.0608234 0.0353957 0.0582428 0.0587917 0.0352190 0.0401806 0.0581450 0.0568388 0.0552981 0.0613998 0.0253685 0.0417370 0.0636237 0.0585144 0.0563304 0.0000000 0.0434168 0.0357235 0.0267474 0.0377337 0.0568165 0.0371623 0.0348755 0.0603872 0.0566470 0.0621425 
Microbiotheriidae_Dromiciops_gliroides       0.0364667 0.0481830 0.0359417 0.0457658 0.0464756 0.0431813 0.0347327 0.0354790 0.0431975 0.0528436 0.0357531 0.0467309 0.0458045 0.0370595 0.0428267 0.0466087 0.0448212 0.0431116 0.0535049 0.0410854 0.0455270 0.0552686 0.0517460 0.0459902 0.0434168 0.0000000 0.0398280 0.0417917 0.0428250 0.0592603 0.0423863 0.0367423 0.0535189 0.0438781 0.0537189 
Pseudochiridae_Petauroides_volans            0.0285532 0.0518819 0.0341865 0.0396745 0.0390414 0.0479563 0.0279129 0.0283553 0.0363686 0.0557098 0.0272322 0.0521622 0.0508474 0.0284535 0.0311097 0.0518429 0.0501163 0.0491558 0.0572385 0.0334901 0.0202290 0.0570697 0.0495688 0.0512089 0.0357235 0.0398280 0.0000000 0.0352591 0.0179259 0.0477099 0.0295421 0.0285620 0.0570119 0.0499226 0.0571966 
Macropodidae_Wallabia_bicolor                0.0298453 0.0558669 0.0351986 0.0188851 0.0184687 0.0525411 0.0297830 0.0308718 0.0151993 0.0574792 0.0304622 0.0564698 0.0567330 0.0313967 0.0370078 0.0559001 0.0540783 0.0513907 0.0566952 0.0059299 0.0379375 0.0622527 0.0556241 0.0538033 0.0267474 0.0417917 0.0352591 0.0000000 0.0356003 0.0532578 0.0353126 0.0310829 0.0554157 0.0545946 0.0579667 
Pseudochiridae_Pseudocheirus_occidentalis    0.0306885 0.0542691 0.0369448 0.0394940 0.0393271 0.0509659 0.0314514 0.0323814 0.0357929 0.0601684 0.0314805 0.0543490 0.0546245 0.0331200 0.0331794 0.0535385 0.0524767 0.0508314 0.0605790 0.0341631 0.0110387 0.0594588 0.0523387 0.0534036 0.0377337 0.0428250 0.0179259 0.0356003 0.0000000 0.0483467 0.0315165 0.0325828 0.0602996 0.0518281 0.0617312 
Tarsipedidae_Tarsipes_rostratus              0.0503133 0.0741444 0.0535182 0.0600162 0.0596895 0.0701791 0.0477531 0.0487504 0.0562258 0.0783616 0.0494708 0.0735689 0.0740541 0.0507350 0.0510455 0.0740094 0.0719073 0.0684070 0.0799698 0.0516366 0.0526964 0.0813101 0.0744355 0.0720689 0.0568165 0.0592603 0.0477099 0.0532578 0.0483467 0.0000000 0.0516929 0.0504461 0.0794143 0.0714988 0.0784407 
Acrobatidae_Distoechurus_pennatus            0.0312534 0.0557667 0.0363894 0.0381333 0.0378970 0.0511502 0.0305816 0.0306495 0.0360993 0.0563674 0.0299474 0.0538279 0.0545349 0.0319795 0.0207423 0.0537219 0.0526133 0.0516704 0.0572711 0.0336734 0.0350814 0.0600080 0.0567404 0.0511939 0.0371623 0.0423863 0.0295421 0.0353126 0.0315165 0.0516929 0.0000000 0.0320667 0.0561281 0.0522139 0.0586567 
Phalangeridae_Phalanger_carmelitae           0.0256205 0.0522005 0.0326299 0.0358735 0.0356410 0.0477660 0.0111571 0.0063755 0.0319570 0.0526979 0.0062111 0.0515406 0.0510680 0.0027980 0.0330920 0.0514306 0.0487609 0.0468403 0.0551349 0.0299953 0.0363531 0.0594034 0.0527957 0.0497385 0.0348755 0.0367423 0.0285620 0.0310829 0.0325828 0.0504461 0.0320667 0.0000000 0.0547152 0.0492533 0.0537264 
Peramelidae_Peroryctes_raffrayana            0.0527739 0.0606449 0.0517096 0.0600800 0.0605937 0.0618639 0.0528037 0.0538049 0.0578120 0.0119900 0.0524709 0.0664236 0.0671453 0.0546312 0.0587574 0.0657641 0.0629674 0.0636316 0.0111753 0.0544488 0.0614649 0.0723953 0.0627377 0.0643269 0.0603872 0.0535189 0.0570119 0.0554157 0.0602996 0.0794143 0.0561281 0.0547152 0.0000000 0.0627697 0.0121928 
Dasyuridae_Dasyurus_geffroii                 0.0496868 0.0595515 0.0466643 0.0541765 0.0546802 0.0029815 0.0474620 0.0483941 0.0538961 0.0617563 0.0459460 0.0133519 0.0188554 0.0493987 0.0542089 0.0125982 0.0039285 0.0184973 0.0619291 0.0513973 0.0547040 0.0612659 0.0599042 0.0128632 0.0566470 0.0438781 0.0499226 0.0545946 0.0518281 0.0714988 0.0522139 0.0492533 0.0627697 0.0000000 0.0633145 
Peramelidae_Perameles_gunnii                 0.0534934 0.0617421 0.0516942 0.0619848 0.0627893 0.0623760 0.0536906 0.0540622 0.0589171 0.0009753 0.0516688 0.0670952 0.0668155 0.0536374 0.0606776 0.0666875 0.0632711 0.0637406 0.0140190 0.0562601 0.0628633 0.0727493 0.0635386 0.0656887 0.0621425 0.0537189 0.0571966 0.0579667 0.0617312 0.0784407 0.0586567 0.0537264 0.0121928 0.0633145 0.0000000 
