35
Burramyidae_Burramys_parvus                  0.0000000 0.0421239 0.0282826 0.0358339 0.0361200 0.0389572 0.0238419 0.0248694 0.0347193 0.0431786 0.0245787 0.0405950 0.0418436 0.0246297 0.0309163 0.0403029 0.0385995 0.0369281 0.0438186 0.0340618 0.0377028 0.0654544 0.0609104 0.0407020 0.0340510 0.0413181 0.0285151 0.0357414 0.0281918 0.0405690 0.0304760 0.0248329 0.0434929 0.0400269 0.0426760 
Notoryctidae_Notoryctes_typhlops             0.0421239 0.0000000 0.0431654 0.0499645 0.0505341 0.0472281 0.0393649 0.0423213 0.0485445 0.0517092 0.0411890 0.0487884 0.0494647 0.0418822 0.0457083 0.0488854 0.0470046 0.0443980 0.0507592 0.0485430 0.0509655 0.0741328 0.0686449 0.0476369 0.0482922 0.0494206 0.0441080 0.0479304 0.0437568 0.0571114 0.0444265 0.0427679 0.0507199 0.0484046 0.0514692 
Vombatidae_Lasiorhinus_latifrons             0.0282826 0.0431654 0.0000000 0.0349662 0.0349209 0.0350791 0.0267244 0.0269957 0.0335333 0.0456323 0.0260012 0.0372340 0.0381539 0.0263633 0.0293502 0.0368018 0.0366919 0.0357017 0.0450275 0.0327039 0.0362678 0.0607234 0.0605385 0.0372058 0.0368237 0.0409517 0.0284416 0.0346896 0.0305956 0.0417677 0.0314511 0.0270984 0.0443516 0.0359193 0.0449454 
Potoroidae_Bettongia_penicillata             0.0358339 0.0499645 0.0349662 0.0000000 0.0029163 0.0487776 0.0330248 0.0369069 0.0075651 0.0507812 0.0344641 0.0488630 0.0485768 0.0357781 0.0403468 0.0487651 0.0489511 0.0458953 0.0496735 0.0115981 0.0437330 0.0699335 0.0700161 0.0491603 0.0215081 0.0477091 0.0375397 0.0142630 0.0365656 0.0488342 0.0370363 0.0354409 0.0503589 0.0491817 0.0493153 
Potoroidae_Bettongia_lesueur                 0.0361200 0.0505341 0.0349209 0.0029163 0.0000000 0.0475830 0.0338225 0.0370059 0.0075556 0.0507758 0.0344218 0.0474618 0.0469864 0.0362526 0.0410035 0.0473630 0.0477474 0.0451837 0.0493820 0.0122441 0.0444220 0.0688700 0.0675910 0.0481387 0.0208895 0.0469793 0.0381795 0.0147084 0.0372631 0.0485501 0.0373677 0.0359127 0.0497773 0.0477963 0.0492174 
Dasyuridae_Dasyurus_maculatus                0.0389572 0.0472281 0.0350791 0.0487776 0.0475830 0.0000000 0.0358080 0.0374373 0.0451533 0.0482024 0.0364033 0.0108444 0.0170421 0.0370323 0.0423209 0.0107083 0.0055145 0.0165614 0.0497107 0.0427114 0.0486432 0.0600685 0.0572971 0.0113042 0.0454956 0.0430838 0.0420015 0.0449592 0.0413499 0.0528349 0.0428875 0.0384401 0.0473634 0.0041415 0.0488299 
Phalangeridae_Trichosurus_vulpecula          0.0238419 0.0393649 0.0267244 0.0330248 0.0338225 0.0358080 0.0000000 0.0110941 0.0312373 0.0408293 0.0105561 0.0364837 0.0370553 0.0109858 0.0280016 0.0367169 0.0347481 0.0322250 0.0424484 0.0296637 0.0340021 0.0600844 0.0566304 0.0366913 0.0298626 0.0363985 0.0264399 0.0313135 0.0243412 0.0383752 0.0266643 0.0121073 0.0410075 0.0361640 0.0409330 
Phalangeridae_Spilocuscus_maculatus          0.0248694 0.0423213 0.0269957 0.0369069 0.0370059 0.0374373 0.0110941 0.0000000 0.0340480 0.0443796 0.0058793 0.0383427 0.0406837 0.0048819 0.0300782 0.0384036 0.0368870 0.0351395 0.0447472 0.0339266 0.0353268 0.0607375 0.0562470 0.0389880 0.0332850 0.0378964 0.0270098 0.0350935 0.0266116 0.0400647 0.0295532 0.0054161 0.0441075 0.0377979 0.0438114 
Potoroidae_Aepyprymnus_rufescens             0.0347193 0.0485445 0.0335333 0.0075651 0.0075556 0.0451533 0.0312373 0.0340480 0.0000000 0.0481083 0.0324378 0.0455971 0.0456606 0.0332809 0.0382976 0.0454969 0.0449426 0.0431763 0.0491496 0.0099821 0.0424943 0.0679888 0.0667344 0.0461838 0.0202326 0.0457560 0.0363540 0.0130803 0.0351516 0.0471237 0.0369335 0.0332985 0.0482751 0.0453634 0.0478305 
Peramelidae_Perameles_nasuta                 0.0431786 0.0517092 0.0456323 0.0507812 0.0507758 0.0482024 0.0408293 0.0443796 0.0481083 0.0000000 0.0425488 0.0474866 0.0493168 0.0433705 0.0460376 0.0471783 0.0469925 0.0439766 0.0100190 0.0481466 0.0548382 0.0687216 0.0639765 0.0473499 0.0491139 0.0486136 0.0474933 0.0499897 0.0478352 0.0571200 0.0461561 0.0446831 0.0087879 0.0472371 0.0000010 
Phalangeridae_Strigocuscus_pelengensis       0.0245787 0.0411890 0.0260012 0.0344641 0.0344218 0.0364033 0.0105561 0.0058793 0.0324378 0.0425488 0.0000000 0.0371785 0.0392111 0.0054578 0.0270183 0.0373577 0.0360040 0.0344623 0.0432062 0.0327023 0.0333856 0.0623794 0.0581969 0.0381666 0.0318489 0.0373171 0.0262399 0.0327717 0.0243893 0.0375139 0.0288427 0.0058760 0.0429415 0.0369786 0.0416091 
Dasyuridae_Phascogale_tapoatafa              0.0405950 0.0487884 0.0372340 0.0488630 0.0474618 0.0108444 0.0364837 0.0383427 0.0455971 0.0474866 0.0371785 0.0000000 0.0148235 0.0370414 0.0432543 0.0017244 0.0107035 0.0140868 0.0474679 0.0444813 0.0490733 0.0615186 0.0595570 0.0081444 0.0470896 0.0428242 0.0433356 0.0455428 0.0418064 0.0518621 0.0446957 0.0382794 0.0459414 0.0104255 0.0477630 
Dasyuridae_Sminthopsis_macroura              0.0418436 0.0494647 0.0381539 0.0485768 0.0469864 0.0170421 0.0370553 0.0406837 0.0456606 0.0493168 0.0392111 0.0148235 0.0000000 0.0395637 0.0433243 0.0148364 0.0162972 0.0122108 0.0490331 0.0445873 0.0511358 0.0603404 0.0583078 0.0159833 0.0454931 0.0459119 0.0444622 0.0458168 0.0421294 0.0557975 0.0443999 0.0406134 0.0471820 0.0161584 0.0499283 
Phalangeridae_Phalanger_orientalis           0.0246297 0.0418822 0.0263633 0.0357781 0.0362526 0.0370323 0.0109858 0.0048819 0.0332809 0.0433705 0.0054578 0.0370414 0.0395637 0.0000000 0.0288192 0.0371002 0.0361303 0.0341864 0.0443405 0.0332227 0.0341541 0.0624696 0.0588005 0.0377946 0.0330334 0.0369712 0.0255782 0.0339674 0.0249546 0.0392231 0.0289502 0.0024122 0.0436982 0.0370384 0.0426502 
Acrobatidae_Acrobates_pygmaeus               0.0309163 0.0457083 0.0293502 0.0403468 0.0410035 0.0423209 0.0280016 0.0300782 0.0382976 0.0460376 0.0270183 0.0432543 0.0433243 0.0288192 0.0000000 0.0431618 0.0421333 0.0415406 0.0459652 0.0368940 0.0350659 0.0647506 0.0613403 0.0422868 0.0372448 0.0429371 0.0289547 0.0386157 0.0282809 0.0419710 0.0187528 0.0295259 0.0463057 0.0431058 0.0454407 
Dasyuridae_Phascogale_calura                 0.0403029 0.0488854 0.0368018 0.0487651 0.0473630 0.0107083 0.0367169 0.0384036 0.0454969 0.0471783 0.0373577 0.0017244 0.0148364 0.0371002 0.0431618 0.0000000 0.0108477 0.0146975 0.0470021 0.0447370 0.0491537 0.0615494 0.0596621 0.0085734 0.0471441 0.0426672 0.0426480 0.0458041 0.0416155 0.0519144 0.0446054 0.0383402 0.0456042 0.0102896 0.0474644 
Dasyuridae_Sarcophilus_harrisii              0.0385995 0.0470046 0.0366919 0.0489511 0.0477474 0.0055145 0.0347481 0.0368870 0.0449426 0.0469925 0.0360040 0.0107035 0.0162972 0.0361303 0.0421333 0.0108477 0.0000000 0.0155803 0.0481468 0.0432469 0.0483079 0.0613530 0.0583332 0.0107216 0.0456348 0.0432317 0.0423590 0.0447028 0.0398376 0.0512135 0.0433933 0.0378858 0.0470078 0.0053788 0.0476530 
Dasyuridae_Planigale_tenuirostris            0.0369281 0.0443980 0.0357017 0.0458953 0.0451837 0.0165614 0.0322250 0.0351395 0.0431763 0.0439766 0.0344623 0.0140868 0.0122108 0.0341864 0.0415406 0.0146975 0.0155803 0.0000000 0.0442857 0.0430462 0.0475604 0.0620065 0.0561378 0.0157037 0.0441619 0.0412792 0.0415327 0.0430559 0.0385044 0.0509087 0.0414663 0.0345639 0.0459404 0.0159543 0.0448152 
Peramelidae_Echymipera_kalubu                0.0438186 0.0507592 0.0450275 0.0496735 0.0493820 0.0497107 0.0424484 0.0447472 0.0491496 0.0100190 0.0432062 0.0474679 0.0490331 0.0443405 0.0459652 0.0470021 0.0481468 0.0442857 0.0000000 0.0473059 0.0548439 0.0673400 0.0655777 0.0479707 0.0489653 0.0492919 0.0471840 0.0500762 0.0470182 0.0556531 0.0453932 0.0446680 0.0078442 0.0483862 0.0099577 
Macropodidae_Dorcopsulus_vanheurni           0.0340618 0.0485430 0.0327039 0.0115981 0.0122441 0.0427114 0.0296637 0.0339266 0.0099821 0.0481466 0.0327023 0.0444813 0.0445873 0.0332227 0.0368940 0.0447370 0.0432469 0.0430462 0.0473059 0.0000000 0.0415535 0.0729091 0.0692663 0.0435810 0.0181982 0.0466841 0.0354172 0.0057862 0.0348362 0.0453357 0.0340709 0.0330790 0.0465746 0.0431681 0.0468580 
Pseudochiridae_Pseudochirulus_forbesi        0.0377028 0.0509655 0.0362678 0.0437330 0.0444220 0.0486432 0.0340021 0.0353268 0.0424943 0.0548382 0.0333856 0.0490733 0.0511358 0.0341541 0.0350659 0.0491537 0.0483079 0.0475604 0.0548439 0.0415535 0.0000000 0.0704735 0.0724678 0.0477859 0.0426511 0.0491952 0.0219343 0.0429401 0.0165120 0.0410400 0.0357412 0.0343766 0.0520787 0.0492705 0.0546391 
Didelphidae_Didelphis_virginiana             0.0654544 0.0741328 0.0607234 0.0699335 0.0688700 0.0600685 0.0600844 0.0607375 0.0679888 0.0687216 0.0623794 0.0615186 0.0603404 0.0624696 0.0647506 0.0615494 0.0613530 0.0620065 0.0673400 0.0729091 0.0704735 0.0000000 0.0182314 0.0613137 0.0715301 0.0625058 0.0662757 0.0709731 0.0620186 0.0763299 0.0669709 0.0638124 0.0701139 0.0628479 0.0687288 
Marmosidae_Monodelphis_domestica             0.0609104 0.0686449 0.0605385 0.0700161 0.0675910 0.0572971 0.0566304 0.0562470 0.0667344 0.0639765 0.0581969 0.0595570 0.0583078 0.0588005 0.0613403 0.0596621 0.0583332 0.0561378 0.0655777 0.0692663 0.0724678 0.0182314 0.0000000 0.0602057 0.0694189 0.0607979 0.0640187 0.0690497 0.0626505 0.0748217 0.0638358 0.0605970 0.0647137 0.0604308 0.0645037 
Dasyuridae_Antechinus_stuartii               0.0407020 0.0476369 0.0372058 0.0491603 0.0481387 0.0113042 0.0366913 0.0389880 0.0461838 0.0473499 0.0381666 0.0081444 0.0159833 0.0377946 0.0422868 0.0085734 0.0107216 0.0157037 0.0479707 0.0435810 0.0477859 0.0613137 0.0602057 0.0000000 0.0469233 0.0443673 0.0423145 0.0461554 0.0412561 0.0511659 0.0437231 0.0385361 0.0470851 0.0110272 0.0484014 
Hypsiprymnodontidae_Hypsiprymnodon_moschatus 0.0340510 0.0482922 0.0368237 0.0215081 0.0208895 0.0454956 0.0298626 0.0332850 0.0202326 0.0491139 0.0318489 0.0470896 0.0454931 0.0330334 0.0372448 0.0471441 0.0456348 0.0441619 0.0489653 0.0181982 0.0426511 0.0715301 0.0694189 0.0469233 0.0000000 0.0461672 0.0374409 0.0210375 0.0341470 0.0478823 0.0342297 0.0332285 0.0483380 0.0466758 0.0480061 
Microbiotheriidae_Dromiciops_gliroides       0.0413181 0.0494206 0.0409517 0.0477091 0.0469793 0.0430838 0.0363985 0.0378964 0.0457560 0.0486136 0.0373171 0.0428242 0.0459119 0.0369712 0.0429371 0.0426672 0.0432317 0.0412792 0.0492919 0.0466841 0.0491952 0.0625058 0.0607979 0.0443673 0.0461672 0.0000000 0.0429573 0.0464768 0.0419516 0.0500471 0.0424923 0.0369570 0.0496463 0.0438883 0.0484376 
Pseudochiridae_Petauroides_volans            0.0285151 0.0441080 0.0284416 0.0375397 0.0381795 0.0420015 0.0264399 0.0270098 0.0363540 0.0474933 0.0262399 0.0433356 0.0444622 0.0255782 0.0289547 0.0426480 0.0423590 0.0415327 0.0471840 0.0354172 0.0219343 0.0662757 0.0640187 0.0423145 0.0374409 0.0429573 0.0000000 0.0376085 0.0143929 0.0329080 0.0283938 0.0267849 0.0458312 0.0433148 0.0466028 
Macropodidae_Wallabia_bicolor                0.0357414 0.0479304 0.0346896 0.0142630 0.0147084 0.0449592 0.0313135 0.0350935 0.0130803 0.0499897 0.0327717 0.0455428 0.0458168 0.0339674 0.0386157 0.0458041 0.0447028 0.0430559 0.0500762 0.0057862 0.0429401 0.0709731 0.0690497 0.0461554 0.0210375 0.0464768 0.0376085 0.0000000 0.0365957 0.0483496 0.0365784 0.0341742 0.0500747 0.0453552 0.0488908 
Pseudochiridae_Pseudocheirus_occidentalis    0.0281918 0.0437568 0.0305956 0.0365656 0.0372631 0.0413499 0.0243412 0.0266116 0.0351516 0.0478352 0.0243893 0.0418064 0.0421294 0.0249546 0.0282809 0.0416155 0.0398376 0.0385044 0.0470182 0.0348362 0.0165120 0.0620186 0.0626505 0.0412561 0.0341470 0.0419516 0.0143929 0.0365957 0.0000000 0.0319144 0.0266219 0.0255446 0.0471258 0.0421501 0.0467649 
Tarsipedidae_Tarsipes_rostratus              0.0405690 0.0571114 0.0417677 0.0488342 0.0485501 0.0528349 0.0383752 0.0400647 0.0471237 0.0571200 0.0375139 0.0518621 0.0557975 0.0392231 0.0419710 0.0519144 0.0512135 0.0509087 0.0556531 0.0453357 0.0410400 0.0763299 0.0748217 0.0511659 0.0478823 0.0500471 0.0329080 0.0483496 0.0319144 0.0000000 0.0398980 0.0397851 0.0572171 0.0531138 0.0558659 
Acrobatidae_Distoechurus_pennatus            0.0304760 0.0444265 0.0314511 0.0370363 0.0373677 0.0428875 0.0266643 0.0295532 0.0369335 0.0461561 0.0288427 0.0446957 0.0443999 0.0289502 0.0187528 0.0446054 0.0433933 0.0414663 0.0453932 0.0340709 0.0357412 0.0669709 0.0638358 0.0437231 0.0342297 0.0424923 0.0283938 0.0365784 0.0266219 0.0398980 0.0000000 0.0284884 0.0450221 0.0442074 0.0453458 
Phalangeridae_Phalanger_carmelitae           0.0248329 0.0427679 0.0270984 0.0354409 0.0359127 0.0384401 0.0121073 0.0054161 0.0332985 0.0446831 0.0058760 0.0382794 0.0406134 0.0024122 0.0295259 0.0383402 0.0378858 0.0345639 0.0446680 0.0330790 0.0343766 0.0638124 0.0605970 0.0385361 0.0332285 0.0369570 0.0267849 0.0341742 0.0255446 0.0397851 0.0284884 0.0000000 0.0448331 0.0384461 0.0441052 
Peramelidae_Peroryctes_raffrayana            0.0434929 0.0507199 0.0443516 0.0503589 0.0497773 0.0473634 0.0410075 0.0441075 0.0482751 0.0087879 0.0429415 0.0459414 0.0471820 0.0436982 0.0463057 0.0456042 0.0470078 0.0459404 0.0078442 0.0465746 0.0520787 0.0701139 0.0647137 0.0470851 0.0483380 0.0496463 0.0458312 0.0500747 0.0471258 0.0572171 0.0450221 0.0448331 0.0000000 0.0460163 0.0087035 
Dasyuridae_Dasyurus_geffroii                 0.0400269 0.0484046 0.0359193 0.0491817 0.0477963 0.0041415 0.0361640 0.0377979 0.0453634 0.0472371 0.0369786 0.0104255 0.0161584 0.0370384 0.0431058 0.0102896 0.0053788 0.0159543 0.0483862 0.0431681 0.0492705 0.0628479 0.0604308 0.0110272 0.0466758 0.0438883 0.0433148 0.0453552 0.0421501 0.0531138 0.0442074 0.0384461 0.0460163 0.0000000 0.0478915 
Peramelidae_Perameles_gunnii                 0.0426760 0.0514692 0.0449454 0.0493153 0.0492174 0.0488299 0.0409330 0.0438114 0.0478305 0.0000010 0.0416091 0.0477630 0.0499283 0.0426502 0.0454407 0.0474644 0.0476530 0.0448152 0.0099577 0.0468580 0.0546391 0.0687288 0.0645037 0.0484014 0.0480061 0.0484376 0.0466028 0.0488908 0.0467649 0.0558659 0.0453458 0.0441052 0.0087035 0.0478915 0.0000000 
