37
Burramyidae_Burramys_parvus                  0.0000000 0.0291597 0.0239505 0.0254056 0.0251105 0.0368162 0.0227738 0.0284167 0.0244872 0.0377897 0.0262052 0.0357652 0.0393392 0.0307580 0.0238451 0.0348693 0.0364172 0.0259034 0.0400875 0.0276915 0.0256753 0.0514915 0.0474594 0.0298171 0.0265962 0.0330909 0.0270345 0.0253398 0.0236780 0.0390937 0.0258567 0.0323161 0.0393237 0.0360714 0.0367631 0.1750639 0.1750639 
Notoryctidae_Notoryctes_typhlops             0.0291597 0.0000000 0.0302133 0.0344568 0.0348890 0.0381726 0.0285109 0.0291629 0.0345673 0.0392095 0.0284721 0.0373181 0.0374332 0.0299117 0.0313503 0.0367906 0.0372408 0.0275372 0.0421177 0.0367406 0.0320176 0.0456693 0.0440752 0.0320006 0.0333933 0.0313378 0.0341421 0.0350685 0.0325750 0.0397162 0.0348247 0.0326621 0.0411566 0.0386734 0.0392541 0.1825986 0.1825986 
Vombatidae_Lasiorhinus_latifrons             0.0239505 0.0302133 0.0000000 0.0265974 0.0270471 0.0338623 0.0232550 0.0273013 0.0267502 0.0354004 0.0268210 0.0323047 0.0369077 0.0286485 0.0222087 0.0314167 0.0339972 0.0257781 0.0371101 0.0271157 0.0261792 0.0487358 0.0438560 0.0278173 0.0264817 0.0304174 0.0270944 0.0244751 0.0240778 0.0405702 0.0290404 0.0297282 0.0357829 0.0342652 0.0354532 0.1085422 0.1085422 
Potoroidae_Bettongia_penicillata             0.0254056 0.0344568 0.0265974 0.0000000 0.0028696 0.0401440 0.0260627 0.0302261 0.0053702 0.0404537 0.0287592 0.0388192 0.0424438 0.0320682 0.0259622 0.0378844 0.0394938 0.0301476 0.0443499 0.0138402 0.0269228 0.0521402 0.0465619 0.0317621 0.0210005 0.0338355 0.0286944 0.0120314 0.0248928 0.0421033 0.0273358 0.0333839 0.0437827 0.0397243 0.0403640 0.1761278 0.1761278 
Potoroidae_Bettongia_lesueur                 0.0251105 0.0348890 0.0270471 0.0028696 0.0000000 0.0410839 0.0263946 0.0308286 0.0055409 0.0403150 0.0288471 0.0394834 0.0433963 0.0324239 0.0256851 0.0385428 0.0404270 0.0304978 0.0448237 0.0140154 0.0270989 0.0539591 0.0485181 0.0321084 0.0211952 0.0351075 0.0293767 0.0128136 0.0238987 0.0419691 0.0270383 0.0342596 0.0439783 0.0406587 0.0405018 0.1822443 0.1822443 
Dasyuridae_Dasyurus_maculatus                0.0368162 0.0381726 0.0338623 0.0401440 0.0410839 0.0000000 0.0320783 0.0361744 0.0406474 0.0393008 0.0356632 0.0062266 0.0119326 0.0371342 0.0333770 0.0060560 0.0027684 0.0073252 0.0418560 0.0419040 0.0394591 0.0429822 0.0376307 0.0051538 0.0416490 0.0294169 0.0418630 0.0400495 0.0375368 0.0523686 0.0392960 0.0395249 0.0400877 0.0022332 0.0392342 0.1278412 0.1278412 
Phalangeridae_Trichosurus_vulpecula          0.0227738 0.0285109 0.0232550 0.0260627 0.0263946 0.0320783 0.0000000 0.0137481 0.0264516 0.0366609 0.0133800 0.0323968 0.0353836 0.0152669 0.0224512 0.0312402 0.0314426 0.0241035 0.0395420 0.0280117 0.0255733 0.0481941 0.0441815 0.0271868 0.0266117 0.0304569 0.0267307 0.0256200 0.0227500 0.0382946 0.0262192 0.0165806 0.0390844 0.0325692 0.0367434 0.1567374 0.1567374 
Phalangeridae_Spilocuscus_maculatus          0.0284167 0.0291629 0.0273013 0.0302261 0.0308286 0.0361744 0.0137481 0.0000000 0.0290918 0.0398989 0.0058810 0.0370143 0.0390140 0.0063751 0.0271235 0.0363606 0.0368767 0.0291641 0.0445846 0.0315508 0.0274370 0.0490453 0.0491426 0.0266335 0.0288124 0.0330536 0.0306729 0.0300616 0.0235128 0.0368223 0.0326566 0.0071414 0.0392136 0.0377530 0.0421951 0.1888416 0.1888416 
Potoroidae_Aepyprymnus_rufescens             0.0244872 0.0345673 0.0267502 0.0053702 0.0055409 0.0406474 0.0264516 0.0290918 0.0000000 0.0411376 0.0290683 0.0385442 0.0411996 0.0314075 0.0249048 0.0376058 0.0399715 0.0299226 0.0444904 0.0137012 0.0263325 0.0519956 0.0474936 0.0312129 0.0211053 0.0355496 0.0271016 0.0118918 0.0243916 0.0411845 0.0266427 0.0329708 0.0442227 0.0405906 0.0410396 0.1607212 0.1607212 
Peramelidae_Perameles_nasuta                 0.0377897 0.0392095 0.0354004 0.0404537 0.0403150 0.0393008 0.0366609 0.0398989 0.0411376 0.0000000 0.0381841 0.0403122 0.0435106 0.0388166 0.0351769 0.0393577 0.0399404 0.0320939 0.0095987 0.0393568 0.0414854 0.0461612 0.0422077 0.0350171 0.0405033 0.0345328 0.0431311 0.0375015 0.0400288 0.0555527 0.0400964 0.0418705 0.0083735 0.0399573 0.0005117 0.1338781 0.1338781 
Phalangeridae_Strigocuscus_pelengensis       0.0262052 0.0284721 0.0268210 0.0287592 0.0288471 0.0356632 0.0133800 0.0058810 0.0290683 0.0381841 0.0000000 0.0362909 0.0376261 0.0073694 0.0268605 0.0362942 0.0353561 0.0292148 0.0429313 0.0307276 0.0254988 0.0455156 0.0494037 0.0281948 0.0290833 0.0324548 0.0303951 0.0294384 0.0220369 0.0334098 0.0298851 0.0083832 0.0381305 0.0366157 0.0402429 0.1646101 0.1646101 
Dasyuridae_Phascogale_tapoatafa              0.0357652 0.0373181 0.0323047 0.0388192 0.0394834 0.0062266 0.0323968 0.0370143 0.0385442 0.0403122 0.0362909 0.0000000 0.0110512 0.0393146 0.0316531 0.0008465 0.0054684 0.0070912 0.0424514 0.0405432 0.0397224 0.0438274 0.0392701 0.0028046 0.0402774 0.0309411 0.0407313 0.0384623 0.0366276 0.0514863 0.0374374 0.0417255 0.0406085 0.0067595 0.0409373 0.0752472 0.0752472 
Dasyuridae_Sminthopsis_macroura              0.0393392 0.0374332 0.0369077 0.0424438 0.0433963 0.0119326 0.0353836 0.0390140 0.0411996 0.0435106 0.0376261 0.0110512 0.0000000 0.0414847 0.0354127 0.0106936 0.0106748 0.0085145 0.0447495 0.0439428 0.0399637 0.0482287 0.0446751 0.0080030 0.0434308 0.0328006 0.0443907 0.0432422 0.0377295 0.0485924 0.0410030 0.0437461 0.0406983 0.0120536 0.0435016 0.0479065 0.0479065 
Phalangeridae_Phalanger_orientalis           0.0307580 0.0299117 0.0286485 0.0320682 0.0324239 0.0371342 0.0152669 0.0063751 0.0314075 0.0388166 0.0073694 0.0393146 0.0414847 0.0000000 0.0282520 0.0386628 0.0390786 0.0312339 0.0438655 0.0341841 0.0287701 0.0491456 0.0509288 0.0289996 0.0329368 0.0335360 0.0330433 0.0324479 0.0256993 0.0381936 0.0329311 0.0027137 0.0378977 0.0394193 0.0406888 0.1656900 0.1656900 
Acrobatidae_Acrobates_pygmaeus               0.0238451 0.0313503 0.0222087 0.0259622 0.0256851 0.0333770 0.0224512 0.0271235 0.0249048 0.0351769 0.0268605 0.0316531 0.0354127 0.0282520 0.0000000 0.0310173 0.0332690 0.0252013 0.0377303 0.0271631 0.0239223 0.0477275 0.0437327 0.0266838 0.0258765 0.0313798 0.0264772 0.0252793 0.0213662 0.0383180 0.0129285 0.0302831 0.0358301 0.0346410 0.0349831 0.1428761 0.1428761 
Dasyuridae_Phascogale_calura                 0.0348693 0.0367906 0.0314167 0.0378844 0.0385428 0.0060560 0.0312402 0.0363606 0.0376058 0.0393577 0.0362942 0.0008465 0.0106936 0.0386628 0.0310173 0.0000000 0.0053116 0.0070909 0.0415009 0.0401711 0.0385562 0.0436394 0.0395851 0.0028050 0.0393335 0.0306757 0.0403781 0.0380895 0.0354525 0.0508039 0.0365384 0.0410699 0.0396545 0.0066049 0.0400010 0.0491735 0.0491735 
Dasyuridae_Sarcophilus_harrisii              0.0364172 0.0372408 0.0339972 0.0394938 0.0404270 0.0027684 0.0314426 0.0368767 0.0399715 0.0399404 0.0353561 0.0054684 0.0106748 0.0390786 0.0332690 0.0053116 0.0000000 0.0062857 0.0420221 0.0414910 0.0390382 0.0443772 0.0385531 0.0041666 0.0401850 0.0307051 0.0411097 0.0393573 0.0373411 0.0528548 0.0389242 0.0410543 0.0399221 0.0029252 0.0399222 0.0978168 0.0978168 
Dasyuridae_Planigale_tenuirostris            0.0259034 0.0275372 0.0257781 0.0301476 0.0304978 0.0073252 0.0241035 0.0291641 0.0299226 0.0320939 0.0292148 0.0070912 0.0085145 0.0312339 0.0252013 0.0070909 0.0062857 0.0000000 0.0346914 0.0322004 0.0304534 0.0405004 0.0368423 0.0054527 0.0301724 0.0260857 0.0330189 0.0297554 0.0271054 0.0431335 0.0286576 0.0334820 0.0317231 0.0064821 0.0314480 9.0000000 9.0000000 
Peramelidae_Echymipera_kalubu                0.0400875 0.0421177 0.0371101 0.0443499 0.0448237 0.0418560 0.0395420 0.0445846 0.0444904 0.0095987 0.0429313 0.0424514 0.0447495 0.0438655 0.0377303 0.0415009 0.0420221 0.0346914 0.0000000 0.0453688 0.0445503 0.0496205 0.0468495 0.0372337 0.0436867 0.0367271 0.0455069 0.0417854 0.0425102 0.0582559 0.0441739 0.0468006 0.0083949 0.0420527 0.0094668 0.1043183 0.1043183 
Macropodidae_Dorcopsulus_vanheurni           0.0276915 0.0367406 0.0271157 0.0138402 0.0140154 0.0419040 0.0280117 0.0315508 0.0137012 0.0393568 0.0307276 0.0405432 0.0439428 0.0341841 0.0271631 0.0401711 0.0414910 0.0322004 0.0453688 0.0000000 0.0277459 0.0536530 0.0497917 0.0332899 0.0207485 0.0367773 0.0312276 0.0048472 0.0261840 0.0436680 0.0301700 0.0360572 0.0434954 0.0418319 0.0402097 0.1668131 0.1668131 
Pseudochiridae_Pseudochirulus_forbesi        0.0256753 0.0320176 0.0261792 0.0269228 0.0270989 0.0394591 0.0255733 0.0274370 0.0263325 0.0414854 0.0254988 0.0397224 0.0399637 0.0287701 0.0239223 0.0385562 0.0390382 0.0304534 0.0445503 0.0277459 0.0000000 0.0507247 0.0491551 0.0311849 0.0281020 0.0331413 0.0207431 0.0270662 0.0098044 0.0333474 0.0268537 0.0300677 0.0416514 0.0406952 0.0416361 0.1580901 0.1580901 
Didelphidae_Didelphis_virginiana             0.0514915 0.0456693 0.0487358 0.0521402 0.0539591 0.0429822 0.0481941 0.0490453 0.0519956 0.0461612 0.0455156 0.0438274 0.0482287 0.0491456 0.0477275 0.0436394 0.0443772 0.0405004 0.0496205 0.0536530 0.0507247 0.0000000 0.0207124 0.0348735 0.0527392 0.0423921 0.0566265 0.0501414 0.0463597 0.0629048 0.0501950 0.0521586 0.0449677 0.0439812 0.0487327 0.1552111 0.1552111 
Marmosidae_Monodelphis_domestica             0.0474594 0.0440752 0.0438560 0.0465619 0.0485181 0.0376307 0.0441815 0.0491426 0.0474936 0.0422077 0.0494037 0.0392701 0.0446751 0.0509288 0.0437327 0.0395851 0.0385531 0.0368423 0.0468495 0.0497917 0.0491551 0.0207124 0.0000000 0.0344444 0.0489180 0.0399412 0.0518399 0.0477672 0.0434015 0.0633111 0.0457168 0.0540036 0.0423935 0.0393012 0.0440727 0.0864869 0.0864869 
Dasyuridae_Antechinus_stuartii               0.0298171 0.0320006 0.0278173 0.0317621 0.0321084 0.0051538 0.0271868 0.0266335 0.0312129 0.0350171 0.0281948 0.0028046 0.0080030 0.0289996 0.0266838 0.0028050 0.0041666 0.0054527 0.0372337 0.0332899 0.0311849 0.0348735 0.0344444 0.0000000 0.0328439 0.0250735 0.0342067 0.0316555 0.0295154 0.0407797 0.0297373 0.0305899 0.0359362 0.0047671 0.0341881 8.9999983 8.9999983 
Hypsiprymnodontidae_Hypsiprymnodon_moschatus 0.0265962 0.0333933 0.0264817 0.0210005 0.0211952 0.0416490 0.0266117 0.0288124 0.0211053 0.0405033 0.0290833 0.0402774 0.0434308 0.0329368 0.0258765 0.0393335 0.0401850 0.0301724 0.0436867 0.0207485 0.0281020 0.0527392 0.0489180 0.0328439 0.0000000 0.0355769 0.0305633 0.0185604 0.0258159 0.0429034 0.0285587 0.0340020 0.0421207 0.0418414 0.0402394 0.1567236 0.1567236 
Microbiotheriidae_Dromiciops_gliroides       0.0330909 0.0313378 0.0304174 0.0338355 0.0351075 0.0294169 0.0304569 0.0330536 0.0355496 0.0345328 0.0324548 0.0309411 0.0328006 0.0335360 0.0313798 0.0306757 0.0307051 0.0260857 0.0367271 0.0367773 0.0331413 0.0423921 0.0399412 0.0250735 0.0355769 0.0000000 0.0379300 0.0351783 0.0313955 0.0443480 0.0340559 0.0362443 0.0331898 0.0314087 0.0346736 0.1252692 0.1252692 
Pseudochiridae_Petauroides_volans            0.0270345 0.0341421 0.0270944 0.0286944 0.0293767 0.0418630 0.0267307 0.0306729 0.0271016 0.0431311 0.0303951 0.0407313 0.0443907 0.0330433 0.0264772 0.0403781 0.0411097 0.0330189 0.0455069 0.0312276 0.0207431 0.0566265 0.0518399 0.0342067 0.0305633 0.0379300 0.0000000 0.0289869 0.0177104 0.0396603 0.0282558 0.0344044 0.0440326 0.0416597 0.0428375 0.1605957 0.1605957 
Macropodidae_Wallabia_bicolor                0.0253398 0.0350685 0.0244751 0.0120314 0.0128136 0.0400495 0.0256200 0.0300616 0.0118918 0.0375015 0.0294384 0.0384623 0.0432422 0.0324479 0.0252793 0.0380895 0.0393573 0.0297554 0.0417854 0.0048472 0.0270662 0.0501414 0.0477672 0.0316555 0.0185604 0.0351783 0.0289869 0.0000000 0.0254970 0.0417950 0.0284784 0.0342973 0.0415516 0.0394454 0.0378105 0.1668131 0.1668131 
Pseudochiridae_Pseudocheirus_occidentalis    0.0236780 0.0325750 0.0240778 0.0248928 0.0238987 0.0375368 0.0227500 0.0235128 0.0243916 0.0400288 0.0220369 0.0366276 0.0377295 0.0256993 0.0213662 0.0354525 0.0373411 0.0271054 0.0425102 0.0261840 0.0098044 0.0463597 0.0434015 0.0295154 0.0258159 0.0313955 0.0177104 0.0254970 0.0000000 0.0293606 0.0241167 0.0276452 0.0418256 0.0375263 0.0401078 0.1948376 0.1948376 
Tarsipedidae_Tarsipes_rostratus              0.0390937 0.0397162 0.0405702 0.0421033 0.0419691 0.0523686 0.0382946 0.0368223 0.0411845 0.0555527 0.0334098 0.0514863 0.0485924 0.0381936 0.0383180 0.0508039 0.0528548 0.0431335 0.0582559 0.0436680 0.0333474 0.0629048 0.0633111 0.0407797 0.0429034 0.0443480 0.0396603 0.0417950 0.0293606 0.0000000 0.0403131 0.0401569 0.0522944 0.0539873 0.0565294 0.1462965 0.1462965 
Acrobatidae_Distoechurus_pennatus            0.0258567 0.0348247 0.0290404 0.0273358 0.0270383 0.0392960 0.0262192 0.0326566 0.0266427 0.0400964 0.0298851 0.0374374 0.0410030 0.0329311 0.0129285 0.0365384 0.0389242 0.0286576 0.0441739 0.0301700 0.0268537 0.0501950 0.0457168 0.0297373 0.0285587 0.0340559 0.0282558 0.0284784 0.0241167 0.0403131 0.0000000 0.0357337 0.0408286 0.0393861 0.0404228 0.1935527 0.1935527 
Phalangeridae_Phalanger_carmelitae           0.0323161 0.0326621 0.0297282 0.0333839 0.0342596 0.0395249 0.0165806 0.0071414 0.0329708 0.0418705 0.0083832 0.0417255 0.0437461 0.0027137 0.0302831 0.0410699 0.0410543 0.0334820 0.0468006 0.0360572 0.0300677 0.0521586 0.0540036 0.0305899 0.0340020 0.0362443 0.0344044 0.0342973 0.0276452 0.0401569 0.0357337 0.0000000 0.0409633 0.0416560 0.0435724 0.1656900 0.1656900 
Peramelidae_Peroryctes_raffrayana            0.0393237 0.0411566 0.0357829 0.0437827 0.0439783 0.0400877 0.0390844 0.0392136 0.0442227 0.0083735 0.0381305 0.0406085 0.0406983 0.0378977 0.0358301 0.0396545 0.0399221 0.0317231 0.0083949 0.0434954 0.0416514 0.0449677 0.0423935 0.0359362 0.0421207 0.0331898 0.0440326 0.0415516 0.0418256 0.0522944 0.0408286 0.0409633 0.0000000 0.0408263 0.0081783 0.1119154 0.1119154 
Dasyuridae_Dasyurus_geffroii                 0.0360714 0.0386734 0.0342652 0.0397243 0.0406587 0.0022332 0.0325692 0.0377530 0.0405906 0.0399573 0.0366157 0.0067595 0.0120536 0.0394193 0.0346410 0.0066049 0.0029252 0.0064821 0.0420527 0.0418319 0.0406952 0.0439812 0.0393012 0.0047671 0.0418414 0.0314087 0.0416597 0.0394454 0.0375263 0.0539873 0.0393861 0.0416560 0.0408263 0.0000000 0.0397364 0.1451403 0.1451403 
Peramelidae_Perameles_gunnii                 0.0367631 0.0392541 0.0354532 0.0403640 0.0405018 0.0392342 0.0367434 0.0421951 0.0410396 0.0005117 0.0402429 0.0409373 0.0435016 0.0406888 0.0349831 0.0400010 0.0399222 0.0314480 0.0094668 0.0402097 0.0416361 0.0487327 0.0440727 0.0341881 0.0402394 0.0346736 0.0428375 0.0378105 0.0401078 0.0565294 0.0404228 0.0435724 0.0081783 0.0397364 0.0000000 0.1427031 0.1427031 
Myrmecobiidae_Myrmecobius_fasciatus1         0.1750639 0.1825986 0.1085422 0.1761278 0.1822443 0.1278412 0.1567374 0.1888416 0.1607212 0.1338781 0.1646101 0.0752472 0.0479065 0.1656900 0.1428761 0.0491735 0.0978168 9.0000000 0.1043183 0.1668131 0.1580901 0.1552111 0.0864869 8.9999983 0.1567236 0.1252692 0.1605957 0.1668131 0.1948376 0.1462965 0.1935527 0.1656900 0.1119154 0.1451403 0.1427031 0.0000000 0.0000010 
Myrmecobiidae_Myrmecobius_fasciatus2         0.1750639 0.1825986 0.1085422 0.1761278 0.1822443 0.1278412 0.1567374 0.1888416 0.1607212 0.1338781 0.1646101 0.0752472 0.0479065 0.1656900 0.1428761 0.0491735 0.0978168 9.0000000 0.1043183 0.1668131 0.1580901 0.1552111 0.0864869 8.9999983 0.1567236 0.1252692 0.1605957 0.1668131 0.1948376 0.1462965 0.1935527 0.1656900 0.1119154 0.1451403 0.1427031 0.0000010 0.0000000 
