37
Burramyidae_Burramys_parvus                  0.0000000 0.0601067 0.0468020 0.0509440 0.0505926 0.0740313 0.0362508 0.0416019 0.0530169 0.0777592 0.1188354 0.0479892 0.0711074 0.0696712 0.0413719 0.0511027 0.0785606 0.0735729 0.0658476 0.0702738 0.0476029 0.0529537 0.0914533 0.0888939 0.0729242 0.0465803 0.0517152 0.0427578 0.0478862 0.0470566 0.0609648 0.0485119 0.1188354 0.0428422 0.0753892 0.0765584 0.0716168 
Notoryctidae_Notoryctes_typhlops             0.0601067 0.0000000 0.0599994 0.0703415 0.0692341 0.0745633 0.0592129 0.0635670 0.0712713 0.0782779 0.0940527 0.0687033 0.0773721 0.0700628 0.0631156 0.0708280 0.0791270 0.0759470 0.0647901 0.0729731 0.0659623 0.0740209 0.0938315 0.0917787 0.0737215 0.0646493 0.0539541 0.0610799 0.0646870 0.0633864 0.0774704 0.0698011 0.0940527 0.0658693 0.0794435 0.0787491 0.0730705 
Vombatidae_Lasiorhinus_latifrons             0.0468020 0.0599994 0.0000000 0.0562902 0.0551500 0.0716337 0.0472529 0.0496902 0.0575005 0.0697643 0.0871279 0.0542210 0.0716826 0.0660486 0.0503647 0.0571137 0.0776568 0.0719269 0.0647469 0.0664036 0.0521896 0.0583834 0.0893049 0.0902861 0.0719178 0.0513692 0.0463860 0.0491280 0.0519283 0.0542968 0.0667272 0.0536519 0.0871279 0.0512426 0.0706550 0.0715473 0.0641276 
Potoroidae_Bettongia_penicillata             0.0509440 0.0703415 0.0562902 0.0000000 0.0042218 0.0794064 0.0536369 0.0602404 0.0127704 0.0912373 0.1066959 0.0624522 0.0830531 0.0710559 0.0564869 0.0601274 0.0858111 0.0808479 0.0661033 0.0843394 0.0197167 0.0656058 0.0847387 0.0883921 0.0743920 0.0317918 0.0552609 0.0539803 0.0189644 0.0603212 0.0721113 0.0595674 0.1066959 0.0583397 0.0883291 0.0819418 0.0834370 
Potoroidae_Bettongia_lesueur                 0.0505926 0.0692341 0.0551500 0.0042218 0.0000000 0.0796892 0.0539167 0.0591705 0.0116705 0.0895783 0.1066959 0.0613525 0.0838241 0.0705036 0.0554850 0.0600457 0.0861036 0.0807469 0.0654076 0.0821669 0.0194124 0.0658902 0.0812265 0.0862595 0.0742887 0.0311697 0.0560579 0.0535302 0.0192346 0.0603811 0.0709611 0.0601707 0.1066959 0.0573326 0.0871396 0.0822220 0.0809080 
Dasyuridae_Dasyurus_maculatus                0.0740313 0.0745633 0.0716337 0.0794064 0.0796892 0.0000000 0.0762757 0.0826948 0.0829286 0.0933253 0.0322862 0.0863246 0.0158056 0.0177341 0.0808762 0.0866899 0.0163946 0.0069964 0.0137478 0.0883457 0.0770164 0.0870886 0.0942741 0.1032177 0.0148556 0.0745931 0.0701997 0.0761841 0.0764593 0.0812026 0.0950789 0.0815622 0.0322862 0.0814777 0.0931290 0.0075601 0.0864919 
Phalangeridae_Trichosurus_vulpecula          0.0362508 0.0592129 0.0472529 0.0536369 0.0539167 0.0762757 0.0000000 0.0207829 0.0538264 0.0768023 0.1074863 0.0253186 0.0753099 0.0707277 0.0212960 0.0531665 0.0804946 0.0773885 0.0632063 0.0708403 0.0495501 0.0553672 0.0796392 0.0779521 0.0724668 0.0479420 0.0548213 0.0446414 0.0488968 0.0488174 0.0629260 0.0517329 0.1074863 0.0224006 0.0741987 0.0803439 0.0705823 
Phalangeridae_Spilocuscus_maculatus          0.0416019 0.0635670 0.0496902 0.0602404 0.0591705 0.0826948 0.0207829 0.0000000 0.0597635 0.0777872 0.0990053 0.0164118 0.0852579 0.0700409 0.0107800 0.0620431 0.0916204 0.0834941 0.0658346 0.0778923 0.0521655 0.0646588 0.0899345 0.0868502 0.0778524 0.0535357 0.0639094 0.0507974 0.0536127 0.0543798 0.0713301 0.0588417 0.0990053 0.0110780 0.0777551 0.0870506 0.0772307 
Potoroidae_Aepyprymnus_rufescens             0.0530169 0.0712713 0.0575005 0.0127704 0.0116705 0.0829286 0.0538264 0.0597635 0.0000000 0.0943789 0.1105964 0.0628022 0.0863653 0.0718188 0.0570450 0.0620779 0.0895762 0.0851850 0.0692883 0.0864555 0.0200035 0.0663187 0.0866267 0.0884830 0.0772514 0.0328063 0.0585625 0.0561094 0.0198173 0.0598122 0.0733321 0.0617798 0.1105964 0.0579193 0.0920283 0.0866771 0.0859088 
Peramelidae_Perameles_nasuta                 0.0777592 0.0782779 0.0697643 0.0912373 0.0895783 0.0933253 0.0768023 0.0777872 0.0943789 0.0000000 0.0952148 0.0823662 0.0972473 0.0860516 0.0794701 0.0921258 0.1008629 0.0942786 0.0841313 0.0171556 0.0870150 0.0941872 0.0832888 0.0954827 0.0899402 0.0913719 0.0748990 0.0807118 0.0859686 0.0809705 0.0942580 0.0886446 0.0952148 0.0801812 0.0213909 0.0949407 0.0019302 
Myrmecobiidae_Myrmecobius_fasciatus1         0.1188354 0.0940527 0.0871279 0.1066959 0.1066959 0.0322862 0.1074863 0.0990053 0.1105964 0.0952148 0.0000000 0.1260766 9.0000000 0.0378984 0.0990053 0.1081987 0.0381324 0.0226452 0.0433231 0.0838848 0.1066959 0.1836731 0.0895120 0.0882331 0.0352887 0.1020895 0.0865222 0.0975962 0.1066959 0.0938701 0.1206970 0.1159006 0.0000010 0.1028323 0.1131140 0.0288254 0.0914604 
Phalangeridae_Strigocuscus_pelengensis       0.0479892 0.0687033 0.0542210 0.0624522 0.0613525 0.0863246 0.0253186 0.0164118 0.0628022 0.0823662 0.1260766 0.0000000 0.0838891 0.0767146 0.0146099 0.0591787 0.0921167 0.0853567 0.0681166 0.0745126 0.0575545 0.0633993 0.0928621 0.0932053 0.0790437 0.0573154 0.0651493 0.0539442 0.0574205 0.0571562 0.0702014 0.0593053 0.1260766 0.0160589 0.0829057 0.0876302 0.0749370 
Dasyuridae_Phascogale_tapoatafa              0.0711074 0.0773721 0.0716826 0.0830531 0.0838241 0.0158056 0.0753099 0.0852579 0.0863653 0.0972473 9.0000000 0.0838891 0.0000000 0.0187102 0.0820759 0.0829132 0.0035237 0.0141064 0.0150819 0.0914382 0.0774623 0.0806310 0.0983408 0.1006771 0.0052993 0.0774369 0.0729502 0.0765324 0.0783206 0.0819474 0.0978021 0.0771964 9.0000000 0.0823242 0.0975004 0.0160490 0.0906720 
Dasyuridae_Sminthopsis_macroura              0.0696712 0.0700628 0.0660486 0.0710559 0.0705036 0.0177341 0.0707277 0.0700409 0.0718188 0.0860516 0.0378984 0.0767146 0.0187102 0.0000000 0.0697766 0.0813996 0.0227762 0.0177377 0.0137215 0.0818952 0.0675904 0.0780515 0.0986351 0.1054623 0.0247312 0.0630051 0.0670161 0.0664983 0.0668985 0.0649049 0.0908636 0.0756646 0.0378984 0.0705906 0.0850511 0.0177523 0.0814815 
Phalangeridae_Phalanger_orientalis           0.0413719 0.0631156 0.0503647 0.0564869 0.0554850 0.0808762 0.0212960 0.0107800 0.0570450 0.0794701 0.0990053 0.0146099 0.0820759 0.0697766 0.0000000 0.0576324 0.0861724 0.0799579 0.0654818 0.0735182 0.0508092 0.0606131 0.0867657 0.0861368 0.0750289 0.0518623 0.0602633 0.0477425 0.0520691 0.0547700 0.0658795 0.0567805 0.0990053 0.0052726 0.0795112 0.0834226 0.0743020 
Acrobatidae_Acrobates_pygmaeus               0.0511027 0.0708280 0.0571137 0.0601274 0.0600457 0.0866899 0.0531665 0.0620431 0.0620779 0.0921258 0.1081987 0.0591787 0.0829132 0.0813996 0.0576324 0.0000000 0.0896551 0.0873119 0.0754797 0.0801524 0.0605652 0.0565568 0.1068248 0.0968682 0.0824026 0.0559388 0.0594954 0.0457506 0.0589910 0.0537400 0.0604702 0.0346020 0.1081987 0.0591711 0.0906594 0.0872462 0.0824097 
Dasyuridae_Phascogale_calura                 0.0785606 0.0791270 0.0776568 0.0858111 0.0861036 0.0163946 0.0804946 0.0916204 0.0895762 0.1008629 0.0381324 0.0921167 0.0035237 0.0227762 0.0861724 0.0896551 0.0000000 0.0166809 0.0156934 0.0926295 0.0824818 0.0924618 0.0944690 0.1025598 0.0059094 0.0801990 0.0776753 0.0807756 0.0819325 0.0881539 0.1000775 0.0850490 0.0381324 0.0876163 0.1011154 0.0170307 0.0927999 
Dasyuridae_Sarcophilus_harrisii              0.0735729 0.0759470 0.0719269 0.0808479 0.0807469 0.0069964 0.0773885 0.0834941 0.0851850 0.0942786 0.0226452 0.0853567 0.0141064 0.0177377 0.0799579 0.0873119 0.0166809 0.0000000 0.0132760 0.0878341 0.0776907 0.0887046 0.0957559 0.1034761 0.0156730 0.0764961 0.0732677 0.0771916 0.0771389 0.0846497 0.0961548 0.0817346 0.0226452 0.0809424 0.0934706 0.0075767 0.0867872 
Dasyuridae_Planigale_tenuirostris            0.0658476 0.0647901 0.0647469 0.0661033 0.0654076 0.0137478 0.0632063 0.0658346 0.0692883 0.0841313 0.0433231 0.0681166 0.0150819 0.0137215 0.0654818 0.0754797 0.0156934 0.0132760 0.0000000 0.0782738 0.0611902 0.0670866 0.0995113 0.1018021 0.0191743 0.0570514 0.0623314 0.0631715 0.0606291 0.0612720 0.0890755 0.0669482 0.0433231 0.0672522 0.0821053 0.0147050 0.0777231 
Peramelidae_Echymipera_kalubu                0.0702738 0.0729731 0.0664036 0.0843394 0.0821669 0.0883457 0.0708403 0.0778923 0.0864555 0.0171556 0.0838848 0.0745126 0.0914382 0.0818952 0.0735182 0.0801524 0.0926295 0.0878341 0.0782738 0.0000000 0.0813123 0.0846722 0.0841298 0.0894247 0.0827595 0.0805261 0.0673469 0.0700391 0.0808286 0.0795224 0.0859850 0.0804085 0.0838848 0.0754636 0.0186590 0.0888726 0.0142795 
Macropodidae_Dorcopsulus_vanheurni           0.0476029 0.0659623 0.0521896 0.0197167 0.0194124 0.0770164 0.0495501 0.0521655 0.0200035 0.0870150 0.1066959 0.0575545 0.0774623 0.0675904 0.0508092 0.0605652 0.0824818 0.0776907 0.0611902 0.0813123 0.0000000 0.0620407 0.0835773 0.0843308 0.0717182 0.0288310 0.0537262 0.0516433 0.0080771 0.0556364 0.0687577 0.0587693 0.1066959 0.0520062 0.0839959 0.0798558 0.0804004 
Pseudochiridae_Pseudochirulus_forbesi        0.0529537 0.0740209 0.0583834 0.0656058 0.0658902 0.0870886 0.0553672 0.0646588 0.0663187 0.0941872 0.1836731 0.0633993 0.0806310 0.0780515 0.0606131 0.0565568 0.0924618 0.0887046 0.0670866 0.0846722 0.0620407 0.0000000 0.1070957 0.0979223 0.0815639 0.0584437 0.0647404 0.0311820 0.0620796 0.0228589 0.0665001 0.0544940 0.1836731 0.0628288 0.0921882 0.0876915 0.0854361 
Didelphidae_Didelphis_virginiana             0.0914533 0.0938315 0.0893049 0.0847387 0.0812265 0.0942741 0.0796392 0.0899345 0.0866267 0.0832888 0.0895120 0.0928621 0.0983408 0.0986351 0.0867657 0.1068248 0.0944690 0.0957559 0.0995113 0.0841298 0.0835773 0.1070957 0.0000000 0.0244957 0.0971313 0.0763122 0.0846929 0.0857346 0.0847387 0.0801395 0.1004745 0.0911765 0.0895120 0.0878179 0.1016817 0.0966489 0.0851807 
Marmosidae_Monodelphis_domestica             0.0888939 0.0917787 0.0902861 0.0883921 0.0862595 0.1032177 0.0779521 0.0868502 0.0884830 0.0954827 0.0882331 0.0932053 0.1006771 0.1054623 0.0861368 0.0968682 0.1025598 0.1034761 0.1018021 0.0894247 0.0843308 0.0979223 0.0244957 0.0000000 0.1061063 0.0850657 0.0846253 0.0825412 0.0850533 0.0871413 0.1024123 0.0931924 0.0882331 0.0877178 0.0988908 0.1033467 0.0881496 
Dasyuridae_Antechinus_stuartii               0.0729242 0.0737215 0.0719178 0.0743920 0.0742887 0.0148556 0.0724668 0.0778524 0.0772514 0.0899402 0.0352887 0.0790437 0.0052993 0.0247312 0.0750289 0.0824026 0.0059094 0.0156730 0.0191743 0.0827595 0.0717182 0.0815639 0.0971313 0.1061063 0.0000000 0.0657034 0.0677311 0.0700871 0.0711833 0.0711174 0.0941349 0.0742171 0.0352887 0.0764091 0.0871544 0.0160692 0.0828198 
Hypsiprymnodontidae_Hypsiprymnodon_moschatus 0.0465803 0.0646493 0.0513692 0.0317918 0.0311697 0.0745931 0.0479420 0.0535357 0.0328063 0.0913719 0.1020895 0.0573154 0.0774369 0.0630051 0.0518623 0.0559388 0.0801990 0.0764961 0.0570514 0.0805261 0.0288310 0.0584437 0.0763122 0.0850657 0.0657034 0.0000000 0.0511589 0.0492124 0.0299336 0.0572416 0.0702426 0.0527236 0.1020895 0.0531132 0.0866630 0.0795689 0.0806712 
Microbiotheriidae_Dromiciops_gliroides       0.0517152 0.0539541 0.0463860 0.0552609 0.0560579 0.0701997 0.0548213 0.0639094 0.0585625 0.0748990 0.0865222 0.0651493 0.0729502 0.0670161 0.0602633 0.0594954 0.0776753 0.0732677 0.0623314 0.0673469 0.0537262 0.0647404 0.0846929 0.0846253 0.0677311 0.0511589 0.0000000 0.0537346 0.0530927 0.0589376 0.0708680 0.0551260 0.0865222 0.0610111 0.0773511 0.0720042 0.0666275 
Pseudochiridae_Petauroides_volans            0.0427578 0.0610799 0.0491280 0.0539803 0.0535302 0.0761841 0.0446414 0.0507974 0.0561094 0.0807118 0.0975962 0.0539442 0.0765324 0.0664983 0.0477425 0.0457506 0.0807756 0.0771916 0.0631715 0.0700391 0.0516433 0.0311820 0.0857346 0.0825412 0.0700871 0.0492124 0.0537346 0.0000000 0.0513290 0.0258307 0.0531607 0.0444800 0.0975962 0.0505328 0.0782427 0.0774755 0.0730385 
Macropodidae_Wallabia_bicolor                0.0478862 0.0646870 0.0519283 0.0189644 0.0192346 0.0764593 0.0488968 0.0536127 0.0198173 0.0859686 0.1066959 0.0574205 0.0783206 0.0668985 0.0520691 0.0589910 0.0819325 0.0771389 0.0606291 0.0808286 0.0080771 0.0620796 0.0847387 0.0850533 0.0711833 0.0299336 0.0530927 0.0513290 0.0000000 0.0565148 0.0688113 0.0574665 0.1066959 0.0539155 0.0834731 0.0801687 0.0784093 
Pseudochiridae_Pseudocheirus_occidentalis    0.0470566 0.0633864 0.0542968 0.0603212 0.0603811 0.0812026 0.0488174 0.0543798 0.0598122 0.0809705 0.0938701 0.0571562 0.0819474 0.0649049 0.0547700 0.0537400 0.0881539 0.0846497 0.0612720 0.0795224 0.0556364 0.0228589 0.0801395 0.0871413 0.0711174 0.0572416 0.0589376 0.0258307 0.0565148 0.0000000 0.0604790 0.0544830 0.0938701 0.0562594 0.0808610 0.0834028 0.0795547 
Tarsipedidae_Tarsipes_rostratus              0.0609648 0.0774704 0.0667272 0.0721113 0.0709611 0.0950789 0.0629260 0.0713301 0.0733321 0.0942580 0.1206970 0.0702014 0.0978021 0.0908636 0.0658795 0.0604702 0.1000775 0.0961548 0.0890755 0.0859850 0.0687577 0.0665001 0.1004745 0.1024123 0.0941349 0.0702426 0.0708680 0.0531607 0.0688113 0.0604790 0.0000000 0.0634665 0.1206970 0.0676506 0.0935586 0.0967743 0.0842099 
Acrobatidae_Distoechurus_pennatus            0.0485119 0.0698011 0.0536519 0.0595674 0.0601707 0.0815622 0.0517329 0.0588417 0.0617798 0.0886446 0.1159006 0.0593053 0.0771964 0.0756646 0.0567805 0.0346020 0.0850490 0.0817346 0.0669482 0.0804085 0.0587693 0.0544940 0.0911765 0.0931924 0.0742171 0.0527236 0.0551260 0.0444800 0.0574665 0.0544830 0.0634665 0.0000000 0.1159006 0.0579828 0.0902979 0.0833281 0.0801968 
Myrmecobiidae_Myrmecobius_fasciatus2         0.1188354 0.0940527 0.0871279 0.1066959 0.1066959 0.0322862 0.1074863 0.0990053 0.1105964 0.0952148 0.0000010 0.1260766 9.0000000 0.0378984 0.0990053 0.1081987 0.0381324 0.0226452 0.0433231 0.0838848 0.1066959 0.1836731 0.0895120 0.0882331 0.0352887 0.1020895 0.0865222 0.0975962 0.1066959 0.0938701 0.1206970 0.1159006 0.0000000 0.1028323 0.1131140 0.0288254 0.0914604 
Phalangeridae_Phalanger_carmelitae           0.0428422 0.0658693 0.0512426 0.0583397 0.0573326 0.0814777 0.0224006 0.0110780 0.0579193 0.0801812 0.1028323 0.0160589 0.0823242 0.0705906 0.0052726 0.0591711 0.0876163 0.0809424 0.0672522 0.0754636 0.0520062 0.0628288 0.0878179 0.0877178 0.0764091 0.0531132 0.0610111 0.0505328 0.0539155 0.0562594 0.0676506 0.0579828 0.1028323 0.0000000 0.0793831 0.0840201 0.0752281 
Peramelidae_Peroryctes_raffrayana            0.0753892 0.0794435 0.0706550 0.0883291 0.0871396 0.0931290 0.0741987 0.0777551 0.0920283 0.0213909 0.1131140 0.0829057 0.0975004 0.0850511 0.0795112 0.0906594 0.1011154 0.0934706 0.0821053 0.0186590 0.0839959 0.0921882 0.1016817 0.0988908 0.0871544 0.0866630 0.0773511 0.0782427 0.0834731 0.0808610 0.0935586 0.0902979 0.1131140 0.0793831 0.0000000 0.0941181 0.0206572 
Dasyuridae_Dasyurus_geffroii                 0.0765584 0.0787491 0.0715473 0.0819418 0.0822220 0.0075601 0.0803439 0.0870506 0.0866771 0.0949407 0.0288254 0.0876302 0.0160490 0.0177523 0.0834226 0.0872462 0.0170307 0.0075767 0.0147050 0.0888726 0.0798558 0.0876915 0.0966489 0.1033467 0.0160692 0.0795689 0.0720042 0.0774755 0.0801687 0.0834028 0.0967743 0.0833281 0.0288254 0.0840201 0.0941181 0.0000000 0.0877683 
Peramelidae_Perameles_gunnii                 0.0716168 0.0730705 0.0641276 0.0834370 0.0809080 0.0864919 0.0705823 0.0772307 0.0859088 0.0019302 0.0914604 0.0749370 0.0906720 0.0814815 0.0743020 0.0824097 0.0927999 0.0867872 0.0777231 0.0142795 0.0804004 0.0854361 0.0851807 0.0881496 0.0828198 0.0806712 0.0666275 0.0730385 0.0784093 0.0795547 0.0842099 0.0801968 0.0914604 0.0752281 0.0206572 0.0877683 0.0000000 
