61
AF337128_Lampropeltis_alterna    0.0000000 0.0036987 0.1863223 0.1702221 0.1629097 0.1569307 0.1728429 0.1515273 0.1457540 0.1580613 0.0656166 0.0769613 0.0641681 0.0634955 0.1572161 0.1123364 0.1167177 0.1429183 0.1433500 0.1865744 0.1795671 0.1795671 0.1795671 0.1743007 0.1442657 0.1426475 0.1462848 0.1489930 0.1798377 0.1760274 0.1659728 0.1780402 0.1795671 0.1427089 0.1389455 0.1377373 0.1377373 0.1440705 0.1349638 0.1378038 0.1608751 0.1595394 0.1999032 0.1588540 0.1967360 0.1520676 0.1511640 0.1452313 0.1507274 0.1308900 0.1417256 0.1429358 0.1421847 0.1440089 0.1219944 0.1351737 0.1110938 0.1369091 0.1320955 0.1657775 0.1850144 
AF337134_Lampropeltis_triangulum 0.0036987 0.0000000 0.1859135 0.1658410 0.1588364 0.1568570 0.1682468 0.1496509 0.1444259 0.1580144 0.0662151 0.0731247 0.0639229 0.0636452 0.1585359 0.1112838 0.1156787 0.1398708 0.1403052 0.1893788 0.1823646 0.1823646 0.1823646 0.1771019 0.1411896 0.1408740 0.1445136 0.1472063 0.1822314 0.1788235 0.1710956 0.1803813 0.1823646 0.1396495 0.1361203 0.1349205 0.1349205 0.1424007 0.1359850 0.1388372 0.1603398 0.1578352 0.1972150 0.1557168 0.1981741 0.1481792 0.1490422 0.1431435 0.1468094 0.1294650 0.1386861 0.1398608 0.1391471 0.1425077 0.1210232 0.1353969 0.1123745 0.1338924 0.1291244 0.1648677 0.1828899 
AF471040_Lycodon_zawi            0.1863223 0.1859135 0.0000000 0.1922319 0.1962401 0.2029257 0.2190741 0.2197938 0.2090864 0.1815744 0.1772020 0.1835179 0.1703856 0.1638669 0.1878683 0.1381544 0.1364794 0.1441406 0.1445718 0.0960841 0.0882501 0.0882501 0.0882501 0.0954139 0.1433969 0.1789704 0.1753587 0.1731465 0.0923635 0.0959936 0.0880132 0.0920168 0.0882501 0.1447200 0.1705165 0.1692344 0.1692344 0.1453703 0.1425645 0.1512843 0.1082389 0.1388938 0.1457401 0.1393665 0.1587498 0.1516547 0.1587723 0.1515139 0.1546131 0.1406135 0.1429426 0.1427842 0.1457864 0.1841699 0.1257247 0.1586281 0.1461323 0.1616929 0.1560071 0.0066541 0.2081969 
AF471062_Dipsadoboa_unicolor     0.1702221 0.1658410 0.1922319 0.0000000 0.1878856 0.2237193 0.2168605 0.1849595 0.1521292 0.1745504 0.1697079 0.1814869 0.1634260 0.1641901 0.1906806 0.1515767 0.1683876 0.1559992 0.1564400 0.1842852 0.1791780 0.1791780 0.1791780 0.1778467 0.1615696 0.1756874 0.1806003 0.1840767 0.1731256 0.1740215 0.1763016 0.1719238 0.1791780 0.1562583 0.1620148 0.1607280 0.1607280 0.1763602 0.1777028 0.1821543 0.1889584 0.1858043 0.1778068 0.1845847 0.1796473 0.1571181 0.1678674 0.1629664 0.1611118 0.1611206 0.1554915 0.1569250 0.1551869 0.2037588 0.1660464 0.1687861 0.1562666 0.1751419 0.1738204 0.1816484 0.1946643 
AF471065_Dasypeltis_atra         0.1629097 0.1588364 0.1962401 0.1878856 0.0000000 0.2102604 0.2147303 0.1704504 0.1526531 0.1765343 0.1407191 0.1567367 0.1411851 0.1318346 0.2005343 0.1535082 0.1660114 0.1645392 0.1649625 0.2090572 0.2039408 0.2039408 0.2039408 0.2163603 0.1624777 0.1665089 0.1668386 0.1686830 0.2132765 0.2089942 0.1807051 0.2086568 0.2039408 0.1659260 0.1659780 0.1646891 0.1646891 0.1596633 0.1694903 0.1713954 0.1899324 0.1701968 0.2156606 0.1795211 0.2146203 0.1496406 0.1517358 0.1508540 0.1495666 0.1658221 0.1645392 0.1645866 0.1637206 0.1773280 0.1355204 0.1616477 0.1479338 0.1741217 0.1718516 0.1647349 0.1947891 
Ahaetulla_prasina_CDS1130        0.1569307 0.1568570 0.2029257 0.2237193 0.2102604 0.0000000 0.0432380 0.3267208 0.2908281 0.2663156 0.1531615 0.1618575 0.1800130 0.1819906 0.3093753 0.2217617 0.1735345 0.3046941 0.3046941 0.3665014 0.3106109 0.3422150 0.3422150 0.3402390 0.3129353 0.2919376 0.3000722 0.2982060 0.3673345 0.3445682 0.3390502 0.3556748 0.3422150 0.2996449 0.3215068 0.2869922 0.3192505 0.3085305 0.1704303 0.1770357 0.2225634 0.2106276 0.3098716 0.3213721 0.7261860 0.2778111 0.3326461 0.2998338 0.3111068 0.2323628 0.3002381 0.3077984 0.2774742 0.3460938 0.2134388 0.3100963 0.3139228 0.2896947 0.2533078 0.2265559 0.2638358 
Ahaetulla_prasina_RMB3042        0.1728429 0.1682468 0.2190741 0.2168605 0.2147303 0.0432380 0.0000000 0.2826042 0.2456798 0.2519240 0.1576113 0.1675276 0.1651674 0.1657830 0.2806272 0.2141034 0.1905260 0.2615039 0.2612790 0.3142302 0.2823583 0.3051751 0.3051751 0.2983940 0.2568634 0.2853551 0.2950502 0.2952616 0.3089351 0.3030696 0.2840715 0.3043511 0.3051751 0.2579319 0.2725665 0.2478775 0.2712117 0.2649396 0.1981243 0.2044554 0.2134692 0.2177821 0.2717566 0.2941228 0.3894075 0.2353943 0.2681153 0.2420306 0.2637677 0.2215554 0.2575961 0.2617536 0.2399907 0.3241900 0.2158010 0.2785248 0.3035365 0.2553073 0.2281902 0.2022986 0.2684070 
Boiga_cynodon_CDS4400            0.1515273 0.1496509 0.2197938 0.1849595 0.1704504 0.3267208 0.2826042 0.0000000 0.1095463 0.2108575 0.1390384 0.1442956 0.1451966 0.1400213 0.2282192 0.1353764 0.1452321 0.1891764 0.1901297 0.2489745 0.2240096 0.2357144 0.2357144 0.2408598 0.2009845 0.1840879 0.1858617 0.1859887 0.2314533 0.2377016 0.2403846 0.2343324 0.2357144 0.1919348 0.1832086 0.1693276 0.1820924 0.1981705 0.1569795 0.1587616 0.1771537 0.1865042 0.2172519 0.2154056 0.2565251 0.1706597 0.1786842 0.1647116 0.1830164 0.1731514 0.1903001 0.1905122 0.1808918 0.2015328 0.1701389 0.2140530 0.2089979 0.2164365 0.2012217 0.2199979 0.2277563 
Boiga_dendrophila_CDS1575        0.1457540 0.1444259 0.2090864 0.1521292 0.1526531 0.2908281 0.2456798 0.1095463 0.0000000 0.1910757 0.1253663 0.1271345 0.1299152 0.1194265 0.1836064 0.1389689 0.1438595 0.1623689 0.1636398 0.2282968 0.2257660 0.2257660 0.2257660 0.2301925 0.1776201 0.1550750 0.1616123 0.1614435 0.2281004 0.2212648 0.2018395 0.2278172 0.2257660 0.1650359 0.1600238 0.1588742 0.1588982 0.1765910 0.1433804 0.1425350 0.1735662 0.1700076 0.2234555 0.2023756 0.2697790 0.1552588 0.1495277 0.1529608 0.1559385 0.1590944 0.1621200 0.1618752 0.1625365 0.1772173 0.1383967 0.1728323 0.1533545 0.1713975 0.1712513 0.1884741 0.1679435 
Ptyas_luzonensis_RMB4445         0.1580613 0.1580144 0.1815744 0.1745504 0.1765343 0.2663156 0.2519240 0.2108575 0.1910757 0.0000000 0.1387529 0.1510000 0.1294146 0.1272708 0.1542933 0.1311750 0.1664020 0.1572975 0.1573300 0.2202044 0.2127094 0.2127094 0.2127094 0.2195399 0.1608293 0.1892831 0.1904638 0.1905961 0.2202461 0.2091739 0.1943952 0.2172709 0.2127094 0.1587533 0.1623509 0.1611271 0.1611531 0.1835707 0.1539123 0.1535790 0.1471256 0.1755091 0.2452278 0.2059692 0.2952715 0.1696179 0.1712657 0.1679871 0.1683746 0.1761864 0.1576602 0.1590218 0.1571531 0.2162162 0.0980765 0.1978783 0.1527365 0.1958666 0.1939187 0.1640172 0.1594823 
FJ627818_Pituophis_deppei        0.0656166 0.0662151 0.1772020 0.1697079 0.1407191 0.1531615 0.1576113 0.1390384 0.1253663 0.1387529 0.0000000 0.0428394 0.0657227 0.0620149 0.1381173 0.1123767 0.1189808 0.1211183 0.1211183 0.1855988 0.1826549 0.1826549 0.1826549 0.1840669 0.1325487 0.1436926 0.1435405 0.1448722 0.1840538 0.1846851 0.1697073 0.1835861 0.1826549 0.1228129 0.1306641 0.1293704 0.1293704 0.1290922 0.1435765 0.1430222 0.1566036 0.1383624 0.1589134 0.1411575 0.1562598 0.1248049 0.1271528 0.1276378 0.1250081 0.1313126 0.1218589 0.1218589 0.1199101 0.1308388 0.1281535 0.1320365 0.1152811 0.1418736 0.1418000 0.1687180 0.1627418 
FJ627819_Pituophis_catenifer     0.0769613 0.0731247 0.1835179 0.1814869 0.1567367 0.1618575 0.1675276 0.1442956 0.1271345 0.1510000 0.0428394 0.0000000 0.0675074 0.0681764 0.1510900 0.1228772 0.1291624 0.1307796 0.1312281 0.1989467 0.1954177 0.1954177 0.1954177 0.2012799 0.1390002 0.1550414 0.1576578 0.1589632 0.1952158 0.1962765 0.1764965 0.1947759 0.1954177 0.1330760 0.1359271 0.1347103 0.1347103 0.1284491 0.1490281 0.1491435 0.1700040 0.1587272 0.1768938 0.1536696 0.1776496 0.1314796 0.1366845 0.1370935 0.1325091 0.1396243 0.1319551 0.1319551 0.1300782 0.1426050 0.1362437 0.1497311 0.1133306 0.1436321 0.1435640 0.1707773 0.1607824 
GU073440_Pantherophis_bairdi     0.0641681 0.0639229 0.1703856 0.1634260 0.1411851 0.1800130 0.1651674 0.1451966 0.1299152 0.1294146 0.0657227 0.0675074 0.0000000 0.0331178 0.1616313 0.0956013 0.1175539 0.1289448 0.1289448 0.1816591 0.1751533 0.1751533 0.1751533 0.1746957 0.1379117 0.1216485 0.1251077 0.1252571 0.1749168 0.1736796 0.1779450 0.1710235 0.1751533 0.1319732 0.1204676 0.1189895 0.1189895 0.1154420 0.1330597 0.1323417 0.1386878 0.1257756 0.1160680 0.1214431 0.1160680 0.1301394 0.1299744 0.1247589 0.1281504 0.1120874 0.1283781 0.1297250 0.1275096 0.1315092 0.1093236 0.1223489 0.1139100 0.1275935 0.1274883 0.1615508 0.1760428 
GU073446_Pantherophis_obsoletus  0.0634955 0.0636452 0.1638669 0.1641901 0.1318346 0.1819906 0.1657830 0.1400213 0.1194265 0.1272708 0.0620149 0.0681764 0.0331178 0.0000000 0.1264496 0.0884352 0.1022407 0.1204779 0.1204779 0.1650213 0.1612951 0.1612951 0.1612951 0.1618215 0.1335479 0.1026788 0.1058599 0.1075963 0.1625285 0.1613852 0.1626915 0.1598596 0.1612951 0.1223806 0.1295466 0.1280647 0.1280647 0.1093830 0.1181849 0.1174211 0.1343515 0.1172077 0.1147606 0.1098898 0.1147606 0.1268542 0.1252769 0.1242915 0.1270958 0.1034833 0.1199219 0.1210961 0.1191221 0.1221766 0.0968052 0.1151246 0.1023215 0.1233492 0.1232417 0.1575255 0.1742335 
Gonyosoma_oxycephala_RMB11702    0.1572161 0.1585359 0.1878683 0.1906806 0.2005343 0.3093753 0.2806272 0.2282192 0.1836064 0.1542933 0.1381173 0.1510900 0.1616313 0.1264496 0.0000000 0.1408490 0.1545862 0.1795380 0.1829403 0.2388492 0.2207169 0.2285581 0.2285581 0.2306626 0.1936464 0.1975993 0.1999633 0.2010872 0.2253781 0.2225238 0.2314016 0.2288853 0.2285581 0.1831176 0.1990095 0.1868921 0.1971932 0.2048657 0.1649071 0.1656336 0.1969234 0.1562450 0.1383282 0.1929225 0.2536252 0.1776191 0.1931789 0.1774532 0.1848879 0.1729832 0.1828989 0.1852779 0.1793565 0.2082670 0.1652212 0.1924098 0.1733288 0.1866396 0.1782625 0.2007962 0.1849355 
JF827672.Dinodon.rufozonatum     0.1123364 0.1112838 0.1381544 0.1515767 0.1535082 0.2217617 0.2141034 0.1353764 0.1389689 0.1311750 0.1123767 0.1228772 0.0956013 0.0884352 0.1408490 0.0000000 0.0539599 0.1003400 0.1007634 0.1496043 0.1447245 0.1452927 0.1452927 0.1483767 0.1023207 0.1020090 0.1022825 0.1026736 0.1422211 0.1376589 0.1409451 0.1437083 0.1452927 0.1007432 0.1207582 0.1178903 0.1197220 0.1170264 0.0958857 0.0941451 0.1307552 0.1233850 0.1377857 0.1218944 0.1421236 0.0999381 0.1069557 0.1009420 0.1019506 0.1032541 0.0993890 0.0993890 0.1005122 0.1135158 0.0651178 0.1017284 0.0947090 0.1023432 0.0986873 0.1274108 0.1900835 
AB008539.Dinodon.semicarinatus   0.1167177 0.1156787 0.1364794 0.1683876 0.1660114 0.1735345 0.1905260 0.1452321 0.1438595 0.1664020 0.1189808 0.1291624 0.1175539 0.1022407 0.1545862 0.0539599 0.0000000 0.1107483 0.1111901 0.1557914 0.1499918 0.1499918 0.1499918 0.1564592 0.1215537 0.1098398 0.1132095 0.1142088 0.1473550 0.1484512 0.1475264 0.1459752 0.1499918 0.1133776 0.1197305 0.1186633 0.1186633 0.1186151 0.0962819 0.0967711 0.1294439 0.1196709 0.1366985 0.1283800 0.1358883 0.1034956 0.1098026 0.1069184 0.1035838 0.1185029 0.1096991 0.1104912 0.1101598 0.1192605 0.0816429 0.1067952 0.1065297 0.1072300 0.1035868 0.1268496 0.1819840 
Lycodon_alcalai_RMB9036          0.1429183 0.1398708 0.1441406 0.1559992 0.1645392 0.3046941 0.2615039 0.1891764 0.1623689 0.1572975 0.1211183 0.1307796 0.1289448 0.1204779 0.1795380 0.1003400 0.1107483 0.0000000 0.0003416 0.1736994 0.1633184 0.1681893 0.1681893 0.1734948 0.0156999 0.1341934 0.1365077 0.1345315 0.1724899 0.1672353 0.1726610 0.1731112 0.1681893 0.0024365 0.0909180 0.0893431 0.0901083 0.1438460 0.1196305 0.1252700 0.1236716 0.1415254 0.1787078 0.1538907 0.2115806 0.0671391 0.0676556 0.0647412 0.0671227 0.1340265 0.0010329 0.0010451 0.0006968 0.1440442 0.1080791 0.1472858 0.1400788 0.1481406 0.1378168 0.1454272 0.1973084 
Lycodon_alcalai_RMB9542          0.1433500 0.1403052 0.1445718 0.1564400 0.1649625 0.3046941 0.2612790 0.1901297 0.1636398 0.1573300 0.1211183 0.1312281 0.1289448 0.1204779 0.1829403 0.1007634 0.1111901 0.0003416 0.0000000 0.1718425 0.1615404 0.1664326 0.1664326 0.1732566 0.0160119 0.1332831 0.1355637 0.1336158 0.1722645 0.1670788 0.1719696 0.1728810 0.1664326 0.0020726 0.0906108 0.0890431 0.0898107 0.1481226 0.1184260 0.1240287 0.1224812 0.1419379 0.1794692 0.1579019 0.2194900 0.0670921 0.0676040 0.0647187 0.0670772 0.1344270 0.0006834 0.0006915 0.0003458 0.1441680 0.1080791 0.1524117 0.1436104 0.1532627 0.1431280 0.1454272 0.1973084 
Lycodon_aulicus_205000           0.1865744 0.1893788 0.0960841 0.1842852 0.2090572 0.3665014 0.3142302 0.2489745 0.2282968 0.2202044 0.1855988 0.1989467 0.1816591 0.1650213 0.2388492 0.1496043 0.1557914 0.1736994 0.1718425 0.0000000 0.0134059 0.0131512 0.0131512 0.0229180 0.1791065 0.1954024 0.1977109 0.1940628 0.0199772 0.0227507 0.0213801 0.0199404 0.0131518 0.1743933 0.1918970 0.1809171 0.1907501 0.1864775 0.1469851 0.1559406 0.1080434 0.1358373 0.1581938 0.1560588 0.1991179 0.1700829 0.1788721 0.1625107 0.1800588 0.1477454 0.1720425 0.1729273 0.1677347 0.2106400 0.1442371 0.1889903 0.1888941 0.2021700 0.1877002 0.0790759 0.2276226 
Lycodon_aulicus_CDS4621          0.1795671 0.1823646 0.0882501 0.1791780 0.2039408 0.3106109 0.2823583 0.2240096 0.2257660 0.2127094 0.1826549 0.1954177 0.1751533 0.1612951 0.2207169 0.1447245 0.1499918 0.1633184 0.1615404 0.0134059 0.0000000 0.0000010 0.0000010 0.0200560 0.1700092 0.1879941 0.1881279 0.1847742 0.0193031 0.0208205 0.0183813 0.0184596 0.0000010 0.1641469 0.1793047 0.1766953 0.1781319 0.1743613 0.1391833 0.1478005 0.0959157 0.1344010 0.1672470 0.1587528 0.2014555 0.1663734 0.1620101 0.1572709 0.1661135 0.1482196 0.1634326 0.1647724 0.1644500 0.2036065 0.1276577 0.1768332 0.1606733 0.1865798 0.1802596 0.0700051 0.1882327 
Lycodon_aulicus_CDS658           0.1795671 0.1823646 0.0882501 0.1791780 0.2039408 0.3422150 0.3051751 0.2357144 0.2257660 0.2127094 0.1826549 0.1954177 0.1751533 0.1612951 0.2285581 0.1452927 0.1499918 0.1681893 0.1664326 0.0131512 0.0000010 0.0000000 0.0000010 0.0200790 0.1744813 0.1873772 0.1875056 0.1843533 0.0189003 0.0208279 0.0195021 0.0185138 0.0000010 0.1689296 0.1876513 0.1766953 0.1865246 0.1813423 0.1391833 0.1478005 0.0955024 0.1329512 0.1600229 0.1558909 0.2014555 0.1663734 0.1722220 0.1572709 0.1747581 0.1525701 0.1682275 0.1695454 0.1644500 0.2033935 0.1351471 0.1853967 0.1705976 0.1948279 0.1802596 0.0707575 0.2149367 
Lycodon_aulicus_RMB4347          0.1795671 0.1823646 0.0882501 0.1791780 0.2039408 0.3422150 0.3051751 0.2357144 0.2257660 0.2127094 0.1826549 0.1954177 0.1751533 0.1612951 0.2285581 0.1452927 0.1499918 0.1681893 0.1664326 0.0131512 0.0000010 0.0000010 0.0000000 0.0200790 0.1744813 0.1873772 0.1875056 0.1843533 0.0189003 0.0208279 0.0195021 0.0185138 0.0000010 0.1689296 0.1876513 0.1766953 0.1865246 0.1813423 0.1391833 0.1478005 0.0955024 0.1329512 0.1600229 0.1558909 0.2014555 0.1663734 0.1722220 0.1572709 0.1747581 0.1525701 0.1682275 0.1695454 0.1644500 0.2033935 0.1351471 0.1853967 0.1705976 0.1948279 0.1802596 0.0707575 0.2149367 
Lycodon_aulicus_RMB8785          0.1743007 0.1771019 0.0954139 0.1778467 0.2163603 0.3402390 0.2983940 0.2408598 0.2301925 0.2195399 0.1840669 0.2012799 0.1746957 0.1618215 0.2306626 0.1483767 0.1564592 0.1734948 0.1732566 0.0229180 0.0200560 0.0200790 0.0200790 0.0000000 0.1791470 0.1981312 0.1982116 0.1949986 0.0131388 0.0079703 0.0213563 0.0120713 0.0200801 0.1778381 0.1944536 0.1821836 0.1933075 0.1912522 0.1471984 0.1563265 0.1064233 0.1337461 0.1629081 0.1567463 0.2069896 0.1752410 0.1894934 0.1719264 0.1863849 0.1498223 0.1750721 0.1764755 0.1701744 0.2091930 0.1410850 0.1846740 0.1752837 0.1917394 0.1754497 0.0839951 0.2311529 
Lycodon_bibonius_RMB5709         0.1442657 0.1411896 0.1433969 0.1615696 0.1624777 0.3129353 0.2568634 0.2009845 0.1776201 0.1608293 0.1325487 0.1390002 0.1379117 0.1335479 0.1936464 0.1023207 0.1215537 0.0156999 0.0160119 0.1791065 0.1700092 0.1744813 0.1744813 0.1791470 0.0000000 0.1351593 0.1412106 0.1381860 0.1766672 0.1729254 0.1705872 0.1784200 0.1744813 0.0165479 0.0886259 0.0869831 0.0878290 0.1570463 0.1304899 0.1363985 0.1349001 0.1476592 0.1802551 0.1681501 0.2170016 0.0716606 0.0734588 0.0706643 0.0703010 0.1414725 0.0160445 0.0158098 0.0158789 0.1465715 0.1176248 0.1586566 0.1489886 0.1613657 0.1515593 0.1437547 0.2121960 
Lycodon_butleri_8066             0.1426475 0.1408740 0.1789704 0.1756874 0.1665089 0.2919376 0.2853551 0.1840879 0.1550750 0.1892831 0.1436926 0.1550414 0.1216485 0.1026788 0.1975993 0.1020090 0.1098398 0.1341934 0.1332831 0.1954024 0.1879941 0.1873772 0.1873772 0.1981312 0.1351593 0.0000000 0.0040868 0.0044514 0.1919711 0.1911143 0.1759186 0.1935624 0.1873496 0.1342238 0.1394124 0.1364721 0.1384382 0.1366785 0.0594034 0.0546157 0.1501765 0.1570658 0.1870169 0.1679691 0.2322025 0.1391308 0.1360193 0.1346100 0.1388150 0.1232785 0.1319243 0.1328493 0.1336097 0.1381713 0.0590046 0.1350762 0.1111883 0.1426301 0.1473466 0.1470427 0.2024740 
Lycodon_butleri_9136             0.1462848 0.1445136 0.1753587 0.1806003 0.1668386 0.3000722 0.2950502 0.1858617 0.1616123 0.1904638 0.1435405 0.1576578 0.1251077 0.1058599 0.1999633 0.1022825 0.1132095 0.1365077 0.1355637 0.1977109 0.1881279 0.1875056 0.1875056 0.1982116 0.1412106 0.0040868 0.0000000 0.0009258 0.1907928 0.1925117 0.1769379 0.1936631 0.1874781 0.1369828 0.1454421 0.1427976 0.1444602 0.1434684 0.0597936 0.0549913 0.1523163 0.1623525 0.1951257 0.1743740 0.2423084 0.1441336 0.1407450 0.1395685 0.1448023 0.1251132 0.1346761 0.1345234 0.1386070 0.1408091 0.0602640 0.1393299 0.1136976 0.1448951 0.1497538 0.1457419 0.2090700 
Lycodon_butleri_9421             0.1489930 0.1472063 0.1731465 0.1840767 0.1686830 0.2982060 0.2952616 0.1859887 0.1614435 0.1905961 0.1448722 0.1589632 0.1252571 0.1075963 0.2010872 0.1026736 0.1142088 0.1345315 0.1336158 0.1940628 0.1847742 0.1843533 0.1843533 0.1949986 0.1381860 0.0044514 0.0009258 0.0000000 0.1869407 0.1893286 0.1736974 0.1905013 0.1843263 0.1350334 0.1440715 0.1413392 0.1430847 0.1435694 0.0593280 0.0558583 0.1550020 0.1639909 0.1974459 0.1744445 0.2384578 0.1414324 0.1399511 0.1387296 0.1422562 0.1272456 0.1327369 0.1320692 0.1365427 0.1395437 0.0596786 0.1380975 0.1124281 0.1436511 0.1484428 0.1431825 0.2101079 
Lycodon_capucinus_5725           0.1798377 0.1822314 0.0923635 0.1731256 0.2132765 0.3673345 0.3089351 0.2314533 0.2281004 0.2202461 0.1840538 0.1952158 0.1749168 0.1625285 0.2253781 0.1422211 0.1473550 0.1724899 0.1722645 0.0199772 0.0193031 0.0189003 0.0189003 0.0131388 0.1766672 0.1919711 0.1907928 0.1869407 0.0000000 0.0149806 0.0216513 0.0006558 0.0188993 0.1751967 0.1874109 0.1762713 0.1862646 0.1846988 0.1403935 0.1510646 0.1070445 0.1353832 0.1605363 0.1576962 0.2020923 0.1692141 0.1824349 0.1643518 0.1792387 0.1475000 0.1740569 0.1740569 0.1705105 0.1994484 0.1304173 0.1828541 0.1780667 0.1893719 0.1743832 0.0785107 0.2293094 
Lycodon_capucinus_9277           0.1760274 0.1788235 0.0959936 0.1740215 0.2089942 0.3445682 0.3030696 0.2377016 0.2212648 0.2091739 0.1846851 0.1962765 0.1736796 0.1613852 0.2225238 0.1376589 0.1484512 0.1672353 0.1670788 0.0227507 0.0208205 0.0208279 0.0208279 0.0079703 0.1729254 0.1911143 0.1925117 0.1893286 0.0149806 0.0000000 0.0207382 0.0138593 0.0208269 0.1689503 0.1838241 0.1726586 0.1826970 0.1823229 0.1435090 0.1524551 0.1020573 0.1287819 0.1552386 0.1533678 0.1968346 0.1609952 0.1741828 0.1563889 0.1738861 0.1483169 0.1675838 0.1689045 0.1623841 0.1988060 0.1341109 0.1783172 0.1682379 0.1889242 0.1726629 0.0794501 0.2254619 
Lycodon_capucinus_9695           0.1659728 0.1710956 0.0880132 0.1763016 0.1807051 0.3390502 0.2840715 0.2403846 0.2018395 0.1943952 0.1697073 0.1764965 0.1779450 0.1626915 0.2314016 0.1409451 0.1475264 0.1726610 0.1719696 0.0213801 0.0183813 0.0195021 0.0195021 0.0213563 0.1705872 0.1759186 0.1769379 0.1736974 0.0216513 0.0207382 0.0000000 0.0203843 0.0195009 0.1741485 0.1881011 0.1695152 0.1867453 0.1740082 0.1313010 0.1385650 0.0993852 0.1141468 0.1234589 0.1356235 0.1689989 0.1662802 0.1823985 0.1645542 0.1818032 0.1402059 0.1726907 0.1726907 0.1639182 0.1941641 0.1444320 0.1570456 0.1679535 0.1762045 0.1602621 0.0803642 0.2164291 
Lycodon_capucinus_DSM1325L       0.1780402 0.1803813 0.0920168 0.1719238 0.2086568 0.3556748 0.3043511 0.2343324 0.2278172 0.2172709 0.1835861 0.1947759 0.1710235 0.1598596 0.2288853 0.1437083 0.1459752 0.1731112 0.1728810 0.0199404 0.0184596 0.0185138 0.0185138 0.0120713 0.1784200 0.1935624 0.1936631 0.1905013 0.0006558 0.0138593 0.0203843 0.0000000 0.0185129 0.1744777 0.1874713 0.1764850 0.1863436 0.1840928 0.1408679 0.1513720 0.1059437 0.1317881 0.1578803 0.1536071 0.1992161 0.1702048 0.1816522 0.1625730 0.1826324 0.1477577 0.1733580 0.1747244 0.1684565 0.1989067 0.1361179 0.1812160 0.1768630 0.1892905 0.1730778 0.0787479 0.2266520 
Lycodon_capucinus_RMB9060        0.1795671 0.1823646 0.0882501 0.1791780 0.2039408 0.3422150 0.3051751 0.2357144 0.2257660 0.2127094 0.1826549 0.1954177 0.1751533 0.1612951 0.2285581 0.1452927 0.1499918 0.1681893 0.1664326 0.0131518 0.0000010 0.0000010 0.0000010 0.0200801 0.1744813 0.1873496 0.1874781 0.1843263 0.0188993 0.0208269 0.0195009 0.0185129 0.0000000 0.1689049 0.1876220 0.1766953 0.1864955 0.1813696 0.1391833 0.1478005 0.0955024 0.1329512 0.1600229 0.1558693 0.2013924 0.1663481 0.1721965 0.1572477 0.1747581 0.1525701 0.1682032 0.1695205 0.1644252 0.2019656 0.1351471 0.1853680 0.1705582 0.1947968 0.1802304 0.0707575 0.2149367 
Lycodon_chrysoprateros_RMB6394   0.1427089 0.1396495 0.1447200 0.1562583 0.1659260 0.2996449 0.2579319 0.1919348 0.1650359 0.1587533 0.1228129 0.1330760 0.1319732 0.1223806 0.1831176 0.1007432 0.1133776 0.0024365 0.0020726 0.1743933 0.1641469 0.1689296 0.1689296 0.1778381 0.0165479 0.1342238 0.1369828 0.1350334 0.1751967 0.1689503 0.1741485 0.1744777 0.1689049 0.0000000 0.0903022 0.0887437 0.0895038 0.1486894 0.1191774 0.1248171 0.1245049 0.1429606 0.1787681 0.1606632 0.2220873 0.0667401 0.0672565 0.0643687 0.0667476 0.1347423 0.0027805 0.0028136 0.0024632 0.1438326 0.1131032 0.1536466 0.1455309 0.1539666 0.1438688 0.1456041 0.1997345 
Lycodon_dumereli_ACD4146         0.1389455 0.1361203 0.1705165 0.1620148 0.1659780 0.3215068 0.2725665 0.1832086 0.1600238 0.1623509 0.1306641 0.1359271 0.1204676 0.1295466 0.1990095 0.1207582 0.1197305 0.0909180 0.0906108 0.1918970 0.1793047 0.1876513 0.1876513 0.1944536 0.0886259 0.1394124 0.1454421 0.1440715 0.1874109 0.1838241 0.1881011 0.1874713 0.1876220 0.0903022 0.0000000 0.0003503 0.0003453 0.1591844 0.1297220 0.1318363 0.1453811 0.1574840 0.1991798 0.1758077 0.2257038 0.0779909 0.0865211 0.0801687 0.0790457 0.1255383 0.0890636 0.0890333 0.0886898 0.1620572 0.1126274 0.1707868 0.1554384 0.1693847 0.1593357 0.1639348 0.2156457 
Lycodon_dumereli_CDS1927         0.1377373 0.1349205 0.1692344 0.1607280 0.1646891 0.2869922 0.2478775 0.1693276 0.1588742 0.1611271 0.1293704 0.1347103 0.1189895 0.1280647 0.1868921 0.1178903 0.1186633 0.0893431 0.0890431 0.1809171 0.1766953 0.1766953 0.1766953 0.1821836 0.0869831 0.1364721 0.1427976 0.1413392 0.1762713 0.1726586 0.1695152 0.1764850 0.1766953 0.0887437 0.0003503 0.0000000 0.0000010 0.1491763 0.1286064 0.1307098 0.1395217 0.1505190 0.1920655 0.1702904 0.2257038 0.0772107 0.0811895 0.0793769 0.0745001 0.1189571 0.0874656 0.0874172 0.0878768 0.1575778 0.1015223 0.1630020 0.1469094 0.1614944 0.1605614 0.1500934 0.1928842 
Lycodon_dumereli_RMB4393         0.1377373 0.1349205 0.1692344 0.1607280 0.1646891 0.3192505 0.2712117 0.1820924 0.1588982 0.1611531 0.1293704 0.1347103 0.1189895 0.1280647 0.1971932 0.1197220 0.1186633 0.0901083 0.0898107 0.1907501 0.1781319 0.1865246 0.1865246 0.1933075 0.0878290 0.1384382 0.1444602 0.1430847 0.1862646 0.1826970 0.1867453 0.1863436 0.1864955 0.0895038 0.0003453 0.0000010 0.0000000 0.1581320 0.1286064 0.1307098 0.1442614 0.1563009 0.1991798 0.1746883 0.2257038 0.0772032 0.0857232 0.0793691 0.0782746 0.1244610 0.0882709 0.0882326 0.0878678 0.1610235 0.1107122 0.1719431 0.1571200 0.1705451 0.1605363 0.1624840 0.2133932 
Lycodon_effraensis_DSM927L       0.1440705 0.1424007 0.1453703 0.1763602 0.1596633 0.3085305 0.2649396 0.1981705 0.1765910 0.1835707 0.1290922 0.1284491 0.1154420 0.1093830 0.2048657 0.1170264 0.1186151 0.1438460 0.1481226 0.1864775 0.1743613 0.1813423 0.1813423 0.1912522 0.1570463 0.1366785 0.1434684 0.1435694 0.1846988 0.1823229 0.1740082 0.1840928 0.1813696 0.1486894 0.1591844 0.1491763 0.1581320 0.0000000 0.1178954 0.1191655 0.1418740 0.1203374 0.1437618 0.1444161 0.1702440 0.1438984 0.1566997 0.1431700 0.1551035 0.0857988 0.1474997 0.1486260 0.1413003 0.1494793 0.1129518 0.1565913 0.1495240 0.1716574 0.1570156 0.1439244 0.1821934 
Lycodon_fasciatus_234875         0.1349638 0.1359850 0.1425645 0.1777028 0.1694903 0.1704303 0.1981243 0.1569795 0.1433804 0.1539123 0.1435765 0.1490281 0.1330597 0.1181849 0.1649071 0.0958857 0.0962819 0.1196305 0.1184260 0.1469851 0.1391833 0.1391833 0.1391833 0.1471984 0.1304899 0.0594034 0.0597936 0.0593280 0.1403935 0.1435090 0.1313010 0.1408679 0.1391833 0.1191774 0.1297220 0.1286064 0.1286064 0.1178954 0.0000000 0.0035449 0.1257519 0.1404350 0.1813150 0.1414110 0.1853539 0.1082255 0.1130114 0.1102788 0.1128724 0.1126387 0.1169173 0.1177940 0.1173733 0.1376885 0.0632961 0.1311784 0.1082614 0.1303358 0.1254781 0.1186489 0.1938754 
Lycodon_fasciatus_234957         0.1378038 0.1388372 0.1512843 0.1821543 0.1713954 0.1770357 0.2044554 0.1587616 0.1425350 0.1535790 0.1430222 0.1491435 0.1323417 0.1174211 0.1656336 0.0941451 0.0967711 0.1252700 0.1240287 0.1559406 0.1478005 0.1478005 0.1478005 0.1563265 0.1363985 0.0546157 0.0549913 0.0558583 0.1510646 0.1524551 0.1385650 0.1513720 0.1478005 0.1248171 0.1318363 0.1307098 0.1307098 0.1191655 0.0035449 0.0000000 0.1294203 0.1434515 0.1884102 0.1393145 0.1925003 0.1133718 0.1113217 0.1162836 0.1130872 0.1150101 0.1224871 0.1234412 0.1229456 0.1394143 0.0600071 0.1272040 0.1085247 0.1285182 0.1314054 0.1237467 0.1958452 
Lycodon_jara_235387              0.1608751 0.1603398 0.1082389 0.1889584 0.1899324 0.2225634 0.2134692 0.1771537 0.1735662 0.1471256 0.1566036 0.1700040 0.1386878 0.1343515 0.1969234 0.1307552 0.1294439 0.1236716 0.1224812 0.1080434 0.0959157 0.0955024 0.0955024 0.1064233 0.1349001 0.1501765 0.1523163 0.1550020 0.1070445 0.1020573 0.0993852 0.1059437 0.0955024 0.1245049 0.1453811 0.1395217 0.1442614 0.1418740 0.1257519 0.1294203 0.0000000 0.1194875 0.1304471 0.1192340 0.1471954 0.1347522 0.1454798 0.1342719 0.1437983 0.1506158 0.1226063 0.1235267 0.1207120 0.1570504 0.1056861 0.1651442 0.1450001 0.1715012 0.1619792 0.0931923 0.2172865 
Lycodon_laoensis_258659          0.1595394 0.1578352 0.1388938 0.1858043 0.1701968 0.2106276 0.2177821 0.1865042 0.1700076 0.1755091 0.1383624 0.1587272 0.1257756 0.1172077 0.1562450 0.1233850 0.1196709 0.1415254 0.1419379 0.1358373 0.1344010 0.1329512 0.1329512 0.1337461 0.1476592 0.1570658 0.1623525 0.1639909 0.1353832 0.1287819 0.1141468 0.1317881 0.1329512 0.1429606 0.1574840 0.1505190 0.1563009 0.1203374 0.1404350 0.1434515 0.1194875 0.0000000 0.0058235 0.0091305 0.0029502 0.1455227 0.1558419 0.1436291 0.1525484 0.1222097 0.1426582 0.1438234 0.1386694 0.1614856 0.1204613 0.1425053 0.1118080 0.1541293 0.1413391 0.1204071 0.1994060 
Lycodon_laoensis_262186          0.1999032 0.1972150 0.1457401 0.1778068 0.2156606 0.3098716 0.2717566 0.2172519 0.2234555 0.2452278 0.1589134 0.1768938 0.1160680 0.1147606 0.1383282 0.1377857 0.1366985 0.1787078 0.1794692 0.1581938 0.1672470 0.1600229 0.1600229 0.1629081 0.1802551 0.1870169 0.1951257 0.1974459 0.1605363 0.1552386 0.1234589 0.1578803 0.1600229 0.1787681 0.1991798 0.1920655 0.1991798 0.1437618 0.1813150 0.1884102 0.1304471 0.0058235 0.0000000 0.0036747 0.0060630 0.1751920 0.1894133 0.1674157 0.1882116 0.1306386 0.1818804 0.1818804 0.1774081 0.1952577 0.1305990 0.1798286 0.1110576 0.1940706 0.1726346 0.1255379 0.2032724 
Lycodon_laoensis_8481            0.1588540 0.1557168 0.1393665 0.1845847 0.1795211 0.3213721 0.2941228 0.2154056 0.2023756 0.2059692 0.1411575 0.1536696 0.1214431 0.1098898 0.1929225 0.1218944 0.1283800 0.1538907 0.1579019 0.1560588 0.1587528 0.1558909 0.1558909 0.1567463 0.1681501 0.1679691 0.1743740 0.1744445 0.1576962 0.1533678 0.1356235 0.1536071 0.1558693 0.1606632 0.1758077 0.1702904 0.1746883 0.1444161 0.1414110 0.1393145 0.1192340 0.0091305 0.0036747 0.0000000 0.0104485 0.1644756 0.1719926 0.1661425 0.1696689 0.1215763 0.1603496 0.1616255 0.1574981 0.1847419 0.1139723 0.1611334 0.1509637 0.1719781 0.1691038 0.1173380 0.2011242 
Lycodon_laoensis_DSM902L         0.1967360 0.1981741 0.1587498 0.1796473 0.2146203 0.7261860 0.3894075 0.2565251 0.2697790 0.2952715 0.1562598 0.1776496 0.1160680 0.1147606 0.2536252 0.1421236 0.1358883 0.2115806 0.2194900 0.1991179 0.2014555 0.2014555 0.2014555 0.2069896 0.2170016 0.2322025 0.2423084 0.2384578 0.2020923 0.1968346 0.1689989 0.1992161 0.2013924 0.2220873 0.2257038 0.2257038 0.2257038 0.1702440 0.1853539 0.1925003 0.1471954 0.0029502 0.0060630 0.0104485 0.0000000 0.2170341 0.2131588 0.2039376 0.2181091 0.1314071 0.2251561 0.2251561 0.2204066 0.2363142 9.0000000 0.2245060 0.2570112 0.2372964 0.2248740 0.1390887 0.0809180 
Lycodon_muelleri_CDS5256         0.1520676 0.1481792 0.1516547 0.1571181 0.1496406 0.2778111 0.2353943 0.1706597 0.1552588 0.1696179 0.1248049 0.1314796 0.1301394 0.1268542 0.1776191 0.0999381 0.1034956 0.0671391 0.0670921 0.1700829 0.1663734 0.1663734 0.1663734 0.1752410 0.0716606 0.1391308 0.1441336 0.1414324 0.1692141 0.1609952 0.1662802 0.1702048 0.1663481 0.0667401 0.0779909 0.0772107 0.0772032 0.1438984 0.1082255 0.1133718 0.1347522 0.1455227 0.1751920 0.1644756 0.2170341 0.0000000 0.0206765 0.0213131 0.0038858 0.1176698 0.0663808 0.0661155 0.0661270 0.1430432 0.1001648 0.1531024 0.1349520 0.1471192 0.1458456 0.1404914 0.1782402 
Lycodon_muelleri_DLSUD031        0.1511640 0.1490422 0.1587723 0.1678674 0.1517358 0.3326461 0.2681153 0.1786842 0.1495277 0.1712657 0.1271528 0.1366845 0.1299744 0.1252769 0.1931789 0.1069557 0.1098026 0.0676556 0.0676040 0.1788721 0.1620101 0.1722220 0.1722220 0.1894934 0.0734588 0.1360193 0.1407450 0.1399511 0.1824349 0.1741828 0.1823985 0.1816522 0.1721965 0.0672565 0.0865211 0.0811895 0.0857232 0.1566997 0.1130114 0.1113217 0.1454798 0.1558419 0.1894133 0.1719926 0.2131588 0.0206765 0.0000000 0.0043303 0.0195372 0.1276620 0.0668997 0.0671335 0.0659409 0.1547516 0.1204698 0.1630225 0.1555246 0.1592689 0.1526239 0.1557614 0.1998146 
Lycodon_muelleri_RMB10605        0.1452313 0.1431435 0.1515139 0.1629664 0.1508540 0.2998338 0.2420306 0.1647116 0.1529608 0.1679871 0.1276378 0.1370935 0.1247589 0.1242915 0.1774532 0.1009420 0.1069184 0.0647412 0.0647187 0.1625107 0.1572709 0.1572709 0.1572709 0.1719264 0.0706643 0.1346100 0.1395685 0.1387296 0.1643518 0.1563889 0.1645542 0.1625730 0.1572477 0.0643687 0.0801687 0.0793769 0.0793691 0.1431700 0.1102788 0.1162836 0.1342719 0.1436291 0.1674157 0.1661425 0.2039376 0.0213131 0.0043303 0.0000000 0.0216190 0.1180891 0.0640216 0.0642313 0.0637683 0.1498922 0.1081427 0.1558534 0.1428342 0.1521311 0.1482373 0.1381394 0.1772059 
Lycodon_muelleri_RMB9788         0.1507274 0.1468094 0.1546131 0.1611118 0.1495666 0.3111068 0.2637677 0.1830164 0.1559385 0.1683746 0.1250081 0.1325091 0.1281504 0.1270958 0.1848879 0.1019506 0.1035838 0.0671227 0.0670772 0.1800588 0.1661135 0.1747581 0.1747581 0.1863849 0.0703010 0.1388150 0.1448023 0.1422562 0.1792387 0.1738861 0.1818032 0.1826324 0.1747581 0.0667476 0.0790457 0.0745001 0.0782746 0.1551035 0.1128724 0.1130872 0.1437983 0.1525484 0.1882116 0.1696689 0.2181091 0.0038858 0.0195372 0.0216190 0.0000000 0.1227494 0.0663989 0.0661418 0.0662383 0.1477333 0.1113294 0.1631960 0.1475847 0.1601265 0.1519022 0.1549228 0.1971481 
Lycodon_effraensis_9670          0.1308900 0.1294650 0.1406135 0.1611206 0.1658221 0.2323628 0.2215554 0.1731514 0.1590944 0.1761864 0.1313126 0.1396243 0.1120874 0.1034833 0.1729832 0.1032541 0.1185029 0.1340265 0.1344270 0.1477454 0.1482196 0.1525701 0.1525701 0.1498223 0.1414725 0.1232785 0.1251132 0.1272456 0.1475000 0.1483169 0.1402059 0.1477577 0.1525701 0.1347423 0.1255383 0.1189571 0.1244610 0.0857988 0.1126387 0.1150101 0.1506158 0.1222097 0.1306386 0.1215763 0.1314071 0.1176698 0.1276620 0.1180891 0.1227494 0.0000000 0.1329619 0.1339695 0.1323181 0.1438077 0.1032995 0.1348459 0.1106174 0.1374017 0.1242049 0.1290582 0.1762077 
Lycodon_sp_RMB5948               0.1417256 0.1386861 0.1429426 0.1554915 0.1645392 0.3002381 0.2575961 0.1903001 0.1621200 0.1576602 0.1218589 0.1319551 0.1283781 0.1199219 0.1828989 0.0993890 0.1096991 0.0010329 0.0006834 0.1720425 0.1634326 0.1682275 0.1682275 0.1750721 0.0160445 0.1319243 0.1346761 0.1327369 0.1740569 0.1675838 0.1726907 0.1733580 0.1682032 0.0027805 0.0890636 0.0874656 0.0882709 0.1474997 0.1169173 0.1224871 0.1226063 0.1426582 0.1818804 0.1603496 0.2251561 0.0663808 0.0668997 0.0640216 0.0663989 0.1329619 0.0000000 0.0000010 0.0010439 0.1429311 0.1072669 0.1513805 0.1437109 0.1522285 0.1421014 0.1449299 0.1966652 
Lycodon_sp_RMB5965               0.1429358 0.1398608 0.1427842 0.1569250 0.1645866 0.3077984 0.2617536 0.1905122 0.1618752 0.1590218 0.1218589 0.1319551 0.1297250 0.1210961 0.1852779 0.0993890 0.1104912 0.0010451 0.0006915 0.1729273 0.1647724 0.1695454 0.1695454 0.1764755 0.0158098 0.1328493 0.1345234 0.1320692 0.1740569 0.1689045 0.1726907 0.1747244 0.1695205 0.0028136 0.0890333 0.0874172 0.0882326 0.1486260 0.1177940 0.1234412 0.1235267 0.1438234 0.1818804 0.1616255 0.2251561 0.0661155 0.0671335 0.0642313 0.0661418 0.1339695 0.0000010 0.0000000 0.0010564 0.1427986 0.1087156 0.1537887 0.1453982 0.1546443 0.1444876 0.1447633 0.1966429 
Lycodon_sp_RMB5991               0.1421847 0.1391471 0.1457864 0.1551869 0.1637206 0.2774742 0.2399907 0.1808918 0.1625365 0.1571531 0.1199101 0.1300782 0.1275096 0.1191221 0.1793565 0.1005122 0.1101598 0.0006968 0.0003458 0.1677347 0.1644500 0.1644500 0.1644500 0.1701744 0.0158789 0.1336097 0.1386070 0.1365427 0.1705105 0.1623841 0.1639182 0.1684565 0.1644252 0.0024632 0.0886898 0.0878768 0.0878678 0.1413003 0.1173733 0.1229456 0.1207120 0.1386694 0.1774081 0.1574981 0.2204066 0.0661270 0.0659409 0.0637683 0.0662383 0.1323181 0.0010439 0.0010564 0.0000000 0.1394911 0.1056217 0.1463194 0.1392760 0.1472082 0.1425228 0.1392855 0.1850901 
Lycodon_stormi_JAM7487           0.1440089 0.1425077 0.1841699 0.2037588 0.1773280 0.3460938 0.3241900 0.2015328 0.1772173 0.2162162 0.1308388 0.1426050 0.1315092 0.1221766 0.2082670 0.1135158 0.1192605 0.1440442 0.1441680 0.2106400 0.2036065 0.2033935 0.2033935 0.2091930 0.1465715 0.1381713 0.1408091 0.1395437 0.1994484 0.1988060 0.1941641 0.1989067 0.2019656 0.1438326 0.1620572 0.1575778 0.1610235 0.1494793 0.1376885 0.1394143 0.1570504 0.1614856 0.1952577 0.1847419 0.2363142 0.1430432 0.1547516 0.1498922 0.1477333 0.1438077 0.1429311 0.1427986 0.1394911 0.0000000 0.1342957 0.1594826 0.1583676 0.1634788 0.1565337 0.1722523 0.2050629 
Lycodon_subcinctus_4199          0.1219944 0.1210232 0.1257247 0.1660464 0.1355204 0.2134388 0.2158010 0.1701389 0.1383967 0.0980765 0.1281535 0.1362437 0.1093236 0.0968052 0.1652212 0.0651178 0.0816429 0.1080791 0.1080791 0.1442371 0.1276577 0.1351471 0.1351471 0.1410850 0.1176248 0.0590046 0.0602640 0.0596786 0.1304173 0.1341109 0.1444320 0.1361179 0.1351471 0.1131032 0.1126274 0.1015223 0.1107122 0.1129518 0.0632961 0.0600071 0.1056861 0.1204613 0.1305990 0.1139723 9.0000000 0.1001648 0.1204698 0.1081427 0.1113294 0.1032995 0.1072669 0.1087156 0.1056217 0.1342957 0.0000000 0.1112897 0.0994997 0.1022485 0.0994722 0.1249051 0.2051343 
Lycodon_subcinctus_5016          0.1351737 0.1353969 0.1586281 0.1687861 0.1616477 0.3100963 0.2785248 0.2140530 0.1728323 0.1978783 0.1320365 0.1497311 0.1223489 0.1151246 0.1924098 0.1017284 0.1067952 0.1472858 0.1524117 0.1889903 0.1768332 0.1853967 0.1853967 0.1846740 0.1586566 0.1350762 0.1393299 0.1380975 0.1828541 0.1783172 0.1570456 0.1812160 0.1853680 0.1536466 0.1707868 0.1630020 0.1719431 0.1565913 0.1311784 0.1272040 0.1651442 0.1425053 0.1798286 0.1611334 0.2245060 0.1531024 0.1630225 0.1558534 0.1631960 0.1348459 0.1513805 0.1537887 0.1463194 0.1594826 0.1112897 0.0000000 0.0529208 0.0309589 0.0344125 0.1341900 0.2148271 
Lycodon_subcinctus_DSM1449L      0.1110938 0.1123745 0.1461323 0.1562666 0.1479338 0.3139228 0.3035365 0.2089979 0.1533545 0.1527365 0.1152811 0.1133306 0.1139100 0.1023215 0.1733288 0.0947090 0.1065297 0.1400788 0.1436104 0.1888941 0.1606733 0.1705976 0.1705976 0.1752837 0.1489886 0.1111883 0.1136976 0.1124281 0.1780667 0.1682379 0.1679535 0.1768630 0.1705582 0.1455309 0.1554384 0.1469094 0.1571200 0.1495240 0.1082614 0.1085247 0.1450001 0.1118080 0.1110576 0.1509637 0.2570112 0.1349520 0.1555246 0.1428342 0.1475847 0.1106174 0.1437109 0.1453982 0.1392760 0.1583676 0.0994997 0.0529208 0.0000000 0.0505656 0.0502133 0.1484822 0.1792527 
Lycodon_subcinctus_RMB3097       0.1369091 0.1338924 0.1616929 0.1751419 0.1741217 0.2896947 0.2553073 0.2164365 0.1713975 0.1958666 0.1418736 0.1436321 0.1275935 0.1233492 0.1866396 0.1023432 0.1072300 0.1481406 0.1532627 0.2021700 0.1865798 0.1948279 0.1948279 0.1917394 0.1613657 0.1426301 0.1448951 0.1436511 0.1893719 0.1889242 0.1762045 0.1892905 0.1947968 0.1539666 0.1693847 0.1614944 0.1705451 0.1716574 0.1303358 0.1285182 0.1715012 0.1541293 0.1940706 0.1719781 0.2372964 0.1471192 0.1592689 0.1521311 0.1601265 0.1374017 0.1522285 0.1546443 0.1472082 0.1634788 0.1022485 0.0309589 0.0505656 0.0000000 0.0021516 0.1410644 0.2004721 
Lycodon_subcinctus_RMB7585       0.1320955 0.1291244 0.1560071 0.1738204 0.1718516 0.2533078 0.2281902 0.2012217 0.1712513 0.1939187 0.1418000 0.1435640 0.1274883 0.1232417 0.1782625 0.0986873 0.1035868 0.1378168 0.1431280 0.1877002 0.1802596 0.1802596 0.1802596 0.1754497 0.1515593 0.1473466 0.1497538 0.1484428 0.1743832 0.1726629 0.1602621 0.1730778 0.1802304 0.1438688 0.1593357 0.1605614 0.1605363 0.1570156 0.1254781 0.1314054 0.1619792 0.1413391 0.1726346 0.1691038 0.2248740 0.1458456 0.1526239 0.1482373 0.1519022 0.1242049 0.1421014 0.1444876 0.1425228 0.1565337 0.0994722 0.0344125 0.0502133 0.0021516 0.0000000 0.1286916 0.1724726 
Lycodon_zawi_239944              0.1657775 0.1648677 0.0066541 0.1816484 0.1647349 0.2265559 0.2022986 0.2199979 0.1884741 0.1640172 0.1687180 0.1707773 0.1615508 0.1575255 0.2007962 0.1274108 0.1268496 0.1454272 0.1454272 0.0790759 0.0700051 0.0707575 0.0707575 0.0839951 0.1437547 0.1470427 0.1457419 0.1431825 0.0785107 0.0794501 0.0803642 0.0787479 0.0707575 0.1456041 0.1639348 0.1500934 0.1624840 0.1439244 0.1186489 0.1237467 0.0931923 0.1204071 0.1255379 0.1173380 0.1390887 0.1404914 0.1557614 0.1381394 0.1549228 0.1290582 0.1449299 0.1447633 0.1392855 0.1722523 0.1249051 0.1341900 0.1484822 0.1410644 0.1286916 0.0000000 0.2279828 
Oligodon_maculatus_RMB11713      0.1850144 0.1828899 0.2081969 0.1946643 0.1947891 0.2638358 0.2684070 0.2277563 0.1679435 0.1594823 0.1627418 0.1607824 0.1760428 0.1742335 0.1849355 0.1900835 0.1819840 0.1973084 0.1973084 0.2276226 0.1882327 0.2149367 0.2149367 0.2311529 0.2121960 0.2024740 0.2090700 0.2101079 0.2293094 0.2254619 0.2164291 0.2266520 0.2149367 0.1997345 0.2156457 0.1928842 0.2133932 0.1821934 0.1938754 0.1958452 0.2172865 0.1994060 0.2032724 0.2011242 0.0809180 0.1782402 0.1998146 0.1772059 0.1971481 0.1762077 0.1966652 0.1966429 0.1850901 0.2050629 0.2051343 0.2148271 0.1792527 0.2004721 0.1724726 0.2279828 0.0000000 
