35
Burramyidae_Burramys_parvus                  0.0000000 0.0934070 0.0666903 0.0671439 0.0671996 0.0912770 0.0539578 0.0638336 0.0645998 0.1148333 0.0579387 0.1106045 0.1105917 0.0643006 0.0710306 0.0911169 0.0936963 0.0977920 0.0953387 0.0648062 0.0714268 0.1811184 0.1247976 0.0934548 0.0604684 0.0790158 0.0720397 0.0691032 0.0930917 0.1034394 0.0727012 0.0728375 0.1017493 0.0907264 0.1162174 
Notoryctidae_Notoryctes_typhlops             0.0934070 0.0000000 0.0701808 0.0910226 0.0965674 0.1054888 0.0868603 0.1063927 0.0912127 0.1397032 0.0908484 0.1298704 0.1294242 0.1022997 0.1026426 0.1168302 0.1170833 0.1185064 0.1143423 0.0963655 0.0975519 0.1801079 0.1372456 0.1122572 0.0885417 0.0988642 0.0887585 0.0980305 0.1207679 0.1390822 0.0987840 0.1150516 0.1212809 0.1104613 0.1394923 
Vombatidae_Lasiorhinus_latifrons             0.0666903 0.0701808 0.0000000 0.0588717 0.0608866 0.0853250 0.0477290 0.0701292 0.0575321 0.1168041 0.0541292 0.1094930 0.1070423 0.0659088 0.0754590 0.0935267 0.0933073 0.0934315 0.1053319 0.0592921 0.0702079 0.1640634 0.1100649 0.0957200 0.0590424 0.0709702 0.0589318 0.0577968 0.0817055 0.1018360 0.0631732 0.0743642 0.1085224 0.0920925 0.1180009 
Potoroidae_Bettongia_penicillata             0.0671439 0.0910226 0.0588717 0.0000000 0.0087960 0.1036932 0.0588921 0.0771800 0.0114548 0.1289553 0.0635896 0.1315359 0.1261465 0.0743817 0.0819181 0.1135193 0.1141648 0.1143988 0.1146901 0.0260317 0.0737017 0.1743897 0.1285537 0.1128498 0.0390885 0.0946080 0.0641272 0.0226207 0.0880398 0.0953177 0.0775865 0.0859900 0.1147895 0.1081663 0.1304168 
Potoroidae_Bettongia_lesueur                 0.0671996 0.0965674 0.0608866 0.0087960 0.0000000 0.1091582 0.0678098 0.0846964 0.0156353 0.1172850 0.0725782 0.1284267 0.1219017 0.0817004 0.0720176 0.1124123 0.1143483 0.1113559 0.1025286 0.0202126 0.0797213 0.1754110 0.1198743 0.1135258 0.0413298 0.0821650 0.0704155 0.0238072 0.0946218 0.0920968 0.0711345 0.0937795 0.1008049 0.1083031 0.1186567 
Dasyuridae_Dasyurus_maculatus                0.0912770 0.1054888 0.0853250 0.1036932 0.1091582 0.0000000 0.0872201 0.1107035 0.1012474 0.1411244 0.0982467 0.0325929 0.0430576 0.1063533 0.1154235 0.0203367 0.0134876 0.0315137 0.1285717 0.1056473 0.1104087 0.1954299 0.1466714 0.0230030 0.1036207 0.0893445 0.1030640 0.1045289 0.1332986 0.1407638 0.1042586 0.1140162 0.1363463 0.0099207 0.1426985 
Phalangeridae_Trichosurus_vulpecula          0.0539578 0.0868603 0.0477290 0.0588921 0.0678098 0.0872201 0.0000000 0.0299253 0.0567760 0.1300715 0.0281941 0.1216933 0.1179812 0.0373418 0.0719335 0.0985107 0.1001746 0.0989160 0.1151571 0.0650801 0.0686344 0.1983352 0.1306235 0.0979038 0.0627794 0.0799218 0.0569961 0.0649102 0.0618266 0.1027871 0.0698749 0.0353270 0.1246251 0.0932132 0.1316499 
Phalangeridae_Spilocuscus_maculatus          0.0638336 0.1063927 0.0701292 0.0771800 0.0846964 0.1107035 0.0299253 0.0000000 0.0703312 0.1527740 0.0228314 0.1394520 0.1371769 0.0257529 0.0968354 0.1191749 0.1225808 0.1310272 0.1333995 0.0821149 0.0862554 0.1969617 0.1462697 0.1154326 0.0750713 0.0921708 0.0795717 0.0811848 0.0993634 0.1277057 0.0913305 0.0221876 0.1441376 0.1208444 0.1539542 
Potoroidae_Aepyprymnus_rufescens             0.0645998 0.0912127 0.0575321 0.0114548 0.0156353 0.1012474 0.0567760 0.0703312 0.0000000 0.1275386 0.0559924 0.1302377 0.1232911 0.0670941 0.0777992 0.1121756 0.1122075 0.1156208 0.1159728 0.0240309 0.0686911 0.1725587 0.1252246 0.1091231 0.0386914 0.0869104 0.0645740 0.0209976 0.0852763 0.0967772 0.0749051 0.0771841 0.1194432 0.1056459 0.1289862 
Peramelidae_Perameles_nasuta                 0.1148333 0.1397032 0.1168041 0.1289553 0.1172850 0.1411244 0.1300715 0.1527740 0.1275386 0.0000000 0.1392485 0.1524145 0.1552202 0.1391459 0.1234747 0.1410576 0.1439157 0.1444594 0.0101139 0.1125172 0.1306767 0.2141276 0.1538535 0.1474398 0.1269743 0.1197566 0.1360029 0.1233091 0.1584972 0.1557938 0.1216257 0.1522167 0.0113709 0.1358837 0.0002442 
Phalangeridae_Strigocuscus_pelengensis       0.0579387 0.0908484 0.0541292 0.0635896 0.0725782 0.0982467 0.0281941 0.0228314 0.0559924 0.1392485 0.0000000 0.1304299 0.1269373 0.0162427 0.0809044 0.1121503 0.1102024 0.1084815 0.1151810 0.0674642 0.0779012 0.1667422 0.1346656 0.1079656 0.0620811 0.0772174 0.0720724 0.0659509 0.0960804 0.1095662 0.0786021 0.0234315 0.1237075 0.1084078 0.1399892 
Dasyuridae_Phascogale_tapoatafa              0.1106045 0.1298704 0.1094930 0.1315359 0.1284267 0.0325929 0.1216933 0.1394520 0.1302377 0.1524145 0.1304299 0.0000000 0.0307531 0.1365685 0.1271470 0.0127751 0.0329366 0.0389094 0.1368007 0.1233025 0.1335510 0.2050521 0.1530609 0.0237798 0.1254416 0.1050306 0.1260707 0.1231731 0.1584069 0.1440776 0.1206950 0.1458172 0.1454990 0.0279552 0.1540847 
Dasyuridae_Sminthopsis_macroura              0.1105917 0.1294242 0.1070423 0.1261465 0.1219017 0.0430576 0.1179812 0.1371769 0.1232911 0.1552202 0.1269373 0.0307531 0.0000000 0.1317133 0.1279485 0.0395650 0.0408332 0.0374409 0.1412349 0.1201091 0.1317837 0.1965910 0.1502791 0.0426868 0.1192097 0.1084443 0.1200417 0.1174225 0.1537384 0.1440558 0.1193936 0.1421866 0.1495866 0.0386467 0.1569028 
Phalangeridae_Phalanger_orientalis           0.0643006 0.1022997 0.0659088 0.0743817 0.0817004 0.1063533 0.0373418 0.0257529 0.0670941 0.1391459 0.0162427 0.1365685 0.1317133 0.0000000 0.0890390 0.1184596 0.1155404 0.1219095 0.1128204 0.0765704 0.0815731 0.1890300 0.1437900 0.1140058 0.0717497 0.0863097 0.0770315 0.0746783 0.0990642 0.1155322 0.0887473 0.0140846 0.1224641 0.1130892 0.1402663 
Acrobatidae_Acrobates_pygmaeus               0.0710306 0.1026426 0.0754590 0.0819181 0.0720176 0.1154235 0.0719335 0.0968354 0.0777992 0.1234747 0.0809044 0.1271470 0.1279485 0.0890390 0.0000000 0.1136679 0.1191671 0.1193243 0.1070702 0.0758398 0.0705956 0.1974790 0.1372556 0.1199560 0.0811118 0.0866808 0.0684701 0.0854975 0.0878317 0.0936328 0.0403086 0.0997813 0.1124232 0.1117519 0.1248914 
Dasyuridae_Phascogale_calura                 0.0911169 0.1168302 0.0935267 0.1135193 0.1124123 0.0203367 0.0985107 0.1191749 0.1121756 0.1410576 0.1121503 0.0127751 0.0395650 0.1184596 0.1136679 0.0000000 0.0191275 0.0227245 0.1237066 0.1032578 0.1136670 0.2024302 0.1463725 0.0124577 0.1086342 0.0870732 0.1076385 0.1150380 0.1374562 0.1376676 0.1023580 0.1273402 0.1328012 0.0150799 0.1426295 
Dasyuridae_Sarcophilus_harrisii              0.0936963 0.1170833 0.0933073 0.1141648 0.1143483 0.0134876 0.1001746 0.1225808 0.1122075 0.1439157 0.1102024 0.0329366 0.0408332 0.1155404 0.1191671 0.0191275 0.0000000 0.0255921 0.1300128 0.1070193 0.1151114 0.2057355 0.1511132 0.0234093 0.1082238 0.0899203 0.1125642 0.1139721 0.1394319 0.1357600 0.1066559 0.1238550 0.1387298 0.0092553 0.1452878 
Dasyuridae_Planigale_tenuirostris            0.0977920 0.1185064 0.0934315 0.1143988 0.1113559 0.0315137 0.0989160 0.1310272 0.1156208 0.1444594 0.1084815 0.0389094 0.0374409 0.1219095 0.1193243 0.0227245 0.0255921 0.0000000 0.1309544 0.1082960 0.1227428 0.1950516 0.1554793 0.0298531 0.1097262 0.0873069 0.1148097 0.1162441 0.1466765 0.1324535 0.1114828 0.1318852 0.1381364 0.0236228 0.1441069 
Peramelidae_Echymipera_kalubu                0.0953387 0.1143423 0.1053319 0.1146901 0.1025286 0.1285717 0.1151571 0.1333995 0.1159728 0.0101139 0.1151810 0.1368007 0.1412349 0.1128204 0.1070702 0.1237066 0.1300128 0.1309544 0.0000000 0.0992320 0.1184493 0.1876277 0.1407125 0.1275645 0.1146714 0.1044900 0.1197906 0.1124358 0.1447658 0.1342030 0.1079899 0.1253152 0.0107422 0.1211293 0.0101530 
Macropodidae_Dorcopsulus_vanheurni           0.0648062 0.0963655 0.0592921 0.0260317 0.0202126 0.1056473 0.0650801 0.0821149 0.0240309 0.1125172 0.0674642 0.1233025 0.1201091 0.0765704 0.0758398 0.1032578 0.1070193 0.1082960 0.0992320 0.0000000 0.0778747 0.1834240 0.1195899 0.1083463 0.0381034 0.0778321 0.0678997 0.0172425 0.0928888 0.0941674 0.0732116 0.0882076 0.1068882 0.1011679 0.1136774 
Pseudochiridae_Pseudochirulus_forbesi        0.0714268 0.0975519 0.0702079 0.0737017 0.0797213 0.1104087 0.0686344 0.0862554 0.0686911 0.1306767 0.0779012 0.1335510 0.1317837 0.0815731 0.0705956 0.1136670 0.1151114 0.1227428 0.1184493 0.0778747 0.0000000 0.1831053 0.1300495 0.1159022 0.0723960 0.0971734 0.0345672 0.0769219 0.0355360 0.0892145 0.0665236 0.0908693 0.1274931 0.1137169 0.1321466 
Didelphidae_Didelphis_virginiana             0.1811184 0.1801079 0.1640634 0.1743897 0.1754110 0.1954299 0.1983352 0.1969617 0.1725587 0.2141276 0.1667422 0.2050521 0.1965910 0.1890300 0.1974790 0.2024302 0.2057355 0.1950516 0.1876277 0.1834240 0.1831053 0.0000000 0.1081210 0.2034116 0.1687040 0.1939709 0.1828240 0.1694950 0.2093270 0.2112973 0.1896442 0.2013089 0.1953877 0.2037683 0.2138561 
Marmosidae_Monodelphis_domestica             0.1247976 0.1372456 0.1100649 0.1285537 0.1198743 0.1466714 0.1306235 0.1462697 0.1252246 0.1538535 0.1346656 0.1530609 0.1502791 0.1437900 0.1372556 0.1463725 0.1511132 0.1554793 0.1407125 0.1195899 0.1300495 0.1081210 0.0000000 0.1471483 0.1180449 0.1235823 0.1300692 0.1268720 0.1485863 0.1694220 0.1295517 0.1539597 0.1505153 0.1485059 0.1547978 
Dasyuridae_Antechinus_stuartii               0.0934548 0.1122572 0.0957200 0.1128498 0.1135258 0.0230030 0.0979038 0.1154326 0.1091231 0.1474398 0.1079656 0.0237798 0.0426868 0.1140058 0.1199560 0.0124577 0.0234093 0.0298531 0.1275645 0.1083463 0.1159022 0.2034116 0.1471483 0.0000000 0.1013108 0.0929160 0.1075152 0.1155918 0.1406111 0.1402303 0.1078657 0.1242364 0.1394357 0.0185408 0.1490704 
Hypsiprymnodontidae_Hypsiprymnodon_moschatus 0.0604684 0.0885417 0.0590424 0.0390885 0.0413298 0.1036207 0.0627794 0.0750713 0.0386914 0.1269743 0.0620811 0.1254416 0.1192097 0.0717497 0.0811118 0.1086342 0.1082238 0.1097262 0.1146714 0.0381034 0.0723960 0.1687040 0.1180449 0.1013108 0.0000000 0.0854398 0.0659246 0.0431939 0.0923116 0.0940515 0.0724558 0.0822507 0.1187468 0.1034867 0.1278032 
Microbiotheriidae_Dromiciops_gliroides       0.0790158 0.0988642 0.0709702 0.0946080 0.0821650 0.0893445 0.0799218 0.0921708 0.0869104 0.1197566 0.0772174 0.1050306 0.1084443 0.0863097 0.0866808 0.0870732 0.0899203 0.0873069 0.1044900 0.0778321 0.0971734 0.1939709 0.1235823 0.0929160 0.0854398 0.0000000 0.0946886 0.0889949 0.1218620 0.1200468 0.0910855 0.0990606 0.1086870 0.0907756 0.1206731 
Pseudochiridae_Petauroides_volans            0.0720397 0.0887585 0.0589318 0.0641272 0.0704155 0.1030640 0.0569961 0.0795717 0.0645740 0.1360029 0.0720724 0.1260707 0.1200417 0.0770315 0.0684701 0.1076385 0.1125642 0.1148097 0.1197906 0.0678997 0.0345672 0.1828240 0.1300692 0.1075152 0.0659246 0.0946886 0.0000000 0.0693631 0.0417984 0.0807826 0.0636722 0.0860277 0.1303746 0.1069778 0.1371191 
Macropodidae_Wallabia_bicolor                0.0691032 0.0980305 0.0577968 0.0226207 0.0238072 0.1045289 0.0649102 0.0811848 0.0209976 0.1233091 0.0659509 0.1231731 0.1174225 0.0746783 0.0854975 0.1150380 0.1139721 0.1162441 0.1124358 0.0172425 0.0769219 0.1694950 0.1268720 0.1155918 0.0431939 0.0889949 0.0693631 0.0000000 0.0937918 0.0971502 0.0852943 0.0849573 0.1160066 0.1086297 0.1245514 
Pseudochiridae_Pseudocheirus_occidentalis    0.0930917 0.1207679 0.0817055 0.0880398 0.0946218 0.1332986 0.0618266 0.0993634 0.0852763 0.1584972 0.0960804 0.1584069 0.1537384 0.0990642 0.0878317 0.1374562 0.1394319 0.1466765 0.1447658 0.0928888 0.0355360 0.2093270 0.1485863 0.1406111 0.0923116 0.1218620 0.0417984 0.0937918 0.0000000 0.1147013 0.0789613 0.1079001 0.1548484 0.1395883 0.1594566 
Tarsipedidae_Tarsipes_rostratus              0.1034394 0.1390822 0.1018360 0.0953177 0.0920968 0.1407638 0.1027871 0.1277057 0.0967772 0.1557938 0.1095662 0.1440776 0.1440558 0.1155322 0.0936328 0.1376676 0.1357600 0.1324535 0.1342030 0.0941674 0.0892145 0.2112973 0.1694220 0.1402303 0.0940515 0.1200468 0.0807826 0.0971502 0.1147013 0.0000000 0.0935761 0.1340898 0.1436951 0.1386919 0.1566383 
Acrobatidae_Distoechurus_pennatus            0.0727012 0.0987840 0.0631732 0.0775865 0.0711345 0.1042586 0.0698749 0.0913305 0.0749051 0.1216257 0.0786021 0.1206950 0.1193936 0.0887473 0.0403086 0.1023580 0.1066559 0.1114828 0.1079899 0.0732116 0.0665236 0.1896442 0.1295517 0.1078657 0.0724558 0.0910855 0.0636722 0.0852943 0.0789613 0.0935761 0.0000000 0.0989831 0.1154751 0.1024368 0.1230415 
Phalangeridae_Phalanger_carmelitae           0.0728375 0.1150516 0.0743642 0.0859900 0.0937795 0.1140162 0.0353270 0.0221876 0.0771841 0.1522167 0.0234315 0.1458172 0.1421866 0.0140846 0.0997813 0.1273402 0.1238550 0.1318852 0.1253152 0.0882076 0.0908693 0.2013089 0.1539597 0.1242364 0.0822507 0.0990606 0.0860277 0.0849573 0.1079001 0.1340898 0.0989831 0.0000000 0.1345357 0.1226828 0.1536202 
Peramelidae_Peroryctes_raffrayana            0.1017493 0.1212809 0.1085224 0.1147895 0.1008049 0.1363463 0.1246251 0.1441376 0.1194432 0.0113709 0.1237075 0.1454990 0.1495866 0.1224641 0.1124232 0.1328012 0.1387298 0.1381364 0.0107422 0.1068882 0.1274931 0.1953877 0.1505153 0.1394357 0.1187468 0.1086870 0.1303746 0.1160066 0.1548484 0.1436951 0.1154751 0.1345357 0.0000000 0.1324081 0.0114062 
Dasyuridae_Dasyurus_geffroii                 0.0907264 0.1104613 0.0920925 0.1081663 0.1083031 0.0099207 0.0932132 0.1208444 0.1056459 0.1358837 0.1084078 0.0279552 0.0386467 0.1130892 0.1117519 0.0150799 0.0092553 0.0236228 0.1211293 0.1011679 0.1137169 0.2037683 0.1485059 0.0185408 0.1034867 0.0907756 0.1069778 0.1086297 0.1395883 0.1386919 0.1024368 0.1226828 0.1324081 0.0000000 0.1374227 
Peramelidae_Perameles_gunnii                 0.1162174 0.1394923 0.1180009 0.1304168 0.1186567 0.1426985 0.1316499 0.1539542 0.1289862 0.0002442 0.1399892 0.1540847 0.1569028 0.1402663 0.1248914 0.1426295 0.1452878 0.1441069 0.0101530 0.1136774 0.1321466 0.2138561 0.1547978 0.1490704 0.1278032 0.1206731 0.1371191 0.1245514 0.1594566 0.1566383 0.1230415 0.1536202 0.0114062 0.1374227 0.0000000 
