35
Burramyidae_Burramys_parvus                  0.0000000 0.0600227 0.0408987 0.0503270 0.0517874 0.0583976 0.0528533 0.0359468 0.0519257 0.0657521 0.0364353 0.0586530 0.0565745 0.0368477 0.0394578 0.0596508 0.0589876 0.0560822 0.0651924 0.0506649 0.0480524 0.0976401 0.0849548 0.0574104 0.0515825 0.0632933 0.0456133 0.0445142 0.0417296 0.0545062 0.0477956 0.0365042 0.0655112 0.0581564 0.0661697 
Notoryctidae_Notoryctes_typhlops             0.0600227 0.0000000 0.0582645 0.0747812 0.0755156 0.0730701 0.0776112 0.0596318 0.0760490 0.0697072 0.0620277 0.0724986 0.0717221 0.0601486 0.0632188 0.0727675 0.0728492 0.0717139 0.0707389 0.0744404 0.0745811 0.1021830 0.0906123 0.0717190 0.0753836 0.0732647 0.0704249 0.0689338 0.0647869 0.0770808 0.0757292 0.0593438 0.0704543 0.0724982 0.0701176 
Vombatidae_Lasiorhinus_latifrons             0.0408987 0.0582645 0.0000000 0.0514101 0.0529045 0.0576688 0.0518845 0.0411041 0.0542188 0.0647814 0.0428480 0.0593956 0.0574488 0.0406441 0.0417902 0.0591796 0.0597993 0.0571852 0.0648503 0.0529527 0.0516117 0.0906255 0.0862790 0.0574422 0.0557387 0.0599497 0.0497417 0.0473622 0.0458118 0.0574621 0.0517407 0.0396702 0.0663549 0.0580289 0.0651923 
Potoroidae_Bettongia_penicillata             0.0503270 0.0747812 0.0514101 0.0000000 0.0062800 0.0770379 0.0630067 0.0494034 0.0148356 0.0809561 0.0527674 0.0765953 0.0744712 0.0509614 0.0530027 0.0758318 0.0780961 0.0759901 0.0826795 0.0242359 0.0626585 0.1066394 0.0955236 0.0741137 0.0445405 0.0713348 0.0563763 0.0191306 0.0566624 0.0692969 0.0648846 0.0511598 0.0827457 0.0768111 0.0813449 
Potoroidae_Bettongia_lesueur                 0.0517874 0.0755156 0.0529045 0.0062800 0.0000000 0.0784088 0.0634332 0.0508275 0.0140687 0.0815993 0.0545987 0.0780074 0.0757922 0.0524197 0.0551125 0.0771807 0.0794897 0.0776754 0.0830700 0.0251771 0.0646671 0.1063103 0.0957227 0.0754369 0.0447679 0.0728415 0.0579911 0.0199588 0.0576471 0.0701811 0.0659008 0.0526198 0.0832283 0.0781792 0.0821134 
Dasyuridae_Dasyurus_maculatus                0.0583976 0.0730701 0.0576688 0.0770379 0.0784088 0.0000000 0.0741899 0.0594391 0.0780356 0.0771876 0.0599742 0.0186081 0.0240922 0.0585821 0.0605831 0.0193328 0.0083529 0.0234915 0.0761676 0.0740325 0.0700881 0.1042560 0.0946309 0.0176802 0.0737110 0.0740397 0.0688899 0.0693203 0.0635111 0.0757205 0.0711213 0.0587646 0.0798947 0.0037753 0.0778997 
Phalangeridae_Trichosurus_vulpecula          0.0528533 0.0776112 0.0518845 0.0630067 0.0634332 0.0741899 0.0000000 0.0292940 0.0615244 0.0833655 0.0299228 0.0768309 0.0702389 0.0296722 0.0499814 0.0768659 0.0749918 0.0706662 0.0823173 0.0624211 0.0619092 0.1049070 0.1077532 0.0748164 0.0660691 0.0778914 0.0534547 0.0565044 0.0539249 0.0577538 0.0599269 0.0292674 0.0853888 0.0746268 0.0833669 
Phalangeridae_Spilocuscus_maculatus          0.0359468 0.0596318 0.0411041 0.0494034 0.0508275 0.0594391 0.0292940 0.0000000 0.0507025 0.0645387 0.0116526 0.0607522 0.0576938 0.0103104 0.0405079 0.0598178 0.0588868 0.0579131 0.0634135 0.0494928 0.0479795 0.0976499 0.0855862 0.0581396 0.0532683 0.0596790 0.0440123 0.0436420 0.0417420 0.0515414 0.0503314 0.0097973 0.0646309 0.0592010 0.0646013 
Potoroidae_Aepyprymnus_rufescens             0.0519257 0.0760490 0.0542188 0.0148356 0.0140687 0.0780356 0.0615244 0.0507025 0.0000000 0.0825376 0.0523228 0.0782262 0.0748947 0.0507804 0.0537520 0.0775025 0.0788292 0.0770573 0.0838894 0.0256449 0.0649788 0.1086699 0.0980897 0.0767668 0.0444022 0.0738872 0.0589404 0.0220147 0.0583903 0.0691729 0.0665247 0.0509533 0.0836355 0.0771865 0.0829252 
Peramelidae_Perameles_nasuta                 0.0657521 0.0697072 0.0647814 0.0809561 0.0815993 0.0771876 0.0833655 0.0645387 0.0825376 0.0000000 0.0635669 0.0790534 0.0751052 0.0648025 0.0689420 0.0775184 0.0794540 0.0767177 0.0139457 0.0842712 0.0788884 0.1166330 0.1016232 0.0761721 0.0846927 0.0794008 0.0739598 0.0772887 0.0683479 0.0811536 0.0804125 0.0643873 0.0149887 0.0782057 0.0000010 
Phalangeridae_Strigocuscus_pelengensis       0.0364353 0.0620277 0.0428480 0.0527674 0.0545987 0.0599742 0.0299228 0.0116526 0.0523228 0.0635669 0.0000000 0.0622916 0.0585656 0.0099572 0.0418123 0.0606548 0.0597715 0.0586822 0.0621492 0.0528399 0.0493563 0.0980654 0.0882990 0.0597565 0.0540545 0.0624237 0.0460839 0.0466322 0.0421012 0.0512886 0.0480574 0.0096867 0.0645508 0.0597071 0.0636260 
Dasyuridae_Phascogale_tapoatafa              0.0586530 0.0724986 0.0593956 0.0765953 0.0780074 0.0186081 0.0768309 0.0607522 0.0782262 0.0790534 0.0622916 0.0000000 0.0234718 0.0608290 0.0620887 0.0071075 0.0196834 0.0236778 0.0773089 0.0752904 0.0704581 0.1063220 0.0954813 0.0104280 0.0766061 0.0762988 0.0695566 0.0705927 0.0646300 0.0780545 0.0722301 0.0600859 0.0809367 0.0178453 0.0797900 
Dasyuridae_Sminthopsis_macroura              0.0565745 0.0717221 0.0574488 0.0744712 0.0757922 0.0240922 0.0702389 0.0576938 0.0748947 0.0751052 0.0585656 0.0234718 0.0000000 0.0586883 0.0573113 0.0232933 0.0248925 0.0165006 0.0744246 0.0725811 0.0673514 0.1074368 0.0969523 0.0226771 0.0747756 0.0715835 0.0670397 0.0668880 0.0614309 0.0716192 0.0691853 0.0582812 0.0781798 0.0235939 0.0758201 
Phalangeridae_Phalanger_orientalis           0.0368477 0.0601486 0.0406441 0.0509614 0.0524197 0.0585821 0.0296722 0.0103104 0.0507804 0.0648025 0.0099572 0.0608290 0.0586883 0.0000000 0.0405277 0.0590013 0.0592672 0.0576221 0.0640063 0.0510663 0.0475385 0.0940636 0.0846869 0.0585140 0.0525008 0.0610474 0.0438030 0.0448928 0.0412094 0.0494935 0.0473474 0.0035378 0.0655268 0.0586286 0.0651805 
Acrobatidae_Acrobates_pygmaeus               0.0394578 0.0632188 0.0417902 0.0530027 0.0551125 0.0605831 0.0499814 0.0405079 0.0537520 0.0689420 0.0418123 0.0620887 0.0573113 0.0405277 0.0000000 0.0600813 0.0613135 0.0598010 0.0682776 0.0524726 0.0436343 0.0962293 0.0844652 0.0611295 0.0560575 0.0653189 0.0396796 0.0470323 0.0374995 0.0502566 0.0305464 0.0407457 0.0676063 0.0600207 0.0694714 
Dasyuridae_Phascogale_calura                 0.0596508 0.0727675 0.0591796 0.0758318 0.0771807 0.0193328 0.0768659 0.0598178 0.0775025 0.0775184 0.0606548 0.0071075 0.0232933 0.0590013 0.0600813 0.0000000 0.0201248 0.0231935 0.0758481 0.0748434 0.0701432 0.1047020 0.0952037 0.0103752 0.0767352 0.0751810 0.0692753 0.0696982 0.0642490 0.0771543 0.0706579 0.0588906 0.0799563 0.0183330 0.0782305 
Dasyuridae_Sarcophilus_harrisii              0.0589876 0.0728492 0.0597993 0.0780961 0.0794897 0.0083529 0.0749918 0.0588868 0.0788292 0.0794540 0.0597715 0.0196834 0.0248925 0.0592672 0.0613135 0.0201248 0.0000000 0.0257008 0.0784122 0.0750821 0.0710933 0.1055895 0.0952622 0.0184701 0.0744448 0.0753747 0.0692633 0.0703399 0.0633040 0.0774351 0.0713939 0.0588584 0.0815683 0.0078747 0.0802239 
Dasyuridae_Planigale_tenuirostris            0.0560822 0.0717139 0.0571852 0.0759901 0.0776754 0.0234915 0.0706662 0.0579131 0.0770573 0.0767177 0.0586822 0.0236778 0.0165006 0.0576221 0.0598010 0.0231935 0.0257008 0.0000000 0.0754223 0.0732278 0.0689350 0.1073712 0.0950783 0.0215663 0.0757028 0.0744136 0.0674542 0.0669445 0.0636515 0.0711052 0.0715465 0.0578500 0.0800283 0.0226882 0.0775156 
Peramelidae_Echymipera_kalubu                0.0651924 0.0707389 0.0648503 0.0826795 0.0830700 0.0761676 0.0823173 0.0634135 0.0838894 0.0139457 0.0621492 0.0773089 0.0744246 0.0640063 0.0682776 0.0758481 0.0784122 0.0754223 0.0000000 0.0833026 0.0766063 0.1156391 0.1022941 0.0745115 0.0846719 0.0795668 0.0732217 0.0779111 0.0681007 0.0828562 0.0796285 0.0635943 0.0141903 0.0765220 0.0138898 
Macropodidae_Dorcopsulus_vanheurni           0.0506649 0.0744404 0.0529527 0.0242359 0.0251771 0.0740325 0.0624211 0.0494928 0.0256449 0.0842712 0.0528399 0.0752904 0.0725811 0.0510663 0.0524726 0.0748434 0.0750821 0.0732278 0.0833026 0.0000000 0.0627596 0.1075898 0.0951376 0.0739548 0.0411704 0.0711292 0.0597242 0.0148744 0.0582941 0.0708773 0.0635298 0.0512660 0.0826563 0.0738032 0.0846627 
Pseudochiridae_Pseudochirulus_forbesi        0.0480524 0.0745811 0.0516117 0.0626585 0.0646671 0.0700881 0.0619092 0.0479795 0.0649788 0.0788884 0.0493563 0.0704581 0.0673514 0.0475385 0.0436343 0.0701432 0.0710933 0.0689350 0.0766063 0.0627596 0.0000000 0.1073964 0.0939876 0.0687501 0.0648358 0.0729131 0.0318514 0.0559392 0.0208788 0.0523177 0.0512959 0.0483176 0.0783945 0.0698508 0.0789480 
Didelphidae_Didelphis_virginiana             0.0976401 0.1021830 0.0906255 0.1066394 0.1063103 0.1042560 0.1049070 0.0976499 0.1086699 0.1166330 0.0980654 0.1063220 0.1074368 0.0940636 0.0962293 0.1047020 0.1055895 0.1073712 0.1156391 0.1075898 0.1073964 0.0000000 0.0404545 0.1039589 0.1124891 0.1064688 0.1040743 0.1023651 0.1022109 0.1060873 0.1049227 0.0939379 0.1173031 0.1050473 0.1170158 
Marmosidae_Monodelphis_domestica             0.0849548 0.0906123 0.0862790 0.0955236 0.0957227 0.0946309 0.1077532 0.0855862 0.0980897 0.1016232 0.0882990 0.0954813 0.0969523 0.0846869 0.0844652 0.0952037 0.0952622 0.0950783 0.1022941 0.0951376 0.0939876 0.0404545 0.0000000 0.0941367 0.1012137 0.0928524 0.0922412 0.0875572 0.0880893 0.0986261 0.1023624 0.0849178 0.1018494 0.0939663 0.1016369 
Dasyuridae_Antechinus_stuartii               0.0574104 0.0717190 0.0574422 0.0741137 0.0754369 0.0176802 0.0748164 0.0581396 0.0767668 0.0761721 0.0597565 0.0104280 0.0226771 0.0585140 0.0611295 0.0103752 0.0184701 0.0215663 0.0745115 0.0739548 0.0687501 0.1039589 0.0941367 0.0000000 0.0744340 0.0728697 0.0665922 0.0682510 0.0619120 0.0770796 0.0724909 0.0581235 0.0782218 0.0166740 0.0768942 
Hypsiprymnodontidae_Hypsiprymnodon_moschatus 0.0515825 0.0753836 0.0557387 0.0445405 0.0447679 0.0737110 0.0660691 0.0532683 0.0444022 0.0846927 0.0540545 0.0766061 0.0747756 0.0525008 0.0560575 0.0767352 0.0744448 0.0757028 0.0846719 0.0411704 0.0648358 0.1124891 0.1012137 0.0744340 0.0000000 0.0771445 0.0614245 0.0386704 0.0600413 0.0728190 0.0667209 0.0517505 0.0858381 0.0737988 0.0850761 
Microbiotheriidae_Dromiciops_gliroides       0.0632933 0.0732647 0.0599497 0.0713348 0.0728415 0.0740397 0.0778914 0.0596790 0.0738872 0.0794008 0.0624237 0.0762988 0.0715835 0.0610474 0.0653189 0.0751810 0.0753747 0.0744136 0.0795668 0.0711292 0.0729131 0.1064688 0.0928524 0.0728697 0.0771445 0.0000000 0.0696730 0.0650704 0.0656784 0.0758592 0.0733503 0.0615126 0.0794799 0.0728527 0.0799136 
Pseudochiridae_Petauroides_volans            0.0456133 0.0704249 0.0497417 0.0563763 0.0579911 0.0688899 0.0534547 0.0440123 0.0589404 0.0739598 0.0460839 0.0695566 0.0670397 0.0438030 0.0396796 0.0692753 0.0692633 0.0674542 0.0732217 0.0597242 0.0318514 0.1040743 0.0922412 0.0665922 0.0614245 0.0696730 0.0000000 0.0509921 0.0225830 0.0460536 0.0477531 0.0443209 0.0756835 0.0686513 0.0746820 
Macropodidae_Wallabia_bicolor                0.0445142 0.0689338 0.0473622 0.0191306 0.0199588 0.0693203 0.0565044 0.0436420 0.0220147 0.0772887 0.0466322 0.0705927 0.0668880 0.0448928 0.0470323 0.0696982 0.0703399 0.0669445 0.0779111 0.0148744 0.0559392 0.1023651 0.0875572 0.0682510 0.0386704 0.0650704 0.0509921 0.0000000 0.0508186 0.0619298 0.0564287 0.0450960 0.0770417 0.0690824 0.0776215 
Pseudochiridae_Pseudocheirus_occidentalis    0.0417296 0.0647869 0.0458118 0.0566624 0.0576471 0.0635111 0.0539249 0.0417420 0.0583903 0.0683479 0.0421012 0.0646300 0.0614309 0.0412094 0.0374995 0.0642490 0.0633040 0.0636515 0.0681007 0.0582941 0.0208788 0.1022109 0.0880893 0.0619120 0.0600413 0.0656784 0.0225830 0.0508186 0.0000000 0.0449295 0.0454777 0.0420539 0.0692230 0.0633124 0.0688681 
Tarsipedidae_Tarsipes_rostratus              0.0545062 0.0770808 0.0574621 0.0692969 0.0701811 0.0757205 0.0577538 0.0515414 0.0691729 0.0811536 0.0512886 0.0780545 0.0716192 0.0494935 0.0502566 0.0771543 0.0774351 0.0711052 0.0828562 0.0708773 0.0523177 0.1060873 0.0986261 0.0770796 0.0728190 0.0758592 0.0460536 0.0619298 0.0449295 0.0000000 0.0516228 0.0509416 0.0832925 0.0748452 0.0814837 
Acrobatidae_Distoechurus_pennatus            0.0477956 0.0757292 0.0517407 0.0648846 0.0659008 0.0711213 0.0599269 0.0503314 0.0665247 0.0804125 0.0480574 0.0722301 0.0691853 0.0473474 0.0305464 0.0706579 0.0713939 0.0715465 0.0796285 0.0635298 0.0512959 0.1049227 0.1023624 0.0724909 0.0667209 0.0733503 0.0477531 0.0564287 0.0454777 0.0516228 0.0000000 0.0486270 0.0809829 0.0715396 0.0808770 
Phalangeridae_Phalanger_carmelitae           0.0365042 0.0593438 0.0396702 0.0511598 0.0526198 0.0587646 0.0292674 0.0097973 0.0509533 0.0643873 0.0096867 0.0600859 0.0582812 0.0035378 0.0407457 0.0588906 0.0588584 0.0578500 0.0635943 0.0512660 0.0483176 0.0939379 0.0849178 0.0581235 0.0517505 0.0615126 0.0443209 0.0450960 0.0420539 0.0509416 0.0486270 0.0000000 0.0651089 0.0585267 0.0644505 
Peramelidae_Peroryctes_raffrayana            0.0655112 0.0704543 0.0663549 0.0827457 0.0832283 0.0798947 0.0853888 0.0646309 0.0836355 0.0149887 0.0645508 0.0809367 0.0781798 0.0655268 0.0676063 0.0799563 0.0815683 0.0800283 0.0141903 0.0826563 0.0783945 0.1173031 0.1018494 0.0782218 0.0858381 0.0794799 0.0756835 0.0770417 0.0692230 0.0832925 0.0809829 0.0651089 0.0000000 0.0796813 0.0149583 
Dasyuridae_Dasyurus_geffroii                 0.0581564 0.0724982 0.0580289 0.0768111 0.0781792 0.0037753 0.0746268 0.0592010 0.0771865 0.0782057 0.0597071 0.0178453 0.0235939 0.0586286 0.0600207 0.0183330 0.0078747 0.0226882 0.0765220 0.0738032 0.0698508 0.1050473 0.0939663 0.0166740 0.0737988 0.0728527 0.0686513 0.0690824 0.0633124 0.0748452 0.0715396 0.0585267 0.0796813 0.0000000 0.0789077 
Peramelidae_Perameles_gunnii                 0.0661697 0.0701176 0.0651923 0.0813449 0.0821134 0.0778997 0.0833669 0.0646013 0.0829252 0.0000010 0.0636260 0.0797900 0.0758201 0.0651805 0.0694714 0.0782305 0.0802239 0.0775156 0.0138898 0.0846627 0.0789480 0.1170158 0.1016369 0.0768942 0.0850761 0.0799136 0.0746820 0.0776215 0.0688681 0.0814837 0.0808770 0.0644505 0.0149583 0.0789077 0.0000000 
