37
Burramyidae_Burramys_parvus                  0.0000000 0.0678482 0.0460992 0.0485301 0.0480730 0.0905321 0.0416547 0.0418725 0.0544830 0.0664486 0.0447150 0.0943200 0.0772454 0.0397179 0.0405618 0.0947641 0.0891833 0.0633853 0.0707745 0.0486911 0.0489296 0.0688270 0.0749420 0.0855529 0.0492808 0.0585340 0.0406814 0.0557051 0.0429182 0.0671264 0.0458078 0.0397444 0.0618939 0.1042408 0.0659477 0.1122618 0.1122618 
Notoryctidae_Notoryctes_typhlops             0.0678482 0.0000000 0.0622832 0.0746613 0.0752827 0.1003976 0.0688492 0.0685656 0.0880576 0.0778160 0.0703583 0.1049606 0.0804143 0.0651990 0.0663110 0.1046147 0.1002202 0.0682255 0.0788611 0.0766502 0.0705652 0.0761564 0.0848057 0.0876744 0.0768143 0.0678993 0.0624914 0.0847686 0.0655730 0.0909946 0.0696088 0.0663385 0.0711910 0.1174830 0.0755060 0.1418951 0.1418951 
Vombatidae_Lasiorhinus_latifrons             0.0460992 0.0622832 0.0000000 0.0543221 0.0538502 0.0903934 0.0438873 0.0444327 0.0621240 0.0670782 0.0435198 0.0917287 0.0701614 0.0423816 0.0406741 0.0910311 0.0897681 0.0554396 0.0686110 0.0548994 0.0469788 0.0601690 0.0697532 0.0780824 0.0529956 0.0516912 0.0408908 0.0644180 0.0447918 0.0657941 0.0460781 0.0423888 0.0613255 0.1028025 0.0659442 0.1328367 0.1328367 
Potoroidae_Bettongia_penicillata             0.0485301 0.0746613 0.0543221 0.0000000 0.0034962 0.0944032 0.0483292 0.0465338 0.0116685 0.0697001 0.0509957 0.0945976 0.0767319 0.0444288 0.0471880 0.0949555 0.0924197 0.0584402 0.0735562 0.0153799 0.0567697 0.0659163 0.0752515 0.0829391 0.0368176 0.0585151 0.0473615 0.0245028 0.0514346 0.0718778 0.0502182 0.0443917 0.0641707 0.1043577 0.0691663 0.1408053 0.1408053 
Potoroidae_Bettongia_lesueur                 0.0480730 0.0752827 0.0538502 0.0034962 0.0000000 0.0938144 0.0478574 0.0460856 0.0111479 0.0691451 0.0505044 0.0934078 0.0755155 0.0439845 0.0477848 0.0937880 0.0918430 0.0578968 0.0729851 0.0139770 0.0562915 0.0653344 0.0746534 0.0823462 0.0349779 0.0580206 0.0458424 0.0230733 0.0509661 0.0712557 0.0497578 0.0439478 0.0636093 0.1037333 0.0697469 0.1401544 0.1401544 
Dasyuridae_Dasyurus_maculatus                0.0905321 0.1003976 0.0903934 0.0944032 0.0938144 0.0000000 0.0851143 0.0833443 0.1075867 0.0912578 0.0742934 0.0182918 0.0282106 0.0797860 0.0862623 0.0175811 0.0099240 0.0207683 0.0971077 0.0937664 0.0903633 0.0847157 0.0946769 0.0201036 0.1014721 0.0850003 0.0808078 0.1032443 0.0851001 0.0806945 0.0914222 0.0786279 0.0890321 0.0130405 0.0899861 0.2369401 0.2369401 
Phalangeridae_Trichosurus_vulpecula          0.0416547 0.0688492 0.0438873 0.0483292 0.0478574 0.0851143 0.0000000 0.0189224 0.0522114 0.0691195 0.0234261 0.0878380 0.0678105 0.0198959 0.0397081 0.0878187 0.0844698 0.0514817 0.0683208 0.0444638 0.0424464 0.0600597 0.0686523 0.0728205 0.0475527 0.0515049 0.0360299 0.0523819 0.0418315 0.0591596 0.0415926 0.0198666 0.0613270 0.0979158 0.0679401 0.1386428 0.1386428 
Phalangeridae_Spilocuscus_maculatus          0.0418725 0.0685656 0.0444327 0.0465338 0.0460856 0.0833443 0.0189224 0.0000000 0.0491295 0.0664386 0.0130645 0.0852410 0.0657084 0.0088300 0.0404755 0.0852038 0.0827060 0.0495463 0.0667187 0.0454848 0.0459361 0.0597640 0.0691379 0.0746832 0.0481467 0.0557011 0.0394494 0.0525818 0.0432520 0.0631363 0.0440614 0.0088215 0.0624765 0.0945300 0.0653512 0.1416367 0.1416367 
Potoroidae_Aepyprymnus_rufescens             0.0544830 0.0880576 0.0621240 0.0116685 0.0111479 0.1075867 0.0522114 0.0491295 0.0000000 0.0838905 0.0525010 0.1064298 0.0844567 0.0476662 0.0578568 0.1065936 0.1057193 0.0680270 0.0905589 0.0175245 0.0632445 0.0703361 0.0875860 0.0944699 0.0463472 0.0737032 0.0498935 0.0194747 0.0579790 0.0838047 0.0570841 0.0477084 0.0788486 0.1191061 0.0833268 0.1207644 0.1207644 
Peramelidae_Perameles_nasuta                 0.0664486 0.0778160 0.0670782 0.0697001 0.0691451 0.0912578 0.0691195 0.0664386 0.0838905 0.0000000 0.0683727 0.0956090 0.0720938 0.0643640 0.0657038 0.0948323 0.0880012 0.0554780 0.0222218 0.0693719 0.0744683 0.0721559 0.0744875 0.0835530 0.0748162 0.0616257 0.0611244 0.0787147 0.0694907 0.0784824 0.0704232 0.0653983 0.0199049 0.1010393 0.0028233 0.0208787 0.0208787 
Phalangeridae_Strigocuscus_pelengensis       0.0447150 0.0703583 0.0435198 0.0509957 0.0505044 0.0742934 0.0234261 0.0130645 0.0525010 0.0683727 0.0000000 0.0749509 0.0735168 0.0108361 0.0437357 0.0768084 0.0733537 0.0525209 0.0686724 0.0463893 0.0494015 0.0605367 0.0675916 0.0600775 0.0512834 0.0560832 0.0424153 0.0556444 0.0448816 0.0699694 0.0493288 0.0097927 0.0651496 0.0826257 0.0665300 0.1675150 0.1675150 
Dasyuridae_Phascogale_tapoatafa              0.0943200 0.1049606 0.0917287 0.0945976 0.0934078 0.0182918 0.0878380 0.0852410 0.1064298 0.0956090 0.0749509 0.0000000 0.0256365 0.0816296 0.0865546 0.0014050 0.0175594 0.0206770 0.1002294 0.0933643 0.0899050 0.0869528 0.0985561 0.0108554 0.1055266 0.0871284 0.0798752 0.1021781 0.0852192 0.0824434 0.0904673 0.0806141 0.0890379 0.0255155 0.0950047 0.2335753 0.2335753 
Dasyuridae_Sminthopsis_macroura              0.0772454 0.0804143 0.0701614 0.0767319 0.0755155 0.0282106 0.0678105 0.0657084 0.0844567 0.0720938 0.0735168 0.0256365 0.0000000 0.0628025 0.0705214 0.0268697 0.0278557 0.0229461 0.0747685 0.0768647 0.0699851 0.0584227 0.0606854 0.0199024 0.0817225 0.0647037 0.0649637 0.0854764 0.0672927 0.0869627 0.0784644 0.0627087 0.0678194 0.0394170 0.0696301 0.2336478 0.2336478 
Phalangeridae_Phalanger_orientalis           0.0397179 0.0651990 0.0423816 0.0444288 0.0439845 0.0797860 0.0198959 0.0088300 0.0476662 0.0643640 0.0108361 0.0816296 0.0628025 0.0000000 0.0372717 0.0824721 0.0786951 0.0479273 0.0641101 0.0422915 0.0448945 0.0585250 0.0659234 0.0705209 0.0446607 0.0524128 0.0384026 0.0504836 0.0405383 0.0632744 0.0419391 0.0018995 0.0608056 0.0913794 0.0632755 0.1364691 0.1364691 
Acrobatidae_Acrobates_pygmaeus               0.0405618 0.0663110 0.0406741 0.0471880 0.0477848 0.0862623 0.0397081 0.0404755 0.0578568 0.0657038 0.0437357 0.0865546 0.0705214 0.0372717 0.0000000 0.0865635 0.0839059 0.0541691 0.0669501 0.0484309 0.0441374 0.0589908 0.0678027 0.0734488 0.0478958 0.0514486 0.0354101 0.0550848 0.0392903 0.0552007 0.0232553 0.0383272 0.0590614 0.0997066 0.0646073 0.1248882 0.1248882 
Dasyuridae_Phascogale_calura                 0.0947641 0.1046147 0.0910311 0.0949555 0.0937880 0.0175811 0.0878187 0.0852038 0.1065936 0.0948323 0.0768084 0.0014050 0.0268697 0.0824721 0.0865635 0.0000000 0.0183627 0.0206770 0.0987457 0.0926131 0.0886358 0.0854825 0.0968836 0.0107373 0.1042752 0.0854102 0.0782336 0.1011826 0.0846476 0.0817667 0.0897526 0.0812580 0.0865152 0.0269624 0.0936429 0.2204789 0.2204789 
Dasyuridae_Sarcophilus_harrisii              0.0891833 0.1002202 0.0897681 0.0924197 0.0918430 0.0099240 0.0844698 0.0827060 0.1057193 0.0880012 0.0733537 0.0175594 0.0278557 0.0786951 0.0839059 0.0183627 0.0000000 0.0214061 0.0948950 0.0918492 0.0884693 0.0858958 0.0957653 0.0200108 0.1005988 0.0844686 0.0802128 0.1017738 0.0832451 0.0834213 0.0888812 0.0781018 0.0860473 0.0155623 0.0874069 0.2135832 0.2135832 
Dasyuridae_Planigale_tenuirostris            0.0633853 0.0682255 0.0554396 0.0584402 0.0578968 0.0207683 0.0514817 0.0495463 0.0680270 0.0554780 0.0525209 0.0206770 0.0229461 0.0479273 0.0541691 0.0206770 0.0214061 0.0000000 0.0593073 0.0562935 0.0514996 0.0501070 0.0531289 0.0183891 0.0629989 0.0487350 0.0481838 0.0692299 0.0487879 0.0632193 0.0610135 0.0471683 0.0548141 0.0270963 0.0554354 0.3163207 0.3163207 
Peramelidae_Echymipera_kalubu                0.0707745 0.0788611 0.0686110 0.0735562 0.0729851 0.0971077 0.0683208 0.0667187 0.0905589 0.0222218 0.0686724 0.1002294 0.0747685 0.0641101 0.0669501 0.0987457 0.0948950 0.0593073 0.0000000 0.0749434 0.0747452 0.0631040 0.0678271 0.0883562 0.0781614 0.0618350 0.0625647 0.0844546 0.0704273 0.0794650 0.0707878 0.0651505 0.0193688 0.1065717 0.0207083 0.0320549 0.0320549 
Macropodidae_Dorcopsulus_vanheurni           0.0486911 0.0766502 0.0548994 0.0153799 0.0139770 0.0937664 0.0444638 0.0454848 0.0175245 0.0693719 0.0463893 0.0933643 0.0768647 0.0422915 0.0484309 0.0926131 0.0918492 0.0562935 0.0749434 0.0000000 0.0568176 0.0674737 0.0756749 0.0822337 0.0369246 0.0568153 0.0479694 0.0158003 0.0525273 0.0726822 0.0520499 0.0433406 0.0638037 0.1017556 0.0699770 0.1365700 0.1365700 
Pseudochiridae_Pseudochirulus_forbesi        0.0489296 0.0705652 0.0469788 0.0567697 0.0562915 0.0903633 0.0424464 0.0459361 0.0632445 0.0744683 0.0494015 0.0899050 0.0699851 0.0448945 0.0441374 0.0886358 0.0884693 0.0514996 0.0747452 0.0568176 0.0000000 0.0684798 0.0781311 0.0755575 0.0595156 0.0584062 0.0256702 0.0630469 0.0170300 0.0580473 0.0478033 0.0448570 0.0677943 0.1020556 0.0721471 0.1315324 0.1315324 
Didelphidae_Didelphis_virginiana             0.0688270 0.0761564 0.0601690 0.0659163 0.0653344 0.0847157 0.0600597 0.0597640 0.0703361 0.0721559 0.0605367 0.0869528 0.0584227 0.0585250 0.0589908 0.0854825 0.0858958 0.0501070 0.0631040 0.0674737 0.0684798 0.0000000 0.0343839 0.0891008 0.0765150 0.0634956 0.0556646 0.0794479 0.0616634 0.0669589 0.0575019 0.0589315 0.0628769 0.0949527 0.0720628 9.0000000 9.0000000 
Marmosidae_Monodelphis_domestica             0.0749420 0.0848057 0.0697532 0.0752515 0.0746534 0.0946769 0.0686523 0.0691379 0.0875860 0.0744875 0.0675916 0.0985561 0.0606854 0.0659234 0.0678027 0.0968836 0.0957653 0.0531289 0.0678271 0.0756749 0.0781311 0.0343839 0.0000000 0.1010531 0.0850105 0.0725694 0.0645589 0.0880768 0.0705297 0.0654479 0.0684024 0.0664990 0.0705502 0.1048205 0.0744431 9.0000000 9.0000000 
Dasyuridae_Antechinus_stuartii               0.0855529 0.0876744 0.0780824 0.0829391 0.0823462 0.0201036 0.0728205 0.0746832 0.0944699 0.0835530 0.0600775 0.0108554 0.0199024 0.0705209 0.0734488 0.0107373 0.0200108 0.0183891 0.0883562 0.0822337 0.0755575 0.0891008 0.1010531 0.0000000 0.0930611 0.0689904 0.0683482 0.0923570 0.0706714 0.0616970 0.0762033 0.0686867 0.0791077 0.0273354 0.0834516 0.2173012 0.2173012 
Hypsiprymnodontidae_Hypsiprymnodon_moschatus 0.0492808 0.0768143 0.0529956 0.0368176 0.0349779 0.1014721 0.0475527 0.0481467 0.0463472 0.0748162 0.0512834 0.1055266 0.0817225 0.0446607 0.0478958 0.1042752 0.1005988 0.0629989 0.0781614 0.0369246 0.0595156 0.0765150 0.0850105 0.0930611 0.0000000 0.0622898 0.0478443 0.0460296 0.0540475 0.0760609 0.0489614 0.0444746 0.0657480 0.1168417 0.0748114 0.1136776 0.1136776 
Microbiotheriidae_Dromiciops_gliroides       0.0585340 0.0678993 0.0516912 0.0585151 0.0580206 0.0850003 0.0515049 0.0557011 0.0737032 0.0616257 0.0560832 0.0871284 0.0647037 0.0524128 0.0514486 0.0854102 0.0844686 0.0487350 0.0618350 0.0568153 0.0584062 0.0634956 0.0725694 0.0689904 0.0622898 0.0000000 0.0486599 0.0659239 0.0548436 0.0676932 0.0601864 0.0523719 0.0547119 0.0971739 0.0604872 0.0984553 0.0984553 
Pseudochiridae_Petauroides_volans            0.0406814 0.0624914 0.0408908 0.0473615 0.0458424 0.0808078 0.0360299 0.0394494 0.0498935 0.0611244 0.0424153 0.0798752 0.0649637 0.0384026 0.0354101 0.0782336 0.0802128 0.0481838 0.0625647 0.0479694 0.0256702 0.0556646 0.0645589 0.0683482 0.0478443 0.0486599 0.0000000 0.0550942 0.0227858 0.0505777 0.0369457 0.0383692 0.0575668 0.0935460 0.0611838 0.1174826 0.1174826 
Macropodidae_Wallabia_bicolor                0.0557051 0.0847686 0.0644180 0.0245028 0.0230733 0.1032443 0.0523819 0.0525818 0.0194747 0.0787147 0.0556444 0.1021781 0.0854764 0.0504836 0.0550848 0.1011826 0.1017738 0.0692299 0.0844546 0.0158003 0.0630469 0.0794479 0.0880768 0.0923570 0.0460296 0.0659239 0.0550942 0.0000000 0.0585838 0.0813613 0.0603930 0.0513511 0.0727805 0.1129771 0.0793283 0.1372437 0.1372437 
Pseudochiridae_Pseudocheirus_occidentalis    0.0429182 0.0655730 0.0447918 0.0514346 0.0509661 0.0851001 0.0418315 0.0432520 0.0579790 0.0694907 0.0448816 0.0852192 0.0672927 0.0405383 0.0392903 0.0846476 0.0832451 0.0487879 0.0704273 0.0525273 0.0170300 0.0616634 0.0705297 0.0706714 0.0540475 0.0548436 0.0227858 0.0585838 0.0000000 0.0591273 0.0420264 0.0405658 0.0643185 0.0971800 0.0672225 0.1325859 0.1325859 
Tarsipedidae_Tarsipes_rostratus              0.0671264 0.0909946 0.0657941 0.0718778 0.0712557 0.0806945 0.0591596 0.0631363 0.0838047 0.0784824 0.0699694 0.0824434 0.0869627 0.0632744 0.0552007 0.0817667 0.0834213 0.0632193 0.0794650 0.0726822 0.0580473 0.0669589 0.0654479 0.0616970 0.0760609 0.0676932 0.0505777 0.0813613 0.0591273 0.0000000 0.0629669 0.0625908 0.0716634 0.0941175 0.0778429 0.1702174 0.1702174 
Acrobatidae_Distoechurus_pennatus            0.0458078 0.0696088 0.0460781 0.0502182 0.0497578 0.0914222 0.0415926 0.0440614 0.0570841 0.0704232 0.0493288 0.0904673 0.0784644 0.0419391 0.0232553 0.0897526 0.0888812 0.0610135 0.0707878 0.0520499 0.0478033 0.0575019 0.0684024 0.0762033 0.0489614 0.0601864 0.0369457 0.0603930 0.0420264 0.0629669 0.0000000 0.0428990 0.0630552 0.1044704 0.0692819 0.1293569 0.1293569 
Phalangeridae_Phalanger_carmelitae           0.0397444 0.0663385 0.0423888 0.0443917 0.0439478 0.0786279 0.0198666 0.0088215 0.0477084 0.0653983 0.0097927 0.0806141 0.0627087 0.0018995 0.0383272 0.0812580 0.0781018 0.0471683 0.0651505 0.0433406 0.0448570 0.0589315 0.0664990 0.0686867 0.0444746 0.0523719 0.0383692 0.0513511 0.0405658 0.0625908 0.0428990 0.0000000 0.0619330 0.0902799 0.0642742 0.1416367 0.1416367 
Peramelidae_Peroryctes_raffrayana            0.0618939 0.0711910 0.0613255 0.0641707 0.0636093 0.0890321 0.0613270 0.0624765 0.0788486 0.0199049 0.0651496 0.0890379 0.0678194 0.0608056 0.0590614 0.0865152 0.0860473 0.0548141 0.0193688 0.0638037 0.0677943 0.0628769 0.0705502 0.0791077 0.0657480 0.0547119 0.0575668 0.0727805 0.0643185 0.0716634 0.0630552 0.0619330 0.0000000 0.0942779 0.0193596 0.0282129 0.0282129 
Dasyuridae_Dasyurus_geffroii                 0.1042408 0.1174830 0.1028025 0.1043577 0.1037333 0.0130405 0.0979158 0.0945300 0.1191061 0.1010393 0.0826257 0.0255155 0.0394170 0.0913794 0.0997066 0.0269624 0.0155623 0.0270963 0.1065717 0.1017556 0.1020556 0.0949527 0.1048205 0.0273354 0.1168417 0.0971739 0.0935460 0.1129771 0.0971800 0.0941175 0.1044704 0.0902799 0.0942779 0.0000000 0.1003459 0.2144658 0.2144658 
Peramelidae_Perameles_gunnii                 0.0659477 0.0755060 0.0659442 0.0691663 0.0697469 0.0899861 0.0679401 0.0653512 0.0833268 0.0028233 0.0665300 0.0950047 0.0696301 0.0632755 0.0646073 0.0936429 0.0874069 0.0554354 0.0207083 0.0699770 0.0721471 0.0720628 0.0744431 0.0834516 0.0748114 0.0604872 0.0611838 0.0793283 0.0672225 0.0778429 0.0692819 0.0642742 0.0193596 0.1003459 0.0000000 0.0137332 0.0137332 
Peramelidae_Isoodon_obesulus1                0.1122618 0.1418951 0.1328367 0.1408053 0.1401544 0.2369401 0.1386428 0.1416367 0.1207644 0.0208787 0.1675150 0.2335753 0.2336478 0.1364691 0.1248882 0.2204789 0.2135832 0.3163207 0.0320549 0.1365700 0.1315324 9.0000000 9.0000000 0.2173012 0.1136776 0.0984553 0.1174826 0.1372437 0.1325859 0.1702174 0.1293569 0.1416367 0.0282129 0.2144658 0.0137332 0.0000000 0.0000010 
Peramelidae_Isoodon_obesulus2                0.1122618 0.1418951 0.1328367 0.1408053 0.1401544 0.2369401 0.1386428 0.1416367 0.1207644 0.0208787 0.1675150 0.2335753 0.2336478 0.1364691 0.1248882 0.2204789 0.2135832 0.3163207 0.0320549 0.1365700 0.1315324 9.0000000 9.0000000 0.2173012 0.1136776 0.0984553 0.1174826 0.1372437 0.1325859 0.1702174 0.1293569 0.1416367 0.0282129 0.2144658 0.0137332 0.0000010 0.0000000 
