35
Burramyidae_Burramys_parvus                  0.0000000 0.0733695 0.0661969 0.0574875 0.0597073 0.1101674 0.0427189 0.0395632 0.1032309 0.0460913 0.0984126 0.0420294 0.0466120 0.1041195 0.1044307 0.0863815 0.0964690 0.0485440 0.1153252 0.0885123 0.0918549 0.0541074 0.0745589 0.0440646 0.0524296 0.0502865 0.0665296 0.0516145 0.0425996 0.1012651 0.1080751 0.0725512 0.0584029 0.1181452 0.0490009 
Notoryctidae_Notoryctes_typhlops             0.0733695 0.0000000 0.0808732 0.0926260 0.0921706 0.1113970 0.0798264 0.0801235 0.1026491 0.0865354 0.0964352 0.0751805 0.0738947 0.1006288 0.1077560 0.0838948 0.0948992 0.0783414 0.1027050 0.0890113 0.0916658 0.0832932 0.0824861 0.0733510 0.0812281 0.0725228 0.0984004 0.0779783 0.0770548 0.0970260 0.1098273 0.0781626 0.0859469 0.1152856 0.0765332 
Vombatidae_Lasiorhinus_latifrons             0.0661969 0.0808732 0.0000000 0.0786336 0.0806143 0.0957042 0.0638905 0.0610969 0.1030656 0.0605659 0.0828388 0.0608854 0.0641468 0.0931538 0.0904241 0.0768425 0.0975551 0.0670559 0.1207386 0.1051878 0.0817579 0.0727738 0.0681976 0.0660799 0.0705340 0.0699716 0.0942336 0.0721461 0.0608140 0.0986107 0.0937265 0.0864103 0.0820093 0.1005330 0.0733851 
Potoroidae_Bettongia_penicillata             0.0574875 0.0926260 0.0786336 0.0000000 0.0030737 0.1199388 0.0542296 0.0541201 0.1169276 0.0563919 0.1104545 0.0543729 0.0579019 0.1121470 0.1152167 0.0954329 0.1099378 0.0187761 0.1160581 0.0924776 0.0970911 0.0362964 0.0846234 0.0594608 0.0216498 0.0661262 0.0872242 0.0668675 0.0555368 0.1157846 0.1170519 0.0807271 0.0103016 0.1270188 0.0662034 
Potoroidae_Bettongia_lesueur                 0.0597073 0.0921706 0.0806143 0.0030737 0.0000000 0.1203541 0.0548915 0.0547751 0.1144424 0.0564184 0.1100387 0.0561242 0.0596985 0.1117415 0.1156133 0.0936072 0.1076202 0.0183363 0.1181012 0.0919181 0.0965510 0.0358636 0.0829278 0.0593847 0.0212099 0.0637180 0.0868035 0.0669203 0.0572848 0.1126971 0.1174568 0.0788912 0.0108122 0.1262973 0.0647385 
Dasyuridae_Dasyurus_maculatus                0.1101674 0.1113970 0.0957042 0.1199388 0.1203541 0.0000000 0.1095015 0.1043618 0.1291460 0.1034938 0.0386287 0.1056473 0.1051490 0.0221478 0.0103541 0.0371349 0.1253528 0.1089968 0.1494941 0.1261538 0.0138305 0.1112209 0.0986725 0.1023858 0.1110957 0.1052683 0.1222688 0.1120038 0.1060159 0.1306288 0.0066894 0.1028950 0.1242650 0.0230635 0.1103941 
Phalangeridae_Trichosurus_vulpecula          0.0427189 0.0798264 0.0638905 0.0542296 0.0548915 0.1095015 0.0000000 0.0161793 0.1014550 0.0221249 0.0998550 0.0194604 0.0427098 0.0993618 0.1030523 0.0849020 0.0929607 0.0460067 0.1069649 0.0828076 0.0910943 0.0558823 0.0699446 0.0431220 0.0481409 0.0492109 0.0666877 0.0504731 0.0194853 0.0983805 0.1060607 0.0643333 0.0568846 0.1134553 0.0519612 
Phalangeridae_Spilocuscus_maculatus          0.0395632 0.0801235 0.0610969 0.0541201 0.0547751 0.1043618 0.0161793 0.0000000 0.0981659 0.0118211 0.0939968 0.0089363 0.0427396 0.0956443 0.0980970 0.0814649 0.0887612 0.0444247 0.1027723 0.0800499 0.0869961 0.0540770 0.0673527 0.0426319 0.0465133 0.0487323 0.0688139 0.0496626 0.0089477 0.0956674 0.1010333 0.0611502 0.0574518 0.1110071 0.0491947 
Peramelidae_Perameles_nasuta                 0.1032309 0.1026491 0.1030656 0.1169276 0.1144424 0.1291460 0.1014550 0.0981659 0.0000000 0.1039568 0.1281472 0.0957874 0.0993295 0.1201884 0.1267375 0.1100781 0.0174610 0.1049306 0.1096634 0.0929768 0.1142449 0.1075871 0.1024580 0.1088787 0.1062210 0.1077598 0.1191316 0.1109550 0.0959437 0.0225255 0.1283088 0.0017026 0.1195073 0.1417937 0.1161599 
Phalangeridae_Strigocuscus_pelengensis       0.0460913 0.0865354 0.0605659 0.0563919 0.0564184 0.1034938 0.0221249 0.0118211 0.1039568 0.0000000 0.0915396 0.0117933 0.0469502 0.1058388 0.0964343 0.0884492 0.0956293 0.0499806 0.1135598 0.0922776 0.0984471 0.0581045 0.0744415 0.0483423 0.0528301 0.0532360 0.0772769 0.0546117 0.0122925 0.1014007 0.1006815 0.0657368 0.0586195 0.1067277 0.0525268 
Dasyuridae_Sminthopsis_macroura              0.0984126 0.0964352 0.0828388 0.1104545 0.1100387 0.0386287 0.0998550 0.0939968 0.1281472 0.0915396 0.0000000 0.0980508 0.0967157 0.0371447 0.0338924 0.0208584 0.1187727 0.0977624 0.1495343 0.1245211 0.0295684 0.1017050 0.0846842 0.0992789 0.1010955 0.0980018 0.1249036 0.1003682 0.0984275 0.1262730 0.0345318 0.1083931 0.1146880 0.0376180 0.1042966 
Phalangeridae_Phalanger_orientalis           0.0420294 0.0751805 0.0608854 0.0543729 0.0561242 0.1056473 0.0194604 0.0089363 0.0957874 0.0117933 0.0980508 0.0000000 0.0405212 0.0989511 0.1006635 0.0843786 0.0882366 0.0468679 0.0996525 0.0754062 0.0900020 0.0560046 0.0700851 0.0424639 0.0489770 0.0479874 0.0679321 0.0484030 0.0026417 0.0920880 0.1036068 0.0589186 0.0553939 0.1148556 0.0478310 
Acrobatidae_Acrobates_pygmaeus               0.0466120 0.0738947 0.0641468 0.0579019 0.0596985 0.1051490 0.0427098 0.0427396 0.0993295 0.0469502 0.0967157 0.0405212 0.0000000 0.0982305 0.1020685 0.0862996 0.0907434 0.0483192 0.1083333 0.0864333 0.0918673 0.0543765 0.0712532 0.0408032 0.0515715 0.0464169 0.0617850 0.0260078 0.0410881 0.0950485 0.1043800 0.0682218 0.0572009 0.1112517 0.0466689 
Dasyuridae_Phascogale_calura                 0.1041195 0.1006288 0.0931538 0.1121470 0.1117415 0.0221478 0.0993618 0.0956443 0.1201884 0.1058388 0.0371447 0.0989511 0.0982305 0.0000000 0.0196326 0.0339336 0.1117970 0.1015505 0.1267798 0.1057772 0.0062049 0.1042029 0.0906122 0.0968096 0.1048873 0.0942806 0.1187834 0.1025015 0.0985862 0.1205309 0.0196829 0.0888364 0.1146992 0.0079971 0.1037950 
Dasyuridae_Sarcophilus_harrisii              0.1044307 0.1077560 0.0904241 0.1152167 0.1156133 0.0103541 0.1030523 0.0980970 0.1267375 0.0964343 0.0338924 0.1006635 0.1020685 0.0196326 0.0000000 0.0315237 0.1194723 0.1039605 0.1409359 0.1199932 0.0118962 0.1066433 0.0910581 0.0994017 0.1046943 0.0987785 0.1169142 0.1061857 0.1010364 0.1295643 0.0080600 0.1009033 0.1204748 0.0198191 0.1070054 
Dasyuridae_Planigale_tenuirostris            0.0863815 0.0838948 0.0768425 0.0954329 0.0936072 0.0371349 0.0849020 0.0814649 0.1100781 0.0884492 0.0208584 0.0843786 0.0862996 0.0339336 0.0315237 0.0000000 0.1023257 0.0833329 0.1157174 0.0918170 0.0265329 0.0877603 0.0760478 0.0878610 0.0860556 0.0843948 0.1103862 0.0865167 0.0840535 0.1086618 0.0338452 0.0822465 0.1026725 0.0369397 0.0920643 
Peramelidae_Echymipera_kalubu                0.0964690 0.0948992 0.0975551 0.1099378 0.1076202 0.1253528 0.0929607 0.0887612 0.0174610 0.0956293 0.1187727 0.0882366 0.0907434 0.1117970 0.1194723 0.1023257 0.0000000 0.0965245 0.1056714 0.0871576 0.1038856 0.1028994 0.0937572 0.1027984 0.0977751 0.1009379 0.1120241 0.1039597 0.0883803 0.0194766 0.1231305 0.0130384 0.1094247 0.1293296 0.1077873 
Macropodidae_Dorcopsulus_vanheurni           0.0485440 0.0783414 0.0670559 0.0187761 0.0183363 0.1089968 0.0460067 0.0444247 0.1049306 0.0499806 0.0977624 0.0468679 0.0483192 0.1015505 0.1039605 0.0833329 0.0965245 0.0000000 0.0983852 0.0796926 0.0911658 0.0284742 0.0700678 0.0509261 0.0070847 0.0517866 0.0761190 0.0553784 0.0469260 0.1025742 0.1056857 0.0698481 0.0211669 0.1143157 0.0549208 
Didelphidae_Didelphis_virginiana             0.1153252 0.1027050 0.1207386 0.1160581 0.1181012 0.1494941 0.1069649 0.1027723 0.1096634 0.1135598 0.1495343 0.0996525 0.1083333 0.1267798 0.1409359 0.1157174 0.1056714 0.0983852 0.0000000 0.0490957 0.1236783 0.1092491 0.1072314 0.1085212 0.1047958 0.1103337 0.1236814 0.1060757 0.1036178 0.1013111 0.1429809 0.1103937 0.1172327 0.1589992 0.1171629 
Marmosidae_Monodelphis_domestica             0.0885123 0.0890113 0.1051878 0.0924776 0.0919181 0.1261538 0.0828076 0.0800499 0.0929768 0.0922776 0.1245211 0.0754062 0.0864333 0.1057772 0.1199932 0.0918170 0.0871576 0.0796926 0.0490957 0.0000000 0.0978843 0.0926460 0.0883202 0.0939561 0.0842128 0.0930023 0.1041357 0.0864015 0.0789559 0.0895731 0.1202364 0.0933486 0.0894692 0.1318614 0.0913977 
Dasyuridae_Antechinus_stuartii               0.0918549 0.0916658 0.0817579 0.0970911 0.0965510 0.0138305 0.0910943 0.0869961 0.1142449 0.0984471 0.0295684 0.0900020 0.0918673 0.0062049 0.0118962 0.0265329 0.1038856 0.0911658 0.1236783 0.0978843 0.0000000 0.0955975 0.0840757 0.0860422 0.0944827 0.0812185 0.1012278 0.0943632 0.0907089 0.1173531 0.0125760 0.0910818 0.1004965 0.0078140 0.0892439 
Hypsiprymnodontidae_Hypsiprymnodon_moschatus 0.0541074 0.0832932 0.0727738 0.0362964 0.0358636 0.1112209 0.0558823 0.0540770 0.1075871 0.0581045 0.1017050 0.0560046 0.0543765 0.1042029 0.1066433 0.0877603 0.1028994 0.0284742 0.1092491 0.0926460 0.0955975 0.0000000 0.0753547 0.0581241 0.0294569 0.0601712 0.0817254 0.0605843 0.0549888 0.1078777 0.1091783 0.0714887 0.0367021 0.1211242 0.0625924 
Microbiotheriidae_Dromiciops_gliroides       0.0745589 0.0824861 0.0681976 0.0846234 0.0829278 0.0986725 0.0699446 0.0673527 0.1024580 0.0744415 0.0846842 0.0700851 0.0712532 0.0906122 0.0910581 0.0760478 0.0937572 0.0700678 0.1072314 0.0883202 0.0840757 0.0753547 0.0000000 0.0743606 0.0730979 0.0758983 0.0971817 0.0816446 0.0701916 0.1013621 0.0952603 0.0745437 0.0876391 0.1002842 0.0814048 
Pseudochiridae_Petauroides_volans            0.0440646 0.0733510 0.0660799 0.0594608 0.0593847 0.1023858 0.0431220 0.0426319 0.1088787 0.0483423 0.0992789 0.0424639 0.0408032 0.0968096 0.0994017 0.0878610 0.1027984 0.0509261 0.1085212 0.0939561 0.0860422 0.0581241 0.0743606 0.0000000 0.0530958 0.0262804 0.0535475 0.0487668 0.0430343 0.1074438 0.1029825 0.0769189 0.0584506 0.1102562 0.0251156 
Macropodidae_Wallabia_bicolor                0.0524296 0.0812281 0.0705340 0.0216498 0.0212099 0.1110957 0.0481409 0.0465133 0.1062210 0.0528301 0.1010955 0.0489770 0.0515715 0.1048873 0.1046943 0.0860556 0.0977751 0.0070847 0.1047958 0.0842128 0.0944827 0.0294569 0.0730979 0.0530958 0.0000000 0.0556603 0.0762344 0.0575759 0.0490375 0.1039735 0.1077694 0.0675310 0.0254378 0.1154434 0.0574195 
Pseudochiridae_Pseudocheirus_occidentalis    0.0502865 0.0725228 0.0699716 0.0661262 0.0637180 0.1052683 0.0492109 0.0487323 0.1077598 0.0532360 0.0980018 0.0479874 0.0464169 0.0942806 0.0987785 0.0843948 0.1009379 0.0517866 0.1103337 0.0930023 0.0812185 0.0601712 0.0758983 0.0262804 0.0556603 0.0000000 0.0579125 0.0535582 0.0481032 0.1029976 0.1037319 0.0681578 0.0638647 0.1060310 0.0136758 
Tarsipedidae_Tarsipes_rostratus              0.0665296 0.0984004 0.0942336 0.0872242 0.0868035 0.1222688 0.0666877 0.0688139 0.1191316 0.0772769 0.1249036 0.0679321 0.0617850 0.1187834 0.1169142 0.1103862 0.1120241 0.0761190 0.1236814 0.1041357 0.1012278 0.0817254 0.0971817 0.0535475 0.0762344 0.0579125 0.0000000 0.0656260 0.0685809 0.1158733 0.1228001 0.0865408 0.0880917 0.1307457 0.0585061 
Acrobatidae_Distoechurus_pennatus            0.0516145 0.0779783 0.0721461 0.0668675 0.0669203 0.1120038 0.0504731 0.0496626 0.1109550 0.0546117 0.1003682 0.0484030 0.0260078 0.1025015 0.1061857 0.0865167 0.1039597 0.0553784 0.1060757 0.0864015 0.0943632 0.0605843 0.0816446 0.0487668 0.0575759 0.0535582 0.0656260 0.0000000 0.0489891 0.1097148 0.1125324 0.0761917 0.0702746 0.1188914 0.0544951 
Phalangeridae_Phalanger_carmelitae           0.0425996 0.0770548 0.0608140 0.0555368 0.0572848 0.1060159 0.0194853 0.0089477 0.0959437 0.0122925 0.0984275 0.0026417 0.0410881 0.0985862 0.1010364 0.0840535 0.0883803 0.0469260 0.1036178 0.0789559 0.0907089 0.0549888 0.0701916 0.0430343 0.0490375 0.0481032 0.0685809 0.0489891 0.0000000 0.0941624 0.1039776 0.0601570 0.0566629 0.1143859 0.0479553 
Peramelidae_Peroryctes_raffrayana            0.1012651 0.0970260 0.0986107 0.1157846 0.1126971 0.1306288 0.0983805 0.0956674 0.0225255 0.1014007 0.1262730 0.0920880 0.0950485 0.1205309 0.1295643 0.1086618 0.0194766 0.1025742 0.1013111 0.0895731 0.1173531 0.1078777 0.1013621 0.1074438 0.1039735 0.1029976 0.1158733 0.1097148 0.0941624 0.0000000 0.1311560 0.0131788 0.1162156 0.1404797 0.1090473 
Dasyuridae_Dasyurus_geffroii                 0.1080751 0.1098273 0.0937265 0.1170519 0.1174568 0.0066894 0.1060607 0.1010333 0.1283088 0.1006815 0.0345318 0.1036068 0.1043800 0.0196829 0.0080600 0.0338452 0.1231305 0.1056857 0.1429809 0.1202364 0.0125760 0.1091783 0.0952603 0.1029825 0.1077694 0.1037319 0.1228001 0.1125324 0.1039776 0.1311560 0.0000000 0.1023110 0.1225392 0.0203797 0.1110292 
Peramelidae_Perameles_gunnii                 0.0725512 0.0781626 0.0864103 0.0807271 0.0788912 0.1028950 0.0643333 0.0611502 0.0017026 0.0657368 0.1083931 0.0589186 0.0682218 0.0888364 0.1009033 0.0822465 0.0130384 0.0698481 0.1103937 0.0933486 0.0910818 0.0714887 0.0745437 0.0769189 0.0675310 0.0681578 0.0865408 0.0761917 0.0601570 0.0131788 0.1023110 0.0000000 0.0850049 0.1216628 0.0717648 
Potoroidae_Aepyprymnus_rufescens             0.0584029 0.0859469 0.0820093 0.0103016 0.0108122 0.1242650 0.0568846 0.0574518 0.1195073 0.0586195 0.1146880 0.0553939 0.0572009 0.1146992 0.1204748 0.1026725 0.1094247 0.0211669 0.1172327 0.0894692 0.1004965 0.0367021 0.0876391 0.0584506 0.0254378 0.0638647 0.0880917 0.0702746 0.0566629 0.1162156 0.1225392 0.0850049 0.0000000 0.1283758 0.0667054 
Dasyuridae_Phascogale_tapoatafa              0.1181452 0.1152856 0.1005330 0.1270188 0.1262973 0.0230635 0.1134553 0.1110071 0.1417937 0.1067277 0.0376180 0.1148556 0.1112517 0.0079971 0.0198191 0.0369397 0.1293296 0.1143157 0.1589992 0.1318614 0.0078140 0.1211242 0.1002842 0.1102562 0.1154434 0.1060310 0.1307457 0.1188914 0.1143859 0.1404797 0.0203797 0.1216628 0.1283758 0.0000000 0.1126173 
Pseudochiridae_Pseudochirulus_forbesi        0.0490009 0.0765332 0.0733851 0.0662034 0.0647385 0.1103941 0.0519612 0.0491947 0.1161599 0.0525268 0.1042966 0.0478310 0.0466689 0.1037950 0.1070054 0.0920643 0.1077873 0.0549208 0.1171629 0.0913977 0.0892439 0.0625924 0.0814048 0.0251156 0.0574195 0.0136758 0.0585061 0.0544951 0.0479553 0.1090473 0.1110292 0.0717648 0.0667054 0.1126173 0.0000000 
