35
Burramyidae_Burramys_parvus                  0.0000000 0.1160915 0.0763346 0.1016118 0.1007789 0.1141368 0.0584072 0.0553541 0.0956605 0.1235764 0.0632775 0.1311533 0.1160704 0.0619145 0.0756148 0.1312187 0.1368442 0.1393444 0.1192639 0.0937946 0.1002899 0.1477576 0.1515959 0.1316863 0.0822933 0.0869218 0.0805315 0.0965926 0.0900842 0.0978518 0.0723819 0.0635744 0.1146011 0.1333539 0.1224663 
Notoryctidae_Notoryctes_typhlops             0.1160915 0.0000000 0.1109725 0.1406531 0.1381731 0.1131200 0.1009013 0.0910930 0.1329565 0.1332158 0.1086315 0.1371943 0.1165975 0.1061851 0.1152397 0.1373282 0.1459485 0.1415300 0.1352032 0.1309867 0.1495673 0.1649131 0.1665320 0.1330151 0.1253896 0.1021897 0.1265936 0.1284071 0.1459283 0.1472684 0.1195131 0.1071265 0.1335300 0.1392130 0.1340901 
Vombatidae_Lasiorhinus_latifrons             0.0763346 0.1109725 0.0000000 0.1061533 0.1043847 0.1082821 0.0618575 0.0567764 0.1021251 0.1108031 0.0683208 0.1267707 0.1096726 0.0674084 0.0817027 0.1274769 0.1308545 0.1330102 0.1097631 0.1008020 0.1115861 0.1427877 0.1510046 0.1265381 0.0923532 0.0859859 0.0891590 0.1047347 0.1084106 0.1112568 0.0840170 0.0680383 0.1091701 0.1284526 0.1123405 
Potoroidae_Bettongia_penicillata             0.1016118 0.1406531 0.1061533 0.0000000 0.0120798 0.1426445 0.0886076 0.0819202 0.0259897 0.1545509 0.0892595 0.1552662 0.1465401 0.0915534 0.1108005 0.1533245 0.1653713 0.1645745 0.1525783 0.0506650 0.1315041 0.1762176 0.1797535 0.1551409 0.0758468 0.1194512 0.1105300 0.0527843 0.1239760 0.1379063 0.1088106 0.0901816 0.1455127 0.1626879 0.1522420 
Potoroidae_Bettongia_lesueur                 0.1007789 0.1381731 0.1043847 0.0120798 0.0000000 0.1390568 0.0882060 0.0813933 0.0248101 0.1525933 0.0897745 0.1538697 0.1451725 0.0911450 0.1085142 0.1519227 0.1634143 0.1618596 0.1495818 0.0477795 0.1317081 0.1704163 0.1751692 0.1537264 0.0741640 0.1181311 0.1077244 0.0494614 0.1220355 0.1369879 0.1070375 0.0902374 0.1440581 0.1607404 0.1503161 
Dasyuridae_Dasyurus_maculatus                0.1141368 0.1131200 0.1082821 0.1426445 0.1390568 0.0000000 0.0968931 0.1038733 0.1351157 0.1154488 0.1063731 0.0266218 0.0347982 0.1048540 0.1156544 0.0252936 0.0091855 0.0414834 0.1128960 0.1336472 0.1481279 0.1369133 0.1464569 0.0234821 0.1226980 0.0994078 0.1222310 0.1334848 0.1452889 0.1484728 0.1155593 0.1051055 0.1093201 0.0073935 0.1136698 
Phalangeridae_Trichosurus_vulpecula          0.0584072 0.1009013 0.0618575 0.0886076 0.0882060 0.0968931 0.0000000 0.0172300 0.0856796 0.1030408 0.0217763 0.1191770 0.1001149 0.0230880 0.0668438 0.1162740 0.1203860 0.1230077 0.0986048 0.0837763 0.0940014 0.1301395 0.1375530 0.1175063 0.0741717 0.0776084 0.0735798 0.0841534 0.0885666 0.0949347 0.0645764 0.0239415 0.0977215 0.1170832 0.1021414 
Phalangeridae_Spilocuscus_maculatus          0.0553541 0.0910930 0.0567764 0.0819202 0.0813933 0.1038733 0.0172300 0.0000000 0.0770502 0.0901157 0.0119341 0.1059051 0.1083740 0.0114080 0.0574066 0.1034498 0.1051558 0.1130530 0.0856254 0.0772334 0.0874126 0.1150336 0.1178972 0.1022066 0.0668133 0.0789315 0.0616859 0.0756047 0.0821101 0.0877991 0.0570772 0.0104849 0.0855759 0.1013523 0.0896078 
Potoroidae_Aepyprymnus_rufescens             0.0956605 0.1329565 0.1021251 0.0259897 0.0248101 0.1351157 0.0856796 0.0770502 0.0000000 0.1462949 0.0885754 0.1509862 0.1400105 0.0885721 0.1073876 0.1490324 0.1572479 0.1624120 0.1455246 0.0437739 0.1281423 0.1635086 0.1734758 0.1521078 0.0694479 0.1117692 0.1052558 0.0446192 0.1209699 0.1295659 0.1057865 0.0863917 0.1416615 0.1556672 0.1457267 
Peramelidae_Perameles_nasuta                 0.1235764 0.1332158 0.1108031 0.1545509 0.1525933 0.1154488 0.1030408 0.0901157 0.1462949 0.0000000 0.1077230 0.1431505 0.1198461 0.1063494 0.1224873 0.1426112 0.1428081 0.1494193 0.0302920 0.1411971 0.1552734 0.1579325 0.1628204 0.1435014 0.1328823 0.1106259 0.1299347 0.1454127 0.1474013 0.1556555 0.1222510 0.1086486 0.0260117 0.1405683 0.0029276 
Phalangeridae_Strigocuscus_pelengensis       0.0632775 0.1086315 0.0683208 0.0892595 0.0897745 0.1063731 0.0217763 0.0119341 0.0885754 0.1077230 0.0000000 0.1235708 0.1091531 0.0142697 0.0702415 0.1211233 0.1254523 0.1299936 0.1055314 0.0838556 0.0970284 0.1327867 0.1393814 0.1217749 0.0786346 0.0836153 0.0761753 0.0848041 0.0904026 0.0923215 0.0693556 0.0148598 0.1035275 0.1220643 0.1073196 
Dasyuridae_Phascogale_tapoatafa              0.1311533 0.1371943 0.1267707 0.1552662 0.1538697 0.0266218 0.1191770 0.1059051 0.1509862 0.1431505 0.1235708 0.0000000 0.0397221 0.1237024 0.1385683 0.0050887 0.0306838 0.0435244 0.1423288 0.1488943 0.1664254 0.1649268 0.1812946 0.0163366 0.1436333 0.1177504 0.1393881 0.1460626 0.1619192 0.1615526 0.1402012 0.1247988 0.1364751 0.0282730 0.1420982 
Dasyuridae_Sminthopsis_macroura              0.1160704 0.1165975 0.1096726 0.1465401 0.1451725 0.0347982 0.1001149 0.1083740 0.1400105 0.1198461 0.1091531 0.0397221 0.0000000 0.1081751 0.1136806 0.0383770 0.0377692 0.0285646 0.1140551 0.1382839 0.1464144 0.1450599 0.1546053 0.0360129 0.1228759 0.1005458 0.1227657 0.1366401 0.1419911 0.1508129 0.1141214 0.1083149 0.1098300 0.0337940 0.1185859 
Phalangeridae_Phalanger_orientalis           0.0619145 0.1061851 0.0674084 0.0915534 0.0911450 0.1048540 0.0230880 0.0114080 0.0885721 0.1063494 0.0142697 0.1237024 0.1081751 0.0000000 0.0704853 0.1217088 0.1256810 0.1319827 0.1050881 0.0846324 0.0999002 0.1277464 0.1364977 0.1214508 0.0762064 0.0820376 0.0770905 0.0842062 0.0938182 0.0926980 0.0715443 0.0073744 0.1031481 0.1227636 0.1073877 
Acrobatidae_Acrobates_pygmaeus               0.0756148 0.1152397 0.0817027 0.1108005 0.1085142 0.1156544 0.0668438 0.0574066 0.1073876 0.1224873 0.0702415 0.1385683 0.1136806 0.0704853 0.0000000 0.1371129 0.1425605 0.1398892 0.1159450 0.1019810 0.0970343 0.1422381 0.1515603 0.1348105 0.0846925 0.0929223 0.0761148 0.1018056 0.0930483 0.0946829 0.0414501 0.0705519 0.1170667 0.1385003 0.1207408 
Dasyuridae_Phascogale_calura                 0.1312187 0.1373282 0.1274769 0.1533245 0.1519227 0.0252936 0.1162740 0.1034498 0.1490324 0.1426112 0.1211233 0.0050887 0.0383770 0.1217088 0.1371129 0.0000000 0.0300073 0.0431752 0.1419983 0.1468204 0.1648972 0.1646661 0.1795340 0.0156300 0.1405510 0.1167441 0.1394586 0.1429412 0.1595061 0.1590218 0.1388093 0.1228763 0.1359030 0.0275930 0.1418106 
Dasyuridae_Sarcophilus_harrisii              0.1368442 0.1459485 0.1308545 0.1653713 0.1634143 0.0091855 0.1203860 0.1051558 0.1572479 0.1428081 0.1254523 0.0306838 0.0377692 0.1256810 0.1425605 0.0300073 0.0000000 0.0465078 0.1424791 0.1531927 0.1724316 0.1668752 0.1796822 0.0288588 0.1476281 0.1200501 0.1503299 0.1517009 0.1692888 0.1694329 0.1452773 0.1260761 0.1378560 0.0098582 0.1417675 
Dasyuridae_Planigale_tenuirostris            0.1393444 0.1415300 0.1330102 0.1645745 0.1618596 0.0414834 0.1230077 0.1130530 0.1624120 0.1494193 0.1299936 0.0435244 0.0285646 0.1319827 0.1398892 0.0431752 0.0465078 0.0000000 0.1480498 0.1590061 0.1752075 0.1797958 0.1903322 0.0427128 0.1464798 0.1183147 0.1521474 0.1525848 0.1673514 0.1720536 0.1420673 0.1329767 0.1412996 0.0460478 0.1489009 
Peramelidae_Echymipera_kalubu                0.1192639 0.1352032 0.1097631 0.1525783 0.1495818 0.1128960 0.0986048 0.0856254 0.1455246 0.0302920 0.1055314 0.1423288 0.1140551 0.1050881 0.1159450 0.1419983 0.1424791 0.1480498 0.0000000 0.1369120 0.1494916 0.1586255 0.1640625 0.1432896 0.1289818 0.1076656 0.1232947 0.1413380 0.1426030 0.1543674 0.1157815 0.1068772 0.0194028 0.1413077 0.0287053 
Macropodidae_Dorcopsulus_vanheurni           0.0937946 0.1309867 0.1008020 0.0506650 0.0477795 0.1336472 0.0837763 0.0772334 0.0437739 0.1411971 0.0838556 0.1488943 0.1382839 0.0846324 0.1019810 0.1468204 0.1531927 0.1590061 0.1369120 0.0000000 0.1294391 0.1626952 0.1729041 0.1469427 0.0680790 0.1077979 0.1055379 0.0198024 0.1212525 0.1270524 0.1012716 0.0825789 0.1350523 0.1505883 0.1391666 
Pseudochiridae_Pseudochirulus_forbesi        0.1002899 0.1495673 0.1115861 0.1315041 0.1317081 0.1481279 0.0940014 0.0874126 0.1281423 0.1552734 0.0970284 0.1664254 0.1464144 0.0999002 0.0970343 0.1648972 0.1724316 0.1752075 0.1494916 0.1294391 0.0000000 0.1717732 0.1802456 0.1611324 0.1107168 0.1161635 0.0687236 0.1282038 0.0456045 0.1099245 0.1004302 0.1013962 0.1482472 0.1662358 0.1544680 
Didelphidae_Didelphis_virginiana             0.1477576 0.1649131 0.1427877 0.1762176 0.1704163 0.1369133 0.1301395 0.1150336 0.1635086 0.1579325 0.1327867 0.1649268 0.1450599 0.1277464 0.1422381 0.1646661 0.1668752 0.1797958 0.1586255 0.1626952 0.1717732 0.0000000 0.0606897 0.1641920 0.1564449 0.1258610 0.1490032 0.1630114 0.1699778 0.1768003 0.1420688 0.1291630 0.1546479 0.1644285 0.1595168 
Marmosidae_Monodelphis_domestica             0.1515959 0.1665320 0.1510046 0.1797535 0.1751692 0.1464569 0.1375530 0.1178972 0.1734758 0.1628204 0.1393814 0.1812946 0.1546053 0.1364977 0.1515603 0.1795340 0.1796822 0.1903322 0.1640625 0.1729041 0.1802456 0.0606897 0.0000000 0.1792465 0.1634015 0.1364553 0.1532580 0.1709980 0.1754795 0.1862440 0.1494685 0.1412964 0.1600330 0.1766891 0.1636594 
Dasyuridae_Antechinus_stuartii               0.1316863 0.1330151 0.1265381 0.1551409 0.1537264 0.0234821 0.1175063 0.1022066 0.1521078 0.1435014 0.1217749 0.0163366 0.0360129 0.1214508 0.1348105 0.0156300 0.0288588 0.0427128 0.1432896 0.1469427 0.1611324 0.1641920 0.1792465 0.0000000 0.1420018 0.1174987 0.1397060 0.1428948 0.1582382 0.1581041 0.1379303 0.1226951 0.1378754 0.0268390 0.1425769 
Hypsiprymnodontidae_Hypsiprymnodon_moschatus 0.0822933 0.1253896 0.0923532 0.0758468 0.0741640 0.1226980 0.0741717 0.0668133 0.0694479 0.1328823 0.0786346 0.1436333 0.1228759 0.0762064 0.0846925 0.1405510 0.1476281 0.1464798 0.1289818 0.0680790 0.1107168 0.1564449 0.1634015 0.1420018 0.0000000 0.0972770 0.0922982 0.0654262 0.1042564 0.1180640 0.0873601 0.0756166 0.1264265 0.1444642 0.1314616 
Microbiotheriidae_Dromiciops_gliroides       0.0869218 0.1021897 0.0859859 0.1194512 0.1181311 0.0994078 0.0776084 0.0789315 0.1117692 0.1106259 0.0836153 0.1177504 0.1005458 0.0820376 0.0929223 0.1167441 0.1200501 0.1183147 0.1076656 0.1077979 0.1161635 0.1258610 0.1364553 0.1174987 0.0972770 0.0000000 0.0970639 0.1089085 0.1139571 0.1204979 0.0925462 0.0824650 0.1013000 0.1167544 0.1104369 
Pseudochiridae_Petauroides_volans            0.0805315 0.1265936 0.0891590 0.1105300 0.1077244 0.1222310 0.0735798 0.0616859 0.1052558 0.1299347 0.0761753 0.1393881 0.1227657 0.0770905 0.0761148 0.1394586 0.1503299 0.1521474 0.1232947 0.1055379 0.0687236 0.1490032 0.1532580 0.1397060 0.0922982 0.0970639 0.0000000 0.1037032 0.0573009 0.0851904 0.0746575 0.0782696 0.1243658 0.1449198 0.1305506 
Macropodidae_Wallabia_bicolor                0.0965926 0.1284071 0.1047347 0.0527843 0.0494614 0.1334848 0.0841534 0.0756047 0.0446192 0.1454127 0.0848041 0.1460626 0.1366401 0.0842062 0.1018056 0.1429412 0.1517009 0.1525848 0.1413380 0.0198024 0.1282038 0.1630114 0.1709980 0.1428948 0.0654262 0.1089085 0.1037032 0.0000000 0.1226422 0.1285223 0.1049679 0.0835258 0.1372511 0.1491182 0.1439526 
Pseudochiridae_Pseudocheirus_occidentalis    0.0900842 0.1459283 0.1084106 0.1239760 0.1220355 0.1452889 0.0885666 0.0821101 0.1209699 0.1474013 0.0904026 0.1619192 0.1419911 0.0938182 0.0930483 0.1595061 0.1692888 0.1673514 0.1426030 0.1212525 0.0456045 0.1699778 0.1754795 0.1582382 0.1042564 0.1139571 0.0573009 0.1226422 0.0000000 0.0983727 0.0915420 0.0963516 0.1391050 0.1671832 0.1484008 
Tarsipedidae_Tarsipes_rostratus              0.0978518 0.1472684 0.1112568 0.1379063 0.1369879 0.1484728 0.0949347 0.0877991 0.1295659 0.1556555 0.0923215 0.1615526 0.1508129 0.0926980 0.0946829 0.1590218 0.1694329 0.1720536 0.1543674 0.1270524 0.1099245 0.1768003 0.1862440 0.1581041 0.1180640 0.1204979 0.0851904 0.1285223 0.0983727 0.0000000 0.1012042 0.0945284 0.1484246 0.1637918 0.1577296 
Acrobatidae_Distoechurus_pennatus            0.0723819 0.1195131 0.0840170 0.1088106 0.1070375 0.1155593 0.0645764 0.0570772 0.1057865 0.1222510 0.0693556 0.1402012 0.1141214 0.0715443 0.0414501 0.1388093 0.1452773 0.1420673 0.1157815 0.1012716 0.1004302 0.1420688 0.1494685 0.1379303 0.0873601 0.0925462 0.0746575 0.1049679 0.0915420 0.1012042 0.0000000 0.0704981 0.1160963 0.1437493 0.1209190 
Phalangeridae_Phalanger_carmelitae           0.0635744 0.1071265 0.0680383 0.0901816 0.0902374 0.1051055 0.0239415 0.0104849 0.0863917 0.1086486 0.0148598 0.1247988 0.1083149 0.0073744 0.0705519 0.1228763 0.1260761 0.1329767 0.1068772 0.0825789 0.1013962 0.1291630 0.1412964 0.1226951 0.0756166 0.0824650 0.0782696 0.0835258 0.0963516 0.0945284 0.0704981 0.0000000 0.1060226 0.1232363 0.1091423 
Peramelidae_Peroryctes_raffrayana            0.1146011 0.1335300 0.1091701 0.1455127 0.1440581 0.1093201 0.0977215 0.0855759 0.1416615 0.0260117 0.1035275 0.1364751 0.1098300 0.1031481 0.1170667 0.1359030 0.1378560 0.1412996 0.0194028 0.1350523 0.1482472 0.1546479 0.1600330 0.1378754 0.1264265 0.1013000 0.1243658 0.1372511 0.1391050 0.1484246 0.1160963 0.1060226 0.0000000 0.1370595 0.0242411 
Dasyuridae_Dasyurus_geffroii                 0.1333539 0.1392130 0.1284526 0.1626879 0.1607404 0.0073935 0.1170832 0.1013523 0.1556672 0.1405683 0.1220643 0.0282730 0.0337940 0.1227636 0.1385003 0.0275930 0.0098582 0.0460478 0.1413077 0.1505883 0.1662358 0.1644285 0.1766891 0.0268390 0.1444642 0.1167544 0.1449198 0.1491182 0.1671832 0.1637918 0.1437493 0.1232363 0.1370595 0.0000000 0.1395641 
Peramelidae_Perameles_gunnii                 0.1224663 0.1340901 0.1123405 0.1522420 0.1503161 0.1136698 0.1021414 0.0896078 0.1457267 0.0029276 0.1073196 0.1420982 0.1185859 0.1073877 0.1207408 0.1418106 0.1417675 0.1489009 0.0287053 0.1391666 0.1544680 0.1595168 0.1636594 0.1425769 0.1314616 0.1104369 0.1305506 0.1439526 0.1484008 0.1577296 0.1209190 0.1091423 0.0242411 0.1395641 0.0000000 
