35
Burramyidae_Burramys_parvus                  0.0000000 0.0935699 0.0735854 0.0794759 0.0903547 0.0942227 0.0654969 0.0665379 0.0956405 0.1278479 0.0516099 0.1223636 0.0876106 0.0663947 0.0939669 0.1063684 0.1189596 0.1026473 0.0865858 0.0845947 0.1978552 0.1555372 0.1302622 0.0885771 0.0852917 0.0879607 0.0844899 0.0835691 0.1057758 0.0892568 0.0675588 0.1107564 0.1093758 0.1272208 0.1150764 
Notoryctidae_Notoryctes_typhlops             0.0935699 0.0000000 0.0913575 0.1066733 0.1045696 0.1061738 0.0925428 0.0896973 0.1114466 0.1211005 0.0773066 0.1090358 0.0989851 0.0909612 0.1087917 0.0985730 0.1083381 0.0978170 0.1080660 0.1053015 0.1843979 0.1573511 0.1079873 0.1119072 0.0833174 0.0970330 0.1079870 0.0949669 0.1177924 0.1104927 0.0927259 0.1235440 0.1057985 0.1201256 0.1113037 
Vombatidae_Lasiorhinus_latifrons             0.0735854 0.0913575 0.0000000 0.0925409 0.0951536 0.0913835 0.0769608 0.0794362 0.0826544 0.1089779 0.0530938 0.1150635 0.0743629 0.0752392 0.0791271 0.0926008 0.1112385 0.0850140 0.0748468 0.0730640 0.1764366 0.1218934 0.1191358 0.0768140 0.0778133 0.0702949 0.0739531 0.0659786 0.0882274 0.0808996 0.0769394 0.0917127 0.1070666 0.1091256 0.0955709 
Potoroidae_Bettongia_penicillata             0.0794759 0.1066733 0.0925409 0.0000000 0.0063331 0.1127572 0.0774262 0.0758233 0.0280663 0.1383209 0.0664231 0.1158329 0.0971192 0.0845050 0.1050539 0.0957259 0.1122771 0.0915126 0.0363360 0.0891476 0.1754664 0.1350434 0.1186441 0.0633804 0.0857010 0.0808630 0.0339408 0.0822337 0.1151474 0.0894451 0.0837911 0.1310627 0.1121238 0.1376907 0.1221385 
Potoroidae_Bettongia_lesueur                 0.0903547 0.1045696 0.0951536 0.0063331 0.0000000 0.1096917 0.0840394 0.0829142 0.0310713 0.1516577 0.0727487 0.1359258 0.0932520 0.0910116 0.1147589 0.1166200 0.1364649 0.1096912 0.0374525 0.0949614 0.2150464 0.1442829 0.1425976 0.0644147 0.1020827 0.0908422 0.0360601 0.0891363 0.1275555 0.0981910 0.0917099 0.1309620 0.1298309 0.1503780 0.1363829 
Dasyuridae_Dasyurus_maculatus                0.0942227 0.1061738 0.0913835 0.1127572 0.1096917 0.0000000 0.0980617 0.0966638 0.1175119 0.1310350 0.0816099 0.0316922 0.0305671 0.0984149 0.1083221 0.0245426 0.0197333 0.0318802 0.1165120 0.1121669 0.1605523 0.1497232 0.0285771 0.1159986 0.0928627 0.1080460 0.1137666 0.1093133 0.1234732 0.1203957 0.0973447 0.1254279 0.0064354 0.1311154 0.1297521 
Phalangeridae_Trichosurus_vulpecula          0.0654969 0.0925428 0.0769608 0.0774262 0.0840394 0.0980617 0.0000000 0.0226732 0.0870059 0.1319302 0.0216016 0.1187731 0.0863681 0.0291937 0.0957288 0.1064499 0.1227593 0.0954753 0.0820580 0.0826665 0.1917003 0.1477167 0.1246738 0.0824909 0.0879318 0.0809934 0.0816795 0.0746655 0.1070283 0.0861813 0.0314370 0.1172067 0.1168874 0.1318061 0.1248291 
Phalangeridae_Spilocuscus_maculatus          0.0665379 0.0896973 0.0794362 0.0758233 0.0829142 0.0966638 0.0226732 0.0000000 0.0888865 0.1340759 0.0106667 0.1168840 0.0870451 0.0155927 0.0962758 0.1055591 0.1230980 0.0930897 0.0839034 0.0845817 0.1972343 0.1469144 0.1227307 0.0859868 0.0846509 0.0812185 0.0830462 0.0773577 0.1094719 0.0862082 0.0174134 0.1195453 0.1158636 0.1339165 0.1253410 
Potoroidae_Aepyprymnus_rufescens             0.0956405 0.1114466 0.0826544 0.0280663 0.0310713 0.1175119 0.0870059 0.0888865 0.0000000 0.1329542 0.0672363 0.1400404 0.0869617 0.0953944 0.0984054 0.1107119 0.1371886 0.1037148 0.0243012 0.0826783 0.2087006 0.1360844 0.1462537 0.0487683 0.0981759 0.0798152 0.0240399 0.0770155 0.1137379 0.0845417 0.0968119 0.1151324 0.1347928 0.1328959 0.1225232 
Peramelidae_Perameles_nasuta                 0.1278479 0.1211005 0.1089779 0.1383209 0.1516577 0.1310350 0.1319302 0.1340759 0.1329542 0.0000000 0.0897896 0.1487002 0.0962605 0.1356280 0.1043851 0.1219930 0.1522030 0.1170041 0.1293947 0.1259501 0.2254326 0.1777257 0.1529254 0.1243450 0.1099537 0.1240849 0.1254641 0.1225579 0.1364902 0.1281760 0.1373678 0.0318148 0.1515913 0.0029073 0.0178965 
Phalangeridae_Strigocuscus_pelengensis       0.0516099 0.0773066 0.0530938 0.0664231 0.0727487 0.0816099 0.0216016 0.0106667 0.0672363 0.0897896 0.0000000 0.0990735 0.0833206 0.0090149 0.0634266 0.1005666 0.1054776 0.0904072 0.0639554 0.0649644 0.1393762 0.1152294 0.0977132 0.0618483 0.0794795 0.0627023 0.0629709 0.0591758 0.0817754 0.0685317 0.0119251 0.0773564 0.0991859 0.0908747 0.0761426 
Dasyuridae_Phascogale_tapoatafa              0.1223636 0.1090358 0.1150635 0.1158329 0.1359258 0.0316922 0.1187731 0.1168840 0.1400404 0.1487002 0.0990735 0.0000000 0.0319293 0.1190816 0.1193078 0.0062383 0.0524071 0.0459328 0.1348522 0.1316193 0.2200323 0.1750453 0.0262160 0.1364724 0.1040479 0.1304075 0.1327183 0.1290599 0.1465112 0.1374301 0.1185472 0.1271035 0.0334228 0.1519374 0.1468437 
Dasyuridae_Sminthopsis_macroura              0.0876106 0.0989851 0.0743629 0.0971192 0.0932520 0.0305671 0.0863681 0.0870451 0.0869617 0.0962605 0.0833206 0.0319293 0.0000000 0.0901184 0.0904125 0.0314291 0.0285277 0.0313957 0.0867086 0.0909244 0.1110024 0.1140635 0.0327449 0.0876369 0.0876278 0.0909399 0.0884804 0.0882329 0.1004145 0.0981902 0.0911233 0.0992776 0.0315988 0.0975985 0.0865278 
Phalangeridae_Phalanger_orientalis           0.0663947 0.0909612 0.0752392 0.0845050 0.0910116 0.0984149 0.0291937 0.0155927 0.0953944 0.1356280 0.0090149 0.1190816 0.0901184 0.0000000 0.0977897 0.1086717 0.1237890 0.0972998 0.0912730 0.0921148 0.2033912 0.1549427 0.1241084 0.0936497 0.0863207 0.0879116 0.0900007 0.0856439 0.1121370 0.0954382 0.0057324 0.1148651 0.1171545 0.1350862 0.1257256 
Acrobatidae_Acrobates_pygmaeus               0.0939669 0.1087917 0.0791271 0.1050539 0.1147589 0.1083221 0.0957288 0.0962758 0.0984054 0.1043851 0.0634266 0.1193078 0.0904125 0.0977897 0.0000000 0.1026687 0.1306664 0.1035511 0.0921738 0.0830676 0.2041291 0.1608643 0.1275051 0.0955224 0.0866430 0.0852708 0.0920939 0.0790161 0.0996228 0.0638093 0.1002826 0.1002750 0.1246554 0.1070566 0.0967896 
Dasyuridae_Phascogale_calura                 0.1063684 0.0985730 0.0926008 0.0957259 0.1166200 0.0245426 0.1064499 0.1055591 0.1107119 0.1219930 0.1005666 0.0062383 0.0314291 0.1086717 0.1026687 0.0000000 0.0378504 0.0442018 0.1090344 0.1068275 0.1789116 0.1412631 0.0260490 0.1053510 0.1031413 0.1086373 0.1074367 0.1051578 0.1297200 0.1079566 0.1090791 0.0974279 0.0285259 0.1260657 0.1176564 
Dasyuridae_Sarcophilus_harrisii              0.1189596 0.1083381 0.1112385 0.1122771 0.1364649 0.0197333 0.1227593 0.1230980 0.1371886 0.1522030 0.1054776 0.0524071 0.0285277 0.1237890 0.1306664 0.0378504 0.0000000 0.0415922 0.1356579 0.1288268 0.2254327 0.1769817 0.0580866 0.1314799 0.1110346 0.1285790 0.1296478 0.1268125 0.1559640 0.1403354 0.1232103 0.1188727 0.0263485 0.1549841 0.1529177 
Dasyuridae_Planigale_tenuirostris            0.1026473 0.0978170 0.0850140 0.0915126 0.1096912 0.0318802 0.0954753 0.0930897 0.1037148 0.1170041 0.0904072 0.0459328 0.0313957 0.0972998 0.1035511 0.0442018 0.0415922 0.0000000 0.1059395 0.1015068 0.1551489 0.1343860 0.0437883 0.0978953 0.1001960 0.0978377 0.0999831 0.0982540 0.1200072 0.1035447 0.0961648 0.0939759 0.0424141 0.1213918 0.1118555 
Macropodidae_Dorcopsulus_vanheurni           0.0865858 0.1080660 0.0748468 0.0363360 0.0374525 0.1165120 0.0820580 0.0839034 0.0243012 0.1293947 0.0639554 0.1348522 0.0867086 0.0912730 0.0921738 0.1090344 0.1356579 0.1059395 0.0000000 0.0759825 0.2106777 0.1345784 0.1442002 0.0464729 0.0935000 0.0754425 0.0118836 0.0716465 0.1079024 0.0796702 0.0926959 0.1142868 0.1321185 0.1303566 0.1206796 
Pseudochiridae_Pseudochirulus_forbesi        0.0845947 0.1053015 0.0730640 0.0891476 0.0949614 0.1121669 0.0826665 0.0845817 0.0826783 0.1259501 0.0649644 0.1316193 0.0909244 0.0921148 0.0830676 0.1068275 0.1288268 0.1015068 0.0759825 0.0000000 0.2052128 0.1412521 0.1380568 0.0816144 0.0902959 0.0373833 0.0773762 0.0193480 0.0826823 0.0782300 0.0940284 0.1081584 0.1274859 0.1270790 0.1143404 
Didelphidae_Didelphis_virginiana             0.1978552 0.1843979 0.1764366 0.1754664 0.2150464 0.1605523 0.1917003 0.1972343 0.2087006 0.2254326 0.1393762 0.2200323 0.1110024 0.2033912 0.2041291 0.1789116 0.2254327 0.1551489 0.2106777 0.2052128 0.0000000 0.1189043 0.2090427 0.1962769 0.1535715 0.1992925 0.2059439 0.2015646 0.2033542 0.2146376 0.2047047 0.1723243 0.2186172 0.2345144 0.2181738 
Marmosidae_Monodelphis_domestica             0.1555372 0.1573511 0.1218934 0.1350434 0.1442829 0.1497232 0.1477167 0.1469144 0.1360844 0.1777257 0.1152294 0.1750453 0.1140635 0.1549427 0.1608643 0.1412631 0.1769817 0.1343860 0.1345784 0.1412521 0.1189043 0.0000000 0.1721472 0.1346891 0.1188608 0.1370640 0.1315235 0.1365162 0.1611422 0.1491409 0.1577716 0.1526100 0.1714953 0.1760876 0.1633365 
Dasyuridae_Antechinus_stuartii               0.1302622 0.1079873 0.1191358 0.1186441 0.1425976 0.0285771 0.1246738 0.1227307 0.1462537 0.1529254 0.0977132 0.0262160 0.0327449 0.1241084 0.1275051 0.0260490 0.0580866 0.0437883 0.1442002 0.1380568 0.2090427 0.1721472 0.0000000 0.1432629 0.0983345 0.1340927 0.1404738 0.1332888 0.1489965 0.1450392 0.1239600 0.1250923 0.0386814 0.1556120 0.1526873 
Hypsiprymnodontidae_Hypsiprymnodon_moschatus 0.0885771 0.1119072 0.0768140 0.0633804 0.0644147 0.1159986 0.0824909 0.0859868 0.0487683 0.1243450 0.0618483 0.1364724 0.0876369 0.0936497 0.0955224 0.1053510 0.1314799 0.0978953 0.0464729 0.0816144 0.1962769 0.1346891 0.1432629 0.0000000 0.0948093 0.0811729 0.0439062 0.0787379 0.1141821 0.0851615 0.0942764 0.1137757 0.1313995 0.1253031 0.1133704 
Microbiotheriidae_Dromiciops_gliroides       0.0852917 0.0833174 0.0778133 0.0857010 0.1020827 0.0928627 0.0879318 0.0846509 0.0981759 0.1099537 0.0794795 0.1040479 0.0876278 0.0863207 0.0866430 0.1031413 0.1110346 0.1001960 0.0935000 0.0902959 0.1535715 0.1188608 0.0983345 0.0948093 0.0000000 0.0840566 0.0936691 0.0828608 0.1100065 0.0907972 0.0867853 0.0899925 0.1039820 0.1105394 0.0937381 
Pseudochiridae_Petauroides_volans            0.0879607 0.0970330 0.0702949 0.0808630 0.0908422 0.1080460 0.0809934 0.0812185 0.0798152 0.1240849 0.0627023 0.1304075 0.0909399 0.0879116 0.0852708 0.1086373 0.1285790 0.0978377 0.0754425 0.0373833 0.1992925 0.1370640 0.1340927 0.0811729 0.0840566 0.0000000 0.0770591 0.0305629 0.0839764 0.0787625 0.0907159 0.1038042 0.1252524 0.1251089 0.1125419 
Macropodidae_Wallabia_bicolor                0.0844899 0.1079870 0.0739531 0.0339408 0.0360601 0.1137666 0.0816795 0.0830462 0.0240399 0.1254641 0.0629709 0.1327183 0.0884804 0.0900007 0.0920939 0.1074367 0.1296478 0.0999831 0.0118836 0.0773762 0.2059439 0.1315235 0.1404738 0.0439062 0.0936691 0.0770591 0.0000000 0.0724729 0.1061238 0.0781660 0.0914313 0.1143048 0.1280844 0.1268844 0.1173485 
Pseudochiridae_Pseudocheirus_occidentalis    0.0835691 0.0949669 0.0659786 0.0822337 0.0891363 0.1093133 0.0746655 0.0773577 0.0770155 0.1225579 0.0591758 0.1290599 0.0882329 0.0856439 0.0790161 0.1051578 0.1268125 0.0982540 0.0716465 0.0193480 0.2015646 0.1365162 0.1332888 0.0787379 0.0828608 0.0305629 0.0724729 0.0000000 0.0783313 0.0710507 0.0884154 0.1042308 0.1249128 0.1237247 0.1110298 
Tarsipedidae_Tarsipes_rostratus              0.1057758 0.1177924 0.0882274 0.1151474 0.1275555 0.1234732 0.1070283 0.1094719 0.1137379 0.1364902 0.0817754 0.1465112 0.1004145 0.1121370 0.0996228 0.1297200 0.1559640 0.1200072 0.1079024 0.0826823 0.2033542 0.1611422 0.1489965 0.1141821 0.1100065 0.0839764 0.1061238 0.0783313 0.0000000 0.0996440 0.1137690 0.1252605 0.1483421 0.1377441 0.1206159 
Acrobatidae_Distoechurus_pennatus            0.0892568 0.1104927 0.0808996 0.0894451 0.0981910 0.1203957 0.0861813 0.0862082 0.0845417 0.1281760 0.0685317 0.1374301 0.0981902 0.0954382 0.0638093 0.1079566 0.1403354 0.1035447 0.0796702 0.0782300 0.2146376 0.1491409 0.1450392 0.0851615 0.0907972 0.0787625 0.0781660 0.0710507 0.0996440 0.0000000 0.0966304 0.1185267 0.1347798 0.1279856 0.1206030 
Phalangeridae_Phalanger_carmelitae           0.0675588 0.0927259 0.0769394 0.0837911 0.0917099 0.0973447 0.0314370 0.0174134 0.0968119 0.1373678 0.0119251 0.1185472 0.0911233 0.0057324 0.1002826 0.1090791 0.1232103 0.0961648 0.0926959 0.0940284 0.2047047 0.1577716 0.1239600 0.0942764 0.0867853 0.0907159 0.0914313 0.0884154 0.1137690 0.0966304 0.0000000 0.1161025 0.1161108 0.1371655 0.1270336 
Peramelidae_Peroryctes_raffrayana            0.1107564 0.1235440 0.0917127 0.1310627 0.1309620 0.1254279 0.1172067 0.1195453 0.1151324 0.0318148 0.0773564 0.1271035 0.0992776 0.1148651 0.1002750 0.0974279 0.1188727 0.0939759 0.1142868 0.1081584 0.1723243 0.1526100 0.1250923 0.1137757 0.0899925 0.1038042 0.1143048 0.1042308 0.1252605 0.1185267 0.1161025 0.0000000 0.1244461 0.0321520 0.0312986 
Dasyuridae_Dasyurus_geffroii                 0.1093758 0.1057985 0.1070666 0.1121238 0.1298309 0.0064354 0.1168874 0.1158636 0.1347928 0.1515913 0.0991859 0.0334228 0.0315988 0.1171545 0.1246554 0.0285259 0.0263485 0.0424141 0.1321185 0.1274859 0.2186172 0.1714953 0.0386814 0.1313995 0.1039820 0.1252524 0.1280844 0.1249128 0.1483421 0.1347798 0.1161108 0.1244461 0.0000000 0.1534513 0.1524270 
Peramelidae_Perameles_gunnii                 0.1272208 0.1201256 0.1091256 0.1376907 0.1503780 0.1311154 0.1318061 0.1339165 0.1328959 0.0029073 0.0908747 0.1519374 0.0975985 0.1350862 0.1070566 0.1260657 0.1549841 0.1213918 0.1303566 0.1270790 0.2345144 0.1760876 0.1556120 0.1253031 0.1105394 0.1251089 0.1268844 0.1237247 0.1377441 0.1279856 0.1371655 0.0321520 0.1534513 0.0000000 0.0164306 
Peramelidae_Echymipera_kalubu                0.1150764 0.1113037 0.0955709 0.1221385 0.1363829 0.1297521 0.1248291 0.1253410 0.1225232 0.0178965 0.0761426 0.1468437 0.0865278 0.1257256 0.0967896 0.1176564 0.1529177 0.1118555 0.1206796 0.1143404 0.2181738 0.1633365 0.1526873 0.1133704 0.0937381 0.1125419 0.1173485 0.1110298 0.1206159 0.1206030 0.1270336 0.0312986 0.1524270 0.0164306 0.0000000 
