35
Burramyidae_Burramys_parvus                  0.0000000 0.0316192 0.0368222 0.0318907 0.0317712 0.0457030 0.0256324 0.0216310 0.0308126 0.0407244 0.0237272 0.0448777 0.0469067 0.0228960 0.0329912 0.0453416 0.0464894 0.0354996 0.0463024 0.0332679 0.0343240 0.0470288 0.0569970 0.0452417 0.0328493 0.0389902 0.0333579 0.0321015 0.0332920 0.0421629 0.0331155 0.0283945 0.0455635 0.0463389 0.0429889 
Notoryctidae_Notoryctes_typhlops             0.0316192 0.0000000 0.0420851 0.0374038 0.0364353 0.0469016 0.0402054 0.0328324 0.0366696 0.0442926 0.0356679 0.0448117 0.0475107 0.0331507 0.0423930 0.0457407 0.0482167 0.0403662 0.0491255 0.0380591 0.0403845 0.0551975 0.0524914 0.0450149 0.0370390 0.0415594 0.0402720 0.0371026 0.0391257 0.0508995 0.0417567 0.0358998 0.0463413 0.0470575 0.0446465 
Vombatidae_Lasiorhinus_latifrons             0.0368222 0.0420851 0.0000000 0.0317082 0.0310330 0.0444638 0.0444174 0.0337746 0.0319676 0.0533422 0.0271950 0.0440444 0.0434243 0.0351614 0.0310784 0.0443677 0.0467733 0.0364319 0.0442004 0.0308259 0.0333734 0.0663185 0.0519097 0.0451445 0.0301381 0.0341544 0.0321007 0.0302650 0.0320411 0.0424654 0.0309009 0.0268344 0.0424911 0.0461323 0.0532353 
Potoroidae_Bettongia_penicillata             0.0318907 0.0374038 0.0317082 0.0000000 0.0019904 0.0449250 0.0401452 0.0292032 0.0049743 0.0507748 0.0256176 0.0443265 0.0449987 0.0297398 0.0287813 0.0446605 0.0469978 0.0342925 0.0408354 0.0110752 0.0293180 0.0610629 0.0497080 0.0453368 0.0166985 0.0370761 0.0293451 0.0111072 0.0283346 0.0388623 0.0292908 0.0258568 0.0418808 0.0469082 0.0505186 
Potoroidae_Bettongia_lesueur                 0.0317712 0.0364353 0.0310330 0.0019904 0.0000000 0.0451515 0.0397532 0.0287569 0.0046285 0.0504676 0.0252844 0.0445518 0.0448478 0.0292885 0.0282255 0.0448861 0.0469723 0.0342852 0.0407980 0.0109797 0.0290935 0.0610017 0.0493375 0.0455603 0.0163063 0.0365888 0.0286821 0.0106435 0.0280122 0.0387592 0.0288472 0.0252122 0.0418415 0.0471438 0.0502183 
Dasyuridae_Dasyurus_maculatus                0.0457030 0.0469016 0.0444638 0.0449250 0.0451515 0.0000000 0.0545488 0.0430746 0.0458625 0.0597197 0.0374777 0.0092922 0.0138883 0.0446653 0.0422769 0.0093781 0.0036845 0.0127192 0.0499486 0.0455008 0.0435447 0.0709591 0.0589056 0.0094721 0.0453706 0.0408752 0.0428683 0.0453270 0.0424801 0.0529468 0.0442656 0.0390727 0.0485652 0.0025492 0.0593171 
Phalangeridae_Trichosurus_vulpecula          0.0256324 0.0402054 0.0444174 0.0401452 0.0397532 0.0545488 0.0000000 0.0172836 0.0390192 0.0489797 0.0207069 0.0526592 0.0544474 0.0206024 0.0408882 0.0527371 0.0563053 0.0411466 0.0536134 0.0414817 0.0420042 0.0577433 0.0706187 0.0531920 0.0391391 0.0470367 0.0398018 0.0400078 0.0407384 0.0518584 0.0402616 0.0278811 0.0532900 0.0560315 0.0508401 
Phalangeridae_Spilocuscus_maculatus          0.0216310 0.0328324 0.0337746 0.0292032 0.0287569 0.0430746 0.0172836 0.0000000 0.0286952 0.0436612 0.0093055 0.0415652 0.0425976 0.0084832 0.0295278 0.0420088 0.0445976 0.0339740 0.0436395 0.0305565 0.0318133 0.0515360 0.0527128 0.0419152 0.0299312 0.0373334 0.0309831 0.0296166 0.0312503 0.0411935 0.0302547 0.0132481 0.0430399 0.0436158 0.0438067 
Potoroidae_Aepyprymnus_rufescens             0.0308126 0.0366696 0.0319676 0.0049743 0.0046285 0.0458625 0.0390192 0.0286952 0.0000000 0.0484504 0.0253277 0.0449108 0.0451794 0.0292238 0.0297049 0.0453719 0.0470520 0.0343350 0.0397909 0.0110851 0.0299089 0.0606316 0.0504525 0.0454209 0.0169257 0.0365028 0.0294783 0.0110219 0.0289220 0.0381943 0.0289867 0.0256770 0.0412248 0.0475874 0.0490808 
Peramelidae_Perameles_nasuta                 0.0407244 0.0442926 0.0533422 0.0507748 0.0504676 0.0597197 0.0489797 0.0436612 0.0484504 0.0000000 0.0429153 0.0565561 0.0587729 0.0463723 0.0545261 0.0576465 0.0602318 0.0448281 0.0142077 0.0499485 0.0539985 0.0601253 0.0686293 0.0575012 0.0516019 0.0547293 0.0524443 0.0498260 0.0534303 0.0622532 0.0546688 0.0500726 0.0134513 0.0602011 0.0019985 
Phalangeridae_Strigocuscus_pelengensis       0.0237272 0.0356679 0.0271950 0.0256176 0.0252844 0.0374777 0.0207069 0.0093055 0.0253277 0.0429153 0.0000000 0.0356365 0.0359127 0.0121612 0.0234155 0.0356082 0.0384037 0.0341050 0.0402776 0.0259159 0.0261772 0.0516826 0.0460568 0.0355243 0.0256955 0.0308483 0.0252425 0.0252649 0.0262647 0.0354095 0.0246264 0.0093965 0.0399580 0.0381904 0.0426976 
Dasyuridae_Phascogale_tapoatafa              0.0448777 0.0448117 0.0440444 0.0443265 0.0445518 0.0092922 0.0526592 0.0415652 0.0449108 0.0565561 0.0356365 0.0000000 0.0132991 0.0431166 0.0414811 0.0019071 0.0108169 0.0127160 0.0471852 0.0440547 0.0428729 0.0705888 0.0583912 0.0052284 0.0436718 0.0400691 0.0418085 0.0436140 0.0425388 0.0530381 0.0438390 0.0378641 0.0465784 0.0103042 0.0562921 
Dasyuridae_Sminthopsis_macroura              0.0469067 0.0475107 0.0434243 0.0449987 0.0448478 0.0138883 0.0544474 0.0425976 0.0451794 0.0587729 0.0359127 0.0132991 0.0000000 0.0440230 0.0416789 0.0135693 0.0146249 0.0085604 0.0501258 0.0446073 0.0426747 0.0703719 0.0610450 0.0131097 0.0440803 0.0407717 0.0419740 0.0441507 0.0411263 0.0524666 0.0437975 0.0382750 0.0475306 0.0149085 0.0583717 
Phalangeridae_Phalanger_orientalis           0.0228960 0.0331507 0.0351614 0.0297398 0.0292885 0.0446653 0.0206024 0.0084832 0.0292238 0.0463723 0.0121612 0.0431166 0.0440230 0.0000000 0.0311912 0.0435670 0.0462153 0.0359471 0.0450947 0.0312035 0.0337521 0.0534508 0.0563876 0.0433337 0.0303399 0.0389232 0.0323834 0.0301645 0.0332962 0.0437524 0.0319286 0.0115323 0.0444104 0.0461192 0.0462788 
Acrobatidae_Acrobates_pygmaeus               0.0329912 0.0423930 0.0310784 0.0287813 0.0282255 0.0422769 0.0408882 0.0295278 0.0297049 0.0545261 0.0234155 0.0414811 0.0416789 0.0311912 0.0000000 0.0415692 0.0442077 0.0356062 0.0443195 0.0286300 0.0225496 0.0636382 0.0492233 0.0412352 0.0271373 0.0324764 0.0217578 0.0273784 0.0218311 0.0329160 0.0127935 0.0219802 0.0429606 0.0434403 0.0544549 
Dasyuridae_Phascogale_calura                 0.0453416 0.0457407 0.0443677 0.0446605 0.0448861 0.0093781 0.0527371 0.0420088 0.0453719 0.0576465 0.0356082 0.0019071 0.0135693 0.0435670 0.0415692 0.0000000 0.0108990 0.0127062 0.0478211 0.0446570 0.0429740 0.0713933 0.0586129 0.0053112 0.0442545 0.0401647 0.0425072 0.0444314 0.0426457 0.0531092 0.0443053 0.0382955 0.0470778 0.0106837 0.0573807 
Dasyuridae_Sarcophilus_harrisii              0.0464894 0.0482167 0.0467733 0.0469978 0.0469723 0.0036845 0.0563053 0.0445976 0.0470520 0.0602318 0.0384037 0.0108169 0.0146249 0.0462153 0.0442077 0.0108990 0.0000000 0.0132979 0.0509023 0.0469579 0.0457138 0.0714398 0.0598973 0.0104486 0.0470614 0.0422945 0.0444040 0.0470089 0.0440056 0.0535671 0.0454579 0.0404321 0.0500258 0.0041610 0.0599865 
Dasyuridae_Planigale_tenuirostris            0.0354996 0.0403662 0.0364319 0.0342925 0.0342852 0.0127192 0.0411466 0.0339740 0.0343350 0.0448281 0.0341050 0.0127160 0.0085604 0.0359471 0.0356062 0.0127062 0.0132979 0.0000000 0.0420259 0.0350743 0.0365667 0.0540074 0.0472260 0.0115584 0.0359621 0.0348715 0.0359940 0.0347321 0.0361135 0.0424175 0.0379925 0.0323910 0.0410762 0.0131514 0.0448755 
Peramelidae_Echymipera_kalubu                0.0463024 0.0491255 0.0442004 0.0408354 0.0407980 0.0499486 0.0536134 0.0436395 0.0397909 0.0142077 0.0402776 0.0471852 0.0501258 0.0450947 0.0443195 0.0478211 0.0509023 0.0420259 0.0000000 0.0405874 0.0437569 0.0680906 0.0574409 0.0489767 0.0419188 0.0445783 0.0420313 0.0401529 0.0436123 0.0530954 0.0446020 0.0384580 0.0082469 0.0505836 0.0138328 
Macropodidae_Dorcopsulus_vanheurni           0.0332679 0.0380591 0.0308259 0.0110752 0.0109797 0.0455008 0.0414817 0.0305565 0.0110851 0.0499485 0.0259159 0.0440547 0.0446073 0.0312035 0.0286300 0.0446570 0.0469579 0.0350743 0.0405874 0.0000000 0.0298535 0.0617399 0.0484181 0.0446998 0.0152312 0.0353741 0.0290911 0.0049158 0.0281194 0.0417438 0.0284950 0.0246353 0.0405189 0.0469950 0.0497008 
Pseudochiridae_Pseudochirulus_forbesi        0.0343240 0.0403845 0.0333734 0.0293180 0.0290935 0.0435447 0.0420042 0.0318133 0.0299089 0.0539985 0.0261772 0.0428729 0.0426747 0.0337521 0.0225496 0.0429740 0.0457138 0.0365667 0.0437569 0.0298535 0.0000000 0.0626239 0.0490079 0.0427238 0.0303036 0.0324485 0.0137801 0.0285243 0.0078598 0.0321920 0.0227333 0.0245848 0.0416925 0.0453153 0.0540248 
Didelphidae_Didelphis_virginiana             0.0470288 0.0551975 0.0663185 0.0610629 0.0610017 0.0709591 0.0577433 0.0515360 0.0606316 0.0601253 0.0516826 0.0705888 0.0703719 0.0534508 0.0636382 0.0713933 0.0714398 0.0540074 0.0680906 0.0617399 0.0626239 0.0000000 0.0313960 0.0719072 0.0618135 0.0593979 0.0637580 0.0610557 0.0603037 0.0707359 0.0615560 0.0592506 0.0670608 0.0712679 0.0639891 
Marmosidae_Monodelphis_domestica             0.0569970 0.0524914 0.0519097 0.0497080 0.0493375 0.0589056 0.0706187 0.0527128 0.0504525 0.0686293 0.0460568 0.0583912 0.0610450 0.0563876 0.0492233 0.0586129 0.0598973 0.0472260 0.0574409 0.0484181 0.0490079 0.0313960 0.0000000 0.0601191 0.0480197 0.0455602 0.0512744 0.0470960 0.0484514 0.0611720 0.0474382 0.0461703 0.0556652 0.0617299 0.0682011 
Dasyuridae_Antechinus_stuartii               0.0452417 0.0450149 0.0451445 0.0453368 0.0455603 0.0094721 0.0531920 0.0419152 0.0454209 0.0575012 0.0355243 0.0052284 0.0131097 0.0433337 0.0412352 0.0053112 0.0104486 0.0115584 0.0489767 0.0446998 0.0427238 0.0719072 0.0601191 0.0000000 0.0440282 0.0407895 0.0410293 0.0443653 0.0420204 0.0515270 0.0438336 0.0381899 0.0477106 0.0103031 0.0571058 
Hypsiprymnodontidae_Hypsiprymnodon_moschatus 0.0328493 0.0370390 0.0301381 0.0166985 0.0163063 0.0453706 0.0391391 0.0299312 0.0169257 0.0516019 0.0256955 0.0436718 0.0440803 0.0303399 0.0271373 0.0442545 0.0470614 0.0359621 0.0419188 0.0152312 0.0303036 0.0618135 0.0480197 0.0440282 0.0000000 0.0344160 0.0288210 0.0147834 0.0293171 0.0419900 0.0283023 0.0234131 0.0414556 0.0468726 0.0514948 
Microbiotheriidae_Dromiciops_gliroides       0.0389902 0.0415594 0.0341544 0.0370761 0.0365888 0.0408752 0.0470367 0.0373334 0.0365028 0.0547293 0.0308483 0.0400691 0.0407717 0.0389232 0.0324764 0.0401647 0.0422945 0.0348715 0.0445783 0.0353741 0.0324485 0.0593979 0.0455602 0.0407895 0.0344160 0.0000000 0.0339527 0.0347199 0.0331830 0.0428904 0.0319557 0.0296568 0.0437189 0.0432172 0.0546558 
Pseudochiridae_Petauroides_volans            0.0333579 0.0402720 0.0321007 0.0293451 0.0286821 0.0428683 0.0398018 0.0309831 0.0294783 0.0524443 0.0252425 0.0418085 0.0419740 0.0323834 0.0217578 0.0425072 0.0444040 0.0359940 0.0420313 0.0290911 0.0137801 0.0637580 0.0512744 0.0410293 0.0288210 0.0339527 0.0000000 0.0279420 0.0126654 0.0312794 0.0230772 0.0236868 0.0417970 0.0443053 0.0527364 
Macropodidae_Wallabia_bicolor                0.0321015 0.0371026 0.0302650 0.0111072 0.0106435 0.0453270 0.0400078 0.0296166 0.0110219 0.0498260 0.0252649 0.0436140 0.0441507 0.0301645 0.0273784 0.0444314 0.0470089 0.0347321 0.0401529 0.0049158 0.0285243 0.0610557 0.0470960 0.0443653 0.0147834 0.0347199 0.0279420 0.0000000 0.0269132 0.0407684 0.0277046 0.0241835 0.0403439 0.0469497 0.0496253 
Pseudochiridae_Pseudocheirus_occidentalis    0.0332920 0.0391257 0.0320411 0.0283346 0.0280122 0.0424801 0.0407384 0.0312503 0.0289220 0.0534303 0.0262647 0.0425388 0.0411263 0.0332962 0.0218311 0.0426457 0.0440056 0.0361135 0.0436123 0.0281194 0.0078598 0.0603037 0.0484514 0.0420204 0.0293171 0.0331830 0.0126654 0.0269132 0.0000000 0.0308777 0.0218162 0.0241675 0.0425686 0.0436418 0.0531937 
Tarsipedidae_Tarsipes_rostratus              0.0421629 0.0508995 0.0424654 0.0388623 0.0387592 0.0529468 0.0518584 0.0411935 0.0381943 0.0622532 0.0354095 0.0530381 0.0524666 0.0437524 0.0329160 0.0531092 0.0535671 0.0424175 0.0530954 0.0417438 0.0321920 0.0707359 0.0611720 0.0515270 0.0419900 0.0428904 0.0312794 0.0407684 0.0308777 0.0000000 0.0340260 0.0369028 0.0512412 0.0540896 0.0618441 
Acrobatidae_Distoechurus_pennatus            0.0331155 0.0417567 0.0309009 0.0292908 0.0288472 0.0442656 0.0402616 0.0302547 0.0289867 0.0546688 0.0246264 0.0438390 0.0437975 0.0319286 0.0127935 0.0443053 0.0454579 0.0379925 0.0446020 0.0284950 0.0227333 0.0615560 0.0474382 0.0438336 0.0283023 0.0319557 0.0230772 0.0277046 0.0218162 0.0340260 0.0000000 0.0227926 0.0432869 0.0454645 0.0542756 
Phalangeridae_Phalanger_carmelitae           0.0283945 0.0358998 0.0268344 0.0258568 0.0252122 0.0390727 0.0278811 0.0132481 0.0256770 0.0500726 0.0093965 0.0378641 0.0382750 0.0115323 0.0219802 0.0382955 0.0404321 0.0323910 0.0384580 0.0246353 0.0245848 0.0592506 0.0461703 0.0381899 0.0234131 0.0296568 0.0236868 0.0241835 0.0241675 0.0369028 0.0227926 0.0000000 0.0383833 0.0401244 0.0500868 
Peramelidae_Peroryctes_raffrayana            0.0455635 0.0463413 0.0424911 0.0418808 0.0418415 0.0485652 0.0532900 0.0430399 0.0412248 0.0134513 0.0399580 0.0465784 0.0475306 0.0444104 0.0429606 0.0470778 0.0500258 0.0410762 0.0082469 0.0405189 0.0416925 0.0670608 0.0556652 0.0477106 0.0414556 0.0437189 0.0417970 0.0403439 0.0425686 0.0512412 0.0432869 0.0383833 0.0000000 0.0500935 0.0128861 
Dasyuridae_Dasyurus_geffroii                 0.0463389 0.0470575 0.0461323 0.0469082 0.0471438 0.0025492 0.0560315 0.0436158 0.0475874 0.0602011 0.0381904 0.0103042 0.0149085 0.0461192 0.0434403 0.0106837 0.0041610 0.0131514 0.0505836 0.0469950 0.0453153 0.0712679 0.0617299 0.0103031 0.0468726 0.0432172 0.0443053 0.0469497 0.0436418 0.0540896 0.0454645 0.0401244 0.0500935 0.0000000 0.0604746 
Peramelidae_Perameles_gunnii                 0.0429889 0.0446465 0.0532353 0.0505186 0.0502183 0.0593171 0.0508401 0.0438067 0.0490808 0.0019985 0.0426976 0.0562921 0.0583717 0.0462788 0.0544549 0.0573807 0.0599865 0.0448755 0.0138328 0.0497008 0.0540248 0.0639891 0.0682011 0.0571058 0.0514948 0.0546558 0.0527364 0.0496253 0.0531937 0.0618441 0.0542756 0.0500868 0.0128861 0.0604746 0.0000000 
