35
Burramyidae_Burramys_parvus                  0.0000000 0.0627342 0.0412426 0.0394151 0.0387892 0.0573298 0.0386912 0.0421717 0.0409290 0.0713657 0.0436793 0.0610180 0.0595146 0.0435783 0.0392994 0.0597546 0.0595104 0.0600054 0.0629490 0.0504800 0.0423966 0.0706086 0.0719664 0.0582179 0.0436427 0.0491163 0.0389356 0.0421333 0.0402020 0.0622401 0.0412052 0.0426150 0.0829198 0.0587231 0.0908100 
Notoryctidae_Notoryctes_typhlops             0.0627342 0.0000000 0.0619072 0.0663808 0.0661797 0.0740771 0.0641007 0.0707307 0.0685465 0.0892883 0.0699521 0.0780914 0.0792063 0.0696193 0.0651476 0.0789892 0.0769223 0.0748939 0.0768893 0.0771000 0.0678809 0.0808748 0.0835595 0.0769702 0.0681977 0.0631601 0.0665830 0.0692328 0.0677726 0.0884107 0.0656947 0.0678689 0.0944920 0.0756543 0.1089812 
Vombatidae_Lasiorhinus_latifrons             0.0412426 0.0619072 0.0000000 0.0435279 0.0438046 0.0562885 0.0410744 0.0465963 0.0454879 0.0733164 0.0452610 0.0587652 0.0587045 0.0456988 0.0451907 0.0578484 0.0574129 0.0558763 0.0633279 0.0536995 0.0469057 0.0684381 0.0731278 0.0567679 0.0456418 0.0460544 0.0459906 0.0468988 0.0472030 0.0656727 0.0496559 0.0451267 0.0840733 0.0567982 0.0943799 
Potoroidae_Bettongia_penicillata             0.0394151 0.0663808 0.0435279 0.0000000 0.0032486 0.0605263 0.0419537 0.0490141 0.0091752 0.0793406 0.0490604 0.0645690 0.0643651 0.0491254 0.0434309 0.0639562 0.0617786 0.0608813 0.0701501 0.0259374 0.0471562 0.0747796 0.0775113 0.0624660 0.0327638 0.0520164 0.0457495 0.0177830 0.0474244 0.0677662 0.0498773 0.0487994 0.0953608 0.0611304 0.1005714 
Potoroidae_Bettongia_lesueur                 0.0387892 0.0661797 0.0438046 0.0032486 0.0000000 0.0605176 0.0416875 0.0483409 0.0079217 0.0776027 0.0489276 0.0646162 0.0647879 0.0484504 0.0435120 0.0640044 0.0619263 0.0606906 0.0692969 0.0245170 0.0470323 0.0749171 0.0778471 0.0625148 0.0326435 0.0522428 0.0463769 0.0161354 0.0472556 0.0667219 0.0493878 0.0477596 0.0938735 0.0611201 0.0986299 
Dasyuridae_Dasyurus_maculatus                0.0573298 0.0740771 0.0562885 0.0605263 0.0605176 0.0000000 0.0599421 0.0670839 0.0635604 0.0866163 0.0655848 0.0193677 0.0230401 0.0668934 0.0604754 0.0198172 0.0072573 0.0212254 0.0758467 0.0711773 0.0645234 0.0817113 0.0841268 0.0187126 0.0639846 0.0576192 0.0652343 0.0630378 0.0653146 0.0823478 0.0637253 0.0649146 0.1018520 0.0049661 0.1093023 
Phalangeridae_Trichosurus_vulpecula          0.0386912 0.0641007 0.0410744 0.0419537 0.0416875 0.0599421 0.0000000 0.0184416 0.0450864 0.0772880 0.0186928 0.0637468 0.0619276 0.0195940 0.0425560 0.0627741 0.0610076 0.0587880 0.0689005 0.0534501 0.0454805 0.0725037 0.0790070 0.0597556 0.0471793 0.0493267 0.0440583 0.0455692 0.0437086 0.0678728 0.0473587 0.0188766 0.0841486 0.0598239 0.0989055 
Phalangeridae_Spilocuscus_maculatus          0.0421717 0.0707307 0.0465963 0.0490141 0.0483409 0.0670839 0.0184416 0.0000000 0.0502537 0.0845583 0.0106071 0.0690360 0.0683776 0.0117922 0.0474460 0.0683071 0.0679434 0.0653988 0.0758204 0.0589154 0.0499337 0.0779222 0.0838385 0.0657154 0.0535169 0.0521219 0.0481075 0.0508667 0.0489135 0.0702840 0.0517647 0.0116220 0.1005586 0.0667700 0.1067281 
Potoroidae_Aepyprymnus_rufescens             0.0409290 0.0685465 0.0454879 0.0091752 0.0079217 0.0635604 0.0450864 0.0502537 0.0000000 0.0817482 0.0499275 0.0673111 0.0678993 0.0499848 0.0460812 0.0667371 0.0649907 0.0648066 0.0718388 0.0266216 0.0507821 0.0768412 0.0795680 0.0649396 0.0357286 0.0545828 0.0496397 0.0189302 0.0493847 0.0694303 0.0520118 0.0492838 0.0954732 0.0641720 0.1026864 
Peramelidae_Perameles_nasuta                 0.0713657 0.0892883 0.0733164 0.0793406 0.0776027 0.0866163 0.0772880 0.0845583 0.0817482 0.0000000 0.0841029 0.0911215 0.0871457 0.0843874 0.0772220 0.0895648 0.0877210 0.0869977 0.0247250 0.0901615 0.0800144 0.1018384 0.1044991 0.0864231 0.0832132 0.0755821 0.0782994 0.0814939 0.0787133 0.1001793 0.0821779 0.0841263 0.0349695 0.0872063 0.0185642 
Phalangeridae_Strigocuscus_pelengensis       0.0436793 0.0699521 0.0452610 0.0490604 0.0489276 0.0655848 0.0186928 0.0106071 0.0499275 0.0841029 0.0000000 0.0683545 0.0667035 0.0092979 0.0469734 0.0680554 0.0664423 0.0643428 0.0748866 0.0581977 0.0497693 0.0753807 0.0830879 0.0656125 0.0524471 0.0509964 0.0483524 0.0509292 0.0484136 0.0718852 0.0527990 0.0087979 0.0988177 0.0653034 0.1074413 
Dasyuridae_Phascogale_tapoatafa              0.0610180 0.0780914 0.0587652 0.0645690 0.0646162 0.0193677 0.0637468 0.0690360 0.0673111 0.0911215 0.0683545 0.0000000 0.0221989 0.0682879 0.0650989 0.0031245 0.0184996 0.0212363 0.0804598 0.0736360 0.0689076 0.0844747 0.0869579 0.0100564 0.0683672 0.0608007 0.0677844 0.0673589 0.0698598 0.0853714 0.0673955 0.0671573 0.1070174 0.0183667 0.1141788 
Dasyuridae_Sminthopsis_macroura              0.0595146 0.0792063 0.0587045 0.0643651 0.0647879 0.0230401 0.0619276 0.0683776 0.0678993 0.0871457 0.0667035 0.0221989 0.0000000 0.0673918 0.0627688 0.0216554 0.0224912 0.0182824 0.0797759 0.0745081 0.0676550 0.0842959 0.0899021 0.0210378 0.0679164 0.0619608 0.0653755 0.0661888 0.0677609 0.0866518 0.0674647 0.0657931 0.1081837 0.0215339 0.1101404 
Phalangeridae_Phalanger_orientalis           0.0435783 0.0696193 0.0456988 0.0491254 0.0484504 0.0668934 0.0195940 0.0117922 0.0499848 0.0843874 0.0092979 0.0682879 0.0673918 0.0000000 0.0473026 0.0679386 0.0669420 0.0647233 0.0763151 0.0599134 0.0500650 0.0769331 0.0838378 0.0661516 0.0510960 0.0515685 0.0490280 0.0522233 0.0501752 0.0715507 0.0527340 0.0028629 0.1011965 0.0670005 0.1073182 
Acrobatidae_Acrobates_pygmaeus               0.0392994 0.0651476 0.0451907 0.0434309 0.0435120 0.0604754 0.0425560 0.0474460 0.0460812 0.0772220 0.0469734 0.0650989 0.0627688 0.0473026 0.0000000 0.0639766 0.0618959 0.0602346 0.0672598 0.0553605 0.0351517 0.0709618 0.0759288 0.0620326 0.0436856 0.0523179 0.0353658 0.0480401 0.0345652 0.0557666 0.0230053 0.0461192 0.0872380 0.0612784 0.0975880 
Dasyuridae_Phascogale_calura                 0.0597546 0.0789892 0.0578484 0.0639562 0.0640044 0.0198172 0.0627741 0.0683071 0.0667371 0.0895648 0.0680554 0.0031245 0.0216554 0.0679386 0.0639766 0.0000000 0.0186203 0.0211960 0.0794357 0.0736692 0.0683383 0.0839053 0.0859513 0.0094140 0.0685788 0.0609031 0.0676137 0.0674126 0.0692682 0.0843176 0.0670852 0.0668116 0.1062469 0.0184878 0.1124899 
Dasyuridae_Sarcophilus_harrisii              0.0595104 0.0769223 0.0574129 0.0617786 0.0619263 0.0072573 0.0610076 0.0679434 0.0649907 0.0877210 0.0664423 0.0184996 0.0224912 0.0669420 0.0618959 0.0186203 0.0000000 0.0208699 0.0781197 0.0713759 0.0663189 0.0822227 0.0838528 0.0183304 0.0652541 0.0592513 0.0670725 0.0642984 0.0672090 0.0840858 0.0650538 0.0649604 0.1038997 0.0063305 0.1105484 
Dasyuridae_Planigale_tenuirostris            0.0600054 0.0748939 0.0558763 0.0608813 0.0606906 0.0212254 0.0587880 0.0653988 0.0648066 0.0869977 0.0643428 0.0212363 0.0182824 0.0647233 0.0602346 0.0211960 0.0208699 0.0000000 0.0775010 0.0719081 0.0634261 0.0849584 0.0866669 0.0185288 0.0651560 0.0600022 0.0645003 0.0641540 0.0645912 0.0848527 0.0649589 0.0629590 0.1057461 0.0205418 0.1105068 
Peramelidae_Echymipera_kalubu                0.0629490 0.0768893 0.0633279 0.0701501 0.0692969 0.0758467 0.0689005 0.0758204 0.0718388 0.0247250 0.0748866 0.0804598 0.0797759 0.0763151 0.0672598 0.0794357 0.0781197 0.0775010 0.0000000 0.0796799 0.0701125 0.0912763 0.0941660 0.0759695 0.0732296 0.0672459 0.0689547 0.0717346 0.0681573 0.0887336 0.0706281 0.0750241 0.0140965 0.0770627 0.0396413 
Macropodidae_Dorcopsulus_vanheurni           0.0504800 0.0771000 0.0536995 0.0259374 0.0245170 0.0711773 0.0534501 0.0589154 0.0266216 0.0901615 0.0581977 0.0736360 0.0745081 0.0599134 0.0553605 0.0736692 0.0713759 0.0719081 0.0796799 0.0000000 0.0592197 0.0867016 0.0896375 0.0726944 0.0435355 0.0627327 0.0571980 0.0124935 0.0586794 0.0767834 0.0595316 0.0582992 0.1044890 0.0712439 0.1118861 
Pseudochiridae_Pseudochirulus_forbesi        0.0423966 0.0678809 0.0469057 0.0471562 0.0470323 0.0645234 0.0454805 0.0499337 0.0507821 0.0800144 0.0497693 0.0689076 0.0676550 0.0500650 0.0351517 0.0683383 0.0663189 0.0634261 0.0701125 0.0592197 0.0000000 0.0767656 0.0805936 0.0654041 0.0469376 0.0531932 0.0228409 0.0505895 0.0119015 0.0529195 0.0403913 0.0489709 0.0902660 0.0657977 0.1024260 
Didelphidae_Didelphis_virginiana             0.0706086 0.0808748 0.0684381 0.0747796 0.0749171 0.0817113 0.0725037 0.0779222 0.0768412 0.1018384 0.0753807 0.0844747 0.0842959 0.0769331 0.0709618 0.0839053 0.0822227 0.0849584 0.0912763 0.0867016 0.0767656 0.0000000 0.0356738 0.0839740 0.0788760 0.0657720 0.0773141 0.0802386 0.0731486 0.0969298 0.0767524 0.0772419 0.1149680 0.0817694 0.1243117 
Marmosidae_Monodelphis_domestica             0.0719664 0.0835595 0.0731278 0.0775113 0.0778471 0.0841268 0.0790070 0.0838385 0.0795680 0.1044991 0.0830879 0.0869579 0.0899021 0.0838378 0.0759288 0.0859513 0.0838528 0.0866669 0.0941660 0.0896375 0.0805936 0.0356738 0.0000000 0.0856266 0.0825984 0.0718542 0.0794639 0.0825117 0.0788332 0.1037927 0.0838404 0.0828969 0.1137665 0.0861085 0.1252944 
Dasyuridae_Antechinus_stuartii               0.0582179 0.0769702 0.0567679 0.0624660 0.0625148 0.0187126 0.0597556 0.0657154 0.0649396 0.0864231 0.0656125 0.0100564 0.0210378 0.0661516 0.0620326 0.0094140 0.0183304 0.0185288 0.0759695 0.0726944 0.0654041 0.0839740 0.0856266 0.0000000 0.0664647 0.0593424 0.0650510 0.0660632 0.0672587 0.0821365 0.0644673 0.0646374 0.1036836 0.0177124 0.1094843 
Hypsiprymnodontidae_Hypsiprymnodon_moschatus 0.0436427 0.0681977 0.0456418 0.0327638 0.0326435 0.0639846 0.0471793 0.0535169 0.0357286 0.0832132 0.0524471 0.0683672 0.0679164 0.0510960 0.0436856 0.0685788 0.0652541 0.0651560 0.0732296 0.0435355 0.0469376 0.0788760 0.0825984 0.0664647 0.0000000 0.0544661 0.0460729 0.0366781 0.0453763 0.0658207 0.0464146 0.0495214 0.0943603 0.0644579 0.1046875 
Microbiotheriidae_Dromiciops_gliroides       0.0491163 0.0631601 0.0460544 0.0520164 0.0522428 0.0576192 0.0493267 0.0521219 0.0545828 0.0755821 0.0509964 0.0608007 0.0619608 0.0515685 0.0523179 0.0609031 0.0592513 0.0600022 0.0672459 0.0627327 0.0531932 0.0657720 0.0718542 0.0593424 0.0544661 0.0000000 0.0522011 0.0543832 0.0517522 0.0744145 0.0565944 0.0502442 0.0888741 0.0576397 0.0966216 
Pseudochiridae_Petauroides_volans            0.0389356 0.0665830 0.0459906 0.0457495 0.0463769 0.0652343 0.0440583 0.0481075 0.0496397 0.0782994 0.0483524 0.0677844 0.0653755 0.0490280 0.0353658 0.0676137 0.0670725 0.0645003 0.0689547 0.0571980 0.0228409 0.0773141 0.0794639 0.0650510 0.0460729 0.0522011 0.0000000 0.0490457 0.0203810 0.0501949 0.0385229 0.0475109 0.0889859 0.0654237 0.1008519 
Macropodidae_Wallabia_bicolor                0.0421333 0.0692328 0.0468988 0.0177830 0.0161354 0.0630378 0.0455692 0.0508667 0.0189302 0.0814939 0.0509292 0.0673589 0.0661888 0.0522233 0.0480401 0.0674126 0.0642984 0.0641540 0.0717346 0.0124935 0.0505895 0.0802386 0.0825117 0.0660632 0.0366781 0.0543832 0.0490457 0.0000000 0.0502682 0.0704316 0.0519938 0.0506640 0.0967748 0.0634887 0.1021522 
Pseudochiridae_Pseudocheirus_occidentalis    0.0402020 0.0677726 0.0472030 0.0474244 0.0472556 0.0653146 0.0437086 0.0489135 0.0493847 0.0787133 0.0484136 0.0698598 0.0677609 0.0501752 0.0345652 0.0692682 0.0672090 0.0645912 0.0681573 0.0586794 0.0119015 0.0731486 0.0788332 0.0672587 0.0453763 0.0517522 0.0203810 0.0502682 0.0000000 0.0530852 0.0384408 0.0491875 0.0865141 0.0664345 0.0985636 
Tarsipedidae_Tarsipes_rostratus              0.0622401 0.0884107 0.0656727 0.0677662 0.0667219 0.0823478 0.0678728 0.0702840 0.0694303 0.1001793 0.0718852 0.0853714 0.0866518 0.0715507 0.0557666 0.0843176 0.0840858 0.0848527 0.0887336 0.0767834 0.0529195 0.0969298 0.1037927 0.0821365 0.0658207 0.0744145 0.0501949 0.0704316 0.0530852 0.0000000 0.0562105 0.0698909 0.1188703 0.0835537 0.1241886 
Acrobatidae_Distoechurus_pennatus            0.0412052 0.0656947 0.0496559 0.0498773 0.0493878 0.0637253 0.0473587 0.0517647 0.0520118 0.0821779 0.0527990 0.0673955 0.0674647 0.0527340 0.0230053 0.0670852 0.0650538 0.0649589 0.0706281 0.0595316 0.0403913 0.0767524 0.0838404 0.0644673 0.0464146 0.0565944 0.0385229 0.0519938 0.0384408 0.0562105 0.0000000 0.0511523 0.0933348 0.0639342 0.1036545 
Phalangeridae_Phalanger_carmelitae           0.0426150 0.0678689 0.0451267 0.0487994 0.0477596 0.0649146 0.0188766 0.0116220 0.0492838 0.0841263 0.0087979 0.0671573 0.0657931 0.0028629 0.0461192 0.0668116 0.0649604 0.0629590 0.0750241 0.0582992 0.0489709 0.0772419 0.0828969 0.0646374 0.0495214 0.0502442 0.0475109 0.0506640 0.0491875 0.0698909 0.0511523 0.0000000 0.0995986 0.0650181 0.1070170 
Peramelidae_Peroryctes_raffrayana            0.0829198 0.0944920 0.0840733 0.0953608 0.0938735 0.1018520 0.0841486 0.1005586 0.0954732 0.0349695 0.0988177 0.1070174 0.1081837 0.1011965 0.0872380 0.1062469 0.1038997 0.1057461 0.0140965 0.1044890 0.0902660 0.1149680 0.1137665 0.1036836 0.0943603 0.0888741 0.0889859 0.0967748 0.0865141 0.1188703 0.0933348 0.0995986 0.0000000 0.1024628 0.0315614 
Dasyuridae_Dasyurus_geffroii                 0.0587231 0.0756543 0.0567982 0.0611304 0.0611201 0.0049661 0.0598239 0.0667700 0.0641720 0.0872063 0.0653034 0.0183667 0.0215339 0.0670005 0.0612784 0.0184878 0.0063305 0.0205418 0.0770627 0.0712439 0.0657977 0.0817694 0.0861085 0.0177124 0.0644579 0.0576397 0.0654237 0.0634887 0.0664345 0.0835537 0.0639342 0.0650181 0.1024628 0.0000000 0.1099136 
Peramelidae_Perameles_gunnii                 0.0908100 0.1089812 0.0943799 0.1005714 0.0986299 0.1093023 0.0989055 0.1067281 0.1026864 0.0185642 0.1074413 0.1141788 0.1101404 0.1073182 0.0975880 0.1124899 0.1105484 0.1105068 0.0396413 0.1118861 0.1024260 0.1243117 0.1252944 0.1094843 0.1046875 0.0966216 0.1008519 0.1021522 0.0985636 0.1241886 0.1036545 0.1070170 0.0315614 0.1099136 0.0000000 
