37
Burramyidae_Burramys_parvus                  0.0000000 0.0918750 0.0438866 0.0516101 0.0540414 0.0780192 0.0500866 0.0515176 0.0527693 0.0839037 0.0437228 0.0794749 0.0911527 0.0460536 0.0443216 0.0806584 0.0806381 0.0826377 0.0830037 0.0505340 0.0581749 0.0806775 0.0758149 0.0742493 0.0572992 0.0662956 0.0486364 0.0522034 0.0669291 0.0856640 0.0481293 0.0512002 0.0873680 0.0786433 0.0843482 0.3541757 0.3541757 
Notoryctidae_Notoryctes_typhlops             0.0918750 0.0000000 0.0895954 0.0998334 0.1024704 0.1026069 0.0941490 0.0979276 0.1009590 0.1061297 0.0911323 0.1027179 0.1079391 0.0993331 0.0886978 0.1038045 0.1012121 0.0990893 0.1028735 0.1005372 0.1014507 0.1171169 0.1086657 0.0975789 0.1061966 0.0931787 0.0966805 0.1014791 0.1100574 0.1278421 0.0997716 0.1022058 0.1084628 0.1013136 0.1068067 0.2312033 0.2312033 
Vombatidae_Lasiorhinus_latifrons             0.0438866 0.0895954 0.0000000 0.0572380 0.0609899 0.0772914 0.0493841 0.0541583 0.0565160 0.0861595 0.0497167 0.0748383 0.0833433 0.0528920 0.0488708 0.0753312 0.0791589 0.0802136 0.0852228 0.0567685 0.0650562 0.0800880 0.0719982 0.0720949 0.0650456 0.0660067 0.0516312 0.0535682 0.0729062 0.0826459 0.0541451 0.0530031 0.0894274 0.0778804 0.0881007 0.2563404 0.2563404 
Potoroidae_Bettongia_penicillata             0.0516101 0.0998334 0.0572380 0.0000000 0.0090863 0.0930526 0.0602347 0.0618688 0.0113899 0.0914744 0.0533689 0.0924957 0.0973211 0.0580640 0.0583673 0.0917162 0.0936496 0.0877089 0.0889599 0.0207636 0.0729140 0.0968344 0.0916795 0.0860845 0.0408860 0.0813866 0.0606030 0.0250683 0.0779485 0.0898109 0.0640054 0.0561257 0.0917808 0.0930004 0.0918590 0.2659382 0.2659382 
Potoroidae_Bettongia_lesueur                 0.0540414 0.1024704 0.0609899 0.0090863 0.0000000 0.0968215 0.0637787 0.0679927 0.0171417 0.0986469 0.0589107 0.0987281 0.1017465 0.0629475 0.0625114 0.0979361 0.0986479 0.0931528 0.0946026 0.0266173 0.0728159 0.0996049 0.0948304 0.0923765 0.0456912 0.0814728 0.0618619 0.0304027 0.0788199 0.0973237 0.0670571 0.0619891 0.0987383 0.0979968 0.0988194 0.2741794 0.2741794 
Dasyuridae_Dasyurus_maculatus                0.0780192 0.1026069 0.0772914 0.0930526 0.0968215 0.0000000 0.0874489 0.0918351 0.0927670 0.0995428 0.0844044 0.0194771 0.0371218 0.0880397 0.0851819 0.0206144 0.0068083 0.0349583 0.0976587 0.0945781 0.0901290 0.1053434 0.0987289 0.0215056 0.1016172 0.0886031 0.0812510 0.0903485 0.1011800 0.1190477 0.0949193 0.0946192 0.1006644 0.0045279 0.0990486 0.3047963 0.3047963 
Phalangeridae_Trichosurus_vulpecula          0.0500866 0.0941490 0.0493841 0.0602347 0.0637787 0.0874489 0.0000000 0.0290715 0.0600712 0.0870545 0.0264076 0.0811796 0.0883093 0.0290512 0.0543662 0.0804126 0.0874495 0.0815011 0.0836397 0.0616042 0.0685175 0.0932362 0.0800247 0.0805315 0.0684724 0.0686556 0.0547317 0.0596079 0.0802853 0.0905234 0.0612674 0.0335158 0.0876255 0.0861750 0.0869559 0.3286653 0.3286653 
Phalangeridae_Spilocuscus_maculatus          0.0515176 0.0979276 0.0541583 0.0618688 0.0679927 0.0918351 0.0290715 0.0000000 0.0617472 0.0896264 0.0154018 0.0875357 0.0915071 0.0163448 0.0555080 0.0867554 0.0912029 0.0870062 0.0866220 0.0611758 0.0690078 0.0877629 0.0840437 0.0809113 0.0745878 0.0694798 0.0520020 0.0598208 0.0802993 0.0885486 0.0600179 0.0270468 0.0914383 0.0899273 0.0897883 0.3315429 0.3315429 
Potoroidae_Aepyprymnus_rufescens             0.0527693 0.1009590 0.0565160 0.0113899 0.0171417 0.0927670 0.0600712 0.0617472 0.0000000 0.0925719 0.0544834 0.0922117 0.0963395 0.0567439 0.0576206 0.0914350 0.0933624 0.0895326 0.0900171 0.0195879 0.0734183 0.0935565 0.0924699 0.0858164 0.0420325 0.0813805 0.0568853 0.0250484 0.0755249 0.0896945 0.0608528 0.0553711 0.0928449 0.0927152 0.0929234 0.2918773 0.2918773 
Peramelidae_Perameles_nasuta                 0.0839037 0.1061297 0.0861595 0.0914744 0.0986469 0.0995428 0.0870545 0.0896264 0.0925719 0.0000000 0.0826323 0.0978408 0.1020901 0.0873590 0.0882388 0.0984227 0.1017270 0.0909437 0.0177327 0.0924169 0.1052210 0.1183990 0.1117888 0.0945816 0.0999828 0.0994389 0.0934097 0.0936422 0.1159645 0.1252917 0.0953720 0.0945969 0.0159743 0.0983147 0.0005861 0.1037522 0.1037522 
Phalangeridae_Strigocuscus_pelengensis       0.0437228 0.0911323 0.0497167 0.0533689 0.0589107 0.0844044 0.0264076 0.0154018 0.0544834 0.0826323 0.0000000 0.0800755 0.0854529 0.0052630 0.0506993 0.0793045 0.0850217 0.0827177 0.0791522 0.0564912 0.0631520 0.0874376 0.0789406 0.0765011 0.0658592 0.0670631 0.0484466 0.0558090 0.0704702 0.0820595 0.0532968 0.0215440 0.0839226 0.0843561 0.0826113 0.3320780 0.3320780 
Dasyuridae_Phascogale_tapoatafa              0.0794749 0.1027179 0.0748383 0.0924957 0.0987281 0.0194771 0.0811796 0.0875357 0.0922117 0.0978408 0.0800755 0.0000000 0.0312094 0.0837737 0.0846246 0.0028331 0.0200625 0.0274160 0.0967276 0.0940205 0.0926144 0.1041981 0.0939590 0.0098446 0.1022985 0.0874513 0.0813339 0.0871820 0.1012264 0.1204950 0.0931284 0.0920130 0.0970920 0.0206221 0.0967844 0.3004727 0.3004727 
Dasyuridae_Sminthopsis_macroura              0.0911527 0.1079391 0.0833433 0.0973211 0.1017465 0.0371218 0.0883093 0.0915071 0.0963395 0.1020901 0.0854529 0.0312094 0.0000000 0.0884158 0.0911740 0.0317378 0.0388545 0.0305696 0.1000922 0.0973960 0.0998688 0.1088109 0.1019843 0.0352908 0.1102593 0.0953919 0.0923513 0.0962332 0.1163156 0.1287924 0.1054018 0.0976456 0.1029392 0.0388594 0.1009030 0.2741048 0.2741048 
Phalangeridae_Phalanger_orientalis           0.0460536 0.0993331 0.0528920 0.0580640 0.0629475 0.0880397 0.0290512 0.0163448 0.0567439 0.0873590 0.0052630 0.0837737 0.0884158 0.0000000 0.0541809 0.0830068 0.0886475 0.0868872 0.0844456 0.0574472 0.0670355 0.0875745 0.0831203 0.0816612 0.0692342 0.0710497 0.0494956 0.0559352 0.0760172 0.0857514 0.0549406 0.0225482 0.0884390 0.0879901 0.0872447 0.3368053 0.3368053 
Acrobatidae_Acrobates_pygmaeus               0.0443216 0.0886978 0.0488708 0.0583673 0.0625114 0.0851819 0.0543662 0.0555080 0.0576206 0.0882388 0.0506993 0.0846246 0.0911740 0.0541809 0.0000000 0.0826465 0.0869969 0.0866830 0.0873664 0.0560869 0.0574773 0.0899976 0.0803878 0.0802137 0.0608249 0.0671394 0.0450654 0.0578553 0.0656488 0.0809764 0.0300267 0.0538211 0.0900711 0.0863537 0.0894137 0.3032238 0.3032238 
Dasyuridae_Phascogale_calura                 0.0806584 0.1038045 0.0753312 0.0917162 0.0979361 0.0206144 0.0804126 0.0867554 0.0914350 0.0984227 0.0793045 0.0028331 0.0317378 0.0830068 0.0826465 0.0000000 0.0206043 0.0292647 0.0953288 0.0932359 0.0918453 0.1046776 0.0944147 0.0115752 0.1015039 0.0879298 0.0818621 0.0877576 0.1002681 0.1209507 0.0923549 0.0911712 0.0969254 0.0217588 0.0973496 0.3004727 0.3004727 
Dasyuridae_Sarcophilus_harrisii              0.0806381 0.1012121 0.0791589 0.0936496 0.0986479 0.0068083 0.0874495 0.0912029 0.0933624 0.1017270 0.0850217 0.0200625 0.0388545 0.0886475 0.0869969 0.0206043 0.0000000 0.0349731 0.0983768 0.0964153 0.0931748 0.1066961 0.0961257 0.0209318 0.1034578 0.0899791 0.0838035 0.0921990 0.1049010 0.1190133 0.0967431 0.0959247 0.1013939 0.0056701 0.1005547 0.3048817 0.3048817 
Dasyuridae_Planigale_tenuirostris            0.0826377 0.0990893 0.0802136 0.0877089 0.0931528 0.0349583 0.0815011 0.0870062 0.0895326 0.0909437 0.0827177 0.0274160 0.0305696 0.0868872 0.0866830 0.0292647 0.0349731 0.0000000 0.0874646 0.0918069 0.0911197 0.1033273 0.0964316 0.0256533 0.1017504 0.0869853 0.0865808 0.0920481 0.1065894 0.1249479 0.0986751 0.0939052 0.0912001 0.0343136 0.0910289 0.2859878 0.2859878 
Peramelidae_Echymipera_kalubu                0.0830037 0.1028735 0.0852228 0.0889599 0.0946026 0.0976587 0.0836397 0.0866220 0.0900171 0.0177327 0.0791522 0.0967276 0.1000922 0.0844456 0.0873664 0.0953288 0.0983768 0.0874646 0.0000000 0.0892489 0.1004895 0.1144957 0.1091379 0.0930401 0.0966382 0.0944816 0.0917138 0.0905188 0.1082926 0.1211973 0.0941970 0.0931669 0.0189604 0.0964756 0.0172257 0.0922928 0.0922928 
Macropodidae_Dorcopsulus_vanheurni           0.0505340 0.1005372 0.0567685 0.0207636 0.0266173 0.0945781 0.0616042 0.0611758 0.0195879 0.0924169 0.0564912 0.0940205 0.0973960 0.0574472 0.0560869 0.0932359 0.0964153 0.0918069 0.0892489 0.0000000 0.0737172 0.0943778 0.0899560 0.0895189 0.0403498 0.0794411 0.0602639 0.0121313 0.0795293 0.0892963 0.0630490 0.0542585 0.0920814 0.0945250 0.0934100 0.2632326 0.2632326 
Pseudochiridae_Pseudochirulus_forbesi        0.0581749 0.1014507 0.0650562 0.0729140 0.0728159 0.0901290 0.0685175 0.0690078 0.0734183 0.1052210 0.0631520 0.0926144 0.0998688 0.0670355 0.0574773 0.0918453 0.0931748 0.0911197 0.1004895 0.0737172 0.0000000 0.0944568 0.0926146 0.0888821 0.0755414 0.0836566 0.0375839 0.0744104 0.0434767 0.0883097 0.0596225 0.0715594 0.1084908 0.0913004 0.1059208 0.3051556 0.3051556 
Didelphidae_Didelphis_virginiana             0.0806775 0.1171169 0.0800880 0.0968344 0.0996049 0.1053434 0.0932362 0.0877629 0.0935565 0.1183990 0.0874376 0.1041981 0.1088109 0.0875745 0.0899976 0.1046776 0.1066961 0.1033273 0.1144957 0.0943778 0.0944568 0.0000000 0.0509087 0.0993125 0.1075217 0.0920741 0.0876041 0.0963490 0.1119094 0.1101497 0.0942349 0.0870185 0.1186353 0.1046130 0.1180335 0.3493375 0.3493375 
Marmosidae_Monodelphis_domestica             0.0758149 0.1086657 0.0719982 0.0916795 0.0948304 0.0987289 0.0800247 0.0840437 0.0924699 0.1117888 0.0789406 0.0939590 0.1019843 0.0831203 0.0803878 0.0944147 0.0961257 0.0964316 0.1091379 0.0899560 0.0926146 0.0509087 0.0000000 0.0906482 0.0968584 0.0843595 0.0854830 0.0906081 0.1129870 0.1131986 0.0921863 0.0812867 0.1110300 0.0961431 0.1122993 0.2970283 0.2970283 
Dasyuridae_Antechinus_stuartii               0.0742493 0.0975789 0.0720949 0.0860845 0.0923765 0.0215056 0.0805315 0.0809113 0.0858164 0.0945816 0.0765011 0.0098446 0.0352908 0.0816612 0.0802137 0.0115752 0.0209318 0.0256533 0.0930401 0.0895189 0.0888821 0.0993125 0.0906482 0.0000000 0.0980719 0.0830853 0.0789986 0.0852018 0.1006277 0.1179864 0.0886068 0.0886619 0.0941377 0.0214987 0.0943593 0.2814057 0.2814057 
Hypsiprymnodontidae_Hypsiprymnodon_moschatus 0.0572992 0.1061966 0.0650456 0.0408860 0.0456912 0.1016172 0.0684724 0.0745878 0.0420325 0.0999828 0.0658592 0.1022985 0.1102593 0.0692342 0.0608249 0.1015039 0.1034578 0.1017504 0.0966382 0.0403498 0.0755414 0.1075217 0.0968584 0.0980719 0.0000000 0.0842339 0.0662556 0.0413812 0.0851193 0.1007768 0.0652616 0.0693782 0.0996096 0.1015600 0.0988890 0.3043148 0.3043148 
Microbiotheriidae_Dromiciops_gliroides       0.0662956 0.0931787 0.0660067 0.0813866 0.0814728 0.0886031 0.0686556 0.0694798 0.0813805 0.0994389 0.0670631 0.0874513 0.0953919 0.0710497 0.0671394 0.0879298 0.0899791 0.0869853 0.0944816 0.0794411 0.0836566 0.0920741 0.0843595 0.0830853 0.0842339 0.0000000 0.0704701 0.0809903 0.0916833 0.1024280 0.0785461 0.0749650 0.0993357 0.0893017 0.0990115 0.3352212 0.3352212 
Pseudochiridae_Petauroides_volans            0.0486364 0.0966805 0.0516312 0.0606030 0.0618619 0.0812510 0.0547317 0.0520020 0.0568853 0.0934097 0.0484466 0.0813339 0.0923513 0.0494956 0.0450654 0.0818621 0.0838035 0.0865808 0.0917138 0.0602639 0.0375839 0.0876041 0.0854830 0.0789986 0.0662556 0.0704701 0.0000000 0.0583869 0.0405670 0.0716509 0.0471744 0.0560358 0.0949427 0.0812051 0.0941896 0.3160369 0.3160369 
Macropodidae_Wallabia_bicolor                0.0522034 0.1014791 0.0535682 0.0250683 0.0304027 0.0903485 0.0596079 0.0598208 0.0250484 0.0936422 0.0558090 0.0871820 0.0962332 0.0559352 0.0578553 0.0877576 0.0921990 0.0920481 0.0905188 0.0121313 0.0744104 0.0963490 0.0906081 0.0852018 0.0413812 0.0809903 0.0583869 0.0000000 0.0810467 0.0843422 0.0648537 0.0494151 0.0940168 0.0915371 0.0940268 0.3131624 0.3131624 
Pseudochiridae_Pseudocheirus_occidentalis    0.0669291 0.1100574 0.0729062 0.0779485 0.0788199 0.1011800 0.0802853 0.0802993 0.0755249 0.1159645 0.0704702 0.1012264 0.1163156 0.0760172 0.0656488 0.1002681 0.1049010 0.1065894 0.1082926 0.0795293 0.0434767 0.1119094 0.1129870 0.1006277 0.0851193 0.0916833 0.0405670 0.0810467 0.0000000 0.0965896 0.0652879 0.0874746 0.1180893 0.1026049 0.1155967 0.3114964 0.3114964 
Tarsipedidae_Tarsipes_rostratus              0.0856640 0.1278421 0.0826459 0.0898109 0.0973237 0.1190477 0.0905234 0.0885486 0.0896945 0.1252917 0.0820595 0.1204950 0.1287924 0.0857514 0.0809764 0.1209507 0.1190133 0.1249479 0.1211973 0.0892963 0.0883097 0.1101497 0.1131986 0.1179864 0.1007768 0.1024280 0.0716509 0.0843422 0.0965896 0.0000000 0.0862806 0.0875837 0.1266360 0.1189726 0.1247351 0.3986275 0.3986275 
Acrobatidae_Distoechurus_pennatus            0.0481293 0.0997716 0.0541451 0.0640054 0.0670571 0.0949193 0.0612674 0.0600179 0.0608528 0.0953720 0.0532968 0.0931284 0.1054018 0.0549406 0.0300267 0.0923549 0.0967431 0.0986751 0.0941970 0.0630490 0.0596225 0.0942349 0.0921863 0.0886068 0.0652616 0.0785461 0.0471744 0.0648537 0.0652879 0.0862806 0.0000000 0.0578851 0.0996919 0.0960936 0.0964026 0.3252927 0.3252927 
Phalangeridae_Phalanger_carmelitae           0.0512002 0.1022058 0.0530031 0.0561257 0.0619891 0.0946192 0.0335158 0.0270468 0.0553711 0.0945969 0.0215440 0.0920130 0.0976456 0.0225482 0.0538211 0.0911712 0.0959247 0.0939052 0.0931669 0.0542585 0.0715594 0.0870185 0.0812867 0.0886619 0.0693782 0.0749650 0.0560358 0.0494151 0.0874746 0.0875837 0.0578851 0.0000000 0.0963206 0.0945616 0.0942514 0.3440574 0.3440574 
Peramelidae_Peroryctes_raffrayana            0.0873680 0.1084628 0.0894274 0.0917808 0.0987383 0.1006644 0.0876255 0.0914383 0.0928449 0.0159743 0.0839226 0.0970920 0.1029392 0.0884390 0.0900711 0.0969254 0.1013939 0.0912001 0.0189604 0.0920814 0.1084908 0.1186353 0.1110300 0.0941377 0.0996096 0.0993357 0.0949427 0.0940168 0.1180893 0.1266360 0.0996919 0.0963206 0.0000000 0.0988552 0.0150115 0.1139333 0.1139333 
Dasyuridae_Dasyurus_geffroii                 0.0786433 0.1013136 0.0778804 0.0930004 0.0979968 0.0045279 0.0861750 0.0899273 0.0927152 0.0983147 0.0843561 0.0206221 0.0388594 0.0879901 0.0863537 0.0217588 0.0056701 0.0343136 0.0964756 0.0945250 0.0913004 0.1046130 0.0961431 0.0214987 0.1015600 0.0893017 0.0812051 0.0915371 0.1026049 0.1189726 0.0960936 0.0945616 0.0988552 0.0000000 0.0978571 0.3025858 0.3025858 
Peramelidae_Perameles_gunnii                 0.0843482 0.1068067 0.0881007 0.0918590 0.0988194 0.0990486 0.0869559 0.0897883 0.0929234 0.0005861 0.0826113 0.0967844 0.1009030 0.0872447 0.0894137 0.0973496 0.1005547 0.0910289 0.0172257 0.0934100 0.1059208 0.1180335 0.1122993 0.0943593 0.0988890 0.0990115 0.0941896 0.0940268 0.1155967 0.1247351 0.0964026 0.0942514 0.0150115 0.0978571 0.0000000 0.0985928 0.0985928 
Thylacomyidae_Macrotis_lagotis1              0.3541757 0.2312033 0.2563404 0.2659382 0.2741794 0.3047963 0.3286653 0.3315429 0.2918773 0.1037522 0.3320780 0.3004727 0.2741048 0.3368053 0.3032238 0.3004727 0.3048817 0.2859878 0.0922928 0.2632326 0.3051556 0.3493375 0.2970283 0.2814057 0.3043148 0.3352212 0.3160369 0.3131624 0.3114964 0.3986275 0.3252927 0.3440574 0.1139333 0.3025858 0.0985928 0.0000000 0.0000010 
Thylacomyidae_Macrotis_lagotis2              0.3541757 0.2312033 0.2563404 0.2659382 0.2741794 0.3047963 0.3286653 0.3315429 0.2918773 0.1037522 0.3320780 0.3004727 0.2741048 0.3368053 0.3032238 0.3004727 0.3048817 0.2859878 0.0922928 0.2632326 0.3051556 0.3493375 0.2970283 0.2814057 0.3043148 0.3352212 0.3160369 0.3131624 0.3114964 0.3986275 0.3252927 0.3440574 0.1139333 0.3025858 0.0985928 0.0000010 0.0000000 
