35
Burramyidae_Burramys_parvus                  0.0000000 0.1041428 0.0549739 0.0578999 0.0571896 0.1022315 0.0638351 0.0586734 0.0635283 0.0994930 0.0611344 0.1198562 0.1034491 0.0592617 0.0651181 0.1140866 0.1022216 0.1056899 0.1073979 0.0656932 0.0712039 0.1372579 0.1255474 0.1124177 0.0729601 0.0831983 0.0639959 0.0701588 0.0957635 0.0591288 0.0578719 0.1048754 0.1082777 0.0415630 0.0647396 
Notoryctidae_Notoryctes_typhlops             0.1041428 0.0000000 0.1029904 0.1136505 0.1120582 0.1271486 0.1109351 0.1095626 0.1191434 0.1120782 0.1142940 0.1372371 0.1317917 0.1125183 0.1129582 0.1369020 0.1278427 0.1329720 0.1217718 0.1137745 0.1149503 0.1560840 0.1481250 0.1304095 0.1139626 0.1036478 0.1082595 0.1186808 0.1406769 0.0950631 0.1113378 0.1306226 0.1221351 0.0586520 0.0739455 
Vombatidae_Lasiorhinus_latifrons             0.0549739 0.1029904 0.0000000 0.0634346 0.0620627 0.0976440 0.0680404 0.0596424 0.0660185 0.0965543 0.0641668 0.1127188 0.0987490 0.0622142 0.0642612 0.1094861 0.0976787 0.0991505 0.1056726 0.0684516 0.0758680 0.1295824 0.1231704 0.1094080 0.0714032 0.0760937 0.0665291 0.0652474 0.0971360 0.0624296 0.0613613 0.1002442 0.1060525 0.0403170 0.0594967 
Potoroidae_Bettongia_penicillata             0.0578999 0.1136505 0.0634346 0.0000000 0.0018556 0.1093947 0.0691701 0.0607319 0.0100539 0.0987205 0.0628606 0.1207411 0.1159395 0.0626524 0.0726459 0.1186530 0.1070221 0.1115659 0.1171594 0.0230824 0.0765771 0.1369218 0.1217434 0.1171683 0.0544650 0.0882226 0.0738014 0.0249797 0.0983988 0.0649274 0.0601418 0.1112492 0.1130723 0.0339230 0.0598456 
Potoroidae_Bettongia_lesueur                 0.0571896 0.1120582 0.0620627 0.0018556 0.0000000 0.1100250 0.0677314 0.0593875 0.0088176 0.0993422 0.0615064 0.1214022 0.1165656 0.0612811 0.0703996 0.1192858 0.1076518 0.1112984 0.1177441 0.0222205 0.0756485 0.1355733 0.1212978 0.1178866 0.0536829 0.0880997 0.0723144 0.0244998 0.0966540 0.0642430 0.0587958 0.1118806 0.1152225 0.0351123 0.0610756 
Dasyuridae_Dasyurus_maculatus                0.1022315 0.1271486 0.0976440 0.1093947 0.1100250 0.0000000 0.1168988 0.1043802 0.1182036 0.1263709 0.1081915 0.0149822 0.0160833 0.1079076 0.1021302 0.0149322 0.0038457 0.0169670 0.1294815 0.1115296 0.1152983 0.1545745 0.1421461 0.0130947 0.1171473 0.0915400 0.1072487 0.1157550 0.1325672 0.0882179 0.1061009 0.0030892 0.1349179 0.0718552 0.0815713 
Phalangeridae_Trichosurus_vulpecula          0.0638351 0.1109351 0.0680404 0.0691701 0.0677314 0.1168988 0.0000000 0.0190047 0.0738957 0.1051228 0.0232485 0.1286011 0.1206293 0.0215221 0.0729517 0.1275205 0.1161001 0.1232713 0.1154508 0.0729723 0.0823038 0.1407753 0.1364819 0.1225266 0.0743497 0.0951643 0.0758840 0.0743134 0.1049219 0.0676837 0.0202952 0.1183149 0.1144031 0.0474797 0.0718697 
Phalangeridae_Spilocuscus_maculatus          0.0586734 0.1095626 0.0596424 0.0607319 0.0593875 0.1043802 0.0190047 0.0000000 0.0690935 0.0971541 0.0093334 0.1159283 0.1069088 0.0062582 0.0679379 0.1123320 0.1036055 0.1103735 0.1098593 0.0656593 0.0744668 0.1326232 0.1293952 0.1113014 0.0702474 0.0910515 0.0711825 0.0669686 0.0957465 0.0588063 0.0070913 0.1057167 0.1059731 0.0330003 0.0568481 
Potoroidae_Aepyprymnus_rufescens             0.0635283 0.1191434 0.0660185 0.0100539 0.0088176 0.1182036 0.0738957 0.0690935 0.0000000 0.1056009 0.0707433 0.1291238 0.1232595 0.0699863 0.0795933 0.1272214 0.1158685 0.1215383 0.1201731 0.0273543 0.0812810 0.1489366 0.1331974 0.1263265 0.0574889 0.0963431 0.0762766 0.0308202 0.1030486 0.0738182 0.0673846 0.1202724 0.1216160 0.0388384 0.0657770 
Peramelidae_Perameles_nasuta                 0.0994930 0.1120782 0.0965543 0.0987205 0.0993422 0.1263709 0.1051228 0.0971541 0.1056009 0.0000000 0.0991279 0.1389076 0.1278011 0.1001318 0.0988198 0.1339326 0.1259410 0.1306961 0.0150641 0.1099644 0.1027885 0.1445316 0.1393509 0.1285830 0.1132197 0.1032093 0.1077227 0.1089771 0.1370741 0.0871484 0.0975287 0.1241401 0.0009753 0.0540482 0.0123528 
Phalangeridae_Strigocuscus_pelengensis       0.0611344 0.1142940 0.0641668 0.0628606 0.0615064 0.1081915 0.0232485 0.0093334 0.0707433 0.0991279 0.0000000 0.1156570 0.1099559 0.0103376 0.0670393 0.1148187 0.1066559 0.1128589 0.1089770 0.0645352 0.0766549 0.1346275 0.1300111 0.1119743 0.0713842 0.0923896 0.0752879 0.0699212 0.0997383 0.0621776 0.0113020 0.1093234 0.1072720 0.0352619 0.0587530 
Dasyuridae_Phascogale_tapoatafa              0.1198562 0.1372371 0.1127188 0.1207411 0.1214022 0.0149822 0.1286011 0.1159283 0.1291238 0.1389076 0.1156570 0.0000000 0.0199758 0.1191931 0.1179766 0.0049909 0.0153764 0.0200160 0.1411947 0.1232014 0.1312192 0.1682650 0.1542415 0.0054422 0.1307708 0.1041574 0.1215879 0.1310789 0.1448780 0.1008790 0.1155855 0.0139191 0.1476707 0.0943623 0.1007904 
Dasyuridae_Sminthopsis_macroura              0.1034491 0.1317917 0.0987490 0.1159395 0.1165656 0.0160833 0.1206293 0.1069088 0.1232595 0.1278011 0.1099559 0.0199758 0.0000000 0.1118864 0.1024130 0.0213771 0.0161064 0.0130763 0.1281240 0.1202612 0.1156773 0.1550903 0.1519964 0.0173484 0.1224216 0.0956106 0.1117187 0.1246868 0.1347635 0.0903882 0.1099734 0.0150331 0.1353777 0.0733539 0.0860115 
Phalangeridae_Phalanger_orientalis           0.0592617 0.1125183 0.0622142 0.0626524 0.0612811 0.1079076 0.0215221 0.0062582 0.0699863 0.1001318 0.0103376 0.1191931 0.1118864 0.0000000 0.0699711 0.1167835 0.1071238 0.1145724 0.1107594 0.0673404 0.0751658 0.1402198 0.1336032 0.1150740 0.0726889 0.0914183 0.0740607 0.0682062 0.0992518 0.0609291 0.0025989 0.1093385 0.1085644 0.0309011 0.0592338 
Acrobatidae_Acrobates_pygmaeus               0.0651181 0.1129582 0.0642612 0.0726459 0.0703996 0.1021302 0.0729517 0.0679379 0.0795933 0.0988198 0.0670393 0.1179766 0.1024130 0.0699711 0.0000000 0.1127031 0.1029159 0.1046739 0.1087965 0.0782505 0.0555959 0.1415096 0.1322371 0.1090567 0.0785622 0.0897610 0.0630841 0.0777993 0.0819302 0.0353929 0.0680595 0.1050583 0.1083691 0.0289052 0.0530346 
Dasyuridae_Phascogale_calura                 0.1140866 0.1369020 0.1094861 0.1186530 0.1192858 0.0149322 0.1275205 0.1123320 0.1272214 0.1339326 0.1148187 0.0049909 0.0213771 0.1167835 0.1127031 0.0000000 0.0146081 0.0223562 0.1354753 0.1210773 0.1293140 0.1630163 0.1536344 0.0059309 0.1268038 0.1025148 0.1203734 0.1260148 0.1358391 0.0969768 0.1134572 0.0139061 0.1415415 0.0859304 0.0819147 
Dasyuridae_Sarcophilus_harrisii              0.1022216 0.1278427 0.0976787 0.1070221 0.1076518 0.0038457 0.1161001 0.1036055 0.1158685 0.1259410 0.1066559 0.0153764 0.0161064 0.1071238 0.1029159 0.0146081 0.0000000 0.0161964 0.1290166 0.1092731 0.1140283 0.1531274 0.1403509 0.0134603 0.1147422 0.0901298 0.1091303 0.1134440 0.1316511 0.0854962 0.1052476 0.0038559 0.1359795 0.0699084 0.0765342 
Dasyuridae_Planigale_tenuirostris            0.1056899 0.1329720 0.0991505 0.1115659 0.1112984 0.0169670 0.1232713 0.1103735 0.1215383 0.1306961 0.1128589 0.0200160 0.0130763 0.1145724 0.1046739 0.0223562 0.0161964 0.0000000 0.1348812 0.1135579 0.1181668 0.1656963 0.1551040 0.0188345 0.1186905 0.0961625 0.1122814 0.1214977 0.1378299 0.0909601 0.1133175 0.0165820 0.1390288 0.0614611 0.0771522 
Peramelidae_Echymipera_kalubu                0.1073979 0.1217718 0.1056726 0.1171594 0.1177441 0.1294815 0.1154508 0.1098593 0.1201731 0.0150641 0.1089770 0.1411947 0.1281240 0.1107594 0.1087965 0.1354753 0.1290166 0.1348812 0.0000000 0.1203722 0.1093432 0.1609167 0.1459312 0.1345725 0.1230900 0.1083172 0.1158169 0.1225088 0.1415268 0.1015525 0.1097729 0.1299113 0.0152533 0.0496464 0.0098134 
Macropodidae_Dorcopsulus_vanheurni           0.0656932 0.1137745 0.0684516 0.0230824 0.0222205 0.1115296 0.0729723 0.0656593 0.0273543 0.1099644 0.0645352 0.1232014 0.1202612 0.0673404 0.0782505 0.1210773 0.1092731 0.1135579 0.1203722 0.0000000 0.0788560 0.1409744 0.1283956 0.1195187 0.0596575 0.0904399 0.0765695 0.0153835 0.1000901 0.0673971 0.0660643 0.1134305 0.1232712 0.0454780 0.0670768 
Pseudochiridae_Pseudochirulus_forbesi        0.0712039 0.1149503 0.0758680 0.0765771 0.0756485 0.1152983 0.0823038 0.0744668 0.0812810 0.1027885 0.0766549 0.1312192 0.1156773 0.0751658 0.0555959 0.1293140 0.1140283 0.1181668 0.1093432 0.0788560 0.0000000 0.1474436 0.1354152 0.1264846 0.0842277 0.0965539 0.0409755 0.0824447 0.0867951 0.0485728 0.0735777 0.1169067 0.1151408 0.0092171 0.0569784 
Didelphidae_Didelphis_virginiana             0.1372579 0.1560840 0.1295824 0.1369218 0.1355733 0.1545745 0.1407753 0.1326232 0.1489366 0.1445316 0.1346275 0.1682650 0.1550903 0.1402198 0.1415096 0.1630163 0.1531274 0.1656963 0.1609167 0.1409744 0.1474436 0.0000000 0.0284629 0.1639991 0.1461038 0.1228828 0.1378281 0.1418419 0.1784973 0.1207240 0.1383668 0.1548221 0.1596845 0.0852045 0.0852487 
Marmosidae_Monodelphis_domestica             0.1255474 0.1481250 0.1231704 0.1217434 0.1212978 0.1421461 0.1364819 0.1293952 0.1331974 0.1393509 0.1300111 0.1542415 0.1519964 0.1336032 0.1322371 0.1536344 0.1403509 0.1551040 0.1459312 0.1283956 0.1354152 0.0284629 0.0000000 0.1565963 0.1366073 0.1122089 0.1311976 0.1286334 0.1642603 0.1087880 0.1319000 0.1428190 0.1463861 0.0772402 0.0801295 
Dasyuridae_Antechinus_stuartii               0.1124177 0.1304095 0.1094080 0.1171683 0.1178866 0.0130947 0.1225266 0.1113014 0.1263265 0.1285830 0.1119743 0.0054422 0.0173484 0.1150740 0.1090567 0.0059309 0.0134603 0.0188345 0.1345725 0.1195187 0.1264846 0.1639991 0.1565963 0.0000000 0.1277109 0.1030800 0.1167311 0.1254088 0.1362251 0.0914564 0.1117593 0.0127736 0.1387453 0.0798761 0.0858481 
Hypsiprymnodontidae_Hypsiprymnodon_moschatus 0.0729601 0.1139626 0.0714032 0.0544650 0.0536829 0.1171473 0.0743497 0.0702474 0.0574889 0.1132197 0.0713842 0.1307708 0.1224216 0.0726889 0.0785622 0.1268038 0.1147422 0.1186905 0.1230900 0.0596575 0.0842277 0.1461038 0.1366073 0.1277109 0.0000000 0.0941484 0.0800846 0.0650737 0.1062960 0.0717274 0.0726538 0.1192395 0.1254629 0.0611032 0.0862372 
Microbiotheriidae_Dromiciops_gliroides       0.0831983 0.1036478 0.0760937 0.0882226 0.0880997 0.0915400 0.0951643 0.0910515 0.0963431 0.1032093 0.0923896 0.1041574 0.0956106 0.0914183 0.0897610 0.1025148 0.0901298 0.0961625 0.1083172 0.0904399 0.0965539 0.1228828 0.1122089 0.1030800 0.0941484 0.0000000 0.0910197 0.0935716 0.1193616 0.0733477 0.0899011 0.0925900 0.1078748 0.0421092 0.0525245 
Pseudochiridae_Petauroides_volans            0.0639959 0.1082595 0.0665291 0.0738014 0.0723144 0.1072487 0.0758840 0.0711825 0.0762766 0.1077227 0.0752879 0.1215879 0.1117187 0.0740607 0.0630841 0.1203734 0.1091303 0.1122814 0.1158169 0.0765695 0.0409755 0.1378281 0.1311976 0.1167311 0.0800846 0.0910197 0.0000000 0.0807197 0.0815529 0.0523489 0.0706328 0.1091574 0.1164470 0.0092370 0.0499773 
Macropodidae_Wallabia_bicolor                0.0701588 0.1186808 0.0652474 0.0249797 0.0244998 0.1157550 0.0743134 0.0669686 0.0308202 0.1089771 0.0699212 0.1310789 0.1246868 0.0682062 0.0777993 0.1260148 0.1134440 0.1214977 0.1225088 0.0153835 0.0824447 0.1418419 0.1286334 0.1254088 0.0650737 0.0935716 0.0807197 0.0000000 0.1037206 0.0643638 0.0669074 0.1177221 0.1232742 0.0329781 0.0596597 
Tarsipedidae_Tarsipes_rostratus              0.0957635 0.1406769 0.0971360 0.0983988 0.0966540 0.1325672 0.1049219 0.0957465 0.1030486 0.1370741 0.0997383 0.1448780 0.1347635 0.0992518 0.0819302 0.1358391 0.1316511 0.1378299 0.1415268 0.1000901 0.0867951 0.1784973 0.1642603 0.1362251 0.1062960 0.1193616 0.0815529 0.1037206 0.0000000 0.0737833 0.0963889 0.1363666 0.1468227 0.0496826 0.0875959 
Acrobatidae_Distoechurus_pennatus            0.0591288 0.0950631 0.0624296 0.0649274 0.0642430 0.0882179 0.0676837 0.0588063 0.0738182 0.0871484 0.0621776 0.1008790 0.0903882 0.0609291 0.0353929 0.0969768 0.0854962 0.0909601 0.1015525 0.0673971 0.0485728 0.1207240 0.1087880 0.0914564 0.0717274 0.0733477 0.0523489 0.0643638 0.0737833 0.0000000 0.0601426 0.0896651 0.0950565 0.0270195 0.0644505 
Phalangeridae_Phalanger_carmelitae           0.0578719 0.1113378 0.0613613 0.0601418 0.0587958 0.1061009 0.0202952 0.0070913 0.0673846 0.0975287 0.0113020 0.1155855 0.1099734 0.0025989 0.0680595 0.1134572 0.1052476 0.1133175 0.1097729 0.0660643 0.0735777 0.1383668 0.1319000 0.1117593 0.0726538 0.0899011 0.0706328 0.0669074 0.0963889 0.0601426 0.0000000 0.1074336 0.1075712 0.0288354 0.0559140 
Dasyuridae_Dasyurus_geffroii                 0.1048754 0.1306226 0.1002442 0.1112492 0.1118806 0.0030892 0.1183149 0.1057167 0.1202724 0.1241401 0.1093234 0.0139191 0.0150331 0.1093385 0.1050583 0.0139061 0.0038559 0.0165820 0.1299113 0.1134305 0.1169067 0.1548221 0.1428190 0.0127736 0.1192395 0.0925900 0.1091574 0.1177221 0.1363666 0.0896651 0.1074336 0.0000000 0.1336281 0.0746954 0.0805625 
Peramelidae_Perameles_gunnii                 0.1082777 0.1221351 0.1060525 0.1130723 0.1152225 0.1349179 0.1144031 0.1059731 0.1216160 0.0009753 0.1072720 0.1476707 0.1353777 0.1085644 0.1083691 0.1415415 0.1359795 0.1390288 0.0152533 0.1232712 0.1151408 0.1596845 0.1463861 0.1387453 0.1254629 0.1078748 0.1164470 0.1232742 0.1468227 0.0950565 0.1075712 0.1336281 0.0000000 0.0542321 0.0122366 
Pseudochiridae_Pseudocheirus_occidentalis    0.0415630 0.0586520 0.0403170 0.0339230 0.0351123 0.0718552 0.0474797 0.0330003 0.0388384 0.0540482 0.0352619 0.0943623 0.0733539 0.0309011 0.0289052 0.0859304 0.0699084 0.0614611 0.0496464 0.0454780 0.0092171 0.0852045 0.0772402 0.0798761 0.0611032 0.0421092 0.0092370 0.0329781 0.0496826 0.0270195 0.0288354 0.0746954 0.0542321 0.0000000 0.0532770 
Peramelidae_Peroryctes_raffrayana            0.0647396 0.0739455 0.0594967 0.0598456 0.0610756 0.0815713 0.0718697 0.0568481 0.0657770 0.0123528 0.0587530 0.1007904 0.0860115 0.0592338 0.0530346 0.0819147 0.0765342 0.0771522 0.0098134 0.0670768 0.0569784 0.0852487 0.0801295 0.0858481 0.0862372 0.0525245 0.0499773 0.0596597 0.0875959 0.0644505 0.0559140 0.0805625 0.0122366 0.0532770 0.0000000 
