35
Burramyidae_Burramys_parvus                  0.0000000 0.0947293 0.0589078 0.0492943 0.0518574 0.0720230 0.0341354 0.0493982 0.0494679 0.0658287 0.0483723 0.0708352 0.0752830 0.0427453 0.0473197 0.0719098 0.0717519 0.0715422 0.0699358 0.0409834 0.0447710 0.0851483 0.0795333 0.0675889 0.0540386 0.0615080 0.0610380 0.0428005 0.0506073 0.0585532 0.0506107 0.0494990 0.0674403 0.0713255 0.0682955 
Notoryctidae_Notoryctes_typhlops             0.0947293 0.0000000 0.1051595 0.0971517 0.0977814 0.0956069 0.0831469 0.1005757 0.0926235 0.0959918 0.0988820 0.0969956 0.1037998 0.0914618 0.0951554 0.0970447 0.0971590 0.0982049 0.0900946 0.0897639 0.0978362 0.1175421 0.1049537 0.0927555 0.0983549 0.0925732 0.1072278 0.0892709 0.0954578 0.1087473 0.0977168 0.1008034 0.0897485 0.0967050 0.0926786 
Vombatidae_Lasiorhinus_latifrons             0.0589078 0.1051595 0.0000000 0.0629081 0.0645872 0.0816904 0.0466531 0.0584573 0.0624640 0.0724806 0.0577245 0.0795498 0.0850565 0.0565233 0.0574660 0.0797664 0.0801828 0.0785988 0.0769757 0.0568900 0.0626879 0.0940192 0.0954578 0.0770500 0.0668925 0.0671161 0.0804444 0.0562393 0.0630959 0.0728523 0.0593894 0.0589939 0.0785697 0.0809182 0.0743132 
Potoroidae_Bettongia_penicillata             0.0492943 0.0971517 0.0629081 0.0000000 0.0028998 0.0752428 0.0439238 0.0601290 0.0122703 0.0656485 0.0582242 0.0746538 0.0798288 0.0524158 0.0537734 0.0745192 0.0738745 0.0733909 0.0689651 0.0215623 0.0524243 0.0942840 0.0910494 0.0703654 0.0410529 0.0657092 0.0643586 0.0226253 0.0514579 0.0644084 0.0535000 0.0570635 0.0658352 0.0745424 0.0684221 
Potoroidae_Bettongia_lesueur                 0.0518574 0.0977814 0.0645872 0.0028998 0.0000000 0.0752739 0.0454103 0.0617397 0.0144501 0.0681570 0.0598221 0.0746846 0.0798630 0.0539493 0.0553229 0.0746490 0.0739047 0.0741527 0.0705759 0.0229150 0.0539440 0.0960284 0.0927733 0.0703936 0.0425171 0.0673405 0.0648546 0.0239928 0.0542292 0.0660119 0.0550267 0.0586354 0.0671253 0.0745731 0.0700418 
Dasyuridae_Dasyurus_maculatus                0.0720230 0.0956069 0.0816904 0.0752428 0.0752739 0.0000000 0.0619989 0.0756826 0.0763661 0.0728080 0.0746670 0.0141824 0.0260645 0.0680535 0.0745596 0.0159573 0.0033461 0.0228534 0.0750487 0.0693219 0.0739942 0.0954983 0.0887838 0.0142384 0.0759216 0.0691830 0.0878033 0.0681749 0.0766566 0.0822455 0.0776346 0.0735137 0.0681858 0.0033512 0.0745345 
Phalangeridae_Trichosurus_vulpecula          0.0341354 0.0831469 0.0466531 0.0439238 0.0454103 0.0619989 0.0000000 0.0195422 0.0419575 0.0497955 0.0177478 0.0603433 0.0658344 0.0155624 0.0349165 0.0603467 0.0617957 0.0586292 0.0540973 0.0348739 0.0392140 0.0810688 0.0764511 0.0550744 0.0434309 0.0488442 0.0526330 0.0355060 0.0367223 0.0488439 0.0402383 0.0192471 0.0517335 0.0613481 0.0524025 
Phalangeridae_Spilocuscus_maculatus          0.0493982 0.1005757 0.0584573 0.0601290 0.0617397 0.0756826 0.0195422 0.0000000 0.0581050 0.0609169 0.0141946 0.0750267 0.0820779 0.0172025 0.0488718 0.0760126 0.0753899 0.0722464 0.0668488 0.0507021 0.0525565 0.0951953 0.0900158 0.0709209 0.0563308 0.0638376 0.0705971 0.0516103 0.0541597 0.0608249 0.0524312 0.0162254 0.0659387 0.0749571 0.0650670 
Potoroidae_Aepyprymnus_rufescens             0.0494679 0.0926235 0.0624640 0.0122703 0.0144501 0.0763661 0.0419575 0.0581050 0.0000000 0.0658410 0.0571323 0.0757750 0.0820832 0.0505086 0.0526859 0.0757123 0.0749898 0.0746785 0.0680391 0.0211144 0.0515408 0.0956984 0.0888189 0.0704585 0.0406086 0.0662976 0.0625430 0.0212730 0.0516570 0.0614489 0.0534682 0.0559748 0.0655385 0.0756614 0.0680200 
Peramelidae_Perameles_nasuta                 0.0658287 0.0959918 0.0724806 0.0656485 0.0681570 0.0728080 0.0497955 0.0609169 0.0658410 0.0000000 0.0624558 0.0727156 0.0778283 0.0554035 0.0667346 0.0724612 0.0707533 0.0753559 0.0180837 0.0586754 0.0659209 0.0888246 0.0869734 0.0695694 0.0636688 0.0669501 0.0833627 0.0580337 0.0664654 0.0738796 0.0674466 0.0612846 0.0196143 0.0720438 0.0009205 
Phalangeridae_Strigocuscus_pelengensis       0.0483723 0.0988820 0.0577245 0.0582242 0.0598221 0.0746670 0.0177478 0.0141946 0.0571323 0.0624558 0.0000000 0.0734312 0.0799034 0.0158126 0.0478818 0.0745330 0.0743786 0.0711162 0.0686132 0.0483672 0.0506388 0.0914870 0.0861399 0.0694962 0.0555887 0.0612147 0.0676899 0.0498015 0.0532652 0.0609185 0.0511330 0.0144885 0.0664001 0.0739450 0.0657949 
Dasyuridae_Phascogale_tapoatafa              0.0708352 0.0969956 0.0795498 0.0746538 0.0746846 0.0141824 0.0603433 0.0750267 0.0757750 0.0727156 0.0734312 0.0000000 0.0255506 0.0685136 0.0700538 0.0033549 0.0141433 0.0217438 0.0766713 0.0676240 0.0739030 0.0967333 0.0875847 0.0050739 0.0752853 0.0690935 0.0903875 0.0680798 0.0749401 0.0811061 0.0742624 0.0711977 0.0693518 0.0141661 0.0749995 
Dasyuridae_Sminthopsis_macroura              0.0752830 0.1037998 0.0850565 0.0798288 0.0798630 0.0260645 0.0658344 0.0820779 0.0820832 0.0778283 0.0799034 0.0255506 0.0000000 0.0747258 0.0808911 0.0273995 0.0259814 0.0175010 0.0807363 0.0721814 0.0807836 0.1016176 0.0952842 0.0237369 0.0816437 0.0755396 0.0949366 0.0721498 0.0862592 0.0890685 0.0850823 0.0781069 0.0776291 0.0251097 0.0785440 
Phalangeridae_Phalanger_orientalis           0.0427453 0.0914618 0.0565233 0.0524158 0.0539493 0.0680535 0.0155624 0.0172025 0.0505086 0.0554035 0.0158126 0.0685136 0.0747258 0.0000000 0.0438832 0.0695341 0.0678020 0.0653666 0.0641919 0.0451215 0.0459535 0.0902561 0.0841169 0.0642725 0.0510707 0.0576594 0.0613469 0.0459973 0.0471884 0.0539727 0.0467913 0.0124204 0.0616822 0.0679501 0.0603988 
Acrobatidae_Acrobates_pygmaeus               0.0473197 0.0951554 0.0574660 0.0537734 0.0553229 0.0745596 0.0349165 0.0488718 0.0526859 0.0667346 0.0478818 0.0700538 0.0808911 0.0438832 0.0000000 0.0721931 0.0747915 0.0750476 0.0711409 0.0452986 0.0459983 0.0869477 0.0813547 0.0679217 0.0547589 0.0630525 0.0596078 0.0456203 0.0506319 0.0515028 0.0283222 0.0487239 0.0692553 0.0743676 0.0705951 
Dasyuridae_Phascogale_calura                 0.0719098 0.0970447 0.0797664 0.0745192 0.0746490 0.0159573 0.0603467 0.0760126 0.0757123 0.0724612 0.0745330 0.0033549 0.0273995 0.0695341 0.0721931 0.0000000 0.0159084 0.0232881 0.0766868 0.0675565 0.0749673 0.0960663 0.0875554 0.0059327 0.0752492 0.0696806 0.0916458 0.0680736 0.0768778 0.0805499 0.0763864 0.0728538 0.0697064 0.0159387 0.0750150 
Dasyuridae_Sarcophilus_harrisii              0.0717519 0.0971590 0.0801828 0.0738745 0.0739047 0.0033461 0.0617957 0.0753899 0.0749898 0.0707533 0.0743786 0.0141433 0.0259814 0.0678020 0.0747915 0.0159084 0.0000000 0.0227902 0.0747691 0.0680035 0.0737188 0.0946021 0.0884395 0.0141991 0.0756369 0.0689483 0.0881483 0.0658142 0.0749789 0.0819284 0.0778518 0.0732363 0.0674853 0.0033426 0.0731631 
Dasyuridae_Planigale_tenuirostris            0.0715422 0.0982049 0.0785988 0.0733909 0.0741527 0.0228534 0.0586292 0.0722464 0.0746785 0.0753559 0.0711162 0.0217438 0.0175010 0.0653666 0.0750476 0.0232881 0.0227902 0.0000000 0.0775728 0.0684245 0.0728104 0.0972419 0.0917248 0.0195489 0.0740110 0.0732043 0.0920513 0.0679702 0.0796419 0.0800373 0.0800877 0.0727034 0.0732335 0.0228099 0.0755725 
Peramelidae_Echymipera_kalubu                0.0699358 0.0900946 0.0769757 0.0689651 0.0705759 0.0750487 0.0540973 0.0668488 0.0680391 0.0180837 0.0686132 0.0766713 0.0807363 0.0641919 0.0711409 0.0766868 0.0747691 0.0775728 0.0000000 0.0622001 0.0719381 0.0907082 0.0845470 0.0735365 0.0696704 0.0668555 0.0853950 0.0636701 0.0740737 0.0756458 0.0731962 0.0656286 0.0176414 0.0743512 0.0170828 
Macropodidae_Dorcopsulus_vanheurni           0.0409834 0.0897639 0.0568900 0.0215623 0.0229150 0.0693219 0.0348739 0.0507021 0.0211144 0.0586754 0.0483672 0.0676240 0.0721814 0.0451215 0.0452986 0.0675565 0.0680035 0.0684245 0.0622001 0.0000000 0.0455569 0.0889071 0.0818976 0.0639028 0.0369359 0.0567408 0.0570368 0.0084178 0.0439253 0.0565076 0.0480523 0.0489434 0.0612035 0.0686488 0.0615173 
Pseudochiridae_Pseudochirulus_forbesi        0.0447710 0.0978362 0.0626879 0.0524243 0.0539440 0.0739942 0.0392140 0.0525565 0.0515408 0.0659209 0.0506388 0.0739030 0.0807836 0.0459535 0.0459983 0.0749673 0.0737188 0.0728104 0.0719381 0.0455569 0.0000000 0.0868909 0.0790847 0.0695156 0.0550880 0.0639274 0.0387517 0.0470088 0.0140933 0.0507086 0.0477446 0.0526777 0.0715582 0.0733000 0.0676165 
Didelphidae_Didelphis_virginiana             0.0851483 0.1175421 0.0940192 0.0942840 0.0960284 0.0954983 0.0810688 0.0951953 0.0956984 0.0888246 0.0914870 0.0967333 0.1016176 0.0902561 0.0869477 0.0960663 0.0946021 0.0972419 0.0907082 0.0889071 0.0868909 0.0000000 0.0334904 0.0959590 0.0974878 0.0885505 0.1100785 0.0881432 0.0976257 0.0947786 0.0917114 0.0961209 0.0927422 0.0941949 0.0886860 
Marmosidae_Monodelphis_domestica             0.0795333 0.1049537 0.0954578 0.0910494 0.0927733 0.0887838 0.0764511 0.0900158 0.0888189 0.0869734 0.0861399 0.0875847 0.0952842 0.0841169 0.0813547 0.0875554 0.0884395 0.0917248 0.0845470 0.0818976 0.0790847 0.0334904 0.0000000 0.0857233 0.0910465 0.0829227 0.1029709 0.0812449 0.0874537 0.0891719 0.0857796 0.0912365 0.0849568 0.0868938 0.0858734 
Dasyuridae_Antechinus_stuartii               0.0675889 0.0927555 0.0770500 0.0703654 0.0703936 0.0142384 0.0550744 0.0709209 0.0704585 0.0695694 0.0694962 0.0050739 0.0237369 0.0642725 0.0679217 0.0059327 0.0141991 0.0195489 0.0735365 0.0639028 0.0695156 0.0959590 0.0857233 0.0000000 0.0699699 0.0646588 0.0836687 0.0637004 0.0691055 0.0778989 0.0727569 0.0685536 0.0674805 0.0142220 0.0718387 
Hypsiprymnodontidae_Hypsiprymnodon_moschatus 0.0540386 0.0983549 0.0668925 0.0410529 0.0425171 0.0759216 0.0434309 0.0563308 0.0406086 0.0636688 0.0555887 0.0752853 0.0816437 0.0510707 0.0547589 0.0752492 0.0756369 0.0740110 0.0696704 0.0369359 0.0550880 0.0974878 0.0910465 0.0699699 0.0000000 0.0681687 0.0645747 0.0381413 0.0571469 0.0657598 0.0596222 0.0549385 0.0689371 0.0752176 0.0679408 
Microbiotheriidae_Dromiciops_gliroides       0.0615080 0.0925732 0.0671161 0.0657092 0.0673405 0.0691830 0.0488442 0.0638376 0.0662976 0.0669501 0.0612147 0.0690935 0.0755396 0.0576594 0.0630525 0.0696806 0.0689483 0.0732043 0.0668555 0.0567408 0.0639274 0.0885505 0.0829227 0.0646588 0.0681687 0.0000000 0.0775591 0.0578427 0.0625950 0.0718416 0.0648262 0.0612172 0.0669661 0.0684930 0.0677989 
Pseudochiridae_Petauroides_volans            0.0610380 0.1072278 0.0804444 0.0643586 0.0648546 0.0878033 0.0526330 0.0705971 0.0625430 0.0833627 0.0676899 0.0903875 0.0949366 0.0613469 0.0596078 0.0916458 0.0881483 0.0920513 0.0853950 0.0570368 0.0387517 0.1100785 0.1029709 0.0836687 0.0645747 0.0775591 0.0000000 0.0585609 0.0292421 0.0640752 0.0629303 0.0688709 0.0857629 0.0876558 0.0861551 
Macropodidae_Wallabia_bicolor                0.0428005 0.0892709 0.0562393 0.0226253 0.0239928 0.0681749 0.0355060 0.0516103 0.0212730 0.0580337 0.0498015 0.0680798 0.0721498 0.0459973 0.0456203 0.0680736 0.0658142 0.0679702 0.0636701 0.0084178 0.0470088 0.0881432 0.0812449 0.0637004 0.0381413 0.0578427 0.0585609 0.0000000 0.0451013 0.0568754 0.0489087 0.0498398 0.0617369 0.0675022 0.0609549 
Pseudochiridae_Pseudocheirus_occidentalis    0.0506073 0.0954578 0.0630959 0.0514579 0.0542292 0.0766566 0.0367223 0.0541597 0.0516570 0.0664654 0.0532652 0.0749401 0.0862592 0.0471884 0.0506319 0.0768778 0.0749789 0.0796419 0.0740737 0.0439253 0.0140933 0.0976257 0.0874537 0.0691055 0.0571469 0.0625950 0.0292421 0.0451013 0.0000000 0.0535245 0.0478957 0.0566201 0.0734952 0.0757358 0.0695847 
Tarsipedidae_Tarsipes_rostratus              0.0585532 0.1087473 0.0728523 0.0644084 0.0660119 0.0822455 0.0488439 0.0608249 0.0614489 0.0738796 0.0609185 0.0811061 0.0890685 0.0539727 0.0515028 0.0805499 0.0819284 0.0800373 0.0756458 0.0565076 0.0507086 0.0947786 0.0891719 0.0778989 0.0657598 0.0718416 0.0640752 0.0568754 0.0535245 0.0000000 0.0587157 0.0618970 0.0759619 0.0815065 0.0746313 
Acrobatidae_Distoechurus_pennatus            0.0506107 0.0977168 0.0593894 0.0535000 0.0550267 0.0776346 0.0402383 0.0524312 0.0534682 0.0674466 0.0511330 0.0742624 0.0850823 0.0467913 0.0283222 0.0763864 0.0778518 0.0800877 0.0731962 0.0480523 0.0477446 0.0917114 0.0857796 0.0727569 0.0596222 0.0648262 0.0629303 0.0489087 0.0478957 0.0587157 0.0000000 0.0516252 0.0719610 0.0774364 0.0726445 
Phalangeridae_Phalanger_carmelitae           0.0494990 0.1008034 0.0589939 0.0570635 0.0586354 0.0735137 0.0192471 0.0162254 0.0559748 0.0612846 0.0144885 0.0711977 0.0781069 0.0124204 0.0487239 0.0728538 0.0732363 0.0727034 0.0656286 0.0489434 0.0526777 0.0961209 0.0912365 0.0685536 0.0549385 0.0612172 0.0688709 0.0498398 0.0566201 0.0618970 0.0516252 0.0000000 0.0663353 0.0733988 0.0649938 
Peramelidae_Peroryctes_raffrayana            0.0674403 0.0897485 0.0785697 0.0658352 0.0671253 0.0681858 0.0517335 0.0659387 0.0655385 0.0196143 0.0664001 0.0693518 0.0776291 0.0616822 0.0692553 0.0697064 0.0674853 0.0732335 0.0176414 0.0612035 0.0715582 0.0927422 0.0849568 0.0674805 0.0689371 0.0669661 0.0857629 0.0617369 0.0734952 0.0759619 0.0719610 0.0663353 0.0000000 0.0681381 0.0188025 
Dasyuridae_Dasyurus_geffroii                 0.0713255 0.0967050 0.0809182 0.0745424 0.0745731 0.0033512 0.0613481 0.0749571 0.0756614 0.0720438 0.0739450 0.0141661 0.0251097 0.0679501 0.0743676 0.0159387 0.0033426 0.0228099 0.0743512 0.0686488 0.0733000 0.0941949 0.0868938 0.0142220 0.0752176 0.0684930 0.0876558 0.0675022 0.0757358 0.0815065 0.0774364 0.0733988 0.0681381 0.0000000 0.0738339 
Peramelidae_Perameles_gunnii                 0.0682955 0.0926786 0.0743132 0.0684221 0.0700418 0.0745345 0.0524025 0.0650670 0.0680200 0.0009205 0.0657949 0.0749995 0.0785440 0.0603988 0.0705951 0.0750150 0.0731631 0.0755725 0.0170828 0.0615173 0.0676165 0.0886860 0.0858734 0.0718387 0.0679408 0.0677989 0.0861551 0.0609549 0.0695847 0.0746313 0.0726445 0.0649938 0.0188025 0.0738339 0.0000000 
