35
Burramyidae_Burramys_parvus                  0.0000000 0.0725172 0.0421895 0.0444262 0.0452261 0.0674632 0.0446946 0.0499500 0.0451519 0.0678631 0.0484439 0.0691332 0.0661076 0.0462069 0.0477988 0.0692914 0.0657999 0.0619279 0.0640048 0.0461421 0.0502836 0.0885906 0.0796440 0.0657279 0.0406774 0.0565222 0.0556771 0.0441345 0.0510050 0.0511736 0.0489738 0.0482075 0.0754948 0.0677748 0.0679379 
Notoryctidae_Notoryctes_typhlops             0.0725172 0.0000000 0.0691099 0.0746133 0.0743074 0.0870265 0.0761573 0.0823193 0.0742119 0.0879796 0.0790540 0.0905806 0.0877744 0.0766220 0.0829779 0.0910308 0.0865246 0.0856325 0.0824140 0.0772758 0.0771433 0.1109561 0.1015965 0.0867368 0.0733734 0.0794986 0.1051091 0.0765823 0.1011688 0.0795936 0.0774425 0.0788814 0.0982010 0.0887225 0.0876981 
Vombatidae_Lasiorhinus_latifrons             0.0421895 0.0691099 0.0000000 0.0417742 0.0431572 0.0665019 0.0457703 0.0512504 0.0430570 0.0639637 0.0489850 0.0655152 0.0651140 0.0471299 0.0512045 0.0672040 0.0643792 0.0614098 0.0598568 0.0466340 0.0511993 0.0867569 0.0758196 0.0634976 0.0423232 0.0560835 0.0613589 0.0446032 0.0540187 0.0521211 0.0485774 0.0498938 0.0708992 0.0672102 0.0641000 
Potoroidae_Bettongia_penicillata             0.0444262 0.0746133 0.0417742 0.0000000 0.0042472 0.0677501 0.0473288 0.0532307 0.0077399 0.0658190 0.0506919 0.0688088 0.0668134 0.0469459 0.0504408 0.0709616 0.0664832 0.0631245 0.0620459 0.0168291 0.0507579 0.0882391 0.0768420 0.0659859 0.0308633 0.0575585 0.0554467 0.0158704 0.0477145 0.0525834 0.0512450 0.0501961 0.0726409 0.0678597 0.0667669 
Potoroidae_Bettongia_lesueur                 0.0452261 0.0743074 0.0431572 0.0042472 0.0000000 0.0677574 0.0487402 0.0548519 0.0090489 0.0662132 0.0523261 0.0694150 0.0682622 0.0487796 0.0515956 0.0715612 0.0664241 0.0639315 0.0622632 0.0185106 0.0530043 0.0892367 0.0782987 0.0661304 0.0326047 0.0577538 0.0558565 0.0182721 0.0499423 0.0540527 0.0526888 0.0518441 0.0725710 0.0678270 0.0667619 
Dasyuridae_Dasyurus_maculatus                0.0674632 0.0870265 0.0665019 0.0677501 0.0677574 0.0000000 0.0726354 0.0749903 0.0717547 0.0792337 0.0725864 0.0169700 0.0197861 0.0703051 0.0792302 0.0170371 0.0044585 0.0170704 0.0764965 0.0713856 0.0773129 0.1035052 0.0931251 0.0133525 0.0691374 0.0712574 0.0959548 0.0683995 0.0954561 0.0765475 0.0784451 0.0726852 0.0919959 0.0043114 0.0786299 
Phalangeridae_Trichosurus_vulpecula          0.0446946 0.0761573 0.0457703 0.0473288 0.0487402 0.0726354 0.0000000 0.0195952 0.0499863 0.0705198 0.0183890 0.0738926 0.0718805 0.0154143 0.0544010 0.0744232 0.0705025 0.0682562 0.0653163 0.0516497 0.0555205 0.0882667 0.0804097 0.0708802 0.0468597 0.0623689 0.0648408 0.0498323 0.0645939 0.0554586 0.0536507 0.0182958 0.0767032 0.0734051 0.0704944 
Phalangeridae_Spilocuscus_maculatus          0.0499500 0.0823193 0.0512504 0.0532307 0.0548519 0.0749903 0.0195952 0.0000000 0.0556796 0.0751935 0.0113423 0.0776010 0.0746646 0.0115758 0.0597973 0.0778925 0.0732694 0.0698082 0.0696338 0.0576070 0.0593272 0.0930406 0.0824244 0.0734989 0.0528869 0.0673440 0.0750239 0.0539898 0.0718935 0.0613595 0.0582589 0.0107783 0.0796883 0.0755333 0.0753446 
Potoroidae_Aepyprymnus_rufescens             0.0451519 0.0742119 0.0430570 0.0077399 0.0090489 0.0717547 0.0499863 0.0556796 0.0000000 0.0682363 0.0525701 0.0723059 0.0698930 0.0494435 0.0515912 0.0740276 0.0701894 0.0660499 0.0638907 0.0181404 0.0540104 0.0897072 0.0797917 0.0694892 0.0307740 0.0602655 0.0573929 0.0180970 0.0516092 0.0529845 0.0528931 0.0522870 0.0758006 0.0718197 0.0690291 
Peramelidae_Perameles_nasuta                 0.0678631 0.0879796 0.0639637 0.0658190 0.0662132 0.0792337 0.0705198 0.0751935 0.0682363 0.0000000 0.0737611 0.0801081 0.0762245 0.0702211 0.0737443 0.0800590 0.0775022 0.0725924 0.0121565 0.0716191 0.0759105 0.1008869 0.0905242 0.0770010 0.0656006 0.0736180 0.0908254 0.0693305 0.0882499 0.0746275 0.0727166 0.0731359 0.0186006 0.0800536 0.0016059 
Phalangeridae_Strigocuscus_pelengensis       0.0484439 0.0790540 0.0489850 0.0506919 0.0523261 0.0725864 0.0183890 0.0113423 0.0525701 0.0737611 0.0000000 0.0745578 0.0731075 0.0103508 0.0581239 0.0748696 0.0708567 0.0696196 0.0688259 0.0538793 0.0581305 0.0915491 0.0818190 0.0708379 0.0509919 0.0661818 0.0738333 0.0514390 0.0682283 0.0601146 0.0566354 0.0098732 0.0792480 0.0733633 0.0736528 
Dasyuridae_Phascogale_tapoatafa              0.0691332 0.0905806 0.0655152 0.0688088 0.0694150 0.0169700 0.0738926 0.0776010 0.0723059 0.0801081 0.0745578 0.0000000 0.0237006 0.0729342 0.0808561 0.0038369 0.0159074 0.0199197 0.0782797 0.0736871 0.0782961 0.1036923 0.0946580 0.0108963 0.0697056 0.0740188 0.0985773 0.0706755 0.0964336 0.0762325 0.0802324 0.0755697 0.0934590 0.0181517 0.0789471 
Dasyuridae_Sminthopsis_macroura              0.0661076 0.0877744 0.0651140 0.0668134 0.0682622 0.0197861 0.0718805 0.0746646 0.0698930 0.0762245 0.0731075 0.0237006 0.0000000 0.0704675 0.0784316 0.0239019 0.0187023 0.0141186 0.0740283 0.0705957 0.0762436 0.1014198 0.0908380 0.0184001 0.0675404 0.0721796 0.0957298 0.0683105 0.0931824 0.0764817 0.0759488 0.0734830 0.0886225 0.0210154 0.0757526 
Phalangeridae_Phalanger_orientalis           0.0462069 0.0766220 0.0471299 0.0469459 0.0487796 0.0703051 0.0154143 0.0115758 0.0494435 0.0702211 0.0103508 0.0729342 0.0704675 0.0000000 0.0527962 0.0732309 0.0691170 0.0670416 0.0654205 0.0520753 0.0555157 0.0889444 0.0794870 0.0690854 0.0472823 0.0638157 0.0639607 0.0492348 0.0606005 0.0584484 0.0528198 0.0057313 0.0757944 0.0715301 0.0701788 
Acrobatidae_Acrobates_pygmaeus               0.0477988 0.0829779 0.0512045 0.0504408 0.0515956 0.0792302 0.0544010 0.0597973 0.0515912 0.0737443 0.0581239 0.0808561 0.0784316 0.0527962 0.0000000 0.0802191 0.0771681 0.0739901 0.0715791 0.0547295 0.0525400 0.1002346 0.0879490 0.0784150 0.0481575 0.0659452 0.0525089 0.0534119 0.0488610 0.0505024 0.0286482 0.0563575 0.0837749 0.0802886 0.0733623 
Dasyuridae_Phascogale_calura                 0.0692914 0.0910308 0.0672040 0.0709616 0.0715612 0.0170371 0.0744232 0.0778925 0.0740276 0.0800590 0.0748696 0.0038369 0.0239019 0.0732309 0.0802191 0.0000000 0.0163171 0.0196607 0.0783795 0.0749566 0.0779448 0.1034242 0.0951881 0.0108274 0.0703544 0.0745698 0.0976486 0.0715828 0.0954852 0.0773059 0.0814057 0.0758739 0.0933091 0.0184208 0.0790189 
Dasyuridae_Sarcophilus_harrisii              0.0657999 0.0865246 0.0643792 0.0664832 0.0664241 0.0044585 0.0705025 0.0732694 0.0701894 0.0775022 0.0708567 0.0159074 0.0187023 0.0691170 0.0771681 0.0163171 0.0000000 0.0158139 0.0743917 0.0700404 0.0764160 0.1031331 0.0930586 0.0128084 0.0676075 0.0698251 0.0949095 0.0665277 0.0933731 0.0757422 0.0767346 0.0714433 0.0900724 0.0054296 0.0765235 
Dasyuridae_Planigale_tenuirostris            0.0619279 0.0856325 0.0614098 0.0631245 0.0639315 0.0170704 0.0682562 0.0698082 0.0660499 0.0725924 0.0696196 0.0199197 0.0141186 0.0670416 0.0739901 0.0196607 0.0158139 0.0000000 0.0701826 0.0667718 0.0739457 0.0989343 0.0886212 0.0156649 0.0652568 0.0683959 0.0890031 0.0631299 0.0874755 0.0741450 0.0747233 0.0703446 0.0842336 0.0179206 0.0716721 
Peramelidae_Echymipera_kalubu                0.0640048 0.0824140 0.0598568 0.0620459 0.0622632 0.0764965 0.0653163 0.0696338 0.0638907 0.0121565 0.0688259 0.0782797 0.0740283 0.0654205 0.0715791 0.0783795 0.0743917 0.0701826 0.0000000 0.0673597 0.0715962 0.0979099 0.0866644 0.0745370 0.0607150 0.0712305 0.0852303 0.0650855 0.0825008 0.0719274 0.0684727 0.0673808 0.0118501 0.0770834 0.0116390 
Macropodidae_Dorcopsulus_vanheurni           0.0461421 0.0772758 0.0466340 0.0168291 0.0185106 0.0713856 0.0516497 0.0576070 0.0181404 0.0716191 0.0538793 0.0736871 0.0705957 0.0520753 0.0547295 0.0749566 0.0700404 0.0667718 0.0673597 0.0000000 0.0559335 0.0918628 0.0819560 0.0695396 0.0343219 0.0611062 0.0635835 0.0115760 0.0562432 0.0575979 0.0556082 0.0543728 0.0790608 0.0721188 0.0716792 
Pseudochiridae_Pseudochirulus_forbesi        0.0502836 0.0771433 0.0511993 0.0507579 0.0530043 0.0773129 0.0555205 0.0593272 0.0540104 0.0759105 0.0581305 0.0782961 0.0762436 0.0555157 0.0525400 0.0779448 0.0764160 0.0739457 0.0715962 0.0559335 0.0000000 0.0982323 0.0851357 0.0748452 0.0516322 0.0674625 0.0443428 0.0545400 0.0261736 0.0470787 0.0482522 0.0573376 0.0854037 0.0783004 0.0758866 
Didelphidae_Didelphis_virginiana             0.0885906 0.1109561 0.0867569 0.0882391 0.0892367 0.1035052 0.0882667 0.0930406 0.0897072 0.1008869 0.0915491 0.1036923 0.1014198 0.0889444 0.1002346 0.1034242 0.1031331 0.0989343 0.0979099 0.0918628 0.0982323 0.0000000 0.0381538 0.1005700 0.0873163 0.0915510 0.1106652 0.0883811 0.1091091 0.0974261 0.0955480 0.0912094 0.1105407 0.1056574 0.1005246 
Marmosidae_Monodelphis_domestica             0.0796440 0.1015965 0.0758196 0.0768420 0.0782987 0.0931251 0.0804097 0.0824244 0.0797917 0.0905242 0.0818190 0.0946580 0.0908380 0.0794870 0.0879490 0.0951881 0.0930586 0.0886212 0.0866644 0.0819560 0.0851357 0.0381538 0.0000000 0.0906428 0.0785845 0.0803011 0.1080565 0.0789603 0.1032142 0.0866191 0.0851833 0.0815473 0.0987783 0.0954583 0.0903565 
Dasyuridae_Antechinus_stuartii               0.0657279 0.0867368 0.0634976 0.0659859 0.0661304 0.0133525 0.0708802 0.0734989 0.0694892 0.0770010 0.0708379 0.0108963 0.0184001 0.0690854 0.0784150 0.0108274 0.0128084 0.0156649 0.0745370 0.0695396 0.0748452 0.1005700 0.0906428 0.0000000 0.0673628 0.0701262 0.0885597 0.0659850 0.0870790 0.0752447 0.0764457 0.0712837 0.0894985 0.0150455 0.0760563 
Hypsiprymnodontidae_Hypsiprymnodon_moschatus 0.0406774 0.0733734 0.0423232 0.0308633 0.0326047 0.0691374 0.0468597 0.0528869 0.0307740 0.0656006 0.0509919 0.0697056 0.0675404 0.0472823 0.0481575 0.0703544 0.0676075 0.0652568 0.0607150 0.0343219 0.0516322 0.0873163 0.0785845 0.0673628 0.0000000 0.0583490 0.0640360 0.0324832 0.0562472 0.0513487 0.0490152 0.0500963 0.0735787 0.0690134 0.0659136 
Microbiotheriidae_Dromiciops_gliroides       0.0565222 0.0794986 0.0560835 0.0575585 0.0577538 0.0712574 0.0623689 0.0673440 0.0602655 0.0736180 0.0661818 0.0740188 0.0721796 0.0638157 0.0659452 0.0745698 0.0698251 0.0683959 0.0712305 0.0611062 0.0674625 0.0915510 0.0803011 0.0701262 0.0583490 0.0000000 0.0725320 0.0597152 0.0745978 0.0657829 0.0657653 0.0659431 0.0821405 0.0713981 0.0735465 
Pseudochiridae_Petauroides_volans            0.0556771 0.1051091 0.0613589 0.0554467 0.0558565 0.0959548 0.0648408 0.0750239 0.0573929 0.0908254 0.0738333 0.0985773 0.0957298 0.0639607 0.0525089 0.0976486 0.0949095 0.0890031 0.0852303 0.0635835 0.0443428 0.1106652 0.1080565 0.0885597 0.0640360 0.0725320 0.0000000 0.0604902 0.0290438 0.0544706 0.0601214 0.0708753 0.1039043 0.0979431 0.0917661 
Macropodidae_Wallabia_bicolor                0.0441345 0.0765823 0.0446032 0.0158704 0.0182721 0.0683995 0.0498323 0.0539898 0.0180970 0.0693305 0.0514390 0.0706755 0.0683105 0.0492348 0.0534119 0.0715828 0.0665277 0.0631299 0.0650855 0.0115760 0.0545400 0.0883811 0.0789603 0.0659850 0.0324832 0.0597152 0.0604902 0.0000000 0.0537656 0.0552670 0.0539877 0.0511408 0.0760978 0.0693994 0.0693650 
Pseudochiridae_Pseudocheirus_occidentalis    0.0510050 0.1011688 0.0540187 0.0477145 0.0499423 0.0954561 0.0645939 0.0718935 0.0516092 0.0882499 0.0682283 0.0964336 0.0931824 0.0606005 0.0488610 0.0954852 0.0933731 0.0874755 0.0825008 0.0562432 0.0261736 0.1091091 0.1032142 0.0870790 0.0562472 0.0745978 0.0290438 0.0537656 0.0000000 0.0515425 0.0550719 0.0671674 0.1005129 0.0963091 0.0879575 
Tarsipedidae_Tarsipes_rostratus              0.0511736 0.0795936 0.0521211 0.0525834 0.0540527 0.0765475 0.0554586 0.0613595 0.0529845 0.0746275 0.0601146 0.0762325 0.0764817 0.0584484 0.0505024 0.0773059 0.0757422 0.0741450 0.0719274 0.0575979 0.0470787 0.0974261 0.0866191 0.0752447 0.0513487 0.0657829 0.0544706 0.0552670 0.0515425 0.0000000 0.0502266 0.0605348 0.0864819 0.0767655 0.0752453 
Acrobatidae_Distoechurus_pennatus            0.0489738 0.0774425 0.0485774 0.0512450 0.0526888 0.0784451 0.0536507 0.0582589 0.0528931 0.0727166 0.0566354 0.0802324 0.0759488 0.0528198 0.0286482 0.0814057 0.0767346 0.0747233 0.0684727 0.0556082 0.0482522 0.0955480 0.0851833 0.0764457 0.0490152 0.0657653 0.0601214 0.0539877 0.0550719 0.0502266 0.0000000 0.0550874 0.0794294 0.0792243 0.0725011 
Phalangeridae_Phalanger_carmelitae           0.0482075 0.0788814 0.0498938 0.0501961 0.0518441 0.0726852 0.0182958 0.0107783 0.0522870 0.0731359 0.0098732 0.0755697 0.0734830 0.0057313 0.0563575 0.0758739 0.0714433 0.0703446 0.0673808 0.0543728 0.0573376 0.0912094 0.0815473 0.0712837 0.0500963 0.0659431 0.0708753 0.0511408 0.0671674 0.0605348 0.0550874 0.0000000 0.0784280 0.0739083 0.0730649 
Peramelidae_Peroryctes_raffrayana            0.0754948 0.0982010 0.0708992 0.0726409 0.0725710 0.0919959 0.0767032 0.0796883 0.0758006 0.0186006 0.0792480 0.0934590 0.0886225 0.0757944 0.0837749 0.0933091 0.0900724 0.0842336 0.0118501 0.0790608 0.0854037 0.1105407 0.0987783 0.0894985 0.0735787 0.0821405 0.1039043 0.0760978 0.1005129 0.0864819 0.0794294 0.0784280 0.0000000 0.0924459 0.0179268 
Dasyuridae_Dasyurus_geffroii                 0.0677748 0.0887225 0.0672102 0.0678597 0.0678270 0.0043114 0.0734051 0.0755333 0.0718197 0.0800536 0.0733633 0.0181517 0.0210154 0.0715301 0.0802886 0.0184208 0.0054296 0.0179206 0.0770834 0.0721188 0.0783004 0.1056574 0.0954583 0.0150455 0.0690134 0.0713981 0.0979431 0.0693994 0.0963091 0.0767655 0.0792243 0.0739083 0.0924459 0.0000000 0.0792267 
Peramelidae_Perameles_gunnii                 0.0679379 0.0876981 0.0641000 0.0667669 0.0667619 0.0786299 0.0704944 0.0753446 0.0690291 0.0016059 0.0736528 0.0789471 0.0757526 0.0701788 0.0733623 0.0790189 0.0765235 0.0716721 0.0116390 0.0716792 0.0758866 0.1005246 0.0903565 0.0760563 0.0659136 0.0735465 0.0917661 0.0693650 0.0879575 0.0752453 0.0725011 0.0730649 0.0179268 0.0792267 0.0000000 
