37
Burramyidae_Burramys_parvus                  0.0000000 0.1082574 0.0719987 0.0628694 0.0655740 0.0928283 0.0524349 0.0625625 0.0692870 0.0809337 0.0536001 0.0940870 0.0890140 0.0604312 0.0661129 0.0944918 0.0910294 0.0843817 0.0845545 0.0675562 0.0594658 0.1509058 0.1098897 0.0839303 0.0671652 0.0681557 0.0621395 0.0647575 0.0648374 0.0799695 0.0622688 0.0618883 0.0795320 0.0878443 0.0822501 9.0000000 9.0000000 
Notoryctidae_Notoryctes_typhlops             0.1082574 0.0000000 0.1010051 0.1076113 0.1108809 0.1317968 0.0965757 0.1072230 0.1121548 0.1121551 0.1132114 0.1346453 0.1739664 0.1140344 0.1112893 0.1358027 0.1465607 0.1347315 0.1121090 0.1168290 0.1104824 0.1359291 0.1482705 0.1259613 0.1075818 0.1091497 0.1073116 0.1103172 0.1229734 0.1372110 0.1065304 0.1152950 0.1163140 0.1271616 0.1144843 0.1183780 0.1183780 
Vombatidae_Lasiorhinus_latifrons             0.0719987 0.1010051 0.0000000 0.0730278 0.0728044 0.0982133 0.0625381 0.0686989 0.0739945 0.0896262 0.0661941 0.1004676 0.1057593 0.0720594 0.0780616 0.1001183 0.0996202 0.0976302 0.0904850 0.0767730 0.0695951 0.1478767 0.1016650 0.0909329 0.0700687 0.0763040 0.0694192 0.0710895 0.0794658 0.0944475 0.0747242 0.0718025 0.0908305 0.0945888 0.0899257 0.1129964 0.1129964 
Potoroidae_Bettongia_penicillata             0.0628694 0.1076113 0.0730278 0.0000000 0.0066629 0.1030430 0.0663893 0.0732073 0.0177424 0.0914646 0.0632721 0.1061713 0.0950918 0.0690264 0.0686234 0.1052001 0.0972023 0.1048787 0.0941608 0.0272390 0.0675165 0.1393283 0.1082052 0.0976514 0.0450295 0.0845216 0.0738987 0.0248038 0.0745354 0.0869277 0.0743868 0.0705180 0.0948346 0.0997951 0.0928758 0.1358022 0.1358022 
Potoroidae_Bettongia_lesueur                 0.0655740 0.1108809 0.0728044 0.0066629 0.0000000 0.1031760 0.0661766 0.0732683 0.0182505 0.0931146 0.0637707 0.1065946 0.0946578 0.0691187 0.0690439 0.1056313 0.0973048 0.1042920 0.0957449 0.0279955 0.0653609 0.1384525 0.1090564 0.0983518 0.0450907 0.0846051 0.0733628 0.0243435 0.0736335 0.0874303 0.0755320 0.0706123 0.0955519 0.0996166 0.0948516 0.1379251 0.1379251 
Dasyuridae_Dasyurus_maculatus                0.0928283 0.1317968 0.0982133 0.1030430 0.1031760 0.0000000 0.0955164 0.1004739 0.1037614 0.1066659 0.0897136 0.0241192 0.0326603 0.0962556 0.0951708 0.0237838 0.0129973 0.0274367 0.1056737 0.1051970 0.0919665 0.1574407 0.1217797 0.0206708 0.1006852 0.0954793 0.0983754 0.0986906 0.1026509 0.1132913 0.1021430 0.0960490 0.1030979 0.0070228 0.1063348 0.0595758 0.0595758 
Phalangeridae_Trichosurus_vulpecula          0.0524349 0.0965757 0.0625381 0.0663893 0.0661766 0.0955164 0.0000000 0.0257374 0.0683483 0.0837065 0.0252423 0.0940077 0.0960909 0.0258462 0.0563715 0.0939798 0.0878443 0.0943180 0.0873778 0.0682514 0.0555537 0.1481712 0.1028916 0.0869583 0.0654416 0.0736552 0.0614365 0.0631142 0.0621735 0.0822523 0.0610101 0.0257566 0.0860286 0.0914917 0.0848470 0.1173319 0.1173319 
Phalangeridae_Spilocuscus_maculatus          0.0625625 0.1072230 0.0686989 0.0732073 0.0732683 0.1004739 0.0257374 0.0000000 0.0745977 0.0910747 0.0172265 0.1019260 0.1043247 0.0158386 0.0636023 0.1012482 0.0972008 0.1018841 0.0928777 0.0734115 0.0618830 0.1504971 0.1079588 0.0943870 0.0722161 0.0799189 0.0694991 0.0696862 0.0664855 0.0904689 0.0666379 0.0150512 0.0919888 0.0982051 0.0926346 0.1223356 0.1223356 
Potoroidae_Aepyprymnus_rufescens             0.0692870 0.1121548 0.0739945 0.0177424 0.0182505 0.1037614 0.0683483 0.0745977 0.0000000 0.0939895 0.0679046 0.1073690 0.1004743 0.0745057 0.0816660 0.1070328 0.0997994 0.1046098 0.0974628 0.0286944 0.0734109 0.1440248 0.1123661 0.0982823 0.0459785 0.0858023 0.0725164 0.0233131 0.0797420 0.0931225 0.0792805 0.0760263 0.0979258 0.1004260 0.0960369 0.1330666 0.1330666 
Peramelidae_Perameles_nasuta                 0.0809337 0.1121551 0.0896262 0.0914646 0.0931146 0.1066659 0.0837065 0.0910747 0.0939895 0.0000000 0.0817137 0.1080643 0.1104656 0.0901476 0.0893124 0.1081047 0.1023499 0.1087629 0.0224097 0.0972220 0.0862458 0.1506619 0.1191491 0.0999170 0.0953090 0.0906411 0.0897041 0.0923675 0.0902736 0.1018409 0.0919224 0.0910875 0.0220503 0.1013422 0.0011768 0.1171510 0.1171510 
Phalangeridae_Strigocuscus_pelengensis       0.0536001 0.1132114 0.0661941 0.0632721 0.0637707 0.0897136 0.0252423 0.0172265 0.0679046 0.0817137 0.0000000 0.0906711 0.0934449 0.0175915 0.0611841 0.0883162 0.0880216 0.0874794 0.0839861 0.0638573 0.0576104 0.1420633 0.1074885 0.0791343 0.0663586 0.0632016 0.0651485 0.0638016 0.0607978 0.0847657 0.0608128 0.0167847 0.0845886 0.0868139 0.0833202 9.0000000 9.0000000 
Dasyuridae_Phascogale_tapoatafa              0.0940870 0.1346453 0.1004676 0.1061713 0.1065946 0.0241192 0.0940077 0.1019260 0.1073690 0.1080643 0.0906711 0.0000000 0.0366055 0.0946635 0.0975306 0.0078784 0.0239265 0.0285665 0.1071376 0.1057653 0.0940203 0.1622463 0.1290389 0.0156467 0.1001991 0.0993732 0.0995313 0.1024111 0.1043534 0.1120838 0.1034482 0.0953488 0.1062157 0.0219628 0.1085306 0.0684780 0.0684780 
Dasyuridae_Sminthopsis_macroura              0.0890140 0.1739664 0.1057593 0.0950918 0.0946578 0.0326603 0.0960909 0.1043247 0.1004743 0.1104656 0.0934449 0.0366055 0.0000000 0.0985634 0.0965681 0.0356051 0.0341085 0.0234181 0.1128181 0.0991292 0.0911541 0.1800797 0.1325595 0.0324703 0.0977331 0.0906482 0.0981188 0.0948397 0.0982742 0.1135712 0.0934609 0.1002283 0.1066380 0.0311483 0.1118493 9.0000000 9.0000000 
Phalangeridae_Phalanger_orientalis           0.0604312 0.1140344 0.0720594 0.0690264 0.0691187 0.0962556 0.0258462 0.0158386 0.0745057 0.0901476 0.0175915 0.0946635 0.0985634 0.0000000 0.0660854 0.0923107 0.0942340 0.0928904 0.0934505 0.0677191 0.0627781 0.1483978 0.1126987 0.0860685 0.0698772 0.0705712 0.0713054 0.0683664 0.0682140 0.0925955 0.0636007 0.0057992 0.0887291 0.0912957 0.0920272 9.0000000 9.0000000 
Acrobatidae_Acrobates_pygmaeus               0.0661129 0.1112893 0.0780616 0.0686234 0.0690439 0.0951708 0.0563715 0.0636023 0.0816660 0.0893124 0.0611841 0.0975306 0.0965681 0.0660854 0.0000000 0.0942076 0.0944510 0.0903908 0.0902654 0.0748049 0.0604693 0.1502479 0.1136767 0.0851297 0.0721169 0.0735254 0.0660986 0.0739299 0.0650830 0.0898582 0.0323922 0.0645570 0.0907325 0.0926426 0.0911310 9.0000000 9.0000000 
Dasyuridae_Phascogale_calura                 0.0944918 0.1358027 0.1001183 0.1052001 0.1056313 0.0237838 0.0939798 0.1012482 0.1070328 0.1081047 0.0883162 0.0078784 0.0356051 0.0923107 0.0942076 0.0000000 0.0238198 0.0276645 0.1074484 0.1051065 0.0917140 0.1621724 0.1261441 0.0138945 0.1012932 0.0979779 0.1005259 0.1008651 0.1029151 0.1111580 0.1037150 0.0929526 0.1065542 0.0221392 0.1085712 0.0723997 0.0723997 
Dasyuridae_Sarcophilus_harrisii              0.0910294 0.1465607 0.0996202 0.0972023 0.0973048 0.0129973 0.0878443 0.0972008 0.0997994 0.1023499 0.0880216 0.0239265 0.0341085 0.0942340 0.0944510 0.0238198 0.0000000 0.0269830 0.1030122 0.0980991 0.0893680 0.1592210 0.1320681 0.0204237 0.0947564 0.0859238 0.0926732 0.0951864 0.1003676 0.1057582 0.0915779 0.0954296 0.1019121 0.0123712 0.1038499 9.0000000 9.0000000 
Dasyuridae_Planigale_tenuirostris            0.0843817 0.1347315 0.0976302 0.1048787 0.1042920 0.0274367 0.0943180 0.1018841 0.1046098 0.1087629 0.0874794 0.0285665 0.0234181 0.0928904 0.0903908 0.0276645 0.0269830 0.0000000 0.1074897 0.1050480 0.0892116 0.1703417 0.1230396 0.0229259 0.0978156 0.0987904 0.0988593 0.0978268 0.0954172 0.1061515 0.1032194 0.0947019 0.1046151 0.0255862 0.1075920 0.0677452 0.0677452 
Peramelidae_Echymipera_kalubu                0.0845545 0.1121090 0.0904850 0.0941608 0.0957449 0.1056737 0.0873778 0.0928777 0.0974628 0.0224097 0.0839861 0.1071376 0.1128181 0.0934505 0.0902654 0.1074484 0.1030122 0.1074897 0.0000000 0.0988656 0.0908786 0.1514371 0.1215359 0.0989304 0.0966129 0.0927785 0.0930811 0.0932879 0.0932343 0.1041652 0.0952823 0.0945003 0.0207404 0.1021471 0.0219296 0.1162716 0.1162716 
Macropodidae_Dorcopsulus_vanheurni           0.0675562 0.1168290 0.0767730 0.0272390 0.0279955 0.1051970 0.0682514 0.0734115 0.0286944 0.0972220 0.0638573 0.1057653 0.0991292 0.0677191 0.0748049 0.1051065 0.0980991 0.1050480 0.0988656 0.0000000 0.0684974 0.1440204 0.1129214 0.0979568 0.0459993 0.0857826 0.0754916 0.0150200 0.0760403 0.0898771 0.0785516 0.0697712 0.0979719 0.1016865 0.0990371 0.1417270 0.1417270 
Pseudochiridae_Pseudochirulus_forbesi        0.0594658 0.1104824 0.0695951 0.0675165 0.0653609 0.0919665 0.0555537 0.0618830 0.0734109 0.0862458 0.0576104 0.0940203 0.0911541 0.0627781 0.0604693 0.0917140 0.0893680 0.0892116 0.0908786 0.0684974 0.0000000 0.1458511 0.1086780 0.0850909 0.0692952 0.0639188 0.0312012 0.0662641 0.0245425 0.0672279 0.0621727 0.0625969 0.0904938 0.0879000 0.0876053 9.0000000 9.0000000 
Didelphidae_Didelphis_virginiana             0.1509058 0.1359291 0.1478767 0.1393283 0.1384525 0.1574407 0.1481712 0.1504971 0.1440248 0.1506619 0.1420633 0.1622463 0.1800797 0.1483978 0.1502479 0.1621724 0.1592210 0.1703417 0.1514371 0.1440204 0.1458511 0.0000000 0.1087626 0.1513671 0.1425888 0.1409002 0.1469827 0.1344494 0.1513284 0.1568282 0.1497965 0.1502970 0.1526487 0.1529296 0.1512828 9.0000000 9.0000000 
Marmosidae_Monodelphis_domestica             0.1098897 0.1482705 0.1016650 0.1082052 0.1090564 0.1217797 0.1028916 0.1079588 0.1123661 0.1191491 0.1074885 0.1290389 0.1325595 0.1126987 0.1136767 0.1261441 0.1320681 0.1230396 0.1215359 0.1129214 0.1086780 0.1087626 0.0000000 0.1152698 0.1071232 0.1103594 0.1102526 0.1102125 0.1127214 0.1245789 0.1099362 0.1124509 0.1188737 0.1195977 0.1201804 0.1169034 0.1169034 
Dasyuridae_Antechinus_stuartii               0.0839303 0.1259613 0.0909329 0.0976514 0.0983518 0.0206708 0.0869583 0.0943870 0.0982823 0.0999170 0.0791343 0.0156467 0.0324703 0.0860685 0.0851297 0.0138945 0.0204237 0.0229259 0.0989304 0.0979568 0.0850909 0.1513671 0.1152698 0.0000000 0.0933057 0.0882074 0.0920251 0.0936312 0.0947728 0.1013714 0.0953513 0.0863494 0.0971413 0.0195385 0.0998931 0.0697569 0.0697569 
Hypsiprymnodontidae_Hypsiprymnodon_moschatus 0.0671652 0.1075818 0.0700687 0.0450295 0.0450907 0.1006852 0.0654416 0.0722161 0.0459785 0.0953090 0.0663586 0.1001991 0.0977331 0.0698772 0.0721169 0.1012932 0.0947564 0.0978156 0.0966129 0.0459993 0.0692952 0.1425888 0.1071232 0.0933057 0.0000000 0.0867240 0.0735855 0.0433034 0.0769058 0.0899565 0.0761534 0.0716542 0.0965771 0.0968860 0.0974865 0.1236869 0.1236869 
Microbiotheriidae_Dromiciops_gliroides       0.0681557 0.1091497 0.0763040 0.0845216 0.0846051 0.0954793 0.0736552 0.0799189 0.0858023 0.0906411 0.0632016 0.0993732 0.0906482 0.0705712 0.0735254 0.0979779 0.0859238 0.0987904 0.0927785 0.0857826 0.0639188 0.1409002 0.1103594 0.0882074 0.0867240 0.0000000 0.0791646 0.0826481 0.0704032 0.0888968 0.0792507 0.0698901 0.0911115 0.0909297 0.0907037 0.1276736 0.1276736 
Pseudochiridae_Petauroides_volans            0.0621395 0.1073116 0.0694192 0.0738987 0.0733628 0.0983754 0.0614365 0.0694991 0.0725164 0.0897041 0.0651485 0.0995313 0.0981188 0.0713054 0.0660986 0.1005259 0.0926732 0.0988593 0.0930811 0.0754916 0.0312012 0.1469827 0.1102526 0.0920251 0.0735855 0.0791646 0.0000000 0.0711561 0.0365297 0.0721366 0.0618422 0.0710665 0.0929446 0.0966101 0.0917414 0.1260222 0.1260222 
Macropodidae_Wallabia_bicolor                0.0647575 0.1103172 0.0710895 0.0248038 0.0243435 0.0986906 0.0631142 0.0696862 0.0233131 0.0923675 0.0638016 0.1024111 0.0948397 0.0683664 0.0739299 0.1008651 0.0951864 0.0978268 0.0932879 0.0150200 0.0662641 0.1344494 0.1102125 0.0936312 0.0433034 0.0826481 0.0711561 0.0000000 0.0740505 0.0871354 0.0730873 0.0704135 0.0951365 0.0957170 0.0942587 0.1272311 0.1272311 
Pseudochiridae_Pseudocheirus_occidentalis    0.0648374 0.1229734 0.0794658 0.0745354 0.0736335 0.1026509 0.0621735 0.0664855 0.0797420 0.0902736 0.0607978 0.1043534 0.0982742 0.0682140 0.0650830 0.1029151 0.1003676 0.0954172 0.0932343 0.0760403 0.0245425 0.1513284 0.1127214 0.0947728 0.0769058 0.0704032 0.0365297 0.0740505 0.0000000 0.0744259 0.0686364 0.0693704 0.0945369 0.0980616 0.0916845 9.0000000 9.0000000 
Tarsipedidae_Tarsipes_rostratus              0.0799695 0.1372110 0.0944475 0.0869277 0.0874303 0.1132913 0.0822523 0.0904689 0.0931225 0.1018409 0.0847657 0.1120838 0.1135712 0.0925955 0.0898582 0.1111580 0.1057582 0.1061515 0.1041652 0.0898771 0.0672279 0.1568282 0.1245789 0.1013714 0.0899565 0.0888968 0.0721366 0.0871354 0.0744259 0.0000000 0.0843138 0.0925552 0.1074234 0.1057943 0.1028201 9.0000000 9.0000000 
Acrobatidae_Distoechurus_pennatus            0.0622688 0.1065304 0.0747242 0.0743868 0.0755320 0.1021430 0.0610101 0.0666379 0.0792805 0.0919224 0.0608128 0.1034482 0.0934609 0.0636007 0.0323922 0.1037150 0.0915779 0.1032194 0.0952823 0.0785516 0.0621727 0.1497965 0.1099362 0.0953513 0.0761534 0.0792507 0.0618422 0.0730873 0.0686364 0.0843138 0.0000000 0.0629393 0.0906489 0.0993093 0.0911244 0.1327739 0.1327739 
Phalangeridae_Phalanger_carmelitae           0.0618883 0.1152950 0.0718025 0.0705180 0.0706123 0.0960490 0.0257566 0.0150512 0.0760263 0.0910875 0.0167847 0.0953488 0.1002283 0.0057992 0.0645570 0.0929526 0.0954296 0.0947019 0.0945003 0.0697712 0.0625969 0.1502970 0.1124509 0.0863494 0.0716542 0.0698901 0.0710665 0.0704135 0.0693704 0.0925552 0.0629393 0.0000000 0.0898706 0.0937821 0.0925044 9.0000000 9.0000000 
Peramelidae_Peroryctes_raffrayana            0.0795320 0.1163140 0.0908305 0.0948346 0.0955519 0.1030979 0.0860286 0.0919888 0.0979258 0.0220503 0.0845886 0.1062157 0.1066380 0.0887291 0.0907325 0.1065542 0.1019121 0.1046151 0.0207404 0.0979719 0.0904938 0.1526487 0.1188737 0.0971413 0.0965771 0.0911115 0.0929446 0.0951365 0.0945369 0.1074234 0.0906489 0.0898706 0.0000000 0.0991914 0.0226098 0.1229330 0.1229330 
Dasyuridae_Dasyurus_geffroii                 0.0878443 0.1271616 0.0945888 0.0997951 0.0996166 0.0070228 0.0914917 0.0982051 0.1004260 0.1013422 0.0868139 0.0219628 0.0311483 0.0912957 0.0926426 0.0221392 0.0123712 0.0255862 0.1021471 0.1016865 0.0879000 0.1529296 0.1195977 0.0195385 0.0968860 0.0909297 0.0966101 0.0957170 0.0980616 0.1057943 0.0993093 0.0937821 0.0991914 0.0000000 0.1015505 0.0595848 0.0595848 
Peramelidae_Perameles_gunnii                 0.0822501 0.1144843 0.0899257 0.0928758 0.0948516 0.1063348 0.0848470 0.0926346 0.0960369 0.0011768 0.0833202 0.1085306 0.1118493 0.0920272 0.0911310 0.1085712 0.1038499 0.1075920 0.0219296 0.0990371 0.0876053 0.1512828 0.1201804 0.0998931 0.0974865 0.0907037 0.0917414 0.0942587 0.0916845 0.1028201 0.0911244 0.0925044 0.0226098 0.1015505 0.0000000 0.1182317 0.1182317 
Myrmecobiidae_Myrmecobius_fasciatus1         9.0000000 0.1183780 0.1129964 0.1358022 0.1379251 0.0595758 0.1173319 0.1223356 0.1330666 0.1171510 9.0000000 0.0684780 9.0000000 9.0000000 9.0000000 0.0723997 9.0000000 0.0677452 0.1162716 0.1417270 9.0000000 9.0000000 0.1169034 0.0697569 0.1236869 0.1276736 0.1260222 0.1272311 9.0000000 9.0000000 0.1327739 9.0000000 0.1229330 0.0595848 0.1182317 0.0000000 0.0000010 
Myrmecobiidae_Myrmecobius_fasciatus2         9.0000000 0.1183780 0.1129964 0.1358022 0.1379251 0.0595758 0.1173319 0.1223356 0.1330666 0.1171510 9.0000000 0.0684780 9.0000000 9.0000000 9.0000000 0.0723997 9.0000000 0.0677452 0.1162716 0.1417270 9.0000000 9.0000000 0.1169034 0.0697569 0.1236869 0.1276736 0.1260222 0.1272311 9.0000000 9.0000000 0.1327739 9.0000000 0.1229330 0.0595848 0.1182317 0.0000010 0.0000000 
