35
Burramyidae_Burramys_parvus                  0.0000000 0.0546236 0.0327581 0.0355746 0.0366786 0.0504233 0.0345943 0.0301055 0.0348182 0.0641368 0.0296693 0.0480998 0.0489865 0.0293873 0.0370276 0.0497227 0.0493238 0.0558855 0.0657476 0.0308439 0.0363928 0.0591025 0.0595004 0.0499912 0.0340948 0.0407471 0.0364677 0.0330502 0.0360376 0.0450794 0.0337534 0.0282468 0.0647516 0.0599247 0.0649558 
Notoryctidae_Notoryctes_typhlops             0.0546236 0.0000000 0.0563310 0.0657290 0.0658109 0.0739371 0.0666940 0.0600943 0.0661206 0.0850068 0.0594870 0.0711209 0.0705689 0.0584981 0.0605122 0.0732155 0.0728348 0.0881118 0.0889128 0.0603368 0.0615676 0.0817744 0.0809844 0.0735635 0.0628438 0.0683502 0.0595390 0.0627685 0.0590038 0.0708612 0.0611911 0.0588437 0.0862404 0.0884849 0.0862997 
Vombatidae_Lasiorhinus_latifrons             0.0327581 0.0563310 0.0000000 0.0443854 0.0451996 0.0548783 0.0429650 0.0362156 0.0428544 0.0672107 0.0369220 0.0521698 0.0522655 0.0369496 0.0392019 0.0545120 0.0537248 0.0622377 0.0698550 0.0385216 0.0418826 0.0615823 0.0601546 0.0558613 0.0413697 0.0420762 0.0403211 0.0411202 0.0400654 0.0504960 0.0428222 0.0365277 0.0697138 0.0687517 0.0671154 
Potoroidae_Bettongia_penicillata             0.0355746 0.0657290 0.0443854 0.0000000 0.0026824 0.0628007 0.0470198 0.0430969 0.0108284 0.0777436 0.0431815 0.0616329 0.0601972 0.0420154 0.0455794 0.0636680 0.0609044 0.0738066 0.0779282 0.0139621 0.0491970 0.0713231 0.0693476 0.0635999 0.0273519 0.0537743 0.0477661 0.0136161 0.0478839 0.0549857 0.0455241 0.0415636 0.0777296 0.0770913 0.0784076 
Potoroidae_Bettongia_lesueur                 0.0366786 0.0658109 0.0451996 0.0026824 0.0000000 0.0636659 0.0463289 0.0431509 0.0098131 0.0770136 0.0428376 0.0624749 0.0610563 0.0420681 0.0463640 0.0645371 0.0617646 0.0751611 0.0780230 0.0129264 0.0500244 0.0714104 0.0702359 0.0640868 0.0266657 0.0541660 0.0478257 0.0125811 0.0479448 0.0549860 0.0463419 0.0416157 0.0769811 0.0779151 0.0776824 
Dasyuridae_Dasyurus_maculatus                0.0504233 0.0739371 0.0548783 0.0628007 0.0636659 0.0000000 0.0618578 0.0554978 0.0635572 0.0835501 0.0557760 0.0135735 0.0202424 0.0551463 0.0605914 0.0153248 0.0060691 0.0221007 0.0828204 0.0571933 0.0571917 0.0715617 0.0717209 0.0181959 0.0621649 0.0596005 0.0597128 0.0599323 0.0611031 0.0678591 0.0616647 0.0546671 0.0836061 0.0062950 0.0825838 
Phalangeridae_Trichosurus_vulpecula          0.0345943 0.0666940 0.0429650 0.0470198 0.0463289 0.0618578 0.0000000 0.0199531 0.0455387 0.0746449 0.0194594 0.0584198 0.0580616 0.0189188 0.0463699 0.0604694 0.0607425 0.0600880 0.0761262 0.0407525 0.0463614 0.0697752 0.0673193 0.0618625 0.0451984 0.0525138 0.0456873 0.0437253 0.0430767 0.0528508 0.0462816 0.0181876 0.0733572 0.0645393 0.0757633 
Phalangeridae_Spilocuscus_maculatus          0.0301055 0.0600943 0.0362156 0.0430969 0.0431509 0.0554978 0.0199531 0.0000000 0.0423727 0.0720531 0.0099205 0.0532464 0.0532912 0.0098221 0.0405547 0.0544762 0.0543953 0.0630620 0.0751445 0.0368991 0.0406022 0.0634707 0.0618649 0.0543766 0.0416414 0.0477561 0.0421665 0.0383804 0.0387796 0.0491676 0.0430742 0.0091214 0.0714626 0.0671686 0.0731782 
Potoroidae_Aepyprymnus_rufescens             0.0348182 0.0661206 0.0428544 0.0108284 0.0098131 0.0635572 0.0455387 0.0423727 0.0000000 0.0755855 0.0409476 0.0615841 0.0601686 0.0412920 0.0458304 0.0636175 0.0616589 0.0730423 0.0753527 0.0111834 0.0476535 0.0697559 0.0689936 0.0643617 0.0255459 0.0560744 0.0469914 0.0115289 0.0451311 0.0541860 0.0461919 0.0408419 0.0750729 0.0763544 0.0762612 
Peramelidae_Perameles_nasuta                 0.0641368 0.0850068 0.0672107 0.0777436 0.0770136 0.0835501 0.0746449 0.0720531 0.0755855 0.0000000 0.0715230 0.0802042 0.0795067 0.0708622 0.0759387 0.0811431 0.0814216 0.0981180 0.0154967 0.0717807 0.0736493 0.0821964 0.0836890 0.0833256 0.0721608 0.0740669 0.0754131 0.0741595 0.0751553 0.0820190 0.0753868 0.0692205 0.0119844 0.1010560 0.0000010 
Phalangeridae_Strigocuscus_pelengensis       0.0296693 0.0594870 0.0369220 0.0431815 0.0428376 0.0557760 0.0194594 0.0099205 0.0409476 0.0715230 0.0000000 0.0542546 0.0539272 0.0088938 0.0401653 0.0547115 0.0550446 0.0632089 0.0747006 0.0361611 0.0384263 0.0628833 0.0636964 0.0557729 0.0402406 0.0473023 0.0410316 0.0380043 0.0380216 0.0472954 0.0427975 0.0081940 0.0716826 0.0676406 0.0726653 
Dasyuridae_Phascogale_tapoatafa              0.0480998 0.0711209 0.0521698 0.0616329 0.0624749 0.0135735 0.0584198 0.0532464 0.0615841 0.0802042 0.0542546 0.0000000 0.0167421 0.0521507 0.0559721 0.0030235 0.0128849 0.0185770 0.0795567 0.0544537 0.0560114 0.0697462 0.0693580 0.0084924 0.0609044 0.0580332 0.0577646 0.0571501 0.0567731 0.0643934 0.0582129 0.0516785 0.0790676 0.0159168 0.0793007 
Dasyuridae_Sminthopsis_macroura              0.0489865 0.0705689 0.0522655 0.0601972 0.0610563 0.0202424 0.0580616 0.0532912 0.0601686 0.0795067 0.0539272 0.0167421 0.0000000 0.0529405 0.0567695 0.0185174 0.0191792 0.0145083 0.0779884 0.0538280 0.0534944 0.0727298 0.0702330 0.0203736 0.0598426 0.0578057 0.0566997 0.0557736 0.0564839 0.0635834 0.0585882 0.0524660 0.0785831 0.0214788 0.0785751 
Phalangeridae_Phalanger_orientalis           0.0293873 0.0584981 0.0369496 0.0420154 0.0420681 0.0551463 0.0189188 0.0098221 0.0412920 0.0708622 0.0088938 0.0521507 0.0529405 0.0000000 0.0398180 0.0533971 0.0540441 0.0631395 0.0735584 0.0358273 0.0383928 0.0618641 0.0618973 0.0548064 0.0398251 0.0466421 0.0395848 0.0380427 0.0372985 0.0469223 0.0409004 0.0026825 0.0699436 0.0666334 0.0719457 
Acrobatidae_Acrobates_pygmaeus               0.0370276 0.0605122 0.0392019 0.0455794 0.0463640 0.0605914 0.0463699 0.0405547 0.0458304 0.0759387 0.0401653 0.0559721 0.0567695 0.0398180 0.0000000 0.0580235 0.0593568 0.0756273 0.0775740 0.0391634 0.0352582 0.0676713 0.0625525 0.0594274 0.0432093 0.0534424 0.0382023 0.0418407 0.0369542 0.0400759 0.0246758 0.0405333 0.0762581 0.0780603 0.0763912 
Dasyuridae_Phascogale_calura                 0.0497227 0.0732155 0.0545120 0.0636680 0.0645371 0.0153248 0.0604694 0.0544762 0.0636175 0.0811431 0.0547115 0.0030235 0.0185174 0.0533971 0.0580235 0.0000000 0.0135991 0.0209350 0.0808018 0.0564701 0.0580413 0.0714032 0.0698844 0.0095361 0.0629371 0.0584443 0.0597454 0.0584399 0.0580286 0.0649355 0.0602296 0.0529208 0.0799928 0.0181398 0.0801524 
Dasyuridae_Sarcophilus_harrisii              0.0493238 0.0728348 0.0537248 0.0609044 0.0617646 0.0060691 0.0607425 0.0543953 0.0616589 0.0814216 0.0550446 0.0128849 0.0191792 0.0540441 0.0593568 0.0135991 0.0000000 0.0214738 0.0812472 0.0553092 0.0553086 0.0699670 0.0701711 0.0167919 0.0610505 0.0583651 0.0585981 0.0580151 0.0602391 0.0663325 0.0601459 0.0535672 0.0809927 0.0062965 0.0805622 
Dasyuridae_Planigale_tenuirostris            0.0558855 0.0881118 0.0622377 0.0738066 0.0751611 0.0221007 0.0600880 0.0630620 0.0730423 0.0981180 0.0632089 0.0185770 0.0145083 0.0631395 0.0756273 0.0209350 0.0214738 0.0000000 0.0965426 0.0663431 0.0666054 0.0859738 0.0898314 0.0232675 0.0738360 0.0766393 0.0695857 0.0704540 0.0698778 0.0820759 0.0753591 0.0623276 0.1002950 0.0191657 0.0966683 
Peramelidae_Echymipera_kalubu                0.0657476 0.0889128 0.0698550 0.0779282 0.0780230 0.0828204 0.0761262 0.0751445 0.0753527 0.0154967 0.0747006 0.0795567 0.0779884 0.0735584 0.0775740 0.0808018 0.0812472 0.0965426 0.0000000 0.0728885 0.0759366 0.0847926 0.0850171 0.0814105 0.0740294 0.0764116 0.0751698 0.0753120 0.0773880 0.0814093 0.0756103 0.0723556 0.0137165 0.0996831 0.0157392 
Macropodidae_Dorcopsulus_vanheurni           0.0308439 0.0603368 0.0385216 0.0139621 0.0129264 0.0571933 0.0407525 0.0368991 0.0111834 0.0717807 0.0361611 0.0544537 0.0538280 0.0358273 0.0391634 0.0564701 0.0553092 0.0663431 0.0728885 0.0000000 0.0436721 0.0651418 0.0648100 0.0579252 0.0213511 0.0508434 0.0407483 0.0050555 0.0414741 0.0507124 0.0399651 0.0357603 0.0716408 0.0687615 0.0725033 
Pseudochiridae_Pseudochirulus_forbesi        0.0363928 0.0615676 0.0418826 0.0491970 0.0500244 0.0571917 0.0463614 0.0406022 0.0476535 0.0736493 0.0384263 0.0560114 0.0534944 0.0383928 0.0352582 0.0580413 0.0553086 0.0666054 0.0759366 0.0436721 0.0000000 0.0664044 0.0668733 0.0578859 0.0458002 0.0503228 0.0238801 0.0455542 0.0149358 0.0409545 0.0386741 0.0383212 0.0743614 0.0667214 0.0743708 
Didelphidae_Didelphis_virginiana             0.0591025 0.0817744 0.0615823 0.0713231 0.0714104 0.0715617 0.0697752 0.0634707 0.0697559 0.0821964 0.0628833 0.0697462 0.0727298 0.0618641 0.0676713 0.0714032 0.0699670 0.0859738 0.0847926 0.0651418 0.0664044 0.0000000 0.0325049 0.0723852 0.0666262 0.0657875 0.0685979 0.0671379 0.0675793 0.0766191 0.0689947 0.0602716 0.0848271 0.0872589 0.0822946 
Marmosidae_Monodelphis_domestica             0.0595004 0.0809844 0.0601546 0.0693476 0.0702359 0.0717209 0.0673193 0.0618649 0.0689936 0.0836890 0.0636964 0.0693580 0.0702330 0.0618973 0.0625525 0.0698844 0.0701711 0.0898314 0.0850171 0.0648100 0.0668733 0.0325049 0.0000000 0.0702234 0.0662124 0.0669149 0.0684804 0.0664102 0.0681092 0.0727288 0.0661142 0.0606651 0.0848445 0.0916597 0.0839112 
Dasyuridae_Antechinus_stuartii               0.0499912 0.0735635 0.0558613 0.0635999 0.0640868 0.0181959 0.0618625 0.0543766 0.0643617 0.0833256 0.0557729 0.0084924 0.0203736 0.0548064 0.0594274 0.0095361 0.0167919 0.0232675 0.0814105 0.0579252 0.0578859 0.0723852 0.0702234 0.0000000 0.0636579 0.0599129 0.0596382 0.0591261 0.0598493 0.0646574 0.0621138 0.0543446 0.0822208 0.0216338 0.0826022 
Hypsiprymnodontidae_Hypsiprymnodon_moschatus 0.0340948 0.0628438 0.0413697 0.0273519 0.0266657 0.0621649 0.0451984 0.0416414 0.0255459 0.0721608 0.0402406 0.0609044 0.0598426 0.0398251 0.0432093 0.0629371 0.0610505 0.0738360 0.0740294 0.0213511 0.0458002 0.0666262 0.0662124 0.0636579 0.0000000 0.0543035 0.0432668 0.0227778 0.0437012 0.0539043 0.0416546 0.0397502 0.0729405 0.0759754 0.0728582 
Microbiotheriidae_Dromiciops_gliroides       0.0407471 0.0683502 0.0420762 0.0537743 0.0541660 0.0596005 0.0525138 0.0477561 0.0560744 0.0740669 0.0473023 0.0580332 0.0578057 0.0466421 0.0534424 0.0584443 0.0583651 0.0766393 0.0764116 0.0508434 0.0503228 0.0657875 0.0669149 0.0599129 0.0543035 0.0000000 0.0526324 0.0515745 0.0518828 0.0582695 0.0519216 0.0461898 0.0747741 0.0796718 0.0732271 
Pseudochiridae_Petauroides_volans            0.0364677 0.0595390 0.0403211 0.0477661 0.0478257 0.0597128 0.0456873 0.0421665 0.0469914 0.0754131 0.0410316 0.0577646 0.0566997 0.0395848 0.0382023 0.0597454 0.0585981 0.0695857 0.0751698 0.0407483 0.0238801 0.0685979 0.0684804 0.0596382 0.0432668 0.0526324 0.0000000 0.0426382 0.0235703 0.0441235 0.0383161 0.0395213 0.0769533 0.0730687 0.0760284 
Macropodidae_Wallabia_bicolor                0.0330502 0.0627685 0.0411202 0.0136161 0.0125811 0.0599323 0.0437253 0.0383804 0.0115289 0.0741595 0.0380043 0.0571501 0.0557736 0.0380427 0.0418407 0.0584399 0.0580151 0.0704540 0.0753120 0.0050555 0.0455542 0.0671379 0.0664102 0.0591261 0.0227778 0.0515745 0.0426382 0.0000000 0.0433816 0.0515763 0.0425977 0.0376006 0.0741181 0.0740397 0.0749373 
Pseudochiridae_Pseudocheirus_occidentalis    0.0360376 0.0590038 0.0400654 0.0478839 0.0479448 0.0611031 0.0430767 0.0387796 0.0451311 0.0751553 0.0380216 0.0567731 0.0564839 0.0372985 0.0369542 0.0580286 0.0602391 0.0698778 0.0773880 0.0414741 0.0149358 0.0675793 0.0681092 0.0598493 0.0437012 0.0518828 0.0235703 0.0433816 0.0000000 0.0425461 0.0372413 0.0372275 0.0742548 0.0752077 0.0749682 
Tarsipedidae_Tarsipes_rostratus              0.0450794 0.0708612 0.0504960 0.0549857 0.0549860 0.0678591 0.0528508 0.0491676 0.0541860 0.0820190 0.0472954 0.0643934 0.0635834 0.0469223 0.0400759 0.0649355 0.0663325 0.0820759 0.0814093 0.0507124 0.0409545 0.0766191 0.0727288 0.0646574 0.0539043 0.0582695 0.0441235 0.0515763 0.0425461 0.0000000 0.0468053 0.0460694 0.0822760 0.0838943 0.0822797 
Acrobatidae_Distoechurus_pennatus            0.0337534 0.0611911 0.0428222 0.0455241 0.0463419 0.0616647 0.0462816 0.0430742 0.0461919 0.0753868 0.0427975 0.0582129 0.0585882 0.0409004 0.0246758 0.0602296 0.0601459 0.0753591 0.0756103 0.0399651 0.0386741 0.0689947 0.0661142 0.0621138 0.0416546 0.0519216 0.0383161 0.0425977 0.0372413 0.0468053 0.0000000 0.0408289 0.0745234 0.0745839 0.0760651 
Phalangeridae_Phalanger_carmelitae           0.0282468 0.0588437 0.0365277 0.0415636 0.0416157 0.0546671 0.0181876 0.0091214 0.0408419 0.0692205 0.0081940 0.0516785 0.0524660 0.0026825 0.0405333 0.0529208 0.0535672 0.0623276 0.0723556 0.0357603 0.0383212 0.0602716 0.0606651 0.0543446 0.0397502 0.0461898 0.0395213 0.0376006 0.0372275 0.0460694 0.0408289 0.0000000 0.0682622 0.0664612 0.0703860 
Peramelidae_Peroryctes_raffrayana            0.0647516 0.0862404 0.0697138 0.0777296 0.0769811 0.0836061 0.0733572 0.0714626 0.0750729 0.0119844 0.0716826 0.0790676 0.0785831 0.0699436 0.0762581 0.0799928 0.0809927 0.1002950 0.0137165 0.0716408 0.0743614 0.0848271 0.0848445 0.0822208 0.0729405 0.0747741 0.0769533 0.0741181 0.0742548 0.0822760 0.0745234 0.0682622 0.0000000 0.1036082 0.0120030 
Dasyuridae_Dasyurus_geffroii                 0.0599247 0.0884849 0.0687517 0.0770913 0.0779151 0.0062950 0.0645393 0.0671686 0.0763544 0.1010560 0.0676406 0.0159168 0.0214788 0.0666334 0.0780603 0.0181398 0.0062965 0.0191657 0.0996831 0.0687615 0.0667214 0.0872589 0.0916597 0.0216338 0.0759754 0.0796718 0.0730687 0.0740397 0.0752077 0.0838943 0.0745839 0.0664612 0.1036082 0.0000000 0.0993657 
Peramelidae_Perameles_gunnii                 0.0649558 0.0862997 0.0671154 0.0784076 0.0776824 0.0825838 0.0757633 0.0731782 0.0762612 0.0000010 0.0726653 0.0793007 0.0785751 0.0719457 0.0763912 0.0801524 0.0805622 0.0966683 0.0157392 0.0725033 0.0743708 0.0822946 0.0839112 0.0826022 0.0728582 0.0732271 0.0760284 0.0749373 0.0749682 0.0822797 0.0760651 0.0703860 0.0120030 0.0993657 0.0000000 
