35
Burramyidae_Burramys_parvus                  0.0000000 0.0980292 0.0876801 0.0907123 0.0874501 0.1156067 0.0558918 0.0794425 0.0810514 0.1216418 0.0703650 0.1193687 0.1267419 0.0772645 0.0728198 0.1185903 0.1047707 0.0989379 0.1215345 0.0788523 0.0751154 0.1108690 0.1274760 0.1195883 0.0866453 0.0974281 0.0729936 0.0741497 0.0771667 0.0728012 0.0721803 0.0860485 0.1173473 0.1157211 0.1204262 
Notoryctidae_Notoryctes_typhlops             0.0980292 0.0000000 0.0963343 0.1127554 0.1074497 0.1089752 0.0830637 0.0981342 0.1077579 0.1210856 0.0941496 0.1094863 0.1276732 0.1029912 0.0968315 0.1091967 0.1111496 0.0917320 0.1204272 0.1110317 0.1014075 0.1319287 0.1243992 0.1065839 0.1091858 0.0903971 0.1088320 0.1061604 0.1017355 0.1028794 0.0937761 0.1294906 0.1201569 0.1060241 0.1192320 
Vombatidae_Lasiorhinus_latifrons             0.0876801 0.0963343 0.0000000 0.0995512 0.1046050 0.0997373 0.0795716 0.0990834 0.1024148 0.1177124 0.0946965 0.0962250 0.1068201 0.1033585 0.0914071 0.0958710 0.1032972 0.1019732 0.1162244 0.1071256 0.0916369 0.1374442 0.1280359 0.0969517 0.1008845 0.1015050 0.0849429 0.1017741 0.0901091 0.0938009 0.0892198 0.1257975 0.1123806 0.0951744 0.1154773 
Potoroidae_Bettongia_penicillata             0.0907123 0.1127554 0.0995512 0.0000000 0.0097613 0.1350352 0.0852989 0.1056458 0.0191363 0.1520939 0.1053443 0.1366187 0.1487295 0.1130496 0.0980024 0.1325594 0.1367948 0.1189947 0.1489171 0.0364461 0.0880832 0.1467240 0.1415463 0.1374062 0.0806249 0.1243841 0.0964254 0.0364490 0.0907764 0.1085241 0.0985852 0.1349536 0.1466859 0.1312659 0.1496133 
Potoroidae_Bettongia_lesueur                 0.0874501 0.1074497 0.1046050 0.0097613 0.0000000 0.1398088 0.0793892 0.0999096 0.0214304 0.1444039 0.0993802 0.1430017 0.1519704 0.1071714 0.0948022 0.1389018 0.1428195 0.1157859 0.1420520 0.0333795 0.0872721 0.1399804 0.1386729 0.1435911 0.0876450 0.1128250 0.0891220 0.0333455 0.0883761 0.1015335 0.0942820 0.1286627 0.1397245 0.1371427 0.1419640 
Dasyuridae_Dasyurus_maculatus                0.1156067 0.1089752 0.0997373 0.1350352 0.1398088 0.0000000 0.1070126 0.1248584 0.1320978 0.1406198 0.1182901 0.0223240 0.0353878 0.1228609 0.1159597 0.0199336 0.0047785 0.0304403 0.1278921 0.1342446 0.1208768 0.1466314 0.1499154 0.0204554 0.1253705 0.1153901 0.1201715 0.1272367 0.1251966 0.1205876 0.1180320 0.1493547 0.1323253 0.0066669 0.1380410 
Phalangeridae_Trichosurus_vulpecula          0.0558918 0.0830637 0.0795716 0.0852989 0.0793892 0.1070126 0.0000000 0.0323871 0.0767370 0.1100428 0.0306144 0.1058104 0.1145433 0.0348881 0.0656749 0.1040258 0.1096944 0.0910640 0.1091071 0.0730756 0.0654772 0.1220645 0.1150418 0.1048028 0.0820515 0.0913014 0.0699035 0.0728067 0.0639179 0.0699671 0.0638700 0.0540621 0.1062004 0.1050421 0.1088908 
Phalangeridae_Spilocuscus_maculatus          0.0794425 0.0981342 0.0990834 0.1056458 0.0999096 0.1248584 0.0323871 0.0000000 0.0958292 0.1351975 0.0183609 0.1266966 0.1355554 0.0239320 0.0839476 0.1242545 0.1201932 0.1047456 0.1319160 0.0908989 0.0827116 0.1354524 0.1370291 0.1239691 0.1003204 0.1166556 0.0901083 0.0905802 0.0862664 0.0870017 0.0858740 0.0412784 0.1276723 0.1230741 0.1339426 
Potoroidae_Aepyprymnus_rufescens             0.0810514 0.1077579 0.1024148 0.0191363 0.0214304 0.1320978 0.0767370 0.0958292 0.0000000 0.1402309 0.0948869 0.1350180 0.1478250 0.1012398 0.0859684 0.1315091 0.1341518 0.1176729 0.1368799 0.0284313 0.0829661 0.1406504 0.1385709 0.1380381 0.0773483 0.1199769 0.0887860 0.0283964 0.0841187 0.0981320 0.0857227 0.1217528 0.1337288 0.1296714 0.1378035 
Peramelidae_Perameles_nasuta                 0.1216418 0.1210856 0.1177124 0.1520939 0.1444039 0.1406198 0.1100428 0.1351975 0.1402309 0.0000000 0.1363725 0.1351499 0.1465680 0.1442808 0.1379103 0.1343211 0.1315237 0.1234222 0.0256377 0.1394690 0.1258570 0.1579417 0.1662864 0.1355546 0.1383399 0.1179938 0.1270649 0.1343958 0.1227594 0.1283013 0.1291654 0.1730947 0.0217059 0.1367882 0.0020494 
Phalangeridae_Strigocuscus_pelengensis       0.0703650 0.0941496 0.0946965 0.1053443 0.0993802 0.1182901 0.0306144 0.0183609 0.0948869 0.1363725 0.0000000 0.1195406 0.1287539 0.0168460 0.0747328 0.1170019 0.1208134 0.0980125 0.1323723 0.0869296 0.0804594 0.1376078 0.1293999 0.1184035 0.0948749 0.1086433 0.0870744 0.0894549 0.0837281 0.0873192 0.0798231 0.0371271 0.1235985 0.1151880 0.1337573 
Dasyuridae_Phascogale_tapoatafa              0.1193687 0.1094863 0.0962250 0.1366187 0.1430017 0.0223240 0.1058104 0.1266966 0.1350180 0.1351499 0.1195406 0.0000000 0.0270608 0.1306362 0.1168324 0.0034471 0.0213084 0.0338446 0.1261298 0.1381409 0.1191842 0.1532825 0.1451829 0.0087837 0.1262441 0.1136009 0.1121091 0.1326432 0.1193953 0.1213582 0.1158499 0.1580183 0.1265455 0.0226845 0.1317336 
Dasyuridae_Sminthopsis_macroura              0.1267419 0.1276732 0.1068201 0.1487295 0.1519704 0.0353878 0.1145433 0.1355554 0.1478250 0.1465680 0.1287539 0.0270608 0.0000000 0.1350725 0.1263523 0.0254594 0.0323606 0.0404759 0.1396450 0.1455675 0.1312419 0.1636488 0.1623041 0.0252000 0.1410008 0.1241804 0.1253229 0.1410515 0.1323012 0.1318784 0.1267261 0.1614078 0.1392210 0.0351823 0.1439956 
Phalangeridae_Phalanger_orientalis           0.0772645 0.1029912 0.1033585 0.1130496 0.1071714 0.1228609 0.0348881 0.0239320 0.1012398 0.1442808 0.0168460 0.1306362 0.1350725 0.0000000 0.0881599 0.1281358 0.1204331 0.1080449 0.1413937 0.0939872 0.0891918 0.1347704 0.1384121 0.1285406 0.0994497 0.1184944 0.0899572 0.0944772 0.0940010 0.0860203 0.0858428 0.0350099 0.1357428 0.1251888 0.1417671 
Acrobatidae_Acrobates_pygmaeus               0.0728198 0.0968315 0.0914071 0.0980024 0.0948022 0.1159597 0.0656749 0.0839476 0.0859684 0.1379103 0.0747328 0.1168324 0.1263523 0.0881599 0.0000000 0.1154420 0.1157531 0.0938138 0.1306048 0.0877946 0.0717366 0.1268467 0.1265630 0.1158624 0.0869273 0.1084789 0.0754979 0.0842776 0.0708241 0.0818972 0.0452064 0.1070559 0.1261957 0.1122060 0.1361029 
Dasyuridae_Phascogale_calura                 0.1185903 0.1091967 0.0958710 0.1325594 0.1389018 0.0199336 0.1040258 0.1242545 0.1315091 0.1343211 0.1170019 0.0034471 0.0254594 0.1281358 0.1154420 0.0000000 0.0183322 0.0313923 0.1253053 0.1356630 0.1173640 0.1498034 0.1432784 0.0073639 0.1243675 0.1111924 0.1106085 0.1296985 0.1169259 0.1177451 0.1129834 0.1552241 0.1257201 0.0204543 0.1309041 
Dasyuridae_Sarcophilus_harrisii              0.1047707 0.1111496 0.1032972 0.1367948 0.1428195 0.0047785 0.1096944 0.1201932 0.1341518 0.1315237 0.1208134 0.0213084 0.0323606 0.1204331 0.1157531 0.0183322 0.0000000 0.0323118 0.1168178 0.1368137 0.1198863 0.1497630 0.1496484 0.0189323 0.1319008 0.1123840 0.1156267 0.1308358 0.1212802 0.1213943 0.1184124 0.1157314 0.1205449 0.0067377 0.1275515 
Dasyuridae_Planigale_tenuirostris            0.0989379 0.0917320 0.1019732 0.1189947 0.1157859 0.0304403 0.0910640 0.1047456 0.1176729 0.1234222 0.0980125 0.0338446 0.0404759 0.1080449 0.0938138 0.0313923 0.0323118 0.0000000 0.1178858 0.1147852 0.1030851 0.1382257 0.1310026 0.0323775 0.1167824 0.0956686 0.1090924 0.1085867 0.1078290 0.1109599 0.0961316 0.1360556 0.1153796 0.0305891 0.1198596 
Peramelidae_Echymipera_kalubu                0.1215345 0.1204272 0.1162244 0.1489171 0.1420520 0.1278921 0.1091071 0.1319160 0.1368799 0.0256377 0.1323723 0.1261298 0.1396450 0.1413937 0.1306048 0.1253053 0.1168178 0.1178858 0.0000000 0.1377947 0.1252050 0.1479861 0.1597702 0.1251521 0.1315958 0.1174165 0.1293515 0.1337200 0.1215686 0.1247961 0.1244729 0.1695491 0.0190445 0.1262168 0.0240866 
Macropodidae_Dorcopsulus_vanheurni           0.0788523 0.1110317 0.1071256 0.0364461 0.0333795 0.1342446 0.0730756 0.0908989 0.0284313 0.1394690 0.0869296 0.1381409 0.1455675 0.0939872 0.0877946 0.1356630 0.1368137 0.1147852 0.1377947 0.0000000 0.0795001 0.1336162 0.1293605 0.1377186 0.0810405 0.1197878 0.0830092 0.0083788 0.0775497 0.0933272 0.0854892 0.1121940 0.1330342 0.1322345 0.1370585 
Pseudochiridae_Pseudochirulus_forbesi        0.0751154 0.1014075 0.0916369 0.0880832 0.0872721 0.1208768 0.0654772 0.0827116 0.0829661 0.1258570 0.0804594 0.1191842 0.1312419 0.0891918 0.0717366 0.1173640 0.1198863 0.1030851 0.1252050 0.0795001 0.0000000 0.1417835 0.1285260 0.1183214 0.0947567 0.1081699 0.0455116 0.0739398 0.0203011 0.0727239 0.0709804 0.1078596 0.1212525 0.1148492 0.1246466 
Didelphidae_Didelphis_virginiana             0.1108690 0.1319287 0.1374442 0.1467240 0.1399804 0.1466314 0.1220645 0.1354524 0.1406504 0.1579417 0.1376078 0.1532825 0.1636488 0.1347704 0.1268467 0.1498034 0.1497630 0.1382257 0.1479861 0.1336162 0.1417835 0.0000000 0.0492068 0.1569945 0.1598953 0.1294938 0.1368761 0.1302675 0.1434102 0.1351766 0.1327795 0.1357789 0.1456572 0.1494524 0.1562495 
Marmosidae_Monodelphis_domestica             0.1274760 0.1243992 0.1280359 0.1415463 0.1386729 0.1499154 0.1150418 0.1370291 0.1385709 0.1662864 0.1293999 0.1451829 0.1623041 0.1384121 0.1265630 0.1432784 0.1496484 0.1310026 0.1597702 0.1293605 0.1285260 0.0492068 0.0000000 0.1459977 0.1534445 0.1417914 0.1362991 0.1266764 0.1313994 0.1330749 0.1287711 0.1664705 0.1556684 0.1440730 0.1649443 
Dasyuridae_Antechinus_stuartii               0.1195883 0.1065839 0.0969517 0.1374062 0.1435911 0.0204554 0.1048028 0.1239691 0.1380381 0.1355546 0.1184035 0.0087837 0.0252000 0.1285406 0.1158624 0.0073639 0.0189323 0.0323775 0.1251521 0.1377186 0.1183214 0.1569945 0.1459977 0.0000000 0.1292261 0.1117926 0.1135756 0.1322790 0.1190225 0.1218710 0.1160157 0.1566207 0.1295756 0.0205927 0.1321015 
Hypsiprymnodontidae_Hypsiprymnodon_moschatus 0.0866453 0.1091858 0.1008845 0.0806249 0.0876450 0.1253705 0.0820515 0.1003204 0.0773483 0.1383399 0.0948749 0.1262441 0.1410008 0.0994497 0.0869273 0.1243675 0.1319008 0.1167824 0.1315958 0.0810405 0.0947567 0.1598953 0.1534445 0.1292261 0.0000000 0.1242789 0.1048092 0.0784378 0.0977852 0.1125611 0.0892944 0.1232855 0.1319419 0.1257809 0.1358769 
Microbiotheriidae_Dromiciops_gliroides       0.0974281 0.0903971 0.1015050 0.1243841 0.1128250 0.1153901 0.0913014 0.1166556 0.1199769 0.1179938 0.1086433 0.1136009 0.1241804 0.1184944 0.1084789 0.1111924 0.1123840 0.0956686 0.1174165 0.1197878 0.1081699 0.1294938 0.1417914 0.1117926 0.1242789 0.0000000 0.1095039 0.1132872 0.1086226 0.1067691 0.1059943 0.1479073 0.1156345 0.1125532 0.1156479 
Pseudochiridae_Petauroides_volans            0.0729936 0.1088320 0.0849429 0.0964254 0.0891220 0.1201715 0.0699035 0.0901083 0.0887860 0.1270649 0.0870744 0.1121091 0.1253229 0.0899572 0.0754979 0.1106085 0.1156267 0.1090924 0.1293515 0.0830092 0.0455116 0.1368761 0.1362991 0.1135756 0.1048092 0.1095039 0.0000000 0.0793536 0.0450297 0.0780007 0.0710190 0.1104525 0.1233520 0.1172738 0.1257181 
Macropodidae_Wallabia_bicolor                0.0741497 0.1061604 0.1017741 0.0364490 0.0333455 0.1272367 0.0728067 0.0905802 0.0283964 0.1343958 0.0894549 0.1326432 0.1410515 0.0944772 0.0842776 0.1296985 0.1308358 0.1085867 0.1337200 0.0083788 0.0739398 0.1302675 0.1266764 0.1322790 0.0784378 0.1132872 0.0793536 0.0000000 0.0730103 0.0931619 0.0812382 0.1147156 0.1274316 0.1247176 0.1319484 
Pseudochiridae_Pseudocheirus_occidentalis    0.0771667 0.1017355 0.0901091 0.0907764 0.0883761 0.1251966 0.0639179 0.0862664 0.0841187 0.1227594 0.0837281 0.1193953 0.1323012 0.0940010 0.0708241 0.1169259 0.1212802 0.1078290 0.1215686 0.0775497 0.0203011 0.1434102 0.1313994 0.1190225 0.0977852 0.1086226 0.0450297 0.0730103 0.0000000 0.0705144 0.0689413 0.1131903 0.1183513 0.1180255 0.1215631 
Tarsipedidae_Tarsipes_rostratus              0.0728012 0.1028794 0.0938009 0.1085241 0.1015335 0.1205876 0.0699671 0.0870017 0.0981320 0.1283013 0.0873192 0.1213582 0.1318784 0.0860203 0.0818972 0.1177451 0.1213943 0.1109599 0.1247961 0.0933272 0.0727239 0.1351766 0.1330749 0.1218710 0.1125611 0.1067691 0.0780007 0.0931619 0.0705144 0.0000000 0.0860706 0.0849286 0.1224432 0.1242657 0.1267366 
Acrobatidae_Distoechurus_pennatus            0.0721803 0.0937761 0.0892198 0.0985852 0.0942820 0.1180320 0.0638700 0.0858740 0.0857227 0.1291654 0.0798231 0.1158499 0.1267261 0.0858428 0.0452064 0.1129834 0.1184124 0.0961316 0.1244729 0.0854892 0.0709804 0.1327795 0.1287711 0.1160157 0.0892944 0.1059943 0.0710190 0.0812382 0.0689413 0.0860706 0.0000000 0.1042631 0.1222736 0.1120648 0.1279017 
Phalangeridae_Phalanger_carmelitae           0.0860485 0.1294906 0.1257975 0.1349536 0.1286627 0.1493547 0.0540621 0.0412784 0.1217528 0.1730947 0.0371271 0.1580183 0.1614078 0.0350099 0.1070559 0.1552241 0.1157314 0.1360556 0.1695491 0.1121940 0.1078596 0.1357789 0.1664705 0.1566207 0.1232855 0.1479073 0.1104525 0.1147156 0.1131903 0.0849286 0.1042631 0.0000000 0.1626026 0.1526381 0.1702188 
Peramelidae_Peroryctes_raffrayana            0.1173473 0.1201569 0.1123806 0.1466859 0.1397245 0.1323253 0.1062004 0.1276723 0.1337288 0.0217059 0.1235985 0.1265455 0.1392210 0.1357428 0.1261957 0.1257201 0.1205449 0.1153796 0.0190445 0.1330342 0.1212525 0.1456572 0.1556684 0.1295756 0.1319419 0.1156345 0.1233520 0.1274316 0.1183513 0.1224432 0.1222736 0.1626026 0.0000000 0.1252607 0.0194409 
Dasyuridae_Dasyurus_geffroii                 0.1157211 0.1060241 0.0951744 0.1312659 0.1371427 0.0066669 0.1050421 0.1230741 0.1296714 0.1367882 0.1151880 0.0226845 0.0351823 0.1251888 0.1122060 0.0204543 0.0067377 0.0305891 0.1262168 0.1322345 0.1148492 0.1494524 0.1440730 0.0205927 0.1257809 0.1125532 0.1172738 0.1247176 0.1180255 0.1242657 0.1120648 0.1526381 0.1252607 0.0000000 0.1333808 
Peramelidae_Perameles_gunnii                 0.1204262 0.1192320 0.1154773 0.1496133 0.1419640 0.1380410 0.1088908 0.1339426 0.1378035 0.0020494 0.1337573 0.1317336 0.1439956 0.1417671 0.1361029 0.1309041 0.1275515 0.1198596 0.0240866 0.1370585 0.1246466 0.1562495 0.1649443 0.1321015 0.1358769 0.1156479 0.1257181 0.1319484 0.1215631 0.1267366 0.1279017 0.1702188 0.0194409 0.1333808 0.0000000 
