35
Burramyidae_Burramys_parvus                  0.0000000 0.0965967 0.0692588 0.0841400 0.0808414 0.0847017 0.0646596 0.0563273 0.0761730 0.0661036 0.0637741 0.0887906 0.1042877 0.0629924 0.0666207 0.0882656 0.0760586 0.0993161 0.0884353 0.0741824 0.0755333 0.1292012 0.1195715 0.0839526 0.0636291 0.1025790 0.0655902 0.0801482 0.0946609 0.0746020 0.0598399 0.0853079 0.0871096 0.0796742 0.0770673 
Notoryctidae_Notoryctes_typhlops             0.0965967 0.0000000 0.1065216 0.1044500 0.1042548 0.1107967 0.1063893 0.0867690 0.0990324 0.1145522 0.0992653 0.1100848 0.1283913 0.0990912 0.1053765 0.1103577 0.1039603 0.1124519 0.1330327 0.0961850 0.1122754 0.1607673 0.1628679 0.1057443 0.1053585 0.1315946 0.1023463 0.0988199 0.1237797 0.1181356 0.1020543 0.1221263 0.1125465 0.1197085 0.1118703 
Vombatidae_Lasiorhinus_latifrons             0.0692588 0.1065216 0.0000000 0.1037045 0.1018507 0.1135919 0.0884215 0.0752555 0.0971599 0.1059994 0.0917409 0.1029516 0.1216639 0.0802529 0.0768937 0.1059766 0.0956714 0.1058533 0.1191517 0.0869898 0.1007322 0.1446970 0.1497013 0.1028104 0.0880077 0.1344385 0.0853986 0.0961083 0.1112831 0.0940040 0.0816815 0.1123314 0.1087069 0.1074657 0.1020263 
Potoroidae_Bettongia_penicillata             0.0841400 0.1044500 0.1037045 0.0000000 0.0099047 0.1258265 0.0909012 0.0752182 0.0212896 0.1109080 0.0963023 0.1209395 0.1397948 0.0824368 0.0799859 0.1217787 0.1085152 0.1183129 0.1270532 0.0337594 0.0993042 0.1603012 0.1631200 0.1178110 0.0557071 0.1338016 0.0911237 0.0347128 0.1117486 0.0975866 0.0928134 0.1225576 0.1207542 0.1163666 0.0757383 
Potoroidae_Bettongia_lesueur                 0.0808414 0.1042548 0.1018507 0.0099047 0.0000000 0.1260930 0.0921141 0.0740730 0.0211966 0.1075355 0.0980962 0.1187937 0.1387863 0.0821103 0.0803940 0.1203841 0.1063966 0.1188900 0.1256530 0.0349556 0.0947591 0.1593007 0.1655349 0.1164365 0.0548305 0.1334595 0.0865473 0.0352408 0.1088189 0.0967121 0.0923534 0.1211069 0.1201142 0.1143048 0.0769117 
Dasyuridae_Dasyurus_maculatus                0.0847017 0.1107967 0.1135919 0.1258265 0.1260930 0.0000000 0.1124971 0.0857843 0.1177557 0.1203451 0.1168235 0.0261866 0.0494740 0.0973745 0.0839273 0.0249339 0.0131746 0.0267603 0.1342860 0.1006759 0.1201970 0.1567604 0.1579699 0.0240632 0.1114433 0.1407040 0.1058348 0.1178594 0.1300211 0.1079833 0.1025766 0.1296187 0.0127380 0.1220767 0.1139466 
Phalangeridae_Trichosurus_vulpecula          0.0646596 0.1063893 0.0884215 0.0909012 0.0921141 0.1124971 0.0000000 0.0324941 0.0855156 0.0999558 0.0410063 0.1127842 0.1219840 0.0325234 0.0710701 0.1130367 0.1061894 0.1071011 0.1153560 0.0801426 0.0819996 0.1501314 0.1409234 0.1087469 0.0776521 0.1160849 0.0766686 0.0856699 0.1045660 0.0856588 0.0455379 0.1145396 0.1157839 0.1042899 0.0883758 
Phalangeridae_Spilocuscus_maculatus          0.0563273 0.0867690 0.0752555 0.0752182 0.0740730 0.0857843 0.0324941 0.0000000 0.0712589 0.0869619 0.0278975 0.0893624 0.1001308 0.0195676 0.0586776 0.0894118 0.0849468 0.0877501 0.0999071 0.0726134 0.0665071 0.1248554 0.1144770 0.0865515 0.0695075 0.1040897 0.0599774 0.0740870 0.0896741 0.0713035 0.0318009 0.1010069 0.0892155 0.0888627 0.0780658 
Potoroidae_Aepyprymnus_rufescens             0.0761730 0.0990324 0.0971599 0.0212896 0.0211966 0.1177557 0.0855156 0.0712589 0.0000000 0.1015565 0.0915851 0.1115622 0.1283531 0.0774694 0.0714024 0.1126689 0.1029841 0.1081319 0.1157168 0.0321577 0.0897142 0.1513830 0.1531003 0.1072173 0.0507048 0.1273998 0.0795029 0.0308047 0.1045434 0.0874504 0.0861234 0.1131488 0.1109517 0.1059153 0.0843006 
Peramelidae_Perameles_nasuta                 0.0661036 0.1145522 0.1059994 0.1109080 0.1075355 0.1203451 0.0999558 0.0869619 0.1015565 0.0000000 0.1092705 0.1174752 0.1300003 0.0861269 0.0814888 0.1138449 0.1108628 0.1001471 0.0331797 0.0931996 0.0998434 0.1425784 0.1398853 0.1137007 0.0950914 0.1438979 0.0950647 0.1070551 0.1247567 0.1010359 0.0946316 0.0352849 0.1138865 0.0114865 0.1220348 
Phalangeridae_Strigocuscus_pelengensis       0.0637741 0.0992653 0.0917409 0.0963023 0.0980962 0.1168235 0.0410063 0.0278975 0.0915851 0.1092705 0.0000000 0.1162510 0.1211951 0.0264723 0.0678757 0.1148362 0.1075182 0.0946627 0.1202879 0.0712734 0.0890029 0.1627675 0.1510891 0.1104376 0.0830641 0.1177515 0.0776563 0.0924658 0.1020902 0.0869046 0.0286192 0.1172196 0.1178588 0.1078095 0.0975639 
Dasyuridae_Phascogale_tapoatafa              0.0887906 0.1100848 0.1029516 0.1209395 0.1187937 0.0261866 0.1127842 0.0893624 0.1115622 0.1174752 0.1162510 0.0000000 0.0426124 0.0968718 0.0849869 0.0036538 0.0194806 0.0317610 0.1341892 0.1048461 0.1090524 0.1509206 0.1599349 0.0106567 0.1067957 0.1367030 0.0981182 0.1120706 0.1192031 0.1074292 0.1018515 0.1265566 0.0226751 0.1212936 0.1012085 
Dasyuridae_Sminthopsis_macroura              0.1042877 0.1283913 0.1216639 0.1397948 0.1387863 0.0494740 0.1219840 0.1001308 0.1283531 0.1300003 0.1211951 0.0426124 0.0000000 0.1082858 0.1002457 0.0406237 0.0448206 0.0303554 0.1477525 0.1188573 0.1243014 0.1698572 0.1760548 0.0392639 0.1250391 0.1497954 0.1157920 0.1276645 0.1343176 0.1232665 0.1072057 0.1381373 0.0443705 0.1351320 0.1252594 
Phalangeridae_Phalanger_orientalis           0.0629924 0.0990912 0.0802529 0.0824368 0.0821103 0.0973745 0.0325234 0.0195676 0.0774694 0.0861269 0.0264723 0.0968718 0.1082858 0.0000000 0.0630351 0.0971099 0.0905559 0.1010306 0.1044026 0.0762819 0.0716490 0.1371823 0.1326876 0.0950305 0.0678780 0.1138255 0.0650062 0.0755057 0.0968981 0.0764999 0.0239391 0.1001554 0.0998412 0.0914508 0.0752808 
Acrobatidae_Acrobates_pygmaeus               0.0666207 0.1053765 0.0768937 0.0799859 0.0803940 0.0839273 0.0710701 0.0586776 0.0714024 0.0814888 0.0678757 0.0849869 0.1002457 0.0630351 0.0000000 0.0859686 0.0795834 0.0952421 0.0960824 0.0732006 0.0630865 0.1291158 0.1269989 0.0855306 0.0719299 0.1030515 0.0551678 0.0755836 0.0825497 0.0418123 0.0632474 0.0880282 0.0870547 0.0851696 0.0704148 
Dasyuridae_Phascogale_calura                 0.0882656 0.1103577 0.1059766 0.1217787 0.1203841 0.0249339 0.1130367 0.0894118 0.1126689 0.1138449 0.1148362 0.0036538 0.0406237 0.0971099 0.0859686 0.0000000 0.0176377 0.0332612 0.1311335 0.1042648 0.1085258 0.1450442 0.1564848 0.0089928 0.1070136 0.1359815 0.0983337 0.1129719 0.1181325 0.1083201 0.1006220 0.1229083 0.0209026 0.1183814 0.0986220 
Dasyuridae_Sarcophilus_harrisii              0.0760586 0.1039603 0.0956714 0.1085152 0.1063966 0.0131746 0.1061894 0.0849468 0.1029841 0.1108628 0.1075182 0.0194806 0.0448206 0.0905559 0.0795834 0.0176377 0.0000000 0.0318494 0.1211847 0.0931320 0.1030726 0.1378151 0.1435752 0.0178689 0.0948879 0.1281706 0.0929321 0.1012948 0.1122388 0.1005429 0.0919374 0.1198108 0.0103407 0.1104967 0.0980469 
Dasyuridae_Planigale_tenuirostris            0.0993161 0.1124519 0.1058533 0.1183129 0.1188900 0.0267603 0.1071011 0.0877501 0.1081319 0.1001471 0.0946627 0.0317610 0.0303554 0.1010306 0.0952421 0.0332612 0.0318494 0.0000000 0.1310964 0.1110071 0.1115857 0.1625106 0.1575763 0.0310629 0.1099118 0.1371738 0.0973553 0.1127926 0.1162598 0.1009013 0.0960274 0.1092111 0.0317950 0.1161707 0.0849356 
Peramelidae_Echymipera_kalubu                0.0884353 0.1330327 0.1191517 0.1270532 0.1256530 0.1342860 0.1153560 0.0999071 0.1157168 0.0331797 0.1202879 0.1341892 0.1477525 0.1044026 0.0960824 0.1311335 0.1211847 0.1310964 0.0000000 0.1084819 0.1180723 0.1598926 0.1603194 0.1289016 0.1105867 0.1531985 0.1086984 0.1202641 0.1397353 0.1183145 0.1095573 0.0417638 0.1296251 0.0262705 0.1222872 
Macropodidae_Dorcopsulus_vanheurni           0.0741824 0.0961850 0.0869898 0.0337594 0.0349556 0.1006759 0.0801426 0.0726134 0.0321577 0.0931996 0.0712734 0.1048461 0.1188573 0.0762819 0.0732006 0.1042648 0.0931320 0.1110071 0.1084819 0.0000000 0.0874623 0.1457751 0.1482675 0.1007474 0.0427835 0.1147887 0.0775836 0.0176884 0.1009552 0.0867287 0.0767362 0.1042944 0.1039251 0.0991644 0.0702688 
Pseudochiridae_Pseudochirulus_forbesi        0.0755333 0.1122754 0.1007322 0.0993042 0.0947591 0.1201970 0.0819996 0.0665071 0.0897142 0.0998434 0.0890029 0.1090524 0.1243014 0.0716490 0.0630865 0.1085258 0.1030726 0.1115857 0.1180723 0.0874623 0.0000000 0.1448871 0.1477169 0.1058039 0.0869915 0.1289219 0.0408038 0.0941995 0.0783583 0.0811202 0.0785103 0.1129481 0.1135380 0.1101052 0.0420543 
Didelphidae_Didelphis_virginiana             0.1292012 0.1607673 0.1446970 0.1603012 0.1593007 0.1567604 0.1501314 0.1248554 0.1513830 0.1425784 0.1627675 0.1509206 0.1698572 0.1371823 0.1291158 0.1450442 0.1378151 0.1625106 0.1598926 0.1457751 0.1448871 0.0000000 0.0713987 0.1508240 0.1524772 0.1866398 0.1365804 0.1571689 0.1675899 0.1589402 0.1472961 0.1568932 0.1472711 0.1485555 0.1384133 
Marmosidae_Monodelphis_domestica             0.1195715 0.1628679 0.1497013 0.1631200 0.1655349 0.1579699 0.1409234 0.1144770 0.1531003 0.1398853 0.1510891 0.1599349 0.1760548 0.1326876 0.1269989 0.1564848 0.1435752 0.1575763 0.1603194 0.1482675 0.1477169 0.0713987 0.0000000 0.1531816 0.1502668 0.1738679 0.1398754 0.1602374 0.1709661 0.1511397 0.1366012 0.1506557 0.1530059 0.1487784 0.1368792 
Dasyuridae_Antechinus_stuartii               0.0839526 0.1057443 0.1028104 0.1178110 0.1164365 0.0240632 0.1087469 0.0865515 0.1072173 0.1137007 0.1104376 0.0106567 0.0392639 0.0950305 0.0855306 0.0089928 0.0178689 0.0310629 0.1289016 0.1007474 0.1058039 0.1508240 0.1531816 0.0000000 0.1038185 0.1331637 0.0961103 0.1100466 0.1153415 0.1043176 0.0973870 0.1239992 0.0200069 0.1152991 0.0979068 
Hypsiprymnodontidae_Hypsiprymnodon_moschatus 0.0636291 0.1053585 0.0880077 0.0557071 0.0548305 0.1114433 0.0776521 0.0695075 0.0507048 0.0950914 0.0830641 0.1067957 0.1250391 0.0678780 0.0719299 0.1070136 0.0948879 0.1099118 0.1105867 0.0427835 0.0869915 0.1524772 0.1502668 0.1038185 0.0000000 0.1267119 0.0798065 0.0524227 0.1037668 0.0848754 0.0715051 0.1109127 0.1035752 0.0996782 0.0812610 
Microbiotheriidae_Dromiciops_gliroides       0.1025790 0.1315946 0.1344385 0.1338016 0.1334595 0.1407040 0.1160849 0.1040897 0.1273998 0.1438979 0.1177515 0.1367030 0.1497954 0.1138255 0.1030515 0.1359815 0.1281706 0.1371738 0.1531985 0.1147887 0.1289219 0.1866398 0.1738679 0.1331637 0.1267119 0.0000000 0.1222213 0.1279903 0.1468247 0.1245460 0.1114182 0.1565369 0.1385811 0.1383909 0.1477531 
Pseudochiridae_Petauroides_volans            0.0655902 0.1023463 0.0853986 0.0911237 0.0865473 0.1058348 0.0766686 0.0599774 0.0795029 0.0950647 0.0776563 0.0981182 0.1157920 0.0650062 0.0551678 0.0983337 0.0929321 0.0973553 0.1086984 0.0775836 0.0408038 0.1365804 0.1398754 0.0961103 0.0798065 0.1222213 0.0000000 0.0862473 0.0682446 0.0758768 0.0713649 0.1054822 0.0986664 0.1000835 0.0442545 
Macropodidae_Wallabia_bicolor                0.0801482 0.0988199 0.0961083 0.0347128 0.0352408 0.1178594 0.0856699 0.0740870 0.0308047 0.1070551 0.0924658 0.1120706 0.1276645 0.0755057 0.0755836 0.1129719 0.1012948 0.1127926 0.1202641 0.0176884 0.0941995 0.1571689 0.1602374 0.1100466 0.0524227 0.1279903 0.0862473 0.0000000 0.1070916 0.0884545 0.0843285 0.1177106 0.1113339 0.1096206 0.0751545 
Tarsipedidae_Tarsipes_rostratus              0.0946609 0.1237797 0.1112831 0.1117486 0.1088189 0.1300211 0.1045660 0.0896741 0.1045434 0.1247567 0.1020902 0.1192031 0.1343176 0.0968981 0.0825497 0.1181325 0.1122388 0.1162598 0.1397353 0.1009552 0.0783583 0.1675899 0.1709661 0.1153415 0.1037668 0.1468247 0.0682446 0.1070916 0.0000000 0.1013178 0.0985317 0.1342527 0.1236351 0.1275422 0.0886188 
Acrobatidae_Distoechurus_pennatus            0.0746020 0.1181356 0.0940040 0.0975866 0.0967121 0.1079833 0.0856588 0.0713035 0.0874504 0.1010359 0.0869046 0.1074292 0.1232665 0.0764999 0.0418123 0.1083201 0.1005429 0.1009013 0.1183145 0.0867287 0.0811202 0.1589402 0.1511397 0.1043176 0.0848754 0.1245460 0.0758768 0.0884545 0.1013178 0.0000000 0.0771368 0.1105011 0.1100967 0.1095300 0.0806479 
Phalangeridae_Phalanger_carmelitae           0.0598399 0.1020543 0.0816815 0.0928134 0.0923534 0.1025766 0.0455379 0.0318009 0.0861234 0.0946316 0.0286192 0.1018515 0.1072057 0.0239391 0.0632474 0.1006220 0.0919374 0.0960274 0.1095573 0.0767362 0.0785103 0.1472961 0.1366012 0.0973870 0.0715051 0.1114182 0.0713649 0.0843285 0.0985317 0.0771368 0.0000000 0.1044220 0.1018402 0.0973318 0.0834888 
Peramelidae_Peroryctes_raffrayana            0.0853079 0.1221263 0.1123314 0.1225576 0.1211069 0.1296187 0.1145396 0.1010069 0.1131488 0.0352849 0.1172196 0.1265566 0.1381373 0.1001554 0.0880282 0.1229083 0.1198108 0.1092111 0.0417638 0.1042944 0.1129481 0.1568932 0.1506557 0.1239992 0.1109127 0.1565369 0.1054822 0.1177106 0.1342527 0.1105011 0.1044220 0.0000000 0.1238246 0.0253201 0.1375820 
Dasyuridae_Dasyurus_geffroii                 0.0871096 0.1125465 0.1087069 0.1207542 0.1201142 0.0127380 0.1157839 0.0892155 0.1109517 0.1138865 0.1178588 0.0226751 0.0443705 0.0998412 0.0870547 0.0209026 0.0103407 0.0317950 0.1296251 0.1039251 0.1135380 0.1472711 0.1530059 0.0200069 0.1035752 0.1385811 0.0986664 0.1113339 0.1236351 0.1100967 0.1018402 0.1238246 0.0000000 0.1168431 0.1036277 
Peramelidae_Perameles_gunnii                 0.0796742 0.1197085 0.1074657 0.1163666 0.1143048 0.1220767 0.1042899 0.0888627 0.1059153 0.0114865 0.1078095 0.1212936 0.1351320 0.0914508 0.0851696 0.1183814 0.1104967 0.1161707 0.0262705 0.0991644 0.1101052 0.1485555 0.1487784 0.1152991 0.0996782 0.1383909 0.1000835 0.1096206 0.1275422 0.1095300 0.0973318 0.0253201 0.1168431 0.0000000 0.1060467 
Pseudochiridae_Pseudocheirus_occidentalis    0.0770673 0.1118703 0.1020263 0.0757383 0.0769117 0.1139466 0.0883758 0.0780658 0.0843006 0.1220348 0.0975639 0.1012085 0.1252594 0.0752808 0.0704148 0.0986220 0.0980469 0.0849356 0.1222872 0.0702688 0.0420543 0.1384133 0.1368792 0.0979068 0.0812610 0.1477531 0.0442545 0.0751545 0.0886188 0.0806479 0.0834888 0.1375820 0.1036277 0.1060467 0.0000000 
