35
Burramyidae_Burramys_parvus                  0.0000000 0.0371146 0.0211199 0.0230057 0.0230299 0.0411807 0.0150983 0.0163568 0.0208459 0.0502613 0.0156511 0.0384372 0.0431134 0.0160246 0.0237614 0.0394350 0.0384402 0.0432310 0.0483462 0.0200490 0.0366677 0.0483994 0.0384428 0.0409946 0.0234306 0.0227019 0.0342678 0.0190822 0.0324730 0.0442834 0.0275993 0.0157141 0.0484078 0.0388355 0.0504408 
Notoryctidae_Notoryctes_typhlops             0.0371146 0.0000000 0.0356213 0.0479700 0.0472427 0.0465900 0.0391523 0.0396872 0.0438782 0.0576269 0.0406927 0.0443552 0.0468288 0.0390758 0.0472743 0.0450739 0.0448568 0.0462303 0.0573790 0.0411928 0.0650921 0.0659913 0.0537040 0.0458914 0.0467074 0.0385296 0.0615459 0.0398984 0.0599952 0.0683166 0.0523680 0.0380711 0.0586635 0.0445475 0.0581296 
Vombatidae_Lasiorhinus_latifrons             0.0211199 0.0356213 0.0000000 0.0308462 0.0305611 0.0399081 0.0214283 0.0235290 0.0281078 0.0474735 0.0232647 0.0381729 0.0397551 0.0223245 0.0284713 0.0391679 0.0365273 0.0434011 0.0485101 0.0263031 0.0428665 0.0523631 0.0434179 0.0393968 0.0287179 0.0244222 0.0434963 0.0252426 0.0383129 0.0471814 0.0327974 0.0222038 0.0485804 0.0379295 0.0480254 
Potoroidae_Bettongia_penicillata             0.0230057 0.0479700 0.0308462 0.0000000 0.0018410 0.0504647 0.0244970 0.0258066 0.0060630 0.0560481 0.0246637 0.0482925 0.0510655 0.0251000 0.0312370 0.0501092 0.0471713 0.0534069 0.0521184 0.0101274 0.0438798 0.0594235 0.0495501 0.0506680 0.0209543 0.0342349 0.0421277 0.0093508 0.0373233 0.0521463 0.0373082 0.0241174 0.0553450 0.0483447 0.0561839 
Potoroidae_Bettongia_lesueur                 0.0230299 0.0472427 0.0305611 0.0018410 0.0000000 0.0508860 0.0236549 0.0252596 0.0053473 0.0549414 0.0238384 0.0487072 0.0514905 0.0242720 0.0306435 0.0497836 0.0475814 0.0534698 0.0518023 0.0093215 0.0428429 0.0599851 0.0492965 0.0503410 0.0209495 0.0339354 0.0421924 0.0081701 0.0366031 0.0526472 0.0373556 0.0233072 0.0542317 0.0487596 0.0550856 
Dasyuridae_Dasyurus_maculatus                0.0411807 0.0465900 0.0399081 0.0504647 0.0508860 0.0000000 0.0427843 0.0435730 0.0481851 0.0599164 0.0421095 0.0071618 0.0107188 0.0418796 0.0515196 0.0086862 0.0023186 0.0111215 0.0608985 0.0446064 0.0618907 0.0605812 0.0517442 0.0081233 0.0481664 0.0400788 0.0594010 0.0440095 0.0541686 0.0708514 0.0541651 0.0419861 0.0607995 0.0016835 0.0603924 
Phalangeridae_Trichosurus_vulpecula          0.0150983 0.0391523 0.0214283 0.0244970 0.0236549 0.0427843 0.0000000 0.0073661 0.0214079 0.0479782 0.0085475 0.0407282 0.0419399 0.0073309 0.0237864 0.0417710 0.0396366 0.0446705 0.0467832 0.0216825 0.0362376 0.0469678 0.0402376 0.0423386 0.0243957 0.0246120 0.0346536 0.0209409 0.0316626 0.0424198 0.0300097 0.0073024 0.0474781 0.0407584 0.0481788 
Phalangeridae_Spilocuscus_maculatus          0.0163568 0.0396872 0.0235290 0.0258066 0.0252596 0.0435730 0.0073661 0.0000000 0.0229503 0.0480460 0.0040069 0.0411131 0.0426599 0.0038100 0.0240579 0.0421532 0.0404408 0.0461867 0.0470891 0.0226942 0.0391553 0.0493438 0.0380107 0.0423337 0.0259306 0.0254275 0.0362077 0.0211352 0.0332705 0.0428069 0.0303106 0.0041333 0.0474151 0.0415436 0.0484515 
Potoroidae_Aepyprymnus_rufescens             0.0208459 0.0438782 0.0281078 0.0060630 0.0053473 0.0481851 0.0214079 0.0229503 0.0000000 0.0528265 0.0224402 0.0435031 0.0472713 0.0223257 0.0293344 0.0445407 0.0445794 0.0490961 0.0513071 0.0075735 0.0424056 0.0558122 0.0446241 0.0457882 0.0191499 0.0306045 0.0410645 0.0072136 0.0390087 0.0509899 0.0363308 0.0214049 0.0528595 0.0457260 0.0534671 
Peramelidae_Perameles_nasuta                 0.0502613 0.0576269 0.0474735 0.0560481 0.0549414 0.0599164 0.0479782 0.0480460 0.0528265 0.0000000 0.0482076 0.0580488 0.0618514 0.0464702 0.0565185 0.0584262 0.0568126 0.0627095 0.0075743 0.0494600 0.0638814 0.0688757 0.0589817 0.0569230 0.0558522 0.0487792 0.0623310 0.0481622 0.0577910 0.0732608 0.0630546 0.0461703 0.0063089 0.0576905 0.0002995 
Phalangeridae_Strigocuscus_pelengensis       0.0156511 0.0406927 0.0232647 0.0246637 0.0238384 0.0421095 0.0085475 0.0040069 0.0224402 0.0482076 0.0000000 0.0408203 0.0427008 0.0051926 0.0243759 0.0418371 0.0390484 0.0450832 0.0477604 0.0216251 0.0387513 0.0502845 0.0388357 0.0419219 0.0242474 0.0253058 0.0351154 0.0198392 0.0324682 0.0434947 0.0309401 0.0055247 0.0493624 0.0401343 0.0488129 
Dasyuridae_Phascogale_tapoatafa              0.0384372 0.0443552 0.0381729 0.0482925 0.0487072 0.0071618 0.0407282 0.0411131 0.0435031 0.0580488 0.0408203 0.0000000 0.0097007 0.0395133 0.0489632 0.0016850 0.0051735 0.0102546 0.0598978 0.0417751 0.0614186 0.0589873 0.0500960 0.0038139 0.0448745 0.0383167 0.0582512 0.0415898 0.0551415 0.0663736 0.0526978 0.0391662 0.0597045 0.0058873 0.0585374 
Dasyuridae_Sminthopsis_macroura              0.0431134 0.0468288 0.0397551 0.0510655 0.0514905 0.0107188 0.0419399 0.0426599 0.0472713 0.0618514 0.0427008 0.0097007 0.0000000 0.0410071 0.0504897 0.0109287 0.0097019 0.0081667 0.0620817 0.0447949 0.0613543 0.0596413 0.0508333 0.0107477 0.0484175 0.0419971 0.0611799 0.0453099 0.0542965 0.0701846 0.0553341 0.0410896 0.0648021 0.0097090 0.0623164 
Phalangeridae_Phalanger_orientalis           0.0160246 0.0390758 0.0223245 0.0251000 0.0242720 0.0418796 0.0073309 0.0038100 0.0223257 0.0464702 0.0051926 0.0395133 0.0410071 0.0000000 0.0236771 0.0405134 0.0388349 0.0445520 0.0453336 0.0209734 0.0355342 0.0474836 0.0362720 0.0413530 0.0241055 0.0232095 0.0349664 0.0194675 0.0303153 0.0414858 0.0304462 0.0010575 0.0468286 0.0399136 0.0466752 
Acrobatidae_Acrobates_pygmaeus               0.0237614 0.0472743 0.0284713 0.0312370 0.0306435 0.0515196 0.0237864 0.0240579 0.0293344 0.0565185 0.0243759 0.0489632 0.0504897 0.0236771 0.0000000 0.0496688 0.0481743 0.0548999 0.0558229 0.0274742 0.0393998 0.0564151 0.0487885 0.0483045 0.0303811 0.0341169 0.0354817 0.0257959 0.0335655 0.0455273 0.0198325 0.0232705 0.0553995 0.0493683 0.0568538 
Dasyuridae_Phascogale_calura                 0.0394350 0.0450739 0.0391679 0.0501092 0.0497836 0.0086862 0.0417710 0.0421532 0.0445407 0.0584262 0.0418371 0.0016850 0.0109287 0.0405134 0.0496688 0.0000000 0.0071638 0.0118215 0.0602759 0.0427999 0.0617861 0.0593730 0.0497075 0.0046705 0.0459207 0.0393458 0.0578255 0.0426166 0.0547273 0.0675641 0.0537941 0.0401634 0.0601210 0.0073550 0.0589124 
Dasyuridae_Sarcophilus_harrisii              0.0384402 0.0448568 0.0365273 0.0471713 0.0475814 0.0023186 0.0396366 0.0404408 0.0445794 0.0568126 0.0390484 0.0051735 0.0097019 0.0388349 0.0481743 0.0071638 0.0000000 0.0100384 0.0578458 0.0414428 0.0589041 0.0578166 0.0491112 0.0068153 0.0445864 0.0366508 0.0559724 0.0409115 0.0518288 0.0671820 0.0508088 0.0389273 0.0584464 0.0012158 0.0573086 
Dasyuridae_Planigale_tenuirostris            0.0432310 0.0462303 0.0434011 0.0534069 0.0534698 0.0111215 0.0446705 0.0461867 0.0490961 0.0627095 0.0450832 0.0102546 0.0081667 0.0445520 0.0548999 0.0118215 0.0100384 0.0000000 0.0633233 0.0481174 0.0642820 0.0641226 0.0547867 0.0111208 0.0522953 0.0429347 0.0665993 0.0486210 0.0558421 0.0738014 0.0592914 0.0446541 0.0660985 0.0100464 0.0635754 
Peramelidae_Echymipera_kalubu                0.0483462 0.0573790 0.0485101 0.0521184 0.0518023 0.0608985 0.0467832 0.0470891 0.0513071 0.0075743 0.0477604 0.0598978 0.0620817 0.0453336 0.0558229 0.0602759 0.0578458 0.0633233 0.0000000 0.0493679 0.0604412 0.0704638 0.0595884 0.0600090 0.0549796 0.0509602 0.0584765 0.0480924 0.0579010 0.0729117 0.0612822 0.0450440 0.0074045 0.0587242 0.0078926 
Macropodidae_Dorcopsulus_vanheurni           0.0200490 0.0411928 0.0263031 0.0101274 0.0093215 0.0446064 0.0216825 0.0226942 0.0075735 0.0494600 0.0216251 0.0417751 0.0447949 0.0209734 0.0274742 0.0427999 0.0414428 0.0481174 0.0493679 0.0000000 0.0406845 0.0564751 0.0458100 0.0436316 0.0159485 0.0316249 0.0385087 0.0026521 0.0362620 0.0493423 0.0343187 0.0206042 0.0509475 0.0425577 0.0499972 
Pseudochiridae_Pseudochirulus_forbesi        0.0366677 0.0650921 0.0428665 0.0438798 0.0428429 0.0618907 0.0362376 0.0391553 0.0424056 0.0638814 0.0387513 0.0614186 0.0613543 0.0355342 0.0393998 0.0617861 0.0589041 0.0642820 0.0604412 0.0406845 0.0000000 0.0702405 0.0632974 0.0622730 0.0425331 0.0464960 0.0215772 0.0387714 0.0078551 0.0537144 0.0446132 0.0360124 0.0611096 0.0601793 0.0639575 
Didelphidae_Didelphis_virginiana             0.0483994 0.0659913 0.0523631 0.0594235 0.0599851 0.0605812 0.0469678 0.0493438 0.0558122 0.0688757 0.0502845 0.0589873 0.0596413 0.0474836 0.0564151 0.0593730 0.0578166 0.0641226 0.0704638 0.0564751 0.0702405 0.0000000 0.0157616 0.0599123 0.0586279 0.0478638 0.0719039 0.0549603 0.0639723 0.0745932 0.0609144 0.0475672 0.0688444 0.0587179 0.0692731 
Marmosidae_Monodelphis_domestica             0.0384428 0.0537040 0.0434179 0.0495501 0.0492965 0.0517442 0.0402376 0.0380107 0.0446241 0.0589817 0.0388357 0.0500960 0.0508333 0.0362720 0.0487885 0.0497075 0.0491112 0.0547867 0.0595884 0.0458100 0.0632974 0.0157616 0.0000000 0.0510782 0.0472339 0.0385299 0.0636621 0.0441171 0.0573548 0.0665586 0.0530321 0.0363777 0.0582151 0.0495664 0.0597508 
Dasyuridae_Antechinus_stuartii               0.0409946 0.0458914 0.0393968 0.0506680 0.0503410 0.0081233 0.0423386 0.0423337 0.0457882 0.0569230 0.0419219 0.0038139 0.0107477 0.0413530 0.0483045 0.0046705 0.0068153 0.0111208 0.0600090 0.0436316 0.0622730 0.0599123 0.0510782 0.0000000 0.0464879 0.0389062 0.0594849 0.0434022 0.0535657 0.0676705 0.0548574 0.0410277 0.0594024 0.0068198 0.0575316 
Hypsiprymnodontidae_Hypsiprymnodon_moschatus 0.0234306 0.0467074 0.0287179 0.0209543 0.0209495 0.0481664 0.0243957 0.0259306 0.0191499 0.0558522 0.0242474 0.0448745 0.0484175 0.0241055 0.0303811 0.0459207 0.0445864 0.0522953 0.0549796 0.0159485 0.0425331 0.0586279 0.0472339 0.0464879 0.0000000 0.0336461 0.0411418 0.0150725 0.0376769 0.0499949 0.0364185 0.0238226 0.0555393 0.0457249 0.0559883 
Microbiotheriidae_Dromiciops_gliroides       0.0227019 0.0385296 0.0244222 0.0342349 0.0339354 0.0400788 0.0246120 0.0254275 0.0306045 0.0487792 0.0253058 0.0383167 0.0419971 0.0232095 0.0341169 0.0393458 0.0366508 0.0429347 0.0509602 0.0316249 0.0464960 0.0478638 0.0385299 0.0389062 0.0336461 0.0000000 0.0471833 0.0288321 0.0380774 0.0536166 0.0355479 0.0233594 0.0493455 0.0377249 0.0492223 
Pseudochiridae_Petauroides_volans            0.0342678 0.0615459 0.0434963 0.0421277 0.0421924 0.0594010 0.0346536 0.0362077 0.0410645 0.0623310 0.0351154 0.0582512 0.0611799 0.0349664 0.0354817 0.0578255 0.0559724 0.0665993 0.0584765 0.0385087 0.0215772 0.0719039 0.0636621 0.0594849 0.0411418 0.0471833 0.0000000 0.0359390 0.0152705 0.0499116 0.0387748 0.0345560 0.0583966 0.0572273 0.0624194 
Macropodidae_Wallabia_bicolor                0.0190822 0.0398984 0.0252426 0.0093508 0.0081701 0.0440095 0.0209409 0.0211352 0.0072136 0.0481622 0.0198392 0.0415898 0.0453099 0.0194675 0.0257959 0.0426166 0.0409115 0.0486210 0.0480924 0.0026521 0.0387714 0.0549603 0.0441171 0.0434022 0.0150725 0.0288321 0.0359390 0.0000000 0.0345633 0.0475026 0.0322332 0.0191300 0.0488850 0.0420241 0.0483949 
Pseudochiridae_Pseudocheirus_occidentalis    0.0324730 0.0599952 0.0383129 0.0373233 0.0366031 0.0541686 0.0316626 0.0332705 0.0390087 0.0577910 0.0324682 0.0551415 0.0542965 0.0303153 0.0335655 0.0547273 0.0518288 0.0558421 0.0579010 0.0362620 0.0078551 0.0639723 0.0573548 0.0535657 0.0376769 0.0380774 0.0152705 0.0345633 0.0000000 0.0479255 0.0373000 0.0308214 0.0550476 0.0523232 0.0578583 
Tarsipedidae_Tarsipes_rostratus              0.0442834 0.0683166 0.0471814 0.0521463 0.0526472 0.0708514 0.0424198 0.0428069 0.0509899 0.0732608 0.0434947 0.0663736 0.0701846 0.0414858 0.0455273 0.0675641 0.0671820 0.0738014 0.0729117 0.0493423 0.0537144 0.0745932 0.0665586 0.0676705 0.0499949 0.0536166 0.0499116 0.0475026 0.0479255 0.0000000 0.0453237 0.0407780 0.0749809 0.0685178 0.0731432 
Acrobatidae_Distoechurus_pennatus            0.0275993 0.0523680 0.0327974 0.0373082 0.0373556 0.0541651 0.0300097 0.0303106 0.0363308 0.0630546 0.0309401 0.0526978 0.0553341 0.0304462 0.0198325 0.0537941 0.0508088 0.0592914 0.0612822 0.0343187 0.0446132 0.0609144 0.0530321 0.0548574 0.0364185 0.0355479 0.0387748 0.0322332 0.0373000 0.0453237 0.0000000 0.0299611 0.0627945 0.0520120 0.0635197 
Phalangeridae_Phalanger_carmelitae           0.0157141 0.0380711 0.0222038 0.0241174 0.0233072 0.0419861 0.0073024 0.0041333 0.0214049 0.0461703 0.0055247 0.0391662 0.0410896 0.0010575 0.0232705 0.0401634 0.0389273 0.0446541 0.0450440 0.0206042 0.0360124 0.0475672 0.0363777 0.0410277 0.0238226 0.0233594 0.0345560 0.0191300 0.0308214 0.0407780 0.0299611 0.0000000 0.0465236 0.0400011 0.0463763 
Peramelidae_Peroryctes_raffrayana            0.0484078 0.0586635 0.0485804 0.0553450 0.0542317 0.0607995 0.0474781 0.0474151 0.0528595 0.0063089 0.0493624 0.0597045 0.0648021 0.0468286 0.0553995 0.0601210 0.0584464 0.0660985 0.0074045 0.0509475 0.0611096 0.0688444 0.0582151 0.0594024 0.0555393 0.0493455 0.0583966 0.0488850 0.0550476 0.0749809 0.0627945 0.0465236 0.0000000 0.0585470 0.0064632 
Dasyuridae_Dasyurus_geffroii                 0.0388355 0.0445475 0.0379295 0.0483447 0.0487596 0.0016835 0.0407584 0.0415436 0.0457260 0.0576905 0.0401343 0.0058873 0.0097090 0.0399136 0.0493683 0.0073550 0.0012158 0.0100464 0.0587242 0.0425577 0.0601793 0.0587179 0.0495664 0.0068198 0.0457249 0.0377249 0.0572273 0.0420241 0.0523232 0.0685178 0.0520120 0.0400011 0.0585470 0.0000000 0.0581817 
Peramelidae_Perameles_gunnii                 0.0504408 0.0581296 0.0480254 0.0561839 0.0550856 0.0603924 0.0481788 0.0484515 0.0534671 0.0002995 0.0488129 0.0585374 0.0623164 0.0466752 0.0568538 0.0589124 0.0573086 0.0635754 0.0078926 0.0499972 0.0639575 0.0692731 0.0597508 0.0575316 0.0559883 0.0492223 0.0624194 0.0483949 0.0578583 0.0731432 0.0635197 0.0463763 0.0064632 0.0581817 0.0000000 
