37
Burramyidae_Burramys_parvus                  0.0000000 0.1193293 0.0720605 0.0662654 0.0656830 0.1061648 0.0642211 0.0536524 0.0685641 0.0940672 0.0599938 0.1031564 0.1056186 0.0562353 0.0659486 0.1006179 0.1373424 0.1069165 0.0910992 0.0664157 0.0693036 0.1166094 0.1161759 0.1165269 0.0610884 0.0868287 0.0699144 0.0612146 0.0844246 0.1030749 0.0699081 0.0569594 0.1098764 0.1072220 0.0954228 0.1708258 0.1708258 
Notoryctidae_Notoryctes_typhlops             0.1193293 0.0000000 0.1367170 0.1310353 0.1302538 0.1747820 0.1168439 0.1271894 0.1340876 0.1474933 0.1378909 0.1576989 0.1629265 0.1277651 0.1322981 0.1585683 0.1671477 0.1635299 0.1467564 0.1293091 0.1387407 0.1695020 0.1629041 0.1801003 0.1319237 0.1369653 0.1424311 0.1284044 0.1360960 0.1586871 0.1325282 0.1308267 0.1418855 0.1766502 0.1488934 9.0000000 9.0000000 
Vombatidae_Lasiorhinus_latifrons             0.0720605 0.1367170 0.0000000 0.0835972 0.0836323 0.1202997 0.0710230 0.0751355 0.0859104 0.1078813 0.0825640 0.1189978 0.1170201 0.0747307 0.0842531 0.1167949 0.1535194 0.1198912 0.1072328 0.0870035 0.0903705 0.1318485 0.1363771 0.1339605 0.0821482 0.1055166 0.0913048 0.0827405 0.1077211 0.1290874 0.0915694 0.0760878 0.1259849 0.1214537 0.1084636 0.1309575 0.1309575 
Potoroidae_Bettongia_penicillata             0.0662654 0.1310353 0.0835972 0.0000000 0.0037763 0.1239278 0.0739505 0.0695091 0.0170808 0.1098083 0.0767031 0.1198522 0.1193619 0.0705141 0.0815166 0.1175384 0.1590184 0.1229806 0.1097126 0.0291571 0.0750972 0.1354196 0.1383170 0.1351981 0.0455368 0.1044918 0.0785913 0.0236618 0.0930119 0.1130774 0.0807131 0.0719778 0.1353408 0.1259165 0.1114166 0.1886852 0.1886852 
Potoroidae_Bettongia_lesueur                 0.0656830 0.1302538 0.0836323 0.0037763 0.0000000 0.1226470 0.0725575 0.0687470 0.0168233 0.1080763 0.0759363 0.1187142 0.1189570 0.0697512 0.0815786 0.1162202 0.1580050 0.1220000 0.1080231 0.0272560 0.0756310 0.1331696 0.1361876 0.1321532 0.0455234 0.1018754 0.0784910 0.0234002 0.0923297 0.1130639 0.0807569 0.0712120 0.1328974 0.1246247 0.1100562 0.1938016 0.1938016 
Dasyuridae_Dasyurus_maculatus                0.1061648 0.1747820 0.1202997 0.1239278 0.1226470 0.0000000 0.1266855 0.1115584 0.1232810 0.1284793 0.1165182 0.0227907 0.0363280 0.1134675 0.1250653 0.0234575 0.0338974 0.0329282 0.1281710 0.1252362 0.1250577 0.1490135 0.1519615 0.0322701 0.1177122 0.1148246 0.1275122 0.1217002 0.1430868 0.1583888 0.1248844 0.1142055 0.1512228 0.0041554 0.1313943 0.0775742 0.0775742 
Phalangeridae_Trichosurus_vulpecula          0.0642211 0.1168439 0.0710230 0.0739505 0.0725575 0.1266855 0.0000000 0.0198147 0.0779451 0.1237020 0.0212567 0.1282310 0.1390995 0.0210580 0.0905174 0.1285648 0.1080448 0.1204976 0.1216723 0.0779603 0.0768551 0.1366558 0.1461785 0.1372998 0.0763642 0.0935418 0.0846872 0.0709599 0.0633199 0.0852635 0.0929655 0.0206912 0.1077594 0.1289681 0.1252894 0.1167979 0.1167979 
Phalangeridae_Spilocuscus_maculatus          0.0536524 0.1271894 0.0751355 0.0695091 0.0687470 0.1115584 0.0198147 0.0000000 0.0719505 0.1023768 0.0174929 0.1040059 0.1114664 0.0127877 0.0695431 0.1020847 0.1409803 0.1084413 0.1030468 0.0707746 0.0692211 0.1241142 0.1253153 0.1223742 0.0653958 0.0909229 0.0729717 0.0658522 0.0819724 0.1067909 0.0742589 0.0128257 0.1198782 0.1125967 0.1047328 0.1258434 0.1258434 
Potoroidae_Aepyprymnus_rufescens             0.0685641 0.1340876 0.0859104 0.0170808 0.0168233 0.1232810 0.0779451 0.0719505 0.0000000 0.1094468 0.0782803 0.1210845 0.1225280 0.0742137 0.0826796 0.1185412 0.1578888 0.1250486 0.1107565 0.0316076 0.0793032 0.1362632 0.1369688 0.1351659 0.0486664 0.1081024 0.0826504 0.0258148 0.0952417 0.1164458 0.0838421 0.0750667 0.1350908 0.1252559 0.1121825 0.1935431 0.1935431 
Peramelidae_Perameles_nasuta                 0.0940672 0.1474933 0.1078813 0.1098083 0.1080763 0.1284793 0.1237020 0.1023768 0.1094468 0.0000000 0.1094012 0.1214464 0.1273178 0.1023030 0.1101581 0.1192043 0.1576981 0.1254251 0.0154490 0.1058216 0.1179268 0.1375886 0.1411306 0.1366303 0.1038490 0.1106037 0.1123310 0.1025472 0.1351058 0.1498733 0.1113932 0.1042644 0.0208367 0.1298259 0.0005189 0.1560277 0.1560277 
Phalangeridae_Strigocuscus_pelengensis       0.0599938 0.1378909 0.0825640 0.0767031 0.0759363 0.1165182 0.0212567 0.0174929 0.0782803 0.1094012 0.0000000 0.1127956 0.1192163 0.0171999 0.0761362 0.1112171 0.1519835 0.1158526 0.1103254 0.0771325 0.0763199 0.1325698 0.1341061 0.1296884 0.0716382 0.0953040 0.0777204 0.0720819 0.0896244 0.1173330 0.0840470 0.0164529 0.1299246 0.1175898 0.1123934 0.1301328 0.1301328 
Dasyuridae_Phascogale_tapoatafa              0.1031564 0.1576989 0.1189978 0.1198522 0.1187142 0.0227907 0.1282310 0.1040059 0.1210845 0.1214464 0.1127956 0.0000000 0.0338450 0.1050420 0.1199897 0.0036224 0.0441978 0.0335063 0.1215003 0.1174433 0.1193455 0.1391330 0.1434092 0.0252811 0.1135419 0.1142474 0.1226190 0.1135147 0.1414154 0.1580885 0.1203479 0.1056327 0.1453340 0.0247307 0.1232538 0.1038937 0.1038937 
Dasyuridae_Sminthopsis_macroura              0.1056186 0.1629265 0.1170201 0.1193619 0.1189570 0.0363280 0.1390995 0.1114664 0.1225280 0.1273178 0.1192163 0.0338450 0.0000000 0.1118210 0.1234908 0.0341665 0.0583830 0.0276808 0.1276803 0.1176958 0.1239746 0.1447451 0.1472845 0.0478024 0.1144480 0.1155942 0.1258371 0.1144111 0.1472280 0.1660229 0.1223851 0.1122767 0.1536800 0.0382901 0.1289551 0.0929575 0.0929575 
Phalangeridae_Phalanger_orientalis           0.0562353 0.1277651 0.0747307 0.0705141 0.0697512 0.1134675 0.0210580 0.0127877 0.0742137 0.1023030 0.0171999 0.1050420 0.1118210 0.0000000 0.0715821 0.1036712 0.1434370 0.1084508 0.1028759 0.0726907 0.0725707 0.1269738 0.1285400 0.1242534 0.0670409 0.0924686 0.0751248 0.0677617 0.0855856 0.1115049 0.0757374 0.0055571 0.1208751 0.1145135 0.1041900 0.1264948 0.1264948 
Acrobatidae_Acrobates_pygmaeus               0.0659486 0.1322981 0.0842531 0.0815166 0.0815786 0.1250653 0.0905174 0.0695431 0.0826796 0.1101581 0.0761362 0.1199897 0.1234908 0.0715821 0.0000000 0.1185298 0.1651251 0.1225230 0.1134542 0.0799282 0.0728393 0.1426463 0.1378907 0.1359639 0.0749986 0.1069277 0.0716497 0.0763204 0.0830832 0.1052489 0.0465694 0.0716505 0.1339852 0.1253055 0.1126114 0.2719873 0.2719873 
Dasyuridae_Phascogale_calura                 0.1006179 0.1585683 0.1167949 0.1175384 0.1162202 0.0234575 0.1285648 0.1020847 0.1185412 0.1192043 0.1112171 0.0036224 0.0341665 0.1036712 0.1185298 0.0000000 0.0437580 0.0344715 0.1189867 0.1155320 0.1178579 0.1373310 0.1410175 0.0264643 0.1123357 0.1125687 0.1216705 0.1119689 0.1399409 0.1579092 0.1194942 0.1042665 0.1417346 0.0250374 0.1210382 0.1001448 0.1001448 
Dasyuridae_Sarcophilus_harrisii              0.1373424 0.1671477 0.1535194 0.1590184 0.1580050 0.0338974 0.1080448 0.1409803 0.1578888 0.1576981 0.1519835 0.0441978 0.0583830 0.1434370 0.1651251 0.0437580 0.0000000 0.0501390 0.1543563 0.1568819 0.1645421 0.1797270 0.1881574 0.0549756 0.1496449 0.1525071 0.1685261 0.1516999 0.1654482 0.1841381 0.1651530 0.1436289 0.1661994 0.0348108 0.1584159 0.0885260 0.0885260 
Dasyuridae_Planigale_tenuirostris            0.1069165 0.1635299 0.1198912 0.1229806 0.1220000 0.0329282 0.1204976 0.1084413 0.1250486 0.1254251 0.1158526 0.0335063 0.0276808 0.1084508 0.1225230 0.0344715 0.0501390 0.0000000 0.1228967 0.1216533 0.1287677 0.1468605 0.1532354 0.0451912 0.1193395 0.1190352 0.1300786 0.1171332 0.1478026 0.1693538 0.1245514 0.1086409 0.1459165 0.0337543 0.1277264 0.0937844 0.0937844 
Peramelidae_Echymipera_kalubu                0.0910992 0.1467564 0.1072328 0.1097126 0.1080231 0.1281710 0.1216723 0.1030468 0.1107565 0.0154490 0.1103254 0.1215003 0.1276803 0.1028759 0.1134542 0.1189867 0.1543563 0.1228967 0.0000000 0.1068062 0.1154807 0.1400341 0.1401695 0.1359046 0.1036206 0.1084483 0.1143017 0.1038018 0.1327580 0.1538598 0.1125987 0.1044965 0.0186069 0.1286624 0.0168958 0.1578671 0.1578671 
Macropodidae_Dorcopsulus_vanheurni           0.0664157 0.1293091 0.0870035 0.0291571 0.0272560 0.1252362 0.0779603 0.0707746 0.0316076 0.1058216 0.0771325 0.1174433 0.1176958 0.0726907 0.0799282 0.1155320 0.1568819 0.1216533 0.1068062 0.0000000 0.0761129 0.1316917 0.1355236 0.1320408 0.0473490 0.1037062 0.0799586 0.0104779 0.0927884 0.1144733 0.0810532 0.0731892 0.1273656 0.1272256 0.1078583 0.2074140 0.2074140 
Pseudochiridae_Pseudochirulus_forbesi        0.0693036 0.1387407 0.0903705 0.0750972 0.0756310 0.1250577 0.0768551 0.0692211 0.0793032 0.1179268 0.0763199 0.1193455 0.1239746 0.0725707 0.0728393 0.1178579 0.1645421 0.1287677 0.1154807 0.0761129 0.0000000 0.1338439 0.1350371 0.1377135 0.0750112 0.1062380 0.0361711 0.0708317 0.0226240 0.0858270 0.0735215 0.0730857 0.1395292 0.1261530 0.1184692 0.2069757 0.2069757 
Didelphidae_Didelphis_virginiana             0.1166094 0.1695020 0.1318485 0.1354196 0.1331696 0.1490135 0.1366558 0.1241142 0.1362632 0.1375886 0.1325698 0.1391330 0.1447451 0.1269738 0.1426463 0.1373310 0.1797270 0.1468605 0.1400341 0.1316917 0.1338439 0.0000000 0.0444310 0.1553383 0.1301739 0.1296399 0.1387554 0.1261408 0.1606327 0.1843832 0.1352457 0.1276952 0.1623380 0.1532480 0.1397301 0.1476986 0.1476986 
Marmosidae_Monodelphis_domestica             0.1161759 0.1629041 0.1363771 0.1383170 0.1361876 0.1519615 0.1461785 0.1253153 0.1369688 0.1411306 0.1341061 0.1434092 0.1472845 0.1285400 0.1378907 0.1410175 0.1881574 0.1532354 0.1401695 0.1355236 0.1350371 0.0444310 0.0000000 0.1619890 0.1298977 0.1280218 0.1369424 0.1309966 0.1621748 0.1847061 0.1310851 0.1295555 0.1633796 0.1542797 0.1403860 0.2006608 0.2006608 
Dasyuridae_Antechinus_stuartii               0.1165269 0.1801003 0.1339605 0.1351981 0.1321532 0.0322701 0.1372998 0.1223742 0.1351659 0.1366303 0.1296884 0.0252811 0.0478024 0.1242534 0.1359639 0.0264643 0.0549756 0.0451912 0.1359046 0.1320408 0.1377135 0.1553383 0.1619890 0.0000000 0.1287671 0.1287180 0.1401577 0.1298374 0.1572607 0.1702026 0.1353122 0.1244931 0.1606831 0.0336816 0.1372572 0.1036224 0.1036224 
Hypsiprymnodontidae_Hypsiprymnodon_moschatus 0.0610884 0.1319237 0.0821482 0.0455368 0.0455234 0.1177122 0.0763642 0.0653958 0.0486664 0.1038490 0.0716382 0.1135419 0.1144480 0.0670409 0.0749986 0.1123357 0.1496449 0.1193395 0.1036206 0.0473490 0.0750112 0.1301739 0.1298977 0.1287671 0.0000000 0.1005475 0.0757087 0.0433568 0.0862962 0.1115862 0.0795968 0.0681395 0.1243503 0.1187810 0.1058058 0.1575172 0.1575172 
Microbiotheriidae_Dromiciops_gliroides       0.0868287 0.1369653 0.1055166 0.1044918 0.1018754 0.1148246 0.0935418 0.0909229 0.1081024 0.1106037 0.0953040 0.1142474 0.1155942 0.0924686 0.1069277 0.1125687 0.1525071 0.1190352 0.1084483 0.1037062 0.1062380 0.1296399 0.1280218 0.1287180 0.1005475 0.0000000 0.1085776 0.1015852 0.1274752 0.1427240 0.1094648 0.0930845 0.1308315 0.1142657 0.1111049 0.1210847 0.1210847 
Pseudochiridae_Petauroides_volans            0.0699144 0.1424311 0.0913048 0.0785913 0.0784910 0.1275122 0.0846872 0.0729717 0.0826504 0.1123310 0.0777204 0.1226190 0.1258371 0.0751248 0.0716497 0.1216705 0.1685261 0.1300786 0.1143017 0.0799586 0.0361711 0.1387554 0.1369424 0.1401577 0.0757087 0.1085776 0.0000000 0.0746570 0.0429731 0.0888162 0.0734142 0.0759766 0.1420238 0.1281123 0.1146046 0.2256336 0.2256336 
Macropodidae_Wallabia_bicolor                0.0612146 0.1284044 0.0827405 0.0236618 0.0234002 0.1217002 0.0709599 0.0658522 0.0258148 0.1025472 0.0720819 0.1135147 0.1144111 0.0677617 0.0763204 0.1119689 0.1516999 0.1171332 0.1038018 0.0104779 0.0708317 0.1261408 0.1309966 0.1298374 0.0433568 0.1015852 0.0746570 0.0000000 0.0869273 0.1090440 0.0747114 0.0679844 0.1219233 0.1228802 0.1045805 0.1963446 0.1963446 
Pseudochiridae_Pseudocheirus_occidentalis    0.0844246 0.1360960 0.1077211 0.0930119 0.0923297 0.1430868 0.0633199 0.0819724 0.0952417 0.1351058 0.0896244 0.1414154 0.1472280 0.0855856 0.0830832 0.1399409 0.1654482 0.1478026 0.1327580 0.0927884 0.0226240 0.1606327 0.1621748 0.1572607 0.0862962 0.1274752 0.0429731 0.0869273 0.0000000 0.0865907 0.0867423 0.0859157 0.1409419 0.1451705 0.1355881 0.2108787 0.2108787 
Tarsipedidae_Tarsipes_rostratus              0.1030749 0.1586871 0.1290874 0.1130774 0.1130639 0.1583888 0.0852635 0.1067909 0.1164458 0.1498733 0.1173330 0.1580885 0.1660229 0.1115049 0.1052489 0.1579092 0.1841381 0.1693538 0.1538598 0.1144733 0.0858270 0.1843832 0.1847061 0.1702026 0.1115862 0.1427240 0.0888162 0.1090440 0.0865907 0.0000000 0.1027552 0.1123810 0.1574165 0.1586577 0.1505000 0.2459106 0.2459106 
Acrobatidae_Distoechurus_pennatus            0.0699081 0.1325282 0.0915694 0.0807131 0.0807569 0.1248844 0.0929655 0.0742589 0.0838421 0.1113932 0.0840470 0.1203479 0.1223851 0.0757374 0.0465694 0.1194942 0.1651530 0.1245514 0.1125987 0.0810532 0.0735215 0.1352457 0.1310851 0.1353122 0.0795968 0.1094648 0.0734142 0.0747114 0.0867423 0.1027552 0.0000000 0.0778416 0.1352688 0.1263299 0.1136792 0.2264936 0.2264936 
Phalangeridae_Phalanger_carmelitae           0.0569594 0.1308267 0.0760878 0.0719778 0.0712120 0.1142055 0.0206912 0.0128257 0.0750667 0.1042644 0.0164529 0.1056327 0.1122767 0.0055571 0.0716505 0.1042665 0.1436289 0.1086409 0.1044965 0.0731892 0.0730857 0.1276952 0.1295555 0.1244931 0.0681395 0.0930845 0.0759766 0.0679844 0.0859157 0.1123810 0.0778416 0.0000000 0.1224462 0.1152574 0.1064968 0.1356107 0.1356107 
Peramelidae_Peroryctes_raffrayana            0.1098764 0.1418855 0.1259849 0.1353408 0.1328974 0.1512228 0.1077594 0.1198782 0.1350908 0.0208367 0.1299246 0.1453340 0.1536800 0.1208751 0.1339852 0.1417346 0.1661994 0.1459165 0.0186069 0.1273656 0.1395292 0.1623380 0.1633796 0.1606831 0.1243503 0.1308315 0.1420238 0.1219233 0.1409419 0.1574165 0.1352688 0.1224462 0.0000000 0.1510519 0.0210131 0.1691844 0.1691844 
Dasyuridae_Dasyurus_geffroii                 0.1072220 0.1766502 0.1214537 0.1259165 0.1246247 0.0041554 0.1289681 0.1125967 0.1252559 0.1298259 0.1175898 0.0247307 0.0382901 0.1145135 0.1253055 0.0250374 0.0348108 0.0337543 0.1286624 0.1272256 0.1261530 0.1532480 0.1542797 0.0336816 0.1187810 0.1142657 0.1281123 0.1228802 0.1451705 0.1586577 0.1263299 0.1152574 0.1510519 0.0000000 0.1327070 0.0742466 0.0742466 
Peramelidae_Perameles_gunnii                 0.0954228 0.1488934 0.1084636 0.1114166 0.1100562 0.1313943 0.1252894 0.1047328 0.1121825 0.0005189 0.1123934 0.1232538 0.1289551 0.1041900 0.1126114 0.1210382 0.1584159 0.1277264 0.0168958 0.1078583 0.1184692 0.1397301 0.1403860 0.1372572 0.1058058 0.1111049 0.1146046 0.1045805 0.1355881 0.1505000 0.1136792 0.1064968 0.0210131 0.1327070 0.0000000 0.1560277 0.1560277 
Myrmecobiidae_Myrmecobius_fasciatus1         0.1708258 9.0000000 0.1309575 0.1886852 0.1938016 0.0775742 0.1167979 0.1258434 0.1935431 0.1560277 0.1301328 0.1038937 0.0929575 0.1264948 0.2719873 0.1001448 0.0885260 0.0937844 0.1578671 0.2074140 0.2069757 0.1476986 0.2006608 0.1036224 0.1575172 0.1210847 0.2256336 0.1963446 0.2108787 0.2459106 0.2264936 0.1356107 0.1691844 0.0742466 0.1560277 0.0000000 0.0000010 
Myrmecobiidae_Myrmecobius_fasciatus2         0.1708258 9.0000000 0.1309575 0.1886852 0.1938016 0.0775742 0.1167979 0.1258434 0.1935431 0.1560277 0.1301328 0.1038937 0.0929575 0.1264948 0.2719873 0.1001448 0.0885260 0.0937844 0.1578671 0.2074140 0.2069757 0.1476986 0.2006608 0.1036224 0.1575172 0.1210847 0.2256336 0.1963446 0.2108787 0.2459106 0.2264936 0.1356107 0.1691844 0.0742466 0.1560277 0.0000010 0.0000000 
