35
Burramyidae_Burramys_parvus                  0.0000000 0.1148771 0.0763666 0.1008872 0.1000549 0.1188315 0.0585224 0.0585290 0.0951189 0.1236970 0.0632051 0.1295134 0.1206911 0.0619850 0.0755193 0.1297692 0.1356000 0.1378110 0.1184676 0.0930878 0.1001768 0.1472070 0.1500879 0.1303308 0.0821700 0.0861318 0.0805208 0.0956725 0.0920399 0.0983493 0.0722151 0.0635885 0.1147584 0.1320157 0.1214372 
Notoryctidae_Notoryctes_typhlops             0.1148771 0.0000000 0.1105790 0.1388178 0.1363437 0.1193674 0.1002786 0.0957766 0.1315557 0.1333617 0.1076884 0.1366337 0.1229022 0.1052537 0.1143497 0.1370776 0.1455734 0.1414777 0.1337617 0.1291995 0.1486562 0.1630440 0.1641055 0.1327064 0.1245560 0.1015451 0.1258984 0.1268655 0.1486019 0.1465379 0.1186915 0.1062062 0.1334435 0.1384455 0.1326430 
Vombatidae_Lasiorhinus_latifrons             0.0763666 0.1105790 0.0000000 0.1057594 0.1040119 0.1137022 0.0620447 0.0599906 0.1017923 0.1116886 0.0683154 0.1261277 0.1149712 0.0674681 0.0815881 0.1269058 0.1306871 0.1324939 0.1094028 0.1001366 0.1116377 0.1422083 0.1497884 0.1262207 0.0924893 0.0857303 0.0892330 0.1040072 0.1110835 0.1121691 0.0840140 0.0681491 0.1097326 0.1282011 0.1121293 
Potoroidae_Bettongia_penicillata             0.1008872 0.1388178 0.1057594 0.0000000 0.0120550 0.1471757 0.0885341 0.0857005 0.0258774 0.1540494 0.0887992 0.1526206 0.1508115 0.0910344 0.1100591 0.1508790 0.1632313 0.1619016 0.1504707 0.0503198 0.1302754 0.1742936 0.1770943 0.1527932 0.0751934 0.1177913 0.1096880 0.0524088 0.1257284 0.1375228 0.1082111 0.0897499 0.1449205 0.1604751 0.1499826 
Potoroidae_Bettongia_lesueur                 0.1000549 0.1363437 0.1040119 0.0120550 0.0000000 0.1436823 0.0880733 0.0851249 0.0247431 0.1522521 0.0891240 0.1514313 0.1498399 0.0905659 0.1078890 0.1496809 0.1614699 0.1594274 0.1477444 0.0474981 0.1306022 0.1686540 0.1725891 0.1514983 0.0736049 0.1166526 0.1070508 0.0491514 0.1239362 0.1368634 0.1066231 0.0897579 0.1435636 0.1587208 0.1482332 
Dasyuridae_Dasyurus_maculatus                0.1188315 0.1193674 0.1137022 0.1471757 0.1436823 0.0000000 0.1012904 0.1084771 0.1400602 0.1210338 0.1107474 0.0281827 0.0367167 0.1096686 0.1208289 0.0267776 0.0097089 0.0439542 0.1177699 0.1377586 0.1541786 0.1438856 0.1524134 0.0248323 0.1276509 0.1039546 0.1275162 0.1381185 0.1529861 0.1549633 0.1206804 0.1097955 0.1146319 0.0078197 0.1186176 
Phalangeridae_Trichosurus_vulpecula          0.0585224 0.1002786 0.0620447 0.0885341 0.0880733 0.1012904 0.0000000 0.0182141 0.0855251 0.1037103 0.0217518 0.1181542 0.1043664 0.0230747 0.0670074 0.1153662 0.1197292 0.1219670 0.0982299 0.0835001 0.0945309 0.1301196 0.1369117 0.1166995 0.0742680 0.0772977 0.0738219 0.0836185 0.0910909 0.0956999 0.0647286 0.0239558 0.0983375 0.1163374 0.1017845 
Phalangeridae_Spilocuscus_maculatus          0.0585290 0.0957766 0.0599906 0.0857005 0.0851249 0.1084771 0.0182141 0.0000000 0.0806729 0.0943262 0.0126048 0.1103804 0.1129622 0.0120901 0.0607349 0.1079047 0.1098795 0.1180750 0.0895368 0.0806276 0.0919281 0.1215175 0.1233725 0.1066189 0.0702649 0.0826776 0.0650728 0.0789158 0.0871898 0.0927953 0.0603993 0.0111007 0.0898486 0.1058722 0.0934262 
Potoroidae_Aepyprymnus_rufescens             0.0951189 0.1315557 0.1017923 0.0258774 0.0247431 0.1400602 0.0855251 0.0806729 0.0000000 0.1461430 0.0880895 0.1489728 0.1448836 0.0880084 0.1067138 0.1472071 0.1555959 0.1602420 0.1438751 0.0435373 0.1273927 0.1617720 0.1711146 0.1503400 0.0690114 0.1105314 0.1047109 0.0443877 0.1231371 0.1294933 0.1054275 0.0859672 0.1414872 0.1540083 0.1439665 
Peramelidae_Perameles_nasuta                 0.1236970 0.1333617 0.1116886 0.1540494 0.1522521 0.1210338 0.1037103 0.0943262 0.1461430 0.0000000 0.1079243 0.1436604 0.1254199 0.1067491 0.1228267 0.1431005 0.1439352 0.1489791 0.0306347 0.1405244 0.1562540 0.1589514 0.1629544 0.1440959 0.1334293 0.1110649 0.1309538 0.1446780 0.1498043 0.1564846 0.1229511 0.1090925 0.0263125 0.1414350 0.0029527 
Phalangeridae_Strigocuscus_pelengensis       0.0632051 0.1076884 0.0683154 0.0887992 0.0891240 0.1107474 0.0217518 0.0126048 0.0880895 0.1079243 0.0000000 0.1222388 0.1134692 0.0142498 0.0703256 0.1198903 0.1244603 0.1286702 0.1047643 0.0831872 0.0970039 0.1324223 0.1383723 0.1207395 0.0784993 0.0829139 0.0761591 0.0840861 0.0923281 0.0927580 0.0694500 0.0148512 0.1036582 0.1209865 0.1064779 
Dasyuridae_Phascogale_tapoatafa              0.1295134 0.1366337 0.1261277 0.1526206 0.1514313 0.0281827 0.1181542 0.1103804 0.1489728 0.1436604 0.1222388 0.0000000 0.0419098 0.1225357 0.1374391 0.0050956 0.0307712 0.0435427 0.1410536 0.1462271 0.1651701 0.1639751 0.1794987 0.0163603 0.1420106 0.1167536 0.1379924 0.1441863 0.1648865 0.1610828 0.1389650 0.1236970 0.1365229 0.0283347 0.1409999 
Dasyuridae_Sminthopsis_macroura              0.1206911 0.1229022 0.1149712 0.1508115 0.1498399 0.0367167 0.1043664 0.1129622 0.1448836 0.1254199 0.1134692 0.0419098 0.0000000 0.1129158 0.1183952 0.0404945 0.0398888 0.0301709 0.1186928 0.1422852 0.1523628 0.1521123 0.1606867 0.0379619 0.1276251 0.1052289 0.1279488 0.1406995 0.1493674 0.1572740 0.1190206 0.1129657 0.1149494 0.0356799 0.1235183 
Phalangeridae_Phalanger_orientalis           0.0619850 0.1052537 0.0674681 0.0910344 0.0905659 0.1096686 0.0230747 0.0120901 0.0880084 0.1067491 0.0142498 0.1225357 0.1129158 0.0000000 0.0706273 0.1206484 0.1247517 0.1311176 0.1044838 0.0840134 0.1000513 0.1274729 0.1355853 0.1204711 0.0760627 0.0814115 0.0770932 0.0835372 0.0961200 0.0931858 0.0717104 0.0073556 0.1035097 0.1217764 0.1066719 
Acrobatidae_Acrobates_pygmaeus               0.0755193 0.1143497 0.0815881 0.1100591 0.1078890 0.1208289 0.0670074 0.0607349 0.1067138 0.1228267 0.0703256 0.1374391 0.1183952 0.0706273 0.0000000 0.1361941 0.1418389 0.1384092 0.1151057 0.1011539 0.0970376 0.1418948 0.1503509 0.1338295 0.0847016 0.0922742 0.0760936 0.1010957 0.0949956 0.0952377 0.0415068 0.0708012 0.1172205 0.1377579 0.1199114 
Dasyuridae_Phascogale_calura                 0.1297692 0.1370776 0.1269058 0.1508790 0.1496809 0.0267776 0.1153662 0.1079047 0.1472071 0.1431005 0.1198903 0.0050956 0.0404945 0.1206484 0.1361941 0.0000000 0.0301084 0.0431270 0.1409248 0.1444140 0.1639498 0.1640298 0.1781354 0.0156589 0.1390907 0.1159129 0.1383349 0.1411963 0.1623726 0.1587938 0.1377971 0.1218799 0.1359318 0.0276675 0.1409593 
Dasyuridae_Sarcophilus_harrisii              0.1356000 0.1455734 0.1306871 0.1632313 0.1614699 0.0097089 0.1197292 0.1098795 0.1555959 0.1439352 0.1244603 0.0307712 0.0398888 0.1247517 0.1418389 0.0301084 0.0000000 0.0466627 0.1416827 0.1508693 0.1716074 0.1661733 0.1779616 0.0289430 0.1464525 0.1194789 0.1495624 0.1500839 0.1730469 0.1695507 0.1444811 0.1252774 0.1385085 0.0098737 0.1412706 
Dasyuridae_Planigale_tenuirostris            0.1378110 0.1414777 0.1324939 0.1619016 0.1594274 0.0439542 0.1219670 0.1180750 0.1602420 0.1489791 0.1286702 0.0435427 0.0301709 0.1311176 0.1384092 0.0431270 0.0466627 0.0000000 0.1467084 0.1562689 0.1742511 0.1791751 0.1886088 0.0427016 0.1447562 0.1173234 0.1510134 0.1503684 0.1691622 0.1723271 0.1405125 0.1318237 0.1401735 0.0461608 0.1478732 
Peramelidae_Echymipera_kalubu                0.1184676 0.1337617 0.1094028 0.1504707 0.1477444 0.1177699 0.0982299 0.0895368 0.1438751 0.0306347 0.1047643 0.1410536 0.1186928 0.1044838 0.1151057 0.1409248 0.1416827 0.1467084 0.0000000 0.1349204 0.1488297 0.1577795 0.1627126 0.1421456 0.1280873 0.1066659 0.1228016 0.1389392 0.1453359 0.1538888 0.1151633 0.1064104 0.0195951 0.1403732 0.0287862 
Macropodidae_Dorcopsulus_vanheurni           0.0930878 0.1291995 0.1001366 0.0503198 0.0474981 0.1377586 0.0835001 0.0806276 0.0435373 0.1405244 0.0831872 0.1462271 0.1422852 0.0840134 0.1011539 0.1444140 0.1508693 0.1562689 0.1349204 0.0000000 0.1280626 0.1608220 0.1704851 0.1444798 0.0674483 0.1063613 0.1046695 0.0196890 0.1228441 0.1266285 0.1005904 0.0820450 0.1348091 0.1482256 0.1371078 
Pseudochiridae_Pseudochirulus_forbesi        0.1001768 0.1486562 0.1116377 0.1302754 0.1306022 0.1541786 0.0945309 0.0919281 0.1273927 0.1562540 0.0970039 0.1651701 0.1523628 0.1000513 0.0970376 0.1639498 0.1716074 0.1742511 0.1488297 0.1280626 0.0000000 0.1717951 0.1791122 0.1603973 0.1107143 0.1157843 0.0689429 0.1267562 0.0468126 0.1103395 0.1004868 0.1016601 0.1491197 0.1651521 0.1537308 
Didelphidae_Didelphis_virginiana             0.1472070 0.1630440 0.1422083 0.1742936 0.1686540 0.1438856 0.1301196 0.1215175 0.1617720 0.1589514 0.1324223 0.1639751 0.1521123 0.1274729 0.1418948 0.1640298 0.1661733 0.1791751 0.1577795 0.1608220 0.1717951 0.0000000 0.0605363 0.1632865 0.1558247 0.1255078 0.1489978 0.1612566 0.1742297 0.1769841 0.1421452 0.1288611 0.1552734 0.1637342 0.1587315 
Marmosidae_Monodelphis_domestica             0.1500879 0.1641055 0.1497884 0.1770943 0.1725891 0.1524134 0.1369117 0.1233725 0.1711146 0.1629544 0.1383723 0.1794987 0.1606867 0.1355853 0.1503509 0.1781354 0.1779616 0.1886088 0.1627126 0.1704851 0.1791122 0.0605363 0.0000000 0.1779220 0.1621907 0.1354318 0.1521284 0.1686170 0.1785543 0.1853039 0.1487010 0.1404095 0.1601026 0.1749727 0.1619646 
Dasyuridae_Antechinus_stuartii               0.1303308 0.1327064 0.1262207 0.1527932 0.1514983 0.0248323 0.1166995 0.1066189 0.1503400 0.1440959 0.1207395 0.0163603 0.0379619 0.1204711 0.1338295 0.0156589 0.0289430 0.0427016 0.1421456 0.1444798 0.1603973 0.1632865 0.1779220 0.0000000 0.1406588 0.1167652 0.1386453 0.1411692 0.1613001 0.1582021 0.1369001 0.1217651 0.1379939 0.0269137 0.1417112 
Hypsiprymnodontidae_Hypsiprymnodon_moschatus 0.0821700 0.1245560 0.0924893 0.0751934 0.0736049 0.1276509 0.0742680 0.0702649 0.0690114 0.1334293 0.0784993 0.1420106 0.1276251 0.0760627 0.0847016 0.1390907 0.1464525 0.1447562 0.1280873 0.0674483 0.1107143 0.1558247 0.1621907 0.1406588 0.0000000 0.0967032 0.0924551 0.0647742 0.1065969 0.1186598 0.0874854 0.0756100 0.1268567 0.1432582 0.1305113 
Microbiotheriidae_Dromiciops_gliroides       0.0861318 0.1015451 0.0857303 0.1177913 0.1166526 0.1039546 0.0772977 0.0826776 0.1105314 0.1110649 0.0829139 0.1167536 0.1052289 0.0814115 0.0922742 0.1159129 0.1194789 0.1173234 0.1066659 0.1063613 0.1157843 0.1255078 0.1354318 0.1167652 0.0967032 0.0000000 0.0965505 0.1073264 0.1162735 0.1203085 0.0919583 0.0819463 0.1015970 0.1161029 0.1097458 
Pseudochiridae_Petauroides_volans            0.0805208 0.1258984 0.0892330 0.1096880 0.1070508 0.1275162 0.0738219 0.0650728 0.1047109 0.1309538 0.0761591 0.1379924 0.1279488 0.0770932 0.0760936 0.1383349 0.1495624 0.1510134 0.1228016 0.1046695 0.0689429 0.1489978 0.1521284 0.1386453 0.0924551 0.0965505 0.0000000 0.1027152 0.0587238 0.0852695 0.0749087 0.0783476 0.1253968 0.1440361 0.1300821 
Macropodidae_Wallabia_bicolor                0.0956725 0.1268655 0.1040072 0.0524088 0.0491514 0.1381185 0.0836185 0.0789158 0.0443877 0.1446780 0.0840861 0.1441863 0.1406995 0.0835372 0.1010957 0.1411963 0.1500839 0.1503684 0.1389392 0.0196890 0.1267562 0.1612566 0.1686170 0.1411692 0.0647742 0.1073264 0.1027152 0.0000000 0.1241101 0.1281709 0.1043795 0.0829485 0.1369525 0.1474440 0.1417721 
Pseudochiridae_Pseudocheirus_occidentalis    0.0920399 0.1486019 0.1110835 0.1257284 0.1239362 0.1529861 0.0910909 0.0871898 0.1231371 0.1498043 0.0923281 0.1648865 0.1493674 0.0961200 0.0949956 0.1623726 0.1730469 0.1691622 0.1453359 0.1228441 0.0468126 0.1742297 0.1785543 0.1613001 0.1065969 0.1162735 0.0587238 0.1241101 0.0000000 0.1006405 0.0936396 0.0988072 0.1411949 0.1706995 0.1510251 
Tarsipedidae_Tarsipes_rostratus              0.0983493 0.1465379 0.1121691 0.1375228 0.1368634 0.1549633 0.0956999 0.0927953 0.1294933 0.1564846 0.0927580 0.1610828 0.1572740 0.0931858 0.0952377 0.1587938 0.1695507 0.1723271 0.1538888 0.1266285 0.1103395 0.1769841 0.1853039 0.1582021 0.1186598 0.1203085 0.0852695 0.1281709 0.1006405 0.0000000 0.1020885 0.0951790 0.1489106 0.1636265 0.1570547 
Acrobatidae_Distoechurus_pennatus            0.0722151 0.1186915 0.0840140 0.1082111 0.1066231 0.1206804 0.0647286 0.0603993 0.1054275 0.1229511 0.0694500 0.1389650 0.1190206 0.0717104 0.0415068 0.1377971 0.1444811 0.1405125 0.1151633 0.1005904 0.1004868 0.1421452 0.1487010 0.1369001 0.0874854 0.0919583 0.0749087 0.1043795 0.0936396 0.1020885 0.0000000 0.0707577 0.1166154 0.1429475 0.1203195 
Phalangeridae_Phalanger_carmelitae           0.0635885 0.1062062 0.0681491 0.0897499 0.0897579 0.1097955 0.0239558 0.0111007 0.0859672 0.1090925 0.0148512 0.1236970 0.1129657 0.0073556 0.0708012 0.1218799 0.1252774 0.1318237 0.1064104 0.0820450 0.1016601 0.1288611 0.1404095 0.1217651 0.0756100 0.0819463 0.0783476 0.0829485 0.0988072 0.0951790 0.0707577 0.0000000 0.1064648 0.1223562 0.1084742 
Peramelidae_Peroryctes_raffrayana            0.1147584 0.1334435 0.1097326 0.1449205 0.1435636 0.1146319 0.0983375 0.0898486 0.1414872 0.0263125 0.1036582 0.1365229 0.1149494 0.1035097 0.1172205 0.1359318 0.1385085 0.1401735 0.0195951 0.1348091 0.1491197 0.1552734 0.1601026 0.1379939 0.1268567 0.1015970 0.1253968 0.1369525 0.1411949 0.1489106 0.1166154 0.1064648 0.0000000 0.1376408 0.0245243 
Dasyuridae_Dasyurus_geffroii                 0.1320157 0.1384455 0.1282011 0.1604751 0.1587208 0.0078197 0.1163374 0.1058722 0.1540083 0.1414350 0.1209865 0.0283347 0.0356799 0.1217764 0.1377579 0.0276675 0.0098737 0.0461608 0.1403732 0.1482256 0.1651521 0.1637342 0.1749727 0.0269137 0.1432582 0.1161029 0.1440361 0.1474440 0.1706995 0.1636265 0.1429475 0.1223562 0.1376408 0.0000000 0.1388508 
Peramelidae_Perameles_gunnii                 0.1214372 0.1326430 0.1121293 0.1499826 0.1482332 0.1186176 0.1017845 0.0934262 0.1439665 0.0029527 0.1064779 0.1409999 0.1235183 0.1066719 0.1199114 0.1409593 0.1412706 0.1478732 0.0287862 0.1371078 0.1537308 0.1587315 0.1619646 0.1417112 0.1305113 0.1097458 0.1300821 0.1417721 0.1510251 0.1570547 0.1203195 0.1084742 0.0245243 0.1388508 0.0000000 
