35
Burramyidae_Burramys_parvus                  0.0000000 0.1359979 0.0973542 0.1059271 0.1076857 0.1377925 0.0817582 0.0823761 0.1024007 0.1716550 0.0740865 0.1412052 0.1267683 0.0806789 0.0874093 0.1396872 0.1344414 0.1223505 0.1714551 0.0868274 0.0945247 0.1854884 0.1717157 0.1346350 0.0967090 0.1298605 0.0925915 0.0826347 0.0926412 0.1222539 0.0901064 0.0806951 0.1702567 0.1335555 0.1636835 
Notoryctidae_Notoryctes_typhlops             0.1359979 0.0000000 0.1291294 0.1340405 0.1344142 0.1532049 0.1338783 0.1341048 0.1335922 0.1475930 0.1246372 0.1638557 0.1480449 0.1304114 0.1303302 0.1620672 0.1497349 0.1497875 0.1557430 0.1231773 0.1487493 0.2137305 0.1939385 0.1600178 0.1432336 0.1372284 0.1505495 0.1160932 0.1544972 0.1827889 0.1311310 0.1304534 0.1577019 0.1485610 0.1454376 
Vombatidae_Lasiorhinus_latifrons             0.0973542 0.1291294 0.0000000 0.1052396 0.1057647 0.1310088 0.0823500 0.0752321 0.1030432 0.1416965 0.0732279 0.1388397 0.1296599 0.0774223 0.0982702 0.1415907 0.1336366 0.1306210 0.1513237 0.0839710 0.1074865 0.1817486 0.1652652 0.1400534 0.1134680 0.1129473 0.0988343 0.0766320 0.1006588 0.1275533 0.0960940 0.0774373 0.1448526 0.1311220 0.1401958 
Potoroidae_Bettongia_penicillata             0.1059271 0.1340405 0.1052396 0.0000000 0.0051379 0.1500229 0.0876980 0.0925159 0.0223736 0.1573917 0.0836369 0.1594871 0.1482107 0.0864686 0.0873613 0.1565275 0.1450128 0.1455385 0.1653920 0.0359643 0.1034744 0.2031135 0.1875086 0.1468605 0.0708095 0.1275032 0.1032374 0.0323952 0.1031276 0.1269685 0.0918922 0.0888958 0.1675644 0.1443960 0.1556641 
Potoroidae_Bettongia_lesueur                 0.1076857 0.1344142 0.1057647 0.0051379 0.0000000 0.1516950 0.0896099 0.0905809 0.0230635 0.1564818 0.0867636 0.1624915 0.1471405 0.0871273 0.0878972 0.1581659 0.1452637 0.1460621 0.1655960 0.0338715 0.1013489 0.2003011 0.1900137 0.1498941 0.0703507 0.1256725 0.1049576 0.0304073 0.1048759 0.1272735 0.0924090 0.0895450 0.1681388 0.1474455 0.1559217 
Dasyuridae_Dasyurus_maculatus                0.1377925 0.1532049 0.1310088 0.1500229 0.1516950 0.0000000 0.1391024 0.1341414 0.1459363 0.1607920 0.1326290 0.0312786 0.0360405 0.1339417 0.1473225 0.0277760 0.0094522 0.0405879 0.1687359 0.1385753 0.1571306 0.2085938 0.2109759 0.0230785 0.1605921 0.1338915 0.1463201 0.1318253 0.1559602 0.1695524 0.1413076 0.1339860 0.1515704 0.0051442 0.1574940 
Phalangeridae_Trichosurus_vulpecula          0.0817582 0.1338783 0.0823500 0.0876980 0.0896099 0.1391024 0.0000000 0.0253163 0.0917091 0.1553594 0.0199016 0.1386729 0.1223569 0.0227669 0.0929228 0.1371626 0.1322017 0.1180581 0.1620467 0.0764410 0.1015880 0.1915950 0.1680930 0.1373482 0.1004627 0.1317754 0.0911489 0.0709953 0.0976873 0.1287037 0.0892512 0.0227954 0.1593022 0.1292398 0.1530425 
Phalangeridae_Spilocuscus_maculatus          0.0823761 0.1341048 0.0752321 0.0925159 0.0905809 0.1341414 0.0253163 0.0000000 0.0940388 0.1632058 0.0080623 0.1356361 0.1263197 0.0084450 0.0828793 0.1355302 0.1260826 0.1242438 0.1709147 0.0789149 0.0989792 0.1840496 0.1724598 0.1353554 0.1022795 0.1128278 0.0880484 0.0703285 0.0964313 0.1272634 0.0867945 0.0079440 0.1668032 0.1285806 0.1617557 
Potoroidae_Aepyprymnus_rufescens             0.1024007 0.1335922 0.1030432 0.0223736 0.0230635 0.1459363 0.0917091 0.0940388 0.0000000 0.1549960 0.0863899 0.1553342 0.1414358 0.0879994 0.0965549 0.1509180 0.1382459 0.1421393 0.1641644 0.0266648 0.1055969 0.2069877 0.1911528 0.1428192 0.0645097 0.1305399 0.1060346 0.0235537 0.1048722 0.1217622 0.0897581 0.0904232 0.1672952 0.1403635 0.1568433 
Peramelidae_Perameles_nasuta                 0.1716550 0.1475930 0.1416965 0.1573917 0.1564818 0.1607920 0.1553594 0.1632058 0.1549960 0.0000000 0.1544663 0.1799683 0.1527781 0.1565250 0.1475925 0.1689748 0.1599790 0.1553711 0.0162384 0.1597124 0.1890457 0.2350627 0.2241853 0.1640551 0.1642347 0.1443214 0.1832595 0.1479154 0.1809804 0.1926155 0.1314428 0.1565892 0.0120033 0.1621576 0.0007678 
Phalangeridae_Strigocuscus_pelengensis       0.0740865 0.1246372 0.0732279 0.0836369 0.0867636 0.1326290 0.0199016 0.0080623 0.0863899 0.1544663 0.0000000 0.1296177 0.1217462 0.0065899 0.0740852 0.1293427 0.1257772 0.1159797 0.1623138 0.0675621 0.0846117 0.1811102 0.1677981 0.1283015 0.0942752 0.1169272 0.0748921 0.0609885 0.0811600 0.1206445 0.0767340 0.0061200 0.1557368 0.1255061 0.1528360 
Dasyuridae_Phascogale_tapoatafa              0.1412052 0.1638557 0.1388397 0.1594871 0.1624915 0.0312786 0.1386729 0.1356361 0.1553342 0.1799683 0.1296177 0.0000000 0.0405016 0.1384514 0.1448131 0.0038299 0.0273330 0.0432367 0.1799852 0.1457888 0.1539912 0.2030236 0.2160113 0.0156213 0.1629994 0.1470310 0.1381759 0.1347985 0.1514668 0.1766844 0.1462655 0.1384985 0.1627575 0.0267955 0.1747668 
Dasyuridae_Sminthopsis_macroura              0.1267683 0.1480449 0.1296599 0.1482107 0.1471405 0.0360405 0.1223569 0.1263197 0.1414358 0.1527781 0.1217462 0.0405016 0.0000000 0.1277017 0.1415719 0.0366577 0.0318349 0.0180306 0.1618298 0.1331811 0.1523035 0.1853678 0.1961771 0.0294968 0.1533841 0.1277836 0.1412453 0.1205584 0.1456004 0.1671847 0.1324806 0.1277424 0.1399292 0.0313128 0.1536175 
Phalangeridae_Phalanger_orientalis           0.0806789 0.1304114 0.0774223 0.0864686 0.0871273 0.1339417 0.0227669 0.0084450 0.0879994 0.1565250 0.0065899 0.1384514 0.1277017 0.0000000 0.0831766 0.1368749 0.1274557 0.1217795 0.1626906 0.0730499 0.0940737 0.1839604 0.1715732 0.1367112 0.0957542 0.1142551 0.0838470 0.0664884 0.0929677 0.1237989 0.0844406 0.0010821 0.1600443 0.1269840 0.1536425 
Acrobatidae_Acrobates_pygmaeus               0.0874093 0.1303302 0.0982702 0.0873613 0.0878972 0.1473225 0.0929228 0.0828793 0.0965549 0.1475925 0.0740852 0.1448131 0.1415719 0.0831766 0.0000000 0.1432931 0.1436419 0.1310621 0.1584954 0.0840310 0.0904922 0.1877298 0.1737297 0.1428454 0.0998370 0.1200587 0.0861532 0.0759085 0.0859275 0.1067467 0.0423479 0.0795604 0.1611056 0.1430065 0.1459551 
Dasyuridae_Phascogale_calura                 0.1396872 0.1620672 0.1415907 0.1565275 0.1581659 0.0277760 0.1371626 0.1355302 0.1509180 0.1689748 0.1293427 0.0038299 0.0366577 0.1368749 0.1432931 0.0000000 0.0241179 0.0388226 0.1739052 0.1400676 0.1539543 0.2037010 0.2139832 0.0131278 0.1586090 0.1399686 0.1411653 0.1291227 0.1517800 0.1758942 0.1447275 0.1369209 0.1565799 0.0235747 0.1645493 
Dasyuridae_Sarcophilus_harrisii              0.1344414 0.1497349 0.1336366 0.1450128 0.1452637 0.0094522 0.1322017 0.1260826 0.1382459 0.1599790 0.1257772 0.0273330 0.0318349 0.1274557 0.1436419 0.0241179 0.0000000 0.0365257 0.1640402 0.1322794 0.1533338 0.2007640 0.2005911 0.0197295 0.1538608 0.1286555 0.1440060 0.1255880 0.1530530 0.1652920 0.1376821 0.1274960 0.1474865 0.0069386 0.1588662 
Dasyuridae_Planigale_tenuirostris            0.1223505 0.1497875 0.1306210 0.1455385 0.1460621 0.0405879 0.1180581 0.1242438 0.1421393 0.1553711 0.1159797 0.0432367 0.0180306 0.1217795 0.1310621 0.0388226 0.0365257 0.0000000 0.1617562 0.1344701 0.1566810 0.1964543 0.2028607 0.0340370 0.1533478 0.1199284 0.1447919 0.1228630 0.1505630 0.1700026 0.1357488 0.1204825 0.1503365 0.0348130 0.1549535 
Peramelidae_Echymipera_kalubu                0.1714551 0.1557430 0.1513237 0.1653920 0.1655960 0.1687359 0.1620467 0.1709147 0.1641644 0.0162384 0.1623138 0.1799852 0.1618298 0.1626906 0.1584954 0.1739052 0.1640402 0.1617562 0.0000000 0.1627359 0.1908415 0.2240314 0.2093399 0.1724234 0.1707610 0.1490317 0.1885790 0.1495854 0.1853064 0.1986538 0.1407859 0.1627526 0.0103623 0.1674588 0.0203318 
Macropodidae_Dorcopsulus_vanheurni           0.0868274 0.1231773 0.0839710 0.0359643 0.0338715 0.1385753 0.0764410 0.0789149 0.0266648 0.1597124 0.0675621 0.1457888 0.1331811 0.0730499 0.0840310 0.1400676 0.1322794 0.1344701 0.1627359 0.0000000 0.0971684 0.2037088 0.1853901 0.1357435 0.0562918 0.1145937 0.0980590 0.0052163 0.0948641 0.1122033 0.0835861 0.0754038 0.1567240 0.1343578 0.1533582 
Pseudochiridae_Pseudochirulus_forbesi        0.0945247 0.1487493 0.1074865 0.1034744 0.1013489 0.1571306 0.1015880 0.0989792 0.1055969 0.1890457 0.0846117 0.1539912 0.1523035 0.0940737 0.0904922 0.1539543 0.1533338 0.1566810 0.1908415 0.0971684 0.0000000 0.1832313 0.1792813 0.1547460 0.1213021 0.1428049 0.0277167 0.0922323 0.0110505 0.1014520 0.0791857 0.0940961 0.1913443 0.1525933 0.1819134 
Didelphidae_Didelphis_virginiana             0.1854884 0.2137305 0.1817486 0.2031135 0.2003011 0.2085938 0.1915950 0.1840496 0.2069877 0.2350627 0.1811102 0.2030236 0.1853678 0.1839604 0.1877298 0.2037010 0.2007640 0.1964543 0.2240314 0.2037088 0.1832313 0.0000000 0.0384425 0.1940211 0.2124596 0.1684750 0.1784349 0.1872123 0.1859150 0.2008310 0.1748326 0.1840446 0.2334687 0.2027030 0.2230100 
Marmosidae_Monodelphis_domestica             0.1717157 0.1939385 0.1652652 0.1875086 0.1900137 0.2109759 0.1680930 0.1724598 0.1911528 0.2241853 0.1677981 0.2160113 0.1961771 0.1715732 0.1737297 0.2139832 0.2005911 0.2028607 0.2093399 0.1853901 0.1792813 0.0384425 0.0000000 0.2054444 0.1917224 0.1410679 0.1742610 0.1681284 0.1829522 0.1951873 0.1645413 0.1716576 0.2235008 0.2023858 0.2126674 
Dasyuridae_Antechinus_stuartii               0.1346350 0.1600178 0.1400534 0.1468605 0.1498941 0.0230785 0.1373482 0.1353554 0.1428192 0.1640551 0.1283015 0.0156213 0.0294968 0.1367112 0.1428454 0.0131278 0.0197295 0.0340370 0.1724234 0.1357435 0.1547460 0.1940211 0.2054444 0.0000000 0.1562956 0.1344248 0.1409965 0.1296045 0.1467056 0.1689483 0.1401079 0.1367575 0.1490069 0.0191931 0.1639337 
Hypsiprymnodontidae_Hypsiprymnodon_moschatus 0.0967090 0.1432336 0.1134680 0.0708095 0.0703507 0.1605921 0.1004627 0.1022795 0.0645097 0.1642347 0.0942752 0.1629994 0.1533841 0.0957542 0.0998370 0.1586090 0.1538608 0.1533478 0.1707610 0.0562918 0.1213021 0.2124596 0.1917224 0.1562956 0.0000000 0.1334388 0.1160913 0.0483683 0.1130544 0.1373229 0.0987517 0.1004077 0.1645658 0.1562189 0.1647081 
Microbiotheriidae_Dromiciops_gliroides       0.1298605 0.1372284 0.1129473 0.1275032 0.1256725 0.1338915 0.1317754 0.1128278 0.1305399 0.1443214 0.1169272 0.1470310 0.1277836 0.1142551 0.1200587 0.1399686 0.1286555 0.1199284 0.1490317 0.1145937 0.1428049 0.1684750 0.1410679 0.1344248 0.1334388 0.0000000 0.1358006 0.1077315 0.1429598 0.1507632 0.1214283 0.1142884 0.1429542 0.1291084 0.1404828 
Pseudochiridae_Petauroides_volans            0.0925915 0.1505495 0.0988343 0.1032374 0.1049576 0.1463201 0.0911489 0.0880484 0.1060346 0.1832595 0.0748921 0.1381759 0.1412453 0.0838470 0.0861532 0.1411653 0.1440060 0.1447919 0.1885790 0.0980590 0.0277167 0.1784349 0.1742610 0.1409965 0.1160913 0.1358006 0.0000000 0.0928681 0.0212212 0.0980899 0.0758254 0.0838650 0.1809557 0.1413237 0.1784415 
Macropodidae_Wallabia_bicolor                0.0826347 0.1160932 0.0766320 0.0323952 0.0304073 0.1318253 0.0709953 0.0703285 0.0235537 0.1479154 0.0609885 0.1347985 0.1205584 0.0664884 0.0759085 0.1291227 0.1255880 0.1228630 0.1495854 0.0052163 0.0922323 0.1872123 0.1681284 0.1296045 0.0483683 0.1077315 0.0928681 0.0000000 0.0870325 0.1172532 0.0729476 0.0687910 0.1449017 0.1276127 0.1444670 
Pseudochiridae_Pseudocheirus_occidentalis    0.0926412 0.1544972 0.1006588 0.1031276 0.1048759 0.1559602 0.0976873 0.0964313 0.1048722 0.1809804 0.0811600 0.1514668 0.1456004 0.0929677 0.0859275 0.1517800 0.1530530 0.1505630 0.1853064 0.0948641 0.0110505 0.1859150 0.1829522 0.1467056 0.1130544 0.1429598 0.0212212 0.0870325 0.0000000 0.1005184 0.0752836 0.0929900 0.1830800 0.1475388 0.1738123 
Tarsipedidae_Tarsipes_rostratus              0.1222539 0.1827889 0.1275533 0.1269685 0.1272735 0.1695524 0.1287037 0.1272634 0.1217622 0.1926155 0.1206445 0.1766844 0.1671847 0.1237989 0.1067467 0.1758942 0.1652920 0.1700026 0.1986538 0.1122033 0.1014520 0.2008310 0.1951873 0.1689483 0.1373229 0.1507632 0.0980899 0.1172532 0.1005184 0.0000000 0.1086503 0.1261382 0.1934971 0.1674359 0.1823267 
Acrobatidae_Distoechurus_pennatus            0.0901064 0.1311310 0.0960940 0.0918922 0.0924090 0.1413076 0.0892512 0.0867945 0.0897581 0.1314428 0.0767340 0.1462655 0.1324806 0.0844406 0.0423479 0.1447275 0.1376821 0.1357488 0.1407859 0.0835861 0.0791857 0.1748326 0.1645413 0.1401079 0.0987517 0.1214283 0.0758254 0.0729476 0.0752836 0.1086503 0.0000000 0.0844584 0.1371601 0.1370036 0.1280383 
Phalangeridae_Phalanger_carmelitae           0.0806951 0.1304534 0.0774373 0.0888958 0.0895450 0.1339860 0.0227954 0.0079440 0.0904232 0.1565892 0.0061200 0.1384985 0.1277424 0.0010821 0.0795604 0.1369209 0.1274960 0.1204825 0.1627526 0.0754038 0.0940961 0.1840446 0.1716576 0.1367575 0.1004077 0.1142884 0.0838650 0.0687910 0.0929900 0.1261382 0.0844584 0.0000000 0.1601112 0.1270241 0.1536986 
Peramelidae_Peroryctes_raffrayana            0.1702567 0.1577019 0.1448526 0.1675644 0.1681388 0.1515704 0.1593022 0.1668032 0.1672952 0.0120033 0.1557368 0.1627575 0.1399292 0.1600443 0.1611056 0.1565799 0.1474865 0.1503365 0.0103623 0.1567240 0.1913443 0.2334687 0.2235008 0.1490069 0.1645658 0.1429542 0.1809557 0.1449017 0.1830800 0.1934971 0.1371601 0.1601112 0.0000000 0.1511543 0.0123344 
Dasyuridae_Dasyurus_geffroii                 0.1335555 0.1485610 0.1311220 0.1443960 0.1474455 0.0051442 0.1292398 0.1285806 0.1403635 0.1621576 0.1255061 0.0267955 0.0313128 0.1269840 0.1430065 0.0235747 0.0069386 0.0348130 0.1674588 0.1343578 0.1525933 0.2027030 0.2023858 0.0191931 0.1562189 0.1291084 0.1413237 0.1276127 0.1475388 0.1674359 0.1370036 0.1270241 0.1511543 0.0000000 0.1592829 
Peramelidae_Perameles_gunnii                 0.1636835 0.1454376 0.1401958 0.1556641 0.1559217 0.1574940 0.1530425 0.1617557 0.1568433 0.0007678 0.1528360 0.1747668 0.1536175 0.1536425 0.1459551 0.1645493 0.1588662 0.1549535 0.0203318 0.1533582 0.1819134 0.2230100 0.2126674 0.1639337 0.1647081 0.1404828 0.1784415 0.1444670 0.1738123 0.1823267 0.1280383 0.1536986 0.0123344 0.1592829 0.0000000 
