35
Burramyidae_Burramys_parvus                  0.0000000 0.1379948 0.0507628 0.0529311 0.0515745 0.0797737 0.0525400 0.0509712 0.0493241 0.0901333 0.0478776 0.0822212 0.0771662 0.0478093 0.0485941 0.0821747 0.0855923 0.0778710 0.0919183 0.0514427 0.0670730 0.0956094 0.0837148 0.0921641 0.0591945 0.0722385 0.0459039 0.0430681 0.0638935 0.0542082 0.0604078 0.0492806 0.0977651 0.0771339 0.0856247 
Notoryctidae_Notoryctes_typhlops             0.1379948 0.0000000 0.1441768 0.1542430 0.1148728 0.0957604 0.1553808 0.1603923 0.1496886 0.1529660 0.1573401 0.1392498 0.1308789 0.1520043 0.1456376 0.1372261 0.1402259 0.0894827 0.1558952 0.1466091 0.1760369 0.1642924 0.1642960 0.1454807 0.1688895 0.1535179 0.0812848 0.0957691 0.1646282 0.1579594 0.1514842 0.1543938 0.1599907 0.0925295 0.1485648 
Vombatidae_Lasiorhinus_latifrons             0.0507628 0.1441768 0.0000000 0.0735253 0.0716528 0.0834887 0.0794176 0.0742748 0.0719676 0.0996965 0.0644942 0.0896534 0.0804168 0.0724068 0.0736877 0.0894610 0.0886646 0.0824657 0.1042817 0.0637745 0.0980502 0.1154341 0.1074939 0.0930036 0.0853271 0.0893920 0.0469721 0.0572983 0.0816777 0.0835803 0.0699265 0.0745162 0.1048970 0.0803113 0.0952971 
Potoroidae_Bettongia_penicillata             0.0529311 0.1542430 0.0735253 0.0000000 0.0090617 0.1026432 0.0806523 0.0850992 0.0153589 0.1215961 0.0723563 0.1035360 0.0982644 0.0790158 0.0759949 0.1040586 0.1081830 0.1061868 0.1279124 0.0334728 0.1004009 0.1254254 0.1170729 0.1091360 0.0528075 0.1039332 0.0512202 0.0299134 0.0848557 0.0845461 0.0804090 0.0810850 0.1308116 0.1024254 0.1178542 
Potoroidae_Bettongia_lesueur                 0.0515745 0.1148728 0.0716528 0.0090617 0.0000000 0.1015615 0.0806104 0.0842185 0.0121941 0.1222595 0.0741525 0.1019964 0.0955208 0.0788840 0.0775542 0.1017574 0.1057248 0.1039814 0.1239183 0.0340043 0.0979087 0.1294951 0.1201609 0.1006377 0.0547754 0.1026415 0.0504131 0.0305374 0.0779788 0.0845913 0.0830797 0.0810669 0.1277106 0.1013470 0.1185442 
Dasyuridae_Dasyurus_maculatus                0.0797737 0.0957604 0.0834887 0.1026432 0.1015615 0.0000000 0.1079091 0.1106089 0.0980511 0.0893633 0.1046332 0.0217103 0.0247474 0.1085351 0.1009866 0.0203775 0.0089952 0.0245503 0.0900562 0.0950096 0.1244057 0.1007101 0.1121860 0.0277438 0.1178718 0.0778186 0.0700904 0.0882557 0.1034517 0.1009996 0.1017915 0.1108872 0.0956865 0.0041708 0.0862881 
Phalangeridae_Trichosurus_vulpecula          0.0525400 0.1553808 0.0794176 0.0806523 0.0806104 0.1079091 0.0000000 0.0237908 0.0740466 0.1096810 0.0277605 0.0977555 0.0970497 0.0214985 0.0849684 0.0991665 0.1066653 0.1087674 0.1187418 0.0705961 0.0960497 0.1283759 0.1186057 0.1141678 0.0848037 0.1070518 0.0483695 0.0669775 0.0794038 0.0936212 0.0811622 0.0226742 0.1122094 0.1045192 0.1075276 
Phalangeridae_Spilocuscus_maculatus          0.0509712 0.1603923 0.0742748 0.0850992 0.0842185 0.1106089 0.0237908 0.0000000 0.0802479 0.1070957 0.0187313 0.1012529 0.1023727 0.0127943 0.0841518 0.1029717 0.1103613 0.1065633 0.1214085 0.0748521 0.0973050 0.1336969 0.1246733 0.1217801 0.0860869 0.1080012 0.0400500 0.0666655 0.0674104 0.0937255 0.0800626 0.0140155 0.1112264 0.1068644 0.1082417 
Potoroidae_Aepyprymnus_rufescens             0.0493241 0.1496886 0.0719676 0.0153589 0.0121941 0.0980511 0.0740466 0.0802479 0.0000000 0.1145100 0.0694708 0.0966033 0.0900054 0.0739486 0.0729991 0.0963910 0.1012366 0.0993876 0.1244317 0.0299639 0.0936523 0.1236793 0.1162608 0.1082609 0.0518626 0.0971470 0.0476851 0.0257934 0.0765439 0.0806411 0.0735955 0.0760435 0.1209283 0.0979035 0.1124989 
Peramelidae_Perameles_nasuta                 0.0901333 0.1529660 0.0996965 0.1215961 0.1222595 0.0893633 0.1096810 0.1070957 0.1145100 0.0000000 0.1096321 0.0953474 0.0890635 0.1069170 0.1067340 0.0920356 0.0925021 0.0923056 0.0236386 0.1099265 0.1367278 0.1213813 0.1239019 0.1036435 0.1254752 0.1000058 0.0740402 0.1044380 0.1176277 0.1270185 0.1072282 0.1092869 0.0155592 0.0860950 0.0017098 
Phalangeridae_Strigocuscus_pelengensis       0.0478776 0.1573401 0.0644942 0.0723563 0.0741525 0.1046332 0.0277605 0.0187313 0.0694708 0.1096321 0.0000000 0.0941711 0.0942274 0.0147027 0.0746373 0.0964853 0.1027895 0.1010345 0.1211706 0.0675933 0.0803458 0.1273657 0.1106300 0.1112302 0.0776609 0.1026690 0.0462621 0.0604508 0.0766416 0.0834041 0.0696867 0.0159710 0.1181894 0.1010685 0.1088859 
Dasyuridae_Phascogale_tapoatafa              0.0822212 0.1392498 0.0896534 0.1035360 0.1019964 0.0217103 0.0977555 0.1012529 0.0966033 0.0953474 0.0941711 0.0000000 0.0261425 0.0984080 0.1002336 0.0022125 0.0212506 0.0320415 0.1072743 0.0986442 0.1176543 0.1034887 0.1105294 0.0236305 0.1138162 0.0836881 0.0690590 0.0880640 0.1041066 0.1030839 0.0979736 0.1005551 0.1017732 0.0197838 0.0949650 
Dasyuridae_Sminthopsis_macroura              0.0771662 0.1308789 0.0804168 0.0982644 0.0955208 0.0247474 0.0970497 0.1023727 0.0900054 0.0890635 0.0942274 0.0261425 0.0000000 0.0976423 0.0949972 0.0260968 0.0253051 0.0224358 0.0961978 0.0896545 0.1164162 0.1046076 0.1090581 0.0411049 0.1118678 0.0806918 0.0662863 0.0811942 0.1036128 0.0995191 0.0926879 0.0998253 0.0964601 0.0209505 0.0887693 
Phalangeridae_Phalanger_orientalis           0.0478093 0.1520043 0.0724068 0.0790158 0.0788840 0.1085351 0.0214985 0.0127943 0.0739486 0.1069170 0.0147027 0.0984080 0.0976423 0.0000000 0.0780967 0.0998188 0.1073201 0.1093520 0.1183230 0.0691274 0.0913151 0.1262170 0.1152155 0.1150403 0.0800259 0.1033513 0.0457663 0.0637497 0.0724468 0.0888195 0.0720794 0.0011045 0.1127830 0.1052084 0.1048063 
Acrobatidae_Acrobates_pygmaeus               0.0485941 0.1456376 0.0736877 0.0759949 0.0775542 0.1009866 0.0849684 0.0841518 0.0729991 0.1067340 0.0746373 0.1002336 0.0949972 0.0780967 0.0000000 0.1000075 0.1041878 0.0996486 0.1046125 0.0656385 0.0896653 0.1200023 0.1133723 0.1112921 0.0759385 0.1039560 0.0451821 0.0602354 0.0797607 0.0651559 0.0396759 0.0802440 0.1117917 0.0976059 0.1010272 
Dasyuridae_Phascogale_calura                 0.0821747 0.1372261 0.0894610 0.1040586 0.1017574 0.0203775 0.0991665 0.1029717 0.0963910 0.0920356 0.0964853 0.0022125 0.0260968 0.0998188 0.1000075 0.0000000 0.0212142 0.0305156 0.1046421 0.0984270 0.1182407 0.1015314 0.1093708 0.0223806 0.1135537 0.0835613 0.0688826 0.0878636 0.1039167 0.1011929 0.0977561 0.1019672 0.0989773 0.0184638 0.0915797 
Dasyuridae_Sarcophilus_harrisii              0.0855923 0.1402259 0.0886646 0.1081830 0.1057248 0.0089952 0.1066653 0.1103613 0.1012366 0.0925021 0.1027895 0.0212506 0.0253051 0.1073201 0.1041878 0.0212142 0.0000000 0.0246251 0.1016725 0.1008219 0.1204185 0.1060497 0.1168501 0.0387358 0.1229663 0.0803562 0.0711146 0.0909432 0.1058587 0.1060214 0.0995793 0.1094865 0.0978029 0.0071729 0.0911911 
Dasyuridae_Planigale_tenuirostris            0.0778710 0.0894827 0.0824657 0.1061868 0.1039814 0.0245503 0.1087674 0.1065633 0.0993876 0.0923056 0.1010345 0.0320415 0.0224358 0.1093520 0.0996486 0.0305156 0.0246251 0.0000000 0.0921168 0.0955027 0.1260039 0.1118162 0.1154090 0.0379505 0.1182039 0.0827870 0.0671608 0.0882134 0.1021185 0.1035873 0.1020407 0.1121148 0.0980803 0.0217258 0.0907248 
Peramelidae_Echymipera_kalubu                0.0919183 0.1558952 0.1042817 0.1279124 0.1239183 0.0900562 0.1187418 0.1214085 0.1244317 0.0236386 0.1211706 0.1072743 0.0961978 0.1183230 0.1046125 0.1046421 0.1016725 0.0921168 0.0000000 0.1133496 0.1421249 0.1241614 0.1286520 0.1093873 0.1232607 0.1102446 0.0737178 0.1023840 0.1282328 0.1237229 0.1128656 0.1206162 0.0234070 0.0868981 0.0193122 
Macropodidae_Dorcopsulus_vanheurni           0.0514427 0.1466091 0.0637745 0.0334728 0.0340043 0.0950096 0.0705961 0.0748521 0.0299639 0.1099265 0.0675933 0.0986442 0.0896545 0.0691274 0.0656385 0.0984270 0.1008219 0.0955027 0.1133496 0.0000000 0.0883543 0.1204489 0.1112969 0.1043118 0.0479821 0.0955523 0.0464145 0.0117114 0.0732366 0.0746713 0.0663450 0.0712874 0.1178089 0.0934717 0.1048700 
Pseudochiridae_Pseudochirulus_forbesi        0.0670730 0.1760369 0.0980502 0.1004009 0.0979087 0.1244057 0.0960497 0.0973050 0.0936523 0.1367278 0.0803458 0.1176543 0.1164162 0.0913151 0.0896653 0.1182407 0.1204185 0.1260039 0.1421249 0.0883543 0.0000000 0.1480279 0.1386943 0.1324284 0.0972419 0.1268348 0.0437782 0.0861541 0.0450513 0.0834909 0.0862734 0.0934227 0.1431519 0.1218254 0.1345616 
Didelphidae_Didelphis_virginiana             0.0956094 0.1642924 0.1154341 0.1254254 0.1294951 0.1007101 0.1283759 0.1336969 0.1236793 0.1213813 0.1273657 0.1034887 0.1046076 0.1262170 0.1200023 0.1015314 0.1060497 0.1118162 0.1241614 0.1204489 0.1480279 0.0000000 0.0450996 0.1085034 0.1258873 0.1023119 0.0904340 0.1150872 0.1306212 0.1359905 0.1192101 0.1279160 0.1219993 0.0973829 0.1166122 
Marmosidae_Monodelphis_domestica             0.0837148 0.1642960 0.1074939 0.1170729 0.1201609 0.1121860 0.1186057 0.1246733 0.1162608 0.1239019 0.1106300 0.1105294 0.1090581 0.1152155 0.1133723 0.1093708 0.1168501 0.1154090 0.1286520 0.1112969 0.1386943 0.0450996 0.0000000 0.1174749 0.1253071 0.1043554 0.0849227 0.1087685 0.1179083 0.1255934 0.1160382 0.1176620 0.1239578 0.1088246 0.1199674 
Dasyuridae_Antechinus_stuartii               0.0921641 0.1454807 0.0930036 0.1091360 0.1006377 0.0277438 0.1141678 0.1217801 0.1082609 0.1036435 0.1112302 0.0236305 0.0411049 0.1150403 0.1112921 0.0223806 0.0387358 0.0379505 0.1093873 0.1043118 0.1324284 0.1085034 0.1174749 0.0000000 0.1168220 0.0903509 0.0757978 0.0895254 0.1239394 0.1153155 0.1137171 0.1172455 0.1127217 0.0257656 0.0994449 
Hypsiprymnodontidae_Hypsiprymnodon_moschatus 0.0591945 0.1688895 0.0853271 0.0528075 0.0547754 0.1178718 0.0848037 0.0860869 0.0518626 0.1254752 0.0776609 0.1138162 0.1118678 0.0800259 0.0759385 0.1135537 0.1229663 0.1182039 0.1232607 0.0479821 0.0972419 0.1258873 0.1253071 0.1168220 0.0000000 0.1106708 0.0524909 0.0433934 0.0888135 0.0843039 0.0823461 0.0821200 0.1320401 0.1161775 0.1197539 
Microbiotheriidae_Dromiciops_gliroides       0.0722385 0.1535179 0.0893920 0.1039332 0.1026415 0.0778186 0.1070518 0.1080012 0.0971470 0.1000058 0.1026690 0.0836881 0.0806918 0.1033513 0.1039560 0.0835613 0.0803562 0.0827870 0.1102446 0.0955523 0.1268348 0.1023119 0.1043554 0.0903509 0.1106708 0.0000000 0.0706597 0.0877697 0.1162620 0.1179822 0.1053720 0.1058706 0.1054470 0.0746495 0.0959259 
Pseudochiridae_Petauroides_volans            0.0459039 0.0812848 0.0469721 0.0512202 0.0504131 0.0700904 0.0483695 0.0400500 0.0476851 0.0740402 0.0462621 0.0690590 0.0662863 0.0457663 0.0451821 0.0688826 0.0711146 0.0671608 0.0737178 0.0464145 0.0437782 0.0904340 0.0849227 0.0757978 0.0524909 0.0706597 0.0000000 0.0394050 0.0299328 0.0442745 0.0463389 0.0473827 0.0775231 0.0674312 0.0717160 
Macropodidae_Wallabia_bicolor                0.0430681 0.0957691 0.0572983 0.0299134 0.0305374 0.0882557 0.0669775 0.0666655 0.0257934 0.1044380 0.0604508 0.0880640 0.0811942 0.0637497 0.0602354 0.0878636 0.0909432 0.0882134 0.1023840 0.0117114 0.0861541 0.1150872 0.1087685 0.0895254 0.0433934 0.0877697 0.0394050 0.0000000 0.0636598 0.0659814 0.0626081 0.0659243 0.1087025 0.0867399 0.1005900 
Pseudochiridae_Pseudocheirus_occidentalis    0.0638935 0.1646282 0.0816777 0.0848557 0.0779788 0.1034517 0.0794038 0.0674104 0.0765439 0.1176277 0.0766416 0.1041066 0.1036128 0.0724468 0.0797607 0.1039167 0.1058587 0.1021185 0.1282328 0.0732366 0.0450513 0.1306212 0.1179083 0.1239394 0.0888135 0.1162620 0.0299328 0.0636598 0.0000000 0.0732504 0.0729722 0.0739800 0.1192520 0.0996112 0.1201326 
Tarsipedidae_Tarsipes_rostratus              0.0542082 0.1579594 0.0835803 0.0845461 0.0845913 0.1009996 0.0936212 0.0937255 0.0806411 0.1270185 0.0834041 0.1030839 0.0995191 0.0888195 0.0651559 0.1011929 0.1060214 0.1035873 0.1237229 0.0746713 0.0834909 0.1359905 0.1255934 0.1153155 0.0843039 0.1179822 0.0442745 0.0659814 0.0732504 0.0000000 0.0675509 0.0902557 0.1329172 0.0977005 0.1228727 
Acrobatidae_Distoechurus_pennatus            0.0604078 0.1514842 0.0699265 0.0804090 0.0830797 0.1017915 0.0811622 0.0800626 0.0735955 0.1072282 0.0696867 0.0979736 0.0926879 0.0720794 0.0396759 0.0977561 0.0995793 0.1020407 0.1128656 0.0663450 0.0862734 0.1192101 0.1160382 0.1137171 0.0823461 0.1053720 0.0463389 0.0626081 0.0729722 0.0675509 0.0000000 0.0742052 0.1123780 0.0985143 0.1053163 
Phalangeridae_Phalanger_carmelitae           0.0492806 0.1543938 0.0745162 0.0810850 0.0810669 0.1108872 0.0226742 0.0140155 0.0760435 0.1092869 0.0159710 0.1005551 0.0998253 0.0011045 0.0802440 0.1019672 0.1094865 0.1121148 0.1206162 0.0712874 0.0934227 0.1279160 0.1176620 0.1172455 0.0821200 0.1058706 0.0473827 0.0659243 0.0739800 0.0902557 0.0742052 0.0000000 0.1151847 0.1074853 0.1071411 
Peramelidae_Peroryctes_raffrayana            0.0977651 0.1599907 0.1048970 0.1308116 0.1277106 0.0956865 0.1122094 0.1112264 0.1209283 0.0155592 0.1181894 0.1017732 0.0964601 0.1127830 0.1117917 0.0989773 0.0978029 0.0980803 0.0234070 0.1178089 0.1431519 0.1219993 0.1239578 0.1127217 0.1320401 0.1054470 0.0775231 0.1087025 0.1192520 0.1329172 0.1123780 0.1151847 0.0000000 0.0923245 0.0165340 
Dasyuridae_Dasyurus_geffroii                 0.0771339 0.0925295 0.0803113 0.1024254 0.1013470 0.0041708 0.1045192 0.1068644 0.0979035 0.0860950 0.1010685 0.0197838 0.0209505 0.1052084 0.0976059 0.0184638 0.0071729 0.0217258 0.0868981 0.0934717 0.1218254 0.0973829 0.1088246 0.0257656 0.1161775 0.0746495 0.0674312 0.0867399 0.0996112 0.0977005 0.0985143 0.1074853 0.0923245 0.0000000 0.0831020 
Peramelidae_Perameles_gunnii                 0.0856247 0.1485648 0.0952971 0.1178542 0.1185442 0.0862881 0.1075276 0.1082417 0.1124989 0.0017098 0.1088859 0.0949650 0.0887693 0.1048063 0.1010272 0.0915797 0.0911911 0.0907248 0.0193122 0.1048700 0.1345616 0.1166122 0.1199674 0.0994449 0.1197539 0.0959259 0.0717160 0.1005900 0.1201326 0.1228727 0.1053163 0.1071411 0.0165340 0.0831020 0.0000000 
