35
Burramyidae_Burramys_parvus                  0.0000000 0.0392405 0.0261973 0.0414196 0.0297414 0.0399232 0.0225263 0.0226275 0.0343436 0.0409544 0.0224593 0.0403321 0.0400919 0.0221918 0.0259056 0.0407930 0.0390634 0.0400861 0.0439732 0.0278486 0.0317478 0.0487544 0.0479845 0.0401138 0.0273461 0.0383910 0.0324064 0.0270780 0.0306891 0.0320459 0.0281930 0.0225268 0.0421268 0.0401324 0.0414151 
Notoryctidae_Notoryctes_typhlops             0.0392405 0.0000000 0.0347724 0.0552508 0.0438125 0.0385691 0.0356653 0.0366354 0.0482694 0.0446822 0.0363389 0.0401058 0.0391126 0.0362553 0.0382966 0.0403788 0.0388194 0.0390584 0.0466092 0.0397542 0.0439995 0.0565531 0.0526025 0.0388905 0.0391925 0.0404224 0.0450263 0.0387900 0.0423423 0.0445611 0.0404357 0.0363772 0.0446006 0.0385771 0.0451822 
Vombatidae_Lasiorhinus_latifrons             0.0261973 0.0347724 0.0000000 0.0420293 0.0308256 0.0353774 0.0235635 0.0239234 0.0341804 0.0373385 0.0235188 0.0356525 0.0354095 0.0246322 0.0276787 0.0367468 0.0358274 0.0345665 0.0399307 0.0284979 0.0311154 0.0463047 0.0439107 0.0348041 0.0272015 0.0344988 0.0326712 0.0273625 0.0313800 0.0327372 0.0305897 0.0238010 0.0383870 0.0353759 0.0378585 
Potoroidae_Bettongia_penicillata             0.0414196 0.0552508 0.0420293 0.0000000 0.0187901 0.0548273 0.0391278 0.0398861 0.0197069 0.0539018 0.0395613 0.0528365 0.0535514 0.0392133 0.0395203 0.0536555 0.0545922 0.0523714 0.0570836 0.0253933 0.0420425 0.0632976 0.0603147 0.0525252 0.0290280 0.0515752 0.0422007 0.0246328 0.0407944 0.0443290 0.0439042 0.0388683 0.0556036 0.0540467 0.0543959 
Potoroidae_Bettongia_lesueur                 0.0297414 0.0438125 0.0308256 0.0187901 0.0000000 0.0434855 0.0284276 0.0279973 0.0120012 0.0414322 0.0273670 0.0424186 0.0419349 0.0276736 0.0277372 0.0429018 0.0430720 0.0420308 0.0437723 0.0115789 0.0316152 0.0484580 0.0465717 0.0419872 0.0156979 0.0400834 0.0331585 0.0107187 0.0312518 0.0336556 0.0324786 0.0278006 0.0426912 0.0423808 0.0418984 
Dasyuridae_Dasyurus_maculatus                0.0399232 0.0385691 0.0353774 0.0548273 0.0434855 0.0000000 0.0390984 0.0395944 0.0458509 0.0437701 0.0386497 0.0086998 0.0106002 0.0394655 0.0378446 0.0092256 0.0034415 0.0087646 0.0447943 0.0404628 0.0444848 0.0560871 0.0530721 0.0083612 0.0401281 0.0389577 0.0442918 0.0390885 0.0420096 0.0446854 0.0429560 0.0393390 0.0439668 0.0013005 0.0442562 
Phalangeridae_Trichosurus_vulpecula          0.0225263 0.0356653 0.0235635 0.0391278 0.0284276 0.0390984 0.0000000 0.0071610 0.0324210 0.0391860 0.0087882 0.0376123 0.0369630 0.0080643 0.0259635 0.0382570 0.0391127 0.0367234 0.0426318 0.0255604 0.0310373 0.0476661 0.0442508 0.0363308 0.0256656 0.0335427 0.0297948 0.0242381 0.0295958 0.0294840 0.0274273 0.0076997 0.0404164 0.0393057 0.0401134 
Phalangeridae_Spilocuscus_maculatus          0.0226275 0.0366354 0.0239234 0.0398861 0.0279973 0.0395944 0.0071610 0.0000000 0.0323158 0.0385957 0.0046896 0.0394056 0.0389054 0.0037942 0.0254268 0.0398341 0.0396097 0.0376529 0.0410469 0.0252125 0.0307047 0.0463175 0.0432613 0.0384930 0.0257493 0.0363312 0.0298375 0.0240291 0.0285823 0.0280607 0.0271770 0.0036109 0.0394374 0.0398120 0.0395655 
Potoroidae_Aepyprymnus_rufescens             0.0343436 0.0482694 0.0341804 0.0197069 0.0120012 0.0458509 0.0324210 0.0323158 0.0000000 0.0458818 0.0317064 0.0444589 0.0442017 0.0316183 0.0321256 0.0452145 0.0458794 0.0441426 0.0486697 0.0167759 0.0356647 0.0548356 0.0545508 0.0444150 0.0201570 0.0441408 0.0347118 0.0160394 0.0341649 0.0377211 0.0359639 0.0319512 0.0477319 0.0456081 0.0463747 
Peramelidae_Perameles_nasuta                 0.0409544 0.0446822 0.0373385 0.0539018 0.0414322 0.0437701 0.0391860 0.0385957 0.0458818 0.0000000 0.0380884 0.0429473 0.0424732 0.0388890 0.0371173 0.0440988 0.0424763 0.0421323 0.0056520 0.0405914 0.0425273 0.0492882 0.0493927 0.0422587 0.0366588 0.0454916 0.0435322 0.0390071 0.0414003 0.0444622 0.0397512 0.0387697 0.0050043 0.0442455 0.0001626 
Phalangeridae_Strigocuscus_pelengensis       0.0224593 0.0363389 0.0235188 0.0395613 0.0273670 0.0386497 0.0087882 0.0046896 0.0317064 0.0380884 0.0000000 0.0386857 0.0377682 0.0058455 0.0256977 0.0393292 0.0386550 0.0362004 0.0411132 0.0236916 0.0305806 0.0447984 0.0421276 0.0369672 0.0256270 0.0339491 0.0295413 0.0228334 0.0282641 0.0284064 0.0275773 0.0049874 0.0390953 0.0392922 0.0390372 
Dasyuridae_Phascogale_tapoatafa              0.0403321 0.0401058 0.0356525 0.0528365 0.0424186 0.0086998 0.0376123 0.0394056 0.0444589 0.0429473 0.0386857 0.0000000 0.0099141 0.0390670 0.0388000 0.0014664 0.0085250 0.0093213 0.0441952 0.0400488 0.0427618 0.0551468 0.0530931 0.0039458 0.0388693 0.0389738 0.0445649 0.0384666 0.0422900 0.0438641 0.0432647 0.0389420 0.0440174 0.0085255 0.0431936 
Dasyuridae_Sminthopsis_macroura              0.0400919 0.0391126 0.0354095 0.0535514 0.0419349 0.0106002 0.0369630 0.0389054 0.0442017 0.0424732 0.0377682 0.0099141 0.0000000 0.0385887 0.0376783 0.0102702 0.0107705 0.0102272 0.0446110 0.0384960 0.0433976 0.0537663 0.0512207 0.0097486 0.0371190 0.0391752 0.0438424 0.0375832 0.0416086 0.0429285 0.0421359 0.0388973 0.0439867 0.0107730 0.0427386 
Phalangeridae_Phalanger_orientalis           0.0221918 0.0362553 0.0246322 0.0392133 0.0276736 0.0394655 0.0080643 0.0037942 0.0316183 0.0388890 0.0058455 0.0390670 0.0385887 0.0000000 0.0254400 0.0397205 0.0394801 0.0370991 0.0412283 0.0248134 0.0313200 0.0467847 0.0429151 0.0377682 0.0251489 0.0353916 0.0315533 0.0233141 0.0307344 0.0283175 0.0279112 0.0009779 0.0398904 0.0396740 0.0398111 
Acrobatidae_Acrobates_pygmaeus               0.0259056 0.0382966 0.0276787 0.0395203 0.0277372 0.0378446 0.0259635 0.0254268 0.0321256 0.0371173 0.0256977 0.0388000 0.0376783 0.0254400 0.0000000 0.0399126 0.0374584 0.0364460 0.0394148 0.0263031 0.0280665 0.0480743 0.0467145 0.0388041 0.0267724 0.0388718 0.0270441 0.0257768 0.0272546 0.0265928 0.0126077 0.0259577 0.0383281 0.0382869 0.0371599 
Dasyuridae_Phascogale_calura                 0.0407930 0.0403788 0.0367468 0.0536555 0.0429018 0.0092256 0.0382570 0.0398341 0.0452145 0.0440988 0.0393292 0.0014664 0.0102702 0.0397205 0.0399126 0.0000000 0.0090476 0.0100600 0.0453499 0.0405135 0.0438992 0.0557152 0.0536367 0.0041155 0.0395454 0.0396590 0.0452872 0.0391444 0.0434364 0.0443473 0.0439680 0.0395930 0.0451819 0.0087039 0.0443426 
Dasyuridae_Sarcophilus_harrisii              0.0390634 0.0388194 0.0358274 0.0545922 0.0430720 0.0034415 0.0391127 0.0396097 0.0458794 0.0424763 0.0386550 0.0085250 0.0107705 0.0394801 0.0374584 0.0090476 0.0000000 0.0089397 0.0437262 0.0404686 0.0442916 0.0545385 0.0523188 0.0081873 0.0390713 0.0393695 0.0447791 0.0388940 0.0418215 0.0440625 0.0427709 0.0393535 0.0428786 0.0032748 0.0427417 
Dasyuridae_Planigale_tenuirostris            0.0400861 0.0390584 0.0345665 0.0523714 0.0420308 0.0087646 0.0367234 0.0376529 0.0441426 0.0421323 0.0362004 0.0093213 0.0102272 0.0370991 0.0364460 0.0100600 0.0089397 0.0000000 0.0435824 0.0390590 0.0427936 0.0557694 0.0514564 0.0096940 0.0382973 0.0375334 0.0432963 0.0378176 0.0409077 0.0420235 0.0412960 0.0369921 0.0431547 0.0091251 0.0423124 
Peramelidae_Echymipera_kalubu                0.0439732 0.0466092 0.0399307 0.0570836 0.0437723 0.0447943 0.0426318 0.0410469 0.0486697 0.0056520 0.0411132 0.0441952 0.0446110 0.0412283 0.0394148 0.0453499 0.0437262 0.0435824 0.0000000 0.0418452 0.0444204 0.0506109 0.0512536 0.0434824 0.0380793 0.0455842 0.0457313 0.0411114 0.0434879 0.0459205 0.0429605 0.0411044 0.0053263 0.0450464 0.0056259 
Macropodidae_Dorcopsulus_vanheurni           0.0278486 0.0397542 0.0284979 0.0253933 0.0115789 0.0404628 0.0255604 0.0252125 0.0167759 0.0405914 0.0236916 0.0400488 0.0384960 0.0248134 0.0263031 0.0405135 0.0404686 0.0390590 0.0418452 0.0000000 0.0285189 0.0487446 0.0464423 0.0392040 0.0148994 0.0381906 0.0295349 0.0039743 0.0274516 0.0302529 0.0305380 0.0249443 0.0418116 0.0400275 0.0412955 
Pseudochiridae_Pseudochirulus_forbesi        0.0317478 0.0439995 0.0311154 0.0420425 0.0316152 0.0444848 0.0310373 0.0307047 0.0356647 0.0425273 0.0305806 0.0427618 0.0433976 0.0313200 0.0280665 0.0438992 0.0442916 0.0427936 0.0444204 0.0285189 0.0000000 0.0502280 0.0506045 0.0429773 0.0300204 0.0422084 0.0168286 0.0279680 0.0079259 0.0260014 0.0315828 0.0312354 0.0431235 0.0444827 0.0427678 
Didelphidae_Didelphis_virginiana             0.0487544 0.0565531 0.0463047 0.0632976 0.0484580 0.0560871 0.0476661 0.0463175 0.0548356 0.0492882 0.0447984 0.0551468 0.0537663 0.0467847 0.0480743 0.0557152 0.0545385 0.0557694 0.0506109 0.0487446 0.0502280 0.0000000 0.0242421 0.0548655 0.0478324 0.0498814 0.0517346 0.0475799 0.0481435 0.0514382 0.0482992 0.0459880 0.0509064 0.0561228 0.0492117 
Marmosidae_Monodelphis_domestica             0.0479845 0.0526025 0.0439107 0.0603147 0.0465717 0.0530721 0.0442508 0.0432613 0.0545508 0.0493927 0.0421276 0.0530931 0.0512207 0.0429151 0.0467145 0.0536367 0.0523188 0.0514564 0.0512536 0.0464423 0.0506045 0.0242421 0.0000000 0.0530727 0.0455464 0.0456500 0.0515831 0.0448396 0.0468223 0.0510104 0.0474507 0.0423601 0.0520999 0.0528363 0.0496523 
Dasyuridae_Antechinus_stuartii               0.0401138 0.0388905 0.0348041 0.0525252 0.0419872 0.0083612 0.0363308 0.0384930 0.0444150 0.0422587 0.0369672 0.0039458 0.0097486 0.0377682 0.0388041 0.0041155 0.0081873 0.0096940 0.0434824 0.0392040 0.0429773 0.0548655 0.0530727 0.0000000 0.0395187 0.0391801 0.0436044 0.0378255 0.0416051 0.0440818 0.0422021 0.0376481 0.0432695 0.0081868 0.0424850 
Hypsiprymnodontidae_Hypsiprymnodon_moschatus 0.0273461 0.0391925 0.0272015 0.0290280 0.0156979 0.0401281 0.0256656 0.0257493 0.0201570 0.0366588 0.0256270 0.0388693 0.0371190 0.0251489 0.0267724 0.0395454 0.0390713 0.0382973 0.0380793 0.0148994 0.0300204 0.0478324 0.0455464 0.0395187 0.0000000 0.0384811 0.0314502 0.0140302 0.0296648 0.0317667 0.0296014 0.0254743 0.0382978 0.0396940 0.0371264 
Microbiotheriidae_Dromiciops_gliroides       0.0383910 0.0404224 0.0344988 0.0515752 0.0400834 0.0389577 0.0335427 0.0363312 0.0441408 0.0454916 0.0339491 0.0389738 0.0391752 0.0353916 0.0388718 0.0396590 0.0393695 0.0375334 0.0455842 0.0381906 0.0422084 0.0498814 0.0456500 0.0391801 0.0384811 0.0000000 0.0415583 0.0379393 0.0407652 0.0431519 0.0404675 0.0354994 0.0464832 0.0389484 0.0455842 
Pseudochiridae_Petauroides_volans            0.0324064 0.0450263 0.0326712 0.0422007 0.0331585 0.0442918 0.0297948 0.0298375 0.0347118 0.0435322 0.0295413 0.0445649 0.0438424 0.0315533 0.0270441 0.0452872 0.0447791 0.0432963 0.0457313 0.0295349 0.0168286 0.0517346 0.0515831 0.0436044 0.0314502 0.0415583 0.0000000 0.0289556 0.0151287 0.0271537 0.0310352 0.0310477 0.0443618 0.0442897 0.0440291 
Macropodidae_Wallabia_bicolor                0.0270780 0.0387900 0.0273625 0.0246328 0.0107187 0.0390885 0.0242381 0.0240291 0.0160394 0.0390071 0.0228334 0.0384666 0.0375832 0.0233141 0.0257768 0.0391444 0.0388940 0.0378176 0.0411114 0.0039743 0.0279680 0.0475799 0.0448396 0.0378255 0.0140302 0.0379393 0.0289556 0.0000000 0.0267614 0.0294733 0.0297957 0.0234475 0.0402376 0.0386550 0.0396372 
Pseudochiridae_Pseudocheirus_occidentalis    0.0306891 0.0423423 0.0313800 0.0407944 0.0312518 0.0420096 0.0295958 0.0285823 0.0341649 0.0414003 0.0282641 0.0422900 0.0416086 0.0307344 0.0272546 0.0434364 0.0418215 0.0409077 0.0434879 0.0274516 0.0079259 0.0481435 0.0468223 0.0416051 0.0296648 0.0407652 0.0151287 0.0267614 0.0000000 0.0241609 0.0295583 0.0300434 0.0422861 0.0426970 0.0413749 
Tarsipedidae_Tarsipes_rostratus              0.0320459 0.0445611 0.0327372 0.0443290 0.0336556 0.0446854 0.0294840 0.0280607 0.0377211 0.0444622 0.0284064 0.0438641 0.0429285 0.0283175 0.0265928 0.0443473 0.0440625 0.0420235 0.0459205 0.0302529 0.0260014 0.0514382 0.0510104 0.0440818 0.0317667 0.0431519 0.0271537 0.0294733 0.0241609 0.0000000 0.0308808 0.0282421 0.0450612 0.0451535 0.0450997 
Acrobatidae_Distoechurus_pennatus            0.0281930 0.0404357 0.0305897 0.0439042 0.0324786 0.0429560 0.0274273 0.0271770 0.0359639 0.0397512 0.0275773 0.0432647 0.0421359 0.0279112 0.0126077 0.0439680 0.0427709 0.0412960 0.0429605 0.0305380 0.0315828 0.0482992 0.0474507 0.0422021 0.0296014 0.0404675 0.0310352 0.0297957 0.0295583 0.0308808 0.0000000 0.0278351 0.0405548 0.0434170 0.0402174 
Phalangeridae_Phalanger_carmelitae           0.0225268 0.0363772 0.0238010 0.0388683 0.0278006 0.0393390 0.0076997 0.0036109 0.0319512 0.0387697 0.0049874 0.0389420 0.0388973 0.0009779 0.0259577 0.0395930 0.0393535 0.0369921 0.0411044 0.0249443 0.0312354 0.0459880 0.0423601 0.0376481 0.0254743 0.0354994 0.0310477 0.0234475 0.0300434 0.0282421 0.0278351 0.0000000 0.0393553 0.0395468 0.0396889 
Peramelidae_Peroryctes_raffrayana            0.0421268 0.0446006 0.0383870 0.0556036 0.0426912 0.0439668 0.0404164 0.0394374 0.0477319 0.0050043 0.0390953 0.0440174 0.0439867 0.0398904 0.0383281 0.0451819 0.0428786 0.0431547 0.0053263 0.0418116 0.0431235 0.0509064 0.0520999 0.0432695 0.0382978 0.0464832 0.0443618 0.0402376 0.0422861 0.0450612 0.0405548 0.0393553 0.0000000 0.0444448 0.0051692 
Dasyuridae_Dasyurus_geffroii                 0.0401324 0.0385771 0.0353759 0.0540467 0.0423808 0.0013005 0.0393057 0.0398120 0.0456081 0.0442455 0.0392922 0.0085255 0.0107730 0.0396740 0.0382869 0.0087039 0.0032748 0.0091251 0.0450464 0.0400275 0.0444827 0.0561228 0.0528363 0.0081868 0.0396940 0.0389484 0.0442897 0.0386550 0.0426970 0.0451535 0.0434170 0.0395468 0.0444448 0.0000000 0.0445077 
Peramelidae_Perameles_gunnii                 0.0414151 0.0451822 0.0378585 0.0543959 0.0418984 0.0442562 0.0401134 0.0395655 0.0463747 0.0001626 0.0390372 0.0431936 0.0427386 0.0398111 0.0371599 0.0443426 0.0427417 0.0423124 0.0056259 0.0412955 0.0427678 0.0492117 0.0496523 0.0424850 0.0371264 0.0455842 0.0440291 0.0396372 0.0413749 0.0450997 0.0402174 0.0396889 0.0051692 0.0445077 0.0000000 
