37
Burramyidae_Burramys_parvus                  0.0000000 0.0389252 0.0261969 0.0251784 0.0248529 0.0351468 0.0168436 0.0174430 0.0288120 0.0368806 0.0184982 0.0354889 0.0348522 0.0151461 0.0301533 0.0356089 0.0360343 0.0329991 0.0406492 0.0225406 0.0237791 0.0429720 0.0447199 0.0353944 0.0231083 0.0324348 0.0291997 0.0218127 0.0219657 0.0289316 0.0217765 0.0168631 0.0403119 0.0352501 0.0348035 0.0402086 0.0402086 
Notoryctidae_Notoryctes_typhlops             0.0389252 0.0000000 0.0532944 0.0593495 0.0420057 0.0705396 0.0581181 0.0583327 0.0640256 0.0712099 0.0421950 0.0691136 0.0509713 0.0608112 0.0511068 0.0688337 0.0700117 0.0703623 0.0726906 0.0604546 0.0601117 0.0684634 0.0810097 0.0695060 0.0620375 0.0563077 0.0706400 0.0615799 0.0366148 0.0640630 0.0631804 0.0603527 0.0763291 0.0720132 0.0671944 0.0489445 0.0489445 
Vombatidae_Lasiorhinus_latifrons             0.0261969 0.0532944 0.0000000 0.0342394 0.0280757 0.0436563 0.0291826 0.0307332 0.0366823 0.0490869 0.0269055 0.0462827 0.0315889 0.0290252 0.0328635 0.0446766 0.0441449 0.0425411 0.0501039 0.0395216 0.0363614 0.0618134 0.0594295 0.0458368 0.0301641 0.0347217 0.0425120 0.0400864 0.0280624 0.0438724 0.0435770 0.0304165 0.0591604 0.0437849 0.0490026 0.0397852 0.0397852 
Potoroidae_Bettongia_penicillata             0.0251784 0.0593495 0.0342394 0.0000000 0.0016627 0.0474711 0.0248396 0.0263444 0.0093339 0.0492315 0.0261948 0.0473322 0.0355390 0.0254904 0.0343920 0.0484638 0.0489002 0.0454218 0.0510513 0.0192457 0.0308975 0.0596563 0.0598877 0.0473884 0.0161205 0.0413597 0.0379807 0.0196802 0.0269572 0.0448408 0.0431121 0.0264260 0.0576298 0.0481191 0.0481583 0.0397852 0.0397852 
Potoroidae_Bettongia_lesueur                 0.0248529 0.0420057 0.0280757 0.0016627 0.0000000 0.0365077 0.0220373 0.0238963 0.0074926 0.0413001 0.0249347 0.0359372 0.0351762 0.0222792 0.0340085 0.0369316 0.0374162 0.0324467 0.0440258 0.0096610 0.0289304 0.0435764 0.0443094 0.0358309 0.0143329 0.0323130 0.0339554 0.0107800 0.0265879 0.0304648 0.0297075 0.0232495 0.0416399 0.0366171 0.0401528 0.0397852 0.0397852 
Dasyuridae_Dasyurus_maculatus                0.0351468 0.0705396 0.0436563 0.0474711 0.0365077 0.0000000 0.0479049 0.0490178 0.0526231 0.0658107 0.0373600 0.0151332 0.0181934 0.0474665 0.0413018 0.0137967 0.0022584 0.0154997 0.0652763 0.0523232 0.0536273 0.0692443 0.0652471 0.0129168 0.0461533 0.0419087 0.0619821 0.0554558 0.0381152 0.0621656 0.0546808 0.0488622 0.0749426 0.0039033 0.0653342 0.0257836 0.0257836 
Phalangeridae_Trichosurus_vulpecula          0.0168436 0.0581181 0.0291826 0.0248396 0.0220373 0.0479049 0.0000000 0.0062774 0.0267893 0.0481534 0.0071761 0.0460037 0.0318628 0.0066062 0.0284305 0.0462050 0.0493270 0.0444983 0.0495846 0.0283811 0.0250081 0.0574384 0.0559374 0.0473906 0.0228949 0.0392020 0.0300523 0.0296860 0.0207590 0.0392567 0.0358818 0.0068790 0.0544092 0.0480931 0.0470902 0.0402086 0.0402086 
Phalangeridae_Spilocuscus_maculatus          0.0174430 0.0583327 0.0307332 0.0263444 0.0238963 0.0490178 0.0062774 0.0000000 0.0290410 0.0474529 0.0049999 0.0461678 0.0340049 0.0049665 0.0298614 0.0462813 0.0504678 0.0467952 0.0498909 0.0312337 0.0276022 0.0586851 0.0573903 0.0485111 0.0251421 0.0405486 0.0331708 0.0309056 0.0221731 0.0419672 0.0380673 0.0046004 0.0532278 0.0491776 0.0461439 0.0402086 0.0402086 
Potoroidae_Aepyprymnus_rufescens             0.0288120 0.0640256 0.0366823 0.0093339 0.0074926 0.0526231 0.0267893 0.0290410 0.0000000 0.0507288 0.0282468 0.0516215 0.0385874 0.0273706 0.0351936 0.0535510 0.0541062 0.0504679 0.0544493 0.0203754 0.0342089 0.0627376 0.0624103 0.0526124 0.0175833 0.0449000 0.0404968 0.0223492 0.0290380 0.0490112 0.0457406 0.0283980 0.0576003 0.0533112 0.0500358 0.0644859 0.0644859 
Peramelidae_Perameles_nasuta                 0.0368806 0.0712099 0.0490869 0.0492315 0.0413001 0.0658107 0.0481534 0.0474529 0.0507288 0.0000000 0.0421403 0.0678535 0.0496439 0.0457143 0.0448335 0.0693073 0.0669738 0.0611728 0.0169190 0.0476848 0.0521475 0.0700157 0.0768868 0.0686236 0.0479954 0.0557720 0.0614810 0.0468478 0.0405635 0.0582487 0.0529165 0.0477031 0.0185085 0.0660606 0.0025317 0.0063532 0.0063532 
Phalangeridae_Strigocuscus_pelengensis       0.0184982 0.0421950 0.0269055 0.0261948 0.0249347 0.0373600 0.0071761 0.0049999 0.0282468 0.0421403 0.0000000 0.0340907 0.0347489 0.0039218 0.0290128 0.0341432 0.0388179 0.0340094 0.0430334 0.0220523 0.0258671 0.0444822 0.0442971 0.0366052 0.0252532 0.0348030 0.0308120 0.0212709 0.0222352 0.0292478 0.0259357 0.0039024 0.0418489 0.0378617 0.0419679 0.0413657 0.0413657 
Dasyuridae_Phascogale_tapoatafa              0.0354889 0.0691136 0.0462827 0.0473322 0.0359372 0.0151332 0.0460037 0.0461678 0.0516215 0.0678535 0.0340907 0.0000000 0.0166657 0.0446867 0.0408190 0.0038834 0.0162159 0.0146639 0.0645100 0.0521169 0.0520771 0.0699873 0.0656193 0.0090249 0.0478902 0.0445299 0.0613585 0.0518523 0.0371241 0.0580866 0.0537283 0.0460429 0.0751795 0.0173405 0.0673868 0.0257836 0.0257836 
Dasyuridae_Sminthopsis_macroura              0.0348522 0.0509713 0.0315889 0.0355390 0.0351762 0.0181934 0.0318628 0.0340049 0.0385874 0.0496439 0.0347489 0.0166657 0.0000000 0.0317531 0.0401928 0.0174614 0.0189595 0.0081861 0.0500931 0.0318727 0.0395841 0.0476669 0.0457504 0.0173665 0.0341325 0.0337329 0.0453179 0.0320291 0.0361178 0.0397445 0.0361561 0.0327785 0.0509918 0.0186183 0.0490883 0.0257836 0.0257836 
Phalangeridae_Phalanger_orientalis           0.0151461 0.0608112 0.0290252 0.0254904 0.0222792 0.0474665 0.0066062 0.0049665 0.0273706 0.0457143 0.0039218 0.0446867 0.0317531 0.0000000 0.0281486 0.0447953 0.0489313 0.0446163 0.0482879 0.0286668 0.0276494 0.0566099 0.0531807 0.0463931 0.0239076 0.0394377 0.0331323 0.0287708 0.0213601 0.0406081 0.0367160 0.0016221 0.0540502 0.0476542 0.0455311 0.0402086 0.0402086 
Acrobatidae_Acrobates_pygmaeus               0.0301533 0.0511068 0.0328635 0.0343920 0.0340085 0.0413018 0.0284305 0.0298614 0.0351936 0.0448335 0.0290128 0.0408190 0.0401928 0.0281486 0.0000000 0.0408833 0.0422885 0.0375546 0.0476640 0.0314055 0.0297289 0.0571691 0.0545276 0.0425646 0.0307256 0.0397241 0.0361904 0.0324131 0.0276615 0.0326870 0.0174715 0.0302131 0.0434425 0.0404634 0.0439457 0.0944185 0.0944185 
Dasyuridae_Phascogale_calura                 0.0356089 0.0688337 0.0446766 0.0484638 0.0369316 0.0137967 0.0462050 0.0462813 0.0535510 0.0693073 0.0341432 0.0038834 0.0174614 0.0447953 0.0408833 0.0000000 0.0145174 0.0155278 0.0662608 0.0533184 0.0523151 0.0723805 0.0680337 0.0090697 0.0480820 0.0428849 0.0621841 0.0530544 0.0372516 0.0588004 0.0539736 0.0462445 0.0763005 0.0159909 0.0686904 0.0257836 0.0257836 
Dasyuridae_Sarcophilus_harrisii              0.0360343 0.0700117 0.0441449 0.0489002 0.0374162 0.0022584 0.0493270 0.0504678 0.0541062 0.0669738 0.0388179 0.0162159 0.0189595 0.0489313 0.0422885 0.0145174 0.0000000 0.0167399 0.0663695 0.0538226 0.0551337 0.0703889 0.0662916 0.0140042 0.0461979 0.0433261 0.0637876 0.0569951 0.0390147 0.0622044 0.0556725 0.0502956 0.0762637 0.0055672 0.0665019 0.0257836 0.0257836 
Dasyuridae_Planigale_tenuirostris            0.0329991 0.0703623 0.0425411 0.0454218 0.0324467 0.0154997 0.0444983 0.0467952 0.0504679 0.0611728 0.0340094 0.0146639 0.0081861 0.0446163 0.0375546 0.0155278 0.0167399 0.0000000 0.0606827 0.0506727 0.0473672 0.0720391 0.0692590 0.0142658 0.0464301 0.0457751 0.0610982 0.0529375 0.0312764 0.0569429 0.0554969 0.0465891 0.0687977 0.0184188 0.0601426 0.0257836 0.0257836 
Peramelidae_Echymipera_kalubu                0.0406492 0.0726906 0.0501039 0.0510513 0.0440258 0.0652763 0.0495846 0.0498909 0.0544493 0.0169190 0.0430334 0.0645100 0.0500931 0.0482879 0.0476640 0.0662608 0.0663695 0.0606827 0.0000000 0.0574453 0.0555349 0.0831772 0.0797885 0.0671413 0.0495844 0.0568678 0.0657029 0.0560756 0.0438966 0.0622668 0.0593598 0.0501017 0.0229661 0.0655095 0.0164593 0.0000010 0.0000010 
Macropodidae_Dorcopsulus_vanheurni           0.0225406 0.0604546 0.0395216 0.0192457 0.0096610 0.0523232 0.0283811 0.0312337 0.0203754 0.0476848 0.0220523 0.0521169 0.0318727 0.0286668 0.0314055 0.0533184 0.0538226 0.0506727 0.0574453 0.0000000 0.0343014 0.0524611 0.0535636 0.0522337 0.0208532 0.0468838 0.0410998 0.0056601 0.0238689 0.0379503 0.0307372 0.0296489 0.0505184 0.0515063 0.0466018 0.0397852 0.0397852 
Pseudochiridae_Pseudochirulus_forbesi        0.0237791 0.0601117 0.0363614 0.0308975 0.0289304 0.0536273 0.0250081 0.0276022 0.0342089 0.0521475 0.0258671 0.0520771 0.0395841 0.0276494 0.0297289 0.0523151 0.0551337 0.0473672 0.0555349 0.0343014 0.0000000 0.0655957 0.0705998 0.0526777 0.0288260 0.0470098 0.0173540 0.0355753 0.0072370 0.0345490 0.0339135 0.0277534 0.0607679 0.0538470 0.0506307 0.0397852 0.0397852 
Didelphidae_Didelphis_virginiana             0.0429720 0.0684634 0.0618134 0.0596563 0.0435764 0.0692443 0.0574384 0.0586851 0.0627376 0.0700157 0.0444822 0.0699873 0.0476669 0.0566099 0.0571691 0.0723805 0.0703889 0.0720391 0.0831772 0.0524611 0.0655957 0.0000000 0.0360756 0.0703727 0.0566877 0.0564952 0.0712844 0.0520699 0.0449867 0.0663896 0.0559525 0.0565941 0.0783297 0.0688316 0.0689639 0.0413516 0.0413516 
Marmosidae_Monodelphis_domestica             0.0447199 0.0810097 0.0594295 0.0598877 0.0443094 0.0652471 0.0559374 0.0573903 0.0624103 0.0768868 0.0442971 0.0656193 0.0457504 0.0531807 0.0545276 0.0680337 0.0662916 0.0692590 0.0797885 0.0535636 0.0705998 0.0360756 0.0000000 0.0649331 0.0575141 0.0591763 0.0725663 0.0558375 0.0511577 0.0717846 0.0624131 0.0564779 0.0851684 0.0649511 0.0759533 0.0407951 0.0407951 
Dasyuridae_Antechinus_stuartii               0.0353944 0.0695060 0.0458368 0.0473884 0.0358309 0.0129168 0.0473906 0.0485111 0.0526124 0.0686236 0.0366052 0.0090249 0.0173665 0.0463931 0.0425646 0.0090697 0.0140042 0.0142658 0.0671413 0.0522337 0.0526777 0.0703727 0.0649331 0.0000000 0.0484013 0.0425772 0.0605672 0.0539602 0.0373477 0.0596915 0.0563417 0.0483576 0.0755799 0.0151134 0.0681559 0.0257836 0.0257836 
Hypsiprymnodontidae_Hypsiprymnodon_moschatus 0.0231083 0.0620375 0.0301641 0.0161205 0.0143329 0.0461533 0.0228949 0.0251421 0.0175833 0.0479954 0.0252532 0.0478902 0.0341325 0.0239076 0.0307256 0.0480820 0.0461979 0.0464301 0.0495844 0.0208532 0.0288260 0.0566877 0.0575141 0.0484013 0.0000000 0.0399408 0.0350649 0.0224672 0.0244431 0.0408983 0.0382850 0.0248460 0.0584889 0.0463350 0.0469259 0.0326941 0.0326941 
Microbiotheriidae_Dromiciops_gliroides       0.0324348 0.0563077 0.0347217 0.0413597 0.0323130 0.0419087 0.0392020 0.0405486 0.0449000 0.0557720 0.0348030 0.0445299 0.0337329 0.0394377 0.0397241 0.0428849 0.0433261 0.0457751 0.0568678 0.0468838 0.0470098 0.0564952 0.0591763 0.0425772 0.0399408 0.0000000 0.0535637 0.0459990 0.0344579 0.0468207 0.0441048 0.0410345 0.0610070 0.0424404 0.0550272 0.0413516 0.0413516 
Pseudochiridae_Petauroides_volans            0.0291997 0.0706400 0.0425120 0.0379807 0.0339554 0.0619821 0.0300523 0.0331708 0.0404968 0.0614810 0.0308120 0.0613585 0.0453179 0.0331323 0.0361904 0.0621841 0.0637876 0.0610982 0.0657029 0.0410998 0.0173540 0.0712844 0.0725663 0.0605672 0.0350649 0.0535637 0.0000000 0.0431511 0.0149747 0.0431197 0.0409549 0.0333144 0.0724928 0.0622793 0.0585718 0.0326941 0.0326941 
Macropodidae_Wallabia_bicolor                0.0218127 0.0615799 0.0400864 0.0196802 0.0107800 0.0554558 0.0296860 0.0309056 0.0223492 0.0468478 0.0212709 0.0518523 0.0320291 0.0287708 0.0324131 0.0530544 0.0569951 0.0529375 0.0560756 0.0056601 0.0355753 0.0520699 0.0558375 0.0539602 0.0224672 0.0459990 0.0431511 0.0000000 0.0235188 0.0374920 0.0320534 0.0293172 0.0496598 0.0546265 0.0462329 0.0397852 0.0397852 
Pseudochiridae_Pseudocheirus_occidentalis    0.0219657 0.0366148 0.0280624 0.0269572 0.0265879 0.0381152 0.0207590 0.0221731 0.0290380 0.0405635 0.0222352 0.0371241 0.0361178 0.0213601 0.0276615 0.0372516 0.0390147 0.0312764 0.0438966 0.0238689 0.0072370 0.0449867 0.0511577 0.0373477 0.0244431 0.0344579 0.0149747 0.0235188 0.0000000 0.0209863 0.0207576 0.0219005 0.0439232 0.0382299 0.0388886 0.0397852 0.0397852 
Tarsipedidae_Tarsipes_rostratus              0.0289316 0.0640630 0.0438724 0.0448408 0.0304648 0.0621656 0.0392567 0.0419672 0.0490112 0.0582487 0.0292478 0.0580866 0.0397445 0.0406081 0.0326870 0.0588004 0.0622044 0.0569429 0.0622668 0.0379503 0.0345490 0.0663896 0.0717846 0.0596915 0.0408983 0.0468207 0.0431197 0.0374920 0.0209863 0.0000000 0.0358460 0.0410129 0.0627460 0.0621415 0.0564841 0.0264029 0.0264029 
Acrobatidae_Distoechurus_pennatus            0.0217765 0.0631804 0.0435770 0.0431121 0.0297075 0.0546808 0.0358818 0.0380673 0.0457406 0.0529165 0.0259357 0.0537283 0.0361561 0.0367160 0.0174715 0.0539736 0.0556725 0.0554969 0.0593598 0.0307372 0.0339135 0.0559525 0.0624131 0.0563417 0.0382850 0.0441048 0.0409549 0.0320534 0.0207576 0.0358460 0.0000000 0.0380753 0.0532689 0.0538449 0.0518495 0.0397852 0.0397852 
Phalangeridae_Phalanger_carmelitae           0.0168631 0.0603527 0.0304165 0.0264260 0.0232495 0.0488622 0.0068790 0.0046004 0.0283980 0.0477031 0.0039024 0.0460429 0.0327785 0.0016221 0.0302131 0.0462445 0.0502956 0.0465891 0.0501017 0.0296489 0.0277534 0.0565941 0.0564779 0.0483576 0.0248460 0.0410345 0.0333144 0.0293172 0.0219005 0.0410129 0.0380753 0.0000000 0.0556334 0.0490551 0.0476313 0.0402086 0.0402086 
Peramelidae_Peroryctes_raffrayana            0.0403119 0.0763291 0.0591604 0.0576298 0.0416399 0.0749426 0.0544092 0.0532278 0.0576003 0.0185085 0.0418489 0.0751795 0.0509918 0.0540502 0.0434425 0.0763005 0.0762637 0.0687977 0.0229661 0.0505184 0.0607679 0.0783297 0.0851684 0.0755799 0.0584889 0.0610070 0.0724928 0.0496598 0.0439232 0.0627460 0.0532689 0.0556334 0.0000000 0.0752584 0.0165012 9.0000000 9.0000000 
Dasyuridae_Dasyurus_geffroii                 0.0352501 0.0720132 0.0437849 0.0481191 0.0366171 0.0039033 0.0480931 0.0491776 0.0533112 0.0660606 0.0378617 0.0173405 0.0186183 0.0476542 0.0404634 0.0159909 0.0055672 0.0184188 0.0655095 0.0515063 0.0538470 0.0688316 0.0649511 0.0151134 0.0463350 0.0424404 0.0622793 0.0546265 0.0382299 0.0621415 0.0538449 0.0490551 0.0752584 0.0000000 0.0655835 0.0257836 0.0257836 
Peramelidae_Perameles_gunnii                 0.0348035 0.0671944 0.0490026 0.0481583 0.0401528 0.0653342 0.0470902 0.0461439 0.0500358 0.0025317 0.0419679 0.0673868 0.0490883 0.0455311 0.0439457 0.0686904 0.0665019 0.0601426 0.0164593 0.0466018 0.0506307 0.0689639 0.0759533 0.0681559 0.0469259 0.0550272 0.0585718 0.0462329 0.0388886 0.0564841 0.0518495 0.0476313 0.0165012 0.0655835 0.0000000 0.0000010 0.0000010 
Peramelidae_Isoodon_obesulus1                0.0402086 0.0489445 0.0397852 0.0397852 0.0397852 0.0257836 0.0402086 0.0402086 0.0644859 0.0063532 0.0413657 0.0257836 0.0257836 0.0402086 0.0944185 0.0257836 0.0257836 0.0257836 0.0000010 0.0397852 0.0397852 0.0413516 0.0407951 0.0257836 0.0326941 0.0413516 0.0326941 0.0397852 0.0397852 0.0264029 0.0397852 0.0402086 9.0000000 0.0257836 0.0000010 0.0000000 0.0000010 
Peramelidae_Isoodon_obesulus2                0.0402086 0.0489445 0.0397852 0.0397852 0.0397852 0.0257836 0.0402086 0.0402086 0.0644859 0.0063532 0.0413657 0.0257836 0.0257836 0.0402086 0.0944185 0.0257836 0.0257836 0.0257836 0.0000010 0.0397852 0.0397852 0.0413516 0.0407951 0.0257836 0.0326941 0.0413516 0.0326941 0.0397852 0.0397852 0.0264029 0.0397852 0.0402086 9.0000000 0.0257836 0.0000010 0.0000010 0.0000000 
