35
Burramyidae_Burramys_parvus                  0.0000000 0.1437428 0.0320396 0.0330221 0.0338884 0.0418112 0.0343575 0.0326148 0.0394498 0.0914815 0.0245087 0.0224354 0.0446264 0.0323300 0.0398259 0.0408969 0.0396476 0.0446229 0.0692055 0.0327563 0.0457029 0.0707096 0.0634152 0.0412338 0.0308605 0.0664105 0.0355848 0.0290309 0.0267517 0.0646021 0.0415146 0.1068542 0.0745340 0.0397524 0.0724640 
Notoryctidae_Notoryctes_typhlops             0.1437428 0.0000000 0.1355781 0.1500968 0.1449375 0.1449548 0.1446955 0.1437809 0.1517823 0.2095974 0.1304978 0.1530131 0.1491609 0.1396379 0.1417405 0.1441713 0.1413739 0.1781499 0.1724678 0.1603246 0.1633062 0.1980318 0.1672753 0.1457486 0.1368235 0.1564617 0.1497025 0.1413772 0.1469070 0.1641863 0.1550010 0.0716321 0.1749711 0.1404741 0.1900748 
Vombatidae_Lasiorhinus_latifrons             0.0320396 0.1355781 0.0000000 0.0341660 0.0340818 0.0320804 0.0333142 0.0334185 0.0361934 0.0827153 0.0241059 0.0196562 0.0355742 0.0314354 0.0371589 0.0331930 0.0301804 0.0368139 0.0590122 0.0299753 0.0455012 0.0730042 0.0594766 0.0332704 0.0322275 0.0554656 0.0327863 0.0271606 0.0252314 0.0535851 0.0389638 0.1013571 0.0663516 0.0302528 0.0666192 
Potoroidae_Bettongia_penicillata             0.0330221 0.1500968 0.0341660 0.0000000 0.0026730 0.0420489 0.0401749 0.0327837 0.0086649 0.0900973 0.0257813 0.0291592 0.0559291 0.0326698 0.0463220 0.0462931 0.0437399 0.0498926 0.0693402 0.0110154 0.0501451 0.0763507 0.0719078 0.0475348 0.0216448 0.0758009 0.0386497 0.0092482 0.0273185 0.0637057 0.0427717 0.1035260 0.0724805 0.0419354 0.0751111 
Potoroidae_Bettongia_lesueur                 0.0338884 0.1449375 0.0340818 0.0026730 0.0000000 0.0419756 0.0410129 0.0345540 0.0077688 0.0911542 0.0273146 0.0282557 0.0557702 0.0334783 0.0461936 0.0461661 0.0436229 0.0485522 0.0692020 0.0092214 0.0500026 0.0788099 0.0716832 0.0474929 0.0202384 0.0734211 0.0386179 0.0083185 0.0263823 0.0624954 0.0426558 0.1002655 0.0744682 0.0418245 0.0773885 
Dasyuridae_Dasyurus_maculatus                0.0418112 0.1449548 0.0320804 0.0420489 0.0419756 0.0000000 0.0483680 0.0406540 0.0423676 0.0834721 0.0366310 0.0044645 0.0130787 0.0440796 0.0437869 0.0061036 0.0012933 0.0222445 0.0627439 0.0345610 0.0539101 0.0725674 0.0641784 0.0061249 0.0348524 0.0729020 0.0415609 0.0318573 0.0231917 0.0640376 0.0475127 0.1207448 0.0701957 0.0019689 0.0684238 
Phalangeridae_Trichosurus_vulpecula          0.0343575 0.1446955 0.0333142 0.0401749 0.0410129 0.0483680 0.0000000 0.0109581 0.0452867 0.1061643 0.0092450 0.0314446 0.0567361 0.0090242 0.0401496 0.0501560 0.0460988 0.0576697 0.0832717 0.0388779 0.0497629 0.0883308 0.0728424 0.0495049 0.0357323 0.0816926 0.0373283 0.0318676 0.0300931 0.0646194 0.0458533 0.0656852 0.0921650 0.0462238 0.0840799 
Phalangeridae_Spilocuscus_maculatus          0.0326148 0.1437809 0.0334185 0.0327837 0.0345540 0.0406540 0.0109581 0.0000000 0.0357651 0.0990662 0.0042339 0.0298355 0.0498455 0.0045273 0.0382522 0.0414941 0.0385587 0.0556398 0.0756599 0.0332713 0.0454312 0.0852352 0.0661828 0.0417182 0.0304841 0.0737159 0.0328698 0.0245255 0.0277322 0.0575932 0.0411751 0.0572494 0.0851411 0.0386594 0.0766728 
Potoroidae_Aepyprymnus_rufescens             0.0394498 0.1517823 0.0361934 0.0086649 0.0077688 0.0423676 0.0452867 0.0357651 0.0000000 0.1013913 0.0317556 0.0275451 0.0583876 0.0392037 0.0486718 0.0476090 0.0440320 0.0451559 0.0786856 0.0135658 0.0561420 0.0835488 0.0725971 0.0469440 0.0217536 0.0744627 0.0428762 0.0102457 0.0275276 0.0682586 0.0485541 0.1091686 0.0841596 0.0441514 0.0863864 
Peramelidae_Perameles_nasuta                 0.0914815 0.2095974 0.0827153 0.0900973 0.0911542 0.0834721 0.1061643 0.0990662 0.1013913 0.0000000 0.0896776 0.0669030 0.0891692 0.1019342 0.0954995 0.0849833 0.0828034 0.0793239 0.0161993 0.0974772 0.0978823 0.1224794 0.1130319 0.0872753 0.0966134 0.1222008 0.0846338 0.0846250 0.0737204 0.1226206 0.0958221 0.1966009 0.0200232 0.0787093 0.0094571 
Phalangeridae_Strigocuscus_pelengensis       0.0245087 0.1304978 0.0241059 0.0257813 0.0273146 0.0366310 0.0092450 0.0042339 0.0317556 0.0896776 0.0000000 0.0201695 0.0438459 0.0030851 0.0320175 0.0374506 0.0347491 0.0434464 0.0679260 0.0268078 0.0380668 0.0752037 0.0623007 0.0374506 0.0259366 0.0677675 0.0275879 0.0210577 0.0198067 0.0543304 0.0357774 0.0520851 0.0765892 0.0347491 0.0722867 
Dasyuridae_Phascogale_tapoatafa              0.0224354 0.1530131 0.0196562 0.0291592 0.0282557 0.0044645 0.0314446 0.0298355 0.0275451 0.0669030 0.0201695 0.0000000 0.0106165 0.0283561 0.0308176 0.0000010 0.0036415 0.0213956 0.0414366 0.0208786 0.0267491 0.0578648 0.0434299 0.0021242 0.0192290 0.0540206 0.0216598 0.0203034 0.0208429 0.0442604 0.0350477 0.1198035 0.0475217 0.0036458 0.0466392 
Dasyuridae_Sminthopsis_macroura              0.0446264 0.1491609 0.0355742 0.0559291 0.0557702 0.0130787 0.0567361 0.0498455 0.0583876 0.0891692 0.0438459 0.0106165 0.0000000 0.0523341 0.0506124 0.0131715 0.0120249 0.0180176 0.0662225 0.0499368 0.0580155 0.0794058 0.0672763 0.0132366 0.0460671 0.0804758 0.0473543 0.0457711 0.0303453 0.0629403 0.0515392 0.1309159 0.0725042 0.0141810 0.0732178 
Phalangeridae_Phalanger_orientalis           0.0323300 0.1396379 0.0314354 0.0326698 0.0334783 0.0440796 0.0090242 0.0045273 0.0392037 0.1019342 0.0030851 0.0283561 0.0523341 0.0000000 0.0389239 0.0458795 0.0419435 0.0519140 0.0794682 0.0350184 0.0445614 0.0852877 0.0690105 0.0451458 0.0311315 0.0754039 0.0334672 0.0251399 0.0253146 0.0597389 0.0388798 0.0454886 0.0883475 0.0420541 0.0811512 
Acrobatidae_Acrobates_pygmaeus               0.0398259 0.1417405 0.0371589 0.0463220 0.0461936 0.0437869 0.0401496 0.0382522 0.0486718 0.0954995 0.0320175 0.0308176 0.0506124 0.0389239 0.0000000 0.0450832 0.0415868 0.0548094 0.0731821 0.0393199 0.0423153 0.0741056 0.0645431 0.0451666 0.0368661 0.0794531 0.0295567 0.0347027 0.0247074 0.0536128 0.0161694 0.1090609 0.0784788 0.0416977 0.0829181 
Dasyuridae_Phascogale_calura                 0.0408969 0.1441713 0.0331930 0.0462931 0.0461661 0.0061036 0.0501560 0.0414941 0.0476090 0.0849833 0.0374506 0.0000010 0.0131715 0.0458795 0.0450832 0.0000000 0.0052894 0.0214724 0.0632239 0.0400697 0.0512401 0.0730965 0.0620141 0.0037794 0.0378345 0.0720169 0.0428619 0.0375049 0.0209929 0.0670142 0.0479750 0.1253329 0.0673209 0.0061001 0.0678054 
Dasyuridae_Sarcophilus_harrisii              0.0396476 0.1413739 0.0301804 0.0437399 0.0436229 0.0012933 0.0460988 0.0385587 0.0440320 0.0828034 0.0347491 0.0036415 0.0120249 0.0419435 0.0415868 0.0052894 0.0000000 0.0230179 0.0613304 0.0363918 0.0515730 0.0751543 0.0639542 0.0053013 0.0346415 0.0702637 0.0394498 0.0316941 0.0214514 0.0628009 0.0442833 0.1186654 0.0686491 0.0012909 0.0668985 
Dasyuridae_Planigale_tenuirostris            0.0446229 0.1781499 0.0368139 0.0498926 0.0485522 0.0222445 0.0576697 0.0556398 0.0451559 0.0793239 0.0434464 0.0213956 0.0180176 0.0519140 0.0548094 0.0214724 0.0230179 0.0000000 0.0564701 0.0472171 0.0486187 0.0789738 0.0668348 0.0213773 0.0414033 0.0753045 0.0387235 0.0377362 0.0434541 0.0617727 0.0584534 0.1528106 0.0647431 0.0230778 0.0647155 
Peramelidae_Echymipera_kalubu                0.0692055 0.1724678 0.0590122 0.0693402 0.0692020 0.0627439 0.0832717 0.0756599 0.0786856 0.0161993 0.0679260 0.0414366 0.0662225 0.0794682 0.0731821 0.0632239 0.0613304 0.0564701 0.0000000 0.0681720 0.0758384 0.0998470 0.0885519 0.0665022 0.0722033 0.0975449 0.0656414 0.0596705 0.0444809 0.0971213 0.0723436 0.1597799 0.0053126 0.0582906 0.0065293 
Macropodidae_Dorcopsulus_vanheurni           0.0327563 0.1603246 0.0299753 0.0110154 0.0092214 0.0345610 0.0388779 0.0332713 0.0135658 0.0974772 0.0268078 0.0208786 0.0499368 0.0350184 0.0393199 0.0400697 0.0363918 0.0472171 0.0681720 0.0000000 0.0447259 0.0700589 0.0600369 0.0390433 0.0161990 0.0671124 0.0331600 0.0030663 0.0195079 0.0561800 0.0399863 0.1193962 0.0768147 0.0364975 0.0803842 
Pseudochiridae_Pseudochirulus_forbesi        0.0457029 0.1633062 0.0455012 0.0501451 0.0500026 0.0539101 0.0497629 0.0454312 0.0561420 0.0978823 0.0380668 0.0267491 0.0580155 0.0445614 0.0423153 0.0512401 0.0515730 0.0486187 0.0758384 0.0447259 0.0000000 0.0844761 0.0736075 0.0526083 0.0404413 0.0895080 0.0235904 0.0434892 0.0121656 0.0656950 0.0495932 0.1218197 0.0844111 0.0517145 0.0799390 
Didelphidae_Didelphis_virginiana             0.0707096 0.1980318 0.0730042 0.0763507 0.0788099 0.0725674 0.0883308 0.0852352 0.0835488 0.1224794 0.0752037 0.0578648 0.0794058 0.0852877 0.0741056 0.0730965 0.0751543 0.0789738 0.0998470 0.0700589 0.0844761 0.0000000 0.0223172 0.0765734 0.0777006 0.1015314 0.0690385 0.0746961 0.0625306 0.0868003 0.0788177 0.1767913 0.1089597 0.0703864 0.1004946 
Marmosidae_Monodelphis_domestica             0.0634152 0.1672753 0.0594766 0.0719078 0.0716832 0.0641784 0.0728424 0.0661828 0.0725971 0.1130319 0.0623007 0.0434299 0.0672763 0.0690105 0.0645431 0.0620141 0.0639542 0.0668348 0.0885519 0.0600369 0.0736075 0.0223172 0.0000000 0.0656796 0.0651419 0.0851007 0.0586264 0.0610460 0.0441150 0.0762495 0.0697389 0.1519199 0.0944743 0.0640796 0.0895100 
Dasyuridae_Antechinus_stuartii               0.0412338 0.1457486 0.0332704 0.0475348 0.0474929 0.0061249 0.0495049 0.0417182 0.0469440 0.0872753 0.0374506 0.0021242 0.0132366 0.0451458 0.0451666 0.0037794 0.0053013 0.0213773 0.0665022 0.0390433 0.0526083 0.0765734 0.0656796 0.0000000 0.0371802 0.0717291 0.0427275 0.0366943 0.0234879 0.0679237 0.0500735 0.1234711 0.0718344 0.0061140 0.0711275 
Hypsiprymnodontidae_Hypsiprymnodon_moschatus 0.0308605 0.1368235 0.0322275 0.0216448 0.0202384 0.0348524 0.0357323 0.0304841 0.0217536 0.0966134 0.0259366 0.0192290 0.0460671 0.0311315 0.0368661 0.0378345 0.0346415 0.0414033 0.0722033 0.0161990 0.0404413 0.0777006 0.0651419 0.0371802 0.0000000 0.0746918 0.0278694 0.0116990 0.0181670 0.0551158 0.0405764 0.0988310 0.0808388 0.0347281 0.0783385 
Microbiotheriidae_Dromiciops_gliroides       0.0664105 0.1564617 0.0554656 0.0758009 0.0734211 0.0729020 0.0816926 0.0737159 0.0744627 0.1222008 0.0677675 0.0540206 0.0804758 0.0754039 0.0794531 0.0720169 0.0702637 0.0753045 0.0975449 0.0671124 0.0895080 0.1015314 0.0851007 0.0717291 0.0746918 0.0000000 0.0741189 0.0670351 0.0490110 0.1066032 0.0808447 0.1464596 0.0974662 0.0704744 0.1073113 
Pseudochiridae_Petauroides_volans            0.0355848 0.1497025 0.0327863 0.0386497 0.0386179 0.0415609 0.0373283 0.0328698 0.0428762 0.0846338 0.0275879 0.0216598 0.0473543 0.0334672 0.0295567 0.0428619 0.0394498 0.0387235 0.0656414 0.0331600 0.0235904 0.0690385 0.0586264 0.0427275 0.0278694 0.0741189 0.0000000 0.0276588 0.0126226 0.0397574 0.0356729 0.1066110 0.0708275 0.0395534 0.0701963 
Macropodidae_Wallabia_bicolor                0.0290309 0.1413772 0.0271606 0.0092482 0.0083185 0.0318573 0.0318676 0.0245255 0.0102457 0.0846250 0.0210577 0.0203034 0.0457711 0.0251399 0.0347027 0.0375049 0.0316941 0.0377362 0.0596705 0.0030663 0.0434892 0.0746961 0.0610460 0.0366943 0.0116990 0.0670351 0.0276588 0.0000000 0.0164696 0.0515071 0.0337853 0.0923306 0.0681677 0.0317710 0.0706998 
Pseudochiridae_Pseudocheirus_occidentalis    0.0267517 0.1469070 0.0252314 0.0273185 0.0263823 0.0231917 0.0300931 0.0277322 0.0275276 0.0737204 0.0198067 0.0208429 0.0303453 0.0253146 0.0247074 0.0209929 0.0214514 0.0434541 0.0444809 0.0195079 0.0121656 0.0625306 0.0441150 0.0234879 0.0181670 0.0490110 0.0126226 0.0164696 0.0000000 0.0397034 0.0285029 0.1132201 0.0505845 0.0214999 0.0536359 
Tarsipedidae_Tarsipes_rostratus              0.0646021 0.1641863 0.0535851 0.0637057 0.0624954 0.0640376 0.0646194 0.0575932 0.0682586 0.1226206 0.0543304 0.0442604 0.0629403 0.0597389 0.0536128 0.0670142 0.0628009 0.0617727 0.0971213 0.0561800 0.0656950 0.0868003 0.0762495 0.0679237 0.0551158 0.1066032 0.0397574 0.0515071 0.0397034 0.0000000 0.0541716 0.1359529 0.1016885 0.0629847 0.1037462 
Acrobatidae_Distoechurus_pennatus            0.0415146 0.1550010 0.0389638 0.0427717 0.0426558 0.0475127 0.0458533 0.0411751 0.0485541 0.0958221 0.0357774 0.0350477 0.0515392 0.0388798 0.0161694 0.0479750 0.0442833 0.0584534 0.0723436 0.0399863 0.0495932 0.0788177 0.0697389 0.0500735 0.0405764 0.0808447 0.0356729 0.0337853 0.0285029 0.0541716 0.0000000 0.1059881 0.0801283 0.0434361 0.0832152 
Phalangeridae_Phalanger_carmelitae           0.1068542 0.0716321 0.1013571 0.1035260 0.1002655 0.1207448 0.0656852 0.0572494 0.1091686 0.1966009 0.0520851 0.1198035 0.1309159 0.0454886 0.1090609 0.1253329 0.1186654 0.1528106 0.1597799 0.1193962 0.1218197 0.1767913 0.1519199 0.1234711 0.0988310 0.1464596 0.1066110 0.0923306 0.1132201 0.1359529 0.1059881 0.0000000 0.1720908 0.1190499 0.1731078 
Peramelidae_Peroryctes_raffrayana            0.0745340 0.1749711 0.0663516 0.0724805 0.0744682 0.0701957 0.0921650 0.0851411 0.0841596 0.0200232 0.0765892 0.0475217 0.0725042 0.0883475 0.0784788 0.0673209 0.0686491 0.0647431 0.0053126 0.0768147 0.0844111 0.1089597 0.0944743 0.0718344 0.0808388 0.0974662 0.0708275 0.0681677 0.0505845 0.1016885 0.0801283 0.1720908 0.0000000 0.0655520 0.0090108 
Dasyuridae_Dasyurus_geffroii                 0.0397524 0.1404741 0.0302528 0.0419354 0.0418245 0.0019689 0.0462238 0.0386594 0.0441514 0.0787093 0.0347491 0.0036458 0.0141810 0.0420541 0.0416977 0.0061001 0.0012909 0.0230778 0.0582906 0.0364975 0.0517145 0.0703864 0.0640796 0.0061140 0.0347281 0.0704744 0.0395534 0.0317710 0.0214999 0.0629847 0.0434361 0.1190499 0.0655520 0.0000000 0.0636844 
Peramelidae_Perameles_gunnii                 0.0724640 0.1900748 0.0666192 0.0751111 0.0773885 0.0684238 0.0840799 0.0766728 0.0863864 0.0094571 0.0722867 0.0466392 0.0732178 0.0811512 0.0829181 0.0678054 0.0668985 0.0647155 0.0065293 0.0803842 0.0799390 0.1004946 0.0895100 0.0711275 0.0783385 0.1073113 0.0701963 0.0706998 0.0536359 0.1037462 0.0832152 0.1731078 0.0090108 0.0636844 0.0000000 
