37
Burramyidae_Burramys_parvus                  0.0000000 0.1434455 0.0923284 0.0971332 0.0967060 0.1649241 0.0746762 0.0806957 0.0948421 0.1437341 0.0746932 0.1614693 0.0763843 0.1288341 0.1572004 0.1299622 0.1122678 0.1079044 0.2058271 0.1572381 0.1143363 0.1324424 0.1030884 0.0944650 0.1053911 0.0996803 0.0773044 0.1386700 0.1603655 0.1463202 0.1604106 0.1616230 0.1614574 0.1662840 0.1248335 0.1925924 0.1925924 
Notoryctidae_Notoryctes_typhlops             0.1434455 0.0000000 0.1176496 0.1407038 0.1393526 0.1597446 0.1174445 0.1243272 0.1396242 0.1466416 0.1243116 0.1608461 0.1249810 0.1754526 0.1561776 0.1354834 0.1674278 0.1406497 0.2123678 0.1566627 0.1571155 0.1381435 0.1436275 0.1462889 0.1459388 0.1465297 0.1207844 0.1420271 0.1589768 0.1483220 0.1514238 0.1541268 0.1573455 0.1567236 0.1546518 0.2258750 0.2258750 
Vombatidae_Lasiorhinus_latifrons             0.0923284 0.1176496 0.0000000 0.0856696 0.0838809 0.1357069 0.0673952 0.0715254 0.0840072 0.1103946 0.0735868 0.1345967 0.0713381 0.1141529 0.1296447 0.1020304 0.0967558 0.0870946 0.1719605 0.1182032 0.1006227 0.1041132 0.0815163 0.0824200 0.0813488 0.0932826 0.0702208 0.1108040 0.1330996 0.1131375 0.1293162 0.1277203 0.1290160 0.1327640 0.1093779 0.1646445 0.1646445 
Potoroidae_Bettongia_penicillata             0.0971332 0.1407038 0.0856696 0.0000000 0.0071866 0.1536827 0.0705454 0.0716652 0.0173362 0.1274237 0.0753255 0.1535540 0.0724118 0.1183959 0.1477007 0.1199139 0.0455984 0.0876530 0.1913933 0.1375202 0.0612185 0.1201673 0.0885360 0.0280568 0.0892454 0.0999113 0.0748717 0.1235574 0.1518279 0.1282678 0.1502981 0.1501291 0.1504733 0.1568561 0.1230258 0.1892418 0.1892418 
Potoroidae_Bettongia_lesueur                 0.0967060 0.1393526 0.0838809 0.0071866 0.0000000 0.1529131 0.0701975 0.0726546 0.0168929 0.1244031 0.0753346 0.1531079 0.0741296 0.1175916 0.1473836 0.1187045 0.0450433 0.0930793 0.1912205 0.1406152 0.0629931 0.1199966 0.0907810 0.0290224 0.0936881 0.1006230 0.0755628 0.1231159 0.1509645 0.1252383 0.1508049 0.1491799 0.1498222 0.1573839 0.1218084 0.1892418 0.1892418 
Dasyuridae_Dasyurus_maculatus                0.1649241 0.1597446 0.1357069 0.1536827 0.1529131 0.0000000 0.1466969 0.1459974 0.1463803 0.1487990 0.1468276 0.0417702 0.1399441 0.1850816 0.0099312 0.1372282 0.1759438 0.1566278 0.2149158 0.1771948 0.1673764 0.1431681 0.1457941 0.1488586 0.1488449 0.1545206 0.1424633 0.1474191 0.0108079 0.1520051 0.0278508 0.0258132 0.0385163 0.0313797 0.1772498 0.0955812 0.0955812 
Phalangeridae_Trichosurus_vulpecula          0.0746762 0.1174445 0.0673952 0.0705454 0.0701975 0.1466969 0.0000000 0.0303661 0.0685979 0.1193566 0.0260789 0.1416185 0.0289438 0.1094774 0.1403368 0.1100483 0.0898946 0.0821290 0.1848313 0.1287802 0.0891898 0.1012259 0.0764258 0.0680565 0.0811757 0.0824886 0.0279633 0.1179650 0.1436016 0.1218141 0.1397018 0.1419877 0.1407333 0.1457719 0.0951767 0.2070480 0.2070480 
Phalangeridae_Spilocuscus_maculatus          0.0806957 0.1243272 0.0715254 0.0716652 0.0726546 0.1459974 0.0303661 0.0000000 0.0665594 0.1258131 0.0182670 0.1492842 0.0195691 0.1127444 0.1405710 0.1174238 0.0871928 0.0802315 0.1868403 0.1381031 0.0941496 0.1099936 0.0745191 0.0698364 0.0808435 0.0847827 0.0195663 0.1244425 0.1426526 0.1285995 0.1423864 0.1461600 0.1443166 0.1497238 0.0978482 0.2160266 0.2160266 
Potoroidae_Aepyprymnus_rufescens             0.0948421 0.1396242 0.0840072 0.0173362 0.0168929 0.1463803 0.0685979 0.0665594 0.0000000 0.1232950 0.0710761 0.1455494 0.0703524 0.1163386 0.1392978 0.1170782 0.0439901 0.0914154 0.1909906 0.1401895 0.0618411 0.1209893 0.0871120 0.0276477 0.0893589 0.0958553 0.0697389 0.1264270 0.1446021 0.1248826 0.1422284 0.1406230 0.1421606 0.1485774 0.1176315 0.1819525 0.1819525 
Peramelidae_Perameles_nasuta                 0.1437341 0.1466416 0.1103946 0.1274237 0.1244031 0.1487990 0.1193566 0.1258131 0.1232950 0.0000000 0.1233755 0.1468590 0.1207980 0.1755875 0.1446825 0.0238760 0.1482099 0.1469693 0.2024089 0.1461874 0.1427148 0.1267939 0.1328876 0.1293528 0.1437142 0.1486779 0.1198702 0.0311638 0.1502603 0.0036498 0.1410458 0.1402260 0.1424008 0.1502225 0.1678694 0.1835084 0.1835084 
Phalangeridae_Strigocuscus_pelengensis       0.0746932 0.1243116 0.0735868 0.0753255 0.0753346 0.1468276 0.0260789 0.0182670 0.0710761 0.1233755 0.0000000 0.1477376 0.0135910 0.1059800 0.1431256 0.1145896 0.0878624 0.0832946 0.1880695 0.1347215 0.0914244 0.1079955 0.0757286 0.0698955 0.0825653 0.0817385 0.0122495 0.1206413 0.1425078 0.1262775 0.1432470 0.1470940 0.1467906 0.1502898 0.1026543 0.2103034 0.2103034 
Dasyuridae_Sminthopsis_macroura              0.1614693 0.1608461 0.1345967 0.1535540 0.1531079 0.0417702 0.1416185 0.1492842 0.1455494 0.1468590 0.1477376 0.0000000 0.1416660 0.1794505 0.0399052 0.1349396 0.1710506 0.1510133 0.2245357 0.1721692 0.1690263 0.1455290 0.1423420 0.1529458 0.1461311 0.1548553 0.1435978 0.1507480 0.0410048 0.1509301 0.0336844 0.0342754 0.0305963 0.0387089 0.1727918 0.1010800 0.1010800 
Phalangeridae_Phalanger_orientalis           0.0763843 0.1249810 0.0713381 0.0724118 0.0741296 0.1399441 0.0289438 0.0195691 0.0703524 0.1207980 0.0135910 0.1416660 0.0000000 0.1070998 0.1348318 0.1124638 0.0833954 0.0809265 0.1815553 0.1307374 0.0918242 0.1036843 0.0767709 0.0691263 0.0809511 0.0791363 0.0073491 0.1166555 0.1330977 0.1235143 0.1336866 0.1373717 0.1372294 0.1426742 0.0996289 0.2064484 0.2064484 
Acrobatidae_Acrobates_pygmaeus               0.1288341 0.1754526 0.1141529 0.1183959 0.1175916 0.1850816 0.1094774 0.1127444 0.1163386 0.1755875 0.1059800 0.1794505 0.1070998 0.0000000 0.1819504 0.1639566 0.1418354 0.1059780 0.2107196 0.1760887 0.1358539 0.1492048 0.1008067 0.1185429 0.1083652 0.0813884 0.1071225 0.1671342 0.1805485 0.1800221 0.1528275 0.1532150 0.1537167 0.1519163 0.1152738 0.2273662 0.2273662 
Dasyuridae_Sarcophilus_harrisii              0.1572004 0.1561776 0.1296447 0.1477007 0.1473836 0.0099312 0.1403368 0.1405710 0.1392978 0.1446825 0.1431256 0.0399052 0.1348318 0.1819504 0.0000000 0.1329795 0.1687330 0.1519892 0.2197453 0.1712063 0.1581459 0.1360862 0.1403075 0.1427255 0.1437444 0.1516252 0.1362269 0.1441939 0.0095721 0.1478554 0.0258512 0.0238559 0.0329319 0.0273675 0.1728576 0.1013708 0.1013708 
Peramelidae_Echymipera_kalubu                0.1299622 0.1354834 0.1020304 0.1199139 0.1187045 0.1372282 0.1100483 0.1174238 0.1170782 0.0238760 0.1145896 0.1349396 0.1124638 0.1639566 0.1329795 0.0000000 0.1404543 0.1382400 0.1890910 0.1348228 0.1380777 0.1176675 0.1280224 0.1212289 0.1335107 0.1376250 0.1124961 0.0219822 0.1379938 0.0243412 0.1328848 0.1327311 0.1339160 0.1400708 0.1548501 0.1998902 0.1998902 
Macropodidae_Dorcopsulus_vanheurni           0.1122678 0.1674278 0.0967558 0.0455984 0.0450433 0.1759438 0.0898946 0.0871928 0.0439901 0.1482099 0.0878624 0.1710506 0.0833954 0.1418354 0.1687330 0.1404543 0.0000000 0.1114176 0.2106890 0.1603099 0.0680414 0.1364222 0.1064622 0.0304941 0.1074615 0.1129825 0.0886284 0.1482239 0.1730305 0.1494863 0.1728036 0.1727239 0.1741653 0.1856245 0.1495718 0.2025188 0.2025188 
Pseudochiridae_Pseudochirulus_forbesi        0.1079044 0.1406497 0.0870946 0.0876530 0.0930793 0.1566278 0.0821290 0.0802315 0.0914154 0.1469693 0.0832946 0.1510133 0.0809265 0.1059780 0.1519892 0.1382400 0.1114176 0.0000000 0.1955399 0.1421962 0.1127303 0.1216429 0.0485605 0.0944522 0.0202970 0.0907578 0.0828809 0.1437186 0.1489359 0.1510041 0.1517149 0.1538521 0.1506350 0.1629242 0.1007541 0.2533730 0.2533730 
Didelphidae_Didelphis_virginiana             0.2058271 0.2123678 0.1719605 0.1913933 0.1912205 0.2149158 0.1848313 0.1868403 0.1909906 0.2024089 0.1880695 0.2245357 0.1815553 0.2107196 0.2197453 0.1890910 0.2106890 0.1955399 0.0000000 0.0772581 0.2111223 0.1792998 0.1964865 0.1927701 0.1956583 0.2009563 0.1768885 0.1960529 0.2258905 0.2038275 0.1945015 0.1965788 0.1982018 0.1999035 0.1905120 0.2423546 0.2423546 
Marmosidae_Monodelphis_domestica             0.1572381 0.1566627 0.1182032 0.1375202 0.1406152 0.1771948 0.1287802 0.1381031 0.1401895 0.1461874 0.1347215 0.1721692 0.1307374 0.1760887 0.1712063 0.1348228 0.1603099 0.1421962 0.0772581 0.0000000 0.1519279 0.1358985 0.1411451 0.1385458 0.1405835 0.1525040 0.1270734 0.1453124 0.1747940 0.1484312 0.1729643 0.1770894 0.1735713 0.1808399 0.1656106 0.2690956 0.2690956 
Hypsiprymnodontidae_Hypsiprymnodon_moschatus 0.1143363 0.1571155 0.1006227 0.0612185 0.0629931 0.1673764 0.0891898 0.0941496 0.0618411 0.1427148 0.0914244 0.1690263 0.0918242 0.1358539 0.1581459 0.1380777 0.0680414 0.1127303 0.2111223 0.1519279 0.0000000 0.1412680 0.1003627 0.0553780 0.1058815 0.1101463 0.0928292 0.1453757 0.1661934 0.1452738 0.1659437 0.1631810 0.1678416 0.1718813 0.1432999 0.2064903 0.2064903 
Microbiotheriidae_Dromiciops_gliroides       0.1324424 0.1381435 0.1041132 0.1201673 0.1199966 0.1431681 0.1012259 0.1099936 0.1209893 0.1267939 0.1079955 0.1455290 0.1036843 0.1492048 0.1360862 0.1176675 0.1364222 0.1216429 0.1792998 0.1358985 0.1412680 0.0000000 0.1127106 0.1118851 0.1232182 0.1247367 0.1047293 0.1198936 0.1406659 0.1303267 0.1340403 0.1396379 0.1365573 0.1451659 0.1508433 0.1881735 0.1881735 
Pseudochiridae_Petauroides_volans            0.1030884 0.1436275 0.0815163 0.0885360 0.0907810 0.1457941 0.0764258 0.0745191 0.0871120 0.1328876 0.0757286 0.1423420 0.0767709 0.1008067 0.1403075 0.1280224 0.1064622 0.0485605 0.1964865 0.1411451 0.1003627 0.1127106 0.0000000 0.0847889 0.0447941 0.0833082 0.0744186 0.1334790 0.1409115 0.1363382 0.1415094 0.1418615 0.1467494 0.1504536 0.0936538 0.2292189 0.2292189 
Macropodidae_Wallabia_bicolor                0.0944650 0.1462889 0.0824200 0.0280568 0.0290224 0.1488586 0.0680565 0.0698364 0.0276477 0.1293528 0.0698955 0.1529458 0.0691263 0.1185429 0.1427255 0.1212289 0.0304941 0.0944522 0.1927701 0.1385458 0.0553780 0.1118851 0.0847889 0.0000000 0.0893004 0.0951312 0.0697420 0.1305801 0.1510160 0.1309967 0.1447833 0.1449500 0.1479433 0.1543513 0.1191962 0.1966385 0.1966385 
Pseudochiridae_Pseudocheirus_occidentalis    0.1053911 0.1459388 0.0813488 0.0892454 0.0936881 0.1488449 0.0811757 0.0808435 0.0893589 0.1437142 0.0825653 0.1461311 0.0809511 0.1083652 0.1437444 0.1335107 0.1074615 0.0202970 0.1956583 0.1405835 0.1058815 0.1232182 0.0447941 0.0893004 0.0000000 0.0885481 0.0831891 0.1449273 0.1452435 0.1472396 0.1487081 0.1508608 0.1518132 0.1598445 0.1022767 0.2462237 0.2462237 
Acrobatidae_Distoechurus_pennatus            0.0996803 0.1465297 0.0932826 0.0999113 0.1006230 0.1545206 0.0824886 0.0847827 0.0958553 0.1486779 0.0817385 0.1548553 0.0791363 0.0813884 0.1516252 0.1376250 0.1129825 0.0907578 0.2009563 0.1525040 0.1101463 0.1247367 0.0833082 0.0951312 0.0885481 0.0000000 0.0818716 0.1400946 0.1510164 0.1532135 0.1570741 0.1574707 0.1581216 0.1605890 0.1135792 0.2472446 0.2472446 
Phalangeridae_Phalanger_carmelitae           0.0773044 0.1207844 0.0702208 0.0748717 0.0755628 0.1424633 0.0279633 0.0195663 0.0697389 0.1198702 0.0122495 0.1435978 0.0073491 0.1071225 0.1362269 0.1124961 0.0886284 0.0828809 0.1768885 0.1270734 0.0928292 0.1047293 0.0744186 0.0697420 0.0831891 0.0818716 0.0000000 0.1202868 0.1364868 0.1212352 0.1366992 0.1404166 0.1405647 0.1440136 0.0987947 0.2133091 0.2133091 
Peramelidae_Peroryctes_raffrayana            0.1386700 0.1420271 0.1108040 0.1235574 0.1231159 0.1474191 0.1179650 0.1244425 0.1264270 0.0311638 0.1206413 0.1507480 0.1166555 0.1671342 0.1441939 0.0219822 0.1482239 0.1437186 0.1960529 0.1453124 0.1453757 0.1198936 0.1334790 0.1305801 0.1449273 0.1400946 0.1202868 0.0000000 0.1488962 0.0326146 0.1436041 0.1434407 0.1431941 0.1499680 0.1635679 0.2004688 0.2004688 
Dasyuridae_Dasyurus_geffroii                 0.1603655 0.1589768 0.1330996 0.1518279 0.1509645 0.0108079 0.1436016 0.1426526 0.1446021 0.1502603 0.1425078 0.0410048 0.1330977 0.1805485 0.0095721 0.1379938 0.1730305 0.1489359 0.2258905 0.1747940 0.1661934 0.1406659 0.1409115 0.1510160 0.1452435 0.1510164 0.1364868 0.1488962 0.0000000 0.1534150 0.0277022 0.0243978 0.0355760 0.0298947 0.1739083 0.1013708 0.1013708 
Peramelidae_Perameles_gunnii                 0.1463202 0.1483220 0.1131375 0.1282678 0.1252383 0.1520051 0.1218141 0.1285995 0.1248826 0.0036498 0.1262775 0.1509301 0.1235143 0.1800221 0.1478554 0.0243412 0.1494863 0.1510041 0.2038275 0.1484312 0.1452738 0.1303267 0.1363382 0.1309967 0.1472396 0.1532135 0.1212352 0.0326146 0.1534150 0.0000000 0.1449313 0.1441062 0.1467100 0.1542449 0.1707427 0.1835084 0.1835084 
Dasyuridae_Phascogale_tapoatafa              0.1604106 0.1514238 0.1293162 0.1502981 0.1508049 0.0278508 0.1397018 0.1423864 0.1422284 0.1410458 0.1432470 0.0336844 0.1336866 0.1528275 0.0258512 0.1328848 0.1728036 0.1517149 0.1945015 0.1729643 0.1659437 0.1340403 0.1415094 0.1447833 0.1487081 0.1570741 0.1366992 0.1436041 0.0277022 0.1449313 0.0000000 0.0052638 0.0314853 0.0120087 0.1713374 0.1249191 0.1249191 
Dasyuridae_Phascogale_calura                 0.1616230 0.1541268 0.1277203 0.1501291 0.1491799 0.0258132 0.1419877 0.1461600 0.1406230 0.1402260 0.1470940 0.0342754 0.1373717 0.1532150 0.0238559 0.1327311 0.1727239 0.1538521 0.1965788 0.1770894 0.1631810 0.1396379 0.1418615 0.1449500 0.1508608 0.1574707 0.1404166 0.1434407 0.0243978 0.1441062 0.0052638 0.0000000 0.0300564 0.0113729 0.1747707 0.1249191 0.1249191 
Dasyuridae_Planigale_tenuirostris            0.1614574 0.1573455 0.1290160 0.1504733 0.1498222 0.0385163 0.1407333 0.1443166 0.1421606 0.1424008 0.1467906 0.0305963 0.1372294 0.1537167 0.0329319 0.1339160 0.1741653 0.1506350 0.1982018 0.1735713 0.1678416 0.1365573 0.1467494 0.1479433 0.1518132 0.1581216 0.1405647 0.1431941 0.0355760 0.1467100 0.0314853 0.0300564 0.0000000 0.0330407 0.1797768 0.1037085 0.1037085 
Dasyuridae_Antechinus_stuartii               0.1662840 0.1567236 0.1327640 0.1568561 0.1573839 0.0313797 0.1457719 0.1497238 0.1485774 0.1502225 0.1502898 0.0387089 0.1426742 0.1519163 0.0273675 0.1400708 0.1856245 0.1629242 0.1999035 0.1808399 0.1718813 0.1451659 0.1504536 0.1543513 0.1598445 0.1605890 0.1440136 0.1499680 0.0298947 0.1542449 0.0120087 0.0113729 0.0330407 0.0000000 0.1808855 0.1467140 0.1467140 
Tarsipedidae_Tarsipes_rostratus              0.1248335 0.1546518 0.1093779 0.1230258 0.1218084 0.1772498 0.0951767 0.0978482 0.1176315 0.1678694 0.1026543 0.1727918 0.0996289 0.1152738 0.1728576 0.1548501 0.1495718 0.1007541 0.1905120 0.1656106 0.1432999 0.1508433 0.0936538 0.1191962 0.1022767 0.1135792 0.0987947 0.1635679 0.1739083 0.1707427 0.1713374 0.1747707 0.1797768 0.1808855 0.0000000 0.2578071 0.2578071 
Myrmecobiidae_Myrmecobius_fasciatus1         0.1925924 0.2258750 0.1646445 0.1892418 0.1892418 0.0955812 0.2070480 0.2160266 0.1819525 0.1835084 0.2103034 0.1010800 0.2064484 0.2273662 0.1013708 0.1998902 0.2025188 0.2533730 0.2423546 0.2690956 0.2064903 0.1881735 0.2292189 0.1966385 0.2462237 0.2472446 0.2133091 0.2004688 0.1013708 0.1835084 0.1249191 0.1249191 0.1037085 0.1467140 0.2578071 0.0000000 0.0000010 
Myrmecobiidae_Myrmecobius_fasciatus2         0.1925924 0.2258750 0.1646445 0.1892418 0.1892418 0.0955812 0.2070480 0.2160266 0.1819525 0.1835084 0.2103034 0.1010800 0.2064484 0.2273662 0.1013708 0.1998902 0.2025188 0.2533730 0.2423546 0.2690956 0.2064903 0.1881735 0.2292189 0.1966385 0.2462237 0.2472446 0.2133091 0.2004688 0.1013708 0.1835084 0.1249191 0.1249191 0.1037085 0.1467140 0.2578071 0.0000010 0.0000000 
