37
Burramyidae_Burramys_parvus                  0.0000000 0.0548326 0.0288102 0.0264689 0.0257344 0.0488211 0.0124639 0.0131950 0.0328941 0.0531500 0.0145203 0.0511434 0.0483285 0.0105896 0.0350559 0.0514697 0.0509567 0.0430011 0.0618624 0.0208646 0.0232887 0.0699210 0.0717945 0.0510871 0.0219778 0.0435339 0.0330394 0.0195827 0.0201947 0.0361797 0.0195990 0.0124621 0.0590427 0.0491604 0.0482718 0.1106729 0.1106729 
Notoryctidae_Notoryctes_typhlops             0.0548326 0.0000000 0.0804444 0.0914794 0.0615514 0.1117831 0.0895247 0.0900028 0.0965275 0.1109296 0.0622432 0.1107932 0.0791933 0.0942364 0.0736838 0.1107144 0.1108010 0.1109261 0.1149139 0.0936155 0.0935878 0.1134987 0.1316643 0.1116460 0.0965717 0.0872633 0.1015022 0.0953186 0.0506732 0.1011751 0.0984735 0.0935610 0.1152924 0.1145852 0.1038908 0.1464203 0.1464203 
Vombatidae_Lasiorhinus_latifrons             0.0288102 0.0804444 0.0000000 0.0462601 0.0333459 0.0643222 0.0348185 0.0382678 0.0491246 0.0737324 0.0305968 0.0710793 0.0399868 0.0342046 0.0408993 0.0679731 0.0653078 0.0610968 0.0765932 0.0580058 0.0506366 0.1052037 0.0972820 0.0704331 0.0367181 0.0468895 0.0572684 0.0589968 0.0338439 0.0675366 0.0659317 0.0375791 0.0898045 0.0647004 0.0733400 0.1078004 0.1078004 
Potoroidae_Bettongia_penicillata             0.0264689 0.0914794 0.0462601 0.0000000 0.0008582 0.0713636 0.0250959 0.0282111 0.0055265 0.0744782 0.0288972 0.0727504 0.0498069 0.0261964 0.0442416 0.0750034 0.0742175 0.0665519 0.0787773 0.0153278 0.0383352 0.1003554 0.0971115 0.0729456 0.0116232 0.0612742 0.0485885 0.0159379 0.0311893 0.0693490 0.0648978 0.0283558 0.0874823 0.0727761 0.0720096 0.1078004 0.1078004 
Potoroidae_Bettongia_lesueur                 0.0257344 0.0615514 0.0333459 0.0008582 0.0000000 0.0516174 0.0201239 0.0237313 0.0042454 0.0623140 0.0258894 0.0518599 0.0489353 0.0204043 0.0433717 0.0541303 0.0537638 0.0416570 0.0686146 0.0058288 0.0354214 0.0710517 0.0701572 0.0517548 0.0097956 0.0429603 0.0428821 0.0066862 0.0302169 0.0401293 0.0372238 0.0223407 0.0609962 0.0519707 0.0595546 0.1078004 0.1078004 
Dasyuridae_Dasyurus_maculatus                0.0488211 0.1117831 0.0643222 0.0713636 0.0516174 0.0000000 0.0730582 0.0746497 0.0781491 0.1039135 0.0536938 0.0104390 0.0135695 0.0716515 0.0581211 0.0091741 0.0011787 0.0103826 0.1037120 0.0810130 0.0834744 0.1182228 0.1067034 0.0083549 0.0691918 0.0616490 0.0894030 0.0865940 0.0564417 0.1017750 0.0860286 0.0746767 0.1164457 0.0020953 0.1026142 0.0635999 0.0635999 
Phalangeridae_Trichosurus_vulpecula          0.0124639 0.0895247 0.0348185 0.0250959 0.0201239 0.0730582 0.0000000 0.0035541 0.0275868 0.0732217 0.0041137 0.0708644 0.0411470 0.0037543 0.0313061 0.0713794 0.0759211 0.0651436 0.0766094 0.0328403 0.0252457 0.0968011 0.0907868 0.0737300 0.0212874 0.0571995 0.0334018 0.0359139 0.0181118 0.0582985 0.0501133 0.0039286 0.0819498 0.0736240 0.0707574 0.1106729 0.1106729 
Phalangeridae_Spilocuscus_maculatus          0.0131950 0.0900028 0.0382678 0.0282111 0.0237313 0.0746497 0.0035541 0.0000000 0.0322221 0.0712501 0.0027455 0.0707293 0.0459045 0.0027366 0.0343237 0.0711430 0.0775287 0.0694005 0.0764946 0.0393407 0.0307480 0.0979169 0.0927100 0.0753635 0.0256244 0.0596228 0.0392397 0.0386315 0.0206173 0.0634910 0.0544871 0.0025202 0.0791838 0.0751357 0.0685413 0.1106729 0.1106729 
Potoroidae_Aepyprymnus_rufescens             0.0328941 0.0965275 0.0491246 0.0055265 0.0042454 0.0781491 0.0275868 0.0322221 0.0000000 0.0757781 0.0322430 0.0780010 0.0535607 0.0284957 0.0467255 0.0817679 0.0810356 0.0729617 0.0847682 0.0162766 0.0434516 0.1028400 0.0984634 0.0799050 0.0128949 0.0653612 0.0507781 0.0191746 0.0340567 0.0748082 0.0671761 0.0308388 0.0867136 0.0796059 0.0732094 0.1750810 0.1750810 
Peramelidae_Perameles_nasuta                 0.0531500 0.1109296 0.0737324 0.0744782 0.0623140 0.1039135 0.0732217 0.0712501 0.0757781 0.0000000 0.0646513 0.1102537 0.0790155 0.0680500 0.0651662 0.1128393 0.1061442 0.0945660 0.0122504 0.0715437 0.0797747 0.1198374 0.1275971 0.1119749 0.0722308 0.0886525 0.0862828 0.0699689 0.0617693 0.0926521 0.0812577 0.0722103 0.0137642 0.1046947 0.0013260 0.0044481 0.0044481 
Phalangeridae_Strigocuscus_pelengensis       0.0145203 0.0622432 0.0305968 0.0288972 0.0258894 0.0536938 0.0041137 0.0027455 0.0322430 0.0646513 0.0000000 0.0477648 0.0477311 0.0021058 0.0331349 0.0479720 0.0570887 0.0454077 0.0667127 0.0199991 0.0278058 0.0723444 0.0701933 0.0537665 0.0266632 0.0489146 0.0360644 0.0187240 0.0207024 0.0368466 0.0280523 0.0020970 0.0615154 0.0549400 0.0638678 0.1147386 0.1147386 
Dasyuridae_Phascogale_tapoatafa              0.0511434 0.1107932 0.0710793 0.0727504 0.0518599 0.0104390 0.0708644 0.0707293 0.0780010 0.1102537 0.0477648 0.0000000 0.0120102 0.0678011 0.0579363 0.0020944 0.0115433 0.0097317 0.1045950 0.0822198 0.0821269 0.1217614 0.1091224 0.0053710 0.0743466 0.0684207 0.0903199 0.0814147 0.0555810 0.0960355 0.0859152 0.0707747 0.1194790 0.0127766 0.1089413 0.0635999 0.0635999 
Dasyuridae_Sminthopsis_macroura              0.0483285 0.0791933 0.0399868 0.0498069 0.0489353 0.0135695 0.0411470 0.0459045 0.0535607 0.0790155 0.0477311 0.0120102 0.0000000 0.0404881 0.0569552 0.0129270 0.0145144 0.0047057 0.0804537 0.0408984 0.0589330 0.0793454 0.0731607 0.0127281 0.0463803 0.0457397 0.0632584 0.0412040 0.0519475 0.0602180 0.0511130 0.0431444 0.0789876 0.0140996 0.0775879 0.0635999 0.0635999 
Phalangeridae_Phalanger_orientalis           0.0105896 0.0942364 0.0342046 0.0261964 0.0204043 0.0716515 0.0037543 0.0027366 0.0284957 0.0680500 0.0021058 0.0678011 0.0404881 0.0000000 0.0304940 0.0682000 0.0746027 0.0647792 0.0736044 0.0330974 0.0308449 0.0938732 0.0847280 0.0710542 0.0230100 0.0571313 0.0391413 0.0334116 0.0190680 0.0606965 0.0516530 0.0008412 0.0808535 0.0722088 0.0673057 0.1106729 0.1106729 
Acrobatidae_Acrobates_pygmaeus               0.0350559 0.0736838 0.0408993 0.0442416 0.0433717 0.0581211 0.0313061 0.0343237 0.0467255 0.0651662 0.0331349 0.0579363 0.0569552 0.0304940 0.0000000 0.0581592 0.0602523 0.0504404 0.0722291 0.0375294 0.0334194 0.0920271 0.0843201 0.0614568 0.0360509 0.0543873 0.0424804 0.0396429 0.0297204 0.0408302 0.0127570 0.0351598 0.0625697 0.0564255 0.0629863 0.2538666 0.2538666 
Dasyuridae_Phascogale_calura                 0.0514697 0.1107144 0.0679731 0.0750034 0.0541303 0.0091741 0.0713794 0.0711430 0.0817679 0.1128393 0.0479720 0.0020944 0.0129270 0.0682000 0.0581592 0.0000000 0.0098446 0.0105323 0.1078161 0.0845642 0.0827117 0.1266254 0.1135501 0.0054040 0.0747973 0.0653640 0.0917374 0.0837513 0.0559223 0.0975860 0.0865167 0.0712888 0.1215010 0.0113081 0.1114034 0.0635999 0.0635999 
Dasyuridae_Sarcophilus_harrisii              0.0509567 0.1108010 0.0653078 0.0742175 0.0537638 0.0011787 0.0759211 0.0775287 0.0810356 0.1061442 0.0570887 0.0115433 0.0145144 0.0746027 0.0602523 0.0098446 0.0000000 0.0116068 0.1058295 0.0839734 0.0864537 0.1206433 0.1087742 0.0093187 0.0693245 0.0646169 0.0925975 0.0895953 0.0585531 0.1021121 0.0880516 0.0775422 0.1188931 0.0030811 0.1048409 0.0635999 0.0635999 
Dasyuridae_Planigale_tenuirostris            0.0430011 0.1109261 0.0610968 0.0665519 0.0416570 0.0103826 0.0651436 0.0694005 0.0729617 0.0945660 0.0454077 0.0097317 0.0047057 0.0647792 0.0504404 0.0105323 0.0116068 0.0000000 0.0944909 0.0768070 0.0704193 0.1213551 0.1117887 0.0093628 0.0689517 0.0676227 0.0864167 0.0810788 0.0391163 0.0902952 0.0857648 0.0691260 0.1044995 0.0134101 0.0927576 0.0635999 0.0635999 
Peramelidae_Echymipera_kalubu                0.0618624 0.1149139 0.0765932 0.0787773 0.0686146 0.1037120 0.0766094 0.0764946 0.0847682 0.0122504 0.0667127 0.1045950 0.0804537 0.0736044 0.0722291 0.1078161 0.1058295 0.0944909 0.0000000 0.0911409 0.0871436 0.1457100 0.1348747 0.1097659 0.0761129 0.0916312 0.0949473 0.0883022 0.0694738 0.1014597 0.0939234 0.0773800 0.0198522 0.1044524 0.0117327 0.0000010 0.0000010 
Macropodidae_Dorcopsulus_vanheurni           0.0208646 0.0936155 0.0580058 0.0153278 0.0058288 0.0810130 0.0328403 0.0393407 0.0162766 0.0715437 0.0199991 0.0822198 0.0408984 0.0330974 0.0375294 0.0845642 0.0839734 0.0768070 0.0911409 0.0000000 0.0464077 0.0862557 0.0847942 0.0825157 0.0176441 0.0725818 0.0545839 0.0031455 0.0238927 0.0551608 0.0380415 0.0356734 0.0744615 0.0796223 0.0690488 0.1078004 0.1078004 
Pseudochiridae_Pseudochirulus_forbesi        0.0232887 0.0935878 0.0506366 0.0383352 0.0354214 0.0834744 0.0252457 0.0307480 0.0434516 0.0797747 0.0278058 0.0821269 0.0589330 0.0308449 0.0334194 0.0827117 0.0864537 0.0704193 0.0871436 0.0464077 0.0000000 0.1137899 0.1180991 0.0833182 0.0337527 0.0724846 0.0133963 0.0488370 0.0041342 0.0466649 0.0446202 0.0311272 0.0928504 0.0841228 0.0766957 0.1078004 0.1078004 
Didelphidae_Didelphis_virginiana             0.0699210 0.1134987 0.1052037 0.1003554 0.0710517 0.1182228 0.0968011 0.0979169 0.1028400 0.1198374 0.0723444 0.1217614 0.0793454 0.0938732 0.0920271 0.1266254 0.1206433 0.1213551 0.1457100 0.0862557 0.1137899 0.0000000 0.0506034 0.1224935 0.0952140 0.0944908 0.1124857 0.0853570 0.0752634 0.1151529 0.0930409 0.0941538 0.1311998 0.1175476 0.1174152 0.1242469 0.1242469 
Marmosidae_Monodelphis_domestica             0.0717945 0.1316643 0.0972820 0.0971115 0.0701572 0.1067034 0.0907868 0.0927100 0.0984634 0.1275971 0.0701933 0.1091224 0.0731607 0.0847280 0.0843201 0.1135501 0.1087742 0.1117887 0.1348747 0.0847942 0.1180991 0.0506034 0.0000000 0.1075572 0.0932332 0.0974696 0.1102690 0.0892226 0.0859034 0.1208828 0.1021304 0.0913746 0.1375912 0.1064127 0.1253520 0.1242469 0.1242469 
Dasyuridae_Antechinus_stuartii               0.0510871 0.1116460 0.0704331 0.0729456 0.0517548 0.0083549 0.0737300 0.0753635 0.0799050 0.1119749 0.0537665 0.0053710 0.0127281 0.0710542 0.0614568 0.0054040 0.0093187 0.0093628 0.1097659 0.0825157 0.0833182 0.1224935 0.1075572 0.0000000 0.0753807 0.0646362 0.0883221 0.0856211 0.0562147 0.0990721 0.0910304 0.0753878 0.1206616 0.0103585 0.1106467 0.0635999 0.0635999 
Hypsiprymnodontidae_Hypsiprymnodon_moschatus 0.0219778 0.0965717 0.0367181 0.0116232 0.0097956 0.0691918 0.0212874 0.0256244 0.0128949 0.0722308 0.0266632 0.0743466 0.0463803 0.0230100 0.0360509 0.0747973 0.0693245 0.0689517 0.0761129 0.0176441 0.0337527 0.0952140 0.0932332 0.0753807 0.0000000 0.0584974 0.0431702 0.0202700 0.0252035 0.0617817 0.0550784 0.0249918 0.0891259 0.0697368 0.0697703 0.0868272 0.0868272 
Microbiotheriidae_Dromiciops_gliroides       0.0435339 0.0872633 0.0468895 0.0612742 0.0429603 0.0616490 0.0571995 0.0596228 0.0653612 0.0886525 0.0489146 0.0684207 0.0457397 0.0571313 0.0543873 0.0653640 0.0646169 0.0676227 0.0916312 0.0725818 0.0724846 0.0944908 0.0974696 0.0646362 0.0584974 0.0000000 0.0778862 0.0708267 0.0487916 0.0736991 0.0667467 0.0607177 0.0955653 0.0627926 0.0868433 0.1242469 0.1242469 
Pseudochiridae_Petauroides_volans            0.0330394 0.1015022 0.0572684 0.0485885 0.0428821 0.0894030 0.0334018 0.0392397 0.0507781 0.0862828 0.0360644 0.0903199 0.0632584 0.0391413 0.0424804 0.0917374 0.0925975 0.0864167 0.0949473 0.0545839 0.0133963 0.1124857 0.1102690 0.0883221 0.0431702 0.0778862 0.0000000 0.0590644 0.0108817 0.0579209 0.0539720 0.0397410 0.1000473 0.0901329 0.0814348 0.0868272 0.0868272 
Macropodidae_Wallabia_bicolor                0.0195827 0.0953186 0.0589968 0.0159379 0.0066862 0.0865940 0.0359139 0.0386315 0.0191746 0.0699689 0.0187240 0.0814147 0.0412040 0.0334116 0.0396429 0.0837513 0.0895953 0.0810788 0.0883022 0.0031455 0.0488370 0.0853570 0.0892226 0.0856211 0.0202700 0.0708267 0.0590644 0.0000000 0.0231145 0.0537937 0.0408464 0.0350167 0.0727545 0.0852169 0.0683143 0.1078004 0.1078004 
Pseudochiridae_Pseudocheirus_occidentalis    0.0201947 0.0506732 0.0338439 0.0311893 0.0302169 0.0564417 0.0181118 0.0206173 0.0340567 0.0617693 0.0207024 0.0555810 0.0519475 0.0190680 0.0297204 0.0559223 0.0585531 0.0391163 0.0694738 0.0238927 0.0041342 0.0752634 0.0859034 0.0562147 0.0252035 0.0487916 0.0108817 0.0231145 0.0000000 0.0184435 0.0178519 0.0200995 0.0669913 0.0568197 0.0577044 0.1078004 0.1078004 
Tarsipedidae_Tarsipes_rostratus              0.0361797 0.1011751 0.0675366 0.0693490 0.0401293 0.1017750 0.0582985 0.0634910 0.0748082 0.0926521 0.0368466 0.0960355 0.0602180 0.0606965 0.0408302 0.0975860 0.1021121 0.0902952 0.1014597 0.0551608 0.0466649 0.1151529 0.1208828 0.0990721 0.0617817 0.0736991 0.0579209 0.0537937 0.0184435 0.0000000 0.0498260 0.0618449 0.0973889 0.1016926 0.0889807 0.0761212 0.0761212 
Acrobatidae_Distoechurus_pennatus            0.0195990 0.0984735 0.0659317 0.0648978 0.0372238 0.0860286 0.0501133 0.0544871 0.0671761 0.0812577 0.0280523 0.0859152 0.0511130 0.0516530 0.0127570 0.0865167 0.0880516 0.0857648 0.0939234 0.0380415 0.0446202 0.0930409 0.1021304 0.0910304 0.0550784 0.0667467 0.0539720 0.0408464 0.0178519 0.0498260 0.0000000 0.0548014 0.0794855 0.0843830 0.0788006 0.1078004 0.1078004 
Phalangeridae_Phalanger_carmelitae           0.0124621 0.0935610 0.0375791 0.0283558 0.0223407 0.0746767 0.0039286 0.0025202 0.0308388 0.0722103 0.0020970 0.0707747 0.0431444 0.0008412 0.0351598 0.0712888 0.0775422 0.0691260 0.0773800 0.0356734 0.0311272 0.0941538 0.0913746 0.0753878 0.0249918 0.0607177 0.0397410 0.0350167 0.0200995 0.0618449 0.0548014 0.0000000 0.0839606 0.0752521 0.0715762 0.1106729 0.1106729 
Peramelidae_Peroryctes_raffrayana            0.0590427 0.1152924 0.0898045 0.0874823 0.0609962 0.1164457 0.0819498 0.0791838 0.0867136 0.0137642 0.0615154 0.1194790 0.0789876 0.0808535 0.0625697 0.1215010 0.1188931 0.1044995 0.0198522 0.0744615 0.0928504 0.1311998 0.1375912 0.1206616 0.0891259 0.0955653 0.1000473 0.0727545 0.0669913 0.0973889 0.0794855 0.0839606 0.0000000 0.1173762 0.0115888 9.0000000 9.0000000 
Dasyuridae_Dasyurus_geffroii                 0.0491604 0.1145852 0.0647004 0.0727761 0.0519707 0.0020953 0.0736240 0.0751357 0.0796059 0.1046947 0.0549400 0.0127766 0.0140996 0.0722088 0.0564255 0.0113081 0.0030811 0.0134101 0.1044524 0.0796223 0.0841228 0.1175476 0.1064127 0.0103585 0.0697368 0.0627926 0.0901329 0.0852169 0.0568197 0.1016926 0.0843830 0.0752521 0.1173762 0.0000000 0.1033869 0.0635999 0.0635999 
Peramelidae_Perameles_gunnii                 0.0482718 0.1038908 0.0733400 0.0720096 0.0595546 0.1026142 0.0707574 0.0685413 0.0732094 0.0013260 0.0638678 0.1089413 0.0775879 0.0673057 0.0629863 0.1114034 0.1048409 0.0927576 0.0117327 0.0690488 0.0766957 0.1174152 0.1253520 0.1106467 0.0697703 0.0868433 0.0814348 0.0683143 0.0577044 0.0889807 0.0788006 0.0715762 0.0115888 0.1033869 0.0000000 0.0000010 0.0000010 
Peramelidae_Isoodon_obesulus1                0.1106729 0.1464203 0.1078004 0.1078004 0.1078004 0.0635999 0.1106729 0.1106729 0.1750810 0.0044481 0.1147386 0.0635999 0.0635999 0.1106729 0.2538666 0.0635999 0.0635999 0.0635999 0.0000010 0.1078004 0.1078004 0.1242469 0.1242469 0.0635999 0.0868272 0.1242469 0.0868272 0.1078004 0.1078004 0.0761212 0.1078004 0.1106729 9.0000000 0.0635999 0.0000010 0.0000000 0.0000010 
Peramelidae_Isoodon_obesulus2                0.1106729 0.1464203 0.1078004 0.1078004 0.1078004 0.0635999 0.1106729 0.1106729 0.1750810 0.0044481 0.1147386 0.0635999 0.0635999 0.1106729 0.2538666 0.0635999 0.0635999 0.0635999 0.0000010 0.1078004 0.1078004 0.1242469 0.1242469 0.0635999 0.0868272 0.1242469 0.0868272 0.1078004 0.1078004 0.0761212 0.1078004 0.1106729 9.0000000 0.0635999 0.0000010 0.0000010 0.0000000 
