35
Burramyidae_Burramys_parvus                  0.0000000 0.1207674 0.0937910 0.0982873 0.0775270 0.1071199 0.0674782 0.0796053 0.0780108 0.1447130 0.0861674 0.1063765 0.1059003 0.0803410 0.0998998 0.1089485 0.1046412 0.1066793 0.1446415 0.0951504 0.1075727 0.1335355 0.1185570 0.1020008 0.0769087 0.0943327 0.0659970 0.0860698 0.0970441 0.1204781 0.1187008 0.0815360 0.1499727 0.1048135 0.1469351 
Notoryctidae_Notoryctes_typhlops             0.1207674 0.0000000 0.0952218 0.1175090 0.1065495 0.0971525 0.0863013 0.0994786 0.1066852 0.1316433 0.1070711 0.0937491 0.0943334 0.1018527 0.1210899 0.0971679 0.0918681 0.0989198 0.1265394 0.1142910 0.1182442 0.1215499 0.1172959 0.0983355 0.1068973 0.0986484 0.0990697 0.1086609 0.1088794 0.1358371 0.1316583 0.1026452 0.1457613 0.0956340 0.1297149 
Vombatidae_Lasiorhinus_latifrons             0.0937910 0.0952218 0.0000000 0.0885784 0.0789433 0.0879695 0.0714521 0.0804323 0.0826493 0.1150641 0.0864011 0.0883715 0.0841772 0.0799621 0.0938264 0.0886754 0.0818357 0.0876939 0.1185611 0.0862228 0.0955517 0.1111632 0.1095940 0.0938951 0.0819411 0.0889856 0.0772669 0.0887727 0.0834707 0.1082918 0.1011138 0.0779274 0.1302862 0.0876605 0.1210512 
Potoroidae_Bettongia_penicillata             0.0982873 0.1175090 0.0885784 0.0000000 0.0172997 0.1012552 0.0836798 0.0876122 0.0289140 0.1267657 0.0907955 0.1028331 0.1011361 0.0887521 0.0903799 0.1042323 0.0964151 0.1029548 0.1296250 0.0167038 0.0916042 0.1257510 0.1177795 0.1091514 0.0650162 0.0955760 0.0738337 0.0384378 0.0762914 0.0894201 0.0936469 0.0881839 0.1245466 0.1028127 0.1368319 
Potoroidae_Bettongia_lesueur                 0.0775270 0.1065495 0.0789433 0.0172997 0.0000000 0.0898572 0.0668937 0.0813089 0.0113111 0.1251063 0.0848247 0.0914980 0.0908439 0.0822070 0.0938089 0.0914558 0.0870898 0.0941657 0.1267660 0.0312794 0.1058740 0.1245044 0.1186501 0.0847794 0.0405297 0.0800108 0.0667865 0.0263801 0.0894418 0.0978572 0.0916199 0.0815289 0.1233846 0.0902103 0.1309301 
Dasyuridae_Dasyurus_maculatus                0.1071199 0.0971525 0.0879695 0.1012552 0.0898572 0.0000000 0.0821565 0.0926290 0.0972115 0.1169837 0.0977420 0.0154467 0.0179101 0.0922766 0.1122770 0.0168044 0.0091454 0.0206629 0.1210896 0.1006063 0.1133414 0.1039970 0.1007188 0.0285229 0.0955789 0.0934210 0.0897505 0.1046501 0.0990816 0.1228848 0.1215311 0.0922910 0.1266845 0.0053361 0.1242935 
Phalangeridae_Trichosurus_vulpecula          0.0674782 0.0863013 0.0714521 0.0836798 0.0668937 0.0821565 0.0000000 0.0362312 0.0669210 0.1205292 0.0447741 0.0819217 0.0797367 0.0364063 0.0926440 0.0844846 0.0788302 0.0792356 0.1169180 0.0810974 0.0911902 0.1113882 0.1096093 0.0883192 0.0656090 0.0815515 0.0618037 0.0719834 0.0856103 0.1066708 0.1004453 0.0366772 0.1244385 0.0824430 0.1245528 
Phalangeridae_Spilocuscus_maculatus          0.0796053 0.0994786 0.0804323 0.0876122 0.0813089 0.0926290 0.0362312 0.0000000 0.0835036 0.1288321 0.0216073 0.0920834 0.0890672 0.0139295 0.0922787 0.0962531 0.0884624 0.0903204 0.1302995 0.0861720 0.0937382 0.1247280 0.1226082 0.1000391 0.0815959 0.0989276 0.0751450 0.0869825 0.0815136 0.1125377 0.1052616 0.0138882 0.1354924 0.0920506 0.1349316 
Potoroidae_Aepyprymnus_rufescens             0.0780108 0.1066852 0.0826493 0.0289140 0.0113111 0.0972115 0.0669210 0.0835036 0.0000000 0.1305265 0.0894888 0.0975821 0.0972004 0.0844948 0.0927649 0.1001069 0.0924858 0.0979879 0.1314604 0.0409813 0.1010971 0.1251215 0.1142182 0.0927367 0.0449610 0.0783633 0.0628067 0.0261764 0.0866208 0.1064771 0.1067741 0.0834696 0.1298180 0.0972268 0.1381861 
Peramelidae_Perameles_nasuta                 0.1447130 0.1316433 0.1150641 0.1267657 0.1251063 0.1169837 0.1205292 0.1288321 0.1305265 0.0000000 0.1389925 0.1178188 0.1121077 0.1314869 0.1357394 0.1214285 0.1105123 0.1176526 0.0163788 0.1220438 0.1332238 0.1395793 0.1394384 0.1310524 0.1310237 0.1229790 0.1176240 0.1349302 0.1244192 0.1447907 0.1492943 0.1307798 0.0218742 0.1126394 0.0035017 
Phalangeridae_Strigocuscus_pelengensis       0.0861674 0.1070711 0.0864011 0.0907955 0.0848247 0.0977420 0.0447741 0.0216073 0.0894888 0.1389925 0.0000000 0.0961344 0.0937764 0.0208847 0.0980740 0.1001912 0.0959804 0.0934477 0.1386741 0.0877143 0.0962109 0.1232897 0.1225872 0.1070243 0.0847674 0.1016527 0.0799760 0.0940394 0.0866210 0.1091505 0.1083621 0.0208274 0.1455693 0.0986987 0.1415618 
Dasyuridae_Phascogale_tapoatafa              0.1063765 0.0937491 0.0883715 0.1028331 0.0914980 0.0154467 0.0819217 0.0920834 0.0975821 0.1178188 0.0961344 0.0000000 0.0171667 0.0914970 0.1130079 0.0023593 0.0145169 0.0199247 0.1191171 0.1049440 0.1152862 0.1026693 0.1001469 0.0198548 0.0950573 0.0911659 0.0907233 0.1063595 0.1019754 0.1234865 0.1218930 0.0914198 0.1257751 0.0150639 0.1233581 
Dasyuridae_Sminthopsis_macroura              0.1059003 0.0943334 0.0841772 0.1011361 0.0908439 0.0179101 0.0797367 0.0890672 0.0972004 0.1121077 0.0937764 0.0171667 0.0000000 0.0887678 0.1083651 0.0182664 0.0151715 0.0120755 0.1137850 0.1008496 0.1107328 0.1009760 0.1004793 0.0303628 0.0945535 0.0927267 0.0852037 0.1055316 0.0976064 0.1196926 0.1170385 0.0877235 0.1202128 0.0174425 0.1184326 
Phalangeridae_Phalanger_orientalis           0.0803410 0.1018527 0.0799621 0.0887521 0.0822070 0.0922766 0.0364063 0.0139295 0.0844948 0.1314869 0.0208847 0.0914970 0.0887678 0.0000000 0.0941409 0.0930847 0.0888014 0.0884296 0.1319628 0.0866895 0.0963064 0.1218546 0.1220726 0.1008270 0.0801477 0.0979074 0.0774605 0.0896343 0.0874238 0.1095141 0.1049118 0.0039055 0.1401361 0.0930107 0.1365462 
Acrobatidae_Acrobates_pygmaeus               0.0998998 0.1210899 0.0938264 0.0903799 0.0938089 0.1122770 0.0926440 0.0922787 0.0927649 0.1357394 0.0980740 0.1130079 0.1083651 0.0941409 0.0000000 0.1167933 0.1065828 0.1078801 0.1401720 0.0852037 0.0824509 0.1261439 0.1198416 0.1169271 0.1007674 0.1070773 0.0786161 0.0971432 0.0729250 0.0980429 0.0673215 0.0909848 0.1421427 0.1111769 0.1426310 
Dasyuridae_Phascogale_calura                 0.1089485 0.0971679 0.0886754 0.1042323 0.0914558 0.0168044 0.0844846 0.0962531 0.1001069 0.1214285 0.1001912 0.0023593 0.0182664 0.0930847 0.1167933 0.0000000 0.0157144 0.0203534 0.1249823 0.1070935 0.1205084 0.1090615 0.1044188 0.0216245 0.0971442 0.0952868 0.0945365 0.1078593 0.1056191 0.1278013 0.1218748 0.0924834 0.1281124 0.0167814 0.1288195 
Dasyuridae_Sarcophilus_harrisii              0.1046412 0.0918681 0.0818357 0.0964151 0.0870898 0.0091454 0.0788302 0.0884624 0.0924858 0.1105123 0.0959804 0.0145169 0.0151715 0.0888014 0.1065828 0.0157144 0.0000000 0.0194589 0.1145194 0.0969020 0.1099249 0.0999677 0.1004490 0.0262568 0.0923919 0.0894174 0.0863518 0.0999023 0.0968336 0.1210873 0.1172774 0.0887254 0.1216514 0.0085908 0.1176105 
Dasyuridae_Planigale_tenuirostris            0.1066793 0.0989198 0.0876939 0.1029548 0.0941657 0.0206629 0.0792356 0.0903204 0.0979879 0.1176526 0.0934477 0.0199247 0.0120755 0.0884296 0.1078801 0.0203534 0.0194589 0.0000000 0.1165086 0.1015667 0.1129931 0.1068851 0.1040195 0.0341725 0.0981896 0.0946838 0.0883105 0.1065143 0.1000429 0.1220697 0.1178474 0.0878330 0.1221641 0.0209927 0.1232378 
Peramelidae_Echymipera_kalubu                0.1446415 0.1265394 0.1185611 0.1296250 0.1267660 0.1210896 0.1169180 0.1302995 0.1314604 0.0163788 0.1386741 0.1191171 0.1137850 0.1319628 0.1401720 0.1249823 0.1145194 0.1165086 0.0000000 0.1221528 0.1387839 0.1347919 0.1387610 0.1322833 0.1303589 0.1226093 0.1224339 0.1346637 0.1290678 0.1463469 0.1466976 0.1311304 0.0217738 0.1171534 0.0197874 
Macropodidae_Dorcopsulus_vanheurni           0.0951504 0.1142910 0.0862228 0.0167038 0.0312794 0.1006063 0.0810974 0.0861720 0.0409813 0.1220438 0.0877143 0.1049440 0.1008496 0.0866895 0.0852037 0.1070935 0.0969020 0.1015667 0.1221528 0.0000000 0.0833888 0.1212706 0.1132463 0.1115710 0.0625351 0.0961901 0.0709942 0.0336644 0.0738823 0.0875669 0.0895218 0.0850979 0.1211386 0.1032855 0.1301191 
Pseudochiridae_Pseudochirulus_forbesi        0.1075727 0.1182442 0.0955517 0.0916042 0.1058740 0.1133414 0.0911902 0.0937382 0.1010971 0.1332238 0.0962109 0.1152862 0.1107328 0.0963064 0.0824509 0.1205084 0.1099249 0.1129931 0.1387839 0.0833888 0.0000000 0.1337298 0.1260999 0.1210807 0.1006320 0.1108482 0.0608658 0.1034046 0.0317406 0.0861291 0.0874976 0.0941042 0.1341723 0.1154464 0.1410548 
Didelphidae_Didelphis_virginiana             0.1335355 0.1215499 0.1111632 0.1257510 0.1245044 0.1039970 0.1113882 0.1247280 0.1251215 0.1395793 0.1232897 0.1026693 0.1009760 0.1218546 0.1261439 0.1090615 0.0999677 0.1068851 0.1347919 0.1212706 0.1337298 0.0000000 0.0364298 0.1122584 0.1262527 0.1134016 0.1186846 0.1290552 0.1268383 0.1366019 0.1369540 0.1198980 0.1455316 0.1029270 0.1420684 
Marmosidae_Monodelphis_domestica             0.1185570 0.1172959 0.1095940 0.1177795 0.1186501 0.1007188 0.1096093 0.1226082 0.1142182 0.1394384 0.1225872 0.1001469 0.1004793 0.1220726 0.1198416 0.1044188 0.1004490 0.1040195 0.1387610 0.1132463 0.1260999 0.0364298 0.0000000 0.1078832 0.1273943 0.0995355 0.1071213 0.1195318 0.1171029 0.1336668 0.1317380 0.1202432 0.1433960 0.1000001 0.1461957 
Dasyuridae_Antechinus_stuartii               0.1020008 0.0983355 0.0938951 0.1091514 0.0847794 0.0285229 0.0883192 0.1000391 0.0927367 0.1310524 0.1070243 0.0198548 0.0303628 0.1008270 0.1169271 0.0216245 0.0262568 0.0341725 0.1322833 0.1115710 0.1210807 0.1122584 0.1078832 0.0000000 0.0969062 0.0885180 0.0903178 0.1057133 0.1060120 0.1292197 0.1312583 0.1002731 0.1362328 0.0272712 0.1361338 
Hypsiprymnodontidae_Hypsiprymnodon_moschatus 0.0769087 0.1068973 0.0819411 0.0650162 0.0405297 0.0955789 0.0656090 0.0815959 0.0449610 0.1310237 0.0847674 0.0950573 0.0945535 0.0801477 0.1007674 0.0971442 0.0923919 0.0981896 0.1303589 0.0625351 0.1006320 0.1262527 0.1273943 0.0969062 0.0000000 0.0868220 0.0631825 0.0507385 0.0895816 0.1150948 0.1113754 0.0798680 0.1335379 0.0955091 0.1355277 
Microbiotheriidae_Dromiciops_gliroides       0.0943327 0.0986484 0.0889856 0.0955760 0.0800108 0.0934210 0.0815515 0.0989276 0.0783633 0.1229790 0.1016527 0.0911659 0.0927267 0.0979074 0.1070773 0.0952868 0.0894174 0.0946838 0.1226093 0.0961901 0.1108482 0.1134016 0.0995355 0.0885180 0.0868220 0.0000000 0.0819863 0.0832000 0.0954193 0.1150780 0.1314455 0.0952742 0.1270518 0.0902314 0.1263848 
Pseudochiridae_Petauroides_volans            0.0659970 0.0990697 0.0772669 0.0738337 0.0667865 0.0897505 0.0618037 0.0751450 0.0628067 0.1176240 0.0799760 0.0907233 0.0852037 0.0774605 0.0786161 0.0945365 0.0863518 0.0883105 0.1224339 0.0709942 0.0608658 0.1186846 0.1071213 0.0903178 0.0631825 0.0819863 0.0000000 0.0701301 0.0504689 0.0801108 0.0783987 0.0768259 0.1149757 0.0883395 0.1249559 
Macropodidae_Wallabia_bicolor                0.0860698 0.1086609 0.0887727 0.0384378 0.0263801 0.1046501 0.0719834 0.0869825 0.0261764 0.1349302 0.0940394 0.1063595 0.1055316 0.0896343 0.0971432 0.1078593 0.0999023 0.1065143 0.1346637 0.0336644 0.1034046 0.1290552 0.1195318 0.1057133 0.0507385 0.0832000 0.0701301 0.0000000 0.0916450 0.1164442 0.1144647 0.0889256 0.1344437 0.1050466 0.1409412 
Pseudochiridae_Pseudocheirus_occidentalis    0.0970441 0.1088794 0.0834707 0.0762914 0.0894418 0.0990816 0.0856103 0.0815136 0.0866208 0.1244192 0.0866210 0.1019754 0.0976064 0.0874238 0.0729250 0.1056191 0.0968336 0.1000429 0.1290678 0.0738823 0.0317406 0.1268383 0.1171029 0.1060120 0.0895816 0.0954193 0.0504689 0.0916450 0.0000000 0.0746679 0.0749219 0.0842248 0.1274279 0.1013867 0.1344313 
Tarsipedidae_Tarsipes_rostratus              0.1204781 0.1358371 0.1082918 0.0894201 0.0978572 0.1228848 0.1066708 0.1125377 0.1064771 0.1447907 0.1091505 0.1234865 0.1196926 0.1095141 0.0980429 0.1278013 0.1210873 0.1220697 0.1463469 0.0875669 0.0861291 0.1366019 0.1336668 0.1292197 0.1150948 0.1150780 0.0801108 0.1164442 0.0746679 0.0000000 0.0926595 0.1072701 0.1411955 0.1212902 0.1509363 
Acrobatidae_Distoechurus_pennatus            0.1187008 0.1316583 0.1011138 0.0936469 0.0916199 0.1215311 0.1004453 0.1052616 0.1067741 0.1492943 0.1083621 0.1218930 0.1170385 0.1049118 0.0673215 0.1218748 0.1172774 0.1178474 0.1466976 0.0895218 0.0874976 0.1369540 0.1317380 0.1312583 0.1113754 0.1314455 0.0783987 0.1144647 0.0749219 0.0926595 0.0000000 0.1023720 0.1560262 0.1200732 0.1528903 
Phalangeridae_Phalanger_carmelitae           0.0815360 0.1026452 0.0779274 0.0881839 0.0815289 0.0922910 0.0366772 0.0138882 0.0834696 0.1307798 0.0208274 0.0914198 0.0877235 0.0039055 0.0909848 0.0924834 0.0887254 0.0878330 0.1311304 0.0850979 0.0941042 0.1198980 0.1202432 0.1002731 0.0798680 0.0952742 0.0768259 0.0889256 0.0842248 0.1072701 0.1023720 0.0000000 0.1392498 0.0929328 0.1363957 
Peramelidae_Peroryctes_raffrayana            0.1499727 0.1457613 0.1302862 0.1245466 0.1233846 0.1266845 0.1244385 0.1354924 0.1298180 0.0218742 0.1455693 0.1257751 0.1202128 0.1401361 0.1421427 0.1281124 0.1216514 0.1221641 0.0217738 0.1211386 0.1341723 0.1455316 0.1433960 0.1362328 0.1335379 0.1270518 0.1149757 0.1344437 0.1274279 0.1411955 0.1560262 0.1392498 0.0000000 0.1217587 0.0265499 
Dasyuridae_Dasyurus_geffroii                 0.1048135 0.0956340 0.0876605 0.1028127 0.0902103 0.0053361 0.0824430 0.0920506 0.0972268 0.1126394 0.0986987 0.0150639 0.0174425 0.0930107 0.1111769 0.0167814 0.0085908 0.0209927 0.1171534 0.1032855 0.1154464 0.1029270 0.1000001 0.0272712 0.0955091 0.0902314 0.0883395 0.1050466 0.1013867 0.1212902 0.1200732 0.0929328 0.1217587 0.0000000 0.1202684 
Peramelidae_Perameles_gunnii                 0.1469351 0.1297149 0.1210512 0.1368319 0.1309301 0.1242935 0.1245528 0.1349316 0.1381861 0.0035017 0.1415618 0.1233581 0.1184326 0.1365462 0.1426310 0.1288195 0.1176105 0.1232378 0.0197874 0.1301191 0.1410548 0.1420684 0.1461957 0.1361338 0.1355277 0.1263848 0.1249559 0.1409412 0.1344313 0.1509363 0.1528903 0.1363957 0.0265499 0.1202684 0.0000000 
