39
Burramyidae_Burramys_parvus                  0.0000000 0.2397224 0.1289856 0.2397224 0.0848577 0.1053888 0.0901308 0.1446738 0.0753434 0.0794199 0.0909043 0.1389253 0.0647963 0.1489545 0.1294467 0.0731616 0.0785257 0.1401837 0.1549032 0.1469084 0.1317428 0.0825714 0.0961483 0.1272844 0.1182739 0.1421458 0.1057593 0.1050800 0.0765659 0.0896092 0.1061357 0.1364945 0.0879248 0.0779310 0.1324037 0.1646341 0.1401621 0.2649662 0.2649662 
Thylacomyidae_Macrotis_lagotis1              0.2397224 0.0000000 0.3363884 0.0000010 0.2657692 0.3016709 0.3098452 0.2838150 0.2569960 0.2536008 0.3164133 0.2472651 0.2744935 0.2776474 0.3573551 0.2520629 0.2607818 0.2737708 0.2932696 0.3554259 0.2641516 0.2953461 0.2678382 0.2816548 0.2656427 0.2799897 0.2940498 0.3129046 0.2548268 0.2852417 0.2630048 0.2908583 0.2799989 0.2555076 0.2626809 0.2880719 0.2525930 9.0000000 9.0000000 
Notoryctidae_Notoryctes_typhlops             0.1289856 0.3363884 0.0000000 0.3363884 0.1277213 0.1720501 0.1494961 0.1901592 0.1179114 0.1385912 0.1476644 0.1700590 0.1428300 0.1911265 0.1682426 0.1359912 0.1334826 0.1862319 0.1946334 0.1889152 0.1645342 0.1396810 0.1333805 0.1471956 0.1439121 0.1856802 0.1601721 0.1367219 0.1309741 0.1431733 0.1680317 0.1860945 0.1439682 0.1378797 0.1581268 0.1952332 0.1687194 0.2880510 0.2880510 
Thylacomyidae_Macrotis_lagotis2              0.2397224 0.0000010 0.3363884 0.0000000 0.2657692 0.3016709 0.3098452 0.2838150 0.2569960 0.2536008 0.3164133 0.2472651 0.2744935 0.2776474 0.3573551 0.2520629 0.2607818 0.2737708 0.2932696 0.3554259 0.2641516 0.2953461 0.2678382 0.2816548 0.2656427 0.2799897 0.2940498 0.3129046 0.2548268 0.2852417 0.2630048 0.2908583 0.2799989 0.2555076 0.2626809 0.2880719 0.2525930 9.0000000 9.0000000 
Vombatidae_Lasiorhinus_latifrons             0.0848577 0.2657692 0.1277213 0.2657692 0.0000000 0.0993262 0.0835236 0.1276625 0.0716173 0.0860658 0.0813215 0.1241090 0.0833462 0.1375396 0.1257532 0.0792705 0.0716744 0.1253510 0.1375085 0.1312718 0.1193504 0.0772019 0.0814774 0.1244716 0.1137352 0.1271437 0.0976908 0.0994934 0.0732698 0.0805457 0.0951542 0.1400574 0.0794258 0.0805912 0.1186108 0.1446234 0.1246975 0.2737039 0.2737039 
Potoroidae_Bettongia_penicillata             0.1053888 0.3016709 0.1720501 0.3016709 0.0993262 0.0000000 0.0208198 0.1642776 0.1023792 0.0922992 0.0296597 0.1608762 0.0923779 0.1706724 0.1575152 0.1039723 0.0927697 0.1664918 0.1720380 0.1570204 0.1527638 0.0422707 0.0990549 0.1609113 0.1496964 0.1689897 0.0728091 0.1368004 0.0891821 0.0487726 0.0970393 0.1605230 0.1032139 0.1052616 0.1512423 0.1823598 0.1608510 0.2803074 0.2803074 
Potoroidae_Bettongia_lesueur                 0.0901308 0.3098452 0.1494961 0.3098452 0.0835236 0.0208198 0.0000000 0.1415020 0.0833035 0.0970964 0.0166944 0.1431572 0.0931370 0.1465941 0.1337228 0.0869721 0.0771960 0.1363749 0.1505172 0.1360923 0.1354533 0.0286277 0.0920095 0.1410132 0.1336173 0.1390528 0.0639647 0.1174360 0.0774605 0.0347803 0.0996213 0.1468566 0.0889838 0.0882073 0.1332813 0.1592442 0.1432448 0.2901716 0.2901716 
Dasyuridae_Dasyurus_maculatus                0.1446738 0.2838150 0.1901592 0.2838150 0.1276625 0.1642776 0.1415020 0.0000000 0.1257115 0.1400642 0.1366560 0.1640743 0.1240984 0.0371842 0.0420154 0.1265862 0.1338208 0.0224223 0.0197408 0.0378656 0.1538469 0.1357056 0.1316452 0.1392193 0.1434253 0.0265154 0.1574540 0.1188003 0.1364823 0.1367281 0.1399083 0.1891591 0.1266820 0.1334464 0.1638728 0.0243189 0.1647315 0.2047294 0.2047294 
Phalangeridae_Trichosurus_vulpecula          0.0753434 0.2569960 0.1179114 0.2569960 0.0716173 0.1023792 0.0833035 0.1257115 0.0000000 0.0361476 0.0816549 0.1164662 0.0243462 0.1228907 0.1119543 0.0313231 0.0630677 0.1245847 0.1274894 0.1378130 0.1118903 0.0769918 0.0818127 0.1280081 0.1027406 0.1265497 0.0953151 0.0955448 0.0720085 0.0840493 0.0887688 0.1268060 0.0797248 0.0330002 0.1156570 0.1311597 0.1166035 0.1932825 0.1932825 
Phalangeridae_Spilocuscus_maculatus          0.0794199 0.2536008 0.1385912 0.2536008 0.0860658 0.0922992 0.0970964 0.1400642 0.0361476 0.0000000 0.0963024 0.1340683 0.0229529 0.1345977 0.1277580 0.0375047 0.0766904 0.1371397 0.1390379 0.1491970 0.1296391 0.0899174 0.0933910 0.1462180 0.1152310 0.1408495 0.1041865 0.1103672 0.0790930 0.0978975 0.0877590 0.1303836 0.0893861 0.0401944 0.1306882 0.1461164 0.1341218 0.2104937 0.2104937 
Potoroidae_Aepyprymnus_rufescens             0.0909043 0.3164133 0.1476644 0.3164133 0.0813215 0.0296597 0.0166944 0.1366560 0.0816549 0.0963024 0.0000000 0.1412717 0.0923876 0.1454477 0.1337984 0.0841828 0.0750154 0.1356149 0.1450122 0.1359899 0.1341942 0.0255079 0.0865306 0.1347058 0.1308235 0.1350754 0.0623211 0.1124496 0.0765084 0.0345899 0.0960324 0.1403427 0.0853445 0.0849028 0.1330628 0.1557709 0.1418423 0.2785979 0.2785979 
Peramelidae_Perameles_nasuta                 0.1389253 0.2472651 0.1700590 0.2472651 0.1241090 0.1608762 0.1431572 0.1640743 0.1164662 0.1340683 0.1412717 0.0000000 0.1344602 0.1712839 0.1398808 0.1205007 0.1206190 0.1574809 0.1681711 0.1592078 0.0365498 0.1408583 0.1256756 0.1667439 0.1557681 0.1572772 0.1551234 0.1285286 0.1255539 0.1410834 0.1626392 0.1832264 0.1335609 0.1248359 0.0293414 0.1726967 0.0010627 0.3483049 0.3483049 
Phalangeridae_Strigocuscus_pelengensis       0.0647963 0.2744935 0.1428300 0.2744935 0.0833462 0.0923779 0.0931370 0.1240984 0.0243462 0.0229529 0.0923876 0.1344602 0.0000000 0.1366458 0.1306889 0.0190305 0.0725270 0.0942162 0.1391790 0.1047422 0.1356315 0.0903697 0.0769664 0.1315243 0.1345921 0.0969056 0.0871027 0.0947041 0.0705353 0.0950767 0.0774304 0.1107966 0.0794075 0.0240085 0.1356428 0.1533298 0.1352530 0.2816557 0.2816557 
Dasyuridae_Phascogale_tapoatafa              0.1489545 0.2776474 0.1911265 0.2776474 0.1375396 0.1706724 0.1465941 0.0371842 0.1228907 0.1345977 0.1454477 0.1712839 0.1366458 0.0000000 0.0491808 0.1368220 0.1381726 0.0045413 0.0419078 0.0384390 0.1667313 0.1421371 0.1303929 0.1495065 0.1511467 0.0155930 0.1643620 0.1317135 0.1384232 0.1473728 0.1443327 0.1908322 0.1350281 0.1427349 0.1670886 0.0480591 0.1716570 0.1840324 0.1840324 
Dasyuridae_Sminthopsis_macroura              0.1294467 0.3573551 0.1682426 0.3573551 0.1257532 0.1575152 0.1337228 0.0420154 0.1119543 0.1277580 0.1337984 0.1398808 0.1306889 0.0491808 0.0000000 0.1211957 0.1235472 0.0352609 0.0549676 0.0302829 0.1429189 0.1304305 0.1126089 0.1181054 0.1258772 0.0367724 0.1503072 0.1154555 0.1242988 0.1316582 0.1411926 0.1768666 0.1234625 0.1274635 0.1408434 0.0578023 0.1416379 0.2320954 0.2320954 
Phalangeridae_Phalanger_orientalis           0.0731616 0.2520629 0.1359912 0.2520629 0.0792705 0.1039723 0.0869721 0.1265862 0.0313231 0.0375047 0.0841828 0.1205007 0.0190305 0.1368220 0.1211957 0.0000000 0.0676715 0.1207404 0.1372217 0.1325540 0.1220489 0.0809334 0.0846286 0.1271143 0.1212958 0.1206316 0.0989913 0.0894299 0.0776951 0.0845459 0.0989953 0.1221757 0.0843335 0.0111203 0.1214903 0.1438355 0.1216630 0.2824704 0.2824704 
Acrobatidae_Acrobates_pygmaeus               0.0785257 0.2607818 0.1334826 0.2607818 0.0716744 0.0927697 0.0771960 0.1338208 0.0630677 0.0766904 0.0750154 0.1206190 0.0725270 0.1381726 0.1235472 0.0676715 0.0000000 0.1231652 0.1444495 0.1277599 0.1171223 0.0712630 0.0695878 0.1308267 0.1169723 0.1239913 0.0898286 0.1012049 0.0641180 0.0782044 0.0855255 0.1210309 0.0448646 0.0684730 0.1163772 0.1536511 0.1216173 0.2908756 0.2908756 
Dasyuridae_Phascogale_calura                 0.1401837 0.2737708 0.1862319 0.2737708 0.1253510 0.1664918 0.1363749 0.0224223 0.1245847 0.1371397 0.1356149 0.1574809 0.0942162 0.0045413 0.0352609 0.1207404 0.1231652 0.0000000 0.0246313 0.0359334 0.1536345 0.1318857 0.1338106 0.1553283 0.1374594 0.0140213 0.1549539 0.1117304 0.1305563 0.1374910 0.1079301 0.1892172 0.1168774 0.1271029 0.1561348 0.0320264 0.1581388 9.0000000 9.0000000 
Dasyuridae_Sarcophilus_harrisii              0.1549032 0.2932696 0.1946334 0.2932696 0.1375085 0.1720380 0.1505172 0.0197408 0.1274894 0.1390379 0.1450122 0.1681711 0.1391790 0.0419078 0.0549676 0.1372217 0.1444495 0.0246313 0.0000000 0.0402929 0.1692579 0.1460235 0.1322344 0.1464346 0.1533844 0.0281923 0.1662771 0.1312354 0.1459059 0.1502138 0.1463496 0.1886463 0.1366177 0.1441295 0.1703164 0.0237361 0.1686295 0.1955335 0.1955335 
Dasyuridae_Planigale_tenuirostris            0.1469084 0.3554259 0.1889152 0.3554259 0.1312718 0.1570204 0.1360923 0.0378656 0.1378130 0.1491970 0.1359899 0.1592078 0.1047422 0.0384390 0.0302829 0.1325540 0.1277599 0.0359334 0.0402929 0.0000000 0.1540056 0.1351690 0.1372442 0.1471668 0.1365722 0.0390797 0.1537113 0.1140208 0.1336900 0.1385669 0.1116355 0.1961651 0.1225661 0.1406085 0.1533131 0.0468878 0.1615645 9.0000000 9.0000000 
Peramelidae_Echymipera_kalubu                0.1317428 0.2641516 0.1645342 0.2641516 0.1193504 0.1527638 0.1354533 0.1538469 0.1118903 0.1296391 0.1341942 0.0365498 0.1356315 0.1667313 0.1429189 0.1220489 0.1171223 0.1536345 0.1692579 0.1540056 0.0000000 0.1324876 0.1175370 0.1584689 0.1524611 0.1549133 0.1457975 0.1281751 0.1173980 0.1330589 0.1540466 0.1797815 0.1237387 0.1237161 0.0278126 0.1731414 0.0373631 0.3570236 0.3570236 
Macropodidae_Dorcopsulus_vanheurni           0.0825714 0.2953461 0.1396810 0.2953461 0.0772019 0.0422707 0.0286277 0.1357056 0.0769918 0.0899174 0.0255079 0.1408583 0.0903697 0.1421371 0.1304305 0.0809334 0.0712630 0.1318857 0.1460235 0.1351690 0.1324876 0.0000000 0.0829661 0.1366647 0.1273129 0.1349516 0.0542234 0.1067114 0.0718679 0.0158646 0.0926613 0.1331296 0.0821596 0.0812571 0.1313154 0.1543832 0.1418229 0.2820452 0.2820452 
Pseudochiridae_Pseudochirulus_forbesi        0.0961483 0.2678382 0.1333805 0.2678382 0.0814774 0.0990549 0.0920095 0.1316452 0.0818127 0.0933910 0.0865306 0.1256756 0.0769664 0.1303929 0.1126089 0.0846286 0.0695878 0.1338106 0.1322344 0.1372442 0.1175370 0.0829661 0.0000000 0.1427446 0.1208683 0.1365375 0.0936068 0.1086500 0.0420016 0.0930204 0.0395209 0.1140090 0.0779618 0.0866073 0.1207550 0.1439505 0.1261722 0.2573910 0.2573910 
Didelphidae_Didelphis_virginiana             0.1272844 0.2816548 0.1471956 0.2816548 0.1244716 0.1609113 0.1410132 0.1392193 0.1280081 0.1462180 0.1347058 0.1667439 0.1315243 0.1495065 0.1181054 0.1271143 0.1308267 0.1553283 0.1464346 0.1471668 0.1584689 0.1366647 0.1427446 0.0000000 0.0684957 0.1568142 0.1589566 0.1348270 0.1368004 0.1369404 0.1522843 0.1933117 0.1456483 0.1328078 0.1635862 0.1550401 0.1669776 0.2882017 0.2882017 
Marmosidae_Monodelphis_domestica             0.1182739 0.2656427 0.1439121 0.2656427 0.1137352 0.1496964 0.1336173 0.1434253 0.1027406 0.1152310 0.1308235 0.1557681 0.1345921 0.1511467 0.1258772 0.1212958 0.1169723 0.1374594 0.1533844 0.1365722 0.1524611 0.1273129 0.1208683 0.0684957 0.0000000 0.1362654 0.1442919 0.1201776 0.1235506 0.1258633 0.1538417 0.1618591 0.1373461 0.1254997 0.1537730 0.1503549 0.1566296 0.3392668 0.3392668 
Dasyuridae_Antechinus_stuartii               0.1421458 0.2799897 0.1856802 0.2799897 0.1271437 0.1689897 0.1390528 0.0265154 0.1265497 0.1408495 0.1350754 0.1572772 0.0969056 0.0155930 0.0367724 0.1206316 0.1239913 0.0140213 0.0281923 0.0390797 0.1549133 0.1349516 0.1365375 0.1568142 0.1362654 0.0000000 0.1550629 0.1122568 0.1319481 0.1393713 0.1082665 0.1854174 0.1172735 0.1289769 0.1561043 0.0323043 0.1579901 9.0000000 9.0000000 
Hypsiprymnodontidae_Hypsiprymnodon_moschatus 0.1057593 0.2940498 0.1601721 0.2940498 0.0976908 0.0728091 0.0639647 0.1574540 0.0953151 0.1041865 0.0623211 0.1551234 0.0871027 0.1643620 0.1503072 0.0989913 0.0898286 0.1549539 0.1662771 0.1537113 0.1457975 0.0542234 0.0936068 0.1589566 0.1442919 0.1550629 0.0000000 0.1276966 0.0890887 0.0622363 0.0961522 0.1497245 0.0965305 0.1008211 0.1488269 0.1770982 0.1552144 0.2899270 0.2899270 
Microbiotheriidae_Dromiciops_gliroides       0.1050800 0.3129046 0.1367219 0.3129046 0.0994934 0.1368004 0.1174360 0.1188003 0.0955448 0.1103672 0.1124496 0.1285286 0.0947041 0.1317135 0.1154555 0.0894299 0.1012049 0.1117304 0.1312354 0.1140208 0.1281751 0.1067114 0.1086500 0.1348270 0.1201776 0.1122568 0.1276966 0.0000000 0.1010514 0.1047838 0.1107315 0.1546557 0.0980028 0.0962771 0.1247153 0.1343351 0.1294590 0.2987674 0.2987674 
Pseudochiridae_Petauroides_volans            0.0765659 0.2548268 0.1309741 0.2548268 0.0732698 0.0891821 0.0774605 0.1364823 0.0720085 0.0790930 0.0765084 0.1255539 0.0705353 0.1384232 0.1242988 0.0776951 0.0641180 0.1305563 0.1459059 0.1336900 0.1173980 0.0718679 0.0420016 0.1368004 0.1235506 0.1319481 0.0890887 0.1010514 0.0000000 0.0777843 0.0404958 0.1082090 0.0723215 0.0807681 0.1172392 0.1524728 0.1255473 0.2590686 0.2590686 
Macropodidae_Wallabia_bicolor                0.0896092 0.2852417 0.1431733 0.2852417 0.0805457 0.0487726 0.0347803 0.1367281 0.0840493 0.0978975 0.0345899 0.1410834 0.0950767 0.1473728 0.1316582 0.0845459 0.0782044 0.1374910 0.1502138 0.1385669 0.1330589 0.0158646 0.0930204 0.1369404 0.1258633 0.1393713 0.0622363 0.1047838 0.0777843 0.0000000 0.1044223 0.1390526 0.0876356 0.0885442 0.1344856 0.1559293 0.1416419 0.2909382 0.2909382 
Pseudochiridae_Pseudocheirus_occidentalis    0.1061357 0.2630048 0.1680317 0.2630048 0.0951542 0.0970393 0.0996213 0.1399083 0.0887688 0.0877590 0.0960324 0.1626392 0.0774304 0.1443327 0.1411926 0.0989953 0.0855255 0.1079301 0.1463496 0.1116355 0.1540466 0.0926613 0.0395209 0.1522843 0.1538417 0.1082665 0.0961522 0.1107315 0.0404958 0.1044223 0.0000000 0.1177419 0.0814375 0.1016097 0.1564548 0.1632365 0.1620614 0.2995552 0.2995552 
Tarsipedidae_Tarsipes_rostratus              0.1364945 0.2908583 0.1860945 0.2908583 0.1400574 0.1605230 0.1468566 0.1891591 0.1268060 0.1303836 0.1403427 0.1832264 0.1107966 0.1908322 0.1768666 0.1221757 0.1210309 0.1892172 0.1886463 0.1961651 0.1797815 0.1331296 0.1140090 0.1933117 0.1618591 0.1854174 0.1497245 0.1546557 0.1082090 0.1390526 0.1177419 0.0000000 0.1328385 0.1239679 0.1822980 0.1974911 0.1816418 0.3644663 0.3644663 
Acrobatidae_Distoechurus_pennatus            0.0879248 0.2799989 0.1439682 0.2799989 0.0794258 0.1032139 0.0889838 0.1266820 0.0797248 0.0893861 0.0853445 0.1335609 0.0794075 0.1350281 0.1234625 0.0843335 0.0448646 0.1168774 0.1366177 0.1225661 0.1237387 0.0821596 0.0779618 0.1456483 0.1373461 0.1172735 0.0965305 0.0980028 0.0723215 0.0876356 0.0814375 0.1328385 0.0000000 0.0869994 0.1285783 0.1467746 0.1341623 0.2905666 0.2905666 
Phalangeridae_Phalanger_carmelitae           0.0779310 0.2555076 0.1378797 0.2555076 0.0805912 0.1052616 0.0882073 0.1334464 0.0330002 0.0401944 0.0849028 0.1248359 0.0240085 0.1427349 0.1274635 0.0111203 0.0684730 0.1271029 0.1441295 0.1406085 0.1237161 0.0812571 0.0866073 0.1328078 0.1254997 0.1289769 0.1008211 0.0962771 0.0807681 0.0885442 0.1016097 0.1239679 0.0869994 0.0000000 0.1237460 0.1514272 0.1254240 0.2858179 0.2858179 
Peramelidae_Peroryctes_raffrayana            0.1324037 0.2626809 0.1581268 0.2626809 0.1186108 0.1512423 0.1332813 0.1638728 0.1156570 0.1306882 0.1330628 0.0293414 0.1356428 0.1670886 0.1408434 0.1214903 0.1163772 0.1561348 0.1703164 0.1533131 0.0278126 0.1313154 0.1207550 0.1635862 0.1537730 0.1561043 0.1488269 0.1247153 0.1172392 0.1344856 0.1564548 0.1822980 0.1285783 0.1237460 0.0000000 0.1721989 0.0301645 0.3314482 0.3314482 
Dasyuridae_Dasyurus_geffroii                 0.1646341 0.2880719 0.1952332 0.2880719 0.1446234 0.1823598 0.1592442 0.0243189 0.1311597 0.1461164 0.1557709 0.1726967 0.1533298 0.0480591 0.0578023 0.1438355 0.1536511 0.0320264 0.0237361 0.0468878 0.1731414 0.1543832 0.1439505 0.1550401 0.1503549 0.0323043 0.1770982 0.1343351 0.1524728 0.1559293 0.1632365 0.1974911 0.1467746 0.1514272 0.1721989 0.0000000 0.1739452 0.2154097 0.2154097 
Peramelidae_Perameles_gunnii                 0.1401621 0.2525930 0.1687194 0.2525930 0.1246975 0.1608510 0.1432448 0.1647315 0.1166035 0.1341218 0.1418423 0.0010627 0.1352530 0.1716570 0.1416379 0.1216630 0.1216173 0.1581388 0.1686295 0.1615645 0.0373631 0.1418229 0.1261722 0.1669776 0.1566296 0.1579901 0.1552144 0.1294590 0.1255473 0.1416419 0.1620614 0.1816418 0.1341623 0.1254240 0.0301645 0.1739452 0.0000000 0.3502263 0.3502263 
Myrmecobiidae_Myrmecobius_fasciatus1         0.2649662 9.0000000 0.2880510 9.0000000 0.2737039 0.2803074 0.2901716 0.2047294 0.1932825 0.2104937 0.2785979 0.3483049 0.2816557 0.1840324 0.2320954 0.2824704 0.2908756 9.0000000 0.1955335 9.0000000 0.3570236 0.2820452 0.2573910 0.2882017 0.3392668 9.0000000 0.2899270 0.2987674 0.2590686 0.2909382 0.2995552 0.3644663 0.2905666 0.2858179 0.3314482 0.2154097 0.3502263 0.0000000 0.0000010 
Myrmecobiidae_Myrmecobius_fasciatus2         0.2649662 9.0000000 0.2880510 9.0000000 0.2737039 0.2803074 0.2901716 0.2047294 0.1932825 0.2104937 0.2785979 0.3483049 0.2816557 0.1840324 0.2320954 0.2824704 0.2908756 9.0000000 0.1955335 9.0000000 0.3570236 0.2820452 0.2573910 0.2882017 0.3392668 9.0000000 0.2899270 0.2987674 0.2590686 0.2909382 0.2995552 0.3644663 0.2905666 0.2858179 0.3314482 0.2154097 0.3502263 0.0000010 0.0000000 
