35
Burramyidae_Burramys_parvus                  0.0000000 0.0758679 0.0416688 0.0467811 0.0473645 0.0868379 0.0402947 0.0420302 0.0478205 0.0824514 0.0392895 0.0877525 0.0664776 0.0446653 0.0272313 0.0884325 0.0861165 0.0594994 0.0750831 0.0482779 0.0522100 0.0630762 0.0554273 0.0882366 0.0404593 0.0555392 0.0443863 0.0482120 0.0572119 0.0561467 0.0427179 0.0517084 0.0811579 0.0877757 0.0809697 
Notoryctidae_Notoryctes_typhlops             0.0758679 0.0000000 0.0713244 0.0739452 0.0753880 0.1035191 0.0748339 0.0733215 0.0751914 0.0973636 0.0683002 0.1070925 0.0878643 0.0839413 0.0537681 0.1070757 0.1012489 0.0840210 0.0875498 0.0842389 0.0905980 0.0795903 0.0690838 0.1067827 0.0770760 0.0682272 0.0781131 0.0806374 0.0958390 0.0807544 0.0813841 0.0872044 0.0944462 0.1033869 0.0990597 
Vombatidae_Lasiorhinus_latifrons             0.0416688 0.0713244 0.0000000 0.0499891 0.0521538 0.0829654 0.0377898 0.0393693 0.0510139 0.0772963 0.0392934 0.0863760 0.0703788 0.0458006 0.0327623 0.0852313 0.0810699 0.0591562 0.0723274 0.0507639 0.0561842 0.0857115 0.0697614 0.0848569 0.0459731 0.0619834 0.0464704 0.0529245 0.0581528 0.0462930 0.0516468 0.0477778 0.0767397 0.0806371 0.0782391 
Potoroidae_Bettongia_penicillata             0.0467811 0.0739452 0.0499891 0.0000000 0.0010538 0.0867474 0.0499896 0.0508446 0.0034916 0.0805942 0.0470930 0.0866291 0.0742676 0.0563995 0.0286926 0.0861781 0.0860730 0.0663161 0.0704118 0.0103593 0.0539191 0.0929438 0.0857250 0.0863952 0.0180187 0.0680562 0.0490577 0.0115958 0.0548739 0.0644704 0.0491746 0.0559340 0.0800350 0.0867817 0.0813748 
Potoroidae_Bettongia_lesueur                 0.0473645 0.0753880 0.0521538 0.0010538 0.0000000 0.0893981 0.0527902 0.0538247 0.0037886 0.0839324 0.0497769 0.0885340 0.0754825 0.0594599 0.0286604 0.0880852 0.0892678 0.0682343 0.0722316 0.0120443 0.0586457 0.0926177 0.0865540 0.0883136 0.0202718 0.0680118 0.0513836 0.0128025 0.0579082 0.0671011 0.0519770 0.0589972 0.0825601 0.0894191 0.0845340 
Dasyuridae_Dasyurus_maculatus                0.0868379 0.1035191 0.0829654 0.0867474 0.0893981 0.0000000 0.0860606 0.0816273 0.0913387 0.0962587 0.0865352 0.0072255 0.0204720 0.0915962 0.0492884 0.0072311 0.0023068 0.0167520 0.0900157 0.0937174 0.0958748 0.1029929 0.0892935 0.0070918 0.0932896 0.0723116 0.0941657 0.0983916 0.1052169 0.0848526 0.0895989 0.0927852 0.0977347 0.0014258 0.0982170 
Phalangeridae_Trichosurus_vulpecula          0.0402947 0.0748339 0.0377898 0.0499896 0.0527902 0.0860606 0.0000000 0.0111454 0.0527759 0.0790893 0.0112033 0.0884503 0.0737056 0.0151219 0.0273411 0.0886641 0.0858019 0.0703962 0.0732917 0.0469087 0.0530670 0.0862290 0.0780646 0.0880655 0.0475747 0.0609160 0.0473752 0.0502769 0.0576283 0.0526192 0.0515150 0.0162442 0.0776782 0.0860471 0.0784718 
Phalangeridae_Spilocuscus_maculatus          0.0420302 0.0733215 0.0393693 0.0508446 0.0538247 0.0816273 0.0111454 0.0000000 0.0543866 0.0795678 0.0041420 0.0846757 0.0712030 0.0084182 0.0261100 0.0853180 0.0832595 0.0660961 0.0694454 0.0486972 0.0518868 0.0610809 0.0480690 0.0842990 0.0480686 0.0589143 0.0485036 0.0492513 0.0568277 0.0551583 0.0493693 0.0102338 0.0760771 0.0842709 0.0789041 
Potoroidae_Aepyprymnus_rufescens             0.0478205 0.0751914 0.0510139 0.0034916 0.0037886 0.0913387 0.0527759 0.0543866 0.0000000 0.0845271 0.0516669 0.0891489 0.0767860 0.0638097 0.0284933 0.0886976 0.0905569 0.0674650 0.0727934 0.0127033 0.0585688 0.0937181 0.0905438 0.0889313 0.0205527 0.0706768 0.0509861 0.0125547 0.0602012 0.0655413 0.0484992 0.0602389 0.0830649 0.0913500 0.0851114 
Peramelidae_Perameles_nasuta                 0.0824514 0.0973636 0.0772963 0.0805942 0.0839324 0.0962587 0.0790893 0.0795678 0.0845271 0.0000000 0.0758937 0.0990390 0.0964042 0.0827593 0.0504733 0.0999463 0.0984768 0.0884634 0.0093393 0.0919325 0.0858318 0.0908776 0.0858759 0.0988214 0.0783742 0.0684195 0.0789765 0.0905480 0.0933792 0.0727694 0.0854933 0.0859401 0.0062709 0.1006182 0.0003111 
Phalangeridae_Strigocuscus_pelengensis       0.0392895 0.0683002 0.0392934 0.0470930 0.0497769 0.0865352 0.0112033 0.0041420 0.0516669 0.0758937 0.0000000 0.0888223 0.0684357 0.0063910 0.0196410 0.0888078 0.0853999 0.0594746 0.0698227 0.0486136 0.0494787 0.0536326 0.0399181 0.0877823 0.0440324 0.0512077 0.0401271 0.0507493 0.0512470 0.0515319 0.0433698 0.0087832 0.0747365 0.0880900 0.0768576 
Dasyuridae_Phascogale_tapoatafa              0.0877525 0.1070925 0.0863760 0.0866291 0.0885340 0.0072255 0.0884503 0.0846757 0.0891489 0.0990390 0.0888223 0.0000000 0.0211512 0.0934194 0.0532741 0.0015405 0.0078564 0.0183820 0.0895453 0.0941910 0.1024876 0.1080047 0.1002156 0.0037604 0.0932441 0.0830445 0.0965705 0.0977332 0.1121699 0.0902696 0.0908272 0.0952673 0.0979647 0.0069818 0.1011390 
Dasyuridae_Sminthopsis_macroura              0.0664776 0.0878643 0.0703788 0.0742676 0.0754825 0.0204720 0.0737056 0.0712030 0.0767860 0.0964042 0.0684357 0.0211512 0.0000000 0.0800131 0.0550794 0.0211818 0.0191085 0.0046282 0.0878324 0.0777330 0.0858727 0.1053712 0.0928862 0.0218737 0.0777755 0.0774493 0.0807537 0.0835948 0.0951111 0.0847690 0.0773790 0.0783098 0.0955255 0.0187434 0.0986584 
Phalangeridae_Phalanger_orientalis           0.0446653 0.0839413 0.0458006 0.0563995 0.0594599 0.0915962 0.0151219 0.0084182 0.0638097 0.0827593 0.0063910 0.0934194 0.0800131 0.0000000 0.0369389 0.0927393 0.0925134 0.0715455 0.0743103 0.0532499 0.0595050 0.0657321 0.0561919 0.0930918 0.0531135 0.0642041 0.0560664 0.0555988 0.0596850 0.0641709 0.0581939 0.0051329 0.0818838 0.0942519 0.0819582 
Acrobatidae_Acrobates_pygmaeus               0.0272313 0.0537681 0.0327623 0.0286926 0.0286604 0.0492884 0.0273411 0.0261100 0.0284933 0.0504733 0.0196410 0.0532741 0.0550794 0.0369389 0.0000000 0.0559933 0.0542955 0.0477189 0.0456803 0.0310410 0.0249229 0.0818505 0.0765792 0.0540618 0.0324871 0.0621355 0.0201842 0.0365229 0.0346798 0.0366380 0.0111345 0.0310861 0.0449179 0.0500027 0.0513934 
Dasyuridae_Phascogale_calura                 0.0884325 0.1070757 0.0852313 0.0861781 0.0880852 0.0072311 0.0886641 0.0853180 0.0886976 0.0999463 0.0888078 0.0015405 0.0211818 0.0927393 0.0559933 0.0000000 0.0078627 0.0179843 0.0922920 0.0924505 0.1027435 0.1080089 0.0983196 0.0033054 0.0927951 0.0794062 0.0981314 0.0959758 0.1124575 0.0898163 0.0907035 0.0959256 0.1014640 0.0069871 0.1026686 
Dasyuridae_Sarcophilus_harrisii              0.0861165 0.1012489 0.0810699 0.0860730 0.0892678 0.0023068 0.0858019 0.0832595 0.0905569 0.0984768 0.0853999 0.0078564 0.0191085 0.0925134 0.0542955 0.0078627 0.0000000 0.0171291 0.0936192 0.0922323 0.0989068 0.1072231 0.0955751 0.0072752 0.0937650 0.0778529 0.0966362 0.0970731 0.1094254 0.0867707 0.0941206 0.0930115 0.0994100 0.0016644 0.1005979 
Dasyuridae_Planigale_tenuirostris            0.0594994 0.0840210 0.0591562 0.0663161 0.0682343 0.0167520 0.0703962 0.0660961 0.0674650 0.0884634 0.0594746 0.0183820 0.0046282 0.0715455 0.0477189 0.0179843 0.0171291 0.0000000 0.0811288 0.0744543 0.0800786 0.0989692 0.0859747 0.0183715 0.0696271 0.0642376 0.0771116 0.0780142 0.0827188 0.0820124 0.0706814 0.0718294 0.0930970 0.0167119 0.0914152 
Peramelidae_Echymipera_kalubu                0.0750831 0.0875498 0.0723274 0.0704118 0.0722316 0.0900157 0.0732917 0.0694454 0.0727934 0.0093393 0.0698227 0.0895453 0.0878324 0.0743103 0.0456803 0.0922920 0.0936192 0.0811288 0.0000000 0.0798012 0.0809891 0.0947701 0.0868585 0.0899694 0.0694966 0.0723510 0.0742240 0.0797738 0.0862365 0.0702863 0.0766609 0.0745567 0.0085894 0.0932365 0.0088260 
Macropodidae_Dorcopsulus_vanheurni           0.0482779 0.0842389 0.0507639 0.0103593 0.0120443 0.0937174 0.0469087 0.0486972 0.0127033 0.0919325 0.0486136 0.0941910 0.0777330 0.0532499 0.0310410 0.0924505 0.0922323 0.0744543 0.0798012 0.0000000 0.0579974 0.1008195 0.0906583 0.0925890 0.0200401 0.0716441 0.0532618 0.0066000 0.0601495 0.0668679 0.0537022 0.0578663 0.0891537 0.0926623 0.0924578 
Pseudochiridae_Pseudochirulus_forbesi        0.0522100 0.0905980 0.0561842 0.0539191 0.0586457 0.0958748 0.0530670 0.0518868 0.0585688 0.0858318 0.0494787 0.1024876 0.0858727 0.0595050 0.0249229 0.1027435 0.0989068 0.0800786 0.0809891 0.0579974 0.0000000 0.1003765 0.0866106 0.1038393 0.0531196 0.0702706 0.0197790 0.0608274 0.0104025 0.0437274 0.0470085 0.0598706 0.0842703 0.0984282 0.0869481 
Didelphidae_Didelphis_virginiana             0.0630762 0.0795903 0.0857115 0.0929438 0.0926177 0.1029929 0.0862290 0.0610809 0.0937181 0.0908776 0.0536326 0.1080047 0.1053712 0.0657321 0.0818505 0.1080089 0.1072231 0.0989692 0.0947701 0.1008195 0.1003765 0.0000000 0.0121978 0.1054840 0.0902390 0.0998698 0.0975751 0.1012688 0.1100515 0.1115124 0.0891051 0.0673364 0.0927179 0.1049472 0.0937028 
Marmosidae_Monodelphis_domestica             0.0554273 0.0690838 0.0697614 0.0857250 0.0865540 0.0892935 0.0780646 0.0480690 0.0905438 0.0858759 0.0399181 0.1002156 0.0928862 0.0561919 0.0765792 0.0983196 0.0955751 0.0859747 0.0868585 0.0906583 0.0866106 0.0121978 0.0000000 0.0958941 0.0808867 0.1001925 0.0833211 0.1011426 0.0993359 0.0940776 0.0839049 0.0510044 0.0855070 0.0926790 0.0878510 
Dasyuridae_Antechinus_stuartii               0.0882366 0.1067827 0.0848569 0.0863952 0.0883136 0.0070918 0.0880655 0.0842990 0.0889313 0.0988214 0.0877823 0.0037604 0.0218737 0.0930918 0.0540618 0.0033054 0.0072752 0.0183715 0.0899694 0.0925890 0.1038393 0.1054840 0.0958941 0.0000000 0.0937195 0.0807803 0.0968352 0.0975751 0.1123204 0.0905813 0.0932179 0.0963025 0.0982604 0.0068495 0.1002255 
Hypsiprymnodontidae_Hypsiprymnodon_moschatus 0.0404593 0.0770760 0.0459731 0.0180187 0.0202718 0.0932896 0.0475747 0.0480686 0.0205527 0.0783742 0.0440324 0.0932441 0.0777755 0.0531135 0.0324871 0.0927951 0.0937650 0.0696271 0.0694966 0.0200401 0.0531196 0.0902390 0.0808867 0.0937195 0.0000000 0.0716099 0.0482880 0.0201620 0.0583278 0.0620306 0.0533125 0.0540156 0.0787936 0.0932823 0.0792032 
Microbiotheriidae_Dromiciops_gliroides       0.0555392 0.0682272 0.0619834 0.0680562 0.0680118 0.0723116 0.0609160 0.0589143 0.0706768 0.0684195 0.0512077 0.0830445 0.0774493 0.0642041 0.0621355 0.0794062 0.0778529 0.0642376 0.0723510 0.0716441 0.0702706 0.0998698 0.1001925 0.0807803 0.0716099 0.0000000 0.0580547 0.0730408 0.0756326 0.0797674 0.0650090 0.0681549 0.0747670 0.0744491 0.0723838 
Pseudochiridae_Petauroides_volans            0.0443863 0.0781131 0.0464704 0.0490577 0.0513836 0.0941657 0.0473752 0.0485036 0.0509861 0.0789765 0.0401271 0.0965705 0.0807537 0.0560664 0.0201842 0.0981314 0.0966362 0.0771116 0.0742240 0.0532618 0.0197790 0.0975751 0.0833211 0.0968352 0.0482880 0.0580547 0.0000000 0.0528972 0.0230404 0.0419713 0.0406218 0.0550784 0.0748081 0.0968054 0.0789888 
Macropodidae_Wallabia_bicolor                0.0482120 0.0806374 0.0529245 0.0115958 0.0128025 0.0983916 0.0502769 0.0492513 0.0125547 0.0905480 0.0507493 0.0977332 0.0835948 0.0555988 0.0365229 0.0959758 0.0970731 0.0780142 0.0797738 0.0066000 0.0608274 0.1012688 0.1011426 0.0975751 0.0201620 0.0730408 0.0528972 0.0000000 0.0629776 0.0704859 0.0532912 0.0590032 0.0897865 0.0968465 0.0918506 
Pseudochiridae_Pseudocheirus_occidentalis    0.0572119 0.0958390 0.0581528 0.0548739 0.0579082 0.1052169 0.0576283 0.0568277 0.0602012 0.0933792 0.0512470 0.1121699 0.0951111 0.0596850 0.0346798 0.1124575 0.1094254 0.0827188 0.0862365 0.0601495 0.0104025 0.1100515 0.0993359 0.1123204 0.0583278 0.0756326 0.0230404 0.0629776 0.0000000 0.0518960 0.0494801 0.0652539 0.0897326 0.1087743 0.0945576 
Tarsipedidae_Tarsipes_rostratus              0.0561467 0.0807544 0.0462930 0.0644704 0.0671011 0.0848526 0.0526192 0.0551583 0.0655413 0.0727694 0.0515319 0.0902696 0.0847690 0.0641709 0.0366380 0.0898163 0.0867707 0.0820124 0.0702863 0.0668679 0.0437274 0.1115124 0.0940776 0.0905813 0.0620306 0.0797674 0.0419713 0.0704859 0.0518960 0.0000000 0.0509441 0.0646270 0.0721293 0.0836686 0.0745168 
Acrobatidae_Distoechurus_pennatus            0.0427179 0.0813841 0.0516468 0.0491746 0.0519770 0.0895989 0.0515150 0.0493693 0.0484992 0.0854933 0.0433698 0.0908272 0.0773790 0.0581939 0.0111345 0.0907035 0.0941206 0.0706814 0.0766609 0.0537022 0.0470085 0.0891051 0.0839049 0.0932179 0.0533125 0.0650090 0.0406218 0.0532912 0.0494801 0.0509441 0.0000000 0.0577378 0.0845387 0.0923646 0.0846166 
Phalangeridae_Phalanger_carmelitae           0.0517084 0.0872044 0.0477778 0.0559340 0.0589972 0.0927852 0.0162442 0.0102338 0.0602389 0.0859401 0.0087832 0.0952673 0.0783098 0.0051329 0.0310861 0.0959256 0.0930115 0.0718294 0.0745567 0.0578663 0.0598706 0.0673364 0.0510044 0.0963025 0.0540156 0.0681549 0.0550784 0.0590032 0.0652539 0.0646270 0.0577378 0.0000000 0.0842245 0.0947628 0.0850003 
Peramelidae_Peroryctes_raffrayana            0.0811579 0.0944462 0.0767397 0.0800350 0.0825601 0.0977347 0.0776782 0.0760771 0.0830649 0.0062709 0.0747365 0.0979647 0.0955255 0.0818838 0.0449179 0.1014640 0.0994100 0.0930970 0.0085894 0.0891537 0.0842703 0.0927179 0.0855070 0.0982604 0.0787936 0.0747670 0.0748081 0.0897865 0.0897326 0.0721293 0.0845387 0.0842245 0.0000000 0.1016561 0.0061259 
Dasyuridae_Dasyurus_geffroii                 0.0877757 0.1033869 0.0806371 0.0867817 0.0894191 0.0014258 0.0860471 0.0842709 0.0913500 0.1006182 0.0880900 0.0069818 0.0187434 0.0942519 0.0500027 0.0069871 0.0016644 0.0167119 0.0932365 0.0926623 0.0984282 0.1049472 0.0926790 0.0068495 0.0932823 0.0744491 0.0968054 0.0968465 0.1087743 0.0836686 0.0923646 0.0947628 0.1016561 0.0000000 0.1021740 
Peramelidae_Perameles_gunnii                 0.0809697 0.0990597 0.0782391 0.0813748 0.0845340 0.0982170 0.0784718 0.0789041 0.0851114 0.0003111 0.0768576 0.1011390 0.0986584 0.0819582 0.0513934 0.1026686 0.1005979 0.0914152 0.0088260 0.0924578 0.0869481 0.0937028 0.0878510 0.1002255 0.0792032 0.0723838 0.0789888 0.0918506 0.0945576 0.0745168 0.0846166 0.0850003 0.0061259 0.1021740 0.0000000 
