37
Burramyidae_Burramys_parvus                  0.0000000 0.0828052 0.0604725 0.0681069 0.0670625 0.1126922 0.0448758 0.0574678 0.0710603 0.1292536 0.0626848 0.1020473 0.0986730 0.0525070 0.0681361 0.1231673 0.1127488 0.0860968 0.1041960 0.0619074 0.0721380 0.1327569 0.1418637 0.1072611 0.0623073 0.0674698 0.0550620 0.0627442 0.0692994 0.0864961 0.0642710 0.0547357 0.1208336 0.1180996 0.1072082 0.2952962 0.2952962 
Notoryctidae_Notoryctes_typhlops             0.0828052 0.0000000 0.0818647 0.1028169 0.1011616 0.1113934 0.0813847 0.0960249 0.1045835 0.1304083 0.0978610 0.1111631 0.0994793 0.0884928 0.1035796 0.1210125 0.1144459 0.0824667 0.1087754 0.0939731 0.1095278 0.1389408 0.1504099 0.1071741 0.0933660 0.0713060 0.0849558 0.0916653 0.0997670 0.1165797 0.1013334 0.0933279 0.1282497 0.1197523 0.1093902 0.2313117 0.2313117 
Vombatidae_Lasiorhinus_latifrons             0.0604725 0.0818647 0.0000000 0.0769191 0.0742421 0.1059691 0.0615095 0.0711987 0.0785595 0.1127499 0.0728310 0.1008019 0.0913985 0.0668272 0.0785139 0.1190161 0.1074385 0.0828527 0.0958153 0.0695155 0.0810429 0.1271487 0.1445374 0.1044640 0.0701743 0.0588121 0.0647474 0.0692643 0.0823084 0.0961693 0.0728383 0.0681986 0.1098938 0.1062705 0.0919036 0.2061407 0.2061407 
Potoroidae_Bettongia_penicillata             0.0681069 0.1028169 0.0769191 0.0000000 0.0044674 0.1249757 0.0731031 0.0905531 0.0141000 0.1599864 0.0882967 0.1267572 0.1029874 0.0777729 0.0841390 0.1400422 0.1290553 0.0871249 0.1356675 0.0224661 0.0949981 0.1259071 0.1465216 0.1121663 0.0394248 0.0743543 0.0731361 0.0215878 0.0934910 0.1077543 0.0834290 0.0809655 0.1496055 0.1300420 0.1345154 0.2802944 0.2802944 
Potoroidae_Bettongia_lesueur                 0.0670625 0.1011616 0.0742421 0.0044674 0.0000000 0.1251916 0.0731722 0.0885345 0.0128117 0.1569849 0.0857862 0.1279424 0.1017720 0.0755796 0.0834684 0.1400913 0.1282933 0.0852032 0.1314214 0.0219682 0.0946444 0.1174689 0.1404677 0.1118936 0.0383944 0.0753142 0.0719133 0.0218212 0.0934696 0.1045171 0.0840996 0.0787209 0.1477066 0.1301393 0.1293333 0.2802944 0.2802944 
Dasyuridae_Dasyurus_maculatus                0.1126922 0.1113934 0.1059691 0.1249757 0.1251916 0.0000000 0.1172646 0.1408389 0.1319545 0.1708823 0.1365719 0.0164487 0.0179036 0.1262200 0.1392732 0.0177738 0.0073341 0.0129327 0.1464660 0.1185960 0.1406244 0.1400189 0.1835347 0.0149098 0.1157466 0.1033098 0.1170723 0.1175218 0.1419439 0.1593736 0.1279191 0.1280411 0.1678782 0.0079340 0.1427436 0.0592781 0.0592781 
Phalangeridae_Trichosurus_vulpecula          0.0448758 0.0813847 0.0615095 0.0731031 0.0731722 0.1172646 0.0000000 0.0263186 0.0726936 0.1299584 0.0295425 0.1090514 0.1009953 0.0245384 0.0715773 0.1266698 0.1204816 0.0799651 0.1057986 0.0652982 0.0756514 0.1073716 0.1167672 0.1064799 0.0648551 0.0731778 0.0577281 0.0645347 0.0729511 0.0903633 0.0695243 0.0259144 0.1194939 0.1258897 0.1059391 0.2887614 0.2887614 
Phalangeridae_Spilocuscus_maculatus          0.0574678 0.0960249 0.0711987 0.0905531 0.0885345 0.1408389 0.0263186 0.0000000 0.0884836 0.1321736 0.0202545 0.1389003 0.1121518 0.0129631 0.0937950 0.1622030 0.1440407 0.0978287 0.1282986 0.0748990 0.1003315 0.1621522 0.1624863 0.1316394 0.0787760 0.0971975 0.0739999 0.0779321 0.0829305 0.1141001 0.0886496 0.0133359 0.1301974 0.1513912 0.1282667 0.2530220 0.2530220 
Potoroidae_Aepyprymnus_rufescens             0.0710603 0.1045835 0.0785595 0.0141000 0.0128117 0.1319545 0.0726936 0.0884836 0.0000000 0.1661591 0.0883549 0.1327657 0.1045242 0.0780767 0.0872543 0.1477567 0.1380383 0.0924838 0.1400956 0.0227506 0.0949399 0.1290378 0.1450534 0.1183363 0.0405694 0.0796063 0.0761886 0.0225624 0.0917112 0.1088931 0.0872534 0.0797211 0.1568690 0.1398336 0.1391493 0.2951122 0.2951122 
Peramelidae_Perameles_nasuta                 0.1292536 0.1304083 0.1127499 0.1599864 0.1569849 0.1708823 0.1299584 0.1321736 0.1661591 0.0000000 0.1420666 0.1716384 0.1604574 0.1362610 0.1644600 0.1909715 0.1749155 0.1525891 0.0220217 0.1505154 0.1685448 0.1749401 0.1989966 0.1737071 0.1602818 0.1245174 0.1381802 0.1478706 0.1400515 0.1711628 0.1562882 0.1380085 0.0279820 0.1750370 0.0023171 0.2430622 0.2430622 
Phalangeridae_Strigocuscus_pelengensis       0.0626848 0.0978610 0.0728310 0.0882967 0.0857862 0.1365719 0.0295425 0.0202545 0.0883549 0.1420666 0.0000000 0.1269336 0.1104130 0.0161152 0.0814278 0.1501718 0.1354015 0.0884199 0.1128115 0.0781643 0.0902582 0.1327179 0.1492536 0.1186866 0.0810950 0.0916401 0.0729676 0.0784069 0.0882266 0.1026490 0.0826866 0.0178064 0.1367149 0.1394314 0.1141802 0.3162415 0.3162415 
Dasyuridae_Phascogale_tapoatafa              0.1020473 0.1111631 0.1008019 0.1267572 0.1279424 0.0164487 0.1090514 0.1389003 0.1327657 0.1716384 0.1269336 0.0000000 0.0174897 0.1225898 0.1238470 0.0034176 0.0145758 0.0137777 0.1476639 0.1129168 0.1197394 0.1318363 0.1624151 0.0046896 0.1152198 0.1040160 0.1117887 0.1149929 0.1358074 0.1574385 0.1127696 0.1230748 0.1682495 0.0167229 0.1460564 9.0000000 9.0000000 
Dasyuridae_Sminthopsis_macroura              0.0986730 0.0994793 0.0913985 0.1029874 0.1017720 0.0179036 0.1009953 0.1121518 0.1045242 0.1604574 0.1104130 0.0174897 0.0000000 0.0977103 0.1253728 0.0236319 0.0179497 0.0129731 0.1292289 0.0939995 0.1168330 0.1524770 0.1910591 0.0258767 0.0887783 0.0931264 0.0921641 0.0933603 0.1075956 0.1459610 0.1113816 0.0995345 0.1513973 0.0178816 0.1294075 0.0704352 0.0704352 
Phalangeridae_Phalanger_orientalis           0.0525070 0.0884928 0.0668272 0.0777729 0.0755796 0.1262200 0.0245384 0.0129631 0.0780767 0.1362610 0.0161152 0.1225898 0.0977103 0.0000000 0.0792516 0.1384732 0.1251308 0.0835007 0.1109044 0.0672937 0.0854240 0.1212930 0.1352883 0.1107784 0.0715450 0.0831626 0.0629722 0.0698952 0.0840055 0.0949886 0.0784088 0.0055991 0.1308011 0.1318032 0.1137062 0.2550598 0.2550598 
Acrobatidae_Acrobates_pygmaeus               0.0681361 0.1035796 0.0785139 0.0841390 0.0834684 0.1392732 0.0715773 0.0937950 0.0872543 0.1644600 0.0814278 0.1238470 0.1253728 0.0792516 0.0000000 0.1461939 0.1415504 0.1037648 0.1259701 0.0845247 0.0781300 0.1671695 0.1647279 0.1280813 0.0784614 0.0815266 0.0593995 0.0817865 0.0814640 0.0847740 0.0422595 0.0821113 0.1564668 0.1399680 0.1317878 0.2866764 0.2866764 
Dasyuridae_Phascogale_calura                 0.1231673 0.1210125 0.1190161 0.1400422 0.1400913 0.0177738 0.1266698 0.1622030 0.1477567 0.1909715 0.1501718 0.0034176 0.0236319 0.1384732 0.1461939 0.0000000 0.0181964 0.0148615 0.1574354 0.1308805 0.1535413 0.1412224 0.1812800 0.0056689 0.1290180 0.1194368 0.1273593 0.1300009 0.1591240 0.1705531 0.1356424 0.1418607 0.1877072 0.0185130 0.1588278 0.0721859 0.0721859 
Dasyuridae_Sarcophilus_harrisii              0.1127488 0.1144459 0.1074385 0.1290553 0.1282933 0.0073341 0.1204816 0.1440407 0.1380383 0.1749155 0.1354015 0.0145758 0.0179497 0.1251308 0.1415504 0.0181964 0.0000000 0.0124759 0.1462980 0.1205620 0.1451813 0.1438520 0.1846052 0.0158501 0.1206788 0.1103004 0.1197861 0.1196433 0.1510422 0.1622512 0.1294553 0.1278109 0.1695013 0.0079710 0.1445832 0.0399437 0.0399437 
Dasyuridae_Planigale_tenuirostris            0.0860968 0.0824667 0.0828527 0.0871249 0.0852032 0.0129327 0.0799651 0.0978287 0.0924838 0.1525891 0.0884199 0.0137777 0.0129731 0.0835007 0.1037648 0.0148615 0.0124759 0.0000000 0.1152345 0.0760016 0.0881571 0.1398307 0.1689672 0.0185498 0.0722582 0.0790991 0.0801156 0.0757964 0.0948573 0.1340183 0.0879460 0.0868295 0.1403477 0.0138906 0.1145248 0.0824655 0.0824655 
Peramelidae_Echymipera_kalubu                0.1041960 0.1087754 0.0958153 0.1356675 0.1314214 0.1464660 0.1057986 0.1282986 0.1400956 0.0220217 0.1128115 0.1476639 0.1292289 0.1109044 0.1259701 0.1574354 0.1462980 0.1152345 0.0000000 0.1274524 0.1354535 0.1194367 0.1454112 0.1350684 0.1284583 0.0980819 0.1042865 0.1267680 0.1364501 0.1393398 0.1265539 0.1148305 0.0231279 0.1474984 0.0159897 0.2022239 0.2022239 
Macropodidae_Dorcopsulus_vanheurni           0.0619074 0.0939731 0.0695155 0.0224661 0.0219682 0.1185960 0.0652982 0.0748990 0.0227506 0.1505154 0.0781643 0.1129168 0.0939995 0.0672937 0.0845247 0.1308805 0.1205620 0.0760016 0.1274524 0.0000000 0.0871230 0.1208631 0.1334101 0.1049148 0.0350977 0.0714775 0.0686989 0.0086979 0.0844486 0.1003679 0.0816926 0.0694447 0.1397025 0.1241128 0.1264010 0.2798063 0.2798063 
Pseudochiridae_Pseudochirulus_forbesi        0.0721380 0.1095278 0.0810429 0.0949981 0.0946444 0.1406244 0.0756514 0.1003315 0.0949399 0.1685448 0.0902582 0.1197394 0.1168330 0.0854240 0.0781300 0.1535413 0.1451813 0.0881571 0.1354535 0.0871230 0.0000000 0.1657771 0.1640243 0.1267023 0.0836959 0.0909157 0.0377743 0.0874648 0.0298173 0.0973302 0.0748037 0.0894881 0.1587731 0.1409707 0.1379513 0.4990827 0.4990827 
Didelphidae_Didelphis_virginiana             0.1327569 0.1389408 0.1271487 0.1259071 0.1174689 0.1400189 0.1073716 0.1621522 0.1290378 0.1749401 0.1327179 0.1318363 0.1524770 0.1212930 0.1671695 0.1412224 0.1438520 0.1398307 0.1194367 0.1208631 0.1657771 0.0000000 0.0251917 0.1484803 0.1136447 0.1242104 0.1201935 0.1232894 0.1693530 0.1491186 0.1286857 0.1249672 0.1934665 0.1445183 0.1227537 0.2364865 0.2364865 
Marmosidae_Monodelphis_domestica             0.1418637 0.1504099 0.1445374 0.1465216 0.1404677 0.1835347 0.1167672 0.1624863 0.1450534 0.1989966 0.1492536 0.1624151 0.1910591 0.1352883 0.1647279 0.1812800 0.1846052 0.1689672 0.1454112 0.1334101 0.1640243 0.0251917 0.0000000 0.1918466 0.1443455 0.1367168 0.1273258 0.1351940 0.1759559 0.1778510 0.1545553 0.1395750 0.1944602 0.1826931 0.1425959 0.2284456 0.2284456 
Dasyuridae_Antechinus_stuartii               0.1072611 0.1071741 0.1044640 0.1121663 0.1118936 0.0149098 0.1064799 0.1316394 0.1183363 0.1737071 0.1186866 0.0046896 0.0258767 0.1107784 0.1280813 0.0056689 0.0158501 0.0185498 0.1350684 0.1049148 0.1267023 0.1484803 0.1918466 0.0000000 0.0950795 0.0958900 0.1013113 0.1041950 0.1217872 0.1571575 0.1094609 0.1141827 0.1606260 0.0162392 0.1366408 0.0657137 0.0657137 
Hypsiprymnodontidae_Hypsiprymnodon_moschatus 0.0623073 0.0933660 0.0701743 0.0394248 0.0383944 0.1157466 0.0648551 0.0787760 0.0405694 0.1602818 0.0810950 0.1152198 0.0887783 0.0715450 0.0784614 0.1290180 0.1206788 0.0722582 0.1284583 0.0350977 0.0836959 0.1136447 0.1443455 0.0950795 0.0000000 0.0684492 0.0671758 0.0367235 0.0875330 0.1068574 0.0734130 0.0735904 0.1461105 0.1260824 0.1296356 0.2616004 0.2616004 
Microbiotheriidae_Dromiciops_gliroides       0.0674698 0.0713060 0.0588121 0.0743543 0.0753142 0.1033098 0.0731778 0.0971975 0.0796063 0.1245174 0.0916401 0.1040160 0.0931264 0.0831626 0.0815266 0.1194368 0.1103004 0.0790991 0.0980819 0.0714775 0.0909157 0.1242104 0.1367168 0.0958900 0.0684492 0.0000000 0.0710588 0.0705085 0.0911682 0.1030303 0.0743284 0.0843948 0.1248129 0.1067129 0.0968433 0.2082970 0.2082970 
Pseudochiridae_Petauroides_volans            0.0550620 0.0849558 0.0647474 0.0731361 0.0719133 0.1170723 0.0577281 0.0739999 0.0761886 0.1381802 0.0729676 0.1117887 0.0921641 0.0629722 0.0593995 0.1273593 0.1197861 0.0801156 0.1042865 0.0686989 0.0377743 0.1201935 0.1273258 0.1013113 0.0671758 0.0710588 0.0000000 0.0682517 0.0343670 0.0726479 0.0574353 0.0676226 0.1282423 0.1194385 0.1109636 0.2483843 0.2483843 
Macropodidae_Wallabia_bicolor                0.0627442 0.0916653 0.0692643 0.0215878 0.0218212 0.1175218 0.0645347 0.0779321 0.0225624 0.1478706 0.0784069 0.1149929 0.0933603 0.0698952 0.0817865 0.1300009 0.1196433 0.0757964 0.1267680 0.0086979 0.0874648 0.1232894 0.1351940 0.1041950 0.0367235 0.0705085 0.0682517 0.0000000 0.0865936 0.1009322 0.0792915 0.0728496 0.1383522 0.1249505 0.1221787 0.2798063 0.2798063 
Pseudochiridae_Pseudocheirus_occidentalis    0.0692994 0.0997670 0.0823084 0.0934910 0.0934696 0.1419439 0.0729511 0.0829305 0.0917112 0.1400515 0.0882266 0.1358074 0.1075956 0.0840055 0.0814640 0.1591240 0.1510422 0.0948573 0.1364501 0.0844486 0.0298173 0.1693530 0.1759559 0.1217872 0.0875330 0.0911682 0.0343670 0.0865936 0.0000000 0.0946851 0.0829705 0.0869719 0.1394892 0.1468037 0.1373679 0.2349564 0.2349564 
Tarsipedidae_Tarsipes_rostratus              0.0864961 0.1165797 0.0961693 0.1077543 0.1045171 0.1593736 0.0903633 0.1141001 0.1088931 0.1711628 0.1026490 0.1574385 0.1459610 0.0949886 0.0847740 0.1705531 0.1622512 0.1340183 0.1393398 0.1003679 0.0973302 0.1491186 0.1778510 0.1571575 0.1068574 0.1030303 0.0726479 0.1009322 0.0946851 0.0000000 0.0909286 0.0985312 0.1648644 0.1623790 0.1360546 0.3304949 0.3304949 
Acrobatidae_Distoechurus_pennatus            0.0642710 0.1013334 0.0728383 0.0834290 0.0840996 0.1279191 0.0695243 0.0886496 0.0872534 0.1562882 0.0826866 0.1127696 0.1113816 0.0784088 0.0422595 0.1356424 0.1294553 0.0879460 0.1265539 0.0816926 0.0748037 0.1286857 0.1545553 0.1094609 0.0734130 0.0743284 0.0574353 0.0792915 0.0829705 0.0909286 0.0000000 0.0803940 0.1564417 0.1318996 0.1265840 0.2838738 0.2838738 
Phalangeridae_Phalanger_carmelitae           0.0547357 0.0933279 0.0681986 0.0809655 0.0787209 0.1280411 0.0259144 0.0133359 0.0797211 0.1380085 0.0178064 0.1230748 0.0995345 0.0055991 0.0821113 0.1418607 0.1278109 0.0868295 0.1148305 0.0694447 0.0894881 0.1249672 0.1395750 0.1141827 0.0735904 0.0843948 0.0676226 0.0728496 0.0869719 0.0985312 0.0803940 0.0000000 0.1306351 0.1336661 0.1154506 0.2665222 0.2665222 
Peramelidae_Peroryctes_raffrayana            0.1208336 0.1282497 0.1098938 0.1496055 0.1477066 0.1678782 0.1194939 0.1301974 0.1568690 0.0279820 0.1367149 0.1682495 0.1513973 0.1308011 0.1564668 0.1877072 0.1695013 0.1403477 0.0231279 0.1397025 0.1587731 0.1934665 0.1944602 0.1606260 0.1461105 0.1248129 0.1282423 0.1383522 0.1394892 0.1648644 0.1564417 0.1306351 0.0000000 0.1695527 0.0259266 0.3098443 0.3098443 
Dasyuridae_Dasyurus_geffroii                 0.1180996 0.1197523 0.1062705 0.1300420 0.1301393 0.0079340 0.1258897 0.1513912 0.1398336 0.1750370 0.1394314 0.0167229 0.0178816 0.1318032 0.1399680 0.0185130 0.0079710 0.0138906 0.1474984 0.1241128 0.1409707 0.1445183 0.1826931 0.0162392 0.1260824 0.1067129 0.1194385 0.1249505 0.1468037 0.1623790 0.1318996 0.1336661 0.1695527 0.0000000 0.1455445 0.0522675 0.0522675 
Peramelidae_Perameles_gunnii                 0.1072082 0.1093902 0.0919036 0.1345154 0.1293333 0.1427436 0.1059391 0.1282667 0.1391493 0.0023171 0.1141802 0.1460564 0.1294075 0.1137062 0.1317878 0.1588278 0.1445832 0.1145248 0.0159897 0.1264010 0.1379513 0.1227537 0.1425959 0.1366408 0.1296356 0.0968433 0.1109636 0.1221787 0.1373679 0.1360546 0.1265840 0.1154506 0.0259266 0.1455445 0.0000000 0.2299715 0.2299715 
Myrmecobiidae_Myrmecobius_fasciatus1         0.2952962 0.2313117 0.2061407 0.2802944 0.2802944 0.0592781 0.2887614 0.2530220 0.2951122 0.2430622 0.3162415 9.0000000 0.0704352 0.2550598 0.2866764 0.0721859 0.0399437 0.0824655 0.2022239 0.2798063 0.4990827 0.2364865 0.2284456 0.0657137 0.2616004 0.2082970 0.2483843 0.2798063 0.2349564 0.3304949 0.2838738 0.2665222 0.3098443 0.0522675 0.2299715 0.0000000 0.0000010 
Myrmecobiidae_Myrmecobius_fasciatus2         0.2952962 0.2313117 0.2061407 0.2802944 0.2802944 0.0592781 0.2887614 0.2530220 0.2951122 0.2430622 0.3162415 9.0000000 0.0704352 0.2550598 0.2866764 0.0721859 0.0399437 0.0824655 0.2022239 0.2798063 0.4990827 0.2364865 0.2284456 0.0657137 0.2616004 0.2082970 0.2483843 0.2798063 0.2349564 0.3304949 0.2838738 0.2665222 0.3098443 0.0522675 0.2299715 0.0000010 0.0000000 
