37
Burramyidae_Burramys_parvus                  0.0000000 0.0785026 0.0591189 0.0666159 0.0831454 0.0791007 0.0442019 0.0502701 0.0647582 0.0904770 0.0467075 0.0957141 0.1002068 0.0499008 0.0878368 0.0967508 0.0949811 0.0873055 0.0896102 0.0627861 0.0555173 0.0833902 0.0786478 0.0842122 0.0664026 0.0655390 0.0512222 0.0690286 0.0525430 0.0721180 0.0662000 0.0493394 0.0783330 0.0940412 0.0922097 0.0452525 0.0452525 
Notoryctidae_Notoryctes_typhlops             0.0785026 0.0000000 0.0705328 0.0823265 0.0917827 0.1015862 0.0638100 0.0613094 0.0926599 0.0730226 0.0691366 0.1083566 0.1008850 0.0693447 0.1534105 0.1100915 0.1020301 0.1094086 0.0730314 0.0817387 0.0685098 0.1025584 0.0942831 0.1045769 0.0618996 0.0781857 0.0648556 0.0814742 0.0710339 0.0999284 0.0875663 0.0682817 0.0717048 0.0968670 0.0730226 9.0000000 9.0000000 
Vombatidae_Lasiorhinus_latifrons             0.0591189 0.0705328 0.0000000 0.0763158 0.0738223 0.0825880 0.0514416 0.0527337 0.0712134 0.0656399 0.0562996 0.0847621 0.0853543 0.0544170 0.1032439 0.0902837 0.0848942 0.0909021 0.0695891 0.0658679 0.0522111 0.0872045 0.0826944 0.0866507 0.0892583 0.0583188 0.0476023 0.0791299 0.0468668 0.0759442 0.0654273 0.0546346 0.0693764 0.0814594 0.0677215 9.0000000 9.0000000 
Potoroidae_Bettongia_penicillata             0.0666159 0.0823265 0.0763158 0.0000000 0.0067035 0.1069940 0.0549733 0.0606962 0.0202892 0.1090180 0.0574681 0.1017523 0.1061336 0.0598842 0.1088494 0.1040380 0.1035370 0.0999350 0.1057857 0.0269017 0.0725260 0.1116416 0.1005910 0.1110767 0.0527590 0.0849940 0.0720029 0.0307243 0.0686236 0.0894211 0.0718454 0.0598619 0.0961467 0.1035157 0.1109702 0.0528195 0.0528195 
Potoroidae_Bettongia_lesueur                 0.0831454 0.0917827 0.0738223 0.0067035 0.0000000 0.1069096 0.0688517 0.0771668 0.0252903 0.1321434 0.0714273 0.1234646 0.1272358 0.0747022 0.1389201 0.1239346 0.1262488 0.1192817 0.1287825 0.0328810 0.0922288 0.1399040 0.1251915 0.1144428 0.0478249 0.1075322 0.0905066 0.0323380 0.0902204 0.1123547 0.0910468 0.0755435 0.0873896 0.1259294 0.1340154 0.0533784 0.0533784 
Dasyuridae_Dasyurus_maculatus                0.0791007 0.1015862 0.0825880 0.1069940 0.1069096 0.0000000 0.0834800 0.0851276 0.0970318 0.0970972 0.0890534 0.0221235 0.0283472 0.0872721 0.1390482 0.0239085 0.0087607 0.0357179 0.0962685 0.0917639 0.0805049 0.0975747 0.0978345 0.0214450 0.1064406 0.0798559 0.0718880 0.0980277 0.0720709 0.1054003 0.0965750 0.0862795 0.0957239 0.0071294 0.0994055 9.0000000 9.0000000 
Phalangeridae_Trichosurus_vulpecula          0.0442019 0.0638100 0.0514416 0.0549733 0.0688517 0.0834800 0.0000000 0.0174889 0.0558526 0.0851854 0.0178259 0.0908263 0.0932351 0.0182753 0.0818663 0.0913732 0.0896307 0.0825129 0.0833291 0.0499147 0.0483588 0.0812166 0.0701943 0.0886093 0.0587374 0.0579518 0.0437564 0.0542838 0.0442151 0.0672878 0.0575621 0.0171125 0.0721729 0.0890498 0.0868655 0.0425254 0.0425254 
Phalangeridae_Spilocuscus_maculatus          0.0502701 0.0613094 0.0527337 0.0606962 0.0771668 0.0851276 0.0174889 0.0000000 0.0617850 0.0863725 0.0084950 0.0933594 0.0982951 0.0111516 0.0836353 0.0939254 0.0926482 0.0861792 0.0875423 0.0527596 0.0494632 0.0843299 0.0743636 0.0900705 0.0623667 0.0602268 0.0424553 0.0577265 0.0452817 0.0681932 0.0619303 0.0092755 0.0705548 0.0906488 0.0880769 0.0421664 0.0421664 
Potoroidae_Aepyprymnus_rufescens             0.0647582 0.0926599 0.0712134 0.0202892 0.0252903 0.0970318 0.0558526 0.0617850 0.0000000 0.1072237 0.0594637 0.0982005 0.1049885 0.0618006 0.1011519 0.1009622 0.1047553 0.0984715 0.1051839 0.0267947 0.0730467 0.1106717 0.1004756 0.1012562 0.0553463 0.0843761 0.0711148 0.0301887 0.0700611 0.0934616 0.0700505 0.0612463 0.0865508 0.1030022 0.1091325 0.0545234 0.0545234 
Peramelidae_Perameles_nasuta                 0.0904770 0.0730226 0.0656399 0.1090180 0.1321434 0.0970972 0.0851854 0.0863725 0.1072237 0.0000000 0.0842959 0.1175303 0.1227456 0.0881025 0.1290805 0.1208485 0.1216667 0.1132226 0.0183320 0.1062778 0.0929562 0.1050764 0.1003272 0.0957644 0.1052044 0.0879226 0.0810790 0.1063078 0.0853087 0.1048900 0.0987754 0.0878409 0.0187988 0.1211349 0.0025515 0.0714996 0.0714996 
Phalangeridae_Strigocuscus_pelengensis       0.0467075 0.0691366 0.0562996 0.0574681 0.0714273 0.0890534 0.0178259 0.0084950 0.0594637 0.0842959 0.0000000 0.0925372 0.0972577 0.0108296 0.0797056 0.0945614 0.0921744 0.0833544 0.0838794 0.0497107 0.0465748 0.0826228 0.0767116 0.0934235 0.0612935 0.0606722 0.0425328 0.0556054 0.0423010 0.0657068 0.0578683 0.0096613 0.0736780 0.0910996 0.0854407 0.0378119 0.0378119 
Dasyuridae_Phascogale_tapoatafa              0.0957141 0.1083566 0.0847621 0.1017523 0.1234646 0.0221235 0.0908263 0.0933594 0.0982005 0.1175303 0.0925372 0.0000000 0.0283360 0.0948240 0.1260849 0.0066527 0.0226534 0.0287672 0.1184119 0.0983190 0.0944538 0.1122649 0.1004048 0.0096125 0.1012241 0.0941353 0.0894696 0.0996683 0.0884736 0.1099046 0.0994843 0.0947396 0.0955405 0.0211375 0.1194368 0.0679378 0.0679378 
Dasyuridae_Sminthopsis_macroura              0.1002068 0.1008850 0.0853543 0.1061336 0.1272358 0.0283472 0.0932351 0.0982951 0.1049885 0.1227456 0.0972577 0.0283360 0.0000000 0.0974225 0.1346131 0.0275256 0.0270483 0.0252087 0.1248245 0.1023324 0.0998119 0.1170723 0.1077792 0.0277032 0.1054704 0.0977678 0.0906246 0.1060397 0.0910974 0.1173767 0.1099177 0.0973344 0.0965842 0.0292202 0.1246960 0.0688086 0.0688086 
Phalangeridae_Phalanger_orientalis           0.0499008 0.0693447 0.0544170 0.0598842 0.0747022 0.0872721 0.0182753 0.0111516 0.0618006 0.0881025 0.0108296 0.0948240 0.0974225 0.0000000 0.0860552 0.0953991 0.0927125 0.0850699 0.0879790 0.0542047 0.0516104 0.0844095 0.0752367 0.0913870 0.0655446 0.0639898 0.0473144 0.0592181 0.0468054 0.0691679 0.0623526 0.0032834 0.0777031 0.0925775 0.0898200 0.0455067 0.0455067 
Acrobatidae_Acrobates_pygmaeus               0.0878368 0.1534105 0.1032439 0.1088494 0.1389201 0.1390482 0.0818663 0.0836353 0.1011519 0.1290805 0.0797056 0.1260849 0.1346131 0.0860552 0.0000000 0.1274570 0.1310040 0.1228082 0.1239181 0.0989409 0.0788729 0.1309121 0.1112022 0.1399863 0.1113239 0.1010214 0.0803263 0.1053533 0.0744216 0.0923989 0.0636102 0.0846683 0.1253242 0.1279749 0.1310922 0.0570042 0.0570042 
Dasyuridae_Phascogale_calura                 0.0967508 0.1100915 0.0902837 0.1040380 0.1239346 0.0239085 0.0913732 0.0939254 0.1009622 0.1208485 0.0945614 0.0066527 0.0275256 0.0953991 0.1274570 0.0000000 0.0235023 0.0269616 0.1217270 0.0998692 0.0966278 0.1142224 0.1034364 0.0096411 0.1030109 0.0958653 0.0905899 0.1025505 0.0905583 0.1118372 0.1026040 0.0953137 0.1022521 0.0219825 0.1227766 0.0686557 0.0686557 
Dasyuridae_Sarcophilus_harrisii              0.0949811 0.1020301 0.0848942 0.1035370 0.1262488 0.0087607 0.0896307 0.0926482 0.1047553 0.1216667 0.0921744 0.0226534 0.0270483 0.0927125 0.1310040 0.0235023 0.0000000 0.0265159 0.1216962 0.1016896 0.0956394 0.1084868 0.1004231 0.0223418 0.1041781 0.0946685 0.0884412 0.1029599 0.0876237 0.1078891 0.1029791 0.0926296 0.0981387 0.0073949 0.1235504 0.0701471 0.0701471 
Dasyuridae_Planigale_tenuirostris            0.0873055 0.1094086 0.0909021 0.0999350 0.1192817 0.0357179 0.0825129 0.0861792 0.0984715 0.1132226 0.0833544 0.0287672 0.0252087 0.0850699 0.1228082 0.0269616 0.0265159 0.0000000 0.1134964 0.0923972 0.1000572 0.1050545 0.0967332 0.0328467 0.1006811 0.0887102 0.0841549 0.0966092 0.0867315 0.1111845 0.0964131 0.0855570 0.0985770 0.0265504 0.1145552 0.0632036 0.0632036 
Peramelidae_Echymipera_kalubu                0.0896102 0.0730314 0.0695891 0.1057857 0.1287825 0.0962685 0.0833291 0.0875423 0.1051839 0.0183320 0.0838794 0.1184119 0.1248245 0.0879790 0.1239181 0.1217270 0.1216962 0.1134964 0.0000000 0.1016265 0.0910392 0.1050230 0.1006120 0.0960406 0.1068566 0.0875058 0.0811202 0.1025765 0.0833147 0.1057308 0.0978065 0.0882880 0.0170489 0.1221175 0.0195620 0.0752982 0.0752982 
Macropodidae_Dorcopsulus_vanheurni           0.0627861 0.0817387 0.0658679 0.0269017 0.0328810 0.0917639 0.0499147 0.0527596 0.0267947 0.1062778 0.0497107 0.0983190 0.1023324 0.0542047 0.0989409 0.0998692 0.1016896 0.0923972 0.1016265 0.0000000 0.0678526 0.1066242 0.0914332 0.0970161 0.0490354 0.0782575 0.0653405 0.0141712 0.0613625 0.0845997 0.0699386 0.0537489 0.0840180 0.1020414 0.1080852 0.0506357 0.0506357 
Pseudochiridae_Pseudochirulus_forbesi        0.0555173 0.0685098 0.0522111 0.0725260 0.0922288 0.0805049 0.0483588 0.0494632 0.0730467 0.0929562 0.0465748 0.0944538 0.0998119 0.0516104 0.0788729 0.0966278 0.0956394 0.1000572 0.0910392 0.0678526 0.0000000 0.0927109 0.0845290 0.0804580 0.0749461 0.0615652 0.0272120 0.0711150 0.0192606 0.0576114 0.0553091 0.0497115 0.0665900 0.0945495 0.0947598 0.0512753 0.0512753 
Didelphidae_Didelphis_virginiana             0.0833902 0.1025584 0.0872045 0.1116416 0.1399040 0.0975747 0.0812166 0.0843299 0.1106717 0.1050764 0.0826228 0.1122649 0.1170723 0.0844095 0.1309121 0.1142224 0.1084868 0.1050545 0.1050230 0.1066242 0.0927109 0.0000000 0.0341507 0.1030603 0.1150320 0.0829358 0.0944418 0.1115234 0.0876436 0.1030609 0.1073512 0.0853918 0.0906181 0.1114903 0.1068986 0.0650897 0.0650897 
Marmosidae_Monodelphis_domestica             0.0786478 0.0942831 0.0826944 0.1005910 0.1251915 0.0978345 0.0701943 0.0743636 0.1004756 0.1003272 0.0767116 0.1004048 0.1077792 0.0752367 0.1112022 0.1034364 0.1004231 0.0967332 0.1006120 0.0914332 0.0845290 0.0341507 0.0000000 0.0989019 0.1017350 0.0742453 0.0825060 0.0985694 0.0793471 0.0932399 0.0914547 0.0751069 0.0859680 0.1019492 0.1021297 0.0565899 0.0565899 
Dasyuridae_Antechinus_stuartii               0.0842122 0.1045769 0.0866507 0.1110767 0.1144428 0.0214450 0.0886093 0.0900705 0.1012562 0.0957644 0.0934235 0.0096125 0.0277032 0.0913870 0.1399863 0.0096411 0.0223418 0.0328467 0.0960406 0.0970161 0.0804580 0.1030603 0.0989019 0.0000000 0.1133511 0.0825058 0.0728781 0.1033886 0.0738942 0.1110748 0.0973486 0.0903914 0.0961583 0.0214281 0.0980589 9.0000000 9.0000000 
Hypsiprymnodontidae_Hypsiprymnodon_moschatus 0.0664026 0.0618996 0.0892583 0.0527590 0.0478249 0.1064406 0.0587374 0.0623667 0.0553463 0.1052044 0.0612935 0.1012241 0.1054704 0.0655446 0.1113239 0.1030109 0.1041781 0.1006811 0.1068566 0.0490354 0.0749461 0.1150320 0.1017350 0.1133511 0.0000000 0.0819346 0.0718440 0.0502964 0.0675457 0.0918258 0.0791534 0.0655708 0.1011157 0.1036486 0.1070687 0.0444800 0.0444800 
Microbiotheriidae_Dromiciops_gliroides       0.0655390 0.0781857 0.0583188 0.0849940 0.1075322 0.0798559 0.0579518 0.0602268 0.0843761 0.0879226 0.0606722 0.0941353 0.0977678 0.0639898 0.1010214 0.0958653 0.0946685 0.0887102 0.0875058 0.0782575 0.0615652 0.0829358 0.0742453 0.0825058 0.0819346 0.0000000 0.0673936 0.0803684 0.0589972 0.0813083 0.0815254 0.0617218 0.0700831 0.0961327 0.0890576 0.0466798 0.0466798 
Pseudochiridae_Petauroides_volans            0.0512222 0.0648556 0.0476023 0.0720029 0.0905066 0.0718880 0.0437564 0.0424553 0.0711148 0.0810790 0.0425328 0.0894696 0.0906246 0.0473144 0.0803263 0.0905899 0.0884412 0.0841549 0.0811202 0.0653405 0.0272120 0.0944418 0.0825060 0.0728781 0.0718440 0.0673936 0.0000000 0.0704660 0.0302609 0.0529637 0.0539950 0.0468238 0.0629672 0.0887021 0.0824580 0.0603223 0.0603223 
Macropodidae_Wallabia_bicolor                0.0690286 0.0814742 0.0791299 0.0307243 0.0323380 0.0980277 0.0542838 0.0577265 0.0301887 0.1063078 0.0556054 0.0996683 0.1060397 0.0592181 0.1053533 0.1025505 0.1029599 0.0966092 0.1025765 0.0141712 0.0711150 0.1115234 0.0985694 0.1033886 0.0502964 0.0803684 0.0704660 0.0000000 0.0654075 0.0837892 0.0752374 0.0596370 0.0877783 0.1023692 0.1081267 0.0502408 0.0502408 
Pseudochiridae_Pseudocheirus_occidentalis    0.0525430 0.0710339 0.0468668 0.0686236 0.0902204 0.0720709 0.0442151 0.0452817 0.0700611 0.0853087 0.0423010 0.0884736 0.0910974 0.0468054 0.0744216 0.0905583 0.0876237 0.0867315 0.0833147 0.0613625 0.0192606 0.0876436 0.0793471 0.0738942 0.0675457 0.0589972 0.0302609 0.0654075 0.0000000 0.0479195 0.0520184 0.0464627 0.0574960 0.0900679 0.0870252 0.0502470 0.0502470 
Tarsipedidae_Tarsipes_rostratus              0.0721180 0.0999284 0.0759442 0.0894211 0.1123547 0.1054003 0.0672878 0.0681932 0.0934616 0.1048900 0.0657068 0.1099046 0.1173767 0.0691679 0.0923989 0.1118372 0.1078891 0.1111845 0.1057308 0.0845997 0.0576114 0.1030609 0.0932399 0.1110748 0.0918258 0.0813083 0.0529637 0.0837892 0.0479195 0.0000000 0.0740350 0.0708673 0.0919495 0.1112688 0.1060919 0.0598115 0.0598115 
Acrobatidae_Distoechurus_pennatus            0.0662000 0.0875663 0.0654273 0.0718454 0.0910468 0.0965750 0.0575621 0.0619303 0.0700505 0.0987754 0.0578683 0.0994843 0.1099177 0.0623526 0.0636102 0.1026040 0.1029791 0.0964131 0.0978065 0.0699386 0.0553091 0.1073512 0.0914547 0.0973486 0.0791534 0.0815254 0.0539950 0.0752374 0.0520184 0.0740350 0.0000000 0.0614134 0.0825608 0.1011309 0.1005546 0.0586305 0.0586305 
Phalangeridae_Phalanger_carmelitae           0.0493394 0.0682817 0.0546346 0.0598619 0.0755435 0.0862795 0.0171125 0.0092755 0.0612463 0.0878409 0.0096613 0.0947396 0.0973344 0.0032834 0.0846683 0.0953137 0.0926296 0.0855570 0.0882880 0.0537489 0.0497115 0.0853918 0.0751069 0.0903914 0.0655708 0.0617218 0.0468238 0.0596370 0.0464627 0.0708673 0.0614134 0.0000000 0.0757394 0.0924949 0.0895526 0.0443874 0.0443874 
Peramelidae_Peroryctes_raffrayana            0.0783330 0.0717048 0.0693764 0.0961467 0.0873896 0.0957239 0.0721729 0.0705548 0.0865508 0.0187988 0.0736780 0.0955405 0.0965842 0.0777031 0.1253242 0.1022521 0.0981387 0.0985770 0.0170489 0.0840180 0.0665900 0.0906181 0.0859680 0.0961583 0.1011157 0.0700831 0.0629672 0.0877783 0.0574960 0.0919495 0.0825608 0.0757394 0.0000000 0.0945465 0.0213417 9.0000000 9.0000000 
Dasyuridae_Dasyurus_geffroii                 0.0940412 0.0968670 0.0814594 0.1035157 0.1259294 0.0071294 0.0890498 0.0906488 0.1030022 0.1211349 0.0910996 0.0211375 0.0292202 0.0925775 0.1279749 0.0219825 0.0073949 0.0265504 0.1221175 0.1020414 0.0945495 0.1114903 0.1019492 0.0214281 0.1036486 0.0961327 0.0887021 0.1023692 0.0900679 0.1112688 0.1011309 0.0924949 0.0945465 0.0000000 0.1230609 0.0705625 0.0705625 
Peramelidae_Perameles_gunnii                 0.0922097 0.0730226 0.0677215 0.1109702 0.1340154 0.0994055 0.0868655 0.0880769 0.1091325 0.0025515 0.0854407 0.1194368 0.1246960 0.0898200 0.1310922 0.1227766 0.1235504 0.1145552 0.0195620 0.1080852 0.0947598 0.1068986 0.1021297 0.0980589 0.1070687 0.0890576 0.0824580 0.1081267 0.0870252 0.1060919 0.1005546 0.0895526 0.0213417 0.1230609 0.0000000 0.0728188 0.0728188 
Vombatidae_Vombatus_ursinus1                 0.0452525 9.0000000 9.0000000 0.0528195 0.0533784 9.0000000 0.0425254 0.0421664 0.0545234 0.0714996 0.0378119 0.0679378 0.0688086 0.0455067 0.0570042 0.0686557 0.0701471 0.0632036 0.0752982 0.0506357 0.0512753 0.0650897 0.0565899 9.0000000 0.0444800 0.0466798 0.0603223 0.0502408 0.0502470 0.0598115 0.0586305 0.0443874 9.0000000 0.0705625 0.0728188 0.0000000 0.0000010 
Vombatidae_Vombatus_ursinus2                 0.0452525 9.0000000 9.0000000 0.0528195 0.0533784 9.0000000 0.0425254 0.0421664 0.0545234 0.0714996 0.0378119 0.0679378 0.0688086 0.0455067 0.0570042 0.0686557 0.0701471 0.0632036 0.0752982 0.0506357 0.0512753 0.0650897 0.0565899 9.0000000 0.0444800 0.0466798 0.0603223 0.0502408 0.0502470 0.0598115 0.0586305 0.0443874 9.0000000 0.0705625 0.0728188 0.0000010 0.0000000 
