35
Burramyidae_Burramys_parvus                  0.0000000 0.0411005 0.0287392 0.0507710 0.0516826 0.0543959 0.0282855 0.0338918 0.0529538 0.0871458 0.0281459 0.0615971 0.0906139 0.0324775 0.0347535 0.0600469 0.0592727 0.0812901 0.1028143 0.0434662 0.0626150 0.0944700 0.0832667 0.0589154 0.0397433 0.0560636 0.0430810 0.0470024 0.0547820 0.0774465 0.0545944 0.0429376 0.0887310 0.0555350 0.0872667 
Notoryctidae_Notoryctes_typhlops             0.0411005 0.0000000 0.0403487 0.0484016 0.0491261 0.0595178 0.0442431 0.0418109 0.0522356 0.0734322 0.0354805 0.0623461 0.0668111 0.0447350 0.0407098 0.0605227 0.0573133 0.0493348 0.0839422 0.0436116 0.0587924 0.0653350 0.0691097 0.0602397 0.0516585 0.0427293 0.0452547 0.0456354 0.0562957 0.0531048 0.0581994 0.0443713 0.0741041 0.0605402 0.0756046 
Vombatidae_Lasiorhinus_latifrons             0.0287392 0.0403487 0.0000000 0.0579718 0.0607439 0.0614837 0.0339164 0.0419788 0.0600142 0.0876289 0.0346593 0.0729220 0.1006457 0.0401623 0.0393208 0.0706590 0.0627342 0.0935783 0.1019243 0.0530584 0.0679356 0.0909995 0.0863147 0.0675337 0.0456556 0.0597529 0.0435355 0.0532495 0.0593036 0.0769773 0.0654850 0.0532237 0.0885552 0.0627026 0.0876872 
Potoroidae_Bettongia_penicillata             0.0507710 0.0484016 0.0579718 0.0000000 0.0015108 0.1042775 0.0582480 0.0619340 0.0089847 0.1157829 0.0563738 0.1013639 0.1244411 0.0642708 0.0677444 0.0995984 0.1047435 0.1218651 0.1307986 0.0105351 0.0840792 0.1074929 0.1075497 0.1013598 0.0339719 0.0940070 0.0646854 0.0093632 0.0860681 0.0690113 0.0897242 0.0790118 0.1171280 0.0987309 0.1170233 
Potoroidae_Bettongia_lesueur                 0.0516826 0.0491261 0.0607439 0.0015108 0.0000000 0.1086206 0.0611852 0.0632910 0.0093645 0.1179192 0.0593029 0.1032195 0.1280156 0.0665423 0.0702097 0.1013945 0.1076981 0.1218941 0.1301708 0.0112763 0.0854149 0.1107454 0.1146062 0.1019164 0.0359216 0.0936842 0.0668233 0.0100344 0.0864968 0.0688197 0.0903217 0.0839123 0.1180094 0.1015166 0.1182279 
Dasyuridae_Dasyurus_maculatus                0.0543959 0.0595178 0.0614837 0.1042775 0.1086206 0.0000000 0.0680274 0.0822909 0.1063701 0.0990302 0.0753761 0.0176753 0.0358361 0.0773919 0.0731950 0.0159169 0.0072394 0.0326267 0.1142360 0.0981543 0.1103441 0.1308655 0.1180335 0.0144872 0.0829784 0.0947822 0.0800590 0.0979015 0.0923797 0.1185362 0.0949932 0.0827800 0.1065768 0.0049900 0.1024580 
Phalangeridae_Trichosurus_vulpecula          0.0282855 0.0442431 0.0339164 0.0582480 0.0611852 0.0680274 0.0000000 0.0162560 0.0603565 0.0814815 0.0135167 0.0733549 0.1048665 0.0146506 0.0365007 0.0693359 0.0680426 0.0865750 0.0980514 0.0501175 0.0654570 0.1035346 0.0900730 0.0692285 0.0421079 0.0573728 0.0401406 0.0517310 0.0512608 0.0771624 0.0640978 0.0219978 0.0904799 0.0687111 0.0807144 
Phalangeridae_Spilocuscus_maculatus          0.0338918 0.0418109 0.0419788 0.0619340 0.0632910 0.0822909 0.0162560 0.0000000 0.0632333 0.0950514 0.0062767 0.0754375 0.1133044 0.0067797 0.0436729 0.0729954 0.0816036 0.0854751 0.0975792 0.0527738 0.0636150 0.1023798 0.0877907 0.0714707 0.0474436 0.0546021 0.0471875 0.0552553 0.0558448 0.0817144 0.0673284 0.0120440 0.1035688 0.0814963 0.0946815 
Potoroidae_Aepyprymnus_rufescens             0.0529538 0.0522356 0.0600142 0.0089847 0.0093645 0.1063701 0.0603565 0.0632333 0.0000000 0.1139924 0.0569004 0.1080143 0.1241236 0.0636399 0.0686200 0.1062692 0.1071588 0.1261413 0.1252349 0.0139763 0.0882792 0.1108909 0.1119627 0.1055464 0.0353503 0.0904040 0.0656012 0.0140221 0.0866031 0.0670869 0.0914824 0.0799796 0.1126128 0.1029357 0.1152029 
Peramelidae_Perameles_nasuta                 0.0871458 0.0734322 0.0876289 0.1157829 0.1179192 0.0990302 0.0814815 0.0950514 0.1139924 0.0000000 0.0796864 0.1172964 0.1374057 0.0879056 0.0906375 0.1145214 0.1052504 0.1238449 0.0195792 0.1042386 0.1230817 0.1403975 0.1263848 0.1127068 0.1031192 0.1193470 0.0973041 0.1082832 0.1069070 0.1160939 0.1143224 0.0951510 0.0168717 0.1097010 0.0010559 
Phalangeridae_Strigocuscus_pelengensis       0.0281459 0.0354805 0.0346593 0.0563738 0.0593029 0.0753761 0.0135167 0.0062767 0.0569004 0.0796864 0.0000000 0.0682483 0.1114766 0.0046295 0.0327909 0.0656111 0.0747768 0.0848269 0.0810687 0.0485438 0.0565481 0.0985638 0.0794189 0.0610383 0.0404708 0.0503718 0.0385442 0.0508116 0.0491151 0.0831558 0.0600405 0.0094989 0.0941796 0.0736605 0.0808000 
Dasyuridae_Phascogale_tapoatafa              0.0615971 0.0623461 0.0729220 0.1013639 0.1032195 0.0176753 0.0733549 0.0754375 0.1080143 0.1172964 0.0682483 0.0000000 0.0427320 0.0734254 0.0810119 0.0021516 0.0175942 0.0247424 0.1188757 0.0964479 0.1086250 0.1248816 0.1176758 0.0073043 0.0882278 0.0811654 0.0814665 0.0913611 0.0974428 0.1185935 0.1117341 0.0840770 0.1153008 0.0177022 0.1192244 
Dasyuridae_Sminthopsis_macroura              0.0906139 0.0668111 0.1006457 0.1244411 0.1280156 0.0358361 0.1048665 0.1133044 0.1241236 0.1374057 0.1114766 0.0427320 0.0000000 0.1169289 0.1091655 0.0402487 0.0383582 0.0636654 0.1545954 0.1244995 0.1268669 0.1488203 0.1602566 0.0472750 0.1105807 0.1267542 0.1163985 0.1210003 0.1242960 0.1361824 0.1361203 0.1225913 0.1348511 0.0405979 0.1400762 
Phalangeridae_Phalanger_orientalis           0.0324775 0.0447350 0.0401623 0.0642708 0.0665423 0.0773919 0.0146506 0.0067797 0.0636399 0.0879056 0.0046295 0.0734254 0.1169289 0.0000000 0.0423686 0.0709431 0.0766845 0.0861935 0.0897557 0.0541945 0.0690011 0.1042619 0.0834512 0.0699336 0.0471626 0.0505980 0.0458755 0.0540319 0.0579219 0.0839872 0.0694181 0.0076241 0.0956450 0.0773016 0.0874405 
Acrobatidae_Acrobates_pygmaeus               0.0347535 0.0407098 0.0393208 0.0677444 0.0702097 0.0731950 0.0365007 0.0436729 0.0686200 0.0906375 0.0327909 0.0810119 0.1091655 0.0423686 0.0000000 0.0820321 0.0751047 0.0950935 0.1048257 0.0569085 0.0599267 0.1036131 0.0866388 0.0731488 0.0490222 0.0597249 0.0374856 0.0600551 0.0429050 0.0665339 0.0319702 0.0537823 0.0939868 0.0699083 0.0899672 
Dasyuridae_Phascogale_calura                 0.0600469 0.0605227 0.0706590 0.0995984 0.1013945 0.0159169 0.0693359 0.0729954 0.1062692 0.1145214 0.0656111 0.0021516 0.0402487 0.0709431 0.0820321 0.0000000 0.0155116 0.0230659 0.1170608 0.0947005 0.1076531 0.1259878 0.1177629 0.0073090 0.0872400 0.0802943 0.0797583 0.0896548 0.0982995 0.1157015 0.1098634 0.0823879 0.1116891 0.0173413 0.1164391 
Dasyuridae_Sarcophilus_harrisii              0.0592727 0.0573133 0.0627342 0.1047435 0.1076981 0.0072394 0.0680426 0.0816036 0.1071588 0.1052504 0.0747768 0.0175942 0.0383582 0.0766845 0.0751047 0.0155116 0.0000000 0.0316423 0.1215285 0.0990030 0.1156812 0.1331390 0.1145967 0.0147906 0.0873982 0.0969575 0.0838355 0.0978277 0.0972367 0.1178186 0.0985958 0.0773966 0.1070716 0.0079412 0.1086690 
Dasyuridae_Planigale_tenuirostris            0.0812901 0.0493348 0.0935783 0.1218651 0.1218941 0.0326267 0.0865750 0.0854751 0.1261413 0.1238449 0.0848269 0.0247424 0.0636654 0.0861935 0.0950935 0.0230659 0.0316423 0.0000000 0.1319555 0.1106736 0.1221068 0.1359077 0.1355234 0.0191928 0.1140905 0.1013208 0.0969840 0.1122504 0.1078019 0.1399109 0.1179482 0.1012120 0.1322274 0.0333698 0.1263648 
Peramelidae_Echymipera_kalubu                0.1028143 0.0839422 0.1019243 0.1307986 0.1301708 0.1142360 0.0980514 0.0975792 0.1252349 0.0195792 0.0810687 0.1188757 0.1545954 0.0897557 0.1048257 0.1170608 0.1215285 0.1319555 0.0000000 0.1241497 0.1335407 0.1503674 0.1350729 0.1151465 0.1199835 0.1250382 0.1049162 0.1257700 0.1205929 0.1349221 0.1300254 0.0944267 0.0232185 0.1275354 0.0203918 
Macropodidae_Dorcopsulus_vanheurni           0.0434662 0.0436116 0.0530584 0.0105351 0.0112763 0.0981543 0.0501175 0.0527738 0.0139763 0.1042386 0.0485438 0.0964479 0.1244995 0.0541945 0.0569085 0.0947005 0.0990030 0.1106736 0.1241497 0.0000000 0.0752717 0.1054317 0.0997721 0.0955033 0.0323081 0.0847342 0.0579686 0.0051677 0.0721791 0.0618843 0.0833590 0.0714092 0.1152419 0.0928945 0.1054346 
Pseudochiridae_Pseudochirulus_forbesi        0.0626150 0.0587924 0.0679356 0.0840792 0.0854149 0.1103441 0.0654570 0.0636150 0.0882792 0.1230817 0.0565481 0.1086250 0.1268669 0.0690011 0.0599267 0.1076531 0.1156812 0.1221068 0.1335407 0.0752717 0.0000000 0.1116987 0.1132209 0.1100146 0.0777420 0.0866476 0.0307014 0.0770396 0.0242188 0.0807063 0.0834412 0.0829112 0.1309070 0.1153634 0.1263170 
Didelphidae_Didelphis_virginiana             0.0944700 0.0653350 0.0909995 0.1074929 0.1107454 0.1308655 0.1035346 0.1023798 0.1108909 0.1403975 0.0985638 0.1248816 0.1488203 0.1042619 0.1036131 0.1259878 0.1331390 0.1359077 0.1503674 0.1054317 0.1116987 0.0000000 0.0451522 0.1244144 0.1082956 0.1125652 0.0971801 0.1073384 0.1093016 0.1117827 0.1278665 0.1127423 0.1485602 0.1278907 0.1454614 
Marmosidae_Monodelphis_domestica             0.0832667 0.0691097 0.0863147 0.1075497 0.1146062 0.1180335 0.0900730 0.0877907 0.1119627 0.1263848 0.0794189 0.1176758 0.1602566 0.0834512 0.0866388 0.1177629 0.1145967 0.1355234 0.1350729 0.0997721 0.1132209 0.0451522 0.0000000 0.1167976 0.0976683 0.1046129 0.0908096 0.1020676 0.1024054 0.1122580 0.1056682 0.0889854 0.1396455 0.1179802 0.1304529 
Dasyuridae_Antechinus_stuartii               0.0589154 0.0602397 0.0675337 0.1013598 0.1019164 0.0144872 0.0692285 0.0714707 0.1055464 0.1127068 0.0610383 0.0073043 0.0472750 0.0699336 0.0731488 0.0073090 0.0147906 0.0191928 0.1151465 0.0955033 0.1100146 0.1244144 0.1167976 0.0000000 0.0869397 0.0749308 0.0799672 0.0941123 0.0963801 0.1170293 0.1037286 0.0793795 0.1161275 0.0143848 0.1146611 
Hypsiprymnodontidae_Hypsiprymnodon_moschatus 0.0397433 0.0516585 0.0456556 0.0339719 0.0359216 0.0829784 0.0421079 0.0474436 0.0353503 0.1031192 0.0404708 0.0882278 0.1105807 0.0471626 0.0490222 0.0872400 0.0873982 0.1140905 0.1199835 0.0323081 0.0777420 0.1082956 0.0976683 0.0869397 0.0000000 0.0721507 0.0538002 0.0322902 0.0717292 0.0924437 0.0722429 0.0622385 0.1073525 0.0812652 0.1034163 
Microbiotheriidae_Dromiciops_gliroides       0.0560636 0.0427293 0.0597529 0.0940070 0.0936842 0.0947822 0.0573728 0.0546021 0.0904040 0.1193470 0.0503718 0.0811654 0.1267542 0.0505980 0.0597249 0.0802943 0.0969575 0.1013208 0.1250382 0.0847342 0.0866476 0.1125652 0.1046129 0.0749308 0.0721507 0.0000000 0.0603875 0.0874335 0.0727177 0.1022036 0.0813377 0.0627362 0.1275292 0.0928567 0.1229387 
Pseudochiridae_Petauroides_volans            0.0430810 0.0452547 0.0435355 0.0646854 0.0668233 0.0800590 0.0401406 0.0471875 0.0656012 0.0973041 0.0385442 0.0814665 0.1163985 0.0458755 0.0374856 0.0797583 0.0838355 0.0969840 0.1049162 0.0579686 0.0307014 0.0971801 0.0908096 0.0799672 0.0538002 0.0603875 0.0000000 0.0617365 0.0286897 0.0542429 0.0609527 0.0556163 0.1038989 0.0836829 0.0985310 
Macropodidae_Wallabia_bicolor                0.0470024 0.0456354 0.0532495 0.0093632 0.0100344 0.0979015 0.0517310 0.0552553 0.0140221 0.1082832 0.0508116 0.0913611 0.1210003 0.0540319 0.0600551 0.0896548 0.0978277 0.1122504 0.1257700 0.0051677 0.0770396 0.1073384 0.1020676 0.0941123 0.0322902 0.0874335 0.0617365 0.0000000 0.0774425 0.0645505 0.0863822 0.0739225 0.1148519 0.0907615 0.1094833 
Pseudochiridae_Pseudocheirus_occidentalis    0.0547820 0.0562957 0.0593036 0.0860681 0.0864968 0.0923797 0.0512608 0.0558448 0.0866031 0.1069070 0.0491151 0.0974428 0.1242960 0.0579219 0.0429050 0.0982995 0.0972367 0.1078019 0.1205929 0.0721791 0.0242188 0.1093016 0.1024054 0.0963801 0.0717292 0.0727177 0.0286897 0.0774425 0.0000000 0.0622699 0.0673364 0.0689658 0.1061272 0.0950568 0.1081856 
Tarsipedidae_Tarsipes_rostratus              0.0774465 0.0531048 0.0769773 0.0690113 0.0688197 0.1185362 0.0771624 0.0817144 0.0670869 0.1160939 0.0831558 0.1185935 0.1361824 0.0839872 0.0665339 0.1157015 0.1178186 0.1399109 0.1349221 0.0618843 0.0807063 0.1117827 0.1122580 0.1170293 0.0924437 0.1022036 0.0542429 0.0645505 0.0622699 0.0000000 0.0925220 0.0973478 0.1313092 0.1163377 0.1183835 
Acrobatidae_Distoechurus_pennatus            0.0545944 0.0581994 0.0654850 0.0897242 0.0903217 0.0949932 0.0640978 0.0673284 0.0914824 0.1143224 0.0600405 0.1117341 0.1361203 0.0694181 0.0319702 0.1098634 0.0985958 0.1179482 0.1300254 0.0833590 0.0834412 0.1278665 0.1056682 0.1037286 0.0722429 0.0813377 0.0609527 0.0863822 0.0673364 0.0925220 0.0000000 0.0678800 0.1245832 0.0928002 0.1146049 
Phalangeridae_Phalanger_carmelitae           0.0429376 0.0443713 0.0532237 0.0790118 0.0839123 0.0827800 0.0219978 0.0120440 0.0799796 0.0951510 0.0094989 0.0840770 0.1225913 0.0076241 0.0537823 0.0823879 0.0773966 0.1012120 0.0944267 0.0714092 0.0829112 0.1127423 0.0889854 0.0793795 0.0622385 0.0627362 0.0556163 0.0739225 0.0689658 0.0973478 0.0678800 0.0000000 0.1068553 0.0811812 0.0947794 
Peramelidae_Peroryctes_raffrayana            0.0887310 0.0741041 0.0885552 0.1171280 0.1180094 0.1065768 0.0904799 0.1035688 0.1126128 0.0168717 0.0941796 0.1153008 0.1348511 0.0956450 0.0939868 0.1116891 0.1070716 0.1322274 0.0232185 0.1152419 0.1309070 0.1485602 0.1396455 0.1161275 0.1073525 0.1275292 0.1038989 0.1148519 0.1061272 0.1313092 0.1245832 0.1068553 0.0000000 0.1117031 0.0172037 
Dasyuridae_Dasyurus_geffroii                 0.0555350 0.0605402 0.0627026 0.0987309 0.1015166 0.0049900 0.0687111 0.0814963 0.1029357 0.1097010 0.0736605 0.0177022 0.0405979 0.0773016 0.0699083 0.0173413 0.0079412 0.0333698 0.1275354 0.0928945 0.1153634 0.1278907 0.1179802 0.0143848 0.0812652 0.0928567 0.0836829 0.0907615 0.0950568 0.1163377 0.0928002 0.0811812 0.1117031 0.0000000 0.1132084 
Peramelidae_Perameles_gunnii                 0.0872667 0.0756046 0.0876872 0.1170233 0.1182279 0.1024580 0.0807144 0.0946815 0.1152029 0.0010559 0.0808000 0.1192244 0.1400762 0.0874405 0.0899672 0.1164391 0.1086690 0.1263648 0.0203918 0.1054346 0.1263170 0.1454614 0.1304529 0.1146611 0.1034163 0.1229387 0.0985310 0.1094833 0.1081856 0.1183835 0.1146049 0.0947794 0.0172037 0.1132084 0.0000000 
