166
I0185_86_Accipitridae_Buteo_jamaicensis                   0.0000000 0.0363909 0.0367905 0.0406547 0.0363074 0.0440118 0.0280701 0.0342546 0.0431413 0.0454098 0.0282412 0.0398373 0.0415310 0.0421019 0.0159828 0.0377933 0.0213840 0.0368527 0.0262541 0.0219664 0.0237698 0.0206343 0.0343086 0.0247361 0.0481673 0.0500119 0.0231085 0.0369012 0.0387105 0.0371870 0.0385474 0.0338389 0.0483817 0.0391633 0.0507675 0.0377706 0.0383888 0.0364364 0.0556261 0.0635915 0.0549712 0.0332647 0.0294406 0.0388541 0.0369552 0.0235926 0.0373843 0.0352166 0.0386185 0.0343010 0.0294278 0.0241942 0.0373334 0.0365088 0.0245559 0.0246027 0.0589035 0.0367621 0.0457140 0.0239693 0.0277968 0.0496028 0.0455437 0.0306848 0.0468796 0.0501546 0.0385267 0.0377322 0.0282661 0.0248409 0.0366009 0.0264888 0.0065560 0.0256545 0.0365601 0.0377015 0.0403325 0.0219624 0.0185779 0.0406781 0.0352458 0.0354529 0.0284181 0.0206121 0.0301806 0.0440591 0.0439999 0.0220704 0.0460762 0.0187365 0.0214407 0.0307871 0.0426716 0.0325996 0.0261564 0.0227624 0.0281179 0.0368681 0.0563756 0.0258707 0.0395880 0.0549901 0.0239143 0.0412186 0.0380178 0.0447334 0.0497407 0.0351431 0.0153773 0.0209748 0.0399430 0.0333215 0.0330278 0.0220399 0.0565702 0.0279667 0.0313062 0.0199348 0.0337195 0.0485901 0.0280084 0.0444782 0.0298155 0.0234043 0.0196674 0.0356923 0.0284608 0.0582624 0.0278414 0.0220513 0.0435160 0.0546913 0.0352477 0.0362825 0.0197068 0.0240496 0.0256424 0.0238810 0.0256240 0.0331700 0.0359668 0.0291623 0.0364809 0.0416824 0.0373776 0.0261766 0.0248386 0.0332356 0.0280078 0.0419798 0.0390847 0.0530520 0.0210617 0.0152846 0.0234222 0.0509371 0.0235425 0.0484627 0.0455844 0.0394326 0.0383031 0.1036261 0.1046756 0.0394937 0.0470408 0.0450121 
I0186_111_Momotidae_Momotus_lessonii                      0.0363909 0.0000000 0.0484845 0.0521985 0.0474266 0.0520778 0.0391992 0.0430187 0.0436841 0.0536135 0.0397578 0.0517407 0.0515380 0.0475754 0.0289293 0.0504983 0.0344389 0.0498610 0.0393666 0.0340611 0.0368832 0.0344122 0.0429178 0.0371632 0.0584615 0.0615894 0.0369569 0.0490907 0.0502460 0.0502239 0.0505090 0.0427482 0.0607617 0.0500414 0.0610497 0.0503454 0.0500425 0.0489471 0.0658204 0.0731639 0.0633295 0.0361692 0.0412584 0.0493656 0.0490183 0.0359503 0.0494575 0.0477225 0.0497188 0.0427694 0.0429458 0.0371577 0.0500263 0.0494461 0.0381795 0.0384060 0.0693611 0.0488239 0.0574080 0.0363751 0.0418869 0.0600236 0.0573690 0.0435793 0.0552161 0.0643882 0.0502669 0.0505415 0.0397809 0.0386928 0.0483802 0.0349542 0.0365731 0.0378951 0.0487968 0.0374303 0.0506347 0.0351847 0.0323677 0.0515722 0.0462557 0.0483075 0.0402822 0.0336543 0.0361966 0.0556205 0.0523381 0.0361814 0.0580806 0.0359478 0.0352200 0.0439966 0.0516175 0.0450917 0.0383262 0.0349123 0.0418744 0.0492450 0.0665913 0.0388459 0.0520790 0.0652021 0.0374740 0.0527231 0.0477380 0.0550413 0.0641651 0.0468255 0.0374450 0.0350908 0.0511168 0.0465708 0.0450015 0.0347867 0.0663013 0.0407782 0.0432647 0.0337199 0.0451397 0.0576514 0.0420565 0.0556690 0.0425033 0.0361386 0.0332469 0.0456542 0.0417747 0.0640957 0.0409547 0.0353043 0.0544594 0.0668702 0.0477721 0.0487383 0.0326002 0.0374211 0.0381258 0.0371035 0.0384919 0.0453606 0.0472209 0.0415112 0.0462309 0.0511802 0.0497713 0.0384063 0.0369757 0.0428359 0.0396832 0.0537827 0.0517539 0.0636101 0.0344724 0.0353024 0.0370228 0.0640568 0.0370377 0.0597792 0.0577769 0.0514861 0.0498068 0.1157033 0.1159077 0.0524932 0.0593200 0.0570206 
I0187_115_Trogonidae_Trogon_elegans                       0.0367905 0.0484845 0.0000000 0.0530187 0.0141642 0.0538716 0.0405467 0.0441526 0.0532429 0.0565059 0.0408661 0.0513631 0.0512466 0.0509542 0.0305119 0.0484153 0.0360587 0.0487286 0.0407713 0.0364491 0.0376472 0.0358227 0.0436824 0.0385335 0.0560901 0.0586661 0.0368958 0.0486465 0.0501983 0.0495504 0.0508426 0.0434176 0.0580983 0.0508341 0.0601187 0.0495696 0.0498099 0.0481059 0.0695997 0.0764726 0.0639035 0.0458629 0.0420221 0.0513578 0.0484078 0.0374725 0.0493584 0.0468210 0.0511419 0.0435796 0.0435630 0.0389553 0.0486990 0.0504282 0.0385138 0.0378800 0.0670056 0.0484709 0.0569192 0.0379193 0.0411194 0.0594623 0.0562825 0.0442451 0.0566374 0.0638779 0.0508362 0.0497259 0.0408394 0.0392946 0.0484073 0.0348229 0.0372544 0.0394273 0.0485962 0.0477549 0.0522444 0.0364539 0.0342642 0.0516743 0.0480092 0.0484246 0.0409751 0.0346128 0.0423086 0.0548466 0.0550315 0.0359375 0.0576130 0.0373668 0.0363340 0.0426360 0.0524568 0.0444237 0.0394054 0.0369385 0.0421248 0.0496986 0.0642023 0.0395549 0.0512147 0.0631506 0.0373229 0.0531044 0.0505326 0.0533538 0.0639483 0.0479891 0.0384516 0.0352350 0.0521077 0.0454416 0.0456911 0.0369124 0.0673204 0.0419149 0.0435461 0.0338671 0.0466054 0.0589601 0.0419527 0.0554621 0.0429137 0.0379027 0.0337979 0.0466617 0.0434616 0.0673380 0.0414850 0.0367090 0.0543836 0.0676458 0.0470539 0.0482617 0.0338255 0.0384926 0.0395964 0.0382067 0.0396736 0.0458675 0.0490821 0.0414997 0.0467521 0.0512502 0.0485289 0.0400345 0.0383799 0.0442575 0.0409423 0.0544661 0.0494637 0.0625391 0.0354698 0.0367239 0.0374864 0.0642758 0.0377943 0.0566067 0.0558022 0.0510543 0.0508694 0.1192775 0.1182169 0.0501455 0.0572836 0.0549174 
I0189_225_Eurylaimidae_Smithornis_rufolateralis           0.0406547 0.0521985 0.0530187 0.0000000 0.0523191 0.0573209 0.0444441 0.0478740 0.0575967 0.0597617 0.0451830 0.0355670 0.0571812 0.0587445 0.0333350 0.0318295 0.0385761 0.0310598 0.0438209 0.0380790 0.0400581 0.0382584 0.0474055 0.0427524 0.0419754 0.0442220 0.0394302 0.0303067 0.0319307 0.0526087 0.0537588 0.0467930 0.0418932 0.0321858 0.0646557 0.0314765 0.0324681 0.0297131 0.0706191 0.0780578 0.0689479 0.0505433 0.0447246 0.0318963 0.0303284 0.0413284 0.0505572 0.0288525 0.0328080 0.0468790 0.0462523 0.0421511 0.0317399 0.0517606 0.0413190 0.0417071 0.0723979 0.0307200 0.0606534 0.0407453 0.0437594 0.0653759 0.0603491 0.0463518 0.0601384 0.0673614 0.0323426 0.0310754 0.0435923 0.0415233 0.0308134 0.0393058 0.0408888 0.0428997 0.0496051 0.0537854 0.0560270 0.0387361 0.0372487 0.0544559 0.0508491 0.0499671 0.0448347 0.0393071 0.0449851 0.0594552 0.0573995 0.0391318 0.0612117 0.0409771 0.0391191 0.0453075 0.0546323 0.0470749 0.0435043 0.0401452 0.0456528 0.0502388 0.0684832 0.0428057 0.0565743 0.0687886 0.0405954 0.0345052 0.0529113 0.0387940 0.0670568 0.0484062 0.0420109 0.0382463 0.0245267 0.0484391 0.0471144 0.0389311 0.0731474 0.0445829 0.0457569 0.0385478 0.0502190 0.0617774 0.0435487 0.0284532 0.0454816 0.0403783 0.0380208 0.0492746 0.0465637 0.0686719 0.0437391 0.0395724 0.0589097 0.0705050 0.0320952 0.0302369 0.0366533 0.0410815 0.0432250 0.0417434 0.0422555 0.0484588 0.0498962 0.0452155 0.0497851 0.0334464 0.0311677 0.0429294 0.0416031 0.0464748 0.0446135 0.0259907 0.0356328 0.0663059 0.0391093 0.0403197 0.0410439 0.0659154 0.0419843 0.0416324 0.0394786 0.0341434 0.0195320 0.1178565 0.1179588 0.0357070 0.0416696 0.0396837 
I0190_295_Trogonidae_Apaloderma_aequatoriale              0.0363074 0.0474266 0.0141642 0.0523191 0.0000000 0.0531813 0.0403778 0.0431601 0.0523827 0.0557404 0.0410430 0.0509458 0.0507802 0.0509730 0.0296410 0.0480401 0.0348354 0.0480553 0.0400923 0.0362128 0.0370385 0.0353463 0.0428371 0.0386345 0.0551376 0.0580519 0.0368717 0.0479831 0.0497725 0.0497587 0.0508068 0.0426470 0.0574257 0.0502147 0.0601398 0.0492885 0.0494578 0.0470172 0.0685195 0.0745422 0.0646350 0.0448611 0.0415594 0.0506622 0.0480629 0.0366983 0.0494386 0.0459070 0.0506383 0.0431143 0.0430994 0.0377454 0.0479259 0.0502033 0.0380929 0.0378317 0.0662342 0.0480163 0.0562898 0.0368292 0.0405965 0.0590394 0.0567543 0.0433644 0.0553869 0.0641443 0.0505035 0.0496235 0.0395256 0.0388987 0.0478928 0.0343831 0.0369849 0.0389810 0.0482243 0.0460940 0.0514896 0.0359340 0.0337691 0.0513356 0.0478716 0.0479352 0.0399911 0.0343612 0.0418707 0.0552319 0.0543904 0.0351348 0.0571265 0.0360430 0.0353928 0.0421652 0.0520254 0.0435513 0.0382866 0.0368181 0.0409092 0.0493592 0.0645151 0.0386636 0.0517521 0.0633367 0.0371582 0.0523199 0.0503848 0.0534025 0.0635771 0.0468557 0.0378935 0.0350646 0.0515063 0.0458301 0.0455011 0.0362436 0.0668829 0.0415226 0.0429315 0.0339021 0.0460430 0.0578946 0.0415565 0.0548040 0.0426290 0.0372535 0.0335508 0.0464920 0.0431613 0.0659376 0.0407185 0.0362130 0.0532929 0.0683703 0.0465170 0.0476447 0.0332541 0.0378243 0.0384337 0.0375680 0.0391451 0.0453896 0.0478027 0.0411828 0.0466917 0.0507698 0.0478571 0.0394473 0.0375734 0.0435057 0.0400722 0.0534859 0.0496405 0.0626945 0.0351449 0.0359945 0.0369966 0.0643658 0.0372000 0.0560514 0.0555207 0.0504481 0.0502824 0.1185776 0.1174084 0.0501378 0.0564710 0.0544936 
I0191_344_Indicatoridae_Indicator_exilis                  0.0440118 0.0520778 0.0538716 0.0573209 0.0531813 0.0000000 0.0473550 0.0515636 0.0567910 0.0304652 0.0472782 0.0553548 0.0591440 0.0539670 0.0369131 0.0535191 0.0422574 0.0536255 0.0470676 0.0431570 0.0441803 0.0415648 0.0501318 0.0455701 0.0614343 0.0640457 0.0441024 0.0538447 0.0552193 0.0549535 0.0557606 0.0505399 0.0624592 0.0554707 0.0679841 0.0550574 0.0553054 0.0529515 0.0741933 0.0800776 0.0663743 0.0511090 0.0488519 0.0547166 0.0532347 0.0439313 0.0552954 0.0519590 0.0555913 0.0506936 0.0495389 0.0449927 0.0529240 0.0547570 0.0461630 0.0448197 0.0747470 0.0533061 0.0621371 0.0450042 0.0473149 0.0664293 0.0621051 0.0484798 0.0211666 0.0705581 0.0547941 0.0553467 0.0476781 0.0466632 0.0534669 0.0377656 0.0439168 0.0452664 0.0545892 0.0537956 0.0514798 0.0431727 0.0407433 0.0572230 0.0538682 0.0543732 0.0480841 0.0416660 0.0450922 0.0604619 0.0296512 0.0427530 0.0623003 0.0429702 0.0431996 0.0495453 0.0586055 0.0504868 0.0459859 0.0437130 0.0477388 0.0550484 0.0708955 0.0470785 0.0597216 0.0702244 0.0440050 0.0571912 0.0571423 0.0586753 0.0702474 0.0530389 0.0448836 0.0420931 0.0566386 0.0517993 0.0504169 0.0431786 0.0690672 0.0479316 0.0495878 0.0409117 0.0534253 0.0333819 0.0479149 0.0597569 0.0474289 0.0438422 0.0405579 0.0517331 0.0499379 0.0706787 0.0473319 0.0439686 0.0610765 0.0731656 0.0531046 0.0536020 0.0412859 0.0456186 0.0457008 0.0447683 0.0458362 0.0530301 0.0542912 0.0489965 0.0522032 0.0565260 0.0527268 0.0466193 0.0452778 0.0503370 0.0487251 0.0579858 0.0551569 0.0682386 0.0430528 0.0436360 0.0437810 0.0694521 0.0445031 0.0602746 0.0596152 0.0552694 0.0549983 0.1237254 0.1233365 0.0550849 0.0602129 0.0589766 
I0192_375_Musophagidae_Tauraco_macrorhynchus              0.0280701 0.0391992 0.0405467 0.0444441 0.0403778 0.0473550 0.0000000 0.0349513 0.0466436 0.0494460 0.0177869 0.0415249 0.0445927 0.0451369 0.0207169 0.0404697 0.0248071 0.0395443 0.0300429 0.0276365 0.0274075 0.0251587 0.0358185 0.0283579 0.0488345 0.0507872 0.0283025 0.0399533 0.0409870 0.0421536 0.0428879 0.0348724 0.0506265 0.0409098 0.0535247 0.0409664 0.0414059 0.0397651 0.0586298 0.0667234 0.0580606 0.0376148 0.0335160 0.0417237 0.0403380 0.0267716 0.0410560 0.0381083 0.0411291 0.0358571 0.0338330 0.0271268 0.0396334 0.0412874 0.0301340 0.0278187 0.0610111 0.0394832 0.0500493 0.0280499 0.0306602 0.0529493 0.0499815 0.0347893 0.0513644 0.0552344 0.0417075 0.0412444 0.0319628 0.0306280 0.0398596 0.0300630 0.0287075 0.0287107 0.0392102 0.0411998 0.0461958 0.0251066 0.0244844 0.0444515 0.0386320 0.0389587 0.0313587 0.0243692 0.0340891 0.0474765 0.0472040 0.0253123 0.0500338 0.0274116 0.0258482 0.0341369 0.0443903 0.0351047 0.0307728 0.0261001 0.0324557 0.0406130 0.0595674 0.0296168 0.0420663 0.0571437 0.0281376 0.0436916 0.0403087 0.0461324 0.0546727 0.0384040 0.0296821 0.0246525 0.0433172 0.0371940 0.0370870 0.0259451 0.0608811 0.0312834 0.0343092 0.0237784 0.0361156 0.0526470 0.0326588 0.0474037 0.0337110 0.0269688 0.0231849 0.0363328 0.0313039 0.0601692 0.0323040 0.0263460 0.0463513 0.0594858 0.0383510 0.0395910 0.0238002 0.0283434 0.0296571 0.0285931 0.0297583 0.0371431 0.0392533 0.0323705 0.0377931 0.0433448 0.0400851 0.0296419 0.0281585 0.0348995 0.0307894 0.0457666 0.0411853 0.0555036 0.0260715 0.0280056 0.0297903 0.0556576 0.0283269 0.0494622 0.0468614 0.0410758 0.0413007 0.1092407 0.1100058 0.0412768 0.0495127 0.0460885 
I0193_447_Columbidae_Treron_calvus                        0.0342546 0.0430187 0.0441526 0.0478740 0.0431601 0.0515636 0.0349513 0.0000000 0.0512050 0.0521030 0.0350246 0.0462616 0.0492212 0.0484241 0.0208209 0.0458763 0.0309907 0.0451628 0.0355637 0.0307055 0.0331540 0.0311978 0.0144525 0.0342880 0.0513472 0.0530414 0.0336640 0.0443126 0.0458956 0.0462806 0.0474008 0.0134752 0.0536388 0.0457400 0.0576228 0.0461078 0.0465103 0.0444072 0.0640902 0.0709682 0.0625594 0.0422032 0.0379534 0.0460568 0.0442306 0.0327589 0.0454336 0.0429820 0.0459426 0.0142429 0.0389922 0.0336159 0.0452347 0.0449334 0.0347456 0.0338586 0.0631247 0.0438758 0.0537311 0.0325337 0.0368933 0.0561331 0.0539985 0.0395817 0.0546287 0.0612391 0.0458829 0.0461806 0.0363646 0.0354081 0.0443321 0.0219157 0.0343729 0.0340369 0.0439214 0.0437646 0.0513173 0.0312175 0.0299192 0.0471816 0.0427346 0.0438630 0.0361838 0.0311245 0.0394199 0.0524121 0.0511433 0.0318306 0.0541660 0.0336659 0.0314655 0.0391130 0.0466091 0.0408308 0.0362153 0.0330884 0.0374825 0.0447269 0.0611189 0.0350714 0.0486387 0.0602342 0.0337003 0.0472339 0.0448771 0.0481201 0.0610939 0.0416866 0.0355633 0.0311531 0.0474021 0.0418602 0.0401782 0.0316667 0.0660545 0.0364149 0.0378011 0.0302570 0.0413571 0.0555954 0.0375377 0.0501159 0.0383180 0.0332332 0.0295373 0.0414472 0.0373853 0.0578043 0.0368231 0.0322716 0.0500761 0.0648098 0.0419451 0.0440549 0.0298935 0.0335773 0.0348227 0.0342717 0.0354050 0.0409127 0.0431389 0.0370156 0.0412930 0.0464605 0.0454453 0.0348885 0.0340293 0.0130208 0.0369366 0.0491400 0.0454296 0.0587352 0.0320183 0.0335591 0.0352273 0.0621286 0.0336988 0.0517727 0.0510592 0.0459159 0.0455650 0.1135373 0.1140865 0.0459058 0.0523945 0.0500170 
I0194_495_Alcedinidae_Alcedo_quadribrachys                0.0431413 0.0436841 0.0532429 0.0575967 0.0523827 0.0567910 0.0466436 0.0512050 0.0000000 0.0573548 0.0477839 0.0553937 0.0576671 0.0532675 0.0367990 0.0540486 0.0414923 0.0537515 0.0465137 0.0424945 0.0436960 0.0417105 0.0504775 0.0451561 0.0618470 0.0638592 0.0428385 0.0528986 0.0545054 0.0550611 0.0556359 0.0497850 0.0627293 0.0545090 0.0692476 0.0550302 0.0551266 0.0534889 0.0723873 0.0810916 0.0699148 0.0428492 0.0476257 0.0549072 0.0531245 0.0438151 0.0563998 0.0518228 0.0542639 0.0508861 0.0487543 0.0448447 0.0539732 0.0554782 0.0454786 0.0446359 0.0762280 0.0524948 0.0644802 0.0446780 0.0459830 0.0676937 0.0643379 0.0493048 0.0596989 0.0711289 0.0546619 0.0540762 0.0476164 0.0456374 0.0530782 0.0399200 0.0433970 0.0452291 0.0546799 0.0355628 0.0538669 0.0429893 0.0402281 0.0558863 0.0528489 0.0539745 0.0475726 0.0421867 0.0431251 0.0629352 0.0565007 0.0421877 0.0648186 0.0431741 0.0417750 0.0493081 0.0588241 0.0502825 0.0458466 0.0429616 0.0480576 0.0562543 0.0735071 0.0463126 0.0598108 0.0730062 0.0435227 0.0573387 0.0558718 0.0587455 0.0708008 0.0529364 0.0437248 0.0421406 0.0564840 0.0512732 0.0517089 0.0424478 0.0734316 0.0477770 0.0487916 0.0411780 0.0527857 0.0618173 0.0477220 0.0595797 0.0486095 0.0434436 0.0408439 0.0517149 0.0489169 0.0706260 0.0470903 0.0428369 0.0596802 0.0743437 0.0516109 0.0534091 0.0406772 0.0450355 0.0449570 0.0440580 0.0449186 0.0518481 0.0534478 0.0476472 0.0514897 0.0562588 0.0539509 0.0458317 0.0446767 0.0504958 0.0471553 0.0578886 0.0546586 0.0712990 0.0420261 0.0423645 0.0444804 0.0686034 0.0443757 0.0617983 0.0605216 0.0553813 0.0547791 0.1240054 0.1243941 0.0552254 0.0614519 0.0597718 
I0195_522_Ramphastidae_Buccanodon_duchaillui              0.0454098 0.0536135 0.0565059 0.0597617 0.0557404 0.0304652 0.0494460 0.0521030 0.0573548 0.0000000 0.0498889 0.0568800 0.0598548 0.0567524 0.0387186 0.0569753 0.0441597 0.0562955 0.0487215 0.0451281 0.0469230 0.0443209 0.0523803 0.0483127 0.0640480 0.0654265 0.0459597 0.0561985 0.0574875 0.0567954 0.0576894 0.0514148 0.0649927 0.0567179 0.0688957 0.0573217 0.0571202 0.0556793 0.0746822 0.0788804 0.0711778 0.0520185 0.0505191 0.0571761 0.0562202 0.0459702 0.0573273 0.0545494 0.0572196 0.0525842 0.0513218 0.0464806 0.0563505 0.0576617 0.0482583 0.0473106 0.0773039 0.0550824 0.0638562 0.0470151 0.0495705 0.0670490 0.0640743 0.0498324 0.0332513 0.0707662 0.0572510 0.0573616 0.0502135 0.0488180 0.0557255 0.0393307 0.0462112 0.0467396 0.0564324 0.0550302 0.0526446 0.0447281 0.0429537 0.0585731 0.0553127 0.0565098 0.0509726 0.0438932 0.0469983 0.0627124 0.0180635 0.0454959 0.0640674 0.0455895 0.0437900 0.0513342 0.0599859 0.0520712 0.0476686 0.0460960 0.0503130 0.0567703 0.0739977 0.0492694 0.0611834 0.0730553 0.0459459 0.0601824 0.0588664 0.0609248 0.0704263 0.0553558 0.0462926 0.0434780 0.0589289 0.0535693 0.0527798 0.0446677 0.0739098 0.0495992 0.0513268 0.0426917 0.0542880 0.0250766 0.0503018 0.0622823 0.0499340 0.0457917 0.0426242 0.0537668 0.0523724 0.0718582 0.0491956 0.0446178 0.0624250 0.0743475 0.0543213 0.0556098 0.0427353 0.0470611 0.0476202 0.0465295 0.0481038 0.0544069 0.0552102 0.0508596 0.0542267 0.0581504 0.0562092 0.0487126 0.0473084 0.0521510 0.0503839 0.0599950 0.0571991 0.0714063 0.0452545 0.0450045 0.0450954 0.0705021 0.0464339 0.0632387 0.0614230 0.0562874 0.0570156 0.1253649 0.1248860 0.0575828 0.0625994 0.0605887 
I0196_523_Musophagidae_Corythaeola_cristata               0.0282412 0.0397578 0.0408661 0.0451830 0.0410430 0.0472782 0.0177869 0.0350246 0.0477839 0.0498889 0.0000000 0.0432908 0.0459733 0.0452721 0.0213838 0.0412241 0.0255654 0.0406510 0.0316061 0.0277381 0.0287391 0.0265720 0.0356699 0.0294511 0.0500681 0.0517543 0.0290483 0.0410870 0.0420403 0.0426082 0.0430407 0.0345326 0.0515028 0.0416247 0.0550442 0.0419976 0.0425739 0.0408768 0.0601404 0.0666311 0.0583728 0.0381964 0.0340611 0.0420835 0.0408016 0.0285965 0.0412823 0.0393562 0.0417865 0.0356528 0.0345309 0.0290418 0.0408943 0.0418178 0.0305324 0.0292047 0.0613886 0.0405107 0.0509094 0.0286544 0.0320195 0.0544609 0.0506493 0.0351922 0.0505169 0.0553189 0.0420963 0.0423036 0.0318357 0.0308518 0.0408689 0.0301042 0.0286465 0.0300160 0.0401125 0.0423475 0.0472983 0.0262110 0.0254531 0.0446863 0.0397967 0.0388000 0.0321995 0.0251335 0.0350274 0.0484864 0.0483761 0.0269574 0.0513012 0.0286515 0.0268794 0.0347771 0.0444343 0.0358015 0.0320263 0.0274660 0.0326403 0.0407034 0.0598554 0.0304791 0.0435268 0.0574736 0.0284678 0.0441479 0.0409812 0.0464528 0.0546290 0.0391276 0.0305676 0.0256242 0.0442469 0.0384680 0.0365739 0.0275066 0.0612051 0.0324993 0.0347693 0.0244579 0.0372367 0.0524598 0.0335437 0.0480264 0.0344137 0.0276129 0.0238660 0.0377243 0.0327353 0.0593445 0.0323056 0.0277007 0.0464917 0.0597918 0.0390021 0.0403698 0.0246140 0.0289463 0.0305285 0.0291528 0.0313817 0.0373629 0.0388809 0.0339189 0.0384475 0.0436585 0.0410267 0.0308344 0.0285877 0.0344696 0.0315092 0.0459286 0.0422462 0.0563881 0.0268232 0.0284324 0.0303288 0.0563454 0.0289082 0.0511284 0.0483390 0.0423987 0.0419282 0.1116547 0.1115766 0.0425479 0.0501492 0.0475770 
I0197_832_Corvidae_Corvus_albus                           0.0398373 0.0517407 0.0513631 0.0355670 0.0509458 0.0553548 0.0415249 0.0462616 0.0553937 0.0568800 0.0432908 0.0000000 0.0555128 0.0555003 0.0324653 0.0321581 0.0371014 0.0318458 0.0414408 0.0380738 0.0390725 0.0374954 0.0465051 0.0403490 0.0257839 0.0268806 0.0385737 0.0318052 0.0334396 0.0515366 0.0524677 0.0458268 0.0255045 0.0335685 0.0620261 0.0327744 0.0335103 0.0314414 0.0702632 0.0776702 0.0662010 0.0489453 0.0432420 0.0329735 0.0315030 0.0389532 0.0496527 0.0299214 0.0336218 0.0464772 0.0449676 0.0400643 0.0319175 0.0504225 0.0396742 0.0408021 0.0690759 0.0315559 0.0587604 0.0392169 0.0417751 0.0618128 0.0595629 0.0443429 0.0576890 0.0646941 0.0333903 0.0322910 0.0424759 0.0400757 0.0314757 0.0384300 0.0398915 0.0403915 0.0488223 0.0511602 0.0552085 0.0385544 0.0361043 0.0536537 0.0492797 0.0483521 0.0436123 0.0362336 0.0444887 0.0572525 0.0549693 0.0382326 0.0591225 0.0395857 0.0375263 0.0440310 0.0539625 0.0458227 0.0417644 0.0381879 0.0433193 0.0493166 0.0665419 0.0414652 0.0545647 0.0657669 0.0395273 0.0368617 0.0513646 0.0287010 0.0649018 0.0476425 0.0402933 0.0363872 0.0361225 0.0465412 0.0455286 0.0381615 0.0705513 0.0427071 0.0441890 0.0360764 0.0482169 0.0595446 0.0432469 0.0397088 0.0445680 0.0393704 0.0362605 0.0491794 0.0444632 0.0685546 0.0431172 0.0382534 0.0566365 0.0690038 0.0219732 0.0313237 0.0358646 0.0400224 0.0408149 0.0401829 0.0411817 0.0478769 0.0485826 0.0431465 0.0507105 0.0352780 0.0315217 0.0411003 0.0399950 0.0450835 0.0417705 0.0369935 0.0228419 0.0639992 0.0374967 0.0396717 0.0405203 0.0639173 0.0400843 0.0261550 0.0229644 0.0110986 0.0336375 0.1174129 0.1179039 0.0231247 0.0256480 0.0233407 
I0198_937_Bucerotidae_Tockus_camurus                      0.0415310 0.0515380 0.0512466 0.0571812 0.0507802 0.0591440 0.0445927 0.0492212 0.0576671 0.0598548 0.0459733 0.0555128 0.0000000 0.0569431 0.0335506 0.0550395 0.0394479 0.0540691 0.0452435 0.0400963 0.0428143 0.0393493 0.0501308 0.0428262 0.0625981 0.0646640 0.0423298 0.0528712 0.0549752 0.0542597 0.0565162 0.0495760 0.0639004 0.0543226 0.0657424 0.0548623 0.0554298 0.0542930 0.0735260 0.0827863 0.0673014 0.0489469 0.0466225 0.0536043 0.0532204 0.0408482 0.0544572 0.0526091 0.0539330 0.0490758 0.0472735 0.0410888 0.0540766 0.0542466 0.0440517 0.0422230 0.0739018 0.0527965 0.0625082 0.0418160 0.0465611 0.0650302 0.0621466 0.0482313 0.0617618 0.0705692 0.0548340 0.0551834 0.0449287 0.0447426 0.0535406 0.0413115 0.0419587 0.0431965 0.0543910 0.0514121 0.0573630 0.0401818 0.0380174 0.0580573 0.0510115 0.0527633 0.0457545 0.0393453 0.0460883 0.0612387 0.0579840 0.0402915 0.0634223 0.0412294 0.0406471 0.0479491 0.0565377 0.0488394 0.0444558 0.0412779 0.0457709 0.0543820 0.0706983 0.0437889 0.0564086 0.0703900 0.0426198 0.0559130 0.0542394 0.0600247 0.0694976 0.0526177 0.0435886 0.0399637 0.0564421 0.0508409 0.0505981 0.0402122 0.0670218 0.0464454 0.0484547 0.0388564 0.0506851 0.0632297 0.0469222 0.0596616 0.0480083 0.0414339 0.0385187 0.0508680 0.0472864 0.0690230 0.0465106 0.0407524 0.0579492 0.0740178 0.0519215 0.0540211 0.0379939 0.0426351 0.0435015 0.0432060 0.0435236 0.0499252 0.0517760 0.0464653 0.0506556 0.0573666 0.0546000 0.0437366 0.0423787 0.0491610 0.0449266 0.0580038 0.0547412 0.0689290 0.0404110 0.0411748 0.0415021 0.0702061 0.0432492 0.0623854 0.0606841 0.0550298 0.0543826 0.1229997 0.1228925 0.0552169 0.0629235 0.0602061 
I0199_955_Meropidae_Merops_muelleri                       0.0421019 0.0475754 0.0509542 0.0587445 0.0509730 0.0539670 0.0451369 0.0484241 0.0532675 0.0567524 0.0452721 0.0555003 0.0569431 0.0000000 0.0353284 0.0539119 0.0404483 0.0537243 0.0454123 0.0423268 0.0437015 0.0405981 0.0492101 0.0446922 0.0607939 0.0628248 0.0430670 0.0540513 0.0547804 0.0545901 0.0550356 0.0484813 0.0627166 0.0557300 0.0641889 0.0555268 0.0542476 0.0535107 0.0732679 0.0784100 0.0643760 0.0447310 0.0464585 0.0554992 0.0535448 0.0425540 0.0540560 0.0525750 0.0546021 0.0497319 0.0486970 0.0427745 0.0535887 0.0548975 0.0441397 0.0439898 0.0717186 0.0531755 0.0611135 0.0432549 0.0459255 0.0638657 0.0612123 0.0491117 0.0566778 0.0710742 0.0562749 0.0555555 0.0462676 0.0447339 0.0534991 0.0381289 0.0423192 0.0432952 0.0517425 0.0472933 0.0544537 0.0421661 0.0385577 0.0563714 0.0531543 0.0525127 0.0468444 0.0397662 0.0422080 0.0596659 0.0559101 0.0415625 0.0617210 0.0415042 0.0409422 0.0474364 0.0544509 0.0490382 0.0451819 0.0419992 0.0463817 0.0536782 0.0685187 0.0454956 0.0578295 0.0682302 0.0427554 0.0572071 0.0551500 0.0565647 0.0699838 0.0511397 0.0426955 0.0401766 0.0576248 0.0522866 0.0495758 0.0415689 0.0671587 0.0469070 0.0485343 0.0389835 0.0508265 0.0584012 0.0487753 0.0616842 0.0474950 0.0425299 0.0381603 0.0500303 0.0472822 0.0692402 0.0460574 0.0418091 0.0566291 0.0743374 0.0516038 0.0538918 0.0394200 0.0443763 0.0438853 0.0442066 0.0463206 0.0527926 0.0536685 0.0461593 0.0498567 0.0560544 0.0534220 0.0445140 0.0430293 0.0486120 0.0469764 0.0597861 0.0543063 0.0673554 0.0405307 0.0419761 0.0433688 0.0695323 0.0436843 0.0600530 0.0596691 0.0549466 0.0564077 0.1227336 0.1235070 0.0548985 0.0606270 0.0581222 
I0202_1066_Cathartidae_Cathartes_burrovianus              0.0159828 0.0289293 0.0305119 0.0333350 0.0296410 0.0369131 0.0207169 0.0208209 0.0367990 0.0387186 0.0213838 0.0324653 0.0335506 0.0353284 0.0000000 0.0311258 0.0138902 0.0303034 0.0198304 0.0154951 0.0172575 0.0141597 0.0230684 0.0179896 0.0407482 0.0429402 0.0165370 0.0296888 0.0315153 0.0317652 0.0324431 0.0223035 0.0412549 0.0314272 0.0435372 0.0314412 0.0317448 0.0298786 0.0485751 0.0574741 0.0469992 0.0262503 0.0220820 0.0320508 0.0298211 0.0163261 0.0292960 0.0281355 0.0318422 0.0227869 0.0227705 0.0169229 0.0306547 0.0308157 0.0186683 0.0176263 0.0512898 0.0296086 0.0385029 0.0167795 0.0214603 0.0426827 0.0378087 0.0233688 0.0402812 0.0447067 0.0324531 0.0308460 0.0211281 0.0187070 0.0297536 0.0202939 0.0158534 0.0187316 0.0284285 0.0308440 0.0341144 0.0152345 0.0030463 0.0343434 0.0277345 0.0280467 0.0212574 0.0137264 0.0221136 0.0368191 0.0371600 0.0153419 0.0388310 0.0147083 0.0146794 0.0247505 0.0346456 0.0260414 0.0194171 0.0160122 0.0216290 0.0292445 0.0486580 0.0189910 0.0328452 0.0475656 0.0178478 0.0346926 0.0307986 0.0371965 0.0449315 0.0270189 0.0178809 0.0141464 0.0329119 0.0266505 0.0256821 0.0155217 0.0502604 0.0213141 0.0243082 0.0129329 0.0260910 0.0423336 0.0215985 0.0370272 0.0237895 0.0164573 0.0124116 0.0282365 0.0214418 0.0491272 0.0215965 0.0150974 0.0370356 0.0491564 0.0279835 0.0293791 0.0130659 0.0175525 0.0190385 0.0169659 0.0184726 0.0258934 0.0281416 0.0213284 0.0292489 0.0342258 0.0306628 0.0187403 0.0180215 0.0223543 0.0204885 0.0353696 0.0317665 0.0455836 0.0149351 0.0153927 0.0176025 0.0447375 0.0167621 0.0402760 0.0373404 0.0320355 0.0313976 0.0979730 0.0986237 0.0321569 0.0401618 0.0379586 
I0203_1087_Tyrannidae_Hymenops_perspicillatus             0.0377933 0.0504983 0.0484153 0.0318295 0.0480401 0.0535191 0.0404697 0.0458763 0.0540486 0.0569753 0.0412241 0.0321581 0.0550395 0.0539119 0.0311258 0.0000000 0.0357202 0.0097861 0.0404511 0.0373779 0.0380817 0.0356142 0.0451954 0.0393156 0.0393739 0.0411574 0.0370452 0.0152356 0.0162683 0.0497392 0.0506037 0.0442854 0.0389904 0.0269542 0.0587154 0.0152982 0.0151955 0.0143690 0.0685360 0.0760032 0.0663294 0.0477771 0.0424896 0.0266986 0.0157164 0.0382167 0.0477486 0.0140243 0.0263390 0.0447859 0.0438251 0.0393112 0.0072031 0.0477522 0.0384484 0.0383679 0.0673130 0.0143616 0.0570586 0.0381762 0.0402140 0.0601717 0.0568464 0.0434792 0.0567260 0.0638311 0.0266396 0.0147981 0.0419793 0.0391065 0.0143156 0.0373946 0.0380734 0.0396900 0.0470826 0.0492531 0.0542467 0.0368516 0.0346310 0.0519164 0.0478014 0.0467343 0.0423136 0.0352775 0.0437663 0.0556980 0.0547654 0.0361456 0.0576249 0.0384258 0.0355328 0.0430816 0.0519915 0.0441138 0.0407492 0.0366169 0.0425311 0.0482870 0.0647088 0.0401632 0.0538426 0.0646266 0.0383286 0.0287377 0.0510578 0.0366437 0.0636563 0.0449695 0.0392787 0.0352913 0.0314247 0.0455859 0.0437703 0.0371933 0.0686335 0.0420110 0.0429237 0.0349594 0.0471539 0.0575128 0.0425349 0.0350636 0.0432667 0.0379144 0.0345281 0.0478883 0.0428012 0.0662043 0.0411073 0.0368445 0.0549325 0.0683447 0.0286026 0.0153205 0.0343036 0.0383988 0.0407947 0.0387947 0.0404572 0.0468755 0.0484372 0.0417089 0.0482381 0.0281396 0.0092395 0.0395338 0.0387185 0.0437713 0.0405799 0.0328308 0.0308978 0.0614356 0.0367432 0.0380644 0.0392371 0.0629367 0.0386908 0.0387790 0.0366724 0.0309874 0.0292724 0.1171539 0.1177148 0.0310528 0.0386253 0.0370425 
I0204_1174_Threskiornithidae_Harpiprion_caerulescens      0.0213840 0.0344389 0.0360587 0.0385761 0.0348354 0.0422574 0.0248071 0.0309907 0.0414923 0.0441597 0.0255654 0.0371014 0.0394479 0.0404483 0.0138902 0.0357202 0.0000000 0.0348946 0.0240875 0.0207328 0.0214214 0.0166485 0.0312208 0.0230246 0.0450629 0.0472508 0.0214397 0.0348178 0.0362889 0.0359130 0.0374233 0.0304688 0.0458653 0.0363590 0.0476857 0.0362605 0.0365942 0.0347418 0.0510445 0.0620135 0.0524782 0.0318678 0.0273890 0.0370109 0.0348811 0.0183160 0.0342862 0.0335986 0.0365181 0.0306985 0.0271288 0.0192822 0.0351337 0.0345517 0.0235889 0.0221346 0.0567268 0.0347542 0.0439471 0.0190399 0.0259229 0.0479611 0.0432920 0.0279128 0.0450170 0.0494072 0.0368963 0.0355204 0.0253480 0.0240590 0.0346104 0.0246929 0.0216139 0.0229540 0.0333283 0.0352435 0.0392573 0.0171436 0.0168133 0.0386274 0.0332597 0.0326770 0.0257579 0.0171097 0.0278445 0.0422676 0.0418660 0.0194026 0.0441982 0.0203208 0.0180436 0.0287928 0.0386997 0.0302446 0.0246902 0.0202897 0.0261856 0.0344731 0.0538530 0.0216934 0.0373944 0.0524581 0.0218625 0.0391768 0.0353719 0.0417324 0.0493894 0.0316203 0.0231383 0.0171089 0.0377208 0.0312919 0.0299057 0.0175180 0.0560979 0.0257580 0.0277708 0.0160472 0.0314327 0.0475068 0.0257461 0.0419414 0.0276064 0.0206305 0.0159299 0.0322055 0.0259516 0.0538601 0.0254817 0.0186958 0.0407539 0.0539702 0.0331023 0.0349529 0.0156492 0.0216539 0.0210548 0.0221753 0.0234113 0.0295606 0.0321508 0.0262878 0.0328735 0.0393321 0.0351366 0.0233927 0.0221368 0.0301727 0.0246066 0.0400998 0.0360176 0.0504577 0.0178663 0.0211798 0.0225682 0.0501787 0.0220816 0.0455777 0.0425773 0.0363401 0.0368702 0.1032553 0.1045315 0.0363949 0.0448521 0.0421473 
I0205_1183_Tyrannidae_Hirundinea_ferruginea               0.0368527 0.0498610 0.0487286 0.0310598 0.0480553 0.0536255 0.0395443 0.0451628 0.0537515 0.0562955 0.0406510 0.0318458 0.0540691 0.0537243 0.0303034 0.0097861 0.0348946 0.0000000 0.0394959 0.0362865 0.0375412 0.0349082 0.0442408 0.0382573 0.0390541 0.0410692 0.0361462 0.0142372 0.0153075 0.0493146 0.0500185 0.0437281 0.0392350 0.0260776 0.0599135 0.0145118 0.0146113 0.0140365 0.0674005 0.0745942 0.0662356 0.0472544 0.0415852 0.0263331 0.0151280 0.0372361 0.0471605 0.0132033 0.0258756 0.0440308 0.0432841 0.0385200 0.0097280 0.0478478 0.0371235 0.0375094 0.0677753 0.0139318 0.0568082 0.0374912 0.0399893 0.0593982 0.0566388 0.0436098 0.0564386 0.0629421 0.0260350 0.0145850 0.0411743 0.0375729 0.0137739 0.0362412 0.0372396 0.0390210 0.0462010 0.0491785 0.0534167 0.0359062 0.0341151 0.0511509 0.0472039 0.0458869 0.0416509 0.0347373 0.0430323 0.0554837 0.0539949 0.0357252 0.0576018 0.0376308 0.0348471 0.0422702 0.0515297 0.0436439 0.0403484 0.0361207 0.0417765 0.0477623 0.0647154 0.0391198 0.0531471 0.0647918 0.0372221 0.0282369 0.0491991 0.0361441 0.0629281 0.0445510 0.0388031 0.0351556 0.0305034 0.0453729 0.0433211 0.0365693 0.0681731 0.0412715 0.0425917 0.0342834 0.0467401 0.0581699 0.0412184 0.0350149 0.0429238 0.0371018 0.0339646 0.0467084 0.0424514 0.0666983 0.0406070 0.0359468 0.0546390 0.0669787 0.0278577 0.0144256 0.0336278 0.0377512 0.0397284 0.0378804 0.0399063 0.0463970 0.0475683 0.0416098 0.0471819 0.0278889 0.0093787 0.0392481 0.0377502 0.0432214 0.0402812 0.0320832 0.0309676 0.0620143 0.0361562 0.0369138 0.0387360 0.0623924 0.0379522 0.0389903 0.0364384 0.0305621 0.0290323 0.1172180 0.1173933 0.0310693 0.0390950 0.0369317 
I0206_1192_Laridae_Chroicocephalus_cirrocephalus          0.0262541 0.0393666 0.0407713 0.0438209 0.0400923 0.0470676 0.0300429 0.0355637 0.0465137 0.0487215 0.0316061 0.0414408 0.0452435 0.0454123 0.0198304 0.0404511 0.0240875 0.0394959 0.0000000 0.0259018 0.0223850 0.0237746 0.0354058 0.0237677 0.0499728 0.0519666 0.0273960 0.0395390 0.0407936 0.0405087 0.0419087 0.0351636 0.0510400 0.0408224 0.0526605 0.0408986 0.0414989 0.0394456 0.0581320 0.0679962 0.0575458 0.0368557 0.0328669 0.0415987 0.0394964 0.0262841 0.0391659 0.0381306 0.0413095 0.0356645 0.0320501 0.0272909 0.0398624 0.0397049 0.0285816 0.0267923 0.0608103 0.0393008 0.0495081 0.0263263 0.0310544 0.0523420 0.0487410 0.0334380 0.0499412 0.0555068 0.0415819 0.0409028 0.0304135 0.0285221 0.0393185 0.0292201 0.0267208 0.0086088 0.0387664 0.0413950 0.0447534 0.0243512 0.0232818 0.0436636 0.0310019 0.0376755 0.0305233 0.0239788 0.0327856 0.0477433 0.0473604 0.0249593 0.0499728 0.0261412 0.0253067 0.0334736 0.0442627 0.0352649 0.0301315 0.0216182 0.0316523 0.0388387 0.0572761 0.0285738 0.0427335 0.0562951 0.0268433 0.0437219 0.0397597 0.0467903 0.0550343 0.0372677 0.0284311 0.0241165 0.0425852 0.0355442 0.0355145 0.0244819 0.0608804 0.0106333 0.0340272 0.0234883 0.0344517 0.0519612 0.0311611 0.0466227 0.0323856 0.0263364 0.0228347 0.0381416 0.0126137 0.0515388 0.0311114 0.0257886 0.0460663 0.0600245 0.0380805 0.0396706 0.0226834 0.0267672 0.0285209 0.0270898 0.0284306 0.0349721 0.0370064 0.0242805 0.0386482 0.0433234 0.0400554 0.0218517 0.0273484 0.0358835 0.0293383 0.0442028 0.0415647 0.0548650 0.0249743 0.0259750 0.0281320 0.0549713 0.0268076 0.0499239 0.0472196 0.0410831 0.0415555 0.1072567 0.1076064 0.0420996 0.0489841 0.0468659 
I0208_1208_Strigidae_Strix_varia                          0.0219664 0.0340611 0.0364491 0.0380790 0.0362128 0.0431570 0.0276365 0.0307055 0.0424945 0.0451281 0.0277381 0.0380738 0.0400963 0.0423268 0.0154951 0.0373779 0.0207328 0.0362865 0.0259018 0.0000000 0.0230822 0.0205037 0.0313544 0.0247404 0.0454333 0.0478805 0.0229756 0.0353258 0.0367976 0.0382882 0.0390327 0.0313271 0.0467632 0.0365390 0.0493598 0.0366245 0.0373540 0.0353784 0.0545859 0.0633544 0.0530697 0.0327222 0.0282612 0.0367631 0.0351859 0.0222513 0.0360349 0.0339064 0.0370811 0.0313739 0.0289569 0.0231343 0.0366940 0.0365140 0.0246875 0.0243029 0.0570254 0.0355377 0.0461260 0.0225879 0.0277785 0.0494441 0.0450930 0.0300838 0.0462618 0.0513130 0.0363809 0.0370866 0.0274759 0.0248932 0.0355489 0.0246937 0.0221442 0.0249740 0.0349196 0.0365567 0.0405554 0.0216713 0.0185861 0.0400905 0.0345115 0.0343453 0.0276960 0.0203232 0.0286731 0.0445691 0.0431966 0.0212573 0.0466245 0.0218627 0.0216606 0.0306009 0.0391407 0.0321228 0.0262300 0.0225933 0.0279861 0.0355964 0.0548583 0.0245004 0.0393377 0.0533452 0.0238270 0.0398839 0.0360388 0.0422271 0.0509930 0.0340531 0.0237992 0.0202937 0.0378969 0.0330900 0.0324147 0.0212948 0.0575783 0.0271433 0.0300414 0.0197261 0.0330701 0.0490330 0.0281306 0.0409483 0.0303120 0.0229764 0.0195934 0.0341779 0.0281073 0.0541952 0.0278309 0.0224294 0.0429116 0.0555138 0.0339925 0.0352966 0.0190715 0.0240631 0.0250888 0.0234922 0.0246693 0.0318937 0.0330809 0.0277023 0.0343588 0.0397330 0.0364961 0.0253620 0.0248536 0.0307817 0.0272265 0.0393689 0.0376577 0.0517749 0.0214710 0.0209647 0.0208109 0.0513334 0.0234247 0.0461609 0.0430461 0.0378186 0.0363111 0.1024624 0.1040670 0.0382520 0.0458912 0.0435132 
I0209_1223_Burhinidae_Burhinus_oedicnemus                 0.0237698 0.0368832 0.0376472 0.0400581 0.0370385 0.0441803 0.0274075 0.0331540 0.0436960 0.0469230 0.0287391 0.0390725 0.0428143 0.0437015 0.0172575 0.0380817 0.0214214 0.0375412 0.0223850 0.0230822 0.0000000 0.0209324 0.0327781 0.0200135 0.0471601 0.0490725 0.0239104 0.0370439 0.0391662 0.0377210 0.0387127 0.0321358 0.0478032 0.0386044 0.0507477 0.0386368 0.0389703 0.0368569 0.0559715 0.0643094 0.0557089 0.0349883 0.0300699 0.0392869 0.0369710 0.0240138 0.0372388 0.0360173 0.0393313 0.0325991 0.0291231 0.0247626 0.0377546 0.0366269 0.0261643 0.0239918 0.0585495 0.0372805 0.0473057 0.0235490 0.0273638 0.0501496 0.0463580 0.0307701 0.0482073 0.0511679 0.0388970 0.0382749 0.0279944 0.0264775 0.0373204 0.0271180 0.0239556 0.0210034 0.0369793 0.0385841 0.0417928 0.0220512 0.0205756 0.0405761 0.0317410 0.0358836 0.0281036 0.0211111 0.0301133 0.0453462 0.0455813 0.0214196 0.0474030 0.0231172 0.0224420 0.0309593 0.0409606 0.0328725 0.0267373 0.0178744 0.0290064 0.0370840 0.0552014 0.0260796 0.0406776 0.0543578 0.0239268 0.0420153 0.0366190 0.0450364 0.0510780 0.0352374 0.0254659 0.0209417 0.0396409 0.0321027 0.0330227 0.0216938 0.0598246 0.0237052 0.0309390 0.0204628 0.0328536 0.0500975 0.0283776 0.0432506 0.0304124 0.0229302 0.0199547 0.0346791 0.0236990 0.0530176 0.0288330 0.0231388 0.0446510 0.0552403 0.0353034 0.0369529 0.0192652 0.0237704 0.0269131 0.0248155 0.0252334 0.0325609 0.0340104 0.0249795 0.0359131 0.0417978 0.0378459 0.0222103 0.0240689 0.0328733 0.0272342 0.0413148 0.0388245 0.0521574 0.0225081 0.0231060 0.0253882 0.0512004 0.0243833 0.0470517 0.0443342 0.0389053 0.0380028 0.1042555 0.1043489 0.0392718 0.0469862 0.0440123 
I0210_1226_Ciconiidae_Ciconia_nigra                       0.0206343 0.0344122 0.0358227 0.0382584 0.0353463 0.0415648 0.0251587 0.0311978 0.0417105 0.0443209 0.0265720 0.0374954 0.0393493 0.0405981 0.0141597 0.0356142 0.0166485 0.0349082 0.0237746 0.0205037 0.0209324 0.0000000 0.0310215 0.0222853 0.0451170 0.0470318 0.0218193 0.0350107 0.0358597 0.0357544 0.0365145 0.0310797 0.0457541 0.0365192 0.0470905 0.0361701 0.0365531 0.0345836 0.0531215 0.0623687 0.0523275 0.0315953 0.0274463 0.0372669 0.0349056 0.0191389 0.0340920 0.0332592 0.0368793 0.0312709 0.0265066 0.0202759 0.0351143 0.0341658 0.0234617 0.0221849 0.0560068 0.0348471 0.0439241 0.0191590 0.0258672 0.0469260 0.0427740 0.0281729 0.0451539 0.0491585 0.0368802 0.0357107 0.0258236 0.0238830 0.0341677 0.0244562 0.0211952 0.0227173 0.0337508 0.0358943 0.0392031 0.0179788 0.0172414 0.0385160 0.0331183 0.0329214 0.0258778 0.0167323 0.0275074 0.0417753 0.0418124 0.0196386 0.0442432 0.0203937 0.0177394 0.0287245 0.0391074 0.0301505 0.0243351 0.0208821 0.0258691 0.0340167 0.0532537 0.0223405 0.0364919 0.0520463 0.0218309 0.0394717 0.0348945 0.0419233 0.0492125 0.0322405 0.0230476 0.0168874 0.0376703 0.0299373 0.0308255 0.0175474 0.0565056 0.0251745 0.0284449 0.0163501 0.0317092 0.0472029 0.0257921 0.0416021 0.0269693 0.0212095 0.0158714 0.0329036 0.0252795 0.0553690 0.0255523 0.0181069 0.0416511 0.0545225 0.0332882 0.0344526 0.0157503 0.0218273 0.0219641 0.0219644 0.0232368 0.0305921 0.0319287 0.0255966 0.0345141 0.0390604 0.0353105 0.0235066 0.0227579 0.0311539 0.0250389 0.0394722 0.0370011 0.0502494 0.0180324 0.0203357 0.0226250 0.0500393 0.0215716 0.0460774 0.0429120 0.0366552 0.0361186 0.1028492 0.1042235 0.0372378 0.0456550 0.0428057 
I0211_1232_Columbidae_Columba_livia                       0.0343086 0.0429178 0.0436824 0.0474055 0.0428371 0.0501318 0.0358185 0.0144525 0.0504775 0.0523803 0.0356699 0.0465051 0.0501308 0.0492101 0.0230684 0.0451954 0.0312208 0.0442408 0.0354058 0.0313544 0.0327781 0.0310215 0.0000000 0.0346902 0.0517610 0.0535564 0.0337297 0.0438499 0.0452993 0.0459173 0.0469904 0.0110169 0.0533133 0.0448878 0.0575820 0.0455197 0.0462251 0.0435976 0.0635711 0.0703232 0.0624506 0.0425182 0.0383775 0.0455860 0.0438460 0.0329674 0.0450160 0.0424734 0.0453862 0.0146317 0.0383986 0.0337280 0.0450444 0.0444181 0.0352410 0.0331354 0.0640517 0.0436290 0.0537694 0.0327531 0.0363894 0.0569198 0.0536145 0.0393637 0.0531413 0.0604047 0.0460045 0.0454520 0.0365933 0.0353238 0.0435125 0.0154206 0.0344558 0.0335708 0.0432934 0.0452698 0.0502330 0.0314968 0.0301037 0.0472467 0.0434986 0.0435773 0.0361991 0.0313837 0.0394913 0.0522283 0.0507226 0.0318006 0.0543650 0.0327610 0.0313080 0.0396375 0.0473643 0.0411548 0.0362779 0.0323466 0.0374335 0.0446484 0.0617562 0.0345096 0.0482714 0.0608208 0.0339716 0.0479351 0.0451102 0.0486958 0.0603685 0.0420035 0.0357527 0.0315111 0.0468526 0.0410995 0.0407794 0.0314939 0.0661104 0.0363356 0.0375816 0.0303851 0.0412550 0.0553021 0.0372534 0.0499185 0.0385602 0.0334901 0.0300571 0.0411138 0.0376212 0.0587329 0.0368566 0.0321064 0.0502253 0.0644657 0.0425252 0.0434011 0.0300539 0.0339407 0.0353658 0.0344237 0.0355977 0.0416710 0.0434074 0.0378445 0.0412432 0.0470508 0.0447089 0.0350405 0.0341540 0.0139715 0.0366700 0.0486298 0.0456368 0.0600014 0.0325807 0.0336808 0.0349034 0.0607635 0.0342304 0.0525049 0.0513437 0.0458667 0.0450585 0.1139101 0.1134905 0.0459660 0.0529011 0.0506005 
