35
Burramyidae_Burramys_parvus                  0.0000000 0.1102891 0.0959180 0.0776291 0.0804359 0.1247488 0.0530840 0.0483493 0.0836552 0.1372581 0.0544925 0.1274931 0.1460178 0.0616340 0.0704253 0.1261210 0.1202805 0.1271785 0.1334054 0.0842755 0.0669423 0.1635461 0.1780473 0.1323389 0.0880331 0.1220716 0.0758920 0.0864294 0.0686435 0.1062059 0.0608575 0.0560026 0.1338840 0.1243599 0.1372854 
Notoryctidae_Notoryctes_typhlops             0.1102891 0.0000000 0.1289213 0.1243940 0.1319071 0.1302516 0.1064463 0.1080718 0.1409063 0.1260579 0.1094306 0.1231590 0.1311297 0.1129596 0.1214348 0.1207522 0.1259651 0.1271673 0.1227042 0.1238437 0.1111607 0.1577414 0.1762559 0.1233529 0.1426056 0.1138322 0.1194658 0.1302822 0.1141341 0.1665706 0.1284673 0.1089375 0.1308426 0.1309999 0.1288363 
Vombatidae_Lasiorhinus_latifrons             0.0959180 0.1289213 0.0000000 0.1098674 0.1162139 0.1238180 0.0828170 0.0845282 0.1235375 0.1326324 0.0918988 0.1237426 0.1367962 0.0962329 0.1032263 0.1216279 0.1244783 0.1280705 0.1304729 0.1097075 0.0940050 0.1587998 0.1648153 0.1271725 0.1165352 0.1140908 0.0984489 0.1108437 0.0914196 0.1416448 0.1066043 0.0920571 0.1312525 0.1288919 0.1351640 
Potoroidae_Bettongia_penicillata             0.0776291 0.1243940 0.1098674 0.0000000 0.0012820 0.1218919 0.0697888 0.0670551 0.0042942 0.1397421 0.0736112 0.1190436 0.1345282 0.0759998 0.0817287 0.1183171 0.1183140 0.1213844 0.1345153 0.0067832 0.0778977 0.1626953 0.1824261 0.1216310 0.0470543 0.1148372 0.0894812 0.0071474 0.0754211 0.1270416 0.0812714 0.0731373 0.1373701 0.1229557 0.1449942 
Potoroidae_Bettongia_lesueur                 0.0804359 0.1319071 0.1162139 0.0012820 0.0000000 0.1278451 0.0744220 0.0727315 0.0054548 0.1448950 0.0785378 0.1235351 0.1391235 0.0797028 0.0873412 0.1228102 0.1242471 0.1252353 0.1400897 0.0085231 0.0816059 0.1659506 0.1873224 0.1253674 0.0498667 0.1188071 0.0953100 0.0079985 0.0805546 0.1320022 0.0853604 0.0787471 0.1390350 0.1289257 0.1501829 
Dasyuridae_Dasyurus_maculatus                0.1247488 0.1302516 0.1238180 0.1218919 0.1278451 0.0000000 0.0967582 0.0982148 0.1397865 0.1328273 0.1069123 0.0096486 0.0154049 0.1130446 0.1168417 0.0093601 0.0022151 0.0083231 0.1250646 0.1209705 0.1053642 0.1578507 0.1641888 0.0076898 0.1348122 0.1181011 0.1116930 0.1243333 0.1077528 0.1572321 0.1096073 0.1059630 0.1258760 0.0021153 0.1356168 
Phalangeridae_Trichosurus_vulpecula          0.0530840 0.1064463 0.0828170 0.0697888 0.0744220 0.0967582 0.0000000 0.0049868 0.0824583 0.1295397 0.0085078 0.0933309 0.1092178 0.0083606 0.0556838 0.0953714 0.0950819 0.0933685 0.1178548 0.0652399 0.0527997 0.1354406 0.1444289 0.1015976 0.0717942 0.0918938 0.0615542 0.0661031 0.0536903 0.1012830 0.0574346 0.0060624 0.1210669 0.0967962 0.1303120 
Phalangeridae_Spilocuscus_maculatus          0.0483493 0.1080718 0.0845282 0.0670551 0.0727315 0.0982148 0.0049868 0.0000000 0.0766609 0.1283724 0.0024776 0.0894873 0.1089178 0.0030398 0.0528705 0.0915346 0.0932478 0.0897756 0.1197810 0.0606371 0.0493102 0.1331312 0.1453326 0.0982089 0.0704799 0.0910377 0.0561199 0.0649586 0.0529138 0.0990212 0.0528752 0.0021242 0.1226384 0.0982532 0.1307286 
Potoroidae_Aepyprymnus_rufescens             0.0836552 0.1409063 0.1235375 0.0042942 0.0054548 0.1397865 0.0824583 0.0766609 0.0000000 0.1513662 0.0863338 0.1346226 0.1514109 0.0868711 0.0930643 0.1353912 0.1376445 0.1377284 0.1470362 0.0128647 0.0900715 0.1775188 0.1914520 0.1380029 0.0588521 0.1284511 0.1035717 0.0127779 0.0837113 0.1342076 0.0924391 0.0840473 0.1537274 0.1416978 0.1583282 
Peramelidae_Perameles_nasuta                 0.1372581 0.1260579 0.1326324 0.1397421 0.1448950 0.1328273 0.1295397 0.1283724 0.1513662 0.0000000 0.1410286 0.1356516 0.1403670 0.1408737 0.1463579 0.1363134 0.1327323 0.1384178 0.0090322 0.1368174 0.1332990 0.1840036 0.1979018 0.1352470 0.1521278 0.1315779 0.1418672 0.1412256 0.1312235 0.1860673 0.1318788 0.1355065 0.0093169 0.1368754 0.0012079 
Phalangeridae_Strigocuscus_pelengensis       0.0544925 0.1094306 0.0918988 0.0736112 0.0785378 0.1069123 0.0085078 0.0024776 0.0863338 0.1410286 0.0000000 0.0974589 0.1138633 0.0038051 0.0597086 0.0982343 0.1014308 0.0997991 0.1289875 0.0690191 0.0546510 0.1376522 0.1529571 0.1052146 0.0756447 0.1004731 0.0618917 0.0724485 0.0571932 0.1054066 0.0615449 0.0033215 0.1330473 0.1061834 0.1400568 
Dasyuridae_Phascogale_tapoatafa              0.1274931 0.1231590 0.1237426 0.1190436 0.1235351 0.0096486 0.0933309 0.0894873 0.1346226 0.1356516 0.0974589 0.0000000 0.0187889 0.1019423 0.1113683 0.0010243 0.0080514 0.0107925 0.1296163 0.1182239 0.0998425 0.1519857 0.1630880 0.0035460 0.1253628 0.1192942 0.1087719 0.1214591 0.1025226 0.1545618 0.1052762 0.0978675 0.1271849 0.0092929 0.1385731 
Dasyuridae_Sminthopsis_macroura              0.1460178 0.1311297 0.1367962 0.1345282 0.1391235 0.0154049 0.1092178 0.1089178 0.1514109 0.1403670 0.1138633 0.0187889 0.0000000 0.1184044 0.1284495 0.0188420 0.0129765 0.0064097 0.1369895 0.1300225 0.1123981 0.1605229 0.1653952 0.0125613 0.1452262 0.1251242 0.1218742 0.1318925 0.1126106 0.1677708 0.1139810 0.1174823 0.1343022 0.0159864 0.1465825 
Phalangeridae_Phalanger_orientalis           0.0616340 0.1129596 0.0962329 0.0759998 0.0797028 0.1130446 0.0083606 0.0030398 0.0868711 0.1408737 0.0038051 0.1019423 0.1184044 0.0000000 0.0614998 0.1041571 0.1068659 0.1036943 0.1308233 0.0691986 0.0576747 0.1359551 0.1544897 0.1082814 0.0760157 0.1023851 0.0631718 0.0722063 0.0588264 0.1080535 0.0620821 0.0015482 0.1331875 0.1130862 0.1434226 
Acrobatidae_Acrobates_pygmaeus               0.0704253 0.1214348 0.1032263 0.0817287 0.0873412 0.1168417 0.0556838 0.0528705 0.0930643 0.1463579 0.0597086 0.1113683 0.1284495 0.0614998 0.0000000 0.1110763 0.1137010 0.1073918 0.1371104 0.0747329 0.0533359 0.1489248 0.1643483 0.1165102 0.0868772 0.1042587 0.0574951 0.0806895 0.0546166 0.1099469 0.0416007 0.0565140 0.1431194 0.1176085 0.1487038 
Dasyuridae_Phascogale_calura                 0.1261210 0.1207522 0.1216279 0.1183171 0.1228102 0.0093601 0.0953714 0.0915346 0.1353912 0.1363134 0.0982343 0.0010243 0.0188420 0.1041571 0.1110763 0.0000000 0.0078222 0.0104233 0.1294592 0.1158649 0.0975040 0.1491889 0.1624268 0.0031921 0.1229497 0.1181797 0.1078066 0.1191682 0.1007520 0.1547395 0.1052175 0.0999298 0.1285218 0.0095621 0.1391303 
Dasyuridae_Sarcophilus_harrisii              0.1202805 0.1259651 0.1244783 0.1183140 0.1242471 0.0022151 0.0950819 0.0932478 0.1376445 0.1327323 0.1014308 0.0080514 0.0129765 0.1068659 0.1137010 0.0078222 0.0000000 0.0071636 0.1249700 0.1173856 0.1018848 0.1528861 0.1605360 0.0070631 0.1311375 0.1130400 0.1073482 0.1214407 0.1040914 0.1489318 0.1074589 0.1023561 0.1250888 0.0023162 0.1355219 
Dasyuridae_Planigale_tenuirostris            0.1271785 0.1271673 0.1280705 0.1213844 0.1252353 0.0083231 0.0933685 0.0897756 0.1377284 0.1384178 0.0997991 0.0107925 0.0064097 0.1036943 0.1073918 0.0104233 0.0071636 0.0000000 0.1348277 0.1215085 0.0946743 0.1488359 0.1548232 0.0089388 0.1248771 0.1110803 0.1004906 0.1206652 0.1019847 0.1447879 0.1059966 0.1008690 0.1293809 0.0088701 0.1418399 
Peramelidae_Echymipera_kalubu                0.1334054 0.1227042 0.1304729 0.1345153 0.1400897 0.1250646 0.1178548 0.1197810 0.1470362 0.0090322 0.1289875 0.1296163 0.1369895 0.1308233 0.1371104 0.1294592 0.1249700 0.1348277 0.0000000 0.1354137 0.1297428 0.1713103 0.1855465 0.1293531 0.1472771 0.1342108 0.1374176 0.1381685 0.1256849 0.1789567 0.1292482 0.1265446 0.0075006 0.1318994 0.0105252 
Macropodidae_Dorcopsulus_vanheurni           0.0842755 0.1238437 0.1097075 0.0067832 0.0085231 0.1209705 0.0652399 0.0606371 0.0128647 0.1368174 0.0690191 0.1182239 0.1300225 0.0691986 0.0747329 0.1158649 0.1173856 0.1215085 0.1354137 0.0000000 0.0738437 0.1605722 0.1787483 0.1194746 0.0412311 0.1155595 0.0850827 0.0034739 0.0726115 0.1256830 0.0787939 0.0669699 0.1350852 0.1212852 0.1408880 
Pseudochiridae_Pseudochirulus_forbesi        0.0669423 0.1111607 0.0940050 0.0778977 0.0816059 0.1053642 0.0527997 0.0493102 0.0900715 0.1332990 0.0546510 0.0998425 0.1123981 0.0576747 0.0533359 0.0975040 0.1018848 0.0946743 0.1297428 0.0738437 0.0000000 0.1456679 0.1619924 0.1030158 0.0831259 0.0943125 0.0137706 0.0766293 0.0041921 0.0913126 0.0575041 0.0556975 0.1298534 0.1055902 0.1374436 
Didelphidae_Didelphis_virginiana             0.1635461 0.1577414 0.1587998 0.1626953 0.1659506 0.1578507 0.1354406 0.1331312 0.1775188 0.1840036 0.1376522 0.1519857 0.1605229 0.1359551 0.1489248 0.1491889 0.1528861 0.1488359 0.1713103 0.1605722 0.1456679 0.0000000 0.0603051 0.1607172 0.1694117 0.1472771 0.1456596 0.1657849 0.1373478 0.1940378 0.1559083 0.1381684 0.1744992 0.1575599 0.1841959 
Marmosidae_Monodelphis_domestica             0.1780473 0.1762559 0.1648153 0.1824261 0.1873224 0.1641888 0.1444289 0.1453326 0.1914520 0.1979018 0.1529571 0.1630880 0.1653952 0.1544897 0.1643483 0.1624268 0.1605360 0.1548232 0.1855465 0.1787483 0.1619924 0.0603051 0.0000000 0.1677068 0.1787585 0.1440392 0.1622721 0.1826417 0.1540469 0.2003877 0.1657512 0.1541512 0.1906168 0.1642706 0.1976067 
Dasyuridae_Antechinus_stuartii               0.1323389 0.1233529 0.1271725 0.1216310 0.1253674 0.0076898 0.1015976 0.0982089 0.1380029 0.1352470 0.1052146 0.0035460 0.0125613 0.1082814 0.1165102 0.0031921 0.0070631 0.0089388 0.1293531 0.1194746 0.1030158 0.1607172 0.1677068 0.0000000 0.1295192 0.1213615 0.1157402 0.1252606 0.1070600 0.1583863 0.1065736 0.1059914 0.1281768 0.0086231 0.1414151 
Hypsiprymnodontidae_Hypsiprymnodon_moschatus 0.0880331 0.1426056 0.1165352 0.0470543 0.0498667 0.1348122 0.0717942 0.0704799 0.0588521 0.1521278 0.0756447 0.1253628 0.1452262 0.0760157 0.0868772 0.1229497 0.1311375 0.1248771 0.1472771 0.0412311 0.0831259 0.1694117 0.1787585 0.1295192 0.0000000 0.1274505 0.0923773 0.0450576 0.0813755 0.1220176 0.0770096 0.0759379 0.1500392 0.1350874 0.1563860 
Microbiotheriidae_Dromiciops_gliroides       0.1220716 0.1138322 0.1140908 0.1148372 0.1188071 0.1181011 0.0918938 0.0910377 0.1284511 0.1315779 0.1004731 0.1192942 0.1251242 0.1023851 0.1042587 0.1181797 0.1130400 0.1110803 0.1342108 0.1155595 0.0943125 0.1472771 0.1440392 0.1213615 0.1274505 0.0000000 0.0987972 0.1155643 0.0952529 0.1450411 0.1009996 0.0952301 0.1379741 0.1178372 0.1367401 
Pseudochiridae_Petauroides_volans            0.0758920 0.1194658 0.0984489 0.0894812 0.0953100 0.1116930 0.0615542 0.0561199 0.1035717 0.1418672 0.0618917 0.1087719 0.1218742 0.0631718 0.0574951 0.1078066 0.1073482 0.1004906 0.1374176 0.0850827 0.0137706 0.1456596 0.1622721 0.1157402 0.0923773 0.0987972 0.0000000 0.0876284 0.0134010 0.0976185 0.0552093 0.0587559 0.1394873 0.1119758 0.1465370 
Macropodidae_Wallabia_bicolor                0.0864294 0.1302822 0.1108437 0.0071474 0.0079985 0.1243333 0.0661031 0.0649586 0.0127779 0.1412256 0.0724485 0.1214591 0.1318925 0.0722063 0.0806895 0.1191682 0.1214407 0.1206652 0.1381685 0.0034739 0.0766293 0.1657849 0.1826417 0.1252606 0.0450576 0.1155643 0.0876284 0.0000000 0.0741236 0.1218692 0.0833071 0.0699531 0.1377226 0.1268955 0.1470809 
Pseudochiridae_Pseudocheirus_occidentalis    0.0686435 0.1141341 0.0914196 0.0754211 0.0805546 0.1077528 0.0536903 0.0529138 0.0837113 0.1312235 0.0571932 0.1025226 0.1126106 0.0588264 0.0546166 0.1007520 0.1040914 0.1019847 0.1256849 0.0726115 0.0041921 0.1373478 0.1540469 0.1070600 0.0813755 0.0952529 0.0134010 0.0741236 0.0000000 0.0855986 0.0509892 0.0553898 0.1302850 0.1064946 0.1354604 
Tarsipedidae_Tarsipes_rostratus              0.1062059 0.1665706 0.1416448 0.1270416 0.1320022 0.1572321 0.1012830 0.0990212 0.1342076 0.1860673 0.1054066 0.1545618 0.1677708 0.1080535 0.1099469 0.1547395 0.1489318 0.1447879 0.1789567 0.1256830 0.0913126 0.1940378 0.2003877 0.1583863 0.1220176 0.1450411 0.0976185 0.1218692 0.0855986 0.0000000 0.1041030 0.1068291 0.1783472 0.1572471 0.1872236 
Acrobatidae_Distoechurus_pennatus            0.0608575 0.1284673 0.1066043 0.0812714 0.0853604 0.1096073 0.0574346 0.0528752 0.0924391 0.1318788 0.0615449 0.1052762 0.1139810 0.0620821 0.0416007 0.1052175 0.1074589 0.1059966 0.1292482 0.0787939 0.0575041 0.1559083 0.1657512 0.1065736 0.0770096 0.1009996 0.0552093 0.0833071 0.0509892 0.1041030 0.0000000 0.0549180 0.1318097 0.1095831 0.1370440 
Phalangeridae_Phalanger_carmelitae           0.0560026 0.1089375 0.0920571 0.0731373 0.0787471 0.1059630 0.0060624 0.0021242 0.0840473 0.1355065 0.0033215 0.0978675 0.1174823 0.0015482 0.0565140 0.0999298 0.1023561 0.1008690 0.1265446 0.0669699 0.0556975 0.1381684 0.1541512 0.1059914 0.0759379 0.0952301 0.0587559 0.0699531 0.0553898 0.1068291 0.0549180 0.0000000 0.1272485 0.1074101 0.1378636 
Peramelidae_Peroryctes_raffrayana            0.1338840 0.1308426 0.1312525 0.1373701 0.1390350 0.1258760 0.1210669 0.1226384 0.1537274 0.0093169 0.1330473 0.1271849 0.1343022 0.1331875 0.1431194 0.1285218 0.1250888 0.1293809 0.0075006 0.1350852 0.1298534 0.1744992 0.1906168 0.1281768 0.1500392 0.1379741 0.1394873 0.1377226 0.1302850 0.1783472 0.1318097 0.1272485 0.0000000 0.1297720 0.0108778 
Dasyuridae_Dasyurus_geffroii                 0.1243599 0.1309999 0.1288919 0.1229557 0.1289257 0.0021153 0.0967962 0.0982532 0.1416978 0.1368754 0.1061834 0.0092929 0.0159864 0.1130862 0.1176085 0.0095621 0.0023162 0.0088701 0.1318994 0.1212852 0.1055902 0.1575599 0.1642706 0.0086231 0.1350874 0.1178372 0.1119758 0.1268955 0.1064946 0.1572471 0.1095831 0.1074101 0.1297720 0.0000000 0.1396769 
Peramelidae_Perameles_gunnii                 0.1372854 0.1288363 0.1351640 0.1449942 0.1501829 0.1356168 0.1303120 0.1307286 0.1583282 0.0012079 0.1400568 0.1385731 0.1465825 0.1434226 0.1487038 0.1391303 0.1355219 0.1418399 0.0105252 0.1408880 0.1374436 0.1841959 0.1976067 0.1414151 0.1563860 0.1367401 0.1465370 0.1470809 0.1354604 0.1872236 0.1370440 0.1378636 0.0108778 0.1396769 0.0000000 
