37
Burramyidae_Burramys_parvus                  0.0000000 0.0668380 0.0447250 0.0602959 0.0611046 0.0744366 0.0451101 0.0517723 0.0608739 0.0617649 0.0856510 0.0604881 0.0782198 0.0735729 0.0539409 0.0523998 0.0778876 0.0753149 0.0706667 0.0690415 0.0575740 0.0538576 0.0644682 0.0846177 0.0761928 0.0547255 0.0720495 0.0479373 0.0609695 0.0572509 0.0681443 0.0518373 0.0856510 0.0530072 0.0611870 0.0750396 0.0620094 
Notoryctidae_Notoryctes_typhlops             0.0668380 0.0000000 0.0695544 0.0797592 0.0806235 0.0815616 0.0757210 0.0814738 0.0815431 0.0764009 0.1019701 0.0911086 0.0864835 0.0786949 0.0828540 0.0785256 0.0852734 0.0809322 0.0778169 0.0839699 0.0784212 0.0754686 0.0778540 0.0967315 0.0848616 0.0780881 0.0857765 0.0662397 0.0814508 0.0813099 0.0830834 0.0761166 0.1019701 0.0809746 0.0710871 0.0821924 0.0778547 
Vombatidae_Lasiorhinus_latifrons             0.0447250 0.0695544 0.0000000 0.0604852 0.0612907 0.0753703 0.0499484 0.0574144 0.0628037 0.0646538 0.0934181 0.0608910 0.0783921 0.0732777 0.0562923 0.0540775 0.0776418 0.0774508 0.0691385 0.0758008 0.0580314 0.0575536 0.0665046 0.0833597 0.0749104 0.0565823 0.0734954 0.0519254 0.0619332 0.0613650 0.0678915 0.0540155 0.0934181 0.0567337 0.0649202 0.0759734 0.0657176 
Potoroidae_Bettongia_penicillata             0.0602959 0.0797592 0.0604852 0.0000000 0.0063043 0.0858080 0.0655661 0.0708617 0.0139971 0.0791168 0.1145566 0.0788688 0.0897409 0.0853009 0.0736972 0.0683647 0.0900264 0.0879257 0.0850850 0.0885364 0.0258749 0.0633961 0.0837905 0.0975379 0.0874366 0.0416574 0.0879008 0.0592168 0.0295264 0.0667618 0.0787028 0.0646872 0.1145566 0.0714086 0.0781835 0.0885358 0.0784642 
Potoroidae_Bettongia_lesueur                 0.0611046 0.0806235 0.0612907 0.0063043 0.0000000 0.0878658 0.0664676 0.0699406 0.0142457 0.0812388 0.1201251 0.0785023 0.0915817 0.0866395 0.0733241 0.0700841 0.0921074 0.0899923 0.0865503 0.0899470 0.0253615 0.0656962 0.0848716 0.0988964 0.0894748 0.0414143 0.0899385 0.0604946 0.0295289 0.0683218 0.0805766 0.0657818 0.1201251 0.0710734 0.0796207 0.0903018 0.0799012 
Dasyuridae_Dasyurus_maculatus                0.0744366 0.0815616 0.0753703 0.0858080 0.0878658 0.0000000 0.0767641 0.0854423 0.0867265 0.0829899 0.0419523 0.0878857 0.0108447 0.0227705 0.0839467 0.0818826 0.0110123 0.0055435 0.0200729 0.0914061 0.0832783 0.0781301 0.0856522 0.1068687 0.0172608 0.0846161 0.0908253 0.0710698 0.0868407 0.0876201 0.0924781 0.0805092 0.0419523 0.0849778 0.0812378 0.0036824 0.0831499 
Phalangeridae_Trichosurus_vulpecula          0.0451101 0.0757210 0.0499484 0.0655661 0.0664676 0.0767641 0.0000000 0.0245781 0.0668643 0.0696684 0.0846195 0.0327265 0.0766601 0.0752156 0.0251024 0.0584489 0.0772620 0.0791355 0.0722751 0.0783433 0.0644552 0.0616145 0.0711759 0.0903520 0.0753155 0.0621647 0.0786729 0.0529920 0.0670576 0.0637172 0.0770332 0.0593589 0.0846195 0.0238390 0.0665895 0.0787988 0.0707732 
Phalangeridae_Spilocuscus_maculatus          0.0517723 0.0814738 0.0574144 0.0708617 0.0699406 0.0854423 0.0245781 0.0000000 0.0707810 0.0742021 0.0814709 0.0162678 0.0865335 0.0832579 0.0106468 0.0644326 0.0861981 0.0863830 0.0808812 0.0818324 0.0683154 0.0660437 0.0761364 0.0943846 0.0843715 0.0670181 0.0810309 0.0578048 0.0714140 0.0688416 0.0794465 0.0643758 0.0814709 0.0096817 0.0746066 0.0863574 0.0743993 
Potoroidae_Aepyprymnus_rufescens             0.0608739 0.0815431 0.0628037 0.0139971 0.0142457 0.0867265 0.0668643 0.0707810 0.0000000 0.0799806 0.1086176 0.0798603 0.0910988 0.0863189 0.0737306 0.0691595 0.0909570 0.0894745 0.0847139 0.0887889 0.0274200 0.0648219 0.0822561 0.0967562 0.0889587 0.0424928 0.0893291 0.0602663 0.0313439 0.0676214 0.0802825 0.0661072 0.1086176 0.0722811 0.0794422 0.0887434 0.0793310 
Peramelidae_Perameles_nasuta                 0.0617649 0.0764009 0.0646538 0.0791168 0.0812388 0.0829899 0.0696684 0.0742021 0.0799806 0.0000000 0.0941100 0.0780185 0.0836434 0.0778566 0.0764401 0.0724218 0.0826738 0.0845423 0.0721761 0.0186648 0.0781654 0.0738481 0.0738898 0.0872900 0.0803740 0.0759239 0.0756701 0.0634483 0.0790653 0.0769975 0.0831879 0.0709872 0.0941100 0.0741755 0.0189746 0.0836244 0.0012090 
Myrmecobiidae_Myrmecobius_fasciatus1         0.0856510 0.1019701 0.0934181 0.1145566 0.1201251 0.0419523 0.0846195 0.0814709 0.1086176 0.0941100 0.0000000 0.0912374 0.0461057 0.0386065 0.0904811 0.1045412 0.0435464 0.0453341 0.0453343 0.0811021 0.1462766 0.0873740 0.0282282 0.1879408 0.0430022 0.1474433 0.1042128 0.0164858 0.1627024 0.1172684 0.0892227 0.1051224 0.0000010 0.0882346 0.0266141 0.0419523 0.0862335 
Phalangeridae_Strigocuscus_pelengensis       0.0604881 0.0911086 0.0608910 0.0788688 0.0785023 0.0878857 0.0327265 0.0162678 0.0798603 0.0780185 0.0912374 0.0000000 0.0858683 0.0833948 0.0147528 0.0697049 0.0862561 0.0881527 0.0811584 0.0881162 0.0769607 0.0732235 0.0819062 0.1020079 0.0843749 0.0751052 0.0889799 0.0641590 0.0795306 0.0752250 0.0849432 0.0723426 0.0912374 0.0136184 0.0771416 0.0882408 0.0797640 
Dasyuridae_Phascogale_tapoatafa              0.0782198 0.0864835 0.0783921 0.0897409 0.0915817 0.0108447 0.0766601 0.0865335 0.0910988 0.0836434 0.0461057 0.0858683 0.0000000 0.0242906 0.0836271 0.0864740 0.0018968 0.0128107 0.0207719 0.0949220 0.0879746 0.0815996 0.0913685 0.1093334 0.0119632 0.0911830 0.0937505 0.0771865 0.0882538 0.0914760 0.0950715 0.0837454 0.0461057 0.0850634 0.0836939 0.0103577 0.0847420 
Dasyuridae_Sminthopsis_macroura              0.0735729 0.0786949 0.0732777 0.0853009 0.0866395 0.0227705 0.0752156 0.0832579 0.0863189 0.0778566 0.0386065 0.0833948 0.0242906 0.0000000 0.0822435 0.0794766 0.0243296 0.0250072 0.0175899 0.0867635 0.0859797 0.0802636 0.0845580 0.1018469 0.0232481 0.0868248 0.0896444 0.0737312 0.0892686 0.0892936 0.0915718 0.0789775 0.0386065 0.0837094 0.0773288 0.0225288 0.0782165 
Phalangeridae_Phalanger_orientalis           0.0539409 0.0828540 0.0562923 0.0736972 0.0733241 0.0839467 0.0251024 0.0106468 0.0737306 0.0764401 0.0904811 0.0147528 0.0836271 0.0822435 0.0000000 0.0646458 0.0846859 0.0856274 0.0797932 0.0829928 0.0709240 0.0691065 0.0757765 0.0963090 0.0830866 0.0691595 0.0814725 0.0588872 0.0741677 0.0685034 0.0812897 0.0654377 0.0904811 0.0038206 0.0721069 0.0845993 0.0762690 
Acrobatidae_Acrobates_pygmaeus               0.0523998 0.0785256 0.0540775 0.0683647 0.0700841 0.0818826 0.0584489 0.0644326 0.0691595 0.0724218 0.1045412 0.0697049 0.0864740 0.0794766 0.0646458 0.0000000 0.0842226 0.0843166 0.0747024 0.0787371 0.0643822 0.0532538 0.0738719 0.0935545 0.0837297 0.0664573 0.0842797 0.0462942 0.0680018 0.0553581 0.0689931 0.0326493 0.1045412 0.0635355 0.0677649 0.0815081 0.0725705 
Dasyuridae_Phascogale_calura                 0.0778876 0.0852734 0.0776418 0.0900264 0.0921074 0.0110123 0.0772620 0.0861981 0.0909570 0.0826738 0.0435464 0.0862561 0.0018968 0.0243296 0.0846859 0.0842226 0.0000000 0.0129241 0.0203536 0.0926860 0.0883358 0.0810758 0.0901069 0.1098917 0.0121205 0.0916836 0.0916593 0.0756282 0.0907278 0.0921654 0.0920888 0.0818831 0.0435464 0.0850841 0.0811401 0.0105388 0.0826369 
Dasyuridae_Sarcophilus_harrisii              0.0753149 0.0809322 0.0774508 0.0879257 0.0899923 0.0055435 0.0791355 0.0863830 0.0894745 0.0845423 0.0453341 0.0881527 0.0128107 0.0250072 0.0856274 0.0843166 0.0129241 0.0000000 0.0230323 0.0925211 0.0847868 0.0793436 0.0862889 0.1057986 0.0192355 0.0867261 0.0925445 0.0740134 0.0877614 0.0889999 0.0941186 0.0829136 0.0453341 0.0859097 0.0808219 0.0060106 0.0843587 
Dasyuridae_Planigale_tenuirostris            0.0706667 0.0778169 0.0691385 0.0850850 0.0865503 0.0200729 0.0722751 0.0808812 0.0847139 0.0721761 0.0453343 0.0811584 0.0207719 0.0175899 0.0797932 0.0747024 0.0203536 0.0230323 0.0000000 0.0785187 0.0837050 0.0775867 0.0800964 0.0994544 0.0209799 0.0833660 0.0845745 0.0722008 0.0860661 0.0841123 0.0885818 0.0735419 0.0453343 0.0796380 0.0735235 0.0198103 0.0731988 
Peramelidae_Echymipera_kalubu                0.0690415 0.0839699 0.0758008 0.0885364 0.0899470 0.0914061 0.0783433 0.0818324 0.0887889 0.0186648 0.0811021 0.0881162 0.0949220 0.0867635 0.0829928 0.0787371 0.0926860 0.0925211 0.0785187 0.0000000 0.0900818 0.0807589 0.0832295 0.0998138 0.0917601 0.0871972 0.0857478 0.0715416 0.0932207 0.0857906 0.0898351 0.0784924 0.0811021 0.0843721 0.0186650 0.0929268 0.0181576 
Macropodidae_Dorcopsulus_vanheurni           0.0575740 0.0784212 0.0580314 0.0258749 0.0253615 0.0832783 0.0644552 0.0683154 0.0274200 0.0781654 0.1462766 0.0769607 0.0879746 0.0859797 0.0709240 0.0643822 0.0883358 0.0847868 0.0837050 0.0900818 0.0000000 0.0635426 0.0772318 0.0925021 0.0864352 0.0360913 0.0839155 0.0551863 0.0103816 0.0641110 0.0790929 0.0616446 0.1462766 0.0680156 0.0734325 0.0853777 0.0779209 
Pseudochiridae_Pseudochirulus_forbesi        0.0538576 0.0754686 0.0575536 0.0633961 0.0656962 0.0781301 0.0616145 0.0660437 0.0648219 0.0738481 0.0873740 0.0732235 0.0815996 0.0802636 0.0691065 0.0532538 0.0810758 0.0793436 0.0775867 0.0807589 0.0635426 0.0000000 0.0757801 0.0979958 0.0803983 0.0623772 0.0846524 0.0248971 0.0668315 0.0205492 0.0644121 0.0489364 0.0873740 0.0663310 0.0701156 0.0784321 0.0734949 
Didelphidae_Didelphis_virginiana             0.0644682 0.0778540 0.0665046 0.0837905 0.0848716 0.0856522 0.0711759 0.0761364 0.0822561 0.0738898 0.0282282 0.0819062 0.0913685 0.0845580 0.0757765 0.0738719 0.0901069 0.0862889 0.0800964 0.0832295 0.0772318 0.0757801 0.0000000 0.0380660 0.0873152 0.0756840 0.0853224 0.0745856 0.0779864 0.0817529 0.0887351 0.0752747 0.0282282 0.0772302 0.0759907 0.0856726 0.0768295 
Marmosidae_Monodelphis_domestica             0.0846177 0.0967315 0.0833597 0.0975379 0.0988964 0.1068687 0.0903520 0.0943846 0.0967562 0.0872900 0.1879408 0.1020079 0.1093334 0.1018469 0.0963090 0.0935545 0.1098917 0.1057986 0.0994544 0.0998138 0.0925021 0.0979958 0.0380660 0.0000000 0.1069124 0.0937702 0.1022974 0.0824228 0.0937095 0.1021870 0.1053709 0.0909309 0.1879408 0.0958767 0.0803910 0.1062347 0.0915385 
Dasyuridae_Antechinus_stuartii               0.0761928 0.0848616 0.0749104 0.0874366 0.0894748 0.0172608 0.0753155 0.0843715 0.0889587 0.0803740 0.0430022 0.0843749 0.0119632 0.0232481 0.0830866 0.0837297 0.0121205 0.0192355 0.0209799 0.0917601 0.0864352 0.0803983 0.0873152 0.1069124 0.0000000 0.0891956 0.0917538 0.0754672 0.0888904 0.0920450 0.0923764 0.0813874 0.0430022 0.0841379 0.0806085 0.0167733 0.0814240 
Hypsiprymnodontidae_Hypsiprymnodon_moschatus 0.0547255 0.0780881 0.0565823 0.0416574 0.0414143 0.0846161 0.0621647 0.0670181 0.0424928 0.0759239 0.1474433 0.0751052 0.0911830 0.0868248 0.0691595 0.0664573 0.0916836 0.0867261 0.0833660 0.0871972 0.0360913 0.0623772 0.0756840 0.0937702 0.0891956 0.0000000 0.0848627 0.0553962 0.0393496 0.0635389 0.0773468 0.0605413 0.1474433 0.0673165 0.0719258 0.0861155 0.0768744 
Microbiotheriidae_Dromiciops_gliroides       0.0720495 0.0857765 0.0734954 0.0879008 0.0899385 0.0908253 0.0786729 0.0810309 0.0893291 0.0756701 0.1042128 0.0889799 0.0937505 0.0896444 0.0814725 0.0842797 0.0916593 0.0925445 0.0845745 0.0857478 0.0839155 0.0846524 0.0853224 0.1022974 0.0917538 0.0848627 0.0000000 0.0736780 0.0894386 0.0900249 0.0975577 0.0833519 0.1042128 0.0824038 0.0717398 0.0925677 0.0758770 
Pseudochiridae_Petauroides_volans            0.0479373 0.0662397 0.0519254 0.0592168 0.0604946 0.0710698 0.0529920 0.0578048 0.0602663 0.0634483 0.0164858 0.0641590 0.0771865 0.0737312 0.0588872 0.0462942 0.0756282 0.0740134 0.0722008 0.0715416 0.0551863 0.0248971 0.0745856 0.0824228 0.0754672 0.0553962 0.0736780 0.0000000 0.0579642 0.0259462 0.0587299 0.0426332 0.0164858 0.0576776 0.0637900 0.0734020 0.0635386 
Macropodidae_Wallabia_bicolor                0.0609695 0.0814508 0.0619332 0.0295264 0.0295289 0.0868407 0.0670576 0.0714140 0.0313439 0.0790653 0.1627024 0.0795306 0.0882538 0.0892686 0.0741677 0.0680018 0.0907278 0.0877614 0.0860661 0.0932207 0.0103816 0.0668315 0.0779864 0.0937095 0.0888904 0.0393496 0.0894386 0.0579642 0.0000000 0.0654978 0.0827894 0.0660050 0.1627024 0.0712937 0.0742871 0.0883597 0.0800310 
Pseudochiridae_Pseudocheirus_occidentalis    0.0572509 0.0813099 0.0613650 0.0667618 0.0683218 0.0876201 0.0637172 0.0688416 0.0676214 0.0769975 0.1172684 0.0752250 0.0914760 0.0892936 0.0685034 0.0553581 0.0921654 0.0889999 0.0841123 0.0857906 0.0641110 0.0205492 0.0817529 0.1021870 0.0920450 0.0635389 0.0900249 0.0259462 0.0654978 0.0000000 0.0706875 0.0515907 0.1172684 0.0662241 0.0729005 0.0890137 0.0766454 
Tarsipedidae_Tarsipes_rostratus              0.0681443 0.0830834 0.0678915 0.0787028 0.0805766 0.0924781 0.0770332 0.0794465 0.0802825 0.0831879 0.0892227 0.0849432 0.0950715 0.0915718 0.0812897 0.0689931 0.0920888 0.0941186 0.0885818 0.0898351 0.0790929 0.0644121 0.0887351 0.1053709 0.0923764 0.0773468 0.0975577 0.0587299 0.0827894 0.0706875 0.0000000 0.0643612 0.0892227 0.0796689 0.0803562 0.0931583 0.0831476 
Acrobatidae_Distoechurus_pennatus            0.0518373 0.0761166 0.0540155 0.0646872 0.0657818 0.0805092 0.0593589 0.0643758 0.0661072 0.0709872 0.1051224 0.0723426 0.0837454 0.0789775 0.0654377 0.0326493 0.0818831 0.0829136 0.0735419 0.0784924 0.0616446 0.0489364 0.0752747 0.0909309 0.0813874 0.0605413 0.0833519 0.0426332 0.0660050 0.0515907 0.0643612 0.0000000 0.1051224 0.0635806 0.0699516 0.0814060 0.0722187 
Myrmecobiidae_Myrmecobius_fasciatus2         0.0856510 0.1019701 0.0934181 0.1145566 0.1201251 0.0419523 0.0846195 0.0814709 0.1086176 0.0941100 0.0000010 0.0912374 0.0461057 0.0386065 0.0904811 0.1045412 0.0435464 0.0453341 0.0453343 0.0811021 0.1462766 0.0873740 0.0282282 0.1879408 0.0430022 0.1474433 0.1042128 0.0164858 0.1627024 0.1172684 0.0892227 0.1051224 0.0000000 0.0882346 0.0266141 0.0419523 0.0862335 
Phalangeridae_Phalanger_carmelitae           0.0530072 0.0809746 0.0567337 0.0714086 0.0710734 0.0849778 0.0238390 0.0096817 0.0722811 0.0741755 0.0882346 0.0136184 0.0850634 0.0837094 0.0038206 0.0635355 0.0850841 0.0859097 0.0796380 0.0843721 0.0680156 0.0663310 0.0772302 0.0958767 0.0841379 0.0673165 0.0824038 0.0576776 0.0712937 0.0662241 0.0796689 0.0635806 0.0882346 0.0000000 0.0747496 0.0858845 0.0752874 
Peramelidae_Peroryctes_raffrayana            0.0611870 0.0710871 0.0649202 0.0781835 0.0796207 0.0812378 0.0665895 0.0746066 0.0794422 0.0189746 0.0266141 0.0771416 0.0836939 0.0773288 0.0721069 0.0677649 0.0811401 0.0808219 0.0735235 0.0186650 0.0734325 0.0701156 0.0759907 0.0803910 0.0806085 0.0719258 0.0717398 0.0637900 0.0742871 0.0729005 0.0803562 0.0699516 0.0266141 0.0747496 0.0000000 0.0822929 0.0187432 
Dasyuridae_Dasyurus_geffroii                 0.0750396 0.0821924 0.0759734 0.0885358 0.0903018 0.0036824 0.0787988 0.0863574 0.0887434 0.0836244 0.0419523 0.0882408 0.0103577 0.0225288 0.0845993 0.0815081 0.0105388 0.0060106 0.0198103 0.0929268 0.0853777 0.0784321 0.0856726 0.1062347 0.0167733 0.0861155 0.0925677 0.0734020 0.0883597 0.0890137 0.0931583 0.0814060 0.0419523 0.0858845 0.0822929 0.0000000 0.0834527 
Peramelidae_Perameles_gunnii                 0.0620094 0.0778547 0.0657176 0.0784642 0.0799012 0.0831499 0.0707732 0.0743993 0.0793310 0.0012090 0.0862335 0.0797640 0.0847420 0.0782165 0.0762690 0.0725705 0.0826369 0.0843587 0.0731988 0.0181576 0.0779209 0.0734949 0.0768295 0.0915385 0.0814240 0.0768744 0.0758770 0.0635386 0.0800310 0.0766454 0.0831476 0.0722187 0.0862335 0.0752874 0.0187432 0.0834527 0.0000000 
