35
Burramyidae_Burramys_parvus                  0.0000000 0.0657539 0.0476571 0.0474792 0.0494629 0.0826113 0.0451115 0.0558956 0.0425340 0.0696272 0.0497087 0.0896720 0.0905158 0.0499392 0.0464528 0.0896090 0.0821787 0.0710424 0.0758820 0.0437367 0.0634023 0.0883337 0.0874859 0.0861447 0.0767273 0.0912956 0.0437376 0.0428931 0.0712318 0.0775319 0.0696156 0.0805243 0.0792420 0.0803934 0.0696863 
Notoryctidae_Notoryctes_typhlops             0.0657539 0.0000000 0.0600194 0.0759494 0.0778230 0.0962063 0.0707141 0.0963666 0.0703728 0.0733606 0.0760003 0.0964399 0.1068365 0.0782945 0.0795758 0.0963697 0.0934977 0.0871855 0.0827639 0.0732747 0.0859153 0.1110515 0.1086416 0.0940126 0.1110898 0.0983286 0.0638810 0.0712285 0.0966099 0.1031458 0.1100806 0.1173575 0.0884219 0.0938123 0.0773360 
Vombatidae_Lasiorhinus_latifrons             0.0476571 0.0600194 0.0000000 0.0642063 0.0740801 0.0842288 0.0635749 0.0787650 0.0507982 0.0817743 0.0735232 0.0889263 0.1040599 0.0730846 0.0705616 0.0871139 0.0845002 0.0800437 0.0788670 0.0549006 0.0786172 0.1061406 0.1104297 0.0849077 0.1052279 0.0737082 0.0584062 0.0530865 0.0816825 0.0838427 0.0840214 0.0992139 0.0915311 0.0846775 0.0815401 
Potoroidae_Bettongia_penicillata             0.0474792 0.0759494 0.0642063 0.0000000 0.0253862 0.1051892 0.0803779 0.0958272 0.0173499 0.1102554 0.0858684 0.1156557 0.1316180 0.0945453 0.0865725 0.1139419 0.1052278 0.1025760 0.0788126 0.0234598 0.0857754 0.1326513 0.1346088 0.1094953 0.0903311 0.1108002 0.0711130 0.0234530 0.0918069 0.1009903 0.0720688 0.1221939 0.1201219 0.1045470 0.1050111 
Potoroidae_Bettongia_lesueur                 0.0494629 0.0778230 0.0740801 0.0253862 0.0000000 0.1192292 0.0936395 0.1083207 0.0294515 0.1172355 0.0951660 0.1262551 0.1343925 0.1080992 0.0859754 0.1256202 0.1204858 0.1116426 0.0838172 0.0356883 0.0967383 0.1320896 0.1332463 0.1223468 0.0865711 0.1273783 0.0753539 0.0350340 0.1018555 0.1232037 0.0659658 0.1355615 0.1280349 0.1187399 0.1134244 
Dasyuridae_Dasyurus_maculatus                0.0826113 0.0962063 0.0842288 0.1051892 0.1192292 0.0000000 0.0993847 0.1269744 0.0973515 0.1163800 0.1087044 0.0162684 0.0350536 0.1235798 0.1122920 0.0158481 0.0029373 0.0189158 0.1026009 0.0906238 0.1269079 0.1424175 0.1528724 0.0166954 0.1461693 0.1137242 0.1125433 0.0894270 0.1295610 0.1412754 0.1131554 0.1504859 0.1291204 0.0033210 0.1123908 
Phalangeridae_Trichosurus_vulpecula          0.0451115 0.0707141 0.0635749 0.0803779 0.0936395 0.0993847 0.0000000 0.0274826 0.0707484 0.1042118 0.0237145 0.1084755 0.1268875 0.0256860 0.0796329 0.1080542 0.0974982 0.0954948 0.0856862 0.0748905 0.0974951 0.1323458 0.1272770 0.1012802 0.1067077 0.1017634 0.0834563 0.0728170 0.0991059 0.0952626 0.0855887 0.0503767 0.1204037 0.0997781 0.0982834 
Phalangeridae_Spilocuscus_maculatus          0.0558956 0.0963666 0.0787650 0.0958272 0.1083207 0.1269744 0.0274826 0.0000000 0.0881740 0.1194461 0.0266583 0.1388881 0.1515076 0.0155183 0.1019367 0.1385446 0.1268314 0.1211531 0.1024257 0.0906669 0.1124267 0.1492534 0.1316454 0.1307904 0.1067540 0.1026182 0.0918633 0.0882088 0.1234969 0.1146980 0.1029529 0.0274869 0.1358627 0.1257930 0.1179705 
Potoroidae_Aepyprymnus_rufescens             0.0425340 0.0703728 0.0507982 0.0173499 0.0294515 0.0973515 0.0707484 0.0881740 0.0000000 0.0986780 0.0748647 0.1032946 0.1173882 0.0810555 0.0771026 0.1016259 0.0954676 0.0910064 0.0795361 0.0131548 0.0848753 0.1221834 0.1209630 0.0954565 0.0840313 0.0954624 0.0695587 0.0136117 0.0926741 0.0987508 0.0760094 0.1131861 0.1086681 0.0967651 0.0956819 
Peramelidae_Perameles_nasuta                 0.0696272 0.0733606 0.0817743 0.1102554 0.1172355 0.1163800 0.1042118 0.1194461 0.0986780 0.0000000 0.1142041 0.1279675 0.1311056 0.1225306 0.1043995 0.1263488 0.1169103 0.0995837 0.0104523 0.1027728 0.1220322 0.1351883 0.1379299 0.1187805 0.1345886 0.1158579 0.1039962 0.1010968 0.1295337 0.1372494 0.1121843 0.1413283 0.0175674 0.1170603 0.0007588 
Phalangeridae_Strigocuscus_pelengensis       0.0497087 0.0760003 0.0735232 0.0858684 0.0951660 0.1087044 0.0237145 0.0266583 0.0748647 0.1142041 0.0000000 0.1185738 0.1316915 0.0177824 0.0875089 0.1181677 0.1089829 0.1020431 0.0932886 0.0754056 0.1028468 0.1374110 0.1368841 0.1130153 0.1133924 0.1130185 0.0878414 0.0789461 0.1061477 0.1090938 0.0896088 0.0490801 0.1266448 0.1087967 0.1088153 
Dasyuridae_Phascogale_tapoatafa              0.0896720 0.0964399 0.0889263 0.1156557 0.1262551 0.0162684 0.1084755 0.1388881 0.1032946 0.1279675 0.1185738 0.0000000 0.0442955 0.1285541 0.1200623 0.0025526 0.0157712 0.0207045 0.1168268 0.1015153 0.1328489 0.1467405 0.1559911 0.0068185 0.1573639 0.1253089 0.1201106 0.1001271 0.1387921 0.1469754 0.1210310 0.1635503 0.1364147 0.0173020 0.1272529 
Dasyuridae_Sminthopsis_macroura              0.0905158 0.1068365 0.1040599 0.1316180 0.1343925 0.0350536 0.1268875 0.1515076 0.1173882 0.1311056 0.1316915 0.0442955 0.0000000 0.1459410 0.1176775 0.0443358 0.0354753 0.0346610 0.1181480 0.1157539 0.1513949 0.1479166 0.1567752 0.0411041 0.1742575 0.1456162 0.1213858 0.1146442 0.1480644 0.1730467 0.1258924 0.1779580 0.1440332 0.0368996 0.1291580 
Phalangeridae_Phalanger_orientalis           0.0499392 0.0782945 0.0730846 0.0945453 0.1080992 0.1235798 0.0256860 0.0155183 0.0810555 0.1225306 0.0177824 0.1285541 0.1459410 0.0000000 0.0953971 0.1281187 0.1221092 0.1144865 0.1036890 0.0876769 0.1126339 0.1450207 0.1461943 0.1206324 0.1038905 0.1011674 0.1001084 0.0916012 0.1252544 0.1168296 0.0982196 0.0103223 0.1281593 0.1222510 0.1182506 
Acrobatidae_Acrobates_pygmaeus               0.0464528 0.0795758 0.0705616 0.0865725 0.0859754 0.1122920 0.0796329 0.1019367 0.0771026 0.1043995 0.0875089 0.1200623 0.1176775 0.0953971 0.0000000 0.1210378 0.1112140 0.1086437 0.0795992 0.0713413 0.0836511 0.1242137 0.1238807 0.1133201 0.1303343 0.1153816 0.0515312 0.0715380 0.0839573 0.0991897 0.0441835 0.1276380 0.1101517 0.1105135 0.0984894 
Dasyuridae_Phascogale_calura                 0.0896090 0.0963697 0.0871139 0.1139419 0.1256202 0.0158481 0.1080542 0.1385446 0.1016259 0.1263488 0.1181677 0.0025526 0.0443358 0.1281187 0.1210378 0.0000000 0.0158213 0.0224599 0.1142874 0.0998409 0.1315190 0.1461047 0.1562432 0.0068237 0.1587807 0.1231842 0.1219042 0.0976415 0.1365856 0.1460665 0.1209330 0.1632919 0.1366229 0.0183313 0.1257888 
Dasyuridae_Sarcophilus_harrisii              0.0821787 0.0934977 0.0845002 0.1052278 0.1204858 0.0029373 0.0974982 0.1268314 0.0954676 0.1169103 0.1089829 0.0157712 0.0354753 0.1221092 0.1112140 0.0158213 0.0000000 0.0183547 0.0998935 0.0928516 0.1260996 0.1449257 0.1544466 0.0147311 0.1441598 0.1130017 0.1148162 0.0895818 0.1270440 0.1426194 0.1116071 0.1501401 0.1296209 0.0040820 0.1128807 
Dasyuridae_Planigale_tenuirostris            0.0710424 0.0871855 0.0800437 0.1025760 0.1116426 0.0189158 0.0954948 0.1211531 0.0910064 0.0995837 0.1020431 0.0207045 0.0346610 0.1144865 0.1086437 0.0224599 0.0183547 0.0000000 0.0858419 0.0917394 0.1189554 0.1324271 0.1454725 0.0209901 0.1407087 0.1114254 0.1101229 0.0892899 0.1263998 0.1351152 0.1065524 0.1471636 0.1175666 0.0172763 0.0954980 
Peramelidae_Echymipera_kalubu                0.0758820 0.0827639 0.0788670 0.0788126 0.0838172 0.1026009 0.0856862 0.1024257 0.0795361 0.0104523 0.0932886 0.1168268 0.1181480 0.1036890 0.0795992 0.1142874 0.0998935 0.0858419 0.0000000 0.0760229 0.1007100 0.1184197 0.1292700 0.1103802 0.1119544 0.1256396 0.0743594 0.0740262 0.1076798 0.1184847 0.0976199 0.1369699 0.0135457 0.1011906 0.0106575 
Macropodidae_Dorcopsulus_vanheurni           0.0437367 0.0732747 0.0549006 0.0234598 0.0356883 0.0906238 0.0748905 0.0906669 0.0131548 0.1027728 0.0754056 0.1015153 0.1157539 0.0876769 0.0713413 0.0998409 0.0928516 0.0917394 0.0760229 0.0000000 0.0863329 0.1206579 0.1281913 0.0963125 0.0857449 0.1016521 0.0751784 0.0049426 0.0925805 0.0992964 0.0697389 0.1173156 0.1105027 0.0889587 0.0974520 
Pseudochiridae_Pseudochirulus_forbesi        0.0634023 0.0859153 0.0786172 0.0857754 0.0967383 0.1269079 0.0974951 0.1124267 0.0848753 0.1220322 0.1028468 0.1328489 0.1513949 0.1126339 0.0836511 0.1315190 0.1260996 0.1189554 0.1007100 0.0863329 0.0000000 0.1520830 0.1509901 0.1287938 0.1373490 0.1359024 0.0497470 0.0827899 0.0234406 0.0869147 0.0653805 0.1377686 0.1290185 0.1284057 0.1143291 
Didelphidae_Didelphis_virginiana             0.0883337 0.1110515 0.1061406 0.1326513 0.1320896 0.1424175 0.1323458 0.1492534 0.1221834 0.1351883 0.1374110 0.1467405 0.1479166 0.1450207 0.1242137 0.1461047 0.1449257 0.1324271 0.1184197 0.1206579 0.1520830 0.0000000 0.0549034 0.1419353 0.1630443 0.1389081 0.1203149 0.1217104 0.1507608 0.1701819 0.1343100 0.1702647 0.1336331 0.1417296 0.1304410 
Marmosidae_Monodelphis_domestica             0.0874859 0.1086416 0.1104297 0.1346088 0.1332463 0.1528724 0.1272770 0.1316454 0.1209630 0.1379299 0.1368841 0.1559911 0.1567752 0.1461943 0.1238807 0.1562432 0.1544466 0.1454725 0.1292700 0.1281913 0.1509901 0.0549034 0.0000000 0.1514643 0.1532020 0.1161635 0.1239497 0.1264128 0.1714331 0.1772413 0.1384443 0.1595007 0.1362825 0.1492730 0.1294187 
Dasyuridae_Antechinus_stuartii               0.0861447 0.0940126 0.0849077 0.1094953 0.1223468 0.0166954 0.1012802 0.1307904 0.0954565 0.1187805 0.1130153 0.0068185 0.0411041 0.1206324 0.1133201 0.0068237 0.0147311 0.0209901 0.1103802 0.0963125 0.1287938 0.1419353 0.1514643 0.0000000 0.1508842 0.1177846 0.1189065 0.0942086 0.1299451 0.1416940 0.1198921 0.1553452 0.1295796 0.0162214 0.1181849 
Hypsiprymnodontidae_Hypsiprymnodon_moschatus 0.0767273 0.1110898 0.1052279 0.0903311 0.0865711 0.1461693 0.1067077 0.1067540 0.0840313 0.1345886 0.1133924 0.1573639 0.1742575 0.1038905 0.1303343 0.1587807 0.1441598 0.1407087 0.1119544 0.0857449 0.1373490 0.1630443 0.1532020 0.1508842 0.0000000 0.1147946 0.1140633 0.0843382 0.1475246 0.1363541 0.1209971 0.1317050 0.1559613 0.1471089 0.1410023 
Microbiotheriidae_Dromiciops_gliroides       0.0912956 0.0983286 0.0737082 0.1108002 0.1273783 0.1137242 0.1017634 0.1026182 0.0954624 0.1158579 0.1130185 0.1253089 0.1456162 0.1011674 0.1153816 0.1231842 0.1130017 0.1114254 0.1256396 0.1016521 0.1359024 0.1389081 0.1161635 0.1177846 0.1147946 0.0000000 0.1105476 0.0988428 0.1415464 0.1265264 0.1265509 0.1277291 0.1366583 0.1149573 0.1248795 
Pseudochiridae_Petauroides_volans            0.0437376 0.0638810 0.0584062 0.0711130 0.0753539 0.1125433 0.0834563 0.0918633 0.0695587 0.1039962 0.0878414 0.1201106 0.1213858 0.1001084 0.0515312 0.1219042 0.1148162 0.1101229 0.0743594 0.0751784 0.0497470 0.1203149 0.1239497 0.1189065 0.1140633 0.1105476 0.0000000 0.0695775 0.0525811 0.0791648 0.0657512 0.1206936 0.1075527 0.1131529 0.0962121 
Macropodidae_Wallabia_bicolor                0.0428931 0.0712285 0.0530865 0.0234530 0.0350340 0.0894270 0.0728170 0.0882088 0.0136117 0.1010968 0.0789461 0.1001271 0.1146442 0.0916012 0.0715380 0.0976415 0.0895818 0.0892899 0.0740262 0.0049426 0.0827899 0.1217104 0.1264128 0.0942086 0.0843382 0.0988428 0.0695775 0.0000000 0.0887421 0.0970144 0.0678661 0.1160233 0.1121557 0.0876806 0.0951173 
Pseudochiridae_Pseudocheirus_occidentalis    0.0712318 0.0966099 0.0816825 0.0918069 0.1018555 0.1295610 0.0991059 0.1234969 0.0926741 0.1295337 0.1061477 0.1387921 0.1480644 0.1252544 0.0839573 0.1365856 0.1270440 0.1263998 0.1076798 0.0925805 0.0234406 0.1507608 0.1714331 0.1299451 0.1475246 0.1415464 0.0525811 0.0887421 0.0000000 0.0882131 0.0620537 0.1420601 0.1352665 0.1331578 0.1224524 
Tarsipedidae_Tarsipes_rostratus              0.0775319 0.1031458 0.0838427 0.1009903 0.1232037 0.1412754 0.0952626 0.1146980 0.0987508 0.1372494 0.1090938 0.1469754 0.1730467 0.1168296 0.0991897 0.1460665 0.1426194 0.1351152 0.1184847 0.0992964 0.0869147 0.1701819 0.1772413 0.1416940 0.1363541 0.1265264 0.0791648 0.0970144 0.0882131 0.0000000 0.0833069 0.1468083 0.1559148 0.1415408 0.1274485 
Acrobatidae_Distoechurus_pennatus            0.0696156 0.1100806 0.0840214 0.0720688 0.0659658 0.1131554 0.0855887 0.1029529 0.0760094 0.1121843 0.0896088 0.1210310 0.1258924 0.0982196 0.0441835 0.1209330 0.1116071 0.1065524 0.0976199 0.0697389 0.0653805 0.1343100 0.1384443 0.1198921 0.1209971 0.1265509 0.0657512 0.0678661 0.0620537 0.0833069 0.0000000 0.1360528 0.1211041 0.1117494 0.1073067 
Phalangeridae_Phalanger_carmelitae           0.0805243 0.1173575 0.0992139 0.1221939 0.1355615 0.1504859 0.0503767 0.0274869 0.1131861 0.1413283 0.0490801 0.1635503 0.1779580 0.0103223 0.1276380 0.1632919 0.1501401 0.1471636 0.1369699 0.1173156 0.1377686 0.1702647 0.1595007 0.1553452 0.1317050 0.1277291 0.1206936 0.1160233 0.1420601 0.1468083 0.1360528 0.0000000 0.1584825 0.1503107 0.1433022 
Peramelidae_Peroryctes_raffrayana            0.0792420 0.0884219 0.0915311 0.1201219 0.1280349 0.1291204 0.1204037 0.1358627 0.1086681 0.0175674 0.1266448 0.1364147 0.1440332 0.1281593 0.1101517 0.1366229 0.1296209 0.1175666 0.0135457 0.1105027 0.1290185 0.1336331 0.1362825 0.1295796 0.1559613 0.1366583 0.1075527 0.1121557 0.1352665 0.1559148 0.1211041 0.1584825 0.0000000 0.1279290 0.0173956 
Dasyuridae_Dasyurus_geffroii                 0.0803934 0.0938123 0.0846775 0.1045470 0.1187399 0.0033210 0.0997781 0.1257930 0.0967651 0.1170603 0.1087967 0.0173020 0.0368996 0.1222510 0.1105135 0.0183313 0.0040820 0.0172763 0.1011906 0.0889587 0.1284057 0.1417296 0.1492730 0.0162214 0.1471089 0.1149573 0.1131529 0.0876806 0.1331578 0.1415408 0.1117494 0.1503107 0.1279290 0.0000000 0.1130094 
Peramelidae_Perameles_gunnii                 0.0696863 0.0773360 0.0815401 0.1050111 0.1134244 0.1123908 0.0982834 0.1179705 0.0956819 0.0007588 0.1088153 0.1272529 0.1291580 0.1182506 0.0984894 0.1257888 0.1128807 0.0954980 0.0106575 0.0974520 0.1143291 0.1304410 0.1294187 0.1181849 0.1410023 0.1248795 0.0962121 0.0951173 0.1224524 0.1274485 0.1073067 0.1433022 0.0173956 0.1130094 0.0000000 
