35
Burramyidae_Burramys_parvus                  0.0000000 0.1656718 0.0868282 0.0902804 0.1029530 0.0906170 0.0766941 0.0820198 0.1031752 0.0875592 0.0852006 0.1054683 0.0956439 0.0805762 0.1011909 0.0944804 0.0938109 0.0773708 0.1158072 0.0850315 0.0988937 0.1311248 0.1650004 0.0929332 0.0794094 0.0843320 0.0902078 0.0899409 0.0812107 0.1358898 0.1028140 0.0551900 0.0973187 0.0830893 0.1193359 
Notoryctidae_Notoryctes_typhlops             0.1656718 0.0000000 0.1623456 0.1502856 0.1611457 0.1718828 0.1468925 0.1588580 0.1703567 0.1724082 0.1684777 0.2141991 0.1702707 0.1530466 0.1696376 0.2056117 0.1915915 0.1722447 0.1716761 0.1343595 0.1488068 0.1739868 0.1861951 0.2042591 0.1552890 0.1131103 0.1537865 0.1477239 0.1276756 0.1918659 0.1659759 0.1654909 0.1576088 0.1673744 0.1652663 
Vombatidae_Lasiorhinus_latifrons             0.0868282 0.1623456 0.0000000 0.0933705 0.0946405 0.1257696 0.0688736 0.0680319 0.0947751 0.1429134 0.1200587 0.1843107 0.1285475 0.0716278 0.0867138 0.1832922 0.1396904 0.1304054 0.1224159 0.0878109 0.0950622 0.1253092 0.1456600 0.1812150 0.0830335 0.0829723 0.1368518 0.0883783 0.0782552 0.1242587 0.0919251 0.0801666 0.1028455 0.1228553 0.1287142 
Potoroidae_Bettongia_penicillata             0.0902804 0.1502856 0.0933705 0.0000000 0.0068033 0.1391777 0.0801074 0.0826776 0.0180519 0.1474057 0.1367562 0.2018911 0.1371816 0.0853053 0.0990375 0.2019629 0.1547168 0.1388445 0.1335248 0.0320462 0.0957538 0.1296717 0.1440842 0.1935435 0.0508856 0.0845358 0.1499772 0.0290418 0.0777341 0.1372145 0.1038180 0.0956251 0.1138703 0.1334803 0.1276251 
Potoroidae_Bettongia_lesueur                 0.1029530 0.1611457 0.0946405 0.0068033 0.0000000 0.1445653 0.0810398 0.0835618 0.0169892 0.1648323 0.1407328 0.2091355 0.1490509 0.0886781 0.0993598 0.2089989 0.1627632 0.1460238 0.1379186 0.0319182 0.1049839 0.1451961 0.1506437 0.2012747 0.0598158 0.0869374 0.1575036 0.0317996 0.0874101 0.1449088 0.1078836 0.0988907 0.1192774 0.1371734 0.1429350 
Dasyuridae_Dasyurus_maculatus                0.0906170 0.1718828 0.1257696 0.1391777 0.1445653 0.0000000 0.1188991 0.1201275 0.1446959 0.1247185 0.1700718 0.1002569 0.0375830 0.1208567 0.1375082 0.1079982 0.0328143 0.0508783 0.1628803 0.1340208 0.1272792 0.1476117 0.1655545 0.1051227 0.1191975 0.1080578 0.1706321 0.1337842 0.0968720 0.1719945 0.1329578 0.0883309 0.1318745 0.0211191 0.1561540 
Phalangeridae_Trichosurus_vulpecula          0.0766941 0.1468925 0.0688736 0.0801074 0.0810398 0.1188991 0.0000000 0.0209989 0.0848947 0.1298096 0.0711293 0.1706053 0.1199174 0.0233840 0.0779858 0.1697346 0.1310430 0.1214862 0.1142449 0.0715564 0.0781459 0.1285240 0.1449035 0.1679407 0.0714664 0.0735749 0.1208779 0.0688852 0.0654237 0.1196268 0.0806209 0.0369763 0.0917112 0.1143306 0.1189144 
Phalangeridae_Spilocuscus_maculatus          0.0820198 0.1588580 0.0680319 0.0826776 0.0835618 0.1201275 0.0209989 0.0000000 0.0881833 0.1397148 0.0524345 0.1791857 0.1226596 0.0087133 0.0839467 0.1788515 0.1352657 0.1250228 0.1194830 0.0723659 0.0859834 0.1299073 0.1462401 0.1757236 0.0731720 0.0784154 0.1317000 0.0737913 0.0704846 0.1191064 0.0806671 0.0287941 0.0978663 0.1173071 0.1189157 
Potoroidae_Aepyprymnus_rufescens             0.1031752 0.1703567 0.0947751 0.0180519 0.0169892 0.1446959 0.0848947 0.0881833 0.0000000 0.1576266 0.1437762 0.2180579 0.1502318 0.0917877 0.1063299 0.2161399 0.1656505 0.1443524 0.1429724 0.0353670 0.1084299 0.1514255 0.1605694 0.2053921 0.0657023 0.0896486 0.1594749 0.0346910 0.0884909 0.1434514 0.1102864 0.0977254 0.1189566 0.1401831 0.1393721 
Peramelidae_Perameles_nasuta                 0.0875592 0.1724082 0.1429134 0.1474057 0.1648323 0.1247185 0.1298096 0.1397148 0.1576266 0.0000000 0.1176986 0.1306155 0.1092682 0.1341621 0.1562345 0.1260082 0.1353301 0.1264704 0.0977621 0.1290107 0.1473485 0.1751690 0.1911000 0.1300559 0.1520083 0.0950900 0.1309517 0.1444394 0.1150583 0.1745000 0.1553195 0.0935716 0.0604845 0.1138196 0.0337000 
Phalangeridae_Strigocuscus_pelengensis       0.0852006 0.1684777 0.1200587 0.1367562 0.1407328 0.1700718 0.0711293 0.0524345 0.1437762 0.1176986 0.0000000 0.1446246 0.1290446 0.0529928 0.1357767 0.1389977 0.1739097 0.1856320 0.1789841 0.1253153 0.1431734 0.1957168 0.2161259 0.1345442 0.1254699 0.1332820 0.1048483 0.1328275 0.0920914 0.1651018 0.1407337 0.0368998 0.1078058 0.1648148 0.1692635 
Dasyuridae_Phascogale_tapoatafa              0.1054683 0.2141991 0.1843107 0.2018911 0.2091355 0.1002569 0.1706053 0.1791857 0.2180579 0.1306155 0.1446246 0.0000000 0.0751115 0.1768722 0.1965188 0.0274992 0.0926574 0.1122961 0.2035554 0.1826733 0.2006749 0.2168242 0.2365178 0.0334056 0.1843507 0.1615108 0.1475853 0.2013193 0.1423341 0.2306226 0.1970010 0.1135619 0.1482726 0.0808903 0.2120753 
Dasyuridae_Sminthopsis_macroura              0.0956439 0.1702707 0.1285475 0.1371816 0.1490509 0.0375830 0.1199174 0.1226596 0.1502318 0.1092682 0.1290446 0.0751115 0.0000000 0.1213855 0.1412981 0.0770926 0.0594247 0.0415828 0.1483808 0.1185771 0.1343632 0.1449215 0.1666690 0.0774022 0.1338173 0.0909760 0.1363345 0.1321759 0.1076039 0.1619465 0.1366411 0.0945644 0.1404227 0.0427558 0.1419756 
Phalangeridae_Phalanger_orientalis           0.0805762 0.1530466 0.0716278 0.0853053 0.0886781 0.1208567 0.0233840 0.0087133 0.0917877 0.1341621 0.0529928 0.1768722 0.1213855 0.0000000 0.0841888 0.1777070 0.1344459 0.1275805 0.1184504 0.0735115 0.0862915 0.1255230 0.1465357 0.1775641 0.0773785 0.0740916 0.1256064 0.0729129 0.0720725 0.1182506 0.0836876 0.0211189 0.0981514 0.1154947 0.1157374 
Acrobatidae_Acrobates_pygmaeus               0.1011909 0.1696376 0.0867138 0.0990375 0.0993598 0.1375082 0.0779858 0.0839467 0.1063299 0.1562345 0.1357767 0.1965188 0.1412981 0.0841888 0.0000000 0.2006619 0.1422809 0.1445759 0.1269467 0.0924074 0.0914027 0.1419255 0.1510281 0.1939338 0.0848182 0.0888119 0.1324800 0.0983851 0.0683196 0.1259529 0.0519796 0.0802878 0.1090942 0.1309528 0.1373553 
Dasyuridae_Phascogale_calura                 0.0944804 0.2056117 0.1832922 0.2019629 0.2089989 0.1079982 0.1697346 0.1788515 0.2161399 0.1260082 0.1389977 0.0274992 0.0770926 0.1777070 0.2006619 0.0000000 0.0976873 0.1131524 0.2114663 0.1833602 0.2069387 0.2121970 0.2350262 0.0285690 0.1876045 0.1621661 0.1475528 0.2015491 0.1466989 0.2303324 0.1931058 0.0991301 0.1486488 0.0858883 0.2253457 
Dasyuridae_Sarcophilus_harrisii              0.0938109 0.1915915 0.1396904 0.1547168 0.1627632 0.0328143 0.1310430 0.1352657 0.1656505 0.1353301 0.1739097 0.0926574 0.0594247 0.1344459 0.1422809 0.0976873 0.0000000 0.0556753 0.1600820 0.1443446 0.1503744 0.1707612 0.1842222 0.0976734 0.1429597 0.1186074 0.1671777 0.1497768 0.1023116 0.1835233 0.1522529 0.0921826 0.1310146 0.0194616 0.1706761 
Dasyuridae_Planigale_tenuirostris            0.0773708 0.1722447 0.1304054 0.1388445 0.1460238 0.0508783 0.1214862 0.1250228 0.1443524 0.1264704 0.1856320 0.1122961 0.0415828 0.1275805 0.1445759 0.1131524 0.0556753 0.0000000 0.1584052 0.1162349 0.1324162 0.1411596 0.1396979 0.1095002 0.1251253 0.1056604 0.1792985 0.1319141 0.0931692 0.1574031 0.1367038 0.0889002 0.1250853 0.0361838 0.1654020 
Peramelidae_Echymipera_kalubu                0.1158072 0.1716761 0.1224159 0.1335248 0.1379186 0.1628803 0.1142449 0.1194830 0.1429724 0.0977621 0.1789841 0.2035554 0.1483808 0.1184504 0.1269467 0.2114663 0.1600820 0.1584052 0.0000000 0.1176975 0.1287625 0.1601715 0.1627482 0.2049932 0.1216233 0.0999842 0.1681257 0.1289066 0.1021785 0.1631695 0.1285480 0.1223063 0.0321502 0.1415603 0.0492580 
Macropodidae_Dorcopsulus_vanheurni           0.0850315 0.1343595 0.0878109 0.0320462 0.0319182 0.1340208 0.0715564 0.0723659 0.0353670 0.1290107 0.1253153 0.1826733 0.1185771 0.0735115 0.0924074 0.1833602 0.1443446 0.1162349 0.1176975 0.0000000 0.0813259 0.1193945 0.1219070 0.1733775 0.0484526 0.0829897 0.1262920 0.0150919 0.0677043 0.1107439 0.0966014 0.0843642 0.1046924 0.1233437 0.1128762 
Pseudochiridae_Pseudochirulus_forbesi        0.0988937 0.1488068 0.0950622 0.0957538 0.1049839 0.1272792 0.0781459 0.0859834 0.1084299 0.1473485 0.1431734 0.2006749 0.1343632 0.0862915 0.0914027 0.2069387 0.1503744 0.1324162 0.1287625 0.0813259 0.0000000 0.1462172 0.1531534 0.2101451 0.0869365 0.0857089 0.1020269 0.0921611 0.0222875 0.1086481 0.0911760 0.0947237 0.1173147 0.1242672 0.1290643 
Didelphidae_Didelphis_virginiana             0.1311248 0.1739868 0.1253092 0.1296717 0.1451961 0.1476117 0.1285240 0.1299073 0.1514255 0.1751690 0.1957168 0.2168242 0.1449215 0.1255230 0.1419255 0.2121970 0.1707612 0.1411596 0.1601715 0.1193945 0.1462172 0.0000000 0.0760566 0.2153532 0.1255486 0.0990205 0.1889212 0.1261459 0.1172425 0.1770533 0.1386459 0.1323157 0.1373545 0.1405947 0.1597842 
Marmosidae_Monodelphis_domestica             0.1650004 0.1861951 0.1456600 0.1440842 0.1506437 0.1655545 0.1449035 0.1462401 0.1605694 0.1911000 0.2161259 0.2365178 0.1666690 0.1465357 0.1510281 0.2350262 0.1842222 0.1396979 0.1627482 0.1219070 0.1531534 0.0760566 0.0000000 0.2332149 0.1472531 0.1006749 0.2152231 0.1567647 0.1267980 0.1810113 0.1525659 0.1595086 0.1577565 0.1474894 0.1739581 
Dasyuridae_Antechinus_stuartii               0.0929332 0.2042591 0.1812150 0.1935435 0.2012747 0.1051227 0.1679407 0.1757236 0.2053921 0.1300559 0.1345442 0.0334056 0.0774022 0.1775641 0.1939338 0.0285690 0.0976734 0.1095002 0.2049932 0.1733775 0.2101451 0.2153532 0.2332149 0.0000000 0.1801020 0.1567175 0.1447130 0.1887023 0.1374421 0.2277257 0.1902768 0.0987215 0.1397773 0.0848761 0.2240281 
Hypsiprymnodontidae_Hypsiprymnodon_moschatus 0.0794094 0.1552890 0.0830335 0.0508856 0.0598158 0.1191975 0.0714664 0.0731720 0.0657023 0.1520083 0.1254699 0.1843507 0.1338173 0.0773785 0.0848182 0.1876045 0.1429597 0.1251253 0.1216233 0.0484526 0.0869365 0.1255486 0.1472531 0.1801020 0.0000000 0.0834158 0.1332206 0.0441910 0.0719288 0.1370813 0.0856454 0.0850562 0.1048879 0.1178900 0.1288048 
Microbiotheriidae_Dromiciops_gliroides       0.0843320 0.1131103 0.0829723 0.0845358 0.0869374 0.1080578 0.0735749 0.0784154 0.0896486 0.0950900 0.1332820 0.1615108 0.0909760 0.0740916 0.0888119 0.1621661 0.1186074 0.1056604 0.0999842 0.0829897 0.0857089 0.0990205 0.1006749 0.1567175 0.0834158 0.0000000 0.1243793 0.0783678 0.0698715 0.1035316 0.0929674 0.0790645 0.0841171 0.0993540 0.0975594 
Pseudochiridae_Petauroides_volans            0.0902078 0.1537865 0.1368518 0.1499772 0.1575036 0.1706321 0.1208779 0.1317000 0.1594749 0.1309517 0.1048483 0.1475853 0.1363345 0.1256064 0.1324800 0.1475528 0.1671777 0.1792985 0.1681257 0.1262920 0.1020269 0.1889212 0.2152231 0.1447130 0.1332206 0.1243793 0.0000000 0.1425138 0.0574602 0.1437486 0.1385063 0.0953075 0.1085209 0.1566979 0.1766230 
Macropodidae_Wallabia_bicolor                0.0899409 0.1477239 0.0883783 0.0290418 0.0317996 0.1337842 0.0688852 0.0737913 0.0346910 0.1444394 0.1328275 0.2013193 0.1321759 0.0729129 0.0983851 0.2015491 0.1497768 0.1319141 0.1289066 0.0150919 0.0921611 0.1261459 0.1567647 0.1887023 0.0441910 0.0783678 0.1425138 0.0000000 0.0691949 0.1381506 0.0983176 0.0883825 0.1055280 0.1281929 0.1250275 
Pseudochiridae_Pseudocheirus_occidentalis    0.0812107 0.1276756 0.0782552 0.0777341 0.0874101 0.0968720 0.0654237 0.0704846 0.0884909 0.1150583 0.0920914 0.1423341 0.1076039 0.0720725 0.0683196 0.1466989 0.1023116 0.0931692 0.1021785 0.0677043 0.0222875 0.1172425 0.1267980 0.1374421 0.0719288 0.0698715 0.0574602 0.0691949 0.0000000 0.0861848 0.0757213 0.0793117 0.0948212 0.0892475 0.1002273 
Tarsipedidae_Tarsipes_rostratus              0.1358898 0.1918659 0.1242587 0.1372145 0.1449088 0.1719945 0.1196268 0.1191064 0.1434514 0.1745000 0.1651018 0.2306226 0.1619465 0.1182506 0.1259529 0.2303324 0.1835233 0.1574031 0.1631695 0.1107439 0.1086481 0.1770533 0.1810113 0.2277257 0.1370813 0.1035316 0.1437486 0.1381506 0.0861848 0.0000000 0.1324393 0.1224555 0.1520568 0.1616211 0.1632387 
Acrobatidae_Distoechurus_pennatus            0.1028140 0.1659759 0.0919251 0.1038180 0.1078836 0.1329578 0.0806209 0.0806671 0.1102864 0.1553195 0.1407337 0.1970010 0.1366411 0.0836876 0.0519796 0.1931058 0.1522529 0.1367038 0.1285480 0.0966014 0.0911760 0.1386459 0.1525659 0.1902768 0.0856454 0.0929674 0.1385063 0.0983176 0.0757213 0.1324393 0.0000000 0.0838904 0.1125510 0.1314970 0.1365795 
Phalangeridae_Phalanger_carmelitae           0.0551900 0.1654909 0.0801666 0.0956251 0.0988907 0.0883309 0.0369763 0.0287941 0.0977254 0.0935716 0.0368998 0.1135619 0.0945644 0.0211189 0.0802878 0.0991301 0.0921826 0.0889002 0.1223063 0.0843642 0.0947237 0.1323157 0.1595086 0.0987215 0.0850562 0.0790645 0.0953075 0.0883825 0.0793117 0.1224555 0.0838904 0.0000000 0.1069937 0.0840927 0.1164860 
Peramelidae_Peroryctes_raffrayana            0.0973187 0.1576088 0.1028455 0.1138703 0.1192774 0.1318745 0.0917112 0.0978663 0.1189566 0.0604845 0.1078058 0.1482726 0.1404227 0.0981514 0.1090942 0.1486488 0.1310146 0.1250853 0.0321502 0.1046924 0.1173147 0.1373545 0.1577565 0.1397773 0.1048879 0.0841171 0.1085209 0.1055280 0.0948212 0.1520568 0.1125510 0.1069937 0.0000000 0.1157705 0.0433071 
Dasyuridae_Dasyurus_geffroii                 0.0830893 0.1673744 0.1228553 0.1334803 0.1371734 0.0211191 0.1143306 0.1173071 0.1401831 0.1138196 0.1648148 0.0808903 0.0427558 0.1154947 0.1309528 0.0858883 0.0194616 0.0361838 0.1415603 0.1233437 0.1242672 0.1405947 0.1474894 0.0848761 0.1178900 0.0993540 0.1566979 0.1281929 0.0892475 0.1616211 0.1314970 0.0840927 0.1157705 0.0000000 0.1439329 
Peramelidae_Perameles_gunnii                 0.1193359 0.1652663 0.1287142 0.1276251 0.1429350 0.1561540 0.1189144 0.1189157 0.1393721 0.0337000 0.1692635 0.2120753 0.1419756 0.1157374 0.1373553 0.2253457 0.1706761 0.1654020 0.0492580 0.1128762 0.1290643 0.1597842 0.1739581 0.2240281 0.1288048 0.0975594 0.1766230 0.1250275 0.1002273 0.1632387 0.1365795 0.1164860 0.0433071 0.1439329 0.0000000 
