35
Burramyidae_Burramys_parvus                  0.0000000 0.0281885 0.0210615 0.0222570 0.0234710 0.0338307 0.0182786 0.0165814 0.0230303 0.0256170 0.0179772 0.0322663 0.0338364 0.0173710 0.0202256 0.0315153 0.0337456 0.0263090 0.0261851 0.0188867 0.0228062 0.0343758 0.0327188 0.0312130 0.0212237 0.0260096 0.0191538 0.0193127 0.0174770 0.0253996 0.0198991 0.0178011 0.0239350 0.0346091 0.0263144 
Notoryctidae_Notoryctes_typhlops             0.0281885 0.0000000 0.0303671 0.0344048 0.0358828 0.0382340 0.0308134 0.0312585 0.0355858 0.0308135 0.0312962 0.0381383 0.0387448 0.0312819 0.0324683 0.0371991 0.0385209 0.0319707 0.0327107 0.0310032 0.0350989 0.0383397 0.0373842 0.0365598 0.0327574 0.0307278 0.0308279 0.0311554 0.0308585 0.0367878 0.0320971 0.0317996 0.0319336 0.0388814 0.0317202 
Vombatidae_Lasiorhinus_latifrons             0.0210615 0.0303671 0.0000000 0.0265335 0.0279411 0.0338963 0.0223814 0.0219096 0.0275001 0.0278339 0.0223485 0.0344222 0.0349747 0.0222041 0.0246556 0.0336657 0.0341052 0.0274477 0.0296676 0.0227089 0.0242514 0.0344591 0.0341376 0.0330133 0.0258277 0.0260429 0.0226875 0.0228523 0.0222176 0.0294081 0.0240336 0.0226084 0.0275938 0.0348288 0.0292013 
Potoroidae_Bettongia_penicillata             0.0222570 0.0344048 0.0265335 0.0000000 0.0033942 0.0357411 0.0204239 0.0212847 0.0073509 0.0308761 0.0210318 0.0375628 0.0383105 0.0204061 0.0274488 0.0367904 0.0347033 0.0311643 0.0323418 0.0075247 0.0285056 0.0338204 0.0364618 0.0359762 0.0190229 0.0328025 0.0235241 0.0078506 0.0228788 0.0295431 0.0268147 0.0203736 0.0294381 0.0359306 0.0319778 
Potoroidae_Bettongia_lesueur                 0.0234710 0.0358828 0.0279411 0.0033942 0.0000000 0.0375635 0.0216297 0.0225012 0.0084970 0.0325881 0.0226474 0.0393987 0.0401490 0.0216040 0.0279375 0.0386313 0.0367386 0.0328513 0.0341390 0.0086725 0.0286262 0.0354476 0.0377625 0.0378327 0.0202190 0.0332910 0.0240112 0.0090020 0.0241797 0.0308134 0.0276679 0.0215696 0.0312073 0.0377538 0.0333983 
Dasyuridae_Dasyurus_maculatus                0.0338307 0.0382340 0.0338963 0.0357411 0.0375635 0.0000000 0.0320177 0.0312393 0.0379708 0.0380706 0.0324257 0.0089297 0.0138457 0.0315488 0.0361320 0.0082310 0.0038211 0.0094198 0.0389396 0.0346247 0.0385966 0.0406133 0.0426850 0.0077040 0.0385234 0.0369958 0.0338564 0.0366189 0.0340647 0.0390554 0.0355390 0.0322138 0.0380603 0.0020774 0.0389155 
Phalangeridae_Trichosurus_vulpecula          0.0182786 0.0308134 0.0223814 0.0204239 0.0216297 0.0320177 0.0000000 0.0074381 0.0239246 0.0295565 0.0085054 0.0309781 0.0332373 0.0084244 0.0231489 0.0307331 0.0314558 0.0261558 0.0296063 0.0216316 0.0245132 0.0312989 0.0340020 0.0307555 0.0236757 0.0265847 0.0201992 0.0220634 0.0206917 0.0249469 0.0230863 0.0086253 0.0288626 0.0321831 0.0298824 
Phalangeridae_Spilocuscus_maculatus          0.0165814 0.0312585 0.0219096 0.0212847 0.0225012 0.0312393 0.0074381 0.0000000 0.0228995 0.0283393 0.0058027 0.0321162 0.0315418 0.0052551 0.0219552 0.0313895 0.0313113 0.0275686 0.0294868 0.0198197 0.0230319 0.0328461 0.0334892 0.0316453 0.0220288 0.0274134 0.0190669 0.0208922 0.0175887 0.0244846 0.0210931 0.0043876 0.0279141 0.0314160 0.0289714 
Potoroidae_Aepyprymnus_rufescens             0.0230303 0.0355858 0.0275001 0.0073509 0.0084970 0.0379708 0.0239246 0.0228995 0.0000000 0.0337767 0.0237713 0.0370471 0.0376389 0.0228696 0.0281220 0.0364664 0.0381097 0.0310217 0.0337868 0.0096629 0.0277110 0.0359777 0.0380489 0.0358903 0.0202819 0.0328936 0.0243275 0.0106104 0.0250896 0.0313140 0.0270291 0.0235592 0.0323752 0.0381416 0.0343850 
Peramelidae_Perameles_nasuta                 0.0256170 0.0308135 0.0278339 0.0308761 0.0325881 0.0380706 0.0295565 0.0283393 0.0337767 0.0000000 0.0297456 0.0350072 0.0377544 0.0292384 0.0307179 0.0347326 0.0389387 0.0311196 0.0066578 0.0298617 0.0326622 0.0357238 0.0366054 0.0347566 0.0310537 0.0305076 0.0293916 0.0293877 0.0299200 0.0339915 0.0297154 0.0304183 0.0062136 0.0389057 0.0001360 
Phalangeridae_Strigocuscus_pelengensis       0.0179772 0.0312962 0.0223485 0.0210318 0.0226474 0.0324257 0.0085054 0.0058027 0.0237713 0.0297456 0.0000000 0.0313892 0.0337100 0.0047446 0.0233135 0.0306486 0.0316836 0.0266120 0.0301225 0.0208113 0.0231246 0.0328851 0.0350813 0.0308115 0.0243181 0.0264324 0.0203570 0.0218441 0.0191791 0.0260255 0.0215815 0.0040464 0.0293458 0.0324398 0.0301017 
Dasyuridae_Phascogale_tapoatafa              0.0322663 0.0381383 0.0344222 0.0375628 0.0393987 0.0089297 0.0309781 0.0321162 0.0370471 0.0350072 0.0313892 0.0000000 0.0121276 0.0310588 0.0351881 0.0012348 0.0084490 0.0103340 0.0372822 0.0340192 0.0367901 0.0408656 0.0394881 0.0037422 0.0371539 0.0342602 0.0332255 0.0349822 0.0321810 0.0377721 0.0344055 0.0311745 0.0349323 0.0082164 0.0361031 
Dasyuridae_Sminthopsis_macroura              0.0338364 0.0387448 0.0349747 0.0383105 0.0401490 0.0138457 0.0332373 0.0315418 0.0376389 0.0377544 0.0337100 0.0121276 0.0000000 0.0324562 0.0358581 0.0117138 0.0131459 0.0088376 0.0386818 0.0347567 0.0369366 0.0407087 0.0402156 0.0119319 0.0373842 0.0376084 0.0327679 0.0361338 0.0333943 0.0388736 0.0352370 0.0334322 0.0375388 0.0135630 0.0388003 
Phalangeridae_Phalanger_orientalis           0.0173710 0.0312819 0.0222041 0.0204061 0.0216040 0.0315488 0.0084244 0.0052551 0.0228696 0.0292384 0.0047446 0.0310588 0.0324562 0.0000000 0.0223909 0.0305024 0.0309888 0.0266114 0.0296052 0.0204302 0.0234192 0.0326053 0.0336837 0.0305409 0.0233659 0.0274749 0.0197092 0.0214347 0.0191153 0.0255385 0.0218854 0.0014370 0.0287161 0.0317130 0.0294362 
Acrobatidae_Acrobates_pygmaeus               0.0202256 0.0324683 0.0246556 0.0274488 0.0279375 0.0361320 0.0231489 0.0219552 0.0281220 0.0307179 0.0233135 0.0351881 0.0358581 0.0223909 0.0000000 0.0344284 0.0358981 0.0281845 0.0306234 0.0235888 0.0242359 0.0360259 0.0362751 0.0336529 0.0249554 0.0276043 0.0207673 0.0241704 0.0213051 0.0272535 0.0158246 0.0230843 0.0300591 0.0363016 0.0310557 
Dasyuridae_Phascogale_calura                 0.0315153 0.0371991 0.0336657 0.0367904 0.0386313 0.0082310 0.0307331 0.0313895 0.0364664 0.0347326 0.0306486 0.0012348 0.0117138 0.0305024 0.0344284 0.0000000 0.0078762 0.0097737 0.0369998 0.0332781 0.0358176 0.0407542 0.0397836 0.0030514 0.0368982 0.0353029 0.0323132 0.0342401 0.0317469 0.0376642 0.0334610 0.0307687 0.0351725 0.0078024 0.0361450 
Dasyuridae_Sarcophilus_harrisii              0.0337456 0.0385209 0.0341052 0.0347033 0.0367386 0.0038211 0.0314558 0.0313113 0.0381097 0.0389387 0.0316836 0.0084490 0.0131459 0.0309888 0.0358981 0.0078762 0.0000000 0.0087028 0.0392351 0.0353460 0.0378607 0.0385529 0.0417369 0.0076186 0.0384798 0.0377391 0.0331261 0.0368983 0.0349206 0.0383316 0.0353007 0.0319687 0.0389457 0.0032891 0.0392097 
Dasyuridae_Planigale_tenuirostris            0.0263090 0.0319707 0.0274477 0.0311643 0.0328513 0.0094198 0.0261558 0.0275686 0.0310217 0.0311196 0.0266120 0.0103340 0.0088376 0.0266114 0.0281845 0.0097737 0.0087028 0.0000000 0.0321987 0.0277899 0.0313324 0.0344230 0.0344565 0.0093113 0.0301305 0.0313660 0.0267897 0.0290967 0.0280433 0.0314934 0.0281457 0.0265630 0.0313097 0.0095645 0.0315183 
Peramelidae_Echymipera_kalubu                0.0261851 0.0327107 0.0296676 0.0323418 0.0341390 0.0389396 0.0296063 0.0294868 0.0337868 0.0066578 0.0301225 0.0372822 0.0386818 0.0296052 0.0306234 0.0369998 0.0392351 0.0321987 0.0000000 0.0303535 0.0340061 0.0399726 0.0393014 0.0362479 0.0316740 0.0312842 0.0295102 0.0297531 0.0299032 0.0351472 0.0300877 0.0302755 0.0066495 0.0395787 0.0064461 
Macropodidae_Dorcopsulus_vanheurni           0.0188867 0.0310032 0.0227089 0.0075247 0.0086725 0.0346247 0.0216316 0.0198197 0.0096629 0.0298617 0.0208113 0.0340192 0.0347567 0.0204302 0.0235888 0.0332781 0.0353460 0.0277899 0.0303535 0.0000000 0.0235782 0.0326645 0.0337139 0.0325280 0.0151966 0.0288581 0.0205942 0.0036598 0.0208216 0.0269533 0.0232321 0.0209883 0.0290355 0.0350992 0.0304957 
Pseudochiridae_Pseudochirulus_forbesi        0.0228062 0.0350989 0.0242514 0.0285056 0.0286262 0.0385966 0.0245132 0.0230319 0.0277110 0.0326622 0.0231246 0.0367901 0.0369366 0.0234192 0.0242359 0.0358176 0.0378607 0.0313324 0.0340061 0.0235782 0.0000000 0.0366518 0.0386469 0.0354555 0.0264703 0.0323226 0.0132998 0.0238814 0.0104778 0.0261043 0.0234107 0.0235322 0.0326588 0.0386130 0.0336928 
Didelphidae_Didelphis_virginiana             0.0343758 0.0383397 0.0344591 0.0338204 0.0354476 0.0406133 0.0312989 0.0328461 0.0359777 0.0357238 0.0328851 0.0408656 0.0407087 0.0326053 0.0360259 0.0407542 0.0385529 0.0344230 0.0399726 0.0326645 0.0366518 0.0000000 0.0159402 0.0401741 0.0362092 0.0336792 0.0328946 0.0329888 0.0314254 0.0383981 0.0338365 0.0324119 0.0369949 0.0404499 0.0375905 
Marmosidae_Monodelphis_domestica             0.0327188 0.0373842 0.0341376 0.0364618 0.0377625 0.0426850 0.0340020 0.0334892 0.0380489 0.0366054 0.0350813 0.0394881 0.0402156 0.0336837 0.0362751 0.0397836 0.0417369 0.0344565 0.0393014 0.0337139 0.0386469 0.0159402 0.0000000 0.0394953 0.0371394 0.0328162 0.0354871 0.0340366 0.0346253 0.0394274 0.0353779 0.0344542 0.0363382 0.0425216 0.0378170 
Dasyuridae_Antechinus_stuartii               0.0312130 0.0365598 0.0330133 0.0359762 0.0378327 0.0077040 0.0307555 0.0316453 0.0358903 0.0347566 0.0308115 0.0037422 0.0119319 0.0305409 0.0336529 0.0030514 0.0076186 0.0093113 0.0362479 0.0325280 0.0354555 0.0401741 0.0394953 0.0000000 0.0361577 0.0353623 0.0318478 0.0334932 0.0319715 0.0366234 0.0328893 0.0308088 0.0348310 0.0074166 0.0357175 
Hypsiprymnodontidae_Hypsiprymnodon_moschatus 0.0212237 0.0327574 0.0258277 0.0190229 0.0202190 0.0385234 0.0236757 0.0220288 0.0202819 0.0310537 0.0243181 0.0371539 0.0373842 0.0233659 0.0249554 0.0368982 0.0384798 0.0301305 0.0316740 0.0151966 0.0264703 0.0362092 0.0371394 0.0361577 0.0000000 0.0293906 0.0231368 0.0163253 0.0227246 0.0300427 0.0259571 0.0236183 0.0297588 0.0383542 0.0322474 
Microbiotheriidae_Dromiciops_gliroides       0.0260096 0.0307278 0.0260429 0.0328025 0.0332910 0.0369958 0.0265847 0.0274134 0.0328936 0.0305076 0.0264324 0.0342602 0.0376084 0.0274749 0.0276043 0.0353029 0.0377391 0.0313660 0.0312842 0.0288581 0.0323226 0.0336792 0.0328162 0.0353623 0.0293906 0.0000000 0.0282530 0.0287058 0.0275752 0.0339082 0.0276966 0.0274045 0.0308156 0.0376340 0.0304993 
Pseudochiridae_Petauroides_volans            0.0191538 0.0308279 0.0226875 0.0235241 0.0240112 0.0338564 0.0201992 0.0190669 0.0243275 0.0293916 0.0203570 0.0332255 0.0327679 0.0197092 0.0207673 0.0323132 0.0331261 0.0267897 0.0295102 0.0205942 0.0132998 0.0328946 0.0354871 0.0318478 0.0231368 0.0282530 0.0000000 0.0217267 0.0111993 0.0223469 0.0205828 0.0201281 0.0280577 0.0343290 0.0299402 
Macropodidae_Wallabia_bicolor                0.0193127 0.0311554 0.0228523 0.0078506 0.0090020 0.0366189 0.0220634 0.0208922 0.0106104 0.0293877 0.0218441 0.0349822 0.0361338 0.0214347 0.0241704 0.0342401 0.0368983 0.0290967 0.0297531 0.0036598 0.0238814 0.0329888 0.0340366 0.0334932 0.0163253 0.0287058 0.0217267 0.0000000 0.0211147 0.0279683 0.0236841 0.0219930 0.0282225 0.0369428 0.0300443 
Pseudochiridae_Pseudocheirus_occidentalis    0.0174770 0.0308585 0.0222176 0.0228788 0.0241797 0.0340647 0.0206917 0.0175887 0.0250896 0.0299200 0.0191791 0.0321810 0.0333943 0.0191153 0.0213051 0.0317469 0.0349206 0.0280433 0.0299032 0.0208216 0.0104778 0.0314254 0.0346253 0.0319715 0.0227246 0.0275752 0.0111993 0.0211147 0.0000000 0.0233575 0.0199146 0.0198620 0.0289118 0.0347284 0.0297254 
Tarsipedidae_Tarsipes_rostratus              0.0253996 0.0367878 0.0294081 0.0295431 0.0308134 0.0390554 0.0249469 0.0244846 0.0313140 0.0339915 0.0260255 0.0377721 0.0388736 0.0255385 0.0272535 0.0376642 0.0383316 0.0314934 0.0351472 0.0269533 0.0261043 0.0383981 0.0394274 0.0366234 0.0300427 0.0339082 0.0223469 0.0279683 0.0233575 0.0000000 0.0276672 0.0262620 0.0331762 0.0393893 0.0351263 
Acrobatidae_Distoechurus_pennatus            0.0198991 0.0320971 0.0240336 0.0268147 0.0276679 0.0355390 0.0230863 0.0210931 0.0270291 0.0297154 0.0215815 0.0344055 0.0352370 0.0218854 0.0158246 0.0334610 0.0353007 0.0281457 0.0300877 0.0232321 0.0234107 0.0338365 0.0353779 0.0328893 0.0259571 0.0276966 0.0205828 0.0236841 0.0199146 0.0276672 0.0000000 0.0224273 0.0288799 0.0363240 0.0305189 
Phalangeridae_Phalanger_carmelitae           0.0178011 0.0317996 0.0226084 0.0203736 0.0215696 0.0322138 0.0086253 0.0043876 0.0235592 0.0304183 0.0040464 0.0311745 0.0334322 0.0014370 0.0230843 0.0307687 0.0319687 0.0265630 0.0302755 0.0209883 0.0235322 0.0324119 0.0344542 0.0308088 0.0236183 0.0274045 0.0201281 0.0219930 0.0198620 0.0262620 0.0224273 0.0000000 0.0297569 0.0323789 0.0304056 
Peramelidae_Peroryctes_raffrayana            0.0239350 0.0319336 0.0275938 0.0294381 0.0312073 0.0380603 0.0288626 0.0279141 0.0323752 0.0062136 0.0293458 0.0349323 0.0375388 0.0287161 0.0300591 0.0351725 0.0389457 0.0313097 0.0066495 0.0290355 0.0326588 0.0369949 0.0363382 0.0348310 0.0297588 0.0308156 0.0280577 0.0282225 0.0289118 0.0331762 0.0288799 0.0297569 0.0000000 0.0389120 0.0060635 
Dasyuridae_Dasyurus_geffroii                 0.0346091 0.0388814 0.0348288 0.0359306 0.0377538 0.0020774 0.0321831 0.0314160 0.0381416 0.0389057 0.0324398 0.0082164 0.0135630 0.0317130 0.0363016 0.0078024 0.0032891 0.0095645 0.0395787 0.0350992 0.0386130 0.0404499 0.0425216 0.0074166 0.0383542 0.0376340 0.0343290 0.0369428 0.0347284 0.0393893 0.0363240 0.0323789 0.0389120 0.0000000 0.0395542 
Peramelidae_Perameles_gunnii                 0.0263144 0.0317202 0.0292013 0.0319778 0.0333983 0.0389155 0.0298824 0.0289714 0.0343850 0.0001360 0.0301017 0.0361031 0.0388003 0.0294362 0.0310557 0.0361450 0.0392097 0.0315183 0.0064461 0.0304957 0.0336928 0.0375905 0.0378170 0.0357175 0.0322474 0.0304993 0.0299402 0.0300443 0.0297254 0.0351263 0.0305189 0.0304056 0.0060635 0.0395542 0.0000000 
