35
Burramyidae_Burramys_parvus                  0.0000000 0.0598886 0.0345914 0.0377079 0.0388863 0.0548642 0.0366570 0.0314790 0.0369319 0.0716402 0.0311192 0.0520345 0.0530464 0.0308769 0.0393262 0.0539144 0.0534910 0.0638257 0.0741799 0.0324679 0.0387132 0.0654333 0.0654364 0.0544414 0.0361408 0.0437742 0.0389851 0.0348981 0.0380330 0.0489401 0.0356571 0.0295176 0.0718658 0.0680874 0.0730397 
Notoryctidae_Notoryctes_typhlops             0.0598886 0.0000000 0.0618488 0.0731502 0.0732882 0.0834395 0.0743502 0.0659505 0.0736908 0.0988605 0.0655800 0.0797939 0.0790882 0.0645294 0.0669190 0.0823239 0.0820474 0.1052691 0.1041097 0.0668114 0.0683030 0.0943203 0.0922314 0.0830941 0.0698551 0.0770580 0.0659307 0.0695976 0.0645603 0.0805358 0.0673135 0.0645902 0.0996492 0.1047825 0.1009335 
Vombatidae_Lasiorhinus_latifrons             0.0345914 0.0618488 0.0000000 0.0475573 0.0484745 0.0599496 0.0459540 0.0381859 0.0458639 0.0757552 0.0390490 0.0565491 0.0567022 0.0392107 0.0416941 0.0592195 0.0584545 0.0713124 0.0791878 0.0409934 0.0448439 0.0685838 0.0661924 0.0610872 0.0442552 0.0452304 0.0432572 0.0438606 0.0424617 0.0552610 0.0456212 0.0385825 0.0780926 0.0788040 0.0760025 
Potoroidae_Bettongia_penicillata             0.0377079 0.0731502 0.0475573 0.0000000 0.0026916 0.0693051 0.0506050 0.0458221 0.0110007 0.0879733 0.0460887 0.0676313 0.0660091 0.0449540 0.0490331 0.0700329 0.0669458 0.0860234 0.0889600 0.0141963 0.0532631 0.0803535 0.0774168 0.0702955 0.0284085 0.0587982 0.0518938 0.0138386 0.0514998 0.0602479 0.0488363 0.0442032 0.0874196 0.0890822 0.0893891 
Potoroidae_Bettongia_lesueur                 0.0388863 0.0732882 0.0484745 0.0026916 0.0000000 0.0703249 0.0498416 0.0459044 0.0099580 0.0871528 0.0456864 0.0686167 0.0670131 0.0450353 0.0499042 0.0710533 0.0679541 0.0875427 0.0890999 0.0131312 0.0542105 0.0805040 0.0785371 0.0708421 0.0276903 0.0592414 0.0519890 0.0127717 0.0515950 0.0602197 0.0497606 0.0442826 0.0865840 0.0900436 0.0885681 
Dasyuridae_Dasyurus_maculatus                0.0548642 0.0834395 0.0599496 0.0693051 0.0703249 0.0000000 0.0681910 0.0602462 0.0702994 0.0955772 0.0607448 0.0138715 0.0208978 0.0602383 0.0668215 0.0156920 0.0061171 0.0235325 0.0953975 0.0627738 0.0627943 0.0806793 0.0803712 0.0187637 0.0683880 0.0655339 0.0658187 0.0659189 0.0668828 0.0763389 0.0676341 0.0593846 0.0951099 0.0064519 0.0950773 
Phalangeridae_Trichosurus_vulpecula          0.0366570 0.0743502 0.0459540 0.0506050 0.0498416 0.0681910 0.0000000 0.0205362 0.0488846 0.0842734 0.0200773 0.0639461 0.0635291 0.0195558 0.0499593 0.0663288 0.0667350 0.0683800 0.0867408 0.0435371 0.0498726 0.0785693 0.0750105 0.0682278 0.0485605 0.0571996 0.0494081 0.0468835 0.0458975 0.0579457 0.0498075 0.0187189 0.0822245 0.0731860 0.0861508 
Phalangeridae_Spilocuscus_maculatus          0.0314790 0.0659505 0.0381859 0.0458221 0.0459044 0.0602462 0.0205362 0.0000000 0.0449689 0.0805398 0.0100802 0.0574534 0.0575209 0.0099765 0.0431285 0.0589562 0.0588554 0.0717182 0.0848891 0.0389515 0.0430218 0.0704294 0.0680418 0.0590847 0.0441356 0.0513782 0.0450140 0.0406176 0.0407728 0.0533827 0.0457436 0.0092303 0.0793812 0.0757678 0.0824716 
Potoroidae_Aepyprymnus_rufescens             0.0369319 0.0736908 0.0458639 0.0110007 0.0099580 0.0702994 0.0488846 0.0449689 0.0000000 0.0855774 0.0435531 0.0676166 0.0660872 0.0440984 0.0492650 0.0700162 0.0679295 0.0850524 0.0860648 0.0113474 0.0515749 0.0785612 0.0771148 0.0713002 0.0265380 0.0615184 0.0510952 0.0117028 0.0483375 0.0594023 0.0496415 0.0433563 0.0844166 0.0881575 0.0869861 
Peramelidae_Perameles_nasuta                 0.0716402 0.0988605 0.0757552 0.0879733 0.0871528 0.0955772 0.0842734 0.0805398 0.0855774 0.0000000 0.0803391 0.0910839 0.0901258 0.0796676 0.0863517 0.0921643 0.0926081 0.1196965 0.0158466 0.0809486 0.0834423 0.0951336 0.0961057 0.0952176 0.0817793 0.0844440 0.0860153 0.0838457 0.0846843 0.0951234 0.0850947 0.0772162 0.0120984 0.1223953 0.0000010 
Phalangeridae_Strigocuscus_pelengensis       0.0311192 0.0655800 0.0390490 0.0460887 0.0456864 0.0607448 0.0200773 0.0100802 0.0435531 0.0803391 0.0000000 0.0588198 0.0584769 0.0090462 0.0428851 0.0594369 0.0598188 0.0721002 0.0846599 0.0382907 0.0408046 0.0699559 0.0705068 0.0609149 0.0427184 0.0510804 0.0438622 0.0403394 0.0401193 0.0513265 0.0456345 0.0083077 0.0800863 0.0766773 0.0820937 
Dasyuridae_Phascogale_tapoatafa              0.0520345 0.0797939 0.0565491 0.0676313 0.0686167 0.0138715 0.0639461 0.0574534 0.0676166 0.0910839 0.0588198 0.0000000 0.0171449 0.0566164 0.0611991 0.0030391 0.0131314 0.0195354 0.0909400 0.0592778 0.0611862 0.0781752 0.0772394 0.0086251 0.0666887 0.0634530 0.0632586 0.0623638 0.0615791 0.0718099 0.0633505 0.0557956 0.0892283 0.0165181 0.0905972 
Dasyuridae_Sminthopsis_macroura              0.0530464 0.0790882 0.0567022 0.0660091 0.0670131 0.0208978 0.0635291 0.0575209 0.0660872 0.0901258 0.0584769 0.0171449 0.0000000 0.0574984 0.0621090 0.0190001 0.0197361 0.0151997 0.0888584 0.0586634 0.0583385 0.0819799 0.0782662 0.0210183 0.0655327 0.0631210 0.0620929 0.0608544 0.0613239 0.0708276 0.0637268 0.0566693 0.0884197 0.0226521 0.0896362 
Phalangeridae_Phalanger_orientalis           0.0308769 0.0645294 0.0392107 0.0449540 0.0450353 0.0602383 0.0195558 0.0099765 0.0440984 0.0796676 0.0090462 0.0566164 0.0574984 0.0000000 0.0425659 0.0580302 0.0588401 0.0723653 0.0834341 0.0380560 0.0408895 0.0687821 0.0683747 0.0598852 0.0424367 0.0503776 0.0424100 0.0404907 0.0394282 0.0508617 0.0436448 0.0027061 0.0781590 0.0757530 0.0814657 
Acrobatidae_Acrobates_pygmaeus               0.0393262 0.0669190 0.0416941 0.0490331 0.0499042 0.0668215 0.0499593 0.0431285 0.0492650 0.0863517 0.0428851 0.0611991 0.0621090 0.0425659 0.0000000 0.0636815 0.0652152 0.0881778 0.0886722 0.0418371 0.0375359 0.0760669 0.0691341 0.0655624 0.0464619 0.0586251 0.0408120 0.0448959 0.0391474 0.0432919 0.0257278 0.0431481 0.0861523 0.0907944 0.0873834 
Dasyuridae_Phascogale_calura                 0.0539144 0.0823239 0.0592195 0.0700329 0.0710533 0.0156920 0.0663288 0.0589562 0.0700162 0.0921643 0.0594369 0.0030391 0.0190001 0.0580302 0.0636815 0.0000000 0.0138620 0.0220937 0.0924933 0.0616186 0.0635364 0.0801751 0.0780079 0.0097024 0.0690791 0.0639980 0.0655855 0.0639444 0.0630517 0.0725927 0.0657020 0.0571955 0.0903180 0.0188931 0.0915733 
Dasyuridae_Sarcophilus_harrisii              0.0534910 0.0820474 0.0584545 0.0669458 0.0679541 0.0061171 0.0667350 0.0588554 0.0679295 0.0926081 0.0598188 0.0131314 0.0197361 0.0588401 0.0652152 0.0138620 0.0000000 0.0227610 0.0930925 0.0604644 0.0604826 0.0785679 0.0783015 0.0172547 0.0669380 0.0639357 0.0643716 0.0635771 0.0657571 0.0743524 0.0656985 0.0579994 0.0916539 0.0064394 0.0921806 
Dasyuridae_Planigale_tenuirostris            0.0638257 0.1052691 0.0713124 0.0860234 0.0875427 0.0235325 0.0683800 0.0717182 0.0850524 0.1196965 0.0721002 0.0195354 0.0151997 0.0723653 0.0881778 0.0220937 0.0227610 0.0000000 0.1176776 0.0764636 0.0768949 0.1025309 0.1062246 0.0247872 0.0855965 0.0887905 0.0805184 0.0817025 0.0825179 0.0952670 0.0869733 0.0711506 0.1245342 0.0202938 0.1176118 
Peramelidae_Echymipera_kalubu                0.0741799 0.1041097 0.0791878 0.0889600 0.0890999 0.0953975 0.0867408 0.0848891 0.0860648 0.0158466 0.0846599 0.0909400 0.0888584 0.0834341 0.0886722 0.0924933 0.0930925 0.1176776 0.0000000 0.0829180 0.0868366 0.0986651 0.0982682 0.0936241 0.0847145 0.0879233 0.0863857 0.0858010 0.0880943 0.0951920 0.0861730 0.0815410 0.0138905 0.1207861 0.0161752 
Macropodidae_Dorcopsulus_vanheurni           0.0324679 0.0668114 0.0409934 0.0141963 0.0131312 0.0627738 0.0435371 0.0389515 0.0113474 0.0809486 0.0382907 0.0592778 0.0586634 0.0380560 0.0418371 0.0616186 0.0604644 0.0764636 0.0829180 0.0000000 0.0470242 0.0729802 0.0720855 0.0636756 0.0220150 0.0554265 0.0439820 0.0050861 0.0442485 0.0552996 0.0426165 0.0377712 0.0803005 0.0786339 0.0823747 
Pseudochiridae_Pseudochirulus_forbesi        0.0387132 0.0683030 0.0448439 0.0532631 0.0542105 0.0627943 0.0498726 0.0430218 0.0515749 0.0834423 0.0408046 0.0611862 0.0583385 0.0408895 0.0375359 0.0635364 0.0604826 0.0768949 0.0868366 0.0470242 0.0000000 0.0743214 0.0741117 0.0635167 0.0493121 0.0546553 0.0248925 0.0491244 0.0152001 0.0441220 0.0412045 0.0405824 0.0837816 0.0763183 0.0848615 
Didelphidae_Didelphis_virginiana             0.0654333 0.0943203 0.0685838 0.0803535 0.0805040 0.0806793 0.0785693 0.0704294 0.0785612 0.0951336 0.0699559 0.0781752 0.0819799 0.0687821 0.0760669 0.0801751 0.0785679 0.1025309 0.0986651 0.0729802 0.0743214 0.0000000 0.0344972 0.0816934 0.0751973 0.0737036 0.0773525 0.0753508 0.0753547 0.0884201 0.0775222 0.0667341 0.0977281 0.1027531 0.0956738 
Marmosidae_Monodelphis_domestica             0.0654364 0.0922314 0.0661924 0.0774168 0.0785371 0.0803712 0.0750105 0.0680418 0.0771148 0.0961057 0.0705068 0.0772394 0.0782662 0.0683747 0.0691341 0.0780079 0.0783015 0.1062246 0.0982682 0.0720855 0.0741117 0.0344972 0.0000000 0.0787561 0.0740834 0.0746873 0.0764518 0.0740773 0.0753496 0.0827570 0.0732000 0.0666361 0.0970313 0.1074960 0.0969741 
Dasyuridae_Antechinus_stuartii               0.0544414 0.0830941 0.0610872 0.0702955 0.0708421 0.0187637 0.0682278 0.0590847 0.0713002 0.0952176 0.0609149 0.0086251 0.0210183 0.0598852 0.0655624 0.0097024 0.0172547 0.0247872 0.0936241 0.0636756 0.0635167 0.0816934 0.0787561 0.0000000 0.0702485 0.0659336 0.0656282 0.0651143 0.0653396 0.0724974 0.0682215 0.0590928 0.0933994 0.0227545 0.0948352 
Hypsiprymnodontidae_Hypsiprymnodon_moschatus 0.0361408 0.0698551 0.0442552 0.0284085 0.0276903 0.0683880 0.0485605 0.0441356 0.0265380 0.0817793 0.0427184 0.0666887 0.0655327 0.0424367 0.0464619 0.0690791 0.0669380 0.0855965 0.0847145 0.0220150 0.0493121 0.0751973 0.0740834 0.0702485 0.0000000 0.0596192 0.0468126 0.0235127 0.0467798 0.0591609 0.0445602 0.0421238 0.0818569 0.0871923 0.0831863 
Microbiotheriidae_Dromiciops_gliroides       0.0437742 0.0770580 0.0452304 0.0587982 0.0592414 0.0655339 0.0571996 0.0513782 0.0615184 0.0844440 0.0510804 0.0634530 0.0631210 0.0503776 0.0586251 0.0639980 0.0639357 0.0887905 0.0879233 0.0554265 0.0546553 0.0737036 0.0746873 0.0659336 0.0596192 0.0000000 0.0578665 0.0562936 0.0562361 0.0647580 0.0565586 0.0496174 0.0847761 0.0922796 0.0838881 
Pseudochiridae_Petauroides_volans            0.0389851 0.0659307 0.0432572 0.0518938 0.0519890 0.0658187 0.0494081 0.0450140 0.0510952 0.0860153 0.0438622 0.0632586 0.0620929 0.0424100 0.0408120 0.0655855 0.0643716 0.0805184 0.0863857 0.0439820 0.0248925 0.0773525 0.0764518 0.0656282 0.0468126 0.0578665 0.0000000 0.0460720 0.0244581 0.0479267 0.0409455 0.0421309 0.0873424 0.0841944 0.0873161 
Macropodidae_Wallabia_bicolor                0.0348981 0.0695976 0.0438606 0.0138386 0.0127717 0.0659189 0.0468835 0.0406176 0.0117028 0.0838457 0.0403394 0.0623638 0.0608544 0.0404907 0.0448959 0.0639444 0.0635771 0.0817025 0.0858010 0.0050861 0.0491244 0.0753508 0.0740773 0.0651143 0.0235127 0.0562936 0.0460720 0.0000000 0.0463512 0.0563752 0.0455364 0.0397809 0.0832263 0.0852198 0.0852670 
Pseudochiridae_Pseudocheirus_occidentalis    0.0380330 0.0645603 0.0424617 0.0514998 0.0515950 0.0668828 0.0458975 0.0407728 0.0483375 0.0846843 0.0401193 0.0615791 0.0613239 0.0394282 0.0391474 0.0630517 0.0657571 0.0825179 0.0880943 0.0442485 0.0152001 0.0753547 0.0753496 0.0653396 0.0467798 0.0562361 0.0244581 0.0463512 0.0000000 0.0455552 0.0393826 0.0391287 0.0836058 0.0887029 0.0849876 
Tarsipedidae_Tarsipes_rostratus              0.0489401 0.0805358 0.0552610 0.0602479 0.0602197 0.0763389 0.0579457 0.0533827 0.0594023 0.0951234 0.0513265 0.0718099 0.0708276 0.0508617 0.0432919 0.0725927 0.0743524 0.0952670 0.0951920 0.0552996 0.0441220 0.0884201 0.0827570 0.0724974 0.0591609 0.0647580 0.0479267 0.0563752 0.0455552 0.0000000 0.0509557 0.0498144 0.0947087 0.0964487 0.0960623 
Acrobatidae_Distoechurus_pennatus            0.0356571 0.0673135 0.0456212 0.0488363 0.0497606 0.0676341 0.0498075 0.0457436 0.0496415 0.0850947 0.0456345 0.0633505 0.0637268 0.0436448 0.0257278 0.0657020 0.0656985 0.0869733 0.0861730 0.0426165 0.0412045 0.0775222 0.0732000 0.0682215 0.0445602 0.0565586 0.0409455 0.0455364 0.0393826 0.0509557 0.0000000 0.0433482 0.0836633 0.0851603 0.0865033 
Phalangeridae_Phalanger_carmelitae           0.0295176 0.0645902 0.0385825 0.0442032 0.0442826 0.0593846 0.0187189 0.0092303 0.0433563 0.0772162 0.0083077 0.0557956 0.0566693 0.0027061 0.0431481 0.0571955 0.0579994 0.0711506 0.0815410 0.0377712 0.0405824 0.0667341 0.0666361 0.0590928 0.0421238 0.0496174 0.0421309 0.0397809 0.0391287 0.0498144 0.0433482 0.0000000 0.0756773 0.0752004 0.0791309 
Peramelidae_Peroryctes_raffrayana            0.0718658 0.0996492 0.0780926 0.0874196 0.0865840 0.0951099 0.0822245 0.0793812 0.0844166 0.0120984 0.0800863 0.0892283 0.0884197 0.0781590 0.0861523 0.0903180 0.0916539 0.1245342 0.0138905 0.0803005 0.0837816 0.0977281 0.0970313 0.0933994 0.0818569 0.0847761 0.0873424 0.0832263 0.0836058 0.0947087 0.0836633 0.0756773 0.0000000 0.1277236 0.0121520 
Dasyuridae_Dasyurus_geffroii                 0.0680874 0.1047825 0.0788040 0.0890822 0.0900436 0.0064519 0.0731860 0.0757678 0.0881575 0.1223953 0.0766773 0.0165181 0.0226521 0.0757530 0.0907944 0.0188931 0.0064394 0.0202938 0.1207861 0.0786339 0.0763183 0.1027531 0.1074960 0.0227545 0.0871923 0.0922796 0.0841944 0.0852198 0.0887029 0.0964487 0.0851603 0.0752004 0.1277236 0.0000000 0.1202993 
Peramelidae_Perameles_gunnii                 0.0730397 0.1009335 0.0760025 0.0893891 0.0885681 0.0950773 0.0861508 0.0824716 0.0869861 0.0000010 0.0820937 0.0905972 0.0896362 0.0814657 0.0873834 0.0915733 0.0921806 0.1176118 0.0161752 0.0823747 0.0848615 0.0956738 0.0969741 0.0948352 0.0831863 0.0838881 0.0873161 0.0852670 0.0849876 0.0960623 0.0865033 0.0791309 0.0121520 0.1202993 0.0000000 
