35
Burramyidae_Burramys_parvus                  0.0000000 0.0995865 0.0826412 0.0673818 0.0682294 0.1197640 0.0594254 0.0628784 0.0718062 0.1035864 0.0600842 0.1180775 0.1292640 0.0654309 0.0612849 0.1194010 0.1225479 0.1206267 0.1153529 0.0688549 0.0684802 0.1421018 0.1632883 0.1221233 0.0694710 0.0880651 0.0662991 0.0690549 0.0617409 0.1009479 0.0647501 0.0720194 0.1138323 0.1180684 0.1019844 
Notoryctidae_Notoryctes_typhlops             0.0995865 0.0000000 0.0905436 0.0864607 0.0866580 0.1192492 0.0911214 0.0846964 0.0887117 0.1040618 0.0872384 0.1159422 0.1290486 0.0880994 0.0839738 0.1159944 0.1196086 0.1238675 0.1052432 0.0840093 0.0897389 0.1443276 0.1575806 0.1192552 0.0873438 0.0911089 0.0895678 0.0882208 0.0805877 0.1205516 0.0866274 0.0961659 0.1081248 0.1157922 0.1037525 
Vombatidae_Lasiorhinus_latifrons             0.0826412 0.0905436 0.0000000 0.0767471 0.0764373 0.1199760 0.0717868 0.0680959 0.0779449 0.0923499 0.0727996 0.1207883 0.1251713 0.0732975 0.0755438 0.1209056 0.1252676 0.1183632 0.1053982 0.0801077 0.0823301 0.1354183 0.1635059 0.1260541 0.0791344 0.0855128 0.0786596 0.0827397 0.0720273 0.1157848 0.0786915 0.0795189 0.1049545 0.1188724 0.1009569 
Potoroidae_Bettongia_penicillata             0.0673818 0.0864607 0.0767471 0.0000000 0.0041670 0.1118218 0.0656522 0.0561916 0.0135750 0.0984175 0.0599005 0.1130793 0.1194554 0.0586281 0.0571836 0.1143642 0.1151211 0.1098730 0.1072995 0.0232856 0.0654945 0.1372558 0.1588565 0.1150967 0.0418708 0.0812009 0.0630500 0.0251268 0.0604881 0.0972533 0.0612143 0.0676270 0.1095120 0.1107917 0.1026867 
Potoroidae_Bettongia_lesueur                 0.0682294 0.0866580 0.0764373 0.0041670 0.0000000 0.1130924 0.0648479 0.0554841 0.0135226 0.1004000 0.0597805 0.1148128 0.1200642 0.0578959 0.0574065 0.1160976 0.1157948 0.1130911 0.1090302 0.0218644 0.0662309 0.1365364 0.1572586 0.1175772 0.0416735 0.0796338 0.0643306 0.0227971 0.0613837 0.0974086 0.0614211 0.0667814 0.1115217 0.1114751 0.1047136 
Dasyuridae_Dasyurus_maculatus                0.1197640 0.1192492 0.1199760 0.1118218 0.1130924 0.0000000 0.1090339 0.1096259 0.1147800 0.1293067 0.1012934 0.0175121 0.0313451 0.1060166 0.1049714 0.0197257 0.0100914 0.0287915 0.1403701 0.1157973 0.1103474 0.1643587 0.1758011 0.0199487 0.1173812 0.1061366 0.1144859 0.1179740 0.1053159 0.1460897 0.1063698 0.1189782 0.1419588 0.0058492 0.1299694 
Phalangeridae_Trichosurus_vulpecula          0.0594254 0.0911214 0.0717868 0.0656522 0.0648479 0.1090339 0.0000000 0.0225728 0.0682276 0.1015630 0.0219878 0.1141943 0.1180730 0.0240866 0.0581660 0.1143020 0.1124298 0.1014852 0.1144058 0.0679297 0.0696448 0.1399559 0.1659979 0.1149732 0.0658732 0.0812326 0.0701959 0.0691746 0.0599280 0.1005092 0.0620837 0.0312906 0.1180969 0.1081247 0.1111012 
Phalangeridae_Spilocuscus_maculatus          0.0628784 0.0846964 0.0680959 0.0561916 0.0554841 0.1096259 0.0225728 0.0000000 0.0588809 0.0976698 0.0140995 0.1111294 0.1197912 0.0096998 0.0549306 0.1123992 0.1093940 0.1087121 0.1094807 0.0635927 0.0663830 0.1413536 0.1609124 0.1137402 0.0614646 0.0747103 0.0637977 0.0647984 0.0588226 0.0949518 0.0563439 0.0165482 0.1121757 0.1068880 0.1055060 
Potoroidae_Aepyprymnus_rufescens             0.0718062 0.0887117 0.0779449 0.0135750 0.0135226 0.1147800 0.0682276 0.0588809 0.0000000 0.1019123 0.0644189 0.1160871 0.1235924 0.0628524 0.0603378 0.1185634 0.1174891 0.1166313 0.1098597 0.0231601 0.0673326 0.1410893 0.1628715 0.1194161 0.0441044 0.0804361 0.0672973 0.0254484 0.0633157 0.1006505 0.0628756 0.0723804 0.1123692 0.1131514 0.1048145 
Peramelidae_Perameles_nasuta                 0.1035864 0.1040618 0.0923499 0.0984175 0.1004000 0.1293067 0.1015630 0.0976698 0.1019123 0.0000000 0.1000569 0.1337372 0.1395736 0.1002386 0.0946368 0.1338217 0.1338269 0.1382157 0.0166941 0.1016475 0.0968301 0.1500320 0.1674305 0.1352757 0.0993081 0.1007893 0.0998346 0.1026982 0.0944377 0.1279160 0.0987821 0.1080745 0.0187081 0.1295453 0.0010084 
Phalangeridae_Strigocuscus_pelengensis       0.0600842 0.0872384 0.0727996 0.0599005 0.0597805 0.1012934 0.0219878 0.0140995 0.0644189 0.1000569 0.0000000 0.1075113 0.1121365 0.0132191 0.0565009 0.1087686 0.1037716 0.1051302 0.1124299 0.0656306 0.0672826 0.1357158 0.1598599 0.1087824 0.0617584 0.0794721 0.0656652 0.0673622 0.0596946 0.0967296 0.0579073 0.0181915 0.1150167 0.1006034 0.1082920 
Dasyuridae_Phascogale_tapoatafa              0.1180775 0.1159422 0.1207883 0.1130793 0.1148128 0.0175121 0.1141943 0.1111294 0.1160871 0.1337372 0.1075113 0.0000000 0.0316753 0.1105148 0.1057547 0.0045692 0.0192179 0.0315488 0.1431436 0.1188902 0.1122572 0.1644068 0.1741738 0.0106515 0.1167449 0.1069954 0.1141448 0.1210133 0.1050568 0.1433817 0.1071495 0.1222253 0.1425347 0.0174639 0.1301066 
Dasyuridae_Sminthopsis_macroura              0.1292640 0.1290486 0.1251713 0.1194554 0.1200642 0.0313451 0.1180730 0.1197912 0.1235924 0.1395736 0.1121365 0.0316753 0.0000000 0.1162233 0.1162156 0.0321633 0.0340346 0.0284948 0.1496292 0.1249909 0.1200007 0.1677905 0.1850937 0.0322042 0.1208854 0.1152372 0.1237797 0.1260253 0.1148922 0.1542209 0.1146762 0.1288579 0.1478338 0.0316669 0.1380417 
Phalangeridae_Phalanger_orientalis           0.0654309 0.0880994 0.0732975 0.0586281 0.0578959 0.1060166 0.0240866 0.0096998 0.0628524 0.1002386 0.0132191 0.1105148 0.1162233 0.0000000 0.0557990 0.1117876 0.1058430 0.1050369 0.1132434 0.0656031 0.0688992 0.1445175 0.1663458 0.1132597 0.0639482 0.0767301 0.0672591 0.0673077 0.0612253 0.0997845 0.0592539 0.0135813 0.1174584 0.1056390 0.1081305 
Acrobatidae_Acrobates_pygmaeus               0.0612849 0.0839738 0.0755438 0.0571836 0.0574065 0.1049714 0.0581660 0.0549306 0.0603378 0.0946368 0.0565009 0.1057547 0.1162156 0.0557990 0.0000000 0.1081423 0.1083140 0.1108927 0.1029065 0.0580190 0.0536094 0.1407917 0.1636117 0.1076053 0.0604904 0.0813199 0.0530026 0.0596630 0.0439195 0.0831141 0.0215401 0.0656836 0.1064589 0.1040977 0.0979646 
Dasyuridae_Phascogale_calura                 0.1194010 0.1159944 0.1209056 0.1143642 0.1160976 0.0197257 0.1143020 0.1123992 0.1185634 0.1338217 0.1087686 0.0045692 0.0321633 0.1117876 0.1081423 0.0000000 0.0214379 0.0326675 0.1420354 0.1213932 0.1147132 0.1651500 0.1764006 0.0110937 0.1180385 0.1096240 0.1154331 0.1235363 0.1074739 0.1448571 0.1083992 0.1235410 0.1426959 0.0196713 0.1316162 
Dasyuridae_Sarcophilus_harrisii              0.1225479 0.1196086 0.1252676 0.1151211 0.1157948 0.0100914 0.1124298 0.1093940 0.1174891 0.1338269 0.1037716 0.0192179 0.0340346 0.1058430 0.1083140 0.0214379 0.0000000 0.0299441 0.1444958 0.1209122 0.1137639 0.1688084 0.1790877 0.0217573 0.1207028 0.1090052 0.1166882 0.1231262 0.1092713 0.1489600 0.1097143 0.1187254 0.1442426 0.0109165 0.1329096 
Dasyuridae_Planigale_tenuirostris            0.1206267 0.1238675 0.1183632 0.1098730 0.1130911 0.0287915 0.1014852 0.1087121 0.1166313 0.1382157 0.1051302 0.0315488 0.0284948 0.1050369 0.1108927 0.0326675 0.0299441 0.0000000 0.1413088 0.1203922 0.1078611 0.1577059 0.1836801 0.0322245 0.1161052 0.1061533 0.1137599 0.1211166 0.1053797 0.1461565 0.1054537 0.1186971 0.1449191 0.0293352 0.1283860 
Peramelidae_Echymipera_kalubu                0.1153529 0.1052432 0.1053982 0.1072995 0.1090302 0.1403701 0.1144058 0.1094807 0.1098597 0.0166941 0.1124299 0.1431436 0.1496292 0.1132434 0.1029065 0.1420354 0.1444958 0.1413088 0.0000000 0.1127576 0.1113422 0.1715905 0.1829588 0.1459474 0.1063523 0.1155981 0.1094445 0.1136998 0.1035960 0.1385036 0.1067746 0.1222448 0.0179774 0.1397926 0.0209518 
Macropodidae_Dorcopsulus_vanheurni           0.0688549 0.0840093 0.0801077 0.0232856 0.0218644 0.1157973 0.0679297 0.0635927 0.0231601 0.1016475 0.0656306 0.1188902 0.1249909 0.0656031 0.0580190 0.1213932 0.1209122 0.1203922 0.1127576 0.0000000 0.0637359 0.1367489 0.1582095 0.1216897 0.0428102 0.0833563 0.0652228 0.0109502 0.0598596 0.0972603 0.0615442 0.0752198 0.1141820 0.1141556 0.1054816 
Pseudochiridae_Pseudochirulus_forbesi        0.0684802 0.0897389 0.0823301 0.0654945 0.0662309 0.1103474 0.0696448 0.0663830 0.0673326 0.0968301 0.0672826 0.1122572 0.1200007 0.0688992 0.0536094 0.1147132 0.1137639 0.1078611 0.1113422 0.0637359 0.0000000 0.1451016 0.1596369 0.1141827 0.0699128 0.0868814 0.0346512 0.0655760 0.0172355 0.0838998 0.0545763 0.0802522 0.1107360 0.1094444 0.1061154 
Didelphidae_Didelphis_virginiana             0.1421018 0.1443276 0.1354183 0.1372558 0.1365364 0.1643587 0.1399559 0.1413536 0.1410893 0.1500320 0.1357158 0.1644068 0.1677905 0.1445175 0.1407917 0.1651500 0.1688084 0.1577059 0.1715905 0.1367489 0.1451016 0.0000000 0.0832438 0.1670985 0.1340927 0.1292402 0.1481272 0.1362784 0.1380055 0.1678433 0.1428108 0.1494151 0.1703924 0.1616187 0.1476497 
Marmosidae_Monodelphis_domestica             0.1632883 0.1575806 0.1635059 0.1588565 0.1572586 0.1758011 0.1659979 0.1609124 0.1628715 0.1674305 0.1598599 0.1741738 0.1850937 0.1663458 0.1636117 0.1764006 0.1790877 0.1836801 0.1829588 0.1582095 0.1596369 0.0832438 0.0000000 0.1782448 0.1537331 0.1475025 0.1610497 0.1609533 0.1518988 0.1653506 0.1649423 0.1726234 0.1821636 0.1708555 0.1588198 
Dasyuridae_Antechinus_stuartii               0.1221233 0.1192552 0.1260541 0.1150967 0.1175772 0.0199487 0.1149732 0.1137402 0.1194161 0.1352757 0.1087824 0.0106515 0.0322042 0.1132597 0.1076053 0.0110937 0.0217573 0.0322245 0.1459474 0.1216897 0.1141827 0.1670985 0.1782448 0.0000000 0.1188168 0.1083560 0.1173163 0.1244877 0.1085677 0.1449188 0.1072846 0.1251662 0.1453887 0.0199635 0.1332480 
Hypsiprymnodontidae_Hypsiprymnodon_moschatus 0.0694710 0.0873438 0.0791344 0.0418708 0.0416735 0.1173812 0.0658732 0.0614646 0.0441044 0.0993081 0.0617584 0.1167449 0.1208854 0.0639482 0.0604904 0.1180385 0.1207028 0.1161052 0.1063523 0.0428102 0.0699128 0.1340927 0.1537331 0.1188168 0.0000000 0.0820836 0.0657283 0.0423601 0.0609667 0.0976413 0.0655639 0.0724352 0.1111289 0.1163222 0.1018798 
Microbiotheriidae_Dromiciops_gliroides       0.0880651 0.0911089 0.0855128 0.0812009 0.0796338 0.1061366 0.0812326 0.0747103 0.0804361 0.1007893 0.0794721 0.1069954 0.1152372 0.0767301 0.0813199 0.1096240 0.1090052 0.1061533 0.1155981 0.0833563 0.0868814 0.1292402 0.1475025 0.1083560 0.0820836 0.0000000 0.0844399 0.0834617 0.0795555 0.1178208 0.0829249 0.0858012 0.1132741 0.1029163 0.1041295 
Pseudochiridae_Petauroides_volans            0.0662991 0.0895678 0.0786596 0.0630500 0.0643306 0.1144859 0.0701959 0.0637977 0.0672973 0.0998346 0.0656652 0.1141448 0.1237797 0.0672591 0.0530026 0.1154331 0.1166882 0.1137599 0.1094445 0.0652228 0.0346512 0.1481272 0.1610497 0.1173163 0.0657283 0.0844399 0.0000000 0.0664415 0.0300324 0.0803509 0.0551022 0.0786279 0.1106519 0.1135076 0.1001631 
Macropodidae_Wallabia_bicolor                0.0690549 0.0882208 0.0827397 0.0251268 0.0227971 0.1179740 0.0691746 0.0647984 0.0254484 0.1026982 0.0673622 0.1210133 0.1260253 0.0673077 0.0596630 0.1235363 0.1231262 0.1211166 0.1136998 0.0109502 0.0655760 0.1362784 0.1609533 0.1244877 0.0423601 0.0834617 0.0664415 0.0000000 0.0621176 0.0979369 0.0636077 0.0759315 0.1150191 0.1163117 0.1065985 
Pseudochiridae_Pseudocheirus_occidentalis    0.0617409 0.0805877 0.0720273 0.0604881 0.0613837 0.1053159 0.0599280 0.0588226 0.0633157 0.0944377 0.0596946 0.1050568 0.1148922 0.0612253 0.0439195 0.1074739 0.1092713 0.1053797 0.1035960 0.0598596 0.0172355 0.1380055 0.1518988 0.1085677 0.0609667 0.0795555 0.0300324 0.0621176 0.0000000 0.0766879 0.0467566 0.0714035 0.1057541 0.1044338 0.0987323 
Tarsipedidae_Tarsipes_rostratus              0.1009479 0.1205516 0.1157848 0.0972533 0.0974086 0.1460897 0.1005092 0.0949518 0.1006505 0.1279160 0.0967296 0.1433817 0.1542209 0.0997845 0.0831141 0.1448571 0.1489600 0.1461565 0.1385036 0.0972603 0.0838998 0.1678433 0.1653506 0.1449188 0.0976413 0.1178208 0.0803509 0.0979369 0.0766879 0.0000000 0.0897467 0.1049152 0.1456988 0.1432987 0.1340275 
Acrobatidae_Distoechurus_pennatus            0.0647501 0.0866274 0.0786915 0.0612143 0.0614211 0.1063698 0.0620837 0.0563439 0.0628756 0.0987821 0.0579073 0.1071495 0.1146762 0.0592539 0.0215401 0.1083992 0.1097143 0.1054537 0.1067746 0.0615442 0.0545763 0.1428108 0.1649423 0.1072846 0.0655639 0.0829249 0.0551022 0.0636077 0.0467566 0.0897467 0.0000000 0.0686658 0.1099020 0.1054921 0.1004759 
Phalangeridae_Phalanger_carmelitae           0.0720194 0.0961659 0.0795189 0.0676270 0.0667814 0.1189782 0.0312906 0.0165482 0.0723804 0.1080745 0.0181915 0.1222253 0.1288579 0.0135813 0.0656836 0.1235410 0.1187254 0.1186971 0.1222448 0.0752198 0.0802522 0.1494151 0.1726234 0.1251662 0.0724352 0.0858012 0.0786279 0.0759315 0.0714035 0.1049152 0.0686658 0.0000000 0.1268116 0.1184898 0.1142371 
Peramelidae_Peroryctes_raffrayana            0.1138323 0.1081248 0.1049545 0.1095120 0.1115217 0.1419588 0.1180969 0.1121757 0.1123692 0.0187081 0.1150167 0.1425347 0.1478338 0.1174584 0.1064589 0.1426959 0.1442426 0.1449191 0.0179774 0.1141820 0.1107360 0.1703924 0.1821636 0.1453887 0.1111289 0.1132741 0.1106519 0.1150191 0.1057541 0.1456988 0.1099020 0.1268116 0.0000000 0.1388014 0.0210144 
Dasyuridae_Dasyurus_geffroii                 0.1180684 0.1157922 0.1188724 0.1107917 0.1114751 0.0058492 0.1081247 0.1068880 0.1131514 0.1295453 0.1006034 0.0174639 0.0316669 0.1056390 0.1040977 0.0196713 0.0109165 0.0293352 0.1397926 0.1141556 0.1094444 0.1616187 0.1708555 0.0199635 0.1163222 0.1029163 0.1135076 0.1163117 0.1044338 0.1432987 0.1054921 0.1184898 0.1388014 0.0000000 0.1293879 
Peramelidae_Perameles_gunnii                 0.1019844 0.1037525 0.1009569 0.1026867 0.1047136 0.1299694 0.1111012 0.1055060 0.1048145 0.0010084 0.1082920 0.1301066 0.1380417 0.1081305 0.0979646 0.1316162 0.1329096 0.1283860 0.0209518 0.1054816 0.1061154 0.1476497 0.1588198 0.1332480 0.1018798 0.1041295 0.1001631 0.1065985 0.0987323 0.1340275 0.1004759 0.1142371 0.0210144 0.1293879 0.0000000 
