39
Burramyidae_Burramys_parvus                  0.0000000 0.0395688 0.0398171 0.0491230 0.0474746 0.0582355 0.0364272 0.0358080 0.0460209 0.0671539 0.0376773 0.0575478 0.0638315 0.0349273 0.0370672 0.0570428 0.0587979 0.0503838 0.0672176 0.0429093 0.0415215 0.0830853 0.0834287 0.0574991 0.0474377 0.0580230 0.0411283 0.0437070 0.0451990 0.0463708 0.0558729 0.0362829 0.0607703 0.0576693 0.0376274 0.1709024 0.1229516 0.1229516 0.1709024 
Notoryctidae_Notoryctes_typhlops             0.0395688 0.0000000 0.0382212 0.0468337 0.0451604 0.0431930 0.0368578 0.0375251 0.0460088 0.0363225 0.0369383 0.0429116 0.0424672 0.0355405 0.0370596 0.0430058 0.0432573 0.0386812 0.0399085 0.0431458 0.0410254 0.0488043 0.0546581 0.0425670 0.0540363 0.0329724 0.0370421 0.0426268 0.0417772 0.0395246 0.0603600 0.0360778 0.0385523 0.0424695 0.0370852 9.0000000 9.0000000 9.0000000 9.0000000 
Vombatidae_Lasiorhinus_latifrons             0.0398171 0.0382212 0.0000000 0.0576193 0.0559428 0.0612941 0.0454088 0.0448125 0.0550257 0.0725483 0.0443396 0.0600734 0.0660000 0.0449745 0.0463595 0.0590412 0.0618599 0.0544502 0.0702787 0.0524518 0.0486512 0.0805014 0.0872614 0.0590275 0.0500067 0.0568224 0.0476940 0.0517569 0.0499484 0.0569941 0.0637894 0.0463006 0.0602490 0.0612493 0.0403274 0.1722522 0.1329949 0.1329949 0.1722522 
Potoroidae_Bettongia_penicillata             0.0491230 0.0468337 0.0576193 0.0000000 0.0037885 0.0717833 0.0567497 0.0535642 0.0119478 0.0855583 0.0540255 0.0746534 0.0733413 0.0537315 0.0578861 0.0736483 0.0744677 0.0626317 0.0825592 0.0261311 0.0610607 0.0941673 0.0961783 0.0737708 0.0473394 0.0744605 0.0583847 0.0287769 0.0630632 0.0617999 0.0792907 0.0540193 0.0742822 0.0722654 0.0521812 0.1945630 0.1349266 0.1349266 0.1945630 
Potoroidae_Bettongia_lesueur                 0.0474746 0.0451604 0.0559428 0.0037885 0.0000000 0.0735522 0.0551387 0.0524292 0.0095171 0.0840986 0.0524368 0.0754209 0.0746940 0.0526200 0.0561726 0.0744185 0.0752383 0.0652658 0.0824658 0.0245968 0.0582832 0.0932412 0.0953219 0.0744702 0.0435974 0.0737912 0.0557495 0.0272348 0.0602865 0.0611314 0.0774858 0.0529113 0.0728159 0.0740319 0.0498607 0.2010745 0.1400018 0.1400018 0.2010745 
Dasyuridae_Dasyurus_maculatus                0.0582355 0.0431930 0.0612941 0.0717833 0.0735522 0.0000000 0.0655714 0.0664254 0.0716573 0.0792082 0.0669682 0.0148564 0.0232980 0.0666659 0.0624995 0.0138959 0.0071539 0.0172627 0.0816404 0.0674216 0.0677099 0.0884740 0.0948091 0.0149769 0.0587321 0.0624775 0.0637479 0.0662952 0.0701918 0.0707817 0.0837878 0.0674745 0.0683889 0.0052318 0.0445591 0.2016891 0.1578577 0.1578577 0.2016891 
Phalangeridae_Trichosurus_vulpecula          0.0364272 0.0368578 0.0454088 0.0567497 0.0551387 0.0655714 0.0000000 0.0192404 0.0541869 0.0735993 0.0211875 0.0658355 0.0713812 0.0202819 0.0470411 0.0648318 0.0672096 0.0584913 0.0741730 0.0495026 0.0456066 0.0853374 0.0899896 0.0665047 0.0466018 0.0594967 0.0437143 0.0503303 0.0483965 0.0483839 0.0634101 0.0216730 0.0637412 0.0655774 0.0410295 0.1883534 0.1485856 0.1485856 0.1883534 
Phalangeridae_Spilocuscus_maculatus          0.0358080 0.0375251 0.0448125 0.0535642 0.0524292 0.0664254 0.0192404 0.0000000 0.0509876 0.0727725 0.0058154 0.0650759 0.0700994 0.0037975 0.0453648 0.0640755 0.0664451 0.0589682 0.0696605 0.0468333 0.0465066 0.0845298 0.0864753 0.0646747 0.0493382 0.0594333 0.0440815 0.0486520 0.0488882 0.0508115 0.0632588 0.0052080 0.0629407 0.0658491 0.0437467 0.1730835 0.1399557 0.1399557 0.1730835 
Potoroidae_Aepyprymnus_rufescens             0.0460209 0.0460088 0.0550257 0.0119478 0.0095171 0.0716573 0.0541869 0.0509876 0.0000000 0.0808730 0.0510904 0.0735330 0.0727178 0.0511410 0.0535367 0.0724900 0.0733032 0.0627878 0.0815746 0.0216767 0.0568669 0.0918945 0.0927255 0.0726024 0.0429711 0.0701316 0.0544329 0.0243255 0.0588611 0.0617296 0.0760199 0.0524840 0.0712342 0.0721385 0.0506429 0.1876750 0.1309654 0.1309654 0.1876750 
Peramelidae_Perameles_nasuta                 0.0671539 0.0363225 0.0725483 0.0855583 0.0840986 0.0792082 0.0735993 0.0727725 0.0808730 0.0000000 0.0728583 0.0795176 0.0804044 0.0724856 0.0745371 0.0783863 0.0781956 0.0752287 0.0246564 0.0779549 0.0777834 0.0975468 0.1002210 0.0792155 0.0580616 0.0665770 0.0740841 0.0775205 0.0794314 0.0795613 0.0960926 0.0721061 0.0217883 0.0798330 0.0006502 0.0564388 0.0915132 0.0915132 0.0564388 
Phalangeridae_Strigocuscus_pelengensis       0.0376773 0.0369383 0.0443396 0.0540255 0.0524368 0.0669682 0.0211875 0.0058154 0.0510904 0.0728583 0.0000000 0.0655842 0.0701661 0.0073047 0.0474987 0.0645602 0.0669886 0.0604076 0.0702688 0.0457601 0.0480452 0.0844365 0.0875453 0.0661641 0.0500835 0.0612690 0.0464277 0.0464554 0.0510470 0.0519685 0.0642005 0.0087465 0.0610162 0.0663776 0.0428505 0.1773664 0.1432458 0.1432458 0.1773664 
Dasyuridae_Phascogale_tapoatafa              0.0575478 0.0429116 0.0600734 0.0746534 0.0754209 0.0148564 0.0658355 0.0650759 0.0735330 0.0795176 0.0655842 0.0000000 0.0257341 0.0652754 0.0628543 0.0028355 0.0163342 0.0214479 0.0813681 0.0687515 0.0685830 0.0908679 0.0970384 0.0081392 0.0605717 0.0593510 0.0661916 0.0691996 0.0695194 0.0725577 0.0846380 0.0661191 0.0709495 0.0163031 0.0457134 0.2023789 0.1583597 0.1583597 0.2023789 
Dasyuridae_Sminthopsis_macroura              0.0638315 0.0424672 0.0660000 0.0733413 0.0746940 0.0232980 0.0713812 0.0700994 0.0727178 0.0804044 0.0701661 0.0257341 0.0000000 0.0709309 0.0673545 0.0247483 0.0237974 0.0150939 0.0822497 0.0684813 0.0741754 0.0940536 0.1015002 0.0254472 0.0587421 0.0641449 0.0717815 0.0684654 0.0772704 0.0748271 0.0903814 0.0711148 0.0719830 0.0257599 0.0465927 0.1997776 0.1659843 0.1659843 0.1997776 
Phalangeridae_Phalanger_orientalis           0.0349273 0.0355405 0.0449745 0.0537315 0.0526200 0.0666659 0.0202819 0.0037975 0.0511410 0.0724856 0.0073047 0.0652754 0.0709309 0.0000000 0.0449783 0.0643061 0.0666858 0.0596224 0.0704600 0.0449423 0.0456149 0.0837014 0.0861371 0.0648896 0.0474199 0.0578346 0.0431833 0.0477396 0.0469516 0.0499321 0.0618704 0.0023663 0.0625867 0.0660872 0.0418466 0.1818127 0.1453859 0.1453859 0.1818127 
Acrobatidae_Acrobates_pygmaeus               0.0370672 0.0370596 0.0463595 0.0578861 0.0561726 0.0624995 0.0470411 0.0453648 0.0535367 0.0745371 0.0474987 0.0628543 0.0673545 0.0449783 0.0000000 0.0618666 0.0641893 0.0547456 0.0781066 0.0500450 0.0379966 0.0849795 0.0885355 0.0607732 0.0433977 0.0622147 0.0365410 0.0508134 0.0412625 0.0425610 0.0433413 0.0479865 0.0658529 0.0629916 0.0421165 0.1985374 0.1576140 0.1576140 0.1985374 
Dasyuridae_Phascogale_calura                 0.0570428 0.0430058 0.0590412 0.0736483 0.0744185 0.0138959 0.0648318 0.0640755 0.0724900 0.0783863 0.0645602 0.0028355 0.0247483 0.0643061 0.0618666 0.0000000 0.0153648 0.0209439 0.0797535 0.0677139 0.0665134 0.0915140 0.0966372 0.0071812 0.0606630 0.0606080 0.0641186 0.0682278 0.0674727 0.0726217 0.0835595 0.0650841 0.0698082 0.0153420 0.0450555 0.1962589 0.1528795 0.1528795 0.1962589 
Dasyuridae_Sarcophilus_harrisii              0.0587979 0.0432573 0.0618599 0.0744677 0.0752383 0.0071539 0.0672096 0.0664451 0.0733032 0.0781956 0.0669886 0.0163342 0.0237974 0.0666858 0.0641893 0.0153648 0.0000000 0.0194075 0.0812428 0.0679939 0.0688727 0.0908486 0.0959263 0.0164671 0.0588204 0.0643106 0.0654204 0.0669054 0.0718874 0.0724684 0.0855045 0.0674590 0.0684870 0.0085896 0.0439698 0.2016891 0.1605447 0.1605447 0.2016891 
Dasyuridae_Planigale_tenuirostris            0.0503838 0.0386812 0.0544502 0.0626317 0.0652658 0.0172627 0.0584913 0.0589682 0.0627878 0.0752287 0.0604076 0.0214479 0.0150939 0.0596224 0.0547456 0.0209439 0.0194075 0.0000000 0.0763950 0.0599428 0.0593471 0.0865380 0.0890675 0.0225039 0.0530588 0.0550116 0.0554301 0.0600502 0.0629541 0.0638884 0.0776385 0.0601184 0.0645792 0.0193871 0.0393476 0.1985280 0.1585340 0.1585340 0.1985280 
Peramelidae_Echymipera_kalubu                0.0672176 0.0399085 0.0702787 0.0825592 0.0824658 0.0816404 0.0741730 0.0696605 0.0815746 0.0246564 0.0702688 0.0813681 0.0822497 0.0704600 0.0781066 0.0797535 0.0812428 0.0763950 0.0000000 0.0772706 0.0765185 0.0972067 0.1012362 0.0811337 0.0617674 0.0796645 0.0735776 0.0762453 0.0792215 0.0799306 0.0928898 0.0706529 0.0206386 0.0816835 0.0105482 0.0592738 0.0642709 0.0642709 0.0592738 
Macropodidae_Dorcopsulus_vanheurni           0.0429093 0.0431458 0.0524518 0.0261311 0.0245968 0.0674216 0.0495026 0.0468333 0.0216767 0.0779549 0.0457601 0.0687515 0.0684813 0.0449423 0.0500450 0.0677139 0.0679939 0.0599428 0.0772706 0.0000000 0.0542544 0.0886478 0.0899897 0.0683127 0.0374086 0.0656178 0.0513613 0.0100523 0.0561506 0.0566009 0.0712068 0.0462676 0.0677335 0.0679030 0.0437349 0.1930144 0.1332772 0.1332772 0.1930144 
Pseudochiridae_Pseudochirulus_forbesi        0.0415215 0.0410254 0.0486512 0.0610607 0.0582832 0.0677099 0.0456066 0.0465066 0.0568669 0.0777834 0.0480452 0.0685830 0.0741754 0.0456149 0.0379966 0.0665134 0.0688727 0.0593471 0.0765185 0.0542544 0.0000000 0.0842052 0.0875689 0.0664588 0.0467174 0.0594719 0.0173858 0.0550284 0.0154203 0.0386880 0.0611215 0.0480264 0.0663417 0.0681934 0.0431922 0.1975262 0.1486448 0.1486448 0.1975262 
Didelphidae_Didelphis_virginiana             0.0830853 0.0488043 0.0805014 0.0941673 0.0932412 0.0884740 0.0853374 0.0845298 0.0918945 0.0975468 0.0844365 0.0908679 0.0940536 0.0837014 0.0849795 0.0915140 0.0908486 0.0865380 0.0972067 0.0886478 0.0842052 0.0000000 0.0313233 0.0900264 0.0622729 0.0842703 0.0825685 0.0871572 0.0882698 0.0905231 0.1032004 0.0844673 0.0832157 0.0874892 0.0507599 0.2685120 0.2483469 0.2483469 0.2685120 
Marmosidae_Monodelphis_domestica             0.0834287 0.0546581 0.0872614 0.0961783 0.0953219 0.0948091 0.0899896 0.0864753 0.0927255 0.1002210 0.0875453 0.0970384 0.1015002 0.0861371 0.0885355 0.0966372 0.0959263 0.0890675 0.1012362 0.0899897 0.0875689 0.0313233 0.0000000 0.0957117 0.0682494 0.0847039 0.0861552 0.0890144 0.0911505 0.0957571 0.1016777 0.0858545 0.0870794 0.0932660 0.0551250 0.2636131 0.2468262 0.2468262 0.2636131 
Dasyuridae_Antechinus_stuartii               0.0574991 0.0425670 0.0590275 0.0737708 0.0744702 0.0149769 0.0665047 0.0646747 0.0726024 0.0792155 0.0661641 0.0081392 0.0254472 0.0648896 0.0607732 0.0071812 0.0164671 0.0225039 0.0811337 0.0683127 0.0664588 0.0900264 0.0957117 0.0000000 0.0578034 0.0623978 0.0657029 0.0677124 0.0679931 0.0737787 0.0832488 0.0657425 0.0711680 0.0154553 0.0456267 0.1957280 0.1578307 0.1578307 0.1957280 
Hypsiprymnodontidae_Hypsiprymnodon_moschatus 0.0474377 0.0540363 0.0500067 0.0473394 0.0435974 0.0587321 0.0466018 0.0493382 0.0429711 0.0580616 0.0500835 0.0605717 0.0587421 0.0474199 0.0433977 0.0606630 0.0588204 0.0530588 0.0617674 0.0374086 0.0467174 0.0622729 0.0682494 0.0578034 0.0000000 0.0474780 0.0440809 0.0343324 0.0476308 0.0452146 0.0648666 0.0478434 0.0599954 0.0594225 0.0581517 9.0000000 9.0000000 9.0000000 9.0000000 
Microbiotheriidae_Dromiciops_gliroides       0.0580230 0.0329724 0.0568224 0.0744605 0.0737912 0.0624775 0.0594967 0.0594333 0.0701316 0.0665770 0.0612690 0.0593510 0.0641449 0.0578346 0.0622147 0.0606080 0.0643106 0.0550116 0.0796645 0.0656178 0.0594719 0.0842703 0.0847039 0.0623978 0.0474780 0.0000000 0.0588054 0.0669405 0.0602086 0.0660900 0.0788322 0.0593973 0.0591066 0.0635946 0.0337257 0.2823541 0.2192330 0.2192330 0.2823541 
Pseudochiridae_Petauroides_volans            0.0411283 0.0370421 0.0476940 0.0583847 0.0557495 0.0637479 0.0437143 0.0440815 0.0544329 0.0740841 0.0464277 0.0661916 0.0717815 0.0431833 0.0365410 0.0641186 0.0654204 0.0554301 0.0735776 0.0513613 0.0173858 0.0825685 0.0861552 0.0657029 0.0440809 0.0588054 0.0000000 0.0516062 0.0174975 0.0332820 0.0561155 0.0456016 0.0612887 0.0642336 0.0385477 0.1946586 0.1516167 0.1516167 0.1946586 
Macropodidae_Wallabia_bicolor                0.0437070 0.0426268 0.0517569 0.0287769 0.0272348 0.0662952 0.0503303 0.0486520 0.0243255 0.0775205 0.0464554 0.0691996 0.0684654 0.0477396 0.0508134 0.0682278 0.0669054 0.0600502 0.0762453 0.0100523 0.0550284 0.0871572 0.0890144 0.0677124 0.0343324 0.0669405 0.0516062 0.0000000 0.0565189 0.0569876 0.0680744 0.0491403 0.0674641 0.0667799 0.0435024 0.1873125 0.1307133 0.1307133 0.1873125 
Pseudochiridae_Pseudocheirus_occidentalis    0.0451990 0.0417772 0.0499484 0.0630632 0.0602865 0.0701918 0.0483965 0.0488882 0.0588611 0.0794314 0.0510470 0.0695194 0.0772704 0.0469516 0.0412625 0.0674727 0.0718874 0.0629541 0.0792215 0.0561506 0.0154203 0.0882698 0.0911505 0.0679931 0.0476308 0.0602086 0.0174975 0.0565189 0.0000000 0.0394582 0.0605232 0.0493788 0.0673089 0.0706776 0.0447974 0.2059542 0.1504541 0.1504541 0.2059542 
Tarsipedidae_Tarsipes_rostratus              0.0463708 0.0395246 0.0569941 0.0617999 0.0611314 0.0707817 0.0483839 0.0508115 0.0617296 0.0795613 0.0519685 0.0725577 0.0748271 0.0499321 0.0425610 0.0726217 0.0724684 0.0638884 0.0799306 0.0566009 0.0386880 0.0905231 0.0957571 0.0737787 0.0452146 0.0660900 0.0332820 0.0569876 0.0394582 0.0000000 0.0619639 0.0523295 0.0635968 0.0701979 0.0410263 0.2213676 0.1643327 0.1643327 0.2213676 
Acrobatidae_Distoechurus_pennatus            0.0558729 0.0603600 0.0637894 0.0792907 0.0774858 0.0837878 0.0634101 0.0632588 0.0760199 0.0960926 0.0642005 0.0846380 0.0903814 0.0618704 0.0433413 0.0835595 0.0855045 0.0776385 0.0928898 0.0712068 0.0611215 0.1032004 0.1016777 0.0832488 0.0648666 0.0788322 0.0561155 0.0680744 0.0605232 0.0619639 0.0000000 0.0642581 0.0852101 0.0842788 0.0631142 0.2017354 0.1615003 0.1615003 0.2017354 
Phalangeridae_Phalanger_carmelitae           0.0362829 0.0360778 0.0463006 0.0540193 0.0529113 0.0674745 0.0216730 0.0052080 0.0524840 0.0721061 0.0087465 0.0661191 0.0711148 0.0023663 0.0479865 0.0650841 0.0674590 0.0601184 0.0706529 0.0462676 0.0480264 0.0844673 0.0858545 0.0657425 0.0478434 0.0593973 0.0456016 0.0491403 0.0493788 0.0523295 0.0642581 0.0000000 0.0628602 0.0668967 0.0422638 0.1819015 0.1454600 0.1454600 0.1819015 
Peramelidae_Peroryctes_raffrayana            0.0607703 0.0385523 0.0602490 0.0742822 0.0728159 0.0683889 0.0637412 0.0629407 0.0712342 0.0217883 0.0610162 0.0709495 0.0719830 0.0625867 0.0658529 0.0698082 0.0684870 0.0645792 0.0206386 0.0677335 0.0663417 0.0832157 0.0870794 0.0711680 0.0599954 0.0591066 0.0612887 0.0674641 0.0673089 0.0635968 0.0852101 0.0628602 0.0000000 0.0678766 0.0105745 0.0521157 0.0671476 0.0671476 0.0521157 
Dasyuridae_Dasyurus_geffroii                 0.0576693 0.0424695 0.0612493 0.0722654 0.0740319 0.0052318 0.0655774 0.0658491 0.0721385 0.0798330 0.0663776 0.0163031 0.0257599 0.0660872 0.0629916 0.0153420 0.0085896 0.0193871 0.0816835 0.0679030 0.0681934 0.0874892 0.0932660 0.0154553 0.0594225 0.0635946 0.0642336 0.0667799 0.0706776 0.0701979 0.0842788 0.0668967 0.0678766 0.0000000 0.0446119 0.1953786 0.1607285 0.1607285 0.1953786 
Peramelidae_Perameles_gunnii                 0.0376274 0.0370852 0.0403274 0.0521812 0.0498607 0.0445591 0.0410295 0.0437467 0.0506429 0.0006502 0.0428505 0.0457134 0.0465927 0.0418466 0.0421165 0.0450555 0.0439698 0.0393476 0.0105482 0.0437349 0.0431922 0.0507599 0.0551250 0.0456267 0.0581517 0.0337257 0.0385477 0.0435024 0.0447974 0.0410263 0.0631142 0.0422638 0.0105745 0.0446119 0.0000000 9.0000000 9.0000000 9.0000000 9.0000000 
Peramelidae_Isoodon_obesulus1                0.1709024 9.0000000 0.1722522 0.1945630 0.2010745 0.2016891 0.1883534 0.1730835 0.1876750 0.0564388 0.1773664 0.2023789 0.1997776 0.1818127 0.1985374 0.1962589 0.2016891 0.1985280 0.0592738 0.1930144 0.1975262 0.2685120 0.2636131 0.1957280 9.0000000 0.2823541 0.1946586 0.1873125 0.2059542 0.2213676 0.2017354 0.1819015 0.0521157 0.1953786 9.0000000 0.0000000 0.0831786 0.0831786 0.0000010 
Thylacomyidae_Macrotis_lagotis1              0.1229516 9.0000000 0.1329949 0.1349266 0.1400018 0.1578577 0.1485856 0.1399557 0.1309654 0.0915132 0.1432458 0.1583597 0.1659843 0.1453859 0.1576140 0.1528795 0.1605447 0.1585340 0.0642709 0.1332772 0.1486448 0.2483469 0.2468262 0.1578307 9.0000000 0.2192330 0.1516167 0.1307133 0.1504541 0.1643327 0.1615003 0.1454600 0.0671476 0.1607285 9.0000000 0.0831786 0.0000000 0.0000010 0.0831786 
Thylacomyidae_Macrotis_lagotis2              0.1229516 9.0000000 0.1329949 0.1349266 0.1400018 0.1578577 0.1485856 0.1399557 0.1309654 0.0915132 0.1432458 0.1583597 0.1659843 0.1453859 0.1576140 0.1528795 0.1605447 0.1585340 0.0642709 0.1332772 0.1486448 0.2483469 0.2468262 0.1578307 9.0000000 0.2192330 0.1516167 0.1307133 0.1504541 0.1643327 0.1615003 0.1454600 0.0671476 0.1607285 9.0000000 0.0831786 0.0000010 0.0000000 0.0831786 
Peramelidae_Isoodon_obesulus2                0.1709024 9.0000000 0.1722522 0.1945630 0.2010745 0.2016891 0.1883534 0.1730835 0.1876750 0.0564388 0.1773664 0.2023789 0.1997776 0.1818127 0.1985374 0.1962589 0.2016891 0.1985280 0.0592738 0.1930144 0.1975262 0.2685120 0.2636131 0.1957280 9.0000000 0.2823541 0.1946586 0.1873125 0.2059542 0.2213676 0.2017354 0.1819015 0.0521157 0.1953786 9.0000000 0.0000010 0.0831786 0.0831786 0.0000000 
