35
Burramyidae_Burramys_parvus                  0.0000000 0.0538884 0.0585451 0.0634276 0.0637391 0.1069426 0.0536655 0.0555017 0.0635611 0.1038535 0.0557717 0.1079978 0.1104853 0.0569294 0.0532068 0.1131697 0.1041306 0.1096430 0.1019852 0.0689280 0.0744366 0.1376360 0.1069834 0.0757018 0.0832507 0.0724432 0.0662686 0.0733603 0.0936557 0.0544938 0.0574828 0.1028130 0.1064238 0.1070621 0.1165587 
Notoryctidae_Notoryctes_typhlops             0.0538884 0.0000000 0.0538478 0.0631617 0.0614658 0.0810432 0.0512048 0.0528215 0.0613688 0.0732569 0.0543697 0.0810708 0.0815166 0.0544687 0.0468987 0.0819546 0.0797685 0.0788835 0.0735661 0.0623775 0.0574362 0.0960269 0.0780786 0.0683778 0.0661351 0.0542934 0.0556788 0.0574853 0.0898772 0.0527790 0.0548533 0.0745792 0.0795379 0.0759591 0.0650187 
Vombatidae_Lasiorhinus_latifrons             0.0585451 0.0538478 0.0000000 0.0668176 0.0646858 0.0997608 0.0503653 0.0541194 0.0653563 0.0951234 0.0529234 0.0994177 0.1029562 0.0526160 0.0529454 0.1035909 0.0969845 0.0934548 0.0932291 0.0675037 0.0731160 0.1270988 0.0997310 0.0686162 0.0776514 0.0693626 0.0648690 0.0716462 0.0932119 0.0534858 0.0536829 0.0926514 0.1001515 0.0977754 0.1045440 
Potoroidae_Bettongia_penicillata             0.0634276 0.0631617 0.0668176 0.0000000 0.0063572 0.1173675 0.0594038 0.0639313 0.0115474 0.1085413 0.0628768 0.1175730 0.1193740 0.0607577 0.0594030 0.1209643 0.1144299 0.1137716 0.1054478 0.0245042 0.0778847 0.1455311 0.1178581 0.0539841 0.0918663 0.0754801 0.0217853 0.0774509 0.0943556 0.0590844 0.0622689 0.1079187 0.1146727 0.1118314 0.1299724 
Potoroidae_Bettongia_lesueur                 0.0637391 0.0614658 0.0646858 0.0063572 0.0000000 0.1161112 0.0574759 0.0618350 0.0115418 0.1068868 0.0615600 0.1162993 0.1171714 0.0594714 0.0584935 0.1196864 0.1122668 0.1141682 0.1038209 0.0226930 0.0781853 0.1432520 0.1156192 0.0512278 0.0897377 0.0757850 0.0207402 0.0777549 0.0928909 0.0578281 0.0609703 0.1071865 0.1134299 0.1096992 0.1275137 
Dasyuridae_Dasyurus_maculatus                0.1069426 0.0810432 0.0997608 0.1173675 0.1161112 0.0000000 0.1014506 0.1080958 0.1162588 0.1241430 0.1058767 0.0271927 0.0339463 0.1071987 0.0986677 0.0297327 0.0089429 0.0370505 0.1212766 0.1159864 0.1195364 0.1511895 0.0259498 0.1210102 0.1116677 0.1109198 0.1154234 0.1158412 0.1318672 0.1014360 0.1083665 0.1214350 0.0079883 0.1275925 0.1478494 
Phalangeridae_Trichosurus_vulpecula          0.0536655 0.0512048 0.0503653 0.0594038 0.0574759 0.1014506 0.0000000 0.0166114 0.0562550 0.0980926 0.0168195 0.1013249 0.0998529 0.0169807 0.0481319 0.1024777 0.0987352 0.0993649 0.0980541 0.0589855 0.0612799 0.1267054 0.0996205 0.0638303 0.0748213 0.0562534 0.0572317 0.0545404 0.0877169 0.0472218 0.0173383 0.0985650 0.1005939 0.1006868 0.0954835 
Phalangeridae_Spilocuscus_maculatus          0.0555017 0.0528215 0.0541194 0.0639313 0.0618350 0.1080958 0.0166114 0.0000000 0.0619352 0.0999922 0.0083348 0.1072995 0.1089659 0.0082214 0.0516869 0.1111317 0.1056940 0.1070942 0.0985132 0.0636190 0.0662382 0.1250794 0.1095359 0.0663075 0.0768555 0.0669923 0.0616855 0.0653200 0.0908717 0.0517846 0.0078909 0.0978217 0.1077608 0.1026908 0.1065202 
Potoroidae_Aepyprymnus_rufescens             0.0635611 0.0613688 0.0653563 0.0115474 0.0115418 0.1162588 0.0562550 0.0619352 0.0000000 0.1096817 0.0616626 0.1167126 0.1173175 0.0591908 0.0578785 0.1206072 0.1124218 0.1164767 0.1087210 0.0226698 0.0770778 0.1466441 0.1175277 0.0529420 0.0913276 0.0757112 0.0209993 0.0777604 0.0926613 0.0587388 0.0602885 0.1109763 0.1135825 0.1129625 0.1303824 
Peramelidae_Perameles_nasuta                 0.1038535 0.0732569 0.0951234 0.1085413 0.1068868 0.1241430 0.0980926 0.0999922 0.1096817 0.0000000 0.1015183 0.1229673 0.1253961 0.0979409 0.0946633 0.1253957 0.1205769 0.1229752 0.0166009 0.1114120 0.1138849 0.1424909 0.1234281 0.1114320 0.1097689 0.1069373 0.1086915 0.1138792 0.1362644 0.0958940 0.0991092 0.0159990 0.1227085 0.0018941 0.1327693 
Phalangeridae_Strigocuscus_pelengensis       0.0557717 0.0543697 0.0529234 0.0628768 0.0615600 0.1058767 0.0168195 0.0083348 0.0616626 0.1015183 0.0000000 0.1067745 0.1085191 0.0089649 0.0526667 0.1106472 0.1048251 0.1064412 0.1003581 0.0627951 0.0688054 0.1245593 0.1086784 0.0636652 0.0792192 0.0673994 0.0617615 0.0665187 0.0899541 0.0516922 0.0086296 0.1006673 0.1055364 0.1047432 0.1106709 
Dasyuridae_Phascogale_tapoatafa              0.1079978 0.0810708 0.0994177 0.1175730 0.1162993 0.0271927 0.1013249 0.1072995 0.1167126 0.1229673 0.1067745 0.0000000 0.0370781 0.1080623 0.0951288 0.0060918 0.0248175 0.0337692 0.1207492 0.1174587 0.1182023 0.1498425 0.0131705 0.1205410 0.1115650 0.1144313 0.1168631 0.1131891 0.1349245 0.0982979 0.1084866 0.1191428 0.0272962 0.1264478 0.1422551 
Dasyuridae_Sminthopsis_macroura              0.1104853 0.0815166 0.1029562 0.1193740 0.1171714 0.0339463 0.0998529 0.1089659 0.1173175 0.1253961 0.1085191 0.0370781 0.0000000 0.1073050 0.1033603 0.0386138 0.0304671 0.0303393 0.1232958 0.1159284 0.1237509 0.1522353 0.0351063 0.1211121 0.1125164 0.1167063 0.1165121 0.1194418 0.1363027 0.1045064 0.1084826 0.1227949 0.0337363 0.1288742 0.1457004 
Phalangeridae_Phalanger_orientalis           0.0569294 0.0544687 0.0526160 0.0607577 0.0594714 0.1071987 0.0169807 0.0082214 0.0591908 0.0979409 0.0089649 0.1080623 0.1073050 0.0000000 0.0519717 0.1109775 0.1048003 0.1065269 0.0976912 0.0608430 0.0665608 0.1248105 0.1086111 0.0631462 0.0762135 0.0649920 0.0597044 0.0641184 0.0889522 0.0501837 0.0028166 0.0962109 0.1068633 0.1006303 0.1088053 
Acrobatidae_Acrobates_pygmaeus               0.0532068 0.0468987 0.0529454 0.0594030 0.0584935 0.0986677 0.0481319 0.0516869 0.0578785 0.0946633 0.0526667 0.0951288 0.1033603 0.0519717 0.0000000 0.1001465 0.0935086 0.1010640 0.0946944 0.0593705 0.0587427 0.1288819 0.0959057 0.0640331 0.0791752 0.0573225 0.0569761 0.0601662 0.0797728 0.0305461 0.0530872 0.0919307 0.0971922 0.0979895 0.1105019 
Dasyuridae_Phascogale_calura                 0.1131697 0.0819546 0.1035909 0.1209643 0.1196864 0.0297327 0.1024777 0.1111317 0.1206072 0.1253957 0.1106472 0.0060918 0.0386138 0.1109775 0.1001465 0.0000000 0.0270288 0.0354131 0.1239546 0.1203397 0.1192889 0.1510206 0.0154210 0.1226840 0.1136240 0.1158775 0.1197837 0.1148661 0.1385881 0.1031309 0.1121505 0.1216396 0.0295091 0.1288507 0.1444767 
Dasyuridae_Sarcophilus_harrisii              0.1041306 0.0797685 0.0969845 0.1144299 0.1122668 0.0089429 0.0987352 0.1056940 0.1124218 0.1205769 0.1048251 0.0248175 0.0304671 0.1048003 0.0935086 0.0270288 0.0000000 0.0348690 0.1177425 0.1131060 0.1176798 0.1473330 0.0232331 0.1181334 0.1097199 0.1091904 0.1125355 0.1125046 0.1321322 0.0963765 0.1059687 0.1185933 0.0086547 0.1240038 0.1467226 
Dasyuridae_Planigale_tenuirostris            0.1096430 0.0788835 0.0934548 0.1137716 0.1141682 0.0370505 0.0993649 0.1070942 0.1164767 0.1229752 0.1064412 0.0337692 0.0303393 0.1065269 0.1010640 0.0354131 0.0348690 0.0000000 0.1224557 0.1158780 0.1213142 0.1497931 0.0352090 0.1189348 0.1140826 0.1138985 0.1160109 0.1198610 0.1352644 0.0988414 0.1077636 0.1238290 0.0368042 0.1256159 0.1476147 
Peramelidae_Echymipera_kalubu                0.1019852 0.0735661 0.0932291 0.1054478 0.1038209 0.1212766 0.0980541 0.0985132 0.1087210 0.0166009 0.1003581 0.1207492 0.1232958 0.0976912 0.0946944 0.1239546 0.1177425 0.1224557 0.0000000 0.1090384 0.1158608 0.1444873 0.1210333 0.1102400 0.1092410 0.1076422 0.1073431 0.1159549 0.1323177 0.0957808 0.0981068 0.0169677 0.1198465 0.0186255 0.1324931 
Macropodidae_Dorcopsulus_vanheurni           0.0689280 0.0623775 0.0675037 0.0245042 0.0226930 0.1159864 0.0589855 0.0636190 0.0226698 0.1114120 0.0627951 0.1174587 0.1159284 0.0608430 0.0593705 0.1203397 0.1131060 0.1158780 0.1090384 0.0000000 0.0796860 0.1395837 0.1165051 0.0535883 0.0898099 0.0754615 0.0125789 0.0782426 0.0914732 0.0605924 0.0619511 0.1123372 0.1132998 0.1147361 0.1252128 
Pseudochiridae_Pseudochirulus_forbesi        0.0744366 0.0574362 0.0731160 0.0778847 0.0781853 0.1195364 0.0612799 0.0662382 0.0770778 0.1138849 0.0688054 0.1182023 0.1237509 0.0665608 0.0587427 0.1192889 0.1176798 0.1213142 0.1158608 0.0796860 0.0000000 0.1483419 0.1196212 0.0836321 0.0912735 0.0446134 0.0774696 0.0209805 0.0855237 0.0605817 0.0676585 0.1117603 0.1190463 0.1176536 0.1290218 
Marmosidae_Monodelphis_domestica             0.1376360 0.0960269 0.1270988 0.1455311 0.1432520 0.1511895 0.1267054 0.1250794 0.1466441 0.1424909 0.1245593 0.1498425 0.1522353 0.1248105 0.1288819 0.1510206 0.1473330 0.1497931 0.1444873 0.1395837 0.1483419 0.0000000 0.1512318 0.1471875 0.1301383 0.1480924 0.1427994 0.1437435 0.1588135 0.1269999 0.1253928 0.1442103 0.1496136 0.1439709 0.0383973 
Dasyuridae_Antechinus_stuartii               0.1069834 0.0780786 0.0997310 0.1178581 0.1156192 0.0259498 0.0996205 0.1095359 0.1175277 0.1234281 0.1086784 0.0131705 0.0351063 0.1086111 0.0959057 0.0154210 0.0232331 0.0352090 0.1210333 0.1165051 0.1196212 0.1512318 0.0000000 0.1217172 0.1133914 0.1127215 0.1156097 0.1139151 0.1345732 0.1000962 0.1098089 0.1214300 0.0260696 0.1269253 0.1462378 
Hypsiprymnodontidae_Hypsiprymnodon_moschatus 0.0757018 0.0683778 0.0686162 0.0539841 0.0512278 0.1210102 0.0638303 0.0663075 0.0529420 0.1114320 0.0636652 0.1205410 0.1211121 0.0631462 0.0640331 0.1226840 0.1181334 0.1189348 0.1102400 0.0535883 0.0836321 0.1471875 0.1217172 0.0000000 0.0937744 0.0843959 0.0513896 0.0844989 0.1011594 0.0623576 0.0654473 0.1113763 0.1183169 0.1147372 0.1303463 
Microbiotheriidae_Dromiciops_gliroides       0.0832507 0.0661351 0.0776514 0.0918663 0.0897377 0.1116677 0.0748213 0.0768555 0.0913276 0.1097689 0.0792192 0.1115650 0.1125164 0.0762135 0.0791752 0.1136240 0.1097199 0.1140826 0.1092410 0.0898099 0.0912735 0.1301383 0.1133914 0.0937744 0.0000000 0.0929379 0.0887994 0.0934328 0.1163748 0.0804640 0.0774801 0.1067135 0.1107130 0.1119234 0.1114748 
Pseudochiridae_Petauroides_volans            0.0724432 0.0542934 0.0693626 0.0754801 0.0757850 0.1109198 0.0562534 0.0669923 0.0757112 0.1069373 0.0673994 0.1144313 0.1167063 0.0649920 0.0573225 0.1158775 0.1091904 0.1138985 0.1076422 0.0754615 0.0446134 0.1480924 0.1127215 0.0843959 0.0929379 0.0000000 0.0730690 0.0432269 0.0845028 0.0583215 0.0660940 0.1049381 0.1123118 0.1106850 0.1290698 
Macropodidae_Wallabia_bicolor                0.0662686 0.0556788 0.0648690 0.0217853 0.0207402 0.1154234 0.0572317 0.0616855 0.0209993 0.1086915 0.0617615 0.1168631 0.1165121 0.0597044 0.0569761 0.1197837 0.1125355 0.1160109 0.1073431 0.0125789 0.0774696 0.1427994 0.1156097 0.0513896 0.0887994 0.0730690 0.0000000 0.0769998 0.0930617 0.0598102 0.0600277 0.1084331 0.1127309 0.1119915 0.1259271 
Pseudochiridae_Pseudocheirus_occidentalis    0.0733603 0.0574853 0.0716462 0.0774509 0.0777549 0.1158412 0.0545404 0.0653200 0.0777604 0.1138792 0.0665187 0.1131891 0.1194418 0.0641184 0.0601662 0.1148661 0.1125046 0.1198610 0.1159549 0.0782426 0.0209805 0.1437435 0.1139151 0.0844989 0.0934328 0.0432269 0.0769998 0.0000000 0.0854114 0.0629143 0.0652242 0.1131655 0.1146420 0.1163141 0.1303809 
Tarsipedidae_Tarsipes_rostratus              0.0936557 0.0898772 0.0932119 0.0943556 0.0928909 0.1318672 0.0877169 0.0908717 0.0926613 0.1362644 0.0899541 0.1349245 0.1363027 0.0889522 0.0797728 0.1385881 0.1321322 0.1352644 0.1323177 0.0914732 0.0855237 0.1588135 0.1345732 0.1011594 0.1163748 0.0845028 0.0930617 0.0854114 0.0000000 0.0847366 0.0901171 0.1328225 0.1321107 0.1403414 0.1486107 
Acrobatidae_Distoechurus_pennatus            0.0544938 0.0527790 0.0534858 0.0590844 0.0578281 0.1014360 0.0472218 0.0517846 0.0587388 0.0958940 0.0516922 0.0982979 0.1045064 0.0501837 0.0305461 0.1031309 0.0963765 0.0988414 0.0957808 0.0605924 0.0605817 0.1269999 0.1000962 0.0623576 0.0804640 0.0583215 0.0598102 0.0629143 0.0847366 0.0000000 0.0520173 0.0958530 0.1011617 0.0994861 0.1111270 
Phalangeridae_Phalanger_carmelitae           0.0574828 0.0548533 0.0536829 0.0622689 0.0609703 0.1083665 0.0173383 0.0078909 0.0602885 0.0991092 0.0086296 0.1084866 0.1084826 0.0028166 0.0530872 0.1121505 0.1059687 0.1077636 0.0981068 0.0619511 0.0676585 0.1253928 0.1098089 0.0654473 0.0774801 0.0660940 0.0600277 0.0652242 0.0901171 0.0520173 0.0000000 0.0974062 0.1080323 0.1018019 0.1077051 
Peramelidae_Peroryctes_raffrayana            0.1028130 0.0745792 0.0926514 0.1079187 0.1071865 0.1214350 0.0985650 0.0978217 0.1109763 0.0159990 0.1006673 0.1191428 0.1227949 0.0962109 0.0919307 0.1216396 0.1185933 0.1238290 0.0169677 0.1123372 0.1117603 0.1442103 0.1214300 0.1113763 0.1067135 0.1049381 0.1084331 0.1131655 0.1328225 0.0958530 0.0974062 0.0000000 0.1199671 0.0180707 0.1298863 
Dasyuridae_Dasyurus_geffroii                 0.1064238 0.0795379 0.1001515 0.1146727 0.1134299 0.0079883 0.1005939 0.1077608 0.1135825 0.1227085 0.1055364 0.0272962 0.0337363 0.1068633 0.0971922 0.0295091 0.0086547 0.0368042 0.1198465 0.1132998 0.1190463 0.1496136 0.0260696 0.1183169 0.1107130 0.1123118 0.1127309 0.1146420 0.1321107 0.1011617 0.1080323 0.1199671 0.0000000 0.1261593 0.1468839 
Peramelidae_Perameles_gunnii                 0.1070621 0.0759591 0.0977754 0.1118314 0.1096992 0.1275925 0.1006868 0.1026908 0.1129625 0.0018941 0.1047432 0.1264478 0.1288742 0.1006303 0.0979895 0.1288507 0.1240038 0.1256159 0.0186255 0.1147361 0.1176536 0.1439709 0.1269253 0.1147372 0.1119234 0.1106850 0.1119915 0.1163141 0.1403414 0.0994861 0.1018019 0.0180707 0.1261593 0.0000000 0.1362617 
Didelphidae_Didelphis_virginiana             0.1165587 0.0650187 0.1045440 0.1299724 0.1275137 0.1478494 0.0954835 0.1065202 0.1303824 0.1327693 0.1106709 0.1422551 0.1457004 0.1088053 0.1105019 0.1444767 0.1467226 0.1476147 0.1324931 0.1252128 0.1290218 0.0383973 0.1462378 0.1303463 0.1114748 0.1290698 0.1259271 0.1303809 0.1486107 0.1111270 0.1077051 0.1298863 0.1468839 0.1362617 0.0000000 
