35
Burramyidae_Burramys_parvus                  0.0000000 0.0742862 0.0578531 0.0881389 0.0957632 0.0785049 0.0751927 0.0835961 0.0857316 0.0671394 0.0465809 0.0746961 0.0849268 0.0808749 0.0648745 0.0740573 0.0781221 0.0757123 0.0808485 0.0790016 0.0755051 0.1019263 0.0869004 0.0762203 0.0722068 0.0744208 0.0567176 0.0817908 0.0848593 0.0777275 0.0554169 0.0658352 0.0611579 0.0790237 0.0802521 
Notoryctidae_Notoryctes_typhlops             0.0742862 0.0000000 0.0689854 0.1046450 0.1118302 0.0849615 0.0954999 0.1029159 0.1062696 0.0642025 0.0608877 0.0838167 0.0836611 0.1021137 0.0783170 0.0831543 0.0846646 0.0779355 0.0841354 0.0941345 0.0939594 0.0993259 0.0874903 0.0843430 0.0886694 0.0836178 0.0711273 0.1006371 0.0964313 0.0910520 0.0705020 0.0767169 0.0672745 0.0866527 0.0845275 
Vombatidae_Lasiorhinus_latifrons             0.0578531 0.0689854 0.0000000 0.0847857 0.0927659 0.0689757 0.0822813 0.0899888 0.0869985 0.0655819 0.0532602 0.0689497 0.0755752 0.0869869 0.0586741 0.0683433 0.0687005 0.0665058 0.0798980 0.0784553 0.0763345 0.0954447 0.0792319 0.0688877 0.0731591 0.0661949 0.0540547 0.0816443 0.0833741 0.0720229 0.0580407 0.0643468 0.0661505 0.0705107 0.0792835 
Potoroidae_Bettongia_penicillata             0.0881389 0.1046450 0.0847857 0.0000000 0.0112072 0.1089993 0.1146137 0.1182373 0.0512491 0.1132083 0.0940153 0.1059374 0.1150819 0.1191594 0.0952645 0.1052066 0.1106398 0.1066635 0.1180391 0.0590476 0.1098457 0.1331738 0.1163295 0.1072114 0.0609470 0.0997029 0.0847866 0.0605691 0.1132558 0.1094295 0.0889165 0.1089895 0.1053702 0.1117584 0.1159925 
Potoroidae_Bettongia_lesueur                 0.0957632 0.1118302 0.0927659 0.0112072 0.0000000 0.1140909 0.1216571 0.1220631 0.0567838 0.1219867 0.0999969 0.1114873 0.1215064 0.1247480 0.0996278 0.1101599 0.1162742 0.1144616 0.1241391 0.0650285 0.1161101 0.1398010 0.1235536 0.1115858 0.0665411 0.1076326 0.0921556 0.0638588 0.1166849 0.1155177 0.0929286 0.1176737 0.1098237 0.1187166 0.1232439 
Dasyuridae_Dasyurus_maculatus                0.0785049 0.0849615 0.0689757 0.1089993 0.1140909 0.0000000 0.1002841 0.1074777 0.1068299 0.0782191 0.0654633 0.0158768 0.0310572 0.1067324 0.0812925 0.0163057 0.0073703 0.0237286 0.0904022 0.0956751 0.0942817 0.1054811 0.0880220 0.0163179 0.0875404 0.0793538 0.0735377 0.0981230 0.1011245 0.0910219 0.0773986 0.0822213 0.0802944 0.0060415 0.0908362 
Phalangeridae_Trichosurus_vulpecula          0.0751927 0.0954999 0.0822813 0.1146137 0.1216571 0.1002841 0.0000000 0.0367435 0.1123746 0.0787992 0.0445615 0.0993997 0.1049106 0.0355601 0.0851777 0.0982562 0.0990515 0.0985277 0.1105722 0.1047906 0.1028373 0.1214206 0.1054168 0.1007792 0.0954426 0.0945735 0.0734972 0.1041846 0.1009826 0.0976559 0.0756562 0.0409773 0.0888720 0.0995131 0.1065073 
Phalangeridae_Spilocuscus_maculatus          0.0835961 0.1029159 0.0899888 0.1182373 0.1220631 0.1074777 0.0367435 0.0000000 0.1166485 0.0925987 0.0567076 0.1062150 0.1111806 0.0322440 0.0907394 0.1049376 0.1079044 0.1059742 0.1185176 0.1062916 0.1073126 0.1295488 0.1143194 0.1075220 0.0950786 0.1024707 0.0824096 0.1065829 0.1053277 0.1085467 0.0819214 0.0437588 0.1017963 0.1079212 0.1144675 
Potoroidae_Aepyprymnus_rufescens             0.0857316 0.1062696 0.0869985 0.0512491 0.0567838 0.1068299 0.1123746 0.1166485 0.0000000 0.1178108 0.0887757 0.1042467 0.1111100 0.1145788 0.0943607 0.1030646 0.1083946 0.1055343 0.1167290 0.0563350 0.1073090 0.1310754 0.1154296 0.1050695 0.0692885 0.1049897 0.0843643 0.0582182 0.1149907 0.1103811 0.0883516 0.1142322 0.1048874 0.1093479 0.1172070 
Peramelidae_Perameles_nasuta                 0.0671394 0.0642025 0.0655819 0.1132083 0.1219867 0.0782191 0.0787992 0.0925987 0.1178108 0.0000000 0.0680763 0.0790577 0.0798501 0.0829423 0.0777637 0.0790076 0.0782122 0.0670817 0.0151827 0.1063149 0.1022466 0.0818537 0.0756301 0.0798703 0.0938863 0.0708497 0.0662588 0.1026556 0.0988063 0.0840784 0.0549528 0.0811888 0.0152733 0.0796918 0.0006713 
Phalangeridae_Strigocuscus_pelengensis       0.0465809 0.0608877 0.0532602 0.0940153 0.0999969 0.0654633 0.0445615 0.0567076 0.0887757 0.0680763 0.0000000 0.0645696 0.0712943 0.0526227 0.0609117 0.0645291 0.0645513 0.0653655 0.0698486 0.0850869 0.0827743 0.0699702 0.0640853 0.0653680 0.0740786 0.0693323 0.0499590 0.0874369 0.0866200 0.0719722 0.0428051 0.0515588 0.0638975 0.0675302 0.0680063 
Dasyuridae_Phascogale_tapoatafa              0.0746961 0.0838167 0.0689497 0.1059374 0.1114873 0.0158768 0.0993997 0.1062150 0.1042467 0.0790577 0.0645696 0.0000000 0.0295899 0.1047338 0.0806225 0.0030075 0.0153465 0.0242179 0.0889836 0.0955180 0.0919206 0.1058782 0.0879295 0.0086850 0.0885740 0.0774750 0.0702303 0.0973525 0.0977785 0.0892718 0.0752189 0.0821235 0.0781812 0.0162407 0.0889363 
Dasyuridae_Sminthopsis_macroura              0.0849268 0.0836611 0.0755752 0.1150819 0.1215064 0.0310572 0.1049106 0.1111806 0.1111100 0.0798501 0.0712943 0.0295899 0.0000000 0.1113474 0.0859609 0.0290900 0.0313092 0.0237121 0.0954826 0.1043628 0.1016232 0.1094313 0.0964608 0.0300830 0.0984070 0.0802691 0.0770984 0.1074732 0.1089101 0.0957763 0.0781867 0.0895534 0.0846411 0.0313550 0.0953664 
Phalangeridae_Phalanger_orientalis           0.0808749 0.1021137 0.0869869 0.1191594 0.1247480 0.1067324 0.0355601 0.0322440 0.1145788 0.0829423 0.0526227 0.1047338 0.1113474 0.0000000 0.0917120 0.1034709 0.1065614 0.1075930 0.1140522 0.1056236 0.1071783 0.1267052 0.1096288 0.1049076 0.0977951 0.1010674 0.0811806 0.1073583 0.1040880 0.1056770 0.0822637 0.0166433 0.0966580 0.1059114 0.1093944 
Acrobatidae_Acrobates_pygmaeus               0.0648745 0.0783170 0.0586741 0.0952645 0.0996278 0.0812925 0.0851777 0.0907394 0.0943607 0.0777637 0.0609117 0.0806225 0.0859609 0.0917120 0.0000000 0.0795200 0.0834760 0.0790909 0.0860165 0.0857411 0.0769364 0.0987564 0.0868177 0.0796313 0.0773231 0.0765505 0.0545765 0.0879896 0.0834822 0.0765876 0.0455296 0.0823597 0.0742616 0.0838715 0.0859136 
Dasyuridae_Phascogale_calura                 0.0740573 0.0831543 0.0683433 0.1052066 0.1101599 0.0163057 0.0982562 0.1049376 0.1030646 0.0790076 0.0645291 0.0030075 0.0290900 0.1034709 0.0795200 0.0000000 0.0157733 0.0232537 0.0888534 0.0931490 0.0912490 0.1035028 0.0856882 0.0091127 0.0873775 0.0753041 0.0696190 0.0949683 0.0977301 0.0885943 0.0740702 0.0820697 0.0781403 0.0166672 0.0888062 
Dasyuridae_Sarcophilus_harrisii              0.0781221 0.0846646 0.0687005 0.1106398 0.1162742 0.0073703 0.0990515 0.1079044 0.1083946 0.0782122 0.0645513 0.0153465 0.0313092 0.1065614 0.0834760 0.0157733 0.0000000 0.0246412 0.0909020 0.0984437 0.0959258 0.1053116 0.0869598 0.0153656 0.0886158 0.0773987 0.0732375 0.1008992 0.1027890 0.0905938 0.0790432 0.0827240 0.0803357 0.0068968 0.0924816 
Dasyuridae_Planigale_tenuirostris            0.0757123 0.0779355 0.0665058 0.1066635 0.1144616 0.0237286 0.0985277 0.1059742 0.1055343 0.0670817 0.0653655 0.0242179 0.0237121 0.1075930 0.0790909 0.0232537 0.0246412 0.0000000 0.0835298 0.0957303 0.0907215 0.1029535 0.0844432 0.0251995 0.0868920 0.0761105 0.0690265 0.0994175 0.0949380 0.0900871 0.0711050 0.0822515 0.0696519 0.0231640 0.0827387 
Peramelidae_Echymipera_kalubu                0.0808485 0.0841354 0.0798980 0.1180391 0.1241391 0.0904022 0.1105722 0.1185176 0.1167290 0.0151827 0.0698486 0.0889836 0.0954826 0.1140522 0.0860165 0.0888534 0.0909020 0.0835298 0.0000000 0.1076185 0.1087733 0.1129361 0.1005875 0.0878521 0.0986206 0.0862886 0.0800617 0.1069713 0.1098578 0.0985033 0.0804418 0.0839394 0.0124026 0.0914730 0.0200348 
Macropodidae_Dorcopsulus_vanheurni           0.0790016 0.0941345 0.0784553 0.0590476 0.0650285 0.0956751 0.1047906 0.1062916 0.0563350 0.1063149 0.0850869 0.0955180 0.1043628 0.1056236 0.0857411 0.0931490 0.0984437 0.0957303 0.1076185 0.0000000 0.0994482 0.1200996 0.1036908 0.0950068 0.0615754 0.0921724 0.0753135 0.0262845 0.1035195 0.1000274 0.0786677 0.1003583 0.0945762 0.0989336 0.1080921 
Pseudochiridae_Pseudochirulus_forbesi        0.0755051 0.0939594 0.0763345 0.1098457 0.1161101 0.0942817 0.1028373 0.1073126 0.1073090 0.1022466 0.0827743 0.0919206 0.1016232 0.1071783 0.0769364 0.0912490 0.0959258 0.0907215 0.1087733 0.0994482 0.0000000 0.1219825 0.1066424 0.0925802 0.0925967 0.0979725 0.0457763 0.1030269 0.0442128 0.0882334 0.0702130 0.0983619 0.1004214 0.0962993 0.1063582 
Didelphidae_Didelphis_virginiana             0.1019263 0.0993259 0.0954447 0.1331738 0.1398010 0.1054811 0.1214206 0.1295488 0.1310754 0.0818537 0.0699702 0.1058782 0.1094313 0.1267052 0.0987564 0.1035028 0.1053116 0.1029535 0.1129361 0.1200996 0.1219825 0.0000000 0.0399691 0.1053900 0.1125705 0.1047026 0.0955577 0.1227273 0.1222316 0.1143702 0.0982666 0.0872276 0.0928853 0.1062375 0.1130023 
Marmosidae_Monodelphis_domestica             0.0869004 0.0874903 0.0792319 0.1163295 0.1235536 0.0880220 0.1054168 0.1143194 0.1154296 0.0756301 0.0640853 0.0879295 0.0964608 0.1096288 0.0868177 0.0856882 0.0869598 0.0844432 0.1005875 0.1036908 0.1066424 0.0399691 0.0000000 0.0890885 0.0971069 0.0870342 0.0825890 0.1072375 0.1079840 0.1016780 0.0829643 0.0753184 0.0879939 0.0894295 0.0982721 
Dasyuridae_Antechinus_stuartii               0.0762203 0.0843430 0.0688877 0.1072114 0.1115858 0.0163179 0.1007792 0.1075220 0.1050695 0.0798703 0.0653680 0.0086850 0.0300830 0.1049076 0.0796313 0.0091127 0.0153656 0.0251995 0.0878521 0.0950068 0.0925802 0.1053900 0.0890885 0.0000000 0.0885938 0.0775543 0.0697738 0.0973516 0.0986147 0.0893485 0.0742327 0.0830671 0.0808897 0.0167035 0.0895006 
Hypsiprymnodontidae_Hypsiprymnodon_moschatus 0.0722068 0.0886694 0.0731591 0.0609470 0.0665411 0.0875404 0.0954426 0.0950786 0.0692885 0.0938863 0.0740786 0.0885740 0.0984070 0.0977951 0.0773231 0.0873775 0.0886158 0.0868920 0.0986206 0.0615754 0.0925967 0.1125705 0.0971069 0.0885938 0.0000000 0.0836322 0.0665667 0.0636433 0.0935673 0.0920440 0.0714091 0.0923152 0.0845028 0.0880097 0.0986968 
Microbiotheriidae_Dromiciops_gliroides       0.0744208 0.0836178 0.0661949 0.0997029 0.1076326 0.0793538 0.0945735 0.1024707 0.1049897 0.0708497 0.0693323 0.0774750 0.0802691 0.1010674 0.0765505 0.0753041 0.0773987 0.0761105 0.0862886 0.0921724 0.0979725 0.1047026 0.0870342 0.0775543 0.0836322 0.0000000 0.0697090 0.0948116 0.1032516 0.0886660 0.0720634 0.0837436 0.0700899 0.0805133 0.0872267 
Pseudochiridae_Petauroides_volans            0.0567176 0.0711273 0.0540547 0.0847866 0.0921556 0.0735377 0.0734972 0.0824096 0.0843643 0.0662588 0.0499590 0.0702303 0.0770984 0.0811806 0.0545765 0.0696190 0.0732375 0.0690265 0.0800617 0.0753135 0.0457763 0.0955577 0.0825890 0.0697738 0.0665667 0.0697090 0.0000000 0.0788680 0.0544853 0.0631799 0.0461170 0.0640042 0.0656561 0.0724525 0.0783161 
Macropodidae_Wallabia_bicolor                0.0817908 0.1006371 0.0816443 0.0605691 0.0638588 0.0981230 0.1041846 0.1065829 0.0582182 0.1026556 0.0874369 0.0973525 0.1074732 0.1073583 0.0879896 0.0949683 0.1008992 0.0994175 0.1069713 0.0262845 0.1030269 0.1227273 0.1072375 0.0973516 0.0636433 0.0948116 0.0788680 0.0000000 0.1034216 0.1030719 0.0804307 0.1010607 0.0909797 0.1024418 0.1068166 
Pseudochiridae_Pseudocheirus_occidentalis    0.0848593 0.0964313 0.0833741 0.1132558 0.1166849 0.1011245 0.1009826 0.1053277 0.1149907 0.0988063 0.0866200 0.0977785 0.1089101 0.1040880 0.0834822 0.0977301 0.1027890 0.0949380 0.1098578 0.1035195 0.0442128 0.1222316 0.1079840 0.0986147 0.0935673 0.1032516 0.0544853 0.1034216 0.0000000 0.0940952 0.0722671 0.0916024 0.0959269 0.1020372 0.1068461 
Tarsipedidae_Tarsipes_rostratus              0.0777275 0.0910520 0.0720229 0.1094295 0.1155177 0.0910219 0.0976559 0.1085467 0.1103811 0.0840784 0.0719722 0.0892718 0.0957763 0.1056770 0.0765876 0.0885943 0.0905938 0.0900871 0.0985033 0.1000274 0.0882334 0.1143702 0.1016780 0.0893485 0.0920440 0.0886660 0.0631799 0.1030719 0.0940952 0.0000000 0.0691710 0.0953044 0.0919934 0.0913485 0.0961456 
Acrobatidae_Distoechurus_pennatus            0.0554169 0.0705020 0.0580407 0.0889165 0.0929286 0.0773986 0.0756562 0.0819214 0.0883516 0.0549528 0.0428051 0.0752189 0.0781867 0.0822637 0.0455296 0.0740702 0.0790432 0.0711050 0.0804418 0.0786677 0.0702130 0.0982666 0.0829643 0.0742327 0.0714091 0.0720634 0.0461170 0.0804307 0.0722671 0.0691710 0.0000000 0.0577303 0.0585190 0.0771364 0.0802316 
Phalangeridae_Phalanger_carmelitae           0.0658352 0.0767169 0.0643468 0.1089895 0.1176737 0.0822213 0.0409773 0.0437588 0.1142322 0.0811888 0.0515588 0.0821235 0.0895534 0.0166433 0.0823597 0.0820697 0.0827240 0.0822515 0.0839394 0.1003583 0.0983619 0.0872276 0.0753184 0.0830671 0.0923152 0.0837436 0.0640042 0.1010607 0.0916024 0.0953044 0.0577303 0.0000000 0.0837480 0.0829358 0.0800882 
Peramelidae_Peroryctes_raffrayana            0.0611579 0.0672745 0.0661505 0.1053702 0.1098237 0.0802944 0.0888720 0.1017963 0.1048874 0.0152733 0.0638975 0.0781812 0.0846411 0.0966580 0.0742616 0.0781403 0.0803357 0.0696519 0.0124026 0.0945762 0.1004214 0.0928853 0.0879939 0.0808897 0.0845028 0.0700899 0.0656561 0.0909797 0.0959269 0.0919934 0.0585190 0.0837480 0.0000000 0.0822345 0.0164088 
Dasyuridae_Dasyurus_geffroii                 0.0790237 0.0866527 0.0705107 0.1117584 0.1187166 0.0060415 0.0995131 0.1079212 0.1093479 0.0796918 0.0675302 0.0162407 0.0313550 0.1059114 0.0838715 0.0166672 0.0068968 0.0231640 0.0914730 0.0989336 0.0962993 0.1062375 0.0894295 0.0167035 0.0880097 0.0805133 0.0724525 0.1024418 0.1020372 0.0913485 0.0771364 0.0829358 0.0822345 0.0000000 0.0924603 
Peramelidae_Perameles_gunnii                 0.0802521 0.0845275 0.0792835 0.1159925 0.1232439 0.0908362 0.1065073 0.1144675 0.1172070 0.0006713 0.0680063 0.0889363 0.0953664 0.1093944 0.0859136 0.0888062 0.0924816 0.0827387 0.0200348 0.1080921 0.1063582 0.1130023 0.0982721 0.0895006 0.0986968 0.0872267 0.0783161 0.1068166 0.1068461 0.0961456 0.0802316 0.0800882 0.0164088 0.0924603 0.0000000 
