35
Burramyidae_Burramys_parvus                  0.0000000 0.0561270 0.0419608 0.0618414 0.0612086 0.0450010 0.0322536 0.0447625 0.0663286 0.0717096 0.0390337 0.0547106 0.0649190 0.0468567 0.0416885 0.0564046 0.0581206 0.0530698 0.0706713 0.0608908 0.0413973 0.0794344 0.0630744 0.0535747 0.0600153 0.0632717 0.0381943 0.0609406 0.0476773 0.0436732 0.0418795 0.0432302 0.0744740 0.0459142 0.0681995 
Notoryctidae_Notoryctes_typhlops             0.0561270 0.0000000 0.0561554 0.0697206 0.0679503 0.0544267 0.0548439 0.0706467 0.0712355 0.0582759 0.0646137 0.0551820 0.0682766 0.0765233 0.0623952 0.0555761 0.0549894 0.0586337 0.0665093 0.0655293 0.0628661 0.0766521 0.0607718 0.0534987 0.0715584 0.0645960 0.0621471 0.0657862 0.0689269 0.0688429 0.0587742 0.0683421 0.0561917 0.0565397 0.0596041 
Vombatidae_Lasiorhinus_latifrons             0.0419608 0.0561554 0.0000000 0.0718166 0.0724925 0.0445326 0.0426627 0.0523040 0.0731164 0.0710796 0.0456227 0.0585505 0.0671569 0.0530098 0.0511923 0.0589259 0.0607027 0.0560603 0.0713897 0.0669397 0.0416125 0.0828762 0.0658934 0.0546343 0.0681395 0.0578849 0.0387226 0.0670252 0.0500254 0.0478123 0.0505385 0.0535154 0.0723509 0.0440203 0.0679219 
Potoroidae_Bettongia_penicillata             0.0618414 0.0697206 0.0718166 0.0000000 0.0036320 0.0546553 0.0622208 0.0626003 0.0133661 0.0720138 0.0684096 0.0630458 0.0715798 0.0782160 0.0562461 0.0643403 0.0670683 0.0700095 0.0778193 0.0203098 0.0629916 0.0987047 0.0824080 0.0612702 0.0373059 0.0816029 0.0606855 0.0180164 0.0552510 0.0536029 0.0533715 0.0769567 0.0720378 0.0551842 0.0721714 
Potoroidae_Bettongia_lesueur                 0.0612086 0.0679503 0.0724925 0.0036320 0.0000000 0.0558571 0.0632601 0.0625239 0.0140626 0.0717053 0.0678242 0.0640610 0.0716673 0.0784476 0.0564596 0.0653924 0.0671759 0.0697755 0.0779457 0.0202507 0.0640667 0.0973141 0.0825515 0.0632298 0.0367293 0.0818930 0.0604805 0.0187246 0.0569494 0.0530418 0.0527696 0.0771451 0.0722585 0.0563872 0.0709176 
Dasyuridae_Dasyurus_maculatus                0.0450010 0.0544267 0.0445326 0.0546553 0.0558571 0.0000000 0.0435576 0.0653154 0.0584013 0.0496441 0.0517177 0.0099359 0.0257539 0.0667387 0.0486797 0.0099250 0.0063495 0.0163556 0.0531249 0.0536012 0.0498352 0.0655569 0.0468972 0.0087897 0.0556884 0.0510400 0.0449268 0.0525313 0.0594240 0.0569094 0.0469306 0.0594213 0.0477858 0.0062955 0.0506986 
Phalangeridae_Trichosurus_vulpecula          0.0322536 0.0548439 0.0426627 0.0622208 0.0632601 0.0435576 0.0000000 0.0293843 0.0651377 0.0720575 0.0213873 0.0551106 0.0655776 0.0324320 0.0423448 0.0572643 0.0584659 0.0575839 0.0741723 0.0621228 0.0423551 0.0829944 0.0666260 0.0532412 0.0580383 0.0621635 0.0364559 0.0603864 0.0449692 0.0437506 0.0393506 0.0263977 0.0731322 0.0435370 0.0688901 
Phalangeridae_Spilocuscus_maculatus          0.0447625 0.0706467 0.0523040 0.0626003 0.0625239 0.0653154 0.0293843 0.0000000 0.0664678 0.0713661 0.0142545 0.0605273 0.0740465 0.0128779 0.0519835 0.0629914 0.0619528 0.0639302 0.0780366 0.0631294 0.0533045 0.0880191 0.0778586 0.0603552 0.0604274 0.0708814 0.0511990 0.0617779 0.0654786 0.0619000 0.0493619 0.0089756 0.0703586 0.0652818 0.0705420 
Potoroidae_Aepyprymnus_rufescens             0.0663286 0.0712355 0.0731164 0.0133661 0.0140626 0.0584013 0.0651377 0.0664678 0.0000000 0.0771350 0.0698161 0.0669762 0.0739581 0.0820043 0.0574062 0.0673130 0.0705283 0.0699568 0.0817788 0.0206658 0.0659772 0.1015390 0.0841168 0.0655239 0.0409154 0.0850444 0.0624606 0.0195491 0.0624582 0.0550445 0.0545861 0.0810494 0.0752624 0.0583730 0.0746640 
Peramelidae_Perameles_nasuta                 0.0717096 0.0582759 0.0710796 0.0720138 0.0717053 0.0496441 0.0720575 0.0713661 0.0771350 0.0000000 0.0737998 0.0523683 0.0657603 0.0907212 0.0643459 0.0532773 0.0546548 0.0537729 0.0199222 0.0735711 0.0747033 0.0895486 0.0741306 0.0512757 0.0715893 0.0750710 0.0687178 0.0716615 0.0611078 0.0595912 0.0634625 0.0885254 0.0124217 0.0500483 0.0007875 
Phalangeridae_Strigocuscus_pelengensis       0.0390337 0.0646137 0.0456227 0.0684096 0.0678242 0.0517177 0.0213873 0.0142545 0.0698161 0.0737998 0.0000000 0.0586494 0.0691631 0.0186303 0.0491799 0.0605629 0.0600019 0.0629581 0.0777699 0.0674080 0.0475434 0.0881676 0.0735015 0.0584441 0.0617375 0.0678242 0.0445373 0.0643916 0.0597380 0.0531167 0.0475455 0.0127370 0.0755697 0.0516624 0.0720357 
Dasyuridae_Phascogale_tapoatafa              0.0547106 0.0551820 0.0585505 0.0630458 0.0640610 0.0099359 0.0551106 0.0605273 0.0669762 0.0523683 0.0586494 0.0000000 0.0230104 0.0749728 0.0546574 0.0029036 0.0114943 0.0154079 0.0562988 0.0642982 0.0636064 0.0821446 0.0631105 0.0040466 0.0621650 0.0629630 0.0544341 0.0622792 0.0557280 0.0551924 0.0545014 0.0728337 0.0546191 0.0103354 0.0527341 
Dasyuridae_Sminthopsis_macroura              0.0649190 0.0682766 0.0671569 0.0715798 0.0716673 0.0257539 0.0655776 0.0740465 0.0739581 0.0657603 0.0691631 0.0230104 0.0000000 0.0861186 0.0642304 0.0237535 0.0247175 0.0163234 0.0646224 0.0722932 0.0725750 0.0943438 0.0744931 0.0228135 0.0700069 0.0752209 0.0641603 0.0706516 0.0706806 0.0646288 0.0649254 0.0841818 0.0664178 0.0270158 0.0645754 
Phalangeridae_Phalanger_orientalis           0.0468567 0.0765233 0.0530098 0.0782160 0.0784476 0.0667387 0.0324320 0.0128779 0.0820043 0.0907212 0.0186303 0.0749728 0.0861186 0.0000000 0.0577590 0.0768724 0.0768766 0.0809603 0.0915331 0.0772087 0.0550476 0.0986720 0.0832851 0.0735710 0.0713860 0.0812771 0.0520438 0.0753897 0.0726188 0.0650141 0.0582290 0.0056376 0.0928686 0.0667053 0.0866736 
Acrobatidae_Acrobates_pygmaeus               0.0416885 0.0623952 0.0511923 0.0562461 0.0564596 0.0486797 0.0423448 0.0519835 0.0574062 0.0643459 0.0491799 0.0546574 0.0642304 0.0577590 0.0000000 0.0549696 0.0584950 0.0557604 0.0680223 0.0522606 0.0459385 0.0787536 0.0647653 0.0519829 0.0522210 0.0682140 0.0410766 0.0513764 0.0501709 0.0443761 0.0263870 0.0579147 0.0637568 0.0486623 0.0620325 
Dasyuridae_Phascogale_calura                 0.0564046 0.0555761 0.0589259 0.0643403 0.0653924 0.0099250 0.0572643 0.0629914 0.0673130 0.0532773 0.0605629 0.0029036 0.0237535 0.0768724 0.0549696 0.0000000 0.0118678 0.0153929 0.0566204 0.0655326 0.0644445 0.0824844 0.0634555 0.0047802 0.0633900 0.0628182 0.0544051 0.0634752 0.0563638 0.0560153 0.0557274 0.0751737 0.0549900 0.0103240 0.0530586 
Dasyuridae_Sarcophilus_harrisii              0.0581206 0.0549894 0.0607027 0.0670683 0.0671759 0.0063495 0.0584659 0.0619528 0.0705283 0.0546548 0.0600019 0.0114943 0.0247175 0.0768766 0.0584950 0.0118678 0.0000000 0.0149300 0.0562062 0.0651122 0.0666357 0.0857665 0.0665567 0.0116151 0.0642977 0.0665039 0.0551700 0.0644375 0.0574263 0.0573789 0.0583352 0.0756346 0.0563312 0.0055467 0.0543456 
Dasyuridae_Planigale_tenuirostris            0.0530698 0.0586337 0.0560603 0.0700095 0.0697755 0.0163556 0.0575839 0.0639302 0.0699568 0.0537729 0.0629581 0.0154079 0.0163234 0.0809603 0.0557604 0.0153929 0.0149300 0.0000000 0.0584097 0.0671899 0.0671563 0.0819083 0.0637389 0.0154337 0.0675441 0.0661378 0.0599025 0.0654221 0.0592487 0.0581239 0.0572359 0.0812160 0.0579469 0.0173458 0.0536037 
Peramelidae_Echymipera_kalubu                0.0706713 0.0665093 0.0713897 0.0778193 0.0779457 0.0531249 0.0741723 0.0780366 0.0817788 0.0199222 0.0777699 0.0562988 0.0646224 0.0915331 0.0680223 0.0566204 0.0562062 0.0584097 0.0000000 0.0772953 0.0764914 0.0883550 0.0760324 0.0544735 0.0748569 0.0809407 0.0707384 0.0765987 0.0667859 0.0633237 0.0697955 0.0899735 0.0203485 0.0535001 0.0186649 
Macropodidae_Dorcopsulus_vanheurni           0.0608908 0.0655293 0.0669397 0.0203098 0.0202507 0.0536012 0.0621228 0.0631294 0.0206658 0.0735711 0.0674080 0.0642982 0.0722932 0.0772087 0.0522606 0.0655326 0.0651122 0.0671899 0.0772953 0.0000000 0.0606152 0.0926023 0.0802983 0.0615738 0.0376922 0.0813845 0.0591138 0.0081294 0.0589210 0.0515484 0.0498113 0.0764449 0.0725935 0.0535753 0.0706881 
Pseudochiridae_Pseudochirulus_forbesi        0.0413973 0.0628661 0.0416125 0.0629916 0.0640667 0.0498352 0.0423551 0.0533045 0.0659772 0.0747033 0.0475434 0.0636064 0.0725750 0.0550476 0.0459385 0.0644445 0.0666357 0.0671563 0.0764914 0.0606152 0.0000000 0.0872190 0.0698828 0.0609176 0.0560352 0.0676105 0.0279497 0.0594398 0.0213291 0.0413858 0.0442168 0.0550618 0.0748941 0.0502068 0.0721667 
Didelphidae_Didelphis_virginiana             0.0794344 0.0766521 0.0828762 0.0987047 0.0973141 0.0655569 0.0829944 0.0880191 0.1015390 0.0895486 0.0881676 0.0821446 0.0943438 0.0986720 0.0787536 0.0824844 0.0857665 0.0819083 0.0883550 0.0926023 0.0872190 0.0000000 0.0350338 0.0798497 0.0960441 0.0821783 0.0799462 0.0920064 0.0776804 0.0753091 0.0744178 0.1010811 0.0915315 0.0671402 0.0874213 
Marmosidae_Monodelphis_domestica             0.0630744 0.0607718 0.0658934 0.0824080 0.0825515 0.0468972 0.0666260 0.0778586 0.0841168 0.0741306 0.0735015 0.0631105 0.0744931 0.0832851 0.0647653 0.0634555 0.0665567 0.0637389 0.0760324 0.0802983 0.0698828 0.0350338 0.0000000 0.0597452 0.0800048 0.0622248 0.0657611 0.0796970 0.0661516 0.0589135 0.0619199 0.0831517 0.0760999 0.0492422 0.0716633 
Dasyuridae_Antechinus_stuartii               0.0535747 0.0534987 0.0546343 0.0612702 0.0632298 0.0087897 0.0532412 0.0603552 0.0655239 0.0512757 0.0584441 0.0040466 0.0228135 0.0735710 0.0519829 0.0047802 0.0116151 0.0154337 0.0544735 0.0615738 0.0609176 0.0798497 0.0597452 0.0000000 0.0589876 0.0615366 0.0524898 0.0594389 0.0550164 0.0540289 0.0521609 0.0710436 0.0535769 0.0091910 0.0509086 
Hypsiprymnodontidae_Hypsiprymnodon_moschatus 0.0600153 0.0715584 0.0681395 0.0373059 0.0367293 0.0556884 0.0580383 0.0604274 0.0409154 0.0715893 0.0617375 0.0621650 0.0700069 0.0713860 0.0522210 0.0633900 0.0642977 0.0675441 0.0748569 0.0376922 0.0560352 0.0960441 0.0800048 0.0589876 0.0000000 0.0806968 0.0568920 0.0357129 0.0540453 0.0528741 0.0473669 0.0715824 0.0721975 0.0570612 0.0693441 
Microbiotheriidae_Dromiciops_gliroides       0.0632717 0.0645960 0.0578849 0.0816029 0.0818930 0.0510400 0.0621635 0.0708814 0.0850444 0.0750710 0.0678242 0.0629630 0.0752209 0.0812771 0.0682140 0.0628182 0.0665039 0.0661378 0.0809407 0.0813845 0.0676105 0.0821783 0.0622248 0.0615366 0.0806968 0.0000000 0.0619263 0.0796719 0.0626942 0.0641104 0.0694815 0.0792558 0.0784794 0.0519611 0.0740974 
Pseudochiridae_Petauroides_volans            0.0381943 0.0621471 0.0387226 0.0606855 0.0604805 0.0449268 0.0364559 0.0511990 0.0624606 0.0687178 0.0445373 0.0544341 0.0641603 0.0520438 0.0410766 0.0544051 0.0551700 0.0599025 0.0707384 0.0591138 0.0279497 0.0799462 0.0657611 0.0524898 0.0568920 0.0619263 0.0000000 0.0574968 0.0420050 0.0417918 0.0422235 0.0475201 0.0704901 0.0453726 0.0664084 
Macropodidae_Wallabia_bicolor                0.0609406 0.0657862 0.0670252 0.0180164 0.0187246 0.0525313 0.0603864 0.0617779 0.0195491 0.0716615 0.0643916 0.0622792 0.0706516 0.0753897 0.0513764 0.0634752 0.0644375 0.0654221 0.0765987 0.0081294 0.0594398 0.0920064 0.0796970 0.0594389 0.0357129 0.0796719 0.0574968 0.0000000 0.0574254 0.0498708 0.0495195 0.0745714 0.0706978 0.0525059 0.0689913 
Pseudochiridae_Pseudocheirus_occidentalis    0.0476773 0.0689269 0.0500254 0.0552510 0.0569494 0.0594240 0.0449692 0.0654786 0.0624582 0.0611078 0.0597380 0.0557280 0.0706806 0.0726188 0.0501709 0.0563638 0.0574263 0.0592487 0.0667859 0.0589210 0.0213291 0.0776804 0.0661516 0.0550164 0.0540453 0.0626942 0.0420050 0.0574254 0.0000000 0.0543188 0.0408431 0.0628290 0.0606496 0.0593857 0.0616749 
Tarsipedidae_Tarsipes_rostratus              0.0436732 0.0688429 0.0478123 0.0536029 0.0530418 0.0569094 0.0437506 0.0619000 0.0550445 0.0595912 0.0531167 0.0551924 0.0646288 0.0650141 0.0443761 0.0560153 0.0573789 0.0581239 0.0633237 0.0515484 0.0413858 0.0753091 0.0589135 0.0540289 0.0528741 0.0641104 0.0417918 0.0498708 0.0543188 0.0000000 0.0439611 0.0577293 0.0575339 0.0573973 0.0577721 
Acrobatidae_Distoechurus_pennatus            0.0418795 0.0587742 0.0505385 0.0533715 0.0527696 0.0469306 0.0393506 0.0493619 0.0545861 0.0634625 0.0475455 0.0545014 0.0649254 0.0582290 0.0263870 0.0557274 0.0583352 0.0572359 0.0697955 0.0498113 0.0442168 0.0744178 0.0619199 0.0521609 0.0473669 0.0694815 0.0422235 0.0495195 0.0408431 0.0439611 0.0000000 0.0546484 0.0659287 0.0464556 0.0628469 
Phalangeridae_Phalanger_carmelitae           0.0432302 0.0683421 0.0535154 0.0769567 0.0771451 0.0594213 0.0263977 0.0089756 0.0810494 0.0885254 0.0127370 0.0728337 0.0841818 0.0056376 0.0579147 0.0751737 0.0756346 0.0812160 0.0899735 0.0764449 0.0550618 0.1010811 0.0831517 0.0710436 0.0715824 0.0792558 0.0475201 0.0745714 0.0628290 0.0577293 0.0546484 0.0000000 0.0905683 0.0593922 0.0847568 
Peramelidae_Peroryctes_raffrayana            0.0744740 0.0561917 0.0723509 0.0720378 0.0722585 0.0477858 0.0731322 0.0703586 0.0752624 0.0124217 0.0755697 0.0546191 0.0664178 0.0928686 0.0637568 0.0549900 0.0563312 0.0579469 0.0203485 0.0725935 0.0748941 0.0915315 0.0760999 0.0535769 0.0721975 0.0784794 0.0704901 0.0706978 0.0606496 0.0575339 0.0659287 0.0905683 0.0000000 0.0481928 0.0122939 
Dasyuridae_Dasyurus_geffroii                 0.0459142 0.0565397 0.0440203 0.0551842 0.0563872 0.0062955 0.0435370 0.0652818 0.0583730 0.0500483 0.0516624 0.0103354 0.0270158 0.0667053 0.0486623 0.0103240 0.0055467 0.0173458 0.0535001 0.0535753 0.0502068 0.0671402 0.0492422 0.0091910 0.0570612 0.0519611 0.0453726 0.0525059 0.0593857 0.0573973 0.0464556 0.0593922 0.0481928 0.0000000 0.0510745 
Peramelidae_Perameles_gunnii                 0.0681995 0.0596041 0.0679219 0.0721714 0.0709176 0.0506986 0.0688901 0.0705420 0.0746640 0.0007875 0.0720357 0.0527341 0.0645754 0.0866736 0.0620325 0.0530586 0.0543456 0.0536037 0.0186649 0.0706881 0.0721667 0.0874213 0.0716633 0.0509086 0.0693441 0.0740974 0.0664084 0.0689913 0.0616749 0.0577721 0.0628469 0.0847568 0.0122939 0.0510745 0.0000000 
