37
Burramyidae_Burramys_parvus                  0.0000000 0.0278047 0.0225728 0.0231146 0.0229123 0.0219607 0.0223369 0.0199488 0.0224789 0.0292264 0.0417993 0.0210770 0.0212810 0.0279249 0.0198927 0.0207462 0.0257023 0.0251240 0.0207024 0.0299702 0.0216174 0.0221502 0.0288486 0.0356248 0.0208167 0.0203444 0.0246758 0.0211153 0.0211481 0.0177311 0.0260205 0.0203491 0.0417993 0.0189344 0.0269048 0.0262929 0.0306023 
Notoryctidae_Notoryctes_typhlops             0.0278047 0.0000000 0.0302461 0.0352340 0.0352421 0.0255829 0.0325008 0.0301843 0.0348325 0.0419585 0.0668346 0.0308636 0.0267169 0.0356663 0.0300164 0.0324909 0.0336697 0.0343421 0.0248314 0.0347836 0.0338966 0.0335210 0.0304964 0.0421804 0.0250615 0.0344639 0.0305730 0.0348298 0.0341634 0.0369632 0.0364029 0.0316701 0.0668346 0.0288604 0.0404038 0.0331403 0.0354613 
Vombatidae_Lasiorhinus_latifrons             0.0225728 0.0302461 0.0000000 0.0292918 0.0292893 0.0215877 0.0290050 0.0230989 0.0281595 0.0334690 0.0582364 0.0253037 0.0216141 0.0290163 0.0241673 0.0256263 0.0290497 0.0272255 0.0205931 0.0322328 0.0277695 0.0288982 0.0290865 0.0384933 0.0213790 0.0279107 0.0284081 0.0278536 0.0282656 0.0259880 0.0300338 0.0274355 0.0582364 0.0231683 0.0327213 0.0277952 0.0332521 
Potoroidae_Bettongia_penicillata             0.0231146 0.0352340 0.0292918 0.0000000 0.0019414 0.0261145 0.0291572 0.0281589 0.0075027 0.0383666 0.0599389 0.0289381 0.0241245 0.0322983 0.0273067 0.0272663 0.0303360 0.0316862 0.0251768 0.0376955 0.0114540 0.0294461 0.0334427 0.0416488 0.0244795 0.0179715 0.0306722 0.0286142 0.0117920 0.0280306 0.0319885 0.0273844 0.0599389 0.0263244 0.0375842 0.0321312 0.0381719 
Potoroidae_Bettongia_lesueur                 0.0229123 0.0352421 0.0292893 0.0019414 0.0000000 0.0258803 0.0291549 0.0274715 0.0073152 0.0377219 0.0612663 0.0289357 0.0238839 0.0319076 0.0277010 0.0276658 0.0303333 0.0316834 0.0249462 0.0372758 0.0116404 0.0294443 0.0332018 0.0416449 0.0242464 0.0181630 0.0306791 0.0282197 0.0123465 0.0280343 0.0323937 0.0277805 0.0612663 0.0267183 0.0369432 0.0317203 0.0377488 
Dasyuridae_Dasyurus_maculatus                0.0219607 0.0255829 0.0215877 0.0261145 0.0258803 0.0000000 0.0215739 0.0194563 0.0229719 0.0254105 9.0000000 0.0240599 0.0048580 0.0066623 0.0222355 0.0227389 0.0047518 0.0019165 0.0048429 0.0275942 0.0233656 0.0271257 0.0317976 0.0321299 0.0040517 0.0240240 0.0257608 0.0261896 0.0230109 0.0256507 0.0286308 0.0241957 9.0000000 0.0215579 0.0257387 0.0012711 0.0280041 
Phalangeridae_Trichosurus_vulpecula          0.0223369 0.0325008 0.0290050 0.0291572 0.0291549 0.0215739 0.0000000 0.0092457 0.0286581 0.0387132 0.0894174 0.0189434 0.0221118 0.0335337 0.0175968 0.0281796 0.0306842 0.0306314 0.0198757 0.0374369 0.0282352 0.0291823 0.0296134 0.0421349 0.0213667 0.0281863 0.0299628 0.0271884 0.0281014 0.0295141 0.0329772 0.0272935 0.0894174 0.0174079 0.0381872 0.0314796 0.0378981 
Phalangeridae_Spilocuscus_maculatus          0.0199488 0.0301843 0.0230989 0.0281589 0.0274715 0.0194563 0.0092457 0.0000000 0.0271895 0.0347117 0.0915003 0.0135352 0.0205209 0.0296078 0.0116307 0.0266332 0.0278866 0.0272542 0.0187178 0.0334896 0.0266301 0.0265467 0.0280314 0.0387169 0.0194642 0.0258950 0.0284148 0.0242682 0.0267741 0.0265276 0.0312977 0.0260712 0.0915003 0.0116241 0.0356566 0.0279903 0.0338844 
Potoroidae_Aepyprymnus_rufescens             0.0224789 0.0348325 0.0281595 0.0075027 0.0073152 0.0229719 0.0286581 0.0271895 0.0000000 0.0417767 0.0628942 0.0265658 0.0221390 0.0314274 0.0263581 0.0274121 0.0283673 0.0299524 0.0219134 0.0380067 0.0098336 0.0275255 0.0304183 0.0416285 0.0220073 0.0179017 0.0303929 0.0264837 0.0109316 0.0291546 0.0302929 0.0256067 0.0628942 0.0253559 0.0403233 0.0297782 0.0387280 
Peramelidae_Perameles_nasuta                 0.0292264 0.0419585 0.0334690 0.0383666 0.0377219 0.0254105 0.0387132 0.0347117 0.0417767 0.0000000 0.0749979 0.0320571 0.0250186 0.0399032 0.0314720 0.0365764 0.0363323 0.0371700 0.0220768 0.0075449 0.0380352 0.0338044 0.0336965 0.0468952 0.0241444 0.0384074 0.0320917 0.0347185 0.0387356 0.0335731 0.0412062 0.0397275 0.0749979 0.0308208 0.0069177 0.0360966 0.0005519 
Myrmecobiidae_Myrmecobius_fasciatus1         0.0417993 0.0668346 0.0582364 0.0599389 0.0612663 9.0000000 0.0894174 0.0915003 0.0628942 0.0749979 0.0000000 0.0506491 9.0000000 0.0374553 0.0538399 0.0561492 0.0385764 0.0375070 9.0000000 0.0704635 0.0571589 0.0550306 9.0000000 0.0718325 9.0000000 0.0608172 0.0442029 0.0500426 0.0587930 0.0550251 0.0488120 0.0536537 0.0000010 0.0510096 0.0658715 0.0356743 0.0723756 
Phalangeridae_Strigocuscus_pelengensis       0.0210770 0.0308636 0.0253037 0.0289381 0.0289357 0.0240599 0.0189434 0.0135352 0.0265658 0.0320571 0.0506491 0.0000000 0.0245263 0.0308223 0.0069292 0.0249610 0.0306515 0.0291635 0.0227942 0.0343758 0.0278292 0.0260609 0.0318050 0.0394566 0.0240699 0.0270053 0.0292331 0.0241265 0.0278938 0.0238299 0.0317342 0.0268484 0.0506491 0.0063772 0.0322578 0.0285368 0.0350287 
Dasyuridae_Phascogale_tapoatafa              0.0212810 0.0267169 0.0216141 0.0241245 0.0238839 0.0048580 0.0221118 0.0205209 0.0221390 0.0250186 9.0000000 0.0245263 0.0000000 0.0066725 0.0228045 0.0226758 0.0011053 0.0048709 0.0057007 0.0275833 0.0217667 0.0273606 0.0311962 0.0323137 0.0028597 0.0232060 0.0254039 0.0256285 0.0223627 0.0251879 0.0291673 0.0238589 9.0000000 0.0218488 0.0249208 0.0053101 0.0285183 
Dasyuridae_Sminthopsis_macroura              0.0279249 0.0356663 0.0290163 0.0322983 0.0319076 0.0066623 0.0335337 0.0296078 0.0314274 0.0399032 0.0374553 0.0308223 0.0066725 0.0000000 0.0301386 0.0317511 0.0130477 0.0125592 0.0057304 0.0365492 0.0320314 0.0343950 0.0308224 0.0406010 0.0060128 0.0327932 0.0321515 0.0327454 0.0327415 0.0379649 0.0343282 0.0326512 0.0374553 0.0291454 0.0394473 0.0117190 0.0374362 
Phalangeridae_Phalanger_orientalis           0.0198927 0.0300164 0.0241673 0.0273067 0.0277010 0.0222355 0.0175968 0.0116307 0.0263581 0.0314720 0.0538399 0.0069292 0.0228045 0.0301386 0.0000000 0.0243151 0.0295455 0.0283135 0.0212991 0.0340310 0.0263997 0.0254689 0.0307710 0.0389182 0.0220289 0.0257413 0.0277737 0.0236678 0.0264989 0.0228140 0.0299868 0.0258401 0.0538399 0.0015872 0.0313253 0.0282900 0.0344735 
Acrobatidae_Acrobates_pygmaeus               0.0207462 0.0324909 0.0256263 0.0272663 0.0276658 0.0227389 0.0281796 0.0266332 0.0274121 0.0365764 0.0561492 0.0249610 0.0226758 0.0317511 0.0243151 0.0000000 0.0304871 0.0282777 0.0227773 0.0346051 0.0259515 0.0235808 0.0303735 0.0376612 0.0217782 0.0257709 0.0291426 0.0227422 0.0254449 0.0232661 0.0268329 0.0158597 0.0561492 0.0233365 0.0359845 0.0290810 0.0363852 
Dasyuridae_Phascogale_calura                 0.0257023 0.0336697 0.0290497 0.0303360 0.0303333 0.0047518 0.0306842 0.0278866 0.0283673 0.0363323 0.0385764 0.0306515 0.0011053 0.0130477 0.0295455 0.0304871 0.0000000 0.0072569 0.0055756 0.0336943 0.0273691 0.0315780 0.0314733 0.0406434 0.0034499 0.0289531 0.0297226 0.0307600 0.0282673 0.0357586 0.0339143 0.0298489 0.0385764 0.0285480 0.0367283 0.0073021 0.0341047 
Dasyuridae_Sarcophilus_harrisii              0.0251240 0.0343421 0.0272255 0.0316862 0.0316834 0.0019165 0.0306314 0.0272542 0.0299524 0.0371700 0.0375070 0.0291635 0.0048709 0.0125592 0.0283135 0.0282777 0.0072569 0.0000000 0.0055316 0.0344959 0.0291837 0.0323506 0.0308701 0.0387497 0.0042792 0.0305433 0.0292830 0.0307379 0.0288733 0.0350174 0.0332605 0.0292178 0.0375070 0.0273283 0.0373495 0.0039615 0.0349435 
Dasyuridae_Planigale_tenuirostris            0.0207024 0.0248314 0.0205931 0.0251768 0.0249462 0.0048429 0.0198757 0.0187178 0.0219134 0.0220768 9.0000000 0.0227942 0.0057007 0.0057304 0.0212991 0.0227773 0.0055756 0.0055316 0.0000000 0.0252662 0.0233617 0.0248003 0.0297559 0.0304385 0.0044012 0.0240452 0.0261919 0.0243259 0.0239986 0.0246150 0.0278396 0.0235540 9.0000000 0.0203515 0.0227540 0.0050644 0.0256166 
Peramelidae_Echymipera_kalubu                0.0299702 0.0347836 0.0322328 0.0376955 0.0372758 0.0275942 0.0374369 0.0334896 0.0380067 0.0075449 0.0704635 0.0343758 0.0275833 0.0365492 0.0340310 0.0346051 0.0336943 0.0344959 0.0252662 0.0000000 0.0368070 0.0355831 0.0371363 0.0460044 0.0266404 0.0351027 0.0334816 0.0350409 0.0368822 0.0342023 0.0400037 0.0361934 0.0704635 0.0330174 0.0060960 0.0340974 0.0076144 
Macropodidae_Dorcopsulus_vanheurni           0.0216174 0.0338966 0.0277695 0.0114540 0.0116404 0.0233656 0.0282352 0.0266301 0.0098336 0.0380352 0.0571589 0.0278292 0.0217667 0.0320314 0.0263997 0.0259515 0.0273691 0.0291837 0.0233617 0.0368070 0.0000000 0.0275158 0.0324815 0.0405314 0.0226867 0.0169275 0.0288902 0.0264821 0.0037495 0.0269955 0.0292215 0.0254881 0.0571589 0.0254175 0.0365377 0.0291289 0.0380644 
Pseudochiridae_Pseudochirulus_forbesi        0.0221502 0.0335210 0.0288982 0.0294461 0.0294443 0.0271257 0.0291823 0.0265467 0.0275255 0.0338044 0.0550306 0.0260609 0.0273606 0.0343950 0.0254689 0.0235808 0.0315780 0.0323506 0.0248003 0.0355831 0.0275158 0.0000000 0.0349027 0.0429373 0.0268750 0.0254615 0.0308623 0.0149083 0.0276342 0.0072297 0.0257805 0.0251485 0.0550306 0.0248865 0.0345526 0.0317127 0.0354360 
Didelphidae_Didelphis_virginiana             0.0288486 0.0304964 0.0290865 0.0334427 0.0332018 0.0317976 0.0296134 0.0280314 0.0304183 0.0336965 9.0000000 0.0318050 0.0311962 0.0308224 0.0307710 0.0303735 0.0314733 0.0308701 0.0297559 0.0371363 0.0324815 0.0349027 0.0000000 0.0126419 0.0303658 0.0306799 0.0327011 0.0334516 0.0328002 0.0287220 0.0357408 0.0313177 9.0000000 0.0300733 0.0348143 0.0323051 0.0373933 
Marmosidae_Monodelphis_domestica             0.0356248 0.0421804 0.0384933 0.0416488 0.0416449 0.0321299 0.0421349 0.0387169 0.0416285 0.0468952 0.0718325 0.0394566 0.0323137 0.0406010 0.0389182 0.0376612 0.0406434 0.0387497 0.0304385 0.0460044 0.0405314 0.0429373 0.0126419 0.0000000 0.0307147 0.0392579 0.0379541 0.0391369 0.0407515 0.0420059 0.0430568 0.0381358 0.0718325 0.0389315 0.0480900 0.0399037 0.0462521 
Dasyuridae_Antechinus_stuartii               0.0208167 0.0250615 0.0213790 0.0244795 0.0242464 0.0040517 0.0213667 0.0194642 0.0220073 0.0241444 9.0000000 0.0240699 0.0028597 0.0060128 0.0220289 0.0217782 0.0034499 0.0042792 0.0044012 0.0266404 0.0226867 0.0268750 0.0303658 0.0307147 0.0000000 0.0233109 0.0255261 0.0249985 0.0232702 0.0251475 0.0276659 0.0230185 9.0000000 0.0213509 0.0244742 0.0044867 0.0270432 
Hypsiprymnodontidae_Hypsiprymnodon_moschatus 0.0203444 0.0344639 0.0279107 0.0179715 0.0181630 0.0240240 0.0281863 0.0258950 0.0179017 0.0384074 0.0608172 0.0270053 0.0232060 0.0327932 0.0257413 0.0257709 0.0289531 0.0305433 0.0240452 0.0351027 0.0169275 0.0254615 0.0306799 0.0392579 0.0233109 0.0000000 0.0278496 0.0266531 0.0166803 0.0260339 0.0296089 0.0251952 0.0608172 0.0251524 0.0373257 0.0303540 0.0357724 
Microbiotheriidae_Dromiciops_gliroides       0.0246758 0.0305730 0.0284081 0.0306722 0.0306791 0.0257608 0.0299628 0.0284148 0.0303929 0.0320917 0.0442029 0.0292331 0.0254039 0.0321515 0.0277737 0.0291426 0.0297226 0.0292830 0.0261919 0.0334816 0.0288902 0.0308623 0.0327011 0.0379541 0.0255261 0.0278496 0.0000000 0.0324757 0.0286798 0.0270282 0.0351341 0.0298790 0.0442029 0.0267599 0.0319652 0.0299256 0.0340878 
Pseudochiridae_Petauroides_volans            0.0211153 0.0348298 0.0278536 0.0286142 0.0282197 0.0261896 0.0271884 0.0242682 0.0264837 0.0347185 0.0500426 0.0241265 0.0256285 0.0327454 0.0236678 0.0227422 0.0307600 0.0307379 0.0243259 0.0350409 0.0264821 0.0149083 0.0334516 0.0391369 0.0249985 0.0266531 0.0324757 0.0000000 0.0265847 0.0122837 0.0235655 0.0227366 0.0500426 0.0230862 0.0332431 0.0303187 0.0356896 
Macropodidae_Wallabia_bicolor                0.0211481 0.0341634 0.0282656 0.0117920 0.0123465 0.0230109 0.0281014 0.0267741 0.0109316 0.0387356 0.0587930 0.0278938 0.0223627 0.0327415 0.0264989 0.0254449 0.0282673 0.0288733 0.0239986 0.0368822 0.0037495 0.0276342 0.0328002 0.0407515 0.0232702 0.0166803 0.0286798 0.0265847 0.0000000 0.0269518 0.0293022 0.0248023 0.0587930 0.0255208 0.0372835 0.0292523 0.0381912 
Pseudochiridae_Pseudocheirus_occidentalis    0.0177311 0.0369632 0.0259880 0.0280306 0.0280343 0.0256507 0.0295141 0.0265276 0.0291546 0.0335731 0.0550251 0.0238299 0.0251879 0.0379649 0.0228140 0.0232661 0.0357586 0.0350174 0.0246150 0.0342023 0.0269955 0.0072297 0.0287220 0.0420059 0.0251475 0.0260339 0.0270282 0.0122837 0.0269518 0.0000000 0.0230838 0.0258600 0.0550251 0.0221464 0.0331087 0.0341957 0.0340737 
Tarsipedidae_Tarsipes_rostratus              0.0260205 0.0364029 0.0300338 0.0319885 0.0323937 0.0286308 0.0329772 0.0312977 0.0302929 0.0412062 0.0488120 0.0317342 0.0291673 0.0343282 0.0299868 0.0268329 0.0339143 0.0332605 0.0278396 0.0400037 0.0292215 0.0257805 0.0357408 0.0430568 0.0276659 0.0296089 0.0351341 0.0235655 0.0293022 0.0230838 0.0000000 0.0271828 0.0488120 0.0289928 0.0399653 0.0335024 0.0400754 
Acrobatidae_Distoechurus_pennatus            0.0203491 0.0316701 0.0274355 0.0273844 0.0277805 0.0241957 0.0272935 0.0260712 0.0256067 0.0397275 0.0536537 0.0268484 0.0238589 0.0326512 0.0258401 0.0158597 0.0298489 0.0292178 0.0235540 0.0361934 0.0254881 0.0251485 0.0313177 0.0381358 0.0230185 0.0251952 0.0298790 0.0227366 0.0248023 0.0258600 0.0271828 0.0000000 0.0536537 0.0248653 0.0389069 0.0294055 0.0370805 
Myrmecobiidae_Myrmecobius_fasciatus2         0.0417993 0.0668346 0.0582364 0.0599389 0.0612663 9.0000000 0.0894174 0.0915003 0.0628942 0.0749979 0.0000010 0.0506491 9.0000000 0.0374553 0.0538399 0.0561492 0.0385764 0.0375070 9.0000000 0.0704635 0.0571589 0.0550306 9.0000000 0.0718325 9.0000000 0.0608172 0.0442029 0.0500426 0.0587930 0.0550251 0.0488120 0.0536537 0.0000000 0.0510096 0.0658715 0.0356743 0.0723756 
Phalangeridae_Phalanger_carmelitae           0.0189344 0.0288604 0.0231683 0.0263244 0.0267183 0.0215579 0.0174079 0.0116241 0.0253559 0.0308208 0.0510096 0.0063772 0.0218488 0.0291454 0.0015872 0.0233365 0.0285480 0.0273283 0.0203515 0.0330174 0.0254175 0.0248865 0.0300733 0.0389315 0.0213509 0.0251524 0.0267599 0.0230862 0.0255208 0.0221464 0.0289928 0.0248653 0.0510096 0.0000000 0.0306774 0.0272991 0.0334523 
Peramelidae_Peroryctes_raffrayana            0.0269048 0.0404038 0.0327213 0.0375842 0.0369432 0.0257387 0.0381872 0.0356566 0.0403233 0.0069177 0.0658715 0.0322578 0.0249208 0.0394473 0.0313253 0.0359845 0.0367283 0.0373495 0.0227540 0.0060960 0.0365377 0.0345526 0.0348143 0.0480900 0.0244742 0.0373257 0.0319652 0.0332431 0.0372835 0.0331087 0.0399653 0.0389069 0.0658715 0.0306774 0.0000000 0.0362328 0.0072546 
Dasyuridae_Dasyurus_geffroii                 0.0262929 0.0331403 0.0277952 0.0321312 0.0317203 0.0012711 0.0314796 0.0279903 0.0297782 0.0360966 0.0356743 0.0285368 0.0053101 0.0117190 0.0282900 0.0290810 0.0073021 0.0039615 0.0050644 0.0340974 0.0291289 0.0317127 0.0323051 0.0399037 0.0044867 0.0303540 0.0299256 0.0303187 0.0292523 0.0341957 0.0335024 0.0294055 0.0356743 0.0272991 0.0362328 0.0000000 0.0342866 
Peramelidae_Perameles_gunnii                 0.0306023 0.0354613 0.0332521 0.0381719 0.0377488 0.0280041 0.0378981 0.0338844 0.0387280 0.0005519 0.0723756 0.0350287 0.0285183 0.0374362 0.0344735 0.0363852 0.0341047 0.0349435 0.0256166 0.0076144 0.0380644 0.0354360 0.0373933 0.0462521 0.0270432 0.0357724 0.0340878 0.0356896 0.0381912 0.0340737 0.0400754 0.0370805 0.0723756 0.0334523 0.0072546 0.0342866 0.0000000 
