37
Burramyidae_Burramys_parvus                  0.0000000 0.0468325 0.0315427 0.0327274 0.0279760 0.0552442 0.0271011 0.0279090 0.0298659 0.0581079 0.0259789 0.0532178 0.0560606 0.0278542 0.0274185 0.0547177 0.0548264 0.0541597 0.0579008 0.0298636 0.0353244 0.0623986 0.0683738 0.0509491 0.0284456 0.0402689 0.0385618 0.0292917 0.0337987 0.0513394 0.0268036 0.0271135 0.0578430 0.0555642 0.0586217 9.0000000 9.0000000 
Notoryctidae_Notoryctes_typhlops             0.0468325 0.0000000 0.0413859 0.0422622 0.0413239 0.0561126 0.0394348 0.0422820 0.0400813 0.0499042 0.0381488 0.0563124 0.0565540 0.0404328 0.0379399 0.0573574 0.0544559 0.0525168 0.0530845 0.0427744 0.0468516 0.0598193 0.0637129 0.0541590 0.0420889 0.0458067 0.0495749 0.0413125 0.0448544 0.0594436 0.0400370 0.0400534 0.0523235 0.0563559 0.0507353 0.0389890 0.0389890 
Vombatidae_Lasiorhinus_latifrons             0.0315427 0.0413859 0.0000000 0.0305267 0.0292956 0.0434171 0.0253797 0.0270222 0.0277688 0.0488911 0.0240487 0.0435762 0.0470720 0.0262252 0.0259075 0.0432481 0.0431986 0.0424303 0.0519449 0.0312342 0.0320062 0.0519404 0.0545960 0.0406986 0.0269232 0.0384425 0.0353544 0.0308635 0.0310325 0.0435146 0.0275130 0.0248659 0.0532452 0.0439485 0.0500529 0.0335041 0.0335041 
Potoroidae_Bettongia_penicillata             0.0327274 0.0422622 0.0305267 0.0000000 0.0039977 0.0458483 0.0257559 0.0276266 0.0066527 0.0512832 0.0243770 0.0440505 0.0480150 0.0271502 0.0269514 0.0437469 0.0455521 0.0449446 0.0525879 0.0120847 0.0302541 0.0540131 0.0552927 0.0424519 0.0164840 0.0392327 0.0332603 0.0119065 0.0283508 0.0414588 0.0291496 0.0265217 0.0522555 0.0457805 0.0518505 0.0319562 0.0319562 
Potoroidae_Bettongia_lesueur                 0.0279760 0.0413239 0.0292956 0.0039977 0.0000000 0.0454075 0.0241347 0.0255432 0.0046789 0.0482161 0.0226915 0.0433163 0.0458694 0.0250339 0.0243242 0.0436396 0.0449024 0.0429211 0.0493112 0.0097860 0.0282517 0.0556384 0.0563616 0.0425691 0.0148208 0.0376576 0.0310182 0.0105395 0.0264817 0.0420426 0.0254878 0.0243953 0.0487970 0.0453375 0.0485312 0.0309872 0.0309872 
Dasyuridae_Dasyurus_maculatus                0.0552442 0.0561126 0.0434171 0.0458483 0.0454075 0.0000000 0.0461814 0.0470271 0.0444637 0.0546445 0.0442495 0.0117485 0.0190336 0.0451973 0.0421122 0.0117321 0.0036390 0.0154111 0.0590587 0.0463881 0.0500060 0.0589821 0.0592899 0.0108463 0.0438627 0.0449184 0.0525304 0.0453719 0.0473551 0.0620752 0.0439256 0.0450038 0.0587301 0.0036416 0.0577923 0.0113575 0.0113575 
Phalangeridae_Trichosurus_vulpecula          0.0271011 0.0394348 0.0253797 0.0257559 0.0241347 0.0461814 0.0000000 0.0127734 0.0231484 0.0469300 0.0106226 0.0456079 0.0477621 0.0116262 0.0218101 0.0461676 0.0458825 0.0446935 0.0488386 0.0244220 0.0259595 0.0536185 0.0563320 0.0430694 0.0253595 0.0378958 0.0296268 0.0245184 0.0260965 0.0404817 0.0220982 0.0122681 0.0471526 0.0467170 0.0478588 0.0271831 0.0271831 
Phalangeridae_Spilocuscus_maculatus          0.0279090 0.0422820 0.0270222 0.0276266 0.0255432 0.0470271 0.0127734 0.0000000 0.0249871 0.0516100 0.0047690 0.0476330 0.0488756 0.0064706 0.0241334 0.0482014 0.0467162 0.0456453 0.0537332 0.0270758 0.0302325 0.0554249 0.0554963 0.0453382 0.0254292 0.0407039 0.0335209 0.0253960 0.0301349 0.0452519 0.0254572 0.0062250 0.0531711 0.0469571 0.0533226 0.0330455 0.0330455 
Potoroidae_Aepyprymnus_rufescens             0.0298659 0.0400813 0.0277688 0.0066527 0.0046789 0.0444637 0.0231484 0.0249871 0.0000000 0.0474036 0.0215213 0.0436081 0.0457294 0.0245041 0.0240888 0.0432812 0.0444817 0.0442093 0.0499563 0.0095408 0.0280654 0.0512296 0.0533883 0.0425765 0.0150245 0.0350755 0.0315351 0.0098094 0.0263905 0.0416668 0.0262369 0.0238987 0.0488897 0.0446973 0.0480261 0.0331705 0.0331705 
Peramelidae_Perameles_nasuta                 0.0581079 0.0499042 0.0488911 0.0512832 0.0482161 0.0546445 0.0469300 0.0516100 0.0474036 0.0000000 0.0475451 0.0542764 0.0531308 0.0496789 0.0455401 0.0546496 0.0558437 0.0571587 0.0110371 0.0509938 0.0556845 0.0653212 0.0623406 0.0534553 0.0498065 0.0498418 0.0568854 0.0493222 0.0548667 0.0682640 0.0502224 0.0494894 0.0106187 0.0539030 0.0004295 0.0297019 0.0297019 
Phalangeridae_Strigocuscus_pelengensis       0.0259789 0.0381488 0.0240487 0.0243770 0.0226915 0.0442495 0.0106226 0.0047690 0.0215213 0.0475451 0.0000000 0.0453417 0.0460164 0.0043325 0.0216716 0.0453056 0.0440888 0.0430420 0.0494747 0.0238362 0.0282587 0.0507948 0.0535068 0.0432314 0.0227329 0.0375008 0.0306807 0.0226709 0.0265150 0.0407677 0.0222383 0.0045373 0.0484232 0.0435833 0.0493602 0.0321984 0.0321984 
Dasyuridae_Phascogale_tapoatafa              0.0532178 0.0563124 0.0435762 0.0440505 0.0433163 0.0117485 0.0456079 0.0476330 0.0436081 0.0542764 0.0453417 0.0000000 0.0200696 0.0464402 0.0415863 0.0025300 0.0116146 0.0146832 0.0579809 0.0451420 0.0498338 0.0582112 0.0588182 0.0071359 0.0435799 0.0458490 0.0531549 0.0441430 0.0471558 0.0616082 0.0439817 0.0456467 0.0572722 0.0112790 0.0573606 0.0117947 0.0117947 
Dasyuridae_Sminthopsis_macroura              0.0560606 0.0565540 0.0470720 0.0480150 0.0458694 0.0190336 0.0477621 0.0488756 0.0457294 0.0531308 0.0460164 0.0200696 0.0000000 0.0474139 0.0420647 0.0208240 0.0188141 0.0138777 0.0559775 0.0479743 0.0511653 0.0617281 0.0626712 0.0184299 0.0462580 0.0463416 0.0548360 0.0469671 0.0492212 0.0621761 0.0444100 0.0472130 0.0551309 0.0180503 0.0558943 0.0139791 0.0139791 
Phalangeridae_Phalanger_orientalis           0.0278542 0.0404328 0.0262252 0.0271502 0.0250339 0.0451973 0.0116262 0.0064706 0.0245041 0.0496789 0.0043325 0.0464402 0.0474139 0.0000000 0.0233931 0.0469768 0.0449104 0.0445515 0.0512493 0.0263068 0.0299616 0.0535566 0.0555448 0.0438281 0.0244379 0.0391298 0.0334769 0.0258916 0.0297330 0.0439816 0.0231725 0.0027551 0.0502393 0.0451577 0.0511755 0.0274333 0.0274333 
Acrobatidae_Acrobates_pygmaeus               0.0274185 0.0379399 0.0259075 0.0269514 0.0243242 0.0421122 0.0218101 0.0241334 0.0240888 0.0455401 0.0216716 0.0415863 0.0420647 0.0233931 0.0000000 0.0416231 0.0424480 0.0407317 0.0475484 0.0241283 0.0238721 0.0502792 0.0500668 0.0388679 0.0243150 0.0348425 0.0279988 0.0252701 0.0243505 0.0395610 0.0143108 0.0222906 0.0453190 0.0423464 0.0461970 0.0249130 0.0249130 
Dasyuridae_Phascogale_calura                 0.0547177 0.0573574 0.0432481 0.0437469 0.0436396 0.0117321 0.0461676 0.0482014 0.0432812 0.0546496 0.0453056 0.0025300 0.0208240 0.0469768 0.0416231 0.0000000 0.0115985 0.0152108 0.0593339 0.0454039 0.0498200 0.0588780 0.0592165 0.0073487 0.0438397 0.0470621 0.0531724 0.0444046 0.0474859 0.0623503 0.0440208 0.0461795 0.0586756 0.0112718 0.0577335 0.0087704 0.0087704 
Dasyuridae_Sarcophilus_harrisii              0.0548264 0.0544559 0.0431986 0.0455521 0.0449024 0.0036390 0.0458825 0.0467162 0.0444817 0.0558437 0.0440888 0.0116146 0.0188141 0.0449104 0.0424480 0.0115985 0.0000000 0.0151613 0.0592675 0.0458381 0.0512802 0.0589924 0.0589140 0.0104962 0.0438634 0.0446164 0.0531406 0.0448342 0.0487280 0.0615487 0.0442443 0.0447078 0.0592529 0.0038595 0.0589522 0.0118305 0.0118305 
Dasyuridae_Planigale_tenuirostris            0.0541597 0.0525168 0.0424303 0.0449446 0.0429211 0.0154111 0.0446935 0.0456453 0.0442093 0.0571587 0.0430420 0.0146832 0.0138777 0.0445515 0.0407317 0.0152108 0.0151613 0.0000000 0.0569504 0.0455046 0.0508982 0.0596825 0.0630699 0.0134249 0.0429884 0.0454883 0.0512535 0.0443161 0.0483007 0.0600370 0.0424056 0.0438067 0.0570795 0.0148997 0.0585618 0.0145570 0.0145570 
Peramelidae_Echymipera_kalubu                0.0579008 0.0530845 0.0519449 0.0525879 0.0493112 0.0590587 0.0488386 0.0537332 0.0499563 0.0110371 0.0494747 0.0579809 0.0559775 0.0512493 0.0475484 0.0593339 0.0592675 0.0569504 0.0000000 0.0534836 0.0541447 0.0670144 0.0648400 0.0565668 0.0510979 0.0509267 0.0555909 0.0527666 0.0555825 0.0683658 0.0521705 0.0507627 0.0100222 0.0583077 0.0107401 0.0371237 0.0371237 
Macropodidae_Dorcopsulus_vanheurni           0.0298636 0.0427744 0.0312342 0.0120847 0.0097860 0.0463881 0.0244220 0.0270758 0.0095408 0.0509938 0.0238362 0.0451420 0.0479743 0.0263068 0.0241283 0.0454039 0.0458381 0.0455046 0.0534836 0.0000000 0.0294380 0.0534982 0.0564881 0.0441113 0.0164591 0.0371184 0.0332598 0.0044861 0.0275132 0.0426679 0.0270273 0.0254514 0.0499607 0.0469267 0.0511978 0.0309157 0.0309157 
Pseudochiridae_Pseudochirulus_forbesi        0.0353244 0.0468516 0.0320062 0.0302541 0.0282517 0.0500060 0.0259595 0.0302325 0.0280654 0.0556845 0.0282587 0.0498338 0.0511653 0.0299616 0.0238721 0.0498200 0.0512802 0.0508982 0.0541447 0.0294380 0.0000000 0.0590829 0.0617989 0.0471815 0.0311992 0.0418961 0.0209543 0.0303761 0.0087432 0.0394073 0.0255115 0.0293120 0.0548559 0.0515209 0.0561965 0.0287010 0.0287010 
Didelphidae_Didelphis_virginiana             0.0623986 0.0598193 0.0519404 0.0540131 0.0556384 0.0589821 0.0536185 0.0554249 0.0512296 0.0653212 0.0507948 0.0582112 0.0617281 0.0535566 0.0502792 0.0588780 0.0589924 0.0596825 0.0670144 0.0534982 0.0590829 0.0000000 0.0211392 0.0567169 0.0531134 0.0474215 0.0596433 0.0546590 0.0575774 0.0700274 0.0544787 0.0533224 0.0639540 0.0582192 0.0654060 0.0376003 0.0376003 
Marmosidae_Monodelphis_domestica             0.0683738 0.0637129 0.0545960 0.0552927 0.0563616 0.0592899 0.0563320 0.0554963 0.0533883 0.0623406 0.0535068 0.0588182 0.0626712 0.0555448 0.0500668 0.0592165 0.0589140 0.0630699 0.0648400 0.0564881 0.0617989 0.0211392 0.0000000 0.0561406 0.0543738 0.0519897 0.0631265 0.0550023 0.0585212 0.0701583 0.0566614 0.0553023 0.0639749 0.0581137 0.0622189 0.0287633 0.0287633 
Dasyuridae_Antechinus_stuartii               0.0509491 0.0541590 0.0406986 0.0424519 0.0425691 0.0108463 0.0430694 0.0453382 0.0425765 0.0534553 0.0432314 0.0071359 0.0184299 0.0438281 0.0388679 0.0073487 0.0104962 0.0134249 0.0565668 0.0441113 0.0471815 0.0567169 0.0561406 0.0000000 0.0408179 0.0436088 0.0507672 0.0431262 0.0463279 0.0596674 0.0411971 0.0430939 0.0557755 0.0103864 0.0559359 0.0108257 0.0108257 
Hypsiprymnodontidae_Hypsiprymnodon_moschatus 0.0284456 0.0420889 0.0269232 0.0164840 0.0148208 0.0438627 0.0253595 0.0254292 0.0150245 0.0498065 0.0227329 0.0435799 0.0462580 0.0244379 0.0243150 0.0438397 0.0438634 0.0429884 0.0510979 0.0164591 0.0311992 0.0531134 0.0543738 0.0408179 0.0000000 0.0380108 0.0339961 0.0167712 0.0301740 0.0434053 0.0264541 0.0240865 0.0520214 0.0443939 0.0510100 0.0381591 0.0381591 
Microbiotheriidae_Dromiciops_gliroides       0.0402689 0.0458067 0.0384425 0.0392327 0.0376576 0.0449184 0.0378958 0.0407039 0.0350755 0.0498418 0.0375008 0.0458490 0.0463416 0.0391298 0.0348425 0.0470621 0.0446164 0.0454883 0.0509267 0.0371184 0.0418961 0.0474215 0.0519897 0.0436088 0.0380108 0.0000000 0.0454732 0.0371124 0.0424039 0.0551457 0.0370754 0.0387782 0.0500437 0.0445692 0.0501478 0.0308969 0.0308969 
Pseudochiridae_Petauroides_volans            0.0385618 0.0495749 0.0353544 0.0332603 0.0310182 0.0525304 0.0296268 0.0335209 0.0315351 0.0568854 0.0306807 0.0531549 0.0548360 0.0334769 0.0279988 0.0531724 0.0531406 0.0512535 0.0555909 0.0332598 0.0209543 0.0596433 0.0631265 0.0507672 0.0339961 0.0454732 0.0000000 0.0319677 0.0198467 0.0420855 0.0296627 0.0328471 0.0562241 0.0524483 0.0573056 0.0314190 0.0314190 
Macropodidae_Wallabia_bicolor                0.0292917 0.0413125 0.0308635 0.0119065 0.0105395 0.0453719 0.0245184 0.0253960 0.0098094 0.0493222 0.0226709 0.0441430 0.0469671 0.0258916 0.0252701 0.0444046 0.0448342 0.0443161 0.0527666 0.0044861 0.0303761 0.0546590 0.0550023 0.0431262 0.0167712 0.0371124 0.0319677 0.0000000 0.0282028 0.0420417 0.0276757 0.0250633 0.0501171 0.0459098 0.0499257 0.0299747 0.0299747 
Pseudochiridae_Pseudocheirus_occidentalis    0.0337987 0.0448544 0.0310325 0.0283508 0.0264817 0.0473551 0.0260965 0.0301349 0.0263905 0.0548667 0.0265150 0.0471558 0.0492212 0.0297330 0.0243505 0.0474859 0.0487280 0.0483007 0.0555825 0.0275132 0.0087432 0.0575774 0.0585212 0.0463279 0.0301740 0.0424039 0.0198467 0.0282028 0.0000000 0.0403095 0.0253622 0.0293392 0.0539597 0.0488756 0.0560969 0.0348970 0.0348970 
Tarsipedidae_Tarsipes_rostratus              0.0513394 0.0594436 0.0435146 0.0414588 0.0420426 0.0620752 0.0404817 0.0452519 0.0416668 0.0682640 0.0407677 0.0616082 0.0621761 0.0439816 0.0395610 0.0623503 0.0615487 0.0600370 0.0683658 0.0426679 0.0394073 0.0700274 0.0701583 0.0596674 0.0434053 0.0551457 0.0420855 0.0420417 0.0403095 0.0000000 0.0413340 0.0432925 0.0666865 0.0619715 0.0688469 0.0348863 0.0348863 
Acrobatidae_Distoechurus_pennatus            0.0268036 0.0400370 0.0275130 0.0291496 0.0254878 0.0439256 0.0220982 0.0254572 0.0262369 0.0502224 0.0222383 0.0439817 0.0444100 0.0231725 0.0143108 0.0440208 0.0442443 0.0424056 0.0521705 0.0270273 0.0255115 0.0544787 0.0566614 0.0411971 0.0264541 0.0370754 0.0296627 0.0276757 0.0253622 0.0413340 0.0000000 0.0228413 0.0506187 0.0444574 0.0516948 0.0260389 0.0260389 
Phalangeridae_Phalanger_carmelitae           0.0271135 0.0400534 0.0248659 0.0265217 0.0243953 0.0450038 0.0122681 0.0062250 0.0238987 0.0494894 0.0045373 0.0456467 0.0472130 0.0027551 0.0222906 0.0461795 0.0447078 0.0438067 0.0507627 0.0254514 0.0293120 0.0533224 0.0553023 0.0430939 0.0240865 0.0387782 0.0328471 0.0250633 0.0293392 0.0432925 0.0228413 0.0000000 0.0507340 0.0449646 0.0509845 0.0260625 0.0260625 
Peramelidae_Peroryctes_raffrayana            0.0578430 0.0523235 0.0532452 0.0522555 0.0487970 0.0587301 0.0471526 0.0531711 0.0488897 0.0106187 0.0484232 0.0572722 0.0551309 0.0502393 0.0453190 0.0586756 0.0592529 0.0570795 0.0100222 0.0499607 0.0548559 0.0639540 0.0639749 0.0557755 0.0520214 0.0500437 0.0562241 0.0501171 0.0539597 0.0666865 0.0506187 0.0507340 0.0000000 0.0579485 0.0104922 0.0297019 0.0297019 
Dasyuridae_Dasyurus_geffroii                 0.0555642 0.0563559 0.0439485 0.0457805 0.0453375 0.0036416 0.0467170 0.0469571 0.0446973 0.0539030 0.0435833 0.0112790 0.0180503 0.0451577 0.0423464 0.0112718 0.0038595 0.0148997 0.0583077 0.0469267 0.0515209 0.0582192 0.0581137 0.0103864 0.0443939 0.0445692 0.0524483 0.0459098 0.0488756 0.0619715 0.0444574 0.0449646 0.0579485 0.0000000 0.0570484 0.0102705 0.0102705 
Peramelidae_Perameles_gunnii                 0.0586217 0.0507353 0.0500529 0.0518505 0.0485312 0.0577923 0.0478588 0.0533226 0.0480261 0.0004295 0.0493602 0.0573606 0.0558943 0.0511755 0.0461970 0.0577335 0.0589522 0.0585618 0.0107401 0.0511978 0.0561965 0.0654060 0.0622189 0.0559359 0.0510100 0.0501478 0.0573056 0.0499257 0.0560969 0.0688469 0.0516948 0.0509845 0.0104922 0.0570484 0.0000000 0.0297019 0.0297019 
Myrmecobiidae_Myrmecobius_fasciatus1         9.0000000 0.0389890 0.0335041 0.0319562 0.0309872 0.0113575 0.0271831 0.0330455 0.0331705 0.0297019 0.0321984 0.0117947 0.0139791 0.0274333 0.0249130 0.0087704 0.0118305 0.0145570 0.0371237 0.0309157 0.0287010 0.0376003 0.0287633 0.0108257 0.0381591 0.0308969 0.0314190 0.0299747 0.0348970 0.0348863 0.0260389 0.0260625 0.0297019 0.0102705 0.0297019 0.0000000 0.0000010 
Myrmecobiidae_Myrmecobius_fasciatus2         9.0000000 0.0389890 0.0335041 0.0319562 0.0309872 0.0113575 0.0271831 0.0330455 0.0331705 0.0297019 0.0321984 0.0117947 0.0139791 0.0274333 0.0249130 0.0087704 0.0118305 0.0145570 0.0371237 0.0309157 0.0287010 0.0376003 0.0287633 0.0108257 0.0381591 0.0308969 0.0314190 0.0299747 0.0348970 0.0348863 0.0260389 0.0260625 0.0297019 0.0102705 0.0297019 0.0000010 0.0000000 
