177
I0185_86_Accipitridae_Buteo_jamaicensis                   0.0000000 0.0428743 0.0399365 0.0452782 0.0530094 0.0393503 0.0356720 0.0417497 0.0519335 0.0599190 0.0332051 0.0611053 0.0415725 0.0444955 0.0570459 0.0389412 0.0212777 0.0582296 0.0272474 0.0563068 0.0609798 0.0272298 0.0442171 0.0330207 0.0613299 0.0705708 0.0663214 0.0312948 0.0547162 0.0546714 0.0491378 0.0522359 0.0394517 0.0690562 0.0550728 0.0658365 0.0550058 0.0747935 0.0592877 0.0552235 0.0724581 0.0679851 0.0429880 0.0455622 0.0379146 0.0563061 0.0527910 0.0291634 0.0431985 0.0554038 0.0575734 0.0411403 0.0380954 0.0304226 0.0548758 0.0531243 0.0756906 0.0541029 0.0567414 0.0474235 0.0299496 0.0367192 0.0649334 0.0575610 0.0397147 0.0633884 0.0629188 0.0571428 0.0552964 0.0344962 0.0334900 0.0534390 0.0581759 0.0329609 0.0077890 0.0449844 0.0475199 0.0460734 0.0268267 0.0516203 0.0731510 0.0423489 0.0357585 0.0272164 0.0530629 0.0392381 0.0564375 0.0584086 0.0270972 0.0585357 0.0311747 0.0238072 0.0287557 0.0403215 0.0408135 0.0531631 0.0426909 0.0323566 0.0310796 0.0350475 0.0442167 0.0688728 0.0340470 0.0509926 0.0709638 0.0681274 0.0494932 0.0579162 0.0679134 0.0633156 0.0288595 0.0194485 0.0283830 0.0531055 0.0464622 0.0408862 0.0604119 0.0295904 0.0597478 0.0332057 0.0379093 0.0273379 0.0411581 0.0674403 0.0501651 0.0350949 0.0568245 0.0337099 0.0421195 0.0367122 0.0277579 0.0295982 0.0275136 0.0435080 0.0314547 0.0646889 0.0476921 0.0389692 0.0289934 0.0497004 0.0687581 0.0516918 0.0555983 0.0319117 0.0325051 0.0304238 0.0315159 0.0448095 0.0468886 0.0438562 0.0648069 0.0365818 0.0464101 0.0573063 0.0578239 0.0346784 0.0387768 0.0326630 0.0594728 0.0596180 0.0686731 0.0217349 0.0278709 0.0312034 0.0619893 0.0289909 0.0673290 0.0658470 0.0581985 0.0528535 0.1317755 0.0593768 0.0730206 0.0683908 0.0425142 0.0386225 0.0539776 
I0186_111_Momotidae_Momotus_lessonii                      0.0428743 0.0000000 0.0482296 0.0560975 0.0598513 0.0466595 0.0473993 0.0504919 0.0472359 0.0631302 0.0456655 0.0681193 0.0500921 0.0475461 0.0634070 0.0502239 0.0337386 0.0643748 0.0390806 0.0631518 0.0688925 0.0395730 0.0520308 0.0452664 0.0654440 0.0779695 0.0738330 0.0415905 0.0616119 0.0612415 0.0588224 0.0605943 0.0484233 0.0749443 0.0623511 0.0755751 0.0625721 0.0846346 0.0657084 0.0621751 0.0832374 0.0754814 0.0408152 0.0539888 0.0492068 0.0641595 0.0609178 0.0409262 0.0525066 0.0624191 0.0647683 0.0493425 0.0492010 0.0426871 0.0620723 0.0617007 0.0849311 0.0615932 0.0683066 0.0605724 0.0420723 0.0451797 0.0734577 0.0694582 0.0494633 0.0685351 0.0754024 0.0649216 0.0622464 0.0463816 0.0441589 0.0610827 0.0632738 0.0386965 0.0428441 0.0414392 0.0533112 0.0508893 0.0396680 0.0609539 0.0807519 0.0529000 0.0452595 0.0387902 0.0647297 0.0435001 0.0675865 0.0627091 0.0387675 0.0702819 0.0443429 0.0416006 0.0413991 0.0506631 0.0429664 0.0602071 0.0515111 0.0430640 0.0438750 0.0465949 0.0536467 0.0792451 0.0456535 0.0643673 0.0796485 0.0741042 0.0587233 0.0672672 0.0766707 0.0752958 0.0409759 0.0452608 0.0409763 0.0602366 0.0559509 0.0491728 0.0717859 0.0418807 0.0661627 0.0440209 0.0480347 0.0395911 0.0498940 0.0716789 0.0590592 0.0478416 0.0624073 0.0456692 0.0535987 0.0469939 0.0394518 0.0409229 0.0390451 0.0530941 0.0421299 0.0692846 0.0550961 0.0496536 0.0414332 0.0556493 0.0810539 0.0616435 0.0630538 0.0427273 0.0444050 0.0420590 0.0437507 0.0532284 0.0551741 0.0532526 0.0743491 0.0477363 0.0548622 0.0633968 0.0652933 0.0461302 0.0478513 0.0450729 0.0659966 0.0685822 0.0773165 0.0434900 0.0406038 0.0430440 0.0740928 0.0404287 0.0754971 0.0716615 0.0653474 0.0591834 0.1390152 0.0682565 0.0792632 0.0753442 0.0522007 0.0475704 0.0607077 
I0187_115_Trogonidae_Trogon_elegans                       0.0399365 0.0482296 0.0000000 0.0551540 0.0601222 0.0181242 0.0455360 0.0481369 0.0575951 0.0646472 0.0434942 0.0672953 0.0501559 0.0530850 0.0618699 0.0475418 0.0325008 0.0628142 0.0386413 0.0610343 0.0673598 0.0395494 0.0513480 0.0429942 0.0674111 0.0771860 0.0762502 0.0409308 0.0590836 0.0605263 0.0582596 0.0603230 0.0476392 0.0760963 0.0599820 0.0734724 0.0613354 0.0828634 0.0645509 0.0608482 0.0833744 0.0749415 0.0506077 0.0539195 0.0486250 0.0620246 0.0594591 0.0400880 0.0522998 0.0602103 0.0625720 0.0479956 0.0483814 0.0411775 0.0608567 0.0610459 0.0833482 0.0598793 0.0670940 0.0589580 0.0410482 0.0453120 0.0723409 0.0680200 0.0487236 0.0702722 0.0744597 0.0633160 0.0602220 0.0438605 0.0429080 0.0589419 0.0633529 0.0397611 0.0405192 0.0508676 0.0544789 0.0535905 0.0377052 0.0607400 0.0791697 0.0519208 0.0449053 0.0378462 0.0634592 0.0481962 0.0663026 0.0639951 0.0379332 0.0686592 0.0422182 0.0391232 0.0401878 0.0493973 0.0480994 0.0618559 0.0506154 0.0435918 0.0416018 0.0459701 0.0526131 0.0774001 0.0444949 0.0623788 0.0774089 0.0722759 0.0587500 0.0662528 0.0739363 0.0738052 0.0388237 0.0438088 0.0384868 0.0601200 0.0554332 0.0492803 0.0707872 0.0405479 0.0663762 0.0439509 0.0473101 0.0377127 0.0496931 0.0728411 0.0589639 0.0463012 0.0628163 0.0457992 0.0511328 0.0450410 0.0381016 0.0407956 0.0376443 0.0522428 0.0425477 0.0710494 0.0561765 0.0476513 0.0402783 0.0557473 0.0800386 0.0593746 0.0605446 0.0421911 0.0428059 0.0420715 0.0427372 0.0527003 0.0554190 0.0526089 0.0721876 0.0462040 0.0536271 0.0618566 0.0636342 0.0437470 0.0467927 0.0436882 0.0648518 0.0664789 0.0766318 0.0415754 0.0387864 0.0430262 0.0720811 0.0407902 0.0740481 0.0719682 0.0651941 0.0595000 0.1414255 0.0664152 0.0790553 0.0742087 0.0512861 0.0467962 0.0611210 
I0188_135_Apodidae_Streptoprocne_zonaris                  0.0452782 0.0560975 0.0551540 0.0000000 0.0646777 0.0533614 0.0488506 0.0544592 0.0639335 0.0705458 0.0468344 0.0697871 0.0552154 0.0592016 0.0652770 0.0522343 0.0374867 0.0654116 0.0416598 0.0652676 0.0684393 0.0423526 0.0563893 0.0488505 0.0730757 0.0798258 0.0758697 0.0468873 0.0638409 0.0644191 0.0495096 0.0524549 0.0530156 0.0790415 0.0653286 0.0797503 0.0648419 0.0863450 0.0684579 0.0642689 0.0858999 0.0773159 0.0534811 0.0547206 0.0526533 0.0657936 0.0625576 0.0444201 0.0550533 0.0653115 0.0662797 0.0538942 0.0499672 0.0463285 0.0679134 0.0238604 0.0875167 0.0639084 0.0724746 0.0641198 0.0437823 0.0478676 0.0771445 0.0734170 0.0495387 0.0774620 0.0786836 0.0658145 0.0656404 0.0495239 0.0483626 0.0628184 0.0700478 0.0451471 0.0450186 0.0571199 0.0608224 0.0585107 0.0433402 0.0515155 0.0857946 0.0555388 0.0490341 0.0428031 0.0699048 0.0523248 0.0723719 0.0702715 0.0416329 0.0739699 0.0477319 0.0464575 0.0438507 0.0516079 0.0528955 0.0627638 0.0538855 0.0488598 0.0469624 0.0507512 0.0562589 0.0829392 0.0476899 0.0671811 0.0834663 0.0714042 0.0607568 0.0671317 0.0787312 0.0790642 0.0436163 0.0491436 0.0441262 0.0638449 0.0218722 0.0528392 0.0745971 0.0448203 0.0713234 0.0491995 0.0445307 0.0430846 0.0535545 0.0797422 0.0611386 0.0480397 0.0657445 0.0502067 0.0562913 0.0483029 0.0433819 0.0448201 0.0431008 0.0550430 0.0464238 0.0707379 0.0615713 0.0508125 0.0435687 0.0619337 0.0841738 0.0620394 0.0656349 0.0458976 0.0477142 0.0466744 0.0474228 0.0560587 0.0572164 0.0562435 0.0779516 0.0500837 0.0564703 0.0658188 0.0657589 0.0490541 0.0518385 0.0441982 0.0690418 0.0685259 0.0824545 0.0467541 0.0438648 0.0470910 0.0788608 0.0454179 0.0760725 0.0749832 0.0683081 0.0647598 0.1453296 0.0684425 0.0797810 0.0768824 0.0569904 0.0532735 0.0642638 
I0189_225_Eurylaimidae_Smithornis_rufolateralis           0.0530094 0.0598513 0.0601222 0.0646777 0.0000000 0.0577516 0.0578241 0.0590947 0.0661643 0.0736365 0.0558460 0.0514353 0.0625276 0.0638922 0.0403353 0.0581896 0.0457822 0.0435197 0.0514508 0.0418081 0.0443267 0.0519199 0.0607096 0.0542248 0.0768237 0.0629640 0.0589390 0.0527858 0.0399265 0.0412065 0.0658381 0.0685684 0.0578876 0.0593823 0.0397963 0.0833697 0.0416048 0.0924008 0.0450365 0.0406049 0.0937691 0.0584991 0.0611759 0.0630632 0.0596479 0.0406033 0.0387462 0.0530416 0.0618689 0.0402716 0.0424184 0.0581577 0.0600014 0.0550035 0.0423022 0.0697038 0.0928001 0.0406909 0.0777595 0.0705572 0.0533449 0.0558349 0.0831376 0.0792744 0.0592766 0.0808147 0.0849411 0.0403161 0.0418980 0.0573563 0.0547457 0.0396368 0.0717010 0.0481370 0.0529110 0.0619700 0.0647813 0.0610202 0.0502907 0.0688404 0.0899779 0.0603432 0.0577321 0.0517004 0.0750738 0.0581686 0.0777826 0.0721642 0.0518036 0.0799713 0.0557454 0.0544150 0.0532029 0.0610978 0.0585393 0.0679336 0.0617050 0.0551388 0.0549493 0.0579411 0.0631970 0.0873460 0.0560837 0.0745914 0.0889659 0.0518868 0.0677306 0.0517418 0.0611489 0.0849045 0.0513354 0.0552879 0.0518404 0.0270632 0.0647037 0.0592125 0.0820592 0.0519925 0.0772194 0.0573534 0.0592665 0.0513660 0.0607388 0.0819719 0.0681971 0.0579600 0.0305874 0.0586385 0.0602756 0.0565489 0.0516692 0.0525171 0.0514885 0.0633085 0.0552488 0.0776359 0.0687258 0.0585883 0.0529867 0.0683513 0.0913841 0.0457686 0.0409710 0.0549337 0.0560538 0.0534726 0.0551530 0.0641420 0.0629677 0.0633991 0.0819011 0.0563270 0.0652771 0.0421907 0.0435886 0.0549779 0.0576608 0.0556576 0.0317956 0.0527389 0.0858108 0.0538167 0.0520481 0.0539179 0.0839263 0.0526791 0.0582468 0.0557642 0.0497425 0.0218215 0.1456867 0.0520358 0.0634137 0.0602698 0.0604057 0.0604927 0.0484855 
I0190_295_Trogonidae_Apaloderma_aequatoriale              0.0393503 0.0466595 0.0181242 0.0533614 0.0577516 0.0000000 0.0446535 0.0463849 0.0561131 0.0622718 0.0431115 0.0646345 0.0488851 0.0519629 0.0600343 0.0463243 0.0310178 0.0611076 0.0370789 0.0590503 0.0650766 0.0388867 0.0488011 0.0415221 0.0667335 0.0744439 0.0735858 0.0399197 0.0580564 0.0590239 0.0556914 0.0582338 0.0461844 0.0737322 0.0583176 0.0706697 0.0595293 0.0799159 0.0623756 0.0593029 0.0813381 0.0720782 0.0491432 0.0515401 0.0477303 0.0605700 0.0573642 0.0380454 0.0515228 0.0587590 0.0609475 0.0465581 0.0468583 0.0397903 0.0586869 0.0585640 0.0810133 0.0580212 0.0654970 0.0571100 0.0393986 0.0435080 0.0695345 0.0657997 0.0471203 0.0689782 0.0721764 0.0608802 0.0591045 0.0432237 0.0423097 0.0574589 0.0610491 0.0371480 0.0400077 0.0510661 0.0524180 0.0516950 0.0365711 0.0586791 0.0762854 0.0511298 0.0432051 0.0374886 0.0619898 0.0470545 0.0642207 0.0620239 0.0372902 0.0669570 0.0411578 0.0389255 0.0398024 0.0492505 0.0482819 0.0595063 0.0498011 0.0412630 0.0406042 0.0451346 0.0525962 0.0751398 0.0430348 0.0602815 0.0759575 0.0719036 0.0577548 0.0650767 0.0733062 0.0716241 0.0378561 0.0429991 0.0376333 0.0583197 0.0538586 0.0493152 0.0688396 0.0389736 0.0646493 0.0431741 0.0466595 0.0370364 0.0475614 0.0710854 0.0578572 0.0449950 0.0614012 0.0440702 0.0496886 0.0430321 0.0373661 0.0388238 0.0372587 0.0513620 0.0414911 0.0695473 0.0549247 0.0458026 0.0401351 0.0550624 0.0787809 0.0562433 0.0590819 0.0405648 0.0412722 0.0404709 0.0414060 0.0516459 0.0542192 0.0516733 0.0705170 0.0451222 0.0526599 0.0603578 0.0614791 0.0429047 0.0456598 0.0420191 0.0629345 0.0647406 0.0746204 0.0407406 0.0382814 0.0411030 0.0709552 0.0396069 0.0719531 0.0697566 0.0627253 0.0579687 0.1417591 0.0648977 0.0762179 0.0724062 0.0489997 0.0458047 0.0598365 
I0192_375_Musophagidae_Tauraco_macrorhynchus              0.0356720 0.0473993 0.0455360 0.0488506 0.0578241 0.0446535 0.0000000 0.0450072 0.0544842 0.0630743 0.0201419 0.0639853 0.0475940 0.0501406 0.0602911 0.0444788 0.0281414 0.0607561 0.0333111 0.0589954 0.0651107 0.0334513 0.0467029 0.0370608 0.0663872 0.0746285 0.0721689 0.0377822 0.0577651 0.0586326 0.0519894 0.0547362 0.0434988 0.0721840 0.0593922 0.0693190 0.0594047 0.0784668 0.0616800 0.0584547 0.0764960 0.0718478 0.0484412 0.0490000 0.0443620 0.0601271 0.0564108 0.0334365 0.0489428 0.0587189 0.0610391 0.0441122 0.0427495 0.0348800 0.0583501 0.0552125 0.0787508 0.0565933 0.0607151 0.0513891 0.0345170 0.0392995 0.0677573 0.0613166 0.0438007 0.0687820 0.0688151 0.0611119 0.0592429 0.0393529 0.0390555 0.0569188 0.0635971 0.0373975 0.0363724 0.0487277 0.0530881 0.0510731 0.0333885 0.0548501 0.0765586 0.0469571 0.0403365 0.0314816 0.0581481 0.0467396 0.0597692 0.0626987 0.0302959 0.0622538 0.0370320 0.0362385 0.0344113 0.0436609 0.0474060 0.0561109 0.0452725 0.0385074 0.0370268 0.0403952 0.0503757 0.0729257 0.0387172 0.0557313 0.0746921 0.0711845 0.0530912 0.0631532 0.0720389 0.0691624 0.0333375 0.0402422 0.0328570 0.0576354 0.0504586 0.0464632 0.0665633 0.0350852 0.0631256 0.0386070 0.0420492 0.0319205 0.0443142 0.0714550 0.0548811 0.0414880 0.0599333 0.0401668 0.0469293 0.0408249 0.0321394 0.0342006 0.0316846 0.0476214 0.0364429 0.0692952 0.0532571 0.0427155 0.0342867 0.0537761 0.0750510 0.0569276 0.0591594 0.0372933 0.0362159 0.0375157 0.0380424 0.0482259 0.0509495 0.0484646 0.0683185 0.0421312 0.0491101 0.0607396 0.0607709 0.0396214 0.0428754 0.0379933 0.0638862 0.0643737 0.0735356 0.0388417 0.0338540 0.0380064 0.0680979 0.0362178 0.0718475 0.0699637 0.0617240 0.0578228 0.1349487 0.0643314 0.0749205 0.0729185 0.0477536 0.0443141 0.0580499 
I0193_447_Columbidae_Treron_calvus                        0.0417497 0.0504919 0.0481369 0.0544592 0.0590947 0.0463849 0.0450072 0.0000000 0.0583111 0.0635601 0.0431299 0.0645789 0.0502390 0.0540669 0.0615335 0.0473908 0.0268968 0.0624772 0.0369225 0.0617574 0.0667744 0.0379440 0.0194871 0.0418107 0.0674538 0.0732605 0.0703778 0.0415196 0.0595359 0.0597898 0.0554725 0.0579059 0.0163965 0.0714640 0.0602967 0.0714562 0.0603060 0.0821159 0.0633373 0.0607280 0.0808507 0.0717759 0.0507373 0.0513893 0.0493815 0.0624086 0.0586708 0.0382794 0.0519236 0.0606964 0.0628923 0.0172952 0.0468468 0.0398473 0.0602025 0.0602988 0.0826426 0.0599163 0.0656701 0.0579560 0.0389966 0.0439997 0.0707521 0.0659523 0.0466686 0.0692580 0.0736947 0.0630583 0.0611877 0.0439636 0.0447511 0.0593564 0.0637179 0.0314764 0.0418076 0.0532346 0.0552985 0.0536234 0.0370460 0.0581137 0.0791002 0.0506634 0.0428312 0.0361169 0.0626301 0.0491854 0.0652164 0.0631290 0.0358980 0.0678296 0.0418371 0.0409685 0.0379722 0.0460205 0.0489747 0.0587254 0.0470702 0.0429976 0.0413007 0.0444499 0.0537396 0.0761006 0.0422557 0.0619157 0.0771525 0.0733380 0.0569684 0.0641493 0.0712419 0.0731248 0.0375164 0.0446303 0.0371325 0.0598483 0.0541554 0.0500041 0.0709786 0.0385276 0.0670502 0.0440931 0.0459942 0.0362566 0.0492692 0.0730135 0.0559275 0.0443257 0.0620735 0.0450968 0.0498609 0.0423461 0.0364649 0.0390528 0.0359719 0.0512427 0.0420564 0.0690465 0.0556529 0.0454911 0.0377049 0.0555409 0.0805812 0.0569465 0.0608099 0.0401196 0.0412814 0.0419555 0.0413391 0.0522418 0.0537849 0.0515863 0.0705056 0.0449701 0.0530420 0.0624615 0.0626441 0.0436052 0.0156694 0.0428097 0.0651992 0.0638841 0.0753480 0.0425621 0.0373561 0.0423090 0.0722771 0.0406677 0.0702971 0.0681723 0.0623467 0.0590894 0.1388609 0.0639206 0.0753889 0.0720878 0.0505286 0.0465562 0.0608281 
I0194_495_Alcedinidae_Alcedo_quadribrachys                0.0519335 0.0472359 0.0575951 0.0639335 0.0661643 0.0561131 0.0544842 0.0583111 0.0000000 0.0680158 0.0547087 0.0723002 0.0586013 0.0568346 0.0680107 0.0592302 0.0440676 0.0699559 0.0494088 0.0689752 0.0720975 0.0513137 0.0598153 0.0548284 0.0705344 0.0797264 0.0780789 0.0524091 0.0671969 0.0674483 0.0671791 0.0684379 0.0570654 0.0781001 0.0669919 0.0808890 0.0674850 0.0895940 0.0719670 0.0675953 0.0975062 0.0770411 0.0501003 0.0640245 0.0594134 0.0686500 0.0666412 0.0514364 0.0609275 0.0680750 0.0694680 0.0579733 0.0588930 0.0535601 0.0672700 0.0699645 0.0901299 0.0669710 0.0772854 0.0698301 0.0522734 0.0536953 0.0805146 0.0775164 0.0582450 0.0708748 0.0843294 0.0688231 0.0676056 0.0561552 0.0561573 0.0664968 0.0666012 0.0457644 0.0522346 0.0374143 0.0611388 0.0576021 0.0499226 0.0686644 0.0867577 0.0616519 0.0554838 0.0509251 0.0741970 0.0508956 0.0759968 0.0664357 0.0503987 0.0794939 0.0537794 0.0523073 0.0518053 0.0600206 0.0510804 0.0675117 0.0612186 0.0528990 0.0531652 0.0563930 0.0619270 0.0841618 0.0555947 0.0724302 0.0844796 0.0789504 0.0672827 0.0708117 0.0778869 0.0845575 0.0520587 0.0543985 0.0518582 0.0662979 0.0646882 0.0584676 0.0804174 0.0515350 0.0742242 0.0542330 0.0571579 0.0513625 0.0616202 0.0747573 0.0684784 0.0555227 0.0705446 0.0572022 0.0613401 0.0558704 0.0509358 0.0513194 0.0510047 0.0613235 0.0534035 0.0748460 0.0640872 0.0588417 0.0519056 0.0646134 0.0878126 0.0654192 0.0686210 0.0523969 0.0546624 0.0526368 0.0534726 0.0627397 0.0645618 0.0610463 0.0809191 0.0564253 0.0630000 0.0687589 0.0700838 0.0553100 0.0573270 0.0555780 0.0716849 0.0725788 0.0826361 0.0526454 0.0511254 0.0526028 0.0831581 0.0517948 0.0761957 0.0756865 0.0710967 0.0663614 0.1476793 0.0719199 0.0820325 0.0781830 0.0609974 0.0558740 0.0675978 
I0195_522_Ramphastidae_Buccanodon_duchaillui              0.0599190 0.0631302 0.0646472 0.0705458 0.0736365 0.0622718 0.0630743 0.0635601 0.0680158 0.0000000 0.0599213 0.0805530 0.0652429 0.0658511 0.0754871 0.0639782 0.0498259 0.0762071 0.0556231 0.0749815 0.0808002 0.0563652 0.0649739 0.0588563 0.0424552 0.0889085 0.0854727 0.0570839 0.0740643 0.0731253 0.0707241 0.0728592 0.0628708 0.0872417 0.0746889 0.0876056 0.0746796 0.0955029 0.0773636 0.0741733 0.0994094 0.0853414 0.0642343 0.0682678 0.0642250 0.0765386 0.0730122 0.0574200 0.0685799 0.0730957 0.0779316 0.0637400 0.0644285 0.0593863 0.0729149 0.0774372 0.0971966 0.0727803 0.0821450 0.0738728 0.0584048 0.0596213 0.0860694 0.0822594 0.0639779 0.0445599 0.0905084 0.0764688 0.0747916 0.0613068 0.0613854 0.0723561 0.0272059 0.0496111 0.0602109 0.0631060 0.0652417 0.0627979 0.0558559 0.0727540 0.0937870 0.0676159 0.0619783 0.0566105 0.0793579 0.0621471 0.0818371 0.0251497 0.0559517 0.0833570 0.0591114 0.0581901 0.0571989 0.0654472 0.0601198 0.0726504 0.0667652 0.0601073 0.0584065 0.0626582 0.0697432 0.0910810 0.0615060 0.0760959 0.0915640 0.0868944 0.0728033 0.0772774 0.0873857 0.0906462 0.0566917 0.0614192 0.0570544 0.0705618 0.0704273 0.0653386 0.0867986 0.0573996 0.0798857 0.0610749 0.0629887 0.0550473 0.0664181 0.0343320 0.0722873 0.0621879 0.0749722 0.0630591 0.0669113 0.0600923 0.0560022 0.0577689 0.0561927 0.0687724 0.0602200 0.0830506 0.0701588 0.0632415 0.0573264 0.0709310 0.0963262 0.0718839 0.0735501 0.0592353 0.0600932 0.0587235 0.0598166 0.0700797 0.0697676 0.0692569 0.0870024 0.0627690 0.0689179 0.0773799 0.0766341 0.0603448 0.0626245 0.0591117 0.0765773 0.0798289 0.0893453 0.0596290 0.0565830 0.0593680 0.0895633 0.0570384 0.0840574 0.0843424 0.0774671 0.0728380 0.1554137 0.0793575 0.0902094 0.0860315 0.0667433 0.0620617 0.0746769 
I0196_523_Musophagidae_Corythaeola_cristata               0.0332051 0.0456655 0.0434942 0.0468344 0.0558460 0.0431115 0.0201419 0.0431299 0.0547087 0.0599213 0.0000000 0.0638523 0.0450579 0.0485312 0.0589627 0.0415562 0.0255592 0.0608334 0.0302016 0.0583939 0.0639230 0.0305055 0.0455927 0.0359017 0.0635127 0.0731970 0.0710684 0.0352740 0.0566905 0.0576879 0.0516284 0.0538661 0.0421018 0.0718449 0.0579062 0.0674086 0.0586598 0.0781817 0.0617747 0.0567476 0.0760062 0.0708109 0.0460183 0.0472804 0.0417981 0.0595167 0.0552203 0.0324473 0.0459373 0.0577454 0.0609000 0.0424189 0.0397585 0.0333115 0.0581261 0.0542229 0.0786103 0.0564447 0.0583407 0.0501036 0.0326736 0.0374265 0.0674566 0.0599556 0.0412623 0.0654996 0.0669984 0.0596637 0.0579158 0.0373081 0.0372954 0.0561657 0.0607612 0.0364962 0.0335630 0.0470168 0.0513431 0.0487019 0.0302525 0.0542559 0.0748430 0.0452252 0.0375487 0.0298033 0.0563076 0.0446447 0.0579834 0.0603549 0.0298274 0.0609118 0.0348444 0.0332579 0.0315400 0.0418407 0.0447138 0.0545945 0.0425775 0.0373798 0.0348419 0.0374750 0.0476304 0.0714192 0.0366842 0.0534262 0.0729342 0.0714060 0.0519413 0.0613478 0.0716801 0.0671424 0.0311112 0.0369270 0.0306595 0.0567284 0.0490530 0.0446168 0.0645604 0.0324607 0.0624708 0.0360601 0.0395729 0.0299663 0.0426323 0.0690377 0.0518193 0.0378859 0.0596780 0.0378885 0.0451546 0.0383861 0.0299636 0.0321370 0.0300286 0.0457990 0.0344397 0.0655455 0.0504463 0.0402073 0.0318909 0.0513123 0.0723838 0.0557589 0.0582116 0.0346941 0.0350466 0.0350753 0.0355744 0.0458941 0.0473207 0.0468321 0.0662760 0.0400157 0.0482251 0.0597066 0.0610255 0.0371585 0.0410316 0.0356682 0.0629288 0.0642814 0.0713048 0.0358472 0.0313050 0.0360926 0.0654079 0.0338949 0.0713262 0.0687793 0.0616037 0.0562214 0.1323901 0.0638914 0.0753273 0.0725960 0.0456050 0.0417912 0.0571100 
I0197_832_Corvidae_Corvus_albus                           0.0611053 0.0681193 0.0672953 0.0697871 0.0514353 0.0646345 0.0639853 0.0645789 0.0723002 0.0805530 0.0638523 0.0000000 0.0688285 0.0695632 0.0503602 0.0648804 0.0519190 0.0505050 0.0583359 0.0503207 0.0543836 0.0591537 0.0675519 0.0622093 0.0820443 0.0344132 0.0314376 0.0600256 0.0502112 0.0492944 0.0739708 0.0776509 0.0647380 0.0313410 0.0496553 0.0900131 0.0508048 0.0973831 0.0519710 0.0489094 0.1002358 0.0302205 0.0675658 0.0719511 0.0659232 0.0499738 0.0483430 0.0589666 0.0696026 0.0496026 0.0503666 0.0647852 0.0666651 0.0613659 0.0524696 0.0748803 0.0989771 0.0483150 0.0843931 0.0791398 0.0606558 0.0638143 0.0909699 0.0845055 0.0661398 0.0851605 0.0930280 0.0502095 0.0496874 0.0639947 0.0619524 0.0484905 0.0770637 0.0556256 0.0615668 0.0680494 0.0736522 0.0685945 0.0583141 0.0768639 0.0958281 0.0670588 0.0628050 0.0589082 0.0813248 0.0667415 0.0837928 0.0779344 0.0566687 0.0858087 0.0621538 0.0602140 0.0602242 0.0664561 0.0646136 0.0732764 0.0674669 0.0627923 0.0617596 0.0648194 0.0718882 0.0936995 0.0638700 0.0836572 0.0938607 0.0583865 0.0738139 0.0360805 0.0361955 0.0930987 0.0598727 0.0642467 0.0597900 0.0525629 0.0698020 0.0686730 0.0889035 0.0592161 0.0831275 0.0632006 0.0649154 0.0588150 0.0678914 0.0884011 0.0752420 0.0656709 0.0527779 0.0652492 0.0667009 0.0618023 0.0588984 0.0597997 0.0593118 0.0701050 0.0616166 0.0813578 0.0745718 0.0646565 0.0602750 0.0749994 0.0989382 0.0337547 0.0500458 0.0614454 0.0620992 0.0615537 0.0630623 0.0725348 0.0716100 0.0700379 0.0895123 0.0629385 0.0706389 0.0511829 0.0502939 0.0613266 0.0646162 0.0632123 0.0540768 0.0353061 0.0925449 0.0631789 0.0597544 0.0615165 0.0924380 0.0607349 0.0302258 0.0275283 0.0132993 0.0503642 0.1514370 0.0351357 0.0352963 0.0332961 0.0696492 0.0661106 0.0567384 
I0198_937_Bucerotidae_Tockus_camurus                      0.0415725 0.0500921 0.0501559 0.0552154 0.0625276 0.0488851 0.0475940 0.0502390 0.0586013 0.0652429 0.0450579 0.0688285 0.0000000 0.0552663 0.0630352 0.0504894 0.0328405 0.0658036 0.0399940 0.0637440 0.0696101 0.0406261 0.0525282 0.0444557 0.0689034 0.0771288 0.0761308 0.0423645 0.0622053 0.0629414 0.0578357 0.0605497 0.0491659 0.0763677 0.0631211 0.0778742 0.0624460 0.0868684 0.0660070 0.0630569 0.0849515 0.0748097 0.0517484 0.0537226 0.0501553 0.0638790 0.0606323 0.0419051 0.0535886 0.0627726 0.0655997 0.0499810 0.0498200 0.0436977 0.0626299 0.0621755 0.0869038 0.0622630 0.0695755 0.0603796 0.0419464 0.0463279 0.0764091 0.0712052 0.0494754 0.0701772 0.0754003 0.0646514 0.0637118 0.0462776 0.0453470 0.0606729 0.0635094 0.0404300 0.0411640 0.0524684 0.0556844 0.0536140 0.0404988 0.0608579 0.0837517 0.0526825 0.0462883 0.0407461 0.0668189 0.0490106 0.0691524 0.0645763 0.0395123 0.0719548 0.0437257 0.0417402 0.0418675 0.0502643 0.0494383 0.0605674 0.0516300 0.0438504 0.0424766 0.0466998 0.0544725 0.0802848 0.0452417 0.0640649 0.0829450 0.0766826 0.0590895 0.0682323 0.0777746 0.0760706 0.0398806 0.0454838 0.0406001 0.0603152 0.0552314 0.0516204 0.0735008 0.0419106 0.0631482 0.0457616 0.0471545 0.0401412 0.0516009 0.0731284 0.0585466 0.0477437 0.0644723 0.0464564 0.0541680 0.0467808 0.0397037 0.0421266 0.0397761 0.0540252 0.0442644 0.0715364 0.0576427 0.0497293 0.0420722 0.0585492 0.0820913 0.0605307 0.0629159 0.0436931 0.0447438 0.0427167 0.0444392 0.0528932 0.0550226 0.0540631 0.0770962 0.0481092 0.0559428 0.0645639 0.0657336 0.0465728 0.0488950 0.0440346 0.0669885 0.0693618 0.0809369 0.0427567 0.0404248 0.0429225 0.0757569 0.0410780 0.0755181 0.0741119 0.0668560 0.0612260 0.1405277 0.0688674 0.0807184 0.0755638 0.0517959 0.0207253 0.0621410 
I0199_955_Meropidae_Merops_muelleri                       0.0444955 0.0475461 0.0530850 0.0592016 0.0638922 0.0519629 0.0501406 0.0540669 0.0568346 0.0658511 0.0485312 0.0695632 0.0552663 0.0000000 0.0656830 0.0507167 0.0373878 0.0660715 0.0434770 0.0648043 0.0704140 0.0430270 0.0566740 0.0467669 0.0668676 0.0792756 0.0762844 0.0467964 0.0638767 0.0645873 0.0617346 0.0639982 0.0530574 0.0784177 0.0642705 0.0765237 0.0654863 0.0865984 0.0681429 0.0648233 0.0856104 0.0768463 0.0492865 0.0583450 0.0533342 0.0671650 0.0630158 0.0443383 0.0566585 0.0659102 0.0671646 0.0536431 0.0528992 0.0470320 0.0645200 0.0655268 0.0868603 0.0634155 0.0697189 0.0616883 0.0455494 0.0490154 0.0764960 0.0696815 0.0528050 0.0688831 0.0779163 0.0672591 0.0647118 0.0496410 0.0488137 0.0626932 0.0645421 0.0428498 0.0445737 0.0500217 0.0574409 0.0556718 0.0425684 0.0646855 0.0838541 0.0550348 0.0500022 0.0433057 0.0664049 0.0460804 0.0692026 0.0647046 0.0411456 0.0717298 0.0466046 0.0451807 0.0444275 0.0554502 0.0441114 0.0621728 0.0566808 0.0473356 0.0456974 0.0511077 0.0586422 0.0806481 0.0497850 0.0661182 0.0817821 0.0772330 0.0607561 0.0666738 0.0756639 0.0783132 0.0432154 0.0489635 0.0437284 0.0631524 0.0595802 0.0550000 0.0758944 0.0458855 0.0700081 0.0481786 0.0512886 0.0427861 0.0535627 0.0726192 0.0622370 0.0504587 0.0667456 0.0493513 0.0553365 0.0498557 0.0431210 0.0436376 0.0425103 0.0573227 0.0460629 0.0735420 0.0602493 0.0523053 0.0442343 0.0600575 0.0843829 0.0621051 0.0665325 0.0477152 0.0473508 0.0461290 0.0471865 0.0578389 0.0589401 0.0576158 0.0755881 0.0494620 0.0572534 0.0668960 0.0662109 0.0468690 0.0519971 0.0462677 0.0694625 0.0694749 0.0802562 0.0468574 0.0438123 0.0454667 0.0780111 0.0448720 0.0749310 0.0742068 0.0672179 0.0627226 0.1416067 0.0685743 0.0819397 0.0763223 0.0555756 0.0515229 0.0666283 
I0200_988_Furnariidae_Furnarius_rufus                     0.0570459 0.0634070 0.0618699 0.0652770 0.0403353 0.0600343 0.0602911 0.0615335 0.0680107 0.0754871 0.0589627 0.0503602 0.0630352 0.0656830 0.0000000 0.0591060 0.0482704 0.0359693 0.0547141 0.0347363 0.0328502 0.0543029 0.0625668 0.0567608 0.0794114 0.0596596 0.0556959 0.0545585 0.0354789 0.0351407 0.0674154 0.0695978 0.0602624 0.0574430 0.0170070 0.0841914 0.0357247 0.0921599 0.0379826 0.0336895 0.0938034 0.0548419 0.0635128 0.0648560 0.0607833 0.0314403 0.0336035 0.0552333 0.0645052 0.0338809 0.0151098 0.0608308 0.0627654 0.0571745 0.0369378 0.0696469 0.0931804 0.0338670 0.0787205 0.0735164 0.0557075 0.0584447 0.0846876 0.0784640 0.0615977 0.0829887 0.0869108 0.0319617 0.0357699 0.0589898 0.0585338 0.0337611 0.0748718 0.0499255 0.0565246 0.0648059 0.0664704 0.0626388 0.0540111 0.0691754 0.0904157 0.0615901 0.0597913 0.0540180 0.0766839 0.0613513 0.0785621 0.0740132 0.0532663 0.0807036 0.0576127 0.0560746 0.0553241 0.0632282 0.0600835 0.0677358 0.0640900 0.0570713 0.0561569 0.0599854 0.0642820 0.0881019 0.0589930 0.0769262 0.0898915 0.0383744 0.0689880 0.0502565 0.0588752 0.0873114 0.0543326 0.0588631 0.0545451 0.0405404 0.0653970 0.0620084 0.0850976 0.0566241 0.0782219 0.0587714 0.0596547 0.0539666 0.0624339 0.0848027 0.0690245 0.0603435 0.0443283 0.0615819 0.0618137 0.0587947 0.0544819 0.0555187 0.0539965 0.0654506 0.0571974 0.0771830 0.0695803 0.0605391 0.0553184 0.0694870 0.0946289 0.0451405 0.0352176 0.0583159 0.0585466 0.0564784 0.0579403 0.0656758 0.0650168 0.0654752 0.0828605 0.0585618 0.0662500 0.0302437 0.0353026 0.0571216 0.0600387 0.0582957 0.0434501 0.0507934 0.0881424 0.0566100 0.0552403 0.0560720 0.0870400 0.0552366 0.0545951 0.0531346 0.0482572 0.0400048 0.1514044 0.0502413 0.0598589 0.0578221 0.0622946 0.0615587 0.0503373 
I0201_999_Scolopacidae_Tringa_solitaria                   0.0389412 0.0502239 0.0475418 0.0522343 0.0581896 0.0463243 0.0444788 0.0473908 0.0592302 0.0639782 0.0415562 0.0648804 0.0504894 0.0507167 0.0591060 0.0000000 0.0308647 0.0612685 0.0356236 0.0594826 0.0645788 0.0360136 0.0506542 0.0346892 0.0667398 0.0750848 0.0712194 0.0393679 0.0591393 0.0592203 0.0558489 0.0588811 0.0457843 0.0723236 0.0584976 0.0726697 0.0607696 0.0835584 0.0632705 0.0598109 0.0775765 0.0721371 0.0505995 0.0520480 0.0467594 0.0614260 0.0576415 0.0372311 0.0511604 0.0596951 0.0611302 0.0468781 0.0453183 0.0380079 0.0593966 0.0603830 0.0828693 0.0573855 0.0653727 0.0557460 0.0381233 0.0438983 0.0711533 0.0656374 0.0448302 0.0686089 0.0712138 0.0607773 0.0604022 0.0425013 0.0417765 0.0578633 0.0644320 0.0398043 0.0390329 0.0510037 0.0548639 0.0542853 0.0346978 0.0589013 0.0805746 0.0328992 0.0435117 0.0347428 0.0616251 0.0469561 0.0642899 0.0649345 0.0340445 0.0662857 0.0344905 0.0381476 0.0375339 0.0473311 0.0467468 0.0580313 0.0489948 0.0418788 0.0341373 0.0426443 0.0518226 0.0762850 0.0415482 0.0584038 0.0783627 0.0716757 0.0545899 0.0637536 0.0735906 0.0711945 0.0362327 0.0423965 0.0364212 0.0582513 0.0533899 0.0484480 0.0687809 0.0372441 0.0654676 0.0330808 0.0446753 0.0351520 0.0471881 0.0709694 0.0567291 0.0433320 0.0601215 0.0346510 0.0317449 0.0421542 0.0357068 0.0366427 0.0350786 0.0502388 0.0314832 0.0625593 0.0554512 0.0443896 0.0374620 0.0563628 0.0765422 0.0573582 0.0599362 0.0389946 0.0396199 0.0400613 0.0401619 0.0521999 0.0536660 0.0505900 0.0722536 0.0145323 0.0511784 0.0608896 0.0615179 0.0158382 0.0458516 0.0419769 0.0630762 0.0639215 0.0762970 0.0408291 0.0369071 0.0412640 0.0710536 0.0384892 0.0722556 0.0695745 0.0619454 0.0572304 0.1395397 0.0636198 0.0773921 0.0739449 0.0325242 0.0469430 0.0591457 
I0202_1066_Cathartidae_Cathartes_burrovianus              0.0212777 0.0337386 0.0325008 0.0374867 0.0457822 0.0310178 0.0281414 0.0268968 0.0440676 0.0498259 0.0255592 0.0519190 0.0328405 0.0373878 0.0482704 0.0308647 0.0000000 0.0492784 0.0191942 0.0467374 0.0523715 0.0199122 0.0319428 0.0239055 0.0528080 0.0620038 0.0590993 0.0227097 0.0450110 0.0462278 0.0414195 0.0444042 0.0283495 0.0601140 0.0470096 0.0578368 0.0462876 0.0677978 0.0496597 0.0460885 0.0640105 0.0591662 0.0348177 0.0371838 0.0300369 0.0484771 0.0441643 0.0222503 0.0340207 0.0469063 0.0487612 0.0291953 0.0299157 0.0232241 0.0465922 0.0452358 0.0687022 0.0457490 0.0491779 0.0401116 0.0219929 0.0282166 0.0568508 0.0496100 0.0312236 0.0545015 0.0549719 0.0491720 0.0465657 0.0265730 0.0254849 0.0446307 0.0492683 0.0255986 0.0217785 0.0368587 0.0395099 0.0384384 0.0191645 0.0443885 0.0655855 0.0345454 0.0279121 0.0184159 0.0463986 0.0317202 0.0477244 0.0492889 0.0182023 0.0502820 0.0235462 0.0208586 0.0209792 0.0319470 0.0322049 0.0447874 0.0326788 0.0254396 0.0232799 0.0272686 0.0350845 0.0619579 0.0256369 0.0437341 0.0638482 0.0602889 0.0415491 0.0499415 0.0600729 0.0552241 0.0202552 0.0252120 0.0207060 0.0449290 0.0384322 0.0328732 0.0529126 0.0220321 0.0511999 0.0259322 0.0308578 0.0191532 0.0324324 0.0570763 0.0417234 0.0280217 0.0484327 0.0269758 0.0342377 0.0278736 0.0192226 0.0220946 0.0190740 0.0350476 0.0240058 0.0550546 0.0388005 0.0296104 0.0203676 0.0398080 0.0619246 0.0430726 0.0469258 0.0234790 0.0255865 0.0229784 0.0242001 0.0361440 0.0385583 0.0356002 0.0570636 0.0291114 0.0370636 0.0481679 0.0492194 0.0269099 0.0277350 0.0246316 0.0513689 0.0518013 0.0616550 0.0232652 0.0202969 0.0236147 0.0553380 0.0219607 0.0585890 0.0562821 0.0495822 0.0451501 0.1230267 0.0517296 0.0644963 0.0604213 0.0349274 0.0299064 0.0446278 
I0203_1087_Tyrannidae_Hymenops_perspicillatus             0.0582296 0.0643748 0.0628142 0.0654116 0.0435197 0.0611076 0.0607561 0.0624772 0.0699559 0.0762071 0.0608334 0.0505050 0.0658036 0.0660715 0.0359693 0.0612685 0.0492784 0.0000000 0.0567650 0.0124770 0.0411839 0.0567476 0.0640291 0.0587915 0.0792920 0.0594743 0.0563354 0.0569764 0.0234160 0.0224501 0.0701560 0.0725230 0.0611133 0.0579970 0.0354272 0.0865179 0.0216066 0.0946299 0.0213911 0.0228513 0.0947098 0.0552527 0.0661413 0.0678520 0.0636306 0.0373024 0.0216284 0.0560048 0.0662335 0.0226839 0.0373535 0.0610332 0.0645630 0.0582171 0.0138711 0.0695755 0.0941873 0.0214622 0.0803722 0.0754417 0.0580990 0.0608701 0.0873199 0.0799752 0.0628816 0.0826813 0.0907530 0.0368264 0.0228275 0.0622157 0.0597099 0.0208852 0.0750751 0.0525800 0.0581257 0.0657357 0.0688562 0.0665394 0.0551338 0.0723727 0.0938855 0.0654968 0.0608444 0.0557686 0.0781340 0.0646686 0.0802855 0.0746299 0.0540002 0.0825821 0.0592834 0.0579203 0.0574494 0.0652740 0.0621555 0.0713271 0.0661349 0.0581817 0.0578962 0.0612343 0.0678255 0.0907833 0.0614891 0.0791315 0.0920387 0.0429876 0.0710269 0.0491235 0.0569844 0.0911123 0.0556520 0.0623228 0.0562877 0.0436756 0.0665690 0.0642764 0.0887855 0.0572309 0.0792160 0.0610642 0.0625206 0.0551906 0.0649231 0.0840615 0.0726286 0.0628048 0.0445426 0.0627236 0.0646958 0.0594510 0.0549115 0.0564244 0.0554681 0.0683646 0.0590789 0.0805791 0.0704729 0.0625208 0.0570012 0.0711390 0.0973925 0.0446310 0.0236349 0.0598416 0.0589824 0.0583931 0.0602850 0.0692117 0.0674936 0.0679800 0.0858360 0.0599976 0.0697585 0.0360272 0.0119951 0.0591739 0.0614852 0.0598379 0.0455412 0.0478180 0.0902902 0.0598475 0.0561370 0.0586141 0.0887298 0.0577430 0.0557498 0.0544352 0.0485295 0.0425224 0.1517712 0.0475992 0.0610052 0.0562712 0.0657245 0.0622526 0.0528145 
I0204_1174_Threskiornithidae_Harpiprion_caerulescens      0.0272474 0.0390806 0.0386413 0.0416598 0.0514508 0.0370789 0.0333111 0.0369225 0.0494088 0.0556231 0.0302016 0.0583359 0.0399940 0.0434770 0.0547141 0.0356236 0.0191942 0.0567650 0.0000000 0.0547126 0.0591719 0.0217908 0.0401652 0.0295480 0.0595352 0.0688722 0.0654663 0.0291436 0.0523808 0.0532090 0.0461044 0.0489697 0.0358705 0.0672920 0.0530882 0.0625690 0.0533153 0.0732157 0.0571774 0.0532851 0.0643307 0.0663211 0.0407227 0.0409817 0.0367734 0.0554851 0.0513199 0.0228615 0.0407803 0.0538380 0.0550582 0.0372034 0.0344486 0.0238706 0.0529321 0.0492195 0.0735625 0.0526959 0.0534451 0.0451127 0.0241014 0.0328873 0.0621640 0.0553070 0.0355933 0.0615140 0.0604225 0.0553652 0.0539636 0.0313172 0.0324483 0.0517970 0.0554923 0.0290988 0.0278879 0.0423668 0.0451942 0.0436536 0.0200737 0.0495834 0.0684819 0.0392112 0.0324748 0.0223075 0.0502775 0.0382436 0.0530682 0.0559828 0.0222188 0.0549074 0.0282352 0.0272150 0.0232256 0.0362995 0.0392623 0.0494608 0.0378016 0.0313221 0.0281076 0.0315333 0.0410311 0.0663273 0.0279647 0.0482853 0.0678224 0.0658644 0.0466412 0.0572799 0.0677161 0.0608889 0.0217823 0.0314408 0.0227123 0.0502469 0.0425616 0.0386592 0.0584263 0.0232163 0.0567717 0.0305823 0.0349173 0.0216218 0.0376928 0.0647476 0.0459526 0.0320842 0.0550720 0.0316444 0.0394927 0.0329064 0.0214487 0.0259598 0.0214022 0.0396008 0.0287499 0.0613628 0.0459220 0.0356124 0.0240336 0.0458055 0.0674873 0.0501060 0.0537705 0.0242846 0.0260157 0.0294144 0.0285945 0.0405221 0.0435953 0.0405089 0.0612135 0.0338619 0.0414260 0.0562684 0.0562119 0.0312665 0.0349803 0.0297648 0.0575058 0.0583689 0.0663410 0.0294157 0.0223981 0.0301950 0.0601034 0.0280863 0.0658633 0.0623031 0.0563775 0.0514077 0.1298500 0.0581485 0.0714368 0.0674290 0.0397726 0.0365627 0.0511086 
I0205_1183_Tyrannidae_Hirundinea_ferruginea               0.0563068 0.0631518 0.0610343 0.0652676 0.0418081 0.0590503 0.0589954 0.0617574 0.0689752 0.0749815 0.0583939 0.0503207 0.0637440 0.0648043 0.0347363 0.0594826 0.0467374 0.0124770 0.0547126 0.0000000 0.0403504 0.0544432 0.0633899 0.0571779 0.0780020 0.0586483 0.0562907 0.0550892 0.0211375 0.0209489 0.0685847 0.0707035 0.0602884 0.0570973 0.0341671 0.0859711 0.0197482 0.0929592 0.0200154 0.0208832 0.0939483 0.0542891 0.0647470 0.0660520 0.0616774 0.0360947 0.0196568 0.0538571 0.0644547 0.0203459 0.0365166 0.0604262 0.0628084 0.0560128 0.0154857 0.0698232 0.0932633 0.0198745 0.0806761 0.0740579 0.0569047 0.0589483 0.0860972 0.0803207 0.0616518 0.0821067 0.0890056 0.0357849 0.0209865 0.0601901 0.0575649 0.0184162 0.0742466 0.0509323 0.0559738 0.0646713 0.0673141 0.0642012 0.0532976 0.0706734 0.0928476 0.0636964 0.0592364 0.0539894 0.0774172 0.0625473 0.0796351 0.0735523 0.0522151 0.0828383 0.0575236 0.0557022 0.0554167 0.0630707 0.0615437 0.0698562 0.0637867 0.0560633 0.0563101 0.0593882 0.0656496 0.0906192 0.0595855 0.0775846 0.0906721 0.0438309 0.0702935 0.0492239 0.0570233 0.0892673 0.0540440 0.0602326 0.0544744 0.0421571 0.0663467 0.0626680 0.0866106 0.0556112 0.0794228 0.0584492 0.0603430 0.0531056 0.0629236 0.0823944 0.0705666 0.0610360 0.0431379 0.0599665 0.0636529 0.0580371 0.0533483 0.0552308 0.0537068 0.0673745 0.0565895 0.0808037 0.0688719 0.0604863 0.0552873 0.0701706 0.0950546 0.0443371 0.0213104 0.0575553 0.0569919 0.0559063 0.0577992 0.0675397 0.0652652 0.0665632 0.0853104 0.0586381 0.0684448 0.0349842 0.0130319 0.0579962 0.0606979 0.0577239 0.0446032 0.0488934 0.0889111 0.0579622 0.0541225 0.0561224 0.0872757 0.0554944 0.0544307 0.0538801 0.0482128 0.0404875 0.1515052 0.0485951 0.0604220 0.0558426 0.0638653 0.0608196 0.0509588 
I0207_1193_Thamnophilidae_Thamnophilus_ruficapillus       0.0609798 0.0688925 0.0673598 0.0684393 0.0443267 0.0650766 0.0651107 0.0667744 0.0720975 0.0808002 0.0639230 0.0543836 0.0696101 0.0704140 0.0328502 0.0645788 0.0523715 0.0411839 0.0591719 0.0403504 0.0000000 0.0600422 0.0676344 0.0623501 0.0835378 0.0626706 0.0604392 0.0606277 0.0401350 0.0401160 0.0714134 0.0741136 0.0651340 0.0599974 0.0326618 0.0889335 0.0398398 0.0977500 0.0438973 0.0392765 0.0997354 0.0586104 0.0685266 0.0693895 0.0660799 0.0160515 0.0382652 0.0601608 0.0687233 0.0389388 0.0332298 0.0654997 0.0675909 0.0617776 0.0427165 0.0742038 0.0983877 0.0382285 0.0852689 0.0788638 0.0607358 0.0643777 0.0889818 0.0853463 0.0663346 0.0879148 0.0921579 0.0153079 0.0408051 0.0646820 0.0627785 0.0386155 0.0782837 0.0544644 0.0606781 0.0690634 0.0705023 0.0673133 0.0585686 0.0734306 0.0961803 0.0679963 0.0642680 0.0594605 0.0810986 0.0663351 0.0841123 0.0789974 0.0585187 0.0865992 0.0625213 0.0605933 0.0608472 0.0671510 0.0646484 0.0729808 0.0682151 0.0620284 0.0613618 0.0653693 0.0694418 0.0936710 0.0638549 0.0828816 0.0947306 0.0400077 0.0741436 0.0529242 0.0616261 0.0929806 0.0586927 0.0631173 0.0601546 0.0449622 0.0694740 0.0666787 0.0899253 0.0603333 0.0830002 0.0640956 0.0652417 0.0590333 0.0666048 0.0898277 0.0750783 0.0647931 0.0458113 0.0671848 0.0675898 0.0620928 0.0591340 0.0603408 0.0591528 0.0706891 0.0621770 0.0832189 0.0740091 0.0642772 0.0607346 0.0746005 0.0984470 0.0485832 0.0399999 0.0617943 0.0630256 0.0608347 0.0634243 0.0707295 0.0707786 0.0705689 0.0878922 0.0636693 0.0715652 0.0345195 0.0394869 0.0614777 0.0655289 0.0624839 0.0473693 0.0532273 0.0926981 0.0614076 0.0590158 0.0613575 0.0914366 0.0604185 0.0571356 0.0571615 0.0518002 0.0427931 0.1555314 0.0526706 0.0623278 0.0613876 0.0682690 0.0658319 0.0549795 
