35
Burramyidae_Burramys_parvus                  0.0000000 0.0576211 0.0458090 0.0479637 0.0480351 0.0764825 0.0438490 0.0413085 0.0472605 0.0943488 0.0358573 0.0715860 0.0721541 0.0431067 0.0647378 0.0709373 0.0752529 0.0697514 0.0953024 0.0506124 0.0597953 0.0794581 0.0958582 0.0727627 0.0562505 0.0549144 0.0583594 0.0448717 0.0622491 0.0734144 0.0565894 0.0432468 0.0868685 0.0788822 0.0915471 
Notoryctidae_Notoryctes_typhlops             0.0576211 0.0000000 0.0636190 0.0680772 0.0662609 0.0750276 0.0670429 0.0648392 0.0651451 0.0829131 0.0590612 0.0701756 0.0711463 0.0651609 0.0694302 0.0709628 0.0727900 0.0704047 0.0836219 0.0694383 0.0767004 0.0822074 0.0903375 0.0726542 0.0717751 0.0634568 0.0757933 0.0633842 0.0742874 0.0897635 0.0736404 0.0651204 0.0810239 0.0755005 0.0812842 
Vombatidae_Lasiorhinus_latifrons             0.0458090 0.0636190 0.0000000 0.0460618 0.0454654 0.0752843 0.0484102 0.0449426 0.0453504 0.0937161 0.0405089 0.0728815 0.0702602 0.0466746 0.0660497 0.0725758 0.0741041 0.0699471 0.0914183 0.0479129 0.0620210 0.0875674 0.0995213 0.0718767 0.0548346 0.0547953 0.0589856 0.0434862 0.0638166 0.0698700 0.0562830 0.0475839 0.0890238 0.0767084 0.0903352 
Potoroidae_Bettongia_penicillata             0.0479637 0.0680772 0.0460618 0.0000000 0.0043011 0.0826163 0.0472232 0.0467963 0.0110414 0.0983970 0.0403568 0.0763580 0.0781392 0.0502011 0.0687477 0.0777828 0.0807507 0.0768303 0.0985003 0.0264469 0.0606564 0.0880485 0.1030466 0.0767875 0.0463948 0.0643559 0.0579080 0.0220855 0.0613261 0.0699747 0.0579002 0.0504889 0.0945620 0.0822603 0.0965864 
Potoroidae_Bettongia_lesueur                 0.0480351 0.0662609 0.0454654 0.0043011 0.0000000 0.0819241 0.0462570 0.0451244 0.0110408 0.0964151 0.0386723 0.0756691 0.0760424 0.0485675 0.0680989 0.0763815 0.0793304 0.0753439 0.0965056 0.0255430 0.0603400 0.0871075 0.1031001 0.0764553 0.0465375 0.0647769 0.0569258 0.0211832 0.0620561 0.0685990 0.0579357 0.0488197 0.0934533 0.0815685 0.0946112 
Dasyuridae_Dasyurus_maculatus                0.0764825 0.0750276 0.0752843 0.0826163 0.0819241 0.0000000 0.0823781 0.0808111 0.0819812 0.1113946 0.0713549 0.0220767 0.0276707 0.0807364 0.0966719 0.0214658 0.0089634 0.0278723 0.1118164 0.0826092 0.0933408 0.0992205 0.1048523 0.0236285 0.0911042 0.0693745 0.0917228 0.0773015 0.0938268 0.1026304 0.0885604 0.0830228 0.1054001 0.0063149 0.1092382 
Phalangeridae_Trichosurus_vulpecula          0.0438490 0.0670429 0.0484102 0.0472232 0.0462570 0.0823781 0.0000000 0.0232519 0.0458427 0.1003512 0.0209679 0.0790085 0.0799269 0.0269330 0.0660332 0.0790468 0.0807653 0.0767140 0.1049165 0.0497666 0.0621294 0.0803768 0.1061680 0.0795080 0.0564649 0.0653595 0.0588987 0.0436811 0.0629623 0.0703919 0.0582125 0.0286373 0.0972327 0.0816049 0.0988547 
Phalangeridae_Spilocuscus_maculatus          0.0413085 0.0648392 0.0449426 0.0467963 0.0451244 0.0808111 0.0232519 0.0000000 0.0450409 0.0930358 0.0117407 0.0760590 0.0755041 0.0132366 0.0652361 0.0761089 0.0795385 0.0735397 0.0961619 0.0493064 0.0578308 0.0854481 0.1018380 0.0762170 0.0506888 0.0625835 0.0530941 0.0430848 0.0581927 0.0695771 0.0563321 0.0147490 0.0887461 0.0806726 0.0920873 
Potoroidae_Aepyprymnus_rufescens             0.0472605 0.0651451 0.0453504 0.0110414 0.0110408 0.0819812 0.0458427 0.0450409 0.0000000 0.0946342 0.0378888 0.0762888 0.0767649 0.0471210 0.0679083 0.0777780 0.0820739 0.0760039 0.0931757 0.0245908 0.0600777 0.0856730 0.0976338 0.0774829 0.0453549 0.0652033 0.0583594 0.0202520 0.0610971 0.0707775 0.0575036 0.0480035 0.0915146 0.0816335 0.0929026 
Peramelidae_Perameles_nasuta                 0.0943488 0.0829131 0.0937161 0.0983970 0.0964151 0.1113946 0.1003512 0.0930358 0.0946342 0.0000000 0.0858857 0.1102298 0.1095329 0.0940855 0.1092166 0.1099482 0.1071644 0.1134068 0.0353796 0.1018185 0.1028660 0.1022834 0.1214039 0.1075078 0.1112069 0.0920481 0.0973798 0.0939163 0.1073715 0.1122829 0.1003278 0.0953540 0.0279298 0.1128466 0.0021630 
Phalangeridae_Strigocuscus_pelengensis       0.0358573 0.0590612 0.0405089 0.0403568 0.0386723 0.0713549 0.0209679 0.0117407 0.0378888 0.0858857 0.0000000 0.0671550 0.0671494 0.0145349 0.0462242 0.0675424 0.0692283 0.0636640 0.0859391 0.0433362 0.0530164 0.0718187 0.0864813 0.0679377 0.0447126 0.0585328 0.0509301 0.0381145 0.0492882 0.0626292 0.0497725 0.0162825 0.0857941 0.0716598 0.0844073 
Dasyuridae_Phascogale_tapoatafa              0.0715860 0.0701756 0.0728815 0.0763580 0.0756691 0.0220767 0.0790085 0.0760590 0.0762888 0.1102298 0.0671550 0.0000000 0.0258333 0.0778550 0.0960253 0.0042927 0.0202777 0.0253313 0.1072767 0.0787467 0.0893524 0.0914977 0.1025802 0.0107293 0.0899442 0.0685729 0.0892734 0.0734730 0.0903272 0.1007738 0.0866739 0.0785717 0.1012567 0.0238913 0.1070436 
Dasyuridae_Sminthopsis_macroura              0.0721541 0.0711463 0.0702602 0.0781392 0.0760424 0.0276707 0.0799269 0.0755041 0.0767649 0.1095329 0.0671494 0.0258333 0.0000000 0.0773652 0.0915650 0.0255583 0.0249011 0.0227524 0.1080869 0.0788391 0.0902650 0.0943578 0.1047462 0.0280528 0.0889230 0.0661888 0.0888965 0.0742777 0.0903269 0.1003189 0.0844738 0.0777138 0.1001424 0.0282618 0.1063627 
Phalangeridae_Phalanger_orientalis           0.0431067 0.0651609 0.0466746 0.0502011 0.0485675 0.0807364 0.0269330 0.0132366 0.0471210 0.0940855 0.0145349 0.0778550 0.0773652 0.0000000 0.0646705 0.0779051 0.0802226 0.0761166 0.1004024 0.0515917 0.0604245 0.0878340 0.1028108 0.0783255 0.0550046 0.0668185 0.0572543 0.0454905 0.0601293 0.0685269 0.0576660 0.0077263 0.0920084 0.0820897 0.0942352 
Acrobatidae_Acrobates_pygmaeus               0.0647378 0.0694302 0.0660497 0.0687477 0.0680989 0.0966719 0.0660332 0.0652361 0.0679083 0.1092166 0.0462242 0.0960253 0.0915650 0.0646705 0.0000000 0.0972803 0.0964056 0.0905880 0.1154447 0.0698661 0.0585858 0.1063904 0.1221447 0.0950297 0.0699452 0.0767011 0.0547479 0.0647149 0.0551488 0.0687273 0.0380205 0.0683367 0.1034502 0.0975092 0.1077627 
Dasyuridae_Phascogale_calura                 0.0709373 0.0709628 0.0725758 0.0777828 0.0763815 0.0214658 0.0790468 0.0761089 0.0777780 0.1099482 0.0675424 0.0042927 0.0255583 0.0779051 0.0972803 0.0000000 0.0196835 0.0250274 0.1069966 0.0795171 0.0914943 0.0925087 0.1030224 0.0104263 0.0896376 0.0689294 0.0899534 0.0742290 0.0921393 0.1003839 0.0878362 0.0786234 0.1014396 0.0232774 0.1067595 
Dasyuridae_Sarcophilus_harrisii              0.0752529 0.0727900 0.0741041 0.0807507 0.0793304 0.0089634 0.0807653 0.0795385 0.0820739 0.1071644 0.0692283 0.0202777 0.0249011 0.0802226 0.0964056 0.0196835 0.0000000 0.0249684 0.1092603 0.0817578 0.0916875 0.0938914 0.1031206 0.0227393 0.0898814 0.0680135 0.0918594 0.0768091 0.0927306 0.1028430 0.0884453 0.0824964 0.1032401 0.0107235 0.1051329 
Dasyuridae_Planigale_tenuirostris            0.0697514 0.0704047 0.0699471 0.0768303 0.0753439 0.0278723 0.0767140 0.0735397 0.0760039 0.1134068 0.0636640 0.0253313 0.0227524 0.0761166 0.0905880 0.0250274 0.0249684 0.0000000 0.1100354 0.0777848 0.0891813 0.0916480 0.1035413 0.0256443 0.0870870 0.0692835 0.0885658 0.0717344 0.0878821 0.0997033 0.0838910 0.0773601 0.1029106 0.0282386 0.1096693 
Peramelidae_Echymipera_kalubu                0.0953024 0.0836219 0.0914183 0.0985003 0.0965056 0.1118164 0.1049165 0.0961619 0.0931757 0.0353796 0.0859391 0.1072767 0.1080869 0.1004024 0.1154447 0.1069966 0.1092603 0.1100354 0.0000000 0.1015740 0.1011294 0.1087071 0.1178084 0.1072863 0.1094214 0.0861179 0.0971131 0.0942277 0.1061606 0.1135266 0.1022488 0.1000084 0.0296074 0.1128093 0.0335213 
Macropodidae_Dorcopsulus_vanheurni           0.0506124 0.0694383 0.0479129 0.0264469 0.0255430 0.0826092 0.0497666 0.0493064 0.0245908 0.1018185 0.0433362 0.0787467 0.0788391 0.0515917 0.0698661 0.0795171 0.0817578 0.0777848 0.1015740 0.0000000 0.0602052 0.0932937 0.1040961 0.0798970 0.0425027 0.0678545 0.0592212 0.0080833 0.0597468 0.0707121 0.0618301 0.0512520 0.0960517 0.0822534 0.0983168 
Pseudochiridae_Pseudochirulus_forbesi        0.0597953 0.0767004 0.0620210 0.0606564 0.0603400 0.0933408 0.0621294 0.0578308 0.0600777 0.1028660 0.0530164 0.0893524 0.0902650 0.0604245 0.0585858 0.0914943 0.0916875 0.0891813 0.1011294 0.0602052 0.0000000 0.1083730 0.1163202 0.0881113 0.0678854 0.0743809 0.0328149 0.0549689 0.0206982 0.0573545 0.0520037 0.0611573 0.0966763 0.0941179 0.1008576 
Didelphidae_Didelphis_virginiana             0.0794581 0.0822074 0.0875674 0.0880485 0.0871075 0.0992205 0.0803768 0.0854481 0.0856730 0.1022834 0.0718187 0.0914977 0.0943578 0.0878340 0.1063904 0.0925087 0.0938914 0.0916480 0.1087071 0.0932937 0.1083730 0.0000000 0.0476099 0.0914916 0.1061738 0.0748738 0.1044411 0.0873284 0.1069764 0.1126512 0.0993378 0.0881609 0.0948449 0.0992036 0.0991043 
Marmosidae_Monodelphis_domestica             0.0958582 0.0903375 0.0995213 0.1030466 0.1031001 0.1048523 0.1061680 0.1018380 0.0976338 0.1214039 0.0864813 0.1025802 0.1047462 0.1028108 0.1221447 0.1030224 0.1031206 0.1035413 0.1178084 0.1040961 0.1163202 0.0476099 0.0000000 0.1012555 0.1135977 0.0818756 0.1208767 0.1010459 0.1204855 0.1282219 0.1160951 0.1036600 0.1166938 0.1065533 0.1190718 
Dasyuridae_Antechinus_stuartii               0.0727627 0.0726542 0.0718767 0.0767875 0.0764553 0.0236285 0.0795080 0.0762170 0.0774829 0.1075078 0.0679377 0.0107293 0.0280528 0.0783255 0.0950297 0.0104263 0.0227393 0.0256443 0.1072863 0.0798970 0.0881113 0.0914916 0.1012555 0.0000000 0.0908669 0.0686359 0.0892975 0.0739204 0.0893950 0.0987879 0.0850005 0.0790812 0.0995113 0.0245475 0.1052313 
Hypsiprymnodontidae_Hypsiprymnodon_moschatus 0.0562505 0.0717751 0.0548346 0.0463948 0.0465375 0.0911042 0.0564649 0.0506888 0.0453549 0.1112069 0.0447126 0.0899442 0.0889230 0.0550046 0.0699452 0.0896376 0.0898814 0.0870870 0.1094214 0.0425027 0.0678854 0.1061738 0.1135977 0.0908669 0.0000000 0.0756916 0.0650531 0.0406986 0.0691751 0.0820736 0.0667142 0.0554449 0.1011847 0.0892012 0.1107315 
Microbiotheriidae_Dromiciops_gliroides       0.0549144 0.0634568 0.0547953 0.0643559 0.0647769 0.0693745 0.0653595 0.0625835 0.0652033 0.0920481 0.0585328 0.0685729 0.0661888 0.0668185 0.0767011 0.0689294 0.0680135 0.0692835 0.0861179 0.0678545 0.0743809 0.0748738 0.0818756 0.0686359 0.0756916 0.0000000 0.0757829 0.0634255 0.0735398 0.0872067 0.0684570 0.0677012 0.0835905 0.0703123 0.0896502 
Pseudochiridae_Petauroides_volans            0.0583594 0.0757933 0.0589856 0.0579080 0.0569258 0.0917228 0.0588987 0.0530941 0.0583594 0.0973798 0.0509301 0.0892734 0.0888965 0.0572543 0.0547479 0.0899534 0.0918594 0.0885658 0.0971131 0.0592212 0.0328149 0.1044411 0.1208767 0.0892975 0.0650531 0.0757829 0.0000000 0.0522976 0.0337947 0.0575857 0.0489915 0.0578690 0.0889785 0.0930670 0.0949007 
Macropodidae_Wallabia_bicolor                0.0448717 0.0633842 0.0434862 0.0220855 0.0211832 0.0773015 0.0436811 0.0430848 0.0202520 0.0939163 0.0381145 0.0734730 0.0742777 0.0454905 0.0647149 0.0742290 0.0768091 0.0717344 0.0942277 0.0080833 0.0549689 0.0873284 0.1010459 0.0739204 0.0406986 0.0634255 0.0522976 0.0000000 0.0564957 0.0654027 0.0555194 0.0450063 0.0896309 0.0776669 0.0910404 
Pseudochiridae_Pseudocheirus_occidentalis    0.0622491 0.0742874 0.0638166 0.0613261 0.0620561 0.0938268 0.0629623 0.0581927 0.0610971 0.1073715 0.0492882 0.0903272 0.0903269 0.0601293 0.0551488 0.0921393 0.0927306 0.0878821 0.1061606 0.0597468 0.0206982 0.1069764 0.1204855 0.0893950 0.0691751 0.0735398 0.0337947 0.0564957 0.0000000 0.0610731 0.0529173 0.0608644 0.1011959 0.0949182 0.1061752 
Tarsipedidae_Tarsipes_rostratus              0.0734144 0.0897635 0.0698700 0.0699747 0.0685990 0.1026304 0.0703919 0.0695771 0.0707775 0.1122829 0.0626292 0.1007738 0.1003189 0.0685269 0.0687273 0.1003839 0.1028430 0.0997033 0.1135266 0.0707121 0.0573545 0.1126512 0.1282219 0.0987879 0.0820736 0.0872067 0.0575857 0.0654027 0.0610731 0.0000000 0.0619627 0.0708537 0.1064062 0.1026724 0.1102140 
Acrobatidae_Distoechurus_pennatus            0.0565894 0.0736404 0.0562830 0.0579002 0.0579357 0.0885604 0.0582125 0.0563321 0.0575036 0.1003278 0.0497725 0.0866739 0.0844738 0.0576660 0.0380205 0.0878362 0.0884453 0.0838910 0.1022488 0.0618301 0.0520037 0.0993378 0.1160951 0.0850005 0.0667142 0.0684570 0.0489915 0.0555194 0.0529173 0.0619627 0.0000000 0.0614381 0.0957456 0.0874984 0.0979631 
Phalangeridae_Phalanger_carmelitae           0.0432468 0.0651204 0.0475839 0.0504889 0.0488197 0.0830228 0.0286373 0.0147490 0.0480035 0.0953540 0.0162825 0.0785717 0.0777138 0.0077263 0.0683367 0.0786234 0.0824964 0.0773601 0.1000084 0.0512520 0.0611573 0.0881609 0.1036600 0.0790812 0.0554449 0.0677012 0.0578690 0.0450063 0.0608644 0.0708537 0.0614381 0.0000000 0.0921819 0.0840346 0.0954909 
Peramelidae_Peroryctes_raffrayana            0.0868685 0.0810239 0.0890238 0.0945620 0.0934533 0.1054001 0.0972327 0.0887461 0.0915146 0.0279298 0.0857941 0.1012567 0.1001424 0.0920084 0.1034502 0.1014396 0.1032401 0.1029106 0.0296074 0.0960517 0.0966763 0.0948449 0.1166938 0.0995113 0.1011847 0.0835905 0.0889785 0.0896309 0.1011959 0.1064062 0.0957456 0.0921819 0.0000000 0.1092790 0.0268489 
Dasyuridae_Dasyurus_geffroii                 0.0788822 0.0755005 0.0767084 0.0822603 0.0815685 0.0063149 0.0816049 0.0806726 0.0816335 0.1128466 0.0716598 0.0238913 0.0282618 0.0820897 0.0975092 0.0232774 0.0107235 0.0282386 0.1128093 0.0822534 0.0941179 0.0992036 0.1065533 0.0245475 0.0892012 0.0703123 0.0930670 0.0776669 0.0949182 0.1026724 0.0874984 0.0840346 0.1092790 0.0000000 0.1106703 
Peramelidae_Perameles_gunnii                 0.0915471 0.0812842 0.0903352 0.0965864 0.0946112 0.1092382 0.0988547 0.0920873 0.0929026 0.0021630 0.0844073 0.1070436 0.1063627 0.0942352 0.1077627 0.1067595 0.1051329 0.1096693 0.0335213 0.0983168 0.1008576 0.0991043 0.1190718 0.1052313 0.1107315 0.0896502 0.0949007 0.0910404 0.1061752 0.1102140 0.0979631 0.0954909 0.0268489 0.1106703 0.0000000 
