35
Burramyidae_Burramys_parvus                  0.0000000 0.0247497 0.0145837 0.0132712 0.0130105 0.0372505 0.0108769 0.0076362 0.0136903 0.0190882 0.0080217 0.0259668 0.0272453 0.0080883 0.0148503 0.0263954 0.0238974 0.0241608 0.0189332 0.0236010 0.0120995 0.0412735 0.0348109 0.0261257 0.0096869 0.0204937 0.0122514 0.0132835 0.0207087 0.0264747 0.0135018 0.0077372 0.0198322 0.0246960 0.0205315 
Notoryctidae_Notoryctes_typhlops             0.0247497 0.0000000 0.0256603 0.0364244 0.0347204 0.0528777 0.0371075 0.0251167 0.0354894 0.0228943 0.0255729 0.0389267 0.0385355 0.0265646 0.0400653 0.0389239 0.0348090 0.0354999 0.0226408 0.0610508 0.0306456 0.0566877 0.0473741 0.0360534 0.0284057 0.0286297 0.0307701 0.0386262 0.0514776 0.0592908 0.0319068 0.0258987 0.0272561 0.0348047 0.0246898 
Vombatidae_Lasiorhinus_latifrons             0.0145837 0.0256603 0.0000000 0.0196147 0.0181987 0.0453165 0.0214043 0.0136798 0.0192027 0.0167986 0.0135555 0.0286304 0.0293855 0.0149949 0.0245496 0.0290600 0.0261261 0.0281383 0.0173499 0.0402514 0.0181306 0.0367385 0.0318992 0.0291340 0.0142796 0.0198650 0.0176443 0.0204524 0.0367836 0.0405786 0.0209340 0.0141869 0.0198481 0.0266743 0.0184882 
Potoroidae_Bettongia_penicillata             0.0132712 0.0364244 0.0196147 0.0000000 0.0006094 0.0487288 0.0209519 0.0136314 0.0024938 0.0229753 0.0133476 0.0378508 0.0382660 0.0144451 0.0226083 0.0382988 0.0345411 0.0362965 0.0233771 0.0096024 0.0188340 0.0497533 0.0447482 0.0351122 0.0079086 0.0327956 0.0166256 0.0055123 0.0374545 0.0387054 0.0191205 0.0142711 0.0267042 0.0348791 0.0251384 
Potoroidae_Bettongia_lesueur                 0.0130105 0.0347204 0.0181987 0.0006094 0.0000000 0.0504062 0.0207330 0.0130892 0.0023448 0.0214815 0.0132081 0.0388169 0.0392295 0.0138650 0.0211671 0.0392650 0.0351158 0.0363472 0.0218706 0.0092079 0.0178709 0.0484009 0.0450130 0.0367964 0.0073332 0.0311198 0.0156066 0.0051820 0.0363770 0.0370069 0.0185176 0.0136994 0.0248926 0.0354601 0.0241603 
Dasyuridae_Dasyurus_maculatus                0.0372505 0.0528777 0.0453165 0.0487288 0.0504062 0.0000000 0.0383105 0.0388823 0.0503984 0.0369028 0.0386527 0.0043740 0.0054185 0.0422474 0.0581825 0.0040287 0.0011995 0.0052191 0.0385514 0.0555055 0.0481201 0.0710857 0.0688421 0.0031624 0.0423459 0.0438047 0.0475529 0.0526728 0.0517476 0.0726046 0.0508100 0.0400030 0.0447216 0.0007046 0.0408077 
Phalangeridae_Trichosurus_vulpecula          0.0108769 0.0371075 0.0214043 0.0209519 0.0207330 0.0383105 0.0000000 0.0036288 0.0204411 0.0272433 0.0039805 0.0381997 0.0414324 0.0040460 0.0239244 0.0389384 0.0379003 0.0371098 0.0281165 0.0271623 0.0209615 0.0556777 0.0452322 0.0376261 0.0158958 0.0322011 0.0174082 0.0220459 0.0202622 0.0400530 0.0208815 0.0036319 0.0343619 0.0374529 0.0302057 
Phalangeridae_Spilocuscus_maculatus          0.0076362 0.0251167 0.0136798 0.0136314 0.0130892 0.0388823 0.0036288 0.0000000 0.0140634 0.0178428 0.0016253 0.0271706 0.0289248 0.0016225 0.0150421 0.0272986 0.0247357 0.0251807 0.0180100 0.0261276 0.0128785 0.0391841 0.0307069 0.0260489 0.0105392 0.0183001 0.0116326 0.0130846 0.0207341 0.0271831 0.0137785 0.0013925 0.0204351 0.0249655 0.0194288 
Potoroidae_Aepyprymnus_rufescens             0.0136903 0.0354894 0.0192027 0.0024938 0.0023448 0.0503984 0.0204411 0.0140634 0.0000000 0.0247299 0.0137738 0.0369537 0.0396627 0.0152400 0.0224374 0.0366630 0.0351339 0.0364593 0.0262963 0.0105660 0.0184605 0.0529408 0.0458483 0.0372035 0.0076210 0.0325547 0.0173844 0.0058937 0.0359874 0.0397457 0.0175166 0.0147336 0.0319423 0.0362310 0.0267492 
Peramelidae_Perameles_nasuta                 0.0190882 0.0228943 0.0167986 0.0229753 0.0214815 0.0369028 0.0272433 0.0178428 0.0247299 0.0000000 0.0158788 0.0263441 0.0250350 0.0182373 0.0270829 0.0264898 0.0207314 0.0214490 0.0017743 0.0454718 0.0190986 0.0343245 0.0244676 0.0230475 0.0188183 0.0174111 0.0175202 0.0226280 0.0402914 0.0475768 0.0228320 0.0177322 0.0026074 0.0215190 0.0001227 
Phalangeridae_Strigocuscus_pelengensis       0.0080217 0.0255729 0.0135555 0.0133476 0.0132081 0.0386527 0.0039805 0.0016253 0.0137738 0.0158788 0.0000000 0.0260737 0.0274725 0.0016283 0.0140868 0.0261736 0.0227916 0.0248712 0.0164337 0.0299706 0.0130145 0.0386910 0.0273074 0.0246284 0.0101872 0.0182997 0.0116009 0.0130685 0.0231529 0.0284573 0.0134820 0.0013975 0.0188489 0.0232764 0.0172554 
Dasyuridae_Phascogale_tapoatafa              0.0259668 0.0389267 0.0286304 0.0378508 0.0388169 0.0043740 0.0381997 0.0271706 0.0369537 0.0263441 0.0260737 0.0000000 0.0047336 0.0294109 0.0368785 0.0009508 0.0031220 0.0044346 0.0253615 0.0570918 0.0356048 0.0558438 0.0546526 0.0017693 0.0302731 0.0292593 0.0346397 0.0395048 0.0557204 0.0618557 0.0340021 0.0276997 0.0297249 0.0031145 0.0276103 
Dasyuridae_Sminthopsis_macroura              0.0272453 0.0385355 0.0293855 0.0382660 0.0392295 0.0054185 0.0414324 0.0289248 0.0396627 0.0250350 0.0274725 0.0047336 0.0000000 0.0322786 0.0376637 0.0045996 0.0039532 0.0034060 0.0237986 0.0598654 0.0348967 0.0567902 0.0505696 0.0041292 0.0307140 0.0293683 0.0346342 0.0406033 0.0573186 0.0615816 0.0354756 0.0298079 0.0273842 0.0040603 0.0265858 
Phalangeridae_Phalanger_orientalis           0.0080883 0.0265646 0.0149949 0.0144451 0.0138650 0.0422474 0.0040460 0.0016225 0.0152400 0.0182373 0.0016283 0.0294109 0.0322786 0.0000000 0.0152971 0.0298633 0.0264979 0.0276435 0.0186467 0.0270835 0.0142379 0.0422264 0.0302940 0.0285545 0.0108026 0.0199750 0.0123191 0.0140196 0.0235588 0.0291160 0.0143038 0.0004434 0.0192522 0.0273850 0.0193365 
Acrobatidae_Acrobates_pygmaeus               0.0148503 0.0400653 0.0245496 0.0226083 0.0211671 0.0581825 0.0239244 0.0150421 0.0224374 0.0270829 0.0140868 0.0368785 0.0376637 0.0152971 0.0000000 0.0381246 0.0385669 0.0342397 0.0274733 0.0434801 0.0139411 0.0547578 0.0471632 0.0391014 0.0164350 0.0322134 0.0146344 0.0210037 0.0344319 0.0362733 0.0073293 0.0142953 0.0319433 0.0373539 0.0296947 
Dasyuridae_Phascogale_calura                 0.0263954 0.0389239 0.0290600 0.0382988 0.0392650 0.0040287 0.0389384 0.0272986 0.0366630 0.0264898 0.0261736 0.0009508 0.0045996 0.0298633 0.0381246 0.0000000 0.0029565 0.0042400 0.0258565 0.0564358 0.0345750 0.0545783 0.0538322 0.0016263 0.0307252 0.0283435 0.0350281 0.0395208 0.0565127 0.0596857 0.0348248 0.0281433 0.0298618 0.0029495 0.0281336 
Dasyuridae_Sarcophilus_harrisii              0.0238974 0.0348090 0.0261261 0.0345411 0.0351158 0.0011995 0.0379003 0.0247357 0.0351339 0.0207314 0.0227916 0.0031220 0.0039532 0.0264979 0.0385669 0.0029565 0.0000000 0.0037158 0.0197808 0.0536129 0.0323514 0.0532690 0.0499487 0.0024490 0.0263607 0.0269642 0.0324833 0.0353704 0.0517341 0.0566096 0.0322739 0.0249211 0.0226083 0.0009064 0.0220314 
Dasyuridae_Planigale_tenuirostris            0.0241608 0.0354999 0.0281383 0.0362965 0.0363472 0.0052191 0.0371098 0.0251807 0.0364593 0.0214490 0.0248712 0.0044346 0.0034060 0.0276435 0.0342397 0.0042400 0.0037158 0.0000000 0.0201132 0.0595384 0.0310313 0.0538144 0.0469532 0.0038244 0.0274896 0.0277485 0.0309109 0.0384961 0.0527615 0.0568381 0.0332692 0.0253841 0.0226158 0.0038237 0.0224918 
Peramelidae_Echymipera_kalubu                0.0189332 0.0226408 0.0173499 0.0233771 0.0218706 0.0385514 0.0281165 0.0180100 0.0262963 0.0017743 0.0164337 0.0253615 0.0237986 0.0186467 0.0274733 0.0258565 0.0197808 0.0201132 0.0000000 0.0503738 0.0199593 0.0337973 0.0282659 0.0225437 0.0189185 0.0177537 0.0176216 0.0237042 0.0429277 0.0465991 0.0228598 0.0178922 0.0024956 0.0207850 0.0017716 
Macropodidae_Dorcopsulus_vanheurni           0.0236010 0.0610508 0.0402514 0.0096024 0.0092079 0.0555055 0.0271623 0.0261276 0.0105660 0.0454718 0.0299706 0.0570918 0.0598654 0.0270835 0.0434801 0.0564358 0.0536129 0.0595384 0.0503738 0.0000000 0.0319298 0.0738127 0.0696181 0.0555963 0.0139744 0.0565262 0.0309628 0.0033035 0.0365083 0.0580897 0.0353384 0.0273880 0.0551225 0.0558206 0.0498203 
Pseudochiridae_Pseudochirulus_forbesi        0.0120995 0.0306456 0.0181306 0.0188340 0.0178709 0.0481201 0.0209615 0.0128785 0.0184605 0.0190986 0.0130145 0.0356048 0.0348967 0.0142379 0.0139411 0.0345750 0.0323514 0.0310313 0.0199593 0.0319298 0.0000000 0.0465255 0.0387072 0.0336565 0.0135705 0.0241268 0.0075266 0.0151860 0.0073763 0.0245216 0.0133437 0.0134804 0.0228384 0.0315940 0.0205356 
Didelphidae_Didelphis_virginiana             0.0412735 0.0566877 0.0367385 0.0497533 0.0484009 0.0710857 0.0556777 0.0391841 0.0529408 0.0343245 0.0386910 0.0558438 0.0567902 0.0422264 0.0547578 0.0545783 0.0532690 0.0538144 0.0337973 0.0738127 0.0465255 0.0000000 0.0087352 0.0557762 0.0422182 0.0380805 0.0439400 0.0540464 0.0711865 0.0726050 0.0520792 0.0402325 0.0371115 0.0531751 0.0386153 
Marmosidae_Monodelphis_domestica             0.0348109 0.0473741 0.0318992 0.0447482 0.0450130 0.0688421 0.0452322 0.0307069 0.0458483 0.0244676 0.0273074 0.0546526 0.0505696 0.0302940 0.0471632 0.0538322 0.0499487 0.0469532 0.0282659 0.0696181 0.0387072 0.0087352 0.0000000 0.0534077 0.0375143 0.0301411 0.0327030 0.0463480 0.0609962 0.0680160 0.0438951 0.0292171 0.0291447 0.0511175 0.0267730 
Dasyuridae_Antechinus_stuartii               0.0261257 0.0360534 0.0291340 0.0351122 0.0367964 0.0031624 0.0376261 0.0260489 0.0372035 0.0230475 0.0246284 0.0017693 0.0041292 0.0285545 0.0391014 0.0016263 0.0024490 0.0038244 0.0225437 0.0555963 0.0336565 0.0557762 0.0534077 0.0000000 0.0298064 0.0263831 0.0337511 0.0397258 0.0542112 0.0605287 0.0361175 0.0269073 0.0259232 0.0024437 0.0245056 
Hypsiprymnodontidae_Hypsiprymnodon_moschatus 0.0096869 0.0284057 0.0142796 0.0079086 0.0073332 0.0423459 0.0158958 0.0105392 0.0076210 0.0188183 0.0101872 0.0302731 0.0307140 0.0108026 0.0164350 0.0307252 0.0263607 0.0274896 0.0189185 0.0139744 0.0135705 0.0422182 0.0375143 0.0298064 0.0000000 0.0218175 0.0130730 0.0078150 0.0276634 0.0303828 0.0153328 0.0102353 0.0215398 0.0266159 0.0207875 
Microbiotheriidae_Dromiciops_gliroides       0.0204937 0.0286297 0.0198650 0.0327956 0.0311198 0.0438047 0.0322011 0.0183001 0.0325547 0.0174111 0.0182997 0.0292593 0.0293683 0.0199750 0.0322134 0.0283435 0.0269642 0.0277485 0.0177537 0.0565262 0.0241268 0.0380805 0.0301411 0.0263831 0.0218175 0.0000000 0.0205930 0.0317149 0.0465405 0.0529122 0.0277062 0.0188443 0.0215365 0.0269142 0.0187094 
Pseudochiridae_Petauroides_volans            0.0122514 0.0307701 0.0176443 0.0166256 0.0156066 0.0475529 0.0174082 0.0116326 0.0173844 0.0175202 0.0116009 0.0346397 0.0346342 0.0123191 0.0146344 0.0350281 0.0324833 0.0309109 0.0176216 0.0309628 0.0075266 0.0439400 0.0327030 0.0337511 0.0130730 0.0205930 0.0000000 0.0152576 0.0121258 0.0251977 0.0136603 0.0120454 0.0205164 0.0324448 0.0187923 
Macropodidae_Wallabia_bicolor                0.0132835 0.0386262 0.0204524 0.0055123 0.0051820 0.0526728 0.0220459 0.0130846 0.0058937 0.0226280 0.0130685 0.0395048 0.0406033 0.0140196 0.0210037 0.0395208 0.0353704 0.0384961 0.0237042 0.0033035 0.0151860 0.0540464 0.0463480 0.0397258 0.0078150 0.0317149 0.0152576 0.0000000 0.0331502 0.0363992 0.0185943 0.0132724 0.0266080 0.0364667 0.0248015 
Pseudochiridae_Pseudocheirus_occidentalis    0.0207087 0.0514776 0.0367836 0.0374545 0.0363770 0.0517476 0.0202622 0.0207341 0.0359874 0.0402914 0.0231529 0.0557204 0.0573186 0.0235588 0.0344319 0.0565127 0.0517341 0.0527615 0.0429277 0.0365083 0.0073763 0.0711865 0.0609962 0.0542112 0.0276634 0.0465405 0.0121258 0.0331502 0.0000000 0.0385601 0.0240216 0.0218592 0.0457266 0.0521836 0.0407426 
Tarsipedidae_Tarsipes_rostratus              0.0264747 0.0592908 0.0405786 0.0387054 0.0370069 0.0726046 0.0400530 0.0271831 0.0397457 0.0475768 0.0284573 0.0618557 0.0615816 0.0291160 0.0362733 0.0596857 0.0566096 0.0568381 0.0465991 0.0580897 0.0245216 0.0726050 0.0680160 0.0605287 0.0303828 0.0529122 0.0251977 0.0363992 0.0385601 0.0000000 0.0349116 0.0283809 0.0511266 0.0573572 0.0509316 
Acrobatidae_Distoechurus_pennatus            0.0135018 0.0319068 0.0209340 0.0191205 0.0185176 0.0508100 0.0208815 0.0137785 0.0175166 0.0228320 0.0134820 0.0340021 0.0354756 0.0143038 0.0073293 0.0348248 0.0322739 0.0332692 0.0228598 0.0353384 0.0133437 0.0520792 0.0438951 0.0361175 0.0153328 0.0277062 0.0136603 0.0185943 0.0240216 0.0349116 0.0000000 0.0138264 0.0252902 0.0325932 0.0245649 
Phalangeridae_Phalanger_carmelitae           0.0077372 0.0258987 0.0141869 0.0142711 0.0136994 0.0400030 0.0036319 0.0013925 0.0147336 0.0177322 0.0013975 0.0276997 0.0298079 0.0004434 0.0142953 0.0281433 0.0249211 0.0253841 0.0178922 0.0273880 0.0134804 0.0402325 0.0292171 0.0269073 0.0102353 0.0188443 0.0120454 0.0132724 0.0218592 0.0283809 0.0138264 0.0000000 0.0189803 0.0257531 0.0190433 
Peramelidae_Peroryctes_raffrayana            0.0198322 0.0272561 0.0198481 0.0267042 0.0248926 0.0447216 0.0343619 0.0204351 0.0319423 0.0026074 0.0188489 0.0297249 0.0273842 0.0192522 0.0319433 0.0298618 0.0226083 0.0226158 0.0024956 0.0551225 0.0228384 0.0371115 0.0291447 0.0259232 0.0215398 0.0215365 0.0205164 0.0266080 0.0457266 0.0511266 0.0252902 0.0189803 0.0000000 0.0235135 0.0025518 
Dasyuridae_Dasyurus_geffroii                 0.0246960 0.0348047 0.0266743 0.0348791 0.0354601 0.0007046 0.0374529 0.0249655 0.0362310 0.0215190 0.0232764 0.0031145 0.0040603 0.0273850 0.0373539 0.0029495 0.0009064 0.0038237 0.0207850 0.0558206 0.0315940 0.0531751 0.0511175 0.0024437 0.0266159 0.0269142 0.0324448 0.0364667 0.0521836 0.0573572 0.0325932 0.0257531 0.0235135 0.0000000 0.0232142 
Peramelidae_Perameles_gunnii                 0.0205315 0.0246898 0.0184882 0.0251384 0.0241603 0.0408077 0.0302057 0.0194288 0.0267492 0.0001227 0.0172554 0.0276103 0.0265858 0.0193365 0.0296947 0.0281336 0.0220314 0.0224918 0.0017716 0.0498203 0.0205356 0.0386153 0.0267730 0.0245056 0.0207875 0.0187094 0.0187923 0.0248015 0.0407426 0.0509316 0.0245649 0.0190433 0.0025518 0.0232142 0.0000000 
