39
Burramyidae_Burramys_parvus                  0.0000000 0.1193712 0.0638299 0.0807985 0.0815816 0.0800977 0.0604045 0.0702642 0.0849982 0.1142334 0.0718486 0.0843161 0.0857857 0.0705168 0.0602004 0.0830649 0.0839852 0.0835489 0.0980415 0.0810126 0.0707818 0.1356686 0.1268730 0.0846867 0.0854152 0.0825098 0.0634301 0.0772990 0.0692695 0.0791902 0.0657038 0.0704619 0.1056624 0.0825178 0.1104592 0.0622603 0.0356397 0.0356397 0.0622603 
Notoryctidae_Notoryctes_typhlops             0.1193712 0.0000000 0.1072592 0.1401869 0.1343693 0.1042653 0.1076469 0.1167882 0.1426216 0.1513054 0.1228284 0.1104989 0.1146985 0.1169309 0.1092912 0.1090986 0.1071736 0.1118951 0.1315696 0.1340180 0.1154511 0.1634062 0.1543910 0.1105197 0.1326612 0.1127684 0.1137731 0.1331093 0.1252589 0.1296788 0.1129151 0.1162250 0.1430774 0.1068330 0.1460426 0.0698629 0.0468062 0.0468062 0.0698629 
Vombatidae_Lasiorhinus_latifrons             0.0638299 0.1072592 0.0000000 0.0859013 0.0858770 0.0707206 0.0623480 0.0673100 0.0866566 0.1072388 0.0685174 0.0741864 0.0771711 0.0678195 0.0601469 0.0730031 0.0742313 0.0725977 0.0944659 0.0836775 0.0687284 0.1274792 0.1188157 0.0761528 0.0831192 0.0811411 0.0668856 0.0781404 0.0697618 0.0798025 0.0668506 0.0693190 0.0990299 0.0730430 0.1029960 0.0557541 0.0057539 0.0057539 0.0557541 
Potoroidae_Bettongia_penicillata             0.0807985 0.1401869 0.0859013 0.0000000 0.0087106 0.0954172 0.0734026 0.0829804 0.0223496 0.1248746 0.0862645 0.0979974 0.1016116 0.0816841 0.0773668 0.0966836 0.0963446 0.0993403 0.1095129 0.0373335 0.0818239 0.1468570 0.1409842 0.0997815 0.0631225 0.1032787 0.0756304 0.0328136 0.0884873 0.0921770 0.0766832 0.0849661 0.1165245 0.0972345 0.1206328 0.0554990 0.0301728 0.0301728 0.0554990 
Potoroidae_Bettongia_lesueur                 0.0815816 0.1343693 0.0858770 0.0087106 0.0000000 0.0941446 0.0722680 0.0836160 0.0188190 0.1290319 0.0855890 0.0991501 0.1003276 0.0822139 0.0788607 0.0978246 0.0950701 0.0992904 0.1134198 0.0361956 0.0863076 0.1428018 0.1380198 0.1001306 0.0631721 0.1026852 0.0770021 0.0316538 0.0912176 0.0937479 0.0792742 0.0855041 0.1217335 0.0959815 0.1247575 0.0587407 0.0332912 0.0332912 0.0587407 
Dasyuridae_Dasyurus_maculatus                0.0800977 0.1042653 0.0707206 0.0954172 0.0941446 0.0000000 0.0709720 0.0833842 0.0967257 0.1062982 0.0775905 0.0127078 0.0211009 0.0817664 0.0689969 0.0122634 0.0047249 0.0172900 0.0919567 0.0934376 0.0799964 0.1259290 0.1144492 0.0128999 0.0994787 0.0785142 0.0773071 0.0913319 0.0839254 0.0932172 0.0782754 0.0820910 0.1005057 0.0034271 0.1014764 0.0203679 0.0494836 0.0494836 0.0203679 
Phalangeridae_Trichosurus_vulpecula          0.0604045 0.1076469 0.0623480 0.0734026 0.0722680 0.0709720 0.0000000 0.0203004 0.0774565 0.1103620 0.0214153 0.0723322 0.0767792 0.0206482 0.0542683 0.0723185 0.0743513 0.0710427 0.0922173 0.0750531 0.0594392 0.1233671 0.1122855 0.0748234 0.0737833 0.0736912 0.0564615 0.0730241 0.0549211 0.0756946 0.0580167 0.0210693 0.0998023 0.0733094 0.1060974 0.0709888 0.0401899 0.0401899 0.0709888 
Phalangeridae_Spilocuscus_maculatus          0.0702642 0.1167882 0.0673100 0.0829804 0.0836160 0.0833842 0.0203004 0.0000000 0.0865228 0.1175701 0.0164780 0.0825046 0.0865336 0.0151245 0.0629868 0.0813134 0.0869390 0.0810883 0.0999921 0.0811215 0.0682039 0.1254166 0.1143797 0.0853796 0.0801768 0.0799515 0.0638329 0.0771654 0.0648647 0.0818383 0.0647876 0.0151026 0.1068554 0.0858593 0.1132037 0.0726459 0.0440813 0.0440813 0.0726459 
Potoroidae_Aepyprymnus_rufescens             0.0849982 0.1426216 0.0866566 0.0223496 0.0188190 0.0967257 0.0774565 0.0865228 0.0000000 0.1329034 0.0831987 0.0993342 0.1016054 0.0840109 0.0796126 0.0980053 0.0989210 0.0987825 0.1175896 0.0366095 0.0858304 0.1523385 0.1424884 0.1010297 0.0614939 0.1067322 0.0805427 0.0330389 0.0921681 0.0954364 0.0833120 0.0861981 0.1275713 0.0985796 0.1285746 0.0503009 0.0338782 0.0338782 0.0503009 
Peramelidae_Perameles_nasuta                 0.1142334 0.1513054 0.1072388 0.1248746 0.1290319 0.1062982 0.1103620 0.1175701 0.1329034 0.0000000 0.1140172 0.1083500 0.1086496 0.1167067 0.1060195 0.1069888 0.1095507 0.1081274 0.0253343 0.1245419 0.1128613 0.1633257 0.1493680 0.1108615 0.1311431 0.1134020 0.1095266 0.1241674 0.1187387 0.1252445 0.1066411 0.1176754 0.0308038 0.1070849 0.0008598 0.0549209 0.0363900 0.0363900 0.0549209 
Phalangeridae_Strigocuscus_pelengensis       0.0718486 0.1228284 0.0685174 0.0862645 0.0855890 0.0775905 0.0214153 0.0164780 0.0831987 0.1140172 0.0000000 0.0778818 0.0805847 0.0119032 0.0631768 0.0772391 0.0813648 0.0753212 0.0973985 0.0822010 0.0688539 0.1278357 0.1121320 0.0797819 0.0817173 0.0771049 0.0652577 0.0789074 0.0643998 0.0787908 0.0656110 0.0104545 0.1095945 0.0801899 0.1090909 0.0809420 0.0525261 0.0525261 0.0809420 
Dasyuridae_Phascogale_tapoatafa              0.0843161 0.1104989 0.0741864 0.0979974 0.0991501 0.0127078 0.0723322 0.0825046 0.0993342 0.1083500 0.0778818 0.0000000 0.0239399 0.0808957 0.0703538 0.0021378 0.0158882 0.0183393 0.0938939 0.0960008 0.0806988 0.1267254 0.1161678 0.0061423 0.1022841 0.0787932 0.0803243 0.0926800 0.0847400 0.0964454 0.0795471 0.0812229 0.1061692 0.0158563 0.1041258 0.0204425 0.0562189 0.0562189 0.0204425 
Dasyuridae_Sminthopsis_macroura              0.0857857 0.1146985 0.0771711 0.1016116 0.1003276 0.0211009 0.0767792 0.0865336 0.1016054 0.1086496 0.0805847 0.0239399 0.0000000 0.0836921 0.0754794 0.0229822 0.0244208 0.0168310 0.0952875 0.0971456 0.0867137 0.1233209 0.1140627 0.0251015 0.1016458 0.0794321 0.0833656 0.0926075 0.0881521 0.0968014 0.0825817 0.0840210 0.1051272 0.0239348 0.1037510 0.0256941 0.0574060 0.0574060 0.0256941 
Phalangeridae_Phalanger_orientalis           0.0705168 0.1169309 0.0678195 0.0816841 0.0822139 0.0817664 0.0206482 0.0151245 0.0840109 0.1167067 0.0119032 0.0808957 0.0836921 0.0000000 0.0603445 0.0808774 0.0852677 0.0803164 0.0987673 0.0790716 0.0709214 0.1244313 0.1121155 0.0835559 0.0802235 0.0812917 0.0649788 0.0763342 0.0663602 0.0850400 0.0631665 0.0034310 0.1080055 0.0841822 0.1123950 0.0785180 0.0470673 0.0470673 0.0785180 
Acrobatidae_Acrobates_pygmaeus               0.0602004 0.1092912 0.0601469 0.0773668 0.0788607 0.0689969 0.0542683 0.0629868 0.0796126 0.1060195 0.0631768 0.0703538 0.0754794 0.0603445 0.0000000 0.0690556 0.0703552 0.0743813 0.0896797 0.0781021 0.0521724 0.1289171 0.1152923 0.0716477 0.0695346 0.0729414 0.0493577 0.0738445 0.0538262 0.0636912 0.0298416 0.0615362 0.1023138 0.0721885 0.1012973 0.0457059 0.0298085 0.0298085 0.0457059 
Dasyuridae_Phascogale_calura                 0.0830649 0.1090986 0.0730031 0.0966836 0.0978246 0.0122634 0.0723185 0.0813134 0.0980053 0.1069888 0.0772391 0.0021378 0.0229822 0.0808774 0.0690556 0.0000000 0.0154389 0.0183289 0.0926114 0.0947044 0.0794795 0.1252334 0.1140879 0.0056953 0.1009571 0.0787285 0.0790788 0.0914035 0.0846658 0.0951340 0.0783359 0.0812044 0.1046888 0.0154078 0.1027766 0.0175535 0.0464401 0.0464401 0.0175535 
Dasyuridae_Sarcophilus_harrisii              0.0839852 0.1071736 0.0742313 0.0963446 0.0950701 0.0047249 0.0743513 0.0869390 0.0989210 0.1095507 0.0813648 0.0158882 0.0244208 0.0852677 0.0703552 0.0154389 0.0000000 0.0203821 0.0950421 0.0967786 0.0843089 0.1283658 0.1182481 0.0161303 0.1028861 0.0804950 0.0807973 0.0946366 0.0875583 0.0965719 0.0814154 0.0855853 0.1040079 0.0082216 0.1047010 0.0266058 0.0565830 0.0565830 0.0266058 
Dasyuridae_Planigale_tenuirostris            0.0835489 0.1118951 0.0725977 0.0993403 0.0992904 0.0172900 0.0710427 0.0810883 0.0987825 0.1081274 0.0753212 0.0183393 0.0168310 0.0803164 0.0743813 0.0183289 0.0203821 0.0000000 0.0930868 0.0965766 0.0820935 0.1276552 0.1195741 0.0204837 0.0995767 0.0781134 0.0768299 0.0919598 0.0834258 0.0964558 0.0813940 0.0796540 0.1075923 0.0203810 0.1031646 0.0147059 0.0635709 0.0635709 0.0147059 
Peramelidae_Echymipera_kalubu                0.0980415 0.1315696 0.0944659 0.1095129 0.1134198 0.0919567 0.0922173 0.0999921 0.1175896 0.0253343 0.0973985 0.0938939 0.0952875 0.0987673 0.0896797 0.0926114 0.0950421 0.0930868 0.0000000 0.1075832 0.0932512 0.1467096 0.1347755 0.0960888 0.1164498 0.0997096 0.0921269 0.1073239 0.0987976 0.1081700 0.0913771 0.0997311 0.0197341 0.0926877 0.0226495 0.0517227 0.0367147 0.0367147 0.0517227 
Macropodidae_Dorcopsulus_vanheurni           0.0810126 0.1340180 0.0836775 0.0373335 0.0361956 0.0934376 0.0750531 0.0811215 0.0366095 0.1245419 0.0822010 0.0960008 0.0971456 0.0790716 0.0781021 0.0947044 0.0967786 0.0965766 0.1075832 0.0000000 0.0848530 0.1406945 0.1311380 0.0971232 0.0598943 0.1030292 0.0777905 0.0090887 0.0889369 0.0952605 0.0736759 0.0823817 0.1158983 0.0946430 0.1195165 0.0519109 0.0297119 0.0297119 0.0519109 
Pseudochiridae_Pseudochirulus_forbesi        0.0707818 0.1154511 0.0687284 0.0818239 0.0863076 0.0799964 0.0594392 0.0682039 0.0858304 0.1128613 0.0688539 0.0806988 0.0867137 0.0709214 0.0521724 0.0794795 0.0843089 0.0820935 0.0932512 0.0848530 0.0000000 0.1311310 0.1137064 0.0828325 0.0812378 0.0800527 0.0360697 0.0804336 0.0241260 0.0635212 0.0542733 0.0707527 0.1025445 0.0824042 0.1085824 0.0523315 0.0361482 0.0361482 0.0523315 
Didelphidae_Didelphis_virginiana             0.1356686 0.1634062 0.1274792 0.1468570 0.1428018 0.1259290 0.1233671 0.1254166 0.1523385 0.1633257 0.1278357 0.1267254 0.1233209 0.1244313 0.1289171 0.1252334 0.1283658 0.1276552 0.1467096 0.1406945 0.1311310 0.0000000 0.0455568 0.1286160 0.1416713 0.1230659 0.1332072 0.1367660 0.1410346 0.1393307 0.1294234 0.1240440 0.1557941 0.1288050 0.1580680 0.0754953 0.0817949 0.0817949 0.0754953 
Marmosidae_Monodelphis_domestica             0.1268730 0.1543910 0.1188157 0.1409842 0.1380198 0.1144492 0.1122855 0.1143797 0.1424884 0.1493680 0.1121320 0.1161678 0.1140627 0.1121155 0.1152923 0.1140879 0.1182481 0.1195741 0.1347755 0.1311380 0.1137064 0.0455568 0.0000000 0.1180230 0.1305808 0.1164221 0.1195880 0.1329198 0.1259786 0.1283575 0.1163646 0.1123253 0.1459407 0.1156587 0.1444549 0.0805979 0.0705410 0.0705410 0.0805979 
Dasyuridae_Antechinus_stuartii               0.0846867 0.1105197 0.0761528 0.0997815 0.1001306 0.0128999 0.0748234 0.0853796 0.1010297 0.1108615 0.0797819 0.0061423 0.0251015 0.0835559 0.0716477 0.0056953 0.0161303 0.0204837 0.0960888 0.0971232 0.0828325 0.1286160 0.1180230 0.0000000 0.1049088 0.0810652 0.0827146 0.0943597 0.0882068 0.0982114 0.0810674 0.0840268 0.1096305 0.0165794 0.1063524 0.0163181 0.0523965 0.0523965 0.0163181 
Hypsiprymnodontidae_Hypsiprymnodon_moschatus 0.0854152 0.1326612 0.0831192 0.0631225 0.0631721 0.0994787 0.0737833 0.0801768 0.0614939 0.1311431 0.0817173 0.1022841 0.1016458 0.0802235 0.0695346 0.1009571 0.1028861 0.0995767 0.1164498 0.0598943 0.0812378 0.1416713 0.1305808 0.1049088 0.0000000 0.0963327 0.0762118 0.0559187 0.0861295 0.0946923 0.0787136 0.0828396 0.1184876 0.1020492 0.1280991 0.0599037 0.0432626 0.0432626 0.0599037 
Microbiotheriidae_Dromiciops_gliroides       0.0825098 0.1127684 0.0811411 0.1032787 0.1026852 0.0785142 0.0736912 0.0799515 0.1067322 0.1134020 0.0771049 0.0787932 0.0794321 0.0812917 0.0729414 0.0787285 0.0804950 0.0781134 0.0997096 0.1030292 0.0800527 0.1230659 0.1164221 0.0810652 0.0963327 0.0000000 0.0793724 0.0987704 0.0822734 0.0915436 0.0762577 0.0819865 0.1158365 0.0799300 0.1071298 9.0000000 9.0000000 9.0000000 9.0000000 
Pseudochiridae_Petauroides_volans            0.0634301 0.1137731 0.0668856 0.0756304 0.0770021 0.0773071 0.0564615 0.0638329 0.0805427 0.1095266 0.0652577 0.0803243 0.0833656 0.0649788 0.0493577 0.0790788 0.0807973 0.0768299 0.0921269 0.0777905 0.0360697 0.1332072 0.1195880 0.0827146 0.0762118 0.0793724 0.0000000 0.0735336 0.0345760 0.0562144 0.0519069 0.0660229 0.0975707 0.0780716 0.1049984 0.0531780 0.0335501 0.0335501 0.0531780 
Macropodidae_Wallabia_bicolor                0.0772990 0.1331093 0.0781404 0.0328136 0.0316538 0.0913319 0.0730241 0.0771654 0.0330389 0.1241674 0.0789074 0.0926800 0.0926075 0.0763342 0.0738445 0.0914035 0.0946366 0.0919598 0.1073239 0.0090887 0.0804336 0.1367660 0.1329198 0.0943597 0.0559187 0.0987704 0.0735336 0.0000000 0.0854976 0.0900375 0.0727816 0.0795960 0.1147025 0.0919415 0.1198136 0.0525137 0.0300361 0.0300361 0.0525137 
Pseudochiridae_Pseudocheirus_occidentalis    0.0692695 0.1252589 0.0697618 0.0884873 0.0912176 0.0839254 0.0549211 0.0648647 0.0921681 0.1187387 0.0643998 0.0847400 0.0881521 0.0663602 0.0538262 0.0846658 0.0875583 0.0834258 0.0987976 0.0889369 0.0241260 0.1410346 0.1259786 0.0882068 0.0861295 0.0822734 0.0345760 0.0854976 0.0000000 0.0678095 0.0508934 0.0675925 0.1062349 0.0862643 0.1135346 9.0000000 9.0000000 9.0000000 9.0000000 
Tarsipedidae_Tarsipes_rostratus              0.0791902 0.1296788 0.0798025 0.0921770 0.0937479 0.0932172 0.0756946 0.0818383 0.0954364 0.1252445 0.0787908 0.0964454 0.0968014 0.0850400 0.0636912 0.0951340 0.0965719 0.0964558 0.1081700 0.0952605 0.0635212 0.1393307 0.1283575 0.0982114 0.0946923 0.0915436 0.0562144 0.0900375 0.0678095 0.0000000 0.0646672 0.0848575 0.1187206 0.0950456 0.1214990 0.0675109 0.0339528 0.0339528 0.0675109 
Acrobatidae_Distoechurus_pennatus            0.0657038 0.1129151 0.0668506 0.0766832 0.0792742 0.0782754 0.0580167 0.0647876 0.0833120 0.1066411 0.0656110 0.0795471 0.0825817 0.0631665 0.0298416 0.0783359 0.0814154 0.0813940 0.0913771 0.0736759 0.0542733 0.1294234 0.1163646 0.0810674 0.0787136 0.0762577 0.0519069 0.0727816 0.0508934 0.0646672 0.0000000 0.0635685 0.0969563 0.0806640 0.1030134 0.0626954 0.0330082 0.0330082 0.0626954 
Phalangeridae_Phalanger_carmelitae           0.0704619 0.1162250 0.0693190 0.0849661 0.0855041 0.0820910 0.0210693 0.0151026 0.0861981 0.1176754 0.0104545 0.0812229 0.0840210 0.0034310 0.0615362 0.0812044 0.0855853 0.0796540 0.0997311 0.0823817 0.0707527 0.1240440 0.1123253 0.0840268 0.0828396 0.0819865 0.0660229 0.0795960 0.0675925 0.0848575 0.0635685 0.0000000 0.1098328 0.0845224 0.1133707 0.0746004 0.0435590 0.0435590 0.0746004 
Peramelidae_Peroryctes_raffrayana            0.1056624 0.1430774 0.0990299 0.1165245 0.1217335 0.1005057 0.0998023 0.1068554 0.1275713 0.0308038 0.1095945 0.1061692 0.1051272 0.1080055 0.1023138 0.1046888 0.1040079 0.1075923 0.0197341 0.1158983 0.1025445 0.1557941 0.1459407 0.1096305 0.1184876 0.1158365 0.0975707 0.1147025 0.1062349 0.1187206 0.0969563 0.1098328 0.0000000 0.1013178 0.0278016 0.0585881 0.0396916 0.0396916 0.0585881 
Dasyuridae_Dasyurus_geffroii                 0.0825178 0.1068330 0.0730430 0.0972345 0.0959815 0.0034271 0.0733094 0.0858593 0.0985796 0.1070849 0.0801899 0.0158563 0.0239348 0.0841822 0.0721885 0.0154078 0.0082216 0.0203810 0.0926877 0.0946430 0.0824042 0.1288050 0.1156587 0.0165794 0.1020492 0.0799300 0.0780716 0.0919415 0.0862643 0.0950456 0.0806640 0.0845224 0.1013178 0.0000000 0.1022511 0.0203679 0.0494836 0.0494836 0.0203679 
Peramelidae_Perameles_gunnii                 0.1104592 0.1460426 0.1029960 0.1206328 0.1247575 0.1014764 0.1060974 0.1132037 0.1285746 0.0008598 0.1090909 0.1041258 0.1037510 0.1123950 0.1012973 0.1027766 0.1047010 0.1031646 0.0226495 0.1195165 0.1085824 0.1580680 0.1444549 0.1063524 0.1280991 0.1071298 0.1049984 0.1198136 0.1135346 0.1214990 0.1030134 0.1133707 0.0278016 0.1022511 0.0000000 0.0549814 0.0364293 0.0364293 0.0549814 
Myrmecobiidae_Myrmecobius_fasciatus1         0.0622603 0.0698629 0.0557541 0.0554990 0.0587407 0.0203679 0.0709888 0.0726459 0.0503009 0.0549209 0.0809420 0.0204425 0.0256941 0.0785180 0.0457059 0.0175535 0.0266058 0.0147059 0.0517227 0.0519109 0.0523315 0.0754953 0.0805979 0.0163181 0.0599037 9.0000000 0.0531780 0.0525137 9.0000000 0.0675109 0.0626954 0.0746004 0.0585881 0.0203679 0.0549814 0.0000000 0.0594637 0.0594637 0.0000010 
Vombatidae_Vombatus_ursinus1                 0.0356397 0.0468062 0.0057539 0.0301728 0.0332912 0.0494836 0.0401899 0.0440813 0.0338782 0.0363900 0.0525261 0.0562189 0.0574060 0.0470673 0.0298085 0.0464401 0.0565830 0.0635709 0.0367147 0.0297119 0.0361482 0.0817949 0.0705410 0.0523965 0.0432626 9.0000000 0.0335501 0.0300361 9.0000000 0.0339528 0.0330082 0.0435590 0.0396916 0.0494836 0.0364293 0.0594637 0.0000000 0.0000010 0.0594637 
Vombatidae_Vombatus_ursinus2                 0.0356397 0.0468062 0.0057539 0.0301728 0.0332912 0.0494836 0.0401899 0.0440813 0.0338782 0.0363900 0.0525261 0.0562189 0.0574060 0.0470673 0.0298085 0.0464401 0.0565830 0.0635709 0.0367147 0.0297119 0.0361482 0.0817949 0.0705410 0.0523965 0.0432626 9.0000000 0.0335501 0.0300361 9.0000000 0.0339528 0.0330082 0.0435590 0.0396916 0.0494836 0.0364293 0.0594637 0.0000010 0.0000000 0.0594637 
Myrmecobiidae_Myrmecobius_fasciatus2         0.0622603 0.0698629 0.0557541 0.0554990 0.0587407 0.0203679 0.0709888 0.0726459 0.0503009 0.0549209 0.0809420 0.0204425 0.0256941 0.0785180 0.0457059 0.0175535 0.0266058 0.0147059 0.0517227 0.0519109 0.0523315 0.0754953 0.0805979 0.0163181 0.0599037 9.0000000 0.0531780 0.0525137 9.0000000 0.0675109 0.0626954 0.0746004 0.0585881 0.0203679 0.0549814 0.0000010 0.0594637 0.0594637 0.0000000 
