192
I0185_86_Accipitridae_Buteo_jamaicensis                   0.0000000 0.0330815 0.0361015 0.0345183 0.0415759 0.0355777 0.0483223 0.0274944 0.0317369 0.0543250 0.0495200 0.0253534 0.0448367 0.0365338 0.0384172 0.0437967 0.0283351 0.0139106 0.0393440 0.0189935 0.0412172 0.0244857 0.0444997 0.0210632 0.0217458 0.0183660 0.0331093 0.0229348 0.0507409 0.0494674 0.0513392 0.0235295 0.0392325 0.0407161 0.0417407 0.0413425 0.0320496 0.0497580 0.0437578 0.0483218 0.0408280 0.0548473 0.0425358 0.0386090 0.0484871 0.0511258 0.0348189 0.0373975 0.0285669 0.0440831 0.0401920 0.0223065 0.0326879 0.0380304 0.0447981 0.0324875 0.0270122 0.0224818 0.0400231 0.0396602 0.0254602 0.0230318 0.0571912 0.0390122 0.0401850 0.0358161 0.0203256 0.0266120 0.0412667 0.0283247 0.0527774 0.0488820 0.0445363 0.0401330 0.0271173 0.0252452 0.0386538 0.0456474 0.0266916 0.0057031 0.0241335 0.0319094 0.0350055 0.0409797 0.0459473 0.0193495 0.0163423 0.0444604 0.0556210 0.0368681 0.0314555 0.0278206 0.0199735 0.0304923 0.0423172 0.0471115 0.0190647 0.0436382 0.0229207 0.0177843 0.0202490 0.0296375 0.0347429 0.0425646 0.0308257 0.0260491 0.0217816 0.0287199 0.0333929 0.0529666 0.0253136 0.0523801 0.0250028 0.0173122 0.0462840 0.0397989 0.0225269 0.0438820 0.0510242 0.0490101 0.0321044 0.0193727 0.0143556 0.0197657 0.0434533 0.0329726 0.0302912 0.0486490 0.0204889 0.0528773 0.0254315 0.0296426 0.0176536 0.0350572 0.0611524 0.0439610 0.0268664 0.0446009 0.0253777 0.0350769 0.0279586 0.0174663 0.0218792 0.0179569 0.0327248 0.0236279 0.0528741 0.0424688 0.0275690 0.0195260 0.0418203 0.0525517 0.0374418 0.0390009 0.0169251 0.0222005 0.0232489 0.0235116 0.0227430 0.0253671 0.0346626 0.0340988 0.0324637 0.0468318 0.0273654 0.0343977 0.0470280 0.0421282 0.0253860 0.0224178 0.0307890 0.0226862 0.0454551 0.0419324 0.0491306 0.0202082 0.0132415 0.0177415 0.0227653 0.0512142 0.0224431 0.0507986 0.0470513 0.0435801 0.0421158 0.1052033 0.0415364 0.0499186 0.0511722 0.0328997 0.0301781 0.0426464 
I0186_111_Momotidae_Momotus_lessonii                      0.0330815 0.0000000 0.0425508 0.0463113 0.0508534 0.0426821 0.0546970 0.0390515 0.0421442 0.0494973 0.0557225 0.0376027 0.0536986 0.0448934 0.0406838 0.0524308 0.0395198 0.0264209 0.0490189 0.0326657 0.0502030 0.0361403 0.0527374 0.0334514 0.0343472 0.0312861 0.0436741 0.0360355 0.0578022 0.0587657 0.0601160 0.0360336 0.0489917 0.0512006 0.0521815 0.0520080 0.0423527 0.0589459 0.0513993 0.0586476 0.0511454 0.0649941 0.0520463 0.0489687 0.0575417 0.0586316 0.0342686 0.0479056 0.0407523 0.0521286 0.0502553 0.0341441 0.0447342 0.0482857 0.0526594 0.0420400 0.0388573 0.0354026 0.0501778 0.0508629 0.0377587 0.0346390 0.0667022 0.0481687 0.0507664 0.0475163 0.0331291 0.0388695 0.0526126 0.0396645 0.0586972 0.0615036 0.0521805 0.0505639 0.0389082 0.0379225 0.0484105 0.0523276 0.0351332 0.0331380 0.0363289 0.0441382 0.0337897 0.0487101 0.0540551 0.0320318 0.0294894 0.0551098 0.0649990 0.0468305 0.0429088 0.0386757 0.0323373 0.0345253 0.0532835 0.0544779 0.0318723 0.0549255 0.0351713 0.0341641 0.0337740 0.0418051 0.0379999 0.0530311 0.0430957 0.0368596 0.0339243 0.0410834 0.0453077 0.0631226 0.0373884 0.0621420 0.0378479 0.0306913 0.0551566 0.0501079 0.0344904 0.0534787 0.0595498 0.0614806 0.0437367 0.0328749 0.0360873 0.0330216 0.0514674 0.0441696 0.0415471 0.0611795 0.0334035 0.0593534 0.0372771 0.0410519 0.0309697 0.0462129 0.0663990 0.0550919 0.0387685 0.0520865 0.0374159 0.0442407 0.0400373 0.0313549 0.0345662 0.0310646 0.0438774 0.0354113 0.0622755 0.0528683 0.0391431 0.0328263 0.0522708 0.0644055 0.0472485 0.0488696 0.0300096 0.0351936 0.0346598 0.0354685 0.0354135 0.0367710 0.0465196 0.0466432 0.0442233 0.0570743 0.0381477 0.0460805 0.0548083 0.0507276 0.0371134 0.0345978 0.0411946 0.0334599 0.0519883 0.0509195 0.0595703 0.0328046 0.0344137 0.0312945 0.0337968 0.0628800 0.0355384 0.0594846 0.0555494 0.0538114 0.0513662 0.1113580 0.0506089 0.0592249 0.0600896 0.0432164 0.0389093 0.0521997 
I0187_115_Trogonidae_Trogon_elegans                       0.0361015 0.0425508 0.0000000 0.0468701 0.0523149 0.0149851 0.0585217 0.0408821 0.0433019 0.0618658 0.0590772 0.0412508 0.0554163 0.0494454 0.0476046 0.0538503 0.0427675 0.0294256 0.0502070 0.0350604 0.0523687 0.0385082 0.0542678 0.0365753 0.0378120 0.0351539 0.0445942 0.0381035 0.0610241 0.0597112 0.0619504 0.0393369 0.0509888 0.0521168 0.0518866 0.0520772 0.0436396 0.0597976 0.0533509 0.0622900 0.0523203 0.0691874 0.0537480 0.0505290 0.0585139 0.0616138 0.0459781 0.0499260 0.0428529 0.0540436 0.0524734 0.0360655 0.0464868 0.0493637 0.0542583 0.0441487 0.0417933 0.0373123 0.0514977 0.0514874 0.0398598 0.0378323 0.0700481 0.0506072 0.0542124 0.0505010 0.0360105 0.0413848 0.0555901 0.0417083 0.0622098 0.0639355 0.0537987 0.0517404 0.0420637 0.0399765 0.0503735 0.0558329 0.0377981 0.0350060 0.0386165 0.0457611 0.0475398 0.0527590 0.0583195 0.0344940 0.0326693 0.0551519 0.0697005 0.0501187 0.0450043 0.0418370 0.0355406 0.0429490 0.0575868 0.0580143 0.0343742 0.0584600 0.0381512 0.0373187 0.0371801 0.0430949 0.0456663 0.0537334 0.0437753 0.0396086 0.0367421 0.0435592 0.0478540 0.0667239 0.0403822 0.0665651 0.0394054 0.0343933 0.0551749 0.0517600 0.0382113 0.0539695 0.0592184 0.0638897 0.0460986 0.0358410 0.0391421 0.0356923 0.0530798 0.0461059 0.0435483 0.0637117 0.0357712 0.0628456 0.0400641 0.0419756 0.0336677 0.0483989 0.0690215 0.0546294 0.0412830 0.0543557 0.0399501 0.0476556 0.0428349 0.0346246 0.0373280 0.0336958 0.0467977 0.0381056 0.0635747 0.0547724 0.0416615 0.0358756 0.0553824 0.0671835 0.0486208 0.0503755 0.0329170 0.0378599 0.0389289 0.0370076 0.0391256 0.0401620 0.0484168 0.0488529 0.0469078 0.0616322 0.0408086 0.0479308 0.0562039 0.0528518 0.0394416 0.0381559 0.0432307 0.0354805 0.0546893 0.0526273 0.0637328 0.0361489 0.0376115 0.0347427 0.0381068 0.0651896 0.0389541 0.0599477 0.0577363 0.0551315 0.0525207 0.1141313 0.0521896 0.0593227 0.0612018 0.0459721 0.0427476 0.0523689 
I0188_135_Apodidae_Streptoprocne_zonaris                  0.0345183 0.0463113 0.0468701 0.0000000 0.0495284 0.0465802 0.0578884 0.0389750 0.0432439 0.0617212 0.0580692 0.0380876 0.0535265 0.0478865 0.0491018 0.0523873 0.0411474 0.0283405 0.0489390 0.0325690 0.0498313 0.0375982 0.0537393 0.0346788 0.0353474 0.0321998 0.0447619 0.0355320 0.0603778 0.0582889 0.0591831 0.0378812 0.0481688 0.0497242 0.0436309 0.0437301 0.0431681 0.0578407 0.0528449 0.0587095 0.0490299 0.0661433 0.0515166 0.0479196 0.0571604 0.0593048 0.0449418 0.0459289 0.0424790 0.0528673 0.0484394 0.0340027 0.0447901 0.0466802 0.0529551 0.0439305 0.0378214 0.0354271 0.0497041 0.0203977 0.0395443 0.0340677 0.0681499 0.0475196 0.0510198 0.0481492 0.0333135 0.0376839 0.0525476 0.0376068 0.0622507 0.0620054 0.0531728 0.0498105 0.0394445 0.0394885 0.0473831 0.0532487 0.0379826 0.0339958 0.0373059 0.0441078 0.0469865 0.0511785 0.0565865 0.0334575 0.0313639 0.0472599 0.0676180 0.0485749 0.0435972 0.0394632 0.0334885 0.0426242 0.0541284 0.0555497 0.0326055 0.0563669 0.0355468 0.0358847 0.0341531 0.0411487 0.0459765 0.0519238 0.0424708 0.0394384 0.0347603 0.0412121 0.0458853 0.0650326 0.0383395 0.0644965 0.0365025 0.0319496 0.0547754 0.0504570 0.0357951 0.0522222 0.0591065 0.0622074 0.0438805 0.0336123 0.0377815 0.0338733 0.0513950 0.0192078 0.0418030 0.0618182 0.0341786 0.0633533 0.0382202 0.0358860 0.0317032 0.0462264 0.0695016 0.0536206 0.0375791 0.0533000 0.0385412 0.0465734 0.0397958 0.0320276 0.0353042 0.0322508 0.0444013 0.0364096 0.0616056 0.0545002 0.0390663 0.0335803 0.0544843 0.0663603 0.0459394 0.0482764 0.0315504 0.0357302 0.0363539 0.0355513 0.0376025 0.0387448 0.0450057 0.0464970 0.0442655 0.0570045 0.0394119 0.0464458 0.0549203 0.0507684 0.0379419 0.0352543 0.0430980 0.0323448 0.0534271 0.0514195 0.0606909 0.0338377 0.0362230 0.0320073 0.0351231 0.0642749 0.0376090 0.0587261 0.0550600 0.0534179 0.0506398 0.1139149 0.0510266 0.0586858 0.0596567 0.0446555 0.0429579 0.0503419 
I0189_225_Eurylaimidae_Smithornis_rufolateralis           0.0415759 0.0508534 0.0523149 0.0495284 0.0000000 0.0513952 0.0638347 0.0464491 0.0494300 0.0656391 0.0658912 0.0460430 0.0381519 0.0543007 0.0527657 0.0332662 0.0495014 0.0342570 0.0297780 0.0407222 0.0296533 0.0441725 0.0349932 0.0414658 0.0435671 0.0398977 0.0506033 0.0442353 0.0656563 0.0426533 0.0435443 0.0447124 0.0294168 0.0316632 0.0579789 0.0568298 0.0493901 0.0421350 0.0322919 0.0659042 0.0311513 0.0716467 0.0334023 0.0289613 0.0408819 0.0633004 0.0512782 0.0543646 0.0490871 0.0340449 0.0303217 0.0404829 0.0510057 0.0284157 0.0328868 0.0508750 0.0460243 0.0429842 0.0306786 0.0544401 0.0460414 0.0433464 0.0738019 0.0289390 0.0578570 0.0549999 0.0413923 0.0464194 0.0600056 0.0454442 0.0681903 0.0682090 0.0338726 0.0307480 0.0468966 0.0459571 0.0292761 0.0610038 0.0421325 0.0409330 0.0442908 0.0504896 0.0525900 0.0570260 0.0617019 0.0410501 0.0377033 0.0597368 0.0728526 0.0553311 0.0500661 0.0464457 0.0411984 0.0481505 0.0623298 0.0627504 0.0410375 0.0629056 0.0439117 0.0431465 0.0419025 0.0499948 0.0501338 0.0579472 0.0504302 0.0460516 0.0428466 0.0491776 0.0516730 0.0704030 0.0462904 0.0697513 0.0428146 0.0388890 0.0344182 0.0571942 0.0436072 0.0385919 0.0423471 0.0680986 0.0499143 0.0410297 0.0454006 0.0409997 0.0229368 0.0481422 0.0482874 0.0670278 0.0415200 0.0664930 0.0453429 0.0459663 0.0392923 0.0542713 0.0767639 0.0613329 0.0462685 0.0244433 0.0458673 0.0530632 0.0474709 0.0397684 0.0431098 0.0397998 0.0520105 0.0437235 0.0670123 0.0611556 0.0462285 0.0409557 0.0610691 0.0715325 0.0313869 0.0299800 0.0386615 0.0436085 0.0435233 0.0435400 0.0438276 0.0458531 0.0532219 0.0540887 0.0524140 0.0651792 0.0475727 0.0539964 0.0352761 0.0307770 0.0465921 0.0432507 0.0490144 0.0402247 0.0250769 0.0365253 0.0670180 0.0420722 0.0434666 0.0399623 0.0417008 0.0692357 0.0443494 0.0434542 0.0395803 0.0373895 0.0176632 0.1160781 0.0360708 0.0435418 0.0424717 0.0528374 0.0472939 0.0407644 
I0190_295_Trogonidae_Apaloderma_aequatoriale              0.0355777 0.0426821 0.0149851 0.0465802 0.0513952 0.0000000 0.0583360 0.0397596 0.0434790 0.0619116 0.0591085 0.0402137 0.0546945 0.0482850 0.0464344 0.0534196 0.0426866 0.0291748 0.0487497 0.0345499 0.0512662 0.0384079 0.0529395 0.0361388 0.0374492 0.0347445 0.0446460 0.0376502 0.0606578 0.0584726 0.0602576 0.0385353 0.0496791 0.0510593 0.0515844 0.0517489 0.0436228 0.0591258 0.0526711 0.0618911 0.0513361 0.0688179 0.0526428 0.0495089 0.0569472 0.0601451 0.0456000 0.0490601 0.0423444 0.0529058 0.0511713 0.0353897 0.0457310 0.0487767 0.0531846 0.0441824 0.0408104 0.0366985 0.0504553 0.0510724 0.0389647 0.0372930 0.0692251 0.0496238 0.0536924 0.0501157 0.0352960 0.0414762 0.0552968 0.0411685 0.0624295 0.0634053 0.0527225 0.0510197 0.0410831 0.0393227 0.0492165 0.0550353 0.0374899 0.0345369 0.0385444 0.0454286 0.0468390 0.0519196 0.0571080 0.0340086 0.0321935 0.0545497 0.0686613 0.0495953 0.0448766 0.0406509 0.0346878 0.0429849 0.0569109 0.0577729 0.0343686 0.0580832 0.0378001 0.0364462 0.0363927 0.0426419 0.0447862 0.0533568 0.0430976 0.0388093 0.0369320 0.0422533 0.0475194 0.0669698 0.0396479 0.0660915 0.0389745 0.0340150 0.0543171 0.0516219 0.0380243 0.0528825 0.0587654 0.0632127 0.0452899 0.0355352 0.0383191 0.0348839 0.0522193 0.0452121 0.0429418 0.0634492 0.0353258 0.0620516 0.0403235 0.0417141 0.0330891 0.0477914 0.0694921 0.0539052 0.0403366 0.0527392 0.0404550 0.0476929 0.0411393 0.0339192 0.0369266 0.0332618 0.0462539 0.0374871 0.0624519 0.0540303 0.0404204 0.0357208 0.0547795 0.0671049 0.0480741 0.0500447 0.0327403 0.0370726 0.0381357 0.0367791 0.0380712 0.0393198 0.0473793 0.0484253 0.0469488 0.0602547 0.0405870 0.0472369 0.0548237 0.0518376 0.0397950 0.0378762 0.0430773 0.0353879 0.0532237 0.0518691 0.0632181 0.0350436 0.0368900 0.0342456 0.0375069 0.0648216 0.0381000 0.0595467 0.0568916 0.0541800 0.0515959 0.1139457 0.0516006 0.0583807 0.0602505 0.0458223 0.0417982 0.0519429 
I0191_344_Indicatoridae_Indicator_exilis                  0.0483223 0.0546970 0.0585217 0.0578884 0.0638347 0.0583360 0.0000000 0.0537860 0.0566821 0.0674407 0.0339765 0.0528715 0.0646005 0.0597743 0.0580982 0.0640986 0.0549256 0.0421352 0.0629153 0.0477200 0.0635394 0.0519391 0.0654561 0.0495134 0.0498825 0.0468258 0.0582555 0.0508570 0.0228492 0.0690649 0.0699061 0.0510988 0.0623973 0.0640414 0.0641486 0.0632048 0.0571762 0.0696459 0.0633379 0.0705335 0.0635330 0.0794255 0.0654053 0.0621127 0.0671241 0.0676538 0.0559367 0.0611990 0.0550068 0.0638069 0.0635090 0.0489707 0.0577594 0.0613385 0.0645495 0.0566407 0.0531007 0.0502006 0.0632726 0.0610820 0.0520721 0.0495693 0.0797017 0.0613724 0.0637716 0.0609391 0.0485718 0.0525910 0.0663784 0.0534101 0.0231517 0.0742176 0.0641239 0.0632324 0.0532199 0.0521916 0.0611206 0.0319305 0.0454574 0.0480077 0.0512611 0.0573709 0.0573024 0.0589868 0.0623054 0.0469134 0.0450459 0.0661157 0.0787123 0.0602140 0.0568387 0.0530846 0.0476518 0.0532026 0.0673412 0.0328765 0.0467970 0.0680504 0.0501757 0.0496996 0.0496078 0.0553403 0.0550487 0.0656762 0.0568268 0.0533768 0.0497434 0.0559678 0.0591545 0.0755453 0.0530188 0.0754630 0.0507587 0.0460099 0.0672146 0.0630404 0.0505194 0.0652685 0.0679070 0.0732668 0.0567735 0.0476109 0.0518100 0.0485046 0.0654025 0.0563202 0.0558087 0.0730041 0.0484978 0.0731923 0.0518714 0.0554088 0.0458089 0.0592155 0.0410595 0.0671093 0.0532294 0.0665726 0.0520658 0.0584508 0.0533739 0.0462669 0.0504381 0.0468901 0.0558914 0.0509492 0.0740223 0.0650196 0.0532079 0.0484814 0.0657939 0.0785504 0.0594162 0.0628273 0.0458223 0.0496082 0.0515807 0.0510155 0.0518085 0.0519378 0.0603865 0.0614953 0.0563873 0.0694028 0.0534527 0.0579709 0.0661611 0.0634070 0.0528350 0.0504982 0.0553125 0.0481678 0.0651417 0.0634189 0.0741789 0.0482278 0.0494755 0.0466458 0.0492281 0.0768005 0.0522385 0.0681671 0.0659878 0.0647339 0.0623824 0.1234911 0.0630345 0.0683651 0.0707241 0.0573456 0.0539042 0.0627343 
I0192_375_Musophagidae_Tauraco_macrorhynchus              0.0274944 0.0390515 0.0408821 0.0389750 0.0464491 0.0397596 0.0537860 0.0000000 0.0372343 0.0582410 0.0542479 0.0169733 0.0502220 0.0419662 0.0432234 0.0492028 0.0341028 0.0214695 0.0444476 0.0264241 0.0455948 0.0297978 0.0492998 0.0278006 0.0278820 0.0257539 0.0384763 0.0286959 0.0568340 0.0544051 0.0563168 0.0304727 0.0446350 0.0460050 0.0456075 0.0452335 0.0375103 0.0543323 0.0485817 0.0523805 0.0460809 0.0589695 0.0472851 0.0440942 0.0526492 0.0556647 0.0394500 0.0408327 0.0345236 0.0487565 0.0452134 0.0275863 0.0396084 0.0431242 0.0490954 0.0378858 0.0320828 0.0282430 0.0455274 0.0441512 0.0310502 0.0284183 0.0611725 0.0437623 0.0445902 0.0407221 0.0268235 0.0328820 0.0453014 0.0338976 0.0578138 0.0545209 0.0487920 0.0457077 0.0316472 0.0313332 0.0439216 0.0501026 0.0321230 0.0271257 0.0294006 0.0386700 0.0410823 0.0459505 0.0523579 0.0263834 0.0241941 0.0489220 0.0601729 0.0423253 0.0373181 0.0324182 0.0265073 0.0363040 0.0469465 0.0521143 0.0249358 0.0488838 0.0283619 0.0286358 0.0267422 0.0353385 0.0403174 0.0453458 0.0362907 0.0329723 0.0272975 0.0335748 0.0403830 0.0579070 0.0316371 0.0568768 0.0310998 0.0243870 0.0505120 0.0433877 0.0291056 0.0491712 0.0552521 0.0546155 0.0388182 0.0264034 0.0313160 0.0269274 0.0475141 0.0369583 0.0358909 0.0546295 0.0274823 0.0573361 0.0305140 0.0340926 0.0246833 0.0390626 0.0657462 0.0473688 0.0320608 0.0490696 0.0311365 0.0398888 0.0324540 0.0250354 0.0273694 0.0251657 0.0368140 0.0293120 0.0550211 0.0475416 0.0315106 0.0259287 0.0471549 0.0583433 0.0425154 0.0442401 0.0239051 0.0287419 0.0278879 0.0289286 0.0301454 0.0307328 0.0392088 0.0388716 0.0374224 0.0508913 0.0325991 0.0392511 0.0513848 0.0464969 0.0305217 0.0274802 0.0370069 0.0268628 0.0499662 0.0480520 0.0534327 0.0264006 0.0288566 0.0247995 0.0289721 0.0561704 0.0300205 0.0560045 0.0514573 0.0496253 0.0472421 0.1072400 0.0476584 0.0547393 0.0556525 0.0381727 0.0363488 0.0473414 
I0193_447_Columbidae_Treron_calvus                        0.0317369 0.0421442 0.0433019 0.0432439 0.0494300 0.0434790 0.0566821 0.0372343 0.0000000 0.0612298 0.0574802 0.0366864 0.0531086 0.0461839 0.0470515 0.0522321 0.0372948 0.0212158 0.0478894 0.0309285 0.0497653 0.0341187 0.0517928 0.0336062 0.0326267 0.0309290 0.0143834 0.0332846 0.0598566 0.0574504 0.0591922 0.0355940 0.0482713 0.0489194 0.0488352 0.0485321 0.0134721 0.0575063 0.0517582 0.0582661 0.0487780 0.0648249 0.0507268 0.0477524 0.0568017 0.0596157 0.0445490 0.0460662 0.0398005 0.0511595 0.0489793 0.0321552 0.0434145 0.0467586 0.0525060 0.0141826 0.0376221 0.0333579 0.0488537 0.0483785 0.0372890 0.0343397 0.0667099 0.0473252 0.0501200 0.0463768 0.0322493 0.0378187 0.0513959 0.0387479 0.0614815 0.0593929 0.0518053 0.0484456 0.0370583 0.0371243 0.0472912 0.0547186 0.0282724 0.0319420 0.0334974 0.0430388 0.0452740 0.0500381 0.0558527 0.0309526 0.0297931 0.0518107 0.0660724 0.0464268 0.0420732 0.0369670 0.0310973 0.0408246 0.0528201 0.0561322 0.0304348 0.0545716 0.0333495 0.0342453 0.0319730 0.0400292 0.0442943 0.0505172 0.0405977 0.0378354 0.0319429 0.0388973 0.0445605 0.0631832 0.0370805 0.0633128 0.0357947 0.0300282 0.0530911 0.0474124 0.0344498 0.0530675 0.0570043 0.0592897 0.0423438 0.0314770 0.0362160 0.0310750 0.0518164 0.0414018 0.0410759 0.0603417 0.0321826 0.0607303 0.0353465 0.0378133 0.0292443 0.0441601 0.0692798 0.0542364 0.0371489 0.0515535 0.0353826 0.0440097 0.0365835 0.0291285 0.0327512 0.0293587 0.0424253 0.0329946 0.0585813 0.0513884 0.0357597 0.0310310 0.0520188 0.0637678 0.0469359 0.0479376 0.0288442 0.0336236 0.0334151 0.0338137 0.0352343 0.0361572 0.0450444 0.0452265 0.0426075 0.0566927 0.0368351 0.0437988 0.0534326 0.0505113 0.0354393 0.0329645 0.0118096 0.0318922 0.0534378 0.0506462 0.0589946 0.0325627 0.0337623 0.0301911 0.0338746 0.0614458 0.0349397 0.0582183 0.0549147 0.0534859 0.0496137 0.1111041 0.0498474 0.0573491 0.0590931 0.0423052 0.0396068 0.0508060 
I0194_495_Alcedinidae_Alcedo_quadribrachys                0.0543250 0.0494973 0.0618658 0.0617212 0.0656391 0.0619116 0.0674407 0.0582410 0.0612298 0.0000000 0.0699930 0.0591668 0.0674238 0.0642577 0.0547853 0.0659586 0.0602948 0.0474511 0.0641086 0.0532291 0.0642447 0.0560511 0.0665669 0.0543807 0.0548003 0.0532458 0.0627454 0.0561681 0.0700070 0.0708171 0.0725550 0.0572671 0.0633211 0.0643955 0.0686420 0.0684885 0.0618127 0.0720004 0.0643703 0.0761869 0.0646905 0.0833257 0.0659490 0.0630805 0.0698520 0.0726138 0.0544071 0.0662285 0.0616805 0.0653094 0.0633810 0.0534591 0.0642151 0.0616600 0.0655988 0.0624988 0.0607710 0.0552323 0.0646929 0.0647729 0.0587072 0.0563468 0.0849571 0.0625668 0.0698310 0.0675623 0.0539906 0.0583657 0.0729248 0.0597607 0.0709011 0.0813659 0.0640372 0.0638324 0.0597059 0.0590191 0.0623672 0.0671451 0.0530256 0.0530559 0.0560362 0.0634165 0.0450340 0.0653645 0.0704182 0.0528103 0.0510514 0.0710616 0.0835124 0.0652023 0.0631262 0.0588932 0.0538465 0.0548656 0.0733015 0.0692490 0.0528293 0.0744916 0.0551044 0.0542779 0.0555968 0.0619002 0.0538697 0.0701370 0.0625834 0.0592142 0.0546691 0.0608340 0.0661896 0.0814630 0.0576417 0.0812960 0.0551263 0.0522509 0.0673128 0.0682289 0.0565927 0.0666058 0.0699438 0.0806835 0.0633939 0.0537982 0.0579654 0.0543498 0.0664144 0.0614146 0.0628572 0.0809910 0.0540355 0.0757272 0.0573526 0.0588331 0.0523820 0.0637473 0.0770219 0.0738464 0.0594752 0.0669209 0.0580070 0.0631725 0.0598782 0.0529585 0.0560024 0.0528862 0.0626176 0.0555969 0.0781962 0.0727946 0.0598911 0.0541253 0.0724686 0.0851095 0.0617702 0.0639226 0.0521354 0.0556691 0.0568742 0.0558838 0.0578183 0.0580562 0.0672275 0.0676696 0.0640875 0.0745003 0.0584807 0.0646104 0.0656628 0.0650941 0.0581387 0.0556306 0.0602280 0.0537207 0.0660482 0.0644140 0.0785349 0.0544145 0.0553485 0.0529364 0.0542141 0.0832366 0.0578680 0.0695337 0.0683369 0.0681119 0.0653877 0.1341410 0.0643741 0.0710846 0.0721147 0.0621813 0.0585278 0.0648833 
I0195_522_Ramphastidae_Buccanodon_duchaillui              0.0495200 0.0557225 0.0590772 0.0580692 0.0658912 0.0591085 0.0339765 0.0542479 0.0574802 0.0699930 0.0000000 0.0533824 0.0667150 0.0605001 0.0597792 0.0665311 0.0564435 0.0438592 0.0640521 0.0490971 0.0646312 0.0522995 0.0669304 0.0499579 0.0513761 0.0483049 0.0595297 0.0512953 0.0373791 0.0712467 0.0727401 0.0523318 0.0635664 0.0649321 0.0647313 0.0652150 0.0577791 0.0723585 0.0669044 0.0707507 0.0640735 0.0790598 0.0666104 0.0630701 0.0698709 0.0677039 0.0565054 0.0621603 0.0555689 0.0671075 0.0639579 0.0503123 0.0584346 0.0624169 0.0665515 0.0577797 0.0533859 0.0509744 0.0641149 0.0631071 0.0532569 0.0511497 0.0788870 0.0627415 0.0631830 0.0616575 0.0501329 0.0535520 0.0674137 0.0543939 0.0370510 0.0747993 0.0663457 0.0647226 0.0539715 0.0533481 0.0627129 0.0200841 0.0459652 0.0485769 0.0520108 0.0572043 0.0579378 0.0599182 0.0637458 0.0486129 0.0471399 0.0674976 0.0779464 0.0618597 0.0571836 0.0540473 0.0489817 0.0548148 0.0675210 0.0204120 0.0480900 0.0677322 0.0511936 0.0504495 0.0502896 0.0570793 0.0566793 0.0641651 0.0579678 0.0534342 0.0508182 0.0556234 0.0592768 0.0765988 0.0544009 0.0752801 0.0523395 0.0472532 0.0701451 0.0628770 0.0521755 0.0675863 0.0707074 0.0746075 0.0572397 0.0491523 0.0527125 0.0495356 0.0674699 0.0568369 0.0564118 0.0723094 0.0501892 0.0741201 0.0531655 0.0567314 0.0469591 0.0604910 0.0316224 0.0667113 0.0543952 0.0690992 0.0526569 0.0615267 0.0551232 0.0468382 0.0505413 0.0476065 0.0574285 0.0519263 0.0737929 0.0666154 0.0548314 0.0490731 0.0668486 0.0787819 0.0623606 0.0638814 0.0471967 0.0508734 0.0515482 0.0518355 0.0523031 0.0526550 0.0612849 0.0618110 0.0580317 0.0696761 0.0544187 0.0594423 0.0689586 0.0645612 0.0540686 0.0508970 0.0564391 0.0494433 0.0677847 0.0666855 0.0734974 0.0489538 0.0505895 0.0480201 0.0501288 0.0763858 0.0530729 0.0711279 0.0685068 0.0672752 0.0653415 0.1233387 0.0657908 0.0722870 0.0720749 0.0598163 0.0556534 0.0646431 
I0196_523_Musophagidae_Corythaeola_cristata               0.0253534 0.0376027 0.0412508 0.0380876 0.0460430 0.0402137 0.0528715 0.0169733 0.0366864 0.0591668 0.0533824 0.0000000 0.0491044 0.0407982 0.0423700 0.0487315 0.0323538 0.0194335 0.0437966 0.0244527 0.0452472 0.0280718 0.0492112 0.0260594 0.0256320 0.0231201 0.0375353 0.0265562 0.0555445 0.0542759 0.0553330 0.0278593 0.0440572 0.0450531 0.0439306 0.0437299 0.0363717 0.0538643 0.0486419 0.0514413 0.0448381 0.0572851 0.0469281 0.0439705 0.0528193 0.0551110 0.0391490 0.0391252 0.0330257 0.0486030 0.0444920 0.0263188 0.0380645 0.0429368 0.0488310 0.0371206 0.0296178 0.0264830 0.0442647 0.0435960 0.0300979 0.0265060 0.0590776 0.0430867 0.0427433 0.0385940 0.0248541 0.0305950 0.0436855 0.0309972 0.0566689 0.0530228 0.0485967 0.0450658 0.0292495 0.0300412 0.0433588 0.0489546 0.0310538 0.0250354 0.0273930 0.0372765 0.0404450 0.0459502 0.0508067 0.0238662 0.0222411 0.0474336 0.0585221 0.0402217 0.0357547 0.0307171 0.0238507 0.0359683 0.0453112 0.0510610 0.0225863 0.0468795 0.0260304 0.0266334 0.0251126 0.0327414 0.0401510 0.0442819 0.0340929 0.0306910 0.0254350 0.0324734 0.0383308 0.0559834 0.0295467 0.0550551 0.0292600 0.0221547 0.0508022 0.0412437 0.0271107 0.0486726 0.0546867 0.0531296 0.0363690 0.0242713 0.0293777 0.0247701 0.0474854 0.0363723 0.0341563 0.0525213 0.0251633 0.0569412 0.0285916 0.0329994 0.0225280 0.0379594 0.0640179 0.0463582 0.0295183 0.0487991 0.0293572 0.0385645 0.0312531 0.0230142 0.0247528 0.0226922 0.0344713 0.0275682 0.0547473 0.0458764 0.0304371 0.0240197 0.0459589 0.0560580 0.0419428 0.0439865 0.0216411 0.0265555 0.0258104 0.0270172 0.0279979 0.0286883 0.0367819 0.0372468 0.0347845 0.0502575 0.0313033 0.0369574 0.0518329 0.0464867 0.0288815 0.0252818 0.0359418 0.0252105 0.0493825 0.0472864 0.0515345 0.0241910 0.0268691 0.0228618 0.0263314 0.0542048 0.0278728 0.0551574 0.0505534 0.0485940 0.0462581 0.1065670 0.0469018 0.0543635 0.0557053 0.0365687 0.0347381 0.0461451 
I0197_832_Corvidae_Corvus_albus                           0.0448367 0.0536986 0.0554163 0.0535265 0.0381519 0.0546945 0.0646005 0.0502220 0.0531086 0.0674238 0.0667150 0.0491044 0.0000000 0.0581070 0.0557291 0.0383319 0.0517352 0.0381126 0.0361868 0.0441999 0.0367905 0.0470643 0.0396015 0.0453708 0.0461310 0.0436663 0.0543909 0.0473351 0.0658971 0.0252040 0.0248431 0.0474322 0.0364622 0.0374056 0.0612880 0.0609556 0.0526615 0.0245543 0.0377316 0.0691753 0.0375857 0.0758580 0.0389984 0.0352875 0.0219822 0.0670118 0.0552724 0.0591469 0.0524437 0.0390739 0.0363830 0.0440038 0.0540827 0.0350833 0.0386271 0.0543102 0.0509951 0.0466186 0.0364037 0.0582445 0.0499408 0.0469650 0.0778751 0.0362489 0.0616468 0.0588549 0.0451207 0.0494923 0.0643841 0.0499286 0.0684851 0.0724399 0.0392772 0.0365783 0.0507353 0.0498235 0.0358417 0.0629313 0.0448949 0.0439859 0.0472368 0.0539134 0.0565032 0.0591350 0.0632912 0.0438893 0.0413644 0.0638887 0.0773343 0.0578792 0.0529481 0.0506234 0.0445643 0.0521545 0.0657528 0.0655813 0.0437619 0.0669914 0.0471200 0.0458036 0.0453399 0.0530383 0.0525364 0.0627323 0.0535581 0.0495434 0.0469549 0.0530936 0.0551242 0.0734320 0.0490219 0.0736371 0.0458551 0.0425134 0.0412852 0.0606808 0.0479732 0.0289757 0.0285401 0.0716598 0.0536076 0.0444839 0.0482378 0.0446683 0.0396450 0.0528269 0.0520921 0.0722082 0.0459854 0.0691495 0.0486093 0.0506728 0.0424740 0.0578308 0.0793531 0.0665901 0.0505559 0.0401175 0.0490620 0.0550511 0.0516976 0.0427116 0.0468989 0.0425131 0.0549409 0.0464270 0.0718470 0.0633019 0.0503145 0.0447597 0.0627135 0.0750398 0.0248838 0.0365869 0.0417856 0.0476421 0.0473620 0.0469025 0.0463781 0.0494690 0.0577746 0.0577375 0.0559428 0.0682460 0.0504247 0.0568089 0.0392647 0.0372834 0.0486247 0.0468005 0.0528526 0.0441805 0.0394089 0.0255542 0.0707705 0.0456021 0.0464719 0.0430583 0.0454917 0.0736209 0.0468684 0.0243958 0.0212330 0.0112345 0.0372760 0.1219464 0.0250681 0.0243353 0.0247461 0.0554640 0.0506448 0.0437125 
I0198_937_Bucerotidae_Tockus_camurus                      0.0365338 0.0448934 0.0494454 0.0478865 0.0543007 0.0482850 0.0597743 0.0419662 0.0461839 0.0642577 0.0605001 0.0407982 0.0581070 0.0000000 0.0507561 0.0564876 0.0433535 0.0290554 0.0527943 0.0348385 0.0541000 0.0394808 0.0564841 0.0364987 0.0367208 0.0343095 0.0472535 0.0385407 0.0623575 0.0621078 0.0642052 0.0387309 0.0524977 0.0544890 0.0546962 0.0540320 0.0470195 0.0620695 0.0565518 0.0623676 0.0543137 0.0684015 0.0553482 0.0528833 0.0610050 0.0574246 0.0470499 0.0508080 0.0432923 0.0560849 0.0538849 0.0376238 0.0462484 0.0514480 0.0569820 0.0472537 0.0422007 0.0380272 0.0536410 0.0542518 0.0405586 0.0384914 0.0702654 0.0521764 0.0539790 0.0506240 0.0362409 0.0418591 0.0548570 0.0427090 0.0642797 0.0632756 0.0560744 0.0531821 0.0424043 0.0407806 0.0524011 0.0565458 0.0387142 0.0357967 0.0397692 0.0454356 0.0481494 0.0538960 0.0591669 0.0358769 0.0322764 0.0573195 0.0685565 0.0497133 0.0443758 0.0431105 0.0355225 0.0433724 0.0568980 0.0589064 0.0352426 0.0588260 0.0377939 0.0369373 0.0365588 0.0447575 0.0477932 0.0551480 0.0449564 0.0412140 0.0367426 0.0442289 0.0478382 0.0659219 0.0404434 0.0661190 0.0401806 0.0340413 0.0593262 0.0526485 0.0378882 0.0575123 0.0636861 0.0633150 0.0446202 0.0347217 0.0393837 0.0356771 0.0555495 0.0458259 0.0432150 0.0623776 0.0364077 0.0610096 0.0408321 0.0442114 0.0342254 0.0480941 0.0716251 0.0592881 0.0416402 0.0566041 0.0401422 0.0486895 0.0424442 0.0342759 0.0379395 0.0345923 0.0458108 0.0390342 0.0646014 0.0563130 0.0426569 0.0355456 0.0553280 0.0672332 0.0507703 0.0530555 0.0330305 0.0385655 0.0382804 0.0384520 0.0390395 0.0403611 0.0486661 0.0495537 0.0464775 0.0610022 0.0419054 0.0483734 0.0594390 0.0548957 0.0405322 0.0378572 0.0456601 0.0352985 0.0574876 0.0554459 0.0627517 0.0355554 0.0381365 0.0346290 0.0361152 0.0645812 0.0393146 0.0635280 0.0596381 0.0576723 0.0539505 0.1152515 0.0548557 0.0638504 0.0639518 0.0465853 0.0193218 0.0542076 
I0199_955_Meropidae_Merops_muelleri                       0.0384172 0.0406838 0.0476046 0.0491018 0.0527657 0.0464344 0.0580982 0.0432234 0.0470515 0.0547853 0.0597792 0.0423700 0.0557291 0.0507561 0.0000000 0.0544903 0.0450193 0.0330043 0.0520800 0.0384075 0.0523638 0.0417804 0.0557787 0.0389681 0.0402594 0.0380980 0.0490189 0.0412412 0.0610257 0.0614743 0.0607159 0.0416079 0.0513766 0.0523449 0.0561885 0.0569981 0.0476886 0.0607877 0.0522002 0.0651127 0.0524933 0.0705586 0.0539549 0.0508059 0.0584248 0.0612512 0.0432615 0.0522312 0.0469066 0.0542025 0.0518306 0.0382554 0.0498594 0.0501230 0.0536216 0.0481542 0.0443242 0.0405434 0.0517882 0.0528487 0.0432766 0.0408160 0.0727907 0.0504167 0.0563847 0.0538724 0.0387056 0.0437885 0.0588371 0.0449028 0.0628992 0.0667930 0.0546404 0.0517878 0.0438880 0.0436991 0.0499226 0.0563819 0.0386231 0.0378981 0.0419390 0.0491722 0.0445180 0.0533348 0.0567309 0.0378424 0.0358869 0.0589926 0.0720402 0.0512054 0.0485951 0.0439671 0.0380398 0.0398947 0.0600469 0.0585266 0.0373755 0.0609963 0.0403529 0.0400631 0.0397970 0.0478599 0.0407319 0.0567797 0.0479214 0.0431922 0.0393370 0.0462866 0.0513702 0.0693390 0.0422912 0.0689584 0.0420963 0.0373650 0.0552117 0.0549082 0.0409267 0.0555604 0.0608060 0.0667840 0.0491988 0.0387012 0.0421382 0.0388324 0.0532839 0.0477151 0.0468783 0.0670471 0.0386746 0.0633574 0.0431435 0.0448245 0.0367753 0.0494374 0.0702448 0.0581837 0.0433424 0.0553318 0.0434431 0.0494338 0.0448821 0.0370090 0.0405125 0.0364542 0.0485954 0.0413930 0.0666868 0.0578649 0.0438689 0.0388092 0.0569972 0.0705057 0.0494581 0.0519740 0.0362743 0.0404072 0.0409804 0.0403376 0.0418061 0.0434917 0.0510932 0.0511541 0.0485155 0.0633043 0.0430490 0.0501118 0.0553678 0.0523954 0.0419577 0.0404514 0.0463155 0.0386143 0.0539826 0.0536820 0.0657164 0.0385423 0.0400397 0.0372172 0.0406590 0.0676828 0.0419214 0.0611421 0.0577959 0.0562139 0.0514180 0.1204210 0.0532510 0.0605086 0.0609888 0.0486074 0.0440948 0.0523104 
I0200_988_Furnariidae_Furnarius_rufus                     0.0437967 0.0524308 0.0538503 0.0523873 0.0332662 0.0534196 0.0640986 0.0492028 0.0522321 0.0659586 0.0665311 0.0487315 0.0383319 0.0564876 0.0544903 0.0000000 0.0503212 0.0372810 0.0284512 0.0431711 0.0292224 0.0460853 0.0270977 0.0444234 0.0453493 0.0429388 0.0531557 0.0455754 0.0658871 0.0416478 0.0430790 0.0471287 0.0278980 0.0296951 0.0591002 0.0594104 0.0517894 0.0412093 0.0138986 0.0689007 0.0290499 0.0749355 0.0304657 0.0268144 0.0402966 0.0663897 0.0536162 0.0563165 0.0520489 0.0255482 0.0283602 0.0427263 0.0538199 0.0263269 0.0134997 0.0528026 0.0487896 0.0459435 0.0289224 0.0554612 0.0485597 0.0456645 0.0757482 0.0276218 0.0609008 0.0574301 0.0436265 0.0485825 0.0630363 0.0481405 0.0685342 0.0712809 0.0261237 0.0278120 0.0496189 0.0482881 0.0277810 0.0623098 0.0436558 0.0433146 0.0467511 0.0531675 0.0554572 0.0593306 0.0633346 0.0429693 0.0401946 0.0616119 0.0745232 0.0572574 0.0525018 0.0490297 0.0431371 0.0504674 0.0646359 0.0652795 0.0429614 0.0655285 0.0452468 0.0453375 0.0439864 0.0513209 0.0510978 0.0605695 0.0526911 0.0488788 0.0447364 0.0513565 0.0547778 0.0724012 0.0481416 0.0717425 0.0445769 0.0412393 0.0268603 0.0592154 0.0461999 0.0383209 0.0415328 0.0712145 0.0528094 0.0434745 0.0472630 0.0434393 0.0345066 0.0511005 0.0504374 0.0715687 0.0436862 0.0681961 0.0475831 0.0480160 0.0414573 0.0562886 0.0784380 0.0631420 0.0487482 0.0357226 0.0471867 0.0543361 0.0491195 0.0420747 0.0450249 0.0418404 0.0530829 0.0460500 0.0686153 0.0620001 0.0486545 0.0434635 0.0630713 0.0748114 0.0323367 0.0277482 0.0401559 0.0458151 0.0456523 0.0465388 0.0465189 0.0490287 0.0553526 0.0562294 0.0537244 0.0675495 0.0490847 0.0547904 0.0254476 0.0292425 0.0481408 0.0451910 0.0505808 0.0434077 0.0359229 0.0342883 0.0693291 0.0437944 0.0449572 0.0422520 0.0441079 0.0726481 0.0470931 0.0421541 0.0394334 0.0369659 0.0322088 0.1229321 0.0347127 0.0432001 0.0420403 0.0539289 0.0495614 0.0419338 
I0201_999_Scolopacidae_Tringa_solitaria                   0.0283351 0.0395198 0.0427675 0.0411474 0.0495014 0.0426866 0.0549256 0.0341028 0.0372948 0.0602948 0.0564435 0.0323538 0.0517352 0.0433535 0.0450193 0.0503212 0.0000000 0.0223360 0.0465364 0.0262808 0.0472517 0.0240379 0.0513269 0.0285561 0.0251595 0.0263255 0.0394418 0.0255456 0.0583046 0.0560272 0.0582214 0.0305317 0.0466304 0.0474362 0.0465696 0.0467775 0.0385208 0.0559615 0.0504003 0.0555543 0.0476956 0.0622680 0.0497649 0.0459724 0.0549012 0.0579275 0.0413433 0.0429555 0.0347915 0.0511234 0.0472224 0.0282754 0.0391093 0.0454760 0.0508839 0.0387854 0.0336805 0.0290426 0.0469841 0.0470400 0.0321471 0.0293203 0.0637483 0.0467584 0.0455258 0.0433669 0.0276748 0.0337945 0.0474100 0.0349222 0.0596669 0.0564552 0.0515795 0.0466800 0.0331712 0.0321395 0.0448712 0.0527752 0.0338251 0.0277437 0.0233654 0.0386467 0.0423711 0.0482232 0.0536574 0.0269323 0.0258860 0.0500042 0.0620553 0.0272386 0.0374995 0.0340143 0.0272450 0.0377689 0.0490338 0.0546819 0.0260411 0.0503501 0.0252137 0.0293457 0.0274531 0.0361890 0.0406730 0.0461030 0.0366451 0.0343098 0.0237801 0.0348502 0.0400139 0.0595966 0.0322599 0.0588458 0.0322059 0.0253546 0.0531217 0.0442888 0.0300651 0.0512060 0.0574651 0.0566429 0.0379545 0.0268094 0.0319568 0.0272911 0.0508685 0.0394077 0.0360620 0.0566465 0.0290926 0.0569593 0.0246348 0.0363627 0.0251143 0.0400409 0.0677296 0.0499360 0.0335384 0.0519775 0.0251233 0.0251653 0.0341773 0.0252167 0.0276940 0.0250733 0.0374668 0.0229192 0.0518242 0.0478948 0.0335111 0.0263111 0.0479617 0.0593803 0.0446016 0.0461981 0.0246890 0.0293699 0.0285117 0.0295943 0.0307755 0.0316152 0.0404115 0.0411065 0.0381417 0.0538253 0.0110307 0.0401640 0.0540784 0.0487656 0.0114758 0.0284401 0.0375842 0.0279624 0.0519126 0.0485766 0.0565462 0.0277274 0.0295617 0.0257121 0.0306006 0.0579330 0.0308415 0.0573738 0.0538112 0.0514861 0.0490384 0.1079424 0.0480378 0.0565736 0.0576136 0.0233354 0.0369161 0.0481428 
I0202_1066_Cathartidae_Cathartes_burrovianus              0.0139106 0.0264209 0.0294256 0.0283405 0.0342570 0.0291748 0.0421352 0.0214695 0.0212158 0.0474511 0.0438592 0.0194335 0.0381126 0.0290554 0.0330043 0.0372810 0.0223360 0.0000000 0.0323979 0.0137352 0.0339666 0.0178849 0.0369036 0.0148961 0.0161990 0.0136342 0.0239141 0.0171986 0.0454095 0.0427751 0.0446902 0.0174039 0.0327029 0.0340663 0.0345997 0.0347739 0.0230379 0.0437271 0.0372163 0.0408515 0.0338408 0.0469476 0.0352028 0.0321737 0.0423855 0.0434830 0.0282617 0.0311540 0.0222186 0.0374036 0.0332810 0.0162830 0.0268793 0.0315411 0.0383000 0.0233268 0.0209584 0.0163557 0.0331477 0.0338109 0.0195331 0.0172264 0.0484420 0.0327338 0.0329776 0.0292067 0.0151888 0.0211851 0.0349297 0.0223643 0.0474522 0.0402582 0.0375301 0.0332756 0.0206881 0.0193130 0.0321022 0.0405413 0.0208674 0.0141125 0.0179675 0.0257535 0.0292148 0.0342990 0.0393394 0.0135487 0.0032822 0.0374990 0.0476993 0.0309353 0.0246593 0.0219090 0.0140812 0.0245015 0.0352045 0.0419063 0.0137577 0.0366405 0.0164737 0.0151750 0.0143302 0.0235531 0.0291943 0.0340121 0.0245215 0.0196818 0.0147910 0.0227624 0.0279012 0.0442534 0.0198904 0.0447572 0.0188386 0.0127957 0.0388328 0.0324252 0.0164680 0.0369071 0.0447386 0.0399806 0.0257394 0.0140912 0.0175584 0.0145551 0.0354380 0.0262561 0.0237138 0.0394278 0.0155798 0.0470931 0.0191272 0.0227964 0.0123202 0.0280544 0.0550106 0.0391001 0.0208251 0.0379168 0.0194484 0.0289211 0.0221085 0.0126551 0.0162238 0.0126151 0.0255801 0.0176807 0.0443531 0.0350170 0.0214360 0.0134736 0.0345933 0.0438174 0.0308528 0.0321988 0.0111874 0.0168483 0.0170184 0.0172010 0.0175491 0.0197092 0.0286667 0.0287055 0.0254925 0.0394372 0.0213619 0.0267836 0.0406671 0.0351028 0.0197896 0.0166889 0.0220672 0.0174196 0.0375320 0.0361129 0.0413625 0.0147710 0.0155123 0.0121373 0.0167163 0.0419749 0.0169460 0.0435932 0.0399845 0.0378415 0.0343493 0.0948583 0.0359161 0.0431619 0.0445655 0.0265057 0.0234766 0.0353398 
I0203_1087_Tyrannidae_Hymenops_perspicillatus             0.0393440 0.0490189 0.0502070 0.0489390 0.0297780 0.0487497 0.0629153 0.0444476 0.0478894 0.0641086 0.0640521 0.0437966 0.0361868 0.0527943 0.0520800 0.0284512 0.0465364 0.0323979 0.0000000 0.0384298 0.0086949 0.0421176 0.0301155 0.0405533 0.0414235 0.0377739 0.0490940 0.0423300 0.0647331 0.0397568 0.0417692 0.0425498 0.0149889 0.0166216 0.0551298 0.0555303 0.0477318 0.0400465 0.0276518 0.0651042 0.0145517 0.0716219 0.0149392 0.0147185 0.0382228 0.0621158 0.0499591 0.0534144 0.0471792 0.0288623 0.0154164 0.0395500 0.0490489 0.0139601 0.0277052 0.0497923 0.0449615 0.0414729 0.0062779 0.0535506 0.0442655 0.0411335 0.0726581 0.0142247 0.0556949 0.0533172 0.0397113 0.0451533 0.0595390 0.0454534 0.0671720 0.0668450 0.0293081 0.0147442 0.0450137 0.0437850 0.0135046 0.0591933 0.0406821 0.0393919 0.0419866 0.0484867 0.0513903 0.0545751 0.0604056 0.0383277 0.0361004 0.0577141 0.0721412 0.0541828 0.0478032 0.0452059 0.0386361 0.0467100 0.0608331 0.0623202 0.0390282 0.0616264 0.0418905 0.0414977 0.0395515 0.0467476 0.0488781 0.0565904 0.0482998 0.0442982 0.0408448 0.0471900 0.0499453 0.0700126 0.0441430 0.0680590 0.0421944 0.0370871 0.0300412 0.0559437 0.0423336 0.0361573 0.0406482 0.0667650 0.0482157 0.0390592 0.0427608 0.0392774 0.0318610 0.0467853 0.0455130 0.0665009 0.0393350 0.0636262 0.0434112 0.0455399 0.0371822 0.0514718 0.0753544 0.0591856 0.0438050 0.0329645 0.0435203 0.0513453 0.0455693 0.0373475 0.0413335 0.0372267 0.0499381 0.0408999 0.0665385 0.0587451 0.0442652 0.0383705 0.0586992 0.0699259 0.0305457 0.0149475 0.0360026 0.0416017 0.0415179 0.0420656 0.0413823 0.0441428 0.0520234 0.0528247 0.0499734 0.0635725 0.0446615 0.0519911 0.0308223 0.0087330 0.0436665 0.0410088 0.0475964 0.0389049 0.0320693 0.0335904 0.0665893 0.0392242 0.0410212 0.0380687 0.0410767 0.0681526 0.0416977 0.0421656 0.0364924 0.0354273 0.0293050 0.1180968 0.0330081 0.0410599 0.0404509 0.0500872 0.0459508 0.0381770 
I0204_1174_Threskiornithidae_Harpiprion_caerulescens      0.0189935 0.0326657 0.0350604 0.0325690 0.0407222 0.0345499 0.0477200 0.0264241 0.0309285 0.0532291 0.0490971 0.0244527 0.0441999 0.0348385 0.0384075 0.0431711 0.0262808 0.0137352 0.0384298 0.0000000 0.0396076 0.0221427 0.0433871 0.0209102 0.0207403 0.0169585 0.0327317 0.0216249 0.0508689 0.0488522 0.0500712 0.0222753 0.0383575 0.0395343 0.0397842 0.0399408 0.0315300 0.0496708 0.0434590 0.0467703 0.0400013 0.0540448 0.0414428 0.0375167 0.0477408 0.0498975 0.0341082 0.0361066 0.0271205 0.0432770 0.0397311 0.0194133 0.0314785 0.0371584 0.0436272 0.0317774 0.0249246 0.0197218 0.0394248 0.0379070 0.0246339 0.0212145 0.0559181 0.0386284 0.0391913 0.0350406 0.0182031 0.0253500 0.0406165 0.0263154 0.0521126 0.0479796 0.0439556 0.0392671 0.0250803 0.0245643 0.0381323 0.0454895 0.0266133 0.0193127 0.0216862 0.0309472 0.0351264 0.0406649 0.0460282 0.0167532 0.0162820 0.0426318 0.0540606 0.0346797 0.0297313 0.0264024 0.0177362 0.0298326 0.0418372 0.0471528 0.0179163 0.0432454 0.0212849 0.0203877 0.0184877 0.0286514 0.0344473 0.0394081 0.0291124 0.0250494 0.0199966 0.0273061 0.0325037 0.0514587 0.0228590 0.0510591 0.0231215 0.0159139 0.0453825 0.0373739 0.0203008 0.0434598 0.0504359 0.0479767 0.0307177 0.0168734 0.0224944 0.0179420 0.0424803 0.0311475 0.0291064 0.0468416 0.0188377 0.0500525 0.0231681 0.0282368 0.0160228 0.0330792 0.0600543 0.0433145 0.0242719 0.0442881 0.0234809 0.0324157 0.0265523 0.0162851 0.0201424 0.0162359 0.0296310 0.0215196 0.0494296 0.0404288 0.0263006 0.0176312 0.0402095 0.0516586 0.0366497 0.0377979 0.0149727 0.0200771 0.0210832 0.0204762 0.0219752 0.0231994 0.0331864 0.0325078 0.0299866 0.0452158 0.0252613 0.0324113 0.0472464 0.0411717 0.0236336 0.0203121 0.0308056 0.0210319 0.0450265 0.0421996 0.0475637 0.0189434 0.0209814 0.0164539 0.0215876 0.0497882 0.0220366 0.0504537 0.0463935 0.0436908 0.0409650 0.1021476 0.0413225 0.0492154 0.0508035 0.0305914 0.0278291 0.0408956 
