35
Burramyidae_Burramys_parvus                  0.0000000 0.0920587 0.0553464 0.0762758 0.0792181 0.1249576 0.0498392 0.0489936 0.0743899 0.0992021 0.0479204 0.1065803 0.1309031 0.0517497 0.0543155 0.0701903 0.1220725 0.1040910 0.1057332 0.0609603 0.0871930 0.0908558 0.1312955 0.0530286 0.0575002 0.0592094 0.0562854 0.0608407 0.0681381 0.0655283 0.0477633 0.0499945 0.0942823 0.1295514 0.0877152 
Notoryctidae_Notoryctes_typhlops             0.0920587 0.0000000 0.0948336 0.1120020 0.1151183 0.1531323 0.1010140 0.1070908 0.1121958 0.1183783 0.0996459 0.1285884 0.1429477 0.1008731 0.0960025 0.0775026 0.1433070 0.1151160 0.1186673 0.1023834 0.1376449 0.1022402 0.1396104 0.0667403 0.1012329 0.0752789 0.1156138 0.1060720 0.1320899 0.1205613 0.1012320 0.1000500 0.1140511 0.1555102 0.1130039 
Vombatidae_Lasiorhinus_latifrons             0.0553464 0.0948336 0.0000000 0.0774787 0.0805671 0.1345475 0.0559334 0.0565322 0.0775650 0.0935527 0.0521742 0.1127491 0.1231375 0.0569110 0.0599406 0.0889032 0.1304815 0.1238317 0.1037207 0.0653160 0.0977042 0.1142640 0.1587431 0.0771313 0.0667927 0.0588089 0.0694780 0.0665930 0.0710881 0.0857830 0.0581614 0.0550916 0.0903033 0.1366459 0.0903350 
Potoroidae_Bettongia_penicillata             0.0762758 0.1120020 0.0774787 0.0000000 0.0009374 0.1415213 0.0649342 0.0738413 0.0022535 0.1202393 0.0682921 0.1205698 0.1397622 0.0668936 0.0751574 0.0729671 0.1336772 0.1157815 0.1329704 0.0096676 0.1074427 0.1107381 0.1503260 0.0539343 0.0374700 0.0810835 0.0744971 0.0105439 0.0871719 0.0941589 0.0713524 0.0669930 0.1184840 0.1458651 0.1135334 
Potoroidae_Bettongia_lesueur                 0.0792181 0.1151183 0.0805671 0.0009374 0.0000000 0.1441097 0.0668890 0.0799869 0.0023938 0.1204118 0.0721902 0.1220378 0.1431829 0.0707653 0.0790658 0.0729632 0.1360915 0.1144150 0.1341076 0.0119414 0.1085646 0.1090857 0.1486431 0.0540120 0.0401310 0.0825107 0.0756879 0.0130211 0.0910879 0.0962570 0.0753584 0.0708711 0.1186579 0.1483830 0.1137027 
Dasyuridae_Dasyurus_maculatus                0.1249576 0.1531323 0.1345475 0.1415213 0.1441097 0.0000000 0.1139526 0.1278373 0.1471593 0.1467634 0.1201430 0.0050585 0.0269403 0.1229528 0.1277145 0.0030160 0.0024204 0.0117679 0.1513495 0.1348728 0.1667672 0.1278664 0.1575545 0.0021907 0.1390430 0.0989315 0.1333455 0.1360497 0.1556295 0.1561633 0.1214643 0.1199966 0.1286776 0.0025608 0.1282070 
Phalangeridae_Trichosurus_vulpecula          0.0498392 0.1010140 0.0559334 0.0649342 0.0668890 0.1139526 0.0000000 0.0088332 0.0688856 0.0964909 0.0066570 0.0947104 0.1141065 0.0073964 0.0506224 0.0677638 0.1141510 0.1017180 0.1080552 0.0556334 0.0845739 0.0863395 0.1285149 0.0582852 0.0577704 0.0568663 0.0550292 0.0555896 0.0629056 0.0692398 0.0496313 0.0065997 0.0922509 0.1219238 0.0890461 
Phalangeridae_Spilocuscus_maculatus          0.0489936 0.1070908 0.0565322 0.0738413 0.0799869 0.1278373 0.0088332 0.0000000 0.0770047 0.1040365 0.0024297 0.1000282 0.1161779 0.0025737 0.0535604 0.0636506 0.1235707 0.1138520 0.1110826 0.0683396 0.0933884 0.0758528 0.1276697 0.0517292 0.0634113 0.0643635 0.0577124 0.0653514 0.0775637 0.0680535 0.0529363 0.0021419 0.0917498 0.1326948 0.0970205 
Potoroidae_Aepyprymnus_rufescens             0.0743899 0.1121958 0.0775650 0.0022535 0.0023938 0.1471593 0.0688856 0.0770047 0.0000000 0.1134589 0.0693971 0.1199183 0.1430457 0.0699105 0.0742853 0.0701978 0.1378589 0.1234314 0.1289327 0.0117844 0.1070637 0.1114871 0.1507220 0.0532000 0.0386707 0.0753200 0.0745270 0.0111827 0.0907897 0.0874850 0.0687825 0.0700138 0.1105940 0.1512792 0.1096713 
Peramelidae_Perameles_nasuta                 0.0992021 0.1183783 0.0935527 0.1202393 0.1204118 0.1467634 0.0964909 0.1040365 0.1134589 0.0000000 0.0983929 0.1233861 0.1408070 0.0992950 0.1000382 0.0815610 0.1456698 0.1150694 0.0073336 0.1081459 0.1422432 0.0946028 0.1433922 0.0664315 0.1088498 0.0759061 0.1067251 0.1060714 0.1225797 0.1219594 0.1048562 0.0981892 0.0055299 0.1551296 0.0003604 
Phalangeridae_Strigocuscus_pelengensis       0.0479204 0.0996459 0.0521742 0.0682921 0.0721902 0.1201430 0.0066570 0.0024297 0.0693971 0.0983929 0.0000000 0.0917637 0.1155358 0.0019869 0.0493392 0.0600365 0.1160036 0.0940249 0.1084796 0.0622776 0.0879275 0.0881604 0.1342665 0.0484475 0.0602476 0.0605617 0.0553701 0.0603196 0.0643996 0.0716274 0.0488787 0.0013755 0.0959499 0.1272752 0.0898207 
Dasyuridae_Phascogale_tapoatafa              0.1065803 0.1285884 0.1127491 0.1205698 0.1220378 0.0050585 0.0947104 0.1000282 0.1199183 0.1233861 0.0917637 0.0000000 0.0172382 0.0946139 0.1054670 0.0002803 0.0045408 0.0051025 0.1267692 0.1102234 0.1439217 0.1322536 0.1602959 0.0017597 0.1172545 0.0958808 0.1122870 0.1138712 0.1349003 0.1289614 0.1028401 0.0923519 0.1169924 0.0050709 0.1203718 
Dasyuridae_Sminthopsis_macroura              0.1309031 0.1429477 0.1231375 0.1397622 0.1431829 0.0269403 0.1141065 0.1161779 0.1430457 0.1408070 0.1155358 0.0172382 0.0000000 0.1162634 0.1239666 0.0036138 0.0215961 0.0061522 0.1489371 0.1339454 0.1635792 0.1324374 0.1774233 0.0030291 0.1380731 0.0981116 0.1338073 0.1354303 0.1497826 0.1420453 0.1260799 0.1143789 0.1385180 0.0313544 0.1368371 
Phalangeridae_Phalanger_orientalis           0.0517497 0.1008731 0.0569110 0.0668936 0.0707653 0.1229528 0.0073964 0.0025737 0.0699105 0.0992950 0.0019869 0.0946139 0.1162634 0.0000000 0.0492600 0.0645589 0.1187728 0.1027658 0.1086570 0.0618944 0.0880273 0.0904077 0.1356788 0.0531211 0.0591310 0.0585939 0.0553143 0.0599767 0.0661148 0.0681325 0.0472527 0.0008339 0.0938289 0.1296607 0.0918356 
Acrobatidae_Acrobates_pygmaeus               0.0543155 0.0960025 0.0599406 0.0751574 0.0790658 0.1277145 0.0506224 0.0535604 0.0742853 0.1000382 0.0493392 0.1054670 0.1239666 0.0492600 0.0000000 0.0692316 0.1254496 0.1096711 0.1089329 0.0648364 0.0744225 0.0886596 0.1352525 0.0545447 0.0666459 0.0622055 0.0475387 0.0689447 0.0587954 0.0712860 0.0115182 0.0492297 0.0987123 0.1328909 0.0896226 
Dasyuridae_Phascogale_calura                 0.0701903 0.0775026 0.0889032 0.0729671 0.0729632 0.0030160 0.0677638 0.0636506 0.0701978 0.0815610 0.0600365 0.0002803 0.0036138 0.0645589 0.0692316 0.0000000 0.0021860 0.0025028 0.0736888 0.0624352 0.1148914 0.1324313 0.1625404 0.0016327 0.0710116 0.0752720 0.0709302 0.0726749 0.0694168 0.0856505 0.0599354 0.0610530 0.0746560 0.0026663 0.0840734 
Dasyuridae_Sarcophilus_harrisii              0.1220725 0.1433070 0.1304815 0.1336772 0.1360915 0.0024204 0.1141510 0.1235707 0.1378589 0.1456698 0.1160036 0.0045408 0.0215961 0.1187728 0.1254496 0.0021860 0.0000000 0.0075815 0.1493185 0.1335068 0.1657285 0.1211955 0.1506406 0.0014985 0.1357112 0.0938034 0.1326160 0.1357053 0.1534012 0.1508226 0.1235576 0.1158959 0.1334324 0.0043935 0.1318884 
Dasyuridae_Planigale_tenuirostris            0.1040910 0.1151160 0.1238317 0.1157815 0.1144150 0.0117679 0.1017180 0.1138520 0.1234314 0.1150694 0.0940249 0.0051025 0.0061522 0.1027658 0.1096711 0.0025028 0.0075815 0.0000000 0.1160522 0.1070616 0.1523933 0.1226425 0.1574317 0.0023205 0.1167311 0.0767287 0.1180968 0.1099292 0.1408077 0.1358563 0.1028508 0.1001579 0.1007300 0.0133478 0.0996579 
Peramelidae_Echymipera_kalubu                0.1057332 0.1186673 0.1037207 0.1329704 0.1341076 0.1513495 0.1080552 0.1110826 0.1289327 0.0073336 0.1084796 0.1267692 0.1489371 0.1086570 0.1089329 0.0736888 0.1493185 0.1160522 0.0000000 0.1151114 0.1479436 0.0951221 0.1372978 0.0628200 0.1175934 0.0810956 0.1156060 0.1186784 0.1397803 0.1309134 0.1067136 0.1076132 0.0033652 0.1598489 0.0066409 
Macropodidae_Dorcopsulus_vanheurni           0.0609603 0.1023834 0.0653160 0.0096676 0.0119414 0.1348728 0.0556334 0.0683396 0.0117844 0.1081459 0.0622776 0.1102234 0.1339454 0.0618944 0.0648364 0.0624352 0.1335068 0.1070616 0.1151114 0.0000000 0.0945265 0.0938973 0.1284360 0.0474335 0.0308734 0.0634083 0.0658735 0.0021371 0.0823919 0.0797254 0.0592584 0.0619838 0.1030343 0.1395534 0.0979213 
Pseudochiridae_Pseudochirulus_forbesi        0.0871930 0.1376449 0.0977042 0.1074427 0.1085646 0.1667672 0.0845739 0.0933884 0.1070637 0.1422432 0.0879275 0.1439217 0.1635792 0.0880273 0.0744225 0.1148914 0.1657285 0.1523933 0.1479436 0.0945265 0.0000000 0.1355990 0.1831510 0.1022331 0.0947155 0.0997945 0.0333670 0.1024420 0.0089464 0.0946845 0.0715999 0.0881602 0.1321642 0.1675955 0.1264151 
Didelphidae_Didelphis_virginiana             0.0908558 0.1022402 0.1142640 0.1107381 0.1090857 0.1278664 0.0863395 0.0758528 0.1114871 0.0946028 0.0881604 0.1322536 0.1324374 0.0904077 0.0886596 0.1324313 0.1211955 0.1226425 0.0951221 0.0938973 0.1355990 0.0000000 0.0288076 0.1260911 0.0961795 0.1133379 0.0824178 0.1015079 0.0885604 0.0899168 0.0832268 0.0870574 0.0849377 0.1146394 0.0982515 
Marmosidae_Monodelphis_domestica             0.1312955 0.1396104 0.1587431 0.1503260 0.1486431 0.1575545 0.1285149 0.1276697 0.1507220 0.1433922 0.1342665 0.1602959 0.1774233 0.1356788 0.1352525 0.1625404 0.1506406 0.1574317 0.1372978 0.1284360 0.1831510 0.0288076 0.0000000 0.1539273 0.1270124 0.1405122 0.1319236 0.1350076 0.1424910 0.1401380 0.1313579 0.1304564 0.1332615 0.1477661 0.1452967 
Dasyuridae_Antechinus_stuartii               0.0530286 0.0667403 0.0771313 0.0539343 0.0540120 0.0021907 0.0582852 0.0517292 0.0532000 0.0664315 0.0484475 0.0017597 0.0030291 0.0531211 0.0545447 0.0016327 0.0014985 0.0023205 0.0628200 0.0474335 0.1022331 0.1260911 0.1539273 0.0000000 0.0579008 0.0644554 0.0545265 0.0573451 0.0369874 0.0765827 0.0483993 0.0496103 0.0594077 0.0019019 0.0731533 
Hypsiprymnodontidae_Hypsiprymnodon_moschatus 0.0575002 0.1012329 0.0667927 0.0374700 0.0401310 0.1390430 0.0577704 0.0634113 0.0386707 0.1088498 0.0602476 0.1172545 0.1380731 0.0591310 0.0666459 0.0710116 0.1357112 0.1167311 0.1175934 0.0308734 0.0947155 0.0961795 0.1270124 0.0579008 0.0000000 0.0677449 0.0638972 0.0300960 0.0795808 0.0836591 0.0604029 0.0592159 0.1010320 0.1484238 0.1026095 
Microbiotheriidae_Dromiciops_gliroides       0.0592094 0.0752789 0.0588089 0.0810835 0.0825107 0.0989315 0.0568663 0.0643635 0.0753200 0.0759061 0.0605617 0.0958808 0.0981116 0.0585939 0.0622055 0.0752720 0.0938034 0.0767287 0.0810956 0.0634083 0.0997945 0.1133379 0.1405122 0.0644554 0.0677449 0.0000000 0.0637977 0.0660481 0.0628025 0.0794360 0.0676124 0.0611325 0.0740564 0.1032379 0.0775356 
Pseudochiridae_Petauroides_volans            0.0562854 0.1156138 0.0694780 0.0744971 0.0756879 0.1333455 0.0550292 0.0577124 0.0745270 0.1067251 0.0553701 0.1122870 0.1338073 0.0553143 0.0475387 0.0709302 0.1326160 0.1180968 0.1156060 0.0658735 0.0333670 0.0824178 0.1319236 0.0545265 0.0638972 0.0637977 0.0000000 0.0670912 0.0126872 0.0705316 0.0446813 0.0553944 0.0964591 0.1403214 0.0927373 
Macropodidae_Wallabia_bicolor                0.0608407 0.1060720 0.0665930 0.0105439 0.0130211 0.1360497 0.0555896 0.0653514 0.0111827 0.1060714 0.0603196 0.1138712 0.1354303 0.0599767 0.0689447 0.0726749 0.1357053 0.1099292 0.1186784 0.0021371 0.1024420 0.1015079 0.1350076 0.0573451 0.0300960 0.0660481 0.0670912 0.0000000 0.0836833 0.0857683 0.0616942 0.0600628 0.1029609 0.1436396 0.1019700 
Pseudochiridae_Pseudocheirus_occidentalis    0.0681381 0.1320899 0.0710881 0.0871719 0.0910879 0.1556295 0.0629056 0.0775637 0.0907897 0.1225797 0.0643996 0.1349003 0.1497826 0.0661148 0.0587954 0.0694168 0.1534012 0.1408077 0.1397803 0.0823919 0.0089464 0.0885604 0.1424910 0.0369874 0.0795808 0.0628025 0.0126872 0.0836833 0.0000000 0.0894398 0.0608129 0.0699704 0.1127281 0.1635037 0.1132103 
Tarsipedidae_Tarsipes_rostratus              0.0655283 0.1205613 0.0857830 0.0941589 0.0962570 0.1561633 0.0692398 0.0680535 0.0874850 0.1219594 0.0716274 0.1289614 0.1420453 0.0681325 0.0712860 0.0856505 0.1508226 0.1358563 0.1309134 0.0797254 0.0946845 0.0899168 0.1401380 0.0765827 0.0836591 0.0794360 0.0705316 0.0857683 0.0894398 0.0000000 0.0695601 0.0673203 0.1138250 0.1584522 0.1111736 
Acrobatidae_Distoechurus_pennatus            0.0477633 0.1012320 0.0581614 0.0713524 0.0753584 0.1214643 0.0496313 0.0529363 0.0687825 0.1048562 0.0488787 0.1028401 0.1260799 0.0472527 0.0115182 0.0599354 0.1235576 0.1028508 0.1067136 0.0592584 0.0715999 0.0832268 0.1313579 0.0483993 0.0604029 0.0676124 0.0446813 0.0616942 0.0608129 0.0695601 0.0000000 0.0490357 0.0966768 0.1316591 0.0986575 
Phalangeridae_Phalanger_carmelitae           0.0499945 0.1000500 0.0550916 0.0669930 0.0708711 0.1199966 0.0065997 0.0021419 0.0700138 0.0981892 0.0013755 0.0923519 0.1143789 0.0008339 0.0492297 0.0610530 0.1158959 0.1001579 0.1076132 0.0619838 0.0881602 0.0870574 0.1304564 0.0496103 0.0592159 0.0611325 0.0553944 0.0600628 0.0699704 0.0673203 0.0490357 0.0000000 0.0927067 0.1278237 0.0907033 
Peramelidae_Peroryctes_raffrayana            0.0942823 0.1140511 0.0903033 0.1184840 0.1186579 0.1286776 0.0922509 0.0917498 0.1105940 0.0055299 0.0959499 0.1169924 0.1385180 0.0938289 0.0987123 0.0746560 0.1334324 0.1007300 0.0033652 0.1030343 0.1321642 0.0849377 0.1332615 0.0594077 0.1010320 0.0740564 0.0964591 0.1029609 0.1127281 0.1138250 0.0966768 0.0927067 0.0000000 0.1442464 0.0045130 
Dasyuridae_Dasyurus_geffroii                 0.1295514 0.1555102 0.1366459 0.1458651 0.1483830 0.0025608 0.1219238 0.1326948 0.1512792 0.1551296 0.1272752 0.0050709 0.0313544 0.1296607 0.1328909 0.0026663 0.0043935 0.0133478 0.1598489 0.1395534 0.1675955 0.1146394 0.1477661 0.0019019 0.1484238 0.1032379 0.1403214 0.1436396 0.1635037 0.1584522 0.1316591 0.1278237 0.1442464 0.0000000 0.1366632 
Peramelidae_Perameles_gunnii                 0.0877152 0.1130039 0.0903350 0.1135334 0.1137027 0.1282070 0.0890461 0.0970205 0.1096713 0.0003604 0.0898207 0.1203718 0.1368371 0.0918356 0.0896226 0.0840734 0.1318884 0.0996579 0.0066409 0.0979213 0.1264151 0.0982515 0.1452967 0.0731533 0.1026095 0.0775356 0.0927373 0.1019700 0.1132103 0.1111736 0.0986575 0.0907033 0.0045130 0.1366632 0.0000000 
