35
Burramyidae_Burramys_parvus                  0.0000000 0.1040870 0.1402183 0.1137699 0.1114801 0.1737410 0.0575439 0.1023013 0.0743619 0.1007889 0.1715555 0.1725351 0.1088329 0.1160504 0.1719729 0.1736914 0.1667953 0.1254365 0.1371620 0.1466099 0.1818297 0.1909405 0.1657225 0.1229098 0.1585464 0.1359525 0.1445124 0.0819945 0.1184920 0.1265868 0.1180591 0.1746693 0.1214277 0.1128071 0.1189491 
Notoryctidae_Notoryctes_typhlops             0.1040870 0.0000000 0.1669748 0.1374607 0.1377998 0.1819328 0.0908807 0.1337101 0.0940801 0.1320823 0.1712140 0.1878362 0.1382088 0.1448871 0.1709186 0.1812176 0.1743704 0.1300205 0.1585391 0.1604700 0.1953024 0.1773471 0.1681127 0.1542991 0.1581522 0.1419311 0.1637142 0.0981263 0.1697781 0.1621968 0.1468544 0.1807254 0.1170953 0.1323359 0.1147571 
Vombatidae_Lasiorhinus_latifrons             0.1402183 0.1669748 0.0000000 0.0683258 0.0680784 0.1111577 0.1169348 0.0613040 0.1183790 0.0689153 0.0997534 0.1011418 0.0676660 0.0778217 0.1002155 0.1111052 0.1013441 0.1966002 0.0867896 0.1012464 0.1181465 0.1055905 0.0933480 0.0671504 0.0789202 0.0742352 0.0917078 0.1300767 0.1842586 0.0914318 0.0749111 0.1055772 0.1971729 0.1945885 0.1939633 
Potoroidae_Bettongia_penicillata             0.1137699 0.1374607 0.0683258 0.0000000 0.0055368 0.1094466 0.0868767 0.0415262 0.0354120 0.0497564 0.0957763 0.1006659 0.0492182 0.0574023 0.0963372 0.1128835 0.0865978 0.1667799 0.0265712 0.0807486 0.1106210 0.1022082 0.0954002 0.0224057 0.0812737 0.0615199 0.0292058 0.1001505 0.1508225 0.0696218 0.0546283 0.1064491 0.1696446 0.1668275 0.1663960 
Potoroidae_Bettongia_lesueur                 0.1114801 0.1377998 0.0680784 0.0055368 0.0000000 0.1083623 0.0896927 0.0436374 0.0369435 0.0513503 0.0958555 0.0995079 0.0506530 0.0614256 0.0964174 0.1129933 0.0855696 0.1742334 0.0252312 0.0787655 0.1095293 0.1022521 0.0943548 0.0193338 0.0792671 0.0597834 0.0264947 0.0979748 0.1468397 0.0738308 0.0568882 0.1053751 0.1725489 0.1683334 0.1678946 
Dasyuridae_Dasyurus_maculatus                0.1737410 0.1819328 0.1111577 0.1094466 0.1083623 0.0000000 0.1552038 0.0968582 0.1577312 0.1034216 0.0272401 0.0371390 0.1061566 0.1158282 0.0240114 0.0096308 0.0408589 0.2034435 0.1314536 0.1428954 0.1359592 0.1275896 0.0244113 0.1183128 0.1076600 0.1106730 0.1347963 0.1668426 0.2020025 0.1100082 0.1113884 0.0078828 0.2090003 0.2168304 0.2036181 
Phalangeridae_Trichosurus_vulpecula          0.0575439 0.0908807 0.1169348 0.0868767 0.0896927 0.1552038 0.0000000 0.0491637 0.0579259 0.0490128 0.1485893 0.1557382 0.0525571 0.0924209 0.1490482 0.1563594 0.1488881 0.1040754 0.1028238 0.1136983 0.1551059 0.1433739 0.1464498 0.1044484 0.1323807 0.0955452 0.1115622 0.0629472 0.1034590 0.1080787 0.0582312 0.1559925 0.1123613 0.1039934 0.1086629 
Phalangeridae_Spilocuscus_maculatus          0.1023013 0.1337101 0.0613040 0.0415262 0.0436374 0.0968582 0.0491637 0.0000000 0.0805027 0.0113705 0.0863807 0.0941416 0.0101842 0.0478051 0.0869428 0.0988396 0.0860436 0.1591821 0.0562470 0.0703836 0.0966857 0.0911184 0.0856012 0.0439874 0.0697611 0.0459746 0.0628017 0.0900714 0.1415415 0.0575779 0.0149190 0.0940694 0.1692129 0.1593404 0.1625864 
Potoroidae_Aepyprymnus_rufescens             0.0743619 0.0940801 0.1183790 0.0354120 0.0369435 0.1577312 0.0579259 0.0805027 0.0000000 0.0831677 0.1450225 0.1545784 0.0883361 0.1000746 0.1454993 0.1576758 0.1310713 0.1196430 0.0603926 0.1242320 0.1560395 0.1527515 0.1442607 0.0595654 0.1309387 0.1027372 0.0637237 0.0646663 0.1165095 0.1170335 0.0954608 0.1541590 0.1148072 0.1145545 0.1122744 
Phalangeridae_Strigocuscus_pelengensis       0.1007889 0.1320823 0.0689153 0.0497564 0.0513503 0.1034216 0.0490128 0.0113705 0.0831677 0.0000000 0.0922379 0.0984187 0.0119978 0.0525581 0.0929746 0.1036355 0.0923480 0.1566086 0.0662242 0.0780571 0.1018717 0.0956263 0.0920843 0.0543882 0.0806647 0.0547807 0.0733706 0.0934651 0.1384272 0.0604642 0.0151521 0.0993077 0.1588984 0.1589265 0.1556947 
Dasyuridae_Phascogale_tapoatafa              0.1715555 0.1712140 0.0997534 0.0957763 0.0958555 0.0272401 0.1485893 0.0863807 0.1450225 0.0922379 0.0000000 0.0295422 0.0986787 0.1044946 0.0044186 0.0258739 0.0281679 0.1937448 0.1117107 0.1368393 0.1193881 0.1140243 0.0110292 0.1067341 0.0983748 0.1014131 0.1172600 0.1605005 0.2052150 0.1033892 0.1057401 0.0266290 0.1991259 0.2048691 0.1917623 
Dasyuridae_Sminthopsis_macroura              0.1725351 0.1878362 0.1011418 0.1006659 0.0995079 0.0371390 0.1557382 0.0941416 0.1545784 0.0984187 0.0295422 0.0000000 0.1012286 0.1065350 0.0293371 0.0385732 0.0239152 0.2175132 0.1215253 0.1365622 0.1234108 0.1141952 0.0307327 0.0992128 0.1029957 0.1028572 0.1264274 0.1628723 0.1903232 0.1028840 0.1084310 0.0357719 0.2218863 0.2266930 0.2166836 
Phalangeridae_Phalanger_orientalis           0.1088329 0.1382088 0.0676660 0.0492182 0.0506530 0.1061566 0.0525571 0.0101842 0.0883361 0.0119978 0.0986787 0.1012286 0.0000000 0.0506713 0.0993844 0.1086228 0.0961796 0.1678596 0.0637688 0.0740015 0.1046549 0.0984948 0.0949414 0.0513164 0.0771001 0.0515875 0.0707202 0.0950288 0.1422931 0.0630718 0.0061498 0.1032715 0.1756381 0.1729241 0.1727239 
Acrobatidae_Acrobates_pygmaeus               0.1160504 0.1448871 0.0778217 0.0574023 0.0614256 0.1158282 0.0924209 0.0478051 0.1000746 0.0525581 0.1044946 0.1065350 0.0506713 0.0000000 0.1047593 0.1190884 0.0959726 0.1683411 0.0721735 0.0739501 0.1114434 0.1065105 0.1014541 0.0541516 0.0967505 0.0516963 0.0785836 0.0916312 0.1421997 0.0409004 0.0561223 0.1136971 0.1688616 0.1726681 0.1661492 
Dasyuridae_Phascogale_calura                 0.1719729 0.1709186 0.1002155 0.0963372 0.0964174 0.0240114 0.1490482 0.0869428 0.1454993 0.0929746 0.0044186 0.0293371 0.0993844 0.1047593 0.0000000 0.0219664 0.0281497 0.1919633 0.1134639 0.1360096 0.1159865 0.1143806 0.0091927 0.1071913 0.0971498 0.1010029 0.1202233 0.1591398 0.2098175 0.1039312 0.1063195 0.0227115 0.1970513 0.2027115 0.1897740 
Dasyuridae_Sarcophilus_harrisii              0.1736914 0.1812176 0.1111052 0.1128835 0.1129933 0.0096308 0.1563594 0.0988396 0.1576758 0.1036355 0.0258739 0.0385732 0.1086228 0.1190884 0.0219664 0.0000000 0.0401196 0.2012047 0.1368349 0.1480406 0.1355591 0.1273182 0.0223709 0.1233741 0.1115063 0.1121270 0.1402536 0.1653169 0.2037317 0.1145992 0.1158346 0.0084628 0.2023629 0.2040126 0.1949491 
Dasyuridae_Planigale_tenuirostris            0.1667953 0.1743704 0.1013441 0.0865978 0.0855696 0.0408589 0.1488881 0.0860436 0.1310713 0.0923480 0.0281679 0.0239152 0.0961796 0.0959726 0.0281497 0.0401196 0.0000000 0.2130603 0.1076263 0.1342142 0.1187420 0.1048714 0.0317194 0.0954645 0.0912018 0.0971286 0.1098896 0.1566976 0.1996898 0.0998442 0.1004303 0.0385756 0.2189292 0.2242608 0.2124385 
Peramelidae_Echymipera_kalubu                0.1254365 0.1300205 0.1966002 0.1667799 0.1742334 0.2034435 0.1040754 0.1591821 0.1196430 0.1566086 0.1937448 0.2175132 0.1678596 0.1683411 0.1919633 0.2012047 0.2130603 0.0000000 0.2056759 0.2051786 0.2036281 0.1865383 0.1977458 0.2042461 0.1789252 0.1723461 0.2164841 0.1246257 0.1785735 0.1694240 0.1804694 0.2060201 0.0279724 0.0240454 0.0255386 
Macropodidae_Dorcopsulus_vanheurni           0.1371620 0.1585391 0.0867896 0.0265712 0.0252312 0.1314536 0.1028238 0.0562470 0.0603926 0.0662242 0.1117107 0.1215253 0.0637688 0.0721735 0.1134639 0.1368349 0.1076263 0.2056759 0.0000000 0.0982617 0.1260771 0.1154050 0.1126819 0.0387299 0.1014668 0.0751813 0.0096554 0.1214895 0.1655551 0.0871133 0.0695842 0.1269206 0.2101812 0.2076505 0.2047148 
Pseudochiridae_Pseudochirulus_forbesi        0.1466099 0.1604700 0.1012464 0.0807486 0.0787655 0.1428954 0.1136983 0.0703836 0.1242320 0.0780571 0.1368393 0.1365622 0.0740015 0.0739501 0.1360096 0.1480406 0.1342142 0.2051786 0.0982617 0.0000000 0.1421154 0.1348970 0.1330607 0.0840382 0.1102943 0.0499182 0.1043963 0.0717028 0.1465243 0.0872474 0.0810173 0.1422431 0.2180722 0.2031357 0.2129669 
Didelphidae_Didelphis_virginiana             0.1818297 0.1953024 0.1181465 0.1106210 0.1095293 0.1359592 0.1551059 0.0966857 0.1560395 0.1018717 0.1193881 0.1234108 0.1046549 0.1114434 0.1159865 0.1355591 0.1187420 0.2036281 0.1260771 0.1421154 0.0000000 0.0404845 0.1235484 0.1150732 0.1073361 0.1141610 0.1333222 0.1666854 0.2094222 0.1152241 0.1157960 0.1322813 0.2056721 0.2067492 0.2064521 
Marmosidae_Monodelphis_domestica             0.1909405 0.1773471 0.1055905 0.1022082 0.1022521 0.1275896 0.1433739 0.0911184 0.1527515 0.0956263 0.1140243 0.1141952 0.0984948 0.1065105 0.1143806 0.1273182 0.1048714 0.1865383 0.1154050 0.1348970 0.0404845 0.0000000 0.1159011 0.1050288 0.1025167 0.1050212 0.1221676 0.1615150 0.2097911 0.1177521 0.1057505 0.1240498 0.1924090 0.1935311 0.1912107 
Dasyuridae_Antechinus_stuartii               0.1657225 0.1681127 0.0933480 0.0954002 0.0943548 0.0244113 0.1464498 0.0856012 0.1442607 0.0920843 0.0110292 0.0307327 0.0949414 0.1014541 0.0091927 0.0223709 0.0317194 0.1977458 0.1126819 0.1330607 0.1235484 0.1159011 0.0000000 0.1063954 0.0943343 0.0996600 0.1204755 0.1522738 0.2043109 0.1029469 0.1010152 0.0217594 0.1936550 0.2051292 0.1884164 
Hypsiprymnodontidae_Hypsiprymnodon_moschatus 0.1229098 0.1542991 0.0671504 0.0224057 0.0193338 0.1183128 0.1044484 0.0439874 0.0595654 0.0543882 0.1067341 0.0992128 0.0513164 0.0541516 0.1071913 0.1233741 0.0954645 0.2042461 0.0387299 0.0840382 0.1150732 0.1050288 0.1063954 0.0000000 0.0761571 0.0653781 0.0413347 0.1125506 0.1676841 0.0715282 0.0568751 0.1131194 0.2077461 0.2006433 0.2010894 
Microbiotheriidae_Dromiciops_gliroides       0.1585464 0.1581522 0.0789202 0.0812737 0.0792671 0.1076600 0.1323807 0.0697611 0.1309387 0.0806647 0.0983748 0.1029957 0.0771001 0.0967505 0.0971498 0.1115063 0.0912018 0.1789252 0.1014668 0.1102943 0.1073361 0.1025167 0.0943343 0.0761571 0.0000000 0.0809333 0.1046019 0.1407571 0.1969725 0.1014986 0.0839827 0.1069185 0.1774151 0.1788933 0.1717750 
Pseudochiridae_Petauroides_volans            0.1359525 0.1419311 0.0742352 0.0615199 0.0597834 0.1106730 0.0955452 0.0459746 0.1027372 0.0547807 0.1014131 0.1028572 0.0515875 0.0516963 0.1010029 0.1121270 0.0971286 0.1723461 0.0751813 0.0499182 0.1141610 0.1050212 0.0996600 0.0653781 0.0809333 0.0000000 0.0795603 0.0711762 0.1280560 0.0623187 0.0565141 0.1051626 0.1757044 0.1644425 0.1740335 
Macropodidae_Wallabia_bicolor                0.1445124 0.1637142 0.0917078 0.0292058 0.0264947 0.1347963 0.1115622 0.0628017 0.0637237 0.0733706 0.1172600 0.1264274 0.0707202 0.0785836 0.1202233 0.1402536 0.1098896 0.2164841 0.0096554 0.1043963 0.1333222 0.1221676 0.1204755 0.0413347 0.1046019 0.0795603 0.0000000 0.1286307 0.1712920 0.0908082 0.0746862 0.1302173 0.2200651 0.2218834 0.2145139 
Pseudochiridae_Pseudocheirus_occidentalis    0.0819945 0.0981263 0.1300767 0.1001505 0.0979748 0.1668426 0.0629472 0.0900714 0.0646663 0.0934651 0.1605005 0.1628723 0.0950288 0.0916312 0.1591398 0.1653169 0.1566976 0.1246257 0.1214895 0.0717028 0.1666854 0.1615150 0.1522738 0.1125506 0.1407571 0.0711762 0.1286307 0.0000000 0.0837226 0.1092805 0.1023923 0.1632138 0.1224069 0.1106948 0.1197035 
Tarsipedidae_Tarsipes_rostratus              0.1184920 0.1697781 0.1842586 0.1508225 0.1468397 0.2020025 0.1034590 0.1415415 0.1165095 0.1384272 0.2052150 0.1903232 0.1422931 0.1421997 0.2098175 0.2037317 0.1996898 0.1785735 0.1655551 0.1465243 0.2094222 0.2097911 0.2043109 0.1676841 0.1969725 0.1280560 0.1712920 0.0837226 0.0000000 0.1429711 0.1561449 0.2014436 0.1732703 0.1725364 0.1740692 
Acrobatidae_Distoechurus_pennatus            0.1265868 0.1621968 0.0914318 0.0696218 0.0738308 0.1100082 0.1080787 0.0575779 0.1170335 0.0604642 0.1033892 0.1028840 0.0630718 0.0409004 0.1039312 0.1145992 0.0998442 0.1694240 0.0871133 0.0872474 0.1152241 0.1177521 0.1029469 0.0715282 0.1014986 0.0623187 0.0908082 0.1092805 0.1429711 0.0000000 0.0688270 0.1104739 0.1650835 0.1705392 0.1605439 
Phalangeridae_Phalanger_carmelitae           0.1180591 0.1468544 0.0749111 0.0546283 0.0568882 0.1113884 0.0582312 0.0149190 0.0954608 0.0151521 0.1057401 0.1084310 0.0061498 0.0561223 0.1063195 0.1158346 0.1004303 0.1804694 0.0695842 0.0810173 0.1157960 0.1057505 0.1010152 0.0568751 0.0839827 0.0565141 0.0746862 0.1023923 0.1561449 0.0688270 0.0000000 0.1095772 0.1922991 0.1859019 0.1852033 
Dasyuridae_Dasyurus_geffroii                 0.1746693 0.1807254 0.1055772 0.1064491 0.1053751 0.0078828 0.1559925 0.0940694 0.1541590 0.0993077 0.0266290 0.0357719 0.1032715 0.1136971 0.0227115 0.0084628 0.0385756 0.2060201 0.1269206 0.1422431 0.1322813 0.1240498 0.0217594 0.1131194 0.1069185 0.1051626 0.1302173 0.1632138 0.2014436 0.1104739 0.1095772 0.0000000 0.2036615 0.2113627 0.1983337 
Peramelidae_Perameles_nasuta                 0.1214277 0.1170953 0.1971729 0.1696446 0.1725489 0.2090003 0.1123613 0.1692129 0.1148072 0.1588984 0.1991259 0.2218863 0.1756381 0.1688616 0.1970513 0.2023629 0.2189292 0.0279724 0.2101812 0.2180722 0.2056721 0.1924090 0.1936550 0.2077461 0.1774151 0.1757044 0.2200651 0.1224069 0.1732703 0.1650835 0.1922991 0.2036615 0.0000000 0.0353106 0.0013992 
Peramelidae_Peroryctes_raffrayana            0.1128071 0.1323359 0.1945885 0.1668275 0.1683334 0.2168304 0.1039934 0.1593404 0.1145545 0.1589265 0.2048691 0.2266930 0.1729241 0.1726681 0.2027115 0.2040126 0.2242608 0.0240454 0.2076505 0.2031357 0.2067492 0.1935311 0.2051292 0.2006433 0.1788933 0.1644425 0.2218834 0.1106948 0.1725364 0.1705392 0.1859019 0.2113627 0.0353106 0.0000000 0.0334881 
Peramelidae_Perameles_gunnii                 0.1189491 0.1147571 0.1939633 0.1663960 0.1678946 0.2036181 0.1086629 0.1625864 0.1122744 0.1556947 0.1917623 0.2166836 0.1727239 0.1661492 0.1897740 0.1949491 0.2124385 0.0255386 0.2047148 0.2129669 0.2064521 0.1912107 0.1884164 0.2010894 0.1717750 0.1740335 0.2145139 0.1197035 0.1740692 0.1605439 0.1852033 0.1983337 0.0013992 0.0334881 0.0000000 
