37
Burramyidae_Burramys_parvus                  0.0000000 0.0412357 0.0269316 0.0552432 0.0532564 0.0575052 0.0248276 0.0205792 0.0533611 0.0456044 0.1864052 0.0193072 0.0633678 0.0635818 0.0280437 0.0215801 0.0627409 0.0600432 0.0388768 0.0190454 0.0526345 0.0465957 0.0431721 0.0284336 0.0213310 0.0399937 0.0269494 0.0445700 0.0233878 0.1864052 0.0254631 0.0432566 0.0614753 0.0473053 0.0583709 0.0432309 0.0642220 
Notoryctidae_Notoryctes_typhlops             0.0412357 0.0000000 0.0537208 0.0871285 0.0831578 0.0776678 0.0535859 0.0491279 0.0810904 0.0657515 0.3542669 0.0446617 0.0827086 0.0858434 0.0617459 0.0462197 0.0805092 0.0819128 0.0708452 0.0428856 0.0764160 0.0700546 0.0736132 0.0483219 0.0469160 0.0697656 0.0605656 0.0766630 0.0518282 0.3542669 0.0565252 0.0585240 0.0829904 0.0673401 0.0784996 0.0563105 0.0813233 
Vombatidae_Lasiorhinus_latifrons             0.0269316 0.0537208 0.0000000 0.0626907 0.0599219 0.0662309 0.0368402 0.0310918 0.0630343 0.0525691 0.1634830 0.0310125 0.0739246 0.0769057 0.0435827 0.0348186 0.0721751 0.0702918 0.0468548 0.0238906 0.0603135 0.0529977 0.0514488 0.0336629 0.0295739 0.0484311 0.0358427 0.0585758 0.0362099 0.1634830 0.0365340 0.0452532 0.0711998 0.0546567 0.0673362 0.0456059 0.0749388 
Potoroidae_Bettongia_penicillata             0.0552432 0.0871285 0.0626907 0.0000000 0.0036981 0.1006633 0.0620396 0.0569946 0.0161022 0.0791715 0.1931835 0.0614378 0.1084878 0.1158272 0.0704394 0.0620689 0.1079375 0.1025362 0.0226131 0.0542190 0.0955848 0.0906964 0.0445613 0.0684539 0.0573967 0.0207365 0.0387979 0.0762152 0.0615422 0.1931835 0.0665172 0.0766026 0.1055983 0.0819465 0.1056529 0.0762085 0.1125942 
Potoroidae_Bettongia_lesueur                 0.0532564 0.0831578 0.0599219 0.0036981 0.0000000 0.0981419 0.0602264 0.0544697 0.0134958 0.0779393 0.2112059 0.0580361 0.1063312 0.1128729 0.0680091 0.0597693 0.1057534 0.0999610 0.0200519 0.0512929 0.0924746 0.0858797 0.0426403 0.0678115 0.0558027 0.0183746 0.0402510 0.0738819 0.0592860 0.2112059 0.0632998 0.0753335 0.1028845 0.0810744 0.1026905 0.0757862 0.1102109 
Dasyuridae_Dasyurus_maculatus                0.0575052 0.0776678 0.0662309 0.1006633 0.0981419 0.0000000 0.0654034 0.0606125 0.0983196 0.0738547 0.0226575 0.0570207 0.0071232 0.0163903 0.0724972 0.0649374 0.0067354 0.0022507 0.0760550 0.0554332 0.0825633 0.0757760 0.0844368 0.0600717 0.0611506 0.0758818 0.0923362 0.0929741 0.0690081 0.0226575 0.0683395 0.0684386 0.0019727 0.0754502 0.0138916 0.0699020 0.0078392 
Phalangeridae_Trichosurus_vulpecula          0.0248276 0.0535859 0.0368402 0.0620396 0.0602264 0.0654034 0.0000000 0.0124091 0.0616546 0.0539683 0.1421148 0.0128930 0.0713835 0.0757231 0.0184125 0.0318640 0.0727892 0.0680627 0.0470965 0.0269376 0.0618892 0.0570236 0.0541061 0.0379303 0.0301884 0.0493931 0.0304657 0.0510508 0.0368266 0.1421148 0.0158164 0.0499062 0.0708239 0.0564789 0.0716110 0.0500898 0.0749915 
Phalangeridae_Spilocuscus_maculatus          0.0205792 0.0491279 0.0310918 0.0569946 0.0544697 0.0606125 0.0124091 0.0000000 0.0541800 0.0509475 0.1132730 0.0037134 0.0641123 0.0683296 0.0085357 0.0287795 0.0634909 0.0622175 0.0400236 0.0217371 0.0603072 0.0545294 0.0480644 0.0336197 0.0241632 0.0428430 0.0309903 0.0489908 0.0311025 0.1132730 0.0056981 0.0455832 0.0649786 0.0526519 0.0625856 0.0458156 0.0659348 
Potoroidae_Aepyprymnus_rufescens             0.0533611 0.0810904 0.0630343 0.0161022 0.0134958 0.0983196 0.0616546 0.0541800 0.0000000 0.0834246 0.2616743 0.0588375 0.1066819 0.1140839 0.0692628 0.0615237 0.1065888 0.1011382 0.0171519 0.0529949 0.0955371 0.0892819 0.0435886 0.0665536 0.0578402 0.0166095 0.0543672 0.0811034 0.0594455 0.2616743 0.0638346 0.0798849 0.1032941 0.0861788 0.1034879 0.0803199 0.1089850 
Peramelidae_Perameles_nasuta                 0.0456044 0.0657515 0.0525691 0.0791715 0.0779393 0.0738547 0.0539683 0.0509475 0.0834246 0.0000000 0.1257970 0.0397061 0.0796186 0.0803250 0.0567441 0.0498946 0.0805182 0.0741713 0.0685035 0.0470716 0.0677043 0.0649290 0.0695704 0.0496307 0.0515955 0.0682698 0.0678507 0.0730683 0.0512845 0.1257970 0.0578443 0.0086835 0.0785524 0.0002464 0.0743421 0.0086258 0.0804528 
Myrmecobiidae_Myrmecobius_fasciatus1         0.1864052 0.3542669 0.1634830 0.1931835 0.2112059 0.0226575 0.1421148 0.1132730 0.2616743 0.1257970 0.0000000 0.1623936 0.0226575 0.0122799 0.1918719 0.2501742 0.0107807 0.0088172 0.2112059 0.0226575 0.3881543 0.5565844 0.2616743 0.2169875 0.1132730 0.2112059 0.0959015 0.1446912 0.1787926 0.0000010 0.1918719 0.0994455 0.0226575 0.1257970 9.0000000 9.0000000 9.0000000 
Phalangeridae_Strigocuscus_pelengensis       0.0193072 0.0446617 0.0310125 0.0614378 0.0580361 0.0570207 0.0128930 0.0037134 0.0588375 0.0397061 0.1623936 0.0000000 0.0592201 0.0651366 0.0038615 0.0261573 0.0595734 0.0592655 0.0421876 0.0212748 0.0495690 0.0395856 0.0450413 0.0306452 0.0225814 0.0426591 0.0309509 0.0527536 0.0283100 0.1623936 0.0041688 0.0403581 0.0604993 0.0417214 0.0608477 0.0417223 0.0630621 
Dasyuridae_Phascogale_tapoatafa              0.0633678 0.0827086 0.0739246 0.1084878 0.1063312 0.0071232 0.0713835 0.0641123 0.1066819 0.0796186 0.0226575 0.0592201 0.0000000 0.0161382 0.0767208 0.0715074 0.0006464 0.0066026 0.0827516 0.0631905 0.0865851 0.0806743 0.0907303 0.0635660 0.0660733 0.0829705 0.1018873 0.0991791 0.0747391 0.0226575 0.0719289 0.0745686 0.0076245 0.0811867 0.0136638 0.0777416 0.0041219 
Dasyuridae_Sminthopsis_macroura              0.0635818 0.0858434 0.0769057 0.1158272 0.1128729 0.0163903 0.0757231 0.0683296 0.1140839 0.0803250 0.0122799 0.0651366 0.0161382 0.0000000 0.0811874 0.0736761 0.0161620 0.0161523 0.0905155 0.0639534 0.0894038 0.0849462 0.0956729 0.0678412 0.0707354 0.0888874 0.1027307 0.0971862 0.0783894 0.0122799 0.0762328 0.0775519 0.0172522 0.0823208 0.0125904 0.0811955 0.0191702 
Phalangeridae_Phalanger_orientalis           0.0280437 0.0617459 0.0435827 0.0704394 0.0680091 0.0724972 0.0184125 0.0085357 0.0692628 0.0567441 0.1918719 0.0038615 0.0767208 0.0811874 0.0000000 0.0381716 0.0776309 0.0752319 0.0525084 0.0307155 0.0649929 0.0602466 0.0586905 0.0448527 0.0344524 0.0540516 0.0451600 0.0607558 0.0390082 0.1918719 0.0046203 0.0589966 0.0768765 0.0587824 0.0756762 0.0589298 0.0805474 
Acrobatidae_Acrobates_pygmaeus               0.0215801 0.0462197 0.0348186 0.0620689 0.0597693 0.0649374 0.0318640 0.0287795 0.0615237 0.0498946 0.2501742 0.0261573 0.0715074 0.0736761 0.0381716 0.0000000 0.0704708 0.0680530 0.0467749 0.0206600 0.0632311 0.0555368 0.0504625 0.0357395 0.0252948 0.0460735 0.0341314 0.0472972 0.0146840 0.2501742 0.0337586 0.0461628 0.0685563 0.0519339 0.0672749 0.0450666 0.0713778 
Dasyuridae_Phascogale_calura                 0.0627409 0.0805092 0.0721751 0.1079375 0.1057534 0.0067354 0.0727892 0.0634909 0.1065888 0.0805182 0.0107807 0.0595734 0.0006464 0.0161620 0.0776309 0.0704708 0.0000000 0.0064017 0.0826629 0.0630376 0.0861364 0.0801459 0.0895488 0.0637941 0.0654828 0.0818894 0.1032944 0.1001836 0.0751791 0.0107807 0.0717869 0.0754196 0.0073175 0.0821046 0.0144545 0.0783516 0.0039635 
Dasyuridae_Sarcophilus_harrisii              0.0600432 0.0819128 0.0702918 0.1025362 0.0999610 0.0022507 0.0680627 0.0622175 0.1011382 0.0741713 0.0088172 0.0592655 0.0066026 0.0161523 0.0752319 0.0680530 0.0064017 0.0000000 0.0786031 0.0583593 0.0844649 0.0775842 0.0861072 0.0616668 0.0632305 0.0783939 0.0970249 0.0960130 0.0712391 0.0088172 0.0704932 0.0681792 0.0028245 0.0757735 0.0146666 0.0710075 0.0076634 
Macropodidae_Dorcopsulus_vanheurni           0.0388768 0.0708452 0.0468548 0.0226131 0.0200519 0.0760550 0.0470965 0.0400236 0.0171519 0.0685035 0.2112059 0.0421876 0.0827516 0.0905155 0.0525084 0.0467749 0.0826629 0.0786031 0.0000000 0.0381183 0.0746386 0.0695169 0.0325575 0.0511424 0.0447968 0.0034462 0.0454556 0.0651955 0.0454319 0.2112059 0.0487472 0.0642487 0.0820286 0.0716205 0.0782731 0.0641971 0.0859623 
Pseudochiridae_Pseudochirulus_forbesi        0.0190454 0.0428856 0.0238906 0.0542190 0.0512929 0.0554332 0.0269376 0.0217371 0.0529949 0.0470716 0.0226575 0.0212748 0.0631905 0.0639534 0.0307155 0.0206600 0.0630376 0.0583593 0.0381183 0.0000000 0.0513696 0.0464270 0.0384774 0.0264363 0.0110360 0.0376851 0.0083231 0.0338040 0.0229870 0.0226575 0.0269602 0.0407804 0.0578765 0.0483194 0.0604214 0.0435059 0.0673735 
Didelphidae_Didelphis_virginiana             0.0526345 0.0764160 0.0603135 0.0955848 0.0924746 0.0825633 0.0618892 0.0603072 0.0955371 0.0677043 0.3881543 0.0495690 0.0865851 0.0894038 0.0649929 0.0632311 0.0861364 0.0844649 0.0746386 0.0513696 0.0000000 0.0116309 0.0812763 0.0545268 0.0515025 0.0758210 0.0691636 0.0772038 0.0639986 0.3881543 0.0677730 0.0618900 0.0861168 0.0683419 0.0775707 0.0601323 0.0856966 
Marmosidae_Monodelphis_domestica             0.0465957 0.0700546 0.0529977 0.0906964 0.0858797 0.0757760 0.0570236 0.0545294 0.0892819 0.0649290 0.5565844 0.0395856 0.0806743 0.0849462 0.0602466 0.0555368 0.0801459 0.0775842 0.0695169 0.0464270 0.0116309 0.0000000 0.0746784 0.0486210 0.0469943 0.0716858 0.0655644 0.0730745 0.0578890 0.5565844 0.0622980 0.0611042 0.0803233 0.0660824 0.0733435 0.0576380 0.0805113 
Hypsiprymnodontidae_Hypsiprymnodon_moschatus 0.0431721 0.0736132 0.0514488 0.0445613 0.0426403 0.0844368 0.0541061 0.0480644 0.0435886 0.0695704 0.2616743 0.0450413 0.0907303 0.0956729 0.0586905 0.0504625 0.0895488 0.0861072 0.0325575 0.0384774 0.0812763 0.0746784 0.0000000 0.0558836 0.0455115 0.0300884 0.0443533 0.0731027 0.0478642 0.2616743 0.0552662 0.0687091 0.0904193 0.0716845 0.0869706 0.0685376 0.0945774 
Microbiotheriidae_Dromiciops_gliroides       0.0284336 0.0483219 0.0336629 0.0684539 0.0678115 0.0600717 0.0379303 0.0336197 0.0665536 0.0496307 0.2169875 0.0306452 0.0635660 0.0678412 0.0448527 0.0357395 0.0637941 0.0616668 0.0511424 0.0264363 0.0545268 0.0486210 0.0558836 0.0000000 0.0301979 0.0517380 0.0388797 0.0565401 0.0359219 0.2169875 0.0409561 0.0437733 0.0633071 0.0508717 0.0580435 0.0433624 0.0650043 
Pseudochiridae_Petauroides_volans            0.0213310 0.0469160 0.0295739 0.0573967 0.0558027 0.0611506 0.0301884 0.0241632 0.0578402 0.0515955 0.1132730 0.0225814 0.0660733 0.0707354 0.0344524 0.0252948 0.0654828 0.0632305 0.0447968 0.0110360 0.0515025 0.0469943 0.0455115 0.0301979 0.0000000 0.0454407 0.0194997 0.0390527 0.0268147 0.1132730 0.0300702 0.0456259 0.0630987 0.0527860 0.0626471 0.0479651 0.0690091 
Macropodidae_Wallabia_bicolor                0.0399937 0.0697656 0.0484311 0.0207365 0.0183746 0.0758818 0.0493931 0.0428430 0.0166095 0.0682698 0.2112059 0.0426591 0.0829705 0.0888874 0.0540516 0.0460735 0.0818894 0.0783939 0.0034462 0.0376851 0.0758210 0.0716858 0.0300884 0.0517380 0.0454407 0.0000000 0.0419646 0.0635726 0.0444197 0.2112059 0.0497730 0.0651342 0.0815051 0.0713987 0.0765651 0.0641990 0.0846100 
Pseudochiridae_Pseudocheirus_occidentalis    0.0269494 0.0605656 0.0358427 0.0387979 0.0402510 0.0923362 0.0304657 0.0309903 0.0543672 0.0678507 0.0959015 0.0309509 0.1018873 0.1027307 0.0451600 0.0341314 0.1032944 0.0970249 0.0454556 0.0083231 0.0691636 0.0655644 0.0443533 0.0388797 0.0194997 0.0419646 0.0000000 0.0285190 0.0338496 0.0959015 0.0385753 0.0577392 0.0965484 0.0669587 0.1000951 0.0570869 0.1103704 
Tarsipedidae_Tarsipes_rostratus              0.0445700 0.0766630 0.0585758 0.0762152 0.0738819 0.0929741 0.0510508 0.0489908 0.0811034 0.0730683 0.1446912 0.0527536 0.0991791 0.0971862 0.0607558 0.0472972 0.1001836 0.0960130 0.0651955 0.0338040 0.0772038 0.0730745 0.0731027 0.0565401 0.0390527 0.0635726 0.0285190 0.0000000 0.0509324 0.1446912 0.0562263 0.0665281 0.0975462 0.0751221 0.0943173 0.0689073 0.0996890 
Acrobatidae_Distoechurus_pennatus            0.0233878 0.0518282 0.0362099 0.0615422 0.0592860 0.0690081 0.0368266 0.0311025 0.0594455 0.0512845 0.1787926 0.0283100 0.0747391 0.0783894 0.0390082 0.0146840 0.0751791 0.0712391 0.0454319 0.0229870 0.0639986 0.0578890 0.0478642 0.0359219 0.0268147 0.0444197 0.0338496 0.0509324 0.0000000 0.1787926 0.0357861 0.0476747 0.0735641 0.0533716 0.0677036 0.0475053 0.0742343 
Myrmecobiidae_Myrmecobius_fasciatus2         0.1864052 0.3542669 0.1634830 0.1931835 0.2112059 0.0226575 0.1421148 0.1132730 0.2616743 0.1257970 0.0000010 0.1623936 0.0226575 0.0122799 0.1918719 0.2501742 0.0107807 0.0088172 0.2112059 0.0226575 0.3881543 0.5565844 0.2616743 0.2169875 0.1132730 0.2112059 0.0959015 0.1446912 0.1787926 0.0000000 0.1918719 0.0994455 0.0226575 0.1257970 9.0000000 9.0000000 9.0000000 
Phalangeridae_Phalanger_carmelitae           0.0254631 0.0565252 0.0365340 0.0665172 0.0632998 0.0683395 0.0158164 0.0056981 0.0638346 0.0578443 0.1918719 0.0041688 0.0719289 0.0762328 0.0046203 0.0337586 0.0717869 0.0704932 0.0487472 0.0269602 0.0677730 0.0622980 0.0552662 0.0409561 0.0300702 0.0497730 0.0385753 0.0562263 0.0357861 0.1918719 0.0000000 0.0524866 0.0728189 0.0603875 0.0701461 0.0534273 0.0740183 
Peramelidae_Peroryctes_raffrayana            0.0432566 0.0585240 0.0452532 0.0766026 0.0753335 0.0684386 0.0499062 0.0455832 0.0798849 0.0086835 0.0994455 0.0403581 0.0745686 0.0775519 0.0589966 0.0461628 0.0754196 0.0681792 0.0642487 0.0407804 0.0618900 0.0611042 0.0687091 0.0437733 0.0456259 0.0651342 0.0577392 0.0665281 0.0476747 0.0994455 0.0524866 0.0000000 0.0727598 0.0084035 0.0696594 0.0035192 0.0770474 
Dasyuridae_Dasyurus_geffroii                 0.0614753 0.0829904 0.0711998 0.1055983 0.1028845 0.0019727 0.0708239 0.0649786 0.1032941 0.0785524 0.0226575 0.0604993 0.0076245 0.0172522 0.0768765 0.0685563 0.0073175 0.0028245 0.0820286 0.0578765 0.0861168 0.0803233 0.0904193 0.0633071 0.0630987 0.0815051 0.0965484 0.0975462 0.0735641 0.0226575 0.0728189 0.0727598 0.0000000 0.0800506 0.0149439 0.0730854 0.0084815 
Peramelidae_Perameles_gunnii                 0.0473053 0.0673401 0.0546567 0.0819465 0.0810744 0.0754502 0.0564789 0.0526519 0.0861788 0.0002464 0.1257970 0.0417214 0.0811867 0.0823208 0.0587824 0.0519339 0.0821046 0.0757735 0.0716205 0.0483194 0.0683419 0.0660824 0.0716845 0.0508717 0.0527860 0.0713987 0.0669587 0.0751221 0.0533716 0.1257970 0.0603875 0.0084035 0.0800506 0.0000000 0.0760940 0.0081153 0.0826610 
Dasyuridae_Planigale_tenuirostris            0.0583709 0.0784996 0.0673362 0.1056529 0.1026905 0.0138916 0.0716110 0.0625856 0.1034879 0.0743421 9.0000000 0.0608477 0.0136638 0.0125904 0.0756762 0.0672749 0.0144545 0.0146666 0.0782731 0.0604214 0.0775707 0.0733435 0.0869706 0.0580435 0.0626471 0.0765651 0.1000951 0.0943173 0.0677036 9.0000000 0.0701461 0.0696594 0.0149439 0.0760940 0.0000000 0.0724229 0.0164325 
Peramelidae_Echymipera_kalubu                0.0432309 0.0563105 0.0456059 0.0762085 0.0757862 0.0699020 0.0500898 0.0458156 0.0803199 0.0086258 9.0000000 0.0417223 0.0777416 0.0811955 0.0589298 0.0450666 0.0783516 0.0710075 0.0641971 0.0435059 0.0601323 0.0576380 0.0685376 0.0433624 0.0479651 0.0641990 0.0570869 0.0689073 0.0475053 9.0000000 0.0534273 0.0035192 0.0730854 0.0081153 0.0724229 0.0000000 0.0796426 
Dasyuridae_Antechinus_stuartii               0.0642220 0.0813233 0.0749388 0.1125942 0.1102109 0.0078392 0.0749915 0.0659348 0.1089850 0.0804528 9.0000000 0.0630621 0.0041219 0.0191702 0.0805474 0.0713778 0.0039635 0.0076634 0.0859623 0.0673735 0.0856966 0.0805113 0.0945774 0.0650043 0.0690091 0.0846100 0.1103704 0.0996890 0.0742343 9.0000000 0.0740183 0.0770474 0.0084815 0.0826610 0.0164325 0.0796426 0.0000000 
