37
Burramyidae_Burramys_parvus                  0.0000000 0.0533928 0.0447389 0.0438588 0.0422141 0.0763720 0.0428099 0.0436866 0.0450890 0.0670166 0.0672571 0.0360747 0.0730982 0.0698988 0.0336894 0.0394801 0.0737958 0.0769377 0.0655301 0.0628373 0.0411075 0.0402735 0.0721631 0.0676144 0.0743244 0.0432101 0.0561956 0.0371366 0.0396584 0.0397438 0.0547761 0.0367201 0.0672571 0.0342387 0.0618570 0.0785993 0.0680431 
Notoryctidae_Notoryctes_typhlops             0.0533928 0.0000000 0.0586670 0.0623194 0.0618749 0.0784513 0.0669948 0.0633695 0.0626780 0.0643212 0.0741812 0.0552492 0.0770894 0.0712106 0.0543511 0.0568247 0.0766960 0.0786264 0.0663768 0.0569734 0.0628309 0.0615034 0.0759969 0.0741919 0.0773990 0.0605880 0.0588442 0.0582180 0.0617759 0.0587064 0.0779628 0.0574001 0.0741812 0.0560931 0.0561184 0.0834992 0.0645086 
Vombatidae_Lasiorhinus_latifrons             0.0447389 0.0586670 0.0000000 0.0505199 0.0530429 0.0765372 0.0528809 0.0524934 0.0532950 0.0738753 0.0569681 0.0404973 0.0744176 0.0712396 0.0448173 0.0492742 0.0736371 0.0730200 0.0684689 0.0676318 0.0493347 0.0543787 0.0779214 0.0742036 0.0736274 0.0526373 0.0653132 0.0468754 0.0504182 0.0517204 0.0603707 0.0477108 0.0569681 0.0440911 0.0705863 0.0757545 0.0736606 
Potoroidae_Bettongia_penicillata             0.0438588 0.0623194 0.0505199 0.0000000 0.0035131 0.0828981 0.0529053 0.0519672 0.0121188 0.0780095 0.0722774 0.0420867 0.0788668 0.0764467 0.0409879 0.0536385 0.0796981 0.0819155 0.0740940 0.0722380 0.0158717 0.0528318 0.0827839 0.0794238 0.0813084 0.0284972 0.0669891 0.0451815 0.0176588 0.0495825 0.0621603 0.0488407 0.0722774 0.0412246 0.0746653 0.0871253 0.0787035 
Potoroidae_Bettongia_lesueur                 0.0422141 0.0618749 0.0530429 0.0035131 0.0000000 0.0829016 0.0533277 0.0519736 0.0118617 0.0776077 0.0777328 0.0424120 0.0788637 0.0774050 0.0413039 0.0521583 0.0788380 0.0814952 0.0742212 0.0730673 0.0158619 0.0535568 0.0814024 0.0794262 0.0814086 0.0285206 0.0670629 0.0455168 0.0168459 0.0499055 0.0633299 0.0484593 0.0777328 0.0409340 0.0738153 0.0871303 0.0782992 
Dasyuridae_Dasyurus_maculatus                0.0763720 0.0784513 0.0765372 0.0828981 0.0829016 0.0000000 0.0844359 0.0842450 0.0856128 0.0905885 0.0522827 0.0744260 0.0138025 0.0249347 0.0740568 0.0747881 0.0126714 0.0052915 0.0225446 0.0870046 0.0786480 0.0844110 0.0853932 0.0835285 0.0136054 0.0846832 0.0778156 0.0770855 0.0792629 0.0806682 0.0974760 0.0742439 0.0522827 0.0731800 0.0895748 0.0055797 0.0904666 
Phalangeridae_Trichosurus_vulpecula          0.0428099 0.0669948 0.0528809 0.0529053 0.0533277 0.0844359 0.0000000 0.0195870 0.0542580 0.0768589 0.0729834 0.0214294 0.0797827 0.0803825 0.0178694 0.0518090 0.0796922 0.0822170 0.0755157 0.0715352 0.0484508 0.0558801 0.0890853 0.0835802 0.0807255 0.0518484 0.0710307 0.0492324 0.0505568 0.0540144 0.0660628 0.0509728 0.0729834 0.0175466 0.0763239 0.0859716 0.0775379 
Phalangeridae_Spilocuscus_maculatus          0.0436866 0.0633695 0.0524934 0.0519672 0.0519736 0.0842450 0.0195870 0.0000000 0.0532502 0.0783090 0.0733639 0.0183051 0.0824311 0.0786371 0.0161043 0.0489734 0.0819624 0.0841600 0.0760097 0.0701726 0.0503451 0.0556335 0.0846112 0.0802252 0.0830993 0.0547343 0.0681834 0.0481913 0.0515378 0.0515650 0.0651025 0.0475145 0.0733639 0.0155367 0.0758392 0.0867033 0.0780951 
Potoroidae_Aepyprymnus_rufescens             0.0450890 0.0626780 0.0532950 0.0121188 0.0118617 0.0856128 0.0542580 0.0532502 0.0000000 0.0796259 0.0722774 0.0419958 0.0824118 0.0773885 0.0431715 0.0542087 0.0826818 0.0860048 0.0740787 0.0732773 0.0174333 0.0537789 0.0841845 0.0804795 0.0835678 0.0304857 0.0659922 0.0470666 0.0195074 0.0515504 0.0627648 0.0493961 0.0722774 0.0424315 0.0758540 0.0894616 0.0803313 
Peramelidae_Perameles_nasuta                 0.0670166 0.0643212 0.0738753 0.0780095 0.0776077 0.0905885 0.0768589 0.0783090 0.0796259 0.0000000 0.0821156 0.0671472 0.0885160 0.0876629 0.0650077 0.0747430 0.0885907 0.0896441 0.0832876 0.0109785 0.0787282 0.0788202 0.0916446 0.0900163 0.0870559 0.0717195 0.0692814 0.0686000 0.0758082 0.0736389 0.0879418 0.0744876 0.0821156 0.0661082 0.0112918 0.0924939 0.0006911 
Myrmecobiidae_Myrmecobius_fasciatus1         0.0672571 0.0741812 0.0569681 0.0722774 0.0777328 0.0522827 0.0729834 0.0733639 0.0722774 0.0821156 0.0000000 0.0744979 0.0344569 0.0626005 0.0849814 0.0826739 0.0345810 0.0415628 0.0318375 0.0830825 0.0777328 0.0752541 0.0858998 0.0854875 0.0551321 0.0781550 0.0635162 0.0523869 0.0725711 0.0636097 0.1068879 0.0787802 0.0000010 0.0907593 0.0719884 0.0462738 0.0821156 
Phalangeridae_Strigocuscus_pelengensis       0.0360747 0.0552492 0.0404973 0.0420867 0.0424120 0.0744260 0.0214294 0.0183051 0.0419958 0.0671472 0.0744979 0.0000000 0.0706860 0.0683457 0.0086817 0.0416449 0.0702292 0.0723146 0.0657498 0.0605100 0.0424137 0.0442705 0.0746980 0.0700887 0.0706660 0.0475793 0.0574083 0.0368896 0.0444796 0.0430022 0.0551106 0.0399366 0.0744979 0.0083857 0.0643289 0.0747338 0.0676315 
Dasyuridae_Phascogale_tapoatafa              0.0730982 0.0770894 0.0744176 0.0788668 0.0788637 0.0138025 0.0797827 0.0824311 0.0824118 0.0885160 0.0344569 0.0706860 0.0000000 0.0195895 0.0683604 0.0764182 0.0019433 0.0103280 0.0188141 0.0866445 0.0750470 0.0834020 0.0878868 0.0860541 0.0052959 0.0818536 0.0806492 0.0737859 0.0747925 0.0772919 0.0941050 0.0752742 0.0344569 0.0683189 0.0884049 0.0124970 0.0882698 
Dasyuridae_Sminthopsis_macroura              0.0698988 0.0712106 0.0712396 0.0764467 0.0774050 0.0249347 0.0803825 0.0786371 0.0773885 0.0876629 0.0626005 0.0683457 0.0195895 0.0000000 0.0689307 0.0772368 0.0196278 0.0242035 0.0120644 0.0831726 0.0751807 0.0814239 0.0837690 0.0833790 0.0200550 0.0831393 0.0738080 0.0712486 0.0758519 0.0780814 0.0934905 0.0735707 0.0626005 0.0676519 0.0870904 0.0258908 0.0875359 
Phalangeridae_Phalanger_orientalis           0.0336894 0.0543511 0.0448173 0.0409879 0.0413039 0.0740568 0.0178694 0.0161043 0.0431715 0.0650077 0.0849814 0.0086817 0.0683604 0.0689307 0.0000000 0.0392348 0.0684276 0.0706032 0.0660621 0.0590774 0.0411586 0.0453075 0.0766033 0.0713092 0.0694557 0.0441827 0.0573689 0.0386982 0.0422082 0.0425270 0.0544071 0.0381132 0.0849814 0.0028145 0.0615525 0.0757572 0.0655589 
Acrobatidae_Acrobates_pygmaeus               0.0394801 0.0568247 0.0492742 0.0536385 0.0521583 0.0747881 0.0518090 0.0489734 0.0542087 0.0747430 0.0826739 0.0416449 0.0764182 0.0772368 0.0392348 0.0000000 0.0767524 0.0774308 0.0701909 0.0670961 0.0459001 0.0418056 0.0771175 0.0721061 0.0744317 0.0500406 0.0624801 0.0357691 0.0476355 0.0399792 0.0535121 0.0230644 0.0826739 0.0401694 0.0685074 0.0773662 0.0741933 
Dasyuridae_Phascogale_calura                 0.0737958 0.0766960 0.0736371 0.0796981 0.0788380 0.0126714 0.0796922 0.0819624 0.0826818 0.0885907 0.0345810 0.0702292 0.0019433 0.0196278 0.0684276 0.0767524 0.0000000 0.0093594 0.0186526 0.0854734 0.0746859 0.0842725 0.0862778 0.0853320 0.0052888 0.0818387 0.0801987 0.0733143 0.0740398 0.0782736 0.0943482 0.0756980 0.0345810 0.0685422 0.0871720 0.0120559 0.0883930 
Dasyuridae_Sarcophilus_harrisii              0.0769377 0.0786264 0.0730200 0.0819155 0.0814952 0.0052915 0.0822170 0.0841600 0.0860048 0.0896441 0.0415628 0.0723146 0.0103280 0.0242035 0.0706032 0.0774308 0.0093594 0.0000000 0.0222659 0.0859173 0.0772415 0.0855209 0.0814704 0.0809868 0.0105921 0.0848822 0.0792124 0.0763812 0.0778655 0.0799792 0.0968070 0.0756094 0.0415628 0.0697408 0.0889636 0.0045928 0.0894036 
Dasyuridae_Planigale_tenuirostris            0.0655301 0.0663768 0.0684689 0.0740940 0.0742212 0.0225446 0.0755157 0.0760097 0.0740787 0.0832876 0.0318375 0.0657498 0.0188141 0.0120644 0.0660621 0.0701909 0.0186526 0.0222659 0.0000000 0.0795823 0.0723002 0.0729145 0.0814039 0.0792657 0.0185210 0.0769499 0.0711052 0.0653614 0.0734759 0.0712863 0.0875093 0.0662358 0.0318375 0.0648209 0.0810342 0.0246278 0.0828248 
Peramelidae_Echymipera_kalubu                0.0628373 0.0569734 0.0676318 0.0722380 0.0730673 0.0870046 0.0715352 0.0701726 0.0732773 0.0109785 0.0830825 0.0605100 0.0866445 0.0831726 0.0590774 0.0670961 0.0854734 0.0859173 0.0795823 0.0000000 0.0740035 0.0721179 0.0888823 0.0863966 0.0852010 0.0680911 0.0643124 0.0626845 0.0715977 0.0672441 0.0794476 0.0676283 0.0830825 0.0601366 0.0082962 0.0899776 0.0112579 
Macropodidae_Dorcopsulus_vanheurni           0.0411075 0.0628309 0.0493347 0.0158717 0.0158619 0.0786480 0.0484508 0.0503451 0.0174333 0.0787282 0.0777328 0.0424137 0.0750470 0.0751807 0.0411586 0.0459001 0.0746859 0.0772415 0.0723002 0.0740035 0.0000000 0.0481599 0.0788811 0.0760227 0.0765871 0.0245992 0.0669125 0.0395750 0.0054620 0.0450163 0.0565834 0.0456192 0.0777328 0.0407751 0.0749821 0.0818347 0.0793100 
Pseudochiridae_Pseudochirulus_forbesi        0.0402735 0.0615034 0.0543787 0.0528318 0.0535568 0.0844110 0.0558801 0.0556335 0.0537789 0.0788202 0.0752541 0.0442705 0.0834020 0.0814239 0.0453075 0.0418056 0.0842725 0.0855209 0.0729145 0.0721179 0.0481599 0.0000000 0.0830042 0.0798511 0.0823708 0.0513928 0.0642466 0.0234515 0.0506047 0.0136624 0.0533193 0.0446342 0.0752541 0.0455763 0.0723707 0.0882486 0.0795201 
Didelphidae_Didelphis_virginiana             0.0721631 0.0759969 0.0779214 0.0827839 0.0814024 0.0853932 0.0890853 0.0846112 0.0841845 0.0916446 0.0858998 0.0746980 0.0878868 0.0837690 0.0766033 0.0771175 0.0862778 0.0814704 0.0814039 0.0888823 0.0788811 0.0830042 0.0000000 0.0234363 0.0873149 0.0772258 0.0822864 0.0743206 0.0777645 0.0825618 0.0981787 0.0749748 0.0858998 0.0782927 0.0868541 0.0842333 0.0923237 
Marmosidae_Monodelphis_domestica             0.0676144 0.0741919 0.0742036 0.0794238 0.0794262 0.0835285 0.0835802 0.0802252 0.0804795 0.0900163 0.0854875 0.0700887 0.0860541 0.0833790 0.0713092 0.0721061 0.0853320 0.0809868 0.0792657 0.0863966 0.0760227 0.0798511 0.0234363 0.0000000 0.0866322 0.0747842 0.0768432 0.0700184 0.0751184 0.0768643 0.0915226 0.0725077 0.0854875 0.0712803 0.0837082 0.0828212 0.0898107 
Dasyuridae_Antechinus_stuartii               0.0743244 0.0773990 0.0736274 0.0813084 0.0814086 0.0136054 0.0807255 0.0830993 0.0835678 0.0870559 0.0551321 0.0706660 0.0052959 0.0200550 0.0694557 0.0744317 0.0052888 0.0105921 0.0185210 0.0852010 0.0765871 0.0823708 0.0873149 0.0866322 0.0000000 0.0813008 0.0778580 0.0718301 0.0775805 0.0768968 0.0952527 0.0762114 0.0551321 0.0681685 0.0881748 0.0128168 0.0865870 
Hypsiprymnodontidae_Hypsiprymnodon_moschatus 0.0432101 0.0605880 0.0526373 0.0284972 0.0285206 0.0846832 0.0518484 0.0547343 0.0304857 0.0717195 0.0781550 0.0475793 0.0818536 0.0831393 0.0441827 0.0500406 0.0818387 0.0848822 0.0769499 0.0680911 0.0245992 0.0513928 0.0772258 0.0747842 0.0813008 0.0000000 0.0654872 0.0439165 0.0258985 0.0480483 0.0594603 0.0480915 0.0781550 0.0444148 0.0678588 0.0885370 0.0723638 
Microbiotheriidae_Dromiciops_gliroides       0.0561956 0.0588442 0.0653132 0.0669891 0.0670629 0.0778156 0.0710307 0.0681834 0.0659922 0.0692814 0.0635162 0.0574083 0.0806492 0.0738080 0.0573689 0.0624801 0.0801987 0.0792124 0.0711052 0.0643124 0.0669125 0.0642466 0.0822864 0.0768432 0.0778580 0.0654872 0.0000000 0.0580990 0.0647647 0.0613320 0.0761252 0.0641589 0.0635162 0.0585263 0.0675079 0.0818004 0.0696904 
Pseudochiridae_Petauroides_volans            0.0371366 0.0582180 0.0468754 0.0451815 0.0455168 0.0770855 0.0492324 0.0481913 0.0470666 0.0686000 0.0523869 0.0368896 0.0737859 0.0712486 0.0386982 0.0357691 0.0733143 0.0763812 0.0653614 0.0626845 0.0395750 0.0234515 0.0743206 0.0700184 0.0718301 0.0439165 0.0580990 0.0000000 0.0416304 0.0207129 0.0454578 0.0368570 0.0523869 0.0380890 0.0629032 0.0784660 0.0691153 
Macropodidae_Wallabia_bicolor                0.0396584 0.0617759 0.0504182 0.0176588 0.0168459 0.0792629 0.0505568 0.0515378 0.0195074 0.0758082 0.0725711 0.0444796 0.0747925 0.0758519 0.0422082 0.0476355 0.0740398 0.0778655 0.0734759 0.0715977 0.0054620 0.0506047 0.0777645 0.0751184 0.0775805 0.0258985 0.0647647 0.0416304 0.0000000 0.0464064 0.0575705 0.0447185 0.0725711 0.0420962 0.0715180 0.0824034 0.0764851 
Pseudochiridae_Pseudocheirus_occidentalis    0.0397438 0.0587064 0.0517204 0.0495825 0.0499055 0.0806682 0.0540144 0.0515650 0.0515504 0.0736389 0.0636097 0.0430022 0.0772919 0.0780814 0.0425270 0.0399792 0.0782736 0.0799792 0.0712863 0.0672441 0.0450163 0.0136624 0.0825618 0.0768643 0.0768968 0.0480483 0.0613320 0.0207129 0.0464064 0.0000000 0.0506387 0.0416856 0.0636097 0.0421042 0.0693445 0.0825764 0.0743034 
Tarsipedidae_Tarsipes_rostratus              0.0547761 0.0779628 0.0603707 0.0621603 0.0633299 0.0974760 0.0660628 0.0651025 0.0627648 0.0879418 0.1068879 0.0551106 0.0941050 0.0934905 0.0544071 0.0535121 0.0943482 0.0968070 0.0875093 0.0794476 0.0565834 0.0533193 0.0981787 0.0915226 0.0952527 0.0594603 0.0761252 0.0454578 0.0575705 0.0506387 0.0000000 0.0548978 0.1068879 0.0548091 0.0831800 0.0972977 0.0876614 
Acrobatidae_Distoechurus_pennatus            0.0367201 0.0574001 0.0477108 0.0488407 0.0484593 0.0742439 0.0509728 0.0475145 0.0493961 0.0744876 0.0787802 0.0399366 0.0752742 0.0735707 0.0381132 0.0230644 0.0756980 0.0756094 0.0662358 0.0676283 0.0456192 0.0446342 0.0749748 0.0725077 0.0762114 0.0480915 0.0641589 0.0368570 0.0447185 0.0416856 0.0548978 0.0000000 0.0787802 0.0390152 0.0678800 0.0755230 0.0750862 
Myrmecobiidae_Myrmecobius_fasciatus2         0.0672571 0.0741812 0.0569681 0.0722774 0.0777328 0.0522827 0.0729834 0.0733639 0.0722774 0.0821156 0.0000010 0.0744979 0.0344569 0.0626005 0.0849814 0.0826739 0.0345810 0.0415628 0.0318375 0.0830825 0.0777328 0.0752541 0.0858998 0.0854875 0.0551321 0.0781550 0.0635162 0.0523869 0.0725711 0.0636097 0.1068879 0.0787802 0.0000000 0.0907593 0.0719884 0.0462738 0.0821156 
Phalangeridae_Phalanger_carmelitae           0.0342387 0.0560931 0.0440911 0.0412246 0.0409340 0.0731800 0.0175466 0.0155367 0.0424315 0.0661082 0.0907593 0.0083857 0.0683189 0.0676519 0.0028145 0.0401694 0.0685422 0.0697408 0.0648209 0.0601366 0.0407751 0.0455763 0.0782927 0.0712803 0.0681685 0.0444148 0.0585263 0.0380890 0.0420962 0.0421042 0.0548091 0.0390152 0.0907593 0.0000000 0.0633970 0.0748585 0.0667164 
Peramelidae_Peroryctes_raffrayana            0.0618570 0.0561184 0.0705863 0.0746653 0.0738153 0.0895748 0.0763239 0.0758392 0.0758540 0.0112918 0.0719884 0.0643289 0.0884049 0.0870904 0.0615525 0.0685074 0.0871720 0.0889636 0.0810342 0.0082962 0.0749821 0.0723707 0.0868541 0.0837082 0.0881748 0.0678588 0.0675079 0.0629032 0.0715180 0.0693445 0.0831800 0.0678800 0.0719884 0.0633970 0.0000000 0.0936705 0.0115692 
Dasyuridae_Dasyurus_geffroii                 0.0785993 0.0834992 0.0757545 0.0871253 0.0871303 0.0055797 0.0859716 0.0867033 0.0894616 0.0924939 0.0462738 0.0747338 0.0124970 0.0258908 0.0757572 0.0773662 0.0120559 0.0045928 0.0246278 0.0899776 0.0818347 0.0882486 0.0842333 0.0828212 0.0128168 0.0885370 0.0818004 0.0784660 0.0824034 0.0825764 0.0972977 0.0755230 0.0462738 0.0748585 0.0936705 0.0000000 0.0922524 
Peramelidae_Perameles_gunnii                 0.0680431 0.0645086 0.0736606 0.0787035 0.0782992 0.0904666 0.0775379 0.0780951 0.0803313 0.0006911 0.0821156 0.0676315 0.0882698 0.0875359 0.0655589 0.0741933 0.0883930 0.0894036 0.0828248 0.0112579 0.0793100 0.0795201 0.0923237 0.0898107 0.0865870 0.0723638 0.0696904 0.0691153 0.0764851 0.0743034 0.0876614 0.0750862 0.0821156 0.0667164 0.0115692 0.0922524 0.0000000 
