35
Burramyidae_Burramys_parvus                  0.0000000 0.0620794 0.0377942 0.0429974 0.0448505 0.0608091 0.0324189 0.0301924 0.0413408 0.0692684 0.0328745 0.0620908 0.0716524 0.0328680 0.0386888 0.0605861 0.0614066 0.0569296 0.0731406 0.0394732 0.0457657 0.0798240 0.0784727 0.0596509 0.0442241 0.0597094 0.0395061 0.0382848 0.0462134 0.0563057 0.0364837 0.0322135 0.0703881 0.0588976 0.0698351 
Notoryctidae_Notoryctes_typhlops             0.0620794 0.0000000 0.0615462 0.0652558 0.0659462 0.0789117 0.0606140 0.0577240 0.0658008 0.0830876 0.0588753 0.0780231 0.0824983 0.0602838 0.0648140 0.0770702 0.0802831 0.0711135 0.0855676 0.0632926 0.0700628 0.1002724 0.0941578 0.0758503 0.0671730 0.0719450 0.0645314 0.0615089 0.0775329 0.0853082 0.0629190 0.0601541 0.0832526 0.0771632 0.0843631 
Vombatidae_Lasiorhinus_latifrons             0.0377942 0.0615462 0.0000000 0.0429495 0.0460149 0.0603020 0.0349420 0.0333064 0.0423296 0.0685812 0.0363553 0.0596980 0.0688438 0.0360666 0.0398285 0.0575007 0.0605452 0.0571495 0.0694927 0.0376707 0.0443761 0.0804199 0.0753842 0.0565759 0.0434736 0.0560047 0.0384920 0.0370206 0.0490360 0.0546134 0.0385384 0.0348753 0.0673918 0.0588586 0.0689011 
Potoroidae_Bettongia_penicillata             0.0429974 0.0652558 0.0429495 0.0000000 0.0036387 0.0664337 0.0407359 0.0390374 0.0079595 0.0772087 0.0410773 0.0645581 0.0763524 0.0405364 0.0451563 0.0628198 0.0659841 0.0638822 0.0769542 0.0139251 0.0494730 0.0895328 0.0850782 0.0625489 0.0287922 0.0650514 0.0446590 0.0130122 0.0569195 0.0626031 0.0429770 0.0401548 0.0749437 0.0657440 0.0775499 
Potoroidae_Bettongia_lesueur                 0.0448505 0.0659462 0.0460149 0.0036387 0.0000000 0.0688549 0.0426088 0.0408852 0.0095549 0.0791292 0.0427674 0.0666036 0.0792240 0.0422953 0.0481003 0.0652071 0.0691241 0.0632723 0.0786928 0.0157851 0.0518659 0.0897024 0.0876158 0.0646445 0.0311629 0.0667875 0.0456792 0.0149440 0.0578579 0.0647031 0.0460163 0.0420307 0.0768841 0.0683716 0.0794987 
Dasyuridae_Dasyurus_maculatus                0.0608091 0.0789117 0.0603020 0.0664337 0.0688549 0.0000000 0.0570029 0.0538040 0.0654583 0.0823453 0.0564791 0.0114399 0.0190533 0.0582009 0.0661797 0.0101927 0.0037065 0.0157396 0.0837593 0.0600392 0.0694929 0.0980936 0.0905988 0.0097287 0.0653718 0.0731496 0.0639670 0.0594129 0.0730853 0.0865576 0.0621138 0.0573972 0.0827420 0.0028760 0.0828910 
Phalangeridae_Trichosurus_vulpecula          0.0324189 0.0606140 0.0349420 0.0407359 0.0426088 0.0570029 0.0000000 0.0099411 0.0391374 0.0652301 0.0116312 0.0571409 0.0668471 0.0107294 0.0366257 0.0550091 0.0577440 0.0539877 0.0680292 0.0360487 0.0432653 0.0767790 0.0739432 0.0547870 0.0411647 0.0551715 0.0365880 0.0351313 0.0461465 0.0544913 0.0334082 0.0105474 0.0657812 0.0570606 0.0655600 
Phalangeridae_Spilocuscus_maculatus          0.0301924 0.0577240 0.0333064 0.0390374 0.0408852 0.0538040 0.0099411 0.0000000 0.0374554 0.0628285 0.0070457 0.0532487 0.0636296 0.0056063 0.0336608 0.0512111 0.0548562 0.0516464 0.0640797 0.0345498 0.0417949 0.0746647 0.0719556 0.0508467 0.0392045 0.0529233 0.0352855 0.0333949 0.0444497 0.0544647 0.0303232 0.0049986 0.0636749 0.0535077 0.0631355 
Potoroidae_Aepyprymnus_rufescens             0.0413408 0.0658008 0.0423296 0.0079595 0.0095549 0.0654583 0.0391374 0.0374554 0.0000000 0.0766309 0.0398897 0.0643761 0.0755526 0.0395117 0.0438714 0.0627880 0.0651873 0.0619316 0.0759571 0.0127396 0.0478291 0.0886915 0.0848204 0.0629043 0.0280775 0.0645606 0.0432738 0.0121308 0.0551957 0.0599596 0.0415604 0.0388324 0.0746845 0.0651452 0.0767611 
Peramelidae_Perameles_nasuta                 0.0692684 0.0830876 0.0685812 0.0772087 0.0791292 0.0823453 0.0652301 0.0628285 0.0766309 0.0000000 0.0646982 0.0861439 0.0915197 0.0661523 0.0710029 0.0829897 0.0842931 0.0769260 0.0114683 0.0694999 0.0815756 0.1000714 0.1007658 0.0811775 0.0771141 0.0772163 0.0759049 0.0688879 0.0857529 0.0950820 0.0720245 0.0656419 0.0099839 0.0835887 0.0004831 
Phalangeridae_Strigocuscus_pelengensis       0.0328745 0.0588753 0.0363553 0.0410773 0.0427674 0.0564791 0.0116312 0.0070457 0.0398897 0.0646982 0.0000000 0.0562697 0.0656673 0.0062550 0.0370929 0.0544499 0.0576132 0.0552838 0.0673595 0.0374022 0.0440584 0.0781431 0.0754314 0.0537002 0.0425962 0.0563171 0.0376076 0.0360119 0.0453395 0.0543702 0.0339541 0.0056319 0.0655769 0.0562907 0.0653507 
Dasyuridae_Phascogale_tapoatafa              0.0620908 0.0780231 0.0596980 0.0645581 0.0666036 0.0114399 0.0571409 0.0532487 0.0643761 0.0861439 0.0562697 0.0000000 0.0197506 0.0583438 0.0636957 0.0021960 0.0113492 0.0146899 0.0849805 0.0584231 0.0680294 0.0942595 0.0905370 0.0052517 0.0642087 0.0695839 0.0621475 0.0582983 0.0703224 0.0840340 0.0602931 0.0575307 0.0844843 0.0113100 0.0862884 
Dasyuridae_Sminthopsis_macroura              0.0716524 0.0824983 0.0688438 0.0763524 0.0792240 0.0190533 0.0668471 0.0636296 0.0755526 0.0915197 0.0656673 0.0197506 0.0000000 0.0683433 0.0741382 0.0188568 0.0187331 0.0133302 0.0931368 0.0699156 0.0781257 0.1053413 0.0967608 0.0183111 0.0673094 0.0733904 0.0759849 0.0689504 0.0803346 0.0953875 0.0717863 0.0668847 0.0937044 0.0189319 0.0921276 
Phalangeridae_Phalanger_orientalis           0.0328680 0.0602838 0.0360666 0.0405364 0.0422953 0.0582009 0.0107294 0.0056063 0.0395117 0.0661523 0.0062550 0.0583438 0.0683433 0.0000000 0.0363347 0.0561851 0.0593142 0.0548495 0.0670673 0.0361193 0.0442852 0.0789651 0.0746879 0.0556414 0.0421736 0.0567620 0.0378487 0.0349352 0.0473356 0.0538218 0.0334296 0.0015429 0.0664895 0.0577508 0.0661002 
Acrobatidae_Acrobates_pygmaeus               0.0386888 0.0648140 0.0398285 0.0451563 0.0481003 0.0661797 0.0366257 0.0336608 0.0438714 0.0710029 0.0370929 0.0636957 0.0741382 0.0363347 0.0000000 0.0616419 0.0666253 0.0627162 0.0735491 0.0390956 0.0405688 0.0881320 0.0804214 0.0614197 0.0448849 0.0611331 0.0359689 0.0386078 0.0449177 0.0521955 0.0195997 0.0351548 0.0714972 0.0645248 0.0711056 
Dasyuridae_Phascogale_calura                 0.0605861 0.0770702 0.0575007 0.0628198 0.0652071 0.0101927 0.0550091 0.0512111 0.0627880 0.0829897 0.0544499 0.0021960 0.0188568 0.0561851 0.0616419 0.0000000 0.0102893 0.0141337 0.0821631 0.0567564 0.0660589 0.0927255 0.0887985 0.0037850 0.0622950 0.0684455 0.0600608 0.0563266 0.0694004 0.0820460 0.0586428 0.0553891 0.0817949 0.0101535 0.0831317 
Dasyuridae_Sarcophilus_harrisii              0.0614066 0.0802831 0.0605452 0.0659841 0.0691241 0.0037065 0.0577440 0.0548562 0.0651873 0.0842931 0.0576132 0.0113492 0.0187331 0.0593142 0.0666253 0.0102893 0.0000000 0.0154175 0.0849260 0.0601432 0.0703370 0.0993394 0.0922107 0.0096377 0.0662273 0.0726420 0.0647814 0.0596927 0.0741411 0.0856423 0.0625327 0.0584940 0.0839253 0.0043216 0.0848698 
Dasyuridae_Planigale_tenuirostris            0.0569296 0.0711135 0.0571495 0.0638822 0.0632723 0.0157396 0.0539877 0.0516464 0.0619316 0.0769260 0.0552838 0.0146899 0.0133302 0.0548495 0.0627162 0.0141337 0.0154175 0.0000000 0.0778575 0.0575198 0.0665836 0.0859497 0.0810113 0.0131887 0.0586130 0.0648464 0.0637823 0.0570826 0.0630741 0.0819203 0.0597675 0.0538150 0.0769150 0.0156280 0.0778629 
Peramelidae_Echymipera_kalubu                0.0731406 0.0855676 0.0694927 0.0769542 0.0786928 0.0837593 0.0680292 0.0640797 0.0759571 0.0114683 0.0673595 0.0849805 0.0931368 0.0670673 0.0735491 0.0821631 0.0849260 0.0778575 0.0000000 0.0709933 0.0826824 0.1036065 0.1031390 0.0810902 0.0791425 0.0779394 0.0755489 0.0698331 0.0842856 0.0917690 0.0731844 0.0665598 0.0097400 0.0837658 0.0113700 
Macropodidae_Dorcopsulus_vanheurni           0.0394732 0.0632926 0.0376707 0.0139251 0.0157851 0.0600392 0.0360487 0.0345498 0.0127396 0.0694999 0.0374022 0.0584231 0.0699156 0.0361193 0.0390956 0.0567564 0.0601432 0.0575198 0.0709933 0.0000000 0.0456027 0.0831368 0.0773452 0.0573522 0.0232226 0.0589394 0.0392676 0.0039686 0.0506922 0.0543248 0.0371163 0.0357467 0.0698607 0.0594350 0.0701576 
Pseudochiridae_Pseudochirulus_forbesi        0.0457657 0.0700628 0.0443761 0.0494730 0.0518659 0.0694929 0.0432653 0.0417949 0.0478291 0.0815756 0.0440584 0.0680294 0.0781257 0.0442852 0.0405688 0.0660589 0.0703370 0.0665836 0.0826824 0.0456027 0.0000000 0.0887552 0.0851954 0.0651621 0.0530556 0.0694200 0.0199360 0.0446249 0.0168627 0.0508052 0.0384710 0.0438372 0.0798100 0.0682290 0.0815235 
Didelphidae_Didelphis_virginiana             0.0798240 0.1002724 0.0804199 0.0895328 0.0897024 0.0980936 0.0767790 0.0746647 0.0886915 0.1000714 0.0781431 0.0942595 0.1053413 0.0789651 0.0881320 0.0927255 0.0993394 0.0859497 0.1036065 0.0831368 0.0887552 0.0000000 0.0284079 0.0939046 0.0894314 0.0874916 0.0843538 0.0816776 0.0940794 0.1038831 0.0828336 0.0781910 0.0995638 0.0980414 0.1015492 
Marmosidae_Monodelphis_domestica             0.0784727 0.0941578 0.0753842 0.0850782 0.0876158 0.0905988 0.0739432 0.0719556 0.0848204 0.1007658 0.0754314 0.0905370 0.0967608 0.0746879 0.0804214 0.0887985 0.0922107 0.0810113 0.1031390 0.0773452 0.0851954 0.0284079 0.0000000 0.0880952 0.0862363 0.0859424 0.0799432 0.0761015 0.0843206 0.0969329 0.0761586 0.0741439 0.1023551 0.0911539 0.1009727 
Dasyuridae_Antechinus_stuartii               0.0596509 0.0758503 0.0565759 0.0625489 0.0646445 0.0097287 0.0547870 0.0508467 0.0629043 0.0811775 0.0537002 0.0052517 0.0183111 0.0556414 0.0614197 0.0037850 0.0096377 0.0131887 0.0810902 0.0573522 0.0651621 0.0939046 0.0880952 0.0000000 0.0628623 0.0680274 0.0588269 0.0566086 0.0682133 0.0823062 0.0584628 0.0548653 0.0805384 0.0094997 0.0813186 
Hypsiprymnodontidae_Hypsiprymnodon_moschatus 0.0442241 0.0671730 0.0434736 0.0287922 0.0311629 0.0653718 0.0411647 0.0392045 0.0280775 0.0771141 0.0425962 0.0642087 0.0673094 0.0421736 0.0448849 0.0622950 0.0662273 0.0586130 0.0791425 0.0232226 0.0530556 0.0894314 0.0862363 0.0628623 0.0000000 0.0629087 0.0469448 0.0220184 0.0579618 0.0651049 0.0441471 0.0413372 0.0773783 0.0656473 0.0774776 
Microbiotheriidae_Dromiciops_gliroides       0.0597094 0.0719450 0.0560047 0.0650514 0.0667875 0.0731496 0.0551715 0.0529233 0.0645606 0.0772163 0.0563171 0.0695839 0.0733904 0.0567620 0.0611331 0.0684455 0.0726420 0.0648464 0.0779394 0.0589394 0.0694200 0.0874916 0.0859424 0.0680274 0.0629087 0.0000000 0.0619994 0.0582974 0.0691501 0.0808943 0.0577957 0.0561414 0.0767094 0.0719227 0.0774958 
Pseudochiridae_Petauroides_volans            0.0395061 0.0645314 0.0384920 0.0446590 0.0456792 0.0639670 0.0365880 0.0352855 0.0432738 0.0759049 0.0376076 0.0621475 0.0759849 0.0378487 0.0359689 0.0600608 0.0647814 0.0637823 0.0755489 0.0392676 0.0199360 0.0843538 0.0799432 0.0588269 0.0469448 0.0619994 0.0000000 0.0383471 0.0230724 0.0456084 0.0339664 0.0371892 0.0736886 0.0628610 0.0757440 
Macropodidae_Wallabia_bicolor                0.0382848 0.0615089 0.0370206 0.0130122 0.0149440 0.0594129 0.0351313 0.0333949 0.0121308 0.0688879 0.0360119 0.0582983 0.0689504 0.0349352 0.0386078 0.0563266 0.0596927 0.0570826 0.0698331 0.0039686 0.0446249 0.0816776 0.0761015 0.0566086 0.0220184 0.0582974 0.0383471 0.0000000 0.0495801 0.0533071 0.0361222 0.0345630 0.0682947 0.0590418 0.0692107 
Pseudochiridae_Pseudocheirus_occidentalis    0.0462134 0.0775329 0.0490360 0.0569195 0.0578579 0.0730853 0.0461465 0.0444497 0.0551957 0.0857529 0.0453395 0.0703224 0.0803346 0.0473356 0.0449177 0.0694004 0.0741411 0.0630741 0.0842856 0.0506922 0.0168627 0.0940794 0.0843206 0.0682133 0.0579618 0.0691501 0.0230724 0.0495801 0.0000000 0.0529697 0.0420148 0.0465976 0.0837804 0.0719711 0.0850443 
Tarsipedidae_Tarsipes_rostratus              0.0563057 0.0853082 0.0546134 0.0626031 0.0647031 0.0865576 0.0544913 0.0544647 0.0599596 0.0950820 0.0543702 0.0840340 0.0953875 0.0538218 0.0521955 0.0820460 0.0856423 0.0819203 0.0917690 0.0543248 0.0508052 0.1038831 0.0969329 0.0823062 0.0651049 0.0808943 0.0456084 0.0533071 0.0529697 0.0000000 0.0520661 0.0530159 0.0917060 0.0836907 0.0945964 
Acrobatidae_Distoechurus_pennatus            0.0364837 0.0629190 0.0385384 0.0429770 0.0460163 0.0621138 0.0334082 0.0303232 0.0415604 0.0720245 0.0339541 0.0602931 0.0717863 0.0334296 0.0195997 0.0586428 0.0625327 0.0597675 0.0731844 0.0371163 0.0384710 0.0828336 0.0761586 0.0584628 0.0441471 0.0577957 0.0339664 0.0361222 0.0420148 0.0520661 0.0000000 0.0325371 0.0719152 0.0598325 0.0721079 
Phalangeridae_Phalanger_carmelitae           0.0322135 0.0601541 0.0348753 0.0401548 0.0420307 0.0573972 0.0105474 0.0049986 0.0388324 0.0656419 0.0056319 0.0575307 0.0668847 0.0015429 0.0351548 0.0553891 0.0584940 0.0538150 0.0665598 0.0357467 0.0438372 0.0781910 0.0741439 0.0548653 0.0413372 0.0561414 0.0371892 0.0345630 0.0465976 0.0530159 0.0325371 0.0000000 0.0659947 0.0569458 0.0655996 
Peramelidae_Peroryctes_raffrayana            0.0703881 0.0832526 0.0673918 0.0749437 0.0768841 0.0827420 0.0657812 0.0636749 0.0746845 0.0099839 0.0655769 0.0844843 0.0937044 0.0664895 0.0714972 0.0817949 0.0839253 0.0769150 0.0097400 0.0698607 0.0798100 0.0995638 0.1023551 0.0805384 0.0773783 0.0767094 0.0736886 0.0682947 0.0837804 0.0917060 0.0719152 0.0659947 0.0000000 0.0831862 0.0098917 
Dasyuridae_Dasyurus_geffroii                 0.0588976 0.0771632 0.0588586 0.0657440 0.0683716 0.0028760 0.0570606 0.0535077 0.0651452 0.0835887 0.0562907 0.0113100 0.0189319 0.0577508 0.0645248 0.0101535 0.0043216 0.0156280 0.0837658 0.0594350 0.0682290 0.0980414 0.0911539 0.0094997 0.0656473 0.0719227 0.0628610 0.0590418 0.0719711 0.0836907 0.0598325 0.0569458 0.0831862 0.0000000 0.0841416 
Peramelidae_Perameles_gunnii                 0.0698351 0.0843631 0.0689011 0.0775499 0.0794987 0.0828910 0.0655600 0.0631355 0.0767611 0.0004831 0.0653507 0.0862884 0.0921276 0.0661002 0.0711056 0.0831317 0.0848698 0.0778629 0.0113700 0.0701576 0.0815235 0.1015492 0.1009727 0.0813186 0.0774776 0.0774958 0.0757440 0.0692107 0.0850443 0.0945964 0.0721079 0.0655996 0.0098917 0.0841416 0.0000000 
