35
Burramyidae_Burramys_parvus                  0.0000000 0.0876485 0.0564266 0.0643555 0.0686933 0.0745693 0.0487892 0.0502381 0.0585947 0.0722786 0.0537160 0.0801396 0.0848337 0.0506966 0.0528438 0.0801781 0.0760731 0.0816158 0.0869958 0.0701543 0.0615666 0.1336444 0.1197836 0.0816125 0.0638978 0.0665672 0.0525977 0.0599180 0.0404106 0.0781531 0.0626593 0.0539515 0.0817717 0.0793514 0.0913685 
Notoryctidae_Notoryctes_typhlops             0.0876485 0.0000000 0.0873649 0.0955545 0.0978786 0.0834995 0.0829640 0.0963585 0.0916770 0.0805692 0.0904654 0.0940993 0.0936579 0.0847504 0.0894997 0.0932140 0.0850727 0.0925279 0.0956217 0.0996732 0.0924414 0.1593209 0.1328485 0.0902715 0.0965280 0.0794667 0.0881093 0.0884964 0.0969333 0.1095500 0.0962585 0.0897549 0.0773602 0.0876353 0.0981976 
Vombatidae_Lasiorhinus_latifrons             0.0564266 0.0873649 0.0000000 0.0673220 0.0707463 0.0778503 0.0592822 0.0669001 0.0626549 0.0751833 0.0633977 0.0836868 0.0890212 0.0592385 0.0632897 0.0827229 0.0790208 0.0855543 0.0901098 0.0730890 0.0729595 0.1354167 0.1189910 0.0846150 0.0666259 0.0696857 0.0642542 0.0626255 0.0446889 0.0873949 0.0714531 0.0624700 0.0848645 0.0817951 0.0910294 
Potoroidae_Bettongia_penicillata             0.0643555 0.0955545 0.0673220 0.0000000 0.0100058 0.0886732 0.0653278 0.0711592 0.0152988 0.0773579 0.0700025 0.0963319 0.0991517 0.0660881 0.0690558 0.0968928 0.0895113 0.0956186 0.0921199 0.0394349 0.0777410 0.1416319 0.1321851 0.0974188 0.0451897 0.0769877 0.0651296 0.0298248 0.0509444 0.0878991 0.0748642 0.0699670 0.0784889 0.0913376 0.0968539 
Potoroidae_Bettongia_lesueur                 0.0686933 0.0978786 0.0707463 0.0100058 0.0000000 0.0924840 0.0673920 0.0788992 0.0181013 0.0827565 0.0775779 0.1013742 0.1051347 0.0718701 0.0735774 0.0993437 0.0938888 0.1014184 0.0951824 0.0424969 0.0783713 0.1454037 0.1335009 0.1008305 0.0501223 0.0819775 0.0680040 0.0339995 0.0544107 0.0922029 0.0799040 0.0760087 0.0889456 0.0951889 0.1009658 
Dasyuridae_Dasyurus_maculatus                0.0745693 0.0834995 0.0778503 0.0886732 0.0924840 0.0000000 0.0738136 0.0832949 0.0829131 0.0776058 0.0814835 0.0147678 0.0258814 0.0775820 0.0832561 0.0148729 0.0029793 0.0218750 0.0978231 0.0935076 0.0882373 0.1502385 0.1311779 0.0166328 0.0914917 0.0755608 0.0794687 0.0809289 0.0806464 0.1066893 0.0888039 0.0827384 0.0843186 0.0040535 0.0970561 
Phalangeridae_Trichosurus_vulpecula          0.0487892 0.0829640 0.0592822 0.0653278 0.0673920 0.0738136 0.0000000 0.0292958 0.0600683 0.0723531 0.0256712 0.0808136 0.0828080 0.0268438 0.0533891 0.0773031 0.0733524 0.0780003 0.0879227 0.0699319 0.0644167 0.1433622 0.1234119 0.0789258 0.0658929 0.0713870 0.0592011 0.0591824 0.0510726 0.0798345 0.0612122 0.0275654 0.0777307 0.0767431 0.0910066 
Phalangeridae_Spilocuscus_maculatus          0.0502381 0.0963585 0.0669001 0.0711592 0.0788992 0.0832949 0.0292958 0.0000000 0.0674492 0.0797153 0.0160900 0.0874683 0.0917232 0.0207874 0.0646959 0.0869513 0.0824162 0.0882084 0.0936563 0.0786359 0.0689700 0.1360019 0.1374022 0.0869527 0.0698581 0.0753324 0.0554656 0.0649044 0.0549265 0.0903416 0.0717992 0.0182223 0.0881953 0.0861396 0.0976103 
Potoroidae_Aepyprymnus_rufescens             0.0585947 0.0916770 0.0626549 0.0152988 0.0181013 0.0829131 0.0600683 0.0674492 0.0000000 0.0781196 0.0658343 0.0916069 0.0937779 0.0617218 0.0660486 0.0902205 0.0838874 0.0920899 0.0912576 0.0344690 0.0715305 0.1411446 0.1244063 0.0917200 0.0415248 0.0744745 0.0618743 0.0251825 0.0532255 0.0870185 0.0719825 0.0655536 0.0822127 0.0865798 0.0976307 
Peramelidae_Perameles_nasuta                 0.0722786 0.0805692 0.0751833 0.0773579 0.0827565 0.0776058 0.0723531 0.0797153 0.0781196 0.0000000 0.0757425 0.0891585 0.0844520 0.0730182 0.0748412 0.0876911 0.0777165 0.0899539 0.0158334 0.0914892 0.0787101 0.1555396 0.1241654 0.0844239 0.0781171 0.0794977 0.0742727 0.0777832 0.0688807 0.0997171 0.0759815 0.0762406 0.0137575 0.0794667 0.0005917 
Phalangeridae_Strigocuscus_pelengensis       0.0537160 0.0904654 0.0633977 0.0700025 0.0775779 0.0814835 0.0256712 0.0160900 0.0658343 0.0757425 0.0000000 0.0877846 0.0910327 0.0150031 0.0567130 0.0853596 0.0805613 0.0861420 0.0903574 0.0769576 0.0667589 0.1528391 0.1306588 0.0869557 0.0675259 0.0749972 0.0600662 0.0640595 0.0444971 0.0839000 0.0675108 0.0146120 0.0775387 0.0845700 0.0938613 
Dasyuridae_Phascogale_tapoatafa              0.0801396 0.0940993 0.0836868 0.0963319 0.1013742 0.0147678 0.0808136 0.0874683 0.0916069 0.0891585 0.0877846 0.0000000 0.0291853 0.0844796 0.0908194 0.0038095 0.0145313 0.0244235 0.1040412 0.1025430 0.0935506 0.1576753 0.1389047 0.0115800 0.0990100 0.0835558 0.0859817 0.0895556 0.0838777 0.1169110 0.0934300 0.0899665 0.0968466 0.0163889 0.1038275 
Dasyuridae_Sminthopsis_macroura              0.0848337 0.0936579 0.0890212 0.0991517 0.1051347 0.0258814 0.0828080 0.0917232 0.0937779 0.0844520 0.0910327 0.0291853 0.0000000 0.0865948 0.0895581 0.0289734 0.0233492 0.0202077 0.1046572 0.1052079 0.0957110 0.1562131 0.1367811 0.0270776 0.0987524 0.0842830 0.0869666 0.0921640 0.0810096 0.1146309 0.0938474 0.0909166 0.0927428 0.0262750 0.1056892 
Phalangeridae_Phalanger_orientalis           0.0506966 0.0847504 0.0592385 0.0660881 0.0718701 0.0775820 0.0268438 0.0207874 0.0617218 0.0730182 0.0150031 0.0844796 0.0865948 0.0000000 0.0531434 0.0828634 0.0767161 0.0835495 0.0885837 0.0712604 0.0622629 0.1443303 0.1242868 0.0824803 0.0634530 0.0693782 0.0580980 0.0595192 0.0465050 0.0802539 0.0632889 0.0056625 0.0737830 0.0805571 0.0929890 
Acrobatidae_Acrobates_pygmaeus               0.0528438 0.0894997 0.0632897 0.0690558 0.0735774 0.0832561 0.0533891 0.0646959 0.0660486 0.0748412 0.0567130 0.0908194 0.0895581 0.0531434 0.0000000 0.0864918 0.0834781 0.0885168 0.0920686 0.0743389 0.0597261 0.1468913 0.1253438 0.0857526 0.0698484 0.0707436 0.0541478 0.0649325 0.0365937 0.0740869 0.0383699 0.0565832 0.0817708 0.0856391 0.0916637 
Dasyuridae_Phascogale_calura                 0.0801781 0.0932140 0.0827229 0.0968928 0.0993437 0.0148729 0.0773031 0.0869513 0.0902205 0.0876911 0.0853596 0.0038095 0.0289734 0.0828634 0.0864918 0.0000000 0.0134229 0.0246931 0.1025233 0.1015835 0.0920855 0.1543301 0.1362446 0.0105684 0.0971201 0.0830401 0.0844339 0.0887388 0.0810866 0.1143191 0.0912292 0.0879198 0.0944713 0.0152610 0.1027812 
Dasyuridae_Sarcophilus_harrisii              0.0760731 0.0850727 0.0790208 0.0895113 0.0938888 0.0029793 0.0733524 0.0824162 0.0838874 0.0777165 0.0805613 0.0145313 0.0233492 0.0767161 0.0834781 0.0134229 0.0000000 0.0207596 0.0969731 0.0955293 0.0881003 0.1481737 0.1277506 0.0152469 0.0915498 0.0750863 0.0786384 0.0820852 0.0832956 0.1055938 0.0876155 0.0814055 0.0835250 0.0033521 0.0961943 
Dasyuridae_Planigale_tenuirostris            0.0816158 0.0925279 0.0855543 0.0956186 0.1014184 0.0218750 0.0780003 0.0882084 0.0920899 0.0899539 0.0861420 0.0244235 0.0202077 0.0835495 0.0885168 0.0246931 0.0207596 0.0000000 0.1062127 0.1025601 0.0945794 0.1582662 0.1385813 0.0231973 0.0934044 0.0821841 0.0847780 0.0888211 0.0780915 0.1183394 0.0915246 0.0890296 0.0929449 0.0218806 0.1064712 
Peramelidae_Echymipera_kalubu                0.0869958 0.0956217 0.0901098 0.0921199 0.0951824 0.0978231 0.0879227 0.0936563 0.0912576 0.0158334 0.0903574 0.1040412 0.1046572 0.0885837 0.0920686 0.1025233 0.0969731 0.1062127 0.0000000 0.1010031 0.0965634 0.1597411 0.1410941 0.1012264 0.0941041 0.0900624 0.0852931 0.0903239 0.0773348 0.1105255 0.0969632 0.0914491 0.0139532 0.0999011 0.0186066 
Macropodidae_Dorcopsulus_vanheurni           0.0701543 0.0996732 0.0730890 0.0394349 0.0424969 0.0935076 0.0699319 0.0786359 0.0344690 0.0914892 0.0769576 0.1025430 0.1052079 0.0712604 0.0743389 0.1015835 0.0955293 0.1025601 0.1010031 0.0000000 0.0840760 0.1568708 0.1376751 0.1019888 0.0507516 0.0826988 0.0743304 0.0159492 0.0643103 0.0939105 0.0828642 0.0753987 0.0964761 0.0982746 0.1049379 
Pseudochiridae_Pseudochirulus_forbesi        0.0615666 0.0924414 0.0729595 0.0777410 0.0783713 0.0882373 0.0644167 0.0689700 0.0715305 0.0787101 0.0667589 0.0935506 0.0957110 0.0622629 0.0597261 0.0920855 0.0881003 0.0945794 0.0965634 0.0840760 0.0000000 0.1666852 0.1379506 0.0906088 0.0728948 0.0797307 0.0466710 0.0715732 0.0131223 0.0775153 0.0645329 0.0669461 0.0849184 0.0915036 0.1019255 
Didelphidae_Didelphis_virginiana             0.1336444 0.1593209 0.1354167 0.1416319 0.1454037 0.1502385 0.1433622 0.1360019 0.1411446 0.1555396 0.1528391 0.1576753 0.1562131 0.1443303 0.1468913 0.1543301 0.1481737 0.1582662 0.1597411 0.1568708 0.1666852 0.0000000 0.0640679 0.1514916 0.1516064 0.1353336 0.1410567 0.1442721 0.1080325 0.1643552 0.1551835 0.1464156 0.1411529 0.1496711 0.1603294 
Marmosidae_Monodelphis_domestica             0.1197836 0.1328485 0.1189910 0.1321851 0.1335009 0.1311779 0.1234119 0.1374022 0.1244063 0.1241654 0.1306588 0.1389047 0.1367811 0.1242868 0.1253438 0.1362446 0.1277506 0.1385813 0.1410941 0.1376751 0.1379506 0.0640679 0.0000000 0.1339569 0.1295199 0.1179229 0.1307849 0.1264305 0.1088394 0.1504914 0.1312988 0.1264123 0.1323545 0.1322936 0.1442114 
Dasyuridae_Antechinus_stuartii               0.0816125 0.0902715 0.0846150 0.0974188 0.1008305 0.0166328 0.0789258 0.0869527 0.0917200 0.0844239 0.0869557 0.0115800 0.0270776 0.0824803 0.0857526 0.0105684 0.0152469 0.0231973 0.1012264 0.1019888 0.0906088 0.1514916 0.1339569 0.0000000 0.0961123 0.0802199 0.0814843 0.0880727 0.0768935 0.1118308 0.0898140 0.0879225 0.0922686 0.0162675 0.1014764 
Hypsiprymnodontidae_Hypsiprymnodon_moschatus 0.0638978 0.0965280 0.0666259 0.0451897 0.0501223 0.0914917 0.0658929 0.0698581 0.0415248 0.0781171 0.0675259 0.0990100 0.0987524 0.0634530 0.0698484 0.0971201 0.0915498 0.0934044 0.0941041 0.0507516 0.0728948 0.1516064 0.1295199 0.0961123 0.0000000 0.0763546 0.0641314 0.0402581 0.0462612 0.0888476 0.0748986 0.0672729 0.0807843 0.0936215 0.0980976 
Microbiotheriidae_Dromiciops_gliroides       0.0665672 0.0794667 0.0696857 0.0769877 0.0819775 0.0755608 0.0713870 0.0753324 0.0744745 0.0794977 0.0749972 0.0835558 0.0842830 0.0693782 0.0707436 0.0830401 0.0750863 0.0821841 0.0900624 0.0826988 0.0797307 0.1353336 0.1179229 0.0802199 0.0763546 0.0000000 0.0686176 0.0697973 0.0612650 0.0907150 0.0797793 0.0734988 0.0835195 0.0782559 0.0944868 
Pseudochiridae_Petauroides_volans            0.0525977 0.0881093 0.0642542 0.0651296 0.0680040 0.0794687 0.0592011 0.0554656 0.0618743 0.0742727 0.0600662 0.0859817 0.0869666 0.0580980 0.0541478 0.0844339 0.0786384 0.0847780 0.0852931 0.0743304 0.0466710 0.1410567 0.1307849 0.0814843 0.0641314 0.0686176 0.0000000 0.0615708 0.0291947 0.0700293 0.0618669 0.0604242 0.0788578 0.0816726 0.0927089 
Macropodidae_Wallabia_bicolor                0.0599180 0.0884964 0.0626255 0.0298248 0.0339995 0.0809289 0.0591824 0.0649044 0.0251825 0.0777832 0.0640595 0.0895556 0.0921640 0.0595192 0.0649325 0.0887388 0.0820852 0.0888211 0.0903239 0.0159492 0.0715732 0.1442721 0.1264305 0.0880727 0.0402581 0.0697973 0.0615708 0.0000000 0.0506678 0.0874458 0.0730377 0.0635702 0.0815404 0.0849650 0.0949230 
Pseudochiridae_Pseudocheirus_occidentalis    0.0404106 0.0969333 0.0446889 0.0509444 0.0544107 0.0806464 0.0510726 0.0549265 0.0532255 0.0688807 0.0444971 0.0838777 0.0810096 0.0465050 0.0365937 0.0810866 0.0832956 0.0780915 0.0773348 0.0643103 0.0131223 0.1080325 0.1088394 0.0768935 0.0462612 0.0612650 0.0291947 0.0506678 0.0000000 0.0588008 0.0380964 0.0499164 0.0782217 0.0873185 0.0760684 
Tarsipedidae_Tarsipes_rostratus              0.0781531 0.1095500 0.0873949 0.0878991 0.0922029 0.1066893 0.0798345 0.0903416 0.0870185 0.0997171 0.0839000 0.1169110 0.1146309 0.0802539 0.0740869 0.1143191 0.1055938 0.1183394 0.1105255 0.0939105 0.0775153 0.1643552 0.1504914 0.1118308 0.0888476 0.0907150 0.0700293 0.0874458 0.0588008 0.0000000 0.0810093 0.0833102 0.1049425 0.1081074 0.1142193 
Acrobatidae_Distoechurus_pennatus            0.0626593 0.0962585 0.0714531 0.0748642 0.0799040 0.0888039 0.0612122 0.0717992 0.0719825 0.0759815 0.0675108 0.0934300 0.0938474 0.0632889 0.0383699 0.0912292 0.0876155 0.0915246 0.0969632 0.0828642 0.0645329 0.1551835 0.1312988 0.0898140 0.0748986 0.0797793 0.0618669 0.0730377 0.0380964 0.0810093 0.0000000 0.0675608 0.0867264 0.0918699 0.0996088 
Phalangeridae_Phalanger_carmelitae           0.0539515 0.0897549 0.0624700 0.0699670 0.0760087 0.0827384 0.0275654 0.0182223 0.0655536 0.0762406 0.0146120 0.0899665 0.0909166 0.0056625 0.0565832 0.0879198 0.0814055 0.0890296 0.0914491 0.0753987 0.0669461 0.1464156 0.1264123 0.0879225 0.0672729 0.0734988 0.0604242 0.0635702 0.0499164 0.0833102 0.0675608 0.0000000 0.0776140 0.0858245 0.0959398 
Peramelidae_Peroryctes_raffrayana            0.0817717 0.0773602 0.0848645 0.0784889 0.0889456 0.0843186 0.0777307 0.0881953 0.0822127 0.0137575 0.0775387 0.0968466 0.0927428 0.0737830 0.0817708 0.0944713 0.0835250 0.0929449 0.0139532 0.0964761 0.0849184 0.1411529 0.1323545 0.0922686 0.0807843 0.0835195 0.0788578 0.0815404 0.0782217 0.1049425 0.0867264 0.0776140 0.0000000 0.0856338 0.0171372 
Dasyuridae_Dasyurus_geffroii                 0.0793514 0.0876353 0.0817951 0.0913376 0.0951889 0.0040535 0.0767431 0.0861396 0.0865798 0.0794667 0.0845700 0.0163889 0.0262750 0.0805571 0.0856391 0.0152610 0.0033521 0.0218806 0.0999011 0.0982746 0.0915036 0.1496711 0.1322936 0.0162675 0.0936215 0.0782559 0.0816726 0.0849650 0.0873185 0.1081074 0.0918699 0.0858245 0.0856338 0.0000000 0.0991336 
Peramelidae_Perameles_gunnii                 0.0913685 0.0981976 0.0910294 0.0968539 0.1009658 0.0970561 0.0910066 0.0976103 0.0976307 0.0005917 0.0938613 0.1038275 0.1056892 0.0929890 0.0916637 0.1027812 0.0961943 0.1064712 0.0186066 0.1049379 0.1019255 0.1603294 0.1442114 0.1014764 0.0980976 0.0944868 0.0927089 0.0949230 0.0760684 0.1142193 0.0996088 0.0959398 0.0171372 0.0991336 0.0000000 
