35
Burramyidae_Burramys_parvus                  0.0000000 0.0844284 0.0552761 0.0629295 0.0621232 0.0905960 0.0489515 0.0490521 0.0624211 0.1005016 0.0499150 0.0827511 0.0915638 0.0468534 0.0683669 0.0826226 0.0858667 0.0773348 0.1044056 0.0528767 0.0719842 0.0811632 0.0602144 0.0833498 0.0714023 0.0528267 0.0657472 0.0709310 0.0666629 0.0490610 0.0943711 0.0919905 0.1009727 0.0754970 0.0716709 
Notoryctidae_Notoryctes_typhlops             0.0844284 0.0000000 0.0797480 0.0828908 0.0836175 0.0962113 0.0892648 0.0870944 0.0830606 0.1016733 0.0846156 0.0917459 0.0988590 0.0874144 0.0868682 0.0927472 0.0956402 0.0940786 0.1035183 0.0784266 0.1044223 0.0937680 0.0848602 0.0994721 0.0990036 0.0745911 0.0943695 0.1029682 0.0885962 0.0896024 0.0987238 0.0976072 0.1022166 0.0920482 0.0824857 
Vombatidae_Lasiorhinus_latifrons             0.0552761 0.0797480 0.0000000 0.0601879 0.0594074 0.0889190 0.0580211 0.0550110 0.0619894 0.0906329 0.0561561 0.0863598 0.0873539 0.0545807 0.0685019 0.0847423 0.0860822 0.0797220 0.0927559 0.0542637 0.0710192 0.0812704 0.0621091 0.0786500 0.0722536 0.0543161 0.0681942 0.0740991 0.0657600 0.0545835 0.0914533 0.0907969 0.0909084 0.0800673 0.0737813 
Potoroidae_Bettongia_penicillata             0.0629295 0.0828908 0.0601879 0.0000000 0.0045224 0.0982714 0.0647991 0.0645505 0.0144232 0.0950928 0.0639059 0.0969387 0.0964557 0.0616014 0.0700544 0.0934143 0.0950086 0.0881245 0.0950261 0.0285456 0.0775986 0.0920610 0.0422699 0.0918892 0.0763213 0.0274150 0.0728315 0.0835280 0.0680146 0.0627371 0.0934444 0.0995860 0.0943410 0.0796921 0.0771444 
Potoroidae_Bettongia_lesueur                 0.0621232 0.0836175 0.0594074 0.0045224 0.0000000 0.0958759 0.0635794 0.0633681 0.0143899 0.0954272 0.0625487 0.0959312 0.0954480 0.0604323 0.0704756 0.0924288 0.0926433 0.0871507 0.0951046 0.0294491 0.0785185 0.0910655 0.0415991 0.0922404 0.0754290 0.0273508 0.0726934 0.0826699 0.0664314 0.0615641 0.0927663 0.0971637 0.0946837 0.0792890 0.0781348 
Dasyuridae_Dasyurus_maculatus                0.0905960 0.0962113 0.0889190 0.0982714 0.0958759 0.0000000 0.0910171 0.0909392 0.0965620 0.1196195 0.0909495 0.0177346 0.0321609 0.0900176 0.1040455 0.0171878 0.0103614 0.0269743 0.1121619 0.0861592 0.1115113 0.0191048 0.1007090 0.1001094 0.1112119 0.0822564 0.1045090 0.1090849 0.1007263 0.0913192 0.1090028 0.0065661 0.1196346 0.0985112 0.0917190 
Phalangeridae_Trichosurus_vulpecula          0.0489515 0.0892648 0.0580211 0.0647991 0.0635794 0.0910171 0.0000000 0.0172671 0.0649653 0.1001277 0.0212878 0.0871781 0.0878694 0.0162886 0.0672486 0.0866084 0.0850774 0.0774243 0.1003871 0.0586368 0.0734190 0.0851743 0.0639678 0.0811270 0.0667685 0.0563937 0.0686851 0.0703483 0.0609654 0.0182837 0.0947850 0.0923217 0.1001018 0.0755194 0.0726590 
Phalangeridae_Spilocuscus_maculatus          0.0490521 0.0870944 0.0550110 0.0645505 0.0633681 0.0909392 0.0172671 0.0000000 0.0635139 0.1004760 0.0132655 0.0876457 0.0891766 0.0110167 0.0684906 0.0870435 0.0846853 0.0770321 0.0985634 0.0551103 0.0739121 0.0856426 0.0630737 0.0780909 0.0710220 0.0562137 0.0711092 0.0721464 0.0635357 0.0129100 0.0919178 0.0915628 0.1011385 0.0768340 0.0753159 
Potoroidae_Aepyprymnus_rufescens             0.0624211 0.0830606 0.0619894 0.0144232 0.0143899 0.0965620 0.0649653 0.0635139 0.0000000 0.0956396 0.0639226 0.0945675 0.0954115 0.0605021 0.0667019 0.0916559 0.0926326 0.0853259 0.0939976 0.0274564 0.0765133 0.0912107 0.0402381 0.0915947 0.0732764 0.0253676 0.0725916 0.0803540 0.0664999 0.0616369 0.0899988 0.0971807 0.0947003 0.0803600 0.0792797 
Peramelidae_Perameles_nasuta                 0.1005016 0.1016733 0.0906329 0.0950928 0.0954272 0.1196195 0.1001277 0.1004760 0.0956396 0.0000000 0.1027598 0.1157905 0.1111722 0.1021429 0.1047603 0.1156421 0.1165213 0.1002683 0.0213135 0.0894524 0.1183374 0.1121787 0.1034989 0.0995849 0.1111367 0.0925663 0.1116113 0.1168997 0.1027893 0.1041240 0.0210225 0.1194849 0.0013644 0.0951212 0.0873950 
Phalangeridae_Strigocuscus_pelengensis       0.0499150 0.0846156 0.0561561 0.0639059 0.0625487 0.0909495 0.0212878 0.0132655 0.0639226 0.1027598 0.0000000 0.0881577 0.0884825 0.0102982 0.0668285 0.0881865 0.0858329 0.0799029 0.1010253 0.0555161 0.0710062 0.0844476 0.0604678 0.0826884 0.0692431 0.0553117 0.0707505 0.0713962 0.0577372 0.0117634 0.0921873 0.0927891 0.1032332 0.0784547 0.0716099 
Dasyuridae_Phascogale_tapoatafa              0.0827511 0.0917459 0.0863598 0.0969387 0.0959312 0.0177346 0.0871781 0.0876457 0.0945675 0.1157905 0.0881577 0.0000000 0.0283051 0.0866116 0.1029643 0.0050717 0.0166908 0.0244876 0.1105730 0.0859282 0.1013390 0.0119511 0.0963977 0.0935409 0.1036255 0.0820299 0.0958069 0.1038941 0.1013426 0.0878604 0.1069486 0.0178240 0.1174033 0.0938539 0.0867002 
Dasyuridae_Sminthopsis_macroura              0.0915638 0.0988590 0.0873539 0.0964557 0.0954480 0.0321609 0.0878694 0.0891766 0.0954115 0.1111722 0.0884825 0.0283051 0.0000000 0.0873325 0.0954078 0.0277060 0.0300302 0.0228989 0.1070787 0.0882803 0.1046774 0.0299624 0.0960102 0.0990139 0.1004941 0.0839121 0.0997811 0.1065190 0.0972112 0.0893940 0.1034278 0.0317931 0.1102175 0.0908950 0.0836562 
Phalangeridae_Phalanger_orientalis           0.0468534 0.0874144 0.0545807 0.0616014 0.0604323 0.0900176 0.0162886 0.0110167 0.0605021 0.1021429 0.0102982 0.0866116 0.0873325 0.0000000 0.0653997 0.0860330 0.0837426 0.0756759 0.0987959 0.0534016 0.0721070 0.0808535 0.0623308 0.0808883 0.0675019 0.0522055 0.0694918 0.0728194 0.0601993 0.0035820 0.0928884 0.0906163 0.1026586 0.0802880 0.0764346 
Acrobatidae_Acrobates_pygmaeus               0.0683669 0.0868682 0.0685019 0.0700544 0.0704756 0.1040455 0.0672486 0.0684906 0.0667019 0.1047603 0.0668285 0.1029643 0.0954078 0.0653997 0.0000000 0.1003213 0.1010107 0.0925627 0.1044331 0.0646193 0.0713581 0.0945634 0.0685877 0.0953485 0.0688138 0.0621488 0.0727026 0.0751078 0.0365445 0.0673300 0.0960919 0.1064086 0.1063849 0.0862007 0.0812904 
Dasyuridae_Phascogale_calura                 0.0826226 0.0927472 0.0847423 0.0934143 0.0924288 0.0171878 0.0866084 0.0870435 0.0916559 0.1156421 0.0881865 0.0050717 0.0277060 0.0860330 0.1003213 0.0000000 0.0151879 0.0238173 0.1101599 0.0836629 0.0999761 0.0109813 0.0947048 0.0925592 0.0979148 0.0803802 0.0937456 0.1026786 0.0990084 0.0873065 0.1058526 0.0172820 0.1156271 0.0919838 0.0848978 
Dasyuridae_Sarcophilus_harrisii              0.0858667 0.0956402 0.0860822 0.0950086 0.0926433 0.0103614 0.0850774 0.0846853 0.0926326 0.1165213 0.0858329 0.0166908 0.0300302 0.0837426 0.1010107 0.0151879 0.0000000 0.0252034 0.1104879 0.0851382 0.1064827 0.0185651 0.0971766 0.0967595 0.1046965 0.0812349 0.0995203 0.1017654 0.0984708 0.0849886 0.1059544 0.0104121 0.1165129 0.0907330 0.0860368 
Dasyuridae_Planigale_tenuirostris            0.0773348 0.0940786 0.0797220 0.0881245 0.0871507 0.0269743 0.0774243 0.0770321 0.0853259 0.1002683 0.0799029 0.0244876 0.0228989 0.0756759 0.0925627 0.0238173 0.0252034 0.0000000 0.0950597 0.0773361 0.0977235 0.0244933 0.0844355 0.0893786 0.0969106 0.0747276 0.0882038 0.1013623 0.0885267 0.0779440 0.0924601 0.0294330 0.0985284 0.0864075 0.0857482 
Peramelidae_Echymipera_kalubu                0.1044056 0.1035183 0.0927559 0.0950261 0.0951046 0.1121619 0.1003871 0.0985634 0.0939976 0.0213135 0.1010253 0.1105730 0.1070787 0.0987959 0.1044331 0.1101599 0.1104879 0.0950597 0.0000000 0.0911410 0.1145061 0.1073507 0.1055211 0.1003702 0.1085347 0.0923152 0.1113044 0.1162538 0.1026130 0.1002182 0.0171999 0.1112041 0.0210905 0.0902671 0.0872900 
Macropodidae_Dorcopsulus_vanheurni           0.0528767 0.0784266 0.0542637 0.0285456 0.0294491 0.0861592 0.0586368 0.0551103 0.0274564 0.0894524 0.0555161 0.0859282 0.0882803 0.0534016 0.0646193 0.0836629 0.0851382 0.0773361 0.0911410 0.0000000 0.0701918 0.0826567 0.0350320 0.0819966 0.0697570 0.0100708 0.0673432 0.0741992 0.0643462 0.0556272 0.0846430 0.0881381 0.0885322 0.0752174 0.0738809 
Pseudochiridae_Pseudochirulus_forbesi        0.0719842 0.1044223 0.0710192 0.0775986 0.0785185 0.1115113 0.0734190 0.0739121 0.0765133 0.1183374 0.0710062 0.1013390 0.1046774 0.0721070 0.0713581 0.0999761 0.1064827 0.0977235 0.1145061 0.0701918 0.0000000 0.1013430 0.0773758 0.1020555 0.0449554 0.0694726 0.0282543 0.0645855 0.0698026 0.0738603 0.1091362 0.1096831 0.1209626 0.0876426 0.0821886 
Dasyuridae_Antechinus_stuartii               0.0811632 0.0937680 0.0812704 0.0920610 0.0910655 0.0191048 0.0851743 0.0856426 0.0912107 0.1121787 0.0844476 0.0119511 0.0299624 0.0808535 0.0945634 0.0109813 0.0185651 0.0244933 0.1073507 0.0826567 0.1013430 0.0000000 0.0926913 0.0937064 0.0967278 0.0794373 0.0920883 0.1026217 0.0921076 0.0833177 0.1051235 0.0207580 0.1117112 0.0915775 0.0832370 
Hypsiprymnodontidae_Hypsiprymnodon_moschatus 0.0602144 0.0848602 0.0621091 0.0422699 0.0415991 0.1007090 0.0639678 0.0630737 0.0402381 0.1034989 0.0604678 0.0963977 0.0960102 0.0623308 0.0685877 0.0947048 0.0971766 0.0844355 0.1055211 0.0350320 0.0773758 0.0926913 0.0000000 0.0929282 0.0700090 0.0327839 0.0722925 0.0818497 0.0710111 0.0646171 0.0983480 0.0999550 0.1021610 0.0823083 0.0794463 
Microbiotheriidae_Dromiciops_gliroides       0.0833498 0.0994721 0.0786500 0.0918892 0.0922404 0.1001094 0.0811270 0.0780909 0.0915947 0.0995849 0.0826884 0.0935409 0.0990139 0.0808883 0.0953485 0.0925592 0.0967595 0.0893786 0.1003702 0.0819966 0.1020555 0.0937064 0.0929282 0.0000000 0.1013960 0.0806996 0.0990578 0.0965272 0.0959701 0.0821772 0.0979320 0.1008252 0.1012031 0.0824479 0.0795197 
Pseudochiridae_Petauroides_volans            0.0714023 0.0990036 0.0722536 0.0763213 0.0754290 0.1112119 0.0667685 0.0710220 0.0732764 0.1111367 0.0692431 0.1036255 0.1004941 0.0675019 0.0688138 0.0979148 0.1046965 0.0969106 0.1085347 0.0697570 0.0449554 0.0967278 0.0700090 0.1013960 0.0000000 0.0669669 0.0405161 0.0634314 0.0676052 0.0704930 0.1028811 0.1108320 0.1125089 0.0821975 0.0782594 
Macropodidae_Wallabia_bicolor                0.0528267 0.0745911 0.0543161 0.0274150 0.0273508 0.0822564 0.0563937 0.0562137 0.0253676 0.0925663 0.0553117 0.0820299 0.0839121 0.0522055 0.0621488 0.0803802 0.0812349 0.0747276 0.0923152 0.0100708 0.0694726 0.0794373 0.0327839 0.0806996 0.0669669 0.0000000 0.0655660 0.0710599 0.0614806 0.0544211 0.0865190 0.0841874 0.0918112 0.0750609 0.0713117 
Pseudochiridae_Pseudocheirus_occidentalis    0.0657472 0.0943695 0.0681942 0.0728315 0.0726934 0.1045090 0.0686851 0.0711092 0.0725916 0.1116113 0.0707505 0.0958069 0.0997811 0.0694918 0.0727026 0.0937456 0.0995203 0.0882038 0.1113044 0.0673432 0.0282543 0.0920883 0.0722925 0.0990578 0.0405161 0.0655660 0.0000000 0.0594335 0.0681503 0.0724406 0.1056092 0.1027106 0.1136716 0.0865638 0.0810490 
Tarsipedidae_Tarsipes_rostratus              0.0709310 0.1029682 0.0740991 0.0835280 0.0826699 0.1090849 0.0703483 0.0721464 0.0803540 0.1168997 0.0713962 0.1038941 0.1065190 0.0728194 0.0751078 0.1026786 0.1017654 0.1013623 0.1162538 0.0741992 0.0645855 0.1026217 0.0818497 0.0965272 0.0634314 0.0710599 0.0594335 0.0000000 0.0754317 0.0740816 0.1082637 0.1078475 0.1186554 0.0847350 0.0786362 
Acrobatidae_Distoechurus_pennatus            0.0666629 0.0885962 0.0657600 0.0680146 0.0664314 0.1007263 0.0609654 0.0635357 0.0664999 0.1027893 0.0577372 0.1013426 0.0972112 0.0601993 0.0365445 0.0990084 0.0984708 0.0885267 0.1026130 0.0643462 0.0698026 0.0921076 0.0710111 0.0959701 0.0676052 0.0614806 0.0681503 0.0754317 0.0000000 0.0605725 0.0966553 0.1039997 0.1036780 0.0857219 0.0769645 
Phalangeridae_Phalanger_carmelitae           0.0490610 0.0896024 0.0545835 0.0627371 0.0615641 0.0913192 0.0182837 0.0129100 0.0616369 0.1041240 0.0117634 0.0878604 0.0893940 0.0035820 0.0673300 0.0873065 0.0849886 0.0779440 0.1002182 0.0556272 0.0738603 0.0833177 0.0646171 0.0821772 0.0704930 0.0544211 0.0724406 0.0740816 0.0605725 0.0000000 0.0948819 0.0918929 0.1046538 0.0823219 0.0784073 
Peramelidae_Peroryctes_raffrayana            0.0943711 0.0987238 0.0914533 0.0934444 0.0927663 0.1090028 0.0947850 0.0919178 0.0899988 0.0210225 0.0921873 0.1069486 0.1034278 0.0928884 0.0960919 0.1058526 0.1059544 0.0924601 0.0171999 0.0846430 0.1091362 0.1051235 0.0983480 0.0979320 0.1028811 0.0865190 0.1056092 0.1082637 0.0966553 0.0948819 0.0000000 0.1080905 0.0218972 0.0951271 0.0896158 
Dasyuridae_Dasyurus_geffroii                 0.0919905 0.0976072 0.0907969 0.0995860 0.0971637 0.0065661 0.0923217 0.0915628 0.0971807 0.1194849 0.0927891 0.0178240 0.0317931 0.0906163 0.1064086 0.0172820 0.0104121 0.0294330 0.1112041 0.0881381 0.1096831 0.0207580 0.0999550 0.1008252 0.1108320 0.0841874 0.1027106 0.1078475 0.1039997 0.0918929 0.1080905 0.0000000 0.1194990 0.0970436 0.0904359 
Peramelidae_Perameles_gunnii                 0.1009727 0.1022166 0.0909084 0.0943410 0.0946837 0.1196346 0.1001018 0.1011385 0.0947003 0.0013644 0.1032332 0.1174033 0.1102175 0.1026586 0.1063849 0.1156271 0.1165129 0.0985284 0.0210905 0.0885322 0.1209626 0.1117112 0.1021610 0.1012031 0.1125089 0.0918112 0.1136716 0.1186554 0.1036780 0.1046538 0.0218972 0.1194990 0.0000000 0.0948189 0.0891024 
Didelphidae_Didelphis_virginiana             0.0754970 0.0920482 0.0800673 0.0796921 0.0792890 0.0985112 0.0755194 0.0768340 0.0803600 0.0951212 0.0784547 0.0938539 0.0908950 0.0802880 0.0862007 0.0919838 0.0907330 0.0864075 0.0902671 0.0752174 0.0876426 0.0915775 0.0823083 0.0824479 0.0821975 0.0750609 0.0865638 0.0847350 0.0857219 0.0823219 0.0951271 0.0970436 0.0948189 0.0000000 0.0325638 
Marmosidae_Monodelphis_domestica             0.0716709 0.0824857 0.0737813 0.0771444 0.0781348 0.0917190 0.0726590 0.0753159 0.0792797 0.0873950 0.0716099 0.0867002 0.0836562 0.0764346 0.0812904 0.0848978 0.0860368 0.0857482 0.0872900 0.0738809 0.0821886 0.0832370 0.0794463 0.0795197 0.0782594 0.0713117 0.0810490 0.0786362 0.0769645 0.0784073 0.0896158 0.0904359 0.0891024 0.0325638 0.0000000 
