39
Burramyidae_Burramys_parvus                  0.0000000 0.1024628 0.0759001 0.0609321 0.0610197 0.0958391 0.0512461 0.0547278 0.0635677 0.1163063 0.0522806 0.0916922 0.1031151 0.0519291 0.0769598 0.0943116 0.0958667 0.1000622 0.1157791 0.0578472 0.0788143 0.1159655 0.1023037 0.0911652 0.0630454 0.0922913 0.0780389 0.0595681 0.0533086 0.0842609 0.0674351 0.0571982 0.1157186 0.0948890 0.1178825 0.1832486 0.1832486 0.7440480 0.7440480 
Notoryctidae_Notoryctes_typhlops             0.1024628 0.0000000 0.0969099 0.1067165 0.1046152 0.1140539 0.0977737 0.1034890 0.1021050 0.1248872 0.1001042 0.1120431 0.1177396 0.1066376 0.1186930 0.1125472 0.1116855 0.1199319 0.1184957 0.0962241 0.1178278 0.1302003 0.1192729 0.1104645 0.1119162 0.1036891 0.1198632 0.1012122 0.0898064 0.1231246 0.1105514 0.1088611 0.1241791 0.1146288 0.1258050 0.1252998 0.1252998 0.7078280 0.7078280 
Vombatidae_Lasiorhinus_latifrons             0.0759001 0.0969099 0.0000000 0.0807520 0.0787382 0.0987647 0.0706951 0.0732489 0.0786436 0.1230569 0.0732651 0.0970485 0.1062600 0.0730015 0.0907726 0.1022126 0.0950129 0.1010446 0.1224525 0.0720713 0.0935207 0.1138404 0.1036138 0.0968725 0.0872860 0.0929555 0.0933435 0.0759077 0.0637454 0.1002387 0.0834294 0.0761054 0.1250525 0.0992334 0.1240264 0.0986339 0.0986339 0.7847455 0.7847455 
Potoroidae_Bettongia_penicillata             0.0609321 0.1067165 0.0807520 0.0000000 0.0019959 0.1028675 0.0606391 0.0622219 0.0137119 0.1123281 0.0642367 0.0949396 0.1074375 0.0627406 0.0835210 0.1016737 0.1028911 0.1077819 0.1095237 0.0264973 0.0801913 0.1214000 0.1119646 0.0976395 0.0525814 0.1016116 0.0765601 0.0279136 0.0557927 0.0836915 0.0734023 0.0657265 0.1166054 0.1042607 0.1127477 0.1731977 0.1731977 0.6625251 0.6625251 
Potoroidae_Bettongia_lesueur                 0.0610197 0.1046152 0.0787382 0.0019959 0.0000000 0.1019636 0.0596370 0.0601326 0.0126706 0.1150526 0.0630747 0.0947350 0.1053445 0.0616328 0.0813054 0.1013399 0.1019049 0.1071516 0.1111623 0.0247591 0.0816669 0.1220026 0.1104133 0.0961646 0.0518225 0.1007944 0.0773634 0.0252772 0.0591855 0.0841819 0.0713822 0.0645200 0.1174371 0.1027853 0.1153190 0.1567628 0.1567628 0.6328652 0.6328652 
Dasyuridae_Dasyurus_maculatus                0.0958391 0.1140539 0.0987647 0.1028675 0.1019636 0.0000000 0.0902015 0.0940142 0.1037775 0.1134685 0.0923616 0.0205549 0.0336074 0.0954635 0.1195248 0.0218773 0.0090234 0.0313355 0.1096652 0.0919739 0.1210360 0.1283892 0.1203023 0.0228412 0.1061743 0.0968239 0.1157967 0.1008162 0.0829819 0.1251570 0.1070565 0.0998418 0.1120177 0.0097882 0.1144740 0.0373584 0.0373584 0.6155591 0.6155591 
Phalangeridae_Trichosurus_vulpecula          0.0512461 0.0977737 0.0706951 0.0606391 0.0596370 0.0902015 0.0000000 0.0225211 0.0625000 0.1104473 0.0220273 0.0869436 0.0976490 0.0220628 0.0754019 0.0903609 0.0897400 0.0953921 0.1075564 0.0579772 0.0777566 0.1210435 0.1063848 0.0877889 0.0697525 0.0918371 0.0759025 0.0598497 0.0570330 0.0809515 0.0648517 0.0250836 0.1112774 0.0921512 0.1099717 0.1435503 0.1435503 0.6402333 0.6402333 
Phalangeridae_Spilocuscus_maculatus          0.0547278 0.1034890 0.0732489 0.0622219 0.0601326 0.0940142 0.0225211 0.0000000 0.0644358 0.1173160 0.0126577 0.0945556 0.1027766 0.0141221 0.0767767 0.0973271 0.0935569 0.1023471 0.1148133 0.0570492 0.0788746 0.1213694 0.1034252 0.0947473 0.0666598 0.0942193 0.0780359 0.0589897 0.0583753 0.0844347 0.0661718 0.0165925 0.1181829 0.0956156 0.1174517 0.1083310 0.1083310 0.6601899 0.6601899 
Potoroidae_Aepyprymnus_rufescens             0.0635677 0.1021050 0.0786436 0.0137119 0.0126706 0.1037775 0.0625000 0.0644358 0.0000000 0.1150522 0.0655119 0.0963322 0.1066729 0.0639731 0.0806011 0.1022031 0.1034182 0.1049379 0.1144354 0.0263671 0.0824858 0.1265224 0.1126988 0.0982316 0.0518585 0.1025531 0.0814340 0.0295875 0.0598220 0.0843409 0.0728355 0.0669206 0.1182946 0.1036003 0.1155172 0.1673197 0.1673197 0.6736402 0.6736402 
Peramelidae_Perameles_nasuta                 0.1163063 0.1248872 0.1230569 0.1123281 0.1150526 0.1134685 0.1104473 0.1173160 0.1150522 0.0000000 0.1149398 0.1125723 0.1260215 0.1157168 0.1397501 0.1146456 0.1137066 0.1172178 0.0197546 0.1079365 0.1420376 0.1398007 0.1310816 0.1133122 0.1257827 0.1158226 0.1363662 0.1150311 0.0993000 0.1419256 0.1178230 0.1186656 0.0206484 0.1121434 0.0011995 0.1582808 0.1582808 0.1615945 0.1615945 
Phalangeridae_Strigocuscus_pelengensis       0.0522806 0.1001042 0.0732651 0.0642367 0.0630747 0.0923616 0.0220273 0.0126577 0.0655119 0.1149398 0.0000000 0.0909752 0.0995737 0.0113808 0.0753813 0.0931882 0.0904138 0.0984861 0.1133176 0.0591154 0.0804986 0.1165278 0.1025523 0.0913606 0.0715755 0.0928485 0.0777213 0.0611142 0.0569035 0.0819349 0.0672063 0.0138743 0.1177459 0.0936623 0.1154293 0.1089432 0.1089432 0.7396990 0.7396990 
Dasyuridae_Phascogale_tapoatafa              0.0916922 0.1120431 0.0970485 0.0949396 0.0947350 0.0205549 0.0869436 0.0945556 0.0963322 0.1125723 0.0909752 0.0000000 0.0299602 0.0942086 0.1155453 0.0081966 0.0209895 0.0252955 0.1080699 0.0866373 0.1181078 0.1256936 0.1143628 0.0112077 0.0998529 0.0946553 0.1095371 0.0951534 0.0764860 0.1200135 0.1040048 0.0987631 0.1118101 0.0218732 0.1131646 0.0373584 0.0373584 0.5573078 0.5573078 
Dasyuridae_Sminthopsis_macroura              0.1031151 0.1177396 0.1062600 0.1074375 0.1053445 0.0336074 0.0976490 0.1027766 0.1066729 0.1260215 0.0995737 0.0299602 0.0000000 0.1042442 0.1235642 0.0310160 0.0328176 0.0280800 0.1233915 0.0928283 0.1202368 0.1333180 0.1261166 0.0307884 0.1096763 0.1059831 0.1187189 0.1017080 0.0831003 0.1218711 0.1103408 0.1087361 0.1274537 0.0359318 0.1272882 0.0673449 0.0673449 0.6644159 0.6644159 
Phalangeridae_Phalanger_orientalis           0.0519291 0.1066376 0.0730015 0.0627406 0.0616328 0.0954635 0.0220628 0.0141221 0.0639731 0.1157168 0.0113808 0.0942086 0.1042442 0.0000000 0.0771947 0.0967940 0.0940101 0.1018657 0.1151378 0.0578813 0.0797285 0.1188190 0.1062180 0.0941876 0.0678963 0.0968134 0.0785147 0.0607713 0.0586193 0.0820089 0.0660974 0.0059125 0.1178545 0.0960071 0.1160550 0.1201351 0.1201351 0.6739587 0.6739587 
Acrobatidae_Acrobates_pygmaeus               0.0769598 0.1186930 0.0907726 0.0835210 0.0813054 0.1195248 0.0754019 0.0767767 0.0806011 0.1397501 0.0753813 0.1155453 0.1235642 0.0771947 0.0000000 0.1179710 0.1180477 0.1276756 0.1381468 0.0785383 0.0893543 0.1432650 0.1269676 0.1146123 0.0880057 0.1105797 0.0846772 0.0806867 0.0686436 0.0891255 0.0509898 0.0792649 0.1441822 0.1171004 0.1402026 0.1468774 0.1468774 0.7552674 0.7552674 
Dasyuridae_Phascogale_calura                 0.0943116 0.1125472 0.1022126 0.1016737 0.1013399 0.0218773 0.0903609 0.0973271 0.1022031 0.1146456 0.0931882 0.0081966 0.0310160 0.0967940 0.1179710 0.0000000 0.0222978 0.0279496 0.1103041 0.0917191 0.1212277 0.1293145 0.1181973 0.0132435 0.1058886 0.0942263 0.1147979 0.1005562 0.0815988 0.1235908 0.1070937 0.1012044 0.1142410 0.0219048 0.1153731 0.0373584 0.0373584 0.6041274 0.6041274 
Dasyuridae_Sarcophilus_harrisii              0.0958667 0.1116855 0.0950129 0.1028911 0.1019049 0.0090234 0.0897400 0.0935569 0.1034182 0.1137066 0.0904138 0.0209895 0.0328176 0.0940101 0.1180477 0.0222978 0.0000000 0.0289836 0.1109468 0.0925257 0.1209939 0.1252289 0.1172683 0.0224221 0.1051275 0.0965713 0.1148001 0.0997913 0.0842087 0.1218490 0.1092292 0.0983911 0.1145230 0.0085517 0.1146180 0.0281115 0.0281115 0.5769383 0.5769383 
Dasyuridae_Planigale_tenuirostris            0.1000622 0.1199319 0.1010446 0.1077819 0.1071516 0.0313355 0.0953921 0.1023471 0.1049379 0.1172178 0.0984861 0.0252955 0.0280800 0.1018657 0.1276756 0.0279496 0.0289836 0.0000000 0.1149704 0.0962785 0.1196822 0.1274751 0.1199601 0.0276803 0.1092010 0.1010774 0.1160519 0.1032703 0.0776646 0.1253180 0.1105647 0.1069956 0.1129042 0.0316188 0.1182971 0.0370637 0.0370637 0.7840386 0.7840386 
Peramelidae_Echymipera_kalubu                0.1157791 0.1184957 0.1224525 0.1095237 0.1111623 0.1096652 0.1075564 0.1148133 0.1144354 0.0197546 0.1133176 0.1080699 0.1233915 0.1151378 0.1381468 0.1103041 0.1109468 0.1149704 0.0000000 0.1072141 0.1383925 0.1415721 0.1267632 0.1094959 0.1245745 0.1140984 0.1304212 0.1121744 0.0962138 0.1348411 0.1154614 0.1180766 0.0174110 0.1096962 0.0205205 0.1114473 0.1114473 0.1698777 0.1698777 
Macropodidae_Dorcopsulus_vanheurni           0.0578472 0.0962241 0.0720713 0.0264973 0.0247591 0.0919739 0.0579772 0.0570492 0.0263671 0.1079365 0.0591154 0.0866373 0.0928283 0.0578813 0.0785383 0.0917191 0.0925257 0.0962785 0.1072141 0.0000000 0.0737971 0.1125139 0.1022062 0.0858811 0.0425248 0.0953889 0.0762663 0.0122396 0.0559322 0.0865181 0.0662708 0.0606978 0.1118301 0.0917986 0.1084506 0.0891594 0.0891594 0.6569155 0.6569155 
Pseudochiridae_Pseudochirulus_forbesi        0.0788143 0.1178278 0.0935207 0.0801913 0.0816669 0.1210360 0.0777566 0.0788746 0.0824858 0.1420376 0.0804986 0.1181078 0.1202368 0.0797285 0.0893543 0.1212277 0.1209939 0.1196822 0.1383925 0.0737971 0.0000000 0.1391312 0.1284969 0.1140249 0.0875994 0.1179390 0.0431963 0.0753446 0.0156638 0.0796796 0.0795879 0.0843774 0.1429492 0.1194805 0.1421252 0.2049725 0.2049725 1.1599302 1.1599302 
Didelphidae_Didelphis_virginiana             0.1159655 0.1302003 0.1138404 0.1214000 0.1220026 0.1283892 0.1210435 0.1213694 0.1265224 0.1398007 0.1165278 0.1256936 0.1333180 0.1188190 0.1432650 0.1293145 0.1252289 0.1274751 0.1415721 0.1125139 0.1391312 0.0000000 0.0398327 0.1250056 0.1307705 0.1112825 0.1379353 0.1181847 0.0921556 0.1445098 0.1230144 0.1232084 0.1467128 0.1253230 0.1412240 0.1636215 0.1636215 0.9204183 0.9204183 
Marmosidae_Monodelphis_domestica             0.1023037 0.1192729 0.1036138 0.1119646 0.1104133 0.1203023 0.1063848 0.1034252 0.1126988 0.1310816 0.1025523 0.1143628 0.1261166 0.1062180 0.1269676 0.1181973 0.1172683 0.1199601 0.1267632 0.1022062 0.1284969 0.0398327 0.0000000 0.1160986 0.1150129 0.1030804 0.1219668 0.1062805 0.0875578 0.1301783 0.1093811 0.1091812 0.1338682 0.1152937 0.1321621 0.1435588 0.1435588 0.8518073 0.8518073 
Dasyuridae_Antechinus_stuartii               0.0911652 0.1104645 0.0968725 0.0976395 0.0961646 0.0228412 0.0877889 0.0947473 0.0982316 0.1133122 0.0913606 0.0112077 0.0307884 0.0941876 0.1146123 0.0132435 0.0224221 0.0276803 0.1094959 0.0858811 0.1140249 0.1250056 0.1160986 0.0000000 0.1006262 0.0917365 0.1071933 0.0950116 0.0760841 0.1194290 0.1043393 0.0986111 0.1126570 0.0233484 0.1137374 0.0481361 0.0481361 0.5758038 0.5758038 
Hypsiprymnodontidae_Hypsiprymnodon_moschatus 0.0630454 0.1119162 0.0872860 0.0525814 0.0518225 0.1061743 0.0697525 0.0666598 0.0518585 0.1257827 0.0715755 0.0998529 0.1096763 0.0678963 0.0880057 0.1058886 0.1051275 0.1092010 0.1245745 0.0425248 0.0875994 0.1307705 0.1150129 0.1006262 0.0000000 0.1114044 0.0908603 0.0451212 0.0648617 0.0937345 0.0756473 0.0715491 0.1288269 0.1042369 0.1243220 0.3164800 0.3164800 0.6399948 0.6399948 
Microbiotheriidae_Dromiciops_gliroides       0.0922913 0.1036891 0.0929555 0.1016116 0.1007944 0.0968239 0.0918371 0.0942193 0.1025531 0.1158226 0.0928485 0.0946553 0.1059831 0.0968134 0.1105797 0.0942263 0.0965713 0.1010774 0.1140984 0.0953889 0.1179390 0.1112825 0.1030804 0.0917365 0.1114044 0.0000000 0.1119648 0.1026653 0.0817278 0.1210413 0.1020573 0.0988280 0.1098680 0.0961559 0.1181948 0.1253818 0.1253818 0.7226326 0.7226326 
Pseudochiridae_Petauroides_volans            0.0780389 0.1198632 0.0933435 0.0765601 0.0773634 0.1157967 0.0759025 0.0780359 0.0814340 0.1363662 0.0777213 0.1095371 0.1187189 0.0785147 0.0846772 0.1147979 0.1148001 0.1160519 0.1304212 0.0762663 0.0431963 0.1379353 0.1219668 0.1071933 0.0908603 0.1119648 0.0000000 0.0773820 0.0272041 0.0786467 0.0727945 0.0812329 0.1368719 0.1156729 0.1363957 0.1949537 0.1949537 1.0366403 1.0366403 
Macropodidae_Wallabia_bicolor                0.0595681 0.1012122 0.0759077 0.0279136 0.0252772 0.1008162 0.0598497 0.0589897 0.0295875 0.1150311 0.0611142 0.0951534 0.1017080 0.0607713 0.0806867 0.1005562 0.0997913 0.1032703 0.1121744 0.0122396 0.0753446 0.1181847 0.1062805 0.0950116 0.0451212 0.1026653 0.0773820 0.0000000 0.0562465 0.0871545 0.0677846 0.0636167 0.1175914 0.0996654 0.1156900 0.0795488 0.0795488 0.6847702 0.6847702 
Pseudochiridae_Pseudocheirus_occidentalis    0.0533086 0.0898064 0.0637454 0.0557927 0.0591855 0.0829819 0.0570330 0.0583753 0.0598220 0.0993000 0.0569035 0.0764860 0.0831003 0.0586193 0.0686436 0.0815988 0.0842087 0.0776646 0.0962138 0.0559322 0.0156638 0.0921556 0.0875578 0.0760841 0.0648617 0.0817278 0.0272041 0.0562465 0.0000000 0.0593230 0.0531605 0.0608404 0.0972516 0.0808048 0.1000967 0.2036583 0.2036583 9.0000000 9.0000000 
Tarsipedidae_Tarsipes_rostratus              0.0842609 0.1231246 0.1002387 0.0836915 0.0841819 0.1251570 0.0809515 0.0844347 0.0843409 0.1419256 0.0819349 0.1200135 0.1218711 0.0820089 0.0891255 0.1235908 0.1218490 0.1253180 0.1348411 0.0865181 0.0796796 0.1445098 0.1301783 0.1194290 0.0937345 0.1210413 0.0786467 0.0871545 0.0593230 0.0000000 0.0791003 0.0855447 0.1469137 0.1249645 0.1417982 0.1977310 0.1977310 0.8492735 0.8492735 
Acrobatidae_Distoechurus_pennatus            0.0674351 0.1105514 0.0834294 0.0734023 0.0713822 0.1070565 0.0648517 0.0661718 0.0728355 0.1178230 0.0672063 0.1040048 0.1103408 0.0660974 0.0509898 0.1070937 0.1092292 0.1105647 0.1154614 0.0662708 0.0795879 0.1230144 0.1093811 0.1043393 0.0756473 0.1020573 0.0727945 0.0677846 0.0531605 0.0791003 0.0000000 0.0675788 0.1178625 0.1085542 0.1168202 0.1453902 0.1453902 0.8218882 0.8218882 
Phalangeridae_Phalanger_carmelitae           0.0571982 0.1088611 0.0761054 0.0657265 0.0645200 0.0998418 0.0250836 0.0165925 0.0669206 0.1186656 0.0138743 0.0987631 0.1087361 0.0059125 0.0792649 0.1012044 0.0983911 0.1069956 0.1180766 0.0606978 0.0843774 0.1232084 0.1091812 0.0986111 0.0715491 0.0988280 0.0812329 0.0636167 0.0608404 0.0855447 0.0675788 0.0000000 0.1210471 0.1000675 0.1190897 0.1190379 0.1190379 0.6999240 0.6999240 
Peramelidae_Peroryctes_raffrayana            0.1157186 0.1241791 0.1250525 0.1166054 0.1174371 0.1120177 0.1112774 0.1181829 0.1182946 0.0206484 0.1177459 0.1118101 0.1274537 0.1178545 0.1441822 0.1142410 0.1145230 0.1129042 0.0174110 0.1118301 0.1429492 0.1467128 0.1338682 0.1126570 0.1288269 0.1098680 0.1368719 0.1175914 0.0972516 0.1469137 0.1178625 0.1210471 0.0000000 0.1115419 0.0205239 0.0890099 0.0890099 0.2090914 0.2090914 
Dasyuridae_Dasyurus_geffroii                 0.0948890 0.1146288 0.0992334 0.1042607 0.1027853 0.0097882 0.0921512 0.0956156 0.1036003 0.1121434 0.0936623 0.0218732 0.0359318 0.0960071 0.1171004 0.0219048 0.0085517 0.0316188 0.1096962 0.0917986 0.1194805 0.1253230 0.1152937 0.0233484 0.1042369 0.0961559 0.1156729 0.0996654 0.0808048 0.1249645 0.1085542 0.1000675 0.1115419 0.0000000 0.1132775 0.0373584 0.0373584 0.5561120 0.5561120 
Peramelidae_Perameles_gunnii                 0.1178825 0.1258050 0.1240264 0.1127477 0.1153190 0.1144740 0.1099717 0.1174517 0.1155172 0.0011995 0.1154293 0.1131646 0.1272882 0.1160550 0.1402026 0.1153731 0.1146180 0.1182971 0.0205205 0.1084506 0.1421252 0.1412240 0.1321621 0.1137374 0.1243220 0.1181948 0.1363957 0.1156900 0.1000967 0.1417982 0.1168202 0.1190897 0.0205239 0.1132775 0.0000000 0.1608836 0.1608836 0.1615012 0.1615012 
Myrmecobiidae_Myrmecobius_fasciatus1         0.1832486 0.1252998 0.0986339 0.1731977 0.1567628 0.0373584 0.1435503 0.1083310 0.1673197 0.1582808 0.1089432 0.0373584 0.0673449 0.1201351 0.1468774 0.0373584 0.0281115 0.0370637 0.1114473 0.0891594 0.2049725 0.1636215 0.1435588 0.0481361 0.3164800 0.1253818 0.1949537 0.0795488 0.2036583 0.1977310 0.1453902 0.1190379 0.0890099 0.0373584 0.1608836 0.0000000 0.0000010 9.0000000 9.0000000 
Myrmecobiidae_Myrmecobius_fasciatus2         0.1832486 0.1252998 0.0986339 0.1731977 0.1567628 0.0373584 0.1435503 0.1083310 0.1673197 0.1582808 0.1089432 0.0373584 0.0673449 0.1201351 0.1468774 0.0373584 0.0281115 0.0370637 0.1114473 0.0891594 0.2049725 0.1636215 0.1435588 0.0481361 0.3164800 0.1253818 0.1949537 0.0795488 0.2036583 0.1977310 0.1453902 0.1190379 0.0890099 0.0373584 0.1608836 0.0000010 0.0000000 9.0000000 9.0000000 
Thylacomyidae_Macrotis_lagotis1              0.7440480 0.7078280 0.7847455 0.6625251 0.6328652 0.6155591 0.6402333 0.6601899 0.6736402 0.1615945 0.7396990 0.5573078 0.6644159 0.6739587 0.7552674 0.6041274 0.5769383 0.7840386 0.1698777 0.6569155 1.1599302 0.9204183 0.8518073 0.5758038 0.6399948 0.7226326 1.0366403 0.6847702 9.0000000 0.8492735 0.8218882 0.6999240 0.2090914 0.5561120 0.1615012 9.0000000 9.0000000 0.0000000 0.0000010 
Thylacomyidae_Macrotis_lagotis2              0.7440480 0.7078280 0.7847455 0.6625251 0.6328652 0.6155591 0.6402333 0.6601899 0.6736402 0.1615945 0.7396990 0.5573078 0.6644159 0.6739587 0.7552674 0.6041274 0.5769383 0.7840386 0.1698777 0.6569155 1.1599302 0.9204183 0.8518073 0.5758038 0.6399948 0.7226326 1.0366403 0.6847702 9.0000000 0.8492735 0.8218882 0.6999240 0.2090914 0.5561120 0.1615012 9.0000000 9.0000000 0.0000010 0.0000000 
