35
Burramyidae_Burramys_parvus                  0.0000000 0.0327198 0.0194132 0.0277762 0.0268708 0.0440236 0.0159328 0.0184030 0.0306203 0.0430288 0.0177031 0.0449607 0.0380412 0.0170740 0.0210498 0.0548185 0.0422849 0.0410306 0.0428560 0.0239988 0.0261426 0.0385564 0.0375418 0.0478042 0.0249946 0.0271299 0.0222016 0.0267912 0.0219647 0.0301438 0.0203005 0.0160375 0.0302099 0.0429837 0.0465689 
Notoryctidae_Notoryctes_typhlops             0.0327198 0.0000000 0.0341378 0.0455408 0.0449553 0.0527884 0.0341614 0.0352551 0.0499597 0.0541719 0.0349354 0.0545745 0.0464094 0.0347740 0.0405394 0.0663891 0.0507091 0.0491434 0.0531927 0.0412020 0.0455607 0.0594119 0.0534922 0.0564251 0.0440636 0.0382466 0.0396197 0.0444123 0.0414997 0.0491721 0.0356698 0.0335179 0.0419192 0.0509667 0.0563600 
Vombatidae_Lasiorhinus_latifrons             0.0194132 0.0341378 0.0000000 0.0288274 0.0279213 0.0450340 0.0190399 0.0214353 0.0322069 0.0436241 0.0213451 0.0450598 0.0377242 0.0214574 0.0260869 0.0540423 0.0445695 0.0405449 0.0423675 0.0257141 0.0285805 0.0409861 0.0423396 0.0473885 0.0256073 0.0278826 0.0248582 0.0283381 0.0239514 0.0349037 0.0260429 0.0203247 0.0321422 0.0442656 0.0466594 
Potoroidae_Bettongia_penicillata             0.0277762 0.0455408 0.0288274 0.0000000 0.0015015 0.0564548 0.0274872 0.0300459 0.0085039 0.0593624 0.0297268 0.0607575 0.0511766 0.0293458 0.0336142 0.0731972 0.0569018 0.0528868 0.0572204 0.0103519 0.0364937 0.0591982 0.0557016 0.0632211 0.0219609 0.0414738 0.0329407 0.0115627 0.0296869 0.0389546 0.0324327 0.0277571 0.0406486 0.0559800 0.0626968 
Potoroidae_Bettongia_lesueur                 0.0268708 0.0449553 0.0279213 0.0015015 0.0000000 0.0552028 0.0266004 0.0291232 0.0078750 0.0574395 0.0283255 0.0594329 0.0499851 0.0284393 0.0328810 0.0716116 0.0556493 0.0515718 0.0562801 0.0098597 0.0349331 0.0568248 0.0541107 0.0615360 0.0211529 0.0400267 0.0317227 0.0110582 0.0283145 0.0386490 0.0319956 0.0268727 0.0389645 0.0547287 0.0614010 
Dasyuridae_Dasyurus_maculatus                0.0440236 0.0527884 0.0450340 0.0564548 0.0552028 0.0000000 0.0463992 0.0468548 0.0628420 0.0689129 0.0474975 0.0117557 0.0107303 0.0482056 0.0504342 0.0149399 0.0038937 0.0140532 0.0685194 0.0541158 0.0618464 0.0675016 0.0663013 0.0130370 0.0572865 0.0520235 0.0581237 0.0563256 0.0488908 0.0659408 0.0504572 0.0466174 0.0496076 0.0030473 0.0727621 
Phalangeridae_Trichosurus_vulpecula          0.0159328 0.0341614 0.0190399 0.0274872 0.0266004 0.0463992 0.0000000 0.0085283 0.0305543 0.0437910 0.0085708 0.0463631 0.0394303 0.0086952 0.0235175 0.0573111 0.0440986 0.0419801 0.0459117 0.0255420 0.0277139 0.0421992 0.0411907 0.0493922 0.0232448 0.0275901 0.0241593 0.0269816 0.0224308 0.0305877 0.0232737 0.0078587 0.0329034 0.0450392 0.0491123 
Phalangeridae_Spilocuscus_maculatus          0.0184030 0.0352551 0.0214353 0.0300459 0.0291232 0.0468548 0.0085283 0.0000000 0.0324725 0.0446797 0.0060540 0.0465556 0.0398711 0.0060355 0.0256537 0.0582231 0.0445574 0.0430184 0.0483566 0.0282760 0.0305227 0.0460255 0.0431244 0.0492183 0.0267536 0.0291448 0.0263245 0.0297730 0.0223819 0.0318454 0.0253788 0.0052525 0.0343439 0.0451903 0.0519478 
Potoroidae_Aepyprymnus_rufescens             0.0306203 0.0499597 0.0322069 0.0085039 0.0078750 0.0628420 0.0305543 0.0324725 0.0000000 0.0675428 0.0326604 0.0655157 0.0551391 0.0325075 0.0383379 0.0786095 0.0625590 0.0575013 0.0633491 0.0127483 0.0400363 0.0627432 0.0587465 0.0681485 0.0258472 0.0446540 0.0357584 0.0140231 0.0345843 0.0402784 0.0364880 0.0305808 0.0471193 0.0616279 0.0703382 
Peramelidae_Perameles_nasuta                 0.0430288 0.0541719 0.0436241 0.0593624 0.0574395 0.0689129 0.0437910 0.0446797 0.0675428 0.0000000 0.0434385 0.0696334 0.0606940 0.0441600 0.0496566 0.0845968 0.0671578 0.0631992 0.0091430 0.0536761 0.0562722 0.0652834 0.0613746 0.0702612 0.0544887 0.0491692 0.0489115 0.0564927 0.0486020 0.0614846 0.0491306 0.0428822 0.0074397 0.0689497 0.0011331 
Phalangeridae_Strigocuscus_pelengensis       0.0177031 0.0349354 0.0213451 0.0297268 0.0283255 0.0474975 0.0085708 0.0060540 0.0326604 0.0434385 0.0000000 0.0478414 0.0395993 0.0060526 0.0240475 0.0580865 0.0459039 0.0419980 0.0467854 0.0265405 0.0297447 0.0466605 0.0431154 0.0503011 0.0253217 0.0290473 0.0255498 0.0284514 0.0242210 0.0307156 0.0244363 0.0055776 0.0333735 0.0461262 0.0496407 
Dasyuridae_Phascogale_tapoatafa              0.0449607 0.0545745 0.0450598 0.0607575 0.0594329 0.0117557 0.0463631 0.0465556 0.0655157 0.0696334 0.0478414 0.0000000 0.0110904 0.0478990 0.0515956 0.0030025 0.0102302 0.0147857 0.0691291 0.0562410 0.0600321 0.0700363 0.0667792 0.0063218 0.0573781 0.0514355 0.0563892 0.0595939 0.0496273 0.0659378 0.0512681 0.0460151 0.0481017 0.0114354 0.0726091 
Dasyuridae_Sminthopsis_macroura              0.0380412 0.0464094 0.0377242 0.0511766 0.0499851 0.0107303 0.0394303 0.0398711 0.0551391 0.0606940 0.0395993 0.0110904 0.0000000 0.0405181 0.0432971 0.0137935 0.0103860 0.0079624 0.0609630 0.0467431 0.0515750 0.0619099 0.0585898 0.0118306 0.0471570 0.0452983 0.0479042 0.0503888 0.0422414 0.0542814 0.0429719 0.0388505 0.0428585 0.0105840 0.0642427 
Phalangeridae_Phalanger_orientalis           0.0170740 0.0347740 0.0214574 0.0293458 0.0284393 0.0482056 0.0086952 0.0060355 0.0325075 0.0441600 0.0060526 0.0478990 0.0405181 0.0000000 0.0230746 0.0584192 0.0458596 0.0421233 0.0468117 0.0261864 0.0298358 0.0454715 0.0429110 0.0501650 0.0256648 0.0299270 0.0252343 0.0275853 0.0231342 0.0326777 0.0241107 0.0019181 0.0338350 0.0465142 0.0507105 
Acrobatidae_Acrobates_pygmaeus               0.0210498 0.0405394 0.0260869 0.0336142 0.0328810 0.0504342 0.0235175 0.0256537 0.0383379 0.0496566 0.0240475 0.0515956 0.0432971 0.0230746 0.0000000 0.0604256 0.0504149 0.0466711 0.0505745 0.0305379 0.0282192 0.0506882 0.0489407 0.0547378 0.0296995 0.0329356 0.0242269 0.0331258 0.0212903 0.0323382 0.0161316 0.0229464 0.0370598 0.0501690 0.0546192 
Dasyuridae_Phascogale_calura                 0.0548185 0.0663891 0.0540423 0.0731972 0.0716116 0.0149399 0.0573111 0.0582231 0.0786095 0.0845968 0.0580865 0.0030025 0.0137935 0.0584192 0.0604256 0.0000000 0.0133535 0.0183923 0.0817776 0.0681130 0.0726838 0.0821772 0.0767418 0.0081902 0.0675912 0.0593595 0.0676817 0.0722532 0.0621289 0.0801449 0.0626850 0.0559168 0.0619681 0.0147234 0.0859381 
Dasyuridae_Sarcophilus_harrisii              0.0422849 0.0507091 0.0445695 0.0569018 0.0556493 0.0038937 0.0440986 0.0445574 0.0625590 0.0671578 0.0459039 0.0102302 0.0103860 0.0458596 0.0504149 0.0133535 0.0000000 0.0127580 0.0668572 0.0532098 0.0597736 0.0669878 0.0649792 0.0121473 0.0573866 0.0493432 0.0565058 0.0553877 0.0479842 0.0647882 0.0492418 0.0443368 0.0476063 0.0036109 0.0710497 
Dasyuridae_Planigale_tenuirostris            0.0410306 0.0491434 0.0405449 0.0528868 0.0515718 0.0140532 0.0419801 0.0430184 0.0575013 0.0631992 0.0419980 0.0147857 0.0079624 0.0421233 0.0466711 0.0183923 0.0127580 0.0000000 0.0645068 0.0491465 0.0540621 0.0665080 0.0623457 0.0165639 0.0506140 0.0470767 0.0482490 0.0526088 0.0445043 0.0613281 0.0469914 0.0407469 0.0472813 0.0135287 0.0675002 
Peramelidae_Echymipera_kalubu                0.0428560 0.0531927 0.0423675 0.0572204 0.0562801 0.0685194 0.0459117 0.0483566 0.0633491 0.0091430 0.0467854 0.0691291 0.0609630 0.0468117 0.0505745 0.0817776 0.0668572 0.0645068 0.0000000 0.0530334 0.0572252 0.0709561 0.0669795 0.0701065 0.0566415 0.0504994 0.0502077 0.0563608 0.0443890 0.0650894 0.0494672 0.0455533 0.0051753 0.0684773 0.0100185 
Macropodidae_Dorcopsulus_vanheurni           0.0239988 0.0412020 0.0257141 0.0103519 0.0098597 0.0541158 0.0255420 0.0282760 0.0127483 0.0536761 0.0265405 0.0562410 0.0467431 0.0261864 0.0305379 0.0681130 0.0532098 0.0491465 0.0530334 0.0000000 0.0327704 0.0561589 0.0534634 0.0585027 0.0193753 0.0359327 0.0296014 0.0052801 0.0274090 0.0369585 0.0301686 0.0253729 0.0384657 0.0529663 0.0576463 
Pseudochiridae_Pseudochirulus_forbesi        0.0261426 0.0455607 0.0285805 0.0364937 0.0349331 0.0618464 0.0277139 0.0305227 0.0400363 0.0562722 0.0297447 0.0600321 0.0515750 0.0298358 0.0282192 0.0726838 0.0597736 0.0540621 0.0572252 0.0327704 0.0000000 0.0594456 0.0561303 0.0622461 0.0325807 0.0415640 0.0174978 0.0365532 0.0112918 0.0329757 0.0265099 0.0284674 0.0413245 0.0610250 0.0608033 
Didelphidae_Didelphis_virginiana             0.0385564 0.0594119 0.0409861 0.0591982 0.0568248 0.0675016 0.0421992 0.0460255 0.0627432 0.0652834 0.0466605 0.0700363 0.0619099 0.0454715 0.0506882 0.0821772 0.0669878 0.0665080 0.0709561 0.0561589 0.0594456 0.0000000 0.0187891 0.0730941 0.0523016 0.0499931 0.0516741 0.0591979 0.0483547 0.0686089 0.0505256 0.0435520 0.0516240 0.0657756 0.0703251 
Marmosidae_Monodelphis_domestica             0.0375418 0.0534922 0.0423396 0.0557016 0.0541107 0.0663013 0.0411907 0.0431244 0.0587465 0.0613746 0.0431154 0.0667792 0.0585898 0.0429110 0.0489407 0.0767418 0.0649792 0.0623457 0.0669795 0.0534634 0.0561303 0.0187891 0.0000000 0.0681183 0.0514538 0.0454271 0.0479763 0.0549764 0.0459002 0.0644755 0.0462857 0.0407733 0.0458979 0.0641470 0.0682930 
Dasyuridae_Antechinus_stuartii               0.0478042 0.0564251 0.0473885 0.0632211 0.0615360 0.0130370 0.0493922 0.0492183 0.0681485 0.0702612 0.0503011 0.0063218 0.0118306 0.0501650 0.0547378 0.0081902 0.0121473 0.0165639 0.0701065 0.0585027 0.0622461 0.0730941 0.0681183 0.0000000 0.0575395 0.0527367 0.0587867 0.0615622 0.0494404 0.0683354 0.0548799 0.0483029 0.0500561 0.0128853 0.0739383 
Hypsiprymnodontidae_Hypsiprymnodon_moschatus 0.0249946 0.0440636 0.0256073 0.0219609 0.0211529 0.0572865 0.0232448 0.0267536 0.0258472 0.0544887 0.0253217 0.0573781 0.0471570 0.0256648 0.0296995 0.0675912 0.0573866 0.0506140 0.0566415 0.0193753 0.0325807 0.0523016 0.0514538 0.0575395 0.0000000 0.0348893 0.0275572 0.0212652 0.0264377 0.0373207 0.0307814 0.0246292 0.0392467 0.0557648 0.0591939 
Microbiotheriidae_Dromiciops_gliroides       0.0271299 0.0382466 0.0278826 0.0414738 0.0400267 0.0520235 0.0275901 0.0291448 0.0446540 0.0491692 0.0290473 0.0514355 0.0452983 0.0299270 0.0329356 0.0593595 0.0493432 0.0470767 0.0504994 0.0359327 0.0415640 0.0499931 0.0454271 0.0527367 0.0348893 0.0000000 0.0358647 0.0396504 0.0338248 0.0434087 0.0318432 0.0288089 0.0374784 0.0505662 0.0521116 
Pseudochiridae_Petauroides_volans            0.0222016 0.0396197 0.0248582 0.0329407 0.0317227 0.0581237 0.0241593 0.0263245 0.0357584 0.0489115 0.0255498 0.0563892 0.0479042 0.0252343 0.0242269 0.0676817 0.0565058 0.0482490 0.0502077 0.0296014 0.0174978 0.0516741 0.0479763 0.0587867 0.0275572 0.0358647 0.0000000 0.0329111 0.0124735 0.0312011 0.0224732 0.0240038 0.0334533 0.0573429 0.0542465 
Macropodidae_Wallabia_bicolor                0.0267912 0.0444123 0.0283381 0.0115627 0.0110582 0.0563256 0.0269816 0.0297730 0.0140231 0.0564927 0.0284514 0.0595939 0.0503888 0.0275853 0.0331258 0.0722532 0.0553877 0.0526088 0.0563608 0.0052801 0.0365532 0.0591979 0.0549764 0.0615622 0.0212652 0.0396504 0.0329111 0.0000000 0.0290446 0.0391459 0.0332125 0.0267967 0.0412812 0.0551543 0.0615392 
Pseudochiridae_Pseudocheirus_occidentalis    0.0219647 0.0414997 0.0239514 0.0296869 0.0283145 0.0488908 0.0224308 0.0223819 0.0345843 0.0486020 0.0242210 0.0496273 0.0422414 0.0231342 0.0212903 0.0621289 0.0479842 0.0445043 0.0443890 0.0274090 0.0112918 0.0483547 0.0459002 0.0494404 0.0264377 0.0338248 0.0124735 0.0290446 0.0000000 0.0298430 0.0224948 0.0220725 0.0386879 0.0480544 0.0478030 
Tarsipedidae_Tarsipes_rostratus              0.0301438 0.0491721 0.0349037 0.0389546 0.0386490 0.0659408 0.0305877 0.0318454 0.0402784 0.0614846 0.0307156 0.0659378 0.0542814 0.0326777 0.0323382 0.0801449 0.0647882 0.0613281 0.0650894 0.0369585 0.0329757 0.0686089 0.0644755 0.0683354 0.0373207 0.0434087 0.0312011 0.0391459 0.0298430 0.0000000 0.0309301 0.0314355 0.0459737 0.0654366 0.0659872 
Acrobatidae_Distoechurus_pennatus            0.0203005 0.0356698 0.0260429 0.0324327 0.0319956 0.0504572 0.0232737 0.0253788 0.0364880 0.0491306 0.0244363 0.0512681 0.0429719 0.0241107 0.0161316 0.0626850 0.0492418 0.0469914 0.0494672 0.0301686 0.0265099 0.0505256 0.0462857 0.0548799 0.0307814 0.0318432 0.0224732 0.0332125 0.0224948 0.0309301 0.0000000 0.0229206 0.0388863 0.0506695 0.0532039 
Phalangeridae_Phalanger_carmelitae           0.0160375 0.0335179 0.0203247 0.0277571 0.0268727 0.0466174 0.0078587 0.0052525 0.0305808 0.0428822 0.0055776 0.0460151 0.0388505 0.0019181 0.0229464 0.0559168 0.0443368 0.0407469 0.0455533 0.0253729 0.0284674 0.0435520 0.0407733 0.0483029 0.0246292 0.0288089 0.0240038 0.0267967 0.0220725 0.0314355 0.0229206 0.0000000 0.0330162 0.0449637 0.0497062 
Peramelidae_Peroryctes_raffrayana            0.0302099 0.0419192 0.0321422 0.0406486 0.0389645 0.0496076 0.0329034 0.0343439 0.0471193 0.0074397 0.0333735 0.0481017 0.0428585 0.0338350 0.0370598 0.0619681 0.0476063 0.0472813 0.0051753 0.0384657 0.0413245 0.0516240 0.0458979 0.0500561 0.0392467 0.0374784 0.0334533 0.0412812 0.0386879 0.0459737 0.0388863 0.0330162 0.0000000 0.0487244 0.0072159 
Dasyuridae_Dasyurus_geffroii                 0.0429837 0.0509667 0.0442656 0.0559800 0.0547287 0.0030473 0.0450392 0.0451903 0.0616279 0.0689497 0.0461262 0.0114354 0.0105840 0.0465142 0.0501690 0.0147234 0.0036109 0.0135287 0.0684773 0.0529663 0.0610250 0.0657756 0.0641470 0.0128853 0.0557648 0.0505662 0.0573429 0.0551543 0.0480544 0.0654366 0.0506695 0.0449637 0.0487244 0.0000000 0.0727391 
Peramelidae_Perameles_gunnii                 0.0465689 0.0563600 0.0466594 0.0626968 0.0614010 0.0727621 0.0491123 0.0519478 0.0703382 0.0011331 0.0496407 0.0726091 0.0642427 0.0507105 0.0546192 0.0859381 0.0710497 0.0675002 0.0100185 0.0576463 0.0608033 0.0703251 0.0682930 0.0739383 0.0591939 0.0521116 0.0542465 0.0615392 0.0478030 0.0659872 0.0532039 0.0497062 0.0072159 0.0727391 0.0000000 
