35
Burramyidae_Burramys_parvus                  0.0000000 0.0915717 0.0488094 0.0686334 0.0705687 0.0564211 0.0486209 0.0549747 0.0678060 0.0786495 0.0396877 0.0553674 0.0701535 0.0469546 0.0553218 0.0622769 0.0524087 0.0540918 0.0717690 0.0578984 0.0737058 0.0917397 0.1040266 0.0597448 0.0648984 0.0601515 0.0551047 0.0568026 0.0729862 0.0883401 0.0452162 0.0459581 0.0847920 0.0565348 0.0720663 
Notoryctidae_Notoryctes_typhlops             0.0915717 0.0000000 0.0861992 0.1134033 0.1156308 0.0997477 0.0870635 0.1018128 0.1140446 0.1027935 0.0867645 0.1041182 0.1243317 0.0920945 0.1078666 0.1140233 0.0981794 0.0977252 0.0955089 0.1060204 0.1164627 0.1365732 0.1549731 0.1095351 0.1170580 0.0915708 0.0998283 0.1025262 0.1282227 0.1321304 0.0939547 0.0907459 0.1071906 0.1015298 0.0931699 
Vombatidae_Lasiorhinus_latifrons             0.0488094 0.0861992 0.0000000 0.0620462 0.0639019 0.0593341 0.0456953 0.0568469 0.0614271 0.0637142 0.0427303 0.0512310 0.0689654 0.0491295 0.0523314 0.0583881 0.0551199 0.0599720 0.0627055 0.0538574 0.0689502 0.0936524 0.1064451 0.0585236 0.0664599 0.0539180 0.0546937 0.0529260 0.0740127 0.0904356 0.0489723 0.0481102 0.0692709 0.0580009 0.0622578 
Potoroidae_Bettongia_penicillata             0.0686334 0.1134033 0.0620462 0.0000000 0.0056538 0.0809317 0.0647971 0.0774401 0.0139682 0.0856051 0.0585723 0.0776999 0.0959073 0.0683467 0.0748831 0.0835431 0.0767467 0.0792073 0.0809852 0.0275103 0.0821766 0.1134046 0.1243066 0.0822445 0.0530342 0.0813871 0.0668672 0.0235602 0.0858447 0.1018844 0.0639129 0.0672135 0.0934642 0.0810998 0.0825298 
Potoroidae_Bettongia_lesueur                 0.0705687 0.1156308 0.0639019 0.0056538 0.0000000 0.0811618 0.0648450 0.0775152 0.0154853 0.0867928 0.0596032 0.0778294 0.0962536 0.0684504 0.0759093 0.0837895 0.0768706 0.0794946 0.0819948 0.0291321 0.0831819 0.1122282 0.1228853 0.0824828 0.0539644 0.0814543 0.0696121 0.0251281 0.0891993 0.1052368 0.0648990 0.0673147 0.0948059 0.0813308 0.0835523 
Dasyuridae_Dasyurus_maculatus                0.0564211 0.0997477 0.0593341 0.0809317 0.0811618 0.0000000 0.0657530 0.0830509 0.0806602 0.0810054 0.0586753 0.0158845 0.0190262 0.0647604 0.0729779 0.0182214 0.0054313 0.0184599 0.0746436 0.0748542 0.0872213 0.0924589 0.0917727 0.0145151 0.0828116 0.0641270 0.0648013 0.0678868 0.0956372 0.1234597 0.0607840 0.0630020 0.0891688 0.0043410 0.0735956 
Phalangeridae_Trichosurus_vulpecula          0.0486209 0.0870635 0.0456953 0.0647971 0.0648450 0.0657530 0.0000000 0.0185186 0.0632810 0.0759893 0.0179016 0.0635833 0.0781567 0.0181709 0.0593604 0.0719903 0.0617255 0.0571098 0.0675556 0.0577490 0.0708454 0.0977036 0.1135668 0.0695133 0.0638157 0.0622615 0.0568793 0.0549970 0.0748484 0.0922899 0.0505497 0.0173716 0.0815257 0.0658844 0.0707497 
Phalangeridae_Spilocuscus_maculatus          0.0549747 0.1018128 0.0568469 0.0774401 0.0775152 0.0830509 0.0185186 0.0000000 0.0714053 0.0872704 0.0170918 0.0814539 0.0922014 0.0157645 0.0710622 0.0893069 0.0772050 0.0709583 0.0833770 0.0677233 0.0852041 0.1105807 0.1319038 0.0889326 0.0663079 0.0750061 0.0690711 0.0636878 0.0778836 0.0993940 0.0543388 0.0148145 0.0840525 0.0829999 0.0852827 
Potoroidae_Aepyprymnus_rufescens             0.0678060 0.1140446 0.0614271 0.0139682 0.0154853 0.0806602 0.0632810 0.0714053 0.0000000 0.0859504 0.0588577 0.0795625 0.0947729 0.0669752 0.0719557 0.0826394 0.0762662 0.0760182 0.0825636 0.0263946 0.0831445 0.1154604 0.1250833 0.0820056 0.0514807 0.0789423 0.0691467 0.0208920 0.0835021 0.1067468 0.0627175 0.0657820 0.0892901 0.0808324 0.0841515 
Peramelidae_Perameles_nasuta                 0.0786495 0.1027935 0.0637142 0.0856051 0.0867928 0.0810054 0.0759893 0.0872704 0.0859504 0.0000000 0.0744613 0.0832760 0.1035206 0.0799615 0.0797850 0.0917206 0.0827197 0.0821793 0.0147069 0.0813876 0.0964426 0.1102877 0.1263405 0.0907782 0.0883361 0.0723471 0.0813569 0.0739918 0.0954592 0.1257876 0.0773519 0.0786421 0.0169400 0.0844318 0.0007557 
Phalangeridae_Strigocuscus_pelengensis       0.0396877 0.0867645 0.0427303 0.0585723 0.0596032 0.0586753 0.0179016 0.0170918 0.0588577 0.0744613 0.0000000 0.0534298 0.0680153 0.0099618 0.0581614 0.0605809 0.0531858 0.0563480 0.0688271 0.0507141 0.0686624 0.0948189 0.1057327 0.0581129 0.0555856 0.0586117 0.0487563 0.0479277 0.0712484 0.0811449 0.0426991 0.0091621 0.0761204 0.0586490 0.0690982 
Dasyuridae_Phascogale_tapoatafa              0.0553674 0.1041182 0.0512310 0.0776999 0.0778294 0.0158845 0.0635833 0.0814539 0.0795625 0.0832760 0.0534298 0.0000000 0.0207135 0.0626310 0.0741335 0.0044761 0.0123922 0.0187296 0.0769516 0.0727441 0.0838876 0.0908179 0.0901516 0.0067617 0.0811070 0.0577421 0.0638863 0.0714588 0.1018287 0.1187258 0.0585570 0.0608472 0.0895324 0.0159143 0.0758774 
Dasyuridae_Sminthopsis_macroura              0.0701535 0.1243317 0.0689654 0.0959073 0.0962536 0.0190262 0.0781567 0.0922014 0.0947729 0.1035206 0.0680153 0.0207135 0.0000000 0.0731731 0.0830799 0.0219247 0.0155771 0.0156384 0.0965033 0.0893001 0.1003043 0.1124742 0.1208052 0.0216400 0.0921406 0.0783260 0.0764276 0.0844639 0.1101126 0.1253542 0.0732464 0.0718396 0.1122508 0.0179077 0.0958289 
Phalangeridae_Phalanger_orientalis           0.0469546 0.0920945 0.0491295 0.0683467 0.0684504 0.0647604 0.0181709 0.0157645 0.0669752 0.0799615 0.0099618 0.0626310 0.0731731 0.0000000 0.0651743 0.0709890 0.0581319 0.0591162 0.0729920 0.0586781 0.0753962 0.0976855 0.1127454 0.0685175 0.0638001 0.0649998 0.0595597 0.0558480 0.0760137 0.0912407 0.0488610 0.0021099 0.0859226 0.0648904 0.0735264 
Acrobatidae_Acrobates_pygmaeus               0.0553218 0.1078666 0.0523314 0.0748831 0.0759093 0.0729779 0.0593604 0.0710622 0.0719557 0.0797850 0.0581614 0.0741335 0.0830799 0.0651743 0.0000000 0.0758234 0.0699141 0.0688182 0.0745860 0.0620521 0.0701328 0.0990466 0.1087863 0.0742065 0.0785847 0.0771190 0.0572942 0.0605814 0.0706122 0.0910607 0.0324348 0.0640123 0.0829002 0.0716636 0.0767665 
Dasyuridae_Phascogale_calura                 0.0622769 0.1140233 0.0583881 0.0835431 0.0837895 0.0182214 0.0719903 0.0893069 0.0826394 0.0917206 0.0605809 0.0044761 0.0219247 0.0709890 0.0758234 0.0000000 0.0147331 0.0232917 0.0872537 0.0743287 0.0885835 0.0987765 0.0980333 0.0067605 0.0898917 0.0647443 0.0710735 0.0728680 0.1056428 0.1276661 0.0654339 0.0691073 0.0971350 0.0182556 0.0861947 
Dasyuridae_Sarcophilus_harrisii              0.0524087 0.0981794 0.0551199 0.0767467 0.0768706 0.0054313 0.0617255 0.0772050 0.0762662 0.0827197 0.0531858 0.0123922 0.0155771 0.0581319 0.0699141 0.0147331 0.0000000 0.0155378 0.0760353 0.0704570 0.0856258 0.0894157 0.0887665 0.0122452 0.0786583 0.0600519 0.0633355 0.0665896 0.0975156 0.1183798 0.0568512 0.0564467 0.0910332 0.0054410 0.0749892 
Dasyuridae_Planigale_tenuirostris            0.0540918 0.0977252 0.0599720 0.0792073 0.0794946 0.0184599 0.0571098 0.0709583 0.0760182 0.0821793 0.0563480 0.0187296 0.0156384 0.0591162 0.0688182 0.0232917 0.0155378 0.0000000 0.0747913 0.0726777 0.0910918 0.0976773 0.1068652 0.0245919 0.0747782 0.0625770 0.0715639 0.0709195 0.1050264 0.1162962 0.0521429 0.0570265 0.0871755 0.0140940 0.0768623 
Peramelidae_Echymipera_kalubu                0.0717690 0.0955089 0.0627055 0.0809852 0.0819948 0.0746436 0.0675556 0.0833770 0.0825636 0.0147069 0.0688271 0.0769516 0.0965033 0.0729920 0.0745860 0.0872537 0.0760353 0.0747913 0.0000000 0.0768100 0.0896833 0.1028850 0.1152589 0.0844561 0.0823827 0.0688542 0.0750920 0.0723747 0.0938578 0.1196352 0.0726162 0.0718246 0.0125719 0.0776038 0.0129216 
Macropodidae_Dorcopsulus_vanheurni           0.0578984 0.1060204 0.0538574 0.0275103 0.0291321 0.0748542 0.0577490 0.0677233 0.0263946 0.0813876 0.0507141 0.0727441 0.0893001 0.0586781 0.0620521 0.0743287 0.0704570 0.0726777 0.0768100 0.0000000 0.0802516 0.1050038 0.1229616 0.0761090 0.0442338 0.0741994 0.0668796 0.0118257 0.0848669 0.0973373 0.0598004 0.0575809 0.0855090 0.0748194 0.0754903 
Pseudochiridae_Pseudochirulus_forbesi        0.0737058 0.1164627 0.0689502 0.0821766 0.0831819 0.0872213 0.0708454 0.0852041 0.0831445 0.0964426 0.0686624 0.0838876 0.1003043 0.0753962 0.0701328 0.0885835 0.0856258 0.0910918 0.0896833 0.0802516 0.0000000 0.1212443 0.1331204 0.0871867 0.0792457 0.0797839 0.0372555 0.0793727 0.0310124 0.0954282 0.0632103 0.0751159 0.0993293 0.0874050 0.0884551 
Didelphidae_Didelphis_virginiana             0.0917397 0.1365732 0.0936524 0.1134046 0.1122282 0.0924589 0.0977036 0.1105807 0.1154604 0.1102877 0.0948189 0.0908179 0.1124742 0.0976855 0.0990466 0.0987765 0.0894157 0.0976773 0.1028850 0.1050038 0.1212443 0.0000000 0.0420043 0.0952504 0.1165658 0.0919938 0.0952278 0.1005111 0.1252001 0.1423575 0.0938531 0.0961602 0.1199267 0.0926597 0.1008305 
Marmosidae_Monodelphis_domestica             0.1040266 0.1549731 0.1064451 0.1243066 0.1228853 0.0917727 0.1135668 0.1319038 0.1250833 0.1263405 0.1057327 0.0901516 0.1208052 0.1127454 0.1087863 0.0980333 0.0887665 0.1068652 0.1152589 0.1229616 0.1331204 0.0420043 0.0000000 0.0917102 0.1337446 0.1106958 0.1035543 0.1173239 0.1380136 0.1428431 0.1084191 0.1109740 0.1353700 0.0919706 0.1144566 
Dasyuridae_Antechinus_stuartii               0.0597448 0.1095351 0.0585236 0.0822445 0.0824828 0.0145151 0.0695133 0.0889326 0.0820056 0.0907782 0.0581129 0.0067617 0.0216400 0.0685175 0.0742065 0.0067605 0.0122452 0.0245919 0.0844561 0.0761090 0.0871867 0.0952504 0.0917102 0.0000000 0.0870371 0.0634543 0.0686460 0.0745695 0.1033963 0.1201787 0.0603473 0.0666897 0.0982422 0.0145418 0.0844449 
Hypsiprymnodontidae_Hypsiprymnodon_moschatus 0.0648984 0.1170580 0.0664599 0.0530342 0.0539644 0.0828116 0.0638157 0.0663079 0.0514807 0.0883361 0.0555856 0.0811070 0.0921406 0.0638001 0.0785847 0.0898917 0.0786583 0.0747782 0.0823827 0.0442338 0.0792457 0.1165658 0.1337446 0.0870371 0.0000000 0.0793819 0.0649700 0.0445066 0.0815604 0.1073343 0.0638087 0.0626997 0.0896525 0.0801546 0.0858270 
Microbiotheriidae_Dromiciops_gliroides       0.0601515 0.0915708 0.0539180 0.0813871 0.0814543 0.0641270 0.0622615 0.0750061 0.0789423 0.0723471 0.0586117 0.0577421 0.0783260 0.0649998 0.0771190 0.0647443 0.0600519 0.0625770 0.0688542 0.0741994 0.0797839 0.0919938 0.1106958 0.0634543 0.0793819 0.0000000 0.0608794 0.0725934 0.0872886 0.1009008 0.0596221 0.0647648 0.0802447 0.0615401 0.0682299 
Pseudochiridae_Petauroides_volans            0.0551047 0.0998283 0.0546937 0.0668672 0.0696121 0.0648013 0.0568793 0.0690711 0.0691467 0.0813569 0.0487563 0.0638863 0.0764276 0.0595597 0.0572942 0.0710735 0.0633355 0.0715639 0.0750920 0.0668796 0.0372555 0.0952278 0.1035543 0.0686460 0.0649700 0.0608794 0.0000000 0.0620731 0.0321316 0.0683357 0.0455694 0.0593490 0.0835281 0.0675417 0.0747215 
Macropodidae_Wallabia_bicolor                0.0568026 0.1025262 0.0529260 0.0235602 0.0251281 0.0678868 0.0549970 0.0636878 0.0208920 0.0739918 0.0479277 0.0714588 0.0844639 0.0558480 0.0605814 0.0728680 0.0665896 0.0709195 0.0723747 0.0118257 0.0793727 0.1005111 0.1173239 0.0745695 0.0445066 0.0725934 0.0620731 0.0000000 0.0815360 0.0970659 0.0560499 0.0548027 0.0808557 0.0706096 0.0698893 
Pseudochiridae_Pseudocheirus_occidentalis    0.0729862 0.1282227 0.0740127 0.0858447 0.0891993 0.0956372 0.0748484 0.0778836 0.0835021 0.0954592 0.0712484 0.1018287 0.1101126 0.0760137 0.0706122 0.1056428 0.0975156 0.1050264 0.0938578 0.0848669 0.0310124 0.1252001 0.1380136 0.1033963 0.0815604 0.0872886 0.0321316 0.0815360 0.0000000 0.0940778 0.0660822 0.0756866 0.0910451 0.0955811 0.0935609 
Tarsipedidae_Tarsipes_rostratus              0.0883401 0.1321304 0.0904356 0.1018844 0.1052368 0.1234597 0.0922899 0.0993940 0.1067468 0.1257876 0.0811449 0.1187258 0.1253542 0.0912407 0.0910607 0.1276661 0.1183798 0.1162962 0.1196352 0.0973373 0.0954282 0.1423575 0.1428431 0.1201787 0.1073343 0.1009008 0.0683357 0.0970659 0.0940778 0.0000000 0.0809441 0.0898403 0.1321053 0.1233950 0.1191207 
Acrobatidae_Distoechurus_pennatus            0.0452162 0.0939547 0.0489723 0.0639129 0.0648990 0.0607840 0.0505497 0.0543388 0.0627175 0.0773519 0.0426991 0.0585570 0.0732464 0.0488610 0.0324348 0.0654339 0.0568512 0.0521429 0.0726162 0.0598004 0.0632103 0.0938531 0.1084191 0.0603473 0.0638087 0.0596221 0.0455694 0.0560499 0.0660822 0.0809441 0.0000000 0.0478639 0.0843576 0.0582397 0.0713333 
Phalangeridae_Phalanger_carmelitae           0.0459581 0.0907459 0.0481102 0.0672135 0.0673147 0.0630020 0.0173716 0.0148145 0.0657820 0.0786421 0.0091621 0.0608472 0.0718396 0.0021099 0.0640123 0.0691073 0.0564467 0.0570265 0.0718246 0.0575809 0.0751159 0.0961602 0.1109740 0.0666897 0.0626997 0.0647648 0.0593490 0.0548027 0.0756866 0.0898403 0.0478639 0.0000000 0.0845114 0.0631273 0.0723473 
Peramelidae_Peroryctes_raffrayana            0.0847920 0.1071906 0.0692709 0.0934642 0.0948059 0.0891688 0.0815257 0.0840525 0.0892901 0.0169400 0.0761204 0.0895324 0.1122508 0.0859226 0.0829002 0.0971350 0.0910332 0.0871755 0.0125719 0.0855090 0.0993293 0.1199267 0.1353700 0.0982422 0.0896525 0.0802447 0.0835281 0.0808557 0.0910451 0.1321053 0.0843576 0.0845114 0.0000000 0.0912985 0.0160803 
Dasyuridae_Dasyurus_geffroii                 0.0565348 0.1015298 0.0580009 0.0810998 0.0813308 0.0043410 0.0658844 0.0829999 0.0808324 0.0844318 0.0586490 0.0159143 0.0179077 0.0648904 0.0716636 0.0182556 0.0054410 0.0140940 0.0776038 0.0748194 0.0874050 0.0926597 0.0919706 0.0145418 0.0801546 0.0615401 0.0675417 0.0706096 0.0955811 0.1233950 0.0582397 0.0631273 0.0912985 0.0000000 0.0765580 
Peramelidae_Perameles_gunnii                 0.0720663 0.0931699 0.0622578 0.0825298 0.0835523 0.0735956 0.0707497 0.0852827 0.0841515 0.0007557 0.0690982 0.0758774 0.0958289 0.0735264 0.0767665 0.0861947 0.0749892 0.0768623 0.0129216 0.0754903 0.0884551 0.1008305 0.1144566 0.0844449 0.0858270 0.0682299 0.0747215 0.0698893 0.0935609 0.1191207 0.0713333 0.0723473 0.0160803 0.0765580 0.0000000 
