37
Burramyidae_Burramys_parvus                  0.0000000 0.0515264 0.0431979 0.0437659 0.0457613 0.0648845 0.0350862 0.0380225 0.0455930 0.0563716 0.1269000 0.0353366 0.0676570 0.0638266 0.0359011 0.0424836 0.0676801 0.0658646 0.0477703 0.0526044 0.0473859 0.0399148 0.0573131 0.0549746 0.0639055 0.0417828 0.0501609 0.0410234 0.0482910 0.0403253 0.0543581 0.0418614 0.1269000 0.0350721 0.0611914 0.0674033 0.0561459 
Notoryctidae_Notoryctes_typhlops             0.0515264 0.0000000 0.0545565 0.0557464 0.0582002 0.0697730 0.0485476 0.0506472 0.0558248 0.0596287 0.1874798 0.0472995 0.0729765 0.0683773 0.0497169 0.0534079 0.0724650 0.0707465 0.0533850 0.0585709 0.0565272 0.0538233 0.0628450 0.0623868 0.0686201 0.0539369 0.0548889 0.0538620 0.0581554 0.0538533 0.0695032 0.0544188 0.1874798 0.0492854 0.0650694 0.0728160 0.0593200 
Vombatidae_Lasiorhinus_latifrons             0.0431979 0.0545565 0.0000000 0.0473225 0.0483371 0.0627329 0.0383484 0.0414835 0.0478873 0.0621372 0.1484923 0.0387712 0.0668969 0.0648162 0.0399337 0.0465834 0.0669192 0.0624549 0.0494681 0.0594343 0.0500523 0.0426963 0.0573635 0.0567453 0.0632599 0.0459909 0.0514790 0.0436681 0.0493846 0.0446216 0.0577159 0.0456212 0.1484923 0.0388646 0.0645919 0.0655684 0.0619850 
Potoroidae_Bettongia_penicillata             0.0437659 0.0557464 0.0473225 0.0000000 0.0038310 0.0668109 0.0407915 0.0431341 0.0113226 0.0618523 0.1480666 0.0417112 0.0694274 0.0677712 0.0424740 0.0449315 0.0694509 0.0672917 0.0493229 0.0617972 0.0187707 0.0470394 0.0621694 0.0626038 0.0661044 0.0301434 0.0537191 0.0468910 0.0169698 0.0458722 0.0589473 0.0429656 0.1480666 0.0408063 0.0714594 0.0697635 0.0614523 
Potoroidae_Bettongia_lesueur                 0.0457613 0.0582002 0.0483371 0.0038310 0.0000000 0.0684362 0.0424830 0.0441351 0.0128055 0.0636435 0.1444792 0.0435227 0.0713523 0.0696606 0.0439543 0.0464627 0.0713766 0.0689194 0.0508218 0.0628252 0.0207755 0.0492543 0.0638453 0.0646315 0.0680150 0.0315289 0.0564535 0.0486418 0.0180571 0.0485719 0.0601004 0.0441819 0.1444792 0.0424984 0.0720299 0.0714574 0.0632307 
Dasyuridae_Dasyurus_maculatus                0.0648845 0.0697730 0.0627329 0.0668109 0.0684362 0.0000000 0.0611852 0.0628871 0.0656436 0.0767628 0.0669314 0.0591791 0.0192847 0.0219189 0.0604235 0.0651658 0.0188519 0.0062469 0.0129752 0.0745017 0.0683798 0.0648812 0.0714830 0.0732163 0.0141947 0.0642984 0.0666353 0.0650175 0.0649549 0.0635222 0.0717874 0.0646951 0.0669314 0.0588073 0.0810828 0.0065417 0.0759531 
Phalangeridae_Trichosurus_vulpecula          0.0350862 0.0485476 0.0383484 0.0407915 0.0424830 0.0611852 0.0000000 0.0136627 0.0425704 0.0557150 0.1392145 0.0133273 0.0627517 0.0612989 0.0130331 0.0362818 0.0622647 0.0626027 0.0447573 0.0523304 0.0443959 0.0366384 0.0545914 0.0563760 0.0597324 0.0384413 0.0458372 0.0363271 0.0439308 0.0363340 0.0524211 0.0359475 0.1392145 0.0124768 0.0606810 0.0636549 0.0556039 
Phalangeridae_Spilocuscus_maculatus          0.0380225 0.0506472 0.0414835 0.0431341 0.0441351 0.0628871 0.0136627 0.0000000 0.0444490 0.0570181 0.1551162 0.0073429 0.0631661 0.0629918 0.0065497 0.0378087 0.0631871 0.0632967 0.0451871 0.0546363 0.0456748 0.0386122 0.0544603 0.0561913 0.0621821 0.0404106 0.0493035 0.0377818 0.0455955 0.0387920 0.0533047 0.0374785 0.1551162 0.0060990 0.0620435 0.0654183 0.0569185 
Potoroidae_Aepyprymnus_rufescens             0.0455930 0.0558248 0.0478873 0.0113226 0.0128055 0.0656436 0.0425704 0.0444490 0.0000000 0.0628592 0.1479418 0.0426066 0.0706109 0.0665352 0.0437550 0.0462155 0.0706349 0.0663818 0.0489348 0.0611998 0.0196591 0.0469351 0.0611158 0.0610148 0.0665267 0.0311400 0.0548143 0.0460595 0.0169912 0.0457696 0.0580961 0.0437779 0.1479418 0.0418576 0.0713604 0.0683051 0.0624520 
Peramelidae_Perameles_nasuta                 0.0563716 0.0596287 0.0621372 0.0618523 0.0636435 0.0767628 0.0557150 0.0570181 0.0628592 0.0000000 0.1393464 0.0530435 0.0771868 0.0757810 0.0558531 0.0600043 0.0775115 0.0767549 0.0567277 0.0194086 0.0665478 0.0609026 0.0658929 0.0668377 0.0749601 0.0615574 0.0609924 0.0620028 0.0660140 0.0596927 0.0653299 0.0600563 0.1393464 0.0547335 0.0261189 0.0807319 0.0006038 
Myrmecobiidae_Myrmecobius_fasciatus1         0.1269000 0.1874798 0.1484923 0.1480666 0.1444792 0.0669314 0.1392145 0.1551162 0.1479418 0.1393464 0.0000000 0.1491222 0.0611088 0.0530160 0.1435565 0.1765505 0.0583280 0.0615540 0.0523677 0.1439910 0.1562696 0.1297485 9.0000000 9.0000000 0.0530402 0.1460247 0.1293998 0.1501686 0.1488033 0.1494173 9.0000000 0.1560738 0.0000010 0.1404886 0.1419586 0.0648601 0.1344880 
Phalangeridae_Strigocuscus_pelengensis       0.0353366 0.0472995 0.0387712 0.0417112 0.0435227 0.0591791 0.0133273 0.0073429 0.0426066 0.0530435 0.1491222 0.0000000 0.0604961 0.0591628 0.0058116 0.0361332 0.0605171 0.0604160 0.0419567 0.0501796 0.0442778 0.0362704 0.0536378 0.0545874 0.0602486 0.0394184 0.0488032 0.0358000 0.0436576 0.0364227 0.0545791 0.0360741 0.1491222 0.0049264 0.0571203 0.0623473 0.0527210 
Dasyuridae_Phascogale_tapoatafa              0.0676570 0.0729765 0.0668969 0.0694274 0.0713523 0.0192847 0.0627517 0.0631661 0.0706109 0.0771868 0.0611088 0.0604961 0.0000000 0.0243789 0.0609304 0.0674458 0.0020000 0.0199463 0.0161995 0.0759264 0.0735589 0.0660141 0.0709311 0.0736522 0.0102250 0.0678658 0.0692474 0.0681340 0.0684595 0.0677250 0.0744155 0.0659696 0.0611088 0.0598110 0.0833523 0.0211111 0.0767022 
Dasyuridae_Sminthopsis_macroura              0.0638266 0.0683773 0.0648162 0.0677712 0.0696606 0.0219189 0.0612989 0.0629918 0.0665352 0.0757810 0.0530160 0.0591628 0.0243789 0.0000000 0.0605074 0.0651543 0.0241768 0.0217231 0.0130058 0.0747090 0.0704591 0.0645984 0.0726905 0.0744538 0.0215889 0.0655692 0.0683011 0.0662226 0.0679602 0.0648159 0.0703232 0.0637339 0.0530160 0.0590965 0.0819442 0.0235947 0.0750409 
Phalangeridae_Phalanger_orientalis           0.0359011 0.0497169 0.0399337 0.0424740 0.0439543 0.0604235 0.0130331 0.0065497 0.0437550 0.0558531 0.1435565 0.0058116 0.0609304 0.0605074 0.0000000 0.0368931 0.0614617 0.0613439 0.0439863 0.0534535 0.0451923 0.0365370 0.0545431 0.0559635 0.0601827 0.0390245 0.0490066 0.0364052 0.0441871 0.0371684 0.0524568 0.0368293 0.1435565 0.0026289 0.0615584 0.0634262 0.0557401 
Acrobatidae_Acrobates_pygmaeus               0.0424836 0.0534079 0.0465834 0.0449315 0.0464627 0.0651658 0.0362818 0.0378087 0.0462155 0.0600043 0.1765505 0.0361332 0.0674458 0.0651543 0.0368931 0.0000000 0.0674686 0.0655753 0.0496771 0.0582012 0.0476381 0.0335532 0.0575808 0.0593455 0.0650679 0.0451766 0.0518188 0.0337196 0.0485628 0.0321910 0.0488956 0.0192542 0.1765505 0.0367308 0.0650856 0.0690124 0.0599500 
Dasyuridae_Phascogale_calura                 0.0676801 0.0724650 0.0669192 0.0694509 0.0713766 0.0188519 0.0622647 0.0631871 0.0706349 0.0775115 0.0583280 0.0605171 0.0020000 0.0241768 0.0614617 0.0674686 0.0000000 0.0195120 0.0162044 0.0764848 0.0735850 0.0660361 0.0712484 0.0745569 0.0102276 0.0684041 0.0695490 0.0681571 0.0684826 0.0671838 0.0753336 0.0659915 0.0583280 0.0598305 0.0833201 0.0206687 0.0770243 
Dasyuridae_Sarcophilus_harrisii              0.0658646 0.0707465 0.0624549 0.0672917 0.0689194 0.0062469 0.0626027 0.0632967 0.0663818 0.0767549 0.0615540 0.0604160 0.0199463 0.0217231 0.0613439 0.0655753 0.0195120 0.0000000 0.0134666 0.0739634 0.0697656 0.0640660 0.0714461 0.0729151 0.0156873 0.0654967 0.0666255 0.0659707 0.0657023 0.0649574 0.0726984 0.0656138 0.0615540 0.0597171 0.0810440 0.0075840 0.0759451 
Dasyuridae_Planigale_tenuirostris            0.0477703 0.0533850 0.0494681 0.0493229 0.0508218 0.0129752 0.0447573 0.0451871 0.0489348 0.0567277 0.0523677 0.0419567 0.0161995 0.0130058 0.0439863 0.0496771 0.0162044 0.0134666 0.0000000 0.0579315 0.0531800 0.0484908 0.0504904 0.0525410 0.0127659 0.0484624 0.0475234 0.0493139 0.0494735 0.0491006 0.0537353 0.0483975 0.0523677 0.0421016 0.0643116 0.0149970 0.0561257 
Peramelidae_Echymipera_kalubu                0.0526044 0.0585709 0.0594343 0.0617972 0.0628252 0.0745017 0.0523304 0.0546363 0.0611998 0.0194086 0.1439910 0.0501796 0.0759264 0.0747090 0.0534535 0.0582012 0.0764848 0.0739634 0.0579315 0.0000000 0.0639238 0.0557235 0.0692290 0.0667958 0.0735504 0.0605638 0.0604758 0.0573656 0.0642490 0.0562581 0.0658639 0.0571552 0.1439910 0.0521171 0.0213940 0.0778915 0.0192737 
Macropodidae_Dorcopsulus_vanheurni           0.0473859 0.0565272 0.0500523 0.0187707 0.0207755 0.0683798 0.0443959 0.0456748 0.0196591 0.0665478 0.1562696 0.0442778 0.0735589 0.0704591 0.0451923 0.0476381 0.0735850 0.0697656 0.0531800 0.0639238 0.0000000 0.0499159 0.0605740 0.0612323 0.0707264 0.0317995 0.0564228 0.0488268 0.0154645 0.0497883 0.0620505 0.0451017 0.1562696 0.0443750 0.0725694 0.0717644 0.0661759 
Pseudochiridae_Pseudochirulus_forbesi        0.0399148 0.0538233 0.0426963 0.0470394 0.0492543 0.0648812 0.0366384 0.0386122 0.0469351 0.0609026 0.1297485 0.0362704 0.0660141 0.0645984 0.0365370 0.0335532 0.0660361 0.0640660 0.0484908 0.0557235 0.0499159 0.0000000 0.0581283 0.0593836 0.0638310 0.0428997 0.0490754 0.0212916 0.0495652 0.0145401 0.0440837 0.0344821 0.1297485 0.0363943 0.0655832 0.0687759 0.0599609 
Didelphidae_Didelphis_virginiana             0.0573131 0.0628450 0.0573635 0.0621694 0.0638453 0.0714830 0.0545914 0.0544603 0.0611158 0.0658929 9.0000000 0.0536378 0.0709311 0.0726905 0.0545431 0.0575808 0.0712484 0.0714461 0.0504904 0.0692290 0.0605740 0.0581283 0.0000000 0.0269954 0.0695845 0.0604964 0.0587129 0.0596395 0.0652468 0.0569051 0.0717947 0.0594963 9.0000000 0.0541347 0.0812117 0.0744758 0.0661441 
Marmosidae_Monodelphis_domestica             0.0549746 0.0623868 0.0567453 0.0626038 0.0646315 0.0732163 0.0563760 0.0561913 0.0610148 0.0668377 9.0000000 0.0545874 0.0736522 0.0744538 0.0559635 0.0593455 0.0745569 0.0729151 0.0525410 0.0667958 0.0612323 0.0593836 0.0269954 0.0000000 0.0721051 0.0612300 0.0613585 0.0600252 0.0645752 0.0591999 0.0699345 0.0599468 9.0000000 0.0553017 0.0775086 0.0760239 0.0664357 
Dasyuridae_Antechinus_stuartii               0.0639055 0.0686201 0.0632599 0.0661044 0.0680150 0.0141947 0.0597324 0.0621821 0.0665267 0.0749601 0.0530402 0.0602486 0.0102250 0.0215889 0.0601827 0.0650679 0.0102276 0.0156873 0.0127659 0.0735504 0.0707264 0.0638310 0.0695845 0.0721051 0.0000000 0.0629831 0.0654717 0.0650896 0.0655073 0.0646209 0.0703531 0.0648136 0.0530402 0.0583390 0.0803724 0.0167415 0.0746283 
Hypsiprymnodontidae_Hypsiprymnodon_moschatus 0.0417828 0.0539369 0.0459909 0.0301434 0.0315289 0.0642984 0.0384413 0.0404106 0.0311400 0.0615574 0.1460247 0.0394184 0.0678658 0.0655692 0.0390245 0.0451766 0.0684041 0.0654967 0.0484624 0.0605638 0.0317995 0.0428997 0.0604964 0.0612300 0.0629831 0.0000000 0.0532091 0.0412724 0.0335136 0.0432244 0.0570726 0.0430322 0.1460247 0.0384036 0.0698084 0.0684784 0.0611564 
Microbiotheriidae_Dromiciops_gliroides       0.0501609 0.0548889 0.0514790 0.0537191 0.0564535 0.0666353 0.0458372 0.0493035 0.0548143 0.0609924 0.1293998 0.0488032 0.0692474 0.0683011 0.0490066 0.0518188 0.0695490 0.0666255 0.0475234 0.0604758 0.0564228 0.0490754 0.0587129 0.0613585 0.0654717 0.0532091 0.0000000 0.0495133 0.0571302 0.0498418 0.0629428 0.0510120 0.1293998 0.0484140 0.0663320 0.0683572 0.0601326 
Pseudochiridae_Petauroides_volans            0.0410234 0.0538620 0.0436681 0.0468910 0.0486418 0.0650175 0.0363271 0.0377818 0.0460595 0.0620028 0.1501686 0.0358000 0.0681340 0.0662226 0.0364052 0.0337196 0.0681571 0.0659707 0.0493139 0.0573656 0.0488268 0.0212916 0.0596395 0.0600252 0.0650896 0.0412724 0.0495133 0.0000000 0.0499273 0.0193226 0.0434393 0.0341498 0.1501686 0.0360933 0.0658767 0.0688884 0.0614311 
Macropodidae_Wallabia_bicolor                0.0482910 0.0581554 0.0493846 0.0169698 0.0180571 0.0649549 0.0439308 0.0455955 0.0169912 0.0660140 0.1488033 0.0436576 0.0684595 0.0679602 0.0441871 0.0485628 0.0684826 0.0657023 0.0494735 0.0642490 0.0154645 0.0495652 0.0652468 0.0645752 0.0655073 0.0335136 0.0571302 0.0499273 0.0000000 0.0491909 0.0629816 0.0447643 0.1488033 0.0434668 0.0723317 0.0678710 0.0655823 
Pseudochiridae_Pseudocheirus_occidentalis    0.0403253 0.0538533 0.0446216 0.0458722 0.0485719 0.0635222 0.0363340 0.0387920 0.0457696 0.0596927 0.1494173 0.0364227 0.0677250 0.0648159 0.0371684 0.0321910 0.0671838 0.0649574 0.0491006 0.0562581 0.0497883 0.0145401 0.0569051 0.0591999 0.0646209 0.0432244 0.0498418 0.0193226 0.0491909 0.0000000 0.0435112 0.0331920 0.1494173 0.0368115 0.0635398 0.0686083 0.0593482 
Tarsipedidae_Tarsipes_rostratus              0.0543581 0.0695032 0.0577159 0.0589473 0.0601004 0.0717874 0.0524211 0.0533047 0.0580961 0.0653299 9.0000000 0.0545791 0.0744155 0.0703232 0.0524568 0.0488956 0.0753336 0.0726984 0.0537353 0.0658639 0.0620505 0.0440837 0.0717947 0.0699345 0.0703531 0.0570726 0.0629428 0.0434393 0.0629816 0.0435112 0.0000000 0.0506767 9.0000000 0.0524002 0.0739956 0.0752515 0.0649300 
Acrobatidae_Distoechurus_pennatus            0.0418614 0.0544188 0.0456212 0.0429656 0.0441819 0.0646951 0.0359475 0.0374785 0.0437779 0.0600563 0.1560738 0.0360741 0.0659696 0.0637339 0.0368293 0.0192542 0.0659915 0.0656138 0.0483975 0.0571552 0.0451017 0.0344821 0.0594963 0.0599468 0.0648136 0.0430322 0.0510120 0.0341498 0.0447643 0.0331920 0.0506767 0.0000000 0.1560738 0.0357394 0.0650554 0.0683689 0.0599616 
Myrmecobiidae_Myrmecobius_fasciatus2         0.1269000 0.1874798 0.1484923 0.1480666 0.1444792 0.0669314 0.1392145 0.1551162 0.1479418 0.1393464 0.0000010 0.1491222 0.0611088 0.0530160 0.1435565 0.1765505 0.0583280 0.0615540 0.0523677 0.1439910 0.1562696 0.1297485 9.0000000 9.0000000 0.0530402 0.1460247 0.1293998 0.1501686 0.1488033 0.1494173 9.0000000 0.1560738 0.0000000 0.1404886 0.1419586 0.0648601 0.1344880 
Phalangeridae_Phalanger_carmelitae           0.0350721 0.0492854 0.0388646 0.0408063 0.0424984 0.0588073 0.0124768 0.0060990 0.0418576 0.0547335 0.1404886 0.0049264 0.0598110 0.0590965 0.0026289 0.0367308 0.0598305 0.0597171 0.0421016 0.0521171 0.0443750 0.0363943 0.0541347 0.0553017 0.0583390 0.0384036 0.0484140 0.0360933 0.0434668 0.0368115 0.0524002 0.0357394 0.1404886 0.0000000 0.0602046 0.0617449 0.0546285 
Peramelidae_Peroryctes_raffrayana            0.0611914 0.0650694 0.0645919 0.0714594 0.0720299 0.0810828 0.0606810 0.0620435 0.0713604 0.0261189 0.1419586 0.0571203 0.0833523 0.0819442 0.0615584 0.0650856 0.0833201 0.0810440 0.0643116 0.0213940 0.0725694 0.0655832 0.0812117 0.0775086 0.0803724 0.0698084 0.0663320 0.0658767 0.0723317 0.0635398 0.0739956 0.0650554 0.1419586 0.0602046 0.0000000 0.0851559 0.0254264 
Dasyuridae_Dasyurus_geffroii                 0.0674033 0.0728160 0.0655684 0.0697635 0.0714574 0.0065417 0.0636549 0.0654183 0.0683051 0.0807319 0.0648601 0.0623473 0.0211111 0.0235947 0.0634262 0.0690124 0.0206687 0.0075840 0.0149970 0.0778915 0.0717644 0.0687759 0.0744758 0.0760239 0.0167415 0.0684784 0.0683572 0.0688884 0.0678710 0.0686083 0.0752515 0.0683689 0.0648601 0.0617449 0.0851559 0.0000000 0.0799063 
Peramelidae_Perameles_gunnii                 0.0561459 0.0593200 0.0619850 0.0614523 0.0632307 0.0759531 0.0556039 0.0569185 0.0624520 0.0006038 0.1344880 0.0527210 0.0767022 0.0750409 0.0557401 0.0599500 0.0770243 0.0759451 0.0561257 0.0192737 0.0661759 0.0599609 0.0661441 0.0664357 0.0746283 0.0611564 0.0601326 0.0614311 0.0655823 0.0593482 0.0649300 0.0599616 0.1344880 0.0546285 0.0254264 0.0799063 0.0000000 
