35
Burramyidae_Burramys_parvus                  0.0000000 0.0351236 0.0274322 0.0294608 0.0300910 0.0477139 0.0215593 0.0240762 0.0313361 0.0344650 0.0236704 0.0435208 0.0446950 0.0240601 0.0263597 0.0442058 0.0468651 0.0415917 0.0354040 0.0286477 0.0271588 0.0461156 0.0493407 0.0264044 0.0344435 0.0292676 0.0287498 0.0263632 0.0335044 0.0265701 0.0234305 0.0346575 0.0482168 0.0351156 0.0323045 
Notoryctidae_Notoryctes_typhlops             0.0351236 0.0000000 0.0322820 0.0396656 0.0406136 0.0459045 0.0345682 0.0348490 0.0416600 0.0381503 0.0364058 0.0410646 0.0431370 0.0366749 0.0354882 0.0415926 0.0437813 0.0394778 0.0388830 0.0406457 0.0377403 0.0451847 0.0486344 0.0392782 0.0374655 0.0379571 0.0403212 0.0368122 0.0447986 0.0365018 0.0361485 0.0375062 0.0461534 0.0388240 0.0322505 
Vombatidae_Lasiorhinus_latifrons             0.0274322 0.0322820 0.0000000 0.0307466 0.0315010 0.0425164 0.0262392 0.0283648 0.0333246 0.0326750 0.0287198 0.0369459 0.0399966 0.0280432 0.0283041 0.0375904 0.0404903 0.0361852 0.0348023 0.0308153 0.0294549 0.0411212 0.0462253 0.0283321 0.0312380 0.0292580 0.0300931 0.0288049 0.0366750 0.0278133 0.0276844 0.0325164 0.0415593 0.0332225 0.0269904 
Potoroidae_Bettongia_penicillata             0.0294608 0.0396656 0.0307466 0.0000000 0.0025436 0.0520396 0.0287969 0.0332222 0.0058967 0.0378394 0.0312493 0.0485599 0.0498455 0.0318144 0.0324237 0.0496572 0.0509233 0.0468197 0.0400697 0.0102534 0.0340973 0.0489444 0.0555628 0.0185272 0.0389093 0.0330741 0.0103538 0.0332545 0.0415599 0.0321169 0.0316630 0.0387218 0.0525661 0.0386108 0.0390904 
Potoroidae_Bettongia_lesueur                 0.0300910 0.0406136 0.0315010 0.0025436 0.0000000 0.0529602 0.0290015 0.0336547 0.0067321 0.0382024 0.0312485 0.0489502 0.0503568 0.0318250 0.0327757 0.0499083 0.0518377 0.0472216 0.0400631 0.0112154 0.0338627 0.0496194 0.0554374 0.0182477 0.0385828 0.0330574 0.0111464 0.0334625 0.0412193 0.0325642 0.0318724 0.0387368 0.0534913 0.0389756 0.0393828 
Dasyuridae_Dasyurus_maculatus                0.0477139 0.0459045 0.0425164 0.0520396 0.0529602 0.0000000 0.0436469 0.0425334 0.0540162 0.0467027 0.0459048 0.0096895 0.0152082 0.0443423 0.0469212 0.0094811 0.0055832 0.0147409 0.0471132 0.0524575 0.0484807 0.0549481 0.0519765 0.0489635 0.0490493 0.0476298 0.0515924 0.0480295 0.0580590 0.0486257 0.0445046 0.0468766 0.0044920 0.0470143 0.0070300 
Phalangeridae_Trichosurus_vulpecula          0.0215593 0.0345682 0.0262392 0.0287969 0.0290015 0.0436469 0.0000000 0.0109400 0.0303641 0.0317380 0.0098038 0.0390612 0.0419679 0.0099781 0.0248945 0.0400819 0.0415334 0.0381899 0.0342037 0.0284976 0.0266357 0.0440953 0.0476597 0.0241111 0.0335557 0.0266562 0.0278076 0.0258612 0.0341511 0.0255463 0.0094470 0.0329960 0.0429422 0.0323813 0.0292612 
Phalangeridae_Spilocuscus_maculatus          0.0240762 0.0348490 0.0283648 0.0332222 0.0336547 0.0425334 0.0109400 0.0000000 0.0346337 0.0357726 0.0074015 0.0390090 0.0406826 0.0071706 0.0284323 0.0395401 0.0410009 0.0385875 0.0370736 0.0327168 0.0301062 0.0482308 0.0515189 0.0285690 0.0355048 0.0302935 0.0327340 0.0285357 0.0387994 0.0299182 0.0066569 0.0363721 0.0426741 0.0364371 0.0300317 
Potoroidae_Aepyprymnus_rufescens             0.0313361 0.0416600 0.0333246 0.0058967 0.0067321 0.0540162 0.0303641 0.0346337 0.0000000 0.0403731 0.0328730 0.0507317 0.0521580 0.0331011 0.0336174 0.0518431 0.0536498 0.0487083 0.0419304 0.0117458 0.0360700 0.0518114 0.0584149 0.0206235 0.0413263 0.0349219 0.0122831 0.0346775 0.0436671 0.0339348 0.0329463 0.0410990 0.0551903 0.0410352 0.0410692 
Peramelidae_Perameles_nasuta                 0.0344650 0.0381503 0.0326750 0.0378394 0.0382024 0.0467027 0.0317380 0.0357726 0.0403731 0.0000000 0.0346337 0.0434834 0.0434230 0.0356667 0.0367993 0.0431112 0.0458286 0.0400586 0.0093518 0.0373048 0.0374004 0.0508464 0.0530513 0.0344351 0.0368713 0.0367677 0.0362697 0.0369587 0.0442471 0.0364863 0.0360492 0.0075495 0.0465611 0.0000788 0.0316582 
Phalangeridae_Strigocuscus_pelengensis       0.0236704 0.0364058 0.0287198 0.0312493 0.0312485 0.0459048 0.0098038 0.0074015 0.0328730 0.0346337 0.0000000 0.0407626 0.0432377 0.0054572 0.0274353 0.0416816 0.0443336 0.0398343 0.0363819 0.0309671 0.0299524 0.0471873 0.0516884 0.0265365 0.0364364 0.0306456 0.0313903 0.0286058 0.0368704 0.0288235 0.0049502 0.0357641 0.0454300 0.0354081 0.0308306 
Dasyuridae_Phascogale_tapoatafa              0.0435208 0.0410646 0.0369459 0.0485599 0.0489502 0.0096895 0.0390612 0.0390090 0.0507317 0.0434834 0.0407626 0.0000000 0.0127010 0.0395323 0.0428078 0.0020901 0.0095964 0.0131041 0.0426056 0.0481538 0.0446277 0.0466115 0.0435883 0.0451193 0.0431625 0.0432531 0.0475545 0.0431931 0.0521073 0.0444879 0.0395914 0.0427734 0.0095031 0.0438258 0.0038308 
Dasyuridae_Sminthopsis_macroura              0.0446950 0.0431370 0.0399966 0.0498455 0.0503568 0.0152082 0.0419679 0.0406826 0.0521580 0.0434230 0.0432377 0.0127010 0.0000000 0.0433929 0.0438521 0.0124805 0.0148829 0.0104471 0.0442965 0.0507563 0.0454194 0.0518453 0.0509920 0.0465920 0.0467797 0.0448578 0.0501623 0.0449753 0.0550358 0.0453809 0.0427088 0.0435005 0.0153895 0.0437359 0.0086342 
Phalangeridae_Phalanger_orientalis           0.0240601 0.0366749 0.0280432 0.0318144 0.0318250 0.0443423 0.0099781 0.0071706 0.0331011 0.0356667 0.0054572 0.0395323 0.0433929 0.0000000 0.0272755 0.0404456 0.0424305 0.0395407 0.0368043 0.0312011 0.0303159 0.0470291 0.0514346 0.0274413 0.0360822 0.0297329 0.0312339 0.0285097 0.0365275 0.0276282 0.0019025 0.0368934 0.0443378 0.0364284 0.0300459 
Acrobatidae_Acrobates_pygmaeus               0.0263597 0.0354882 0.0283041 0.0324237 0.0327757 0.0469212 0.0248945 0.0284323 0.0336174 0.0367993 0.0274353 0.0428078 0.0438521 0.0272755 0.0000000 0.0433565 0.0447359 0.0413670 0.0368371 0.0324302 0.0235772 0.0449703 0.0484304 0.0294887 0.0348537 0.0236288 0.0319354 0.0219347 0.0336860 0.0143462 0.0273548 0.0358080 0.0463651 0.0374894 0.0313454 
Dasyuridae_Phascogale_calura                 0.0442058 0.0415926 0.0375904 0.0496572 0.0499083 0.0094811 0.0400819 0.0395401 0.0518431 0.0431112 0.0416816 0.0020901 0.0124805 0.0404456 0.0433565 0.0000000 0.0093883 0.0128645 0.0427236 0.0492628 0.0449300 0.0473204 0.0432204 0.0460527 0.0437303 0.0440961 0.0486608 0.0431164 0.0526749 0.0444757 0.0402350 0.0426509 0.0094806 0.0434533 0.0037256 
Dasyuridae_Sarcophilus_harrisii              0.0468651 0.0437813 0.0404903 0.0509233 0.0518377 0.0055832 0.0415334 0.0410009 0.0536498 0.0458286 0.0443336 0.0095964 0.0148829 0.0424305 0.0447359 0.0093883 0.0000000 0.0144437 0.0466012 0.0512084 0.0474604 0.0527907 0.0502615 0.0477410 0.0465328 0.0462553 0.0507395 0.0463972 0.0569619 0.0473913 0.0425936 0.0463400 0.0054955 0.0462662 0.0069199 
Dasyuridae_Planigale_tenuirostris            0.0415917 0.0394778 0.0361852 0.0468197 0.0472216 0.0147409 0.0381899 0.0385875 0.0487083 0.0400586 0.0398343 0.0131041 0.0104471 0.0395407 0.0413670 0.0128645 0.0144437 0.0000000 0.0404014 0.0463329 0.0424986 0.0489195 0.0479264 0.0446713 0.0436009 0.0418536 0.0454349 0.0413260 0.0522225 0.0428764 0.0390046 0.0398276 0.0147509 0.0404614 0.0101930 
Peramelidae_Echymipera_kalubu                0.0354040 0.0388830 0.0348023 0.0400697 0.0400631 0.0471132 0.0342037 0.0370736 0.0419304 0.0093518 0.0363819 0.0426056 0.0442965 0.0368043 0.0368371 0.0427236 0.0466012 0.0404014 0.0000000 0.0385636 0.0383615 0.0503489 0.0538293 0.0370556 0.0389563 0.0379882 0.0379996 0.0383802 0.0453149 0.0373167 0.0368751 0.0077989 0.0476016 0.0094950 0.0318497 
Macropodidae_Dorcopsulus_vanheurni           0.0286477 0.0406457 0.0308153 0.0102534 0.0112154 0.0524575 0.0284976 0.0327168 0.0117458 0.0373048 0.0309671 0.0481538 0.0507563 0.0312011 0.0324302 0.0492628 0.0512084 0.0463329 0.0385636 0.0000000 0.0336511 0.0477284 0.0549383 0.0183479 0.0386364 0.0328466 0.0052450 0.0323535 0.0403912 0.0322355 0.0312732 0.0375714 0.0531181 0.0380751 0.0386341 
Pseudochiridae_Pseudochirulus_forbesi        0.0271588 0.0377403 0.0294549 0.0340973 0.0338627 0.0484807 0.0266357 0.0301062 0.0360700 0.0374004 0.0299524 0.0446277 0.0454194 0.0303159 0.0235772 0.0449300 0.0474604 0.0424986 0.0383615 0.0336511 0.0000000 0.0450686 0.0495857 0.0308534 0.0364339 0.0145886 0.0332554 0.0076370 0.0288839 0.0247125 0.0300732 0.0369860 0.0484560 0.0379629 0.0328926 
Didelphidae_Didelphis_virginiana             0.0461156 0.0451847 0.0411212 0.0489444 0.0496194 0.0549481 0.0440953 0.0482308 0.0518114 0.0508464 0.0471873 0.0466115 0.0518453 0.0470291 0.0449703 0.0473204 0.0527907 0.0489195 0.0503489 0.0477284 0.0450686 0.0000000 0.0234447 0.0454771 0.0454233 0.0443341 0.0493571 0.0438500 0.0554506 0.0448414 0.0464987 0.0503871 0.0534772 0.0515477 0.0303536 
Marmosidae_Monodelphis_domestica             0.0493407 0.0486344 0.0462253 0.0555628 0.0554374 0.0519765 0.0476597 0.0515189 0.0584149 0.0530513 0.0516884 0.0435883 0.0509920 0.0514346 0.0484304 0.0432204 0.0502615 0.0479264 0.0538293 0.0549383 0.0495857 0.0234447 0.0000000 0.0517052 0.0493816 0.0495296 0.0556896 0.0484616 0.0604653 0.0507195 0.0514616 0.0538687 0.0520538 0.0537549 0.0300076 
Hypsiprymnodontidae_Hypsiprymnodon_moschatus 0.0264044 0.0392782 0.0283321 0.0185272 0.0182477 0.0489635 0.0241111 0.0285690 0.0206235 0.0344351 0.0265365 0.0451193 0.0465920 0.0274413 0.0294887 0.0460527 0.0477410 0.0446713 0.0370556 0.0183479 0.0308534 0.0454771 0.0517052 0.0000000 0.0343550 0.0299944 0.0176333 0.0300085 0.0386542 0.0285514 0.0271838 0.0353327 0.0488975 0.0350811 0.0345203 
Microbiotheriidae_Dromiciops_gliroides       0.0344435 0.0374655 0.0312380 0.0389093 0.0385828 0.0490493 0.0335557 0.0355048 0.0413263 0.0368713 0.0364364 0.0431625 0.0467797 0.0360822 0.0348537 0.0437303 0.0465328 0.0436009 0.0389563 0.0386364 0.0364339 0.0454233 0.0493816 0.0343550 0.0000000 0.0365708 0.0386312 0.0365466 0.0424795 0.0353239 0.0353338 0.0364594 0.0487958 0.0374153 0.0323079 
Pseudochiridae_Petauroides_volans            0.0292676 0.0379571 0.0292580 0.0330741 0.0330574 0.0476298 0.0266562 0.0302935 0.0349219 0.0367677 0.0306456 0.0432531 0.0448578 0.0297329 0.0236288 0.0440961 0.0462553 0.0418536 0.0379882 0.0328466 0.0145886 0.0443341 0.0495296 0.0299944 0.0365708 0.0000000 0.0316361 0.0131477 0.0308943 0.0249941 0.0296186 0.0366670 0.0475107 0.0373556 0.0325286 
Macropodidae_Wallabia_bicolor                0.0287498 0.0403212 0.0300931 0.0103538 0.0111464 0.0515924 0.0278076 0.0327340 0.0122831 0.0362697 0.0313903 0.0475545 0.0501623 0.0312339 0.0319354 0.0486608 0.0507395 0.0454349 0.0379996 0.0052450 0.0332554 0.0493571 0.0556896 0.0176333 0.0386312 0.0316361 0.0000000 0.0322808 0.0408421 0.0315404 0.0312926 0.0367860 0.0522494 0.0370757 0.0382303 
Pseudochiridae_Pseudocheirus_occidentalis    0.0263632 0.0368122 0.0288049 0.0332545 0.0334625 0.0480295 0.0258612 0.0285357 0.0346775 0.0369587 0.0286058 0.0431931 0.0449753 0.0285097 0.0219347 0.0431164 0.0463972 0.0413260 0.0383802 0.0323535 0.0076370 0.0438500 0.0484616 0.0300085 0.0365466 0.0131477 0.0322808 0.0000000 0.0295099 0.0242125 0.0281896 0.0374151 0.0477782 0.0376461 0.0318411 
Tarsipedidae_Tarsipes_rostratus              0.0335044 0.0447986 0.0366750 0.0415599 0.0412193 0.0580590 0.0341511 0.0387994 0.0436671 0.0442471 0.0368704 0.0521073 0.0550358 0.0365275 0.0336860 0.0526749 0.0569619 0.0522225 0.0453149 0.0403912 0.0288839 0.0554506 0.0604653 0.0386542 0.0424795 0.0308943 0.0408421 0.0295099 0.0000000 0.0320845 0.0362542 0.0451766 0.0577463 0.0449292 0.0422155 
Acrobatidae_Distoechurus_pennatus            0.0265701 0.0365018 0.0278133 0.0321169 0.0325642 0.0486257 0.0255463 0.0299182 0.0339348 0.0364863 0.0288235 0.0444879 0.0453809 0.0276282 0.0143462 0.0444757 0.0473913 0.0428764 0.0373167 0.0322355 0.0247125 0.0448414 0.0507195 0.0285514 0.0353239 0.0249941 0.0315404 0.0242125 0.0320845 0.0000000 0.0276851 0.0356105 0.0484484 0.0371444 0.0326120 
Phalangeridae_Phalanger_carmelitae           0.0234305 0.0361485 0.0276844 0.0316630 0.0318724 0.0445046 0.0094470 0.0066569 0.0329463 0.0360492 0.0049502 0.0395914 0.0427088 0.0019025 0.0273548 0.0402350 0.0425936 0.0390046 0.0368751 0.0312732 0.0300732 0.0464987 0.0514616 0.0271838 0.0353338 0.0296186 0.0312926 0.0281896 0.0362542 0.0276851 0.0000000 0.0372203 0.0442559 0.0368130 0.0301207 
Peramelidae_Peroryctes_raffrayana            0.0346575 0.0375062 0.0325164 0.0387218 0.0387368 0.0468766 0.0329960 0.0363721 0.0410990 0.0075495 0.0357641 0.0427734 0.0435005 0.0368934 0.0358080 0.0426509 0.0463400 0.0398276 0.0077989 0.0375714 0.0369860 0.0503871 0.0538687 0.0353327 0.0364594 0.0366670 0.0367860 0.0374151 0.0451766 0.0356105 0.0372203 0.0000000 0.0467342 0.0078774 0.0312824 
Dasyuridae_Dasyurus_geffroii                 0.0482168 0.0461534 0.0415593 0.0525661 0.0534913 0.0044920 0.0429422 0.0426741 0.0551903 0.0465611 0.0454300 0.0095031 0.0153895 0.0443378 0.0463651 0.0094806 0.0054955 0.0147509 0.0476016 0.0531181 0.0484560 0.0534772 0.0520538 0.0488975 0.0487958 0.0475107 0.0522494 0.0477782 0.0577463 0.0484484 0.0442559 0.0467342 0.0000000 0.0468727 0.0069213 
Peramelidae_Perameles_gunnii                 0.0351156 0.0388240 0.0332225 0.0386108 0.0389756 0.0470143 0.0323813 0.0364371 0.0410352 0.0000788 0.0354081 0.0438258 0.0437359 0.0364284 0.0374894 0.0434533 0.0462662 0.0404614 0.0094950 0.0380751 0.0379629 0.0515477 0.0537549 0.0350811 0.0374153 0.0373556 0.0370757 0.0376461 0.0449292 0.0371444 0.0368130 0.0078774 0.0468727 0.0000000 0.0320791 
Dasyuridae_Antechinus_stuartii               0.0323045 0.0322505 0.0269904 0.0390904 0.0393828 0.0070300 0.0292612 0.0300317 0.0410692 0.0316582 0.0308306 0.0038308 0.0086342 0.0300459 0.0313454 0.0037256 0.0069199 0.0101930 0.0318497 0.0386341 0.0328926 0.0303536 0.0300076 0.0345203 0.0323079 0.0325286 0.0382303 0.0318411 0.0422155 0.0326120 0.0301207 0.0312824 0.0069213 0.0320791 0.0000000 
