35
Burramyidae_Burramys_parvus                  0.0000000 0.0517281 0.0418197 0.0485417 0.0509625 0.0783175 0.0374674 0.0478423 0.0469329 0.0504240 0.0404991 0.0749905 0.0761228 0.0427590 0.0432086 0.0747286 0.0793507 0.0752540 0.0501220 0.0472142 0.0432890 0.0640586 0.0623561 0.0754441 0.0474280 0.0509713 0.0433388 0.0468377 0.0426312 0.0464781 0.0425740 0.0399942 0.0536307 0.0789487 0.0515449 
Notoryctidae_Notoryctes_typhlops             0.0517281 0.0000000 0.0520918 0.0644582 0.0672516 0.0830721 0.0524593 0.0660283 0.0624812 0.0598757 0.0588158 0.0826484 0.0827496 0.0587056 0.0570964 0.0822308 0.0819323 0.0825974 0.0620219 0.0623058 0.0545137 0.0690005 0.0714624 0.0817133 0.0615213 0.0594101 0.0583224 0.0627780 0.0565202 0.0597234 0.0592764 0.0562741 0.0621747 0.0829474 0.0605426 
Vombatidae_Lasiorhinus_latifrons             0.0418197 0.0520918 0.0000000 0.0528977 0.0559051 0.0711439 0.0407426 0.0528453 0.0537401 0.0518452 0.0425726 0.0682457 0.0706685 0.0455261 0.0455968 0.0668489 0.0709910 0.0693918 0.0523112 0.0512130 0.0479189 0.0594141 0.0606492 0.0691895 0.0524763 0.0484321 0.0459297 0.0526640 0.0433475 0.0477411 0.0467171 0.0426512 0.0520119 0.0722339 0.0528935 
Potoroidae_Bettongia_penicillata             0.0485417 0.0644582 0.0528977 0.0000000 0.0073197 0.0891874 0.0466873 0.0592892 0.0135731 0.0621394 0.0510788 0.0868774 0.0884086 0.0534425 0.0524092 0.0855568 0.0883263 0.0855460 0.0615730 0.0240663 0.0539733 0.0738679 0.0738249 0.0879254 0.0372979 0.0603913 0.0560318 0.0243548 0.0518284 0.0583407 0.0545989 0.0517121 0.0640536 0.0902588 0.0634376 
Potoroidae_Bettongia_lesueur                 0.0509625 0.0672516 0.0559051 0.0073197 0.0000000 0.0907376 0.0484738 0.0610196 0.0164301 0.0645621 0.0529790 0.0887621 0.0896414 0.0555105 0.0554492 0.0874006 0.0898776 0.0872557 0.0639716 0.0281431 0.0581783 0.0770082 0.0755849 0.0888645 0.0408359 0.0627590 0.0590768 0.0272476 0.0556171 0.0607571 0.0570474 0.0537467 0.0675146 0.0918590 0.0658226 
Dasyuridae_Dasyurus_maculatus                0.0783175 0.0830721 0.0711439 0.0891874 0.0907376 0.0000000 0.0767378 0.0854117 0.0885755 0.0838613 0.0766675 0.0188094 0.0211586 0.0795830 0.0772396 0.0193811 0.0067625 0.0233557 0.0853810 0.0874389 0.0791869 0.0871534 0.0896198 0.0173868 0.0853109 0.0761892 0.0754853 0.0881141 0.0742427 0.0812847 0.0777342 0.0762844 0.0859187 0.0087528 0.0853590 
Phalangeridae_Trichosurus_vulpecula          0.0374674 0.0524593 0.0407426 0.0466873 0.0484738 0.0767378 0.0000000 0.0255503 0.0453987 0.0503182 0.0169132 0.0737019 0.0754146 0.0185166 0.0423229 0.0739492 0.0764319 0.0737211 0.0501819 0.0443943 0.0433615 0.0627992 0.0633277 0.0737429 0.0468957 0.0491962 0.0458044 0.0461460 0.0429718 0.0496542 0.0432949 0.0163050 0.0516337 0.0774060 0.0505008 
Phalangeridae_Spilocuscus_maculatus          0.0478423 0.0660283 0.0528453 0.0592892 0.0610196 0.0854117 0.0255503 0.0000000 0.0582831 0.0614026 0.0198980 0.0845262 0.0852687 0.0223734 0.0527684 0.0841629 0.0857488 0.0826619 0.0636896 0.0569201 0.0549325 0.0728457 0.0725568 0.0820544 0.0602958 0.0619344 0.0578440 0.0563719 0.0510556 0.0623152 0.0557872 0.0224078 0.0643790 0.0861095 0.0630132 
Potoroidae_Aepyprymnus_rufescens             0.0469329 0.0624812 0.0537401 0.0135731 0.0164301 0.0885755 0.0453987 0.0582831 0.0000000 0.0613961 0.0497798 0.0869850 0.0884280 0.0530285 0.0513672 0.0859904 0.0877170 0.0863025 0.0605309 0.0243832 0.0523425 0.0719934 0.0728809 0.0867869 0.0357880 0.0590822 0.0547248 0.0234928 0.0505503 0.0563953 0.0526348 0.0506993 0.0646167 0.0890781 0.0623878 
Peramelidae_Perameles_nasuta                 0.0504240 0.0598757 0.0518452 0.0621394 0.0645621 0.0838613 0.0503182 0.0614026 0.0613961 0.0000000 0.0524760 0.0842321 0.0822462 0.0555144 0.0561252 0.0840628 0.0830399 0.0817464 0.0139899 0.0603807 0.0564395 0.0663133 0.0692539 0.0835047 0.0628709 0.0527373 0.0549776 0.0608646 0.0562464 0.0619426 0.0555790 0.0530159 0.0138950 0.0833828 0.0014109 
Phalangeridae_Strigocuscus_pelengensis       0.0404991 0.0588158 0.0425726 0.0510788 0.0529790 0.0766675 0.0169132 0.0198980 0.0497798 0.0524760 0.0000000 0.0743859 0.0750189 0.0152944 0.0458804 0.0747535 0.0757098 0.0741800 0.0535415 0.0489369 0.0481636 0.0642666 0.0629800 0.0729167 0.0516342 0.0537707 0.0497187 0.0490938 0.0456591 0.0521884 0.0483352 0.0126978 0.0546929 0.0779459 0.0531768 
Dasyuridae_Phascogale_tapoatafa              0.0749905 0.0826484 0.0682457 0.0868774 0.0887621 0.0188094 0.0737019 0.0845262 0.0869850 0.0842321 0.0743859 0.0000000 0.0180422 0.0771074 0.0770187 0.0053686 0.0162552 0.0189367 0.0849890 0.0833188 0.0763029 0.0835317 0.0846972 0.0105252 0.0817959 0.0742126 0.0736687 0.0833138 0.0720788 0.0789235 0.0770999 0.0738210 0.0845033 0.0211835 0.0834078 
Dasyuridae_Sminthopsis_macroura              0.0761228 0.0827496 0.0706685 0.0884086 0.0896414 0.0211586 0.0754146 0.0852687 0.0884280 0.0822462 0.0750189 0.0180422 0.0000000 0.0773010 0.0777151 0.0189198 0.0197411 0.0165400 0.0838352 0.0882537 0.0770685 0.0842963 0.0868372 0.0189413 0.0830529 0.0751649 0.0747428 0.0889281 0.0733617 0.0814687 0.0794350 0.0740185 0.0843466 0.0244009 0.0825657 
Phalangeridae_Phalanger_orientalis           0.0427590 0.0587056 0.0455261 0.0534425 0.0555105 0.0795830 0.0185166 0.0223734 0.0530285 0.0555144 0.0152944 0.0771074 0.0773010 0.0000000 0.0466125 0.0780420 0.0792838 0.0782749 0.0569867 0.0514515 0.0475957 0.0673852 0.0670515 0.0765453 0.0548259 0.0548871 0.0510720 0.0513752 0.0464154 0.0539905 0.0493707 0.0022875 0.0575574 0.0808438 0.0559939 
Acrobatidae_Acrobates_pygmaeus               0.0432086 0.0570964 0.0455968 0.0524092 0.0554492 0.0772396 0.0423229 0.0527684 0.0513672 0.0561252 0.0458804 0.0770187 0.0777151 0.0466125 0.0000000 0.0764803 0.0771786 0.0790773 0.0554345 0.0488798 0.0374292 0.0678694 0.0665192 0.0779798 0.0500805 0.0481357 0.0375090 0.0496817 0.0364192 0.0462177 0.0257140 0.0443288 0.0554015 0.0784096 0.0568500 
Dasyuridae_Phascogale_calura                 0.0747286 0.0822308 0.0668489 0.0855568 0.0874006 0.0193811 0.0739492 0.0841629 0.0859904 0.0840628 0.0747535 0.0053686 0.0189198 0.0780420 0.0764803 0.0000000 0.0162517 0.0204296 0.0855706 0.0838923 0.0752881 0.0820006 0.0837452 0.0108147 0.0810669 0.0751739 0.0725075 0.0845333 0.0711170 0.0779826 0.0776760 0.0747467 0.0848866 0.0217570 0.0843396 
Dasyuridae_Sarcophilus_harrisii              0.0793507 0.0819323 0.0709910 0.0883263 0.0898776 0.0067625 0.0764319 0.0857488 0.0877170 0.0830399 0.0757098 0.0162552 0.0197411 0.0792838 0.0771786 0.0162517 0.0000000 0.0209835 0.0855535 0.0878766 0.0787290 0.0864246 0.0875745 0.0154055 0.0851225 0.0757688 0.0746873 0.0885515 0.0743990 0.0807631 0.0775784 0.0759761 0.0848452 0.0093345 0.0836833 
Dasyuridae_Planigale_tenuirostris            0.0752540 0.0825974 0.0693918 0.0855460 0.0872557 0.0233557 0.0737211 0.0826619 0.0863025 0.0817464 0.0741800 0.0189367 0.0165400 0.0782749 0.0790773 0.0204296 0.0209835 0.0000000 0.0821418 0.0854712 0.0764786 0.0837326 0.0847260 0.0213397 0.0827540 0.0766803 0.0752127 0.0864888 0.0730201 0.0788629 0.0791959 0.0747561 0.0835420 0.0261009 0.0816274 
Peramelidae_Echymipera_kalubu                0.0501220 0.0620219 0.0523112 0.0615730 0.0639716 0.0853810 0.0501819 0.0636896 0.0605309 0.0139899 0.0535415 0.0849890 0.0838352 0.0569867 0.0554345 0.0855706 0.0855535 0.0821418 0.0000000 0.0595121 0.0547747 0.0649939 0.0687749 0.0842206 0.0625232 0.0510905 0.0571681 0.0612135 0.0563673 0.0618288 0.0539466 0.0542768 0.0134777 0.0858949 0.0141425 
Macropodidae_Dorcopsulus_vanheurni           0.0472142 0.0623058 0.0512130 0.0240663 0.0281431 0.0874389 0.0443943 0.0569201 0.0243832 0.0603807 0.0489369 0.0833188 0.0882537 0.0514515 0.0488798 0.0838923 0.0878766 0.0854712 0.0595121 0.0000000 0.0533030 0.0688704 0.0709716 0.0861875 0.0332192 0.0579879 0.0528150 0.0110307 0.0505427 0.0573049 0.0511528 0.0494125 0.0617027 0.0884797 0.0616415 
Pseudochiridae_Pseudochirulus_forbesi        0.0432890 0.0545137 0.0479189 0.0539733 0.0581783 0.0791869 0.0433615 0.0549325 0.0523425 0.0564395 0.0481636 0.0763029 0.0770685 0.0475957 0.0374292 0.0752881 0.0787290 0.0764786 0.0547747 0.0533030 0.0000000 0.0661732 0.0672771 0.0747371 0.0536094 0.0546766 0.0281617 0.0518949 0.0159549 0.0466675 0.0397981 0.0459064 0.0566171 0.0806047 0.0565448 
Didelphidae_Didelphis_virginiana             0.0640586 0.0690005 0.0594141 0.0738679 0.0770082 0.0871534 0.0627992 0.0728457 0.0719934 0.0663133 0.0642666 0.0835317 0.0842963 0.0673852 0.0678694 0.0820006 0.0864246 0.0837326 0.0649939 0.0688704 0.0661732 0.0000000 0.0242501 0.0850046 0.0750372 0.0625176 0.0670519 0.0712343 0.0631874 0.0679599 0.0680277 0.0648313 0.0637698 0.0870806 0.0660369 
Marmosidae_Monodelphis_domestica             0.0623561 0.0714624 0.0606492 0.0738249 0.0755849 0.0896198 0.0633277 0.0725568 0.0728809 0.0692539 0.0629800 0.0846972 0.0868372 0.0670515 0.0665192 0.0837452 0.0875745 0.0847260 0.0687749 0.0709716 0.0672771 0.0242501 0.0000000 0.0849155 0.0759449 0.0637793 0.0655571 0.0736012 0.0650466 0.0693998 0.0661915 0.0644719 0.0672537 0.0896108 0.0685905 
Dasyuridae_Antechinus_stuartii               0.0754441 0.0817133 0.0691895 0.0879254 0.0888645 0.0173868 0.0737429 0.0820544 0.0867869 0.0835047 0.0729167 0.0105252 0.0189413 0.0765453 0.0779798 0.0108147 0.0154055 0.0213397 0.0842206 0.0861875 0.0747371 0.0850046 0.0849155 0.0000000 0.0840631 0.0744895 0.0722871 0.0868481 0.0716261 0.0780232 0.0760515 0.0732838 0.0859468 0.0194642 0.0831882 
Hypsiprymnodontidae_Hypsiprymnodon_moschatus 0.0474280 0.0615213 0.0524763 0.0372979 0.0408359 0.0853109 0.0468957 0.0602958 0.0357880 0.0628709 0.0516342 0.0817959 0.0830529 0.0548259 0.0500805 0.0810669 0.0851225 0.0827540 0.0625232 0.0332192 0.0536094 0.0750372 0.0759449 0.0840631 0.0000000 0.0590172 0.0522971 0.0349526 0.0510328 0.0569278 0.0527090 0.0521479 0.0653719 0.0842415 0.0628721 
Microbiotheriidae_Dromiciops_gliroides       0.0509713 0.0594101 0.0484321 0.0603913 0.0627590 0.0761892 0.0491962 0.0619344 0.0590822 0.0527373 0.0537707 0.0742126 0.0751649 0.0548871 0.0481357 0.0751739 0.0757688 0.0766803 0.0510905 0.0579879 0.0546766 0.0625176 0.0637793 0.0744895 0.0590172 0.0000000 0.0529576 0.0591833 0.0481899 0.0566068 0.0505022 0.0524187 0.0532537 0.0773124 0.0529005 
Pseudochiridae_Petauroides_volans            0.0433388 0.0583224 0.0459297 0.0560318 0.0590768 0.0754853 0.0458044 0.0578440 0.0547248 0.0549776 0.0497187 0.0736687 0.0747428 0.0510720 0.0375090 0.0725075 0.0746873 0.0752127 0.0571681 0.0528150 0.0281617 0.0670519 0.0655571 0.0722871 0.0522971 0.0529576 0.0000000 0.0523643 0.0240956 0.0412212 0.0387122 0.0486762 0.0562166 0.0757270 0.0552655 
Macropodidae_Wallabia_bicolor                0.0468377 0.0627780 0.0526640 0.0243548 0.0272476 0.0881141 0.0461460 0.0563719 0.0234928 0.0608646 0.0490938 0.0833138 0.0889281 0.0513752 0.0496817 0.0845333 0.0885515 0.0864888 0.0612135 0.0110307 0.0518949 0.0712343 0.0736012 0.0868481 0.0349526 0.0591833 0.0523643 0.0000000 0.0490877 0.0569958 0.0516701 0.0493556 0.0631277 0.0885769 0.0621183 
Pseudochiridae_Pseudocheirus_occidentalis    0.0426312 0.0565202 0.0433475 0.0518284 0.0556171 0.0742427 0.0429718 0.0510556 0.0505503 0.0562464 0.0456591 0.0720788 0.0733617 0.0464154 0.0364192 0.0711170 0.0743990 0.0730201 0.0563673 0.0505427 0.0159549 0.0631874 0.0650466 0.0716261 0.0510328 0.0481899 0.0240956 0.0490877 0.0000000 0.0419536 0.0377891 0.0441554 0.0567770 0.0757232 0.0556119 
Tarsipedidae_Tarsipes_rostratus              0.0464781 0.0597234 0.0477411 0.0583407 0.0607571 0.0812847 0.0496542 0.0623152 0.0563953 0.0619426 0.0521884 0.0789235 0.0814687 0.0539905 0.0462177 0.0779826 0.0807631 0.0788629 0.0618288 0.0573049 0.0466675 0.0679599 0.0693998 0.0780232 0.0569278 0.0566068 0.0412212 0.0569958 0.0419536 0.0000000 0.0476293 0.0522187 0.0621809 0.0818073 0.0630076 
Acrobatidae_Distoechurus_pennatus            0.0425740 0.0592764 0.0467171 0.0545989 0.0570474 0.0777342 0.0432949 0.0557872 0.0526348 0.0555790 0.0483352 0.0770999 0.0794350 0.0493707 0.0257140 0.0776760 0.0775784 0.0791959 0.0539466 0.0511528 0.0397981 0.0680277 0.0661915 0.0760515 0.0527090 0.0505022 0.0387122 0.0516701 0.0377891 0.0476293 0.0000000 0.0470469 0.0536278 0.0784975 0.0563178 
Phalangeridae_Phalanger_carmelitae           0.0399942 0.0562741 0.0426512 0.0517121 0.0537467 0.0762844 0.0163050 0.0224078 0.0506993 0.0530159 0.0126978 0.0738210 0.0740185 0.0022875 0.0443288 0.0747467 0.0759761 0.0747561 0.0542768 0.0494125 0.0459064 0.0648313 0.0644719 0.0732838 0.0521479 0.0524187 0.0486762 0.0493556 0.0441554 0.0522187 0.0470469 0.0000000 0.0547146 0.0775206 0.0536137 
Peramelidae_Peroryctes_raffrayana            0.0536307 0.0621747 0.0520119 0.0640536 0.0675146 0.0859187 0.0516337 0.0643790 0.0646167 0.0138950 0.0546929 0.0845033 0.0843466 0.0575574 0.0554015 0.0848866 0.0848452 0.0835420 0.0134777 0.0617027 0.0566171 0.0637698 0.0672537 0.0859468 0.0653719 0.0532537 0.0562166 0.0631277 0.0567770 0.0621809 0.0536278 0.0547146 0.0000000 0.0857122 0.0140834 
Dasyuridae_Dasyurus_geffroii                 0.0789487 0.0829474 0.0722339 0.0902588 0.0918590 0.0087528 0.0774060 0.0861095 0.0890781 0.0833828 0.0779459 0.0211835 0.0244009 0.0808438 0.0784096 0.0217570 0.0093345 0.0261009 0.0858949 0.0884797 0.0806047 0.0870806 0.0896108 0.0194642 0.0842415 0.0773124 0.0757270 0.0885769 0.0757232 0.0818073 0.0784975 0.0775206 0.0857122 0.0000000 0.0840240 
Peramelidae_Perameles_gunnii                 0.0515449 0.0605426 0.0528935 0.0634376 0.0658226 0.0853590 0.0505008 0.0630132 0.0623878 0.0014109 0.0531768 0.0834078 0.0825657 0.0559939 0.0568500 0.0843396 0.0836833 0.0816274 0.0141425 0.0616415 0.0565448 0.0660369 0.0685905 0.0831882 0.0628721 0.0529005 0.0552655 0.0621183 0.0556119 0.0630076 0.0563178 0.0536137 0.0140834 0.0840240 0.0000000 
