37
Burramyidae_Burramys_parvus                  0.0000000 0.0290564 0.0362677 0.0381917 0.0374390 0.0405550 0.0298704 0.0255208 0.0392730 0.0451414 0.0255514 0.0404725 0.0413825 0.0332025 0.0340934 0.0410832 0.0409354 0.0406445 0.0453534 0.0339255 0.0342953 0.0516848 0.0383702 0.0289001 0.0387877 0.0271508 0.0330726 0.0303860 0.0262278 0.0320154 0.0301947 0.0424135 0.0397070 0.0483038 0.0271987 0.0057888 0.0057888 
Notoryctidae_Notoryctes_typhlops             0.0290564 0.0000000 0.0567373 0.0387104 0.0382427 0.0316659 0.0305144 0.0287063 0.0391563 0.0345240 0.0276715 0.0331685 0.0321214 0.0310441 0.0369459 0.0329059 0.0317329 0.0300852 0.0336787 0.0380735 0.0346416 0.0367850 0.0315108 0.0330320 0.0291144 0.0312261 0.0383564 0.0306233 0.0404070 0.0334088 0.0288448 0.0335945 0.0319194 0.0351070 0.0276454 0.0085170 0.0085170 
Vombatidae_Lasiorhinus_latifrons             0.0362677 0.0567373 0.0000000 0.0435005 0.0439230 0.0525497 0.0408920 0.0332311 0.0487209 0.0572565 0.0318596 0.0496616 0.0564459 0.0447101 0.0420708 0.0518452 0.0533820 0.0563703 0.0617284 0.0396124 0.0447638 0.0727490 0.0468770 0.0375749 0.0545063 0.0341888 0.0412354 0.0418097 0.0551401 0.0423112 0.0386190 0.0566111 0.0526590 0.0624203 0.0525396 9.0000000 9.0000000 
Potoroidae_Bettongia_penicillata             0.0381917 0.0387104 0.0435005 0.0000000 0.0041278 0.0546806 0.0453307 0.0400024 0.0121029 0.0616027 0.0395456 0.0555261 0.0592019 0.0462152 0.0458121 0.0554525 0.0557146 0.0563554 0.0631096 0.0199744 0.0496171 0.0676854 0.0537342 0.0356658 0.0502984 0.0420780 0.0196940 0.0463074 0.0380067 0.0462638 0.0431617 0.0607932 0.0556445 0.0655154 0.0385846 0.0112520 0.0112520 
Potoroidae_Bettongia_lesueur                 0.0374390 0.0382427 0.0439230 0.0041278 0.0000000 0.0548083 0.0448128 0.0391771 0.0131268 0.0627083 0.0380556 0.0556206 0.0590292 0.0456029 0.0452748 0.0558535 0.0555559 0.0565285 0.0641973 0.0202582 0.0487014 0.0681222 0.0532526 0.0357029 0.0514497 0.0417626 0.0194514 0.0453366 0.0376146 0.0454007 0.0425815 0.0619182 0.0557750 0.0666112 0.0381663 0.0112625 0.0112625 
Dasyuridae_Dasyurus_maculatus                0.0405550 0.0316659 0.0525497 0.0546806 0.0548083 0.0000000 0.0503059 0.0428826 0.0561571 0.0528332 0.0420695 0.0099329 0.0160947 0.0515139 0.0453417 0.0106992 0.0036631 0.0145843 0.0565308 0.0517740 0.0479967 0.0624969 0.0094936 0.0465788 0.0427511 0.0428503 0.0511489 0.0445599 0.0371562 0.0466305 0.0486289 0.0540905 0.0014539 0.0556930 0.0342156 0.0081251 0.0081251 
Phalangeridae_Trichosurus_vulpecula          0.0298704 0.0305144 0.0408920 0.0453307 0.0448128 0.0503059 0.0000000 0.0164383 0.0449587 0.0532493 0.0166577 0.0508062 0.0538623 0.0232293 0.0395363 0.0511574 0.0510218 0.0499078 0.0537397 0.0409069 0.0396038 0.0553093 0.0490652 0.0342943 0.0406822 0.0342537 0.0408796 0.0360934 0.0339805 0.0391936 0.0202918 0.0507402 0.0500229 0.0561010 0.0336316 0.0079263 0.0079263 
Phalangeridae_Spilocuscus_maculatus          0.0255208 0.0287063 0.0332311 0.0400024 0.0391771 0.0428826 0.0164383 0.0000000 0.0390645 0.0506657 0.0088965 0.0430906 0.0462249 0.0161226 0.0359847 0.0435262 0.0436126 0.0422066 0.0494644 0.0349498 0.0354126 0.0524621 0.0410571 0.0296315 0.0390568 0.0293810 0.0343352 0.0302712 0.0286538 0.0344126 0.0130535 0.0481167 0.0425996 0.0522024 0.0286032 0.0070664 0.0070664 
Potoroidae_Aepyprymnus_rufescens             0.0392730 0.0391563 0.0487209 0.0121029 0.0131268 0.0561571 0.0449587 0.0390645 0.0000000 0.0634600 0.0391780 0.0566753 0.0597618 0.0470058 0.0454231 0.0570011 0.0568895 0.0576571 0.0656538 0.0212469 0.0504093 0.0682095 0.0545990 0.0355638 0.0538718 0.0413305 0.0206968 0.0452881 0.0389587 0.0452845 0.0439104 0.0631120 0.0565197 0.0673204 0.0378236 0.0102759 0.0102759 
Peramelidae_Perameles_nasuta                 0.0451414 0.0345240 0.0572565 0.0616027 0.0627083 0.0528332 0.0532493 0.0506657 0.0634600 0.0000000 0.0488279 0.0524284 0.0545822 0.0561466 0.0533234 0.0531013 0.0532833 0.0522404 0.0088278 0.0587068 0.0532341 0.0648392 0.0509200 0.0530815 0.0491324 0.0481649 0.0570984 0.0512410 0.0387361 0.0528918 0.0533274 0.0084720 0.0531976 0.0002461 0.0334493 0.0090932 0.0090932 
Phalangeridae_Strigocuscus_pelengensis       0.0255514 0.0276715 0.0318596 0.0395456 0.0380556 0.0420695 0.0166577 0.0088965 0.0391780 0.0488279 0.0000000 0.0431687 0.0463768 0.0143113 0.0348522 0.0436111 0.0434249 0.0422965 0.0480724 0.0344403 0.0343832 0.0518442 0.0397670 0.0282125 0.0407019 0.0292764 0.0341629 0.0289179 0.0280717 0.0333276 0.0112921 0.0466097 0.0421143 0.0503613 0.0285506 0.0072076 0.0072076 
Dasyuridae_Phascogale_tapoatafa              0.0404725 0.0331685 0.0496616 0.0555261 0.0556206 0.0099329 0.0508062 0.0430906 0.0566753 0.0524284 0.0431687 0.0000000 0.0160694 0.0517485 0.0455644 0.0026781 0.0104701 0.0148370 0.0557437 0.0519989 0.0481622 0.0608548 0.0061900 0.0470659 0.0446210 0.0436395 0.0513648 0.0457836 0.0363310 0.0459341 0.0479481 0.0526790 0.0104511 0.0555670 0.0345277 0.0084237 0.0084237 
Dasyuridae_Sminthopsis_macroura              0.0413825 0.0321214 0.0564459 0.0592019 0.0590292 0.0160947 0.0538623 0.0462249 0.0597618 0.0545822 0.0463768 0.0160694 0.0000000 0.0545579 0.0488900 0.0168568 0.0169212 0.0139991 0.0580372 0.0559746 0.0498160 0.0617126 0.0159361 0.0491858 0.0451997 0.0454554 0.0553404 0.0448155 0.0366436 0.0474576 0.0512451 0.0545947 0.0158508 0.0574354 0.0329720 0.0082796 0.0082796 
Phalangeridae_Phalanger_orientalis           0.0332025 0.0310441 0.0447101 0.0462152 0.0456029 0.0515139 0.0232293 0.0161226 0.0470058 0.0561466 0.0143113 0.0517485 0.0545579 0.0000000 0.0429924 0.0521042 0.0519458 0.0507491 0.0578737 0.0423275 0.0418641 0.0597633 0.0496305 0.0364654 0.0492397 0.0364293 0.0428869 0.0340723 0.0345598 0.0417226 0.0100464 0.0554953 0.0512692 0.0582946 0.0348351 0.0080720 0.0080720 
Acrobatidae_Acrobates_pygmaeus               0.0340934 0.0369459 0.0420708 0.0458121 0.0452748 0.0453417 0.0395363 0.0359847 0.0454231 0.0533234 0.0348522 0.0455644 0.0488900 0.0429924 0.0000000 0.0462021 0.0463523 0.0461528 0.0545012 0.0418842 0.0379078 0.0611268 0.0446943 0.0375199 0.0476964 0.0311289 0.0408184 0.0347684 0.0265536 0.0233987 0.0406088 0.0531908 0.0456854 0.0562470 0.0325836 0.0082830 0.0082830 
Dasyuridae_Phascogale_calura                 0.0410832 0.0329059 0.0518452 0.0554525 0.0558535 0.0106992 0.0511574 0.0435262 0.0570011 0.0531013 0.0436111 0.0026781 0.0168568 0.0521042 0.0462021 0.0000000 0.0114957 0.0148481 0.0564248 0.0526445 0.0484771 0.0624955 0.0066952 0.0474058 0.0452681 0.0442636 0.0517149 0.0460898 0.0373131 0.0462667 0.0485800 0.0530095 0.0112200 0.0562438 0.0362749 0.0084305 0.0084305 
Dasyuridae_Sarcophilus_harrisii              0.0409354 0.0317329 0.0533820 0.0557146 0.0555559 0.0036631 0.0510218 0.0436126 0.0568895 0.0532833 0.0434249 0.0104701 0.0169212 0.0519458 0.0463523 0.0114957 0.0000000 0.0148863 0.0569928 0.0522013 0.0471361 0.0620156 0.0100234 0.0469880 0.0421634 0.0426625 0.0515740 0.0436052 0.0374431 0.0457755 0.0490447 0.0542362 0.0046533 0.0561492 0.0330343 0.0082762 0.0082762 
Dasyuridae_Planigale_tenuirostris            0.0406445 0.0300852 0.0563703 0.0563554 0.0565285 0.0145843 0.0499078 0.0422066 0.0576571 0.0522404 0.0422965 0.0148370 0.0139991 0.0507491 0.0461528 0.0148481 0.0148863 0.0000000 0.0556373 0.0520353 0.0476511 0.0605120 0.0140066 0.0475093 0.0462733 0.0436721 0.0510119 0.0435400 0.0360209 0.0459467 0.0480206 0.0525590 0.0146017 0.0534354 0.0324968 0.0070164 0.0070164 
Peramelidae_Echymipera_kalubu                0.0453534 0.0336787 0.0617284 0.0631096 0.0641973 0.0565308 0.0537397 0.0494644 0.0656538 0.0088278 0.0480724 0.0557437 0.0580372 0.0578737 0.0545012 0.0564248 0.0569928 0.0556373 0.0000000 0.0598879 0.0557606 0.0683676 0.0534317 0.0548846 0.0516215 0.0505390 0.0582723 0.0530827 0.0382380 0.0556109 0.0557852 0.0069046 0.0562453 0.0089567 0.0364610 0.0086918 0.0086918 
Macropodidae_Dorcopsulus_vanheurni           0.0339255 0.0380735 0.0396124 0.0199744 0.0202582 0.0517740 0.0409069 0.0349498 0.0212469 0.0587068 0.0344403 0.0519989 0.0559746 0.0423275 0.0418842 0.0526445 0.0522013 0.0520353 0.0598879 0.0000000 0.0445401 0.0635100 0.0499303 0.0324998 0.0476114 0.0374147 0.0066300 0.0418109 0.0332403 0.0426746 0.0393909 0.0568807 0.0515002 0.0622454 0.0354942 0.0099873 0.0099873 
Pseudochiridae_Pseudochirulus_forbesi        0.0342953 0.0346416 0.0447638 0.0496171 0.0487014 0.0479967 0.0396038 0.0354126 0.0504093 0.0532341 0.0343832 0.0481622 0.0498160 0.0418641 0.0379078 0.0484771 0.0471361 0.0476511 0.0557606 0.0445401 0.0000000 0.0628128 0.0458862 0.0397929 0.0487770 0.0208213 0.0439355 0.0126553 0.0249753 0.0377996 0.0383102 0.0516516 0.0483484 0.0570306 0.0321471 0.0069449 0.0069449 
Marmosidae_Monodelphis_domestica             0.0516848 0.0367850 0.0727490 0.0676854 0.0681222 0.0624969 0.0553093 0.0524621 0.0682095 0.0648392 0.0518442 0.0608548 0.0617126 0.0597633 0.0611268 0.0624955 0.0620156 0.0605120 0.0683676 0.0635100 0.0628128 0.0000000 0.0607912 0.0583641 0.0531345 0.0565787 0.0622049 0.0552385 0.0445017 0.0596843 0.0573021 0.0620121 0.0615837 0.0693871 0.0122967 0.0087844 0.0087844 
Dasyuridae_Antechinus_stuartii               0.0383702 0.0315108 0.0468770 0.0537342 0.0532526 0.0094936 0.0490652 0.0410571 0.0545990 0.0509200 0.0397670 0.0061900 0.0159361 0.0496305 0.0446943 0.0066952 0.0100234 0.0140066 0.0534317 0.0499303 0.0458862 0.0607912 0.0000000 0.0438786 0.0446090 0.0424208 0.0487004 0.0444893 0.0345987 0.0438692 0.0462231 0.0508661 0.0100140 0.0537665 0.0348415 0.0080032 0.0080032 
Hypsiprymnodontidae_Hypsiprymnodon_moschatus 0.0289001 0.0330320 0.0375749 0.0356658 0.0357029 0.0465788 0.0342943 0.0296315 0.0355638 0.0530815 0.0282125 0.0470659 0.0491858 0.0364654 0.0375199 0.0474058 0.0469880 0.0475093 0.0548846 0.0324998 0.0397929 0.0583641 0.0438786 0.0000000 0.0440746 0.0328462 0.0319735 0.0370133 0.0325355 0.0386818 0.0339715 0.0525029 0.0469174 0.0565649 0.0326996 0.0082490 0.0082490 
Microbiotheriidae_Dromiciops_gliroides       0.0387877 0.0291144 0.0545063 0.0502984 0.0514497 0.0427511 0.0406822 0.0390568 0.0538718 0.0491324 0.0407019 0.0446210 0.0451997 0.0492397 0.0476964 0.0452681 0.0421634 0.0462733 0.0516215 0.0476114 0.0487770 0.0531345 0.0446090 0.0440746 0.0000000 0.0417974 0.0485630 0.0465375 0.0357893 0.0450366 0.0455127 0.0493767 0.0430814 0.0511973 0.0261621 0.0067302 0.0067302 
Pseudochiridae_Petauroides_volans            0.0271508 0.0312261 0.0341888 0.0420780 0.0417626 0.0428503 0.0342537 0.0293810 0.0413305 0.0481649 0.0292764 0.0436395 0.0454554 0.0364293 0.0311289 0.0442636 0.0426625 0.0436721 0.0505390 0.0374147 0.0208213 0.0565787 0.0424208 0.0328462 0.0417974 0.0000000 0.0371213 0.0190983 0.0219335 0.0308728 0.0330729 0.0467294 0.0428974 0.0513397 0.0296809 0.0072351 0.0072351 
Macropodidae_Wallabia_bicolor                0.0330726 0.0383564 0.0412354 0.0196940 0.0194514 0.0511489 0.0408796 0.0343352 0.0206968 0.0570984 0.0341629 0.0513648 0.0553404 0.0428869 0.0408184 0.0517149 0.0515740 0.0510119 0.0582723 0.0066300 0.0439355 0.0622049 0.0487004 0.0319735 0.0485630 0.0371213 0.0000000 0.0417641 0.0330167 0.0420987 0.0399579 0.0558971 0.0508754 0.0606247 0.0363271 0.0095128 0.0095128 
Pseudochiridae_Pseudocheirus_occidentalis    0.0303860 0.0306233 0.0418097 0.0463074 0.0453366 0.0445599 0.0360934 0.0302712 0.0452881 0.0512410 0.0289179 0.0457836 0.0448155 0.0340723 0.0347684 0.0460898 0.0436052 0.0435400 0.0530827 0.0418109 0.0126553 0.0552385 0.0444893 0.0370133 0.0465375 0.0190983 0.0417641 0.0000000 0.0247395 0.0317597 0.0309582 0.0488567 0.0439653 0.0534722 0.0287424 0.0066224 0.0066224 
Tarsipedidae_Tarsipes_rostratus              0.0262278 0.0404070 0.0551401 0.0380067 0.0376146 0.0371562 0.0339805 0.0286538 0.0389587 0.0387361 0.0280717 0.0363310 0.0366436 0.0345598 0.0265536 0.0373131 0.0374431 0.0360209 0.0382380 0.0332403 0.0249753 0.0445017 0.0345987 0.0325355 0.0357893 0.0219335 0.0330167 0.0247395 0.0000000 0.0258540 0.0319687 0.0369207 0.0369580 0.0409785 0.0273588 0.0077223 0.0077223 
Acrobatidae_Distoechurus_pennatus            0.0320154 0.0334088 0.0423112 0.0462638 0.0454007 0.0466305 0.0391936 0.0344126 0.0452845 0.0528918 0.0333276 0.0459341 0.0474576 0.0417226 0.0233987 0.0462667 0.0457755 0.0459467 0.0556109 0.0426746 0.0377996 0.0596843 0.0438692 0.0386818 0.0450366 0.0308728 0.0420987 0.0317597 0.0258540 0.0000000 0.0373431 0.0515200 0.0457668 0.0563895 0.0321322 0.0078248 0.0078248 
Phalangeridae_Phalanger_carmelitae           0.0301947 0.0288448 0.0386190 0.0431617 0.0425815 0.0486289 0.0202918 0.0130535 0.0439104 0.0533274 0.0112921 0.0479481 0.0512451 0.0100464 0.0406088 0.0485800 0.0490447 0.0480206 0.0557852 0.0393909 0.0383102 0.0573021 0.0462231 0.0339715 0.0455127 0.0330729 0.0399579 0.0309582 0.0319687 0.0373431 0.0000000 0.0518769 0.0483866 0.0568522 0.0335752 0.0080680 0.0080680 
Peramelidae_Peroryctes_raffrayana            0.0424135 0.0335945 0.0566111 0.0607932 0.0619182 0.0540905 0.0507402 0.0481167 0.0631120 0.0084720 0.0466097 0.0526790 0.0545947 0.0554953 0.0531908 0.0530095 0.0542362 0.0525590 0.0069046 0.0568807 0.0516516 0.0620121 0.0508661 0.0525029 0.0493767 0.0467294 0.0558971 0.0488567 0.0369207 0.0515200 0.0518769 0.0000000 0.0534771 0.0084339 0.0338245 0.0084172 0.0084172 
Dasyuridae_Dasyurus_geffroii                 0.0397070 0.0319194 0.0526590 0.0556445 0.0557750 0.0014539 0.0500229 0.0425996 0.0565197 0.0531976 0.0421143 0.0104511 0.0158508 0.0512692 0.0456854 0.0112200 0.0046533 0.0146017 0.0562453 0.0515002 0.0483484 0.0615837 0.0100140 0.0469174 0.0430814 0.0428974 0.0508754 0.0439653 0.0369580 0.0457668 0.0483866 0.0534771 0.0000000 0.0560650 0.0342121 0.0079738 0.0079738 
Peramelidae_Perameles_gunnii                 0.0483038 0.0351070 0.0624203 0.0655154 0.0666112 0.0556930 0.0561010 0.0522024 0.0673204 0.0002461 0.0503613 0.0555670 0.0574354 0.0582946 0.0562470 0.0562438 0.0561492 0.0534354 0.0089567 0.0622454 0.0570306 0.0693871 0.0537665 0.0565649 0.0511973 0.0513397 0.0606247 0.0534722 0.0409785 0.0563895 0.0568522 0.0084339 0.0560650 0.0000000 0.0354762 0.0095740 0.0095740 
Didelphidae_Didelphis_virginiana             0.0271987 0.0276454 0.0525396 0.0385846 0.0381663 0.0342156 0.0336316 0.0286032 0.0378236 0.0334493 0.0285506 0.0345277 0.0329720 0.0348351 0.0325836 0.0362749 0.0330343 0.0324968 0.0364610 0.0354942 0.0321471 0.0122967 0.0348415 0.0326996 0.0261621 0.0296809 0.0363271 0.0287424 0.0273588 0.0321322 0.0335752 0.0338245 0.0342121 0.0354762 0.0000000 0.0092497 0.0092497 
Vombatidae_Vombatus_ursinus1                 0.0057888 0.0085170 9.0000000 0.0112520 0.0112625 0.0081251 0.0079263 0.0070664 0.0102759 0.0090932 0.0072076 0.0084237 0.0082796 0.0080720 0.0082830 0.0084305 0.0082762 0.0070164 0.0086918 0.0099873 0.0069449 0.0087844 0.0080032 0.0082490 0.0067302 0.0072351 0.0095128 0.0066224 0.0077223 0.0078248 0.0080680 0.0084172 0.0079738 0.0095740 0.0092497 0.0000000 0.0000010 
Vombatidae_Vombatus_ursinus2                 0.0057888 0.0085170 9.0000000 0.0112520 0.0112625 0.0081251 0.0079263 0.0070664 0.0102759 0.0090932 0.0072076 0.0084237 0.0082796 0.0080720 0.0082830 0.0084305 0.0082762 0.0070164 0.0086918 0.0099873 0.0069449 0.0087844 0.0080032 0.0082490 0.0067302 0.0072351 0.0095128 0.0066224 0.0077223 0.0078248 0.0080680 0.0084172 0.0079738 0.0095740 0.0092497 0.0000010 0.0000000 
