35
Burramyidae_Burramys_parvus                  0.0000000 0.0632522 0.0594947 0.0582195 0.0557011 0.0887980 0.0444091 0.0500114 0.0565301 0.0919396 0.0478553 0.0887116 0.0921084 0.0521102 0.0504019 0.0887336 0.0913395 0.1007371 0.0875439 0.0513847 0.0567796 0.0860301 0.0858757 0.0834950 0.0484488 0.0662279 0.0567780 0.0496776 0.0618507 0.0846751 0.0594147 0.0541877 0.0939165 0.0890494 0.0903709 
Notoryctidae_Notoryctes_typhlops             0.0632522 0.0000000 0.0726210 0.0786701 0.0748580 0.1094065 0.0645459 0.0698086 0.0763953 0.0929917 0.0669034 0.1052865 0.1095122 0.0713673 0.0691137 0.1054426 0.1090573 0.1183460 0.0907189 0.0734878 0.0789042 0.0955276 0.0957750 0.1036310 0.0675176 0.0789709 0.0749889 0.0706664 0.0755794 0.1036220 0.0748575 0.0733639 0.0939023 0.1097947 0.0948930 
Vombatidae_Lasiorhinus_latifrons             0.0594947 0.0726210 0.0000000 0.0715741 0.0680564 0.1032169 0.0597467 0.0643082 0.0704959 0.1020786 0.0616909 0.1030936 0.1094833 0.0670332 0.0646482 0.1033004 0.1066071 0.1202142 0.0959924 0.0665135 0.0747298 0.1012343 0.0950617 0.0978884 0.0599646 0.0792641 0.0707184 0.0624909 0.0754829 0.0933113 0.0701271 0.0680509 0.1053657 0.1057559 0.1028388 
Potoroidae_Bettongia_penicillata             0.0582195 0.0786701 0.0715741 0.0000000 0.0044237 0.1016124 0.0569563 0.0603172 0.0138817 0.0990581 0.0598606 0.1026737 0.1078078 0.0643498 0.0607252 0.1028317 0.1017180 0.1146159 0.0957146 0.0219151 0.0706446 0.1024813 0.0960523 0.0994057 0.0389559 0.0764460 0.0636351 0.0210894 0.0725861 0.0888408 0.0688067 0.0657394 0.1065958 0.1004618 0.1002291 
Potoroidae_Bettongia_lesueur                 0.0557011 0.0748580 0.0680564 0.0044237 0.0000000 0.0988898 0.0537476 0.0570661 0.0120703 0.0976926 0.0566060 0.1000651 0.1054876 0.0610312 0.0571868 0.1002611 0.0989918 0.1124393 0.0926447 0.0190589 0.0673184 0.0983798 0.0929143 0.0971549 0.0360368 0.0731879 0.0604675 0.0185340 0.0673793 0.0868402 0.0656923 0.0624014 0.1013342 0.0977598 0.0988596 
Dasyuridae_Dasyurus_maculatus                0.0887980 0.1094065 0.1032169 0.1016124 0.0988898 0.0000000 0.0916320 0.0974609 0.1026152 0.1340991 0.0929432 0.0213965 0.0311057 0.0987779 0.0911663 0.0214354 0.0051092 0.0358732 0.1285912 0.0957008 0.1093875 0.1203789 0.1234544 0.0199757 0.0938831 0.1010481 0.1024823 0.0955136 0.1109753 0.1296961 0.1023691 0.0991534 0.1387830 0.0033297 0.1313565 
Phalangeridae_Trichosurus_vulpecula          0.0444091 0.0645459 0.0597467 0.0569563 0.0537476 0.0916320 0.0000000 0.0177136 0.0562420 0.0923321 0.0158541 0.0906330 0.0940243 0.0196609 0.0550609 0.0903398 0.0927276 0.1040204 0.0848600 0.0510070 0.0626827 0.0874830 0.0888806 0.0868368 0.0495991 0.0701207 0.0594126 0.0493632 0.0643007 0.0864968 0.0597882 0.0207779 0.0917488 0.0906348 0.0912036 
Phalangeridae_Spilocuscus_maculatus          0.0500114 0.0698086 0.0643082 0.0603172 0.0570661 0.0974609 0.0177136 0.0000000 0.0621858 0.0951051 0.0096104 0.0947325 0.0986910 0.0136618 0.0571183 0.0956704 0.0980527 0.1089020 0.0882690 0.0568643 0.0677416 0.0935468 0.0923148 0.0894939 0.0541366 0.0722733 0.0644073 0.0544651 0.0673342 0.0897686 0.0642289 0.0141728 0.0959210 0.0972299 0.0943728 
Potoroidae_Aepyprymnus_rufescens             0.0565301 0.0763953 0.0704959 0.0138817 0.0120703 0.1026152 0.0562420 0.0621858 0.0000000 0.0982803 0.0599550 0.1042490 0.1074043 0.0647648 0.0577545 0.1044541 0.1036352 0.1142580 0.0948282 0.0225134 0.0667160 0.1004048 0.0952187 0.0986346 0.0383299 0.0766622 0.0636489 0.0211039 0.0686119 0.0926954 0.0665733 0.0661573 0.1033288 0.1019051 0.1012256 
Peramelidae_Perameles_nasuta                 0.0919396 0.0929917 0.1020786 0.0990581 0.0976926 0.1340991 0.0923321 0.0951051 0.0982803 0.0000000 0.0933743 0.1374629 0.1362298 0.0961289 0.0975399 0.1364112 0.1354605 0.1457209 0.0158438 0.0960775 0.1083569 0.1233979 0.1178175 0.1310960 0.0911614 0.1038719 0.1063787 0.0937412 0.1051102 0.1311618 0.1050512 0.0964311 0.0190063 0.1354274 0.0045337 
Phalangeridae_Strigocuscus_pelengensis       0.0478553 0.0669034 0.0616909 0.0598606 0.0566060 0.0929432 0.0158541 0.0096104 0.0599550 0.0933743 0.0000000 0.0924721 0.0955059 0.0103634 0.0582291 0.0926530 0.0931250 0.1079164 0.0854515 0.0542760 0.0661938 0.0907746 0.0903066 0.0874209 0.0505012 0.0705276 0.0635540 0.0518937 0.0668553 0.0875936 0.0636044 0.0105982 0.0938220 0.0923358 0.0918439 
Dasyuridae_Phascogale_tapoatafa              0.0887116 0.1052865 0.1030936 0.1026737 0.1000651 0.0213965 0.0906330 0.0947325 0.1042490 0.1374629 0.0924721 0.0000000 0.0259460 0.0986710 0.0935360 0.0029002 0.0205909 0.0365436 0.1304066 0.0973311 0.1076259 0.1159262 0.1231046 0.0091781 0.0937151 0.0982842 0.1015262 0.0970540 0.1093194 0.1270179 0.1054790 0.0990457 0.1395359 0.0213755 0.1348638 
Dasyuridae_Sminthopsis_macroura              0.0921084 0.1095122 0.1094833 0.1078078 0.1054876 0.0311057 0.0940243 0.0986910 0.1074043 0.1362298 0.0955059 0.0259460 0.0000000 0.1018082 0.0919117 0.0271697 0.0305860 0.0314654 0.1295346 0.1013161 0.1112120 0.1209822 0.1262001 0.0247938 0.0998114 0.1029154 0.1051670 0.0992733 0.1124445 0.1334592 0.1068818 0.1021885 0.1395349 0.0304480 0.1329198 
Phalangeridae_Phalanger_orientalis           0.0521102 0.0713673 0.0670332 0.0643498 0.0610312 0.0987779 0.0196609 0.0136618 0.0647648 0.0961289 0.0103634 0.0986710 0.1018082 0.0000000 0.0606414 0.0988070 0.1002650 0.1140075 0.0900575 0.0593567 0.0677053 0.0949121 0.0921163 0.0939491 0.0548621 0.0747119 0.0644380 0.0583840 0.0680920 0.0915245 0.0651515 0.0041989 0.0979284 0.0994267 0.0949531 
Acrobatidae_Acrobates_pygmaeus               0.0504019 0.0691137 0.0646482 0.0607252 0.0571868 0.0911663 0.0550609 0.0571183 0.0577545 0.0975399 0.0582291 0.0935360 0.0919117 0.0606414 0.0000000 0.0935612 0.0928293 0.0966114 0.0906356 0.0531689 0.0525645 0.0910993 0.0890262 0.0883253 0.0505417 0.0702168 0.0503236 0.0533564 0.0508712 0.0797341 0.0363765 0.0621931 0.0966278 0.0896185 0.0935895 
Dasyuridae_Phascogale_calura                 0.0887336 0.1054426 0.1033004 0.1028317 0.1002611 0.0214354 0.0903398 0.0956704 0.1044541 0.1364112 0.0926530 0.0029002 0.0271697 0.0988070 0.0935612 0.0000000 0.0212075 0.0372276 0.1297385 0.0975227 0.1078391 0.1155246 0.1233530 0.0101939 0.0938996 0.0970627 0.1012791 0.0972453 0.1094142 0.1288645 0.1066124 0.0992399 0.1392001 0.0219960 0.1334550 
Dasyuridae_Sarcophilus_harrisii              0.0913395 0.1090573 0.1066071 0.1017180 0.0989918 0.0051092 0.0927276 0.0980527 0.1036352 0.1354605 0.0931250 0.0205909 0.0305860 0.1002650 0.0928293 0.0212075 0.0000000 0.0370279 0.1288753 0.0971766 0.1105492 0.1192712 0.1253679 0.0197456 0.0961954 0.1014015 0.1024553 0.0969910 0.1123453 0.1318863 0.1039061 0.1006430 0.1391127 0.0046562 0.1322450 
Dasyuridae_Planigale_tenuirostris            0.1007371 0.1183460 0.1202142 0.1146159 0.1124393 0.0358732 0.1040204 0.1089020 0.1142580 0.1457209 0.1079164 0.0365436 0.0314654 0.1140075 0.0966114 0.0372276 0.0370279 0.0000000 0.1401229 0.1083043 0.1182597 0.1326305 0.1397798 0.0366293 0.1050045 0.1124862 0.1108619 0.1054881 0.1192658 0.1401960 0.1142241 0.1142817 0.1525812 0.0368571 0.1403874 
Peramelidae_Echymipera_kalubu                0.0875439 0.0907189 0.0959924 0.0957146 0.0926447 0.1285912 0.0848600 0.0882690 0.0948282 0.0158438 0.0854515 0.1304066 0.1295346 0.0900575 0.0906356 0.1297385 0.1288753 0.1401229 0.0000000 0.0905414 0.1017410 0.1172597 0.1116535 0.1242480 0.0841687 0.0946180 0.0958897 0.0886722 0.1006242 0.1243440 0.0997600 0.0899205 0.0124540 0.1294376 0.0152224 
Macropodidae_Dorcopsulus_vanheurni           0.0513847 0.0734878 0.0665135 0.0219151 0.0190589 0.0957008 0.0510070 0.0568643 0.0225134 0.0960775 0.0542760 0.0973311 0.1013161 0.0593567 0.0531689 0.0975227 0.0971766 0.1083043 0.0905414 0.0000000 0.0642539 0.0969217 0.0926176 0.0934817 0.0352031 0.0739334 0.0594085 0.0071798 0.0648844 0.0839354 0.0631264 0.0614610 0.0989572 0.0959042 0.0962483 
Pseudochiridae_Pseudochirulus_forbesi        0.0567796 0.0789042 0.0747298 0.0706446 0.0673184 0.1093875 0.0626827 0.0677416 0.0667160 0.1083569 0.0661938 0.1076259 0.1112120 0.0677053 0.0525645 0.1078391 0.1105492 0.1182597 0.1017410 0.0642539 0.0000000 0.1042055 0.1019915 0.1052109 0.0610240 0.0862780 0.0369465 0.0614633 0.0169075 0.0713860 0.0607830 0.0714553 0.1140914 0.1081707 0.1076556 
Didelphidae_Didelphis_virginiana             0.0860301 0.0955276 0.1012343 0.1024813 0.0983798 0.1203789 0.0874830 0.0935468 0.1004048 0.1233979 0.0907746 0.1159262 0.1209822 0.0949121 0.0910993 0.1155246 0.1192712 0.1326305 0.1172597 0.0969217 0.1042055 0.0000000 0.0346350 0.1116648 0.0906409 0.0966358 0.0985168 0.0936137 0.1027560 0.1337784 0.1021194 0.0956846 0.1250276 0.1197650 0.1215187 
Marmosidae_Monodelphis_domestica             0.0858757 0.0957750 0.0950617 0.0960523 0.0929143 0.1234544 0.0888806 0.0923148 0.0952187 0.1178175 0.0903066 0.1231046 0.1262001 0.0921163 0.0890262 0.1233530 0.1253679 0.1397798 0.1116535 0.0926176 0.1019915 0.0346350 0.0000000 0.1161987 0.0854434 0.0920375 0.0966096 0.0906879 0.1014577 0.1264601 0.1005244 0.0928690 0.1198900 0.1254092 0.1140240 
Dasyuridae_Antechinus_stuartii               0.0834950 0.1036310 0.0978884 0.0994057 0.0971549 0.0199757 0.0868368 0.0894939 0.0986346 0.1310960 0.0874209 0.0091781 0.0247938 0.0939491 0.0883253 0.0101939 0.0197456 0.0366293 0.1242480 0.0934817 0.1052109 0.1116648 0.1161987 0.0000000 0.0895275 0.0976961 0.0987291 0.0928160 0.1055512 0.1224318 0.1002799 0.0938855 0.1338772 0.0199561 0.1275866 
Hypsiprymnodontidae_Hypsiprymnodon_moschatus 0.0484488 0.0675176 0.0599646 0.0389559 0.0360368 0.0938831 0.0495991 0.0541366 0.0383299 0.0911614 0.0505012 0.0937151 0.0998114 0.0548621 0.0505417 0.0938996 0.0961954 0.1050045 0.0841687 0.0352031 0.0610240 0.0906409 0.0854434 0.0895275 0.0000000 0.0701588 0.0576084 0.0339816 0.0634293 0.0810122 0.0588522 0.0562132 0.0924933 0.0927794 0.0905067 
Microbiotheriidae_Dromiciops_gliroides       0.0662279 0.0789709 0.0792641 0.0764460 0.0731879 0.1010481 0.0701207 0.0722733 0.0766622 0.1038719 0.0705276 0.0982842 0.1029154 0.0747119 0.0702168 0.0970627 0.1014015 0.1124862 0.0946180 0.0739334 0.0862780 0.0966358 0.0920375 0.0976961 0.0701588 0.0000000 0.0779527 0.0728162 0.0853629 0.1117984 0.0820316 0.0749288 0.1029319 0.1013139 0.1023893 
Pseudochiridae_Petauroides_volans            0.0567780 0.0749889 0.0707184 0.0636351 0.0604675 0.1024823 0.0594126 0.0644073 0.0636489 0.1063787 0.0635540 0.1015262 0.1051670 0.0644380 0.0503236 0.1012791 0.1024553 0.1108619 0.0958897 0.0594085 0.0369465 0.0985168 0.0966096 0.0987291 0.0576084 0.0779527 0.0000000 0.0584711 0.0369774 0.0664457 0.0555461 0.0673604 0.1035298 0.1018263 0.1064154 
Macropodidae_Wallabia_bicolor                0.0496776 0.0706664 0.0624909 0.0210894 0.0185340 0.0955136 0.0493632 0.0544651 0.0211039 0.0937412 0.0518937 0.0970540 0.0992733 0.0583840 0.0533564 0.0972453 0.0969910 0.1054881 0.0886722 0.0071798 0.0614633 0.0936137 0.0906879 0.0928160 0.0339816 0.0728162 0.0584711 0.0000000 0.0633521 0.0833052 0.0613916 0.0582941 0.0973017 0.0957177 0.0937912 
Pseudochiridae_Pseudocheirus_occidentalis    0.0618507 0.0755794 0.0754829 0.0725861 0.0673793 0.1109753 0.0643007 0.0673342 0.0686119 0.1051102 0.0668553 0.1093194 0.1124445 0.0680920 0.0508712 0.1094142 0.1123453 0.1192658 0.1006242 0.0648844 0.0169075 0.1027560 0.1014577 0.1055512 0.0634293 0.0853629 0.0369774 0.0633521 0.0000000 0.0695850 0.0603098 0.0712888 0.1092241 0.1096640 0.1060463 
Tarsipedidae_Tarsipes_rostratus              0.0846751 0.1036220 0.0933113 0.0888408 0.0868402 0.1296961 0.0864968 0.0897686 0.0926954 0.1311618 0.0875936 0.1270179 0.1334592 0.0915245 0.0797341 0.1288645 0.1318863 0.1401960 0.1243440 0.0839354 0.0713860 0.1337784 0.1264601 0.1224318 0.0810122 0.1117984 0.0664457 0.0833052 0.0695850 0.0000000 0.0794694 0.0926623 0.1331957 0.1305070 0.1302661 
Acrobatidae_Distoechurus_pennatus            0.0594147 0.0748575 0.0701271 0.0688067 0.0656923 0.1023691 0.0597882 0.0642289 0.0665733 0.1050512 0.0636044 0.1054790 0.1068818 0.0651515 0.0363765 0.1066124 0.1039061 0.1142241 0.0997600 0.0631264 0.0607830 0.1021194 0.1005244 0.1002799 0.0588522 0.0820316 0.0555461 0.0613916 0.0603098 0.0794694 0.0000000 0.0658061 0.1080668 0.1002994 0.1040284 
Phalangeridae_Phalanger_carmelitae           0.0541877 0.0733639 0.0680509 0.0657394 0.0624014 0.0991534 0.0207779 0.0141728 0.0661573 0.0964311 0.0105982 0.0990457 0.1021885 0.0041989 0.0621931 0.0992399 0.1006430 0.1142817 0.0899205 0.0614610 0.0714553 0.0956846 0.0928690 0.0938855 0.0562132 0.0749288 0.0673604 0.0582941 0.0712888 0.0926623 0.0658061 0.0000000 0.0982415 0.0989116 0.0952550 
Peramelidae_Peroryctes_raffrayana            0.0939165 0.0939023 0.1053657 0.1065958 0.1013342 0.1387830 0.0917488 0.0959210 0.1033288 0.0190063 0.0938220 0.1395359 0.1395349 0.0979284 0.0966278 0.1392001 0.1391127 0.1525812 0.0124540 0.0989572 0.1140914 0.1250276 0.1198900 0.1338772 0.0924933 0.1029319 0.1035298 0.0973017 0.1092241 0.1331957 0.1080668 0.0982415 0.0000000 0.1396890 0.0194530 
Dasyuridae_Dasyurus_geffroii                 0.0890494 0.1097947 0.1057559 0.1004618 0.0977598 0.0033297 0.0906348 0.0972299 0.1019051 0.1354274 0.0923358 0.0213755 0.0304480 0.0994267 0.0896185 0.0219960 0.0046562 0.0368571 0.1294376 0.0959042 0.1081707 0.1197650 0.1254092 0.0199561 0.0927794 0.1013139 0.1018263 0.0957177 0.1096640 0.1305070 0.1002994 0.0989116 0.1396890 0.0000000 0.1326792 
Peramelidae_Perameles_gunnii                 0.0903709 0.0948930 0.1028388 0.1002291 0.0988596 0.1313565 0.0912036 0.0943728 0.1012256 0.0045337 0.0918439 0.1348638 0.1329198 0.0949531 0.0935895 0.1334550 0.1322450 0.1403874 0.0152224 0.0962483 0.1076556 0.1215187 0.1140240 0.1275866 0.0905067 0.1023893 0.1064154 0.0937912 0.1060463 0.1302661 0.1040284 0.0952550 0.0194530 0.1326792 0.0000000 
