35
Burramyidae_Burramys_parvus                  0.0000000 0.1182587 0.0999651 0.0816296 0.0920298 0.1109233 0.0689534 0.0732270 0.0896710 0.1171438 0.0668643 0.1130832 0.1372694 0.0755198 0.0777457 0.1117695 0.1286497 0.1219679 0.1152902 0.0782790 0.0892131 0.1092207 0.1147857 0.1177883 0.0883329 0.0917586 0.0770319 0.0758663 0.0861060 0.1092963 0.0849273 0.0780603 0.1116192 0.1278788 0.1159691 
Notoryctidae_Notoryctes_typhlops             0.1182587 0.0000000 0.1210969 0.1260042 0.1294997 0.1187677 0.1146683 0.1163139 0.1326236 0.1132837 0.1120166 0.1224817 0.1405981 0.1223161 0.1287718 0.1194931 0.1383240 0.1274067 0.1188535 0.1232332 0.1263059 0.1063020 0.1312086 0.1237265 0.1273436 0.1107748 0.1203111 0.1226575 0.1269210 0.1451129 0.1223458 0.1219579 0.1110160 0.1356755 0.1135385 
Vombatidae_Lasiorhinus_latifrons             0.0999651 0.1210969 0.0000000 0.0956541 0.1064988 0.1082504 0.0862064 0.0900690 0.1074998 0.1169993 0.0801089 0.1132688 0.1363646 0.0935838 0.0996152 0.1120935 0.1340893 0.1160589 0.1139778 0.0933946 0.1033111 0.1109512 0.1228700 0.1184500 0.1032344 0.0977411 0.0952468 0.0919551 0.1020419 0.1269600 0.0927317 0.0946383 0.1100635 0.1264519 0.1169473 
Potoroidae_Bettongia_penicillata             0.0816296 0.1260042 0.0956541 0.0000000 0.0056078 0.1160041 0.0685462 0.0731701 0.0127813 0.1157377 0.0701241 0.1191954 0.1468366 0.0751481 0.0932610 0.1175806 0.1390801 0.1290657 0.1146076 0.0282675 0.0900955 0.0938494 0.1187293 0.1262283 0.0461661 0.1042123 0.0884511 0.0267388 0.0912449 0.1164273 0.0887910 0.0729633 0.1099737 0.1391719 0.1144138 
Potoroidae_Bettongia_lesueur                 0.0920298 0.1294997 0.1064988 0.0056078 0.0000000 0.1220247 0.0733511 0.0761292 0.0146249 0.1224296 0.0763712 0.1236842 0.1490734 0.0798673 0.0908029 0.1234654 0.1418685 0.1311388 0.1200245 0.0271180 0.0972167 0.1117642 0.1245404 0.1327560 0.0479728 0.1069780 0.0950325 0.0256467 0.0979600 0.1243714 0.0946979 0.0759778 0.1162791 0.1412934 0.1217073 
Dasyuridae_Dasyurus_maculatus                0.1109233 0.1187677 0.1082504 0.1160041 0.1220247 0.0000000 0.1019315 0.1073252 0.1231581 0.1119013 0.0986839 0.0254330 0.0407296 0.1092778 0.1210991 0.0241006 0.0146460 0.0395857 0.1083137 0.1153558 0.1127967 0.0947194 0.1363944 0.0287224 0.1144204 0.0931354 0.1140143 0.1106286 0.1117650 0.1461923 0.1143978 0.1124481 0.1047354 0.0096424 0.1123851 
Phalangeridae_Trichosurus_vulpecula          0.0689534 0.1146683 0.0862064 0.0685462 0.0733511 0.1019315 0.0000000 0.0276502 0.0724482 0.1067097 0.0396166 0.1094731 0.1334216 0.0307605 0.0701638 0.1081388 0.1261855 0.1176065 0.1072076 0.0675760 0.0766917 0.0986940 0.1002354 0.1105533 0.0680847 0.0882194 0.0739814 0.0664752 0.0770190 0.1055220 0.0773355 0.0305139 0.1018526 0.1243790 0.1064358 
Phalangeridae_Spilocuscus_maculatus          0.0732270 0.1163139 0.0900690 0.0731701 0.0761292 0.1073252 0.0276502 0.0000000 0.0781852 0.1102720 0.0265527 0.1142570 0.1416784 0.0177953 0.0782005 0.1129233 0.1301837 0.1225663 0.1092818 0.0705006 0.0808088 0.1009458 0.1077896 0.1153755 0.0729711 0.0930996 0.0750471 0.0712677 0.0802120 0.1094902 0.0808232 0.0160686 0.1051885 0.1300864 0.1090812 
Potoroidae_Aepyprymnus_rufescens             0.0896710 0.1326236 0.1074998 0.0127813 0.0146249 0.1231581 0.0724482 0.0781852 0.0000000 0.1230318 0.0776343 0.1229242 0.1488021 0.0802439 0.0891375 0.1227080 0.1421261 0.1300619 0.1189187 0.0275097 0.0975974 0.1110548 0.1232543 0.1311185 0.0487501 0.1083990 0.0936617 0.0263143 0.0971387 0.1234077 0.0961210 0.0763113 0.1164965 0.1415192 0.1223209 
Peramelidae_Perameles_nasuta                 0.1171438 0.1132837 0.1169993 0.1157377 0.1224296 0.1119013 0.1067097 0.1102720 0.1230318 0.0000000 0.1048688 0.1210426 0.1420001 0.1131452 0.1220306 0.1203060 0.1321283 0.1279079 0.0198875 0.1159149 0.1186364 0.0938601 0.1231997 0.1257281 0.1217778 0.1072063 0.1151590 0.1151543 0.1192399 0.1473578 0.1164046 0.1142505 0.0151340 0.1286133 0.0005930 
Phalangeridae_Strigocuscus_pelengensis       0.0668643 0.1120166 0.0801089 0.0701241 0.0763712 0.0986839 0.0396166 0.0265527 0.0776343 0.1048688 0.0000000 0.1039490 0.1307684 0.0321371 0.0755101 0.1027447 0.1245326 0.1134128 0.1021370 0.0687661 0.0698542 0.0931024 0.1041705 0.1072179 0.0788779 0.0854916 0.0628545 0.0695611 0.0691986 0.0956004 0.0726263 0.0322383 0.0992544 0.1211151 0.1048825 
Dasyuridae_Phascogale_tapoatafa              0.1130832 0.1224817 0.1132688 0.1191954 0.1236842 0.0254330 0.1094731 0.1142570 0.1229242 0.1210426 0.1039490 0.0000000 0.0407334 0.1163621 0.1195143 0.0051559 0.0307037 0.0391568 0.1174149 0.1199290 0.1185584 0.1011527 0.1370700 0.0163287 0.1219561 0.0978193 0.1145403 0.1131141 0.1151510 0.1456827 0.1137131 0.1195266 0.1136982 0.0253686 0.1221969 
Dasyuridae_Sminthopsis_macroura              0.1372694 0.1405981 0.1363646 0.1468366 0.1490734 0.0407296 0.1334216 0.1416784 0.1488021 0.1420001 0.1307684 0.0407334 0.0000000 0.1466909 0.1555319 0.0393514 0.0490952 0.0429767 0.1404336 0.1474929 0.1480371 0.1330308 0.1542436 0.0447873 0.1373693 0.1185093 0.1437474 0.1417715 0.1442342 0.1747254 0.1451672 0.1469212 0.1352060 0.0439606 0.1426696 
Phalangeridae_Phalanger_orientalis           0.0755198 0.1223161 0.0935838 0.0751481 0.0798673 0.1092778 0.0307605 0.0177953 0.0802439 0.1131452 0.0321371 0.1163621 0.1466909 0.0000000 0.0781829 0.1149912 0.1361936 0.1285331 0.1136905 0.0740914 0.0838226 0.1074080 0.1110772 0.1180359 0.0750904 0.0980744 0.0794524 0.0726667 0.0836378 0.1132914 0.0840377 0.0091606 0.1091678 0.1336046 0.1127230 
Acrobatidae_Acrobates_pygmaeus               0.0777457 0.1287718 0.0996152 0.0932610 0.0908029 0.1210991 0.0701638 0.0782005 0.0891375 0.1220306 0.0755101 0.1195143 0.1555319 0.0781829 0.0000000 0.1186299 0.1422718 0.1333418 0.1203097 0.0900717 0.0748416 0.1213826 0.1205268 0.1251615 0.0778698 0.1080633 0.0689543 0.0846061 0.0757233 0.0985553 0.0488682 0.0794514 0.1160710 0.1425069 0.1222673 
Dasyuridae_Phascogale_calura                 0.1117695 0.1194931 0.1120935 0.1175806 0.1234654 0.0241006 0.1081388 0.1129233 0.1227080 0.1203060 0.1027447 0.0051559 0.0393514 0.1149912 0.1186299 0.0000000 0.0289322 0.0368087 0.1166845 0.1183097 0.1171832 0.0976454 0.1362012 0.0150534 0.1199784 0.0950071 0.1145194 0.1119509 0.1139726 0.1437221 0.1125338 0.1181537 0.1129811 0.0249054 0.1214549 
Dasyuridae_Sarcophilus_harrisii              0.1286497 0.1383240 0.1340893 0.1390801 0.1418685 0.0146460 0.1261855 0.1301837 0.1421261 0.1321283 0.1245326 0.0307037 0.0490952 0.1361936 0.1422718 0.0289322 0.0000000 0.0415229 0.1278888 0.1386286 0.1383377 0.1401598 0.1533865 0.0331895 0.1308333 0.1141504 0.1348779 0.1353852 0.1408423 0.1694282 0.1350909 0.1371412 0.1278954 0.0169909 0.1322537 
Dasyuridae_Planigale_tenuirostris            0.1219679 0.1274067 0.1160589 0.1290657 0.1311388 0.0395857 0.1176065 0.1225663 0.1300619 0.1279079 0.1134128 0.0391568 0.0429767 0.1285331 0.1333418 0.0368087 0.0415229 0.0000000 0.1252366 0.1268233 0.1310957 0.0968831 0.1487410 0.0412501 0.1292153 0.1052000 0.1224496 0.1251053 0.1251787 0.1506086 0.1194623 0.1301386 0.1206620 0.0367063 0.1281736 
Peramelidae_Echymipera_kalubu                0.1152902 0.1188535 0.1139778 0.1146076 0.1200245 0.1083137 0.1072076 0.1092818 0.1189187 0.0198875 0.1021370 0.1174149 0.1404336 0.1136905 0.1203097 0.1166845 0.1278888 0.1252366 0.0000000 0.1134606 0.1178123 0.0978319 0.1213713 0.1220503 0.1200504 0.1040529 0.1176712 0.1149829 0.1188816 0.1445203 0.1149354 0.1148186 0.0163575 0.1255035 0.0206539 
Macropodidae_Dorcopsulus_vanheurni           0.0782790 0.1232332 0.0933946 0.0282675 0.0271180 0.1153558 0.0675760 0.0705006 0.0275097 0.1159149 0.0687661 0.1199290 0.1474929 0.0740914 0.0900717 0.1183097 0.1386286 0.1268233 0.1134606 0.0000000 0.0834875 0.0979934 0.1194066 0.1284117 0.0455624 0.1026692 0.0801150 0.0145696 0.0833708 0.1141790 0.0894990 0.0719122 0.1111102 0.1404769 0.1145847 
Pseudochiridae_Pseudochirulus_forbesi        0.0892131 0.1263059 0.1033111 0.0900955 0.0972167 0.1127967 0.0766917 0.0808088 0.0975974 0.1186364 0.0698542 0.1185584 0.1480371 0.0838226 0.0748416 0.1171832 0.1383377 0.1310957 0.1178123 0.0834875 0.0000000 0.1035124 0.1181584 0.1202050 0.0905180 0.1036417 0.0411237 0.0841194 0.0237378 0.0883866 0.0711813 0.0850468 0.1137350 0.1375034 0.1193458 
Didelphidae_Didelphis_virginiana             0.1092207 0.1063020 0.1109512 0.0938494 0.1117642 0.0947194 0.0986940 0.1009458 0.1110548 0.0938601 0.0931024 0.1011527 0.1330308 0.1074080 0.1213826 0.0976454 0.1401598 0.0968831 0.0978319 0.0979934 0.1035124 0.0000000 0.0193885 0.0969123 0.1053206 0.0812503 0.0909352 0.0988273 0.1009339 0.1182072 0.0910552 0.1062754 0.0956513 0.1338156 0.0947166 
Marmosidae_Monodelphis_domestica             0.1147857 0.1312086 0.1228700 0.1187293 0.1245404 0.1363944 0.1002354 0.1077896 0.1232543 0.1231997 0.1041705 0.1370700 0.1542436 0.1110772 0.1205268 0.1362012 0.1533865 0.1487410 0.1213713 0.1194066 0.1181584 0.0193885 0.0000000 0.1439614 0.1093977 0.1102348 0.1108126 0.1166786 0.1162317 0.1502615 0.1173477 0.1127488 0.1182522 0.1472292 0.1239942 
Dasyuridae_Antechinus_stuartii               0.1177883 0.1237265 0.1184500 0.1262283 0.1327560 0.0287224 0.1105533 0.1153755 0.1311185 0.1257281 0.1072179 0.0163287 0.0447873 0.1180359 0.1251615 0.0150534 0.0331895 0.0412501 0.1220503 0.1284117 0.1202050 0.0969123 0.1439614 0.0000000 0.1267544 0.1015766 0.1190700 0.1219891 0.1191672 0.1435397 0.1171215 0.1201093 0.1182316 0.0286483 0.1268107 
Hypsiprymnodontidae_Hypsiprymnodon_moschatus 0.0883329 0.1273436 0.1032344 0.0461661 0.0479728 0.1144204 0.0680847 0.0729711 0.0487501 0.1217778 0.0788779 0.1219561 0.1373693 0.0750904 0.0778698 0.1199784 0.1308333 0.1292153 0.1200504 0.0455624 0.0905180 0.1053206 0.1093977 0.1267544 0.0000000 0.1007784 0.0889055 0.0430874 0.0903402 0.1227612 0.0895532 0.0746150 0.1157174 0.1310857 0.1213081 
Microbiotheriidae_Dromiciops_gliroides       0.0917586 0.1107748 0.0977411 0.1042123 0.1069780 0.0931354 0.0882194 0.0930996 0.1083990 0.1072063 0.0854916 0.0978193 0.1185093 0.0980744 0.1080633 0.0950071 0.1141504 0.1052000 0.1040529 0.1026692 0.1036417 0.0812503 0.1102348 0.1015766 0.1007784 0.0000000 0.0953432 0.1004925 0.1011186 0.1237684 0.0974002 0.0975590 0.0993737 0.1120224 0.1076011 
Pseudochiridae_Petauroides_volans            0.0770319 0.1203111 0.0952468 0.0884511 0.0950325 0.1140143 0.0739814 0.0750471 0.0936617 0.1151590 0.0628545 0.1145403 0.1437474 0.0794524 0.0689543 0.1145194 0.1348779 0.1224496 0.1176712 0.0801150 0.0411237 0.0909352 0.1108126 0.1190700 0.0889055 0.0953432 0.0000000 0.0794802 0.0365385 0.0810952 0.0651252 0.0796850 0.1119297 0.1324182 0.1159202 
Macropodidae_Wallabia_bicolor                0.0758663 0.1226575 0.0919551 0.0267388 0.0256467 0.1106286 0.0664752 0.0712677 0.0263143 0.1151543 0.0695611 0.1131141 0.1417715 0.0726667 0.0846061 0.1119509 0.1353852 0.1251053 0.1149829 0.0145696 0.0841194 0.0988273 0.1166786 0.1219891 0.0430874 0.1004925 0.0794802 0.0000000 0.0840745 0.1118884 0.0872087 0.0705587 0.1109149 0.1345036 0.1146931 
Pseudochiridae_Pseudocheirus_occidentalis    0.0861060 0.1269210 0.1020419 0.0912449 0.0979600 0.1117650 0.0770190 0.0802120 0.0971387 0.1192399 0.0691986 0.1151510 0.1442342 0.0836378 0.0757233 0.1139726 0.1408423 0.1251787 0.1188816 0.0833708 0.0237378 0.1009339 0.1162317 0.1191672 0.0903402 0.1011186 0.0365385 0.0840745 0.0000000 0.0869172 0.0700658 0.0844314 0.1158304 0.1379387 0.1199362 
Tarsipedidae_Tarsipes_rostratus              0.1092963 0.1451129 0.1269600 0.1164273 0.1243714 0.1461923 0.1055220 0.1094902 0.1234077 0.1473578 0.0956004 0.1456827 0.1747254 0.1132914 0.0985553 0.1437221 0.1694282 0.1506086 0.1445203 0.1141790 0.0883866 0.1182072 0.1502615 0.1435397 0.1227612 0.1237684 0.0810952 0.1118884 0.0869172 0.0000000 0.0998744 0.1119654 0.1401445 0.1618097 0.1466327 
Acrobatidae_Distoechurus_pennatus            0.0849273 0.1223458 0.0927317 0.0887910 0.0946979 0.1143978 0.0773355 0.0808232 0.0961210 0.1164046 0.0726263 0.1137131 0.1451672 0.0840377 0.0488682 0.1125338 0.1350909 0.1194623 0.1149354 0.0894990 0.0711813 0.0910552 0.1173477 0.1171215 0.0895532 0.0974002 0.0651252 0.0872087 0.0700658 0.0998744 0.0000000 0.0852599 0.1102021 0.1340517 0.1170979 
Phalangeridae_Phalanger_carmelitae           0.0780603 0.1219579 0.0946383 0.0729633 0.0759778 0.1124481 0.0305139 0.0160686 0.0763113 0.1142505 0.0322383 0.1195266 0.1469212 0.0091606 0.0794514 0.1181537 0.1371412 0.1301386 0.1148186 0.0719122 0.0850468 0.1062754 0.1127488 0.1201093 0.0746150 0.0975590 0.0796850 0.0705587 0.0844314 0.1119654 0.0852599 0.0000000 0.1090205 0.1345678 0.1130549 
Peramelidae_Peroryctes_raffrayana            0.1116192 0.1110160 0.1100635 0.1099737 0.1162791 0.1047354 0.1018526 0.1051885 0.1164965 0.0151340 0.0992544 0.1136982 0.1352060 0.1091678 0.1160710 0.1129811 0.1278954 0.1206620 0.0163575 0.1111102 0.1137350 0.0956513 0.1182522 0.1182316 0.1157174 0.0993737 0.1119297 0.1109149 0.1158304 0.1401445 0.1102021 0.1090205 0.0000000 0.1217028 0.0155054 
Dasyuridae_Dasyurus_geffroii                 0.1278788 0.1356755 0.1264519 0.1391719 0.1412934 0.0096424 0.1243790 0.1300864 0.1415192 0.1286133 0.1211151 0.0253686 0.0439606 0.1336046 0.1425069 0.0249054 0.0169909 0.0367063 0.1255035 0.1404769 0.1375034 0.1338156 0.1472292 0.0286483 0.1310857 0.1120224 0.1324182 0.1345036 0.1379387 0.1618097 0.1340517 0.1345678 0.1217028 0.0000000 0.1277215 
Peramelidae_Perameles_gunnii                 0.1159691 0.1135385 0.1169473 0.1144138 0.1217073 0.1123851 0.1064358 0.1090812 0.1223209 0.0005930 0.1048825 0.1221969 0.1426696 0.1127230 0.1222673 0.1214549 0.1322537 0.1281736 0.0206539 0.1145847 0.1193458 0.0947166 0.1239942 0.1268107 0.1213081 0.1076011 0.1159202 0.1146931 0.1199362 0.1466327 0.1170979 0.1130549 0.0155054 0.1277215 0.0000000 
