35
Burramyidae_Burramys_parvus                  0.0000000 0.0807850 0.0527265 0.0557524 0.0538461 0.0746538 0.0402306 0.0351231 0.0555700 0.0686569 0.0451587 0.0642638 0.0719578 0.0441401 0.0450063 0.0669138 0.0730532 0.0682654 0.0746682 0.0525885 0.0446807 0.0978077 0.0898098 0.0650726 0.0455713 0.0597629 0.0397759 0.0483923 0.0353572 0.0652914 0.0499897 0.0427333 0.0789381 0.0742858 0.0760975 
Notoryctidae_Notoryctes_typhlops             0.0807850 0.0000000 0.0765761 0.0899557 0.0855931 0.0904268 0.0820865 0.0732142 0.0910203 0.0851619 0.0866988 0.0819900 0.0939741 0.0857350 0.0790967 0.0851129 0.0917755 0.0813027 0.0911249 0.0877974 0.0819928 0.1166774 0.1093507 0.0846556 0.0765740 0.0849819 0.0797411 0.0843187 0.0694817 0.1005077 0.0856923 0.0859789 0.0902774 0.0906031 0.0932694 
Vombatidae_Lasiorhinus_latifrons             0.0527265 0.0765761 0.0000000 0.0620715 0.0604047 0.0739013 0.0520569 0.0446473 0.0604940 0.0688974 0.0546719 0.0611789 0.0711570 0.0528047 0.0539912 0.0642454 0.0702164 0.0675098 0.0731146 0.0581971 0.0569009 0.0937526 0.0847106 0.0590139 0.0507083 0.0567127 0.0507581 0.0557680 0.0474553 0.0782851 0.0619316 0.0527728 0.0803269 0.0724029 0.0755026 
Potoroidae_Bettongia_penicillata             0.0557524 0.0899557 0.0620715 0.0000000 0.0024333 0.0840075 0.0517958 0.0437117 0.0090508 0.0719178 0.0584739 0.0758393 0.0810469 0.0568255 0.0542002 0.0760728 0.0816237 0.0777607 0.0807442 0.0181089 0.0595046 0.1097873 0.1009373 0.0763349 0.0318590 0.0716297 0.0514918 0.0167920 0.0436363 0.0810364 0.0598375 0.0570475 0.0807003 0.0838990 0.0857271 
Potoroidae_Bettongia_lesueur                 0.0538461 0.0855931 0.0604047 0.0024333 0.0000000 0.0829433 0.0501928 0.0428742 0.0077458 0.0719687 0.0556050 0.0741700 0.0807392 0.0549137 0.0531158 0.0749897 0.0805853 0.0759471 0.0801494 0.0162646 0.0581969 0.1083878 0.0996371 0.0741957 0.0303546 0.0694620 0.0507725 0.0149800 0.0425145 0.0798368 0.0587402 0.0551364 0.0803399 0.0822771 0.0851361 
Dasyuridae_Dasyurus_maculatus                0.0746538 0.0904268 0.0739013 0.0840075 0.0829433 0.0000000 0.0774862 0.0704441 0.0822446 0.0795854 0.0842890 0.0108981 0.0255260 0.0824482 0.0735896 0.0132126 0.0068676 0.0212880 0.0869065 0.0829117 0.0823358 0.1025943 0.0975616 0.0120655 0.0747329 0.0779055 0.0770023 0.0802992 0.0711392 0.1020931 0.0822609 0.0790094 0.0908140 0.0049803 0.0882278 
Phalangeridae_Trichosurus_vulpecula          0.0402306 0.0820865 0.0520569 0.0517958 0.0501928 0.0774862 0.0000000 0.0129429 0.0523798 0.0652738 0.0183172 0.0656197 0.0736389 0.0164533 0.0483274 0.0684882 0.0755938 0.0683765 0.0712886 0.0508594 0.0506346 0.0912931 0.0831598 0.0668537 0.0455563 0.0618077 0.0425727 0.0470173 0.0388013 0.0635183 0.0536796 0.0156074 0.0761775 0.0765623 0.0726106 
Phalangeridae_Spilocuscus_maculatus          0.0351231 0.0732142 0.0446473 0.0437117 0.0428742 0.0704441 0.0129429 0.0000000 0.0443166 0.0615636 0.0088098 0.0632531 0.0678266 0.0075056 0.0404568 0.0630410 0.0703671 0.0642351 0.0635389 0.0423543 0.0384316 0.0837642 0.0707958 0.0606988 0.0352890 0.0550610 0.0329313 0.0389416 0.0360685 0.0576352 0.0431918 0.0066842 0.0752415 0.0692486 0.0601635 
Potoroidae_Aepyprymnus_rufescens             0.0555700 0.0910203 0.0604940 0.0090508 0.0077458 0.0822446 0.0523798 0.0443166 0.0000000 0.0738547 0.0582597 0.0745072 0.0821137 0.0563271 0.0543310 0.0762097 0.0807714 0.0782293 0.0818430 0.0173448 0.0596363 0.1078512 0.0993090 0.0751562 0.0319988 0.0738952 0.0526659 0.0156121 0.0448740 0.0804148 0.0588615 0.0565503 0.0825241 0.0818936 0.0865669 
Peramelidae_Perameles_nasuta                 0.0686569 0.0851619 0.0688974 0.0719178 0.0719687 0.0795854 0.0652738 0.0615636 0.0738547 0.0000000 0.0686431 0.0716567 0.0794519 0.0666910 0.0671575 0.0708573 0.0799280 0.0736907 0.0128555 0.0714946 0.0694844 0.1033421 0.0895040 0.0713595 0.0624473 0.0728801 0.0682579 0.0671975 0.0666079 0.0932412 0.0708131 0.0664042 0.0199039 0.0802670 0.0017642 
Phalangeridae_Strigocuscus_pelengensis       0.0451587 0.0866988 0.0546719 0.0584739 0.0556050 0.0842890 0.0183172 0.0088098 0.0582597 0.0686431 0.0000000 0.0713441 0.0782593 0.0093154 0.0528362 0.0730814 0.0812517 0.0701784 0.0788799 0.0557227 0.0510650 0.0994102 0.0905555 0.0706295 0.0487834 0.0665514 0.0462060 0.0531226 0.0412227 0.0680708 0.0583730 0.0085208 0.0826883 0.0830381 0.0781324 
Dasyuridae_Phascogale_tapoatafa              0.0642638 0.0819900 0.0611789 0.0758393 0.0741700 0.0108981 0.0656197 0.0632531 0.0745072 0.0716567 0.0713441 0.0000000 0.0190537 0.0704980 0.0629116 0.0022149 0.0097485 0.0163907 0.0747349 0.0736244 0.0702128 0.0931499 0.0852038 0.0058826 0.0612160 0.0639121 0.0639276 0.0707081 0.0612483 0.0805502 0.0700766 0.0677658 0.0787503 0.0104817 0.0757053 
Dasyuridae_Sminthopsis_macroura              0.0719578 0.0939741 0.0711570 0.0810469 0.0807392 0.0255260 0.0736389 0.0678266 0.0821137 0.0794519 0.0782593 0.0190537 0.0000000 0.0772617 0.0697392 0.0195270 0.0246463 0.0142957 0.0858853 0.0821330 0.0786547 0.1001163 0.0935209 0.0196726 0.0732848 0.0732002 0.0757933 0.0794486 0.0666226 0.0964259 0.0789875 0.0754878 0.0878107 0.0247644 0.0880211 
Phalangeridae_Phalanger_orientalis           0.0441401 0.0857350 0.0528047 0.0568255 0.0549137 0.0824482 0.0164533 0.0075056 0.0563271 0.0666910 0.0093154 0.0704980 0.0772617 0.0000000 0.0524022 0.0716127 0.0786968 0.0715732 0.0781699 0.0539438 0.0508413 0.0997766 0.0875274 0.0706969 0.0477935 0.0661532 0.0459805 0.0516633 0.0406616 0.0667055 0.0563394 0.0036590 0.0813189 0.0804310 0.0759663 
Acrobatidae_Acrobates_pygmaeus               0.0450063 0.0790967 0.0539912 0.0542002 0.0531158 0.0735896 0.0483274 0.0404568 0.0543310 0.0671575 0.0528362 0.0629116 0.0697392 0.0524022 0.0000000 0.0648903 0.0697895 0.0625809 0.0743132 0.0519790 0.0411646 0.0928885 0.0841970 0.0626258 0.0476993 0.0588344 0.0385204 0.0498685 0.0325721 0.0543996 0.0202966 0.0518495 0.0753312 0.0712907 0.0786900 
Dasyuridae_Phascogale_calura                 0.0669138 0.0851129 0.0642454 0.0760728 0.0749897 0.0132126 0.0684882 0.0630410 0.0762097 0.0708573 0.0730814 0.0022149 0.0195270 0.0716127 0.0648903 0.0000000 0.0120891 0.0165893 0.0756123 0.0752775 0.0711539 0.0900121 0.0859453 0.0067691 0.0638920 0.0661366 0.0679127 0.0724498 0.0607727 0.0809672 0.0719415 0.0696356 0.0774785 0.0130996 0.0769342 
Dasyuridae_Sarcophilus_harrisii              0.0730532 0.0917755 0.0702164 0.0816237 0.0805853 0.0068676 0.0755938 0.0703671 0.0807714 0.0799280 0.0812517 0.0097485 0.0246463 0.0786968 0.0697895 0.0120891 0.0000000 0.0192018 0.0852927 0.0809193 0.0793964 0.1006581 0.0952614 0.0105219 0.0723616 0.0741604 0.0749080 0.0783327 0.0707003 0.0981776 0.0795026 0.0762425 0.0911432 0.0063401 0.0860626 
Dasyuridae_Planigale_tenuirostris            0.0682654 0.0813027 0.0675098 0.0777607 0.0759471 0.0212880 0.0683765 0.0642351 0.0782293 0.0736907 0.0701784 0.0163907 0.0142957 0.0715732 0.0625809 0.0165893 0.0192018 0.0000000 0.0785514 0.0771198 0.0744328 0.0950946 0.0905681 0.0170626 0.0680462 0.0667267 0.0693157 0.0730165 0.0629278 0.0882985 0.0741594 0.0697872 0.0831459 0.0205823 0.0822545 
Peramelidae_Echymipera_kalubu                0.0746682 0.0911249 0.0731146 0.0807442 0.0801494 0.0869065 0.0712886 0.0635389 0.0818430 0.0128555 0.0788799 0.0747349 0.0858853 0.0781699 0.0743132 0.0756123 0.0852927 0.0785514 0.0000000 0.0805623 0.0797114 0.1118920 0.1007945 0.0782019 0.0733732 0.0780912 0.0747919 0.0769841 0.0640676 0.1009989 0.0791600 0.0766622 0.0177375 0.0873331 0.0146306 
Macropodidae_Dorcopsulus_vanheurni           0.0525885 0.0877974 0.0581971 0.0181089 0.0162646 0.0829117 0.0508594 0.0423543 0.0173448 0.0714946 0.0557227 0.0736244 0.0821330 0.0539438 0.0519790 0.0752775 0.0809193 0.0771198 0.0805623 0.0000000 0.0571264 0.1078135 0.0989765 0.0743161 0.0297662 0.0690057 0.0498557 0.0061219 0.0432405 0.0759447 0.0573013 0.0547687 0.0808201 0.0821262 0.0841052 
Pseudochiridae_Pseudochirulus_forbesi        0.0446807 0.0819928 0.0569009 0.0595046 0.0581969 0.0823358 0.0506346 0.0384316 0.0596363 0.0694844 0.0510650 0.0702128 0.0786547 0.0508413 0.0411646 0.0711539 0.0793964 0.0744328 0.0797114 0.0571264 0.0000000 0.0945369 0.0884194 0.0708689 0.0513812 0.0647431 0.0213205 0.0549796 0.0093085 0.0507935 0.0463748 0.0504819 0.0789058 0.0803738 0.0811691 
Didelphidae_Didelphis_virginiana             0.0978077 0.1166774 0.0937526 0.1097873 0.1083878 0.1025943 0.0912931 0.0837642 0.1078512 0.1033421 0.0994102 0.0931499 0.1001163 0.0997766 0.0928885 0.0900121 0.1006581 0.0950946 0.1118920 0.1078135 0.0945369 0.0000000 0.0341629 0.0911208 0.0981482 0.0924503 0.0944722 0.1031336 0.0828137 0.1178501 0.1018527 0.0982499 0.1186050 0.1012252 0.1081231 
Marmosidae_Monodelphis_domestica             0.0898098 0.1093507 0.0847106 0.1009373 0.0996371 0.0975616 0.0831598 0.0707958 0.0993090 0.0895040 0.0905555 0.0852038 0.0935209 0.0875274 0.0841970 0.0859453 0.0952614 0.0905681 0.1007945 0.0989765 0.0884194 0.0341629 0.0000000 0.0857945 0.0877808 0.0896539 0.0839875 0.0946766 0.0753007 0.1143955 0.0945871 0.0861141 0.1025857 0.0951765 0.0987428 
Dasyuridae_Antechinus_stuartii               0.0650726 0.0846556 0.0590139 0.0763349 0.0741957 0.0120655 0.0668537 0.0606988 0.0751562 0.0713595 0.0706295 0.0058826 0.0196726 0.0706969 0.0626258 0.0067691 0.0105219 0.0170626 0.0782019 0.0743161 0.0708689 0.0911208 0.0857945 0.0000000 0.0623225 0.0670050 0.0664129 0.0710741 0.0579105 0.0813005 0.0711452 0.0685714 0.0785229 0.0116582 0.0795754 
Hypsiprymnodontidae_Hypsiprymnodon_moschatus 0.0455713 0.0765740 0.0507083 0.0318590 0.0303546 0.0747329 0.0455563 0.0352890 0.0319988 0.0624473 0.0487834 0.0612160 0.0732848 0.0477935 0.0476993 0.0638920 0.0723616 0.0680462 0.0733732 0.0297662 0.0513812 0.0981482 0.0877808 0.0623225 0.0000000 0.0614748 0.0430701 0.0269859 0.0374356 0.0685140 0.0521093 0.0477443 0.0711599 0.0743639 0.0738896 
Microbiotheriidae_Dromiciops_gliroides       0.0597629 0.0849819 0.0567127 0.0716297 0.0694620 0.0779055 0.0618077 0.0550610 0.0738952 0.0728801 0.0665514 0.0639121 0.0732002 0.0661532 0.0588344 0.0661366 0.0741604 0.0667267 0.0780912 0.0690057 0.0647431 0.0924503 0.0896539 0.0670050 0.0614748 0.0000000 0.0604609 0.0663967 0.0510730 0.0792905 0.0691001 0.0649367 0.0834500 0.0762801 0.0770219 
Pseudochiridae_Petauroides_volans            0.0397759 0.0797411 0.0507581 0.0514918 0.0507725 0.0770023 0.0425727 0.0329313 0.0526659 0.0682579 0.0462060 0.0639276 0.0757933 0.0459805 0.0385204 0.0679127 0.0749080 0.0693157 0.0747919 0.0498557 0.0213205 0.0944722 0.0839875 0.0664129 0.0430701 0.0604609 0.0000000 0.0471504 0.0160621 0.0496066 0.0413804 0.0453807 0.0742368 0.0750009 0.0796208 
Macropodidae_Wallabia_bicolor                0.0483923 0.0843187 0.0557680 0.0167920 0.0149800 0.0802992 0.0470173 0.0389416 0.0156121 0.0671975 0.0531226 0.0707081 0.0794486 0.0516633 0.0498685 0.0724498 0.0783327 0.0730165 0.0769841 0.0061219 0.0549796 0.1031336 0.0946766 0.0710741 0.0269859 0.0663967 0.0471504 0.0000000 0.0413353 0.0747401 0.0542860 0.0524671 0.0771962 0.0797992 0.0797210 
Pseudochiridae_Pseudocheirus_occidentalis    0.0353572 0.0694817 0.0474553 0.0436363 0.0425145 0.0711392 0.0388013 0.0360685 0.0448740 0.0666079 0.0412227 0.0612483 0.0666226 0.0406616 0.0325721 0.0607727 0.0707003 0.0629278 0.0640676 0.0432405 0.0093085 0.0828137 0.0753007 0.0579105 0.0374356 0.0510730 0.0160621 0.0413353 0.0000000 0.0452727 0.0356345 0.0397950 0.0734294 0.0695756 0.0674695 
Tarsipedidae_Tarsipes_rostratus              0.0652914 0.1005077 0.0782851 0.0810364 0.0798368 0.1020931 0.0635183 0.0576352 0.0804148 0.0932412 0.0680708 0.0805502 0.0964259 0.0667055 0.0543996 0.0809672 0.0981776 0.0882985 0.1009989 0.0759447 0.0507935 0.1178501 0.1143955 0.0813005 0.0685140 0.0792905 0.0496066 0.0747401 0.0452727 0.0000000 0.0594613 0.0680933 0.0981798 0.1007879 0.1049599 
Acrobatidae_Distoechurus_pennatus            0.0499897 0.0856923 0.0619316 0.0598375 0.0587402 0.0822609 0.0536796 0.0431918 0.0588615 0.0708131 0.0583730 0.0700766 0.0789875 0.0563394 0.0202966 0.0719415 0.0795026 0.0741594 0.0791600 0.0573013 0.0463748 0.1018527 0.0945871 0.0711452 0.0521093 0.0691001 0.0413804 0.0542860 0.0356345 0.0594613 0.0000000 0.0566735 0.0797132 0.0809752 0.0810445 
Phalangeridae_Phalanger_carmelitae           0.0427333 0.0859789 0.0527728 0.0570475 0.0551364 0.0790094 0.0156074 0.0066842 0.0565503 0.0664042 0.0085208 0.0677658 0.0754878 0.0036590 0.0518495 0.0696356 0.0762425 0.0697872 0.0766622 0.0547687 0.0504819 0.0982499 0.0861141 0.0685714 0.0477443 0.0649367 0.0453807 0.0524671 0.0397950 0.0680933 0.0566735 0.0000000 0.0818081 0.0773516 0.0750968 
Peramelidae_Peroryctes_raffrayana            0.0789381 0.0902774 0.0803269 0.0807003 0.0803399 0.0908140 0.0761775 0.0752415 0.0825241 0.0199039 0.0826883 0.0787503 0.0878107 0.0813189 0.0753312 0.0774785 0.0911432 0.0831459 0.0177375 0.0808201 0.0789058 0.1186050 0.1025857 0.0785229 0.0711599 0.0834500 0.0742368 0.0771962 0.0734294 0.0981798 0.0797132 0.0818081 0.0000000 0.0914338 0.0197438 
Dasyuridae_Dasyurus_geffroii                 0.0742858 0.0906031 0.0724029 0.0838990 0.0822771 0.0049803 0.0765623 0.0692486 0.0818936 0.0802670 0.0830381 0.0104817 0.0247644 0.0804310 0.0712907 0.0130996 0.0063401 0.0205823 0.0873331 0.0821262 0.0803738 0.1012252 0.0951765 0.0116582 0.0743639 0.0762801 0.0750009 0.0797992 0.0695756 0.1007879 0.0809752 0.0773516 0.0914338 0.0000000 0.0894328 
Peramelidae_Perameles_gunnii                 0.0760975 0.0932694 0.0755026 0.0857271 0.0851361 0.0882278 0.0726106 0.0601635 0.0865669 0.0017642 0.0781324 0.0757053 0.0880211 0.0759663 0.0786900 0.0769342 0.0860626 0.0822545 0.0146306 0.0841052 0.0811691 0.1081231 0.0987428 0.0795754 0.0738896 0.0770219 0.0796208 0.0797210 0.0674695 0.1049599 0.0810445 0.0750968 0.0197438 0.0894328 0.0000000 
