35
Burramyidae_Burramys_parvus                  0.0000000 0.0649443 0.0519395 0.0490289 0.0462278 0.0804815 0.0547490 0.0460557 0.0480768 0.0768611 0.0449578 0.0696415 0.0650956 0.0435326 0.0592475 0.0705745 0.0849842 0.0608761 0.0776014 0.0495276 0.0449778 0.0838958 0.0787945 0.0665659 0.0554123 0.0564801 0.0431706 0.0511911 0.0467312 0.0703304 0.0500780 0.0454918 0.0672559 0.0822999 0.0750798 
Notoryctidae_Notoryctes_typhlops             0.0649443 0.0000000 0.0675672 0.0653903 0.0620420 0.0856909 0.0655212 0.0592232 0.0610589 0.0678397 0.0601966 0.0686547 0.0628041 0.0599081 0.0702384 0.0686699 0.0900447 0.0639854 0.0663408 0.0632519 0.0585571 0.0835997 0.0748435 0.0658900 0.0627718 0.0556797 0.0570431 0.0593914 0.0587804 0.0816085 0.0608901 0.0617579 0.0591436 0.0875818 0.0662557 
Vombatidae_Lasiorhinus_latifrons             0.0519395 0.0675672 0.0000000 0.0520901 0.0497465 0.0829756 0.0595590 0.0486148 0.0508482 0.0764867 0.0472935 0.0739172 0.0681997 0.0476194 0.0613114 0.0754063 0.0883322 0.0690459 0.0776402 0.0478595 0.0457945 0.0816538 0.0754647 0.0718497 0.0547052 0.0586196 0.0475559 0.0491225 0.0495792 0.0705185 0.0555109 0.0483613 0.0665392 0.0853064 0.0729672 
Potoroidae_Bettongia_penicillata             0.0490289 0.0653903 0.0520901 0.0000000 0.0050212 0.0836254 0.0587566 0.0529925 0.0121619 0.0712832 0.0481813 0.0752417 0.0683199 0.0490099 0.0566914 0.0763109 0.0883501 0.0680381 0.0749766 0.0183424 0.0481668 0.0785780 0.0785679 0.0721924 0.0326562 0.0578273 0.0475690 0.0207780 0.0472888 0.0640372 0.0494955 0.0513740 0.0619262 0.0871852 0.0701108 
Potoroidae_Bettongia_lesueur                 0.0462278 0.0620420 0.0497465 0.0050212 0.0000000 0.0827821 0.0558458 0.0500800 0.0105352 0.0700756 0.0447644 0.0725237 0.0661465 0.0462408 0.0562837 0.0735920 0.0865221 0.0647778 0.0724292 0.0166484 0.0462799 0.0783356 0.0772355 0.0691562 0.0290423 0.0548686 0.0448558 0.0183877 0.0454966 0.0631930 0.0479565 0.0485775 0.0620404 0.0849412 0.0679628 
Dasyuridae_Dasyurus_maculatus                0.0804815 0.0856909 0.0829756 0.0836254 0.0827821 0.0000000 0.0911454 0.0789497 0.0808368 0.0847642 0.0825700 0.0334098 0.0373089 0.0796708 0.0920244 0.0340358 0.0151846 0.0381213 0.0863159 0.0822119 0.0800509 0.0898929 0.0921992 0.0314097 0.0913218 0.0799099 0.0766676 0.0794330 0.0811736 0.0949717 0.0849560 0.0820198 0.0754958 0.0113727 0.0834575 
Phalangeridae_Trichosurus_vulpecula          0.0547490 0.0655212 0.0595590 0.0587566 0.0558458 0.0911454 0.0000000 0.0356652 0.0574688 0.0726581 0.0358553 0.0785871 0.0744800 0.0320603 0.0567002 0.0812755 0.0960798 0.0726687 0.0896113 0.0548718 0.0523850 0.0732352 0.0766815 0.0747177 0.0603027 0.0577703 0.0567868 0.0582473 0.0519332 0.0758993 0.0553027 0.0319931 0.0612373 0.0944756 0.0749568 
Phalangeridae_Spilocuscus_maculatus          0.0460557 0.0592232 0.0486148 0.0529925 0.0500800 0.0789497 0.0356652 0.0000000 0.0482227 0.0737900 0.0125975 0.0674626 0.0598133 0.0136598 0.0652113 0.0679435 0.0853885 0.0589261 0.0761718 0.0490103 0.0441648 0.0771443 0.0738918 0.0637982 0.0532261 0.0539110 0.0439338 0.0520910 0.0459585 0.0689356 0.0513505 0.0109004 0.0614799 0.0814387 0.0720816 
Potoroidae_Aepyprymnus_rufescens             0.0480768 0.0610589 0.0508482 0.0121619 0.0105352 0.0808368 0.0574688 0.0482227 0.0000000 0.0693857 0.0438165 0.0695662 0.0667703 0.0456367 0.0583177 0.0695915 0.0857359 0.0655035 0.0703384 0.0172704 0.0457668 0.0732927 0.0727111 0.0662421 0.0319194 0.0548370 0.0447739 0.0179780 0.0436712 0.0627759 0.0470278 0.0480025 0.0603813 0.0845449 0.0659498 
Peramelidae_Perameles_nasuta                 0.0768611 0.0678397 0.0764867 0.0712832 0.0700756 0.0847642 0.0726581 0.0737900 0.0693857 0.0000000 0.0755164 0.0764332 0.0740935 0.0735606 0.0721229 0.0775541 0.0900504 0.0737325 0.0139110 0.0721410 0.0724403 0.0841486 0.0787138 0.0734556 0.0787532 0.0655614 0.0706052 0.0717322 0.0694298 0.0896377 0.0747389 0.0743470 0.0164862 0.0892818 0.0032190 
Phalangeridae_Strigocuscus_pelengensis       0.0449578 0.0601966 0.0472935 0.0481813 0.0447644 0.0825700 0.0358553 0.0125975 0.0438165 0.0755164 0.0000000 0.0691788 0.0623160 0.0110609 0.0605881 0.0688486 0.0882666 0.0601974 0.0761159 0.0442409 0.0372969 0.0805953 0.0774792 0.0646738 0.0480018 0.0519384 0.0423970 0.0453917 0.0400692 0.0660799 0.0479655 0.0085753 0.0632794 0.0848670 0.0730815 
Dasyuridae_Phascogale_tapoatafa              0.0696415 0.0686547 0.0739172 0.0752417 0.0725237 0.0334098 0.0785871 0.0674626 0.0695662 0.0764332 0.0691788 0.0000000 0.0241959 0.0667003 0.0823313 0.0035207 0.0368126 0.0253532 0.0787870 0.0699513 0.0707260 0.0803697 0.0854489 0.0098078 0.0820650 0.0698522 0.0679717 0.0681639 0.0693164 0.0905616 0.0756598 0.0684652 0.0620273 0.0367072 0.0758054 
Dasyuridae_Sminthopsis_macroura              0.0650956 0.0628041 0.0681997 0.0683199 0.0661465 0.0373089 0.0744800 0.0598133 0.0667703 0.0740935 0.0623160 0.0241959 0.0000000 0.0624321 0.0787741 0.0253539 0.0422588 0.0157373 0.0802315 0.0658570 0.0635793 0.0809150 0.0798084 0.0200922 0.0738724 0.0635452 0.0625913 0.0640446 0.0631147 0.0873769 0.0722574 0.0636854 0.0633512 0.0393272 0.0738923 
Phalangeridae_Phalanger_orientalis           0.0435326 0.0599081 0.0476194 0.0490099 0.0462408 0.0796708 0.0320603 0.0136598 0.0456367 0.0735606 0.0110609 0.0667003 0.0624321 0.0000000 0.0585436 0.0666958 0.0844983 0.0603327 0.0758932 0.0448174 0.0424998 0.0759663 0.0743114 0.0624639 0.0475450 0.0538312 0.0438137 0.0472030 0.0429922 0.0656075 0.0473560 0.0085462 0.0613461 0.0804760 0.0710227 
Acrobatidae_Acrobates_pygmaeus               0.0592475 0.0702384 0.0613114 0.0566914 0.0562837 0.0920244 0.0567002 0.0652113 0.0583177 0.0721229 0.0605881 0.0823313 0.0787741 0.0585436 0.0000000 0.0821484 0.0958827 0.0755115 0.0823282 0.0550839 0.0512293 0.0796651 0.0848554 0.0751985 0.0625683 0.0637831 0.0504895 0.0559937 0.0473562 0.0687869 0.0452446 0.0605902 0.0653194 0.0942734 0.0724970 
Dasyuridae_Phascogale_calura                 0.0705745 0.0686699 0.0754063 0.0763109 0.0735920 0.0340358 0.0812755 0.0679435 0.0695915 0.0775541 0.0688486 0.0035207 0.0253539 0.0666958 0.0821484 0.0000000 0.0374694 0.0253682 0.0799678 0.0704496 0.0699008 0.0813709 0.0884074 0.0098953 0.0823047 0.0694247 0.0675989 0.0686285 0.0678941 0.0905268 0.0772596 0.0694048 0.0624641 0.0375595 0.0767705 
Dasyuridae_Sarcophilus_harrisii              0.0849842 0.0900447 0.0883322 0.0883501 0.0865221 0.0151846 0.0960798 0.0853885 0.0857359 0.0900504 0.0882666 0.0368126 0.0422588 0.0844983 0.0958827 0.0374694 0.0000000 0.0422783 0.0914278 0.0865835 0.0871708 0.0897219 0.0973945 0.0344857 0.0961491 0.0837568 0.0823350 0.0833203 0.0894741 0.1035920 0.0899202 0.0859048 0.0803778 0.0161505 0.0886535 
Dasyuridae_Planigale_tenuirostris            0.0608761 0.0639854 0.0690459 0.0680381 0.0647778 0.0381213 0.0726687 0.0589261 0.0655035 0.0737325 0.0601974 0.0253532 0.0157373 0.0603327 0.0755115 0.0253682 0.0422783 0.0000000 0.0795465 0.0654776 0.0594211 0.0840828 0.0824557 0.0211431 0.0709087 0.0646951 0.0569354 0.0625772 0.0561116 0.0830268 0.0709214 0.0602223 0.0643268 0.0397270 0.0743417 
Peramelidae_Echymipera_kalubu                0.0776014 0.0663408 0.0776402 0.0749766 0.0724292 0.0863159 0.0896113 0.0761718 0.0703384 0.0139110 0.0761159 0.0787870 0.0802315 0.0758932 0.0823282 0.0799678 0.0914278 0.0795465 0.0000000 0.0738794 0.0755455 0.0817922 0.0868390 0.0771067 0.0803549 0.0663780 0.0713917 0.0734927 0.0723547 0.0903591 0.0738367 0.0786915 0.0137966 0.0882143 0.0133840 
Macropodidae_Dorcopsulus_vanheurni           0.0495276 0.0632519 0.0478595 0.0183424 0.0166484 0.0822119 0.0548718 0.0490103 0.0172704 0.0721410 0.0442409 0.0699513 0.0658570 0.0448174 0.0550839 0.0704496 0.0865835 0.0654776 0.0738794 0.0000000 0.0464121 0.0774320 0.0750752 0.0660939 0.0309699 0.0545548 0.0473105 0.0102522 0.0433587 0.0652364 0.0480790 0.0475594 0.0622631 0.0834855 0.0699446 
Pseudochiridae_Pseudochirulus_forbesi        0.0449778 0.0585571 0.0457945 0.0481668 0.0462799 0.0800509 0.0523850 0.0441648 0.0457668 0.0724403 0.0372969 0.0707260 0.0635793 0.0424998 0.0512293 0.0699008 0.0871708 0.0594211 0.0755455 0.0464121 0.0000000 0.0756943 0.0718188 0.0656745 0.0468060 0.0501310 0.0194149 0.0468953 0.0118786 0.0476327 0.0420494 0.0428596 0.0626571 0.0827492 0.0685308 
Didelphidae_Didelphis_virginiana             0.0838958 0.0835997 0.0816538 0.0785780 0.0783356 0.0898929 0.0732352 0.0771443 0.0732927 0.0841486 0.0805953 0.0803697 0.0809150 0.0759663 0.0796651 0.0813709 0.0897219 0.0840828 0.0817922 0.0774320 0.0756943 0.0000000 0.0314012 0.0802605 0.0795169 0.0731348 0.0755839 0.0758676 0.0781731 0.0947133 0.0762566 0.0738182 0.0859387 0.0913477 0.0802811 
Marmosidae_Monodelphis_domestica             0.0787945 0.0748435 0.0754647 0.0785679 0.0772355 0.0921992 0.0766815 0.0738918 0.0727111 0.0787138 0.0774792 0.0854489 0.0798084 0.0743114 0.0848554 0.0884074 0.0973945 0.0824557 0.0868390 0.0750752 0.0718188 0.0314012 0.0000000 0.0803448 0.0834155 0.0685256 0.0751950 0.0742358 0.0748854 0.0935005 0.0799445 0.0736780 0.0689800 0.0922940 0.0789441 
Dasyuridae_Antechinus_stuartii               0.0665659 0.0658900 0.0718497 0.0721924 0.0691562 0.0314097 0.0747177 0.0637982 0.0662421 0.0734556 0.0646738 0.0098078 0.0200922 0.0624639 0.0751985 0.0098953 0.0344857 0.0211431 0.0771067 0.0660939 0.0656745 0.0802605 0.0803448 0.0000000 0.0777704 0.0653983 0.0644899 0.0641235 0.0633675 0.0853506 0.0728053 0.0637834 0.0628944 0.0321015 0.0741082 
Hypsiprymnodontidae_Hypsiprymnodon_moschatus 0.0554123 0.0627718 0.0547052 0.0326562 0.0290423 0.0913218 0.0603027 0.0532261 0.0319194 0.0787532 0.0480018 0.0820650 0.0738724 0.0475450 0.0625683 0.0823047 0.0961491 0.0709087 0.0803549 0.0309699 0.0468060 0.0795169 0.0834155 0.0777704 0.0000000 0.0598598 0.0490234 0.0347795 0.0513591 0.0683852 0.0520788 0.0515306 0.0672310 0.0931384 0.0735592 
Microbiotheriidae_Dromiciops_gliroides       0.0564801 0.0556797 0.0586196 0.0578273 0.0548686 0.0799099 0.0577703 0.0539110 0.0548370 0.0655614 0.0519384 0.0698522 0.0635452 0.0538312 0.0637831 0.0694247 0.0837568 0.0646951 0.0663780 0.0545548 0.0501310 0.0731348 0.0685256 0.0653983 0.0598598 0.0000000 0.0516619 0.0574418 0.0511572 0.0762755 0.0584367 0.0537712 0.0573097 0.0825092 0.0636940 
Pseudochiridae_Petauroides_volans            0.0431706 0.0570431 0.0475559 0.0475690 0.0448558 0.0766676 0.0567868 0.0439338 0.0447739 0.0706052 0.0423970 0.0679717 0.0625913 0.0438137 0.0504895 0.0675989 0.0823350 0.0569354 0.0713917 0.0473105 0.0194149 0.0755839 0.0751950 0.0644899 0.0490234 0.0516619 0.0000000 0.0473379 0.0221165 0.0502236 0.0410143 0.0449701 0.0629886 0.0792583 0.0680899 
Macropodidae_Wallabia_bicolor                0.0511911 0.0593914 0.0491225 0.0207780 0.0183877 0.0794330 0.0582473 0.0520910 0.0179780 0.0717322 0.0453917 0.0681639 0.0640446 0.0472030 0.0559937 0.0686285 0.0833203 0.0625772 0.0734927 0.0102522 0.0468953 0.0758676 0.0742358 0.0641235 0.0347795 0.0574418 0.0473379 0.0000000 0.0458943 0.0649877 0.0464749 0.0491599 0.0622072 0.0806366 0.0700209 
Pseudochiridae_Pseudocheirus_occidentalis    0.0467312 0.0587804 0.0495792 0.0472888 0.0454966 0.0811736 0.0519332 0.0459585 0.0436712 0.0694298 0.0400692 0.0693164 0.0631147 0.0429922 0.0473562 0.0678941 0.0894741 0.0561116 0.0723547 0.0433587 0.0118786 0.0781731 0.0748854 0.0633675 0.0513591 0.0511572 0.0221165 0.0458943 0.0000000 0.0483830 0.0395336 0.0429321 0.0583773 0.0862095 0.0682586 
Tarsipedidae_Tarsipes_rostratus              0.0703304 0.0816085 0.0705185 0.0640372 0.0631930 0.0949717 0.0758993 0.0689356 0.0627759 0.0896377 0.0660799 0.0905616 0.0873769 0.0656075 0.0687869 0.0905268 0.1035920 0.0830268 0.0903591 0.0652364 0.0476327 0.0947133 0.0935005 0.0853506 0.0683852 0.0762755 0.0502236 0.0649877 0.0483830 0.0000000 0.0640973 0.0682825 0.0782599 0.0995619 0.0869716 
Acrobatidae_Distoechurus_pennatus            0.0500780 0.0608901 0.0555109 0.0494955 0.0479565 0.0849560 0.0553027 0.0513505 0.0470278 0.0747389 0.0479655 0.0756598 0.0722574 0.0473560 0.0452446 0.0772596 0.0899202 0.0709214 0.0738367 0.0480790 0.0420494 0.0762566 0.0799445 0.0728053 0.0520788 0.0584367 0.0410143 0.0464749 0.0395336 0.0640973 0.0000000 0.0493929 0.0617435 0.0864153 0.0740711 
Phalangeridae_Phalanger_carmelitae           0.0454918 0.0617579 0.0483613 0.0513740 0.0485775 0.0820198 0.0319931 0.0109004 0.0480025 0.0743470 0.0085753 0.0684652 0.0636854 0.0085462 0.0605902 0.0694048 0.0859048 0.0602223 0.0786915 0.0475594 0.0428596 0.0738182 0.0736780 0.0637834 0.0515306 0.0537712 0.0449701 0.0491599 0.0429321 0.0682825 0.0493929 0.0000000 0.0618420 0.0829234 0.0722245 
Peramelidae_Peroryctes_raffrayana            0.0672559 0.0591436 0.0665392 0.0619262 0.0620404 0.0754958 0.0612373 0.0614799 0.0603813 0.0164862 0.0632794 0.0620273 0.0633512 0.0613461 0.0653194 0.0624641 0.0803778 0.0643268 0.0137966 0.0622631 0.0626571 0.0859387 0.0689800 0.0628944 0.0672310 0.0573097 0.0629886 0.0622072 0.0583773 0.0782599 0.0617435 0.0618420 0.0000000 0.0806014 0.0142384 
Dasyuridae_Dasyurus_geffroii                 0.0822999 0.0875818 0.0853064 0.0871852 0.0849412 0.0113727 0.0944756 0.0814387 0.0845449 0.0892818 0.0848670 0.0367072 0.0393272 0.0804760 0.0942734 0.0375595 0.0161505 0.0397270 0.0882143 0.0834855 0.0827492 0.0913477 0.0922940 0.0321015 0.0931384 0.0825092 0.0792583 0.0806366 0.0862095 0.0995619 0.0864153 0.0829234 0.0806014 0.0000000 0.0873111 
Peramelidae_Perameles_gunnii                 0.0750798 0.0662557 0.0729672 0.0701108 0.0679628 0.0834575 0.0749568 0.0720816 0.0659498 0.0032190 0.0730815 0.0758054 0.0738923 0.0710227 0.0724970 0.0767705 0.0886535 0.0743417 0.0133840 0.0699446 0.0685308 0.0802811 0.0789441 0.0741082 0.0735592 0.0636940 0.0680899 0.0700209 0.0682586 0.0869716 0.0740711 0.0722245 0.0142384 0.0873111 0.0000000 
