37
Burramyidae_Burramys_parvus                  0.0000000 0.1062872 0.0764140 0.0816802 0.0813462 0.1156084 0.0583676 0.0664516 0.0812293 0.0945945 0.0591735 0.1446959 0.1164717 0.0642348 0.0783228 0.1473679 0.1106660 0.1103765 0.1189512 0.0790773 0.0739647 0.1318023 0.1380557 0.1168081 0.0795506 0.0946749 0.0687341 0.0967959 0.0948812 0.0800136 0.0619961 0.1002562 0.1132107 0.1117999 0.1696890 0.1696890 0.0388752 
Notoryctidae_Notoryctes_typhlops             0.1062872 0.0000000 0.1136811 0.1225797 0.1195233 0.1374608 0.1070784 0.1145151 0.1184323 0.0970932 0.1093195 0.1748548 0.1378464 0.1175007 0.1130121 0.1727048 0.1340450 0.1222290 0.1270578 0.1077343 0.1085469 0.1518370 0.1427644 0.1394156 0.1170318 0.1188665 0.1009122 0.1402032 0.1359394 0.1143194 0.1127566 0.1082617 0.1366897 0.1181813 0.2075771 0.2075771 0.0586540 
Vombatidae_Lasiorhinus_latifrons             0.0764140 0.1136811 0.0000000 0.0925327 0.0892304 0.1083542 0.0705586 0.0771879 0.0917455 0.1018817 0.0698962 0.1494313 0.1084923 0.0783848 0.0829103 0.1518310 0.1043844 0.1016661 0.1253116 0.0809414 0.0795283 0.1337297 0.1368033 0.1140310 0.0952536 0.1030479 0.0724441 0.1034506 0.1021047 0.0853632 0.0745691 0.1077001 0.1043537 0.1194885 0.1420081 0.1420081 0.0485917 
Potoroidae_Bettongia_penicillata             0.0816802 0.1225797 0.0925327 0.0000000 0.0094667 0.1224032 0.0763114 0.0833885 0.0151542 0.1023298 0.0754627 0.1522827 0.1243827 0.0835250 0.0860273 0.1517941 0.1204847 0.1151732 0.1305225 0.0295648 0.0803468 0.1517606 0.1574170 0.1254214 0.0540778 0.1007153 0.0717757 0.0480740 0.0996955 0.0872605 0.0799900 0.1094839 0.1206570 0.1235703 0.1910847 0.1910847 0.0513748 
Potoroidae_Bettongia_lesueur                 0.0813462 0.1195233 0.0892304 0.0094667 0.0000000 0.1239090 0.0764354 0.0830141 0.0141215 0.1046731 0.0752743 0.1517223 0.1281062 0.0820759 0.0859625 0.1523290 0.1227672 0.1174384 0.1306576 0.0271175 0.0820366 0.1508297 0.1547428 0.1274418 0.0523805 0.1053777 0.0714556 0.0444551 0.0990186 0.0844656 0.0794478 0.1117667 0.1229283 0.1241068 0.1898621 0.1898621 0.0547142 
Dasyuridae_Dasyurus_maculatus                0.1156084 0.1374608 0.1083542 0.1224032 0.1239090 0.0000000 0.1056576 0.1125064 0.1202749 0.1046906 0.1040362 0.0210223 0.0305585 0.1126756 0.1203637 0.0214598 0.0073288 0.0204634 0.1372602 0.1085508 0.1179813 0.1468050 0.1520160 0.0207422 0.1153298 0.1177217 0.1101705 0.1394897 0.1410858 0.1211959 0.1060472 0.1133246 0.0022578 0.1244276 0.0581240 0.0581240 0.0581178 
Phalangeridae_Trichosurus_vulpecula          0.0583676 0.1070784 0.0705586 0.0763114 0.0764354 0.1056576 0.0000000 0.0230321 0.0774430 0.0848411 0.0208127 0.1405695 0.1101115 0.0232931 0.0692508 0.1403925 0.1058762 0.0977838 0.1063085 0.0664776 0.0658639 0.1360503 0.1382289 0.1124611 0.0785520 0.0918254 0.0586520 0.0909090 0.0799750 0.0723684 0.0215686 0.0893989 0.1047405 0.1011356 0.1779003 0.1779003 0.0369805 
Phalangeridae_Spilocuscus_maculatus          0.0664516 0.1145151 0.0771879 0.0833885 0.0830141 0.1125064 0.0230321 0.0000000 0.0851718 0.0911727 0.0144799 0.1493915 0.1187374 0.0151765 0.0781237 0.1504082 0.1100598 0.1029470 0.1148651 0.0741477 0.0750835 0.1389591 0.1477065 0.1184623 0.0850449 0.0999169 0.0660511 0.1005269 0.0879166 0.0769658 0.0139297 0.0966763 0.1115624 0.1093532 0.1901442 0.1901442 0.0436386 
Potoroidae_Aepyprymnus_rufescens             0.0812293 0.1184323 0.0917455 0.0151542 0.0141215 0.1202749 0.0774430 0.0851718 0.0000000 0.1040899 0.0759324 0.1496650 0.1230380 0.0842931 0.0872514 0.1496715 0.1173533 0.1144838 0.1324065 0.0282718 0.0826117 0.1544372 0.1587522 0.1218842 0.0494336 0.1037041 0.0737272 0.0479344 0.1011034 0.0846828 0.0806352 0.1123384 0.1184244 0.1248589 0.1801605 0.1801605 0.0570030 
Peramelidae_Perameles_nasuta                 0.0945945 0.0970932 0.1018817 0.1023298 0.1046731 0.1046906 0.0848411 0.0911727 0.1040899 0.0000000 0.0826217 0.1377769 0.1104380 0.0914676 0.0970458 0.1370338 0.1035068 0.1021915 0.0252397 0.1087309 0.0963318 0.1297490 0.1279856 0.1075236 0.1029719 0.1104008 0.0910584 0.1063817 0.1065795 0.1041803 0.0877649 0.0224875 0.1043765 0.0023308 9.0000000 9.0000000 0.0664888 
Phalangeridae_Strigocuscus_pelengensis       0.0591735 0.1093195 0.0698962 0.0754627 0.0752743 0.1040362 0.0208127 0.0144799 0.0759324 0.0826217 0.0000000 0.1457168 0.1130582 0.0133849 0.0703949 0.1457354 0.1044432 0.0982403 0.1063999 0.0657846 0.0681462 0.1336450 0.1384678 0.1133503 0.0764294 0.0899341 0.0610592 0.0932427 0.0820352 0.0698786 0.0111705 0.0886119 0.1034029 0.1011455 0.2009494 0.2009494 0.0374058 
Dasyuridae_Phascogale_tapoatafa              0.1446959 0.1748548 0.1494313 0.1522827 0.1517223 0.0210223 0.1405695 0.1493915 0.1496650 0.1377769 0.1457168 0.0000000 0.0301279 0.1494554 0.1550801 0.0049216 0.0190353 0.0252643 0.1732749 0.1315634 0.1518768 0.1922827 0.1932015 0.0097811 0.1481565 0.1480716 0.1466497 0.1632597 0.1767451 0.1569089 0.1468012 0.1482877 0.0194777 0.1625555 0.0629700 0.0629700 0.1280368 
Dasyuridae_Sminthopsis_macroura              0.1164717 0.1378464 0.1084923 0.1243827 0.1281062 0.0305585 0.1101115 0.1187374 0.1230380 0.1104380 0.1130582 0.0301279 0.0000000 0.1177722 0.1181748 0.0301980 0.0284924 0.0228073 0.1391383 0.1092552 0.1214242 0.1517859 0.1547162 0.0315543 0.1222138 0.1192379 0.1134703 0.1406372 0.1403895 0.1179031 0.1130043 0.1232370 0.0289419 0.1237274 0.0538801 0.0538801 0.0665891 
Phalangeridae_Phalanger_orientalis           0.0642348 0.1175007 0.0783848 0.0835250 0.0820759 0.1126756 0.0232931 0.0151765 0.0842931 0.0914676 0.0133849 0.1494554 0.1177722 0.0000000 0.0771755 0.1495232 0.1104105 0.1035774 0.1162433 0.0739613 0.0734514 0.1412289 0.1484905 0.1198604 0.0843999 0.0957183 0.0641419 0.1001329 0.0870242 0.0746603 0.0076611 0.0973367 0.1117282 0.1094002 0.1895307 0.1895307 0.0424367 
Acrobatidae_Acrobates_pygmaeus               0.0783228 0.1130121 0.0829103 0.0860273 0.0859625 0.1203637 0.0692508 0.0781237 0.0872514 0.0970458 0.0703949 0.1550801 0.1181748 0.0771755 0.0000000 0.1555845 0.1141292 0.1072336 0.1264619 0.0756774 0.0634802 0.1368029 0.1399556 0.1212633 0.0900954 0.0977444 0.0555815 0.0997552 0.0889966 0.0354654 0.0739623 0.1043175 0.1193942 0.1189436 0.1914529 0.1914529 0.0396219 
Dasyuridae_Phascogale_calura                 0.1473679 0.1727048 0.1518310 0.1517941 0.1523290 0.0214598 0.1403925 0.1504082 0.1496715 0.1370338 0.1457354 0.0049216 0.0301980 0.1495232 0.1555845 0.0000000 0.0190906 0.0251786 0.1750507 0.1302071 0.1517866 0.1953050 0.1945714 0.0097594 0.1481674 0.1469876 0.1459007 0.1622559 0.1738624 0.1566770 0.1466030 0.1475033 0.0199162 0.1629310 0.0709510 0.0709510 0.1265926 
Dasyuridae_Sarcophilus_harrisii              0.1106660 0.1340450 0.1043844 0.1204847 0.1227672 0.0073288 0.1058762 0.1100598 0.1173533 0.1035068 0.1044432 0.0190353 0.0284924 0.1104105 0.1141292 0.0190906 0.0000000 0.0194522 0.1350622 0.1073203 0.1148195 0.1474794 0.1478707 0.0192484 0.1158308 0.1174447 0.1070690 0.1366336 0.1371542 0.1150338 0.1050225 0.1121359 0.0059211 0.1220568 0.0540596 0.0540596 0.0545511 
Dasyuridae_Planigale_tenuirostris            0.1103765 0.1222290 0.1016661 0.1151732 0.1174384 0.0204634 0.0977838 0.1029470 0.1144838 0.1021915 0.0982403 0.0252643 0.0228073 0.1035774 0.1072336 0.0251786 0.0194522 0.0000000 0.1294056 0.1052556 0.1088145 0.1419234 0.1424156 0.0255299 0.1129691 0.1124034 0.0998432 0.1307583 0.1278484 0.1094200 0.0979988 0.1129978 0.0193934 0.1176042 0.0469949 0.0469949 0.0496687 
Peramelidae_Echymipera_kalubu                0.1189512 0.1270578 0.1253116 0.1305225 0.1306576 0.1372602 0.1063085 0.1148651 0.1324065 0.0252397 0.1063999 0.1732749 0.1391383 0.1162433 0.1264619 0.1750507 0.1350622 0.1294056 0.0000000 0.1167304 0.1191010 0.1627066 0.1631049 0.1426838 0.1333144 0.1243177 0.1117750 0.1455696 0.1359829 0.1288936 0.1106959 0.0240168 0.1367944 0.0301752 0.2107075 0.2107075 0.0659811 
Macropodidae_Dorcopsulus_vanheurni           0.0790773 0.1077343 0.0809414 0.0295648 0.0271175 0.1085508 0.0664776 0.0741477 0.0282718 0.1087309 0.0657846 0.1315634 0.1092552 0.0739613 0.0756774 0.1302071 0.1073203 0.1052556 0.1167304 0.0000000 0.0664860 0.1269668 0.1322403 0.1061141 0.0416794 0.1087942 0.0626679 0.0145478 0.0862205 0.0769329 0.0715788 0.1147038 0.1075519 0.1110462 9.0000000 9.0000000 0.0584775 
Pseudochiridae_Pseudochirulus_forbesi        0.0739647 0.1085469 0.0795283 0.0803468 0.0820366 0.1179813 0.0658639 0.0750835 0.0826117 0.0963318 0.0681462 0.1518768 0.1214242 0.0734514 0.0634802 0.1517866 0.1148195 0.1088145 0.1191010 0.0664860 0.0000000 0.1456024 0.1472056 0.1231200 0.0854654 0.1046615 0.0364831 0.0947350 0.0811908 0.0656342 0.0701324 0.0981639 0.1170439 0.1154649 0.1799864 0.1799864 0.0139554 
Didelphidae_Didelphis_virginiana             0.1318023 0.1518370 0.1337297 0.1517606 0.1508297 0.1468050 0.1360503 0.1389591 0.1544372 0.1297490 0.1336450 0.1922827 0.1517859 0.1412289 0.1368029 0.1953050 0.1474794 0.1419234 0.1627066 0.1269668 0.1456024 0.0000000 0.0475095 0.1541287 0.1483744 0.1337278 0.1344111 0.1639372 0.1603119 0.1421438 0.1366706 0.1348782 0.1475580 0.1557713 0.2042393 0.2042393 0.0939079 
Marmosidae_Monodelphis_domestica             0.1380557 0.1427644 0.1368033 0.1574170 0.1547428 0.1520160 0.1382289 0.1477065 0.1587522 0.1279856 0.1384678 0.1932015 0.1547162 0.1484905 0.1399556 0.1945714 0.1478707 0.1424156 0.1631049 0.1322403 0.1472056 0.0475095 0.0000000 0.1546994 0.1561916 0.1326249 0.1369093 0.1678221 0.1600237 0.1434881 0.1433825 0.1338159 0.1519586 0.1536381 0.2238048 0.2238048 0.0844300 
Dasyuridae_Antechinus_stuartii               0.1168081 0.1394156 0.1140310 0.1254214 0.1274418 0.0207422 0.1124611 0.1184623 0.1218842 0.1075236 0.1133503 0.0097811 0.0315543 0.1198604 0.1212633 0.0097594 0.0192484 0.0255299 0.1426838 0.1061141 0.1231200 0.1541287 0.1546994 0.0000000 0.1160417 0.1179136 0.1159394 0.1398077 0.1393478 0.1244516 0.1162056 0.1179933 0.0191855 0.1270229 0.0722435 0.0722435 0.0609701 
Hypsiprymnodontidae_Hypsiprymnodon_moschatus 0.0795506 0.1170318 0.0952536 0.0540778 0.0523805 0.1153298 0.0785520 0.0850449 0.0494336 0.1029719 0.0764294 0.1481565 0.1222138 0.0843999 0.0900954 0.1481674 0.1158308 0.1129691 0.1333144 0.0416794 0.0854654 0.1483744 0.1561916 0.1160417 0.0000000 0.1001346 0.0790202 0.0629431 0.1035250 0.0909585 0.0823020 0.1092504 0.1138305 0.1276396 0.2049011 0.2049011 0.0563363 
Microbiotheriidae_Dromiciops_gliroides       0.0946749 0.1188665 0.1030479 0.1007153 0.1053777 0.1177217 0.0918254 0.0999169 0.1037041 0.1104008 0.0899341 0.1480716 0.1192379 0.0957183 0.0977444 0.1469876 0.1174447 0.1124034 0.1243177 0.1087942 0.1046615 0.1337278 0.1326249 0.1179136 0.1001346 0.0000000 0.0887335 0.1013129 0.1161123 0.1036897 0.0953232 0.1223041 0.1174628 0.1108464 9.0000000 9.0000000 0.0796096 
Pseudochiridae_Petauroides_volans            0.0687341 0.1009122 0.0724441 0.0717757 0.0714556 0.1101705 0.0586520 0.0660511 0.0737272 0.0910584 0.0610592 0.1466497 0.1134703 0.0641419 0.0555815 0.1459007 0.1070690 0.0998432 0.1117750 0.0626679 0.0364831 0.1344111 0.1369093 0.1159394 0.0790202 0.0887335 0.0000000 0.0865639 0.0751570 0.0588438 0.0610398 0.0951423 0.1092548 0.1089762 0.1763240 0.1763240 0.0201492 
Macropodidae_Wallabia_bicolor                0.0967959 0.1402032 0.1034506 0.0480740 0.0444551 0.1394897 0.0909090 0.1005269 0.0479344 0.1063817 0.0932427 0.1632597 0.1406372 0.1001329 0.0997552 0.1622559 0.1366336 0.1307583 0.1455696 0.0145478 0.0947350 0.1639372 0.1678221 0.1398077 0.0629431 0.1013129 0.0865639 0.0000000 0.1121314 0.1012412 0.0959829 0.1123393 0.1376568 0.1401999 0.3302920 0.3302920 0.0548234 
Tarsipedidae_Tarsipes_rostratus              0.0948812 0.1359394 0.1021047 0.0996955 0.0990186 0.1410858 0.0799750 0.0879166 0.1011034 0.1065795 0.0820352 0.1767451 0.1403895 0.0870242 0.0889966 0.1738624 0.1371542 0.1278484 0.1359829 0.0862205 0.0811908 0.1603119 0.1600237 0.1393478 0.1035250 0.1161123 0.0751570 0.1121314 0.0000000 0.0894794 0.0851910 0.1120188 0.1381787 0.1301940 0.2994609 0.2994609 0.0430735 
Acrobatidae_Distoechurus_pennatus            0.0800136 0.1143194 0.0853632 0.0872605 0.0844656 0.1211959 0.0723684 0.0769658 0.0846828 0.1041803 0.0698786 0.1569089 0.1179031 0.0746603 0.0354654 0.1566770 0.1150338 0.1094200 0.1288936 0.0769329 0.0656342 0.1421438 0.1434881 0.1244516 0.0909585 0.1036897 0.0588438 0.1012412 0.0894794 0.0000000 0.0714667 0.1100039 0.1202364 0.1242192 0.1697937 0.1697937 0.0441424 
Phalangeridae_Phalanger_carmelitae           0.0619961 0.1127566 0.0745691 0.0799900 0.0794478 0.1060472 0.0215686 0.0139297 0.0806352 0.0877649 0.0111705 0.1468012 0.1130043 0.0076611 0.0739623 0.1466030 0.1050225 0.0979988 0.1106959 0.0715788 0.0701324 0.1366706 0.1433825 0.1162056 0.0823020 0.0953232 0.0610398 0.0959829 0.0851910 0.0714667 0.0000000 0.0912207 0.1065202 0.1051719 0.1835020 0.1835020 0.0398450 
Peramelidae_Peroryctes_raffrayana            0.1002562 0.1082617 0.1077001 0.1094839 0.1117667 0.1133246 0.0893989 0.0966763 0.1123384 0.0224875 0.0886119 0.1482877 0.1232370 0.0973367 0.1043175 0.1475033 0.1121359 0.1129978 0.0240168 0.1147038 0.0981639 0.1348782 0.1338159 0.1179933 0.1092504 0.1223041 0.0951423 0.1123393 0.1120188 0.1100039 0.0912207 0.0000000 0.1129831 0.0233716 9.0000000 9.0000000 0.0633978 
Dasyuridae_Dasyurus_geffroii                 0.1132107 0.1366897 0.1043537 0.1206570 0.1229283 0.0022578 0.1047405 0.1115624 0.1184244 0.1043765 0.1034029 0.0194777 0.0289419 0.1117282 0.1193942 0.0199162 0.0059211 0.0193934 0.1367944 0.1075519 0.1170439 0.1475580 0.1519586 0.0191855 0.1138305 0.1174628 0.1092548 0.1376568 0.1381787 0.1202364 0.1065202 0.1129831 0.0000000 0.1240046 0.0581211 0.0581211 0.0561189 
Peramelidae_Perameles_gunnii                 0.1117999 0.1181813 0.1194885 0.1235703 0.1241068 0.1244276 0.1011356 0.1093532 0.1248589 0.0023308 0.1011455 0.1625555 0.1237274 0.1094002 0.1189436 0.1629310 0.1220568 0.1176042 0.0301752 0.1110462 0.1154649 0.1557713 0.1536381 0.1270229 0.1276396 0.1108464 0.1089762 0.1401999 0.1301940 0.1242192 0.1051719 0.0233716 0.1240046 0.0000000 0.1812200 0.1812200 0.0695721 
Myrmecobiidae_Myrmecobius_fasciatus1         0.1696890 0.2075771 0.1420081 0.1910847 0.1898621 0.0581240 0.1779003 0.1901442 0.1801605 9.0000000 0.2009494 0.0629700 0.0538801 0.1895307 0.1914529 0.0709510 0.0540596 0.0469949 0.2107075 9.0000000 0.1799864 0.2042393 0.2238048 0.0722435 0.2049011 9.0000000 0.1763240 0.3302920 0.2994609 0.1697937 0.1835020 9.0000000 0.0581211 0.1812200 0.0000000 0.0000010 9.0000000 
Myrmecobiidae_Myrmecobius_fasciatus2         0.1696890 0.2075771 0.1420081 0.1910847 0.1898621 0.0581240 0.1779003 0.1901442 0.1801605 9.0000000 0.2009494 0.0629700 0.0538801 0.1895307 0.1914529 0.0709510 0.0540596 0.0469949 0.2107075 9.0000000 0.1799864 0.2042393 0.2238048 0.0722435 0.2049011 9.0000000 0.1763240 0.3302920 0.2994609 0.1697937 0.1835020 9.0000000 0.0581211 0.1812200 0.0000010 0.0000000 9.0000000 
Pseudochiridae_Pseudocheirus_occidentalis    0.0388752 0.0586540 0.0485917 0.0513748 0.0547142 0.0581178 0.0369805 0.0436386 0.0570030 0.0664888 0.0374058 0.1280368 0.0665891 0.0424367 0.0396219 0.1265926 0.0545511 0.0496687 0.0659811 0.0584775 0.0139554 0.0939079 0.0844300 0.0609701 0.0563363 0.0796096 0.0201492 0.0548234 0.0430735 0.0441424 0.0398450 0.0633978 0.0561189 0.0695721 9.0000000 9.0000000 0.0000000 
