35
Burramyidae_Burramys_parvus                  0.0000000 0.1062297 0.0824453 0.0874985 0.0945975 0.1021854 0.0898810 0.1023507 0.0879389 0.1319361 0.0901190 0.1231293 0.1152924 0.1043962 0.1085228 0.1212584 0.1196198 0.1129401 0.1247489 0.0824645 0.1128916 0.1256115 0.1356742 0.1222446 0.0753794 0.0954029 0.1080946 0.0821533 0.1094359 0.1139188 0.0910572 0.1071450 0.1129801 0.1188274 0.1333905 
Notoryctidae_Notoryctes_typhlops             0.1062297 0.0000000 0.0737709 0.0924041 0.0949997 0.1045175 0.0905167 0.0995548 0.0872356 0.1213635 0.0977936 0.1121652 0.1141306 0.0987913 0.1379861 0.1134522 0.1164934 0.1094259 0.1122832 0.0810560 0.1092646 0.1431559 0.1607008 0.1118995 0.0898005 0.0872991 0.1063671 0.0847608 0.1073420 0.1227460 0.0917142 0.1025540 0.1191110 0.1107310 0.1223598 
Vombatidae_Lasiorhinus_latifrons             0.0824453 0.0737709 0.0000000 0.0604899 0.0634279 0.0884097 0.0664050 0.0738266 0.0596596 0.1161967 0.0724408 0.0974625 0.0966735 0.0759313 0.1051711 0.0982810 0.0982271 0.0925688 0.1065308 0.0540584 0.0788070 0.1183249 0.1227634 0.0971926 0.0619014 0.0748295 0.0751493 0.0545478 0.0763927 0.0959710 0.0613580 0.0788960 0.1114562 0.0947882 0.1157536 
Potoroidae_Bettongia_penicillata             0.0874985 0.0924041 0.0604899 0.0000000 0.0059424 0.1038854 0.0754040 0.0855011 0.0142780 0.1315030 0.0762058 0.1092718 0.1152547 0.0877800 0.1276582 0.1133431 0.1139520 0.1081652 0.1207156 0.0239873 0.0887039 0.1298448 0.1482860 0.1108437 0.0458938 0.0852565 0.0840069 0.0224386 0.0863475 0.1032667 0.0704583 0.0884649 0.1206916 0.1104547 0.1305882 
Potoroidae_Bettongia_lesueur                 0.0945975 0.0949997 0.0634279 0.0059424 0.0000000 0.1074016 0.0790667 0.0885818 0.0175519 0.1280722 0.0782316 0.1122869 0.1172968 0.0898952 0.1370325 0.1165681 0.1182545 0.1123024 0.1184456 0.0249330 0.0913026 0.1376088 0.1601892 0.1139318 0.0490519 0.0921362 0.0848609 0.0253237 0.0901747 0.1103409 0.0713560 0.0903977 0.1181908 0.1145497 0.1289238 
Dasyuridae_Dasyurus_maculatus                0.1021854 0.1045175 0.0884097 0.1038854 0.1074016 0.0000000 0.1054079 0.1142588 0.1049940 0.1354289 0.1158939 0.0232209 0.0369585 0.1152684 0.2033245 0.0245721 0.0057665 0.0338890 0.1278615 0.0913072 0.1184696 0.1229426 0.1739688 0.0240821 0.0916157 0.0951025 0.1245658 0.0936979 0.1198816 0.1286898 0.1122628 0.1135858 0.1238187 0.0057881 0.1356966 
Phalangeridae_Trichosurus_vulpecula          0.0898810 0.0905167 0.0664050 0.0754040 0.0790667 0.1054079 0.0000000 0.0322228 0.0735919 0.1256178 0.0299767 0.1166226 0.1091379 0.0363774 0.1028034 0.1180932 0.1171920 0.1078646 0.1197377 0.0665889 0.0943684 0.1382253 0.1444859 0.1146190 0.0790141 0.0897356 0.0921975 0.0674322 0.0918548 0.1023307 0.0744259 0.0383234 0.1210013 0.1142275 0.1219760 
Phalangeridae_Spilocuscus_maculatus          0.1023507 0.0995548 0.0738266 0.0855011 0.0885818 0.1142588 0.0322228 0.0000000 0.0845886 0.1284608 0.0138442 0.1245587 0.1121248 0.0154463 0.1004237 0.1280309 0.1240965 0.1179324 0.1243867 0.0764001 0.1051689 0.1438224 0.1343206 0.1209862 0.0901510 0.0952763 0.1062296 0.0772033 0.1054432 0.1150949 0.0826640 0.0160951 0.1244478 0.1195459 0.1260133 
Potoroidae_Aepyprymnus_rufescens             0.0879389 0.0872356 0.0596596 0.0142780 0.0175519 0.1049940 0.0735919 0.0845886 0.0000000 0.1325036 0.0780635 0.1116961 0.1161514 0.0872432 0.1308166 0.1142224 0.1154477 0.1094767 0.1195106 0.0248326 0.0880481 0.1291872 0.1612737 0.1122299 0.0464946 0.0875334 0.0820829 0.0228860 0.0870897 0.1031028 0.0667655 0.0879738 0.1204891 0.1108754 0.1305579 
Peramelidae_Perameles_nasuta                 0.1319361 0.1213635 0.1161967 0.1315030 0.1280722 0.1354289 0.1256178 0.1284608 0.1325036 0.0000000 0.1192445 0.1561344 0.1504219 0.1328691 0.1683250 0.1542619 0.1579047 0.1481591 0.0271357 0.1206167 0.1529788 0.1564583 0.1906165 0.1564619 0.1246684 0.1236310 0.1549304 0.1227886 0.1540080 0.1560334 0.1316093 0.1348616 0.0470719 0.1571980 0.0040385 
Phalangeridae_Strigocuscus_pelengensis       0.0901190 0.0977936 0.0724408 0.0762058 0.0782316 0.1158939 0.0299767 0.0138442 0.0780635 0.1192445 0.0000000 0.1164938 0.1079580 0.0129992 0.1017190 0.1174034 0.1153613 0.1104455 0.1165953 0.0692835 0.1074052 0.1370562 0.1361979 0.1161708 0.0741198 0.0913838 0.1029720 0.0703999 0.1053628 0.1054153 0.0859319 0.0138797 0.1094991 0.1162675 0.1153610 
Dasyuridae_Phascogale_tapoatafa              0.1231293 0.1121652 0.0974625 0.1092718 0.1122869 0.0232209 0.1166226 0.1245587 0.1116961 0.1561344 0.1164938 0.0000000 0.0441592 0.1259434 0.1983273 0.0106819 0.0278631 0.0341419 0.1496169 0.0990772 0.1234604 0.1399342 0.1683427 0.0167194 0.1072661 0.1029062 0.1320335 0.1012561 0.1290815 0.1460921 0.1199855 0.1248132 0.1424993 0.0259499 0.1579277 
Dasyuridae_Sminthopsis_macroura              0.1152924 0.1141306 0.0966735 0.1152547 0.1172968 0.0369585 0.1091379 0.1121248 0.1161514 0.1504219 0.1079580 0.0441592 0.0000000 0.1136642 0.1842933 0.0449997 0.0410965 0.0380650 0.1420726 0.1017622 0.1253234 0.1429182 0.1762603 0.0377399 0.1136435 0.1070269 0.1338100 0.1050028 0.1323717 0.1467810 0.1191380 0.1130086 0.1367844 0.0386236 0.1504689 
Phalangeridae_Phalanger_orientalis           0.1043962 0.0987913 0.0759313 0.0877800 0.0898952 0.1152684 0.0363774 0.0154463 0.0872432 0.1328691 0.0129992 0.1259434 0.1136642 0.0000000 0.1061453 0.1280996 0.1241011 0.1174415 0.1286674 0.0780499 0.1049032 0.1487235 0.1402102 0.1193905 0.0928919 0.0981174 0.1044329 0.0812733 0.1077152 0.1189759 0.0876155 0.0044005 0.1267642 0.1205944 0.1306713 
Acrobatidae_Acrobates_pygmaeus               0.1085228 0.1379861 0.1051711 0.1276582 0.1370325 0.2033245 0.1028034 0.1004237 0.1308166 0.1683250 0.1017190 0.1983273 0.1842933 0.1061453 0.0000000 0.1958077 0.2039455 0.1978479 0.1608886 0.1186389 0.1421733 0.1754615 0.1765217 0.2008111 0.1190164 0.1430189 0.1398176 0.1142723 0.1333441 0.1200716 0.0614046 0.1124826 0.1543723 0.2027136 0.1658291 
Dasyuridae_Phascogale_calura                 0.1212584 0.1134522 0.0982810 0.1133431 0.1165681 0.0245721 0.1180932 0.1280309 0.1142224 0.1542619 0.1174034 0.0106819 0.0449997 0.1280996 0.1958077 0.0000000 0.0312364 0.0386660 0.1477513 0.1029432 0.1274165 0.1351043 0.1703342 0.0214976 0.1102506 0.1039741 0.1346145 0.1045936 0.1332190 0.1475328 0.1209587 0.1264400 0.1406737 0.0313990 0.1548965 
Dasyuridae_Sarcophilus_harrisii              0.1196198 0.1164934 0.0982271 0.1139520 0.1182545 0.0057665 0.1171920 0.1240965 0.1154477 0.1579047 0.1153613 0.0278631 0.0410965 0.1241011 0.2039455 0.0312364 0.0000000 0.0354014 0.1494016 0.1037584 0.1273306 0.1392096 0.1750961 0.0250306 0.1079441 0.1070439 0.1373362 0.1059599 0.1318132 0.1506685 0.1245378 0.1237604 0.1378801 0.0080568 0.1591996 
Dasyuridae_Planigale_tenuirostris            0.1129401 0.1094259 0.0925688 0.1081652 0.1123024 0.0338890 0.1078646 0.1179324 0.1094767 0.1481591 0.1104455 0.0341419 0.0380650 0.1174415 0.1978479 0.0386660 0.0354014 0.0000000 0.1383950 0.0989204 0.1236877 0.1413141 0.1816724 0.0315450 0.1058024 0.0971504 0.1322412 0.1022161 0.1271532 0.1414953 0.1174499 0.1191527 0.1338060 0.0357819 0.1499145 
Peramelidae_Echymipera_kalubu                0.1247489 0.1122832 0.1065308 0.1207156 0.1184456 0.1278615 0.1197377 0.1243867 0.1195106 0.0271357 0.1165953 0.1496169 0.1420726 0.1286674 0.1608886 0.1477513 0.1494016 0.1383950 0.0000000 0.1097742 0.1415347 0.1473977 0.1859671 0.1492360 0.1157151 0.1166480 0.1431433 0.1113156 0.1416520 0.1503818 0.1182154 0.1296430 0.0380433 0.1464553 0.0253225 
Macropodidae_Dorcopsulus_vanheurni           0.0824645 0.0810560 0.0540584 0.0239873 0.0249330 0.0913072 0.0665889 0.0764001 0.0248326 0.1206167 0.0692835 0.0990772 0.1017622 0.0780499 0.1186389 0.1029432 0.1037584 0.0989204 0.1097742 0.0000000 0.0788148 0.1195283 0.1384040 0.0998316 0.0398748 0.0848664 0.0773870 0.0072443 0.0773894 0.0925150 0.0604995 0.0791330 0.1086151 0.0987447 0.1187705 
Pseudochiridae_Pseudochirulus_forbesi        0.1128916 0.1092646 0.0788070 0.0887039 0.0913026 0.1184696 0.0943684 0.1051689 0.0880481 0.1529788 0.1074052 0.1234604 0.1253234 0.1049032 0.1421733 0.1274165 0.1273306 0.1236877 0.1415347 0.0788148 0.0000000 0.1518473 0.2211917 0.1219728 0.0872590 0.1032345 0.0536376 0.0797749 0.0209910 0.0927071 0.0726186 0.1109230 0.1508120 0.1221542 0.1499579 
Didelphidae_Didelphis_virginiana             0.1256115 0.1431559 0.1183249 0.1298448 0.1376088 0.1229426 0.1382253 0.1438224 0.1291872 0.1564583 0.1370562 0.1399342 0.1429182 0.1487235 0.1754615 0.1351043 0.1392096 0.1413141 0.1473977 0.1195283 0.1518473 0.0000000 0.0572482 0.1412146 0.1223456 0.1291499 0.1586290 0.1207594 0.1534129 0.1596083 0.1396074 0.1515427 0.1424925 0.1388898 0.1566552 
Marmosidae_Monodelphis_domestica             0.1356742 0.1607008 0.1227634 0.1482860 0.1601892 0.1739688 0.1444859 0.1343206 0.1612737 0.1906165 0.1361979 0.1683427 0.1762603 0.1402102 0.1765217 0.1703342 0.1750961 0.1816724 0.1859671 0.1384040 0.2211917 0.0572482 0.0000000 0.1766801 0.1370077 0.1398275 0.2180190 0.1426055 0.2150394 0.1939056 0.1773717 0.1417526 0.1749999 0.1749350 0.1898370 
Dasyuridae_Antechinus_stuartii               0.1222446 0.1118995 0.0971926 0.1108437 0.1139318 0.0240821 0.1146190 0.1209862 0.1122299 0.1564619 0.1161708 0.0167194 0.0377399 0.1193905 0.2008111 0.0214976 0.0250306 0.0315450 0.1492360 0.0998316 0.1219728 0.1412146 0.1766801 0.0000000 0.1091602 0.1035212 0.1325913 0.1020046 0.1292952 0.1494754 0.1202167 0.1181772 0.1405068 0.0231299 0.1583443 
Hypsiprymnodontidae_Hypsiprymnodon_moschatus 0.0753794 0.0898005 0.0619014 0.0458938 0.0490519 0.0916157 0.0790141 0.0901510 0.0464946 0.1246684 0.0741198 0.1072661 0.1136435 0.0928919 0.1190164 0.1102506 0.1079441 0.1058024 0.1157151 0.0398748 0.0872590 0.1223456 0.1370077 0.1091602 0.0000000 0.0892662 0.0853371 0.0390448 0.0833343 0.0954182 0.0692553 0.0952801 0.1132397 0.1063631 0.1249392 
Microbiotheriidae_Dromiciops_gliroides       0.0954029 0.0872991 0.0748295 0.0852565 0.0921362 0.0951025 0.0897356 0.0952763 0.0875334 0.1236310 0.0913838 0.1029062 0.1070269 0.0981174 0.1430189 0.1039741 0.1070439 0.0971504 0.1166480 0.0848664 0.1032345 0.1291499 0.1398275 0.1035212 0.0892662 0.0000000 0.1052924 0.0859606 0.1002739 0.1074662 0.0951178 0.0990775 0.1157371 0.1090482 0.1259930 
Pseudochiridae_Petauroides_volans            0.1080946 0.1063671 0.0751493 0.0840069 0.0848609 0.1245658 0.0921975 0.1062296 0.0820829 0.1549304 0.1029720 0.1320335 0.1338100 0.1044329 0.1398176 0.1346145 0.1373362 0.1322412 0.1431433 0.0773870 0.0536376 0.1586290 0.2180190 0.1325913 0.0853371 0.1052924 0.0000000 0.0783357 0.0476744 0.0867539 0.0717648 0.1089158 0.1467237 0.1330636 0.1541523 
Macropodidae_Wallabia_bicolor                0.0821533 0.0847608 0.0545478 0.0224386 0.0253237 0.0936979 0.0674322 0.0772033 0.0228860 0.1227886 0.0703999 0.1012561 0.1050028 0.0812733 0.1142723 0.1045936 0.1059599 0.1022161 0.1113156 0.0072443 0.0797749 0.1207594 0.1426055 0.1020046 0.0390448 0.0859606 0.0783357 0.0000000 0.0774511 0.0950549 0.0614424 0.0829062 0.1110797 0.1015714 0.1220301 
Pseudochiridae_Pseudocheirus_occidentalis    0.1094359 0.1073420 0.0763927 0.0863475 0.0901747 0.1198816 0.0918548 0.1054432 0.0870897 0.1540080 0.1053628 0.1290815 0.1323717 0.1077152 0.1333441 0.1332190 0.1318132 0.1271532 0.1416520 0.0773894 0.0209910 0.1534129 0.2150394 0.1292952 0.0833343 0.1002739 0.0476744 0.0774511 0.0000000 0.0881554 0.0684264 0.1106768 0.1512920 0.1267695 0.1529605 
Tarsipedidae_Tarsipes_rostratus              0.1139188 0.1227460 0.0959710 0.1032667 0.1103409 0.1286898 0.1023307 0.1150949 0.1031028 0.1560334 0.1054153 0.1460921 0.1467810 0.1189759 0.1200716 0.1475328 0.1506685 0.1414953 0.1503818 0.0925150 0.0927071 0.1596083 0.1939056 0.1494754 0.0954182 0.1074662 0.0867539 0.0950549 0.0881554 0.0000000 0.0852959 0.1237750 0.1512378 0.1471140 0.1569181 
Acrobatidae_Distoechurus_pennatus            0.0910572 0.0917142 0.0613580 0.0704583 0.0713560 0.1122628 0.0744259 0.0826640 0.0667655 0.1316093 0.0859319 0.1199855 0.1191380 0.0876155 0.0614046 0.1209587 0.1245378 0.1174499 0.1182154 0.0604995 0.0726186 0.1396074 0.1773717 0.1202167 0.0692553 0.0951178 0.0717648 0.0614424 0.0684264 0.0852959 0.0000000 0.0904565 0.1228106 0.1187554 0.1301414 
Phalangeridae_Phalanger_carmelitae           0.1071450 0.1025540 0.0788960 0.0884649 0.0903977 0.1135858 0.0383234 0.0160951 0.0879738 0.1348616 0.0138797 0.1248132 0.1130086 0.0044005 0.1124826 0.1264400 0.1237604 0.1191527 0.1296430 0.0791330 0.1109230 0.1515427 0.1417526 0.1181772 0.0952801 0.0990775 0.1089158 0.0829062 0.1106768 0.1237750 0.0904565 0.0000000 0.1321920 0.1195431 0.1310660 
Peramelidae_Peroryctes_raffrayana            0.1129801 0.1191110 0.1114562 0.1206916 0.1181908 0.1238187 0.1210013 0.1244478 0.1204891 0.0470719 0.1094991 0.1424993 0.1367844 0.1267642 0.1543723 0.1406737 0.1378801 0.1338060 0.0380433 0.1086151 0.1508120 0.1424925 0.1749999 0.1405068 0.1132397 0.1157371 0.1467237 0.1110797 0.1512920 0.1512378 0.1228106 0.1321920 0.0000000 0.1360778 0.0451952 
Dasyuridae_Dasyurus_geffroii                 0.1188274 0.1107310 0.0947882 0.1104547 0.1145497 0.0057881 0.1142275 0.1195459 0.1108754 0.1571980 0.1162675 0.0259499 0.0386236 0.1205944 0.2027136 0.0313990 0.0080568 0.0357819 0.1464553 0.0987447 0.1221542 0.1388898 0.1749350 0.0231299 0.1063631 0.1090482 0.1330636 0.1015714 0.1267695 0.1471140 0.1187554 0.1195431 0.1360778 0.0000000 0.1567200 
Peramelidae_Perameles_gunnii                 0.1333905 0.1223598 0.1157536 0.1305882 0.1289238 0.1356966 0.1219760 0.1260133 0.1305579 0.0040385 0.1153610 0.1579277 0.1504689 0.1306713 0.1658291 0.1548965 0.1591996 0.1499145 0.0253225 0.1187705 0.1499579 0.1566552 0.1898370 0.1583443 0.1249392 0.1259930 0.1541523 0.1220301 0.1529605 0.1569181 0.1301414 0.1310660 0.0451952 0.1567200 0.0000000 
