35
Burramyidae_Burramys_parvus                  0.0000000 0.0951184 0.0504921 0.0616015 0.0604047 0.0946729 0.0436921 0.0446356 0.0604472 0.1103190 0.0412863 0.0951312 0.0968470 0.0437956 0.0644489 0.0945139 0.0934965 0.0919985 0.1089334 0.0556214 0.0603464 0.0757002 0.1072598 0.0954983 0.0526275 0.0753443 0.0489464 0.0569500 0.0642163 0.0872526 0.0621107 0.0439890 0.0867163 0.0912572 0.0881618 
Notoryctidae_Notoryctes_typhlops             0.0951184 0.0000000 0.0898109 0.1028275 0.1028250 0.1222078 0.0951846 0.0957084 0.0993264 0.1306937 0.0943151 0.1206598 0.1226847 0.0936139 0.1135130 0.1189740 0.1191841 0.1155888 0.1356953 0.0974108 0.1030370 0.1096296 0.1360008 0.1200738 0.0970014 0.0960907 0.0944113 0.1036370 0.1089652 0.1368246 0.1115176 0.0955854 0.1147583 0.1183724 0.1109088 
Vombatidae_Lasiorhinus_latifrons             0.0504921 0.0898109 0.0000000 0.0705864 0.0693866 0.0965420 0.0501854 0.0501777 0.0668873 0.1013236 0.0458337 0.0971065 0.0980757 0.0480596 0.0647002 0.0946458 0.0953629 0.0918634 0.0933707 0.0604977 0.0591276 0.0802329 0.1123306 0.0972700 0.0585144 0.0664285 0.0493051 0.0631354 0.0630538 0.0930725 0.0613386 0.0474587 0.0794717 0.0931233 0.0841850 
Potoroidae_Bettongia_penicillata             0.0616015 0.1028275 0.0705864 0.0000000 0.0020332 0.1100882 0.0627288 0.0623725 0.0117877 0.1263155 0.0594266 0.1104273 0.1070866 0.0602107 0.0764231 0.1087474 0.1074672 0.1055174 0.1239619 0.0196292 0.0793152 0.0942871 0.1246349 0.1128724 0.0417123 0.0919336 0.0637031 0.0224087 0.0838364 0.1055279 0.0765565 0.0596708 0.0949284 0.1064841 0.1005873 
Potoroidae_Bettongia_lesueur                 0.0604047 0.1028250 0.0693866 0.0020332 0.0000000 0.1111136 0.0615497 0.0620144 0.0109431 0.1238778 0.0590573 0.1114495 0.1076190 0.0598557 0.0755889 0.1098083 0.1084834 0.1050208 0.1200222 0.0184211 0.0780646 0.0936607 0.1240504 0.1128327 0.0396216 0.0895957 0.0633368 0.0211836 0.0825993 0.1046730 0.0756995 0.0593153 0.0945047 0.1074957 0.1002038 
Dasyuridae_Dasyurus_maculatus                0.0946729 0.1222078 0.0965420 0.1100882 0.1111136 0.0000000 0.0952389 0.0981196 0.1092740 0.1445605 0.0911424 0.0155956 0.0216786 0.0909164 0.1118932 0.0141521 0.0057840 0.0227223 0.1408527 0.1029971 0.1066091 0.1103305 0.1406004 0.0155241 0.1021164 0.1005349 0.0968541 0.1033373 0.1114908 0.1446727 0.1104644 0.0946923 0.1128566 0.0033493 0.1184068 
Phalangeridae_Trichosurus_vulpecula          0.0436921 0.0951846 0.0501854 0.0627288 0.0615497 0.0952389 0.0000000 0.0160404 0.0596122 0.1068683 0.0147018 0.0941823 0.0958540 0.0156705 0.0581662 0.0924471 0.0931084 0.0930138 0.1035768 0.0531581 0.0577250 0.0831065 0.1170674 0.0944074 0.0540961 0.0771827 0.0492638 0.0544452 0.0629049 0.0873470 0.0555647 0.0160387 0.0855155 0.0922763 0.0909581 
Phalangeridae_Spilocuscus_maculatus          0.0446356 0.0957084 0.0501777 0.0623725 0.0620144 0.0981196 0.0160404 0.0000000 0.0613678 0.1096827 0.0062205 0.0980258 0.0996717 0.0078958 0.0590473 0.0962707 0.0959700 0.0950834 0.1064599 0.0540136 0.0585616 0.0838856 0.1187078 0.0983437 0.0539863 0.0772834 0.0479347 0.0561304 0.0616499 0.0856349 0.0552421 0.0073862 0.0833741 0.0951318 0.0900144 
Potoroidae_Aepyprymnus_rufescens             0.0604472 0.0993264 0.0668873 0.0117877 0.0109431 0.1092740 0.0596122 0.0613678 0.0000000 0.1189016 0.0579283 0.1106080 0.1066435 0.0588061 0.0736010 0.1089641 0.1066948 0.1038250 0.1153183 0.0157432 0.0764371 0.0899886 0.1276177 0.1108285 0.0368248 0.0887274 0.0614956 0.0178694 0.0801437 0.1021858 0.0749376 0.0586704 0.0900729 0.1056602 0.0970888 
Peramelidae_Perameles_nasuta                 0.1103190 0.1306937 0.1013236 0.1263155 0.1238778 0.1445605 0.1068683 0.1096827 0.1189016 0.0000000 0.1059377 0.1407190 0.1506862 0.1073368 0.1473983 0.1395775 0.1471863 0.1437663 0.0147814 0.1173432 0.1309009 0.1008762 0.1538073 0.1418905 0.1164115 0.1154804 0.1134266 0.1188567 0.1373132 0.1810119 0.1429415 0.1116757 0.0125531 0.1417646 0.0005964 
Phalangeridae_Strigocuscus_pelengensis       0.0412863 0.0943151 0.0458337 0.0594266 0.0590573 0.0911424 0.0147018 0.0062205 0.0579283 0.1059377 0.0000000 0.0902124 0.0917895 0.0064681 0.0566064 0.0884570 0.0890246 0.0879953 0.1035504 0.0501032 0.0543938 0.0782749 0.1132668 0.0896081 0.0514875 0.0738274 0.0449483 0.0512267 0.0588681 0.0840493 0.0542844 0.0059761 0.0800510 0.0886741 0.0868163 
Dasyuridae_Phascogale_tapoatafa              0.0951312 0.1206598 0.0971065 0.1104273 0.1114495 0.0155956 0.0941823 0.0980258 0.1106080 0.1407190 0.0902124 0.0000000 0.0201054 0.0926385 0.1126701 0.0027659 0.0149838 0.0213648 0.1370644 0.1033591 0.1103458 0.1122295 0.1377146 0.0098389 0.1032219 0.1014067 0.1002264 0.1036994 0.1138290 0.1423862 0.1084495 0.0969970 0.1147734 0.0138284 0.1192689 
Dasyuridae_Sminthopsis_macroura              0.0968470 0.1226847 0.0980757 0.1070866 0.1076190 0.0216786 0.0958540 0.0996717 0.1066435 0.1506862 0.0917895 0.0201054 0.0000000 0.0933385 0.1133299 0.0204187 0.0216064 0.0155021 0.1486125 0.1016031 0.1092449 0.1110088 0.1432376 0.0230116 0.1039868 0.1023483 0.1009175 0.1019342 0.1143969 0.1380111 0.1095454 0.0972562 0.1162887 0.0198451 0.1207805 
Phalangeridae_Phalanger_orientalis           0.0437956 0.0936139 0.0480596 0.0602107 0.0598557 0.0909164 0.0156705 0.0078958 0.0588061 0.1073368 0.0064681 0.0926385 0.0933385 0.0000000 0.0572927 0.0917717 0.0893110 0.0918526 0.1041383 0.0523972 0.0551302 0.0810356 0.1154425 0.0933983 0.0517504 0.0752088 0.0463658 0.0544816 0.0600790 0.0839749 0.0551324 0.0029719 0.0807164 0.0884939 0.0881848 
Acrobatidae_Acrobates_pygmaeus               0.0644489 0.1135130 0.0647002 0.0764231 0.0755889 0.1118932 0.0581662 0.0590473 0.0736010 0.1473983 0.0566064 0.1126701 0.1133299 0.0572927 0.0000000 0.1096067 0.1111466 0.1089312 0.1450630 0.0669897 0.0674419 0.0987136 0.1363918 0.1133390 0.0661938 0.0867110 0.0589419 0.0692710 0.0729432 0.0932420 0.0362417 0.0577564 0.1040368 0.1087829 0.1078352 
Dasyuridae_Phascogale_calura                 0.0945139 0.1189740 0.0946458 0.1087474 0.1098083 0.0141521 0.0924471 0.0962707 0.1089641 0.1395775 0.0884570 0.0027659 0.0204187 0.0917717 0.1096067 0.0000000 0.0135471 0.0192239 0.1359435 0.1017726 0.1077638 0.1132413 0.1387955 0.0084747 0.1024364 0.0997186 0.0977160 0.1021051 0.1117456 0.1416429 0.1058423 0.0942727 0.1146451 0.0124014 0.1191331 
Dasyuridae_Sarcophilus_harrisii              0.0934965 0.1191841 0.0953629 0.1074672 0.1084834 0.0057840 0.0931084 0.0959700 0.1066948 0.1471863 0.0890246 0.0149838 0.0216064 0.0893110 0.1111466 0.0135471 0.0000000 0.0217222 0.1422996 0.1017798 0.1069673 0.1097797 0.1396394 0.0134186 0.1021412 0.0978381 0.0965981 0.1021140 0.1114693 0.1422679 0.1092001 0.0930559 0.1120814 0.0041798 0.1171039 
Dasyuridae_Planigale_tenuirostris            0.0919985 0.1155888 0.0918634 0.1055174 0.1050208 0.0227223 0.0930138 0.0950834 0.1038250 0.1437663 0.0879953 0.0213648 0.0155021 0.0918526 0.1089312 0.0192239 0.0217222 0.0000000 0.1399333 0.0968387 0.1039762 0.1044774 0.1383895 0.0214987 0.0984829 0.1001367 0.0947811 0.0980797 0.1086610 0.1379335 0.1075622 0.0935533 0.1105201 0.0205042 0.1143166 
Peramelidae_Echymipera_kalubu                0.1089334 0.1356953 0.0933707 0.1239619 0.1200222 0.1408527 0.1035768 0.1064599 0.1153183 0.0147814 0.1035504 0.1370644 0.1486125 0.1041383 0.1450630 0.1359435 0.1422996 0.1399333 0.0000000 0.1147008 0.1257032 0.0952674 0.1573959 0.1373301 0.1121898 0.1161932 0.1089713 0.1161917 0.1346116 0.1852564 0.1397180 0.1084174 0.0096738 0.1380939 0.0147759 
Macropodidae_Dorcopsulus_vanheurni           0.0556214 0.0974108 0.0604977 0.0196292 0.0184211 0.1029971 0.0531581 0.0540136 0.0157432 0.1173432 0.0501032 0.1033591 0.1016031 0.0523972 0.0669897 0.1017726 0.1017798 0.0968387 0.1147008 0.0000000 0.0705909 0.0877960 0.1202798 0.1049986 0.0305910 0.0805287 0.0573884 0.0056328 0.0755952 0.0963482 0.0674624 0.0518564 0.0898490 0.0994814 0.0948021 
Pseudochiridae_Pseudochirulus_forbesi        0.0603464 0.1030370 0.0591276 0.0793152 0.0780646 0.1066091 0.0577250 0.0585616 0.0764371 0.1309009 0.0543938 0.1103458 0.1092449 0.0551302 0.0674419 0.1077638 0.1069673 0.1039762 0.1257032 0.0705909 0.0000000 0.0950831 0.1322232 0.1069204 0.0678570 0.0853965 0.0282125 0.0703464 0.0281101 0.0835771 0.0667762 0.0557392 0.0979554 0.1046364 0.1034974 
Didelphidae_Didelphis_virginiana             0.0757002 0.1096296 0.0802329 0.0942871 0.0936607 0.1103305 0.0831065 0.0838856 0.0899886 0.1008762 0.0782749 0.1122295 0.1110088 0.0810356 0.0987136 0.1132413 0.1097797 0.1044774 0.0952674 0.0877960 0.0950831 0.0000000 0.0250645 0.1123978 0.0875076 0.0850767 0.0860136 0.0886783 0.1046609 0.1331597 0.0889832 0.0798209 0.0926391 0.1062110 0.1006630 
Marmosidae_Monodelphis_domestica             0.1072598 0.1360008 0.1123306 0.1246349 0.1240504 0.1406004 0.1170674 0.1187078 0.1276177 0.1538073 0.1132668 0.1377146 0.1432376 0.1154425 0.1363918 0.1387955 0.1396394 0.1383895 0.1573959 0.1202798 0.1322232 0.0250645 0.0000000 0.1358891 0.1171261 0.1071459 0.1219301 0.1228360 0.1420610 0.1695975 0.1309338 0.1147937 0.1247897 0.1356005 0.1290116 
Dasyuridae_Antechinus_stuartii               0.0954983 0.1200738 0.0972700 0.1128724 0.1128327 0.0155241 0.0944074 0.0983437 0.1108285 0.1418905 0.0896081 0.0098389 0.0230116 0.0933983 0.1133390 0.0084747 0.0134186 0.0214987 0.1373301 0.1049986 0.1069204 0.1123978 0.1358891 0.0000000 0.1027672 0.1021483 0.0985922 0.1042413 0.1126137 0.1432687 0.1095733 0.0972982 0.1137506 0.0131516 0.1196591 
Hypsiprymnodontidae_Hypsiprymnodon_moschatus 0.0526275 0.0970014 0.0585144 0.0417123 0.0396216 0.1021164 0.0540961 0.0539863 0.0368248 0.1164115 0.0514875 0.1032219 0.1039868 0.0517504 0.0661938 0.1024364 0.1021412 0.0984829 0.1121898 0.0305910 0.0678570 0.0875076 0.1171261 0.1027672 0.0000000 0.0797117 0.0584148 0.0322871 0.0725039 0.0928104 0.0677020 0.0508589 0.0892826 0.0993660 0.0947144 
Microbiotheriidae_Dromiciops_gliroides       0.0753443 0.0960907 0.0664285 0.0919336 0.0895957 0.1005349 0.0771827 0.0772834 0.0887274 0.1154804 0.0738274 0.1014067 0.1023483 0.0752088 0.0867110 0.0997186 0.0978381 0.1001367 0.1161932 0.0805287 0.0853965 0.0850767 0.1071459 0.1021483 0.0797117 0.0000000 0.0718076 0.0832752 0.0886235 0.1195183 0.0874963 0.0731134 0.0966616 0.0994460 0.0969341 
Pseudochiridae_Petauroides_volans            0.0489464 0.0944113 0.0493051 0.0637031 0.0633368 0.0968541 0.0492638 0.0479347 0.0614956 0.1134266 0.0449483 0.1002264 0.1009175 0.0463658 0.0589419 0.0977160 0.0965981 0.0947811 0.1089713 0.0573884 0.0282125 0.0860136 0.1219301 0.0985922 0.0584148 0.0718076 0.0000000 0.0587034 0.0321863 0.0759698 0.0553255 0.0469494 0.0847022 0.0943302 0.0911547 
Macropodidae_Wallabia_bicolor                0.0569500 0.1036370 0.0631354 0.0224087 0.0211836 0.1033373 0.0544452 0.0561304 0.0178694 0.1188567 0.0512267 0.1036994 0.1019342 0.0544816 0.0692710 0.1021051 0.1021140 0.0980797 0.1161917 0.0056328 0.0703464 0.0886783 0.1228360 0.1042413 0.0322871 0.0832752 0.0587034 0.0000000 0.0757432 0.0978867 0.0680652 0.0539397 0.0909480 0.0998051 0.0959631 
Pseudochiridae_Pseudocheirus_occidentalis    0.0642163 0.1089652 0.0630538 0.0838364 0.0825993 0.1114908 0.0629049 0.0616499 0.0801437 0.1373132 0.0588681 0.1138290 0.1143969 0.0600790 0.0729432 0.1117456 0.1114693 0.1086610 0.1346116 0.0755952 0.0281101 0.1046609 0.1420610 0.1126137 0.0725039 0.0886235 0.0321863 0.0757432 0.0000000 0.0908764 0.0723270 0.0611741 0.1030718 0.1091046 0.1072783 
Tarsipedidae_Tarsipes_rostratus              0.0872526 0.1368246 0.0930725 0.1055279 0.1046730 0.1446727 0.0873470 0.0856349 0.1021858 0.1810119 0.0840493 0.1423862 0.1380111 0.0839749 0.0932420 0.1416429 0.1422679 0.1379335 0.1852564 0.0963482 0.0835771 0.1331597 0.1695975 0.1432687 0.0928104 0.1195183 0.0759698 0.0978867 0.0908764 0.0000000 0.0855888 0.0881501 0.1293873 0.1403179 0.1314458 
Acrobatidae_Distoechurus_pennatus            0.0621107 0.1115176 0.0613386 0.0765565 0.0756995 0.1104644 0.0555647 0.0552421 0.0749376 0.1429415 0.0542844 0.1084495 0.1095454 0.0551324 0.0362417 0.1058423 0.1092001 0.1075622 0.1397180 0.0674624 0.0667762 0.0889832 0.1309338 0.1095733 0.0677020 0.0874963 0.0553255 0.0680652 0.0723270 0.0855888 0.0000000 0.0551628 0.1016425 0.1068279 0.1058747 
Phalangeridae_Phalanger_carmelitae           0.0439890 0.0955854 0.0474587 0.0596708 0.0593153 0.0946923 0.0160387 0.0073862 0.0586704 0.1116757 0.0059761 0.0969970 0.0972562 0.0029719 0.0577564 0.0942727 0.0930559 0.0935533 0.1084174 0.0518564 0.0557392 0.0798209 0.1147937 0.0972982 0.0508589 0.0731134 0.0469494 0.0539397 0.0611741 0.0881501 0.0551628 0.0000000 0.0828664 0.0922254 0.0904593 
Peramelidae_Peroryctes_raffrayana            0.0867163 0.1147583 0.0794717 0.0949284 0.0945047 0.1128566 0.0855155 0.0833741 0.0900729 0.0125531 0.0800510 0.1147734 0.1162887 0.0807164 0.1040368 0.1146451 0.1120814 0.1105201 0.0096738 0.0898490 0.0979554 0.0926391 0.1247897 0.1137506 0.0892826 0.0966616 0.0847022 0.0909480 0.1030718 0.1293873 0.1016425 0.0828664 0.0000000 0.1102169 0.0119496 
Dasyuridae_Dasyurus_geffroii                 0.0912572 0.1183724 0.0931233 0.1064841 0.1074957 0.0033493 0.0922763 0.0951318 0.1056602 0.1417646 0.0886741 0.0138284 0.0198451 0.0884939 0.1087829 0.0124014 0.0041798 0.0205042 0.1380939 0.0994814 0.1046364 0.1062110 0.1356005 0.0131516 0.0993660 0.0994460 0.0943302 0.0998051 0.1091046 0.1403179 0.1068279 0.0922254 0.1102169 0.0000000 0.1146738 
Peramelidae_Perameles_gunnii                 0.0881618 0.1109088 0.0841850 0.1005873 0.1002038 0.1184068 0.0909581 0.0900144 0.0970888 0.0005964 0.0868163 0.1192689 0.1207805 0.0881848 0.1078352 0.1191331 0.1171039 0.1143166 0.0147759 0.0948021 0.1034974 0.1006630 0.1290116 0.1196591 0.0947144 0.0969341 0.0911547 0.0959631 0.1072783 0.1314458 0.1058747 0.0904593 0.0119496 0.1146738 0.0000000 
