37
Burramyidae_Burramys_parvus                  0.0000000 0.0497173 0.0315222 0.0353066 0.0365456 0.0465956 0.0248570 0.0276401 0.0335410 0.0488954 0.0260895 0.0457674 0.0463110 0.0293877 0.0319118 0.0475015 0.0464531 0.0440761 0.0444077 0.0374318 0.0418355 0.0571849 0.0503725 0.0433156 0.0333916 0.0349560 0.0326394 0.0368369 0.0354786 0.0436680 0.0361400 0.0275310 0.0470633 0.0480595 0.0505667 0.0571590 0.0571590 
Notoryctidae_Notoryctes_typhlops             0.0497173 0.0000000 0.0447737 0.0532378 0.0536306 0.0570827 0.0429758 0.0473754 0.0525328 0.0541284 0.0454955 0.0545253 0.0557297 0.0490271 0.0503397 0.0553091 0.0590348 0.0507498 0.0531783 0.0532748 0.0577572 0.0658986 0.0627900 0.0554699 0.0524902 0.0486457 0.0474165 0.0526555 0.0497111 0.0582505 0.0558399 0.0459927 0.0547628 0.0589880 0.0574066 0.0648588 0.0648588 
Vombatidae_Lasiorhinus_latifrons             0.0315222 0.0447737 0.0000000 0.0389636 0.0392793 0.0403884 0.0275877 0.0298463 0.0349806 0.0469012 0.0298730 0.0383741 0.0401945 0.0333933 0.0350346 0.0392035 0.0402412 0.0383932 0.0449930 0.0383407 0.0425888 0.0540874 0.0496554 0.0387733 0.0339852 0.0353123 0.0296573 0.0371148 0.0344384 0.0463668 0.0383707 0.0320812 0.0436018 0.0412596 0.0485920 0.0054291 0.0054291 
Potoroidae_Bettongia_penicillata             0.0353066 0.0532378 0.0389636 0.0000000 0.0026690 0.0509695 0.0327135 0.0332456 0.0072860 0.0568702 0.0351927 0.0491441 0.0496573 0.0374261 0.0363629 0.0499003 0.0514972 0.0471285 0.0551953 0.0199018 0.0471314 0.0681610 0.0615551 0.0491484 0.0255233 0.0407753 0.0358894 0.0177623 0.0419419 0.0487383 0.0419205 0.0354868 0.0549299 0.0524195 0.0571009 0.0564079 0.0564079 
Potoroidae_Bettongia_lesueur                 0.0365456 0.0536306 0.0392793 0.0026690 0.0000000 0.0509303 0.0330305 0.0338473 0.0089357 0.0577241 0.0355445 0.0491732 0.0496865 0.0380601 0.0376242 0.0499296 0.0515281 0.0475938 0.0555921 0.0210598 0.0477687 0.0691121 0.0618843 0.0492128 0.0267124 0.0404883 0.0365299 0.0188958 0.0423451 0.0491183 0.0431969 0.0360989 0.0552293 0.0524505 0.0571352 0.0531566 0.0531566 
Dasyuridae_Dasyurus_maculatus                0.0465956 0.0570827 0.0403884 0.0509695 0.0509303 0.0000000 0.0425902 0.0439383 0.0497619 0.0574700 0.0441596 0.0095847 0.0126877 0.0475580 0.0474503 0.0101340 0.0032579 0.0155464 0.0546029 0.0516217 0.0547866 0.0662057 0.0608859 0.0098136 0.0495364 0.0495945 0.0450488 0.0507093 0.0454382 0.0568036 0.0509030 0.0455114 0.0556509 0.0021560 0.0577947 0.0467653 0.0467653 
Phalangeridae_Trichosurus_vulpecula          0.0248570 0.0429758 0.0275877 0.0327135 0.0330305 0.0425902 0.0000000 0.0126845 0.0294773 0.0457081 0.0143833 0.0417906 0.0420673 0.0156134 0.0290872 0.0429364 0.0427198 0.0383120 0.0435658 0.0336102 0.0377142 0.0539815 0.0483338 0.0409377 0.0290825 0.0315012 0.0282928 0.0323854 0.0321159 0.0383678 0.0338916 0.0141718 0.0442388 0.0434608 0.0462399 0.0511502 0.0511502 
Phalangeridae_Spilocuscus_maculatus          0.0276401 0.0473754 0.0298463 0.0332456 0.0338473 0.0439383 0.0126845 0.0000000 0.0299547 0.0504093 0.0098663 0.0437950 0.0446732 0.0101706 0.0298163 0.0449176 0.0450852 0.0389420 0.0469403 0.0347718 0.0414828 0.0583186 0.0533844 0.0429539 0.0313808 0.0346538 0.0289857 0.0338140 0.0350888 0.0386374 0.0347693 0.0084702 0.0488574 0.0454655 0.0499838 0.0545755 0.0545755 
Potoroidae_Aepyprymnus_rufescens             0.0335410 0.0525328 0.0349806 0.0072860 0.0089357 0.0497619 0.0294773 0.0299547 0.0000000 0.0570260 0.0318305 0.0479448 0.0491101 0.0335257 0.0355019 0.0487113 0.0499554 0.0460916 0.0544808 0.0179405 0.0452468 0.0675938 0.0613380 0.0479402 0.0235222 0.0399100 0.0341247 0.0163736 0.0386443 0.0455838 0.0395051 0.0316183 0.0547160 0.0512197 0.0568756 0.0532281 0.0532281 
Peramelidae_Perameles_nasuta                 0.0488954 0.0541284 0.0469012 0.0568702 0.0577241 0.0574700 0.0457081 0.0504093 0.0570260 0.0000000 0.0484462 0.0572199 0.0572680 0.0502609 0.0489831 0.0568971 0.0577445 0.0575394 0.0122602 0.0592709 0.0577157 0.0674771 0.0655385 0.0554976 0.0547887 0.0492858 0.0490222 0.0574586 0.0527887 0.0616033 0.0570068 0.0487154 0.0127341 0.0591959 0.0009459 0.0480504 0.0480504 
Phalangeridae_Strigocuscus_pelengensis       0.0260895 0.0454955 0.0298730 0.0351927 0.0355445 0.0441596 0.0143833 0.0098663 0.0318305 0.0484462 0.0000000 0.0440818 0.0445798 0.0109159 0.0315450 0.0451605 0.0449538 0.0402973 0.0456612 0.0364404 0.0423983 0.0585568 0.0549009 0.0434997 0.0314267 0.0356173 0.0311670 0.0360414 0.0336398 0.0401603 0.0360549 0.0094817 0.0465395 0.0456271 0.0487584 0.0484690 0.0484690 
Dasyuridae_Phascogale_tapoatafa              0.0457674 0.0545253 0.0383741 0.0491441 0.0491732 0.0095847 0.0417906 0.0437950 0.0479448 0.0572199 0.0440818 0.0000000 0.0115322 0.0470893 0.0463210 0.0005354 0.0096140 0.0138577 0.0544099 0.0497901 0.0542664 0.0643414 0.0580106 0.0058352 0.0483690 0.0464813 0.0442491 0.0492678 0.0456214 0.0572735 0.0494306 0.0453471 0.0558128 0.0101227 0.0575858 0.0460534 0.0460534 
Dasyuridae_Sminthopsis_macroura              0.0463110 0.0557297 0.0401945 0.0496573 0.0496865 0.0126877 0.0420673 0.0446732 0.0491101 0.0572680 0.0445798 0.0115322 0.0000000 0.0476192 0.0468595 0.0122569 0.0132994 0.0109045 0.0555274 0.0509402 0.0547578 0.0643498 0.0583784 0.0132759 0.0485690 0.0472020 0.0441897 0.0507547 0.0463204 0.0584590 0.0496228 0.0462045 0.0574096 0.0136985 0.0580506 0.0506763 0.0506763 
Phalangeridae_Phalanger_orientalis           0.0293877 0.0490271 0.0333933 0.0374261 0.0380601 0.0475580 0.0156134 0.0101706 0.0335257 0.0502609 0.0109159 0.0470893 0.0476192 0.0000000 0.0325242 0.0481785 0.0483524 0.0413767 0.0486224 0.0371126 0.0434836 0.0602117 0.0553194 0.0466092 0.0337206 0.0380855 0.0320553 0.0362064 0.0365672 0.0423145 0.0373689 0.0040100 0.0502098 0.0487394 0.0512552 0.0481773 0.0481773 
Acrobatidae_Acrobates_pygmaeus               0.0319118 0.0503397 0.0350346 0.0363629 0.0376242 0.0474503 0.0290872 0.0298163 0.0355019 0.0489831 0.0315450 0.0463210 0.0468595 0.0325242 0.0000000 0.0471040 0.0482878 0.0412445 0.0469162 0.0388684 0.0386817 0.0587359 0.0539784 0.0447736 0.0344470 0.0397816 0.0305630 0.0372265 0.0314760 0.0402657 0.0198182 0.0312392 0.0510106 0.0489547 0.0501849 0.0613205 0.0613205 
Dasyuridae_Phascogale_calura                 0.0475015 0.0553091 0.0392035 0.0499003 0.0499296 0.0101340 0.0429364 0.0449176 0.0487113 0.0568971 0.0451605 0.0005354 0.0122569 0.0481785 0.0471040 0.0000000 0.0101694 0.0141813 0.0548094 0.0505415 0.0556455 0.0639939 0.0583743 0.0063948 0.0494498 0.0471298 0.0450723 0.0500294 0.0465803 0.0579853 0.0505069 0.0467617 0.0556017 0.0105997 0.0577019 0.0444829 0.0444829 
Dasyuridae_Sarcophilus_harrisii              0.0464531 0.0590348 0.0402412 0.0514972 0.0515281 0.0032579 0.0427198 0.0450852 0.0499554 0.0577445 0.0449538 0.0096140 0.0132994 0.0483524 0.0482878 0.0101694 0.0000000 0.0158554 0.0548251 0.0528082 0.0550013 0.0661228 0.0615053 0.0103704 0.0500553 0.0491331 0.0452517 0.0519694 0.0460317 0.0573723 0.0511028 0.0463129 0.0556082 0.0038058 0.0580266 0.0420359 0.0420359 
Dasyuridae_Planigale_tenuirostris            0.0440761 0.0507498 0.0383932 0.0471285 0.0475938 0.0155464 0.0383120 0.0389420 0.0460916 0.0575394 0.0402973 0.0138577 0.0109045 0.0413767 0.0412445 0.0141813 0.0158554 0.0000000 0.0544468 0.0475272 0.0500863 0.0628045 0.0591602 0.0142830 0.0463593 0.0431001 0.0394180 0.0466507 0.0400418 0.0532433 0.0471887 0.0390983 0.0557367 0.0155424 0.0553118 9.0000000 9.0000000 
Peramelidae_Echymipera_kalubu                0.0444077 0.0531783 0.0449930 0.0551953 0.0555921 0.0546029 0.0435658 0.0469403 0.0544808 0.0122602 0.0456612 0.0544099 0.0555274 0.0486224 0.0469162 0.0548094 0.0548251 0.0544468 0.0000000 0.0565610 0.0557532 0.0634143 0.0604615 0.0537450 0.0511417 0.0478382 0.0462090 0.0550515 0.0490617 0.0601073 0.0527337 0.0468692 0.0088477 0.0564113 0.0111562 0.0443643 0.0443643 
Macropodidae_Dorcopsulus_vanheurni           0.0374318 0.0532748 0.0383407 0.0199018 0.0210598 0.0516217 0.0336102 0.0347718 0.0179405 0.0592709 0.0364404 0.0497901 0.0509402 0.0371126 0.0388684 0.0505415 0.0528082 0.0475272 0.0565610 0.0000000 0.0477014 0.0670660 0.0615389 0.0504726 0.0261054 0.0416865 0.0349338 0.0059409 0.0412037 0.0493846 0.0415992 0.0357853 0.0559768 0.0533896 0.0590585 0.0596880 0.0596880 
Pseudochiridae_Pseudochirulus_forbesi        0.0418355 0.0577572 0.0425888 0.0471314 0.0477687 0.0547866 0.0377142 0.0414828 0.0452468 0.0577157 0.0423983 0.0542664 0.0547578 0.0434836 0.0386817 0.0556455 0.0550013 0.0500863 0.0557532 0.0477014 0.0000000 0.0662180 0.0590223 0.0546617 0.0435324 0.0498149 0.0211990 0.0465034 0.0133399 0.0478261 0.0432974 0.0414569 0.0572920 0.0559247 0.0600281 0.0650063 0.0650063 
Didelphidae_Didelphis_virginiana             0.0571849 0.0658986 0.0540874 0.0681610 0.0691121 0.0662057 0.0539815 0.0583186 0.0675938 0.0674771 0.0585568 0.0643414 0.0643498 0.0602117 0.0587359 0.0639939 0.0661228 0.0628045 0.0634143 0.0670660 0.0662180 0.0000000 0.0177513 0.0649452 0.0620584 0.0578266 0.0577826 0.0673501 0.0613812 0.0697239 0.0649760 0.0583989 0.0653562 0.0670227 0.0678130 0.0598021 0.0598021 
Marmosidae_Monodelphis_domestica             0.0503725 0.0627900 0.0496554 0.0615551 0.0618843 0.0608859 0.0483338 0.0533844 0.0613380 0.0655385 0.0549009 0.0580106 0.0583784 0.0553194 0.0539784 0.0583743 0.0615053 0.0591602 0.0604615 0.0615389 0.0590223 0.0177513 0.0000000 0.0592589 0.0570933 0.0533049 0.0535604 0.0617377 0.0543762 0.0637779 0.0592771 0.0535404 0.0618419 0.0623267 0.0656161 0.0544088 0.0544088 
Dasyuridae_Antechinus_stuartii               0.0433156 0.0554699 0.0387733 0.0491484 0.0492128 0.0098136 0.0409377 0.0429539 0.0479402 0.0554976 0.0434997 0.0058352 0.0132759 0.0466092 0.0447736 0.0063948 0.0103704 0.0142830 0.0537450 0.0504726 0.0546617 0.0649452 0.0592589 0.0000000 0.0483815 0.0466539 0.0437149 0.0494976 0.0461133 0.0552421 0.0483764 0.0445705 0.0540569 0.0109603 0.0562504 0.0477364 0.0477364 
Hypsiprymnodontidae_Hypsiprymnodon_moschatus 0.0333916 0.0524902 0.0339852 0.0255233 0.0267124 0.0495364 0.0290825 0.0313808 0.0235222 0.0547887 0.0314267 0.0483690 0.0485690 0.0337206 0.0344470 0.0494498 0.0500553 0.0463593 0.0511417 0.0261054 0.0435324 0.0620584 0.0570933 0.0483815 0.0000000 0.0381663 0.0345628 0.0254434 0.0374118 0.0440551 0.0374774 0.0330188 0.0527326 0.0502780 0.0546772 0.0563094 0.0563094 
Microbiotheriidae_Dromiciops_gliroides       0.0349560 0.0486457 0.0353123 0.0407753 0.0404883 0.0495945 0.0315012 0.0346538 0.0399100 0.0492858 0.0356173 0.0464813 0.0472020 0.0380855 0.0397816 0.0471298 0.0491331 0.0431001 0.0478382 0.0416865 0.0498149 0.0578266 0.0533049 0.0466539 0.0381663 0.0000000 0.0380297 0.0407724 0.0414100 0.0509914 0.0432100 0.0367349 0.0495729 0.0505028 0.0500288 0.0599272 0.0599272 
Pseudochiridae_Petauroides_volans            0.0326394 0.0474165 0.0296573 0.0358894 0.0365299 0.0450488 0.0282928 0.0289857 0.0341247 0.0490222 0.0311670 0.0442491 0.0441897 0.0320553 0.0305630 0.0450723 0.0452517 0.0394180 0.0462090 0.0349338 0.0211990 0.0577826 0.0535604 0.0437149 0.0345628 0.0380297 0.0000000 0.0345636 0.0154985 0.0355469 0.0346041 0.0310344 0.0475037 0.0459400 0.0511711 0.0517593 0.0517593 
Macropodidae_Wallabia_bicolor                0.0368369 0.0526555 0.0371148 0.0177623 0.0188958 0.0507093 0.0323854 0.0338140 0.0163736 0.0574586 0.0360414 0.0492678 0.0507547 0.0362064 0.0372265 0.0500294 0.0519694 0.0466507 0.0550515 0.0059409 0.0465034 0.0673501 0.0617377 0.0494976 0.0254434 0.0407724 0.0345636 0.0000000 0.0414694 0.0468283 0.0407102 0.0348598 0.0545613 0.0528948 0.0572313 0.0629769 0.0629769 
Pseudochiridae_Pseudocheirus_occidentalis    0.0354786 0.0497111 0.0344384 0.0419419 0.0423451 0.0454382 0.0321159 0.0350888 0.0386443 0.0527887 0.0336398 0.0456214 0.0463204 0.0365672 0.0314760 0.0465803 0.0460317 0.0400418 0.0490617 0.0412037 0.0133399 0.0613812 0.0543762 0.0461133 0.0374118 0.0414100 0.0154985 0.0414694 0.0000000 0.0393575 0.0370932 0.0335350 0.0495780 0.0472266 0.0542257 0.0760149 0.0760149 
Tarsipedidae_Tarsipes_rostratus              0.0436680 0.0582505 0.0463668 0.0487383 0.0491183 0.0568036 0.0383678 0.0386374 0.0455838 0.0616033 0.0401603 0.0572735 0.0584590 0.0423145 0.0402657 0.0579853 0.0573723 0.0532433 0.0601073 0.0493846 0.0478261 0.0697239 0.0637779 0.0552421 0.0440551 0.0509914 0.0355469 0.0468283 0.0393575 0.0000000 0.0473826 0.0412732 0.0585348 0.0578378 0.0637953 0.0582513 0.0582513 
Acrobatidae_Distoechurus_pennatus            0.0361400 0.0558399 0.0383707 0.0419205 0.0431969 0.0509030 0.0338916 0.0347693 0.0395051 0.0570068 0.0360549 0.0494306 0.0496228 0.0373689 0.0198182 0.0505069 0.0511028 0.0471887 0.0527337 0.0415992 0.0432974 0.0649760 0.0592771 0.0483764 0.0374774 0.0432100 0.0346041 0.0407102 0.0370932 0.0473826 0.0000000 0.0360649 0.0558481 0.0520630 0.0572451 0.0542715 0.0542715 
Phalangeridae_Phalanger_carmelitae           0.0275310 0.0459927 0.0320812 0.0354868 0.0360989 0.0455114 0.0141718 0.0084702 0.0316183 0.0487154 0.0094817 0.0453471 0.0462045 0.0040100 0.0312392 0.0467617 0.0463129 0.0390983 0.0468692 0.0357853 0.0414569 0.0583989 0.0535404 0.0445705 0.0330188 0.0367349 0.0310344 0.0348598 0.0335350 0.0412732 0.0360649 0.0000000 0.0476409 0.0473118 0.0491941 0.0542456 0.0542456 
Peramelidae_Peroryctes_raffrayana            0.0470633 0.0547628 0.0436018 0.0549299 0.0552293 0.0556509 0.0442388 0.0488574 0.0547160 0.0127341 0.0465395 0.0558128 0.0574096 0.0502098 0.0510106 0.0556017 0.0556082 0.0557367 0.0088477 0.0559768 0.0572920 0.0653562 0.0618419 0.0540569 0.0527326 0.0495729 0.0475037 0.0545613 0.0495780 0.0585348 0.0558481 0.0476409 0.0000000 0.0576383 0.0124871 0.0383854 0.0383854 
Dasyuridae_Dasyurus_geffroii                 0.0480595 0.0589880 0.0412596 0.0524195 0.0524505 0.0021560 0.0434608 0.0454655 0.0512197 0.0591959 0.0456271 0.0101227 0.0136985 0.0487394 0.0489547 0.0105997 0.0038058 0.0155424 0.0564113 0.0533896 0.0559247 0.0670227 0.0623267 0.0109603 0.0502780 0.0505028 0.0459400 0.0528948 0.0472266 0.0578378 0.0520630 0.0473118 0.0576383 0.0000000 0.0595910 0.0421916 0.0421916 
Peramelidae_Perameles_gunnii                 0.0505667 0.0574066 0.0485920 0.0571009 0.0571352 0.0577947 0.0462399 0.0499838 0.0568756 0.0009459 0.0487584 0.0575858 0.0580506 0.0512552 0.0501849 0.0577019 0.0580266 0.0553118 0.0111562 0.0590585 0.0600281 0.0678130 0.0656161 0.0562504 0.0546772 0.0500288 0.0511711 0.0572313 0.0542257 0.0637953 0.0572451 0.0491941 0.0124871 0.0595910 0.0000000 0.0485578 0.0485578 
Vombatidae_Vombatus_ursinus1                 0.0571590 0.0648588 0.0054291 0.0564079 0.0531566 0.0467653 0.0511502 0.0545755 0.0532281 0.0480504 0.0484690 0.0460534 0.0506763 0.0481773 0.0613205 0.0444829 0.0420359 9.0000000 0.0443643 0.0596880 0.0650063 0.0598021 0.0544088 0.0477364 0.0563094 0.0599272 0.0517593 0.0629769 0.0760149 0.0582513 0.0542715 0.0542456 0.0383854 0.0421916 0.0485578 0.0000000 0.0000010 
Vombatidae_Vombatus_ursinus2                 0.0571590 0.0648588 0.0054291 0.0564079 0.0531566 0.0467653 0.0511502 0.0545755 0.0532281 0.0480504 0.0484690 0.0460534 0.0506763 0.0481773 0.0613205 0.0444829 0.0420359 9.0000000 0.0443643 0.0596880 0.0650063 0.0598021 0.0544088 0.0477364 0.0563094 0.0599272 0.0517593 0.0629769 0.0760149 0.0582513 0.0542715 0.0542456 0.0383854 0.0421916 0.0485578 0.0000010 0.0000000 
