37
Burramyidae_Burramys_parvus                  0.0000000 0.0804416 0.0506669 0.0567343 0.0587072 0.0762579 0.0397734 0.0441383 0.0536613 0.0804476 0.0417162 0.0751329 0.0757450 0.0470491 0.0512567 0.0779262 0.0760551 0.0719858 0.0729585 0.0603436 0.0674006 0.0920857 0.0814734 0.0707963 0.0535795 0.0563305 0.0524548 0.0592198 0.0568402 0.0702993 0.0579640 0.0440660 0.0778496 0.0786311 0.0834023 0.0908722 0.0908722 
Notoryctidae_Notoryctes_typhlops             0.0804416 0.0000000 0.0723822 0.0861724 0.0867740 0.0949951 0.0696998 0.0768674 0.0848934 0.0894724 0.0738873 0.0903454 0.0922424 0.0796240 0.0819757 0.0915543 0.0979656 0.0838329 0.0876570 0.0868543 0.0947739 0.1074565 0.1024981 0.0915773 0.0849504 0.0791782 0.0775907 0.0855920 0.0815372 0.0951505 0.0908166 0.0746854 0.0909527 0.0981251 0.0949709 0.1019441 0.1019441 
Vombatidae_Lasiorhinus_latifrons             0.0506669 0.0723822 0.0000000 0.0626135 0.0631040 0.0660232 0.0444341 0.0479764 0.0558973 0.0777926 0.0481483 0.0627773 0.0658024 0.0537675 0.0566201 0.0641572 0.0657749 0.0626390 0.0741030 0.0617898 0.0689141 0.0874653 0.0802893 0.0630936 0.0546742 0.0574242 0.0477723 0.0595709 0.0555962 0.0753039 0.0618586 0.0516406 0.0722027 0.0674737 0.0802897 0.0088896 0.0088896 
Potoroidae_Bettongia_penicillata             0.0567343 0.0861724 0.0626135 0.0000000 0.0041962 0.0835058 0.0524238 0.0532205 0.0114607 0.0942561 0.0564883 0.0803068 0.0809715 0.0599767 0.0582811 0.0815198 0.0840654 0.0768434 0.0907528 0.0316703 0.0758358 0.1101920 0.0994645 0.0799231 0.0406771 0.0656697 0.0577005 0.0281440 0.0673394 0.0781561 0.0671322 0.0568593 0.0910210 0.0858453 0.0943336 0.0881550 0.0881550 
Potoroidae_Bettongia_lesueur                 0.0587072 0.0867740 0.0631040 0.0041962 0.0000000 0.0833796 0.0529290 0.0542043 0.0140705 0.0957434 0.0570728 0.0802959 0.0809606 0.0610208 0.0603306 0.0815088 0.0840537 0.0775146 0.0914027 0.0335301 0.0768272 0.1115875 0.0995787 0.0798838 0.0425929 0.0651189 0.0587099 0.0299595 0.0679142 0.0787337 0.0692068 0.0578620 0.0915112 0.0858334 0.0943198 0.0837126 0.0837126 
Dasyuridae_Dasyurus_maculatus                0.0762579 0.0949951 0.0660232 0.0835058 0.0833796 0.0000000 0.0700458 0.0720054 0.0812084 0.0968762 0.0726570 0.0154633 0.0204141 0.0781304 0.0781477 0.0163621 0.0052025 0.0248086 0.0913737 0.0849168 0.0902714 0.1094333 0.1005823 0.0157277 0.0812995 0.0819336 0.0739406 0.0832614 0.0745266 0.0933563 0.0834549 0.0748998 0.0937110 0.0034469 0.0970095 0.0794538 0.0794538 
Phalangeridae_Trichosurus_vulpecula          0.0397734 0.0696998 0.0444341 0.0524238 0.0529290 0.0700458 0.0000000 0.0201549 0.0469989 0.0750720 0.0229254 0.0685603 0.0690255 0.0248760 0.0467507 0.0704770 0.0699303 0.0622644 0.0715406 0.0540760 0.0607413 0.0874802 0.0782547 0.0667380 0.0467463 0.0508624 0.0454949 0.0519605 0.0515443 0.0618372 0.0543995 0.0225605 0.0729544 0.0713886 0.0759401 0.0836763 0.0836763 
Phalangeridae_Spilocuscus_maculatus          0.0441383 0.0768674 0.0479764 0.0532205 0.0542043 0.0720054 0.0201549 0.0000000 0.0477055 0.0828192 0.0156787 0.0717859 0.0729444 0.0161309 0.0478417 0.0736331 0.0735919 0.0633285 0.0768726 0.0558658 0.0667521 0.0944003 0.0861306 0.0699512 0.0503438 0.0557704 0.0465727 0.0541965 0.0561634 0.0621287 0.0556781 0.0134171 0.0804579 0.0743914 0.0820775 0.0865031 0.0865031 
Potoroidae_Aepyprymnus_rufescens             0.0536613 0.0848934 0.0558973 0.0114607 0.0140705 0.0812084 0.0469989 0.0477055 0.0000000 0.0941002 0.0508586 0.0780393 0.0798556 0.0534529 0.0567747 0.0792688 0.0812415 0.0748379 0.0893894 0.0285003 0.0726467 0.1088056 0.0987109 0.0777501 0.0373499 0.0640860 0.0546245 0.0259063 0.0619442 0.0727161 0.0630111 0.0504036 0.0904544 0.0835554 0.0936156 0.0825982 0.0825982 
Peramelidae_Perameles_nasuta                 0.0804476 0.0894724 0.0777926 0.0942561 0.0957434 0.0968762 0.0750720 0.0828192 0.0941002 0.0000000 0.0792565 0.0966470 0.0960441 0.0827251 0.0813323 0.0960034 0.0972207 0.0963489 0.0199046 0.0989711 0.0957719 0.1123931 0.1095143 0.0930709 0.0909013 0.0817140 0.0813946 0.0958612 0.0879400 0.1023865 0.0947545 0.0800961 0.0206893 0.0996181 0.0015083 0.0794643 0.0794643 
Phalangeridae_Strigocuscus_pelengensis       0.0417162 0.0738873 0.0481483 0.0564883 0.0570728 0.0726570 0.0229254 0.0156787 0.0508586 0.0792565 0.0000000 0.0725284 0.0730650 0.0173400 0.0507069 0.0742928 0.0736146 0.0655787 0.0744642 0.0587901 0.0684303 0.0950205 0.0891230 0.0710126 0.0506286 0.0574988 0.0500871 0.0580198 0.0539552 0.0646565 0.0578212 0.0150743 0.0761153 0.0750902 0.0798935 0.0774950 0.0774950 
Dasyuridae_Phascogale_tapoatafa              0.0751329 0.0903454 0.0627773 0.0803068 0.0802959 0.0154633 0.0685603 0.0717859 0.0780393 0.0966470 0.0725284 0.0000000 0.0186070 0.0772234 0.0762668 0.0008570 0.0155325 0.0221875 0.0913735 0.0817053 0.0897757 0.1064507 0.0958030 0.0093452 0.0792715 0.0768911 0.0729249 0.0806901 0.0749925 0.0947154 0.0812188 0.0745002 0.0942305 0.0163578 0.0969184 0.0783944 0.0783944 
Dasyuridae_Sminthopsis_macroura              0.0757450 0.0922424 0.0658024 0.0809715 0.0809606 0.0204141 0.0690255 0.0729444 0.0798556 0.0960441 0.0730650 0.0186070 0.0000000 0.0779025 0.0770539 0.0197923 0.0214231 0.0174392 0.0927187 0.0834514 0.0904312 0.1065243 0.0965627 0.0213216 0.0793857 0.0777742 0.0727575 0.0830854 0.0760702 0.0962230 0.0814395 0.0756820 0.0964371 0.0220573 0.0970975 0.0845927 0.0845927 
Phalangeridae_Phalanger_orientalis           0.0470491 0.0796240 0.0537675 0.0599767 0.0610208 0.0781304 0.0248760 0.0161309 0.0534529 0.0827251 0.0173400 0.0772234 0.0779025 0.0000000 0.0523344 0.0790130 0.0790759 0.0671437 0.0798041 0.0597805 0.0701335 0.0977113 0.0898185 0.0759290 0.0541381 0.0614606 0.0514910 0.0581888 0.0587128 0.0683695 0.0600459 0.0063371 0.0827750 0.0799324 0.0843234 0.0772980 0.0772980 
Acrobatidae_Acrobates_pygmaeus               0.0512567 0.0819757 0.0566201 0.0582811 0.0603306 0.0781477 0.0467507 0.0478417 0.0567747 0.0813323 0.0507069 0.0762668 0.0770539 0.0523344 0.0000000 0.0775724 0.0794979 0.0675304 0.0776889 0.0627356 0.0627467 0.0958066 0.0881852 0.0732313 0.0552063 0.0643807 0.0495768 0.0599446 0.0507891 0.0652535 0.0316610 0.0502443 0.0846639 0.0805194 0.0834265 0.0956611 0.0956611 
Dasyuridae_Phascogale_calura                 0.0779262 0.0915543 0.0641572 0.0815198 0.0815088 0.0163621 0.0704770 0.0736331 0.0792688 0.0960034 0.0742928 0.0008570 0.0197923 0.0790130 0.0775724 0.0000000 0.0164362 0.0226978 0.0920100 0.0829110 0.0919937 0.1059086 0.0963229 0.0102454 0.0810444 0.0779015 0.0743039 0.0819124 0.0765792 0.0958506 0.0829562 0.0767861 0.0939356 0.0171348 0.0969603 0.0758915 0.0758915 
Dasyuridae_Sarcophilus_harrisii              0.0760551 0.0979656 0.0657749 0.0840654 0.0840537 0.0052025 0.0699303 0.0735919 0.0812415 0.0972207 0.0736146 0.0155325 0.0214231 0.0790759 0.0794979 0.0164362 0.0000000 0.0253695 0.0916490 0.0866143 0.0906524 0.1091916 0.1018941 0.0166768 0.0818515 0.0811910 0.0743335 0.0850773 0.0755072 0.0942731 0.0838012 0.0758790 0.0935637 0.0060878 0.0972980 0.0711123 0.0711123 
Dasyuridae_Planigale_tenuirostris            0.0719858 0.0838329 0.0626390 0.0768434 0.0775146 0.0248086 0.0622644 0.0633285 0.0748379 0.0963489 0.0655787 0.0221875 0.0174392 0.0671437 0.0675304 0.0226978 0.0253695 0.0000000 0.0905928 0.0781005 0.0824829 0.1038807 0.0979307 0.0227951 0.0754163 0.0708032 0.0645682 0.0764494 0.0652697 0.0876239 0.0775196 0.0635802 0.0934226 0.0248005 0.0923833 9.0000000 9.0000000 
Peramelidae_Echymipera_kalubu                0.0729585 0.0876570 0.0741030 0.0907528 0.0914027 0.0913737 0.0715406 0.0768726 0.0893894 0.0199046 0.0744642 0.0913735 0.0927187 0.0798041 0.0776889 0.0920100 0.0916490 0.0905928 0.0000000 0.0936697 0.0922062 0.1051227 0.1009273 0.0895522 0.0845903 0.0791286 0.0761124 0.0909662 0.0810025 0.0996689 0.0871173 0.0769202 0.0142878 0.0943327 0.0180716 0.0738511 0.0738511 
Macropodidae_Dorcopsulus_vanheurni           0.0603436 0.0868543 0.0617898 0.0316703 0.0335301 0.0849168 0.0540760 0.0558658 0.0285003 0.0989711 0.0587901 0.0817053 0.0834514 0.0597805 0.0627356 0.0829110 0.0866143 0.0781005 0.0936697 0.0000000 0.0772238 0.1089155 0.0999188 0.0824697 0.0418851 0.0673564 0.0563820 0.0093850 0.0664592 0.0797130 0.0669020 0.0576567 0.0933823 0.0878907 0.0983021 0.0928767 0.0928767 
Pseudochiridae_Pseudochirulus_forbesi        0.0674006 0.0947739 0.0689141 0.0758358 0.0768272 0.0902714 0.0607413 0.0667521 0.0726467 0.0957719 0.0684303 0.0897757 0.0904312 0.0701335 0.0627467 0.0919937 0.0906524 0.0824829 0.0922062 0.0772238 0.0000000 0.1080524 0.0963360 0.0897929 0.0700171 0.0810611 0.0339203 0.0750413 0.0213424 0.0774093 0.0699442 0.0669197 0.0954601 0.0922835 0.0994972 0.1037898 0.1037898 
Didelphidae_Didelphis_virginiana             0.0920857 0.1074565 0.0874653 0.1101920 0.1115875 0.1094333 0.0874802 0.0944003 0.1088056 0.1123931 0.0950205 0.1064507 0.1065243 0.0977113 0.0958066 0.1059086 0.1091916 0.1038807 0.1051227 0.1089155 0.1080524 0.0000000 0.0285226 0.1069356 0.1000217 0.0939288 0.0933967 0.1090545 0.0989632 0.1131597 0.1057834 0.0948926 0.1083004 0.1107083 0.1126198 0.0981343 0.0981343 
Marmosidae_Monodelphis_domestica             0.0814734 0.1024981 0.0802893 0.0994645 0.0995787 0.1005823 0.0782547 0.0861306 0.0987109 0.1095143 0.0891230 0.0958030 0.0965627 0.0898185 0.0881852 0.0963229 0.1018941 0.0979307 0.1009273 0.0999188 0.0963360 0.0285226 0.0000000 0.0974068 0.0921220 0.0867400 0.0869045 0.0997628 0.0875898 0.1037224 0.0965581 0.0869824 0.1026470 0.1032611 0.1094555 0.0896161 0.0896161 
Dasyuridae_Antechinus_stuartii               0.0707963 0.0915773 0.0630936 0.0799231 0.0798838 0.0157277 0.0667380 0.0699512 0.0777501 0.0930709 0.0710126 0.0093452 0.0213216 0.0759290 0.0732313 0.0102454 0.0166768 0.0227951 0.0895522 0.0824697 0.0897929 0.1069356 0.0974068 0.0000000 0.0788586 0.0767926 0.0715815 0.0807016 0.0753120 0.0905707 0.0789888 0.0727485 0.0906413 0.0176102 0.0939920 0.0802969 0.0802969 
Hypsiprymnodontidae_Hypsiprymnodon_moschatus 0.0535795 0.0849504 0.0546742 0.0406771 0.0425929 0.0812995 0.0467463 0.0503438 0.0373499 0.0909013 0.0506286 0.0792715 0.0793857 0.0541381 0.0552063 0.0810444 0.0818515 0.0754163 0.0845903 0.0418851 0.0700171 0.1000217 0.0921220 0.0788586 0.0000000 0.0615102 0.0555837 0.0407248 0.0598721 0.0706489 0.0598895 0.0530624 0.0873743 0.0824564 0.0906813 0.0899485 0.0899485 
Microbiotheriidae_Dromiciops_gliroides       0.0563305 0.0791782 0.0574242 0.0656697 0.0651189 0.0819336 0.0508624 0.0557704 0.0640860 0.0817140 0.0574988 0.0768911 0.0777742 0.0614606 0.0643807 0.0779015 0.0811910 0.0708032 0.0791286 0.0673564 0.0810611 0.0939288 0.0867400 0.0767926 0.0615102 0.0000000 0.0616713 0.0657488 0.0669646 0.0828202 0.0699457 0.0593324 0.0825665 0.0834737 0.0826754 0.0962865 0.0962865 
Pseudochiridae_Petauroides_volans            0.0524548 0.0775907 0.0477723 0.0577005 0.0587099 0.0739406 0.0454949 0.0465727 0.0546245 0.0813946 0.0500871 0.0729249 0.0727575 0.0514910 0.0495768 0.0743039 0.0743335 0.0645682 0.0761124 0.0563820 0.0339203 0.0933967 0.0869045 0.0715815 0.0555837 0.0616713 0.0000000 0.0556244 0.0247389 0.0572134 0.0558565 0.0498477 0.0785959 0.0755708 0.0847760 0.0831101 0.0831101 
Macropodidae_Wallabia_bicolor                0.0592198 0.0855920 0.0595709 0.0281440 0.0299595 0.0832614 0.0519605 0.0541965 0.0259063 0.0958612 0.0580198 0.0806901 0.0830854 0.0581888 0.0599446 0.0819124 0.0850773 0.0764494 0.0909662 0.0093850 0.0750413 0.1090545 0.0997628 0.0807016 0.0407248 0.0657488 0.0556244 0.0000000 0.0667236 0.0753459 0.0653655 0.0560339 0.0909169 0.0868679 0.0950767 0.0982393 0.0982393 
Pseudochiridae_Pseudocheirus_occidentalis    0.0568402 0.0815372 0.0555962 0.0673394 0.0679142 0.0745266 0.0515443 0.0561634 0.0619442 0.0879400 0.0539552 0.0749925 0.0760702 0.0587128 0.0507891 0.0765792 0.0755072 0.0652697 0.0810025 0.0664592 0.0213424 0.0989632 0.0875898 0.0753120 0.0598721 0.0669646 0.0247389 0.0667236 0.0000000 0.0632338 0.0598361 0.0537383 0.0825051 0.0775842 0.0901670 0.1206875 0.1206875 
Tarsipedidae_Tarsipes_rostratus              0.0702993 0.0951505 0.0753039 0.0781561 0.0787337 0.0933563 0.0618372 0.0621287 0.0727161 0.1023865 0.0646565 0.0947154 0.0962230 0.0683695 0.0652535 0.0958506 0.0942731 0.0876239 0.0996689 0.0797130 0.0774093 0.1131597 0.1037224 0.0905707 0.0706489 0.0828202 0.0572134 0.0753459 0.0632338 0.0000000 0.0767064 0.0667046 0.0972081 0.0949512 0.1060578 0.0891120 0.0891120 
Acrobatidae_Distoechurus_pennatus            0.0579640 0.0908166 0.0618586 0.0671322 0.0692068 0.0834549 0.0543995 0.0556781 0.0630111 0.0947545 0.0578212 0.0812188 0.0814395 0.0600459 0.0316610 0.0829562 0.0838012 0.0775196 0.0871173 0.0669020 0.0699442 0.1057834 0.0965581 0.0789888 0.0598895 0.0699457 0.0558565 0.0653655 0.0598361 0.0767064 0.0000000 0.0579264 0.0923887 0.0852473 0.0950503 0.0849557 0.0849557 
Phalangeridae_Phalanger_carmelitae           0.0440660 0.0746854 0.0516406 0.0568593 0.0578620 0.0748998 0.0225605 0.0134171 0.0504036 0.0800961 0.0150743 0.0745002 0.0756820 0.0063371 0.0502443 0.0767861 0.0758790 0.0635802 0.0769202 0.0576567 0.0669197 0.0948926 0.0869824 0.0727485 0.0530624 0.0593324 0.0498477 0.0560339 0.0537383 0.0667046 0.0579264 0.0000000 0.0785304 0.0776931 0.0809117 0.0861864 0.0861864 
Peramelidae_Peroryctes_raffrayana            0.0778496 0.0909527 0.0722027 0.0910210 0.0915112 0.0937110 0.0729544 0.0804579 0.0904544 0.0206893 0.0761153 0.0942305 0.0964371 0.0827750 0.0846639 0.0939356 0.0935637 0.0934226 0.0142878 0.0933823 0.0954601 0.1083004 0.1026470 0.0906413 0.0873743 0.0825665 0.0785959 0.0909169 0.0825051 0.0972081 0.0923887 0.0785304 0.0000000 0.0970313 0.0202472 0.0643280 0.0643280 
Dasyuridae_Dasyurus_geffroii                 0.0786311 0.0981251 0.0674737 0.0858453 0.0858334 0.0034469 0.0713886 0.0743914 0.0835554 0.0996181 0.0750902 0.0163578 0.0220573 0.0799324 0.0805194 0.0171348 0.0060878 0.0248005 0.0943327 0.0878907 0.0922835 0.1107083 0.1032611 0.0176102 0.0824564 0.0834737 0.0755708 0.0868679 0.0775842 0.0949512 0.0852473 0.0776931 0.0970313 0.0000000 0.0999118 0.0715219 0.0715219 
Peramelidae_Perameles_gunnii                 0.0834023 0.0949709 0.0802897 0.0943336 0.0943198 0.0970095 0.0759401 0.0820775 0.0936156 0.0015083 0.0798935 0.0969184 0.0970975 0.0843234 0.0834265 0.0969603 0.0972980 0.0923833 0.0180716 0.0983021 0.0994972 0.1126198 0.1094555 0.0939920 0.0906813 0.0826754 0.0847760 0.0950767 0.0901670 0.1060578 0.0950503 0.0809117 0.0202472 0.0999118 0.0000000 0.0799466 0.0799466 
Vombatidae_Vombatus_ursinus1                 0.0908722 0.1019441 0.0088896 0.0881550 0.0837126 0.0794538 0.0836763 0.0865031 0.0825982 0.0794643 0.0774950 0.0783944 0.0845927 0.0772980 0.0956611 0.0758915 0.0711123 9.0000000 0.0738511 0.0928767 0.1037898 0.0981343 0.0896161 0.0802969 0.0899485 0.0962865 0.0831101 0.0982393 0.1206875 0.0891120 0.0849557 0.0861864 0.0643280 0.0715219 0.0799466 0.0000000 0.0000010 
Vombatidae_Vombatus_ursinus2                 0.0908722 0.1019441 0.0088896 0.0881550 0.0837126 0.0794538 0.0836763 0.0865031 0.0825982 0.0794643 0.0774950 0.0783944 0.0845927 0.0772980 0.0956611 0.0758915 0.0711123 9.0000000 0.0738511 0.0928767 0.1037898 0.0981343 0.0896161 0.0802969 0.0899485 0.0962865 0.0831101 0.0982393 0.1206875 0.0891120 0.0849557 0.0861864 0.0643280 0.0715219 0.0799466 0.0000010 0.0000000 
