35
Burramyidae_Burramys_parvus                  0.0000000 0.0719762 0.0519594 0.0515843 0.0537873 0.0909231 0.0488522 0.0612603 0.0457147 0.0753615 0.0546258 0.0983614 0.0996456 0.0542257 0.0504910 0.0982538 0.0904398 0.0782788 0.0864697 0.0471108 0.0703787 0.0976881 0.0993327 0.0947240 0.0844693 0.1004974 0.0471630 0.0462318 0.0765292 0.0857204 0.0782848 0.0868791 0.0843754 0.0884790 0.0762225 
Notoryctidae_Notoryctes_typhlops             0.0719762 0.0000000 0.0659397 0.0834789 0.0853661 0.1063522 0.0778200 0.1043288 0.0774148 0.0792640 0.0852011 0.1066426 0.1180090 0.0854056 0.0873343 0.1065220 0.1034274 0.0968808 0.0940516 0.0807341 0.0950276 0.1208189 0.1208617 0.1042021 0.1200161 0.1066554 0.0701309 0.0786054 0.1036342 0.1131762 0.1223784 0.1252256 0.0942227 0.1037349 0.0842655 
Vombatidae_Lasiorhinus_latifrons             0.0519594 0.0659397 0.0000000 0.0700702 0.0813711 0.0912638 0.0682880 0.0844844 0.0546762 0.0872550 0.0801123 0.0960390 0.1126050 0.0779730 0.0764687 0.0943776 0.0912932 0.0871416 0.0909754 0.0593741 0.0865481 0.1154966 0.1214588 0.0920053 0.1122543 0.0799658 0.0638271 0.0573398 0.0870094 0.0904881 0.0949110 0.1044363 0.0961892 0.0914904 0.0882023 
Potoroidae_Bettongia_penicillata             0.0515843 0.0834789 0.0700702 0.0000000 0.0254522 0.1143259 0.0865929 0.1024827 0.0167435 0.1168956 0.0933148 0.1246782 0.1422132 0.1008426 0.0938769 0.1236040 0.1140864 0.1110252 0.0899879 0.0233867 0.0944592 0.1442216 0.1457724 0.1185246 0.0970532 0.1201454 0.0777162 0.0234012 0.0980688 0.1088021 0.0812231 0.1290986 0.1245516 0.1129278 0.1132060 
Potoroidae_Bettongia_lesueur                 0.0537873 0.0853661 0.0813711 0.0254522 0.0000000 0.1287288 0.1016591 0.1161554 0.0299436 0.1238212 0.1041765 0.1358735 0.1453225 0.1157638 0.0932492 0.1354298 0.1299696 0.1204098 0.0954295 0.0376061 0.1052586 0.1418522 0.1438602 0.1318648 0.0934885 0.1370058 0.0820484 0.0367203 0.1070757 0.1335562 0.0743631 0.1434147 0.1320208 0.1276707 0.1214733 
Dasyuridae_Dasyurus_maculatus                0.0909231 0.1063522 0.0912638 0.1143259 0.1287288 0.0000000 0.1073112 0.1345085 0.1053047 0.1223141 0.1181810 0.0156487 0.0367142 0.1300618 0.1203971 0.0152098 0.0026546 0.0184309 0.1165871 0.0982763 0.1376933 0.1520335 0.1649221 0.0160842 0.1546209 0.1219825 0.1220566 0.0971482 0.1359542 0.1503509 0.1267876 0.1575626 0.1331304 0.0030058 0.1202361 
Phalangeridae_Trichosurus_vulpecula          0.0488522 0.0778200 0.0682880 0.0865929 0.1016591 0.1073112 0.0000000 0.0275535 0.0761698 0.1092844 0.0238975 0.1167632 0.1364478 0.0253414 0.0853560 0.1164636 0.1050574 0.1035228 0.0979961 0.0806639 0.1058471 0.1428577 0.1376054 0.1094622 0.1136335 0.1085532 0.0902789 0.0785502 0.1050612 0.1025956 0.0963566 0.0526460 0.1240881 0.1074700 0.1050353 
Phalangeridae_Spilocuscus_maculatus          0.0612603 0.1043288 0.0844844 0.1024827 0.1161554 0.1345085 0.0275535 0.0000000 0.0939352 0.1244721 0.0265322 0.1467116 0.1601851 0.0145763 0.1077377 0.1464464 0.1340924 0.1282044 0.1152268 0.0966339 0.1209290 0.1587246 0.1408539 0.1387270 0.1143508 0.1094757 0.0982187 0.0942077 0.1294951 0.1212628 0.1147486 0.0273920 0.1389036 0.1330567 0.1240105 
Potoroidae_Aepyprymnus_rufescens             0.0457147 0.0774148 0.0546762 0.0167435 0.0299436 0.1053047 0.0761698 0.0939352 0.0000000 0.1038825 0.0812839 0.1117790 0.1269561 0.0859701 0.0838856 0.1098995 0.1030487 0.0987551 0.0908643 0.0124644 0.0924943 0.1326779 0.1315007 0.1037713 0.0896246 0.1028562 0.0754976 0.0129175 0.0979962 0.1064883 0.0857386 0.1186350 0.1128204 0.1047937 0.1023892 
Peramelidae_Perameles_nasuta                 0.0753615 0.0792640 0.0872550 0.1168956 0.1238212 0.1223141 0.1092844 0.1244721 0.1038825 0.0000000 0.1204465 0.1348197 0.1377955 0.1252951 0.1090914 0.1328418 0.1227622 0.1053333 0.0097836 0.1084504 0.1290028 0.1416434 0.1441659 0.1254701 0.1394357 0.1221322 0.1102767 0.1068994 0.1350489 0.1432359 0.1229879 0.1450962 0.0165272 0.1229419 0.0006714 
Phalangeridae_Strigocuscus_pelengensis       0.0546258 0.0852011 0.0801123 0.0933148 0.1041765 0.1181810 0.0238975 0.0265322 0.0812839 0.1204465 0.0000000 0.1284067 0.1427342 0.0168801 0.0948473 0.1281130 0.1181753 0.1105086 0.1057537 0.0818974 0.1127156 0.1494811 0.1491303 0.1228863 0.1214012 0.1202045 0.0956272 0.0858714 0.1136622 0.1182258 0.1024981 0.0511251 0.1313302 0.1180347 0.1167261 
Dasyuridae_Phascogale_tapoatafa              0.0983614 0.1066426 0.0960390 0.1246782 0.1358735 0.0156487 0.1167632 0.1467116 0.1117790 0.1348197 0.1284067 0.0000000 0.0474746 0.1344116 0.1292112 0.0023067 0.0151908 0.0204511 0.1327855 0.1097180 0.1438753 0.1574612 0.1680413 0.0062965 0.1663616 0.1336792 0.1299619 0.1083912 0.1450437 0.1556115 0.1356997 0.1708245 0.1408647 0.0167840 0.1363600 
Dasyuridae_Sminthopsis_macroura              0.0996456 0.1180090 0.1126050 0.1422132 0.1453225 0.0367142 0.1364478 0.1601851 0.1269561 0.1377955 0.1427342 0.0474746 0.0000000 0.1523442 0.1257354 0.0477134 0.0370522 0.0364089 0.1341109 0.1258893 0.1627926 0.1595146 0.1701921 0.0438513 0.1851067 0.1561658 0.1313936 0.1247626 0.1549527 0.1845943 0.1408690 0.1859910 0.1490858 0.0389284 0.1380132 
Phalangeridae_Phalanger_orientalis           0.0542257 0.0854056 0.0779730 0.1008426 0.1157638 0.1300618 0.0253414 0.0145763 0.0859701 0.1252951 0.0168801 0.1344116 0.1523442 0.0000000 0.0997533 0.1340920 0.1283118 0.1211788 0.1172685 0.0930299 0.1197158 0.1525458 0.1525129 0.1267857 0.1098821 0.1067164 0.1057300 0.0972666 0.1285361 0.1222093 0.1095914 0.0094168 0.1286034 0.1284427 0.1235621 
Acrobatidae_Acrobates_pygmaeus               0.0504910 0.0873343 0.0764687 0.0938769 0.0932492 0.1203971 0.0853560 0.1077377 0.0838856 0.1090914 0.0948473 0.1292112 0.1257354 0.0997533 0.0000000 0.1297022 0.1190478 0.1171004 0.0907577 0.0777504 0.0905987 0.1334776 0.1337340 0.1221605 0.1382216 0.1233302 0.0552133 0.0781808 0.0881461 0.1059477 0.0484922 0.1325656 0.1138032 0.1186651 0.1050091 
Dasyuridae_Phascogale_calura                 0.0982538 0.1065220 0.0943776 0.1236040 0.1354298 0.0152098 0.1164636 0.1464464 0.1098995 0.1328418 0.1281130 0.0023067 0.0477134 0.1340920 0.1297022 0.0000000 0.0151730 0.0222598 0.1300941 0.1082138 0.1428056 0.1560816 0.1680867 0.0062788 0.1671074 0.1316531 0.1322425 0.1060138 0.1429625 0.1548647 0.1355261 0.1705830 0.1408914 0.0177915 0.1345360 
Dasyuridae_Sarcophilus_harrisii              0.0904398 0.1034274 0.0912932 0.1140864 0.1299696 0.0026546 0.1050574 0.1340924 0.1030487 0.1227622 0.1181753 0.0151908 0.0370522 0.1283118 0.1190478 0.0151730 0.0000000 0.0178497 0.1134888 0.1003745 0.1364571 0.1545728 0.1667252 0.0140795 0.1529019 0.1209486 0.1241814 0.0970388 0.1330451 0.1514442 0.1250465 0.1569665 0.1335457 0.0037106 0.1206544 
Dasyuridae_Planigale_tenuirostris            0.0782788 0.0968808 0.0871416 0.1110252 0.1204098 0.0184309 0.1035228 0.1282044 0.0987551 0.1053333 0.1105086 0.0204511 0.0364089 0.1211788 0.1171004 0.0222598 0.0178497 0.0000000 0.0991027 0.0993730 0.1291431 0.1427290 0.1573435 0.0207006 0.1502783 0.1193240 0.1198660 0.0967479 0.1324250 0.1440181 0.1199743 0.1541161 0.1218510 0.0167152 0.1028349 
Peramelidae_Echymipera_kalubu                0.0864697 0.0940516 0.0909754 0.0899879 0.0954295 0.1165871 0.0979961 0.1152268 0.0908643 0.0097836 0.1057537 0.1327855 0.1341109 0.1172685 0.0907577 0.1300941 0.1134888 0.0991027 0.0000000 0.0865775 0.1151380 0.1336119 0.1493533 0.1259574 0.1251815 0.1413597 0.0851321 0.0846190 0.1185007 0.1338998 0.1102753 0.1509891 0.0127955 0.1149697 0.0101460 
Macropodidae_Dorcopsulus_vanheurni           0.0471108 0.0807341 0.0593741 0.0233867 0.0376061 0.0982763 0.0806639 0.0966339 0.0124644 0.1084504 0.0818974 0.1097180 0.1258893 0.0930299 0.0777504 0.1082138 0.1003745 0.0993730 0.0865775 0.0000000 0.0940455 0.1309234 0.1396985 0.1045234 0.0915066 0.1094967 0.0818767 0.0045228 0.0973931 0.1070719 0.0784727 0.1232248 0.1145897 0.0962625 0.1045651 
Pseudochiridae_Pseudochirulus_forbesi        0.0703787 0.0950276 0.0865481 0.0944592 0.1052586 0.1376933 0.1058471 0.1209290 0.0924943 0.1290028 0.1127156 0.1438753 0.1627926 0.1197158 0.0905987 0.1428056 0.1364571 0.1291431 0.1151380 0.0940455 0.0000000 0.1638454 0.1634975 0.1399295 0.1458617 0.1462420 0.0533490 0.0904336 0.0228019 0.0936358 0.0733685 0.1458631 0.1344348 0.1390027 0.1232021 
Didelphidae_Didelphis_virginiana             0.0976881 0.1208189 0.1154966 0.1442216 0.1418522 0.1520335 0.1428577 0.1587246 0.1326779 0.1416434 0.1494811 0.1574612 0.1595146 0.1525458 0.1334776 0.1560816 0.1545728 0.1427290 0.1336119 0.1309234 0.1638454 0.0000000 0.0605140 0.1525643 0.1734580 0.1473696 0.1296356 0.1322719 0.1569746 0.1816018 0.1495001 0.1785738 0.1388105 0.1516356 0.1391550 
Marmosidae_Monodelphis_domestica             0.0993327 0.1208617 0.1214588 0.1457724 0.1438602 0.1649221 0.1376054 0.1408539 0.1315007 0.1441659 0.1491303 0.1680413 0.1701921 0.1525129 0.1337340 0.1680867 0.1667252 0.1573435 0.1493533 0.1396985 0.1634975 0.0605140 0.0000000 0.1630364 0.1651376 0.1267530 0.1336241 0.1379812 0.1772375 0.1889367 0.1576766 0.1686277 0.1392235 0.1607977 0.1387450 
Dasyuridae_Antechinus_stuartii               0.0947240 0.1042021 0.0920053 0.1185246 0.1318648 0.0160842 0.1094622 0.1387270 0.1037713 0.1254701 0.1228863 0.0062965 0.0438513 0.1267857 0.1221605 0.0062788 0.0140795 0.0207006 0.1259574 0.1045234 0.1399295 0.1525643 0.1630364 0.0000000 0.1602749 0.1264064 0.1292966 0.1023920 0.1365048 0.1505646 0.1348217 0.1626612 0.1340532 0.0156094 0.1269520 
Hypsiprymnodontidae_Hypsiprymnodon_moschatus 0.0844693 0.1200161 0.1122543 0.0970532 0.0934885 0.1546209 0.1136335 0.1143508 0.0896246 0.1394357 0.1214012 0.1663616 0.1851067 0.1098821 0.1382216 0.1671074 0.1529019 0.1502783 0.1251815 0.0915066 0.1458617 0.1734580 0.1651376 0.1602749 0.0000000 0.1232412 0.1218456 0.0897881 0.1517136 0.1447069 0.1340533 0.1387879 0.1580943 0.1562442 0.1477998 
Microbiotheriidae_Dromiciops_gliroides       0.1004974 0.1066554 0.0799658 0.1201454 0.1370058 0.1219825 0.1085532 0.1094757 0.1028562 0.1221322 0.1202045 0.1336792 0.1561658 0.1067164 0.1233302 0.1316531 0.1209486 0.1193240 0.1413597 0.1094967 0.1462420 0.1473696 0.1267530 0.1264064 0.1232412 0.0000000 0.1190639 0.1065433 0.1470932 0.1352411 0.1415119 0.1338107 0.1401672 0.1230762 0.1326927 
Pseudochiridae_Petauroides_volans            0.0471630 0.0701309 0.0638271 0.0777162 0.0820484 0.1220566 0.0902789 0.0982187 0.0754976 0.1102767 0.0956272 0.1299619 0.1313936 0.1057300 0.0552133 0.1322425 0.1241814 0.1198660 0.0851321 0.0818767 0.0533490 0.1296356 0.1336241 0.1292966 0.1218456 0.1190639 0.0000000 0.0757655 0.0549138 0.0851552 0.0735930 0.1268044 0.1128062 0.1228370 0.1038152 
Macropodidae_Wallabia_bicolor                0.0462318 0.0786054 0.0573398 0.0234012 0.0367203 0.0971482 0.0785502 0.0942077 0.0129175 0.1068994 0.0858714 0.1083912 0.1247626 0.0972666 0.0781808 0.1060138 0.0970388 0.0967479 0.0846190 0.0045228 0.0904336 0.1322719 0.1379812 0.1023920 0.0897881 0.1065433 0.0757655 0.0000000 0.0935513 0.1048017 0.0765671 0.1221151 0.1164776 0.0950351 0.1023371 
Pseudochiridae_Pseudocheirus_occidentalis    0.0765292 0.1036342 0.0870094 0.0980688 0.1070757 0.1359542 0.1050612 0.1294951 0.0979962 0.1350489 0.1136622 0.1450437 0.1549527 0.1285361 0.0881461 0.1429625 0.1330451 0.1324250 0.1185007 0.0973931 0.0228019 0.1569746 0.1772375 0.1365048 0.1517136 0.1470932 0.0549138 0.0935513 0.0000000 0.0923271 0.0671748 0.1459229 0.1408549 0.1394098 0.1278660 
Tarsipedidae_Tarsipes_rostratus              0.0857204 0.1131762 0.0904881 0.1088021 0.1335562 0.1503509 0.1025956 0.1212628 0.1064883 0.1432359 0.1182258 0.1556115 0.1845943 0.1222093 0.1059477 0.1548647 0.1514442 0.1440181 0.1338998 0.1070719 0.0936358 0.1816018 0.1889367 0.1505646 0.1447069 0.1352411 0.0851552 0.1048017 0.0923271 0.0000000 0.0927169 0.1532474 0.1596428 0.1503182 0.1356305 
Acrobatidae_Distoechurus_pennatus            0.0782848 0.1223784 0.0949110 0.0812231 0.0743631 0.1267876 0.0963566 0.1147486 0.0857386 0.1229879 0.1024981 0.1356997 0.1408690 0.1095914 0.0484922 0.1355261 0.1250465 0.1199743 0.1102753 0.0784727 0.0733685 0.1495001 0.1576766 0.1348217 0.1340533 0.1415119 0.0735930 0.0765671 0.0671748 0.0927169 0.0000000 0.1488182 0.1302917 0.1251989 0.1192646 
Phalangeridae_Phalanger_carmelitae           0.0868791 0.1252256 0.1044363 0.1290986 0.1434147 0.1575626 0.0526460 0.0273920 0.1186350 0.1450962 0.0511251 0.1708245 0.1859910 0.0094168 0.1325656 0.1705830 0.1569665 0.1541161 0.1509891 0.1232248 0.1458631 0.1785738 0.1686277 0.1626612 0.1387879 0.1338107 0.1268044 0.1221151 0.1459229 0.1532474 0.1488182 0.0000000 0.1594032 0.1571138 0.1485091 
Peramelidae_Peroryctes_raffrayana            0.0843754 0.0942227 0.0961892 0.1245516 0.1320208 0.1331304 0.1240881 0.1389036 0.1128204 0.0165272 0.1313302 0.1408647 0.1490858 0.1286034 0.1138032 0.1408914 0.1335457 0.1218510 0.0127955 0.1145897 0.1344348 0.1388105 0.1392235 0.1340532 0.1580943 0.1401672 0.1128062 0.1164776 0.1408549 0.1596428 0.1302917 0.1594032 0.0000000 0.1317284 0.0163764 
Dasyuridae_Dasyurus_geffroii                 0.0884790 0.1037349 0.0914904 0.1129278 0.1276707 0.0030058 0.1074700 0.1330567 0.1047937 0.1229419 0.1180347 0.0167840 0.0389284 0.1284427 0.1186651 0.0177915 0.0037106 0.0167152 0.1149697 0.0962625 0.1390027 0.1516356 0.1607977 0.0156094 0.1562442 0.1230762 0.1228370 0.0950351 0.1394098 0.1503182 0.1251989 0.1571138 0.1317284 0.0000000 0.1208151 
Peramelidae_Perameles_gunnii                 0.0762225 0.0842655 0.0882023 0.1132060 0.1214733 0.1202361 0.1050353 0.1240105 0.1023892 0.0006714 0.1167261 0.1363600 0.1380132 0.1235621 0.1050091 0.1345360 0.1206544 0.1028349 0.0101460 0.1045651 0.1232021 0.1391550 0.1387450 0.1269520 0.1477998 0.1326927 0.1038152 0.1023371 0.1278660 0.1356305 0.1192646 0.1485091 0.0163764 0.1208151 0.0000000 
