39
Burramyidae_Burramys_parvus                  0.0000000 0.2014470 0.1348912 0.2014470 0.0882051 0.1089078 0.0929366 0.1459913 0.0745388 0.0778875 0.0938446 0.1459505 0.0604593 0.1496738 0.1337788 0.0758351 0.0814208 0.1262576 0.1568046 0.1338623 0.1376457 0.0852048 0.0948562 0.1272591 0.1240152 0.1283981 0.1099197 0.1100455 0.0783052 0.0925809 0.0996784 0.1373225 0.0907594 0.0805825 0.1385434 0.1710854 0.1472061 0.2302264 0.2302264 
Thylacomyidae_Macrotis_lagotis1              0.2014470 0.0000000 0.2876022 0.0000010 0.2252659 0.2548512 0.2626612 0.2409935 0.2171658 0.2133249 0.2707448 0.2079180 0.2309874 0.2357060 0.3082216 0.2133937 0.2204848 0.2318088 0.2490595 0.3076147 0.2214147 0.2517771 0.2262008 0.2379539 0.2239882 0.2382910 0.2509288 0.2653997 0.2152919 0.2425721 0.2211129 0.2472099 0.2363746 0.2161486 0.2205985 0.2444809 0.2129671 9.0000000 9.0000000 
Notoryctidae_Notoryctes_typhlops             0.1348912 0.2876022 0.0000000 0.2876022 0.1336738 0.1805822 0.1560321 0.1928530 0.1173205 0.1376747 0.1543332 0.1804744 0.1369461 0.1928829 0.1752700 0.1428499 0.1403086 0.1683273 0.1979158 0.1720950 0.1741982 0.1459238 0.1319142 0.1466292 0.1522417 0.1678767 0.1688309 0.1437510 0.1357703 0.1498593 0.1598640 0.1907550 0.1502822 0.1455537 0.1669967 0.2029459 0.1792621 0.2523601 0.2523601 
Thylacomyidae_Macrotis_lagotis2              0.2014470 0.0000010 0.2876022 0.0000000 0.2252659 0.2548512 0.2626612 0.2409935 0.2171658 0.2133249 0.2707448 0.2079180 0.2309874 0.2357060 0.3082216 0.2133937 0.2204848 0.2318088 0.2490595 0.3076147 0.2214147 0.2517771 0.2262008 0.2379539 0.2239882 0.2382910 0.2509288 0.2653997 0.2152919 0.2425721 0.2211129 0.2472099 0.2363746 0.2161486 0.2205985 0.2444809 0.2129671 9.0000000 9.0000000 
Vombatidae_Lasiorhinus_latifrons             0.0882051 0.2252659 0.1336738 0.2252659 0.0000000 0.1033202 0.0866039 0.1287711 0.0711727 0.0851011 0.0842106 0.1302143 0.0784031 0.1382516 0.1302536 0.0825929 0.0743636 0.1127619 0.1389908 0.1191764 0.1248365 0.0800880 0.0803704 0.1239968 0.1188880 0.1146870 0.1018927 0.1044745 0.0752647 0.0835576 0.0888288 0.1419108 0.0820773 0.0839532 0.1240437 0.1497817 0.1310255 0.2381591 0.2381591 
Potoroidae_Bettongia_penicillata             0.1089078 0.2548512 0.1805822 0.2548512 0.1033202 0.0000000 0.0210747 0.1655347 0.1013941 0.0905611 0.0300908 0.1694692 0.0865282 0.1715419 0.1630474 0.1079182 0.0958891 0.1500873 0.1735891 0.1422435 0.1602240 0.0431208 0.0972179 0.1612036 0.1566401 0.1528904 0.0743600 0.1443168 0.0912787 0.0497844 0.0901447 0.1616468 0.1063473 0.1093519 0.1585789 0.1890601 0.1697790 0.2452259 0.2452259 
Potoroidae_Bettongia_lesueur                 0.0929366 0.2626612 0.1560321 0.2626612 0.0866039 0.0210747 0.0000000 0.1418698 0.0822018 0.0954828 0.0169036 0.1503956 0.0872064 0.1467097 0.1374414 0.0899666 0.0795706 0.1222678 0.1514336 0.1226632 0.1416986 0.0290875 0.0903953 0.1409635 0.1394331 0.1249010 0.0652442 0.1232065 0.0791317 0.0354025 0.0927019 0.1476864 0.0914930 0.0913184 0.1393968 0.1643767 0.1507517 0.2546255 0.2546255 
Dasyuridae_Dasyurus_maculatus                0.1459913 0.2409935 0.1928530 0.2409935 0.1287711 0.1655347 0.1418698 0.0000000 0.1207345 0.1342239 0.1369004 0.1666191 0.1213819 0.0358907 0.0415003 0.1273050 0.1349843 0.0194095 0.0190284 0.0330806 0.1551668 0.1372499 0.1245017 0.1322106 0.1428863 0.0230261 0.1597443 0.1192757 0.1366403 0.1373947 0.1370136 0.1864787 0.1268641 0.1345530 0.1659428 0.0234269 0.1675115 0.1754893 0.1754893 
Phalangeridae_Trichosurus_vulpecula          0.0745388 0.2171658 0.1173205 0.2171658 0.0711727 0.1013941 0.0822018 0.1207345 0.0000000 0.0347796 0.0806339 0.1160029 0.0225401 0.1172625 0.1093646 0.0303905 0.0625375 0.1118967 0.1221019 0.1253738 0.1111185 0.0761526 0.0803485 0.1272898 0.1025557 0.1140496 0.0950607 0.0954585 0.0705376 0.0833331 0.0840181 0.1251011 0.0788648 0.0320732 0.1150147 0.1288874 0.1162318 0.1631621 0.1631621 
Phalangeridae_Spilocuscus_maculatus          0.0778875 0.2133249 0.1376747 0.2133249 0.0851011 0.0905611 0.0954828 0.1342239 0.0347796 0.0000000 0.0948543 0.1330440 0.0212859 0.1279931 0.1246692 0.0360966 0.0753698 0.1237252 0.1325943 0.1369692 0.1282600 0.0885285 0.0921141 0.1444867 0.1139674 0.1278460 0.1032177 0.1100081 0.0769814 0.0966806 0.0835710 0.1282593 0.0879335 0.0387684 0.1292774 0.1436510 0.1332373 0.1795533 0.1795533 
Potoroidae_Aepyprymnus_rufescens             0.0938446 0.2707448 0.1543332 0.2707448 0.0842106 0.0300908 0.0169036 0.1369004 0.0806339 0.0948543 0.0000000 0.1481972 0.0868168 0.1455182 0.1377312 0.0870206 0.0772299 0.1215848 0.1455147 0.1227909 0.1403278 0.0259098 0.0848315 0.1339976 0.1365176 0.1212432 0.0635612 0.1177172 0.0782443 0.0352085 0.0893811 0.1408491 0.0876319 0.0878163 0.1390185 0.1603555 0.1489951 0.2440243 0.2440243 
Peramelidae_Perameles_nasuta                 0.1459505 0.2079180 0.1804744 0.2079180 0.1302143 0.1694692 0.1503956 0.1666191 0.1160029 0.1330440 0.1481972 0.0000000 0.1287747 0.1726072 0.1451435 0.1261321 0.1258311 0.1421504 0.1707869 0.1454856 0.0371940 0.1480067 0.1241636 0.1677625 0.1647904 0.1422001 0.1629811 0.1363767 0.1302580 0.1483043 0.1557170 0.1863000 0.1391270 0.1305190 0.0298487 0.1797628 0.0010700 0.3109910 0.3109910 
Phalangeridae_Strigocuscus_pelengensis       0.0604593 0.2309874 0.1369461 0.2309874 0.0784031 0.0865282 0.0872064 0.1213819 0.0225401 0.0212859 0.0868168 0.1287747 0.0000000 0.1344183 0.1287605 0.0172797 0.0679718 0.0965262 0.1370049 0.1096410 0.1294912 0.0849490 0.0737294 0.1277361 0.1291987 0.0999668 0.0823594 0.0895947 0.0653958 0.0895934 0.0715320 0.1051042 0.0742699 0.0218889 0.1296504 0.1492828 0.1301688 0.2462527 0.2462527 
Dasyuridae_Phascogale_tapoatafa              0.1496738 0.2357060 0.1928829 0.2357060 0.1382516 0.1715419 0.1467097 0.0358907 0.1172625 0.1279931 0.1455182 0.1726072 0.1344183 0.0000000 0.0484696 0.1372716 0.1389336 0.0039161 0.0404737 0.0335486 0.1678077 0.1436301 0.1226925 0.1413585 0.1497296 0.0134513 0.1663653 0.1329040 0.1374331 0.1475834 0.1411849 0.1871991 0.1350201 0.1435141 0.1679305 0.0463771 0.1733118 0.1566024 0.1566024 
Dasyuridae_Sminthopsis_macroura              0.1337788 0.3082216 0.1752700 0.3082216 0.1302536 0.1630474 0.1374414 0.0415003 0.1093646 0.1246692 0.1377312 0.1451435 0.1287605 0.0484696 0.0000000 0.1249996 0.1275621 0.0308694 0.0545875 0.0264420 0.1486299 0.1351362 0.1082809 0.1146494 0.1289178 0.0322625 0.1563010 0.1191792 0.1271986 0.1358495 0.1392896 0.1783275 0.1264260 0.1316949 0.1462146 0.0579775 0.1473164 0.2005331 0.2005331 
Phalangeridae_Phalanger_orientalis           0.0758351 0.2133937 0.1428499 0.2133937 0.0825929 0.1079182 0.0899666 0.1273050 0.0303905 0.0360966 0.0870206 0.1261321 0.0172797 0.1372716 0.1249996 0.0000000 0.0700265 0.1085244 0.1383740 0.1209316 0.1274165 0.0838919 0.0833932 0.1272139 0.1273872 0.1086474 0.1029232 0.0934813 0.0800244 0.0876130 0.0925651 0.1224946 0.0871920 0.0111711 0.1270562 0.1487316 0.1273165 0.2474582 0.2474582 
Acrobatidae_Acrobates_pygmaeus               0.0814208 0.2204848 0.1403086 0.2204848 0.0743636 0.0958891 0.0795706 0.1349843 0.0625375 0.0753698 0.0772299 0.1258311 0.0679718 0.1389336 0.1275621 0.0700265 0.0000000 0.1108770 0.1462258 0.1157811 0.1221570 0.0734968 0.0682249 0.1312374 0.1231379 0.1118160 0.0936629 0.1059693 0.0655339 0.0807227 0.0792984 0.1219104 0.0457538 0.0709700 0.1212912 0.1600757 0.1271712 0.2544779 0.2544779 
Dasyuridae_Phascogale_calura                 0.1262576 0.2318088 0.1683273 0.2318088 0.1127619 0.1500873 0.1222678 0.0194095 0.1118967 0.1237252 0.1215848 0.1421504 0.0965262 0.0039161 0.0308694 0.1085244 0.1108770 0.0000000 0.0213057 0.0312846 0.1382765 0.1193185 0.1194962 0.1363963 0.1205981 0.0120759 0.1406077 0.1004085 0.1161687 0.1235472 0.1101656 0.1715767 0.1045728 0.1144967 0.1406491 0.0277496 0.1430001 9.0000000 9.0000000 
Dasyuridae_Sarcophilus_harrisii              0.1568046 0.2490595 0.1979158 0.2490595 0.1389908 0.1735891 0.1514336 0.0190284 0.1221019 0.1325943 0.1455147 0.1707869 0.1370049 0.0404737 0.0545875 0.1383740 0.1462258 0.0213057 0.0000000 0.0352424 0.1717251 0.1484083 0.1246349 0.1387800 0.1529843 0.0244646 0.1690237 0.1324952 0.1462375 0.1513716 0.1431112 0.1854889 0.1373128 0.1457233 0.1728493 0.0228596 0.1715658 0.1679569 0.1679569 
Dasyuridae_Planigale_tenuirostris            0.1338623 0.3076147 0.1720950 0.3076147 0.1191764 0.1422435 0.1226632 0.0330806 0.1253738 0.1369692 0.1227909 0.1454856 0.1096410 0.0335486 0.0264420 0.1209316 0.1157811 0.0312846 0.0352424 0.0000000 0.1396101 0.1228044 0.1242129 0.1297933 0.1209741 0.0341946 0.1402780 0.1022847 0.1197553 0.1254105 0.1164952 0.1793761 0.1106205 0.1284259 0.1393804 0.0410753 0.1478677 9.0000000 9.0000000 
Peramelidae_Echymipera_kalubu                0.1376457 0.2214147 0.1741982 0.2214147 0.1248365 0.1602240 0.1416986 0.1551668 0.1111185 0.1282600 0.1403278 0.0371940 0.1294912 0.1678077 0.1486299 0.1274165 0.1221570 0.1382765 0.1717251 0.1396101 0.0000000 0.1386890 0.1157435 0.1588320 0.1607909 0.1396422 0.1525270 0.1356429 0.1213196 0.1391762 0.1462012 0.1818912 0.1282117 0.1292972 0.0282196 0.1799870 0.0380876 0.3178934 0.3178934 
Macropodidae_Dorcopsulus_vanheurni           0.0852048 0.2517771 0.1459238 0.2517771 0.0800880 0.0431208 0.0290875 0.1372499 0.0761526 0.0885285 0.0259098 0.1480067 0.0849490 0.1436301 0.1351362 0.0838919 0.0734968 0.1193185 0.1484083 0.1228044 0.1386890 0.0000000 0.0812795 0.1377066 0.1333153 0.1224940 0.0552234 0.1115366 0.0734283 0.0160373 0.0866027 0.1335925 0.0845411 0.0842405 0.1375110 0.1607904 0.1492042 0.2472548 0.2472548 
Pseudochiridae_Pseudochirulus_forbesi        0.0948562 0.2262008 0.1319142 0.2262008 0.0803704 0.0972179 0.0903953 0.1245017 0.0803485 0.0921141 0.0848315 0.1241636 0.0737294 0.1226925 0.1082809 0.0833932 0.0682249 0.1194962 0.1246349 0.1242129 0.1157435 0.0812795 0.0000000 0.1402365 0.1195355 0.1224851 0.0924328 0.1084858 0.0405038 0.0915876 0.0367145 0.1118847 0.0763470 0.0853942 0.1191043 0.1403000 0.1248329 0.2214500 0.2214500 
Didelphidae_Didelphis_virginiana             0.1272591 0.2379539 0.1466292 0.2379539 0.1239968 0.1612036 0.1409635 0.1322106 0.1272898 0.1444867 0.1339976 0.1677625 0.1277361 0.1413585 0.1146494 0.1272139 0.1312374 0.1363963 0.1387800 0.1297933 0.1588320 0.1377066 0.1402365 0.0000000 0.0667105 0.1381801 0.1601251 0.1359145 0.1352830 0.1370294 0.1453660 0.1924139 0.1460184 0.1328343 0.1641104 0.1518758 0.1682923 0.2522318 0.2522318 
Marmosidae_Monodelphis_domestica             0.1240152 0.2239882 0.1522417 0.2239882 0.1188880 0.1566401 0.1394331 0.1428863 0.1025557 0.1139674 0.1365176 0.1647904 0.1291987 0.1497296 0.1289178 0.1273872 0.1231379 0.1205981 0.1529843 0.1209741 0.1607909 0.1333153 0.1195355 0.0667105 0.0000000 0.1199519 0.1523531 0.1271098 0.1286293 0.1312044 0.1446551 0.1640273 0.1443796 0.1320322 0.1622483 0.1536701 0.1662720 0.3009584 0.3009584 
Dasyuridae_Antechinus_stuartii               0.1283981 0.2382910 0.1678767 0.2382910 0.1146870 0.1528904 0.1249010 0.0230261 0.1140496 0.1278460 0.1212432 0.1422001 0.0999668 0.0134513 0.0322625 0.1086474 0.1118160 0.0120759 0.0244646 0.0341946 0.1396422 0.1224940 0.1224851 0.1381801 0.1199519 0.0000000 0.1409446 0.1007775 0.1176714 0.1256439 0.1111279 0.1682829 0.1049364 0.1165224 0.1407116 0.0280363 0.1430706 9.0000000 9.0000000 
Hypsiprymnodontidae_Hypsiprymnodon_moschatus 0.1099197 0.2509288 0.1688309 0.2509288 0.1018927 0.0743600 0.0652442 0.1597443 0.0950607 0.1032177 0.0635612 0.1629811 0.0823594 0.1663653 0.1563010 0.1029232 0.0936629 0.1406077 0.1690237 0.1402780 0.1525270 0.0552234 0.0924328 0.1601251 0.1523531 0.1409446 0.0000000 0.1346334 0.0916678 0.0634710 0.0900822 0.1510467 0.0996823 0.1049315 0.1560593 0.1849234 0.1633669 0.2549260 0.2549260 
Microbiotheriidae_Dromiciops_gliroides       0.1100455 0.2653997 0.1437510 0.2653997 0.1044745 0.1443168 0.1232065 0.1192757 0.0954585 0.1100081 0.1177172 0.1363767 0.0895947 0.1329040 0.1191792 0.0934813 0.1059693 0.1004085 0.1324952 0.1022847 0.1356429 0.1115366 0.1084858 0.1359145 0.1271098 0.1007775 0.1346334 0.0000000 0.1053084 0.1097958 0.1047053 0.1574436 0.1021270 0.1006063 0.1319379 0.1393348 0.1376202 0.2627387 0.2627387 
Pseudochiridae_Petauroides_volans            0.0783052 0.2152919 0.1357703 0.2152919 0.0752647 0.0912787 0.0791317 0.1366403 0.0705376 0.0769814 0.0782443 0.1302580 0.0653958 0.1374331 0.1271986 0.0800244 0.0655339 0.1161687 0.1462375 0.1197553 0.1213196 0.0734283 0.0405038 0.1352830 0.1286293 0.1176714 0.0916678 0.1053084 0.0000000 0.0797920 0.0367366 0.1084865 0.0737331 0.0833007 0.1211814 0.1567025 0.1303242 0.2252140 0.2252140 
Macropodidae_Wallabia_bicolor                0.0925809 0.2425721 0.1498593 0.2425721 0.0835576 0.0497844 0.0354025 0.1373947 0.0833331 0.0966806 0.0352085 0.1483043 0.0895934 0.1475834 0.1358495 0.0876130 0.0807227 0.1235472 0.1513716 0.1254105 0.1391762 0.0160373 0.0915876 0.1370294 0.1312044 0.1256439 0.0634710 0.1097958 0.0797920 0.0000000 0.0977601 0.1398905 0.0901820 0.0919112 0.1407008 0.1611472 0.1492118 0.2552657 0.2552657 
Pseudochiridae_Pseudocheirus_occidentalis    0.0996784 0.2211129 0.1598640 0.2211129 0.0888288 0.0901447 0.0927019 0.1370136 0.0840181 0.0835710 0.0893811 0.1557170 0.0715320 0.1411849 0.1392896 0.0925651 0.0792984 0.1101656 0.1431112 0.1164952 0.1462012 0.0866027 0.0367145 0.1453660 0.1446551 0.1111279 0.0900822 0.1047053 0.0367366 0.0977601 0.0000000 0.1108375 0.0753427 0.0951488 0.1492426 0.1579474 0.1555734 0.2622853 0.2622853 
Tarsipedidae_Tarsipes_rostratus              0.1373225 0.2472099 0.1907550 0.2472099 0.1419108 0.1616468 0.1476864 0.1864787 0.1251011 0.1282593 0.1408491 0.1863000 0.1051042 0.1871991 0.1783275 0.1224946 0.1219104 0.1715767 0.1854889 0.1793761 0.1818912 0.1335925 0.1118847 0.1924139 0.1640273 0.1682829 0.1510467 0.1574436 0.1084865 0.1398905 0.1108375 0.0000000 0.1328534 0.1248313 0.1849868 0.1997398 0.1848939 0.3249599 0.3249599 
Acrobatidae_Distoechurus_pennatus            0.0907594 0.2363746 0.1502822 0.2363746 0.0820773 0.1063473 0.0914930 0.1268641 0.0788648 0.0879335 0.0876319 0.1391270 0.0742699 0.1350201 0.1264260 0.0871920 0.0457538 0.1045728 0.1373128 0.1106205 0.1282117 0.0845411 0.0763470 0.1460184 0.1443796 0.1049364 0.0996823 0.1021270 0.0737331 0.0901820 0.0753427 0.1328534 0.0000000 0.0900135 0.1337223 0.1515577 0.1399591 0.2536288 0.2536288 
Phalangeridae_Phalanger_carmelitae           0.0805825 0.2161486 0.1455537 0.2161486 0.0839532 0.1093519 0.0913184 0.1345530 0.0320732 0.0387684 0.0878163 0.1305190 0.0218889 0.1435141 0.1316949 0.0111711 0.0709700 0.1144967 0.1457233 0.1284259 0.1292972 0.0842405 0.0853942 0.1328343 0.1320322 0.1165224 0.1049315 0.1006063 0.0833007 0.0919112 0.0951488 0.1248313 0.0900135 0.0000000 0.1293306 0.1569499 0.1313256 0.2505746 0.2505746 
Peramelidae_Peroryctes_raffrayana            0.1385434 0.2205985 0.1669967 0.2205985 0.1240437 0.1585789 0.1393968 0.1659428 0.1150147 0.1292774 0.1390185 0.0298487 0.1296504 0.1679305 0.1462146 0.1270562 0.1212912 0.1406491 0.1728493 0.1393804 0.0282196 0.1375110 0.1191043 0.1641104 0.1622483 0.1407116 0.1560593 0.1319379 0.1211814 0.1407008 0.1492426 0.1849868 0.1337223 0.1293306 0.0000000 0.1788026 0.0307412 0.2943962 0.2943962 
Dasyuridae_Dasyurus_geffroii                 0.1710854 0.2444809 0.2029459 0.2444809 0.1497817 0.1890601 0.1643767 0.0234269 0.1288874 0.1436510 0.1603555 0.1797628 0.1492828 0.0463771 0.0579775 0.1487316 0.1600757 0.0277496 0.0228596 0.0410753 0.1799870 0.1607904 0.1403000 0.1518758 0.1536701 0.0280363 0.1849234 0.1393348 0.1567025 0.1611472 0.1579474 0.1997398 0.1515577 0.1569499 0.1788026 0.0000000 0.1813662 0.1843987 0.1843987 
Peramelidae_Perameles_gunnii                 0.1472061 0.2129671 0.1792621 0.2129671 0.1310255 0.1697790 0.1507517 0.1675115 0.1162318 0.1332373 0.1489951 0.0010700 0.1301688 0.1733118 0.1473164 0.1273165 0.1271712 0.1430001 0.1715658 0.1478677 0.0380876 0.1492042 0.1248329 0.1682923 0.1662720 0.1430706 0.1633669 0.1376202 0.1303242 0.1492118 0.1555734 0.1848939 0.1399591 0.1313256 0.0307412 0.1813662 0.0000000 0.3134267 0.3134267 
Myrmecobiidae_Myrmecobius_fasciatus1         0.2302264 9.0000000 0.2523601 9.0000000 0.2381591 0.2452259 0.2546255 0.1754893 0.1631621 0.1795533 0.2440243 0.3109910 0.2462527 0.1566024 0.2005331 0.2474582 0.2544779 9.0000000 0.1679569 9.0000000 0.3178934 0.2472548 0.2214500 0.2522318 0.3009584 9.0000000 0.2549260 0.2627387 0.2252140 0.2552657 0.2622853 0.3249599 0.2536288 0.2505746 0.2943962 0.1843987 0.3134267 0.0000000 0.0000010 
Myrmecobiidae_Myrmecobius_fasciatus2         0.2302264 9.0000000 0.2523601 9.0000000 0.2381591 0.2452259 0.2546255 0.1754893 0.1631621 0.1795533 0.2440243 0.3109910 0.2462527 0.1566024 0.2005331 0.2474582 0.2544779 9.0000000 0.1679569 9.0000000 0.3178934 0.2472548 0.2214500 0.2522318 0.3009584 9.0000000 0.2549260 0.2627387 0.2252140 0.2552657 0.2622853 0.3249599 0.2536288 0.2505746 0.2943962 0.1843987 0.3134267 0.0000010 0.0000000 
