35
Burramyidae_Burramys_parvus                  0.0000000 0.0405919 0.0235022 0.0218782 0.0226757 0.0391015 0.0208132 0.0207350 0.0230571 0.0436083 0.0208891 0.0369580 0.0382558 0.0209659 0.0233478 0.0370732 0.0372956 0.0356786 0.0434291 0.0207346 0.0249735 0.0440457 0.0439536 0.0366415 0.0223506 0.0281740 0.0243135 0.0207937 0.0262198 0.0356327 0.0217328 0.0209252 0.0470410 0.0388368 0.0442324 
Notoryctidae_Notoryctes_typhlops             0.0405919 0.0000000 0.0428421 0.0428425 0.0434239 0.0523436 0.0438306 0.0427941 0.0446503 0.0572423 0.0443935 0.0508567 0.0528676 0.0441194 0.0440373 0.0514060 0.0519832 0.0497567 0.0563780 0.0414271 0.0439316 0.0584413 0.0598207 0.0512331 0.0433018 0.0415946 0.0443069 0.0420411 0.0471155 0.0559964 0.0431107 0.0438024 0.0570533 0.0526230 0.0575954 
Vombatidae_Lasiorhinus_latifrons             0.0235022 0.0428421 0.0000000 0.0251777 0.0261513 0.0393033 0.0247243 0.0240556 0.0273552 0.0431875 0.0242897 0.0380975 0.0394254 0.0243049 0.0265825 0.0386086 0.0380404 0.0371616 0.0428365 0.0254572 0.0285966 0.0460481 0.0470970 0.0374483 0.0260335 0.0290965 0.0278589 0.0250285 0.0296776 0.0385460 0.0256013 0.0243651 0.0456588 0.0386679 0.0436574 
Potoroidae_Bettongia_penicillata             0.0218782 0.0428425 0.0251777 0.0000000 0.0025648 0.0401291 0.0254117 0.0246586 0.0049019 0.0435589 0.0252535 0.0379205 0.0386012 0.0257846 0.0264638 0.0384559 0.0378148 0.0358442 0.0439480 0.0106962 0.0266522 0.0453977 0.0490104 0.0373533 0.0174533 0.0329803 0.0275830 0.0105680 0.0283609 0.0424714 0.0268298 0.0258794 0.0455156 0.0401479 0.0443234 
Potoroidae_Bettongia_lesueur                 0.0226757 0.0434239 0.0261513 0.0025648 0.0000000 0.0403530 0.0260658 0.0254691 0.0053231 0.0437857 0.0262332 0.0381380 0.0388214 0.0266022 0.0269549 0.0386750 0.0378566 0.0360458 0.0441828 0.0114282 0.0271624 0.0456131 0.0494196 0.0375701 0.0174756 0.0336469 0.0282535 0.0113019 0.0293317 0.0428410 0.0278225 0.0266956 0.0457580 0.0403720 0.0445593 
Dasyuridae_Dasyurus_maculatus                0.0391015 0.0523436 0.0393033 0.0401291 0.0403530 0.0000000 0.0407324 0.0390449 0.0410168 0.0486461 0.0399326 0.0113224 0.0157748 0.0399802 0.0410557 0.0113224 0.0045504 0.0156589 0.0500598 0.0402295 0.0421431 0.0548094 0.0542262 0.0117801 0.0405698 0.0393103 0.0401504 0.0400154 0.0433814 0.0527236 0.0409210 0.0396167 0.0514771 0.0041173 0.0495128 
Phalangeridae_Trichosurus_vulpecula          0.0208132 0.0438306 0.0247243 0.0254117 0.0260658 0.0407324 0.0000000 0.0090128 0.0254567 0.0469553 0.0096295 0.0385046 0.0403586 0.0098604 0.0245449 0.0386326 0.0382977 0.0381563 0.0463242 0.0242947 0.0254905 0.0484789 0.0481689 0.0384863 0.0240502 0.0304722 0.0256620 0.0236325 0.0275277 0.0387587 0.0238404 0.0095224 0.0490965 0.0401197 0.0475622 
Phalangeridae_Spilocuscus_maculatus          0.0207350 0.0427941 0.0240556 0.0246586 0.0254691 0.0390449 0.0090128 0.0000000 0.0250160 0.0447706 0.0043800 0.0371017 0.0382901 0.0049557 0.0245850 0.0372289 0.0366324 0.0369223 0.0442842 0.0236378 0.0254403 0.0477136 0.0464981 0.0364347 0.0231530 0.0296634 0.0254823 0.0230794 0.0274394 0.0380549 0.0231883 0.0044367 0.0478438 0.0379224 0.0453521 
Potoroidae_Aepyprymnus_rufescens             0.0230571 0.0446503 0.0273552 0.0049019 0.0053231 0.0410168 0.0254567 0.0250160 0.0000000 0.0455831 0.0259785 0.0392318 0.0402237 0.0259645 0.0264550 0.0397435 0.0395738 0.0382339 0.0453453 0.0106383 0.0281344 0.0480609 0.0493094 0.0392095 0.0175135 0.0317423 0.0276404 0.0110910 0.0299270 0.0407268 0.0262070 0.0260323 0.0480399 0.0412864 0.0463142 
Peramelidae_Perameles_nasuta                 0.0436083 0.0572423 0.0431875 0.0435589 0.0437857 0.0486461 0.0469553 0.0447706 0.0455831 0.0000000 0.0454829 0.0505148 0.0494910 0.0462286 0.0456919 0.0506545 0.0472242 0.0486283 0.0071514 0.0453772 0.0475386 0.0614695 0.0604878 0.0495508 0.0471117 0.0450043 0.0471902 0.0442665 0.0486009 0.0560404 0.0443917 0.0458584 0.0089491 0.0486608 0.0008002 
Phalangeridae_Strigocuscus_pelengensis       0.0208891 0.0443935 0.0242897 0.0252535 0.0262332 0.0399326 0.0096295 0.0043800 0.0259785 0.0454829 0.0000000 0.0379694 0.0390620 0.0043792 0.0251765 0.0382269 0.0381355 0.0375331 0.0451355 0.0246697 0.0267657 0.0479229 0.0471609 0.0377531 0.0244413 0.0310910 0.0265248 0.0241018 0.0290083 0.0388102 0.0243495 0.0039630 0.0486832 0.0390662 0.0463223 
Dasyuridae_Phascogale_tapoatafa              0.0369580 0.0508567 0.0380975 0.0379205 0.0381380 0.0113224 0.0385046 0.0371017 0.0392318 0.0505148 0.0379694 0.0000000 0.0144546 0.0385036 0.0395516 0.0017923 0.0097912 0.0143930 0.0512456 0.0380693 0.0396155 0.0542094 0.0537648 0.0054563 0.0387141 0.0381351 0.0383748 0.0376142 0.0414100 0.0514991 0.0396630 0.0376505 0.0538621 0.0110166 0.0512492 
Dasyuridae_Sminthopsis_macroura              0.0382558 0.0528676 0.0394254 0.0386012 0.0388214 0.0157748 0.0403586 0.0382901 0.0402237 0.0494910 0.0390620 0.0144546 0.0000000 0.0397125 0.0398539 0.0147780 0.0144543 0.0116299 0.0494355 0.0388871 0.0419908 0.0545408 0.0543722 0.0149195 0.0388969 0.0393236 0.0398603 0.0388327 0.0436660 0.0517101 0.0412809 0.0392341 0.0525100 0.0154573 0.0502309 
Phalangeridae_Phalanger_orientalis           0.0209659 0.0441194 0.0243049 0.0257846 0.0266022 0.0399802 0.0098604 0.0049557 0.0259645 0.0462286 0.0043792 0.0385036 0.0397125 0.0000000 0.0252992 0.0386320 0.0380535 0.0377968 0.0454660 0.0246840 0.0272172 0.0482847 0.0466485 0.0382016 0.0250169 0.0303819 0.0267871 0.0241150 0.0293231 0.0385338 0.0244630 0.0017994 0.0490050 0.0392431 0.0467932 
Acrobatidae_Acrobates_pygmaeus               0.0233478 0.0440373 0.0265825 0.0264638 0.0269549 0.0410557 0.0245449 0.0245850 0.0264550 0.0456919 0.0251765 0.0395516 0.0398539 0.0252992 0.0000000 0.0398098 0.0387432 0.0381408 0.0454950 0.0254092 0.0247429 0.0487086 0.0493297 0.0387717 0.0244468 0.0296975 0.0231590 0.0253384 0.0267708 0.0345767 0.0154163 0.0254722 0.0482773 0.0404388 0.0461694 
Dasyuridae_Phascogale_calura                 0.0370732 0.0514060 0.0386086 0.0384559 0.0386750 0.0113224 0.0386326 0.0372289 0.0397435 0.0506545 0.0382269 0.0017923 0.0147780 0.0386320 0.0398098 0.0000000 0.0100042 0.0146167 0.0513857 0.0384532 0.0393455 0.0542308 0.0535053 0.0055593 0.0388426 0.0383777 0.0386312 0.0381250 0.0408876 0.0516368 0.0403054 0.0377779 0.0538447 0.0113374 0.0513893 
Dasyuridae_Sarcophilus_harrisii              0.0372956 0.0519832 0.0380404 0.0378148 0.0378566 0.0045504 0.0382977 0.0366324 0.0395738 0.0472242 0.0381355 0.0097912 0.0144543 0.0380535 0.0387432 0.0100042 0.0000000 0.0150585 0.0485005 0.0382579 0.0400907 0.0526962 0.0518557 0.0103503 0.0389023 0.0367860 0.0380813 0.0379395 0.0411884 0.0494070 0.0390129 0.0373248 0.0508159 0.0048637 0.0480916 
Dasyuridae_Planigale_tenuirostris            0.0356786 0.0497567 0.0371616 0.0358442 0.0360458 0.0156589 0.0381563 0.0369223 0.0382339 0.0486283 0.0375331 0.0143930 0.0116299 0.0377968 0.0381408 0.0146167 0.0150585 0.0000000 0.0495921 0.0362334 0.0406016 0.0546274 0.0552170 0.0148522 0.0375192 0.0377254 0.0390246 0.0362493 0.0431309 0.0516918 0.0387877 0.0377819 0.0524165 0.0158854 0.0490822 
Peramelidae_Echymipera_kalubu                0.0434291 0.0563780 0.0428365 0.0439480 0.0441828 0.0500598 0.0463242 0.0442842 0.0453453 0.0071514 0.0451355 0.0512456 0.0494355 0.0454660 0.0454950 0.0513857 0.0485005 0.0495921 0.0000000 0.0444818 0.0467761 0.0608551 0.0600191 0.0504255 0.0468914 0.0447949 0.0468546 0.0433913 0.0488605 0.0554620 0.0440269 0.0453683 0.0079489 0.0499378 0.0075596 
Macropodidae_Dorcopsulus_vanheurni           0.0207346 0.0414271 0.0254572 0.0106962 0.0114282 0.0402295 0.0242947 0.0236378 0.0106383 0.0453772 0.0246697 0.0380693 0.0388871 0.0246840 0.0254092 0.0384532 0.0382579 0.0362334 0.0444818 0.0000000 0.0258812 0.0470208 0.0481427 0.0379044 0.0157812 0.0304636 0.0259561 0.0039381 0.0272515 0.0387303 0.0242197 0.0247478 0.0477007 0.0399717 0.0463849 
Pseudochiridae_Pseudochirulus_forbesi        0.0249735 0.0439316 0.0285966 0.0266522 0.0271624 0.0421431 0.0254905 0.0254403 0.0281344 0.0475386 0.0267657 0.0396155 0.0419908 0.0272172 0.0247429 0.0393455 0.0400907 0.0406016 0.0467761 0.0258812 0.0000000 0.0502666 0.0507829 0.0393148 0.0265877 0.0328496 0.0132436 0.0260347 0.0103599 0.0334604 0.0247199 0.0271569 0.0482708 0.0414095 0.0481458 
Didelphidae_Didelphis_virginiana             0.0440457 0.0584413 0.0460481 0.0453977 0.0456131 0.0548094 0.0484789 0.0477136 0.0480609 0.0614695 0.0479229 0.0542094 0.0545408 0.0482847 0.0487086 0.0542308 0.0526962 0.0546274 0.0608551 0.0470208 0.0502666 0.0000000 0.0242951 0.0540333 0.0475915 0.0475133 0.0494987 0.0461648 0.0522383 0.0610440 0.0482063 0.0480360 0.0626548 0.0547325 0.0611652 
Marmosidae_Monodelphis_domestica             0.0439536 0.0598207 0.0470970 0.0490104 0.0494196 0.0542262 0.0481689 0.0464981 0.0493094 0.0604878 0.0471609 0.0537648 0.0543722 0.0466485 0.0493297 0.0535053 0.0518557 0.0552170 0.0600191 0.0481427 0.0507829 0.0242951 0.0000000 0.0534737 0.0482050 0.0467330 0.0495901 0.0472695 0.0529062 0.0618265 0.0487283 0.0461443 0.0617657 0.0537279 0.0603660 
Dasyuridae_Antechinus_stuartii               0.0366415 0.0512331 0.0374483 0.0373533 0.0375701 0.0117801 0.0384863 0.0364347 0.0392095 0.0495508 0.0377531 0.0054563 0.0149195 0.0382016 0.0387717 0.0055593 0.0103503 0.0148522 0.0504255 0.0379044 0.0393148 0.0540333 0.0534737 0.0000000 0.0378900 0.0385773 0.0378087 0.0375799 0.0413703 0.0507848 0.0395187 0.0373739 0.0530966 0.0113610 0.0503863 
Hypsiprymnodontidae_Hypsiprymnodon_moschatus 0.0223506 0.0433018 0.0260335 0.0174533 0.0174756 0.0405698 0.0240502 0.0231530 0.0175135 0.0471117 0.0244413 0.0387141 0.0388969 0.0250169 0.0244468 0.0388426 0.0389023 0.0375192 0.0468914 0.0157812 0.0265877 0.0475915 0.0482050 0.0378900 0.0000000 0.0316884 0.0260639 0.0154702 0.0278606 0.0386263 0.0242157 0.0250801 0.0486564 0.0399821 0.0479910 
Microbiotheriidae_Dromiciops_gliroides       0.0281740 0.0415946 0.0290965 0.0329803 0.0336469 0.0393103 0.0304722 0.0296634 0.0317423 0.0450043 0.0310910 0.0381351 0.0393236 0.0303819 0.0296975 0.0383777 0.0367860 0.0377254 0.0447949 0.0304636 0.0328496 0.0475133 0.0467330 0.0385773 0.0316884 0.0000000 0.0320622 0.0297767 0.0340978 0.0427561 0.0308854 0.0305646 0.0459105 0.0389460 0.0453147 
Pseudochiridae_Petauroides_volans            0.0243135 0.0443069 0.0278589 0.0275830 0.0282535 0.0401504 0.0256620 0.0254823 0.0276404 0.0471902 0.0265248 0.0383748 0.0398603 0.0267871 0.0231590 0.0386312 0.0380813 0.0390246 0.0468546 0.0259561 0.0132436 0.0494987 0.0495901 0.0378087 0.0260639 0.0320622 0.0000000 0.0256031 0.0146688 0.0313917 0.0226045 0.0266319 0.0483028 0.0393908 0.0478147 
Macropodidae_Wallabia_bicolor                0.0207937 0.0420411 0.0250285 0.0105680 0.0113019 0.0400154 0.0236325 0.0230794 0.0110910 0.0442665 0.0241018 0.0376142 0.0388327 0.0241150 0.0253384 0.0381250 0.0379395 0.0362493 0.0433913 0.0039381 0.0260347 0.0461648 0.0472695 0.0375799 0.0154702 0.0297767 0.0256031 0.0000000 0.0274623 0.0387801 0.0239086 0.0242018 0.0467726 0.0396553 0.0453887 
Pseudochiridae_Pseudocheirus_occidentalis    0.0262198 0.0471155 0.0296776 0.0283609 0.0293317 0.0433814 0.0275277 0.0274394 0.0299270 0.0486009 0.0290083 0.0414100 0.0436660 0.0293231 0.0267708 0.0408876 0.0411884 0.0431309 0.0488605 0.0272515 0.0103599 0.0522383 0.0529062 0.0413703 0.0278606 0.0340978 0.0146688 0.0274623 0.0000000 0.0367536 0.0261993 0.0292607 0.0503385 0.0432577 0.0490654 
Tarsipedidae_Tarsipes_rostratus              0.0356327 0.0559964 0.0385460 0.0424714 0.0428410 0.0527236 0.0387587 0.0380549 0.0407268 0.0560404 0.0388102 0.0514991 0.0517101 0.0385338 0.0345767 0.0516368 0.0494070 0.0516918 0.0554620 0.0387303 0.0334604 0.0610440 0.0618265 0.0507848 0.0386263 0.0427561 0.0313917 0.0387801 0.0367536 0.0000000 0.0359946 0.0381991 0.0574588 0.0517765 0.0567626 
Acrobatidae_Distoechurus_pennatus            0.0217328 0.0431107 0.0256013 0.0268298 0.0278225 0.0409210 0.0238404 0.0231883 0.0262070 0.0443917 0.0243495 0.0396630 0.0412809 0.0244630 0.0154163 0.0403054 0.0390129 0.0387877 0.0440269 0.0242197 0.0247199 0.0482063 0.0487283 0.0395187 0.0242157 0.0308854 0.0226045 0.0239086 0.0261993 0.0359946 0.0000000 0.0244217 0.0473404 0.0406882 0.0448490 
Phalangeridae_Phalanger_carmelitae           0.0209252 0.0438024 0.0243651 0.0258794 0.0266956 0.0396167 0.0095224 0.0044367 0.0260323 0.0458584 0.0039630 0.0376505 0.0392341 0.0017994 0.0254722 0.0377779 0.0373248 0.0377819 0.0453683 0.0247478 0.0271569 0.0480360 0.0461443 0.0373739 0.0250801 0.0305646 0.0266319 0.0242018 0.0292607 0.0381991 0.0244217 0.0000000 0.0489205 0.0387545 0.0464626 
Peramelidae_Peroryctes_raffrayana            0.0470410 0.0570533 0.0456588 0.0455156 0.0457580 0.0514771 0.0490965 0.0478438 0.0480399 0.0089491 0.0486832 0.0538621 0.0525100 0.0490050 0.0482773 0.0538447 0.0508159 0.0524165 0.0079489 0.0477007 0.0482708 0.0626548 0.0617657 0.0530966 0.0486564 0.0459105 0.0483028 0.0467726 0.0503385 0.0574588 0.0473404 0.0489205 0.0000000 0.0516184 0.0092735 
Dasyuridae_Dasyurus_geffroii                 0.0388368 0.0526230 0.0386679 0.0401479 0.0403720 0.0041173 0.0401197 0.0379224 0.0412864 0.0486608 0.0390662 0.0110166 0.0154573 0.0392431 0.0404388 0.0113374 0.0048637 0.0158854 0.0499378 0.0399717 0.0414095 0.0547325 0.0537279 0.0113610 0.0399821 0.0389460 0.0393908 0.0396553 0.0432577 0.0517765 0.0406882 0.0387545 0.0516184 0.0000000 0.0495279 
Peramelidae_Perameles_gunnii                 0.0442324 0.0575954 0.0436574 0.0443234 0.0445593 0.0495128 0.0475622 0.0453521 0.0463142 0.0008002 0.0463223 0.0512492 0.0502309 0.0467932 0.0461694 0.0513893 0.0480916 0.0490822 0.0075596 0.0463849 0.0481458 0.0611652 0.0603660 0.0503863 0.0479910 0.0453147 0.0478147 0.0453887 0.0490654 0.0567626 0.0448490 0.0464626 0.0092735 0.0495279 0.0000000 
