35
Burramyidae_Burramys_parvus                  0.0000000 0.0805507 0.0691375 0.0658421 0.0691895 0.1025914 0.0580835 0.0616841 0.0715540 0.0991553 0.0640158 0.0962552 0.1027952 0.0595269 0.0695848 0.1006312 0.1030000 0.0909273 0.1012367 0.0703393 0.0715629 0.1170292 0.1139082 0.1014622 0.0672212 0.0967220 0.0785982 0.0711164 0.0602893 0.1047927 0.0697821 0.0587875 0.0942832 0.0932070 0.0983318 
Notoryctidae_Notoryctes_typhlops             0.0805507 0.0000000 0.0964935 0.0989401 0.0965509 0.1174324 0.0963403 0.0958704 0.0961525 0.1186974 0.0884925 0.1134580 0.1264176 0.0912724 0.1012891 0.1147518 0.1178582 0.1171711 0.1165880 0.0946263 0.0985758 0.1326192 0.1297809 0.1162363 0.1009777 0.1001012 0.1011986 0.0950033 0.0963135 0.1177799 0.1066844 0.0942954 0.1163347 0.1174291 0.1160459 
Vombatidae_Lasiorhinus_latifrons             0.0691375 0.0964935 0.0000000 0.0829441 0.0833729 0.1249702 0.0761868 0.0845095 0.0896457 0.1202439 0.0833455 0.1172234 0.1298800 0.0820161 0.0834595 0.1241927 0.1247225 0.1210171 0.1186120 0.0863383 0.0885378 0.1391948 0.1353246 0.1195965 0.0831688 0.1152724 0.0906567 0.0849271 0.0831678 0.1174035 0.0875996 0.0838654 0.1172331 0.1156159 0.1192688 
Potoroidae_Bettongia_penicillata             0.0658421 0.0989401 0.0829441 0.0000000 0.0057774 0.1250665 0.0797980 0.0849107 0.0171413 0.1169710 0.0813389 0.1155354 0.1307797 0.0827135 0.0853025 0.1210565 0.1279700 0.1212113 0.1163313 0.0231493 0.0828455 0.1393675 0.1365815 0.1174219 0.0492236 0.1109217 0.0882769 0.0224666 0.0767431 0.1115158 0.0840776 0.0848897 0.1129614 0.1160684 0.1155402 
Potoroidae_Bettongia_lesueur                 0.0691895 0.0965509 0.0833729 0.0057774 0.0000000 0.1249866 0.0807500 0.0853663 0.0185299 0.1178238 0.0817339 0.1149273 0.1298036 0.0828508 0.0843063 0.1204514 0.1264929 0.1235773 0.1155060 0.0248636 0.0836887 0.1409572 0.1387985 0.1174443 0.0502136 0.1142245 0.0884929 0.0245871 0.0764122 0.1139139 0.0828203 0.0854446 0.1136514 0.1145673 0.1158450 
Dasyuridae_Dasyurus_maculatus                0.1025914 0.1174324 0.1249702 0.1250665 0.1249866 0.0000000 0.1198159 0.1181353 0.1189501 0.1356644 0.1133846 0.0211170 0.0404679 0.1139969 0.1215746 0.0237696 0.0107768 0.0415739 0.1378538 0.1185306 0.1256957 0.1395861 0.1406591 0.0233616 0.1252527 0.1099764 0.1223583 0.1208294 0.1156614 0.1466915 0.1183203 0.1174107 0.1338947 0.0158935 0.1332595 
Phalangeridae_Trichosurus_vulpecula          0.0580835 0.0963403 0.0761868 0.0797980 0.0807500 0.1198159 0.0000000 0.0268860 0.0778891 0.1080162 0.0244345 0.1176347 0.1270758 0.0224373 0.0723489 0.1181698 0.1200310 0.1178191 0.1109026 0.0765167 0.0764739 0.1267269 0.1229579 0.1179169 0.0811522 0.1022761 0.0836110 0.0741277 0.0686234 0.0942344 0.0802494 0.0256280 0.1097149 0.1123742 0.1049902 
Phalangeridae_Spilocuscus_maculatus          0.0616841 0.0958704 0.0845095 0.0849107 0.0853663 0.1181353 0.0268860 0.0000000 0.0819582 0.1153349 0.0109875 0.1132026 0.1243351 0.0080334 0.0826652 0.1181078 0.1193076 0.1232259 0.1151175 0.0795348 0.0805306 0.1358488 0.1411586 0.1178617 0.0856876 0.1053776 0.0870389 0.0791017 0.0731684 0.1099904 0.0840047 0.0121586 0.1137884 0.1110696 0.1126415 
Potoroidae_Aepyprymnus_rufescens             0.0715540 0.0961525 0.0896457 0.0171413 0.0185299 0.1189501 0.0778891 0.0819582 0.0000000 0.1157715 0.0777001 0.1144071 0.1250064 0.0782476 0.0775810 0.1151541 0.1219238 0.1262114 0.1148614 0.0171928 0.0787208 0.1392294 0.1413430 0.1176761 0.0453556 0.1075361 0.0834406 0.0164620 0.0704168 0.1064762 0.0829359 0.0803789 0.1138194 0.1087999 0.1142698 
Peramelidae_Perameles_nasuta                 0.0991553 0.1186974 0.1202439 0.1169710 0.1178238 0.1356644 0.1080162 0.1153349 0.1157715 0.0000000 0.1149244 0.1261338 0.1310797 0.1163013 0.1169672 0.1303759 0.1310143 0.1338140 0.0295874 0.1144052 0.1210670 0.1450552 0.1405236 0.1297597 0.1221684 0.1224237 0.1187856 0.1147037 0.1097408 0.1464614 0.1130786 0.1180055 0.0366579 0.1263674 0.0012504 
Phalangeridae_Strigocuscus_pelengensis       0.0640158 0.0884925 0.0833455 0.0813389 0.0817339 0.1133846 0.0244345 0.0109875 0.0777001 0.1149244 0.0000000 0.1058071 0.1178280 0.0067164 0.0798380 0.1124491 0.1122897 0.1188843 0.1159405 0.0767716 0.0801540 0.1302389 0.1375070 0.1109386 0.0827609 0.1078395 0.0831748 0.0749921 0.0719351 0.1067675 0.0827307 0.0106661 0.1142811 0.1046364 0.1136413 
Dasyuridae_Phascogale_tapoatafa              0.0962552 0.1134580 0.1172234 0.1155354 0.1149273 0.0211170 0.1176347 0.1132026 0.1144071 0.1261338 0.1058071 0.0000000 0.0364848 0.1079452 0.1183020 0.0042621 0.0207766 0.0303690 0.1296924 0.1171823 0.1191563 0.1348548 0.1271031 0.0105985 0.1208719 0.0950871 0.1204013 0.1144755 0.1132803 0.1339762 0.1147889 0.1115150 0.1275076 0.0296560 0.1237317 
Dasyuridae_Sminthopsis_macroura              0.1027952 0.1264176 0.1298800 0.1307797 0.1298036 0.0404679 0.1270758 0.1243351 0.1250064 0.1310797 0.1178280 0.0364848 0.0000000 0.1204822 0.1199914 0.0356045 0.0399661 0.0311340 0.1355013 0.1255753 0.1306818 0.1451712 0.1484261 0.0390580 0.1331540 0.1112324 0.1297194 0.1260945 0.1196598 0.1589522 0.1226099 0.1235575 0.1316196 0.0492107 0.1284339 
Phalangeridae_Phalanger_orientalis           0.0595269 0.0912724 0.0820161 0.0827135 0.0828508 0.1139969 0.0224373 0.0080334 0.0782476 0.1163013 0.0067164 0.1079452 0.1204822 0.0000000 0.0773935 0.1130961 0.1133754 0.1196303 0.1163465 0.0772553 0.0766594 0.1326004 0.1365446 0.1154531 0.0823053 0.1053805 0.0853589 0.0765942 0.0706542 0.1075347 0.0810729 0.0048997 0.1136156 0.1052266 0.1128858 
Acrobatidae_Acrobates_pygmaeus               0.0695848 0.1012891 0.0834595 0.0853025 0.0843063 0.1215746 0.0723489 0.0826652 0.0775810 0.1169672 0.0798380 0.1183020 0.1199914 0.0773935 0.0000000 0.1179682 0.1219485 0.1242159 0.1170640 0.0794820 0.0727893 0.1340610 0.1363984 0.1229246 0.0803776 0.1041495 0.0768195 0.0776134 0.0601910 0.0999521 0.0455741 0.0812025 0.1174689 0.1117448 0.1163927 
Dasyuridae_Phascogale_calura                 0.1006312 0.1147518 0.1241927 0.1210565 0.1204514 0.0237696 0.1181698 0.1181078 0.1151541 0.1303759 0.1124491 0.0042621 0.0356045 0.1130961 0.1179682 0.0000000 0.0226573 0.0371399 0.1350940 0.1155935 0.1237840 0.1389002 0.1399872 0.0130884 0.1215510 0.1114238 0.1201808 0.1147547 0.1136718 0.1492473 0.1152034 0.1159740 0.1303675 0.0308953 0.1280862 
Dasyuridae_Sarcophilus_harrisii              0.1030000 0.1178582 0.1247225 0.1279700 0.1264929 0.0107768 0.1200310 0.1193076 0.1219238 0.1310143 0.1122897 0.0207766 0.0399661 0.1133754 0.1219485 0.0226573 0.0000000 0.0415333 0.1348379 0.1198742 0.1254912 0.1377028 0.1402289 0.0249401 0.1259408 0.1084067 0.1227000 0.1217340 0.1138954 0.1516021 0.1187903 0.1162532 0.1309609 0.0182673 0.1287078 
Dasyuridae_Planigale_tenuirostris            0.0909273 0.1171711 0.1210171 0.1212113 0.1235773 0.0415739 0.1178191 0.1232259 0.1262114 0.1338140 0.1188843 0.0303690 0.0311340 0.1196303 0.1242159 0.0371399 0.0415333 0.0000000 0.1395163 0.1260026 0.1321729 0.1429931 0.1401692 0.0348052 0.1241588 0.1201876 0.1333478 0.1250826 0.1219636 0.1572296 0.1275325 0.1229715 0.1326330 0.0465952 0.1340041 
Peramelidae_Echymipera_kalubu                0.1012367 0.1165880 0.1186120 0.1163313 0.1155060 0.1378538 0.1109026 0.1151175 0.1148614 0.0295874 0.1159405 0.1296924 0.1355013 0.1163465 0.1170640 0.1350940 0.1348379 0.1395163 0.0000000 0.1121227 0.1158827 0.1437033 0.1421233 0.1340214 0.1221214 0.1245461 0.1146101 0.1136308 0.1069794 0.1436690 0.1126923 0.1180419 0.0266499 0.1276204 0.0286836 
Macropodidae_Dorcopsulus_vanheurni           0.0703393 0.0946263 0.0863383 0.0231493 0.0248636 0.1185306 0.0765167 0.0795348 0.0171928 0.1144052 0.0767716 0.1171823 0.1255753 0.0772553 0.0794820 0.1155935 0.1198742 0.1260026 0.1121227 0.0000000 0.0792941 0.1344222 0.1419674 0.1176660 0.0432980 0.1064948 0.0811803 0.0089204 0.0697422 0.1078719 0.0814917 0.0794286 0.1121039 0.1089778 0.1128928 
Pseudochiridae_Pseudochirulus_forbesi        0.0715629 0.0985758 0.0885378 0.0828455 0.0836887 0.1256957 0.0764739 0.0805306 0.0787208 0.1210670 0.0801540 0.1191563 0.1306818 0.0766594 0.0727893 0.1237840 0.1254912 0.1321729 0.1158827 0.0792941 0.0000000 0.1359527 0.1400359 0.1265408 0.0858946 0.0998258 0.0453521 0.0779419 0.0186372 0.0922050 0.0743122 0.0791574 0.1132272 0.1155280 0.1184806 
Didelphidae_Didelphis_virginiana             0.1170292 0.1326192 0.1391948 0.1393675 0.1409572 0.1395861 0.1267269 0.1358488 0.1392294 0.1450552 0.1302389 0.1348548 0.1451712 0.1326004 0.1340610 0.1389002 0.1377028 0.1429931 0.1437033 0.1344222 0.1359527 0.0000000 0.0514962 0.1459513 0.1361912 0.1273324 0.1365334 0.1347239 0.1284713 0.1602927 0.1327583 0.1324976 0.1398590 0.1370144 0.1442348 
Marmosidae_Monodelphis_domestica             0.1139082 0.1297809 0.1353246 0.1365815 0.1387985 0.1406591 0.1229579 0.1411586 0.1413430 0.1405236 0.1375070 0.1271031 0.1484261 0.1365446 0.1363984 0.1399872 0.1402289 0.1401692 0.1421233 0.1419674 0.1400359 0.0514962 0.0000000 0.1397130 0.1439793 0.1351487 0.1422374 0.1436403 0.1330707 0.1644683 0.1383380 0.1373984 0.1355395 0.1419183 0.1402983 
Dasyuridae_Antechinus_stuartii               0.1014622 0.1162363 0.1195965 0.1174219 0.1174443 0.0233616 0.1179169 0.1178617 0.1176761 0.1297597 0.1109386 0.0105985 0.0390580 0.1154531 0.1229246 0.0130884 0.0249401 0.0348052 0.1340214 0.1176660 0.1265408 0.1459513 0.1397130 0.0000000 0.1222059 0.1131899 0.1220060 0.1156516 0.1170883 0.1494167 0.1152893 0.1188633 0.1316617 0.0321131 0.1274720 
Hypsiprymnodontidae_Hypsiprymnodon_moschatus 0.0672212 0.1009777 0.0831688 0.0492236 0.0502136 0.1252527 0.0811522 0.0856876 0.0453556 0.1221684 0.0827609 0.1208719 0.1331540 0.0823053 0.0803776 0.1215510 0.1259408 0.1241588 0.1221214 0.0432980 0.0858946 0.1361912 0.1439793 0.1222059 0.0000000 0.1102019 0.0879705 0.0413419 0.0771020 0.1126848 0.0838647 0.0845133 0.1173697 0.1149126 0.1216873 
Microbiotheriidae_Dromiciops_gliroides       0.0967220 0.1001012 0.1152724 0.1109217 0.1142245 0.1099764 0.1022761 0.1053776 0.1075361 0.1224237 0.1078395 0.0950871 0.1112324 0.1053805 0.1041495 0.1114238 0.1084067 0.1201876 0.1245461 0.1064948 0.0998258 0.1273324 0.1351487 0.1131899 0.1102019 0.0000000 0.1101318 0.1058730 0.0984200 0.1447341 0.1148547 0.1041655 0.1202095 0.1084679 0.1236999 
Pseudochiridae_Petauroides_volans            0.0785982 0.1011986 0.0906567 0.0882769 0.0884929 0.1223583 0.0836110 0.0870389 0.0834406 0.1187856 0.0831748 0.1204013 0.1297194 0.0853589 0.0768195 0.1201808 0.1227000 0.1333478 0.1146101 0.0811803 0.0453521 0.1365334 0.1422374 0.1220060 0.0879705 0.1101318 0.0000000 0.0807943 0.0367020 0.0879366 0.0685781 0.0876388 0.1149575 0.1228374 0.1163429 
Macropodidae_Wallabia_bicolor                0.0711164 0.0950033 0.0849271 0.0224666 0.0245871 0.1208294 0.0741277 0.0791017 0.0164620 0.1147037 0.0749921 0.1144755 0.1260945 0.0765942 0.0776134 0.1147547 0.1217340 0.1250826 0.1136308 0.0089204 0.0779419 0.1347239 0.1436403 0.1156516 0.0413419 0.1058730 0.0807943 0.0000000 0.0684820 0.1061956 0.0818113 0.0775442 0.1130462 0.1093252 0.1127373 
Pseudochiridae_Pseudocheirus_occidentalis    0.0602893 0.0963135 0.0831678 0.0767431 0.0764122 0.1156614 0.0686234 0.0731684 0.0704168 0.1097408 0.0719351 0.1132803 0.1196598 0.0706542 0.0601910 0.1136718 0.1138954 0.1219636 0.1069794 0.0697422 0.0186372 0.1284713 0.1330707 0.1170883 0.0771020 0.0984200 0.0367020 0.0684820 0.0000000 0.0807055 0.0603317 0.0727723 0.1039051 0.1058362 0.1080064 
Tarsipedidae_Tarsipes_rostratus              0.1047927 0.1177799 0.1174035 0.1115158 0.1139139 0.1466915 0.0942344 0.1099904 0.1064762 0.1464614 0.1067675 0.1339762 0.1589522 0.1075347 0.0999521 0.1492473 0.1516021 0.1572296 0.1436690 0.1078719 0.0922050 0.1602927 0.1644683 0.1494167 0.1126848 0.1447341 0.0879366 0.1061956 0.0807055 0.0000000 0.0980854 0.1100458 0.1439366 0.1488524 0.1473081 
Acrobatidae_Distoechurus_pennatus            0.0697821 0.1066844 0.0875996 0.0840776 0.0828203 0.1183203 0.0802494 0.0840047 0.0829359 0.1130786 0.0827307 0.1147889 0.1226099 0.0810729 0.0455741 0.1152034 0.1187903 0.1275325 0.1126923 0.0814917 0.0743122 0.1327583 0.1383380 0.1152893 0.0838647 0.1148547 0.0685781 0.0818113 0.0603317 0.0980854 0.0000000 0.0847671 0.1138656 0.1164603 0.1101804 
Phalangeridae_Phalanger_carmelitae           0.0587875 0.0942954 0.0838654 0.0848897 0.0854446 0.1174107 0.0256280 0.0121586 0.0803789 0.1180055 0.0106661 0.1115150 0.1235575 0.0048997 0.0812025 0.1159740 0.1162532 0.1229715 0.1180419 0.0794286 0.0791574 0.1324976 0.1373984 0.1188633 0.0845133 0.1041655 0.0876388 0.0775442 0.0727723 0.1100458 0.0847671 0.0000000 0.1152403 0.1084584 0.1145539 
Peramelidae_Peroryctes_raffrayana            0.0942832 0.1163347 0.1172331 0.1129614 0.1136514 0.1338947 0.1097149 0.1137884 0.1138194 0.0366579 0.1142811 0.1275076 0.1316196 0.1136156 0.1174689 0.1303675 0.1309609 0.1326330 0.0266499 0.1121039 0.1132272 0.1398590 0.1355395 0.1316617 0.1173697 0.1202095 0.1149575 0.1130462 0.1039051 0.1439366 0.1138656 0.1152403 0.0000000 0.1236815 0.0366519 
Dasyuridae_Dasyurus_geffroii                 0.0932070 0.1174291 0.1156159 0.1160684 0.1145673 0.0158935 0.1123742 0.1110696 0.1087999 0.1263674 0.1046364 0.0296560 0.0492107 0.1052266 0.1117448 0.0308953 0.0182673 0.0465952 0.1276204 0.1089778 0.1155280 0.1370144 0.1419183 0.0321131 0.1149126 0.1084679 0.1228374 0.1093252 0.1058362 0.1488524 0.1164603 0.1084584 0.1236815 0.0000000 0.1241013 
Peramelidae_Perameles_gunnii                 0.0983318 0.1160459 0.1192688 0.1155402 0.1158450 0.1332595 0.1049902 0.1126415 0.1142698 0.0012504 0.1136413 0.1237317 0.1284339 0.1128858 0.1163927 0.1280862 0.1287078 0.1340041 0.0286836 0.1128928 0.1184806 0.1442348 0.1402983 0.1274720 0.1216873 0.1236999 0.1163429 0.1127373 0.1080064 0.1473081 0.1101804 0.1145539 0.0366519 0.1241013 0.0000000 
