37
Burramyidae_Burramys_parvus                  0.0000000 0.0304633 0.0317577 0.0314037 0.0278932 0.0304046 0.0251111 0.0305089 0.0438006 0.0278701 0.0260720 0.0417793 0.0258426 0.0271020 0.0372696 0.0362971 0.0252963 0.0462954 0.0294328 0.0299377 0.0404449 0.0589077 0.0254772 0.0266610 0.0354532 0.0283144 0.0284204 0.0213362 0.0378745 0.0263020 0.0242815 0.0388256 0.0385563 0.0475251 0.0423258 0.0844657 0.0844657 
Vombatidae_Lasiorhinus_latifrons             0.0304633 0.0000000 0.0439015 0.0439263 0.0270816 0.0438756 0.0306186 0.0414483 0.0545459 0.0356289 0.0266227 0.0440524 0.0336046 0.0359405 0.0441483 0.0405822 0.0250846 0.0509017 0.0413971 0.0430964 0.0405380 0.0656380 0.0263234 0.0409443 0.0425605 0.0411236 0.0422573 0.0372541 0.0462087 0.0389936 0.0316938 0.0528781 0.0416243 0.0530112 0.0470320 0.1207836 0.1207836 
Potoroidae_Bettongia_penicillata             0.0317577 0.0439015 0.0000000 0.0018991 0.0357769 0.0443603 0.0408459 0.0079239 0.0665186 0.0432792 0.0317782 0.0525034 0.0398290 0.0396541 0.0479990 0.0505909 0.0338487 0.0643472 0.0130831 0.0450942 0.0512677 0.0747422 0.0326944 0.0224640 0.0483603 0.0438639 0.0134711 0.0416074 0.0511297 0.0395534 0.0379495 0.0648139 0.0514689 0.0655377 0.0584589 0.1219030 0.1219030 
Potoroidae_Bettongia_lesueur                 0.0314037 0.0439263 0.0018991 0.0000000 0.0353171 0.0443864 0.0394342 0.0077079 0.0647247 0.0433041 0.0313314 0.0517671 0.0406647 0.0405372 0.0480279 0.0506215 0.0334000 0.0633323 0.0133460 0.0451633 0.0507169 0.0747700 0.0322559 0.0228114 0.0484049 0.0430523 0.0142546 0.0416512 0.0521506 0.0404217 0.0387682 0.0630274 0.0505588 0.0645068 0.0585181 0.1250155 0.1250155 
Dasyuridae_Dasyurus_maculatus                0.0278932 0.0270816 0.0357769 0.0353171 0.0000000 0.0276881 0.0231534 0.0295892 0.0316156 0.0318016 0.0044523 0.0063745 0.0283532 0.0290840 0.0043997 0.0017009 0.0044876 0.0392729 0.0308567 0.0380526 0.0478974 0.0492898 0.0037084 0.0315765 0.0357089 0.0366070 0.0300941 0.0320096 0.0417311 0.0314387 0.0271874 0.0323216 0.0011188 0.0399093 0.0364389 9.0000000 9.0000000 
Phalangeridae_Trichosurus_vulpecula          0.0304046 0.0438756 0.0443603 0.0443864 0.0276881 0.0000000 0.0097039 0.0431154 0.0688997 0.0241604 0.0280696 0.0551515 0.0219782 0.0418512 0.0484925 0.0488541 0.0242999 0.0650789 0.0429572 0.0443784 0.0428699 0.0767061 0.0269178 0.0421008 0.0468135 0.0405223 0.0425369 0.0449680 0.0539233 0.0393483 0.0217506 0.0674179 0.0506404 0.0658386 0.0525089 0.1913048 0.1913048 
Phalangeridae_Spilocuscus_maculatus          0.0251111 0.0306186 0.0408459 0.0394342 0.0231534 0.0097039 0.0000000 0.0387406 0.0562017 0.0153046 0.0245822 0.0445467 0.0127238 0.0371034 0.0407884 0.0399927 0.0216245 0.0539017 0.0381073 0.0375626 0.0382726 0.0660303 0.0228207 0.0360038 0.0421760 0.0333721 0.0383510 0.0368184 0.0485683 0.0355324 0.0127672 0.0581918 0.0413137 0.0546285 0.0459873 0.1961064 0.1961064 
Potoroidae_Aepyprymnus_rufescens             0.0305089 0.0414483 0.0079239 0.0077079 0.0295892 0.0431154 0.0387406 0.0000000 0.0752099 0.0382674 0.0276135 0.0497149 0.0377965 0.0397896 0.0429909 0.0466893 0.0272651 0.0646396 0.0108877 0.0408809 0.0442806 0.0747952 0.0275166 0.0223772 0.0474004 0.0387378 0.0122846 0.0442683 0.0472175 0.0359007 0.0359216 0.0716820 0.0461231 0.0664440 0.0569668 0.1285288 0.1285288 
Peramelidae_Perameles_nasuta                 0.0438006 0.0545459 0.0665186 0.0647247 0.0316156 0.0688997 0.0562017 0.0752099 0.0000000 0.0503600 0.0299786 0.0715983 0.0492724 0.0620143 0.0623924 0.0661381 0.0246337 0.0073595 0.0670875 0.0546713 0.0483013 0.0903974 0.0283003 0.0657411 0.0515635 0.0571201 0.0687101 0.0550356 0.0758150 0.0679594 0.0478699 0.0066157 0.0628299 0.0004733 0.0741001 0.1571344 0.1571344 
Phalangeridae_Strigocuscus_pelengensis       0.0278701 0.0356289 0.0432792 0.0433041 0.0318016 0.0241604 0.0153046 0.0382674 0.0503600 0.0000000 0.0319992 0.0481278 0.0072704 0.0347894 0.0477479 0.0449037 0.0290097 0.0563659 0.0416192 0.0372272 0.0468139 0.0683345 0.0313442 0.0390479 0.0446809 0.0338189 0.0415922 0.0321079 0.0502463 0.0380397 0.0066476 0.0503110 0.0433384 0.0576985 0.0483288 0.1025151 0.1025151 
Dasyuridae_Phascogale_tapoatafa              0.0260720 0.0266227 0.0317782 0.0313314 0.0044523 0.0280696 0.0245822 0.0276135 0.0299786 0.0319992 0.0000000 0.0063567 0.0287668 0.0282625 0.0009577 0.0044609 0.0052867 0.0383993 0.0273159 0.0377808 0.0459158 0.0488801 0.0025517 0.0294014 0.0342326 0.0353210 0.0283680 0.0301724 0.0420900 0.0300743 0.0271278 0.0298178 0.0049043 0.0401565 0.0383554 9.0000000 9.0000000 
Dasyuridae_Sminthopsis_macroura              0.0417793 0.0440524 0.0525034 0.0517671 0.0063745 0.0551515 0.0445467 0.0497149 0.0715983 0.0481278 0.0063567 0.0000000 0.0465457 0.0499674 0.0154541 0.0145770 0.0053708 0.0626729 0.0521228 0.0571969 0.0452890 0.0723258 0.0057204 0.0527400 0.0518225 0.0541138 0.0536753 0.0673344 0.0575910 0.0514871 0.0445113 0.0708309 0.0133757 0.0646434 0.0603995 0.0763379 0.0763379 
Phalangeridae_Phalanger_orientalis           0.0258426 0.0336046 0.0398290 0.0406647 0.0283532 0.0219782 0.0127238 0.0377965 0.0492724 0.0072704 0.0287668 0.0465457 0.0000000 0.0335608 0.0452247 0.0429515 0.0262937 0.0554638 0.0385679 0.0360417 0.0444072 0.0666298 0.0275817 0.0365397 0.0415865 0.0328582 0.0386022 0.0303508 0.0462007 0.0360450 0.0015376 0.0484319 0.0426768 0.0561940 0.0463352 0.1099392 0.1099392 
Acrobatidae_Acrobates_pygmaeus               0.0271020 0.0359405 0.0396541 0.0405372 0.0290840 0.0418512 0.0371034 0.0397896 0.0620143 0.0347894 0.0282625 0.0499674 0.0335608 0.0000000 0.0471338 0.0426530 0.0287613 0.0563741 0.0376035 0.0321521 0.0442303 0.0644949 0.0269674 0.0364259 0.0443560 0.0305676 0.0362975 0.0305647 0.0391308 0.0192169 0.0318181 0.0596143 0.0442708 0.0606502 0.0520480 0.1179714 0.1179714 
Dasyuridae_Phascogale_calura                 0.0372696 0.0441483 0.0479990 0.0480279 0.0043997 0.0484925 0.0407884 0.0429909 0.0623924 0.0477479 0.0009577 0.0154541 0.0452247 0.0471338 0.0000000 0.0077353 0.0052240 0.0556784 0.0414870 0.0502734 0.0470717 0.0730698 0.0031453 0.0440383 0.0463689 0.0496252 0.0432013 0.0608038 0.0566137 0.0452104 0.0432023 0.0633042 0.0077666 0.0565658 0.0556610 0.0798413 0.0798413 
Dasyuridae_Sarcophilus_harrisii              0.0362971 0.0405822 0.0505909 0.0506215 0.0017009 0.0488541 0.0399927 0.0466893 0.0661381 0.0449037 0.0044609 0.0145770 0.0429515 0.0426530 0.0077353 0.0000000 0.0051794 0.0582854 0.0457025 0.0523797 0.0457419 0.0685112 0.0039274 0.0478988 0.0456400 0.0493541 0.0447922 0.0599535 0.0553256 0.0440712 0.0409741 0.0664325 0.0039915 0.0592038 0.0572101 0.0778619 0.0778619 
Dasyuridae_Planigale_tenuirostris            0.0252963 0.0250846 0.0338487 0.0334000 0.0044876 0.0242999 0.0216245 0.0272651 0.0246337 0.0290097 0.0052867 0.0053708 0.0262937 0.0287613 0.0052240 0.0051794 0.0000000 0.0338766 0.0304736 0.0332704 0.0428724 0.0447083 0.0040340 0.0311911 0.0361939 0.0326450 0.0316287 0.0300707 0.0394507 0.0299555 0.0247352 0.0258914 0.0047098 0.0343938 0.0347090 9.0000000 9.0000000 
Peramelidae_Echymipera_kalubu                0.0462954 0.0509017 0.0643472 0.0633323 0.0392729 0.0650789 0.0539017 0.0646396 0.0073595 0.0563659 0.0383993 0.0626729 0.0554638 0.0563741 0.0556784 0.0582854 0.0338766 0.0000000 0.0633339 0.0593615 0.0601678 0.0863250 0.0366200 0.0576622 0.0548573 0.0582689 0.0634177 0.0573527 0.0713098 0.0592880 0.0532770 0.0057881 0.0569556 0.0081179 0.0575968 0.1480681 0.1480681 
Macropodidae_Dorcopsulus_vanheurni           0.0294328 0.0413971 0.0130831 0.0133460 0.0308567 0.0429572 0.0381073 0.0108877 0.0670875 0.0416192 0.0273159 0.0521228 0.0385679 0.0376035 0.0414870 0.0457025 0.0304736 0.0633339 0.0000000 0.0412680 0.0498400 0.0729829 0.0292330 0.0211500 0.0451184 0.0393517 0.0037722 0.0394900 0.0455585 0.0361535 0.0366909 0.0634300 0.0453609 0.0666281 0.0560830 0.1181439 0.1181439 
Pseudochiridae_Pseudochirulus_forbesi        0.0299377 0.0430964 0.0450942 0.0451633 0.0380526 0.0443784 0.0375626 0.0408809 0.0546713 0.0372272 0.0377808 0.0571969 0.0360417 0.0321521 0.0502734 0.0523797 0.0332704 0.0593615 0.0412680 0.0000000 0.0556753 0.0778424 0.0373157 0.0366474 0.0489388 0.0177597 0.0411650 0.0070979 0.0369598 0.0345324 0.0350413 0.0562322 0.0507437 0.0588639 0.0548021 0.1096869 0.1096869 
Didelphidae_Didelphis_virginiana             0.0404449 0.0405380 0.0512677 0.0507169 0.0478974 0.0428699 0.0382726 0.0442806 0.0483013 0.0468139 0.0459158 0.0452890 0.0444072 0.0442303 0.0470717 0.0457419 0.0428724 0.0601678 0.0498400 0.0556753 0.0000000 0.0134000 0.0440475 0.0442960 0.0498484 0.0518959 0.0503100 0.0378799 0.0574029 0.0458627 0.0429678 0.0517503 0.0491139 0.0604913 0.0457361 9.0000000 9.0000000 
Marmosidae_Monodelphis_domestica             0.0589077 0.0656380 0.0747422 0.0747700 0.0492898 0.0767061 0.0660303 0.0747952 0.0903974 0.0683345 0.0488801 0.0723258 0.0666298 0.0644949 0.0730698 0.0685112 0.0447083 0.0863250 0.0729829 0.0778424 0.0134000 0.0000000 0.0454674 0.0679178 0.0652915 0.0687817 0.0729767 0.0769194 0.0796208 0.0645218 0.0668556 0.0935128 0.0715777 0.0869947 0.0741416 0.1492576 0.1492576 
Dasyuridae_Antechinus_stuartii               0.0254772 0.0263234 0.0326944 0.0322559 0.0037084 0.0269178 0.0228207 0.0275166 0.0283003 0.0313442 0.0025517 0.0057204 0.0275817 0.0269674 0.0031453 0.0039274 0.0040340 0.0366200 0.0292330 0.0373157 0.0440475 0.0454674 0.0000000 0.0297517 0.0346533 0.0342267 0.0302875 0.0306411 0.0389889 0.0288242 0.0264419 0.0289328 0.0041365 0.0372175 0.0353841 9.0000000 9.0000000 
Hypsiprymnodontidae_Hypsiprymnodon_moschatus 0.0266610 0.0409443 0.0224640 0.0228114 0.0315765 0.0421008 0.0360038 0.0223772 0.0657411 0.0390479 0.0294014 0.0527400 0.0365397 0.0364259 0.0440383 0.0478988 0.0311911 0.0576622 0.0211500 0.0366474 0.0442960 0.0679178 0.0297517 0.0000000 0.0417541 0.0390081 0.0206318 0.0370088 0.0456794 0.0351869 0.0355264 0.0632445 0.0472420 0.0592304 0.0561581 0.1249592 0.1249592 
Microbiotheriidae_Dromiciops_gliroides       0.0354532 0.0425605 0.0483603 0.0484049 0.0357089 0.0468135 0.0421760 0.0474004 0.0515635 0.0446809 0.0342326 0.0518225 0.0415865 0.0443560 0.0463689 0.0456400 0.0361939 0.0548573 0.0451184 0.0489388 0.0498484 0.0652915 0.0346533 0.0417541 0.0000000 0.0529561 0.0444407 0.0405095 0.0595467 0.0454076 0.0395884 0.0514718 0.0469195 0.0560744 0.0483362 0.0881864 0.0881864 
Pseudochiridae_Petauroides_volans            0.0283144 0.0411236 0.0438639 0.0430523 0.0366070 0.0405223 0.0333721 0.0387378 0.0571201 0.0338189 0.0353210 0.0541138 0.0328582 0.0305676 0.0496252 0.0493541 0.0326450 0.0582689 0.0393517 0.0177597 0.0518959 0.0687817 0.0342267 0.0390081 0.0529561 0.0000000 0.0392711 0.0130566 0.0328561 0.0302653 0.0318260 0.0529840 0.0482286 0.0596925 0.0578468 0.1005694 0.1005694 
Macropodidae_Wallabia_bicolor                0.0284204 0.0422573 0.0134711 0.0142546 0.0300941 0.0425369 0.0383510 0.0122846 0.0687101 0.0415922 0.0283680 0.0536753 0.0386022 0.0362975 0.0432013 0.0447922 0.0316287 0.0634177 0.0037722 0.0411650 0.0503100 0.0729767 0.0302875 0.0206318 0.0444407 0.0392711 0.0000000 0.0389182 0.0454899 0.0345955 0.0367352 0.0646418 0.0453783 0.0666650 0.0567440 0.1214916 0.1214916 
Pseudochiridae_Pseudocheirus_occidentalis    0.0213362 0.0372541 0.0416074 0.0416512 0.0320096 0.0449680 0.0368184 0.0442683 0.0550356 0.0321079 0.0301724 0.0673344 0.0303508 0.0305647 0.0608038 0.0599535 0.0300707 0.0573527 0.0394900 0.0070979 0.0378799 0.0769194 0.0306411 0.0370088 0.0405095 0.0130566 0.0389182 0.0000000 0.0310196 0.0350662 0.0291508 0.0538977 0.0578953 0.0565471 0.0636004 0.1093796 0.1093796 
Tarsipedidae_Tarsipes_rostratus              0.0378745 0.0462087 0.0511297 0.0521506 0.0417311 0.0539233 0.0485683 0.0472175 0.0758150 0.0502463 0.0420900 0.0575910 0.0462007 0.0391308 0.0566137 0.0553256 0.0394507 0.0713098 0.0455585 0.0369598 0.0574029 0.0796208 0.0389889 0.0456794 0.0595467 0.0328561 0.0454899 0.0310196 0.0000000 0.0392175 0.0441827 0.0721624 0.0559432 0.0713798 0.0614338 0.0996954 0.0996954 
Acrobatidae_Distoechurus_pennatus            0.0263020 0.0389936 0.0395534 0.0404217 0.0314387 0.0393483 0.0355324 0.0359007 0.0679594 0.0380397 0.0300743 0.0514871 0.0360450 0.0192169 0.0452104 0.0440712 0.0299555 0.0592880 0.0361535 0.0345324 0.0458627 0.0645218 0.0288242 0.0351869 0.0454076 0.0302653 0.0345955 0.0350662 0.0392175 0.0000000 0.0342825 0.0655731 0.0443521 0.0612717 0.0499421 0.1076968 0.1076968 
Phalangeridae_Phalanger_carmelitae           0.0242815 0.0316938 0.0379495 0.0387682 0.0271874 0.0217506 0.0127672 0.0359216 0.0478699 0.0066476 0.0271278 0.0445113 0.0015376 0.0318181 0.0432023 0.0409741 0.0247352 0.0532770 0.0366909 0.0350413 0.0429678 0.0668556 0.0264419 0.0355264 0.0395884 0.0318260 0.0367352 0.0291508 0.0441827 0.0342825 0.0000000 0.0470504 0.0406989 0.0539877 0.0441922 0.1047452 0.1047452 
Peramelidae_Peroryctes_raffrayana            0.0388256 0.0528781 0.0648139 0.0630274 0.0323216 0.0674179 0.0581918 0.0716820 0.0066157 0.0503110 0.0298178 0.0708309 0.0484319 0.0596143 0.0633042 0.0664325 0.0258914 0.0057881 0.0634300 0.0562322 0.0517503 0.0935128 0.0289328 0.0632445 0.0514718 0.0529840 0.0646418 0.0538977 0.0721624 0.0655731 0.0470504 0.0000000 0.0626981 0.0069884 0.0699780 0.1354056 0.1354056 
Dasyuridae_Dasyurus_geffroii                 0.0385563 0.0416243 0.0514689 0.0505588 0.0011188 0.0506404 0.0413137 0.0461231 0.0628299 0.0433384 0.0049043 0.0133757 0.0426768 0.0442708 0.0077666 0.0039915 0.0047098 0.0569556 0.0453609 0.0507437 0.0491139 0.0715777 0.0041365 0.0472420 0.0469195 0.0482286 0.0453783 0.0578953 0.0559432 0.0443521 0.0406989 0.0626981 0.0000000 0.0573950 0.0544250 0.0736384 0.0736384 
Peramelidae_Perameles_gunnii                 0.0475251 0.0530112 0.0655377 0.0645068 0.0399093 0.0658386 0.0546285 0.0664440 0.0004733 0.0576985 0.0401565 0.0646434 0.0561940 0.0606502 0.0565658 0.0592038 0.0343938 0.0081179 0.0666281 0.0588639 0.0604913 0.0869947 0.0372175 0.0592304 0.0560744 0.0596925 0.0666650 0.0565471 0.0713798 0.0612717 0.0539877 0.0069884 0.0573950 0.0000000 0.0589664 0.1520534 0.1520534 
Notoryctidae_Notoryctes_typhlops             0.0423258 0.0470320 0.0584589 0.0585181 0.0364389 0.0525089 0.0459873 0.0569668 0.0741001 0.0483288 0.0383554 0.0603995 0.0463352 0.0520480 0.0556610 0.0572101 0.0347090 0.0575968 0.0560830 0.0548021 0.0457361 0.0741416 0.0353841 0.0561581 0.0483362 0.0578468 0.0567440 0.0636004 0.0614338 0.0499421 0.0441922 0.0699780 0.0544250 0.0589664 0.0000000 0.1374950 0.1374950 
Myrmecobiidae_Myrmecobius_fasciatus1         0.0844657 0.1207836 0.1219030 0.1250155 9.0000000 0.1913048 0.1961064 0.1285288 0.1571344 0.1025151 9.0000000 0.0763379 0.1099392 0.1179714 0.0798413 0.0778619 9.0000000 0.1480681 0.1181439 0.1096869 9.0000000 0.1492576 9.0000000 0.1249592 0.0881864 0.1005694 0.1214916 0.1093796 0.0996954 0.1076968 0.1047452 0.1354056 0.0736384 0.1520534 0.1374950 0.0000000 0.0000010 
Myrmecobiidae_Myrmecobius_fasciatus2         0.0844657 0.1207836 0.1219030 0.1250155 9.0000000 0.1913048 0.1961064 0.1285288 0.1571344 0.1025151 9.0000000 0.0763379 0.1099392 0.1179714 0.0798413 0.0778619 9.0000000 0.1480681 0.1181439 0.1096869 9.0000000 0.1492576 9.0000000 0.1249592 0.0881864 0.1005694 0.1214916 0.1093796 0.0996954 0.1076968 0.1047452 0.1354056 0.0736384 0.1520534 0.1374950 0.0000010 0.0000000 
