35
Burramyidae_Burramys_parvus                  0.0000000 0.0650138 0.0576031 0.0558085 0.0660865 0.0888235 0.0459267 0.0492078 0.0623767 0.0705396 0.0510206 0.0924983 0.0884705 0.0523236 0.0645934 0.0900031 0.0866501 0.0844222 0.0729027 0.0525491 0.0557453 0.0899358 0.0703345 0.0804921 0.0531956 0.0685298 0.0545225 0.0565306 0.0616136 0.0666843 0.0502495 0.0453172 0.0776522 0.0916052 0.0708215 
Notoryctidae_Notoryctes_typhlops             0.0650138 0.0000000 0.0625674 0.0767881 0.0758386 0.0759454 0.0614580 0.0676773 0.0718866 0.0672034 0.0621732 0.0795461 0.0763838 0.0636127 0.0701353 0.0773067 0.0770697 0.0827502 0.0702589 0.0613510 0.0645710 0.0764150 0.0659342 0.0692695 0.0685547 0.0624972 0.0627561 0.0664857 0.0676799 0.0872703 0.0633038 0.0592887 0.0740852 0.0851955 0.0676278 
Vombatidae_Lasiorhinus_latifrons             0.0576031 0.0625674 0.0000000 0.0598083 0.0545014 0.0663873 0.0374933 0.0526294 0.0532537 0.0572596 0.0417185 0.0679102 0.0667862 0.0433058 0.0476800 0.0675703 0.0720155 0.0856563 0.0561129 0.0472635 0.0489858 0.0691985 0.0581138 0.0597475 0.0537764 0.0457415 0.0478219 0.0451600 0.0555976 0.0732720 0.0442614 0.0435678 0.0605607 0.0785259 0.0560646 
Potoroidae_Bettongia_penicillata             0.0558085 0.0767881 0.0598083 0.0000000 0.0185489 0.0809514 0.0532545 0.0601203 0.0278162 0.0721112 0.0586190 0.0825141 0.0796072 0.0601520 0.0630377 0.0818616 0.0868542 0.0909347 0.0727989 0.0291266 0.0610114 0.0771799 0.0678163 0.0737898 0.0431993 0.0669440 0.0576303 0.0332244 0.0645503 0.0838008 0.0543767 0.0540403 0.0776046 0.0962237 0.0730241 
Potoroidae_Bettongia_lesueur                 0.0660865 0.0758386 0.0545014 0.0185489 0.0000000 0.0839662 0.0501140 0.0642540 0.0172743 0.0753886 0.0541258 0.0850600 0.0830358 0.0553644 0.0603256 0.0844107 0.0869076 0.1033535 0.0734320 0.0290148 0.0612410 0.0790381 0.0687355 0.0763623 0.0433403 0.0688952 0.0592439 0.0208987 0.0658726 0.0771843 0.0551856 0.0544318 0.0794683 0.0930533 0.0736762 
Dasyuridae_Dasyurus_maculatus                0.0888235 0.0759454 0.0663873 0.0809514 0.0839662 0.0000000 0.0654921 0.0930091 0.0809453 0.0740804 0.0703800 0.0179862 0.0215537 0.0702277 0.0760519 0.0170956 0.0104483 0.0226631 0.0727186 0.0634610 0.0710374 0.0844474 0.0758077 0.0145347 0.0748016 0.0588431 0.0704590 0.0679753 0.0774968 0.0953157 0.0676630 0.0643084 0.0761602 0.0127425 0.0722740 
Phalangeridae_Trichosurus_vulpecula          0.0459267 0.0614580 0.0374933 0.0532545 0.0501140 0.0654921 0.0000000 0.0156268 0.0472930 0.0538212 0.0151569 0.0675110 0.0628420 0.0155532 0.0408020 0.0674764 0.0715293 0.0846064 0.0533685 0.0397658 0.0390590 0.0633000 0.0501375 0.0582146 0.0466265 0.0468058 0.0381949 0.0397080 0.0468060 0.0656961 0.0367952 0.0166158 0.0577076 0.0777530 0.0522580 
Phalangeridae_Spilocuscus_maculatus          0.0492078 0.0676773 0.0526294 0.0601203 0.0642540 0.0930091 0.0156268 0.0000000 0.0604828 0.0749948 0.0121750 0.0972136 0.0895848 0.0132109 0.0587294 0.0962161 0.0914574 0.0882504 0.0768099 0.0560215 0.0588166 0.0907987 0.0742821 0.0853018 0.0585575 0.0757418 0.0555027 0.0549765 0.0649042 0.0683597 0.0542838 0.0170648 0.0816677 0.0952582 0.0750225 
Potoroidae_Aepyprymnus_rufescens             0.0623767 0.0718866 0.0532537 0.0278162 0.0172743 0.0809453 0.0472930 0.0604828 0.0000000 0.0721605 0.0517475 0.0832619 0.0815169 0.0537635 0.0573689 0.0830644 0.0860180 0.0981920 0.0717810 0.0286873 0.0584222 0.0768811 0.0653014 0.0738232 0.0425516 0.0654266 0.0559876 0.0201670 0.0659307 0.0835168 0.0543543 0.0528625 0.0768050 0.0960787 0.0722435 
Peramelidae_Perameles_nasuta                 0.0705396 0.0672034 0.0572596 0.0721112 0.0753886 0.0740804 0.0538212 0.0749948 0.0721605 0.0000000 0.0581523 0.0759475 0.0751218 0.0599987 0.0645753 0.0745711 0.0795536 0.0955107 0.0114112 0.0601177 0.0573514 0.0731652 0.0611404 0.0672190 0.0663223 0.0536362 0.0570552 0.0628647 0.0662657 0.0861945 0.0562757 0.0544044 0.0146714 0.0844366 0.0001795 
Phalangeridae_Strigocuscus_pelengensis       0.0510206 0.0621732 0.0417185 0.0586190 0.0541258 0.0703800 0.0151569 0.0121750 0.0517475 0.0581523 0.0000000 0.0724934 0.0674136 0.0129202 0.0450201 0.0726414 0.0765608 0.0913538 0.0589396 0.0450763 0.0463072 0.0686989 0.0555033 0.0626887 0.0530596 0.0548489 0.0438604 0.0443147 0.0548370 0.0712818 0.0424597 0.0162640 0.0636599 0.0836082 0.0566864 
Dasyuridae_Phascogale_tapoatafa              0.0924983 0.0795461 0.0679102 0.0825141 0.0850600 0.0179862 0.0675110 0.0972136 0.0832619 0.0759475 0.0724934 0.0000000 0.0212025 0.0712241 0.0774745 0.0072091 0.0209364 0.0299599 0.0737949 0.0658112 0.0732276 0.0846400 0.0739658 0.0115203 0.0764973 0.0575376 0.0727585 0.0695431 0.0797709 0.0991164 0.0691715 0.0670044 0.0759325 0.0278292 0.0741799 
Dasyuridae_Sminthopsis_macroura              0.0884705 0.0763838 0.0667862 0.0796072 0.0830358 0.0215537 0.0628420 0.0895848 0.0815169 0.0751218 0.0674136 0.0212025 0.0000000 0.0684229 0.0739012 0.0197302 0.0250835 0.0180869 0.0715409 0.0640888 0.0726471 0.0835261 0.0755493 0.0181163 0.0754221 0.0554925 0.0703515 0.0690183 0.0799716 0.0973528 0.0663117 0.0634419 0.0760079 0.0299899 0.0731314 
Phalangeridae_Phalanger_orientalis           0.0523236 0.0636127 0.0433058 0.0601520 0.0553644 0.0702277 0.0155532 0.0132109 0.0537635 0.0599987 0.0129202 0.0712241 0.0684229 0.0000000 0.0468568 0.0724695 0.0758499 0.0917207 0.0598276 0.0458779 0.0447199 0.0690838 0.0559761 0.0631584 0.0539858 0.0528912 0.0439613 0.0442260 0.0537578 0.0704258 0.0431848 0.0096427 0.0645194 0.0828665 0.0582952 
Acrobatidae_Acrobates_pygmaeus               0.0645934 0.0701353 0.0476800 0.0630377 0.0603256 0.0760519 0.0408020 0.0587294 0.0573689 0.0645753 0.0450201 0.0774745 0.0739012 0.0468568 0.0000000 0.0760709 0.0827946 0.0991068 0.0640786 0.0502582 0.0485878 0.0751288 0.0631113 0.0671939 0.0570647 0.0591181 0.0474780 0.0490623 0.0559623 0.0767697 0.0332341 0.0466689 0.0690660 0.0893388 0.0630513 
Dasyuridae_Phascogale_calura                 0.0900031 0.0773067 0.0675703 0.0818616 0.0844107 0.0170956 0.0674764 0.0962161 0.0830644 0.0745711 0.0726414 0.0072091 0.0197302 0.0724695 0.0760709 0.0000000 0.0198199 0.0276743 0.0732473 0.0669555 0.0734270 0.0844783 0.0736425 0.0092258 0.0771636 0.0598697 0.0721819 0.0698412 0.0799001 0.0988840 0.0685569 0.0676138 0.0761420 0.0258760 0.0728207 
Dasyuridae_Sarcophilus_harrisii              0.0866501 0.0770697 0.0720155 0.0868542 0.0869076 0.0104483 0.0715293 0.0914574 0.0860180 0.0795536 0.0765608 0.0209364 0.0250835 0.0758499 0.0827946 0.0198199 0.0000000 0.0216230 0.0777836 0.0688062 0.0777719 0.0915383 0.0838859 0.0162672 0.0750952 0.0646003 0.0771329 0.0737948 0.0798045 0.0970017 0.0735699 0.0697846 0.0808742 0.0112578 0.0778191 
Dasyuridae_Planigale_tenuirostris            0.0844222 0.0827502 0.0856563 0.0909347 0.1033535 0.0226631 0.0846064 0.0882504 0.0981920 0.0955107 0.0913538 0.0299599 0.0180869 0.0917207 0.0991068 0.0276743 0.0216230 0.0000000 0.0961988 0.0832873 0.0949323 0.1111329 0.1027139 0.0236555 0.0875900 0.0801762 0.0924230 0.0922676 0.0972714 0.1009010 0.0868918 0.0845575 0.0974695 0.0221527 0.0958763 
Peramelidae_Echymipera_kalubu                0.0729027 0.0702589 0.0561129 0.0727989 0.0734320 0.0727186 0.0533685 0.0768099 0.0717810 0.0114112 0.0589396 0.0737949 0.0715409 0.0598276 0.0640786 0.0732473 0.0777836 0.0961988 0.0000000 0.0577793 0.0581111 0.0696995 0.0608341 0.0669463 0.0644478 0.0544563 0.0573791 0.0611171 0.0667045 0.0854251 0.0567073 0.0537028 0.0145407 0.0844540 0.0112095 
Macropodidae_Dorcopsulus_vanheurni           0.0525491 0.0613510 0.0472635 0.0291266 0.0290148 0.0634610 0.0397658 0.0560215 0.0286873 0.0601177 0.0450763 0.0658112 0.0640888 0.0458779 0.0502582 0.0669555 0.0688062 0.0832873 0.0577793 0.0000000 0.0469817 0.0637690 0.0524579 0.0576510 0.0319832 0.0531550 0.0438507 0.0146185 0.0499354 0.0730067 0.0418541 0.0399136 0.0636116 0.0771545 0.0587372 
Pseudochiridae_Pseudochirulus_forbesi        0.0557453 0.0645710 0.0489858 0.0610114 0.0612410 0.0710374 0.0390590 0.0588166 0.0584222 0.0573514 0.0463072 0.0732276 0.0726471 0.0447199 0.0485878 0.0734270 0.0777719 0.0949323 0.0581111 0.0469817 0.0000000 0.0695571 0.0517878 0.0653609 0.0541146 0.0533459 0.0221889 0.0491918 0.0189698 0.0611986 0.0401215 0.0397630 0.0621117 0.0835210 0.0556460 
Didelphidae_Didelphis_virginiana             0.0899358 0.0764150 0.0691985 0.0771799 0.0790381 0.0844474 0.0633000 0.0907987 0.0768811 0.0731652 0.0686989 0.0846400 0.0835261 0.0690838 0.0751288 0.0844783 0.0915383 0.1111329 0.0696995 0.0637690 0.0695571 0.0000000 0.0185265 0.0762607 0.0707161 0.0632670 0.0695576 0.0668343 0.0826726 0.0939233 0.0644399 0.0645172 0.0757410 0.0981687 0.0710639 
Marmosidae_Monodelphis_domestica             0.0703345 0.0659342 0.0581138 0.0678163 0.0687355 0.0758077 0.0501375 0.0742821 0.0653014 0.0611404 0.0555033 0.0739658 0.0755493 0.0559761 0.0631113 0.0736425 0.0838859 0.1027139 0.0608341 0.0524579 0.0517878 0.0185265 0.0000000 0.0646076 0.0596229 0.0417317 0.0526388 0.0563616 0.0608269 0.0850973 0.0523086 0.0521223 0.0632510 0.0903329 0.0597912 
Dasyuridae_Antechinus_stuartii               0.0804921 0.0692695 0.0597475 0.0737898 0.0763623 0.0145347 0.0582146 0.0853018 0.0738232 0.0672190 0.0626887 0.0115203 0.0181163 0.0631584 0.0671939 0.0092258 0.0162672 0.0236555 0.0669463 0.0576510 0.0653609 0.0762607 0.0646076 0.0000000 0.0679174 0.0558656 0.0663866 0.0620700 0.0722734 0.0919354 0.0597601 0.0588544 0.0689859 0.0231151 0.0656756 
Hypsiprymnodontidae_Hypsiprymnodon_moschatus 0.0531956 0.0685547 0.0537764 0.0431993 0.0433403 0.0748016 0.0466265 0.0585575 0.0425516 0.0663223 0.0530596 0.0764973 0.0754221 0.0539858 0.0570647 0.0771636 0.0750952 0.0875900 0.0644478 0.0319832 0.0541146 0.0707161 0.0596229 0.0679174 0.0000000 0.0591859 0.0527708 0.0363225 0.0581915 0.0752630 0.0493325 0.0487030 0.0688902 0.0823643 0.0653683 
Microbiotheriidae_Dromiciops_gliroides       0.0685298 0.0624972 0.0457415 0.0669440 0.0688952 0.0588431 0.0468058 0.0757418 0.0654266 0.0536362 0.0548489 0.0575376 0.0554925 0.0528912 0.0591181 0.0598697 0.0646003 0.0801762 0.0544563 0.0531550 0.0533459 0.0632670 0.0417317 0.0558656 0.0591859 0.0000000 0.0530085 0.0577559 0.0619673 0.0831907 0.0480602 0.0503960 0.0575666 0.0724382 0.0524120 
Pseudochiridae_Petauroides_volans            0.0545225 0.0627561 0.0478219 0.0576303 0.0592439 0.0704590 0.0381949 0.0555027 0.0559876 0.0570552 0.0438604 0.0727585 0.0703515 0.0439613 0.0474780 0.0721819 0.0771329 0.0924230 0.0573791 0.0438507 0.0221889 0.0695576 0.0526388 0.0663866 0.0527708 0.0530085 0.0000000 0.0474347 0.0299826 0.0606775 0.0382678 0.0388832 0.0613197 0.0823831 0.0555804 
Macropodidae_Wallabia_bicolor                0.0565306 0.0664857 0.0451600 0.0332244 0.0208987 0.0679753 0.0397080 0.0549765 0.0201670 0.0628647 0.0443147 0.0695431 0.0690183 0.0442260 0.0490623 0.0698412 0.0737948 0.0922676 0.0611171 0.0146185 0.0491918 0.0668343 0.0563616 0.0620700 0.0363225 0.0577559 0.0474347 0.0000000 0.0552849 0.0749427 0.0435374 0.0426248 0.0659654 0.0827885 0.0614736 
Pseudochiridae_Pseudocheirus_occidentalis    0.0616136 0.0676799 0.0555976 0.0645503 0.0658726 0.0774968 0.0468060 0.0649042 0.0659307 0.0662657 0.0548370 0.0797709 0.0799716 0.0537578 0.0559623 0.0799001 0.0798045 0.0972714 0.0667045 0.0499354 0.0189698 0.0826726 0.0608269 0.0722734 0.0581915 0.0619673 0.0299826 0.0552849 0.0000000 0.0646750 0.0479387 0.0471223 0.0716057 0.0834030 0.0648989 
Tarsipedidae_Tarsipes_rostratus              0.0666843 0.0872703 0.0732720 0.0838008 0.0771843 0.0953157 0.0656961 0.0683597 0.0835168 0.0861945 0.0712818 0.0991164 0.0973528 0.0704258 0.0767697 0.0988840 0.0970017 0.1009010 0.0854251 0.0730067 0.0611986 0.0939233 0.0850973 0.0919354 0.0752630 0.0831907 0.0606775 0.0749427 0.0646750 0.0000000 0.0650456 0.0656729 0.0888959 0.1078357 0.0836939 
Acrobatidae_Distoechurus_pennatus            0.0502495 0.0633038 0.0442614 0.0543767 0.0551856 0.0676630 0.0367952 0.0542838 0.0543543 0.0562757 0.0424597 0.0691715 0.0663117 0.0431848 0.0332341 0.0685569 0.0735699 0.0868918 0.0567073 0.0418541 0.0401215 0.0644399 0.0523086 0.0597601 0.0493325 0.0480602 0.0382678 0.0435374 0.0479387 0.0650456 0.0000000 0.0378831 0.0602786 0.0799166 0.0546977 
Phalangeridae_Phalanger_carmelitae           0.0453172 0.0592887 0.0435678 0.0540403 0.0544318 0.0643084 0.0166158 0.0170648 0.0528625 0.0544044 0.0162640 0.0670044 0.0634419 0.0096427 0.0466689 0.0676138 0.0697846 0.0845575 0.0537028 0.0399136 0.0397630 0.0645172 0.0521223 0.0588544 0.0487030 0.0503960 0.0388832 0.0426248 0.0471223 0.0656729 0.0378831 0.0000000 0.0594268 0.0769411 0.0528208 
Peramelidae_Peroryctes_raffrayana            0.0776522 0.0740852 0.0605607 0.0776046 0.0794683 0.0761602 0.0577076 0.0816677 0.0768050 0.0146714 0.0636599 0.0759325 0.0760079 0.0645194 0.0690660 0.0761420 0.0808742 0.0974695 0.0145407 0.0636116 0.0621117 0.0757410 0.0632510 0.0689859 0.0688902 0.0575666 0.0613197 0.0659654 0.0716057 0.0888959 0.0602786 0.0594268 0.0000000 0.0855966 0.0147617 
Dasyuridae_Dasyurus_geffroii                 0.0916052 0.0851955 0.0785259 0.0962237 0.0930533 0.0127425 0.0777530 0.0952582 0.0960787 0.0844366 0.0836082 0.0278292 0.0299899 0.0828665 0.0893388 0.0258760 0.0112578 0.0221527 0.0844540 0.0771545 0.0835210 0.0981687 0.0903329 0.0231151 0.0823643 0.0724382 0.0823831 0.0827885 0.0834030 0.1078357 0.0799166 0.0769411 0.0855966 0.0000000 0.0837786 
Peramelidae_Perameles_gunnii                 0.0708215 0.0676278 0.0560646 0.0730241 0.0736762 0.0722740 0.0522580 0.0750225 0.0722435 0.0001795 0.0566864 0.0741799 0.0731314 0.0582952 0.0630513 0.0728207 0.0778191 0.0958763 0.0112095 0.0587372 0.0556460 0.0710639 0.0597912 0.0656756 0.0653683 0.0524120 0.0555804 0.0614736 0.0648989 0.0836939 0.0546977 0.0528208 0.0147617 0.0837786 0.0000000 
