37
Burramyidae_Burramys_parvus                  0.0000000 0.0892407 0.0568598 0.0527763 0.0634005 0.0860886 0.0557759 0.0634299 0.0707840 0.0798860 0.0619000 0.0662473 0.0883813 0.0654868 0.0734215 0.0698274 0.0870635 0.0735663 0.0992654 0.0555864 0.0776243 0.0897567 0.0889849 0.0663738 0.0644016 0.0576367 0.0673035 0.0537053 0.0830996 0.0872987 0.0685320 0.0601723 0.0653951 0.0759089 0.0804058 0.1986177 0.1986177 
Notoryctidae_Notoryctes_typhlops             0.0892407 0.0000000 0.0888357 0.0781728 0.0855554 0.0979103 0.0895402 0.0905069 0.0945699 0.0928570 0.0918255 0.0799771 0.1006441 0.0905939 0.0930403 0.0821820 0.0957415 0.0922150 0.1057644 0.0786654 0.0970426 0.1013321 0.1027017 0.0817574 0.0922274 0.0791739 0.0898925 0.0768136 0.1047667 0.1054743 0.0924320 0.0907834 0.0881538 0.0878010 0.0943366 0.2091859 0.2091859 
Vombatidae_Lasiorhinus_latifrons             0.0568598 0.0888357 0.0000000 0.0493797 0.0551344 0.0685496 0.0525660 0.0580790 0.0573572 0.0704823 0.0574938 0.0593262 0.0780365 0.0562100 0.0594794 0.0582384 0.0682843 0.0682685 0.0852432 0.0517908 0.0622527 0.0710610 0.0718566 0.0587420 0.0574884 0.0535030 0.0522912 0.0466297 0.0687652 0.0734245 0.0568007 0.0574728 0.0671187 0.0594526 0.0702258 0.3674943 0.3674943 
Potoroidae_Bettongia_penicillata             0.0527763 0.0781728 0.0493797 0.0000000 0.0172746 0.0799304 0.0553404 0.0610196 0.0221405 0.0728886 0.0596230 0.0643144 0.0843851 0.0620880 0.0650895 0.0656409 0.0793455 0.0667902 0.0897864 0.0186852 0.0690009 0.0802133 0.0784114 0.0630827 0.0399664 0.0477313 0.0608746 0.0201838 0.0769886 0.0805367 0.0638240 0.0602630 0.0609479 0.0683010 0.0734025 0.1892494 0.1892494 
Potoroidae_Bettongia_lesueur                 0.0634005 0.0855554 0.0551344 0.0172746 0.0000000 0.0820801 0.0648542 0.0685740 0.0285412 0.0791259 0.0670081 0.0684407 0.0885903 0.0704694 0.0711698 0.0697556 0.0802481 0.0731556 0.0978282 0.0288510 0.0748649 0.0866097 0.0824061 0.0669372 0.0481328 0.0556169 0.0644086 0.0205638 0.0827558 0.0830739 0.0700258 0.0691998 0.0684315 0.0698864 0.0792304 0.3060412 0.3060412 
Dasyuridae_Dasyurus_maculatus                0.0860886 0.0979103 0.0685496 0.0799304 0.0820801 0.0000000 0.0847111 0.0936489 0.0779933 0.0917263 0.0937571 0.0250466 0.0475201 0.0932457 0.0880227 0.0243874 0.0207280 0.0390316 0.1094795 0.0755996 0.0982150 0.0945654 0.0957790 0.0253982 0.0902296 0.0628468 0.0899813 0.0747080 0.1087329 0.1061626 0.0918945 0.0918818 0.0751366 0.0099322 0.0920965 0.3680064 0.3680064 
Phalangeridae_Trichosurus_vulpecula          0.0557759 0.0895402 0.0525660 0.0553404 0.0648542 0.0847111 0.0000000 0.0309975 0.0672484 0.0824631 0.0392562 0.0656013 0.0878585 0.0397695 0.0629551 0.0705431 0.0829042 0.0703681 0.0971325 0.0565186 0.0712910 0.0867981 0.0871519 0.0691183 0.0650392 0.0560158 0.0636048 0.0573066 0.0761856 0.0883886 0.0651871 0.0316924 0.0643571 0.0708183 0.0830049 0.2748858 0.2748858 
Phalangeridae_Spilocuscus_maculatus          0.0634299 0.0905069 0.0580790 0.0610196 0.0685740 0.0936489 0.0309975 0.0000000 0.0756032 0.0829351 0.0248983 0.0695046 0.0927600 0.0289006 0.0732513 0.0756709 0.0912498 0.0746222 0.0977083 0.0606675 0.0751162 0.0889956 0.0905676 0.0733023 0.0711451 0.0638365 0.0683479 0.0592922 0.0823207 0.0903434 0.0673903 0.0183984 0.0696736 0.0791163 0.0841811 0.2284935 0.2284935 
Potoroidae_Aepyprymnus_rufescens             0.0707840 0.0945699 0.0573572 0.0221405 0.0285412 0.0779933 0.0672484 0.0756032 0.0000000 0.0872880 0.0745628 0.0791750 0.0989950 0.0742386 0.0755883 0.0807982 0.0837029 0.0794947 0.1075501 0.0297092 0.0836521 0.0874037 0.0859795 0.0750424 0.0513444 0.0598147 0.0726739 0.0328198 0.0904557 0.0853334 0.0755721 0.0746785 0.0750509 0.0702010 0.0878592 0.7688770 0.7688770 
Peramelidae_Perameles_nasuta                 0.0798860 0.0928570 0.0704823 0.0728886 0.0791259 0.0917263 0.0824631 0.0829351 0.0872880 0.0000000 0.0812692 0.0710617 0.0844818 0.0897923 0.0871093 0.0737844 0.0908022 0.0811681 0.0332556 0.0714404 0.0809381 0.0861838 0.0830588 0.0721681 0.0830798 0.0523120 0.0765959 0.0672840 0.0921538 0.0900622 0.0823271 0.0852255 0.0202653 0.0775537 0.0022057 0.2685314 0.2685314 
Phalangeridae_Strigocuscus_pelengensis       0.0619000 0.0918255 0.0574938 0.0596230 0.0670081 0.0937571 0.0392562 0.0248983 0.0745628 0.0812692 0.0000000 0.0724730 0.0921055 0.0329732 0.0677804 0.0762157 0.0892791 0.0730630 0.0973901 0.0605538 0.0751148 0.0867350 0.0862074 0.0763816 0.0729979 0.0583426 0.0639696 0.0595776 0.0812722 0.0868473 0.0667331 0.0268476 0.0695028 0.0792220 0.0828934 0.2301759 0.2301759 
Dasyuridae_Phascogale_tapoatafa              0.0662473 0.0799771 0.0593262 0.0643144 0.0684407 0.0250466 0.0656013 0.0695046 0.0791750 0.0710617 0.0724730 0.0000000 0.0307232 0.0720917 0.0737813 0.0031532 0.0318156 0.0229840 0.0882258 0.0642406 0.0753625 0.0790106 0.0801709 0.0081946 0.0722022 0.0481273 0.0723783 0.0624769 0.0870365 0.0858180 0.0721087 0.0680821 0.0611093 0.0193866 0.0709832 0.0190483 0.0190483 
Dasyuridae_Sminthopsis_macroura              0.0883813 0.1006441 0.0780365 0.0843851 0.0885903 0.0475201 0.0878585 0.0927600 0.0989950 0.0844818 0.0921055 0.0307232 0.0000000 0.0978159 0.0903256 0.0319231 0.0500913 0.0338094 0.1031637 0.0851819 0.0965656 0.0944314 0.0964331 0.0312660 0.0934880 0.0623132 0.0904291 0.0821684 0.1081717 0.0991626 0.0907741 0.0924196 0.0742370 0.0378700 0.0844470 0.0341116 0.0341116 
Phalangeridae_Phalanger_orientalis           0.0654868 0.0905939 0.0562100 0.0620880 0.0704694 0.0932457 0.0397695 0.0289006 0.0742386 0.0897923 0.0329732 0.0720917 0.0978159 0.0000000 0.0778806 0.0782738 0.0913493 0.0766189 0.1047029 0.0612162 0.0822392 0.0964130 0.0918881 0.0768712 0.0739628 0.0635005 0.0708766 0.0630798 0.0877914 0.0904118 0.0741700 0.0197090 0.0697202 0.0821269 0.0918087 0.2922273 0.2922273 
Acrobatidae_Acrobates_pygmaeus               0.0734215 0.0930403 0.0594794 0.0650895 0.0711698 0.0880227 0.0629551 0.0732513 0.0755883 0.0871093 0.0677804 0.0737813 0.0903256 0.0778806 0.0000000 0.0758006 0.0829970 0.0730012 0.1013565 0.0600249 0.0629229 0.0873734 0.0849493 0.0729668 0.0733210 0.0517825 0.0554861 0.0617649 0.0749746 0.0829583 0.0426713 0.0743581 0.0705605 0.0773858 0.0883772 0.3184922 0.3184922 
Dasyuridae_Phascogale_calura                 0.0698274 0.0821820 0.0582384 0.0656409 0.0697556 0.0243874 0.0705431 0.0756709 0.0807982 0.0737844 0.0762157 0.0031532 0.0319231 0.0782738 0.0758006 0.0000000 0.0329871 0.0224406 0.0913026 0.0665929 0.0794870 0.0807204 0.0815368 0.0070062 0.0750223 0.0462845 0.0747854 0.0645229 0.0892475 0.0894993 0.0758196 0.0739144 0.0614956 0.0188502 0.0737155 0.0191090 0.0191090 
Dasyuridae_Sarcophilus_harrisii              0.0870635 0.0957415 0.0682843 0.0793455 0.0802481 0.0207280 0.0829042 0.0912498 0.0837029 0.0908022 0.0892791 0.0318156 0.0500913 0.0913493 0.0829970 0.0329871 0.0000000 0.0409825 0.1104263 0.0761653 0.0911824 0.0902482 0.0902056 0.0315304 0.0899558 0.0614800 0.0836934 0.0740998 0.1034648 0.1029955 0.0867022 0.0892095 0.0751477 0.0138630 0.0911664 0.3047498 0.3047498 
Dasyuridae_Planigale_tenuirostris            0.0735663 0.0922150 0.0682685 0.0667902 0.0731556 0.0390316 0.0703681 0.0746222 0.0794947 0.0811681 0.0730630 0.0229840 0.0338094 0.0766189 0.0730012 0.0224406 0.0409825 0.0000000 0.0949024 0.0670351 0.0816222 0.0810621 0.0797490 0.0226648 0.0753134 0.0532082 0.0769724 0.0652332 0.0905593 0.0901609 0.0766810 0.0736981 0.0686235 0.0293815 0.0818560 0.0659533 0.0659533 
Peramelidae_Echymipera_kalubu                0.0992654 0.1057644 0.0852432 0.0897864 0.0978282 0.1094795 0.0971325 0.0977083 0.1075501 0.0332556 0.0973901 0.0882258 0.1031637 0.1047029 0.1013565 0.0913026 0.1104263 0.0949024 0.0000000 0.0921814 0.1006788 0.0993204 0.0992294 0.0885034 0.0997500 0.0745227 0.0934800 0.0899953 0.1098857 0.1130600 0.0968488 0.0985118 0.0294052 0.0967638 0.0339625 0.2786699 0.2786699 
Macropodidae_Dorcopsulus_vanheurni           0.0555864 0.0786654 0.0517908 0.0186852 0.0288510 0.0755996 0.0565186 0.0606675 0.0297092 0.0714404 0.0605538 0.0642406 0.0851819 0.0612162 0.0600249 0.0665929 0.0761653 0.0670351 0.0921814 0.0000000 0.0677319 0.0775744 0.0754303 0.0634878 0.0410102 0.0481066 0.0588032 0.0123960 0.0757352 0.0804299 0.0622588 0.0603622 0.0609739 0.0681526 0.0730016 0.2205120 0.2205120 
Pseudochiridae_Pseudochirulus_forbesi        0.0776243 0.0970426 0.0622527 0.0690009 0.0748649 0.0982150 0.0712910 0.0751162 0.0836521 0.0809381 0.0751148 0.0753625 0.0965656 0.0822392 0.0629229 0.0794870 0.0911824 0.0816222 0.1006788 0.0677319 0.0000000 0.0911164 0.0911807 0.0793842 0.0770534 0.0625702 0.0383035 0.0668047 0.0430864 0.0815352 0.0597491 0.0761165 0.0720576 0.0860096 0.0811549 0.2286586 0.2286586 
Didelphidae_Didelphis_virginiana             0.0897567 0.1013321 0.0710610 0.0802133 0.0866097 0.0945654 0.0867981 0.0889956 0.0874037 0.0861838 0.0867350 0.0790106 0.0944314 0.0964130 0.0873734 0.0807204 0.0902482 0.0810621 0.0993204 0.0775744 0.0911164 0.0000000 0.0378835 0.0800729 0.0892402 0.0654725 0.0822471 0.0764201 0.1007699 0.1004948 0.0834143 0.0904297 0.0740575 0.0799352 0.0874662 0.3163177 0.3163177 
Marmosidae_Monodelphis_domestica             0.0889849 0.1027017 0.0718566 0.0784114 0.0824061 0.0957790 0.0871519 0.0905676 0.0859795 0.0830588 0.0862074 0.0801709 0.0964331 0.0918881 0.0849493 0.0815368 0.0902056 0.0797490 0.0992294 0.0754303 0.0911807 0.0378835 0.0000000 0.0823979 0.0920620 0.0594005 0.0776172 0.0770214 0.0985221 0.0974703 0.0880726 0.0915823 0.0705462 0.0824033 0.0850819 0.2466828 0.2466828 
Dasyuridae_Antechinus_stuartii               0.0663738 0.0817574 0.0587420 0.0630827 0.0669372 0.0253982 0.0691183 0.0733023 0.0750424 0.0721681 0.0763816 0.0081946 0.0312660 0.0768712 0.0729668 0.0070062 0.0315304 0.0226648 0.0885034 0.0634878 0.0793842 0.0800729 0.0823979 0.0000000 0.0722468 0.0467801 0.0755322 0.0611843 0.0895633 0.0864629 0.0726538 0.0718447 0.0631746 0.0188622 0.0717303 0.0101299 0.0101299 
Hypsiprymnodontidae_Hypsiprymnodon_moschatus 0.0644016 0.0922274 0.0574884 0.0399664 0.0481328 0.0902296 0.0650392 0.0711451 0.0513444 0.0830798 0.0729979 0.0722022 0.0934880 0.0739628 0.0733210 0.0750223 0.0899558 0.0753134 0.0997500 0.0410102 0.0770534 0.0892402 0.0920620 0.0722468 0.0000000 0.0613390 0.0710331 0.0371492 0.0832536 0.0925657 0.0720199 0.0725766 0.0704761 0.0774099 0.0843312 0.3297128 0.3297128 
Microbiotheriidae_Dromiciops_gliroides       0.0576367 0.0791739 0.0535030 0.0477313 0.0556169 0.0628468 0.0560158 0.0638365 0.0598147 0.0523120 0.0583426 0.0481273 0.0623132 0.0635005 0.0517825 0.0462845 0.0614800 0.0532082 0.0745227 0.0481066 0.0625702 0.0654725 0.0594005 0.0467801 0.0613390 0.0000000 0.0516331 0.0438744 0.0734903 0.0638583 0.0507073 0.0608563 0.0526815 0.0487728 0.0527589 0.2561568 0.2561568 
Pseudochiridae_Petauroides_volans            0.0673035 0.0898925 0.0522912 0.0608746 0.0644086 0.0899813 0.0636048 0.0683479 0.0726739 0.0765959 0.0639696 0.0723783 0.0904291 0.0708766 0.0554861 0.0747854 0.0836934 0.0769724 0.0934800 0.0588032 0.0383035 0.0822471 0.0776172 0.0755322 0.0710331 0.0516331 0.0000000 0.0594254 0.0508895 0.0737378 0.0561975 0.0668555 0.0650201 0.0759600 0.0763159 0.2882292 0.2882292 
Macropodidae_Wallabia_bicolor                0.0537053 0.0768136 0.0466297 0.0201838 0.0205638 0.0747080 0.0573066 0.0592922 0.0328198 0.0672840 0.0595776 0.0624769 0.0821684 0.0630798 0.0617649 0.0645229 0.0740998 0.0652332 0.0899953 0.0123960 0.0668047 0.0764201 0.0770214 0.0611843 0.0371492 0.0438744 0.0594254 0.0000000 0.0738514 0.0785936 0.0589957 0.0601345 0.0591673 0.0666737 0.0688449 0.0809101 0.0809101 
Pseudochiridae_Pseudocheirus_occidentalis    0.0830996 0.1047667 0.0687652 0.0769886 0.0827558 0.1087329 0.0761856 0.0823207 0.0904557 0.0921538 0.0812722 0.0870365 0.1081717 0.0877914 0.0749746 0.0892475 0.1034648 0.0905593 0.1098857 0.0757352 0.0430864 0.1007699 0.0985221 0.0895633 0.0832536 0.0734903 0.0508895 0.0738514 0.0000000 0.0894678 0.0724610 0.0820515 0.0803762 0.0929147 0.0919721 0.2893216 0.2893216 
Tarsipedidae_Tarsipes_rostratus              0.0872987 0.1054743 0.0734245 0.0805367 0.0830739 0.1061626 0.0883886 0.0903434 0.0853334 0.0900622 0.0868473 0.0858180 0.0991626 0.0904118 0.0829583 0.0894993 0.1029955 0.0901609 0.1130600 0.0804299 0.0815352 0.1004948 0.0974703 0.0864629 0.0925657 0.0638583 0.0737378 0.0785936 0.0894678 0.0000000 0.0771269 0.0900834 0.0786394 0.0903534 0.0913807 0.2027868 0.2027868 
Acrobatidae_Distoechurus_pennatus            0.0685320 0.0924320 0.0568007 0.0638240 0.0700258 0.0918945 0.0651871 0.0673903 0.0755721 0.0823271 0.0667331 0.0721087 0.0907741 0.0741700 0.0426713 0.0758196 0.0867022 0.0766810 0.0968488 0.0622588 0.0597491 0.0834143 0.0880726 0.0726538 0.0720199 0.0507073 0.0561975 0.0589957 0.0724610 0.0771269 0.0000000 0.0680431 0.0699829 0.0767520 0.0835811 0.3466749 0.3466749 
Phalangeridae_Phalanger_carmelitae           0.0601723 0.0907834 0.0574728 0.0602630 0.0691998 0.0918818 0.0316924 0.0183984 0.0746785 0.0852255 0.0268476 0.0680821 0.0924196 0.0197090 0.0743581 0.0739144 0.0892095 0.0736981 0.0985118 0.0603622 0.0761165 0.0904297 0.0915823 0.0718447 0.0725766 0.0608563 0.0668555 0.0601345 0.0820515 0.0900834 0.0680431 0.0000000 0.0691590 0.0788070 0.0857556 0.1996767 0.1996767 
Peramelidae_Peroryctes_raffrayana            0.0653951 0.0881538 0.0671187 0.0609479 0.0684315 0.0751366 0.0643571 0.0696736 0.0750509 0.0202653 0.0695028 0.0611093 0.0742370 0.0697202 0.0705605 0.0614956 0.0751477 0.0686235 0.0294052 0.0609739 0.0720576 0.0740575 0.0705462 0.0631746 0.0704761 0.0526815 0.0650201 0.0591673 0.0803762 0.0786394 0.0699829 0.0691590 0.0000000 0.0657137 0.0209173 0.2952016 0.2952016 
Dasyuridae_Dasyurus_geffroii                 0.0759089 0.0878010 0.0594526 0.0683010 0.0698864 0.0099322 0.0708183 0.0791163 0.0702010 0.0775537 0.0792220 0.0193866 0.0378700 0.0821269 0.0773858 0.0188502 0.0138630 0.0293815 0.0967638 0.0681526 0.0860096 0.0799352 0.0824033 0.0188622 0.0774099 0.0487728 0.0759600 0.0666737 0.0929147 0.0903534 0.0767520 0.0788070 0.0657137 0.0000000 0.0771328 0.1698677 0.1698677 
Peramelidae_Perameles_gunnii                 0.0804058 0.0943366 0.0702258 0.0734025 0.0792304 0.0920965 0.0830049 0.0841811 0.0878592 0.0022057 0.0828934 0.0709832 0.0844470 0.0918087 0.0883772 0.0737155 0.0911664 0.0818560 0.0339625 0.0730016 0.0811549 0.0874662 0.0850819 0.0717303 0.0843312 0.0527589 0.0763159 0.0688449 0.0919721 0.0913807 0.0835811 0.0857556 0.0209173 0.0771328 0.0000000 0.2776836 0.2776836 
Myrmecobiidae_Myrmecobius_fasciatus1         0.1986177 0.2091859 0.3674943 0.1892494 0.3060412 0.3680064 0.2748858 0.2284935 0.7688770 0.2685314 0.2301759 0.0190483 0.0341116 0.2922273 0.3184922 0.0191090 0.3047498 0.0659533 0.2786699 0.2205120 0.2286586 0.3163177 0.2466828 0.0101299 0.3297128 0.2561568 0.2882292 0.0809101 0.2893216 0.2027868 0.3466749 0.1996767 0.2952016 0.1698677 0.2776836 0.0000000 0.0000010 
Myrmecobiidae_Myrmecobius_fasciatus2         0.1986177 0.2091859 0.3674943 0.1892494 0.3060412 0.3680064 0.2748858 0.2284935 0.7688770 0.2685314 0.2301759 0.0190483 0.0341116 0.2922273 0.3184922 0.0191090 0.3047498 0.0659533 0.2786699 0.2205120 0.2286586 0.3163177 0.2466828 0.0101299 0.3297128 0.2561568 0.2882292 0.0809101 0.2893216 0.2027868 0.3466749 0.1996767 0.2952016 0.1698677 0.2776836 0.0000010 0.0000000 
