35
Burramyidae_Burramys_parvus                  0.0000000 0.1127195 0.0800235 0.0869756 0.0913220 0.1350504 0.0732929 0.0780812 0.0873538 0.1394843 0.0798627 0.1204685 0.1300425 0.0728575 0.0844223 0.1220589 0.1329579 0.1239088 0.1266384 0.0902584 0.0838889 0.1387083 0.1446713 0.1252832 0.0778159 0.1138034 0.0878923 0.0785568 0.0814505 0.0976725 0.0891149 0.0745347 0.1244886 0.1285181 0.1415035 
Notoryctidae_Notoryctes_typhlops             0.1127195 0.0000000 0.1060070 0.1199707 0.1246933 0.1406605 0.1126525 0.1327006 0.1169926 0.1359141 0.1171538 0.1254466 0.1301369 0.1120913 0.1250492 0.1258904 0.1344860 0.1255095 0.1269053 0.1260162 0.1184913 0.1498515 0.1540429 0.1314218 0.1104223 0.1107308 0.1278894 0.1111841 0.1145994 0.1295330 0.1217666 0.1130256 0.1260584 0.1339292 0.1399434 
Vombatidae_Lasiorhinus_latifrons             0.0800235 0.1060070 0.0000000 0.0871293 0.0915075 0.1105788 0.0798627 0.0859071 0.0819977 0.1151624 0.0813274 0.0963219 0.1038904 0.0771312 0.0870309 0.0972507 0.1086871 0.0972958 0.1074011 0.0856910 0.0899973 0.1280241 0.1307826 0.0970383 0.0742700 0.0956572 0.0964124 0.0741285 0.0884920 0.0964391 0.0886785 0.0770484 0.1087825 0.1064785 0.1177776 
Potoroidae_Bettongia_penicillata             0.0869756 0.1199707 0.0871293 0.0000000 0.0073199 0.1363463 0.0771253 0.1051044 0.0188551 0.1395281 0.0852742 0.1266406 0.1294656 0.0822058 0.0994520 0.1283177 0.1329630 0.1248145 0.1317900 0.0434231 0.0946950 0.1445385 0.1482451 0.1253288 0.0522974 0.1142382 0.0979180 0.0341216 0.0954828 0.1021454 0.1017025 0.0822350 0.1329417 0.1310531 0.1427246 
Potoroidae_Bettongia_lesueur                 0.0913220 0.1246933 0.0915075 0.0073199 0.0000000 0.1426976 0.0817445 0.1076806 0.0218946 0.1458386 0.0891341 0.1323650 0.1356570 0.0859804 0.1029489 0.1339662 0.1391489 0.1311569 0.1374594 0.0471453 0.0996478 0.1499871 0.1547554 0.1318261 0.0573827 0.1196905 0.1024414 0.0373066 0.0995739 0.1074044 0.1080141 0.0860123 0.1392988 0.1371861 0.1490623 
Dasyuridae_Dasyurus_maculatus                0.1350504 0.1406605 0.1105788 0.1363463 0.1426976 0.0000000 0.1343092 0.1643686 0.1368472 0.1599976 0.1382231 0.0345039 0.0469483 0.1386637 0.1443605 0.0359587 0.0235239 0.0413741 0.1486568 0.1414572 0.1374256 0.1600244 0.1647120 0.0358067 0.1282767 0.1314939 0.1456710 0.1238507 0.1394347 0.1438067 0.1442240 0.1396476 0.1498508 0.0211213 0.1648203 
Phalangeridae_Trichosurus_vulpecula          0.0732929 0.1126525 0.0798627 0.0771253 0.0817445 0.1343092 0.0000000 0.0448006 0.0719534 0.1321188 0.0345252 0.1210960 0.1264704 0.0323908 0.0825726 0.1231119 0.1299430 0.1168908 0.1212822 0.0772355 0.0811429 0.1330897 0.1416569 0.1231304 0.0659245 0.1082137 0.0877680 0.0646363 0.0814017 0.0893350 0.0852083 0.0305150 0.1230642 0.1259789 0.1378154 
Phalangeridae_Spilocuscus_maculatus          0.0780812 0.1327006 0.0859071 0.1051044 0.1076806 0.1643686 0.0448006 0.0000000 0.0940492 0.1432356 0.0228230 0.1483317 0.1580297 0.0174113 0.0898896 0.1515829 0.1571743 0.1446298 0.1399922 0.0868551 0.0884471 0.1547336 0.1741757 0.1543597 0.0849741 0.1236711 0.0878342 0.0862865 0.0891808 0.1121197 0.0985782 0.0180343 0.1373181 0.1463920 0.1526444 
Potoroidae_Aepyprymnus_rufescens             0.0873538 0.1169926 0.0819977 0.0188551 0.0218946 0.1368472 0.0719534 0.0940492 0.0000000 0.1353211 0.0783955 0.1213468 0.1276603 0.0748915 0.0945792 0.1240440 0.1305726 0.1236284 0.1266222 0.0414781 0.0906094 0.1431897 0.1436608 0.1226430 0.0484800 0.1135684 0.0955328 0.0305257 0.0913391 0.0995218 0.0956262 0.0749165 0.1269672 0.1291178 0.1382351 
Peramelidae_Perameles_nasuta                 0.1394843 0.1359141 0.1151624 0.1395281 0.1458386 0.1599976 0.1321188 0.1432356 0.1353211 0.0000000 0.1368382 0.1450376 0.1456995 0.1304956 0.1456582 0.1465859 0.1586753 0.1406669 0.0277287 0.1412736 0.1473897 0.1772441 0.1703610 0.1433822 0.1265749 0.1307244 0.1541088 0.1294911 0.1401513 0.1466943 0.1417411 0.1315698 0.0297588 0.1508401 0.0026532 
Phalangeridae_Strigocuscus_pelengensis       0.0798627 0.1171538 0.0813274 0.0852742 0.0891341 0.1382231 0.0345252 0.0228230 0.0783955 0.1368382 0.0000000 0.1256864 0.1284322 0.0154491 0.0884773 0.1282846 0.1364525 0.1203400 0.1250762 0.0802710 0.0836914 0.1391794 0.1473705 0.1290364 0.0706587 0.1075647 0.0952888 0.0689964 0.0842505 0.0921235 0.0874613 0.0147259 0.1243946 0.1282804 0.1384636 
Dasyuridae_Phascogale_tapoatafa              0.1204685 0.1254466 0.0963219 0.1266406 0.1323650 0.0345039 0.1210960 0.1483317 0.1213468 0.1450376 0.1256864 0.0000000 0.0335659 0.1244946 0.1247932 0.0039955 0.0240778 0.0263949 0.1321643 0.1301448 0.1238408 0.1471731 0.1535862 0.0088945 0.1155343 0.1205407 0.1325829 0.1133801 0.1226876 0.1297549 0.1260271 0.1264348 0.1352387 0.0268116 0.1464003 
Dasyuridae_Sminthopsis_macroura              0.1300425 0.1301369 0.1038904 0.1294656 0.1356570 0.0469483 0.1264704 0.1580297 0.1276603 0.1456995 0.1284322 0.0335659 0.0000000 0.1299065 0.1323257 0.0361825 0.0378001 0.0252961 0.1384639 0.1340166 0.1276764 0.1513101 0.1588952 0.0345380 0.1205637 0.1203142 0.1377738 0.1189048 0.1319258 0.1328458 0.1324911 0.1298980 0.1429351 0.0418130 0.1485349 
Phalangeridae_Phalanger_orientalis           0.0728575 0.1120913 0.0771312 0.0822058 0.0859804 0.1386637 0.0323908 0.0174113 0.0748915 0.1304956 0.0154491 0.1244946 0.1299065 0.0000000 0.0833051 0.1265401 0.1348134 0.1211301 0.1216360 0.0804712 0.0772034 0.1394353 0.1455329 0.1281293 0.0693821 0.1064174 0.0893892 0.0686685 0.0804726 0.0900157 0.0848168 0.0048087 0.1199578 0.1290547 0.1351750 
Acrobatidae_Acrobates_pygmaeus               0.0844223 0.1250492 0.0870309 0.0994520 0.1029489 0.1443605 0.0825726 0.0898896 0.0945792 0.1456582 0.0884773 0.1247932 0.1323257 0.0833051 0.0000000 0.1265701 0.1389905 0.1264311 0.1373387 0.1000814 0.0826486 0.1483432 0.1574023 0.1255491 0.0871575 0.1193572 0.0911388 0.0859026 0.0786840 0.0902464 0.0429931 0.0841508 0.1373820 0.1359652 0.1482592 
Dasyuridae_Phascogale_calura                 0.1220589 0.1258904 0.0972507 0.1283177 0.1339662 0.0359587 0.1231119 0.1515829 0.1240440 0.1465859 0.1282846 0.0039955 0.0361825 0.1265401 0.1265701 0.0000000 0.0259891 0.0284893 0.1335205 0.1308979 0.1272478 0.1473493 0.1534341 0.0111923 0.1168096 0.1220202 0.1341008 0.1143365 0.1267386 0.1321527 0.1278630 0.1284520 0.1367572 0.0290635 0.1477320 
Dasyuridae_Sarcophilus_harrisii              0.1329579 0.1344860 0.1086871 0.1329630 0.1391489 0.0235239 0.1299430 0.1571743 0.1305726 0.1586753 0.1364525 0.0240778 0.0378001 0.1348134 0.1389905 0.0259891 0.0000000 0.0331442 0.1444864 0.1376778 0.1365880 0.1604364 0.1657347 0.0285282 0.1230394 0.1308863 0.1453657 0.1198624 0.1387665 0.1398170 0.1425785 0.1347663 0.1482855 0.0143925 0.1603270 
Dasyuridae_Planigale_tenuirostris            0.1239088 0.1255095 0.0972958 0.1248145 0.1311569 0.0413741 0.1168908 0.1446298 0.1236284 0.1406669 0.1203400 0.0263949 0.0252961 0.1211301 0.1264311 0.0284893 0.0331442 0.0000000 0.1312936 0.1302088 0.1235241 0.1421367 0.1460056 0.0296174 0.1130321 0.1173642 0.1316939 0.1138130 0.1242154 0.1251116 0.1277831 0.1206004 0.1347434 0.0352814 0.1432912 
Peramelidae_Echymipera_kalubu                0.1266384 0.1269053 0.1074011 0.1317900 0.1374594 0.1486568 0.1212822 0.1399922 0.1266222 0.0277287 0.1250762 0.1321643 0.1384639 0.1216360 0.1373387 0.1335205 0.1444864 0.1312936 0.0000000 0.1330280 0.1308887 0.1616043 0.1616545 0.1305843 0.1169800 0.1213895 0.1428110 0.1205283 0.1287075 0.1384149 0.1312572 0.1225970 0.0189622 0.1393758 0.0306748 
Macropodidae_Dorcopsulus_vanheurni           0.0902584 0.1260162 0.0856910 0.0434231 0.0471453 0.1414572 0.0772355 0.0868551 0.0414781 0.1412736 0.0802710 0.1301448 0.1340166 0.0804712 0.1000814 0.1308979 0.1376778 0.1302088 0.1330280 0.0000000 0.0957923 0.1467335 0.1548518 0.1293683 0.0520550 0.1166227 0.0955125 0.0203134 0.0961541 0.1073015 0.1022114 0.0796054 0.1331679 0.1351835 0.1419573 
Pseudochiridae_Pseudochirulus_forbesi        0.0838889 0.1184913 0.0899973 0.0946950 0.0996478 0.1374256 0.0811429 0.0884471 0.0906094 0.1473897 0.0836914 0.1238408 0.1276764 0.0772034 0.0826486 0.1272478 0.1365880 0.1235241 0.1308887 0.0957923 0.0000000 0.1505515 0.1522558 0.1288063 0.0845818 0.1156139 0.0462399 0.0822645 0.0221965 0.0777823 0.0828206 0.0780109 0.1332663 0.1309959 0.1468678 
Didelphidae_Didelphis_virginiana             0.1387083 0.1498515 0.1280241 0.1445385 0.1499871 0.1600244 0.1330897 0.1547336 0.1431897 0.1772441 0.1391794 0.1471731 0.1513101 0.1394353 0.1483432 0.1473493 0.1604364 0.1421367 0.1616043 0.1467335 0.1505515 0.0000000 0.0556504 0.1484187 0.1371353 0.1298829 0.1576508 0.1293364 0.1513064 0.1534370 0.1440682 0.1390798 0.1632647 0.1575043 0.1740974 
Marmosidae_Monodelphis_domestica             0.1446713 0.1540429 0.1307826 0.1482451 0.1547554 0.1647120 0.1416569 0.1741757 0.1436608 0.1703610 0.1473705 0.1535862 0.1588952 0.1455329 0.1574023 0.1534341 0.1657347 0.1460056 0.1616545 0.1548518 0.1522558 0.0556504 0.0000000 0.1467668 0.1462412 0.1344110 0.1625657 0.1403756 0.1553133 0.1637177 0.1525536 0.1440920 0.1581778 0.1630524 0.1755270 
Dasyuridae_Antechinus_stuartii               0.1252832 0.1314218 0.0970383 0.1253288 0.1318261 0.0358067 0.1231304 0.1543597 0.1226430 0.1433822 0.1290364 0.0088945 0.0345380 0.1281293 0.1255491 0.0111923 0.0285282 0.0296174 0.1305843 0.1293683 0.1288063 0.1484187 0.1467668 0.0000000 0.1181452 0.1249241 0.1399840 0.1139424 0.1286115 0.1294317 0.1262648 0.1304605 0.1340304 0.0276629 0.1460416 
Hypsiprymnodontidae_Hypsiprymnodon_moschatus 0.0778159 0.1104223 0.0742700 0.0522974 0.0573827 0.1282767 0.0659245 0.0849741 0.0484800 0.1265749 0.0706587 0.1155343 0.1205637 0.0693821 0.0871575 0.1168096 0.1230394 0.1130321 0.1169800 0.0520550 0.0845818 0.1371353 0.1462412 0.1181452 0.0000000 0.1035350 0.0938268 0.0393083 0.0834791 0.0945065 0.0904679 0.0685369 0.1167605 0.1195456 0.1286226 
Microbiotheriidae_Dromiciops_gliroides       0.1138034 0.1107308 0.0956572 0.1142382 0.1196905 0.1314939 0.1082137 0.1236711 0.1135684 0.1307244 0.1075647 0.1205407 0.1203142 0.1064174 0.1193572 0.1220202 0.1308863 0.1173642 0.1213895 0.1166227 0.1156139 0.1298829 0.1344110 0.1249241 0.1035350 0.0000000 0.1270199 0.1034483 0.1161616 0.1223544 0.1217604 0.1073761 0.1199321 0.1228135 0.1313163 
Pseudochiridae_Petauroides_volans            0.0878923 0.1278894 0.0964124 0.0979180 0.1024414 0.1456710 0.0877680 0.0878342 0.0955328 0.1541088 0.0952888 0.1325829 0.1377738 0.0893892 0.0911388 0.1341008 0.1453657 0.1316939 0.1428110 0.0955125 0.0462399 0.1576508 0.1625657 0.1399840 0.0938268 0.1270199 0.0000000 0.0878190 0.0442075 0.0881127 0.0920998 0.0892099 0.1430966 0.1406859 0.1555974 
Macropodidae_Wallabia_bicolor                0.0785568 0.1111841 0.0741285 0.0341216 0.0373066 0.1238507 0.0646363 0.0862865 0.0305257 0.1294911 0.0689964 0.1133801 0.1189048 0.0686685 0.0859026 0.1143365 0.1198624 0.1138130 0.1205283 0.0203134 0.0822645 0.1293364 0.1403756 0.1139424 0.0393083 0.1034483 0.0878190 0.0000000 0.0820990 0.0928466 0.0868033 0.0678293 0.1192742 0.1179265 0.1307534 
Pseudochiridae_Pseudocheirus_occidentalis    0.0814505 0.1145994 0.0884920 0.0954828 0.0995739 0.1394347 0.0814017 0.0891808 0.0913391 0.1401513 0.0842505 0.1226876 0.1319258 0.0804726 0.0786840 0.1267386 0.1387665 0.1242154 0.1287075 0.0961541 0.0221965 0.1513064 0.1553133 0.1286115 0.0834791 0.1161616 0.0442075 0.0820990 0.0000000 0.0763392 0.0786769 0.0813170 0.1319191 0.1335481 0.1430803 
Tarsipedidae_Tarsipes_rostratus              0.0976725 0.1295330 0.0964391 0.1021454 0.1074044 0.1438067 0.0893350 0.1121197 0.0995218 0.1466943 0.0921235 0.1297549 0.1328458 0.0900157 0.0902464 0.1321527 0.1398170 0.1251116 0.1384149 0.1073015 0.0777823 0.1534370 0.1637177 0.1294317 0.0945065 0.1223544 0.0881127 0.0928466 0.0763392 0.0000000 0.0886839 0.0886842 0.1368886 0.1386499 0.1525065 
Acrobatidae_Distoechurus_pennatus            0.0891149 0.1217666 0.0886785 0.1017025 0.1080141 0.1442240 0.0852083 0.0985782 0.0956262 0.1417411 0.0874613 0.1260271 0.1324911 0.0848168 0.0429931 0.1278630 0.1425785 0.1277831 0.1312572 0.1022114 0.0828206 0.1440682 0.1525536 0.1262648 0.0904679 0.1217604 0.0920998 0.0868033 0.0786769 0.0886839 0.0000000 0.0856408 0.1313339 0.1375878 0.1463590 
Phalangeridae_Phalanger_carmelitae           0.0745347 0.1130256 0.0770484 0.0822350 0.0860123 0.1396476 0.0305150 0.0180343 0.0749165 0.1315698 0.0147259 0.1264348 0.1298980 0.0048087 0.0841508 0.1284520 0.1347663 0.1206004 0.1225970 0.0796054 0.0780109 0.1390798 0.1440920 0.1304605 0.0685369 0.1073761 0.0892099 0.0678293 0.0813170 0.0886842 0.0856408 0.0000000 0.1219418 0.1299797 0.1362081 
Peramelidae_Peroryctes_raffrayana            0.1244886 0.1260584 0.1087825 0.1329417 0.1392988 0.1498508 0.1230642 0.1373181 0.1269672 0.0297588 0.1243946 0.1352387 0.1429351 0.1199578 0.1373820 0.1367572 0.1482855 0.1347434 0.0189622 0.1331679 0.1332663 0.1632647 0.1581778 0.1340304 0.1167605 0.1199321 0.1430966 0.1192742 0.1319191 0.1368886 0.1313339 0.1219418 0.0000000 0.1418630 0.0314581 
Dasyuridae_Dasyurus_geffroii                 0.1285181 0.1339292 0.1064785 0.1310531 0.1371861 0.0211213 0.1259789 0.1463920 0.1291178 0.1508401 0.1282804 0.0268116 0.0418130 0.1290547 0.1359652 0.0290635 0.0143925 0.0352814 0.1393758 0.1351835 0.1309959 0.1575043 0.1630524 0.0276629 0.1195456 0.1228135 0.1406859 0.1179265 0.1335481 0.1386499 0.1375878 0.1299797 0.1418630 0.0000000 0.1549951 
Peramelidae_Perameles_gunnii                 0.1415035 0.1399434 0.1177776 0.1427246 0.1490623 0.1648203 0.1378154 0.1526444 0.1382351 0.0026532 0.1384636 0.1464003 0.1485349 0.1351750 0.1482592 0.1477320 0.1603270 0.1432912 0.0306748 0.1419573 0.1468678 0.1740974 0.1755270 0.1460416 0.1286226 0.1313163 0.1555974 0.1307534 0.1430803 0.1525065 0.1463590 0.1362081 0.0314581 0.1549951 0.0000000 
