37
Burramyidae_Burramys_parvus                  0.0000000 0.1478692 0.0781184 0.0810483 0.0864841 0.1340121 0.0593101 0.0521237 0.0781860 0.1356302 0.0540028 0.1597861 0.1484946 0.0544001 0.0785589 0.1525017 0.1325023 0.1462949 0.1033596 0.0741509 0.0756359 0.1058052 0.1209134 0.1564344 0.0716985 0.1143155 0.0812765 0.0789326 0.0726980 0.1070099 0.0896871 0.0581503 0.1273058 0.1339923 0.1259058 0.0884187 0.0884187 
Notoryctidae_Notoryctes_typhlops             0.1478692 0.0000000 0.1277362 0.1575071 0.1609806 0.1543539 0.1255775 0.1228728 0.1521567 0.1740148 0.1198850 0.1844755 0.1612430 0.1227315 0.1525676 0.1818731 0.1551087 0.1395052 0.1638131 0.1395661 0.1616661 0.1647191 0.1899254 0.1749769 0.1466627 0.1358752 0.1481200 0.1436418 0.1478139 0.2044622 0.1720202 0.1285689 0.1535675 0.1537176 0.1660352 0.0928729 0.0928729 
Vombatidae_Lasiorhinus_latifrons             0.0781184 0.1277362 0.0000000 0.0990220 0.0999094 0.1179256 0.0653025 0.0618172 0.0914745 0.1245552 0.0651733 0.1489426 0.1265949 0.0660332 0.0880441 0.1436971 0.1184440 0.1173982 0.0992496 0.0801913 0.0840954 0.0963843 0.1131495 0.1413681 0.0750188 0.0946601 0.0835536 0.0854185 0.0762047 0.1316491 0.0982133 0.0700402 0.1191843 0.1178350 0.1159524 0.0530640 0.0530640 
Potoroidae_Bettongia_penicillata             0.0810483 0.1575071 0.0990220 0.0000000 0.0092020 0.1546448 0.0677443 0.0690110 0.0182448 0.1433168 0.0654135 0.1724453 0.1635562 0.0674829 0.0897478 0.1671233 0.1476370 0.1498211 0.1211699 0.0300282 0.0951433 0.1253471 0.1420637 0.1710487 0.0566929 0.1168314 0.0864058 0.0353651 0.0897351 0.1293912 0.0941470 0.0733016 0.1418904 0.1542718 0.1393885 0.1013393 0.1013393 
Potoroidae_Bettongia_lesueur                 0.0864841 0.1609806 0.0999094 0.0092020 0.0000000 0.1588072 0.0701734 0.0712709 0.0183629 0.1528095 0.0694824 0.1770002 0.1696937 0.0688244 0.0950456 0.1716136 0.1516790 0.1540672 0.1269130 0.0314664 0.0956050 0.1297615 0.1434311 0.1757072 0.0599542 0.1199276 0.0874472 0.0355808 0.0919777 0.1327564 0.0980814 0.0765920 0.1513042 0.1584389 0.1461588 0.1067169 0.1067169 
Dasyuridae_Dasyurus_maculatus                0.1340121 0.1543539 0.1179256 0.1546448 0.1588072 0.0000000 0.0936223 0.0975973 0.1479743 0.1617665 0.0916293 0.0470706 0.0323118 0.0965356 0.1512449 0.0464800 0.0115363 0.0508462 0.1209753 0.1377855 0.1480729 0.1554487 0.1814113 0.0440067 0.1404303 0.1347472 0.1431227 0.1420968 0.1411657 0.1802267 0.1704635 0.1003492 0.1419154 0.0104692 0.1601140 0.0685957 0.0685957 
Phalangeridae_Trichosurus_vulpecula          0.0593101 0.1255775 0.0653025 0.0677443 0.0701734 0.0936223 0.0000000 0.0261060 0.0660828 0.1130989 0.0329138 0.1063984 0.1044047 0.0246601 0.0651399 0.1037327 0.0969311 0.0956414 0.1147344 0.0598420 0.0697417 0.0949216 0.1083033 0.1031920 0.0606307 0.0808138 0.0648828 0.0621575 0.0621286 0.0958473 0.0822615 0.0313774 0.1122998 0.0967231 0.1055908 0.0839200 0.0839200 
Phalangeridae_Spilocuscus_maculatus          0.0521237 0.1228728 0.0618172 0.0690110 0.0712709 0.0975973 0.0261060 0.0000000 0.0673749 0.1087071 0.0156257 0.1119521 0.1083724 0.0101764 0.0693115 0.1093281 0.1017144 0.1037681 0.1058769 0.0629928 0.0723384 0.0925427 0.1080367 0.1071984 0.0599557 0.0810646 0.0649464 0.0620174 0.0614945 0.0992316 0.0818591 0.0135415 0.1061277 0.1010252 0.1015632 0.0848358 0.0848358 
Potoroidae_Aepyprymnus_rufescens             0.0781860 0.1521567 0.0914745 0.0182448 0.0183629 0.1479743 0.0660828 0.0673749 0.0000000 0.1426047 0.0634968 0.1697547 0.1610910 0.0690558 0.0885446 0.1644373 0.1436906 0.1445770 0.1209816 0.0254380 0.0888753 0.1176685 0.1345396 0.1720538 0.0523733 0.1152013 0.0813362 0.0319832 0.0836444 0.1268805 0.0895233 0.0749126 0.1456660 0.1496859 0.1387968 0.0824900 0.0824900 
Peramelidae_Perameles_nasuta                 0.1356302 0.1740148 0.1245552 0.1433168 0.1528095 0.1617665 0.1130989 0.1087071 0.1426047 0.0000000 0.1096567 0.1819432 0.1720984 0.1075667 0.1416565 0.1774546 0.1563649 0.1561185 0.0186144 0.1343916 0.1417212 0.1469393 0.1699576 0.1780273 0.1382320 0.1286627 0.1441354 0.1320247 0.1411293 0.1848434 0.1568074 0.1127922 0.0329360 0.1593934 0.0093099 0.0077552 0.0077552 
Phalangeridae_Strigocuscus_pelengensis       0.0540028 0.1198850 0.0651733 0.0654135 0.0694824 0.0916293 0.0329138 0.0156257 0.0634968 0.1096567 0.0000000 0.1043221 0.1023100 0.0135130 0.0670017 0.1016162 0.0939500 0.0897481 0.1087083 0.0601287 0.0680756 0.0972602 0.1106369 0.1007889 0.0590577 0.0832144 0.0639049 0.0602386 0.0604566 0.1005657 0.0747446 0.0185989 0.1053001 0.0968935 0.1018833 0.0894817 0.0894817 
Dasyuridae_Phascogale_tapoatafa              0.1597861 0.1844755 0.1489426 0.1724453 0.1770002 0.0470706 0.1063984 0.1119521 0.1697547 0.1819432 0.1043221 0.0000000 0.0597487 0.1108235 0.1802209 0.0051032 0.0478602 0.0578228 0.1223403 0.1562319 0.1726959 0.1772917 0.2060755 0.0136097 0.1579501 0.1413446 0.1665422 0.1576810 0.1626833 0.2167276 0.1887009 0.1172014 0.1604377 0.0488711 0.1800650 0.0800222 0.0800222 
Dasyuridae_Sminthopsis_macroura              0.1484946 0.1612430 0.1265949 0.1635562 0.1696937 0.0323118 0.1044047 0.1083724 0.1610910 0.1720984 0.1023100 0.0597487 0.0000000 0.1072357 0.1631890 0.0576473 0.0310725 0.0469998 0.1198632 0.1467366 0.1573036 0.1549498 0.1807643 0.0599443 0.1444002 0.1386258 0.1530239 0.1508465 0.1521285 0.1902842 0.1785701 0.1136532 0.1515026 0.0348693 0.1699761 0.0832666 0.0832666 
Phalangeridae_Phalanger_orientalis           0.0544001 0.1227315 0.0660332 0.0674829 0.0688244 0.0965356 0.0246601 0.0101764 0.0690558 0.1075667 0.0135130 0.1108235 0.1072357 0.0000000 0.0665084 0.1082073 0.1006332 0.1001472 0.1045247 0.0631642 0.0686788 0.0932127 0.1064363 0.1060597 0.0568333 0.0819389 0.0631068 0.0620611 0.0588909 0.0991514 0.0799940 0.0082998 0.1060189 0.1015996 0.1014632 0.0849851 0.0849851 
Acrobatidae_Acrobates_pygmaeus               0.0785589 0.1525676 0.0880441 0.0897478 0.0950456 0.1512449 0.0651399 0.0693115 0.0885446 0.1416565 0.0670017 0.1802209 0.1631890 0.0665084 0.0000000 0.1786383 0.1530779 0.1566693 0.1245441 0.0799670 0.0671408 0.1208945 0.1285825 0.1814385 0.0877276 0.1132581 0.0713167 0.0890112 0.0644889 0.1026198 0.0593803 0.0705066 0.1518942 0.1501494 0.1417565 0.0757710 0.0757710 
Dasyuridae_Phascogale_calura                 0.1525017 0.1818731 0.1436971 0.1671233 0.1716136 0.0464800 0.1037327 0.1093281 0.1644373 0.1774546 0.1016162 0.0051032 0.0576473 0.1082073 0.1786383 0.0000000 0.0458640 0.0563030 0.1175496 0.1509440 0.1690049 0.1728211 0.2025051 0.0118168 0.1526982 0.1411987 0.1628749 0.1534073 0.1590314 0.2137780 0.1850168 0.1145356 0.1531490 0.0490112 0.1747449 0.0849807 0.0849807 
Dasyuridae_Sarcophilus_harrisii              0.1325023 0.1551087 0.1184440 0.1476370 0.1516790 0.0115363 0.0969311 0.1017144 0.1436906 0.1563649 0.0939500 0.0478602 0.0310725 0.1006332 0.1530779 0.0458640 0.0000000 0.0429058 0.1165195 0.1301881 0.1469702 0.1518629 0.1806448 0.0441112 0.1391061 0.1372809 0.1415719 0.1344329 0.1436037 0.1822615 0.1693037 0.1045328 0.1406312 0.0147173 0.1554211 0.0732577 0.0732577 
Dasyuridae_Planigale_tenuirostris            0.1462949 0.1395052 0.1173982 0.1498211 0.1540672 0.0508462 0.0956414 0.1037681 0.1445770 0.1561185 0.0897481 0.0578228 0.0469998 0.1001472 0.1566693 0.0563030 0.0429058 0.0000000 0.1129822 0.1296854 0.1384927 0.1417883 0.1767176 0.0560057 0.1341649 0.1269638 0.1390035 0.1289653 0.1384700 0.1970994 0.1633699 0.1057712 0.1510221 0.0556326 0.1589000 0.0721899 0.0721899 
Peramelidae_Echymipera_kalubu                0.1033596 0.1638131 0.0992496 0.1211699 0.1269130 0.1209753 0.1147344 0.1058769 0.1209816 0.0186144 0.1087083 0.1223403 0.1198632 0.1045247 0.1245441 0.1175496 0.1165195 0.1129822 0.0000000 0.1073177 0.1188026 0.1227510 0.1411774 0.1181498 0.1204820 0.0974235 0.1150177 0.1116987 0.1150953 0.1666455 0.1329433 0.1123106 0.0198550 0.1231230 0.0171457 0.0119824 0.0119824 
Macropodidae_Dorcopsulus_vanheurni           0.0741509 0.1395661 0.0801913 0.0300282 0.0314664 0.1377855 0.0598420 0.0629928 0.0254380 0.1343916 0.0601287 0.1562319 0.1467366 0.0631642 0.0799670 0.1509440 0.1301881 0.1296854 0.1073177 0.0000000 0.0801616 0.1071891 0.1272218 0.1548636 0.0375716 0.1070082 0.0769134 0.0129636 0.0760260 0.1226570 0.0830179 0.0689109 0.1296935 0.1384163 0.1253516 0.0894302 0.0894302 
Pseudochiridae_Pseudochirulus_forbesi        0.0756359 0.1616661 0.0840954 0.0951433 0.0956050 0.1480729 0.0697417 0.0723384 0.0888753 0.1417212 0.0680756 0.1726959 0.1573036 0.0686788 0.0671408 0.1690049 0.1469702 0.1384927 0.1188026 0.0801616 0.0000000 0.1241170 0.1458902 0.1700641 0.0800997 0.1214768 0.0455531 0.0841905 0.0179727 0.1047692 0.0767627 0.0766060 0.1431056 0.1482267 0.1384075 0.0805751 0.0805751 
Didelphidae_Didelphis_virginiana             0.1058052 0.1647191 0.0963843 0.1253471 0.1297615 0.1554487 0.0949216 0.0925427 0.1176685 0.1469393 0.0972602 0.1772917 0.1549498 0.0932127 0.1208945 0.1728211 0.1518629 0.1417883 0.1227510 0.1071891 0.1241170 0.0000000 0.0429945 0.1676529 0.1036819 0.1126479 0.1221073 0.1046478 0.1160692 0.1637704 0.1319977 0.0961038 0.1495686 0.1540435 0.1391864 0.0603949 0.0603949 
Marmosidae_Monodelphis_domestica             0.1209134 0.1899254 0.1131495 0.1420637 0.1434311 0.1814113 0.1083033 0.1080367 0.1345396 0.1699576 0.1106369 0.2060755 0.1807643 0.1064363 0.1285825 0.2025051 0.1806448 0.1767176 0.1411774 0.1272218 0.1458902 0.0429945 0.0000000 0.2041341 0.1255555 0.1391894 0.1299194 0.1309157 0.1347143 0.1900456 0.1507798 0.1143712 0.1686569 0.1780611 0.1564212 0.1344454 0.1344454 
Dasyuridae_Antechinus_stuartii               0.1564344 0.1749769 0.1413681 0.1710487 0.1757072 0.0440067 0.1031920 0.1071984 0.1720538 0.1780273 0.1007889 0.0136097 0.0599443 0.1060597 0.1814385 0.0118168 0.0441112 0.0560057 0.1181498 0.1548636 0.1700641 0.1676529 0.2041341 0.0000000 0.1561906 0.1475724 0.1634610 0.1565179 0.1624512 0.2056302 0.1884391 0.1101895 0.1554072 0.0465563 0.1755949 0.0725381 0.0725381 
Hypsiprymnodontidae_Hypsiprymnodon_moschatus 0.0716985 0.1466627 0.0750188 0.0566929 0.0599542 0.1404303 0.0606307 0.0599557 0.0523733 0.1382320 0.0590577 0.1579501 0.1444002 0.0568333 0.0877276 0.1526982 0.1391061 0.1341649 0.1204820 0.0375716 0.0800997 0.1036819 0.1255555 0.1561906 0.0000000 0.1031831 0.0824425 0.0432985 0.0714542 0.1261497 0.0896604 0.0624143 0.1398675 0.1421038 0.1295867 0.1067823 0.1067823 
Microbiotheriidae_Dromiciops_gliroides       0.1143155 0.1358752 0.0946601 0.1168314 0.1199276 0.1347472 0.0808138 0.0810646 0.1152013 0.1286627 0.0832144 0.1413446 0.1386258 0.0819389 0.1132581 0.1411987 0.1372809 0.1269638 0.0974235 0.1070082 0.1214768 0.1126479 0.1391894 0.1475724 0.1031831 0.0000000 0.1128100 0.1029776 0.1092106 0.1599043 0.1218643 0.0876940 0.1287919 0.1375889 0.1289977 0.0823407 0.0823407 
Pseudochiridae_Petauroides_volans            0.0812765 0.1481200 0.0835536 0.0864058 0.0874472 0.1431227 0.0648828 0.0649464 0.0813362 0.1441354 0.0639049 0.1665422 0.1530239 0.0631068 0.0713167 0.1628749 0.1415719 0.1390035 0.1150177 0.0769134 0.0455531 0.1221073 0.1299194 0.1634610 0.0824425 0.1128100 0.0000000 0.0821934 0.0394982 0.1009682 0.0822320 0.0689879 0.1370172 0.1429670 0.1390231 0.0817176 0.0817176 
Macropodidae_Wallabia_bicolor                0.0789326 0.1436418 0.0854185 0.0353651 0.0355808 0.1420968 0.0621575 0.0620174 0.0319832 0.1320247 0.0602386 0.1576810 0.1508465 0.0620611 0.0890112 0.1534073 0.1344329 0.1289653 0.1116987 0.0129636 0.0841905 0.1046478 0.1309157 0.1565179 0.0432985 0.1029776 0.0821934 0.0000000 0.0810816 0.1280633 0.0922246 0.0678863 0.1380440 0.1427454 0.1361693 0.0887489 0.0887489 
Pseudochiridae_Pseudocheirus_occidentalis    0.0726980 0.1478139 0.0762047 0.0897351 0.0919777 0.1411657 0.0621286 0.0614945 0.0836444 0.1411293 0.0604566 0.1626833 0.1521285 0.0588909 0.0644889 0.1590314 0.1436037 0.1384700 0.1150953 0.0760260 0.0179727 0.1160692 0.1347143 0.1624512 0.0714542 0.1092106 0.0394982 0.0810816 0.0000000 0.1029058 0.0759944 0.0636691 0.1424364 0.1418379 0.1355130 0.0831508 0.0831508 
Tarsipedidae_Tarsipes_rostratus              0.1070099 0.2044622 0.1316491 0.1293912 0.1327564 0.1802267 0.0958473 0.0992316 0.1268805 0.1848434 0.1005657 0.2167276 0.1902842 0.0991514 0.1026198 0.2137780 0.1822615 0.1970994 0.1666455 0.1226570 0.1047692 0.1637704 0.1900456 0.2056302 0.1261497 0.1599043 0.1009682 0.1280633 0.1029058 0.0000000 0.1278715 0.1005872 0.1893915 0.1837812 0.1833343 0.0962744 0.0962744 
Acrobatidae_Distoechurus_pennatus            0.0896871 0.1720202 0.0982133 0.0941470 0.0980814 0.1704635 0.0822615 0.0818591 0.0895233 0.1568074 0.0747446 0.1887009 0.1785701 0.0799940 0.0593803 0.1850168 0.1693037 0.1633699 0.1329433 0.0830179 0.0767627 0.1319977 0.1507798 0.1884391 0.0896604 0.1218643 0.0822320 0.0922246 0.0759944 0.1278715 0.0000000 0.0833595 0.1547639 0.1658778 0.1524654 0.0935671 0.0935671 
Phalangeridae_Phalanger_carmelitae           0.0581503 0.1285689 0.0700402 0.0733016 0.0765920 0.1003492 0.0313774 0.0135415 0.0749126 0.1127922 0.0185989 0.1172014 0.1136532 0.0082998 0.0705066 0.1145356 0.1045328 0.1057712 0.1123106 0.0689109 0.0766060 0.0961038 0.1143712 0.1101895 0.0624143 0.0876940 0.0689879 0.0678863 0.0636691 0.1005872 0.0833595 0.0000000 0.1115071 0.1055183 0.1068545 0.0899687 0.0899687 
Peramelidae_Peroryctes_raffrayana            0.1273058 0.1535675 0.1191843 0.1418904 0.1513042 0.1419154 0.1122998 0.1061277 0.1456660 0.0329360 0.1053001 0.1604377 0.1515026 0.1060189 0.1518942 0.1531490 0.1406312 0.1510221 0.0198550 0.1296935 0.1431056 0.1495686 0.1686569 0.1554072 0.1398675 0.1287919 0.1370172 0.1380440 0.1424364 0.1893915 0.1547639 0.1115071 0.0000000 0.1470758 0.0329924 0.0060891 0.0060891 
Dasyuridae_Dasyurus_geffroii                 0.1339923 0.1537176 0.1178350 0.1542718 0.1584389 0.0104692 0.0967231 0.1010252 0.1496859 0.1593934 0.0968935 0.0488711 0.0348693 0.1015996 0.1501494 0.0490112 0.0147173 0.0556326 0.1231230 0.1384163 0.1482267 0.1540435 0.1780611 0.0465563 0.1421038 0.1375889 0.1429670 0.1427454 0.1418379 0.1837812 0.1658778 0.1055183 0.1470758 0.0000000 0.1564386 0.0750234 0.0750234 
Peramelidae_Perameles_gunnii                 0.1259058 0.1660352 0.1159524 0.1393885 0.1461588 0.1601140 0.1055908 0.1015632 0.1387968 0.0093099 0.1018833 0.1800650 0.1699761 0.1014632 0.1417565 0.1747449 0.1554211 0.1589000 0.0171457 0.1253516 0.1384075 0.1391864 0.1564212 0.1755949 0.1295867 0.1289977 0.1390231 0.1361693 0.1355130 0.1833343 0.1524654 0.1068545 0.0329924 0.1564386 0.0000000 0.0119824 0.0119824 
Peramelidae_Isoodon_obesulus1                0.0884187 0.0928729 0.0530640 0.1013393 0.1067169 0.0685957 0.0839200 0.0848358 0.0824900 0.0077552 0.0894817 0.0800222 0.0832666 0.0849851 0.0757710 0.0849807 0.0732577 0.0721899 0.0119824 0.0894302 0.0805751 0.0603949 0.1344454 0.0725381 0.1067823 0.0823407 0.0817176 0.0887489 0.0831508 0.0962744 0.0935671 0.0899687 0.0060891 0.0750234 0.0119824 0.0000000 0.0000010 
Peramelidae_Isoodon_obesulus2                0.0884187 0.0928729 0.0530640 0.1013393 0.1067169 0.0685957 0.0839200 0.0848358 0.0824900 0.0077552 0.0894817 0.0800222 0.0832666 0.0849851 0.0757710 0.0849807 0.0732577 0.0721899 0.0119824 0.0894302 0.0805751 0.0603949 0.1344454 0.0725381 0.1067823 0.0823407 0.0817176 0.0887489 0.0831508 0.0962744 0.0935671 0.0899687 0.0060891 0.0750234 0.0119824 0.0000010 0.0000000 
