192
I0185_86_Accipitridae_Buteo_jamaicensis                   0.0000000 0.0326676 0.0356275 0.0340183 0.0409211 0.0350894 0.0474898 0.0271657 0.0313284 0.0529484 0.0488190 0.0250640 0.0440427 0.0359833 0.0377581 0.0430717 0.0279924 0.0140125 0.0386552 0.0188896 0.0405905 0.0242084 0.0436855 0.0208695 0.0215513 0.0184173 0.0326609 0.0227215 0.0498099 0.0483574 0.0503467 0.0232965 0.0386302 0.0402414 0.0410833 0.0412233 0.0316131 0.0488678 0.0430605 0.0474605 0.0401759 0.0541034 0.0417428 0.0379866 0.0475940 0.0502244 0.0343870 0.0367994 0.0282193 0.0436225 0.0395462 0.0220194 0.0322221 0.0374212 0.0440947 0.0320520 0.0266806 0.0222838 0.0394130 0.0389104 0.0251577 0.0228134 0.0560203 0.0388292 0.0396363 0.0353010 0.0201429 0.0263507 0.0411333 0.0279744 0.0518032 0.0483216 0.0442643 0.0394714 0.0268121 0.0249619 0.0380638 0.0451395 0.0264087 0.0056915 0.0238869 0.0314900 0.0345446 0.0404082 0.0452598 0.0191867 0.0164301 0.0437161 0.0545360 0.0367409 0.0310549 0.0275103 0.0198394 0.0301332 0.0416130 0.0463505 0.0189179 0.0428920 0.0227002 0.0176395 0.0200737 0.0293058 0.0342912 0.0418838 0.0304549 0.0258005 0.0215630 0.0283374 0.0329409 0.0519138 0.0250704 0.0513738 0.0246582 0.0173813 0.0454617 0.0392688 0.0224405 0.0430569 0.0500748 0.0483900 0.0316658 0.0192247 0.0142757 0.0195827 0.0427319 0.0325438 0.0299565 0.0480196 0.0202900 0.0521329 0.0251557 0.0292423 0.0175184 0.0345669 0.0599039 0.0432365 0.0265446 0.0443340 0.0251177 0.0347802 0.0276725 0.0173539 0.0216791 0.0178037 0.0323069 0.0234172 0.0518507 0.0417277 0.0272692 0.0193808 0.0412053 0.0518539 0.0369428 0.0382804 0.0167993 0.0219945 0.0230267 0.0232711 0.0227770 0.0250969 0.0341490 0.0336411 0.0320887 0.0461811 0.0270270 0.0339254 0.0462322 0.0414575 0.0251019 0.0222297 0.0303976 0.0229042 0.0446936 0.0411855 0.0482016 0.0200199 0.0131675 0.0176145 0.0228512 0.0506013 0.0224573 0.0497448 0.0462265 0.0428019 0.0414456 0.1036866 0.0408116 0.0488901 0.0502087 0.0324103 0.0298228 0.0417938 
I0186_111_Momotidae_Momotus_lessonii                      0.0326676 0.0000000 0.0420785 0.0456965 0.0500858 0.0421846 0.0538303 0.0386096 0.0416281 0.0484851 0.0549353 0.0371895 0.0527661 0.0442771 0.0401720 0.0516276 0.0390804 0.0266562 0.0482286 0.0325001 0.0495160 0.0357642 0.0518229 0.0331696 0.0340725 0.0313883 0.0431032 0.0356869 0.0567604 0.0574467 0.0589687 0.0356912 0.0482917 0.0506450 0.0513901 0.0519002 0.0418158 0.0578488 0.0506333 0.0576564 0.0504284 0.0640001 0.0511647 0.0482622 0.0564654 0.0576373 0.0340018 0.0472020 0.0402581 0.0516862 0.0495036 0.0336083 0.0441159 0.0475571 0.0518915 0.0414996 0.0384254 0.0350847 0.0494733 0.0498482 0.0373269 0.0343279 0.0653387 0.0480537 0.0500722 0.0468633 0.0328465 0.0384823 0.0524626 0.0392258 0.0576365 0.0607518 0.0519287 0.0498266 0.0385107 0.0375100 0.0477355 0.0517565 0.0348340 0.0328814 0.0359751 0.0435561 0.0335406 0.0481288 0.0533495 0.0317817 0.0296694 0.0542143 0.0637305 0.0466999 0.0423905 0.0382413 0.0321174 0.0342582 0.0524289 0.0536159 0.0316257 0.0539921 0.0348668 0.0338554 0.0334968 0.0413496 0.0376537 0.0522068 0.0425960 0.0365499 0.0336311 0.0405619 0.0445491 0.0618856 0.0370140 0.0609857 0.0373356 0.0308105 0.0542349 0.0494618 0.0343965 0.0524990 0.0583908 0.0606658 0.0431614 0.0326242 0.0357689 0.0327392 0.0506544 0.0436169 0.0411050 0.0603788 0.0330815 0.0585874 0.0369022 0.0404998 0.0307540 0.0455844 0.0651048 0.0541860 0.0383655 0.0518422 0.0370556 0.0439542 0.0396445 0.0311584 0.0342616 0.0308200 0.0433488 0.0351365 0.0610899 0.0519020 0.0387254 0.0325833 0.0514698 0.0635184 0.0466036 0.0480440 0.0298108 0.0348790 0.0343628 0.0351179 0.0354718 0.0364165 0.0458519 0.0460105 0.0437279 0.0563267 0.0377402 0.0454962 0.0539218 0.0500037 0.0367414 0.0343110 0.0406992 0.0337946 0.0511457 0.0500148 0.0584896 0.0325282 0.0341134 0.0310855 0.0339666 0.0621441 0.0354178 0.0582011 0.0545872 0.0527222 0.0505601 0.1096093 0.0497481 0.0579799 0.0589620 0.0426312 0.0384966 0.0511808 
I0187_115_Trogonidae_Trogon_elegans                       0.0356275 0.0420785 0.0000000 0.0462344 0.0514933 0.0149829 0.0574971 0.0404038 0.0427345 0.0603577 0.0582021 0.0407482 0.0544181 0.0487283 0.0468296 0.0529981 0.0422479 0.0296295 0.0493708 0.0348582 0.0515713 0.0380756 0.0532974 0.0362560 0.0374457 0.0352377 0.0439798 0.0377257 0.0599162 0.0583632 0.0606540 0.0389247 0.0502005 0.0515512 0.0511091 0.0519704 0.0430555 0.0586853 0.0525379 0.0611456 0.0515238 0.0681222 0.0527780 0.0497383 0.0573855 0.0604722 0.0453717 0.0491862 0.0422988 0.0534999 0.0516365 0.0354596 0.0458426 0.0485937 0.0534275 0.0435567 0.0412912 0.0369702 0.0507569 0.0504416 0.0393813 0.0374446 0.0685850 0.0504171 0.0534492 0.0497639 0.0356835 0.0409592 0.0553711 0.0412170 0.0610515 0.0630928 0.0534863 0.0509118 0.0415834 0.0395150 0.0496223 0.0551902 0.0374361 0.0347196 0.0382208 0.0451491 0.0468907 0.0520081 0.0574388 0.0341972 0.0328150 0.0542703 0.0682489 0.0499235 0.0444539 0.0413613 0.0352849 0.0424632 0.0565760 0.0570465 0.0341142 0.0574325 0.0377603 0.0369371 0.0368263 0.0426125 0.0450574 0.0529178 0.0432563 0.0392346 0.0363763 0.0429391 0.0470451 0.0653788 0.0399362 0.0652615 0.0388405 0.0345045 0.0542261 0.0510800 0.0380328 0.0529263 0.0581045 0.0630091 0.0454780 0.0355493 0.0387591 0.0353593 0.0521921 0.0455208 0.0430826 0.0628468 0.0354048 0.0619914 0.0396237 0.0414292 0.0334031 0.0477211 0.0676677 0.0537673 0.0408114 0.0540395 0.0395194 0.0472838 0.0423688 0.0343780 0.0369858 0.0334108 0.0462089 0.0377566 0.0622847 0.0537788 0.0412058 0.0355887 0.0545455 0.0661924 0.0479209 0.0494777 0.0326629 0.0374718 0.0385685 0.0366519 0.0391448 0.0397087 0.0477241 0.0481661 0.0463679 0.0606917 0.0403064 0.0473072 0.0552539 0.0520272 0.0390005 0.0378309 0.0426669 0.0358121 0.0537439 0.0516617 0.0625110 0.0357979 0.0372434 0.0344651 0.0382407 0.0643634 0.0388103 0.0586565 0.0567043 0.0539892 0.0516679 0.1121815 0.0512455 0.0580690 0.0599837 0.0453100 0.0422458 0.0513220 
I0188_135_Apodidae_Streptoprocne_zonaris                  0.0340183 0.0456965 0.0462344 0.0000000 0.0486937 0.0459374 0.0567574 0.0384900 0.0426339 0.0600301 0.0571212 0.0376432 0.0525377 0.0471374 0.0482176 0.0514991 0.0405816 0.0285337 0.0480421 0.0323530 0.0490234 0.0371347 0.0526570 0.0343379 0.0349900 0.0322796 0.0441055 0.0351755 0.0591350 0.0568704 0.0579406 0.0374446 0.0473775 0.0491365 0.0430498 0.0436960 0.0425543 0.0566990 0.0519403 0.0575948 0.0482331 0.0650642 0.0505006 0.0471258 0.0559523 0.0581471 0.0443513 0.0451939 0.0418639 0.0522701 0.0476188 0.0334275 0.0441119 0.0458819 0.0520596 0.0432861 0.0373769 0.0350839 0.0488925 0.0201936 0.0390009 0.0337331 0.0666084 0.0473009 0.0502730 0.0473907 0.0329933 0.0372819 0.0523228 0.0371782 0.0609483 0.0611715 0.0527536 0.0489700 0.0389689 0.0389783 0.0466141 0.0525882 0.0375542 0.0336745 0.0368855 0.0434524 0.0462563 0.0503860 0.0556785 0.0331389 0.0314924 0.0465604 0.0661387 0.0483011 0.0429784 0.0389874 0.0332066 0.0420527 0.0531237 0.0545595 0.0323182 0.0552885 0.0351677 0.0354965 0.0338202 0.0406421 0.0453267 0.0510334 0.0418954 0.0390316 0.0343947 0.0406201 0.0450290 0.0636253 0.0379217 0.0631264 0.0359819 0.0320551 0.0537654 0.0497072 0.0356281 0.0511936 0.0578873 0.0613036 0.0432340 0.0333181 0.0373772 0.0335161 0.0504614 0.0191528 0.0413233 0.0609082 0.0337964 0.0624120 0.0377786 0.0354597 0.0314197 0.0455457 0.0679162 0.0526476 0.0371658 0.0529073 0.0380882 0.0461537 0.0393711 0.0317779 0.0349451 0.0319389 0.0437934 0.0360522 0.0603198 0.0534171 0.0386157 0.0332956 0.0535459 0.0653124 0.0452468 0.0473522 0.0312659 0.0353584 0.0359721 0.0351562 0.0375811 0.0383161 0.0443301 0.0458045 0.0436844 0.0561711 0.0388784 0.0457501 0.0539094 0.0499069 0.0374863 0.0349365 0.0425058 0.0326551 0.0524530 0.0504365 0.0594714 0.0334813 0.0358200 0.0317173 0.0352350 0.0634182 0.0374067 0.0574172 0.0539679 0.0522716 0.0497613 0.1118462 0.0500721 0.0573675 0.0584151 0.0439633 0.0424137 0.0492963 
I0189_225_Eurylaimidae_Smithornis_rufolateralis           0.0409211 0.0500858 0.0514933 0.0486937 0.0000000 0.0505905 0.0625326 0.0457809 0.0486963 0.0637517 0.0646844 0.0453590 0.0376857 0.0533847 0.0517173 0.0329755 0.0487335 0.0344309 0.0295203 0.0403364 0.0294643 0.0435607 0.0346096 0.0410011 0.0430357 0.0398793 0.0497965 0.0436706 0.0643006 0.0419424 0.0429038 0.0441267 0.0292116 0.0315695 0.0568895 0.0564804 0.0486441 0.0415755 0.0320474 0.0645183 0.0309192 0.0704186 0.0330435 0.0287252 0.0403312 0.0620664 0.0504914 0.0533089 0.0483016 0.0339501 0.0300884 0.0397374 0.0501197 0.0281984 0.0326375 0.0500594 0.0453383 0.0424541 0.0304580 0.0531534 0.0453371 0.0427900 0.0720579 0.0290576 0.0569156 0.0540575 0.0409184 0.0458161 0.0596148 0.0447870 0.0667367 0.0672251 0.0339075 0.0304950 0.0462242 0.0452772 0.0290832 0.0601289 0.0416488 0.0404751 0.0437110 0.0496285 0.0517324 0.0560597 0.0606695 0.0405581 0.0377977 0.0586006 0.0711652 0.0549160 0.0492628 0.0457604 0.0407539 0.0474267 0.0610562 0.0615314 0.0405602 0.0616197 0.0433452 0.0425813 0.0413985 0.0492396 0.0493168 0.0568518 0.0496667 0.0454753 0.0422955 0.0483694 0.0506381 0.0687628 0.0456544 0.0682038 0.0421444 0.0389173 0.0340548 0.0562487 0.0432966 0.0380794 0.0418018 0.0670703 0.0490593 0.0405699 0.0448229 0.0404752 0.0228119 0.0473970 0.0476051 0.0660611 0.0409553 0.0654029 0.0447296 0.0452451 0.0388562 0.0533409 0.0749634 0.0600662 0.0455949 0.0245874 0.0452344 0.0524809 0.0468360 0.0393580 0.0425675 0.0393344 0.0511531 0.0432060 0.0655615 0.0598571 0.0455840 0.0405265 0.0599122 0.0703950 0.0311298 0.0296872 0.0382413 0.0430667 0.0429664 0.0429535 0.0437369 0.0452287 0.0522589 0.0531160 0.0515935 0.0640494 0.0468299 0.0530791 0.0349321 0.0305566 0.0459027 0.0427584 0.0482677 0.0405265 0.0249254 0.0360465 0.0655582 0.0415349 0.0429131 0.0395070 0.0417537 0.0682731 0.0440641 0.0427739 0.0390964 0.0368011 0.0176261 0.1141337 0.0356016 0.0428531 0.0419002 0.0519152 0.0466559 0.0401018 
I0190_295_Trogonidae_Apaloderma_aequatoriale              0.0350894 0.0421846 0.0149829 0.0459374 0.0505905 0.0000000 0.0573143 0.0392867 0.0428774 0.0603282 0.0582058 0.0397332 0.0536932 0.0475680 0.0456634 0.0525754 0.0421305 0.0293600 0.0479552 0.0343395 0.0504906 0.0379699 0.0520154 0.0358044 0.0370797 0.0348194 0.0440049 0.0372722 0.0595276 0.0571549 0.0590143 0.0381236 0.0489455 0.0505222 0.0507769 0.0516222 0.0430152 0.0580456 0.0518830 0.0606814 0.0505685 0.0676842 0.0517142 0.0487524 0.0558706 0.0590288 0.0450151 0.0483400 0.0417843 0.0524051 0.0503773 0.0347866 0.0450862 0.0480250 0.0523748 0.0435756 0.0403344 0.0363611 0.0497412 0.0500335 0.0384891 0.0369096 0.0677327 0.0494537 0.0529160 0.0493504 0.0349722 0.0410468 0.0550388 0.0406903 0.0612461 0.0625611 0.0524419 0.0502037 0.0405940 0.0388521 0.0485033 0.0544078 0.0371221 0.0342461 0.0381376 0.0448079 0.0461873 0.0511851 0.0562466 0.0337001 0.0323164 0.0536485 0.0671833 0.0493976 0.0443043 0.0401804 0.0344403 0.0424606 0.0558772 0.0568077 0.0340772 0.0570103 0.0374053 0.0360765 0.0360418 0.0421584 0.0441759 0.0525399 0.0425903 0.0384363 0.0365445 0.0416735 0.0466935 0.0655344 0.0392238 0.0647338 0.0384195 0.0341167 0.0534050 0.0509231 0.0378416 0.0518547 0.0576824 0.0623189 0.0446740 0.0352298 0.0379363 0.0345500 0.0513797 0.0446289 0.0424641 0.0625515 0.0349498 0.0611833 0.0398509 0.0411173 0.0328218 0.0470973 0.0680787 0.0530465 0.0398793 0.0524440 0.0399917 0.0473121 0.0407005 0.0336807 0.0365532 0.0329718 0.0456518 0.0371394 0.0612164 0.0530196 0.0399704 0.0354157 0.0539204 0.0660864 0.0473925 0.0491669 0.0324717 0.0366988 0.0377498 0.0364064 0.0380849 0.0388623 0.0467127 0.0477269 0.0463725 0.0593074 0.0400748 0.0466039 0.0539257 0.0510434 0.0393369 0.0375220 0.0424844 0.0356970 0.0523501 0.0509125 0.0619494 0.0347068 0.0365186 0.0339654 0.0376286 0.0639768 0.0379440 0.0582704 0.0558741 0.0530513 0.0507709 0.1119051 0.0506635 0.0571420 0.0590432 0.0451580 0.0413010 0.0509087 
I0191_344_Indicatoridae_Indicator_exilis                  0.0474898 0.0538303 0.0574971 0.0567574 0.0625326 0.0573143 0.0000000 0.0528544 0.0556369 0.0655709 0.0337215 0.0519933 0.0631859 0.0586705 0.0568790 0.0627732 0.0540129 0.0422434 0.0615133 0.0471839 0.0622920 0.0510952 0.0639327 0.0488205 0.0491643 0.0467149 0.0571531 0.0500899 0.0227162 0.0672079 0.0682460 0.0503286 0.0611371 0.0629698 0.0628654 0.0627889 0.0560941 0.0680427 0.0620671 0.0689824 0.0622390 0.0779162 0.0639003 0.0607997 0.0656146 0.0662117 0.0550424 0.0600034 0.0540601 0.0628335 0.0621643 0.0479783 0.0566930 0.0600488 0.0632530 0.0555835 0.0522132 0.0494992 0.0620275 0.0595429 0.0511795 0.0488474 0.0777114 0.0607996 0.0626139 0.0597683 0.0478772 0.0518004 0.0658251 0.0525056 0.0230316 0.0729445 0.0634174 0.0618859 0.0523550 0.0513255 0.0599042 0.0317989 0.0448617 0.0473640 0.0504684 0.0563204 0.0563009 0.0579756 0.0612288 0.0462784 0.0450480 0.0647409 0.0767709 0.0597113 0.0558294 0.0522067 0.0470659 0.0523638 0.0659276 0.0325626 0.0462162 0.0665487 0.0494093 0.0489606 0.0489041 0.0544576 0.0540882 0.0643860 0.0558428 0.0525680 0.0489560 0.0549354 0.0579046 0.0737118 0.0521849 0.0736521 0.0498022 0.0459479 0.0657224 0.0619184 0.0500471 0.0637050 0.0663873 0.0719584 0.0557428 0.0469908 0.0510601 0.0477672 0.0639804 0.0552950 0.0548909 0.0716622 0.0477541 0.0719270 0.0510647 0.0543283 0.0451958 0.0581483 0.0405760 0.0656976 0.0523689 0.0658214 0.0512833 0.0577398 0.0525981 0.0457069 0.0496836 0.0462166 0.0549643 0.0502626 0.0722816 0.0635616 0.0524043 0.0478467 0.0644854 0.0770549 0.0583209 0.0613542 0.0452237 0.0488804 0.0507945 0.0502353 0.0515544 0.0511662 0.0592326 0.0603161 0.0555104 0.0681181 0.0525638 0.0569570 0.0647066 0.0621324 0.0519713 0.0497725 0.0543210 0.0483952 0.0637392 0.0619425 0.0724320 0.0475147 0.0487634 0.0460147 0.0491517 0.0754707 0.0518070 0.0664367 0.0645689 0.0631717 0.0611151 0.1213295 0.0615759 0.0666539 0.0690001 0.0562802 0.0530741 0.0611814 
I0192_375_Musophagidae_Tauraco_macrorhynchus              0.0271657 0.0386096 0.0404038 0.0384900 0.0457809 0.0392867 0.0528544 0.0000000 0.0368336 0.0568375 0.0534366 0.0169549 0.0493949 0.0413940 0.0425694 0.0484603 0.0337552 0.0216780 0.0437474 0.0263203 0.0449580 0.0295284 0.0484657 0.0275998 0.0276880 0.0258810 0.0380252 0.0284796 0.0558045 0.0532562 0.0552530 0.0302037 0.0440059 0.0455336 0.0449527 0.0451716 0.0370783 0.0533405 0.0479087 0.0514833 0.0454365 0.0581504 0.0464810 0.0434709 0.0517289 0.0547421 0.0390060 0.0402827 0.0341675 0.0483570 0.0445544 0.0272259 0.0391125 0.0424857 0.0484039 0.0374547 0.0317659 0.0280518 0.0449046 0.0432903 0.0307653 0.0282260 0.0599258 0.0436462 0.0440340 0.0402154 0.0266465 0.0326112 0.0452278 0.0335548 0.0567138 0.0539764 0.0485637 0.0450247 0.0313749 0.0310524 0.0433115 0.0495377 0.0318199 0.0269508 0.0291641 0.0382085 0.0405935 0.0453234 0.0516227 0.0262111 0.0243729 0.0481550 0.0589931 0.0422361 0.0368989 0.0321177 0.0263542 0.0359399 0.0462007 0.0512767 0.0248026 0.0480883 0.0281722 0.0284276 0.0265598 0.0349817 0.0398222 0.0446805 0.0359071 0.0326995 0.0271033 0.0332104 0.0397494 0.0567947 0.0313672 0.0558040 0.0307412 0.0245474 0.0497206 0.0428697 0.0290510 0.0482886 0.0542531 0.0540176 0.0383438 0.0262482 0.0310669 0.0267391 0.0468059 0.0365474 0.0355615 0.0539825 0.0272672 0.0566460 0.0302532 0.0336767 0.0245459 0.0386095 0.0644248 0.0466412 0.0317600 0.0488520 0.0308745 0.0396393 0.0322131 0.0249201 0.0271984 0.0250097 0.0364298 0.0291114 0.0539937 0.0467131 0.0312681 0.0257804 0.0464722 0.0576875 0.0419772 0.0434920 0.0237797 0.0285368 0.0277074 0.0286992 0.0302254 0.0304759 0.0387149 0.0384044 0.0370599 0.0502463 0.0322697 0.0387996 0.0505997 0.0458443 0.0302451 0.0273280 0.0366125 0.0271896 0.0491977 0.0472328 0.0524897 0.0262198 0.0286357 0.0246745 0.0291435 0.0554901 0.0299426 0.0548974 0.0505496 0.0486487 0.0465507 0.1057507 0.0468574 0.0536448 0.0546436 0.0377154 0.0359768 0.0464530 
I0193_447_Columbidae_Treron_calvus                        0.0313284 0.0416281 0.0427345 0.0426339 0.0486963 0.0428774 0.0556369 0.0368336 0.0000000 0.0596294 0.0565793 0.0362945 0.0521710 0.0455096 0.0462417 0.0514120 0.0368713 0.0214121 0.0470740 0.0307659 0.0490213 0.0337427 0.0508727 0.0333071 0.0323363 0.0310213 0.0143731 0.0329684 0.0586736 0.0561480 0.0579836 0.0352182 0.0475413 0.0483947 0.0480924 0.0484157 0.0134633 0.0564373 0.0509698 0.0571539 0.0480323 0.0638075 0.0498270 0.0470076 0.0557075 0.0585665 0.0439758 0.0453848 0.0393242 0.0506630 0.0481959 0.0316566 0.0427894 0.0460155 0.0517103 0.0141746 0.0371853 0.0330698 0.0481374 0.0473729 0.0368523 0.0340053 0.0652668 0.0471438 0.0494118 0.0456898 0.0319518 0.0374459 0.0511956 0.0382782 0.0602528 0.0587396 0.0515101 0.0476798 0.0366532 0.0367129 0.0465927 0.0540449 0.0280611 0.0316828 0.0331705 0.0424565 0.0446441 0.0492978 0.0549786 0.0306989 0.0299243 0.0509585 0.0646595 0.0462336 0.0415177 0.0365861 0.0308836 0.0403523 0.0518904 0.0551750 0.0301923 0.0535923 0.0330476 0.0338957 0.0316910 0.0395962 0.0437001 0.0497509 0.0401207 0.0374728 0.0316458 0.0383967 0.0437936 0.0618682 0.0366764 0.0619686 0.0353327 0.0301531 0.0521748 0.0468198 0.0343005 0.0520473 0.0559274 0.0585710 0.0417694 0.0312379 0.0358685 0.0308109 0.0509617 0.0409083 0.0406012 0.0595761 0.0318561 0.0599556 0.0349771 0.0373171 0.0290326 0.0435655 0.0677628 0.0532965 0.0367280 0.0512673 0.0350332 0.0436789 0.0362433 0.0289494 0.0324651 0.0291283 0.0419179 0.0327117 0.0574239 0.0504612 0.0353991 0.0308119 0.0512035 0.0629166 0.0462593 0.0470703 0.0286308 0.0333230 0.0331181 0.0334899 0.0352475 0.0357716 0.0443983 0.0445944 0.0421185 0.0558357 0.0364057 0.0432329 0.0525545 0.0497191 0.0350600 0.0327057 0.0118153 0.0322151 0.0525286 0.0497141 0.0578517 0.0322533 0.0334443 0.0299582 0.0339900 0.0606847 0.0347880 0.0569687 0.0539547 0.0523751 0.0488460 0.1092954 0.0489614 0.0561159 0.0579271 0.0417352 0.0391627 0.0497974 
I0194_495_Alcedinidae_Alcedo_quadribrachys                0.0529484 0.0484851 0.0603577 0.0600301 0.0637517 0.0603282 0.0655709 0.0568375 0.0596294 0.0000000 0.0681565 0.0577045 0.0654166 0.0625807 0.0533135 0.0640221 0.0587515 0.0471737 0.0621508 0.0521675 0.0624785 0.0546989 0.0645757 0.0531606 0.0535916 0.0526951 0.0610652 0.0548176 0.0679767 0.0684092 0.0702486 0.0559129 0.0615695 0.0628434 0.0667125 0.0674586 0.0601819 0.0698198 0.0625713 0.0739899 0.0628978 0.0811811 0.0639182 0.0613054 0.0677230 0.0705602 0.0532487 0.0643279 0.0601152 0.0638364 0.0615743 0.0519354 0.0624698 0.0599289 0.0637363 0.0608487 0.0591956 0.0540194 0.0628946 0.0626919 0.0572387 0.0550090 0.0822850 0.0615428 0.0680496 0.0657559 0.0527898 0.0570042 0.0718106 0.0582293 0.0688687 0.0793931 0.0629345 0.0620163 0.0582312 0.0575608 0.0606562 0.0655449 0.0519077 0.0519256 0.0547163 0.0617485 0.0441803 0.0637105 0.0686470 0.0516499 0.0506433 0.0690199 0.0808632 0.0641718 0.0614794 0.0574405 0.0527005 0.0536038 0.0712260 0.0673155 0.0516861 0.0723320 0.0538412 0.0530599 0.0543390 0.0603499 0.0525553 0.0681803 0.0609817 0.0578250 0.0533774 0.0592408 0.0642168 0.0789199 0.0563216 0.0787920 0.0536447 0.0517657 0.0652995 0.0664860 0.0555825 0.0645765 0.0678272 0.0786608 0.0616871 0.0526471 0.0566161 0.0530737 0.0644551 0.0598168 0.0612480 0.0790228 0.0527504 0.0739403 0.0559915 0.0572329 0.0512166 0.0620704 0.0746679 0.0716682 0.0579898 0.0656538 0.0565823 0.0619001 0.0584603 0.0518346 0.0546856 0.0516762 0.0610524 0.0543844 0.0757942 0.0705094 0.0584182 0.0529625 0.0703987 0.0828546 0.0601367 0.0619633 0.0509993 0.0544013 0.0555604 0.0545746 0.0571012 0.0567005 0.0652981 0.0658243 0.0625057 0.0726087 0.0570266 0.0629168 0.0637454 0.0632646 0.0567056 0.0543741 0.0586680 0.0535053 0.0641142 0.0624311 0.0761762 0.0531327 0.0540869 0.0517658 0.0537399 0.0812879 0.0569719 0.0673105 0.0663201 0.0658980 0.0634855 0.1307538 0.0624425 0.0687257 0.0698578 0.0605134 0.0571787 0.0627641 
I0195_522_Ramphastidae_Buccanodon_duchaillui              0.0488190 0.0549353 0.0582021 0.0571212 0.0646844 0.0582058 0.0337215 0.0534366 0.0565793 0.0681565 0.0000000 0.0526408 0.0653980 0.0595093 0.0586546 0.0652702 0.0556049 0.0440617 0.0627367 0.0486729 0.0634703 0.0515785 0.0655423 0.0493910 0.0507532 0.0483091 0.0585239 0.0506811 0.0370256 0.0695071 0.0711260 0.0516556 0.0624021 0.0640031 0.0635704 0.0648922 0.0568452 0.0707815 0.0656563 0.0693039 0.0629170 0.0777877 0.0652088 0.0618732 0.0683506 0.0664703 0.0557438 0.0610444 0.0547358 0.0662527 0.0627789 0.0494208 0.0574734 0.0612013 0.0653301 0.0568560 0.0526375 0.0504094 0.0629706 0.0616828 0.0524655 0.0505301 0.0771094 0.0622972 0.0621435 0.0605982 0.0495410 0.0529187 0.0670143 0.0535922 0.0367321 0.0737312 0.0657806 0.0634647 0.0532098 0.0525748 0.0616132 0.0201770 0.0454904 0.0480486 0.0513133 0.0563054 0.0570779 0.0590272 0.0628037 0.0480696 0.0472474 0.0662221 0.0762384 0.0614889 0.0563178 0.0533091 0.0484800 0.0541012 0.0662295 0.0204093 0.0475880 0.0663787 0.0505685 0.0498461 0.0496922 0.0563012 0.0558277 0.0630862 0.0571114 0.0527749 0.0501624 0.0547615 0.0581884 0.0749104 0.0536789 0.0736608 0.0514570 0.0473112 0.0687254 0.0619941 0.0518128 0.0660811 0.0692176 0.0734661 0.0563536 0.0486426 0.0520904 0.0489231 0.0661492 0.0559313 0.0556398 0.0712346 0.0495414 0.0730319 0.0524386 0.0557409 0.0464420 0.0595492 0.0314799 0.0655024 0.0536470 0.0684762 0.0519926 0.0608881 0.0544704 0.0464167 0.0499617 0.0470513 0.0566349 0.0513282 0.0722344 0.0652659 0.0541400 0.0485299 0.0656760 0.0774985 0.0613325 0.0624946 0.0466987 0.0502680 0.0509351 0.0511995 0.0522147 0.0519951 0.0602123 0.0608092 0.0572302 0.0685387 0.0536101 0.0585666 0.0676083 0.0633897 0.0532941 0.0503234 0.0555748 0.0498189 0.0664711 0.0653108 0.0719393 0.0483630 0.0500178 0.0474938 0.0501776 0.0752855 0.0527840 0.0694816 0.0671360 0.0658032 0.0641358 0.1212590 0.0644737 0.0705183 0.0704709 0.0588063 0.0549105 0.0631773 
I0196_523_Musophagidae_Corythaeola_cristata               0.0250640 0.0371895 0.0407482 0.0376432 0.0453590 0.0397332 0.0519933 0.0169549 0.0362945 0.0577045 0.0526408 0.0000000 0.0482940 0.0402549 0.0417425 0.0479957 0.0320426 0.0196325 0.0431030 0.0243602 0.0446103 0.0278313 0.0483748 0.0258917 0.0254633 0.0232484 0.0371031 0.0263823 0.0545612 0.0531059 0.0542901 0.0276220 0.0434350 0.0446098 0.0433437 0.0437002 0.0359569 0.0529135 0.0479473 0.0505448 0.0441982 0.0564940 0.0461337 0.0433132 0.0518785 0.0541700 0.0387041 0.0386301 0.0326851 0.0481972 0.0438455 0.0259593 0.0375837 0.0422905 0.0481463 0.0367132 0.0293500 0.0263017 0.0436589 0.0427262 0.0298144 0.0263116 0.0579119 0.0429644 0.0422326 0.0381244 0.0246947 0.0303549 0.0436078 0.0307107 0.0556503 0.0525171 0.0483882 0.0443884 0.0290157 0.0297725 0.0427535 0.0484872 0.0307738 0.0248868 0.0271948 0.0368227 0.0399591 0.0453253 0.0501022 0.0237228 0.0224165 0.0467107 0.0573852 0.0401821 0.0353602 0.0304532 0.0237455 0.0356027 0.0446035 0.0502695 0.0224878 0.0461082 0.0258667 0.0264359 0.0249481 0.0324455 0.0396670 0.0436661 0.0337563 0.0304526 0.0252687 0.0321076 0.0377338 0.0549142 0.0293111 0.0540550 0.0289169 0.0222978 0.0499752 0.0407968 0.0270649 0.0478036 0.0537384 0.0525707 0.0359290 0.0241326 0.0291480 0.0246091 0.0467577 0.0359899 0.0338490 0.0519472 0.0249712 0.0562083 0.0283611 0.0326238 0.0224128 0.0375175 0.0627717 0.0456524 0.0292575 0.0486005 0.0291238 0.0383433 0.0310277 0.0229136 0.0246188 0.0225668 0.0341495 0.0273835 0.0537229 0.0451301 0.0301834 0.0238997 0.0453127 0.0554133 0.0414201 0.0432375 0.0215341 0.0263724 0.0256518 0.0267980 0.0280871 0.0284639 0.0363374 0.0368256 0.0344862 0.0495820 0.0309961 0.0365661 0.0510467 0.0458081 0.0286202 0.0251582 0.0355587 0.0255408 0.0486129 0.0464903 0.0506414 0.0240347 0.0266769 0.0227564 0.0265063 0.0536457 0.0278067 0.0540487 0.0497069 0.0476478 0.0455844 0.1048989 0.0461319 0.0532726 0.0546875 0.0361318 0.0343923 0.0452779 
I0197_832_Corvidae_Corvus_albus                           0.0440427 0.0527661 0.0544181 0.0525377 0.0376857 0.0536932 0.0631859 0.0493949 0.0521710 0.0654166 0.0653980 0.0482940 0.0000000 0.0569951 0.0545223 0.0378828 0.0508459 0.0382407 0.0357322 0.0436996 0.0363975 0.0463301 0.0390479 0.0447661 0.0454893 0.0435509 0.0533927 0.0466356 0.0644264 0.0249551 0.0246583 0.0467313 0.0360646 0.0371855 0.0599904 0.0604396 0.0517148 0.0244030 0.0373037 0.0676286 0.0372016 0.0744769 0.0384695 0.0348941 0.0218428 0.0655915 0.0543051 0.0579048 0.0515115 0.0388471 0.0359707 0.0431216 0.0530738 0.0346835 0.0381841 0.0533336 0.0501404 0.0459532 0.0360235 0.0568073 0.0490721 0.0462778 0.0759013 0.0362765 0.0605885 0.0577634 0.0445178 0.0487410 0.0638585 0.0491146 0.0669144 0.0712636 0.0391850 0.0361635 0.0499033 0.0489743 0.0354666 0.0619219 0.0442791 0.0433839 0.0465174 0.0528978 0.0554386 0.0581043 0.0621254 0.0432828 0.0413903 0.0624894 0.0754267 0.0573550 0.0520196 0.0497742 0.0439950 0.0512796 0.0643354 0.0641633 0.0431767 0.0655442 0.0464395 0.0451243 0.0447246 0.0521676 0.0516014 0.0614422 0.0526652 0.0488115 0.0462561 0.0520972 0.0539333 0.0716589 0.0482726 0.0719076 0.0450371 0.0424501 0.0407138 0.0595938 0.0475242 0.0286993 0.0283145 0.0704148 0.0526093 0.0439096 0.0475447 0.0439891 0.0391073 0.0519032 0.0512825 0.0710035 0.0452268 0.0679239 0.0478486 0.0497614 0.0419087 0.0567381 0.0773566 0.0651238 0.0497394 0.0400185 0.0482816 0.0544018 0.0509030 0.0421937 0.0462080 0.0419397 0.0539468 0.0458028 0.0701589 0.0618362 0.0495197 0.0441931 0.0614632 0.0737032 0.0247375 0.0360990 0.0412634 0.0469214 0.0466603 0.0461783 0.0462347 0.0486895 0.0566488 0.0566312 0.0549822 0.0669444 0.0495327 0.0557655 0.0387414 0.0368717 0.0478255 0.0461630 0.0519127 0.0444287 0.0388623 0.0253350 0.0691208 0.0449301 0.0457990 0.0425232 0.0454636 0.0724872 0.0465308 0.0241701 0.0211148 0.0111638 0.0368095 0.1196280 0.0248692 0.0241307 0.0245757 0.0543691 0.0498399 0.0429491 
I0198_937_Bucerotidae_Tockus_camurus                      0.0359833 0.0442771 0.0487283 0.0471374 0.0533847 0.0475680 0.0586705 0.0413940 0.0455096 0.0625807 0.0595093 0.0402549 0.0569951 0.0000000 0.0498091 0.0555262 0.0427991 0.0292430 0.0518234 0.0345731 0.0532090 0.0390233 0.0553510 0.0361385 0.0363378 0.0343439 0.0465341 0.0381224 0.0611094 0.0606848 0.0628637 0.0382842 0.0516178 0.0538236 0.0537959 0.0538468 0.0463054 0.0608996 0.0556060 0.0611337 0.0534091 0.0672965 0.0542852 0.0519526 0.0597862 0.0564821 0.0463939 0.0499170 0.0426675 0.0554458 0.0529419 0.0369370 0.0455368 0.0505691 0.0560298 0.0465376 0.0416044 0.0376244 0.0527745 0.0530169 0.0400006 0.0380421 0.0686808 0.0518917 0.0531813 0.0498548 0.0358633 0.0413507 0.0545866 0.0421304 0.0629476 0.0624135 0.0556861 0.0522783 0.0418615 0.0402360 0.0515376 0.0558315 0.0382399 0.0354193 0.0392896 0.0447649 0.0474526 0.0530320 0.0582125 0.0354905 0.0324084 0.0562976 0.0671192 0.0494763 0.0437534 0.0425368 0.0351802 0.0428314 0.0558775 0.0578508 0.0348921 0.0576900 0.0373590 0.0365331 0.0361718 0.0441616 0.0471230 0.0541698 0.0443453 0.0407392 0.0363360 0.0435514 0.0469563 0.0645492 0.0399605 0.0647601 0.0395337 0.0340959 0.0582110 0.0518594 0.0376765 0.0563306 0.0624327 0.0624044 0.0439835 0.0344185 0.0389326 0.0352859 0.0545919 0.0451739 0.0426805 0.0614696 0.0359698 0.0601877 0.0403332 0.0435185 0.0338795 0.0473652 0.0700102 0.0581965 0.0410982 0.0562181 0.0396717 0.0482276 0.0419727 0.0339784 0.0375319 0.0342223 0.0451615 0.0386154 0.0632586 0.0551953 0.0421054 0.0352149 0.0543676 0.0661842 0.0500142 0.0520144 0.0327275 0.0381242 0.0378739 0.0379999 0.0390038 0.0398648 0.0478424 0.0487649 0.0458697 0.0600156 0.0413591 0.0476790 0.0583826 0.0539769 0.0400422 0.0374781 0.0450100 0.0356282 0.0564561 0.0543700 0.0615063 0.0351647 0.0377054 0.0342972 0.0362351 0.0637299 0.0390866 0.0620864 0.0585002 0.0564541 0.0530621 0.1131827 0.0538094 0.0623916 0.0626525 0.0458743 0.0192622 0.0530844 
I0199_955_Meropidae_Merops_muelleri                       0.0377581 0.0401720 0.0468296 0.0482176 0.0517173 0.0456634 0.0568790 0.0425694 0.0462417 0.0533135 0.0586546 0.0417425 0.0545223 0.0498091 0.0000000 0.0533635 0.0443113 0.0331075 0.0510349 0.0379935 0.0513466 0.0411238 0.0545815 0.0384388 0.0397350 0.0380133 0.0481287 0.0406646 0.0596478 0.0598622 0.0592502 0.0410420 0.0504158 0.0515482 0.0550563 0.0565468 0.0468366 0.0593521 0.0511672 0.0635837 0.0514641 0.0691716 0.0528113 0.0498303 0.0570749 0.0599677 0.0426729 0.0512018 0.0461086 0.0534489 0.0508155 0.0375213 0.0489126 0.0491987 0.0525584 0.0472876 0.0435955 0.0399896 0.0508225 0.0516196 0.0425756 0.0402384 0.0709073 0.0500200 0.0553128 0.0528201 0.0382018 0.0431703 0.0583518 0.0441618 0.0614743 0.0656940 0.0541373 0.0507788 0.0431837 0.0429955 0.0489980 0.0555083 0.0381429 0.0374304 0.0412991 0.0482561 0.0438246 0.0524172 0.0557356 0.0373516 0.0359249 0.0577296 0.0702180 0.0508586 0.0477372 0.0432776 0.0375845 0.0393715 0.0587351 0.0573402 0.0369212 0.0596607 0.0398077 0.0395043 0.0392594 0.0470685 0.0401832 0.0556398 0.0471477 0.0426127 0.0388012 0.0454493 0.0502607 0.0676207 0.0416775 0.0672761 0.0413904 0.0373289 0.0540263 0.0539269 0.0406032 0.0543397 0.0593616 0.0656120 0.0482961 0.0382064 0.0415482 0.0382897 0.0521828 0.0468997 0.0460930 0.0658640 0.0381102 0.0622613 0.0424727 0.0441039 0.0363127 0.0485575 0.0685611 0.0569732 0.0426902 0.0547276 0.0427701 0.0488482 0.0442239 0.0365873 0.0399288 0.0359923 0.0477839 0.0408383 0.0652459 0.0565313 0.0431842 0.0383290 0.0558572 0.0692039 0.0485528 0.0508400 0.0358128 0.0398602 0.0403994 0.0397574 0.0416519 0.0428507 0.0500937 0.0502232 0.0477333 0.0620676 0.0423643 0.0492193 0.0541839 0.0513950 0.0413274 0.0398984 0.0455314 0.0388557 0.0528607 0.0525314 0.0641743 0.0380180 0.0394919 0.0367568 0.0406416 0.0665430 0.0415913 0.0595805 0.0565011 0.0548095 0.0503848 0.1177356 0.0521338 0.0590546 0.0595318 0.0476991 0.0434556 0.0511148 
I0200_988_Furnariidae_Furnarius_rufus                     0.0430717 0.0516276 0.0529981 0.0514991 0.0329755 0.0525754 0.0627732 0.0484603 0.0514120 0.0640221 0.0652702 0.0479957 0.0378828 0.0555262 0.0533635 0.0000000 0.0495555 0.0374545 0.0282161 0.0427431 0.0290397 0.0454414 0.0268876 0.0438866 0.0447686 0.0429216 0.0522695 0.0449919 0.0644835 0.0409743 0.0424900 0.0464927 0.0277154 0.0296647 0.0579349 0.0589945 0.0509605 0.0406835 0.0138786 0.0674708 0.0288787 0.0736826 0.0301754 0.0266323 0.0397552 0.0650370 0.0527916 0.0552534 0.0512176 0.0255562 0.0281604 0.0419034 0.0528817 0.0261381 0.0134926 0.0519143 0.0480600 0.0453693 0.0287417 0.0541796 0.0478140 0.0450655 0.0739906 0.0277811 0.0598568 0.0564387 0.0431037 0.0479175 0.0626080 0.0474435 0.0670387 0.0702012 0.0262464 0.0276243 0.0488568 0.0475729 0.0276076 0.0613327 0.0431500 0.0428045 0.0461186 0.0522358 0.0545197 0.0583228 0.0622873 0.0424566 0.0402762 0.0603708 0.0728237 0.0568479 0.0516308 0.0483042 0.0426659 0.0496855 0.0633438 0.0639419 0.0424476 0.0641770 0.0446461 0.0447358 0.0434502 0.0505577 0.0502447 0.0594061 0.0518840 0.0482398 0.0441218 0.0504975 0.0536479 0.0707512 0.0474684 0.0701759 0.0438492 0.0412570 0.0266741 0.0582741 0.0458527 0.0378325 0.0409881 0.0700686 0.0518853 0.0429832 0.0466460 0.0428659 0.0341742 0.0502596 0.0497153 0.0704872 0.0430801 0.0670714 0.0469154 0.0472526 0.0409750 0.0553372 0.0765120 0.0619070 0.0480436 0.0357429 0.0465400 0.0537497 0.0484468 0.0416347 0.0444535 0.0413194 0.0522269 0.0454950 0.0670856 0.0606766 0.0479761 0.0429836 0.0618273 0.0736120 0.0320892 0.0275060 0.0397200 0.0452089 0.0450728 0.0458896 0.0464204 0.0483101 0.0543402 0.0552243 0.0529051 0.0663953 0.0483084 0.0538506 0.0252810 0.0290456 0.0474319 0.0446616 0.0497766 0.0436925 0.0355518 0.0338856 0.0678541 0.0432213 0.0443832 0.0417477 0.0441260 0.0716364 0.0467956 0.0414933 0.0389515 0.0364045 0.0319259 0.1206888 0.0343119 0.0425307 0.0414811 0.0529909 0.0488594 0.0412924 
I0201_999_Scolopacidae_Tringa_solitaria                   0.0279924 0.0390804 0.0422479 0.0405816 0.0487335 0.0421305 0.0540129 0.0337552 0.0368713 0.0587515 0.0556049 0.0320426 0.0508459 0.0427991 0.0443113 0.0495555 0.0000000 0.0225529 0.0457583 0.0261934 0.0465984 0.0238775 0.0504143 0.0283614 0.0250135 0.0264561 0.0389515 0.0253981 0.0572249 0.0547901 0.0570747 0.0302793 0.0459470 0.0469872 0.0458763 0.0467044 0.0380481 0.0549760 0.0496607 0.0545628 0.0470014 0.0613638 0.0488839 0.0452836 0.0538718 0.0568859 0.0408775 0.0423628 0.0344313 0.0506426 0.0465073 0.0278772 0.0386384 0.0447914 0.0501589 0.0383192 0.0333442 0.0288490 0.0463171 0.0460353 0.0318284 0.0290881 0.0624557 0.0465970 0.0450018 0.0427687 0.0274749 0.0334998 0.0473346 0.0345635 0.0585549 0.0558291 0.0513138 0.0459855 0.0328590 0.0318414 0.0442584 0.0521757 0.0335306 0.0275686 0.0232405 0.0381969 0.0418517 0.0475868 0.0529102 0.0267594 0.0260544 0.0492024 0.0608172 0.0273719 0.0371001 0.0336654 0.0270927 0.0373813 0.0482489 0.0537927 0.0258884 0.0495317 0.0250616 0.0291028 0.0272655 0.0358246 0.0402171 0.0454546 0.0362510 0.0340130 0.0236493 0.0344549 0.0393816 0.0584578 0.0319910 0.0577251 0.0318117 0.0255034 0.0522126 0.0437851 0.0299995 0.0502567 0.0564193 0.0559529 0.0375108 0.0266506 0.0316955 0.0270923 0.0500420 0.0389368 0.0357520 0.0559264 0.0288316 0.0562541 0.0244824 0.0358966 0.0249733 0.0395476 0.0663319 0.0491598 0.0332242 0.0516939 0.0249852 0.0251886 0.0339033 0.0251018 0.0275057 0.0249172 0.0370863 0.0228325 0.0509663 0.0471405 0.0332265 0.0261765 0.0473233 0.0586017 0.0440217 0.0454132 0.0245504 0.0291489 0.0283107 0.0293644 0.0308573 0.0313341 0.0398917 0.0405822 0.0377623 0.0530830 0.0110346 0.0397045 0.0531926 0.0480450 0.0114858 0.0282545 0.0371436 0.0283147 0.0510775 0.0477365 0.0555054 0.0275182 0.0293220 0.0255626 0.0307720 0.0573129 0.0307602 0.0561865 0.0528527 0.0504407 0.0482839 0.1060983 0.0472288 0.0553812 0.0565100 0.0231842 0.0365524 0.0472092 
I0202_1066_Cathartidae_Cathartes_burrovianus              0.0140125 0.0266562 0.0296295 0.0285337 0.0344309 0.0293600 0.0422434 0.0216780 0.0214121 0.0471737 0.0440617 0.0196325 0.0382407 0.0292430 0.0331075 0.0374545 0.0225529 0.0000000 0.0325429 0.0139709 0.0341516 0.0180900 0.0370094 0.0151012 0.0164014 0.0138105 0.0241127 0.0174260 0.0454416 0.0426631 0.0446909 0.0176081 0.0328828 0.0344570 0.0348046 0.0350273 0.0232252 0.0437953 0.0374038 0.0409292 0.0340083 0.0470565 0.0352888 0.0323457 0.0424253 0.0435434 0.0285022 0.0312976 0.0224187 0.0377982 0.0334503 0.0163336 0.0270588 0.0317171 0.0384774 0.0235176 0.0211690 0.0165689 0.0333503 0.0337653 0.0197279 0.0174384 0.0483751 0.0329020 0.0332232 0.0294006 0.0153846 0.0214201 0.0351630 0.0225833 0.0474821 0.0406282 0.0376734 0.0334327 0.0208934 0.0195166 0.0322874 0.0408580 0.0210938 0.0143044 0.0181844 0.0259457 0.0294259 0.0345135 0.0395834 0.0137379 0.0033440 0.0376532 0.0476811 0.0311372 0.0248709 0.0221191 0.0142944 0.0247368 0.0353346 0.0420183 0.0139479 0.0367529 0.0166821 0.0153731 0.0145193 0.0237802 0.0294181 0.0341747 0.0247341 0.0199441 0.0149893 0.0229530 0.0279715 0.0442547 0.0201126 0.0447836 0.0189877 0.0129730 0.0389710 0.0325900 0.0167434 0.0369889 0.0447968 0.0403401 0.0259311 0.0142934 0.0177761 0.0147484 0.0355968 0.0264782 0.0239463 0.0397882 0.0157676 0.0473014 0.0193418 0.0229942 0.0125016 0.0282586 0.0548971 0.0391843 0.0210350 0.0380604 0.0196787 0.0292614 0.0223796 0.0128408 0.0164299 0.0127937 0.0257986 0.0179012 0.0443657 0.0351108 0.0216635 0.0136739 0.0347802 0.0441284 0.0310590 0.0323249 0.0113515 0.0170590 0.0172284 0.0174057 0.0177596 0.0199080 0.0288427 0.0288926 0.0257339 0.0397207 0.0215756 0.0270074 0.0408033 0.0352826 0.0200052 0.0169195 0.0222603 0.0177327 0.0376868 0.0362263 0.0414110 0.0149612 0.0157170 0.0123143 0.0169452 0.0423710 0.0170413 0.0435516 0.0400953 0.0378275 0.0345302 0.0938227 0.0360324 0.0431339 0.0445946 0.0266836 0.0237037 0.0353676 
I0203_1087_Tyrannidae_Hymenops_perspicillatus             0.0386552 0.0482286 0.0493708 0.0480421 0.0295203 0.0479552 0.0615133 0.0437474 0.0470740 0.0621508 0.0627367 0.0431030 0.0357322 0.0518234 0.0510349 0.0282161 0.0457583 0.0325429 0.0000000 0.0380435 0.0087051 0.0414771 0.0298700 0.0400112 0.0408766 0.0377445 0.0482338 0.0417295 0.0632706 0.0391642 0.0411297 0.0419515 0.0149660 0.0166643 0.0540063 0.0551252 0.0469047 0.0394911 0.0274532 0.0636373 0.0145311 0.0702426 0.0149004 0.0146753 0.0376763 0.0608021 0.0491293 0.0523285 0.0463889 0.0288120 0.0153787 0.0388599 0.0481419 0.0139418 0.0275152 0.0488893 0.0442512 0.0409246 0.0062935 0.0522931 0.0435371 0.0405650 0.0708678 0.0143713 0.0547400 0.0523433 0.0392056 0.0445017 0.0590839 0.0447324 0.0655969 0.0657419 0.0293941 0.0147076 0.0442753 0.0430893 0.0134928 0.0582089 0.0401595 0.0389140 0.0413873 0.0476225 0.0504395 0.0536236 0.0592636 0.0378340 0.0361579 0.0564990 0.0703632 0.0537330 0.0469720 0.0445128 0.0382106 0.0459371 0.0595347 0.0609590 0.0385350 0.0603092 0.0412850 0.0409008 0.0390361 0.0460243 0.0479607 0.0554643 0.0475218 0.0437198 0.0402388 0.0463500 0.0488784 0.0683246 0.0435189 0.0664682 0.0415510 0.0371006 0.0297653 0.0549864 0.0419642 0.0356876 0.0400749 0.0655962 0.0473605 0.0385813 0.0421777 0.0387350 0.0315412 0.0459822 0.0448370 0.0654090 0.0387619 0.0625392 0.0427658 0.0448203 0.0367205 0.0505620 0.0733891 0.0579619 0.0431565 0.0329864 0.0428673 0.0507590 0.0449185 0.0369400 0.0407701 0.0367467 0.0490951 0.0403827 0.0651513 0.0574356 0.0436091 0.0379290 0.0575333 0.0686923 0.0302846 0.0148974 0.0355814 0.0410368 0.0409457 0.0414594 0.0412902 0.0434665 0.0510184 0.0518068 0.0491580 0.0623720 0.0439254 0.0510322 0.0305523 0.0087413 0.0429728 0.0405020 0.0467841 0.0391937 0.0317504 0.0332114 0.0650504 0.0386876 0.0404682 0.0375993 0.0410717 0.0671067 0.0414041 0.0414692 0.0360333 0.0348338 0.0290617 0.1155888 0.0326355 0.0404347 0.0398588 0.0491410 0.0452793 0.0375772 
I0204_1174_Threskiornithidae_Harpiprion_caerulescens      0.0188896 0.0325001 0.0348582 0.0323530 0.0403364 0.0343395 0.0471839 0.0263203 0.0307659 0.0521675 0.0486729 0.0243602 0.0436996 0.0345731 0.0379935 0.0427431 0.0261934 0.0139709 0.0380435 0.0000000 0.0393010 0.0220851 0.0428627 0.0208847 0.0207302 0.0171637 0.0325218 0.0216033 0.0502217 0.0480668 0.0494011 0.0222354 0.0380311 0.0393877 0.0394280 0.0401237 0.0313356 0.0490454 0.0430500 0.0462389 0.0396438 0.0535236 0.0409737 0.0371754 0.0471532 0.0492977 0.0339072 0.0357737 0.0270032 0.0431316 0.0393526 0.0192515 0.0312702 0.0368196 0.0432391 0.0315858 0.0248271 0.0197246 0.0391158 0.0373500 0.0245346 0.0211947 0.0550526 0.0387362 0.0389199 0.0347759 0.0182007 0.0252996 0.0406682 0.0262078 0.0514379 0.0477426 0.0439755 0.0388969 0.0250014 0.0244735 0.0378154 0.0452502 0.0265415 0.0193188 0.0216525 0.0307390 0.0349069 0.0403454 0.0456529 0.0167707 0.0165193 0.0422034 0.0533150 0.0348523 0.0295749 0.0263113 0.0177712 0.0296996 0.0413918 0.0466565 0.0179367 0.0427558 0.0212618 0.0203585 0.0184946 0.0285272 0.0342444 0.0390529 0.0289674 0.0250180 0.0199805 0.0271551 0.0321537 0.0507584 0.0228195 0.0503942 0.0229883 0.0161289 0.0448706 0.0371451 0.0203940 0.0429177 0.0497940 0.0476883 0.0305062 0.0168936 0.0224637 0.0179380 0.0420225 0.0309887 0.0290011 0.0465667 0.0188178 0.0496937 0.0231177 0.0280789 0.0160486 0.0328508 0.0591266 0.0428561 0.0241992 0.0443232 0.0234365 0.0324382 0.0264989 0.0163224 0.0201302 0.0162510 0.0295050 0.0215196 0.0487992 0.0399846 0.0262143 0.0176617 0.0398646 0.0512705 0.0363992 0.0373745 0.0149965 0.0200687 0.0210650 0.0204458 0.0221848 0.0231588 0.0329281 0.0322901 0.0298728 0.0449062 0.0251729 0.0322229 0.0467204 0.0408092 0.0235760 0.0203148 0.0306368 0.0214194 0.0445390 0.0417149 0.0469742 0.0189291 0.0209610 0.0164747 0.0218621 0.0494993 0.0221061 0.0496993 0.0458535 0.0430478 0.0405741 0.1009132 0.0408650 0.0484908 0.0501295 0.0303978 0.0277349 0.0403321 
