35
Burramyidae_Burramys_parvus                  0.0000000 0.1256866 0.0719051 0.0806660 0.0790619 0.1189001 0.0583480 0.0632303 0.0758378 0.1259405 0.0644012 0.1182293 0.1198783 0.0688879 0.0768653 0.1222577 0.1156937 0.1119757 0.1280652 0.0774211 0.0703755 0.1419645 0.1348539 0.1266861 0.0739158 0.0894265 0.0682732 0.0769541 0.0752031 0.0853232 0.0732045 0.0687595 0.1307380 0.1153436 0.1258445 
Notoryctidae_Notoryctes_typhlops             0.1256866 0.0000000 0.1308361 0.1455171 0.1456597 0.1655398 0.1291835 0.1310732 0.1426382 0.1692262 0.1332173 0.1673597 0.1723411 0.1349471 0.1361330 0.1708482 0.1620995 0.1602605 0.1757925 0.1433874 0.1417796 0.1963382 0.1805798 0.1735885 0.1370479 0.1400634 0.1388388 0.1444786 0.1489186 0.1568654 0.1349967 0.1369091 0.1748504 0.1623260 0.1725119 
Vombatidae_Lasiorhinus_latifrons             0.0719051 0.1308361 0.0000000 0.0879072 0.0855447 0.1169200 0.0744234 0.0742508 0.0851281 0.1234282 0.0736787 0.1130853 0.1152659 0.0777865 0.0818293 0.1196294 0.1138707 0.1092096 0.1311997 0.0875853 0.0789455 0.1351558 0.1346755 0.1243866 0.0867987 0.0946116 0.0775575 0.0872369 0.0839549 0.1004350 0.0833993 0.0780125 0.1305389 0.1114808 0.1250840 
Potoroidae_Bettongia_penicillata             0.0806660 0.1455171 0.0879072 0.0000000 0.0079587 0.1388560 0.0827405 0.0861442 0.0150162 0.1413899 0.0867569 0.1361766 0.1395616 0.0934293 0.0921818 0.1445871 0.1357368 0.1294090 0.1440340 0.0304034 0.0893238 0.1491358 0.1440639 0.1440607 0.0519737 0.1176113 0.0842214 0.0303521 0.0921708 0.1021157 0.0906953 0.0932625 0.1458063 0.1357209 0.1416256 
Potoroidae_Bettongia_lesueur                 0.0790619 0.1456597 0.0855447 0.0079587 0.0000000 0.1364546 0.0806946 0.0833686 0.0130195 0.1394503 0.0836500 0.1337897 0.1372251 0.0902473 0.0923136 0.1422629 0.1334578 0.1269297 0.1434132 0.0304467 0.0883984 0.1457112 0.1376936 0.1417181 0.0507559 0.1168706 0.0836434 0.0290528 0.0925397 0.1015047 0.0912627 0.0904418 0.1450867 0.1332922 0.1396115 
Dasyuridae_Dasyurus_maculatus                0.1189001 0.1655398 0.1169200 0.1388560 0.1364546 0.0000000 0.1150668 0.1195811 0.1313882 0.1610705 0.1128317 0.0270546 0.0472511 0.1239699 0.1330210 0.0302554 0.0136052 0.0381228 0.1650433 0.1300980 0.1268251 0.1556216 0.1541595 0.0316838 0.1307978 0.1144486 0.1239845 0.1310576 0.1343128 0.1453797 0.1332703 0.1245575 0.1653207 0.0089989 0.1647731 
Phalangeridae_Trichosurus_vulpecula          0.0583480 0.1291835 0.0744234 0.0827405 0.0806946 0.1150668 0.0000000 0.0219064 0.0797141 0.1237922 0.0216709 0.1128697 0.1178096 0.0271677 0.0768908 0.1193619 0.1113975 0.1085773 0.1291627 0.0776619 0.0731798 0.1275932 0.1285377 0.1235573 0.0792975 0.0929188 0.0716815 0.0793142 0.0797183 0.0919281 0.0740334 0.0271672 0.1298725 0.1099489 0.1244039 
Phalangeridae_Spilocuscus_maculatus          0.0632303 0.1310732 0.0742508 0.0861442 0.0833686 0.1195811 0.0219064 0.0000000 0.0830385 0.1302686 0.0120753 0.1166771 0.1207846 0.0135822 0.0793907 0.1232647 0.1150733 0.1136591 0.1358460 0.0821684 0.0771303 0.1317716 0.1316918 0.1273657 0.0810367 0.0943055 0.0721176 0.0825428 0.0839908 0.0934860 0.0732438 0.0147123 0.1348933 0.1144294 0.1309714 
Potoroidae_Aepyprymnus_rufescens             0.0758378 0.1426382 0.0851281 0.0150162 0.0130195 0.1313882 0.0797141 0.0830385 0.0000000 0.1392892 0.0829233 0.1305931 0.1323995 0.0899121 0.0882265 0.1385601 0.1315273 0.1234436 0.1440528 0.0280415 0.0868857 0.1452887 0.1386550 0.1380310 0.0513526 0.1141848 0.0828620 0.0265545 0.0912382 0.1009274 0.0871036 0.0901070 0.1453793 0.1297620 0.1399094 
Peramelidae_Perameles_nasuta                 0.1259405 0.1692262 0.1234282 0.1413899 0.1394503 0.1610705 0.1237922 0.1302686 0.1392892 0.0000000 0.1284587 0.1599686 0.1612540 0.1363592 0.1343148 0.1628419 0.1609070 0.1564072 0.0267065 0.1409854 0.1418520 0.1824268 0.1746955 0.1640110 0.1384193 0.1375735 0.1340766 0.1360231 0.1470373 0.1503288 0.1364608 0.1358605 0.0254760 0.1628510 0.0005700 
Phalangeridae_Strigocuscus_pelengensis       0.0644012 0.1332173 0.0736787 0.0867569 0.0836500 0.1128317 0.0216709 0.0120753 0.0829233 0.1284587 0.0000000 0.1085147 0.1136799 0.0129820 0.0745309 0.1158417 0.1112405 0.1130344 0.1341438 0.0806917 0.0759701 0.1316318 0.1324135 0.1216674 0.0794222 0.0995962 0.0706558 0.0820640 0.0810935 0.0907237 0.0720384 0.0133131 0.1308918 0.1126304 0.1289672 
Dasyuridae_Phascogale_tapoatafa              0.1182293 0.1673597 0.1130853 0.1361766 0.1337897 0.0270546 0.1128697 0.1166771 0.1305931 0.1599686 0.1085147 0.0000000 0.0402252 0.1195357 0.1305506 0.0077316 0.0269573 0.0371673 0.1605190 0.1287920 0.1211391 0.1508614 0.1520079 0.0178351 0.1255195 0.1193688 0.1198914 0.1298441 0.1325763 0.1378075 0.1318051 0.1213800 0.1639209 0.0225682 0.1648338 
Dasyuridae_Sminthopsis_macroura              0.1198783 0.1723411 0.1152659 0.1395616 0.1372251 0.0472511 0.1178096 0.1207846 0.1323995 0.1612540 0.1136799 0.0402252 0.0000000 0.1239447 0.1319219 0.0429187 0.0465154 0.0318374 0.1634332 0.1317008 0.1279340 0.1583086 0.1590603 0.0476716 0.1276754 0.1178966 0.1241194 0.1328398 0.1362450 0.1464979 0.1344182 0.1247328 0.1642494 0.0417938 0.1661877 
Phalangeridae_Phalanger_orientalis           0.0688879 0.1349471 0.0777865 0.0934293 0.0902473 0.1239699 0.0271677 0.0135822 0.0899121 0.1363592 0.0129820 0.1195357 0.1239447 0.0000000 0.0852351 0.1242894 0.1197862 0.1171959 0.1418476 0.0888945 0.0821041 0.1372443 0.1383468 0.1318248 0.0851621 0.0989601 0.0788087 0.0893935 0.0884534 0.0988377 0.0805397 0.0049159 0.1420672 0.1184162 0.1369899 
Acrobatidae_Acrobates_pygmaeus               0.0768653 0.1361330 0.0818293 0.0921818 0.0923136 0.1330210 0.0768908 0.0793907 0.0882265 0.1343148 0.0745309 0.1305506 0.1319219 0.0852351 0.0000000 0.1385699 0.1270957 0.1262356 0.1401849 0.0909329 0.0762702 0.1449918 0.1409205 0.1407820 0.0885439 0.1056121 0.0750083 0.0899260 0.0839054 0.0937785 0.0483672 0.0836550 0.1383920 0.1272705 0.1367591 
Dasyuridae_Phascogale_calura                 0.1222577 0.1708482 0.1196294 0.1445871 0.1422629 0.0302554 0.1193619 0.1232647 0.1385601 0.1628419 0.1158417 0.0077316 0.0429187 0.1242894 0.1385699 0.0000000 0.0307663 0.0385876 0.1658107 0.1367113 0.1306140 0.1595379 0.1619458 0.0190799 0.1338121 0.1188885 0.1272880 0.1388885 0.1398890 0.1474031 0.1381804 0.1257066 0.1688689 0.0262888 0.1670294 
Dasyuridae_Sarcophilus_harrisii              0.1156937 0.1620995 0.1138707 0.1357368 0.1334578 0.0136052 0.1113975 0.1150733 0.1315273 0.1609070 0.1112405 0.0269573 0.0465154 0.1197862 0.1270957 0.0307663 0.0000000 0.0383735 0.1621016 0.1296312 0.1235915 0.1540580 0.1526880 0.0337023 0.1301428 0.1146271 0.1196866 0.1301880 0.1325426 0.1404833 0.1295510 0.1199510 0.1645266 0.0107250 0.1629720 
Dasyuridae_Planigale_tenuirostris            0.1119757 0.1602605 0.1092096 0.1294090 0.1269297 0.0381228 0.1085773 0.1136591 0.1234436 0.1564072 0.1130344 0.0371673 0.0318374 0.1171959 0.1262356 0.0385876 0.0383735 0.0000000 0.1538912 0.1206338 0.1182874 0.1553832 0.1539419 0.0416511 0.1229665 0.1190700 0.1146941 0.1220146 0.1290844 0.1380291 0.1265181 0.1187985 0.1522434 0.0377619 0.1571802 
Peramelidae_Echymipera_kalubu                0.1280652 0.1757925 0.1311997 0.1440340 0.1434132 0.1650433 0.1291627 0.1358460 0.1440528 0.0267065 0.1341438 0.1605190 0.1634332 0.1418476 0.1401849 0.1658107 0.1621016 0.1538912 0.0000000 0.1453029 0.1445323 0.1759743 0.1756835 0.1678757 0.1452143 0.1409222 0.1335511 0.1438311 0.1457962 0.1527452 0.1383999 0.1409293 0.0248665 0.1623803 0.0262658 
Macropodidae_Dorcopsulus_vanheurni           0.0774211 0.1433874 0.0875853 0.0304034 0.0304467 0.1300980 0.0776619 0.0821684 0.0280415 0.1409854 0.0806917 0.1287920 0.1317008 0.0888945 0.0909329 0.1367113 0.1296312 0.1206338 0.1453029 0.0000000 0.0893609 0.1524733 0.1469965 0.1385054 0.0473435 0.1118577 0.0852961 0.0110300 0.0923396 0.1018283 0.0909843 0.0891074 0.1464847 0.1281414 0.1407081 
Pseudochiridae_Pseudochirulus_forbesi        0.0703755 0.1417796 0.0789455 0.0893238 0.0883984 0.1268251 0.0731798 0.0771303 0.0868857 0.1418520 0.0759701 0.1211391 0.1279340 0.0821041 0.0762702 0.1306140 0.1235915 0.1182874 0.1445323 0.0893609 0.0000000 0.1394212 0.1375461 0.1347690 0.0855362 0.1127288 0.0347357 0.0890456 0.0299592 0.0743860 0.0735821 0.0809214 0.1457419 0.1221652 0.1423974 
Didelphidae_Didelphis_virginiana             0.1419645 0.1963382 0.1351558 0.1491358 0.1457112 0.1556216 0.1275932 0.1317716 0.1452887 0.1824268 0.1316318 0.1508614 0.1583086 0.1372443 0.1449918 0.1595379 0.1540580 0.1553832 0.1759743 0.1524733 0.1394212 0.0000000 0.0547524 0.1608917 0.1535029 0.1468831 0.1376377 0.1501608 0.1556442 0.1568385 0.1469953 0.1366016 0.1816410 0.1534829 0.1833936 
Marmosidae_Monodelphis_domestica             0.1348539 0.1805798 0.1346755 0.1440639 0.1376936 0.1541595 0.1285377 0.1316918 0.1386550 0.1746955 0.1324135 0.1520079 0.1590603 0.1383468 0.1409205 0.1619458 0.1526880 0.1539419 0.1756835 0.1469965 0.1375461 0.0547524 0.0000000 0.1623072 0.1412001 0.1425724 0.1353395 0.1478979 0.1486411 0.1568739 0.1401294 0.1382925 0.1734377 0.1548447 0.1750631 
Dasyuridae_Antechinus_stuartii               0.1266861 0.1735885 0.1243866 0.1440607 0.1417181 0.0316838 0.1235573 0.1273657 0.1380310 0.1640110 0.1216674 0.0178351 0.0476716 0.1318248 0.1407820 0.0190799 0.0337023 0.0416511 0.1678757 0.1385054 0.1347690 0.1608917 0.1623072 0.0000000 0.1381251 0.1214956 0.1304493 0.1414081 0.1424953 0.1532610 0.1435548 0.1332299 0.1708807 0.0279974 0.1691258 
Hypsiprymnodontidae_Hypsiprymnodon_moschatus 0.0739158 0.1370479 0.0867987 0.0519737 0.0507559 0.1307978 0.0792975 0.0810367 0.0513526 0.1384193 0.0794222 0.1255195 0.1276754 0.0851621 0.0885439 0.1338121 0.1301428 0.1229665 0.1452143 0.0473435 0.0855362 0.1535029 0.1412001 0.1381251 0.0000000 0.1174411 0.0808398 0.0473325 0.0930971 0.0996461 0.0912599 0.0861080 0.1410568 0.1310005 0.1380674 
Microbiotheriidae_Dromiciops_gliroides       0.0894265 0.1400634 0.0946116 0.1176113 0.1168706 0.1144486 0.0929188 0.0943055 0.1141848 0.1375735 0.0995962 0.1193688 0.1178966 0.0989601 0.1056121 0.1188885 0.1146271 0.1190700 0.1409222 0.1118577 0.1127288 0.1468831 0.1425724 0.1214956 0.1174411 0.0000000 0.1030346 0.1110594 0.1205365 0.1208826 0.1112591 0.0981639 0.1395097 0.1148495 0.1372309 
Pseudochiridae_Petauroides_volans            0.0682732 0.1388388 0.0775575 0.0842214 0.0836434 0.1239845 0.0716815 0.0721176 0.0828620 0.1340766 0.0706558 0.1198914 0.1241194 0.0788087 0.0750083 0.1272880 0.1196866 0.1146941 0.1335511 0.0852961 0.0347357 0.1376377 0.1353395 0.1304493 0.0808398 0.1030346 0.0000000 0.0855377 0.0411114 0.0730534 0.0698990 0.0783132 0.1353035 0.1200769 0.1359819 
Macropodidae_Wallabia_bicolor                0.0769541 0.1444786 0.0872369 0.0303521 0.0290528 0.1310576 0.0793142 0.0825428 0.0265545 0.1360231 0.0820640 0.1298441 0.1328398 0.0893935 0.0899260 0.1388885 0.1301880 0.1220146 0.1438311 0.0110300 0.0890456 0.1501608 0.1478979 0.1414081 0.0473325 0.1110594 0.0855377 0.0000000 0.0941679 0.1004098 0.0914591 0.0895979 0.1443383 0.1281361 0.1358059 
Pseudochiridae_Pseudocheirus_occidentalis    0.0752031 0.1489186 0.0839549 0.0921708 0.0925397 0.1343128 0.0797183 0.0839908 0.0912382 0.1470373 0.0810935 0.1325763 0.1362450 0.0884534 0.0839054 0.1398890 0.1325426 0.1290844 0.1457962 0.0923396 0.0299592 0.1556442 0.1486411 0.1424953 0.0930971 0.1205365 0.0411114 0.0941679 0.0000000 0.0885318 0.0801551 0.0864572 0.1476084 0.1324624 0.1466978 
Tarsipedidae_Tarsipes_rostratus              0.0853232 0.1568654 0.1004350 0.1021157 0.1015047 0.1453797 0.0919281 0.0934860 0.1009274 0.1503288 0.0907237 0.1378075 0.1464979 0.0988377 0.0937785 0.1474031 0.1404833 0.1380291 0.1527452 0.1018283 0.0743860 0.1568385 0.1568739 0.1532610 0.0996461 0.1208826 0.0730534 0.1004098 0.0885318 0.0000000 0.0884264 0.0973324 0.1561003 0.1411861 0.1528803 
Acrobatidae_Distoechurus_pennatus            0.0732045 0.1349967 0.0833993 0.0906953 0.0912627 0.1332703 0.0740334 0.0732438 0.0871036 0.1364608 0.0720384 0.1318051 0.1344182 0.0805397 0.0483672 0.1381804 0.1295510 0.1265181 0.1383999 0.0909843 0.0735821 0.1469953 0.1401294 0.1435548 0.0912599 0.1112591 0.0698990 0.0914591 0.0801551 0.0884264 0.0000000 0.0786003 0.1396264 0.1287885 0.1362104 
Phalangeridae_Phalanger_carmelitae           0.0687595 0.1369091 0.0780125 0.0932625 0.0904418 0.1245575 0.0271672 0.0147123 0.0901070 0.1358605 0.0133131 0.1213800 0.1247328 0.0049159 0.0836550 0.1257066 0.1199510 0.1187985 0.1409293 0.0891074 0.0809214 0.1366016 0.1382925 0.1332299 0.0861080 0.0981639 0.0783132 0.0895979 0.0864572 0.0973324 0.0786003 0.0000000 0.1403718 0.1194162 0.1364952 
Peramelidae_Peroryctes_raffrayana            0.1307380 0.1748504 0.1305389 0.1458063 0.1450867 0.1653207 0.1298725 0.1348933 0.1453793 0.0254760 0.1308918 0.1639209 0.1642494 0.1420672 0.1383920 0.1688689 0.1645266 0.1522434 0.0248665 0.1464847 0.1457419 0.1816410 0.1734377 0.1708807 0.1410568 0.1395097 0.1353035 0.1443383 0.1476084 0.1561003 0.1396264 0.1403718 0.0000000 0.1622288 0.0271957 
Dasyuridae_Dasyurus_geffroii                 0.1153436 0.1623260 0.1114808 0.1357209 0.1332922 0.0089989 0.1099489 0.1144294 0.1297620 0.1628510 0.1126304 0.0225682 0.0417938 0.1184162 0.1272705 0.0262888 0.0107250 0.0377619 0.1623803 0.1281414 0.1221652 0.1534829 0.1548447 0.0279974 0.1310005 0.1148495 0.1200769 0.1281361 0.1324624 0.1411861 0.1287885 0.1194162 0.1622288 0.0000000 0.1630156 
Peramelidae_Perameles_gunnii                 0.1258445 0.1725119 0.1250840 0.1416256 0.1396115 0.1647731 0.1244039 0.1309714 0.1399094 0.0005700 0.1289672 0.1648338 0.1661877 0.1369899 0.1367591 0.1670294 0.1629720 0.1571802 0.0262658 0.1407081 0.1423974 0.1833936 0.1750631 0.1691258 0.1380674 0.1372309 0.1359819 0.1358059 0.1466978 0.1528803 0.1362104 0.1364952 0.0271957 0.1630156 0.0000000 
