37
Burramyidae_Burramys_parvus                  0.0000000 0.0680757 0.0561046 0.0564693 0.0567166 0.0826194 0.0501415 0.0486770 0.0616156 0.0584256 0.0505819 0.0819707 0.0860330 0.0488828 0.0476071 0.0798403 0.0829743 0.0828147 0.0848902 0.0596156 0.0598501 0.0957823 0.0988003 0.0845090 0.0556476 0.0753884 0.0574759 0.0559833 0.0407840 0.0649848 0.0560872 0.0491054 0.0563877 0.0843569 0.0877568 0.1533103 0.1533103 
Notoryctidae_Notoryctes_typhlops             0.0680757 0.0000000 0.0636170 0.0660293 0.0638427 0.0959095 0.0726570 0.0715670 0.0732750 0.0568276 0.0734656 0.0920023 0.0974612 0.0686344 0.0688118 0.0892246 0.0956430 0.0906756 0.0792803 0.0729530 0.0732936 0.0946497 0.1070157 0.0922393 0.0717128 0.0876240 0.0666334 0.0738251 0.0494793 0.0832545 0.0671756 0.0689259 0.0530491 0.0955458 0.0857981 0.2901030 0.2901030 
Vombatidae_Lasiorhinus_latifrons             0.0561046 0.0636170 0.0000000 0.0586031 0.0581367 0.0975036 0.0576641 0.0585538 0.0640488 0.0553348 0.0588813 0.0931611 0.0957790 0.0576824 0.0539396 0.0910789 0.0990686 0.0876248 0.0789056 0.0603636 0.0652316 0.0920964 0.1093137 0.0930006 0.0617792 0.0791945 0.0596928 0.0603137 0.0404829 0.0666009 0.0574360 0.0584595 0.0533100 0.0987889 0.0832361 0.3603259 0.3603259 
Potoroidae_Bettongia_penicillata             0.0564693 0.0660293 0.0586031 0.0000000 0.0056931 0.0968694 0.0579201 0.0529241 0.0161459 0.0523560 0.0546380 0.0930810 0.0969746 0.0535086 0.0513697 0.0891315 0.0989489 0.0900082 0.0789615 0.0181763 0.0556250 0.0920926 0.1155506 0.0918733 0.0360710 0.0899543 0.0544774 0.0188603 0.0381818 0.0659684 0.0520758 0.0526809 0.0497898 0.0994876 0.0806160 0.5028346 0.5028346 
Potoroidae_Bettongia_lesueur                 0.0567166 0.0638427 0.0581367 0.0056931 0.0000000 0.0959897 0.0574478 0.0551562 0.0166504 0.0534308 0.0552873 0.0928148 0.0969442 0.0546709 0.0525189 0.0888542 0.0980689 0.0881612 0.0774939 0.0187339 0.0557067 0.0930985 0.1153680 0.0908257 0.0361729 0.0881676 0.0546787 0.0183965 0.0395995 0.0678066 0.0532980 0.0539118 0.0486511 0.0985988 0.0807581 0.4814924 0.4814924 
Dasyuridae_Dasyurus_maculatus                0.0826194 0.0959095 0.0975036 0.0968694 0.0959897 0.0000000 0.0963606 0.0961909 0.1032772 0.0662345 0.0971834 0.0240708 0.0359677 0.0943451 0.0913222 0.0235061 0.0110945 0.0271927 0.1076155 0.0973001 0.1045294 0.1227877 0.1305219 0.0266058 0.1001308 0.0905718 0.0866590 0.1029752 0.0590947 0.0975391 0.0852690 0.0956214 0.0609774 0.0053311 0.1147914 0.3980699 0.3980699 
Phalangeridae_Trichosurus_vulpecula          0.0501415 0.0726570 0.0576641 0.0579201 0.0574478 0.0963606 0.0000000 0.0239955 0.0591276 0.0615557 0.0260963 0.0956604 0.1031197 0.0252557 0.0512656 0.0941749 0.0974575 0.0973050 0.0873379 0.0582098 0.0571825 0.1003417 0.1191882 0.0963342 0.0616618 0.0875647 0.0578488 0.0569637 0.0400840 0.0672079 0.0549086 0.0251736 0.0574035 0.0965323 0.0942451 0.3991999 0.3991999 
Phalangeridae_Spilocuscus_maculatus          0.0486770 0.0715670 0.0585538 0.0529241 0.0551562 0.0961909 0.0239955 0.0000000 0.0553806 0.0588407 0.0111626 0.0918305 0.0996507 0.0084807 0.0455523 0.0903636 0.0968859 0.0924540 0.0855282 0.0558619 0.0553268 0.0993630 0.1183637 0.0917268 0.0571553 0.0881279 0.0561319 0.0535847 0.0372576 0.0642671 0.0494154 0.0084506 0.0558341 0.0969348 0.0894075 0.3734650 0.3734650 
Potoroidae_Aepyprymnus_rufescens             0.0616156 0.0732750 0.0640488 0.0161459 0.0166504 0.1032772 0.0591276 0.0553806 0.0000000 0.0556628 0.0570374 0.0982460 0.1013729 0.0559760 0.0529345 0.0954704 0.1048378 0.0968316 0.0811626 0.0236194 0.0610599 0.0971719 0.1177061 0.0964362 0.0414657 0.0928323 0.0604018 0.0233241 0.0422711 0.0713221 0.0578807 0.0551031 0.0521945 0.1041482 0.0840449 0.4229002 0.4229002 
Peramelidae_Perameles_nasuta                 0.0584256 0.0568276 0.0553348 0.0523560 0.0534308 0.0662345 0.0615557 0.0588407 0.0556628 0.0000000 0.0614191 0.0642946 0.0691235 0.0596054 0.0568919 0.0627622 0.0661656 0.0590767 0.0117927 0.0585806 0.0664330 0.0719750 0.0706469 0.0671636 0.0614465 0.0614447 0.0586572 0.0585731 0.0682796 0.0659909 0.0592730 0.0598115 0.0111284 0.0662157 0.0007489 9.0000000 9.0000000 
Phalangeridae_Strigocuscus_pelengensis       0.0505819 0.0734656 0.0588813 0.0546380 0.0552873 0.0971834 0.0260963 0.0111626 0.0570374 0.0614191 0.0000000 0.0940226 0.1028474 0.0115038 0.0493224 0.0917991 0.0983276 0.0953251 0.0888806 0.0608991 0.0565843 0.1024447 0.1188302 0.0944299 0.0589465 0.0898450 0.0589819 0.0579722 0.0401188 0.0653070 0.0517849 0.0110136 0.0576384 0.0973035 0.0940615 0.3608750 0.3608750 
Dasyuridae_Phascogale_tapoatafa              0.0819707 0.0920023 0.0931611 0.0930810 0.0928148 0.0240708 0.0956604 0.0918305 0.0982460 0.0642946 0.0940226 0.0000000 0.0320682 0.0892787 0.0861674 0.0053250 0.0266467 0.0295050 0.1026233 0.0948098 0.1006546 0.1202787 0.1290243 0.0148078 0.0957774 0.0832255 0.0804971 0.0985062 0.0575751 0.0955915 0.0825210 0.0904775 0.0588968 0.0255201 0.1083352 0.3350361 0.3350361 
Dasyuridae_Sminthopsis_macroura              0.0860330 0.0974612 0.0957790 0.0969746 0.0969442 0.0359677 0.1031197 0.0996507 0.1013729 0.0691235 0.1028474 0.0320682 0.0000000 0.0973147 0.0935674 0.0290011 0.0361587 0.0191825 0.1131492 0.0985513 0.1073512 0.1201109 0.1282676 0.0326828 0.0994400 0.0846269 0.0874074 0.1015742 0.0606696 0.1000018 0.0868215 0.0977765 0.0644555 0.0372020 0.1183292 0.3725685 0.3725685 
Phalangeridae_Phalanger_orientalis           0.0488828 0.0686344 0.0576824 0.0535086 0.0546709 0.0943451 0.0252557 0.0084807 0.0559760 0.0596054 0.0115038 0.0892787 0.0973147 0.0000000 0.0480046 0.0872143 0.0954307 0.0932855 0.0837343 0.0570449 0.0576688 0.0980869 0.1156950 0.0906158 0.0578592 0.0862348 0.0544679 0.0542471 0.0404680 0.0639020 0.0501582 0.0034765 0.0557183 0.0950527 0.0882121 0.3115453 0.3115453 
Acrobatidae_Acrobates_pygmaeus               0.0476071 0.0688118 0.0539396 0.0513697 0.0525189 0.0913222 0.0512656 0.0455523 0.0529345 0.0568919 0.0493224 0.0861674 0.0935674 0.0480046 0.0000000 0.0849662 0.0926515 0.0877094 0.0788017 0.0519453 0.0523393 0.0940970 0.1041528 0.0836161 0.0501827 0.0843012 0.0465961 0.0500881 0.0328894 0.0559063 0.0220882 0.0456602 0.0535821 0.0899035 0.0836639 0.2692580 0.2692580 
Dasyuridae_Phascogale_calura                 0.0798403 0.0892246 0.0910789 0.0891315 0.0888542 0.0235061 0.0941749 0.0903636 0.0954704 0.0627622 0.0917991 0.0053250 0.0290011 0.0872143 0.0849662 0.0000000 0.0256048 0.0266696 0.1011037 0.0933230 0.0991328 0.1153252 0.1246115 0.0148058 0.0930208 0.0803149 0.0782381 0.0969781 0.0560758 0.0918352 0.0803338 0.0884167 0.0573797 0.0244721 0.1067711 0.3290662 0.3290662 
Dasyuridae_Sarcophilus_harrisii              0.0829743 0.0956430 0.0990686 0.0989489 0.0980689 0.0110945 0.0974575 0.0968859 0.1048378 0.0661656 0.0983276 0.0266467 0.0361587 0.0954307 0.0926515 0.0256048 0.0000000 0.0283594 0.1054466 0.0987337 0.1068709 0.1253529 0.1331517 0.0282628 0.1009380 0.0899988 0.0884182 0.1044666 0.0608282 0.0993556 0.0869503 0.0967086 0.0599814 0.0122394 0.1138997 0.3909873 0.3909873 
Dasyuridae_Planigale_tenuirostris            0.0828147 0.0906756 0.0876248 0.0900082 0.0881612 0.0271927 0.0973050 0.0924540 0.0968316 0.0590767 0.0953251 0.0295050 0.0191825 0.0932855 0.0877094 0.0266696 0.0283594 0.0000000 0.0994689 0.0901540 0.0991588 0.1209582 0.1211537 0.0308936 0.0950999 0.0833332 0.0812118 0.0957812 0.0522749 0.0919981 0.0809836 0.0930384 0.0543385 0.0288596 0.1051307 0.5209888 0.5209888 
Peramelidae_Echymipera_kalubu                0.0848902 0.0792803 0.0789056 0.0789615 0.0774939 0.1076155 0.0873379 0.0855282 0.0811626 0.0117927 0.0888806 0.1026233 0.1131492 0.0837343 0.0788017 0.1011037 0.1054466 0.0994689 0.0000000 0.0844783 0.0921444 0.1079165 0.1220649 0.1026394 0.0885043 0.1001493 0.0790658 0.0846760 0.0617897 0.0938985 0.0818296 0.0855478 0.0084164 0.1059097 0.0152178 0.3423705 0.3423705 
Macropodidae_Dorcopsulus_vanheurni           0.0596156 0.0729530 0.0603636 0.0181763 0.0187339 0.0973001 0.0582098 0.0558619 0.0236194 0.0585806 0.0608991 0.0948098 0.0985513 0.0570449 0.0519453 0.0933230 0.0987337 0.0901540 0.0844783 0.0000000 0.0598597 0.0910035 0.1133557 0.0937374 0.0394652 0.0909951 0.0591375 0.0062853 0.0402483 0.0696849 0.0543400 0.0562002 0.0531757 0.0992752 0.0873202 0.4332277 0.4332277 
Pseudochiridae_Pseudochirulus_forbesi        0.0598501 0.0732936 0.0652316 0.0556250 0.0557067 0.1045294 0.0571825 0.0553268 0.0610599 0.0664330 0.0565843 0.1006546 0.1073512 0.0576688 0.0523393 0.0991328 0.1068709 0.0991588 0.0921444 0.0598597 0.0000000 0.1032003 0.1144720 0.0984801 0.0622789 0.0896688 0.0349368 0.0620044 0.0158927 0.0577487 0.0506837 0.0563440 0.0618576 0.1053206 0.0999528 0.4016453 0.4016453 
Didelphidae_Didelphis_virginiana             0.0957823 0.0946497 0.0920964 0.0920926 0.0930985 0.1227877 0.1003417 0.0993630 0.0971719 0.0719750 0.1024447 0.1202787 0.1201109 0.0980869 0.0940970 0.1153252 0.1253529 0.1209582 0.1079165 0.0910035 0.1032003 0.0000000 0.0660861 0.1193077 0.1003264 0.1099668 0.1003670 0.0951700 0.0678220 0.1044177 0.0974899 0.1002286 0.0691318 0.1216879 0.1104865 0.4286002 0.4286002 
Marmosidae_Monodelphis_domestica             0.0988003 0.1070157 0.1093137 0.1155506 0.1153680 0.1305219 0.1191882 0.1183637 0.1177061 0.0706469 0.1188302 0.1290243 0.1282676 0.1156950 0.1041528 0.1246115 0.1331517 0.1211537 0.1220649 0.1133557 0.1144720 0.0660861 0.0000000 0.1242639 0.1178343 0.0931290 0.0944689 0.1142020 0.0643524 0.0999079 0.0876985 0.1177169 0.0678744 0.1192638 0.1267988 1.2464398 1.2464398 
Dasyuridae_Antechinus_stuartii               0.0845090 0.0922393 0.0930006 0.0918733 0.0908257 0.0266058 0.0963342 0.0917268 0.0964362 0.0671636 0.0944299 0.0148078 0.0326828 0.0906158 0.0836161 0.0148058 0.0282628 0.0308936 0.1026394 0.0937374 0.0984801 0.1193077 0.1242639 0.0000000 0.0942439 0.0853592 0.0825631 0.0968726 0.0597103 0.0967537 0.0828212 0.0913871 0.0618409 0.0266261 0.1094648 0.2836882 0.2836882 
Hypsiprymnodontidae_Hypsiprymnodon_moschatus 0.0556476 0.0717128 0.0617792 0.0360710 0.0361729 0.1001308 0.0616618 0.0571553 0.0414657 0.0614465 0.0589465 0.0957774 0.0994400 0.0578592 0.0501827 0.0930208 0.1009380 0.0950999 0.0885043 0.0394652 0.0622789 0.1003264 0.1178343 0.0942439 0.0000000 0.0947153 0.0628581 0.0362656 0.0400315 0.0716478 0.0564780 0.0569670 0.0566728 0.0995837 0.0921942 0.3982242 0.3982242 
Microbiotheriidae_Dromiciops_gliroides       0.0753884 0.0876240 0.0791945 0.0899543 0.0881676 0.0905718 0.0875647 0.0881279 0.0928323 0.0614447 0.0898450 0.0832255 0.0846269 0.0862348 0.0843012 0.0803149 0.0899988 0.0833332 0.1001493 0.0909951 0.0896688 0.1099668 0.0931290 0.0853592 0.0947153 0.0000000 0.0783254 0.0940710 0.0553466 0.0912998 0.0741663 0.0870235 0.0577523 0.0914152 0.1025852 0.4191963 0.4191963 
Pseudochiridae_Petauroides_volans            0.0574759 0.0666334 0.0596928 0.0544774 0.0546787 0.0866590 0.0578488 0.0561319 0.0604018 0.0586572 0.0589819 0.0804971 0.0874074 0.0544679 0.0465961 0.0782381 0.0884182 0.0812118 0.0790658 0.0591375 0.0349368 0.1003670 0.0944689 0.0825631 0.0628581 0.0783254 0.0000000 0.0598604 0.0225024 0.0561832 0.0491786 0.0552339 0.0549412 0.0867207 0.0840214 0.1091672 0.1091672 
Macropodidae_Wallabia_bicolor                0.0559833 0.0738251 0.0603137 0.0188603 0.0183965 0.1029752 0.0569637 0.0535847 0.0233241 0.0585731 0.0579722 0.0985062 0.1015742 0.0542471 0.0500881 0.0969781 0.1044666 0.0957812 0.0846760 0.0062853 0.0620044 0.0951700 0.1142020 0.0968726 0.0362656 0.0940710 0.0598604 0.0000000 0.0396722 0.0708412 0.0533886 0.0529259 0.0542003 0.1037639 0.0884809 0.3904678 0.3904678 
Pseudochiridae_Pseudocheirus_occidentalis    0.0407840 0.0494793 0.0404829 0.0381818 0.0395995 0.0590947 0.0400840 0.0372576 0.0422711 0.0682796 0.0401188 0.0575751 0.0606696 0.0404680 0.0328894 0.0560758 0.0608282 0.0522749 0.0617897 0.0402483 0.0158927 0.0678220 0.0643524 0.0597103 0.0400315 0.0553466 0.0225024 0.0396722 0.0000000 0.0385125 0.0376377 0.0389567 0.0639753 0.0595416 0.0666983 9.0000000 9.0000000 
Tarsipedidae_Tarsipes_rostratus              0.0649848 0.0832545 0.0666009 0.0659684 0.0678066 0.0975391 0.0672079 0.0642671 0.0713221 0.0659909 0.0653070 0.0955915 0.1000018 0.0639020 0.0559063 0.0918352 0.0993556 0.0919981 0.0938985 0.0696849 0.0577487 0.1044177 0.0999079 0.0967537 0.0716478 0.0912998 0.0561832 0.0708412 0.0385125 0.0000000 0.0591592 0.0635885 0.0623754 0.0989903 0.0995489 0.1880033 0.1880033 
Acrobatidae_Distoechurus_pennatus            0.0560872 0.0671756 0.0574360 0.0520758 0.0532980 0.0852690 0.0549086 0.0494154 0.0578807 0.0592730 0.0517849 0.0825210 0.0868215 0.0501582 0.0220882 0.0803338 0.0869503 0.0809836 0.0818296 0.0543400 0.0506837 0.0974899 0.0876985 0.0828212 0.0564780 0.0741663 0.0491786 0.0533886 0.0376377 0.0591592 0.0000000 0.0487955 0.0549860 0.0846750 0.0856921 0.1263848 0.1263848 
Phalangeridae_Phalanger_carmelitae           0.0491054 0.0689259 0.0584595 0.0526809 0.0539118 0.0956214 0.0251736 0.0084506 0.0551031 0.0598115 0.0110136 0.0904775 0.0977765 0.0034765 0.0456602 0.0884167 0.0967086 0.0930384 0.0855478 0.0562002 0.0563440 0.1002286 0.1177169 0.0913871 0.0569670 0.0870235 0.0552339 0.0529259 0.0389567 0.0635885 0.0487955 0.0000000 0.0568046 0.0963476 0.0877512 0.3222632 0.3222632 
Peramelidae_Peroryctes_raffrayana            0.0563877 0.0530491 0.0533100 0.0497898 0.0486511 0.0609774 0.0574035 0.0558341 0.0521945 0.0111284 0.0576384 0.0588968 0.0644555 0.0557183 0.0535821 0.0573797 0.0599814 0.0543385 0.0084164 0.0531757 0.0618576 0.0691318 0.0678744 0.0618409 0.0566728 0.0577523 0.0549412 0.0542003 0.0639753 0.0623754 0.0549860 0.0568046 0.0000000 0.0609613 0.0103871 9.0000000 9.0000000 
Dasyuridae_Dasyurus_geffroii                 0.0843569 0.0955458 0.0987889 0.0994876 0.0985988 0.0053311 0.0965323 0.0969348 0.1041482 0.0662157 0.0973035 0.0255201 0.0372020 0.0950527 0.0899035 0.0244721 0.0122394 0.0288596 0.1059097 0.0992752 0.1053206 0.1216879 0.1192638 0.0266261 0.0995837 0.0914152 0.0867207 0.1037639 0.0595416 0.0989903 0.0846750 0.0963476 0.0609613 0.0000000 0.1131540 0.4313998 0.4313998 
Peramelidae_Perameles_gunnii                 0.0877568 0.0857981 0.0832361 0.0806160 0.0807581 0.1147914 0.0942451 0.0894075 0.0840449 0.0007489 0.0940615 0.1083352 0.1183292 0.0882121 0.0836639 0.1067711 0.1138997 0.1051307 0.0152178 0.0873202 0.0999528 0.1104865 0.1267988 0.1094648 0.0921942 0.1025852 0.0840214 0.0884809 0.0666983 0.0995489 0.0856921 0.0877512 0.0103871 0.1131540 0.0000000 0.3801305 0.3801305 
Myrmecobiidae_Myrmecobius_fasciatus1         0.1533103 0.2901030 0.3603259 0.5028346 0.4814924 0.3980699 0.3991999 0.3734650 0.4229002 9.0000000 0.3608750 0.3350361 0.3725685 0.3115453 0.2692580 0.3290662 0.3909873 0.5209888 0.3423705 0.4332277 0.4016453 0.4286002 1.2464398 0.2836882 0.3982242 0.4191963 0.1091672 0.3904678 9.0000000 0.1880033 0.1263848 0.3222632 9.0000000 0.4313998 0.3801305 0.0000000 0.0000010 
Myrmecobiidae_Myrmecobius_fasciatus2         0.1533103 0.2901030 0.3603259 0.5028346 0.4814924 0.3980699 0.3991999 0.3734650 0.4229002 9.0000000 0.3608750 0.3350361 0.3725685 0.3115453 0.2692580 0.3290662 0.3909873 0.5209888 0.3423705 0.4332277 0.4016453 0.4286002 1.2464398 0.2836882 0.3982242 0.4191963 0.1091672 0.3904678 9.0000000 0.1880033 0.1263848 0.3222632 9.0000000 0.4313998 0.3801305 0.0000010 0.0000000 
