35
Burramyidae_Burramys_parvus                  0.0000000 0.1095326 0.0727542 0.0694447 0.0599557 0.1036095 0.0476993 0.0427213 0.0613878 0.1288973 0.0329765 0.0980453 0.1209340 0.0524627 0.0604425 0.1014671 0.1060528 0.1079142 0.1258392 0.0649010 0.0953006 0.1611602 0.1423495 0.1032170 0.0878624 0.0643172 0.0684138 0.0937071 0.0709075 0.0621701 0.0491949 0.1037747 0.1000847 0.1271396 0.0817142 
Notoryctidae_Notoryctes_typhlops             0.1095326 0.0000000 0.1286176 0.1246450 0.1094250 0.1506936 0.1096646 0.1045797 0.1123706 0.1597546 0.0885303 0.1570682 0.1794380 0.1149344 0.1084656 0.1540517 0.1537325 0.1588618 0.1595536 0.1185957 0.1527436 0.2010223 0.1768362 0.1540943 0.1422570 0.1259337 0.1257498 0.1449270 0.1329318 0.1096343 0.1121615 0.1304485 0.1530710 0.1594362 0.1164923 
Vombatidae_Lasiorhinus_latifrons             0.0727542 0.1286176 0.0000000 0.0835481 0.0681815 0.1177019 0.0679128 0.0644159 0.0670469 0.1376839 0.0512904 0.1162852 0.1333813 0.0705493 0.0743034 0.1170017 0.1166248 0.1132738 0.1364210 0.0757340 0.1061012 0.1615679 0.1423577 0.1202280 0.1003908 0.0778748 0.0777021 0.1059505 0.0877181 0.0824626 0.0695887 0.1053964 0.1155256 0.1342768 0.0968593 
Potoroidae_Bettongia_penicillata             0.0694447 0.1246450 0.0835481 0.0000000 0.0008130 0.1174953 0.0570300 0.0583872 0.0050824 0.1454756 0.0447412 0.1175441 0.1319910 0.0655795 0.0774006 0.1171803 0.1191093 0.1190942 0.1443233 0.0197290 0.1041911 0.1614614 0.1505363 0.1200012 0.0620029 0.0775212 0.0164508 0.1048979 0.0837483 0.0749628 0.0617878 0.1144514 0.1144136 0.1422764 0.1036503 
Potoroidae_Bettongia_lesueur                 0.0599557 0.1094250 0.0681815 0.0008130 0.0000000 0.1056621 0.0440334 0.0387859 0.0048445 0.1339750 0.0341909 0.1039945 0.1181304 0.0506076 0.0614886 0.1069186 0.1052776 0.1055265 0.1314135 0.0116678 0.0938433 0.1377939 0.1362635 0.1083125 0.0560050 0.0654216 0.0128887 0.0944409 0.0851109 0.0595622 0.0483896 0.1018645 0.1024195 0.1326084 0.0930942 
Dasyuridae_Dasyurus_maculatus                0.1036095 0.1506936 0.1177019 0.1174953 0.1056621 0.0000000 0.1009049 0.1021331 0.1029853 0.1625337 0.0771782 0.0241057 0.0550701 0.1038728 0.1037283 0.0208559 0.0059126 0.0444595 0.1645052 0.1099614 0.1423267 0.1652108 0.1531657 0.0247817 0.1402250 0.1076567 0.1169932 0.1430773 0.1219201 0.1087209 0.1013820 0.1274098 0.0027039 0.1603595 0.1363828 
Phalangeridae_Trichosurus_vulpecula          0.0476993 0.1096646 0.0679128 0.0570300 0.0440334 0.1009049 0.0000000 0.0102533 0.0465176 0.1275448 0.0082836 0.1033240 0.1201564 0.0142974 0.0512639 0.1021057 0.1033586 0.1039346 0.1221245 0.0547336 0.0917116 0.1526824 0.1425777 0.1045701 0.0802853 0.0589900 0.0590553 0.0873165 0.0692496 0.0554296 0.0137778 0.0945551 0.0995620 0.1281189 0.0738470 
Phalangeridae_Spilocuscus_maculatus          0.0427213 0.1045797 0.0644159 0.0583872 0.0387859 0.1021331 0.0102533 0.0000000 0.0380205 0.1305445 0.0034934 0.1021615 0.1206798 0.0052155 0.0489205 0.1023206 0.1038806 0.1061685 0.1260218 0.0500259 0.0858628 0.1619707 0.1439296 0.1067866 0.0760411 0.0588704 0.0582635 0.0844131 0.0642467 0.0559013 0.0047293 0.1058145 0.1005903 0.1349964 0.0747276 
Potoroidae_Aepyprymnus_rufescens             0.0613878 0.1123706 0.0670469 0.0050824 0.0048445 0.1029853 0.0465176 0.0380205 0.0000000 0.1301923 0.0336881 0.1018438 0.1125875 0.0511538 0.0558891 0.1041956 0.1031914 0.1043820 0.1276540 0.0093205 0.1003646 0.1343508 0.1350644 0.1064222 0.0531076 0.0639519 0.0107460 0.0990263 0.0834615 0.0575103 0.0489587 0.0984217 0.0996458 0.1289065 0.0984080 
Peramelidae_Perameles_nasuta                 0.1288973 0.1597546 0.1376839 0.1454756 0.1339750 0.1625337 0.1275448 0.1305445 0.1301923 0.0000000 0.1133191 0.1611600 0.1707760 0.1336538 0.1324246 0.1603125 0.1652670 0.1644609 0.0586296 0.1329477 0.1717016 0.2069841 0.2004278 0.1639961 0.1437800 0.1399403 0.1404901 0.1667240 0.1501437 0.1410400 0.1303553 0.0405963 0.1635385 0.0030725 0.1323544 
Phalangeridae_Strigocuscus_pelengensis       0.0329765 0.0885303 0.0512904 0.0447412 0.0341909 0.0771782 0.0082836 0.0034934 0.0336881 0.1133191 0.0000000 0.0791578 0.0964578 0.0035558 0.0326837 0.0802541 0.0806809 0.0810699 0.1098060 0.0407236 0.0815867 0.1376835 0.1207326 0.0807650 0.0656971 0.0409377 0.0472265 0.0731674 0.0566048 0.0397887 0.0031432 0.0866813 0.0760599 0.1139071 0.0498908 
Dasyuridae_Phascogale_tapoatafa              0.0980453 0.1570682 0.1162852 0.1175441 0.1039945 0.0241057 0.1033240 0.1021615 0.1018438 0.1611600 0.0791578 0.0000000 0.0502601 0.1051407 0.1000209 0.0029807 0.0194405 0.0362870 0.1650806 0.1076963 0.1476816 0.1585138 0.1382092 0.0079834 0.1420903 0.1075227 0.1170623 0.1463921 0.1220869 0.1104638 0.1031842 0.1236557 0.0197687 0.1586449 0.1346123 
Dasyuridae_Sminthopsis_macroura              0.1209340 0.1794380 0.1333813 0.1319910 0.1181304 0.0550701 0.1201564 0.1206798 0.1125875 0.1707760 0.0964578 0.0502601 0.0000000 0.1164035 0.1140211 0.0487694 0.0518258 0.0325589 0.1747654 0.1249908 0.1683804 0.1649059 0.1486726 0.0512269 0.1537783 0.1275235 0.1303311 0.1689921 0.1361767 0.1290937 0.1167156 0.1330169 0.0476023 0.1687273 0.1794292 
Phalangeridae_Phalanger_orientalis           0.0524627 0.1149344 0.0705493 0.0655795 0.0506076 0.1038728 0.0142974 0.0052155 0.0511538 0.1336538 0.0035558 0.1051407 0.1164035 0.0000000 0.0503944 0.1057014 0.1040594 0.1060978 0.1268969 0.0581476 0.0999081 0.1585497 0.1475311 0.1109845 0.0855329 0.0657354 0.0662226 0.0921759 0.0690363 0.0620702 0.0010936 0.1017618 0.1033114 0.1335626 0.0872086 
Acrobatidae_Acrobates_pygmaeus               0.0604425 0.1084656 0.0743034 0.0774006 0.0614886 0.1037283 0.0512639 0.0489205 0.0558891 0.1324246 0.0326837 0.1000209 0.1140211 0.0503944 0.0000000 0.1043569 0.1055010 0.1045084 0.1246485 0.0732644 0.0912616 0.1469884 0.1418987 0.1098270 0.0899598 0.0597081 0.0758280 0.0836931 0.0719997 0.0287372 0.0471718 0.1014893 0.1032066 0.1350781 0.0893657 
Dasyuridae_Phascogale_calura                 0.1014671 0.1540517 0.1170017 0.1171803 0.1069186 0.0208559 0.1021057 0.1023206 0.1041956 0.1603125 0.0802541 0.0029807 0.0487694 0.1057014 0.1043569 0.0000000 0.0198610 0.0350657 0.1661383 0.1098735 0.1464030 0.1562278 0.1483498 0.0055104 0.1372532 0.1088658 0.1167783 0.1476591 0.1268886 0.1112353 0.1039341 0.1273381 0.0176694 0.1589886 0.1340002 
Dasyuridae_Sarcophilus_harrisii              0.1060528 0.1537325 0.1166248 0.1191093 0.1052776 0.0059126 0.1033586 0.1038806 0.1031914 0.1652670 0.0806809 0.0194405 0.0518258 0.1040594 0.1055010 0.0198610 0.0000000 0.0427439 0.1707471 0.1118500 0.1479127 0.1671520 0.1562461 0.0228078 0.1419325 0.1073957 0.1188193 0.1461513 0.1249730 0.1101410 0.1023254 0.1317623 0.0045056 0.1631976 0.1430447 
Dasyuridae_Planigale_tenuirostris            0.1079142 0.1588618 0.1132738 0.1190942 0.1055265 0.0444595 0.1039346 0.1061685 0.1043820 0.1644609 0.0810699 0.0362870 0.0325589 0.1060978 0.1045084 0.0350657 0.0427439 0.0000000 0.1698411 0.1108775 0.1480387 0.1438480 0.1388688 0.0346029 0.1457249 0.1128670 0.1172353 0.1438501 0.1216166 0.1160942 0.1056134 0.1339319 0.0400556 0.1626064 0.1524872 
Peramelidae_Echymipera_kalubu                0.1258392 0.1595536 0.1364210 0.1443233 0.1314135 0.1645052 0.1221245 0.1260218 0.1276540 0.0586296 0.1098060 0.1650806 0.1747654 0.1268969 0.1246485 0.1661383 0.1707471 0.1698411 0.0000000 0.1357306 0.1741097 0.2120899 0.2040718 0.1674993 0.1512117 0.1392976 0.1399717 0.1625150 0.1368856 0.1375588 0.1242475 0.0341935 0.1660415 0.0538603 0.1144873 
Macropodidae_Dorcopsulus_vanheurni           0.0649010 0.1185957 0.0757340 0.0197290 0.0116678 0.1099614 0.0547336 0.0500259 0.0093205 0.1329477 0.0407236 0.1076963 0.1249908 0.0581476 0.0732644 0.1098735 0.1118500 0.1108775 0.1357306 0.0000000 0.1035694 0.1569761 0.1427876 0.1126207 0.0588548 0.0732802 0.0036737 0.0984735 0.0807869 0.0686381 0.0549993 0.1091097 0.1085185 0.1297928 0.1036054 
Pseudochiridae_Pseudochirulus_forbesi        0.0953006 0.1527436 0.1061012 0.1041911 0.0938433 0.1423267 0.0917116 0.0858628 0.1003646 0.1717016 0.0815867 0.1476816 0.1683804 0.0999081 0.0912616 0.1464030 0.1479127 0.1480387 0.1741097 0.1035694 0.0000000 0.1988547 0.1840300 0.1479108 0.1279562 0.0688286 0.1081791 0.0288603 0.1139759 0.0959279 0.0962396 0.1433145 0.1421664 0.1692781 0.1013291 
Didelphidae_Didelphis_virginiana             0.1611602 0.2010223 0.1615679 0.1614614 0.1377939 0.1652108 0.1526824 0.1619707 0.1343508 0.2069841 0.1376835 0.1585138 0.1649059 0.1585497 0.1469884 0.1562278 0.1671520 0.1438480 0.2120899 0.1569761 0.1988547 0.0000000 0.0756378 0.1607356 0.1863829 0.1675360 0.1638965 0.2063869 0.1586927 0.1505788 0.1559541 0.1800815 0.1620609 0.2079466 0.2200665 
Marmosidae_Monodelphis_domestica             0.1423495 0.1768362 0.1423577 0.1505363 0.1362635 0.1531657 0.1425777 0.1439296 0.1350644 0.2004278 0.1207326 0.1382092 0.1486726 0.1475311 0.1418987 0.1483498 0.1562461 0.1388688 0.2040718 0.1427876 0.1840300 0.0756378 0.0000000 0.1527239 0.1702659 0.1477409 0.1493033 0.1831820 0.1618658 0.1407100 0.1440048 0.1728777 0.1448820 0.2002205 0.1884185 
Dasyuridae_Antechinus_stuartii               0.1032170 0.1540943 0.1202280 0.1200012 0.1083125 0.0247817 0.1045701 0.1067866 0.1064222 0.1639961 0.0807650 0.0079834 0.0512269 0.1109845 0.1098270 0.0055104 0.0228078 0.0346029 0.1674993 0.1126207 0.1479108 0.1607356 0.1527239 0.0000000 0.1437894 0.1118358 0.1203392 0.1471399 0.1284257 0.1181929 0.1078362 0.1282578 0.0196771 0.1618488 0.1372943 
Hypsiprymnodontidae_Hypsiprymnodon_moschatus 0.0878624 0.1422570 0.1003908 0.0620029 0.0560050 0.1402250 0.0802853 0.0760411 0.0531076 0.1437800 0.0656971 0.1420903 0.1537783 0.0855329 0.0899598 0.1372532 0.1419325 0.1457249 0.1512117 0.0588548 0.1279562 0.1863829 0.1702659 0.1437894 0.0000000 0.0943048 0.0594384 0.1228114 0.1119002 0.0906493 0.0824641 0.1271488 0.1383290 0.1431001 0.1035302 
Pseudochiridae_Petauroides_volans            0.0643172 0.1259337 0.0778748 0.0775212 0.0654216 0.1076567 0.0589900 0.0588704 0.0639519 0.1399403 0.0409377 0.1075227 0.1275235 0.0657354 0.0597081 0.1088658 0.1073957 0.1128670 0.1392976 0.0732802 0.0688286 0.1675360 0.1477409 0.1118358 0.0943048 0.0000000 0.0773948 0.0593755 0.0731364 0.0646770 0.0606112 0.1086728 0.1047674 0.1389636 0.0869506 
Macropodidae_Wallabia_bicolor                0.0684138 0.1257498 0.0777021 0.0164508 0.0128887 0.1169932 0.0590553 0.0582635 0.0107460 0.1404901 0.0472265 0.1170623 0.1303311 0.0662226 0.0758280 0.1167783 0.1188193 0.1172353 0.1399717 0.0036737 0.1081791 0.1638965 0.1493033 0.1203392 0.0594384 0.0773948 0.0000000 0.1038251 0.0844344 0.0740381 0.0638281 0.1120720 0.1139706 0.1372764 0.1098581 
Pseudochiridae_Pseudocheirus_occidentalis    0.0937071 0.1449270 0.1059505 0.1048979 0.0944409 0.1430773 0.0873165 0.0844131 0.0990263 0.1667240 0.0731674 0.1463921 0.1689921 0.0921759 0.0836931 0.1476591 0.1461513 0.1438501 0.1625150 0.0984735 0.0288603 0.2063869 0.1831820 0.1471399 0.1228114 0.0593755 0.1038251 0.0000000 0.1090904 0.0883979 0.0884787 0.1380105 0.1434178 0.1642943 0.0951954 
Tarsipedidae_Tarsipes_rostratus              0.0709075 0.1329318 0.0877181 0.0837483 0.0851109 0.1219201 0.0692496 0.0642467 0.0834615 0.1501437 0.0566048 0.1220869 0.1361767 0.0690363 0.0719997 0.1268886 0.1249730 0.1216166 0.1368856 0.0807869 0.1139759 0.1586927 0.1618658 0.1284257 0.1119002 0.0731364 0.0844344 0.1090904 0.0000000 0.0816292 0.0653497 0.1145442 0.1209234 0.1492192 0.0992011 
Acrobatidae_Distoechurus_pennatus            0.0621701 0.1096343 0.0824626 0.0749628 0.0595622 0.1087209 0.0554296 0.0559013 0.0575103 0.1410400 0.0397887 0.1104638 0.1290937 0.0620702 0.0287372 0.1112353 0.1101410 0.1160942 0.1375588 0.0686381 0.0959279 0.1505788 0.1407100 0.1181929 0.0906493 0.0646770 0.0740381 0.0883979 0.0816292 0.0000000 0.0590334 0.1099116 0.1072430 0.1378692 0.0951636 
Phalangeridae_Phalanger_carmelitae           0.0491949 0.1121615 0.0695887 0.0617878 0.0483896 0.1013820 0.0137778 0.0047293 0.0489587 0.1303553 0.0031432 0.1031842 0.1167156 0.0010936 0.0471718 0.1039341 0.1023254 0.1056134 0.1242475 0.0549993 0.0962396 0.1559541 0.1440048 0.1078362 0.0824641 0.0606112 0.0638281 0.0884787 0.0653497 0.0590334 0.0000000 0.0993280 0.1008349 0.1302181 0.0804525 
Peramelidae_Peroryctes_raffrayana            0.1037747 0.1304485 0.1053964 0.1144514 0.1018645 0.1274098 0.0945551 0.1058145 0.0984217 0.0405963 0.0866813 0.1236557 0.1330169 0.1017618 0.1014893 0.1273381 0.1317623 0.1339319 0.0341935 0.1091097 0.1433145 0.1800815 0.1728777 0.1282578 0.1271488 0.1086728 0.1120720 0.1380105 0.1145442 0.1099116 0.0993280 0.0000000 0.1282220 0.0407082 0.1131989 
Dasyuridae_Dasyurus_geffroii                 0.1000847 0.1530710 0.1155256 0.1144136 0.1024195 0.0027039 0.0995620 0.1005903 0.0996458 0.1635385 0.0760599 0.0197687 0.0476023 0.1033114 0.1032066 0.0176694 0.0045056 0.0400556 0.1660415 0.1085185 0.1421664 0.1620609 0.1448820 0.0196771 0.1383290 0.1047674 0.1139706 0.1434178 0.1209234 0.1072430 0.1008349 0.1282220 0.0000000 0.1613697 0.1342757 
Peramelidae_Perameles_gunnii                 0.1271396 0.1594362 0.1342768 0.1422764 0.1326084 0.1603595 0.1281189 0.1349964 0.1289065 0.0030725 0.1139071 0.1586449 0.1687273 0.1335626 0.1350781 0.1589886 0.1631976 0.1626064 0.0538603 0.1297928 0.1692781 0.2079466 0.2002205 0.1618488 0.1431001 0.1389636 0.1372764 0.1642943 0.1492192 0.1378692 0.1302181 0.0407082 0.1613697 0.0000000 0.1341963 
Microbiotheriidae_Dromiciops_gliroides       0.0817142 0.1164923 0.0968593 0.1036503 0.0930942 0.1363828 0.0738470 0.0747276 0.0984080 0.1323544 0.0498908 0.1346123 0.1794292 0.0872086 0.0893657 0.1340002 0.1430447 0.1524872 0.1144873 0.1036054 0.1013291 0.2200665 0.1884185 0.1372943 0.1035302 0.0869506 0.1098581 0.0951954 0.0992011 0.0951636 0.0804525 0.1131989 0.1342757 0.1341963 0.0000000 
