35
Burramyidae_Burramys_parvus                  0.0000000 0.1039579 0.0741350 0.0789978 0.0762370 0.1163473 0.0639702 0.0638068 0.0786547 0.1096428 0.0695592 0.1247178 0.1239858 0.0647636 0.0703545 0.1237840 0.1196807 0.1010156 0.1087996 0.0822064 0.0816223 0.1938899 0.1963685 0.1158587 0.0743579 0.0872828 0.0674649 0.1666016 0.0699131 0.1116850 0.1327426 0.0623169 0.1059491 0.1177608 0.1022988 
Notoryctidae_Notoryctes_typhlops             0.1039579 0.0000000 0.0986268 0.1153423 0.1119761 0.1335479 0.1139788 0.1127506 0.1106614 0.1315661 0.1290507 0.1456418 0.1380433 0.1168244 0.1178988 0.1472640 0.1403474 0.1163068 0.1231644 0.1218724 0.1315090 0.2120111 0.1975830 0.1335006 0.1174065 0.1074239 0.1091351 0.1829232 0.1111063 0.1579638 0.1638259 0.1143957 0.1182084 0.1382797 0.1235742 
Vombatidae_Lasiorhinus_latifrons             0.0741350 0.0986268 0.0000000 0.0830330 0.0802154 0.1165209 0.0827044 0.0786723 0.0838268 0.1050066 0.0896193 0.1340269 0.1228731 0.0851942 0.0797429 0.1340646 0.1269291 0.0951589 0.1011715 0.0868769 0.0982183 0.1759691 0.1790206 0.1219142 0.0775039 0.0823124 0.0818670 0.1701603 0.0856947 0.1324120 0.1402134 0.0817873 0.0999892 0.1218078 0.1001054 
Potoroidae_Bettongia_penicillata             0.0789978 0.1153423 0.0830330 0.0000000 0.0042060 0.1414720 0.0843547 0.0848682 0.0089528 0.1279259 0.0907842 0.1497503 0.1440087 0.0832351 0.0820744 0.1509488 0.1455345 0.1191671 0.1271586 0.0355216 0.0955715 0.2189775 0.2155236 0.1395855 0.0455648 0.1038197 0.0878778 0.1251804 0.0856968 0.1347031 0.1387153 0.0829632 0.1219729 0.1430948 0.1222674 
Potoroidae_Bettongia_lesueur                 0.0762370 0.1119761 0.0802154 0.0042060 0.0000000 0.1389658 0.0837710 0.0842057 0.0077533 0.1243709 0.0901940 0.1474410 0.1408990 0.0831362 0.0803334 0.1472843 0.1418702 0.1142620 0.1249934 0.0345696 0.0967094 0.2132261 0.2093590 0.1359622 0.0440732 0.1001302 0.0849690 0.1213663 0.0843321 0.1304787 0.1384318 0.0828657 0.1203130 0.1406077 0.1196224 
Dasyuridae_Dasyurus_maculatus                0.1163473 0.1335479 0.1165209 0.1414720 0.1389658 0.0000000 0.1280815 0.1315524 0.1384297 0.1406719 0.1380005 0.0376828 0.0454062 0.1314106 0.1383709 0.0379144 0.0225876 0.0275529 0.1338279 0.1473868 0.1547536 0.2373905 0.2069286 0.0352488 0.1360080 0.1263130 0.1384018 0.2079566 0.1343471 0.1633867 0.1846112 0.1296974 0.1222348 0.0157619 0.1314977 
Phalangeridae_Trichosurus_vulpecula          0.0639702 0.1139788 0.0827044 0.0843547 0.0837710 0.1280815 0.0000000 0.0340407 0.0860637 0.1272161 0.0384181 0.1406626 0.1306088 0.0323377 0.0839242 0.1407264 0.1351258 0.1133950 0.1263676 0.0889201 0.0895584 0.2027312 0.2090952 0.1319727 0.0836632 0.0893873 0.0791991 0.1734899 0.0787896 0.1324259 0.1409320 0.0302983 0.1219185 0.1327158 0.1186765 
Phalangeridae_Spilocuscus_maculatus          0.0638068 0.1127506 0.0786723 0.0848682 0.0842057 0.1315524 0.0340407 0.0000000 0.0866406 0.1281345 0.0248273 0.1399080 0.1331077 0.0182812 0.0821311 0.1405253 0.1387217 0.1194738 0.1236568 0.0905565 0.0902966 0.2087144 0.2074454 0.1320314 0.0849507 0.0996901 0.0785472 0.1758559 0.0806372 0.1288799 0.1418670 0.0181769 0.1239339 0.1370532 0.1199176 
Potoroidae_Aepyprymnus_rufescens             0.0786547 0.1106614 0.0838268 0.0089528 0.0077533 0.1384297 0.0860637 0.0866406 0.0000000 0.1269823 0.0932817 0.1479969 0.1403914 0.0849867 0.0815263 0.1471647 0.1425139 0.1185519 0.1266524 0.0345791 0.0982528 0.2157663 0.2142789 0.1364801 0.0465566 0.1011571 0.0857017 0.1231742 0.0860699 0.1347964 0.1399239 0.0846405 0.1196611 0.1400865 0.1216799 
Peramelidae_Perameles_nasuta                 0.1096428 0.1315661 0.1050066 0.1279259 0.1243709 0.1406719 0.1272161 0.1281345 0.1269823 0.0000000 0.1316904 0.1449564 0.1485907 0.1313615 0.1055433 0.1438134 0.1359467 0.1061828 0.0268091 0.1245783 0.1276163 0.2317415 0.2109224 0.1316654 0.1286494 0.1165582 0.1177917 0.2024587 0.1319718 0.1597171 0.1724395 0.1310443 0.0299925 0.1347499 0.0095631 
Phalangeridae_Strigocuscus_pelengensis       0.0695592 0.1290507 0.0896193 0.0907842 0.0901940 0.1380005 0.0384181 0.0248273 0.0932817 0.1316904 0.0000000 0.1478852 0.1384709 0.0216293 0.0930807 0.1486846 0.1457746 0.1235327 0.1346886 0.0953243 0.1017881 0.2145245 0.1897365 0.1441354 0.0884565 0.1091237 0.0874716 0.1530466 0.0855162 0.1196343 0.1467609 0.0215636 0.1339601 0.1439695 0.1298767 
Dasyuridae_Phascogale_tapoatafa              0.1247178 0.1456418 0.1340269 0.1497503 0.1474410 0.0376828 0.1406626 0.1399080 0.1479969 0.1449564 0.1478852 0.0000000 0.0568012 0.1392341 0.1343278 0.0075425 0.0255505 0.0297870 0.1404472 0.1518210 0.1528612 0.2452317 0.2128127 0.0171378 0.1480172 0.1400386 0.1487104 0.2247222 0.1462014 0.1689567 0.1991623 0.1402027 0.1319192 0.0255883 0.1363318 
Dasyuridae_Sminthopsis_macroura              0.1239858 0.1380433 0.1228731 0.1440087 0.1408990 0.0454062 0.1306088 0.1331077 0.1403914 0.1485907 0.1384709 0.0568012 0.0000000 0.1322457 0.1432909 0.0559758 0.0559453 0.0294822 0.1401983 0.1488403 0.1602817 0.2416776 0.2147049 0.0539530 0.1397002 0.1360813 0.1452635 0.2021180 0.1357715 0.1791522 0.1889431 0.1298057 0.1262709 0.0534783 0.1380773 
Phalangeridae_Phalanger_orientalis           0.0647636 0.1168244 0.0851942 0.0832351 0.0831362 0.1314106 0.0323377 0.0182812 0.0849867 0.1313615 0.0216293 0.1392341 0.1322457 0.0000000 0.0873202 0.1401295 0.1377604 0.1208012 0.1285021 0.0871442 0.0918242 0.2113120 0.2126681 0.1340257 0.0832656 0.1023002 0.0810229 0.1756404 0.0781505 0.1302907 0.1486776 0.0073880 0.1252212 0.1367458 0.1251477 
Acrobatidae_Acrobates_pygmaeus               0.0703545 0.1178988 0.0797429 0.0820744 0.0803334 0.1383709 0.0839242 0.0821311 0.0815263 0.1055433 0.0930807 0.1343278 0.1432909 0.0873202 0.0000000 0.1341646 0.1345931 0.1094233 0.1069097 0.0898297 0.0855864 0.1923767 0.2018831 0.1236130 0.0790289 0.0887548 0.0699796 0.1607735 0.0738571 0.1173246 0.0919571 0.0848448 0.1047522 0.1312594 0.1052659 
Dasyuridae_Phascogale_calura                 0.1237840 0.1472640 0.1340646 0.1509488 0.1472843 0.0379144 0.1407264 0.1405253 0.1471647 0.1438134 0.1486846 0.0075425 0.0559758 0.1401295 0.1341646 0.0000000 0.0250021 0.0321769 0.1394168 0.1519151 0.1637155 0.2458513 0.2205573 0.0179131 0.1451690 0.1388687 0.1456744 0.2217548 0.1468966 0.1673549 0.1952636 0.1402757 0.1324242 0.0250389 0.1353474 
Dasyuridae_Sarcophilus_harrisii              0.1196807 0.1403474 0.1269291 0.1455345 0.1418702 0.0225876 0.1351258 0.1387217 0.1425139 0.1359467 0.1457746 0.0255505 0.0559453 0.1377604 0.1345931 0.0250021 0.0000000 0.0248695 0.1288731 0.1525387 0.1606177 0.2472322 0.2186830 0.0229196 0.1430458 0.1326805 0.1456362 0.2219519 0.1486103 0.1667320 0.2012049 0.1367494 0.1254765 0.0094622 0.1257421 
Dasyuridae_Planigale_tenuirostris            0.1010156 0.1163068 0.0951589 0.1191671 0.1142620 0.0275529 0.1133950 0.1194738 0.1185519 0.1061828 0.1235327 0.0297870 0.0294822 0.1208012 0.1094233 0.0321769 0.0248695 0.0000000 0.1107195 0.1258117 0.1401207 0.1512610 0.1513314 0.0290651 0.1146740 0.1083293 0.1256335 0.1194529 0.1220968 0.1287216 0.1139979 0.1207320 0.1037860 0.0270660 0.1040140 
Peramelidae_Echymipera_kalubu                0.1087996 0.1231644 0.1011715 0.1271586 0.1249934 0.1338279 0.1263676 0.1236568 0.1266524 0.0268091 0.1346886 0.1404472 0.1401983 0.1285021 0.1069097 0.1394168 0.1288731 0.1107195 0.0000000 0.1322132 0.1421869 0.2194005 0.2088241 0.1275206 0.1232395 0.1175067 0.1139980 0.2043251 0.1227823 0.1507690 0.1813247 0.1244219 0.0179375 0.1274315 0.0190819 
Macropodidae_Dorcopsulus_vanheurni           0.0822064 0.1218724 0.0868769 0.0355216 0.0345696 0.1473868 0.0889201 0.0905565 0.0345791 0.1245783 0.0953243 0.1518210 0.1488403 0.0871442 0.0898297 0.1519151 0.1525387 0.1258117 0.1322132 0.0000000 0.0961017 0.2263947 0.2207912 0.1433522 0.0565098 0.1057372 0.0887259 0.1167553 0.0820929 0.1424486 0.1547508 0.0874086 0.1261008 0.1495024 0.1270592 
Pseudochiridae_Pseudochirulus_forbesi        0.0816223 0.1315090 0.0982183 0.0955715 0.0967094 0.1547536 0.0895584 0.0902966 0.0982528 0.1276163 0.1017881 0.1528612 0.1602817 0.0918242 0.0855864 0.1637155 0.1606177 0.1401207 0.1421869 0.0961017 0.0000000 0.2395740 0.2424656 0.1556182 0.0929946 0.1050495 0.0510124 0.1930564 0.0224847 0.1246305 0.1531861 0.0901900 0.1353408 0.1609435 0.1404721 
Didelphidae_Didelphis_virginiana             0.1938899 0.2120111 0.1759691 0.2189775 0.2132261 0.2373905 0.2027312 0.2087144 0.2157663 0.2317415 0.2145245 0.2452317 0.2416776 0.2113120 0.1923767 0.2458513 0.2472322 0.1512610 0.2194005 0.2263947 0.2395740 0.0000000 0.1391704 0.2322775 0.2190048 0.1954673 0.1982493 0.2954923 0.2350061 0.2466772 0.2550171 0.2052461 0.2061159 0.2397311 0.2102481 
Marmosidae_Monodelphis_domestica             0.1963685 0.1975830 0.1790206 0.2155236 0.2093590 0.2069286 0.2090952 0.2074454 0.2142789 0.2109224 0.1897365 0.2128127 0.2147049 0.2126681 0.2018831 0.2205573 0.2186830 0.1513314 0.2088241 0.2207912 0.2424656 0.1391704 0.0000000 0.2109936 0.2086378 0.1966469 0.2118124 0.2092634 0.2117707 0.2059521 0.1804212 0.2063003 0.1902757 0.2138391 0.2052932 
Dasyuridae_Antechinus_stuartii               0.1158587 0.1335006 0.1219142 0.1395855 0.1359622 0.0352488 0.1319727 0.1320314 0.1364801 0.1316654 0.1441354 0.0171378 0.0539530 0.1340257 0.1236130 0.0179131 0.0229196 0.0290651 0.1275206 0.1433522 0.1556182 0.2322775 0.2109936 0.0000000 0.1351289 0.1286503 0.1391585 0.2123583 0.1412947 0.1650824 0.1945166 0.1309979 0.1229177 0.0216549 0.1254323 
Hypsiprymnodontidae_Hypsiprymnodon_moschatus 0.0743579 0.1174065 0.0775039 0.0455648 0.0440732 0.1360080 0.0836632 0.0849507 0.0465566 0.1286494 0.0884565 0.1480172 0.1397002 0.0832656 0.0790289 0.1451690 0.1430458 0.1146740 0.1232395 0.0565098 0.0929946 0.2190048 0.2086378 0.1351289 0.0000000 0.0975475 0.0836627 0.1397512 0.0803521 0.1277302 0.1410442 0.0813544 0.1166750 0.1411400 0.1220886 
Microbiotheriidae_Dromiciops_gliroides       0.0872828 0.1074239 0.0823124 0.1038197 0.1001302 0.1263130 0.0893873 0.0996901 0.1011571 0.1165582 0.1091237 0.1400386 0.1360813 0.1023002 0.0887548 0.1388687 0.1326805 0.1083293 0.1175067 0.1057372 0.1050495 0.1954673 0.1966469 0.1286503 0.0975475 0.0000000 0.0943823 0.1854830 0.0972950 0.1538506 0.1561714 0.0983248 0.1157960 0.1281164 0.1099123 
Pseudochiridae_Petauroides_volans            0.0674649 0.1091351 0.0818670 0.0878778 0.0849690 0.1384018 0.0791991 0.0785472 0.0857017 0.1177917 0.0874716 0.1487104 0.1452635 0.0810229 0.0699796 0.1456744 0.1456362 0.1256335 0.1139980 0.0887259 0.0510124 0.1982493 0.2118124 0.1391585 0.0836627 0.0943823 0.0000000 0.1677239 0.0413764 0.1035611 0.1233284 0.0793086 0.1161794 0.1450791 0.1148318 
Macropodidae_Wallabia_bicolor                0.1666016 0.1829232 0.1701603 0.1251804 0.1213663 0.2079566 0.1734899 0.1758559 0.1231742 0.2024587 0.1530466 0.2247222 0.2021180 0.1756404 0.1607735 0.2217548 0.2219519 0.1194529 0.2043251 0.1167553 0.1930564 0.2954923 0.2092634 0.2123583 0.1397512 0.1854830 0.1677239 0.0000000 0.1841205 0.2020377 0.1359298 0.1756441 0.1893499 0.2171166 0.1925844 
Pseudochiridae_Pseudocheirus_occidentalis    0.0699131 0.1111063 0.0856947 0.0856968 0.0843321 0.1343471 0.0787896 0.0806372 0.0860699 0.1319718 0.0855162 0.1462014 0.1357715 0.0781505 0.0738571 0.1468966 0.1486103 0.1220968 0.1227823 0.0820929 0.0224847 0.2350061 0.2117707 0.1412947 0.0803521 0.0972950 0.0413764 0.1841205 0.0000000 0.1048210 0.1317252 0.0781228 0.1182759 0.1462186 0.1255802 
Tarsipedidae_Tarsipes_rostratus              0.1116850 0.1579638 0.1324120 0.1347031 0.1304787 0.1633867 0.1324259 0.1288799 0.1347964 0.1597171 0.1196343 0.1689567 0.1791522 0.1302907 0.1173246 0.1673549 0.1667320 0.1287216 0.1507690 0.1424486 0.1246305 0.2466772 0.2059521 0.1650824 0.1277302 0.1538506 0.1035611 0.2020377 0.1048210 0.0000000 0.1580207 0.1302704 0.1515206 0.1641256 0.1492796 
Acrobatidae_Distoechurus_pennatus            0.1327426 0.1638259 0.1402134 0.1387153 0.1384318 0.1846112 0.1409320 0.1418670 0.1399239 0.1724395 0.1467609 0.1991623 0.1889431 0.1486776 0.0919571 0.1952636 0.2012049 0.1139979 0.1813247 0.1547508 0.1531861 0.2550171 0.1804212 0.1945166 0.1410442 0.1561714 0.1233284 0.1359298 0.1317252 0.1580207 0.0000000 0.1490371 0.1608066 0.1997624 0.1708145 
Phalangeridae_Phalanger_carmelitae           0.0623169 0.1143957 0.0817873 0.0829632 0.0828657 0.1296974 0.0302983 0.0181769 0.0846405 0.1310443 0.0215636 0.1402027 0.1298057 0.0073880 0.0848448 0.1402757 0.1367494 0.1207320 0.1244219 0.0874086 0.0901900 0.2052461 0.2063003 0.1309979 0.0813544 0.0983248 0.0793086 0.1756441 0.0781228 0.1302704 0.1490371 0.0000000 0.1241249 0.1343666 0.1223675 
Peramelidae_Peroryctes_raffrayana            0.1059491 0.1182084 0.0999892 0.1219729 0.1203130 0.1222348 0.1219185 0.1239339 0.1196611 0.0299925 0.1339601 0.1319192 0.1262709 0.1252212 0.1047522 0.1324242 0.1254765 0.1037860 0.0179375 0.1261008 0.1353408 0.2061159 0.1902757 0.1229177 0.1166750 0.1157960 0.1161794 0.1893499 0.1182759 0.1515206 0.1608066 0.1241249 0.0000000 0.1210232 0.0230007 
Dasyuridae_Dasyurus_geffroii                 0.1177608 0.1382797 0.1218078 0.1430948 0.1406077 0.0157619 0.1327158 0.1370532 0.1400865 0.1347499 0.1439695 0.0255883 0.0534783 0.1367458 0.1312594 0.0250389 0.0094622 0.0270660 0.1274315 0.1495024 0.1609435 0.2397311 0.2138391 0.0216549 0.1411400 0.1281164 0.1450791 0.2171166 0.1462186 0.1641256 0.1997624 0.1343666 0.1210232 0.0000000 0.1254339 
Peramelidae_Perameles_gunnii                 0.1022988 0.1235742 0.1001054 0.1222674 0.1196224 0.1314977 0.1186765 0.1199176 0.1216799 0.0095631 0.1298767 0.1363318 0.1380773 0.1251477 0.1052659 0.1353474 0.1257421 0.1040140 0.0190819 0.1270592 0.1404721 0.2102481 0.2052932 0.1254323 0.1220886 0.1099123 0.1148318 0.1925844 0.1255802 0.1492796 0.1708145 0.1223675 0.0230007 0.1254339 0.0000000 
