35
Burramyidae_Burramys_parvus                  0.0000000 0.1015279 0.0737676 0.0735695 0.1071057 0.0657589 0.0653883 0.0776355 0.1159251 0.0664802 0.1036684 0.1009942 0.0664156 0.0686986 0.1011063 0.1067762 0.1015517 0.1136247 0.0688720 0.0687069 0.1147651 0.1111373 0.1033019 0.0736605 0.0853135 0.0683828 0.0724883 0.0730913 0.0884999 0.0765579 0.0668288 0.1141487 0.1059248 0.1126499 0.0484394 
Notoryctidae_Notoryctes_typhlops             0.1015279 0.0000000 0.0965413 0.0952670 0.1125250 0.1000187 0.0971500 0.1009595 0.1176277 0.0990432 0.1106875 0.1139964 0.0954721 0.0971299 0.1097847 0.1131530 0.1070004 0.1167772 0.0918641 0.0979974 0.1289517 0.1274801 0.1144524 0.0997927 0.0953346 0.1001221 0.0965047 0.1049170 0.1191140 0.1032373 0.0964193 0.1145983 0.1106638 0.1157745 0.0612871 
Potoroidae_Bettongia_penicillata             0.0737676 0.0965413 0.0000000 0.0041346 0.1053969 0.0736506 0.0739056 0.0170809 0.1150723 0.0733547 0.1063257 0.1037544 0.0736010 0.0753982 0.1044547 0.1062305 0.1041206 0.1122939 0.0245870 0.0712509 0.1248713 0.1247211 0.1039985 0.0487824 0.0871883 0.0708633 0.0277512 0.0778272 0.0839799 0.0800844 0.0731864 0.1110669 0.1046507 0.1126325 0.0525478 
Potoroidae_Bettongia_lesueur                 0.0735695 0.0952670 0.0041346 0.0000000 0.1040834 0.0741156 0.0743711 0.0174148 0.1140341 0.0738249 0.1048626 0.1014331 0.0740657 0.0762156 0.1031265 0.1042605 0.1019528 0.1112844 0.0249585 0.0714384 0.1253442 0.1241828 0.1026672 0.0483456 0.0862700 0.0720174 0.0287035 0.0778197 0.0855533 0.0805646 0.0736492 0.1105630 0.1026782 0.1116235 0.0523166 
Dasyuridae_Dasyurus_maculatus                0.1071057 0.1125250 0.1053969 0.1040834 0.0000000 0.1060263 0.1054543 0.1091279 0.1265535 0.1048413 0.0313725 0.0329776 0.1058658 0.1026992 0.0303443 0.0116190 0.0369406 0.1227048 0.1022421 0.1072556 0.1303786 0.1305563 0.0309444 0.1087225 0.1033971 0.1083394 0.1065607 0.1105589 0.1217334 0.1092100 0.1056447 0.1222361 0.0082815 0.1239975 0.0694646 
Phalangeridae_Trichosurus_vulpecula          0.0657589 0.1000187 0.0736506 0.0741156 0.1060263 0.0000000 0.0268580 0.0782269 0.1156854 0.0283960 0.1074339 0.1029029 0.0277491 0.0724916 0.1055086 0.1033515 0.1049780 0.1145745 0.0704428 0.0742850 0.1172321 0.1216619 0.1059181 0.0741977 0.0838553 0.0716462 0.0727090 0.0745502 0.0883379 0.0783954 0.0277055 0.1129147 0.1040268 0.1139501 0.0521979 
Phalangeridae_Spilocuscus_maculatus          0.0653883 0.0971500 0.0739056 0.0743711 0.1054543 0.0268580 0.0000000 0.0794583 0.1076565 0.0164498 0.1071914 0.1029965 0.0134009 0.0722525 0.1052660 0.1038360 0.1021018 0.1065857 0.0709549 0.0757467 0.1207291 0.1227061 0.1053225 0.0756869 0.0836599 0.0723531 0.0742214 0.0757322 0.0859473 0.0774612 0.0128173 0.1074442 0.1034519 0.1061670 0.0472625 
Potoroidae_Aepyprymnus_rufescens             0.0776355 0.1009595 0.0170809 0.0174148 0.1091279 0.0782269 0.0794583 0.0000000 0.1185098 0.0793709 0.1093373 0.1085427 0.0791894 0.0806271 0.1084598 0.1099701 0.1086972 0.1162503 0.0275080 0.0733762 0.1297902 0.1284323 0.1087671 0.0534458 0.0890564 0.0735233 0.0324510 0.0813887 0.0874686 0.0847761 0.0787631 0.1139657 0.1077094 0.1155570 0.0503130 
Peramelidae_Perameles_nasuta                 0.1159251 0.1176277 0.1150723 0.1140341 0.1265535 0.1156854 0.1076565 0.1185098 0.0000000 0.1090987 0.1312060 0.1254929 0.1077183 0.1144230 0.1310301 0.1278675 0.1270845 0.0202298 0.1123642 0.1176046 0.1468135 0.1517913 0.1309548 0.1151733 0.1096262 0.1156096 0.1165138 0.1189022 0.1253919 0.1174838 0.1089939 0.0214795 0.1276018 0.0011334 0.0731403 
Phalangeridae_Strigocuscus_pelengensis       0.0664802 0.0990432 0.0733547 0.0738249 0.1048413 0.0283960 0.0164498 0.0793709 0.1090987 0.0000000 0.1066247 0.1036303 0.0141039 0.0731679 0.1044657 0.1052522 0.1040480 0.1085815 0.0710234 0.0754364 0.1214122 0.1230461 0.1053719 0.0777802 0.0855873 0.0724164 0.0750096 0.0749638 0.0865308 0.0767813 0.0152717 0.1093144 0.1034928 0.1077253 0.0470784 
Dasyuridae_Phascogale_tapoatafa              0.1036684 0.1106875 0.1063257 0.1048626 0.0313725 0.1074339 0.1071914 0.1093373 0.1312060 0.1066247 0.0000000 0.0359137 0.1065135 0.1021739 0.0063855 0.0299676 0.0373249 0.1272736 0.1017280 0.1094298 0.1361069 0.1314851 0.0191481 0.1102475 0.1013684 0.1072327 0.1064602 0.1109316 0.1221522 0.1081135 0.1070126 0.1259163 0.0290447 0.1293997 0.0758553 
Dasyuridae_Sminthopsis_macroura              0.1009942 0.1139964 0.1037544 0.1014331 0.0329776 0.1029029 0.1029965 0.1085427 0.1254929 0.1036303 0.0359137 0.0000000 0.1030374 0.1050844 0.0351402 0.0330275 0.0291368 0.1199158 0.0999653 0.1072360 0.1290201 0.1263958 0.0351521 0.1074974 0.1000456 0.1087634 0.1035968 0.1116500 0.1242843 0.1091747 0.1024883 0.1215600 0.0309535 0.1226301 0.0689144 
Phalangeridae_Phalanger_orientalis           0.0664156 0.0954721 0.0736010 0.0740657 0.1058658 0.0277491 0.0134009 0.0791894 0.1077183 0.0141039 0.1065135 0.1030374 0.0000000 0.0710253 0.1042694 0.1042460 0.1025799 0.1087627 0.0719900 0.0725049 0.1203836 0.1212041 0.1053809 0.0773576 0.0850396 0.0713549 0.0748890 0.0736373 0.0855614 0.0763961 0.0066401 0.1089537 0.1035093 0.1066084 0.0480190 
Acrobatidae_Acrobates_pygmaeus               0.0686986 0.0971299 0.0753982 0.0762156 0.1026992 0.0724916 0.0722525 0.0806271 0.1144230 0.0731679 0.1021739 0.1050844 0.0710253 0.0000000 0.0999747 0.1048251 0.1032952 0.1128637 0.0742330 0.0632204 0.1233404 0.1170014 0.1034681 0.0788407 0.0876029 0.0632203 0.0778417 0.0681472 0.0792911 0.0403823 0.0718389 0.1115777 0.1038217 0.1120598 0.0529534 
Dasyuridae_Phascogale_calura                 0.1011063 0.1097847 0.1044547 0.1031265 0.0303443 0.1055086 0.1052660 0.1084598 0.1310301 0.1044657 0.0063855 0.0351402 0.1042694 0.0999747 0.0000000 0.0292328 0.0370116 0.1269501 0.0995550 0.1075799 0.1338743 0.1300696 0.0184912 0.1082998 0.0993745 0.1054726 0.1042771 0.1079313 0.1211542 0.1053235 0.1047404 0.1268080 0.0283166 0.1290288 0.0719897 
Dasyuridae_Sarcophilus_harrisii              0.1067762 0.1131530 0.1062305 0.1042605 0.0116190 0.1033515 0.1038360 0.1099701 0.1278675 0.1052522 0.0299676 0.0330275 0.1042460 0.1048251 0.0292328 0.0000000 0.0351942 0.1239445 0.1024023 0.1077474 0.1284257 0.1311451 0.0298334 0.1082233 0.1040497 0.1092365 0.1073712 0.1095766 0.1238323 0.1084142 0.1040284 0.1227308 0.0077212 0.1252373 0.0711560 
Dasyuridae_Planigale_tenuirostris            0.1015517 0.1070004 0.1041206 0.1019528 0.0369406 0.1049780 0.1021018 0.1086972 0.1270845 0.1040480 0.0373249 0.0291368 0.1025799 0.1032952 0.0370116 0.0351942 0.0000000 0.1235036 0.0988518 0.1052603 0.1323008 0.1316476 0.0375585 0.1060529 0.1004555 0.1031745 0.1033178 0.1082926 0.1221043 0.1074696 0.1020442 0.1231954 0.0348574 0.1245380 0.0679579 
Peramelidae_Echymipera_kalubu                0.1136247 0.1167772 0.1122939 0.1112844 0.1227048 0.1145745 0.1065857 0.1162503 0.0202298 0.1085815 0.1272736 0.1199158 0.1087627 0.1128637 0.1269501 0.1239445 0.1235036 0.0000000 0.1078006 0.1128707 0.1419337 0.1481764 0.1255540 0.1142664 0.1095829 0.1111062 0.1136045 0.1177833 0.1232278 0.1138127 0.1086233 0.0203982 0.1233420 0.0202198 0.0701092 
Macropodidae_Dorcopsulus_vanheurni           0.0688720 0.0918641 0.0245870 0.0249585 0.1022421 0.0704428 0.0709549 0.0275080 0.1123642 0.0710234 0.1017280 0.0999653 0.0719900 0.0742330 0.0995550 0.1024023 0.0988518 0.1078006 0.0000000 0.0649327 0.1233664 0.1232618 0.1001581 0.0432055 0.0826047 0.0637468 0.0155491 0.0724439 0.0801997 0.0752048 0.0706088 0.1071566 0.1008112 0.1096048 0.0502573 
Pseudochiridae_Pseudochirulus_forbesi        0.0687069 0.0979974 0.0712509 0.0714384 0.1072556 0.0742850 0.0757467 0.0733762 0.1176046 0.0754364 0.1094298 0.1072360 0.0725049 0.0632204 0.1075799 0.1077474 0.1052603 0.1128707 0.0649327 0.0000000 0.1142695 0.1225101 0.1066150 0.0729852 0.0820697 0.0322221 0.0682312 0.0206490 0.0709617 0.0672272 0.0716310 0.1117394 0.1055435 0.1156139 0.0585531 
Didelphidae_Didelphis_virginiana             0.1147651 0.1289517 0.1248713 0.1253442 0.1303786 0.1172321 0.1207291 0.1297902 0.1468135 0.1214122 0.1361069 0.1290201 0.1203836 0.1233404 0.1338743 0.1284257 0.1323008 0.1419337 0.1233664 0.1142695 0.0000000 0.0505516 0.1354939 0.1236362 0.1202335 0.1151254 0.1265385 0.1249286 0.1357433 0.1209005 0.1216651 0.1435610 0.1266265 0.1424120 0.0767139 
Marmosidae_Monodelphis_domestica             0.1111373 0.1274801 0.1247211 0.1241828 0.1305563 0.1216619 0.1227061 0.1284323 0.1517913 0.1230461 0.1314851 0.1263958 0.1212041 0.1170014 0.1300696 0.1311451 0.1316476 0.1481764 0.1232618 0.1225101 0.0505516 0.0000000 0.1324351 0.1257241 0.1148877 0.1169049 0.1266751 0.1282474 0.1393342 0.1228135 0.1221620 0.1484750 0.1290132 0.1487209 0.0856286 
Dasyuridae_Antechinus_stuartii               0.1033019 0.1144524 0.1039985 0.1026672 0.0309444 0.1059181 0.1053225 0.1087671 0.1309548 0.1053719 0.0191481 0.0351521 0.1053809 0.1034681 0.0184912 0.0298334 0.0375585 0.1255540 0.1001581 0.1066150 0.1354939 0.1324351 0.0000000 0.1090766 0.1002900 0.1042146 0.1038096 0.1100582 0.1211709 0.1054456 0.1051598 0.1264794 0.0280521 0.1279587 0.0716994 
Hypsiprymnodontidae_Hypsiprymnodon_moschatus 0.0736605 0.0997927 0.0487824 0.0483456 0.1087225 0.0741977 0.0756869 0.0534458 0.1151733 0.0777802 0.1102475 0.1074974 0.0773576 0.0788407 0.1082998 0.1082233 0.1060529 0.1142664 0.0432055 0.0729852 0.1236362 0.1257241 0.1090766 0.0000000 0.0867406 0.0723105 0.0496299 0.0815225 0.0946744 0.0825527 0.0769363 0.1128893 0.1059517 0.1130223 0.0561154 
Microbiotheriidae_Dromiciops_gliroides       0.0853135 0.0953346 0.0871883 0.0862700 0.1033971 0.0838553 0.0836599 0.0890564 0.1096262 0.0855873 0.1013684 0.1000456 0.0850396 0.0876029 0.0993745 0.1040497 0.1004555 0.1095829 0.0826047 0.0820697 0.1202335 0.1148877 0.1002900 0.0867406 0.0000000 0.0850062 0.0853857 0.0924331 0.0921925 0.0891103 0.0840169 0.1086087 0.1006204 0.1069550 0.0519551 
Pseudochiridae_Petauroides_volans            0.0683828 0.1001221 0.0708633 0.0720174 0.1083394 0.0716462 0.0723531 0.0735233 0.1156096 0.0724164 0.1072327 0.1087634 0.0713549 0.0632203 0.1054726 0.1092365 0.1031745 0.1111062 0.0637468 0.0322221 0.1151254 0.1169049 0.1042146 0.0723105 0.0850062 0.0000000 0.0654981 0.0330734 0.0710293 0.0657988 0.0709306 0.1124739 0.1074969 0.1141007 0.0546893 
Macropodidae_Wallabia_bicolor                0.0724883 0.0965047 0.0277512 0.0287035 0.1065607 0.0727090 0.0742214 0.0324510 0.1165138 0.0750096 0.1064602 0.1035968 0.0748890 0.0778417 0.1042771 0.1073712 0.1033178 0.1136045 0.0155491 0.0682312 0.1265385 0.1266751 0.1038096 0.0496299 0.0853857 0.0654981 0.0000000 0.0745652 0.0837847 0.0766461 0.0731839 0.1127012 0.1057928 0.1136378 0.0543412 
Pseudochiridae_Pseudocheirus_occidentalis    0.0730913 0.1049170 0.0778272 0.0778197 0.1105589 0.0745502 0.0757322 0.0813887 0.1189022 0.0749638 0.1109316 0.1116500 0.0736373 0.0681472 0.1079313 0.1095766 0.1082926 0.1177833 0.0724439 0.0206490 0.1249286 0.1282474 0.1100582 0.0815225 0.0924331 0.0330734 0.0745652 0.0000000 0.0710341 0.0691969 0.0738353 0.1161940 0.1081585 0.1179405 0.0577884 
Tarsipedidae_Tarsipes_rostratus              0.0884999 0.1191140 0.0839799 0.0855533 0.1217334 0.0883379 0.0859473 0.0874686 0.1253919 0.0865308 0.1221522 0.1242843 0.0855614 0.0792911 0.1211542 0.1238323 0.1221043 0.1232278 0.0801997 0.0709617 0.1357433 0.1393342 0.1211709 0.0946744 0.0921925 0.0710293 0.0837847 0.0710341 0.0000000 0.0868168 0.0857557 0.1222093 0.1226333 0.1240801 0.0670848 
Acrobatidae_Distoechurus_pennatus            0.0765579 0.1032373 0.0800844 0.0805646 0.1092100 0.0783954 0.0774612 0.0847761 0.1174838 0.0767813 0.1081135 0.1091747 0.0763961 0.0403823 0.1053235 0.1084142 0.1074696 0.1138127 0.0752048 0.0672272 0.1209005 0.1228135 0.1054456 0.0825527 0.0891103 0.0657988 0.0766461 0.0691969 0.0868168 0.0000000 0.0769456 0.1168783 0.1068659 0.1156688 0.0622555 
Phalangeridae_Phalanger_carmelitae           0.0668288 0.0964193 0.0731864 0.0736492 0.1056447 0.0277055 0.0128173 0.0787631 0.1089939 0.0152717 0.1070126 0.1024883 0.0066401 0.0718389 0.1047404 0.1040284 0.1020442 0.1086233 0.0706088 0.0716310 0.1216651 0.1221620 0.1051598 0.0769363 0.0840169 0.0709306 0.0731839 0.0738353 0.0857557 0.0769456 0.0000000 0.1081018 0.1032934 0.1067952 0.0461973 
Peramelidae_Peroryctes_raffrayana            0.1141487 0.1145983 0.1110669 0.1105630 0.1222361 0.1129147 0.1074442 0.1139657 0.0214795 0.1093144 0.1259163 0.1215600 0.1089537 0.1115777 0.1268080 0.1227308 0.1231954 0.0203982 0.1071566 0.1117394 0.1435610 0.1484750 0.1264794 0.1128893 0.1086087 0.1124739 0.1127012 0.1161940 0.1222093 0.1168783 0.1081018 0.0000000 0.1231852 0.0206829 0.0720603 
Dasyuridae_Dasyurus_geffroii                 0.1059248 0.1106638 0.1046507 0.1026782 0.0082815 0.1040268 0.1034519 0.1077094 0.1276018 0.1034928 0.0290447 0.0309535 0.1035093 0.1038217 0.0283166 0.0077212 0.0348574 0.1233420 0.1008112 0.1055435 0.1266265 0.1290132 0.0280521 0.1059517 0.1006204 0.1074969 0.1057928 0.1081585 0.1226333 0.1068659 0.1032934 0.1231852 0.0000000 0.1246350 0.0703454 
Peramelidae_Perameles_gunnii                 0.1126499 0.1157745 0.1126325 0.1116235 0.1239975 0.1139501 0.1061670 0.1155570 0.0011334 0.1077253 0.1293997 0.1226301 0.1066084 0.1120598 0.1290288 0.1252373 0.1245380 0.0202198 0.1096048 0.1156139 0.1424120 0.1487209 0.1279587 0.1130223 0.1069550 0.1141007 0.1136378 0.1179405 0.1240801 0.1156688 0.1067952 0.0206829 0.1246350 0.0000000 0.0712822 
Vombatidae_Lasiorhinus_latifrons             0.0484394 0.0612871 0.0525478 0.0523166 0.0694646 0.0521979 0.0472625 0.0503130 0.0731403 0.0470784 0.0758553 0.0689144 0.0480190 0.0529534 0.0719897 0.0711560 0.0679579 0.0701092 0.0502573 0.0585531 0.0767139 0.0856286 0.0716994 0.0561154 0.0519551 0.0546893 0.0543412 0.0577884 0.0670848 0.0622555 0.0461973 0.0720603 0.0703454 0.0712822 0.0000000 
