35
Burramyidae_Burramys_parvus                  0.0000000 0.0362898 0.0382856 0.0401514 0.0438124 0.0410352 0.0330488 0.0438891 0.0520921 0.0416776 0.0432574 0.0496354 0.0373713 0.0382788 0.0422284 0.0440864 0.0443091 0.0559683 0.0385687 0.0407410 0.0352727 0.0402584 0.0416077 0.0434209 0.0450025 0.0386634 0.0401790 0.0430431 0.0430908 0.0435309 0.0426001 0.0554149 0.0434045 0.0539836 0.1023202 
Vombatidae_Lasiorhinus_latifrons             0.0362898 0.0000000 0.0329802 0.0341267 0.0340279 0.0373183 0.0298877 0.0418285 0.0438974 0.0387937 0.0322484 0.0401364 0.0324947 0.0349599 0.0317195 0.0345948 0.0369934 0.0465502 0.0333708 0.0355153 0.0303295 0.0332797 0.0310895 0.0391732 0.0319992 0.0329449 0.0367313 0.0411683 0.0389424 0.0385597 0.0379882 0.0466702 0.0336646 0.0450259 0.0767373 
Potoroidae_Bettongia_penicillata             0.0382856 0.0329802 0.0000000 0.0027222 0.0401526 0.0390847 0.0306907 0.0129466 0.0509285 0.0381367 0.0399677 0.0427318 0.0337472 0.0346613 0.0394128 0.0415995 0.0406160 0.0535127 0.0152946 0.0355317 0.0325166 0.0374250 0.0388190 0.0276269 0.0402633 0.0353699 0.0174778 0.0409547 0.0407357 0.0366850 0.0381337 0.0512256 0.0405570 0.0519693 0.1027457 
Potoroidae_Bettongia_lesueur                 0.0401514 0.0341267 0.0027222 0.0000000 0.0411969 0.0397136 0.0310699 0.0147242 0.0531363 0.0388200 0.0402241 0.0429518 0.0344610 0.0357718 0.0396758 0.0422376 0.0418799 0.0552387 0.0162450 0.0370200 0.0350175 0.0396933 0.0394528 0.0285557 0.0422294 0.0360870 0.0184737 0.0424541 0.0421791 0.0373737 0.0387868 0.0534588 0.0411991 0.0541037 0.1023535 
Dasyuridae_Dasyurus_maculatus                0.0438124 0.0340279 0.0401526 0.0411969 0.0000000 0.0447971 0.0377744 0.0493765 0.0483190 0.0432194 0.0096447 0.0161861 0.0383474 0.0412711 0.0096063 0.0054396 0.0125659 0.0492762 0.0416552 0.0426080 0.0345141 0.0363495 0.0065582 0.0474562 0.0362217 0.0396467 0.0426801 0.0467261 0.0461482 0.0436850 0.0434413 0.0473529 0.0034430 0.0489623 0.0821265 
Phalangeridae_Trichosurus_vulpecula          0.0410352 0.0373183 0.0390847 0.0397136 0.0447971 0.0000000 0.0234798 0.0455083 0.0544072 0.0188744 0.0434164 0.0501427 0.0201531 0.0389143 0.0436356 0.0446961 0.0450250 0.0572595 0.0393752 0.0409482 0.0349613 0.0424607 0.0422507 0.0454817 0.0421497 0.0405468 0.0406635 0.0406820 0.0466248 0.0396771 0.0189214 0.0555560 0.0444078 0.0573192 0.1139481 
Phalangeridae_Spilocuscus_maculatus          0.0330488 0.0298877 0.0306907 0.0310699 0.0377744 0.0234798 0.0000000 0.0371684 0.0466873 0.0230626 0.0359323 0.0431012 0.0151870 0.0299020 0.0358341 0.0375244 0.0403125 0.0491970 0.0318863 0.0352080 0.0309442 0.0354109 0.0339979 0.0363449 0.0342919 0.0321919 0.0324005 0.0390866 0.0370159 0.0338719 0.0218365 0.0468025 0.0365930 0.0472688 0.0921848 
Potoroidae_Aepyprymnus_rufescens             0.0438891 0.0418285 0.0129466 0.0147242 0.0493765 0.0455083 0.0371684 0.0000000 0.0599710 0.0443895 0.0480412 0.0507829 0.0409774 0.0431351 0.0466403 0.0501539 0.0455493 0.0631664 0.0221608 0.0460504 0.0398965 0.0462648 0.0468876 0.0293910 0.0479336 0.0443627 0.0156900 0.0509497 0.0471727 0.0463449 0.0445403 0.0611723 0.0489853 0.0612412 0.1167066 
Peramelidae_Perameles_nasuta                 0.0520921 0.0438974 0.0509285 0.0531363 0.0483190 0.0544072 0.0466873 0.0599710 0.0000000 0.0543802 0.0482849 0.0550503 0.0517578 0.0496658 0.0483283 0.0481350 0.0536077 0.0062618 0.0543702 0.0499871 0.0420407 0.0491246 0.0469337 0.0609587 0.0505588 0.0499394 0.0569161 0.0531118 0.0522719 0.0513055 0.0562480 0.0059584 0.0475062 0.0000010 0.0996800 
Phalangeridae_Strigocuscus_pelengensis       0.0416776 0.0387937 0.0381367 0.0388200 0.0432194 0.0188744 0.0230626 0.0443895 0.0543802 0.0000000 0.0401175 0.0483434 0.0144466 0.0379702 0.0411768 0.0408807 0.0435883 0.0589552 0.0388638 0.0401331 0.0327772 0.0416452 0.0397469 0.0445740 0.0415106 0.0387572 0.0398269 0.0402586 0.0449521 0.0399121 0.0095859 0.0546366 0.0419969 0.0574397 0.1135045 
Dasyuridae_Phascogale_tapoatafa              0.0432574 0.0322484 0.0399677 0.0402241 0.0096447 0.0434164 0.0359323 0.0480412 0.0482849 0.0401175 0.0000000 0.0158975 0.0373720 0.0390843 0.0015424 0.0097717 0.0111167 0.0507077 0.0406834 0.0412124 0.0329871 0.0353385 0.0046525 0.0459871 0.0360016 0.0382308 0.0417064 0.0457560 0.0419235 0.0406514 0.0420947 0.0489854 0.0084871 0.0495730 0.0869910 
Dasyuridae_Sminthopsis_macroura              0.0496354 0.0401364 0.0427318 0.0429518 0.0161861 0.0501427 0.0431012 0.0507829 0.0550503 0.0483434 0.0158975 0.0000000 0.0436483 0.0437758 0.0158345 0.0152552 0.0145600 0.0567177 0.0450034 0.0483648 0.0385018 0.0392617 0.0139657 0.0514238 0.0413867 0.0445719 0.0456573 0.0485979 0.0499436 0.0478438 0.0479705 0.0549469 0.0146269 0.0564146 0.0967506 
Phalangeridae_Phalanger_orientalis           0.0373713 0.0324947 0.0337472 0.0344610 0.0383474 0.0201531 0.0151870 0.0409774 0.0517578 0.0144466 0.0373720 0.0436483 0.0000000 0.0341036 0.0372417 0.0381461 0.0412917 0.0551007 0.0348932 0.0366169 0.0294132 0.0368363 0.0354242 0.0382610 0.0362554 0.0356265 0.0354578 0.0423658 0.0400796 0.0380564 0.0103881 0.0529307 0.0371733 0.0527822 0.1012274 
Acrobatidae_Acrobates_pygmaeus               0.0382788 0.0349599 0.0346613 0.0357718 0.0412711 0.0389143 0.0299020 0.0431351 0.0496658 0.0379702 0.0390843 0.0437758 0.0341036 0.0000000 0.0393612 0.0411147 0.0416049 0.0538932 0.0370167 0.0341997 0.0390626 0.0396437 0.0379276 0.0413376 0.0423132 0.0316551 0.0379885 0.0366455 0.0368565 0.0277430 0.0395986 0.0533004 0.0400786 0.0519719 0.0946916 
Dasyuridae_Phascogale_calura                 0.0422284 0.0317195 0.0394128 0.0396758 0.0096063 0.0436356 0.0358341 0.0466403 0.0483283 0.0411768 0.0015424 0.0158345 0.0372417 0.0393612 0.0000000 0.0097461 0.0111056 0.0501371 0.0397126 0.0414812 0.0328243 0.0356216 0.0046355 0.0454199 0.0362704 0.0381134 0.0411598 0.0467535 0.0421895 0.0413431 0.0423648 0.0490297 0.0084533 0.0490238 0.0846009 
Dasyuridae_Sarcophilus_harrisii              0.0440864 0.0345948 0.0415995 0.0422376 0.0054396 0.0446961 0.0375244 0.0501539 0.0481350 0.0408807 0.0097717 0.0152552 0.0381461 0.0411147 0.0097461 0.0000000 0.0116631 0.0511650 0.0427050 0.0420666 0.0337968 0.0345232 0.0066584 0.0475306 0.0346186 0.0390558 0.0429478 0.0462523 0.0460076 0.0443362 0.0429054 0.0484034 0.0042738 0.0501453 0.0827782 
Dasyuridae_Planigale_tenuirostris            0.0443091 0.0369934 0.0406160 0.0418799 0.0125659 0.0450250 0.0403125 0.0455493 0.0536077 0.0435883 0.0111167 0.0145600 0.0412917 0.0416049 0.0111056 0.0116631 0.0000000 0.0561009 0.0394869 0.0453393 0.0336623 0.0384021 0.0106548 0.0474548 0.0391802 0.0432506 0.0433161 0.0500255 0.0497304 0.0439711 0.0453502 0.0558691 0.0115957 0.0537384 0.0971936 
Peramelidae_Echymipera_kalubu                0.0559683 0.0465502 0.0535127 0.0552387 0.0492762 0.0572595 0.0491970 0.0631664 0.0062618 0.0589552 0.0507077 0.0567177 0.0551007 0.0538932 0.0501371 0.0511650 0.0561009 0.0000000 0.0556473 0.0521273 0.0462374 0.0524682 0.0487285 0.0611978 0.0516059 0.0529549 0.0577290 0.0566237 0.0568194 0.0580165 0.0602949 0.0063034 0.0492610 0.0065161 0.0990382 
Macropodidae_Dorcopsulus_vanheurni           0.0385687 0.0333708 0.0152946 0.0162450 0.0416552 0.0393752 0.0318863 0.0221608 0.0543702 0.0388638 0.0406834 0.0450034 0.0348932 0.0370167 0.0397126 0.0427050 0.0394869 0.0556473 0.0000000 0.0407304 0.0315637 0.0381161 0.0395277 0.0289936 0.0405604 0.0365728 0.0153186 0.0447141 0.0429855 0.0378241 0.0400133 0.0555328 0.0416576 0.0557422 0.0920130 
Pseudochiridae_Pseudochirulus_forbesi        0.0407410 0.0355153 0.0355317 0.0370200 0.0426080 0.0409482 0.0352080 0.0460504 0.0499871 0.0401331 0.0412124 0.0483648 0.0366169 0.0341997 0.0414812 0.0420666 0.0453393 0.0521273 0.0407304 0.0000000 0.0380843 0.0397701 0.0400393 0.0444171 0.0432052 0.0212781 0.0408534 0.0143388 0.0345388 0.0382571 0.0417426 0.0515355 0.0418178 0.0505653 0.1125185 
Didelphidae_Didelphis_virginiana             0.0352727 0.0303295 0.0325166 0.0350175 0.0345141 0.0349613 0.0309442 0.0398965 0.0420407 0.0327772 0.0329871 0.0385018 0.0294132 0.0390626 0.0328243 0.0337968 0.0336623 0.0462374 0.0315637 0.0380843 0.0000000 0.0117742 0.0324906 0.0377678 0.0332663 0.0354922 0.0331505 0.0409263 0.0402891 0.0429617 0.0336747 0.0458376 0.0327719 0.0441375 0.0742612 
Marmosidae_Monodelphis_domestica             0.0402584 0.0332797 0.0374250 0.0396933 0.0363495 0.0424607 0.0354109 0.0462648 0.0491246 0.0416452 0.0353385 0.0392617 0.0368363 0.0396437 0.0356216 0.0345232 0.0384021 0.0524682 0.0381161 0.0397701 0.0117742 0.0000000 0.0333939 0.0454518 0.0353605 0.0363878 0.0382903 0.0441002 0.0433502 0.0437279 0.0403779 0.0506497 0.0359636 0.0497264 0.0848457 
Dasyuridae_Antechinus_stuartii               0.0416077 0.0310895 0.0388190 0.0394528 0.0065582 0.0422507 0.0339979 0.0468876 0.0469337 0.0397469 0.0046525 0.0139657 0.0354242 0.0379276 0.0046355 0.0066584 0.0106548 0.0487285 0.0395277 0.0400393 0.0324906 0.0333939 0.0000000 0.0448417 0.0342116 0.0365990 0.0408608 0.0447348 0.0422994 0.0407447 0.0405497 0.0475612 0.0053987 0.0480105 0.0777132 
Hypsiprymnodontidae_Hypsiprymnodon_moschatus 0.0434209 0.0391732 0.0276269 0.0285557 0.0474562 0.0454817 0.0363449 0.0293910 0.0609587 0.0445740 0.0459871 0.0514238 0.0382610 0.0413376 0.0454199 0.0475306 0.0474548 0.0611978 0.0289936 0.0444171 0.0377678 0.0454518 0.0448417 0.0000000 0.0489644 0.0447688 0.0254923 0.0523129 0.0472108 0.0429667 0.0444943 0.0613420 0.0470472 0.0618942 0.1181806 
Microbiotheriidae_Dromiciops_gliroides       0.0450025 0.0319992 0.0402633 0.0422294 0.0362217 0.0421497 0.0342919 0.0479336 0.0505588 0.0415106 0.0360016 0.0413867 0.0362554 0.0423132 0.0362704 0.0346186 0.0391802 0.0516059 0.0405604 0.0432052 0.0332663 0.0353605 0.0342116 0.0489644 0.0000000 0.0412142 0.0443654 0.0499265 0.0489249 0.0483244 0.0421291 0.0508587 0.0357826 0.0512706 0.0935959 
Pseudochiridae_Petauroides_volans            0.0386634 0.0329449 0.0353699 0.0360870 0.0396467 0.0405468 0.0321919 0.0443627 0.0499394 0.0387572 0.0382308 0.0445719 0.0356265 0.0316551 0.0381134 0.0390558 0.0432506 0.0529549 0.0365728 0.0212781 0.0354922 0.0363878 0.0365990 0.0447688 0.0412142 0.0000000 0.0383101 0.0261253 0.0326694 0.0349029 0.0408147 0.0515037 0.0388524 0.0506006 0.1028505 
Macropodidae_Wallabia_bicolor                0.0401790 0.0367313 0.0174778 0.0184737 0.0426801 0.0406635 0.0324005 0.0156900 0.0569161 0.0398269 0.0417064 0.0456573 0.0354578 0.0379885 0.0411598 0.0429478 0.0433161 0.0577290 0.0153186 0.0408534 0.0331505 0.0382903 0.0408608 0.0254923 0.0443654 0.0383101 0.0000000 0.0463049 0.0449138 0.0400139 0.0398590 0.0576265 0.0422694 0.0578077 0.1073426 
Pseudochiridae_Pseudocheirus_occidentalis    0.0430431 0.0411683 0.0409547 0.0424541 0.0467261 0.0406820 0.0390866 0.0509497 0.0531118 0.0402586 0.0457560 0.0485979 0.0423658 0.0366455 0.0467535 0.0462523 0.0500255 0.0566237 0.0447141 0.0143388 0.0409263 0.0441002 0.0447348 0.0523129 0.0499265 0.0261253 0.0463049 0.0000000 0.0347745 0.0326990 0.0413540 0.0568624 0.0454391 0.0542171 0.1443022 
Tarsipedidae_Tarsipes_rostratus              0.0430908 0.0389424 0.0407357 0.0421791 0.0461482 0.0466248 0.0370159 0.0471727 0.0522719 0.0449521 0.0419235 0.0499436 0.0400796 0.0368565 0.0421895 0.0460076 0.0497304 0.0568194 0.0429855 0.0345388 0.0402891 0.0433502 0.0422994 0.0472108 0.0489249 0.0326694 0.0449138 0.0347745 0.0000000 0.0405716 0.0444324 0.0528568 0.0445219 0.0541671 0.1110886 
Acrobatidae_Distoechurus_pennatus            0.0435309 0.0385597 0.0366850 0.0373737 0.0436850 0.0396771 0.0338719 0.0463449 0.0513055 0.0399121 0.0406514 0.0478438 0.0380564 0.0277430 0.0413431 0.0443362 0.0439711 0.0580165 0.0378241 0.0382571 0.0429617 0.0437279 0.0407447 0.0429667 0.0483244 0.0349029 0.0400139 0.0326990 0.0405716 0.0000000 0.0387045 0.0537339 0.0428967 0.0556784 0.1094717 
Phalangeridae_Phalanger_carmelitae           0.0426001 0.0379882 0.0381337 0.0387868 0.0434413 0.0189214 0.0218365 0.0445403 0.0562480 0.0095859 0.0420947 0.0479705 0.0103881 0.0395986 0.0423648 0.0429054 0.0453502 0.0602949 0.0400133 0.0417426 0.0336747 0.0403779 0.0405497 0.0444943 0.0421291 0.0408147 0.0398590 0.0413540 0.0444324 0.0387045 0.0000000 0.0570013 0.0422672 0.0587887 0.1084735 
Peramelidae_Peroryctes_raffrayana            0.0554149 0.0466702 0.0512256 0.0534588 0.0473529 0.0555560 0.0468025 0.0611723 0.0059584 0.0546366 0.0489854 0.0549469 0.0529307 0.0533004 0.0490297 0.0484034 0.0558691 0.0063034 0.0555328 0.0515355 0.0458376 0.0506497 0.0475612 0.0613420 0.0508587 0.0515037 0.0576265 0.0568624 0.0528568 0.0537339 0.0570013 0.0000000 0.0473220 0.0063187 0.1042565 
Dasyuridae_Dasyurus_geffroii                 0.0434045 0.0336646 0.0405570 0.0411991 0.0034430 0.0444078 0.0365930 0.0489853 0.0475062 0.0419969 0.0084871 0.0146269 0.0371733 0.0400786 0.0084533 0.0042738 0.0115957 0.0492610 0.0416576 0.0418178 0.0327719 0.0359636 0.0053987 0.0470472 0.0357826 0.0388524 0.0422694 0.0454391 0.0445219 0.0428967 0.0422672 0.0473220 0.0000000 0.0481646 0.0821966 
Peramelidae_Perameles_gunnii                 0.0539836 0.0450259 0.0519693 0.0541037 0.0489623 0.0573192 0.0472688 0.0612412 0.0000010 0.0574397 0.0495730 0.0564146 0.0527822 0.0519719 0.0490238 0.0501453 0.0537384 0.0065161 0.0557422 0.0505653 0.0441375 0.0497264 0.0480105 0.0618942 0.0512706 0.0506006 0.0578077 0.0542171 0.0541671 0.0556784 0.0587887 0.0063187 0.0481646 0.0000000 0.1005875 
Notoryctidae_Notoryctes_typhlops             0.1023202 0.0767373 0.1027457 0.1023535 0.0821265 0.1139481 0.0921848 0.1167066 0.0996800 0.1135045 0.0869910 0.0967506 0.1012274 0.0946916 0.0846009 0.0827782 0.0971936 0.0990382 0.0920130 0.1125185 0.0742612 0.0848457 0.0777132 0.1181806 0.0935959 0.1028505 0.1073426 0.1443022 0.1110886 0.1094717 0.1084735 0.1042565 0.0821966 0.1005875 0.0000000 
