35
Burramyidae_Burramys_parvus                  0.0000000 0.0758781 0.0696199 0.0742297 0.1080292 0.0595549 0.0609771 0.0702202 0.1194161 0.0585285 0.0991480 0.1098925 0.0586737 0.0651441 0.0984915 0.1017494 0.1000999 0.1165695 0.0678165 0.0726023 0.1395120 0.1244255 0.0911313 0.0734414 0.1000709 0.0660677 0.0700226 0.0777763 0.0868565 0.0710652 0.0574648 0.1126129 0.1016703 0.1243959 0.0861015 
Vombatidae_Lasiorhinus_latifrons             0.0758781 0.0000000 0.0808387 0.0856424 0.1040505 0.0708864 0.0765204 0.0864315 0.1184032 0.0706340 0.0976718 0.1128149 0.0770482 0.0889023 0.0940302 0.1003855 0.0874536 0.1163319 0.0876597 0.0807765 0.1483069 0.1368331 0.0879947 0.0831633 0.1012849 0.0779114 0.0890576 0.0913852 0.0964324 0.0945819 0.0783260 0.1072995 0.0995677 0.1229151 0.0831478 
Potoroidae_Bettongia_penicillata             0.0696199 0.0808387 0.0000000 0.0083832 0.1120719 0.0729603 0.0806891 0.0136477 0.1410425 0.0756674 0.1065950 0.1187350 0.0803460 0.0813142 0.1026959 0.1094007 0.0987764 0.1355680 0.0315723 0.0819989 0.1507571 0.1408549 0.0997180 0.0522938 0.1079464 0.0811923 0.0317882 0.0932266 0.0973793 0.0834710 0.0792498 0.1255514 0.1101168 0.1468754 0.0952281 
Potoroidae_Bettongia_lesueur                 0.0742297 0.0856424 0.0083832 0.0000000 0.1186000 0.0782563 0.0867658 0.0169029 0.1470723 0.0813845 0.1137833 0.1261435 0.0856972 0.0857356 0.1071764 0.1167280 0.1042625 0.1410810 0.0342974 0.0865459 0.1553502 0.1461423 0.1032774 0.0581153 0.1136561 0.0858602 0.0352321 0.0964909 0.1038712 0.0894900 0.0845780 0.1300992 0.1166332 0.1528865 0.0985782 
Dasyuridae_Dasyurus_maculatus                0.1080292 0.1040505 0.1120719 0.1186000 0.0000000 0.1100368 0.1138175 0.1115648 0.1453920 0.1142322 0.0281235 0.0540446 0.1147008 0.1244128 0.0309047 0.0179758 0.0373149 0.1405710 0.1079138 0.1263547 0.1768512 0.1619598 0.0290002 0.1149038 0.1206965 0.1180266 0.1126454 0.1387063 0.1358272 0.1297678 0.1167242 0.1333619 0.0137249 0.1500449 0.1016419 
Phalangeridae_Trichosurus_vulpecula          0.0595549 0.0708864 0.0729603 0.0782563 0.1100368 0.0000000 0.0399191 0.0780983 0.1273823 0.0397932 0.1042605 0.1199981 0.0392721 0.0808832 0.1003364 0.1054552 0.1022085 0.1229097 0.0739961 0.0779039 0.1533652 0.1406320 0.0956842 0.0818652 0.1062811 0.0724677 0.0779276 0.0839606 0.0962168 0.0799306 0.0366116 0.1143019 0.1009710 0.1329606 0.0916496 
Phalangeridae_Spilocuscus_maculatus          0.0609771 0.0765204 0.0806891 0.0867658 0.1138175 0.0399191 0.0000000 0.0849266 0.1349001 0.0178045 0.1074446 0.1217494 0.0169499 0.0759376 0.1062180 0.1100632 0.1065341 0.1288138 0.0818901 0.0817769 0.1503121 0.1376658 0.1015418 0.0835964 0.1084522 0.0721116 0.0849927 0.0840891 0.0968806 0.0828322 0.0176507 0.1187620 0.1083029 0.1397347 0.0969139 
Potoroidae_Aepyprymnus_rufescens             0.0702202 0.0864315 0.0136477 0.0169029 0.1115648 0.0780983 0.0849266 0.0000000 0.1470561 0.0794943 0.1044426 0.1199331 0.0838697 0.0817663 0.1015917 0.1115517 0.0956820 0.1407248 0.0307598 0.0848769 0.1516121 0.1452710 0.0977604 0.0558584 0.1135526 0.0825071 0.0309820 0.0964376 0.1019176 0.0854561 0.0827476 0.1308793 0.1096189 0.1528678 0.0973836 
Peramelidae_Perameles_nasuta                 0.1194161 0.1184032 0.1410425 0.1470723 0.1453920 0.1273823 0.1349001 0.1470561 0.0000000 0.1345437 0.1388287 0.1463491 0.1327611 0.1424199 0.1362466 0.1402159 0.1315043 0.0253869 0.1356966 0.1396918 0.1850662 0.1650108 0.1338065 0.1393020 0.1422452 0.1309422 0.1432776 0.1542070 0.1400192 0.1471926 0.1331110 0.0283872 0.1418878 0.0032552 0.1224545 
Phalangeridae_Strigocuscus_pelengensis       0.0585285 0.0706340 0.0756674 0.0813845 0.1142322 0.0397932 0.0178045 0.0794943 0.1345437 0.0000000 0.1083749 0.1249651 0.0206256 0.0757735 0.1076450 0.1092439 0.1063844 0.1307808 0.0807646 0.0775481 0.1494462 0.1423138 0.1022460 0.0803657 0.1071618 0.0732211 0.0846032 0.0848162 0.1011008 0.0799200 0.0207098 0.1205376 0.1091998 0.1399159 0.0959707 
Dasyuridae_Phascogale_tapoatafa              0.0991480 0.0976718 0.1065950 0.1137833 0.0281235 0.1042605 0.1074446 0.1044426 0.1388287 0.1083749 0.0000000 0.0470693 0.1072595 0.1167997 0.0118218 0.0284707 0.0307528 0.1328788 0.1024355 0.1249664 0.1707436 0.1564543 0.0169937 0.1123723 0.1129089 0.1113154 0.1087859 0.1327484 0.1324490 0.1274691 0.1092241 0.1219422 0.0246952 0.1433790 0.0942578 
Dasyuridae_Sminthopsis_macroura              0.1098925 0.1128149 0.1187350 0.1261435 0.0540446 0.1199981 0.1217494 0.1199331 0.1463491 0.1249651 0.0470693 0.0000000 0.1249806 0.1262449 0.0457718 0.0502989 0.0405602 0.1445673 0.1168435 0.1247279 0.1768705 0.1643184 0.0407584 0.1280150 0.1222465 0.1160913 0.1215228 0.1367995 0.1477125 0.1364431 0.1261177 0.1395411 0.0452164 0.1499846 0.1035009 
Phalangeridae_Phalanger_orientalis           0.0586737 0.0770482 0.0803460 0.0856972 0.1147008 0.0392721 0.0169499 0.0838697 0.1327611 0.0206256 0.1072595 0.1249806 0.0000000 0.0771326 0.1077455 0.1109461 0.1048229 0.1262708 0.0815438 0.0815822 0.1515138 0.1399666 0.1032621 0.0809806 0.1066756 0.0720777 0.0824184 0.0809061 0.0965560 0.0843213 0.0077440 0.1168821 0.1091772 0.1384538 0.0999514 
Acrobatidae_Acrobates_pygmaeus               0.0651441 0.0889023 0.0813142 0.0857356 0.1244128 0.0808832 0.0759376 0.0817663 0.1424199 0.0757735 0.1167997 0.1262449 0.0771326 0.0000000 0.1115535 0.1178853 0.1111897 0.1318517 0.0803367 0.0794811 0.1585541 0.1506992 0.1057032 0.0871709 0.1148346 0.0843183 0.0839939 0.0875063 0.0916867 0.0554146 0.0743755 0.1262336 0.1177485 0.1491089 0.0913282 
Dasyuridae_Phascogale_calura                 0.0984915 0.0940302 0.1026959 0.1071764 0.0309047 0.1003364 0.1062180 0.1015917 0.1362466 0.1076450 0.0118218 0.0457718 0.1077455 0.1115535 0.0000000 0.0332590 0.0299456 0.1316608 0.0984714 0.1145324 0.1686349 0.1522481 0.0137117 0.1086989 0.1095069 0.1064578 0.1033893 0.1229789 0.1347019 0.1173058 0.1072202 0.1237652 0.0264672 0.1407827 0.0908567 
Dasyuridae_Sarcophilus_harrisii              0.1017494 0.1003855 0.1094007 0.1167280 0.0179758 0.1054552 0.1100632 0.1115517 0.1402159 0.1092439 0.0284707 0.0502989 0.1109461 0.1178853 0.0332590 0.0000000 0.0388400 0.1366710 0.1070767 0.1199860 0.1703416 0.1569377 0.0298541 0.1114386 0.1138662 0.1106541 0.1108434 0.1299063 0.1331086 0.1257823 0.1129621 0.1283208 0.0146303 0.1446800 0.0959503 
Dasyuridae_Planigale_tenuirostris            0.1000999 0.0874536 0.0987764 0.1042625 0.0373149 0.1022085 0.1065341 0.0956820 0.1315043 0.1063844 0.0307528 0.0405602 0.1048229 0.1111897 0.0299456 0.0388400 0.0000000 0.1261880 0.0959537 0.1058928 0.1554985 0.1462281 0.0327759 0.0993404 0.1081705 0.1117531 0.0976162 0.1250848 0.1277341 0.1185476 0.1061374 0.1128008 0.0292656 0.1358480 0.0935308 
Peramelidae_Echymipera_kalubu                0.1165695 0.1163319 0.1355680 0.1410810 0.1405710 0.1229097 0.1288138 0.1407248 0.0253869 0.1307808 0.1328788 0.1445673 0.1262708 0.1318517 0.1316608 0.1366710 0.1261880 0.0000000 0.1257388 0.1352528 0.1751070 0.1592677 0.1305926 0.1331012 0.1325343 0.1296047 0.1325486 0.1455575 0.1320271 0.1381780 0.1266984 0.0181897 0.1389403 0.0277551 0.1197347 
Macropodidae_Dorcopsulus_vanheurni           0.0678165 0.0876597 0.0315723 0.0342974 0.1079138 0.0739961 0.0818901 0.0307598 0.1356966 0.0807646 0.1024355 0.1168435 0.0815438 0.0803367 0.0984714 0.1070767 0.0959537 0.1257388 0.0000000 0.0826128 0.1527739 0.1432859 0.0944324 0.0510264 0.1076043 0.0796271 0.0125344 0.0896168 0.1004219 0.0849808 0.0834800 0.1154261 0.1058654 0.1420212 0.0995261 
Pseudochiridae_Pseudochirulus_forbesi        0.0726023 0.0807765 0.0819989 0.0865459 0.1263547 0.0779039 0.0817769 0.0848769 0.1396918 0.0775481 0.1249664 0.1247279 0.0815822 0.0794811 0.1145324 0.1199860 0.1058928 0.1352528 0.0826128 0.0000000 0.1515844 0.1448307 0.1086542 0.0845801 0.1152189 0.0461420 0.0856200 0.0331519 0.0772163 0.0801390 0.0819223 0.1264453 0.1225909 0.1453239 0.0960141 
Didelphidae_Didelphis_virginiana             0.1395120 0.1483069 0.1507571 0.1553502 0.1768512 0.1533652 0.1503121 0.1516121 0.1850662 0.1494462 0.1707436 0.1768705 0.1515138 0.1585541 0.1686349 0.1703416 0.1554985 0.1751070 0.1527739 0.1515844 0.0000000 0.0589884 0.1632123 0.1548017 0.1591804 0.1540254 0.1512826 0.1649996 0.1704426 0.1564244 0.1537858 0.1677319 0.1687155 0.1870126 0.1512549 
Marmosidae_Monodelphis_domestica             0.1244255 0.1368331 0.1408549 0.1461423 0.1619598 0.1406320 0.1376658 0.1452710 0.1650108 0.1423138 0.1564543 0.1643184 0.1399666 0.1506992 0.1522481 0.1569377 0.1462281 0.1592677 0.1432859 0.1448307 0.0589884 0.0000000 0.1457396 0.1508329 0.1487384 0.1474702 0.1414441 0.1544178 0.1616664 0.1514698 0.1394935 0.1531301 0.1575255 0.1677795 0.1437568 
Dasyuridae_Antechinus_stuartii               0.0911313 0.0879947 0.0997180 0.1032774 0.0290002 0.0956842 0.1015418 0.0977604 0.1338065 0.1022460 0.0169937 0.0407584 0.1032621 0.1057032 0.0137117 0.0298541 0.0327759 0.1305926 0.0944324 0.1086542 0.1632123 0.1457396 0.0000000 0.1029780 0.1025718 0.1025806 0.1007141 0.1201988 0.1328861 0.1111892 0.1034546 0.1216435 0.0245185 0.1368670 0.0876927 
Hypsiprymnodontidae_Hypsiprymnodon_moschatus 0.0734414 0.0831633 0.0522938 0.0581153 0.1149038 0.0818652 0.0835964 0.0558584 0.1393020 0.0803657 0.1123723 0.1280150 0.0809806 0.0871709 0.1086989 0.1114386 0.0993404 0.1331012 0.0510264 0.0845801 0.1548017 0.1508329 0.1029780 0.0000000 0.1098819 0.0829908 0.0528419 0.0916329 0.0994533 0.0821854 0.0823271 0.1246466 0.1129600 0.1459575 0.0955484 
Microbiotheriidae_Dromiciops_gliroides       0.1000709 0.1012849 0.1079464 0.1136561 0.1206965 0.1062811 0.1084522 0.1135526 0.1422452 0.1071618 0.1129089 0.1222465 0.1066756 0.1148346 0.1095069 0.1138662 0.1081705 0.1325343 0.1076043 0.1152189 0.1591804 0.1487384 0.1025718 0.1098819 0.0000000 0.1101326 0.1147824 0.1312583 0.1411765 0.1117123 0.1113433 0.1240762 0.1149602 0.1451959 0.0820018 
Pseudochiridae_Petauroides_volans            0.0660677 0.0779114 0.0811923 0.0858602 0.1180266 0.0724677 0.0721116 0.0825071 0.1309422 0.0732211 0.1113154 0.1160913 0.0720777 0.0843183 0.1064578 0.1106541 0.1117531 0.1296047 0.0796271 0.0461420 0.1540254 0.1474702 0.1025806 0.0829908 0.1101326 0.0000000 0.0827990 0.0565884 0.0842232 0.0829870 0.0724193 0.1194783 0.1124527 0.1338760 0.0849398 
Macropodidae_Wallabia_bicolor                0.0700226 0.0890576 0.0317882 0.0352321 0.1126454 0.0779276 0.0849927 0.0309820 0.1432776 0.0846032 0.1087859 0.1215228 0.0824184 0.0839939 0.1033893 0.1108434 0.0976162 0.1325486 0.0125344 0.0856200 0.1512826 0.1414441 0.1007141 0.0528419 0.1147824 0.0827990 0.0000000 0.0938371 0.1009089 0.0881388 0.0843361 0.1241430 0.1106657 0.1495564 0.1003950 
Pseudochiridae_Pseudocheirus_occidentalis    0.0777763 0.0913852 0.0932266 0.0964909 0.1387063 0.0839606 0.0840891 0.0964376 0.1542070 0.0848162 0.1327484 0.1367995 0.0809061 0.0875063 0.1229789 0.1299063 0.1250848 0.1455575 0.0896168 0.0331519 0.1649996 0.1544178 0.1201988 0.0916329 0.1312583 0.0565884 0.0938371 0.0000000 0.0943160 0.0900113 0.0829981 0.1363733 0.1326771 0.1590664 0.1051141 
Tarsipedidae_Tarsipes_rostratus              0.0868565 0.0964324 0.0973793 0.1038712 0.1358272 0.0962168 0.0968806 0.1019176 0.1400192 0.1011008 0.1324490 0.1477125 0.0965560 0.0916867 0.1347019 0.1331086 0.1277341 0.1320271 0.1004219 0.0772163 0.1704426 0.1616664 0.1328861 0.0994533 0.1411765 0.0842232 0.1009089 0.0943160 0.0000000 0.1024448 0.0952318 0.1228158 0.1356330 0.1452012 0.1217042 
Acrobatidae_Distoechurus_pennatus            0.0710652 0.0945819 0.0834710 0.0894900 0.1297678 0.0799306 0.0828322 0.0854561 0.1471926 0.0799200 0.1274691 0.1364431 0.0843213 0.0554146 0.1173058 0.1257823 0.1185476 0.1381780 0.0849808 0.0801390 0.1564244 0.1514698 0.1111892 0.0821854 0.1117123 0.0829870 0.0881388 0.0900113 0.1024448 0.0000000 0.0832460 0.1311807 0.1257171 0.1530464 0.1006504 
Phalangeridae_Phalanger_carmelitae           0.0574648 0.0783260 0.0792498 0.0845780 0.1167242 0.0366116 0.0176507 0.0827476 0.1331110 0.0207098 0.1092241 0.1261177 0.0077440 0.0743755 0.1072202 0.1129621 0.1061374 0.1266984 0.0834800 0.0819223 0.1537858 0.1394935 0.1034546 0.0823271 0.1113433 0.0724193 0.0843361 0.0829981 0.0952318 0.0832460 0.0000000 0.1188830 0.1111707 0.1388212 0.0979407 
Peramelidae_Peroryctes_raffrayana            0.1126129 0.1072995 0.1255514 0.1300992 0.1333619 0.1143019 0.1187620 0.1308793 0.0283872 0.1205376 0.1219422 0.1395411 0.1168821 0.1262336 0.1237652 0.1283208 0.1128008 0.0181897 0.1154261 0.1264453 0.1677319 0.1531301 0.1216435 0.1246466 0.1240762 0.1194783 0.1241430 0.1363733 0.1228158 0.1311807 0.1188830 0.0000000 0.1315554 0.0310397 0.1056438 
Dasyuridae_Dasyurus_geffroii                 0.1016703 0.0995677 0.1101168 0.1166332 0.0137249 0.1009710 0.1083029 0.1096189 0.1418878 0.1091998 0.0246952 0.0452164 0.1091772 0.1177485 0.0264672 0.0146303 0.0292656 0.1389403 0.1058654 0.1225909 0.1687155 0.1575255 0.0245185 0.1129600 0.1149602 0.1124527 0.1106657 0.1326771 0.1356330 0.1257171 0.1111707 0.1315554 0.0000000 0.1465101 0.0935078 
Peramelidae_Perameles_gunnii                 0.1243959 0.1229151 0.1468754 0.1528865 0.1500449 0.1329606 0.1397347 0.1528678 0.0032552 0.1399159 0.1433790 0.1499846 0.1384538 0.1491089 0.1407827 0.1446800 0.1358480 0.0277551 0.1420212 0.1453239 0.1870126 0.1677795 0.1368670 0.1459575 0.1451959 0.1338760 0.1495564 0.1590664 0.1452012 0.1530464 0.1388212 0.0310397 0.1465101 0.0000000 0.1234794 
Notoryctidae_Notoryctes_typhlops             0.0861015 0.0831478 0.0952281 0.0985782 0.1016419 0.0916496 0.0969139 0.0973836 0.1224545 0.0959707 0.0942578 0.1035009 0.0999514 0.0913282 0.0908567 0.0959503 0.0935308 0.1197347 0.0995261 0.0960141 0.1512549 0.1437568 0.0876927 0.0955484 0.0820018 0.0849398 0.1003950 0.1051141 0.1217042 0.1006504 0.0979407 0.1056438 0.0935078 0.1234794 0.0000000 
