35
Burramyidae_Burramys_parvus                  0.0000000 0.0583452 0.0361275 0.0538510 0.0390244 0.0481437 0.0514706 0.0638934 0.0471994 0.0509160 0.0525877 0.0381699 0.0437640 0.0512395 0.0528055 0.0540472 0.0616781 0.0574354 0.0620402 0.0721059 0.0676809 0.0516508 0.0435512 0.0618827 0.0479521 0.0576638 0.0596677 0.0504584 0.0374969 0.0618394 0.0562252 0.0591029 0.0495836 0.0596515 0.0272885 
Notoryctidae_Notoryctes_typhlops             0.0583452 0.0000000 0.0498202 0.0619615 0.0590367 0.0659347 0.0652541 0.0688592 0.0645913 0.0613525 0.0601479 0.0575144 0.0617627 0.0611402 0.0605192 0.0606617 0.0656412 0.0696683 0.0809365 0.0796107 0.0739449 0.0592535 0.0524597 0.0784514 0.0627469 0.0752444 0.0712796 0.0664469 0.0563341 0.0656721 0.0632251 0.0653406 0.0538991 0.0627854 0.0360678 
Vombatidae_Lasiorhinus_latifrons             0.0361275 0.0498202 0.0000000 0.0631609 0.0491615 0.0465556 0.0546788 0.0616745 0.0447436 0.0583428 0.0575567 0.0473873 0.0514007 0.0577643 0.0594166 0.0601643 0.0653507 0.0503265 0.0627842 0.0665127 0.0682271 0.0634232 0.0452383 0.0590737 0.0502491 0.0576356 0.0543067 0.0500458 0.0456331 0.0643645 0.0622466 0.0634720 0.0342291 0.0396328 0.0210484 
Dasyuridae_Dasyurus_maculatus                0.0538510 0.0619615 0.0631609 0.0000000 0.0716173 0.0758337 0.0773105 0.0895475 0.0753942 0.0198459 0.0229674 0.0692513 0.0754835 0.0206472 0.0070246 0.0304815 0.0857919 0.0824943 0.0957770 0.0891501 0.0828969 0.0237391 0.0563630 0.0925183 0.0737649 0.0879791 0.0762045 0.0808794 0.0683493 0.0880597 0.0073461 0.0837996 0.0548593 0.0648932 0.0309641 
Phalangeridae_Trichosurus_vulpecula          0.0390244 0.0590367 0.0491615 0.0716173 0.0000000 0.0270121 0.0681808 0.0790972 0.0288183 0.0684245 0.0731498 0.0198336 0.0547160 0.0683422 0.0715378 0.0748020 0.0771654 0.0566143 0.0707747 0.0858768 0.0817752 0.0748056 0.0529164 0.0602509 0.0587110 0.0645294 0.0612281 0.0632739 0.0180687 0.0756691 0.0765739 0.0766919 0.0470952 0.0568818 0.0266159 
Phalangeridae_Spilocuscus_maculatus          0.0481437 0.0659347 0.0465556 0.0758337 0.0270121 0.0000000 0.0705733 0.0878120 0.0172074 0.0738953 0.0690890 0.0207386 0.0611947 0.0734621 0.0685588 0.0721036 0.0830512 0.0736370 0.0751713 0.0888990 0.0887897 0.0794095 0.0548417 0.0794128 0.0633321 0.0680877 0.0658812 0.0659222 0.0196931 0.0841677 0.0736340 0.0841147 0.0537145 0.0633675 0.0348645 
Potoroidae_Aepyprymnus_rufescens             0.0514706 0.0652541 0.0546788 0.0773105 0.0681808 0.0705733 0.0000000 0.0840792 0.0715867 0.0760590 0.0687140 0.0651948 0.0758551 0.0759909 0.0720983 0.0747589 0.0838028 0.0338949 0.0882057 0.0866766 0.0858204 0.0746036 0.0594885 0.0794018 0.0344316 0.0778682 0.0670175 0.0741179 0.0639404 0.0828256 0.0729654 0.0827270 0.0129144 0.0230222 0.0329847 
Peramelidae_Perameles_nasuta                 0.0638934 0.0688592 0.0616745 0.0895475 0.0790972 0.0878120 0.0840792 0.0000000 0.0835515 0.0840867 0.0852688 0.0791758 0.0833676 0.0840290 0.0848315 0.0866224 0.0231915 0.0864478 0.1015072 0.0927118 0.0935538 0.0861813 0.0735492 0.1019541 0.0800956 0.0938361 0.0813734 0.0854511 0.0776603 0.0288917 0.0864625 0.0077860 0.0572712 0.0673820 0.0354491 
Phalangeridae_Strigocuscus_pelengensis       0.0471994 0.0645913 0.0447436 0.0753942 0.0288183 0.0172074 0.0715867 0.0835515 0.0000000 0.0729432 0.0670215 0.0200081 0.0638571 0.0728208 0.0656821 0.0694002 0.0793555 0.0739482 0.0749110 0.0889530 0.0892642 0.0782855 0.0583946 0.0794968 0.0646882 0.0711363 0.0666773 0.0670675 0.0172989 0.0832957 0.0714811 0.0807193 0.0535070 0.0622703 0.0363079 
Dasyuridae_Phascogale_tapoatafa              0.0509160 0.0613525 0.0583428 0.0198459 0.0684245 0.0738953 0.0760590 0.0840867 0.0729432 0.0000000 0.0206552 0.0655049 0.0723739 0.0011011 0.0182400 0.0280080 0.0821012 0.0797811 0.0941436 0.0861555 0.0812282 0.0187936 0.0561345 0.0891767 0.0707544 0.0893672 0.0763223 0.0799836 0.0642870 0.0825596 0.0214508 0.0789268 0.0524287 0.0627741 0.0313559 
Dasyuridae_Sminthopsis_macroura              0.0525877 0.0601479 0.0575567 0.0229674 0.0731498 0.0690890 0.0687140 0.0852688 0.0670215 0.0206552 0.0000000 0.0688707 0.0767871 0.0209252 0.0204703 0.0219579 0.0849251 0.0720919 0.0892872 0.0784139 0.0797734 0.0249274 0.0579541 0.0814423 0.0728309 0.0802176 0.0764931 0.0784523 0.0673532 0.0905204 0.0220465 0.0849300 0.0469409 0.0533468 0.0311418 
Phalangeridae_Phalanger_orientalis           0.0381699 0.0575144 0.0473873 0.0692513 0.0198336 0.0207386 0.0651948 0.0791758 0.0200081 0.0655049 0.0688707 0.0000000 0.0559020 0.0653740 0.0679323 0.0707335 0.0756666 0.0617950 0.0719195 0.0850783 0.0804221 0.0708062 0.0493888 0.0694893 0.0578089 0.0653227 0.0592670 0.0626547 0.0046656 0.0746112 0.0732803 0.0751712 0.0484140 0.0576416 0.0243022 
Acrobatidae_Acrobates_pygmaeus               0.0437640 0.0617627 0.0514007 0.0754835 0.0547160 0.0611947 0.0758551 0.0833676 0.0638571 0.0723739 0.0767871 0.0559020 0.0000000 0.0706220 0.0763948 0.0737805 0.0820527 0.0751902 0.0615500 0.0902564 0.0853416 0.0790511 0.0582450 0.0578387 0.0664828 0.0550053 0.0525174 0.0355397 0.0547839 0.0793599 0.0800938 0.0788524 0.0441397 0.0544042 0.0184168 
Dasyuridae_Phascogale_calura                 0.0512395 0.0611402 0.0577643 0.0206472 0.0683422 0.0734621 0.0759909 0.0840290 0.0728208 0.0011011 0.0209252 0.0653740 0.0706220 0.0000000 0.0190479 0.0280488 0.0818268 0.0801426 0.0940191 0.0854557 0.0812580 0.0195946 0.0558629 0.0882676 0.0706304 0.0889205 0.0758872 0.0783484 0.0641434 0.0823269 0.0223819 0.0789604 0.0514295 0.0621950 0.0307688 
Dasyuridae_Sarcophilus_harrisii              0.0528055 0.0605192 0.0594166 0.0070246 0.0715378 0.0685588 0.0720983 0.0848315 0.0656821 0.0182400 0.0204703 0.0679323 0.0763948 0.0190479 0.0000000 0.0290608 0.0851706 0.0739299 0.0887441 0.0854501 0.0835801 0.0231831 0.0573343 0.0804968 0.0742807 0.0811956 0.0737792 0.0778056 0.0667711 0.0899415 0.0082880 0.0837705 0.0476512 0.0541060 0.0307050 
Dasyuridae_Planigale_tenuirostris            0.0540472 0.0606617 0.0601643 0.0304815 0.0748020 0.0721036 0.0747589 0.0866224 0.0694002 0.0280080 0.0219579 0.0707335 0.0737805 0.0280488 0.0290608 0.0000000 0.0878719 0.0736897 0.0847572 0.0832496 0.0832461 0.0336216 0.0605796 0.0793542 0.0737754 0.0782675 0.0770760 0.0750851 0.0691638 0.0926638 0.0291982 0.0870523 0.0481396 0.0543371 0.0309426 
Peramelidae_Echymipera_kalubu                0.0616781 0.0656412 0.0653507 0.0857919 0.0771654 0.0830512 0.0838028 0.0231915 0.0793555 0.0821012 0.0849251 0.0756666 0.0820527 0.0818268 0.0851706 0.0878719 0.0000000 0.0864213 0.0977688 0.0935362 0.0902043 0.0851309 0.0682393 0.0993019 0.0801580 0.0913507 0.0801294 0.0806759 0.0739426 0.0230486 0.0868386 0.0184211 0.0585107 0.0696586 0.0352517 
Macropodidae_Dorcopsulus_vanheurni           0.0574354 0.0696683 0.0503265 0.0824943 0.0566143 0.0736370 0.0338949 0.0864478 0.0739482 0.0797811 0.0720919 0.0617950 0.0751902 0.0801426 0.0739299 0.0736897 0.0864213 0.0000000 0.0912082 0.0947117 0.0914124 0.0816502 0.0642127 0.0790186 0.0126473 0.0814908 0.0722601 0.0753276 0.0641992 0.0858598 0.0753374 0.0844354 0.0312798 0.0451262 0.0370785 
Pseudochiridae_Pseudochirulus_forbesi        0.0620402 0.0809365 0.0627842 0.0957770 0.0707747 0.0751713 0.0882057 0.1015072 0.0749110 0.0941436 0.0892872 0.0719195 0.0615500 0.0940191 0.0887441 0.0847572 0.0977688 0.0912082 0.0000000 0.1047568 0.1028089 0.0979255 0.0793393 0.0603179 0.0803046 0.0251023 0.0670040 0.0657912 0.0697718 0.1025168 0.0909771 0.0969472 0.0619259 0.0712696 0.0459034 
Didelphidae_Didelphis_virginiana             0.0721059 0.0796107 0.0665127 0.0891501 0.0858768 0.0888990 0.0866766 0.0927118 0.0889530 0.0861555 0.0784139 0.0850783 0.0902564 0.0854557 0.0854501 0.0832496 0.0935362 0.0947117 0.1047568 0.0000000 0.0363829 0.0876946 0.0751380 0.1059053 0.0864638 0.0988854 0.0902454 0.0918860 0.0829371 0.0963791 0.0847696 0.0898252 0.0688314 0.0791116 0.0487484 
Marmosidae_Monodelphis_domestica             0.0676809 0.0739449 0.0682271 0.0828969 0.0817752 0.0887897 0.0858204 0.0935538 0.0892642 0.0812282 0.0797734 0.0804221 0.0853416 0.0812580 0.0835801 0.0832461 0.0902043 0.0914124 0.1028089 0.0363829 0.0000000 0.0810784 0.0659393 0.1002993 0.0834604 0.0953632 0.0854635 0.0878425 0.0802971 0.0913492 0.0836460 0.0895035 0.0635462 0.0732565 0.0391512 
Dasyuridae_Antechinus_stuartii               0.0516508 0.0592535 0.0634232 0.0237391 0.0748056 0.0794095 0.0746036 0.0861813 0.0782855 0.0187936 0.0249274 0.0708062 0.0790511 0.0195946 0.0231831 0.0336216 0.0851309 0.0816502 0.0979255 0.0876946 0.0810784 0.0000000 0.0616839 0.0955839 0.0726094 0.0922297 0.0745644 0.0854107 0.0689456 0.0864795 0.0244065 0.0815202 0.0511347 0.0614986 0.0309914 
Microbiotheriidae_Dromiciops_gliroides       0.0435512 0.0524597 0.0452383 0.0563630 0.0529164 0.0548417 0.0594885 0.0735492 0.0583946 0.0561345 0.0579541 0.0493888 0.0582450 0.0558629 0.0573343 0.0605796 0.0682393 0.0642127 0.0793393 0.0751380 0.0659393 0.0616839 0.0000000 0.0804715 0.0525577 0.0704042 0.0583630 0.0618805 0.0481399 0.0697644 0.0610410 0.0683476 0.0411073 0.0528353 0.0291799 
Pseudochiridae_Petauroides_volans            0.0618827 0.0784514 0.0590737 0.0925183 0.0602509 0.0794128 0.0794018 0.1019541 0.0794968 0.0891767 0.0814423 0.0694893 0.0578387 0.0882676 0.0804968 0.0793542 0.0993019 0.0790186 0.0603179 0.1059053 0.1002993 0.0955839 0.0804715 0.0000000 0.0693259 0.0580304 0.0685866 0.0689278 0.0722486 0.1011339 0.0842718 0.0979555 0.0607678 0.0742099 0.0464435 
Macropodidae_Wallabia_bicolor                0.0479521 0.0627469 0.0502491 0.0737649 0.0587110 0.0633321 0.0344316 0.0800956 0.0646882 0.0707544 0.0728309 0.0578089 0.0664828 0.0706304 0.0742807 0.0737754 0.0801580 0.0126473 0.0803046 0.0864638 0.0834604 0.0726094 0.0525577 0.0693259 0.0000000 0.0691309 0.0632606 0.0672859 0.0558520 0.0779635 0.0760921 0.0780038 0.0279879 0.0365231 0.0261544 
Pseudochiridae_Pseudocheirus_occidentalis    0.0576638 0.0752444 0.0576356 0.0879791 0.0645294 0.0680877 0.0778682 0.0938361 0.0711363 0.0893672 0.0802176 0.0653227 0.0550053 0.0889205 0.0811956 0.0782675 0.0913507 0.0814908 0.0251023 0.0988854 0.0953632 0.0922297 0.0704042 0.0580304 0.0691309 0.0000000 0.0548388 0.0595518 0.0634661 0.0973553 0.0828503 0.0921488 0.0488320 0.0587347 0.0388096 
Tarsipedidae_Tarsipes_rostratus              0.0596677 0.0712796 0.0543067 0.0762045 0.0612281 0.0658812 0.0670175 0.0813734 0.0666773 0.0763223 0.0764931 0.0592670 0.0525174 0.0758872 0.0737792 0.0770760 0.0801294 0.0722601 0.0670040 0.0902454 0.0854635 0.0745644 0.0583630 0.0685866 0.0632606 0.0548388 0.0000000 0.0583198 0.0571425 0.0753119 0.0768888 0.0781265 0.0587667 0.0689984 0.0301383 
Acrobatidae_Distoechurus_pennatus            0.0504584 0.0664469 0.0500458 0.0808794 0.0632739 0.0659222 0.0741179 0.0854511 0.0670675 0.0799836 0.0784523 0.0626547 0.0355397 0.0783484 0.0778056 0.0750851 0.0806759 0.0753276 0.0657912 0.0918860 0.0878425 0.0854107 0.0618805 0.0689278 0.0672859 0.0595518 0.0583198 0.0000000 0.0598986 0.0830756 0.0796504 0.0820562 0.0493259 0.0587358 0.0276860 
Phalangeridae_Phalanger_carmelitae           0.0374969 0.0563341 0.0456331 0.0683493 0.0180687 0.0196931 0.0639404 0.0776603 0.0172989 0.0642870 0.0673532 0.0046656 0.0547839 0.0641434 0.0667711 0.0691638 0.0739426 0.0641992 0.0697718 0.0829371 0.0802971 0.0689456 0.0481399 0.0722486 0.0558520 0.0634661 0.0571425 0.0598986 0.0000000 0.0731775 0.0720968 0.0744200 0.0463813 0.0566088 0.0240321 
Peramelidae_Peroryctes_raffrayana            0.0618394 0.0656721 0.0643645 0.0880597 0.0756691 0.0841677 0.0828256 0.0288917 0.0832957 0.0825596 0.0905204 0.0746112 0.0793599 0.0823269 0.0899415 0.0926638 0.0230486 0.0858598 0.1025168 0.0963791 0.0913492 0.0864795 0.0697644 0.1011339 0.0779635 0.0973553 0.0753119 0.0830756 0.0731775 0.0000000 0.0912984 0.0220848 0.0572946 0.0700530 0.0333200 
Dasyuridae_Dasyurus_geffroii                 0.0562252 0.0632251 0.0622466 0.0073461 0.0765739 0.0736340 0.0729654 0.0864625 0.0714811 0.0214508 0.0220465 0.0732803 0.0800938 0.0223819 0.0082880 0.0291982 0.0868386 0.0753374 0.0909771 0.0847696 0.0836460 0.0244065 0.0610410 0.0842718 0.0760921 0.0828503 0.0768888 0.0796504 0.0720968 0.0912984 0.0000000 0.0853455 0.0499035 0.0563610 0.0327777 
Peramelidae_Perameles_gunnii                 0.0591029 0.0653406 0.0634720 0.0837996 0.0766919 0.0841147 0.0827270 0.0077860 0.0807193 0.0789268 0.0849300 0.0751712 0.0788524 0.0789604 0.0837705 0.0870523 0.0184211 0.0844354 0.0969472 0.0898252 0.0895035 0.0815202 0.0683476 0.0979555 0.0780038 0.0921488 0.0781265 0.0820562 0.0744200 0.0220848 0.0853455 0.0000000 0.0574670 0.0681620 0.0308211 
Potoroidae_Bettongia_penicillata             0.0495836 0.0538991 0.0342291 0.0548593 0.0470952 0.0537145 0.0129144 0.0572712 0.0535070 0.0524287 0.0469409 0.0484140 0.0441397 0.0514295 0.0476512 0.0481396 0.0585107 0.0312798 0.0619259 0.0688314 0.0635462 0.0511347 0.0411073 0.0607678 0.0279879 0.0488320 0.0587667 0.0493259 0.0463813 0.0572946 0.0499035 0.0574670 0.0000000 0.0149894 0.0312809 
Potoroidae_Bettongia_lesueur                 0.0596515 0.0627854 0.0396328 0.0648932 0.0568818 0.0633675 0.0230222 0.0673820 0.0622703 0.0627741 0.0533468 0.0576416 0.0544042 0.0621950 0.0541060 0.0543371 0.0696586 0.0451262 0.0712696 0.0791116 0.0732565 0.0614986 0.0528353 0.0742099 0.0365231 0.0587347 0.0689984 0.0587358 0.0566088 0.0700530 0.0563610 0.0681620 0.0149894 0.0000000 0.0420070 
Hypsiprymnodontidae_Hypsiprymnodon_moschatus 0.0272885 0.0360678 0.0210484 0.0309641 0.0266159 0.0348645 0.0329847 0.0354491 0.0363079 0.0313559 0.0311418 0.0243022 0.0184168 0.0307688 0.0307050 0.0309426 0.0352517 0.0370785 0.0459034 0.0487484 0.0391512 0.0309914 0.0291799 0.0464435 0.0261544 0.0388096 0.0301383 0.0276860 0.0240321 0.0333200 0.0327777 0.0308211 0.0312809 0.0420070 0.0000000 
