35
Burramyidae_Burramys_parvus                  0.0000000 0.1489050 0.0449165 0.0448007 0.0455512 0.0543331 0.0479208 0.0491779 0.0504985 0.1004416 0.0378488 0.0396603 0.0569795 0.0458485 0.0532282 0.0532107 0.0524461 0.0633831 0.0763830 0.0420102 0.0567027 0.0820106 0.0738086 0.0533376 0.0434085 0.0734598 0.0473145 0.0409467 0.0440218 0.0734471 0.0538063 0.1113626 0.0811847 0.0525670 0.0810817 
Notoryctidae_Notoryctes_typhlops             0.1489050 0.0000000 0.1369974 0.1541636 0.1492117 0.1481468 0.1516453 0.1556167 0.1543008 0.2103438 0.1356507 0.1646912 0.1513429 0.1440793 0.1462815 0.1466094 0.1448313 0.1960237 0.1679530 0.1569613 0.1682036 0.1980734 0.1711261 0.1485873 0.1430013 0.1621119 0.1518606 0.1446536 0.1596263 0.1661515 0.1596247 0.0837393 0.1701637 0.1441304 0.1874601 
Vombatidae_Lasiorhinus_latifrons             0.0449165 0.1369974 0.0000000 0.0466871 0.0465392 0.0440883 0.0467085 0.0497689 0.0482099 0.0893907 0.0373125 0.0353140 0.0473591 0.0448776 0.0508306 0.0448445 0.0423323 0.0551943 0.0657622 0.0393175 0.0575752 0.0819954 0.0689235 0.0449883 0.0449615 0.0649061 0.0447334 0.0394353 0.0424645 0.0639244 0.0519521 0.1063793 0.0718949 0.0424258 0.0732839 
Potoroidae_Bettongia_penicillata             0.0448007 0.1541636 0.0466871 0.0000000 0.0055427 0.0542675 0.0529227 0.0489484 0.0162357 0.0987271 0.0391277 0.0470272 0.0660746 0.0460425 0.0586714 0.0575163 0.0556789 0.0676626 0.0762922 0.0180156 0.0601799 0.0865464 0.0805174 0.0584309 0.0336149 0.0810877 0.0497632 0.0170708 0.0444903 0.0718822 0.0546090 0.1084009 0.0792686 0.0541708 0.0830503 
Potoroidae_Bettongia_lesueur                 0.0455512 0.1492117 0.0465392 0.0055427 0.0000000 0.0541064 0.0535698 0.0506168 0.0147727 0.0995222 0.0406335 0.0460807 0.0658572 0.0467072 0.0584779 0.0573305 0.0555002 0.0664768 0.0760550 0.0154500 0.0599841 0.0884487 0.0802300 0.0582996 0.0319793 0.0791158 0.0496533 0.0155687 0.0434883 0.0707939 0.0544324 0.1053768 0.0807582 0.0539970 0.0848010 
Dasyuridae_Dasyurus_maculatus                0.0543331 0.1481468 0.0440883 0.0542675 0.0541064 0.0000000 0.0602385 0.0568288 0.0541936 0.0913095 0.0496839 0.0103262 0.0228629 0.0564584 0.0568493 0.0119259 0.0027486 0.0391807 0.0697861 0.0442160 0.0653548 0.0830516 0.0739209 0.0119761 0.0475364 0.0807583 0.0530147 0.0444888 0.0404538 0.0724915 0.0593506 0.1226401 0.0760905 0.0041321 0.0762176 
Phalangeridae_Trichosurus_vulpecula          0.0479208 0.1516453 0.0467085 0.0529227 0.0535698 0.0602385 0.0000000 0.0211961 0.0569487 0.1145771 0.0176320 0.0506044 0.0681243 0.0170105 0.0536728 0.0620016 0.0583248 0.0756845 0.0891649 0.0492667 0.0621852 0.0986415 0.0838019 0.0612953 0.0485652 0.0888330 0.0499395 0.0447270 0.0488810 0.0729158 0.0580997 0.0748621 0.0969881 0.0584590 0.0916349 
Phalangeridae_Spilocuscus_maculatus          0.0491779 0.1556167 0.0497689 0.0489484 0.0506168 0.0568288 0.0211961 0.0000000 0.0515478 0.1132002 0.0091888 0.0506172 0.0657304 0.0096109 0.0550621 0.0578101 0.0548546 0.0766682 0.0871298 0.0465036 0.0605975 0.0991429 0.0819349 0.0578767 0.0463444 0.0865886 0.0486679 0.0396809 0.0479528 0.0710195 0.0573234 0.0707891 0.0951894 0.0549870 0.0882004 
Potoroidae_Aepyprymnus_rufescens             0.0504985 0.1543008 0.0482099 0.0162357 0.0147727 0.0541936 0.0569487 0.0515478 0.0000000 0.1075527 0.0447443 0.0451007 0.0676517 0.0516120 0.0602574 0.0582467 0.0555899 0.0630687 0.0831574 0.0213959 0.0652401 0.0928840 0.0813471 0.0575713 0.0335462 0.0803687 0.0529511 0.0184975 0.0444609 0.0754629 0.0596185 0.1121778 0.0880318 0.0557167 0.0916963 
Peramelidae_Perameles_nasuta                 0.1004416 0.2103438 0.0893907 0.0987271 0.0995222 0.0913095 0.1145771 0.1132002 0.1075527 0.0000000 0.0986319 0.0824526 0.0961075 0.1102215 0.1057101 0.0922932 0.0910419 0.0954017 0.0282987 0.1023433 0.1070282 0.1298396 0.1193942 0.0942437 0.1045742 0.1268751 0.0927800 0.0923736 0.0901805 0.1277533 0.1053008 0.1960547 0.0330809 0.0873459 0.0170813 
Phalangeridae_Strigocuscus_pelengensis       0.0378488 0.1356507 0.0373125 0.0391277 0.0406335 0.0496839 0.0176320 0.0091888 0.0447443 0.0986319 0.0000000 0.0372442 0.0566528 0.0064420 0.0463128 0.0505098 0.0479370 0.0631773 0.0757976 0.0370248 0.0518263 0.0871198 0.0740897 0.0506535 0.0390731 0.0771756 0.0405279 0.0335001 0.0365070 0.0650074 0.0494451 0.0630431 0.0832461 0.0479481 0.0812448 
Dasyuridae_Phascogale_tapoatafa              0.0396603 0.1646912 0.0353140 0.0470272 0.0460807 0.0103262 0.0506044 0.0506172 0.0451007 0.0824526 0.0372442 0.0000000 0.0219327 0.0472733 0.0499438 0.0000010 0.0085451 0.0380463 0.0571691 0.0345629 0.0453225 0.0739033 0.0608529 0.0050895 0.0354421 0.0699784 0.0380373 0.0364910 0.0375789 0.0615288 0.0536117 0.1314376 0.0622550 0.0085648 0.0632042 
Dasyuridae_Sminthopsis_macroura              0.0569795 0.1513429 0.0473591 0.0660746 0.0658572 0.0228629 0.0681243 0.0657304 0.0676517 0.0961075 0.0566528 0.0219327 0.0000000 0.0642098 0.0627987 0.0229235 0.0214212 0.0338532 0.0723694 0.0573996 0.0689108 0.0887238 0.0767072 0.0230409 0.0574358 0.0863953 0.0580554 0.0568176 0.0484266 0.0719354 0.0630977 0.1331292 0.0777002 0.0243910 0.0799027 
Phalangeridae_Phalanger_orientalis           0.0458485 0.1440793 0.0448776 0.0460425 0.0467072 0.0564584 0.0170105 0.0096109 0.0516120 0.1102215 0.0064420 0.0472733 0.0642098 0.0000000 0.0524206 0.0582004 0.0546051 0.0703865 0.0857063 0.0449788 0.0575442 0.0954785 0.0801497 0.0573949 0.0442072 0.0831589 0.0462885 0.0379360 0.0435255 0.0686169 0.0518982 0.0571736 0.0933832 0.0547289 0.0886706 
Acrobatidae_Acrobates_pygmaeus               0.0532282 0.1462815 0.0508306 0.0586714 0.0584779 0.0568493 0.0536728 0.0550621 0.0602574 0.1057101 0.0463128 0.0499438 0.0627987 0.0524206 0.0000000 0.0576367 0.0549404 0.0729063 0.0814083 0.0488796 0.0562390 0.0867400 0.0773452 0.0578312 0.0500519 0.0859700 0.0423290 0.0477935 0.0419736 0.0637987 0.0272343 0.1138684 0.0859227 0.0550677 0.0910782 
Dasyuridae_Phascogale_calura                 0.0532107 0.1466094 0.0448445 0.0575163 0.0573305 0.0119259 0.0620016 0.0578101 0.0582467 0.0922932 0.0505098 0.0000010 0.0229235 0.0582004 0.0576367 0.0000000 0.0104779 0.0381367 0.0697082 0.0487148 0.0627532 0.0829847 0.0716700 0.0076419 0.0499311 0.0795432 0.0537937 0.0493014 0.0376855 0.0746332 0.0595432 0.1271971 0.0733565 0.0119063 0.0751794 
Dasyuridae_Sarcophilus_harrisii              0.0524461 0.1448313 0.0423323 0.0556789 0.0555002 0.0027486 0.0583248 0.0548546 0.0555899 0.0910419 0.0479370 0.0085451 0.0214212 0.0546051 0.0549404 0.0104779 0.0000000 0.0401182 0.0686507 0.0458451 0.0633966 0.0852391 0.0737172 0.0105085 0.0473351 0.0785473 0.0511932 0.0443114 0.0383249 0.0716248 0.0566261 0.1209400 0.0748799 0.0027437 0.0749282 
Dasyuridae_Planigale_tenuirostris            0.0633831 0.1960237 0.0551943 0.0676626 0.0664768 0.0391807 0.0756845 0.0766682 0.0630687 0.0954017 0.0631773 0.0380463 0.0338532 0.0703865 0.0729063 0.0381367 0.0401182 0.0000000 0.0725929 0.0637444 0.0682167 0.0969239 0.0849443 0.0382068 0.0597901 0.0920783 0.0570815 0.0561277 0.0622676 0.0779081 0.0757872 0.1632668 0.0796297 0.0402263 0.0829914 
Peramelidae_Echymipera_kalubu                0.0763830 0.1679530 0.0657622 0.0762922 0.0760550 0.0697861 0.0891649 0.0871298 0.0831574 0.0282987 0.0757976 0.0571691 0.0723694 0.0857063 0.0814083 0.0697082 0.0686507 0.0725929 0.0000000 0.0719359 0.0827826 0.1049325 0.0927330 0.0725265 0.0787471 0.0999437 0.0722293 0.0675563 0.0609779 0.0998196 0.0799561 0.1550793 0.0105812 0.0662767 0.0121740 
Macropodidae_Dorcopsulus_vanheurni           0.0420102 0.1569613 0.0393175 0.0180156 0.0154500 0.0442160 0.0492667 0.0465036 0.0213959 0.1023433 0.0370248 0.0345629 0.0573996 0.0449788 0.0488796 0.0487148 0.0458451 0.0637444 0.0719359 0.0000000 0.0536479 0.0775693 0.0667551 0.0477636 0.0248901 0.0720944 0.0419207 0.0056197 0.0325236 0.0636938 0.0493173 0.1189555 0.0793631 0.0459635 0.0841388 
Pseudochiridae_Pseudochirulus_forbesi        0.0567027 0.1682036 0.0575752 0.0601799 0.0599841 0.0653548 0.0621852 0.0605975 0.0652401 0.1070282 0.0518263 0.0453225 0.0689108 0.0575442 0.0562390 0.0627532 0.0633966 0.0682167 0.0827826 0.0536479 0.0000000 0.0953420 0.0835097 0.0637547 0.0526144 0.0944023 0.0361050 0.0544683 0.0251662 0.0749825 0.0613588 0.1253845 0.0902161 0.0635438 0.0874597 
Didelphidae_Didelphis_virginiana             0.0820106 0.1980734 0.0819954 0.0865464 0.0884487 0.0830516 0.0986415 0.0991429 0.0928840 0.1298396 0.0871198 0.0739033 0.0887238 0.0954785 0.0867400 0.0829847 0.0852391 0.0969239 0.1049325 0.0775693 0.0953420 0.0000000 0.0362164 0.0861628 0.0889228 0.1089339 0.0796102 0.0851532 0.0780346 0.0957278 0.0893809 0.1777415 0.1127339 0.0812918 0.1072412 
Marmosidae_Monodelphis_domestica             0.0738086 0.1711261 0.0689235 0.0805174 0.0802300 0.0739209 0.0838019 0.0819349 0.0813471 0.1193942 0.0740897 0.0608529 0.0767072 0.0801497 0.0773452 0.0716700 0.0737172 0.0849443 0.0927330 0.0667551 0.0835097 0.0362164 0.0000000 0.0748174 0.0760911 0.0923161 0.0687751 0.0713354 0.0624038 0.0854711 0.0803783 0.1540909 0.0977582 0.0737787 0.0960881 
Dasyuridae_Antechinus_stuartii               0.0533376 0.1485873 0.0449883 0.0584309 0.0582996 0.0119761 0.0612953 0.0578767 0.0575713 0.0942437 0.0506535 0.0050895 0.0230409 0.0573949 0.0578312 0.0076419 0.0105085 0.0382068 0.0725265 0.0477636 0.0637547 0.0861628 0.0748174 0.0000000 0.0492273 0.0796355 0.0538204 0.0484966 0.0407712 0.0756273 0.0614141 0.1253873 0.0771636 0.0119564 0.0781295 
Hypsiprymnodontidae_Hypsiprymnodon_moschatus 0.0434085 0.1430013 0.0449615 0.0336149 0.0319793 0.0475364 0.0485652 0.0463444 0.0335462 0.1045742 0.0390731 0.0354421 0.0574358 0.0442072 0.0500519 0.0499311 0.0473351 0.0597901 0.0787471 0.0248901 0.0526144 0.0889228 0.0760911 0.0492273 0.0000000 0.0814231 0.0399852 0.0207953 0.0337949 0.0647789 0.0527875 0.1033348 0.0862137 0.0474413 0.0860315 
Microbiotheriidae_Dromiciops_gliroides       0.0734598 0.1621119 0.0649061 0.0810877 0.0791158 0.0807583 0.0888330 0.0865886 0.0803687 0.1268751 0.0771756 0.0699784 0.0863953 0.0831589 0.0859700 0.0795432 0.0785473 0.0920783 0.0999437 0.0720944 0.0944023 0.1089339 0.0923161 0.0796355 0.0814231 0.0000000 0.0798841 0.0738442 0.0647806 0.1091891 0.0854585 0.1462518 0.1004025 0.0787470 0.1110898 
Pseudochiridae_Petauroides_volans            0.0473145 0.1518606 0.0447334 0.0497632 0.0496533 0.0530147 0.0499395 0.0486679 0.0529511 0.0927800 0.0405279 0.0380373 0.0580554 0.0462885 0.0423290 0.0537937 0.0511932 0.0570815 0.0722293 0.0419207 0.0361050 0.0796102 0.0687751 0.0538204 0.0399852 0.0798841 0.0000000 0.0393430 0.0249850 0.0518532 0.0474820 0.1100636 0.0766582 0.0513083 0.0777761 
Macropodidae_Wallabia_bicolor                0.0409467 0.1446536 0.0394353 0.0170708 0.0155687 0.0444888 0.0447270 0.0396809 0.0184975 0.0923736 0.0335001 0.0364910 0.0568176 0.0379360 0.0477935 0.0493014 0.0443114 0.0561277 0.0675563 0.0056197 0.0544683 0.0851532 0.0713354 0.0484966 0.0207953 0.0738442 0.0393430 0.0000000 0.0309751 0.0614192 0.0464866 0.0978199 0.0747210 0.0444106 0.0781061 
Pseudochiridae_Pseudocheirus_occidentalis    0.0440218 0.1596263 0.0424645 0.0444903 0.0434883 0.0404538 0.0488810 0.0479528 0.0444609 0.0901805 0.0365070 0.0375789 0.0484266 0.0435255 0.0419736 0.0376855 0.0383249 0.0622676 0.0609779 0.0325236 0.0251662 0.0780346 0.0624038 0.0407712 0.0337949 0.0647806 0.0249850 0.0309751 0.0000000 0.0576360 0.0455036 0.1253319 0.0661485 0.0384188 0.0706880 
Tarsipedidae_Tarsipes_rostratus              0.0734471 0.1661515 0.0639244 0.0718822 0.0707939 0.0724915 0.0729158 0.0710195 0.0754629 0.1277533 0.0650074 0.0615288 0.0719354 0.0686169 0.0637987 0.0746332 0.0716248 0.0779081 0.0998196 0.0636938 0.0749825 0.0957278 0.0854711 0.0756273 0.0647789 0.1091891 0.0518532 0.0614192 0.0576360 0.0000000 0.0636189 0.1341584 0.1036327 0.0717962 0.1067736 
Acrobatidae_Distoechurus_pennatus            0.0538063 0.1596247 0.0519521 0.0546090 0.0544324 0.0593506 0.0580997 0.0573234 0.0596185 0.1053008 0.0494451 0.0536117 0.0630977 0.0518982 0.0272343 0.0595432 0.0566261 0.0757872 0.0799561 0.0493173 0.0613588 0.0893809 0.0803783 0.0614141 0.0527875 0.0854585 0.0474820 0.0464866 0.0455036 0.0636189 0.0000000 0.1106998 0.0869630 0.0559342 0.0906192 
Phalangeridae_Phalanger_carmelitae           0.1113626 0.0837393 0.1063793 0.1084009 0.1053768 0.1226401 0.0748621 0.0707891 0.1121778 0.1960547 0.0630431 0.1314376 0.1331292 0.0571736 0.1138684 0.1271971 0.1209400 0.1632668 0.1550793 0.1189555 0.1253845 0.1777415 0.1540909 0.1253873 0.1033348 0.1462518 0.1100636 0.0978199 0.1253319 0.1341584 0.1106998 0.0000000 0.1660042 0.1212820 0.1703980 
Peramelidae_Peroryctes_raffrayana            0.0811847 0.1701637 0.0718949 0.0792686 0.0807582 0.0760905 0.0969881 0.0951894 0.0880318 0.0330809 0.0832461 0.0622550 0.0777002 0.0933832 0.0859227 0.0733565 0.0748799 0.0796297 0.0105812 0.0793631 0.0902161 0.1127339 0.0977582 0.0771636 0.0862137 0.1004025 0.0766582 0.0747210 0.0661485 0.1036327 0.0869630 0.1660042 0.0000000 0.0724585 0.0162630 
Dasyuridae_Dasyurus_geffroii                 0.0525670 0.1441304 0.0424258 0.0541708 0.0539970 0.0041321 0.0584590 0.0549870 0.0557167 0.0873459 0.0479481 0.0085648 0.0243910 0.0547289 0.0550677 0.0119063 0.0027437 0.0402263 0.0662767 0.0459635 0.0635438 0.0812918 0.0737787 0.0119564 0.0474413 0.0787470 0.0513083 0.0444106 0.0384188 0.0717962 0.0559342 0.1212820 0.0724585 0.0000000 0.0723062 
Peramelidae_Perameles_gunnii                 0.0810817 0.1874601 0.0732839 0.0830503 0.0848010 0.0762176 0.0916349 0.0882004 0.0916963 0.0170813 0.0812448 0.0632042 0.0799027 0.0886706 0.0910782 0.0751794 0.0749282 0.0829914 0.0121740 0.0841388 0.0874597 0.1072412 0.0960881 0.0781295 0.0860315 0.1110898 0.0777761 0.0781061 0.0706880 0.1067736 0.0906192 0.1703980 0.0162630 0.0723062 0.0000000 
