35
Burramyidae_Burramys_parvus                  0.0000000 0.0828876 0.0670823 0.1055233 0.1023164 0.1111227 0.0490296 0.0558330 0.0970416 0.1030891 0.0544417 0.1026743 0.1055918 0.0530303 0.0516809 0.1041058 0.1090804 0.0897419 0.0926643 0.0842373 0.0535418 0.1116338 0.1204198 0.0976016 0.1059595 0.0925951 0.0532160 0.0825036 0.0646510 0.0719927 0.0574217 0.0526164 0.0958007 0.0982271 0.1136701 
Notoryctidae_Notoryctes_typhlops             0.0828876 0.0000000 0.0871043 0.1411983 0.1360885 0.1126743 0.0844883 0.0939280 0.1318405 0.1228473 0.0826508 0.0961255 0.1035942 0.0839114 0.0890393 0.0980382 0.1063528 0.0890816 0.0918587 0.1168147 0.0863202 0.1231142 0.1272330 0.0958107 0.1468425 0.0931680 0.0808953 0.1167184 0.0961172 0.1053062 0.0888969 0.0863154 0.0985969 0.1171459 0.1146214 
Vombatidae_Lasiorhinus_latifrons             0.0670823 0.0871043 0.0000000 0.1257165 0.1265248 0.1153220 0.0606046 0.0747562 0.1146077 0.1189485 0.0638637 0.1009414 0.1044960 0.0685084 0.0737983 0.1028623 0.1142969 0.0889951 0.0984105 0.1031441 0.0665099 0.1218776 0.1242726 0.0947046 0.1345254 0.0908131 0.0613123 0.1028196 0.0808259 0.0856118 0.0724500 0.0671182 0.1034962 0.1137731 0.1151539 
Potoroidae_Bettongia_penicillata             0.1055233 0.1411983 0.1257165 0.0000000 0.0177414 0.1625806 0.1122875 0.1195651 0.0625320 0.1441284 0.1117428 0.1682250 0.1645964 0.1174649 0.1137024 0.1692098 0.1680652 0.1428041 0.1393380 0.0680296 0.1095083 0.1666846 0.1722594 0.1628812 0.0980680 0.1490359 0.1181305 0.0661193 0.1302994 0.1345410 0.1240236 0.1151674 0.1332433 0.1403568 0.1834640 
Potoroidae_Bettongia_lesueur                 0.1023164 0.1360885 0.1265248 0.0177414 0.0000000 0.1563528 0.1124241 0.1223078 0.0689855 0.1307798 0.1135732 0.1673049 0.1664315 0.1181141 0.1093285 0.1688701 0.1672609 0.1444680 0.1371839 0.0695845 0.1067604 0.1617948 0.1650869 0.1650460 0.0961931 0.1524578 0.1201209 0.0651328 0.1295103 0.1321479 0.1215473 0.1162443 0.1325609 0.1294607 0.1779904 
Dasyuridae_Dasyurus_maculatus                0.1111227 0.1126743 0.1153220 0.1625806 0.1563528 0.0000000 0.1171988 0.1208334 0.1822156 0.1712016 0.1086748 0.0235044 0.0329118 0.1156236 0.1216193 0.0256635 0.0125649 0.0300451 0.1432024 0.1585292 0.1194931 0.1445416 0.1582267 0.0251404 0.1587590 0.1119557 0.1166809 0.1592589 0.1265998 0.1428589 0.1328783 0.1182791 0.1422756 0.1609533 0.0112730 
Phalangeridae_Trichosurus_vulpecula          0.0490296 0.0844883 0.0606046 0.1122875 0.1124241 0.1171988 0.0000000 0.0298504 0.0971871 0.1147875 0.0305686 0.0980780 0.1024495 0.0274972 0.0523779 0.0999674 0.1105719 0.0833625 0.0953003 0.0859609 0.0522483 0.1093440 0.1180480 0.0921094 0.1148615 0.0871274 0.0470803 0.0841532 0.0621007 0.0747225 0.0556689 0.0255004 0.1003060 0.1098868 0.1179432 
Phalangeridae_Spilocuscus_maculatus          0.0558330 0.0939280 0.0747562 0.1195651 0.1223078 0.1208334 0.0298504 0.0000000 0.1101208 0.1288227 0.0323383 0.1129405 0.1129449 0.0265809 0.0631587 0.1149068 0.1250776 0.0992595 0.1075652 0.1005028 0.0529448 0.1227030 0.1286853 0.1070499 0.1242708 0.0984792 0.0579937 0.0973188 0.0689124 0.0856801 0.0648639 0.0250665 0.1129869 0.1237460 0.1328753 
Potoroidae_Aepyprymnus_rufescens             0.0970416 0.1318405 0.1146077 0.0625320 0.0689855 0.1822156 0.0971871 0.1101208 0.0000000 0.1340491 0.1014233 0.1539510 0.1567332 0.1040712 0.1025178 0.1561535 0.1580936 0.1308121 0.1316223 0.0558148 0.1282055 0.1509368 0.1572248 0.1485484 0.1029708 0.1428930 0.1056616 0.0540822 0.1275243 0.1252628 0.1136772 0.1046288 0.1308069 0.1313989 0.1705161 
Peramelidae_Perameles_nasuta                 0.1030891 0.1228473 0.1189485 0.1441284 0.1307798 0.1712016 0.1147875 0.1288227 0.1340491 0.0000000 0.1204221 0.1480093 0.1556303 0.1236800 0.1029731 0.1507245 0.1538894 0.1256555 0.0437536 0.1172857 0.1362210 0.1490013 0.1512617 0.1453106 0.1447827 0.1224812 0.1133662 0.1171098 0.1332741 0.1319642 0.1204814 0.1233483 0.0365467 0.0052329 0.1760883 
Phalangeridae_Strigocuscus_pelengensis       0.0544417 0.0826508 0.0638637 0.1117428 0.1135732 0.1086748 0.0305686 0.0323383 0.1014233 0.1204221 0.0000000 0.1006253 0.1026851 0.0263537 0.0607206 0.1025511 0.1126844 0.0864692 0.0983437 0.0928634 0.0537566 0.1126564 0.1188604 0.0960252 0.1149912 0.0881020 0.0528976 0.0915330 0.0681712 0.0776545 0.0616649 0.0263087 0.1038492 0.1153601 0.1191060 
Dasyuridae_Phascogale_tapoatafa              0.1026743 0.0961255 0.1009414 0.1682250 0.1673049 0.0235044 0.0980780 0.1129405 0.1539510 0.1480093 0.1006253 0.0000000 0.0246363 0.1056817 0.1105095 0.0054600 0.0198668 0.0190887 0.1235193 0.1383170 0.1124574 0.1362645 0.1420020 0.0070898 0.1730383 0.1099987 0.1002661 0.1391363 0.1186593 0.1206567 0.1129062 0.1042620 0.1312683 0.1400202 0.0261383 
Dasyuridae_Sminthopsis_macroura              0.1055918 0.1035942 0.1044960 0.1645964 0.1664315 0.0329118 0.1024495 0.1129449 0.1567332 0.1556303 0.1026851 0.0246363 0.0000000 0.1069783 0.1144909 0.0251561 0.0333891 0.0164152 0.1302375 0.1392825 0.1126503 0.1387796 0.1451387 0.0254493 0.1740058 0.1156215 0.1065411 0.1396530 0.1239702 0.1270443 0.1159405 0.1060966 0.1371687 0.1473573 0.0407273 
Phalangeridae_Phalanger_orientalis           0.0530303 0.0839114 0.0685084 0.1174649 0.1181141 0.1156236 0.0274972 0.0265809 0.1040712 0.1236800 0.0263537 0.1056817 0.1069783 0.0000000 0.0598752 0.1075985 0.1183655 0.0909363 0.1015601 0.0951617 0.0512141 0.1176115 0.1245555 0.1004142 0.1149386 0.0936386 0.0517267 0.0931909 0.0644013 0.0801666 0.0594071 0.0141954 0.1068786 0.1186641 0.1262000 
Acrobatidae_Acrobates_pygmaeus               0.0516809 0.0890393 0.0737983 0.1137024 0.1093285 0.1216193 0.0523779 0.0631587 0.1025178 0.1029731 0.0607206 0.1105095 0.1144909 0.0598752 0.0000000 0.1124767 0.1172685 0.0954764 0.1001857 0.0907123 0.0593382 0.1175581 0.1279958 0.1038185 0.1078047 0.0972782 0.0509398 0.0872905 0.0645267 0.0710538 0.0431742 0.0599724 0.1006692 0.1017788 0.1241307 
Dasyuridae_Phascogale_calura                 0.1041058 0.0980382 0.1028623 0.1692098 0.1688701 0.0256635 0.0999674 0.1149068 0.1561535 0.1507245 0.1025511 0.0054600 0.0251561 0.1075985 0.1124767 0.0000000 0.0213763 0.0206489 0.1260592 0.1398238 0.1138599 0.1389002 0.1441328 0.0089985 0.1753708 0.1120204 0.1010907 0.1406959 0.1202459 0.1222894 0.1141180 0.1061814 0.1339806 0.1427112 0.0287806 
Dasyuridae_Sarcophilus_harrisii              0.1090804 0.1063528 0.1142969 0.1680652 0.1672609 0.0125649 0.1105719 0.1250776 0.1580936 0.1538894 0.1126844 0.0198668 0.0333891 0.1183655 0.1172685 0.0213763 0.0000000 0.0251558 0.1315703 0.1399701 0.1243132 0.1476775 0.1546650 0.0225736 0.1747455 0.1219548 0.1120113 0.1396534 0.1334265 0.1329954 0.1242545 0.1169627 0.1332758 0.1459768 0.0172788 
Dasyuridae_Planigale_tenuirostris            0.0897419 0.0890816 0.0889951 0.1428041 0.1444680 0.0300451 0.0833625 0.0992595 0.1308121 0.1256555 0.0864692 0.0190887 0.0164152 0.0909363 0.0954764 0.0206489 0.0251558 0.0000000 0.1112277 0.1157216 0.0962751 0.1280793 0.1304134 0.0198017 0.1488151 0.1015405 0.0921964 0.1169927 0.1089523 0.1097963 0.0969411 0.0891452 0.1151595 0.1202081 0.0366294 
Peramelidae_Echymipera_kalubu                0.0926643 0.0918587 0.0984105 0.1393380 0.1371839 0.1432024 0.0953003 0.1075652 0.1316223 0.0437536 0.0983437 0.1235193 0.1302375 0.1015601 0.1001857 0.1260592 0.1315703 0.1112277 0.0000000 0.1143541 0.1022374 0.1334477 0.1353499 0.1212069 0.1416819 0.1018054 0.0902753 0.1116441 0.1107585 0.1108735 0.1007627 0.1013173 0.0253996 0.0384510 0.1503286 
Macropodidae_Dorcopsulus_vanheurni           0.0842373 0.1168147 0.1031441 0.0680296 0.0695845 0.1585292 0.0859609 0.1005028 0.0558148 0.1172857 0.0928634 0.1383170 0.1392825 0.0951617 0.0907123 0.1398238 0.1399701 0.1157216 0.1143541 0.0000000 0.1131803 0.1354517 0.1428905 0.1339940 0.0872651 0.1308085 0.0946429 0.0175942 0.1135862 0.1100237 0.0989017 0.0963693 0.1107574 0.1138572 0.1509529 
Pseudochiridae_Pseudochirulus_forbesi        0.0535418 0.0863202 0.0665099 0.1095083 0.1067604 0.1194931 0.0522483 0.0529448 0.1282055 0.1362210 0.0537566 0.1124574 0.1126503 0.0512141 0.0593382 0.1138599 0.1243132 0.0962751 0.1022374 0.1131803 0.0000000 0.1139301 0.1271491 0.1017950 0.1086317 0.0828416 0.0352798 0.1113314 0.0150656 0.0761285 0.0539060 0.0531497 0.1097599 0.1291981 0.1299071 
Didelphidae_Didelphis_virginiana             0.1116338 0.1231142 0.1218776 0.1666846 0.1617948 0.1445416 0.1093440 0.1227030 0.1509368 0.1490013 0.1126564 0.1362645 0.1387796 0.1176115 0.1175581 0.1389002 0.1476775 0.1280793 0.1334477 0.1354517 0.1139301 0.0000000 0.0488836 0.1310544 0.1656107 0.1297776 0.1163086 0.1328829 0.1269755 0.1253945 0.1212111 0.1144631 0.1401516 0.1425505 0.1516039 
Marmosidae_Monodelphis_domestica             0.1204198 0.1272330 0.1242726 0.1722594 0.1650869 0.1582267 0.1180480 0.1286853 0.1572248 0.1512617 0.1188604 0.1420020 0.1451387 0.1245555 0.1279958 0.1441328 0.1546650 0.1304134 0.1353499 0.1428905 0.1271491 0.0488836 0.0000000 0.1362025 0.1641902 0.1374107 0.1261874 0.1389133 0.1326252 0.1359777 0.1307557 0.1223487 0.1407606 0.1431213 0.1569131 
Dasyuridae_Antechinus_stuartii               0.0976016 0.0958107 0.0947046 0.1628812 0.1650460 0.0251404 0.0921094 0.1070499 0.1485484 0.1453106 0.0960252 0.0070898 0.0254493 0.1004142 0.1038185 0.0089985 0.0225736 0.0198017 0.1212069 0.1339940 0.1017950 0.1310544 0.1362025 0.0000000 0.1688034 0.1095144 0.0938284 0.1341384 0.1105040 0.1169005 0.1069799 0.0983302 0.1302633 0.1381132 0.0282240 
Hypsiprymnodontidae_Hypsiprymnodon_moschatus 0.1059595 0.1468425 0.1345254 0.0980680 0.0961931 0.1587590 0.1148615 0.1242708 0.1029708 0.1447827 0.1149912 0.1730383 0.1740058 0.1149386 0.1078047 0.1753708 0.1747455 0.1488151 0.1416819 0.0872651 0.1086317 0.1656107 0.1641902 0.1688034 0.0000000 0.1447777 0.1205020 0.0828937 0.1283440 0.1359682 0.1267692 0.1201187 0.1423505 0.1382842 0.1868182 
Microbiotheriidae_Dromiciops_gliroides       0.0925951 0.0931680 0.0908131 0.1490359 0.1524578 0.1119557 0.0871274 0.0984792 0.1428930 0.1224812 0.0881020 0.1099987 0.1156215 0.0936386 0.0972782 0.1120204 0.1219548 0.1015405 0.1018054 0.1308085 0.0828416 0.1297776 0.1374107 0.1095144 0.1447777 0.0000000 0.0885053 0.1263817 0.1067202 0.1046477 0.0995177 0.0921871 0.1080574 0.1181290 0.1339866 
Pseudochiridae_Petauroides_volans            0.0532160 0.0808953 0.0613123 0.1181305 0.1201209 0.1166809 0.0470803 0.0579937 0.1056616 0.1133662 0.0528976 0.1002661 0.1065411 0.0517267 0.0509398 0.1010907 0.1120113 0.0921964 0.0902753 0.0946429 0.0352798 0.1163086 0.1261874 0.0938284 0.1205020 0.0885053 0.0000000 0.0929317 0.0449321 0.0641378 0.0515974 0.0524415 0.0983440 0.1089019 0.1176754 
Macropodidae_Wallabia_bicolor                0.0825036 0.1167184 0.1028196 0.0661193 0.0651328 0.1592589 0.0841532 0.0973188 0.0540822 0.1171098 0.0915330 0.1391363 0.1396530 0.0931909 0.0872905 0.1406959 0.1396534 0.1169927 0.1116441 0.0175942 0.1113314 0.1328829 0.1389133 0.1341384 0.0828937 0.1263817 0.0929317 0.0000000 0.1112335 0.1059945 0.0990195 0.0931880 0.1106382 0.1146551 0.1508238 
Pseudochiridae_Pseudocheirus_occidentalis    0.0646510 0.0961172 0.0808259 0.1302994 0.1295103 0.1265998 0.0621007 0.0689124 0.1275243 0.1332741 0.0681712 0.1186593 0.1239702 0.0644013 0.0645267 0.1202459 0.1334265 0.1089523 0.1107585 0.1135862 0.0150656 0.1269755 0.1326252 0.1105040 0.1283440 0.1067202 0.0449321 0.1112335 0.0000000 0.0800667 0.0635724 0.0663487 0.1172869 0.1280725 0.1467463 
Tarsipedidae_Tarsipes_rostratus              0.0719927 0.1053062 0.0856118 0.1345410 0.1321479 0.1428589 0.0747225 0.0856801 0.1252628 0.1319642 0.0776545 0.1206567 0.1270443 0.0801666 0.0710538 0.1222894 0.1329954 0.1097963 0.1108735 0.1100237 0.0761285 0.1253945 0.1359777 0.1169005 0.1359682 0.1046477 0.0641378 0.1059945 0.0800667 0.0000000 0.0745723 0.0804503 0.1146153 0.1279797 0.1395062 
Acrobatidae_Distoechurus_pennatus            0.0574217 0.0888969 0.0724500 0.1240236 0.1215473 0.1328783 0.0556689 0.0648639 0.1136772 0.1204814 0.0616649 0.1129062 0.1159405 0.0594071 0.0431742 0.1141180 0.1242545 0.0969411 0.1007627 0.0989017 0.0539060 0.1212111 0.1307557 0.1069799 0.1267692 0.0995177 0.0515974 0.0990195 0.0635724 0.0745723 0.0000000 0.0611553 0.1034863 0.1154604 0.1342494 
Phalangeridae_Phalanger_carmelitae           0.0526164 0.0863154 0.0671182 0.1151674 0.1162443 0.1182791 0.0255004 0.0250665 0.1046288 0.1233483 0.0263087 0.1042620 0.1060966 0.0141954 0.0599724 0.1061814 0.1169627 0.0891452 0.1013173 0.0963693 0.0531497 0.1144631 0.1223487 0.0983302 0.1201187 0.0921871 0.0524415 0.0931880 0.0663487 0.0804503 0.0611553 0.0000000 0.1066870 0.1183224 0.1239448 
Peramelidae_Peroryctes_raffrayana            0.0958007 0.0985969 0.1034962 0.1332433 0.1325609 0.1422756 0.1003060 0.1129869 0.1308069 0.0365467 0.1038492 0.1312683 0.1371687 0.1068786 0.1006692 0.1339806 0.1332758 0.1151595 0.0253996 0.1107574 0.1097599 0.1401516 0.1407606 0.1302633 0.1423505 0.1080574 0.0983440 0.1106382 0.1172869 0.1146153 0.1034863 0.1066870 0.0000000 0.0337206 0.1485712 
Peramelidae_Perameles_gunnii                 0.0982271 0.1171459 0.1137731 0.1403568 0.1294607 0.1609533 0.1098868 0.1237460 0.1313989 0.0052329 0.1153601 0.1400202 0.1473573 0.1186641 0.1017788 0.1427112 0.1459768 0.1202081 0.0384510 0.1138572 0.1291981 0.1425505 0.1431213 0.1381132 0.1382842 0.1181290 0.1089019 0.1146551 0.1280725 0.1279797 0.1154604 0.1183224 0.0337206 0.0000000 0.1672105 
Dasyuridae_Dasyurus_geffroii                 0.1136701 0.1146214 0.1151539 0.1834640 0.1779904 0.0112730 0.1179432 0.1328753 0.1705161 0.1760883 0.1191060 0.0261383 0.0407273 0.1262000 0.1241307 0.0287806 0.0172788 0.0366294 0.1503286 0.1509529 0.1299071 0.1516039 0.1569131 0.0282240 0.1868182 0.1339866 0.1176754 0.1508238 0.1467463 0.1395062 0.1342494 0.1239448 0.1485712 0.1672105 0.0000000 
