35
Burramyidae_Burramys_parvus                  0.0000000 0.0833404 0.0706201 0.0600371 0.0627505 0.1031406 0.0660684 0.0702126 0.0630327 0.1034006 0.0655183 0.1035211 0.1086278 0.0690622 0.0589493 0.1033086 0.1061097 0.1030846 0.1003078 0.0629468 0.0636121 0.0579103 0.1129265 0.1029412 0.0588831 0.0868054 0.0632433 0.0597933 0.0544415 0.0707368 0.0659967 0.0662345 0.1034534 0.1047371 0.1046254 
Notoryctidae_Notoryctes_typhlops             0.0833404 0.0000000 0.0901699 0.0967232 0.1012144 0.1054100 0.1008792 0.1023630 0.1016455 0.1134214 0.1003138 0.1081644 0.1201914 0.1043531 0.0828949 0.1089582 0.1086707 0.1128837 0.1086187 0.1019372 0.0942803 0.0649297 0.1211102 0.1080648 0.1007745 0.0948657 0.0974797 0.1001412 0.0845736 0.1020790 0.0908901 0.1013076 0.1088567 0.1080750 0.1133184 
Vombatidae_Lasiorhinus_latifrons             0.0706201 0.0901699 0.0000000 0.0853325 0.0888138 0.1120810 0.0855879 0.0910493 0.0904397 0.1092659 0.0875808 0.1127396 0.1198397 0.0913397 0.0749705 0.1136614 0.1126995 0.1155452 0.1021339 0.0870289 0.0828086 0.0680583 0.1208297 0.1149744 0.0801738 0.0886025 0.0835417 0.0836712 0.0749133 0.0874087 0.0848103 0.0877993 0.1030807 0.1122373 0.1097947 
Potoroidae_Bettongia_penicillata             0.0600371 0.0967232 0.0853325 0.0000000 0.0029354 0.1196614 0.0768006 0.0811351 0.0099586 0.1106960 0.0759708 0.1208658 0.1248014 0.0780859 0.0739921 0.1217630 0.1197517 0.1147386 0.1098574 0.0247622 0.0796294 0.0720424 0.1197974 0.1203339 0.0374459 0.0960321 0.0801050 0.0228530 0.0743789 0.0892654 0.0805435 0.0760957 0.1122970 0.1187395 0.1123666 
Potoroidae_Bettongia_lesueur                 0.0627505 0.1012144 0.0888138 0.0029354 0.0000000 0.1240625 0.0861191 0.0932052 0.0115963 0.1145085 0.0862779 0.1252005 0.1277788 0.0896484 0.0768540 0.1260423 0.1254016 0.1196488 0.1146698 0.0301573 0.0864847 0.0718860 0.1293975 0.1245318 0.0419670 0.1016292 0.0880957 0.0254112 0.0777829 0.0904971 0.0843497 0.0872833 0.1163952 0.1236338 0.1163194 
Dasyuridae_Dasyurus_maculatus                0.1031406 0.1054100 0.1120810 0.1196614 0.1240625 0.0000000 0.1212285 0.1218584 0.1250967 0.1277005 0.1163897 0.0189968 0.0366644 0.1250897 0.1078003 0.0189827 0.0088960 0.0368895 0.1229742 0.1243819 0.1204103 0.0718673 0.1384469 0.0196789 0.1216469 0.1070740 0.1188223 0.1251415 0.1098531 0.1104956 0.1191488 0.1208736 0.1252364 0.0065199 0.1279848 
Phalangeridae_Trichosurus_vulpecula          0.0660684 0.1008792 0.0855879 0.0768006 0.0861191 0.1212285 0.0000000 0.0279811 0.0880201 0.1198134 0.0251771 0.1233176 0.1273678 0.0280498 0.0752263 0.1234000 0.1237717 0.1206383 0.1163785 0.0850220 0.0825020 0.0703408 0.1307250 0.1230532 0.0774912 0.0967027 0.0705406 0.0831630 0.0732096 0.0827102 0.0828609 0.0254117 0.1198677 0.1223753 0.1209089 
Phalangeridae_Spilocuscus_maculatus          0.0702126 0.1023630 0.0910493 0.0811351 0.0932052 0.1218584 0.0279811 0.0000000 0.0928030 0.1258713 0.0129731 0.1244790 0.1323100 0.0147767 0.0786914 0.1249341 0.1255188 0.1226034 0.1223014 0.0931362 0.0831305 0.0707730 0.1312999 0.1255478 0.0838099 0.1014881 0.0743155 0.0911772 0.0762545 0.0875780 0.0900812 0.0120612 0.1231091 0.1229365 0.1265942 
Potoroidae_Aepyprymnus_rufescens             0.0630327 0.1016455 0.0904397 0.0099586 0.0115963 0.1250967 0.0880201 0.0928030 0.0000000 0.1154707 0.0886259 0.1250867 0.1268952 0.0912193 0.0757530 0.1259262 0.1256424 0.1198549 0.1163760 0.0293415 0.0860790 0.0725654 0.1296179 0.1244876 0.0432786 0.1036363 0.0886463 0.0256478 0.0779833 0.0906363 0.0842150 0.0881450 0.1188191 0.1238787 0.1172798 
Peramelidae_Perameles_nasuta                 0.1034006 0.1134214 0.1092659 0.1106960 0.1145085 0.1277005 0.1198134 0.1258713 0.1154707 0.0000000 0.1195903 0.1279495 0.1271336 0.1253339 0.1064444 0.1282111 0.1285797 0.1246085 0.0282815 0.1122382 0.1140659 0.0730874 0.1393595 0.1285471 0.1112301 0.1121663 0.1141356 0.1117102 0.1073462 0.1107591 0.1135279 0.1230395 0.0283172 0.1277356 0.0009272 
Phalangeridae_Strigocuscus_pelengensis       0.0655183 0.1003138 0.0875808 0.0759708 0.0862779 0.1163897 0.0251771 0.0129731 0.0886259 0.1195903 0.0000000 0.1192400 0.1265216 0.0127422 0.0730174 0.1189674 0.1193694 0.1184389 0.1155789 0.0870255 0.0776231 0.0684506 0.1255707 0.1200002 0.0796965 0.0973865 0.0691533 0.0848750 0.0695440 0.0834956 0.0833030 0.0109719 0.1166294 0.1179510 0.1202249 
Dasyuridae_Phascogale_tapoatafa              0.1035211 0.1081644 0.1127396 0.1208658 0.1252005 0.0189968 0.1233176 0.1244790 0.1250867 0.1279495 0.1192400 0.0000000 0.0370654 0.1277682 0.1098236 0.0029886 0.0204909 0.0376610 0.1238384 0.1275117 0.1212594 0.0722537 0.1393823 0.0113841 0.1204386 0.1101602 0.1191515 0.1242560 0.1100083 0.1151365 0.1203124 0.1238857 0.1251612 0.0204785 0.1282319 
Dasyuridae_Sminthopsis_macroura              0.1086278 0.1201914 0.1198397 0.1248014 0.1277788 0.0366644 0.1273678 0.1323100 0.1268952 0.1271336 0.1265216 0.0370654 0.0000000 0.1347375 0.1144087 0.0369680 0.0389824 0.0236230 0.1325991 0.1283940 0.1244616 0.0891244 0.1527736 0.0361329 0.1234527 0.1212316 0.1260518 0.1263785 0.1143459 0.1140594 0.1219037 0.1304617 0.1331536 0.0377485 0.1274830 
Phalangeridae_Phalanger_orientalis           0.0690622 0.1043531 0.0913397 0.0780859 0.0896484 0.1250897 0.0280498 0.0147767 0.0912193 0.1253339 0.0127422 0.1277682 0.1347375 0.0000000 0.0792235 0.1282036 0.1269214 0.1225614 0.1212617 0.0909246 0.0828189 0.0709318 0.1273295 0.1278814 0.0809814 0.1017033 0.0727486 0.0883053 0.0744240 0.0866264 0.0870298 0.0039424 0.1234868 0.1251105 0.1261955 
Acrobatidae_Acrobates_pygmaeus               0.0589493 0.0828949 0.0749705 0.0739921 0.0768540 0.1078003 0.0752263 0.0786914 0.0757530 0.1064444 0.0730174 0.1098236 0.1144087 0.0792235 0.0000000 0.1099386 0.1100206 0.1092267 0.1047085 0.0770816 0.0636082 0.0608619 0.1197732 0.1096657 0.0680210 0.0844695 0.0622911 0.0738374 0.0551730 0.0720267 0.0324005 0.0762172 0.1059875 0.1107600 0.1074063 
Dasyuridae_Phascogale_calura                 0.1033086 0.1089582 0.1136614 0.1217630 0.1260423 0.0189827 0.1234000 0.1249341 0.1259262 0.1282111 0.1189674 0.0029886 0.0369680 0.1282036 0.1099386 0.0000000 0.0214929 0.0372567 0.1244588 0.1283567 0.1202609 0.0732319 0.1401117 0.0111156 0.1220365 0.1098837 0.1188945 0.1250990 0.1097793 0.1149033 0.1196714 0.1239671 0.1256197 0.0209709 0.1288550 
Dasyuridae_Sarcophilus_harrisii              0.1061097 0.1086707 0.1126995 0.1197517 0.1254016 0.0088960 0.1237717 0.1255188 0.1256424 0.1285797 0.1193694 0.0204909 0.0389824 0.1269214 0.1100206 0.0214929 0.0000000 0.0374111 0.1236698 0.1260403 0.1204844 0.0730716 0.1409890 0.0214740 0.1226456 0.1094945 0.1204656 0.1259004 0.1108661 0.1109095 0.1197819 0.1230414 0.1267007 0.0074400 0.1288598 
Dasyuridae_Planigale_tenuirostris            0.1030846 0.1128837 0.1155452 0.1147386 0.1196488 0.0368895 0.1206383 0.1226034 0.1198549 0.1246085 0.1184389 0.0376610 0.0236230 0.1225614 0.1092267 0.0372567 0.0374111 0.0000000 0.1288308 0.1219373 0.1191415 0.0766212 0.1471993 0.0374567 0.1169234 0.1117089 0.1168827 0.1187396 0.1104365 0.1032956 0.1149671 0.1198737 0.1307848 0.0359461 0.1255677 
Peramelidae_Echymipera_kalubu                0.1003078 0.1086187 0.1021339 0.1098574 0.1146698 0.1229742 0.1163785 0.1223014 0.1163760 0.0282815 0.1155789 0.1238384 0.1325991 0.1212617 0.1047085 0.1244588 0.1236698 0.1288308 0.0000000 0.1116071 0.1118035 0.0672370 0.1306702 0.1237089 0.1108661 0.1022063 0.1125104 0.1124192 0.1064966 0.1131385 0.1141829 0.1181343 0.0175344 0.1226770 0.0273302 
Macropodidae_Dorcopsulus_vanheurni           0.0629468 0.1019372 0.0870289 0.0247622 0.0301573 0.1243819 0.0850220 0.0931362 0.0293415 0.1122382 0.0870255 0.1275117 0.1283940 0.0909246 0.0770816 0.1283567 0.1260403 0.1219373 0.1116071 0.0000000 0.0832456 0.0699732 0.1334987 0.1262465 0.0431212 0.1016988 0.0880736 0.0131211 0.0784925 0.0866812 0.0852314 0.0878266 0.1146268 0.1245300 0.1131473 
Pseudochiridae_Pseudochirulus_forbesi        0.0636121 0.0942803 0.0828086 0.0796294 0.0864847 0.1204103 0.0825020 0.0831305 0.0860790 0.1140659 0.0776231 0.1212594 0.1244616 0.0828189 0.0636082 0.1202609 0.1204844 0.1191415 0.1118035 0.0832456 0.0000000 0.0670235 0.1221691 0.1187889 0.0773200 0.0896025 0.0377214 0.0813035 0.0200511 0.0679062 0.0729680 0.0798024 0.1131994 0.1210307 0.1162220 
Didelphidae_Didelphis_virginiana             0.0579103 0.0649297 0.0680583 0.0720424 0.0718860 0.0718673 0.0703408 0.0707730 0.0725654 0.0730874 0.0684506 0.0722537 0.0891244 0.0709318 0.0608619 0.0732319 0.0730716 0.0766212 0.0672370 0.0699732 0.0670235 0.0000000 0.0257927 0.0751549 0.0672380 0.0708595 0.0698102 0.0695357 0.0601690 0.0773101 0.0677475 0.0700136 0.0715685 0.0733233 0.0750994 
Marmosidae_Monodelphis_domestica             0.1129265 0.1211102 0.1208297 0.1197974 0.1293975 0.1384469 0.1307250 0.1312999 0.1296179 0.1393595 0.1255707 0.1393823 0.1527736 0.1273295 0.1197732 0.1401117 0.1409890 0.1471993 0.1306702 0.1334987 0.1221691 0.0257927 0.0000000 0.1424202 0.1247601 0.1204735 0.1246759 0.1287396 0.1159684 0.1248223 0.1276527 0.1239285 0.1361066 0.1399953 0.1413878 
Dasyuridae_Antechinus_stuartii               0.1029412 0.1080648 0.1149744 0.1203339 0.1245318 0.0196789 0.1230532 0.1255478 0.1244876 0.1285471 0.1200002 0.0113841 0.0361329 0.1278814 0.1096657 0.0111156 0.0214740 0.0374567 0.1237089 0.1262465 0.1187889 0.0751549 0.1424202 0.0000000 0.1203067 0.1109013 0.1179196 0.1226597 0.1084484 0.1136759 0.1184815 0.1238129 0.1266065 0.0216911 0.1286399 
Hypsiprymnodontidae_Hypsiprymnodon_moschatus 0.0588831 0.1007745 0.0801738 0.0374459 0.0419670 0.1216469 0.0774912 0.0838099 0.0432786 0.1112301 0.0796965 0.1204386 0.1234527 0.0809814 0.0680210 0.1220365 0.1226456 0.1169234 0.1108661 0.0431212 0.0773200 0.0672380 0.1247601 0.1203067 0.0000000 0.0971835 0.0803775 0.0417173 0.0697361 0.0827832 0.0752745 0.0782986 0.1115336 0.1234930 0.1116662 
Microbiotheriidae_Dromiciops_gliroides       0.0868054 0.0948657 0.0886025 0.0960321 0.1016292 0.1070740 0.0967027 0.1014881 0.1036363 0.1121663 0.0973865 0.1101602 0.1212316 0.1017033 0.0844695 0.1098837 0.1094945 0.1117089 0.1022063 0.1016988 0.0896025 0.0708595 0.1204735 0.1109013 0.0971835 0.0000000 0.0960445 0.1009294 0.0859007 0.0988267 0.0941303 0.0992411 0.1055770 0.1081651 0.1122685 
Pseudochiridae_Petauroides_volans            0.0632433 0.0974797 0.0835417 0.0801050 0.0880957 0.1188223 0.0705406 0.0743155 0.0886463 0.1141356 0.0691533 0.1191515 0.1260518 0.0727486 0.0622911 0.1188945 0.1204656 0.1168827 0.1125104 0.0880736 0.0377214 0.0698102 0.1246759 0.1179196 0.0803775 0.0960445 0.0000000 0.0847173 0.0309874 0.0668590 0.0729008 0.0705557 0.1136115 0.1214186 0.1154960 
Macropodidae_Wallabia_bicolor                0.0597933 0.1001412 0.0836712 0.0228530 0.0254112 0.1251415 0.0831630 0.0911772 0.0256478 0.1117102 0.0848750 0.1242560 0.1263785 0.0883053 0.0738374 0.1250990 0.1259004 0.1187396 0.1124192 0.0131211 0.0813035 0.0695357 0.1287396 0.1226597 0.0417173 0.1009294 0.0847173 0.0000000 0.0745101 0.0868312 0.0802841 0.0858923 0.1143415 0.1243917 0.1132106 
Pseudochiridae_Pseudocheirus_occidentalis    0.0544415 0.0845736 0.0749133 0.0743789 0.0777829 0.1098531 0.0732096 0.0762545 0.0779833 0.1073462 0.0695440 0.1100083 0.1143459 0.0744240 0.0551730 0.1097793 0.1108661 0.1104365 0.1064966 0.0784925 0.0200511 0.0601690 0.1159684 0.1084484 0.0697361 0.0859007 0.0309874 0.0745101 0.0000000 0.0664770 0.0641886 0.0731596 0.1074694 0.1121420 0.1097179 
Tarsipedidae_Tarsipes_rostratus              0.0707368 0.1020790 0.0874087 0.0892654 0.0904971 0.1104956 0.0827102 0.0875780 0.0906363 0.1107591 0.0834956 0.1151365 0.1140594 0.0866264 0.0720267 0.1149033 0.1109095 0.1032956 0.1131385 0.0866812 0.0679062 0.0773101 0.1248223 0.1136759 0.0827832 0.0988267 0.0668590 0.0868312 0.0664770 0.0000000 0.0812020 0.0826387 0.1173593 0.1104283 0.1113172 
Acrobatidae_Distoechurus_pennatus            0.0659967 0.0908901 0.0848103 0.0805435 0.0843497 0.1191488 0.0828609 0.0900812 0.0842150 0.1135279 0.0833030 0.1203124 0.1219037 0.0870298 0.0324005 0.1196714 0.1197819 0.1149671 0.1141829 0.0852314 0.0729680 0.0677475 0.1276527 0.1184815 0.0752745 0.0941303 0.0729008 0.0802841 0.0641886 0.0812020 0.0000000 0.0848473 0.1138010 0.1198230 0.1142852 
Phalangeridae_Phalanger_carmelitae           0.0662345 0.1013076 0.0877993 0.0760957 0.0872833 0.1208736 0.0254117 0.0120612 0.0881450 0.1230395 0.0109719 0.1238857 0.1304617 0.0039424 0.0762172 0.1239671 0.1230414 0.1198737 0.1181343 0.0878266 0.0798024 0.0700136 0.1239285 0.1238129 0.0782986 0.0992411 0.0705557 0.0858923 0.0731596 0.0826387 0.0848473 0.0000000 0.1204276 0.1209016 0.1237714 
Peramelidae_Peroryctes_raffrayana            0.1034534 0.1088567 0.1030807 0.1122970 0.1163952 0.1252364 0.1198677 0.1231091 0.1188191 0.0283172 0.1166294 0.1251612 0.1331536 0.1234868 0.1059875 0.1256197 0.1267007 0.1307848 0.0175344 0.1146268 0.1131994 0.0715685 0.1361066 0.1266065 0.1115336 0.1055770 0.1136115 0.1143415 0.1074694 0.1173593 0.1138010 0.1204276 0.0000000 0.1263932 0.0271372 
Dasyuridae_Dasyurus_geffroii                 0.1047371 0.1080750 0.1122373 0.1187395 0.1236338 0.0065199 0.1223753 0.1229365 0.1238787 0.1277356 0.1179510 0.0204785 0.0377485 0.1251105 0.1107600 0.0209709 0.0074400 0.0359461 0.1226770 0.1245300 0.1210307 0.0733233 0.1399953 0.0216911 0.1234930 0.1081651 0.1214186 0.1243917 0.1121420 0.1104283 0.1198230 0.1209016 0.1263932 0.0000000 0.1280192 
Peramelidae_Perameles_gunnii                 0.1046254 0.1133184 0.1097947 0.1123666 0.1163194 0.1279848 0.1209089 0.1265942 0.1172798 0.0009272 0.1202249 0.1282319 0.1274830 0.1261955 0.1074063 0.1288550 0.1288598 0.1255677 0.0273302 0.1131473 0.1162220 0.0750994 0.1413878 0.1286399 0.1116662 0.1122685 0.1154960 0.1132106 0.1097179 0.1113172 0.1142852 0.1237714 0.0271372 0.1280192 0.0000000 
