35
Burramyidae_Burramys_parvus                  0.0000000 0.0405156 0.0337974 0.0366661 0.0407756 0.0792991 0.0308382 0.0343571 0.0392695 0.0451385 0.0340540 0.0808666 0.0742867 0.0336382 0.0401226 0.0751122 0.0827171 0.0815594 0.0501737 0.0353473 0.0361627 0.0692647 0.0902648 0.0732795 0.0428728 0.0426569 0.0359108 0.0374474 0.0354344 0.0524553 0.0363243 0.0345846 0.0488678 0.0821574 0.0461918 
Notoryctidae_Notoryctes_typhlops             0.0405156 0.0000000 0.0407176 0.0423365 0.0460176 0.0792629 0.0468089 0.0434835 0.0437878 0.0483885 0.0447032 0.0803337 0.0681593 0.0445905 0.0529597 0.0714910 0.0813798 0.0842136 0.0510536 0.0423908 0.0456325 0.0733557 0.0917262 0.0740044 0.0491067 0.0458841 0.0434407 0.0428985 0.0466755 0.0596375 0.0482885 0.0449602 0.0480680 0.0804719 0.0488206 
Vombatidae_Lasiorhinus_latifrons             0.0337974 0.0407176 0.0000000 0.0336653 0.0364739 0.0779338 0.0358200 0.0352539 0.0340421 0.0469633 0.0355630 0.0799396 0.0682406 0.0338951 0.0378146 0.0719349 0.0799961 0.0823395 0.0502416 0.0314504 0.0359930 0.0715514 0.0840773 0.0725031 0.0373141 0.0386631 0.0349000 0.0331416 0.0347720 0.0479573 0.0408858 0.0348753 0.0485382 0.0783533 0.0473355 
Potoroidae_Bettongia_penicillata             0.0366661 0.0423365 0.0336653 0.0000000 0.0071385 0.0814384 0.0393453 0.0372288 0.0087532 0.0476249 0.0379351 0.0839014 0.0746343 0.0389998 0.0418718 0.0770835 0.0817226 0.0872137 0.0504643 0.0164086 0.0385576 0.0741762 0.0865259 0.0752899 0.0316382 0.0443066 0.0354616 0.0167794 0.0366267 0.0524312 0.0395940 0.0403474 0.0499367 0.0817371 0.0479988 
Potoroidae_Bettongia_lesueur                 0.0407756 0.0460176 0.0364739 0.0071385 0.0000000 0.0852202 0.0415384 0.0403765 0.0114154 0.0517471 0.0401771 0.0867417 0.0790001 0.0418628 0.0445380 0.0802728 0.0866779 0.0925762 0.0535981 0.0189332 0.0420953 0.0773158 0.0913428 0.0787632 0.0340907 0.0469849 0.0389230 0.0181512 0.0397491 0.0559643 0.0428177 0.0418857 0.0538016 0.0857890 0.0521307 
Dasyuridae_Dasyurus_maculatus                0.0792991 0.0792629 0.0779338 0.0814384 0.0852202 0.0000000 0.0796441 0.0810063 0.0824240 0.0854730 0.0823515 0.0125232 0.0177064 0.0812779 0.0862860 0.0142111 0.0072781 0.0222624 0.0880210 0.0825929 0.0822229 0.0916748 0.0973078 0.0132652 0.0878788 0.0817725 0.0792303 0.0831634 0.0778392 0.0951946 0.0867516 0.0835697 0.0838915 0.0059549 0.0859555 
Phalangeridae_Trichosurus_vulpecula          0.0308382 0.0468089 0.0358200 0.0393453 0.0415384 0.0796441 0.0000000 0.0142067 0.0383901 0.0510507 0.0130465 0.0826616 0.0733857 0.0133115 0.0424884 0.0765581 0.0805018 0.0860512 0.0537608 0.0377278 0.0355573 0.0694286 0.0901103 0.0748037 0.0440607 0.0448188 0.0353944 0.0395068 0.0365831 0.0508625 0.0411944 0.0133217 0.0535391 0.0805070 0.0507543 
Phalangeridae_Spilocuscus_maculatus          0.0343571 0.0434835 0.0352539 0.0372288 0.0403765 0.0810063 0.0142067 0.0000000 0.0384998 0.0490716 0.0067624 0.0834722 0.0733126 0.0098183 0.0404598 0.0764219 0.0826162 0.0849186 0.0536480 0.0388205 0.0360173 0.0689773 0.0927291 0.0766889 0.0429073 0.0442506 0.0355327 0.0382750 0.0383225 0.0509011 0.0382486 0.0106272 0.0521226 0.0808628 0.0487763 
Potoroidae_Aepyprymnus_rufescens             0.0392695 0.0437878 0.0340421 0.0087532 0.0114154 0.0824240 0.0383901 0.0384998 0.0000000 0.0487547 0.0386127 0.0840001 0.0766912 0.0380267 0.0436195 0.0775166 0.0835344 0.0901180 0.0505712 0.0150258 0.0409396 0.0729839 0.0890897 0.0763113 0.0298021 0.0464600 0.0380671 0.0156566 0.0386103 0.0535951 0.0402416 0.0390546 0.0507966 0.0835307 0.0491320 
Peramelidae_Perameles_nasuta                 0.0451385 0.0483885 0.0469633 0.0476249 0.0517471 0.0854730 0.0510507 0.0490716 0.0487547 0.0000000 0.0512102 0.0829248 0.0731039 0.0505513 0.0561569 0.0779693 0.0851813 0.0852445 0.0109748 0.0472165 0.0503036 0.0746959 0.0837807 0.0750174 0.0532891 0.0505164 0.0466928 0.0488711 0.0507209 0.0631835 0.0536652 0.0513639 0.0101395 0.0844044 0.0007478 
Phalangeridae_Strigocuscus_pelengensis       0.0340540 0.0447032 0.0355630 0.0379351 0.0401771 0.0823515 0.0130465 0.0067624 0.0386127 0.0512102 0.0000000 0.0839714 0.0729952 0.0072820 0.0407911 0.0792195 0.0805602 0.0813220 0.0566604 0.0388808 0.0359605 0.0698508 0.0938285 0.0772684 0.0444753 0.0441615 0.0364131 0.0396267 0.0380657 0.0519093 0.0400284 0.0075565 0.0546983 0.0814143 0.0509369 
Dasyuridae_Phascogale_tapoatafa              0.0808666 0.0803337 0.0799396 0.0839014 0.0867417 0.0125232 0.0826616 0.0834722 0.0840001 0.0829248 0.0839714 0.0000000 0.0180751 0.0820339 0.0887334 0.0036387 0.0140551 0.0261444 0.0868222 0.0846220 0.0846955 0.0948475 0.0948176 0.0084846 0.0894824 0.0833449 0.0817691 0.0846426 0.0807168 0.0953365 0.0887103 0.0832784 0.0817970 0.0129516 0.0833971 
Dasyuridae_Sminthopsis_macroura              0.0742867 0.0681593 0.0682406 0.0746343 0.0790001 0.0177064 0.0733857 0.0733126 0.0766912 0.0731039 0.0729952 0.0180751 0.0000000 0.0708264 0.0793321 0.0194576 0.0190553 0.0200427 0.0803794 0.0761153 0.0746904 0.0917305 0.0934322 0.0171404 0.0808034 0.0751634 0.0727793 0.0733333 0.0709653 0.0901691 0.0776399 0.0734319 0.0753443 0.0166389 0.0727108 
Phalangeridae_Phalanger_orientalis           0.0336382 0.0445905 0.0338951 0.0389998 0.0418628 0.0812779 0.0133115 0.0098183 0.0380267 0.0505513 0.0072820 0.0820339 0.0708264 0.0000000 0.0406780 0.0769037 0.0803231 0.0843509 0.0559155 0.0360446 0.0376711 0.0701828 0.0907242 0.0756471 0.0420852 0.0424153 0.0372182 0.0381154 0.0380970 0.0511321 0.0414155 0.0032693 0.0552787 0.0794589 0.0502562 
Acrobatidae_Acrobates_pygmaeus               0.0401226 0.0529597 0.0378146 0.0418718 0.0445380 0.0862860 0.0424884 0.0404598 0.0436195 0.0561569 0.0407911 0.0887334 0.0793321 0.0406780 0.0000000 0.0820030 0.0871728 0.0906943 0.0587429 0.0432044 0.0391505 0.0782272 0.0920555 0.0833227 0.0426415 0.0499168 0.0333380 0.0430749 0.0362079 0.0509484 0.0285635 0.0407111 0.0572387 0.0891594 0.0562830 
Dasyuridae_Phascogale_calura                 0.0751122 0.0714910 0.0719349 0.0770835 0.0802728 0.0142111 0.0765581 0.0764219 0.0775166 0.0779693 0.0792195 0.0036387 0.0194576 0.0769037 0.0820030 0.0000000 0.0154818 0.0268421 0.0836208 0.0773682 0.0795510 0.0942170 0.0963957 0.0100000 0.0848983 0.0772054 0.0746242 0.0788235 0.0743144 0.0903874 0.0817158 0.0783914 0.0782274 0.0141726 0.0785119 
Dasyuridae_Sarcophilus_harrisii              0.0827171 0.0813798 0.0799961 0.0817226 0.0866779 0.0072781 0.0805018 0.0826162 0.0835344 0.0851813 0.0805602 0.0140551 0.0190553 0.0803231 0.0871728 0.0154818 0.0000000 0.0247044 0.0878657 0.0828082 0.0851466 0.0956274 0.0975686 0.0150542 0.0917244 0.0830462 0.0815942 0.0829192 0.0814712 0.0976064 0.0884891 0.0825718 0.0841367 0.0066485 0.0856561 
Dasyuridae_Planigale_tenuirostris            0.0815594 0.0842136 0.0823395 0.0872137 0.0925762 0.0222624 0.0860512 0.0849186 0.0901180 0.0852445 0.0813220 0.0261444 0.0200427 0.0843509 0.0906943 0.0268421 0.0247044 0.0000000 0.0867522 0.0891410 0.0854926 0.0997874 0.1119670 0.0234978 0.0943608 0.0820190 0.0843403 0.0874386 0.0827596 0.1006774 0.0932066 0.0869280 0.0859964 0.0231380 0.0854326 
Peramelidae_Echymipera_kalubu                0.0501737 0.0510536 0.0502416 0.0504643 0.0535981 0.0880210 0.0537608 0.0536480 0.0505712 0.0109748 0.0566604 0.0868222 0.0803794 0.0559155 0.0587429 0.0836208 0.0878657 0.0867522 0.0000000 0.0487124 0.0540627 0.0780328 0.0895382 0.0840991 0.0560447 0.0544408 0.0509902 0.0507227 0.0541381 0.0681554 0.0560359 0.0567431 0.0099259 0.0874920 0.0109905 
Macropodidae_Dorcopsulus_vanheurni           0.0353473 0.0423908 0.0314504 0.0164086 0.0189332 0.0825929 0.0377278 0.0388205 0.0150258 0.0472165 0.0388808 0.0846220 0.0761153 0.0360446 0.0432044 0.0773682 0.0828082 0.0891410 0.0487124 0.0000000 0.0388481 0.0708744 0.0849525 0.0775175 0.0282021 0.0431817 0.0374508 0.0087886 0.0363330 0.0526635 0.0395384 0.0370553 0.0492252 0.0823644 0.0475888 
Pseudochiridae_Pseudochirulus_forbesi        0.0361627 0.0456325 0.0359930 0.0385576 0.0420953 0.0822229 0.0355573 0.0360173 0.0409396 0.0503036 0.0359605 0.0846955 0.0746904 0.0376711 0.0391505 0.0795510 0.0851466 0.0854926 0.0540627 0.0388481 0.0000000 0.0712183 0.0849612 0.0774914 0.0426018 0.0428202 0.0192615 0.0378027 0.0141900 0.0423667 0.0396056 0.0377589 0.0524147 0.0842643 0.0506830 
Didelphidae_Didelphis_virginiana             0.0692647 0.0733557 0.0715514 0.0741762 0.0773158 0.0916748 0.0694286 0.0689773 0.0729839 0.0746959 0.0698508 0.0948475 0.0917305 0.0701828 0.0782272 0.0942170 0.0956274 0.0997874 0.0780328 0.0708744 0.0712183 0.0000000 0.0492743 0.0898027 0.0758419 0.0730969 0.0744809 0.0716943 0.0711397 0.0811291 0.0762518 0.0715392 0.0742012 0.0947301 0.0756290 
Marmosidae_Monodelphis_domestica             0.0902648 0.0917262 0.0840773 0.0865259 0.0913428 0.0973078 0.0901103 0.0927291 0.0890897 0.0837807 0.0938285 0.0948176 0.0934322 0.0907242 0.0920555 0.0963957 0.0975686 0.1119670 0.0895382 0.0849525 0.0849612 0.0492743 0.0000000 0.0900953 0.0980911 0.0849549 0.0794190 0.0861294 0.0873299 0.0877338 0.0874676 0.0935606 0.0866685 0.0963964 0.0844501 
Dasyuridae_Antechinus_stuartii               0.0732795 0.0740044 0.0725031 0.0752899 0.0787632 0.0132652 0.0748037 0.0766889 0.0763113 0.0750174 0.0772684 0.0084846 0.0171404 0.0756471 0.0833227 0.0100000 0.0150542 0.0234978 0.0840991 0.0775175 0.0774914 0.0898027 0.0900953 0.0000000 0.0830410 0.0774646 0.0745245 0.0779857 0.0752799 0.0902713 0.0808845 0.0765893 0.0791633 0.0129446 0.0764541 
Hypsiprymnodontidae_Hypsiprymnodon_moschatus 0.0428728 0.0491067 0.0373141 0.0316382 0.0340907 0.0878788 0.0440607 0.0429073 0.0298021 0.0532891 0.0444753 0.0894824 0.0808034 0.0420852 0.0426415 0.0848983 0.0917244 0.0943608 0.0560447 0.0282021 0.0426018 0.0758419 0.0980911 0.0830410 0.0000000 0.0501487 0.0421063 0.0289466 0.0399109 0.0573459 0.0452703 0.0434349 0.0573596 0.0908022 0.0536776 
Microbiotheriidae_Dromiciops_gliroides       0.0426569 0.0458841 0.0386631 0.0443066 0.0469849 0.0817725 0.0448188 0.0442506 0.0464600 0.0505164 0.0441615 0.0833449 0.0751634 0.0424153 0.0499168 0.0772054 0.0830462 0.0820190 0.0544408 0.0431817 0.0428202 0.0730969 0.0849549 0.0774646 0.0501487 0.0000000 0.0456098 0.0437749 0.0411614 0.0610025 0.0496651 0.0434997 0.0520851 0.0826649 0.0508860 
Pseudochiridae_Petauroides_volans            0.0359108 0.0434407 0.0349000 0.0354616 0.0389230 0.0792303 0.0353944 0.0355327 0.0380671 0.0466928 0.0364131 0.0817691 0.0727793 0.0372182 0.0333380 0.0746242 0.0815942 0.0843403 0.0509902 0.0374508 0.0192615 0.0744809 0.0794190 0.0745245 0.0421063 0.0456098 0.0000000 0.0382389 0.0203998 0.0378894 0.0351604 0.0379380 0.0514526 0.0821500 0.0470650 
Macropodidae_Wallabia_bicolor                0.0374474 0.0428985 0.0331416 0.0167794 0.0181512 0.0831634 0.0395068 0.0382750 0.0156566 0.0488711 0.0396267 0.0846426 0.0733333 0.0381154 0.0430749 0.0788235 0.0829192 0.0874386 0.0507227 0.0087886 0.0378027 0.0716943 0.0861294 0.0779857 0.0289466 0.0437749 0.0382389 0.0000000 0.0378196 0.0536963 0.0386952 0.0394829 0.0505545 0.0833687 0.0492494 
Pseudochiridae_Pseudocheirus_occidentalis    0.0354344 0.0466755 0.0347720 0.0366267 0.0397491 0.0778392 0.0365831 0.0383225 0.0386103 0.0507209 0.0380657 0.0807168 0.0709653 0.0380970 0.0362079 0.0743144 0.0814712 0.0827596 0.0541381 0.0363330 0.0141900 0.0711397 0.0873299 0.0752799 0.0399109 0.0411614 0.0203998 0.0378196 0.0000000 0.0409555 0.0372687 0.0391424 0.0528775 0.0814727 0.0511021 
Tarsipedidae_Tarsipes_rostratus              0.0524553 0.0596375 0.0479573 0.0524312 0.0559643 0.0951946 0.0508625 0.0509011 0.0535951 0.0631835 0.0519093 0.0953365 0.0901691 0.0511321 0.0509484 0.0903874 0.0976064 0.1006774 0.0681554 0.0526635 0.0423667 0.0811291 0.0877338 0.0902713 0.0573459 0.0610025 0.0378894 0.0536963 0.0409555 0.0000000 0.0527058 0.0526322 0.0661422 0.0982443 0.0636409 
Acrobatidae_Distoechurus_pennatus            0.0363243 0.0482885 0.0408858 0.0395940 0.0428177 0.0867516 0.0411944 0.0382486 0.0402416 0.0536652 0.0400284 0.0887103 0.0776399 0.0414155 0.0285635 0.0817158 0.0884891 0.0932066 0.0560359 0.0395384 0.0396056 0.0762518 0.0874676 0.0808845 0.0452703 0.0496651 0.0351604 0.0386952 0.0372687 0.0527058 0.0000000 0.0414490 0.0557950 0.0905922 0.0537839 
Phalangeridae_Phalanger_carmelitae           0.0345846 0.0449602 0.0348753 0.0403474 0.0418857 0.0835697 0.0133217 0.0106272 0.0390546 0.0513639 0.0075565 0.0832784 0.0734319 0.0032693 0.0407111 0.0783914 0.0825718 0.0869280 0.0567431 0.0370553 0.0377589 0.0715392 0.0935606 0.0765893 0.0434349 0.0434997 0.0379380 0.0394829 0.0391424 0.0526322 0.0414490 0.0000000 0.0568443 0.0816953 0.0510674 
Peramelidae_Peroryctes_raffrayana            0.0488678 0.0480680 0.0485382 0.0499367 0.0538016 0.0838915 0.0535391 0.0521226 0.0507966 0.0101395 0.0546983 0.0817970 0.0753443 0.0552787 0.0572387 0.0782274 0.0841367 0.0859964 0.0099259 0.0492252 0.0524147 0.0742012 0.0866685 0.0791633 0.0573596 0.0520851 0.0514526 0.0505545 0.0528775 0.0661422 0.0557950 0.0568443 0.0000000 0.0833578 0.0109537 
Dasyuridae_Dasyurus_geffroii                 0.0821574 0.0804719 0.0783533 0.0817371 0.0857890 0.0059549 0.0805070 0.0808628 0.0835307 0.0844044 0.0814143 0.0129516 0.0166389 0.0794589 0.0891594 0.0141726 0.0066485 0.0231380 0.0874920 0.0823644 0.0842643 0.0947301 0.0963964 0.0129446 0.0908022 0.0826649 0.0821500 0.0833687 0.0814727 0.0982443 0.0905922 0.0816953 0.0833578 0.0000000 0.0848779 
Peramelidae_Perameles_gunnii                 0.0461918 0.0488206 0.0473355 0.0479988 0.0521307 0.0859555 0.0507543 0.0487763 0.0491320 0.0007478 0.0509369 0.0833971 0.0727108 0.0502562 0.0562830 0.0785119 0.0856561 0.0854326 0.0109905 0.0475888 0.0506830 0.0756290 0.0844501 0.0764541 0.0536776 0.0508860 0.0470650 0.0492494 0.0511021 0.0636409 0.0537839 0.0510674 0.0109537 0.0848779 0.0000000 
