35
Burramyidae_Burramys_parvus                  0.0000000 0.0989260 0.0655548 0.0675565 0.0671341 0.0928260 0.0398390 0.0390727 0.0703412 0.0699476 0.0412002 0.0921968 0.0907461 0.0396938 0.0636864 0.0938072 0.0938578 0.0847247 0.0829907 0.0684000 0.0570124 0.0935587 0.0928783 0.0921879 0.0712717 0.0690158 0.0497936 0.0667400 0.0695121 0.0826011 0.0656305 0.0394028 0.0662096 0.0936507 0.0864630 
Notoryctidae_Notoryctes_typhlops             0.0989260 0.0000000 0.1045268 0.1117416 0.1137013 0.1256925 0.0880780 0.0924081 0.1172294 0.0907646 0.0832638 0.1293178 0.1225734 0.0878373 0.1125900 0.1259650 0.1254431 0.1189747 0.1140718 0.1147057 0.1013456 0.1305434 0.1299812 0.1127339 0.1117877 0.1050290 0.0934633 0.1128448 0.1134642 0.1296557 0.1085781 0.0871522 0.0942736 0.1241635 0.1119006 
Vombatidae_Lasiorhinus_latifrons             0.0655548 0.1045268 0.0000000 0.0768222 0.0789204 0.1016235 0.0598856 0.0608075 0.0784881 0.0838832 0.0590969 0.0967759 0.0942342 0.0584721 0.0716317 0.0994486 0.1011073 0.0930264 0.0927822 0.0760073 0.0695032 0.1117254 0.1154568 0.0923046 0.0827856 0.0814460 0.0624614 0.0739681 0.0814533 0.0900572 0.0749341 0.0582258 0.0826200 0.1015015 0.0972928 
Potoroidae_Bettongia_penicillata             0.0675565 0.1117416 0.0768222 0.0000000 0.0033891 0.1089235 0.0577332 0.0590889 0.0179186 0.0832630 0.0575599 0.1040171 0.1026326 0.0596179 0.0787545 0.1065913 0.1094798 0.1030575 0.0977089 0.0261984 0.0682601 0.1169027 0.1212412 0.1060268 0.0469900 0.0901252 0.0664987 0.0280639 0.0897160 0.0929743 0.0799184 0.0582406 0.0826761 0.1085216 0.1006078 
Potoroidae_Bettongia_lesueur                 0.0671341 0.1137013 0.0789204 0.0033891 0.0000000 0.1095094 0.0590970 0.0606107 0.0175313 0.0835378 0.0589238 0.1048101 0.1037420 0.0609693 0.0803339 0.1077213 0.1104933 0.1028775 0.0976488 0.0266198 0.0682027 0.1154044 0.1206079 0.1074208 0.0469706 0.0922991 0.0669975 0.0284902 0.0882589 0.0934946 0.0815673 0.0596057 0.0822269 0.1096490 0.1005470 
Dasyuridae_Dasyurus_maculatus                0.0928260 0.1256925 0.1016235 0.1089235 0.1095094 0.0000000 0.0873833 0.0906969 0.1084946 0.1073816 0.0887017 0.0198578 0.0323169 0.0901302 0.1039082 0.0209285 0.0109355 0.0290748 0.1176796 0.1059991 0.0976138 0.1328959 0.1363961 0.0275169 0.1135661 0.1019703 0.0914222 0.1024783 0.1329293 0.1119836 0.1052628 0.0873298 0.1024818 0.0085298 0.1227112 
Phalangeridae_Trichosurus_vulpecula          0.0398390 0.0880780 0.0598856 0.0577332 0.0590970 0.0873833 0.0000000 0.0153724 0.0611907 0.0640887 0.0149376 0.0867655 0.0878030 0.0163154 0.0550514 0.0871554 0.0883175 0.0851156 0.0772035 0.0594766 0.0502180 0.0918113 0.0958652 0.0790443 0.0623968 0.0669626 0.0429179 0.0606721 0.0528472 0.0747877 0.0597417 0.0142176 0.0623188 0.0904299 0.0789442 
Phalangeridae_Spilocuscus_maculatus          0.0390727 0.0924081 0.0608075 0.0590889 0.0606107 0.0906969 0.0153724 0.0000000 0.0607311 0.0636302 0.0081309 0.0885666 0.0901759 0.0084574 0.0586116 0.0898474 0.0900958 0.0835809 0.0744414 0.0593134 0.0469256 0.0885471 0.0910335 0.0771272 0.0595968 0.0616987 0.0403813 0.0605003 0.0472094 0.0740733 0.0588197 0.0054265 0.0606948 0.0916271 0.0766260 
Potoroidae_Aepyprymnus_rufescens             0.0703412 0.1172294 0.0784881 0.0179186 0.0175313 0.1084946 0.0611907 0.0607311 0.0000000 0.0827369 0.0590798 0.1033377 0.1016172 0.0601990 0.0827907 0.1067585 0.1095563 0.1014188 0.0960528 0.0251922 0.0718756 0.1155289 0.1185672 0.1087304 0.0480289 0.0913645 0.0656746 0.0269971 0.0930929 0.0981326 0.0806252 0.0592511 0.0821456 0.1093601 0.0965104 
Peramelidae_Perameles_nasuta                 0.0699476 0.0907646 0.0838832 0.0832630 0.0835378 0.1073816 0.0640887 0.0636302 0.0827369 0.0000000 0.0653093 0.1019278 0.1012816 0.0632853 0.0867025 0.1037633 0.1071307 0.0951937 0.0153955 0.0773654 0.0684162 0.0972349 0.0939724 0.1893448 0.0784728 0.0763831 0.0641951 0.0782001 0.0882544 0.0958686 0.0836869 0.0621148 0.0144392 0.1040002 0.0008880 
Phalangeridae_Strigocuscus_pelengensis       0.0412002 0.0832638 0.0590969 0.0575599 0.0589238 0.0887017 0.0149376 0.0081309 0.0590798 0.0653093 0.0000000 0.0856069 0.0880348 0.0093539 0.0593300 0.0864551 0.0894683 0.0850253 0.0768444 0.0573623 0.0489009 0.0907910 0.0955731 0.0799458 0.0602351 0.0670393 0.0432508 0.0595361 0.0493048 0.0743890 0.0592828 0.0065651 0.0609046 0.0912537 0.0802210 
Dasyuridae_Phascogale_tapoatafa              0.0921968 0.1293178 0.0967759 0.1040171 0.1048101 0.0198578 0.0867655 0.0885666 0.1033377 0.1019278 0.0856069 0.0000000 0.0310513 0.0877239 0.1006454 0.0054525 0.0222127 0.0267567 0.1190684 0.1027732 0.0933379 0.1272837 0.1347400 0.0100398 0.1127264 0.1104135 0.0867686 0.0996316 0.1304986 0.1164836 0.1026570 0.0848098 0.0983382 0.0222614 0.1216643 
Dasyuridae_Sminthopsis_macroura              0.0907461 0.1225734 0.0942342 0.1026326 0.1037420 0.0323169 0.0878030 0.0901759 0.1016172 0.1012816 0.0880348 0.0310513 0.0000000 0.0894671 0.0975381 0.0312437 0.0347426 0.0189803 0.1108134 0.1015267 0.0901227 0.1292597 0.1336631 0.0420939 0.1049451 0.0965832 0.0843355 0.0978221 0.1226533 0.1103977 0.1008473 0.0866795 0.0964947 0.0337271 0.1177846 
Phalangeridae_Phalanger_orientalis           0.0396938 0.0878373 0.0584721 0.0596179 0.0609693 0.0901302 0.0163154 0.0084574 0.0601990 0.0632853 0.0093539 0.0877239 0.0894671 0.0000000 0.0593668 0.0867838 0.0910934 0.0845464 0.0782170 0.0604044 0.0477125 0.0936894 0.0968108 0.0753838 0.0638730 0.0675761 0.0407832 0.0621021 0.0461344 0.0758363 0.0578346 0.0041627 0.0609011 0.0920950 0.0789508 
Acrobatidae_Acrobates_pygmaeus               0.0636864 0.1125900 0.0716317 0.0787545 0.0803339 0.1039082 0.0550514 0.0586116 0.0827907 0.0867025 0.0593300 0.1006454 0.0975381 0.0593668 0.0000000 0.1002786 0.1062186 0.0967644 0.0956705 0.0780121 0.0619975 0.1094593 0.1118596 0.0958974 0.0796787 0.0835615 0.0541475 0.0787725 0.0815218 0.0827801 0.0403197 0.0580368 0.0860394 0.1053557 0.0998431 
Dasyuridae_Phascogale_calura                 0.0938072 0.1259650 0.0994486 0.1065913 0.1077213 0.0209285 0.0871554 0.0898474 0.1067585 0.1037633 0.0864551 0.0054525 0.0312437 0.0867838 0.1002786 0.0000000 0.0231458 0.0288422 0.1161711 0.1036927 0.0936580 0.1293299 0.1353155 0.0139939 0.1124003 0.1084101 0.0904608 0.1015191 0.1407485 0.1167487 0.1033283 0.0851198 0.1001437 0.0231929 0.1193483 
Dasyuridae_Sarcophilus_harrisii              0.0938578 0.1254431 0.1011073 0.1094798 0.1104933 0.0109355 0.0883175 0.0900958 0.1095563 0.1071307 0.0894683 0.0222127 0.0347426 0.0910934 0.1062186 0.0231458 0.0000000 0.0311660 0.1188532 0.1059391 0.0963377 0.1336692 0.1390300 0.0210569 0.1134842 0.1106799 0.0926158 0.1017899 0.1332268 0.1202448 0.1063512 0.0882674 0.1022520 0.0134060 0.1227179 
Dasyuridae_Planigale_tenuirostris            0.0847247 0.1189747 0.0930264 0.1030575 0.1028775 0.0290748 0.0851156 0.0835809 0.1014188 0.0951937 0.0850253 0.0267567 0.0189803 0.0845464 0.0967644 0.0288422 0.0311660 0.0000000 0.1022997 0.0976479 0.0904423 0.1350058 0.1343639 0.0222557 0.1017486 0.1017846 0.0832411 0.0935040 0.1169257 0.1096968 0.1031746 0.0817571 0.0878491 0.0306509 0.1078615 
Peramelidae_Echymipera_kalubu                0.0829907 0.1140718 0.0927822 0.0977089 0.0976488 0.1176796 0.0772035 0.0744414 0.0960528 0.0153955 0.0768444 0.1190684 0.1108134 0.0782170 0.0956705 0.1161711 0.1188532 0.1022997 0.0000000 0.0932928 0.0887249 0.1123782 0.1172688 0.1015375 0.0994195 0.0885152 0.0853755 0.0926004 0.0923303 0.1155246 0.0959855 0.0787965 0.0124619 0.1149067 0.0177303 
Macropodidae_Dorcopsulus_vanheurni           0.0684000 0.1147057 0.0760073 0.0261984 0.0266198 0.1059991 0.0594766 0.0593134 0.0251922 0.0773654 0.0573623 0.1027732 0.1015267 0.0604044 0.0780121 0.1036927 0.1059391 0.0976479 0.0932928 0.0000000 0.0680041 0.1143643 0.1197999 0.0975527 0.0470607 0.0881177 0.0622946 0.0120048 0.0865866 0.0935929 0.0771178 0.0590239 0.0760212 0.1068593 0.0979472 
Pseudochiridae_Pseudochirulus_forbesi        0.0570124 0.1013456 0.0695032 0.0682601 0.0682027 0.0976138 0.0502180 0.0469256 0.0718756 0.0684162 0.0489009 0.0933379 0.0901227 0.0477125 0.0619975 0.0936580 0.0963377 0.0904423 0.0887249 0.0680041 0.0000000 0.1032315 0.1086984 0.0801593 0.0724341 0.0810918 0.0307635 0.0673077 0.0222952 0.0693448 0.0648887 0.0469749 0.0680179 0.1001415 0.0904043 
Didelphidae_Didelphis_virginiana             0.0935587 0.1305434 0.1117254 0.1169027 0.1154044 0.1328959 0.0918113 0.0885471 0.1155289 0.0972349 0.0907910 0.1272837 0.1292597 0.0936894 0.1094593 0.1293299 0.1336692 0.1350058 0.1123782 0.1143643 0.1032315 0.0000000 0.0309901 0.1285380 0.1139765 0.1069220 0.0936375 0.1120372 0.1188149 0.1298112 0.1118184 0.0914375 0.0942919 0.1351695 0.1199523 
Marmosidae_Monodelphis_domestica             0.0928783 0.1299812 0.1154568 0.1212412 0.1206079 0.1363961 0.0958652 0.0910335 0.1185672 0.0939724 0.0955731 0.1347400 0.1336631 0.0968108 0.1118596 0.1353155 0.1390300 0.1343639 0.1172688 0.1197999 0.1086984 0.0309901 0.0000000 0.1278585 0.1177670 0.1061925 0.0995313 0.1174801 0.1110739 0.1323916 0.1160307 0.0955070 0.0931837 0.1381034 0.1200172 
Dasyuridae_Antechinus_stuartii               0.0921879 0.1127339 0.0923046 0.1060268 0.1074208 0.0275169 0.0790443 0.0771272 0.1087304 0.1893448 0.0799458 0.0100398 0.0420939 0.0753838 0.0958974 0.0139939 0.0210569 0.0222557 0.1015375 0.0975527 0.0801593 0.1285380 0.1278585 0.0000000 0.1053995 0.1308092 0.1191974 0.0910449 0.1330324 0.1694366 0.0932442 0.0731785 0.1831234 0.0219403 0.1036195 
Hypsiprymnodontidae_Hypsiprymnodon_moschatus 0.0712717 0.1117877 0.0827856 0.0469900 0.0469706 0.1135661 0.0623968 0.0595968 0.0480289 0.0784728 0.0602351 0.1127264 0.1049451 0.0638730 0.0796787 0.1124003 0.1134842 0.1017486 0.0994195 0.0470607 0.0724341 0.1139765 0.1177670 0.1053995 0.0000000 0.0920840 0.0668379 0.0461892 0.0907807 0.0993989 0.0866201 0.0619361 0.0790568 0.1151154 0.1024988 
Microbiotheriidae_Dromiciops_gliroides       0.0690158 0.1050290 0.0814460 0.0901252 0.0922991 0.1019703 0.0669626 0.0616987 0.0913645 0.0763831 0.0670393 0.1104135 0.0965832 0.0675761 0.0835615 0.1084101 0.1106799 0.1017846 0.0885152 0.0881177 0.0810918 0.1069220 0.1061925 0.1308092 0.0920840 0.0000000 0.0669021 0.0867334 0.0791630 0.0980535 0.0903031 0.0656176 0.0714858 0.1089560 0.0920132 
Pseudochiridae_Petauroides_volans            0.0497936 0.0934633 0.0624614 0.0664987 0.0669975 0.0914222 0.0429179 0.0403813 0.0656746 0.0641951 0.0432508 0.0867686 0.0843355 0.0407832 0.0541475 0.0904608 0.0926158 0.0832411 0.0853755 0.0622946 0.0307635 0.0936375 0.0995313 0.1191974 0.0668379 0.0669021 0.0000000 0.0633519 0.0301936 0.0579806 0.0528787 0.0401916 0.0632177 0.0952965 0.0871774 
Macropodidae_Wallabia_bicolor                0.0667400 0.1128448 0.0739681 0.0280639 0.0284902 0.1024783 0.0606721 0.0605003 0.0269971 0.0782001 0.0595361 0.0996316 0.0978221 0.0621021 0.0787725 0.1015191 0.1017899 0.0935040 0.0926004 0.0120048 0.0673077 0.1120372 0.1174801 0.0910449 0.0461892 0.0867334 0.0633519 0.0000000 0.0779787 0.0933947 0.0798367 0.0603055 0.0762375 0.1033432 0.0982173 
Pseudochiridae_Pseudocheirus_occidentalis    0.0695121 0.1134642 0.0814533 0.0897160 0.0882589 0.1329293 0.0528472 0.0472094 0.0930929 0.0882544 0.0493048 0.1304986 0.1226533 0.0461344 0.0815218 0.1407485 0.1332268 0.1169257 0.0923303 0.0865866 0.0222952 0.1188149 0.1110739 0.1330324 0.0907807 0.0791630 0.0301936 0.0779787 0.0000000 0.1024840 0.0702324 0.0440643 0.0884080 0.1314226 0.0916517 
Tarsipedidae_Tarsipes_rostratus              0.0826011 0.1296557 0.0900572 0.0929743 0.0934946 0.1119836 0.0747877 0.0740733 0.0981326 0.0958686 0.0743890 0.1164836 0.1103977 0.0758363 0.0827801 0.1167487 0.1202448 0.1096968 0.1155246 0.0935929 0.0693448 0.1298112 0.1323916 0.1694366 0.0993989 0.0980535 0.0579806 0.0933947 0.1024840 0.0000000 0.0842224 0.0739000 0.0946835 0.1195796 0.1169541 
Acrobatidae_Distoechurus_pennatus            0.0656305 0.1085781 0.0749341 0.0799184 0.0815673 0.1052628 0.0597417 0.0588197 0.0806252 0.0836869 0.0592828 0.1026570 0.1008473 0.0578346 0.0403197 0.1033283 0.1063512 0.1031746 0.0959855 0.0771178 0.0648887 0.1118184 0.1160307 0.0932442 0.0866201 0.0903031 0.0528787 0.0798367 0.0702324 0.0842224 0.0000000 0.0579739 0.0797221 0.1077372 0.1001098 
Phalangeridae_Phalanger_carmelitae           0.0394028 0.0871522 0.0582258 0.0582406 0.0596057 0.0873298 0.0142176 0.0054265 0.0592511 0.0621148 0.0065651 0.0848098 0.0866795 0.0041627 0.0580368 0.0851198 0.0882674 0.0817571 0.0787965 0.0590239 0.0469749 0.0914375 0.0955070 0.0731785 0.0619361 0.0656176 0.0401916 0.0603055 0.0440643 0.0739000 0.0579739 0.0000000 0.0604700 0.0892756 0.0795291 
Peramelidae_Peroryctes_raffrayana            0.0662096 0.0942736 0.0826200 0.0826761 0.0822269 0.1024818 0.0623188 0.0606948 0.0821456 0.0144392 0.0609046 0.0983382 0.0964947 0.0609011 0.0860394 0.1001437 0.1022520 0.0878491 0.0124619 0.0760212 0.0680179 0.0942919 0.0931837 0.1831234 0.0790568 0.0714858 0.0632177 0.0762375 0.0884080 0.0946835 0.0797221 0.0604700 0.0000000 0.0978782 0.0134173 
Dasyuridae_Dasyurus_geffroii                 0.0936507 0.1241635 0.1015015 0.1085216 0.1096490 0.0085298 0.0904299 0.0916271 0.1093601 0.1040002 0.0912537 0.0222614 0.0337271 0.0920950 0.1053557 0.0231929 0.0134060 0.0306509 0.1149067 0.1068593 0.1001415 0.1351695 0.1381034 0.0219403 0.1151154 0.1089560 0.0952965 0.1033432 0.1314226 0.1195796 0.1077372 0.0892756 0.0978782 0.0000000 0.1199364 
Peramelidae_Perameles_gunnii                 0.0864630 0.1119006 0.0972928 0.1006078 0.1005470 0.1227112 0.0789442 0.0766260 0.0965104 0.0008880 0.0802210 0.1216643 0.1177846 0.0789508 0.0998431 0.1193483 0.1227179 0.1078615 0.0177303 0.0979472 0.0904043 0.1199523 0.1200172 0.1036195 0.1024988 0.0920132 0.0871774 0.0982173 0.0916517 0.1169541 0.1001098 0.0795291 0.0134173 0.1199364 0.0000000 
