37
Burramyidae_Burramys_parvus                  0.0000000 0.1020621 0.0714055 0.0417110 0.0374629 0.0982790 0.0226817 0.0273078 0.0402301 0.0695403 0.0236124 0.0736394 0.0768694 0.0267685 0.0641240 0.0744006 0.0737656 0.0633349 0.0684200 0.0388550 0.0336492 0.0608802 0.0557783 0.1056951 0.0429589 0.0425924 0.0336403 0.0454334 0.0299489 0.0487504 0.0427782 0.0264571 0.0965374 0.0721985 0.0716372 0.0237167 0.0237167 
Notoryctidae_Notoryctes_typhlops             0.1020621 0.0000000 0.0917908 0.1109826 0.1229959 0.1387097 0.0814033 0.0789253 0.1261932 0.0962292 0.0879199 0.1494195 0.1388165 0.0899095 0.2089503 0.1525755 0.1391063 0.1516749 0.0965860 0.1073525 0.0880670 0.1379794 0.1278123 0.1433128 0.0792858 0.1038689 0.0831436 0.1070613 0.0916046 0.1328856 0.1135713 0.0880655 0.0944474 0.1314595 0.0962292 9.0000000 9.0000000 
Vombatidae_Lasiorhinus_latifrons             0.0714055 0.0917908 0.0000000 0.0943404 0.0963363 0.1025016 0.0602729 0.0611817 0.0898517 0.0798837 0.0654083 0.1065232 0.1068337 0.0642552 0.1277818 0.1137143 0.1052789 0.1149808 0.0853742 0.0789469 0.0623950 0.1065575 0.1013147 0.1080572 0.1105096 0.0705676 0.0556894 0.0962558 0.0549226 0.0916829 0.0785660 0.0651236 0.0845663 0.1008223 0.0826439 9.0000000 9.0000000 
Potoroidae_Bettongia_penicillata             0.0417110 0.1109826 0.0943404 0.0000000 0.0016571 0.1365211 0.0302284 0.0354456 0.0081613 0.0882890 0.0310937 0.0768807 0.0795514 0.0342948 0.0839376 0.0789986 0.0793042 0.0728385 0.0841462 0.0114767 0.0495455 0.0896099 0.0773516 0.1424394 0.0289013 0.0615072 0.0559097 0.0135276 0.0446515 0.0650863 0.0466769 0.0341123 0.1210721 0.0789218 0.0906904 0.0303483 0.0303483 
Potoroidae_Bettongia_lesueur                 0.0374629 0.1229959 0.0963363 0.0016571 0.0000000 0.1470858 0.0267662 0.0319034 0.0070469 0.0800931 0.0270931 0.0717304 0.0738539 0.0304059 0.0855091 0.0723915 0.0735642 0.0685093 0.0773347 0.0095985 0.0462699 0.0888062 0.0748455 0.1588739 0.0156593 0.0572520 0.0528376 0.0093848 0.0429641 0.0612822 0.0428067 0.0307224 0.1149985 0.0731548 0.0818944 0.0309901 0.0309901 
Dasyuridae_Dasyurus_maculatus                0.0982790 0.1387097 0.1025016 0.1365211 0.1470858 0.0000000 0.1038468 0.1049065 0.1246743 0.1218175 0.1097323 0.0246921 0.0324054 0.1090100 0.1742508 0.0268818 0.0092237 0.0418244 0.1210648 0.1146152 0.1005789 0.1200894 0.1218829 0.0237303 0.1347154 0.0997467 0.0892265 0.1226563 0.0900620 0.1312352 0.1204981 0.1075227 0.1205217 0.0074599 0.1248612 9.0000000 9.0000000 
Phalangeridae_Trichosurus_vulpecula          0.0226817 0.0814033 0.0602729 0.0302284 0.0267662 0.1038468 0.0000000 0.0069570 0.0310490 0.0630129 0.0068944 0.0666593 0.0673428 0.0073093 0.0565293 0.0667817 0.0651704 0.0554406 0.0606983 0.0267137 0.0280747 0.0573775 0.0458591 0.1108702 0.0349403 0.0351643 0.0266300 0.0307614 0.0230657 0.0438710 0.0334871 0.0067431 0.0882231 0.0643099 0.0649717 0.0211343 0.0211343 
Phalangeridae_Spilocuscus_maculatus          0.0273078 0.0789253 0.0611817 0.0354456 0.0319034 0.1049065 0.0069570 0.0000000 0.0361360 0.0647607 0.0030516 0.0690629 0.0728900 0.0042254 0.0572583 0.0691934 0.0682363 0.0591141 0.0661856 0.0290993 0.0284684 0.0606033 0.0502796 0.1118359 0.0379206 0.0367191 0.0249726 0.0338835 0.0235426 0.0439223 0.0371952 0.0034430 0.0868394 0.0654639 0.0668316 0.0205021 0.0205021 
Potoroidae_Aepyprymnus_rufescens             0.0402301 0.1261932 0.0898517 0.0081613 0.0070469 0.1246743 0.0310490 0.0361360 0.0000000 0.0860731 0.0329145 0.0728663 0.0786788 0.0360853 0.0763119 0.0755744 0.0812191 0.0715311 0.0833812 0.0113917 0.0505143 0.0887373 0.0771721 0.1305324 0.0311360 0.0603481 0.0546943 0.0131627 0.0461156 0.0695979 0.0451260 0.0355789 0.1086042 0.0787759 0.0884123 0.0312597 0.0312597 
Peramelidae_Perameles_nasuta                 0.0695403 0.0962292 0.0798837 0.0882890 0.0800931 0.1218175 0.0630129 0.0647607 0.0860731 0.0000000 0.0602876 0.1003838 0.1043377 0.0654935 0.1125837 0.1039446 0.1058425 0.0931293 0.0074417 0.0861505 0.0748627 0.0859725 0.0806268 0.1200980 0.0866062 0.0668778 0.0658146 0.0873172 0.0638101 0.0851273 0.0789071 0.0653823 0.0208107 0.1046691 0.0009072 0.0571842 0.0571842 
Phalangeridae_Strigocuscus_pelengensis       0.0236124 0.0879199 0.0654083 0.0310937 0.0270931 0.1097323 0.0068944 0.0030516 0.0329145 0.0602876 0.0000000 0.0666996 0.0700535 0.0039736 0.0532946 0.0687313 0.0664278 0.0562047 0.0597757 0.0255834 0.0249087 0.0571578 0.0509030 0.1159437 0.0355737 0.0360562 0.0246173 0.0309597 0.0205224 0.0408661 0.0328294 0.0034976 0.0885770 0.0649538 0.0615782 0.0172090 0.0172090 
Dasyuridae_Phascogale_tapoatafa              0.0736394 0.1494195 0.1065232 0.0768807 0.0717304 0.0246921 0.0666593 0.0690629 0.0728663 0.1003838 0.0666996 0.0000000 0.0125521 0.0704325 0.1062642 0.0024332 0.0096239 0.0123273 0.1017781 0.0734716 0.0751927 0.0918631 0.0778037 0.0101414 0.0779205 0.0716520 0.0742827 0.0759269 0.0662504 0.0885773 0.0759796 0.0703634 0.1206622 0.0087717 0.1027735 0.0492380 0.0492380 
Dasyuridae_Sminthopsis_macroura              0.0768694 0.1388165 0.1068337 0.0795514 0.0738539 0.0324054 0.0673428 0.0728900 0.0786788 0.1043377 0.0700535 0.0125521 0.0000000 0.0711642 0.1136098 0.0120817 0.0118463 0.0103320 0.1072227 0.0759481 0.0794937 0.0953435 0.0844530 0.0314125 0.0804682 0.0739868 0.0737317 0.0811347 0.0673352 0.0960371 0.0863087 0.0710944 0.1222821 0.0130299 0.1067563 0.0500825 0.0500825 
Phalangeridae_Phalanger_orientalis           0.0267685 0.0899095 0.0642552 0.0342948 0.0304059 0.1090100 0.0073093 0.0042254 0.0360853 0.0654935 0.0039736 0.0704325 0.0711642 0.0000000 0.0597297 0.0705668 0.0677685 0.0573320 0.0650807 0.0301865 0.0301094 0.0594708 0.0500095 0.1146275 0.0407903 0.0405222 0.0291997 0.0350697 0.0245665 0.0446503 0.0374057 0.0011685 0.0957469 0.0674296 0.0675531 0.0232218 0.0232218 
Acrobatidae_Acrobates_pygmaeus               0.0641240 0.2089503 0.1277818 0.0839376 0.0855091 0.1742508 0.0565293 0.0572583 0.0763119 0.1125837 0.0532946 0.1062642 0.1136098 0.0597297 0.0000000 0.1070155 0.1125569 0.1005081 0.1059794 0.0740650 0.0560875 0.1122320 0.0890399 0.1762692 0.0900274 0.0784314 0.0644355 0.0823924 0.0493147 0.0686223 0.0393768 0.0582817 0.1553947 0.1091473 0.1150920 0.0352996 0.0352996 
Dasyuridae_Phascogale_calura                 0.0744006 0.1525755 0.1137143 0.0789986 0.0723915 0.0268818 0.0667817 0.0691934 0.0755744 0.1039446 0.0687313 0.0024332 0.0120817 0.0705668 0.1070155 0.0000000 0.0100673 0.0113294 0.1053486 0.0747694 0.0772160 0.0941059 0.0812512 0.0101699 0.0792863 0.0734707 0.0749140 0.0786887 0.0681546 0.0906433 0.0791726 0.0704974 0.1298916 0.0091946 0.1063600 0.0500947 0.0500947 
Dasyuridae_Sarcophilus_harrisii              0.0737656 0.1391063 0.1052789 0.0793042 0.0735642 0.0092237 0.0651704 0.0682363 0.0812191 0.1058425 0.0664278 0.0096239 0.0118463 0.0677685 0.1125569 0.0100673 0.0000000 0.0111129 0.1058846 0.0780550 0.0766467 0.0868966 0.0777076 0.0247560 0.0820518 0.0725062 0.0730273 0.0805268 0.0651703 0.0872814 0.0802018 0.0677016 0.1234096 0.0027285 0.1081313 0.0537287 0.0537287 
Dasyuridae_Planigale_tenuirostris            0.0633349 0.1516749 0.1149808 0.0728385 0.0685093 0.0418244 0.0554406 0.0591141 0.0715311 0.0931293 0.0562047 0.0123273 0.0103320 0.0573320 0.1005081 0.0113294 0.0111129 0.0000000 0.0937599 0.0650984 0.0799014 0.0818948 0.0719997 0.0381355 0.0757288 0.0639509 0.0666568 0.0706658 0.0624579 0.0895941 0.0713824 0.0579481 0.1251950 0.0111031 0.0947118 0.0412639 0.0412639 
Peramelidae_Echymipera_kalubu                0.0684200 0.0965860 0.0853742 0.0841462 0.0773347 0.1210648 0.0606983 0.0661856 0.0833812 0.0074417 0.0597757 0.1017781 0.1072227 0.0650807 0.1059794 0.1053486 0.1058846 0.0937599 0.0000000 0.0801854 0.0727172 0.0854640 0.0807557 0.1208878 0.0884208 0.0663735 0.0664159 0.0825892 0.0613700 0.0861001 0.0777011 0.0656145 0.0187702 0.1060997 0.0080435 0.0633158 0.0633158 
Macropodidae_Dorcopsulus_vanheurni           0.0388550 0.1073525 0.0789469 0.0114767 0.0095985 0.1146152 0.0267137 0.0290993 0.0113917 0.0861505 0.0255834 0.0734716 0.0759481 0.0301865 0.0740650 0.0747694 0.0780550 0.0650984 0.0801854 0.0000000 0.0453693 0.0845144 0.0683156 0.1218113 0.0263974 0.0551455 0.0488067 0.0054540 0.0377830 0.0615130 0.0452674 0.0296241 0.1030227 0.0779627 0.0882904 0.0286637 0.0286637 
Pseudochiridae_Pseudochirulus_forbesi        0.0336492 0.0880670 0.0623950 0.0495455 0.0462699 0.1005789 0.0280747 0.0284684 0.0505143 0.0748627 0.0249087 0.0751927 0.0794937 0.0301094 0.0560875 0.0772160 0.0766467 0.0799014 0.0727172 0.0453693 0.0000000 0.0737240 0.0644751 0.1002628 0.0537823 0.0410111 0.0144332 0.0495474 0.0079027 0.0350388 0.0335519 0.0284601 0.0814423 0.0749342 0.0771217 0.0299041 0.0299041 
Didelphidae_Didelphis_virginiana             0.0608802 0.1379794 0.1065575 0.0896099 0.0888062 0.1200894 0.0573775 0.0606033 0.0887373 0.0859725 0.0571578 0.0918631 0.0953435 0.0594708 0.1122320 0.0941059 0.0868966 0.0818948 0.0854640 0.0845144 0.0737240 0.0000000 0.0160845 0.1279395 0.0968419 0.0603007 0.0812987 0.0910314 0.0658639 0.0830510 0.0875050 0.0606535 0.1142815 0.0906665 0.0881404 0.0477717 0.0477717 
Marmosidae_Monodelphis_domestica             0.0557783 0.1278123 0.1013147 0.0773516 0.0748455 0.1218829 0.0458591 0.0502796 0.0771721 0.0806268 0.0509030 0.0778037 0.0844530 0.0500095 0.0890399 0.0812512 0.0777076 0.0719997 0.0807557 0.0683156 0.0644751 0.0160845 0.0000000 0.1239489 0.0820385 0.0512919 0.0671886 0.0774160 0.0571889 0.0721685 0.0685727 0.0499520 0.1084681 0.0793090 0.0828406 0.0355727 0.0355727 
Dasyuridae_Antechinus_stuartii               0.1056951 0.1433128 0.1080572 0.1424394 0.1588739 0.0237303 0.1108702 0.1118359 0.1305324 0.1200980 0.1159437 0.0101414 0.0314125 0.1146275 0.1762692 0.0101699 0.0247560 0.0381355 0.1208878 0.1218113 0.1002628 0.1279395 0.1239489 0.0000000 0.1441781 0.1035983 0.0903578 0.1301655 0.0927446 0.1385462 0.1216960 0.1131302 0.1210905 0.0236904 0.1231273 9.0000000 9.0000000 
Hypsiprymnodontidae_Hypsiprymnodon_moschatus 0.0429589 0.0792858 0.1105096 0.0289013 0.0156593 0.1347154 0.0349403 0.0379206 0.0311360 0.0866062 0.0355737 0.0779205 0.0804682 0.0407903 0.0900274 0.0792863 0.0820518 0.0757288 0.0884208 0.0263974 0.0537823 0.0968419 0.0820385 0.1441781 0.0000000 0.0603432 0.0569142 0.0278297 0.0448389 0.0713449 0.0556802 0.0405599 0.1274466 0.0810084 0.0889333 0.0231917 0.0231917 
Microbiotheriidae_Dromiciops_gliroides       0.0425924 0.1038689 0.0705676 0.0615072 0.0572520 0.0997467 0.0351643 0.0367191 0.0603481 0.0668778 0.0360562 0.0716520 0.0739868 0.0405222 0.0784314 0.0734707 0.0725062 0.0639509 0.0663735 0.0551455 0.0410111 0.0603007 0.0512919 0.1035983 0.0603432 0.0000000 0.0506949 0.0584046 0.0356482 0.0594990 0.0589449 0.0379544 0.0866085 0.0737461 0.0681995 0.0244069 0.0244069 
Pseudochiridae_Petauroides_volans            0.0336403 0.0831436 0.0556894 0.0559097 0.0528376 0.0892265 0.0266300 0.0249726 0.0546943 0.0658146 0.0246173 0.0742827 0.0737317 0.0291997 0.0644355 0.0749140 0.0730273 0.0666568 0.0664159 0.0488067 0.0144332 0.0812987 0.0671886 0.0903578 0.0569142 0.0506949 0.0000000 0.0556762 0.0158142 0.0350721 0.0363962 0.0285544 0.0767428 0.0728823 0.0674134 0.0375359 0.0375359 
Macropodidae_Wallabia_bicolor                0.0454334 0.1070613 0.0962558 0.0135276 0.0093848 0.1226563 0.0307614 0.0338835 0.0131627 0.0873172 0.0309597 0.0759269 0.0811347 0.0350697 0.0823924 0.0786887 0.0805268 0.0706658 0.0825892 0.0054540 0.0495474 0.0910314 0.0774160 0.1301655 0.0278297 0.0584046 0.0556762 0.0000000 0.0424364 0.0611801 0.0513954 0.0353460 0.1077732 0.0791469 0.0894871 0.0287240 0.0287240 
Pseudochiridae_Pseudocheirus_occidentalis    0.0299489 0.0916046 0.0549226 0.0446515 0.0429641 0.0900620 0.0230657 0.0235426 0.0461156 0.0638101 0.0205224 0.0662504 0.0673352 0.0245665 0.0493147 0.0681546 0.0651703 0.0624579 0.0613700 0.0377830 0.0079027 0.0658639 0.0571889 0.0927446 0.0448389 0.0356482 0.0158142 0.0424364 0.0000000 0.0253134 0.0293464 0.0240999 0.0694806 0.0675836 0.0658371 0.0297521 0.0297521 
Tarsipedidae_Tarsipes_rostratus              0.0487504 0.1328856 0.0916829 0.0650863 0.0612822 0.1312352 0.0438710 0.0439223 0.0695979 0.0851273 0.0408661 0.0885773 0.0960371 0.0446503 0.0686223 0.0906433 0.0872814 0.0895941 0.0861001 0.0615130 0.0350388 0.0830510 0.0721685 0.1385462 0.0713449 0.0594990 0.0350721 0.0611801 0.0253134 0.0000000 0.0503433 0.0460739 0.1132299 0.0907238 0.0865564 0.0413069 0.0413069 
Acrobatidae_Distoechurus_pennatus            0.0427782 0.1135713 0.0785660 0.0466769 0.0428067 0.1204981 0.0334871 0.0371952 0.0451260 0.0789071 0.0328294 0.0759796 0.0863087 0.0374057 0.0393768 0.0791726 0.0802018 0.0713824 0.0777011 0.0452674 0.0335519 0.0875050 0.0685727 0.1216960 0.0556802 0.0589449 0.0363962 0.0513954 0.0293464 0.0503433 0.0000000 0.0366208 0.1011728 0.0783499 0.0811080 0.0382703 0.0382703 
Phalangeridae_Phalanger_carmelitae           0.0264571 0.0880655 0.0651236 0.0341123 0.0307224 0.1075227 0.0067431 0.0034430 0.0355789 0.0653823 0.0034976 0.0703634 0.0710944 0.0011685 0.0582817 0.0704974 0.0677016 0.0579481 0.0656145 0.0296241 0.0284601 0.0606535 0.0499520 0.1131302 0.0405599 0.0379544 0.0285544 0.0353460 0.0240999 0.0460739 0.0366208 0.0000000 0.0929519 0.0673632 0.0674377 0.0221858 0.0221858 
Peramelidae_Peroryctes_raffrayana            0.0965374 0.0944474 0.0845663 0.1210721 0.1149985 0.1205217 0.0882231 0.0868394 0.1086042 0.0208107 0.0885770 0.1206622 0.1222821 0.0957469 0.1553947 0.1298916 0.1234096 0.1251950 0.0187702 0.1030227 0.0814423 0.1142815 0.1084681 0.1210905 0.1274466 0.0866085 0.0767428 0.1077732 0.0694806 0.1132299 0.1011728 0.0929519 0.0000000 0.1187201 0.0239145 9.0000000 9.0000000 
Dasyuridae_Dasyurus_geffroii                 0.0721985 0.1314595 0.1008223 0.0789218 0.0731548 0.0074599 0.0643099 0.0654639 0.0787759 0.1046691 0.0649538 0.0087717 0.0130299 0.0674296 0.1091473 0.0091946 0.0027285 0.0111031 0.1060997 0.0779627 0.0749342 0.0906665 0.0793090 0.0236904 0.0810084 0.0737461 0.0728823 0.0791469 0.0675836 0.0907238 0.0783499 0.0673632 0.1187201 0.0000000 0.1070881 0.0534337 0.0534337 
Peramelidae_Perameles_gunnii                 0.0716372 0.0962292 0.0826439 0.0906904 0.0818944 0.1248612 0.0649717 0.0668316 0.0884123 0.0009072 0.0615782 0.1027735 0.1067563 0.0675531 0.1150920 0.1063600 0.1081313 0.0947118 0.0080435 0.0882904 0.0771217 0.0881404 0.0828406 0.1231273 0.0889333 0.0681995 0.0674134 0.0894871 0.0658371 0.0865564 0.0811080 0.0674377 0.0239145 0.1070881 0.0000000 0.0596406 0.0596406 
Vombatidae_Vombatus_ursinus1                 0.0237167 9.0000000 9.0000000 0.0303483 0.0309901 9.0000000 0.0211343 0.0205021 0.0312597 0.0571842 0.0172090 0.0492380 0.0500825 0.0232218 0.0352996 0.0500947 0.0537287 0.0412639 0.0633158 0.0286637 0.0299041 0.0477717 0.0355727 9.0000000 0.0231917 0.0244069 0.0375359 0.0287240 0.0297521 0.0413069 0.0382703 0.0221858 9.0000000 0.0534337 0.0596406 0.0000000 0.0000010 
Vombatidae_Vombatus_ursinus2                 0.0237167 9.0000000 9.0000000 0.0303483 0.0309901 9.0000000 0.0211343 0.0205021 0.0312597 0.0571842 0.0172090 0.0492380 0.0500825 0.0232218 0.0352996 0.0500947 0.0537287 0.0412639 0.0633158 0.0286637 0.0299041 0.0477717 0.0355727 9.0000000 0.0231917 0.0244069 0.0375359 0.0287240 0.0297521 0.0413069 0.0382703 0.0221858 9.0000000 0.0534337 0.0596406 0.0000010 0.0000000 
