35
Burramyidae_Burramys_parvus                  0.0000000 0.1012876 0.0814303 0.0639622 0.0615447 0.1276247 0.0567192 0.0563886 0.0629144 0.0969329 0.0544157 0.1195451 0.0940120 0.0558174 0.0524428 0.0924544 0.0951897 0.0761033 0.1001111 0.0694419 0.0692493 0.1063032 0.1134927 0.0921543 0.0654860 0.0876099 0.0594210 0.0694834 0.0855198 0.0811041 0.0611556 0.0539509 0.0974952 0.0968978 0.1028034 
Notoryctidae_Notoryctes_typhlops             0.1012876 0.0000000 0.1209544 0.1122803 0.1105082 0.1678204 0.1077238 0.1074058 0.1088796 0.1242963 0.1051786 0.1576748 0.1218561 0.1059156 0.0983180 0.1158322 0.1230410 0.1115842 0.1218899 0.1143139 0.1107794 0.1373280 0.1402022 0.1152729 0.1168203 0.1225759 0.1053581 0.1106887 0.1287798 0.1258274 0.1048188 0.1063359 0.1217252 0.1231192 0.1278850 
Vombatidae_Lasiorhinus_latifrons             0.0814303 0.1209544 0.0000000 0.0815123 0.0779396 0.1444961 0.0752075 0.0740521 0.0777303 0.1091457 0.0696999 0.1357243 0.1010698 0.0815024 0.0645967 0.1018193 0.1074885 0.0939352 0.1092686 0.0830449 0.0730100 0.1225525 0.1258242 0.0976000 0.0822284 0.0955139 0.0716274 0.0825201 0.1062016 0.0972029 0.0798054 0.0794032 0.1098176 0.1072665 0.1110010 
Potoroidae_Bettongia_penicillata             0.0639622 0.1122803 0.0815123 0.0000000 0.0031890 0.1456066 0.0638481 0.0566345 0.0053686 0.1051091 0.0522013 0.1345510 0.1033585 0.0647433 0.0540379 0.1011425 0.1077047 0.0896468 0.1062515 0.0113441 0.0723717 0.1175672 0.1197214 0.1010711 0.0355368 0.0968125 0.0641924 0.0108384 0.0866306 0.0844722 0.0694293 0.0628186 0.0998711 0.1073796 0.1093293 
Potoroidae_Bettongia_lesueur                 0.0615447 0.1105082 0.0779396 0.0031890 0.0000000 0.1418541 0.0608503 0.0504196 0.0077119 0.1055857 0.0517296 0.1318528 0.1022983 0.0600114 0.0538041 0.1010999 0.1069635 0.0883209 0.1059256 0.0139558 0.0673442 0.1137127 0.1163306 0.0998680 0.0330190 0.0950055 0.0588857 0.0134039 0.0790822 0.0774568 0.0651524 0.0580949 0.1003860 0.1054672 0.1089120 
Dasyuridae_Dasyurus_maculatus                0.1276247 0.1678204 0.1444961 0.1456066 0.1418541 0.0000000 0.1341087 0.1401292 0.1415220 0.1440026 0.1474783 0.0266581 0.0462950 0.1438945 0.1234563 0.0254397 0.0119560 0.0427466 0.1474868 0.1407836 0.1403968 0.1682421 0.1854468 0.0266309 0.1392914 0.1416701 0.1346246 0.1485019 0.1107888 0.1510449 0.1369559 0.1406785 0.1412820 0.0098016 0.1460110 
Phalangeridae_Trichosurus_vulpecula          0.0567192 0.1077238 0.0752075 0.0638481 0.0608503 0.1341087 0.0000000 0.0158285 0.0574321 0.1036443 0.0101463 0.1260873 0.0979716 0.0221332 0.0403882 0.0911004 0.1006534 0.0882534 0.1087698 0.0630385 0.0613361 0.1114494 0.1193912 0.0926293 0.0620926 0.0837516 0.0486274 0.0633559 0.0695154 0.0792359 0.0583037 0.0210429 0.1020803 0.0987715 0.1077308 
Phalangeridae_Spilocuscus_maculatus          0.0563886 0.1074058 0.0740521 0.0566345 0.0504196 0.1401292 0.0158285 0.0000000 0.0505122 0.1063924 0.0089157 0.1300315 0.0967900 0.0114744 0.0452767 0.0969620 0.1039069 0.0862147 0.1074636 0.0548300 0.0567252 0.1123014 0.1211774 0.0986626 0.0609516 0.0776290 0.0502617 0.0572691 0.0666224 0.0746677 0.0635708 0.0107050 0.1050269 0.1041922 0.1080027 
Potoroidae_Aepyprymnus_rufescens             0.0629144 0.1088796 0.0777303 0.0053686 0.0077119 0.1415220 0.0574321 0.0505122 0.0000000 0.1030312 0.0462678 0.1315123 0.0995153 0.0570792 0.0506027 0.1004991 0.1076794 0.0907166 0.1006887 0.0103095 0.0669539 0.1182364 0.1192609 0.1004260 0.0361698 0.0934495 0.0620263 0.0100549 0.0854426 0.0821441 0.0633785 0.0563746 0.0969186 0.1061473 0.1031784 
Peramelidae_Perameles_nasuta                 0.0969329 0.1242963 0.1091457 0.1051091 0.1055857 0.1440026 0.1036443 0.1063924 0.1030312 0.0000000 0.1033278 0.1352101 0.1100556 0.1070230 0.0886873 0.1012251 0.1049905 0.0935801 0.0110111 0.1062065 0.0997872 0.1379388 0.1406015 0.1020429 0.1096898 0.1184327 0.1020043 0.1107348 0.1260288 0.1201281 0.1000398 0.1053436 0.0117345 0.1087037 0.0029086 
Phalangeridae_Strigocuscus_pelengensis       0.0544157 0.1051786 0.0696999 0.0522013 0.0517296 0.1474783 0.0101463 0.0089157 0.0462678 0.1033278 0.0000000 0.1379342 0.0988806 0.0115468 0.0401246 0.0956634 0.1036445 0.0868101 0.1038984 0.0492868 0.0622990 0.1156361 0.1246853 0.0959469 0.0571845 0.0789410 0.0484519 0.0533247 0.0779404 0.0807361 0.0584724 0.0107418 0.0988974 0.1029939 0.1049050 
Dasyuridae_Phascogale_tapoatafa              0.1195451 0.1576748 0.1357243 0.1345510 0.1318528 0.0266581 0.1260873 0.1300315 0.1315123 0.1352101 0.1379342 0.0000000 0.0394251 0.1340659 0.1186623 0.0051258 0.0237808 0.0386725 0.1351318 0.1307441 0.1308862 0.1549738 0.1699501 0.0098611 0.1269262 0.1325095 0.1224368 0.1365389 0.1031241 0.1405334 0.1286610 0.1318343 0.1328547 0.0248756 0.1364221 
Dasyuridae_Sminthopsis_macroura              0.0940120 0.1218561 0.1010698 0.1033585 0.1022983 0.0462950 0.0979716 0.0967900 0.0995153 0.1100556 0.0988806 0.0394251 0.0000000 0.0988880 0.0856719 0.0205260 0.0223901 0.0110828 0.1143178 0.1006137 0.0986698 0.1265603 0.1331694 0.0206711 0.0991368 0.1035182 0.0909823 0.1051766 0.1051215 0.1134496 0.1020862 0.0978872 0.1094862 0.0233253 0.1155747 
Phalangeridae_Phalanger_orientalis           0.0558174 0.1059156 0.0815024 0.0647433 0.0600114 0.1438945 0.0221332 0.0114744 0.0570792 0.1070230 0.0115468 0.1340659 0.0988880 0.0000000 0.0550298 0.0976431 0.1039227 0.0952903 0.1101185 0.0622403 0.0663037 0.1162784 0.1251693 0.0977932 0.0702556 0.0857410 0.0608943 0.0652142 0.0741108 0.0823828 0.0660460 0.0013621 0.1068773 0.1043964 0.1102372 
Acrobatidae_Acrobates_pygmaeus               0.0524428 0.0983180 0.0645967 0.0540379 0.0538041 0.1234563 0.0403882 0.0452767 0.0506027 0.0886873 0.0401246 0.1186623 0.0856719 0.0550298 0.0000000 0.0862390 0.0909921 0.0773615 0.0932054 0.0551665 0.0435336 0.1022677 0.1047027 0.0870403 0.0543139 0.0820099 0.0337998 0.0581345 0.0531492 0.0666268 0.0233411 0.0531680 0.0886595 0.0931549 0.0910450 
Dasyuridae_Phascogale_calura                 0.0924544 0.1158322 0.1018193 0.1011425 0.1010999 0.0254397 0.0911004 0.0969620 0.1004991 0.1012251 0.0956634 0.0051258 0.0205260 0.0976431 0.0862390 0.0000000 0.0110588 0.0191408 0.1009673 0.0999067 0.0967102 0.1221903 0.1318031 0.0053718 0.0968716 0.1027627 0.0887855 0.1036030 0.1031169 0.1082514 0.0994922 0.0960263 0.0974948 0.0117804 0.1035713 
Dasyuridae_Sarcophilus_harrisii              0.0951897 0.1230410 0.1074885 0.1077047 0.1069635 0.0119560 0.1006534 0.1039069 0.1076794 0.1049905 0.1036445 0.0237808 0.0223901 0.1039227 0.0909921 0.0110588 0.0000000 0.0174670 0.1088039 0.1075759 0.1016936 0.1311002 0.1376267 0.0111358 0.1011029 0.1048454 0.0982565 0.1108566 0.1042043 0.1134688 0.1003257 0.1016058 0.1017374 0.0045243 0.1086612 
Dasyuridae_Planigale_tenuirostris            0.0761033 0.1115842 0.0939352 0.0896468 0.0883209 0.0427466 0.0882534 0.0862147 0.0907166 0.0935801 0.0868101 0.0386725 0.0110828 0.0952903 0.0773615 0.0191408 0.0174670 0.0000000 0.1067615 0.0897788 0.0870515 0.1140524 0.1232626 0.0173970 0.0852286 0.0965856 0.0808365 0.0934068 0.1081418 0.0998764 0.0941560 0.0928880 0.1004105 0.0195495 0.1015938 
Peramelidae_Echymipera_kalubu                0.1001111 0.1218899 0.1092686 0.1062515 0.1059256 0.1474868 0.1087698 0.1074636 0.1006887 0.0110111 0.1038984 0.1351318 0.1143178 0.1101185 0.0932054 0.1009673 0.1088039 0.1067615 0.0000000 0.1066351 0.1041841 0.1336260 0.1349402 0.1032699 0.1099087 0.1182474 0.0973295 0.1100513 0.1209454 0.1288419 0.1045983 0.1077472 0.0108370 0.1133461 0.0107826 
Macropodidae_Dorcopsulus_vanheurni           0.0694419 0.1143139 0.0830449 0.0113441 0.0139558 0.1407836 0.0630385 0.0548300 0.0103095 0.1062065 0.0492868 0.1307441 0.1006137 0.0622403 0.0551665 0.0999067 0.1075759 0.0897788 0.1066351 0.0000000 0.0715762 0.1242959 0.1227908 0.1007918 0.0385034 0.0956427 0.0648044 0.0068366 0.0862684 0.0854142 0.0710814 0.0608949 0.1029639 0.1073784 0.1065568 
Pseudochiridae_Pseudochirulus_forbesi        0.0692493 0.1107794 0.0730100 0.0723717 0.0673442 0.1403968 0.0613361 0.0567252 0.0669539 0.0997872 0.0622990 0.1308862 0.0986698 0.0663037 0.0435336 0.0967102 0.1016936 0.0870515 0.1041841 0.0715762 0.0000000 0.1133976 0.1209510 0.0969382 0.0743443 0.0915548 0.0251144 0.0759104 0.0222760 0.0527750 0.0548492 0.0643254 0.0990481 0.1051602 0.1029166 
Didelphidae_Didelphis_virginiana             0.1063032 0.1373280 0.1225525 0.1175672 0.1137127 0.1682421 0.1114494 0.1123014 0.1182364 0.1379388 0.1156361 0.1549738 0.1265603 0.1162784 0.1022677 0.1221903 0.1311002 0.1140524 0.1336260 0.1242959 0.1133976 0.0000000 0.0286601 0.1216238 0.1198307 0.1298427 0.1150212 0.1218730 0.1316202 0.1353900 0.1122926 0.1145606 0.1413212 0.1322915 0.1381270 
Marmosidae_Monodelphis_domestica             0.1134927 0.1402022 0.1258242 0.1197214 0.1163306 0.1854468 0.1193912 0.1211774 0.1192609 0.1406015 0.1246853 0.1699501 0.1331694 0.1251693 0.1047027 0.1318031 0.1376267 0.1232626 0.1349402 0.1227908 0.1209510 0.0286601 0.0000000 0.1328349 0.1148818 0.1323566 0.1126951 0.1227851 0.1222194 0.1444824 0.1094812 0.1225814 0.1417535 0.1414317 0.1404732 
Dasyuridae_Antechinus_stuartii               0.0921543 0.1152729 0.0976000 0.1010711 0.0998680 0.0266309 0.0926293 0.0986626 0.1004260 0.1020429 0.0959469 0.0098611 0.0206711 0.0977932 0.0870403 0.0053718 0.0111358 0.0173970 0.1032699 0.1007918 0.0969382 0.1216238 0.1328349 0.0000000 0.0979702 0.1036431 0.0916462 0.1033990 0.1034061 0.1092777 0.1001524 0.0961775 0.0998449 0.0120941 0.1037781 
Hypsiprymnodontidae_Hypsiprymnodon_moschatus 0.0654860 0.1168203 0.0822284 0.0355368 0.0330190 0.1392914 0.0620926 0.0609516 0.0361698 0.1096898 0.0571845 0.1269262 0.0991368 0.0702556 0.0543139 0.0968716 0.1011029 0.0852286 0.1099087 0.0385034 0.0743443 0.1198307 0.1148818 0.0979702 0.0000000 0.0920681 0.0619023 0.0385474 0.0949577 0.0896107 0.0729048 0.0682570 0.1053613 0.1031453 0.1125729 
Microbiotheriidae_Dromiciops_gliroides       0.0876099 0.1225759 0.0955139 0.0968125 0.0950055 0.1416701 0.0837516 0.0776290 0.0934495 0.1184327 0.0789410 0.1325095 0.1035182 0.0857410 0.0820099 0.1027627 0.1048454 0.0965856 0.1182474 0.0956427 0.0915548 0.1298427 0.1323566 0.1036431 0.0920681 0.0000000 0.0845387 0.1018982 0.0951472 0.1156620 0.0951023 0.0835879 0.1168995 0.1090263 0.1182490 
Pseudochiridae_Petauroides_volans            0.0594210 0.1053581 0.0716274 0.0641924 0.0588857 0.1346246 0.0486274 0.0502617 0.0620263 0.1020043 0.0484519 0.1224368 0.0909823 0.0608943 0.0337998 0.0887855 0.0982565 0.0808365 0.0973295 0.0648044 0.0251144 0.1150212 0.1126951 0.0916462 0.0619023 0.0845387 0.0000000 0.0656028 0.0418649 0.0493176 0.0456440 0.0577943 0.1005835 0.1004583 0.1007919 
Macropodidae_Wallabia_bicolor                0.0694834 0.1106887 0.0825201 0.0108384 0.0134039 0.1485019 0.0633559 0.0572691 0.0100549 0.1107348 0.0533247 0.1365389 0.1051766 0.0652142 0.0581345 0.1036030 0.1108566 0.0934068 0.1100513 0.0068366 0.0759104 0.1218730 0.1227851 0.1033990 0.0385474 0.1018982 0.0656028 0.0000000 0.0960558 0.0877637 0.0721903 0.0632603 0.1059168 0.1092909 0.1131125 
Pseudochiridae_Pseudocheirus_occidentalis    0.0855198 0.1287798 0.1062016 0.0866306 0.0790822 0.1107888 0.0695154 0.0666224 0.0854426 0.1260288 0.0779404 0.1031241 0.1051215 0.0741108 0.0531492 0.1031169 0.1042043 0.1081418 0.1209454 0.0862684 0.0222760 0.1316202 0.1222194 0.1034061 0.0949577 0.0951472 0.0418649 0.0960558 0.0000000 0.0538310 0.0649588 0.0716796 0.1254701 0.1106330 0.1241929 
Tarsipedidae_Tarsipes_rostratus              0.0811041 0.1258274 0.0972029 0.0844722 0.0774568 0.1510449 0.0792359 0.0746677 0.0821441 0.1201281 0.0807361 0.1405334 0.1134496 0.0823828 0.0666268 0.1082514 0.1134688 0.0998764 0.1288419 0.0854142 0.0527750 0.1353900 0.1444824 0.1092777 0.0896107 0.1156620 0.0493176 0.0877637 0.0538310 0.0000000 0.0740089 0.0802053 0.1235147 0.1157999 0.1248331 
Acrobatidae_Distoechurus_pennatus            0.0611556 0.1048188 0.0798054 0.0694293 0.0651524 0.1369559 0.0583037 0.0635708 0.0633785 0.1000398 0.0584724 0.1286610 0.1020862 0.0660460 0.0233411 0.0994922 0.1003257 0.0941560 0.1045983 0.0710814 0.0548492 0.1122926 0.1094812 0.1001524 0.0729048 0.0951023 0.0456440 0.0721903 0.0649588 0.0740089 0.0000000 0.0652836 0.1002555 0.1031336 0.1045598 
Phalangeridae_Phalanger_carmelitae           0.0539509 0.1063359 0.0794032 0.0628186 0.0580949 0.1406785 0.0210429 0.0107050 0.0563746 0.1053436 0.0107418 0.1318343 0.0978872 0.0013621 0.0531680 0.0960263 0.1016058 0.0928880 0.1077472 0.0608949 0.0643254 0.1145606 0.1225814 0.0961775 0.0682570 0.0835879 0.0577943 0.0632603 0.0716796 0.0802053 0.0652836 0.0000000 0.1030073 0.1020800 0.1085614 
Peramelidae_Peroryctes_raffrayana            0.0974952 0.1217252 0.1098176 0.0998711 0.1003860 0.1412820 0.1020803 0.1050269 0.0969186 0.0117345 0.0988974 0.1328547 0.1094862 0.1068773 0.0886595 0.0974948 0.1017374 0.1004105 0.0108370 0.1029639 0.0990481 0.1413212 0.1417535 0.0998449 0.1053613 0.1168995 0.1005835 0.1059168 0.1254701 0.1235147 0.1002555 0.1030073 0.0000000 0.1074130 0.0112682 
Dasyuridae_Dasyurus_geffroii                 0.0968978 0.1231192 0.1072665 0.1073796 0.1054672 0.0098016 0.0987715 0.1041922 0.1061473 0.1087037 0.1029939 0.0248756 0.0233253 0.1043964 0.0931549 0.0117804 0.0045243 0.0195495 0.1133461 0.1073784 0.1051602 0.1322915 0.1414317 0.0120941 0.1031453 0.1090263 0.1004583 0.1092909 0.1106330 0.1157999 0.1031336 0.1020800 0.1074130 0.0000000 0.1118478 
Peramelidae_Perameles_gunnii                 0.1028034 0.1278850 0.1110010 0.1093293 0.1089120 0.1460110 0.1077308 0.1080027 0.1031784 0.0029086 0.1049050 0.1364221 0.1155747 0.1102372 0.0910450 0.1035713 0.1086612 0.1015938 0.0107826 0.1065568 0.1029166 0.1381270 0.1404732 0.1037781 0.1125729 0.1182490 0.1007919 0.1131125 0.1241929 0.1248331 0.1045598 0.1085614 0.0112682 0.1118478 0.0000000 
