35
Burramyidae_Burramys_parvus                  0.0000000 0.0842836 0.0511472 0.0492639 0.0499584 0.0838495 0.0377614 0.0393396 0.0468856 0.1076016 0.0379214 0.0820391 0.0782133 0.0382692 0.0489812 0.0856579 0.0809555 0.0892723 0.0936425 0.0471308 0.0515715 0.1027591 0.1037427 0.0842869 0.0489017 0.0777309 0.0433788 0.0468875 0.0530479 0.0642866 0.0521582 0.0395766 0.1082976 0.0815906 0.1099991 
Notoryctidae_Notoryctes_typhlops             0.0842836 0.0000000 0.0882021 0.0970588 0.0988604 0.1295962 0.0921202 0.0967584 0.0930211 0.1378495 0.0914196 0.1180812 0.1219167 0.0964256 0.1046906 0.1235731 0.1265108 0.1273724 0.1190630 0.0982753 0.1030073 0.1362307 0.1220275 0.1199048 0.1011378 0.0954051 0.0879953 0.0978570 0.1054899 0.1245822 0.1019362 0.0956778 0.1252029 0.1254505 0.1389940 
Vombatidae_Lasiorhinus_latifrons             0.0511472 0.0882021 0.0000000 0.0530647 0.0535111 0.0795370 0.0468212 0.0458463 0.0510493 0.0986421 0.0470951 0.0772496 0.0775582 0.0476525 0.0601665 0.0803833 0.0770628 0.0868347 0.0848315 0.0522834 0.0617199 0.0951255 0.0938865 0.0806834 0.0529649 0.0682890 0.0527920 0.0507454 0.0609169 0.0837883 0.0588237 0.0471881 0.0943819 0.0777462 0.1018113 
Potoroidae_Bettongia_penicillata             0.0492639 0.0970588 0.0530647 0.0000000 0.0016462 0.0994002 0.0440652 0.0460577 0.0065947 0.1129789 0.0439025 0.1008570 0.0967871 0.0464832 0.0530631 0.1036340 0.0977383 0.0985946 0.0939986 0.0152438 0.0523943 0.1090686 0.0916200 0.1057671 0.0295440 0.0908223 0.0462550 0.0137603 0.0524696 0.0753288 0.0507202 0.0468803 0.1121822 0.0943600 0.1147075 
Potoroidae_Bettongia_lesueur                 0.0499584 0.0988604 0.0535111 0.0016462 0.0000000 0.1011607 0.0444422 0.0473773 0.0067891 0.1101537 0.0452295 0.1002912 0.0971239 0.0472998 0.0528923 0.1030286 0.0994810 0.0995602 0.0931279 0.0157185 0.0528604 0.1077508 0.0907047 0.1054174 0.0302064 0.0918389 0.0475019 0.0142141 0.0529469 0.0767695 0.0517523 0.0482134 0.1094290 0.0967495 0.1119293 
Dasyuridae_Dasyurus_maculatus                0.0838495 0.1295962 0.0795370 0.0994002 0.1011607 0.0000000 0.0798801 0.0876557 0.0948553 0.1238755 0.0939487 0.0137869 0.0176840 0.0907440 0.1063522 0.0133091 0.0049867 0.0229703 0.1079791 0.0935733 0.1095662 0.1216908 0.1023963 0.0132573 0.1015498 0.1136451 0.1014188 0.0977786 0.1121262 0.1265845 0.1043429 0.0912961 0.1211897 0.0054897 0.1284142 
Phalangeridae_Trichosurus_vulpecula          0.0377614 0.0921202 0.0468212 0.0440652 0.0444422 0.0798801 0.0000000 0.0122494 0.0410593 0.0975554 0.0127186 0.0800260 0.0747209 0.0132295 0.0467873 0.0821011 0.0771478 0.0779759 0.0901724 0.0402357 0.0480034 0.1047562 0.0935987 0.0850424 0.0398479 0.0772308 0.0404206 0.0396574 0.0509914 0.0728112 0.0486571 0.0126122 0.1050637 0.0766198 0.1021305 
Phalangeridae_Spilocuscus_maculatus          0.0393396 0.0967584 0.0458463 0.0460577 0.0473773 0.0876557 0.0122494 0.0000000 0.0435974 0.0977495 0.0058717 0.0847099 0.0802464 0.0059170 0.0488441 0.0851400 0.0839909 0.0852684 0.0921236 0.0452163 0.0493867 0.1032394 0.0895813 0.0916665 0.0422780 0.0811765 0.0437196 0.0438513 0.0508370 0.0748136 0.0500018 0.0062342 0.1027532 0.0852881 0.1022082 
Potoroidae_Aepyprymnus_rufescens             0.0468856 0.0930211 0.0510493 0.0065947 0.0067891 0.0948553 0.0410593 0.0435974 0.0000000 0.1045072 0.0421912 0.0985791 0.0902273 0.0433012 0.0518204 0.0997068 0.0932821 0.0925829 0.0890046 0.0130196 0.0493603 0.1023290 0.0854989 0.1003887 0.0280330 0.0852630 0.0424732 0.0114241 0.0473159 0.0723986 0.0483016 0.0447961 0.1018946 0.0925832 0.1062298 
Peramelidae_Perameles_nasuta                 0.1076016 0.1378495 0.0986421 0.1129789 0.1101537 0.1238755 0.0975554 0.0977495 0.1045072 0.0000000 0.0989803 0.1260646 0.1182326 0.1006521 0.1146068 0.1228334 0.1235171 0.1328231 0.0125507 0.1080014 0.1052686 0.1467313 0.1466317 0.1247803 0.1061434 0.1250957 0.0983960 0.1047917 0.1103689 0.1470360 0.1126409 0.0991836 0.0160728 0.1200180 0.0010504 
Phalangeridae_Strigocuscus_pelengensis       0.0379214 0.0914196 0.0470951 0.0439025 0.0452295 0.0939487 0.0127186 0.0058717 0.0421912 0.0989803 0.0000000 0.0928452 0.0883093 0.0060377 0.0465225 0.0945367 0.0908046 0.0860954 0.0920800 0.0444704 0.0487340 0.1050901 0.0869756 0.0976335 0.0433744 0.0795017 0.0430884 0.0418653 0.0506862 0.0750707 0.0474400 0.0063912 0.1056681 0.0901777 0.1037052 
Dasyuridae_Phascogale_tapoatafa              0.0820391 0.1180812 0.0772496 0.1008570 0.1002912 0.0137869 0.0800260 0.0847099 0.0985791 0.1260646 0.0928452 0.0000000 0.0175462 0.0900369 0.1040414 0.0039381 0.0142034 0.0202668 0.1077951 0.0917666 0.1075630 0.1251872 0.1101256 0.0065214 0.0989236 0.0979972 0.0986402 0.0972986 0.1094149 0.1192494 0.1034572 0.0905869 0.1209927 0.0140211 0.1306407 
Dasyuridae_Sminthopsis_macroura              0.0782133 0.1219167 0.0775582 0.0967871 0.0971239 0.0176840 0.0747209 0.0802464 0.0902273 0.1182326 0.0883093 0.0175462 0.0000000 0.0840480 0.0960057 0.0171389 0.0169529 0.0155342 0.1057834 0.0902384 0.0994850 0.1270125 0.1164592 0.0168479 0.0960702 0.1058199 0.0922289 0.0936688 0.1001244 0.1215650 0.0977681 0.0845603 0.1179355 0.0167860 0.1226211 
Phalangeridae_Phalanger_orientalis           0.0382692 0.0964256 0.0476525 0.0464832 0.0472998 0.0907440 0.0132295 0.0059170 0.0433012 0.1006521 0.0060377 0.0900369 0.0840480 0.0000000 0.0489389 0.0912402 0.0877130 0.0873194 0.0936222 0.0449198 0.0513862 0.1063790 0.0937197 0.0950475 0.0440658 0.0821997 0.0438618 0.0428740 0.0521409 0.0746362 0.0485182 0.0033241 0.1076008 0.0857878 0.1038357 
Acrobatidae_Acrobates_pygmaeus               0.0489812 0.1046906 0.0601665 0.0530631 0.0528923 0.1063522 0.0467873 0.0488441 0.0518204 0.1146068 0.0465225 0.1040414 0.0960057 0.0489389 0.0000000 0.1096790 0.1021499 0.0989891 0.1024881 0.0509356 0.0469562 0.1167141 0.1010216 0.1070888 0.0523978 0.0898037 0.0416313 0.0486120 0.0502477 0.0600685 0.0263558 0.0487186 0.1084345 0.0999157 0.1173210 
Dasyuridae_Phascogale_calura                 0.0856579 0.1235731 0.0803833 0.1036340 0.1030286 0.0133091 0.0821011 0.0851400 0.0997068 0.1228334 0.0945367 0.0039381 0.0171389 0.0912402 0.1096790 0.0000000 0.0135697 0.0198590 0.1042461 0.0945065 0.1066427 0.1285718 0.1134219 0.0061899 0.0996215 0.0988726 0.1014281 0.0998318 0.1117140 0.1326110 0.1004061 0.0925110 0.1169612 0.0144702 0.1265428 
Dasyuridae_Sarcophilus_harrisii              0.0809555 0.1265108 0.0770628 0.0977383 0.0994810 0.0049867 0.0771478 0.0839909 0.0932821 0.1235171 0.0908046 0.0142034 0.0169529 0.0877130 0.1021499 0.0135697 0.0000000 0.0213974 0.1061400 0.0905456 0.1037860 0.1152688 0.1009668 0.0127228 0.0999494 0.1123254 0.0944613 0.0946649 0.1047604 0.1184113 0.0968396 0.0882502 0.1194565 0.0051539 0.1280617 
Dasyuridae_Planigale_tenuirostris            0.0892723 0.1273724 0.0868347 0.0985946 0.0995602 0.0229703 0.0779759 0.0852684 0.0925829 0.1328231 0.0860954 0.0202668 0.0155342 0.0873194 0.0989891 0.0198590 0.0213974 0.0000000 0.1122350 0.0907276 0.1039393 0.1292111 0.1156236 0.0207384 0.0997708 0.1101538 0.0899648 0.0930553 0.1049400 0.1274506 0.1000618 0.0889797 0.1236783 0.0225035 0.1376999 
Peramelidae_Echymipera_kalubu                0.0936425 0.1190630 0.0848315 0.0939986 0.0931279 0.1079791 0.0901724 0.0921236 0.0890046 0.0125507 0.0920800 0.1077951 0.1057834 0.0936222 0.1024881 0.1042461 0.1061400 0.1122350 0.0000000 0.0917436 0.0976067 0.1299498 0.1195489 0.1089522 0.0940009 0.1064525 0.0928564 0.0877723 0.1010940 0.1340642 0.1041006 0.0928583 0.0106213 0.1023826 0.0137334 
Macropodidae_Dorcopsulus_vanheurni           0.0471308 0.0982753 0.0522834 0.0152438 0.0157185 0.0935733 0.0402357 0.0452163 0.0130196 0.1080014 0.0444704 0.0917666 0.0902384 0.0449198 0.0509356 0.0945065 0.0905456 0.0907276 0.0917436 0.0000000 0.0535420 0.1110769 0.0912418 0.0977117 0.0252823 0.0923224 0.0469941 0.0043363 0.0518781 0.0730883 0.0487842 0.0450608 0.1062408 0.0874466 0.1097782 
Pseudochiridae_Pseudochirulus_forbesi        0.0515715 0.1030073 0.0617199 0.0523943 0.0528604 0.1095662 0.0480034 0.0493867 0.0493603 0.1052686 0.0487340 0.1075630 0.0994850 0.0513862 0.0469562 0.1066427 0.1037860 0.1039393 0.0976067 0.0535420 0.0000000 0.1142029 0.1056415 0.1078773 0.0526265 0.0847811 0.0167837 0.0508402 0.0122439 0.0554732 0.0453924 0.0511701 0.1074622 0.1054289 0.1055419 
Didelphidae_Didelphis_virginiana             0.1027591 0.1362307 0.0951255 0.1090686 0.1077508 0.1216908 0.1047562 0.1032394 0.1023290 0.1467313 0.1050901 0.1251872 0.1270125 0.1063790 0.1167141 0.1285718 0.1152688 0.1292111 0.1299498 0.1110769 0.1142029 0.0000000 0.0160514 0.1271636 0.1114440 0.1192653 0.1042834 0.1080958 0.1167227 0.1475275 0.1169210 0.1035657 0.1462602 0.1169023 0.1506617 
Marmosidae_Monodelphis_domestica             0.1037427 0.1220275 0.0938865 0.0916200 0.0907047 0.1023963 0.0935987 0.0895813 0.0854989 0.1466317 0.0869756 0.1101256 0.1164592 0.0937197 0.1010216 0.1134219 0.1009668 0.1156236 0.1195489 0.0912418 0.1056415 0.0160514 0.0000000 0.1116090 0.0965983 0.1169111 0.0971214 0.0878441 0.1167187 0.1341400 0.1065481 0.0913738 0.1375985 0.0982955 0.1492925 
Dasyuridae_Antechinus_stuartii               0.0842869 0.1199048 0.0806834 0.1057671 0.1054174 0.0132573 0.0850424 0.0916665 0.1003887 0.1247803 0.0976335 0.0065214 0.0168479 0.0950475 0.1070888 0.0061899 0.0127228 0.0207384 0.1089522 0.0977117 0.1078773 0.1271636 0.1116090 0.0000000 0.1011474 0.0993672 0.0993302 0.1009999 0.1101590 0.1244308 0.1005124 0.0956363 0.1217456 0.0132957 0.1291550 
Hypsiprymnodontidae_Hypsiprymnodon_moschatus 0.0489017 0.1011378 0.0529649 0.0295440 0.0302064 0.1015498 0.0398479 0.0422780 0.0280330 0.1061434 0.0433744 0.0989236 0.0960702 0.0440658 0.0523978 0.0996215 0.0999494 0.0997708 0.0940009 0.0252823 0.0526265 0.1114440 0.0965983 0.1011474 0.0000000 0.0947516 0.0483657 0.0253844 0.0529722 0.0778291 0.0526841 0.0428081 0.1046280 0.0984757 0.1078826 
Microbiotheriidae_Dromiciops_gliroides       0.0777309 0.0954051 0.0682890 0.0908223 0.0918389 0.1136451 0.0772308 0.0811765 0.0852630 0.1250957 0.0795017 0.0979972 0.1058199 0.0821997 0.0898037 0.0988726 0.1123254 0.1101538 0.1064525 0.0923224 0.0847811 0.1192653 0.1169111 0.0993672 0.0947516 0.0000000 0.0809704 0.0867935 0.0913777 0.1058525 0.0856826 0.0810200 0.1133983 0.1083441 0.1270320 
Pseudochiridae_Petauroides_volans            0.0433788 0.0879953 0.0527920 0.0462550 0.0475019 0.1014188 0.0404206 0.0437196 0.0424732 0.0983960 0.0430884 0.0986402 0.0922289 0.0438618 0.0416313 0.1014281 0.0944613 0.0899648 0.0928564 0.0469941 0.0167837 0.1042834 0.0971214 0.0993302 0.0483657 0.0809704 0.0000000 0.0451305 0.0188238 0.0505062 0.0390093 0.0436953 0.0971540 0.0967331 0.1008924 
Macropodidae_Wallabia_bicolor                0.0468875 0.0978570 0.0507454 0.0137603 0.0142141 0.0977786 0.0396574 0.0438513 0.0114241 0.1047917 0.0418653 0.0972986 0.0936688 0.0428740 0.0486120 0.0998318 0.0946649 0.0930553 0.0877723 0.0043363 0.0508402 0.1080958 0.0878441 0.1009999 0.0253844 0.0867935 0.0451305 0.0000000 0.0487299 0.0716788 0.0473446 0.0430039 0.1032165 0.0913893 0.1050694 
Pseudochiridae_Pseudocheirus_occidentalis    0.0530479 0.1054899 0.0609169 0.0524696 0.0529469 0.1121262 0.0509914 0.0508370 0.0473159 0.1103689 0.0506862 0.1094149 0.1001244 0.0521409 0.0502477 0.1117140 0.1047604 0.1049400 0.1010940 0.0518781 0.0122439 0.1167227 0.1167187 0.1101590 0.0529722 0.0913777 0.0188238 0.0487299 0.0000000 0.0596069 0.0462957 0.0519183 0.1111072 0.1048487 0.1120384 
Tarsipedidae_Tarsipes_rostratus              0.0642866 0.1245822 0.0837883 0.0753288 0.0767695 0.1265845 0.0728112 0.0748136 0.0723986 0.1470360 0.0750707 0.1192494 0.1215650 0.0746362 0.0600685 0.1326110 0.1184113 0.1274506 0.1340642 0.0730883 0.0554732 0.1475275 0.1341400 0.1244308 0.0778291 0.1058525 0.0505062 0.0716788 0.0596069 0.0000000 0.0623696 0.0744254 0.1406197 0.1179083 0.1509024 
Acrobatidae_Distoechurus_pennatus            0.0521582 0.1019362 0.0588237 0.0507202 0.0517523 0.1043429 0.0486571 0.0500018 0.0483016 0.1126409 0.0474400 0.1034572 0.0977681 0.0485182 0.0263558 0.1004061 0.0968396 0.1000618 0.1041006 0.0487842 0.0453924 0.1169210 0.1065481 0.1005124 0.0526841 0.0856826 0.0390093 0.0473446 0.0462957 0.0623696 0.0000000 0.0470291 0.1117595 0.0983438 0.1152038 
Phalangeridae_Phalanger_carmelitae           0.0395766 0.0956778 0.0471881 0.0468803 0.0482134 0.0912961 0.0126122 0.0062342 0.0447961 0.0991836 0.0063912 0.0905869 0.0845603 0.0033241 0.0487186 0.0925110 0.0882502 0.0889797 0.0928583 0.0450608 0.0511701 0.1035657 0.0913738 0.0956363 0.0428081 0.0810200 0.0436953 0.0430039 0.0519183 0.0744254 0.0470291 0.0000000 0.1065202 0.0875719 0.1037878 
Peramelidae_Peroryctes_raffrayana            0.1082976 0.1252029 0.0943819 0.1121822 0.1094290 0.1211897 0.1050637 0.1027532 0.1018946 0.0160728 0.1056681 0.1209927 0.1179355 0.1076008 0.1084345 0.1169612 0.1194565 0.1236783 0.0106213 0.1062408 0.1074622 0.1462602 0.1375985 0.1217456 0.1046280 0.1133983 0.0971540 0.1032165 0.1111072 0.1406197 0.1117595 0.1065202 0.0000000 0.1183560 0.0169256 
Dasyuridae_Dasyurus_geffroii                 0.0815906 0.1254505 0.0777462 0.0943600 0.0967495 0.0054897 0.0766198 0.0852881 0.0925832 0.1200180 0.0901777 0.0140211 0.0167860 0.0857878 0.0999157 0.0144702 0.0051539 0.0225035 0.1023826 0.0874466 0.1054289 0.1169023 0.0982955 0.0132957 0.0984757 0.1083441 0.0967331 0.0913893 0.1048487 0.1179083 0.0983438 0.0875719 0.1183560 0.0000000 0.1244595 
Peramelidae_Perameles_gunnii                 0.1099991 0.1389940 0.1018113 0.1147075 0.1119293 0.1284142 0.1021305 0.1022082 0.1062298 0.0010504 0.1037052 0.1306407 0.1226211 0.1038357 0.1173210 0.1265428 0.1280617 0.1376999 0.0137334 0.1097782 0.1055419 0.1506617 0.1492925 0.1291550 0.1078826 0.1270320 0.1008924 0.1050694 0.1120384 0.1509024 0.1152038 0.1037878 0.0169256 0.1244595 0.0000000 
