35
Burramyidae_Burramys_parvus                  0.0000000 0.0588418 0.0703972 0.0393206 0.0403268 0.0613407 0.0305132 0.0316973 0.0395218 0.0501458 0.0525283 0.0594930 0.0553070 0.0412041 0.0433335 0.0589795 0.0608192 0.0523236 0.0559212 0.0381119 0.0437155 0.0639484 0.0593895 0.0563311 0.0417123 0.0388664 0.0366379 0.0435445 0.0271268 0.0372690 0.0288126 0.0348033 0.0541803 0.0572641 0.0535586 
Notoryctidae_Notoryctes_typhlops             0.0588418 0.0000000 0.0935562 0.0734521 0.0750980 0.0843293 0.0636147 0.0645794 0.0735539 0.0715574 0.0886696 0.0820421 0.0844366 0.0757237 0.0706176 0.0824742 0.0807179 0.0789707 0.0759562 0.0710693 0.0757450 0.0888155 0.0819723 0.0787082 0.0783661 0.0644986 0.0722671 0.0754767 0.0607108 0.0679240 0.0624711 0.0694267 0.0748196 0.0831783 0.0731219 
Vombatidae_Lasiorhinus_latifrons             0.0703972 0.0935562 0.0000000 0.0766178 0.0774415 0.0972775 0.0665643 0.0727403 0.0735845 0.0842884 0.0865180 0.0938518 0.0934919 0.0784415 0.0780516 0.0927451 0.0977097 0.0864927 0.0912164 0.0723114 0.0854213 0.0917822 0.0876348 0.0928557 0.0835102 0.0717178 0.0679290 0.0799467 0.0655267 0.0777514 0.0687426 0.0710310 0.0865720 0.0925001 0.0874509 
Potoroidae_Bettongia_penicillata             0.0393206 0.0734521 0.0766178 0.0000000 0.0053505 0.0740502 0.0372215 0.0428589 0.0146387 0.0552727 0.0634961 0.0681373 0.0700333 0.0535895 0.0526416 0.0685111 0.0715120 0.0637900 0.0651048 0.0205315 0.0555852 0.0733726 0.0662412 0.0664107 0.0437438 0.0498896 0.0491647 0.0228208 0.0394840 0.0457562 0.0400038 0.0453691 0.0618791 0.0688568 0.0606699 
Potoroidae_Bettongia_lesueur                 0.0403268 0.0750980 0.0774415 0.0053505 0.0000000 0.0753235 0.0386393 0.0437991 0.0152702 0.0529993 0.0639046 0.0699146 0.0708908 0.0541232 0.0536555 0.0702849 0.0738419 0.0659705 0.0627773 0.0192360 0.0564958 0.0725216 0.0648388 0.0687120 0.0438792 0.0519086 0.0497024 0.0230313 0.0409923 0.0476048 0.0401557 0.0459245 0.0595482 0.0698046 0.0583588 
Dasyuridae_Dasyurus_maculatus                0.0613407 0.0843293 0.0972775 0.0740502 0.0753235 0.0000000 0.0627327 0.0653191 0.0730118 0.0613942 0.0911776 0.0206663 0.0241993 0.0761268 0.0682532 0.0214201 0.0089406 0.0223637 0.0692930 0.0634161 0.0729623 0.0842221 0.0769354 0.0194147 0.0800940 0.0618985 0.0690004 0.0729581 0.0575699 0.0678107 0.0610267 0.0703711 0.0664952 0.0050400 0.0677165 
Phalangeridae_Trichosurus_vulpecula          0.0305132 0.0636147 0.0665643 0.0372215 0.0386393 0.0627327 0.0000000 0.0187502 0.0378043 0.0499538 0.0360310 0.0580350 0.0599279 0.0273237 0.0457879 0.0570857 0.0621526 0.0572425 0.0557667 0.0368243 0.0450732 0.0609782 0.0560552 0.0571160 0.0452208 0.0414275 0.0396101 0.0414179 0.0303734 0.0385917 0.0304049 0.0176055 0.0545628 0.0593485 0.0535300 
Phalangeridae_Spilocuscus_maculatus          0.0316973 0.0645794 0.0727403 0.0428589 0.0437991 0.0653191 0.0187502 0.0000000 0.0434398 0.0502553 0.0302044 0.0624727 0.0611080 0.0150618 0.0471328 0.0610410 0.0653351 0.0589385 0.0565920 0.0402963 0.0422423 0.0607615 0.0586989 0.0621090 0.0425392 0.0449903 0.0415269 0.0436062 0.0314844 0.0416120 0.0353639 0.0197244 0.0538880 0.0616654 0.0547086 
Potoroidae_Aepyprymnus_rufescens             0.0395218 0.0735539 0.0735845 0.0146387 0.0152702 0.0730118 0.0378043 0.0434398 0.0000000 0.0568390 0.0639251 0.0675758 0.0685433 0.0532771 0.0541069 0.0679470 0.0733880 0.0656446 0.0646317 0.0188623 0.0546711 0.0714216 0.0657850 0.0658899 0.0434800 0.0501665 0.0489087 0.0211250 0.0384406 0.0497926 0.0405689 0.0451107 0.0614405 0.0684187 0.0611578 
Peramelidae_Perameles_nasuta                 0.0501458 0.0715574 0.0842884 0.0552727 0.0529993 0.0613942 0.0499538 0.0502553 0.0568390 0.0000000 0.0705279 0.0582354 0.0610810 0.0624285 0.0554738 0.0576671 0.0613870 0.0542446 0.0131188 0.0526388 0.0590103 0.0622102 0.0602430 0.0581928 0.0587562 0.0476799 0.0604669 0.0580846 0.0482380 0.0569244 0.0481020 0.0580217 0.0112119 0.0604740 0.0000010 
Phalangeridae_Strigocuscus_pelengensis       0.0525283 0.0886696 0.0865180 0.0634961 0.0639046 0.0911776 0.0360310 0.0302044 0.0639251 0.0705279 0.0000000 0.0864353 0.0865117 0.0318045 0.0737485 0.0863187 0.0907061 0.0816642 0.0791741 0.0610205 0.0659867 0.0868805 0.0843219 0.0863855 0.0517669 0.0638454 0.0645711 0.0651896 0.0533548 0.0625781 0.0569744 0.0342241 0.0776312 0.0869721 0.0735620 
Dasyuridae_Phascogale_tapoatafa              0.0594930 0.0820421 0.0938518 0.0681373 0.0699146 0.0206663 0.0580350 0.0624727 0.0675758 0.0582354 0.0864353 0.0000000 0.0207229 0.0721741 0.0660630 0.0035233 0.0187289 0.0194666 0.0645542 0.0601137 0.0719922 0.0853437 0.0778780 0.0075897 0.0715414 0.0571390 0.0700384 0.0670694 0.0557960 0.0668672 0.0581928 0.0679152 0.0632669 0.0194848 0.0641061 
Dasyuridae_Sminthopsis_macroura              0.0553070 0.0844366 0.0934919 0.0700333 0.0708908 0.0241993 0.0599279 0.0611080 0.0685433 0.0610810 0.0865117 0.0207229 0.0000000 0.0698201 0.0676775 0.0206995 0.0226092 0.0211609 0.0689798 0.0610887 0.0701442 0.0826335 0.0756192 0.0218235 0.0713730 0.0577163 0.0691282 0.0665847 0.0543699 0.0653980 0.0587228 0.0650998 0.0666313 0.0226520 0.0659202 
Phalangeridae_Phalanger_orientalis           0.0412041 0.0757237 0.0784415 0.0535895 0.0541232 0.0761268 0.0273237 0.0150618 0.0532771 0.0624285 0.0318045 0.0721741 0.0698201 0.0000000 0.0586463 0.0716213 0.0756327 0.0687496 0.0691801 0.0504488 0.0555340 0.0726309 0.0707668 0.0709016 0.0514209 0.0495341 0.0524071 0.0529414 0.0420636 0.0514975 0.0436179 0.0116771 0.0673011 0.0733697 0.0651746 
Acrobatidae_Acrobates_pygmaeus               0.0433335 0.0706176 0.0780516 0.0526416 0.0536555 0.0682532 0.0457879 0.0471328 0.0541069 0.0554738 0.0737485 0.0660630 0.0676775 0.0586463 0.0000000 0.0664671 0.0692991 0.0636708 0.0641211 0.0512551 0.0585453 0.0733215 0.0675334 0.0642694 0.0615954 0.0496938 0.0442416 0.0584476 0.0388691 0.0458008 0.0347936 0.0529029 0.0615907 0.0659317 0.0629745 
Dasyuridae_Phascogale_calura                 0.0589795 0.0824742 0.0927451 0.0685111 0.0702849 0.0214201 0.0570857 0.0610410 0.0679470 0.0576671 0.0863187 0.0035233 0.0206995 0.0716213 0.0664671 0.0000000 0.0194777 0.0207164 0.0649571 0.0604892 0.0705179 0.0837083 0.0759039 0.0083185 0.0719173 0.0566253 0.0709065 0.0674432 0.0552418 0.0667858 0.0576861 0.0673815 0.0636701 0.0202492 0.0635074 
Dasyuridae_Sarcophilus_harrisii              0.0608192 0.0807179 0.0977097 0.0715120 0.0738419 0.0089406 0.0621526 0.0653351 0.0733880 0.0613870 0.0907061 0.0187289 0.0226092 0.0756327 0.0692991 0.0194777 0.0000000 0.0210963 0.0702555 0.0647835 0.0729295 0.0857852 0.0763704 0.0186286 0.0784935 0.0599470 0.0714589 0.0718063 0.0570656 0.0683087 0.0604945 0.0697600 0.0674492 0.0087318 0.0681629 
Dasyuridae_Planigale_tenuirostris            0.0523236 0.0789707 0.0864927 0.0637900 0.0659705 0.0223637 0.0572425 0.0589385 0.0656446 0.0542446 0.0816642 0.0194666 0.0211609 0.0687496 0.0636708 0.0207164 0.0210963 0.0000000 0.0595633 0.0571145 0.0607910 0.0800387 0.0696662 0.0220316 0.0673279 0.0553080 0.0644744 0.0639088 0.0499810 0.0620636 0.0541428 0.0643992 0.0591253 0.0202364 0.0595050 
Peramelidae_Echymipera_kalubu                0.0559212 0.0759562 0.0912164 0.0651048 0.0627773 0.0692930 0.0557667 0.0565920 0.0646317 0.0131188 0.0791741 0.0645542 0.0689798 0.0691801 0.0641211 0.0649571 0.0702555 0.0595633 0.0000000 0.0594733 0.0696452 0.0705333 0.0675282 0.0651104 0.0653315 0.0583147 0.0676509 0.0655411 0.0524958 0.0633265 0.0548341 0.0649011 0.0095461 0.0693280 0.0136892 
Macropodidae_Dorcopsulus_vanheurni           0.0381119 0.0710693 0.0723114 0.0205315 0.0192360 0.0634161 0.0368243 0.0402963 0.0188623 0.0526388 0.0610205 0.0601137 0.0610887 0.0504488 0.0512551 0.0604892 0.0647835 0.0571145 0.0594733 0.0000000 0.0519862 0.0679819 0.0619737 0.0590616 0.0373545 0.0468407 0.0457524 0.0112836 0.0361422 0.0461609 0.0367651 0.0442124 0.0562894 0.0588841 0.0579460 
Pseudochiridae_Pseudochirulus_forbesi        0.0437155 0.0757450 0.0854213 0.0555852 0.0564958 0.0729623 0.0450732 0.0422423 0.0546711 0.0590103 0.0659867 0.0719922 0.0701442 0.0555340 0.0585453 0.0705179 0.0729295 0.0607910 0.0696452 0.0519862 0.0000000 0.0769463 0.0715220 0.0693028 0.0548709 0.0533516 0.0419452 0.0549828 0.0229317 0.0469058 0.0462131 0.0503761 0.0693925 0.0693851 0.0701391 
Didelphidae_Didelphis_virginiana             0.0639484 0.0888155 0.0917822 0.0733726 0.0725216 0.0842221 0.0609782 0.0607615 0.0714216 0.0622102 0.0868805 0.0853437 0.0826335 0.0726309 0.0733215 0.0837083 0.0857852 0.0800387 0.0705333 0.0679819 0.0769463 0.0000000 0.0262491 0.0840637 0.0718100 0.0606149 0.0693371 0.0754909 0.0592001 0.0670972 0.0632725 0.0687272 0.0672786 0.0790091 0.0675648 
Marmosidae_Monodelphis_domestica             0.0593895 0.0819723 0.0876348 0.0662412 0.0648388 0.0769354 0.0560552 0.0586989 0.0657850 0.0602430 0.0843219 0.0778780 0.0756192 0.0707668 0.0675334 0.0759039 0.0763704 0.0696662 0.0675282 0.0619737 0.0715220 0.0262491 0.0000000 0.0742518 0.0696016 0.0573539 0.0656489 0.0680959 0.0543522 0.0649272 0.0573423 0.0626602 0.0643594 0.0732663 0.0655470 
Dasyuridae_Antechinus_stuartii               0.0563311 0.0787082 0.0928557 0.0664107 0.0687120 0.0194147 0.0571160 0.0621090 0.0658899 0.0581928 0.0863855 0.0075897 0.0218235 0.0709016 0.0642694 0.0083185 0.0186286 0.0220316 0.0651104 0.0590616 0.0693028 0.0840637 0.0742518 0.0000000 0.0702591 0.0569965 0.0681425 0.0653675 0.0557293 0.0669825 0.0550380 0.0652442 0.0637717 0.0182015 0.0641333 
Hypsiprymnodontidae_Hypsiprymnodon_moschatus 0.0417123 0.0783661 0.0835102 0.0437438 0.0438792 0.0800940 0.0452208 0.0425392 0.0434800 0.0587562 0.0517669 0.0715414 0.0713730 0.0514209 0.0615954 0.0719173 0.0784935 0.0673279 0.0653315 0.0373545 0.0548709 0.0718100 0.0696016 0.0702591 0.0000000 0.0526555 0.0549453 0.0410624 0.0436594 0.0555278 0.0459801 0.0482332 0.0655061 0.0747879 0.0633768 
Microbiotheriidae_Dromiciops_gliroides       0.0388664 0.0644986 0.0717178 0.0498896 0.0519086 0.0618985 0.0414275 0.0449903 0.0501665 0.0476799 0.0638454 0.0571390 0.0577163 0.0495341 0.0496938 0.0566253 0.0599470 0.0553080 0.0583147 0.0468407 0.0533516 0.0606149 0.0573539 0.0569965 0.0526555 0.0000000 0.0501277 0.0508423 0.0390505 0.0488944 0.0383692 0.0450626 0.0560700 0.0582420 0.0516673 
Pseudochiridae_Petauroides_volans            0.0366379 0.0722671 0.0679290 0.0491647 0.0497024 0.0690004 0.0396101 0.0415269 0.0489087 0.0604669 0.0645711 0.0700384 0.0691282 0.0524071 0.0442416 0.0709065 0.0714589 0.0644744 0.0676509 0.0457524 0.0419452 0.0693371 0.0656489 0.0681425 0.0549453 0.0501277 0.0000000 0.0527844 0.0274226 0.0384971 0.0378610 0.0464125 0.0642644 0.0676511 0.0618947 
Macropodidae_Wallabia_bicolor                0.0435445 0.0754767 0.0799467 0.0228208 0.0230313 0.0729581 0.0414179 0.0436062 0.0211250 0.0580846 0.0651896 0.0670694 0.0665847 0.0529414 0.0584476 0.0674432 0.0718063 0.0639088 0.0655411 0.0112836 0.0549828 0.0754909 0.0680959 0.0653675 0.0410624 0.0508423 0.0527844 0.0000000 0.0416942 0.0517542 0.0438374 0.0475231 0.0631953 0.0678585 0.0629723 
Pseudochiridae_Pseudocheirus_occidentalis    0.0271268 0.0607108 0.0655267 0.0394840 0.0409923 0.0575699 0.0303734 0.0314844 0.0384406 0.0482380 0.0533548 0.0557960 0.0543699 0.0420636 0.0388691 0.0552418 0.0570656 0.0499810 0.0524958 0.0361422 0.0229317 0.0592001 0.0543522 0.0557293 0.0436594 0.0390505 0.0274226 0.0416942 0.0000000 0.0288548 0.0291224 0.0360991 0.0516549 0.0552253 0.0487414 
Tarsipedidae_Tarsipes_rostratus              0.0372690 0.0679240 0.0777514 0.0457562 0.0476048 0.0678107 0.0385917 0.0416120 0.0497926 0.0569244 0.0625781 0.0668672 0.0653980 0.0514975 0.0458008 0.0667858 0.0683087 0.0620636 0.0633265 0.0461609 0.0469058 0.0670972 0.0649272 0.0669825 0.0555278 0.0488944 0.0384971 0.0517542 0.0288548 0.0000000 0.0359606 0.0447015 0.0615999 0.0646344 0.0633354 
Acrobatidae_Distoechurus_pennatus            0.0288126 0.0624711 0.0687426 0.0400038 0.0401557 0.0610267 0.0304049 0.0353639 0.0405689 0.0481020 0.0569744 0.0581928 0.0587228 0.0436179 0.0347936 0.0576861 0.0604945 0.0541428 0.0548341 0.0367651 0.0462131 0.0632725 0.0573423 0.0550380 0.0459801 0.0383692 0.0378610 0.0438374 0.0291224 0.0359606 0.0000000 0.0367224 0.0531037 0.0579087 0.0529637 
Phalangeridae_Phalanger_carmelitae           0.0348033 0.0694267 0.0710310 0.0453691 0.0459245 0.0703711 0.0176055 0.0197244 0.0451107 0.0580217 0.0342241 0.0679152 0.0650998 0.0116771 0.0529029 0.0673815 0.0697600 0.0643992 0.0649011 0.0442124 0.0503761 0.0687272 0.0626602 0.0652442 0.0482332 0.0450626 0.0464125 0.0475231 0.0360991 0.0447015 0.0367224 0.0000000 0.0616670 0.0666056 0.0620201 
Peramelidae_Peroryctes_raffrayana            0.0541803 0.0748196 0.0865720 0.0618791 0.0595482 0.0664952 0.0545628 0.0538880 0.0614405 0.0112119 0.0776312 0.0632669 0.0666313 0.0673011 0.0615907 0.0636701 0.0674492 0.0591253 0.0095461 0.0562894 0.0693925 0.0672786 0.0643594 0.0637717 0.0655061 0.0560700 0.0642644 0.0631953 0.0516549 0.0615999 0.0531037 0.0616670 0.0000000 0.0655377 0.0110708 
Dasyuridae_Dasyurus_geffroii                 0.0572641 0.0831783 0.0925001 0.0688568 0.0698046 0.0050400 0.0593485 0.0616654 0.0684187 0.0604740 0.0869721 0.0194848 0.0226520 0.0733697 0.0659317 0.0202492 0.0087318 0.0202364 0.0693280 0.0588841 0.0693851 0.0790091 0.0732663 0.0182015 0.0747879 0.0582420 0.0676511 0.0678585 0.0552253 0.0646344 0.0579087 0.0666056 0.0655377 0.0000000 0.0614498 
Peramelidae_Perameles_gunnii                 0.0535586 0.0731219 0.0874509 0.0606699 0.0583588 0.0677165 0.0535300 0.0547086 0.0611578 0.0000010 0.0735620 0.0641061 0.0659202 0.0651746 0.0629745 0.0635074 0.0681629 0.0595050 0.0136892 0.0579460 0.0701391 0.0675648 0.0655470 0.0641333 0.0633768 0.0516673 0.0618947 0.0629723 0.0487414 0.0633354 0.0529637 0.0620201 0.0110708 0.0614498 0.0000000 
