35
Burramyidae_Burramys_parvus                  0.0000000 0.0727257 0.0429535 0.0394721 0.0408436 0.0699655 0.0379587 0.0378989 0.0419829 0.0783203 0.0381284 0.0662311 0.0688436 0.0382541 0.0425100 0.0664348 0.0669001 0.0642832 0.0778346 0.0377868 0.0453650 0.0781286 0.0775973 0.0657394 0.0405984 0.0507766 0.0443183 0.0379048 0.0480872 0.0643050 0.0396094 0.0381594 0.0844143 0.0695324 0.0794293 
Notoryctidae_Notoryctes_typhlops             0.0727257 0.0000000 0.0767959 0.0753366 0.0762542 0.0924812 0.0782766 0.0766168 0.0796821 0.1014408 0.0792055 0.0898151 0.0937420 0.0787132 0.0783655 0.0907889 0.0918542 0.0885221 0.0998275 0.0739878 0.0784581 0.1023979 0.1041435 0.0905727 0.0771853 0.0742347 0.0791433 0.0750805 0.0849073 0.0989689 0.0765910 0.0782063 0.1015337 0.0929562 0.1020610 
Vombatidae_Lasiorhinus_latifrons             0.0429535 0.0767959 0.0000000 0.0454182 0.0470437 0.0706133 0.0450917 0.0439960 0.0497414 0.0778684 0.0443487 0.0685086 0.0710156 0.0444235 0.0483640 0.0694275 0.0685088 0.0670531 0.0770128 0.0463165 0.0518002 0.0817634 0.0829947 0.0674041 0.0473008 0.0526399 0.0506971 0.0455421 0.0543031 0.0695858 0.0464777 0.0444982 0.0822285 0.0695410 0.0786816 
Potoroidae_Bettongia_penicillata             0.0394721 0.0753366 0.0454182 0.0000000 0.0047181 0.0704785 0.0456728 0.0444882 0.0089960 0.0769266 0.0455042 0.0667663 0.0684629 0.0463889 0.0474001 0.0677242 0.0667429 0.0635543 0.0772575 0.0195023 0.0478726 0.0786924 0.0839677 0.0658962 0.0314647 0.0582560 0.0495779 0.0192728 0.0512685 0.0748567 0.0478791 0.0464884 0.0803625 0.0705863 0.0781897 
Potoroidae_Bettongia_lesueur                 0.0408436 0.0762542 0.0470437 0.0047181 0.0000000 0.0708925 0.0468126 0.0458778 0.0097655 0.0773798 0.0471475 0.0671711 0.0688758 0.0477830 0.0482874 0.0681315 0.0668602 0.0639143 0.0777285 0.0208040 0.0487027 0.0790437 0.0845566 0.0663004 0.0314941 0.0593057 0.0507411 0.0205808 0.0530068 0.0753727 0.0496132 0.0478776 0.0808480 0.0710011 0.0786648 
Dasyuridae_Dasyurus_maculatus                0.0699655 0.0924812 0.0706133 0.0704785 0.0708925 0.0000000 0.0727133 0.0700154 0.0730698 0.0870517 0.0715164 0.0207631 0.0289452 0.0715539 0.0732557 0.0207822 0.0084283 0.0287942 0.0891577 0.0717710 0.0750994 0.0958681 0.0945668 0.0216168 0.0721994 0.0700125 0.0718616 0.0714518 0.0783159 0.0932743 0.0728814 0.0709124 0.0920627 0.0076125 0.0885562 
Phalangeridae_Trichosurus_vulpecula          0.0379587 0.0782766 0.0450917 0.0456728 0.0468126 0.0727133 0.0000000 0.0166146 0.0462827 0.0839387 0.0177300 0.0688080 0.0723424 0.0181363 0.0445691 0.0691042 0.0685722 0.0684708 0.0826032 0.0441391 0.0461896 0.0854397 0.0845161 0.0688331 0.0436259 0.0548206 0.0466500 0.0429878 0.0502032 0.0695777 0.0431864 0.0175144 0.0877402 0.0716928 0.0849861 
Phalangeridae_Spilocuscus_maculatus          0.0378989 0.0766168 0.0439960 0.0444882 0.0458778 0.0700154 0.0166146 0.0000000 0.0455768 0.0805853 0.0081228 0.0665504 0.0690264 0.0091768 0.0447599 0.0668445 0.0659181 0.0665424 0.0794971 0.0430521 0.0462157 0.0844254 0.0819973 0.0655060 0.0421717 0.0534945 0.0465173 0.0420812 0.0502234 0.0685129 0.0421363 0.0082185 0.0859973 0.0680233 0.0816000 
Potoroidae_Aepyprymnus_rufescens             0.0419829 0.0796821 0.0497414 0.0089960 0.0097655 0.0730698 0.0462827 0.0455768 0.0000000 0.0814469 0.0472800 0.0700141 0.0721009 0.0472350 0.0479098 0.0709444 0.0706861 0.0685389 0.0808314 0.0195264 0.0509508 0.0846614 0.0863785 0.0699654 0.0318820 0.0570631 0.0501866 0.0203500 0.0546378 0.0729575 0.0473991 0.0473098 0.0858014 0.0735740 0.0826921 
Peramelidae_Perameles_nasuta                 0.0783203 0.1014408 0.0778684 0.0769266 0.0773798 0.0870517 0.0839387 0.0805853 0.0814469 0.0000000 0.0815124 0.0900229 0.0890651 0.0828844 0.0817533 0.0903419 0.0848682 0.0872049 0.0134153 0.0810266 0.0849236 0.1077311 0.1054185 0.0884496 0.0840296 0.0804938 0.0845175 0.0793067 0.0884949 0.0994937 0.0792426 0.0822612 0.0168256 0.0871305 0.0015087 
Phalangeridae_Strigocuscus_pelengensis       0.0381284 0.0792055 0.0443487 0.0455042 0.0471475 0.0715164 0.0177300 0.0081228 0.0472800 0.0815124 0.0000000 0.0679928 0.0702422 0.0080983 0.0458104 0.0684965 0.0684796 0.0675146 0.0807525 0.0449053 0.0484437 0.0847424 0.0829919 0.0676569 0.0444365 0.0560114 0.0482951 0.0439092 0.0529621 0.0696940 0.0441954 0.0073320 0.0872239 0.0700090 0.0830056 
Dasyuridae_Phascogale_tapoatafa              0.0662311 0.0898151 0.0685086 0.0667663 0.0671711 0.0207631 0.0688080 0.0665504 0.0700141 0.0900229 0.0679928 0.0000000 0.0265738 0.0688941 0.0705983 0.0033186 0.0179958 0.0264435 0.0909653 0.0680549 0.0706021 0.0948350 0.0936216 0.0100661 0.0689786 0.0679239 0.0687156 0.0673102 0.0748993 0.0911388 0.0706524 0.0674182 0.0959036 0.0202086 0.0912874 
Dasyuridae_Sminthopsis_macroura              0.0688436 0.0937420 0.0710156 0.0684629 0.0688758 0.0289452 0.0723424 0.0690264 0.0721009 0.0890651 0.0702422 0.0265738 0.0000000 0.0713471 0.0715198 0.0271928 0.0266515 0.0215252 0.0886689 0.0697914 0.0750450 0.0958523 0.0951594 0.0274749 0.0697911 0.0703660 0.0716556 0.0697174 0.0793823 0.0921404 0.0737329 0.0705104 0.0944348 0.0283988 0.0903258 
Phalangeridae_Phalanger_orientalis           0.0382541 0.0787132 0.0444235 0.0463889 0.0477830 0.0715539 0.0181363 0.0091768 0.0472350 0.0828844 0.0080983 0.0688941 0.0713471 0.0000000 0.0459866 0.0691916 0.0682725 0.0679845 0.0813415 0.0448890 0.0492323 0.0852685 0.0821747 0.0684169 0.0454282 0.0547222 0.0487162 0.0438998 0.0534603 0.0691918 0.0443799 0.0033315 0.0877945 0.0702539 0.0838474 
Acrobatidae_Acrobates_pygmaeus               0.0425100 0.0783655 0.0483640 0.0474001 0.0482874 0.0732557 0.0445691 0.0447599 0.0479098 0.0817533 0.0458104 0.0705983 0.0715198 0.0459866 0.0000000 0.0710778 0.0693313 0.0684901 0.0812176 0.0460438 0.0448842 0.0857197 0.0862710 0.0692978 0.0443393 0.0534364 0.0421851 0.0459124 0.0488987 0.0624537 0.0281994 0.0462463 0.0864467 0.0722427 0.0825973 
Dasyuridae_Phascogale_calura                 0.0664348 0.0907889 0.0694275 0.0677242 0.0681315 0.0207822 0.0691042 0.0668445 0.0709444 0.0903419 0.0684965 0.0033186 0.0271928 0.0691916 0.0710778 0.0000000 0.0184001 0.0268734 0.0912841 0.0687666 0.0701436 0.0949176 0.0932848 0.0102622 0.0692468 0.0683182 0.0691990 0.0682246 0.0739500 0.0914240 0.0717833 0.0677127 0.0959284 0.0208037 0.0916077 
Dasyuridae_Sarcophilus_harrisii              0.0669001 0.0918542 0.0685088 0.0667429 0.0668602 0.0084283 0.0685722 0.0659181 0.0706861 0.0848682 0.0684796 0.0179958 0.0266515 0.0682725 0.0693313 0.0184001 0.0000000 0.0277075 0.0867383 0.0684170 0.0716356 0.0925072 0.0907623 0.0190480 0.0694422 0.0657767 0.0683557 0.0679173 0.0745915 0.0877966 0.0696158 0.0669962 0.0911898 0.0090085 0.0863819 
Dasyuridae_Planigale_tenuirostris            0.0642832 0.0885221 0.0670531 0.0635543 0.0639143 0.0287942 0.0684708 0.0665424 0.0685389 0.0872049 0.0675146 0.0264435 0.0215252 0.0679845 0.0684901 0.0268734 0.0277075 0.0000000 0.0885338 0.0651503 0.0726102 0.0959212 0.0963951 0.0272798 0.0672322 0.0674862 0.0701339 0.0651519 0.0782954 0.0919243 0.0693711 0.0679391 0.0938597 0.0291956 0.0879822 
Peramelidae_Echymipera_kalubu                0.0778346 0.0998275 0.0770128 0.0772575 0.0777285 0.0891577 0.0826032 0.0794971 0.0808314 0.0134153 0.0807525 0.0909653 0.0886689 0.0813415 0.0812176 0.0912841 0.0867383 0.0885338 0.0000000 0.0792625 0.0834076 0.1063845 0.1044081 0.0896570 0.0833761 0.0799329 0.0836989 0.0775586 0.0886504 0.0983540 0.0784423 0.0811658 0.0148827 0.0889829 0.0141788 
Macropodidae_Dorcopsulus_vanheurni           0.0377868 0.0739878 0.0463165 0.0195023 0.0208040 0.0717710 0.0441391 0.0430521 0.0195264 0.0810266 0.0449053 0.0680549 0.0697914 0.0448890 0.0460438 0.0687666 0.0684170 0.0651503 0.0792625 0.0000000 0.0469195 0.0829556 0.0844671 0.0677620 0.0287579 0.0547200 0.0471248 0.0072595 0.0497358 0.0694529 0.0438324 0.0449602 0.0851658 0.0713355 0.0827367 
Pseudochiridae_Pseudochirulus_forbesi        0.0453650 0.0784581 0.0518002 0.0478726 0.0487027 0.0750994 0.0461896 0.0462157 0.0509508 0.0849236 0.0484437 0.0706021 0.0750450 0.0492323 0.0448842 0.0701436 0.0716356 0.0726102 0.0834076 0.0469195 0.0000000 0.0882284 0.0886758 0.0701693 0.0480360 0.0588637 0.0242886 0.0471640 0.0190708 0.0603461 0.0446657 0.0490988 0.0863630 0.0738318 0.0859705 
Didelphidae_Didelphis_virginiana             0.0781286 0.1023979 0.0817634 0.0786924 0.0790437 0.0958681 0.0854397 0.0844254 0.0846614 0.1077311 0.0847424 0.0948350 0.0958523 0.0852685 0.0857197 0.0949176 0.0925072 0.0959212 0.1063845 0.0829556 0.0882284 0.0000000 0.0435714 0.0946748 0.0838094 0.0837061 0.0872393 0.0815142 0.0930300 0.1064459 0.0848317 0.0848454 0.1099317 0.0957271 0.1072612 
Marmosidae_Monodelphis_domestica             0.0775973 0.1041435 0.0829947 0.0839677 0.0845566 0.0945668 0.0845161 0.0819973 0.0863785 0.1054185 0.0829919 0.0936216 0.0951594 0.0821747 0.0862710 0.0932848 0.0907623 0.0963951 0.1044081 0.0844671 0.0886758 0.0435714 0.0000000 0.0932097 0.0846111 0.0820207 0.0870097 0.0830686 0.0935179 0.1071792 0.0852403 0.0813423 0.1075406 0.0937643 0.1052349 
Dasyuridae_Antechinus_stuartii               0.0657394 0.0905727 0.0674041 0.0658962 0.0663004 0.0216168 0.0688331 0.0655060 0.0699654 0.0884496 0.0676569 0.0100661 0.0274749 0.0684169 0.0692978 0.0102622 0.0190480 0.0272798 0.0896570 0.0677620 0.0701693 0.0946748 0.0932097 0.0000000 0.0676878 0.0687740 0.0677362 0.0672136 0.0748527 0.0900476 0.0704143 0.0669861 0.0946632 0.0208560 0.0899060 
Hypsiprymnodontidae_Hypsiprymnodon_moschatus 0.0405984 0.0771853 0.0473008 0.0314647 0.0314941 0.0721994 0.0436259 0.0421717 0.0318820 0.0840296 0.0444365 0.0689786 0.0697911 0.0454282 0.0443393 0.0692468 0.0694422 0.0672322 0.0833761 0.0287579 0.0480360 0.0838094 0.0846111 0.0676878 0.0000000 0.0567745 0.0473007 0.0282158 0.0506943 0.0692821 0.0437850 0.0454967 0.0868850 0.0713132 0.0855054 
Microbiotheriidae_Dromiciops_gliroides       0.0507766 0.0742347 0.0526399 0.0582560 0.0593057 0.0700125 0.0548206 0.0534945 0.0570631 0.0804938 0.0560114 0.0679239 0.0703660 0.0547222 0.0534364 0.0683182 0.0657767 0.0674862 0.0799329 0.0547200 0.0588637 0.0837061 0.0820207 0.0687740 0.0567745 0.0000000 0.0576975 0.0535306 0.0617398 0.0763081 0.0553847 0.0549987 0.0823828 0.0694217 0.0810441 
Pseudochiridae_Petauroides_volans            0.0443183 0.0791433 0.0506971 0.0495779 0.0507411 0.0718616 0.0466500 0.0465173 0.0501866 0.0845175 0.0482951 0.0687156 0.0716556 0.0487162 0.0421851 0.0691990 0.0683557 0.0701339 0.0836989 0.0471248 0.0242886 0.0872393 0.0870097 0.0677362 0.0473007 0.0576975 0.0000000 0.0464938 0.0269529 0.0568781 0.0410876 0.0484366 0.0865782 0.0705678 0.0855863 
Macropodidae_Wallabia_bicolor                0.0379048 0.0750805 0.0455421 0.0192728 0.0205808 0.0714518 0.0429878 0.0420812 0.0203500 0.0793067 0.0439092 0.0673102 0.0697174 0.0438998 0.0459124 0.0682246 0.0679173 0.0651519 0.0775586 0.0072595 0.0471640 0.0815142 0.0830686 0.0672136 0.0282158 0.0535306 0.0464938 0.0000000 0.0501050 0.0695308 0.0433189 0.0440138 0.0837902 0.0707750 0.0812106 
Pseudochiridae_Pseudocheirus_occidentalis    0.0480872 0.0849073 0.0543031 0.0512685 0.0530068 0.0783159 0.0502032 0.0502234 0.0546378 0.0884949 0.0529621 0.0748993 0.0793823 0.0534603 0.0488987 0.0739500 0.0745915 0.0782954 0.0886504 0.0497358 0.0190708 0.0930300 0.0935179 0.0748527 0.0506943 0.0617398 0.0269529 0.0501050 0.0000000 0.0671422 0.0477028 0.0533236 0.0917112 0.0781335 0.0893612 
Tarsipedidae_Tarsipes_rostratus              0.0643050 0.0989689 0.0695858 0.0748567 0.0753727 0.0932743 0.0695777 0.0685129 0.0729575 0.0994937 0.0696940 0.0911388 0.0921404 0.0691918 0.0624537 0.0914240 0.0877966 0.0919243 0.0983540 0.0694529 0.0603461 0.1064459 0.1071792 0.0900476 0.0692821 0.0763081 0.0568781 0.0695308 0.0671422 0.0000000 0.0645571 0.0685853 0.1022174 0.0917778 0.1007402 
Acrobatidae_Distoechurus_pennatus            0.0396094 0.0765910 0.0464777 0.0478791 0.0496132 0.0728814 0.0431864 0.0421363 0.0473991 0.0792426 0.0441954 0.0706524 0.0737329 0.0443799 0.0281994 0.0717833 0.0696158 0.0693711 0.0784423 0.0438324 0.0446657 0.0848317 0.0852403 0.0704143 0.0437850 0.0553847 0.0410876 0.0433189 0.0477028 0.0645571 0.0000000 0.0442851 0.0844386 0.0724983 0.0800336 
Phalangeridae_Phalanger_carmelitae           0.0381594 0.0782063 0.0444982 0.0464884 0.0478776 0.0709124 0.0175144 0.0082185 0.0473098 0.0822612 0.0073320 0.0674182 0.0705104 0.0033315 0.0462463 0.0677127 0.0669962 0.0679391 0.0811658 0.0449602 0.0490988 0.0848454 0.0813423 0.0669861 0.0454967 0.0549987 0.0484366 0.0440138 0.0533236 0.0685853 0.0442851 0.0000000 0.0876593 0.0694219 0.0833083 
Peramelidae_Peroryctes_raffrayana            0.0844143 0.1015337 0.0822285 0.0803625 0.0808480 0.0920627 0.0877402 0.0859973 0.0858014 0.0168256 0.0872239 0.0959036 0.0944348 0.0877945 0.0864467 0.0959284 0.0911898 0.0938597 0.0148827 0.0851658 0.0863630 0.1099317 0.1075406 0.0946632 0.0868850 0.0823828 0.0865782 0.0837902 0.0917112 0.1022174 0.0844386 0.0876593 0.0000000 0.0923810 0.0174302 
Dasyuridae_Dasyurus_geffroii                 0.0695324 0.0929562 0.0695410 0.0705863 0.0710011 0.0076125 0.0716928 0.0680233 0.0735740 0.0871305 0.0700090 0.0202086 0.0283988 0.0702539 0.0722427 0.0208037 0.0090085 0.0291956 0.0889829 0.0713355 0.0738318 0.0957271 0.0937643 0.0208560 0.0713132 0.0694217 0.0705678 0.0707750 0.0781335 0.0917778 0.0724983 0.0694219 0.0923810 0.0000000 0.0886357 
Peramelidae_Perameles_gunnii                 0.0794293 0.1020610 0.0786816 0.0781897 0.0786648 0.0885562 0.0849861 0.0816000 0.0826921 0.0015087 0.0830056 0.0912874 0.0903258 0.0838474 0.0825973 0.0916077 0.0863819 0.0879822 0.0141788 0.0827367 0.0859705 0.1072612 0.1052349 0.0899060 0.0855054 0.0810441 0.0855863 0.0812106 0.0893612 0.1007402 0.0800336 0.0833083 0.0174302 0.0886357 0.0000000 
