35
Burramyidae_Burramys_parvus                  0.0000000 0.1297041 0.0910595 0.0821575 0.0805336 0.1521807 0.0680002 0.0712062 0.0790414 0.1481522 0.0735227 0.1475952 0.1494476 0.0693250 0.0809719 0.1478238 0.1519238 0.1483565 0.1534433 0.0812464 0.0753289 0.1394945 0.1635433 0.1483182 0.0819274 0.1312051 0.0738002 0.0761455 0.0675683 0.1063542 0.0739952 0.0679992 0.2301219 0.1539461 0.1494304 
Notoryctidae_Notoryctes_typhlops             0.1297041 0.0000000 0.1253522 0.1357766 0.1353497 0.1582016 0.1191179 0.1216146 0.1323484 0.1531937 0.1247685 0.1542136 0.1465824 0.1234748 0.1346395 0.1578753 0.1571487 0.1546263 0.1578042 0.1282674 0.1251442 0.1682921 0.1818762 0.1584672 0.1317812 0.1332919 0.1236085 0.1277073 0.1186692 0.1444486 0.1217310 0.1232491 0.2357203 0.1579960 0.1524525 
Vombatidae_Lasiorhinus_latifrons             0.0910595 0.1253522 0.0000000 0.0948971 0.0921526 0.1413098 0.0768026 0.0816594 0.0927055 0.1316122 0.0845427 0.1350542 0.1350159 0.0805363 0.0891121 0.1374300 0.1410433 0.1378385 0.1390901 0.0894187 0.0867555 0.1457926 0.1590207 0.1386495 0.0861915 0.1131239 0.0835269 0.0847752 0.0795940 0.1078604 0.0834879 0.0794284 0.2159600 0.1430407 0.1331692 
Potoroidae_Bettongia_penicillata             0.0821575 0.1357766 0.0948971 0.0000000 0.0103823 0.1606435 0.0722052 0.0748420 0.0134808 0.1502336 0.0759216 0.1560199 0.1573618 0.0709557 0.0768740 0.1573080 0.1607891 0.1575973 0.1505083 0.0315044 0.0751452 0.1590593 0.1643438 0.1592485 0.0457256 0.1253284 0.0805955 0.0235748 0.0675167 0.0970339 0.0756110 0.0723386 0.2275775 0.1628752 0.1541415 
Potoroidae_Bettongia_lesueur                 0.0805336 0.1353497 0.0921526 0.0103823 0.0000000 0.1574866 0.0717934 0.0736021 0.0154510 0.1500318 0.0748933 0.1529015 0.1537734 0.0694699 0.0754314 0.1541901 0.1576770 0.1558707 0.1491028 0.0300906 0.0732486 0.1598262 0.1670388 0.1561037 0.0422581 0.1252630 0.0774716 0.0222292 0.0661399 0.0971949 0.0741971 0.0708397 0.2284569 0.1597289 0.1520758 
Dasyuridae_Dasyurus_maculatus                0.1521807 0.1582016 0.1413098 0.1606435 0.1574866 0.0000000 0.1396378 0.1466494 0.1612222 0.1726751 0.1477757 0.0179362 0.0295128 0.1438665 0.1519819 0.0219174 0.0072060 0.0309016 0.1753290 0.1521194 0.1531966 0.1522029 0.1723378 0.0212064 0.1561948 0.1614776 0.1492402 0.1518148 0.1534648 0.1667157 0.1482453 0.1439698 0.2965560 0.0091802 0.1731853 
Phalangeridae_Trichosurus_vulpecula          0.0680002 0.1191179 0.0768026 0.0722052 0.0717934 0.1396378 0.0000000 0.0207628 0.0682750 0.1365349 0.0237713 0.1348849 0.1375114 0.0200245 0.0721148 0.1362194 0.1393144 0.1377425 0.1450338 0.0667049 0.0691463 0.1349522 0.1504591 0.1369296 0.0689223 0.1124206 0.0695260 0.0647205 0.0602041 0.0878387 0.0652147 0.0204230 0.2136224 0.1427293 0.1400386 
Phalangeridae_Spilocuscus_maculatus          0.0712062 0.1216146 0.0816594 0.0748420 0.0736021 0.1466494 0.0207628 0.0000000 0.0729849 0.1368638 0.0139897 0.1416262 0.1439089 0.0121333 0.0692193 0.1449032 0.1440618 0.1459811 0.1465837 0.0717972 0.0639525 0.1416948 0.1599178 0.1469225 0.0701187 0.1173064 0.0652933 0.0692273 0.0555642 0.0923437 0.0656581 0.0117354 0.2174581 0.1487741 0.1397674 
Potoroidae_Aepyprymnus_rufescens             0.0790414 0.1323484 0.0927055 0.0134808 0.0154510 0.1612222 0.0682750 0.0729849 0.0000000 0.1507738 0.0733830 0.1553489 0.1575847 0.0684911 0.0774290 0.1566667 0.1627740 0.1571451 0.1518656 0.0299296 0.0739560 0.1550154 0.1654550 0.1566619 0.0465682 0.1273001 0.0793269 0.0231656 0.0622828 0.0969438 0.0744312 0.0698905 0.2269697 0.1635033 0.1547517 
Peramelidae_Perameles_nasuta                 0.1481522 0.1531937 0.1316122 0.1502336 0.1500318 0.1726751 0.1365349 0.1368638 0.1507738 0.0000000 0.1438035 0.1699232 0.1617108 0.1399878 0.1430873 0.1705517 0.1720039 0.1712456 0.0274805 0.1507272 0.1448476 0.1676432 0.1656979 0.1725059 0.1479563 0.1520157 0.1418757 0.1479500 0.1456382 0.1692417 0.1440644 0.1394335 0.0260239 0.1742387 0.0015467 
Phalangeridae_Strigocuscus_pelengensis       0.0735227 0.1247685 0.0845427 0.0759216 0.0748933 0.1477757 0.0237713 0.0139897 0.0733830 0.1438035 0.0000000 0.1442154 0.1457069 0.0113540 0.0724645 0.1467988 0.1454644 0.1481157 0.1496714 0.0736380 0.0680803 0.1535244 0.1617586 0.1477853 0.0750562 0.1197168 0.0685795 0.0706493 0.0591846 0.0917674 0.0672899 0.0109565 0.2302962 0.1501924 0.1457215 
Dasyuridae_Phascogale_tapoatafa              0.1475952 0.1542136 0.1350542 0.1560199 0.1529015 0.0179362 0.1348849 0.1416262 0.1553489 0.1699232 0.1442154 0.0000000 0.0258681 0.1398088 0.1496095 0.0075881 0.0175496 0.0278524 0.1754422 0.1484583 0.1495079 0.1531463 0.1795912 0.0119412 0.1505281 0.1619874 0.1465040 0.1481494 0.1488656 0.1613814 0.1462588 0.1399101 0.2942750 0.0200881 0.1724624 
Dasyuridae_Sminthopsis_macroura              0.1494476 0.1465824 0.1350159 0.1573618 0.1537734 0.0295128 0.1375114 0.1439089 0.1575847 0.1617108 0.1457069 0.0258681 0.0000000 0.1417156 0.1483495 0.0290925 0.0274161 0.0245627 0.1677970 0.1474146 0.1504857 0.1475944 0.1692600 0.0279672 0.1525252 0.1535880 0.1503711 0.1481135 0.1552468 0.1631184 0.1469822 0.1418171 0.2798539 0.0317769 0.1633408 
Phalangeridae_Phalanger_orientalis           0.0693250 0.1234748 0.0805363 0.0709557 0.0694699 0.1438665 0.0200245 0.0121333 0.0684911 0.1399878 0.0113540 0.1398088 0.1417156 0.0000000 0.0659766 0.1421508 0.1413898 0.1436474 0.1477471 0.0682350 0.0637695 0.1430782 0.1592560 0.1445396 0.0700323 0.1171726 0.0654706 0.0667445 0.0566406 0.0905491 0.0636581 0.0033939 0.2208516 0.1459611 0.1421371 
Acrobatidae_Acrobates_pygmaeus               0.0809719 0.1346395 0.0891121 0.0768740 0.0754314 0.1519819 0.0721148 0.0692193 0.0774290 0.1430873 0.0724645 0.1496095 0.1483495 0.0659766 0.0000000 0.1525280 0.1514639 0.1522421 0.1449350 0.0766991 0.0591987 0.1456334 0.1555786 0.1534635 0.0749020 0.1235896 0.0635337 0.0716301 0.0512519 0.0870512 0.0378619 0.0665356 0.2214913 0.1518402 0.1444793 
Dasyuridae_Phascogale_calura                 0.1478238 0.1578753 0.1374300 0.1573080 0.1541901 0.0219174 0.1362194 0.1449032 0.1566667 0.1705517 0.1467988 0.0075881 0.0290925 0.1421508 0.1525280 0.0000000 0.0223368 0.0317573 0.1747163 0.1498649 0.1518371 0.1563762 0.1821458 0.0142904 0.1518342 0.1625678 0.1481892 0.1485133 0.1514217 0.1628237 0.1499151 0.1422531 0.2939523 0.0249259 0.1724766 
Dasyuridae_Sarcophilus_harrisii              0.1519238 0.1571487 0.1410433 0.1607891 0.1576770 0.0072060 0.1393144 0.1440618 0.1627740 0.1720039 0.1454644 0.0175496 0.0274161 0.1413898 0.1514639 0.0223368 0.0000000 0.0295785 0.1768598 0.1522943 0.1533388 0.1530889 0.1718482 0.0208000 0.1573875 0.1614318 0.1495165 0.1530034 0.1559200 0.1661141 0.1470890 0.1414912 0.3008338 0.0103494 0.1739666 
Dasyuridae_Planigale_tenuirostris            0.1483565 0.1546263 0.1378385 0.1575973 0.1558707 0.0309016 0.1377425 0.1459811 0.1571451 0.1712456 0.1481157 0.0278524 0.0245627 0.1436474 0.1522421 0.0317573 0.0295785 0.0000000 0.1731197 0.1493295 0.1498283 0.1480225 0.1815859 0.0309525 0.1511311 0.1534378 0.1522923 0.1489200 0.1513727 0.1639225 0.1483178 0.1439170 0.2953249 0.0323924 0.1741862 
Peramelidae_Echymipera_kalubu                0.1534433 0.1578042 0.1390901 0.1505083 0.1491028 0.1753290 0.1450338 0.1465837 0.1518656 0.0274805 0.1496714 0.1754422 0.1677970 0.1477471 0.1449350 0.1747163 0.1768598 0.1731197 0.0000000 0.1514859 0.1470391 0.1760271 0.1696679 0.1747531 0.1484175 0.1618711 0.1489873 0.1480477 0.1546697 0.1715508 0.1490800 0.1472003 0.0323660 0.1771825 0.0259694 
Macropodidae_Dorcopsulus_vanheurni           0.0812464 0.1282674 0.0894187 0.0315044 0.0300906 0.1521194 0.0667049 0.0717972 0.0299296 0.1507272 0.0736380 0.1484583 0.1474146 0.0682350 0.0766991 0.1498649 0.1522943 0.1493295 0.1514859 0.0000000 0.0744399 0.1489042 0.1621645 0.1498204 0.0459124 0.1206841 0.0785109 0.0139670 0.0671883 0.0915274 0.0735850 0.0696089 0.2251771 0.1543291 0.1529551 
Pseudochiridae_Pseudochirulus_forbesi        0.0753289 0.1251442 0.0867555 0.0751452 0.0732486 0.1531966 0.0691463 0.0639525 0.0739560 0.1448476 0.0680803 0.1495079 0.1504857 0.0637695 0.0591987 0.1518371 0.1533388 0.1498283 0.1470391 0.0744399 0.0000000 0.1446704 0.1563848 0.1530615 0.0734490 0.1174675 0.0361757 0.0690967 0.0185613 0.0741101 0.0578311 0.0629956 0.2149813 0.1553526 0.1462840 
Didelphidae_Didelphis_virginiana             0.1394945 0.1682921 0.1457926 0.1590593 0.1598262 0.1522029 0.1349522 0.1416948 0.1550154 0.1676432 0.1535244 0.1531463 0.1475944 0.1430782 0.1456334 0.1563762 0.1530889 0.1480225 0.1760271 0.1489042 0.1446704 0.0000000 0.0569461 0.1552931 0.1725112 0.1488341 0.1509392 0.1544888 0.2079782 0.1692262 0.1530751 0.1430564 0.1599030 0.1524981 0.1705636 
Marmosidae_Monodelphis_domestica             0.1635433 0.1818762 0.1590207 0.1643438 0.1670388 0.1723378 0.1504591 0.1599178 0.1654550 0.1656979 0.1617586 0.1795912 0.1692600 0.1592560 0.1555786 0.1821458 0.1718482 0.1815859 0.1696679 0.1621645 0.1563848 0.0569461 0.0000000 0.1751184 0.1659497 0.1537402 0.1704841 0.1630191 0.2894392 0.1839440 0.1542367 0.1571491 0.3102786 0.1779113 0.1672625 
Dasyuridae_Antechinus_stuartii               0.1483182 0.1584672 0.1386495 0.1592485 0.1561037 0.0212064 0.1369296 0.1469225 0.1566619 0.1725059 0.1477853 0.0119412 0.0279672 0.1445396 0.1534635 0.0142904 0.0208000 0.0309525 0.1747531 0.1498204 0.1530615 0.1552931 0.1751184 0.0000000 0.1548034 0.1614344 0.1489157 0.1474098 0.1526716 0.1635840 0.1500680 0.1446438 0.2870494 0.0237773 0.1738517 
Hypsiprymnodontidae_Hypsiprymnodon_moschatus 0.0819274 0.1317812 0.0861915 0.0457256 0.0422581 0.1561948 0.0689223 0.0701187 0.0465682 0.1479563 0.0750562 0.1505281 0.1525252 0.0700323 0.0749020 0.1518342 0.1573875 0.1511311 0.1484175 0.0459124 0.0734490 0.1725112 0.1659497 0.1548034 0.0000000 0.1191077 0.0735193 0.0379589 0.0675805 0.0952003 0.0717713 0.0715233 0.2149364 0.1583957 0.1493282 
Microbiotheriidae_Dromiciops_gliroides       0.1312051 0.1332919 0.1131239 0.1253284 0.1252630 0.1614776 0.1124206 0.1173064 0.1273001 0.1520157 0.1197168 0.1619874 0.1535880 0.1171726 0.1235896 0.1625678 0.1614318 0.1534378 0.1618711 0.1206841 0.1174675 0.1488341 0.1537402 0.1614344 0.1191077 0.0000000 0.1162955 0.1151776 0.1102082 0.1410561 0.1147000 0.1176110 0.2437240 0.1647996 0.1521439 
Pseudochiridae_Petauroides_volans            0.0738002 0.1236085 0.0835269 0.0805955 0.0774716 0.1492402 0.0695260 0.0652933 0.0793269 0.1418757 0.0685795 0.1465040 0.1503711 0.0654706 0.0635337 0.1481892 0.1495165 0.1522923 0.1489873 0.0785109 0.0361757 0.1509392 0.1704841 0.1489157 0.0735193 0.1162955 0.0000000 0.0724404 0.0330787 0.0731249 0.0614782 0.0650043 0.2228540 0.1513692 0.1436220 
Macropodidae_Wallabia_bicolor                0.0761455 0.1277073 0.0847752 0.0235748 0.0222292 0.1518148 0.0647205 0.0692273 0.0231656 0.1479500 0.0706493 0.1481494 0.1481135 0.0667445 0.0716301 0.1485133 0.1530034 0.1489200 0.1480477 0.0139670 0.0690967 0.1544888 0.1630191 0.1474098 0.0379589 0.1151776 0.0724404 0.0000000 0.0631695 0.0912938 0.0696619 0.0670420 0.2173708 0.1539924 0.1500879 
Pseudochiridae_Pseudocheirus_occidentalis    0.0675683 0.1186692 0.0795940 0.0675167 0.0661399 0.1534648 0.0602041 0.0555642 0.0622828 0.1456382 0.0591846 0.1488656 0.1552468 0.0566406 0.0512519 0.1514217 0.1559200 0.1513727 0.1546697 0.0671883 0.0185613 0.2079782 0.2894392 0.1526716 0.0675805 0.1102082 0.0330787 0.0631695 0.0000000 0.0707605 0.0491767 0.0567477 0.2154034 0.1555712 0.1491992 
Tarsipedidae_Tarsipes_rostratus              0.1063542 0.1444486 0.1078604 0.0970339 0.0971949 0.1667157 0.0878387 0.0923437 0.0969438 0.1692417 0.0917674 0.1613814 0.1631184 0.0905491 0.0870512 0.1628237 0.1661141 0.1639225 0.1715508 0.0915274 0.0741101 0.1692262 0.1839440 0.1635840 0.0952003 0.1410561 0.0731249 0.0912938 0.0707605 0.0000000 0.0824986 0.0900488 0.2633857 0.1666081 0.1712927 
Acrobatidae_Distoechurus_pennatus            0.0739952 0.1217310 0.0834879 0.0756110 0.0741971 0.1482453 0.0652147 0.0656581 0.0744312 0.1440644 0.0672899 0.1462588 0.1469822 0.0636581 0.0378619 0.1499151 0.1470890 0.1483178 0.1490800 0.0735850 0.0578311 0.1530751 0.1542367 0.1500680 0.0717713 0.1147000 0.0614782 0.0696619 0.0491767 0.0824986 0.0000000 0.0641042 0.2305488 0.1474621 0.1467399 
Phalangeridae_Phalanger_carmelitae           0.0679992 0.1232491 0.0794284 0.0723386 0.0708397 0.1439698 0.0204230 0.0117354 0.0698905 0.1394335 0.0109565 0.1399101 0.1418171 0.0033939 0.0665356 0.1422531 0.1414912 0.1439170 0.1472003 0.0696089 0.0629956 0.1430564 0.1571491 0.1446438 0.0715233 0.1176110 0.0650043 0.0670420 0.0567477 0.0900488 0.0641042 0.0000000 0.2192518 0.1460660 0.1415945 
Peramelidae_Peroryctes_raffrayana            0.2301219 0.2357203 0.2159600 0.2275775 0.2284569 0.2965560 0.2136224 0.2174581 0.2269697 0.0260239 0.2302962 0.2942750 0.2798539 0.2208516 0.2214913 0.2939523 0.3008338 0.2953249 0.0323660 0.2251771 0.2149813 0.1599030 0.3102786 0.2870494 0.2149364 0.2437240 0.2228540 0.2173708 0.2154034 0.2633857 0.2305488 0.2192518 0.0000000 0.3031867 0.0235882 
Dasyuridae_Dasyurus_geffroii                 0.1539461 0.1579960 0.1430407 0.1628752 0.1597289 0.0091802 0.1427293 0.1487741 0.1635033 0.1742387 0.1501924 0.0200881 0.0317769 0.1459611 0.1518402 0.0249259 0.0103494 0.0323924 0.1771825 0.1543291 0.1553526 0.1524981 0.1779113 0.0237773 0.1583957 0.1647996 0.1513692 0.1539924 0.1555712 0.1666081 0.1474621 0.1460660 0.3031867 0.0000000 0.1761188 
Peramelidae_Perameles_gunnii                 0.1494304 0.1524525 0.1331692 0.1541415 0.1520758 0.1731853 0.1400386 0.1397674 0.1547517 0.0015467 0.1457215 0.1724624 0.1633408 0.1421371 0.1444793 0.1724766 0.1739666 0.1741862 0.0259694 0.1529551 0.1462840 0.1705636 0.1672625 0.1738517 0.1493282 0.1521439 0.1436220 0.1500879 0.1491992 0.1712927 0.1467399 0.1415945 0.0235882 0.1761188 0.0000000 
