35
Burramyidae_Burramys_parvus                  0.0000000 0.0590400 0.0456523 0.0451298 0.0435940 0.0768073 0.0494411 0.0353663 0.0465462 0.0719261 0.0369975 0.0815097 0.0750850 0.0367045 0.0468160 0.0797556 0.0769841 0.0627759 0.0713570 0.0434923 0.1118492 0.0966933 0.0918111 0.0750880 0.0450001 0.0572639 0.0411929 0.0433342 0.0911083 0.0689334 0.0444388 0.0357680 0.0695759 0.0767719 0.0700446 
Notoryctidae_Notoryctes_typhlops             0.0590400 0.0000000 0.0521072 0.0601906 0.0576276 0.0793735 0.0698190 0.0560060 0.0625266 0.0725993 0.0552573 0.0835496 0.0795824 0.0530607 0.0589492 0.0815650 0.0769732 0.0663813 0.0718158 0.0539941 0.0994309 0.0974939 0.0897115 0.0762670 0.0594262 0.0597011 0.0544622 0.0532035 0.0752013 0.0782280 0.0569443 0.0548262 0.0711537 0.0780683 0.0704063 
Vombatidae_Lasiorhinus_latifrons             0.0456523 0.0521072 0.0000000 0.0411042 0.0385672 0.0635797 0.0505934 0.0345140 0.0420212 0.0644987 0.0358212 0.0633521 0.0588937 0.0359420 0.0346729 0.0616921 0.0618672 0.0538770 0.0656944 0.0377837 0.1022223 0.0740657 0.0699997 0.0600965 0.0391558 0.0446781 0.0389772 0.0378380 0.0893199 0.0620656 0.0372662 0.0349957 0.0648870 0.0624371 0.0630060 
Potoroidae_Bettongia_penicillata             0.0451298 0.0601906 0.0411042 0.0000000 0.0006276 0.0769911 0.0476190 0.0338717 0.0019277 0.0633680 0.0358903 0.0756857 0.0715091 0.0343243 0.0412786 0.0739789 0.0746396 0.0653813 0.0664477 0.0093556 0.1122548 0.0818115 0.0806548 0.0704872 0.0249145 0.0489855 0.0372350 0.0074408 0.0913274 0.0633342 0.0440457 0.0347434 0.0622366 0.0744624 0.0627601 
Potoroidae_Bettongia_lesueur                 0.0435940 0.0576276 0.0385672 0.0006276 0.0000000 0.0749978 0.0446725 0.0329546 0.0020553 0.0626070 0.0349268 0.0737703 0.0695864 0.0334017 0.0412010 0.0720216 0.0726740 0.0627299 0.0638836 0.0093466 0.1089907 0.0811524 0.0779527 0.0686152 0.0236747 0.0479400 0.0362709 0.0073843 0.0883166 0.0632432 0.0434617 0.0338166 0.0615096 0.0725635 0.0619414 
Dasyuridae_Dasyurus_maculatus                0.0768073 0.0793735 0.0635797 0.0769911 0.0749978 0.0000000 0.0850809 0.0714713 0.0786183 0.0886451 0.0693860 0.0159940 0.0193231 0.0702172 0.0743205 0.0144712 0.0012477 0.0179985 0.0908953 0.0708994 0.1569719 0.0986173 0.0928682 0.0112901 0.0763919 0.0705765 0.0700946 0.0723705 0.1323101 0.0949402 0.0722408 0.0684036 0.0862330 0.0007625 0.0873093 
Phalangeridae_Trichosurus_vulpecula          0.0494411 0.0698190 0.0505934 0.0476190 0.0446725 0.0850809 0.0000000 0.0289279 0.0484690 0.0759489 0.0297335 0.0860865 0.0815850 0.0281799 0.0492579 0.0849527 0.0832804 0.0768361 0.0748337 0.0455350 0.1241316 0.1021622 0.0969345 0.0827822 0.0480908 0.0606789 0.0480195 0.0449149 0.1026454 0.0748280 0.0483110 0.0277807 0.0762565 0.0837480 0.0745978 
Phalangeridae_Spilocuscus_maculatus          0.0353663 0.0560060 0.0345140 0.0338717 0.0329546 0.0714713 0.0289279 0.0000000 0.0360787 0.0601548 0.0020437 0.0719488 0.0685725 0.0017864 0.0362189 0.0702063 0.0691736 0.0634127 0.0637327 0.0332544 0.1041719 0.0762042 0.0760638 0.0686423 0.0347615 0.0450693 0.0337710 0.0317942 0.0867441 0.0571264 0.0373492 0.0014461 0.0608614 0.0702548 0.0589038 
Potoroidae_Aepyprymnus_rufescens             0.0465462 0.0625266 0.0420212 0.0019277 0.0020553 0.0786183 0.0484690 0.0360787 0.0000000 0.0668121 0.0379480 0.0773691 0.0737118 0.0362079 0.0421500 0.0755902 0.0762548 0.0672442 0.0706714 0.0098852 0.1126282 0.0843825 0.0835871 0.0721519 0.0259950 0.0522833 0.0371299 0.0098286 0.0917457 0.0656565 0.0454556 0.0366352 0.0675805 0.0761359 0.0655811 
Peramelidae_Perameles_nasuta                 0.0719261 0.0725993 0.0644987 0.0633680 0.0626070 0.0886451 0.0759489 0.0601548 0.0668121 0.0000000 0.0630700 0.0925024 0.0873890 0.0595641 0.0638862 0.0905586 0.0861162 0.0761622 0.0025656 0.0610220 0.1401096 0.1024161 0.0928838 0.0883027 0.0620902 0.0628582 0.0630352 0.0594509 0.1223691 0.0915503 0.0691787 0.0601319 0.0017869 0.0859701 0.0000491 
Phalangeridae_Strigocuscus_pelengensis       0.0369975 0.0552573 0.0358212 0.0358903 0.0349268 0.0693860 0.0297335 0.0020437 0.0379480 0.0630700 0.0000000 0.0679580 0.0656556 0.0016453 0.0350788 0.0680706 0.0676616 0.0593765 0.0637195 0.0345706 0.1094593 0.0783060 0.0767864 0.0675809 0.0350477 0.0459495 0.0353572 0.0336870 0.0877313 0.0589176 0.0363085 0.0014207 0.0615831 0.0687386 0.0622094 
Dasyuridae_Phascogale_tapoatafa              0.0815097 0.0835496 0.0633521 0.0756857 0.0737703 0.0159940 0.0860865 0.0719488 0.0773691 0.0925024 0.0679580 0.0000000 0.0208372 0.0689239 0.0770172 0.0004953 0.0148869 0.0163879 0.0932545 0.0705989 0.1572072 0.1050877 0.0962745 0.0019146 0.0763000 0.0701837 0.0742998 0.0722878 0.1346691 0.1010137 0.0750823 0.0683078 0.0899886 0.0156099 0.0911484 
Dasyuridae_Sminthopsis_macroura              0.0750850 0.0795824 0.0588937 0.0715091 0.0695864 0.0193231 0.0815850 0.0685725 0.0737118 0.0873890 0.0656556 0.0208372 0.0000000 0.0661658 0.0689469 0.0186076 0.0182272 0.0105973 0.0891919 0.0667966 0.1505003 0.1025668 0.0995548 0.0161312 0.0706190 0.0695767 0.0684008 0.0670225 0.1289606 0.0948598 0.0680997 0.0655603 0.0834594 0.0189568 0.0860589 
Phalangeridae_Phalanger_orientalis           0.0367045 0.0530607 0.0359420 0.0343243 0.0334017 0.0702172 0.0281799 0.0017864 0.0362079 0.0595641 0.0016453 0.0689239 0.0661658 0.0000000 0.0343879 0.0677778 0.0679382 0.0588620 0.0613935 0.0332413 0.1011932 0.0763370 0.0766789 0.0662137 0.0326175 0.0456117 0.0328683 0.0322208 0.0831776 0.0559205 0.0355047 0.0006248 0.0591258 0.0684242 0.0583799 
Acrobatidae_Acrobates_pygmaeus               0.0468160 0.0589492 0.0346729 0.0412786 0.0412010 0.0743205 0.0492579 0.0362189 0.0421500 0.0638862 0.0350788 0.0770172 0.0689469 0.0343879 0.0000000 0.0754042 0.0713844 0.0630496 0.0676130 0.0386652 0.0925405 0.0776039 0.0809699 0.0731706 0.0370488 0.0503552 0.0289509 0.0380951 0.0726774 0.0489600 0.0189140 0.0348256 0.0652673 0.0730229 0.0626757 
Dasyuridae_Phascogale_calura                 0.0797556 0.0815650 0.0616921 0.0739789 0.0720216 0.0144712 0.0849527 0.0702063 0.0755902 0.0905586 0.0680706 0.0004953 0.0186076 0.0677778 0.0754042 0.0000000 0.0133197 0.0160030 0.0928344 0.0697327 0.1547545 0.1030388 0.0955726 0.0014456 0.0745277 0.0692430 0.0725354 0.0705482 0.1337878 0.0968769 0.0733151 0.0659936 0.0881323 0.0144759 0.0892136 
Dasyuridae_Sarcophilus_harrisii              0.0769841 0.0769732 0.0618672 0.0746396 0.0726740 0.0012477 0.0832804 0.0691736 0.0762548 0.0861162 0.0676616 0.0148869 0.0182272 0.0679382 0.0713844 0.0133197 0.0000000 0.0168213 0.0883327 0.0692543 0.1557482 0.0964782 0.0917350 0.0098683 0.0728298 0.0682880 0.0684468 0.0700707 0.1302888 0.0931258 0.0693383 0.0661488 0.0837230 0.0011573 0.0847926 
Dasyuridae_Planigale_tenuirostris            0.0627759 0.0663813 0.0538770 0.0653813 0.0627299 0.0179985 0.0768361 0.0634127 0.0672442 0.0761622 0.0593765 0.0163879 0.0105973 0.0588620 0.0630496 0.0160030 0.0168213 0.0000000 0.0772131 0.0607025 0.1518168 0.0873988 0.0846370 0.0145032 0.0613623 0.0587657 0.0614411 0.0617765 0.1331214 0.0916206 0.0605633 0.0581893 0.0735089 0.0179909 0.0755988 
Peramelidae_Echymipera_kalubu                0.0713570 0.0718158 0.0656944 0.0664477 0.0638836 0.0908953 0.0748337 0.0637327 0.0706714 0.0025656 0.0637195 0.0932545 0.0891919 0.0613935 0.0676130 0.0928344 0.0883327 0.0772131 0.0000000 0.0634873 0.1412494 0.1072819 0.0981521 0.0905404 0.0638625 0.0662566 0.0648389 0.0618694 0.1244629 0.0967681 0.0704646 0.0619697 0.0023809 0.0881804 0.0023760 
Macropodidae_Dorcopsulus_vanheurni           0.0434923 0.0539941 0.0377837 0.0093556 0.0093466 0.0708994 0.0455350 0.0332544 0.0098852 0.0610220 0.0345706 0.0705989 0.0667966 0.0332413 0.0386652 0.0697327 0.0692543 0.0607025 0.0634873 0.0000000 0.1091377 0.0773825 0.0752531 0.0662616 0.0234705 0.0439206 0.0365984 0.0014556 0.0864810 0.0591001 0.0395057 0.0332331 0.0592887 0.0696927 0.0597547 
Pseudochiridae_Pseudochirulus_forbesi        0.1118492 0.0994309 0.1022223 0.1122548 0.1089907 0.1569719 0.1241316 0.1041719 0.1126282 0.1401096 0.1094593 0.1572072 0.1505003 0.1011932 0.0925405 0.1547545 0.1557482 0.1518168 0.1412494 0.1091377 0.0000000 0.1598478 0.1602695 0.1489250 0.1083330 0.1264460 0.0625970 0.1075150 0.0192957 0.0932386 0.0981126 0.1032884 0.1340217 0.1560821 0.1385053 
Didelphidae_Didelphis_virginiana             0.0966933 0.0974939 0.0740657 0.0818115 0.0811524 0.0986173 0.1021622 0.0762042 0.0843825 0.1024161 0.0783060 0.1050877 0.1025668 0.0763370 0.0776039 0.1030388 0.0964782 0.0873988 0.1072819 0.0773825 0.1598478 0.0000000 0.0242055 0.1006499 0.0812229 0.0793369 0.0779698 0.0749348 0.1446312 0.1073325 0.0800296 0.0762321 0.1014000 0.1007036 0.1006424 
Marmosidae_Monodelphis_domestica             0.0918111 0.0897115 0.0699997 0.0806548 0.0779527 0.0928682 0.0969345 0.0760638 0.0835871 0.0928838 0.0767864 0.0962745 0.0995548 0.0766789 0.0809699 0.0955726 0.0917350 0.0846370 0.0981521 0.0752531 0.1602695 0.0242055 0.0000000 0.0977360 0.0793930 0.0724840 0.0771447 0.0733893 0.1399624 0.1037875 0.0774579 0.0760054 0.0911903 0.0942622 0.0914919 
Dasyuridae_Antechinus_stuartii               0.0750880 0.0762670 0.0600965 0.0704872 0.0686152 0.0112901 0.0827822 0.0686423 0.0721519 0.0883027 0.0675809 0.0019146 0.0161312 0.0662137 0.0731706 0.0014456 0.0098683 0.0145032 0.0905404 0.0662616 0.1489250 0.1006499 0.0977360 0.0000000 0.0723189 0.0655493 0.0690723 0.0671490 0.1285815 0.0935583 0.0711473 0.0656026 0.0857978 0.0112852 0.0869555 
Hypsiprymnodontidae_Hypsiprymnodon_moschatus 0.0450001 0.0594262 0.0391558 0.0249145 0.0236747 0.0763919 0.0480908 0.0347615 0.0259950 0.0620902 0.0350477 0.0763000 0.0706190 0.0326175 0.0370488 0.0745277 0.0728298 0.0613623 0.0638625 0.0234705 0.1083330 0.0812229 0.0793930 0.0723189 0.0000000 0.0508503 0.0376890 0.0218157 0.0896001 0.0625991 0.0410759 0.0335095 0.0592844 0.0739345 0.0608660 
Microbiotheriidae_Dromiciops_gliroides       0.0572639 0.0597011 0.0446781 0.0489855 0.0479400 0.0705765 0.0606789 0.0450693 0.0522833 0.0628582 0.0459495 0.0701837 0.0695767 0.0456117 0.0503552 0.0692430 0.0682880 0.0587657 0.0662566 0.0439206 0.1264460 0.0793369 0.0724840 0.0655493 0.0508503 0.0000000 0.0458220 0.0429266 0.1050645 0.0711429 0.0512223 0.0461290 0.0633445 0.0699106 0.0623291 
Pseudochiridae_Petauroides_volans            0.0411929 0.0544622 0.0389772 0.0372350 0.0362709 0.0700946 0.0480195 0.0337710 0.0371299 0.0630352 0.0353572 0.0742998 0.0684008 0.0328683 0.0289509 0.0725354 0.0684468 0.0614411 0.0648389 0.0365984 0.0625970 0.0779698 0.0771447 0.0690723 0.0376890 0.0458220 0.0000000 0.0346234 0.0479671 0.0379283 0.0318184 0.0333021 0.0619598 0.0695230 0.0623564 
Macropodidae_Wallabia_bicolor                0.0433342 0.0532035 0.0378380 0.0074408 0.0073843 0.0723705 0.0449149 0.0317942 0.0098286 0.0594509 0.0336870 0.0722878 0.0670225 0.0322208 0.0380951 0.0705482 0.0700707 0.0617765 0.0618694 0.0014556 0.1075150 0.0749348 0.0733893 0.0671490 0.0218157 0.0429266 0.0346234 0.0000000 0.0858550 0.0581851 0.0398055 0.0322130 0.0589429 0.0699661 0.0582451 
Pseudochiridae_Pseudocheirus_occidentalis    0.0911083 0.0752013 0.0893199 0.0913274 0.0883166 0.1323101 0.1026454 0.0867441 0.0917457 0.1223691 0.0877313 0.1346691 0.1289606 0.0831776 0.0726774 0.1337878 0.1302888 0.1331214 0.1244629 0.0864810 0.0192957 0.1446312 0.1399624 0.1285815 0.0896001 0.1050645 0.0479671 0.0858550 0.0000000 0.0788386 0.0764997 0.0838463 0.1170446 0.1299381 0.1210084 
Tarsipedidae_Tarsipes_rostratus              0.0689334 0.0782280 0.0620656 0.0633342 0.0632432 0.0949402 0.0748280 0.0571264 0.0656565 0.0915503 0.0589176 0.1010137 0.0948598 0.0559205 0.0489600 0.0968769 0.0931258 0.0916206 0.0967681 0.0591001 0.0932386 0.1073325 0.1037875 0.0935583 0.0625991 0.0711429 0.0379283 0.0581851 0.0788386 0.0000000 0.0519720 0.0564831 0.0915962 0.0942061 0.0901883 
Acrobatidae_Distoechurus_pennatus            0.0444388 0.0569443 0.0372662 0.0440457 0.0434617 0.0722408 0.0483110 0.0373492 0.0454556 0.0691787 0.0363085 0.0750823 0.0680997 0.0355047 0.0189140 0.0733151 0.0693383 0.0605633 0.0704646 0.0395057 0.0981126 0.0800296 0.0774579 0.0711473 0.0410759 0.0512223 0.0318184 0.0398055 0.0764997 0.0519720 0.0000000 0.0359451 0.0674907 0.0698121 0.0678984 
Phalangeridae_Phalanger_carmelitae           0.0357680 0.0548262 0.0349957 0.0347434 0.0338166 0.0684036 0.0277807 0.0014461 0.0366352 0.0601319 0.0014207 0.0683078 0.0655603 0.0006248 0.0348256 0.0659936 0.0661488 0.0581893 0.0619697 0.0332331 0.1032884 0.0762321 0.0760054 0.0656026 0.0335095 0.0461290 0.0333021 0.0322130 0.0838463 0.0564831 0.0359451 0.0000000 0.0596935 0.0666322 0.0583517 
Peramelidae_Peroryctes_raffrayana            0.0695759 0.0711537 0.0648870 0.0622366 0.0615096 0.0862330 0.0762565 0.0608614 0.0675805 0.0017869 0.0615831 0.0899886 0.0834594 0.0591258 0.0652673 0.0881323 0.0837230 0.0735089 0.0023809 0.0592887 0.1340217 0.1014000 0.0911903 0.0857978 0.0592844 0.0633445 0.0619598 0.0589429 0.1170446 0.0915962 0.0674907 0.0596935 0.0000000 0.0835129 0.0016654 
Dasyuridae_Dasyurus_geffroii                 0.0767719 0.0780683 0.0624371 0.0744624 0.0725635 0.0007625 0.0837480 0.0702548 0.0761359 0.0859701 0.0687386 0.0156099 0.0189568 0.0684242 0.0730229 0.0144759 0.0011573 0.0179909 0.0881804 0.0696927 0.1560821 0.1007036 0.0942622 0.0112852 0.0739345 0.0699106 0.0695230 0.0699661 0.1299381 0.0942061 0.0698121 0.0666322 0.0835129 0.0000000 0.0846497 
Peramelidae_Perameles_gunnii                 0.0700446 0.0704063 0.0630060 0.0627601 0.0619414 0.0873093 0.0745978 0.0589038 0.0655811 0.0000491 0.0622094 0.0911484 0.0860589 0.0583799 0.0626757 0.0892136 0.0847926 0.0755988 0.0023760 0.0597547 0.1385053 0.1006424 0.0914919 0.0869555 0.0608660 0.0623291 0.0623564 0.0582451 0.1210084 0.0901883 0.0678984 0.0583517 0.0016654 0.0846497 0.0000000 
