37
Burramyidae_Burramys_parvus                  0.0000000 0.0985144 0.0823295 0.0934597 0.0972483 0.1517514 0.0814137 0.0939352 0.0969170 0.1421293 0.0718875 0.1555881 0.1573932 0.0724369 0.1050326 0.1596251 0.1573390 0.1650833 0.1462125 0.0880776 0.0885893 0.1337302 0.1359859 0.1591713 0.0891017 0.0973162 0.0729116 0.0965929 0.0853788 0.1167909 0.0722178 0.1336201 0.1575475 0.1405059 0.0932991 9.0000000 9.0000000 
Notoryctidae_Notoryctes_typhlops             0.0985144 0.0000000 0.0909142 0.1025630 0.1111766 0.1385732 0.0958119 0.0948058 0.1036208 0.1481665 0.0948561 0.1367246 0.1533343 0.0904307 0.1331294 0.1352691 0.1378577 0.1513966 0.1508744 0.0987548 0.1021724 0.1369065 0.1369694 0.1368876 0.1062468 0.0898938 0.0942958 0.0997731 0.0984415 0.1388960 0.0920870 0.1399780 0.1428856 0.1483303 0.1090759 0.1022060 0.1022060 
Vombatidae_Lasiorhinus_latifrons             0.0823295 0.0909142 0.0000000 0.0857576 0.0905931 0.1341264 0.0798317 0.0995849 0.0844849 0.1223633 0.0722193 0.1296025 0.1384513 0.0788232 0.1057080 0.1304723 0.1324779 0.1470661 0.1251604 0.0848754 0.0863163 0.1187040 0.1134725 0.1338371 0.0785775 0.0796184 0.0775425 0.0879248 0.0865229 0.1119421 0.0785111 0.1188077 0.1349449 0.1206709 0.0875319 0.0725923 0.0725923 
Potoroidae_Bettongia_penicillata             0.0934597 0.1025630 0.0857576 0.0000000 0.0015247 0.1466225 0.1013221 0.1109980 0.0102303 0.1411484 0.0774302 0.1554607 0.1605230 0.0912252 0.1203295 0.1570640 0.1527122 0.1726789 0.1481513 0.0239855 0.1039713 0.1328863 0.1363372 0.1530426 0.0531436 0.1116326 0.0916717 0.0234233 0.1001105 0.1360420 0.0907312 0.1393295 0.1565156 0.1408409 0.1013848 0.1216535 0.1216535 
Potoroidae_Bettongia_lesueur                 0.0972483 0.1111766 0.0905931 0.0015247 0.0000000 0.1516464 0.1056987 0.1151488 0.0132266 0.1451901 0.0831976 0.1605932 0.1657691 0.0946651 0.1259566 0.1622138 0.1578248 0.1735774 0.1533908 0.0259923 0.1074065 0.1366502 0.1404359 0.1581213 0.0572223 0.1168782 0.0940594 0.0253958 0.1035461 0.1389250 0.0941532 0.1444586 0.1606249 0.1449500 0.1017115 0.1312119 0.1312119 
Dasyuridae_Dasyurus_maculatus                0.1517514 0.1385732 0.1341264 0.1466225 0.1516464 0.0000000 0.1489202 0.1663300 0.1487842 0.1660353 0.1224852 0.0255980 0.0487522 0.1431964 0.1827716 0.0249886 0.0083757 0.0562101 0.1770196 0.1412918 0.1585127 0.1605483 0.1651442 0.0249118 0.1523401 0.1424816 0.1451105 0.1420891 0.1579096 0.1905623 0.1390026 0.1689147 0.0044807 0.1679256 0.1492338 0.0728368 0.0728368 
Phalangeridae_Trichosurus_vulpecula          0.0814137 0.0958119 0.0798317 0.1013221 0.1056987 0.1489202 0.0000000 0.0440104 0.0985705 0.1316773 0.0265671 0.1437232 0.1531155 0.0315632 0.1080482 0.1454645 0.1480434 0.1516057 0.1358891 0.0936893 0.0935589 0.1261675 0.1304854 0.1464742 0.0931401 0.0949904 0.0787675 0.0996334 0.0890079 0.1184924 0.0322331 0.1253787 0.1514054 0.1315942 0.0928299 0.0905236 0.0905236 
Phalangeridae_Spilocuscus_maculatus          0.0939352 0.0948058 0.0995849 0.1109980 0.1151488 0.1663300 0.0440104 0.0000000 0.1100180 0.1623715 0.0025977 0.1602065 0.1741275 0.0158916 0.1281491 0.1603863 0.1655418 0.1746125 0.1597660 0.1047281 0.1059785 0.1492287 0.1466477 0.1683433 0.1061018 0.1138788 0.0938650 0.1082391 0.0986167 0.1345624 0.0173174 0.1548932 0.1706817 0.1629258 0.1227275 0.0994529 0.0994529 
Potoroidae_Aepyprymnus_rufescens             0.0969170 0.1036208 0.0844849 0.0102303 0.0132266 0.1487842 0.0985705 0.1100180 0.0000000 0.1467295 0.0784914 0.1564739 0.1635074 0.0895333 0.1226781 0.1582328 0.1545061 0.1766583 0.1534079 0.0228533 0.1043131 0.1400348 0.1419169 0.1558163 0.0530383 0.1184557 0.0893059 0.0235542 0.0995502 0.1327886 0.0881609 0.1431812 0.1585947 0.1463994 0.0976589 0.1298940 0.1298940 
Peramelidae_Perameles_nasuta                 0.1421293 0.1481665 0.1223633 0.1411484 0.1451901 0.1660353 0.1316773 0.1623715 0.1467295 0.0000000 0.1476627 0.1692556 0.1796435 0.1385209 0.1645747 0.1694158 0.1704725 0.1762389 0.0254845 0.1353170 0.1396092 0.1594757 0.1637114 0.1697665 0.1424037 0.1261924 0.1321170 0.1393290 0.1454279 0.1528268 0.1370527 0.0248583 0.1701034 0.0003442 0.1129736 0.0724971 0.0724971 
Phalangeridae_Strigocuscus_pelengensis       0.0718875 0.0948561 0.0722193 0.0774302 0.0831976 0.1224852 0.0265671 0.0025977 0.0784914 0.1476627 0.0000000 0.1187426 0.1241295 0.0030020 0.1177056 0.1213379 0.1271218 0.1242158 0.1445146 0.0745341 0.0857842 0.1329955 0.1366217 0.1255270 0.0713657 0.0884533 0.0639336 0.0745473 0.0792670 0.1015827 0.0029727 0.1378352 0.1296453 0.1453642 0.0765843 0.0768692 0.0768692 
Dasyuridae_Phascogale_tapoatafa              0.1555881 0.1367246 0.1296025 0.1554607 0.1605932 0.0255980 0.1437232 0.1602065 0.1564739 0.1692556 0.1187426 0.0000000 0.0470610 0.1382187 0.1812171 0.0022364 0.0230732 0.0530377 0.1780648 0.1457157 0.1542784 0.1607538 0.1639732 0.0153443 0.1524545 0.1379558 0.1401322 0.1490948 0.1521592 0.1804942 0.1355691 0.1719481 0.0269083 0.1700605 0.1498197 0.0551071 0.0551071 
Dasyuridae_Sminthopsis_macroura              0.1573932 0.1533343 0.1384513 0.1605230 0.1657691 0.0487522 0.1531155 0.1741275 0.1635074 0.1796435 0.1241295 0.0470610 0.0000000 0.1480709 0.1852304 0.0478570 0.0473539 0.0420556 0.1921289 0.1583350 0.1698846 0.1773896 0.1814671 0.0483811 0.1508745 0.1484907 0.1528827 0.1608723 0.1657087 0.1969693 0.1444689 0.1837871 0.0494771 0.1806963 0.1648098 0.0421125 0.0421125 
Phalangeridae_Phalanger_orientalis           0.0724369 0.0904307 0.0788232 0.0912252 0.0946651 0.1431964 0.0315632 0.0158916 0.0895333 0.1385209 0.0030020 0.1382187 0.1480709 0.0000000 0.1047567 0.1399309 0.1432746 0.1499049 0.1396889 0.0881344 0.0894649 0.1277528 0.1308006 0.1450994 0.0873784 0.0966324 0.0731854 0.0896132 0.0830737 0.1156497 0.0013102 0.1315421 0.1474387 0.1385340 0.0928426 0.0911821 0.0911821 
Acrobatidae_Acrobates_pygmaeus               0.1050326 0.1331294 0.1057080 0.1203295 0.1259566 0.1827716 0.1080482 0.1281491 0.1226781 0.1645747 0.1177056 0.1812171 0.1852304 0.1047567 0.0000000 0.1815267 0.1887745 0.2032624 0.1695951 0.1121262 0.0977593 0.1613558 0.1625190 0.1746988 0.1254048 0.1261409 0.0887653 0.1199364 0.0932176 0.1267986 0.1038242 0.1583173 0.1895029 0.1633933 0.0864935 0.0816399 0.0816399 
Dasyuridae_Phascogale_calura                 0.1596251 0.1352691 0.1304723 0.1570640 0.1622138 0.0249886 0.1454645 0.1603863 0.1582328 0.1694158 0.1213379 0.0022364 0.0478570 0.1399309 0.1815267 0.0000000 0.0224633 0.0538413 0.1782351 0.1472941 0.1576883 0.1642693 0.1656920 0.0140488 0.1542047 0.1396575 0.1434671 0.1506809 0.1571150 0.1810984 0.1366027 0.1721132 0.0262983 0.1702241 0.1515251 0.0624011 0.0624011 
Dasyuridae_Sarcophilus_harrisii              0.1573390 0.1378577 0.1324779 0.1527122 0.1578248 0.0083757 0.1480434 0.1655418 0.1545061 0.1704725 0.1271218 0.0230732 0.0473539 0.1432746 0.1887745 0.0224633 0.0000000 0.0530332 0.1816397 0.1472964 0.1599930 0.1615574 0.1656982 0.0223916 0.1532712 0.1417972 0.1475774 0.1466302 0.1604068 0.1904662 0.1390773 0.1743324 0.0108976 0.1724810 0.1514520 0.0729188 0.0729188 
Dasyuridae_Planigale_tenuirostris            0.1650833 0.1513966 0.1470661 0.1726789 0.1735774 0.0562101 0.1516057 0.1746125 0.1766583 0.1762389 0.1242158 0.0530377 0.0420556 0.1499049 0.2032624 0.0538413 0.0530332 0.0000000 0.1936684 0.1638868 0.1731556 0.1800955 0.1755755 0.0504398 0.1698772 0.1527962 0.1684495 0.1708753 0.1734126 0.2103856 0.1476081 0.1858276 0.0554287 0.1821935 0.1772414 0.0367155 0.0367155 
Peramelidae_Echymipera_kalubu                0.1462125 0.1508744 0.1251604 0.1481513 0.1533908 0.1770196 0.1358891 0.1597660 0.1534079 0.0254845 0.1445146 0.1780648 0.1921289 0.1396889 0.1695951 0.1782351 0.1816397 0.1936684 0.0000000 0.1369794 0.1445302 0.1637491 0.1634839 0.1788759 0.1522274 0.1269754 0.1406045 0.1430273 0.1478382 0.1618641 0.1373519 0.0235953 0.1828345 0.0272047 0.1218060 0.0724971 0.0724971 
Macropodidae_Dorcopsulus_vanheurni           0.0880776 0.0987548 0.0848754 0.0239855 0.0259923 0.1412918 0.0936893 0.1047281 0.0228533 0.1353170 0.0745341 0.1457157 0.1583350 0.0881344 0.1121262 0.1472941 0.1472964 0.1638868 0.1369794 0.0000000 0.0973263 0.1309097 0.1308646 0.1450977 0.0476766 0.1064630 0.0843459 0.0049136 0.0934443 0.1250717 0.0861559 0.1314728 0.1492863 0.1337700 0.0900885 0.1298940 0.1298940 
Pseudochiridae_Pseudochirulus_forbesi        0.0885893 0.1021724 0.0863163 0.1039713 0.1074065 0.1585127 0.0935589 0.1059785 0.1043131 0.1396092 0.0857842 0.1542784 0.1698846 0.0894649 0.0977593 0.1576883 0.1599930 0.1731556 0.1445302 0.0973263 0.0000000 0.1369270 0.1294719 0.1560756 0.1029756 0.1029111 0.0383356 0.0989305 0.0188961 0.0949293 0.0891181 0.1293816 0.1647283 0.1373828 0.0851232 0.0906050 0.0906050 
Didelphidae_Didelphis_virginiana             0.1337302 0.1369065 0.1187040 0.1328863 0.1366502 0.1605483 0.1261675 0.1492287 0.1400348 0.1594757 0.1329955 0.1607538 0.1773896 0.1277528 0.1613558 0.1642693 0.1615574 0.1800955 0.1637491 0.1309097 0.1369270 0.0000000 0.0430608 0.1660817 0.1418052 0.1171680 0.1207484 0.1372738 0.1309477 0.1594781 0.1295759 0.1590144 0.1640858 0.1618763 0.1315135 0.1085706 0.1085706 
Marmosidae_Monodelphis_domestica             0.1359859 0.1369694 0.1134725 0.1363372 0.1404359 0.1651442 0.1304854 0.1466477 0.1419169 0.1637114 0.1366217 0.1639732 0.1814671 0.1308006 0.1625190 0.1656920 0.1656982 0.1755755 0.1634839 0.1308646 0.1294719 0.0430608 0.0000000 0.1675296 0.1447208 0.1207482 0.1213844 0.1339276 0.1287453 0.1566744 0.1303293 0.1597838 0.1697320 0.1622560 0.1333584 0.1503179 0.1503179 
Dasyuridae_Antechinus_stuartii               0.1591713 0.1368876 0.1338371 0.1530426 0.1581213 0.0249118 0.1464742 0.1683433 0.1558163 0.1697665 0.1255270 0.0153443 0.0483811 0.1450994 0.1746988 0.0140488 0.0223916 0.0504398 0.1788759 0.1450977 0.1560756 0.1660817 0.1675296 0.0000000 0.1536243 0.1401710 0.1453038 0.1467160 0.1573196 0.1832649 0.1409261 0.1706754 0.0274933 0.1698492 0.1462169 0.0677138 0.0677138 
Hypsiprymnodontidae_Hypsiprymnodon_moschatus 0.0891017 0.1062468 0.0785775 0.0531436 0.0572223 0.1523401 0.0931401 0.1061018 0.0530383 0.1424037 0.0713657 0.1524545 0.1508745 0.0873784 0.1254048 0.1542047 0.1532712 0.1698772 0.1522274 0.0476766 0.1029756 0.1418052 0.1447208 0.1536243 0.0000000 0.1068382 0.0897543 0.0490575 0.0972486 0.1208680 0.0854010 0.1465767 0.1581486 0.1427421 0.0896423 0.0836681 0.0836681 
Microbiotheriidae_Dromiciops_gliroides       0.0973162 0.0898938 0.0796184 0.1116326 0.1168782 0.1424816 0.0949904 0.1138788 0.1184557 0.1261924 0.0884533 0.1379558 0.1484907 0.0966324 0.1261409 0.1396575 0.1417972 0.1527962 0.1269754 0.1064630 0.1029111 0.1171680 0.1207482 0.1401710 0.1068382 0.0000000 0.0903787 0.1100075 0.1006476 0.1301636 0.0963115 0.1224394 0.1459412 0.1264639 0.1009670 0.0752394 0.0752394 
Pseudochiridae_Petauroides_volans            0.0729116 0.0942958 0.0775425 0.0916717 0.0940594 0.1451105 0.0787675 0.0938650 0.0893059 0.1321170 0.0639336 0.1401322 0.1528827 0.0731854 0.0887653 0.1434671 0.1475774 0.1684495 0.1406045 0.0843459 0.0383356 0.1207484 0.1213844 0.1453038 0.0897543 0.0903787 0.0000000 0.0859958 0.0339921 0.0855050 0.0729961 0.1293229 0.1511933 0.1302697 0.0764761 0.0757319 0.0757319 
Macropodidae_Wallabia_bicolor                0.0965929 0.0997731 0.0879248 0.0234233 0.0253958 0.1420891 0.0996334 0.1082391 0.0235542 0.1393290 0.0745473 0.1490948 0.1608723 0.0896132 0.1199364 0.1506809 0.1466302 0.1708753 0.1430273 0.0049136 0.0989305 0.1372738 0.1339276 0.1467160 0.0490575 0.1100075 0.0859958 0.0000000 0.0949895 0.1299107 0.0876241 0.1364981 0.1490808 0.1380559 0.0934481 0.1204529 0.1204529 
Pseudochiridae_Pseudocheirus_occidentalis    0.0853788 0.0984415 0.0865229 0.1001105 0.1035461 0.1579096 0.0890079 0.0986167 0.0995502 0.1454279 0.0792670 0.1521592 0.1657087 0.0830737 0.0932176 0.1571150 0.1604068 0.1734126 0.1478382 0.0934443 0.0188961 0.1309477 0.1287453 0.1573196 0.0972486 0.1006476 0.0339921 0.0949895 0.0000000 0.0970737 0.0828000 0.1344772 0.1641295 0.1427341 0.0870102 0.0871867 0.0871867 
Tarsipedidae_Tarsipes_rostratus              0.1167909 0.1388960 0.1119421 0.1360420 0.1389250 0.1905623 0.1184924 0.1345624 0.1327886 0.1528268 0.1015827 0.1804942 0.1969693 0.1156497 0.1267986 0.1810984 0.1904662 0.2103856 0.1618641 0.1250717 0.0949293 0.1594781 0.1566744 0.1832649 0.1208680 0.1301636 0.0855050 0.1299107 0.0970737 0.0000000 0.1137383 0.1542952 0.1918160 0.1515654 0.1116627 0.0995883 0.0995883 
Phalangeridae_Phalanger_carmelitae           0.0722178 0.0920870 0.0785111 0.0907312 0.0941532 0.1390026 0.0322331 0.0173174 0.0881609 0.1370527 0.0029727 0.1355691 0.1444689 0.0013102 0.1038242 0.1366027 0.1390773 0.1476081 0.1373519 0.0861559 0.0891181 0.1295759 0.1303293 0.1409261 0.0854010 0.0963115 0.0729961 0.0876241 0.0828000 0.1137383 0.0000000 0.1277080 0.1432887 0.1371200 0.0884506 0.0899792 0.0899792 
Peramelidae_Peroryctes_raffrayana            0.1336201 0.1399780 0.1188077 0.1393295 0.1444586 0.1689147 0.1253787 0.1548932 0.1431812 0.0248583 0.1378352 0.1719481 0.1837871 0.1315421 0.1583173 0.1721132 0.1743324 0.1858276 0.0235953 0.1314728 0.1293816 0.1590144 0.1597838 0.1706754 0.1465767 0.1224394 0.1293229 0.1364981 0.1344772 0.1542952 0.1277080 0.0000000 0.1755672 0.0236578 0.1153446 0.0744687 0.0744687 
Dasyuridae_Dasyurus_geffroii                 0.1575475 0.1428856 0.1349449 0.1565156 0.1606249 0.0044807 0.1514054 0.1706817 0.1585947 0.1701034 0.1296453 0.0269083 0.0494771 0.1474387 0.1895029 0.0262983 0.0108976 0.0554287 0.1828345 0.1492863 0.1647283 0.1640858 0.1697320 0.0274933 0.1581486 0.1459412 0.1511933 0.1490808 0.1641295 0.1918160 0.1432887 0.1755672 0.0000000 0.1727898 0.1567637 0.0814671 0.0814671 
Peramelidae_Perameles_gunnii                 0.1405059 0.1483303 0.1206709 0.1408409 0.1449500 0.1679256 0.1315942 0.1629258 0.1463994 0.0003442 0.1453642 0.1700605 0.1806963 0.1385340 0.1633933 0.1702241 0.1724810 0.1821935 0.0272047 0.1337700 0.1373828 0.1618763 0.1622560 0.1698492 0.1427421 0.1264639 0.1302697 0.1380559 0.1427341 0.1515654 0.1371200 0.0236578 0.1727898 0.0000000 0.1196166 0.0660603 0.0660603 
Acrobatidae_Distoechurus_pennatus            0.0932991 0.1090759 0.0875319 0.1013848 0.1017115 0.1492338 0.0928299 0.1227275 0.0976589 0.1129736 0.0765843 0.1498197 0.1648098 0.0928426 0.0864935 0.1515251 0.1514520 0.1772414 0.1218060 0.0900885 0.0851232 0.1315135 0.1333584 0.1462169 0.0896423 0.1009670 0.0764761 0.0934481 0.0870102 0.1116627 0.0884506 0.1153446 0.1567637 0.1196166 0.0000000 0.1240913 0.1240913 
Myrmecobiidae_Myrmecobius_fasciatus1         9.0000000 0.1022060 0.0725923 0.1216535 0.1312119 0.0728368 0.0905236 0.0994529 0.1298940 0.0724971 0.0768692 0.0551071 0.0421125 0.0911821 0.0816399 0.0624011 0.0729188 0.0367155 0.0724971 0.1298940 0.0906050 0.1085706 0.1503179 0.0677138 0.0836681 0.0752394 0.0757319 0.1204529 0.0871867 0.0995883 0.0899792 0.0744687 0.0814671 0.0660603 0.1240913 0.0000000 0.0000010 
Myrmecobiidae_Myrmecobius_fasciatus2         9.0000000 0.1022060 0.0725923 0.1216535 0.1312119 0.0728368 0.0905236 0.0994529 0.1298940 0.0724971 0.0768692 0.0551071 0.0421125 0.0911821 0.0816399 0.0624011 0.0729188 0.0367155 0.0724971 0.1298940 0.0906050 0.1085706 0.1503179 0.0677138 0.0836681 0.0752394 0.0757319 0.1204529 0.0871867 0.0995883 0.0899792 0.0744687 0.0814671 0.0660603 0.1240913 0.0000010 0.0000000 
