166
I0185_86_Accipitridae_Buteo_jamaicensis                   0.0000000 0.0362926 0.0366918 0.0405435 0.0362102 0.0438898 0.0279957 0.0341633 0.0430222 0.0452840 0.0281662 0.0397282 0.0414167 0.0419864 0.0159418 0.0376899 0.0213284 0.0367521 0.0261847 0.0219092 0.0237075 0.0205806 0.0342172 0.0246711 0.0480319 0.0498709 0.0230481 0.0368008 0.0386045 0.0370858 0.0384423 0.0337489 0.0482457 0.0390562 0.0506240 0.0376674 0.0382835 0.0363371 0.0554680 0.0634064 0.0548144 0.0331751 0.0293623 0.0387483 0.0368546 0.0235308 0.0372825 0.0351209 0.0385130 0.0342097 0.0293495 0.0241307 0.0372315 0.0364094 0.0244914 0.0245381 0.0587337 0.0366621 0.0455869 0.0239066 0.0277231 0.0494634 0.0454171 0.0306029 0.0467490 0.0500136 0.0384219 0.0376287 0.0281911 0.0247756 0.0365012 0.0264187 0.0065396 0.0255868 0.0364609 0.0376001 0.0402219 0.0219052 0.0185299 0.0405665 0.0351507 0.0353571 0.0283427 0.0205585 0.0301002 0.0439371 0.0438783 0.0220127 0.0459478 0.0186880 0.0213849 0.0307050 0.0425539 0.0325123 0.0260873 0.0227028 0.0280432 0.0367682 0.0562142 0.0258026 0.0394796 0.0548333 0.0238517 0.0411054 0.0379144 0.0446105 0.0496009 0.0350480 0.0153378 0.0209202 0.0398336 0.0332317 0.0329389 0.0219824 0.0564079 0.0278924 0.0312226 0.0198831 0.0336299 0.0484539 0.0279342 0.0443554 0.0297360 0.0233431 0.0196163 0.0355967 0.0283849 0.0580949 0.0277676 0.0219937 0.0433968 0.0545361 0.0351524 0.0361837 0.0196558 0.0239865 0.0255748 0.0238184 0.0255565 0.0330807 0.0358709 0.0290846 0.0363828 0.0415689 0.0372755 0.0261074 0.0247733 0.0331473 0.0279336 0.0418642 0.0389777 0.0529014 0.0210069 0.0152454 0.0233608 0.0507939 0.0234809 0.0483266 0.0454573 0.0393246 0.0381990 0.1032900 0.1043370 0.0393854 0.0469091 0.0448866 
I0186_111_Momotidae_Momotus_lessonii                      0.0362926 0.0000000 0.0483490 0.0520513 0.0472944 0.0519302 0.0390923 0.0429009 0.0435629 0.0534612 0.0396492 0.0515947 0.0513926 0.0474417 0.0288525 0.0503567 0.0343473 0.0497213 0.0392603 0.0339706 0.0367841 0.0343206 0.0428005 0.0370635 0.0582926 0.0614105 0.0368579 0.0489540 0.0501039 0.0500828 0.0503670 0.0426312 0.0605852 0.0499006 0.0608727 0.0502033 0.0499012 0.0488107 0.0656284 0.0729455 0.0631448 0.0360710 0.0411458 0.0492274 0.0488819 0.0358540 0.0493187 0.0475901 0.0495791 0.0426527 0.0428276 0.0370580 0.0498863 0.0493068 0.0380770 0.0383027 0.0691562 0.0486879 0.0572439 0.0362769 0.0417721 0.0598504 0.0572049 0.0434590 0.0550585 0.0642010 0.0501256 0.0503994 0.0396729 0.0385878 0.0482456 0.0348593 0.0364744 0.0377931 0.0486613 0.0373294 0.0504914 0.0350908 0.0322822 0.0514267 0.0461269 0.0481736 0.0401722 0.0335649 0.0360984 0.0554618 0.0521898 0.0360836 0.0579141 0.0358515 0.0351260 0.0438751 0.0514714 0.0449677 0.0382229 0.0348178 0.0417593 0.0491081 0.0663961 0.0387411 0.0519320 0.0650114 0.0373734 0.0525738 0.0476043 0.0548846 0.0639788 0.0466946 0.0373430 0.0349973 0.0509728 0.0464420 0.0448777 0.0346940 0.0661066 0.0406673 0.0431465 0.0336296 0.0450145 0.0574857 0.0419411 0.0555111 0.0423876 0.0360418 0.0331588 0.0455283 0.0416609 0.0639077 0.0408426 0.0352100 0.0543055 0.0666749 0.0476399 0.0486027 0.0325140 0.0373203 0.0380232 0.0370039 0.0383882 0.0452346 0.0470909 0.0413983 0.0461029 0.0510356 0.0496322 0.0383016 0.0368764 0.0427188 0.0395758 0.0536304 0.0516078 0.0634248 0.0343805 0.0352082 0.0369233 0.0638708 0.0369382 0.0596066 0.0576114 0.0513418 0.0496673 0.1153204 0.1155252 0.0523457 0.0591489 0.0568569 
I0187_115_Trogonidae_Trogon_elegans                       0.0366918 0.0483490 0.0000000 0.0528687 0.0141280 0.0537181 0.0404358 0.0440303 0.0530913 0.0563442 0.0407549 0.0512189 0.0511019 0.0508098 0.0304305 0.0482790 0.0359614 0.0485912 0.0406606 0.0363517 0.0375458 0.0357271 0.0435627 0.0384299 0.0559288 0.0584967 0.0367968 0.0485110 0.0500563 0.0494111 0.0506991 0.0432985 0.0579306 0.0506905 0.0599445 0.0494297 0.0496691 0.0479708 0.0693947 0.0762423 0.0637171 0.0457366 0.0419071 0.0512132 0.0482729 0.0373719 0.0492195 0.0466909 0.0509976 0.0434593 0.0434438 0.0388501 0.0485619 0.0502858 0.0384101 0.0377781 0.0668079 0.0483345 0.0567564 0.0378167 0.0410078 0.0592909 0.0561217 0.0441237 0.0564754 0.0636918 0.0506930 0.0495851 0.0407284 0.0391886 0.0482713 0.0347283 0.0371545 0.0393208 0.0484610 0.0476225 0.0520966 0.0363562 0.0341731 0.0515280 0.0478761 0.0482891 0.0408629 0.0345207 0.0421933 0.0546907 0.0548746 0.0358404 0.0574478 0.0372666 0.0362368 0.0425186 0.0523077 0.0443018 0.0392986 0.0368381 0.0420088 0.0495603 0.0640144 0.0394481 0.0510701 0.0629659 0.0372226 0.0529537 0.0503907 0.0532018 0.0637619 0.0478545 0.0383477 0.0351409 0.0519603 0.0453153 0.0455649 0.0368127 0.0671225 0.0418007 0.0434267 0.0337762 0.0464759 0.0587902 0.0418384 0.0553040 0.0427963 0.0378009 0.0337080 0.0465325 0.0433427 0.0671391 0.0413721 0.0366105 0.0542299 0.0674470 0.0469221 0.0481271 0.0337357 0.0383887 0.0394886 0.0381041 0.0395664 0.0457408 0.0489454 0.0413865 0.0466221 0.0511053 0.0483925 0.0399248 0.0382765 0.0441360 0.0408313 0.0543111 0.0493245 0.0623569 0.0353749 0.0366255 0.0373858 0.0640886 0.0376929 0.0564436 0.0556424 0.0509099 0.0507262 0.1188792 0.1178237 0.0500052 0.0571187 0.0547601 
I0189_225_Eurylaimidae_Smithornis_rufolateralis           0.0405435 0.0520513 0.0528687 0.0000000 0.0521713 0.0571564 0.0443223 0.0477401 0.0574319 0.0595897 0.0450577 0.0354708 0.0570178 0.0585755 0.0332456 0.0317441 0.0384712 0.0309767 0.0436999 0.0379755 0.0399487 0.0381545 0.0472730 0.0426350 0.0418593 0.0440991 0.0393227 0.0302260 0.0318451 0.0524597 0.0536063 0.0466623 0.0417771 0.0320997 0.0644665 0.0313923 0.0323810 0.0296341 0.0704106 0.0778214 0.0687446 0.0504014 0.0446010 0.0318112 0.0302476 0.0412152 0.0504147 0.0287759 0.0327201 0.0467482 0.0461237 0.0420354 0.0316549 0.0516139 0.0412057 0.0415924 0.0721820 0.0306379 0.0604784 0.0406341 0.0436387 0.0651848 0.0601747 0.0462225 0.0599650 0.0671634 0.0322561 0.0309920 0.0434720 0.0414095 0.0307312 0.0391981 0.0407770 0.0427817 0.0494656 0.0536330 0.0558672 0.0386307 0.0371479 0.0543010 0.0507060 0.0498268 0.0447107 0.0392000 0.0448607 0.0592840 0.0572349 0.0390251 0.0610346 0.0408649 0.0390126 0.0451820 0.0544770 0.0469438 0.0433842 0.0400355 0.0455262 0.0500978 0.0682805 0.0426881 0.0564125 0.0685848 0.0404842 0.0344124 0.0527619 0.0386879 0.0668596 0.0482703 0.0418955 0.0381422 0.0244623 0.0483034 0.0469829 0.0388251 0.0729301 0.0444595 0.0456296 0.0384440 0.0500781 0.0615983 0.0434284 0.0283777 0.0453554 0.0402681 0.0379174 0.0491364 0.0464342 0.0684684 0.0436182 0.0394645 0.0587402 0.0702964 0.0320092 0.0301564 0.0365541 0.0409690 0.0431058 0.0416291 0.0421396 0.0483227 0.0497563 0.0450898 0.0496449 0.0333565 0.0310844 0.0428108 0.0414891 0.0463453 0.0444900 0.0259222 0.0355363 0.0661110 0.0390028 0.0402096 0.0409315 0.0657226 0.0418692 0.0415174 0.0393702 0.0340511 0.0194814 0.1174633 0.1175658 0.0356102 0.0415547 0.0395746 
I0190_295_Trogonidae_Apaloderma_aequatoriale              0.0362102 0.0472944 0.0141280 0.0521713 0.0000000 0.0530299 0.0402673 0.0430420 0.0522342 0.0555813 0.0409314 0.0508020 0.0506369 0.0508294 0.0295621 0.0479050 0.0347425 0.0479200 0.0399838 0.0361161 0.0369381 0.0352520 0.0427200 0.0385306 0.0549795 0.0578846 0.0367729 0.0478486 0.0496319 0.0496187 0.0506635 0.0425304 0.0572601 0.0500732 0.0599657 0.0491496 0.0493182 0.0468853 0.0683183 0.0743191 0.0644464 0.0447379 0.0414456 0.0505198 0.0479291 0.0366000 0.0492996 0.0457787 0.0504956 0.0429966 0.0429818 0.0376428 0.0477912 0.0500618 0.0379905 0.0377300 0.0660394 0.0478814 0.0561290 0.0367298 0.0404865 0.0588695 0.0565921 0.0432459 0.0552287 0.0639575 0.0503612 0.0494829 0.0394185 0.0387939 0.0477583 0.0342898 0.0368860 0.0388759 0.0480902 0.0459666 0.0513445 0.0358379 0.0336795 0.0511905 0.0477392 0.0478012 0.0398828 0.0342697 0.0417566 0.0550747 0.0542354 0.0350411 0.0569628 0.0359466 0.0352984 0.0420493 0.0518779 0.0434310 0.0381833 0.0367193 0.0407979 0.0492219 0.0643261 0.0385593 0.0516059 0.0631516 0.0370585 0.0521715 0.0502433 0.0532504 0.0633920 0.0467246 0.0377912 0.0349711 0.0513608 0.0457025 0.0453755 0.0361469 0.0666864 0.0414097 0.0428130 0.0338111 0.0459152 0.0577281 0.0414424 0.0546481 0.0425125 0.0371536 0.0334616 0.0463633 0.0430435 0.0657433 0.0406080 0.0361160 0.0531426 0.0681695 0.0463869 0.0475110 0.0331658 0.0377224 0.0383302 0.0374673 0.0390395 0.0452644 0.0476709 0.0410707 0.0465619 0.0506263 0.0477226 0.0393394 0.0374724 0.0433866 0.0399638 0.0533341 0.0495007 0.0625120 0.0350510 0.0358983 0.0368974 0.0641784 0.0371002 0.0558900 0.0553617 0.0503057 0.0501410 0.1181818 0.1170178 0.0499976 0.0563088 0.0543376 
I0191_344_Indicatoridae_Indicator_exilis                  0.0438898 0.0519302 0.0537181 0.0571564 0.0530299 0.0000000 0.0472225 0.0514173 0.0566276 0.0303837 0.0471460 0.0551963 0.0589732 0.0538124 0.0368127 0.0533662 0.0421409 0.0534721 0.0469362 0.0430380 0.0440578 0.0414504 0.0499905 0.0454437 0.0612548 0.0638578 0.0439802 0.0536912 0.0550609 0.0547964 0.0556012 0.0503971 0.0622761 0.0553114 0.0677826 0.0548997 0.0551468 0.0528009 0.0739707 0.0798334 0.0661785 0.0509648 0.0487151 0.0545603 0.0530830 0.0438095 0.0551372 0.0518114 0.0554317 0.0505504 0.0493996 0.0448677 0.0527730 0.0546003 0.0460345 0.0446954 0.0745218 0.0531539 0.0619561 0.0448806 0.0471825 0.0662340 0.0619241 0.0483435 0.0211114 0.0703485 0.0546371 0.0551873 0.0475446 0.0465333 0.0533145 0.0376622 0.0437952 0.0451406 0.0544332 0.0536423 0.0513338 0.0430533 0.0406315 0.0570588 0.0537149 0.0542183 0.0479494 0.0415513 0.0449668 0.0602867 0.0295720 0.0426347 0.0621182 0.0428514 0.0430800 0.0494060 0.0584361 0.0503444 0.0458574 0.0435920 0.0476053 0.0548914 0.0706839 0.0469470 0.0595485 0.0700155 0.0438831 0.0570265 0.0569781 0.0585054 0.0700389 0.0528876 0.0447586 0.0419771 0.0564761 0.0516527 0.0502742 0.0430593 0.0688622 0.0477974 0.0494483 0.0408003 0.0532738 0.0332916 0.0477807 0.0595841 0.0472958 0.0437208 0.0404464 0.0515863 0.0497972 0.0704676 0.0471993 0.0438466 0.0608993 0.0729471 0.0529535 0.0534491 0.0411724 0.0454915 0.0455736 0.0446440 0.0457086 0.0528794 0.0541370 0.0488589 0.0520542 0.0563634 0.0525765 0.0464889 0.0451519 0.0501950 0.0485886 0.0578187 0.0549986 0.0680368 0.0429337 0.0435151 0.0436598 0.0692464 0.0443796 0.0600989 0.0594425 0.0551109 0.0548411 0.1233067 0.1229204 0.0549267 0.0600376 0.0588057 
I0192_375_Musophagidae_Tauraco_macrorhynchus              0.0279957 0.0390923 0.0404358 0.0443223 0.0402673 0.0472225 0.0000000 0.0348576 0.0465144 0.0493072 0.0177411 0.0414103 0.0444702 0.0450122 0.0206630 0.0403592 0.0247420 0.0394355 0.0299627 0.0275635 0.0273350 0.0250925 0.0357225 0.0282828 0.0486965 0.0506434 0.0282274 0.0398447 0.0408738 0.0420373 0.0427695 0.0347781 0.0504830 0.0407972 0.0533724 0.0408533 0.0412914 0.0396558 0.0584616 0.0665273 0.0578938 0.0375123 0.0334271 0.0416090 0.0402281 0.0267008 0.0409430 0.0380050 0.0410159 0.0357612 0.0337417 0.0270552 0.0395244 0.0411735 0.0300537 0.0277450 0.0608341 0.0393747 0.0499087 0.0279767 0.0305784 0.0528001 0.0498411 0.0346952 0.0512197 0.0550769 0.0415927 0.0411300 0.0318770 0.0305464 0.0397511 0.0299825 0.0286324 0.0286344 0.0391027 0.0410869 0.0460667 0.0250407 0.0244203 0.0443282 0.0385276 0.0388523 0.0312758 0.0243052 0.0339985 0.0473438 0.0470720 0.0252456 0.0498930 0.0273390 0.0257801 0.0340450 0.0442670 0.0350098 0.0306906 0.0260313 0.0323694 0.0405017 0.0593954 0.0295380 0.0419503 0.0569795 0.0280631 0.0435704 0.0401982 0.0460047 0.0545171 0.0382989 0.0296030 0.0245876 0.0431974 0.0370928 0.0369860 0.0258768 0.0607046 0.0311996 0.0342166 0.0237162 0.0360190 0.0524977 0.0325711 0.0472717 0.0336212 0.0268976 0.0231242 0.0362351 0.0312199 0.0599945 0.0322173 0.0262764 0.0462229 0.0593143 0.0382462 0.0394832 0.0237379 0.0282681 0.0295782 0.0285173 0.0296791 0.0370432 0.0391478 0.0322835 0.0376908 0.0432247 0.0399747 0.0295628 0.0280838 0.0348063 0.0307071 0.0456394 0.0410718 0.0553449 0.0260027 0.0279314 0.0297111 0.0554990 0.0282519 0.0493226 0.0467301 0.0409625 0.0411885 0.1088832 0.1096457 0.0411631 0.0493729 0.0459593 
I0193_447_Columbidae_Treron_calvus                        0.0341633 0.0429009 0.0440303 0.0477401 0.0430420 0.0514173 0.0348576 0.0000000 0.0510601 0.0519552 0.0349295 0.0461323 0.0490829 0.0482884 0.0207667 0.0457477 0.0309079 0.0450364 0.0354673 0.0306235 0.0330646 0.0311143 0.0144155 0.0341956 0.0512010 0.0528898 0.0335733 0.0441892 0.0457669 0.0461514 0.0472682 0.0134408 0.0534851 0.0456123 0.0574567 0.0459785 0.0463797 0.0442834 0.0639038 0.0707570 0.0623773 0.0420866 0.0378499 0.0459286 0.0441075 0.0326709 0.0453068 0.0428625 0.0458143 0.0142065 0.0388855 0.0335255 0.0451083 0.0448078 0.0346517 0.0337674 0.0629401 0.0437536 0.0535786 0.0324465 0.0367941 0.0559722 0.0538452 0.0394732 0.0544729 0.0610617 0.0457551 0.0460506 0.0362656 0.0353122 0.0442086 0.0218583 0.0342814 0.0339450 0.0437995 0.0436441 0.0511723 0.0311340 0.0298395 0.0470494 0.0426165 0.0437415 0.0360866 0.0310412 0.0393130 0.0522638 0.0509986 0.0317451 0.0540119 0.0335752 0.0313812 0.0390059 0.0464783 0.0407185 0.0361168 0.0329993 0.0373813 0.0446029 0.0609413 0.0349765 0.0485018 0.0600596 0.0336104 0.0471016 0.0447522 0.0479846 0.0609170 0.0415713 0.0354668 0.0310697 0.0472693 0.0417445 0.0400675 0.0315819 0.0658606 0.0363158 0.0376980 0.0301763 0.0412443 0.0554362 0.0374355 0.0499748 0.0382145 0.0331437 0.0294586 0.0413325 0.0372840 0.0576368 0.0367241 0.0321849 0.0499348 0.0646209 0.0418291 0.0439320 0.0298138 0.0334866 0.0347287 0.0341793 0.0353092 0.0408001 0.0430198 0.0369148 0.0411785 0.0463304 0.0453182 0.0347939 0.0339374 0.0129875 0.0368374 0.0490018 0.0453027 0.0585658 0.0319323 0.0334697 0.0351320 0.0619486 0.0336081 0.0516252 0.0509145 0.0457876 0.0454381 0.1131618 0.1137094 0.0457774 0.0522450 0.0498752 
I0194_495_Alcedinidae_Alcedo_quadribrachys                0.0430222 0.0435629 0.0530913 0.0574319 0.0522342 0.0566276 0.0465144 0.0510601 0.0000000 0.0571899 0.0476500 0.0552355 0.0575013 0.0531153 0.0366991 0.0538941 0.0413782 0.0535976 0.0463840 0.0423776 0.0435752 0.0415957 0.0503351 0.0450308 0.0616665 0.0636724 0.0427201 0.0527482 0.0543492 0.0549037 0.0554767 0.0496447 0.0625459 0.0543533 0.0690420 0.0548727 0.0549685 0.0533365 0.0721714 0.0808434 0.0697074 0.0427306 0.0474926 0.0547513 0.0529733 0.0436938 0.0562382 0.0516757 0.0541091 0.0507426 0.0486174 0.0447203 0.0538188 0.0553192 0.0453523 0.0445122 0.0759979 0.0523454 0.0642918 0.0445555 0.0458549 0.0674937 0.0641498 0.0491661 0.0595265 0.0709175 0.0545061 0.0539211 0.0474831 0.0455105 0.0529272 0.0398100 0.0432783 0.0451034 0.0545240 0.0354664 0.0537130 0.0428706 0.0401190 0.0557264 0.0526989 0.0538209 0.0474397 0.0420704 0.0430059 0.0627517 0.0563385 0.0420713 0.0646286 0.0430548 0.0416600 0.0491698 0.0586541 0.0501410 0.0457189 0.0428429 0.0479229 0.0560937 0.0732870 0.0461836 0.0596380 0.0727873 0.0434023 0.0571737 0.0557117 0.0585761 0.0705907 0.0527857 0.0436035 0.0420242 0.0563225 0.0511284 0.0515623 0.0423307 0.0732119 0.0476433 0.0486547 0.0410659 0.0526360 0.0616373 0.0475887 0.0594083 0.0484730 0.0433235 0.0407316 0.0515685 0.0487794 0.0704151 0.0469584 0.0427185 0.0595076 0.0741215 0.0514648 0.0532570 0.0405657 0.0449104 0.0448319 0.0439361 0.0447940 0.0517014 0.0532968 0.0475139 0.0513436 0.0560975 0.0537969 0.0457040 0.0445525 0.0503535 0.0470235 0.0577225 0.0545026 0.0710868 0.0419101 0.0422476 0.0443571 0.0684011 0.0442529 0.0616184 0.0603463 0.0552230 0.0546233 0.1235858 0.1239732 0.0550675 0.0612731 0.0595986 
I0195_522_Ramphastidae_Buccanodon_duchaillui              0.0452840 0.0534612 0.0563442 0.0595897 0.0555813 0.0303837 0.0493072 0.0519552 0.0571899 0.0000000 0.0497486 0.0567168 0.0596819 0.0565888 0.0386130 0.0568112 0.0440376 0.0561333 0.0485852 0.0450034 0.0467923 0.0441983 0.0522322 0.0481779 0.0638600 0.0652340 0.0458319 0.0560375 0.0573213 0.0566324 0.0575238 0.0512695 0.0648016 0.0565549 0.0686914 0.0571567 0.0569555 0.0555198 0.0744588 0.0786410 0.0709660 0.0518713 0.0503769 0.0570124 0.0560590 0.0458424 0.0571627 0.0543935 0.0570551 0.0524354 0.0511773 0.0463512 0.0561885 0.0574956 0.0481236 0.0471786 0.0770700 0.0549246 0.0636698 0.0468844 0.0494314 0.0668519 0.0638869 0.0496923 0.0331618 0.0705561 0.0570865 0.0571957 0.0500722 0.0486815 0.0555657 0.0392229 0.0460830 0.0466094 0.0562709 0.0548731 0.0524954 0.0446041 0.0428354 0.0584045 0.0551549 0.0563480 0.0508293 0.0437718 0.0468672 0.0625299 0.0180168 0.0453695 0.0638797 0.0454629 0.0436690 0.0511892 0.0598122 0.0519236 0.0475351 0.0459676 0.0501714 0.0566079 0.0737756 0.0491315 0.0610062 0.0728372 0.0458183 0.0600082 0.0586970 0.0607479 0.0702172 0.0551975 0.0461634 0.0433578 0.0587591 0.0534172 0.0526299 0.0445442 0.0736878 0.0494601 0.0511820 0.0425740 0.0541338 0.0250104 0.0501607 0.0621017 0.0497934 0.0456645 0.0425066 0.0536135 0.0522240 0.0716433 0.0490575 0.0444940 0.0622433 0.0741251 0.0541664 0.0554503 0.0426176 0.0469299 0.0474872 0.0464000 0.0479693 0.0542519 0.0550535 0.0507162 0.0540714 0.0579832 0.0560477 0.0485758 0.0471764 0.0520033 0.0502424 0.0598220 0.0570345 0.0711942 0.0451288 0.0448796 0.0449700 0.0702937 0.0463047 0.0630532 0.0612442 0.0561259 0.0568525 0.1249399 0.1244647 0.0574168 0.0624166 0.0604128 
I0196_523_Musophagidae_Corythaeola_cristata               0.0281662 0.0396492 0.0407549 0.0450577 0.0409314 0.0471460 0.0177411 0.0349295 0.0476500 0.0497486 0.0000000 0.0431710 0.0458454 0.0451467 0.0213281 0.0411102 0.0254981 0.0405387 0.0315215 0.0276648 0.0286627 0.0265019 0.0355732 0.0293728 0.0499264 0.0516074 0.0289711 0.0409737 0.0419238 0.0424904 0.0429215 0.0344392 0.0513566 0.0415097 0.0548869 0.0418813 0.0424557 0.0407639 0.0599675 0.0664355 0.0582049 0.0380921 0.0339694 0.0419677 0.0406891 0.0285206 0.0411686 0.0392480 0.0416712 0.0355563 0.0344375 0.0289646 0.0407815 0.0417023 0.0304509 0.0291271 0.0612104 0.0403992 0.0507662 0.0285785 0.0319336 0.0543060 0.0505066 0.0350968 0.0503748 0.0551613 0.0419802 0.0421860 0.0317503 0.0307694 0.0407563 0.0300236 0.0285705 0.0299360 0.0400023 0.0422316 0.0471661 0.0261419 0.0253862 0.0445622 0.0396878 0.0386941 0.0321132 0.0250675 0.0349337 0.0483505 0.0482405 0.0268861 0.0511563 0.0285754 0.0268085 0.0346834 0.0443107 0.0357046 0.0319404 0.0273932 0.0325525 0.0405918 0.0596825 0.0303978 0.0434062 0.0573084 0.0283923 0.0440254 0.0408687 0.0463231 0.0544735 0.0390204 0.0304859 0.0255568 0.0441244 0.0383629 0.0364744 0.0274339 0.0610279 0.0324120 0.0346754 0.0243939 0.0371367 0.0523113 0.0334534 0.0478924 0.0343209 0.0275399 0.0238035 0.0376225 0.0326472 0.0591723 0.0322190 0.0276274 0.0463628 0.0596197 0.0388954 0.0402585 0.0245495 0.0288693 0.0304470 0.0290753 0.0312979 0.0372612 0.0387761 0.0338273 0.0383431 0.0435374 0.0409133 0.0307518 0.0285119 0.0343765 0.0314250 0.0458009 0.0421296 0.0562269 0.0267522 0.0283570 0.0302480 0.0561845 0.0288313 0.0509835 0.0482033 0.0422816 0.0418129 0.1112875 0.1112103 0.0424304 0.0500075 0.0474431 
I0197_832_Corvidae_Corvus_albus                           0.0397282 0.0515947 0.0512189 0.0354708 0.0508020 0.0551963 0.0414103 0.0461323 0.0552355 0.0567168 0.0431710 0.0000000 0.0553542 0.0553416 0.0323782 0.0320715 0.0370006 0.0317599 0.0413266 0.0379699 0.0389654 0.0373934 0.0463753 0.0402384 0.0257158 0.0268095 0.0384682 0.0317197 0.0333493 0.0513905 0.0523187 0.0456990 0.0254372 0.0334779 0.0618452 0.0326860 0.0334198 0.0313570 0.0700551 0.0774352 0.0660060 0.0488079 0.0431225 0.0328849 0.0314182 0.0388467 0.0495127 0.0298413 0.0335311 0.0463474 0.0448427 0.0399544 0.0318316 0.0502794 0.0395654 0.0406899 0.0688709 0.0314710 0.0585909 0.0391098 0.0416600 0.0616328 0.0593905 0.0442196 0.0575231 0.0645045 0.0333004 0.0322038 0.0423587 0.0399658 0.0313912 0.0383248 0.0397824 0.0402805 0.0486851 0.0510156 0.0550510 0.0384492 0.0360065 0.0535008 0.0491409 0.0482168 0.0434914 0.0361353 0.0443656 0.0570880 0.0548123 0.0381281 0.0589519 0.0394770 0.0374240 0.0439089 0.0538086 0.0456951 0.0416492 0.0380835 0.0431990 0.0491782 0.0663454 0.0413511 0.0544088 0.0655732 0.0394191 0.0367615 0.0512192 0.0286245 0.0647112 0.0475090 0.0401825 0.0362883 0.0360245 0.0464111 0.0454015 0.0380574 0.0703417 0.0425889 0.0440664 0.0359786 0.0480816 0.0593722 0.0431274 0.0396002 0.0444441 0.0392628 0.0361621 0.0490410 0.0443396 0.0683518 0.0429978 0.0381490 0.0564741 0.0687995 0.0219159 0.0312396 0.0357675 0.0399127 0.0407027 0.0400729 0.0410685 0.0477424 0.0484464 0.0430268 0.0505670 0.0351823 0.0314371 0.0409868 0.0398855 0.0449580 0.0416555 0.0368929 0.0227821 0.0638117 0.0373946 0.0395631 0.0404091 0.0637301 0.0399746 0.0260858 0.0229043 0.0110704 0.0335470 0.1170209 0.1175108 0.0230641 0.0255803 0.0232795 
I0198_937_Bucerotidae_Tockus_camurus                      0.0414167 0.0513926 0.0511019 0.0570178 0.0506369 0.0589732 0.0444702 0.0490829 0.0575013 0.0596819 0.0458454 0.0553542 0.0000000 0.0567789 0.0334603 0.0548819 0.0393401 0.0539144 0.0451177 0.0399868 0.0426961 0.0392419 0.0499899 0.0427082 0.0624150 0.0644745 0.0422133 0.0527207 0.0548178 0.0541051 0.0563543 0.0494368 0.0637133 0.0541676 0.0655490 0.0547052 0.0552708 0.0541380 0.0733062 0.0825324 0.0671028 0.0488095 0.0464928 0.0534521 0.0530689 0.0407361 0.0543020 0.0524594 0.0537791 0.0489384 0.0471417 0.0409762 0.0539221 0.0540914 0.0439298 0.0421068 0.0736803 0.0526462 0.0623269 0.0417015 0.0464314 0.0648396 0.0619664 0.0480963 0.0615822 0.0703599 0.0546776 0.0550247 0.0448037 0.0446186 0.0533881 0.0411974 0.0418434 0.0430771 0.0542363 0.0512668 0.0571984 0.0400719 0.0379139 0.0578904 0.0508674 0.0526139 0.0456274 0.0392378 0.0459600 0.0610617 0.0578169 0.0401809 0.0632378 0.0411162 0.0405357 0.0478151 0.0563751 0.0487024 0.0443328 0.0411643 0.0456435 0.0542277 0.0704876 0.0436682 0.0562471 0.0701807 0.0425025 0.0557528 0.0540851 0.0598510 0.0692917 0.0524683 0.0434679 0.0398544 0.0562806 0.0506973 0.0504550 0.0401021 0.0668238 0.0463159 0.0483189 0.0387504 0.0505427 0.0630448 0.0467915 0.0594899 0.0478739 0.0413202 0.0384135 0.0507242 0.0471540 0.0688174 0.0463809 0.0406406 0.0577826 0.0737963 0.0517745 0.0538670 0.0378906 0.0425175 0.0433814 0.0430871 0.0434035 0.0497844 0.0516301 0.0463358 0.0505121 0.0572016 0.0544440 0.0436155 0.0422619 0.0490231 0.0448023 0.0578372 0.0545849 0.0687249 0.0403003 0.0410619 0.0413884 0.0699979 0.0431301 0.0622035 0.0605082 0.0548727 0.0542281 0.1225851 0.1224796 0.0550591 0.0627402 0.0600317 
I0199_955_Meropidae_Merops_muelleri                       0.0419864 0.0474417 0.0508098 0.0585755 0.0508294 0.0538124 0.0450122 0.0482884 0.0531153 0.0565888 0.0451467 0.0553416 0.0567789 0.0000000 0.0352327 0.0537578 0.0403370 0.0535707 0.0452857 0.0422109 0.0435803 0.0404865 0.0490713 0.0445692 0.0606162 0.0626411 0.0429478 0.0538972 0.0546235 0.0544342 0.0548783 0.0483447 0.0625328 0.0555701 0.0640001 0.0553675 0.0540921 0.0533582 0.0730492 0.0781718 0.0641861 0.0446060 0.0463289 0.0553409 0.0533923 0.0424362 0.0539019 0.0524254 0.0544459 0.0495928 0.0485601 0.0426561 0.0534356 0.0547399 0.0440173 0.0438676 0.0715038 0.0530239 0.0609359 0.0431365 0.0457973 0.0636783 0.0610344 0.0489734 0.0565145 0.0708625 0.0561137 0.0553954 0.0461381 0.0446097 0.0533465 0.0380241 0.0422032 0.0431753 0.0515958 0.0471604 0.0542976 0.0420496 0.0384533 0.0562098 0.0530030 0.0523638 0.0467144 0.0396570 0.0420915 0.0594931 0.0557491 0.0414474 0.0615412 0.0413894 0.0408296 0.0473032 0.0542947 0.0488999 0.0450561 0.0418831 0.0462515 0.0535257 0.0683152 0.0453698 0.0576627 0.0680277 0.0426372 0.0570425 0.0549921 0.0564018 0.0697758 0.0509946 0.0425770 0.0400672 0.0574591 0.0521384 0.0494357 0.0414543 0.0669596 0.0467755 0.0483978 0.0388778 0.0506828 0.0582317 0.0486383 0.0615056 0.0473615 0.0424124 0.0380558 0.0498885 0.0471494 0.0690336 0.0459287 0.0416936 0.0564662 0.0741152 0.0514576 0.0537378 0.0393119 0.0442530 0.0437635 0.0440839 0.0461914 0.0526424 0.0535162 0.0460302 0.0497151 0.0558934 0.0532695 0.0443898 0.0429101 0.0484750 0.0468451 0.0596137 0.0541512 0.0671561 0.0404190 0.0418601 0.0432483 0.0693265 0.0435633 0.0598786 0.0594965 0.0547895 0.0562464 0.1223190 0.1230911 0.0547415 0.0604507 0.0579541 
I0202_1066_Cathartidae_Cathartes_burrovianus              0.0159418 0.0288525 0.0304305 0.0332456 0.0295621 0.0368127 0.0206630 0.0207667 0.0366991 0.0386130 0.0213281 0.0323782 0.0334603 0.0352327 0.0000000 0.0310423 0.0138548 0.0302221 0.0197790 0.0154555 0.0172131 0.0141236 0.0230081 0.0179433 0.0406358 0.0428215 0.0164945 0.0296095 0.0314306 0.0316799 0.0323559 0.0222453 0.0411410 0.0313429 0.0434165 0.0313567 0.0316594 0.0297987 0.0484393 0.0573091 0.0468678 0.0261811 0.0220245 0.0319651 0.0297414 0.0162843 0.0292179 0.0280606 0.0317567 0.0227274 0.0227109 0.0168794 0.0305725 0.0307329 0.0186201 0.0175809 0.0511450 0.0295294 0.0383979 0.0167365 0.0214044 0.0425648 0.0377058 0.0233075 0.0401709 0.0445826 0.0323661 0.0307629 0.0210730 0.0186586 0.0296742 0.0202411 0.0158128 0.0186832 0.0283529 0.0307615 0.0340222 0.0151955 0.0030387 0.0342506 0.0276611 0.0279724 0.0212021 0.0136914 0.0220559 0.0367191 0.0370591 0.0153026 0.0387249 0.0146707 0.0146420 0.0246855 0.0345520 0.0259728 0.0193668 0.0159711 0.0215727 0.0291669 0.0485214 0.0189419 0.0327569 0.0474324 0.0178019 0.0345988 0.0307163 0.0370954 0.0448067 0.0269473 0.0178347 0.0141103 0.0328233 0.0265799 0.0256143 0.0154820 0.0501187 0.0212586 0.0242444 0.0129001 0.0260223 0.0422169 0.0215423 0.0369269 0.0237272 0.0164151 0.0123800 0.0281616 0.0213858 0.0489887 0.0215403 0.0150588 0.0369349 0.0490186 0.0279092 0.0293006 0.0130328 0.0175073 0.0189893 0.0169223 0.0184249 0.0258250 0.0280671 0.0212729 0.0291708 0.0341334 0.0305806 0.0186918 0.0179751 0.0222959 0.0204354 0.0352739 0.0316812 0.0454568 0.0148968 0.0153532 0.0175572 0.0446134 0.0167190 0.0401652 0.0372385 0.0319494 0.0313137 0.0976594 0.0983091 0.0320704 0.0400514 0.0378548 
I0203_1087_Tyrannidae_Hymenops_perspicillatus             0.0376899 0.0503567 0.0482790 0.0317441 0.0479050 0.0533662 0.0403592 0.0457477 0.0538941 0.0568112 0.0411102 0.0320715 0.0548819 0.0537578 0.0310423 0.0000000 0.0356231 0.0097614 0.0403397 0.0372757 0.0379775 0.0355173 0.0450691 0.0392079 0.0392652 0.0410434 0.0369440 0.0151966 0.0162264 0.0495983 0.0504601 0.0441617 0.0388828 0.0268827 0.0585448 0.0152590 0.0151565 0.0143322 0.0683334 0.0757735 0.0661337 0.0476429 0.0423720 0.0266281 0.0156760 0.0381121 0.0476141 0.0139884 0.0262693 0.0446608 0.0437031 0.0392033 0.0071851 0.0476170 0.0383431 0.0382627 0.0671136 0.0143249 0.0568945 0.0380728 0.0401033 0.0599968 0.0566826 0.0433581 0.0565630 0.0636439 0.0265691 0.0147600 0.0418631 0.0389992 0.0142790 0.0372921 0.0379693 0.0395810 0.0469503 0.0491140 0.0540918 0.0367511 0.0345373 0.0517687 0.0476671 0.0466032 0.0421964 0.0351817 0.0436449 0.0555382 0.0546086 0.0360471 0.0574585 0.0383204 0.0354363 0.0429624 0.0518432 0.0439911 0.0406366 0.0365170 0.0424130 0.0481513 0.0645183 0.0400526 0.0536888 0.0644361 0.0382235 0.0286611 0.0509130 0.0365435 0.0634694 0.0448436 0.0391707 0.0351952 0.0313403 0.0454582 0.0436483 0.0370917 0.0684301 0.0418948 0.0428044 0.0348645 0.0470228 0.0573470 0.0424170 0.0349688 0.0431465 0.0378108 0.0344343 0.0477535 0.0426825 0.0660085 0.0409938 0.0367440 0.0547750 0.0681424 0.0285262 0.0152812 0.0342107 0.0382938 0.0406823 0.0386886 0.0403459 0.0467440 0.0483013 0.0415934 0.0481017 0.0280648 0.0092162 0.0394250 0.0386124 0.0436496 0.0404681 0.0327424 0.0308146 0.0612562 0.0366431 0.0379604 0.0391292 0.0627528 0.0385850 0.0386722 0.0365722 0.0309040 0.0291944 0.1167639 0.1173237 0.0309692 0.0385193 0.0369410 
I0204_1174_Threskiornithidae_Harpiprion_caerulescens      0.0213284 0.0343473 0.0359614 0.0384712 0.0347425 0.0421409 0.0247420 0.0309079 0.0413782 0.0440376 0.0254981 0.0370006 0.0393401 0.0403370 0.0138548 0.0356231 0.0000000 0.0347999 0.0240243 0.0206790 0.0213656 0.0166057 0.0311374 0.0229645 0.0449373 0.0471186 0.0213839 0.0347235 0.0361901 0.0358157 0.0373215 0.0303876 0.0457373 0.0362603 0.0475520 0.0361618 0.0364944 0.0346476 0.0509011 0.0618338 0.0523295 0.0317825 0.0273166 0.0369105 0.0347867 0.0182687 0.0341935 0.0335079 0.0364189 0.0306166 0.0270571 0.0192324 0.0350384 0.0344581 0.0235272 0.0220769 0.0565645 0.0346600 0.0438257 0.0189908 0.0258545 0.0478278 0.0431726 0.0278388 0.0448922 0.0492687 0.0367961 0.0354234 0.0252812 0.0239960 0.0345167 0.0246278 0.0215578 0.0228940 0.0332386 0.0351482 0.0391497 0.0170995 0.0167701 0.0385221 0.0331704 0.0325893 0.0256901 0.0170656 0.0277707 0.0421515 0.0417506 0.0193524 0.0440758 0.0202681 0.0179971 0.0287165 0.0385939 0.0301641 0.0246254 0.0202370 0.0261165 0.0343803 0.0536998 0.0216370 0.0372928 0.0523094 0.0218056 0.0390697 0.0352761 0.0416176 0.0492508 0.0315354 0.0230777 0.0170649 0.0376181 0.0312083 0.0298258 0.0174729 0.0559375 0.0256902 0.0276973 0.0160060 0.0313488 0.0473741 0.0256783 0.0418263 0.0275332 0.0205770 0.0158890 0.0321190 0.0258830 0.0537068 0.0254146 0.0186474 0.0406431 0.0538173 0.0330132 0.0348581 0.0156092 0.0215974 0.0210000 0.0221175 0.0233501 0.0294817 0.0320649 0.0262183 0.0327848 0.0392246 0.0350412 0.0233313 0.0220791 0.0300923 0.0245421 0.0399900 0.0359199 0.0503158 0.0178202 0.0211247 0.0225093 0.0500379 0.0220241 0.0454506 0.0424596 0.0362414 0.0367703 0.1029210 0.1041935 0.0362960 0.0447274 0.0420310 
I0205_1183_Tyrannidae_Hirundinea_ferruginea               0.0367521 0.0497213 0.0485912 0.0309767 0.0479200 0.0534721 0.0394355 0.0450364 0.0535976 0.0561333 0.0405387 0.0317599 0.0539144 0.0535707 0.0302221 0.0097614 0.0347999 0.0000000 0.0393873 0.0361874 0.0374385 0.0348133 0.0441174 0.0381528 0.0389464 0.0409555 0.0360476 0.0142008 0.0152681 0.0491750 0.0498769 0.0436062 0.0391266 0.0260085 0.0597392 0.0144746 0.0145738 0.0140005 0.0672019 0.0743695 0.0660402 0.0471216 0.0414704 0.0262634 0.0150892 0.0371342 0.0470277 0.0131696 0.0258070 0.0439080 0.0431637 0.0384143 0.0097033 0.0477124 0.0370221 0.0374066 0.0675742 0.0138961 0.0566448 0.0373889 0.0398793 0.0592258 0.0564757 0.0434881 0.0562764 0.0627578 0.0259661 0.0145475 0.0410605 0.0374703 0.0137387 0.0361419 0.0371379 0.0389138 0.0460713 0.0490395 0.0532642 0.0358084 0.0340228 0.0510056 0.0470714 0.0457585 0.0415357 0.0346429 0.0429130 0.0553246 0.0538402 0.0356278 0.0574356 0.0375277 0.0347525 0.0421533 0.0513830 0.0435226 0.0402369 0.0360222 0.0416605 0.0476281 0.0645247 0.0390123 0.0529955 0.0646009 0.0371203 0.0281616 0.0490601 0.0360453 0.0627437 0.0444263 0.0386964 0.0350599 0.0304217 0.0452459 0.0432004 0.0364695 0.0679714 0.0411574 0.0424735 0.0341903 0.0466091 0.0580016 0.0411044 0.0349202 0.0428046 0.0370006 0.0338724 0.0465773 0.0423336 0.0665006 0.0404949 0.0358489 0.0544824 0.0667810 0.0277834 0.0143887 0.0335368 0.0376480 0.0396190 0.0377769 0.0397964 0.0462668 0.0474349 0.0414945 0.0470490 0.0278147 0.0093550 0.0391400 0.0376469 0.0431012 0.0401703 0.0319970 0.0308841 0.0618332 0.0360577 0.0368130 0.0386296 0.0622101 0.0378485 0.0388829 0.0363389 0.0304798 0.0289550 0.1168276 0.1170031 0.0309855 0.0389875 0.0368306 
I0206_1192_Laridae_Chroicocephalus_cirrocephalus          0.0261847 0.0392603 0.0406606 0.0436999 0.0399838 0.0469362 0.0299627 0.0354673 0.0463840 0.0485852 0.0315215 0.0413266 0.0451177 0.0452857 0.0197790 0.0403397 0.0240243 0.0393873 0.0000000 0.0258336 0.0223265 0.0237123 0.0353100 0.0237054 0.0498315 0.0518196 0.0273236 0.0394305 0.0406813 0.0403975 0.0417932 0.0350685 0.0508955 0.0407100 0.0525106 0.0407858 0.0413843 0.0393373 0.0579653 0.0677957 0.0573805 0.0367555 0.0327787 0.0414843 0.0393880 0.0262147 0.0390586 0.0380262 0.0411957 0.0355679 0.0319642 0.0272187 0.0397528 0.0395959 0.0285058 0.0267216 0.0606338 0.0391928 0.0493692 0.0262569 0.0309714 0.0521936 0.0486044 0.0333479 0.0498010 0.0553485 0.0414674 0.0407896 0.0303322 0.0284463 0.0392106 0.0291421 0.0266502 0.0085871 0.0386604 0.0412812 0.0446291 0.0242872 0.0232209 0.0435429 0.0309189 0.0375728 0.0304416 0.0239159 0.0326976 0.0476099 0.0472280 0.0248936 0.0498320 0.0260721 0.0252401 0.0333837 0.0441398 0.0351697 0.0300511 0.0215619 0.0315674 0.0387329 0.0571114 0.0284980 0.0426155 0.0561335 0.0267725 0.0436007 0.0396508 0.0466600 0.0548775 0.0371660 0.0283556 0.0240531 0.0424679 0.0354479 0.0354182 0.0244176 0.0607040 0.0106063 0.0339357 0.0234268 0.0343588 0.0518145 0.0310778 0.0464931 0.0322987 0.0262670 0.0227750 0.0380376 0.0125815 0.0513925 0.0310282 0.0257205 0.0459380 0.0598514 0.0379767 0.0395616 0.0226241 0.0266964 0.0284452 0.0270183 0.0283552 0.0348774 0.0369061 0.0242167 0.0385434 0.0432034 0.0399452 0.0217945 0.0272761 0.0357863 0.0292604 0.0440805 0.0414502 0.0547085 0.0249085 0.0259065 0.0280572 0.0548147 0.0267368 0.0497831 0.0470874 0.0409699 0.0414413 0.1069060 0.1072556 0.0419834 0.0488461 0.0467345 
I0208_1208_Strigidae_Strix_varia                          0.0219092 0.0339706 0.0363517 0.0379755 0.0361161 0.0430380 0.0275635 0.0306235 0.0423776 0.0450034 0.0276648 0.0379699 0.0399868 0.0422109 0.0154555 0.0372757 0.0206790 0.0361874 0.0258336 0.0000000 0.0230219 0.0204505 0.0312707 0.0246756 0.0453064 0.0477464 0.0229156 0.0352300 0.0366972 0.0381838 0.0389261 0.0312434 0.0466321 0.0364397 0.0492211 0.0365246 0.0372519 0.0352822 0.0544313 0.0631701 0.0529194 0.0326344 0.0281864 0.0366635 0.0350904 0.0221934 0.0359372 0.0338146 0.0369802 0.0312902 0.0288800 0.0230740 0.0365940 0.0364147 0.0246228 0.0242393 0.0568620 0.0354411 0.0459981 0.0225291 0.0277051 0.0493051 0.0449682 0.0300036 0.0461334 0.0511686 0.0362823 0.0369849 0.0274033 0.0248279 0.0354523 0.0246287 0.0220866 0.0249085 0.0348253 0.0364588 0.0404441 0.0216150 0.0185382 0.0399806 0.0344187 0.0342529 0.0276227 0.0202706 0.0285971 0.0444459 0.0430775 0.0212020 0.0464947 0.0218057 0.0216043 0.0305195 0.0390337 0.0320369 0.0261608 0.0225344 0.0279121 0.0355004 0.0547018 0.0244363 0.0392303 0.0531937 0.0237647 0.0397747 0.0359412 0.0421107 0.0508494 0.0339613 0.0237369 0.0202410 0.0377937 0.0330011 0.0323277 0.0212394 0.0574131 0.0270716 0.0299615 0.0196751 0.0329825 0.0488959 0.0280562 0.0408362 0.0302314 0.0229165 0.0195427 0.0340859 0.0280327 0.0540406 0.0277573 0.0223709 0.0427946 0.0553559 0.0339008 0.0352007 0.0190224 0.0240002 0.0250230 0.0234308 0.0246047 0.0318083 0.0329924 0.0276290 0.0342671 0.0396242 0.0363966 0.0252952 0.0247885 0.0306996 0.0271546 0.0392613 0.0375551 0.0516287 0.0214151 0.0209102 0.0207569 0.0511890 0.0233635 0.0460319 0.0429270 0.0377154 0.0362128 0.1021311 0.1037303 0.0381476 0.0457631 0.0433925 
I0209_1223_Burhinidae_Burhinus_oedicnemus                 0.0237075 0.0367841 0.0375458 0.0399487 0.0369381 0.0440578 0.0273350 0.0330646 0.0435752 0.0467923 0.0286627 0.0389654 0.0426961 0.0435803 0.0172131 0.0379775 0.0213656 0.0374385 0.0223265 0.0230219 0.0000000 0.0208779 0.0326899 0.0199616 0.0470276 0.0489345 0.0238477 0.0369430 0.0390587 0.0376182 0.0386069 0.0320495 0.0476689 0.0384988 0.0506042 0.0385309 0.0388634 0.0367564 0.0558122 0.0641215 0.0555496 0.0348937 0.0299899 0.0391798 0.0368701 0.0239509 0.0371374 0.0359193 0.0392235 0.0325114 0.0290456 0.0246976 0.0376516 0.0365270 0.0260953 0.0239289 0.0583809 0.0371789 0.0471738 0.0234873 0.0272913 0.0500080 0.0462290 0.0306878 0.0480727 0.0510231 0.0387909 0.0381696 0.0279200 0.0264077 0.0372187 0.0270460 0.0238928 0.0209488 0.0368788 0.0384787 0.0416775 0.0219937 0.0205222 0.0404650 0.0316559 0.0357864 0.0280290 0.0210562 0.0300330 0.0452203 0.0454546 0.0213637 0.0472705 0.0230567 0.0223834 0.0308766 0.0408477 0.0327842 0.0266665 0.0178282 0.0289291 0.0369835 0.0550434 0.0260107 0.0405660 0.0542025 0.0238641 0.0418996 0.0365194 0.0449113 0.0509335 0.0351419 0.0253988 0.0208871 0.0395323 0.0320164 0.0329337 0.0216372 0.0596516 0.0236429 0.0308564 0.0204096 0.0327655 0.0499568 0.0283022 0.0431315 0.0303313 0.0228702 0.0199029 0.0345854 0.0236367 0.0528667 0.0287564 0.0230782 0.0445271 0.0550829 0.0352078 0.0368522 0.0192153 0.0237080 0.0268420 0.0247504 0.0251670 0.0324732 0.0339191 0.0249137 0.0358154 0.0416828 0.0377424 0.0221522 0.0240056 0.0327848 0.0271621 0.0412011 0.0387181 0.0520096 0.0224493 0.0230455 0.0253213 0.0510558 0.0243194 0.0469199 0.0442109 0.0387987 0.0378994 0.1039172 0.1040113 0.0391640 0.0468546 0.0438899 
I0210_1226_Ciconiidae_Ciconia_nigra                       0.0205806 0.0343206 0.0357271 0.0381545 0.0352520 0.0414504 0.0250925 0.0311143 0.0415957 0.0441983 0.0265019 0.0373934 0.0392419 0.0404865 0.0141236 0.0355173 0.0166057 0.0348133 0.0237123 0.0204505 0.0208779 0.0000000 0.0309387 0.0222273 0.0449911 0.0469004 0.0217625 0.0349159 0.0357620 0.0356573 0.0364153 0.0309966 0.0456264 0.0364200 0.0469587 0.0360716 0.0364533 0.0344898 0.0529714 0.0621876 0.0521793 0.0315107 0.0273737 0.0371658 0.0348110 0.0190894 0.0340000 0.0331693 0.0367790 0.0311873 0.0264365 0.0202234 0.0350189 0.0340731 0.0234003 0.0221270 0.0558468 0.0347526 0.0438027 0.0191095 0.0257990 0.0467948 0.0426560 0.0280981 0.0450287 0.0490205 0.0367800 0.0356132 0.0257555 0.0238204 0.0340752 0.0243918 0.0211401 0.0226580 0.0336599 0.0357984 0.0390958 0.0179324 0.0171971 0.0384108 0.0330295 0.0328332 0.0258096 0.0166893 0.0274346 0.0416604 0.0416973 0.0195877 0.0441206 0.0203407 0.0176936 0.0286484 0.0390003 0.0300702 0.0242712 0.0208278 0.0258008 0.0339252 0.0531024 0.0222823 0.0363928 0.0518990 0.0217740 0.0393638 0.0348002 0.0418079 0.0490743 0.0321539 0.0229872 0.0168439 0.0375678 0.0298573 0.0307431 0.0175022 0.0563437 0.0251082 0.0283694 0.0163081 0.0316244 0.0470712 0.0257241 0.0414880 0.0268979 0.0211544 0.0158307 0.0328150 0.0252127 0.0552109 0.0254849 0.0180602 0.0415375 0.0543673 0.0331986 0.0343592 0.0157100 0.0217704 0.0219069 0.0219072 0.0231760 0.0305103 0.0318436 0.0255292 0.0344205 0.0389537 0.0352145 0.0234450 0.0226985 0.0310707 0.0249731 0.0393643 0.0369003 0.0501079 0.0179859 0.0202829 0.0225659 0.0498987 0.0215155 0.0459488 0.0427933 0.0365554 0.0360210 0.1025171 0.1038868 0.0371363 0.0455277 0.0426872 
I0211_1232_Columbidae_Columba_livia                       0.0342172 0.0428005 0.0435627 0.0472730 0.0427200 0.0499905 0.0357225 0.0144155 0.0503351 0.0522322 0.0355732 0.0463753 0.0499899 0.0490713 0.0230081 0.0450691 0.0311374 0.0441174 0.0353100 0.0312707 0.0326899 0.0309387 0.0000000 0.0345967 0.0516137 0.0534037 0.0336389 0.0437282 0.0451726 0.0457895 0.0468594 0.0109890 0.0531611 0.0447629 0.0574163 0.0453924 0.0460956 0.0434764 0.0633868 0.0701146 0.0622692 0.0424009 0.0382729 0.0454594 0.0437243 0.0328790 0.0448906 0.0423557 0.0452599 0.0145943 0.0382938 0.0336373 0.0449188 0.0442944 0.0351458 0.0330464 0.0638646 0.0435077 0.0536171 0.0326654 0.0362908 0.0567568 0.0534627 0.0392559 0.0529908 0.0602305 0.0458765 0.0453244 0.0364940 0.0352284 0.0433917 0.0153810 0.0343643 0.0334803 0.0431735 0.0451439 0.0500915 0.0314127 0.0300237 0.0471147 0.0433783 0.0434568 0.0361010 0.0312998 0.0393833 0.0520809 0.0505795 0.0317154 0.0542105 0.0326731 0.0312244 0.0395292 0.0472316 0.0410418 0.0361796 0.0322598 0.0373316 0.0445247 0.0615770 0.0344166 0.0481361 0.0606447 0.0338802 0.0478008 0.0449849 0.0485589 0.0601943 0.0418873 0.0356560 0.0314268 0.0467217 0.0409865 0.0406671 0.0314097 0.0659165 0.0362369 0.0374792 0.0303041 0.0411426 0.0551444 0.0371522 0.0497782 0.0384552 0.0334001 0.0299770 0.0410005 0.0375185 0.0585629 0.0367566 0.0320204 0.0500838 0.0642782 0.0424076 0.0432805 0.0299738 0.0338493 0.0352704 0.0343311 0.0355015 0.0415561 0.0432878 0.0377413 0.0411292 0.0469193 0.0445842 0.0349457 0.0340620 0.0139358 0.0365708 0.0484935 0.0455096 0.0598284 0.0324933 0.0335902 0.0348093 0.0605882 0.0341384 0.0523554 0.0511984 0.0457388 0.0449334 0.1135348 0.1131171 0.0458377 0.0527505 0.0504572 
