37
Burramyidae_Burramys_parvus                  0.0000000 0.0467973 0.0475569 0.0471906 0.0481565 0.0467670 0.0433888 0.0457647 0.0662749 0.0439152 0.0466247 0.0588245 0.0407890 0.0424218 0.0539131 0.0529822 0.0463362 0.0635036 0.0445782 0.0455482 0.0647379 0.0772736 0.0456842 0.0416694 0.0519704 0.0437201 0.0437742 0.0384408 0.0547598 0.0416040 0.0388538 0.0601120 0.0557029 0.0652504 0.0761214 0.2562396 0.2562396 
Vombatidae_Lasiorhinus_latifrons             0.0467973 0.0000000 0.0620407 0.0622009 0.0469756 0.0626540 0.0513786 0.0590633 0.0757780 0.0538194 0.0470402 0.0620063 0.0505657 0.0535842 0.0621556 0.0582617 0.0455474 0.0689410 0.0591275 0.0612221 0.0648000 0.0841519 0.0465885 0.0589144 0.0603037 0.0588147 0.0602967 0.0582581 0.0645975 0.0573163 0.0485472 0.0732474 0.0594786 0.0710569 0.0825624 0.3708613 0.3708613 
Potoroidae_Bettongia_penicillata             0.0475569 0.0620407 0.0000000 0.0036931 0.0574559 0.0618769 0.0621002 0.0143806 0.0880387 0.0609575 0.0527057 0.0687960 0.0567379 0.0565581 0.0639049 0.0672524 0.0563983 0.0805787 0.0228516 0.0616931 0.0757800 0.0915303 0.0536955 0.0359287 0.0651705 0.0600545 0.0235984 0.0625658 0.0682351 0.0566924 0.0547368 0.0856021 0.0685878 0.0820921 0.0976111 0.3680522 0.3680522 
Potoroidae_Bettongia_lesueur                 0.0471906 0.0622009 0.0036931 0.0000000 0.0568986 0.0620407 0.0607281 0.0140515 0.0868255 0.0611189 0.0521366 0.0684909 0.0577257 0.0576083 0.0640716 0.0674269 0.0558581 0.0798884 0.0232925 0.0619093 0.0751949 0.0916882 0.0531431 0.0364839 0.0653818 0.0594413 0.0248019 0.0624829 0.0693581 0.0577325 0.0557176 0.0843972 0.0678826 0.0813960 0.0978566 0.3798679 0.3798679 
Dasyuridae_Dasyurus_maculatus                0.0481565 0.0469756 0.0574559 0.0568986 0.0000000 0.0470762 0.0414186 0.0500384 0.0707273 0.0527155 0.0099644 0.0137960 0.0485677 0.0495700 0.0098111 0.0039269 0.0101834 0.0615586 0.0514655 0.0605208 0.0714978 0.0725368 0.0083304 0.0528234 0.0571145 0.0579025 0.0506296 0.0725857 0.0636492 0.0532625 0.0469690 0.0713752 0.0025954 0.0626178 0.0854101 9.0000000 9.0000000 
Phalangeridae_Trichosurus_vulpecula          0.0467670 0.0626540 0.0618769 0.0620407 0.0470762 0.0000000 0.0196035 0.0605275 0.0896403 0.0395503 0.0483680 0.0725062 0.0363029 0.0601422 0.0663864 0.0664869 0.0439448 0.0826996 0.0601153 0.0623274 0.0665406 0.0938491 0.0467091 0.0598608 0.0642167 0.0580469 0.0599467 0.0661074 0.0714092 0.0577666 0.0360355 0.0877142 0.0685020 0.0834452 0.0894824 0.5952654 0.5952654 
Phalangeridae_Spilocuscus_maculatus          0.0433888 0.0513786 0.0621002 0.0607281 0.0414186 0.0196035 0.0000000 0.0602685 0.0783333 0.0294535 0.0441349 0.0664130 0.0249631 0.0587914 0.0626930 0.0615188 0.0405272 0.0764105 0.0590096 0.0594918 0.0617832 0.0892165 0.0415575 0.0570134 0.0632980 0.0544389 0.0594958 0.0580969 0.0708676 0.0574974 0.0250629 0.0803662 0.0633775 0.0768524 0.0821710 0.6112707 0.6112707 
Potoroidae_Aepyprymnus_rufescens             0.0457647 0.0590633 0.0143806 0.0140515 0.0500384 0.0605275 0.0602685 0.0000000 0.0973099 0.0557930 0.0482286 0.0667038 0.0544525 0.0564047 0.0597397 0.0635598 0.0486384 0.0804920 0.0193980 0.0571464 0.0683983 0.0911027 0.0479509 0.0356601 0.0639043 0.0552929 0.0216858 0.0657157 0.0641514 0.0525077 0.0524261 0.0931613 0.0634953 0.0825442 0.0974134 0.3857470 0.3857470 
Peramelidae_Perameles_nasuta                 0.0662749 0.0757780 0.0880387 0.0868255 0.0707273 0.0896403 0.0783333 0.0973099 0.0000000 0.0719827 0.0695612 0.0924985 0.0709088 0.0841963 0.0849295 0.0863455 0.0608556 0.0155549 0.0886348 0.0763334 0.0950246 0.1104882 0.0669652 0.0887358 0.0721134 0.0790649 0.0899904 0.0763458 0.0954675 0.0912899 0.0694387 0.0141371 0.0824145 0.0010938 0.1520575 0.4775759 0.4775759 
Phalangeridae_Strigocuscus_pelengensis       0.0439152 0.0538194 0.0609575 0.0611189 0.0527155 0.0395503 0.0294535 0.0557930 0.0719827 0.0000000 0.0538294 0.0663715 0.0136089 0.0528634 0.0661210 0.0631594 0.0508530 0.0747680 0.0591572 0.0545648 0.0718983 0.0876125 0.0528746 0.0568197 0.0625084 0.0506680 0.0593676 0.0519634 0.0686410 0.0565991 0.0125665 0.0717054 0.0616855 0.0762242 0.0852151 0.3220321 0.3220321 
Dasyuridae_Phascogale_tapoatafa              0.0466247 0.0470402 0.0527057 0.0521366 0.0099644 0.0483680 0.0441349 0.0482286 0.0695612 0.0538294 0.0000000 0.0137811 0.0498927 0.0493401 0.0022379 0.0100541 0.0120086 0.0615366 0.0476936 0.0612279 0.0700918 0.0730052 0.0058361 0.0508912 0.0563436 0.0565721 0.0491233 0.0714259 0.0649986 0.0524127 0.0476531 0.0690607 0.0109273 0.0638569 0.0903205 9.0000000 9.0000000 
Dasyuridae_Sminthopsis_macroura              0.0588245 0.0620063 0.0687960 0.0684909 0.0137960 0.0725062 0.0664130 0.0667038 0.0924985 0.0663715 0.0137811 0.0000000 0.0640814 0.0676707 0.0265036 0.0255202 0.0120562 0.0798551 0.0686519 0.0741786 0.0696099 0.0904142 0.0124543 0.0702988 0.0690612 0.0706364 0.0705100 0.0880979 0.0754033 0.0696967 0.0620265 0.0910167 0.0238992 0.0819721 0.0992567 0.2345440 0.2345440 
Phalangeridae_Phalanger_orientalis           0.0407890 0.0505657 0.0567379 0.0577257 0.0485677 0.0363029 0.0249631 0.0544525 0.0709088 0.0136089 0.0498927 0.0640814 0.0000000 0.0505955 0.0627725 0.0603207 0.0472291 0.0731122 0.0551640 0.0524729 0.0692703 0.0851182 0.0482035 0.0535020 0.0586526 0.0491633 0.0554750 0.0497189 0.0636706 0.0535631 0.0030421 0.0699187 0.0601197 0.0738531 0.0819219 0.3391156 0.3391156 
Acrobatidae_Acrobates_pygmaeus               0.0424218 0.0535842 0.0565581 0.0576083 0.0495700 0.0601422 0.0587914 0.0564047 0.0841963 0.0528634 0.0493401 0.0676707 0.0505955 0.0000000 0.0649718 0.0603446 0.0506624 0.0741650 0.0540826 0.0489973 0.0680953 0.0823404 0.0474180 0.0536644 0.0616986 0.0474630 0.0531595 0.0516827 0.0569326 0.0320454 0.0486042 0.0817587 0.0621453 0.0790482 0.0890984 0.3609860 0.3609860 
Dasyuridae_Phascogale_calura                 0.0539131 0.0621556 0.0639049 0.0640716 0.0098111 0.0663864 0.0626930 0.0597397 0.0849295 0.0661210 0.0022379 0.0265036 0.0627725 0.0649718 0.0000000 0.0146902 0.0117930 0.0736096 0.0578467 0.0678726 0.0710442 0.0906856 0.0071050 0.0615889 0.0635666 0.0665717 0.0601339 0.0828583 0.0736240 0.0631410 0.0607120 0.0854407 0.0148649 0.0745524 0.0931710 0.2461829 0.2461829 
Dasyuridae_Sarcophilus_harrisii              0.0529822 0.0582617 0.0672524 0.0674269 0.0039269 0.0664869 0.0615188 0.0635598 0.0863455 0.0631594 0.0100541 0.0255202 0.0603207 0.0603446 0.0146902 0.0000000 0.0117341 0.0758035 0.0622420 0.0699208 0.0695944 0.0869059 0.0088543 0.0654350 0.0629538 0.0669867 0.0616855 0.0809351 0.0723890 0.0620537 0.0582763 0.0864947 0.0079913 0.0766864 0.0957556 0.2392620 0.2392620 
Dasyuridae_Planigale_tenuirostris            0.0463362 0.0455474 0.0563983 0.0558581 0.0101834 0.0439448 0.0405272 0.0486384 0.0608556 0.0508530 0.0120086 0.0120562 0.0472291 0.0506624 0.0117930 0.0117341 0.0000000 0.0569309 0.0522749 0.0559742 0.0678855 0.0696454 0.0092618 0.0540570 0.0592309 0.0544842 0.0539556 0.0698692 0.0629453 0.0527717 0.0449944 0.0623448 0.0106310 0.0576697 0.0840274 9.0000000 9.0000000 
Peramelidae_Echymipera_kalubu                0.0635036 0.0689410 0.0805787 0.0798884 0.0615586 0.0826996 0.0764105 0.0804920 0.0155549 0.0747680 0.0615366 0.0798551 0.0731122 0.0741650 0.0736096 0.0758035 0.0569309 0.0000000 0.0793170 0.0766692 0.0847741 0.1033032 0.0592103 0.0751452 0.0725675 0.0756163 0.0798085 0.0781052 0.0874824 0.0775276 0.0710047 0.0125008 0.0746345 0.0150817 0.0970838 0.4522728 0.4522728 
Macropodidae_Dorcopsulus_vanheurni           0.0445782 0.0591275 0.0228516 0.0232925 0.0514655 0.0601153 0.0590096 0.0193980 0.0886348 0.0591572 0.0476936 0.0686519 0.0551640 0.0540826 0.0578467 0.0622420 0.0522749 0.0793170 0.0000000 0.0577463 0.0739616 0.0894045 0.0499898 0.0343358 0.0613923 0.0558232 0.0072457 0.0610971 0.0622130 0.0529081 0.0531584 0.0840848 0.0621048 0.0826835 0.0947269 0.3561636 0.3561636 
Pseudochiridae_Pseudochirulus_forbesi        0.0455482 0.0612221 0.0616931 0.0619093 0.0605208 0.0623274 0.0594918 0.0571464 0.0763334 0.0545648 0.0612279 0.0741786 0.0524729 0.0489973 0.0678726 0.0699208 0.0559742 0.0766692 0.0577463 0.0000000 0.0795579 0.0945588 0.0599963 0.0531916 0.0658091 0.0297902 0.0581174 0.0145637 0.0538355 0.0519681 0.0513991 0.0774599 0.0684712 0.0765352 0.0927658 0.3389736 0.3389736 
Didelphidae_Didelphis_virginiana             0.0647379 0.0648000 0.0757800 0.0751949 0.0714978 0.0665406 0.0617832 0.0683983 0.0950246 0.0718983 0.0700918 0.0696099 0.0692703 0.0680953 0.0710442 0.0695944 0.0678855 0.0847741 0.0739616 0.0795579 0.0000000 0.0268332 0.0682149 0.0693619 0.0737080 0.0759597 0.0747913 0.0818824 0.0812373 0.0707534 0.0675447 0.0974693 0.0727196 0.0857631 0.1031500 9.0000000 9.0000000 
Marmosidae_Monodelphis_domestica             0.0772736 0.0841519 0.0915303 0.0916882 0.0725368 0.0938491 0.0892165 0.0911027 0.1104882 0.0876125 0.0730052 0.0904142 0.0851182 0.0823404 0.0906856 0.0869059 0.0696454 0.1033032 0.0894045 0.0945588 0.0268332 0.0000000 0.0691686 0.0858546 0.0824598 0.0859361 0.0899928 0.0991490 0.0964516 0.0831981 0.0851842 0.1123617 0.0900435 0.1038864 0.1204112 0.4696358 0.4696358 
Dasyuridae_Antechinus_stuartii               0.0456842 0.0465885 0.0536955 0.0531431 0.0083304 0.0467091 0.0415575 0.0479509 0.0669652 0.0528746 0.0058361 0.0124543 0.0482035 0.0474180 0.0071050 0.0088543 0.0092618 0.0592103 0.0499898 0.0599963 0.0682149 0.0691686 0.0000000 0.0512825 0.0566809 0.0551004 0.0514004 0.0710565 0.0614394 0.0505561 0.0466023 0.0676230 0.0092539 0.0602450 0.0837241 9.0000000 9.0000000 
Hypsiprymnodontidae_Hypsiprymnodon_moschatus 0.0416694 0.0589144 0.0359287 0.0364839 0.0528234 0.0598608 0.0570134 0.0356601 0.0887358 0.0568197 0.0508912 0.0702988 0.0535020 0.0536644 0.0615889 0.0654350 0.0540570 0.0751452 0.0343358 0.0531916 0.0693619 0.0858546 0.0512825 0.0000000 0.0590648 0.0559381 0.0339166 0.0581455 0.0636860 0.0519863 0.0524216 0.0855960 0.0650010 0.0769026 0.0963437 0.3899507 0.3899507 
Microbiotheriidae_Dromiciops_gliroides       0.0519704 0.0603037 0.0651705 0.0653818 0.0571145 0.0642167 0.0632980 0.0639043 0.0721134 0.0625084 0.0563436 0.0690612 0.0586526 0.0616986 0.0635666 0.0629538 0.0592309 0.0725675 0.0613923 0.0658091 0.0737080 0.0824598 0.0566809 0.0590648 0.0000000 0.0694574 0.0611979 0.0597242 0.0763518 0.0629371 0.0565485 0.0711936 0.0646228 0.0738577 0.0842701 0.2680614 0.2680614 
Pseudochiridae_Petauroides_volans            0.0437201 0.0588147 0.0600545 0.0594413 0.0579025 0.0580469 0.0544389 0.0552929 0.0790649 0.0506680 0.0565721 0.0706364 0.0491633 0.0474630 0.0665717 0.0669867 0.0544842 0.0756163 0.0558232 0.0297902 0.0759597 0.0859361 0.0551004 0.0559381 0.0694574 0.0000000 0.0561008 0.0254876 0.0492329 0.0472114 0.0479645 0.0744667 0.0660380 0.0771361 0.0960865 0.3106870 0.3106870 
Macropodidae_Wallabia_bicolor                0.0437742 0.0602967 0.0235984 0.0248019 0.0506296 0.0599467 0.0594958 0.0216858 0.0899904 0.0593676 0.0491233 0.0705100 0.0554750 0.0531595 0.0601339 0.0616855 0.0539556 0.0798085 0.0072457 0.0581174 0.0747913 0.0899928 0.0514004 0.0339166 0.0611979 0.0561008 0.0000000 0.0605224 0.0625060 0.0516722 0.0534723 0.0859649 0.0624382 0.0831413 0.0953837 0.3705682 0.3705682 
Pseudochiridae_Pseudocheirus_occidentalis    0.0384408 0.0582581 0.0625658 0.0624829 0.0725857 0.0661074 0.0580969 0.0657157 0.0763458 0.0519634 0.0714259 0.0880979 0.0497189 0.0516827 0.0828583 0.0809351 0.0698692 0.0781052 0.0610971 0.0145637 0.0818824 0.0991490 0.0710565 0.0581455 0.0597242 0.0254876 0.0605224 0.0000000 0.0498862 0.0572740 0.0482328 0.0750339 0.0782557 0.0776076 0.1291436 0.3383896 0.3383896 
Tarsipedidae_Tarsipes_rostratus              0.0547598 0.0645975 0.0682351 0.0693581 0.0636492 0.0714092 0.0708676 0.0641514 0.0954675 0.0686410 0.0649986 0.0754033 0.0636706 0.0569326 0.0736240 0.0723890 0.0629453 0.0874824 0.0622130 0.0538355 0.0812373 0.0964516 0.0614394 0.0636860 0.0763518 0.0492329 0.0625060 0.0498862 0.0000000 0.0571340 0.0616110 0.0917601 0.0734049 0.0879225 0.1025479 0.3100625 0.3100625 
Acrobatidae_Distoechurus_pennatus            0.0416040 0.0573163 0.0566924 0.0577325 0.0532625 0.0577666 0.0574974 0.0525077 0.0912899 0.0565991 0.0524127 0.0696967 0.0535631 0.0320454 0.0631410 0.0620537 0.0527717 0.0775276 0.0529081 0.0519681 0.0707534 0.0831981 0.0505561 0.0519863 0.0629371 0.0472114 0.0516722 0.0572740 0.0571340 0.0000000 0.0515816 0.0888078 0.0628229 0.0796880 0.0864081 0.3274510 0.3274510 
Phalangeridae_Phalanger_carmelitae           0.0388538 0.0485472 0.0547368 0.0557176 0.0469690 0.0360355 0.0250629 0.0524261 0.0694387 0.0125665 0.0476531 0.0620265 0.0030421 0.0486042 0.0607120 0.0582763 0.0449944 0.0710047 0.0531584 0.0513991 0.0675447 0.0851842 0.0466023 0.0524216 0.0565485 0.0479645 0.0534723 0.0482328 0.0616110 0.0515816 0.0000000 0.0684679 0.0580667 0.0717253 0.0786823 0.3239547 0.3239547 
Peramelidae_Peroryctes_raffrayana            0.0601120 0.0732474 0.0856021 0.0843972 0.0713752 0.0877142 0.0803662 0.0931613 0.0141371 0.0717054 0.0690607 0.0910167 0.0699187 0.0817587 0.0854407 0.0864947 0.0623448 0.0125008 0.0840848 0.0774599 0.0974693 0.1123617 0.0676230 0.0855960 0.0711936 0.0744667 0.0859649 0.0750339 0.0917601 0.0888078 0.0684679 0.0000000 0.0822502 0.0148206 0.1444005 0.4072025 0.4072025 
Dasyuridae_Dasyurus_geffroii                 0.0557029 0.0594786 0.0685878 0.0678826 0.0025954 0.0685020 0.0633775 0.0634953 0.0824145 0.0616855 0.0109273 0.0238992 0.0601197 0.0621453 0.0148649 0.0079913 0.0106310 0.0746345 0.0621048 0.0684712 0.0727196 0.0900435 0.0092539 0.0650010 0.0646228 0.0660380 0.0624382 0.0782557 0.0734049 0.0628229 0.0580667 0.0822502 0.0000000 0.0753823 0.0921850 0.2237226 0.2237226 
Peramelidae_Perameles_gunnii                 0.0652504 0.0710569 0.0820921 0.0813960 0.0626178 0.0834452 0.0768524 0.0825442 0.0010938 0.0762242 0.0638569 0.0819721 0.0738531 0.0790482 0.0745524 0.0766864 0.0576697 0.0150817 0.0826835 0.0765352 0.0857631 0.1038864 0.0602450 0.0769026 0.0738577 0.0771361 0.0831413 0.0776076 0.0879225 0.0796880 0.0717253 0.0148206 0.0753823 0.0000000 0.0994159 0.4630728 0.4630728 
Notoryctidae_Notoryctes_typhlops             0.0761214 0.0825624 0.0976111 0.0978566 0.0854101 0.0894824 0.0821710 0.0974134 0.1520575 0.0852151 0.0903205 0.0992567 0.0819219 0.0890984 0.0931710 0.0957556 0.0840274 0.0970838 0.0947269 0.0927658 0.1031500 0.1204112 0.0837241 0.0963437 0.0842701 0.0960865 0.0953837 0.1291436 0.1025479 0.0864081 0.0786823 0.1444005 0.0921850 0.0994159 0.0000000 0.4120877 0.4120877 
Myrmecobiidae_Myrmecobius_fasciatus1         0.2562396 0.3708613 0.3680522 0.3798679 9.0000000 0.5952654 0.6112707 0.3857470 0.4775759 0.3220321 9.0000000 0.2345440 0.3391156 0.3609860 0.2461829 0.2392620 9.0000000 0.4522728 0.3561636 0.3389736 9.0000000 0.4696358 9.0000000 0.3899507 0.2680614 0.3106870 0.3705682 0.3383896 0.3100625 0.3274510 0.3239547 0.4072025 0.2237226 0.4630728 0.4120877 0.0000000 0.0000010 
Myrmecobiidae_Myrmecobius_fasciatus2         0.2562396 0.3708613 0.3680522 0.3798679 9.0000000 0.5952654 0.6112707 0.3857470 0.4775759 0.3220321 9.0000000 0.2345440 0.3391156 0.3609860 0.2461829 0.2392620 9.0000000 0.4522728 0.3561636 0.3389736 9.0000000 0.4696358 9.0000000 0.3899507 0.2680614 0.3106870 0.3705682 0.3383896 0.3100625 0.3274510 0.3239547 0.4072025 0.2237226 0.4630728 0.4120877 0.0000010 0.0000000 
