37
Burramyidae_Burramys_parvus                  0.0000000 0.0506032 0.0360998 0.0597860 0.0578304 0.0610185 0.0353352 0.0303369 0.0587645 0.0521649 0.1269016 0.0297047 0.0653446 0.0655895 0.0376253 0.0311874 0.0650968 0.0631374 0.0470075 0.0285140 0.0566335 0.0521587 0.0498860 0.0374846 0.0308353 0.0477609 0.0281767 0.0503558 0.0329928 0.1269016 0.0352916 0.0504673 0.0641157 0.0536072 0.0615310 0.0498017 0.0663380 
Notoryctidae_Notoryctes_typhlops             0.0506032 0.0000000 0.0601012 0.0865782 0.0835887 0.0785712 0.0623721 0.0572798 0.0833659 0.0699414 0.2362904 0.0534451 0.0828786 0.0844762 0.0673513 0.0543719 0.0809728 0.0819352 0.0745979 0.0517004 0.0769503 0.0729266 0.0760308 0.0558471 0.0549055 0.0735977 0.0584591 0.0775015 0.0583717 0.2362904 0.0633943 0.0638466 0.0835718 0.0712744 0.0785429 0.0617181 0.0811897 
Vombatidae_Lasiorhinus_latifrons             0.0360998 0.0601012 0.0000000 0.0650879 0.0624876 0.0673943 0.0459931 0.0398656 0.0655995 0.0573046 0.1148047 0.0404499 0.0730808 0.0752951 0.0501087 0.0425883 0.0719489 0.0705557 0.0527691 0.0332671 0.0618857 0.0568545 0.0557527 0.0417233 0.0382015 0.0539321 0.0358880 0.0602258 0.0437870 0.1148047 0.0446373 0.0518155 0.0712433 0.0590030 0.0680052 0.0513660 0.0739937 
Potoroidae_Bettongia_penicillata             0.0597860 0.0865782 0.0650879 0.0000000 0.0070226 0.0929840 0.0682427 0.0612039 0.0252603 0.0781685 0.1359421 0.0649195 0.0989773 0.1043217 0.0716838 0.0645716 0.0987426 0.0945415 0.0320445 0.0589863 0.0890782 0.0860685 0.0516819 0.0695105 0.0610883 0.0300778 0.0382965 0.0751765 0.0644045 0.1359421 0.0686396 0.0767033 0.0968082 0.0803694 0.0970056 0.0759115 0.1021502 
Potoroidae_Bettongia_lesueur                 0.0578304 0.0835887 0.0624876 0.0070226 0.0000000 0.0906965 0.0660049 0.0588736 0.0223762 0.0768115 0.1454141 0.0619188 0.0968959 0.1016700 0.0692646 0.0623496 0.0966369 0.0922025 0.0295410 0.0564022 0.0859612 0.0817941 0.0499089 0.0684370 0.0594761 0.0276803 0.0394661 0.0729583 0.0622068 0.1454141 0.0656578 0.0752591 0.0943785 0.0791678 0.0943357 0.0750588 0.0998759 
Dasyuridae_Dasyurus_maculatus                0.0610185 0.0785712 0.0673943 0.0929840 0.0906965 0.0000000 0.0699530 0.0637378 0.0912603 0.0743123 0.0569477 0.0614167 0.0131154 0.0255877 0.0729097 0.0663733 0.0124462 0.0045509 0.0751269 0.0595692 0.0794172 0.0747460 0.0811311 0.0631688 0.0636654 0.0749931 0.0799146 0.0865430 0.0695883 0.0569477 0.0698453 0.0705222 0.0040273 0.0757235 0.0223534 0.0708198 0.0139154 
Phalangeridae_Trichosurus_vulpecula          0.0353352 0.0623721 0.0459931 0.0682427 0.0660049 0.0699530 0.0000000 0.0207969 0.0675974 0.0609814 0.0967190 0.0222286 0.0745794 0.0781287 0.0284198 0.0417969 0.0758614 0.0722694 0.0554906 0.0369540 0.0666004 0.0628212 0.0604821 0.0471369 0.0401237 0.0572311 0.0310925 0.0578053 0.0461973 0.0967190 0.0252545 0.0576179 0.0742337 0.0628753 0.0748937 0.0571251 0.0776999 
Phalangeridae_Spilocuscus_maculatus          0.0303369 0.0572798 0.0398656 0.0612039 0.0588736 0.0637378 0.0207969 0.0000000 0.0594306 0.0564931 0.0774296 0.0075488 0.0664169 0.0696831 0.0152742 0.0379505 0.0661387 0.0652292 0.0480584 0.0313968 0.0625537 0.0584091 0.0537181 0.0421411 0.0337263 0.0501323 0.0315631 0.0535818 0.0400723 0.0774296 0.0107045 0.0525068 0.0671273 0.0579387 0.0651512 0.0520041 0.0679649 
Potoroidae_Aepyprymnus_rufescens             0.0587645 0.0833659 0.0655995 0.0252603 0.0223762 0.0912603 0.0675974 0.0594306 0.0000000 0.0817551 0.1751189 0.0634362 0.0976424 0.1032426 0.0711550 0.0643454 0.0977650 0.0935197 0.0267157 0.0583131 0.0894851 0.0854355 0.0506388 0.0683433 0.0616909 0.0259868 0.0512555 0.0788689 0.0630984 0.1751189 0.0669710 0.0795058 0.0951693 0.0838894 0.0953863 0.0793729 0.0996975 
Peramelidae_Perameles_nasuta                 0.0521649 0.0699414 0.0573046 0.0781685 0.0768115 0.0743123 0.0609814 0.0564931 0.0817551 0.0000000 0.0896880 0.0483031 0.0786162 0.0790992 0.0610188 0.0552175 0.0793329 0.0747802 0.0701343 0.0528570 0.0678457 0.0661119 0.0698253 0.0550497 0.0560283 0.0697824 0.0622252 0.0722970 0.0564016 0.0896880 0.0620491 0.0157160 0.0780815 0.0005180 0.0745242 0.0149895 0.0792946 
Myrmecobiidae_Myrmecobius_fasciatus1         0.1269016 0.2362904 0.1148047 0.1359421 0.1454141 0.0569477 0.0967190 0.0774296 0.1751189 0.0896880 0.0000000 0.1132778 0.0569477 0.0404304 0.1342917 0.2036007 0.0431917 0.0372383 0.1454141 0.0569477 0.3036196 0.4319385 0.1751189 0.1532434 0.0774296 0.1454141 0.0702766 0.1022969 0.1356208 0.0000010 0.1342917 0.0730440 0.0569477 0.0896880 9.0000000 9.0000000 9.0000000 
Phalangeridae_Strigocuscus_pelengensis       0.0297047 0.0534451 0.0404499 0.0649195 0.0619188 0.0614167 0.0222286 0.0075488 0.0634362 0.0483031 0.1132778 0.0000000 0.0631511 0.0675600 0.0077889 0.0364697 0.0634697 0.0633164 0.0505069 0.0316765 0.0545988 0.0474798 0.0520626 0.0402821 0.0329769 0.0506498 0.0311695 0.0564449 0.0385252 0.1132778 0.0083748 0.0489949 0.0641233 0.0501506 0.0639868 0.0493412 0.0660564 
Dasyuridae_Phascogale_tapoatafa              0.0653446 0.0828786 0.0730808 0.0989773 0.0968959 0.0131154 0.0745794 0.0664169 0.0976424 0.0786162 0.0569477 0.0631511 0.0000000 0.0253205 0.0760862 0.0712200 0.0013455 0.0123738 0.0804049 0.0653087 0.0823759 0.0784392 0.0856366 0.0657572 0.0673143 0.0804062 0.0867602 0.0910913 0.0737980 0.0569477 0.0725815 0.0751173 0.0140943 0.0800063 0.0221493 0.0767244 0.0078353 
Dasyuridae_Sminthopsis_macroura              0.0655895 0.0844762 0.0752951 0.1043217 0.1016700 0.0255877 0.0781287 0.0696831 0.1032426 0.0790992 0.0404304 0.0675600 0.0253205 0.0000000 0.0795733 0.0728215 0.0253005 0.0254487 0.0862454 0.0658864 0.0846277 0.0816545 0.0893209 0.0689301 0.0708200 0.0848405 0.0873769 0.0897857 0.0765474 0.0404304 0.0759243 0.0772280 0.0267844 0.0807267 0.0208157 0.0791818 0.0282740 
Phalangeridae_Phalanger_orientalis           0.0376253 0.0673513 0.0501087 0.0716838 0.0692646 0.0729097 0.0284198 0.0152742 0.0711550 0.0610188 0.1342917 0.0077889 0.0760862 0.0795733 0.0000000 0.0459681 0.0769034 0.0752436 0.0578831 0.0399409 0.0660953 0.0628463 0.0619542 0.0512902 0.0430222 0.0590054 0.0436071 0.0624531 0.0468734 0.1342917 0.0089214 0.0630589 0.0763425 0.0627340 0.0752901 0.0624323 0.0791344 
Acrobatidae_Acrobates_pygmaeus               0.0311874 0.0543719 0.0425883 0.0645716 0.0623496 0.0663733 0.0417969 0.0379505 0.0643454 0.0552175 0.2036007 0.0364697 0.0712200 0.0728215 0.0459681 0.0000000 0.0705273 0.0688462 0.0528519 0.0301883 0.0642281 0.0586715 0.0552455 0.0435105 0.0345860 0.0522007 0.0342775 0.0524285 0.0235816 0.2036007 0.0423807 0.0525457 0.0692700 0.0569434 0.0679593 0.0509874 0.0713153 
Dasyuridae_Phascogale_calura                 0.0650968 0.0809728 0.0719489 0.0987426 0.0966369 0.0124462 0.0758614 0.0661387 0.0977650 0.0793329 0.0431917 0.0634697 0.0013455 0.0253005 0.0769034 0.0705273 0.0000000 0.0119663 0.0805478 0.0653581 0.0823525 0.0783517 0.0849223 0.0660825 0.0671037 0.0798150 0.0877598 0.0919178 0.0742768 0.0431917 0.0726061 0.0757896 0.0134716 0.0807386 0.0231193 0.0771747 0.0075638 
Dasyuridae_Sarcophilus_harrisii              0.0631374 0.0819352 0.0705557 0.0945415 0.0922025 0.0045509 0.0722694 0.0652292 0.0935197 0.0747802 0.0372383 0.0633164 0.0123738 0.0254487 0.0752436 0.0688462 0.0119663 0.0000000 0.0771759 0.0619363 0.0811184 0.0763819 0.0824747 0.0646088 0.0654445 0.0770108 0.0835329 0.0890194 0.0713470 0.0372383 0.0717004 0.0705454 0.0056950 0.0761958 0.0234064 0.0717882 0.0136959 
Macropodidae_Dorcopsulus_vanheurni           0.0470075 0.0745979 0.0527691 0.0320445 0.0295410 0.0751269 0.0554906 0.0480584 0.0267157 0.0701343 0.1454141 0.0505069 0.0804049 0.0862454 0.0578831 0.0528519 0.0805478 0.0771759 0.0000000 0.0461969 0.0733661 0.0698701 0.0412456 0.0563043 0.0513149 0.0067743 0.0438343 0.0666178 0.0519431 0.1454141 0.0550135 0.0672686 0.0795921 0.0726033 0.0772241 0.0668502 0.0832071 
Pseudochiridae_Pseudochirulus_forbesi        0.0285140 0.0517004 0.0332671 0.0589863 0.0564022 0.0595692 0.0369540 0.0313968 0.0583131 0.0528570 0.0569477 0.0316765 0.0653087 0.0658864 0.0399409 0.0301883 0.0653581 0.0619363 0.0461969 0.0000000 0.0555643 0.0518996 0.0457628 0.0352743 0.0186862 0.0457173 0.0097734 0.0422412 0.0325460 0.0569477 0.0365650 0.0484840 0.0616489 0.0539652 0.0631860 0.0499427 0.0685143 
Didelphidae_Didelphis_virginiana             0.0566335 0.0769503 0.0618857 0.0890782 0.0859612 0.0794172 0.0666004 0.0625537 0.0894851 0.0678457 0.3036196 0.0545988 0.0823759 0.0846277 0.0660953 0.0642281 0.0823525 0.0811184 0.0733661 0.0555643 0.0000000 0.0196022 0.0776835 0.0578733 0.0556061 0.0742125 0.0631678 0.0742936 0.0648029 0.3036196 0.0684651 0.0639309 0.0822654 0.0685564 0.0760488 0.0622440 0.0822813 
Marmosidae_Monodelphis_domestica             0.0521587 0.0729266 0.0568545 0.0860685 0.0817941 0.0747460 0.0628212 0.0584091 0.0854355 0.0661119 0.4319385 0.0474798 0.0784392 0.0816545 0.0628463 0.0586715 0.0783517 0.0763819 0.0698701 0.0518996 0.0196022 0.0000000 0.0732099 0.0536739 0.0522677 0.0714387 0.0602037 0.0716274 0.0605675 0.4319385 0.0645232 0.0637190 0.0782957 0.0671538 0.0730424 0.0606197 0.0785471 
Hypsiprymnodontidae_Hypsiprymnodon_moschatus 0.0498860 0.0760308 0.0557527 0.0516819 0.0499089 0.0811311 0.0604821 0.0537181 0.0506388 0.0698253 0.1751189 0.0520626 0.0856366 0.0893209 0.0619542 0.0552455 0.0849223 0.0824747 0.0412456 0.0457628 0.0776835 0.0732099 0.0000000 0.0593267 0.0510763 0.0391267 0.0425361 0.0717686 0.0533923 0.1751189 0.0594260 0.0699045 0.0856508 0.0715168 0.0830621 0.0692950 0.0888814 
Microbiotheriidae_Dromiciops_gliroides       0.0374846 0.0558471 0.0417233 0.0695105 0.0684370 0.0631688 0.0471369 0.0421411 0.0683433 0.0550497 0.1532434 0.0402821 0.0657572 0.0689301 0.0512902 0.0435105 0.0660825 0.0646088 0.0563043 0.0352743 0.0578733 0.0536739 0.0593267 0.0000000 0.0388562 0.0566887 0.0385195 0.0589974 0.0438075 0.1532434 0.0482504 0.0506672 0.0657358 0.0561503 0.0616339 0.0496882 0.0669885 
Pseudochiridae_Petauroides_volans            0.0308353 0.0549055 0.0382015 0.0610883 0.0594761 0.0636654 0.0401237 0.0337263 0.0616909 0.0560283 0.0774296 0.0329769 0.0673143 0.0708200 0.0430222 0.0345860 0.0671037 0.0654445 0.0513149 0.0186862 0.0556061 0.0522677 0.0510763 0.0388562 0.0000000 0.0516574 0.0210619 0.0462336 0.0360825 0.0774296 0.0392657 0.0520739 0.0653817 0.0570751 0.0645216 0.0531856 0.0696724 
Macropodidae_Wallabia_bicolor                0.0477609 0.0735977 0.0539321 0.0300778 0.0276803 0.0749931 0.0572311 0.0501323 0.0259868 0.0697824 0.1454141 0.0506498 0.0804062 0.0848405 0.0590054 0.0522007 0.0798150 0.0770108 0.0067743 0.0457173 0.0742125 0.0714387 0.0391267 0.0566887 0.0516574 0.0000000 0.0409006 0.0655356 0.0510873 0.1454141 0.0557004 0.0677151 0.0792231 0.0722333 0.0758806 0.0667656 0.0821920 
Pseudochiridae_Pseudocheirus_occidentalis    0.0281767 0.0584591 0.0358880 0.0382965 0.0394661 0.0799146 0.0310925 0.0315631 0.0512555 0.0622252 0.0702766 0.0311695 0.0867602 0.0873769 0.0436071 0.0342775 0.0877598 0.0835329 0.0438343 0.0097734 0.0631678 0.0602037 0.0425361 0.0385195 0.0210619 0.0409006 0.0000000 0.0295556 0.0340033 0.0702766 0.0380852 0.0544793 0.0834077 0.0614063 0.0843307 0.0531797 0.0925352 
Tarsipedidae_Tarsipes_rostratus              0.0503558 0.0775015 0.0602258 0.0751765 0.0729583 0.0865430 0.0578053 0.0535818 0.0788689 0.0722970 0.1022969 0.0564449 0.0910913 0.0897857 0.0624531 0.0524285 0.0919178 0.0890194 0.0666178 0.0422412 0.0742936 0.0716274 0.0717686 0.0589974 0.0462336 0.0655356 0.0295556 0.0000000 0.0552306 0.1022969 0.0591290 0.0675627 0.0900800 0.0740191 0.0873506 0.0687902 0.0915859 
Acrobatidae_Distoechurus_pennatus            0.0329928 0.0583717 0.0437870 0.0644045 0.0622068 0.0695883 0.0461973 0.0400723 0.0630984 0.0564016 0.1356208 0.0385252 0.0737980 0.0765474 0.0468734 0.0235816 0.0742768 0.0713470 0.0519431 0.0325460 0.0648029 0.0605675 0.0533923 0.0438075 0.0360825 0.0510873 0.0340033 0.0552306 0.0000000 0.1356208 0.0442554 0.0537697 0.0730614 0.0581021 0.0686007 0.0530711 0.0738889 
Myrmecobiidae_Myrmecobius_fasciatus2         0.1269016 0.2362904 0.1148047 0.1359421 0.1454141 0.0569477 0.0967190 0.0774296 0.1751189 0.0896880 0.0000010 0.1132778 0.0569477 0.0404304 0.1342917 0.2036007 0.0431917 0.0372383 0.1454141 0.0569477 0.3036196 0.4319385 0.1751189 0.1532434 0.0774296 0.1454141 0.0702766 0.1022969 0.1356208 0.0000000 0.1342917 0.0730440 0.0569477 0.0896880 9.0000000 9.0000000 9.0000000 
Phalangeridae_Phalanger_carmelitae           0.0352916 0.0633943 0.0446373 0.0686396 0.0656578 0.0698453 0.0252545 0.0107045 0.0669710 0.0620491 0.1342917 0.0083748 0.0725815 0.0759243 0.0089214 0.0423807 0.0726061 0.0717004 0.0550135 0.0365650 0.0684651 0.0645232 0.0594260 0.0482504 0.0392657 0.0557004 0.0380852 0.0591290 0.0442554 0.1342917 0.0000000 0.0581169 0.0733124 0.0641795 0.0711224 0.0582447 0.0743573 
Peramelidae_Peroryctes_raffrayana            0.0504673 0.0638466 0.0518155 0.0767033 0.0752591 0.0705222 0.0576179 0.0525068 0.0795058 0.0157160 0.0730440 0.0489949 0.0751173 0.0772280 0.0630589 0.0525457 0.0757896 0.0705454 0.0672686 0.0484840 0.0639309 0.0637190 0.0699045 0.0506672 0.0520739 0.0677151 0.0544793 0.0675627 0.0537697 0.0730440 0.0581169 0.0000000 0.0739111 0.0153188 0.0712959 0.0067863 0.0770627 
Dasyuridae_Dasyurus_geffroii                 0.0641157 0.0835718 0.0712433 0.0968082 0.0943785 0.0040273 0.0742337 0.0671273 0.0951693 0.0780815 0.0569477 0.0641233 0.0140943 0.0267844 0.0763425 0.0692700 0.0134716 0.0056950 0.0795921 0.0616489 0.0822654 0.0782957 0.0856508 0.0657358 0.0653817 0.0792231 0.0834077 0.0900800 0.0730614 0.0569477 0.0733124 0.0739111 0.0000000 0.0794437 0.0238089 0.0734228 0.0149896 
Peramelidae_Perameles_gunnii                 0.0536072 0.0712744 0.0590030 0.0803694 0.0791678 0.0757235 0.0628753 0.0579387 0.0838894 0.0005180 0.0896880 0.0501506 0.0800063 0.0807267 0.0627340 0.0569434 0.0807386 0.0761958 0.0726033 0.0539652 0.0685564 0.0671538 0.0715168 0.0561503 0.0570751 0.0722333 0.0614063 0.0740191 0.0581021 0.0896880 0.0641795 0.0153188 0.0794437 0.0000000 0.0761395 0.0142342 0.0811434 
Dasyuridae_Planigale_tenuirostris            0.0615310 0.0785429 0.0680052 0.0970056 0.0943357 0.0223534 0.0748937 0.0651512 0.0953863 0.0745242 9.0000000 0.0639868 0.0221493 0.0208157 0.0752901 0.0679593 0.0231193 0.0234064 0.0772241 0.0631860 0.0760488 0.0730424 0.0830621 0.0616339 0.0645216 0.0758806 0.0843307 0.0873506 0.0686007 9.0000000 0.0711224 0.0712959 0.0238089 0.0761395 0.0000000 0.0724087 0.0253872 
Peramelidae_Echymipera_kalubu                0.0498017 0.0617181 0.0513660 0.0759115 0.0750588 0.0708198 0.0571251 0.0520041 0.0793729 0.0149895 9.0000000 0.0493412 0.0767244 0.0791818 0.0624323 0.0509874 0.0771747 0.0717882 0.0668502 0.0499427 0.0622440 0.0606197 0.0692950 0.0496882 0.0531856 0.0667656 0.0531797 0.0687902 0.0530711 9.0000000 0.0582447 0.0067863 0.0734228 0.0142342 0.0724087 0.0000000 0.0780115 
Dasyuridae_Antechinus_stuartii               0.0663380 0.0811897 0.0739937 0.1021502 0.0998759 0.0139154 0.0776999 0.0679649 0.0996975 0.0792946 9.0000000 0.0660564 0.0078353 0.0282740 0.0791344 0.0713153 0.0075638 0.0136959 0.0832071 0.0685143 0.0822813 0.0785471 0.0888814 0.0669885 0.0696724 0.0821920 0.0925352 0.0915859 0.0738889 9.0000000 0.0743573 0.0770627 0.0149896 0.0811434 0.0253872 0.0780115 0.0000000 
