35
Burramyidae_Burramys_parvus                  0.0000000 0.0975961 0.0541360 0.0451070 0.0480201 0.0709005 0.0294066 0.0443546 0.0451713 0.0611474 0.0436392 0.0694886 0.0746014 0.0379832 0.0427823 0.0708869 0.0707650 0.0671323 0.0684732 0.0363596 0.0398348 0.0877930 0.0804792 0.0654296 0.0498678 0.0580938 0.0563556 0.0380557 0.0477575 0.0547416 0.0464866 0.0446069 0.0648023 0.0701127 0.0665658 
Notoryctidae_Notoryctes_typhlops             0.0975961 0.0000000 0.1089995 0.1015425 0.1023158 0.1006976 0.0858624 0.1052360 0.0964330 0.0987025 0.1032447 0.1021770 0.1106420 0.0955892 0.1000974 0.1022224 0.1028019 0.0996009 0.0939659 0.0930418 0.1028801 0.1291937 0.1135255 0.0969843 0.1030246 0.0969621 0.1149318 0.0921139 0.0977674 0.1161993 0.1031444 0.1055682 0.0932411 0.1021555 0.0968601 
Vombatidae_Lasiorhinus_latifrons             0.0541360 0.1089995 0.0000000 0.0600116 0.0620829 0.0826928 0.0418634 0.0546166 0.0596536 0.0687502 0.0542427 0.0800879 0.0862867 0.0527084 0.0539566 0.0802813 0.0809289 0.0752184 0.0767813 0.0533535 0.0597283 0.0991709 0.1010100 0.0766829 0.0649120 0.0643604 0.0785441 0.0523521 0.0615572 0.0719453 0.0564588 0.0551604 0.0783667 0.0817923 0.0737086 
Potoroidae_Bettongia_penicillata             0.0451070 0.1015425 0.0600116 0.0000000 0.0022494 0.0763915 0.0399096 0.0572247 0.0098368 0.0620751 0.0553491 0.0755824 0.0817898 0.0492161 0.0510987 0.0754850 0.0747893 0.0708460 0.0683772 0.0179193 0.0493895 0.1017554 0.0973692 0.0700429 0.0368096 0.0639988 0.0619071 0.0188665 0.0505103 0.0635356 0.0507535 0.0537239 0.0641890 0.0755705 0.0677644 
Potoroidae_Bettongia_lesueur                 0.0480201 0.1023158 0.0620829 0.0022494 0.0000000 0.0764245 0.0415370 0.0591930 0.0117011 0.0651201 0.0572429 0.0756155 0.0818221 0.0510332 0.0529630 0.0756009 0.0748224 0.0717686 0.0704564 0.0191732 0.0511952 0.1042383 0.0998034 0.0700764 0.0384018 0.0660325 0.0625945 0.0201456 0.0536545 0.0655982 0.0525891 0.0556051 0.0657952 0.0756036 0.0698558 
Dasyuridae_Dasyurus_maculatus                0.0709005 0.1006976 0.0826928 0.0763915 0.0764245 0.0000000 0.0603474 0.0757519 0.0781318 0.0716136 0.0748560 0.0114066 0.0218891 0.0675157 0.0757607 0.0129316 0.0025882 0.0182101 0.0771227 0.0691031 0.0744643 0.1046262 0.0950376 0.0114390 0.0773261 0.0690515 0.0895462 0.0673080 0.0792269 0.0857604 0.0800089 0.0732816 0.0677847 0.0025866 0.0761040 
Phalangeridae_Trichosurus_vulpecula          0.0294066 0.0858624 0.0418634 0.0399096 0.0415370 0.0603474 0.0000000 0.0159219 0.0378626 0.0444416 0.0145020 0.0583785 0.0647605 0.0126289 0.0307286 0.0583972 0.0602831 0.0538664 0.0510204 0.0306979 0.0349962 0.0852476 0.0789633 0.0520712 0.0394095 0.0448362 0.0483125 0.0311921 0.0343513 0.0450381 0.0362441 0.0157163 0.0477895 0.0596195 0.0491610 
Phalangeridae_Spilocuscus_maculatus          0.0443546 0.1052360 0.0546166 0.0572247 0.0591930 0.0757519 0.0159219 0.0000000 0.0550189 0.0558573 0.0114617 0.0750065 0.0836493 0.0138580 0.0447505 0.0763262 0.0755945 0.0684100 0.0649067 0.0468218 0.0485945 0.1022648 0.0952537 0.0698310 0.0529234 0.0610217 0.0678500 0.0475829 0.0520862 0.0577256 0.0487394 0.0130592 0.0633703 0.0749142 0.0629112 
Potoroidae_Aepyprymnus_rufescens             0.0451713 0.0964330 0.0596536 0.0098368 0.0117011 0.0781318 0.0378626 0.0550189 0.0000000 0.0624028 0.0542410 0.0773093 0.0851122 0.0471907 0.0499735 0.0772476 0.0765031 0.0726791 0.0673903 0.0175350 0.0485450 0.1042953 0.0948974 0.0703116 0.0363988 0.0648646 0.0598647 0.0176529 0.0508300 0.0600260 0.0508769 0.0526186 0.0638964 0.0772978 0.0674023 
Peramelidae_Perameles_nasuta                 0.0611474 0.0987025 0.0687502 0.0620751 0.0651201 0.0716136 0.0444416 0.0558573 0.0624028 0.0000000 0.0581472 0.0716407 0.0781421 0.0504888 0.0638456 0.0714145 0.0691663 0.0723636 0.0142886 0.0543340 0.0627382 0.0927277 0.0900968 0.0677051 0.0598908 0.0639327 0.0814574 0.0532841 0.0668772 0.0720239 0.0647823 0.0561790 0.0152822 0.0707380 0.0006832 
Phalangeridae_Strigocuscus_pelengensis       0.0436392 0.1032447 0.0542427 0.0553491 0.0572429 0.0748560 0.0145020 0.0114617 0.0542410 0.0581472 0.0000000 0.0733703 0.0811408 0.0128545 0.0438353 0.0748308 0.0747029 0.0672287 0.0674509 0.0445752 0.0467829 0.0973904 0.0900988 0.0684481 0.0523068 0.0581198 0.0644433 0.0459072 0.0514432 0.0582761 0.0476019 0.0117059 0.0641352 0.0740287 0.0641391 
Dasyuridae_Phascogale_tapoatafa              0.0694886 0.1021770 0.0800879 0.0755824 0.0756155 0.0114066 0.0583785 0.0750065 0.0773093 0.0716407 0.0733703 0.0000000 0.0214296 0.0682148 0.0699856 0.0025901 0.0114074 0.0172597 0.0792984 0.0670200 0.0744391 0.1063597 0.0934393 0.0039348 0.0765902 0.0690416 0.0928650 0.0673024 0.0773048 0.0841187 0.0756127 0.0704557 0.0693503 0.0114016 0.0768533 
Dasyuridae_Sminthopsis_macroura              0.0746014 0.1106420 0.0862867 0.0817898 0.0818221 0.0218891 0.0647605 0.0836493 0.0851122 0.0781421 0.0811408 0.0214296 0.0000000 0.0757326 0.0835742 0.0231710 0.0218768 0.0136355 0.0844855 0.0723231 0.0827982 0.1132514 0.1039664 0.0197586 0.0842749 0.0768591 0.0982783 0.0719048 0.0907137 0.0944004 0.0895420 0.0787251 0.0796884 0.0210152 0.0813753 
Phalangeridae_Phalanger_orientalis           0.0379832 0.0955892 0.0527084 0.0492161 0.0510332 0.0675157 0.0126289 0.0138580 0.0471907 0.0504888 0.0128545 0.0682148 0.0757326 0.0000000 0.0399205 0.0695850 0.0673910 0.0615893 0.0628234 0.0413378 0.0419643 0.0973399 0.0889082 0.0628590 0.0474946 0.0546513 0.0580424 0.0420569 0.0453653 0.0507804 0.0430857 0.0098452 0.0592282 0.0674629 0.0582909 
Acrobatidae_Acrobates_pygmaeus               0.0427823 0.1000974 0.0539566 0.0510987 0.0529630 0.0757607 0.0307286 0.0447505 0.0499735 0.0638456 0.0438353 0.0699856 0.0835742 0.0399205 0.0000000 0.0727825 0.0763090 0.0730046 0.0716291 0.0416427 0.0423947 0.0928618 0.0853275 0.0672882 0.0522281 0.0613109 0.0565984 0.0419862 0.0499249 0.0481675 0.0243452 0.0446501 0.0687027 0.0756354 0.0711625 
Dasyuridae_Phascogale_calura                 0.0708869 0.1022224 0.0802813 0.0754850 0.0756009 0.0129316 0.0583972 0.0763262 0.0772476 0.0714145 0.0748308 0.0025901 0.0231710 0.0695850 0.0727825 0.0000000 0.0129273 0.0186227 0.0793295 0.0669757 0.0758725 0.1053962 0.0933830 0.0046167 0.0765755 0.0698137 0.0946503 0.0673295 0.0798226 0.0834211 0.0784698 0.0725579 0.0698530 0.0129258 0.0768827 
Dasyuridae_Sarcophilus_harrisii              0.0707650 0.1028019 0.0809289 0.0747893 0.0748224 0.0025882 0.0602831 0.0755945 0.0765031 0.0691663 0.0747029 0.0114074 0.0218768 0.0673910 0.0763090 0.0129273 0.0000000 0.0182116 0.0769630 0.0675991 0.0743166 0.1035445 0.0948037 0.0114398 0.0771662 0.0689630 0.0902610 0.0645108 0.0772591 0.0855632 0.0805493 0.0731366 0.0669949 0.0025871 0.0744867 
Dasyuridae_Planigale_tenuirostris            0.0671323 0.0996009 0.0752184 0.0708460 0.0717686 0.0182101 0.0538664 0.0684100 0.0726791 0.0723636 0.0672287 0.0172597 0.0136355 0.0615893 0.0730046 0.0186227 0.0182116 0.0000000 0.0773233 0.0651524 0.0699713 0.1030295 0.0956488 0.0154183 0.0718980 0.0713453 0.0900455 0.0643743 0.0796045 0.0797645 0.0800078 0.0690104 0.0713965 0.0181931 0.0745848 
Peramelidae_Echymipera_kalubu                0.0684732 0.0939659 0.0767813 0.0683772 0.0704564 0.0771227 0.0510204 0.0649067 0.0673903 0.0142886 0.0674509 0.0792984 0.0844855 0.0628234 0.0716291 0.0793295 0.0769630 0.0773233 0.0000000 0.0603817 0.0723185 0.0986526 0.0900081 0.0750928 0.0692602 0.0662328 0.0873239 0.0619585 0.0759208 0.0764729 0.0742928 0.0635107 0.0142108 0.0762926 0.0139634 
Macropodidae_Dorcopsulus_vanheurni           0.0363596 0.0930418 0.0533535 0.0179193 0.0191732 0.0691031 0.0306979 0.0468218 0.0175350 0.0543340 0.0445752 0.0670200 0.0723231 0.0413378 0.0416427 0.0669757 0.0675991 0.0651524 0.0603817 0.0000000 0.0418567 0.0951913 0.0855925 0.0624076 0.0326554 0.0537116 0.0533408 0.0066429 0.0421981 0.0537522 0.0447466 0.0449338 0.0589630 0.0683304 0.0597472 
Pseudochiridae_Pseudochirulus_forbesi        0.0398348 0.1028801 0.0597283 0.0493895 0.0511952 0.0744643 0.0349962 0.0485945 0.0485450 0.0627382 0.0467829 0.0744391 0.0827982 0.0419643 0.0423947 0.0758725 0.0743166 0.0699713 0.0723185 0.0418567 0.0000000 0.0921621 0.0816002 0.0688647 0.0524045 0.0618034 0.0337530 0.0433689 0.0124629 0.0470319 0.0443534 0.0488072 0.0714524 0.0736602 0.0671301 
Didelphidae_Didelphis_virginiana             0.0877930 0.1291937 0.0991709 0.1017554 0.1042383 0.1046262 0.0852476 0.1022648 0.1042953 0.0927277 0.0973904 0.1063597 0.1132514 0.0973399 0.0928618 0.1053962 0.1035445 0.1030295 0.0986526 0.0951913 0.0921621 0.0000000 0.0291924 0.1054278 0.1058190 0.0950360 0.1216934 0.0936351 0.1060851 0.1019428 0.0998999 0.1036659 0.1011056 0.1028357 0.0955133 
Marmosidae_Monodelphis_domestica             0.0804792 0.1135255 0.1010100 0.0973692 0.0998034 0.0950376 0.0789633 0.0952537 0.0948974 0.0900968 0.0900988 0.0934393 0.1039664 0.0889082 0.0853275 0.0933830 0.0948037 0.0956488 0.0900081 0.0855925 0.0816002 0.0291924 0.0000000 0.0909850 0.0970902 0.0870326 0.1110506 0.0840844 0.0933269 0.0944883 0.0914428 0.0969413 0.0902287 0.0924967 0.0915058 
Dasyuridae_Antechinus_stuartii               0.0654296 0.0969843 0.0766829 0.0700429 0.0700764 0.0114390 0.0520712 0.0698310 0.0703116 0.0677051 0.0684481 0.0039348 0.0197586 0.0628590 0.0672882 0.0046167 0.0114398 0.0154183 0.0750928 0.0624076 0.0688647 0.1054278 0.0909850 0.0000000 0.0696221 0.0634171 0.0838511 0.0619154 0.0701602 0.0797278 0.0736283 0.0670902 0.0669209 0.0114340 0.0726279 
Hypsiprymnodontidae_Hypsiprymnodon_moschatus 0.0498678 0.1030246 0.0649120 0.0368096 0.0384018 0.0773261 0.0394095 0.0529234 0.0363988 0.0598908 0.0523068 0.0765902 0.0842749 0.0474946 0.0522281 0.0765755 0.0771662 0.0718980 0.0692602 0.0326554 0.0524045 0.1058190 0.0970902 0.0696221 0.0000000 0.0668405 0.0620106 0.0338962 0.0568781 0.0644040 0.0580476 0.0514252 0.0681167 0.0764979 0.0673161 
Microbiotheriidae_Dromiciops_gliroides       0.0580938 0.0969621 0.0643604 0.0639988 0.0660325 0.0690515 0.0448362 0.0610217 0.0648646 0.0639327 0.0581198 0.0690416 0.0768591 0.0546513 0.0613109 0.0698137 0.0689630 0.0713453 0.0662328 0.0537116 0.0618034 0.0950360 0.0870326 0.0634171 0.0668405 0.0000000 0.0763613 0.0549140 0.0623263 0.0712894 0.0634697 0.0580308 0.0658732 0.0682556 0.0673472 
Pseudochiridae_Petauroides_volans            0.0563556 0.1149318 0.0785441 0.0619071 0.0625945 0.0895462 0.0483125 0.0678500 0.0598647 0.0814574 0.0644433 0.0928650 0.0982783 0.0580424 0.0565984 0.0946503 0.0902610 0.0900455 0.0873239 0.0533408 0.0337530 0.1216934 0.1110506 0.0838511 0.0620106 0.0763613 0.0000000 0.0550873 0.0267513 0.0605963 0.0603467 0.0659624 0.0873403 0.0894534 0.0884744 
Macropodidae_Wallabia_bicolor                0.0380557 0.0921139 0.0523521 0.0188665 0.0201456 0.0673080 0.0311921 0.0475829 0.0176529 0.0532841 0.0459072 0.0673024 0.0719048 0.0420569 0.0419862 0.0673295 0.0645108 0.0643743 0.0619585 0.0066429 0.0433689 0.0936351 0.0840844 0.0619154 0.0338962 0.0549140 0.0550873 0.0000000 0.0434175 0.0542423 0.0456546 0.0456702 0.0593115 0.0665446 0.0587739 
Pseudochiridae_Pseudocheirus_occidentalis    0.0477575 0.0977674 0.0615572 0.0505103 0.0536545 0.0792269 0.0343513 0.0520862 0.0508300 0.0668772 0.0514432 0.0773048 0.0907137 0.0453653 0.0499249 0.0798226 0.0772591 0.0796045 0.0759208 0.0421981 0.0124629 0.1060851 0.0933269 0.0701602 0.0568781 0.0623263 0.0267513 0.0434175 0.0000000 0.0523118 0.0465787 0.0547372 0.0754316 0.0781983 0.0706774 
Tarsipedidae_Tarsipes_rostratus              0.0547416 0.1161993 0.0719453 0.0635356 0.0655982 0.0857604 0.0450381 0.0577256 0.0600260 0.0720239 0.0582761 0.0841187 0.0944004 0.0507804 0.0481675 0.0834211 0.0855632 0.0797645 0.0764729 0.0537522 0.0470319 0.1019428 0.0944883 0.0797278 0.0644040 0.0712894 0.0605963 0.0542423 0.0523118 0.0000000 0.0565325 0.0591312 0.0766401 0.0848656 0.0753275 
Acrobatidae_Distoechurus_pennatus            0.0464866 0.1031444 0.0564588 0.0507535 0.0525891 0.0800089 0.0362441 0.0487394 0.0508769 0.0647823 0.0476019 0.0756127 0.0895420 0.0430857 0.0243452 0.0784698 0.0805493 0.0800078 0.0742928 0.0447466 0.0443534 0.0998999 0.0914428 0.0736283 0.0580476 0.0634697 0.0603467 0.0456546 0.0465787 0.0565325 0.0000000 0.0478943 0.0722246 0.0798754 0.0738146 
Phalangeridae_Phalanger_carmelitae           0.0446069 0.1055682 0.0551604 0.0537239 0.0556051 0.0732816 0.0157163 0.0130592 0.0526186 0.0561790 0.0117059 0.0704557 0.0787251 0.0098452 0.0446501 0.0725579 0.0731366 0.0690104 0.0635107 0.0449338 0.0488072 0.1036659 0.0969413 0.0670902 0.0514252 0.0580308 0.0659624 0.0456702 0.0547372 0.0591312 0.0478943 0.0000000 0.0637575 0.0732228 0.0629113 
Peramelidae_Peroryctes_raffrayana            0.0648023 0.0932411 0.0783667 0.0641890 0.0657952 0.0677847 0.0477895 0.0633703 0.0638964 0.0152822 0.0641352 0.0693503 0.0796884 0.0592282 0.0687027 0.0698530 0.0669949 0.0713965 0.0142108 0.0589630 0.0714524 0.1011056 0.0902287 0.0669209 0.0681167 0.0658732 0.0873403 0.0593115 0.0754316 0.0766401 0.0722246 0.0637575 0.0000000 0.0677714 0.0151577 
Dasyuridae_Dasyurus_geffroii                 0.0701127 0.1021555 0.0817923 0.0755705 0.0756036 0.0025866 0.0596195 0.0749142 0.0772978 0.0707380 0.0740287 0.0114016 0.0210152 0.0674629 0.0756354 0.0129258 0.0025871 0.0181931 0.0762926 0.0683304 0.0736602 0.1028357 0.0924967 0.0114340 0.0764979 0.0682556 0.0894534 0.0665446 0.0781983 0.0848656 0.0798754 0.0732228 0.0677714 0.0000000 0.0752763 
Peramelidae_Perameles_gunnii                 0.0665658 0.0968601 0.0737086 0.0677644 0.0698558 0.0761040 0.0491610 0.0629112 0.0674023 0.0006832 0.0641391 0.0768533 0.0813753 0.0582909 0.0711625 0.0768827 0.0744867 0.0745848 0.0139634 0.0597472 0.0671301 0.0955133 0.0915058 0.0726279 0.0673161 0.0673472 0.0884744 0.0587739 0.0706774 0.0753275 0.0738146 0.0629113 0.0151577 0.0752763 0.0000000 
