37
Burramyidae_Burramys_parvus                  0.0000000 0.0621856 0.0287730 0.0351841 0.0398019 0.0494748 0.0301003 0.0339530 0.0352211 0.0628592 0.0454477 0.0280776 0.0487947 0.0508131 0.0320820 0.0333399 0.0480526 0.0481454 0.0489932 0.0665414 0.0363223 0.0405112 0.0620133 0.0677683 0.0529698 0.0372962 0.0438972 0.0335030 0.0340469 0.0436527 0.0441492 0.0373058 0.0454477 0.0319345 0.0648376 0.0487317 0.0644093 
Notoryctidae_Notoryctes_typhlops             0.0621856 0.0000000 0.0581306 0.0747150 0.0674746 0.0591998 0.0650160 0.0705271 0.0722920 0.0850094 0.0887182 0.0636669 0.0641543 0.0611641 0.0698004 0.0716908 0.0741449 0.0592665 0.0629956 0.0881010 0.0777144 0.0686185 0.0792124 0.0924369 0.0687636 0.0779509 0.0681799 0.0670914 0.0648320 0.1157166 0.0846995 0.0739768 0.0887182 0.0681572 0.0867165 0.0610224 0.0859602 
Vombatidae_Lasiorhinus_latifrons             0.0287730 0.0581306 0.0000000 0.0369576 0.0415868 0.0484431 0.0331155 0.0376198 0.0362630 0.0596774 0.0463365 0.0312027 0.0463409 0.0470057 0.0344686 0.0336560 0.0449593 0.0478152 0.0489245 0.0613845 0.0393494 0.0400569 0.0673249 0.0692812 0.0518155 0.0422438 0.0415481 0.0350966 0.0376534 0.0460463 0.0462131 0.0382528 0.0463365 0.0330482 0.0615355 0.0463871 0.0602212 
Potoroidae_Bettongia_penicillata             0.0351841 0.0747150 0.0369576 0.0000000 0.0050530 0.0596080 0.0362637 0.0420790 0.0073315 0.0694621 0.0554130 0.0383713 0.0580693 0.0560030 0.0388422 0.0420022 0.0580152 0.0575261 0.0536908 0.0754125 0.0155331 0.0448274 0.0746737 0.0835890 0.0611568 0.0301955 0.0493410 0.0412518 0.0138485 0.0521194 0.0502605 0.0480121 0.0554130 0.0373685 0.0727639 0.0560659 0.0711882 
Potoroidae_Bettongia_lesueur                 0.0398019 0.0674746 0.0415868 0.0050530 0.0000000 0.0500475 0.0400965 0.0439803 0.0107824 0.0744788 0.0590362 0.0396004 0.0507320 0.0595070 0.0407770 0.0479372 0.0510646 0.0617617 0.0576809 0.0781511 0.0209160 0.0495134 0.0652901 0.0866357 0.0503008 0.0320860 0.0470491 0.0439679 0.0136224 0.0350639 0.0559224 0.0527340 0.0590362 0.0392114 0.0763558 0.0494034 0.0762202 
Dasyuridae_Dasyurus_maculatus                0.0494748 0.0591998 0.0484431 0.0596080 0.0500475 0.0000000 0.0519878 0.0577016 0.0560078 0.0705973 0.0282827 0.0540191 0.0126103 0.0142961 0.0529517 0.0566270 0.0123082 0.0056110 0.0160728 0.0727532 0.0601712 0.0581303 0.0596975 0.0774906 0.0127442 0.0659756 0.0450720 0.0553141 0.0459710 0.0446112 0.0688306 0.0630053 0.0282827 0.0539125 0.0747536 0.0035669 0.0716642 
Phalangeridae_Trichosurus_vulpecula          0.0301003 0.0650160 0.0331155 0.0362637 0.0400965 0.0519878 0.0000000 0.0132410 0.0362546 0.0640181 0.0373532 0.0123217 0.0540285 0.0547125 0.0109138 0.0362633 0.0532699 0.0533459 0.0501068 0.0655167 0.0381380 0.0383716 0.0702350 0.0756007 0.0577492 0.0389085 0.0494612 0.0332892 0.0370426 0.0456574 0.0450746 0.0408705 0.0373532 0.0125890 0.0665188 0.0525816 0.0644486 
Phalangeridae_Spilocuscus_maculatus          0.0339530 0.0705271 0.0376198 0.0420790 0.0439803 0.0577016 0.0132410 0.0000000 0.0414085 0.0670628 0.0457994 0.0063493 0.0589464 0.0596417 0.0097166 0.0394659 0.0581684 0.0598118 0.0549208 0.0716067 0.0432294 0.0415152 0.0708890 0.0769671 0.0634433 0.0421392 0.0553130 0.0365601 0.0415802 0.0483212 0.0484455 0.0428226 0.0457994 0.0096475 0.0708491 0.0582983 0.0680741 
Potoroidae_Aepyprymnus_rufescens             0.0352211 0.0722920 0.0362630 0.0073315 0.0107824 0.0560078 0.0362546 0.0414085 0.0000000 0.0708331 0.0490756 0.0356902 0.0545296 0.0552162 0.0381908 0.0418911 0.0531418 0.0539843 0.0514127 0.0747055 0.0184462 0.0440083 0.0715203 0.0788688 0.0574811 0.0282936 0.0522048 0.0417781 0.0167554 0.0500935 0.0536739 0.0453130 0.0490756 0.0366850 0.0711592 0.0539351 0.0725352 
Peramelidae_Perameles_nasuta                 0.0628592 0.0850094 0.0596774 0.0694621 0.0744788 0.0705973 0.0640181 0.0670628 0.0708331 0.0000000 0.1399520 0.0662132 0.0710141 0.0717551 0.0643340 0.0662291 0.0724617 0.0698204 0.0741752 0.0165319 0.0698765 0.0682630 0.0753589 0.0827500 0.0751411 0.0777039 0.0624915 0.0621303 0.0680171 0.0808382 0.0805953 0.0691828 0.1399520 0.0623880 0.0170615 0.0683533 0.0011354 
Myrmecobiidae_Myrmecobius_fasciatus1         0.0454477 0.0887182 0.0463365 0.0554130 0.0590362 0.0282827 0.0373532 0.0457994 0.0490756 0.1399520 0.0000000 0.0455838 0.0228684 0.0228684 0.0487390 0.0736529 0.0202346 0.0281940 0.0203077 0.1414377 0.0487589 0.0571713 0.0897953 0.1484825 0.0282367 0.0641852 0.0525209 0.0512268 0.0488408 0.0444685 0.0432442 0.0601080 0.0000010 0.0455838 0.1537429 0.0310125 0.1399520 
Phalangeridae_Strigocuscus_pelengensis       0.0280776 0.0636669 0.0312027 0.0383713 0.0396004 0.0540191 0.0123217 0.0063493 0.0356902 0.0662132 0.0455838 0.0000000 0.0538993 0.0552888 0.0087148 0.0331076 0.0531669 0.0547553 0.0521661 0.0693639 0.0388551 0.0398530 0.0685953 0.0743159 0.0575982 0.0369940 0.0506952 0.0333876 0.0382100 0.0484642 0.0457773 0.0344380 0.0455838 0.0080906 0.0679261 0.0546706 0.0663582 
Dasyuridae_Phascogale_tapoatafa              0.0487947 0.0641543 0.0463409 0.0580693 0.0507320 0.0126103 0.0540285 0.0589464 0.0545296 0.0710141 0.0228684 0.0538993 0.0000000 0.0107607 0.0541921 0.0544296 0.0024554 0.0102178 0.0140471 0.0763855 0.0600357 0.0593340 0.0608793 0.0762547 0.0081024 0.0651305 0.0464416 0.0559319 0.0476425 0.0479909 0.0686306 0.0607471 0.0228684 0.0551454 0.0767094 0.0139895 0.0735630 
Dasyuridae_Sminthopsis_macroura              0.0508131 0.0611641 0.0470057 0.0560030 0.0595070 0.0142961 0.0547125 0.0596417 0.0552162 0.0717551 0.0228684 0.0552888 0.0107607 0.0000000 0.0548785 0.0551111 0.0119128 0.0142817 0.0146998 0.0794204 0.0607336 0.0600264 0.0696538 0.0787019 0.0150562 0.0665375 0.0488121 0.0566335 0.0583267 0.0712935 0.0700726 0.0614429 0.0228684 0.0544770 0.0774535 0.0131191 0.0735721 
Phalangeridae_Phalanger_orientalis           0.0320820 0.0698004 0.0344686 0.0388422 0.0407770 0.0529517 0.0109138 0.0097166 0.0381908 0.0643340 0.0487390 0.0087148 0.0541921 0.0548785 0.0000000 0.0401590 0.0534721 0.0550339 0.0509531 0.0670901 0.0401133 0.0403303 0.0695602 0.0757399 0.0577519 0.0408778 0.0508758 0.0367271 0.0383131 0.0473941 0.0491392 0.0441814 0.0487390 0.0056285 0.0667364 0.0535905 0.0644607 
Acrobatidae_Acrobates_pygmaeus               0.0333399 0.0716908 0.0336560 0.0420022 0.0479372 0.0566270 0.0362633 0.0394659 0.0418911 0.0662291 0.0736529 0.0331076 0.0544296 0.0551111 0.0401590 0.0000000 0.0550762 0.0552992 0.0516536 0.0706829 0.0444991 0.0425058 0.0707633 0.0720498 0.0588371 0.0420413 0.0500903 0.0330728 0.0414603 0.0460837 0.0448076 0.0203186 0.0736529 0.0366738 0.0694894 0.0538645 0.0679043 
Dasyuridae_Phascogale_calura                 0.0480526 0.0741449 0.0449593 0.0580152 0.0510646 0.0123082 0.0532699 0.0581684 0.0531418 0.0724617 0.0202346 0.0531669 0.0024554 0.0119128 0.0534721 0.0550762 0.0000000 0.0113717 0.0153402 0.0770755 0.0585775 0.0579248 0.0625568 0.0771634 0.0112355 0.0636901 0.0470985 0.0558447 0.0473080 0.0578145 0.0670932 0.0600295 0.0202346 0.0544279 0.0766325 0.0139724 0.0749988 
Dasyuridae_Sarcophilus_harrisii              0.0481454 0.0592665 0.0478152 0.0575261 0.0617617 0.0056110 0.0533459 0.0598118 0.0539843 0.0698204 0.0281940 0.0547553 0.0102178 0.0142817 0.0550339 0.0552992 0.0113717 0.0000000 0.0154100 0.0732669 0.0609063 0.0602336 0.0699104 0.0797827 0.0127308 0.0638942 0.0497353 0.0560210 0.0598882 0.0757514 0.0710491 0.0616559 0.0281940 0.0546301 0.0725225 0.0044777 0.0708957 
Dasyuridae_Planigale_tenuirostris            0.0489932 0.0629956 0.0489245 0.0536908 0.0576809 0.0160728 0.0501068 0.0549208 0.0514127 0.0741752 0.0203077 0.0521661 0.0140471 0.0146998 0.0509531 0.0516536 0.0153402 0.0154100 0.0000000 0.0781698 0.0558190 0.0553562 0.0699546 0.0739178 0.0180953 0.0593643 0.0492507 0.0523031 0.0522568 0.0649293 0.0636508 0.0594532 0.0203077 0.0524667 0.0765350 0.0160455 0.0749891 
Peramelidae_Echymipera_kalubu                0.0665414 0.0881010 0.0613845 0.0754125 0.0781511 0.0727532 0.0655167 0.0716067 0.0747055 0.0165319 0.1414377 0.0693639 0.0763855 0.0794204 0.0670901 0.0706829 0.0770755 0.0732669 0.0781698 0.0000000 0.0768617 0.0715848 0.0835243 0.0892052 0.0806504 0.0800766 0.0677284 0.0682479 0.0742011 0.0911564 0.0849642 0.0766947 0.1414377 0.0653966 0.0217610 0.0720146 0.0156182 
Macropodidae_Dorcopsulus_vanheurni           0.0363223 0.0777144 0.0393494 0.0155331 0.0209160 0.0601712 0.0381380 0.0432294 0.0184462 0.0698765 0.0487589 0.0388551 0.0600357 0.0607336 0.0401133 0.0444991 0.0585775 0.0609063 0.0558190 0.0768617 0.0000000 0.0446672 0.0766310 0.0825311 0.0630993 0.0320058 0.0505016 0.0430579 0.0050710 0.0547934 0.0489166 0.0492443 0.0487589 0.0398646 0.0751519 0.0593936 0.0724028 
Pseudochiridae_Pseudochirulus_forbesi        0.0405112 0.0686185 0.0400569 0.0448274 0.0495134 0.0581303 0.0383716 0.0415152 0.0440083 0.0682630 0.0571713 0.0398530 0.0593340 0.0600264 0.0403303 0.0425058 0.0579248 0.0602336 0.0553562 0.0715848 0.0446672 0.0000000 0.0737025 0.0772160 0.0638875 0.0461428 0.0538813 0.0291064 0.0442463 0.0147885 0.0480211 0.0446124 0.0571713 0.0413664 0.0703297 0.0587703 0.0716551 
Didelphidae_Didelphis_virginiana             0.0620133 0.0792124 0.0673249 0.0746737 0.0652901 0.0596975 0.0702350 0.0708890 0.0715203 0.0753589 0.0897953 0.0685953 0.0608793 0.0696538 0.0695602 0.0707633 0.0625568 0.0699104 0.0699546 0.0835243 0.0766310 0.0737025 0.0000000 0.0361392 0.0607441 0.0769375 0.0622158 0.0721367 0.0613404 0.0631940 0.0864994 0.0724439 0.0897953 0.0677662 0.0847213 0.0595326 0.0767373 
Marmosidae_Monodelphis_domestica             0.0677683 0.0924369 0.0692812 0.0835890 0.0866357 0.0774906 0.0756007 0.0769671 0.0788688 0.0827500 0.1484825 0.0743159 0.0762547 0.0787019 0.0757399 0.0720498 0.0771634 0.0797827 0.0739178 0.0892052 0.0825311 0.0772160 0.0361392 0.0000000 0.0831381 0.0843865 0.0743441 0.0692890 0.0800500 0.0872499 0.0866870 0.0767972 0.1484825 0.0752380 0.0930739 0.0752529 0.0845354 
Dasyuridae_Antechinus_stuartii               0.0529698 0.0687636 0.0518155 0.0611568 0.0503008 0.0127442 0.0577492 0.0634433 0.0574811 0.0751411 0.0282367 0.0575982 0.0081024 0.0150562 0.0577519 0.0588371 0.0112355 0.0127308 0.0180953 0.0806504 0.0630993 0.0638875 0.0607441 0.0831381 0.0000000 0.0668727 0.0465849 0.0588648 0.0476355 0.0540803 0.0701556 0.0645486 0.0282367 0.0588806 0.0817899 0.0135568 0.0774441 
Hypsiprymnodontidae_Hypsiprymnodon_moschatus 0.0372962 0.0779509 0.0422438 0.0301955 0.0320860 0.0659756 0.0389085 0.0421392 0.0282936 0.0777039 0.0641852 0.0369940 0.0651305 0.0665375 0.0408778 0.0420413 0.0636901 0.0638942 0.0593643 0.0800766 0.0320058 0.0461428 0.0769375 0.0843865 0.0668727 0.0000000 0.0582547 0.0446822 0.0289847 0.0481466 0.0552479 0.0479457 0.0641852 0.0393075 0.0796137 0.0652266 0.0794188 
Microbiotheriidae_Dromiciops_gliroides       0.0438972 0.0681799 0.0415481 0.0493410 0.0470491 0.0450720 0.0494612 0.0553130 0.0522048 0.0624915 0.0525209 0.0506952 0.0464416 0.0488121 0.0508758 0.0500903 0.0470985 0.0497353 0.0492507 0.0677284 0.0505016 0.0538813 0.0622158 0.0743441 0.0465849 0.0582547 0.0000000 0.0513147 0.0401421 0.0458978 0.0629737 0.0590113 0.0525209 0.0522197 0.0695410 0.0443306 0.0642307 
Pseudochiridae_Petauroides_volans            0.0335030 0.0670914 0.0350966 0.0412518 0.0439679 0.0553141 0.0332892 0.0365601 0.0417781 0.0621303 0.0512268 0.0333876 0.0559319 0.0566335 0.0367271 0.0330728 0.0558447 0.0560210 0.0523031 0.0682479 0.0430579 0.0291064 0.0721367 0.0692890 0.0588648 0.0446822 0.0513147 0.0000000 0.0406530 0.0325881 0.0414039 0.0410400 0.0512268 0.0364938 0.0682594 0.0559210 0.0639619 
Macropodidae_Wallabia_bicolor                0.0340469 0.0648320 0.0376534 0.0138485 0.0136224 0.0459710 0.0370426 0.0415802 0.0167554 0.0680171 0.0488408 0.0382100 0.0476425 0.0583267 0.0383131 0.0414603 0.0473080 0.0598882 0.0522568 0.0742011 0.0050710 0.0442463 0.0613404 0.0800500 0.0476355 0.0289847 0.0401421 0.0406530 0.0000000 0.0324946 0.0464640 0.0447987 0.0488408 0.0381479 0.0728903 0.0466412 0.0703452 
Pseudochiridae_Pseudocheirus_occidentalis    0.0436527 0.1157166 0.0460463 0.0521194 0.0350639 0.0446112 0.0456574 0.0483212 0.0500935 0.0808382 0.0444685 0.0484642 0.0479909 0.0712935 0.0473941 0.0460837 0.0578145 0.0757514 0.0649293 0.0911564 0.0547934 0.0147885 0.0631940 0.0872499 0.0540803 0.0481466 0.0458978 0.0325881 0.0324946 0.0000000 0.0467105 0.0540001 0.0444685 0.0472063 0.0872459 0.0463338 0.0865971 
Tarsipedidae_Tarsipes_rostratus              0.0441492 0.0846995 0.0462131 0.0502605 0.0559224 0.0688306 0.0450746 0.0484455 0.0536739 0.0805953 0.0432442 0.0457773 0.0686306 0.0700726 0.0491392 0.0448076 0.0670932 0.0710491 0.0636508 0.0849642 0.0489166 0.0480211 0.0864994 0.0866870 0.0701556 0.0552479 0.0629737 0.0414039 0.0464640 0.0467105 0.0000000 0.0509945 0.0432442 0.0489637 0.0884799 0.0694374 0.0829773 
Acrobatidae_Distoechurus_pennatus            0.0373058 0.0739768 0.0382528 0.0480121 0.0527340 0.0630053 0.0408705 0.0428226 0.0453130 0.0691828 0.0601080 0.0344380 0.0607471 0.0614429 0.0441814 0.0203186 0.0600295 0.0616559 0.0594532 0.0766947 0.0492443 0.0446124 0.0724439 0.0767972 0.0645486 0.0479457 0.0590113 0.0410400 0.0447987 0.0540001 0.0509945 0.0000000 0.0601080 0.0393370 0.0718603 0.0601837 0.0708979 
Myrmecobiidae_Myrmecobius_fasciatus2         0.0454477 0.0887182 0.0463365 0.0554130 0.0590362 0.0282827 0.0373532 0.0457994 0.0490756 0.1399520 0.0000010 0.0455838 0.0228684 0.0228684 0.0487390 0.0736529 0.0202346 0.0281940 0.0203077 0.1414377 0.0487589 0.0571713 0.0897953 0.1484825 0.0282367 0.0641852 0.0525209 0.0512268 0.0488408 0.0444685 0.0432442 0.0601080 0.0000000 0.0455838 0.1537429 0.0310125 0.1399520 
Phalangeridae_Phalanger_carmelitae           0.0319345 0.0681572 0.0330482 0.0373685 0.0392114 0.0539125 0.0125890 0.0096475 0.0366850 0.0623880 0.0455838 0.0080906 0.0551454 0.0544770 0.0056285 0.0366738 0.0544279 0.0546301 0.0524667 0.0653966 0.0398646 0.0413664 0.0677662 0.0752380 0.0588806 0.0393075 0.0522197 0.0364938 0.0381479 0.0472063 0.0489637 0.0393370 0.0455838 0.0000000 0.0649043 0.0518539 0.0627320 
Peramelidae_Peroryctes_raffrayana            0.0648376 0.0867165 0.0615355 0.0727639 0.0763558 0.0747536 0.0665188 0.0708491 0.0711592 0.0170615 0.1537429 0.0679261 0.0767094 0.0774535 0.0667364 0.0694894 0.0766325 0.0725225 0.0765350 0.0217610 0.0751519 0.0703297 0.0847213 0.0930739 0.0817899 0.0796137 0.0695410 0.0682594 0.0728903 0.0872459 0.0884799 0.0718603 0.1537429 0.0649043 0.0000000 0.0724523 0.0173717 
Dasyuridae_Dasyurus_geffroii                 0.0487317 0.0610224 0.0463871 0.0560659 0.0494034 0.0035669 0.0525816 0.0582983 0.0539351 0.0683533 0.0310125 0.0546706 0.0139895 0.0131191 0.0535905 0.0538645 0.0139724 0.0044777 0.0160455 0.0720146 0.0593936 0.0587703 0.0595326 0.0752529 0.0135568 0.0652266 0.0443306 0.0559210 0.0466412 0.0463338 0.0694374 0.0601837 0.0310125 0.0518539 0.0724523 0.0000000 0.0694455 
Peramelidae_Perameles_gunnii                 0.0644093 0.0859602 0.0602212 0.0711882 0.0762202 0.0716642 0.0644486 0.0680741 0.0725352 0.0011354 0.1399520 0.0663582 0.0735630 0.0735721 0.0644607 0.0679043 0.0749988 0.0708957 0.0749891 0.0156182 0.0724028 0.0716551 0.0767373 0.0845354 0.0774441 0.0794188 0.0642307 0.0639619 0.0703452 0.0865971 0.0829773 0.0708979 0.1399520 0.0627320 0.0173717 0.0694455 0.0000000 
