35
Burramyidae_Burramys_parvus                  0.0000000 0.1242816 0.0808398 0.0991502 0.0915222 0.1107651 0.0633233 0.0804182 0.0913852 0.1249006 0.0730473 0.1106336 0.1029719 0.0746738 0.0841634 0.1221776 0.1092745 0.1175809 0.0826328 0.0783062 0.1326330 0.1747892 0.1193526 0.1074754 0.1216482 0.0987692 0.1120550 0.1025543 0.1162771 0.0965091 0.0820908 0.1260232 0.1115856 0.1119434 0.1216532 
Notoryctidae_Notoryctes_typhlops             0.1242816 0.0000000 0.1226386 0.1484127 0.1409606 0.1419102 0.1179876 0.1319094 0.1454202 0.1434870 0.1233635 0.1431109 0.1393597 0.1298883 0.1338556 0.1480730 0.1524223 0.1449553 0.1273169 0.1166556 0.1799077 0.1997855 0.1524448 0.1522014 0.1615094 0.1519328 0.1526559 0.1440178 0.1754363 0.1480123 0.1420927 0.1551305 0.1558120 0.1335718 0.1514287 
Vombatidae_Lasiorhinus_latifrons             0.0808398 0.1226386 0.0000000 0.0923763 0.0866690 0.0954363 0.0638518 0.0781919 0.0919154 0.1068104 0.0739568 0.0976803 0.0934441 0.0768106 0.0862005 0.1108754 0.0977943 0.1040387 0.0814661 0.0781250 0.1279575 0.1650091 0.1112633 0.1069054 0.1090400 0.1026385 0.0989084 0.0976973 0.1294015 0.0906792 0.0818667 0.1130729 0.1016064 0.0971858 0.1110221 
Potoroidae_Bettongia_penicillata             0.0991502 0.1484127 0.0923763 0.0000000 0.0117576 0.1247404 0.0818210 0.1005112 0.0358472 0.1301644 0.0833415 0.1290369 0.1213551 0.0959312 0.0931039 0.1384213 0.1258604 0.1327715 0.0438854 0.0852946 0.1530155 0.1954838 0.1377835 0.0936556 0.1393360 0.1110485 0.0679109 0.1125533 0.1327885 0.1014287 0.1042781 0.1412004 0.1329853 0.1247548 0.1493744 
Potoroidae_Bettongia_lesueur                 0.0915222 0.1409606 0.0866690 0.0117576 0.0000000 0.1214803 0.0751928 0.0901169 0.0345689 0.1226359 0.0791140 0.1257252 0.1182470 0.0887702 0.0884861 0.1323420 0.1247545 0.1274426 0.0385234 0.0788093 0.1481479 0.1877344 0.1327839 0.0872057 0.1320509 0.1047876 0.0626661 0.1051171 0.1311247 0.0934479 0.0949422 0.1339402 0.1318607 0.1147470 0.1469581 
Dasyuridae_Dasyurus_maculatus                0.1107651 0.1419102 0.0954363 0.1247404 0.1214803 0.0000000 0.1051326 0.1107966 0.1155623 0.1251277 0.1099805 0.0242043 0.0326269 0.1189029 0.1131630 0.0276956 0.0236313 0.1192686 0.1030290 0.1093860 0.1544586 0.1778205 0.0224655 0.1322278 0.1184499 0.1287989 0.1329598 0.1347679 0.1367759 0.1248482 0.1223531 0.1343809 0.0091492 0.1175880 0.0335396 
Phalangeridae_Trichosurus_vulpecula          0.0633233 0.1179876 0.0638518 0.0818210 0.0751928 0.1051326 0.0000000 0.0386009 0.0764964 0.1086588 0.0332836 0.1037070 0.0973297 0.0305321 0.0704917 0.1116105 0.1033390 0.1064588 0.0684720 0.0574777 0.1220449 0.1665111 0.1121674 0.0954198 0.1024847 0.0854445 0.0938943 0.0832633 0.0987205 0.0821942 0.0437129 0.1182786 0.1080124 0.0992536 0.1150669 
Phalangeridae_Spilocuscus_maculatus          0.0804182 0.1319094 0.0781919 0.1005112 0.0901169 0.1107966 0.0386009 0.0000000 0.0944978 0.1226999 0.0473035 0.1107618 0.1081946 0.0415278 0.0914035 0.1320264 0.1110118 0.1273363 0.0834263 0.0763581 0.1492679 0.1858335 0.1297945 0.1130076 0.1325856 0.1013226 0.1040845 0.1027365 0.1198799 0.0990680 0.0513875 0.1402393 0.1158323 0.1179165 0.1237517 
Potoroidae_Aepyprymnus_rufescens             0.0913852 0.1454202 0.0919154 0.0358472 0.0345689 0.1155623 0.0764964 0.0944978 0.0000000 0.1235245 0.0809522 0.1209743 0.1144919 0.0895569 0.0893060 0.1275606 0.1192354 0.1251599 0.0391304 0.0830637 0.1445048 0.1859547 0.1308096 0.0860056 0.1242040 0.1016099 0.0692739 0.1045343 0.1285270 0.0937078 0.0958713 0.1348642 0.1282667 0.1149059 0.1459033 
Peramelidae_Perameles_nasuta                 0.1249006 0.1434870 0.1068104 0.1301644 0.1226359 0.1251277 0.1086588 0.1226999 0.1235245 0.0000000 0.1191714 0.1209968 0.1191261 0.1260276 0.1188400 0.1333711 0.1252204 0.0438843 0.1193455 0.1190923 0.1481036 0.1911958 0.1342954 0.1488512 0.1374190 0.1449904 0.1437762 0.1463400 0.1685039 0.1299520 0.1334953 0.0510001 0.1338297 0.0276506 0.1442373 
Phalangeridae_Strigocuscus_pelengensis       0.0730473 0.1233635 0.0739568 0.0833415 0.0791140 0.1099805 0.0332836 0.0473035 0.0809522 0.1191714 0.0000000 0.1059483 0.1007948 0.0383092 0.0778859 0.1143478 0.1040767 0.1173442 0.0731637 0.0697436 0.1298507 0.1767212 0.1191026 0.1000683 0.1181589 0.0970208 0.0948215 0.0909450 0.1120329 0.0853229 0.0475539 0.1290138 0.1120208 0.1065249 0.1212478 
Dasyuridae_Phascogale_tapoatafa              0.1106336 0.1431109 0.0976803 0.1290369 0.1257252 0.0242043 0.1037070 0.1107618 0.1209743 0.1209968 0.1059483 0.0000000 0.0279684 0.1160019 0.1100856 0.0063546 0.0336873 0.1168946 0.1077583 0.1117696 0.1483197 0.1743717 0.0166173 0.1315859 0.1170360 0.1328147 0.1382038 0.1319242 0.1386110 0.1280810 0.1218449 0.1269417 0.0252200 0.1153444 0.0348200 
Dasyuridae_Sminthopsis_macroura              0.1029719 0.1393597 0.0934441 0.1213551 0.1182470 0.0326269 0.0973297 0.1081946 0.1144919 0.1191261 0.1007948 0.0279684 0.0000000 0.1114274 0.1043077 0.0337985 0.0374937 0.1132118 0.0984467 0.1035491 0.1448139 0.1752398 0.0308085 0.1244564 0.1115733 0.1224165 0.1314014 0.1236378 0.1334100 0.1213447 0.1191937 0.1268166 0.0311220 0.1143537 0.0170231 
Phalangeridae_Phalanger_orientalis           0.0746738 0.1298883 0.0768106 0.0959312 0.0887702 0.1189029 0.0305321 0.0415278 0.0895569 0.1260276 0.0383092 0.1160019 0.1114274 0.0000000 0.0881817 0.1258320 0.1138631 0.1237849 0.0821111 0.0707588 0.1406472 0.1841363 0.1260761 0.1051175 0.1173528 0.1001273 0.1029464 0.0959586 0.1140353 0.0940036 0.0185241 0.1340146 0.1184122 0.1167876 0.1231726 
Acrobatidae_Acrobates_pygmaeus               0.0841634 0.1338556 0.0862005 0.0931039 0.0884861 0.1131630 0.0704917 0.0914035 0.0893060 0.1188400 0.0778859 0.1100856 0.1043077 0.0881817 0.0000000 0.1246019 0.1076442 0.1130028 0.0886238 0.0724474 0.1450326 0.1767154 0.1270706 0.1098101 0.1351565 0.0890540 0.1062746 0.0896779 0.1160888 0.0577509 0.0985947 0.1263387 0.1183126 0.1108748 0.1249535 
Dasyuridae_Phascogale_calura                 0.1221776 0.1480730 0.1108754 0.1384213 0.1323420 0.0276956 0.1116105 0.1320264 0.1275606 0.1333711 0.1143478 0.0063546 0.0337985 0.1258320 0.1246019 0.0000000 0.0337821 0.1281339 0.1216049 0.1146126 0.1352040 0.1800992 0.0200002 0.1382472 0.1289364 0.1371794 0.1440588 0.1423512 0.1429118 0.1319771 0.1403113 0.1385490 0.0267942 0.1250443 0.0358722 
Dasyuridae_Sarcophilus_harrisii              0.1092745 0.1524223 0.0977943 0.1258604 0.1247545 0.0236313 0.1033390 0.1110118 0.1192354 0.1252204 0.1040767 0.0336873 0.0374937 0.1138631 0.1076442 0.0337821 0.0000000 0.1210471 0.1030027 0.1155399 0.1484083 0.1928815 0.0300042 0.1304963 0.1188566 0.1323495 0.1386796 0.1372736 0.1430642 0.1238001 0.1208975 0.1321200 0.0212672 0.1237915 0.0393358 
Peramelidae_Echymipera_kalubu                0.1175809 0.1449553 0.1040387 0.1327715 0.1274426 0.1192686 0.1064588 0.1273363 0.1251599 0.0438843 0.1173442 0.1168946 0.1132118 0.1237849 0.1130028 0.1281339 0.1210471 0.0000000 0.1166600 0.1164420 0.1456842 0.1889783 0.1363745 0.1389473 0.1316439 0.1403212 0.1477219 0.1389437 0.1600305 0.1194608 0.1321296 0.0483543 0.1294229 0.0376311 0.1410935 
Macropodidae_Dorcopsulus_vanheurni           0.0826328 0.1273169 0.0814661 0.0438854 0.0385234 0.1030290 0.0684720 0.0834263 0.0391304 0.1193455 0.0731637 0.1077583 0.0984467 0.0821111 0.0886238 0.1216049 0.1030027 0.1166600 0.0000000 0.0744913 0.1346403 0.1750583 0.1243107 0.0793233 0.1210082 0.0992913 0.0523716 0.0984412 0.1257029 0.0928660 0.0939112 0.1278295 0.1151349 0.1119329 0.1156284 
Pseudochiridae_Pseudochirulus_forbesi        0.0783062 0.1166556 0.0781250 0.0852946 0.0788093 0.1093860 0.0574777 0.0763581 0.0830637 0.1190923 0.0697436 0.1117696 0.1035491 0.0707588 0.0724474 0.1146126 0.1155399 0.1164420 0.0744913 0.0000000 0.1418706 0.1593525 0.1207123 0.0949943 0.1179965 0.0533216 0.0942964 0.0481309 0.0979683 0.0769785 0.0831738 0.1251171 0.1215513 0.1109917 0.1184215 
Didelphidae_Didelphis_virginiana             0.1326330 0.1799077 0.1279575 0.1530155 0.1481479 0.1544586 0.1220449 0.1492679 0.1445048 0.1481036 0.1298507 0.1483197 0.1448139 0.1406472 0.1450326 0.1352040 0.1484083 0.1456842 0.1346403 0.1418706 0.0000000 0.0970371 0.1342993 0.1631993 0.1373548 0.1797102 0.1683482 0.1764578 0.1651230 0.1555540 0.1591109 0.1512128 0.1529738 0.1380228 0.1785026 
Marmosidae_Monodelphis_domestica             0.1747892 0.1997855 0.1650091 0.1954838 0.1877344 0.1778205 0.1665111 0.1858335 0.1859547 0.1911958 0.1767212 0.1743717 0.1752398 0.1841363 0.1767154 0.1800992 0.1928815 0.1889783 0.1750583 0.1593525 0.0970371 0.0000000 0.1887893 0.2084899 0.1939440 0.1773203 0.2077271 0.2011470 0.2051556 0.1939264 0.1903147 0.1924010 0.2004519 0.1716542 0.2276079 
Dasyuridae_Antechinus_stuartii               0.1193526 0.1524448 0.1112633 0.1377835 0.1327839 0.0224655 0.1121674 0.1297945 0.1308096 0.1342954 0.1191026 0.0166173 0.0308085 0.1260761 0.1270706 0.0200002 0.0300042 0.1363745 0.1243107 0.1207123 0.1342993 0.1887893 0.0000000 0.1416680 0.1197124 0.1416265 0.1467597 0.1484691 0.1403401 0.1346227 0.1412820 0.1396592 0.0246394 0.1272235 0.0278143 
Hypsiprymnodontidae_Hypsiprymnodon_moschatus 0.1074754 0.1522014 0.1069054 0.0936556 0.0872057 0.1322278 0.0954198 0.1130076 0.0860056 0.1488512 0.1000683 0.1315859 0.1244564 0.1051175 0.1098101 0.1382472 0.1304963 0.1389473 0.0793233 0.0949943 0.1631993 0.2084899 0.1416680 0.0000000 0.1418508 0.1223263 0.0973435 0.1210437 0.1452071 0.1170610 0.1142171 0.1581104 0.1386606 0.1417343 0.1391006 
Microbiotheriidae_Dromiciops_gliroides       0.1216482 0.1615094 0.1090400 0.1393360 0.1320509 0.1184499 0.1024847 0.1325856 0.1242040 0.1374190 0.1181589 0.1170360 0.1115733 0.1173528 0.1351565 0.1289364 0.1188566 0.1316439 0.1210082 0.1179965 0.1373548 0.1939440 0.1197124 0.1418508 0.0000000 0.1440963 0.1514753 0.1421080 0.1577720 0.1402109 0.1299013 0.1428072 0.1162341 0.1241682 0.1233318 
Pseudochiridae_Petauroides_volans            0.0987692 0.1519328 0.1026385 0.1110485 0.1047876 0.1287989 0.0854445 0.1013226 0.1016099 0.1449904 0.0970208 0.1328147 0.1224165 0.1001273 0.0890540 0.1371794 0.1323495 0.1403212 0.0992913 0.0533216 0.1797102 0.1773203 0.1416265 0.1223263 0.1440963 0.0000000 0.1232301 0.0794677 0.1169184 0.0996064 0.1091702 0.1479668 0.1380255 0.1346205 0.1512378 
Macropodidae_Wallabia_bicolor                0.1120550 0.1526559 0.0989084 0.0679109 0.0626661 0.1329598 0.0938943 0.1040845 0.0692739 0.1437762 0.0948215 0.1382038 0.1314014 0.1029464 0.1062746 0.1440588 0.1386796 0.1477219 0.0523716 0.0942964 0.1683482 0.2077271 0.1467597 0.0973435 0.1514753 0.1232301 0.0000000 0.1169173 0.1529539 0.1179337 0.1128961 0.1575002 0.1484664 0.1407088 0.1251471 
Pseudochiridae_Pseudocheirus_occidentalis    0.1025543 0.1440178 0.0976973 0.1125533 0.1051171 0.1347679 0.0832633 0.1027365 0.1045343 0.1463400 0.0909450 0.1319242 0.1236378 0.0959586 0.0896779 0.1423512 0.1372736 0.1389437 0.0984412 0.0481309 0.1764578 0.2011470 0.1484691 0.1210437 0.1421080 0.0794677 0.1169173 0.0000000 0.1180145 0.0943854 0.1082715 0.1441609 0.1444795 0.1363763 0.1307972 
Tarsipedidae_Tarsipes_rostratus              0.1162771 0.1754363 0.1294015 0.1327885 0.1311247 0.1367759 0.0987205 0.1198799 0.1285270 0.1685039 0.1120329 0.1386110 0.1334100 0.1140353 0.1160888 0.1429118 0.1430642 0.1600305 0.1257029 0.0979683 0.1651230 0.2051556 0.1403401 0.1452071 0.1577720 0.1169184 0.1529539 0.1180145 0.0000000 0.1221935 0.1283254 0.1694147 0.1450328 0.1538987 0.1520027 
Acrobatidae_Distoechurus_pennatus            0.0965091 0.1480123 0.0906792 0.1014287 0.0934479 0.1248482 0.0821942 0.0990680 0.0937078 0.1299520 0.0853229 0.1280810 0.1213447 0.0940036 0.0577509 0.1319771 0.1238001 0.1194608 0.0928660 0.0769785 0.1555540 0.1939264 0.1346227 0.1170610 0.1402109 0.0996064 0.1179337 0.0943854 0.1221935 0.0000000 0.1015613 0.1335016 0.1318132 0.1178614 0.1449421 
Phalangeridae_Phalanger_carmelitae           0.0820908 0.1420927 0.0818667 0.1042781 0.0949422 0.1223531 0.0437129 0.0513875 0.0958713 0.1334953 0.0475539 0.1218449 0.1191937 0.0185241 0.0985947 0.1403113 0.1208975 0.1321296 0.0939112 0.0831738 0.1591109 0.1903147 0.1412820 0.1142171 0.1299013 0.1091702 0.1128961 0.1082715 0.1283254 0.1015613 0.0000000 0.1445888 0.1256186 0.1206280 0.1347851 
Peramelidae_Peroryctes_raffrayana            0.1260232 0.1551305 0.1130729 0.1412004 0.1339402 0.1343809 0.1182786 0.1402393 0.1348642 0.0510001 0.1290138 0.1269417 0.1268166 0.1340146 0.1263387 0.1385490 0.1321200 0.0483543 0.1278295 0.1251171 0.1512128 0.1924010 0.1396592 0.1581104 0.1428072 0.1479668 0.1575002 0.1441609 0.1694147 0.1335016 0.1445888 0.0000000 0.1352584 0.0403918 0.1483723 
Dasyuridae_Dasyurus_geffroii                 0.1115856 0.1558120 0.1016064 0.1329853 0.1318607 0.0091492 0.1080124 0.1158323 0.1282667 0.1338297 0.1120208 0.0252200 0.0311220 0.1184122 0.1183126 0.0267942 0.0212672 0.1294229 0.1151349 0.1215513 0.1529738 0.2004519 0.0246394 0.1386606 0.1162341 0.1380255 0.1484664 0.1444795 0.1450328 0.1318132 0.1256186 0.1352584 0.0000000 0.1287149 0.0325338 
Peramelidae_Perameles_gunnii                 0.1119434 0.1335718 0.0971858 0.1247548 0.1147470 0.1175880 0.0992536 0.1179165 0.1149059 0.0276506 0.1065249 0.1153444 0.1143537 0.1167876 0.1108748 0.1250443 0.1237915 0.0376311 0.1119329 0.1109917 0.1380228 0.1716542 0.1272235 0.1417343 0.1241682 0.1346205 0.1407088 0.1363763 0.1538987 0.1178614 0.1206280 0.0403918 0.1287149 0.0000000 0.1386127 
Dasyuridae_Planigale_tenuirostris            0.1216532 0.1514287 0.1110221 0.1493744 0.1469581 0.0335396 0.1150669 0.1237517 0.1459033 0.1442373 0.1212478 0.0348200 0.0170231 0.1231726 0.1249535 0.0358722 0.0393358 0.1410935 0.1156284 0.1184215 0.1785026 0.2276079 0.0278143 0.1391006 0.1233318 0.1512378 0.1251471 0.1307972 0.1520027 0.1449421 0.1347851 0.1483723 0.0325338 0.1386127 0.0000000 
