37
Burramyidae_Burramys_parvus                  0.0000000 0.0828164 0.0700950 0.0609001 0.0650269 0.0877992 0.0543284 0.0551665 0.0629875 0.0890810 0.0598096 0.0958816 0.0963897 0.0549380 0.0658593 0.0935402 0.0874877 0.0888248 0.1077658 0.0707959 0.0793790 0.1165636 0.1011077 0.0967857 0.0583931 0.0797152 0.0722438 0.0652384 0.0810084 0.0740648 0.0553147 0.1001884 0.0941401 0.1046803 0.0785416 9.0000000 9.0000000 
Notoryctidae_Notoryctes_typhlops             0.0828164 0.0000000 0.0855350 0.0759284 0.0808924 0.0796086 0.0687798 0.0669144 0.0769235 0.0804383 0.0710027 0.0810157 0.0807499 0.0667622 0.0763000 0.0773336 0.0760386 0.0836061 0.0918869 0.0887963 0.0904391 0.0921923 0.0701301 0.0813813 0.0733947 0.0855670 0.0849471 0.0843339 0.0954260 0.0824608 0.0674718 0.0872778 0.0821675 0.0884296 0.1111358 9.0000000 9.0000000 
Vombatidae_Lasiorhinus_latifrons             0.0700950 0.0855350 0.0000000 0.0707116 0.0748729 0.0878718 0.0619617 0.0667918 0.0754894 0.0981244 0.0697077 0.0886070 0.0882846 0.0673578 0.0744725 0.0874594 0.0858123 0.0861993 0.1115952 0.0718274 0.0875000 0.1234685 0.1011399 0.0946053 0.0760933 0.0961726 0.0741554 0.0761144 0.0874434 0.0854307 0.0683430 0.1090662 0.0928240 0.1074041 0.0962136 9.0000000 9.0000000 
Potoroidae_Bettongia_penicillata             0.0609001 0.0759284 0.0707116 0.0000000 0.0041528 0.0861014 0.0533865 0.0552591 0.0150808 0.0817321 0.0601275 0.0856687 0.0879784 0.0554868 0.0640975 0.0860491 0.0858192 0.0843848 0.1046488 0.0364885 0.0754292 0.0975054 0.0804287 0.0932920 0.0444289 0.0810028 0.0651099 0.0298152 0.0738730 0.0696884 0.0554249 0.0938362 0.0892056 0.0991384 0.0919094 9.0000000 9.0000000 
Potoroidae_Bettongia_lesueur                 0.0650269 0.0808924 0.0748729 0.0041528 0.0000000 0.0919285 0.0582472 0.0590774 0.0167753 0.0827651 0.0655938 0.0897117 0.0926931 0.0592078 0.0677418 0.0901047 0.0904525 0.0886579 0.1060204 0.0388128 0.0791052 0.1062288 0.0872202 0.0978798 0.0497326 0.0857684 0.0677981 0.0312844 0.0793337 0.0731798 0.0586530 0.0955164 0.0949967 0.1004802 0.0976229 9.0000000 9.0000000 
Dasyuridae_Dasyurus_maculatus                0.0877992 0.0796086 0.0878718 0.0861014 0.0919285 0.0000000 0.0776378 0.0772286 0.0905985 0.0939576 0.0812086 0.0162926 0.0593267 0.0787856 0.0842758 0.0163275 0.0054682 0.0210031 0.1116159 0.0971853 0.1055339 0.1119134 0.0974664 0.0210632 0.0834421 0.0882819 0.1340303 0.0948937 0.1098119 0.0943763 0.0791420 0.1073757 0.0091934 0.1073150 0.1112624 0.1152718 0.1152718 
Phalangeridae_Trichosurus_vulpecula          0.0543284 0.0687798 0.0619617 0.0533865 0.0582472 0.0776378 0.0000000 0.0186714 0.0568485 0.0782821 0.0222320 0.0773873 0.0800361 0.0166865 0.0573970 0.0742218 0.0751014 0.0736760 0.0936618 0.0644772 0.0698771 0.0943292 0.0848606 0.0804738 0.0504785 0.0717833 0.0631317 0.0586300 0.0761231 0.0615587 0.0180685 0.0877018 0.0809974 0.0932391 0.0803138 9.0000000 9.0000000 
Phalangeridae_Spilocuscus_maculatus          0.0551665 0.0669144 0.0667918 0.0552591 0.0590774 0.0772286 0.0186714 0.0000000 0.0555326 0.0793101 0.0145972 0.0760480 0.0786749 0.0092279 0.0580180 0.0734769 0.0743673 0.0739884 0.0976528 0.0629290 0.0729352 0.0958673 0.0832683 0.0797545 0.0541856 0.0755108 0.0648127 0.0594224 0.0766601 0.0659058 0.0101737 0.0906341 0.0805410 0.0944153 0.0838257 9.0000000 9.0000000 
Potoroidae_Aepyprymnus_rufescens             0.0629875 0.0769235 0.0754894 0.0150808 0.0167753 0.0905985 0.0568485 0.0555326 0.0000000 0.0791116 0.0621136 0.0903732 0.0914871 0.0552381 0.0668382 0.0895298 0.0891242 0.0863612 0.1080690 0.0394729 0.0794459 0.1017516 0.0786053 0.0967386 0.0468824 0.0864298 0.0669894 0.0318684 0.0773450 0.0731440 0.0551341 0.0962519 0.0936685 0.1023322 0.0960203 9.0000000 9.0000000 
Peramelidae_Perameles_nasuta                 0.0890810 0.0804383 0.0981244 0.0817321 0.0827651 0.0939576 0.0782821 0.0793101 0.0791116 0.0000000 0.0816708 0.0944004 0.0945690 0.0763094 0.0914469 0.0921089 0.0928558 0.0930392 0.0175045 0.0938241 0.0968598 0.1161070 0.1081785 0.0983237 0.0784521 0.0924519 0.0961499 0.0852527 0.1102157 0.0869289 0.0751016 0.0141236 0.0967210 0.0017079 0.1163463 9.0000000 9.0000000 
Phalangeridae_Strigocuscus_pelengensis       0.0598096 0.0710027 0.0697077 0.0601275 0.0655938 0.0812086 0.0222320 0.0145972 0.0621136 0.0816708 0.0000000 0.0811989 0.1183910 0.0107055 0.0617649 0.0779835 0.0794411 0.0774119 0.1003046 0.0692049 0.0784685 0.1002740 0.0882631 0.0836451 0.0592320 0.0733302 0.1093508 0.0657275 0.0821844 0.0701284 0.0121054 0.0899631 0.0859820 0.0963154 0.0876584 0.0731723 0.0731723 
Dasyuridae_Phascogale_tapoatafa              0.0958816 0.0810157 0.0886070 0.0856687 0.0897117 0.0162926 0.0773873 0.0760480 0.0903732 0.0944004 0.0811989 0.0000000 0.0226593 0.0775215 0.0853721 0.0045746 0.0153578 0.0199456 0.1101508 0.0957029 0.1049380 0.1139459 0.0962958 0.0143779 0.0837209 0.0906678 0.0946582 0.0934482 0.1119702 0.0968888 0.0778795 0.1072030 0.0220763 0.1063345 0.1180284 9.0000000 9.0000000 
Dasyuridae_Sminthopsis_macroura              0.0963897 0.0807499 0.0882846 0.0879784 0.0926931 0.0593267 0.0800361 0.0786749 0.0914871 0.0945690 0.1183910 0.0226593 0.0000000 0.0801759 0.0857458 0.0231937 0.0231881 0.0199562 0.1135802 0.0968735 0.1067784 0.1139766 0.0995563 0.0619507 0.0841229 0.1208877 0.1077105 0.0940307 0.1480627 0.0969940 0.0805312 0.1085947 0.0300929 0.1093684 0.1100848 0.3387144 0.3387144 
Phalangeridae_Phalanger_orientalis           0.0549380 0.0667622 0.0673578 0.0554868 0.0592078 0.0787856 0.0166865 0.0092279 0.0552381 0.0763094 0.0107055 0.0775215 0.0801759 0.0000000 0.0578209 0.0743504 0.0757934 0.0738093 0.0943123 0.0650974 0.0710655 0.0961108 0.0850831 0.0806142 0.0545973 0.0758144 0.0646228 0.0616832 0.0777624 0.0630519 0.0031739 0.0865395 0.0822200 0.0931255 0.0839887 9.0000000 9.0000000 
Acrobatidae_Acrobates_pygmaeus               0.0658593 0.0763000 0.0744725 0.0640975 0.0677418 0.0842758 0.0573970 0.0580180 0.0668382 0.0914469 0.0617649 0.0853721 0.0857458 0.0578209 0.0000000 0.0850705 0.0825577 0.0819442 0.1044445 0.0767979 0.0719615 0.1094156 0.0984481 0.0900209 0.0666491 0.0791023 0.0669475 0.0710140 0.0790412 0.0439702 0.0573060 0.0993571 0.0889384 0.1023306 0.0813275 9.0000000 9.0000000 
Dasyuridae_Phascogale_calura                 0.0935402 0.0773336 0.0874594 0.0860491 0.0901047 0.0163275 0.0742218 0.0734769 0.0895298 0.0921089 0.0779835 0.0045746 0.0231937 0.0743504 0.0850705 0.0000000 0.0149211 0.0194921 0.1085024 0.0938021 0.1044670 0.1139235 0.0962742 0.0134669 0.0799020 0.0883712 0.0948474 0.0915430 0.1099048 0.0936121 0.0747146 0.1051080 0.0211462 0.1059822 0.1138028 9.0000000 9.0000000 
Dasyuridae_Sarcophilus_harrisii              0.0874877 0.0760386 0.0858123 0.0858192 0.0904525 0.0054682 0.0751014 0.0743673 0.0891242 0.0928558 0.0794411 0.0153578 0.0231881 0.0757934 0.0825577 0.0149211 0.0000000 0.0209687 0.1112961 0.0948145 0.1027124 0.1113777 0.0957092 0.0177927 0.0814216 0.0881425 0.0942735 0.0929568 0.1058725 0.0915972 0.0761543 0.1064614 0.0110353 0.1070012 0.1104047 9.0000000 9.0000000 
Dasyuridae_Planigale_tenuirostris            0.0888248 0.0836061 0.0861993 0.0843848 0.0886579 0.0210031 0.0736760 0.0739884 0.0863612 0.0930392 0.0774119 0.0199456 0.0199562 0.0738093 0.0819442 0.0194921 0.0209687 0.0000000 0.1090866 0.0919163 0.1003795 0.1088582 0.0931748 0.0250514 0.0797333 0.0823339 0.0938824 0.0892197 0.1070691 0.0894311 0.0735425 0.1057676 0.0245245 0.1068587 0.1064792 9.0000000 9.0000000 
Peramelidae_Echymipera_kalubu                0.1077658 0.0918869 0.1115952 0.1046488 0.1060204 0.1116159 0.0936618 0.0976528 0.1080690 0.0175045 0.1003046 0.1101508 0.1135802 0.0943123 0.1044445 0.1085024 0.1112961 0.1090866 0.0000000 0.1147364 0.1161073 0.1330083 0.1148735 0.1138462 0.1062275 0.1090545 0.1134051 0.1081077 0.1292589 0.1092564 0.0941868 0.0169684 0.1140502 0.0191620 0.1289053 9.0000000 9.0000000 
Macropodidae_Dorcopsulus_vanheurni           0.0707959 0.0887963 0.0718274 0.0364885 0.0388128 0.0971853 0.0644772 0.0629290 0.0394729 0.0938241 0.0692049 0.0957029 0.0968735 0.0650974 0.0767979 0.0938021 0.0948145 0.0919163 0.1147364 0.0000000 0.0852676 0.1152454 0.0957942 0.0991840 0.0580016 0.0922341 0.0775694 0.0262074 0.0900217 0.0824371 0.0649754 0.1075481 0.1014168 0.1093851 0.1086917 9.0000000 9.0000000 
Pseudochiridae_Pseudochirulus_forbesi        0.0793790 0.0904391 0.0875000 0.0754292 0.0791052 0.1055339 0.0698771 0.0729352 0.0794459 0.0968598 0.0784685 0.1049380 0.1067784 0.0710655 0.0719615 0.1044670 0.1027124 0.1003795 0.1161073 0.0852676 0.0000000 0.1265369 0.1091845 0.1103709 0.0796296 0.0993283 0.0507595 0.0801290 0.0809146 0.0819269 0.0708322 0.1100523 0.1084695 0.1112094 0.0684198 9.0000000 9.0000000 
Didelphidae_Didelphis_virginiana             0.1165636 0.0921923 0.1234685 0.0975054 0.1062288 0.1119134 0.0943292 0.0958673 0.1017516 0.1161070 0.1002740 0.1139459 0.1139766 0.0961108 0.1094156 0.1139235 0.1113777 0.1088582 0.1330083 0.1152454 0.1265369 0.0000000 0.0332398 0.1221064 0.1046231 0.1151502 0.1144974 0.1131815 0.1243527 0.1146002 0.0978741 0.1207876 0.1193761 0.1265067 0.1385628 9.0000000 9.0000000 
Marmosidae_Monodelphis_domestica             0.1011077 0.0701301 0.1011399 0.0804287 0.0872202 0.0974664 0.0848606 0.0832683 0.0786053 0.1081785 0.0882631 0.0962958 0.0995563 0.0850831 0.0984481 0.0962742 0.0957092 0.0931748 0.1148735 0.0957942 0.1091845 0.0332398 0.0000000 0.1040280 0.0855279 0.0979235 0.0955471 0.0948500 0.1045505 0.1042707 0.0864966 0.1068537 0.1010719 0.1091778 0.1030248 9.0000000 9.0000000 
Dasyuridae_Antechinus_stuartii               0.0967857 0.0813813 0.0946053 0.0932920 0.0978798 0.0210632 0.0804738 0.0797545 0.0967386 0.0983237 0.0836451 0.0143779 0.0619507 0.0806142 0.0900209 0.0134669 0.0177927 0.0250514 0.1138462 0.0991840 0.1103709 0.1221064 0.1040280 0.0000000 0.0869629 0.0934754 0.1388495 0.0987852 0.1198338 0.0980839 0.0809532 0.1096394 0.0226065 0.1078835 0.1171163 0.1188487 0.1188487 
Hypsiprymnodontidae_Hypsiprymnodon_moschatus 0.0583931 0.0733947 0.0760933 0.0444289 0.0497326 0.0834421 0.0504785 0.0541856 0.0468824 0.0784521 0.0592320 0.0837209 0.0841229 0.0545973 0.0666491 0.0799020 0.0814216 0.0797333 0.1062275 0.0580016 0.0796296 0.1046231 0.0855279 0.0869629 0.0000000 0.0819892 0.0647432 0.0517623 0.0748734 0.0696108 0.0549483 0.0927894 0.0886261 0.0988300 0.0934229 9.0000000 9.0000000 
Microbiotheriidae_Dromiciops_gliroides       0.0797152 0.0855670 0.0961726 0.0810028 0.0857684 0.0882819 0.0717833 0.0755108 0.0864298 0.0924519 0.0733302 0.0906678 0.1208877 0.0758144 0.0791023 0.0883712 0.0881425 0.0823339 0.1090545 0.0922341 0.0993283 0.1151502 0.0979235 0.0934754 0.0819892 0.0000000 0.1318042 0.0871540 0.1089277 0.0938819 0.0755440 0.1078495 0.0908502 0.1083127 0.1133827 0.0881874 0.0881874 
Pseudochiridae_Petauroides_volans            0.0722438 0.0849471 0.0741554 0.0651099 0.0677981 0.1340303 0.0631317 0.0648127 0.0669894 0.0961499 0.1093508 0.0946582 0.1077105 0.0646228 0.0669475 0.0948474 0.0942735 0.0938824 0.1134051 0.0775694 0.0507595 0.1144974 0.0955471 0.1388495 0.0647432 0.1318042 0.0000000 0.0739604 0.1126735 0.0745835 0.0649565 0.1094571 0.0987555 0.1084068 0.0746741 0.3422012 0.3422012 
Macropodidae_Wallabia_bicolor                0.0652384 0.0843339 0.0761144 0.0298152 0.0312844 0.0948937 0.0586300 0.0594224 0.0318684 0.0852527 0.0657275 0.0934482 0.0940307 0.0616832 0.0710140 0.0915430 0.0929568 0.0892197 0.1081077 0.0262074 0.0801290 0.1131815 0.0948500 0.0987852 0.0517623 0.0871540 0.0739604 0.0000000 0.0852323 0.0741763 0.0611227 0.0990040 0.0991215 0.1013067 0.0972587 9.0000000 9.0000000 
Tarsipedidae_Tarsipes_rostratus              0.0810084 0.0954260 0.0874434 0.0738730 0.0793337 0.1098119 0.0761231 0.0766601 0.0773450 0.1102157 0.0821844 0.1119702 0.1480627 0.0777624 0.0790412 0.1099048 0.1058725 0.1070691 0.1292589 0.0900217 0.0809146 0.1243527 0.1045505 0.1198338 0.0748734 0.1089277 0.1126735 0.0852323 0.0000000 0.0855643 0.0787376 0.1220392 0.1150006 0.1208436 0.0948398 0.1210711 0.1210711 
Acrobatidae_Distoechurus_pennatus            0.0740648 0.0824608 0.0854307 0.0696884 0.0731798 0.0943763 0.0615587 0.0659058 0.0731440 0.0869289 0.0701284 0.0968888 0.0969940 0.0630519 0.0439702 0.0936121 0.0915972 0.0894311 0.1092564 0.0824371 0.0819269 0.1146002 0.1042707 0.0980839 0.0696108 0.0938819 0.0745835 0.0741763 0.0855643 0.0000000 0.0633815 0.1040865 0.0985383 0.1088781 0.0931521 9.0000000 9.0000000 
Phalangeridae_Phalanger_carmelitae           0.0553147 0.0674718 0.0683430 0.0554249 0.0586530 0.0791420 0.0180685 0.0101737 0.0551341 0.0751016 0.0121054 0.0778795 0.0805312 0.0031739 0.0573060 0.0747146 0.0761543 0.0735425 0.0941868 0.0649754 0.0708322 0.0978741 0.0864966 0.0809532 0.0549483 0.0755440 0.0649565 0.0611227 0.0787376 0.0633815 0.0000000 0.0864625 0.0831451 0.0916164 0.0859084 9.0000000 9.0000000 
Peramelidae_Peroryctes_raffrayana            0.1001884 0.0872778 0.1090662 0.0938362 0.0955164 0.1073757 0.0877018 0.0906341 0.0962519 0.0141236 0.0899631 0.1072030 0.1085947 0.0865395 0.0993571 0.1051080 0.1064614 0.1057676 0.0169684 0.1075481 0.1100523 0.1207876 0.1068537 0.1096394 0.0927894 0.1078495 0.1094571 0.0990040 0.1220392 0.1040865 0.0864625 0.0000000 0.1104913 0.0168614 0.1229817 9.0000000 9.0000000 
Dasyuridae_Dasyurus_geffroii                 0.0941401 0.0821675 0.0928240 0.0892056 0.0949967 0.0091934 0.0809974 0.0805410 0.0936685 0.0967210 0.0859820 0.0220763 0.0300929 0.0822200 0.0889384 0.0211462 0.0110353 0.0245245 0.1140502 0.1014168 0.1084695 0.1193761 0.1010719 0.0226065 0.0886261 0.0908502 0.0987555 0.0991215 0.1150006 0.0985383 0.0831451 0.1104913 0.0000000 0.1112006 0.1096627 9.0000000 9.0000000 
Peramelidae_Perameles_gunnii                 0.1046803 0.0884296 0.1074041 0.0991384 0.1004802 0.1073150 0.0932391 0.0944153 0.1023322 0.0017079 0.0963154 0.1063345 0.1093684 0.0931255 0.1023306 0.1059822 0.1070012 0.1068587 0.0191620 0.1093851 0.1112094 0.1265067 0.1091778 0.1078835 0.0988300 0.1083127 0.1084068 0.1013067 0.1208436 0.1088781 0.0916164 0.0168614 0.1112006 0.0000000 0.1214751 9.0000000 9.0000000 
Pseudochiridae_Pseudocheirus_occidentalis    0.0785416 0.1111358 0.0962136 0.0919094 0.0976229 0.1112624 0.0803138 0.0838257 0.0960203 0.1163463 0.0876584 0.1180284 0.1100848 0.0839887 0.0813275 0.1138028 0.1104047 0.1064792 0.1289053 0.1086917 0.0684198 0.1385628 0.1030248 0.1171163 0.0934229 0.1133827 0.0746741 0.0972587 0.0948398 0.0931521 0.0859084 0.1229817 0.1096627 0.1214751 0.0000000 9.0000000 9.0000000 
Vombatidae_Vombatus_ursinus1                 9.0000000 9.0000000 9.0000000 9.0000000 9.0000000 0.1152718 9.0000000 9.0000000 9.0000000 9.0000000 0.0731723 9.0000000 0.3387144 9.0000000 9.0000000 9.0000000 9.0000000 9.0000000 9.0000000 9.0000000 9.0000000 9.0000000 9.0000000 0.1188487 9.0000000 0.0881874 0.3422012 9.0000000 0.1210711 9.0000000 9.0000000 9.0000000 9.0000000 9.0000000 9.0000000 0.0000000 0.0000010 
Vombatidae_Vombatus_ursinus2                 9.0000000 9.0000000 9.0000000 9.0000000 9.0000000 0.1152718 9.0000000 9.0000000 9.0000000 9.0000000 0.0731723 9.0000000 0.3387144 9.0000000 9.0000000 9.0000000 9.0000000 9.0000000 9.0000000 9.0000000 9.0000000 9.0000000 9.0000000 0.1188487 9.0000000 0.0881874 0.3422012 9.0000000 0.1210711 9.0000000 9.0000000 9.0000000 9.0000000 9.0000000 9.0000000 0.0000010 0.0000000 
