35
Burramyidae_Burramys_parvus                  0.0000000 0.1324621 0.1035817 0.1071957 0.1274367 0.1021982 0.0974984 0.1077650 0.1939532 0.0925119 0.1628444 0.1280480 0.0821948 0.1427892 0.1534779 0.1307232 0.1235132 0.1907720 0.1087663 0.1462784 0.1364075 0.1566943 0.1322343 0.1167922 0.1430067 0.1158471 0.0988933 0.1304118 0.1454235 0.1593898 0.0749812 0.1938935 0.1403886 0.1911324 0.1994259 
Vombatidae_Lasiorhinus_latifrons             0.1324621 0.0000000 0.1470699 0.1519027 0.1536730 0.1195009 0.1048099 0.1475697 0.1998373 0.1143203 0.1787020 0.1436665 0.1050100 0.1474641 0.1685772 0.1555262 0.1384882 0.1909787 0.1477708 0.1725248 0.1508994 0.1693932 0.1506005 0.1540376 0.1359631 0.1561679 0.1336845 0.1435652 0.1778478 0.1456163 0.0960192 0.1889929 0.1733704 0.1925203 0.2524942 
Potoroidae_Bettongia_penicillata             0.1035817 0.1470699 0.0000000 0.0043137 0.1380399 0.1267708 0.1249881 0.0237081 0.1717643 0.1122619 0.1620313 0.1345242 0.1035725 0.1476598 0.1583935 0.1386237 0.1363507 0.1681458 0.0310155 0.1591072 0.1455508 0.1400826 0.1348720 0.0679600 0.1515370 0.1284638 0.0223283 0.1487186 0.1545502 0.1673237 0.0951175 0.1706997 0.1512226 0.1705531 0.2267717 
Potoroidae_Bettongia_lesueur                 0.1071957 0.1519027 0.0043137 0.0000000 0.1382716 0.1291150 0.1302215 0.0259108 0.1731141 0.1150137 0.1629129 0.1352837 0.1084318 0.1505116 0.1592319 0.1388050 0.1359554 0.1700905 0.0352523 0.1592430 0.1456458 0.1414621 0.1372592 0.0688751 0.1514153 0.1294118 0.0267706 0.1499541 0.1545823 0.1732170 0.1002812 0.1710573 0.1516980 0.1717217 0.2279761 
Dasyuridae_Dasyurus_maculatus                0.1274367 0.1536730 0.1380399 0.1382716 0.0000000 0.1527598 0.1420338 0.1354888 0.1897354 0.1334410 0.0478129 0.0593378 0.1215354 0.1695758 0.0446190 0.0114138 0.0576383 0.1839991 0.1406595 0.1890040 0.1418547 0.1448134 0.0356469 0.1377423 0.1403128 0.1531872 0.1272620 0.1640199 0.1769843 0.1778391 0.1119294 0.1801223 0.0183063 0.1870760 0.2383795 
Phalangeridae_Trichosurus_vulpecula          0.1021982 0.1195009 0.1267708 0.1291150 0.1527598 0.0000000 0.0740005 0.1315024 0.2310045 0.0573383 0.1868697 0.1523209 0.0574013 0.1660828 0.1776098 0.1530384 0.1515418 0.2267707 0.1307015 0.1487353 0.1492626 0.1690224 0.1493609 0.1319245 0.1568294 0.1347275 0.1152294 0.1579559 0.1602791 0.1746277 0.0546945 0.2302362 0.1711825 0.2275185 0.2350517 
Phalangeridae_Spilocuscus_maculatus          0.0974984 0.1048099 0.1249881 0.1302215 0.1420338 0.0740005 0.0000000 0.1315144 0.1930212 0.0418568 0.1700442 0.1370957 0.0337926 0.1309584 0.1660389 0.1441916 0.1368679 0.1957413 0.1329704 0.1532177 0.1383365 0.1626746 0.1353901 0.1305860 0.1544683 0.1307646 0.1162848 0.1244077 0.1702350 0.1355416 0.0318981 0.1895821 0.1584339 0.1939589 0.2391649 
Potoroidae_Aepyprymnus_rufescens             0.1077650 0.1475697 0.0237081 0.0259108 0.1354888 0.1315024 0.1315144 0.0000000 0.1780036 0.1166287 0.1615844 0.1407497 0.1091743 0.1611061 0.1599209 0.1367260 0.1406219 0.1767219 0.0404894 0.1635018 0.1415251 0.1367950 0.1380831 0.0622258 0.1542727 0.1271223 0.0338581 0.1452752 0.1619733 0.1696892 0.1015494 0.1795752 0.1477150 0.1756472 0.2395270 
Peramelidae_Perameles_nasuta                 0.1939532 0.1998373 0.1717643 0.1731141 0.1897354 0.2310045 0.1930212 0.1780036 0.0000000 0.2042692 0.2268609 0.1823288 0.1957471 0.2084066 0.2202227 0.1944594 0.1828347 0.0276364 0.1837556 0.2432429 0.1825570 0.1647795 0.1909552 0.1767887 0.2046450 0.2115338 0.1600280 0.2049058 0.2593078 0.2025863 0.1828974 0.0351707 0.2057886 0.0012116 0.3165666 
Phalangeridae_Strigocuscus_pelengensis       0.0925119 0.1143203 0.1122619 0.1150137 0.1334410 0.0573383 0.0418568 0.1166287 0.2042692 0.0000000 0.1589442 0.1286685 0.0255170 0.1471952 0.1544320 0.1330151 0.1272578 0.2062814 0.1149036 0.1367503 0.1366538 0.1645026 0.1288335 0.1175885 0.1327275 0.1244205 0.1032772 0.1434793 0.1502851 0.1494841 0.0260634 0.2001257 0.1470923 0.2040726 0.2186093 
Dasyuridae_Phascogale_tapoatafa              0.1628444 0.1787020 0.1620313 0.1629129 0.0478129 0.1868697 0.1700442 0.1615844 0.2268609 0.1589442 0.0000000 0.0672210 0.1451286 0.2081116 0.0112537 0.0472689 0.0680004 0.2181118 0.1726476 0.2040628 0.1674578 0.1776266 0.0314674 0.1708464 0.1662407 0.1780835 0.1594601 0.1904650 0.2008944 0.2017560 0.1348629 0.2136150 0.0544075 0.2227254 0.2784397 
Dasyuridae_Sminthopsis_macroura              0.1280480 0.1436665 0.1345242 0.1352837 0.0593378 0.1523209 0.1370957 0.1407497 0.1823288 0.1286685 0.0672210 0.0000000 0.1161167 0.1767180 0.0663561 0.0589578 0.0289933 0.1763415 0.1395145 0.1859543 0.1363777 0.1409782 0.0467503 0.1378910 0.1323256 0.1594234 0.1257727 0.1734625 0.1876654 0.1624442 0.1092206 0.1754480 0.0703169 0.1799447 0.2348419 
Phalangeridae_Phalanger_orientalis           0.0821948 0.1050100 0.1035725 0.1084318 0.1215354 0.0574013 0.0337926 0.1091743 0.1957471 0.0255170 0.1451286 0.1161167 0.0000000 0.1313769 0.1436958 0.1213652 0.1139797 0.1956953 0.1084625 0.1181678 0.1275393 0.1518813 0.1170381 0.1070429 0.1306174 0.1084243 0.0921527 0.1235838 0.1334106 0.1412444 0.0070755 0.1885783 0.1355797 0.1959830 0.2209163 
Acrobatidae_Acrobates_pygmaeus               0.1427892 0.1474641 0.1476598 0.1505116 0.1695758 0.1660828 0.1309584 0.1611061 0.2084066 0.1471952 0.2081116 0.1767180 0.1313769 0.0000000 0.2003693 0.1714872 0.1605042 0.1973790 0.1557831 0.1613426 0.1677697 0.1567814 0.1679065 0.1660108 0.1753632 0.1282184 0.1398026 0.1083493 0.1799319 0.0947963 0.1292138 0.1947337 0.1886412 0.2043919 0.2959107 
Dasyuridae_Phascogale_calura                 0.1534779 0.1685772 0.1583935 0.1592319 0.0446190 0.1776098 0.1660389 0.1599209 0.2202227 0.1544320 0.0112537 0.0663561 0.1436958 0.2003693 0.0000000 0.0456531 0.0683154 0.2125721 0.1666418 0.1967754 0.1678843 0.1749131 0.0312174 0.1644381 0.1566911 0.1736241 0.1542376 0.1881912 0.1975065 0.1926251 0.1319231 0.2089363 0.0526803 0.2169452 0.2734535 
Dasyuridae_Sarcophilus_harrisii              0.1307232 0.1555262 0.1386237 0.1388050 0.0114138 0.1530384 0.1441916 0.1367260 0.1944594 0.1330151 0.0472689 0.0589578 0.1213652 0.1714872 0.0456531 0.0000000 0.0608537 0.1852411 0.1416981 0.1838526 0.1391707 0.1429874 0.0346179 0.1413834 0.1445098 0.1530815 0.1283190 0.1620314 0.1821231 0.1826619 0.1118822 0.1849082 0.0190105 0.1916930 0.2474654 
Dasyuridae_Planigale_tenuirostris            0.1235132 0.1384882 0.1363507 0.1359554 0.0576383 0.1515418 0.1368679 0.1406219 0.1828347 0.1272578 0.0680004 0.0289933 0.1139797 0.1605042 0.0683154 0.0608537 0.0000000 0.1742431 0.1420266 0.1885743 0.1315548 0.1391168 0.0513530 0.1400519 0.1323309 0.1596365 0.1276754 0.1707086 0.1860175 0.1609789 0.1063217 0.1707204 0.0684982 0.1805274 0.2316772 
Peramelidae_Echymipera_kalubu                0.1907720 0.1909787 0.1681458 0.1700905 0.1839991 0.2267707 0.1957413 0.1767219 0.0276364 0.2062814 0.2181118 0.1763415 0.1956953 0.1973790 0.2125721 0.1852411 0.1742431 0.0000000 0.1768448 0.2445002 0.1768817 0.1556188 0.1802569 0.1717237 0.2000699 0.2104236 0.1587440 0.2001291 0.2589951 0.1999058 0.1832633 0.0204020 0.1998381 0.0279300 0.3027513 
Macropodidae_Dorcopsulus_vanheurni           0.1087663 0.1477708 0.0310155 0.0352523 0.1406595 0.1307015 0.1329704 0.0404894 0.1837556 0.1149036 0.1726476 0.1395145 0.1084625 0.1557831 0.1666418 0.1416981 0.1420266 0.1768448 0.0000000 0.1633250 0.1435610 0.1418444 0.1436246 0.0668474 0.1545904 0.1299952 0.0173081 0.1515115 0.1644392 0.1726673 0.1001121 0.1760830 0.1538971 0.1820728 0.2283854 
Pseudochiridae_Pseudochirulus_forbesi        0.1462784 0.1725248 0.1591072 0.1592430 0.1890040 0.1487353 0.1532177 0.1635018 0.2432429 0.1367503 0.2040628 0.1859543 0.1181678 0.1613426 0.1967754 0.1838526 0.1885743 0.2445002 0.1633250 0.0000000 0.1898767 0.2030334 0.1748495 0.1722282 0.1805477 0.0854808 0.1509383 0.0752245 0.1516744 0.1543509 0.1156181 0.2374147 0.2031614 0.2403215 0.3132586 
Didelphidae_Didelphis_virginiana             0.1364075 0.1508994 0.1455508 0.1456458 0.1418547 0.1492626 0.1383365 0.1415251 0.1825570 0.1366538 0.1674578 0.1363777 0.1275393 0.1677697 0.1678843 0.1391707 0.1315548 0.1768817 0.1435610 0.1898767 0.0000000 0.0539067 0.1375422 0.1459448 0.1317323 0.1605666 0.1361167 0.1567800 0.1929044 0.1680034 0.1203542 0.1909610 0.1535225 0.1794585 0.2242653 
Marmosidae_Monodelphis_domestica             0.1566943 0.1693932 0.1400826 0.1414621 0.1448134 0.1690224 0.1626746 0.1367950 0.1647795 0.1645026 0.1776266 0.1409782 0.1518813 0.1567814 0.1749131 0.1429874 0.1391168 0.1556188 0.1418444 0.2030334 0.0539067 0.0000000 0.1455261 0.1416128 0.1545074 0.1631609 0.1308148 0.1637200 0.2033181 0.1741525 0.1464960 0.1603022 0.1557743 0.1633651 0.2721352 
Dasyuridae_Antechinus_stuartii               0.1322343 0.1506005 0.1348720 0.1372592 0.0356469 0.1493609 0.1353901 0.1380831 0.1909552 0.1288335 0.0314674 0.0467503 0.1170381 0.1679065 0.0312174 0.0346179 0.0513530 0.1802569 0.1436246 0.1748495 0.1375422 0.1455261 0.0000000 0.1386995 0.1380436 0.1538755 0.1298139 0.1663841 0.1776240 0.1657139 0.1071746 0.1790195 0.0459057 0.1874470 0.2333928 
Hypsiprymnodontidae_Hypsiprymnodon_moschatus 0.1167922 0.1540376 0.0679600 0.0688751 0.1377423 0.1319245 0.1305860 0.0622258 0.1767887 0.1175885 0.1708464 0.1378910 0.1070429 0.1660108 0.1644381 0.1413834 0.1400519 0.1717237 0.0668474 0.1722282 0.1459448 0.1416128 0.1386995 0.0000000 0.1545886 0.1372242 0.0586886 0.1567553 0.1564028 0.1725510 0.1002766 0.1810255 0.1467010 0.1762036 0.2308622 
Microbiotheriidae_Dromiciops_gliroides       0.1430067 0.1359631 0.1515370 0.1514153 0.1403128 0.1568294 0.1544683 0.1542727 0.2046450 0.1327275 0.1662407 0.1323256 0.1306174 0.1753632 0.1566911 0.1445098 0.1323309 0.2000699 0.1545904 0.1805477 0.1317323 0.1545074 0.1380436 0.1545886 0.0000000 0.1597368 0.1460341 0.1657572 0.1691840 0.1705892 0.1238594 0.2011915 0.1537468 0.1994648 0.2742626 
Pseudochiridae_Petauroides_volans            0.1158471 0.1561679 0.1284638 0.1294118 0.1531872 0.1347275 0.1307646 0.1271223 0.2115338 0.1244205 0.1780835 0.1594234 0.1084243 0.1282184 0.1736241 0.1530815 0.1596365 0.2104236 0.1299952 0.0854808 0.1605666 0.1631609 0.1538755 0.1372242 0.1597368 0.0000000 0.1196862 0.0773010 0.1347988 0.1401873 0.1037655 0.2097666 0.1661621 0.2096324 0.2612136 
Macropodidae_Wallabia_bicolor                0.0988933 0.1336845 0.0223283 0.0267706 0.1272620 0.1152294 0.1162848 0.0338581 0.1600280 0.1032772 0.1594601 0.1257727 0.0921527 0.1398026 0.1542376 0.1283190 0.1276754 0.1587440 0.0173081 0.1509383 0.1361167 0.1308148 0.1298139 0.0586886 0.1460341 0.1196862 0.0000000 0.1404298 0.1483731 0.1595598 0.0844759 0.1589473 0.1372973 0.1596846 0.2189100 
Pseudochiridae_Pseudocheirus_occidentalis    0.1304118 0.1435652 0.1487186 0.1499541 0.1640199 0.1579559 0.1244077 0.1452752 0.2049058 0.1434793 0.1904650 0.1734625 0.1235838 0.1083493 0.1881912 0.1620314 0.1707086 0.2001291 0.1515115 0.0752245 0.1567800 0.1637200 0.1663841 0.1567553 0.1657572 0.0773010 0.1404298 0.0000000 0.1498516 0.1236055 0.1188818 0.1916731 0.1734019 0.2027026 0.2809642 
Tarsipedidae_Tarsipes_rostratus              0.1454235 0.1778478 0.1545502 0.1545823 0.1769843 0.1602791 0.1702350 0.1619733 0.2593078 0.1502851 0.2008944 0.1876654 0.1334106 0.1799319 0.1975065 0.1821231 0.1860175 0.2589951 0.1644392 0.1516744 0.1929044 0.2033181 0.1776240 0.1564028 0.1691840 0.1347988 0.1483731 0.1498516 0.0000000 0.1774661 0.1239009 0.2599141 0.1880619 0.2552603 0.2891955 
Acrobatidae_Distoechurus_pennatus            0.1593898 0.1456163 0.1673237 0.1732170 0.1778391 0.1746277 0.1355416 0.1696892 0.2025863 0.1494841 0.2017560 0.1624442 0.1412444 0.0947963 0.1926251 0.1826619 0.1609789 0.1999058 0.1726673 0.1543509 0.1680034 0.1741525 0.1657139 0.1725510 0.1705892 0.1401873 0.1595598 0.1236055 0.1774661 0.0000000 0.1324005 0.2008265 0.1942299 0.1995532 0.3019909 
Phalangeridae_Phalanger_carmelitae           0.0749812 0.0960192 0.0951175 0.1002812 0.1119294 0.0546945 0.0318981 0.1015494 0.1828974 0.0260634 0.1348629 0.1092206 0.0070755 0.1292138 0.1319231 0.1118822 0.1063217 0.1832633 0.1001121 0.1156181 0.1203542 0.1464960 0.1071746 0.1002766 0.1238594 0.1037655 0.0844759 0.1188818 0.1239009 0.1324005 0.0000000 0.1748429 0.1256733 0.1833611 0.2187273 
Peramelidae_Peroryctes_raffrayana            0.1938935 0.1889929 0.1706997 0.1710573 0.1801223 0.2302362 0.1895821 0.1795752 0.0351707 0.2001257 0.2136150 0.1754480 0.1885783 0.1947337 0.2089363 0.1849082 0.1707204 0.0204020 0.1760830 0.2374147 0.1909610 0.1603022 0.1790195 0.1810255 0.2011915 0.2097666 0.1589473 0.1916731 0.2599141 0.2008265 0.1748429 0.0000000 0.1996253 0.0356513 0.3180913 
Dasyuridae_Dasyurus_geffroii                 0.1403886 0.1733704 0.1512226 0.1516980 0.0183063 0.1711825 0.1584339 0.1477150 0.2057886 0.1470923 0.0544075 0.0703169 0.1355797 0.1886412 0.0526803 0.0190105 0.0684982 0.1998381 0.1538971 0.2031614 0.1535225 0.1557743 0.0459057 0.1467010 0.1537468 0.1661621 0.1372973 0.1734019 0.1880619 0.1942299 0.1256733 0.1996253 0.0000000 0.2016474 0.2653101 
Peramelidae_Perameles_gunnii                 0.1911324 0.1925203 0.1705531 0.1717217 0.1870760 0.2275185 0.1939589 0.1756472 0.0012116 0.2040726 0.2227254 0.1799447 0.1959830 0.2043919 0.2169452 0.1916930 0.1805274 0.0279300 0.1820728 0.2403215 0.1794585 0.1633651 0.1874470 0.1762036 0.1994648 0.2096324 0.1596846 0.2027026 0.2552603 0.1995532 0.1833611 0.0356513 0.2016474 0.0000000 0.3185748 
Notoryctidae_Notoryctes_typhlops             0.1994259 0.2524942 0.2267717 0.2279761 0.2383795 0.2350517 0.2391649 0.2395270 0.3165666 0.2186093 0.2784397 0.2348419 0.2209163 0.2959107 0.2734535 0.2474654 0.2316772 0.3027513 0.2283854 0.3132586 0.2242653 0.2721352 0.2333928 0.2308622 0.2742626 0.2612136 0.2189100 0.2809642 0.2891955 0.3019909 0.2187273 0.3180913 0.2653101 0.3185748 0.0000000 
