37
Burramyidae_Burramys_parvus                  0.0000000 0.1305701 0.0711664 0.0482324 0.0539513 0.1437525 0.0271322 0.0393591 0.0616786 0.1698800 0.0403995 0.1550463 0.1205996 0.0391625 0.2744236 0.1532740 0.1375489 0.1078295 0.1497280 0.0597602 0.0612229 0.1621898 0.1599805 0.1257469 0.0448269 0.1119991 0.0769945 0.0596940 0.0610898 0.1815230 0.0851789 0.0300768 0.1447212 0.1417426 0.1644443 0.3074401 0.3074401 
Notoryctidae_Notoryctes_typhlops             0.1305701 0.0000000 0.1511273 0.1424413 0.1423000 0.2082932 0.1127971 0.1170605 0.1510835 0.2463347 0.1134491 0.2348987 0.1993626 0.1170060 0.2810185 0.2345998 0.2062340 0.1802496 0.2325615 0.1550545 0.1507634 0.2097051 0.1895260 0.1986709 0.1282191 0.1790037 0.1599214 0.1552803 0.1431328 0.2788819 0.1558703 0.1116501 0.2245037 0.1943112 0.2451960 0.3794262 0.3794262 
Vombatidae_Lasiorhinus_latifrons             0.0711664 0.1511273 0.0000000 0.0990870 0.0941563 0.1454390 0.0658904 0.0845481 0.1080371 0.1921790 0.0777703 0.1406425 0.1231893 0.0832526 0.2795673 0.1406608 0.1446547 0.1212125 0.1720528 0.1076399 0.1066546 0.1606128 0.1729885 0.1264421 0.0994194 0.1484997 0.1014523 0.1081896 0.1090847 0.1960580 0.1061708 0.0701483 0.1715971 0.1375295 0.1868703 0.3148308 0.3148308 
Potoroidae_Bettongia_penicillata             0.0482324 0.1424413 0.0990870 0.0000000 0.0022025 0.1471093 0.0386144 0.0564674 0.0047278 0.1971301 0.0466895 0.1586431 0.1318389 0.0495726 0.2610276 0.1599681 0.1480188 0.1290605 0.1735640 0.0091727 0.0644526 0.1704289 0.1606864 0.1314284 0.0156283 0.1281134 0.0817070 0.0092064 0.0562532 0.1948100 0.0954916 0.0412578 0.1688466 0.1458026 0.1922340 0.3814721 0.3814721 
Potoroidae_Bettongia_lesueur                 0.0539513 0.1423000 0.0941563 0.0022025 0.0000000 0.1496998 0.0458634 0.0635609 0.0053367 0.1998302 0.0521714 0.1587595 0.1344956 0.0549310 0.2642858 0.1600813 0.1532991 0.1273073 0.1813415 0.0097512 0.0593844 0.1713377 0.1622436 0.1341718 0.0179178 0.1309580 0.0797384 0.0097890 0.0499707 0.1947478 0.0937033 0.0463269 0.1715559 0.1456549 0.1949527 0.3908836 0.3908836 
Dasyuridae_Dasyurus_maculatus                0.1437525 0.2082932 0.1454390 0.1471093 0.1496998 0.0000000 0.1238131 0.1261001 0.1580034 0.1642736 0.1276338 0.0083280 0.0084083 0.1191601 0.3015945 0.0074277 0.0054530 0.0098836 0.1709967 0.1645868 0.1469437 0.1415892 0.1646235 0.0061839 0.1560666 0.1651396 0.1456626 0.1574975 0.1424015 0.1956041 0.1434025 0.1184093 0.1513597 0.0046346 0.1600634 0.2869206 0.2869206 
Phalangeridae_Trichosurus_vulpecula          0.0271322 0.1127971 0.0658904 0.0386144 0.0458634 0.1238131 0.0000000 0.0099818 0.0471969 0.1625510 0.0099915 0.1396691 0.0989632 0.0092923 0.2573267 0.1380384 0.1318891 0.0858714 0.1370979 0.0486724 0.0527041 0.1469914 0.1399517 0.1133285 0.0418700 0.0887205 0.0547244 0.0550638 0.0463839 0.1665770 0.0760670 0.0059259 0.1369584 0.1174071 0.1570835 0.3220697 0.3220697 
Phalangeridae_Spilocuscus_maculatus          0.0393591 0.1170605 0.0845481 0.0564674 0.0635609 0.1261001 0.0099818 0.0000000 0.0667368 0.1732920 0.0061501 0.1440724 0.1063761 0.0054750 0.2642431 0.1456083 0.1314384 0.0945372 0.1558551 0.0703697 0.0631592 0.1518862 0.1484631 0.1142891 0.0601567 0.0978407 0.0716011 0.0722545 0.0585332 0.1798975 0.0815185 0.0056996 0.1453049 0.1212929 0.1679267 0.3342449 0.3342449 
Potoroidae_Aepyprymnus_rufescens             0.0616786 0.1510835 0.1080371 0.0047278 0.0053367 0.1580034 0.0471969 0.0667368 0.0000000 0.2054785 0.0584019 0.1668715 0.1414864 0.0592868 0.2746864 0.1681168 0.1588800 0.1335283 0.1816296 0.0106960 0.0772457 0.1807968 0.1679275 0.1398418 0.0196222 0.1335300 0.0926100 0.0114117 0.0643435 0.1993471 0.1073360 0.0506037 0.1717203 0.1539239 0.1993582 0.3813550 0.3813550 
Peramelidae_Perameles_nasuta                 0.1698800 0.2463347 0.1921790 0.1971301 0.1998302 0.1642736 0.1625510 0.1732920 0.2054785 0.0000000 0.1706214 0.1722537 0.1374583 0.1658430 0.3735710 0.1674274 0.1634078 0.1581619 0.0302928 0.2181922 0.1840202 0.1903102 0.1996468 0.1500278 0.2028842 0.1707378 0.1715537 0.2183347 0.1839831 0.2028918 0.1876053 0.1578741 0.0254455 0.1571748 0.0003058 0.1891736 0.1891736 
Phalangeridae_Strigocuscus_pelengensis       0.0403995 0.1134491 0.0777703 0.0466895 0.0521714 0.1276338 0.0099915 0.0061501 0.0584019 0.1706214 0.0000000 0.1426271 0.1014565 0.0049137 0.2509433 0.1424331 0.1375979 0.0826020 0.1467930 0.0678314 0.0714696 0.1550316 0.1537691 0.1148638 0.0563102 0.0984918 0.0695379 0.0701744 0.0627341 0.1753390 0.0872589 0.0051395 0.1389866 0.1189175 0.1659175 0.3080282 0.3080282 
Dasyuridae_Phascogale_tapoatafa              0.1550463 0.2348987 0.1406425 0.1586431 0.1587595 0.0083280 0.1396691 0.1440724 0.1668715 0.1722537 0.1426271 0.0000000 0.0073998 0.1328294 0.3622020 0.0011325 0.0108728 0.0096674 0.1628319 0.1564134 0.1595207 0.1432639 0.1611322 0.0032528 0.1570331 0.1800426 0.1527023 0.1524743 0.1524857 0.2179295 0.1606426 0.1285963 0.1596446 0.0098591 0.1668779 0.2681737 0.2681737 
Dasyuridae_Sminthopsis_macroura              0.1205996 0.1993626 0.1231893 0.1318389 0.1344956 0.0084083 0.0989632 0.1063761 0.1414864 0.1374583 0.1014565 0.0073998 0.0000000 0.0999558 0.3057552 0.0063126 0.0107921 0.0057900 0.1334638 0.1455397 0.1402761 0.1327657 0.1507511 0.0055138 0.1361870 0.1433949 0.1331240 0.1383846 0.1385846 0.1768245 0.1307717 0.0913510 0.1232284 0.0097948 0.1324428 0.2387358 0.2387358 
Phalangeridae_Phalanger_orientalis           0.0391625 0.1170060 0.0832526 0.0495726 0.0549310 0.1191601 0.0092923 0.0054750 0.0592868 0.1658430 0.0049137 0.1328294 0.0999558 0.0000000 0.2607988 0.1333819 0.1261705 0.0863979 0.1447667 0.0669723 0.0577100 0.1510554 0.1500802 0.1075809 0.0587169 0.0919092 0.0611789 0.0687965 0.0530478 0.1741417 0.0783344 0.0039786 0.1381979 0.1105639 0.1605985 0.3074592 0.3074592 
Acrobatidae_Acrobates_pygmaeus               0.2744236 0.2810185 0.2795673 0.2610276 0.2642858 0.3015945 0.2573267 0.2642431 0.2746864 0.3735710 0.2509433 0.3622020 0.3057552 0.2607988 0.0000000 0.3551460 0.3022118 0.2974494 0.3963498 0.3125544 0.2781074 0.3329688 0.3394436 0.3032623 0.2777873 0.3161986 0.2774595 0.3035184 0.2593801 0.3781660 0.2224842 0.2604712 0.3542798 0.2998388 0.3700135 0.3069603 0.3069603 
Dasyuridae_Phascogale_calura                 0.1532740 0.2345998 0.1406608 0.1599681 0.1600813 0.0074277 0.1380384 0.1456083 0.1681168 0.1674274 0.1424331 0.0011325 0.0063126 0.1333819 0.3551460 0.0000000 0.0101709 0.0086597 0.1596871 0.1577853 0.1593947 0.1354004 0.1544324 0.0025941 0.1583722 0.1748501 0.1558134 0.1507425 0.1555856 0.2145163 0.1619737 0.1303729 0.1530078 0.0094837 0.1622829 0.2521362 0.2521362 
Dasyuridae_Sarcophilus_harrisii              0.1375489 0.2062340 0.1446547 0.1480188 0.1532991 0.0054530 0.1318891 0.1314384 0.1588800 0.1634078 0.1375979 0.0108728 0.0107921 0.1261705 0.3022118 0.0101709 0.0000000 0.0117020 0.1705533 0.1654583 0.1492908 0.1489086 0.1600220 0.0082880 0.1529507 0.1604176 0.1507017 0.1583947 0.1420253 0.2037572 0.1399989 0.1207689 0.1544992 0.0071920 0.1591989 0.2961928 0.2961928 
Dasyuridae_Planigale_tenuirostris            0.1078295 0.1802496 0.1212125 0.1290605 0.1273073 0.0098836 0.0858714 0.0945372 0.1335283 0.1581619 0.0826020 0.0096674 0.0057900 0.0863979 0.2974494 0.0086597 0.0117020 0.0000000 0.1560954 0.1366127 0.1331078 0.1437346 0.1546544 0.0072595 0.1268967 0.1274857 0.1327234 0.1358571 0.1218380 0.1772820 0.1199868 0.0757383 0.1414110 0.0113772 0.1529457 0.2512819 0.2512819 
Peramelidae_Echymipera_kalubu                0.1497280 0.2325615 0.1720528 0.1735640 0.1813415 0.1709967 0.1370979 0.1558551 0.1816296 0.0302928 0.1467930 0.1628319 0.1334638 0.1447667 0.3963498 0.1596871 0.1705533 0.1560954 0.0000000 0.1751479 0.1769507 0.1648602 0.1840048 0.1523078 0.1659091 0.1764146 0.1428680 0.1752783 0.1691507 0.2155181 0.1768453 0.1317092 0.0127152 0.1713848 0.0293248 0.2827431 0.2827431 
Macropodidae_Dorcopsulus_vanheurni           0.0597602 0.1550545 0.1076399 0.0091727 0.0097512 0.1645868 0.0486724 0.0703697 0.0106960 0.2181922 0.0678314 0.1564134 0.1455397 0.0669723 0.3125544 0.1577853 0.1654583 0.1366127 0.1751479 0.0000000 0.0761797 0.1730722 0.1752069 0.1446329 0.0151937 0.1447482 0.0858930 0.0044851 0.0616159 0.2165283 0.1033790 0.0492579 0.1912846 0.1580761 0.2136162 0.3720675 0.3720675 
Pseudochiridae_Pseudochirulus_forbesi        0.0612229 0.1507634 0.1066546 0.0644526 0.0593844 0.1469437 0.0527041 0.0631592 0.0772457 0.1840202 0.0714696 0.1595207 0.1402761 0.0577100 0.2781074 0.1593947 0.1492908 0.1331078 0.1769507 0.0761797 0.0000000 0.1753570 0.1726960 0.1452280 0.0644603 0.1315609 0.0251578 0.0853540 0.0068474 0.1565413 0.0862990 0.0534529 0.1720580 0.1463314 0.1787219 0.3301257 0.3301257 
Didelphidae_Didelphis_virginiana             0.1621898 0.2097051 0.1606128 0.1704289 0.1713377 0.1415892 0.1469914 0.1518862 0.1807968 0.1903102 0.1550316 0.1432639 0.1327657 0.1510554 0.3329688 0.1354004 0.1489086 0.1437346 0.1648602 0.1730722 0.1753570 0.0000000 0.0181510 0.1338109 0.1802773 0.1985583 0.1767997 0.1650113 0.1700663 0.2428392 0.1774108 0.1508657 0.1774648 0.1358230 0.1845677 0.2690959 0.2690959 
Marmosidae_Monodelphis_domestica             0.1599805 0.1895260 0.1729885 0.1606864 0.1622436 0.1646235 0.1399517 0.1484631 0.1679275 0.1996468 0.1537691 0.1611322 0.1507511 0.1500802 0.3394436 0.1544324 0.1600220 0.1546544 0.1840048 0.1752069 0.1726960 0.0181510 0.0000000 0.1504030 0.1741284 0.2039000 0.1778935 0.1706421 0.1616332 0.2546431 0.1791730 0.1448397 0.1920327 0.1549775 0.1941378 0.3203419 0.3203419 
Dasyuridae_Antechinus_stuartii               0.1257469 0.1986709 0.1264421 0.1314284 0.1341718 0.0061839 0.1133285 0.1142891 0.1398418 0.1500278 0.1148638 0.0032528 0.0055138 0.1075809 0.3032623 0.0025941 0.0082880 0.0072595 0.1523078 0.1446329 0.1452280 0.1338109 0.1504030 0.0000000 0.1360784 0.1499949 0.1385995 0.1389877 0.1433008 0.1899357 0.1377268 0.1027460 0.1351661 0.0077914 0.1450246 0.2500449 0.2500449 
Hypsiprymnodontidae_Hypsiprymnodon_moschatus 0.0448269 0.1282191 0.0994194 0.0156283 0.0179178 0.1560666 0.0418700 0.0601567 0.0196222 0.2028842 0.0563102 0.1570331 0.1361870 0.0587169 0.2777873 0.1583722 0.1529507 0.1268967 0.1659091 0.0151937 0.0644603 0.1802773 0.1741284 0.1360784 0.0000000 0.1329910 0.0817619 0.0180462 0.0596594 0.1942648 0.0941489 0.0433906 0.1761438 0.1465253 0.1979589 0.3531523 0.3531523 
Microbiotheriidae_Dromiciops_gliroides       0.1119991 0.1790037 0.1484997 0.1281134 0.1309580 0.1651396 0.0887205 0.0978407 0.1335300 0.1707378 0.0984918 0.1800426 0.1433949 0.0919092 0.3161986 0.1748501 0.1604176 0.1274857 0.1764146 0.1447482 0.1315609 0.1985583 0.2039000 0.1499949 0.1329910 0.0000000 0.1166171 0.1460088 0.1253961 0.2004474 0.1437852 0.0881930 0.1566914 0.1572790 0.1660951 0.2738216 0.2738216 
Pseudochiridae_Petauroides_volans            0.0769945 0.1599214 0.1014523 0.0817070 0.0797384 0.1456626 0.0547244 0.0716011 0.0926100 0.1715537 0.0695379 0.1527023 0.1331240 0.0611789 0.2774595 0.1558134 0.1507017 0.1327234 0.1428680 0.0858930 0.0251578 0.1767997 0.1778935 0.1385995 0.0817619 0.1166171 0.0000000 0.0881745 0.0216320 0.1403227 0.0770053 0.0491628 0.1496797 0.1337221 0.1661113 0.3503600 0.3503600 
Macropodidae_Wallabia_bicolor                0.0596940 0.1552803 0.1081896 0.0092064 0.0097890 0.1574975 0.0550638 0.0722545 0.0114117 0.2183347 0.0701744 0.1524743 0.1383846 0.0687965 0.3035184 0.1507425 0.1583947 0.1358571 0.1752783 0.0044851 0.0853540 0.1650113 0.1706421 0.1389877 0.0180462 0.1460088 0.0881745 0.0000000 0.0709053 0.2218384 0.1051482 0.0506958 0.1828235 0.1479173 0.2120598 0.4001894 0.4001894 
Pseudochiridae_Pseudocheirus_occidentalis    0.0610898 0.1431328 0.1090847 0.0562532 0.0499707 0.1424015 0.0463839 0.0585332 0.0643435 0.1839831 0.0627341 0.1524857 0.1385846 0.0530478 0.2593801 0.1555856 0.1420253 0.1218380 0.1691507 0.0616159 0.0068474 0.1700663 0.1616332 0.1433008 0.0596594 0.1253961 0.0216320 0.0709053 0.0000000 0.1617133 0.0783851 0.0469513 0.1677223 0.1390233 0.1787163 0.3274511 0.3274511 
Tarsipedidae_Tarsipes_rostratus              0.1815230 0.2788819 0.1960580 0.1948100 0.1947478 0.1956041 0.1665770 0.1798975 0.1993471 0.2028918 0.1753390 0.2179295 0.1768245 0.1741417 0.3781660 0.2145163 0.2037572 0.1772820 0.2155181 0.2165283 0.1565413 0.2428392 0.2546431 0.1899357 0.1942648 0.2004474 0.1403227 0.2218384 0.1617133 0.0000000 0.1635490 0.1681117 0.1904002 0.1928636 0.1951039 0.2503349 0.2503349 
Acrobatidae_Distoechurus_pennatus            0.0851789 0.1558703 0.1061708 0.0954916 0.0937033 0.1434025 0.0760670 0.0815185 0.1073360 0.1876053 0.0872589 0.1606426 0.1307717 0.0783344 0.2224842 0.1619737 0.1399989 0.1199868 0.1768453 0.1033790 0.0862990 0.1774108 0.1791730 0.1377268 0.0941489 0.1437852 0.0770053 0.1051482 0.0783851 0.1635490 0.0000000 0.0647199 0.1624120 0.1357500 0.1824085 0.2614776 0.2614776 
Phalangeridae_Phalanger_carmelitae           0.0300768 0.1116501 0.0701483 0.0412578 0.0463269 0.1184093 0.0059259 0.0056996 0.0506037 0.1578741 0.0051395 0.1285963 0.0913510 0.0039786 0.2604712 0.1303729 0.1207689 0.0757383 0.1317092 0.0492579 0.0534529 0.1508657 0.1448397 0.1027460 0.0433906 0.0881930 0.0491628 0.0506958 0.0469513 0.1681117 0.0647199 0.0000000 0.1322119 0.1090371 0.1522985 0.3166304 0.3166304 
Peramelidae_Peroryctes_raffrayana            0.1447212 0.2245037 0.1715971 0.1688466 0.1715559 0.1513597 0.1369584 0.1453049 0.1717203 0.0254455 0.1389866 0.1596446 0.1232284 0.1381979 0.3542798 0.1530078 0.1544992 0.1414110 0.0127152 0.1912846 0.1720580 0.1774648 0.1920327 0.1351661 0.1761438 0.1566914 0.1496797 0.1828235 0.1677223 0.1904002 0.1624120 0.1322119 0.0000000 0.1461964 0.0243613 0.2896678 0.2896678 
Dasyuridae_Dasyurus_geffroii                 0.1417426 0.1943112 0.1375295 0.1458026 0.1456549 0.0046346 0.1174071 0.1212929 0.1539239 0.1571748 0.1189175 0.0098591 0.0097948 0.1105639 0.2998388 0.0094837 0.0071920 0.0113772 0.1713848 0.1580761 0.1463314 0.1358230 0.1549775 0.0077914 0.1465253 0.1572790 0.1337221 0.1479173 0.1390233 0.1928636 0.1357500 0.1090371 0.1461964 0.0000000 0.1526156 0.2961928 0.2961928 
Peramelidae_Perameles_gunnii                 0.1644443 0.2451960 0.1868703 0.1922340 0.1949527 0.1600634 0.1570835 0.1679267 0.1993582 0.0003058 0.1659175 0.1668779 0.1324428 0.1605985 0.3700135 0.1622829 0.1591989 0.1529457 0.0293248 0.2136162 0.1787219 0.1845677 0.1941378 0.1450246 0.1979589 0.1660951 0.1661113 0.2120598 0.1787163 0.1951039 0.1824085 0.1522985 0.0243613 0.1526156 0.0000000 0.1891736 0.1891736 
Thylacomyidae_Macrotis_lagotis1              0.3074401 0.3794262 0.3148308 0.3814721 0.3908836 0.2869206 0.3220697 0.3342449 0.3813550 0.1891736 0.3080282 0.2681737 0.2387358 0.3074592 0.3069603 0.2521362 0.2961928 0.2512819 0.2827431 0.3720675 0.3301257 0.2690959 0.3203419 0.2500449 0.3531523 0.2738216 0.3503600 0.4001894 0.3274511 0.2503349 0.2614776 0.3166304 0.2896678 0.2961928 0.1891736 0.0000000 0.0000010 
Thylacomyidae_Macrotis_lagotis2              0.3074401 0.3794262 0.3148308 0.3814721 0.3908836 0.2869206 0.3220697 0.3342449 0.3813550 0.1891736 0.3080282 0.2681737 0.2387358 0.3074592 0.3069603 0.2521362 0.2961928 0.2512819 0.2827431 0.3720675 0.3301257 0.2690959 0.3203419 0.2500449 0.3531523 0.2738216 0.3503600 0.4001894 0.3274511 0.2503349 0.2614776 0.3166304 0.2896678 0.2961928 0.1891736 0.0000010 0.0000000 
