35
Burramyidae_Burramys_parvus                  0.0000000 0.0450207 0.0362888 0.0368388 0.0431473 0.0573169 0.0288279 0.0298123 0.0453379 0.0607502 0.0314188 0.0493440 0.0580423 0.0312456 0.0279237 0.0519644 0.0567260 0.0555662 0.0499133 0.0397082 0.0313123 0.0631540 0.0540599 0.0504145 0.0378773 0.0359151 0.0311442 0.0418253 0.0318842 0.0624488 0.0311971 0.0286535 0.0565295 0.0644141 0.0575078 
Notoryctidae_Notoryctes_typhlops             0.0450207 0.0000000 0.0517302 0.0563732 0.0625137 0.0579822 0.0491958 0.0497677 0.0669618 0.0616659 0.0508274 0.0565135 0.0621305 0.0513086 0.0507633 0.0559625 0.0582608 0.0631938 0.0539438 0.0598876 0.0553249 0.0658638 0.0607840 0.0561617 0.0548237 0.0429369 0.0506066 0.0576124 0.0563900 0.0834451 0.0502064 0.0495838 0.0591590 0.0658087 0.0593403 
Vombatidae_Lasiorhinus_latifrons             0.0362888 0.0517302 0.0000000 0.0450726 0.0504356 0.0511975 0.0358275 0.0384444 0.0544827 0.0575205 0.0409709 0.0496809 0.0543544 0.0398883 0.0377014 0.0526491 0.0509107 0.0528936 0.0476241 0.0492173 0.0456295 0.0644778 0.0556948 0.0484287 0.0456518 0.0402965 0.0443516 0.0483280 0.0496437 0.0710613 0.0394375 0.0381199 0.0528002 0.0589246 0.0553103 
Potoroidae_Bettongia_penicillata             0.0368388 0.0563732 0.0450726 0.0000000 0.0084151 0.0687320 0.0376956 0.0376749 0.0142952 0.0653162 0.0392353 0.0625351 0.0677909 0.0365847 0.0338937 0.0641169 0.0660381 0.0670347 0.0551661 0.0151403 0.0396808 0.0711403 0.0606649 0.0618971 0.0305837 0.0480038 0.0370990 0.0171164 0.0360989 0.0692045 0.0381782 0.0356639 0.0620452 0.0751618 0.0617759 
Potoroidae_Bettongia_lesueur                 0.0431473 0.0625137 0.0504356 0.0084151 0.0000000 0.0719494 0.0433926 0.0442631 0.0196406 0.0734236 0.0460022 0.0664985 0.0711606 0.0430574 0.0391057 0.0674680 0.0687536 0.0703763 0.0622632 0.0199846 0.0445100 0.0761866 0.0659450 0.0652186 0.0360954 0.0531534 0.0419077 0.0220055 0.0375863 0.0751409 0.0452671 0.0421375 0.0706965 0.0785433 0.0690286 
Dasyuridae_Dasyurus_maculatus                0.0573169 0.0579822 0.0511975 0.0687320 0.0719494 0.0000000 0.0513435 0.0560661 0.0748435 0.0739364 0.0581720 0.0158162 0.0225349 0.0572745 0.0555223 0.0187135 0.0046168 0.0186846 0.0654067 0.0710761 0.0621357 0.0822612 0.0716258 0.0157257 0.0652132 0.0555762 0.0598535 0.0681348 0.0548287 0.0870709 0.0582390 0.0553537 0.0742295 0.0094741 0.0712041 
Phalangeridae_Trichosurus_vulpecula          0.0288279 0.0491958 0.0358275 0.0376956 0.0433926 0.0513435 0.0000000 0.0162486 0.0465094 0.0565451 0.0173291 0.0469524 0.0541830 0.0157331 0.0290257 0.0506406 0.0492899 0.0518216 0.0499145 0.0409468 0.0338943 0.0639972 0.0534526 0.0478752 0.0340221 0.0377464 0.0326327 0.0400342 0.0309172 0.0606166 0.0308429 0.0141425 0.0531757 0.0565796 0.0549595 
Phalangeridae_Spilocuscus_maculatus          0.0298123 0.0497677 0.0384444 0.0376749 0.0442631 0.0560661 0.0162486 0.0000000 0.0452257 0.0611563 0.0071017 0.0524240 0.0605199 0.0056917 0.0283090 0.0539692 0.0544923 0.0581132 0.0541275 0.0418785 0.0359091 0.0661422 0.0582691 0.0520745 0.0382857 0.0370166 0.0348856 0.0413653 0.0278593 0.0646929 0.0312142 0.0052730 0.0547566 0.0629920 0.0605490 
Potoroidae_Aepyprymnus_rufescens             0.0453379 0.0669618 0.0544827 0.0142952 0.0196406 0.0748435 0.0465094 0.0452257 0.0000000 0.0737157 0.0491306 0.0703386 0.0707767 0.0457218 0.0441223 0.0715629 0.0714227 0.0712485 0.0638707 0.0222085 0.0462879 0.0795165 0.0690561 0.0693594 0.0377262 0.0569936 0.0437144 0.0242403 0.0446151 0.0799861 0.0497843 0.0447481 0.0721732 0.0815495 0.0702530 
Peramelidae_Perameles_nasuta                 0.0607502 0.0616659 0.0575205 0.0653162 0.0734236 0.0739364 0.0565451 0.0611563 0.0737157 0.0000000 0.0645613 0.0627621 0.0734550 0.0635953 0.0598710 0.0700200 0.0750710 0.0723314 0.0119821 0.0676439 0.0663083 0.0813575 0.0730632 0.0675705 0.0694638 0.0579224 0.0624781 0.0681890 0.0538386 0.0927251 0.0643069 0.0614006 0.0139806 0.0809085 0.0004142 
Phalangeridae_Strigocuscus_pelengensis       0.0314188 0.0508274 0.0409709 0.0392353 0.0460022 0.0581720 0.0173291 0.0071017 0.0491306 0.0645613 0.0000000 0.0528290 0.0625181 0.0080855 0.0290910 0.0562509 0.0555200 0.0596255 0.0557308 0.0433998 0.0350105 0.0679136 0.0588307 0.0534717 0.0398907 0.0387532 0.0357240 0.0424792 0.0286897 0.0604922 0.0306047 0.0065230 0.0559972 0.0648042 0.0629522 
Dasyuridae_Phascogale_tapoatafa              0.0493440 0.0565135 0.0496809 0.0625351 0.0664985 0.0158162 0.0469524 0.0524240 0.0703386 0.0627621 0.0528290 0.0000000 0.0201679 0.0519992 0.0491910 0.0019659 0.0150038 0.0206899 0.0567214 0.0613084 0.0544695 0.0748107 0.0637816 0.0028050 0.0599320 0.0490969 0.0530775 0.0613139 0.0555208 0.0791589 0.0519528 0.0490918 0.0632454 0.0196110 0.0609527 
Dasyuridae_Sminthopsis_macroura              0.0580423 0.0621305 0.0543544 0.0677909 0.0711606 0.0225349 0.0541830 0.0605199 0.0707767 0.0734550 0.0625181 0.0201679 0.0000000 0.0603479 0.0554253 0.0220591 0.0203875 0.0175145 0.0643236 0.0686428 0.0604141 0.0869301 0.0734289 0.0199566 0.0657397 0.0585028 0.0578775 0.0666568 0.0560526 0.0876594 0.0589016 0.0584095 0.0707230 0.0245560 0.0705211 
Phalangeridae_Phalanger_orientalis           0.0312456 0.0513086 0.0398883 0.0365847 0.0430574 0.0572745 0.0157331 0.0056917 0.0457218 0.0635953 0.0080855 0.0519992 0.0603479 0.0000000 0.0301186 0.0553612 0.0554549 0.0572674 0.0537383 0.0410722 0.0357906 0.0690350 0.0572775 0.0526496 0.0371474 0.0371680 0.0358154 0.0401961 0.0278457 0.0625890 0.0323356 0.0037274 0.0551317 0.0637272 0.0616658 
Acrobatidae_Acrobates_pygmaeus               0.0279237 0.0507633 0.0377014 0.0338937 0.0391057 0.0555223 0.0290257 0.0283090 0.0441223 0.0598710 0.0290910 0.0491910 0.0554253 0.0301186 0.0000000 0.0532346 0.0527721 0.0534264 0.0501396 0.0374328 0.0263103 0.0636683 0.0527436 0.0492686 0.0389251 0.0409125 0.0256184 0.0398544 0.0250966 0.0585524 0.0155718 0.0288150 0.0579823 0.0616019 0.0586225 
Dasyuridae_Phascogale_calura                 0.0519644 0.0559625 0.0526491 0.0641169 0.0674680 0.0187135 0.0506406 0.0539692 0.0715629 0.0700200 0.0562509 0.0019659 0.0220591 0.0553612 0.0532346 0.0000000 0.0171063 0.0222528 0.0607701 0.0645270 0.0581871 0.0794067 0.0673134 0.0042154 0.0620977 0.0522663 0.0564649 0.0639773 0.0547083 0.0816754 0.0553991 0.0525517 0.0673060 0.0215626 0.0674161 
Dasyuridae_Sarcophilus_harrisii              0.0567260 0.0582608 0.0509107 0.0660381 0.0687536 0.0046168 0.0492899 0.0544923 0.0714227 0.0750710 0.0555200 0.0150038 0.0203875 0.0554549 0.0527721 0.0171063 0.0000000 0.0165977 0.0647010 0.0678796 0.0605904 0.0820720 0.0708383 0.0141594 0.0631103 0.0536738 0.0584496 0.0649388 0.0538802 0.0855210 0.0558685 0.0526368 0.0747166 0.0086676 0.0709388 
Dasyuridae_Planigale_tenuirostris            0.0555662 0.0631938 0.0528936 0.0670347 0.0703763 0.0186846 0.0518216 0.0581132 0.0712485 0.0723314 0.0596255 0.0206899 0.0175145 0.0572674 0.0534264 0.0222528 0.0165977 0.0000000 0.0625374 0.0691132 0.0597805 0.0833345 0.0687995 0.0189003 0.0619622 0.0556692 0.0580768 0.0668824 0.0554797 0.0862633 0.0558876 0.0553172 0.0698011 0.0189331 0.0694718 
Peramelidae_Echymipera_kalubu                0.0499133 0.0539438 0.0476241 0.0551661 0.0622632 0.0654067 0.0499145 0.0541275 0.0638707 0.0119821 0.0557308 0.0567214 0.0643236 0.0537383 0.0501396 0.0607701 0.0647010 0.0625374 0.0000000 0.0581999 0.0543655 0.0750943 0.0647057 0.0580450 0.0570680 0.0492049 0.0494948 0.0581348 0.0536736 0.0821546 0.0529656 0.0518371 0.0110499 0.0722349 0.0119405 
Macropodidae_Dorcopsulus_vanheurni           0.0397082 0.0598876 0.0492173 0.0151403 0.0199846 0.0710761 0.0409468 0.0418785 0.0222085 0.0676439 0.0433998 0.0613084 0.0686428 0.0410722 0.0374328 0.0645270 0.0678796 0.0691132 0.0581999 0.0000000 0.0411908 0.0690871 0.0608429 0.0615451 0.0320180 0.0518492 0.0406202 0.0068552 0.0392736 0.0728480 0.0437114 0.0392926 0.0645494 0.0776886 0.0644104 
Pseudochiridae_Pseudochirulus_forbesi        0.0313123 0.0553249 0.0456295 0.0396808 0.0445100 0.0621357 0.0338943 0.0359091 0.0462879 0.0663083 0.0350105 0.0544695 0.0604141 0.0357906 0.0263103 0.0581871 0.0605904 0.0597805 0.0543655 0.0411908 0.0000000 0.0697557 0.0621337 0.0554626 0.0419586 0.0457784 0.0199703 0.0407078 0.0163278 0.0590891 0.0301593 0.0344930 0.0627601 0.0687224 0.0626832 
Didelphidae_Didelphis_virginiana             0.0631540 0.0658638 0.0644778 0.0711403 0.0761866 0.0822612 0.0639972 0.0661422 0.0795165 0.0813575 0.0679136 0.0748107 0.0869301 0.0690350 0.0636683 0.0794067 0.0820720 0.0833345 0.0750943 0.0690871 0.0697557 0.0000000 0.0235361 0.0777836 0.0723787 0.0662374 0.0631503 0.0705786 0.0667565 0.0905974 0.0689406 0.0674461 0.0817132 0.0888768 0.0785992 
Marmosidae_Monodelphis_domestica             0.0540599 0.0607840 0.0556948 0.0606649 0.0659450 0.0716258 0.0534526 0.0582691 0.0690561 0.0730632 0.0588307 0.0637816 0.0734289 0.0572775 0.0527436 0.0673134 0.0708383 0.0687995 0.0647057 0.0608429 0.0621337 0.0235361 0.0000000 0.0655907 0.0641674 0.0553932 0.0571622 0.0613266 0.0614496 0.0858491 0.0580545 0.0562709 0.0734568 0.0778200 0.0695114 
Dasyuridae_Antechinus_stuartii               0.0504145 0.0561617 0.0484287 0.0618971 0.0652186 0.0157257 0.0478752 0.0520745 0.0693594 0.0675705 0.0534717 0.0028050 0.0199566 0.0526496 0.0492686 0.0042154 0.0141594 0.0189003 0.0580450 0.0615451 0.0554626 0.0777836 0.0655907 0.0000000 0.0594180 0.0501085 0.0543398 0.0607537 0.0555512 0.0802264 0.0522374 0.0498205 0.0653054 0.0198311 0.0647466 
Hypsiprymnodontidae_Hypsiprymnodon_moschatus 0.0378773 0.0548237 0.0456518 0.0305837 0.0360954 0.0652132 0.0340221 0.0382857 0.0377262 0.0694638 0.0398907 0.0599320 0.0657397 0.0371474 0.0389251 0.0620977 0.0631103 0.0619622 0.0570680 0.0320180 0.0419586 0.0723787 0.0641674 0.0594180 0.0000000 0.0480622 0.0376743 0.0315617 0.0405544 0.0671974 0.0413975 0.0354052 0.0659344 0.0709570 0.0640397 
Microbiotheriidae_Dromiciops_gliroides       0.0359151 0.0429369 0.0402965 0.0480038 0.0531534 0.0555762 0.0377464 0.0370166 0.0569936 0.0579224 0.0387532 0.0490969 0.0585028 0.0371680 0.0409125 0.0522663 0.0536738 0.0556692 0.0492049 0.0518492 0.0457784 0.0662374 0.0553932 0.0501085 0.0480622 0.0000000 0.0425528 0.0494191 0.0436782 0.0710791 0.0415870 0.0353938 0.0528299 0.0610787 0.0567562 
Pseudochiridae_Petauroides_volans            0.0311442 0.0506066 0.0443516 0.0370990 0.0419077 0.0598535 0.0326327 0.0348856 0.0437144 0.0624781 0.0357240 0.0530775 0.0578775 0.0358154 0.0256184 0.0564649 0.0584496 0.0580768 0.0494948 0.0406202 0.0199703 0.0631503 0.0571622 0.0543398 0.0376743 0.0425528 0.0000000 0.0403182 0.0201782 0.0544865 0.0284046 0.0340912 0.0577718 0.0654767 0.0582498 
Macropodidae_Wallabia_bicolor                0.0418253 0.0576124 0.0483280 0.0171164 0.0220055 0.0681348 0.0400342 0.0413653 0.0242403 0.0681890 0.0424792 0.0613139 0.0666568 0.0401961 0.0398544 0.0639773 0.0649388 0.0668824 0.0581348 0.0068552 0.0407078 0.0705786 0.0613266 0.0607537 0.0315617 0.0494191 0.0403182 0.0000000 0.0395109 0.0711401 0.0435917 0.0383935 0.0638799 0.0739337 0.0643383 
Pseudochiridae_Pseudocheirus_occidentalis    0.0318842 0.0563900 0.0496437 0.0360989 0.0375863 0.0548287 0.0309172 0.0278593 0.0446151 0.0538386 0.0286897 0.0555208 0.0560526 0.0278457 0.0250966 0.0547083 0.0538802 0.0554797 0.0536736 0.0392736 0.0163278 0.0667565 0.0614496 0.0555512 0.0405544 0.0436782 0.0201782 0.0395109 0.0000000 0.0733664 0.0273773 0.0263650 0.0538640 0.0556481 0.0558555 
Tarsipedidae_Tarsipes_rostratus              0.0624488 0.0834451 0.0710613 0.0692045 0.0751409 0.0870709 0.0606166 0.0646929 0.0799861 0.0927251 0.0604922 0.0791589 0.0876594 0.0625890 0.0585524 0.0816754 0.0855210 0.0862633 0.0821546 0.0728480 0.0590891 0.0905974 0.0858491 0.0802264 0.0671974 0.0710791 0.0544865 0.0711401 0.0733664 0.0000000 0.0571678 0.0606101 0.0921851 0.0905182 0.0872058 
Acrobatidae_Distoechurus_pennatus            0.0311971 0.0502064 0.0394375 0.0381782 0.0452671 0.0582390 0.0308429 0.0312142 0.0497843 0.0643069 0.0306047 0.0519528 0.0589016 0.0323356 0.0155718 0.0553991 0.0558685 0.0558876 0.0529656 0.0437114 0.0301593 0.0689406 0.0580545 0.0522374 0.0413975 0.0415870 0.0284046 0.0435917 0.0273773 0.0571678 0.0000000 0.0297808 0.0612038 0.0631935 0.0613132 
Phalangeridae_Phalanger_carmelitae           0.0286535 0.0495838 0.0381199 0.0356639 0.0421375 0.0553537 0.0141425 0.0052730 0.0447481 0.0614006 0.0065230 0.0490918 0.0584095 0.0037274 0.0288150 0.0525517 0.0526368 0.0553172 0.0518371 0.0392926 0.0344930 0.0674461 0.0562709 0.0498205 0.0354052 0.0353938 0.0340912 0.0383935 0.0263650 0.0606101 0.0297808 0.0000000 0.0528856 0.0616797 0.0597064 
Peramelidae_Peroryctes_raffrayana            0.0565295 0.0591590 0.0528002 0.0620452 0.0706965 0.0742295 0.0531757 0.0547566 0.0721732 0.0139806 0.0559972 0.0632454 0.0707230 0.0551317 0.0579823 0.0673060 0.0747166 0.0698011 0.0110499 0.0645494 0.0627601 0.0817132 0.0734568 0.0653054 0.0659344 0.0528299 0.0577718 0.0638799 0.0538640 0.0921851 0.0612038 0.0528856 0.0000000 0.0787271 0.0149024 
Dasyuridae_Dasyurus_geffroii                 0.0644141 0.0658087 0.0589246 0.0751618 0.0785433 0.0094741 0.0565796 0.0629920 0.0815495 0.0809085 0.0648042 0.0196110 0.0245560 0.0637272 0.0616019 0.0215626 0.0086676 0.0189331 0.0722349 0.0776886 0.0687224 0.0888768 0.0778200 0.0198311 0.0709570 0.0610787 0.0654767 0.0739337 0.0556481 0.0905182 0.0631935 0.0616797 0.0787271 0.0000000 0.0772339 
Peramelidae_Perameles_gunnii                 0.0575078 0.0593403 0.0553103 0.0617759 0.0690286 0.0712041 0.0549595 0.0605490 0.0702530 0.0004142 0.0629522 0.0609527 0.0705211 0.0616658 0.0586225 0.0674161 0.0709388 0.0694718 0.0119405 0.0644104 0.0626832 0.0785992 0.0695114 0.0647466 0.0640397 0.0567562 0.0582498 0.0643383 0.0558555 0.0872058 0.0613132 0.0597064 0.0149024 0.0772339 0.0000000 
