35
Burramyidae_Burramys_parvus                  0.0000000 0.0197779 0.0154035 0.0150747 0.0147224 0.0180090 0.0145123 0.0145046 0.0142259 0.0237938 0.0128898 0.0171160 0.0175300 0.0134186 0.0181675 0.0171508 0.0171456 0.0175402 0.0194193 0.0131784 0.0142623 0.0216457 0.0220176 0.0171230 0.0143422 0.0156225 0.0130630 0.0133439 0.0142412 0.0209647 0.0181032 0.0132695 0.0209621 0.0177536 0.0235927 
Notoryctidae_Notoryctes_typhlops             0.0197779 0.0000000 0.0168197 0.0219518 0.0213618 0.0184065 0.0212732 0.0210719 0.0218070 0.0258588 0.0194437 0.0179801 0.0200294 0.0201775 0.0258906 0.0178320 0.0174535 0.0192147 0.0171760 0.0210466 0.0182376 0.0219204 0.0214930 0.0165489 0.0216039 0.0164964 0.0180249 0.0206565 0.0193204 0.0305528 0.0272874 0.0198061 0.0196947 0.0178367 0.0262050 
Vombatidae_Lasiorhinus_latifrons             0.0154035 0.0168197 0.0000000 0.0190472 0.0188146 0.0175332 0.0177121 0.0173456 0.0186883 0.0259168 0.0165755 0.0156571 0.0172756 0.0166022 0.0228952 0.0158393 0.0161942 0.0169141 0.0200793 0.0175054 0.0164845 0.0207390 0.0206157 0.0159409 0.0169565 0.0150383 0.0141868 0.0173160 0.0160382 0.0253448 0.0224165 0.0165697 0.0216194 0.0167960 0.0260243 
Potoroidae_Bettongia_penicillata             0.0150747 0.0219518 0.0190472 0.0000000 0.0009827 0.0211131 0.0187324 0.0194462 0.0035296 0.0266227 0.0172267 0.0196489 0.0211125 0.0184561 0.0209717 0.0196365 0.0196306 0.0192300 0.0227303 0.0056799 0.0179911 0.0236785 0.0244413 0.0189029 0.0103739 0.0180823 0.0164048 0.0057007 0.0176811 0.0244109 0.0200440 0.0178090 0.0242657 0.0202395 0.0267122 
Potoroidae_Bettongia_lesueur                 0.0147224 0.0213618 0.0188146 0.0009827 0.0000000 0.0207573 0.0183780 0.0190914 0.0034202 0.0261281 0.0169884 0.0192882 0.0208460 0.0181026 0.0202763 0.0192825 0.0192766 0.0188496 0.0223668 0.0055701 0.0176377 0.0234419 0.0240785 0.0185475 0.0100326 0.0177177 0.0160535 0.0055905 0.0173247 0.0239208 0.0194273 0.0176998 0.0240148 0.0198849 0.0263405 
Dasyuridae_Dasyurus_maculatus                0.0180090 0.0184065 0.0175332 0.0211131 0.0207573 0.0000000 0.0204284 0.0207900 0.0206502 0.0251505 0.0197413 0.0049595 0.0075302 0.0193009 0.0237740 0.0049805 0.0025281 0.0070725 0.0203160 0.0199475 0.0200579 0.0228746 0.0228822 0.0046730 0.0188104 0.0173093 0.0184676 0.0198905 0.0191510 0.0268545 0.0242108 0.0188936 0.0220544 0.0017532 0.0254763 
Phalangeridae_Trichosurus_vulpecula          0.0145123 0.0212732 0.0177121 0.0187324 0.0183780 0.0204284 0.0000000 0.0072777 0.0183755 0.0274332 0.0062337 0.0188291 0.0205821 0.0090173 0.0214147 0.0187108 0.0190715 0.0198142 0.0227805 0.0171913 0.0163220 0.0234436 0.0230780 0.0182238 0.0166544 0.0190358 0.0145035 0.0170056 0.0158712 0.0242352 0.0211029 0.0083085 0.0241698 0.0196804 0.0276561 
Phalangeridae_Spilocuscus_maculatus          0.0145046 0.0210719 0.0173456 0.0194462 0.0190914 0.0207900 0.0072777 0.0000000 0.0190879 0.0271939 0.0035485 0.0198212 0.0218469 0.0048948 0.0211269 0.0196841 0.0194311 0.0203174 0.0223932 0.0180412 0.0159554 0.0230339 0.0234224 0.0193139 0.0175004 0.0184026 0.0141572 0.0178531 0.0159915 0.0243462 0.0209819 0.0045466 0.0230747 0.0197958 0.0271494 
Potoroidae_Aepyprymnus_rufescens             0.0142259 0.0218070 0.0186883 0.0035296 0.0034202 0.0206502 0.0183755 0.0190879 0.0000000 0.0264987 0.0171063 0.0190537 0.0205702 0.0178565 0.0207053 0.0191751 0.0191693 0.0188360 0.0223401 0.0055706 0.0175130 0.0229356 0.0236957 0.0184385 0.0102630 0.0179605 0.0160507 0.0055909 0.0171990 0.0244224 0.0198068 0.0176966 0.0241379 0.0197777 0.0265886 
Peramelidae_Perameles_nasuta                 0.0237938 0.0258588 0.0259168 0.0266227 0.0261281 0.0251505 0.0274332 0.0271939 0.0264987 0.0000000 0.0254606 0.0248742 0.0242681 0.0265173 0.0286691 0.0250246 0.0245058 0.0245226 0.0106468 0.0246116 0.0261288 0.0300240 0.0302873 0.0246736 0.0241613 0.0258144 0.0253782 0.0245651 0.0257009 0.0319556 0.0286193 0.0264542 0.0115677 0.0246296 0.0006732 
Phalangeridae_Strigocuscus_pelengensis       0.0128898 0.0194437 0.0165755 0.0172267 0.0169884 0.0197413 0.0062337 0.0035485 0.0171063 0.0254606 0.0000000 0.0184642 0.0202089 0.0044779 0.0197782 0.0183582 0.0183502 0.0182177 0.0207831 0.0158845 0.0150182 0.0219146 0.0219130 0.0180162 0.0161060 0.0169021 0.0132889 0.0156897 0.0151581 0.0231232 0.0192127 0.0040090 0.0214510 0.0185997 0.0252588 
Dasyuridae_Phascogale_tapoatafa              0.0171160 0.0179801 0.0156571 0.0196489 0.0192882 0.0049595 0.0188291 0.0198212 0.0190537 0.0248742 0.0184642 0.0000000 0.0063683 0.0188100 0.0234025 0.0008904 0.0039362 0.0052217 0.0193183 0.0182252 0.0183344 0.0215517 0.0218103 0.0021363 0.0175647 0.0151129 0.0168509 0.0183877 0.0170121 0.0260269 0.0236681 0.0183971 0.0211185 0.0047285 0.0252010 
Dasyuridae_Sminthopsis_macroura              0.0175300 0.0200294 0.0172756 0.0211125 0.0208460 0.0075302 0.0205821 0.0218469 0.0205702 0.0242681 0.0202089 0.0063683 0.0000000 0.0199957 0.0254437 0.0063647 0.0066281 0.0067129 0.0199990 0.0201738 0.0204739 0.0229599 0.0231283 0.0068014 0.0188762 0.0169769 0.0184843 0.0198544 0.0197024 0.0273423 0.0252346 0.0199466 0.0213163 0.0073996 0.0247636 
Phalangeridae_Phalanger_orientalis           0.0134186 0.0201775 0.0166022 0.0184561 0.0181026 0.0193009 0.0090173 0.0048948 0.0178565 0.0265173 0.0044779 0.0188100 0.0199957 0.0000000 0.0206659 0.0186921 0.0181971 0.0188586 0.0215129 0.0168091 0.0160624 0.0224141 0.0224042 0.0184358 0.0165206 0.0177293 0.0137874 0.0166269 0.0158520 0.0238346 0.0200845 0.0016453 0.0228226 0.0185595 0.0264714 
Acrobatidae_Acrobates_pygmaeus               0.0181675 0.0258906 0.0228952 0.0209717 0.0202763 0.0237740 0.0214147 0.0211269 0.0207053 0.0286691 0.0197782 0.0234025 0.0254437 0.0206659 0.0000000 0.0235985 0.0230524 0.0241663 0.0248703 0.0193310 0.0181045 0.0262029 0.0273585 0.0233524 0.0197887 0.0219750 0.0178558 0.0188664 0.0184030 0.0240166 0.0178394 0.0200869 0.0266663 0.0230555 0.0292945 
Dasyuridae_Phascogale_calura                 0.0171508 0.0178320 0.0158393 0.0196365 0.0192825 0.0049805 0.0187108 0.0196841 0.0191751 0.0250246 0.0183582 0.0008904 0.0063647 0.0186921 0.0235985 0.0000000 0.0039746 0.0057284 0.0196959 0.0183560 0.0183462 0.0217475 0.0220076 0.0025417 0.0177119 0.0155689 0.0167647 0.0182952 0.0171803 0.0263356 0.0234549 0.0182873 0.0215209 0.0047537 0.0253481 
Dasyuridae_Sarcophilus_harrisii              0.0171456 0.0174535 0.0161942 0.0196306 0.0192766 0.0025281 0.0190715 0.0194311 0.0191693 0.0245058 0.0183502 0.0039362 0.0066281 0.0181971 0.0230524 0.0039746 0.0000000 0.0060976 0.0196874 0.0188386 0.0187038 0.0216143 0.0215019 0.0036635 0.0178279 0.0154340 0.0171154 0.0186578 0.0177804 0.0256851 0.0228168 0.0177945 0.0213779 0.0020848 0.0248195 
Dasyuridae_Planigale_tenuirostris            0.0175402 0.0192147 0.0169141 0.0192300 0.0188496 0.0070725 0.0198142 0.0203174 0.0188360 0.0245226 0.0182177 0.0052217 0.0067129 0.0188586 0.0241663 0.0057284 0.0060976 0.0000000 0.0202749 0.0184567 0.0186183 0.0223888 0.0224138 0.0058693 0.0180635 0.0154417 0.0171665 0.0186057 0.0176783 0.0267701 0.0232784 0.0184227 0.0214998 0.0063374 0.0250819 
Peramelidae_Echymipera_kalubu                0.0194193 0.0171760 0.0200793 0.0227303 0.0223668 0.0203160 0.0227805 0.0223932 0.0223401 0.0106468 0.0207831 0.0193183 0.0199990 0.0215129 0.0248703 0.0196959 0.0196874 0.0202749 0.0000000 0.0210268 0.0206144 0.0251901 0.0246829 0.0196998 0.0197103 0.0197352 0.0202453 0.0207130 0.0209363 0.0293942 0.0263524 0.0212121 0.0058111 0.0203056 0.0107462 
Macropodidae_Dorcopsulus_vanheurni           0.0131784 0.0210466 0.0175054 0.0056799 0.0055701 0.0199475 0.0171913 0.0180412 0.0055706 0.0246116 0.0158845 0.0182252 0.0201738 0.0168091 0.0193310 0.0183560 0.0188386 0.0184567 0.0210268 0.0000000 0.0166960 0.0224334 0.0230993 0.0178612 0.0088954 0.0174781 0.0147543 0.0015467 0.0163703 0.0221556 0.0176317 0.0164187 0.0221254 0.0192079 0.0249275 
Pseudochiridae_Pseudochirulus_forbesi        0.0142623 0.0182376 0.0164845 0.0179911 0.0176377 0.0200579 0.0163220 0.0159554 0.0175130 0.0261288 0.0150182 0.0183344 0.0204739 0.0160624 0.0181045 0.0183462 0.0187038 0.0186183 0.0206144 0.0166960 0.0000000 0.0219374 0.0221932 0.0183460 0.0145901 0.0167381 0.0064804 0.0165065 0.0044741 0.0202935 0.0190177 0.0151877 0.0210657 0.0193116 0.0260765 
Didelphidae_Didelphis_virginiana             0.0216457 0.0219204 0.0207390 0.0236785 0.0234419 0.0228746 0.0234436 0.0230339 0.0229356 0.0300240 0.0219146 0.0215517 0.0229599 0.0224141 0.0262029 0.0217475 0.0216143 0.0223888 0.0251901 0.0224334 0.0219374 0.0000000 0.0086783 0.0213945 0.0225302 0.0206013 0.0214348 0.0220111 0.0214111 0.0286372 0.0246341 0.0222398 0.0256720 0.0218647 0.0304312 
Marmosidae_Monodelphis_domestica             0.0220176 0.0214930 0.0206157 0.0244413 0.0240785 0.0228822 0.0230780 0.0234224 0.0236957 0.0302873 0.0219130 0.0218103 0.0231283 0.0224042 0.0273585 0.0220076 0.0215019 0.0224138 0.0246829 0.0230993 0.0221932 0.0086783 0.0000000 0.0215237 0.0225442 0.0208587 0.0219515 0.0225520 0.0219146 0.0297932 0.0255284 0.0221230 0.0256246 0.0218720 0.0305723 
Dasyuridae_Antechinus_stuartii               0.0171230 0.0165489 0.0159409 0.0189029 0.0185475 0.0046730 0.0182238 0.0193139 0.0184385 0.0246736 0.0180162 0.0021363 0.0068014 0.0184358 0.0233524 0.0025417 0.0036635 0.0058693 0.0196998 0.0178612 0.0183460 0.0213945 0.0215237 0.0000000 0.0178307 0.0153544 0.0166285 0.0179082 0.0171493 0.0254718 0.0234178 0.0180391 0.0213402 0.0042217 0.0249983 
Hypsiprymnodontidae_Hypsiprymnodon_moschatus 0.0143422 0.0216039 0.0169565 0.0103739 0.0100326 0.0188104 0.0166544 0.0175004 0.0102630 0.0241613 0.0161060 0.0175647 0.0188762 0.0165206 0.0197887 0.0177119 0.0178279 0.0180635 0.0197103 0.0088954 0.0145901 0.0225302 0.0225442 0.0178307 0.0000000 0.0166062 0.0137558 0.0089249 0.0142532 0.0241580 0.0195372 0.0161243 0.0215787 0.0179470 0.0244681 
Microbiotheriidae_Dromiciops_gliroides       0.0156225 0.0164964 0.0150383 0.0180823 0.0177177 0.0173093 0.0190358 0.0184026 0.0179605 0.0258144 0.0169021 0.0151129 0.0169769 0.0177293 0.0219750 0.0155689 0.0154340 0.0154417 0.0197352 0.0174781 0.0167381 0.0206013 0.0208587 0.0153544 0.0166062 0.0000000 0.0156206 0.0174206 0.0163684 0.0243326 0.0219682 0.0173433 0.0213652 0.0166694 0.0254441 
Pseudochiridae_Petauroides_volans            0.0130630 0.0180249 0.0141868 0.0164048 0.0160535 0.0184676 0.0145035 0.0141572 0.0160507 0.0253782 0.0132889 0.0168509 0.0184843 0.0137874 0.0178558 0.0167647 0.0171154 0.0171665 0.0202453 0.0147543 0.0064804 0.0214348 0.0219515 0.0166285 0.0137558 0.0156206 0.0000000 0.0145673 0.0059676 0.0188229 0.0175590 0.0135201 0.0213288 0.0179705 0.0251787 
Macropodidae_Wallabia_bicolor                0.0133439 0.0206565 0.0173160 0.0057007 0.0055905 0.0198905 0.0170056 0.0178531 0.0055909 0.0245651 0.0156897 0.0183877 0.0198544 0.0166269 0.0188664 0.0182952 0.0186578 0.0186057 0.0207130 0.0015467 0.0165065 0.0220111 0.0225520 0.0179082 0.0089249 0.0174206 0.0145673 0.0000000 0.0159364 0.0226307 0.0172017 0.0162278 0.0217786 0.0187780 0.0248670 
Pseudochiridae_Pseudocheirus_occidentalis    0.0142412 0.0193204 0.0160382 0.0176811 0.0173247 0.0191510 0.0158712 0.0159915 0.0171990 0.0257009 0.0151581 0.0170121 0.0197024 0.0158520 0.0184030 0.0171803 0.0177804 0.0176783 0.0209363 0.0163703 0.0044741 0.0214111 0.0219146 0.0171493 0.0142532 0.0163684 0.0059676 0.0159364 0.0000000 0.0208516 0.0187170 0.0152164 0.0215916 0.0184013 0.0255397 
Tarsipedidae_Tarsipes_rostratus              0.0209647 0.0305528 0.0253448 0.0244109 0.0239208 0.0268545 0.0242352 0.0243462 0.0244224 0.0319556 0.0231232 0.0260269 0.0273423 0.0238346 0.0240166 0.0263356 0.0256851 0.0267701 0.0293942 0.0221556 0.0202935 0.0286372 0.0297932 0.0254718 0.0241580 0.0243326 0.0188229 0.0226307 0.0208516 0.0000000 0.0216138 0.0234125 0.0308667 0.0263261 0.0321548 
Acrobatidae_Distoechurus_pennatus            0.0181032 0.0272874 0.0224165 0.0200440 0.0194273 0.0242108 0.0211029 0.0209819 0.0198068 0.0286193 0.0192127 0.0236681 0.0252346 0.0200845 0.0178394 0.0234549 0.0228168 0.0232784 0.0263524 0.0176317 0.0190177 0.0246341 0.0255284 0.0234178 0.0195372 0.0219682 0.0175590 0.0172017 0.0187170 0.0216138 0.0000000 0.0196855 0.0278473 0.0234412 0.0288758 
Phalangeridae_Phalanger_carmelitae           0.0132695 0.0198061 0.0165697 0.0178090 0.0176998 0.0188936 0.0083085 0.0045466 0.0176966 0.0264542 0.0040090 0.0183971 0.0199466 0.0016453 0.0200869 0.0182873 0.0177945 0.0184227 0.0212121 0.0164187 0.0151877 0.0222398 0.0221230 0.0180391 0.0161243 0.0173433 0.0135201 0.0162278 0.0152164 0.0234125 0.0196855 0.0000000 0.0226313 0.0181554 0.0262762 
Peramelidae_Peroryctes_raffrayana            0.0209621 0.0196947 0.0216194 0.0242657 0.0240148 0.0220544 0.0241698 0.0230747 0.0241379 0.0115677 0.0214510 0.0211185 0.0213163 0.0228226 0.0266663 0.0215209 0.0213779 0.0214998 0.0058111 0.0221254 0.0210657 0.0256720 0.0256246 0.0213402 0.0215787 0.0213652 0.0213288 0.0217786 0.0215916 0.0308667 0.0278473 0.0226313 0.0000000 0.0217779 0.0115581 
Dasyuridae_Dasyurus_geffroii                 0.0177536 0.0178367 0.0167960 0.0202395 0.0198849 0.0017532 0.0196804 0.0197958 0.0197777 0.0246296 0.0185997 0.0047285 0.0073996 0.0185595 0.0230555 0.0047537 0.0020848 0.0063374 0.0203056 0.0192079 0.0193116 0.0218647 0.0218720 0.0042217 0.0179470 0.0166694 0.0179705 0.0187780 0.0184013 0.0263261 0.0234412 0.0181554 0.0217779 0.0000000 0.0249456 
Peramelidae_Perameles_gunnii                 0.0235927 0.0262050 0.0260243 0.0267122 0.0263405 0.0254763 0.0276561 0.0271494 0.0265886 0.0006732 0.0252588 0.0252010 0.0247636 0.0264714 0.0292945 0.0253481 0.0248195 0.0250819 0.0107462 0.0249275 0.0260765 0.0304312 0.0305723 0.0249983 0.0244681 0.0254441 0.0251787 0.0248670 0.0255397 0.0321548 0.0288758 0.0262762 0.0115581 0.0249456 0.0000000 
