35
Burramyidae_Burramys_parvus                  0.0000000 0.1209845 0.0804185 0.0781985 0.0827097 0.1109881 0.0656957 0.0674111 0.0819427 0.1417024 0.0659858 0.1140843 0.1224566 0.0702123 0.0746570 0.1099378 0.1095131 0.1238662 0.1328552 0.0761735 0.0796341 0.1327401 0.1381618 0.1145130 0.0820275 0.1067567 0.0806829 0.0818997 0.0868596 0.0993444 0.0717318 0.0693037 0.1430446 0.1111181 0.1367426 
Notoryctidae_Notoryctes_typhlops             0.1209845 0.0000000 0.1122890 0.1199431 0.1204925 0.1185074 0.1006756 0.1060164 0.1177805 0.1510224 0.1120750 0.1217167 0.1298597 0.1140864 0.1115483 0.1181507 0.1172245 0.1269421 0.1456383 0.1232573 0.1279487 0.1520667 0.1481977 0.1231738 0.1242569 0.1112936 0.1302983 0.1213873 0.1307745 0.1337183 0.1133447 0.1132762 0.1548131 0.1201676 0.1478074 
Vombatidae_Lasiorhinus_latifrons             0.0804185 0.1122890 0.0000000 0.0858364 0.0826756 0.1094987 0.0709251 0.0715051 0.0831190 0.1338107 0.0721167 0.1096788 0.1194499 0.0775935 0.0821025 0.1045542 0.1072170 0.1090939 0.1343309 0.0851761 0.0910150 0.1283532 0.1304103 0.1070864 0.0839581 0.0979021 0.0867052 0.0851035 0.0912139 0.1178219 0.0852690 0.0745034 0.1343300 0.1096722 0.1300294 
Potoroidae_Bettongia_penicillata             0.0781985 0.1199431 0.0858364 0.0000000 0.0194447 0.1231002 0.0792659 0.0781588 0.0284561 0.1468568 0.0734297 0.1266603 0.1352424 0.0790152 0.0829717 0.1230871 0.1226989 0.1346230 0.1438771 0.0388773 0.0884455 0.1401670 0.1454594 0.1258317 0.0600955 0.1052560 0.0888623 0.0399333 0.0951863 0.1042503 0.0797589 0.0783389 0.1499830 0.1226740 0.1406787 
Potoroidae_Bettongia_lesueur                 0.0827097 0.1204925 0.0826756 0.0194447 0.0000000 0.1184956 0.0780701 0.0752074 0.0186139 0.1434656 0.0709882 0.1235725 0.1347265 0.0791709 0.0809664 0.1200218 0.1196613 0.1324061 0.1421041 0.0366807 0.0878343 0.1374067 0.1426902 0.1243564 0.0567489 0.0997711 0.0870704 0.0326045 0.0932768 0.0979383 0.0795093 0.0778770 0.1462707 0.1196294 0.1373352 
Dasyuridae_Dasyurus_maculatus                0.1109881 0.1185074 0.1094987 0.1231002 0.1184956 0.0000000 0.1045775 0.1055105 0.1170754 0.1541196 0.1021254 0.0269863 0.0454290 0.1122703 0.1071462 0.0247268 0.0118147 0.0413267 0.1533158 0.1171558 0.1223557 0.1449410 0.1452280 0.0280139 0.1204642 0.1136554 0.1201099 0.1207191 0.1225973 0.1207452 0.1100406 0.1099744 0.1565102 0.0064111 0.1504214 
Phalangeridae_Trichosurus_vulpecula          0.0656957 0.1006756 0.0709251 0.0792659 0.0780701 0.1045775 0.0000000 0.0255034 0.0768820 0.1274237 0.0277506 0.1083917 0.1154185 0.0361307 0.0644242 0.1038844 0.1030687 0.1108791 0.1246512 0.0779189 0.0786086 0.1290867 0.1334485 0.1062100 0.0781433 0.0954103 0.0761067 0.0760696 0.0817566 0.0903424 0.0659836 0.0301018 0.1320172 0.1040224 0.1259978 
Phalangeridae_Spilocuscus_maculatus          0.0674111 0.1060164 0.0715051 0.0781588 0.0752074 0.1055105 0.0255034 0.0000000 0.0753037 0.1294372 0.0150591 0.1112320 0.1172631 0.0203622 0.0679793 0.1062882 0.1050577 0.1112329 0.1286195 0.0765004 0.0805134 0.1296322 0.1348492 0.1097463 0.0768993 0.0955733 0.0774594 0.0771202 0.0814984 0.0950633 0.0699815 0.0180817 0.1354869 0.1049566 0.1275312 
Potoroidae_Aepyprymnus_rufescens             0.0819427 0.1177805 0.0831190 0.0284561 0.0186139 0.1170754 0.0768820 0.0753037 0.0000000 0.1435931 0.0726366 0.1224832 0.1324931 0.0797407 0.0775872 0.1189207 0.1181940 0.1274850 0.1413304 0.0338095 0.0843456 0.1376411 0.1417711 0.1236434 0.0568225 0.1001500 0.0858847 0.0332848 0.0893628 0.1001483 0.0794094 0.0787407 0.1432840 0.1174308 0.1364813 
Peramelidae_Perameles_nasuta                 0.1417024 0.1510224 0.1338107 0.1468568 0.1434656 0.1541196 0.1274237 0.1294372 0.1435931 0.0000000 0.1283792 0.1551455 0.1642639 0.1354201 0.1321017 0.1507913 0.1509720 0.1555876 0.0330700 0.1392672 0.1530240 0.1669353 0.1723447 0.1532148 0.1507210 0.1377374 0.1450485 0.1448819 0.1530876 0.1484090 0.1389106 0.1309537 0.0351267 0.1543329 0.0022316 
Phalangeridae_Strigocuscus_pelengensis       0.0659858 0.1120750 0.0721167 0.0734297 0.0709882 0.1021254 0.0277506 0.0150591 0.0726366 0.1283792 0.0000000 0.1070327 0.1142273 0.0236995 0.0685761 0.1018045 0.1009536 0.1105762 0.1272908 0.0746554 0.0808231 0.1318714 0.1348771 0.1031555 0.0765772 0.0966498 0.0802238 0.0732505 0.0830021 0.0939558 0.0683509 0.0184412 0.1345147 0.0996909 0.1245616 
Dasyuridae_Phascogale_tapoatafa              0.1140843 0.1217167 0.1096788 0.1266603 0.1235725 0.0269863 0.1083917 0.1112320 0.1224832 0.1551455 0.1070327 0.0000000 0.0488493 0.1171047 0.1121402 0.0061452 0.0243881 0.0435201 0.1528167 0.1212889 0.1302450 0.1489234 0.1474057 0.0196981 0.1266924 0.1189131 0.1289570 0.1233361 0.1307781 0.1345963 0.1168741 0.1142060 0.1563002 0.0258998 0.1517568 
Dasyuridae_Sminthopsis_macroura              0.1224566 0.1298597 0.1194499 0.1352424 0.1347265 0.0454290 0.1154185 0.1172631 0.1324931 0.1642639 0.1142273 0.0488493 0.0000000 0.1233641 0.1157245 0.0455449 0.0439274 0.0434729 0.1628000 0.1315269 0.1357963 0.1519867 0.1548760 0.0491929 0.1345781 0.1285560 0.1343999 0.1337394 0.1407602 0.1426254 0.1272397 0.1229600 0.1636695 0.0449251 0.1618071 
Phalangeridae_Phalanger_orientalis           0.0702123 0.1140864 0.0775935 0.0790152 0.0791709 0.1122703 0.0361307 0.0203622 0.0797407 0.1354201 0.0236995 0.1171047 0.1233641 0.0000000 0.0756168 0.1123783 0.1118077 0.1185645 0.1333247 0.0765866 0.0879725 0.1351940 0.1396704 0.1159567 0.0828914 0.0982724 0.0854379 0.0814380 0.0908698 0.1027093 0.0744523 0.0158751 0.1390977 0.1115833 0.1339818 
Acrobatidae_Acrobates_pygmaeus               0.0746570 0.1115483 0.0821025 0.0829717 0.0809664 0.1071462 0.0644242 0.0679793 0.0775872 0.1321017 0.0685761 0.1121402 0.1157245 0.0756168 0.0000000 0.1069877 0.1084283 0.1150266 0.1263706 0.0773247 0.0696198 0.1375210 0.1416649 0.1099423 0.0829167 0.1043556 0.0698862 0.0786118 0.0715123 0.0848366 0.0442457 0.0750705 0.1345063 0.1061809 0.1267130 
Dasyuridae_Phascogale_calura                 0.1099378 0.1181507 0.1045542 0.1230871 0.1200218 0.0247268 0.1038844 0.1062882 0.1189207 0.1507913 0.1018045 0.0061452 0.0455449 0.1123783 0.1069877 0.0000000 0.0221454 0.0412791 0.1478081 0.1173613 0.1255153 0.1464017 0.1430622 0.0165990 0.1229487 0.1157987 0.1241481 0.1199013 0.1267951 0.1285181 0.1122663 0.1095647 0.1516056 0.0236415 0.1472393 
Dasyuridae_Sarcophilus_harrisii              0.1095131 0.1172245 0.1072170 0.1226989 0.1196613 0.0118147 0.1030687 0.1050577 0.1181940 0.1509720 0.1009536 0.0243881 0.0439274 0.1118077 0.1084283 0.0221454 0.0000000 0.0419688 0.1512866 0.1150142 0.1231010 0.1453937 0.1428754 0.0262706 0.1217247 0.1114945 0.1197435 0.1204284 0.1229018 0.1207951 0.1111856 0.1091592 0.1539978 0.0118380 0.1480779 
Dasyuridae_Planigale_tenuirostris            0.1238662 0.1269421 0.1090939 0.1346230 0.1324061 0.0413267 0.1108791 0.1112329 0.1274850 0.1555876 0.1105762 0.0435201 0.0434729 0.1185645 0.1150266 0.0412791 0.0419688 0.0000000 0.1570781 0.1281337 0.1340296 0.1620874 0.1593952 0.0447233 0.1326459 0.1248209 0.1322361 0.1274225 0.1363502 0.1320990 0.1226569 0.1166581 0.1614573 0.0406936 0.1546727 
Peramelidae_Echymipera_kalubu                0.1328552 0.1456383 0.1343309 0.1438771 0.1421041 0.1533158 0.1246512 0.1286195 0.1413304 0.0330700 0.1272908 0.1528167 0.1628000 0.1333247 0.1263706 0.1478081 0.1512866 0.1570781 0.0000000 0.1390049 0.1481887 0.1709225 0.1750835 0.1505133 0.1499987 0.1363827 0.1428504 0.1451764 0.1513922 0.1464844 0.1352261 0.1284464 0.0322723 0.1544582 0.0318620 
Macropodidae_Dorcopsulus_vanheurni           0.0761735 0.1232573 0.0851761 0.0388773 0.0366807 0.1171558 0.0779189 0.0765004 0.0338095 0.1392672 0.0746554 0.1212889 0.1315269 0.0765866 0.0773247 0.1173613 0.1150142 0.1281337 0.1390049 0.0000000 0.0841316 0.1315851 0.1396687 0.1217201 0.0545386 0.1020361 0.0843948 0.0289090 0.0849001 0.1077624 0.0752043 0.0792305 0.1417736 0.1178432 0.1329794 
Pseudochiridae_Pseudochirulus_forbesi        0.0796341 0.1279487 0.0910150 0.0884455 0.0878343 0.1223557 0.0786086 0.0805134 0.0843456 0.1530240 0.0808231 0.1302450 0.1357963 0.0879725 0.0696198 0.1255153 0.1231010 0.1340296 0.1481887 0.0841316 0.0000000 0.1491027 0.1536758 0.1302969 0.0864171 0.1190111 0.0508731 0.0891767 0.0413573 0.0955868 0.0661236 0.0849924 0.1562687 0.1222755 0.1473198 
Didelphidae_Didelphis_virginiana             0.1327401 0.1520667 0.1283532 0.1401670 0.1374067 0.1449410 0.1290867 0.1296322 0.1376411 0.1669353 0.1318714 0.1489234 0.1519867 0.1351940 0.1375210 0.1464017 0.1453937 0.1620874 0.1709225 0.1315851 0.1491027 0.0000000 0.0619727 0.1519402 0.1381921 0.1383767 0.1413918 0.1401496 0.1532732 0.1601826 0.1370933 0.1344120 0.1659494 0.1461783 0.1630818 
Marmosidae_Monodelphis_domestica             0.1381618 0.1481977 0.1304103 0.1454594 0.1426902 0.1452280 0.1334485 0.1348492 0.1417711 0.1723447 0.1348771 0.1474057 0.1548760 0.1396704 0.1416649 0.1430622 0.1428754 0.1593952 0.1750835 0.1396687 0.1536758 0.0619727 0.0000000 0.1503250 0.1458525 0.1395074 0.1438026 0.1457857 0.1574776 0.1519102 0.1429485 0.1401089 0.1759274 0.1452010 0.1695241 
Dasyuridae_Antechinus_stuartii               0.1145130 0.1231738 0.1070864 0.1258317 0.1243564 0.0280139 0.1062100 0.1097463 0.1236434 0.1532148 0.1031555 0.0196981 0.0491929 0.1159567 0.1099423 0.0165990 0.0262706 0.0447233 0.1505133 0.1217201 0.1302969 0.1519402 0.1503250 0.0000000 0.1266623 0.1165991 0.1259389 0.1247345 0.1293898 0.1336757 0.1150035 0.1130407 0.1545525 0.0263471 0.1503491 
Hypsiprymnodontidae_Hypsiprymnodon_moschatus 0.0820275 0.1242569 0.0839581 0.0600955 0.0567489 0.1204642 0.0781433 0.0768993 0.0568225 0.1507210 0.0765772 0.1266924 0.1345781 0.0828914 0.0829167 0.1229487 0.1217247 0.1326459 0.1499987 0.0545386 0.0864171 0.1381921 0.1458525 0.1266623 0.0000000 0.1057983 0.0872592 0.0511365 0.0870724 0.1037252 0.0790826 0.0814995 0.1505306 0.1216513 0.1462182 
Microbiotheriidae_Dromiciops_gliroides       0.1067567 0.1112936 0.0979021 0.1052560 0.0997711 0.1136554 0.0954103 0.0955733 0.1001500 0.1377374 0.0966498 0.1189131 0.1285560 0.0982724 0.1043556 0.1157987 0.1114945 0.1248209 0.1363827 0.1020361 0.1190111 0.1383767 0.1395074 0.1165991 0.1057983 0.0000000 0.1153445 0.1043885 0.1209393 0.1230556 0.1037898 0.0990977 0.1393874 0.1146551 0.1337186 
Pseudochiridae_Petauroides_volans            0.0806829 0.1302983 0.0867052 0.0888623 0.0870704 0.1201099 0.0761067 0.0774594 0.0858847 0.1450485 0.0802238 0.1289570 0.1343999 0.0854379 0.0698862 0.1241481 0.1197435 0.1322361 0.1428504 0.0843948 0.0508731 0.1413918 0.1438026 0.1259389 0.0872592 0.1153445 0.0000000 0.0877958 0.0376379 0.0869829 0.0644984 0.0867676 0.1492053 0.1210682 0.1413522 
Macropodidae_Wallabia_bicolor                0.0818997 0.1213873 0.0851035 0.0399333 0.0326045 0.1207191 0.0760696 0.0771202 0.0332848 0.1448819 0.0732505 0.1233361 0.1337394 0.0814380 0.0786118 0.1199013 0.1204284 0.1274225 0.1451764 0.0289090 0.0891767 0.1401496 0.1457857 0.1247345 0.0511365 0.1043885 0.0877958 0.0000000 0.0895244 0.1056200 0.0799587 0.0795865 0.1476964 0.1215169 0.1392036 
Pseudochiridae_Pseudocheirus_occidentalis    0.0868596 0.1307745 0.0912139 0.0951863 0.0932768 0.1225973 0.0817566 0.0814984 0.0893628 0.1530876 0.0830021 0.1307781 0.1407602 0.0908698 0.0715123 0.1267951 0.1229018 0.1363502 0.1513922 0.0849001 0.0413573 0.1532732 0.1574776 0.1293898 0.0870724 0.1209393 0.0376379 0.0895244 0.0000000 0.1057575 0.0675136 0.0915796 0.1596077 0.1220087 0.1496876 
Tarsipedidae_Tarsipes_rostratus              0.0993444 0.1337183 0.1178219 0.1042503 0.0979383 0.1207452 0.0903424 0.0950633 0.1001483 0.1484090 0.0939558 0.1345963 0.1426254 0.1027093 0.0848366 0.1285181 0.1207951 0.1320990 0.1464844 0.1077624 0.0955868 0.1601826 0.1519102 0.1336757 0.1037252 0.1230556 0.0869829 0.1056200 0.1057575 0.0000000 0.0946274 0.0995794 0.1451161 0.1228303 0.1433791 
Acrobatidae_Distoechurus_pennatus            0.0717318 0.1133447 0.0852690 0.0797589 0.0795093 0.1100406 0.0659836 0.0699815 0.0794094 0.1389106 0.0683509 0.1168741 0.1272397 0.0744523 0.0442457 0.1122663 0.1111856 0.1226569 0.1352261 0.0752043 0.0661236 0.1370933 0.1429485 0.1150035 0.0790826 0.1037898 0.0644984 0.0799587 0.0675136 0.0946274 0.0000000 0.0746722 0.1372544 0.1098938 0.1346875 
Phalangeridae_Phalanger_carmelitae           0.0693037 0.1132762 0.0745034 0.0783389 0.0778770 0.1099744 0.0301018 0.0180817 0.0787407 0.1309537 0.0184412 0.1142060 0.1229600 0.0158751 0.0750705 0.1095647 0.1091592 0.1166581 0.1284464 0.0792305 0.0849924 0.1344120 0.1401089 0.1130407 0.0814995 0.0990977 0.0867676 0.0795865 0.0915796 0.0995794 0.0746722 0.0000000 0.1347242 0.1100553 0.1286624 
Peramelidae_Peroryctes_raffrayana            0.1430446 0.1548131 0.1343300 0.1499830 0.1462707 0.1565102 0.1320172 0.1354869 0.1432840 0.0351267 0.1345147 0.1563002 0.1636695 0.1390977 0.1345063 0.1516056 0.1539978 0.1614573 0.0322723 0.1417736 0.1562687 0.1659494 0.1759274 0.1545525 0.1505306 0.1393874 0.1492053 0.1476964 0.1596077 0.1451161 0.1372544 0.1347242 0.0000000 0.1563199 0.0342740 
Dasyuridae_Dasyurus_geffroii                 0.1111181 0.1201676 0.1096722 0.1226740 0.1196294 0.0064111 0.1040224 0.1049566 0.1174308 0.1543329 0.0996909 0.0258998 0.0449251 0.1115833 0.1061809 0.0236415 0.0118380 0.0406936 0.1544582 0.1178432 0.1222755 0.1461783 0.1452010 0.0263471 0.1216513 0.1146551 0.1210682 0.1215169 0.1220087 0.1228303 0.1098938 0.1100553 0.1563199 0.0000000 0.1505644 
Peramelidae_Perameles_gunnii                 0.1367426 0.1478074 0.1300294 0.1406787 0.1373352 0.1504214 0.1259978 0.1275312 0.1364813 0.0022316 0.1245616 0.1517568 0.1618071 0.1339818 0.1267130 0.1472393 0.1480779 0.1546727 0.0318620 0.1329794 0.1473198 0.1630818 0.1695241 0.1503491 0.1462182 0.1337186 0.1413522 0.1392036 0.1496876 0.1433791 0.1346875 0.1286624 0.0342740 0.1505644 0.0000000 
