35
Burramyidae_Burramys_parvus                  0.0000000 0.0423824 0.0350658 0.0380891 0.0421769 0.0783520 0.0322049 0.0357175 0.0406970 0.0466409 0.0353554 0.0799585 0.0740005 0.0349200 0.0419915 0.0747375 0.0816323 0.0814322 0.0513919 0.0367952 0.0376098 0.0696561 0.0875665 0.0729954 0.0444371 0.0440183 0.0372403 0.0387697 0.0369516 0.0536363 0.0379903 0.0359164 0.0501802 0.0810312 0.0476944 
Notoryctidae_Notoryctes_typhlops             0.0423824 0.0000000 0.0423766 0.0441066 0.0478437 0.0791977 0.0486535 0.0453825 0.0456113 0.0503498 0.0464933 0.0803632 0.0693231 0.0464317 0.0547572 0.0723672 0.0813773 0.0842591 0.0529328 0.0442965 0.0476555 0.0741962 0.0904255 0.0744969 0.0509768 0.0476720 0.0453404 0.0446591 0.0486051 0.0614170 0.0501732 0.0468455 0.0500311 0.0805163 0.0507834 
Vombatidae_Lasiorhinus_latifrons             0.0350658 0.0423766 0.0000000 0.0348809 0.0376957 0.0767623 0.0371133 0.0365638 0.0352950 0.0482128 0.0368179 0.0787099 0.0679183 0.0351530 0.0395107 0.0713362 0.0789726 0.0816463 0.0512507 0.0326968 0.0373132 0.0714870 0.0820454 0.0719262 0.0386038 0.0397988 0.0360992 0.0343042 0.0361199 0.0491225 0.0423906 0.0361759 0.0495662 0.0773862 0.0486107 
Potoroidae_Bettongia_penicillata             0.0380891 0.0441066 0.0348809 0.0000000 0.0076089 0.0799640 0.0407474 0.0386626 0.0092985 0.0490328 0.0393041 0.0822787 0.0739939 0.0403934 0.0437513 0.0761436 0.0806211 0.0861834 0.0517419 0.0173249 0.0400488 0.0740493 0.0844778 0.0746073 0.0330202 0.0454822 0.0368467 0.0176651 0.0380939 0.0535714 0.0412594 0.0417409 0.0511648 0.0804167 0.0494343 
Potoroidae_Bettongia_lesueur                 0.0421769 0.0478437 0.0376957 0.0076089 0.0000000 0.0833825 0.0429551 0.0418314 0.0121076 0.0530141 0.0415624 0.0848027 0.0780218 0.0432729 0.0464190 0.0790251 0.0851247 0.0910065 0.0547438 0.0199510 0.0435731 0.0769683 0.0886774 0.0776886 0.0354762 0.0481321 0.0403096 0.0190906 0.0412456 0.0569402 0.0444935 0.0433494 0.0548697 0.0841302 0.0534253 
Dasyuridae_Dasyurus_maculatus                0.0783520 0.0791977 0.0767623 0.0799640 0.0833825 0.0000000 0.0786936 0.0800373 0.0809152 0.0841481 0.0810231 0.0131490 0.0184605 0.0801743 0.0855266 0.0148377 0.0077009 0.0233397 0.0862692 0.0811902 0.0814011 0.0895638 0.0940850 0.0139189 0.0862089 0.0803201 0.0782255 0.0814631 0.0773997 0.0929451 0.0857587 0.0822120 0.0824285 0.0063027 0.0846577 
Phalangeridae_Trichosurus_vulpecula          0.0322049 0.0486535 0.0371133 0.0407474 0.0429551 0.0786936 0.0000000 0.0150337 0.0398357 0.0524376 0.0138050 0.0814614 0.0732041 0.0140885 0.0444393 0.0759364 0.0797848 0.0852059 0.0548890 0.0391675 0.0370291 0.0699060 0.0875280 0.0743570 0.0456866 0.0460650 0.0367309 0.0408294 0.0380359 0.0521545 0.0428423 0.0141057 0.0546999 0.0795678 0.0521603 
Phalangeridae_Spilocuscus_maculatus          0.0357175 0.0453825 0.0365638 0.0386626 0.0418314 0.0800373 0.0150337 0.0000000 0.0399376 0.0505575 0.0072060 0.0823369 0.0733683 0.0104270 0.0424239 0.0760548 0.0818075 0.0844272 0.0548544 0.0402568 0.0374987 0.0696278 0.0899371 0.0761695 0.0445236 0.0455839 0.0368978 0.0396386 0.0397755 0.0522649 0.0399714 0.0112870 0.0533634 0.0800545 0.0502792 
Potoroidae_Aepyprymnus_rufescens             0.0406970 0.0456113 0.0352950 0.0092985 0.0121076 0.0809152 0.0398357 0.0399376 0.0000000 0.0501490 0.0399953 0.0824726 0.0759124 0.0394654 0.0455292 0.0766317 0.0823104 0.0886946 0.0518825 0.0159011 0.0424256 0.0730351 0.0867105 0.0756066 0.0312255 0.0476105 0.0394236 0.0165164 0.0401322 0.0546328 0.0419411 0.0405044 0.0520101 0.0820691 0.0505541 
Peramelidae_Perameles_nasuta                 0.0466409 0.0503498 0.0482128 0.0490328 0.0530141 0.0841481 0.0524376 0.0505575 0.0501490 0.0000000 0.0525145 0.0821152 0.0731603 0.0519545 0.0579494 0.0775932 0.0843265 0.0848089 0.0116603 0.0486913 0.0518845 0.0749320 0.0821161 0.0748898 0.0547876 0.0518638 0.0481373 0.0501241 0.0522358 0.0641320 0.0553198 0.0527420 0.0107915 0.0834522 0.0008041 
Phalangeridae_Strigocuscus_pelengensis       0.0353554 0.0464933 0.0368179 0.0393041 0.0415624 0.0810231 0.0138050 0.0072060 0.0399953 0.0525145 0.0000000 0.0825874 0.0727871 0.0077539 0.0426452 0.0783088 0.0797865 0.0808517 0.0576250 0.0402951 0.0374078 0.0702359 0.0906893 0.0765726 0.0460287 0.0454596 0.0377403 0.0408832 0.0394871 0.0531616 0.0415904 0.0080458 0.0556942 0.0803395 0.0522570 
Dasyuridae_Phascogale_tapoatafa              0.0799585 0.0803632 0.0787099 0.0822787 0.0848027 0.0131490 0.0814614 0.0823369 0.0824726 0.0821152 0.0825874 0.0000000 0.0188496 0.0809865 0.0878513 0.0038456 0.0147732 0.0272637 0.0854078 0.0831544 0.0838071 0.0926797 0.0918907 0.0089611 0.0878460 0.0818568 0.0806998 0.0829071 0.0801749 0.0932185 0.0875340 0.0820124 0.0807881 0.0136081 0.0826167 
Dasyuridae_Sminthopsis_macroura              0.0740005 0.0693231 0.0679183 0.0739939 0.0780218 0.0184605 0.0732041 0.0733683 0.0759124 0.0731603 0.0727871 0.0188496 0.0000000 0.0708919 0.0796118 0.0202679 0.0198840 0.0209874 0.0793981 0.0755470 0.0749476 0.0898798 0.0905583 0.0179177 0.0801404 0.0743990 0.0726893 0.0728164 0.0714055 0.0888865 0.0776860 0.0732826 0.0748382 0.0174086 0.0728192 
Phalangeridae_Phalanger_orientalis           0.0349200 0.0464317 0.0351530 0.0403934 0.0432729 0.0801743 0.0140885 0.0104270 0.0394654 0.0519545 0.0077539 0.0809865 0.0708919 0.0000000 0.0426217 0.0763639 0.0797026 0.0837526 0.0569024 0.0375296 0.0391463 0.0706470 0.0880743 0.0751768 0.0436510 0.0437755 0.0385755 0.0394549 0.0395550 0.0523980 0.0430409 0.0034982 0.0563319 0.0787232 0.0516778 
Acrobatidae_Acrobates_pygmaeus               0.0419915 0.0547572 0.0395107 0.0437513 0.0464190 0.0855266 0.0444393 0.0424239 0.0455292 0.0579494 0.0426452 0.0878513 0.0796118 0.0426217 0.0000000 0.0821331 0.0867074 0.0901299 0.0603549 0.0451184 0.0409562 0.0785372 0.0901480 0.0829939 0.0446057 0.0515423 0.0350777 0.0448866 0.0380939 0.0527296 0.0301751 0.0426134 0.0588785 0.0882197 0.0580579 
Dasyuridae_Phascogale_calura                 0.0747375 0.0723672 0.0713362 0.0761436 0.0790251 0.0148377 0.0759364 0.0760548 0.0766317 0.0775932 0.0783088 0.0038456 0.0202679 0.0763639 0.0821331 0.0000000 0.0161844 0.0279408 0.0824326 0.0766130 0.0792118 0.0921981 0.0931054 0.0105195 0.0838275 0.0763402 0.0741920 0.0776450 0.0743763 0.0889821 0.0814329 0.0776118 0.0774364 0.0148246 0.0781711 
Dasyuridae_Sarcophilus_harrisii              0.0816323 0.0813773 0.0789726 0.0806211 0.0851247 0.0077009 0.0797848 0.0818075 0.0823104 0.0843265 0.0797865 0.0147732 0.0198840 0.0797026 0.0867074 0.0161844 0.0000000 0.0258718 0.0865215 0.0818075 0.0844009 0.0934919 0.0946946 0.0157925 0.0899659 0.0817976 0.0805764 0.0817170 0.0809924 0.0954305 0.0875198 0.0817186 0.0830553 0.0070490 0.0848317 
Dasyuridae_Planigale_tenuirostris            0.0814322 0.0842591 0.0816463 0.0861834 0.0910065 0.0233397 0.0852059 0.0844272 0.0886946 0.0848089 0.0808517 0.0272637 0.0209874 0.0837526 0.0901299 0.0279408 0.0258718 0.0000000 0.0856447 0.0881080 0.0855049 0.0975550 0.1075376 0.0245715 0.0929003 0.0811821 0.0838536 0.0863234 0.0829460 0.0990011 0.0922453 0.0859782 0.0852931 0.0242360 0.0849094 
Peramelidae_Echymipera_kalubu                0.0513919 0.0529328 0.0512507 0.0517419 0.0547438 0.0862692 0.0548890 0.0548544 0.0518825 0.0116603 0.0576250 0.0854078 0.0793981 0.0569024 0.0603549 0.0824326 0.0865215 0.0856447 0.0000000 0.0500799 0.0553623 0.0777189 0.0869581 0.0828382 0.0573561 0.0556082 0.0522002 0.0518809 0.0553986 0.0685717 0.0574608 0.0576929 0.0105255 0.0860309 0.0116789 
Macropodidae_Dorcopsulus_vanheurni           0.0367952 0.0442965 0.0326968 0.0173249 0.0199510 0.0811902 0.0391675 0.0402568 0.0159011 0.0486913 0.0402951 0.0831544 0.0755470 0.0375296 0.0451184 0.0766130 0.0818075 0.0881080 0.0500799 0.0000000 0.0403738 0.0710359 0.0829789 0.0767446 0.0296363 0.0445028 0.0388323 0.0093555 0.0378622 0.0538965 0.0412432 0.0385570 0.0505340 0.0811805 0.0490916 
Pseudochiridae_Pseudochirulus_forbesi        0.0376098 0.0476555 0.0373132 0.0400488 0.0435731 0.0814011 0.0370291 0.0374987 0.0424256 0.0518845 0.0374078 0.0838071 0.0749476 0.0391463 0.0409562 0.0792118 0.0844009 0.0855049 0.0553623 0.0403738 0.0000000 0.0715926 0.0833496 0.0772543 0.0442552 0.0440938 0.0203552 0.0392122 0.0150638 0.0438194 0.0413312 0.0392382 0.0537823 0.0833707 0.0522943 
Didelphidae_Didelphis_virginiana             0.0696561 0.0741962 0.0714870 0.0740493 0.0769683 0.0895638 0.0699060 0.0696278 0.0730351 0.0749320 0.0702359 0.0926797 0.0898798 0.0706470 0.0785372 0.0921981 0.0934919 0.0975550 0.0777189 0.0710359 0.0715926 0.0000000 0.0501386 0.0881495 0.0759958 0.0728899 0.0742480 0.0715884 0.0715910 0.0807198 0.0764732 0.0718791 0.0742025 0.0925705 0.0758374 
Marmosidae_Monodelphis_domestica             0.0875665 0.0904255 0.0820454 0.0844778 0.0886774 0.0940850 0.0875280 0.0899371 0.0867105 0.0821161 0.0906893 0.0918907 0.0905583 0.0880743 0.0901480 0.0931054 0.0946946 0.1075376 0.0869581 0.0829789 0.0833496 0.0501386 0.0000000 0.0877159 0.0950022 0.0830627 0.0782103 0.0839581 0.0854695 0.0860029 0.0857778 0.0905003 0.0843997 0.0934422 0.0827996 
Dasyuridae_Antechinus_stuartii               0.0729954 0.0744969 0.0719262 0.0746073 0.0776886 0.0139189 0.0743570 0.0761695 0.0756066 0.0748898 0.0765726 0.0089611 0.0179177 0.0751768 0.0829939 0.0105195 0.0157925 0.0245715 0.0828382 0.0767446 0.0772543 0.0881495 0.0877159 0.0000000 0.0821532 0.0765005 0.0740796 0.0769372 0.0751970 0.0888254 0.0805759 0.0760651 0.0782882 0.0135991 0.0762213 
Hypsiprymnodontidae_Hypsiprymnodon_moschatus 0.0444371 0.0509768 0.0386038 0.0330202 0.0354762 0.0862089 0.0456866 0.0445236 0.0312255 0.0547876 0.0460287 0.0878460 0.0801404 0.0436510 0.0446057 0.0838275 0.0899659 0.0929003 0.0573561 0.0296363 0.0442552 0.0759958 0.0950022 0.0821532 0.0000000 0.0513948 0.0436456 0.0303123 0.0415639 0.0583842 0.0470858 0.0450469 0.0584574 0.0889594 0.0552063 
Microbiotheriidae_Dromiciops_gliroides       0.0440183 0.0476720 0.0397988 0.0454822 0.0481321 0.0803201 0.0460650 0.0455839 0.0476105 0.0518638 0.0454596 0.0818568 0.0743990 0.0437755 0.0515423 0.0763402 0.0817976 0.0811821 0.0556082 0.0445028 0.0440938 0.0728899 0.0830627 0.0765005 0.0513948 0.0000000 0.0467504 0.0448468 0.0425440 0.0618164 0.0511531 0.0448523 0.0531638 0.0813440 0.0522497 
Pseudochiridae_Petauroides_volans            0.0372403 0.0453404 0.0360992 0.0368467 0.0403096 0.0782255 0.0367309 0.0368978 0.0394236 0.0481373 0.0377403 0.0806998 0.0726893 0.0385755 0.0350777 0.0741920 0.0805764 0.0838536 0.0522002 0.0388323 0.0203552 0.0742480 0.0782103 0.0740796 0.0436456 0.0467504 0.0000000 0.0395057 0.0215375 0.0392723 0.0367918 0.0392890 0.0526055 0.0809507 0.0485371 
Macropodidae_Wallabia_bicolor                0.0387697 0.0446591 0.0343042 0.0176651 0.0190906 0.0814631 0.0408294 0.0396386 0.0165164 0.0501241 0.0408832 0.0829071 0.0728164 0.0394549 0.0448866 0.0776450 0.0817170 0.0863234 0.0518809 0.0093555 0.0392122 0.0715884 0.0839581 0.0769372 0.0303123 0.0448468 0.0395057 0.0000000 0.0392190 0.0546880 0.0403335 0.0408368 0.0516423 0.0818395 0.0505289 
Pseudochiridae_Pseudocheirus_occidentalis    0.0369516 0.0486051 0.0361199 0.0380939 0.0412456 0.0773997 0.0380359 0.0397755 0.0401322 0.0522358 0.0394871 0.0801749 0.0714055 0.0395550 0.0380939 0.0743763 0.0809924 0.0829460 0.0553986 0.0378622 0.0150638 0.0715910 0.0854695 0.0751970 0.0415639 0.0425440 0.0215375 0.0392190 0.0000000 0.0424720 0.0390328 0.0405907 0.0541587 0.0807374 0.0526466 
Tarsipedidae_Tarsipes_rostratus              0.0536363 0.0614170 0.0491225 0.0535714 0.0569402 0.0929451 0.0521545 0.0522649 0.0546328 0.0641320 0.0531616 0.0932185 0.0888865 0.0523980 0.0527296 0.0889821 0.0954305 0.0990011 0.0685717 0.0538965 0.0438194 0.0807198 0.0860029 0.0888254 0.0583842 0.0618164 0.0392723 0.0546880 0.0424720 0.0000000 0.0542678 0.0538037 0.0667283 0.0957779 0.0646135 
Acrobatidae_Distoechurus_pennatus            0.0379903 0.0501732 0.0423906 0.0412594 0.0444935 0.0857587 0.0428423 0.0399714 0.0419411 0.0553198 0.0415904 0.0875340 0.0776860 0.0430409 0.0301751 0.0814329 0.0875198 0.0922453 0.0574608 0.0412432 0.0413312 0.0764732 0.0857778 0.0805759 0.0470858 0.0511531 0.0367918 0.0403335 0.0390328 0.0542678 0.0000000 0.0430326 0.0572189 0.0892451 0.0554217 
Phalangeridae_Phalanger_carmelitae           0.0359164 0.0468455 0.0361759 0.0417409 0.0433494 0.0822120 0.0141057 0.0112870 0.0405044 0.0527420 0.0080458 0.0820124 0.0732826 0.0034982 0.0426134 0.0776118 0.0817186 0.0859782 0.0576929 0.0385570 0.0392382 0.0718791 0.0905003 0.0760651 0.0450469 0.0448523 0.0392890 0.0408368 0.0405907 0.0538037 0.0430326 0.0000000 0.0578088 0.0807265 0.0524649 
Peramelidae_Peroryctes_raffrayana            0.0501802 0.0500311 0.0495662 0.0511648 0.0548697 0.0824285 0.0546999 0.0533634 0.0520101 0.0107915 0.0556942 0.0807881 0.0748382 0.0563319 0.0588785 0.0774364 0.0830553 0.0852931 0.0105255 0.0505340 0.0537823 0.0742025 0.0843997 0.0782882 0.0584574 0.0531638 0.0526055 0.0516423 0.0541587 0.0667283 0.0572189 0.0578088 0.0000000 0.0821830 0.0116490 
Dasyuridae_Dasyurus_geffroii                 0.0810312 0.0805163 0.0773862 0.0804167 0.0841302 0.0063027 0.0795678 0.0800545 0.0820691 0.0834522 0.0803395 0.0136081 0.0174086 0.0787232 0.0882197 0.0148246 0.0070490 0.0242360 0.0860309 0.0811805 0.0833707 0.0925705 0.0934422 0.0135991 0.0889594 0.0813440 0.0809507 0.0818395 0.0807374 0.0957779 0.0892451 0.0807265 0.0821830 0.0000000 0.0839545 
Peramelidae_Perameles_gunnii                 0.0476944 0.0507834 0.0486107 0.0494343 0.0534253 0.0846577 0.0521603 0.0502792 0.0505541 0.0008041 0.0522570 0.0826167 0.0728192 0.0516778 0.0580579 0.0781711 0.0848317 0.0849094 0.0116789 0.0490916 0.0522943 0.0758374 0.0827996 0.0762213 0.0552063 0.0522497 0.0485371 0.0505289 0.0526466 0.0646135 0.0554217 0.0524649 0.0116490 0.0839545 0.0000000 
