37
Burramyidae_Burramys_parvus                  0.0000000 0.0878223 0.0597930 0.0571405 0.0566923 0.0793105 0.0375070 0.0385375 0.0653672 0.0849847 0.0413709 0.0809833 0.0824894 0.0334972 0.0681048 0.0812229 0.0817120 0.0738195 0.0952237 0.0511377 0.0557865 0.1123265 0.1057395 0.0802739 0.0519124 0.0749995 0.0632014 0.0495720 0.0516146 0.0693104 0.0497507 0.0372022 0.1422004 0.0799931 0.0790893 0.2087741 0.2087741 
Notoryctidae_Notoryctes_typhlops             0.0878223 0.0000000 0.1122558 0.1267824 0.0966768 0.1484661 0.1234079 0.1235095 0.1372115 0.1475188 0.0973171 0.1455225 0.1185336 0.1284638 0.1153258 0.1462057 0.1475867 0.1453141 0.1557132 0.1301761 0.1312291 0.1605324 0.1738097 0.1457495 0.1321292 0.1202035 0.1407619 0.1314155 0.0854552 0.1427617 0.1357712 0.1272501 0.2788994 0.1525248 0.1385431 0.2539475 0.2539475 
Vombatidae_Lasiorhinus_latifrons             0.0597930 0.1122558 0.0000000 0.0713934 0.0640571 0.0913042 0.0615099 0.0641046 0.0771961 0.1006367 0.0624385 0.0976557 0.0739667 0.0605859 0.0759168 0.0944247 0.0925438 0.0870537 0.1067677 0.0850150 0.0780520 0.1496485 0.1320321 0.0965009 0.0632804 0.0746831 0.0833953 0.0858903 0.0651302 0.0962237 0.0945962 0.0633740 0.2219458 0.0922991 0.0990452 0.2018440 0.2018440 
Potoroidae_Bettongia_penicillata             0.0571405 0.1267824 0.0713934 0.0000000 0.0034596 0.0976795 0.0519076 0.0544525 0.0180194 0.1016740 0.0605045 0.0989427 0.0836688 0.0523545 0.0776226 0.1014144 0.1010131 0.0921609 0.1074001 0.0389244 0.0656649 0.1428492 0.1292323 0.0985491 0.0323375 0.0892763 0.0736920 0.0398715 0.0629509 0.0976597 0.0919502 0.0545505 0.2124948 0.0995306 0.0973473 0.2018440 0.2018440 
Potoroidae_Bettongia_lesueur                 0.0566923 0.0966768 0.0640571 0.0034596 0.0000000 0.0820811 0.0508633 0.0545820 0.0157801 0.0947467 0.0573342 0.0820256 0.0828955 0.0505818 0.0768637 0.0840874 0.0845440 0.0726717 0.1025425 0.0207630 0.0683387 0.1134483 0.1033667 0.0816029 0.0314041 0.0745667 0.0734305 0.0233254 0.0620487 0.0725533 0.0678775 0.0530479 0.1482288 0.0827950 0.0900080 0.2018440 0.2018440 
Dasyuridae_Dasyurus_maculatus                0.0793105 0.1484661 0.0913042 0.0976795 0.0820811 0.0000000 0.1002427 0.1012637 0.1089126 0.1324251 0.0853473 0.0282988 0.0387527 0.0983498 0.0948876 0.0261578 0.0041318 0.0287568 0.1343039 0.1104771 0.1141912 0.1626952 0.1398300 0.0245009 0.0965358 0.0890304 0.1209943 0.1164190 0.0877432 0.1365003 0.1183546 0.1010607 0.2773746 0.0071547 0.1290698 0.1352966 0.1352966 
Phalangeridae_Trichosurus_vulpecula          0.0375070 0.1234079 0.0615099 0.0519076 0.0508633 0.1002427 0.0000000 0.0120044 0.0561052 0.1005316 0.0152477 0.0966331 0.0750607 0.0127023 0.0642675 0.0973978 0.1036143 0.0906494 0.1047953 0.0606991 0.0530234 0.1383149 0.1217627 0.0992353 0.0479501 0.0846945 0.0579964 0.0633280 0.0483574 0.0862871 0.0771068 0.0131802 0.1963549 0.1012146 0.0962538 0.2087741 0.2087741 
Phalangeridae_Spilocuscus_maculatus          0.0385375 0.1235095 0.0641046 0.0544525 0.0545820 0.1012637 0.0120044 0.0000000 0.0603457 0.0974309 0.0105223 0.0959864 0.0791157 0.0094450 0.0671013 0.0967468 0.1046466 0.0947891 0.1037399 0.0661601 0.0581088 0.1387893 0.1229497 0.1002674 0.0521154 0.0871720 0.0635269 0.0654264 0.0511373 0.0912765 0.0809315 0.0086729 0.1888633 0.1022159 0.0931010 0.2087741 0.2087741 
Potoroidae_Aepyprymnus_rufescens             0.0653672 0.1372115 0.0771961 0.0180194 0.0157801 0.1089126 0.0561052 0.0603457 0.0000000 0.1042025 0.0652518 0.1091998 0.0909701 0.0565079 0.0789042 0.1129505 0.1124329 0.1033833 0.1145335 0.0412282 0.0732915 0.1507356 0.1356459 0.1100977 0.0353696 0.0973197 0.0799575 0.0453521 0.0676288 0.1079853 0.0975980 0.0587615 0.2101161 0.1109041 0.1010997 0.3377706 0.3377706 
Peramelidae_Perameles_nasuta                 0.0849847 0.1475188 0.1006367 0.1016740 0.0947467 0.1324251 0.1005316 0.0974309 0.1042025 0.0000000 0.0980201 0.1392481 0.1146328 0.0942775 0.1004637 0.1426679 0.1353062 0.1230154 0.0307164 0.0993163 0.1107882 0.1663518 0.1626898 0.1407838 0.0996537 0.1194300 0.1175018 0.0972935 0.0938647 0.1235996 0.1119056 0.0985801 0.0577922 0.1337156 0.0044859 0.0303123 0.0303123 
Phalangeridae_Strigocuscus_pelengensis       0.0413709 0.0973171 0.0624385 0.0605045 0.0573342 0.0853473 0.0152477 0.0105223 0.0652518 0.0980201 0.0000000 0.0781881 0.0823223 0.0082249 0.0661210 0.0784388 0.0892514 0.0766592 0.0999963 0.0506557 0.0604260 0.1148039 0.1036699 0.0836944 0.0580976 0.0806281 0.0659825 0.0487979 0.0514175 0.0695119 0.0593208 0.0081782 0.1449560 0.0870968 0.0954376 0.2227741 0.2227741 
Dasyuridae_Phascogale_tapoatafa              0.0809833 0.1455225 0.0976557 0.0989427 0.0820256 0.0282988 0.0966331 0.0959864 0.1091998 0.1392481 0.0781881 0.0000000 0.0355164 0.0931508 0.0946537 0.0070534 0.0304825 0.0271650 0.1358447 0.1113314 0.1114510 0.1646571 0.1414631 0.0166323 0.1015488 0.0944791 0.1211678 0.1102221 0.0856337 0.1277438 0.1172891 0.0958239 0.2753952 0.0327730 0.1357675 0.1352966 0.1352966 
Dasyuridae_Sminthopsis_macroura              0.0824894 0.1185336 0.0739667 0.0836688 0.0828955 0.0387527 0.0750607 0.0791157 0.0909701 0.1146328 0.0823223 0.0355164 0.0000000 0.0739594 0.0953821 0.0372263 0.0405984 0.0165204 0.1178140 0.0748986 0.0963909 0.1246434 0.1091761 0.0368894 0.0803927 0.0786242 0.1000188 0.0752555 0.0867409 0.0972926 0.0866891 0.0766061 0.1836832 0.0399383 0.1111373 0.1352966 0.1352966 
Phalangeridae_Phalanger_orientalis           0.0334972 0.1284638 0.0605859 0.0523545 0.0505818 0.0983498 0.0127023 0.0094450 0.0565079 0.0942775 0.0082249 0.0931508 0.0739594 0.0000000 0.0633549 0.0938915 0.1017551 0.0899885 0.1008532 0.0604327 0.0583299 0.1340961 0.1146742 0.0958721 0.0492601 0.0845054 0.0634480 0.0606507 0.0492875 0.0884507 0.0785620 0.0030396 0.1949310 0.0993053 0.0920952 0.2087741 0.2087741 
Acrobatidae_Acrobates_pygmaeus               0.0681048 0.1153258 0.0759168 0.0776226 0.0768637 0.0948876 0.0642675 0.0671013 0.0789042 0.1004637 0.0661210 0.0946537 0.0953821 0.0633549 0.0000000 0.0949300 0.0976576 0.0843029 0.1106847 0.0707034 0.0667002 0.1466457 0.1273356 0.0980415 0.0694387 0.0912239 0.0748678 0.0727101 0.0615414 0.0754051 0.0375064 0.0677870 0.1504410 0.0932900 0.0967566 0.5476562 0.5476562 
Dasyuridae_Phascogale_calura                 0.0812229 0.1462057 0.0944247 0.1014144 0.0840874 0.0261578 0.0973978 0.0967468 0.1129505 0.1426679 0.0784388 0.0070534 0.0372263 0.0938915 0.0949300 0.0000000 0.0276537 0.0290915 0.1390278 0.1139624 0.1123534 0.1707427 0.1461170 0.0168852 0.1019484 0.0921714 0.1226933 0.1128373 0.0858838 0.1306080 0.1182353 0.0965792 0.2805446 0.0306531 0.1391235 0.1352966 0.1352966 
Dasyuridae_Sarcophilus_harrisii              0.0817120 0.1475867 0.0925438 0.1010131 0.0845440 0.0041318 0.1036143 0.1046466 0.1124329 0.1353062 0.0892514 0.0304825 0.0405984 0.1017551 0.0976576 0.0276537 0.0000000 0.0311761 0.1371104 0.1140646 0.1178330 0.1657095 0.1423690 0.0266741 0.0968256 0.0923362 0.1249202 0.1200620 0.0901493 0.1371555 0.1208742 0.1044164 0.2840927 0.0103030 0.1318999 0.1352966 0.1352966 
Dasyuridae_Planigale_tenuirostris            0.0738195 0.1453141 0.0870537 0.0921609 0.0726717 0.0287568 0.0906494 0.0947891 0.1033833 0.1230154 0.0766592 0.0271650 0.0165204 0.0899885 0.0843029 0.0290915 0.0311761 0.0000000 0.1230684 0.1053349 0.0984102 0.1677363 0.1451277 0.0262185 0.0959041 0.0961041 0.1142003 0.1100959 0.0703128 0.1205495 0.1176076 0.0942590 0.2638369 0.0346671 0.1193590 0.1352966 0.1352966 
Peramelidae_Echymipera_kalubu                0.0952237 0.1557132 0.1067677 0.1074001 0.1025425 0.1343039 0.1047953 0.1037399 0.1145335 0.0307164 0.0999963 0.1358447 0.1178140 0.1008532 0.1106847 0.1390278 0.1371104 0.1230684 0.0000000 0.1242954 0.1197641 0.1998886 0.1769136 0.1397904 0.1052453 0.1238454 0.1284080 0.1210603 0.1029020 0.1349144 0.1280547 0.1048373 0.0718505 0.1355668 0.0291505 0.0000010 0.0000010 
Macropodidae_Dorcopsulus_vanheurni           0.0511377 0.1301761 0.0850150 0.0389244 0.0207630 0.1104771 0.0606991 0.0661601 0.0412282 0.0993163 0.0506557 0.1113314 0.0748986 0.0604327 0.0707034 0.1139624 0.1140646 0.1053349 0.1242954 0.0000000 0.0752108 0.1246881 0.1142532 0.1111197 0.0431575 0.1026247 0.0819521 0.0109544 0.0559868 0.0828585 0.0645504 0.0627931 0.1818006 0.1089608 0.0949691 0.2018440 0.2018440 
Pseudochiridae_Pseudochirulus_forbesi        0.0557865 0.1312291 0.0780520 0.0656649 0.0683387 0.1141912 0.0530234 0.0581088 0.0732915 0.1107882 0.0604260 0.1114510 0.0963909 0.0583299 0.0667002 0.1123534 0.1178330 0.0984102 0.1197641 0.0752108 0.0000000 0.1608722 0.1569404 0.1122069 0.0616212 0.1042741 0.0331815 0.0768001 0.0160036 0.0760996 0.0725140 0.0583190 0.2237149 0.1153120 0.1063589 0.2018440 0.2018440 
Didelphidae_Didelphis_virginiana             0.1123265 0.1605324 0.1496485 0.1428492 0.1134483 0.1626952 0.1383149 0.1387893 0.1507356 0.1663518 0.1148039 0.1646571 0.1246434 0.1340961 0.1466457 0.1707427 0.1657095 0.1677363 0.1998886 0.1246881 0.1608722 0.0000000 0.0779002 0.1653207 0.1376786 0.1326975 0.1593119 0.1231257 0.1196635 0.1651467 0.1343343 0.1338169 0.3068607 0.1617282 0.1618785 0.2211391 0.2211391 
Marmosidae_Monodelphis_domestica             0.1057395 0.1738097 0.1320321 0.1292323 0.1033667 0.1398300 0.1217627 0.1229497 0.1356459 0.1626898 0.1036699 0.1414631 0.1091761 0.1146742 0.1273356 0.1461170 0.1423690 0.1451277 0.1769136 0.1142532 0.1569404 0.0779002 0.0000000 0.1387259 0.1260393 0.1305645 0.1488541 0.1192679 0.1213568 0.1607753 0.1363177 0.1213504 0.3204985 0.1396217 0.1580530 0.2211391 0.2211391 
Dasyuridae_Antechinus_stuartii               0.0802739 0.1457495 0.0965009 0.0985491 0.0816029 0.0245009 0.0992353 0.1002674 0.1100977 0.1407838 0.0836944 0.0166323 0.0368894 0.0958721 0.0980415 0.0168852 0.0266741 0.0262185 0.1397904 0.1111197 0.1122069 0.1653207 0.1387259 0.0000000 0.1022526 0.0907203 0.1174760 0.1142094 0.0860050 0.1310205 0.1226108 0.1000697 0.2796581 0.0289824 0.1372638 0.1352966 0.1352966 
Hypsiprymnodontidae_Hypsiprymnodon_moschatus 0.0519124 0.1321292 0.0632804 0.0323375 0.0314041 0.0965358 0.0479501 0.0521154 0.0353696 0.0996537 0.0580976 0.1015488 0.0803927 0.0492601 0.0694387 0.1019484 0.0968256 0.0959041 0.1052453 0.0431575 0.0616212 0.1376786 0.1260393 0.1022526 0.0000000 0.0871484 0.0682857 0.0464710 0.0567615 0.0903348 0.0825144 0.0514687 0.2178619 0.0974860 0.0953691 0.1693230 0.1693230 
Microbiotheriidae_Dromiciops_gliroides       0.0749995 0.1202035 0.0746831 0.0892763 0.0745667 0.0890304 0.0846945 0.0871720 0.0973197 0.1194300 0.0806281 0.0944791 0.0786242 0.0845054 0.0912239 0.0921714 0.0923362 0.0961041 0.1238454 0.1026247 0.1042741 0.1326975 0.1305645 0.0907203 0.0871484 0.0000000 0.1078071 0.1011096 0.0805345 0.1065537 0.0975494 0.0875897 0.2261121 0.0907859 0.1156114 0.2211391 0.2211391 
Pseudochiridae_Petauroides_volans            0.0632014 0.1407619 0.0833953 0.0736920 0.0734305 0.1209943 0.0579964 0.0635269 0.0799575 0.1175018 0.0659825 0.1211678 0.1000188 0.0634480 0.0748678 0.1226933 0.1249202 0.1142003 0.1284080 0.0819521 0.0331815 0.1593119 0.1488541 0.1174760 0.0682857 0.1078071 0.0000000 0.0853902 0.0315770 0.0863965 0.0806996 0.0643017 0.2539418 0.1222352 0.1108971 0.1693230 0.1693230 
Macropodidae_Wallabia_bicolor                0.0495720 0.1314155 0.0858903 0.0398715 0.0233254 0.1164190 0.0633280 0.0654264 0.0453521 0.0972935 0.0487979 0.1102221 0.0752555 0.0606507 0.0727101 0.1128373 0.1200620 0.1100959 0.1210603 0.0109544 0.0768001 0.1231257 0.1192679 0.1142094 0.0464710 0.1011096 0.0853902 0.0000000 0.0547575 0.0811069 0.0667864 0.0623722 0.1789442 0.1149033 0.0941917 0.2018440 0.2018440 
Pseudochiridae_Pseudocheirus_occidentalis    0.0516146 0.0854552 0.0651302 0.0629509 0.0620487 0.0877432 0.0483574 0.0511373 0.0676288 0.0938647 0.0514175 0.0856337 0.0867409 0.0492875 0.0615414 0.0858838 0.0901493 0.0703128 0.1029020 0.0559868 0.0160036 0.1196635 0.1213568 0.0860050 0.0567615 0.0805345 0.0315770 0.0547575 0.0000000 0.0504986 0.0471333 0.0505119 0.1560449 0.0885085 0.0887226 0.2018440 0.2018440 
Tarsipedidae_Tarsipes_rostratus              0.0693104 0.1427617 0.0962237 0.0976597 0.0725533 0.1365003 0.0862871 0.0912765 0.1079853 0.1235996 0.0695119 0.1277438 0.0972926 0.0884507 0.0754051 0.1306080 0.1371555 0.1205495 0.1349144 0.0828585 0.0760996 0.1651467 0.1607753 0.1310205 0.0903348 0.1065537 0.0863965 0.0811069 0.0504986 0.0000000 0.0769544 0.0893125 0.2384462 0.1367371 0.1184448 0.1483923 0.1483923 
Acrobatidae_Distoechurus_pennatus            0.0497507 0.1357712 0.0945962 0.0919502 0.0678775 0.1183546 0.0771068 0.0809315 0.0975980 0.1119056 0.0593208 0.1172891 0.0866891 0.0785620 0.0375064 0.1182353 0.1208742 0.1176076 0.1280547 0.0645504 0.0725140 0.1343343 0.1363177 0.1226108 0.0825144 0.0975494 0.0806996 0.0667864 0.0471333 0.0769544 0.0000000 0.0812893 0.1927143 0.1164857 0.1073756 0.2018440 0.2018440 
Phalangeridae_Phalanger_carmelitae           0.0372022 0.1272501 0.0633740 0.0545505 0.0530479 0.1010607 0.0131802 0.0086729 0.0587615 0.0985801 0.0081782 0.0958239 0.0766061 0.0030396 0.0677870 0.0965792 0.1044164 0.0942590 0.1048373 0.0627931 0.0583190 0.1338169 0.1213504 0.1000697 0.0514687 0.0875897 0.0643017 0.0623722 0.0505119 0.0893125 0.0812893 0.0000000 0.2001719 0.1020322 0.0963438 0.2087741 0.2087741 
Peramelidae_Peroryctes_raffrayana            0.1422004 0.2788994 0.2219458 0.2124948 0.1482288 0.2773746 0.1963549 0.1888633 0.2101161 0.0577922 0.1449560 0.2753952 0.1836832 0.1949310 0.1504410 0.2805446 0.2840927 0.2638369 0.0718505 0.1818006 0.2237149 0.3068607 0.3204985 0.2796581 0.2178619 0.2261121 0.2539418 0.1789442 0.1560449 0.2384462 0.1927143 0.2001719 0.0000000 0.2799782 0.0511035 9.0000000 9.0000000 
Dasyuridae_Dasyurus_geffroii                 0.0799931 0.1525248 0.0922991 0.0995306 0.0827950 0.0071547 0.1012146 0.1022159 0.1109041 0.1337156 0.0870968 0.0327730 0.0399383 0.0993053 0.0932900 0.0306531 0.0103030 0.0346671 0.1355668 0.1089608 0.1153120 0.1617282 0.1396217 0.0289824 0.0974860 0.0907859 0.1222352 0.1149033 0.0885085 0.1367371 0.1164857 0.1020322 0.2799782 0.0000000 0.1303264 0.1352966 0.1352966 
Peramelidae_Perameles_gunnii                 0.0790893 0.1385431 0.0990452 0.0973473 0.0900080 0.1290698 0.0962538 0.0931010 0.1010997 0.0044859 0.0954376 0.1357675 0.1111373 0.0920952 0.0967566 0.1391235 0.1318999 0.1193590 0.0291505 0.0949691 0.1063589 0.1618785 0.1580530 0.1372638 0.0953691 0.1156114 0.1108971 0.0941917 0.0887226 0.1184448 0.1073756 0.0963438 0.0511035 0.1303264 0.0000000 0.0000010 0.0000010 
Peramelidae_Isoodon_obesulus1                0.2087741 0.2539475 0.2018440 0.2018440 0.2018440 0.1352966 0.2087741 0.2087741 0.3377706 0.0303123 0.2227741 0.1352966 0.1352966 0.2087741 0.5476562 0.1352966 0.1352966 0.1352966 0.0000010 0.2018440 0.2018440 0.2211391 0.2211391 0.1352966 0.1693230 0.2211391 0.1693230 0.2018440 0.2018440 0.1483923 0.2018440 0.2087741 9.0000000 0.1352966 0.0000010 0.0000000 0.0000010 
Peramelidae_Isoodon_obesulus2                0.2087741 0.2539475 0.2018440 0.2018440 0.2018440 0.1352966 0.2087741 0.2087741 0.3377706 0.0303123 0.2227741 0.1352966 0.1352966 0.2087741 0.5476562 0.1352966 0.1352966 0.1352966 0.0000010 0.2018440 0.2018440 0.2211391 0.2211391 0.1352966 0.1693230 0.2211391 0.1693230 0.2018440 0.2018440 0.1483923 0.2018440 0.2087741 9.0000000 0.1352966 0.0000010 0.0000010 0.0000000 
