37
Burramyidae_Burramys_parvus                  0.0000000 0.0587864 0.0547516 0.0537850 0.0511258 0.0696776 0.0510784 0.0462033 0.0491933 0.0656270 0.0810787 0.0474501 0.0735727 0.0748834 0.0556583 0.0507567 0.0734205 0.0717680 0.0658046 0.0742176 0.0455781 0.0504566 0.0917776 0.0834653 0.0712325 0.0477501 0.0594632 0.0495007 0.0443119 0.0528452 0.0637052 0.0622725 0.0810787 0.0547908 0.0706366 0.0720679 0.0685208 
Notoryctidae_Notoryctes_typhlops             0.0587864 0.0000000 0.0599401 0.0696878 0.0683895 0.0672526 0.0629714 0.0567331 0.0595104 0.0642354 0.0697058 0.0611453 0.0691739 0.0701315 0.0644611 0.0597945 0.0691662 0.0693750 0.0666003 0.0692768 0.0569230 0.0650923 0.0819214 0.0809006 0.0668363 0.0590828 0.0599879 0.0595225 0.0566827 0.0628179 0.0677455 0.0633537 0.0697058 0.0639392 0.0651354 0.0684367 0.0708525 
Vombatidae_Lasiorhinus_latifrons             0.0547516 0.0599401 0.0000000 0.0559473 0.0546701 0.0734995 0.0590788 0.0525550 0.0582214 0.0763852 0.1242403 0.0541482 0.0761109 0.0776083 0.0566961 0.0534264 0.0769869 0.0746518 0.0651183 0.0728627 0.0556868 0.0612088 0.0928227 0.0915243 0.0706085 0.0569558 0.0615264 0.0531210 0.0541459 0.0567990 0.0688479 0.0649221 0.1242403 0.0603995 0.0791039 0.0744716 0.0752165 
Potoroidae_Bettongia_penicillata             0.0537850 0.0696878 0.0559473 0.0000000 0.0041096 0.0710514 0.0544448 0.0498001 0.0204106 0.0756815 0.2016017 0.0511805 0.0749973 0.0743508 0.0577108 0.0562560 0.0743433 0.0731511 0.0616835 0.0794468 0.0285869 0.0583597 0.0899943 0.0844687 0.0628674 0.0371350 0.0638216 0.0534611 0.0262343 0.0557226 0.0629481 0.0617346 0.2016017 0.0569903 0.0749372 0.0717409 0.0788222 
Potoroidae_Bettongia_lesueur                 0.0511258 0.0683895 0.0546701 0.0041096 0.0000000 0.0704876 0.0520435 0.0473594 0.0178876 0.0715656 0.1925048 0.0481266 0.0752275 0.0736760 0.0552436 0.0541251 0.0745623 0.0721617 0.0610544 0.0778460 0.0267455 0.0571066 0.0889535 0.0818342 0.0623784 0.0359602 0.0618323 0.0517406 0.0249674 0.0543261 0.0615301 0.0604792 0.1925048 0.0549983 0.0706459 0.0709466 0.0773916 
Dasyuridae_Dasyurus_maculatus                0.0696776 0.0672526 0.0734995 0.0710514 0.0704876 0.0000000 0.0743194 0.0699892 0.0750785 0.0821495 0.0217739 0.0723026 0.0205465 0.0214520 0.0759282 0.0640617 0.0185913 0.0081216 0.0181951 0.0899734 0.0713674 0.0698175 0.0995770 0.0956937 0.0199450 0.0728749 0.0621407 0.0721901 0.0705323 0.0708166 0.0830667 0.0759473 0.0217739 0.0763647 0.0858972 0.0083262 0.0879165 
Phalangeridae_Trichosurus_vulpecula          0.0510784 0.0629714 0.0590788 0.0544448 0.0520435 0.0743194 0.0000000 0.0226466 0.0548960 0.0823357 0.0782597 0.0306755 0.0781506 0.0772803 0.0344106 0.0493396 0.0792926 0.0739052 0.0661799 0.0849828 0.0510511 0.0591803 0.0946502 0.0987291 0.0723664 0.0503413 0.0623069 0.0536730 0.0510737 0.0569601 0.0663699 0.0649163 0.0782597 0.0285196 0.0885837 0.0760319 0.0787671 
Phalangeridae_Spilocuscus_maculatus          0.0462033 0.0567331 0.0525550 0.0498001 0.0473594 0.0699892 0.0226466 0.0000000 0.0500823 0.0761270 0.0905802 0.0154717 0.0746569 0.0742938 0.0247498 0.0463368 0.0749555 0.0698052 0.0635045 0.0791379 0.0466596 0.0555520 0.0889463 0.0911255 0.0686648 0.0453460 0.0539230 0.0518722 0.0460757 0.0535913 0.0652228 0.0583826 0.0905802 0.0185614 0.0803216 0.0708392 0.0743886 
Potoroidae_Aepyprymnus_rufescens             0.0491933 0.0595104 0.0582214 0.0204106 0.0178876 0.0750785 0.0548960 0.0500823 0.0000000 0.0709878 0.0499577 0.0508090 0.0781914 0.0781765 0.0591596 0.0526251 0.0761544 0.0743184 0.0704338 0.0772870 0.0193838 0.0566538 0.0909681 0.0877965 0.0786905 0.0364983 0.0585578 0.0606764 0.0180195 0.0607663 0.0694712 0.0634710 0.0499577 0.0589146 0.0701906 0.0741589 0.0761667 
Peramelidae_Perameles_nasuta                 0.0656270 0.0642354 0.0763852 0.0756815 0.0715656 0.0821495 0.0823357 0.0761270 0.0709878 0.0000000 0.0501765 0.0703198 0.0812368 0.0861479 0.0815400 0.0643131 0.0854772 0.0832148 0.0726412 0.0311688 0.0662557 0.0752289 0.0968793 0.1008151 0.0919680 0.0743981 0.0672555 0.0800154 0.0673007 0.0792864 0.0870141 0.0768077 0.0501765 0.0843045 0.0187628 0.0836928 0.0012122 
Myrmecobiidae_Myrmecobius_fasciatus1         0.0810787 0.0697058 0.1242403 0.2016017 0.1925048 0.0217739 0.0782597 0.0905802 0.0499577 0.0501765 0.0000000 0.1074653 0.0161136 0.0188931 0.1442395 0.0619435 0.0134232 0.0161136 9.0000000 0.0465655 0.0432843 0.0726353 0.0688743 0.0654484 9.0000000 0.0409064 0.0592388 0.1124035 0.0464149 0.0690135 0.0669544 0.0523951 0.0000010 0.1498314 0.0403167 0.0216975 0.0499226 
Phalangeridae_Strigocuscus_pelengensis       0.0474501 0.0611453 0.0541482 0.0511805 0.0481266 0.0723026 0.0306755 0.0154717 0.0508090 0.0703198 0.1074653 0.0000000 0.0783029 0.0756358 0.0280068 0.0504947 0.0771099 0.0726208 0.0651994 0.0831124 0.0482979 0.0556725 0.0920436 0.0929577 0.0741926 0.0512099 0.0584257 0.0555997 0.0474689 0.0573990 0.0661153 0.0602284 0.1074653 0.0248408 0.0745087 0.0734425 0.0742459 
Dasyuridae_Phascogale_tapoatafa              0.0735727 0.0691739 0.0761109 0.0749973 0.0752275 0.0205465 0.0781506 0.0746569 0.0781914 0.0812368 0.0161136 0.0783029 0.0000000 0.0274707 0.0809670 0.0673131 0.0111297 0.0212235 0.0254483 0.0909575 0.0767814 0.0767365 0.1003352 0.1010479 0.0168961 0.0763081 0.0668767 0.0777783 0.0753642 0.0765111 0.0835667 0.0795794 0.0161136 0.0815803 0.0842952 0.0233198 0.0876719 
Dasyuridae_Sminthopsis_macroura              0.0748834 0.0701315 0.0776083 0.0743508 0.0736760 0.0214520 0.0772803 0.0742938 0.0781765 0.0861479 0.0188931 0.0756358 0.0274707 0.0000000 0.0811124 0.0646411 0.0253636 0.0229084 0.0171770 0.0938911 0.0756483 0.0757584 0.1072291 0.1020068 0.0264812 0.0784966 0.0700668 0.0784540 0.0738172 0.0762789 0.0830545 0.0809561 0.0188931 0.0810016 0.0900612 0.0233238 0.0915154 
Phalangeridae_Phalanger_orientalis           0.0556583 0.0644611 0.0566961 0.0577108 0.0552436 0.0759282 0.0344106 0.0247498 0.0591596 0.0815400 0.1442395 0.0280068 0.0809670 0.0811124 0.0000000 0.0533767 0.0823139 0.0757233 0.0678796 0.0804297 0.0561072 0.0611274 0.0965873 0.0986257 0.0755779 0.0566733 0.0630581 0.0525616 0.0550406 0.0556670 0.0688841 0.0642130 0.1442395 0.0100081 0.0860049 0.0770427 0.0801932 
Acrobatidae_Acrobates_pygmaeus               0.0507567 0.0597945 0.0534264 0.0562560 0.0541251 0.0640617 0.0493396 0.0463368 0.0526251 0.0643131 0.0619435 0.0504947 0.0673131 0.0646411 0.0533767 0.0000000 0.0677835 0.0648880 0.0525456 0.0744724 0.0488740 0.0436389 0.0821311 0.0794649 0.0633867 0.0510780 0.0619870 0.0420456 0.0491684 0.0417741 0.0477403 0.0328419 0.0619435 0.0526534 0.0693466 0.0652283 0.0706850 
Dasyuridae_Phascogale_calura                 0.0734205 0.0691662 0.0769869 0.0743433 0.0745623 0.0185913 0.0792926 0.0749555 0.0761544 0.0854772 0.0134232 0.0771099 0.0111297 0.0253636 0.0823139 0.0677835 0.0000000 0.0198415 0.0233557 0.0932206 0.0754875 0.0772258 0.1018382 0.1006610 0.0193264 0.0779787 0.0659706 0.0784816 0.0734829 0.0769841 0.0850580 0.0826856 0.0134232 0.0827133 0.0891282 0.0211370 0.0890577 
Dasyuridae_Sarcophilus_harrisii              0.0717680 0.0693750 0.0746518 0.0731511 0.0721617 0.0081216 0.0739052 0.0698052 0.0743184 0.0832148 0.0161136 0.0726208 0.0212235 0.0229084 0.0757233 0.0648880 0.0198415 0.0000000 0.0187034 0.0909999 0.0711379 0.0712005 0.1007206 0.0975667 0.0214440 0.0736128 0.0618156 0.0746175 0.0698044 0.0724965 0.0837648 0.0786416 0.0161136 0.0763839 0.0865528 0.0074965 0.0895362 
Dasyuridae_Planigale_tenuirostris            0.0658046 0.0666003 0.0651183 0.0616835 0.0610544 0.0181951 0.0661799 0.0635045 0.0704338 0.0726412 9.0000000 0.0651994 0.0254483 0.0171770 0.0678796 0.0525456 0.0233557 0.0187034 0.0000000 0.0851534 0.0687404 0.0635878 0.0978335 0.0905178 0.0226867 0.0706923 0.0591258 0.0646677 0.0664477 0.0639287 0.0743841 0.0667313 9.0000000 0.0674701 0.0747667 0.0202335 0.0840063 
Peramelidae_Echymipera_kalubu                0.0742176 0.0692768 0.0728627 0.0794468 0.0778460 0.0899734 0.0849828 0.0791379 0.0772870 0.0311688 0.0465655 0.0831124 0.0909575 0.0938911 0.0804297 0.0744724 0.0932206 0.0909999 0.0851534 0.0000000 0.0751639 0.0844293 0.1073400 0.1062941 0.0944829 0.0794070 0.0718003 0.0795931 0.0739268 0.0838866 0.0924861 0.0875445 0.0465655 0.0863700 0.0270803 0.0899298 0.0246091 
Macropodidae_Dorcopsulus_vanheurni           0.0455781 0.0569230 0.0556868 0.0285869 0.0267455 0.0713674 0.0510511 0.0466596 0.0193838 0.0662557 0.0432843 0.0482979 0.0767814 0.0756483 0.0561072 0.0488740 0.0754875 0.0711379 0.0687404 0.0751639 0.0000000 0.0536161 0.0882257 0.0839534 0.0756836 0.0328717 0.0548736 0.0570127 0.0071313 0.0573760 0.0665199 0.0616953 0.0432843 0.0547408 0.0676857 0.0714553 0.0723644 
Pseudochiridae_Pseudochirulus_forbesi        0.0504566 0.0650923 0.0612088 0.0583597 0.0571066 0.0698175 0.0591803 0.0555520 0.0566538 0.0752289 0.0726353 0.0556725 0.0767365 0.0757584 0.0611274 0.0436389 0.0772258 0.0712005 0.0635878 0.0844293 0.0536161 0.0000000 0.0917561 0.0866490 0.0722923 0.0597071 0.0633648 0.0298836 0.0520276 0.0206961 0.0508831 0.0541648 0.0726353 0.0611598 0.0790271 0.0705729 0.0785021 
Didelphidae_Didelphis_virginiana             0.0917776 0.0819214 0.0928227 0.0899943 0.0889535 0.0995770 0.0946502 0.0889463 0.0909681 0.0968793 0.0688743 0.0920436 0.1003352 0.1072291 0.0965873 0.0821311 0.1018382 0.1007206 0.0978335 0.1073400 0.0882257 0.0917561 0.0000000 0.0428368 0.1000158 0.0887849 0.0767667 0.0937412 0.0876358 0.0940296 0.0991312 0.0947327 0.0688743 0.0965779 0.0951412 0.0989964 0.1070679 
Marmosidae_Monodelphis_domestica             0.0834653 0.0809006 0.0915243 0.0844687 0.0818342 0.0956937 0.0987291 0.0911255 0.0877965 0.1008151 0.0654484 0.0929577 0.1010479 0.1020068 0.0986257 0.0794649 0.1006610 0.0975667 0.0905178 0.1062941 0.0839534 0.0866490 0.0428368 0.0000000 0.0991858 0.0894550 0.0710751 0.0895307 0.0825475 0.0896260 0.0960805 0.0857855 0.0654484 0.0984856 0.0994040 0.0963430 0.1059116 
Dasyuridae_Antechinus_stuartii               0.0712325 0.0668363 0.0706085 0.0628674 0.0623784 0.0199450 0.0723664 0.0686648 0.0786905 0.0919680 9.0000000 0.0741926 0.0168961 0.0264812 0.0755779 0.0633867 0.0193264 0.0214440 0.0226867 0.0944829 0.0756836 0.0722923 0.1000158 0.0991858 0.0000000 0.0766311 0.0627902 0.0723252 0.0732692 0.0741926 0.0812357 0.0801757 9.0000000 0.0735987 0.0959363 0.0228420 0.0933666 
Hypsiprymnodontidae_Hypsiprymnodon_moschatus 0.0477501 0.0590828 0.0569558 0.0371350 0.0359602 0.0728749 0.0503413 0.0453460 0.0364983 0.0743981 0.0409064 0.0512099 0.0763081 0.0784966 0.0566733 0.0510780 0.0779787 0.0736128 0.0706923 0.0794070 0.0328717 0.0597071 0.0887849 0.0894550 0.0766311 0.0000000 0.0595533 0.0538933 0.0329035 0.0564370 0.0666027 0.0657261 0.0409064 0.0529510 0.0753475 0.0739337 0.0769148 
Microbiotheriidae_Dromiciops_gliroides       0.0594632 0.0599879 0.0615264 0.0638216 0.0618323 0.0621407 0.0623069 0.0539230 0.0585578 0.0672555 0.0592388 0.0584257 0.0668767 0.0700668 0.0630581 0.0619870 0.0659706 0.0618156 0.0591258 0.0718003 0.0548736 0.0633648 0.0767667 0.0710751 0.0627902 0.0595533 0.0000000 0.0632795 0.0529680 0.0617872 0.0738506 0.0644832 0.0592388 0.0627761 0.0654626 0.0613532 0.0731557 
Pseudochiridae_Petauroides_volans            0.0495007 0.0595225 0.0531210 0.0534611 0.0517406 0.0721901 0.0536730 0.0518722 0.0606764 0.0800154 0.1124035 0.0555997 0.0777783 0.0784540 0.0525616 0.0420456 0.0784816 0.0746175 0.0646677 0.0795931 0.0570127 0.0298836 0.0937412 0.0895307 0.0723252 0.0538933 0.0632795 0.0000000 0.0559009 0.0234937 0.0501635 0.0594351 0.1124035 0.0562413 0.0845921 0.0746274 0.0775926 
Macropodidae_Wallabia_bicolor                0.0443119 0.0566827 0.0541459 0.0262343 0.0249674 0.0705323 0.0510737 0.0460757 0.0180195 0.0673007 0.0464149 0.0474689 0.0753642 0.0738172 0.0550406 0.0491684 0.0734829 0.0698044 0.0664477 0.0739268 0.0071313 0.0520276 0.0876358 0.0825475 0.0732692 0.0329035 0.0529680 0.0559009 0.0000000 0.0553096 0.0659963 0.0614446 0.0464149 0.0541385 0.0688017 0.0691661 0.0711881 
Pseudochiridae_Pseudocheirus_occidentalis    0.0528452 0.0628179 0.0567990 0.0557226 0.0543261 0.0708166 0.0569601 0.0535913 0.0607663 0.0792864 0.0690135 0.0573990 0.0765111 0.0762789 0.0556670 0.0417741 0.0769841 0.0724965 0.0639287 0.0838866 0.0573760 0.0206961 0.0940296 0.0896260 0.0741926 0.0564370 0.0617872 0.0234937 0.0553096 0.0000000 0.0482524 0.0575306 0.0690135 0.0609148 0.0828670 0.0728008 0.0789476 
Tarsipedidae_Tarsipes_rostratus              0.0637052 0.0677455 0.0688479 0.0629481 0.0615301 0.0830667 0.0663699 0.0652228 0.0694712 0.0870141 0.0669544 0.0661153 0.0835667 0.0830545 0.0688841 0.0477403 0.0850580 0.0837648 0.0743841 0.0924861 0.0665199 0.0508831 0.0991312 0.0960805 0.0812357 0.0666027 0.0738506 0.0501635 0.0659963 0.0482524 0.0000000 0.0624064 0.0669544 0.0695988 0.0853157 0.0846657 0.0862943 
Acrobatidae_Distoechurus_pennatus            0.0622725 0.0633537 0.0649221 0.0617346 0.0604792 0.0759473 0.0649163 0.0583826 0.0634710 0.0768077 0.0523951 0.0602284 0.0795794 0.0809561 0.0642130 0.0328419 0.0826856 0.0786416 0.0667313 0.0875445 0.0616953 0.0541648 0.0947327 0.0857855 0.0801757 0.0657261 0.0644832 0.0594351 0.0614446 0.0575306 0.0624064 0.0000000 0.0523951 0.0639108 0.0831950 0.0789905 0.0827842 
Myrmecobiidae_Myrmecobius_fasciatus2         0.0810787 0.0697058 0.1242403 0.2016017 0.1925048 0.0217739 0.0782597 0.0905802 0.0499577 0.0501765 0.0000010 0.1074653 0.0161136 0.0188931 0.1442395 0.0619435 0.0134232 0.0161136 9.0000000 0.0465655 0.0432843 0.0726353 0.0688743 0.0654484 9.0000000 0.0409064 0.0592388 0.1124035 0.0464149 0.0690135 0.0669544 0.0523951 0.0000000 0.1498314 0.0403167 0.0216975 0.0499226 
Phalangeridae_Phalanger_carmelitae           0.0547908 0.0639392 0.0603995 0.0569903 0.0549983 0.0763647 0.0285196 0.0185614 0.0589146 0.0843045 0.1498314 0.0248408 0.0815803 0.0810016 0.0100081 0.0526534 0.0827133 0.0763839 0.0674701 0.0863700 0.0547408 0.0611598 0.0965779 0.0984856 0.0735987 0.0529510 0.0627761 0.0562413 0.0541385 0.0609148 0.0695988 0.0639108 0.1498314 0.0000000 0.0889588 0.0779527 0.0818360 
Peramelidae_Peroryctes_raffrayana            0.0706366 0.0651354 0.0791039 0.0749372 0.0706459 0.0858972 0.0885837 0.0803216 0.0701906 0.0187628 0.0403167 0.0745087 0.0842952 0.0900612 0.0860049 0.0693466 0.0891282 0.0865528 0.0747667 0.0270803 0.0676857 0.0790271 0.0951412 0.0994040 0.0959363 0.0753475 0.0654626 0.0845921 0.0688017 0.0828670 0.0853157 0.0831950 0.0403167 0.0889588 0.0000000 0.0870063 0.0183937 
Dasyuridae_Dasyurus_geffroii                 0.0720679 0.0684367 0.0744716 0.0717409 0.0709466 0.0083262 0.0760319 0.0708392 0.0741589 0.0836928 0.0216975 0.0734425 0.0233198 0.0233238 0.0770427 0.0652283 0.0211370 0.0074965 0.0202335 0.0899298 0.0714553 0.0705729 0.0989964 0.0963430 0.0228420 0.0739337 0.0613532 0.0746274 0.0691661 0.0728008 0.0846657 0.0789905 0.0216975 0.0779527 0.0870063 0.0000000 0.0888979 
Peramelidae_Perameles_gunnii                 0.0685208 0.0708525 0.0752165 0.0788222 0.0773916 0.0879165 0.0787671 0.0743886 0.0761667 0.0012122 0.0499226 0.0742459 0.0876719 0.0915154 0.0801932 0.0706850 0.0890577 0.0895362 0.0840063 0.0246091 0.0723644 0.0785021 0.1070679 0.1059116 0.0933666 0.0769148 0.0731557 0.0775926 0.0711881 0.0789476 0.0862943 0.0827842 0.0499226 0.0818360 0.0183937 0.0888979 0.0000000 
