35
Burramyidae_Burramys_parvus                  0.0000000 0.0847656 0.0634156 0.0780230 0.0719406 0.0846028 0.0491307 0.0533000 0.0747005 0.0905816 0.0532171 0.0856580 0.0829199 0.0508539 0.0583713 0.0785681 0.0803152 0.0757525 0.0894533 0.0735849 0.0703806 0.0938669 0.0865373 0.0827978 0.0695292 0.0785191 0.0530178 0.0754946 0.0643134 0.0719467 0.0590307 0.0500781 0.0904206 0.0853716 0.0910747 
Notoryctidae_Notoryctes_typhlops             0.0847656 0.0000000 0.0874540 0.1009161 0.0966483 0.0889017 0.0764751 0.0791603 0.0943105 0.0941851 0.0784730 0.0882403 0.0912950 0.0785207 0.0736970 0.0895180 0.0920884 0.0737644 0.0947680 0.0905001 0.0872058 0.1054298 0.0986577 0.0908543 0.0892177 0.0843020 0.0773264 0.0944068 0.0793006 0.0879525 0.0755460 0.0771911 0.0941552 0.0887875 0.0928966 
Vombatidae_Lasiorhinus_latifrons             0.0634156 0.0874540 0.0000000 0.0813290 0.0747996 0.0847544 0.0549337 0.0599536 0.0735406 0.0901031 0.0600205 0.0844906 0.0867597 0.0579131 0.0570451 0.0807769 0.0836886 0.0777443 0.0894629 0.0743079 0.0691529 0.0928847 0.0838807 0.0833931 0.0728639 0.0769333 0.0555208 0.0766249 0.0629083 0.0765017 0.0569375 0.0582915 0.0890202 0.0855142 0.0896010 
Potoroidae_Bettongia_penicillata             0.0780230 0.1009161 0.0813290 0.0000000 0.0131813 0.0980644 0.0671015 0.0681646 0.0194017 0.1011548 0.0681086 0.0967531 0.0956920 0.0686803 0.0686146 0.0954419 0.0982829 0.0871284 0.1031448 0.0435505 0.0822542 0.1107854 0.1010878 0.0966377 0.0564300 0.0960072 0.0658041 0.0425687 0.0737903 0.0878748 0.0710758 0.0677248 0.1021009 0.0988329 0.1039986 
Potoroidae_Bettongia_lesueur                 0.0719406 0.0966483 0.0747996 0.0131813 0.0000000 0.0891241 0.0600080 0.0610714 0.0148171 0.0933556 0.0598868 0.0899492 0.0899336 0.0615388 0.0647521 0.0901933 0.0924308 0.0793741 0.0943804 0.0369796 0.0762541 0.1000652 0.0920759 0.0854296 0.0491542 0.0872978 0.0616337 0.0358782 0.0690513 0.0807686 0.0647437 0.0602026 0.0957815 0.0898679 0.0940874 
Dasyuridae_Dasyurus_maculatus                0.0846028 0.0889017 0.0847544 0.0980644 0.0891241 0.0000000 0.0743816 0.0805125 0.0909970 0.0909715 0.0779610 0.0223484 0.0337509 0.0780234 0.0771219 0.0196641 0.0061359 0.0302011 0.0930780 0.0853662 0.0839650 0.1049963 0.0929797 0.0220677 0.0894197 0.0857045 0.0761467 0.0909934 0.0776916 0.0909914 0.0759394 0.0765924 0.0918148 0.0057437 0.0913475 
Phalangeridae_Trichosurus_vulpecula          0.0491307 0.0764751 0.0549337 0.0671015 0.0600080 0.0743816 0.0000000 0.0145774 0.0617578 0.0784045 0.0151714 0.0720123 0.0754543 0.0127308 0.0494162 0.0660012 0.0698722 0.0663743 0.0803776 0.0604818 0.0544920 0.0832821 0.0736148 0.0714678 0.0612762 0.0703451 0.0421442 0.0612404 0.0508436 0.0576293 0.0482350 0.0123473 0.0806611 0.0755405 0.0788174 
Phalangeridae_Spilocuscus_maculatus          0.0533000 0.0791603 0.0599536 0.0681646 0.0610714 0.0805125 0.0145774 0.0000000 0.0629150 0.0826956 0.0136621 0.0756061 0.0777920 0.0101670 0.0531853 0.0688278 0.0738369 0.0723072 0.0830889 0.0643275 0.0578771 0.0863894 0.0772217 0.0748871 0.0611021 0.0753244 0.0438075 0.0641095 0.0521755 0.0648725 0.0535854 0.0094212 0.0856689 0.0816965 0.0835863 
Potoroidae_Aepyprymnus_rufescens             0.0747005 0.0943105 0.0735406 0.0194017 0.0148171 0.0909970 0.0617578 0.0629150 0.0000000 0.0958137 0.0612065 0.0900470 0.0895507 0.0629573 0.0677939 0.0908991 0.0933936 0.0818795 0.0971104 0.0327108 0.0753091 0.1050840 0.0958407 0.0884415 0.0478588 0.0881554 0.0622182 0.0340702 0.0672754 0.0838601 0.0677501 0.0619760 0.0991192 0.0918022 0.0967945 
Peramelidae_Perameles_nasuta                 0.0905816 0.0941851 0.0901031 0.1011548 0.0933556 0.0909715 0.0784045 0.0826956 0.0958137 0.0000000 0.0810327 0.0906659 0.0943274 0.0812593 0.0865892 0.0893046 0.0920471 0.0759288 0.0186123 0.0921318 0.0913744 0.0994755 0.0940285 0.0868442 0.0927014 0.0832252 0.0815262 0.0933158 0.0856019 0.0922585 0.0832835 0.0806893 0.0179071 0.0914744 0.0021507 
Phalangeridae_Strigocuscus_pelengensis       0.0532171 0.0784730 0.0600205 0.0681086 0.0598868 0.0779610 0.0151714 0.0136621 0.0612065 0.0810327 0.0000000 0.0755712 0.0807730 0.0117341 0.0532190 0.0711611 0.0761234 0.0665675 0.0832077 0.0639398 0.0587387 0.0853480 0.0757786 0.0730205 0.0607568 0.0728323 0.0452091 0.0631980 0.0521862 0.0646020 0.0542456 0.0109597 0.0839196 0.0791940 0.0814524 
Dasyuridae_Phascogale_tapoatafa              0.0856580 0.0882403 0.0844906 0.0967531 0.0899492 0.0223484 0.0720123 0.0756061 0.0900470 0.0906659 0.0755712 0.0000000 0.0327851 0.0739643 0.0750608 0.0051887 0.0246079 0.0256861 0.0923046 0.0859927 0.0830159 0.1021107 0.0926718 0.0127232 0.0884072 0.0828245 0.0743973 0.0916775 0.0767024 0.0878827 0.0757146 0.0737984 0.0907252 0.0238491 0.0892485 
Dasyuridae_Sminthopsis_macroura              0.0829199 0.0912950 0.0867597 0.0956920 0.0899336 0.0337509 0.0754543 0.0777920 0.0895507 0.0943274 0.0807730 0.0327851 0.0000000 0.0784999 0.0802447 0.0296959 0.0332596 0.0290354 0.0943482 0.0895238 0.0914377 0.1093467 0.0982299 0.0313038 0.0833993 0.0831516 0.0800471 0.0959317 0.0822185 0.0954226 0.0824913 0.0777154 0.0940290 0.0363391 0.0935581 
Phalangeridae_Phalanger_orientalis           0.0508539 0.0785207 0.0579131 0.0686803 0.0615388 0.0780234 0.0127308 0.0101670 0.0629573 0.0812593 0.0117341 0.0739643 0.0784999 0.0000000 0.0519909 0.0689590 0.0739794 0.0687961 0.0832001 0.0632278 0.0575744 0.0867123 0.0761095 0.0733953 0.0619252 0.0740844 0.0427389 0.0627717 0.0514602 0.0640792 0.0528257 0.0057633 0.0836073 0.0792061 0.0816787 
Acrobatidae_Acrobates_pygmaeus               0.0583713 0.0736970 0.0570451 0.0686146 0.0647521 0.0771219 0.0494162 0.0531853 0.0677939 0.0865892 0.0532190 0.0750608 0.0802447 0.0519909 0.0000000 0.0735381 0.0787152 0.0695463 0.0838901 0.0685571 0.0564409 0.0895454 0.0798396 0.0750089 0.0667104 0.0718792 0.0447278 0.0705138 0.0496578 0.0571125 0.0305922 0.0515667 0.0859467 0.0778779 0.0862272 
Dasyuridae_Phascogale_calura                 0.0785681 0.0895180 0.0807769 0.0954419 0.0901933 0.0196641 0.0660012 0.0688278 0.0908991 0.0893046 0.0711611 0.0051887 0.0296959 0.0689590 0.0735381 0.0000000 0.0201572 0.0234337 0.0892633 0.0878009 0.0821993 0.1015446 0.0912187 0.0118774 0.0884490 0.0799463 0.0725583 0.0930554 0.0740963 0.0859926 0.0748647 0.0682160 0.0866211 0.0221462 0.0885811 
Dasyuridae_Sarcophilus_harrisii              0.0803152 0.0920884 0.0836886 0.0982829 0.0924308 0.0061359 0.0698722 0.0738369 0.0933936 0.0920471 0.0761234 0.0246079 0.0332596 0.0739794 0.0787152 0.0201572 0.0000000 0.0304828 0.0932161 0.0886193 0.0871491 0.1076154 0.0952294 0.0226327 0.0898352 0.0852659 0.0758638 0.0930115 0.0790657 0.0923168 0.0798756 0.0732154 0.0926240 0.0085308 0.0924509 
Dasyuridae_Planigale_tenuirostris            0.0757525 0.0737644 0.0777443 0.0871284 0.0793741 0.0302011 0.0663743 0.0723072 0.0818795 0.0759288 0.0665675 0.0256861 0.0290354 0.0687961 0.0695463 0.0234337 0.0304828 0.0000000 0.0764913 0.0715176 0.0786889 0.0908016 0.0818393 0.0252698 0.0772438 0.0757365 0.0626321 0.0789979 0.0684733 0.0793178 0.0676913 0.0681524 0.0778788 0.0297067 0.0756425 
Peramelidae_Echymipera_kalubu                0.0894533 0.0947680 0.0894629 0.1031448 0.0943804 0.0930780 0.0803776 0.0830889 0.0971104 0.0186123 0.0832077 0.0923046 0.0943482 0.0832001 0.0838901 0.0892633 0.0932161 0.0764913 0.0000000 0.0915091 0.0930156 0.1024931 0.0945046 0.0888816 0.0920936 0.0858336 0.0806300 0.0939018 0.0867415 0.0943596 0.0839460 0.0817792 0.0164237 0.0935577 0.0196468 
Macropodidae_Dorcopsulus_vanheurni           0.0735849 0.0905001 0.0743079 0.0435505 0.0369796 0.0853662 0.0604818 0.0643275 0.0327108 0.0921318 0.0639398 0.0859927 0.0895238 0.0632278 0.0685571 0.0878009 0.0886193 0.0715176 0.0915091 0.0000000 0.0759582 0.0988858 0.0900227 0.0856672 0.0528833 0.0871190 0.0604887 0.0152818 0.0686847 0.0757715 0.0676267 0.0631145 0.0938794 0.0861269 0.0920429 
Pseudochiridae_Pseudochirulus_forbesi        0.0703806 0.0872058 0.0691529 0.0822542 0.0762541 0.0839650 0.0544920 0.0578771 0.0753091 0.0913744 0.0587387 0.0830159 0.0914377 0.0575744 0.0564409 0.0821993 0.0871491 0.0786889 0.0930156 0.0759582 0.0000000 0.0965890 0.0850130 0.0862173 0.0749573 0.0847433 0.0388213 0.0773424 0.0289853 0.0702797 0.0590250 0.0558535 0.0909331 0.0847248 0.0917456 
Didelphidae_Didelphis_virginiana             0.0938669 0.1054298 0.0928847 0.1107854 0.1000652 0.1049963 0.0832821 0.0863894 0.1050840 0.0994755 0.0853480 0.1021107 0.1093467 0.0867123 0.0895454 0.1015446 0.1076154 0.0908016 0.1024931 0.0988858 0.0965890 0.0000000 0.0369185 0.0987001 0.0990720 0.0939088 0.0862507 0.0983311 0.0891010 0.1009475 0.0893029 0.0853248 0.1010789 0.1072214 0.1012439 
Marmosidae_Monodelphis_domestica             0.0865373 0.0986577 0.0838807 0.1010878 0.0920759 0.0929797 0.0736148 0.0772217 0.0958407 0.0940285 0.0757786 0.0926718 0.0982299 0.0761095 0.0798396 0.0912187 0.0952294 0.0818393 0.0945046 0.0900227 0.0850130 0.0369185 0.0000000 0.0911131 0.0883314 0.0860584 0.0741186 0.0916260 0.0789655 0.0929307 0.0800861 0.0755749 0.0923406 0.0951292 0.0957421 
Dasyuridae_Antechinus_stuartii               0.0827978 0.0908543 0.0833931 0.0966377 0.0854296 0.0220677 0.0714678 0.0748871 0.0884415 0.0868442 0.0730205 0.0127232 0.0313038 0.0733953 0.0750089 0.0118774 0.0226327 0.0252698 0.0888816 0.0856672 0.0862173 0.0987001 0.0911131 0.0000000 0.0855874 0.0809152 0.0757364 0.0912945 0.0781805 0.0887952 0.0736106 0.0732580 0.0882373 0.0235755 0.0862823 
Hypsiprymnodontidae_Hypsiprymnodon_moschatus 0.0695292 0.0892177 0.0728639 0.0564300 0.0491542 0.0894197 0.0612762 0.0611021 0.0478588 0.0927014 0.0607568 0.0884072 0.0833993 0.0619252 0.0667104 0.0884490 0.0898352 0.0772438 0.0920936 0.0528833 0.0749573 0.0990720 0.0883314 0.0855874 0.0000000 0.0811629 0.0631755 0.0505929 0.0660779 0.0806583 0.0647960 0.0618151 0.0962446 0.0893369 0.0926691 
Microbiotheriidae_Dromiciops_gliroides       0.0785191 0.0843020 0.0769333 0.0960072 0.0872978 0.0857045 0.0703451 0.0753244 0.0881554 0.0832252 0.0728323 0.0828245 0.0831516 0.0740844 0.0718792 0.0799463 0.0852659 0.0757365 0.0858336 0.0871190 0.0847433 0.0939088 0.0860584 0.0809152 0.0811629 0.0000000 0.0703879 0.0920855 0.0743294 0.0853407 0.0701326 0.0736008 0.0836185 0.0864712 0.0827766 
Pseudochiridae_Petauroides_volans            0.0530178 0.0773264 0.0555208 0.0658041 0.0616337 0.0761467 0.0421442 0.0438075 0.0622182 0.0815262 0.0452091 0.0743973 0.0800471 0.0427389 0.0447278 0.0725583 0.0758638 0.0626321 0.0806300 0.0604887 0.0388213 0.0862507 0.0741186 0.0757364 0.0631755 0.0703879 0.0000000 0.0618922 0.0339713 0.0543549 0.0442397 0.0426786 0.0822076 0.0769001 0.0816644 
Macropodidae_Wallabia_bicolor                0.0754946 0.0944068 0.0766249 0.0425687 0.0358782 0.0909934 0.0612404 0.0641095 0.0340702 0.0933158 0.0631980 0.0916775 0.0959317 0.0627717 0.0705138 0.0930554 0.0930115 0.0789979 0.0939018 0.0152818 0.0773424 0.0983311 0.0916260 0.0912945 0.0505929 0.0920855 0.0618922 0.0000000 0.0678636 0.0786185 0.0694759 0.0626588 0.0977628 0.0917574 0.0946540 
Pseudochiridae_Pseudocheirus_occidentalis    0.0643134 0.0793006 0.0629083 0.0737903 0.0690513 0.0776916 0.0508436 0.0521755 0.0672754 0.0856019 0.0521862 0.0767024 0.0822185 0.0514602 0.0496578 0.0740963 0.0790657 0.0684733 0.0867415 0.0686847 0.0289853 0.0891010 0.0789655 0.0781805 0.0660779 0.0743294 0.0339713 0.0678636 0.0000000 0.0651595 0.0520413 0.0505815 0.0866569 0.0784547 0.0865116 
Tarsipedidae_Tarsipes_rostratus              0.0719467 0.0879525 0.0765017 0.0878748 0.0807686 0.0909914 0.0576293 0.0648725 0.0838601 0.0922585 0.0646020 0.0878827 0.0954226 0.0640792 0.0571125 0.0859926 0.0923168 0.0793178 0.0943596 0.0757715 0.0702797 0.1009475 0.0929307 0.0887952 0.0806583 0.0853407 0.0543549 0.0786185 0.0651595 0.0000000 0.0584085 0.0619069 0.0938707 0.0914931 0.0922301 
Acrobatidae_Distoechurus_pennatus            0.0590307 0.0755460 0.0569375 0.0710758 0.0647437 0.0759394 0.0482350 0.0535854 0.0677501 0.0832835 0.0542456 0.0757146 0.0824913 0.0528257 0.0305922 0.0748647 0.0798756 0.0676913 0.0839460 0.0676267 0.0590250 0.0893029 0.0800861 0.0736106 0.0647960 0.0701326 0.0442397 0.0694759 0.0520413 0.0584085 0.0000000 0.0523656 0.0843426 0.0766259 0.0832257 
Phalangeridae_Phalanger_carmelitae           0.0500781 0.0771911 0.0582915 0.0677248 0.0602026 0.0765924 0.0123473 0.0094212 0.0619760 0.0806893 0.0109597 0.0737984 0.0777154 0.0057633 0.0515667 0.0682160 0.0732154 0.0681524 0.0817792 0.0631145 0.0558535 0.0853248 0.0755749 0.0732580 0.0618151 0.0736008 0.0426786 0.0626588 0.0505815 0.0619069 0.0523656 0.0000000 0.0822056 0.0777724 0.0811105 
Peramelidae_Peroryctes_raffrayana            0.0904206 0.0941552 0.0890202 0.1021009 0.0957815 0.0918148 0.0806611 0.0856689 0.0991192 0.0179071 0.0839196 0.0907252 0.0940290 0.0836073 0.0859467 0.0866211 0.0926240 0.0778788 0.0164237 0.0938794 0.0909331 0.1010789 0.0923406 0.0882373 0.0962446 0.0836185 0.0822076 0.0977628 0.0866569 0.0938707 0.0843426 0.0822056 0.0000000 0.0922966 0.0178620 
Dasyuridae_Dasyurus_geffroii                 0.0853716 0.0887875 0.0855142 0.0988329 0.0898679 0.0057437 0.0755405 0.0816965 0.0918022 0.0914744 0.0791940 0.0238491 0.0363391 0.0792061 0.0778779 0.0221462 0.0085308 0.0297067 0.0935577 0.0861269 0.0847248 0.1072214 0.0951292 0.0235755 0.0893369 0.0864712 0.0769001 0.0917574 0.0784547 0.0914931 0.0766259 0.0777724 0.0922966 0.0000000 0.0918267 
Peramelidae_Perameles_gunnii                 0.0910747 0.0928966 0.0896010 0.1039986 0.0940874 0.0913475 0.0788174 0.0835863 0.0967945 0.0021507 0.0814524 0.0892485 0.0935581 0.0816787 0.0862272 0.0885811 0.0924509 0.0756425 0.0196468 0.0920429 0.0917456 0.1012439 0.0957421 0.0862823 0.0926691 0.0827766 0.0816644 0.0946540 0.0865116 0.0922301 0.0832257 0.0811105 0.0178620 0.0918267 0.0000000 
