35
Burramyidae_Burramys_parvus                  0.0000000 0.0969795 0.0475371 0.0538204 0.0529678 0.0680315 0.0419865 0.0574596 0.0505475 0.0608420 0.0655668 0.0550863 0.0619969 0.0701113 0.0507885 0.0637538 0.0652539 0.0549519 0.0703662 0.0793483 0.0517001 0.0664063 0.0850706 0.0666202 0.0459359 0.0683458 0.0505381 0.0747254 0.0739257 0.0927620 0.0421977 0.0676318 0.0699250 0.0660260 0.0745075 
Notoryctidae_Notoryctes_typhlops             0.0969795 0.0000000 0.0974144 0.1232598 0.1192612 0.1161599 0.0814785 0.1215771 0.1143440 0.1122126 0.1178508 0.0964791 0.1039639 0.1383321 0.1088070 0.1118278 0.1103197 0.0946806 0.1193039 0.1585236 0.1025694 0.0942365 0.0773045 0.1145890 0.1068532 0.1019527 0.1009560 0.1526907 0.1242888 0.1523211 0.0936779 0.1307862 0.1244625 0.1111441 0.1250460 
Vombatidae_Lasiorhinus_latifrons             0.0475371 0.0974144 0.0000000 0.0605221 0.0596315 0.0711261 0.0500541 0.0666247 0.0541291 0.0655565 0.0707194 0.0596471 0.0628540 0.0782031 0.0574019 0.0671366 0.0677596 0.0556314 0.0717446 0.0825933 0.0534349 0.0716818 0.0885994 0.0682455 0.0508807 0.0638851 0.0540103 0.0781126 0.0793109 0.0992245 0.0465903 0.0760565 0.0776751 0.0682820 0.0719868 
Potoroidae_Bettongia_penicillata             0.0538204 0.1232598 0.0605221 0.0000000 0.0030173 0.0766274 0.0573908 0.0722840 0.0115763 0.0669724 0.0828356 0.0641343 0.0724759 0.0817420 0.0623286 0.0739265 0.0739058 0.0616328 0.0735810 0.0497914 0.0600486 0.0814521 0.0986864 0.0738188 0.0344866 0.0786236 0.0608370 0.0450358 0.0828077 0.1048934 0.0500166 0.0787870 0.0758826 0.0736493 0.0778446 
Potoroidae_Bettongia_lesueur                 0.0529678 0.1192612 0.0596315 0.0030173 0.0000000 0.0747371 0.0551595 0.0706856 0.0109969 0.0660835 0.0813038 0.0625656 0.0706997 0.0798564 0.0628280 0.0720728 0.0720938 0.0604816 0.0731301 0.0488530 0.0583611 0.0792039 0.0963025 0.0720448 0.0330844 0.0778869 0.0596888 0.0450869 0.0822690 0.1030835 0.0501958 0.0769181 0.0737622 0.0717876 0.0766126 
Dasyuridae_Dasyurus_maculatus                0.0680315 0.1161599 0.0711261 0.0766274 0.0747371 0.0000000 0.0596208 0.0721668 0.0720098 0.0763874 0.0812698 0.0092755 0.0181090 0.0824475 0.0740285 0.0110829 0.0047886 0.0193462 0.0819548 0.0874687 0.0737742 0.0728397 0.0874485 0.0129179 0.0711613 0.0785771 0.0736311 0.0848273 0.0855306 0.1065021 0.0660595 0.0779617 0.0754939 0.0055462 0.0856885 
Phalangeridae_Trichosurus_vulpecula          0.0419865 0.0814785 0.0500541 0.0573908 0.0551595 0.0596208 0.0000000 0.0170105 0.0517053 0.0492304 0.0227634 0.0412145 0.0587974 0.0251599 0.0439256 0.0545303 0.0573821 0.0504864 0.0621433 0.0617677 0.0471411 0.0702585 0.0845782 0.0564616 0.0503545 0.0574994 0.0459865 0.0571061 0.0481931 0.0723144 0.0430403 0.0214506 0.0474510 0.0558621 0.0646566 
Phalangeridae_Spilocuscus_maculatus          0.0574596 0.1215771 0.0666247 0.0722840 0.0706856 0.0721668 0.0170105 0.0000000 0.0694062 0.0784035 0.0142738 0.0703851 0.0680838 0.0177221 0.0629684 0.0707202 0.0692861 0.0570684 0.0756782 0.0523370 0.0641228 0.0550152 0.0441865 0.0719083 0.0688759 0.0750934 0.0581539 0.0480733 0.0495726 0.0672174 0.0619698 0.0150781 0.0510777 0.0687677 0.0782397 
Potoroidae_Aepyprymnus_rufescens             0.0505475 0.1143440 0.0541291 0.0115763 0.0109969 0.0720098 0.0517053 0.0694062 0.0000000 0.0656331 0.0769096 0.0625071 0.0670919 0.0763519 0.0590000 0.0711722 0.0693462 0.0582261 0.0696923 0.0447761 0.0550273 0.0752406 0.0902984 0.0692048 0.0311210 0.0734489 0.0552249 0.0411351 0.0811899 0.0972675 0.0464600 0.0734004 0.0753096 0.0690668 0.0742982 
Peramelidae_Perameles_nasuta                 0.0608420 0.1122126 0.0655565 0.0669724 0.0660835 0.0763874 0.0492304 0.0784035 0.0656331 0.0000000 0.0682628 0.0764230 0.0718805 0.0814890 0.0625210 0.0767790 0.0737560 0.0592385 0.0120768 0.0822049 0.0675401 0.0574933 0.0490065 0.0760168 0.0676496 0.0689415 0.0687742 0.0796568 0.0917672 0.0968276 0.0626284 0.0781976 0.0321867 0.0724132 0.0013499 
Phalangeridae_Strigocuscus_pelengensis       0.0655668 0.1178508 0.0707194 0.0828356 0.0813038 0.0812698 0.0227634 0.0142738 0.0769096 0.0682628 0.0000000 0.0616749 0.0799875 0.0217726 0.0686322 0.0775283 0.0776721 0.0674281 0.0843158 0.0601472 0.0707990 0.0758557 0.0831507 0.0791800 0.0749957 0.0813231 0.0661735 0.0564935 0.0467762 0.0828187 0.0684439 0.0190262 0.0484503 0.0774002 0.0837539 
Dasyuridae_Phascogale_tapoatafa              0.0550863 0.0964791 0.0596471 0.0641343 0.0625656 0.0092755 0.0412145 0.0703851 0.0625071 0.0764230 0.0616749 0.0000000 0.0146894 0.0699500 0.0612451 0.0004439 0.0073284 0.0132695 0.0724693 0.0755754 0.0640236 0.0511960 0.0441817 0.0043322 0.0609923 0.0662964 0.0622842 0.0749053 0.0843093 0.0852338 0.0571630 0.0656987 0.0747761 0.0094984 0.0761845 
Dasyuridae_Sminthopsis_macroura              0.0619969 0.1039639 0.0628540 0.0724759 0.0706997 0.0181090 0.0587974 0.0680838 0.0670919 0.0718805 0.0799875 0.0146894 0.0000000 0.0810562 0.0682322 0.0175680 0.0155001 0.0140208 0.0761761 0.0860994 0.0693719 0.0728675 0.0851717 0.0190360 0.0661161 0.0712461 0.0687359 0.0833941 0.0826452 0.1061437 0.0610757 0.0769803 0.0722347 0.0180372 0.0813998 
Phalangeridae_Phalanger_orientalis           0.0701113 0.1383321 0.0782031 0.0817420 0.0798564 0.0824475 0.0251599 0.0177221 0.0763519 0.0814890 0.0217726 0.0699500 0.0810562 0.0000000 0.0711223 0.0795620 0.0796497 0.0694690 0.0867658 0.0638937 0.0757209 0.0762257 0.0844051 0.0811628 0.0782298 0.0854460 0.0679835 0.0568448 0.0559711 0.0837406 0.0707262 0.0038689 0.0528782 0.0781231 0.0915112 
Acrobatidae_Acrobates_pygmaeus               0.0507885 0.1088070 0.0574019 0.0623286 0.0628280 0.0740285 0.0439256 0.0629684 0.0590000 0.0625210 0.0686322 0.0612451 0.0682322 0.0711223 0.0000000 0.0694864 0.0703530 0.0585523 0.0685140 0.0750789 0.0489812 0.0624367 0.0776607 0.0690411 0.0592594 0.0703332 0.0449107 0.0704082 0.0676390 0.0873954 0.0360074 0.0680138 0.0690115 0.0707471 0.0715912 
Dasyuridae_Phascogale_calura                 0.0637538 0.1118278 0.0671366 0.0739265 0.0720728 0.0110829 0.0545303 0.0707202 0.0711722 0.0767790 0.0775283 0.0004439 0.0175680 0.0795620 0.0694864 0.0000000 0.0088689 0.0164647 0.0799246 0.0854200 0.0723910 0.0684448 0.0795969 0.0052034 0.0698805 0.0750687 0.0708961 0.0832088 0.0842163 0.1028718 0.0646171 0.0754653 0.0751199 0.0113058 0.0841632 
Dasyuridae_Sarcophilus_harrisii              0.0652539 0.1103197 0.0677596 0.0739058 0.0720938 0.0047886 0.0573821 0.0692861 0.0693462 0.0737560 0.0776721 0.0073284 0.0155001 0.0796497 0.0703530 0.0088689 0.0000000 0.0156361 0.0792748 0.0839782 0.0713407 0.0704138 0.0834263 0.0114858 0.0683051 0.0748536 0.0711240 0.0817791 0.0818106 0.1031974 0.0637592 0.0753528 0.0724514 0.0042578 0.0829431 
Dasyuridae_Planigale_tenuirostris            0.0549519 0.0946806 0.0556314 0.0616328 0.0604816 0.0193462 0.0504864 0.0570684 0.0582261 0.0592385 0.0674281 0.0132695 0.0140208 0.0694690 0.0585523 0.0164647 0.0156361 0.0000000 0.0670285 0.0735828 0.0610586 0.0649467 0.0769031 0.0190633 0.0558080 0.0606632 0.0589465 0.0707498 0.0681919 0.0950865 0.0512121 0.0652790 0.0618695 0.0168984 0.0711900 
Peramelidae_Echymipera_kalubu                0.0703662 0.1193039 0.0717446 0.0735810 0.0731301 0.0819548 0.0621433 0.0756782 0.0696923 0.0120768 0.0843158 0.0724693 0.0761761 0.0867658 0.0685140 0.0799246 0.0792748 0.0670285 0.0000000 0.0911055 0.0707492 0.0743036 0.0835726 0.0803375 0.0743380 0.0717406 0.0727759 0.0856238 0.0880789 0.1121299 0.0656457 0.0842949 0.0286349 0.0781024 0.0134107 
Macropodidae_Dorcopsulus_vanheurni           0.0793483 0.1585236 0.0825933 0.0497914 0.0488530 0.0874687 0.0617677 0.0523370 0.0447761 0.0822049 0.0601472 0.0755754 0.0860994 0.0638937 0.0750789 0.0854200 0.0839782 0.0735828 0.0911055 0.0000000 0.0812311 0.0806961 0.0883094 0.0871855 0.0560065 0.0900374 0.0746726 0.0108363 0.0597513 0.0928597 0.0721631 0.0610494 0.0592037 0.0849323 0.0912233 
Pseudochiridae_Pseudochirulus_forbesi        0.0517001 0.1025694 0.0534349 0.0600486 0.0583611 0.0737742 0.0471411 0.0641228 0.0550273 0.0675401 0.0707990 0.0640236 0.0693719 0.0757209 0.0489812 0.0723910 0.0713407 0.0610586 0.0707492 0.0812311 0.0000000 0.0668478 0.0793640 0.0724177 0.0529085 0.0731322 0.0304948 0.0766372 0.0448060 0.0878715 0.0411853 0.0728089 0.0761925 0.0714399 0.0754847 
Didelphidae_Didelphis_virginiana             0.0664063 0.0942365 0.0716818 0.0814521 0.0792039 0.0728397 0.0702585 0.0550152 0.0752406 0.0574933 0.0758557 0.0511960 0.0728675 0.0762257 0.0624367 0.0684448 0.0704138 0.0649467 0.0743036 0.0806961 0.0668478 0.0000000 0.0328208 0.0722099 0.0673579 0.0727621 0.0682376 0.0745205 0.0591075 0.0901142 0.0625586 0.0731730 0.0542743 0.0708163 0.0764728 
Marmosidae_Monodelphis_domestica             0.0850706 0.0773045 0.0885994 0.0986864 0.0963025 0.0874485 0.0845782 0.0441865 0.0902984 0.0490065 0.0831507 0.0441817 0.0851717 0.0844051 0.0776607 0.0795969 0.0834263 0.0769031 0.0835726 0.0883094 0.0793640 0.0328208 0.0000000 0.0846129 0.0839188 0.0906882 0.0811186 0.0822900 0.0441603 0.0962512 0.0766754 0.0831499 0.0447500 0.0844535 0.0885030 
Dasyuridae_Antechinus_stuartii               0.0666202 0.1145890 0.0682455 0.0738188 0.0720448 0.0129179 0.0564616 0.0719083 0.0692048 0.0760168 0.0791800 0.0043322 0.0190360 0.0811628 0.0690411 0.0052034 0.0114858 0.0190633 0.0803375 0.0871855 0.0724177 0.0722099 0.0846129 0.0000000 0.0711491 0.0761074 0.0697601 0.0841189 0.0859687 0.1049068 0.0634341 0.0771126 0.0758699 0.0134047 0.0841570 
Hypsiprymnodontidae_Hypsiprymnodon_moschatus 0.0459359 0.1068532 0.0508807 0.0344866 0.0330844 0.0711613 0.0503545 0.0688759 0.0311210 0.0676496 0.0749957 0.0609923 0.0661161 0.0782298 0.0592594 0.0698805 0.0683051 0.0558080 0.0743380 0.0560065 0.0529085 0.0673579 0.0839188 0.0711491 0.0000000 0.0702701 0.0561456 0.0533936 0.0797527 0.0983425 0.0478742 0.0760727 0.0759111 0.0678599 0.0770623 
Microbiotheriidae_Dromiciops_gliroides       0.0683458 0.1019527 0.0638851 0.0786236 0.0778869 0.0785771 0.0574994 0.0750934 0.0734489 0.0689415 0.0813231 0.0662964 0.0712461 0.0854460 0.0703332 0.0750687 0.0748536 0.0606632 0.0717406 0.0900374 0.0731322 0.0727621 0.0906882 0.0761074 0.0702701 0.0000000 0.0709569 0.0871046 0.0866272 0.1059281 0.0645005 0.0828501 0.0782242 0.0752192 0.0767301 
Pseudochiridae_Petauroides_volans            0.0505381 0.1009560 0.0540103 0.0608370 0.0596888 0.0736311 0.0459865 0.0581539 0.0552249 0.0687742 0.0661735 0.0622842 0.0687359 0.0679835 0.0449107 0.0708961 0.0711240 0.0589465 0.0727759 0.0746726 0.0304948 0.0682376 0.0811186 0.0697601 0.0561456 0.0709569 0.0000000 0.0707689 0.0527902 0.0824091 0.0428940 0.0654130 0.0707438 0.0718789 0.0775218 
Macropodidae_Wallabia_bicolor                0.0747254 0.1526907 0.0781126 0.0450358 0.0450869 0.0848273 0.0571061 0.0480733 0.0411351 0.0796568 0.0564935 0.0749053 0.0833941 0.0568448 0.0704082 0.0832088 0.0817791 0.0707498 0.0856238 0.0108363 0.0766372 0.0745205 0.0822900 0.0841189 0.0533936 0.0871046 0.0707689 0.0000000 0.0534122 0.0855734 0.0706034 0.0547868 0.0528420 0.0823547 0.0873155 
Pseudochiridae_Pseudocheirus_occidentalis    0.0739257 0.1242888 0.0793109 0.0828077 0.0822690 0.0855306 0.0481931 0.0495726 0.0811899 0.0917672 0.0467762 0.0843093 0.0826452 0.0559711 0.0676390 0.0842163 0.0818106 0.0681919 0.0880789 0.0597513 0.0448060 0.0591075 0.0441603 0.0859687 0.0797527 0.0866272 0.0527902 0.0534122 0.0000000 0.0668739 0.0674829 0.0533858 0.0614862 0.0813468 0.0911967 
Tarsipedidae_Tarsipes_rostratus              0.0927620 0.1523211 0.0992245 0.1048934 0.1030835 0.1065021 0.0723144 0.0672174 0.0972675 0.0968276 0.0828187 0.0852338 0.1061437 0.0837406 0.0873954 0.1028718 0.1031974 0.0950865 0.1121299 0.0928597 0.0878715 0.0901142 0.0962512 0.1049068 0.0983425 0.1059281 0.0824091 0.0855734 0.0668739 0.0000000 0.0848251 0.0811967 0.0822161 0.1039883 0.1158983 
Acrobatidae_Distoechurus_pennatus            0.0421977 0.0936779 0.0465903 0.0500166 0.0501958 0.0660595 0.0430403 0.0619698 0.0464600 0.0626284 0.0684439 0.0571630 0.0610757 0.0707262 0.0360074 0.0646171 0.0637592 0.0512121 0.0656457 0.0721631 0.0411853 0.0625586 0.0766754 0.0634341 0.0478742 0.0645005 0.0428940 0.0706034 0.0674829 0.0848251 0.0000000 0.0678492 0.0704943 0.0634864 0.0705711 
Phalangeridae_Phalanger_carmelitae           0.0676318 0.1307862 0.0760565 0.0787870 0.0769181 0.0779617 0.0214506 0.0150781 0.0734004 0.0781976 0.0190262 0.0656987 0.0769803 0.0038689 0.0680138 0.0754653 0.0753528 0.0652790 0.0842949 0.0610494 0.0728089 0.0731730 0.0831499 0.0771126 0.0760727 0.0828501 0.0654130 0.0547868 0.0533858 0.0811967 0.0678492 0.0000000 0.0496328 0.0741048 0.0886269 
Peramelidae_Peroryctes_raffrayana            0.0699250 0.1244625 0.0776751 0.0758826 0.0737622 0.0754939 0.0474510 0.0510777 0.0753096 0.0321867 0.0484503 0.0747761 0.0722347 0.0528782 0.0690115 0.0751199 0.0724514 0.0618695 0.0286349 0.0592037 0.0761925 0.0542743 0.0447500 0.0758699 0.0759111 0.0782242 0.0707438 0.0528420 0.0614862 0.0822161 0.0704943 0.0496328 0.0000000 0.0722685 0.0316340 
Dasyuridae_Dasyurus_geffroii                 0.0660260 0.1111441 0.0682820 0.0736493 0.0717876 0.0055462 0.0558621 0.0687677 0.0690668 0.0724132 0.0774002 0.0094984 0.0180372 0.0781231 0.0707471 0.0113058 0.0042578 0.0168984 0.0781024 0.0849323 0.0714399 0.0708163 0.0844535 0.0134047 0.0678599 0.0752192 0.0718789 0.0823547 0.0813468 0.1039883 0.0634864 0.0741048 0.0722685 0.0000000 0.0817657 
Peramelidae_Perameles_gunnii                 0.0745075 0.1250460 0.0719868 0.0778446 0.0766126 0.0856885 0.0646566 0.0782397 0.0742982 0.0013499 0.0837539 0.0761845 0.0813998 0.0915112 0.0715912 0.0841632 0.0829431 0.0711900 0.0134107 0.0912233 0.0754847 0.0764728 0.0885030 0.0841570 0.0770623 0.0767301 0.0775218 0.0873155 0.0911967 0.1158983 0.0705711 0.0886269 0.0316340 0.0817657 0.0000000 
