35
Burramyidae_Burramys_parvus                  0.0000000 0.0874348 0.0724457 0.0633519 0.0640898 0.1104172 0.0517976 0.0542686 0.0618247 0.1047078 0.0573161 0.1172741 0.1077602 0.0506454 0.0584649 0.1088806 0.1106279 0.1124086 0.1278695 0.0612329 0.0766877 0.1297121 0.1150617 0.1106756 0.0658377 0.0851597 0.0614614 0.0617929 0.0685065 0.0939410 0.0620470 0.0522137 0.1354903 0.1112363 0.1020155 
Notoryctidae_Notoryctes_typhlops             0.0874348 0.0000000 0.0997697 0.1019137 0.1026035 0.1244290 0.0881964 0.0899317 0.0991326 0.0898594 0.0954425 0.1299678 0.1197043 0.0884545 0.0917562 0.1191165 0.1236728 0.1269274 0.1278333 0.1028643 0.1153507 0.1499883 0.1287576 0.1188480 0.1029034 0.0980327 0.0955744 0.0993687 0.0998695 0.1267526 0.0953778 0.0914600 0.1350344 0.1236350 0.0944508 
Vombatidae_Lasiorhinus_latifrons             0.0724457 0.0997697 0.0000000 0.0872962 0.0878766 0.1301002 0.0692662 0.0745609 0.0850765 0.1565415 0.0795613 0.1303482 0.1239763 0.0703102 0.0782971 0.1170054 0.1294392 0.1221759 0.1442037 0.0878386 0.0909441 0.1585929 0.1274628 0.1251328 0.0807259 0.0970762 0.0795199 0.0863017 0.0916514 0.1125448 0.0812758 0.0710638 0.1611162 0.1286382 0.1220596 
Potoroidae_Bettongia_penicillata             0.0633519 0.1019137 0.0872962 0.0000000 0.0010950 0.1259210 0.0684636 0.0677546 0.0041867 0.0967219 0.0732731 0.1298107 0.1201240 0.0657776 0.0703806 0.1178297 0.1259298 0.1225887 0.1363836 0.0201262 0.0938581 0.1373728 0.1314419 0.1226829 0.0476140 0.0925688 0.0691484 0.0178821 0.0865834 0.1047807 0.0710962 0.0673820 0.1523410 0.1260778 0.0944921 
Potoroidae_Bettongia_lesueur                 0.0640898 0.1026035 0.0878766 0.0010950 0.0000000 0.1278598 0.0698455 0.0685403 0.0057960 0.0938524 0.0743896 0.1308212 0.1215571 0.0671357 0.0706389 0.1178754 0.1273303 0.1237545 0.1377255 0.0213439 0.0955904 0.1402024 0.1338305 0.1247043 0.0471960 0.0946085 0.0694502 0.0184822 0.0879432 0.1035074 0.0713359 0.0687584 0.1546764 0.1270409 0.0933009 
Dasyuridae_Dasyurus_maculatus                0.1104172 0.1244290 0.1301002 0.1259210 0.1278598 0.0000000 0.1081857 0.1156166 0.1258204 0.0809528 0.1186584 0.0189026 0.0249391 0.1111068 0.1175882 0.0138894 0.0049164 0.0293849 0.1447025 0.1269596 0.1481964 0.1478758 0.1505816 0.0164052 0.1224076 0.1208319 0.1220940 0.1258320 0.1410566 0.1552167 0.1240161 0.1128413 0.1580587 0.0033507 0.1045361 
Phalangeridae_Trichosurus_vulpecula          0.0517976 0.0881964 0.0692662 0.0684636 0.0698455 0.1081857 0.0000000 0.0180940 0.0646393 0.0858389 0.0225541 0.1142112 0.1076659 0.0151850 0.0623566 0.1055560 0.1104628 0.1132192 0.1304006 0.0648330 0.0774036 0.1334251 0.1150742 0.1067913 0.0667667 0.0859071 0.0610905 0.0639486 0.0663056 0.0973109 0.0623341 0.0165609 0.1431542 0.1087564 0.0930981 
Phalangeridae_Spilocuscus_maculatus          0.0542686 0.0899317 0.0745609 0.0677546 0.0685403 0.1156166 0.0180940 0.0000000 0.0650401 0.1010398 0.0146836 0.1200226 0.1159088 0.0080682 0.0647038 0.1128488 0.1180714 0.1210883 0.1381957 0.0656127 0.0811385 0.1348590 0.1244687 0.1146492 0.0693478 0.0851047 0.0645896 0.0642697 0.0726817 0.1014494 0.0644009 0.0095208 0.1555512 0.1153126 0.0996917 
Potoroidae_Aepyprymnus_rufescens             0.0618247 0.0991326 0.0850765 0.0041867 0.0057960 0.1258204 0.0646393 0.0650401 0.0000000 0.0945528 0.0702876 0.1280609 0.1184973 0.0628006 0.0660177 0.1166357 0.1246342 0.1174711 0.1332915 0.0177338 0.0919691 0.1368067 0.1275277 0.1199088 0.0429021 0.0937634 0.0687828 0.0178398 0.0857357 0.1041872 0.0669289 0.0643527 0.1490985 0.1247802 0.0914823 
Peramelidae_Perameles_nasuta                 0.1047078 0.0898594 0.1565415 0.0967219 0.0938524 0.0809528 0.0858389 0.1010398 0.0945528 0.0000000 0.1084508 0.0981769 0.0920602 0.0865888 0.0943004 0.0895510 0.0812352 0.0963747 0.0013888 0.0982620 0.1578390 0.1012059 0.0815102 0.0760258 0.0943224 0.0810377 0.0977574 0.0946065 0.0936075 0.1288010 0.0937990 0.0985208 0.0019606 0.0772893 0.0000779 
Phalangeridae_Strigocuscus_pelengensis       0.0573161 0.0954425 0.0795613 0.0732731 0.0743896 0.1186584 0.0225541 0.0146836 0.0702876 0.1084508 0.0000000 0.1243501 0.1181545 0.0126816 0.0694766 0.1151238 0.1186666 0.1217903 0.1414014 0.0687301 0.0860343 0.1412305 0.1282646 0.1152864 0.0733251 0.0921514 0.0694621 0.0673950 0.0779792 0.1058912 0.0682662 0.0124295 0.1596700 0.1164036 0.1049325 
Dasyuridae_Phascogale_tapoatafa              0.1172741 0.1299678 0.1303482 0.1298107 0.1308212 0.0189026 0.1142112 0.1200226 0.1280609 0.0981769 0.1243501 0.0000000 0.0246437 0.1156190 0.1197756 0.0009033 0.0209423 0.0277113 0.1490521 0.1297975 0.1488902 0.1549938 0.1544827 0.0075921 0.1239772 0.1258526 0.1247005 0.1267012 0.1450851 0.1587960 0.1245738 0.1170295 0.1707176 0.0206206 0.1080923 
Dasyuridae_Sminthopsis_macroura              0.1077602 0.1197043 0.1239763 0.1201240 0.1215571 0.0249391 0.1076659 0.1159088 0.1184973 0.0920602 0.1181545 0.0246437 0.0000000 0.1110229 0.1110745 0.0204697 0.0264115 0.0181302 0.1448897 0.1196952 0.1396057 0.1533240 0.1484623 0.0224207 0.1197624 0.1194688 0.1160428 0.1160716 0.1307163 0.1484640 0.1181877 0.1139110 0.1604911 0.0267162 0.1072365 
Phalangeridae_Phalanger_orientalis           0.0506454 0.0884545 0.0703102 0.0657776 0.0671357 0.1111068 0.0151850 0.0080682 0.0628006 0.0865888 0.0126816 0.1156190 0.1110229 0.0000000 0.0632720 0.1069198 0.1133414 0.1140990 0.1325976 0.0626463 0.0773211 0.1311590 0.1177163 0.1089661 0.0663990 0.0843402 0.0617523 0.0620872 0.0687252 0.0995372 0.0622045 0.0031568 0.1443504 0.1111794 0.0920691 
Acrobatidae_Acrobates_pygmaeus               0.0584649 0.0917562 0.0782971 0.0703806 0.0706389 0.1175882 0.0623566 0.0647038 0.0660177 0.0943004 0.0694766 0.1197756 0.1110745 0.0632720 0.0000000 0.1061419 0.1166292 0.1177715 0.1314058 0.0691147 0.0718076 0.1335808 0.1247391 0.1126664 0.0641591 0.0955182 0.0484055 0.0684163 0.0566166 0.0866765 0.0292804 0.0642620 0.1471589 0.1146955 0.0902812 
Dasyuridae_Phascogale_calura                 0.1088806 0.1191165 0.1170054 0.1178297 0.1178754 0.0138894 0.1055560 0.1128488 0.1166357 0.0895510 0.1151238 0.0009033 0.0204697 0.1069198 0.1061419 0.0000000 0.0160118 0.0243457 0.1360699 0.1227130 0.1424205 0.1524816 0.1490227 0.0041160 0.1116712 0.1188176 0.1189245 0.1193359 0.1338494 0.1491218 0.1115981 0.1104717 0.1496588 0.0156764 0.1039181 
Dasyuridae_Sarcophilus_harrisii              0.1106279 0.1236728 0.1294392 0.1259298 0.1273303 0.0049164 0.1104628 0.1180714 0.1246342 0.0812352 0.1186666 0.0209423 0.0264115 0.1133414 0.1166292 0.0160118 0.0000000 0.0285633 0.1446059 0.1259283 0.1480387 0.1506129 0.1508865 0.0193214 0.1213883 0.1213094 0.1232538 0.1248123 0.1379024 0.1553389 0.1222152 0.1140751 0.1561725 0.0067955 0.1066225 
Dasyuridae_Planigale_tenuirostris            0.1124086 0.1269274 0.1221759 0.1225887 0.1237545 0.0293849 0.1132192 0.1210883 0.1174711 0.0963747 0.1217903 0.0277113 0.0181302 0.1140990 0.1177715 0.0243457 0.0285633 0.0000000 0.1542359 0.1202070 0.1424046 0.1575822 0.1534411 0.0270662 0.1234454 0.1247285 0.1233236 0.1184858 0.1323713 0.1556747 0.1242499 0.1174386 0.1681197 0.0316277 0.1130069 
Peramelidae_Echymipera_kalubu                0.1278695 0.1278333 0.1442037 0.1363836 0.1377255 0.1447025 0.1304006 0.1381957 0.1332915 0.0013888 0.1414014 0.1490521 0.1448897 0.1325976 0.1314058 0.1360699 0.1446059 0.1542359 0.0000000 0.1392651 0.1598656 0.1458955 0.1635434 0.1481036 0.1364905 0.1299534 0.1400987 0.1376667 0.1436727 0.1685473 0.1338120 0.1346036 0.0236530 0.1460701 0.0096338 
Macropodidae_Dorcopsulus_vanheurni           0.0612329 0.1028643 0.0878386 0.0201262 0.0213439 0.1269596 0.0648330 0.0656127 0.0177338 0.0982620 0.0687301 0.1297975 0.1196952 0.0626463 0.0691147 0.1227130 0.1259283 0.1202070 0.1392651 0.0000000 0.0906293 0.1419536 0.1285851 0.1212618 0.0473140 0.0940497 0.0681868 0.0063279 0.0805489 0.1074310 0.0707184 0.0649546 0.1494998 0.1255613 0.1005425 
Pseudochiridae_Pseudochirulus_forbesi        0.0766877 0.1153507 0.0909441 0.0938581 0.0955904 0.1481964 0.0774036 0.0811385 0.0919691 0.1578390 0.0860343 0.1488902 0.1396057 0.0773211 0.0718076 0.1424205 0.1480387 0.1424046 0.1598656 0.0906293 0.0000000 0.1707111 0.1524815 0.1394924 0.0920510 0.1155791 0.0441716 0.0874721 0.0312353 0.0921084 0.0748900 0.0791397 0.1726958 0.1453156 0.1311922 
Didelphidae_Didelphis_virginiana             0.1297121 0.1499883 0.1585929 0.1373728 0.1402024 0.1478758 0.1334251 0.1348590 0.1368067 0.1012059 0.1412305 0.1549938 0.1533240 0.1311590 0.1335808 0.1524816 0.1506129 0.1575822 0.1458955 0.1419536 0.1707111 0.0000000 0.0373593 0.1498259 0.1302182 0.1259108 0.1407686 0.1384020 0.1000062 0.1715590 0.1365352 0.1389817 0.0896241 0.1457573 0.1425507 
Marmosidae_Monodelphis_domestica             0.1150617 0.1287576 0.1274628 0.1314419 0.1338305 0.1505816 0.1150742 0.1244687 0.1275277 0.0815102 0.1282646 0.1544827 0.1484623 0.1177163 0.1247391 0.1490227 0.1508865 0.1534411 0.1635434 0.1285851 0.1524815 0.0373593 0.0000000 0.1476561 0.1202686 0.1278843 0.1246019 0.1280514 0.1246858 0.1569106 0.1238216 0.1199667 0.1649601 0.1489666 0.1155186 
Dasyuridae_Antechinus_stuartii               0.1106756 0.1188480 0.1251328 0.1226829 0.1247043 0.0164052 0.1067913 0.1146492 0.1199088 0.0760258 0.1152864 0.0075921 0.0224207 0.1089661 0.1126664 0.0041160 0.0193214 0.0270662 0.1481036 0.1212618 0.1394924 0.1498259 0.1476561 0.0000000 0.1223508 0.1210470 0.1191641 0.1194098 0.1342042 0.1537130 0.1195102 0.1103980 0.1672299 0.0187250 0.1013399 
Hypsiprymnodontidae_Hypsiprymnodon_moschatus 0.0658377 0.1029034 0.0807259 0.0476140 0.0471960 0.1224076 0.0667667 0.0693478 0.0429021 0.0943224 0.0733251 0.1239772 0.1197624 0.0663990 0.0641591 0.1116712 0.1213883 0.1234454 0.1364905 0.0473140 0.0920510 0.1302182 0.1202686 0.1223508 0.0000000 0.0976247 0.0714116 0.0461415 0.0836352 0.1048529 0.0673912 0.0687444 0.1479984 0.1193565 0.0985116 
Microbiotheriidae_Dromiciops_gliroides       0.0851597 0.0980327 0.0970762 0.0925688 0.0946085 0.1208319 0.0859071 0.0851047 0.0937634 0.0810377 0.0921514 0.1258526 0.1194688 0.0843402 0.0955182 0.1188176 0.1213094 0.1247285 0.1299534 0.0940497 0.1155791 0.1259108 0.1278843 0.1210470 0.0976247 0.0000000 0.0983018 0.0945589 0.1167729 0.1309040 0.0967110 0.0867054 0.1428012 0.1237642 0.0883134 
Pseudochiridae_Petauroides_volans            0.0614614 0.0955744 0.0795199 0.0691484 0.0694502 0.1220940 0.0610905 0.0645896 0.0687828 0.0977574 0.0694621 0.1247005 0.1160428 0.0617523 0.0484055 0.1189245 0.1232538 0.1233236 0.1400987 0.0681868 0.0441716 0.1407686 0.1246019 0.1191641 0.0714116 0.0983018 0.0000000 0.0669363 0.0293733 0.0739510 0.0541297 0.0613499 0.1455159 0.1206015 0.0994175 
Macropodidae_Wallabia_bicolor                0.0617929 0.0993687 0.0863017 0.0178821 0.0184822 0.1258320 0.0639486 0.0642697 0.0178398 0.0946065 0.0673950 0.1267012 0.1160716 0.0620872 0.0684163 0.1193359 0.1248123 0.1184858 0.1376667 0.0063279 0.0874721 0.1384020 0.1280514 0.1194098 0.0461415 0.0945589 0.0669363 0.0000000 0.0801927 0.1071459 0.0692429 0.0638028 0.1538841 0.1265082 0.0959744 
Pseudochiridae_Pseudocheirus_occidentalis    0.0685065 0.0998695 0.0916514 0.0865834 0.0879432 0.1410566 0.0663056 0.0726817 0.0857357 0.0936075 0.0779792 0.1450851 0.1307163 0.0687252 0.0566166 0.1338494 0.1379024 0.1323713 0.1436727 0.0805489 0.0312353 0.1000062 0.1246858 0.1342042 0.0836352 0.1167729 0.0293733 0.0801927 0.0000000 0.0718478 0.0587524 0.0695304 0.1420753 0.1365271 0.0917036 
Tarsipedidae_Tarsipes_rostratus              0.0939410 0.1267526 0.1125448 0.1047807 0.1035074 0.1552167 0.0973109 0.1014494 0.1041872 0.1288010 0.1058912 0.1587960 0.1484640 0.0995372 0.0866765 0.1491218 0.1553389 0.1556747 0.1685473 0.1074310 0.0921084 0.1715590 0.1569106 0.1537130 0.1048529 0.1309040 0.0739510 0.1071459 0.0718478 0.0000000 0.0884675 0.1018470 0.1749814 0.1506430 0.1384274 
Acrobatidae_Distoechurus_pennatus            0.0620470 0.0953778 0.0812758 0.0710962 0.0713359 0.1240161 0.0623341 0.0644009 0.0669289 0.0937990 0.0682662 0.1245738 0.1181877 0.0622045 0.0292804 0.1115981 0.1222152 0.1242499 0.1338120 0.0707184 0.0748900 0.1365352 0.1238216 0.1195102 0.0673912 0.0967110 0.0541297 0.0692429 0.0587524 0.0884675 0.0000000 0.0641295 0.1464073 0.1190914 0.0949808 
Phalangeridae_Phalanger_carmelitae           0.0522137 0.0914600 0.0710638 0.0673820 0.0687584 0.1128413 0.0165609 0.0095208 0.0643527 0.0985208 0.0124295 0.1170295 0.1139110 0.0031568 0.0642620 0.1104717 0.1140751 0.1174386 0.1346036 0.0649546 0.0791397 0.1389817 0.1199667 0.1103980 0.0687444 0.0867054 0.0613499 0.0638028 0.0695304 0.1018470 0.0641295 0.0000000 0.1462234 0.1130867 0.1002093 
Peramelidae_Peroryctes_raffrayana            0.1354903 0.1350344 0.1611162 0.1523410 0.1546764 0.1580587 0.1431542 0.1555512 0.1490985 0.0019606 0.1596700 0.1707176 0.1604911 0.1443504 0.1471589 0.1496588 0.1561725 0.1681197 0.0236530 0.1494998 0.1726958 0.0896241 0.1649601 0.1672299 0.1479984 0.1428012 0.1455159 0.1538841 0.1420753 0.1749814 0.1464073 0.1462234 0.0000000 0.1599111 0.0019534 
Dasyuridae_Dasyurus_geffroii                 0.1112363 0.1236350 0.1286382 0.1260778 0.1270409 0.0033507 0.1087564 0.1153126 0.1247802 0.0772893 0.1164036 0.0206206 0.0267162 0.1111794 0.1146955 0.0156764 0.0067955 0.0316277 0.1460701 0.1255613 0.1453156 0.1457573 0.1489666 0.0187250 0.1193565 0.1237642 0.1206015 0.1265082 0.1365271 0.1506430 0.1190914 0.1130867 0.1599111 0.0000000 0.1016811 
Peramelidae_Perameles_gunnii                 0.1020155 0.0944508 0.1220596 0.0944921 0.0933009 0.1045361 0.0930981 0.0996917 0.0914823 0.0000779 0.1049325 0.1080923 0.1072365 0.0920691 0.0902812 0.1039181 0.1066225 0.1130069 0.0096338 0.1005425 0.1311922 0.1425507 0.1155186 0.1013399 0.0985116 0.0883134 0.0994175 0.0959744 0.0917036 0.1384274 0.0949808 0.1002093 0.0019534 0.1016811 0.0000000 
