35
Burramyidae_Burramys_parvus                  0.0000000 0.0457496 0.0357051 0.0345541 0.0338306 0.0423106 0.0335269 0.0331656 0.0325074 0.0574914 0.0292886 0.0400965 0.0419847 0.0305800 0.0427881 0.0400668 0.0400518 0.0411969 0.0465180 0.0302242 0.0327485 0.0516848 0.0523092 0.0399908 0.0329021 0.0367781 0.0300461 0.0305970 0.0329261 0.0496209 0.0422382 0.0300739 0.0504427 0.0415276 0.0566039 
Notoryctidae_Notoryctes_typhlops             0.0457496 0.0000000 0.0388417 0.0512060 0.0499480 0.0430382 0.0501952 0.0488554 0.0511154 0.0614963 0.0462702 0.0430920 0.0491469 0.0465716 0.0624561 0.0415376 0.0405855 0.0468921 0.0411530 0.0492602 0.0419364 0.0519183 0.0508321 0.0382280 0.0507893 0.0386243 0.0412695 0.0484833 0.0447133 0.0734678 0.0647695 0.0455852 0.0482014 0.0414722 0.0639194 
Vombatidae_Lasiorhinus_latifrons             0.0357051 0.0388417 0.0000000 0.0449985 0.0444522 0.0414928 0.0417343 0.0406086 0.0440062 0.0637622 0.0384798 0.0369604 0.0416257 0.0388114 0.0552197 0.0370814 0.0379670 0.0397297 0.0489999 0.0412929 0.0385202 0.0499213 0.0493351 0.0373670 0.0399840 0.0358367 0.0328695 0.0407730 0.0376230 0.0609729 0.0533334 0.0386076 0.0525318 0.0394918 0.0631670 
Potoroidae_Bettongia_penicillata             0.0345541 0.0512060 0.0449985 0.0000000 0.0020949 0.0500782 0.0440166 0.0453033 0.0076345 0.0652817 0.0397398 0.0462590 0.0511059 0.0429457 0.0505565 0.0461146 0.0460987 0.0453587 0.0552296 0.0124577 0.0419308 0.0572310 0.0588924 0.0444342 0.0233078 0.0428942 0.0381637 0.0125153 0.0414908 0.0586547 0.0474731 0.0412303 0.0589438 0.0477551 0.0647911 
Potoroidae_Bettongia_lesueur                 0.0338306 0.0499480 0.0444522 0.0020949 0.0000000 0.0493572 0.0432915 0.0445840 0.0074263 0.0641791 0.0391908 0.0455285 0.0506602 0.0422259 0.0489154 0.0453962 0.0453803 0.0445845 0.0544856 0.0122642 0.0412075 0.0568426 0.0581811 0.0437076 0.0225961 0.0421390 0.0374380 0.0123211 0.0407563 0.0575681 0.0460534 0.0410068 0.0583521 0.0470353 0.0638555 
Dasyuridae_Dasyurus_maculatus                0.0423106 0.0430382 0.0414928 0.0500782 0.0493572 0.0000000 0.0487650 0.0493502 0.0490277 0.0615549 0.0464456 0.0110465 0.0172891 0.0456070 0.0579451 0.0110146 0.0055123 0.0158852 0.0494580 0.0474079 0.0478159 0.0560087 0.0556515 0.0102899 0.0446622 0.0415855 0.0439656 0.0473101 0.0458041 0.0651887 0.0585737 0.0443378 0.0532951 0.0038012 0.0614954 
Phalangeridae_Trichosurus_vulpecula          0.0335269 0.0501952 0.0417343 0.0440166 0.0432915 0.0487650 0.0000000 0.0158978 0.0432371 0.0674651 0.0135441 0.0446731 0.0501650 0.0200455 0.0515610 0.0441479 0.0451133 0.0470931 0.0557562 0.0404766 0.0379958 0.0565732 0.0554897 0.0429684 0.0390662 0.0457923 0.0336660 0.0400284 0.0370920 0.0581285 0.0500964 0.0182832 0.0589384 0.0466827 0.0672007 
Phalangeridae_Spilocuscus_maculatus          0.0331656 0.0488554 0.0406086 0.0453033 0.0445840 0.0493502 0.0158978 0.0000000 0.0444688 0.0664675 0.0075591 0.0467903 0.0531062 0.0105771 0.0503544 0.0462244 0.0456973 0.0481385 0.0542626 0.0421955 0.0367504 0.0550632 0.0557982 0.0453701 0.0407817 0.0437339 0.0325759 0.0417343 0.0370300 0.0580565 0.0494593 0.0097408 0.0559497 0.0465810 0.0655902 
Potoroidae_Aepyprymnus_rufescens             0.0325074 0.0511154 0.0440062 0.0076345 0.0074263 0.0490277 0.0432371 0.0444688 0.0000000 0.0648098 0.0393243 0.0450188 0.0499307 0.0414967 0.0498710 0.0450754 0.0450597 0.0442300 0.0541691 0.0122435 0.0408018 0.0553526 0.0570095 0.0434206 0.0231138 0.0426580 0.0373440 0.0123003 0.0403463 0.0587091 0.0468846 0.0409034 0.0584253 0.0467109 0.0642746 
Peramelidae_Perameles_nasuta                 0.0574914 0.0614963 0.0637622 0.0652817 0.0641791 0.0615549 0.0674651 0.0664675 0.0648098 0.0000000 0.0615077 0.0604041 0.0602527 0.0646724 0.0723344 0.0609545 0.0596368 0.0599384 0.0242082 0.0599364 0.0638711 0.0752586 0.0751737 0.0598955 0.0586668 0.0640682 0.0620020 0.0598978 0.0632164 0.0799892 0.0710733 0.0640589 0.0262291 0.0601284 0.0014665 
Phalangeridae_Strigocuscus_pelengensis       0.0292886 0.0462702 0.0384798 0.0397398 0.0391908 0.0464456 0.0135441 0.0075591 0.0393243 0.0615077 0.0000000 0.0429277 0.0483050 0.0096646 0.0466454 0.0426616 0.0427660 0.0427096 0.0500523 0.0365971 0.0343382 0.0518924 0.0518292 0.0418045 0.0370842 0.0398862 0.0303412 0.0360711 0.0348404 0.0544670 0.0448553 0.0085969 0.0518758 0.0433719 0.0610267 
Dasyuridae_Phascogale_tapoatafa              0.0400965 0.0430920 0.0369604 0.0462590 0.0455285 0.0110465 0.0446731 0.0467903 0.0450188 0.0604041 0.0429277 0.0000000 0.0144718 0.0444098 0.0567271 0.0019318 0.0087049 0.0116329 0.0467487 0.0431225 0.0433635 0.0524223 0.0528524 0.0046681 0.0415750 0.0357571 0.0398417 0.0433480 0.0404917 0.0629061 0.0568699 0.0431361 0.0507273 0.0104904 0.0603385 
Dasyuridae_Sminthopsis_macroura              0.0419847 0.0491469 0.0416257 0.0511059 0.0506602 0.0172891 0.0501650 0.0531062 0.0499307 0.0602527 0.0483050 0.0144718 0.0000000 0.0483383 0.0644249 0.0144703 0.0151461 0.0152524 0.0491949 0.0490151 0.0498125 0.0573581 0.0573508 0.0155052 0.0457427 0.0410362 0.0448087 0.0480789 0.0483343 0.0682897 0.0626416 0.0479819 0.0519418 0.0169763 0.0605601 
Phalangeridae_Phalanger_orientalis           0.0305800 0.0465716 0.0388114 0.0429457 0.0422259 0.0456070 0.0200455 0.0105771 0.0414967 0.0646724 0.0096646 0.0444098 0.0483383 0.0000000 0.0490904 0.0438914 0.0426941 0.0445060 0.0521653 0.0392386 0.0371512 0.0536681 0.0534248 0.0433078 0.0384910 0.0421342 0.0318364 0.0387763 0.0368309 0.0569300 0.0472466 0.0034775 0.0552833 0.0435694 0.0638502 
Acrobatidae_Acrobates_pygmaeus               0.0427881 0.0624561 0.0552197 0.0505565 0.0489154 0.0579451 0.0515610 0.0503544 0.0498710 0.0723344 0.0466454 0.0567271 0.0644249 0.0490904 0.0000000 0.0568938 0.0556289 0.0589969 0.0626217 0.0464088 0.0424815 0.0650487 0.0679028 0.0563072 0.0472625 0.0535289 0.0420229 0.0452645 0.0433802 0.0582880 0.0416511 0.0474662 0.0673269 0.0558754 0.0731135 
Dasyuridae_Phascogale_calura                 0.0400668 0.0415376 0.0370814 0.0461146 0.0453962 0.0110146 0.0441479 0.0462244 0.0450754 0.0609545 0.0426616 0.0019318 0.0144703 0.0438914 0.0568938 0.0000000 0.0087198 0.0127564 0.0478305 0.0432343 0.0432671 0.0526337 0.0531183 0.0055154 0.0417299 0.0369148 0.0394491 0.0430746 0.0406114 0.0634388 0.0562070 0.0426466 0.0516984 0.0104716 0.0608925 
Dasyuridae_Sarcophilus_harrisii              0.0400518 0.0405855 0.0379670 0.0460987 0.0453803 0.0055123 0.0451133 0.0456973 0.0450597 0.0596368 0.0427660 0.0087049 0.0151461 0.0426941 0.0556289 0.0087198 0.0000000 0.0135984 0.0477190 0.0444176 0.0441738 0.0523200 0.0518115 0.0080007 0.0419747 0.0365514 0.0403280 0.0440113 0.0420828 0.0617884 0.0547225 0.0414620 0.0513870 0.0045188 0.0595683 
Dasyuridae_Planigale_tenuirostris            0.0411969 0.0468921 0.0397297 0.0453587 0.0445845 0.0158852 0.0470931 0.0481385 0.0442300 0.0599384 0.0427096 0.0116329 0.0152524 0.0445060 0.0589969 0.0127564 0.0135984 0.0000000 0.0496769 0.0433987 0.0441282 0.0545897 0.0544894 0.0130122 0.0425322 0.0366762 0.0403787 0.0437603 0.0419812 0.0647205 0.0558109 0.0431879 0.0525092 0.0141421 0.0612597 
Peramelidae_Echymipera_kalubu                0.0465180 0.0411530 0.0489999 0.0552296 0.0544856 0.0494580 0.0557562 0.0542626 0.0541691 0.0242082 0.0500523 0.0467487 0.0491949 0.0521653 0.0626217 0.0478305 0.0477190 0.0496769 0.0000000 0.0509752 0.0499793 0.0627355 0.0613856 0.0477136 0.0475131 0.0486700 0.0491707 0.0502193 0.0511521 0.0735305 0.0650605 0.0510686 0.0130582 0.0493551 0.0242582 
Macropodidae_Dorcopsulus_vanheurni           0.0302242 0.0492602 0.0412929 0.0124577 0.0122642 0.0474079 0.0404766 0.0421955 0.0122435 0.0599364 0.0365971 0.0431225 0.0490151 0.0392386 0.0464088 0.0432343 0.0444176 0.0433987 0.0509752 0.0000000 0.0389236 0.0540800 0.0556133 0.0420665 0.0199699 0.0416330 0.0342916 0.0033482 0.0384221 0.0530287 0.0417108 0.0380489 0.0533505 0.0454536 0.0599721 
Pseudochiridae_Pseudochirulus_forbesi        0.0327485 0.0419364 0.0385202 0.0419308 0.0412075 0.0478159 0.0379958 0.0367504 0.0408018 0.0638711 0.0343382 0.0433635 0.0498125 0.0371512 0.0424815 0.0432671 0.0441738 0.0441282 0.0499793 0.0389236 0.0000000 0.0526741 0.0532547 0.0433243 0.0338393 0.0397972 0.0142787 0.0385585 0.0097325 0.0473842 0.0442920 0.0348792 0.0510022 0.0457402 0.0632349 
Didelphidae_Didelphis_virginiana             0.0516848 0.0519183 0.0499213 0.0572310 0.0568426 0.0560087 0.0565732 0.0550632 0.0553526 0.0752586 0.0518924 0.0524223 0.0573581 0.0536681 0.0650487 0.0526337 0.0523200 0.0545897 0.0627355 0.0540800 0.0526741 0.0000000 0.0194669 0.0517153 0.0544379 0.0502090 0.0513535 0.0531460 0.0516711 0.0706087 0.0600554 0.0530461 0.0632983 0.0532001 0.0754625 
Marmosidae_Monodelphis_domestica             0.0523092 0.0508321 0.0493351 0.0588924 0.0581811 0.0556515 0.0554897 0.0557982 0.0570095 0.0751737 0.0518292 0.0528524 0.0573508 0.0534248 0.0679028 0.0531183 0.0518115 0.0544894 0.0613856 0.0556133 0.0532547 0.0194669 0.0000000 0.0519019 0.0542675 0.0510999 0.0525837 0.0543755 0.0528386 0.0732304 0.0619914 0.0524967 0.0631422 0.0528607 0.0752119 
Dasyuridae_Antechinus_stuartii               0.0399908 0.0382280 0.0373670 0.0444342 0.0437076 0.0102899 0.0429684 0.0453701 0.0434206 0.0598955 0.0418045 0.0046681 0.0155052 0.0433078 0.0563072 0.0055154 0.0080007 0.0130122 0.0477136 0.0420665 0.0433243 0.0517153 0.0519019 0.0000000 0.0420494 0.0362506 0.0391100 0.0420725 0.0405349 0.0610472 0.0561633 0.0420857 0.0510773 0.0092550 0.0598503 
Hypsiprymnodontidae_Hypsiprymnodon_moschatus 0.0329021 0.0507893 0.0399840 0.0233078 0.0225961 0.0446622 0.0390662 0.0407817 0.0231138 0.0586668 0.0370842 0.0415750 0.0457427 0.0384910 0.0472625 0.0417299 0.0419747 0.0425322 0.0475131 0.0199699 0.0338393 0.0544379 0.0542675 0.0420494 0.0000000 0.0396438 0.0319350 0.0200475 0.0333720 0.0579474 0.0462083 0.0373085 0.0520763 0.0423798 0.0586939 
Microbiotheriidae_Dromiciops_gliroides       0.0367781 0.0386243 0.0358367 0.0428942 0.0421390 0.0415855 0.0457923 0.0437339 0.0426580 0.0640682 0.0398862 0.0357571 0.0410362 0.0421342 0.0535289 0.0369148 0.0365514 0.0366762 0.0486700 0.0416330 0.0397972 0.0502090 0.0510999 0.0362506 0.0396438 0.0000000 0.0371110 0.0414883 0.0392151 0.0590866 0.0529317 0.0409835 0.0525994 0.0397396 0.0625463 
Pseudochiridae_Petauroides_volans            0.0300461 0.0412695 0.0328695 0.0381637 0.0374380 0.0439656 0.0336660 0.0325759 0.0373440 0.0620020 0.0303412 0.0398417 0.0448087 0.0318364 0.0420229 0.0394491 0.0403280 0.0403787 0.0491707 0.0342916 0.0142787 0.0513535 0.0525837 0.0391100 0.0319350 0.0371110 0.0000000 0.0337959 0.0131560 0.0440437 0.0408176 0.0309996 0.0515154 0.0425034 0.0607524 
Macropodidae_Wallabia_bicolor                0.0305970 0.0484833 0.0407730 0.0125153 0.0123211 0.0473101 0.0400284 0.0417343 0.0123003 0.0598978 0.0360711 0.0433480 0.0480789 0.0387763 0.0452645 0.0430746 0.0440113 0.0437603 0.0502193 0.0033482 0.0385585 0.0531460 0.0543755 0.0420725 0.0200475 0.0414883 0.0337959 0.0000000 0.0373268 0.0542373 0.0406794 0.0375843 0.0524389 0.0443588 0.0599028 
Pseudochiridae_Pseudocheirus_occidentalis    0.0329261 0.0447133 0.0376230 0.0414908 0.0407563 0.0458041 0.0370920 0.0370300 0.0403463 0.0632164 0.0348404 0.0404917 0.0483343 0.0368309 0.0433802 0.0406114 0.0420828 0.0419812 0.0511521 0.0384221 0.0097325 0.0516711 0.0528386 0.0405349 0.0333720 0.0392151 0.0131560 0.0373268 0.0000000 0.0490166 0.0437588 0.0351438 0.0526716 0.0437228 0.0620020 
Tarsipedidae_Tarsipes_rostratus              0.0496209 0.0734678 0.0609729 0.0586547 0.0575681 0.0651887 0.0581285 0.0580565 0.0587091 0.0799892 0.0544670 0.0629061 0.0682897 0.0569300 0.0582880 0.0634388 0.0617884 0.0647205 0.0735305 0.0530287 0.0473842 0.0706087 0.0732304 0.0610472 0.0579474 0.0590866 0.0440437 0.0542373 0.0490166 0.0000000 0.0513257 0.0555289 0.0768733 0.0636593 0.0796993 
Acrobatidae_Distoechurus_pennatus            0.0422382 0.0647695 0.0533334 0.0474731 0.0460534 0.0585737 0.0500964 0.0494593 0.0468846 0.0710733 0.0448553 0.0568699 0.0626416 0.0472466 0.0416511 0.0562070 0.0547225 0.0558109 0.0650605 0.0417108 0.0442920 0.0600554 0.0619914 0.0561633 0.0462083 0.0529317 0.0408176 0.0406794 0.0437588 0.0513257 0.0000000 0.0460622 0.0684639 0.0563650 0.0708656 
Phalangeridae_Phalanger_carmelitae           0.0300739 0.0455852 0.0386076 0.0412303 0.0410068 0.0443378 0.0182832 0.0097408 0.0409034 0.0640589 0.0085969 0.0431361 0.0479819 0.0034775 0.0474662 0.0426466 0.0414620 0.0431879 0.0510686 0.0380489 0.0348792 0.0530461 0.0524967 0.0420857 0.0373085 0.0409835 0.0309996 0.0375843 0.0351438 0.0555289 0.0460622 0.0000000 0.0545369 0.0423285 0.0630670 
Peramelidae_Peroryctes_raffrayana            0.0504427 0.0482014 0.0525318 0.0589438 0.0583521 0.0532951 0.0589384 0.0559497 0.0584253 0.0262291 0.0518758 0.0507273 0.0519418 0.0552833 0.0673269 0.0516984 0.0513870 0.0525092 0.0130582 0.0533505 0.0510022 0.0632983 0.0631422 0.0510773 0.0520763 0.0525994 0.0515154 0.0524389 0.0526716 0.0768733 0.0684639 0.0545369 0.0000000 0.0525554 0.0261708 
Dasyuridae_Dasyurus_geffroii                 0.0415276 0.0414722 0.0394918 0.0477551 0.0470353 0.0038012 0.0466827 0.0465810 0.0467109 0.0601284 0.0433719 0.0104904 0.0169763 0.0435694 0.0558754 0.0104716 0.0045188 0.0141421 0.0493551 0.0454536 0.0457402 0.0532001 0.0528607 0.0092550 0.0423798 0.0397396 0.0425034 0.0443588 0.0437228 0.0636593 0.0563650 0.0423285 0.0525554 0.0000000 0.0600621 
Peramelidae_Perameles_gunnii                 0.0566039 0.0639194 0.0631670 0.0647911 0.0638555 0.0614954 0.0672007 0.0655902 0.0642746 0.0014665 0.0610267 0.0603385 0.0605601 0.0638502 0.0731135 0.0608925 0.0595683 0.0612597 0.0242582 0.0599721 0.0632349 0.0754625 0.0752119 0.0598503 0.0586939 0.0625463 0.0607524 0.0599028 0.0620020 0.0796993 0.0708656 0.0630670 0.0261708 0.0600621 0.0000000 
