37
Burramyidae_Burramys_parvus                  0.0000000 0.0710435 0.0477693 0.0457854 0.0448455 0.0649635 0.0415262 0.0442561 0.0501116 0.0641242 0.0444801 0.0641438 0.0682921 0.0448997 0.0514844 0.0603628 0.0683230 0.0631732 0.0663845 0.0447901 0.0497777 0.0922981 0.0930898 0.0594331 0.0474146 0.0580008 0.0486287 0.0455598 0.0478870 0.0616133 0.0517080 0.0449108 0.0657904 0.0673387 0.0653871 0.1302465 0.1302465 
Notoryctidae_Notoryctes_typhlops             0.0710435 0.0000000 0.0669202 0.0704254 0.0698424 0.0723931 0.0708808 0.0674776 0.0712067 0.0631343 0.0708545 0.0708526 0.0744724 0.0696849 0.0708503 0.0674733 0.0699944 0.0660319 0.0685846 0.0696321 0.0732582 0.1016283 0.0993332 0.0673868 0.0713204 0.0611398 0.0699705 0.0688465 0.0629541 0.0842702 0.0717760 0.0687695 0.0642086 0.0707899 0.0681097 0.1414366 0.1414366 
Vombatidae_Lasiorhinus_latifrons             0.0477693 0.0669202 0.0000000 0.0487095 0.0487593 0.0666049 0.0498571 0.0526158 0.0532879 0.0675313 0.0520247 0.0627725 0.0682287 0.0533009 0.0556278 0.0593297 0.0656876 0.0592357 0.0677597 0.0502551 0.0607417 0.0917358 0.0911163 0.0598711 0.0521185 0.0569691 0.0558313 0.0500992 0.0514854 0.0678887 0.0568638 0.0537088 0.0668423 0.0656725 0.0679431 0.1371525 0.1371525 
Potoroidae_Bettongia_penicillata             0.0457854 0.0704254 0.0487095 0.0000000 0.0071338 0.0684607 0.0446486 0.0455938 0.0084051 0.0682892 0.0478284 0.0682962 0.0697304 0.0479337 0.0499765 0.0629645 0.0705898 0.0624060 0.0715686 0.0162443 0.0517341 0.0914011 0.0921421 0.0614652 0.0267837 0.0571616 0.0487583 0.0169362 0.0438998 0.0582825 0.0491905 0.0491328 0.0677710 0.0703949 0.0699118 0.1681396 0.1681396 
Potoroidae_Bettongia_lesueur                 0.0448455 0.0698424 0.0487593 0.0071338 0.0000000 0.0665076 0.0434255 0.0444439 0.0134216 0.0669816 0.0452729 0.0653395 0.0690018 0.0455958 0.0494819 0.0612667 0.0656517 0.0619984 0.0681602 0.0189519 0.0496528 0.0918668 0.0931301 0.0591839 0.0289358 0.0561597 0.0477260 0.0178577 0.0402851 0.0582930 0.0470647 0.0463737 0.0632993 0.0674057 0.0690211 0.1681396 0.1681396 
Dasyuridae_Dasyurus_maculatus                0.0649635 0.0723931 0.0666049 0.0684607 0.0665076 0.0000000 0.0632659 0.0651023 0.0717143 0.0613976 0.0643898 0.0193340 0.0291191 0.0617367 0.0650153 0.0179263 0.0092461 0.0238084 0.0614352 0.0671362 0.0716330 0.0881882 0.0832369 0.0181626 0.0691945 0.0582202 0.0676108 0.0660336 0.0652643 0.0785341 0.0666692 0.0617144 0.0592548 0.0081789 0.0629998 0.1027002 0.1027002 
Phalangeridae_Trichosurus_vulpecula          0.0415262 0.0708808 0.0498571 0.0446486 0.0434255 0.0632659 0.0000000 0.0152031 0.0508714 0.0645812 0.0166483 0.0617791 0.0637436 0.0164681 0.0481758 0.0565027 0.0645734 0.0574830 0.0681926 0.0441721 0.0508812 0.0895043 0.0899932 0.0568252 0.0462258 0.0566234 0.0491173 0.0441141 0.0407068 0.0602168 0.0506135 0.0160885 0.0646713 0.0640207 0.0669413 0.1229416 0.1229416 
Phalangeridae_Spilocuscus_maculatus          0.0442561 0.0674776 0.0526158 0.0455938 0.0444439 0.0651023 0.0152031 0.0000000 0.0500168 0.0638577 0.0121778 0.0639446 0.0664627 0.0102605 0.0472753 0.0580703 0.0644990 0.0597006 0.0657264 0.0469847 0.0493881 0.0882914 0.0894652 0.0588515 0.0495219 0.0560035 0.0480034 0.0450567 0.0389229 0.0589831 0.0518428 0.0109715 0.0631024 0.0659203 0.0644934 0.1146818 0.1146818 
Potoroidae_Aepyprymnus_rufescens             0.0501116 0.0712067 0.0532879 0.0084051 0.0134216 0.0717143 0.0508714 0.0500168 0.0000000 0.0731172 0.0521788 0.0724000 0.0739083 0.0520253 0.0521790 0.0670527 0.0721680 0.0667052 0.0740792 0.0209015 0.0524630 0.0964559 0.0976404 0.0649901 0.0297440 0.0580665 0.0509548 0.0202136 0.0462295 0.0621976 0.0534072 0.0532392 0.0713163 0.0729612 0.0747451 0.1628971 0.1628971 
Peramelidae_Perameles_nasuta                 0.0641242 0.0631343 0.0675313 0.0682892 0.0669816 0.0613976 0.0645812 0.0638577 0.0731172 0.0000000 0.0641358 0.0574903 0.0623321 0.0639530 0.0653270 0.0565726 0.0627172 0.0569819 0.0170858 0.0699411 0.0700413 0.1005853 0.0935751 0.0596165 0.0677452 0.0599023 0.0660199 0.0690601 0.0590849 0.0801292 0.0640482 0.0642982 0.0133705 0.0604155 0.0007228 0.1057419 0.1057419 
Phalangeridae_Strigocuscus_pelengensis       0.0444801 0.0708545 0.0520247 0.0478284 0.0452729 0.0643898 0.0166483 0.0121778 0.0521788 0.0641358 0.0000000 0.0656871 0.0679808 0.0107113 0.0536307 0.0608087 0.0655383 0.0623934 0.0684250 0.0463609 0.0541996 0.0874441 0.0873001 0.0617532 0.0503061 0.0592050 0.0508870 0.0467317 0.0447235 0.0619958 0.0575786 0.0114336 0.0646190 0.0643820 0.0655331 0.1183287 0.1183287 
Dasyuridae_Phascogale_tapoatafa              0.0641438 0.0708526 0.0627725 0.0682962 0.0653395 0.0193340 0.0617791 0.0639446 0.0724000 0.0574903 0.0656871 0.0000000 0.0217720 0.0612504 0.0622376 0.0041975 0.0146025 0.0221119 0.0561576 0.0660417 0.0684807 0.0880563 0.0835058 0.0088019 0.0663412 0.0561883 0.0636519 0.0645018 0.0620082 0.0773317 0.0678509 0.0620452 0.0566046 0.0171462 0.0584354 0.0630967 0.0630967 
Dasyuridae_Sminthopsis_macroura              0.0682921 0.0744724 0.0682287 0.0697304 0.0690018 0.0291191 0.0637436 0.0664627 0.0739083 0.0623321 0.0679808 0.0217720 0.0000000 0.0642947 0.0653720 0.0192085 0.0240254 0.0193964 0.0613837 0.0693597 0.0696787 0.0943871 0.0892016 0.0186509 0.0681787 0.0596496 0.0641346 0.0677702 0.0594555 0.0793331 0.0705144 0.0651079 0.0591767 0.0261051 0.0634731 0.1046533 0.1046533 
Phalangeridae_Phalanger_orientalis           0.0448997 0.0696849 0.0533009 0.0479337 0.0455958 0.0617367 0.0164681 0.0102605 0.0520253 0.0639530 0.0107113 0.0612504 0.0642947 0.0000000 0.0507711 0.0555177 0.0621959 0.0570772 0.0671254 0.0478411 0.0504938 0.0910550 0.0924462 0.0563468 0.0468754 0.0564651 0.0488722 0.0471559 0.0416723 0.0606975 0.0555992 0.0026742 0.0640600 0.0646694 0.0654321 0.1178810 0.1178810 
Acrobatidae_Acrobates_pygmaeus               0.0514844 0.0708503 0.0556278 0.0499765 0.0494819 0.0650153 0.0481758 0.0472753 0.0521790 0.0653270 0.0536307 0.0622376 0.0653720 0.0507711 0.0000000 0.0603253 0.0639346 0.0592225 0.0682860 0.0526772 0.0452947 0.0926487 0.0945590 0.0602358 0.0480198 0.0603350 0.0458998 0.0505111 0.0408697 0.0598894 0.0295910 0.0499133 0.0639505 0.0640431 0.0667087 0.1259246 0.1259246 
Dasyuridae_Phascogale_calura                 0.0603628 0.0674733 0.0593297 0.0629645 0.0612667 0.0179263 0.0565027 0.0580703 0.0670527 0.0565726 0.0608087 0.0041975 0.0192085 0.0555177 0.0603253 0.0000000 0.0128369 0.0198375 0.0574344 0.0619296 0.0631854 0.0853957 0.0806589 0.0071865 0.0631906 0.0533556 0.0583393 0.0607961 0.0558822 0.0731116 0.0638635 0.0563090 0.0563406 0.0157382 0.0583472 0.0491430 0.0491430 
Dasyuridae_Sarcophilus_harrisii              0.0683230 0.0699944 0.0656876 0.0705898 0.0656517 0.0092461 0.0645734 0.0644990 0.0721680 0.0627172 0.0655383 0.0146025 0.0240254 0.0621959 0.0639346 0.0128369 0.0000000 0.0216092 0.0614946 0.0692752 0.0711453 0.0877140 0.0851777 0.0149328 0.0694383 0.0577432 0.0670139 0.0664818 0.0639138 0.0781132 0.0683680 0.0621735 0.0601253 0.0076671 0.0632862 0.0798874 0.0798874 
Dasyuridae_Planigale_tenuirostris            0.0631732 0.0660319 0.0592357 0.0624060 0.0619984 0.0238084 0.0574830 0.0597006 0.0667052 0.0569819 0.0623934 0.0221119 0.0193964 0.0570772 0.0592225 0.0198375 0.0216092 0.0000000 0.0569281 0.0622120 0.0633850 0.0830011 0.0774413 0.0198923 0.0591666 0.0493703 0.0627792 0.0622490 0.0508620 0.0722486 0.0571928 0.0580008 0.0565691 0.0238078 0.0589752 9.0000000 9.0000000 
Peramelidae_Echymipera_kalubu                0.0663845 0.0685846 0.0677597 0.0715686 0.0681602 0.0614352 0.0681926 0.0657264 0.0740792 0.0170858 0.0684250 0.0561576 0.0613837 0.0671254 0.0682860 0.0574344 0.0614946 0.0569281 0.0000000 0.0711348 0.0744873 0.0973186 0.0935883 0.0600444 0.0697714 0.0568949 0.0708987 0.0696832 0.0630428 0.0795870 0.0699739 0.0679673 0.0100729 0.0610520 0.0160608 0.0764737 0.0764737 
Macropodidae_Dorcopsulus_vanheurni           0.0447901 0.0696321 0.0502551 0.0162443 0.0189519 0.0671362 0.0441721 0.0469847 0.0209015 0.0699411 0.0463609 0.0660417 0.0693597 0.0478411 0.0526772 0.0619296 0.0692752 0.0622120 0.0711348 0.0000000 0.0531651 0.0911734 0.0888012 0.0595739 0.0296097 0.0549291 0.0522486 0.0088189 0.0480254 0.0623348 0.0562943 0.0486236 0.0685313 0.0691844 0.0705333 0.1663577 0.1663577 
Pseudochiridae_Pseudochirulus_forbesi        0.0497777 0.0732582 0.0607417 0.0517341 0.0496528 0.0716330 0.0508812 0.0493881 0.0524630 0.0700413 0.0541996 0.0684807 0.0696787 0.0504938 0.0452947 0.0631854 0.0711453 0.0633850 0.0744873 0.0531651 0.0000000 0.0963120 0.0952790 0.0636161 0.0537315 0.0635293 0.0245875 0.0514309 0.0118368 0.0528698 0.0490868 0.0521777 0.0709716 0.0706517 0.0722221 0.1582502 0.1582502 
Didelphidae_Didelphis_virginiana             0.0922981 0.1016283 0.0917358 0.0914011 0.0918668 0.0881882 0.0895043 0.0882914 0.0964559 0.1005853 0.0874441 0.0880563 0.0943871 0.0910550 0.0926487 0.0853957 0.0877140 0.0830011 0.0973186 0.0911734 0.0963120 0.0000000 0.0352300 0.0818359 0.0949283 0.0795197 0.0901144 0.0917819 0.0898504 0.0984201 0.0955262 0.0905781 0.0995964 0.0876133 0.0990587 0.1744168 0.1744168 
Marmosidae_Monodelphis_domestica             0.0930898 0.0993332 0.0911163 0.0921421 0.0931301 0.0832369 0.0899932 0.0894652 0.0976404 0.0935751 0.0873001 0.0835058 0.0892016 0.0924462 0.0945590 0.0806589 0.0851777 0.0774413 0.0935883 0.0888012 0.0952790 0.0352300 0.0000000 0.0755384 0.0914927 0.0833735 0.0901022 0.0914497 0.0875869 0.1007171 0.1019840 0.0919324 0.0976798 0.0838085 0.0928251 0.1959748 0.1959748 
Dasyuridae_Antechinus_stuartii               0.0594331 0.0673868 0.0598711 0.0614652 0.0591839 0.0181626 0.0568252 0.0588515 0.0649901 0.0596165 0.0617532 0.0088019 0.0186509 0.0563468 0.0602358 0.0071865 0.0149328 0.0198923 0.0600444 0.0595739 0.0636161 0.0818359 0.0755384 0.0000000 0.0596675 0.0511316 0.0601885 0.0595270 0.0532066 0.0739327 0.0627175 0.0572104 0.0584346 0.0177651 0.0609625 0.1210534 0.1210534 
Hypsiprymnodontidae_Hypsiprymnodon_moschatus 0.0474146 0.0713204 0.0521185 0.0267837 0.0289358 0.0691945 0.0462258 0.0495219 0.0297440 0.0677452 0.0503061 0.0663412 0.0681787 0.0468754 0.0480198 0.0631906 0.0694383 0.0591666 0.0697714 0.0296097 0.0537315 0.0949283 0.0914927 0.0596675 0.0000000 0.0583351 0.0508211 0.0306730 0.0476970 0.0649519 0.0549579 0.0480375 0.0658751 0.0702284 0.0694598 0.2056943 0.2056943 
Microbiotheriidae_Dromiciops_gliroides       0.0580008 0.0611398 0.0569691 0.0571616 0.0561597 0.0582202 0.0566234 0.0560035 0.0580665 0.0599023 0.0592050 0.0561883 0.0596496 0.0564651 0.0603350 0.0533556 0.0577432 0.0493703 0.0568949 0.0549291 0.0635293 0.0795197 0.0833735 0.0511316 0.0583351 0.0000000 0.0616058 0.0544487 0.0603110 0.0758643 0.0675927 0.0573441 0.0594852 0.0584369 0.0600094 0.1136320 0.1136320 
Pseudochiridae_Petauroides_volans            0.0486287 0.0699705 0.0558313 0.0487583 0.0477260 0.0676108 0.0491173 0.0480034 0.0509548 0.0660199 0.0508870 0.0636519 0.0641346 0.0488722 0.0458998 0.0583393 0.0670139 0.0627792 0.0708987 0.0522486 0.0245875 0.0901144 0.0901022 0.0601885 0.0508211 0.0616058 0.0000000 0.0497309 0.0207901 0.0505520 0.0482241 0.0505931 0.0656127 0.0666184 0.0681505 0.1505328 0.1505328 
Macropodidae_Wallabia_bicolor                0.0455598 0.0688465 0.0500992 0.0169362 0.0178577 0.0660336 0.0441141 0.0450567 0.0202136 0.0690601 0.0467317 0.0645018 0.0677702 0.0471559 0.0505111 0.0607961 0.0664818 0.0622490 0.0696832 0.0088189 0.0514309 0.0917819 0.0914497 0.0595270 0.0306730 0.0544487 0.0497309 0.0000000 0.0429133 0.0615168 0.0508110 0.0479367 0.0673983 0.0677603 0.0706390 0.1477351 0.1477351 
Pseudochiridae_Pseudocheirus_occidentalis    0.0478870 0.0629541 0.0514854 0.0438998 0.0402851 0.0652643 0.0407068 0.0389229 0.0462295 0.0590849 0.0447235 0.0620082 0.0594555 0.0416723 0.0408697 0.0558822 0.0639138 0.0508620 0.0630428 0.0480254 0.0118368 0.0898504 0.0875869 0.0532066 0.0476970 0.0603110 0.0207901 0.0429133 0.0000000 0.0490625 0.0450369 0.0416558 0.0591917 0.0645629 0.0597146 0.1835191 0.1835191 
Tarsipedidae_Tarsipes_rostratus              0.0616133 0.0842702 0.0678887 0.0582825 0.0582930 0.0785341 0.0602168 0.0589831 0.0621976 0.0801292 0.0619958 0.0773317 0.0793331 0.0606975 0.0598894 0.0731116 0.0781132 0.0722486 0.0795870 0.0623348 0.0528698 0.0984201 0.1007171 0.0739327 0.0649519 0.0758643 0.0505520 0.0615168 0.0490625 0.0000000 0.0587210 0.0610566 0.0774124 0.0787908 0.0798233 0.1182415 0.1182415 
Acrobatidae_Distoechurus_pennatus            0.0517080 0.0717760 0.0568638 0.0491905 0.0470647 0.0666692 0.0506135 0.0518428 0.0534072 0.0640482 0.0575786 0.0678509 0.0705144 0.0555992 0.0295910 0.0638635 0.0683680 0.0571928 0.0699739 0.0562943 0.0490868 0.0955262 0.1019840 0.0627175 0.0549579 0.0675927 0.0482241 0.0508110 0.0450369 0.0587210 0.0000000 0.0545590 0.0658244 0.0690984 0.0653399 0.1313117 0.1313117 
Phalangeridae_Phalanger_carmelitae           0.0449108 0.0687695 0.0537088 0.0491328 0.0463737 0.0617144 0.0160885 0.0109715 0.0532392 0.0642982 0.0114336 0.0620452 0.0651079 0.0026742 0.0499133 0.0563090 0.0621735 0.0580008 0.0679673 0.0486236 0.0521777 0.0905781 0.0919324 0.0572104 0.0480375 0.0573441 0.0505931 0.0479367 0.0416558 0.0610566 0.0545590 0.0000000 0.0644724 0.0638087 0.0662509 0.1178810 0.1178810 
Peramelidae_Peroryctes_raffrayana            0.0657904 0.0642086 0.0668423 0.0677710 0.0632993 0.0592548 0.0646713 0.0631024 0.0713163 0.0133705 0.0646190 0.0566046 0.0591767 0.0640600 0.0639505 0.0563406 0.0601253 0.0565691 0.0100729 0.0685313 0.0709716 0.0995964 0.0976798 0.0584346 0.0658751 0.0594852 0.0656127 0.0673983 0.0591917 0.0774124 0.0658244 0.0644724 0.0000000 0.0593258 0.0122205 0.1189046 0.1189046 
Dasyuridae_Dasyurus_geffroii                 0.0673387 0.0707899 0.0656725 0.0703949 0.0674057 0.0081789 0.0640207 0.0659203 0.0729612 0.0604155 0.0643820 0.0171462 0.0261051 0.0646694 0.0640431 0.0157382 0.0076671 0.0238078 0.0610520 0.0691844 0.0706517 0.0876133 0.0838085 0.0177651 0.0702284 0.0584369 0.0666184 0.0677603 0.0645629 0.0787908 0.0690984 0.0638087 0.0593258 0.0000000 0.0612642 0.0781069 0.0781069 
Peramelidae_Perameles_gunnii                 0.0653871 0.0681097 0.0679431 0.0699118 0.0690211 0.0629998 0.0669413 0.0644934 0.0747451 0.0007228 0.0655331 0.0584354 0.0634731 0.0654321 0.0667087 0.0583472 0.0632862 0.0589752 0.0160608 0.0705333 0.0722221 0.0990587 0.0928251 0.0609625 0.0694598 0.0600094 0.0681505 0.0706390 0.0597146 0.0798233 0.0653399 0.0662509 0.0122205 0.0612642 0.0000000 0.1026646 0.1026646 
Myrmecobiidae_Myrmecobius_fasciatus1         0.1302465 0.1414366 0.1371525 0.1681396 0.1681396 0.1027002 0.1229416 0.1146818 0.1628971 0.1057419 0.1183287 0.0630967 0.1046533 0.1178810 0.1259246 0.0491430 0.0798874 9.0000000 0.0764737 0.1663577 0.1582502 0.1744168 0.1959748 0.1210534 0.2056943 0.1136320 0.1505328 0.1477351 0.1835191 0.1182415 0.1313117 0.1178810 0.1189046 0.0781069 0.1026646 0.0000000 0.0000010 
Myrmecobiidae_Myrmecobius_fasciatus2         0.1302465 0.1414366 0.1371525 0.1681396 0.1681396 0.1027002 0.1229416 0.1146818 0.1628971 0.1057419 0.1183287 0.0630967 0.1046533 0.1178810 0.1259246 0.0491430 0.0798874 9.0000000 0.0764737 0.1663577 0.1582502 0.1744168 0.1959748 0.1210534 0.2056943 0.1136320 0.1505328 0.1477351 0.1835191 0.1182415 0.1313117 0.1178810 0.1189046 0.0781069 0.1026646 0.0000010 0.0000000 
