35
Burramyidae_Burramys_parvus                  0.0000000 0.0645334 0.0437954 0.0491527 0.0509406 0.0970968 0.0273564 0.0341701 0.0526904 0.0632048 0.0329604 0.0893480 0.0892536 0.0340353 0.0415372 0.0918119 0.0955479 0.0829443 0.0655231 0.0468618 0.0423299 0.0917001 0.1001567 0.0402923 0.0620614 0.0487400 0.0471430 0.0402734 0.0601575 0.0418306 0.0322918 0.0634091 0.0989426 0.0647252 0.0623410 
Notoryctidae_Notoryctes_typhlops             0.0645334 0.0000000 0.0569570 0.0754188 0.0779779 0.0930771 0.0629755 0.0638704 0.0793483 0.0736299 0.0680389 0.0817668 0.0860865 0.0686472 0.0669765 0.0837058 0.0877576 0.0781555 0.0752578 0.0781905 0.0713490 0.0893472 0.0996604 0.0742308 0.0702967 0.0726609 0.0774846 0.0688503 0.0917189 0.0695585 0.0671989 0.0719279 0.0940773 0.0752164 0.0611746 
Vombatidae_Lasiorhinus_latifrons             0.0437954 0.0569570 0.0000000 0.0523151 0.0545055 0.0839235 0.0407084 0.0466778 0.0581976 0.0591963 0.0477016 0.0714736 0.0777995 0.0458363 0.0471991 0.0735003 0.0790691 0.0690244 0.0640183 0.0529716 0.0496297 0.0782348 0.0920935 0.0459796 0.0548606 0.0495746 0.0510993 0.0479496 0.0696764 0.0456169 0.0447393 0.0580667 0.0817903 0.0604534 0.0447958 
Potoroidae_Bettongia_penicillata             0.0491527 0.0754188 0.0523151 0.0000000 0.0016874 0.1084619 0.0466458 0.0586988 0.0041895 0.0718345 0.0534161 0.1028878 0.1026852 0.0549135 0.0575259 0.1064756 0.1060735 0.0967572 0.0765683 0.0082883 0.0605956 0.0981874 0.1161036 0.0205311 0.0732007 0.0585077 0.0084064 0.0584166 0.0811570 0.0561688 0.0544850 0.0733017 0.1104529 0.0733603 0.0827016 
Potoroidae_Bettongia_lesueur                 0.0509406 0.0779779 0.0545055 0.0016874 0.0000000 0.1112583 0.0472730 0.0599333 0.0048887 0.0728895 0.0534931 0.1040312 0.1042926 0.0550488 0.0585821 0.1072472 0.1088453 0.0979892 0.0766085 0.0093624 0.0600040 0.1000048 0.1157793 0.0199734 0.0724661 0.0584646 0.0092946 0.0590047 0.0803998 0.0574675 0.0551249 0.0734520 0.1132851 0.0744206 0.0834995 
Dasyuridae_Dasyurus_maculatus                0.0970968 0.0930771 0.0839235 0.1084619 0.1112583 0.0000000 0.0865665 0.0839570 0.1127885 0.0963692 0.0927309 0.0072943 0.0149089 0.0885978 0.0966714 0.0071065 0.0039852 0.0135500 0.0967276 0.1098329 0.0992612 0.1167694 0.1102932 0.1004711 0.1010034 0.0977307 0.1075389 0.0983930 0.1288657 0.1009126 0.0889127 0.0967237 0.0031265 0.0970034 0.0043525 
Phalangeridae_Trichosurus_vulpecula          0.0273564 0.0629755 0.0407084 0.0466458 0.0472730 0.0865665 0.0000000 0.0090516 0.0504241 0.0562198 0.0078120 0.0766141 0.0824759 0.0080110 0.0372934 0.0797562 0.0816495 0.0738971 0.0621596 0.0461333 0.0412521 0.0864944 0.0962166 0.0337830 0.0600313 0.0422550 0.0442960 0.0394777 0.0625557 0.0388426 0.0074554 0.0591035 0.0851506 0.0577492 0.0523336 
Phalangeridae_Spilocuscus_maculatus          0.0341701 0.0638704 0.0466778 0.0586988 0.0599333 0.0839570 0.0090516 0.0000000 0.0618917 0.0673907 0.0055218 0.0767329 0.0794435 0.0053262 0.0473928 0.0785373 0.0805214 0.0755222 0.0701124 0.0576633 0.0509337 0.0974748 0.1068854 0.0461704 0.0652511 0.0519959 0.0578150 0.0468488 0.0749575 0.0511515 0.0048732 0.0682842 0.0847781 0.0689500 0.0553260 
Potoroidae_Aepyprymnus_rufescens             0.0526904 0.0793483 0.0581976 0.0041895 0.0048887 0.1127885 0.0504241 0.0618917 0.0000000 0.0772770 0.0572496 0.1076229 0.1078752 0.0578238 0.0599423 0.1112919 0.1124440 0.1005985 0.0802330 0.0098797 0.0646991 0.1045776 0.1227924 0.0247601 0.0782658 0.0622927 0.0105415 0.0610900 0.0855137 0.0602293 0.0573919 0.0785609 0.1165706 0.0785087 0.0870450 
Peramelidae_Perameles_nasuta                 0.0632048 0.0736299 0.0591963 0.0718345 0.0728895 0.0963692 0.0562198 0.0673907 0.0772770 0.0000000 0.0645569 0.0898881 0.0877059 0.0673035 0.0703855 0.0893764 0.0943806 0.0803844 0.0073409 0.0708767 0.0711478 0.1057876 0.1122068 0.0631483 0.0693083 0.0698219 0.0682598 0.0699180 0.0902208 0.0693065 0.0682623 0.0057384 0.0963837 0.0000499 0.0615152 
Phalangeridae_Strigocuscus_pelengensis       0.0329604 0.0680389 0.0477016 0.0534161 0.0534931 0.0927309 0.0078120 0.0055218 0.0572496 0.0645569 0.0000000 0.0817322 0.0862033 0.0038859 0.0445738 0.0846215 0.0892439 0.0787606 0.0681622 0.0529828 0.0504958 0.0948411 0.1073238 0.0405039 0.0677187 0.0529244 0.0542578 0.0469952 0.0698596 0.0481309 0.0034776 0.0665860 0.0919539 0.0661150 0.0578272 
Dasyuridae_Phascogale_tapoatafa              0.0893480 0.0817668 0.0714736 0.1028878 0.1040312 0.0072943 0.0766141 0.0767329 0.1076229 0.0898881 0.0817322 0.0000000 0.0106283 0.0780567 0.0883021 0.0013079 0.0072255 0.0110574 0.0867306 0.1020379 0.0914659 0.0975795 0.0900759 0.0933423 0.0875191 0.0886940 0.1005260 0.0881250 0.1156993 0.0929522 0.0781622 0.0876648 0.0071357 0.0905920 0.0022096 
Dasyuridae_Sminthopsis_macroura              0.0892536 0.0860865 0.0777995 0.1026852 0.1042926 0.0149089 0.0824759 0.0794435 0.1078752 0.0877059 0.0862033 0.0106283 0.0000000 0.0865383 0.0888387 0.0103828 0.0144218 0.0082080 0.0891630 0.1054455 0.0911737 0.1076403 0.1073444 0.0943344 0.0951391 0.0904500 0.1039144 0.0904323 0.1203564 0.0925626 0.0845468 0.0875017 0.0152669 0.0883282 0.0055893 
Phalangeridae_Phalanger_orientalis           0.0340353 0.0686472 0.0458363 0.0549135 0.0550488 0.0885978 0.0080110 0.0053262 0.0578238 0.0673035 0.0038859 0.0780567 0.0865383 0.0000000 0.0441326 0.0808931 0.0841646 0.0778335 0.0692412 0.0535745 0.0514988 0.0942662 0.1068880 0.0430528 0.0668058 0.0504617 0.0538067 0.0467510 0.0689756 0.0447697 0.0012496 0.0695693 0.0890116 0.0688251 0.0551008 
Acrobatidae_Acrobates_pygmaeus               0.0415372 0.0669765 0.0471991 0.0575259 0.0585821 0.0966714 0.0372934 0.0473928 0.0599423 0.0703855 0.0445738 0.0883021 0.0888387 0.0441326 0.0000000 0.0902177 0.0915210 0.0839744 0.0702109 0.0575036 0.0336731 0.0898019 0.0994606 0.0493574 0.0642395 0.0341207 0.0563007 0.0291632 0.0623084 0.0135668 0.0443255 0.0676401 0.0958743 0.0719914 0.0611367 
Dasyuridae_Phascogale_calura                 0.0918119 0.0837058 0.0735003 0.1064756 0.1072472 0.0071065 0.0797562 0.0785373 0.1112919 0.0893764 0.0846215 0.0013079 0.0103828 0.0808931 0.0902177 0.0000000 0.0070380 0.0107952 0.0873244 0.1056232 0.0927371 0.1001622 0.0895282 0.0963663 0.0895700 0.0915181 0.1040923 0.0884889 0.1178343 0.0932111 0.0802298 0.0876590 0.0071294 0.0900807 0.0021454 
Dasyuridae_Sarcophilus_harrisii              0.0955479 0.0877576 0.0790691 0.1060735 0.1088453 0.0039852 0.0816495 0.0805214 0.1124440 0.0943806 0.0892439 0.0072255 0.0144218 0.0841646 0.0915210 0.0070380 0.0000000 0.0131782 0.0956267 0.1071150 0.0968873 0.1106719 0.1057222 0.0978066 0.0946062 0.0944373 0.1059388 0.0944399 0.1262437 0.0983266 0.0844846 0.0952682 0.0039225 0.0953511 0.0042846 
Dasyuridae_Planigale_tenuirostris            0.0829443 0.0781555 0.0690244 0.0967572 0.0979892 0.0135500 0.0738971 0.0755222 0.1005985 0.0803844 0.0787606 0.0110574 0.0082080 0.0778335 0.0839744 0.0107952 0.0131782 0.0000000 0.0805934 0.0957404 0.0854843 0.1027264 0.1018884 0.0910255 0.0882487 0.0846961 0.0934770 0.0829582 0.1154569 0.0877786 0.0762934 0.0795472 0.0136389 0.0812395 0.0068866 
Peramelidae_Echymipera_kalubu                0.0655231 0.0752578 0.0640183 0.0765683 0.0766085 0.0967276 0.0621596 0.0701124 0.0802330 0.0073409 0.0681622 0.0867306 0.0891630 0.0692412 0.0702109 0.0873244 0.0956267 0.0805934 0.0000000 0.0729587 0.0732162 0.1031016 0.1128282 0.0689992 0.0739963 0.0722592 0.0715445 0.0727785 0.0921797 0.0713612 0.0693875 0.0059623 0.0984824 0.0074743 0.0610269 
Macropodidae_Dorcopsulus_vanheurni           0.0468618 0.0781905 0.0529716 0.0082883 0.0093624 0.1098329 0.0461333 0.0576633 0.0098797 0.0708767 0.0529828 0.1020379 0.1054455 0.0535745 0.0575036 0.1056232 0.1071150 0.0957404 0.0729587 0.0000000 0.0597917 0.0954650 0.1142968 0.0203281 0.0730615 0.0582055 0.0037053 0.0564163 0.0787579 0.0567305 0.0537441 0.0707333 0.1122360 0.0724027 0.0814561 
Pseudochiridae_Pseudochirulus_forbesi        0.0423299 0.0713490 0.0496297 0.0605956 0.0600040 0.0992612 0.0412521 0.0509337 0.0646991 0.0711478 0.0504958 0.0914659 0.0911737 0.0514988 0.0336731 0.0927371 0.0968873 0.0854843 0.0732162 0.0597917 0.0000000 0.0887341 0.1010925 0.0523388 0.0673230 0.0138674 0.0587845 0.0057619 0.0489163 0.0365214 0.0508135 0.0695225 0.0996575 0.0727202 0.0641601 
Didelphidae_Didelphis_virginiana             0.0917001 0.0893472 0.0782348 0.0981874 0.1000048 0.1167694 0.0864944 0.0974748 0.1045776 0.1057876 0.0948411 0.0975795 0.1076403 0.0942662 0.0898019 0.1001622 0.1106719 0.1027264 0.1031016 0.0954650 0.0887341 0.0000000 0.0331462 0.0894395 0.0901815 0.0869220 0.0999941 0.0853352 0.1183742 0.0891682 0.0928698 0.1024884 0.1124243 0.1074809 0.0548579 
Marmosidae_Monodelphis_domestica             0.1001567 0.0996604 0.0920935 0.1161036 0.1157793 0.1102932 0.0962166 0.1068854 0.1227924 0.1122068 0.1073238 0.0900759 0.1073444 0.1068880 0.0994606 0.0895282 0.1057222 0.1018884 0.1128282 0.1142968 0.1010925 0.0331462 0.0000000 0.1059040 0.1013140 0.1011340 0.1166717 0.0980955 0.1332748 0.1052031 0.1066780 0.1128635 0.1101734 0.1139348 0.0562575 
Hypsiprymnodontidae_Hypsiprymnodon_moschatus 0.0402923 0.0742308 0.0459796 0.0205311 0.0199734 0.1004711 0.0337830 0.0461704 0.0247601 0.0631483 0.0405039 0.0933423 0.0943344 0.0430528 0.0493574 0.0963663 0.0978066 0.0910255 0.0689992 0.0203281 0.0523388 0.0894395 0.1059040 0.0000000 0.0619312 0.0503312 0.0189172 0.0506470 0.0737063 0.0465386 0.0422932 0.0648162 0.1009325 0.0643674 0.0684670 
Microbiotheriidae_Dromiciops_gliroides       0.0620614 0.0702967 0.0548606 0.0732007 0.0724661 0.1010034 0.0600313 0.0652511 0.0782658 0.0693083 0.0677187 0.0875191 0.0951391 0.0668058 0.0642395 0.0895700 0.0946062 0.0882487 0.0739963 0.0730615 0.0673230 0.0901815 0.1013140 0.0619312 0.0000000 0.0683216 0.0729105 0.0679836 0.0846565 0.0653526 0.0647588 0.0674846 0.1006854 0.0705336 0.0618184 
Pseudochiridae_Petauroides_volans            0.0487400 0.0726609 0.0495746 0.0585077 0.0584646 0.0977307 0.0422550 0.0519959 0.0622927 0.0698219 0.0529244 0.0886940 0.0904500 0.0504617 0.0341207 0.0915181 0.0944373 0.0846961 0.0722592 0.0582055 0.0138674 0.0869220 0.1011340 0.0503312 0.0683216 0.0000000 0.0550074 0.0118519 0.0549395 0.0376503 0.0501024 0.0687765 0.0978446 0.0711347 0.0638968 
Macropodidae_Wallabia_bicolor                0.0471430 0.0774846 0.0510993 0.0084064 0.0092946 0.1075389 0.0442960 0.0578150 0.0105415 0.0682598 0.0542578 0.1005260 0.1039144 0.0538067 0.0563007 0.1040923 0.1059388 0.0934770 0.0715445 0.0037053 0.0587845 0.0999941 0.1166717 0.0189172 0.0729105 0.0550074 0.0000000 0.0562190 0.0797446 0.0549542 0.0539146 0.0688011 0.1098946 0.0698586 0.0803874 
Pseudochiridae_Pseudocheirus_occidentalis    0.0402734 0.0688503 0.0479496 0.0584166 0.0590047 0.0983930 0.0394777 0.0468488 0.0610900 0.0699180 0.0469952 0.0881250 0.0904323 0.0467510 0.0291632 0.0884889 0.0944399 0.0829582 0.0727785 0.0564163 0.0057619 0.0853352 0.0980955 0.0506470 0.0679836 0.0118519 0.0562190 0.0000000 0.0506124 0.0350968 0.0458468 0.0702278 0.0982483 0.0715346 0.0616525 
Tarsipedidae_Tarsipes_rostratus              0.0601575 0.0917189 0.0696764 0.0811570 0.0803998 0.1288657 0.0625557 0.0749575 0.0855137 0.0902208 0.0698596 0.1156993 0.1203564 0.0689756 0.0623084 0.1178343 0.1262437 0.1154569 0.0921797 0.0787579 0.0489163 0.1183742 0.1332748 0.0737063 0.0846565 0.0549395 0.0797446 0.0506124 0.0000000 0.0583060 0.0681626 0.0916856 0.1284174 0.0918683 0.0957954 
Acrobatidae_Distoechurus_pennatus            0.0418306 0.0695585 0.0456169 0.0561688 0.0574675 0.1009126 0.0388426 0.0511515 0.0602293 0.0693065 0.0481309 0.0929522 0.0925626 0.0447697 0.0135668 0.0932111 0.0983266 0.0877786 0.0713612 0.0567305 0.0365214 0.0891682 0.1052031 0.0465386 0.0653526 0.0376503 0.0549542 0.0350968 0.0583060 0.0000000 0.0448974 0.0668735 0.1011799 0.0708447 0.0652555 
Phalangeridae_Phalanger_carmelitae           0.0322918 0.0671989 0.0447393 0.0544850 0.0551249 0.0889127 0.0074554 0.0048732 0.0573919 0.0682623 0.0034776 0.0781622 0.0845468 0.0012496 0.0443255 0.0802298 0.0844846 0.0762934 0.0693875 0.0537441 0.0508135 0.0928698 0.1066780 0.0422932 0.0647588 0.0501024 0.0539146 0.0458468 0.0681626 0.0448974 0.0000000 0.0703359 0.0886676 0.0697809 0.0552894 
Peramelidae_Peroryctes_raffrayana            0.0634091 0.0719279 0.0580667 0.0733017 0.0734520 0.0967237 0.0591035 0.0682842 0.0785609 0.0057384 0.0665860 0.0876648 0.0875017 0.0695693 0.0676401 0.0876590 0.0952682 0.0795472 0.0059623 0.0707333 0.0695225 0.1024884 0.1128635 0.0648162 0.0674846 0.0687765 0.0688011 0.0702278 0.0916856 0.0668735 0.0703359 0.0000000 0.0965248 0.0060368 0.0603360 
Dasyuridae_Dasyurus_geffroii                 0.0989426 0.0940773 0.0817903 0.1104529 0.1132851 0.0031265 0.0851506 0.0847781 0.1165706 0.0963837 0.0919539 0.0071357 0.0152669 0.0890116 0.0958743 0.0071294 0.0039225 0.0136389 0.0984824 0.1122360 0.0996575 0.1124243 0.1101734 0.1009325 0.1006854 0.0978446 0.1098946 0.0982483 0.1284174 0.1011799 0.0886676 0.0965248 0.0000000 0.0970183 0.0042855 
Peramelidae_Perameles_gunnii                 0.0647252 0.0752164 0.0604534 0.0733603 0.0744206 0.0970034 0.0577492 0.0689500 0.0785087 0.0000499 0.0661150 0.0905920 0.0883282 0.0688251 0.0719914 0.0900807 0.0953511 0.0812395 0.0074743 0.0724027 0.0727202 0.1074809 0.1139348 0.0643674 0.0705336 0.0711347 0.0698586 0.0715346 0.0918683 0.0708447 0.0697809 0.0060368 0.0970183 0.0000000 0.0625097 
Dasyuridae_Antechinus_stuartii               0.0623410 0.0611746 0.0447958 0.0827016 0.0834995 0.0043525 0.0523336 0.0553260 0.0870450 0.0615152 0.0578272 0.0022096 0.0055893 0.0551008 0.0611367 0.0021454 0.0042846 0.0068866 0.0610269 0.0814561 0.0641601 0.0548579 0.0562575 0.0684670 0.0618184 0.0638968 0.0803874 0.0616525 0.0957954 0.0652555 0.0552894 0.0603360 0.0042855 0.0625097 0.0000000 
