35
Burramyidae_Burramys_parvus                  0.0000000 0.0987139 0.0509722 0.0716270 0.0608694 0.1026665 0.0358510 0.0428972 0.0658638 0.1182608 0.0336917 0.0837154 0.1026660 0.0434626 0.0638418 0.0881772 0.1004834 0.1279298 0.0392384 0.0900715 0.1205476 0.0926709 0.0925090 0.0562931 0.0652388 0.0968155 0.0388095 0.0933526 0.0451678 0.0646157 0.0415404 0.1280500 0.0876942 0.1186305 0.0666623 
Notoryctidae_Notoryctes_typhlops             0.0987139 0.0000000 0.1001264 0.1447299 0.1271148 0.1167179 0.0856827 0.0907194 0.1298280 0.1521418 0.0693014 0.1130830 0.1150312 0.0900294 0.1223456 0.1105671 0.1153362 0.1488115 0.0882552 0.1460048 0.1551619 0.1301011 0.1130017 0.0966688 0.1186664 0.1311734 0.0942046 0.1559404 0.1036694 0.1277648 0.0895728 0.1465760 0.1136507 0.1433596 0.0991685 
Vombatidae_Lasiorhinus_latifrons             0.0509722 0.1001264 0.0000000 0.0960154 0.0905562 0.0902071 0.0425821 0.0365934 0.0794108 0.1194127 0.0325797 0.0753411 0.0864014 0.0359051 0.0580446 0.0757060 0.0861082 0.1191031 0.0493375 0.0812593 0.1130317 0.0893567 0.0860625 0.0644339 0.0767488 0.0940221 0.0546247 0.1048166 0.0544967 0.0737524 0.0359319 0.1175240 0.0983322 0.1095411 0.0693248 
Potoroidae_Bettongia_penicillata             0.0716270 0.1447299 0.0960154 0.0000000 0.0217840 0.1305895 0.0841231 0.0759154 0.0330734 0.1608329 0.0712987 0.1273114 0.1389054 0.0763560 0.0920544 0.1272789 0.1354125 0.1628545 0.0322926 0.1378593 0.1602949 0.1625905 0.1327634 0.0733114 0.1217450 0.1478386 0.0355437 0.1690196 0.1107903 0.1302152 0.0774420 0.1692163 0.1419681 0.1579364 0.1517757 
Potoroidae_Bettongia_lesueur                 0.0608694 0.1271148 0.0905562 0.0217840 0.0000000 0.1321173 0.0665478 0.0728374 0.0312676 0.1428133 0.0539330 0.1180998 0.1312176 0.0738939 0.0958626 0.1172858 0.1329054 0.1431696 0.0223569 0.1316073 0.1580710 0.1387201 0.1232924 0.0665517 0.1011173 0.1284885 0.0249059 0.1359609 0.0987517 0.1065549 0.0742270 0.1461954 0.1209990 0.1452994 0.1220100 
Dasyuridae_Dasyurus_maculatus                0.1026665 0.1167179 0.0902071 0.1305895 0.1321173 0.0000000 0.0941284 0.0838042 0.1174337 0.1276281 0.0624598 0.0166669 0.0276903 0.0804070 0.1080498 0.0167326 0.0090883 0.1341542 0.0782256 0.1425711 0.1402189 0.1112144 0.0220587 0.1042027 0.1065294 0.1461997 0.0831892 0.1627219 0.0858075 0.1286246 0.0786022 0.1319023 0.0105326 0.1282808 0.0084542 
Phalangeridae_Trichosurus_vulpecula          0.0358510 0.0856827 0.0425821 0.0841231 0.0665478 0.0941284 0.0000000 0.0174366 0.0631505 0.1098826 0.0123409 0.0815793 0.0927459 0.0178087 0.0577441 0.0819241 0.0919130 0.1228814 0.0371684 0.0859934 0.1158092 0.0936620 0.0885564 0.0472170 0.0741829 0.0802419 0.0381947 0.0889610 0.0471201 0.0522041 0.0174244 0.1208578 0.0817059 0.1117302 0.0618086 
Phalangeridae_Spilocuscus_maculatus          0.0428972 0.0907194 0.0365934 0.0759154 0.0728374 0.0838042 0.0174366 0.0000000 0.0617993 0.1151227 0.0057263 0.0712080 0.0817095 0.0058113 0.0497527 0.0726089 0.0802982 0.1201483 0.0327960 0.0732418 0.1014005 0.0788659 0.0766730 0.0485505 0.0714287 0.0815390 0.0356330 0.0963200 0.0432662 0.0623749 0.0058258 0.1195697 0.0925526 0.1041883 0.0606053 
Potoroidae_Aepyprymnus_rufescens             0.0658638 0.1298280 0.0794108 0.0330734 0.0312676 0.1174337 0.0631505 0.0617993 0.0000000 0.1430934 0.0470319 0.1115657 0.1230476 0.0629200 0.0916330 0.1107872 0.1229391 0.1455975 0.0171547 0.1237540 0.1572587 0.1339482 0.1136025 0.0534928 0.0944188 0.1159521 0.0199596 0.1407482 0.1055829 0.1012514 0.0632113 0.1510341 0.1223177 0.1385609 0.1051042 
Peramelidae_Perameles_nasuta                 0.1182608 0.1521418 0.1194127 0.1608329 0.1428133 0.1276281 0.1098826 0.1151227 0.1430934 0.0000000 0.0943065 0.1274201 0.1433323 0.1121427 0.1364386 0.1310003 0.1352168 0.0270225 0.0986767 0.1718264 0.1801392 0.1448148 0.1388020 0.1194991 0.1097946 0.1343888 0.1053342 0.1600903 0.1159765 0.1361849 0.1093874 0.0218034 0.1266995 0.0117881 0.1338747 
Phalangeridae_Strigocuscus_pelengensis       0.0336917 0.0693014 0.0325797 0.0712987 0.0539330 0.0624598 0.0123409 0.0057263 0.0470319 0.0943065 0.0000000 0.0577605 0.0653053 0.0060895 0.0470445 0.0568466 0.0589939 0.0980675 0.0354048 0.0679553 0.0795332 0.0808799 0.0606545 0.0361832 0.0766149 0.0584676 0.0399626 0.0689079 0.0320618 0.0519609 0.0057256 0.0957718 0.0623934 0.0924112 0.0623009 
Dasyuridae_Phascogale_tapoatafa              0.0837154 0.1130830 0.0753411 0.1273114 0.1180998 0.0166669 0.0815793 0.0712080 0.1115657 0.1274201 0.0577605 0.0000000 0.0233029 0.0698841 0.0878177 0.0025000 0.0145324 0.1297454 0.0722442 0.1284406 0.1312350 0.1060083 0.0109901 0.0900810 0.0971129 0.1357305 0.0770047 0.1487445 0.0653905 0.1086892 0.0682744 0.1269778 0.0239811 0.1190589 0.0090162 
Dasyuridae_Sminthopsis_macroura              0.1026660 0.1150312 0.0864014 0.1389054 0.1312176 0.0276903 0.0927459 0.0817095 0.1230476 0.1433323 0.0653053 0.0233029 0.0000000 0.0817612 0.1068670 0.0218366 0.0252485 0.1403999 0.0812807 0.1405449 0.1285584 0.1120374 0.0283790 0.1052832 0.1107302 0.1407242 0.0863734 0.1556977 0.0811972 0.1242545 0.0799094 0.1373491 0.0366112 0.1317210 0.0089766 
Phalangeridae_Phalanger_orientalis           0.0434626 0.0900294 0.0359051 0.0763560 0.0738939 0.0804070 0.0178087 0.0058113 0.0629200 0.1121427 0.0060895 0.0698841 0.0817612 0.0000000 0.0511759 0.0719779 0.0793616 0.1188166 0.0332059 0.0737339 0.1035751 0.0807654 0.0778718 0.0497135 0.0678752 0.0802195 0.0360474 0.0953448 0.0456482 0.0607335 0.0018584 0.1146970 0.0907878 0.1027336 0.0601387 
Acrobatidae_Acrobates_pygmaeus               0.0638418 0.1223456 0.0580446 0.0920544 0.0958626 0.1080498 0.0577441 0.0497527 0.0916330 0.1364386 0.0470445 0.0878177 0.1068670 0.0511759 0.0000000 0.0933075 0.1038998 0.1450553 0.0558768 0.0942055 0.1365569 0.1096717 0.1004413 0.0780790 0.0865541 0.0959265 0.0555336 0.1178483 0.0482764 0.0312181 0.0506476 0.1423961 0.1115764 0.1335356 0.0886191 
Dasyuridae_Phascogale_calura                 0.0881772 0.1105671 0.0757060 0.1272789 0.1172858 0.0167326 0.0819241 0.0726089 0.1107872 0.1310003 0.0568466 0.0025000 0.0218366 0.0719779 0.0933075 0.0000000 0.0141776 0.1317614 0.0699742 0.1219587 0.1325988 0.1081273 0.0109821 0.0895355 0.0932473 0.1336871 0.0746137 0.1465806 0.0695434 0.1089390 0.0696577 0.1292047 0.0240485 0.1207078 0.0095170 
Dasyuridae_Sarcophilus_harrisii              0.1004834 0.1153362 0.0861082 0.1354125 0.1329054 0.0090883 0.0919130 0.0802982 0.1229391 0.1352168 0.0589939 0.0145324 0.0252485 0.0793616 0.1038998 0.0141776 0.0000000 0.1369371 0.0762349 0.1413923 0.1295870 0.1078938 0.0210487 0.1053471 0.1027011 0.1458027 0.0811166 0.1546000 0.0833866 0.1263760 0.0775793 0.1359652 0.0145183 0.1262458 0.0074190 
Peramelidae_Echymipera_kalubu                0.1279298 0.1488115 0.1191031 0.1628545 0.1431696 0.1341542 0.1228814 0.1201483 0.1455975 0.0270225 0.0980675 0.1297454 0.1403999 0.1188166 0.1450553 0.1317614 0.1369371 0.0000000 0.0991990 0.1611638 0.1750388 0.1548787 0.1408473 0.1248662 0.1127202 0.1497702 0.1060434 0.1667978 0.1163438 0.1434139 0.1153060 0.0168669 0.1371296 0.0333607 0.1452731 
Macropodidae_Dorcopsulus_vanheurni           0.0392384 0.0882552 0.0493375 0.0322926 0.0223569 0.0782256 0.0371684 0.0327960 0.0171547 0.0986767 0.0354048 0.0722442 0.0812807 0.0332059 0.0558768 0.0699742 0.0762349 0.0991990 0.0000000 0.0822453 0.1026535 0.1153459 0.0745398 0.0260256 0.0839562 0.0802920 0.0079360 0.0895655 0.0473031 0.0644376 0.0328004 0.1017134 0.0789318 0.0962233 0.0900251 
Pseudochiridae_Pseudochirulus_forbesi        0.0900715 0.1460048 0.0812593 0.1378593 0.1316073 0.1425711 0.0859934 0.0732418 0.1237540 0.1718264 0.0679553 0.1284406 0.1405449 0.0737339 0.0942055 0.1219587 0.1413923 0.1611638 0.0822453 0.0000000 0.1686351 0.1467534 0.1372699 0.0979681 0.1331544 0.0565935 0.0888952 0.0508341 0.0540909 0.1071398 0.0741049 0.1682823 0.1532272 0.1556788 0.1270453 
Didelphidae_Didelphis_virginiana             0.1205476 0.1551619 0.1130317 0.1602949 0.1580710 0.1402189 0.1158092 0.1014005 0.1572587 0.1801392 0.0795332 0.1312350 0.1285584 0.1035751 0.1365569 0.1325988 0.1295870 0.1750388 0.1026535 0.1686351 0.0000000 0.0223379 0.1419814 0.1268686 0.1205750 0.1804269 0.1003961 0.1758326 0.1139527 0.1471731 0.1013231 0.1752835 0.1399423 0.1680842 0.1239194 
Marmosidae_Monodelphis_domestica             0.0926709 0.1301011 0.0893567 0.1625905 0.1387201 0.1112144 0.0936620 0.0788659 0.1339482 0.1448148 0.0808799 0.1060083 0.1120374 0.0807654 0.1096717 0.1081273 0.1078938 0.1548787 0.1153459 0.1467534 0.0223379 0.0000000 0.1115664 0.1025594 0.1257999 0.1331684 0.1201129 0.1522936 0.0874438 0.1238381 0.0795708 0.1449055 0.1135542 0.1414413 0.1138759 
Dasyuridae_Antechinus_stuartii               0.0925090 0.1130017 0.0860625 0.1327634 0.1232924 0.0220587 0.0885564 0.0766730 0.1136025 0.1388020 0.0606545 0.0109901 0.0283790 0.0778718 0.1004413 0.0109821 0.0210487 0.1408473 0.0745398 0.1372699 0.1419814 0.1115664 0.0000000 0.0977322 0.1019954 0.1416040 0.0793971 0.1537690 0.0790190 0.1184507 0.0748064 0.1385221 0.0302328 0.1189003 0.0112757 
Hypsiprymnodontidae_Hypsiprymnodon_moschatus 0.0562931 0.0966688 0.0644339 0.0733114 0.0665517 0.1042027 0.0472170 0.0485505 0.0534928 0.1194991 0.0361832 0.0900810 0.1052832 0.0497135 0.0780790 0.0895355 0.1053471 0.1248662 0.0260256 0.0979681 0.1268686 0.1025594 0.0977322 0.0000000 0.0844195 0.0899781 0.0291047 0.1180086 0.0730937 0.0763256 0.0492423 0.1203212 0.1050125 0.1177814 0.0795206 
Microbiotheriidae_Dromiciops_gliroides       0.0652388 0.1186664 0.0767488 0.1217450 0.1011173 0.1065294 0.0741829 0.0714287 0.0944188 0.1097946 0.0766149 0.0971129 0.1107302 0.0678752 0.0865541 0.0932473 0.1027011 0.1127202 0.0839562 0.1331544 0.1205750 0.1257999 0.1019954 0.0844195 0.0000000 0.1111749 0.0867854 0.1426053 0.0637100 0.0999430 0.0673947 0.1087504 0.1061062 0.1082268 0.1148677 
Pseudochiridae_Petauroides_volans            0.0968155 0.1311734 0.0940221 0.1478386 0.1284885 0.1461997 0.0802419 0.0815390 0.1159521 0.1343888 0.0584676 0.1357305 0.1407242 0.0802195 0.0959265 0.1336871 0.1458027 0.1497702 0.0802920 0.0565935 0.1804269 0.1331684 0.1416040 0.0899781 0.1111749 0.0000000 0.0872224 0.0729054 0.0576698 0.0944567 0.0787958 0.1403839 0.1483566 0.1216984 0.1150115 
Macropodidae_Wallabia_bicolor                0.0388095 0.0942046 0.0546247 0.0355437 0.0249059 0.0831892 0.0381947 0.0356330 0.0199596 0.1053342 0.0399626 0.0770047 0.0863734 0.0360474 0.0555336 0.0746137 0.0811166 0.1060434 0.0079360 0.0888952 0.1003961 0.1201129 0.0793971 0.0291047 0.0867854 0.0872224 0.0000000 0.0940388 0.0517809 0.0676036 0.0356379 0.1084308 0.0839070 0.1027915 0.0914168 
Pseudochiridae_Pseudocheirus_occidentalis    0.0933526 0.1559404 0.1048166 0.1690196 0.1359609 0.1627219 0.0889610 0.0963200 0.1407482 0.1600903 0.0689079 0.1487445 0.1556977 0.0953448 0.1178483 0.1465806 0.1546000 0.1667978 0.0895655 0.0508341 0.1758326 0.1522936 0.1537690 0.1180086 0.1426053 0.0729054 0.0940388 0.0000000 0.0734085 0.1165457 0.0957733 0.1621748 0.1470503 0.1640646 0.1339686 
Tarsipedidae_Tarsipes_rostratus              0.0451678 0.1036694 0.0544967 0.1107903 0.0987517 0.0858075 0.0471201 0.0432662 0.1055829 0.1159765 0.0320618 0.0653905 0.0811972 0.0456482 0.0482764 0.0695434 0.0833866 0.1163438 0.0473031 0.0540909 0.1139527 0.0874438 0.0790190 0.0730937 0.0637100 0.0576698 0.0517809 0.0734085 0.0000000 0.0568045 0.0449033 0.1227083 0.0947085 0.1001634 0.0451315 
Acrobatidae_Distoechurus_pennatus            0.0646157 0.1277648 0.0737524 0.1302152 0.1065549 0.1286246 0.0522041 0.0623749 0.1012514 0.1361849 0.0519609 0.1086892 0.1242545 0.0607335 0.0312181 0.1089390 0.1263760 0.1434139 0.0644376 0.1071398 0.1471731 0.1238381 0.1184507 0.0763256 0.0999430 0.0944567 0.0676036 0.1165457 0.0568045 0.0000000 0.0600638 0.1390985 0.1224010 0.1396793 0.1073083 
Phalangeridae_Phalanger_carmelitae           0.0415404 0.0895728 0.0359319 0.0774420 0.0742270 0.0786022 0.0174244 0.0058258 0.0632113 0.1093874 0.0057256 0.0682744 0.0799094 0.0018584 0.0506476 0.0696577 0.0775793 0.1153060 0.0328004 0.0741049 0.1013231 0.0795708 0.0748064 0.0492423 0.0673947 0.0787958 0.0356379 0.0957733 0.0449033 0.0600638 0.0000000 0.1124624 0.0895393 0.0993488 0.0555933 
Peramelidae_Peroryctes_raffrayana            0.1280500 0.1465760 0.1175240 0.1692163 0.1461954 0.1319023 0.1208578 0.1195697 0.1510341 0.0218034 0.0957718 0.1269778 0.1373491 0.1146970 0.1423961 0.1292047 0.1359652 0.0168669 0.1017134 0.1682823 0.1752835 0.1449055 0.1385221 0.1203212 0.1087504 0.1403839 0.1084308 0.1621748 0.1227083 0.1390985 0.1124624 0.0000000 0.1362034 0.0323011 0.1329380 
Dasyuridae_Dasyurus_geffroii                 0.0876942 0.1136507 0.0983322 0.1419681 0.1209990 0.0105326 0.0817059 0.0925526 0.1223177 0.1266995 0.0623934 0.0239811 0.0366112 0.0907878 0.1115764 0.0240485 0.0145183 0.1371296 0.0789318 0.1532272 0.1399423 0.1135542 0.0302328 0.1050125 0.1061062 0.1483566 0.0839070 0.1470503 0.0947085 0.1224010 0.0895393 0.1362034 0.0000000 0.1402385 0.0095027 
Peramelidae_Perameles_gunnii                 0.1186305 0.1433596 0.1095411 0.1579364 0.1452994 0.1282808 0.1117302 0.1041883 0.1385609 0.0117881 0.0924112 0.1190589 0.1317210 0.1027336 0.1335356 0.1207078 0.1262458 0.0333607 0.0962233 0.1556788 0.1680842 0.1414413 0.1189003 0.1177814 0.1082268 0.1216984 0.1027915 0.1640646 0.1001634 0.1396793 0.0993488 0.0323011 0.1402385 0.0000000 0.1346573 
Dasyuridae_Planigale_tenuirostris            0.0666623 0.0991685 0.0693248 0.1517757 0.1220100 0.0084542 0.0618086 0.0606053 0.1051042 0.1338747 0.0623009 0.0090162 0.0089766 0.0601387 0.0886191 0.0095170 0.0074190 0.1452731 0.0900251 0.1270453 0.1239194 0.1138759 0.0112757 0.0795206 0.1148677 0.1150115 0.0914168 0.1339686 0.0451315 0.1073083 0.0555933 0.1329380 0.0095027 0.1346573 0.0000000 
