37
Burramyidae_Burramys_parvus                  0.0000000 0.0804758 0.0466469 0.0804758 0.0343970 0.0304846 0.0316499 0.0486578 0.0243565 0.0297878 0.0331388 0.0552997 0.0300296 0.0516151 0.0430830 0.0295666 0.0800847 0.0519750 0.0472611 0.0399868 0.0517959 0.0333310 0.0333154 0.0558170 0.0564396 0.0439443 0.0303715 0.0423750 0.0356364 0.0329559 0.0326917 0.0611778 0.0372390 0.0255025 0.0509070 0.0485663 0.0535268 
Thylacomyidae_Macrotis_lagotis1              0.0804758 0.0000000 0.0974821 0.0000010 0.0771410 0.0965426 0.0989862 0.0712467 0.0810893 0.0833494 0.0967859 0.0512119 0.0786146 0.0668790 0.0617580 0.0782883 0.0763027 0.0639847 0.0739915 0.0648370 0.0719239 0.0941105 0.0847791 0.0737981 0.0862772 0.0641045 0.0895018 0.0705063 0.0870467 0.1016998 0.0819996 0.0652264 0.0669746 0.0805998 0.0779263 0.0736831 0.0512119 
Notoryctidae_Notoryctes_typhlops             0.0466469 0.0974821 0.0000000 0.0974821 0.0493439 0.0488728 0.0488558 0.0630729 0.0420999 0.0457692 0.0509850 0.0731311 0.0447629 0.0710590 0.0604518 0.0453855 0.0818365 0.0709340 0.0628644 0.0559497 0.0707294 0.0528996 0.0509839 0.0664449 0.0627335 0.0604505 0.0470030 0.0579019 0.0518046 0.0524960 0.0483244 0.0845059 0.0515355 0.0420483 0.0692217 0.0599686 0.0728858 
Thylacomyidae_Macrotis_lagotis2              0.0804758 0.0000010 0.0974821 0.0000000 0.0771410 0.0965426 0.0989862 0.0712467 0.0810893 0.0833494 0.0967859 0.0512119 0.0786146 0.0668790 0.0617580 0.0782883 0.0763027 0.0639847 0.0739915 0.0648370 0.0719239 0.0941105 0.0847791 0.0737981 0.0862772 0.0641045 0.0895018 0.0705063 0.0870467 0.1016998 0.0819996 0.0652264 0.0669746 0.0805998 0.0779263 0.0736831 0.0512119 
Vombatidae_Lasiorhinus_latifrons             0.0343970 0.0771410 0.0493439 0.0771410 0.0000000 0.0390289 0.0381264 0.0478902 0.0330085 0.0386952 0.0408677 0.0598713 0.0370560 0.0471552 0.0423561 0.0381041 0.0796202 0.0479377 0.0477283 0.0418418 0.0558236 0.0407692 0.0409855 0.0538995 0.0582255 0.0432050 0.0403150 0.0493652 0.0394445 0.0411354 0.0406404 0.0632099 0.0404345 0.0337837 0.0565042 0.0465857 0.0581261 
Potoroidae_Bettongia_penicillata             0.0304846 0.0965426 0.0488728 0.0965426 0.0390289 0.0000000 0.0034909 0.0493282 0.0276523 0.0335243 0.0070447 0.0624751 0.0311165 0.0522733 0.0449636 0.0317027 0.0770012 0.0533554 0.0495197 0.0442119 0.0571294 0.0120101 0.0333962 0.0580041 0.0569048 0.0450793 0.0182653 0.0461966 0.0360285 0.0119975 0.0313280 0.0645882 0.0387148 0.0283557 0.0569099 0.0492749 0.0608169 
Potoroidae_Bettongia_lesueur                 0.0316499 0.0989862 0.0488558 0.0989862 0.0381264 0.0034909 0.0000000 0.0499729 0.0293443 0.0349362 0.0078172 0.0631520 0.0322988 0.0526982 0.0455973 0.0328391 0.0777220 0.0537798 0.0507844 0.0438744 0.0594780 0.0126385 0.0325000 0.0582305 0.0568665 0.0457270 0.0198964 0.0467889 0.0356987 0.0126252 0.0302097 0.0646110 0.0384353 0.0294923 0.0576205 0.0492788 0.0614956 
Dasyuridae_Dasyurus_maculatus                0.0486578 0.0712467 0.0630729 0.0712467 0.0478902 0.0493282 0.0499729 0.0000000 0.0433142 0.0461952 0.0519241 0.0521537 0.0455225 0.0108348 0.0113281 0.0441327 0.0842967 0.0098703 0.0078514 0.0131045 0.0541094 0.0546011 0.0495279 0.0487155 0.0548044 0.0088152 0.0522301 0.0525230 0.0486773 0.0525238 0.0477291 0.0617678 0.0475805 0.0420323 0.0501971 0.0068050 0.0513013 
Phalangeridae_Trichosurus_vulpecula          0.0243565 0.0810893 0.0420999 0.0810893 0.0330085 0.0276523 0.0293443 0.0433142 0.0000000 0.0133817 0.0296801 0.0537286 0.0134171 0.0472719 0.0379188 0.0125762 0.0747118 0.0476511 0.0449740 0.0352772 0.0478111 0.0303954 0.0313497 0.0514149 0.0508591 0.0405276 0.0290710 0.0376612 0.0313158 0.0313435 0.0295930 0.0572745 0.0347114 0.0084834 0.0484182 0.0423383 0.0520123 
Phalangeridae_Spilocuscus_maculatus          0.0297878 0.0833494 0.0457692 0.0833494 0.0386952 0.0335243 0.0349362 0.0461952 0.0133817 0.0000000 0.0356190 0.0587704 0.0090334 0.0511429 0.0416618 0.0081245 0.0794277 0.0522282 0.0473171 0.0389344 0.0557849 0.0374815 0.0355535 0.0550117 0.0553606 0.0431294 0.0350409 0.0415549 0.0366617 0.0374070 0.0340509 0.0629760 0.0378149 0.0084649 0.0533905 0.0455276 0.0570615 
Potoroidae_Aepyprymnus_rufescens             0.0331388 0.0967859 0.0509850 0.0967859 0.0408677 0.0070447 0.0078172 0.0519241 0.0296801 0.0356190 0.0000000 0.0645350 0.0336024 0.0546876 0.0472199 0.0337744 0.0805237 0.0557650 0.0521275 0.0453163 0.0595851 0.0135849 0.0357661 0.0607467 0.0583253 0.0470409 0.0210251 0.0474811 0.0381577 0.0141894 0.0328332 0.0657889 0.0412050 0.0304193 0.0576502 0.0512502 0.0625125 
Peramelidae_Perameles_nasuta                 0.0552997 0.0512119 0.0731311 0.0512119 0.0598713 0.0624751 0.0631520 0.0521537 0.0537286 0.0587704 0.0645350 0.0000000 0.0567230 0.0545759 0.0457605 0.0566285 0.1016283 0.0539399 0.0521311 0.0501081 0.0252624 0.0680373 0.0591835 0.0615233 0.0648804 0.0486721 0.0651445 0.0553731 0.0555171 0.0674699 0.0582903 0.0626955 0.0593512 0.0525438 0.0235995 0.0510616 0.0005003 
Phalangeridae_Strigocuscus_pelengensis       0.0300296 0.0786146 0.0447629 0.0786146 0.0370560 0.0311165 0.0322988 0.0455225 0.0134171 0.0090334 0.0336024 0.0567230 0.0000000 0.0501333 0.0401903 0.0073862 0.0754851 0.0500499 0.0478561 0.0365330 0.0519958 0.0364560 0.0366757 0.0547915 0.0554633 0.0428254 0.0338712 0.0411034 0.0356763 0.0365078 0.0344153 0.0609797 0.0383110 0.0077648 0.0507985 0.0439453 0.0557308 
Dasyuridae_Phascogale_tapoatafa              0.0516151 0.0668790 0.0710590 0.0668790 0.0471552 0.0522733 0.0526982 0.0108348 0.0472719 0.0511429 0.0546876 0.0545759 0.0501333 0.0000000 0.0099398 0.0481680 0.1002308 0.0017619 0.0133202 0.0125534 0.0519004 0.0521245 0.0534185 0.0497319 0.0546572 0.0048393 0.0518672 0.0568347 0.0508219 0.0507960 0.0508024 0.0687425 0.0521796 0.0446276 0.0528175 0.0123517 0.0534324 
Dasyuridae_Sminthopsis_macroura              0.0430830 0.0617580 0.0604518 0.0617580 0.0423561 0.0449636 0.0455973 0.0113281 0.0379188 0.0416618 0.0472199 0.0457605 0.0401903 0.0099398 0.0000000 0.0399878 0.0848717 0.0087029 0.0137137 0.0085102 0.0448767 0.0490570 0.0470620 0.0465927 0.0516029 0.0080466 0.0471936 0.0470327 0.0449586 0.0470354 0.0458966 0.0574677 0.0443185 0.0363064 0.0437881 0.0126256 0.0447788 
Phalangeridae_Phalanger_orientalis           0.0295666 0.0782883 0.0453855 0.0782883 0.0381041 0.0317027 0.0328391 0.0441327 0.0125762 0.0081245 0.0337744 0.0566285 0.0073862 0.0481680 0.0399878 0.0000000 0.0786677 0.0486106 0.0458227 0.0372152 0.0526154 0.0362989 0.0340859 0.0543596 0.0553006 0.0413648 0.0343296 0.0402138 0.0343331 0.0362259 0.0325803 0.0610857 0.0368549 0.0061290 0.0513296 0.0425954 0.0551975 
Acrobatidae_Acrobates_pygmaeus               0.0800847 0.0763027 0.0818365 0.0763027 0.0796202 0.0770012 0.0777220 0.0842967 0.0747118 0.0794277 0.0805237 0.1016283 0.0754851 0.1002308 0.0848717 0.0786677 0.0000000 0.0994085 0.0848102 0.0820512 0.1107693 0.0919359 0.0806338 0.0955417 0.0990101 0.0837488 0.0821513 0.0896719 0.0795653 0.0893245 0.0750469 0.1066660 0.0664578 0.0758816 0.0991249 0.0846998 0.1003707 
Dasyuridae_Phascogale_calura                 0.0519750 0.0639847 0.0709340 0.0639847 0.0479377 0.0533554 0.0537798 0.0098703 0.0476511 0.0522282 0.0557650 0.0539399 0.0500499 0.0017619 0.0087029 0.0486106 0.0994085 0.0000000 0.0126575 0.0115227 0.0516078 0.0532110 0.0541765 0.0482905 0.0535753 0.0039194 0.0529502 0.0564125 0.0523121 0.0511576 0.0522916 0.0679551 0.0532672 0.0457437 0.0517598 0.0119760 0.0526433 
Dasyuridae_Sarcophilus_harrisii              0.0472611 0.0739915 0.0628644 0.0739915 0.0477283 0.0495197 0.0507844 0.0078514 0.0449740 0.0473171 0.0521275 0.0521311 0.0478561 0.0133202 0.0137137 0.0458227 0.0848102 0.0126575 0.0000000 0.0148237 0.0541542 0.0548393 0.0500932 0.0504393 0.0536716 0.0112058 0.0515031 0.0514210 0.0498261 0.0527510 0.0476374 0.0639279 0.0467647 0.0424853 0.0509044 0.0099016 0.0512104 
Dasyuridae_Planigale_tenuirostris            0.0399868 0.0648370 0.0559497 0.0648370 0.0418418 0.0442119 0.0438744 0.0131045 0.0352772 0.0389344 0.0453163 0.0501081 0.0365330 0.0125534 0.0085102 0.0372152 0.0820512 0.0115227 0.0148237 0.0000000 0.0497392 0.0469250 0.0453492 0.0483950 0.0519301 0.0103163 0.0445629 0.0429802 0.0444393 0.0464317 0.0421327 0.0575288 0.0413590 0.0333527 0.0475714 0.0145133 0.0490017 
Peramelidae_Echymipera_kalubu                0.0517959 0.0719239 0.0707294 0.0719239 0.0558236 0.0571294 0.0594780 0.0541094 0.0478111 0.0557849 0.0595851 0.0252624 0.0519958 0.0519004 0.0448767 0.0526154 0.1107693 0.0516078 0.0541542 0.0497392 0.0000000 0.0572170 0.0591163 0.0557520 0.0617513 0.0492333 0.0557515 0.0570091 0.0499425 0.0566928 0.0561988 0.0680327 0.0580397 0.0470681 0.0152557 0.0546935 0.0248863 
Macropodidae_Dorcopsulus_vanheurni           0.0333310 0.0941105 0.0528996 0.0941105 0.0407692 0.0120101 0.0126385 0.0546011 0.0303954 0.0374815 0.0135849 0.0680373 0.0364560 0.0521245 0.0490570 0.0362989 0.0919359 0.0532110 0.0548393 0.0469250 0.0572170 0.0000000 0.0365457 0.0592946 0.0614668 0.0490510 0.0174654 0.0507181 0.0375728 0.0065400 0.0330387 0.0709309 0.0415369 0.0305590 0.0631755 0.0534085 0.0663019 
Pseudochiridae_Pseudochirulus_forbesi        0.0333154 0.0847791 0.0509839 0.0847791 0.0409855 0.0333962 0.0325000 0.0495279 0.0313497 0.0355535 0.0357661 0.0591835 0.0366757 0.0534185 0.0470620 0.0340859 0.0806338 0.0541765 0.0500932 0.0453492 0.0591163 0.0365457 0.0000000 0.0593354 0.0595679 0.0483985 0.0345062 0.0472959 0.0234673 0.0378870 0.0096631 0.0554147 0.0373395 0.0315338 0.0573991 0.0497690 0.0574556 
Didelphidae_Didelphis_virginiana             0.0558170 0.0737981 0.0664449 0.0737981 0.0538995 0.0580041 0.0582305 0.0487155 0.0514149 0.0550117 0.0607467 0.0615233 0.0547915 0.0497319 0.0465927 0.0543596 0.0955417 0.0482905 0.0504393 0.0483950 0.0557520 0.0592946 0.0593354 0.0000000 0.0196239 0.0467829 0.0615308 0.0630541 0.0590268 0.0573922 0.0570907 0.0760704 0.0582723 0.0520457 0.0589819 0.0476963 0.0597469 
Marmosidae_Monodelphis_domestica             0.0564396 0.0862772 0.0627335 0.0862772 0.0582255 0.0569048 0.0568665 0.0548044 0.0508591 0.0553606 0.0583253 0.0648804 0.0554633 0.0546572 0.0516029 0.0553006 0.0990101 0.0535753 0.0536716 0.0519301 0.0617513 0.0614668 0.0595679 0.0196239 0.0000000 0.0510073 0.0612910 0.0657547 0.0605829 0.0603754 0.0564025 0.0789031 0.0599446 0.0518072 0.0632985 0.0527942 0.0631562 
Dasyuridae_Antechinus_stuartii               0.0439443 0.0641045 0.0604505 0.0641045 0.0432050 0.0450793 0.0457270 0.0088152 0.0405276 0.0431294 0.0470409 0.0486721 0.0428254 0.0048393 0.0080466 0.0413648 0.0837488 0.0039194 0.0112058 0.0103163 0.0492333 0.0490510 0.0483985 0.0467829 0.0510073 0.0000000 0.0469177 0.0485102 0.0461892 0.0473868 0.0471680 0.0602274 0.0455813 0.0382775 0.0463011 0.0106518 0.0476548 
Hypsiprymnodontidae_Hypsiprymnodon_moschatus 0.0303715 0.0895018 0.0470030 0.0895018 0.0403150 0.0182653 0.0198964 0.0522301 0.0290710 0.0350409 0.0210251 0.0651445 0.0338712 0.0518672 0.0471936 0.0343296 0.0821513 0.0529502 0.0515031 0.0445629 0.0557515 0.0174654 0.0345062 0.0615308 0.0612910 0.0469177 0.0000000 0.0480833 0.0369265 0.0193481 0.0330088 0.0659274 0.0393219 0.0294793 0.0595588 0.0502842 0.0634794 
Microbiotheriidae_Dromiciops_gliroides       0.0423750 0.0705063 0.0579019 0.0705063 0.0493652 0.0461966 0.0467889 0.0525230 0.0376612 0.0415549 0.0474811 0.0553731 0.0411034 0.0568347 0.0470327 0.0402138 0.0896719 0.0564125 0.0514210 0.0429802 0.0570091 0.0507181 0.0472959 0.0630541 0.0657547 0.0485102 0.0480833 0.0000000 0.0434543 0.0512163 0.0451525 0.0631144 0.0486587 0.0373226 0.0530830 0.0511537 0.0537998 
Pseudochiridae_Petauroides_volans            0.0356364 0.0870467 0.0518046 0.0870467 0.0394445 0.0360285 0.0356987 0.0486773 0.0313158 0.0366617 0.0381577 0.0555171 0.0356763 0.0508219 0.0449586 0.0343331 0.0795653 0.0523121 0.0498261 0.0444393 0.0499425 0.0375728 0.0234673 0.0590268 0.0605829 0.0461892 0.0369265 0.0434543 0.0000000 0.0375649 0.0215127 0.0510331 0.0351873 0.0303619 0.0515641 0.0464435 0.0537898 
Macropodidae_Wallabia_bicolor                0.0329559 0.1016998 0.0524960 0.1016998 0.0411354 0.0119975 0.0126252 0.0525238 0.0313435 0.0374070 0.0141894 0.0674699 0.0365078 0.0507960 0.0470354 0.0362259 0.0893245 0.0511576 0.0527510 0.0464317 0.0566928 0.0065400 0.0378870 0.0573922 0.0603754 0.0473868 0.0193481 0.0512163 0.0375649 0.0000000 0.0343648 0.0723140 0.0414923 0.0304970 0.0605936 0.0506193 0.0654143 
Pseudochiridae_Pseudocheirus_occidentalis    0.0326917 0.0819996 0.0483244 0.0819996 0.0406404 0.0313280 0.0302097 0.0477291 0.0295930 0.0340509 0.0328332 0.0582903 0.0344153 0.0508024 0.0458966 0.0325803 0.0750469 0.0522916 0.0476374 0.0421327 0.0561988 0.0330387 0.0096631 0.0570907 0.0564025 0.0471680 0.0330088 0.0451525 0.0215127 0.0343648 0.0000000 0.0557074 0.0352434 0.0297512 0.0555519 0.0473587 0.0565666 
Tarsipedidae_Tarsipes_rostratus              0.0611778 0.0652264 0.0845059 0.0652264 0.0632099 0.0645882 0.0646110 0.0617678 0.0572745 0.0629760 0.0657889 0.0626955 0.0609797 0.0687425 0.0574677 0.0610857 0.1066660 0.0679551 0.0639279 0.0575288 0.0680327 0.0709309 0.0554147 0.0760704 0.0789031 0.0602274 0.0659274 0.0631144 0.0510331 0.0723140 0.0557074 0.0000000 0.0560292 0.0575336 0.0607211 0.0614671 0.0609647 
Acrobatidae_Distoechurus_pennatus            0.0372390 0.0669746 0.0515355 0.0669746 0.0404345 0.0387148 0.0384353 0.0475805 0.0347114 0.0378149 0.0412050 0.0593512 0.0383110 0.0521796 0.0443185 0.0368549 0.0664578 0.0532672 0.0467647 0.0413590 0.0580397 0.0415369 0.0373395 0.0582723 0.0599446 0.0455813 0.0393219 0.0486587 0.0351873 0.0414923 0.0352434 0.0560292 0.0000000 0.0325452 0.0545363 0.0462611 0.0576367 
Phalangeridae_Phalanger_carmelitae           0.0255025 0.0805998 0.0420483 0.0805998 0.0337837 0.0283557 0.0294923 0.0420323 0.0084834 0.0084649 0.0304193 0.0525438 0.0077648 0.0446276 0.0363064 0.0061290 0.0758816 0.0457437 0.0424853 0.0333527 0.0470681 0.0305590 0.0315338 0.0520457 0.0518072 0.0382775 0.0294793 0.0373226 0.0303619 0.0304970 0.0297512 0.0575336 0.0325452 0.0000000 0.0478243 0.0404561 0.0508035 
Peramelidae_Peroryctes_raffrayana            0.0509070 0.0779263 0.0692217 0.0779263 0.0565042 0.0569099 0.0576205 0.0501971 0.0484182 0.0533905 0.0576502 0.0235995 0.0507985 0.0528175 0.0437881 0.0513296 0.0991249 0.0517598 0.0509044 0.0475714 0.0152557 0.0631755 0.0573991 0.0589819 0.0632985 0.0463011 0.0595588 0.0530830 0.0515641 0.0605936 0.0555519 0.0607211 0.0545363 0.0478243 0.0000000 0.0494175 0.0231178 
Dasyuridae_Dasyurus_geffroii                 0.0485663 0.0736831 0.0599686 0.0736831 0.0465857 0.0492749 0.0492788 0.0068050 0.0423383 0.0455276 0.0512502 0.0510616 0.0439453 0.0123517 0.0126256 0.0425954 0.0846998 0.0119760 0.0099016 0.0145133 0.0546935 0.0534085 0.0497690 0.0476963 0.0527942 0.0106518 0.0502842 0.0511537 0.0464435 0.0506193 0.0473587 0.0614671 0.0462611 0.0404561 0.0494175 0.0000000 0.0499485 
Peramelidae_Perameles_gunnii                 0.0535268 0.0512119 0.0728858 0.0512119 0.0581261 0.0608169 0.0614956 0.0513013 0.0520123 0.0570615 0.0625125 0.0005003 0.0557308 0.0534324 0.0447788 0.0551975 0.1003707 0.0526433 0.0512104 0.0490017 0.0248863 0.0663019 0.0574556 0.0597469 0.0631562 0.0476548 0.0634794 0.0537998 0.0537898 0.0654143 0.0565666 0.0609647 0.0576367 0.0508035 0.0231178 0.0499485 0.0000000 
