37
Burramyidae_Burramys_parvus                  0.0000000 0.0990969 0.0855738 0.1025633 0.1064328 0.1391285 0.0713905 0.0804108 0.1038401 0.1473728 0.1409986 0.0834817 0.1519711 0.1596475 0.0777088 0.0934525 0.1497235 0.1433598 0.1515970 0.1002076 0.0969795 0.1344978 0.1581073 0.1488346 0.1085113 0.1170348 0.0997629 0.0956421 0.0996300 0.1468281 0.0940194 0.1409986 0.0782050 0.1560061 0.1382065 0.1476311 0.1556854 
Notoryctidae_Notoryctes_typhlops             0.0990969 0.0000000 0.0890936 0.1023618 0.1104866 0.1284153 0.0789027 0.0850918 0.0988012 0.1497248 0.1595547 0.0865135 0.1411519 0.1516807 0.0856652 0.0846251 0.1372827 0.1296948 0.1527931 0.0965919 0.0914182 0.1477596 0.1745590 0.1353452 0.1072583 0.1090571 0.0954585 0.0894949 0.0861376 0.1278323 0.0896112 0.1595547 0.0866940 0.1533672 0.1303179 0.1473380 0.1334393 
Vombatidae_Lasiorhinus_latifrons             0.0855738 0.0890936 0.0000000 0.0998381 0.1045402 0.1320989 0.0762552 0.0827976 0.1018475 0.1414068 0.1904562 0.0835549 0.1386559 0.1534985 0.0791897 0.0847751 0.1335254 0.1308345 0.1488082 0.0986487 0.0892339 0.1352133 0.1507337 0.1308768 0.1025120 0.1121264 0.0853943 0.0913217 0.0858659 0.1324946 0.0829027 0.1904562 0.0787713 0.1508561 0.1324507 0.1435522 0.1350999 
Potoroidae_Bettongia_penicillata             0.1025633 0.1023618 0.0998381 0.0000000 0.0095061 0.1430482 0.0908874 0.1034513 0.0224825 0.1551988 0.1837384 0.1004478 0.1519135 0.1577406 0.1001115 0.0973091 0.1493565 0.1447516 0.1591535 0.0411045 0.1026894 0.1437228 0.1547754 0.1474468 0.0788001 0.1316415 0.1116017 0.0357288 0.1073644 0.1491160 0.0996926 0.1837384 0.0989149 0.1592914 0.1450203 0.1544691 0.1531452 
Potoroidae_Bettongia_lesueur                 0.1064328 0.1104866 0.1045402 0.0095061 0.0000000 0.1465234 0.0952747 0.1080375 0.0242841 0.1624938 0.1791232 0.1034120 0.1555261 0.1614530 0.1038527 0.1027602 0.1518731 0.1472764 0.1629435 0.0437527 0.1063574 0.1444860 0.1562599 0.1494531 0.0800773 0.1350532 0.1133041 0.0394485 0.1115483 0.1535384 0.1063199 0.1791232 0.1035108 0.1640786 0.1485203 0.1617707 0.1565336 
Dasyuridae_Dasyurus_maculatus                0.1391285 0.1284153 0.1320989 0.1430482 0.1465234 0.0000000 0.1197572 0.1271447 0.1428895 0.1594801 0.0599268 0.1244588 0.0297787 0.0470333 0.1244643 0.1332071 0.0274770 0.0183160 0.1610644 0.1427413 0.1301186 0.1535858 0.1636336 0.0276562 0.1534933 0.1427178 0.1450023 0.1398691 0.1370274 0.1757562 0.1335414 0.0599268 0.1236160 0.1670777 0.0113931 0.1560675 0.0375226 
Phalangeridae_Trichosurus_vulpecula          0.0713905 0.0789027 0.0762552 0.0908874 0.0952747 0.1197572 0.0000000 0.0259438 0.0921345 0.1308728 0.1536374 0.0278904 0.1283303 0.1379648 0.0240795 0.0846187 0.1246830 0.1212555 0.1354765 0.0826016 0.0838227 0.1327139 0.1430930 0.1220390 0.0972188 0.1091279 0.0879043 0.0787591 0.0835767 0.1289693 0.0831115 0.1536374 0.0237535 0.1357349 0.1200088 0.1322343 0.1272978 
Phalangeridae_Spilocuscus_maculatus          0.0804108 0.0850918 0.0827976 0.1034513 0.1080375 0.1271447 0.0259438 0.0000000 0.1039900 0.1385924 0.1678966 0.0199241 0.1375099 0.1478531 0.0153259 0.0898619 0.1349550 0.1297575 0.1447585 0.0954330 0.0897596 0.1321497 0.1481406 0.1314000 0.1066551 0.1207992 0.0984440 0.0898011 0.0927161 0.1406473 0.0875493 0.1678966 0.0160211 0.1463494 0.1274135 0.1399981 0.1386840 
Potoroidae_Aepyprymnus_rufescens             0.1038401 0.0988012 0.1018475 0.0224825 0.0242841 0.1428895 0.0921345 0.1039900 0.0000000 0.1538293 0.1735249 0.1008929 0.1557763 0.1609595 0.1010624 0.0994708 0.1533321 0.1451749 0.1607225 0.0415175 0.1038120 0.1431722 0.1554842 0.1512298 0.0774004 0.1327379 0.1150770 0.0365885 0.1049496 0.1465845 0.1001951 0.1735249 0.1007496 0.1579790 0.1448653 0.1511171 0.1579398 
Peramelidae_Perameles_nasuta                 0.1473728 0.1497248 0.1414068 0.1551988 0.1624938 0.1594801 0.1308728 0.1385924 0.1538293 0.0000000 0.1766887 0.1414125 0.1597995 0.1738815 0.1355714 0.1504439 0.1597536 0.1581264 0.0279990 0.1552489 0.1435924 0.1656851 0.1940544 0.1559766 0.1613401 0.1533721 0.1506802 0.1487853 0.1494385 0.1888006 0.1440572 0.1766887 0.1365936 0.0323718 0.1584594 0.0036646 0.1664351 
Myrmecobiidae_Myrmecobius_fasciatus1         0.1409986 0.1595547 0.1904562 0.1837384 0.1791232 0.0599268 0.1536374 0.1678966 0.1735249 0.1766887 0.0000000 0.0925589 0.0741819 0.0435730 0.1469360 0.1898865 0.0579323 0.0533682 0.1610931 0.1691213 0.2028474 0.1330086 0.1626992 0.0391533 0.1444795 0.1157172 0.2142111 0.1534340 0.1753760 0.1807207 0.1604116 0.0000010 0.1667283 0.2507626 0.0682415 0.1634899 9.0000000 
Phalangeridae_Strigocuscus_pelengensis       0.0834817 0.0865135 0.0835549 0.1004478 0.1034120 0.1244588 0.0278904 0.0199241 0.1008929 0.1414125 0.0925589 0.0000000 0.1333648 0.1462634 0.0149260 0.0942125 0.1326806 0.1294336 0.1443879 0.0916516 0.0891517 0.1378828 0.1468040 0.1325026 0.1009428 0.1206872 0.0965829 0.0856949 0.0917529 0.1391013 0.0897936 0.0925589 0.0149347 0.1469007 0.1263756 0.1422499 0.1395855 
Dasyuridae_Phascogale_tapoatafa              0.1519711 0.1411519 0.1386559 0.1519135 0.1555261 0.0297787 0.1283303 0.1375099 0.1557763 0.1597995 0.0741819 0.1333648 0.0000000 0.0458639 0.1356869 0.1407720 0.0067946 0.0308871 0.1620462 0.1554268 0.1381680 0.1631747 0.1729468 0.0144176 0.1586434 0.1442644 0.1474474 0.1523271 0.1422915 0.1842333 0.1418944 0.0741819 0.1338751 0.1670977 0.0325330 0.1573453 0.0288390 
Dasyuridae_Sminthopsis_macroura              0.1596475 0.1516807 0.1534985 0.1577406 0.1614530 0.0470333 0.1379648 0.1478531 0.1609595 0.1738815 0.0435730 0.1462634 0.0458639 0.0000000 0.1465406 0.1537079 0.0443815 0.0489488 0.1754678 0.1590059 0.1510438 0.1870487 0.1876507 0.0449055 0.1697729 0.1585999 0.1569898 0.1556135 0.1592562 0.1935443 0.1522785 0.0435730 0.1456051 0.1852511 0.0519993 0.1720439 0.0414843 
Phalangeridae_Phalanger_orientalis           0.0777088 0.0856652 0.0791897 0.1001115 0.1038527 0.1244643 0.0240795 0.0153259 0.1010624 0.1355714 0.1469360 0.0149260 0.1356869 0.1465406 0.0000000 0.0883938 0.1331963 0.1280427 0.1410837 0.0895903 0.0882101 0.1338609 0.1446567 0.1290748 0.1017239 0.1142960 0.0928394 0.0865483 0.0879473 0.1365329 0.0846497 0.1469360 0.0042300 0.1436309 0.1256609 0.1378890 0.1374553 
Acrobatidae_Acrobates_pygmaeus               0.0934525 0.0846251 0.0847751 0.0973091 0.1027602 0.1332071 0.0846187 0.0898619 0.0994708 0.1504439 0.1898865 0.0942125 0.1407720 0.1537079 0.0883938 0.0000000 0.1375612 0.1353412 0.1554451 0.0990237 0.0765860 0.1401587 0.1529790 0.1354455 0.1050857 0.1138534 0.0822705 0.0914064 0.0732544 0.1222047 0.0435069 0.1898865 0.0882883 0.1543593 0.1332961 0.1476626 0.1393814 
Dasyuridae_Phascogale_calura                 0.1497235 0.1372827 0.1335254 0.1493565 0.1518731 0.0274770 0.1246830 0.1349550 0.1533321 0.1597536 0.0579323 0.1326806 0.0067946 0.0443815 0.1331963 0.1375612 0.0000000 0.0279370 0.1583266 0.1514746 0.1349503 0.1614548 0.1666844 0.0122530 0.1550644 0.1410416 0.1437562 0.1477531 0.1379396 0.1806071 0.1400549 0.0579323 0.1312534 0.1633413 0.0302254 0.1575947 0.0288149 
Dasyuridae_Sarcophilus_harrisii              0.1433598 0.1296948 0.1308345 0.1447516 0.1472764 0.0183160 0.1212555 0.1297575 0.1451749 0.1581264 0.0533682 0.1294336 0.0308871 0.0489488 0.1280427 0.1353412 0.0279370 0.0000000 0.1587813 0.1463476 0.1295475 0.1566502 0.1601294 0.0284524 0.1577654 0.1436296 0.1444605 0.1443816 0.1343736 0.1766946 0.1353283 0.0533682 0.1271743 0.1623416 0.0183038 0.1558213 0.0405022 
Peramelidae_Echymipera_kalubu                0.1515970 0.1527931 0.1488082 0.1591535 0.1629435 0.1610644 0.1354765 0.1447585 0.1607225 0.0279990 0.1610931 0.1443879 0.1620462 0.1754678 0.1410837 0.1554451 0.1583266 0.1587813 0.0000000 0.1608882 0.1479798 0.1756558 0.2051452 0.1579755 0.1608874 0.1559444 0.1542014 0.1537478 0.1533854 0.1946797 0.1488837 0.1610931 0.1422523 0.0295634 0.1595331 0.0280505 0.1694843 
Macropodidae_Dorcopsulus_vanheurni           0.1002076 0.0965919 0.0986487 0.0411045 0.0437527 0.1427413 0.0826016 0.0954330 0.0415175 0.1552489 0.1691213 0.0916516 0.1554268 0.1590059 0.0895903 0.0990237 0.1514746 0.1463476 0.1608882 0.0000000 0.1004252 0.1351280 0.1494205 0.1480773 0.0742720 0.1282337 0.1084100 0.0180889 0.1008421 0.1466266 0.1027229 0.1691213 0.0899899 0.1578857 0.1436269 0.1568602 0.1559549 
Pseudochiridae_Pseudochirulus_forbesi        0.0969795 0.0914182 0.0892339 0.1026894 0.1063574 0.1301186 0.0838227 0.0897596 0.1038120 0.1435924 0.2028474 0.0891517 0.1381680 0.1510438 0.0882101 0.0765860 0.1349503 0.1295475 0.1479798 0.1004252 0.0000000 0.1320584 0.1502587 0.1301530 0.1059368 0.1158623 0.0511798 0.0957706 0.0257716 0.1097740 0.0761278 0.2028474 0.0878475 0.1482124 0.1295595 0.1423585 0.1354595 
Didelphidae_Didelphis_virginiana             0.1344978 0.1477596 0.1352133 0.1437228 0.1444860 0.1535858 0.1327139 0.1321497 0.1431722 0.1656851 0.1330086 0.1378828 0.1631747 0.1870487 0.1338609 0.1401587 0.1614548 0.1566502 0.1756558 0.1351280 0.1320584 0.0000000 0.0517690 0.1592507 0.1487258 0.1281423 0.1364644 0.1359116 0.1442512 0.1412951 0.1377818 0.1330086 0.1348283 0.1804576 0.1539652 0.1661850 0.1719732 
Marmosidae_Monodelphis_domestica             0.1581073 0.1745590 0.1507337 0.1547754 0.1562599 0.1636336 0.1430930 0.1481406 0.1554842 0.1940544 0.1626992 0.1468040 0.1729468 0.1876507 0.1446567 0.1529790 0.1666844 0.1601294 0.2051452 0.1494205 0.1502587 0.0517690 0.0000000 0.1661571 0.1639558 0.1528378 0.1606595 0.1492192 0.1609395 0.1616778 0.1553437 0.1626992 0.1435694 0.2027638 0.1624346 0.1939779 0.1785043 
Dasyuridae_Antechinus_stuartii               0.1488346 0.1353452 0.1308768 0.1474468 0.1494531 0.0276562 0.1220390 0.1314000 0.1512298 0.1559766 0.0391533 0.1325026 0.0144176 0.0449055 0.1290748 0.1354455 0.0122530 0.0284524 0.1579755 0.1480773 0.1301530 0.1592507 0.1661571 0.0000000 0.1522382 0.1431373 0.1381919 0.1460898 0.1335828 0.1767218 0.1377723 0.0391533 0.1293388 0.1608318 0.0303569 0.1546579 0.0302174 
Hypsiprymnodontidae_Hypsiprymnodon_moschatus 0.1085113 0.1072583 0.1025120 0.0788001 0.0800773 0.1534933 0.0972188 0.1066551 0.0774004 0.1613401 0.1444795 0.1009428 0.1586434 0.1697729 0.1017239 0.1050857 0.1550644 0.1577654 0.1608874 0.0742720 0.1059368 0.1487258 0.1639558 0.1522382 0.0000000 0.1305584 0.1146979 0.0708324 0.1121180 0.1522697 0.1046740 0.1444795 0.1018116 0.1642531 0.1552543 0.1600385 0.1626656 
Microbiotheriidae_Dromiciops_gliroides       0.1170348 0.1090571 0.1121264 0.1316415 0.1350532 0.1427178 0.1091279 0.1207992 0.1327379 0.1533721 0.1157172 0.1206872 0.1442644 0.1585999 0.1142960 0.1138534 0.1410416 0.1436296 0.1559444 0.1282337 0.1158623 0.1281423 0.1528378 0.1431373 0.1305584 0.0000000 0.1190919 0.1212954 0.1179263 0.1616286 0.1138332 0.1157172 0.1135914 0.1657710 0.1423408 0.1536641 0.1475554 
Pseudochiridae_Petauroides_volans            0.0997629 0.0954585 0.0853943 0.1116017 0.1133041 0.1450023 0.0879043 0.0984440 0.1150770 0.1506802 0.2142111 0.0965829 0.1474474 0.1569898 0.0928394 0.0822705 0.1437562 0.1444605 0.1542014 0.1084100 0.0511798 0.1364644 0.1606595 0.1381919 0.1146979 0.1190919 0.0000000 0.1042869 0.0468579 0.1146252 0.0763816 0.2142111 0.0919433 0.1561042 0.1419731 0.1504249 0.1411203 
Macropodidae_Wallabia_bicolor                0.0956421 0.0894949 0.0913217 0.0357288 0.0394485 0.1398691 0.0787591 0.0898011 0.0365885 0.1487853 0.1534340 0.0856949 0.1523271 0.1556135 0.0865483 0.0914064 0.1477531 0.1443816 0.1537478 0.0180889 0.0957706 0.1359116 0.1492192 0.1460898 0.0708324 0.1212954 0.1042869 0.0000000 0.0989769 0.1411475 0.0959694 0.1534340 0.0852988 0.1529145 0.1403660 0.1471455 0.1517194 
Pseudochiridae_Pseudocheirus_occidentalis    0.0996300 0.0861376 0.0858659 0.1073644 0.1115483 0.1370274 0.0835767 0.0927161 0.1049496 0.1494385 0.1753760 0.0917529 0.1422915 0.1592562 0.0879473 0.0732544 0.1379396 0.1343736 0.1533854 0.1008421 0.0257716 0.1442512 0.1609395 0.1335828 0.1121180 0.1179263 0.0468579 0.0989769 0.0000000 0.1123777 0.0748239 0.1753760 0.0889078 0.1492917 0.1360226 0.1491703 0.1401391 
Tarsipedidae_Tarsipes_rostratus              0.1468281 0.1278323 0.1324946 0.1491160 0.1535384 0.1757562 0.1289693 0.1406473 0.1465845 0.1888006 0.1807207 0.1391013 0.1842333 0.1935443 0.1365329 0.1222047 0.1806071 0.1766946 0.1946797 0.1466266 0.1097740 0.1412951 0.1616778 0.1767218 0.1522697 0.1616286 0.1146252 0.1411475 0.1123777 0.0000000 0.1214946 0.1807207 0.1356815 0.2043319 0.1750042 0.1894098 0.1898004 
Acrobatidae_Distoechurus_pennatus            0.0940194 0.0896112 0.0829027 0.0996926 0.1063199 0.1335414 0.0831115 0.0875493 0.1001951 0.1440572 0.1604116 0.0897936 0.1418944 0.1522785 0.0846497 0.0435069 0.1400549 0.1353283 0.1488837 0.1027229 0.0761278 0.1377818 0.1553437 0.1377723 0.1046740 0.1138332 0.0763816 0.0959694 0.0748239 0.1214946 0.0000000 0.1604116 0.0841542 0.1485926 0.1344990 0.1419587 0.1444554 
Myrmecobiidae_Myrmecobius_fasciatus2         0.1409986 0.1595547 0.1904562 0.1837384 0.1791232 0.0599268 0.1536374 0.1678966 0.1735249 0.1766887 0.0000010 0.0925589 0.0741819 0.0435730 0.1469360 0.1898865 0.0579323 0.0533682 0.1610931 0.1691213 0.2028474 0.1330086 0.1626992 0.0391533 0.1444795 0.1157172 0.2142111 0.1534340 0.1753760 0.1807207 0.1604116 0.0000000 0.1667283 0.2507626 0.0682415 0.1634899 9.0000000 
Phalangeridae_Phalanger_carmelitae           0.0782050 0.0866940 0.0787713 0.0989149 0.1035108 0.1236160 0.0237535 0.0160211 0.1007496 0.1365936 0.1667283 0.0149347 0.1338751 0.1456051 0.0042300 0.0882883 0.1312534 0.1271743 0.1422523 0.0899899 0.0878475 0.1348283 0.1435694 0.1293388 0.1018116 0.1135914 0.0919433 0.0852988 0.0889078 0.1356815 0.0841542 0.1667283 0.0000000 0.1451988 0.1248098 0.1379886 0.1372417 
Peramelidae_Peroryctes_raffrayana            0.1560061 0.1533672 0.1508561 0.1592914 0.1640786 0.1670777 0.1357349 0.1463494 0.1579790 0.0323718 0.2507626 0.1469007 0.1670977 0.1852511 0.1436309 0.1543593 0.1633413 0.1623416 0.0295634 0.1578857 0.1482124 0.1804576 0.2027638 0.1608318 0.1642531 0.1657710 0.1561042 0.1529145 0.1492917 0.2043319 0.1485926 0.2507626 0.1451988 0.0000000 0.1677649 0.0310438 0.1623213 
Dasyuridae_Dasyurus_geffroii                 0.1382065 0.1303179 0.1324507 0.1450203 0.1485203 0.0113931 0.1200088 0.1274135 0.1448653 0.1584594 0.0682415 0.1263756 0.0325330 0.0519993 0.1256609 0.1332961 0.0302254 0.0183038 0.1595331 0.1436269 0.1295595 0.1539652 0.1624346 0.0303569 0.1552543 0.1423408 0.1419731 0.1403660 0.1360226 0.1750042 0.1344990 0.0682415 0.1248098 0.1677649 0.0000000 0.1559651 0.0409215 
Peramelidae_Perameles_gunnii                 0.1476311 0.1473380 0.1435522 0.1544691 0.1617707 0.1560675 0.1322343 0.1399981 0.1511171 0.0036646 0.1634899 0.1422499 0.1573453 0.1720439 0.1378890 0.1476626 0.1575947 0.1558213 0.0280505 0.1568602 0.1423585 0.1661850 0.1939779 0.1546579 0.1600385 0.1536641 0.1504249 0.1471455 0.1491703 0.1894098 0.1419587 0.1634899 0.1379886 0.0310438 0.1559651 0.0000000 0.1660845 
Dasyuridae_Planigale_tenuirostris            0.1556854 0.1334393 0.1350999 0.1531452 0.1565336 0.0375226 0.1272978 0.1386840 0.1579398 0.1664351 9.0000000 0.1395855 0.0288390 0.0414843 0.1374553 0.1393814 0.0288149 0.0405022 0.1694843 0.1559549 0.1354595 0.1719732 0.1785043 0.0302174 0.1626656 0.1475554 0.1411203 0.1517194 0.1401391 0.1898004 0.1444554 9.0000000 0.1372417 0.1623213 0.0409215 0.1660845 0.0000000 
