35
Burramyidae_Burramys_parvus                  0.0000000 0.0834686 0.0339670 0.0482228 0.0485384 0.1012054 0.0621180 0.0683900 0.0774978 0.0860393 0.0621901 0.0841193 0.0852071 0.0560682 0.1011113 0.0908888 0.0603187 0.0194749 0.0379133 0.0742912 0.0106929 0.0285880 0.0395345 0.0489688 0.0638918 0.0550134 0.0511241 0.0785772 0.0726668 0.0492538 0.0558643 0.0732739 0.0113621 0.0984284 0.0644269 
Notoryctidae_Notoryctes_typhlops             0.0834686 0.0000000 0.0835867 0.0876154 0.0864479 0.1229592 0.1026230 0.1038662 0.1120824 0.1152290 0.0994303 0.1027894 0.1082285 0.0962745 0.1242066 0.1165941 0.0779180 0.0617971 0.0815063 0.1058083 0.0350797 0.0557413 0.0652844 0.0854086 0.0822874 0.0893646 0.0875692 0.1077174 0.1087508 0.0935111 0.0989115 0.0986714 0.0494997 0.1236354 0.1116081 
Vombatidae_Lasiorhinus_latifrons             0.0339670 0.0835867 0.0000000 0.0429295 0.0375852 0.0887457 0.0580138 0.0610352 0.0683453 0.0787849 0.0568134 0.0762758 0.0841140 0.0526865 0.0942084 0.0832352 0.0614591 0.0383423 0.0353434 0.0741998 0.0145129 0.0376828 0.0417324 0.0470894 0.0557781 0.0542578 0.0475092 0.0736483 0.0620099 0.0428546 0.0557215 0.0672540 0.0129036 0.0881633 0.0521940 
Potoroidae_Bettongia_penicillata             0.0482228 0.0876154 0.0429295 0.0000000 0.0007196 0.0961951 0.0643571 0.0705577 0.0092718 0.0854172 0.0621390 0.0823124 0.0902836 0.0603173 0.1012369 0.0882216 0.0606302 0.0319048 0.0041813 0.0806187 0.0116915 0.0186418 0.0406652 0.0120927 0.0714022 0.0660968 0.0071437 0.0785469 0.0714010 0.0576612 0.0634127 0.0697532 0.0163570 0.0958200 0.0685924 
Potoroidae_Bettongia_lesueur                 0.0485384 0.0864479 0.0375852 0.0007196 0.0000000 0.0975301 0.0582230 0.0651476 0.0066542 0.0870833 0.0580759 0.0835356 0.0926852 0.0591438 0.1027160 0.0897069 0.0610732 0.0194416 0.0038226 0.0787161 0.0101537 0.0130611 0.0365929 0.0111500 0.0675237 0.0657868 0.0061286 0.0775809 0.0665872 0.0555943 0.0637288 0.0720867 0.0137252 0.0956482 0.0676870 
Dasyuridae_Dasyurus_maculatus                0.1012054 0.1229592 0.0887457 0.0961951 0.0975301 0.0000000 0.1075930 0.1134033 0.1179642 0.0963561 0.1056302 0.0070141 0.0157437 0.1035913 0.0060846 0.0024319 0.0046201 0.0383733 0.0922240 0.1280348 0.0144119 0.0383590 0.0040741 0.1034757 0.0703283 0.1166695 0.0982819 0.1291128 0.1147950 0.0978574 0.1160768 0.0806858 0.0001861 0.1021273 0.1229574 
Phalangeridae_Trichosurus_vulpecula          0.0621180 0.1026230 0.0580138 0.0643571 0.0582230 0.1075930 0.0000000 0.0254578 0.0798685 0.1021136 0.0249343 0.0944572 0.0997911 0.0181214 0.1112529 0.1014475 0.0842570 0.0704652 0.0571631 0.0933412 0.0522484 0.0543706 0.0678770 0.0657889 0.0823074 0.0828983 0.0660600 0.0909282 0.0863908 0.0683723 0.0212955 0.0890287 0.0531795 0.1129835 0.0788648 
Phalangeridae_Spilocuscus_maculatus          0.0683900 0.1038662 0.0610352 0.0705577 0.0651476 0.1134033 0.0254578 0.0000000 0.0898872 0.0981084 0.0067290 0.0987089 0.1047446 0.0056566 0.1173178 0.1057424 0.0859209 0.0571239 0.0603879 0.0996072 0.0418820 0.0526027 0.0601455 0.0712835 0.0814664 0.0840536 0.0691579 0.0944893 0.0906354 0.0717120 0.0080482 0.0903104 0.0490475 0.1085760 0.0820557 
Potoroidae_Aepyprymnus_rufescens             0.0774978 0.1120824 0.0683453 0.0092718 0.0066542 0.1179642 0.0798685 0.0898872 0.0000000 0.1071726 0.0833283 0.1050213 0.1140056 0.0803363 0.1242614 0.1106706 0.0913221 0.0723671 0.0128021 0.0980526 0.0540308 0.0450062 0.0757127 0.0386140 0.0949750 0.0869850 0.0225117 0.0976107 0.0910309 0.0802224 0.0844310 0.0971350 0.0630580 0.1120792 0.0911498 
Peramelidae_Perameles_nasuta                 0.0860393 0.1152290 0.0787849 0.0854172 0.0870833 0.0963561 0.1021136 0.0981084 0.1071726 0.0000000 0.0935657 0.0863876 0.0999580 0.0880703 0.0998411 0.0915486 0.0668787 0.0028466 0.0810629 0.1193629 0.0073214 0.0174723 0.0213053 0.0876162 0.0766161 0.1051118 0.0869890 0.1233544 0.1002985 0.0859254 0.0998348 0.0050834 0.0135717 0.0037733 0.1025888 
Phalangeridae_Strigocuscus_pelengensis       0.0621901 0.0994303 0.0568134 0.0621390 0.0580759 0.1056302 0.0249343 0.0067290 0.0833283 0.0935657 0.0000000 0.0923008 0.1001187 0.0061512 0.1091707 0.0985998 0.0796613 0.0537016 0.0553620 0.0961477 0.0353837 0.0388577 0.0507204 0.0654412 0.0809097 0.0787287 0.0631216 0.0941677 0.0838164 0.0650725 0.0076867 0.0850319 0.0388097 0.1049360 0.0757650 
Dasyuridae_Phascogale_tapoatafa              0.0841193 0.1027894 0.0762758 0.0823124 0.0835356 0.0070141 0.0944572 0.0987089 0.1050213 0.0863876 0.0923008 0.0000000 0.0093599 0.0858092 0.0019577 0.0081038 0.0049911 0.0440776 0.0790683 0.1164065 0.0161611 0.0448126 0.0028611 0.0882172 0.0666306 0.1013130 0.0869039 0.1201962 0.0986962 0.0814551 0.0941394 0.0711801 0.0027324 0.0927364 0.1020510 
Dasyuridae_Sminthopsis_macroura              0.0852071 0.1082285 0.0841140 0.0902836 0.0926852 0.0157437 0.0997911 0.1047446 0.1140056 0.0999580 0.1001187 0.0093599 0.0000000 0.0937272 0.0190430 0.0151130 0.0032859 0.0465064 0.0836635 0.1206963 0.0170624 0.0464340 0.0054241 0.0947775 0.0748934 0.1059417 0.0917217 0.1264238 0.1077387 0.0911038 0.1037809 0.0822792 0.0025980 0.1044671 0.1135886 
Phalangeridae_Phalanger_orientalis           0.0560682 0.0962745 0.0526865 0.0603173 0.0591438 0.1035913 0.0181214 0.0056566 0.0803363 0.0880703 0.0061512 0.0858092 0.0937272 0.0000000 0.1069849 0.0939102 0.0705871 0.0410779 0.0530976 0.0898639 0.0166064 0.0344050 0.0425305 0.0611126 0.0705704 0.0745449 0.0612669 0.0909546 0.0827495 0.0627379 0.0022427 0.0766302 0.0203161 0.0986878 0.0752056 
Dasyuridae_Phascogale_calura                 0.1011113 0.1242066 0.0942084 0.1012369 0.1027160 0.0060846 0.1112529 0.1173178 0.1242614 0.0998411 0.1091707 0.0019577 0.0190430 0.1069849 0.0000000 0.0063402 0.0066274 0.0415385 0.0976027 0.1358246 0.0176838 0.0492026 0.0028656 0.1081248 0.0759555 0.1202879 0.1042990 0.1420236 0.1202830 0.0993369 0.1199771 0.0858488 0.0028729 0.1035800 0.1234811 
Dasyuridae_Sarcophilus_harrisii              0.0908888 0.1165941 0.0832352 0.0882216 0.0897069 0.0024319 0.1014475 0.1057424 0.1106706 0.0915486 0.0985998 0.0081038 0.0151130 0.0939102 0.0063402 0.0000000 0.0039613 0.0438077 0.0823284 0.1232231 0.0140050 0.0425581 0.0045254 0.0930264 0.0642750 0.1078338 0.0903216 0.1241191 0.1079192 0.0889416 0.1038057 0.0698349 0.0005698 0.0944165 0.1148186 
Dasyuridae_Planigale_tenuirostris            0.0603187 0.0779180 0.0614591 0.0606302 0.0610732 0.0046201 0.0842570 0.0859209 0.0913221 0.0668787 0.0796613 0.0049911 0.0032859 0.0705871 0.0066274 0.0039613 0.0000000 0.0139949 0.0563916 0.0861483 0.0067273 0.0096590 0.0030574 0.0642237 0.0636504 0.0704161 0.0639933 0.0972271 0.0888231 0.0664890 0.0743619 0.0702519 0.0011880 0.0945494 0.0937548 
Peramelidae_Echymipera_kalubu                0.0194749 0.0617971 0.0383423 0.0319048 0.0194416 0.0383733 0.0704652 0.0571239 0.0723671 0.0028466 0.0537016 0.0440776 0.0465064 0.0410779 0.0415385 0.0438077 0.0139949 0.0000000 0.0168987 0.0961706 0.0151591 0.0513140 0.0599578 0.0337535 0.0411861 0.0663466 0.0268465 0.0887359 0.0609016 0.0239050 0.0505877 0.0032611 0.0414885 0.0075493 0.0605710 
Macropodidae_Dorcopsulus_vanheurni           0.0379133 0.0815063 0.0353434 0.0041813 0.0038226 0.0922240 0.0571631 0.0603879 0.0128021 0.0810629 0.0553620 0.0790683 0.0836635 0.0530976 0.0976027 0.0823284 0.0563916 0.0168987 0.0000000 0.0744200 0.0082511 0.0120028 0.0249672 0.0078362 0.0629355 0.0608481 0.0016999 0.0760310 0.0606418 0.0440922 0.0531697 0.0656995 0.0107009 0.0931353 0.0614555 
Pseudochiridae_Pseudochirulus_forbesi        0.0742912 0.1058083 0.0741998 0.0806187 0.0787161 0.1280348 0.0933412 0.0996072 0.0980526 0.1193629 0.0961477 0.1164065 0.1206963 0.0898639 0.1358246 0.1232231 0.0861483 0.0961706 0.0744200 0.0000000 0.0782406 0.0915597 0.0936861 0.0824801 0.1056991 0.0485360 0.0843164 0.0306600 0.0857458 0.0738596 0.0849023 0.1086212 0.0790828 0.1318980 0.0908120 
Didelphidae_Didelphis_virginiana             0.0106929 0.0350797 0.0145129 0.0116915 0.0101537 0.0144119 0.0522484 0.0418820 0.0540308 0.0073214 0.0353837 0.0161611 0.0170624 0.0166064 0.0176838 0.0140050 0.0067273 0.0151591 0.0082511 0.0782406 0.0000000 0.0072108 0.0405267 0.0126853 0.0121456 0.0449221 0.0117561 0.0724705 0.0491456 0.0103436 0.0145419 0.0092360 0.0154368 0.0481917 0.0457019 
Marmosidae_Monodelphis_domestica             0.0285880 0.0557413 0.0376828 0.0186418 0.0130611 0.0383590 0.0543706 0.0526027 0.0450062 0.0174723 0.0388577 0.0448126 0.0464340 0.0344050 0.0492026 0.0425581 0.0096590 0.0513140 0.0120028 0.0915597 0.0072108 0.0000000 0.0607013 0.0236363 0.0169399 0.0549805 0.0197118 0.0928270 0.0630123 0.0195014 0.0375963 0.0284438 0.0433983 0.0530733 0.0672408 
Dasyuridae_Antechinus_stuartii               0.0395345 0.0652844 0.0417324 0.0406652 0.0365929 0.0040741 0.0678770 0.0601455 0.0757127 0.0213053 0.0507204 0.0028611 0.0054241 0.0425305 0.0028656 0.0045254 0.0030574 0.0599578 0.0249672 0.0936861 0.0405267 0.0607013 0.0000000 0.0424575 0.0328155 0.0673331 0.0398563 0.0902442 0.0660896 0.0193007 0.0505759 0.0400135 0.0041988 0.0742804 0.0573676 
Hypsiprymnodontidae_Hypsiprymnodon_moschatus 0.0489688 0.0854086 0.0470894 0.0120927 0.0111500 0.1034757 0.0657889 0.0712835 0.0386140 0.0876162 0.0654412 0.0882172 0.0947775 0.0611126 0.1081248 0.0930264 0.0642237 0.0337535 0.0078362 0.0824801 0.0126853 0.0236363 0.0424575 0.0000000 0.0702172 0.0663763 0.0108545 0.0860023 0.0712626 0.0513189 0.0637163 0.0757086 0.0227766 0.0991257 0.0699492 
Microbiotheriidae_Dromiciops_gliroides       0.0638918 0.0822874 0.0557781 0.0714022 0.0675237 0.0703283 0.0823074 0.0814664 0.0949750 0.0766161 0.0809097 0.0666306 0.0748934 0.0705704 0.0759555 0.0642750 0.0636504 0.0411861 0.0629355 0.1056991 0.0121456 0.0169399 0.0328155 0.0702172 0.0000000 0.0865278 0.0722945 0.1058386 0.0892719 0.0645287 0.0734289 0.0775468 0.0126115 0.1048625 0.0910487 
Pseudochiridae_Petauroides_volans            0.0550134 0.0893646 0.0542578 0.0660968 0.0657868 0.1166695 0.0828983 0.0840536 0.0869850 0.1051118 0.0787287 0.1013130 0.1059417 0.0745449 0.1202879 0.1078338 0.0704161 0.0663466 0.0608481 0.0485360 0.0449221 0.0549805 0.0673331 0.0663763 0.0865278 0.0000000 0.0711374 0.0619607 0.0726066 0.0529005 0.0773174 0.0913732 0.0531637 0.1157540 0.0741342 
Macropodidae_Wallabia_bicolor                0.0511241 0.0875692 0.0475092 0.0071437 0.0061286 0.0982819 0.0660600 0.0691579 0.0225117 0.0869890 0.0631216 0.0869039 0.0917217 0.0612669 0.1042990 0.0903216 0.0639933 0.0268465 0.0016999 0.0843164 0.0117561 0.0197118 0.0398563 0.0108545 0.0722945 0.0711374 0.0000000 0.0832503 0.0695347 0.0543891 0.0632504 0.0725644 0.0162827 0.0959082 0.0684863 
Pseudochiridae_Pseudocheirus_occidentalis    0.0785772 0.1077174 0.0736483 0.0785469 0.0775809 0.1291128 0.0909282 0.0944893 0.0976107 0.1233544 0.0941677 0.1201962 0.1264238 0.0909546 0.1420236 0.1241191 0.0972271 0.0887359 0.0760310 0.0306600 0.0724705 0.0928270 0.0902442 0.0860023 0.1058386 0.0619607 0.0832503 0.0000000 0.0873205 0.0745273 0.0903936 0.1107578 0.0730412 0.1330667 0.0915612 
Tarsipedidae_Tarsipes_rostratus              0.0726668 0.1087508 0.0620099 0.0714010 0.0665872 0.1147950 0.0863908 0.0906354 0.0910309 0.1002985 0.0838164 0.0986962 0.1077387 0.0827495 0.1202830 0.1079192 0.0888231 0.0609016 0.0606418 0.0857458 0.0491456 0.0630123 0.0660896 0.0712626 0.0892719 0.0726066 0.0695347 0.0873205 0.0000000 0.0619642 0.0869277 0.0917183 0.0542485 0.1067588 0.0682672 
Acrobatidae_Distoechurus_pennatus            0.0492538 0.0935111 0.0428546 0.0576612 0.0555943 0.0978574 0.0683723 0.0717120 0.0802224 0.0859254 0.0650725 0.0814551 0.0911038 0.0627379 0.0993369 0.0889416 0.0664890 0.0239050 0.0440922 0.0738596 0.0103436 0.0195014 0.0193007 0.0513189 0.0645287 0.0529005 0.0543891 0.0745273 0.0619642 0.0000000 0.0646435 0.0723031 0.0128875 0.0960044 0.0303433 
Phalangeridae_Phalanger_carmelitae           0.0558643 0.0989115 0.0557215 0.0634127 0.0637288 0.1160768 0.0212955 0.0080482 0.0844310 0.0998348 0.0076867 0.0941394 0.1037809 0.0022427 0.1199771 0.1038057 0.0743619 0.0505877 0.0531697 0.0849023 0.0145419 0.0375963 0.0505759 0.0637163 0.0734289 0.0773174 0.0632504 0.0903936 0.0869277 0.0646435 0.0000000 0.0829428 0.0274370 0.1131568 0.0735700 
Peramelidae_Peroryctes_raffrayana            0.0732739 0.0986714 0.0672540 0.0697532 0.0720867 0.0806858 0.0890287 0.0903104 0.0971350 0.0050834 0.0850319 0.0711801 0.0822792 0.0766302 0.0858488 0.0698349 0.0702519 0.0032611 0.0656995 0.1086212 0.0092360 0.0284438 0.0400135 0.0757086 0.0775468 0.0913732 0.0725644 0.1107578 0.0917183 0.0723031 0.0829428 0.0000000 0.0141589 0.0185733 0.0915796 
Dasyuridae_Dasyurus_geffroii                 0.0113621 0.0494997 0.0129036 0.0163570 0.0137252 0.0001861 0.0531795 0.0490475 0.0630580 0.0135717 0.0388097 0.0027324 0.0025980 0.0203161 0.0028729 0.0005698 0.0011880 0.0414885 0.0107009 0.0790828 0.0154368 0.0433983 0.0041988 0.0227766 0.0126115 0.0531637 0.0162827 0.0730412 0.0542485 0.0128875 0.0274370 0.0141589 0.0000000 0.0673405 0.0544208 
Peramelidae_Perameles_gunnii                 0.0984284 0.1236354 0.0881633 0.0958200 0.0956482 0.1021273 0.1129835 0.1085760 0.1120792 0.0037733 0.1049360 0.0927364 0.1044671 0.0986878 0.1035800 0.0944165 0.0945494 0.0075493 0.0931353 0.1318980 0.0481917 0.0530733 0.0742804 0.0991257 0.1048625 0.1157540 0.0959082 0.1330667 0.1067588 0.0960044 0.1131568 0.0185733 0.0673405 0.0000000 0.1122132 
Acrobatidae_Acrobates_pygmaeus               0.0644269 0.1116081 0.0521940 0.0685924 0.0676870 0.1229574 0.0788648 0.0820557 0.0911498 0.1025888 0.0757650 0.1020510 0.1135886 0.0752056 0.1234811 0.1148186 0.0937548 0.0605710 0.0614555 0.0908120 0.0457019 0.0672408 0.0573676 0.0699492 0.0910487 0.0741342 0.0684863 0.0915612 0.0682672 0.0303433 0.0735700 0.0915796 0.0544208 0.1122132 0.0000000 
