37
Burramyidae_Burramys_parvus                  0.0000000 0.1062884 0.0760056 0.0742796 0.0734675 0.1252187 0.0728615 0.0696617 0.0781932 0.0857025 0.0743755 0.1301898 0.1227434 0.0714790 0.0797975 0.1290959 0.1255383 0.1247515 0.0893521 0.0789327 0.0967291 0.1179858 0.1291568 0.0828103 0.0940444 0.1010221 0.0710312 0.0882506 0.1182831 0.0735596 0.0716842 0.0885571 0.1266757 0.0851926 0.1201408 0.0957957 0.0957957 
Notoryctidae_Notoryctes_typhlops             0.1062884 0.0000000 0.1008998 0.1106346 0.1077424 0.1373239 0.1138496 0.1155374 0.1123776 0.1082497 0.1197797 0.1427782 0.1411863 0.1180312 0.1206587 0.1393716 0.1341409 0.1390956 0.1062720 0.1146059 0.1429118 0.1344599 0.1423615 0.1174484 0.1073532 0.1544006 0.1096842 0.1373992 0.1718565 0.1114199 0.1219502 0.1076587 0.1363125 0.1061570 0.1281296 0.0802211 0.0802211 
Vombatidae_Lasiorhinus_latifrons             0.0760056 0.1008998 0.0000000 0.0752683 0.0733574 0.1175678 0.0871632 0.0875836 0.0790716 0.0879350 0.0924441 0.1274324 0.1122411 0.0893420 0.0984430 0.1265240 0.1184738 0.1147042 0.0900909 0.0773469 0.1055324 0.1262447 0.1209743 0.0846851 0.0988944 0.1125895 0.0744181 0.0978905 0.1283759 0.0926773 0.0886799 0.0878407 0.1210420 0.0873559 0.1280092 0.0955003 0.0955003 
Potoroidae_Bettongia_penicillata             0.0742796 0.1106346 0.0752683 0.0000000 0.0057616 0.1295259 0.0809864 0.0779709 0.0125533 0.0913671 0.0827629 0.1376671 0.1264943 0.0844352 0.0946461 0.1359702 0.1273695 0.1303274 0.0972352 0.0256972 0.1046730 0.1350467 0.1337047 0.0563059 0.1019300 0.1028352 0.0218846 0.0906995 0.1267080 0.0835382 0.0850384 0.0946929 0.1301018 0.0922472 0.1327288 0.1057234 0.1057234 
Potoroidae_Bettongia_lesueur                 0.0734675 0.1077424 0.0733574 0.0057616 0.0000000 0.1302940 0.0816933 0.0791372 0.0116391 0.0919846 0.0826506 0.1375887 0.1287266 0.0839740 0.0912445 0.1361441 0.1295055 0.1301106 0.0961536 0.0258914 0.1046702 0.1333715 0.1355981 0.0523412 0.1024099 0.1120363 0.0217271 0.0920977 0.1220340 0.0834872 0.0830663 0.0934056 0.1319584 0.0933920 0.1343698 0.1109134 0.1109134 
Dasyuridae_Dasyurus_maculatus                0.1252187 0.1373239 0.1175678 0.1295259 0.1302940 0.0000000 0.1426548 0.1371840 0.1346790 0.1299758 0.1391131 0.0353794 0.0489135 0.1388002 0.1453172 0.0339844 0.0113446 0.0481095 0.1291136 0.1352688 0.1593274 0.1679298 0.0297896 0.1372046 0.1336438 0.1760084 0.1330640 0.1450412 0.1683930 0.1386994 0.1416903 0.1263939 0.0121899 0.1249457 0.1687653 0.0610027 0.0610027 
Phalangeridae_Trichosurus_vulpecula          0.0728615 0.1138496 0.0871632 0.0809864 0.0816933 0.1426548 0.0000000 0.0268057 0.0861184 0.1005490 0.0308979 0.1483295 0.1375987 0.0336361 0.1039183 0.1466396 0.1401005 0.1351422 0.1093433 0.0823170 0.1133370 0.1429229 0.1459016 0.0911956 0.1117809 0.1244500 0.0782504 0.1024076 0.1287312 0.0970297 0.0327071 0.1022482 0.1448309 0.1046721 0.1452812 0.1330921 0.1330921 
Phalangeridae_Spilocuscus_maculatus          0.0696617 0.1155374 0.0875836 0.0779709 0.0791372 0.1371840 0.0268057 0.0000000 0.0840706 0.0959973 0.0132150 0.1423114 0.1342113 0.0130751 0.0988619 0.1408000 0.1346310 0.1326931 0.1043302 0.0812557 0.1167860 0.1390499 0.1422864 0.0883498 0.1034326 0.1177673 0.0760344 0.0967670 0.1227431 0.0928751 0.0129220 0.0977509 0.1375939 0.0989997 0.1391231 0.1111060 0.1111060 
Potoroidae_Aepyprymnus_rufescens             0.0781932 0.1123776 0.0790716 0.0125533 0.0116391 0.1346790 0.0861184 0.0840706 0.0000000 0.0974401 0.0882670 0.1414146 0.1325270 0.0884024 0.0909871 0.1399567 0.1338961 0.1337015 0.1000380 0.0280592 0.1078623 0.1369706 0.1383391 0.0541086 0.1063603 0.1169045 0.0259546 0.0953526 0.1249059 0.0841288 0.0900530 0.0981627 0.1363716 0.0984565 0.1358614 0.1169249 0.1169249 
Peramelidae_Perameles_nasuta                 0.0857025 0.1082497 0.0879350 0.0913671 0.0919846 0.1299758 0.1005490 0.0959973 0.0974401 0.0000000 0.0992937 0.1364100 0.1342629 0.0969737 0.1159269 0.1363303 0.1340494 0.1295090 0.0205080 0.0955029 0.1293730 0.1306155 0.1351688 0.0981969 0.1059329 0.1293771 0.0898219 0.1115026 0.1489539 0.1040799 0.1030787 0.0166783 0.1312405 0.0000010 0.1428330 9.0000000 9.0000000 
Phalangeridae_Strigocuscus_pelengensis       0.0743755 0.1197797 0.0924441 0.0827629 0.0826506 0.1391131 0.0308979 0.0132150 0.0882670 0.0992937 0.0000000 0.1442717 0.1360197 0.0173808 0.1021059 0.1420002 0.1377314 0.1393170 0.1080012 0.0850976 0.1188357 0.1412375 0.1440986 0.0927610 0.1113374 0.1219931 0.0806489 0.1024687 0.1232161 0.0947120 0.0174478 0.1033193 0.1394383 0.1025971 0.1404626 0.1253767 0.1253767 
Dasyuridae_Phascogale_tapoatafa              0.1301898 0.1427782 0.1274324 0.1376671 0.1375887 0.0353794 0.1483295 0.1423114 0.1414146 0.1364100 0.1442717 0.0000000 0.0455744 0.1456297 0.1512310 0.0086127 0.0296422 0.0455076 0.1361036 0.1408292 0.1709351 0.1770416 0.0101565 0.1438615 0.1416738 0.1920387 0.1387414 0.1555441 0.1844117 0.1423221 0.1481421 0.1340554 0.0377755 0.1323515 0.1738538 0.0719061 0.0719061 
Dasyuridae_Sminthopsis_macroura              0.1227434 0.1411863 0.1122411 0.1264943 0.1287266 0.0489135 0.1375987 0.1342113 0.1325270 0.1342629 0.1360197 0.0455744 0.0000000 0.1335044 0.1464741 0.0478324 0.0462163 0.0321997 0.1325406 0.1316491 0.1638876 0.1670784 0.0409464 0.1397655 0.1347616 0.1707979 0.1295841 0.1507825 0.1668282 0.1395208 0.1384744 0.1301277 0.0500612 0.1293330 0.1705644 0.0556600 0.0556600 
Phalangeridae_Phalanger_orientalis           0.0714790 0.1180312 0.0893420 0.0844352 0.0839740 0.1388002 0.0336361 0.0130751 0.0884024 0.0969737 0.0173808 0.1456297 0.1335044 0.0000000 0.1028714 0.1438511 0.1362741 0.1339917 0.1055145 0.0850603 0.1160839 0.1396975 0.1438645 0.0932572 0.1066897 0.1195846 0.0802735 0.0988406 0.1244254 0.0940274 0.0076196 0.1008281 0.1392117 0.0991344 0.1402974 0.1204378 0.1204378 
Acrobatidae_Acrobates_pygmaeus               0.0797975 0.1206587 0.0984430 0.0946461 0.0912445 0.1453172 0.1039183 0.0988619 0.0909871 0.1159269 0.1021059 0.1512310 0.1464741 0.1028714 0.0000000 0.1475767 0.1453336 0.1472730 0.1156479 0.0925941 0.1002687 0.1375921 0.1468049 0.0994229 0.1143238 0.1045438 0.0910241 0.0890806 0.1087159 0.0506232 0.1052093 0.1167710 0.1494771 0.1149643 0.1413965 0.1141749 0.1141749 
Dasyuridae_Phascogale_calura                 0.1290959 0.1393716 0.1265240 0.1359702 0.1361441 0.0339844 0.1466396 0.1408000 0.1399567 0.1363303 0.1420002 0.0086127 0.0478324 0.1438511 0.1475767 0.0000000 0.0273506 0.0483911 0.1342367 0.1406256 0.1695526 0.1746630 0.0114043 0.1441201 0.1428935 0.1904437 0.1378352 0.1533027 0.1857634 0.1400009 0.1463516 0.1328168 0.0372575 0.1328663 0.1729651 0.0581657 0.0581657 
Dasyuridae_Sarcophilus_harrisii              0.1255383 0.1341409 0.1184738 0.1273695 0.1295055 0.0113446 0.1401005 0.1346310 0.1338961 0.1340494 0.1377314 0.0296422 0.0462163 0.1362741 0.1453336 0.0273506 0.0000000 0.0438296 0.1313289 0.1344828 0.1605578 0.1698907 0.0230932 0.1381277 0.1335210 0.1767329 0.1328816 0.1453926 0.1688927 0.1374117 0.1389934 0.1297967 0.0146980 0.1293666 0.1717574 0.0563966 0.0563966 
Dasyuridae_Planigale_tenuirostris            0.1247515 0.1390956 0.1147042 0.1303274 0.1301106 0.0481095 0.1351422 0.1326931 0.1337015 0.1295090 0.1393170 0.0455076 0.0321997 0.1339917 0.1472730 0.0483911 0.0438296 0.0000000 0.1298758 0.1335830 0.1619296 0.1611961 0.0421852 0.1401290 0.1321317 0.1820711 0.1323440 0.1433394 0.1671320 0.1414668 0.1376097 0.1276602 0.0502198 0.1275304 0.1635598 0.0674182 0.0674182 
Peramelidae_Echymipera_kalubu                0.0893521 0.1062720 0.0900909 0.0972352 0.0961536 0.1291136 0.1093433 0.1043302 0.1000380 0.0205080 0.1080012 0.1361036 0.1325406 0.1055145 0.1156479 0.1342367 0.1313289 0.1298758 0.0000000 0.1004543 0.1296489 0.1311476 0.1375308 0.1053869 0.1059270 0.1379106 0.0946383 0.1171322 0.1507468 0.1039910 0.1104750 0.0157553 0.1319719 0.0206914 0.1364119 0.1072429 0.1072429 
Macropodidae_Dorcopsulus_vanheurni           0.0789327 0.1146059 0.0773469 0.0256972 0.0258914 0.1352688 0.0823170 0.0812557 0.0280592 0.0955029 0.0850976 0.1408292 0.1316491 0.0850603 0.0925941 0.1406256 0.1344828 0.1335830 0.1004543 0.0000000 0.1126891 0.1360983 0.1397998 0.0580152 0.1074452 0.1196502 0.0100065 0.1010548 0.1295741 0.0877831 0.0864915 0.0973588 0.1369737 0.0962360 0.1421960 0.0932614 0.0932614 
Pseudochiridae_Pseudochirulus_forbesi        0.0967291 0.1429118 0.1055324 0.1046730 0.1046702 0.1593274 0.1133370 0.1167860 0.1078623 0.1293730 0.1188357 0.1709351 0.1638876 0.1160839 0.1002687 0.1695526 0.1605578 0.1619296 0.1296489 0.1126891 0.0000000 0.1618361 0.1674908 0.1192238 0.1446018 0.0642137 0.1074093 0.0349871 0.1150579 0.1018651 0.1167311 0.1337598 0.1629281 0.1267728 0.1664618 0.0974496 0.0974496 
Marmosidae_Monodelphis_domestica             0.1179858 0.1344599 0.1262447 0.1350467 0.1333715 0.1679298 0.1429229 0.1390499 0.1369706 0.1306155 0.1412375 0.1770416 0.1670784 0.1396975 0.1375921 0.1746630 0.1698907 0.1611961 0.1311476 0.1360983 0.1618361 0.0000000 0.1746832 0.1370139 0.1326059 0.1799873 0.1313000 0.1554637 0.1730696 0.1302392 0.1483971 0.1333249 0.1688693 0.1284510 0.0453301 0.1050310 0.1050310 
Dasyuridae_Antechinus_stuartii               0.1291568 0.1423615 0.1209743 0.1337047 0.1355981 0.0297896 0.1459016 0.1422864 0.1383391 0.1351688 0.1440986 0.0101565 0.0409464 0.1438645 0.1468049 0.0114043 0.0230932 0.0421852 0.1375308 0.1397998 0.1674908 0.1746832 0.0000000 0.1439975 0.1384299 0.1908958 0.1374306 0.1540452 0.1826550 0.1388948 0.1450416 0.1334842 0.0321764 0.1315337 0.1744350 0.0636607 0.0636607 
Hypsiprymnodontidae_Hypsiprymnodon_moschatus 0.0828103 0.1174484 0.0846851 0.0563059 0.0523412 0.1372046 0.0911956 0.0883498 0.0541086 0.0981969 0.0927610 0.1438615 0.1397655 0.0932572 0.0994229 0.1441201 0.1381277 0.1401290 0.1053869 0.0580152 0.1192238 0.1370139 0.1439975 0.0000000 0.1096221 0.1254516 0.0519747 0.1048578 0.1341494 0.0899692 0.0943608 0.0995575 0.1387325 0.1000402 0.1456838 0.1217350 0.1217350 
Microbiotheriidae_Dromiciops_gliroides       0.0940444 0.1073532 0.0988944 0.1019300 0.1024099 0.1336438 0.1117809 0.1034326 0.1063603 0.1059329 0.1113374 0.1416738 0.1347616 0.1066897 0.1143238 0.1428935 0.1335210 0.1321317 0.1059270 0.1074452 0.1446018 0.1326059 0.1384299 0.1096221 0.0000000 0.1538746 0.1061890 0.1317711 0.1526189 0.1085722 0.1088805 0.1068207 0.1314869 0.1030525 0.1274614 0.0817445 0.0817445 
Pseudochiridae_Petauroides_volans            0.1010221 0.1544006 0.1125895 0.1028352 0.1120363 0.1760084 0.1244500 0.1177673 0.1169045 0.1293771 0.1219931 0.1920387 0.1707979 0.1195846 0.1045438 0.1904437 0.1767329 0.1820711 0.1379106 0.1196502 0.0642137 0.1799873 0.1908958 0.1254516 0.1538746 0.0000000 0.1122259 0.0481750 0.1127704 0.1021928 0.1243397 0.1332700 0.1784071 0.1271284 0.2019572 0.0932849 0.0932849 
Macropodidae_Wallabia_bicolor                0.0710312 0.1096842 0.0744181 0.0218846 0.0217271 0.1330640 0.0782504 0.0760344 0.0259546 0.0898219 0.0806489 0.1387414 0.1295841 0.0802735 0.0910241 0.1378352 0.1328816 0.1323440 0.0946383 0.0100065 0.1074093 0.1313000 0.1374306 0.0519747 0.1061890 0.1122259 0.0000000 0.0938318 0.1235519 0.0821521 0.0811386 0.0931215 0.1342810 0.0900362 0.1373100 0.0828471 0.0828471 
Pseudochiridae_Pseudocheirus_occidentalis    0.0882506 0.1373992 0.0978905 0.0906995 0.0920977 0.1450412 0.1024076 0.0967670 0.0953526 0.1115026 0.1024687 0.1555441 0.1507825 0.0988406 0.0890806 0.1533027 0.1453926 0.1433394 0.1171322 0.1010548 0.0349871 0.1554637 0.1540452 0.1048578 0.1317711 0.0481750 0.0938318 0.0000000 0.1044741 0.0884999 0.1035218 0.1150151 0.1495724 0.1117535 0.1618385 9.0000000 9.0000000 
Tarsipedidae_Tarsipes_rostratus              0.1182831 0.1718565 0.1283759 0.1267080 0.1220340 0.1683930 0.1287312 0.1227431 0.1249059 0.1489539 0.1232161 0.1844117 0.1668282 0.1244254 0.1087159 0.1857634 0.1688927 0.1671320 0.1507468 0.1295741 0.1150579 0.1730696 0.1826550 0.1341494 0.1526189 0.1127704 0.1235519 0.1044741 0.0000000 0.1111210 0.1286456 0.1541220 0.1703614 0.1456631 0.1770595 0.1065466 0.1065466 
Acrobatidae_Distoechurus_pennatus            0.0735596 0.1114199 0.0926773 0.0835382 0.0834872 0.1386994 0.0970297 0.0928751 0.0841288 0.1040799 0.0947120 0.1423221 0.1395208 0.0940274 0.0506232 0.1400009 0.1374117 0.1414668 0.1039910 0.0877831 0.1018651 0.1302392 0.1388948 0.0899692 0.1085722 0.1021928 0.0821521 0.0884999 0.1111210 0.0000000 0.0977660 0.1036951 0.1408604 0.1029761 0.1339784 0.1044867 0.1044867 
Phalangeridae_Phalanger_carmelitae           0.0716842 0.1219502 0.0886799 0.0850384 0.0830663 0.1416903 0.0327071 0.0129220 0.0900530 0.1030787 0.0174478 0.1481421 0.1384744 0.0076196 0.1052093 0.1463516 0.1389934 0.1376097 0.1104750 0.0864915 0.1167311 0.1483971 0.1450416 0.0943608 0.1088805 0.1243397 0.0811386 0.1035218 0.1286456 0.0977660 0.0000000 0.1036886 0.1414237 0.1049075 0.1473640 0.1204378 0.1204378 
Peramelidae_Peroryctes_raffrayana            0.0885571 0.1076587 0.0878407 0.0946929 0.0934056 0.1263939 0.1022482 0.0977509 0.0981627 0.0166783 0.1033193 0.1340554 0.1301277 0.1008281 0.1167710 0.1328168 0.1297967 0.1276602 0.0157553 0.0973588 0.1337598 0.1333249 0.1334842 0.0995575 0.1068207 0.1332700 0.0931215 0.1150151 0.1541220 0.1036951 0.1036886 0.0000000 0.1288854 0.0167098 0.1447922 9.0000000 9.0000000 
Dasyuridae_Dasyurus_geffroii                 0.1266757 0.1363125 0.1210420 0.1301018 0.1319584 0.0121899 0.1448309 0.1375939 0.1363716 0.1312405 0.1394383 0.0377755 0.0500612 0.1392117 0.1494771 0.0372575 0.0146980 0.0502198 0.1319719 0.1369737 0.1629281 0.1688693 0.0321764 0.1387325 0.1314869 0.1784071 0.1342810 0.1495724 0.1703614 0.1408604 0.1414237 0.1288854 0.0000000 0.1267560 0.1688177 0.0668976 0.0668976 
Peramelidae_Perameles_gunnii                 0.0851926 0.1061570 0.0873559 0.0922472 0.0933920 0.1249457 0.1046721 0.0989997 0.0984565 0.0000010 0.1025971 0.1323515 0.1293330 0.0991344 0.1149643 0.1328663 0.1293666 0.1275304 0.0206914 0.0962360 0.1267728 0.1284510 0.1315337 0.1000402 0.1030525 0.1271284 0.0900362 0.1117535 0.1456631 0.1029761 0.1049075 0.0167098 0.1267560 0.0000000 0.1371315 0.0935214 0.0935214 
Didelphidae_Didelphis_virginiana             0.1201408 0.1281296 0.1280092 0.1327288 0.1343698 0.1687653 0.1452812 0.1391231 0.1358614 0.1428330 0.1404626 0.1738538 0.1705644 0.1402974 0.1413965 0.1729651 0.1717574 0.1635598 0.1364119 0.1421960 0.1664618 0.0453301 0.1744350 0.1456838 0.1274614 0.2019572 0.1373100 0.1618385 0.1770595 0.1339784 0.1473640 0.1447922 0.1688177 0.1371315 0.0000000 0.0916492 0.0916492 
Myrmecobiidae_Myrmecobius_fasciatus1         0.0957957 0.0802211 0.0955003 0.1057234 0.1109134 0.0610027 0.1330921 0.1111060 0.1169249 9.0000000 0.1253767 0.0719061 0.0556600 0.1204378 0.1141749 0.0581657 0.0563966 0.0674182 0.1072429 0.0932614 0.0974496 0.1050310 0.0636607 0.1217350 0.0817445 0.0932849 0.0828471 9.0000000 0.1065466 0.1044867 0.1204378 9.0000000 0.0668976 0.0935214 0.0916492 0.0000000 0.0000010 
Myrmecobiidae_Myrmecobius_fasciatus2         0.0957957 0.0802211 0.0955003 0.1057234 0.1109134 0.0610027 0.1330921 0.1111060 0.1169249 9.0000000 0.1253767 0.0719061 0.0556600 0.1204378 0.1141749 0.0581657 0.0563966 0.0674182 0.1072429 0.0932614 0.0974496 0.1050310 0.0636607 0.1217350 0.0817445 0.0932849 0.0828471 9.0000000 0.1065466 0.1044867 0.1204378 9.0000000 0.0668976 0.0935214 0.0916492 0.0000010 0.0000000 
