37
Burramyidae_Burramys_parvus                  0.0000000 0.0950275 0.0616013 0.0629466 0.0525341 0.1150945 0.0518261 0.0534511 0.0573419 0.1264066 0.0495933 0.1099966 0.1179386 0.0528332 0.0531045 0.1134230 0.1145592 0.1133591 0.1232373 0.0571940 0.0691978 0.1363469 0.1498368 0.1054899 0.0545726 0.0812421 0.0781107 0.0563026 0.0667515 0.1091223 0.0515538 0.0514005 0.1272908 0.1143499 0.1256596 9.0000000 9.0000000 
Notoryctidae_Notoryctes_typhlops             0.0950275 0.0000000 0.0887287 0.0903494 0.0886044 0.1233025 0.0853404 0.0908954 0.0856422 0.1107297 0.0827023 0.1225972 0.1254994 0.0870189 0.0814514 0.1260109 0.1208626 0.1159650 0.1197145 0.0912151 0.1014248 0.1347482 0.1528337 0.1179639 0.0903393 0.1009442 0.1122551 0.0892154 0.0962849 0.1380927 0.0868910 0.0857439 0.1170651 0.1231330 0.1140359 0.0927724 0.0927724 
Vombatidae_Lasiorhinus_latifrons             0.0616013 0.0887287 0.0000000 0.0633765 0.0606049 0.0962560 0.0535471 0.0568606 0.0576723 0.1082319 0.0510911 0.0953599 0.1049263 0.0561196 0.0543459 0.0950817 0.0967355 0.0937762 0.1172143 0.0647550 0.0682052 0.1172860 0.1309702 0.0896390 0.0567960 0.0853780 0.0784188 0.0645779 0.0648512 0.0998140 0.0592354 0.0531368 0.1192867 0.0967251 0.1124350 0.0830370 0.0830370 
Potoroidae_Bettongia_penicillata             0.0629466 0.0903494 0.0633765 0.0000000 0.0077605 0.1008150 0.0536207 0.0573373 0.0129603 0.1130852 0.0507943 0.0964790 0.1054901 0.0566998 0.0561314 0.0961169 0.1006934 0.0981033 0.1163219 0.0238636 0.0634234 0.1213415 0.1332824 0.0930545 0.0331971 0.0864672 0.0724879 0.0237110 0.0582585 0.0938335 0.0615275 0.0549692 0.1157194 0.0999428 0.1156615 0.0787124 0.0787124 
Potoroidae_Bettongia_lesueur                 0.0525341 0.0886044 0.0606049 0.0077605 0.0000000 0.1002592 0.0499916 0.0527058 0.0090113 0.1055273 0.0469838 0.0949592 0.1003938 0.0520537 0.0500112 0.0959435 0.0993463 0.0934279 0.1079908 0.0191350 0.0586033 0.1255819 0.1363806 0.0935046 0.0296272 0.0826995 0.0669473 0.0208573 0.0537891 0.0958231 0.0530062 0.0503070 0.1073124 0.0993462 0.1075528 0.0762331 0.0762331 
Dasyuridae_Dasyurus_maculatus                0.1150945 0.1233025 0.0962560 0.1008150 0.1002592 0.0000000 0.1021600 0.1037029 0.0970167 0.1219283 0.0984177 0.0243184 0.0403904 0.1006585 0.0938168 0.0243273 0.0073411 0.0319730 0.1332268 0.1017378 0.1115596 0.1379842 0.1493023 0.0225662 0.0967578 0.1044185 0.1232722 0.1006686 0.1044269 0.1481858 0.0992662 0.0993838 0.1319606 0.0073455 0.1312991 0.0275458 0.0275458 
Phalangeridae_Trichosurus_vulpecula          0.0518261 0.0853404 0.0535471 0.0536207 0.0499916 0.1021600 0.0000000 0.0254920 0.0480754 0.1039271 0.0212382 0.0997613 0.1062771 0.0232774 0.0458214 0.1016133 0.1020339 0.0981810 0.1097096 0.0504433 0.0547854 0.1222968 0.1366005 0.0949299 0.0531345 0.0836606 0.0649445 0.0510403 0.0541365 0.0921386 0.0466440 0.0243675 0.1057191 0.1025985 0.1075856 0.0651875 0.0651875 
Phalangeridae_Spilocuscus_maculatus          0.0534511 0.0908954 0.0568606 0.0573373 0.0527058 0.1037029 0.0254920 0.0000000 0.0515525 0.1143522 0.0093290 0.1040468 0.1077244 0.0126919 0.0507095 0.1059383 0.1035716 0.1005674 0.1197947 0.0559696 0.0639693 0.1261309 0.1355993 0.0993784 0.0533787 0.0903205 0.0742885 0.0528176 0.0627800 0.1039766 0.0534670 0.0121466 0.1177928 0.1027325 0.1195533 0.0818492 0.0818492 
Potoroidae_Aepyprymnus_rufescens             0.0573419 0.0856422 0.0576723 0.0129603 0.0090113 0.0970167 0.0480754 0.0515525 0.0000000 0.1043967 0.0445566 0.0944931 0.0997491 0.0508798 0.0499534 0.0942159 0.0972186 0.0954647 0.1105469 0.0186548 0.0583060 0.1144648 0.1278057 0.0924604 0.0301722 0.0763380 0.0683679 0.0193578 0.0537147 0.0941158 0.0551926 0.0492394 0.1082988 0.0964903 0.1070563 0.0811280 0.0811280 
Peramelidae_Perameles_nasuta                 0.1264066 0.1107297 0.1082319 0.1130852 0.1055273 0.1219283 0.1039271 0.1143522 0.1043967 0.0000000 0.1061113 0.1207536 0.1192665 0.1101609 0.1018043 0.1217784 0.1257275 0.1281024 0.0216352 0.1120554 0.1257061 0.1519513 0.1555322 0.1193840 0.1101938 0.1127596 0.1335023 0.1091214 0.1209108 0.1640324 0.1135227 0.1087810 0.0206412 0.1197271 0.0008223 0.0760192 0.0760192 
Phalangeridae_Strigocuscus_pelengensis       0.0495933 0.0827023 0.0510911 0.0507943 0.0469838 0.0984177 0.0212382 0.0093290 0.0445566 0.1061113 0.0000000 0.0997866 0.1031538 0.0085510 0.0454633 0.1007093 0.0985022 0.0957586 0.1116333 0.0494727 0.0598017 0.1180048 0.1318874 0.0955411 0.0480726 0.0830833 0.0680742 0.0471938 0.0552421 0.0939812 0.0468300 0.0088898 0.1084592 0.0962526 0.1115041 0.0796912 0.0796912 
Dasyuridae_Phascogale_tapoatafa              0.1099966 0.1225972 0.0953599 0.0964790 0.0949592 0.0243184 0.0997613 0.1040468 0.0944931 0.1207536 0.0997866 0.0000000 0.0425341 0.1023618 0.0914565 0.0050072 0.0240563 0.0301906 0.1307030 0.0986195 0.1100674 0.1345652 0.1456227 0.0146083 0.0960174 0.1052621 0.1239940 0.0975342 0.1023097 0.1465469 0.0981480 0.0997718 0.1292595 0.0232361 0.1299828 0.0277030 0.0277030 
Dasyuridae_Sminthopsis_macroura              0.1179386 0.1254994 0.1049263 0.1054901 0.1003938 0.0403904 0.1062771 0.1077244 0.0997491 0.1192665 0.1031538 0.0425341 0.0000000 0.1057805 0.0936599 0.0440999 0.0399682 0.0285896 0.1268959 0.1051091 0.1143079 0.1443474 0.1567587 0.0390540 0.1013961 0.1074577 0.1290746 0.1040790 0.1083300 0.1478996 0.1005789 0.1044644 0.1250452 0.0381099 0.1276941 0.0338715 0.0338715 
Phalangeridae_Phalanger_orientalis           0.0528332 0.0870189 0.0561196 0.0566998 0.0520537 0.1006585 0.0232774 0.0126919 0.0508798 0.1101609 0.0085510 0.1023618 0.1057805 0.0000000 0.0491730 0.1042456 0.1005363 0.0988387 0.1147172 0.0545842 0.0639663 0.1224936 0.1359789 0.0970254 0.0518392 0.0869899 0.0742165 0.0538128 0.0621484 0.1016487 0.0490671 0.0053620 0.1116217 0.0997126 0.1150971 0.0686814 0.0686814 
Acrobatidae_Acrobates_pygmaeus               0.0531045 0.0814514 0.0543459 0.0561314 0.0500112 0.0938168 0.0458214 0.0507095 0.0499534 0.1018043 0.0454633 0.0914565 0.0936599 0.0491730 0.0000000 0.0915425 0.0950344 0.0899503 0.1066084 0.0499585 0.0494847 0.1155751 0.1226467 0.0857203 0.0504169 0.0773585 0.0606452 0.0529388 0.0496936 0.0894751 0.0291779 0.0465953 0.1010342 0.0937607 0.1041734 0.0598427 0.0598427 
Dasyuridae_Phascogale_calura                 0.1134230 0.1260109 0.0950817 0.0961169 0.0959435 0.0243273 0.1016133 0.1059383 0.0942159 0.1217784 0.1007093 0.0050072 0.0440999 0.1042456 0.0915425 0.0000000 0.0240648 0.0313803 0.1335217 0.0996520 0.1100194 0.1372599 0.1486518 0.0150410 0.0970334 0.1083271 0.1239513 0.0985708 0.1029516 0.1478726 0.0985107 0.1016218 0.1321888 0.0233048 0.1310242 0.0204962 0.0204962 
Dasyuridae_Sarcophilus_harrisii              0.1145592 0.1208626 0.0967355 0.1006934 0.0993463 0.0073411 0.1020339 0.1035716 0.0972186 0.1257275 0.0985022 0.0240563 0.0399682 0.1005363 0.0950344 0.0240648 0.0000000 0.0315553 0.1345081 0.1008437 0.1148629 0.1385895 0.1487325 0.0218172 0.0974157 0.1044312 0.1256974 0.0997715 0.1080005 0.1478809 0.1004954 0.0992205 0.1341194 0.0078202 0.1351180 0.0283265 0.0283265 
Dasyuridae_Planigale_tenuirostris            0.1133591 0.1159650 0.0937762 0.0981033 0.0934279 0.0319730 0.0981810 0.1005674 0.0954647 0.1281024 0.0957586 0.0301906 0.0285896 0.0988387 0.0899503 0.0313803 0.0315553 0.0000000 0.1292937 0.0998885 0.1124925 0.1407215 0.1583973 0.0275639 0.0943823 0.1038946 0.1196445 0.0983092 0.1052781 0.1421064 0.0952351 0.0966048 0.1293403 0.0307297 0.1330326 0.0348147 0.0348147 
Peramelidae_Echymipera_kalubu                0.1232373 0.1197145 0.1172143 0.1163219 0.1079908 0.1332268 0.1097096 0.1197947 0.1105469 0.0216352 0.1116333 0.1307030 0.1268959 0.1147172 0.1066084 0.1335217 0.1345081 0.1292937 0.0000000 0.1181147 0.1233350 0.1583051 0.1631908 0.1273003 0.1142423 0.1154915 0.1312453 0.1174912 0.1228917 0.1660026 0.1195745 0.1129616 0.0195644 0.1307843 0.0212750 0.0967770 0.0967770 
Macropodidae_Dorcopsulus_vanheurni           0.0571940 0.0912151 0.0647550 0.0238636 0.0191350 0.1017378 0.0504433 0.0559696 0.0186548 0.1120554 0.0494727 0.0986195 0.1051091 0.0545842 0.0499585 0.0996520 0.1008437 0.0998885 0.1181147 0.0000000 0.0609973 0.1197805 0.1352128 0.0968111 0.0330395 0.0813503 0.0717663 0.0086874 0.0558373 0.0963068 0.0566562 0.0525204 0.1102423 0.1021771 0.1141366 0.0760786 0.0760786 
Pseudochiridae_Pseudochirulus_forbesi        0.0691978 0.1014248 0.0682052 0.0634234 0.0586033 0.1115596 0.0547854 0.0639693 0.0583060 0.1257061 0.0598017 0.1100674 0.1143079 0.0639663 0.0494847 0.1100194 0.1148629 0.1124925 0.1233350 0.0609973 0.0000000 0.1357998 0.1500805 0.1040836 0.0658583 0.0939367 0.0439703 0.0636374 0.0170352 0.0888457 0.0541195 0.0621168 0.1242648 0.1139114 0.1283901 0.0715839 0.0715839 
Didelphidae_Didelphis_virginiana             0.1363469 0.1347482 0.1172860 0.1213415 0.1255819 0.1379842 0.1222968 0.1261309 0.1144648 0.1519513 0.1180048 0.1345652 0.1443474 0.1224936 0.1155751 0.1372599 0.1385895 0.1407215 0.1583051 0.1197805 0.1357998 0.0000000 0.0479976 0.1323685 0.1202834 0.1094187 0.1423920 0.1233135 0.1303741 0.1714907 0.1242590 0.1215626 0.1513356 0.1354888 0.1542854 0.0972420 0.0972420 
Marmosidae_Monodelphis_domestica             0.1498368 0.1528337 0.1309702 0.1332824 0.1363806 0.1493023 0.1366005 0.1355993 0.1278057 0.1555322 0.1318874 0.1456227 0.1567587 0.1359789 0.1226467 0.1486518 0.1487325 0.1583973 0.1631908 0.1352128 0.1500805 0.0479976 0.0000000 0.1394653 0.1309767 0.1295670 0.1610432 0.1331761 0.1406498 0.1792660 0.1387364 0.1347492 0.1596750 0.1456938 0.1566981 0.0763582 0.0763582 
Dasyuridae_Antechinus_stuartii               0.1054899 0.1179639 0.0896390 0.0930545 0.0935046 0.0225662 0.0949299 0.0993784 0.0924604 0.1193840 0.0955411 0.0146083 0.0390540 0.0970254 0.0857203 0.0150410 0.0218172 0.0275639 0.1273003 0.0968111 0.1040836 0.1323685 0.1394653 0.0000000 0.0897664 0.1001020 0.1184244 0.0956219 0.1003878 0.1401340 0.0924095 0.0946087 0.1258067 0.0215515 0.1272015 0.0258892 0.0258892 
Hypsiprymnodontidae_Hypsiprymnodon_moschatus 0.0545726 0.0903393 0.0567960 0.0331971 0.0296272 0.0967578 0.0531345 0.0533787 0.0301722 0.1101938 0.0480726 0.0960174 0.1013961 0.0518392 0.0504169 0.0970334 0.0974157 0.0943823 0.1142423 0.0330395 0.0658583 0.1202834 0.1309767 0.0897664 0.0000000 0.0848140 0.0751325 0.0339847 0.0626802 0.0999716 0.0563835 0.0506478 0.1146659 0.0972189 0.1143414 0.1001969 0.1001969 
Microbiotheriidae_Dromiciops_gliroides       0.0812421 0.1009442 0.0853780 0.0864672 0.0826995 0.1044185 0.0836606 0.0903205 0.0763380 0.1127596 0.0830833 0.1052621 0.1074577 0.0869899 0.0773585 0.1083271 0.1044312 0.1038946 0.1154915 0.0813503 0.0939367 0.1094187 0.1295670 0.1001020 0.0848140 0.0000000 0.1075678 0.0820976 0.0932867 0.1317822 0.0835621 0.0861469 0.1123153 0.1027457 0.1143318 0.0910348 0.0910348 
Pseudochiridae_Petauroides_volans            0.0781107 0.1122551 0.0784188 0.0724879 0.0669473 0.1232722 0.0649445 0.0742885 0.0683679 0.1335023 0.0680742 0.1239940 0.1290746 0.0742165 0.0606452 0.1239513 0.1256974 0.1196445 0.1312453 0.0717663 0.0439703 0.1423920 0.1610432 0.1184244 0.0751325 0.1075678 0.0000000 0.0702182 0.0411918 0.0987317 0.0655792 0.0724601 0.1322135 0.1221235 0.1361098 0.0826703 0.0826703 
Macropodidae_Wallabia_bicolor                0.0563026 0.0892154 0.0645779 0.0237110 0.0208573 0.1006686 0.0510403 0.0528176 0.0193578 0.1091214 0.0471938 0.0975342 0.1040790 0.0538128 0.0529388 0.0985708 0.0997715 0.0983092 0.1174912 0.0086874 0.0636374 0.1233135 0.1331761 0.0956219 0.0339847 0.0820976 0.0702182 0.0000000 0.0578002 0.0955444 0.0588326 0.0519092 0.1114837 0.1011176 0.1120340 0.0756365 0.0756365 
Pseudochiridae_Pseudocheirus_occidentalis    0.0667515 0.0962849 0.0648512 0.0582585 0.0537891 0.1044269 0.0541365 0.0627800 0.0537147 0.1209108 0.0552421 0.1023097 0.1083300 0.0621484 0.0496936 0.1029516 0.1080005 0.1052781 0.1228917 0.0558373 0.0170352 0.1303741 0.1406498 0.1003878 0.0626802 0.0932867 0.0411918 0.0578002 0.0000000 0.0899245 0.0526604 0.0608378 0.1187822 0.1068665 0.1248536 0.0867819 0.0867819 
Tarsipedidae_Tarsipes_rostratus              0.1091223 0.1380927 0.0998140 0.0938335 0.0958231 0.1481858 0.0921386 0.1039766 0.0941158 0.1640324 0.0939812 0.1465469 0.1478996 0.1016487 0.0894751 0.1478726 0.1478809 0.1421064 0.1660026 0.0963068 0.0888457 0.1714907 0.1792660 0.1401340 0.0999716 0.1317822 0.0987317 0.0955444 0.0899245 0.0000000 0.0948831 0.0996819 0.1600796 0.1470818 0.1669137 0.0961710 0.0961710 
Acrobatidae_Distoechurus_pennatus            0.0515538 0.0868910 0.0592354 0.0615275 0.0530062 0.0992662 0.0466440 0.0534670 0.0551926 0.1135227 0.0468300 0.0981480 0.1005789 0.0490671 0.0291779 0.0985107 0.1004954 0.0952351 0.1195745 0.0566562 0.0541195 0.1242590 0.1387364 0.0924095 0.0563835 0.0835621 0.0655792 0.0588326 0.0526604 0.0948831 0.0000000 0.0478427 0.1136903 0.0997434 0.1185523 0.0637099 0.0637099 
Phalangeridae_Phalanger_carmelitae           0.0514005 0.0857439 0.0531368 0.0549692 0.0503070 0.0993838 0.0243675 0.0121466 0.0492394 0.1087810 0.0088898 0.0997718 0.1044644 0.0053620 0.0465953 0.1016218 0.0992205 0.0966048 0.1129616 0.0525204 0.0621168 0.1215626 0.1347492 0.0946087 0.0506478 0.0861469 0.0724601 0.0519092 0.0608378 0.0996819 0.0478427 0.0000000 0.1113386 0.0984558 0.1136877 0.0628534 0.0628534 
Peramelidae_Peroryctes_raffrayana            0.1272908 0.1170651 0.1192867 0.1157194 0.1073124 0.1319606 0.1057191 0.1177928 0.1082988 0.0206412 0.1084592 0.1292595 0.1250452 0.1116217 0.1010342 0.1321888 0.1341194 0.1293403 0.0195644 0.1102423 0.1242648 0.1513356 0.1596750 0.1258067 0.1146659 0.1123153 0.1322135 0.1114837 0.1187822 0.1600796 0.1136903 0.1113386 0.0000000 0.1294339 0.0204556 0.0767614 0.0767614 
Dasyuridae_Dasyurus_geffroii                 0.1143499 0.1231330 0.0967251 0.0999428 0.0993462 0.0073455 0.1025985 0.1027325 0.0964903 0.1197271 0.0962526 0.0232361 0.0381099 0.0997126 0.0937607 0.0233048 0.0078202 0.0307297 0.1307843 0.1021771 0.1139114 0.1354888 0.1456938 0.0215515 0.0972189 0.1027457 0.1221235 0.1011176 0.1068665 0.1470818 0.0997434 0.0984558 0.1294339 0.0000000 0.1290500 0.0246406 0.0246406 
Peramelidae_Perameles_gunnii                 0.1256596 0.1140359 0.1124350 0.1156615 0.1075528 0.1312991 0.1075856 0.1195533 0.1070563 0.0008223 0.1115041 0.1299828 0.1276941 0.1150971 0.1041734 0.1310242 0.1351180 0.1330326 0.0212750 0.1141366 0.1283901 0.1542854 0.1566981 0.1272015 0.1143414 0.1143318 0.1361098 0.1120340 0.1248536 0.1669137 0.1185523 0.1136877 0.0204556 0.1290500 0.0000000 0.0760192 0.0760192 
Myrmecobiidae_Myrmecobius_fasciatus1         9.0000000 0.0927724 0.0830370 0.0787124 0.0762331 0.0275458 0.0651875 0.0818492 0.0811280 0.0760192 0.0796912 0.0277030 0.0338715 0.0686814 0.0598427 0.0204962 0.0283265 0.0348147 0.0967770 0.0760786 0.0715839 0.0972420 0.0763582 0.0258892 0.1001969 0.0910348 0.0826703 0.0756365 0.0867819 0.0961710 0.0637099 0.0628534 0.0767614 0.0246406 0.0760192 0.0000000 0.0000010 
Myrmecobiidae_Myrmecobius_fasciatus2         9.0000000 0.0927724 0.0830370 0.0787124 0.0762331 0.0275458 0.0651875 0.0818492 0.0811280 0.0760192 0.0796912 0.0277030 0.0338715 0.0686814 0.0598427 0.0204962 0.0283265 0.0348147 0.0967770 0.0760786 0.0715839 0.0972420 0.0763582 0.0258892 0.1001969 0.0910348 0.0826703 0.0756365 0.0867819 0.0961710 0.0637099 0.0628534 0.0767614 0.0246406 0.0760192 0.0000010 0.0000000 
