186
I0185_86_Accipitridae_Buteo_jamaicensis                   0.0000000 0.0381728 0.0375682 0.0341495 0.0426242 0.0363958 0.0414227 0.0283643 0.0307842 0.0524935 0.0438982 0.0259495 0.0454843 0.0375701 0.0441333 0.0437706 0.0291512 0.0154816 0.0423987 0.0200535 0.0418402 0.0245843 0.0443915 0.0250295 0.0213421 0.0200028 0.0320789 0.0237063 0.0439459 0.0523401 0.0594141 0.0238162 0.0409795 0.0441378 0.0408230 0.0423345 0.0313054 0.0543448 0.0451305 0.0443378 0.0452650 0.0404578 0.0798465 0.0561442 0.0679470 0.0512810 0.0521798 0.0338804 0.0358800 0.0300839 0.0441840 0.0424177 0.0224930 0.0351823 0.0409181 0.0438011 0.0323386 0.0277908 0.0246983 0.0415445 0.0384683 0.0255626 0.0242649 0.0413135 0.0375875 0.0228004 0.0288851 0.0501012 0.0439707 0.0310832 0.0445413 0.0482050 0.0434177 0.0426502 0.0268279 0.0257024 0.0405136 0.0447840 0.0286040 0.0067489 0.0254061 0.0340922 0.0388152 0.0362466 0.0441159 0.0194633 0.0192051 0.0446249 0.0356502 0.0331810 0.0285049 0.0220575 0.0307726 0.0431938 0.0438766 0.0208478 0.0473946 0.0241041 0.0179494 0.0221236 0.0325311 0.0340506 0.0430913 0.0347662 0.0265631 0.0231580 0.0284275 0.0358877 0.0262018 0.0379972 0.0263627 0.0192663 0.0449732 0.0388463 0.0245544 0.0477603 0.0484079 0.0336577 0.0205155 0.0149331 0.0217974 0.0504027 0.0346262 0.0331338 0.0463402 0.0214809 0.0544147 0.0259210 0.0280604 0.0204123 0.0418295 0.0463384 0.0445396 0.0278054 0.0476970 0.0267659 0.0347761 0.0302748 0.0196803 0.0236907 0.0196198 0.0372658 0.0236882 0.0510195 0.0405990 0.0313471 0.0224619 0.0403272 0.0540604 0.0406545 0.0416583 0.0183171 0.0234399 0.0245122 0.0255890 0.0239440 0.0265012 0.0373842 0.0391740 0.0283323 0.0446154 0.0424185 0.0265245 0.0742962 0.0242472 0.0317085 0.0272961 0.0446726 0.0456868 0.0217394 0.0149196 0.0203139 0.0251372 0.0508228 0.0239068 0.0567903 0.0508883 0.0450082 0.0440023 0.1062016 0.0450143 0.0549449 0.0521216 0.0338420 0.0320422 0.0411336 
I0186_111_Momotidae_Momotus_lessonii                      0.0381728 0.0000000 0.0490311 0.0481594 0.0539461 0.0474771 0.0495513 0.0419135 0.0450641 0.0509629 0.0510477 0.0400656 0.0571626 0.0491015 0.0514392 0.0549632 0.0428003 0.0309378 0.0527076 0.0353340 0.0534658 0.0401362 0.0569131 0.0397282 0.0387914 0.0367774 0.0460921 0.0383914 0.0519491 0.0609684 0.0656139 0.0391375 0.0521355 0.0544525 0.0536116 0.0550760 0.0449366 0.0632610 0.0564076 0.0547721 0.0564008 0.0516807 0.0864583 0.0660566 0.0762195 0.0604165 0.0612521 0.0352527 0.0494441 0.0439598 0.0558885 0.0530057 0.0381738 0.0489467 0.0516505 0.0548157 0.0460179 0.0439457 0.0395816 0.0525628 0.0524713 0.0409282 0.0379130 0.0512088 0.0529126 0.0395430 0.0430633 0.0610251 0.0566732 0.0444011 0.0518417 0.0604086 0.0550781 0.0535872 0.0406187 0.0412113 0.0518697 0.0532588 0.0397040 0.0383313 0.0402705 0.0485943 0.0393400 0.0473564 0.0540058 0.0362312 0.0342312 0.0564931 0.0486617 0.0474147 0.0424651 0.0369359 0.0393364 0.0563931 0.0523892 0.0363037 0.0604588 0.0390710 0.0379883 0.0378469 0.0452049 0.0406436 0.0550175 0.0466475 0.0395433 0.0385906 0.0417727 0.0498647 0.0418057 0.0532501 0.0428158 0.0353511 0.0558559 0.0514625 0.0394727 0.0576933 0.0602789 0.0478999 0.0372370 0.0403327 0.0367876 0.0609605 0.0489670 0.0462098 0.0593573 0.0372711 0.0607843 0.0405189 0.0421852 0.0366541 0.0523792 0.0545184 0.0582524 0.0438517 0.0592432 0.0419359 0.0472250 0.0452260 0.0362399 0.0383643 0.0353824 0.0506816 0.0392905 0.0624024 0.0520371 0.0457896 0.0383410 0.0517872 0.0677864 0.0530139 0.0520927 0.0347828 0.0399161 0.0395743 0.0401056 0.0385398 0.0401927 0.0520150 0.0533755 0.0421622 0.0559838 0.0523342 0.0414833 0.0822419 0.0392418 0.0454169 0.0413442 0.0553873 0.0547276 0.0379766 0.0384177 0.0353674 0.0406045 0.0639145 0.0389202 0.0658507 0.0601350 0.0559145 0.0548417 0.1187900 0.0544444 0.0632978 0.0619104 0.0471513 0.0437071 0.0529545 
I0187_115_Trogonidae_Trogon_elegans                       0.0375682 0.0490311 0.0000000 0.0482749 0.0559300 0.0155060 0.0541091 0.0415730 0.0449127 0.0604087 0.0561065 0.0399937 0.0564157 0.0503185 0.0547579 0.0566306 0.0430287 0.0318908 0.0539677 0.0349569 0.0542391 0.0396944 0.0570835 0.0406422 0.0381218 0.0362104 0.0457942 0.0380855 0.0557073 0.0622126 0.0684214 0.0381868 0.0526405 0.0561059 0.0558143 0.0570613 0.0450495 0.0653876 0.0573810 0.0564207 0.0576126 0.0522665 0.0871872 0.0679709 0.0770729 0.0625844 0.0647158 0.0460364 0.0502963 0.0434122 0.0563196 0.0546584 0.0373159 0.0495208 0.0524273 0.0561201 0.0454380 0.0438520 0.0385828 0.0535686 0.0522897 0.0397865 0.0388668 0.0522296 0.0533825 0.0381091 0.0438777 0.0632881 0.0584696 0.0447594 0.0567017 0.0625079 0.0560850 0.0542963 0.0402973 0.0403588 0.0532934 0.0576898 0.0423237 0.0377079 0.0397739 0.0482962 0.0508042 0.0509396 0.0580008 0.0365183 0.0349620 0.0583813 0.0490333 0.0470483 0.0429088 0.0369783 0.0454423 0.0573835 0.0564961 0.0359923 0.0610647 0.0387853 0.0375996 0.0377813 0.0451247 0.0480706 0.0560796 0.0455507 0.0404620 0.0388552 0.0416533 0.0499502 0.0411936 0.0547372 0.0414939 0.0354119 0.0572533 0.0525748 0.0395975 0.0589920 0.0629977 0.0479745 0.0373706 0.0383540 0.0369499 0.0619357 0.0485963 0.0464689 0.0622380 0.0378335 0.0627033 0.0411661 0.0430796 0.0363282 0.0544273 0.0585147 0.0591463 0.0431435 0.0601995 0.0418000 0.0487948 0.0446040 0.0353687 0.0387223 0.0351020 0.0502045 0.0382834 0.0642866 0.0534292 0.0450873 0.0379550 0.0533384 0.0697983 0.0541118 0.0526557 0.0341213 0.0399201 0.0395543 0.0395634 0.0389992 0.0408903 0.0522521 0.0544037 0.0424013 0.0572848 0.0541056 0.0407458 0.0829522 0.0391149 0.0447986 0.0414375 0.0589392 0.0560684 0.0367834 0.0370380 0.0361583 0.0401411 0.0664052 0.0390404 0.0680199 0.0632143 0.0555659 0.0570520 0.1202546 0.0558084 0.0655572 0.0626455 0.0479426 0.0454782 0.0545308 
I0188_135_Apodidae_Streptoprocne_zonaris                  0.0341495 0.0481594 0.0482749 0.0000000 0.0509793 0.0462354 0.0485407 0.0384305 0.0401937 0.0610857 0.0510722 0.0360072 0.0540504 0.0474436 0.0544624 0.0518185 0.0400863 0.0284693 0.0503230 0.0314888 0.0506622 0.0350668 0.0523327 0.0350130 0.0335327 0.0312971 0.0416322 0.0352987 0.0512830 0.0605963 0.0671268 0.0346678 0.0500596 0.0504746 0.0426346 0.0437170 0.0401343 0.0626010 0.0534510 0.0512613 0.0526868 0.0476858 0.0873516 0.0637209 0.0757732 0.0583455 0.0620792 0.0431461 0.0437981 0.0404104 0.0507392 0.0505780 0.0345112 0.0442296 0.0485110 0.0518404 0.0406542 0.0368491 0.0361413 0.0502209 0.0171694 0.0366074 0.0340524 0.0499317 0.0489880 0.0337983 0.0366617 0.0584727 0.0536269 0.0383695 0.0522791 0.0583758 0.0506169 0.0501714 0.0387849 0.0371890 0.0495166 0.0512801 0.0372916 0.0346178 0.0356657 0.0438874 0.0481501 0.0466473 0.0535079 0.0315754 0.0314537 0.0453105 0.0445289 0.0426487 0.0389998 0.0321669 0.0412973 0.0532429 0.0508103 0.0317892 0.0576709 0.0347409 0.0346043 0.0337316 0.0436841 0.0438865 0.0489809 0.0455062 0.0377863 0.0343886 0.0368911 0.0450038 0.0370559 0.0492305 0.0362649 0.0305959 0.0522744 0.0487328 0.0353170 0.0555316 0.0584707 0.0432964 0.0333793 0.0365212 0.0325904 0.0568306 0.0191128 0.0432077 0.0561630 0.0332503 0.0633823 0.0360212 0.0340703 0.0317465 0.0495669 0.0532848 0.0536694 0.0366117 0.0547939 0.0372349 0.0437720 0.0404390 0.0313065 0.0345543 0.0313134 0.0461572 0.0347985 0.0581762 0.0490215 0.0413416 0.0343395 0.0492081 0.0635329 0.0502289 0.0484416 0.0308307 0.0361262 0.0359880 0.0370465 0.0356290 0.0363726 0.0459994 0.0474968 0.0384037 0.0531617 0.0505538 0.0375095 0.0801054 0.0341363 0.0405472 0.0366260 0.0513550 0.0542315 0.0322705 0.0340808 0.0327404 0.0362099 0.0598838 0.0354689 0.0629756 0.0577226 0.0525273 0.0516623 0.1156115 0.0536750 0.0621547 0.0596874 0.0432887 0.0419447 0.0488606 
I0189_225_Eurylaimidae_Smithornis_rufolateralis           0.0426242 0.0539461 0.0559300 0.0509793 0.0000000 0.0551755 0.0558865 0.0467375 0.0491916 0.0649404 0.0576218 0.0454958 0.0402493 0.0547227 0.0607181 0.0332396 0.0477559 0.0363383 0.0317973 0.0397218 0.0314931 0.0443824 0.0331820 0.0432691 0.0428709 0.0402118 0.0508384 0.0434169 0.0578692 0.0463804 0.0523879 0.0423461 0.0306260 0.0321222 0.0575541 0.0584816 0.0504272 0.0479259 0.0336602 0.0330350 0.0341373 0.0292685 0.0920336 0.0715516 0.0810075 0.0453538 0.0693394 0.0506321 0.0521037 0.0474620 0.0334139 0.0311643 0.0419288 0.0528327 0.0303359 0.0334967 0.0500329 0.0467034 0.0427774 0.0319206 0.0552880 0.0441608 0.0439316 0.0300653 0.0569491 0.0426123 0.0468576 0.0664964 0.0616136 0.0480881 0.0585917 0.0662242 0.0325198 0.0314120 0.0445510 0.0445190 0.0297083 0.0583576 0.0449300 0.0427781 0.0437607 0.0525706 0.0551796 0.0538709 0.0595281 0.0397572 0.0396006 0.0607655 0.0532495 0.0503299 0.0471014 0.0419668 0.0484147 0.0603529 0.0579216 0.0406607 0.0645503 0.0441474 0.0421921 0.0424518 0.0485379 0.0514042 0.0591439 0.0503490 0.0449450 0.0436728 0.0470548 0.0536342 0.0451896 0.0565746 0.0448777 0.0393611 0.0344305 0.0564381 0.0436618 0.0417771 0.0663604 0.0519167 0.0414970 0.0425956 0.0412764 0.0324741 0.0516419 0.0506963 0.0655278 0.0424634 0.0672009 0.0448458 0.0463284 0.0416899 0.0578637 0.0597399 0.0612516 0.0459579 0.0296826 0.0463678 0.0526116 0.0487207 0.0406578 0.0432348 0.0405353 0.0536253 0.0426669 0.0637592 0.0581636 0.0493019 0.0429522 0.0568447 0.0722749 0.0358291 0.0303476 0.0389862 0.0445881 0.0441734 0.0436804 0.0437398 0.0447984 0.0541036 0.0564556 0.0472521 0.0350919 0.0315309 0.0461998 0.0887999 0.0437155 0.0503802 0.0466471 0.0269030 0.0394674 0.0418095 0.0424462 0.0406026 0.0442107 0.0704004 0.0434033 0.0489334 0.0445566 0.0392030 0.0211297 0.1172655 0.0387933 0.0480837 0.0458727 0.0520966 0.0500270 0.0389391 
I0190_295_Trogonidae_Apaloderma_aequatoriale              0.0363958 0.0474771 0.0155060 0.0462354 0.0551755 0.0000000 0.0515160 0.0409385 0.0434428 0.0597468 0.0544569 0.0399570 0.0551686 0.0488540 0.0529419 0.0551700 0.0424504 0.0308535 0.0524784 0.0333076 0.0529361 0.0382362 0.0555957 0.0394312 0.0370573 0.0345961 0.0450378 0.0369159 0.0543774 0.0611755 0.0670150 0.0365627 0.0509767 0.0541883 0.0544545 0.0555626 0.0438010 0.0635440 0.0559435 0.0543866 0.0564275 0.0507808 0.0887457 0.0666615 0.0769199 0.0605906 0.0628041 0.0456001 0.0492266 0.0420011 0.0543738 0.0534052 0.0361695 0.0484812 0.0508511 0.0544968 0.0449450 0.0423903 0.0376179 0.0516966 0.0518473 0.0385033 0.0373860 0.0509189 0.0518982 0.0368528 0.0425718 0.0621321 0.0567476 0.0427199 0.0549770 0.0614690 0.0543262 0.0533649 0.0392003 0.0387332 0.0517978 0.0554563 0.0408029 0.0368462 0.0382303 0.0468022 0.0491681 0.0500449 0.0561696 0.0344209 0.0337478 0.0567753 0.0477146 0.0454863 0.0415584 0.0358614 0.0442914 0.0559277 0.0540071 0.0347814 0.0595076 0.0372528 0.0366617 0.0369649 0.0437483 0.0464944 0.0552647 0.0447508 0.0393370 0.0374009 0.0409087 0.0484817 0.0400384 0.0533191 0.0403562 0.0336462 0.0565069 0.0522148 0.0382464 0.0575057 0.0617746 0.0470642 0.0360998 0.0374798 0.0351999 0.0611872 0.0472628 0.0450050 0.0609670 0.0363426 0.0618760 0.0397393 0.0420170 0.0346917 0.0534730 0.0567586 0.0579835 0.0420947 0.0591279 0.0414564 0.0476286 0.0426960 0.0338098 0.0373414 0.0334857 0.0492269 0.0371264 0.0622513 0.0521500 0.0430206 0.0369629 0.0525114 0.0685561 0.0527887 0.0515662 0.0330260 0.0391103 0.0385373 0.0386737 0.0377329 0.0396913 0.0507076 0.0513454 0.0420064 0.0564923 0.0527452 0.0399359 0.0835797 0.0378713 0.0435996 0.0410491 0.0575286 0.0540290 0.0356514 0.0362022 0.0347026 0.0386771 0.0650724 0.0376505 0.0653102 0.0607321 0.0546414 0.0558098 0.1196273 0.0538239 0.0632156 0.0614804 0.0469729 0.0441866 0.0523831 
I0191_344_Indicatoridae_Indicator_exilis                  0.0414227 0.0495513 0.0541091 0.0485407 0.0558865 0.0515160 0.0000000 0.0444538 0.0480738 0.0627589 0.0317232 0.0428991 0.0589901 0.0519615 0.0558056 0.0577182 0.0484735 0.0355267 0.0584590 0.0390049 0.0579959 0.0434530 0.0586617 0.0427273 0.0416558 0.0383653 0.0491602 0.0423433 0.0225381 0.0650692 0.0721591 0.0417471 0.0562497 0.0586656 0.0567148 0.0574609 0.0484934 0.0669137 0.0586554 0.0596706 0.0603539 0.0565870 0.0929139 0.0720883 0.0817415 0.0648973 0.0647416 0.0465433 0.0511618 0.0478831 0.0581667 0.0573021 0.0407029 0.0502481 0.0567907 0.0575111 0.0487344 0.0453520 0.0416683 0.0576562 0.0524837 0.0431130 0.0418085 0.0558733 0.0544114 0.0410281 0.0442370 0.0636486 0.0599742 0.0474614 0.0231299 0.0639974 0.0573733 0.0588546 0.0433432 0.0429251 0.0555221 0.0326894 0.0398126 0.0413603 0.0434120 0.0498186 0.0514835 0.0467025 0.0534164 0.0379903 0.0378189 0.0588989 0.0534981 0.0478120 0.0457168 0.0398602 0.0442610 0.0595884 0.0314690 0.0385962 0.0631035 0.0426834 0.0405929 0.0409364 0.0484344 0.0453535 0.0575802 0.0503956 0.0438464 0.0422416 0.0455223 0.0503281 0.0447974 0.0542048 0.0443108 0.0374448 0.0597428 0.0557838 0.0425424 0.0609327 0.0633592 0.0486472 0.0399048 0.0411284 0.0398537 0.0647818 0.0497469 0.0481943 0.0630256 0.0407762 0.0634075 0.0443866 0.0448612 0.0394297 0.0579361 0.0337607 0.0610063 0.0453006 0.0615259 0.0456324 0.0519790 0.0470328 0.0386297 0.0417318 0.0385338 0.0530965 0.0427290 0.0656900 0.0559432 0.0479623 0.0409812 0.0544883 0.0700591 0.0569687 0.0572256 0.0368517 0.0425473 0.0429956 0.0432167 0.0418049 0.0435380 0.0531979 0.0560390 0.0470380 0.0596782 0.0583782 0.0458109 0.0888842 0.0414435 0.0484919 0.0438315 0.0585080 0.0595414 0.0399816 0.0403624 0.0386084 0.0426037 0.0662300 0.0416355 0.0689325 0.0635904 0.0586570 0.0577673 0.1170298 0.0587321 0.0679706 0.0651067 0.0518081 0.0468019 0.0548119 
I0192_375_Musophagidae_Tauraco_macrorhynchus              0.0283643 0.0419135 0.0415730 0.0384305 0.0467375 0.0409385 0.0444538 0.0000000 0.0344486 0.0543879 0.0478599 0.0157514 0.0493763 0.0420112 0.0483405 0.0473823 0.0343474 0.0215454 0.0457984 0.0244981 0.0463916 0.0289230 0.0489197 0.0304952 0.0277706 0.0241952 0.0368350 0.0284871 0.0473349 0.0556016 0.0621739 0.0281355 0.0450736 0.0468058 0.0447611 0.0460720 0.0354467 0.0575322 0.0481997 0.0483933 0.0493285 0.0443378 0.0815781 0.0592461 0.0696985 0.0542453 0.0573724 0.0365502 0.0401432 0.0349333 0.0478380 0.0470022 0.0261868 0.0410005 0.0444868 0.0468033 0.0358862 0.0330202 0.0280798 0.0455761 0.0415440 0.0307917 0.0277053 0.0450983 0.0428017 0.0277050 0.0328810 0.0544694 0.0490331 0.0356790 0.0484977 0.0527445 0.0472069 0.0456838 0.0310119 0.0308680 0.0451525 0.0494795 0.0333330 0.0286418 0.0286585 0.0398834 0.0415773 0.0417109 0.0486564 0.0250092 0.0246598 0.0475566 0.0401056 0.0383974 0.0321063 0.0264151 0.0359206 0.0481007 0.0478502 0.0256417 0.0520887 0.0289833 0.0282007 0.0265270 0.0356807 0.0390304 0.0469091 0.0373497 0.0315568 0.0279989 0.0320882 0.0413422 0.0314571 0.0440390 0.0300929 0.0236648 0.0485533 0.0438795 0.0286598 0.0513153 0.0533410 0.0394463 0.0259903 0.0304683 0.0255717 0.0538550 0.0376200 0.0382278 0.0516731 0.0266879 0.0568178 0.0305956 0.0317710 0.0242500 0.0439595 0.0501647 0.0476847 0.0319993 0.0509390 0.0307701 0.0393182 0.0342243 0.0239243 0.0276866 0.0238630 0.0421075 0.0282510 0.0535288 0.0455991 0.0350801 0.0266723 0.0450495 0.0595056 0.0442676 0.0447211 0.0229705 0.0288927 0.0292227 0.0289728 0.0293204 0.0303487 0.0420009 0.0434581 0.0330252 0.0481550 0.0459803 0.0310788 0.0768355 0.0282634 0.0357779 0.0316714 0.0485395 0.0488013 0.0263768 0.0279982 0.0250346 0.0303214 0.0559335 0.0290526 0.0595440 0.0544599 0.0481030 0.0476586 0.1103719 0.0482547 0.0575661 0.0559373 0.0379152 0.0356835 0.0443595 
I0193_447_Columbidae_Treron_calvus                        0.0307842 0.0450641 0.0449127 0.0401937 0.0491916 0.0434428 0.0480738 0.0344486 0.0000000 0.0573340 0.0499307 0.0321962 0.0510367 0.0446400 0.0501681 0.0492282 0.0365155 0.0189594 0.0477581 0.0272401 0.0479553 0.0312697 0.0502592 0.0324861 0.0301759 0.0268082 0.0130454 0.0310431 0.0497773 0.0565810 0.0640046 0.0303970 0.0465260 0.0492649 0.0469769 0.0481341 0.0124037 0.0589209 0.0500706 0.0503062 0.0506048 0.0457897 0.0844098 0.0602790 0.0723720 0.0562830 0.0602149 0.0396437 0.0418238 0.0367003 0.0502840 0.0485386 0.0296201 0.0423264 0.0462633 0.0491543 0.0131878 0.0351648 0.0313493 0.0477213 0.0439512 0.0330279 0.0305356 0.0459681 0.0448747 0.0305457 0.0353397 0.0561338 0.0513192 0.0362879 0.0518626 0.0545675 0.0498439 0.0480523 0.0332842 0.0330960 0.0466604 0.0519361 0.0276304 0.0311919 0.0312978 0.0413514 0.0457141 0.0439756 0.0516166 0.0270740 0.0280781 0.0508899 0.0424744 0.0403801 0.0352417 0.0291456 0.0388659 0.0507033 0.0508901 0.0275901 0.0548530 0.0310144 0.0310762 0.0296743 0.0382482 0.0419470 0.0483899 0.0396704 0.0339334 0.0304458 0.0355332 0.0427603 0.0340605 0.0454429 0.0325818 0.0259074 0.0506864 0.0463486 0.0317523 0.0530844 0.0550044 0.0413994 0.0292994 0.0333552 0.0289299 0.0564426 0.0413660 0.0403369 0.0534598 0.0293684 0.0602138 0.0326929 0.0350854 0.0276686 0.0472391 0.0530096 0.0498773 0.0341631 0.0536806 0.0333322 0.0413902 0.0371283 0.0271781 0.0309448 0.0268848 0.0434155 0.0307424 0.0567012 0.0464843 0.0379684 0.0303834 0.0474641 0.0616578 0.0472074 0.0469447 0.0260162 0.0315970 0.0318489 0.0323294 0.0321698 0.0320046 0.0439879 0.0457865 0.0354526 0.0503165 0.0477834 0.0340999 0.0789745 0.0316808 0.0113902 0.0333281 0.0506272 0.0510162 0.0293131 0.0306844 0.0279979 0.0336463 0.0572795 0.0317485 0.0609131 0.0561624 0.0496195 0.0509549 0.1109810 0.0502428 0.0598469 0.0571802 0.0400151 0.0385655 0.0473404 
I0194_495_Alcedinidae_Alcedo_quadribrachys                0.0524935 0.0509629 0.0604087 0.0610857 0.0649404 0.0597468 0.0627589 0.0543879 0.0573340 0.0000000 0.0647765 0.0531267 0.0660874 0.0613111 0.0604563 0.0660579 0.0540089 0.0459245 0.0640024 0.0500052 0.0638393 0.0533963 0.0681865 0.0519521 0.0521344 0.0513119 0.0588659 0.0529018 0.0643629 0.0690113 0.0736965 0.0521857 0.0642053 0.0646877 0.0674540 0.0674337 0.0586949 0.0718588 0.0681185 0.0662892 0.0667605 0.0629716 0.0954747 0.0763088 0.0841294 0.0689366 0.0741308 0.0493358 0.0608787 0.0578855 0.0666951 0.0656360 0.0512189 0.0614130 0.0631959 0.0656195 0.0586141 0.0586737 0.0529444 0.0645993 0.0642856 0.0537439 0.0516089 0.0617925 0.0662555 0.0523454 0.0562024 0.0739022 0.0711691 0.0584926 0.0653422 0.0746071 0.0660714 0.0645953 0.0541851 0.0541205 0.0646993 0.0660464 0.0508367 0.0530019 0.0535007 0.0611059 0.0416153 0.0604216 0.0667526 0.0505622 0.0496100 0.0681521 0.0584812 0.0594295 0.0556092 0.0515704 0.0528279 0.0704220 0.0655269 0.0502090 0.0741092 0.0527736 0.0529269 0.0521447 0.0573394 0.0535006 0.0656178 0.0600134 0.0549752 0.0524642 0.0554934 0.0630023 0.0550102 0.0678828 0.0560772 0.0502795 0.0663455 0.0638440 0.0538246 0.0679572 0.0746831 0.0607188 0.0521150 0.0540419 0.0511944 0.0664402 0.0614183 0.0585880 0.0734790 0.0509911 0.0705843 0.0537069 0.0554553 0.0504649 0.0634250 0.0661560 0.0676154 0.0574624 0.0697200 0.0555898 0.0583598 0.0564154 0.0502642 0.0519143 0.0494988 0.0617009 0.0526658 0.0705481 0.0652551 0.0572327 0.0514985 0.0660060 0.0807941 0.0626137 0.0640208 0.0485332 0.0535444 0.0530289 0.0533803 0.0530714 0.0533394 0.0627971 0.0626173 0.0541035 0.0668934 0.0630011 0.0522712 0.0903067 0.0517592 0.0579271 0.0539862 0.0657292 0.0659174 0.0516673 0.0526285 0.0502291 0.0539814 0.0786359 0.0522474 0.0715431 0.0698546 0.0652378 0.0644419 0.1324430 0.0654184 0.0716427 0.0691278 0.0581254 0.0566137 0.0643436 
I0195_522_Ramphastidae_Buccanodon_duchaillui              0.0438982 0.0510477 0.0561065 0.0510722 0.0576218 0.0544569 0.0317232 0.0478599 0.0499307 0.0647765 0.0000000 0.0459529 0.0620833 0.0548865 0.0590610 0.0597578 0.0504808 0.0373547 0.0597873 0.0408050 0.0589323 0.0449238 0.0600054 0.0447858 0.0435051 0.0410328 0.0517810 0.0434453 0.0329906 0.0687923 0.0746623 0.0434494 0.0572176 0.0586052 0.0586503 0.0604902 0.0508802 0.0693114 0.0610698 0.0601955 0.0621856 0.0570055 0.0944069 0.0731168 0.0826633 0.0680160 0.0670250 0.0483272 0.0533111 0.0494173 0.0594418 0.0599326 0.0433894 0.0532627 0.0575450 0.0595898 0.0507667 0.0471060 0.0431742 0.0591107 0.0556440 0.0456347 0.0441545 0.0563922 0.0568700 0.0437556 0.0472551 0.0672493 0.0620078 0.0480700 0.0342693 0.0658440 0.0599477 0.0600089 0.0458661 0.0460532 0.0576062 0.0234154 0.0416330 0.0438026 0.0449841 0.0529759 0.0533483 0.0484774 0.0554997 0.0408891 0.0395947 0.0611374 0.0549593 0.0508785 0.0485027 0.0424715 0.0463061 0.0605541 0.0218947 0.0413773 0.0642039 0.0442036 0.0426937 0.0433566 0.0499872 0.0481907 0.0594841 0.0515244 0.0460008 0.0437981 0.0485826 0.0533309 0.0461121 0.0558209 0.0466218 0.0397583 0.0609627 0.0567838 0.0448420 0.0635813 0.0656100 0.0519095 0.0418791 0.0442389 0.0421560 0.0651873 0.0522831 0.0513222 0.0643061 0.0433906 0.0656389 0.0466164 0.0478954 0.0421522 0.0599276 0.0270211 0.0624909 0.0463963 0.0632885 0.0480026 0.0540850 0.0482288 0.0412921 0.0443199 0.0407475 0.0546472 0.0439984 0.0665060 0.0580185 0.0496211 0.0424368 0.0568837 0.0702315 0.0587059 0.0574243 0.0390683 0.0449771 0.0455235 0.0442547 0.0436731 0.0458725 0.0544827 0.0576713 0.0497192 0.0618227 0.0596389 0.0479517 0.0899069 0.0438000 0.0507044 0.0467275 0.0603336 0.0619305 0.0424440 0.0421938 0.0413326 0.0442355 0.0680493 0.0435818 0.0717566 0.0663466 0.0613264 0.0604159 0.1168682 0.0612654 0.0717405 0.0688415 0.0539132 0.0497778 0.0566870 
I0196_523_Musophagidae_Corythaeola_cristata               0.0259495 0.0400656 0.0399937 0.0360072 0.0454958 0.0399570 0.0428991 0.0157514 0.0321962 0.0531267 0.0459529 0.0000000 0.0483436 0.0405976 0.0468436 0.0472736 0.0321033 0.0191549 0.0442480 0.0221218 0.0448532 0.0262899 0.0482753 0.0294488 0.0242731 0.0217892 0.0341050 0.0257000 0.0452220 0.0556351 0.0616642 0.0260548 0.0437052 0.0455680 0.0424812 0.0434426 0.0335350 0.0568750 0.0480595 0.0466452 0.0477439 0.0426230 0.0806644 0.0575011 0.0675675 0.0538106 0.0561871 0.0351514 0.0369594 0.0330586 0.0474730 0.0451729 0.0243689 0.0388502 0.0428269 0.0470767 0.0335508 0.0306257 0.0258434 0.0442300 0.0397545 0.0284343 0.0260709 0.0436585 0.0404459 0.0249842 0.0314062 0.0504038 0.0457005 0.0331776 0.0466429 0.0499644 0.0466480 0.0445604 0.0288307 0.0288971 0.0434900 0.0469894 0.0305541 0.0259144 0.0264885 0.0372045 0.0405664 0.0395141 0.0460178 0.0224183 0.0224308 0.0455816 0.0378110 0.0360903 0.0304034 0.0234772 0.0338237 0.0452530 0.0458572 0.0236753 0.0490210 0.0260468 0.0263571 0.0240535 0.0342278 0.0370371 0.0449770 0.0356692 0.0293918 0.0255776 0.0304760 0.0389196 0.0281774 0.0412269 0.0276254 0.0209641 0.0472880 0.0415165 0.0261508 0.0507538 0.0504095 0.0370577 0.0239081 0.0280400 0.0233910 0.0536443 0.0360115 0.0356245 0.0487698 0.0241858 0.0558763 0.0271053 0.0297986 0.0220072 0.0430804 0.0484513 0.0444638 0.0292327 0.0503071 0.0281744 0.0373704 0.0323113 0.0215565 0.0260202 0.0217619 0.0395176 0.0256768 0.0524370 0.0437689 0.0327401 0.0245119 0.0435450 0.0559210 0.0440538 0.0435696 0.0202314 0.0268956 0.0268223 0.0272243 0.0267960 0.0283694 0.0382701 0.0403976 0.0313046 0.0469459 0.0450428 0.0294542 0.0760905 0.0261342 0.0330672 0.0282375 0.0475701 0.0477555 0.0238225 0.0258149 0.0226309 0.0284463 0.0537683 0.0264756 0.0594397 0.0537038 0.0475802 0.0469763 0.1068466 0.0471748 0.0574535 0.0550453 0.0356144 0.0350855 0.0437156 
I0197_832_Corvidae_Corvus_albus                           0.0454843 0.0571626 0.0564157 0.0540504 0.0402493 0.0551686 0.0589901 0.0493763 0.0510367 0.0660874 0.0620833 0.0483436 0.0000000 0.0566852 0.0630631 0.0413433 0.0508415 0.0391997 0.0401268 0.0423703 0.0393341 0.0468774 0.0419123 0.0477187 0.0460164 0.0425938 0.0533603 0.0457764 0.0614051 0.0248996 0.0324688 0.0459033 0.0391065 0.0404945 0.0610378 0.0619777 0.0521930 0.0272638 0.0416890 0.0416312 0.0433922 0.0376718 0.0926024 0.0731490 0.0815030 0.0242659 0.0722040 0.0536644 0.0545663 0.0502729 0.0411921 0.0400025 0.0454252 0.0561799 0.0384971 0.0421062 0.0526001 0.0507993 0.0460681 0.0398808 0.0573654 0.0468699 0.0457774 0.0380720 0.0598769 0.0459058 0.0497368 0.0681085 0.0635295 0.0509475 0.0627356 0.0686297 0.0410719 0.0403106 0.0474873 0.0476081 0.0386475 0.0634476 0.0469075 0.0455032 0.0469714 0.0547717 0.0580315 0.0577968 0.0634288 0.0424382 0.0427095 0.0625252 0.0558411 0.0536043 0.0488616 0.0451890 0.0519689 0.0631885 0.0623205 0.0433654 0.0676501 0.0465914 0.0453991 0.0455406 0.0515146 0.0541740 0.0606221 0.0536283 0.0483375 0.0458868 0.0488893 0.0569234 0.0486242 0.0599406 0.0470813 0.0422653 0.0430177 0.0588322 0.0472353 0.0308821 0.0692764 0.0548022 0.0448648 0.0465474 0.0451187 0.0500540 0.0541991 0.0538401 0.0681332 0.0439337 0.0709564 0.0476075 0.0494350 0.0440991 0.0597834 0.0628046 0.0653885 0.0501248 0.0468837 0.0483701 0.0558962 0.0519283 0.0434654 0.0461673 0.0430998 0.0563589 0.0457290 0.0684578 0.0595109 0.0527501 0.0463092 0.0586800 0.0745038 0.0281911 0.0389146 0.0416116 0.0468162 0.0470620 0.0469299 0.0465809 0.0474993 0.0584149 0.0603471 0.0501461 0.0421959 0.0393335 0.0489934 0.0894868 0.0465417 0.0521330 0.0485780 0.0436801 0.0282075 0.0449504 0.0444740 0.0434755 0.0476187 0.0727682 0.0460590 0.0289998 0.0237920 0.0113075 0.0427415 0.1241353 0.0279994 0.0273895 0.0257028 0.0546034 0.0521827 0.0427572 
I0198_937_Bucerotidae_Tockus_camurus                      0.0375701 0.0491015 0.0503185 0.0474436 0.0547227 0.0488540 0.0519615 0.0420112 0.0446400 0.0613111 0.0548865 0.0405976 0.0566852 0.0000000 0.0570470 0.0556133 0.0442506 0.0311832 0.0541780 0.0351498 0.0541995 0.0401366 0.0559812 0.0391037 0.0375925 0.0355089 0.0465948 0.0379628 0.0534652 0.0630796 0.0695269 0.0384594 0.0532095 0.0562561 0.0542143 0.0562187 0.0452944 0.0645265 0.0562087 0.0563821 0.0569468 0.0523055 0.0904703 0.0668470 0.0784948 0.0624307 0.0594255 0.0450865 0.0478903 0.0434160 0.0560745 0.0548524 0.0365768 0.0500700 0.0529656 0.0545467 0.0461547 0.0432021 0.0385576 0.0531949 0.0522989 0.0397541 0.0385663 0.0522823 0.0521122 0.0385801 0.0420191 0.0641967 0.0585033 0.0442585 0.0547436 0.0631283 0.0553178 0.0548209 0.0405105 0.0400079 0.0529883 0.0560714 0.0401370 0.0377371 0.0401116 0.0486800 0.0487069 0.0482954 0.0555886 0.0355107 0.0347171 0.0566766 0.0491835 0.0477593 0.0429001 0.0370033 0.0432995 0.0575928 0.0554683 0.0354930 0.0610414 0.0385710 0.0369600 0.0375983 0.0465014 0.0459192 0.0547380 0.0480207 0.0402835 0.0384275 0.0423311 0.0498771 0.0419810 0.0533339 0.0409977 0.0349767 0.0584153 0.0519886 0.0401201 0.0598608 0.0633151 0.0487643 0.0368508 0.0386742 0.0371333 0.0621975 0.0487663 0.0473341 0.0617561 0.0378294 0.0591068 0.0413865 0.0429288 0.0357804 0.0540603 0.0574832 0.0585707 0.0420214 0.0586248 0.0419452 0.0483844 0.0432008 0.0351595 0.0373310 0.0347699 0.0500168 0.0387609 0.0631735 0.0534220 0.0441188 0.0381945 0.0532337 0.0696802 0.0540126 0.0539079 0.0334052 0.0401210 0.0386721 0.0403434 0.0392003 0.0401632 0.0509225 0.0532520 0.0435593 0.0558572 0.0540401 0.0428081 0.0851333 0.0381846 0.0459991 0.0401631 0.0563077 0.0573062 0.0363779 0.0376194 0.0359347 0.0398624 0.0664608 0.0390896 0.0672380 0.0618191 0.0564838 0.0560856 0.1196945 0.0570134 0.0664439 0.0643229 0.0482027 0.0206506 0.0521087 
I0199_955_Meropidae_Merops_muelleri                       0.0441333 0.0514392 0.0547579 0.0544624 0.0607181 0.0529419 0.0558056 0.0483405 0.0501681 0.0604563 0.0590610 0.0468436 0.0630631 0.0570470 0.0000000 0.0608132 0.0507632 0.0382037 0.0595043 0.0419015 0.0599109 0.0464350 0.0624727 0.0461820 0.0456213 0.0430338 0.0516463 0.0465648 0.0574773 0.0678875 0.0735731 0.0461337 0.0582361 0.0594077 0.0590997 0.0608270 0.0512630 0.0694096 0.0610611 0.0618494 0.0623049 0.0582313 0.0920318 0.0721075 0.0821429 0.0661223 0.0696854 0.0460606 0.0556803 0.0512260 0.0598779 0.0595290 0.0437997 0.0544805 0.0591797 0.0597855 0.0520399 0.0507900 0.0458396 0.0600137 0.0573966 0.0464546 0.0454611 0.0573572 0.0603869 0.0458739 0.0494494 0.0683374 0.0635802 0.0498750 0.0582978 0.0687260 0.0603459 0.0599801 0.0482997 0.0466795 0.0588557 0.0600313 0.0456201 0.0443960 0.0470182 0.0539781 0.0514708 0.0554618 0.0616117 0.0420142 0.0415714 0.0620489 0.0549608 0.0517753 0.0497057 0.0445400 0.0450607 0.0626008 0.0591749 0.0435931 0.0651594 0.0477142 0.0447462 0.0459267 0.0505436 0.0450992 0.0579610 0.0519989 0.0468609 0.0468086 0.0496398 0.0550635 0.0489156 0.0605991 0.0488838 0.0423463 0.0625911 0.0575609 0.0466683 0.0629299 0.0690301 0.0540809 0.0439882 0.0457262 0.0438515 0.0688617 0.0554555 0.0531358 0.0680505 0.0443755 0.0700460 0.0473643 0.0486660 0.0433597 0.0604110 0.0609246 0.0630014 0.0495431 0.0656580 0.0486091 0.0554273 0.0518286 0.0428119 0.0455534 0.0426008 0.0576952 0.0454980 0.0679140 0.0577438 0.0523595 0.0460173 0.0579316 0.0760130 0.0589428 0.0598117 0.0422054 0.0475232 0.0474513 0.0465174 0.0451199 0.0473102 0.0594338 0.0607078 0.0497208 0.0617963 0.0589410 0.0479521 0.0888277 0.0462928 0.0509871 0.0487326 0.0625714 0.0625248 0.0446529 0.0445497 0.0427989 0.0455640 0.0720899 0.0450117 0.0706014 0.0669359 0.0618241 0.0625326 0.1218799 0.0621364 0.0692461 0.0677964 0.0540423 0.0518325 0.0603832 
I0200_988_Furnariidae_Furnarius_rufus                     0.0437706 0.0549632 0.0566306 0.0518185 0.0332396 0.0551700 0.0577182 0.0473823 0.0492282 0.0660579 0.0597578 0.0472736 0.0413433 0.0556133 0.0608132 0.0000000 0.0483118 0.0373136 0.0291345 0.0407551 0.0291608 0.0457524 0.0260986 0.0451203 0.0448440 0.0410615 0.0506504 0.0447140 0.0596535 0.0464076 0.0533030 0.0436820 0.0285556 0.0305072 0.0592817 0.0605646 0.0498175 0.0494512 0.0160647 0.0306438 0.0316741 0.0268562 0.0926177 0.0702346 0.0818634 0.0453139 0.0708508 0.0514041 0.0535607 0.0483762 0.0256548 0.0296178 0.0428551 0.0525875 0.0276584 0.0130723 0.0495745 0.0489030 0.0436438 0.0298187 0.0558849 0.0453122 0.0444840 0.0287650 0.0572559 0.0432420 0.0480690 0.0679306 0.0632649 0.0500166 0.0610537 0.0673880 0.0250301 0.0300451 0.0459623 0.0457149 0.0277159 0.0616866 0.0455136 0.0439125 0.0458321 0.0522501 0.0569491 0.0550313 0.0622524 0.0411888 0.0408905 0.0613261 0.0536231 0.0505734 0.0474257 0.0427012 0.0501354 0.0622025 0.0601874 0.0422317 0.0662447 0.0455898 0.0422582 0.0435074 0.0497436 0.0528411 0.0586395 0.0527244 0.0463456 0.0445264 0.0476239 0.0534698 0.0460789 0.0570858 0.0459859 0.0405058 0.0269605 0.0575000 0.0445500 0.0431304 0.0677686 0.0514484 0.0426503 0.0450298 0.0422044 0.0408228 0.0527732 0.0512662 0.0662001 0.0428290 0.0686257 0.0462316 0.0473672 0.0421338 0.0581254 0.0624168 0.0636453 0.0472752 0.0384108 0.0472473 0.0534458 0.0494186 0.0415309 0.0441334 0.0413419 0.0550851 0.0442444 0.0645611 0.0588160 0.0503829 0.0440880 0.0580940 0.0735353 0.0363224 0.0284731 0.0400466 0.0448698 0.0456587 0.0444006 0.0450870 0.0456584 0.0570406 0.0577909 0.0473827 0.0260956 0.0290939 0.0464761 0.0881753 0.0447846 0.0500906 0.0469741 0.0346104 0.0414923 0.0428597 0.0432709 0.0419583 0.0456230 0.0709899 0.0442860 0.0494866 0.0452907 0.0397170 0.0345388 0.1200230 0.0408475 0.0484763 0.0461865 0.0533519 0.0506335 0.0406421 
I0201_999_Scolopacidae_Tringa_solitaria                   0.0291512 0.0428003 0.0430287 0.0400863 0.0477559 0.0424504 0.0484735 0.0343474 0.0365155 0.0540089 0.0504808 0.0321033 0.0508415 0.0442506 0.0507632 0.0483118 0.0000000 0.0240517 0.0468860 0.0269623 0.0465337 0.0243498 0.0494736 0.0308821 0.0250504 0.0274291 0.0374289 0.0266695 0.0509971 0.0575007 0.0637036 0.0306269 0.0458579 0.0477754 0.0461479 0.0477805 0.0364261 0.0593666 0.0496024 0.0490965 0.0499368 0.0449386 0.0846738 0.0627651 0.0732694 0.0556541 0.0596705 0.0394132 0.0413498 0.0371501 0.0490563 0.0476056 0.0289316 0.0417472 0.0451283 0.0484113 0.0374167 0.0354026 0.0302202 0.0461135 0.0434588 0.0321456 0.0309837 0.0452639 0.0441499 0.0299001 0.0350797 0.0556450 0.0502566 0.0359757 0.0508271 0.0551418 0.0478590 0.0463303 0.0337392 0.0324129 0.0463464 0.0519694 0.0353280 0.0292153 0.0248531 0.0413917 0.0443876 0.0438420 0.0517540 0.0273353 0.0267739 0.0500100 0.0249832 0.0403052 0.0346365 0.0289717 0.0383783 0.0494860 0.0505430 0.0271266 0.0530237 0.0261406 0.0298248 0.0292850 0.0373181 0.0403081 0.0474021 0.0394665 0.0334785 0.0258282 0.0350302 0.0429199 0.0329041 0.0447741 0.0331030 0.0264337 0.0504447 0.0448451 0.0310703 0.0522811 0.0557630 0.0404654 0.0287913 0.0307766 0.0278857 0.0524197 0.0400714 0.0396024 0.0534543 0.0291274 0.0586672 0.0259528 0.0346899 0.0274856 0.0452688 0.0534734 0.0479786 0.0340111 0.0518685 0.0266743 0.0246426 0.0353460 0.0262278 0.0306000 0.0264547 0.0428415 0.0236290 0.0481144 0.0475324 0.0363664 0.0294454 0.0470774 0.0610670 0.0459276 0.0456119 0.0253258 0.0313448 0.0318401 0.0312689 0.0317692 0.0323327 0.0425987 0.0443905 0.0104625 0.0497324 0.0465827 0.0110774 0.0796438 0.0303464 0.0369375 0.0333291 0.0495369 0.0500727 0.0280634 0.0297880 0.0279553 0.0323026 0.0570737 0.0315745 0.0601608 0.0553090 0.0490388 0.0476574 0.1129602 0.0496400 0.0597773 0.0559581 0.0232623 0.0382410 0.0478200 
I0202_1066_Cathartidae_Cathartes_burrovianus              0.0154816 0.0309378 0.0318908 0.0284693 0.0363383 0.0308535 0.0355267 0.0215454 0.0189594 0.0459245 0.0373547 0.0191549 0.0391997 0.0311832 0.0382037 0.0373136 0.0240517 0.0000000 0.0362787 0.0136589 0.0358376 0.0185319 0.0374411 0.0194829 0.0155796 0.0134984 0.0223109 0.0177945 0.0370753 0.0453706 0.0527778 0.0168568 0.0348447 0.0375296 0.0348678 0.0365230 0.0209637 0.0476619 0.0380364 0.0375956 0.0388885 0.0340732 0.0727160 0.0488358 0.0600478 0.0456923 0.0471813 0.0265677 0.0307119 0.0238573 0.0377829 0.0369540 0.0163549 0.0297802 0.0343312 0.0372661 0.0217251 0.0231085 0.0177787 0.0349849 0.0322845 0.0195291 0.0187330 0.0350769 0.0317646 0.0167534 0.0229699 0.0436151 0.0388558 0.0253649 0.0379616 0.0416084 0.0368769 0.0361118 0.0210285 0.0197288 0.0347719 0.0388674 0.0228213 0.0165399 0.0192485 0.0285653 0.0322043 0.0303057 0.0386698 0.0140154 0.0038285 0.0386883 0.0299681 0.0272637 0.0221087 0.0157289 0.0251378 0.0376105 0.0373330 0.0144747 0.0413359 0.0178339 0.0162565 0.0159783 0.0266876 0.0289925 0.0366537 0.0278401 0.0201132 0.0170419 0.0223127 0.0301050 0.0202515 0.0321285 0.0202780 0.0124699 0.0382977 0.0328902 0.0178831 0.0416007 0.0419743 0.0284428 0.0147168 0.0184472 0.0156547 0.0443927 0.0288783 0.0274696 0.0393095 0.0153992 0.0473960 0.0196514 0.0220801 0.0139870 0.0354905 0.0398293 0.0382053 0.0220678 0.0409216 0.0207600 0.0285713 0.0239367 0.0136936 0.0173304 0.0133617 0.0311879 0.0183504 0.0459045 0.0339169 0.0249262 0.0162150 0.0334831 0.0478705 0.0352542 0.0349363 0.0123686 0.0179614 0.0182984 0.0194280 0.0168783 0.0197845 0.0316104 0.0335476 0.0229660 0.0376797 0.0363188 0.0212022 0.0671824 0.0176349 0.0212753 0.0211672 0.0386442 0.0391174 0.0160500 0.0166871 0.0140351 0.0197964 0.0442382 0.0169177 0.0501466 0.0440773 0.0379556 0.0382451 0.0986848 0.0385066 0.0486455 0.0455271 0.0275155 0.0252161 0.0355135 
I0203_1087_Tyrannidae_Hymenops_perspicillatus             0.0423987 0.0527076 0.0539677 0.0503230 0.0317973 0.0524784 0.0584590 0.0457984 0.0477581 0.0640024 0.0597873 0.0442480 0.0401268 0.0541780 0.0595043 0.0291345 0.0468860 0.0362787 0.0000000 0.0393952 0.0095084 0.0439271 0.0304827 0.0434416 0.0426106 0.0398429 0.0496674 0.0434458 0.0598953 0.0450048 0.0521515 0.0423112 0.0153956 0.0165655 0.0574954 0.0587634 0.0485772 0.0475442 0.0304167 0.0154522 0.0161202 0.0146829 0.0911357 0.0699688 0.0809387 0.0439252 0.0700799 0.0511548 0.0523908 0.0477340 0.0295302 0.0168460 0.0413915 0.0517181 0.0152435 0.0288994 0.0484375 0.0473638 0.0427438 0.0077807 0.0537590 0.0440694 0.0424748 0.0155498 0.0570651 0.0428573 0.0470256 0.0655897 0.0625068 0.0481540 0.0607275 0.0662972 0.0295273 0.0152940 0.0447469 0.0446553 0.0143065 0.0601261 0.0438125 0.0426075 0.0440435 0.0513221 0.0555413 0.0548132 0.0598454 0.0396746 0.0399831 0.0600413 0.0524293 0.0494346 0.0465907 0.0417361 0.0490688 0.0614030 0.0599277 0.0407834 0.0651112 0.0437226 0.0423258 0.0416261 0.0489874 0.0509800 0.0578402 0.0505449 0.0441189 0.0427993 0.0462817 0.0528977 0.0448981 0.0574968 0.0449482 0.0389070 0.0309087 0.0562020 0.0437329 0.0413428 0.0669701 0.0509775 0.0412618 0.0437221 0.0410943 0.0395547 0.0513580 0.0503853 0.0659268 0.0415447 0.0668449 0.0449722 0.0458632 0.0402614 0.0566152 0.0624765 0.0622568 0.0467366 0.0368566 0.0454855 0.0522631 0.0482818 0.0397762 0.0429890 0.0397865 0.0528919 0.0429643 0.0636349 0.0575479 0.0491130 0.0419783 0.0572047 0.0727117 0.0361327 0.0158041 0.0385641 0.0440332 0.0439417 0.0431291 0.0435440 0.0437695 0.0562073 0.0573399 0.0458931 0.0301622 0.0082114 0.0450198 0.0877716 0.0432002 0.0490451 0.0465684 0.0333501 0.0400035 0.0419117 0.0425744 0.0405805 0.0438268 0.0704456 0.0432030 0.0476027 0.0437186 0.0379765 0.0331674 0.1209124 0.0391262 0.0461306 0.0449361 0.0517655 0.0493375 0.0384294 
I0204_1174_Threskiornithidae_Harpiprion_caerulescens      0.0200535 0.0353340 0.0349569 0.0314888 0.0397218 0.0333076 0.0390049 0.0244981 0.0272401 0.0500052 0.0408050 0.0221218 0.0423703 0.0351498 0.0419015 0.0407551 0.0269623 0.0136589 0.0393952 0.0000000 0.0388318 0.0220801 0.0411667 0.0229672 0.0187361 0.0158775 0.0290308 0.0213052 0.0412405 0.0490442 0.0554548 0.0209638 0.0379261 0.0401840 0.0384017 0.0397783 0.0280322 0.0506495 0.0419211 0.0409007 0.0411985 0.0367023 0.0761479 0.0485436 0.0647334 0.0482454 0.0513848 0.0310205 0.0331157 0.0280862 0.0401357 0.0394894 0.0176847 0.0331673 0.0370084 0.0409080 0.0288256 0.0256450 0.0192994 0.0386685 0.0354140 0.0230027 0.0211356 0.0377414 0.0345481 0.0184025 0.0253353 0.0464253 0.0403584 0.0272084 0.0423293 0.0453636 0.0396663 0.0390847 0.0241313 0.0231611 0.0373040 0.0422249 0.0267677 0.0205104 0.0228459 0.0313899 0.0358339 0.0346673 0.0424413 0.0151716 0.0167011 0.0419104 0.0330067 0.0302227 0.0250570 0.0173447 0.0295539 0.0397849 0.0413251 0.0175014 0.0437190 0.0208815 0.0203993 0.0178355 0.0294751 0.0326592 0.0400652 0.0309283 0.0243129 0.0204391 0.0249405 0.0330093 0.0220536 0.0348948 0.0227825 0.0151847 0.0418284 0.0363014 0.0197417 0.0437577 0.0452469 0.0313325 0.0165626 0.0224472 0.0173708 0.0478200 0.0318729 0.0306237 0.0424787 0.0167119 0.0521459 0.0232544 0.0251805 0.0162428 0.0373531 0.0443480 0.0406696 0.0239838 0.0450676 0.0239412 0.0326467 0.0278321 0.0155994 0.0208674 0.0154880 0.0353257 0.0212004 0.0481549 0.0374929 0.0280190 0.0184695 0.0373256 0.0507062 0.0380727 0.0372582 0.0140658 0.0194729 0.0218816 0.0205913 0.0213254 0.0226944 0.0337240 0.0355472 0.0260527 0.0409086 0.0388447 0.0247742 0.0719890 0.0211782 0.0283240 0.0238265 0.0419177 0.0419659 0.0178627 0.0204483 0.0161150 0.0238383 0.0471738 0.0212810 0.0542873 0.0472660 0.0415442 0.0416734 0.1037479 0.0413290 0.0512789 0.0490064 0.0305565 0.0293437 0.0377563 
