37
Burramyidae_Burramys_parvus                  0.0000000 0.0483844 0.0517758 0.0425942 0.0435723 0.0570060 0.0367383 0.0394801 0.0390713 0.0864186 0.0398650 0.0551506 0.0596804 0.0342840 0.0457680 0.0517003 0.0532275 0.0609866 0.0728092 0.0393475 0.0443759 0.0821720 0.0766266 0.0532483 0.0406977 0.0552603 0.0462159 0.0385586 0.0517744 0.0670880 0.0460769 0.0361998 0.0818498 0.0548583 0.0722941 0.0503679 0.0503679 
Notoryctidae_Notoryctes_typhlops             0.0483844 0.0000000 0.0614136 0.0498692 0.0519373 0.0552041 0.0455919 0.0490155 0.0482329 0.0855391 0.0499684 0.0499005 0.0621733 0.0441750 0.0518430 0.0509153 0.0512831 0.0621833 0.0759213 0.0474372 0.0506772 0.0879568 0.0869812 0.0556846 0.0520461 0.0606769 0.0536931 0.0460937 0.0554340 0.0784082 0.0575392 0.0456921 0.0797187 0.0551357 0.0751908 0.0568509 0.0568509 
Vombatidae_Lasiorhinus_latifrons             0.0517758 0.0614136 0.0000000 0.0518631 0.0524727 0.0687445 0.0489231 0.0540268 0.0488092 0.0971712 0.0533707 0.0623456 0.0698387 0.0479310 0.0586110 0.0605329 0.0635775 0.0759188 0.0791854 0.0500440 0.0577604 0.0990107 0.0926844 0.0661829 0.0500316 0.0615968 0.0602317 0.0498175 0.0670227 0.0778136 0.0609282 0.0528027 0.0933354 0.0654178 0.0833104 0.0573940 0.0573940 
Potoroidae_Bettongia_penicillata             0.0425942 0.0498692 0.0518631 0.0000000 0.0033672 0.0597090 0.0373944 0.0397280 0.0098091 0.0903207 0.0421153 0.0561999 0.0669629 0.0345096 0.0470632 0.0556285 0.0564833 0.0663920 0.0714618 0.0229446 0.0429875 0.0848347 0.0777828 0.0592274 0.0308223 0.0587049 0.0459321 0.0230354 0.0519351 0.0696867 0.0442876 0.0374272 0.0809739 0.0579786 0.0733464 0.0529791 0.0529791 
Potoroidae_Bettongia_lesueur                 0.0435723 0.0519373 0.0524727 0.0033672 0.0000000 0.0586966 0.0373788 0.0413321 0.0098148 0.0905051 0.0411306 0.0563123 0.0659279 0.0359441 0.0469006 0.0567115 0.0554398 0.0660447 0.0730708 0.0238781 0.0438571 0.0837847 0.0792207 0.0582480 0.0313131 0.0606870 0.0461137 0.0230486 0.0530519 0.0702817 0.0438098 0.0379196 0.0811405 0.0580159 0.0749675 0.0491648 0.0491648 
Dasyuridae_Dasyurus_maculatus                0.0570060 0.0552041 0.0687445 0.0597090 0.0586966 0.0000000 0.0497519 0.0545183 0.0564865 0.0948073 0.0544118 0.0156177 0.0313843 0.0499958 0.0643576 0.0162144 0.0092291 0.0246293 0.0819767 0.0556432 0.0579813 0.0904859 0.0841544 0.0184927 0.0581709 0.0591315 0.0576587 0.0522956 0.0731966 0.0844479 0.0685232 0.0533824 0.0887543 0.0089153 0.0807844 0.0164577 0.0164577 
Phalangeridae_Trichosurus_vulpecula          0.0367383 0.0455919 0.0489231 0.0373944 0.0373788 0.0497519 0.0000000 0.0157664 0.0354032 0.0725096 0.0178903 0.0433889 0.0588789 0.0142347 0.0385635 0.0429878 0.0464040 0.0530124 0.0653814 0.0371382 0.0402730 0.0751666 0.0730352 0.0457161 0.0342240 0.0485444 0.0411969 0.0343948 0.0398396 0.0666591 0.0434087 0.0163980 0.0657732 0.0466813 0.0631980 0.0541245 0.0541245 
Phalangeridae_Spilocuscus_maculatus          0.0394801 0.0490155 0.0540268 0.0397280 0.0413321 0.0545183 0.0157664 0.0000000 0.0386679 0.0810932 0.0177449 0.0510261 0.0635785 0.0102560 0.0432098 0.0488946 0.0532211 0.0585201 0.0727570 0.0384763 0.0423804 0.0858423 0.0800018 0.0532598 0.0410114 0.0538036 0.0466377 0.0411637 0.0438029 0.0693568 0.0488050 0.0127246 0.0720322 0.0544482 0.0723222 0.0379347 0.0379347 
Potoroidae_Aepyprymnus_rufescens             0.0390713 0.0482329 0.0488092 0.0098091 0.0098148 0.0564865 0.0354032 0.0386679 0.0000000 0.0862589 0.0401251 0.0534604 0.0636428 0.0325165 0.0422781 0.0528025 0.0531545 0.0629858 0.0697108 0.0201628 0.0414084 0.0839999 0.0782305 0.0549318 0.0298982 0.0574390 0.0459567 0.0202565 0.0512234 0.0683780 0.0417272 0.0353096 0.0769706 0.0553012 0.0715784 0.0416881 0.0416881 
Peramelidae_Perameles_nasuta                 0.0864186 0.0855391 0.0971712 0.0903207 0.0905051 0.0948073 0.0725096 0.0810932 0.0862589 0.0000000 0.0775175 0.0906890 0.0998868 0.0758816 0.0835965 0.0889847 0.0925986 0.0892722 0.0186303 0.0823143 0.0858399 0.1260944 0.1185914 0.0929583 0.0807960 0.0922890 0.0922438 0.0801895 0.0881646 0.1274367 0.0951003 0.0753811 0.0154103 0.0905086 0.0005796 0.0811456 0.0811456 
Phalangeridae_Strigocuscus_pelengensis       0.0398650 0.0499684 0.0533707 0.0421153 0.0411306 0.0544118 0.0178903 0.0177449 0.0401251 0.0775175 0.0000000 0.0511648 0.0636480 0.0147434 0.0425100 0.0484684 0.0531223 0.0579343 0.0697357 0.0399082 0.0446045 0.0797442 0.0774772 0.0521982 0.0413431 0.0541412 0.0480702 0.0400682 0.0454957 0.0708321 0.0487608 0.0136120 0.0669263 0.0548567 0.0702482 0.0420773 0.0420773 
Dasyuridae_Phascogale_tapoatafa              0.0551506 0.0499005 0.0623456 0.0561999 0.0563123 0.0156177 0.0433889 0.0510261 0.0534604 0.0906890 0.0511648 0.0000000 0.0298525 0.0454562 0.0614534 0.0027184 0.0114172 0.0227016 0.0799736 0.0548707 0.0582323 0.0853502 0.0792843 0.0096066 0.0548758 0.0588223 0.0558633 0.0507579 0.0690028 0.0809068 0.0639686 0.0475449 0.0848120 0.0137005 0.0765211 0.0167319 0.0167319 
Dasyuridae_Sminthopsis_macroura              0.0596804 0.0621733 0.0698387 0.0669629 0.0659279 0.0313843 0.0588789 0.0635785 0.0636428 0.0998868 0.0636480 0.0298525 0.0000000 0.0573942 0.0697914 0.0306379 0.0285740 0.0227960 0.0868214 0.0628149 0.0641691 0.0899246 0.0868504 0.0307970 0.0659469 0.0632290 0.0612834 0.0594210 0.0714107 0.0852371 0.0735172 0.0601624 0.0987062 0.0270910 0.0860225 0.0349258 0.0349258 
Phalangeridae_Phalanger_orientalis           0.0342840 0.0441750 0.0479310 0.0345096 0.0359441 0.0499958 0.0142347 0.0102560 0.0325165 0.0758816 0.0147434 0.0454562 0.0573942 0.0000000 0.0401128 0.0429982 0.0475598 0.0523078 0.0670405 0.0333406 0.0392515 0.0767185 0.0734570 0.0472922 0.0366849 0.0496812 0.0421201 0.0339991 0.0404429 0.0649810 0.0434706 0.0052962 0.0670746 0.0498670 0.0649346 0.0419428 0.0419428 
Acrobatidae_Acrobates_pygmaeus               0.0457680 0.0518430 0.0586110 0.0470632 0.0469006 0.0643576 0.0385635 0.0432098 0.0422781 0.0835965 0.0425100 0.0614534 0.0697914 0.0401128 0.0000000 0.0610350 0.0596742 0.0716276 0.0738250 0.0453689 0.0371522 0.0895021 0.0840006 0.0646866 0.0427785 0.0580809 0.0472360 0.0448429 0.0433150 0.0685901 0.0400268 0.0446492 0.0766994 0.0628326 0.0747543 0.0441385 0.0441385 
Dasyuridae_Phascogale_calura                 0.0517003 0.0509153 0.0605329 0.0556285 0.0567115 0.0162144 0.0429878 0.0488946 0.0528025 0.0889847 0.0484684 0.0027184 0.0306379 0.0429982 0.0610350 0.0000000 0.0144797 0.0235892 0.0764132 0.0515587 0.0557638 0.0880100 0.0808633 0.0107256 0.0519872 0.0556718 0.0538889 0.0479539 0.0664092 0.0782830 0.0630369 0.0459162 0.0823222 0.0143308 0.0741623 0.0143991 0.0143991 
Dasyuridae_Sarcophilus_harrisii              0.0532275 0.0512831 0.0635775 0.0564833 0.0554398 0.0092291 0.0464040 0.0532211 0.0531545 0.0925986 0.0531223 0.0114172 0.0285740 0.0475598 0.0596742 0.0144797 0.0000000 0.0238811 0.0804286 0.0540041 0.0571235 0.0869495 0.0812562 0.0153828 0.0544247 0.0553843 0.0570091 0.0505541 0.0727051 0.0829291 0.0628168 0.0490786 0.0892113 0.0061048 0.0787413 0.0164625 0.0164625 
Dasyuridae_Planigale_tenuirostris            0.0609866 0.0621833 0.0759188 0.0663920 0.0660447 0.0246293 0.0530124 0.0585201 0.0629858 0.0892722 0.0579343 0.0227016 0.0227960 0.0523078 0.0716276 0.0235892 0.0238811 0.0000000 0.0840637 0.0612839 0.0640082 0.1027660 0.0913829 0.0228633 0.0640439 0.0645010 0.0597906 0.0599734 0.0752783 0.0915263 0.0767061 0.0519760 0.0897046 0.0234190 0.0795706 0.0224529 0.0224529 
Peramelidae_Echymipera_kalubu                0.0728092 0.0759213 0.0791854 0.0714618 0.0730708 0.0819767 0.0653814 0.0727570 0.0697108 0.0186303 0.0697357 0.0799736 0.0868214 0.0670405 0.0738250 0.0764132 0.0804286 0.0840637 0.0000000 0.0672101 0.0718213 0.1045679 0.1014321 0.0792988 0.0694660 0.0812173 0.0773504 0.0648591 0.0917309 0.1076499 0.0795579 0.0704498 0.0126816 0.0794914 0.0164342 0.0586691 0.0586691 
Macropodidae_Dorcopsulus_vanheurni           0.0393475 0.0474372 0.0500440 0.0229446 0.0238781 0.0556432 0.0371382 0.0384763 0.0201628 0.0823143 0.0399082 0.0548707 0.0628149 0.0333406 0.0453689 0.0515587 0.0540041 0.0612839 0.0672101 0.0000000 0.0413479 0.0859484 0.0800773 0.0567602 0.0316164 0.0535177 0.0458140 0.0076949 0.0501058 0.0670714 0.0436013 0.0361941 0.0730140 0.0555728 0.0689479 0.0492706 0.0492706 
Pseudochiridae_Pseudochirulus_forbesi        0.0443759 0.0506772 0.0577604 0.0429875 0.0438571 0.0579813 0.0402730 0.0423804 0.0414084 0.0858399 0.0446045 0.0582323 0.0641691 0.0392515 0.0371522 0.0557638 0.0571235 0.0640082 0.0718213 0.0413479 0.0000000 0.0838464 0.0784710 0.0605802 0.0417623 0.0549310 0.0252929 0.0415395 0.0247397 0.0595570 0.0461737 0.0409476 0.0784002 0.0563793 0.0732009 0.0513083 0.0513083 
Didelphidae_Didelphis_virginiana             0.0821720 0.0879568 0.0990107 0.0848347 0.0837847 0.0904859 0.0751666 0.0858423 0.0839999 0.1260944 0.0797442 0.0853502 0.0899246 0.0767185 0.0895021 0.0880100 0.0869495 0.1027660 0.1045679 0.0859484 0.0838464 0.0000000 0.0355245 0.0897705 0.0837503 0.0840417 0.0838334 0.0832905 0.1030651 0.0987911 0.0836939 0.0810832 0.1318933 0.0891443 0.1010981 0.0866202 0.0866202 
Marmosidae_Monodelphis_domestica             0.0766266 0.0869812 0.0926844 0.0777828 0.0792207 0.0841544 0.0730352 0.0800018 0.0782305 0.1185914 0.0774772 0.0792843 0.0868504 0.0734570 0.0840006 0.0808633 0.0812562 0.0913829 0.1014321 0.0800773 0.0784710 0.0355245 0.0000000 0.0830846 0.0803938 0.0804065 0.0885688 0.0803723 0.1025148 0.1014572 0.0870861 0.0760323 0.1144894 0.0820085 0.0984377 0.0664607 0.0664607 
Dasyuridae_Antechinus_stuartii               0.0532483 0.0556846 0.0661829 0.0592274 0.0582480 0.0184927 0.0457161 0.0532598 0.0549318 0.0929583 0.0521982 0.0096066 0.0307970 0.0472922 0.0646866 0.0107256 0.0153828 0.0228633 0.0792988 0.0567602 0.0605802 0.0897705 0.0830846 0.0000000 0.0557022 0.0598545 0.0562852 0.0527215 0.0727931 0.0798069 0.0670864 0.0500830 0.0867859 0.0152995 0.0786702 0.0206204 0.0206204 
Hypsiprymnodontidae_Hypsiprymnodon_moschatus 0.0406977 0.0520461 0.0500316 0.0308223 0.0313131 0.0581709 0.0342240 0.0410114 0.0298982 0.0807960 0.0413431 0.0548758 0.0659469 0.0366849 0.0427785 0.0519872 0.0544247 0.0640439 0.0694660 0.0316164 0.0417623 0.0837503 0.0803938 0.0557022 0.0000000 0.0507267 0.0467630 0.0294137 0.0484264 0.0701879 0.0464680 0.0397167 0.0722850 0.0560305 0.0706812 0.0609875 0.0609875 
Microbiotheriidae_Dromiciops_gliroides       0.0552603 0.0606769 0.0615968 0.0587049 0.0606870 0.0591315 0.0485444 0.0538036 0.0574390 0.0922890 0.0541412 0.0588223 0.0632290 0.0496812 0.0580809 0.0556718 0.0553843 0.0645010 0.0812173 0.0535177 0.0549310 0.0840417 0.0804065 0.0598545 0.0507267 0.0000000 0.0613667 0.0541863 0.0663406 0.0714216 0.0591295 0.0525531 0.0878708 0.0548459 0.0778477 0.0484463 0.0484463 
Pseudochiridae_Petauroides_volans            0.0462159 0.0536931 0.0602317 0.0459321 0.0461137 0.0576587 0.0411969 0.0466377 0.0459567 0.0922438 0.0480702 0.0558633 0.0612834 0.0421201 0.0472360 0.0538889 0.0570091 0.0597906 0.0773504 0.0458140 0.0252929 0.0838334 0.0885688 0.0562852 0.0467630 0.0613667 0.0000000 0.0440608 0.0254683 0.0618636 0.0472772 0.0440301 0.0853317 0.0558323 0.0773321 0.0583941 0.0583941 
Macropodidae_Wallabia_bicolor                0.0385586 0.0460937 0.0498175 0.0230354 0.0230486 0.0522956 0.0343948 0.0411637 0.0202565 0.0801895 0.0400682 0.0507579 0.0594210 0.0339991 0.0448429 0.0479539 0.0505541 0.0599734 0.0648591 0.0076949 0.0415395 0.0832905 0.0803723 0.0527215 0.0294137 0.0541863 0.0440608 0.0000000 0.0494730 0.0668500 0.0452875 0.0358636 0.0716695 0.0512066 0.0676640 0.0465889 0.0465889 
Pseudochiridae_Pseudocheirus_occidentalis    0.0517744 0.0554340 0.0670227 0.0519351 0.0530519 0.0731966 0.0398396 0.0438029 0.0512234 0.0881646 0.0454957 0.0690028 0.0714107 0.0404429 0.0433150 0.0664092 0.0727051 0.0752783 0.0917309 0.0501058 0.0247397 0.1030651 0.1025148 0.0727931 0.0484264 0.0663406 0.0254683 0.0494730 0.0000000 0.0740406 0.0494921 0.0398301 0.0855866 0.0710587 0.0894850 0.1086092 0.1086092 
Tarsipedidae_Tarsipes_rostratus              0.0670880 0.0784082 0.0778136 0.0696867 0.0702817 0.0844479 0.0666591 0.0693568 0.0683780 0.1274367 0.0708321 0.0809068 0.0852371 0.0649810 0.0685901 0.0782830 0.0829291 0.0915263 0.1076499 0.0670714 0.0595570 0.0987911 0.1014572 0.0798069 0.0701879 0.0714216 0.0618636 0.0668500 0.0740406 0.0000000 0.0689536 0.0689699 0.1240070 0.0807307 0.1058269 0.0476029 0.0476029 
Acrobatidae_Distoechurus_pennatus            0.0460769 0.0575392 0.0609282 0.0442876 0.0438098 0.0685232 0.0434087 0.0488050 0.0417272 0.0951003 0.0487608 0.0639686 0.0735172 0.0434706 0.0400268 0.0630369 0.0628168 0.0767061 0.0795579 0.0436013 0.0461737 0.0836939 0.0870861 0.0670864 0.0464680 0.0591295 0.0472772 0.0452875 0.0494921 0.0689536 0.0000000 0.0464318 0.0925679 0.0645231 0.0808527 0.0471681 0.0471681 
Phalangeridae_Phalanger_carmelitae           0.0361998 0.0456921 0.0528027 0.0374272 0.0379196 0.0533824 0.0163980 0.0127246 0.0353096 0.0753811 0.0136120 0.0475449 0.0601624 0.0052962 0.0446492 0.0459162 0.0490786 0.0519760 0.0704498 0.0361941 0.0409476 0.0810832 0.0760323 0.0500830 0.0397167 0.0525531 0.0440301 0.0358636 0.0398301 0.0689699 0.0464318 0.0000000 0.0665499 0.0516279 0.0676343 0.0457022 0.0457022 
Peramelidae_Peroryctes_raffrayana            0.0818498 0.0797187 0.0933354 0.0809739 0.0811405 0.0887543 0.0657732 0.0720322 0.0769706 0.0154103 0.0669263 0.0848120 0.0987062 0.0670746 0.0766994 0.0823222 0.0892113 0.0897046 0.0126816 0.0730140 0.0784002 0.1318933 0.1144894 0.0867859 0.0722850 0.0878708 0.0853317 0.0716695 0.0855866 0.1240070 0.0925679 0.0665499 0.0000000 0.0870967 0.0144826 0.0316656 0.0316656 
Dasyuridae_Dasyurus_geffroii                 0.0548583 0.0551357 0.0654178 0.0579786 0.0580159 0.0089153 0.0466813 0.0544482 0.0553012 0.0905086 0.0548567 0.0137005 0.0270910 0.0498670 0.0628326 0.0143308 0.0061048 0.0234190 0.0794914 0.0555728 0.0563793 0.0891443 0.0820085 0.0152995 0.0560305 0.0548459 0.0558323 0.0512066 0.0710587 0.0807307 0.0645231 0.0516279 0.0870967 0.0000000 0.0773020 0.0130975 0.0130975 
Peramelidae_Perameles_gunnii                 0.0722941 0.0751908 0.0833104 0.0733464 0.0749675 0.0807844 0.0631980 0.0723222 0.0715784 0.0005796 0.0702482 0.0765211 0.0860225 0.0649346 0.0747543 0.0741623 0.0787413 0.0795706 0.0164342 0.0689479 0.0732009 0.1010981 0.0984377 0.0786702 0.0706812 0.0778477 0.0773321 0.0676640 0.0894850 0.1058269 0.0808527 0.0676343 0.0144826 0.0773020 0.0000000 0.0776300 0.0776300 
Myrmecobiidae_Myrmecobius_fasciatus1         0.0503679 0.0568509 0.0573940 0.0529791 0.0491648 0.0164577 0.0541245 0.0379347 0.0416881 0.0811456 0.0420773 0.0167319 0.0349258 0.0419428 0.0441385 0.0143991 0.0164625 0.0224529 0.0586691 0.0492706 0.0513083 0.0866202 0.0664607 0.0206204 0.0609875 0.0484463 0.0583941 0.0465889 0.1086092 0.0476029 0.0471681 0.0457022 0.0316656 0.0130975 0.0776300 0.0000000 0.0000010 
Myrmecobiidae_Myrmecobius_fasciatus2         0.0503679 0.0568509 0.0573940 0.0529791 0.0491648 0.0164577 0.0541245 0.0379347 0.0416881 0.0811456 0.0420773 0.0167319 0.0349258 0.0419428 0.0441385 0.0143991 0.0164625 0.0224529 0.0586691 0.0492706 0.0513083 0.0866202 0.0664607 0.0206204 0.0609875 0.0484463 0.0583941 0.0465889 0.1086092 0.0476029 0.0471681 0.0457022 0.0316656 0.0130975 0.0776300 0.0000010 0.0000000 
