35
Burramyidae_Burramys_parvus                  0.0000000 0.0709629 0.0380935 0.0533385 0.0549744 0.0387199 0.0372155 0.0523858 0.0599199 0.0301193 0.0376130 0.0530626 0.0358997 0.0419665 0.0428929 0.0358222 0.0368382 0.0554612 0.0450678 0.0571431 0.0709182 0.0792192 0.0410789 0.0504384 0.0459186 0.0424672 0.0438483 0.0694132 0.0344507 0.0351256 0.0389143 0.0560013 0.0407376 0.0545288 0.0631472 
Notoryctidae_Notoryctes_typhlops             0.0709629 0.0000000 0.0681430 0.0891514 0.0911043 0.0693350 0.0671959 0.0890542 0.0771176 0.0664754 0.0720036 0.0955502 0.0714021 0.0834260 0.0800965 0.0682735 0.0674999 0.0732575 0.0836825 0.0913651 0.1054480 0.1176515 0.0763517 0.0928135 0.0709583 0.0777905 0.0800350 0.1040981 0.0729604 0.0703837 0.0709363 0.0711856 0.0768439 0.0984882 0.0790176 
Vombatidae_Lasiorhinus_latifrons             0.0380935 0.0681430 0.0000000 0.0490227 0.0506193 0.0419395 0.0357451 0.0482496 0.0489376 0.0331820 0.0354761 0.0533044 0.0386155 0.0402538 0.0410019 0.0388269 0.0415145 0.0495319 0.0427441 0.0544338 0.0739359 0.0832000 0.0410730 0.0528607 0.0420892 0.0429561 0.0415312 0.0720829 0.0382343 0.0378015 0.0410441 0.0490210 0.0435644 0.0567169 0.0523406 
Potoroidae_Bettongia_penicillata             0.0533385 0.0891514 0.0490227 0.0000000 0.0041832 0.0572540 0.0505853 0.0103405 0.0656101 0.0454659 0.0543646 0.0745295 0.0537646 0.0581274 0.0591607 0.0541241 0.0554645 0.0635845 0.0208922 0.0645807 0.0898326 0.0978904 0.0580970 0.0409659 0.0635643 0.0524449 0.0177194 0.0815940 0.0497288 0.0528678 0.0575617 0.0646774 0.0593892 0.0653691 0.0707332 
Potoroidae_Bettongia_lesueur                 0.0549744 0.0911043 0.0506193 0.0041832 0.0000000 0.0573789 0.0506783 0.0114920 0.0667413 0.0463446 0.0544405 0.0749779 0.0538938 0.0588975 0.0592947 0.0541978 0.0556189 0.0645866 0.0221827 0.0653380 0.0887257 0.0965888 0.0582258 0.0416635 0.0636826 0.0546456 0.0189437 0.0842889 0.0504669 0.0529944 0.0576879 0.0656937 0.0595226 0.0680192 0.0720125 
Dasyuridae_Dasyurus_maculatus                0.0387199 0.0693350 0.0419395 0.0572540 0.0573789 0.0000000 0.0455982 0.0562668 0.0544983 0.0401885 0.0103229 0.0125049 0.0448173 0.0498775 0.0118914 0.0035210 0.0120068 0.0523446 0.0526268 0.0606575 0.0653159 0.0641015 0.0094322 0.0589357 0.0438000 0.0449015 0.0474530 0.0874163 0.0419265 0.0435952 0.0028140 0.0516804 0.0532013 0.0616712 0.0571244 
Phalangeridae_Trichosurus_vulpecula          0.0372155 0.0671959 0.0357451 0.0505853 0.0506783 0.0455982 0.0000000 0.0491042 0.0580072 0.0132793 0.0436343 0.0595801 0.0135895 0.0453557 0.0501696 0.0426954 0.0388670 0.0524998 0.0453207 0.0551428 0.0760253 0.0873583 0.0482494 0.0498444 0.0478367 0.0441042 0.0426512 0.0729632 0.0388469 0.0129832 0.0458281 0.0550987 0.0133387 0.0564493 0.0611630 
Potoroidae_Aepyprymnus_rufescens             0.0523858 0.0890542 0.0482496 0.0103405 0.0114920 0.0562668 0.0491042 0.0000000 0.0656181 0.0454325 0.0550189 0.0729886 0.0523746 0.0554922 0.0574616 0.0530452 0.0519511 0.0648064 0.0199068 0.0651313 0.0909443 0.0978752 0.0571091 0.0394016 0.0612939 0.0538261 0.0155768 0.0850198 0.0483275 0.0514334 0.0565746 0.0659337 0.0544121 0.0634871 0.0675389 
Peramelidae_Perameles_nasuta                 0.0599199 0.0771176 0.0489376 0.0656101 0.0667413 0.0544983 0.0580072 0.0656181 0.0000000 0.0568011 0.0560033 0.0784990 0.0613803 0.0599819 0.0626277 0.0558512 0.0550770 0.0106709 0.0629546 0.0738314 0.0838623 0.0949531 0.0612869 0.0680661 0.0545080 0.0623359 0.0564382 0.0982331 0.0587479 0.0603710 0.0572264 0.0005404 0.0667896 0.0724479 0.0119986 
Phalangeridae_Strigocuscus_pelengensis       0.0301193 0.0664754 0.0331820 0.0454659 0.0463446 0.0401885 0.0132793 0.0454325 0.0568011 0.0000000 0.0360803 0.0514509 0.0073361 0.0440324 0.0414825 0.0362724 0.0382754 0.0536046 0.0394236 0.0531832 0.0737526 0.0813196 0.0396818 0.0430690 0.0447747 0.0373693 0.0369007 0.0634759 0.0324114 0.0067416 0.0402688 0.0538164 0.0121183 0.0531297 0.0566741 
Dasyuridae_Phascogale_tapoatafa              0.0376130 0.0720036 0.0354761 0.0543646 0.0544405 0.0103229 0.0436343 0.0550189 0.0560033 0.0360803 0.0000000 0.0135252 0.0428720 0.0501206 0.0028834 0.0080307 0.0120895 0.0536411 0.0507111 0.0577013 0.0636712 0.0625844 0.0043505 0.0571472 0.0388968 0.0438727 0.0498104 0.0832604 0.0398953 0.0416453 0.0103675 0.0529668 0.0520679 0.0662693 0.0577039 
Dasyuridae_Sminthopsis_macroura              0.0530626 0.0955502 0.0533044 0.0745295 0.0749779 0.0125049 0.0595801 0.0729886 0.0784990 0.0514509 0.0135252 0.0000000 0.0556013 0.0624456 0.0143497 0.0102191 0.0101006 0.0746561 0.0692420 0.0766883 0.0880196 0.0933011 0.0141451 0.0712027 0.0588780 0.0581427 0.0651762 0.0967583 0.0554558 0.0545862 0.0117748 0.0742963 0.0681415 0.0813959 0.0833708 
Phalangeridae_Phalanger_orientalis           0.0358997 0.0714021 0.0386155 0.0537646 0.0538938 0.0448173 0.0135895 0.0523746 0.0613803 0.0073361 0.0428720 0.0556013 0.0000000 0.0500067 0.0493563 0.0400097 0.0403734 0.0571373 0.0462857 0.0590126 0.0760829 0.0868227 0.0474541 0.0499895 0.0501652 0.0463962 0.0435364 0.0721089 0.0375001 0.0015559 0.0450434 0.0575040 0.0113260 0.0574710 0.0648836 
Acrobatidae_Acrobates_pygmaeus               0.0419665 0.0834260 0.0402538 0.0581274 0.0588975 0.0498775 0.0453557 0.0554922 0.0599819 0.0440324 0.0501206 0.0624456 0.0500067 0.0000000 0.0515716 0.0475235 0.0456407 0.0574590 0.0481176 0.0537585 0.0761291 0.0826255 0.0502336 0.0611473 0.0588237 0.0436852 0.0464924 0.0709833 0.0242992 0.0491119 0.0488137 0.0591699 0.0533906 0.0527494 0.0617373 
Dasyuridae_Phascogale_calura                 0.0428929 0.0800965 0.0410019 0.0591607 0.0592947 0.0118914 0.0501696 0.0574616 0.0626277 0.0414825 0.0028834 0.0143497 0.0493563 0.0515716 0.0000000 0.0095919 0.0151531 0.0619562 0.0521179 0.0616238 0.0703561 0.0690173 0.0043520 0.0644260 0.0441521 0.0494652 0.0510958 0.0908943 0.0451655 0.0480418 0.0119433 0.0613156 0.0577173 0.0689997 0.0633957 
Dasyuridae_Sarcophilus_harrisii              0.0358222 0.0682735 0.0388269 0.0541241 0.0541978 0.0035210 0.0426954 0.0530452 0.0558512 0.0362724 0.0080307 0.0102191 0.0400097 0.0475235 0.0095919 0.0000000 0.0100755 0.0535029 0.0494049 0.0595059 0.0631500 0.0620712 0.0079475 0.0558049 0.0409206 0.0438635 0.0465462 0.0836134 0.0390999 0.0388418 0.0035355 0.0528426 0.0492046 0.0631481 0.0585053 
Dasyuridae_Planigale_tenuirostris            0.0368382 0.0674999 0.0415145 0.0554645 0.0556189 0.0120068 0.0388670 0.0519511 0.0550770 0.0382754 0.0120895 0.0101006 0.0403734 0.0456407 0.0151531 0.0100755 0.0000000 0.0521666 0.0505053 0.0627362 0.0691823 0.0757233 0.0160085 0.0523247 0.0423857 0.0493630 0.0493813 0.0818187 0.0352836 0.0389257 0.0091211 0.0537388 0.0447782 0.0682070 0.0560250 
Peramelidae_Echymipera_kalubu                0.0554612 0.0732575 0.0495319 0.0635845 0.0645866 0.0523446 0.0524998 0.0648064 0.0106709 0.0536046 0.0536411 0.0746561 0.0571373 0.0574590 0.0619562 0.0535029 0.0521666 0.0000000 0.0609606 0.0700830 0.0790670 0.0880804 0.0594458 0.0652573 0.0530509 0.0586765 0.0566115 0.0950894 0.0563321 0.0562243 0.0547609 0.0096007 0.0635774 0.0711061 0.0088895 
Macropodidae_Dorcopsulus_vanheurni           0.0450678 0.0836825 0.0427441 0.0208922 0.0221827 0.0526268 0.0453207 0.0199068 0.0629546 0.0394236 0.0507111 0.0692420 0.0462857 0.0481176 0.0521179 0.0494049 0.0505053 0.0609606 0.0000000 0.0634715 0.0825523 0.0966746 0.0534165 0.0340837 0.0578417 0.0528325 0.0088411 0.0779862 0.0467834 0.0454100 0.0527426 0.0596697 0.0515804 0.0650114 0.0650739 
Pseudochiridae_Pseudochirulus_forbesi        0.0571431 0.0913651 0.0544338 0.0645807 0.0653380 0.0606575 0.0551428 0.0651313 0.0738314 0.0531832 0.0577013 0.0766883 0.0590126 0.0537585 0.0616238 0.0595059 0.0627362 0.0700830 0.0634715 0.0000000 0.0947360 0.1023800 0.0604609 0.0618864 0.0616318 0.0283497 0.0622033 0.0749528 0.0486654 0.0587265 0.0609806 0.0688839 0.0649763 0.0225127 0.0745909 
Didelphidae_Didelphis_virginiana             0.0709182 0.1054480 0.0739359 0.0898326 0.0887257 0.0653159 0.0760253 0.0909443 0.0838623 0.0737526 0.0636712 0.0880196 0.0760829 0.0761291 0.0703561 0.0631500 0.0691823 0.0790670 0.0825523 0.0947360 0.0000000 0.0306793 0.0673224 0.0932087 0.0700896 0.0740694 0.0789288 0.1113446 0.0727748 0.0749318 0.0656828 0.0780742 0.0832658 0.0943589 0.0890475 
Marmosidae_Monodelphis_domestica             0.0792192 0.1176515 0.0832000 0.0978904 0.0965888 0.0641015 0.0873583 0.0978752 0.0949531 0.0813196 0.0625844 0.0933011 0.0868227 0.0826255 0.0690173 0.0620712 0.0757233 0.0880804 0.0966746 0.1023800 0.0306793 0.0000000 0.0638615 0.1057998 0.0834940 0.0792636 0.0920068 0.1106609 0.0828310 0.0855289 0.0644547 0.0876604 0.0986712 0.1022323 0.0994128 
Dasyuridae_Antechinus_stuartii               0.0410789 0.0763517 0.0410730 0.0580970 0.0582258 0.0094322 0.0482494 0.0571091 0.0612869 0.0396818 0.0043505 0.0141451 0.0474541 0.0502336 0.0043520 0.0079475 0.0160085 0.0594458 0.0534165 0.0604609 0.0673224 0.0638615 0.0000000 0.0620341 0.0431485 0.0476170 0.0523428 0.0844386 0.0413300 0.0461854 0.0094723 0.0597547 0.0570469 0.0669871 0.0637261 
Hypsiprymnodontidae_Hypsiprymnodon_moschatus 0.0504384 0.0928135 0.0528607 0.0409659 0.0416635 0.0589357 0.0498444 0.0394016 0.0680661 0.0430690 0.0571472 0.0712027 0.0499895 0.0611473 0.0644260 0.0558049 0.0523247 0.0652573 0.0340837 0.0618864 0.0932087 0.1057998 0.0620341 0.0000000 0.0617576 0.0506191 0.0341672 0.0859069 0.0494859 0.0491191 0.0569566 0.0677520 0.0500235 0.0614941 0.0679767 
Microbiotheriidae_Dromiciops_gliroides       0.0459186 0.0709583 0.0420892 0.0635643 0.0636826 0.0438000 0.0478367 0.0612939 0.0545080 0.0447747 0.0388968 0.0588780 0.0501652 0.0588237 0.0441521 0.0409206 0.0423857 0.0530509 0.0578417 0.0616318 0.0700896 0.0834940 0.0431485 0.0617576 0.0000000 0.0467580 0.0564512 0.0786827 0.0453326 0.0499241 0.0419743 0.0525522 0.0564253 0.0657165 0.0596977 
Pseudochiridae_Petauroides_volans            0.0424672 0.0777905 0.0429561 0.0524449 0.0546456 0.0449015 0.0441042 0.0538261 0.0623359 0.0373693 0.0438727 0.0581427 0.0463962 0.0436852 0.0494652 0.0438635 0.0493630 0.0586765 0.0528325 0.0283497 0.0740694 0.0792636 0.0476170 0.0506191 0.0467580 0.0000000 0.0484266 0.0529667 0.0348344 0.0461725 0.0470552 0.0582911 0.0521972 0.0233582 0.0625770 
Macropodidae_Wallabia_bicolor                0.0438483 0.0800350 0.0415312 0.0177194 0.0189437 0.0474530 0.0426512 0.0155768 0.0564382 0.0369007 0.0498104 0.0651762 0.0435364 0.0464924 0.0510958 0.0465462 0.0493813 0.0566115 0.0088411 0.0622033 0.0789288 0.0920068 0.0523428 0.0341672 0.0564512 0.0484266 0.0000000 0.0775462 0.0433156 0.0427097 0.0496306 0.0545158 0.0481643 0.0617538 0.0606110 
Tarsipedidae_Tarsipes_rostratus              0.0694132 0.1040981 0.0720829 0.0815940 0.0842889 0.0874163 0.0729632 0.0850198 0.0982331 0.0634759 0.0832604 0.0967583 0.0721089 0.0709833 0.0908943 0.0836134 0.0818187 0.0950894 0.0779862 0.0749528 0.1113446 0.1106609 0.0844386 0.0859069 0.0786827 0.0529667 0.0775462 0.0000000 0.0630439 0.0710323 0.0876549 0.0946507 0.0760647 0.0716229 0.1011421 
Acrobatidae_Distoechurus_pennatus            0.0344507 0.0729604 0.0382343 0.0497288 0.0504669 0.0419265 0.0388469 0.0483275 0.0587479 0.0324114 0.0398953 0.0554558 0.0375001 0.0242992 0.0451655 0.0390999 0.0352836 0.0563321 0.0467834 0.0486654 0.0727748 0.0828310 0.0413300 0.0494859 0.0453326 0.0348344 0.0433156 0.0630439 0.0000000 0.0367230 0.0401120 0.0552149 0.0403736 0.0492602 0.0630447 
Phalangeridae_Phalanger_carmelitae           0.0351256 0.0703837 0.0378015 0.0528678 0.0529944 0.0435952 0.0129832 0.0514334 0.0603710 0.0067416 0.0416453 0.0545862 0.0015559 0.0491119 0.0480418 0.0388418 0.0389257 0.0562243 0.0454100 0.0587265 0.0749318 0.0855289 0.0461854 0.0491191 0.0499241 0.0461725 0.0427097 0.0710323 0.0367230 0.0000000 0.0438133 0.0565822 0.0106349 0.0571524 0.0638238 
Dasyuridae_Dasyurus_geffroii                 0.0389143 0.0709363 0.0410441 0.0575617 0.0576879 0.0028140 0.0458281 0.0565746 0.0572264 0.0402688 0.0103675 0.0117748 0.0450434 0.0488137 0.0119433 0.0035355 0.0091211 0.0547609 0.0527426 0.0609806 0.0656828 0.0644547 0.0094723 0.0569566 0.0419743 0.0470552 0.0496306 0.0876549 0.0401120 0.0438133 0.0000000 0.0541038 0.0533473 0.0618386 0.0588765 
Peramelidae_Perameles_gunnii                 0.0560013 0.0711856 0.0490210 0.0646774 0.0656937 0.0516804 0.0550987 0.0659337 0.0005404 0.0538164 0.0529668 0.0742963 0.0575040 0.0591699 0.0613156 0.0528426 0.0537388 0.0096007 0.0596697 0.0688839 0.0780742 0.0876604 0.0597547 0.0677520 0.0525522 0.0582911 0.0545158 0.0946507 0.0552149 0.0565822 0.0541038 0.0000000 0.0650159 0.0707494 0.0113752 
Phalangeridae_Spilocuscus_maculatus          0.0407376 0.0768439 0.0435644 0.0593892 0.0595226 0.0532013 0.0133387 0.0544121 0.0667896 0.0121183 0.0520679 0.0681415 0.0113260 0.0533906 0.0577173 0.0492046 0.0447782 0.0635774 0.0515804 0.0649763 0.0832658 0.0986712 0.0570469 0.0500235 0.0564253 0.0521972 0.0481643 0.0760647 0.0403736 0.0106349 0.0533473 0.0650159 0.0000000 0.0593217 0.0637819 
Pseudochiridae_Pseudocheirus_occidentalis    0.0545288 0.0984882 0.0567169 0.0653691 0.0680192 0.0616712 0.0564493 0.0634871 0.0724479 0.0531297 0.0662693 0.0813959 0.0574710 0.0527494 0.0689997 0.0631481 0.0682070 0.0711061 0.0650114 0.0225127 0.0943589 0.1022323 0.0669871 0.0614941 0.0657165 0.0233582 0.0617538 0.0716229 0.0492602 0.0571524 0.0618386 0.0707494 0.0593217 0.0000000 0.0683848 
Peramelidae_Peroryctes_raffrayana            0.0631472 0.0790176 0.0523406 0.0707332 0.0720125 0.0571244 0.0611630 0.0675389 0.0119986 0.0566741 0.0577039 0.0833708 0.0648836 0.0617373 0.0633957 0.0585053 0.0560250 0.0088895 0.0650739 0.0745909 0.0890475 0.0994128 0.0637261 0.0679767 0.0596977 0.0625770 0.0606110 0.1011421 0.0630447 0.0638238 0.0588765 0.0113752 0.0637819 0.0683848 0.0000000 
