35
Burramyidae_Burramys_parvus                  0.0000000 0.0735619 0.0537770 0.0596316 0.0631486 0.0838380 0.0517144 0.0514488 0.0599745 0.1026081 0.0532213 0.0779455 0.0958825 0.0455391 0.0526317 0.0799277 0.0797900 0.0772691 0.0928948 0.0578727 0.0541069 0.0898957 0.0846557 0.0773812 0.0581467 0.0698440 0.0513604 0.0588477 0.0514896 0.0673398 0.0597751 0.0440715 0.0926108 0.0844364 0.1021709 
Notoryctidae_Notoryctes_typhlops             0.0735619 0.0000000 0.0776735 0.0774526 0.0811661 0.0969651 0.0812117 0.0822709 0.0809094 0.1023778 0.0814443 0.0884917 0.1074005 0.0765846 0.0781597 0.0903894 0.0919419 0.0887737 0.0976557 0.0784272 0.0772740 0.1031055 0.0939760 0.0892677 0.0799017 0.0793320 0.0745983 0.0785636 0.0750861 0.0926931 0.0804498 0.0726230 0.0979409 0.0961092 0.1019242 
Vombatidae_Lasiorhinus_latifrons             0.0537770 0.0776735 0.0000000 0.0649171 0.0629781 0.0832003 0.0606503 0.0601511 0.0618531 0.0989071 0.0609823 0.0773725 0.0975792 0.0551921 0.0569611 0.0791612 0.0797565 0.0803751 0.0854173 0.0605034 0.0596562 0.0935150 0.0840003 0.0774052 0.0654974 0.0702099 0.0587319 0.0597255 0.0580946 0.0719505 0.0641137 0.0532424 0.0861532 0.0841868 0.0984863 
Potoroidae_Bettongia_penicillata             0.0596316 0.0774526 0.0649171 0.0000000 0.0052146 0.0882543 0.0609751 0.0634160 0.0136989 0.1024158 0.0630200 0.0827906 0.1027374 0.0578358 0.0601440 0.0834584 0.0839489 0.0826817 0.0969662 0.0216749 0.0631379 0.1002054 0.0930210 0.0839259 0.0380580 0.0754712 0.0583902 0.0227665 0.0586092 0.0734863 0.0668617 0.0557960 0.0968124 0.0886973 0.1019486 
Potoroidae_Bettongia_lesueur                 0.0631486 0.0811661 0.0629781 0.0052146 0.0000000 0.0925742 0.0645769 0.0675764 0.0118743 0.1056448 0.0677501 0.0869746 0.1079394 0.0609977 0.0584164 0.0876582 0.0888223 0.0874535 0.0939974 0.0224735 0.0627289 0.1031798 0.0932607 0.0883376 0.0411855 0.0800042 0.0613310 0.0206410 0.0610356 0.0714258 0.0681120 0.0597691 0.0942245 0.0931613 0.1049412 
Dasyuridae_Dasyurus_maculatus                0.0838380 0.0969651 0.0832003 0.0882543 0.0925742 0.0000000 0.0897971 0.0849038 0.0909819 0.1076541 0.0862244 0.0245545 0.0492742 0.0845330 0.0889552 0.0265181 0.0099259 0.0359071 0.1061821 0.0868276 0.0876237 0.1050110 0.0976497 0.0253897 0.0920780 0.0905119 0.0846279 0.0898673 0.0860340 0.0983424 0.0941711 0.0828958 0.1046924 0.0114439 0.1070949 
Phalangeridae_Trichosurus_vulpecula          0.0517144 0.0812117 0.0606503 0.0609751 0.0645769 0.0897971 0.0000000 0.0319890 0.0653946 0.1049425 0.0336981 0.0826033 0.1038343 0.0264044 0.0591458 0.0837039 0.0857744 0.0821039 0.0981383 0.0619577 0.0620163 0.1017074 0.0929337 0.0840846 0.0635411 0.0765026 0.0578481 0.0632477 0.0587457 0.0732219 0.0646589 0.0270948 0.0981120 0.0907046 0.1047626 
Phalangeridae_Spilocuscus_maculatus          0.0514488 0.0822709 0.0601511 0.0634160 0.0675764 0.0849038 0.0319890 0.0000000 0.0670920 0.0960095 0.0141248 0.0783496 0.0918635 0.0171167 0.0592229 0.0801439 0.0848263 0.0808332 0.0980516 0.0575465 0.0611336 0.0939651 0.0842029 0.0793568 0.0663595 0.0748161 0.0577265 0.0634704 0.0593571 0.0730306 0.0641791 0.0167678 0.0977383 0.0831708 0.0960366 
Potoroidae_Aepyprymnus_rufescens             0.0599745 0.0809094 0.0618531 0.0136989 0.0118743 0.0909819 0.0653946 0.0670920 0.0000000 0.1068245 0.0673093 0.0847859 0.1044687 0.0594787 0.0576375 0.0862190 0.0863516 0.0863577 0.0941744 0.0219856 0.0624518 0.1009476 0.0911415 0.0856565 0.0407343 0.0780639 0.0614370 0.0198054 0.0609570 0.0709923 0.0678005 0.0578321 0.0936997 0.0911288 0.1061098 
Peramelidae_Perameles_nasuta                 0.1026081 0.1023778 0.0989071 0.1024158 0.1056448 0.1076541 0.1049425 0.0960095 0.1068245 0.0000000 0.0911763 0.1073239 0.1244581 0.1000280 0.1029751 0.1076629 0.1091408 0.1072053 0.0313397 0.0903384 0.1022817 0.1099645 0.1055991 0.1072510 0.1070915 0.0987532 0.1013394 0.1015010 0.0983154 0.1133711 0.0984520 0.0996378 0.0335165 0.1080475 0.0011055 
Phalangeridae_Strigocuscus_pelengensis       0.0532213 0.0814443 0.0609823 0.0630200 0.0677501 0.0862244 0.0336981 0.0141248 0.0673093 0.0911763 0.0000000 0.0798936 0.0927916 0.0180180 0.0600945 0.0817610 0.0868452 0.0824216 0.0984971 0.0541213 0.0617594 0.0907457 0.0828021 0.0811148 0.0656617 0.0741240 0.0562842 0.0635300 0.0585815 0.0731978 0.0634804 0.0175424 0.0983829 0.0861147 0.0908035 
Dasyuridae_Phascogale_tapoatafa              0.0779455 0.0884917 0.0773725 0.0827906 0.0869746 0.0245545 0.0826033 0.0783496 0.0847859 0.1073239 0.0798936 0.0000000 0.0385424 0.0776495 0.0850246 0.0036866 0.0245574 0.0277835 0.1029828 0.0821368 0.0836446 0.1020935 0.0925659 0.0087226 0.0850959 0.0862122 0.0808024 0.0851483 0.0805456 0.0966273 0.0884665 0.0761953 0.1049183 0.0266822 0.1069944 
Dasyuridae_Sminthopsis_macroura              0.0958825 0.1074005 0.0975792 0.1027374 0.1079394 0.0492742 0.1038343 0.0918635 0.1044687 0.1244581 0.0927916 0.0385424 0.0000000 0.0953655 0.0993871 0.0387584 0.0499393 0.0331441 0.1214001 0.0920079 0.1012202 0.1126023 0.1059790 0.0421790 0.1070468 0.1042043 0.0985640 0.1037767 0.0965477 0.1137403 0.1056934 0.0948100 0.1247296 0.0468245 0.1243704 
Phalangeridae_Phalanger_orientalis           0.0455391 0.0765846 0.0551921 0.0578358 0.0609977 0.0845330 0.0264044 0.0171167 0.0594787 0.1000280 0.0180180 0.0776495 0.0953655 0.0000000 0.0532270 0.0790576 0.0806449 0.0762950 0.0934775 0.0569891 0.0554774 0.0946541 0.0860016 0.0772956 0.0609452 0.0714236 0.0517799 0.0576889 0.0511165 0.0674160 0.0576919 0.0036816 0.0926243 0.0851019 0.0998311 
Acrobatidae_Acrobates_pygmaeus               0.0526317 0.0781597 0.0569611 0.0601440 0.0584164 0.0889552 0.0591458 0.0592229 0.0576375 0.1029751 0.0600945 0.0850246 0.0993871 0.0532270 0.0000000 0.0870525 0.0847536 0.0829499 0.0876012 0.0572371 0.0506127 0.0967111 0.0851150 0.0846990 0.0624628 0.0745838 0.0501756 0.0544213 0.0505395 0.0594576 0.0385571 0.0537656 0.0875959 0.0894531 0.1027715 
Dasyuridae_Phascogale_calura                 0.0799277 0.0903894 0.0791612 0.0834584 0.0876582 0.0265181 0.0837039 0.0801439 0.0862190 0.1076629 0.0817610 0.0036866 0.0387584 0.0790576 0.0870525 0.0000000 0.0261849 0.0297824 0.1036755 0.0838663 0.0850872 0.1030650 0.0930470 0.0107152 0.0867325 0.0867377 0.0826059 0.0866149 0.0821609 0.0990861 0.0891490 0.0776465 0.1052231 0.0283922 0.1073318 
Dasyuridae_Sarcophilus_harrisii              0.0797900 0.0919419 0.0797565 0.0839489 0.0888223 0.0099259 0.0857744 0.0848263 0.0863516 0.1091408 0.0868452 0.0245574 0.0499393 0.0806449 0.0847536 0.0261849 0.0000000 0.0340006 0.1034821 0.0843108 0.0850816 0.1025221 0.0955184 0.0251837 0.0875814 0.0867746 0.0807573 0.0861661 0.0813888 0.0947110 0.0900408 0.0795071 0.1017728 0.0089646 0.1093210 
Dasyuridae_Planigale_tenuirostris            0.0772691 0.0887737 0.0803751 0.0826817 0.0874535 0.0359071 0.0821039 0.0808332 0.0863577 0.1072053 0.0824216 0.0277835 0.0331441 0.0762950 0.0829499 0.0297824 0.0340006 0.0000000 0.1026737 0.0832542 0.0845693 0.1068258 0.0951750 0.0288564 0.0853699 0.0867703 0.0817038 0.0844557 0.0805201 0.0933267 0.0877147 0.0750719 0.1023364 0.0347864 0.1071151 
Peramelidae_Echymipera_kalubu                0.0928948 0.0976557 0.0854173 0.0969662 0.0939974 0.1061821 0.0981383 0.0980516 0.0941744 0.0313397 0.0984971 0.1029828 0.1214001 0.0934775 0.0876012 0.1036755 0.1034821 0.1026737 0.0000000 0.0929852 0.0918564 0.1117474 0.1049444 0.1025161 0.1003354 0.0999185 0.0932005 0.0906126 0.0902408 0.1000097 0.0922920 0.0936990 0.0190701 0.1071258 0.0309185 
Macropodidae_Dorcopsulus_vanheurni           0.0578727 0.0784272 0.0605034 0.0216749 0.0224735 0.0868276 0.0619577 0.0575465 0.0219856 0.0903384 0.0541213 0.0821368 0.0920079 0.0569891 0.0572371 0.0838663 0.0843108 0.0832542 0.0929852 0.0000000 0.0607543 0.0843036 0.0851712 0.0836805 0.0390590 0.0710076 0.0583963 0.0119079 0.0595354 0.0695380 0.0640572 0.0546632 0.0913835 0.0843383 0.0899014 
Pseudochiridae_Pseudochirulus_forbesi        0.0541069 0.0772740 0.0596562 0.0631379 0.0627289 0.0876237 0.0620163 0.0611336 0.0624518 0.1022817 0.0617594 0.0836446 0.1012202 0.0554774 0.0506127 0.0850872 0.0850816 0.0845693 0.0918564 0.0607543 0.0000000 0.0971867 0.0872182 0.0837721 0.0647492 0.0746710 0.0310338 0.0598212 0.0191211 0.0575268 0.0550682 0.0554044 0.0916053 0.0893081 0.1014115 
Didelphidae_Didelphis_virginiana             0.0898957 0.1031055 0.0935150 0.1002054 0.1031798 0.1050110 0.1017074 0.0939651 0.1009476 0.1099645 0.0907457 0.1020935 0.1126023 0.0946541 0.0967111 0.1030650 0.1025221 0.1068258 0.1117474 0.0843036 0.0971867 0.0000000 0.0410525 0.1033651 0.1029485 0.0960756 0.0924896 0.0989727 0.0924379 0.1110454 0.0982018 0.0938927 0.1165949 0.1047434 0.1097859 
Marmosidae_Monodelphis_domestica             0.0846557 0.0939760 0.0840003 0.0930210 0.0932607 0.0976497 0.0929337 0.0842029 0.0911415 0.1055991 0.0828021 0.0925659 0.1059790 0.0860016 0.0851150 0.0930470 0.0955184 0.0951750 0.1049444 0.0851712 0.0872182 0.0410525 0.0000000 0.0931278 0.0926660 0.0824439 0.0846915 0.0903531 0.0852313 0.1005292 0.0882879 0.0845747 0.1036185 0.0962203 0.1047048 
Dasyuridae_Antechinus_stuartii               0.0773812 0.0892677 0.0774052 0.0839259 0.0883376 0.0253897 0.0840846 0.0793568 0.0856565 0.1072510 0.0811148 0.0087226 0.0421790 0.0772956 0.0846990 0.0107152 0.0251837 0.0288564 0.1025161 0.0836805 0.0837721 0.1033651 0.0931278 0.0000000 0.0872218 0.0850997 0.0810672 0.0865641 0.0802650 0.0979307 0.0899583 0.0758327 0.1040807 0.0280559 0.1073649 
Hypsiprymnodontidae_Hypsiprymnodon_moschatus 0.0581467 0.0799017 0.0654974 0.0380580 0.0411855 0.0920780 0.0635411 0.0663595 0.0407343 0.1070915 0.0656617 0.0850959 0.1070468 0.0609452 0.0624628 0.0867325 0.0875814 0.0853699 0.1003354 0.0390590 0.0647492 0.1029485 0.0926660 0.0872218 0.0000000 0.0766911 0.0594572 0.0392942 0.0598480 0.0787400 0.0660389 0.0604359 0.1005544 0.0928731 0.1063755 
Microbiotheriidae_Dromiciops_gliroides       0.0698440 0.0793320 0.0702099 0.0754712 0.0800042 0.0905119 0.0765026 0.0748161 0.0780639 0.0987532 0.0741240 0.0862122 0.1042043 0.0714236 0.0745838 0.0867377 0.0867746 0.0867703 0.0999185 0.0710076 0.0746710 0.0960756 0.0824439 0.0850997 0.0766911 0.0000000 0.0711086 0.0769736 0.0705881 0.0916730 0.0751304 0.0678707 0.0999434 0.0919488 0.0982264 
Pseudochiridae_Petauroides_volans            0.0513604 0.0745983 0.0587319 0.0583902 0.0613310 0.0846279 0.0578481 0.0577265 0.0614370 0.1013394 0.0562842 0.0808024 0.0985640 0.0517799 0.0501756 0.0826059 0.0807573 0.0817038 0.0932005 0.0583963 0.0310338 0.0924896 0.0846915 0.0810672 0.0594572 0.0711086 0.0000000 0.0580167 0.0271497 0.0591774 0.0508550 0.0508484 0.0944149 0.0860275 0.1009181 
Macropodidae_Wallabia_bicolor                0.0588477 0.0785636 0.0597255 0.0227665 0.0206410 0.0898673 0.0632477 0.0634704 0.0198054 0.1015010 0.0635300 0.0851483 0.1037767 0.0576889 0.0544213 0.0866149 0.0861661 0.0844557 0.0906126 0.0119079 0.0598212 0.0989727 0.0903531 0.0865641 0.0392942 0.0769736 0.0580167 0.0000000 0.0595400 0.0668833 0.0649083 0.0561741 0.0889812 0.0898236 0.1005768 
Pseudochiridae_Pseudocheirus_occidentalis    0.0514896 0.0750861 0.0580946 0.0586092 0.0610356 0.0860340 0.0587457 0.0593571 0.0609570 0.0983154 0.0585815 0.0805456 0.0965477 0.0511165 0.0505395 0.0821609 0.0813888 0.0805201 0.0902408 0.0595354 0.0191211 0.0924379 0.0852313 0.0802650 0.0598480 0.0705881 0.0271497 0.0595400 0.0000000 0.0583761 0.0532901 0.0510203 0.0893132 0.0856815 0.0976237 
Tarsipedidae_Tarsipes_rostratus              0.0673398 0.0926931 0.0719505 0.0734863 0.0714258 0.0983424 0.0732219 0.0730306 0.0709923 0.1133711 0.0731978 0.0966273 0.1137403 0.0674160 0.0594576 0.0990861 0.0947110 0.0933267 0.1000097 0.0695380 0.0575268 0.1110454 0.1005292 0.0979307 0.0787400 0.0916730 0.0591774 0.0668833 0.0583761 0.0000000 0.0684670 0.0673182 0.0997566 0.1008954 0.1129731 
Acrobatidae_Distoechurus_pennatus            0.0597751 0.0804498 0.0641137 0.0668617 0.0681120 0.0941711 0.0646589 0.0641791 0.0678005 0.0984520 0.0634804 0.0884665 0.1056934 0.0576919 0.0385571 0.0891490 0.0900408 0.0877147 0.0922920 0.0640572 0.0550682 0.0982018 0.0882879 0.0899583 0.0660389 0.0751304 0.0508550 0.0649083 0.0532901 0.0684670 0.0000000 0.0584169 0.0917034 0.0949190 0.0977411 
Phalangeridae_Phalanger_carmelitae           0.0440715 0.0726230 0.0532424 0.0557960 0.0597691 0.0828958 0.0270948 0.0167678 0.0578321 0.0996378 0.0175424 0.0761953 0.0948100 0.0036816 0.0537656 0.0776465 0.0795071 0.0750719 0.0936990 0.0546632 0.0554044 0.0938927 0.0845747 0.0758327 0.0604359 0.0678707 0.0508484 0.0561741 0.0510203 0.0673182 0.0584169 0.0000000 0.0930670 0.0836366 0.0994344 
Peramelidae_Peroryctes_raffrayana            0.0926108 0.0979409 0.0861532 0.0968124 0.0942245 0.1046924 0.0981120 0.0977383 0.0936997 0.0335165 0.0983829 0.1049183 0.1247296 0.0926243 0.0875959 0.1052231 0.1017728 0.1023364 0.0190701 0.0913835 0.0916053 0.1165949 0.1036185 0.1040807 0.1005544 0.0999434 0.0944149 0.0889812 0.0893132 0.0997566 0.0917034 0.0930670 0.0000000 0.1055806 0.0329513 
Dasyuridae_Dasyurus_geffroii                 0.0844364 0.0961092 0.0841868 0.0886973 0.0931613 0.0114439 0.0907046 0.0831708 0.0911288 0.1080475 0.0861147 0.0266822 0.0468245 0.0851019 0.0894531 0.0283922 0.0089646 0.0347864 0.1071258 0.0843383 0.0893081 0.1047434 0.0962203 0.0280559 0.0928731 0.0919488 0.0860275 0.0898236 0.0856815 0.1008954 0.0949190 0.0836366 0.1055806 0.0000000 0.1084840 
Peramelidae_Perameles_gunnii                 0.1021709 0.1019242 0.0984863 0.1019486 0.1049412 0.1070949 0.1047626 0.0960366 0.1061098 0.0011055 0.0908035 0.1069944 0.1243704 0.0998311 0.1027715 0.1073318 0.1093210 0.1071151 0.0309185 0.0899014 0.1014115 0.1097859 0.1047048 0.1073649 0.1063755 0.0982264 0.1009181 0.1005768 0.0976237 0.1129731 0.0977411 0.0994344 0.0329513 0.1084840 0.0000000 
