35
Burramyidae_Burramys_parvus                  0.0000000 0.0677953 0.0371424 0.0433485 0.0450962 0.0652821 0.0395381 0.0405589 0.0438960 0.0614036 0.0420482 0.0665079 0.0661815 0.0389951 0.0361565 0.0669907 0.0654448 0.0652624 0.0662231 0.0445581 0.0504911 0.0790027 0.0755614 0.0634530 0.0414728 0.0573710 0.0392585 0.0431166 0.0486140 0.0612488 0.0393981 0.0396746 0.0609038 0.0662389 0.0642889 
Notoryctidae_Notoryctes_typhlops             0.0677953 0.0000000 0.0613531 0.0718698 0.0732938 0.0833008 0.0745041 0.0752481 0.0718063 0.0778668 0.0765172 0.0823475 0.0836395 0.0741490 0.0653207 0.0838851 0.0852783 0.0795771 0.0805282 0.0731515 0.0795984 0.0965028 0.0943948 0.0787826 0.0713281 0.0757141 0.0700702 0.0735873 0.0752573 0.0955700 0.0694221 0.0751971 0.0804889 0.0836725 0.0784994 
Vombatidae_Lasiorhinus_latifrons             0.0371424 0.0613531 0.0000000 0.0437927 0.0457784 0.0581563 0.0407998 0.0426170 0.0439057 0.0570732 0.0426856 0.0581350 0.0603303 0.0412555 0.0335759 0.0573461 0.0588298 0.0578475 0.0608430 0.0449867 0.0468232 0.0683552 0.0686363 0.0549620 0.0406991 0.0514723 0.0377108 0.0436423 0.0444190 0.0559053 0.0377397 0.0412133 0.0557422 0.0590463 0.0596832 
Potoroidae_Bettongia_penicillata             0.0433485 0.0718698 0.0437927 0.0000000 0.0041494 0.0715665 0.0455402 0.0464020 0.0092590 0.0640498 0.0460289 0.0714731 0.0724322 0.0445150 0.0429116 0.0717569 0.0725548 0.0697465 0.0678791 0.0186608 0.0537397 0.0846650 0.0812283 0.0681156 0.0322958 0.0621664 0.0452294 0.0179267 0.0519421 0.0690124 0.0497009 0.0457036 0.0625252 0.0720000 0.0661361 
Potoroidae_Bettongia_lesueur                 0.0450962 0.0732938 0.0457784 0.0041494 0.0000000 0.0724243 0.0455397 0.0468880 0.0109769 0.0637153 0.0460069 0.0726161 0.0738612 0.0444951 0.0441460 0.0729012 0.0734178 0.0707140 0.0675779 0.0206684 0.0540033 0.0846699 0.0806409 0.0689561 0.0339538 0.0629758 0.0467320 0.0199457 0.0519417 0.0702926 0.0509678 0.0464326 0.0639599 0.0728612 0.0661080 
Dasyuridae_Dasyurus_maculatus                0.0652821 0.0833008 0.0581563 0.0715665 0.0724243 0.0000000 0.0679867 0.0695515 0.0720783 0.0755831 0.0693568 0.0165256 0.0245106 0.0678868 0.0610079 0.0172099 0.0062858 0.0215872 0.0803530 0.0695922 0.0722020 0.0854182 0.0817005 0.0147145 0.0675358 0.0679476 0.0669880 0.0655118 0.0691981 0.0820017 0.0689879 0.0680706 0.0714332 0.0052186 0.0788895 
Phalangeridae_Trichosurus_vulpecula          0.0395381 0.0745041 0.0407998 0.0455402 0.0455397 0.0679867 0.0000000 0.0122841 0.0456637 0.0672010 0.0135525 0.0677794 0.0704691 0.0122533 0.0391308 0.0680599 0.0695336 0.0658154 0.0711593 0.0462589 0.0500916 0.0830312 0.0804876 0.0643673 0.0466564 0.0624678 0.0411172 0.0456432 0.0492155 0.0643975 0.0413656 0.0126690 0.0726865 0.0689350 0.0699336 
Phalangeridae_Spilocuscus_maculatus          0.0405589 0.0752481 0.0426170 0.0464020 0.0468880 0.0695515 0.0122841 0.0000000 0.0469161 0.0690731 0.0093906 0.0696592 0.0714953 0.0075399 0.0402116 0.0695875 0.0709710 0.0693707 0.0715739 0.0483548 0.0512135 0.0844674 0.0815225 0.0659597 0.0464852 0.0621626 0.0431316 0.0470238 0.0511486 0.0661981 0.0434587 0.0083865 0.0693145 0.0710267 0.0705687 
Potoroidae_Aepyprymnus_rufescens             0.0438960 0.0718063 0.0439057 0.0092590 0.0109769 0.0720783 0.0456637 0.0469161 0.0000000 0.0657483 0.0466473 0.0727959 0.0729484 0.0451203 0.0430096 0.0721657 0.0724930 0.0703543 0.0698981 0.0211737 0.0543860 0.0859142 0.0821202 0.0682786 0.0337815 0.0618591 0.0465824 0.0195502 0.0521989 0.0688050 0.0490650 0.0460538 0.0651467 0.0725150 0.0683621 
Peramelidae_Perameles_nasuta                 0.0614036 0.0778668 0.0570732 0.0640498 0.0637153 0.0755831 0.0672010 0.0690731 0.0657483 0.0000000 0.0668421 0.0761373 0.0785076 0.0659982 0.0619780 0.0757839 0.0775875 0.0746289 0.0118776 0.0650864 0.0735042 0.0855558 0.0827562 0.0726421 0.0605944 0.0645216 0.0639731 0.0640013 0.0700141 0.0862438 0.0662110 0.0664810 0.0118413 0.0769487 0.0009075 
Phalangeridae_Strigocuscus_pelengensis       0.0420482 0.0765172 0.0426856 0.0460289 0.0460069 0.0693568 0.0135525 0.0093906 0.0466473 0.0668421 0.0000000 0.0689092 0.0716050 0.0078623 0.0396745 0.0691782 0.0708516 0.0679002 0.0712550 0.0472342 0.0495736 0.0847793 0.0822279 0.0652161 0.0466497 0.0626386 0.0425875 0.0458545 0.0499215 0.0659370 0.0440538 0.0091529 0.0696910 0.0708967 0.0685511 
Dasyuridae_Phascogale_tapoatafa              0.0665079 0.0823475 0.0581350 0.0714731 0.0726161 0.0165256 0.0677794 0.0696592 0.0727959 0.0761373 0.0689092 0.0000000 0.0236328 0.0680009 0.0613482 0.0039998 0.0152133 0.0202830 0.0812179 0.0694523 0.0741650 0.0860817 0.0831825 0.0062239 0.0665771 0.0687266 0.0685618 0.0664670 0.0703537 0.0844741 0.0676773 0.0679113 0.0745183 0.0163210 0.0794570 
Dasyuridae_Sminthopsis_macroura              0.0661815 0.0836395 0.0603303 0.0724322 0.0738612 0.0245106 0.0704691 0.0714953 0.0729484 0.0785076 0.0716050 0.0236328 0.0000000 0.0703460 0.0621181 0.0243417 0.0245585 0.0190982 0.0821260 0.0723972 0.0768904 0.0919595 0.0881740 0.0218665 0.0700996 0.0734907 0.0682192 0.0688622 0.0728811 0.0814961 0.0682197 0.0708171 0.0768542 0.0247684 0.0818404 
Phalangeridae_Phalanger_orientalis           0.0389951 0.0741490 0.0412555 0.0445150 0.0444951 0.0678868 0.0122533 0.0075399 0.0451203 0.0659982 0.0078623 0.0680009 0.0703460 0.0000000 0.0391158 0.0682341 0.0693497 0.0668923 0.0702497 0.0469570 0.0497487 0.0838464 0.0809915 0.0645781 0.0471433 0.0604873 0.0417767 0.0446112 0.0500084 0.0634211 0.0428399 0.0041419 0.0680844 0.0693765 0.0684638 
Acrobatidae_Acrobates_pygmaeus               0.0361565 0.0653207 0.0335759 0.0429116 0.0441460 0.0610079 0.0391308 0.0402116 0.0430096 0.0619780 0.0396745 0.0613482 0.0621181 0.0391158 0.0000000 0.0608326 0.0633318 0.0604748 0.0660007 0.0458026 0.0405919 0.0741403 0.0694311 0.0575382 0.0417475 0.0516066 0.0307211 0.0440058 0.0381745 0.0534233 0.0172349 0.0400395 0.0575211 0.0619643 0.0656927 
Dasyuridae_Phascogale_calura                 0.0669907 0.0838851 0.0573461 0.0717569 0.0729012 0.0172099 0.0680599 0.0695875 0.0721657 0.0757839 0.0691782 0.0039998 0.0243417 0.0682341 0.0608326 0.0000000 0.0158854 0.0207848 0.0811799 0.0697635 0.0741778 0.0866554 0.0837024 0.0068803 0.0671229 0.0684609 0.0677251 0.0661845 0.0701359 0.0842095 0.0666013 0.0681442 0.0752914 0.0170021 0.0794198 
Dasyuridae_Sarcophilus_harrisii              0.0654448 0.0852783 0.0588298 0.0725548 0.0734178 0.0062858 0.0695336 0.0709710 0.0724930 0.0775875 0.0708516 0.0152133 0.0245585 0.0693497 0.0633318 0.0158854 0.0000000 0.0211403 0.0828231 0.0697622 0.0737239 0.0861779 0.0824065 0.0136180 0.0679450 0.0691818 0.0698462 0.0656575 0.0705218 0.0833953 0.0705841 0.0695976 0.0771188 0.0056549 0.0810304 
Dasyuridae_Planigale_tenuirostris            0.0652624 0.0795771 0.0578475 0.0697465 0.0707140 0.0215872 0.0658154 0.0693707 0.0703543 0.0746289 0.0679002 0.0202830 0.0190982 0.0668923 0.0604748 0.0207848 0.0211403 0.0000000 0.0796647 0.0675881 0.0769522 0.0905887 0.0868817 0.0180852 0.0641717 0.0682714 0.0668822 0.0649112 0.0721348 0.0840064 0.0655930 0.0662101 0.0787426 0.0211255 0.0782925 
Peramelidae_Echymipera_kalubu                0.0662231 0.0805282 0.0608430 0.0678791 0.0675779 0.0803530 0.0711593 0.0715739 0.0698981 0.0118776 0.0712550 0.0812179 0.0821260 0.0702497 0.0660007 0.0811799 0.0828231 0.0796647 0.0000000 0.0705212 0.0776161 0.0888869 0.0867614 0.0772081 0.0669230 0.0727471 0.0678299 0.0684714 0.0726183 0.0896153 0.0690294 0.0712539 0.0103335 0.0819706 0.0118947 
Macropodidae_Dorcopsulus_vanheurni           0.0445581 0.0731515 0.0449867 0.0186608 0.0206684 0.0695922 0.0462589 0.0483548 0.0211737 0.0650864 0.0472342 0.0694523 0.0723972 0.0469570 0.0458026 0.0697635 0.0697622 0.0675881 0.0705212 0.0000000 0.0552457 0.0836186 0.0828082 0.0658013 0.0322503 0.0623649 0.0476943 0.0080211 0.0520948 0.0689416 0.0519266 0.0478925 0.0674269 0.0711044 0.0690216 
Pseudochiridae_Pseudochirulus_forbesi        0.0504911 0.0795984 0.0468232 0.0537397 0.0540033 0.0722020 0.0500916 0.0512135 0.0543860 0.0735042 0.0495736 0.0741650 0.0768904 0.0497487 0.0405919 0.0741778 0.0737239 0.0769522 0.0776161 0.0552457 0.0000000 0.0865762 0.0801762 0.0721964 0.0510295 0.0635203 0.0253805 0.0536944 0.0121619 0.0585103 0.0450678 0.0491754 0.0684296 0.0746014 0.0775997 
Didelphidae_Didelphis_virginiana             0.0790027 0.0965028 0.0683552 0.0846650 0.0846699 0.0854182 0.0830312 0.0844674 0.0859142 0.0855558 0.0847793 0.0860817 0.0919595 0.0838464 0.0741403 0.0866554 0.0861779 0.0905887 0.0888869 0.0836186 0.0865762 0.0000000 0.0284624 0.0813837 0.0803546 0.0832868 0.0794082 0.0822306 0.0832447 0.1064071 0.0809304 0.0837719 0.0819849 0.0873562 0.0888576 
Marmosidae_Monodelphis_domestica             0.0755614 0.0943948 0.0686363 0.0812283 0.0806409 0.0817005 0.0804876 0.0815225 0.0821202 0.0827562 0.0822279 0.0831825 0.0881740 0.0809915 0.0694311 0.0837024 0.0824065 0.0868817 0.0867614 0.0828082 0.0801762 0.0284624 0.0000000 0.0780116 0.0761668 0.0797703 0.0753116 0.0807079 0.0759341 0.1002427 0.0765753 0.0809203 0.0801755 0.0830345 0.0867822 
Dasyuridae_Antechinus_stuartii               0.0634530 0.0787826 0.0549620 0.0681156 0.0689561 0.0147145 0.0643673 0.0659597 0.0682786 0.0726421 0.0652161 0.0062239 0.0218665 0.0645781 0.0575382 0.0068803 0.0136180 0.0180852 0.0772081 0.0658013 0.0721964 0.0813837 0.0780116 0.0000000 0.0629182 0.0649817 0.0644588 0.0618092 0.0679821 0.0807612 0.0657455 0.0645065 0.0715622 0.0145094 0.0757289 
Hypsiprymnodontidae_Hypsiprymnodon_moschatus 0.0414728 0.0713281 0.0406991 0.0322958 0.0339538 0.0675358 0.0466564 0.0464852 0.0337815 0.0605944 0.0466497 0.0665771 0.0700996 0.0471433 0.0417475 0.0671229 0.0679450 0.0641717 0.0669230 0.0322503 0.0510295 0.0803546 0.0761668 0.0629182 0.0000000 0.0601675 0.0426005 0.0323119 0.0482713 0.0661284 0.0455094 0.0465794 0.0595041 0.0687555 0.0651034 
Microbiotheriidae_Dromiciops_gliroides       0.0573710 0.0757141 0.0514723 0.0621664 0.0629758 0.0679476 0.0624678 0.0621626 0.0618591 0.0645216 0.0626386 0.0687266 0.0734907 0.0604873 0.0516066 0.0684609 0.0691818 0.0682714 0.0727471 0.0623649 0.0635203 0.0832868 0.0797703 0.0649817 0.0601675 0.0000000 0.0557775 0.0594945 0.0593494 0.0783857 0.0572684 0.0615045 0.0661595 0.0700948 0.0702171 
Pseudochiridae_Petauroides_volans            0.0392585 0.0700702 0.0377108 0.0452294 0.0467320 0.0669880 0.0411172 0.0431316 0.0465824 0.0639731 0.0425875 0.0685618 0.0682192 0.0417767 0.0307211 0.0677251 0.0698462 0.0668822 0.0678299 0.0476943 0.0253805 0.0794082 0.0753116 0.0644588 0.0426005 0.0557775 0.0000000 0.0465990 0.0255177 0.0529702 0.0377442 0.0417715 0.0626165 0.0690527 0.0677898 
Macropodidae_Wallabia_bicolor                0.0431166 0.0735873 0.0436423 0.0179267 0.0199457 0.0655118 0.0456432 0.0470238 0.0195502 0.0640013 0.0458545 0.0664670 0.0688622 0.0446112 0.0440058 0.0661845 0.0656575 0.0649112 0.0684714 0.0080211 0.0536944 0.0822306 0.0807079 0.0618092 0.0323119 0.0594945 0.0465990 0.0000000 0.0525423 0.0653740 0.0493401 0.0455491 0.0674050 0.0664623 0.0672742 
Pseudochiridae_Pseudocheirus_occidentalis    0.0486140 0.0752573 0.0444190 0.0519421 0.0519417 0.0691981 0.0492155 0.0511486 0.0521989 0.0700141 0.0499215 0.0703537 0.0728811 0.0500084 0.0381745 0.0701359 0.0705218 0.0721348 0.0726183 0.0520948 0.0121619 0.0832447 0.0759341 0.0679821 0.0482713 0.0593494 0.0255177 0.0525423 0.0000000 0.0572165 0.0445708 0.0497017 0.0681956 0.0708625 0.0719987 
Tarsipedidae_Tarsipes_rostratus              0.0612488 0.0955700 0.0559053 0.0690124 0.0702926 0.0820017 0.0643975 0.0661981 0.0688050 0.0862438 0.0659370 0.0844741 0.0814961 0.0634211 0.0534233 0.0842095 0.0833953 0.0840064 0.0896153 0.0689416 0.0585103 0.1064071 0.1002427 0.0807612 0.0661284 0.0783857 0.0529702 0.0653740 0.0572165 0.0000000 0.0604019 0.0645830 0.0786335 0.0807808 0.0910915 
Acrobatidae_Distoechurus_pennatus            0.0393981 0.0694221 0.0377397 0.0497009 0.0509678 0.0689879 0.0413656 0.0434587 0.0490650 0.0662110 0.0440538 0.0676773 0.0682197 0.0428399 0.0172349 0.0666013 0.0705841 0.0655930 0.0690294 0.0519266 0.0450678 0.0809304 0.0765753 0.0657455 0.0455094 0.0572684 0.0377442 0.0493401 0.0445708 0.0604019 0.0000000 0.0437727 0.0613547 0.0707724 0.0699223 
Phalangeridae_Phalanger_carmelitae           0.0396746 0.0751971 0.0412133 0.0457036 0.0464326 0.0680706 0.0126690 0.0083865 0.0460538 0.0664810 0.0091529 0.0679113 0.0708171 0.0041419 0.0400395 0.0681442 0.0695976 0.0662101 0.0712539 0.0478925 0.0491754 0.0837719 0.0809203 0.0645065 0.0465794 0.0615045 0.0417715 0.0455491 0.0497017 0.0645830 0.0437727 0.0000000 0.0686805 0.0690005 0.0689049 
Peramelidae_Peroryctes_raffrayana            0.0609038 0.0804889 0.0557422 0.0625252 0.0639599 0.0714332 0.0726865 0.0693145 0.0651467 0.0118413 0.0696910 0.0745183 0.0768542 0.0680844 0.0575211 0.0752914 0.0771188 0.0787426 0.0103335 0.0674269 0.0684296 0.0819849 0.0801755 0.0715622 0.0595041 0.0661595 0.0626165 0.0674050 0.0681956 0.0786335 0.0613547 0.0686805 0.0000000 0.0742883 0.0121318 
Dasyuridae_Dasyurus_geffroii                 0.0662389 0.0836725 0.0590463 0.0720000 0.0728612 0.0052186 0.0689350 0.0710267 0.0725150 0.0769487 0.0708967 0.0163210 0.0247684 0.0693765 0.0619643 0.0170021 0.0056549 0.0211255 0.0819706 0.0711044 0.0746014 0.0873562 0.0830345 0.0145094 0.0687555 0.0700948 0.0690527 0.0664623 0.0708625 0.0807808 0.0707724 0.0690005 0.0742883 0.0000000 0.0798849 
Peramelidae_Perameles_gunnii                 0.0642889 0.0784994 0.0596832 0.0661361 0.0661080 0.0788895 0.0699336 0.0705687 0.0683621 0.0009075 0.0685511 0.0794570 0.0818404 0.0684638 0.0656927 0.0794198 0.0810304 0.0782925 0.0118947 0.0690216 0.0775997 0.0888576 0.0867822 0.0757289 0.0651034 0.0702171 0.0677898 0.0672742 0.0719987 0.0910915 0.0699223 0.0689049 0.0121318 0.0798849 0.0000000 
