35
Vombatidae_Lasiorhinus_latifrons             0.0000000 0.0405952 0.0393204 0.0634429 0.0365669 0.0382748 0.0392571 0.0632732 0.0386243 0.0633232 0.0586950 0.0448226 0.0397983 0.0619092 0.0627369 0.0546101 0.0512938 0.0391765 0.0472876 0.0635766 0.0627474 0.0643029 0.0421354 0.0456357 0.0352007 0.0386384 0.0582565 0.0437106 0.0378919 0.0485356 0.0674808 0.0611607 0.0408375 0.0538336 0.0484418 
Potoroidae_Bettongia_penicillata             0.0405952 0.0000000 0.0030680 0.0709814 0.0405390 0.0389208 0.0104091 0.0644203 0.0414441 0.0669753 0.0652859 0.0471403 0.0413746 0.0655732 0.0699850 0.0612994 0.0553506 0.0221034 0.0472536 0.0638517 0.0696208 0.0684613 0.0272159 0.0499151 0.0178967 0.0379213 0.0575723 0.0411636 0.0412745 0.0489087 0.0744161 0.0633036 0.0417905 0.0552591 0.0462727 
Potoroidae_Bettongia_lesueur                 0.0393204 0.0030680 0.0000000 0.0691254 0.0392664 0.0376275 0.0095996 0.0633369 0.0404745 0.0655070 0.0633485 0.0460983 0.0400718 0.0637411 0.0681361 0.0591292 0.0542904 0.0209536 0.0462230 0.0628942 0.0676625 0.0670083 0.0271859 0.0482383 0.0167650 0.0361580 0.0564580 0.0403893 0.0399851 0.0468091 0.0725327 0.0622108 0.0408874 0.0542070 0.0461888 
Dasyuridae_Dasyurus_maculatus                0.0634429 0.0709814 0.0691254 0.0000000 0.0688830 0.0691525 0.0691188 0.0805883 0.0732838 0.0177820 0.0243113 0.0784744 0.0632361 0.0186036 0.0072555 0.0204186 0.0751107 0.0701752 0.0720463 0.0908978 0.0865990 0.0203898 0.0699068 0.0756338 0.0660128 0.0673291 0.0837685 0.0678729 0.0714395 0.0645547 0.0074885 0.0801239 0.0804650 0.0870498 0.0782203 
Phalangeridae_Trichosurus_vulpecula          0.0365669 0.0405390 0.0392664 0.0688830 0.0000000 0.0205698 0.0386153 0.0650916 0.0239057 0.0655966 0.0628131 0.0273278 0.0410818 0.0624840 0.0671934 0.0574745 0.0545601 0.0394807 0.0481364 0.0622546 0.0648825 0.0667156 0.0411866 0.0474193 0.0361295 0.0389952 0.0578304 0.0441915 0.0196439 0.0513561 0.0702117 0.0642463 0.0321237 0.0549287 0.0444373 
Phalangeridae_Spilocuscus_maculatus          0.0382748 0.0389208 0.0376275 0.0691525 0.0205698 0.0000000 0.0382341 0.0652063 0.0153760 0.0663392 0.0616502 0.0159194 0.0399588 0.0642096 0.0673832 0.0592506 0.0548133 0.0372101 0.0466744 0.0633547 0.0657727 0.0678079 0.0407930 0.0475216 0.0347097 0.0371575 0.0577378 0.0427331 0.0140249 0.0494217 0.0705073 0.0643590 0.0321347 0.0548529 0.0425457 
Potoroidae_Aepyprymnus_rufescens             0.0392571 0.0104091 0.0095996 0.0691188 0.0386153 0.0382341 0.0000000 0.0653349 0.0413780 0.0661971 0.0640725 0.0470342 0.0403513 0.0644254 0.0681295 0.0591302 0.0555387 0.0215004 0.0477744 0.0654767 0.0706169 0.0673656 0.0288887 0.0495280 0.0173048 0.0361671 0.0591367 0.0414504 0.0396258 0.0484903 0.0725264 0.0641891 0.0420669 0.0555341 0.0469930 
Peramelidae_Perameles_nasuta                 0.0632732 0.0644203 0.0633369 0.0805883 0.0650916 0.0652063 0.0653349 0.0000000 0.0646630 0.0797175 0.0811912 0.0712349 0.0607616 0.0775208 0.0783776 0.0743542 0.0203218 0.0667687 0.0725701 0.0756109 0.0773276 0.0767171 0.0645983 0.0677955 0.0628575 0.0647129 0.0831314 0.0593000 0.0652352 0.0140502 0.0826643 0.0015407 0.0689701 0.0788255 0.0747473 
Phalangeridae_Strigocuscus_pelengensis       0.0386243 0.0414441 0.0404745 0.0732838 0.0239057 0.0153760 0.0413780 0.0646630 0.0000000 0.0697844 0.0675418 0.0184191 0.0400459 0.0666093 0.0715404 0.0627392 0.0543786 0.0406581 0.0482384 0.0629784 0.0657812 0.0699430 0.0423206 0.0509601 0.0369199 0.0378207 0.0611624 0.0441528 0.0182119 0.0496431 0.0753176 0.0638545 0.0380631 0.0591925 0.0481708 
Dasyuridae_Phascogale_tapoatafa              0.0633232 0.0669753 0.0655070 0.0177820 0.0655966 0.0663392 0.0661971 0.0797175 0.0697844 0.0000000 0.0215031 0.0748484 0.0627414 0.0035799 0.0175159 0.0176847 0.0714243 0.0675840 0.0701724 0.0882304 0.0865125 0.0092415 0.0679546 0.0708897 0.0627814 0.0648071 0.0811755 0.0681148 0.0681019 0.0633388 0.0202358 0.0785170 0.0804772 0.0846047 0.0775677 
Dasyuridae_Sminthopsis_macroura              0.0586950 0.0652859 0.0633485 0.0243113 0.0628131 0.0616502 0.0640725 0.0811912 0.0675418 0.0215031 0.0000000 0.0726378 0.0573773 0.0227256 0.0240397 0.0147343 0.0704753 0.0643873 0.0682098 0.0889182 0.0890666 0.0219833 0.0637092 0.0703261 0.0595948 0.0607518 0.0795678 0.0638981 0.0657009 0.0617124 0.0276880 0.0794049 0.0683985 0.0820424 0.0685120 
Phalangeridae_Phalanger_orientalis           0.0448226 0.0471403 0.0460983 0.0784744 0.0273278 0.0159194 0.0470342 0.0712349 0.0184191 0.0748484 0.0726378 0.0000000 0.0473561 0.0726168 0.0766953 0.0661862 0.0607093 0.0469742 0.0552640 0.0704933 0.0706972 0.0735830 0.0484399 0.0520044 0.0436924 0.0420785 0.0669606 0.0518314 0.0167588 0.0541292 0.0798853 0.0702984 0.0400739 0.0598876 0.0514149 
Acrobatidae_Acrobates_pygmaeus               0.0397983 0.0413746 0.0400718 0.0632361 0.0410818 0.0399588 0.0403513 0.0607616 0.0400459 0.0627414 0.0573773 0.0473561 0.0000000 0.0606478 0.0625620 0.0545471 0.0526917 0.0383500 0.0422062 0.0615006 0.0651206 0.0629974 0.0382741 0.0481524 0.0343293 0.0345955 0.0531829 0.0197208 0.0392894 0.0469277 0.0655638 0.0589738 0.0448879 0.0606441 0.0403992 
Dasyuridae_Phascogale_calura                 0.0619092 0.0655732 0.0637411 0.0186036 0.0624840 0.0642096 0.0644254 0.0775208 0.0666093 0.0035799 0.0227256 0.0726168 0.0606478 0.0000000 0.0177889 0.0176821 0.0689291 0.0644337 0.0669974 0.0852451 0.0840487 0.0103227 0.0648134 0.0701377 0.0603738 0.0632189 0.0781848 0.0643981 0.0659934 0.0614977 0.0210632 0.0759390 0.0755090 0.0839905 0.0745045 
Dasyuridae_Sarcophilus_harrisii              0.0627369 0.0699850 0.0681361 0.0072555 0.0671934 0.0673832 0.0681295 0.0783776 0.0715404 0.0175159 0.0240397 0.0766953 0.0625620 0.0177889 0.0000000 0.0207311 0.0729753 0.0691780 0.0706929 0.0904188 0.0849406 0.0189916 0.0699215 0.0745276 0.0650285 0.0657805 0.0835952 0.0684165 0.0697297 0.0630234 0.0093500 0.0779272 0.0790991 0.0898216 0.0787549 
Dasyuridae_Planigale_tenuirostris            0.0546101 0.0612994 0.0591292 0.0204186 0.0574745 0.0592506 0.0591302 0.0743542 0.0627392 0.0176847 0.0147343 0.0661862 0.0545471 0.0176821 0.0207311 0.0000000 0.0656648 0.0603755 0.0647407 0.0809378 0.0791723 0.0189922 0.0597666 0.0659284 0.0571105 0.0566146 0.0762194 0.0603688 0.0604324 0.0590492 0.0216130 0.0734265 0.0674702 0.0792895 0.0677079 
Peramelidae_Echymipera_kalubu                0.0512938 0.0553506 0.0542904 0.0751107 0.0545601 0.0548133 0.0555387 0.0203218 0.0543786 0.0714243 0.0704753 0.0607093 0.0526917 0.0689291 0.0729753 0.0656648 0.0000000 0.0547935 0.0616944 0.0698374 0.0735363 0.0691439 0.0555756 0.0579808 0.0521739 0.0538124 0.0743987 0.0545606 0.0550150 0.0078815 0.0782364 0.0187880 0.0579780 0.0654976 0.0599027 
Macropodidae_Dorcopsulus_vanheurni           0.0391765 0.0221034 0.0209536 0.0701752 0.0394807 0.0372101 0.0215004 0.0667687 0.0406581 0.0675840 0.0643873 0.0469742 0.0383500 0.0644337 0.0691780 0.0603755 0.0547935 0.0000000 0.0447991 0.0606237 0.0634249 0.0683146 0.0272973 0.0490832 0.0070171 0.0365581 0.0563516 0.0397900 0.0392508 0.0475639 0.0732485 0.0655857 0.0437306 0.0565208 0.0472840 
Pseudochiridae_Pseudochirulus_forbesi        0.0472876 0.0472536 0.0462230 0.0720463 0.0481364 0.0466744 0.0477744 0.0725701 0.0482384 0.0701724 0.0682098 0.0552640 0.0422062 0.0669974 0.0706929 0.0647407 0.0616944 0.0447991 0.0000000 0.0668211 0.0689549 0.0706225 0.0462545 0.0576330 0.0404705 0.0175955 0.0499253 0.0407406 0.0479275 0.0542858 0.0747756 0.0710093 0.0518979 0.0688049 0.0338377 
Didelphidae_Didelphis_virginiana             0.0635766 0.0638517 0.0628942 0.0908978 0.0622546 0.0633547 0.0654767 0.0756109 0.0629784 0.0882304 0.0889182 0.0704933 0.0615006 0.0852451 0.0904188 0.0809378 0.0698374 0.0606237 0.0668211 0.0000000 0.0233729 0.0876225 0.0606573 0.0650500 0.0568229 0.0626463 0.0753653 0.0627386 0.0639654 0.0697547 0.0902188 0.0749040 0.0550306 0.0652903 0.0535050 
Marmosidae_Monodelphis_domestica             0.0627474 0.0696208 0.0676625 0.0865990 0.0648825 0.0657727 0.0706169 0.0773276 0.0657812 0.0865125 0.0890666 0.0706972 0.0651206 0.0840487 0.0849406 0.0791723 0.0735363 0.0634249 0.0689549 0.0233729 0.0000000 0.0858273 0.0670548 0.0711570 0.0600905 0.0644817 0.0770557 0.0562431 0.0643441 0.0713653 0.0876551 0.0773610 0.0637379 0.0705768 0.0689644 
Dasyuridae_Antechinus_stuartii               0.0643029 0.0684613 0.0670083 0.0203898 0.0667156 0.0678079 0.0673656 0.0767171 0.0699430 0.0092415 0.0219833 0.0735830 0.0629974 0.0103227 0.0189916 0.0189922 0.0691439 0.0683146 0.0706225 0.0876225 0.0858273 0.0000000 0.0686836 0.0713228 0.0629467 0.0633904 0.0814191 0.0668118 0.0688939 0.0620978 0.0226330 0.0755282 0.0767907 0.0849791 0.0759876 
Hypsiprymnodontidae_Hypsiprymnodon_moschatus 0.0421354 0.0272159 0.0271859 0.0699068 0.0411866 0.0407930 0.0288887 0.0645983 0.0423206 0.0679546 0.0637092 0.0484399 0.0382741 0.0648134 0.0699215 0.0597666 0.0555756 0.0272973 0.0462545 0.0606573 0.0670548 0.0686836 0.0000000 0.0475562 0.0229334 0.0379040 0.0552020 0.0381681 0.0406552 0.0488494 0.0732615 0.0631761 0.0412071 0.0595185 0.0493019 
Microbiotheriidae_Dromiciops_gliroides       0.0456357 0.0499151 0.0482383 0.0756338 0.0474193 0.0475216 0.0495280 0.0677955 0.0509601 0.0708897 0.0703261 0.0520044 0.0481524 0.0701377 0.0745276 0.0659284 0.0579808 0.0490832 0.0576330 0.0650500 0.0711570 0.0713228 0.0475562 0.0000000 0.0460403 0.0467692 0.0639507 0.0514374 0.0480717 0.0496607 0.0767680 0.0661506 0.0537250 0.0612129 0.0606510 
Macropodidae_Wallabia_bicolor                0.0352007 0.0178967 0.0167650 0.0660128 0.0361295 0.0347097 0.0173048 0.0628575 0.0369199 0.0627814 0.0595948 0.0436924 0.0343293 0.0603738 0.0650285 0.0571105 0.0521739 0.0070171 0.0404705 0.0568229 0.0600905 0.0629467 0.0229334 0.0460403 0.0000000 0.0324733 0.0510705 0.0361772 0.0361809 0.0454945 0.0690425 0.0611347 0.0381129 0.0523245 0.0409226 
Pseudochiridae_Pseudocheirus_occidentalis    0.0386384 0.0379213 0.0361580 0.0673291 0.0389952 0.0371575 0.0361671 0.0647129 0.0378207 0.0648071 0.0607518 0.0420785 0.0345955 0.0632189 0.0657805 0.0566146 0.0538124 0.0365581 0.0175955 0.0626463 0.0644817 0.0633904 0.0379040 0.0467692 0.0324733 0.0000000 0.0482304 0.0403297 0.0387119 0.0461927 0.0685032 0.0648305 0.0393236 0.0573684 0.0225095 
Tarsipedidae_Tarsipes_rostratus              0.0582565 0.0575723 0.0564580 0.0837685 0.0578304 0.0577378 0.0591367 0.0831314 0.0611624 0.0811755 0.0795678 0.0669606 0.0531829 0.0781848 0.0835952 0.0762194 0.0743987 0.0563516 0.0499253 0.0753653 0.0770557 0.0814191 0.0552020 0.0639507 0.0510705 0.0482304 0.0000000 0.0531757 0.0583049 0.0659254 0.0867530 0.0825476 0.0588855 0.0736688 0.0511727 
Acrobatidae_Distoechurus_pennatus            0.0437106 0.0411636 0.0403893 0.0678729 0.0441915 0.0427331 0.0414504 0.0593000 0.0441528 0.0681148 0.0638981 0.0518314 0.0197208 0.0643981 0.0684165 0.0603688 0.0545606 0.0397900 0.0407406 0.0627386 0.0562431 0.0668118 0.0381681 0.0514374 0.0361772 0.0403297 0.0531757 0.0000000 0.0436292 0.0458202 0.0673155 0.0596231 0.0467892 0.0612977 0.0456129 
Phalangeridae_Phalanger_carmelitae           0.0378919 0.0412745 0.0399851 0.0714395 0.0196439 0.0140249 0.0396258 0.0652352 0.0182119 0.0681019 0.0657009 0.0167588 0.0392894 0.0659934 0.0697297 0.0604324 0.0550150 0.0392508 0.0479275 0.0639654 0.0643441 0.0688939 0.0406552 0.0480717 0.0361809 0.0387119 0.0583049 0.0436292 0.0000000 0.0498408 0.0727779 0.0644026 0.0317395 0.0529892 0.0426147 
Peramelidae_Peroryctes_raffrayana            0.0485356 0.0489087 0.0468091 0.0645547 0.0513561 0.0494217 0.0484903 0.0140502 0.0496431 0.0633388 0.0617124 0.0541292 0.0469277 0.0614977 0.0630234 0.0590492 0.0078815 0.0475639 0.0542858 0.0697547 0.0713653 0.0620978 0.0488494 0.0496607 0.0454945 0.0461927 0.0659254 0.0458202 0.0498408 0.0000000 0.0671755 0.0131093 0.0474850 0.0585546 0.0495317 
Dasyuridae_Dasyurus_geffroii                 0.0674808 0.0744161 0.0725327 0.0074885 0.0702117 0.0705073 0.0725264 0.0826643 0.0753176 0.0202358 0.0276880 0.0798853 0.0655638 0.0210632 0.0093500 0.0216130 0.0782364 0.0732485 0.0747756 0.0902188 0.0876551 0.0226330 0.0732615 0.0767680 0.0690425 0.0685032 0.0867530 0.0673155 0.0727779 0.0671755 0.0000000 0.0821874 0.0879281 0.0947325 0.0849887 
Peramelidae_Perameles_gunnii                 0.0611607 0.0633036 0.0622108 0.0801239 0.0642463 0.0643590 0.0641891 0.0015407 0.0638545 0.0785170 0.0794049 0.0702984 0.0589738 0.0759390 0.0779272 0.0734265 0.0187880 0.0655857 0.0710093 0.0749040 0.0773610 0.0755282 0.0631761 0.0661506 0.0611347 0.0648305 0.0825476 0.0596231 0.0644026 0.0131093 0.0821874 0.0000000 0.0674735 0.0765558 0.0715507 
Burramyidae_Burramys_parvus                  0.0408375 0.0417905 0.0408874 0.0804650 0.0321237 0.0321347 0.0420669 0.0689701 0.0380631 0.0804772 0.0683985 0.0400739 0.0448879 0.0755090 0.0790991 0.0674702 0.0579780 0.0437306 0.0518979 0.0550306 0.0637379 0.0767907 0.0412071 0.0537250 0.0381129 0.0393236 0.0588855 0.0467892 0.0317395 0.0474850 0.0879281 0.0674735 0.0000000 0.0530818 0.0433891 
Notoryctidae_Notoryctes_typhlops             0.0538336 0.0552591 0.0542070 0.0870498 0.0549287 0.0548529 0.0555341 0.0788255 0.0591925 0.0846047 0.0820424 0.0598876 0.0606441 0.0839905 0.0898216 0.0792895 0.0654976 0.0565208 0.0688049 0.0652903 0.0705768 0.0849791 0.0595185 0.0612129 0.0523245 0.0573684 0.0736688 0.0612977 0.0529892 0.0585546 0.0947325 0.0765558 0.0530818 0.0000000 0.0593529 
Pseudochiridae_Petauroides_volans            0.0484418 0.0462727 0.0461888 0.0782203 0.0444373 0.0425457 0.0469930 0.0747473 0.0481708 0.0775677 0.0685120 0.0514149 0.0403992 0.0745045 0.0787549 0.0677079 0.0599027 0.0472840 0.0338377 0.0535050 0.0689644 0.0759876 0.0493019 0.0606510 0.0409226 0.0225095 0.0511727 0.0456129 0.0426147 0.0495317 0.0849887 0.0715507 0.0433891 0.0593529 0.0000000 
