35
Burramyidae_Burramys_parvus                  0.0000000 0.0462927 0.0549001 0.0587494 0.0559676 0.0687121 0.0465175 0.0489848 0.0558451 0.1101729 0.0531351 0.0781722 0.0752879 0.0476062 0.0525226 0.0780000 0.0795128 0.0738331 0.1079806 0.0530522 0.0525001 0.0479766 0.0553669 0.0778516 0.0530506 0.0716401 0.0501171 0.0528463 0.0554211 0.0753728 0.0545116 0.0493200 0.1099641 0.0683796 0.1093859 
Notoryctidae_Notoryctes_typhlops             0.0462927 0.0000000 0.0416478 0.0473185 0.0447309 0.0494812 0.0426851 0.0452375 0.0428516 0.0598099 0.0492269 0.0489617 0.0446188 0.0435978 0.0441858 0.0483051 0.0480695 0.0429720 0.0581396 0.0406684 0.0413073 0.0449814 0.0487411 0.0451536 0.0397922 0.0382939 0.0409764 0.0401250 0.0474541 0.0757119 0.0489901 0.0445676 0.0597139 0.0474459 0.0596883 
Vombatidae_Lasiorhinus_latifrons             0.0549001 0.0416478 0.0000000 0.0533094 0.0501471 0.0572010 0.0419950 0.0458783 0.0486581 0.0842899 0.0492579 0.0679482 0.0619919 0.0452615 0.0478375 0.0672901 0.0666246 0.0634195 0.0817912 0.0462566 0.0447576 0.0426485 0.0493888 0.0661623 0.0436530 0.0552391 0.0429878 0.0452003 0.0484055 0.0688684 0.0472629 0.0451812 0.0846797 0.0560501 0.0867855 
Potoroidae_Bettongia_penicillata             0.0587494 0.0473185 0.0533094 0.0000000 0.0058733 0.0691191 0.0450205 0.0475752 0.0128283 0.1000452 0.0501411 0.0821162 0.0773736 0.0463688 0.0513233 0.0803574 0.0804199 0.0761917 0.0974205 0.0208803 0.0488412 0.0510899 0.0611131 0.0803822 0.0287940 0.0663759 0.0461867 0.0194065 0.0513960 0.0722984 0.0506551 0.0476797 0.0995540 0.0689148 0.1003979 
Potoroidae_Bettongia_lesueur                 0.0559676 0.0447309 0.0501471 0.0058733 0.0000000 0.0668961 0.0432919 0.0462261 0.0104911 0.0965832 0.0485955 0.0804449 0.0751945 0.0438212 0.0482658 0.0786672 0.0787909 0.0741971 0.0941424 0.0184481 0.0462282 0.0468109 0.0571126 0.0784371 0.0262153 0.0640404 0.0429996 0.0171778 0.0481551 0.0675704 0.0474883 0.0461395 0.0960867 0.0666961 0.0966745 
Dasyuridae_Dasyurus_maculatus                0.0687121 0.0494812 0.0572010 0.0691191 0.0668961 0.0000000 0.0538754 0.0593410 0.0647185 0.0863505 0.0627846 0.0085618 0.0126143 0.0581646 0.0577579 0.0087993 0.0061496 0.0132135 0.0879930 0.0638478 0.0602230 0.0528623 0.0633373 0.0086056 0.0591575 0.0563516 0.0589121 0.0633409 0.0644885 0.0753570 0.0604910 0.0582864 0.0860233 0.0046428 0.0880758 
Phalangeridae_Trichosurus_vulpecula          0.0465175 0.0426851 0.0419950 0.0450205 0.0432919 0.0538754 0.0000000 0.0147875 0.0415274 0.0846583 0.0231342 0.0629111 0.0600654 0.0139285 0.0434798 0.0627488 0.0646075 0.0594081 0.0835097 0.0392298 0.0404345 0.0445028 0.0542655 0.0613396 0.0379182 0.0537813 0.0386278 0.0385279 0.0440361 0.0707301 0.0435176 0.0151173 0.0835919 0.0544233 0.0827318 
Phalangeridae_Spilocuscus_maculatus          0.0489848 0.0452375 0.0458783 0.0475752 0.0462261 0.0593410 0.0147875 0.0000000 0.0450047 0.0883970 0.0211220 0.0685525 0.0654905 0.0117326 0.0452122 0.0684100 0.0688631 0.0642935 0.0900120 0.0413015 0.0413640 0.0485703 0.0582139 0.0670660 0.0413064 0.0588723 0.0408441 0.0411669 0.0446330 0.0738468 0.0450621 0.0123869 0.0889567 0.0601214 0.0874545 
Potoroidae_Aepyprymnus_rufescens             0.0558451 0.0428516 0.0486581 0.0128283 0.0104911 0.0647185 0.0415274 0.0450047 0.0000000 0.0931204 0.0464939 0.0768639 0.0723621 0.0434008 0.0461755 0.0748804 0.0764159 0.0689691 0.0893581 0.0177490 0.0466186 0.0442178 0.0567571 0.0743213 0.0256271 0.0628067 0.0416814 0.0163323 0.0484936 0.0659283 0.0470488 0.0447201 0.0918285 0.0654826 0.0907773 
Peramelidae_Perameles_nasuta                 0.1101729 0.0598099 0.0842899 0.1000452 0.0965832 0.0863505 0.0846583 0.0883970 0.0931204 0.0000000 0.1013222 0.1067503 0.0989051 0.0864447 0.0886911 0.1069743 0.1050588 0.1075236 0.0158045 0.0901906 0.0828705 0.0813700 0.0883093 0.1076770 0.0877764 0.0830164 0.0788043 0.0878978 0.0882808 0.0632425 0.0862007 0.0881349 0.0153965 0.0842315 0.0006011 
Phalangeridae_Strigocuscus_pelengensis       0.0531351 0.0492269 0.0492579 0.0501411 0.0485955 0.0627846 0.0231342 0.0211220 0.0464939 0.1013222 0.0000000 0.0735263 0.0699305 0.0188054 0.0481563 0.0740356 0.0728579 0.0691833 0.1022115 0.0445024 0.0453527 0.0532876 0.0628887 0.0726655 0.0440498 0.0601849 0.0431889 0.0444944 0.0468792 0.0870593 0.0475780 0.0184349 0.1021788 0.0629857 0.1012442 
Dasyuridae_Phascogale_tapoatafa              0.0781722 0.0489617 0.0679482 0.0821162 0.0804449 0.0085618 0.0629111 0.0685525 0.0768639 0.1067503 0.0735263 0.0000000 0.0159093 0.0671487 0.0681484 0.0025372 0.0115156 0.0140130 0.1082906 0.0743625 0.0705566 0.0488832 0.0593188 0.0064402 0.0711412 0.0695448 0.0694151 0.0735114 0.0747501 0.0753342 0.0716581 0.0681779 0.1052393 0.0079619 0.1070053 
Dasyuridae_Sminthopsis_macroura              0.0752879 0.0446188 0.0619919 0.0773736 0.0751945 0.0126143 0.0600654 0.0654905 0.0723621 0.0989051 0.0699305 0.0159093 0.0000000 0.0647594 0.0654277 0.0159309 0.0173119 0.0133260 0.1036137 0.0701495 0.0667782 0.0505551 0.0586649 0.0147632 0.0660883 0.0630469 0.0672837 0.0696083 0.0715984 0.0722836 0.0698868 0.0644602 0.1003153 0.0119910 0.1040608 
Phalangeridae_Phalanger_orientalis           0.0476062 0.0435978 0.0452615 0.0463688 0.0438212 0.0581646 0.0139285 0.0117326 0.0434008 0.0864447 0.0188054 0.0671487 0.0647594 0.0000000 0.0435256 0.0674605 0.0681492 0.0627650 0.0860803 0.0391430 0.0400058 0.0463430 0.0548726 0.0656579 0.0393710 0.0557023 0.0396951 0.0394029 0.0440060 0.0703107 0.0448481 0.0072977 0.0865567 0.0589202 0.0848591 
Acrobatidae_Acrobates_pygmaeus               0.0525226 0.0441858 0.0478375 0.0513233 0.0482658 0.0577579 0.0434798 0.0452122 0.0461755 0.0886911 0.0481563 0.0681484 0.0654277 0.0435256 0.0000000 0.0679876 0.0689793 0.0645198 0.0900360 0.0437349 0.0367612 0.0453182 0.0542118 0.0682346 0.0420697 0.0555055 0.0344289 0.0438195 0.0394682 0.0638980 0.0270917 0.0457652 0.0894655 0.0578706 0.0877950 
Dasyuridae_Phascogale_calura                 0.0780000 0.0483051 0.0672901 0.0803574 0.0786672 0.0087993 0.0627488 0.0684100 0.0748804 0.1069743 0.0740356 0.0025372 0.0159309 0.0674605 0.0679876 0.0000000 0.0117418 0.0132778 0.1079803 0.0735644 0.0701937 0.0491553 0.0606787 0.0062661 0.0707879 0.0684656 0.0686116 0.0727220 0.0743955 0.0762417 0.0706557 0.0680231 0.1056585 0.0081960 0.1071695 
Dasyuridae_Sarcophilus_harrisii              0.0795128 0.0480695 0.0666246 0.0804199 0.0787909 0.0061496 0.0646075 0.0688631 0.0764159 0.1050588 0.0728579 0.0115156 0.0173119 0.0681492 0.0689793 0.0117418 0.0000000 0.0149982 0.1070648 0.0738419 0.0704389 0.0527095 0.0613583 0.0110941 0.0694875 0.0706686 0.0693530 0.0732925 0.0746966 0.0721357 0.0719150 0.0691168 0.1066762 0.0063260 0.1095464 
Dasyuridae_Planigale_tenuirostris            0.0738331 0.0429720 0.0634195 0.0761917 0.0741971 0.0132135 0.0594081 0.0642935 0.0689691 0.1075236 0.0691833 0.0140130 0.0133260 0.0627650 0.0645198 0.0132778 0.0149982 0.0000000 0.1074090 0.0679547 0.0667493 0.0445708 0.0565181 0.0134676 0.0659312 0.0640952 0.0656234 0.0677598 0.0707021 0.0732622 0.0671049 0.0633089 0.1079926 0.0127639 0.1063672 
Peramelidae_Echymipera_kalubu                0.1079806 0.0581396 0.0817912 0.0974205 0.0941424 0.0879930 0.0835097 0.0900120 0.0893581 0.0158045 0.1022115 0.1082906 0.1036137 0.0860803 0.0900360 0.1079803 0.1070648 0.1074090 0.0000000 0.0885380 0.0839366 0.0866727 0.0935083 0.1078473 0.0872625 0.0816242 0.0795164 0.0862781 0.0909215 0.0612977 0.0847645 0.0890587 0.0133884 0.0848563 0.0153981 
Macropodidae_Dorcopsulus_vanheurni           0.0530522 0.0406684 0.0462566 0.0208803 0.0184481 0.0638478 0.0392298 0.0413015 0.0177490 0.0901906 0.0445024 0.0743625 0.0701495 0.0391430 0.0437349 0.0735644 0.0738419 0.0679547 0.0885380 0.0000000 0.0413022 0.0438916 0.0526932 0.0736370 0.0232794 0.0604012 0.0387684 0.0046389 0.0431880 0.0638610 0.0429684 0.0404324 0.0897486 0.0636811 0.0904912 
Pseudochiridae_Pseudochirulus_forbesi        0.0525001 0.0413073 0.0447576 0.0488412 0.0462282 0.0602230 0.0404345 0.0413640 0.0466186 0.0828705 0.0453527 0.0705566 0.0667782 0.0400058 0.0367612 0.0701937 0.0704389 0.0667493 0.0839366 0.0413022 0.0000000 0.0429898 0.0512798 0.0683430 0.0387568 0.0592233 0.0206119 0.0406134 0.0154798 0.0558286 0.0387490 0.0412846 0.0846000 0.0593473 0.0837462 
Didelphidae_Didelphis_virginiana             0.0479766 0.0449814 0.0426485 0.0510899 0.0468109 0.0528623 0.0445028 0.0485703 0.0442178 0.0813700 0.0532876 0.0488832 0.0505551 0.0463430 0.0453182 0.0491553 0.0527095 0.0445708 0.0866727 0.0438916 0.0429898 0.0000000 0.0168791 0.0475307 0.0418425 0.0438058 0.0425311 0.0433619 0.0482228 0.0873877 0.0514655 0.0482311 0.0821316 0.0511227 0.0778878 
Marmosidae_Monodelphis_domestica             0.0553669 0.0487411 0.0493888 0.0611131 0.0571126 0.0633373 0.0542655 0.0582139 0.0567571 0.0883093 0.0628887 0.0593188 0.0586649 0.0548726 0.0542118 0.0606787 0.0613583 0.0565181 0.0935083 0.0526932 0.0512798 0.0168791 0.0000000 0.0592207 0.0509877 0.0535077 0.0517105 0.0524250 0.0573488 0.0876986 0.0597162 0.0569005 0.0887978 0.0609952 0.0872504 
Dasyuridae_Antechinus_stuartii               0.0778516 0.0451536 0.0661623 0.0803822 0.0784371 0.0086056 0.0613396 0.0670660 0.0743213 0.1076770 0.0726655 0.0064402 0.0147632 0.0656579 0.0682346 0.0062661 0.0110941 0.0134676 0.1078473 0.0736370 0.0683430 0.0475307 0.0592207 0.0000000 0.0706017 0.0694793 0.0685489 0.0728326 0.0729823 0.0750167 0.0696947 0.0657880 0.1083334 0.0079887 0.1072803 
Hypsiprymnodontidae_Hypsiprymnodon_moschatus 0.0530506 0.0397922 0.0436530 0.0287940 0.0262153 0.0591575 0.0379182 0.0413064 0.0256271 0.0877764 0.0440498 0.0711412 0.0660883 0.0393710 0.0420697 0.0707879 0.0694875 0.0659312 0.0872625 0.0232794 0.0387568 0.0418425 0.0509877 0.0706017 0.0000000 0.0587320 0.0371838 0.0214186 0.0423122 0.0621860 0.0426210 0.0404583 0.0885419 0.0589771 0.0879717 
Microbiotheriidae_Dromiciops_gliroides       0.0716401 0.0382939 0.0552391 0.0663759 0.0640404 0.0563516 0.0537813 0.0588723 0.0628067 0.0830164 0.0601849 0.0695448 0.0630469 0.0557023 0.0555055 0.0684656 0.0706686 0.0640952 0.0816242 0.0604012 0.0592233 0.0438058 0.0535077 0.0694793 0.0587320 0.0000000 0.0557926 0.0589603 0.0633801 0.0742439 0.0581320 0.0576897 0.0844746 0.0581028 0.0826378 
Pseudochiridae_Petauroides_volans            0.0501171 0.0409764 0.0429878 0.0461867 0.0429996 0.0589121 0.0386278 0.0408441 0.0416814 0.0788043 0.0431889 0.0694151 0.0672837 0.0396951 0.0344289 0.0686116 0.0693530 0.0656234 0.0795164 0.0387684 0.0206119 0.0425311 0.0517105 0.0685489 0.0371838 0.0557926 0.0000000 0.0382079 0.0233285 0.0527771 0.0372253 0.0402033 0.0796552 0.0598616 0.0806242 
Macropodidae_Wallabia_bicolor                0.0528463 0.0401250 0.0452003 0.0194065 0.0171778 0.0633409 0.0385279 0.0411669 0.0163323 0.0878978 0.0444944 0.0735114 0.0696083 0.0394029 0.0438195 0.0727220 0.0732925 0.0677598 0.0862781 0.0046389 0.0406134 0.0433619 0.0524250 0.0728326 0.0214186 0.0589603 0.0382079 0.0000000 0.0436025 0.0629159 0.0431780 0.0404910 0.0869822 0.0631779 0.0877578 
Pseudochiridae_Pseudocheirus_occidentalis    0.0554211 0.0474541 0.0484055 0.0513960 0.0481551 0.0644885 0.0440361 0.0446330 0.0484936 0.0882808 0.0468792 0.0747501 0.0715984 0.0440060 0.0394682 0.0743955 0.0746966 0.0707021 0.0909215 0.0431880 0.0154798 0.0482228 0.0573488 0.0729823 0.0423122 0.0633801 0.0233285 0.0436025 0.0000000 0.0661363 0.0413369 0.0451190 0.0913975 0.0645000 0.0874655 
Tarsipedidae_Tarsipes_rostratus              0.0753728 0.0757119 0.0688684 0.0722984 0.0675704 0.0753570 0.0707301 0.0738468 0.0659283 0.0632425 0.0870593 0.0753342 0.0722836 0.0703107 0.0638980 0.0762417 0.0721357 0.0732622 0.0612977 0.0638610 0.0558286 0.0873877 0.0876986 0.0750167 0.0621860 0.0742439 0.0527771 0.0629159 0.0661363 0.0000000 0.0645668 0.0725379 0.0655004 0.0750997 0.0613968 
Acrobatidae_Distoechurus_pennatus            0.0545116 0.0489901 0.0472629 0.0506551 0.0474883 0.0604910 0.0435176 0.0450621 0.0470488 0.0862007 0.0475780 0.0716581 0.0698868 0.0448481 0.0270917 0.0706557 0.0719150 0.0671049 0.0847645 0.0429684 0.0387490 0.0514655 0.0597162 0.0696947 0.0426210 0.0581320 0.0372253 0.0431780 0.0413369 0.0645668 0.0000000 0.0455390 0.0872953 0.0603105 0.0848197 
Phalangeridae_Phalanger_carmelitae           0.0493200 0.0445676 0.0451812 0.0476797 0.0461395 0.0582864 0.0151173 0.0123869 0.0447201 0.0881349 0.0184349 0.0681779 0.0644602 0.0072977 0.0457652 0.0680231 0.0691168 0.0633089 0.0890587 0.0404324 0.0412846 0.0482311 0.0569005 0.0657880 0.0404583 0.0576897 0.0402033 0.0404910 0.0451190 0.0725379 0.0455390 0.0000000 0.0894607 0.0595045 0.0876448 
Peramelidae_Peroryctes_raffrayana            0.1099641 0.0597139 0.0846797 0.0995540 0.0960867 0.0860233 0.0835919 0.0889567 0.0918285 0.0153965 0.1021788 0.1052393 0.1003153 0.0865567 0.0894655 0.1056585 0.1066762 0.1079926 0.0133884 0.0897486 0.0846000 0.0821316 0.0887978 0.1083334 0.0885419 0.0844746 0.0796552 0.0869822 0.0913975 0.0655004 0.0872953 0.0894607 0.0000000 0.0862251 0.0136617 
Dasyuridae_Dasyurus_geffroii                 0.0683796 0.0474459 0.0560501 0.0689148 0.0666961 0.0046428 0.0544233 0.0601214 0.0654826 0.0842315 0.0629857 0.0079619 0.0119910 0.0589202 0.0578706 0.0081960 0.0063260 0.0127639 0.0848563 0.0636811 0.0593473 0.0511227 0.0609952 0.0079887 0.0589771 0.0581028 0.0598616 0.0631779 0.0645000 0.0750997 0.0603105 0.0595045 0.0862251 0.0000000 0.0854625 
Peramelidae_Perameles_gunnii                 0.1093859 0.0596883 0.0867855 0.1003979 0.0966745 0.0880758 0.0827318 0.0874545 0.0907773 0.0006011 0.1012442 0.1070053 0.1040608 0.0848591 0.0877950 0.1071695 0.1095464 0.1063672 0.0153981 0.0904912 0.0837462 0.0778878 0.0872504 0.1072803 0.0879717 0.0826378 0.0806242 0.0877578 0.0874655 0.0613968 0.0848197 0.0876448 0.0136617 0.0854625 0.0000000 
