35
Burramyidae_Burramys_parvus                  0.0000000 0.0834925 0.0572540 0.0631204 0.0635830 0.0907650 0.0552473 0.0567423 0.0644558 0.0878874 0.0550302 0.0912786 0.0764435 0.0592445 0.0503339 0.0917574 0.0901713 0.0713379 0.0829399 0.0622542 0.0652567 0.0745468 0.0720712 0.0915021 0.0567970 0.0689600 0.0596324 0.0629394 0.0683789 0.0687631 0.0583240 0.0644144 0.0872244 0.0913653 0.0871048 
Notoryctidae_Notoryctes_typhlops             0.0834925 0.0000000 0.0793455 0.0833446 0.0844124 0.1018872 0.0819944 0.0808842 0.0847910 0.0978104 0.0768440 0.1041804 0.0910698 0.0889437 0.0705680 0.1041777 0.1003285 0.0868141 0.0913724 0.0893212 0.0931318 0.0852777 0.0801093 0.1039649 0.0846643 0.0766767 0.0852517 0.0878846 0.0963581 0.0860933 0.0877058 0.0910663 0.0960752 0.1017779 0.0992992 
Vombatidae_Lasiorhinus_latifrons             0.0572540 0.0793455 0.0000000 0.0654764 0.0668266 0.0883471 0.0532045 0.0545625 0.0663864 0.0843883 0.0549596 0.0908076 0.0791587 0.0601265 0.0538477 0.0900306 0.0869863 0.0706115 0.0808852 0.0641154 0.0678911 0.0901304 0.0809798 0.0896493 0.0609397 0.0726173 0.0609630 0.0665711 0.0685403 0.0611775 0.0651422 0.0616045 0.0837322 0.0866871 0.0852472 
Potoroidae_Bettongia_penicillata             0.0631204 0.0833446 0.0654764 0.0000000 0.0039045 0.0930342 0.0644292 0.0652076 0.0113969 0.0887767 0.0627187 0.0929077 0.0838708 0.0690020 0.0527698 0.0925763 0.0924975 0.0779926 0.0815443 0.0254842 0.0683037 0.0968370 0.0935405 0.0926790 0.0363062 0.0795314 0.0641431 0.0269636 0.0686278 0.0764427 0.0649140 0.0685697 0.0884916 0.0930726 0.0894678 
Potoroidae_Bettongia_lesueur                 0.0635830 0.0844124 0.0668266 0.0039045 0.0000000 0.0948992 0.0665894 0.0674349 0.0121902 0.0911439 0.0646534 0.0942689 0.0847632 0.0712445 0.0527572 0.0939389 0.0947665 0.0790058 0.0828925 0.0279903 0.0718184 0.0966207 0.0940378 0.0940494 0.0388168 0.0794759 0.0659925 0.0286655 0.0709704 0.0783579 0.0670912 0.0708116 0.0903329 0.0949301 0.0917358 
Dasyuridae_Dasyurus_maculatus                0.0907650 0.1018872 0.0883471 0.0930342 0.0948992 0.0000000 0.0899541 0.0862091 0.0970243 0.0963790 0.0883111 0.0195085 0.0371907 0.0935986 0.0673270 0.0195353 0.0078951 0.0337480 0.0923003 0.0963547 0.0976441 0.0998832 0.0916571 0.0192497 0.0964998 0.0801909 0.0972743 0.1006468 0.1047550 0.0901528 0.0936805 0.0942047 0.0977260 0.0051114 0.0980743 
Phalangeridae_Trichosurus_vulpecula          0.0552473 0.0819944 0.0532045 0.0644292 0.0665894 0.0899541 0.0000000 0.0258903 0.0670566 0.0850801 0.0270515 0.0916750 0.0810095 0.0314371 0.0482913 0.0918050 0.0897946 0.0781663 0.0810985 0.0602150 0.0648479 0.0898737 0.0856723 0.0914509 0.0612467 0.0718624 0.0608163 0.0634809 0.0677189 0.0652998 0.0639360 0.0327899 0.0842928 0.0899432 0.0848681 
Phalangeridae_Spilocuscus_maculatus          0.0567423 0.0808842 0.0545625 0.0652076 0.0674349 0.0862091 0.0258903 0.0000000 0.0683245 0.0851179 0.0138023 0.0884456 0.0788594 0.0222050 0.0481064 0.0889051 0.0873874 0.0748097 0.0781204 0.0617243 0.0639960 0.0722517 0.0660494 0.0882140 0.0617659 0.0702267 0.0618198 0.0628430 0.0670578 0.0670566 0.0623967 0.0251981 0.0829177 0.0880573 0.0848996 
Potoroidae_Aepyprymnus_rufescens             0.0644558 0.0847910 0.0663864 0.0113969 0.0121902 0.0970243 0.0670566 0.0683245 0.0000000 0.0923763 0.0664861 0.0954737 0.0865274 0.0748422 0.0533010 0.0951454 0.0964238 0.0794105 0.0840970 0.0287861 0.0722049 0.0981735 0.0974142 0.0952627 0.0396269 0.0823966 0.0654336 0.0282151 0.0732047 0.0769081 0.0648624 0.0721564 0.0915150 0.0970467 0.0929360 
Peramelidae_Perameles_nasuta                 0.0878874 0.0978104 0.0843883 0.0887767 0.0911439 0.0963790 0.0850801 0.0851179 0.0923763 0.0000000 0.0815464 0.0982875 0.0964403 0.0877734 0.0686060 0.0988926 0.0978906 0.0904906 0.0234449 0.0951724 0.0905980 0.0923858 0.0899375 0.0981649 0.0861078 0.0769150 0.0861337 0.0954192 0.0962474 0.0817285 0.0908094 0.0898114 0.0177287 0.0993646 0.0012000 
Phalangeridae_Strigocuscus_pelengensis       0.0550302 0.0768440 0.0549596 0.0627187 0.0646534 0.0883111 0.0270515 0.0138023 0.0664861 0.0815464 0.0000000 0.0897655 0.0763306 0.0192933 0.0437365 0.0897567 0.0876114 0.0699996 0.0776687 0.0617694 0.0622302 0.0671100 0.0614556 0.0892334 0.0585778 0.0647896 0.0557209 0.0640151 0.0627832 0.0643701 0.0581100 0.0238692 0.0810024 0.0893447 0.0824162 
Dasyuridae_Phascogale_tapoatafa              0.0912786 0.1041804 0.0908076 0.0929077 0.0942689 0.0195085 0.0916750 0.0884456 0.0954737 0.0982875 0.0897655 0.0000000 0.0377994 0.0948832 0.0700751 0.0054690 0.0206135 0.0354599 0.0920770 0.0965484 0.1021816 0.1032102 0.0982847 0.0118724 0.0963709 0.0875098 0.0989510 0.1000960 0.1095881 0.0938717 0.0944926 0.0959554 0.0979288 0.0190112 0.1001324 
Dasyuridae_Sminthopsis_macroura              0.0764435 0.0910698 0.0791587 0.0838708 0.0847632 0.0371907 0.0810095 0.0788594 0.0865274 0.0964403 0.0763306 0.0377994 0.0000000 0.0855153 0.0713095 0.0378523 0.0357047 0.0144208 0.0907573 0.0848850 0.0904935 0.1014963 0.0939572 0.0385113 0.0853615 0.0836665 0.0875851 0.0900364 0.0973423 0.0900602 0.0848400 0.0841519 0.0961764 0.0353402 0.0983356 
Phalangeridae_Phalanger_orientalis           0.0592445 0.0889437 0.0601265 0.0690020 0.0712445 0.0935986 0.0314371 0.0222050 0.0748422 0.0877734 0.0192933 0.0948832 0.0855153 0.0000000 0.0573514 0.0944132 0.0942719 0.0790512 0.0820264 0.0655994 0.0700246 0.0759628 0.0719590 0.0946979 0.0659944 0.0743952 0.0675786 0.0676650 0.0696550 0.0739327 0.0693749 0.0155120 0.0874545 0.0954330 0.0874812 
Acrobatidae_Acrobates_pygmaeus               0.0503339 0.0705680 0.0538477 0.0527698 0.0527572 0.0673270 0.0482913 0.0481064 0.0533010 0.0686060 0.0437365 0.0700751 0.0713095 0.0573514 0.0000000 0.0718959 0.0707521 0.0668157 0.0650336 0.0525143 0.0464816 0.0876528 0.0850972 0.0705539 0.0544912 0.0752688 0.0420378 0.0570158 0.0538629 0.0559498 0.0307919 0.0528404 0.0643738 0.0678157 0.0690488 
Dasyuridae_Phascogale_calura                 0.0917574 0.1041777 0.0900306 0.0925763 0.0939389 0.0195353 0.0918050 0.0889051 0.0951454 0.0988926 0.0897567 0.0054690 0.0378523 0.0944132 0.0718959 0.0000000 0.0206427 0.0350533 0.0940107 0.0952946 0.1023298 0.1032077 0.0971190 0.0106905 0.0960421 0.0850007 0.1000408 0.0988269 0.1097545 0.0935329 0.0944209 0.0964203 0.1003796 0.0190371 0.1011838 
Dasyuridae_Sarcophilus_harrisii              0.0901713 0.1003285 0.0869863 0.0924975 0.0947665 0.0078951 0.0897946 0.0873874 0.0964238 0.0978906 0.0876114 0.0206135 0.0357047 0.0942719 0.0707521 0.0206427 0.0000000 0.0341129 0.0948431 0.0952097 0.0997277 0.1027016 0.0955345 0.0195549 0.0967454 0.0839722 0.0989911 0.0996056 0.1076954 0.0914478 0.0967983 0.0944130 0.0989225 0.0058838 0.0997462 
Dasyuridae_Planigale_tenuirostris            0.0713379 0.0868141 0.0706115 0.0779926 0.0790058 0.0337480 0.0781663 0.0748097 0.0794105 0.0904906 0.0699996 0.0354599 0.0144208 0.0790512 0.0668157 0.0350533 0.0341129 0.0000000 0.0853813 0.0821724 0.0859632 0.0963774 0.0889446 0.0354395 0.0788691 0.0744514 0.0846976 0.0857605 0.0877623 0.0875441 0.0797933 0.0790860 0.0936468 0.0336546 0.0925371 
Peramelidae_Echymipera_kalubu                0.0829399 0.0913724 0.0808852 0.0815443 0.0828925 0.0923003 0.0810985 0.0781204 0.0840970 0.0234449 0.0776687 0.0920770 0.0907573 0.0820264 0.0650336 0.0940107 0.0948431 0.0853813 0.0000000 0.0867978 0.0873676 0.0949581 0.0906682 0.0923686 0.0799416 0.0795974 0.0828957 0.0878209 0.0913820 0.0801592 0.0846946 0.0821500 0.0218862 0.0945493 0.0223781 
Macropodidae_Dorcopsulus_vanheurni           0.0622542 0.0893212 0.0641154 0.0254842 0.0279903 0.0963547 0.0602150 0.0617243 0.0287861 0.0951724 0.0617694 0.0965484 0.0848850 0.0655994 0.0525143 0.0952946 0.0952097 0.0821724 0.0867978 0.0000000 0.0695208 0.1002561 0.0945198 0.0954140 0.0370266 0.0805177 0.0662091 0.0182824 0.0707428 0.0763958 0.0665899 0.0689268 0.0934664 0.0956247 0.0957852 
Pseudochiridae_Pseudochirulus_forbesi        0.0652567 0.0931318 0.0678911 0.0683037 0.0718184 0.0976441 0.0648479 0.0639960 0.0722049 0.0905980 0.0622302 0.1021816 0.0904935 0.0700246 0.0464816 0.1023298 0.0997277 0.0859632 0.0873676 0.0695208 0.0000000 0.0998094 0.0916919 0.1029459 0.0664331 0.0787212 0.0364854 0.0715220 0.0241104 0.0581436 0.0606625 0.0701772 0.0897309 0.0994343 0.0916655 
Didelphidae_Didelphis_virginiana             0.0745468 0.0852777 0.0901304 0.0968370 0.0966207 0.0998832 0.0898737 0.0722517 0.0981735 0.0923858 0.0671100 0.1032102 0.1014963 0.0759628 0.0876528 0.1032077 0.1027016 0.0963774 0.0949581 0.1002561 0.0998094 0.0000000 0.0322085 0.1015223 0.0939932 0.0979577 0.0990651 0.1017654 0.1063284 0.1073143 0.0928817 0.0769285 0.0937075 0.1011677 0.0945262 
Marmosidae_Monodelphis_domestica             0.0720712 0.0801093 0.0809798 0.0935405 0.0940378 0.0916571 0.0856723 0.0660494 0.0974142 0.0899375 0.0614556 0.0982847 0.0939572 0.0719590 0.0850972 0.0971190 0.0955345 0.0889446 0.0906682 0.0945198 0.0916919 0.0322085 0.0000000 0.0957175 0.0892181 0.0982686 0.0908674 0.1021730 0.0994329 0.0967031 0.0906843 0.0685261 0.0898206 0.0937262 0.0914009 
Dasyuridae_Antechinus_stuartii               0.0915021 0.1039649 0.0896493 0.0926790 0.0940494 0.0192497 0.0914509 0.0882140 0.0952627 0.0981649 0.0892334 0.0118724 0.0385113 0.0946979 0.0705539 0.0106905 0.0195549 0.0354395 0.0923686 0.0954140 0.1029459 0.1015223 0.0957175 0.0000000 0.0966252 0.0859499 0.0990553 0.0999121 0.1096286 0.0939926 0.0961010 0.0967211 0.0982279 0.0187501 0.0995663 
Hypsiprymnodontidae_Hypsiprymnodon_moschatus 0.0567970 0.0846643 0.0609397 0.0363062 0.0388168 0.0964998 0.0612467 0.0617659 0.0396269 0.0861078 0.0585778 0.0963709 0.0853615 0.0659944 0.0544912 0.0960421 0.0967454 0.0788691 0.0799416 0.0370266 0.0664331 0.0939932 0.0892181 0.0966252 0.0000000 0.0806063 0.0630303 0.0374006 0.0696027 0.0736351 0.0668668 0.0666265 0.0862188 0.0964545 0.0868583 
Microbiotheriidae_Dromiciops_gliroides       0.0689600 0.0766767 0.0726173 0.0795314 0.0794759 0.0801909 0.0718624 0.0702267 0.0823966 0.0769150 0.0647896 0.0875098 0.0836665 0.0743952 0.0752688 0.0850007 0.0839722 0.0744514 0.0795974 0.0805177 0.0787212 0.0979577 0.0982686 0.0859499 0.0806063 0.0000000 0.0706600 0.0824920 0.0826210 0.0853341 0.0759884 0.0770283 0.0812095 0.0816190 0.0797059 
Pseudochiridae_Petauroides_volans            0.0596324 0.0852517 0.0609630 0.0641431 0.0659925 0.0972743 0.0608163 0.0618198 0.0654336 0.0861337 0.0557209 0.0989510 0.0875851 0.0675786 0.0420378 0.1000408 0.0989911 0.0846976 0.0828957 0.0662091 0.0364854 0.0990651 0.0908674 0.0990553 0.0630303 0.0706600 0.0000000 0.0657348 0.0388232 0.0573031 0.0555251 0.0667561 0.0832402 0.0991617 0.0863553 
Macropodidae_Wallabia_bicolor                0.0629394 0.0878846 0.0665711 0.0269636 0.0286655 0.1006468 0.0634809 0.0628430 0.0282151 0.0954192 0.0640151 0.1000960 0.0900364 0.0676650 0.0570158 0.0988269 0.0996056 0.0857605 0.0878209 0.0182824 0.0715220 0.1017654 0.1021730 0.0999121 0.0374006 0.0824920 0.0657348 0.0000000 0.0728366 0.0790319 0.0658752 0.0701514 0.0949764 0.0995581 0.0964623 
Pseudochiridae_Pseudocheirus_occidentalis    0.0683789 0.0963581 0.0685403 0.0686278 0.0709704 0.1047550 0.0677189 0.0670578 0.0732047 0.0962474 0.0627832 0.1095881 0.0973423 0.0696550 0.0538629 0.1097545 0.1076954 0.0877623 0.0913820 0.0707428 0.0241104 0.1063284 0.0994329 0.1096286 0.0696027 0.0826210 0.0388232 0.0728366 0.0000000 0.0636179 0.0619412 0.0736215 0.0939158 0.1073034 0.0974157 
Tarsipedidae_Tarsipes_rostratus              0.0687631 0.0860933 0.0611775 0.0764427 0.0783579 0.0901528 0.0652998 0.0670566 0.0769081 0.0817285 0.0643701 0.0938717 0.0900602 0.0739327 0.0559498 0.0935329 0.0914478 0.0875441 0.0801592 0.0763958 0.0581436 0.1073143 0.0967031 0.0939926 0.0736351 0.0853341 0.0573031 0.0790319 0.0636179 0.0000000 0.0643753 0.0741912 0.0814485 0.0893399 0.0831073 
Acrobatidae_Distoechurus_pennatus            0.0583240 0.0877058 0.0651422 0.0649140 0.0670912 0.0936805 0.0639360 0.0623967 0.0648624 0.0908094 0.0581100 0.0944926 0.0848400 0.0693749 0.0307919 0.0944209 0.0967983 0.0797933 0.0846946 0.0665899 0.0606625 0.0928817 0.0906843 0.0961010 0.0668668 0.0759884 0.0555251 0.0658752 0.0619412 0.0643753 0.0000000 0.0689363 0.0903951 0.0955992 0.0904447 
Phalangeridae_Phalanger_carmelitae           0.0644144 0.0910663 0.0616045 0.0685697 0.0708116 0.0942047 0.0327899 0.0251981 0.0721564 0.0898114 0.0238692 0.0959554 0.0841519 0.0155120 0.0528404 0.0964203 0.0944130 0.0790860 0.0821500 0.0689268 0.0701772 0.0769285 0.0685261 0.0967211 0.0666265 0.0770283 0.0667561 0.0701514 0.0736215 0.0741912 0.0689363 0.0000000 0.0889337 0.0955761 0.0894626 
Peramelidae_Peroryctes_raffrayana            0.0872244 0.0960752 0.0837322 0.0884916 0.0903329 0.0977260 0.0842928 0.0829177 0.0915150 0.0177287 0.0810024 0.0979288 0.0961764 0.0874545 0.0643738 0.1003796 0.0989225 0.0936468 0.0218862 0.0934664 0.0897309 0.0937075 0.0898206 0.0982279 0.0862188 0.0812095 0.0832402 0.0949764 0.0939158 0.0814485 0.0903951 0.0889337 0.0000000 0.1004653 0.0172336 
Dasyuridae_Dasyurus_geffroii                 0.0913653 0.1017779 0.0866871 0.0930726 0.0949301 0.0051114 0.0899432 0.0880573 0.0970467 0.0993646 0.0893447 0.0190112 0.0353402 0.0954330 0.0678157 0.0190371 0.0058838 0.0336546 0.0945493 0.0956247 0.0994343 0.1011677 0.0937262 0.0187501 0.0964545 0.0816190 0.0991617 0.0995581 0.1073034 0.0893399 0.0955992 0.0955761 0.1004653 0.0000000 0.1008144 
Peramelidae_Perameles_gunnii                 0.0871048 0.0992992 0.0852472 0.0894678 0.0917358 0.0980743 0.0848681 0.0848996 0.0929360 0.0012000 0.0824162 0.1001324 0.0983356 0.0874812 0.0690488 0.1011838 0.0997462 0.0925371 0.0223781 0.0957852 0.0916655 0.0945262 0.0914009 0.0995663 0.0868583 0.0797059 0.0863553 0.0964623 0.0974157 0.0831073 0.0904447 0.0894626 0.0172336 0.1008144 0.0000000 
