37
Burramyidae_Burramys_parvus                  0.0000000 0.1383574 0.0991491 0.1383574 0.0521394 0.0569314 0.0612819 0.1015080 0.0565585 0.0572894 0.0585669 0.1023760 0.0632702 0.1259938 0.1234933 0.0814173 0.0571281 0.0995294 0.1007350 0.0920045 0.1046743 0.0542746 0.0636687 0.1025281 0.0585300 0.0846666 0.0579411 0.0624156 0.0650223 0.0756241 0.1043518 0.0976916 0.1014777 0.1017405 0.1014247 0.0660557 0.0535685 
Thylacomyidae_Macrotis_lagotis1              0.1383574 0.0000000 0.1569924 0.0000010 0.1326333 0.1395328 0.1416207 0.1857076 0.1312844 0.1449832 0.1514314 0.0654897 0.1714820 0.1797877 0.1929803 0.1602357 0.1317984 0.1743030 0.1860341 0.1753503 0.0640573 0.1404060 0.1452647 0.1773357 0.1276138 0.1428587 0.1448898 0.1406980 0.1422139 0.1454669 0.0622797 0.1828559 0.0651719 9.0000000 9.0000000 9.0000000 9.0000000 
Notoryctidae_Notoryctes_typhlops             0.0991491 0.1569924 0.0000000 0.1569924 0.0921551 0.1084362 0.1093847 0.1330039 0.0998515 0.1007184 0.1126312 0.1327993 0.1072110 0.1558409 0.1404109 0.1227719 0.0952948 0.1289475 0.1320695 0.1231222 0.1297902 0.1076437 0.1133942 0.1299713 0.1095848 0.1095430 0.1125692 0.1183537 0.1079395 0.1177488 0.1292828 0.1291529 0.1326402 0.1424268 0.1335185 0.1139651 0.1133442 
Thylacomyidae_Macrotis_lagotis2              0.1383574 0.0000010 0.1569924 0.0000000 0.1326333 0.1395328 0.1416207 0.1857076 0.1312844 0.1449832 0.1514314 0.0654897 0.1714820 0.1797877 0.1929803 0.1602357 0.1317984 0.1743030 0.1860341 0.1753503 0.0640573 0.1404060 0.1452647 0.1773357 0.1276138 0.1428587 0.1448898 0.1406980 0.1422139 0.1454669 0.0622797 0.1828559 0.0651719 9.0000000 9.0000000 9.0000000 9.0000000 
Vombatidae_Lasiorhinus_latifrons             0.0521394 0.1326333 0.0921551 0.1326333 0.0000000 0.0591855 0.0607608 0.0851618 0.0535578 0.0560396 0.0591776 0.0887387 0.0606391 0.1010664 0.1043424 0.0734721 0.0470366 0.0794896 0.0823984 0.0743050 0.0906093 0.0581697 0.0671045 0.0831135 0.0550882 0.0673257 0.0571692 0.0675651 0.0545599 0.0675383 0.0904538 0.0821444 0.0885388 0.0767464 0.0783912 0.0663725 0.0610431 
Potoroidae_Bettongia_penicillata             0.0569314 0.1395328 0.1084362 0.1395328 0.0591855 0.0000000 0.0049398 0.1113063 0.0620678 0.0647430 0.0125767 0.1077750 0.0693596 0.1315510 0.1246190 0.0816756 0.0588316 0.1109076 0.1115587 0.1035513 0.1080341 0.0210044 0.0763328 0.1100288 0.0438686 0.0828762 0.0678455 0.0277951 0.0666537 0.0778068 0.1118105 0.1065293 0.1074132 0.1154624 0.1097108 0.0840035 0.0765183 
Potoroidae_Bettongia_lesueur                 0.0612819 0.1416207 0.1093847 0.1416207 0.0607608 0.0049398 0.0000000 0.1139916 0.0608593 0.0619750 0.0145130 0.1106124 0.0702521 0.1328686 0.1280105 0.0826352 0.0616069 0.1126781 0.1142322 0.1066761 0.1112818 0.0231255 0.0786106 0.1127083 0.0453149 0.0833119 0.0711581 0.0277078 0.0694709 0.0758527 0.1156719 0.1091547 0.1101975 0.1168028 0.1109976 0.0846957 0.0794963 
Dasyuridae_Dasyurus_maculatus                0.1015080 0.1857076 0.1330039 0.1857076 0.0851618 0.1113063 0.1139916 0.0000000 0.1025762 0.1081408 0.1087978 0.1348123 0.1133722 0.0366499 0.0552482 0.1269947 0.0957226 0.0234048 0.0081227 0.0290802 0.1365985 0.1060928 0.1164058 0.0243629 0.0999154 0.0987225 0.1108685 0.1216615 0.1089043 0.1254106 0.1404180 0.0055059 0.1339017 0.1175440 0.1071838 0.1236776 0.1127308 
Phalangeridae_Trichosurus_vulpecula          0.0565585 0.1312844 0.0998515 0.1312844 0.0535578 0.0620678 0.0608593 0.1025762 0.0000000 0.0281040 0.0647436 0.1010319 0.0343221 0.1023890 0.1139742 0.0331237 0.0506282 0.0999839 0.1015142 0.0943233 0.1016251 0.0585369 0.0669038 0.1013381 0.0618734 0.0815383 0.0590841 0.0626741 0.0537516 0.0291786 0.1006500 0.0969858 0.1005800 0.1148870 0.1147149 0.0579666 0.0649648 
Phalangeridae_Spilocuscus_maculatus          0.0572894 0.1449832 0.1007184 0.1449832 0.0560396 0.0647430 0.0619750 0.1081408 0.0281040 0.0000000 0.0663671 0.1063978 0.0167481 0.1074974 0.1160566 0.0150926 0.0524981 0.1040840 0.1060667 0.0973097 0.1050639 0.0625068 0.0702540 0.1044757 0.0637506 0.0842501 0.0613932 0.0647093 0.0635316 0.0125843 0.1061055 0.1040694 0.1072954 0.1080503 0.1028770 0.0515921 0.0627674 
Potoroidae_Aepyprymnus_rufescens             0.0585669 0.1514314 0.1126312 0.1514314 0.0591776 0.0125767 0.0145130 0.1087978 0.0647436 0.0663671 0.0000000 0.1069369 0.0705758 0.1296989 0.1294500 0.0832856 0.0614109 0.1092788 0.1099504 0.1038432 0.1091956 0.0218566 0.0783815 0.1112237 0.0411444 0.0824909 0.0709104 0.0305613 0.0710409 0.0787824 0.1139219 0.1054107 0.1065774 0.1037882 0.1033799 0.0853524 0.0727219 
Peramelidae_Perameles_nasuta                 0.1023760 0.0654897 0.1327993 0.0654897 0.0887387 0.1077750 0.1106124 0.1348123 0.1010319 0.1063978 0.1069369 0.0000000 0.1176072 0.1514621 0.1564818 0.1303148 0.0971351 0.1277726 0.1294308 0.1245981 0.0173150 0.1071742 0.1117686 0.1342953 0.0968128 0.1062447 0.1054267 0.1178427 0.1085001 0.1252397 0.0166095 0.1302538 0.0009231 0.1257509 0.1227868 0.1126273 0.1082677 
Phalangeridae_Strigocuscus_pelengensis       0.0632702 0.1714820 0.1072110 0.1714820 0.0606391 0.0693596 0.0702521 0.1133722 0.0343221 0.0167481 0.0705758 0.1176072 0.0000000 0.1331247 0.1267583 0.0197166 0.0582635 0.1114916 0.1104104 0.1018969 0.1149681 0.0686296 0.0796363 0.1104033 0.0707092 0.0893613 0.0695539 0.0764102 0.0706534 0.0212820 0.1156382 0.1081035 0.1172679 0.1008518 0.1011564 0.0694495 0.0663449 
Dasyuridae_Phascogale_tapoatafa              0.1259938 0.1797877 0.1558409 0.1797877 0.1010664 0.1315510 0.1328686 0.0366499 0.1023890 0.1074974 0.1296989 0.1514621 0.1331247 0.0000000 0.0591317 0.1520059 0.1109707 0.0026452 0.0356561 0.0360265 0.1543819 0.1280082 0.1138103 0.0121980 0.1223834 0.1111805 0.1298383 0.1418809 0.1311062 0.1261680 0.1552893 0.0351559 0.1514348 0.1484967 0.1403839 0.1242072 0.1447051 
Dasyuridae_Sminthopsis_macroura              0.1234933 0.1929803 0.1404109 0.1929803 0.1043424 0.1246190 0.1280105 0.0552482 0.1139742 0.1160566 0.1294500 0.1564818 0.1267583 0.0591317 0.0000000 0.1491032 0.1136767 0.0413147 0.0536751 0.0397124 0.1541601 0.1242754 0.1292575 0.0441748 0.1265137 0.1165740 0.1278627 0.1324200 0.1255743 0.1341468 0.1544200 0.0521342 0.1553793 0.1566816 0.1450242 0.1361634 0.1390847 
Phalangeridae_Phalanger_orientalis           0.0814173 0.1602357 0.1227719 0.1602357 0.0734721 0.0816756 0.0826352 0.1269947 0.0331237 0.0150926 0.0832856 0.1303148 0.0197166 0.1520059 0.1491032 0.0000000 0.0699784 0.1272651 0.1230608 0.1187292 0.1282928 0.0815368 0.0894963 0.1267568 0.0787879 0.1080593 0.0814073 0.0877183 0.0792423 0.0082195 0.1302917 0.1218815 0.1298144 0.1162503 0.1195462 0.0971028 0.0896283 
Acrobatidae_Acrobates_pygmaeus               0.0571281 0.1317984 0.0952948 0.1317984 0.0470366 0.0588316 0.0616069 0.0957226 0.0506282 0.0524981 0.0614109 0.0971351 0.0582635 0.1109707 0.1136767 0.0699784 0.0000000 0.0931775 0.0934849 0.0847953 0.0994774 0.0568763 0.0536123 0.0977932 0.0532663 0.0753991 0.0447960 0.0627027 0.0320686 0.0650351 0.0958911 0.0920281 0.0976458 0.0858770 0.0883508 0.0465163 0.0481118 
Dasyuridae_Phascogale_calura                 0.0995294 0.1743030 0.1289475 0.1743030 0.0794896 0.1109076 0.1126781 0.0234048 0.0999839 0.1040840 0.1092788 0.1277726 0.1114916 0.0026452 0.0413147 0.1272651 0.0931775 0.0000000 0.0220813 0.0251214 0.1314085 0.1072945 0.1127354 0.0104503 0.1022984 0.0934966 0.1062813 0.1207186 0.1085544 0.1234019 0.1325211 0.0221209 0.1277282 0.1174894 0.1061343 0.1042406 0.1102607 
Dasyuridae_Sarcophilus_harrisii              0.1007350 0.1860341 0.1320695 0.1860341 0.0823984 0.1115587 0.1142322 0.0081227 0.1015142 0.1060667 0.1099504 0.1294308 0.1104104 0.0356561 0.0536751 0.1230608 0.0934849 0.0220813 0.0000000 0.0281830 0.1336475 0.1063664 0.1152665 0.0217755 0.1006478 0.0964867 0.1111904 0.1218656 0.1065488 0.1234822 0.1358184 0.0072968 0.1285411 0.1136994 0.1050444 0.1201375 0.1094874 
Dasyuridae_Planigale_tenuirostris            0.0920045 0.1753503 0.1231222 0.1753503 0.0743050 0.1035513 0.1066761 0.0290802 0.0943233 0.0973097 0.1038432 0.1245981 0.1018969 0.0360265 0.0397124 0.1187292 0.0847953 0.0251214 0.0281830 0.0000000 0.1251763 0.1011482 0.1096609 0.0254613 0.0972359 0.0914683 0.1006660 0.1151546 0.0995144 0.1178529 0.1272425 0.0276938 0.1248394 0.1040909 0.0963080 0.1050721 0.0969017 
Peramelidae_Echymipera_kalubu                0.1046743 0.0640573 0.1297902 0.0640573 0.0906093 0.1080341 0.1112818 0.1365985 0.1016251 0.1050639 0.1091956 0.0173150 0.1149681 0.1543819 0.1541601 0.1282928 0.0994774 0.1314085 0.1336475 0.1251763 0.0000000 0.1084348 0.1137682 0.1334871 0.1022370 0.1087689 0.1076650 0.1192051 0.1082054 0.1224893 0.0151442 0.1340281 0.0179424 0.1314416 0.1293425 0.1127220 0.1079171 
Macropodidae_Dorcopsulus_vanheurni           0.0542746 0.1404060 0.1076437 0.1404060 0.0581697 0.0210044 0.0231255 0.1060928 0.0585369 0.0625068 0.0218566 0.1071742 0.0686296 0.1280082 0.1242754 0.0815368 0.0568763 0.1072945 0.1063664 0.1011482 0.1084348 0.0000000 0.0740949 0.1089765 0.0403860 0.0811160 0.0678825 0.0184656 0.0633720 0.0758669 0.1116112 0.1014512 0.1067732 0.1058250 0.1032748 0.0835022 0.0764979 
Pseudochiridae_Pseudochirulus_forbesi        0.0636687 0.1452647 0.1133942 0.1452647 0.0671045 0.0763328 0.0786106 0.1164058 0.0669038 0.0702540 0.0783815 0.1117686 0.0796363 0.1138103 0.1292575 0.0894963 0.0536123 0.1127354 0.1152665 0.1096609 0.1137682 0.0740949 0.0000000 0.1154039 0.0764783 0.0935308 0.0251186 0.0830043 0.0620128 0.0852841 0.1135186 0.1132548 0.1122257 0.1203000 0.1153983 0.0139591 0.0444309 
Dasyuridae_Antechinus_stuartii               0.1025281 0.1773357 0.1299713 0.1773357 0.0831135 0.1100288 0.1127083 0.0243629 0.1013381 0.1044757 0.1112237 0.1342953 0.1104033 0.0121980 0.0441748 0.1267568 0.0977932 0.0104503 0.0217755 0.0254613 0.1334871 0.1089765 0.1154039 0.0000000 0.1055372 0.0974096 0.1080392 0.1211474 0.1076540 0.1211382 0.1352156 0.0230613 0.1343785 0.1267680 0.1136915 0.1042320 0.1104071 
Hypsiprymnodontidae_Hypsiprymnodon_moschatus 0.0585300 0.1276138 0.1095848 0.1276138 0.0550882 0.0438686 0.0453149 0.0999154 0.0618734 0.0637506 0.0411444 0.0968128 0.0707092 0.1223834 0.1265137 0.0787879 0.0532663 0.1022984 0.1006478 0.0972359 0.1022370 0.0403860 0.0764783 0.1055372 0.0000000 0.0829610 0.0669892 0.0505115 0.0642226 0.0771232 0.1048648 0.0966529 0.0973343 0.0948439 0.0966047 0.0809419 0.0756086 
Microbiotheriidae_Dromiciops_gliroides       0.0846666 0.1428587 0.1095430 0.1428587 0.0673257 0.0828762 0.0833119 0.0987225 0.0815383 0.0842501 0.0824909 0.1062447 0.0893613 0.1111805 0.1165740 0.1080593 0.0753991 0.0934966 0.0964867 0.0914683 0.1087689 0.0811160 0.0935308 0.0974096 0.0829610 0.0000000 0.0862772 0.0934667 0.0874540 0.1002727 0.1058885 0.0931242 0.1055407 0.0962209 0.0922244 0.0924947 0.0894755 
Pseudochiridae_Petauroides_volans            0.0579411 0.1448898 0.1125692 0.1448898 0.0571692 0.0678455 0.0711581 0.1108685 0.0590841 0.0613932 0.0709104 0.1054267 0.0695539 0.1298383 0.1278627 0.0814073 0.0447960 0.1062813 0.1111904 0.1006660 0.1076650 0.0678825 0.0251186 0.1080392 0.0669892 0.0862772 0.0000000 0.0764444 0.0537124 0.0760485 0.1086203 0.1083582 0.1052429 0.1049983 0.1001448 0.0253916 0.0385256 
Macropodidae_Wallabia_bicolor                0.0624156 0.1406980 0.1183537 0.1406980 0.0675651 0.0277951 0.0277078 0.1216615 0.0626741 0.0647093 0.0305613 0.1178427 0.0764102 0.1418809 0.1324200 0.0877183 0.0627027 0.1207186 0.1218656 0.1151546 0.1192051 0.0184656 0.0830043 0.1211474 0.0505115 0.0934667 0.0764444 0.0000000 0.0728166 0.0823547 0.1206689 0.1174819 0.1175858 0.1270758 0.1248804 0.0974956 0.0927903 
Acrobatidae_Distoechurus_pennatus            0.0650223 0.1422139 0.1079395 0.1422139 0.0545599 0.0666537 0.0694709 0.1089043 0.0537516 0.0635316 0.0710409 0.1085001 0.0706534 0.1311062 0.1255743 0.0792423 0.0320686 0.1085544 0.1065488 0.0995144 0.1082054 0.0633720 0.0620128 0.1076540 0.0642226 0.0874540 0.0537124 0.0728166 0.0000000 0.0740135 0.1060163 0.1041499 0.1076826 0.1029778 0.0971202 0.0616880 0.0577250 
Phalangeridae_Phalanger_carmelitae           0.0756241 0.1454669 0.1177488 0.1454669 0.0675383 0.0778068 0.0758527 0.1254106 0.0291786 0.0125843 0.0787824 0.1252397 0.0212820 0.1261680 0.1341468 0.0082195 0.0650351 0.1234019 0.1234822 0.1178529 0.1224893 0.0758669 0.0852841 0.1211382 0.0771232 0.1002727 0.0760485 0.0823547 0.0740135 0.0000000 0.1239983 0.1206809 0.1248428 0.1247791 0.1255286 0.0787781 0.0866661 
Peramelidae_Peroryctes_raffrayana            0.1043518 0.0622797 0.1292828 0.0622797 0.0904538 0.1118105 0.1156719 0.1404180 0.1006500 0.1061055 0.1139219 0.0166095 0.1156382 0.1552893 0.1544200 0.1302917 0.0958911 0.1325211 0.1358184 0.1272425 0.0151442 0.1116112 0.1135186 0.1352156 0.1048648 0.1058885 0.1086203 0.1206689 0.1060163 0.1239983 0.0000000 0.1357336 0.0173025 0.1337856 0.1306778 0.1148973 0.1072093 
Dasyuridae_Dasyurus_geffroii                 0.0976916 0.1828559 0.1291529 0.1828559 0.0821444 0.1065293 0.1091547 0.0055059 0.0969858 0.1040694 0.1054107 0.1302538 0.1081035 0.0351559 0.0521342 0.1218815 0.0920281 0.0221209 0.0072968 0.0276938 0.1340281 0.1014512 0.1132548 0.0230613 0.0966529 0.0931242 0.1083582 0.1174819 0.1041499 0.1206809 0.1357336 0.0000000 0.1293593 0.1146022 0.1058020 0.1197277 0.1070445 
Peramelidae_Perameles_gunnii                 0.1014777 0.0651719 0.1326402 0.0651719 0.0885388 0.1074132 0.1101975 0.1339017 0.1005800 0.1072954 0.1065774 0.0009231 0.1172679 0.1514348 0.1553793 0.1298144 0.0976458 0.1277282 0.1285411 0.1248394 0.0179424 0.1067732 0.1122257 0.1343785 0.0973343 0.1055407 0.1052429 0.1175858 0.1076826 0.1248428 0.0173025 0.1293593 0.0000000 0.1249867 0.1206067 0.1133738 0.1086899 
Didelphidae_Didelphis_virginiana             0.1017405 9.0000000 0.1424268 9.0000000 0.0767464 0.1154624 0.1168028 0.1175440 0.1148870 0.1080503 0.1037882 0.1257509 0.1008518 0.1484967 0.1566816 0.1162503 0.0858770 0.1174894 0.1136994 0.1040909 0.1314416 0.1058250 0.1203000 0.1267680 0.0948439 0.0962209 0.1049983 0.1270758 0.1029778 0.1247791 0.1337856 0.1146022 0.1249867 0.0000000 0.0279935 0.1296094 0.1283149 
Marmosidae_Monodelphis_domestica             0.1014247 9.0000000 0.1335185 9.0000000 0.0783912 0.1097108 0.1109976 0.1071838 0.1147149 0.1028770 0.1033799 0.1227868 0.1011564 0.1403839 0.1450242 0.1195462 0.0883508 0.1061343 0.1050444 0.0963080 0.1293425 0.1032748 0.1153983 0.1136915 0.0966047 0.0922244 0.1001448 0.1248804 0.0971202 0.1255286 0.1306778 0.1058020 0.1206067 0.0279935 0.0000000 0.1313026 0.1210738 
Pseudochiridae_Pseudocheirus_occidentalis    0.0660557 9.0000000 0.1139651 9.0000000 0.0663725 0.0840035 0.0846957 0.1236776 0.0579666 0.0515921 0.0853524 0.1126273 0.0694495 0.1242072 0.1361634 0.0971028 0.0465163 0.1042406 0.1201375 0.1050721 0.1127220 0.0835022 0.0139591 0.1042320 0.0809419 0.0924947 0.0253916 0.0974956 0.0616880 0.0787781 0.1148973 0.1197277 0.1133738 0.1296094 0.1313026 0.0000000 0.0560308 
Tarsipedidae_Tarsipes_rostratus              0.0535685 9.0000000 0.1133442 9.0000000 0.0610431 0.0765183 0.0794963 0.1127308 0.0649648 0.0627674 0.0727219 0.1082677 0.0663449 0.1447051 0.1390847 0.0896283 0.0481118 0.1102607 0.1094874 0.0969017 0.1079171 0.0764979 0.0444309 0.1104071 0.0756086 0.0894755 0.0385256 0.0927903 0.0577250 0.0866661 0.1072093 0.1070445 0.1086899 0.1283149 0.1210738 0.0560308 0.0000000 
