35
Burramyidae_Burramys_parvus                  0.0000000 0.0946513 0.0614175 0.0827101 0.0818143 0.0979880 0.0467493 0.0463098 0.0775713 0.1008668 0.0503953 0.1078041 0.0996296 0.0495021 0.0607908 0.1077297 0.1130011 0.1147005 0.0968984 0.0759330 0.0812303 0.1220194 0.1252706 0.1084072 0.0663096 0.0699392 0.0652361 0.0780564 0.0736902 0.0794087 0.0582226 0.0508894 0.0940797 0.1098238 0.0995575 
Notoryctidae_Notoryctes_typhlops             0.0946513 0.0000000 0.0907858 0.1169161 0.1144521 0.0989414 0.0821265 0.0780656 0.1100026 0.1101006 0.0880837 0.1140485 0.1018394 0.0859769 0.0944840 0.1141288 0.1222115 0.1176481 0.1114389 0.1081862 0.1237554 0.1370850 0.1386370 0.1105165 0.1035261 0.0833710 0.1048622 0.1058375 0.1224932 0.1209575 0.0984020 0.0870190 0.1111317 0.1157883 0.1104012 
Vombatidae_Lasiorhinus_latifrons             0.0614175 0.0907858 0.0000000 0.0867139 0.0850557 0.0932134 0.0495828 0.0475790 0.0831902 0.0902987 0.0545180 0.1049217 0.0943269 0.0538533 0.0659156 0.1052785 0.1084948 0.1096827 0.0891376 0.0820775 0.0909127 0.1186718 0.1252448 0.1046539 0.0748058 0.0694934 0.0724922 0.0853278 0.0894704 0.0910441 0.0679781 0.0545177 0.0897359 0.1063235 0.0913040 
Potoroidae_Bettongia_penicillata             0.0827101 0.1169161 0.0867139 0.0000000 0.0095423 0.1244098 0.0723503 0.0696886 0.0206496 0.1288346 0.0723177 0.1297171 0.1279111 0.0743742 0.0907211 0.1278691 0.1393984 0.1376995 0.1268618 0.0406984 0.1082706 0.1482833 0.1518390 0.1297513 0.0614886 0.0981371 0.0910950 0.0423867 0.1034280 0.1143330 0.0894410 0.0733787 0.1219620 0.1368665 0.1262941 
Potoroidae_Bettongia_lesueur                 0.0818143 0.1144521 0.0850557 0.0095423 0.0000000 0.1206006 0.0718173 0.0690320 0.0196841 0.1267151 0.0725546 0.1281515 0.1264241 0.0738284 0.0884925 0.1263070 0.1372404 0.1348716 0.1238997 0.0382635 0.1081411 0.1426429 0.1471860 0.1280799 0.0599442 0.0967601 0.0884665 0.0396154 0.1015646 0.1134087 0.0877194 0.0732470 0.1203069 0.1347341 0.1242285 
Dasyuridae_Dasyurus_maculatus                0.0979880 0.0989414 0.0932134 0.1244098 0.1206006 0.0000000 0.0830196 0.0889709 0.1174860 0.0986921 0.0904596 0.0222229 0.0290714 0.0897461 0.0997317 0.0210798 0.0075900 0.0346827 0.0972516 0.1157586 0.1283224 0.1205659 0.1286495 0.0195516 0.1062702 0.0852556 0.1062164 0.1152847 0.1252493 0.1285927 0.0997446 0.0899695 0.0946522 0.0061155 0.0975746 
Phalangeridae_Trichosurus_vulpecula          0.0467493 0.0821265 0.0495828 0.0723503 0.0718173 0.0830196 0.0000000 0.0142948 0.0696276 0.0840316 0.0171711 0.0978855 0.0856857 0.0182324 0.0538803 0.0951971 0.0992152 0.1006170 0.0798332 0.0680345 0.0765725 0.1072045 0.1140233 0.0965409 0.0598596 0.0625081 0.0595292 0.0681327 0.0729086 0.0771655 0.0520521 0.0189415 0.0801746 0.0962455 0.0830394 
Phalangeridae_Spilocuscus_maculatus          0.0463098 0.0780656 0.0475790 0.0696886 0.0690320 0.0889709 0.0142948 0.0000000 0.0653264 0.0754892 0.0098325 0.0908335 0.0928734 0.0094441 0.0482546 0.0884685 0.0901451 0.0968615 0.0721168 0.0654490 0.0738995 0.0993477 0.1015838 0.0876045 0.0563833 0.0666201 0.0519259 0.0638053 0.0690374 0.0741031 0.0480612 0.0086770 0.0724322 0.0866672 0.0754251 
Potoroidae_Aepyprymnus_rufescens             0.0775713 0.1100026 0.0831902 0.0206496 0.0196841 0.1174860 0.0696276 0.0653264 0.0000000 0.1213940 0.0716536 0.1258891 0.1220416 0.0716178 0.0876152 0.1240402 0.1318241 0.1355867 0.1205504 0.0349791 0.1052962 0.1363194 0.1456863 0.1270538 0.0560487 0.0913259 0.0863853 0.0356426 0.1007651 0.1067760 0.0866296 0.0699824 0.1185749 0.1303941 0.1205183 
Peramelidae_Perameles_nasuta                 0.1008668 0.1101006 0.0902987 0.1288346 0.1267151 0.0986921 0.0840316 0.0754892 0.1213940 0.0000000 0.0872639 0.1193194 0.1024055 0.0862074 0.1004641 0.1187091 0.1195749 0.1236620 0.0242263 0.1165682 0.1280199 0.1321210 0.1359551 0.1197754 0.1094058 0.0903491 0.1073916 0.1199630 0.1220458 0.1287411 0.1005434 0.0884413 0.0209041 0.1173524 0.0023151 
Phalangeridae_Strigocuscus_pelengensis       0.0503953 0.0880837 0.0545180 0.0723177 0.0725546 0.0904596 0.0171711 0.0098325 0.0716536 0.0872639 0.0000000 0.1011257 0.0928070 0.0112024 0.0563957 0.0988170 0.1027854 0.1059435 0.0850723 0.0676088 0.0783945 0.1089130 0.1147207 0.0997477 0.0632459 0.0670038 0.0613559 0.0682477 0.0737951 0.0744334 0.0557177 0.0116820 0.0844260 0.0997546 0.0866746 
Dasyuridae_Phascogale_tapoatafa              0.1078041 0.1140485 0.1049217 0.1297171 0.1281515 0.0222229 0.0978855 0.0908335 0.1258891 0.1193194 0.1011257 0.0000000 0.0332573 0.1012771 0.1147521 0.0040166 0.0244885 0.0345787 0.1180934 0.1236581 0.1388739 0.1393926 0.1535537 0.0129406 0.1189582 0.0967440 0.1161016 0.1212080 0.1366616 0.1347676 0.1162176 0.1026172 0.1142270 0.0225267 0.1179853 
Dasyuridae_Sminthopsis_macroura              0.0996296 0.1018394 0.0943269 0.1279111 0.1264241 0.0290714 0.0856857 0.0928734 0.1220416 0.1024055 0.0928070 0.0332573 0.0000000 0.0925569 0.0978367 0.0320781 0.0316006 0.0237530 0.0979760 0.1200720 0.1265699 0.1284057 0.1365177 0.0300861 0.1062461 0.0864462 0.1063992 0.1180686 0.1222976 0.1306641 0.0985750 0.0927280 0.0945231 0.0282121 0.1017905 
Phalangeridae_Phalanger_orientalis           0.0495021 0.0859769 0.0538533 0.0743742 0.0738284 0.0897461 0.0182324 0.0094441 0.0716178 0.0862074 0.0112024 0.1012771 0.0925569 0.0000000 0.0566320 0.0994058 0.1029616 0.1080613 0.0847924 0.0683849 0.0809497 0.1045576 0.1120962 0.0994393 0.0612432 0.0656515 0.0621329 0.0678201 0.0768860 0.0746864 0.0575121 0.0057839 0.0842335 0.1003708 0.0868209 
Acrobatidae_Acrobates_pygmaeus               0.0607908 0.0944840 0.0659156 0.0907211 0.0884925 0.0997317 0.0538803 0.0482546 0.0876152 0.1004641 0.0563957 0.1147521 0.0978367 0.0566320 0.0000000 0.1133295 0.1186136 0.1154119 0.0945218 0.0829910 0.0787600 0.1178819 0.1258667 0.1115423 0.0685133 0.0755200 0.0616600 0.0827370 0.0764446 0.0770952 0.0331313 0.0568203 0.0965777 0.1150475 0.0987654 
Dasyuridae_Phascogale_calura                 0.1077297 0.1141288 0.1052785 0.1278691 0.1263070 0.0210798 0.0951971 0.0884685 0.1240402 0.1187091 0.0988170 0.0040166 0.0320781 0.0994058 0.1133295 0.0000000 0.0239196 0.0342645 0.1176746 0.1217759 0.1374843 0.1389130 0.1519020 0.0123661 0.1161097 0.0957841 0.1162136 0.1183125 0.1344152 0.1325726 0.1148527 0.1007878 0.1135910 0.0219585 0.1176168 
Dasyuridae_Sarcophilus_harrisii              0.1130011 0.1222115 0.1084948 0.1393984 0.1372404 0.0075900 0.0992152 0.0901451 0.1318241 0.1195749 0.1027854 0.0244885 0.0316006 0.1029616 0.1186136 0.0239196 0.0000000 0.0370950 0.1187661 0.1278449 0.1446371 0.1409103 0.1522389 0.0229943 0.1229494 0.0991199 0.1264935 0.1264842 0.1442097 0.1420838 0.1210899 0.1037767 0.1160737 0.0077872 0.1182370 
Dasyuridae_Planigale_tenuirostris            0.1147005 0.1176481 0.1096827 0.1376995 0.1348716 0.0346827 0.1006170 0.0968615 0.1355867 0.1236620 0.1059435 0.0345787 0.0237530 0.1080613 0.1154119 0.0342645 0.0370950 0.0000000 0.1221717 0.1322003 0.1463477 0.1518381 0.1609740 0.0339206 0.1209207 0.0967611 0.1271444 0.1262928 0.1406328 0.1437323 0.1170517 0.1087893 0.1171065 0.0366916 0.1230328 
Peramelidae_Echymipera_kalubu                0.0968984 0.1114389 0.0891376 0.1268618 0.1238997 0.0972516 0.0798332 0.0721168 0.1205504 0.0242263 0.0850723 0.1180934 0.0979760 0.0847924 0.0945218 0.1176746 0.1187661 0.1221717 0.0000000 0.1126839 0.1227650 0.1317539 0.1366406 0.1191246 0.1056475 0.0873772 0.1011760 0.1160166 0.1183759 0.1268811 0.0945768 0.0865710 0.0155550 0.1175636 0.0228858 
Macropodidae_Dorcopsulus_vanheurni           0.0759330 0.1081862 0.0820775 0.0406984 0.0382635 0.1157586 0.0680345 0.0654490 0.0349791 0.1165682 0.0676088 0.1236581 0.1200720 0.0683849 0.0829910 0.1217759 0.1278449 0.1322003 0.1126839 0.0000000 0.1062653 0.1358247 0.1456242 0.1219472 0.0549035 0.0879996 0.0866732 0.0156616 0.1008103 0.1047057 0.0826412 0.0667753 0.1124725 0.1254344 0.1144097 
Pseudochiridae_Pseudochirulus_forbesi        0.0812303 0.1237554 0.0909127 0.1082706 0.1081411 0.1283224 0.0765725 0.0738995 0.1052962 0.1280199 0.0783945 0.1388739 0.1265699 0.0809497 0.0787600 0.1374843 0.1446371 0.1463477 0.1227650 0.1062653 0.0000000 0.1433481 0.1506361 0.1346044 0.0902040 0.0948656 0.0554341 0.1050041 0.0367757 0.0894160 0.0816624 0.0824454 0.1231340 0.1388982 0.1270029 
Didelphidae_Didelphis_virginiana             0.1220194 0.1370850 0.1186718 0.1482833 0.1426429 0.1205659 0.1072045 0.0993477 0.1363194 0.1321210 0.1089130 0.1393926 0.1284057 0.1045576 0.1178819 0.1389130 0.1409103 0.1518381 0.1317539 0.1358247 0.1433481 0.0000000 0.0488661 0.1382898 0.1300613 0.1037065 0.1245036 0.1359006 0.1435586 0.1479872 0.1179879 0.1061240 0.1295200 0.1388720 0.1328205 
Marmosidae_Monodelphis_domestica             0.1252706 0.1386370 0.1252448 0.1518390 0.1471860 0.1286495 0.1140233 0.1015838 0.1456863 0.1359551 0.1147207 0.1535537 0.1365177 0.1120962 0.1258667 0.1519020 0.1522389 0.1609740 0.1366406 0.1456242 0.1506361 0.0488661 0.0000000 0.1518736 0.1366385 0.1131586 0.1277456 0.1433693 0.1483227 0.1559774 0.1241599 0.1167387 0.1344791 0.1496500 0.1362062 
Dasyuridae_Antechinus_stuartii               0.1084072 0.1105165 0.1046539 0.1297513 0.1280799 0.0195516 0.0965409 0.0876045 0.1270538 0.1197754 0.0997477 0.0129406 0.0300861 0.0994393 0.1115423 0.0123661 0.0229943 0.0339206 0.1191246 0.1219472 0.1346044 0.1382898 0.1518736 0.0000000 0.1176593 0.0967280 0.1166629 0.1184339 0.1336798 0.1319469 0.1143284 0.1008742 0.1156455 0.0213598 0.1185773 
Hypsiprymnodontidae_Hypsiprymnodon_moschatus 0.0663096 0.1035261 0.0748058 0.0614886 0.0599442 0.1062702 0.0598596 0.0563833 0.0560487 0.1094058 0.0632459 0.1189582 0.1062461 0.0612432 0.0685133 0.1161097 0.1229494 0.1209207 0.1056475 0.0549035 0.0902040 0.1300613 0.1366385 0.1176593 0.0000000 0.0788828 0.0754043 0.0526349 0.0858437 0.0968374 0.0709863 0.0609067 0.1049279 0.1201508 0.1077874 
Microbiotheriidae_Dromiciops_gliroides       0.0699392 0.0833710 0.0694934 0.0981371 0.0967601 0.0852556 0.0625081 0.0666201 0.0913259 0.0903491 0.0670038 0.0967440 0.0864462 0.0656515 0.0755200 0.0957841 0.0991199 0.0967611 0.0873772 0.0879996 0.0948656 0.1037065 0.1131586 0.0967280 0.0788828 0.0000000 0.0793263 0.0887891 0.0944299 0.0985090 0.0752691 0.0662774 0.0829839 0.0962226 0.0898491 
Pseudochiridae_Petauroides_volans            0.0652361 0.1048622 0.0724922 0.0910950 0.0884665 0.1062164 0.0595292 0.0519259 0.0863853 0.1073916 0.0613559 0.1161016 0.1063992 0.0621329 0.0616600 0.1162136 0.1264935 0.1271444 0.1011760 0.0866732 0.0554341 0.1245036 0.1277456 0.1166629 0.0754043 0.0793263 0.0000000 0.0848923 0.0466671 0.0690330 0.0606438 0.0632602 0.1035060 0.1216765 0.1074940 
Macropodidae_Wallabia_bicolor                0.0780564 0.1058375 0.0853278 0.0423867 0.0396154 0.1152847 0.0681327 0.0638053 0.0356426 0.1199630 0.0682477 0.1212080 0.1180686 0.0678201 0.0827370 0.1183125 0.1264842 0.1262928 0.1160166 0.0156616 0.1050041 0.1359006 0.1433693 0.1184339 0.0526349 0.0887891 0.0848923 0.0000000 0.1021042 0.1057661 0.0857061 0.0673950 0.1141584 0.1241010 0.1183009 
Pseudochiridae_Pseudocheirus_occidentalis    0.0736902 0.1224932 0.0894704 0.1034280 0.1015646 0.1252493 0.0729086 0.0690374 0.1007651 0.1220458 0.0737951 0.1366616 0.1222976 0.0768860 0.0764446 0.1344152 0.1442097 0.1406328 0.1183759 0.1008103 0.0367757 0.1435586 0.1483227 0.1336798 0.0858437 0.0944299 0.0466671 0.1021042 0.0000000 0.0809534 0.0751936 0.0792685 0.1158742 0.1418260 0.1232390 
Tarsipedidae_Tarsipes_rostratus              0.0794087 0.1209575 0.0910441 0.1143330 0.1134087 0.1285927 0.0771655 0.0741031 0.1067760 0.1287411 0.0744334 0.1347676 0.1306641 0.0746864 0.0770952 0.1325726 0.1420838 0.1437323 0.1268811 0.1047057 0.0894160 0.1479872 0.1559774 0.1319469 0.0968374 0.0985090 0.0690330 0.1057661 0.0809534 0.0000000 0.0826951 0.0765152 0.1230702 0.1367896 0.1299226 
Acrobatidae_Distoechurus_pennatus            0.0582226 0.0984020 0.0679781 0.0894410 0.0877194 0.0997446 0.0520521 0.0480612 0.0866296 0.1005434 0.0557177 0.1162176 0.0985750 0.0575121 0.0331313 0.1148527 0.1210899 0.1170517 0.0945768 0.0826412 0.0816624 0.1179879 0.1241599 0.1143284 0.0709863 0.0752691 0.0606438 0.0857061 0.0751936 0.0826951 0.0000000 0.0569064 0.0960355 0.1197443 0.0990866 
Phalangeridae_Phalanger_carmelitae           0.0508894 0.0870190 0.0545177 0.0733787 0.0732470 0.0899695 0.0189415 0.0086770 0.0699824 0.0884413 0.0116820 0.1026172 0.0927280 0.0057839 0.0568203 0.1007878 0.1037767 0.1087893 0.0865710 0.0667753 0.0824454 0.1061240 0.1167387 0.1008742 0.0609067 0.0662774 0.0632602 0.0673950 0.0792685 0.0765152 0.0569064 0.0000000 0.0870045 0.1012052 0.0885857 
Peramelidae_Peroryctes_raffrayana            0.0940797 0.1111317 0.0897359 0.1219620 0.1203069 0.0946522 0.0801746 0.0724322 0.1185749 0.0209041 0.0844260 0.1142270 0.0945231 0.0842335 0.0965777 0.1135910 0.1160737 0.1171065 0.0155550 0.1124725 0.1231340 0.1295200 0.1344791 0.1156455 0.1049279 0.0829839 0.1035060 0.1141584 0.1158742 0.1230702 0.0960355 0.0870045 0.0000000 0.1154262 0.0194850 
Dasyuridae_Dasyurus_geffroii                 0.1098238 0.1157883 0.1063235 0.1368665 0.1347341 0.0061155 0.0962455 0.0866672 0.1303941 0.1173524 0.0997546 0.0225267 0.0282121 0.1003708 0.1150475 0.0219585 0.0077872 0.0366916 0.1175636 0.1254344 0.1388982 0.1388720 0.1496500 0.0213598 0.1201508 0.0962226 0.1216765 0.1241010 0.1418260 0.1367896 0.1197443 0.1012052 0.1154262 0.0000000 0.1160625 
Peramelidae_Perameles_gunnii                 0.0995575 0.1104012 0.0913040 0.1262941 0.1242285 0.0975746 0.0830394 0.0754251 0.1205183 0.0023151 0.0866746 0.1179853 0.1017905 0.0868209 0.0987654 0.1176168 0.1182370 0.1230328 0.0228858 0.1144097 0.1270029 0.1328205 0.1362062 0.1185773 0.1077874 0.0898491 0.1074940 0.1183009 0.1232390 0.1299226 0.0990866 0.0885857 0.0194850 0.1160625 0.0000000 
