35
Burramyidae_Burramys_parvus                  0.0000000 0.1290861 0.0626493 0.0721333 0.0701985 0.1204963 0.0482587 0.0529733 0.0667235 0.1320647 0.0534581 0.1186919 0.1211141 0.0590924 0.0679588 0.1247851 0.1166840 0.1108443 0.1345338 0.0687284 0.0607327 0.1418334 0.1406477 0.1309728 0.0649403 0.0826930 0.0588292 0.0678822 0.0654694 0.0774630 0.0639526 0.0590012 0.1384112 0.1156297 0.1319854 
Notoryctidae_Notoryctes_typhlops             0.1290861 0.0000000 0.1351579 0.1546232 0.1542467 0.1795730 0.1335885 0.1348481 0.1511690 0.1879473 0.1366276 0.1806473 0.1883455 0.1398684 0.1415458 0.1859589 0.1752652 0.1726165 0.1960010 0.1525995 0.1500484 0.2150670 0.2001556 0.1898049 0.1440264 0.1483799 0.1465584 0.1541774 0.1593559 0.1694342 0.1398840 0.1427426 0.1949023 0.1756389 0.1918341 
Vombatidae_Lasiorhinus_latifrons             0.0626493 0.1351579 0.0000000 0.0800457 0.0772378 0.1173044 0.0655723 0.0647308 0.0771566 0.1272258 0.0628819 0.1110178 0.1145206 0.0687111 0.0732981 0.1206918 0.1136686 0.1064798 0.1374069 0.0802678 0.0704049 0.1307232 0.1396018 0.1272198 0.0797826 0.0888262 0.0691933 0.0793960 0.0755145 0.0960617 0.0754327 0.0690489 0.1366053 0.1100511 0.1292668 
Potoroidae_Bettongia_penicillata             0.0721333 0.1546232 0.0800457 0.0000000 0.0053538 0.1455591 0.0744690 0.0778636 0.0103700 0.1507662 0.0773532 0.1406558 0.1464468 0.0866259 0.0851819 0.1530273 0.1419238 0.1321174 0.1539354 0.0221604 0.0818115 0.1506571 0.1522369 0.1525357 0.0415042 0.1177892 0.0761764 0.0219005 0.0844565 0.0970041 0.0833118 0.0865095 0.1567768 0.1413129 0.1509102 
Potoroidae_Bettongia_lesueur                 0.0701985 0.1542467 0.0772378 0.0053538 0.0000000 0.1420359 0.0719892 0.0744747 0.0089315 0.1481454 0.0735667 0.1371044 0.1429627 0.0826292 0.0853059 0.1495563 0.1385194 0.1285065 0.1532121 0.0221992 0.0807526 0.1456729 0.1435637 0.1490002 0.0401088 0.1165516 0.0755659 0.0208837 0.0849277 0.0961921 0.0839719 0.0829392 0.1559692 0.1377495 0.1482543 
Dasyuridae_Dasyurus_maculatus                0.1204963 0.1795730 0.1173044 0.1455591 0.1420359 0.0000000 0.1156592 0.1208491 0.1357851 0.1770363 0.1108829 0.0193412 0.0373309 0.1271933 0.1379602 0.0222126 0.0093639 0.0285330 0.1816089 0.1344114 0.1309843 0.1584042 0.1650801 0.0234340 0.1367841 0.1148261 0.1285221 0.1354708 0.1406112 0.1544757 0.1396292 0.1276839 0.1820549 0.0060602 0.1815637 
Phalangeridae_Trichosurus_vulpecula          0.0482587 0.1335885 0.0655723 0.0744690 0.0719892 0.1156592 0.0000000 0.0155635 0.0712890 0.1292168 0.0149676 0.1114945 0.1188399 0.0197161 0.0679117 0.1211538 0.1110892 0.1064981 0.1358729 0.0689254 0.0639882 0.1218132 0.1324994 0.1269782 0.0712870 0.0879033 0.0628868 0.0706313 0.0708461 0.0859045 0.0648989 0.0197071 0.1369937 0.1088656 0.1298234 
Phalangeridae_Spilocuscus_maculatus          0.0529733 0.1348481 0.0647308 0.0778636 0.0744747 0.1208491 0.0155635 0.0000000 0.0745686 0.1369088 0.0079998 0.1156919 0.1218824 0.0093004 0.0701793 0.1253778 0.1151317 0.1123455 0.1440828 0.0740774 0.0680803 0.1275631 0.1355112 0.1310259 0.0726096 0.0889774 0.0628673 0.0742961 0.0753641 0.0869589 0.0633856 0.0101184 0.1428709 0.1139541 0.1376083 
Potoroidae_Aepyprymnus_rufescens             0.0667235 0.1511690 0.0771566 0.0103700 0.0089315 0.1357851 0.0712890 0.0745686 0.0000000 0.1485786 0.0732479 0.1333947 0.1367827 0.0827682 0.0807976 0.1451390 0.1365526 0.1244103 0.1545459 0.0203137 0.0793098 0.1463383 0.1453762 0.1445936 0.0408935 0.1138615 0.0750261 0.0189811 0.0837971 0.0960138 0.0794535 0.0830798 0.1567682 0.1336051 0.1493459 
Peramelidae_Perameles_nasuta                 0.1320647 0.1879473 0.1272258 0.1507662 0.1481454 0.1770363 0.1292168 0.1369088 0.1485786 0.0000000 0.1331804 0.1752274 0.1775900 0.1455250 0.1426259 0.1799454 0.1775888 0.1717500 0.0193960 0.1511773 0.1529690 0.2005538 0.1943114 0.1811693 0.1482329 0.1478995 0.1431351 0.1441135 0.1591313 0.1639536 0.1455152 0.1446142 0.0184658 0.1792989 0.0003770 
Phalangeridae_Strigocuscus_pelengensis       0.0534581 0.1366276 0.0628819 0.0773532 0.0735667 0.1108829 0.0149676 0.0079998 0.0732479 0.1331804 0.0000000 0.1039217 0.1116266 0.0086295 0.0636518 0.1147997 0.1088254 0.1103573 0.1408817 0.0707252 0.0653947 0.1252197 0.1357674 0.1226033 0.0696442 0.0949746 0.0601395 0.0725115 0.0705973 0.0829689 0.0612340 0.0088619 0.1368190 0.1103097 0.1341110 
Dasyuridae_Phascogale_tapoatafa              0.1186919 0.1806473 0.1110178 0.1406558 0.1371044 0.0193412 0.1114945 0.1156919 0.1333947 0.1752274 0.1039217 0.0000000 0.0303688 0.1204763 0.1333937 0.0051436 0.0192800 0.0274581 0.1749078 0.1314016 0.1221480 0.1506002 0.1612494 0.0123125 0.1284956 0.1207283 0.1218424 0.1325442 0.1371394 0.1426642 0.1362276 0.1223689 0.1801341 0.0157783 0.1812739 
Dasyuridae_Sminthopsis_macroura              0.1211141 0.1883455 0.1145206 0.1464468 0.1429627 0.0373309 0.1188399 0.1218824 0.1367827 0.1775900 0.1116266 0.0303688 0.0000000 0.1263981 0.1375796 0.0332747 0.0366209 0.0232962 0.1791935 0.1364708 0.1319237 0.1608938 0.1719410 0.0377564 0.1324955 0.1199120 0.1280906 0.1376801 0.1425966 0.1553935 0.1401296 0.1272714 0.1806146 0.0321286 0.1835793 
Phalangeridae_Phalanger_orientalis           0.0590924 0.1398684 0.0687111 0.0866259 0.0826292 0.1271933 0.0197161 0.0093004 0.0827682 0.1455250 0.0086295 0.1204763 0.1263981 0.0000000 0.0769935 0.1277957 0.1217174 0.1173210 0.1523994 0.0816512 0.0737777 0.1333218 0.1443310 0.1375064 0.0774907 0.0947982 0.0705088 0.0819579 0.0805984 0.0935898 0.0717361 0.0032739 0.1528721 0.1196872 0.1460632 
Acrobatidae_Acrobates_pygmaeus               0.0679588 0.1415458 0.0732981 0.0851819 0.0853059 0.1379602 0.0679117 0.0701793 0.0807976 0.1426259 0.0636518 0.1333937 0.1375796 0.0769935 0.0000000 0.1451990 0.1304701 0.1288247 0.1501006 0.0845506 0.0666429 0.1439488 0.1477782 0.1484483 0.0817440 0.1033882 0.0656413 0.0832377 0.0747477 0.0869692 0.0376977 0.0750770 0.1476076 0.1300223 0.1458699 
Dasyuridae_Phascogale_calura                 0.1247851 0.1859589 0.1206918 0.1530273 0.1495563 0.0222126 0.1211538 0.1253778 0.1451390 0.1799454 0.1147997 0.0051436 0.0332747 0.1277957 0.1451990 0.0000000 0.0226465 0.0289809 0.1828470 0.1431053 0.1359935 0.1637080 0.1758940 0.0134261 0.1407329 0.1207699 0.1327986 0.1459270 0.1481409 0.1567358 0.1457636 0.1290616 0.1874812 0.0189245 0.1848536 
Dasyuridae_Sarcophilus_harrisii              0.1166840 0.1752652 0.1136686 0.1419238 0.1385194 0.0093639 0.1110892 0.1151317 0.1365526 0.1775888 0.1088254 0.0192800 0.0366209 0.1217174 0.1304701 0.0226465 0.0000000 0.0287520 0.1784600 0.1344287 0.1271226 0.1563728 0.1639121 0.0251619 0.1363331 0.1153422 0.1230570 0.1349160 0.1386581 0.1482927 0.1347759 0.1218091 0.1818042 0.0072613 0.1799303 
Dasyuridae_Planigale_tenuirostris            0.1108443 0.1726165 0.1064798 0.1321174 0.1285065 0.0285330 0.1064981 0.1123455 0.1244103 0.1717500 0.1103573 0.0274581 0.0232962 0.1173210 0.1288247 0.0289809 0.0287520 0.0000000 0.1678630 0.1208731 0.1192255 0.1570383 0.1644427 0.0318010 0.1248755 0.1218282 0.1147364 0.1225210 0.1322031 0.1455902 0.1294291 0.1192169 0.1662251 0.0281900 0.1729788 
Peramelidae_Echymipera_kalubu                0.1345338 0.1960010 0.1374069 0.1539354 0.1532121 0.1816089 0.1358729 0.1440828 0.1545459 0.0193960 0.1408817 0.1749078 0.1791935 0.1523994 0.1501006 0.1828470 0.1784600 0.1678630 0.0000000 0.1567624 0.1560105 0.1905592 0.1957454 0.1852666 0.1579030 0.1522394 0.1416374 0.1545668 0.1566262 0.1658031 0.1477968 0.1508792 0.0180320 0.1784545 0.0192256 
Macropodidae_Dorcopsulus_vanheurni           0.0687284 0.1525995 0.0802678 0.0221604 0.0221992 0.1344114 0.0689254 0.0740774 0.0203137 0.1511773 0.0707252 0.1314016 0.1364708 0.0816512 0.0845506 0.1431053 0.1344287 0.1208731 0.1567624 0.0000000 0.0825352 0.1575277 0.1561142 0.1459174 0.0370177 0.1111602 0.0781502 0.0074476 0.0855353 0.0971517 0.0845388 0.0819916 0.1588493 0.1318072 0.1506235 
Pseudochiridae_Pseudochirulus_forbesi        0.0607327 0.1500484 0.0704049 0.0818115 0.0807526 0.1309843 0.0639882 0.0680803 0.0793098 0.1529690 0.0653947 0.1221480 0.1319237 0.0737777 0.0666429 0.1359935 0.1271226 0.1192255 0.1560105 0.0825352 0.0000000 0.1373578 0.1438234 0.1417823 0.0782955 0.1127430 0.0258822 0.0817121 0.0214154 0.0644305 0.0637162 0.0723725 0.1576305 0.1246380 0.1531627 
Didelphidae_Didelphis_virginiana             0.1418334 0.2150670 0.1307232 0.1506571 0.1456729 0.1584042 0.1218132 0.1275631 0.1463383 0.2005538 0.1252197 0.1506002 0.1608938 0.1333218 0.1439488 0.1637080 0.1563728 0.1570383 0.1905592 0.1575277 0.1373578 0.0000000 0.0371598 0.1661929 0.1593377 0.1484822 0.1359034 0.1534801 0.1600906 0.1609748 0.1485484 0.1324632 0.2002901 0.1550238 0.2022902 
Marmosidae_Monodelphis_domestica             0.1406477 0.2001556 0.1396018 0.1522369 0.1435637 0.1650801 0.1324994 0.1355112 0.1453762 0.1943114 0.1357674 0.1612494 0.1719410 0.1443310 0.1477782 0.1758940 0.1639121 0.1644427 0.1957454 0.1561142 0.1438234 0.0371598 0.0000000 0.1767557 0.1491724 0.1510566 0.1414806 0.1570142 0.1572057 0.1688452 0.1475053 0.1442829 0.1932871 0.1660760 0.1949496 
Dasyuridae_Antechinus_stuartii               0.1309728 0.1898049 0.1272198 0.1525357 0.1490002 0.0234340 0.1269782 0.1310259 0.1445936 0.1811693 0.1226033 0.0123125 0.0377564 0.1375064 0.1484483 0.0134261 0.0251619 0.0318010 0.1852666 0.1459174 0.1417823 0.1661929 0.1767557 0.0000000 0.1467181 0.1244087 0.1370045 0.1498337 0.1518012 0.1646984 0.1531535 0.1391349 0.1898335 0.0203252 0.1875219 
Hypsiprymnodontidae_Hypsiprymnodon_moschatus 0.0649403 0.1440264 0.0797826 0.0415042 0.0401088 0.1367841 0.0712870 0.0726096 0.0408935 0.1482329 0.0696442 0.1284956 0.1324955 0.0774907 0.0817440 0.1407329 0.1363331 0.1248755 0.1579030 0.0370177 0.0782955 0.1593377 0.1491724 0.1467181 0.0000000 0.1190847 0.0730727 0.0367066 0.0867197 0.0955095 0.0853041 0.0787579 0.1524514 0.1367542 0.1478306 
Microbiotheriidae_Dromiciops_gliroides       0.0826930 0.1483799 0.0888262 0.1177892 0.1165516 0.1148261 0.0879033 0.0889774 0.1138615 0.1478995 0.0949746 0.1207283 0.1199120 0.0947982 0.1033882 0.1207699 0.1153422 0.1218282 0.1522394 0.1111602 0.1127430 0.1484822 0.1510566 0.1244087 0.1190847 0.0000000 0.1006029 0.1101581 0.1223694 0.1229675 0.1109575 0.0936857 0.1506763 0.1150133 0.1475352 
Pseudochiridae_Petauroides_volans            0.0588292 0.1465584 0.0691933 0.0761764 0.0755659 0.1285221 0.0628868 0.0628673 0.0750261 0.1431351 0.0601395 0.1218424 0.1280906 0.0705088 0.0656413 0.1327986 0.1230570 0.1147364 0.1416374 0.0781502 0.0258822 0.1359034 0.1414806 0.1370045 0.0730727 0.1006029 0.0000000 0.0781175 0.0311417 0.0632704 0.0600816 0.0699736 0.1441794 0.1231877 0.1454107 
Macropodidae_Wallabia_bicolor                0.0678822 0.1541774 0.0793960 0.0219005 0.0208837 0.1354708 0.0706313 0.0742961 0.0189811 0.1441135 0.0725115 0.1325442 0.1376801 0.0819579 0.0832377 0.1459270 0.1349160 0.1225210 0.1545668 0.0074476 0.0817121 0.1534801 0.1570142 0.1498337 0.0367066 0.1101581 0.0781175 0.0000000 0.0874981 0.0953585 0.0851137 0.0822855 0.1557894 0.1315055 0.1436821 
Pseudochiridae_Pseudocheirus_occidentalis    0.0654694 0.1593559 0.0755145 0.0844565 0.0849277 0.1406112 0.0708461 0.0753641 0.0837971 0.1591313 0.0705973 0.1371394 0.1425966 0.0805984 0.0747477 0.1481409 0.1386581 0.1322031 0.1566262 0.0855353 0.0214154 0.1600906 0.1572057 0.1518012 0.0867197 0.1223694 0.0311417 0.0874981 0.0000000 0.0803009 0.0705944 0.0782191 0.1592483 0.1379224 0.1583340 
Tarsipedidae_Tarsipes_rostratus              0.0774630 0.1694342 0.0960617 0.0970041 0.0961921 0.1544757 0.0859045 0.0869589 0.0960138 0.1639536 0.0829689 0.1426642 0.1553935 0.0935898 0.0869692 0.1567358 0.1482927 0.1455902 0.1658031 0.0971517 0.0644305 0.1609748 0.1688452 0.1646984 0.0955095 0.1229675 0.0632704 0.0953585 0.0803009 0.0000000 0.0806386 0.0918083 0.1709968 0.1489760 0.1665171 
Acrobatidae_Distoechurus_pennatus            0.0639526 0.1398840 0.0754327 0.0833118 0.0839719 0.1396292 0.0648989 0.0633856 0.0794535 0.1455152 0.0612340 0.1362276 0.1401296 0.0717361 0.0376977 0.1457636 0.1347759 0.1294291 0.1477968 0.0845388 0.0637162 0.1485484 0.1475053 0.1531535 0.0853041 0.1109575 0.0600816 0.0851137 0.0705944 0.0806386 0.0000000 0.0694311 0.1493881 0.1332313 0.1450212 
Phalangeridae_Phalanger_carmelitae           0.0590012 0.1427426 0.0690489 0.0865095 0.0829392 0.1276839 0.0197071 0.0101184 0.0830798 0.1446142 0.0088619 0.1223689 0.1272714 0.0032739 0.0750770 0.1290616 0.1218091 0.1192169 0.1508792 0.0819916 0.0723725 0.1324632 0.1442829 0.1391349 0.0787579 0.0936857 0.0699736 0.0822855 0.0782191 0.0918083 0.0694311 0.0000000 0.1501645 0.1207852 0.1451668 
Peramelidae_Peroryctes_raffrayana            0.1384112 0.1949023 0.1366053 0.1567768 0.1559692 0.1820549 0.1369937 0.1428709 0.1567682 0.0184658 0.1368190 0.1801341 0.1806146 0.1528721 0.1476076 0.1874812 0.1818042 0.1662251 0.0180320 0.1588493 0.1576305 0.2002901 0.1932871 0.1898335 0.1524514 0.1506763 0.1441794 0.1557894 0.1592483 0.1709968 0.1493881 0.1501645 0.0000000 0.1787466 0.0200363 
Dasyuridae_Dasyurus_geffroii                 0.1156297 0.1756389 0.1100511 0.1413129 0.1377495 0.0060602 0.1088656 0.1139541 0.1336051 0.1792989 0.1103097 0.0157783 0.0321286 0.1196872 0.1300223 0.0189245 0.0072613 0.0281900 0.1784545 0.1318072 0.1246380 0.1550238 0.1660760 0.0203252 0.1367542 0.1150133 0.1231877 0.1315055 0.1379224 0.1489760 0.1332313 0.1207852 0.1787466 0.0000000 0.1796194 
Peramelidae_Perameles_gunnii                 0.1319854 0.1918341 0.1292668 0.1509102 0.1482543 0.1815637 0.1298234 0.1376083 0.1493459 0.0003770 0.1341110 0.1812739 0.1835793 0.1460632 0.1458699 0.1848536 0.1799303 0.1729788 0.0192256 0.1506235 0.1531627 0.2022902 0.1949496 0.1875219 0.1478306 0.1475352 0.1454107 0.1436821 0.1583340 0.1665171 0.1450212 0.1451668 0.0200363 0.1796194 0.0000000 
