35
Burramyidae_Burramys_parvus                  0.0000000 0.0951203 0.0614722 0.0703403 0.0750389 0.0816336 0.0533193 0.0554737 0.0637979 0.0724034 0.0586014 0.0875856 0.0925302 0.0553928 0.0573063 0.0873034 0.0830108 0.0886012 0.0960619 0.0762278 0.0660933 0.1433965 0.1311438 0.0888223 0.0693834 0.0728161 0.0577185 0.0656124 0.0463189 0.0853925 0.0685220 0.0586267 0.0811960 0.0869685 0.1005975 
Notoryctidae_Notoryctes_typhlops             0.0951203 0.0000000 0.0944635 0.1044124 0.1071461 0.0902482 0.0904522 0.1055580 0.0994568 0.0791256 0.0985772 0.1017914 0.1005875 0.0918941 0.0966985 0.1005298 0.0917693 0.0987708 0.1050446 0.1080300 0.1012095 0.1700808 0.1447318 0.0971223 0.1043391 0.0859733 0.0961987 0.0965149 0.1093336 0.1197240 0.1048699 0.0968759 0.0767531 0.0945337 0.1074901 
Vombatidae_Lasiorhinus_latifrons             0.0614722 0.0944635 0.0000000 0.0734921 0.0772198 0.0848724 0.0648823 0.0735674 0.0679349 0.0756028 0.0691962 0.0913430 0.0967087 0.0645038 0.0686711 0.0899568 0.0858268 0.0920676 0.0997253 0.0791812 0.0781953 0.1447558 0.1301205 0.0919196 0.0719302 0.0758324 0.0700251 0.0682361 0.0510899 0.0948069 0.0780004 0.0676184 0.0849139 0.0892233 0.1005531 
Potoroidae_Bettongia_penicillata             0.0703403 0.1044124 0.0734921 0.0000000 0.0110027 0.0970143 0.0714837 0.0785197 0.0167488 0.0774151 0.0766653 0.1057999 0.1085059 0.0723094 0.0754486 0.1059738 0.0976021 0.1042354 0.1014791 0.0430893 0.0839987 0.1530132 0.1460047 0.1066912 0.0494602 0.0842581 0.0711727 0.0328066 0.0587877 0.0955781 0.0820562 0.0759956 0.0779212 0.0999903 0.1066803 
Potoroidae_Bettongia_lesueur                 0.0750389 0.1071461 0.0772198 0.0110027 0.0000000 0.1011907 0.0737425 0.0868156 0.0198078 0.0827408 0.0848222 0.1112412 0.1150756 0.0785871 0.0802474 0.1086597 0.1023607 0.1104306 0.1048652 0.0464132 0.0847453 0.1571363 0.1474191 0.1104422 0.0547947 0.0896966 0.0743724 0.0373715 0.0625431 0.1002313 0.0874742 0.0825218 0.0880661 0.1042192 0.1112378 
Dasyuridae_Dasyurus_maculatus                0.0816336 0.0902482 0.0848724 0.0970143 0.1011907 0.0000000 0.0805435 0.0913360 0.0903976 0.0779455 0.0887410 0.0163285 0.0283877 0.0843586 0.0902523 0.0163583 0.0032757 0.0239351 0.1084548 0.1015212 0.0956253 0.1617693 0.1439956 0.0183013 0.0996398 0.0817347 0.0871270 0.0883966 0.0914690 0.1167088 0.0971672 0.0895416 0.0840574 0.0044701 0.1071913 
Phalangeridae_Trichosurus_vulpecula          0.0533193 0.0904522 0.0648823 0.0714837 0.0737425 0.0805435 0.0000000 0.0324511 0.0654487 0.0725966 0.0281206 0.0881907 0.0906693 0.0294044 0.0582378 0.0841239 0.0798093 0.0847115 0.0970914 0.0761242 0.0693753 0.1538684 0.1355426 0.0860165 0.0720392 0.0780004 0.0651292 0.0647908 0.0588553 0.0874161 0.0671461 0.0300888 0.0775559 0.0838267 0.1004720 
Phalangeridae_Spilocuscus_maculatus          0.0554737 0.1055580 0.0735674 0.0785197 0.0868156 0.0913360 0.0324511 0.0000000 0.0739696 0.0780682 0.0179883 0.0957329 0.1009193 0.0231426 0.0708668 0.0951576 0.0900906 0.0963054 0.1043707 0.0858550 0.0752829 0.1473243 0.1520074 0.0952826 0.0768631 0.0827837 0.0616623 0.0714040 0.0626683 0.0991518 0.0794190 0.0202978 0.0847320 0.0945321 0.1082835 
Potoroidae_Aepyprymnus_rufescens             0.0637979 0.0994568 0.0679349 0.0167488 0.0198078 0.0903976 0.0654487 0.0739696 0.0000000 0.0782325 0.0714847 0.1002114 0.1024214 0.0672417 0.0717708 0.0982669 0.0910794 0.0999654 0.1001996 0.0374645 0.0767814 0.1524289 0.1368752 0.1001071 0.0451997 0.0811255 0.0673743 0.0275502 0.0613141 0.0943469 0.0784580 0.0708876 0.0816109 0.0944324 0.1071393 
Peramelidae_Perameles_nasuta                 0.0724034 0.0791256 0.0756028 0.0774151 0.0827408 0.0779455 0.0725966 0.0780682 0.0782325 0.0000000 0.0756353 0.0896000 0.0845928 0.0732139 0.0745152 0.0879522 0.0779241 0.0898198 0.0160197 0.0910049 0.0771818 0.1516168 0.1233951 0.0843174 0.0781407 0.0791036 0.0740378 0.0780089 0.0769769 0.0991646 0.0761866 0.0762057 0.0138031 0.0794018 0.0005998 
Phalangeridae_Strigocuscus_pelengensis       0.0586014 0.0985772 0.0691962 0.0766653 0.0848222 0.0887410 0.0281206 0.0179883 0.0714847 0.0756353 0.0000000 0.0957212 0.0995463 0.0165295 0.0616729 0.0927781 0.0874682 0.0933038 0.0998695 0.0835693 0.0721291 0.1638701 0.1441609 0.0945895 0.0735394 0.0818563 0.0659165 0.0700043 0.0512263 0.0916578 0.0741248 0.0160980 0.0768517 0.0922160 0.1033003 
Dasyuridae_Phascogale_tapoatafa              0.0875856 0.1017914 0.0913430 0.1057999 0.1112412 0.0163285 0.0881907 0.0957329 0.1002114 0.0896000 0.0957212 0.0000000 0.0322247 0.0921687 0.0987150 0.0042156 0.0160407 0.0268565 0.1153075 0.1116323 0.1011921 0.1708921 0.1530404 0.0128187 0.1078151 0.0906120 0.0944501 0.0980629 0.0944232 0.1284259 0.1026401 0.0977366 0.0962214 0.0181480 0.1148118 
Dasyuridae_Sminthopsis_macroura              0.0925302 0.1005875 0.0967087 0.1085059 0.1150756 0.0283877 0.0906693 0.1009193 0.1024214 0.0845928 0.0995463 0.0322247 0.0000000 0.0946179 0.0971893 0.0318216 0.0255797 0.0221002 0.1156273 0.1144332 0.1034937 0.1681403 0.1499629 0.0296672 0.1073925 0.0907029 0.0948880 0.1007522 0.0916366 0.1251381 0.1022937 0.0987264 0.0920517 0.0288925 0.1167998 
Phalangeridae_Phalanger_orientalis           0.0553928 0.0918941 0.0645038 0.0723094 0.0785871 0.0843586 0.0294044 0.0231426 0.0672417 0.0732139 0.0165295 0.0921687 0.0946179 0.0000000 0.0577119 0.0901173 0.0831452 0.0904594 0.0983946 0.0774129 0.0672957 0.1548677 0.1365605 0.0898834 0.0691951 0.0756342 0.0637069 0.0650269 0.0534923 0.0875009 0.0692296 0.0062081 0.0737325 0.0876891 0.1028524 
Acrobatidae_Acrobates_pygmaeus               0.0573063 0.0966985 0.0686711 0.0754486 0.0802474 0.0902523 0.0582378 0.0708668 0.0717708 0.0745152 0.0616729 0.0987150 0.0971893 0.0577119 0.0000000 0.0937033 0.0902201 0.0955903 0.1012527 0.0806119 0.0637841 0.1566397 0.1362008 0.0923929 0.0759241 0.0764639 0.0590327 0.0709199 0.0420973 0.0801734 0.0420881 0.0611212 0.0803233 0.0927524 0.1002248 
Dasyuridae_Phascogale_calura                 0.0873034 0.1005298 0.0899568 0.1059738 0.1086597 0.0163583 0.0841239 0.0951576 0.0982669 0.0879522 0.0927781 0.0042156 0.0318216 0.0901173 0.0937033 0.0000000 0.0147492 0.0270695 0.1131619 0.1102158 0.0993506 0.1665587 0.1495906 0.0116457 0.1053059 0.0897890 0.0923528 0.0969121 0.0915917 0.1251928 0.0999934 0.0952553 0.0942648 0.0168241 0.1131772 
Dasyuridae_Sarcophilus_harrisii              0.0830108 0.0917693 0.0858268 0.0976021 0.1023607 0.0032757 0.0798093 0.0900906 0.0910794 0.0779241 0.0874682 0.0160407 0.0255797 0.0831452 0.0902201 0.0147492 0.0000000 0.0227264 0.1070686 0.1033473 0.0953178 0.1590766 0.1396099 0.0167650 0.0993722 0.0809937 0.0858917 0.0893146 0.0942334 0.1150946 0.0955676 0.0877893 0.0831148 0.0036937 0.1057965 
Dasyuridae_Planigale_tenuirostris            0.0886012 0.0987708 0.0920676 0.1042354 0.1104306 0.0239351 0.0847115 0.0963054 0.0999654 0.0898198 0.0933038 0.0268565 0.0221002 0.0904594 0.0955903 0.0270695 0.0227264 0.0000000 0.1170369 0.1105766 0.1014015 0.1698506 0.1510860 0.0253696 0.1007908 0.0879148 0.0921549 0.0960407 0.0882698 0.1282657 0.0990681 0.0958369 0.0911754 0.0240093 0.1171366 
Peramelidae_Echymipera_kalubu                0.0960619 0.1050446 0.0997253 0.1014791 0.1048652 0.1084548 0.0970914 0.1043707 0.1001996 0.0160197 0.0998695 0.1153075 0.1156273 0.0983946 0.1012527 0.1131619 0.1070686 0.1170369 0.0000000 0.1112514 0.1062298 0.1717442 0.1553983 0.1117245 0.1037251 0.0993180 0.0943188 0.0996644 0.0889245 0.1225222 0.1075367 0.1008195 0.0139889 0.1103399 0.0204798 
Macropodidae_Dorcopsulus_vanheurni           0.0762278 0.1080300 0.0791812 0.0430893 0.0464132 0.1015212 0.0761242 0.0858550 0.0374645 0.0910049 0.0835693 0.1116323 0.1144332 0.0774129 0.0806119 0.1102158 0.1033473 0.1105766 0.1112514 0.0000000 0.0902447 0.1683227 0.1508511 0.1109497 0.0550294 0.0899005 0.0807090 0.0174962 0.0731627 0.1017524 0.0904596 0.0813052 0.0952931 0.1067947 0.1155739 
Pseudochiridae_Pseudochirulus_forbesi        0.0660933 0.1012095 0.0781953 0.0839987 0.0847453 0.0956253 0.0693753 0.0752829 0.0767814 0.0771818 0.0721291 0.1011921 0.1034937 0.0672957 0.0637841 0.0993506 0.0953178 0.1014015 0.1062298 0.0902447 0.0000000 0.1768887 0.1498125 0.0977485 0.0783512 0.0861983 0.0507346 0.0772906 0.0149427 0.0836832 0.0695303 0.0717936 0.0847072 0.0992356 0.1114588 
Didelphidae_Didelphis_virginiana             0.1433965 0.1700808 0.1447558 0.1530132 0.1571363 0.1617693 0.1538684 0.1473243 0.1524289 0.1516168 0.1638701 0.1708921 0.1681403 0.1548677 0.1566397 0.1665587 0.1590766 0.1698506 0.1717442 0.1683227 0.1768887 0.0000000 0.0687357 0.1630581 0.1639122 0.1448612 0.1516211 0.1554767 0.1221502 0.1749513 0.1665746 0.1559502 0.1363382 0.1605580 0.1725510 
Marmosidae_Monodelphis_domestica             0.1311438 0.1447318 0.1301205 0.1460047 0.1474191 0.1439956 0.1355426 0.1520074 0.1368752 0.1233951 0.1441609 0.1530404 0.1499629 0.1365605 0.1362008 0.1495906 0.1396099 0.1510860 0.1553983 0.1508511 0.1498125 0.0687357 0.0000000 0.1468727 0.1423510 0.1287863 0.1431935 0.1391013 0.1245161 0.1641260 0.1435858 0.1382461 0.1306049 0.1447252 0.1592954 
Dasyuridae_Antechinus_stuartii               0.0888223 0.0971223 0.0919196 0.1066912 0.1104422 0.0183013 0.0860165 0.0952826 0.1001071 0.0843174 0.0945895 0.0128187 0.0296672 0.0898834 0.0923929 0.0116457 0.0167650 0.0253696 0.1117245 0.1109497 0.0977485 0.1630581 0.1468727 0.0000000 0.1041963 0.0863429 0.0890560 0.0963860 0.0870490 0.1221619 0.0980769 0.0953830 0.0915756 0.0179146 0.1117394 
Hypsiprymnodontidae_Hypsiprymnodon_moschatus 0.0693834 0.1043391 0.0719302 0.0494602 0.0547947 0.0996398 0.0720392 0.0768631 0.0451997 0.0781407 0.0735394 0.1078151 0.1073925 0.0691951 0.0759241 0.1053059 0.0993722 0.1007908 0.1037251 0.0550294 0.0783512 0.1639122 0.1423510 0.1041963 0.0000000 0.0832638 0.0698471 0.0439752 0.0533354 0.0966886 0.0820263 0.0729453 0.0804873 0.1021176 0.1078503 
Microbiotheriidae_Dromiciops_gliroides       0.0728161 0.0859733 0.0758324 0.0842581 0.0896966 0.0817347 0.0780004 0.0827837 0.0811255 0.0791036 0.0818563 0.0906120 0.0907029 0.0756342 0.0764639 0.0897890 0.0809937 0.0879148 0.0993180 0.0899005 0.0861983 0.1448612 0.1287863 0.0863429 0.0832638 0.0000000 0.0749973 0.0763326 0.0698297 0.0985070 0.0870148 0.0796704 0.0825234 0.0845977 0.1037761 
Pseudochiridae_Petauroides_volans            0.0577185 0.0961987 0.0700251 0.0711727 0.0743724 0.0871270 0.0651292 0.0616623 0.0673743 0.0740378 0.0659165 0.0944501 0.0948880 0.0637069 0.0590327 0.0923528 0.0858917 0.0921549 0.0943188 0.0807090 0.0507346 0.1516211 0.1431935 0.0890560 0.0698471 0.0749973 0.0000000 0.0671035 0.0337609 0.0764397 0.0680876 0.0658279 0.0780629 0.0894623 0.1021868 
Macropodidae_Wallabia_bicolor                0.0656124 0.0965149 0.0682361 0.0328066 0.0373715 0.0883966 0.0647908 0.0714040 0.0275502 0.0780089 0.0700043 0.0980629 0.1007522 0.0650269 0.0709199 0.0969121 0.0893146 0.0960407 0.0996644 0.0174962 0.0772906 0.1554767 0.1391013 0.0963860 0.0439752 0.0763326 0.0671035 0.0000000 0.0583870 0.0950809 0.0801279 0.0689706 0.0809145 0.0928593 0.1049437 
Pseudochiridae_Pseudocheirus_occidentalis    0.0463189 0.1093336 0.0510899 0.0587877 0.0625431 0.0914690 0.0588553 0.0626683 0.0613141 0.0769769 0.0512263 0.0944232 0.0916366 0.0534923 0.0420973 0.0915917 0.0942334 0.0882698 0.0889245 0.0731627 0.0149427 0.1221502 0.1245161 0.0870490 0.0533354 0.0698297 0.0337609 0.0583870 0.0000000 0.0675855 0.0443231 0.0572841 0.0852258 0.0991052 0.0866155 
Tarsipedidae_Tarsipes_rostratus              0.0853925 0.1197240 0.0948069 0.0955781 0.1002313 0.1167088 0.0874161 0.0991518 0.0943469 0.0991646 0.0916578 0.1284259 0.1251381 0.0875009 0.0801734 0.1251928 0.1150946 0.1282657 0.1225222 0.1017524 0.0836832 0.1749513 0.1641260 0.1221619 0.0966886 0.0985070 0.0764397 0.0950809 0.0675855 0.0000000 0.0884853 0.0902662 0.1036403 0.1182017 0.1258797 
Acrobatidae_Distoechurus_pennatus            0.0685220 0.1048699 0.0780004 0.0820562 0.0874742 0.0971672 0.0671461 0.0794190 0.0784580 0.0761866 0.0741248 0.1026401 0.1022937 0.0692296 0.0420881 0.0999934 0.0955676 0.0990681 0.1075367 0.0904596 0.0695303 0.1665746 0.1435858 0.0980769 0.0820263 0.0870148 0.0680876 0.0801279 0.0443231 0.0884853 0.0000000 0.0735445 0.0865575 0.1006541 0.1102389 
Phalangeridae_Phalanger_carmelitae           0.0586267 0.0968759 0.0676184 0.0759956 0.0825218 0.0895416 0.0300888 0.0202978 0.0708876 0.0762057 0.0160980 0.0977366 0.0987264 0.0062081 0.0611212 0.0952553 0.0877893 0.0958369 0.1008195 0.0813052 0.0717936 0.1559502 0.1382461 0.0953830 0.0729453 0.0796704 0.0658279 0.0689706 0.0572841 0.0902662 0.0735445 0.0000000 0.0772738 0.0929965 0.1052862 
Peramelidae_Peroryctes_raffrayana            0.0811960 0.0767531 0.0849139 0.0779212 0.0880661 0.0840574 0.0775559 0.0847320 0.0816109 0.0138031 0.0768517 0.0962214 0.0920517 0.0737325 0.0803233 0.0942648 0.0831148 0.0911754 0.0139889 0.0952931 0.0847072 0.1363382 0.1306049 0.0915756 0.0804873 0.0825234 0.0780629 0.0809145 0.0852258 0.1036403 0.0865575 0.0772738 0.0000000 0.0850815 0.0170899 
Dasyuridae_Dasyurus_geffroii                 0.0869685 0.0945337 0.0892233 0.0999903 0.1042192 0.0044701 0.0838267 0.0945321 0.0944324 0.0794018 0.0922160 0.0181480 0.0288925 0.0876891 0.0927524 0.0168241 0.0036937 0.0240093 0.1103399 0.1067947 0.0992356 0.1605580 0.1447252 0.0179146 0.1021176 0.0845977 0.0894623 0.0928593 0.0991052 0.1182017 0.1006541 0.0929965 0.0850815 0.0000000 0.1090660 
Peramelidae_Perameles_gunnii                 0.1005975 0.1074901 0.1005531 0.1066803 0.1112378 0.1071913 0.1004720 0.1082835 0.1071393 0.0005998 0.1033003 0.1148118 0.1167998 0.1028524 0.1002248 0.1131772 0.1057965 0.1171366 0.0204798 0.1155739 0.1114588 0.1725510 0.1592954 0.1117394 0.1078503 0.1037761 0.1021868 0.1049437 0.0866155 0.1258797 0.1102389 0.1052862 0.0170899 0.1090660 0.0000000 
