193
I0185_86_Accipitridae_Buteo_jamaicensis                   0.0000000 0.0305098 0.0284681 0.0273027 0.0318780 0.0275146 0.0353516 0.0221784 0.0475559 0.0402756 0.0217742 0.0321294 0.0319429 0.0340943 0.0348350 0.0228421 0.0133856 0.0349637 0.0173660 0.0340648 0.0195811 0.0346558 0.0186937 0.0187239 0.0166586 0.0274394 0.0183915 0.0387189 0.0375567 0.0391259 0.0193611 0.0333503 0.0334414 0.0312163 0.0320842 0.0368699 0.0326266 0.0420150 0.0340965 0.0490095 0.0343911 0.0314381 0.0554255 0.0547991 0.0531811 0.0355527 0.0394846 0.0316796 0.0302986 0.0233070 0.0340133 0.0333300 0.0182508 0.0279225 0.0313262 0.0329533 0.0277983 0.0236745 0.0196848 0.0340092 0.0302907 0.0203481 0.0498213 0.0324551 0.0344538 0.0308283 0.0193238 0.0235353 0.0408556 0.0372709 0.0244376 0.0366964 0.0396344 0.0349669 0.0324563 0.0248781 0.0203892 0.0324735 0.0410729 0.0188065 0.0056351 0.0197078 0.0265545 0.0332032 0.0372843 0.0175840 0.0153051 0.0336806 0.0482108 0.0283513 0.0253983 0.0239319 0.0174499 0.0339265 0.0246422 0.0357397 0.0390499 0.0173472 0.0368812 0.0192073 0.0141971 0.0187841 0.0309912 0.0314250 0.0347862 0.0309443 0.0185274 0.0236378 0.0275933 0.0478632 0.0221564 0.0303627 0.0456211 0.0196884 0.0163734 0.0371869 0.0313304 0.0200855 0.0329766 0.0383451 0.0273124 0.0175873 0.0176735 0.0328999 0.0266071 0.0266629 0.0368218 0.0184120 0.0375143 0.0212644 0.0240214 0.0172218 0.0297955 0.0431599 0.0339495 0.0221996 0.0351151 0.0207692 0.0267914 0.0251517 0.0170022 0.0204645 0.0171303 0.0293773 0.0192375 0.0442903 0.0363281 0.0259153 0.0189261 0.0374077 0.0442675 0.0298885 0.0318807 0.0153399 0.0198043 0.0219555 0.0206983 0.0195001 0.0216169 0.0284401 0.0304998 0.0298154 0.0416570 0.0213060 0.0298932 0.0365635 0.0344375 0.0207614 0.0557035 0.0206022 0.0270416 0.0225264 0.0351808 0.0321829 0.0441700 0.0167181 0.0120222 0.0176365 0.0208813 0.0397624 0.0187130 0.0373681 0.0350521 0.0309009 0.0316351 0.0987875 0.0945032 0.0321634 0.0384822 0.0368719 0.0277444 0.0253150 0.0332052 
I0186_111_Momotidae_Momotus_lessonii                      0.0305098 0.0000000 0.0390518 0.0394230 0.0421070 0.0382452 0.0423086 0.0339474 0.0429993 0.0454791 0.0347226 0.0420389 0.0385976 0.0376743 0.0450935 0.0335032 0.0260041 0.0442688 0.0299207 0.0441910 0.0319926 0.0445356 0.0307007 0.0311126 0.0298065 0.0391393 0.0317289 0.0453988 0.0470385 0.0486313 0.0321675 0.0432372 0.0435236 0.0432362 0.0434802 0.0475641 0.0432328 0.0511347 0.0432662 0.0579042 0.0444616 0.0421260 0.0645192 0.0644265 0.0627812 0.0452008 0.0476335 0.0327247 0.0424841 0.0360798 0.0430348 0.0430210 0.0305179 0.0393661 0.0416457 0.0433375 0.0381165 0.0359929 0.0324041 0.0433318 0.0423489 0.0333317 0.0585066 0.0424579 0.0453829 0.0412345 0.0323168 0.0353283 0.0498380 0.0475768 0.0369236 0.0417297 0.0507226 0.0439641 0.0425359 0.0361283 0.0337145 0.0423829 0.0453559 0.0263370 0.0308059 0.0316707 0.0385543 0.0402736 0.0428047 0.0295164 0.0285524 0.0457246 0.0575582 0.0383733 0.0365216 0.0362438 0.0305892 0.0447493 0.0296173 0.0463991 0.0452604 0.0290027 0.0470819 0.0326688 0.0295011 0.0309974 0.0412001 0.0331559 0.0457636 0.0413102 0.0318964 0.0354324 0.0389415 0.0568599 0.0342192 0.0412998 0.0561261 0.0321352 0.0294907 0.0465832 0.0425346 0.0326759 0.0434276 0.0488223 0.0385760 0.0300201 0.0304707 0.0427856 0.0388557 0.0378299 0.0479630 0.0309964 0.0450313 0.0332593 0.0342424 0.0304416 0.0404684 0.0487305 0.0453419 0.0346111 0.0462871 0.0327927 0.0369295 0.0366858 0.0305472 0.0327325 0.0298417 0.0394038 0.0313349 0.0541530 0.0469489 0.0370931 0.0315365 0.0488388 0.0541831 0.0406716 0.0424419 0.0282974 0.0325287 0.0331897 0.0325278 0.0324124 0.0337296 0.0407083 0.0431636 0.0390596 0.0507589 0.0319896 0.0389421 0.0461181 0.0439245 0.0319693 0.0659430 0.0332282 0.0380555 0.0338218 0.0446476 0.0420292 0.0542718 0.0300067 0.0298384 0.0302895 0.0321452 0.0498801 0.0321251 0.0459516 0.0458902 0.0408938 0.0418093 0.1079479 0.1045535 0.0418721 0.0480858 0.0466924 0.0384081 0.0325356 0.0429508 
I0187_115_Trogonidae_Trogon_elegans                       0.0284681 0.0390518 0.0000000 0.0366263 0.0401231 0.0119851 0.0446317 0.0320855 0.0551148 0.0485145 0.0315824 0.0414843 0.0398666 0.0413329 0.0436081 0.0333738 0.0235806 0.0427404 0.0277259 0.0414061 0.0299669 0.0425186 0.0281589 0.0296096 0.0275179 0.0364492 0.0296882 0.0482715 0.0463421 0.0466242 0.0296582 0.0417096 0.0420950 0.0403518 0.0418872 0.0460026 0.0406507 0.0498042 0.0421302 0.0563935 0.0430465 0.0400216 0.0614425 0.0605471 0.0600847 0.0445000 0.0484182 0.0397061 0.0406338 0.0340156 0.0407813 0.0415927 0.0289973 0.0379008 0.0401477 0.0412081 0.0364301 0.0343422 0.0303855 0.0413381 0.0397091 0.0312814 0.0563768 0.0397023 0.0430690 0.0389598 0.0298844 0.0336629 0.0478167 0.0453145 0.0351466 0.0452877 0.0490614 0.0423339 0.0406410 0.0340182 0.0316878 0.0410052 0.0481958 0.0266026 0.0286744 0.0306461 0.0365863 0.0410502 0.0452220 0.0286248 0.0264474 0.0437623 0.0555462 0.0385594 0.0347969 0.0336617 0.0284676 0.0423993 0.0335935 0.0441720 0.0473514 0.0276059 0.0460658 0.0306643 0.0274010 0.0296151 0.0380720 0.0393857 0.0427286 0.0381576 0.0298451 0.0339222 0.0369796 0.0551946 0.0329747 0.0388501 0.0534405 0.0301387 0.0274710 0.0437701 0.0403746 0.0307585 0.0425986 0.0476467 0.0366435 0.0278067 0.0280256 0.0406427 0.0358402 0.0363749 0.0467664 0.0291291 0.0457626 0.0315937 0.0339389 0.0276165 0.0390276 0.0502117 0.0446370 0.0325837 0.0428989 0.0316693 0.0367944 0.0349640 0.0277373 0.0306227 0.0275300 0.0378815 0.0301003 0.0524018 0.0436247 0.0349104 0.0295839 0.0443527 0.0525017 0.0387805 0.0407915 0.0261496 0.0308346 0.0320331 0.0304632 0.0310415 0.0319411 0.0391200 0.0413476 0.0376579 0.0491020 0.0316682 0.0375902 0.0440856 0.0421282 0.0311348 0.0627173 0.0313222 0.0348922 0.0319298 0.0434526 0.0410213 0.0516798 0.0270217 0.0271442 0.0282936 0.0297248 0.0486689 0.0306937 0.0456219 0.0446390 0.0398517 0.0399275 0.1038685 0.1011307 0.0407492 0.0471005 0.0456541 0.0378427 0.0334419 0.0419450 
I0188_135_Apodidae_Streptoprocne_zonaris                  0.0273027 0.0394230 0.0366263 0.0000000 0.0393654 0.0343662 0.0421454 0.0302085 0.0541652 0.0475210 0.0301696 0.0397756 0.0392906 0.0433246 0.0419028 0.0304584 0.0222969 0.0421520 0.0248457 0.0411270 0.0277332 0.0416038 0.0267043 0.0270677 0.0248946 0.0347606 0.0262891 0.0467305 0.0450131 0.0466381 0.0278456 0.0404281 0.0401171 0.0322091 0.0334293 0.0440488 0.0391678 0.0489028 0.0400374 0.0558180 0.0421012 0.0387679 0.0617503 0.0604037 0.0589366 0.0435712 0.0476000 0.0395002 0.0362101 0.0321066 0.0402819 0.0397838 0.0261002 0.0358933 0.0389786 0.0400560 0.0352536 0.0304879 0.0278178 0.0408821 0.0158156 0.0290847 0.0561621 0.0389740 0.0421591 0.0387038 0.0268450 0.0294966 0.0477178 0.0439734 0.0306125 0.0435220 0.0469870 0.0417412 0.0399868 0.0330232 0.0293117 0.0392344 0.0470239 0.0255784 0.0280989 0.0282604 0.0351366 0.0414244 0.0444998 0.0257399 0.0255444 0.0351849 0.0539501 0.0364010 0.0329821 0.0316099 0.0249793 0.0411365 0.0337900 0.0429240 0.0460956 0.0257918 0.0444302 0.0277142 0.0266119 0.0265780 0.0370229 0.0398858 0.0415869 0.0370551 0.0263592 0.0311002 0.0355609 0.0544627 0.0295857 0.0381185 0.0527410 0.0271943 0.0244606 0.0430342 0.0396605 0.0273095 0.0399287 0.0455110 0.0344691 0.0247930 0.0249647 0.0400014 0.0148815 0.0345530 0.0432941 0.0267032 0.0459480 0.0293642 0.0277424 0.0248301 0.0365159 0.0499010 0.0415847 0.0283656 0.0421291 0.0289219 0.0336900 0.0328022 0.0246530 0.0284698 0.0254934 0.0370513 0.0274372 0.0504665 0.0435570 0.0323340 0.0266648 0.0442410 0.0501093 0.0378079 0.0394699 0.0229910 0.0274935 0.0294808 0.0282916 0.0291113 0.0288720 0.0352339 0.0376430 0.0367956 0.0480295 0.0293548 0.0368579 0.0431492 0.0417689 0.0287658 0.0620893 0.0289299 0.0338389 0.0284914 0.0425409 0.0397121 0.0504470 0.0253160 0.0256733 0.0253742 0.0291515 0.0457790 0.0289430 0.0442891 0.0431664 0.0378849 0.0395137 0.1050333 0.1020271 0.0394223 0.0461988 0.0444625 0.0349292 0.0333441 0.0398097 
I0189_225_Eurylaimidae_Smithornis_rufolateralis           0.0318780 0.0421070 0.0401231 0.0393654 0.0000000 0.0383966 0.0464004 0.0344571 0.0573451 0.0513400 0.0354769 0.0287987 0.0435132 0.0461340 0.0271244 0.0362057 0.0266445 0.0275425 0.0314683 0.0266897 0.0333223 0.0282246 0.0311590 0.0330338 0.0308031 0.0392164 0.0330141 0.0501326 0.0330559 0.0353102 0.0327463 0.0258131 0.0263808 0.0437138 0.0445541 0.0337570 0.0255062 0.0524440 0.0264069 0.0567491 0.0272701 0.0242039 0.0641999 0.0625182 0.0623559 0.0322872 0.0507573 0.0435413 0.0428484 0.0368455 0.0267547 0.0264134 0.0324329 0.0391164 0.0245614 0.0263369 0.0396890 0.0368166 0.0335301 0.0264505 0.0413738 0.0335274 0.0581995 0.0250055 0.0441752 0.0422096 0.0326246 0.0354692 0.0501837 0.0479437 0.0366300 0.0476665 0.0505308 0.0275933 0.0253116 0.0375045 0.0338423 0.0245921 0.0510369 0.0287538 0.0326426 0.0344148 0.0379342 0.0449533 0.0477357 0.0312459 0.0298315 0.0453525 0.0566592 0.0400825 0.0364654 0.0367865 0.0316331 0.0443386 0.0375735 0.0459466 0.0488651 0.0312813 0.0476377 0.0343371 0.0311121 0.0330868 0.0423596 0.0430174 0.0453532 0.0421916 0.0334281 0.0369643 0.0389669 0.0557513 0.0362110 0.0416287 0.0544458 0.0326475 0.0302380 0.0294463 0.0435623 0.0332180 0.0291476 0.0487874 0.0378862 0.0318638 0.0310627 0.0191169 0.0390336 0.0381666 0.0475621 0.0325484 0.0489216 0.0349154 0.0363755 0.0314213 0.0427499 0.0529130 0.0468624 0.0355760 0.0229313 0.0345900 0.0396880 0.0369865 0.0311655 0.0343907 0.0321042 0.0397188 0.0330025 0.0538673 0.0484869 0.0380039 0.0331642 0.0495677 0.0542695 0.0281574 0.0250667 0.0299541 0.0338737 0.0347035 0.0338765 0.0332929 0.0355525 0.0414728 0.0438084 0.0387605 0.0515904 0.0348553 0.0390016 0.0290139 0.0269276 0.0344914 0.0661004 0.0349388 0.0388763 0.0347341 0.0210521 0.0286233 0.0531958 0.0309004 0.0304870 0.0323795 0.0332955 0.0498789 0.0329291 0.0329130 0.0320654 0.0272611 0.0156975 0.1057857 0.1020129 0.0290284 0.0347772 0.0326743 0.0399526 0.0368727 0.0315664 
I0190_295_Trogonidae_Apaloderma_aequatoriale              0.0275146 0.0382452 0.0119851 0.0343662 0.0383966 0.0000000 0.0434020 0.0306601 0.0539122 0.0472527 0.0306884 0.0398951 0.0389149 0.0406085 0.0419876 0.0318916 0.0223116 0.0407652 0.0266867 0.0398650 0.0289803 0.0412952 0.0269687 0.0285959 0.0269441 0.0345605 0.0283500 0.0474830 0.0444833 0.0457069 0.0287530 0.0400217 0.0399297 0.0386829 0.0399936 0.0439866 0.0391797 0.0488352 0.0402278 0.0553676 0.0416346 0.0382352 0.0604993 0.0598522 0.0592415 0.0438654 0.0470115 0.0393581 0.0390234 0.0325687 0.0395463 0.0402595 0.0284797 0.0358984 0.0385739 0.0398709 0.0348670 0.0326680 0.0296053 0.0395032 0.0381735 0.0299308 0.0557956 0.0376795 0.0418261 0.0380357 0.0289145 0.0327807 0.0472103 0.0441806 0.0331355 0.0443726 0.0482101 0.0411668 0.0389876 0.0336588 0.0303229 0.0390521 0.0469873 0.0249520 0.0277321 0.0296120 0.0349818 0.0405134 0.0437943 0.0275416 0.0255828 0.0421424 0.0544954 0.0369956 0.0332923 0.0326535 0.0273628 0.0410083 0.0326822 0.0425573 0.0460794 0.0267695 0.0449112 0.0291925 0.0262902 0.0285933 0.0366574 0.0387874 0.0424899 0.0371527 0.0284087 0.0325690 0.0352997 0.0544165 0.0317460 0.0381189 0.0522066 0.0287154 0.0263956 0.0421779 0.0398760 0.0298556 0.0413977 0.0466577 0.0344499 0.0266780 0.0269035 0.0386932 0.0346977 0.0351423 0.0460055 0.0280513 0.0448591 0.0306931 0.0323025 0.0268335 0.0378309 0.0494984 0.0427833 0.0312835 0.0419554 0.0302551 0.0354036 0.0333358 0.0269969 0.0300893 0.0266938 0.0373566 0.0286650 0.0505974 0.0431421 0.0338579 0.0284071 0.0436546 0.0514004 0.0378003 0.0389481 0.0253244 0.0296416 0.0311967 0.0298559 0.0296739 0.0310249 0.0377217 0.0399450 0.0372510 0.0478631 0.0305308 0.0370786 0.0424538 0.0405988 0.0300388 0.0617798 0.0305925 0.0338012 0.0308285 0.0415339 0.0395041 0.0507763 0.0264086 0.0262347 0.0275836 0.0292754 0.0477516 0.0293998 0.0445716 0.0433863 0.0383889 0.0385058 0.1021299 0.0999112 0.0392999 0.0454765 0.0443239 0.0366944 0.0327726 0.0410753 
I0191_344_Indicatoridae_Indicator_exilis                  0.0353516 0.0423086 0.0446317 0.0421454 0.0464004 0.0434020 0.0000000 0.0377877 0.0552466 0.0269391 0.0388019 0.0451780 0.0441079 0.0454721 0.0498567 0.0389958 0.0308718 0.0500592 0.0341987 0.0492152 0.0372558 0.0499257 0.0346469 0.0362058 0.0343538 0.0438627 0.0357214 0.0199166 0.0507064 0.0523203 0.0367577 0.0495085 0.0485953 0.0470444 0.0471872 0.0498524 0.0476422 0.0570266 0.0486878 0.0632876 0.0499548 0.0466305 0.0684998 0.0676306 0.0664977 0.0488950 0.0500997 0.0406441 0.0449781 0.0402004 0.0476895 0.0484068 0.0350543 0.0437635 0.0471186 0.0482886 0.0437474 0.0402911 0.0370711 0.0490222 0.0454132 0.0378897 0.0630661 0.0472969 0.0497256 0.0465542 0.0363787 0.0407331 0.0549116 0.0520557 0.0405464 0.0168532 0.0560832 0.0493947 0.0472836 0.0406288 0.0380551 0.0473904 0.0276257 0.0297120 0.0362238 0.0370793 0.0431601 0.0430550 0.0459158 0.0343261 0.0341575 0.0495783 0.0618663 0.0444484 0.0407212 0.0406841 0.0351905 0.0502739 0.0381170 0.0511822 0.0257685 0.0346127 0.0526210 0.0378817 0.0337933 0.0358982 0.0456100 0.0417386 0.0475048 0.0453688 0.0364225 0.0403017 0.0429817 0.0624502 0.0390746 0.0473263 0.0604026 0.0364645 0.0336224 0.0512991 0.0461884 0.0376051 0.0467412 0.0541371 0.0424439 0.0344561 0.0349687 0.0466114 0.0425801 0.0422154 0.0521106 0.0358878 0.0484863 0.0382130 0.0399062 0.0350788 0.0451986 0.0299563 0.0500905 0.0386781 0.0496485 0.0381882 0.0427170 0.0410050 0.0351805 0.0377416 0.0351616 0.0438817 0.0364306 0.0582148 0.0515139 0.0407528 0.0355842 0.0532003 0.0584818 0.0447797 0.0477167 0.0333869 0.0372698 0.0391463 0.0369282 0.0362491 0.0382353 0.0445536 0.0447579 0.0442002 0.0561920 0.0375587 0.0435469 0.0501951 0.0497390 0.0372467 0.0696489 0.0378584 0.0433804 0.0380128 0.0495123 0.0457856 0.0597533 0.0339340 0.0335938 0.0354324 0.0368265 0.0548403 0.0363838 0.0493660 0.0484055 0.0434479 0.0466934 0.1086039 0.1050540 0.0458865 0.0513356 0.0499857 0.0434188 0.0386609 0.0472161 
I0192_375_Musophagidae_Tauraco_macrorhynchus              0.0221784 0.0339474 0.0320855 0.0302085 0.0344571 0.0306601 0.0377877 0.0000000 0.0500648 0.0428970 0.0145752 0.0355176 0.0341299 0.0364690 0.0381388 0.0268400 0.0176019 0.0377294 0.0202249 0.0366559 0.0231911 0.0370281 0.0227795 0.0228186 0.0197967 0.0307992 0.0221874 0.0419405 0.0404571 0.0420269 0.0234627 0.0364862 0.0361437 0.0349469 0.0355163 0.0397678 0.0345149 0.0445643 0.0367535 0.0507673 0.0382028 0.0347224 0.0553004 0.0551333 0.0538993 0.0392799 0.0427769 0.0348940 0.0327622 0.0278272 0.0364778 0.0364157 0.0206379 0.0322600 0.0348436 0.0364942 0.0314376 0.0276756 0.0226691 0.0366464 0.0341280 0.0245047 0.0514896 0.0354299 0.0377824 0.0327945 0.0224518 0.0271745 0.0430388 0.0392654 0.0284426 0.0386188 0.0417992 0.0373693 0.0359470 0.0275414 0.0247339 0.0353949 0.0430649 0.0215614 0.0223825 0.0233845 0.0306951 0.0360071 0.0393948 0.0202854 0.0196783 0.0371362 0.0497153 0.0321640 0.0291976 0.0264124 0.0204963 0.0362747 0.0289256 0.0386253 0.0414467 0.0195707 0.0400206 0.0231499 0.0213672 0.0224708 0.0333029 0.0343756 0.0375281 0.0332640 0.0221769 0.0262960 0.0317440 0.0500703 0.0254823 0.0323563 0.0486030 0.0229067 0.0192290 0.0389164 0.0343489 0.0233605 0.0367774 0.0403871 0.0311701 0.0210196 0.0213223 0.0356094 0.0302487 0.0305507 0.0391393 0.0216916 0.0431061 0.0250651 0.0275880 0.0206536 0.0320237 0.0457524 0.0373381 0.0255642 0.0383359 0.0243308 0.0303949 0.0293358 0.0207411 0.0232741 0.0209985 0.0313446 0.0226588 0.0471289 0.0395405 0.0292526 0.0224596 0.0412183 0.0450243 0.0342897 0.0356717 0.0189295 0.0234164 0.0245472 0.0231012 0.0231850 0.0246175 0.0316873 0.0330918 0.0317079 0.0439537 0.0252561 0.0314347 0.0389694 0.0375920 0.0247521 0.0571278 0.0240161 0.0298681 0.0244055 0.0379833 0.0351057 0.0465878 0.0193887 0.0213460 0.0211327 0.0242219 0.0415976 0.0230666 0.0401868 0.0384931 0.0343374 0.0352608 0.0992784 0.0956070 0.0351673 0.0420648 0.0399604 0.0323257 0.0281358 0.0364407 
I0194_495_Alcedinidae_Alcedo_quadribrachys                0.0475559 0.0429993 0.0551148 0.0541652 0.0573451 0.0539122 0.0552466 0.0500648 0.0000000 0.0581647 0.0510833 0.0577873 0.0534685 0.0494304 0.0590873 0.0513126 0.0421522 0.0580712 0.0467095 0.0587698 0.0486945 0.0604692 0.0462419 0.0486286 0.0462887 0.0532259 0.0478007 0.0586902 0.0615609 0.0626612 0.0482289 0.0572078 0.0563655 0.0575592 0.0573889 0.0619895 0.0570960 0.0680225 0.0562330 0.0725715 0.0580771 0.0545711 0.0742789 0.0760050 0.0754116 0.0593941 0.0620718 0.0481728 0.0572445 0.0511432 0.0588188 0.0570082 0.0473177 0.0554054 0.0541874 0.0567613 0.0536656 0.0527419 0.0492907 0.0567430 0.0572749 0.0487470 0.0732245 0.0559174 0.0625613 0.0582265 0.0484774 0.0514949 0.0638137 0.0665452 0.0528797 0.0547654 0.0657679 0.0604540 0.0559647 0.0519707 0.0494087 0.0559790 0.0582355 0.0388217 0.0481797 0.0495351 0.0542044 0.0535347 0.0563929 0.0469492 0.0449897 0.0583242 0.0731299 0.0546253 0.0527507 0.0522943 0.0467480 0.0615284 0.0460591 0.0642842 0.0574502 0.0463263 0.0646646 0.0492257 0.0463288 0.0478815 0.0539688 0.0468326 0.0563674 0.0538481 0.0481769 0.0508336 0.0548338 0.0719990 0.0506475 0.0577843 0.0715268 0.0481444 0.0459159 0.0615700 0.0556660 0.0491723 0.0565049 0.0647156 0.0539822 0.0476480 0.0473060 0.0579786 0.0531852 0.0535110 0.0641390 0.0480954 0.0602607 0.0505859 0.0516165 0.0472637 0.0519093 0.0606192 0.0603579 0.0518281 0.0606025 0.0501350 0.0536859 0.0512257 0.0472053 0.0493058 0.0473780 0.0529804 0.0482208 0.0695817 0.0618178 0.0499369 0.0483204 0.0636026 0.0697674 0.0563070 0.0551204 0.0452904 0.0489275 0.0503390 0.0487260 0.0488740 0.0492827 0.0563785 0.0547771 0.0532540 0.0664205 0.0494569 0.0526906 0.0619362 0.0572116 0.0492191 0.0754323 0.0504080 0.0522416 0.0493299 0.0585064 0.0565821 0.0694049 0.0465158 0.0467441 0.0474763 0.0476647 0.0661579 0.0484197 0.0592405 0.0618954 0.0549457 0.0565917 0.1214481 0.1169716 0.0563864 0.0610343 0.0614184 0.0551872 0.0488467 0.0565746 
I0195_522_Ramphastidae_Buccanodon_duchaillui              0.0402756 0.0454791 0.0485145 0.0475210 0.0513400 0.0472527 0.0269391 0.0428970 0.0581647 0.0000000 0.0434167 0.0497654 0.0472159 0.0500724 0.0535563 0.0440111 0.0351386 0.0540280 0.0394925 0.0536713 0.0422106 0.0536616 0.0393324 0.0412284 0.0389479 0.0475849 0.0400935 0.0301168 0.0549181 0.0568468 0.0402359 0.0531452 0.0526729 0.0511211 0.0512516 0.0535275 0.0515412 0.0621179 0.0528543 0.0666117 0.0543687 0.0506347 0.0721323 0.0721757 0.0705503 0.0532018 0.0533327 0.0419948 0.0482064 0.0444981 0.0520828 0.0529542 0.0403763 0.0479197 0.0510328 0.0517548 0.0481897 0.0451777 0.0418792 0.0530155 0.0497903 0.0426496 0.0665868 0.0507106 0.0541525 0.0512135 0.0418728 0.0450032 0.0581317 0.0572779 0.0454353 0.0276801 0.0604936 0.0532892 0.0513073 0.0447770 0.0427564 0.0512806 0.0209578 0.0332066 0.0412619 0.0418732 0.0474399 0.0465139 0.0490777 0.0398021 0.0390893 0.0534885 0.0662095 0.0479227 0.0453325 0.0451659 0.0400881 0.0539715 0.0421686 0.0561272 0.0199570 0.0384532 0.0572996 0.0416688 0.0390286 0.0410877 0.0489863 0.0457736 0.0511299 0.0490762 0.0407641 0.0445734 0.0477875 0.0659286 0.0448459 0.0511164 0.0642364 0.0410957 0.0388895 0.0558221 0.0509381 0.0425277 0.0511481 0.0586546 0.0473550 0.0404572 0.0399072 0.0504535 0.0471831 0.0473778 0.0567321 0.0402548 0.0527687 0.0427826 0.0444991 0.0401186 0.0493690 0.0236273 0.0543222 0.0431419 0.0538106 0.0421615 0.0468766 0.0450307 0.0401357 0.0420113 0.0403834 0.0475464 0.0408281 0.0624149 0.0546706 0.0446654 0.0410781 0.0562775 0.0636741 0.0494701 0.0519655 0.0385599 0.0423358 0.0430331 0.0422997 0.0410816 0.0435398 0.0489772 0.0494396 0.0482444 0.0602740 0.0419262 0.0477333 0.0551120 0.0538039 0.0416752 0.0729531 0.0416650 0.0472290 0.0420841 0.0538583 0.0503049 0.0634979 0.0391336 0.0382874 0.0400744 0.0416129 0.0596344 0.0411215 0.0548977 0.0533115 0.0487419 0.0511998 0.1112303 0.1091431 0.0502343 0.0556663 0.0540992 0.0473656 0.0420429 0.0522934 
I0196_523_Musophagidae_Corythaeola_cristata               0.0217742 0.0347226 0.0315824 0.0301696 0.0354769 0.0306884 0.0388019 0.0145752 0.0510833 0.0434167 0.0000000 0.0357994 0.0351167 0.0374847 0.0377339 0.0258124 0.0172571 0.0384137 0.0202902 0.0372610 0.0231729 0.0373715 0.0226627 0.0222562 0.0198436 0.0308209 0.0221021 0.0426810 0.0410501 0.0429240 0.0232764 0.0374115 0.0369333 0.0349834 0.0354813 0.0404281 0.0347408 0.0445541 0.0375739 0.0510855 0.0379558 0.0354775 0.0555812 0.0552576 0.0546106 0.0392851 0.0429139 0.0347171 0.0327660 0.0279254 0.0365982 0.0369306 0.0210950 0.0321398 0.0350793 0.0366132 0.0302880 0.0273441 0.0226421 0.0371026 0.0330176 0.0244898 0.0521951 0.0358899 0.0376057 0.0333325 0.0219365 0.0264797 0.0420929 0.0385360 0.0282139 0.0400080 0.0414717 0.0374286 0.0364488 0.0274150 0.0250184 0.0358101 0.0432866 0.0219181 0.0222662 0.0230526 0.0306574 0.0362660 0.0399335 0.0205908 0.0196046 0.0372731 0.0503534 0.0315055 0.0290117 0.0264627 0.0196682 0.0357250 0.0286305 0.0378024 0.0418004 0.0202735 0.0392992 0.0230701 0.0210721 0.0214545 0.0337365 0.0342790 0.0375352 0.0337220 0.0221921 0.0267346 0.0318438 0.0502784 0.0254265 0.0326254 0.0486819 0.0221807 0.0196780 0.0389919 0.0340281 0.0226159 0.0369824 0.0403864 0.0307859 0.0206679 0.0202139 0.0354058 0.0300218 0.0309382 0.0381217 0.0216866 0.0416178 0.0245986 0.0272523 0.0198632 0.0330126 0.0471002 0.0374413 0.0255934 0.0384324 0.0241429 0.0293782 0.0287315 0.0198779 0.0234220 0.0199593 0.0318358 0.0227098 0.0469637 0.0391261 0.0290834 0.0215846 0.0407523 0.0447160 0.0336811 0.0360101 0.0185971 0.0238075 0.0247006 0.0232101 0.0231435 0.0248625 0.0309565 0.0331151 0.0321237 0.0439923 0.0244986 0.0319227 0.0390107 0.0378676 0.0239459 0.0574309 0.0238348 0.0298098 0.0244914 0.0375885 0.0355614 0.0465722 0.0197618 0.0210121 0.0210698 0.0242580 0.0413815 0.0228295 0.0405836 0.0388621 0.0342980 0.0356134 0.1000337 0.0963465 0.0355705 0.0421399 0.0405591 0.0311232 0.0286252 0.0365813 
I0197_832_Corvidae_Corvus_albus                           0.0321294 0.0420389 0.0414843 0.0397756 0.0287987 0.0398951 0.0451780 0.0355176 0.0577873 0.0497654 0.0357994 0.0000000 0.0430896 0.0463766 0.0307886 0.0361185 0.0277549 0.0305164 0.0309767 0.0303200 0.0335907 0.0315781 0.0314649 0.0333371 0.0312613 0.0403799 0.0328016 0.0484889 0.0187286 0.0216323 0.0331365 0.0295081 0.0289072 0.0438798 0.0440498 0.0193732 0.0289533 0.0526263 0.0286973 0.0595179 0.0302799 0.0271727 0.0643620 0.0625018 0.0618406 0.0179522 0.0499895 0.0432408 0.0430923 0.0369169 0.0305925 0.0295064 0.0319611 0.0403250 0.0270105 0.0297982 0.0408447 0.0373556 0.0334528 0.0301486 0.0419783 0.0338447 0.0598211 0.0280599 0.0461479 0.0437274 0.0327394 0.0362809 0.0511410 0.0496225 0.0373575 0.0451464 0.0510400 0.0311389 0.0282653 0.0375005 0.0340848 0.0275778 0.0501968 0.0285064 0.0319835 0.0338003 0.0379458 0.0452246 0.0483956 0.0310134 0.0308142 0.0455908 0.0580986 0.0402526 0.0371097 0.0368098 0.0316371 0.0458666 0.0372392 0.0473961 0.0478483 0.0314881 0.0490835 0.0336657 0.0310301 0.0332270 0.0415264 0.0421217 0.0455034 0.0419524 0.0330111 0.0363097 0.0389692 0.0582041 0.0366082 0.0431787 0.0559615 0.0333026 0.0305733 0.0325920 0.0445038 0.0336986 0.0209787 0.0493328 0.0385933 0.0315425 0.0316435 0.0301847 0.0395216 0.0382651 0.0479047 0.0319145 0.0488543 0.0350238 0.0359878 0.0316590 0.0420446 0.0510907 0.0462888 0.0358490 0.0329335 0.0342040 0.0398771 0.0372919 0.0317001 0.0337999 0.0319107 0.0407919 0.0328062 0.0535721 0.0472419 0.0381600 0.0328641 0.0484426 0.0533403 0.0201372 0.0278096 0.0300197 0.0336123 0.0343301 0.0337327 0.0338111 0.0356094 0.0411779 0.0435360 0.0399384 0.0520903 0.0341575 0.0401841 0.0326967 0.0299225 0.0341605 0.0657843 0.0341094 0.0388513 0.0352732 0.0317395 0.0194115 0.0550915 0.0311769 0.0303213 0.0327411 0.0337429 0.0498408 0.0335406 0.0192845 0.0179563 0.0089301 0.0290100 0.1052927 0.1028419 0.0196532 0.0206237 0.0181992 0.0394244 0.0370057 0.0308483 
I0198_937_Bucerotidae_Tockus_camurus                      0.0319429 0.0385976 0.0398666 0.0392906 0.0435132 0.0389149 0.0441079 0.0341299 0.0534685 0.0472159 0.0351167 0.0430896 0.0000000 0.0419865 0.0468096 0.0357074 0.0271933 0.0457312 0.0309342 0.0447417 0.0334814 0.0457085 0.0317141 0.0329675 0.0314954 0.0396302 0.0326600 0.0473035 0.0488084 0.0502248 0.0329358 0.0442364 0.0453890 0.0437319 0.0444056 0.0477508 0.0436243 0.0534728 0.0453237 0.0608565 0.0458227 0.0432813 0.0654384 0.0643534 0.0635617 0.0474320 0.0456567 0.0409888 0.0419751 0.0366219 0.0445047 0.0447730 0.0320289 0.0411468 0.0429470 0.0447490 0.0401179 0.0387002 0.0344527 0.0452056 0.0423714 0.0342299 0.0610534 0.0433211 0.0474101 0.0437634 0.0336656 0.0366910 0.0516722 0.0493627 0.0374305 0.0443319 0.0519486 0.0457995 0.0440773 0.0378938 0.0344752 0.0439607 0.0480621 0.0283739 0.0321745 0.0338117 0.0398234 0.0423952 0.0458727 0.0314961 0.0297091 0.0465142 0.0592503 0.0403951 0.0376736 0.0380409 0.0319992 0.0464245 0.0353160 0.0487493 0.0471014 0.0307817 0.0500874 0.0342527 0.0310594 0.0333351 0.0424707 0.0406542 0.0460305 0.0417356 0.0330831 0.0361923 0.0405726 0.0590055 0.0369193 0.0439481 0.0583107 0.0339385 0.0310244 0.0473754 0.0440551 0.0340826 0.0448890 0.0503547 0.0403695 0.0314775 0.0322414 0.0439398 0.0387647 0.0392410 0.0498587 0.0326936 0.0446957 0.0350376 0.0365231 0.0318329 0.0424754 0.0490631 0.0472169 0.0363036 0.0468945 0.0340334 0.0385639 0.0375062 0.0316439 0.0342738 0.0319814 0.0401852 0.0331211 0.0556989 0.0485477 0.0379175 0.0335246 0.0500302 0.0554088 0.0417155 0.0437996 0.0293812 0.0339906 0.0353116 0.0344741 0.0331898 0.0353079 0.0415782 0.0428800 0.0403497 0.0530484 0.0347696 0.0403821 0.0479347 0.0456392 0.0337662 0.0663746 0.0349640 0.0388616 0.0342899 0.0473716 0.0436233 0.0563329 0.0312739 0.0308477 0.0321813 0.0332996 0.0518538 0.0326801 0.0479301 0.0468673 0.0424945 0.0443322 0.1052022 0.1016283 0.0436268 0.0500163 0.0480589 0.0404331 0.0158534 0.0451478 
I0199_955_Meropidae_Merops_muelleri                       0.0340943 0.0376743 0.0413329 0.0433246 0.0461340 0.0406085 0.0454721 0.0364690 0.0494304 0.0500724 0.0374847 0.0463766 0.0419865 0.0000000 0.0477539 0.0388122 0.0295843 0.0458591 0.0342161 0.0462866 0.0360012 0.0485230 0.0345004 0.0355376 0.0336407 0.0429606 0.0348563 0.0488720 0.0503776 0.0506939 0.0358580 0.0457491 0.0456608 0.0465528 0.0473326 0.0502110 0.0459571 0.0547716 0.0460240 0.0611916 0.0472698 0.0441140 0.0651247 0.0658202 0.0651926 0.0487823 0.0506573 0.0406804 0.0452105 0.0391171 0.0465766 0.0457346 0.0342319 0.0427172 0.0440602 0.0463222 0.0435979 0.0404697 0.0363292 0.0455752 0.0460734 0.0367710 0.0615342 0.0438888 0.0473476 0.0442037 0.0358259 0.0396110 0.0512419 0.0509916 0.0393205 0.0463274 0.0554011 0.0477938 0.0447199 0.0400217 0.0371986 0.0449260 0.0492335 0.0290562 0.0346370 0.0355359 0.0419873 0.0439131 0.0438277 0.0346356 0.0325828 0.0495698 0.0599963 0.0431619 0.0401955 0.0394248 0.0339471 0.0471018 0.0333070 0.0489900 0.0485640 0.0332042 0.0498621 0.0363355 0.0332249 0.0353662 0.0436444 0.0367489 0.0483552 0.0441707 0.0350555 0.0402198 0.0427868 0.0598658 0.0386032 0.0451703 0.0587464 0.0364230 0.0336083 0.0495073 0.0462103 0.0359141 0.0467425 0.0539138 0.0417799 0.0343423 0.0340982 0.0459659 0.0417089 0.0416410 0.0522318 0.0353748 0.0496147 0.0372855 0.0389860 0.0338006 0.0440284 0.0512332 0.0500577 0.0390960 0.0493136 0.0370530 0.0414239 0.0414409 0.0336326 0.0359955 0.0337949 0.0429960 0.0351536 0.0573175 0.0502856 0.0408523 0.0354850 0.0515112 0.0592194 0.0447972 0.0448293 0.0323987 0.0367318 0.0383252 0.0362445 0.0360261 0.0378145 0.0448751 0.0457201 0.0430791 0.0538282 0.0368344 0.0426045 0.0490821 0.0466983 0.0360412 0.0671206 0.0367152 0.0418697 0.0373253 0.0485285 0.0459698 0.0566836 0.0340226 0.0332401 0.0346703 0.0357060 0.0534996 0.0358324 0.0484466 0.0490780 0.0441074 0.0453995 0.1134783 0.1088918 0.0459496 0.0504639 0.0484145 0.0424767 0.0367485 0.0455651 
I0200_988_Furnariidae_Furnarius_rufus                     0.0348350 0.0450935 0.0436081 0.0419028 0.0271244 0.0419876 0.0498567 0.0381388 0.0590873 0.0535563 0.0377339 0.0307886 0.0468096 0.0477539 0.0000000 0.0392219 0.0298970 0.0250862 0.0337765 0.0254177 0.0362940 0.0224078 0.0342892 0.0362860 0.0334120 0.0411874 0.0356967 0.0530406 0.0346306 0.0363526 0.0363112 0.0246321 0.0249304 0.0450444 0.0466581 0.0354237 0.0129769 0.0541267 0.0245375 0.0597021 0.0255028 0.0223221 0.0661382 0.0650002 0.0649988 0.0341950 0.0527564 0.0456674 0.0456272 0.0388494 0.0209798 0.0243268 0.0348317 0.0414942 0.0222300 0.0121299 0.0414749 0.0389889 0.0359542 0.0241722 0.0446167 0.0369612 0.0607448 0.0236485 0.0473037 0.0446587 0.0351663 0.0385608 0.0520744 0.0503441 0.0395415 0.0508609 0.0537182 0.0221772 0.0238824 0.0392531 0.0372213 0.0233943 0.0529773 0.0302155 0.0356283 0.0363830 0.0408851 0.0466868 0.0496577 0.0339886 0.0331471 0.0480928 0.0595191 0.0429538 0.0393578 0.0393425 0.0340047 0.0469109 0.0396892 0.0493856 0.0519126 0.0346228 0.0505844 0.0367683 0.0334762 0.0353952 0.0448605 0.0451828 0.0479038 0.0447219 0.0360988 0.0393699 0.0413512 0.0580418 0.0387369 0.0445214 0.0576198 0.0357425 0.0330252 0.0239446 0.0457159 0.0362975 0.0314084 0.0524426 0.0403153 0.0340825 0.0335094 0.0267618 0.0421436 0.0401761 0.0509682 0.0351634 0.0509794 0.0375556 0.0379882 0.0334425 0.0449973 0.0563620 0.0494059 0.0383311 0.0302674 0.0373854 0.0416798 0.0408242 0.0334111 0.0363618 0.0338274 0.0429578 0.0360021 0.0559722 0.0507520 0.0416748 0.0349948 0.0512532 0.0579378 0.0299017 0.0229419 0.0322216 0.0363012 0.0371361 0.0367482 0.0366069 0.0386763 0.0443923 0.0468895 0.0420659 0.0533625 0.0376768 0.0422826 0.0228119 0.0246781 0.0367873 0.0665430 0.0364085 0.0412328 0.0381318 0.0272828 0.0311968 0.0558521 0.0339036 0.0324962 0.0349364 0.0361626 0.0532826 0.0356213 0.0344338 0.0342227 0.0291323 0.0261298 0.1095378 0.1063151 0.0314066 0.0360685 0.0344849 0.0430849 0.0400137 0.0336654 
I0201_999_Scolopacidae_Tringa_solitaria                   0.0228421 0.0335032 0.0333738 0.0304584 0.0362057 0.0318916 0.0389958 0.0268400 0.0513126 0.0440111 0.0258124 0.0361185 0.0357074 0.0388122 0.0392219 0.0000000 0.0180642 0.0396814 0.0213022 0.0387474 0.0185619 0.0391515 0.0227767 0.0189749 0.0212322 0.0311834 0.0192576 0.0431761 0.0421220 0.0436116 0.0237050 0.0378333 0.0374334 0.0343520 0.0353631 0.0409300 0.0367869 0.0444104 0.0380607 0.0508299 0.0389048 0.0358504 0.0572916 0.0573383 0.0558310 0.0396140 0.0434655 0.0347230 0.0339554 0.0284487 0.0381026 0.0374240 0.0226506 0.0326427 0.0359816 0.0384157 0.0314214 0.0282764 0.0240653 0.0385542 0.0339647 0.0254645 0.0518576 0.0364941 0.0376058 0.0339889 0.0234943 0.0269787 0.0436615 0.0401545 0.0288973 0.0399760 0.0430778 0.0391589 0.0375575 0.0288939 0.0255148 0.0363963 0.0441256 0.0216942 0.0230310 0.0185524 0.0313389 0.0361607 0.0405126 0.0216049 0.0210048 0.0373044 0.0500784 0.0208185 0.0290884 0.0274540 0.0216474 0.0371431 0.0291464 0.0388603 0.0427581 0.0212497 0.0402851 0.0200264 0.0217758 0.0233192 0.0343860 0.0356586 0.0379238 0.0347992 0.0193816 0.0281316 0.0315422 0.0498453 0.0263554 0.0344578 0.0481954 0.0238225 0.0209139 0.0413566 0.0348373 0.0233194 0.0376331 0.0414908 0.0305180 0.0218211 0.0218818 0.0365182 0.0301527 0.0306124 0.0396401 0.0225238 0.0426465 0.0201813 0.0280361 0.0216592 0.0335457 0.0468451 0.0383971 0.0268602 0.0391323 0.0204446 0.0195595 0.0286987 0.0215602 0.0241724 0.0219308 0.0321124 0.0179629 0.0427766 0.0406223 0.0283859 0.0233034 0.0422973 0.0464698 0.0346378 0.0365084 0.0197339 0.0235372 0.0250874 0.0247697 0.0249550 0.0260238 0.0318740 0.0354292 0.0330259 0.0440515 0.0080573 0.0320002 0.0411593 0.0390432 0.0085605 0.0582741 0.0245520 0.0304089 0.0257638 0.0393853 0.0361302 0.0464576 0.0211727 0.0221686 0.0222226 0.0246136 0.0425406 0.0243734 0.0411422 0.0392153 0.0349692 0.0359079 0.1005670 0.0975293 0.0359829 0.0430547 0.0403022 0.0197014 0.0291569 0.0366968 
I0202_1066_Cathartidae_Cathartes_burrovianus              0.0133856 0.0260041 0.0235806 0.0222969 0.0266445 0.0223116 0.0308718 0.0176019 0.0421522 0.0351386 0.0172571 0.0277549 0.0271933 0.0295843 0.0298970 0.0180642 0.0000000 0.0300420 0.0126004 0.0285039 0.0151072 0.0293475 0.0137457 0.0138984 0.0118111 0.0190645 0.0140959 0.0345287 0.0326528 0.0348457 0.0145456 0.0281140 0.0286111 0.0274719 0.0282244 0.0321996 0.0269094 0.0369679 0.0288150 0.0440740 0.0299985 0.0266427 0.0493760 0.0487347 0.0477339 0.0314632 0.0358880 0.0268067 0.0267563 0.0188442 0.0286940 0.0280637 0.0129349 0.0234612 0.0262399 0.0283464 0.0203684 0.0191647 0.0146702 0.0286206 0.0260322 0.0152231 0.0449768 0.0270511 0.0299844 0.0256062 0.0145746 0.0187511 0.0362958 0.0315363 0.0197908 0.0314750 0.0341076 0.0290144 0.0277195 0.0203215 0.0152821 0.0272960 0.0358422 0.0143838 0.0133736 0.0151262 0.0223368 0.0290498 0.0329716 0.0124157 0.0031645 0.0300242 0.0424768 0.0233423 0.0206104 0.0191680 0.0116711 0.0288156 0.0205358 0.0304271 0.0339952 0.0122526 0.0317454 0.0148310 0.0120721 0.0135607 0.0252138 0.0264135 0.0298617 0.0256965 0.0141346 0.0190740 0.0233277 0.0422059 0.0172684 0.0250806 0.0407292 0.0150155 0.0116533 0.0307858 0.0270544 0.0155224 0.0287253 0.0327039 0.0225603 0.0124303 0.0128424 0.0268423 0.0222302 0.0216339 0.0310475 0.0135692 0.0340376 0.0163721 0.0192931 0.0123049 0.0249449 0.0385806 0.0297951 0.0175872 0.0303055 0.0160110 0.0217712 0.0207439 0.0121356 0.0155693 0.0125642 0.0240064 0.0146212 0.0393429 0.0314732 0.0208219 0.0139734 0.0322615 0.0377439 0.0252690 0.0270511 0.0102985 0.0152369 0.0169779 0.0155042 0.0149543 0.0171579 0.0240613 0.0266944 0.0239449 0.0373633 0.0164556 0.0247889 0.0307787 0.0288593 0.0158053 0.0506981 0.0162178 0.0185641 0.0172794 0.0299844 0.0275561 0.0397221 0.0121740 0.0127834 0.0124349 0.0157371 0.0336143 0.0144544 0.0326162 0.0308131 0.0264595 0.0271927 0.0905370 0.0890408 0.0276796 0.0343281 0.0323721 0.0229510 0.0202673 0.0281636 
I0203_1087_Tyrannidae_Hymenops_perspicillatus             0.0349637 0.0442688 0.0427404 0.0421520 0.0275425 0.0407652 0.0500592 0.0377294 0.0580712 0.0540280 0.0384137 0.0305164 0.0457312 0.0458591 0.0250862 0.0396814 0.0300420 0.0000000 0.0337405 0.0081029 0.0354705 0.0262884 0.0339670 0.0361209 0.0334857 0.0421679 0.0353098 0.0534936 0.0341745 0.0340774 0.0362217 0.0142222 0.0140806 0.0458327 0.0466002 0.0351232 0.0239000 0.0546763 0.0133526 0.0605657 0.0132477 0.0136160 0.0672469 0.0660611 0.0661663 0.0330716 0.0529138 0.0456917 0.0458250 0.0388643 0.0253174 0.0135551 0.0348451 0.0421318 0.0128678 0.0249235 0.0418064 0.0396907 0.0361291 0.0059964 0.0450356 0.0366546 0.0608255 0.0121576 0.0482669 0.0454388 0.0359161 0.0388039 0.0524933 0.0509219 0.0397876 0.0502269 0.0549854 0.0258558 0.0132320 0.0402134 0.0371294 0.0127617 0.0532492 0.0309513 0.0356522 0.0361324 0.0403934 0.0472074 0.0497193 0.0337913 0.0328137 0.0475642 0.0597993 0.0425635 0.0393592 0.0399768 0.0343261 0.0473460 0.0398025 0.0492991 0.0517611 0.0338245 0.0512095 0.0366228 0.0337027 0.0354956 0.0445500 0.0444404 0.0477985 0.0442690 0.0363489 0.0398064 0.0416813 0.0588200 0.0386773 0.0452027 0.0576721 0.0362101 0.0333082 0.0276210 0.0448825 0.0367410 0.0320659 0.0532716 0.0405187 0.0340537 0.0339163 0.0273275 0.0413018 0.0405449 0.0516487 0.0349965 0.0511910 0.0374866 0.0380861 0.0337956 0.0449061 0.0562769 0.0491304 0.0381051 0.0301660 0.0359729 0.0421732 0.0411212 0.0343428 0.0366274 0.0337635 0.0431016 0.0356027 0.0557090 0.0506899 0.0417058 0.0355781 0.0517301 0.0593488 0.0285691 0.0140270 0.0325049 0.0358497 0.0377554 0.0363920 0.0364429 0.0378393 0.0445065 0.0463001 0.0423281 0.0545262 0.0379791 0.0422952 0.0265226 0.0076604 0.0372084 0.0686612 0.0369766 0.0414567 0.0379868 0.0269872 0.0301419 0.0561401 0.0339835 0.0325525 0.0348960 0.0361997 0.0540209 0.0357836 0.0338298 0.0333431 0.0289914 0.0259493 0.1100243 0.1072538 0.0303805 0.0354107 0.0340324 0.0430464 0.0399378 0.0343270 
I0204_1174_Threskiornithidae_Harpiprion_caerulescens      0.0173660 0.0299207 0.0277259 0.0248457 0.0314683 0.0266867 0.0341987 0.0202249 0.0467095 0.0394925 0.0202902 0.0309767 0.0309342 0.0342161 0.0337765 0.0213022 0.0126004 0.0337405 0.0000000 0.0330492 0.0178011 0.0338366 0.0170093 0.0174049 0.0131824 0.0256647 0.0171123 0.0380346 0.0368316 0.0385781 0.0186101 0.0322059 0.0323709 0.0292998 0.0304143 0.0358351 0.0315660 0.0396575 0.0329371 0.0465955 0.0337226 0.0306243 0.0534928 0.0518535 0.0512439 0.0351520 0.0383201 0.0308826 0.0289047 0.0231741 0.0325397 0.0322297 0.0143860 0.0269788 0.0303572 0.0326037 0.0259018 0.0219142 0.0155717 0.0326748 0.0284864 0.0199425 0.0472808 0.0310399 0.0331069 0.0283395 0.0157800 0.0207659 0.0384595 0.0352575 0.0227571 0.0351827 0.0372915 0.0335479 0.0316743 0.0230532 0.0199497 0.0309376 0.0392633 0.0174739 0.0174870 0.0180919 0.0253774 0.0318481 0.0358206 0.0134747 0.0149212 0.0325800 0.0460093 0.0264695 0.0242030 0.0214734 0.0134797 0.0320381 0.0238348 0.0338531 0.0374758 0.0146954 0.0357147 0.0179639 0.0162483 0.0154098 0.0282548 0.0306590 0.0325402 0.0284195 0.0172881 0.0213985 0.0261143 0.0457772 0.0188772 0.0278085 0.0440399 0.0180212 0.0126875 0.0359635 0.0296572 0.0162572 0.0317928 0.0360472 0.0260440 0.0144392 0.0141057 0.0312618 0.0242751 0.0254756 0.0340732 0.0145948 0.0374938 0.0192330 0.0224717 0.0135268 0.0282474 0.0419076 0.0332590 0.0200037 0.0342363 0.0189146 0.0247669 0.0235428 0.0135452 0.0185058 0.0137867 0.0272062 0.0172296 0.0426618 0.0352059 0.0238433 0.0152330 0.0359368 0.0410648 0.0290958 0.0311270 0.0117130 0.0162200 0.0195135 0.0167776 0.0191031 0.0198038 0.0270506 0.0290979 0.0275251 0.0392866 0.0191856 0.0277948 0.0356210 0.0329073 0.0184392 0.0543630 0.0190661 0.0246590 0.0198748 0.0343984 0.0308529 0.0421454 0.0137635 0.0164635 0.0142737 0.0193377 0.0370090 0.0186928 0.0363400 0.0341384 0.0296706 0.0312631 0.0956953 0.0931167 0.0309999 0.0378276 0.0357118 0.0258055 0.0239682 0.0322207 
I0205_1183_Tyrannidae_Hirundinea_ferruginea               0.0340648 0.0441910 0.0414061 0.0411270 0.0266897 0.0398650 0.0492152 0.0366559 0.0587698 0.0536713 0.0372610 0.0303200 0.0447417 0.0462866 0.0254177 0.0387474 0.0285039 0.0081029 0.0330492 0.0000000 0.0347703 0.0261281 0.0326382 0.0348882 0.0328245 0.0410987 0.0340401 0.0530239 0.0341216 0.0339274 0.0356950 0.0134447 0.0138540 0.0452129 0.0462947 0.0351006 0.0235822 0.0531759 0.0131324 0.0580986 0.0127324 0.0129180 0.0658492 0.0648058 0.0650019 0.0323749 0.0519964 0.0455662 0.0454553 0.0385032 0.0251207 0.0128882 0.0340407 0.0415327 0.0126918 0.0245078 0.0404041 0.0390194 0.0352219 0.0072316 0.0443260 0.0361327 0.0586155 0.0120055 0.0459407 0.0432290 0.0350499 0.0379715 0.0508475 0.0497979 0.0390099 0.0492124 0.0539249 0.0256342 0.0123486 0.0390393 0.0365278 0.0121956 0.0531746 0.0301323 0.0347580 0.0354927 0.0399416 0.0460448 0.0494333 0.0333002 0.0314205 0.0469746 0.0574859 0.0419127 0.0385091 0.0389917 0.0331398 0.0456700 0.0393360 0.0469042 0.0510328 0.0327601 0.0491526 0.0354449 0.0332243 0.0342295 0.0436221 0.0437395 0.0471625 0.0437518 0.0353094 0.0390168 0.0409449 0.0573027 0.0379907 0.0432976 0.0554114 0.0349352 0.0324651 0.0273212 0.0444102 0.0357132 0.0308931 0.0521118 0.0400550 0.0332323 0.0326886 0.0266784 0.0407117 0.0400777 0.0507942 0.0338999 0.0503840 0.0367393 0.0380180 0.0329534 0.0441772 0.0559915 0.0483068 0.0374970 0.0304320 0.0354409 0.0417373 0.0398475 0.0328679 0.0354734 0.0327811 0.0420739 0.0344992 0.0545221 0.0504771 0.0405103 0.0341268 0.0510432 0.0576005 0.0281422 0.0135975 0.0311677 0.0353068 0.0358834 0.0357453 0.0356759 0.0366581 0.0439094 0.0463922 0.0414336 0.0529615 0.0371322 0.0411927 0.0259798 0.0080138 0.0363822 0.0676563 0.0358909 0.0397865 0.0366885 0.0267871 0.0296124 0.0541849 0.0329646 0.0319270 0.0337611 0.0352030 0.0525062 0.0353291 0.0337440 0.0335461 0.0280751 0.0253079 0.1092348 0.1068356 0.0300838 0.0350473 0.0338566 0.0417398 0.0392432 0.0333138 
