194
I0185_86_Accipitridae_Buteo_jamaicensis                0.0000000 0.0447811 0.0430070 0.0409107 0.0491223 0.0428977 0.0514740 0.0334991 0.0433867 0.0567808 0.0559997 0.0315985 0.0509556 0.0405098 0.0481491 0.0486526 0.0346334 0.0191943 0.0483086 0.0240442 0.0464663 0.0303558 0.0513783 0.0253127 0.0270779 0.0235096 0.0442771 0.0289087 0.0567159 0.0576593 0.0621804 0.0275066 0.0480352 0.0471300 0.0466930 0.0474670 0.0426443 0.0594646 0.0486422 0.0534743 0.0489282 0.0640518 0.0495318 0.0466849 0.0802567 0.0801439 0.0767278 0.0583103 0.0555136 0.0416567 0.0463503 0.0330734 0.0502688 0.0471702 0.0263697 0.0421221 0.0470447 0.0489836 0.0440657 0.0333804 0.0283803 0.0486453 0.0424777 0.0290043 0.0300614 0.0652100 0.0473975 0.0529182 0.0427210 0.0277751 0.0338907 0.0577486 0.0513753 0.0356071 0.0543361 0.0556448 0.0517086 0.0469916 0.0325723 0.0289439 0.0452277 0.0535639 0.0349308 0.0067195 0.0296889 0.0408837 0.0440761 0.0495293 0.0516943 0.0251933 0.0212939 0.0494834 0.0650701 0.0434169 0.0395820 0.0337260 0.0234272 0.0470801 0.0346336 0.0502181 0.0549534 0.0249915 0.0546818 0.0274923 0.0219751 0.0267709 0.0512769 0.0412823 0.0537355 0.0307021 0.0287877 0.0349150 0.0432048 0.0626704 0.0306294 0.0441155 0.0609607 0.0299397 0.0228010 0.0536101 0.0474624 0.0273954 0.0551607 0.0576454 0.0419201 0.0253185 0.0171348 0.0253877 0.0486699 0.0404329 0.0392167 0.0547376 0.0252879 0.0563495 0.0315638 0.0359374 0.0242130 0.0401512 0.0563484 0.0568853 0.0317542 0.0549051 0.0317287 0.0424984 0.0362243 0.0240822 0.0277927 0.0440664 0.0298532 0.0796525 0.0476992 0.0357055 0.0254562 0.0505181 0.0639544 0.0477553 0.0475418 0.0216666 0.0283047 0.0300443 0.0311604 0.0286519 0.0333404 0.0406576 0.0456618 0.0443487 0.0338791 0.0433086 0.0488387 0.0488787 0.0327762 0.0836432 0.0282533 0.0407919 0.0502734 0.0575851 0.0259735 0.0168771 0.0239396 0.0294124 0.0615300 0.0276010 0.0569772 0.0562970 0.0498687 0.0468186 0.1241878 0.1175737 0.0509047 0.0627153 0.0575174 0.0414643 0.0358695 0.0514358 
I0186_111_Momotidae_Momotus_lessonii                   0.0447811 0.0000000 0.0600438 0.0593167 0.0657777 0.0597476 0.0676928 0.0522987 0.0608734 0.0598875 0.0720040 0.0500471 0.0703601 0.0567309 0.0593454 0.0663466 0.0545042 0.0395648 0.0677624 0.0448057 0.0655109 0.0503527 0.0678904 0.0459200 0.0473796 0.0431957 0.0619899 0.0473816 0.0733909 0.0755586 0.0780349 0.0475416 0.0667638 0.0651923 0.0627080 0.0630852 0.0601962 0.0778247 0.0672266 0.0715570 0.0681030 0.0815301 0.0676077 0.0658176 0.0962428 0.0968527 0.0945822 0.0751727 0.0701021 0.0444297 0.0659280 0.0521928 0.0671771 0.0663031 0.0467203 0.0607928 0.0669221 0.0677385 0.0617097 0.0512593 0.0477456 0.0674240 0.0613980 0.0487553 0.0494713 0.0823232 0.0661891 0.0714681 0.0622961 0.0487673 0.0519523 0.0756150 0.0702009 0.0526604 0.0694332 0.0741432 0.0693772 0.0655910 0.0526245 0.0483133 0.0646014 0.0687718 0.0506815 0.0460242 0.0501006 0.0590583 0.0452880 0.0636359 0.0646810 0.0456079 0.0421607 0.0651354 0.0827070 0.0615796 0.0579528 0.0526163 0.0432188 0.0669062 0.0461305 0.0692359 0.0703630 0.0441408 0.0729285 0.0478588 0.0457752 0.0445824 0.0687839 0.0491015 0.0705666 0.0493839 0.0489762 0.0532039 0.0614713 0.0789733 0.0513053 0.0643208 0.0789334 0.0505447 0.0428061 0.0710667 0.0659140 0.0481548 0.0749221 0.0764066 0.0595136 0.0461890 0.0485762 0.0449741 0.0664210 0.0582337 0.0575441 0.0751377 0.0451074 0.0704235 0.0518706 0.0527740 0.0443436 0.0600735 0.0681417 0.0748512 0.0508364 0.0714854 0.0519580 0.0605984 0.0549966 0.0445129 0.0482072 0.0626298 0.0493131 0.0961270 0.0652188 0.0556227 0.0443142 0.0665667 0.0821132 0.0655541 0.0669518 0.0421132 0.0480878 0.0496447 0.0503712 0.0490731 0.0523709 0.0609799 0.0641134 0.0626558 0.0538258 0.0601369 0.0666070 0.0681104 0.0524128 0.1023457 0.0487930 0.0586176 0.0677362 0.0747044 0.0463979 0.0473771 0.0440317 0.0498512 0.0793035 0.0485353 0.0744215 0.0740812 0.0687436 0.0642418 0.1404585 0.1316929 0.0699560 0.0794013 0.0751593 0.0597081 0.0515899 0.0689685 
I0187_115_Trogonidae_Trogon_elegans                    0.0430070 0.0600438 0.0000000 0.0560838 0.0623081 0.0187041 0.0657410 0.0506949 0.0575457 0.0722827 0.0694207 0.0478276 0.0662035 0.0564867 0.0625330 0.0635551 0.0511441 0.0370588 0.0635585 0.0427749 0.0613330 0.0480462 0.0666133 0.0437514 0.0449717 0.0411556 0.0575128 0.0456642 0.0707203 0.0716688 0.0756299 0.0453490 0.0638899 0.0617008 0.0604009 0.0612321 0.0562271 0.0729994 0.0639269 0.0694460 0.0644931 0.0806404 0.0651172 0.0613822 0.0947689 0.0931810 0.0916071 0.0720971 0.0703643 0.0556064 0.0620453 0.0497576 0.0650509 0.0625009 0.0443491 0.0587852 0.0624184 0.0633633 0.0584000 0.0499315 0.0456620 0.0636456 0.0588194 0.0457933 0.0472813 0.0809720 0.0625320 0.0687244 0.0596022 0.0466894 0.0515503 0.0725170 0.0680936 0.0515834 0.0677271 0.0719348 0.0667649 0.0617055 0.0496063 0.0466704 0.0598934 0.0662147 0.0482745 0.0437981 0.0465715 0.0567454 0.0593549 0.0644505 0.0653890 0.0432319 0.0403634 0.0643817 0.0808925 0.0593687 0.0559836 0.0503801 0.0408165 0.0646295 0.0514034 0.0669274 0.0676875 0.0433994 0.0699945 0.0449235 0.0445417 0.0439623 0.0640219 0.0567131 0.0651521 0.0468818 0.0453495 0.0508624 0.0594047 0.0782022 0.0490013 0.0621248 0.0764300 0.0493253 0.0405707 0.0675129 0.0622210 0.0461117 0.0691981 0.0740560 0.0573715 0.0444633 0.0470588 0.0423816 0.0627634 0.0555195 0.0553724 0.0713604 0.0430084 0.0701906 0.0489469 0.0508968 0.0424890 0.0569071 0.0697617 0.0733057 0.0492492 0.0686002 0.0496016 0.0589179 0.0519760 0.0422003 0.0457516 0.0591051 0.0471227 0.0936330 0.0617159 0.0518941 0.0435162 0.0638044 0.0803143 0.0631230 0.0627891 0.0398343 0.0460309 0.0466555 0.0477096 0.0468301 0.0511652 0.0573483 0.0638174 0.0594637 0.0504720 0.0583559 0.0635770 0.0640599 0.0492310 0.0989449 0.0463010 0.0545550 0.0653858 0.0736517 0.0440048 0.0453994 0.0426636 0.0469849 0.0774385 0.0464990 0.0687837 0.0715592 0.0640175 0.0609312 0.1380296 0.1303459 0.0654481 0.0751477 0.0713625 0.0569954 0.0515428 0.0647309 
I0188_135_Apodidae_Streptoprocne_zonaris               0.0409107 0.0593167 0.0560838 0.0000000 0.0600763 0.0563324 0.0639957 0.0471824 0.0541304 0.0707013 0.0697986 0.0445379 0.0653720 0.0565737 0.0603704 0.0609175 0.0469286 0.0349143 0.0611680 0.0375351 0.0591425 0.0434259 0.0626071 0.0407462 0.0409678 0.0384125 0.0554056 0.0420525 0.0685246 0.0717971 0.0740453 0.0425563 0.0603340 0.0585644 0.0483478 0.0488045 0.0541654 0.0720340 0.0612255 0.0669548 0.0602738 0.0764087 0.0626150 0.0583061 0.0924166 0.0935697 0.0906352 0.0712623 0.0687819 0.0544319 0.0572832 0.0481597 0.0621525 0.0587648 0.0402282 0.0561821 0.0603342 0.0601145 0.0550543 0.0445446 0.0421271 0.0618005 0.0215389 0.0440348 0.0410877 0.0773113 0.0595587 0.0667548 0.0566959 0.0419332 0.0469615 0.0706185 0.0658858 0.0468670 0.0660698 0.0690281 0.0636986 0.0586864 0.0467974 0.0437041 0.0579010 0.0658440 0.0458098 0.0417693 0.0428041 0.0555954 0.0584796 0.0642032 0.0619450 0.0401334 0.0377755 0.0509276 0.0762380 0.0544579 0.0536579 0.0468783 0.0383879 0.0622529 0.0497423 0.0647502 0.0669104 0.0400311 0.0684935 0.0420400 0.0422938 0.0409577 0.0620824 0.0554486 0.0648669 0.0453108 0.0422769 0.0480638 0.0575294 0.0736766 0.0451285 0.0586529 0.0728329 0.0435578 0.0379887 0.0653220 0.0598439 0.0417893 0.0680836 0.0716295 0.0551429 0.0405994 0.0439186 0.0385735 0.0607159 0.0231357 0.0543274 0.0684464 0.0404419 0.0693401 0.0453732 0.0425070 0.0383429 0.0537968 0.0692507 0.0690772 0.0437543 0.0658145 0.0452374 0.0537503 0.0482523 0.0384181 0.0428865 0.0567199 0.0434634 0.0887012 0.0603958 0.0483709 0.0401530 0.0626440 0.0766741 0.0606985 0.0602968 0.0362867 0.0424604 0.0443693 0.0438516 0.0440265 0.0471698 0.0533051 0.0585895 0.0574027 0.0465565 0.0557338 0.0620335 0.0614503 0.0451126 0.0967664 0.0438169 0.0517010 0.0617731 0.0709949 0.0399828 0.0425069 0.0386893 0.0450472 0.0743359 0.0433508 0.0693687 0.0693456 0.0633668 0.0588728 0.1349231 0.1267467 0.0643566 0.0758203 0.0707861 0.0526228 0.0504394 0.0627232 
I0189_225_Eurylaimidae_Smithornis_rufolateralis        0.0491223 0.0657777 0.0623081 0.0600763 0.0000000 0.0631708 0.0696774 0.0555720 0.0626936 0.0767264 0.0718263 0.0526427 0.0468556 0.0617896 0.0674451 0.0375815 0.0566202 0.0420384 0.0374721 0.0484267 0.0363449 0.0531023 0.0406245 0.0490080 0.0518757 0.0475165 0.0641545 0.0512653 0.0725064 0.0531004 0.0555119 0.0499565 0.0376838 0.0357510 0.0652882 0.0652965 0.0614086 0.0539832 0.0378981 0.0728253 0.0382478 0.0827764 0.0389780 0.0353145 0.0988549 0.0981880 0.0971567 0.0521425 0.0720717 0.0611571 0.0666015 0.0550388 0.0388113 0.0367391 0.0488782 0.0607299 0.0362329 0.0379750 0.0622944 0.0549935 0.0514155 0.0377560 0.0610027 0.0506463 0.0510191 0.0841425 0.0366589 0.0714421 0.0651675 0.0511558 0.0563935 0.0758077 0.0708440 0.0551183 0.0715599 0.0766206 0.0412927 0.0366960 0.0546452 0.0505055 0.0347022 0.0695393 0.0531986 0.0496082 0.0520742 0.0601763 0.0660034 0.0695945 0.0690442 0.0499227 0.0462320 0.0672265 0.0827928 0.0636218 0.0582891 0.0559667 0.0472741 0.0666660 0.0553911 0.0693513 0.0717133 0.0476108 0.0731973 0.0507587 0.0505100 0.0504294 0.0683130 0.0600015 0.0701986 0.0520397 0.0518437 0.0572871 0.0618537 0.0790606 0.0531571 0.0670773 0.0785625 0.0542834 0.0474140 0.0429123 0.0665744 0.0505098 0.0481160 0.0790131 0.0596028 0.0499913 0.0516934 0.0483132 0.0287846 0.0591448 0.0585093 0.0769664 0.0487882 0.0716485 0.0542005 0.0556805 0.0479302 0.0626658 0.0733362 0.0770807 0.0538484 0.0331652 0.0551279 0.0658018 0.0569222 0.0478446 0.0509323 0.0625186 0.0528472 0.0985540 0.0668433 0.0568827 0.0499565 0.0695266 0.0848117 0.0419428 0.0365174 0.0458519 0.0528009 0.0524755 0.0519664 0.0506461 0.0557109 0.0620918 0.0674346 0.0636575 0.0555470 0.0618974 0.0395058 0.0375959 0.0548447 0.1032988 0.0517165 0.0597672 0.0295570 0.0761270 0.0496859 0.0507862 0.0484879 0.0530440 0.0828685 0.0501031 0.0501727 0.0507143 0.0440659 0.0205003 0.1388680 0.1304080 0.0445068 0.0561199 0.0522503 0.0623551 0.0570993 0.0511018 
I0190_295_Trogonidae_Apaloderma_aequatoriale           0.0428977 0.0597476 0.0187041 0.0563324 0.0631708 0.0000000 0.0658140 0.0521455 0.0580805 0.0721674 0.0685773 0.0490836 0.0673302 0.0571017 0.0623907 0.0642088 0.0514560 0.0377194 0.0634337 0.0435707 0.0616919 0.0485422 0.0681047 0.0441379 0.0455281 0.0419964 0.0579624 0.0456083 0.0703099 0.0726973 0.0773210 0.0458299 0.0638771 0.0618045 0.0607621 0.0616870 0.0563083 0.0736867 0.0641286 0.0705377 0.0643720 0.0808431 0.0648154 0.0616937 0.0950764 0.0929322 0.0916660 0.0730943 0.0713796 0.0568305 0.0621574 0.0502228 0.0656760 0.0631229 0.0446028 0.0587845 0.0626731 0.0639694 0.0584228 0.0512726 0.0467346 0.0637033 0.0594142 0.0462584 0.0480381 0.0812198 0.0627672 0.0698006 0.0612430 0.0465992 0.0523267 0.0729192 0.0688704 0.0523788 0.0674633 0.0730973 0.0671880 0.0615310 0.0498831 0.0466210 0.0603692 0.0663815 0.0491778 0.0437945 0.0473162 0.0574772 0.0590106 0.0655742 0.0661052 0.0437508 0.0409738 0.0644341 0.0811949 0.0601961 0.0558930 0.0510456 0.0415010 0.0646488 0.0513294 0.0681777 0.0677442 0.0436734 0.0710244 0.0457429 0.0454395 0.0449236 0.0642483 0.0570802 0.0646392 0.0475669 0.0461634 0.0519972 0.0598610 0.0790925 0.0504248 0.0631580 0.0774399 0.0492320 0.0416619 0.0683877 0.0624855 0.0471883 0.0706941 0.0754574 0.0575576 0.0455646 0.0474636 0.0432142 0.0632886 0.0558359 0.0555910 0.0725173 0.0433609 0.0715627 0.0495839 0.0512868 0.0432865 0.0570624 0.0688995 0.0732050 0.0507012 0.0684693 0.0501558 0.0600237 0.0515037 0.0432502 0.0459918 0.0593939 0.0477685 0.0944545 0.0618748 0.0522134 0.0442444 0.0647995 0.0816427 0.0642392 0.0625447 0.0408693 0.0461407 0.0472164 0.0484300 0.0471649 0.0520590 0.0581884 0.0635029 0.0603421 0.0509519 0.0592227 0.0640082 0.0642555 0.0497755 0.0990697 0.0472496 0.0553938 0.0657665 0.0750598 0.0439846 0.0462923 0.0431668 0.0477390 0.0790281 0.0465763 0.0698881 0.0724419 0.0645159 0.0614478 0.1392761 0.1318983 0.0660623 0.0772799 0.0718698 0.0576944 0.0523980 0.0645186 
I0191_344_Indicatoridae_Indicator_exilis               0.0514740 0.0676928 0.0657410 0.0639957 0.0696774 0.0658140 0.0000000 0.0588832 0.0644005 0.0767798 0.0373593 0.0555530 0.0728812 0.0632414 0.0674646 0.0698521 0.0593914 0.0458890 0.0695027 0.0502744 0.0680395 0.0555325 0.0712903 0.0514436 0.0535344 0.0494604 0.0647676 0.0539046 0.0269459 0.0789684 0.0829764 0.0527801 0.0701316 0.0675919 0.0678622 0.0669387 0.0647381 0.0793605 0.0702540 0.0754835 0.0699747 0.0852608 0.0718257 0.0671451 0.0972262 0.0987303 0.0946739 0.0785255 0.0743889 0.0610959 0.0679359 0.0581113 0.0718367 0.0690995 0.0514965 0.0649386 0.0692378 0.0714814 0.0646039 0.0578185 0.0521780 0.0699508 0.0651592 0.0537294 0.0537414 0.0872624 0.0683852 0.0767296 0.0671229 0.0551179 0.0580829 0.0809971 0.0744729 0.0590066 0.0241906 0.0776856 0.0717275 0.0682473 0.0574525 0.0542275 0.0673476 0.0362181 0.0507564 0.0517444 0.0541127 0.0637640 0.0638290 0.0645555 0.0637485 0.0519309 0.0494513 0.0700589 0.0855207 0.0656226 0.0624955 0.0584691 0.0501739 0.0709898 0.0557799 0.0743173 0.0355316 0.0526357 0.0777319 0.0531612 0.0524983 0.0522808 0.0733345 0.0599578 0.0736284 0.0544918 0.0543232 0.0589586 0.0658344 0.0814725 0.0572876 0.0683642 0.0813544 0.0552560 0.0497432 0.0736527 0.0698348 0.0541217 0.0772878 0.0794080 0.0644433 0.0525183 0.0544425 0.0518285 0.0695312 0.0615397 0.0629143 0.0785695 0.0519792 0.0736795 0.0572364 0.0575798 0.0514629 0.0644641 0.0385014 0.0798519 0.0572164 0.0760928 0.0565806 0.0650527 0.0586424 0.0511156 0.0538214 0.0652527 0.0557737 0.0960923 0.0682222 0.0598141 0.0526211 0.0699571 0.0853572 0.0706569 0.0692220 0.0488300 0.0546140 0.0549070 0.0534683 0.0547877 0.0583623 0.0645462 0.0686671 0.0646950 0.0581904 0.0641628 0.0703425 0.0704244 0.0580785 0.0997464 0.0553323 0.0636170 0.0717391 0.0802959 0.0532175 0.0522179 0.0505039 0.0552074 0.0833234 0.0539195 0.0766958 0.0765465 0.0703770 0.0679119 0.1381089 0.1318402 0.0722059 0.0835307 0.0774117 0.0623947 0.0587994 0.0722173 
I0192_375_Musophagidae_Tauraco_macrorhynchus           0.0334991 0.0522987 0.0506949 0.0471824 0.0555720 0.0521455 0.0588832 0.0000000 0.0479829 0.0650358 0.0635423 0.0197684 0.0592855 0.0491026 0.0561686 0.0551979 0.0419028 0.0282163 0.0547301 0.0315137 0.0535724 0.0365523 0.0568987 0.0346562 0.0345553 0.0317393 0.0487130 0.0355850 0.0642688 0.0650493 0.0680899 0.0366307 0.0548528 0.0539079 0.0520718 0.0519461 0.0477726 0.0656181 0.0552573 0.0605565 0.0561661 0.0709764 0.0567252 0.0535378 0.0868450 0.0867937 0.0836852 0.0646037 0.0648371 0.0481922 0.0536331 0.0419094 0.0561823 0.0537253 0.0344382 0.0505289 0.0541269 0.0544828 0.0490584 0.0397117 0.0358390 0.0548328 0.0490113 0.0378140 0.0368376 0.0723972 0.0533751 0.0600664 0.0498790 0.0371831 0.0411665 0.0644847 0.0593108 0.0418151 0.0619176 0.0634978 0.0572556 0.0539085 0.0394176 0.0382035 0.0521897 0.0595853 0.0404863 0.0341917 0.0361176 0.0491822 0.0522808 0.0569881 0.0579604 0.0330113 0.0311934 0.0548822 0.0710119 0.0493032 0.0471702 0.0404956 0.0324648 0.0559708 0.0429937 0.0579799 0.0617600 0.0328529 0.0619993 0.0348468 0.0363603 0.0349496 0.0560728 0.0489816 0.0582299 0.0390774 0.0357398 0.0422108 0.0516705 0.0680193 0.0395492 0.0529098 0.0672805 0.0384203 0.0314101 0.0595703 0.0539900 0.0360962 0.0621956 0.0651678 0.0503853 0.0348835 0.0374053 0.0335534 0.0543353 0.0460964 0.0472579 0.0641894 0.0334079 0.0644707 0.0379796 0.0409615 0.0324521 0.0470808 0.0628055 0.0630231 0.0387688 0.0610049 0.0391607 0.0480705 0.0431503 0.0318425 0.0350212 0.0502735 0.0368323 0.0831630 0.0539391 0.0425265 0.0343384 0.0558165 0.0711469 0.0545191 0.0542716 0.0307419 0.0361933 0.0363447 0.0381818 0.0367743 0.0401510 0.0488830 0.0532293 0.0505377 0.0403552 0.0488610 0.0556170 0.0551680 0.0392940 0.0916537 0.0357800 0.0450945 0.0576308 0.0639244 0.0341881 0.0354577 0.0314645 0.0385138 0.0683339 0.0364850 0.0630608 0.0639637 0.0564985 0.0531764 0.1301517 0.1238148 0.0571370 0.0691421 0.0648890 0.0472167 0.0438412 0.0582891 
I0193_447_Columbidae_Treron_calvus                     0.0433867 0.0608734 0.0575457 0.0541304 0.0626936 0.0580805 0.0644005 0.0479829 0.0000000 0.0720890 0.0699674 0.0457334 0.0647164 0.0567414 0.0616498 0.0624607 0.0482614 0.0299039 0.0618467 0.0403729 0.0599728 0.0450702 0.0652534 0.0425842 0.0431764 0.0407295 0.0209952 0.0433244 0.0683643 0.0717062 0.0744977 0.0449749 0.0619492 0.0604616 0.0606724 0.0607506 0.0195326 0.0715984 0.0635231 0.0677827 0.0616109 0.0777109 0.0636454 0.0605322 0.0938753 0.0923252 0.0905589 0.0708563 0.0674170 0.0568138 0.0604363 0.0508854 0.0646622 0.0603201 0.0426123 0.0572016 0.0613279 0.0628533 0.0206678 0.0488577 0.0448200 0.0628482 0.0555395 0.0475567 0.0443439 0.0784257 0.0610118 0.0682348 0.0576132 0.0456321 0.0491442 0.0708314 0.0673095 0.0495375 0.0664834 0.0708789 0.0653684 0.0609808 0.0474057 0.0475525 0.0592355 0.0655856 0.0378442 0.0438011 0.0442643 0.0556618 0.0602711 0.0650187 0.0634531 0.0416308 0.0402458 0.0631742 0.0775409 0.0559478 0.0550030 0.0491364 0.0403190 0.0630888 0.0516202 0.0652295 0.0673518 0.0404650 0.0693266 0.0438599 0.0449426 0.0427701 0.0602600 0.0558221 0.0633097 0.0466031 0.0447506 0.0492683 0.0583015 0.0746342 0.0478515 0.0601311 0.0738771 0.0466270 0.0399405 0.0660411 0.0616567 0.0442565 0.0682223 0.0724844 0.0551212 0.0424264 0.0469170 0.0415501 0.0623455 0.0529939 0.0545433 0.0709549 0.0416028 0.0684111 0.0468340 0.0509606 0.0408145 0.0548890 0.0685658 0.0713976 0.0487310 0.0685408 0.0470938 0.0552720 0.0507909 0.0406342 0.0445731 0.0582477 0.0453679 0.0897610 0.0616110 0.0503113 0.0426743 0.0634647 0.0798852 0.0607800 0.0613819 0.0389120 0.0447719 0.0451392 0.0464935 0.0466264 0.0493603 0.0573121 0.0610535 0.0593377 0.0477604 0.0575305 0.0632804 0.0623278 0.0460633 0.0979713 0.0449911 0.0171799 0.0645312 0.0708541 0.0420509 0.0454717 0.0406688 0.0468347 0.0765450 0.0460236 0.0684329 0.0701427 0.0628088 0.0613206 0.1365592 0.1296300 0.0642737 0.0744312 0.0704035 0.0530090 0.0523072 0.0641627 
I0194_495_Alcedinidae_Alcedo_quadribrachys             0.0567808 0.0598875 0.0722827 0.0707013 0.0767264 0.0721674 0.0767798 0.0650358 0.0720890 0.0000000 0.0810571 0.0624769 0.0776382 0.0692636 0.0669212 0.0748838 0.0650324 0.0524020 0.0751082 0.0562731 0.0730197 0.0620681 0.0775404 0.0581041 0.0597774 0.0557695 0.0726826 0.0580098 0.0813713 0.0831620 0.0853685 0.0586811 0.0760249 0.0732545 0.0742361 0.0743924 0.0710927 0.0839683 0.0746207 0.0821679 0.0761715 0.0893941 0.0770711 0.0747719 0.1065785 0.1064023 0.1047421 0.0814129 0.0836901 0.0590439 0.0729328 0.0640510 0.0756192 0.0747004 0.0584953 0.0717212 0.0756578 0.0742824 0.0729431 0.0642197 0.0607152 0.0744076 0.0714547 0.0607905 0.0603355 0.0910748 0.0731777 0.0810817 0.0737636 0.0606294 0.0637955 0.0848056 0.0798650 0.0642721 0.0788269 0.0874020 0.0772625 0.0750989 0.0630904 0.0612290 0.0736625 0.0782750 0.0588692 0.0575174 0.0612122 0.0706690 0.0455033 0.0747087 0.0755516 0.0580727 0.0556929 0.0762026 0.0906381 0.0703337 0.0692851 0.0659494 0.0561827 0.0773371 0.0575633 0.0800090 0.0796764 0.0578016 0.0824113 0.0598323 0.0582075 0.0592167 0.0810233 0.0621136 0.0824361 0.0613086 0.0594043 0.0655224 0.0723171 0.0888806 0.0635367 0.0759478 0.0872913 0.0635615 0.0553461 0.0776623 0.0750571 0.0613646 0.0799334 0.0889920 0.0711934 0.0589013 0.0603375 0.0575115 0.0750796 0.0703002 0.0689962 0.0860742 0.0573907 0.0835762 0.0632046 0.0634066 0.0570618 0.0696032 0.0781490 0.0827123 0.0630337 0.0815388 0.0642062 0.0711053 0.0658833 0.0570736 0.0604715 0.0724985 0.0621937 0.1037942 0.0747517 0.0662356 0.0591662 0.0747087 0.0958612 0.0739444 0.0752677 0.0552006 0.0614458 0.0612622 0.0627760 0.0608325 0.0640033 0.0708464 0.0746881 0.0733872 0.0628975 0.0710196 0.0741156 0.0755680 0.0627580 0.1118250 0.0612804 0.0691591 0.0774555 0.0851054 0.0591424 0.0577888 0.0573496 0.0623893 0.0913044 0.0602956 0.0800057 0.0823374 0.0753056 0.0749653 0.1476483 0.1401284 0.0778124 0.0859369 0.0822024 0.0703282 0.0640767 0.0787011 
I0195_522_Ramphastidae_Buccanodon_duchaillui           0.0559997 0.0720040 0.0694207 0.0697986 0.0718263 0.0685773 0.0373593 0.0635423 0.0699674 0.0810571 0.0000000 0.0608608 0.0758856 0.0675171 0.0722429 0.0714856 0.0636053 0.0515025 0.0726392 0.0558632 0.0702319 0.0602385 0.0748941 0.0569065 0.0582112 0.0552338 0.0693071 0.0590198 0.0404037 0.0820812 0.0852032 0.0594036 0.0721619 0.0697370 0.0721855 0.0721870 0.0690461 0.0826133 0.0729860 0.0800467 0.0730170 0.0888818 0.0736854 0.0701185 0.1011443 0.1017851 0.0977672 0.0809053 0.0762137 0.0666713 0.0741220 0.0633549 0.0750498 0.0709137 0.0559527 0.0700899 0.0708121 0.0733706 0.0698690 0.0635140 0.0586218 0.0724463 0.0693181 0.0603190 0.0592207 0.0908025 0.0715519 0.0800086 0.0733390 0.0607212 0.0620708 0.0848904 0.0796829 0.0628048 0.0380909 0.0840340 0.0757165 0.0710559 0.0625268 0.0603718 0.0698272 0.0278280 0.0551248 0.0561270 0.0599971 0.0681264 0.0691114 0.0680943 0.0677240 0.0568994 0.0545148 0.0741954 0.0895714 0.0705387 0.0670824 0.0642675 0.0547331 0.0760064 0.0610318 0.0784253 0.0262276 0.0572280 0.0815828 0.0590428 0.0589984 0.0576705 0.0778108 0.0639753 0.0776952 0.0595702 0.0599220 0.0635953 0.0712673 0.0862910 0.0621754 0.0748079 0.0853201 0.0610685 0.0550451 0.0768940 0.0742620 0.0597127 0.0794431 0.0838876 0.0687525 0.0573479 0.0591682 0.0565644 0.0737688 0.0669012 0.0680589 0.0826017 0.0568997 0.0781021 0.0619774 0.0619926 0.0559811 0.0694543 0.0317834 0.0853017 0.0625248 0.0784527 0.0622451 0.0697491 0.0637030 0.0560588 0.0595643 0.0697665 0.0602417 0.0993289 0.0720623 0.0648704 0.0574499 0.0734419 0.0901706 0.0728318 0.0708789 0.0539876 0.0591749 0.0603966 0.0589598 0.0603473 0.0633092 0.0711127 0.0748867 0.0696501 0.0628930 0.0692790 0.0723975 0.0726649 0.0622005 0.1035735 0.0601563 0.0688165 0.0746057 0.0834391 0.0575029 0.0582259 0.0562936 0.0602479 0.0883214 0.0590691 0.0791397 0.0804644 0.0726984 0.0712105 0.1427717 0.1368274 0.0750224 0.0856760 0.0805135 0.0677196 0.0635396 0.0765726 
I0196_523_Musophagidae_Corythaeola_cristata            0.0315985 0.0500471 0.0478276 0.0445379 0.0526427 0.0490836 0.0555530 0.0197684 0.0457334 0.0624769 0.0608608 0.0000000 0.0578046 0.0464103 0.0528401 0.0531049 0.0390915 0.0254154 0.0537433 0.0289940 0.0520075 0.0342842 0.0551048 0.0308055 0.0321932 0.0287673 0.0462821 0.0334224 0.0607338 0.0641623 0.0669116 0.0336263 0.0526160 0.0519128 0.0488145 0.0491918 0.0460141 0.0643116 0.0531388 0.0585343 0.0538219 0.0690273 0.0545937 0.0521104 0.0835006 0.0848211 0.0814138 0.0634393 0.0612040 0.0458983 0.0499845 0.0396421 0.0545681 0.0520979 0.0317390 0.0480849 0.0526136 0.0530934 0.0473762 0.0376221 0.0335408 0.0538732 0.0461756 0.0349907 0.0341925 0.0706655 0.0520992 0.0576149 0.0473770 0.0330844 0.0383177 0.0623472 0.0562633 0.0396401 0.0579418 0.0602721 0.0559612 0.0515516 0.0368242 0.0356149 0.0498943 0.0567092 0.0372095 0.0321838 0.0335277 0.0463182 0.0485249 0.0542076 0.0542132 0.0302458 0.0281442 0.0519651 0.0693553 0.0472961 0.0447844 0.0373922 0.0285904 0.0528025 0.0402537 0.0546968 0.0577916 0.0293537 0.0587629 0.0320202 0.0326871 0.0311200 0.0534374 0.0460618 0.0549001 0.0354364 0.0329984 0.0394645 0.0492149 0.0663080 0.0367739 0.0500278 0.0650903 0.0349181 0.0282741 0.0568414 0.0508002 0.0335153 0.0599060 0.0624183 0.0476991 0.0317186 0.0344966 0.0301316 0.0526197 0.0437314 0.0443760 0.0605936 0.0305249 0.0610028 0.0362706 0.0379893 0.0291095 0.0438349 0.0598557 0.0601918 0.0370267 0.0587289 0.0374298 0.0456002 0.0403503 0.0286356 0.0320528 0.0464695 0.0342529 0.0819274 0.0512312 0.0399699 0.0310768 0.0537166 0.0680780 0.0522561 0.0531752 0.0274331 0.0334456 0.0339965 0.0354052 0.0338014 0.0368112 0.0453665 0.0494476 0.0475759 0.0385488 0.0457796 0.0536383 0.0541861 0.0374358 0.0882889 0.0325255 0.0434601 0.0553483 0.0613877 0.0307565 0.0332283 0.0286286 0.0362188 0.0657615 0.0335503 0.0616928 0.0623048 0.0554826 0.0518106 0.1255333 0.1201556 0.0562406 0.0677856 0.0623205 0.0439980 0.0410268 0.0553834 
I0197_832_Corvidae_Corvus_albus                        0.0509556 0.0703601 0.0662035 0.0653720 0.0468556 0.0673302 0.0728812 0.0592855 0.0647164 0.0776382 0.0758856 0.0578046 0.0000000 0.0666441 0.0704930 0.0467056 0.0596244 0.0463637 0.0451611 0.0512794 0.0440485 0.0565311 0.0488915 0.0526786 0.0555911 0.0515990 0.0666075 0.0546848 0.0750196 0.0299963 0.0335328 0.0533213 0.0451187 0.0431913 0.0706677 0.0704437 0.0641469 0.0311487 0.0467093 0.0762372 0.0459109 0.0865868 0.0464906 0.0426008 0.1036913 0.1019245 0.1003864 0.0299897 0.0774355 0.0637897 0.0684593 0.0576279 0.0481346 0.0437380 0.0530871 0.0638521 0.0429663 0.0463008 0.0656894 0.0581961 0.0545691 0.0456763 0.0652526 0.0543892 0.0552322 0.0879965 0.0436192 0.0756736 0.0697771 0.0561397 0.0599458 0.0796070 0.0746960 0.0581591 0.0742729 0.0810946 0.0495786 0.0438766 0.0596929 0.0542685 0.0420716 0.0735875 0.0545931 0.0519095 0.0560676 0.0624101 0.0681802 0.0730437 0.0717759 0.0535305 0.0501696 0.0729246 0.0864323 0.0664768 0.0616311 0.0599451 0.0512002 0.0715463 0.0597035 0.0725725 0.0754601 0.0520471 0.0781377 0.0540461 0.0534023 0.0539551 0.0718981 0.0622031 0.0734120 0.0568116 0.0551667 0.0608072 0.0644829 0.0826409 0.0578704 0.0711782 0.0823607 0.0587440 0.0512917 0.0507500 0.0709330 0.0549128 0.0348768 0.0835674 0.0629390 0.0539653 0.0560472 0.0523849 0.0493635 0.0642693 0.0632934 0.0811029 0.0524611 0.0775429 0.0582825 0.0602329 0.0520153 0.0671781 0.0758461 0.0809516 0.0580356 0.0558822 0.0576396 0.0659313 0.0601316 0.0519168 0.0553189 0.0673467 0.0565693 0.0980358 0.0697788 0.0601134 0.0539679 0.0718258 0.0896057 0.0322083 0.0434832 0.0499245 0.0555425 0.0566144 0.0563834 0.0559511 0.0601190 0.0662706 0.0707515 0.0681363 0.0587820 0.0665480 0.0474537 0.0455380 0.0587609 0.1060542 0.0559003 0.0628000 0.0494757 0.0804732 0.0538707 0.0546272 0.0520299 0.0565528 0.0874487 0.0553096 0.0293360 0.0281816 0.0134828 0.0466233 0.1433558 0.1360732 0.0321400 0.0345807 0.0295473 0.0655572 0.0616183 0.0536903 
I0198_937_Bucerotidae_Tockus_camurus                   0.0405098 0.0567309 0.0564867 0.0565737 0.0617896 0.0571017 0.0632414 0.0491026 0.0567414 0.0692636 0.0675171 0.0464103 0.0666441 0.0000000 0.0612158 0.0601706 0.0508213 0.0362474 0.0621609 0.0404280 0.0602586 0.0439885 0.0634038 0.0410059 0.0439779 0.0387628 0.0583393 0.0436417 0.0681365 0.0736490 0.0750984 0.0440025 0.0619899 0.0610542 0.0601017 0.0596030 0.0572170 0.0720629 0.0613145 0.0682357 0.0624262 0.0791058 0.0636536 0.0606554 0.0930943 0.0918420 0.0898172 0.0713078 0.0628573 0.0536800 0.0600114 0.0478312 0.0632260 0.0615614 0.0416306 0.0573154 0.0610327 0.0616497 0.0578080 0.0471945 0.0427144 0.0632876 0.0579246 0.0446259 0.0450340 0.0797645 0.0608601 0.0679160 0.0585321 0.0436279 0.0494137 0.0710670 0.0656582 0.0498456 0.0651137 0.0699676 0.0644371 0.0607000 0.0479218 0.0446358 0.0590814 0.0648483 0.0468907 0.0416159 0.0440006 0.0562553 0.0551936 0.0619123 0.0627429 0.0407018 0.0389418 0.0619604 0.0785553 0.0570388 0.0549043 0.0486462 0.0395039 0.0616662 0.0477861 0.0643526 0.0659493 0.0403835 0.0687105 0.0431206 0.0424093 0.0420952 0.0660786 0.0539675 0.0690327 0.0451515 0.0436818 0.0505867 0.0582826 0.0757874 0.0465711 0.0604276 0.0754843 0.0464336 0.0388117 0.0662936 0.0626122 0.0436883 0.0703321 0.0727270 0.0569994 0.0423314 0.0444120 0.0408556 0.0627019 0.0547619 0.0547434 0.0695808 0.0414930 0.0635590 0.0461609 0.0495774 0.0397210 0.0561672 0.0677012 0.0705252 0.0476938 0.0674875 0.0464621 0.0569536 0.0504923 0.0395807 0.0440886 0.0588494 0.0445542 0.0941523 0.0615741 0.0510272 0.0413520 0.0642196 0.0770643 0.0616465 0.0617002 0.0379756 0.0447844 0.0461118 0.0442949 0.0439076 0.0485629 0.0553591 0.0591099 0.0590591 0.0494106 0.0576424 0.0614872 0.0628985 0.0484314 0.0971733 0.0440340 0.0551672 0.0640674 0.0724227 0.0420519 0.0425849 0.0405059 0.0456198 0.0738251 0.0437504 0.0712360 0.0704099 0.0651788 0.0606473 0.1325833 0.1267809 0.0656450 0.0769797 0.0714934 0.0559490 0.0222856 0.0646638 
I0199_955_Meropidae_Merops_muelleri                    0.0481491 0.0593454 0.0625330 0.0603704 0.0674451 0.0623907 0.0674646 0.0561686 0.0616498 0.0669212 0.0722429 0.0528401 0.0704930 0.0612158 0.0000000 0.0651594 0.0554099 0.0426603 0.0671423 0.0471409 0.0653576 0.0511343 0.0680093 0.0481970 0.0507778 0.0470658 0.0624711 0.0509590 0.0718181 0.0763712 0.0789778 0.0501839 0.0668391 0.0659098 0.0661123 0.0643305 0.0614388 0.0770093 0.0671481 0.0733432 0.0680810 0.0838807 0.0692595 0.0658845 0.0986052 0.0993310 0.0965195 0.0756159 0.0737959 0.0529764 0.0652199 0.0544899 0.0676227 0.0666134 0.0492339 0.0629249 0.0661446 0.0668107 0.0635962 0.0548903 0.0510511 0.0668977 0.0620098 0.0518977 0.0517517 0.0843470 0.0658434 0.0727790 0.0648289 0.0515395 0.0562228 0.0762136 0.0721417 0.0556958 0.0696446 0.0769536 0.0694176 0.0655001 0.0548051 0.0521938 0.0641835 0.0695119 0.0509954 0.0490701 0.0512509 0.0623237 0.0569708 0.0666145 0.0645636 0.0482652 0.0454867 0.0681621 0.0842181 0.0635666 0.0592209 0.0564748 0.0459742 0.0682230 0.0486816 0.0706269 0.0711695 0.0480604 0.0740698 0.0506100 0.0499125 0.0494676 0.0710084 0.0519473 0.0727764 0.0529698 0.0518458 0.0560467 0.0640417 0.0804402 0.0541972 0.0653896 0.0799814 0.0542430 0.0465172 0.0697874 0.0679766 0.0511304 0.0726134 0.0787667 0.0621118 0.0493152 0.0521231 0.0481560 0.0661725 0.0585266 0.0610403 0.0767319 0.0481941 0.0735965 0.0527370 0.0559020 0.0473026 0.0606633 0.0706445 0.0759200 0.0544477 0.0728570 0.0535965 0.0622790 0.0571328 0.0474016 0.0504747 0.0649082 0.0518553 0.0969348 0.0660839 0.0575461 0.0489519 0.0678406 0.0836591 0.0653260 0.0668472 0.0452115 0.0510933 0.0521613 0.0527049 0.0513981 0.0549462 0.0617482 0.0665965 0.0657827 0.0546718 0.0626198 0.0654774 0.0667287 0.0539297 0.1034615 0.0513931 0.0593238 0.0691281 0.0776443 0.0493905 0.0498991 0.0468786 0.0517372 0.0809226 0.0509179 0.0736300 0.0749836 0.0680599 0.0655091 0.1416680 0.1332009 0.0686187 0.0793972 0.0743281 0.0612871 0.0562734 0.0685451 
I0200_988_Furnariidae_Furnarius_rufus                  0.0486526 0.0663466 0.0635551 0.0609175 0.0375815 0.0642088 0.0698521 0.0551979 0.0624607 0.0748838 0.0714856 0.0531049 0.0467056 0.0601706 0.0651594 0.0000000 0.0568596 0.0422743 0.0338810 0.0464673 0.0322048 0.0531238 0.0304428 0.0486493 0.0506770 0.0473116 0.0633725 0.0505138 0.0743262 0.0534183 0.0551763 0.0491013 0.0343826 0.0331725 0.0659507 0.0661493 0.0614469 0.0538119 0.0167700 0.0717235 0.0336298 0.0807323 0.0355974 0.0322170 0.0985442 0.0983359 0.0975878 0.0521593 0.0720312 0.0594102 0.0641492 0.0538126 0.0288623 0.0330414 0.0485949 0.0613017 0.0317640 0.0150141 0.0620091 0.0544356 0.0506756 0.0341252 0.0615581 0.0502156 0.0503237 0.0809683 0.0324235 0.0718861 0.0639457 0.0508611 0.0557534 0.0754128 0.0710341 0.0554428 0.0721230 0.0763609 0.0309402 0.0331576 0.0539983 0.0501394 0.0316890 0.0697266 0.0524911 0.0492072 0.0519740 0.0599688 0.0645064 0.0693728 0.0690987 0.0493730 0.0457371 0.0681858 0.0817386 0.0627305 0.0586001 0.0548705 0.0471071 0.0666366 0.0556211 0.0686366 0.0715327 0.0480670 0.0730660 0.0495497 0.0506515 0.0488227 0.0679482 0.0590324 0.0703525 0.0514596 0.0502086 0.0565842 0.0618875 0.0781384 0.0535495 0.0660929 0.0777207 0.0543765 0.0467147 0.0325969 0.0666260 0.0506065 0.0483837 0.0788916 0.0600755 0.0496104 0.0506145 0.0479597 0.0395706 0.0592805 0.0590141 0.0769106 0.0489136 0.0724139 0.0541528 0.0560899 0.0474481 0.0614156 0.0715202 0.0759235 0.0537370 0.0440211 0.0547372 0.0634668 0.0558319 0.0476594 0.0511392 0.0627837 0.0527565 0.0987394 0.0657841 0.0562319 0.0491646 0.0681293 0.0832008 0.0413768 0.0322374 0.0450098 0.0503122 0.0521336 0.0517492 0.0510436 0.0558054 0.0609245 0.0647480 0.0632234 0.0557444 0.0619721 0.0275007 0.0342909 0.0549014 0.1032241 0.0516490 0.0597779 0.0394171 0.0747586 0.0492370 0.0504652 0.0473598 0.0520589 0.0826484 0.0503026 0.0495492 0.0510109 0.0443826 0.0366808 0.1372993 0.1299084 0.0452913 0.0564398 0.0519461 0.0620027 0.0562520 0.0506812 
I0201_999_Scolopacidae_Tringa_solitaria                0.0346334 0.0545042 0.0511441 0.0469286 0.0566202 0.0514560 0.0593914 0.0419028 0.0482614 0.0650324 0.0636053 0.0390915 0.0596244 0.0508213 0.0554099 0.0568596 0.0000000 0.0294461 0.0563315 0.0326287 0.0542706 0.0300426 0.0592238 0.0351909 0.0298645 0.0327006 0.0495329 0.0311640 0.0621639 0.0656276 0.0692421 0.0373679 0.0568709 0.0544270 0.0517352 0.0523987 0.0478275 0.0670868 0.0570897 0.0608023 0.0568577 0.0706306 0.0575414 0.0549194 0.0847886 0.0864196 0.0840321 0.0648994 0.0647605 0.0486312 0.0524217 0.0421163 0.0581828 0.0553463 0.0346723 0.0504209 0.0557029 0.0573835 0.0492911 0.0419158 0.0359175 0.0564184 0.0484154 0.0389433 0.0368531 0.0720232 0.0553770 0.0608540 0.0502753 0.0364028 0.0412888 0.0641730 0.0593889 0.0433476 0.0609651 0.0641175 0.0595107 0.0549413 0.0408716 0.0388902 0.0537261 0.0604279 0.0416952 0.0352808 0.0290158 0.0493000 0.0526702 0.0580269 0.0582007 0.0332665 0.0322722 0.0542779 0.0700274 0.0300169 0.0476198 0.0419928 0.0319344 0.0560885 0.0438472 0.0581561 0.0617033 0.0326046 0.0620191 0.0308393 0.0365191 0.0347435 0.0566261 0.0501781 0.0579480 0.0396437 0.0310980 0.0417753 0.0518278 0.0674537 0.0387560 0.0532445 0.0663298 0.0377863 0.0319965 0.0605033 0.0544631 0.0365686 0.0617700 0.0665133 0.0494642 0.0350553 0.0382076 0.0336977 0.0564103 0.0455470 0.0480927 0.0643146 0.0338191 0.0651010 0.0312046 0.0415363 0.0329815 0.0484702 0.0629715 0.0639194 0.0406485 0.0629846 0.0308139 0.0302913 0.0432536 0.0328323 0.0362849 0.0504933 0.0292912 0.0761021 0.0552455 0.0420882 0.0346481 0.0566616 0.0734563 0.0550311 0.0562120 0.0307716 0.0367811 0.0381932 0.0380108 0.0387260 0.0409641 0.0488790 0.0524484 0.0513346 0.0121758 0.0496101 0.0565774 0.0564560 0.0131704 0.0902915 0.0369422 0.0458752 0.0581947 0.0634964 0.0347541 0.0363559 0.0327642 0.0401559 0.0695327 0.0382976 0.0639229 0.0647907 0.0577332 0.0541451 0.1305646 0.1232102 0.0589997 0.0683456 0.0644427 0.0291253 0.0459410 0.0574683 
I0202_1066_Cathartidae_Cathartes_burrovianus           0.0191943 0.0395648 0.0370588 0.0349143 0.0420384 0.0377194 0.0458890 0.0282163 0.0299039 0.0524020 0.0515025 0.0254154 0.0463637 0.0362474 0.0426603 0.0422743 0.0294461 0.0000000 0.0431087 0.0181473 0.0412832 0.0247166 0.0445100 0.0206601 0.0213415 0.0178852 0.0328993 0.0233085 0.0519220 0.0524422 0.0561287 0.0223321 0.0431843 0.0413355 0.0398711 0.0400499 0.0321006 0.0540009 0.0428218 0.0476048 0.0427427 0.0591407 0.0441532 0.0412366 0.0748747 0.0745950 0.0718272 0.0523999 0.0495826 0.0352554 0.0402367 0.0273343 0.0440110 0.0419364 0.0213811 0.0363689 0.0419873 0.0425422 0.0335986 0.0270197 0.0231748 0.0432698 0.0366765 0.0238064 0.0244903 0.0598648 0.0422050 0.0478621 0.0362650 0.0220551 0.0287500 0.0519110 0.0463724 0.0290882 0.0490427 0.0504239 0.0452517 0.0414080 0.0268996 0.0236052 0.0400502 0.0484107 0.0293356 0.0198598 0.0242991 0.0354138 0.0386224 0.0432140 0.0450146 0.0195429 0.0050471 0.0420284 0.0591669 0.0376851 0.0339793 0.0282941 0.0179249 0.0421360 0.0296219 0.0449247 0.0489279 0.0195231 0.0485251 0.0219842 0.0203975 0.0206301 0.0441100 0.0365453 0.0471900 0.0249595 0.0230333 0.0287203 0.0381670 0.0566774 0.0251060 0.0387556 0.0553802 0.0239621 0.0171461 0.0473125 0.0416693 0.0217507 0.0492393 0.0525170 0.0360402 0.0206357 0.0230764 0.0192879 0.0436748 0.0335744 0.0341631 0.0508591 0.0200454 0.0509698 0.0262791 0.0296183 0.0183969 0.0345850 0.0513031 0.0500491 0.0266917 0.0485210 0.0261663 0.0361276 0.0301668 0.0178753 0.0224812 0.0374516 0.0247069 0.0746964 0.0414562 0.0294032 0.0200392 0.0435710 0.0596409 0.0416459 0.0425860 0.0161956 0.0226644 0.0244314 0.0250156 0.0225529 0.0275960 0.0346366 0.0384941 0.0379676 0.0284508 0.0366848 0.0433153 0.0434003 0.0270854 0.0800766 0.0229488 0.0301426 0.0446905 0.0517189 0.0198914 0.0208296 0.0178699 0.0244309 0.0551131 0.0220664 0.0509941 0.0513285 0.0447351 0.0416614 0.1165325 0.1105998 0.0459573 0.0562380 0.0518353 0.0352717 0.0304250 0.0449485 
I0203_1087_Tyrannidae_Hymenops_perspicillatus          0.0483086 0.0677624 0.0635585 0.0611680 0.0374721 0.0634337 0.0695027 0.0547301 0.0618467 0.0751082 0.0726392 0.0537433 0.0451611 0.0621609 0.0671423 0.0338810 0.0563315 0.0431087 0.0000000 0.0476504 0.0120950 0.0537072 0.0369130 0.0491691 0.0514578 0.0478319 0.0632089 0.0508263 0.0730381 0.0512078 0.0517105 0.0493738 0.0226994 0.0205945 0.0669965 0.0663127 0.0615345 0.0513717 0.0336646 0.0737420 0.0203320 0.0837000 0.0197956 0.0204571 0.0992246 0.0976620 0.0969782 0.0499141 0.0735078 0.0608739 0.0662128 0.0551887 0.0347526 0.0206341 0.0490416 0.0609510 0.0209729 0.0338033 0.0615981 0.0560104 0.0509921 0.0095750 0.0620715 0.0509971 0.0508330 0.0843543 0.0200496 0.0730491 0.0659882 0.0526265 0.0555260 0.0776865 0.0719209 0.0563865 0.0709824 0.0782366 0.0372248 0.0192038 0.0547873 0.0511513 0.0185452 0.0706354 0.0534718 0.0487752 0.0523727 0.0597494 0.0654093 0.0697790 0.0702975 0.0492363 0.0462857 0.0685632 0.0824504 0.0644603 0.0582641 0.0548307 0.0470348 0.0682886 0.0570093 0.0703287 0.0727715 0.0486586 0.0743159 0.0511597 0.0504533 0.0504130 0.0694960 0.0603702 0.0707313 0.0527689 0.0521424 0.0568354 0.0615645 0.0799232 0.0539656 0.0683863 0.0799082 0.0543530 0.0477714 0.0370082 0.0666822 0.0515701 0.0469653 0.0808739 0.0586499 0.0501552 0.0516132 0.0478542 0.0390230 0.0597404 0.0588051 0.0782740 0.0493800 0.0741998 0.0550610 0.0567158 0.0477894 0.0630005 0.0737225 0.0744474 0.0548318 0.0445259 0.0553903 0.0640194 0.0570436 0.0475372 0.0508432 0.0636000 0.0532495 0.0964117 0.0646584 0.0568555 0.0502265 0.0674380 0.0861947 0.0402105 0.0210443 0.0461938 0.0525463 0.0515307 0.0525242 0.0511308 0.0558031 0.0614761 0.0671263 0.0640564 0.0559063 0.0625848 0.0354030 0.0115322 0.0551623 0.1024362 0.0518854 0.0588765 0.0390484 0.0776683 0.0494110 0.0513725 0.0481074 0.0529137 0.0840345 0.0501945 0.0482277 0.0496214 0.0423450 0.0360741 0.1382940 0.1311732 0.0429921 0.0537834 0.0506430 0.0624066 0.0577020 0.0498900 
I0204_1174_Threskiornithidae_Harpiprion_caerulescens   0.0240442 0.0448057 0.0427749 0.0375351 0.0484267 0.0435707 0.0502744 0.0315137 0.0403729 0.0562731 0.0558632 0.0289940 0.0512794 0.0404280 0.0471409 0.0464673 0.0326287 0.0181473 0.0476504 0.0000000 0.0452614 0.0275989 0.0488492 0.0248240 0.0243604 0.0201837 0.0405296 0.0261560 0.0555630 0.0576770 0.0617363 0.0266989 0.0470278 0.0458530 0.0435870 0.0440804 0.0402918 0.0598198 0.0477261 0.0521284 0.0473718 0.0617027 0.0488058 0.0461542 0.0778086 0.0770915 0.0756877 0.0580471 0.0542868 0.0406713 0.0434995 0.0325950 0.0485598 0.0464165 0.0218210 0.0410701 0.0470678 0.0475966 0.0411726 0.0295651 0.0241389 0.0475562 0.0401772 0.0281158 0.0270067 0.0631979 0.0466585 0.0514252 0.0400530 0.0241462 0.0318988 0.0562248 0.0488835 0.0316098 0.0535004 0.0537609 0.0503069 0.0460184 0.0295109 0.0285538 0.0445799 0.0517372 0.0338902 0.0251703 0.0274556 0.0395931 0.0435352 0.0489135 0.0509788 0.0211846 0.0203119 0.0465730 0.0632072 0.0407600 0.0381571 0.0311473 0.0211643 0.0450409 0.0341557 0.0482833 0.0534602 0.0227138 0.0529062 0.0253821 0.0256713 0.0230745 0.0483093 0.0412934 0.0515382 0.0286937 0.0266780 0.0323573 0.0422471 0.0604540 0.0268634 0.0429207 0.0592992 0.0278367 0.0196550 0.0520412 0.0459654 0.0236161 0.0552150 0.0557527 0.0402536 0.0222350 0.0274676 0.0215550 0.0473713 0.0369690 0.0377557 0.0535709 0.0213363 0.0552317 0.0291273 0.0321554 0.0206233 0.0379396 0.0562136 0.0548273 0.0294714 0.0529454 0.0292126 0.0394385 0.0336562 0.0203636 0.0259004 0.0423254 0.0281193 0.0770231 0.0448392 0.0328367 0.0227321 0.0475459 0.0622518 0.0460894 0.0472125 0.0184436 0.0244732 0.0272606 0.0261611 0.0272744 0.0304961 0.0379458 0.0431717 0.0425098 0.0315629 0.0412586 0.0479041 0.0477835 0.0300043 0.0832018 0.0265183 0.0374174 0.0488634 0.0559245 0.0225973 0.0263521 0.0203613 0.0287318 0.0587701 0.0269726 0.0561098 0.0562792 0.0501136 0.0454592 0.1221918 0.1163880 0.0516678 0.0619637 0.0566254 0.0379451 0.0349941 0.0498920 
