35
Burramyidae_Burramys_parvus                  0.0000000 0.0591037 0.0455807 0.0435867 0.0431608 0.0581552 0.0305207 0.0301331 0.0442169 0.0615647 0.0316757 0.0596248 0.0608012 0.0312682 0.0462853 0.0602020 0.0577460 0.0599931 0.0610518 0.0475281 0.0414871 0.0739748 0.0683201 0.0599709 0.0356304 0.0551883 0.0418498 0.0436816 0.0421122 0.0642131 0.0440117 0.0302671 0.0627463 0.0582565 0.0627416 
Notoryctidae_Notoryctes_typhlops             0.0591037 0.0000000 0.0601096 0.0697134 0.0684321 0.0705901 0.0587827 0.0590927 0.0687716 0.0675310 0.0600016 0.0705202 0.0709536 0.0600190 0.0718789 0.0708195 0.0673930 0.0705928 0.0669290 0.0779548 0.0649181 0.0869440 0.0787769 0.0686737 0.0617485 0.0643356 0.0649607 0.0708918 0.0682033 0.0924675 0.0659208 0.0593971 0.0720600 0.0670917 0.0686518 
Vombatidae_Lasiorhinus_latifrons             0.0455807 0.0601096 0.0000000 0.0533028 0.0516276 0.0648069 0.0448402 0.0439281 0.0526308 0.0583988 0.0444568 0.0618250 0.0629282 0.0458732 0.0583903 0.0623812 0.0597229 0.0633769 0.0589595 0.0619574 0.0514457 0.0708385 0.0661637 0.0624118 0.0449711 0.0545110 0.0508113 0.0544739 0.0562697 0.0773214 0.0546973 0.0445353 0.0628334 0.0599234 0.0602916 
Potoroidae_Bettongia_penicillata             0.0435867 0.0697134 0.0533028 0.0000000 0.0030197 0.0680261 0.0446650 0.0441061 0.0115427 0.0663469 0.0439518 0.0703284 0.0713113 0.0452609 0.0568005 0.0709325 0.0677098 0.0713130 0.0665232 0.0285936 0.0521155 0.0798002 0.0763476 0.0683871 0.0307840 0.0676889 0.0498559 0.0234950 0.0561428 0.0756839 0.0529057 0.0449424 0.0701473 0.0676852 0.0679434 
Potoroidae_Bettongia_lesueur                 0.0431608 0.0684321 0.0516276 0.0030197 0.0000000 0.0692442 0.0444630 0.0431904 0.0109370 0.0647164 0.0436553 0.0710892 0.0720782 0.0443452 0.0553500 0.0716961 0.0682095 0.0712763 0.0649093 0.0278279 0.0509878 0.0788153 0.0765087 0.0697002 0.0292377 0.0663798 0.0484040 0.0224076 0.0553532 0.0743993 0.0521241 0.0440286 0.0684277 0.0681847 0.0669648 
Dasyuridae_Dasyurus_maculatus                0.0581552 0.0705901 0.0648069 0.0680261 0.0692442 0.0000000 0.0586734 0.0597957 0.0689196 0.0668778 0.0599183 0.0152788 0.0183783 0.0616955 0.0741196 0.0142559 0.0046793 0.0185473 0.0679226 0.0724447 0.0667044 0.0871698 0.0839408 0.0115756 0.0612464 0.0653761 0.0667268 0.0704303 0.0670263 0.0937389 0.0688726 0.0600079 0.0727979 0.0027926 0.0692171 
Phalangeridae_Trichosurus_vulpecula          0.0305207 0.0587827 0.0448402 0.0446650 0.0444630 0.0586734 0.0000000 0.0130286 0.0439174 0.0590245 0.0143669 0.0587956 0.0620196 0.0141857 0.0470917 0.0594766 0.0588049 0.0603239 0.0587892 0.0503341 0.0446135 0.0741634 0.0653450 0.0584369 0.0380013 0.0556739 0.0408150 0.0457649 0.0412568 0.0660086 0.0442777 0.0129279 0.0638618 0.0581114 0.0608541 
Phalangeridae_Spilocuscus_maculatus          0.0301331 0.0590927 0.0439281 0.0441061 0.0431904 0.0597957 0.0130286 0.0000000 0.0447598 0.0592787 0.0079987 0.0604932 0.0625681 0.0078173 0.0464487 0.0608260 0.0583968 0.0609566 0.0587650 0.0501285 0.0426763 0.0718070 0.0646126 0.0596477 0.0373582 0.0522497 0.0403920 0.0433023 0.0423524 0.0648356 0.0443940 0.0067635 0.0621875 0.0583098 0.0608163 
Potoroidae_Aepyprymnus_rufescens             0.0442169 0.0687716 0.0526308 0.0115427 0.0109370 0.0689196 0.0439174 0.0447598 0.0000000 0.0676228 0.0446070 0.0694268 0.0721281 0.0463952 0.0564374 0.0694759 0.0679581 0.0711755 0.0688895 0.0302828 0.0515142 0.0813780 0.0764499 0.0697222 0.0299329 0.0672132 0.0507540 0.0247083 0.0550245 0.0765007 0.0507183 0.0455856 0.0738279 0.0684822 0.0689496 
Peramelidae_Perameles_nasuta                 0.0615647 0.0675310 0.0583988 0.0663469 0.0647164 0.0668778 0.0590245 0.0592787 0.0676228 0.0000000 0.0564327 0.0697340 0.0690446 0.0596396 0.0706960 0.0699883 0.0636796 0.0655592 0.0102871 0.0739311 0.0617450 0.0763875 0.0677639 0.0665535 0.0607787 0.0600544 0.0600374 0.0659292 0.0671628 0.0924886 0.0665665 0.0588791 0.0146105 0.0643597 0.0007538 
Phalangeridae_Strigocuscus_pelengensis       0.0316757 0.0600016 0.0444568 0.0439518 0.0436553 0.0599183 0.0143669 0.0079987 0.0446070 0.0564327 0.0000000 0.0602344 0.0620271 0.0079707 0.0456310 0.0604855 0.0571991 0.0607687 0.0566178 0.0531293 0.0433551 0.0717048 0.0620569 0.0590082 0.0371172 0.0528857 0.0408960 0.0435313 0.0449739 0.0664004 0.0445318 0.0068970 0.0603766 0.0573607 0.0579322 
Dasyuridae_Phascogale_tapoatafa              0.0596248 0.0705202 0.0618250 0.0703284 0.0710892 0.0152788 0.0587956 0.0604932 0.0694268 0.0697340 0.0602344 0.0000000 0.0205507 0.0619539 0.0689401 0.0046750 0.0142825 0.0201288 0.0685957 0.0740948 0.0678423 0.0849185 0.0826289 0.0084710 0.0627006 0.0643677 0.0677006 0.0712769 0.0706699 0.0947915 0.0669598 0.0604924 0.0730321 0.0142823 0.0703053 
Dasyuridae_Sminthopsis_macroura              0.0608012 0.0709536 0.0629282 0.0713113 0.0720782 0.0183783 0.0620196 0.0625681 0.0721281 0.0690446 0.0620271 0.0205507 0.0000000 0.0648462 0.0701806 0.0200963 0.0176615 0.0160931 0.0675275 0.0769931 0.0678672 0.0870531 0.0810094 0.0183784 0.0635773 0.0648482 0.0681963 0.0723224 0.0728968 0.0946541 0.0686692 0.0628017 0.0716027 0.0181086 0.0699159 
Phalangeridae_Phalanger_orientalis           0.0312682 0.0600190 0.0458732 0.0452609 0.0443452 0.0616955 0.0141857 0.0078173 0.0463952 0.0596396 0.0079707 0.0619539 0.0648462 0.0000000 0.0465793 0.0625316 0.0595840 0.0625944 0.0594160 0.0504704 0.0448483 0.0736616 0.0638906 0.0613557 0.0377196 0.0539937 0.0416021 0.0447385 0.0447203 0.0663191 0.0450254 0.0022094 0.0605910 0.0600138 0.0604518 
Acrobatidae_Acrobates_pygmaeus               0.0462853 0.0718789 0.0583903 0.0568005 0.0553500 0.0741196 0.0470917 0.0464487 0.0564374 0.0706960 0.0456310 0.0689401 0.0701806 0.0465793 0.0000000 0.0701368 0.0701679 0.0690683 0.0707096 0.0637683 0.0448662 0.0845223 0.0778769 0.0707956 0.0485532 0.0668808 0.0461249 0.0551436 0.0536616 0.0728998 0.0292698 0.0449797 0.0747358 0.0689877 0.0722355 
Dasyuridae_Phascogale_calura                 0.0602020 0.0708195 0.0623812 0.0709325 0.0716961 0.0142559 0.0594766 0.0608260 0.0694759 0.0699883 0.0604855 0.0046750 0.0200963 0.0625316 0.0701368 0.0000000 0.0136272 0.0194133 0.0691419 0.0737602 0.0673284 0.0843455 0.0825052 0.0078369 0.0632726 0.0637251 0.0678596 0.0715291 0.0714966 0.0934996 0.0678287 0.0610661 0.0732920 0.0136271 0.0708517 
Dasyuridae_Sarcophilus_harrisii              0.0577460 0.0673930 0.0597229 0.0677098 0.0682095 0.0046793 0.0588049 0.0583968 0.0679581 0.0636796 0.0571991 0.0142825 0.0176615 0.0595840 0.0701679 0.0136272 0.0000000 0.0173209 0.0622423 0.0715629 0.0652666 0.0835682 0.0798664 0.0115128 0.0594022 0.0623060 0.0659250 0.0680921 0.0678820 0.0907308 0.0655804 0.0581311 0.0660653 0.0044722 0.0645922 
Dasyuridae_Planigale_tenuirostris            0.0599931 0.0705928 0.0633769 0.0713130 0.0712763 0.0185473 0.0603239 0.0609566 0.0711755 0.0655592 0.0607687 0.0201288 0.0160931 0.0625944 0.0690683 0.0194133 0.0173209 0.0000000 0.0637947 0.0782831 0.0667623 0.0858992 0.0800469 0.0177783 0.0629009 0.0642221 0.0671253 0.0726698 0.0708092 0.0935940 0.0683723 0.0605193 0.0673258 0.0177924 0.0662093 
Peramelidae_Echymipera_kalubu                0.0610518 0.0669290 0.0589595 0.0665232 0.0649093 0.0679226 0.0587892 0.0587650 0.0688895 0.0102871 0.0566178 0.0685957 0.0675275 0.0594160 0.0707096 0.0691419 0.0622423 0.0637947 0.0000000 0.0771900 0.0624708 0.0760942 0.0711832 0.0657481 0.0606517 0.0603995 0.0599089 0.0667863 0.0694539 0.0918266 0.0661828 0.0583693 0.0140227 0.0632554 0.0101683 
Macropodidae_Dorcopsulus_vanheurni           0.0475281 0.0779548 0.0619574 0.0285936 0.0278279 0.0724447 0.0503341 0.0501285 0.0302828 0.0739311 0.0531293 0.0740948 0.0769931 0.0504704 0.0637683 0.0737602 0.0715629 0.0782831 0.0771900 0.0000000 0.0547336 0.0893534 0.0857549 0.0730370 0.0357633 0.0759509 0.0545704 0.0120901 0.0558158 0.0809211 0.0578381 0.0507205 0.0811552 0.0729070 0.0763704 
Pseudochiridae_Pseudochirulus_forbesi        0.0414871 0.0649181 0.0514457 0.0521155 0.0509878 0.0667044 0.0446135 0.0426763 0.0515142 0.0617450 0.0433551 0.0678423 0.0678672 0.0448483 0.0448662 0.0673284 0.0652666 0.0667623 0.0624708 0.0547336 0.0000000 0.0774622 0.0709127 0.0665506 0.0439403 0.0599863 0.0298855 0.0470148 0.0219133 0.0620165 0.0436732 0.0435184 0.0662708 0.0644106 0.0628785 
Didelphidae_Didelphis_virginiana             0.0739748 0.0869440 0.0708385 0.0798002 0.0788153 0.0871698 0.0741634 0.0718070 0.0813780 0.0763875 0.0717048 0.0849185 0.0870531 0.0736616 0.0845223 0.0843455 0.0835682 0.0858992 0.0760942 0.0893534 0.0774622 0.0000000 0.0331445 0.0850499 0.0742310 0.0721388 0.0763962 0.0836712 0.0838655 0.1054199 0.0828093 0.0721445 0.0792632 0.0830596 0.0791917 
Marmosidae_Monodelphis_domestica             0.0683201 0.0787769 0.0661637 0.0763476 0.0765087 0.0839408 0.0653450 0.0646126 0.0764499 0.0677639 0.0620569 0.0826289 0.0810094 0.0638906 0.0778769 0.0825052 0.0798664 0.0800469 0.0711832 0.0857549 0.0709127 0.0331445 0.0000000 0.0820195 0.0700717 0.0660249 0.0671849 0.0777290 0.0747301 0.1009173 0.0757136 0.0629693 0.0725583 0.0803323 0.0695562 
Dasyuridae_Antechinus_stuartii               0.0599709 0.0686737 0.0624118 0.0683871 0.0697002 0.0115756 0.0584369 0.0596477 0.0697222 0.0665535 0.0590082 0.0084710 0.0183784 0.0613557 0.0707956 0.0078369 0.0115128 0.0177783 0.0657481 0.0730370 0.0665506 0.0850499 0.0820195 0.0000000 0.0624940 0.0618902 0.0671213 0.0715211 0.0696663 0.0939149 0.0687086 0.0599264 0.0697028 0.0115133 0.0674461 
Hypsiprymnodontidae_Hypsiprymnodon_moschatus 0.0356304 0.0617485 0.0449711 0.0307840 0.0292377 0.0612464 0.0380013 0.0373582 0.0299329 0.0607787 0.0371172 0.0627006 0.0635773 0.0377196 0.0485532 0.0632726 0.0594022 0.0629009 0.0606517 0.0357633 0.0439403 0.0742310 0.0700717 0.0624940 0.0000000 0.0566258 0.0432654 0.0305351 0.0480888 0.0680055 0.0467844 0.0364475 0.0643346 0.0593799 0.0626229 
Microbiotheriidae_Dromiciops_gliroides       0.0551883 0.0643356 0.0545110 0.0676889 0.0663798 0.0653761 0.0556739 0.0522497 0.0672132 0.0600544 0.0528857 0.0643677 0.0648482 0.0539937 0.0668808 0.0637251 0.0623060 0.0642221 0.0603995 0.0759509 0.0599863 0.0721388 0.0660249 0.0618902 0.0566258 0.0000000 0.0559364 0.0667366 0.0653292 0.0883365 0.0633947 0.0525982 0.0655309 0.0620438 0.0614434 
Pseudochiridae_Petauroides_volans            0.0418498 0.0649607 0.0508113 0.0498559 0.0484040 0.0667268 0.0408150 0.0403920 0.0507540 0.0600374 0.0408960 0.0677006 0.0681963 0.0416021 0.0461249 0.0678596 0.0659250 0.0671253 0.0599089 0.0545704 0.0298855 0.0763962 0.0671849 0.0671213 0.0432654 0.0559364 0.0000000 0.0476916 0.0308823 0.0630916 0.0443977 0.0410618 0.0642321 0.0656028 0.0612146 
Macropodidae_Wallabia_bicolor                0.0436816 0.0708918 0.0544739 0.0234950 0.0224076 0.0704303 0.0457649 0.0433023 0.0247083 0.0659292 0.0435313 0.0712769 0.0723224 0.0447385 0.0551436 0.0715291 0.0680921 0.0726698 0.0667863 0.0120901 0.0470148 0.0836712 0.0777290 0.0715211 0.0305351 0.0667366 0.0476916 0.0000000 0.0533717 0.0736152 0.0523025 0.0433960 0.0700727 0.0686072 0.0675407 
Pseudochiridae_Pseudocheirus_occidentalis    0.0421122 0.0682033 0.0562697 0.0561428 0.0553532 0.0670263 0.0412568 0.0423524 0.0550245 0.0671628 0.0449739 0.0706699 0.0728968 0.0447203 0.0536616 0.0714966 0.0678820 0.0708092 0.0694539 0.0558158 0.0219133 0.0838655 0.0747301 0.0696663 0.0480888 0.0653292 0.0308823 0.0533717 0.0000000 0.0604818 0.0455163 0.0431159 0.0719337 0.0678177 0.0674488 
Tarsipedidae_Tarsipes_rostratus              0.0642131 0.0924675 0.0773214 0.0756839 0.0743993 0.0937389 0.0660086 0.0648356 0.0765007 0.0924886 0.0664004 0.0947915 0.0946541 0.0663191 0.0728998 0.0934996 0.0907308 0.0935940 0.0918266 0.0809211 0.0620165 0.1054199 0.1009173 0.0939149 0.0680055 0.0883365 0.0630916 0.0736152 0.0604818 0.0000000 0.0718991 0.0655728 0.0948901 0.0908405 0.0946423 
Acrobatidae_Distoechurus_pennatus            0.0440117 0.0659208 0.0546973 0.0529057 0.0521241 0.0688726 0.0442777 0.0443940 0.0507183 0.0665665 0.0445318 0.0669598 0.0686692 0.0450254 0.0292698 0.0678287 0.0655804 0.0683723 0.0661828 0.0578381 0.0436732 0.0828093 0.0757136 0.0687086 0.0467844 0.0633947 0.0443977 0.0523025 0.0455163 0.0718991 0.0000000 0.0441988 0.0690558 0.0655251 0.0676082 
Phalangeridae_Phalanger_carmelitae           0.0302671 0.0593971 0.0445353 0.0449424 0.0440286 0.0600079 0.0129279 0.0067635 0.0455856 0.0588791 0.0068970 0.0604924 0.0628017 0.0022094 0.0449797 0.0610661 0.0581311 0.0605193 0.0583693 0.0507205 0.0435184 0.0721445 0.0629693 0.0599264 0.0364475 0.0525982 0.0410618 0.0433960 0.0431159 0.0655728 0.0441988 0.0000000 0.0601972 0.0585607 0.0600196 
Peramelidae_Peroryctes_raffrayana            0.0627463 0.0720600 0.0628334 0.0701473 0.0684277 0.0727979 0.0638618 0.0621875 0.0738279 0.0146105 0.0603766 0.0730321 0.0716027 0.0605910 0.0747358 0.0732920 0.0660653 0.0673258 0.0140227 0.0811552 0.0662708 0.0792632 0.0725583 0.0697028 0.0643346 0.0655309 0.0642321 0.0700727 0.0719337 0.0948901 0.0690558 0.0601972 0.0000000 0.0667673 0.0143084 
Dasyuridae_Dasyurus_geffroii                 0.0582565 0.0670917 0.0599234 0.0676852 0.0681847 0.0027926 0.0581114 0.0583098 0.0684822 0.0643597 0.0573607 0.0142823 0.0181086 0.0600138 0.0689877 0.0136271 0.0044722 0.0177924 0.0632554 0.0729070 0.0644106 0.0830596 0.0803323 0.0115133 0.0593799 0.0620438 0.0656028 0.0686072 0.0678177 0.0908405 0.0655251 0.0585607 0.0667673 0.0000000 0.0656135 
Peramelidae_Perameles_gunnii                 0.0627416 0.0686518 0.0602916 0.0679434 0.0669648 0.0692171 0.0608541 0.0608163 0.0689496 0.0007538 0.0579322 0.0703053 0.0699159 0.0604518 0.0722355 0.0708517 0.0645922 0.0662093 0.0101683 0.0763704 0.0628785 0.0791917 0.0695562 0.0674461 0.0626229 0.0614434 0.0612146 0.0675407 0.0674488 0.0946423 0.0676082 0.0600196 0.0143084 0.0656135 0.0000000 
