35
Burramyidae_Burramys_parvus                  0.0000000 0.0962354 0.0660432 0.0620539 0.0423172 0.0922250 0.0472772 0.0442175 0.0427974 0.1145752 0.0390010 0.0852898 0.1030971 0.0498203 0.0558465 0.0900077 0.0945548 0.0964812 0.1113870 0.0584171 0.0840337 0.1410911 0.1229966 0.0915371 0.0785532 0.0590046 0.0611903 0.0831241 0.0488017 0.0579638 0.0476272 0.0927035 0.0892015 0.1138737 0.0506929 
Notoryctidae_Notoryctes_typhlops             0.0962354 0.0000000 0.1111331 0.1084909 0.0722916 0.1314674 0.0960818 0.0928331 0.0737142 0.1385741 0.0798297 0.1315112 0.1503817 0.0997680 0.0957205 0.1321724 0.1341702 0.1373029 0.1381778 0.1032941 0.1339520 0.1731028 0.1497944 0.1325771 0.1270991 0.1099038 0.1091702 0.1276885 0.0858169 0.0978150 0.0976990 0.1132205 0.1328064 0.1397943 0.0689305 
Vombatidae_Lasiorhinus_latifrons             0.0660432 0.1111331 0.0000000 0.0741006 0.0470221 0.1030680 0.0627380 0.0596750 0.0460833 0.1216456 0.0510432 0.0989130 0.1115972 0.0638477 0.0672303 0.1017373 0.1024391 0.0989897 0.1202919 0.0676946 0.0937691 0.1421910 0.1233554 0.1050646 0.0898119 0.0695277 0.0694194 0.0934913 0.0584957 0.0745730 0.0630974 0.0942117 0.1010721 0.1197938 0.0579923 
Potoroidae_Bettongia_penicillata             0.0620539 0.1084909 0.0741006 0.0000000 0.0019029 0.1034483 0.0531915 0.0539651 0.0100896 0.1269503 0.0451066 0.1009032 0.1116875 0.0585393 0.0681689 0.1024453 0.1050871 0.1052324 0.1257316 0.0296877 0.0917963 0.1422685 0.1288263 0.1048978 0.0572624 0.0685707 0.0270753 0.0923907 0.0554046 0.0670768 0.0558056 0.1006463 0.1008369 0.1255220 0.0624738 
Potoroidae_Bettongia_lesueur                 0.0423172 0.0722916 0.0470221 0.0019029 0.0000000 0.0708334 0.0343140 0.0315421 0.0097140 0.0886155 0.0301471 0.0751186 0.0840349 0.0368757 0.0430140 0.0709326 0.0707757 0.0699226 0.0860031 0.0182255 0.0630514 0.0883320 0.0876716 0.0717000 0.0405412 0.0452118 0.0193869 0.0629148 0.0559944 0.0427353 0.0358464 0.0677376 0.0686797 0.0885185 0.0623015 
Dasyuridae_Dasyurus_maculatus                0.0922250 0.1314674 0.1030680 0.1034483 0.0708334 0.0000000 0.0909283 0.0911391 0.0689353 0.1414436 0.0721593 0.0297576 0.0517262 0.0920604 0.0927620 0.0308416 0.0137633 0.0470473 0.1425756 0.0969918 0.1251573 0.1482066 0.1331702 0.0338638 0.1253119 0.0954753 0.1028811 0.1262610 0.0806265 0.0974927 0.0901348 0.1121252 0.0070160 0.1406997 0.0773327 
Phalangeridae_Trichosurus_vulpecula          0.0472772 0.0960818 0.0627380 0.0531915 0.0343140 0.0909283 0.0000000 0.0217860 0.0352115 0.1127651 0.0185888 0.0901036 0.1040382 0.0250066 0.0496484 0.0906263 0.0932739 0.0932061 0.1076765 0.0515653 0.0816067 0.1342418 0.1225792 0.0927669 0.0727543 0.0553761 0.0546588 0.0783645 0.0479507 0.0532976 0.0244719 0.0843282 0.0897099 0.1142456 0.0461051 
Phalangeridae_Spilocuscus_maculatus          0.0442175 0.0928331 0.0596750 0.0539651 0.0315421 0.0911391 0.0217860 0.0000000 0.0310355 0.1154036 0.0099376 0.0886388 0.1025597 0.0130829 0.0479712 0.0906893 0.0928819 0.0950432 0.1109821 0.0484486 0.0759088 0.1422223 0.1229980 0.0944848 0.0680926 0.0548644 0.0538410 0.0749476 0.0432093 0.0537648 0.0120488 0.0940519 0.0897577 0.1197269 0.0472909 
Potoroidae_Aepyprymnus_rufescens             0.0427974 0.0737142 0.0460833 0.0100896 0.0097140 0.0689353 0.0352115 0.0310355 0.0000000 0.0861161 0.0297736 0.0732955 0.0800222 0.0368999 0.0398524 0.0690299 0.0692892 0.0689728 0.0835827 0.0157991 0.0659777 0.0860497 0.0865822 0.0702887 0.0387800 0.0443930 0.0173755 0.0646776 0.0548848 0.0413738 0.0358800 0.0654274 0.0667491 0.0860534 0.0644897 
Peramelidae_Perameles_nasuta                 0.1145752 0.1385741 0.1216456 0.1269503 0.0886155 0.1414436 0.1127651 0.1154036 0.0861161 0.0000000 0.1020876 0.1372988 0.1470431 0.1176142 0.1173774 0.1394806 0.1439036 0.1450103 0.0554655 0.1168161 0.1515778 0.1832259 0.1717362 0.1425961 0.1280357 0.1232963 0.1230647 0.1480194 0.0977961 0.1250915 0.1147787 0.0431156 0.1419893 0.0079199 0.0751801 
Phalangeridae_Strigocuscus_pelengensis       0.0390010 0.0798297 0.0510432 0.0451066 0.0301471 0.0721593 0.0185888 0.0099376 0.0297736 0.1020876 0.0000000 0.0718032 0.0850506 0.0093118 0.0388631 0.0743366 0.0752500 0.0757251 0.0984070 0.0426588 0.0734773 0.1234514 0.1065297 0.0748947 0.0612302 0.0438201 0.0465556 0.0671566 0.0410159 0.0436488 0.0083388 0.0788842 0.0711504 0.1030569 0.0364280 
Dasyuridae_Phascogale_tapoatafa              0.0852898 0.1315112 0.0989130 0.1009032 0.0751186 0.0297576 0.0901036 0.0886388 0.0732955 0.1372988 0.0718032 0.0000000 0.0480013 0.0909744 0.0871639 0.0062303 0.0265887 0.0383939 0.1393140 0.0930615 0.1265005 0.1381530 0.1179083 0.0143163 0.1240118 0.0927695 0.1005756 0.1263902 0.0863253 0.0968788 0.0895046 0.1054892 0.0266385 0.1364296 0.0820663 
Dasyuridae_Sminthopsis_macroura              0.1030971 0.1503817 0.1115972 0.1116875 0.0840349 0.0517262 0.1040382 0.1025597 0.0800222 0.1470431 0.0850506 0.0480013 0.0000000 0.0992964 0.0978224 0.0469316 0.0497370 0.0362069 0.1492308 0.1061596 0.1417526 0.1436708 0.1274764 0.0486886 0.1329570 0.1081199 0.1103968 0.1434569 0.0952377 0.1109729 0.0996391 0.1151718 0.0461394 0.1470757 0.1109167 
Phalangeridae_Phalanger_orientalis           0.0498203 0.0997680 0.0638477 0.0585393 0.0368757 0.0920604 0.0250066 0.0130829 0.0368999 0.1176142 0.0093118 0.0909744 0.0992964 0.0000000 0.0486922 0.0931307 0.0925687 0.0944525 0.1119065 0.0531769 0.0872028 0.1382063 0.1262200 0.0975412 0.0759416 0.0594604 0.0589566 0.0811777 0.0472582 0.0573835 0.0029735 0.0902309 0.0914880 0.1185687 0.0537492 
Acrobatidae_Acrobates_pygmaeus               0.0558465 0.0957205 0.0672303 0.0681689 0.0430140 0.0927620 0.0496484 0.0479712 0.0398524 0.1173774 0.0388631 0.0871639 0.0978224 0.0486922 0.0000000 0.0926504 0.0947342 0.0936867 0.1093498 0.0647374 0.0807057 0.1296410 0.1216796 0.0972634 0.0799722 0.0554957 0.0668198 0.0749378 0.0492794 0.0361290 0.0465816 0.0898318 0.0922045 0.1201994 0.0547156 
Dasyuridae_Phascogale_calura                 0.0900077 0.1321724 0.1017373 0.1024453 0.0709326 0.0308416 0.0906263 0.0906893 0.0690299 0.1394806 0.0743366 0.0062303 0.0469316 0.0931307 0.0926504 0.0000000 0.0303885 0.0404637 0.1435013 0.0963767 0.1278054 0.1392252 0.1280658 0.0130571 0.1221752 0.0958515 0.1021953 0.1296474 0.0829582 0.0992108 0.0917859 0.1111376 0.0285172 0.1394491 0.0748677 
Dasyuridae_Sarcophilus_harrisii              0.0945548 0.1341702 0.1024391 0.1050871 0.0707757 0.0137633 0.0932739 0.0928819 0.0692892 0.1439036 0.0752500 0.0265887 0.0497370 0.0925687 0.0947342 0.0303885 0.0000000 0.0463573 0.1478829 0.0990562 0.1301061 0.1502189 0.1360358 0.0328611 0.1272114 0.0955196 0.1048705 0.1294225 0.0823673 0.0991077 0.0912450 0.1156984 0.0110373 0.1432896 0.0809364 
Dasyuridae_Planigale_tenuirostris            0.0964812 0.1373029 0.0989897 0.1052324 0.0699226 0.0470473 0.0932061 0.0950432 0.0689728 0.1450103 0.0757251 0.0383939 0.0362069 0.0944525 0.0936867 0.0404637 0.0463573 0.0000000 0.1484920 0.0983174 0.1300489 0.1297607 0.1225477 0.0401075 0.1305994 0.0998043 0.1035537 0.1271244 0.0806164 0.1041924 0.0941526 0.1183639 0.0441979 0.1446788 0.0853904 
Peramelidae_Echymipera_kalubu                0.1113870 0.1381778 0.1202919 0.1257316 0.0860031 0.1425756 0.1076765 0.1109821 0.0835827 0.0554655 0.0984070 0.1393140 0.1492308 0.1119065 0.1093498 0.1435013 0.1478829 0.1484920 0.0000000 0.1182736 0.1528317 0.1860730 0.1741295 0.1448931 0.1338500 0.1221379 0.1219335 0.1434278 0.0888858 0.1217765 0.1097195 0.0386679 0.1436744 0.0526210 0.0657167 
Macropodidae_Dorcopsulus_vanheurni           0.0584171 0.1032941 0.0676946 0.0296877 0.0182255 0.0969918 0.0515653 0.0484486 0.0157991 0.1168161 0.0426588 0.0930615 0.1061596 0.0531769 0.0647374 0.0963767 0.0990562 0.0983174 0.1182736 0.0000000 0.0901713 0.1377500 0.1218327 0.0987198 0.0548615 0.0650782 0.0093026 0.0861092 0.0527080 0.0621211 0.0509785 0.0959549 0.0957073 0.1153456 0.0604368 
Pseudochiridae_Pseudochirulus_forbesi        0.0840337 0.1339520 0.0937691 0.0917963 0.0630514 0.1251573 0.0816067 0.0759088 0.0659777 0.1515778 0.0734773 0.1265005 0.1417526 0.0872028 0.0807057 0.1278054 0.1301061 0.1300489 0.1528317 0.0901713 0.0000000 0.1745297 0.1575753 0.1286011 0.1136411 0.0619010 0.0942480 0.0359363 0.0736769 0.0852275 0.0841247 0.1262340 0.1247862 0.1507935 0.0610233 
Didelphidae_Didelphis_virginiana             0.1410911 0.1731028 0.1421910 0.1422685 0.0883320 0.1482066 0.1342418 0.1422223 0.0860497 0.1832259 0.1234514 0.1381530 0.1436708 0.1382063 0.1296410 0.1392252 0.1502189 0.1297607 0.1860730 0.1377500 0.1745297 0.0000000 0.0694373 0.1435251 0.1657819 0.1465154 0.1435832 0.1812960 0.0988152 0.1340380 0.1361243 0.1580943 0.1451626 0.1850189 0.1151161 
Marmosidae_Monodelphis_domestica             0.1229966 0.1497944 0.1233554 0.1288263 0.0876716 0.1331702 0.1225792 0.1229980 0.0865822 0.1717362 0.1065297 0.1179083 0.1274764 0.1262200 0.1216796 0.1280658 0.1360358 0.1225477 0.1741295 0.1218327 0.1575753 0.0694373 0.0000000 0.1319520 0.1480848 0.1273571 0.1272635 0.1592237 0.1013156 0.1217160 0.1234317 0.1478859 0.1264169 0.1731884 0.1028127 
Dasyuridae_Antechinus_stuartii               0.0915371 0.1325771 0.1050646 0.1048978 0.0717000 0.0338638 0.0927669 0.0944848 0.0702887 0.1425961 0.0748947 0.0143163 0.0486886 0.0975412 0.0972634 0.0130571 0.0328611 0.0401075 0.1448931 0.0987198 0.1286011 0.1435251 0.1319520 0.0000000 0.1277020 0.0979200 0.1052095 0.1288075 0.0835690 0.1042581 0.0950159 0.1122224 0.0304405 0.1416702 0.0777382 
Hypsiprymnodontidae_Hypsiprymnodon_moschatus 0.0785532 0.1270991 0.0898119 0.0572624 0.0405412 0.1253119 0.0727543 0.0680926 0.0387800 0.1280357 0.0612302 0.1240118 0.1329570 0.0759416 0.0799722 0.1221752 0.1272114 0.1305994 0.1338500 0.0548615 0.1136411 0.1657819 0.1480848 0.1277020 0.0000000 0.0838413 0.0554292 0.1096632 0.0742283 0.0816023 0.0734974 0.1140474 0.1237873 0.1284538 0.0617678 
Pseudochiridae_Petauroides_volans            0.0590046 0.1099038 0.0695277 0.0685707 0.0452118 0.0954753 0.0553761 0.0548644 0.0443930 0.1232963 0.0438201 0.0927695 0.1081199 0.0594604 0.0554957 0.0958515 0.0955196 0.0998043 0.1221379 0.0650782 0.0619010 0.1465154 0.1273571 0.0979200 0.0838413 0.0000000 0.0684499 0.0550134 0.0494732 0.0599147 0.0556994 0.0967087 0.0929776 0.1236003 0.0531764 
Macropodidae_Wallabia_bicolor                0.0611903 0.1091702 0.0694194 0.0270753 0.0193869 0.1028811 0.0546588 0.0538410 0.0173755 0.1230647 0.0465556 0.1005756 0.1103968 0.0589566 0.0668198 0.1021953 0.1048705 0.1035537 0.1219335 0.0093026 0.0942480 0.1435832 0.1272635 0.1052095 0.0554292 0.0684499 0.0000000 0.0907248 0.0555101 0.0663775 0.0572065 0.0985825 0.1003542 0.1215749 0.0648709 
Pseudochiridae_Pseudocheirus_occidentalis    0.0831241 0.1276885 0.0934913 0.0923907 0.0629148 0.1262610 0.0783645 0.0749476 0.0646776 0.1480194 0.0671566 0.1263902 0.1434569 0.0811777 0.0749378 0.1296474 0.1294225 0.1271244 0.1434278 0.0861092 0.0359363 0.1812960 0.1592237 0.1288075 0.1096632 0.0550134 0.0907248 0.0000000 0.0711843 0.0795225 0.0780955 0.1225407 0.1265833 0.1470173 0.0566582 
Tarsipedidae_Tarsipes_rostratus              0.0488017 0.0858169 0.0584957 0.0554046 0.0559944 0.0806265 0.0479507 0.0432093 0.0548848 0.0977961 0.0410159 0.0863253 0.0952377 0.0472582 0.0492794 0.0829582 0.0823673 0.0806164 0.0888858 0.0527080 0.0736769 0.0988152 0.1013156 0.0835690 0.0742283 0.0494732 0.0555101 0.0711843 0.0000000 0.0556891 0.0451544 0.0751698 0.0797027 0.0979175 0.0663181 
Acrobatidae_Distoechurus_pennatus            0.0579638 0.0978150 0.0745730 0.0670768 0.0427353 0.0974927 0.0532976 0.0537648 0.0413738 0.1250915 0.0436488 0.0968788 0.1109729 0.0573835 0.0361290 0.0992108 0.0991077 0.1041924 0.1217765 0.0621211 0.0852275 0.1340380 0.1217160 0.1042581 0.0816023 0.0599147 0.0663775 0.0795225 0.0556891 0.0000000 0.0552011 0.0984628 0.0961435 0.1237017 0.0588890 
Phalangeridae_Phalanger_carmelitae           0.0476272 0.0976990 0.0630974 0.0558056 0.0358464 0.0901348 0.0244719 0.0120488 0.0358800 0.1147787 0.0083388 0.0895046 0.0996391 0.0029735 0.0465816 0.0917859 0.0912450 0.0941526 0.1097195 0.0509785 0.0841247 0.1361243 0.1234317 0.0950159 0.0734974 0.0556994 0.0572065 0.0780955 0.0451544 0.0552011 0.0000000 0.0882360 0.0895747 0.1156640 0.0500908 
Peramelidae_Peroryctes_raffrayana            0.0927035 0.1132205 0.0942117 0.1006463 0.0677376 0.1121252 0.0843282 0.0940519 0.0654274 0.0431156 0.0788842 0.1054892 0.1151718 0.0902309 0.0898318 0.1111376 0.1156984 0.1183639 0.0386679 0.0959549 0.1262340 0.1580943 0.1478859 0.1122224 0.1140474 0.0967087 0.0985825 0.1225407 0.0751698 0.0984628 0.0882360 0.0000000 0.1123124 0.0434879 0.0646860 
Dasyuridae_Dasyurus_geffroii                 0.0892015 0.1328064 0.1010721 0.1008369 0.0686797 0.0070160 0.0897099 0.0897577 0.0667491 0.1419893 0.0711504 0.0266385 0.0461394 0.0914880 0.0922045 0.0285172 0.0110373 0.0441979 0.1436744 0.0957073 0.1247862 0.1451626 0.1264169 0.0304405 0.1237873 0.0929776 0.1003542 0.1265833 0.0797027 0.0961435 0.0895747 0.1123124 0.0000000 0.1412512 0.0758161 
Peramelidae_Perameles_gunnii                 0.1138737 0.1397943 0.1197938 0.1255220 0.0885185 0.1406997 0.1142456 0.1197269 0.0860534 0.0079199 0.1030569 0.1364296 0.1470757 0.1185687 0.1201994 0.1394491 0.1432896 0.1446788 0.0526210 0.1153456 0.1507935 0.1850189 0.1731884 0.1416702 0.1284538 0.1236003 0.1215749 0.1470173 0.0979175 0.1237017 0.1156640 0.0434879 0.1412512 0.0000000 0.0759063 
Microbiotheriidae_Dromiciops_gliroides       0.0506929 0.0689305 0.0579923 0.0624738 0.0623015 0.0773327 0.0461051 0.0472909 0.0644897 0.0751801 0.0364280 0.0820663 0.1109167 0.0537492 0.0547156 0.0748677 0.0809364 0.0853904 0.0657167 0.0604368 0.0610233 0.1151161 0.1028127 0.0777382 0.0617678 0.0531764 0.0648709 0.0566582 0.0663181 0.0588890 0.0500908 0.0646860 0.0758161 0.0759063 0.0000000 
