35
Burramyidae_Burramys_parvus                  0.0000000 0.0868152 0.0595074 0.0527639 0.0519580 0.1057005 0.0441470 0.0466000 0.0503607 0.0986593 0.0476058 0.1022259 0.1036722 0.0451386 0.0526571 0.1020080 0.1053866 0.1028650 0.1029773 0.0526311 0.0492451 0.0930253 0.1230591 0.1021297 0.0527904 0.0874053 0.0476842 0.0492611 0.0499946 0.0696684 0.0478670 0.0441023 0.0980178 0.1073305 0.1001589 
Notoryctidae_Notoryctes_typhlops             0.0868152 0.0000000 0.0826952 0.0903808 0.0906968 0.1068720 0.0790039 0.0819702 0.0873050 0.1018443 0.0832133 0.1040623 0.0981611 0.0823294 0.0895989 0.1067379 0.1060845 0.1041585 0.1051303 0.0843979 0.0834901 0.1147076 0.1347134 0.1067419 0.0872319 0.0894254 0.0825320 0.0848540 0.0879583 0.0968608 0.0799408 0.0821219 0.1004665 0.1068100 0.1011862 
Vombatidae_Lasiorhinus_latifrons             0.0595074 0.0826952 0.0000000 0.0613860 0.0599409 0.0958419 0.0500222 0.0538062 0.0593946 0.0865522 0.0552606 0.0912991 0.0911587 0.0527781 0.0579896 0.0925928 0.0958073 0.0935206 0.0921545 0.0578661 0.0570046 0.0997507 0.1182155 0.0935342 0.0555871 0.0742149 0.0543950 0.0548083 0.0583054 0.0706480 0.0540294 0.0519568 0.0912095 0.0973972 0.0881573 
Potoroidae_Bettongia_penicillata             0.0527639 0.0903808 0.0613860 0.0000000 0.0066556 0.1102900 0.0466528 0.0487559 0.0085543 0.0987099 0.0489047 0.1071936 0.1079198 0.0456553 0.0491885 0.1077023 0.1104715 0.1082220 0.1003550 0.0201936 0.0487357 0.1086080 0.1242994 0.1090226 0.0290746 0.0823700 0.0519189 0.0150875 0.0490232 0.0631492 0.0482243 0.0466276 0.0961683 0.1121260 0.1020919 
Potoroidae_Bettongia_lesueur                 0.0519580 0.0906968 0.0599409 0.0066556 0.0000000 0.1087132 0.0466614 0.0483073 0.0098436 0.0991363 0.0485328 0.1056241 0.1060018 0.0449714 0.0484886 0.1061376 0.1089483 0.1077164 0.0998903 0.0193723 0.0477417 0.1099207 0.1269003 0.1074507 0.0270033 0.0826340 0.0501684 0.0142880 0.0483167 0.0635701 0.0475372 0.0459395 0.0968793 0.1105829 0.1012662 
Dasyuridae_Dasyurus_maculatus                0.1057005 0.1068720 0.0958419 0.1102900 0.1087132 0.0000000 0.0964336 0.1027963 0.1092026 0.1195787 0.1017520 0.0117060 0.0192127 0.0997197 0.1055553 0.0142609 0.0046498 0.0202374 0.1221599 0.1037713 0.1062308 0.1060523 0.1282395 0.0137328 0.1068919 0.1116437 0.1030315 0.1039499 0.1159181 0.1151159 0.1021633 0.0995586 0.1294985 0.0059162 0.1205180 
Phalangeridae_Trichosurus_vulpecula          0.0441470 0.0790039 0.0500222 0.0466528 0.0466614 0.0964336 0.0000000 0.0135481 0.0438370 0.0910430 0.0153606 0.0932510 0.0949970 0.0129683 0.0469216 0.0938090 0.0960693 0.0955396 0.0973423 0.0430612 0.0456241 0.0898254 0.1125829 0.0939359 0.0446243 0.0748292 0.0457258 0.0418879 0.0448099 0.0573156 0.0422955 0.0132267 0.0905955 0.0990030 0.0941221 
Phalangeridae_Spilocuscus_maculatus          0.0466000 0.0819702 0.0538062 0.0487559 0.0483073 0.1027963 0.0135481 0.0000000 0.0474247 0.0915268 0.0090807 0.0988606 0.1008664 0.0079056 0.0453552 0.1015277 0.1008980 0.1026635 0.0991225 0.0469078 0.0423455 0.0976283 0.1222611 0.1027887 0.0458493 0.0790026 0.0431835 0.0453451 0.0411041 0.0611659 0.0429606 0.0076385 0.0923238 0.1045140 0.0944755 
Potoroidae_Aepyprymnus_rufescens             0.0503607 0.0873050 0.0593946 0.0085543 0.0098436 0.1092026 0.0438370 0.0474247 0.0000000 0.0982640 0.0468334 0.1050399 0.1068953 0.0438585 0.0489733 0.1055613 0.1106727 0.1073615 0.1003899 0.0190669 0.0475133 0.1025588 0.1250230 0.1053401 0.0294751 0.0824344 0.0506924 0.0147566 0.0460525 0.0625153 0.0469232 0.0448321 0.0966265 0.1110424 0.1016865 
Peramelidae_Perameles_nasuta                 0.0986593 0.1018443 0.0865522 0.0987099 0.0991363 0.1195787 0.0910430 0.0915268 0.0982640 0.0000000 0.0965884 0.1177072 0.1112201 0.0939958 0.0954218 0.1180608 0.1192924 0.1184452 0.0175597 0.0993378 0.0968632 0.1157138 0.1231914 0.1188048 0.0963949 0.1017289 0.0943090 0.0974148 0.1067357 0.1143031 0.0958299 0.0933516 0.0104306 0.1211788 0.0009881 
Phalangeridae_Strigocuscus_pelengensis       0.0476058 0.0832133 0.0552606 0.0489047 0.0485328 0.1017520 0.0153606 0.0090807 0.0468334 0.0965884 0.0000000 0.0995069 0.1004427 0.0073132 0.0469136 0.1011857 0.1002243 0.1024327 0.1003572 0.0475094 0.0444110 0.1050948 0.1215727 0.1014742 0.0485586 0.0799171 0.0446993 0.0456733 0.0438392 0.0600015 0.0434888 0.0070500 0.0990757 0.1037525 0.0979780 
Dasyuridae_Phascogale_tapoatafa              0.1022259 0.1040623 0.0912991 0.1071936 0.1056241 0.0117060 0.0932510 0.0988606 0.1050399 0.1177072 0.0995069 0.0000000 0.0168787 0.0970231 0.1039751 0.0049389 0.0114454 0.0182719 0.1230745 0.1015184 0.1036531 0.1071663 0.1341335 0.0077581 0.1028912 0.1123218 0.1011406 0.1016870 0.1113265 0.1109942 0.1009990 0.0968646 0.1285008 0.0130878 0.1203399 
Dasyuridae_Sminthopsis_macroura              0.1036722 0.0981611 0.0911587 0.1079198 0.1060018 0.0192127 0.0949970 0.1008664 0.1068953 0.1112201 0.1004427 0.0168787 0.0000000 0.0982703 0.1028752 0.0189436 0.0178192 0.0160235 0.1162026 0.1007798 0.1045595 0.1013415 0.1240684 0.0180913 0.1047776 0.1055350 0.1041027 0.1018018 0.1162546 0.1124051 0.1012787 0.0981114 0.1215893 0.0206585 0.1127161 
Phalangeridae_Phalanger_orientalis           0.0451386 0.0823294 0.0527781 0.0456553 0.0449714 0.0997197 0.0129683 0.0079056 0.0438585 0.0939958 0.0073132 0.0970231 0.0982703 0.0000000 0.0427052 0.0984768 0.0980097 0.1002659 0.0998837 0.0440937 0.0418368 0.0973865 0.1204348 0.0999666 0.0453204 0.0783845 0.0428103 0.0432445 0.0421104 0.0594235 0.0411938 0.0021823 0.0945521 0.1014157 0.0961270 
Acrobatidae_Acrobates_pygmaeus               0.0526571 0.0895989 0.0579896 0.0491885 0.0484886 0.1055553 0.0469216 0.0453552 0.0489733 0.0954218 0.0469136 0.1039751 0.1028752 0.0427052 0.0000000 0.1058644 0.1052182 0.1055274 0.0967419 0.0490179 0.0381225 0.0983136 0.1178881 0.1063357 0.0478597 0.0824260 0.0411249 0.0457192 0.0376211 0.0570402 0.0242725 0.0430315 0.0939719 0.1056759 0.0968157 
Dasyuridae_Phascogale_calura                 0.1020080 0.1067379 0.0925928 0.1077023 0.1061376 0.0142609 0.0938090 0.1015277 0.1055613 0.1180608 0.1011857 0.0049389 0.0189436 0.0984768 0.1058644 0.0000000 0.0145532 0.0207865 0.1217673 0.1021448 0.1051095 0.1085276 0.1349616 0.0092373 0.1034114 0.1123252 0.1018673 0.1013871 0.1132218 0.1122362 0.1032847 0.0983168 0.1285142 0.0162173 0.1199011 
Dasyuridae_Sarcophilus_harrisii              0.1053866 0.1060845 0.0958073 0.1104715 0.1089483 0.0046498 0.0960693 0.1008980 0.1106727 0.1192924 0.1002243 0.0114454 0.0178192 0.0980097 0.1052182 0.0145532 0.0000000 0.0193633 0.1234756 0.1040015 0.1064039 0.1067219 0.1281040 0.0134766 0.1080017 0.1117245 0.1033600 0.1050527 0.1174964 0.1149646 0.1013340 0.0978513 0.1309253 0.0066709 0.1212617 
Dasyuridae_Planigale_tenuirostris            0.1028650 0.1041585 0.0935206 0.1082220 0.1077164 0.0202374 0.0955396 0.1026635 0.1073615 0.1184452 0.1024327 0.0182719 0.0160235 0.1002659 0.1055274 0.0207865 0.0193633 0.0000000 0.1205277 0.1022709 0.1038837 0.1014544 0.1357651 0.0201518 0.1038387 0.1058041 0.1050329 0.1021817 0.1146100 0.1129304 0.1024449 0.1001509 0.1285379 0.0211940 0.1211426 
Peramelidae_Echymipera_kalubu                0.1029773 0.1051303 0.0921545 0.1003550 0.0998903 0.1221599 0.0973423 0.0991225 0.1003899 0.0175597 0.1003572 0.1230745 0.1162026 0.0998837 0.0967419 0.1217673 0.1234756 0.1205277 0.0000000 0.1011074 0.0986726 0.1241480 0.1259436 0.1204423 0.0983664 0.1090965 0.0994262 0.0987614 0.1120359 0.1167279 0.0997261 0.0992301 0.0130709 0.1236168 0.0166645 
Macropodidae_Dorcopsulus_vanheurni           0.0526311 0.0843979 0.0578661 0.0201936 0.0193723 0.1037713 0.0430612 0.0469078 0.0190669 0.0993378 0.0475094 0.1015184 0.1007798 0.0440937 0.0490179 0.1021448 0.1040015 0.1022709 0.1011074 0.0000000 0.0485068 0.1002969 0.1218588 0.1019238 0.0293783 0.0792576 0.0508597 0.0090085 0.0491439 0.0588655 0.0470662 0.0450590 0.0945136 0.1055777 0.1015581 
Pseudochiridae_Pseudochirulus_forbesi        0.0492451 0.0834901 0.0570046 0.0487357 0.0477417 0.1062308 0.0456241 0.0423455 0.0475133 0.0968632 0.0444110 0.1036531 0.1045595 0.0418368 0.0381225 0.1051095 0.1064039 0.1038837 0.0986726 0.0485068 0.0000000 0.0988118 0.1193686 0.1059094 0.0474622 0.0788991 0.0232753 0.0449083 0.0137172 0.0484126 0.0375280 0.0411662 0.0921181 0.1080074 0.0985912 
Didelphidae_Didelphis_virginiana             0.0930253 0.1147076 0.0997507 0.1086080 0.1099207 0.1060523 0.0898254 0.0976283 0.1025588 0.1157138 0.1050948 0.1071663 0.1013415 0.0973865 0.0983136 0.1085276 0.1067219 0.1014544 0.1241480 0.1002969 0.0988118 0.0000000 0.0285056 0.1074625 0.1187833 0.1022882 0.1041197 0.1050414 0.1179255 0.1187079 0.1042698 0.0972883 0.1002960 0.1063031 0.1185973 
Marmosidae_Monodelphis_domestica             0.1230591 0.1347134 0.1182155 0.1242994 0.1269003 0.1282395 0.1125829 0.1222611 0.1250230 0.1231914 0.1215727 0.1341335 0.1240684 0.1204348 0.1178881 0.1349616 0.1281040 0.1357651 0.1259436 0.1218588 0.1193686 0.0285056 0.0000000 0.1291126 0.1245373 0.1159786 0.1295908 0.1227072 0.1300253 0.1397352 0.1166566 0.1188115 0.1360822 0.1331011 0.1237671 
Dasyuridae_Antechinus_stuartii               0.1021297 0.1067419 0.0935342 0.1090226 0.1074507 0.0137328 0.0939359 0.1027887 0.1053401 0.1188048 0.1014742 0.0077581 0.0180913 0.0999666 0.1063357 0.0092373 0.0134766 0.0201518 0.1204423 0.1019238 0.1059094 0.1074625 0.1291126 0.0000000 0.1056402 0.1115547 0.1022183 0.1003788 0.1146078 0.1122773 0.1033331 0.0998043 0.1244898 0.0153999 0.1201447 
Hypsiprymnodontidae_Hypsiprymnodon_moschatus 0.0527904 0.0872319 0.0555871 0.0290746 0.0270033 0.1068919 0.0446243 0.0458493 0.0294751 0.0963949 0.0485586 0.1028912 0.1047776 0.0453204 0.0478597 0.1034114 0.1080017 0.1038387 0.0983664 0.0293783 0.0474622 0.1187833 0.1245373 0.1056402 0.0000000 0.0776382 0.0471861 0.0242439 0.0487462 0.0615341 0.0457002 0.0463132 0.0898025 0.1086674 0.0980593 
Microbiotheriidae_Dromiciops_gliroides       0.0874053 0.0894254 0.0742149 0.0823700 0.0826340 0.1116437 0.0748292 0.0790026 0.0824344 0.1017289 0.0799171 0.1123218 0.1055350 0.0783845 0.0824260 0.1123252 0.1117245 0.1058041 0.1090965 0.0792576 0.0788991 0.1022882 0.1159786 0.1115547 0.0776382 0.0000000 0.0781971 0.0752290 0.0820426 0.0949577 0.0754248 0.0786564 0.0996686 0.1145729 0.1024608 
Pseudochiridae_Petauroides_volans            0.0476842 0.0825320 0.0543950 0.0519189 0.0501684 0.1030315 0.0457258 0.0431835 0.0506924 0.0943090 0.0446993 0.1011406 0.1041027 0.0428103 0.0411249 0.1018673 0.1033600 0.1050329 0.0994262 0.0508597 0.0232753 0.1041197 0.1295908 0.1022183 0.0471861 0.0781971 0.0000000 0.0467202 0.0242473 0.0476283 0.0396900 0.0424434 0.0949054 0.1047269 0.0961060 
Macropodidae_Wallabia_bicolor                0.0492611 0.0848540 0.0548083 0.0150875 0.0142880 0.1039499 0.0418879 0.0453451 0.0147566 0.0974148 0.0456733 0.1016870 0.1018018 0.0432445 0.0457192 0.1013871 0.1050527 0.1021817 0.0987614 0.0090085 0.0449083 0.1050414 0.1227072 0.1003788 0.0242439 0.0752290 0.0467202 0.0000000 0.0459798 0.0592282 0.0445268 0.0435202 0.0917280 0.1057038 0.0996357 
Pseudochiridae_Pseudocheirus_occidentalis    0.0499946 0.0879583 0.0583054 0.0490232 0.0483167 0.1159181 0.0448099 0.0411041 0.0460525 0.1067357 0.0438392 0.1113265 0.1162546 0.0421104 0.0376211 0.1132218 0.1174964 0.1146100 0.1120359 0.0491439 0.0137172 0.1179255 0.1300253 0.1146078 0.0487462 0.0820426 0.0242473 0.0459798 0.0000000 0.0524918 0.0360993 0.0420949 0.0921353 0.1173050 0.1085260 
Tarsipedidae_Tarsipes_rostratus              0.0696684 0.0968608 0.0706480 0.0631492 0.0635701 0.1151159 0.0573156 0.0611659 0.0625153 0.1143031 0.0600015 0.1109942 0.1124051 0.0594235 0.0570402 0.1122362 0.1149646 0.1129304 0.1167279 0.0588655 0.0484126 0.1187079 0.1397352 0.1122773 0.0615341 0.0949577 0.0476283 0.0592282 0.0524918 0.0000000 0.0539889 0.0589967 0.1130762 0.1154321 0.1165872 
Acrobatidae_Distoechurus_pennatus            0.0478670 0.0799408 0.0540294 0.0482243 0.0475372 0.1021633 0.0422955 0.0429606 0.0469232 0.0958299 0.0434888 0.1009990 0.1012787 0.0411938 0.0242725 0.1032847 0.1013340 0.1024449 0.0997261 0.0470662 0.0375280 0.1042698 0.1166566 0.1033331 0.0457002 0.0754248 0.0396900 0.0445268 0.0360993 0.0539889 0.0000000 0.0414887 0.0982547 0.1015733 0.0984055 
Phalangeridae_Phalanger_carmelitae           0.0441023 0.0821219 0.0519568 0.0466276 0.0459395 0.0995586 0.0132267 0.0076385 0.0448321 0.0933516 0.0070500 0.0968646 0.0981114 0.0021823 0.0430315 0.0983168 0.0978513 0.1001509 0.0992301 0.0450590 0.0411662 0.0972883 0.1188115 0.0998043 0.0463132 0.0786564 0.0424434 0.0435202 0.0420949 0.0589967 0.0414887 0.0000000 0.0937568 0.1012510 0.0954861 
Peramelidae_Peroryctes_raffrayana            0.0980178 0.1004665 0.0912095 0.0961683 0.0968793 0.1294985 0.0905955 0.0923238 0.0966265 0.0104306 0.0990757 0.1285008 0.1215893 0.0945521 0.0939719 0.1285142 0.1309253 0.1285379 0.0130709 0.0945136 0.0921181 0.1002960 0.1360822 0.1244898 0.0898025 0.0996686 0.0949054 0.0917280 0.0921353 0.1130762 0.0982547 0.0937568 0.0000000 0.1326214 0.0094558 
Dasyuridae_Dasyurus_geffroii                 0.1073305 0.1068100 0.0973972 0.1121260 0.1105829 0.0059162 0.0990030 0.1045140 0.1110424 0.1211788 0.1037525 0.0130878 0.0206585 0.1014157 0.1056759 0.0162173 0.0066709 0.0211940 0.1236168 0.1055777 0.1080074 0.1063031 0.1331011 0.0153999 0.1086674 0.1145729 0.1047269 0.1057038 0.1173050 0.1154321 0.1015733 0.1012510 0.1326214 0.0000000 0.1230442 
Peramelidae_Perameles_gunnii                 0.1001589 0.1011862 0.0881573 0.1020919 0.1012662 0.1205180 0.0941221 0.0944755 0.1016865 0.0009881 0.0979780 0.1203399 0.1127161 0.0961270 0.0968157 0.1199011 0.1212617 0.1211426 0.0166645 0.1015581 0.0985912 0.1185973 0.1237671 0.1201447 0.0980593 0.1024608 0.0961060 0.0996357 0.1085260 0.1165872 0.0984055 0.0954861 0.0094558 0.1230442 0.0000000 
