35
Burramyidae_Burramys_parvus                  0.0000000 0.0951582 0.0565919 0.0581135 0.0598815 0.0845852 0.0587701 0.0589778 0.0613620 0.0842788 0.0482665 0.0888171 0.0481085 0.0455642 0.0884228 0.0911936 0.0835131 0.0882285 0.0574724 0.0664675 0.1066556 0.0897424 0.0863091 0.0564029 0.0725679 0.0554749 0.0585713 0.0555988 0.0757385 0.0525740 0.0477955 0.0847073 0.0894642 0.0860610 0.0838275 
Notoryctidae_Notoryctes_typhlops             0.0951582 0.0000000 0.0868963 0.0939919 0.0960418 0.1031193 0.1070096 0.0935257 0.0979432 0.1089161 0.0890087 0.1121160 0.0864852 0.0843232 0.1129625 0.1089469 0.1002398 0.1105713 0.0920738 0.1013246 0.1258731 0.1085924 0.1049708 0.0907913 0.1010318 0.0957228 0.0920282 0.0931611 0.1146479 0.0941081 0.0871163 0.1098403 0.1070034 0.1097556 0.1145952 
Vombatidae_Lasiorhinus_latifrons             0.0565919 0.0868963 0.0000000 0.0620863 0.0638509 0.0785078 0.0609531 0.0497437 0.0640635 0.0843481 0.0533948 0.0805389 0.0545678 0.0494611 0.0819414 0.0808603 0.0735529 0.0899135 0.0591739 0.0638546 0.1000836 0.0836967 0.0800055 0.0576388 0.0665571 0.0588651 0.0597056 0.0555267 0.0812265 0.0531472 0.0530318 0.0860205 0.0778211 0.0865301 0.0798019 
Potoroidae_Bettongia_penicillata             0.0581135 0.0939919 0.0620863 0.0000000 0.0021914 0.0898320 0.0664967 0.0467555 0.0094050 0.0918246 0.0561147 0.0922038 0.0528167 0.0555783 0.0918069 0.0917794 0.0877502 0.0927028 0.0212070 0.0708835 0.1187086 0.0945908 0.0891815 0.0362743 0.0775393 0.0650989 0.0219122 0.0583700 0.0826095 0.0646999 0.0524234 0.0935738 0.0942095 0.0939339 0.0936552 
Potoroidae_Bettongia_lesueur                 0.0598815 0.0960418 0.0638509 0.0021914 0.0000000 0.0913912 0.0682822 0.0489387 0.0103071 0.0938679 0.0578944 0.0938313 0.0545227 0.0573067 0.0934337 0.0933940 0.0894261 0.0947220 0.0221901 0.0721264 0.1201821 0.0955031 0.0907985 0.0373354 0.0794288 0.0663200 0.0229082 0.0589967 0.0839722 0.0665003 0.0541158 0.0955781 0.0958060 0.0960088 0.0947256 
Dasyuridae_Dasyurus_maculatus                0.0845852 0.1031193 0.0785078 0.0898320 0.0913912 0.0000000 0.0920660 0.0800345 0.0942006 0.0993807 0.0817373 0.0285867 0.0792403 0.0747227 0.0265971 0.0099874 0.0237296 0.1004879 0.0856383 0.0917493 0.1208645 0.0993429 0.0260417 0.0861983 0.0819475 0.0824147 0.0871549 0.0771434 0.1037635 0.0805458 0.0769799 0.1001944 0.0086851 0.1022799 0.0319302 
Phalangeridae_Trichosurus_vulpecula          0.0587701 0.1070096 0.0609531 0.0664967 0.0682822 0.0920660 0.0000000 0.0213537 0.0699695 0.0986740 0.0350496 0.0932380 0.0331782 0.0577411 0.0928468 0.0968889 0.0911294 0.0979573 0.0664289 0.0739446 0.1125921 0.0925363 0.0908085 0.0647261 0.0792255 0.0676266 0.0675450 0.0640913 0.0852501 0.0647779 0.0323909 0.0945782 0.0941113 0.1006889 0.0985788 
Phalangeridae_Spilocuscus_maculatus          0.0589778 0.0935257 0.0497437 0.0467555 0.0489387 0.0800345 0.0213537 0.0000000 0.0491724 0.0988944 0.0161590 0.0865241 0.0119520 0.0412462 0.0867546 0.0844386 0.0763248 0.0982557 0.0468202 0.0595544 0.0933887 0.0779556 0.0828086 0.0540259 0.0715854 0.0517536 0.0493978 0.0413550 0.0815807 0.0602989 0.0100515 0.0996530 0.0845317 0.1027922 0.0753739 
Potoroidae_Aepyprymnus_rufescens             0.0613620 0.0979432 0.0640635 0.0094050 0.0103071 0.0942006 0.0699695 0.0491724 0.0000000 0.0934127 0.0594073 0.0966220 0.0548570 0.0564507 0.0962236 0.0948692 0.0930054 0.0940830 0.0237770 0.0748307 0.1213344 0.0968161 0.0942198 0.0380694 0.0820305 0.0678531 0.0244765 0.0629278 0.0858478 0.0657551 0.0555649 0.0949860 0.0986811 0.0955108 0.0995054 
Peramelidae_Perameles_nasuta                 0.0842788 0.1089161 0.0843481 0.0918246 0.0938679 0.0993807 0.0986740 0.0988944 0.0934127 0.0000000 0.0895584 0.1041782 0.0867227 0.0843760 0.1024533 0.1028438 0.0985159 0.0196778 0.0922848 0.1005654 0.1282760 0.1134465 0.1003103 0.0864697 0.0941981 0.0920839 0.0923172 0.0890448 0.1142193 0.0878466 0.0869865 0.0144302 0.1020596 0.0013513 0.1023955 
Phalangeridae_Strigocuscus_pelengensis       0.0482665 0.0890087 0.0533948 0.0561147 0.0578944 0.0817373 0.0350496 0.0161590 0.0594073 0.0895584 0.0000000 0.0863155 0.0103652 0.0461861 0.0878458 0.0882506 0.0778595 0.0892301 0.0549463 0.0641113 0.0948141 0.0765487 0.0833095 0.0549779 0.0673185 0.0581143 0.0564514 0.0542857 0.0707103 0.0560081 0.0102976 0.0857073 0.0857308 0.0919078 0.0876402 
Dasyuridae_Phascogale_tapoatafa              0.0888171 0.1121160 0.0805389 0.0922038 0.0938313 0.0285867 0.0932380 0.0865241 0.0966220 0.1041782 0.0863155 0.0000000 0.0860587 0.0787525 0.0040142 0.0295316 0.0291829 0.1055196 0.0871940 0.0951287 0.1268848 0.1080731 0.0106959 0.0870221 0.0889000 0.0846758 0.0868566 0.0785012 0.1089348 0.0824058 0.0837149 0.1032439 0.0281301 0.1077673 0.0361678 
Phalangeridae_Phalanger_orientalis           0.0481085 0.0864852 0.0545678 0.0528167 0.0545227 0.0792403 0.0331782 0.0119520 0.0548570 0.0867227 0.0103652 0.0860587 0.0000000 0.0447924 0.0856512 0.0853187 0.0779304 0.0876683 0.0512392 0.0605184 0.0959642 0.0813965 0.0838703 0.0523531 0.0653461 0.0549455 0.0516948 0.0520586 0.0681315 0.0533444 0.0044354 0.0828284 0.0827948 0.0889871 0.0856849 
Acrobatidae_Acrobates_pygmaeus               0.0455642 0.0843232 0.0494611 0.0555783 0.0573067 0.0747227 0.0577411 0.0412462 0.0564507 0.0843760 0.0461861 0.0787525 0.0447924 0.0000000 0.0794768 0.0782093 0.0714224 0.0858931 0.0494485 0.0550649 0.1050167 0.0866945 0.0766654 0.0527326 0.0648879 0.0480714 0.0488057 0.0437005 0.0687912 0.0243215 0.0450151 0.0843940 0.0758311 0.0868379 0.0757620 
Dasyuridae_Phascogale_calura                 0.0884228 0.1129625 0.0819414 0.0918069 0.0934337 0.0265971 0.0928468 0.0867546 0.0962236 0.1024533 0.0878458 0.0040142 0.0856512 0.0794768 0.0000000 0.0280649 0.0280818 0.1032430 0.0873167 0.0958939 0.1262267 0.1076203 0.0102153 0.0865276 0.0877140 0.0860543 0.0876040 0.0787804 0.1083458 0.0818963 0.0833200 0.1015128 0.0276708 0.1060425 0.0337257 
Dasyuridae_Sarcophilus_harrisii              0.0911936 0.1089469 0.0808603 0.0917794 0.0933940 0.0099874 0.0968889 0.0844386 0.0948692 0.1028438 0.0882506 0.0295316 0.0853187 0.0782093 0.0280649 0.0000000 0.0279957 0.1062721 0.0874583 0.0978146 0.1268936 0.1051759 0.0271753 0.0867767 0.0867343 0.0897278 0.0889900 0.0828114 0.1095572 0.0858263 0.0829913 0.1046064 0.0105139 0.1056477 0.0337374 
Dasyuridae_Planigale_tenuirostris            0.0835131 0.1002398 0.0735529 0.0877502 0.0894261 0.0237296 0.0911294 0.0763248 0.0930054 0.0985159 0.0778595 0.0291829 0.0779304 0.0714224 0.0280818 0.0279957 0.0000000 0.1004336 0.0830839 0.0900571 0.1203320 0.0947374 0.0269543 0.0850368 0.0823587 0.0823449 0.0835575 0.0715657 0.0942868 0.0764941 0.0761668 0.1021304 0.0260534 0.1018710 0.0175215 
Peramelidae_Echymipera_kalubu                0.0882285 0.1105713 0.0899135 0.0927028 0.0947220 0.1004879 0.0979573 0.0982557 0.0940830 0.0196778 0.0892301 0.1055196 0.0876683 0.0858931 0.1032430 0.1062721 0.1004336 0.0000000 0.0910086 0.1042378 0.1336854 0.1137101 0.1019475 0.0890859 0.0939849 0.0916482 0.0920532 0.0918917 0.1146945 0.0920948 0.0878128 0.0162050 0.1030737 0.0193406 0.1084812 
Macropodidae_Dorcopsulus_vanheurni           0.0574724 0.0920738 0.0591739 0.0212070 0.0221901 0.0856383 0.0664289 0.0468202 0.0237770 0.0922848 0.0549463 0.0871940 0.0512392 0.0494485 0.0873167 0.0874583 0.0830839 0.0910086 0.0000000 0.0680843 0.1141879 0.0928038 0.0852151 0.0323512 0.0753020 0.0602819 0.0089509 0.0541150 0.0772593 0.0588645 0.0503229 0.0917440 0.0904144 0.0943600 0.0882788 
Pseudochiridae_Pseudochirulus_forbesi        0.0664675 0.1013246 0.0638546 0.0708835 0.0721264 0.0917493 0.0739446 0.0595544 0.0748307 0.1005654 0.0641113 0.0951287 0.0605184 0.0550649 0.0958939 0.0978146 0.0900571 0.1042378 0.0680843 0.0000000 0.1202250 0.1016871 0.0943362 0.0699560 0.0778296 0.0317706 0.0653603 0.0163153 0.0754214 0.0587876 0.0616615 0.1008501 0.0920997 0.1018203 0.0915725 
Didelphidae_Didelphis_virginiana             0.1066556 0.1258731 0.1000836 0.1187086 0.1201821 0.1208645 0.1125921 0.0933887 0.1213344 0.1282760 0.0948141 0.1268848 0.0959642 0.1050167 0.1262267 0.1268936 0.1203320 0.1336854 0.1141879 0.1202250 0.0000000 0.0299581 0.1257015 0.1088240 0.1142838 0.1091633 0.1128257 0.1078831 0.1371660 0.1123265 0.0963980 0.1303462 0.1235990 0.1307456 0.1293638 
Marmosidae_Monodelphis_domestica             0.0897424 0.1085924 0.0836967 0.0945908 0.0955031 0.0993429 0.0925363 0.0779556 0.0968161 0.1134465 0.0765487 0.1080731 0.0813965 0.0866945 0.1076203 0.1051759 0.0947374 0.1137101 0.0928038 0.1016871 0.0299581 0.0000000 0.1050691 0.0940988 0.0957529 0.0892916 0.0945143 0.0865618 0.1210576 0.0973782 0.0821489 0.1150754 0.1021968 0.1148430 0.1036691 
Dasyuridae_Antechinus_stuartii               0.0863091 0.1049708 0.0800055 0.0891815 0.0907985 0.0260417 0.0908085 0.0828086 0.0942198 0.1003103 0.0833095 0.0106959 0.0838703 0.0766654 0.0102153 0.0271753 0.0269543 0.1019475 0.0852151 0.0943362 0.1257015 0.1050691 0.0000000 0.0885470 0.0889304 0.0863284 0.0853868 0.0765885 0.1094832 0.0815349 0.0821387 0.1014042 0.0268381 0.1053317 0.0334697 
Hypsiprymnodontidae_Hypsiprymnodon_moschatus 0.0564029 0.0907913 0.0576388 0.0362743 0.0373354 0.0861983 0.0647261 0.0540259 0.0380694 0.0864697 0.0549779 0.0870221 0.0523531 0.0527326 0.0865276 0.0867767 0.0850368 0.0890859 0.0323512 0.0699560 0.1088240 0.0940988 0.0885470 0.0000000 0.0737890 0.0610396 0.0341520 0.0578672 0.0781452 0.0602253 0.0508828 0.0872833 0.0896047 0.0893075 0.0932481 
Microbiotheriidae_Dromiciops_gliroides       0.0725679 0.1010318 0.0665571 0.0775393 0.0794288 0.0819475 0.0792255 0.0715854 0.0820305 0.0941981 0.0673185 0.0889000 0.0653461 0.0648879 0.0877140 0.0867343 0.0823587 0.0939849 0.0753020 0.0778296 0.1142838 0.0957529 0.0889304 0.0737890 0.0000000 0.0724251 0.0757608 0.0675787 0.0927844 0.0665560 0.0643969 0.0941659 0.0849068 0.0953104 0.0947817 
Pseudochiridae_Petauroides_volans            0.0554749 0.0957228 0.0588651 0.0650989 0.0663200 0.0824147 0.0676266 0.0517536 0.0678531 0.0920839 0.0581143 0.0846758 0.0549455 0.0480714 0.0860543 0.0897278 0.0823449 0.0916482 0.0602819 0.0317706 0.1091633 0.0892916 0.0863284 0.0610396 0.0724251 0.0000000 0.0584470 0.0226874 0.0693372 0.0507510 0.0550994 0.0889675 0.0828698 0.0936038 0.0845862 
Macropodidae_Wallabia_bicolor                0.0585713 0.0920282 0.0597056 0.0219122 0.0229082 0.0871549 0.0675450 0.0493978 0.0244765 0.0923172 0.0564514 0.0868566 0.0516948 0.0488057 0.0876040 0.0889900 0.0835575 0.0920532 0.0089509 0.0653603 0.1128257 0.0945143 0.0853868 0.0341520 0.0757608 0.0584470 0.0000000 0.0523975 0.0780084 0.0588695 0.0518632 0.0928966 0.0913653 0.0950727 0.0895445 
Pseudochiridae_Pseudocheirus_occidentalis    0.0555988 0.0931611 0.0555267 0.0583700 0.0589967 0.0771434 0.0640913 0.0413550 0.0629278 0.0890448 0.0542857 0.0785012 0.0520586 0.0437005 0.0787804 0.0828114 0.0715657 0.0918917 0.0541150 0.0163153 0.1078831 0.0865618 0.0765885 0.0578672 0.0675787 0.0226874 0.0523975 0.0000000 0.0615043 0.0489063 0.0527886 0.0900084 0.0782710 0.0896818 0.0848094 
Tarsipedidae_Tarsipes_rostratus              0.0757385 0.1146479 0.0812265 0.0826095 0.0839722 0.1037635 0.0852501 0.0815807 0.0858478 0.1142193 0.0707103 0.1089348 0.0681315 0.0687912 0.1083458 0.1095572 0.0942868 0.1146945 0.0772593 0.0754214 0.1371660 0.1210576 0.1094832 0.0781452 0.0927844 0.0693372 0.0780084 0.0615043 0.0000000 0.0761189 0.0681869 0.1114464 0.1063802 0.1158713 0.1069121 
Acrobatidae_Distoechurus_pennatus            0.0525740 0.0941081 0.0531472 0.0646999 0.0665003 0.0805458 0.0647779 0.0602989 0.0657551 0.0878466 0.0560081 0.0824058 0.0533444 0.0243215 0.0818963 0.0858263 0.0764941 0.0920948 0.0588645 0.0587876 0.1123265 0.0973782 0.0815349 0.0602253 0.0665560 0.0507510 0.0588695 0.0489063 0.0761189 0.0000000 0.0540157 0.0871454 0.0823228 0.0906993 0.0813402 
Phalangeridae_Phalanger_carmelitae           0.0477955 0.0871163 0.0530318 0.0524234 0.0541158 0.0769799 0.0323909 0.0100515 0.0555649 0.0869865 0.0102976 0.0837149 0.0044354 0.0450151 0.0833200 0.0829913 0.0761668 0.0878128 0.0503229 0.0616615 0.0963980 0.0821489 0.0821387 0.0508828 0.0643969 0.0550994 0.0518632 0.0527886 0.0681869 0.0540157 0.0000000 0.0842308 0.0812433 0.0891279 0.0829829 
Peramelidae_Peroryctes_raffrayana            0.0847073 0.1098403 0.0860205 0.0935738 0.0955781 0.1001944 0.0945782 0.0996530 0.0949860 0.0144302 0.0857073 0.1032439 0.0828284 0.0843940 0.1015128 0.1046064 0.1021304 0.0162050 0.0917440 0.1008501 0.1303462 0.1150754 0.1014042 0.0872833 0.0941659 0.0889675 0.0928966 0.0900084 0.1114464 0.0871454 0.0842308 0.0000000 0.1028570 0.0138656 0.1035053 
Dasyuridae_Dasyurus_geffroii                 0.0894642 0.1070034 0.0778211 0.0942095 0.0958060 0.0086851 0.0941113 0.0845317 0.0986811 0.1020596 0.0857308 0.0281301 0.0827948 0.0758311 0.0276708 0.0105139 0.0260534 0.1030737 0.0904144 0.0920997 0.1235990 0.1021968 0.0268381 0.0896047 0.0849068 0.0828698 0.0913653 0.0782710 0.1063802 0.0823228 0.0812433 0.1028570 0.0000000 0.1049556 0.0333398 
Peramelidae_Perameles_gunnii                 0.0860610 0.1097556 0.0865301 0.0939339 0.0960088 0.1022799 0.1006889 0.1027922 0.0955108 0.0013513 0.0919078 0.1077673 0.0889871 0.0868379 0.1060425 0.1056477 0.1018710 0.0193406 0.0943600 0.1018203 0.1307456 0.1148430 0.1053317 0.0893075 0.0953104 0.0936038 0.0950727 0.0896818 0.1158713 0.0906993 0.0891279 0.0138656 0.1049556 0.0000000 0.1029841 
Dasyuridae_Sminthopsis_macroura              0.0838275 0.1145952 0.0798019 0.0936552 0.0947256 0.0319302 0.0985788 0.0753739 0.0995054 0.1023955 0.0876402 0.0361678 0.0856849 0.0757620 0.0337257 0.0337374 0.0175215 0.1084812 0.0882788 0.0915725 0.1293638 0.1036691 0.0334697 0.0932481 0.0947817 0.0845862 0.0895445 0.0848094 0.1069121 0.0813402 0.0829829 0.1035053 0.0333398 0.1029841 0.0000000 
