35
Notoryctidae_Notoryctes_typhlops             0.0000000 0.1226817 0.1363724 0.1398518 0.1702339 0.1268407 0.1321095 0.1362769 0.1752850 0.1374078 0.1792684 0.1801229 0.1314987 0.1383076 0.1832089 0.1748479 0.1818759 0.1636454 0.1303852 0.1330159 0.1796827 0.1762821 0.1751581 0.1346533 0.1402075 0.1321503 0.1332227 0.1360042 0.1693967 0.1479040 0.1314290 0.1900473 0.1747485 0.1761375 0.1246089 
Vombatidae_Lasiorhinus_latifrons             0.1226817 0.0000000 0.0884705 0.0904442 0.1293362 0.0768868 0.0804157 0.0912728 0.1441772 0.0882777 0.1391058 0.1401509 0.0809467 0.0875183 0.1421014 0.1308510 0.1390124 0.1266913 0.0858899 0.0868582 0.1373285 0.1414793 0.1302497 0.0844698 0.0995983 0.0794132 0.0872295 0.0835875 0.1224688 0.0969407 0.0820258 0.1500666 0.1334016 0.1442439 0.0775083 
Potoroidae_Bettongia_penicillata             0.1363724 0.0884705 0.0000000 0.0097182 0.1493123 0.0813185 0.0853534 0.0172008 0.1470946 0.0915404 0.1601493 0.1578341 0.0850283 0.0935654 0.1635348 0.1499941 0.1553364 0.1310189 0.0281697 0.0957990 0.1544111 0.1583516 0.1532687 0.0583897 0.1198717 0.0890635 0.0296744 0.0908007 0.1288764 0.1052933 0.0875194 0.1555867 0.1505129 0.1453628 0.0824442 
Potoroidae_Bettongia_lesueur                 0.1398518 0.0904442 0.0097182 0.0000000 0.1480941 0.0821016 0.0866156 0.0182667 0.1484294 0.0924907 0.1596868 0.1599906 0.0875899 0.0942919 0.1630071 0.1497848 0.1560111 0.1343411 0.0308494 0.0962979 0.1529519 0.1606189 0.1518377 0.0602504 0.1207297 0.0902107 0.0315756 0.0921698 0.1283061 0.1036961 0.0891014 0.1592702 0.1502288 0.1466425 0.0833147 
Dasyuridae_Dasyurus_maculatus                0.1702339 0.1293362 0.1493123 0.1480941 0.0000000 0.1381536 0.1413796 0.1497488 0.1701807 0.1498236 0.0357858 0.0540151 0.1416458 0.1515570 0.0388365 0.0175803 0.0508457 0.1497387 0.1371905 0.1389607 0.1846247 0.1824866 0.0314333 0.1442939 0.1453699 0.1353219 0.1417135 0.1386114 0.1785475 0.1609969 0.1394096 0.1805077 0.0114248 0.1711455 0.1273597 
Phalangeridae_Trichosurus_vulpecula          0.1268407 0.0768868 0.0813185 0.0821016 0.1381536 0.0000000 0.0189956 0.0825117 0.1413974 0.0262904 0.1493081 0.1515827 0.0207621 0.0885101 0.1538318 0.1397420 0.1509608 0.1231841 0.0780925 0.0898222 0.1343556 0.1392474 0.1357708 0.0798408 0.1055402 0.0813382 0.0768606 0.0832832 0.1157072 0.0947556 0.0214415 0.1481536 0.1405588 0.1437513 0.0715324 
Phalangeridae_Spilocuscus_maculatus          0.1321095 0.0804157 0.0853534 0.0866156 0.1413796 0.0189956 0.0000000 0.0878639 0.1412784 0.0181190 0.1544952 0.1573345 0.0143713 0.0918140 0.1590871 0.1429783 0.1567760 0.1227189 0.0821126 0.0939598 0.1423645 0.1446840 0.1411814 0.0839080 0.1100976 0.0833281 0.0809267 0.0860740 0.1162824 0.0946825 0.0143520 0.1478779 0.1438413 0.1439052 0.0771840 
Potoroidae_Aepyprymnus_rufescens             0.1362769 0.0912728 0.0172008 0.0182667 0.1497488 0.0825117 0.0878639 0.0000000 0.1470611 0.0940917 0.1602524 0.1619902 0.0897523 0.0925620 0.1635769 0.1524080 0.1602155 0.1365507 0.0312238 0.0953551 0.1555590 0.1566987 0.1530234 0.0568006 0.1217001 0.0903054 0.0323591 0.0908398 0.1282285 0.1041212 0.0912665 0.1597258 0.1528199 0.1469781 0.0846938 
Peramelidae_Perameles_nasuta                 0.1752850 0.1441772 0.1470946 0.1484294 0.1701807 0.1413974 0.1412784 0.1470611 0.0000000 0.1459105 0.1848100 0.1885476 0.1428393 0.1516081 0.1884242 0.1696862 0.1835745 0.0315444 0.1408589 0.1460689 0.1903358 0.1876148 0.1699446 0.1463672 0.1524193 0.1402072 0.1387087 0.1438058 0.1759347 0.1633620 0.1442983 0.0499316 0.1684687 0.0000010 0.1284976 
Phalangeridae_Strigocuscus_pelengensis       0.1374078 0.0882777 0.0915404 0.0924907 0.1498236 0.0262904 0.0181190 0.0940917 0.1459105 0.0000000 0.1630984 0.1652021 0.0192069 0.0955653 0.1663870 0.1504862 0.1605291 0.1264973 0.0889268 0.1023163 0.1504200 0.1510418 0.1466778 0.0905266 0.1155206 0.0921593 0.0882287 0.0922842 0.1262446 0.1019349 0.0191936 0.1516491 0.1506317 0.1483654 0.0835843 
Dasyuridae_Phascogale_tapoatafa              0.1792684 0.1391058 0.1601493 0.1596868 0.0357858 0.1493081 0.1544952 0.1602524 0.1848100 0.1630984 0.0000000 0.0572196 0.1548556 0.1606892 0.0088787 0.0364607 0.0536996 0.1615478 0.1499305 0.1493188 0.1895109 0.1942383 0.0187153 0.1554694 0.1500176 0.1417045 0.1534662 0.1478108 0.1858627 0.1678757 0.1540397 0.1953236 0.0394904 0.1844251 0.1367225 
Dasyuridae_Sminthopsis_macroura              0.1801229 0.1401509 0.1578341 0.1599906 0.0540151 0.1515827 0.1573345 0.1619902 0.1885476 0.1652021 0.0572196 0.0000000 0.1536271 0.1631641 0.0568485 0.0551231 0.0411091 0.1662022 0.1507608 0.1495904 0.1956701 0.2035373 0.0538428 0.1590762 0.1539341 0.1460070 0.1548726 0.1462245 0.1892222 0.1719334 0.1547589 0.1967040 0.0565865 0.1881294 0.1358435 
Phalangeridae_Phalanger_orientalis           0.1314987 0.0809467 0.0850283 0.0875899 0.1416458 0.0207621 0.0143713 0.0897523 0.1428393 0.0192069 0.1548556 0.1536271 0.0000000 0.0921429 0.1583157 0.1436106 0.1542618 0.1254849 0.0851670 0.0952964 0.1424750 0.1453712 0.1394635 0.0865007 0.1116143 0.0869244 0.0835230 0.0883565 0.1208350 0.0963617 0.0043822 0.1502503 0.1445406 0.1452638 0.0791431 
Acrobatidae_Acrobates_pygmaeus               0.1383076 0.0875183 0.0935654 0.0942919 0.1515570 0.0885101 0.0918140 0.0925620 0.1516081 0.0955653 0.1606892 0.1631641 0.0921429 0.0000000 0.1667614 0.1540511 0.1612098 0.1388028 0.0884809 0.0859952 0.1574171 0.1612028 0.1507607 0.0950186 0.1218963 0.0824224 0.0883439 0.0832054 0.1216711 0.0532379 0.0934144 0.1644360 0.1525127 0.1534809 0.0862539 
Dasyuridae_Phascogale_calura                 0.1832089 0.1421014 0.1635348 0.1630071 0.0388365 0.1538318 0.1590871 0.1635769 0.1884242 0.1663870 0.0088787 0.0568485 0.1583157 0.1667614 0.0000000 0.0391272 0.0545334 0.1655325 0.1526384 0.1515442 0.1935426 0.1978930 0.0218557 0.1591760 0.1532130 0.1454565 0.1561987 0.1506048 0.1903941 0.1730381 0.1574880 0.1983751 0.0433896 0.1880105 0.1422511 
Dasyuridae_Sarcophilus_harrisii              0.1748479 0.1308510 0.1499941 0.1497848 0.0175803 0.1397420 0.1429783 0.1524080 0.1696862 0.1504862 0.0364607 0.0551231 0.1436106 0.1540511 0.0391272 0.0000000 0.0515752 0.1503706 0.1393351 0.1391573 0.1861295 0.1841370 0.0297770 0.1472641 0.1474378 0.1355244 0.1448247 0.1397749 0.1807104 0.1620747 0.1438409 0.1811480 0.0181116 0.1700824 0.1271240 
Dasyuridae_Planigale_tenuirostris            0.1818759 0.1390124 0.1553364 0.1560111 0.0508457 0.1509608 0.1567760 0.1602155 0.1835745 0.1605291 0.0536996 0.0411091 0.1542618 0.1612098 0.0545334 0.0515752 0.0000000 0.1614841 0.1458304 0.1458510 0.2000233 0.2029197 0.0517858 0.1530028 0.1539776 0.1466957 0.1504625 0.1470995 0.1914054 0.1716112 0.1536075 0.1921857 0.0538002 0.1835312 0.1367475 
Peramelidae_Echymipera_kalubu                0.1636454 0.1266913 0.1310189 0.1343411 0.1497387 0.1231841 0.1227189 0.1365507 0.0315444 0.1264973 0.1615478 0.1662022 0.1254849 0.1388028 0.1655325 0.1503706 0.1614841 0.0000000 0.1254972 0.1331052 0.1712866 0.1728671 0.1470771 0.1353815 0.1338887 0.1266154 0.1265711 0.1293953 0.1594912 0.1460458 0.1262277 0.0362418 0.1486318 0.0317794 0.1220842 
Macropodidae_Dorcopsulus_vanheurni           0.1303852 0.0858899 0.0281697 0.0308494 0.1371905 0.0780925 0.0821126 0.0312238 0.1408589 0.0889268 0.1499305 0.1507608 0.0851670 0.0884809 0.1526384 0.1393351 0.1458304 0.1254972 0.0000000 0.0890060 0.1496885 0.1528098 0.1453155 0.0530319 0.1129547 0.0826563 0.0133897 0.0857324 0.1223232 0.0967953 0.0858687 0.1511734 0.1391774 0.1407541 0.0778347 
Pseudochiridae_Pseudochirulus_forbesi        0.1330159 0.0868582 0.0957990 0.0962979 0.1389607 0.0898222 0.0939598 0.0953551 0.1460689 0.1023163 0.1493188 0.1495904 0.0952964 0.0859952 0.1515442 0.1391573 0.1458510 0.1331052 0.0890060 0.0000000 0.1454192 0.1549288 0.1433779 0.0910844 0.1220801 0.0394692 0.0904629 0.0178106 0.1116626 0.0947830 0.0965741 0.1650005 0.1384569 0.1467616 0.0859965 
Didelphidae_Didelphis_virginiana             0.1796827 0.1373285 0.1544111 0.1529519 0.1846247 0.1343556 0.1423645 0.1555590 0.1903358 0.1504200 0.1895109 0.1956701 0.1424750 0.1574171 0.1935426 0.1861295 0.2000233 0.1712866 0.1496885 0.1454192 0.0000000 0.0616382 0.1864837 0.1584041 0.1413527 0.1431444 0.1511465 0.1393385 0.1806690 0.1614627 0.1464985 0.1909816 0.1859864 0.1912324 0.1247545 
Marmosidae_Monodelphis_domestica             0.1762821 0.1414793 0.1583516 0.1606189 0.1824866 0.1392474 0.1446840 0.1566987 0.1876148 0.1510418 0.1942383 0.2035373 0.1453712 0.1612028 0.1978930 0.1841370 0.2029197 0.1728671 0.1528098 0.1549288 0.0616382 0.0000000 0.1871379 0.1582888 0.1506085 0.1450424 0.1539336 0.1481454 0.1953297 0.1662262 0.1460603 0.1976375 0.1843595 0.1912962 0.1345705 
Dasyuridae_Antechinus_stuartii               0.1751581 0.1302497 0.1532687 0.1518377 0.0314333 0.1357708 0.1411814 0.1530234 0.1699446 0.1466778 0.0187153 0.0538428 0.1394635 0.1507607 0.0218557 0.0297770 0.0517858 0.1470771 0.1453155 0.1433779 0.1864837 0.1871379 0.0000000 0.1514220 0.1390787 0.1415838 0.1473101 0.1423135 0.1630114 0.1654154 0.1391265 0.1716592 0.0349133 0.1696838 0.1232199 
Hypsiprymnodontidae_Hypsiprymnodon_moschatus 0.1346533 0.0844698 0.0583897 0.0602504 0.1442939 0.0798408 0.0839080 0.0568006 0.1463672 0.0905266 0.1554694 0.1590762 0.0865007 0.0950186 0.1591760 0.1472641 0.1530028 0.1353815 0.0530319 0.0910844 0.1584041 0.1582888 0.1514220 0.0000000 0.1174549 0.0915223 0.0523245 0.0903805 0.1318351 0.1048984 0.0871964 0.1602942 0.1465457 0.1444639 0.0771521 
Microbiotheriidae_Dromiciops_gliroides       0.1402075 0.0995983 0.1198717 0.1207297 0.1453699 0.1055402 0.1100976 0.1217001 0.1524193 0.1155206 0.1500176 0.1539341 0.1116143 0.1218963 0.1532130 0.1474378 0.1539776 0.1338887 0.1129547 0.1220801 0.1413527 0.1506085 0.1390787 0.1174549 0.0000000 0.1104065 0.1135541 0.1121446 0.1534689 0.1370931 0.1125496 0.1600033 0.1471004 0.1518415 0.1063477 
Pseudochiridae_Petauroides_volans            0.1321503 0.0794132 0.0890635 0.0902107 0.1353219 0.0813382 0.0833281 0.0903054 0.1402072 0.0921593 0.1417045 0.1460070 0.0869244 0.0824224 0.1454565 0.1355244 0.1466957 0.1266154 0.0826563 0.0394692 0.1431444 0.1450424 0.1415838 0.0915223 0.1104065 0.0000000 0.0840500 0.0350676 0.1005981 0.0964443 0.0876553 0.1489319 0.1333002 0.1400533 0.0759678 
Macropodidae_Wallabia_bicolor                0.1332227 0.0872295 0.0296744 0.0315756 0.1417135 0.0768606 0.0809267 0.0323591 0.1387087 0.0882287 0.1534662 0.1548726 0.0835230 0.0883439 0.1561987 0.1448247 0.1504625 0.1265711 0.0133897 0.0904629 0.1511465 0.1539336 0.1473101 0.0523245 0.1135541 0.0840500 0.0000000 0.0857274 0.1222378 0.0954584 0.0842253 0.1493786 0.1437045 0.1398076 0.0760864 
Pseudochiridae_Pseudocheirus_occidentalis    0.1360042 0.0835875 0.0908007 0.0921698 0.1386114 0.0832832 0.0860740 0.0908398 0.1438058 0.0922842 0.1478108 0.1462245 0.0883565 0.0832054 0.1506048 0.1397749 0.1470995 0.1293953 0.0857324 0.0178106 0.1393385 0.1481454 0.1423135 0.0903805 0.1121446 0.0350676 0.0857274 0.0000000 0.1012993 0.0941570 0.0891170 0.1539940 0.1385680 0.1446916 0.0810608 
Tarsipedidae_Tarsipes_rostratus              0.1693967 0.1224688 0.1288764 0.1283061 0.1785475 0.1157072 0.1162824 0.1282285 0.1759347 0.1262446 0.1858627 0.1892222 0.1208350 0.1216711 0.1903941 0.1807104 0.1914054 0.1594912 0.1223232 0.1116626 0.1806690 0.1953297 0.1630114 0.1318351 0.1534689 0.1005981 0.1222378 0.1012993 0.0000000 0.1353684 0.1215872 0.1805506 0.1804854 0.1795491 0.1254058 
Acrobatidae_Distoechurus_pennatus            0.1479040 0.0969407 0.1052933 0.1036961 0.1609969 0.0947556 0.0946825 0.1041212 0.1633620 0.1019349 0.1678757 0.1719334 0.0963617 0.0532379 0.1730381 0.1620747 0.1716112 0.1460458 0.0967953 0.0947830 0.1614627 0.1662262 0.1654154 0.1048984 0.1370931 0.0964443 0.0954584 0.0941570 0.1353684 0.0000000 0.0971419 0.1766286 0.1612275 0.1645956 0.0864668 
Phalangeridae_Phalanger_carmelitae           0.1314290 0.0820258 0.0875194 0.0891014 0.1394096 0.0214415 0.0143520 0.0912665 0.1442983 0.0191936 0.1540397 0.1547589 0.0043822 0.0934144 0.1574880 0.1438409 0.1536075 0.1262277 0.0858687 0.0965741 0.1464985 0.1460603 0.1391265 0.0871964 0.1125496 0.0876553 0.0842253 0.0891170 0.1215872 0.0971419 0.0000000 0.1516781 0.1447123 0.1466507 0.0801559 
Peramelidae_Peroryctes_raffrayana            0.1900473 0.1500666 0.1555867 0.1592702 0.1805077 0.1481536 0.1478779 0.1597258 0.0499316 0.1516491 0.1953236 0.1967040 0.1502503 0.1644360 0.1983751 0.1811480 0.1921857 0.0362418 0.1511734 0.1650005 0.1909816 0.1976375 0.1716592 0.1602942 0.1600033 0.1489319 0.1493786 0.1539940 0.1805506 0.1766286 0.1516781 0.0000000 0.1794891 0.0498415 0.1579092 
Dasyuridae_Dasyurus_geffroii                 0.1747485 0.1334016 0.1505129 0.1502288 0.0114248 0.1405588 0.1438413 0.1528199 0.1684687 0.1506317 0.0394904 0.0565865 0.1445406 0.1525127 0.0433896 0.0181116 0.0538002 0.1486318 0.1391774 0.1384569 0.1859864 0.1843595 0.0349133 0.1465457 0.1471004 0.1333002 0.1437045 0.1385680 0.1804854 0.1612275 0.1447123 0.1794891 0.0000000 0.1684793 0.1266988 
Peramelidae_Perameles_gunnii                 0.1761375 0.1442439 0.1453628 0.1466425 0.1711455 0.1437513 0.1439052 0.1469781 0.0000010 0.1483654 0.1844251 0.1881294 0.1452638 0.1534809 0.1880105 0.1700824 0.1835312 0.0317794 0.1407541 0.1467616 0.1912324 0.1912962 0.1696838 0.1444639 0.1518415 0.1400533 0.1398076 0.1446916 0.1795491 0.1645956 0.1466507 0.0498415 0.1684793 0.0000000 0.1294141 
Burramyidae_Burramys_parvus                  0.1246089 0.0775083 0.0824442 0.0833147 0.1273597 0.0715324 0.0771840 0.0846938 0.1284976 0.0835843 0.1367225 0.1358435 0.0791431 0.0862539 0.1422511 0.1271240 0.1367475 0.1220842 0.0778347 0.0859965 0.1247545 0.1345705 0.1232199 0.0771521 0.1063477 0.0759678 0.0760864 0.0810608 0.1254058 0.0864668 0.0801559 0.1579092 0.1266988 0.1294141 0.0000000 
