35
Burramyidae_Burramys_parvus                  0.0000000 0.0763900 0.0460268 0.0507120 0.0413417 0.0594730 0.0089563 0.0175160 0.0475258 0.1005505 0.0179401 0.0575841 0.0598419 0.0148802 0.0662847 0.0575401 0.0580255 0.0469570 0.0896183 0.0553603 0.0508854 0.1243700 0.0998617 0.0520822 0.0404586 0.0517196 0.0597908 0.0539013 0.0737595 0.0720123 0.0603651 0.0172772 0.0918548 0.0627130 0.0968427 
Notoryctidae_Notoryctes_typhlops             0.0763900 0.0000000 0.0783801 0.0868728 0.0837585 0.0844026 0.0558982 0.0683521 0.0892333 0.1220332 0.0636130 0.0807289 0.0868238 0.0595990 0.1005865 0.0826524 0.0872236 0.0819309 0.1072615 0.0864030 0.0823090 0.1553055 0.1221392 0.0792097 0.0872067 0.0866656 0.0989165 0.0893026 0.0962608 0.1020483 0.0963369 0.0653911 0.1086591 0.0891245 0.1166706 
Vombatidae_Lasiorhinus_latifrons             0.0460268 0.0783801 0.0000000 0.0624369 0.0595633 0.0658101 0.0289299 0.0474530 0.0639796 0.1088062 0.0458955 0.0596405 0.0734948 0.0406008 0.0723248 0.0596181 0.0697684 0.0631639 0.1076154 0.0642124 0.0543700 0.1496946 0.1159865 0.0582742 0.0598551 0.0534367 0.0630656 0.0649144 0.0700193 0.0776681 0.0623563 0.0443870 0.1077065 0.0738805 0.1057665 
Potoroidae_Bettongia_penicillata             0.0507120 0.0868728 0.0624369 0.0000000 0.0011179 0.0777198 0.0453077 0.0600375 0.0023561 0.1231038 0.0596397 0.0772684 0.0859719 0.0575298 0.0751130 0.0762228 0.0800788 0.0761509 0.1126015 0.0056120 0.0695443 0.1492981 0.1133343 0.0763478 0.0147523 0.0776802 0.0766276 0.0053014 0.0815304 0.0856873 0.0652122 0.0571997 0.1133719 0.0833203 0.1187521 
Potoroidae_Bettongia_lesueur                 0.0413417 0.0837585 0.0595633 0.0011179 0.0000000 0.0744248 0.0372148 0.0541222 0.0015304 0.1164681 0.0537882 0.0740164 0.0822021 0.0503278 0.0696721 0.0728884 0.0768386 0.0721354 0.1064903 0.0040191 0.0655528 0.1452947 0.1088860 0.0729430 0.0098370 0.0729653 0.0746082 0.0037769 0.0779307 0.0829410 0.0597154 0.0511336 0.1083697 0.0801035 0.1116683 
Dasyuridae_Dasyurus_maculatus                0.0594730 0.0844026 0.0658101 0.0777198 0.0744248 0.0000000 0.0355878 0.0573762 0.0747417 0.1038044 0.0583094 0.0013689 0.0022757 0.0503276 0.0846900 0.0014502 0.0008806 0.0021691 0.0924012 0.0777546 0.0679305 0.1366020 0.1062879 0.0017260 0.0739750 0.0703646 0.0793085 0.0785881 0.0861576 0.0932114 0.0860756 0.0554475 0.0949988 0.0007243 0.0956646 
Phalangeridae_Trichosurus_vulpecula          0.0089563 0.0558982 0.0289299 0.0453077 0.0372148 0.0355878 0.0000000 0.0027595 0.0374690 0.1035210 0.0021857 0.0386115 0.0414271 0.0021651 0.0534391 0.0385351 0.0352426 0.0373179 0.0955023 0.0474918 0.0209765 0.1272132 0.1000720 0.0331296 0.0184744 0.0522808 0.0550115 0.0457411 0.0602361 0.0547280 0.0457681 0.0023566 0.0958307 0.0437094 0.0987874 
Phalangeridae_Spilocuscus_maculatus          0.0175160 0.0683521 0.0474530 0.0600375 0.0541222 0.0573762 0.0027595 0.0000000 0.0561905 0.1147717 0.0020065 0.0576116 0.0598490 0.0018939 0.0628659 0.0575676 0.0559153 0.0601655 0.1082362 0.0595778 0.0409678 0.1318065 0.1042598 0.0534313 0.0497468 0.0630533 0.0638713 0.0603518 0.0733073 0.0616995 0.0605827 0.0020783 0.1073201 0.0606663 0.1103799 
Potoroidae_Aepyprymnus_rufescens             0.0475258 0.0892333 0.0639796 0.0023561 0.0015304 0.0747417 0.0374690 0.0561905 0.0000000 0.1207532 0.0541008 0.0753049 0.0813111 0.0506224 0.0718350 0.0741735 0.0781143 0.0751572 0.1086333 0.0045773 0.0606463 0.1456634 0.1111058 0.0762485 0.0117085 0.0760540 0.0756288 0.0045897 0.0767131 0.0817277 0.0682479 0.0513735 0.1108124 0.0804396 0.1141439 
Peramelidae_Perameles_nasuta                 0.1005505 0.1220332 0.1088062 0.1231038 0.1164681 0.1038044 0.1035210 0.1147717 0.1207532 0.0000000 0.1141755 0.1019131 0.1035453 0.1058415 0.1323913 0.1028930 0.1067991 0.0962870 0.0069873 0.1147798 0.1106579 0.1885599 0.1430931 0.1012054 0.1129989 0.1257777 0.1331202 0.1166165 0.1253545 0.1342526 0.1383526 0.1096052 0.0048654 0.1116519 0.0000010 
Phalangeridae_Strigocuscus_pelengensis       0.0179401 0.0636130 0.0458955 0.0596397 0.0537882 0.0583094 0.0021857 0.0020065 0.0541008 0.1141755 0.0000000 0.0562803 0.0617051 0.0012959 0.0648465 0.0584564 0.0589782 0.0583997 0.1069378 0.0597231 0.0439783 0.1401455 0.1109529 0.0539000 0.0461165 0.0662924 0.0631852 0.0604403 0.0700958 0.0669275 0.0627967 0.0014658 0.1060457 0.0636782 0.1089469 
Dasyuridae_Phascogale_tapoatafa              0.0575841 0.0807289 0.0596405 0.0772684 0.0740164 0.0013689 0.0386115 0.0576116 0.0753049 0.1019131 0.0562803 0.0000000 0.0021774 0.0505646 0.0838835 0.0003532 0.0020870 0.0022729 0.0927350 0.0802471 0.0639259 0.1346706 0.1024781 0.0008089 0.0743491 0.0685181 0.0803542 0.0820114 0.0801287 0.0934594 0.0854211 0.0556794 0.0932724 0.0020834 0.0940269 
Dasyuridae_Sminthopsis_macroura              0.0598419 0.0868238 0.0734948 0.0859719 0.0822021 0.0022757 0.0414271 0.0598490 0.0813111 0.1035453 0.0617051 0.0021774 0.0000000 0.0560860 0.0922486 0.0020679 0.0026069 0.0011595 0.0938448 0.0883285 0.0742527 0.1497174 0.1161341 0.0019764 0.0783825 0.0681520 0.0869217 0.0857897 0.0928844 0.1015988 0.0929276 0.0613101 0.0946838 0.0026017 0.0920141 
Phalangeridae_Phalanger_orientalis           0.0148802 0.0595990 0.0406008 0.0575298 0.0503278 0.0503276 0.0021651 0.0018939 0.0506224 0.1058415 0.0012959 0.0505646 0.0560860 0.0000000 0.0543118 0.0505175 0.0533958 0.0528938 0.0983597 0.0563968 0.0372254 0.1371797 0.1075802 0.0484437 0.0404961 0.0615656 0.0588809 0.0570945 0.0653484 0.0626488 0.0522053 0.0005730 0.0986284 0.0582261 0.1016095 
Acrobatidae_Acrobates_pygmaeus               0.0662847 0.1005865 0.0723248 0.0751130 0.0696721 0.0846900 0.0534391 0.0628659 0.0718350 0.1323913 0.0648465 0.0838835 0.0922486 0.0543118 0.0000000 0.0837674 0.0865622 0.0888351 0.1168641 0.0751861 0.0472737 0.1606284 0.1306128 0.0836655 0.0738209 0.0862111 0.0659718 0.0780732 0.0707923 0.0787500 0.0377963 0.0571980 0.1129342 0.0916588 0.1247466 
Dasyuridae_Phascogale_calura                 0.0575401 0.0826524 0.0596181 0.0762228 0.0728884 0.0014502 0.0385351 0.0575676 0.0741735 0.1028930 0.0584564 0.0003532 0.0020679 0.0505175 0.0837674 0.0000000 0.0019876 0.0021694 0.0935527 0.0791462 0.0637734 0.1348191 0.1040889 0.0008863 0.0732058 0.0682817 0.0804096 0.0809731 0.0801723 0.0934963 0.0853660 0.0556356 0.0931928 0.0019843 0.0948270 
Dasyuridae_Sarcophilus_harrisii              0.0580255 0.0872236 0.0697684 0.0800788 0.0768386 0.0008806 0.0352426 0.0559153 0.0781143 0.1067991 0.0589782 0.0020870 0.0026069 0.0533958 0.0865622 0.0019876 0.0000000 0.0023756 0.0983427 0.0815371 0.0717129 0.1356235 0.1100827 0.0017301 0.0773980 0.0731722 0.0808823 0.0829122 0.0885136 0.0955936 0.0864582 0.0582637 0.0968781 0.0010395 0.0985368 
Dasyuridae_Planigale_tenuirostris            0.0469570 0.0819309 0.0631639 0.0761509 0.0721354 0.0021691 0.0373179 0.0601655 0.0751572 0.0962870 0.0583997 0.0022729 0.0011595 0.0528938 0.0888351 0.0021694 0.0023756 0.0000000 0.0870675 0.0759314 0.0644137 0.1364797 0.1070383 0.0020837 0.0695393 0.0697639 0.0753270 0.0785658 0.0834284 0.0896243 0.0817209 0.0570365 0.0883804 0.0026871 0.0895651 
Peramelidae_Echymipera_kalubu                0.0896183 0.1072615 0.1076154 0.1126015 0.1064903 0.0924012 0.0955023 0.1082362 0.1086333 0.0069873 0.1069378 0.0927350 0.0938448 0.0983597 0.1168641 0.0935527 0.0983427 0.0870675 0.0000000 0.1044774 0.1067160 0.1633097 0.1290618 0.0917921 0.1032751 0.1143134 0.1176178 0.1091638 0.1108821 0.1308431 0.1276272 0.1006570 0.0035820 0.1006221 0.0051874 
Macropodidae_Dorcopsulus_vanheurni           0.0553603 0.0864030 0.0642124 0.0056120 0.0040191 0.0777546 0.0474918 0.0595778 0.0045773 0.1147798 0.0597231 0.0802471 0.0883285 0.0563968 0.0751861 0.0791462 0.0815371 0.0759314 0.1044774 0.0000000 0.0594411 0.1495278 0.1171927 0.0773016 0.0116394 0.0756928 0.0755281 0.0015402 0.0835827 0.0854405 0.0660491 0.0549429 0.1074428 0.0834248 0.1092030 
Pseudochiridae_Pseudochirulus_forbesi        0.0508854 0.0823090 0.0543700 0.0695443 0.0655528 0.0679305 0.0209765 0.0409678 0.0606463 0.1106579 0.0439783 0.0639259 0.0742527 0.0372254 0.0472737 0.0637734 0.0717129 0.0644137 0.1067160 0.0594411 0.0000000 0.1367403 0.1062067 0.0627968 0.0602766 0.0648868 0.0063822 0.0635801 0.0061220 0.0505324 0.0465313 0.0344785 0.0987253 0.0733118 0.1049306 
Didelphidae_Didelphis_virginiana             0.1243700 0.1553055 0.1496946 0.1492981 0.1452947 0.1366020 0.1272132 0.1318065 0.1456634 0.1885599 0.1401455 0.1346706 0.1497174 0.1371797 0.1606284 0.1348191 0.1356235 0.1364797 0.1633097 0.1495278 0.1367403 0.0000000 0.0412231 0.1324684 0.1462559 0.1421521 0.1531907 0.1540102 0.1544449 0.1765046 0.1615959 0.1406258 0.1625741 0.1430336 0.1764530 
Marmosidae_Monodelphis_domestica             0.0998617 0.1221392 0.1159865 0.1133343 0.1088860 0.1062879 0.1000720 0.1042598 0.1111058 0.1430931 0.1109529 0.1024781 0.1161341 0.1075802 0.1306128 0.1040889 0.1100827 0.1070383 0.1290618 0.1171927 0.1062067 0.0412231 0.0000000 0.1079377 0.1142831 0.1140344 0.1220655 0.1194419 0.1158265 0.1482237 0.1321021 0.1107931 0.1235968 0.1134479 0.1360703 
Dasyuridae_Antechinus_stuartii               0.0520822 0.0792097 0.0582742 0.0763478 0.0729430 0.0017260 0.0331296 0.0534313 0.0762485 0.1012054 0.0539000 0.0008089 0.0019764 0.0484437 0.0836655 0.0008863 0.0017301 0.0020837 0.0917921 0.0773016 0.0627968 0.1324684 0.1079377 0.0000000 0.0733307 0.0682364 0.0785884 0.0779958 0.0799943 0.0899874 0.0810802 0.0537148 0.0928512 0.0020959 0.0938811 
Hypsiprymnodontidae_Hypsiprymnodon_moschatus 0.0404586 0.0872067 0.0598551 0.0147523 0.0098370 0.0739750 0.0184744 0.0497468 0.0117085 0.1129989 0.0461165 0.0743491 0.0783825 0.0404961 0.0738209 0.0732058 0.0773980 0.0695393 0.1032751 0.0116394 0.0602766 0.1462559 0.1142831 0.0733307 0.0000000 0.0673683 0.0719062 0.0107328 0.0729884 0.0763484 0.0651997 0.0428652 0.1062142 0.0797493 0.1069283 
Microbiotheriidae_Dromiciops_gliroides       0.0517196 0.0866656 0.0534367 0.0776802 0.0729653 0.0703646 0.0522808 0.0630533 0.0760540 0.1257777 0.0662924 0.0685181 0.0681520 0.0615656 0.0862111 0.0682817 0.0731722 0.0697639 0.1143134 0.0756928 0.0648868 0.1421521 0.1140344 0.0682364 0.0673683 0.0000000 0.0722325 0.0795623 0.0819134 0.0817639 0.0809350 0.0634159 0.1119976 0.0757749 0.1171477 
Pseudochiridae_Petauroides_volans            0.0597908 0.0989165 0.0630656 0.0766276 0.0746082 0.0793085 0.0550115 0.0638713 0.0756288 0.1331202 0.0631852 0.0803542 0.0869217 0.0588809 0.0659718 0.0804096 0.0808823 0.0753270 0.1176178 0.0755281 0.0063822 0.1531907 0.1220655 0.0785884 0.0719062 0.0722325 0.0000000 0.0782305 0.0131759 0.0557270 0.0604570 0.0584570 0.1206899 0.0837078 0.1253588 
Macropodidae_Wallabia_bicolor                0.0539013 0.0893026 0.0649144 0.0053014 0.0037769 0.0785881 0.0457411 0.0603518 0.0045897 0.1166165 0.0604403 0.0820114 0.0857897 0.0570945 0.0780732 0.0809731 0.0829122 0.0785658 0.1091638 0.0015402 0.0635801 0.1540102 0.1194419 0.0779958 0.0107328 0.0795623 0.0782305 0.0000000 0.0844133 0.0850485 0.0678636 0.0567562 0.1141714 0.0852745 0.1123455 
Pseudochiridae_Pseudocheirus_occidentalis    0.0737595 0.0962608 0.0700193 0.0815304 0.0779307 0.0861576 0.0602361 0.0733073 0.0767131 0.1253545 0.0700958 0.0801287 0.0928844 0.0653484 0.0707923 0.0801723 0.0885136 0.0834284 0.1108821 0.0835827 0.0061220 0.1544449 0.1158265 0.0799943 0.0729884 0.0819134 0.0131759 0.0844133 0.0000000 0.0736281 0.0706784 0.0648059 0.1124377 0.0921010 0.1175741 
Tarsipedidae_Tarsipes_rostratus              0.0720123 0.1020483 0.0776681 0.0856873 0.0829410 0.0932114 0.0547280 0.0616995 0.0817277 0.1342526 0.0669275 0.0934594 0.1015988 0.0626488 0.0787500 0.0934963 0.0955936 0.0896243 0.1308431 0.0854405 0.0505324 0.1765046 0.1482237 0.0899874 0.0763484 0.0817639 0.0557270 0.0850485 0.0736281 0.0000000 0.0709482 0.0632143 0.1353468 0.0986384 0.1368754 
Acrobatidae_Distoechurus_pennatus            0.0603651 0.0963369 0.0623563 0.0652122 0.0597154 0.0860756 0.0457681 0.0605827 0.0682479 0.1383526 0.0627967 0.0854211 0.0929276 0.0522053 0.0377963 0.0853660 0.0864582 0.0817209 0.1276272 0.0660491 0.0465313 0.1615959 0.1321021 0.0810802 0.0651997 0.0809350 0.0604570 0.0678636 0.0706784 0.0709482 0.0000000 0.0536407 0.1261683 0.0928123 0.1324236 
Phalangeridae_Phalanger_carmelitae           0.0172772 0.0653911 0.0443870 0.0571997 0.0511336 0.0554475 0.0023566 0.0020783 0.0513735 0.1096052 0.0014658 0.0556794 0.0613101 0.0005730 0.0571980 0.0556356 0.0582637 0.0570365 0.1006570 0.0549429 0.0344785 0.1406258 0.1107931 0.0537148 0.0428652 0.0634159 0.0584570 0.0567562 0.0648059 0.0632143 0.0536407 0.0000000 0.0999152 0.0628882 0.1050181 
Peramelidae_Peroryctes_raffrayana            0.0918548 0.1086591 0.1077065 0.1133719 0.1083697 0.0949988 0.0958307 0.1073201 0.1108124 0.0048654 0.1060457 0.0932724 0.0946838 0.0986284 0.1129342 0.0931928 0.0968781 0.0883804 0.0035820 0.1074428 0.0987253 0.1625741 0.1235968 0.0928512 0.1062142 0.1119976 0.1206899 0.1141714 0.1124377 0.1353468 0.1261683 0.0999152 0.0000000 0.1010566 0.0040476 
Dasyuridae_Dasyurus_geffroii                 0.0627130 0.0891245 0.0738805 0.0833203 0.0801035 0.0007243 0.0437094 0.0606663 0.0804396 0.1116519 0.0636782 0.0020834 0.0026017 0.0582261 0.0916588 0.0019843 0.0010395 0.0026871 0.1006221 0.0834248 0.0733118 0.1430336 0.1134479 0.0020959 0.0797493 0.0757749 0.0837078 0.0852745 0.0921010 0.0986384 0.0928123 0.0628882 0.1010566 0.0000000 0.1027586 
Peramelidae_Perameles_gunnii                 0.0968427 0.1166706 0.1057665 0.1187521 0.1116683 0.0956646 0.0987874 0.1103799 0.1141439 0.0000010 0.1089469 0.0940269 0.0920141 0.1016095 0.1247466 0.0948270 0.0985368 0.0895651 0.0051874 0.1092030 0.1049306 0.1764530 0.1360703 0.0938811 0.1069283 0.1171477 0.1253588 0.1123455 0.1175741 0.1368754 0.1324236 0.1050181 0.0040476 0.1027586 0.0000000 
