35
Burramyidae_Burramys_parvus                  0.0000000 0.0591889 0.0424376 0.0454212 0.0417291 0.0473433 0.0291630 0.0349043 0.0435966 0.0708239 0.0350420 0.0464013 0.0472891 0.0341150 0.0526516 0.0466905 0.0469887 0.0418417 0.0678917 0.0468080 0.0460272 0.0915035 0.0725710 0.0441763 0.0408359 0.0442506 0.0506747 0.0464630 0.0562050 0.0538041 0.0511638 0.0350405 0.0682042 0.0489942 0.0716466 
Notoryctidae_Notoryctes_typhlops             0.0591889 0.0000000 0.0616401 0.0677444 0.0659504 0.0632376 0.0480536 0.0548014 0.0687136 0.0854148 0.0520526 0.0611481 0.0649836 0.0502716 0.0768818 0.0625215 0.0649814 0.0622898 0.0807118 0.0662427 0.0662700 0.1172413 0.0903484 0.0601031 0.0673195 0.0658566 0.0775178 0.0682181 0.0733818 0.0737866 0.0746698 0.0535066 0.0808679 0.0659821 0.0868288 
Vombatidae_Lasiorhinus_latifrons             0.0424376 0.0616401 0.0000000 0.0517223 0.0503452 0.0515669 0.0383383 0.0428272 0.0520064 0.0771429 0.0419822 0.0484395 0.0556950 0.0407203 0.0563218 0.0487039 0.0536761 0.0504967 0.0799972 0.0523265 0.0486831 0.1091495 0.0837556 0.0478822 0.0503035 0.0464970 0.0532371 0.0529305 0.0549109 0.0578272 0.0532874 0.0420915 0.0790802 0.0557570 0.0785020 
Potoroidae_Bettongia_penicillata             0.0454212 0.0677444 0.0517223 0.0000000 0.0058036 0.0589473 0.0441147 0.0496991 0.0114818 0.0851840 0.0495038 0.0588620 0.0638595 0.0488517 0.0596456 0.0586547 0.0606219 0.0587030 0.0852890 0.0223060 0.0573930 0.1102401 0.0832372 0.0586420 0.0350216 0.0591215 0.0618412 0.0216799 0.0628538 0.0635749 0.0549567 0.0489131 0.0831039 0.0619775 0.0872146 
Potoroidae_Bettongia_lesueur                 0.0417291 0.0659504 0.0503452 0.0058036 0.0000000 0.0570979 0.0413681 0.0469330 0.0078569 0.0813564 0.0467241 0.0570358 0.0617027 0.0456740 0.0567002 0.0567888 0.0587645 0.0562337 0.0815630 0.0176783 0.0554278 0.1070310 0.0801111 0.0567508 0.0309452 0.0566388 0.0609426 0.0170228 0.0610229 0.0622652 0.0521673 0.0461423 0.0800039 0.0601197 0.0829018 
Dasyuridae_Dasyurus_maculatus                0.0473433 0.0632376 0.0515669 0.0589473 0.0570979 0.0000000 0.0387977 0.0461485 0.0566610 0.0729081 0.0465396 0.0069896 0.0116417 0.0435225 0.0626161 0.0073909 0.0046097 0.0108573 0.0685437 0.0583865 0.0541323 0.0975120 0.0752262 0.0086136 0.0561111 0.0530880 0.0611131 0.0590417 0.0625421 0.0649960 0.0657085 0.0458728 0.0691296 0.0038383 0.0708601 
Phalangeridae_Trichosurus_vulpecula          0.0291630 0.0480536 0.0383383 0.0441147 0.0413681 0.0387977 0.0000000 0.0130797 0.0408317 0.0727619 0.0107791 0.0397544 0.0406271 0.0106700 0.0471327 0.0400093 0.0388960 0.0395355 0.0715061 0.0445382 0.0392594 0.0949772 0.0742027 0.0384455 0.0367258 0.0455926 0.0490040 0.0441669 0.0497365 0.0459288 0.0452696 0.0114858 0.0707840 0.0413012 0.0729415 
Phalangeridae_Spilocuscus_maculatus          0.0349043 0.0548014 0.0428272 0.0496991 0.0469330 0.0461485 0.0130797 0.0000000 0.0473233 0.0784792 0.0099496 0.0461784 0.0473679 0.0094267 0.0510522 0.0464652 0.0457944 0.0474929 0.0787124 0.0491581 0.0421838 0.0961642 0.0755012 0.0444302 0.0440929 0.0495902 0.0522500 0.0498118 0.0555845 0.0482461 0.0515492 0.0102349 0.0772359 0.0477815 0.0794508 
Potoroidae_Aepyprymnus_rufescens             0.0435966 0.0687136 0.0520064 0.0114818 0.0078569 0.0566610 0.0408317 0.0473233 0.0000000 0.0833035 0.0461660 0.0570159 0.0600826 0.0451768 0.0569416 0.0567690 0.0587429 0.0571627 0.0817613 0.0193110 0.0518703 0.1070373 0.0810989 0.0577526 0.0326679 0.0578326 0.0609289 0.0195505 0.0593591 0.0610480 0.0563175 0.0455741 0.0807029 0.0596783 0.0836094 
Peramelidae_Perameles_nasuta                 0.0708239 0.0854148 0.0771429 0.0851840 0.0813564 0.0729081 0.0727619 0.0784792 0.0833035 0.0000000 0.0771411 0.0717042 0.0706046 0.0733136 0.0921839 0.0726595 0.0747541 0.0690716 0.0222566 0.0786877 0.0811431 0.1329274 0.1003060 0.0712585 0.0774995 0.0865871 0.0961565 0.0804227 0.0865516 0.0920331 0.0972962 0.0756428 0.0170618 0.0774026 0.0000010 
Phalangeridae_Strigocuscus_pelengensis       0.0350420 0.0520526 0.0419822 0.0495038 0.0467241 0.0465396 0.0107791 0.0099496 0.0461660 0.0771411 0.0000000 0.0455754 0.0482748 0.0067191 0.0519165 0.0468024 0.0471392 0.0468946 0.0768634 0.0489964 0.0429753 0.1015808 0.0792577 0.0446075 0.0424943 0.0510664 0.0518362 0.0496281 0.0538347 0.0507296 0.0525393 0.0075262 0.0754644 0.0491724 0.0776248 
Dasyuridae_Phascogale_tapoatafa              0.0464013 0.0611481 0.0484395 0.0588620 0.0570358 0.0069896 0.0397544 0.0461784 0.0570159 0.0717042 0.0455754 0.0000000 0.0111789 0.0435487 0.0622473 0.0019103 0.0101766 0.0112775 0.0687371 0.0597843 0.0519867 0.0960014 0.0727976 0.0042620 0.0561418 0.0522482 0.0614865 0.0609494 0.0590599 0.0649120 0.0651387 0.0459024 0.0680586 0.0101914 0.0697728 
Dasyuridae_Sminthopsis_macroura              0.0472891 0.0649836 0.0556950 0.0638595 0.0617027 0.0116417 0.0406271 0.0473679 0.0600826 0.0706046 0.0482748 0.0111789 0.0000000 0.0460901 0.0672449 0.0107192 0.0130301 0.0065599 0.0699584 0.0644054 0.0580257 0.1051319 0.0806037 0.0102641 0.0585963 0.0522534 0.0658934 0.0631798 0.0665689 0.0695519 0.0701847 0.0487923 0.0692129 0.0130383 0.0673810 
Phalangeridae_Phalanger_orientalis           0.0341150 0.0502716 0.0407203 0.0488517 0.0456740 0.0435225 0.0106700 0.0094267 0.0451768 0.0733136 0.0067191 0.0435487 0.0460901 0.0000000 0.0473015 0.0438235 0.0450701 0.0446416 0.0725963 0.0479678 0.0413357 0.1002623 0.0778198 0.0427615 0.0410063 0.0489367 0.0499128 0.0485324 0.0517862 0.0490667 0.0478169 0.0030761 0.0718426 0.0470601 0.0740086 
Acrobatidae_Acrobates_pygmaeus               0.0526516 0.0768818 0.0563218 0.0596456 0.0567002 0.0626161 0.0471327 0.0510522 0.0569416 0.0921839 0.0519165 0.0622473 0.0672449 0.0473015 0.0000000 0.0625378 0.0639586 0.0654584 0.0862994 0.0582980 0.0457473 0.1189617 0.0943850 0.0624649 0.0582897 0.0644874 0.0550600 0.0601309 0.0557068 0.0582590 0.0410716 0.0487484 0.0825453 0.0665901 0.0912453 
Dasyuridae_Phascogale_calura                 0.0466905 0.0625215 0.0487039 0.0586547 0.0567888 0.0073909 0.0400093 0.0464652 0.0567690 0.0726595 0.0468024 0.0019103 0.0107192 0.0438235 0.0625378 0.0000000 0.0097855 0.0108669 0.0695979 0.0595464 0.0522432 0.0961195 0.0740484 0.0046523 0.0558939 0.0524043 0.0619532 0.0607482 0.0593825 0.0653659 0.0655248 0.0461891 0.0682915 0.0097997 0.0706191 
Dasyuridae_Sarcophilus_harrisii              0.0469887 0.0649814 0.0536761 0.0606219 0.0587645 0.0046097 0.0388960 0.0457944 0.0587429 0.0747541 0.0471392 0.0101766 0.0130301 0.0450701 0.0639586 0.0097855 0.0000000 0.0117186 0.0721969 0.0604701 0.0564078 0.0964119 0.0776029 0.0086187 0.0581915 0.0549090 0.0623524 0.0616832 0.0642801 0.0660848 0.0658121 0.0474363 0.0702428 0.0053979 0.0726481 
Dasyuridae_Planigale_tenuirostris            0.0418417 0.0622898 0.0504967 0.0587030 0.0562337 0.0108573 0.0395355 0.0474929 0.0571627 0.0690716 0.0468946 0.0112775 0.0065599 0.0446416 0.0654584 0.0108669 0.0117186 0.0000000 0.0659469 0.0575274 0.0521823 0.0974670 0.0755336 0.0104526 0.0537298 0.0527135 0.0584103 0.0590604 0.0606464 0.0631121 0.0634254 0.0467274 0.0655058 0.0130364 0.0678372 
Peramelidae_Echymipera_kalubu                0.0678917 0.0807118 0.0799972 0.0852890 0.0815630 0.0685437 0.0715061 0.0787124 0.0817613 0.0222566 0.0768634 0.0687371 0.0699584 0.0725963 0.0862994 0.0695979 0.0721969 0.0659469 0.0000000 0.0785906 0.0800540 0.1225712 0.0953813 0.0683282 0.0777819 0.0830228 0.0904133 0.0819468 0.0815238 0.0908373 0.0973151 0.0741597 0.0166915 0.0733929 0.0220371 
Macropodidae_Dorcopsulus_vanheurni           0.0468080 0.0662427 0.0523265 0.0223060 0.0176783 0.0583865 0.0445382 0.0491581 0.0193110 0.0786877 0.0489964 0.0597843 0.0644054 0.0479678 0.0582980 0.0595464 0.0604701 0.0575274 0.0785906 0.0000000 0.0510738 0.1076719 0.0839552 0.0584946 0.0325262 0.0569401 0.0602045 0.0078294 0.0629047 0.0616868 0.0545337 0.0474063 0.0781464 0.0614144 0.0799719 
Pseudochiridae_Pseudochirulus_forbesi        0.0460272 0.0662700 0.0486831 0.0573930 0.0554278 0.0541323 0.0392594 0.0421838 0.0518703 0.0811431 0.0429753 0.0519867 0.0580257 0.0413357 0.0457473 0.0522432 0.0564078 0.0521823 0.0800540 0.0510738 0.0000000 0.1023405 0.0796376 0.0516516 0.0516696 0.0539288 0.0298440 0.0533871 0.0256424 0.0449188 0.0469376 0.0408323 0.0758451 0.0571787 0.0808354 
Didelphidae_Didelphis_virginiana             0.0915035 0.1172413 0.1091495 0.1102401 0.1070310 0.0975120 0.0949772 0.0961642 0.1070373 0.1329274 0.1015808 0.0960014 0.1051319 0.1002623 0.1189617 0.0961195 0.0964119 0.0974670 0.1225712 0.1076719 0.1023405 0.0000000 0.0413794 0.0951815 0.1060084 0.1009669 0.1191849 0.1121557 0.1129280 0.1234171 0.1221501 0.1030605 0.1204358 0.1016326 0.1309375 
Marmosidae_Monodelphis_domestica             0.0725710 0.0903484 0.0837556 0.0832372 0.0801111 0.0752262 0.0742027 0.0755012 0.0810989 0.1003060 0.0792577 0.0727976 0.0806037 0.0778198 0.0943850 0.0740484 0.0776029 0.0755336 0.0953813 0.0839552 0.0796376 0.0413794 0.0000000 0.0761847 0.0828828 0.0800075 0.0923378 0.0856372 0.0840102 0.1024868 0.0971510 0.0801342 0.0910521 0.0795204 0.1000841 
Dasyuridae_Antechinus_stuartii               0.0441763 0.0601031 0.0478822 0.0586420 0.0567508 0.0086136 0.0384455 0.0444302 0.0577526 0.0712585 0.0446075 0.0042620 0.0102641 0.0427615 0.0624649 0.0046523 0.0086187 0.0104526 0.0683282 0.0584946 0.0516516 0.0951815 0.0761847 0.0000000 0.0558458 0.0522895 0.0607251 0.0590626 0.0592969 0.0634067 0.0627994 0.0451166 0.0676786 0.0102361 0.0697995 
Hypsiprymnodontidae_Hypsiprymnodon_moschatus 0.0408359 0.0673195 0.0503035 0.0350216 0.0309452 0.0561111 0.0367258 0.0440929 0.0326679 0.0774995 0.0424943 0.0561418 0.0585963 0.0410063 0.0582897 0.0558939 0.0581915 0.0537298 0.0777819 0.0325262 0.0516696 0.1060084 0.0828828 0.0558458 0.0000000 0.0532546 0.0581010 0.0320435 0.0566625 0.0572122 0.0546770 0.0418300 0.0775498 0.0591272 0.0788069 
Microbiotheriidae_Dromiciops_gliroides       0.0442506 0.0658566 0.0464970 0.0591215 0.0566388 0.0530880 0.0455926 0.0495902 0.0578326 0.0865871 0.0510664 0.0522482 0.0522534 0.0489367 0.0644874 0.0524043 0.0549090 0.0527135 0.0830228 0.0569401 0.0539288 0.1009669 0.0800075 0.0522895 0.0532546 0.0000000 0.0572204 0.0595729 0.0615829 0.0600031 0.0630764 0.0501620 0.0800191 0.0560743 0.0849280 
Pseudochiridae_Petauroides_volans            0.0506747 0.0775178 0.0532371 0.0618412 0.0609426 0.0611131 0.0490040 0.0522500 0.0609289 0.0961565 0.0518362 0.0614865 0.0658934 0.0499128 0.0550600 0.0619532 0.0623524 0.0584103 0.0904133 0.0602045 0.0298440 0.1191849 0.0923378 0.0607251 0.0581010 0.0572204 0.0000000 0.0618788 0.0370937 0.0475872 0.0536717 0.0500216 0.0912044 0.0638765 0.0955786 
Macropodidae_Wallabia_bicolor                0.0464630 0.0682181 0.0529305 0.0216799 0.0170228 0.0590417 0.0441669 0.0498118 0.0195505 0.0804227 0.0496281 0.0609494 0.0631798 0.0485324 0.0601309 0.0607482 0.0616832 0.0590604 0.0819468 0.0078294 0.0533871 0.1121557 0.0856372 0.0590626 0.0320435 0.0595729 0.0618788 0.0000000 0.0636477 0.0616803 0.0557804 0.0485239 0.0831697 0.0626316 0.0828096 
Pseudochiridae_Pseudocheirus_occidentalis    0.0562050 0.0733818 0.0549109 0.0628538 0.0610229 0.0625421 0.0497365 0.0555845 0.0593591 0.0865516 0.0538347 0.0590599 0.0665689 0.0517862 0.0557068 0.0593825 0.0642801 0.0606464 0.0815238 0.0629047 0.0256424 0.1129280 0.0840102 0.0592969 0.0566625 0.0615829 0.0370937 0.0636477 0.0000000 0.0545545 0.0573637 0.0517562 0.0812639 0.0660740 0.0854432 
Tarsipedidae_Tarsipes_rostratus              0.0538041 0.0737866 0.0578272 0.0635749 0.0622652 0.0649960 0.0459288 0.0482461 0.0610480 0.0920331 0.0507296 0.0649120 0.0695519 0.0490667 0.0582590 0.0653659 0.0660848 0.0631121 0.0908373 0.0616868 0.0449188 0.1234171 0.1024868 0.0634067 0.0572122 0.0600031 0.0475872 0.0616803 0.0545545 0.0000000 0.0559821 0.0496339 0.0934910 0.0681911 0.0951435 
Acrobatidae_Distoechurus_pennatus            0.0511638 0.0746698 0.0532874 0.0549567 0.0521673 0.0657085 0.0452696 0.0515492 0.0563175 0.0972962 0.0525393 0.0651387 0.0701847 0.0478169 0.0410716 0.0655248 0.0658121 0.0634254 0.0973151 0.0545337 0.0469376 0.1221501 0.0971510 0.0627994 0.0546770 0.0630764 0.0536717 0.0557804 0.0573637 0.0559821 0.0000000 0.0482169 0.0941744 0.0696966 0.0989787 
Phalangeridae_Phalanger_carmelitae           0.0350405 0.0535066 0.0420915 0.0489131 0.0461423 0.0458728 0.0114858 0.0102349 0.0455741 0.0756428 0.0075262 0.0459024 0.0487923 0.0030761 0.0487484 0.0461891 0.0474363 0.0467274 0.0741597 0.0474063 0.0408323 0.1030605 0.0801342 0.0451166 0.0418300 0.0501620 0.0500216 0.0485239 0.0517562 0.0496339 0.0482169 0.0000000 0.0727705 0.0494450 0.0762146 
Peramelidae_Peroryctes_raffrayana            0.0682042 0.0808679 0.0790802 0.0831039 0.0800039 0.0691296 0.0707840 0.0772359 0.0807029 0.0170618 0.0754644 0.0680586 0.0692129 0.0718426 0.0825453 0.0682915 0.0702428 0.0655058 0.0166915 0.0781464 0.0758451 0.1204358 0.0910521 0.0676786 0.0775498 0.0800191 0.0912044 0.0831697 0.0812639 0.0934910 0.0941744 0.0727705 0.0000000 0.0726167 0.0179602 
Dasyuridae_Dasyurus_geffroii                 0.0489942 0.0659821 0.0557570 0.0619775 0.0601197 0.0038383 0.0413012 0.0477815 0.0596783 0.0774026 0.0491724 0.0101914 0.0130383 0.0470601 0.0665901 0.0097997 0.0053979 0.0130364 0.0733929 0.0614144 0.0571787 0.1016326 0.0795204 0.0102361 0.0591272 0.0560743 0.0638765 0.0626316 0.0660740 0.0681911 0.0696966 0.0494450 0.0726167 0.0000000 0.0750767 
Peramelidae_Perameles_gunnii                 0.0716466 0.0868288 0.0785020 0.0872146 0.0829018 0.0708601 0.0729415 0.0794508 0.0836094 0.0000010 0.0776248 0.0697728 0.0673810 0.0740086 0.0912453 0.0706191 0.0726481 0.0678372 0.0220371 0.0799719 0.0808354 0.1309375 0.1000841 0.0697995 0.0788069 0.0849280 0.0955786 0.0828096 0.0854432 0.0951435 0.0989787 0.0762146 0.0179602 0.0750767 0.0000000 
