35
Burramyidae_Burramys_parvus                  0.0000000 0.1105227 0.0962014 0.0931491 0.1105426 0.1556112 0.0753536 0.0807188 0.1040128 0.1192612 0.0832307 0.1639114 0.1575617 0.0858568 0.1092467 0.1587058 0.1518559 0.1481568 0.1244039 0.0877698 0.0924094 0.1580986 0.1418317 0.0882690 0.1249483 0.0904223 0.0943559 0.1029157 0.1134778 0.0834690 0.0742749 0.1331022 0.1609781 0.1198509 0.1205410 
Notoryctidae_Notoryctes_typhlops             0.1105227 0.0000000 0.1020552 0.1281552 0.1249100 0.1258440 0.1008413 0.1148168 0.1187151 0.1101123 0.1010906 0.1329314 0.1285126 0.1032053 0.1153117 0.1295762 0.1288456 0.1459509 0.1158349 0.1010887 0.1052247 0.1265626 0.1155776 0.1132414 0.1046772 0.1027552 0.1089501 0.1110251 0.1464140 0.1038125 0.0964582 0.1226853 0.1430524 0.1106674 0.1085676 
Vombatidae_Lasiorhinus_latifrons             0.0962014 0.1020552 0.0000000 0.0972534 0.0881014 0.1069964 0.0592531 0.0865660 0.0861028 0.0920474 0.0658271 0.1102745 0.1090446 0.0684418 0.0760402 0.1093694 0.1178847 0.1486702 0.0902558 0.0756610 0.0778495 0.1120959 0.0962857 0.0866044 0.0736072 0.0759568 0.0719656 0.0891312 0.1203726 0.0703508 0.0691031 0.0978773 0.1284589 0.0899339 0.0929577 
Potoroidae_Bettongia_penicillata             0.0931491 0.1281552 0.0972534 0.0000000 0.0285024 0.1338405 0.0860375 0.0999845 0.0431997 0.1178023 0.0941018 0.1372010 0.1330046 0.0969132 0.1024131 0.1357320 0.1460809 0.1607091 0.1191980 0.0456559 0.0986603 0.1280463 0.1224437 0.0688673 0.1123596 0.0931468 0.0520153 0.1051648 0.1407830 0.0882417 0.0872923 0.1275581 0.1617803 0.1193147 0.1109931 
Potoroidae_Bettongia_lesueur                 0.1105426 0.1249100 0.0881014 0.0285024 0.0000000 0.1376005 0.0802260 0.1071203 0.0266099 0.1231615 0.0863748 0.1403849 0.1379034 0.0886070 0.0972843 0.1389379 0.1436696 0.1826876 0.1197800 0.0449936 0.0983711 0.1299117 0.1256108 0.0683411 0.1152322 0.0952736 0.0322723 0.1064410 0.1274689 0.0885446 0.0872764 0.1302693 0.1539683 0.1199062 0.1112665 
Dasyuridae_Dasyurus_maculatus                0.1556112 0.1258440 0.1069964 0.1338405 0.1376005 0.0000000 0.1056624 0.1607549 0.1328115 0.1208825 0.1130435 0.0278766 0.0334688 0.1125635 0.1235849 0.0263971 0.0160276 0.0356827 0.1180934 0.1031494 0.1153467 0.1392559 0.0224128 0.1234061 0.0959461 0.1144928 0.1094963 0.1272155 0.1592307 0.1106676 0.1038433 0.1248434 0.0196725 0.1174675 0.1237643 
Phalangeridae_Trichosurus_vulpecula          0.0753536 0.1008413 0.0592531 0.0860375 0.0802260 0.1056624 0.0000000 0.0241814 0.0756650 0.0860561 0.0232195 0.1099875 0.1024907 0.0238795 0.0647345 0.1095384 0.1172416 0.1473058 0.0853785 0.0633128 0.0616145 0.1023977 0.0940414 0.0746670 0.0756261 0.0602393 0.0629335 0.0747119 0.1075906 0.0582867 0.0255567 0.0925487 0.1270415 0.0833213 0.0800906 
Phalangeridae_Spilocuscus_maculatus          0.0807188 0.1148168 0.0865660 0.0999845 0.1071203 0.1607549 0.0241814 0.0000000 0.1003336 0.1264587 0.0187165 0.1706913 0.1571421 0.0204075 0.0979951 0.1684030 0.1583981 0.1535381 0.1304113 0.0931323 0.0971703 0.1579735 0.1491299 0.0969166 0.1374782 0.0912038 0.0910729 0.1082015 0.1153484 0.0897924 0.0263362 0.1389856 0.1648754 0.1265437 0.1270721 
Potoroidae_Aepyprymnus_rufescens             0.1040128 0.1187151 0.0861028 0.0431997 0.0266099 0.1328115 0.0756650 0.1003336 0.0000000 0.1178757 0.0827011 0.1379065 0.1358637 0.0862203 0.0925815 0.1371055 0.1438253 0.1728412 0.1175917 0.0446786 0.0938490 0.1265291 0.1215435 0.0672490 0.1091499 0.0899579 0.0312394 0.1074135 0.1392732 0.0874652 0.0847830 0.1260378 0.1604633 0.1180539 0.1060236 
Peramelidae_Perameles_nasuta                 0.1192612 0.1101123 0.0920474 0.1178023 0.1231615 0.1208825 0.0860561 0.1264587 0.1178757 0.0000000 0.0923170 0.1242964 0.1237075 0.0956077 0.1037746 0.1220359 0.1318708 0.1679811 0.0175271 0.0972294 0.0915449 0.1194851 0.1097435 0.1076929 0.0874147 0.0911858 0.1013604 0.1073929 0.1426348 0.0900166 0.0870464 0.0226198 0.1397882 0.0002739 0.0986072 
Phalangeridae_Strigocuscus_pelengensis       0.0832307 0.1010906 0.0658271 0.0941018 0.0863748 0.1130435 0.0232195 0.0187165 0.0827011 0.0923170 0.0000000 0.1173098 0.1093872 0.0197646 0.0711882 0.1174715 0.1249456 0.1588861 0.0938363 0.0714762 0.0729176 0.1104800 0.1008098 0.0846412 0.0887374 0.0689747 0.0699979 0.0873894 0.1161273 0.0670351 0.0248071 0.1015856 0.1360622 0.0898046 0.0881715 
Dasyuridae_Phascogale_tapoatafa              0.1639114 0.1329314 0.1102745 0.1372010 0.1403849 0.0278766 0.1099875 0.1706913 0.1379065 0.1242964 0.1173098 0.0000000 0.0330494 0.1151181 0.1265743 0.0110428 0.0326901 0.0480145 0.1204972 0.1076630 0.1199327 0.1391216 0.0177856 0.1271251 0.0940438 0.1193414 0.1127724 0.1322411 0.1665766 0.1136195 0.1091044 0.1247498 0.0436676 0.1209877 0.1203977 
Dasyuridae_Sminthopsis_macroura              0.1575617 0.1285126 0.1090446 0.1330046 0.1379034 0.0334688 0.1024907 0.1571421 0.1358637 0.1237075 0.1093872 0.0330494 0.0000000 0.1109611 0.1217150 0.0306509 0.0393607 0.0282313 0.1171272 0.1054308 0.1192148 0.1390084 0.0281909 0.1257365 0.0908552 0.1156057 0.1128819 0.1329506 0.1650589 0.1091636 0.1033923 0.1257552 0.0471469 0.1197957 0.1245786 
Phalangeridae_Phalanger_orientalis           0.0858568 0.1032053 0.0684418 0.0969132 0.0886070 0.1125635 0.0238795 0.0204075 0.0862203 0.0956077 0.0197646 0.1151181 0.1109611 0.0000000 0.0744995 0.1169894 0.1236582 0.1591964 0.0954837 0.0728792 0.0703920 0.1113996 0.1014146 0.0863896 0.0853740 0.0692148 0.0701160 0.0857726 0.1147705 0.0683236 0.0146384 0.1032133 0.1344937 0.0926369 0.0892381 
Acrobatidae_Acrobates_pygmaeus               0.1092467 0.1153117 0.0760402 0.1024131 0.0972843 0.1235849 0.0647345 0.0979951 0.0925815 0.1037746 0.0711882 0.1265743 0.1217150 0.0744995 0.0000000 0.1242521 0.1368684 0.1753925 0.1032063 0.0808616 0.0771500 0.1223568 0.1095205 0.0918970 0.0972059 0.0754911 0.0784677 0.0897616 0.1260855 0.0522592 0.0745753 0.1114925 0.1474874 0.1010961 0.1019288 
Dasyuridae_Phascogale_calura                 0.1587058 0.1295762 0.1093694 0.1357320 0.1389379 0.0263971 0.1095384 0.1684030 0.1371055 0.1220359 0.1174715 0.0110428 0.0306509 0.1169894 0.1242521 0.0000000 0.0308132 0.0440352 0.1197509 0.1095655 0.1200037 0.1395684 0.0141449 0.1279124 0.0981434 0.1183824 0.1131305 0.1323849 0.1663279 0.1123619 0.1099151 0.1253746 0.0405008 0.1188021 0.1206415 
Dasyuridae_Sarcophilus_harrisii              0.1518559 0.1288456 0.1178847 0.1460809 0.1436696 0.0160276 0.1172416 0.1583981 0.1438253 0.1318708 0.1249456 0.0326901 0.0393607 0.1236582 0.1368684 0.0308132 0.0000000 0.0340259 0.1284202 0.1137423 0.1286074 0.1535336 0.0252784 0.1246138 0.1078815 0.1276292 0.1207864 0.1320661 0.1636907 0.1221255 0.1146720 0.1348354 0.0173094 0.1284538 0.1393643 
Dasyuridae_Planigale_tenuirostris            0.1481568 0.1459509 0.1486702 0.1607091 0.1826876 0.0356827 0.1473058 0.1535381 0.1728412 0.1679811 0.1588861 0.0480145 0.0282313 0.1591964 0.1753925 0.0440352 0.0340259 0.0000000 0.1698230 0.1464197 0.1678736 0.2012844 0.0376268 0.1540966 0.1478214 0.1640072 0.1615685 0.1722092 0.1795291 0.1541359 0.1474416 0.1728840 0.0349063 0.1690227 0.1853459 
Peramelidae_Echymipera_kalubu                0.1244039 0.1158349 0.0902558 0.1191980 0.1197800 0.1180934 0.0853785 0.1304113 0.1175917 0.0175271 0.0938363 0.1204972 0.1171272 0.0954837 0.1032063 0.1197509 0.1284202 0.1698230 0.0000000 0.0932504 0.0929683 0.1136291 0.1092653 0.1047325 0.0888709 0.0918562 0.0984043 0.1082805 0.1413590 0.0909627 0.0859687 0.0224752 0.1391959 0.0172245 0.0981543 
Macropodidae_Dorcopsulus_vanheurni           0.0877698 0.1010887 0.0756610 0.0456559 0.0449936 0.1031494 0.0633128 0.0931323 0.0446786 0.0972294 0.0714762 0.1076630 0.1054308 0.0728792 0.0808616 0.1095655 0.1137423 0.1464197 0.0932504 0.0000000 0.0749226 0.1038018 0.0938843 0.0504084 0.0873553 0.0699119 0.0224575 0.0803406 0.1211475 0.0670659 0.0634931 0.1029962 0.1274218 0.0947226 0.0845692 
Pseudochiridae_Pseudochirulus_forbesi        0.0924094 0.1052247 0.0778495 0.0986603 0.0983711 0.1153467 0.0616145 0.0971703 0.0938490 0.0915449 0.0729176 0.1199327 0.1192148 0.0703920 0.0771500 0.1200037 0.1286074 0.1678736 0.0929683 0.0749226 0.0000000 0.1127428 0.1066101 0.0868863 0.0868660 0.0343692 0.0784722 0.0292575 0.0990435 0.0635539 0.0628122 0.0996748 0.1375230 0.0885698 0.0827169 
Didelphidae_Didelphis_virginiana             0.1580986 0.1265626 0.1120959 0.1280463 0.1299117 0.1392559 0.1023977 0.1579735 0.1265291 0.1194851 0.1104800 0.1391216 0.1390084 0.1113996 0.1223568 0.1395684 0.1535336 0.2012844 0.1136291 0.1038018 0.1127428 0.0000000 0.1257509 0.1159175 0.1037666 0.1126872 0.1079506 0.1364691 0.1576505 0.1046246 0.1044666 0.1241517 0.1642464 0.1155798 0.0284766 
Dasyuridae_Antechinus_stuartii               0.1418317 0.1155776 0.0962857 0.1224437 0.1256108 0.0224128 0.0940414 0.1491299 0.1215435 0.1097435 0.1008098 0.0177856 0.0281909 0.1014146 0.1095205 0.0141449 0.0252784 0.0376268 0.1092653 0.0938843 0.1066101 0.1257509 0.0000000 0.1123736 0.0911737 0.1086911 0.1003416 0.1195398 0.1554131 0.0977118 0.0952626 0.1135143 0.0361658 0.1068700 0.1051573 
Hypsiprymnodontidae_Hypsiprymnodon_moschatus 0.0882690 0.1132414 0.0866044 0.0688673 0.0683411 0.1234061 0.0746670 0.0969166 0.0672490 0.1076929 0.0846412 0.1271251 0.1257365 0.0863896 0.0918970 0.1279124 0.1246138 0.1540966 0.1047325 0.0504084 0.0868863 0.1159175 0.1123736 0.0000000 0.0979649 0.0847475 0.0572349 0.0938083 0.1253259 0.0794548 0.0782992 0.1122142 0.1371608 0.1058645 0.0963122 
Microbiotheriidae_Dromiciops_gliroides       0.1249483 0.1046772 0.0736072 0.1123596 0.1152322 0.0959461 0.0756261 0.1374782 0.1091499 0.0874147 0.0887374 0.0940438 0.0908552 0.0853740 0.0972059 0.0981434 0.1078815 0.1478214 0.0888709 0.0873553 0.0868660 0.1037666 0.0911737 0.0979649 0.0000000 0.0862315 0.0948312 0.1033202 0.1426767 0.0780709 0.0819837 0.0945472 0.1209971 0.0850781 0.0669482 
Pseudochiridae_Petauroides_volans            0.0904223 0.1027552 0.0759568 0.0931468 0.0952736 0.1144928 0.0602393 0.0912038 0.0899579 0.0911858 0.0689747 0.1193414 0.1156057 0.0692148 0.0754911 0.1183824 0.1276292 0.1640072 0.0918562 0.0699119 0.0343692 0.1126872 0.1086911 0.0847475 0.0862315 0.0000000 0.0757329 0.0470665 0.0985812 0.0605562 0.0614042 0.0983540 0.1358401 0.0885417 0.0842578 
Macropodidae_Wallabia_bicolor                0.0943559 0.1089501 0.0719656 0.0520153 0.0322723 0.1094963 0.0629335 0.0910729 0.0312394 0.1013604 0.0699979 0.1127724 0.1128819 0.0701160 0.0784677 0.1131305 0.1207864 0.1615685 0.0984043 0.0224575 0.0784722 0.1079506 0.1003416 0.0572349 0.0948312 0.0757329 0.0000000 0.0891621 0.1234256 0.0690817 0.0674747 0.1066411 0.1355733 0.0987805 0.0904677 
Pseudochiridae_Pseudocheirus_occidentalis    0.1029157 0.1110251 0.0891312 0.1051648 0.1064410 0.1272155 0.0747119 0.1082015 0.1074135 0.1073929 0.0873894 0.1322411 0.1329506 0.0857726 0.0897616 0.1323849 0.1320661 0.1722092 0.1082805 0.0803406 0.0292575 0.1364691 0.1195398 0.0938083 0.1033202 0.0470665 0.0891621 0.0000000 0.1056411 0.0768368 0.0754610 0.1166997 0.1381582 0.1049241 0.0985420 
Tarsipedidae_Tarsipes_rostratus              0.1134778 0.1464140 0.1203726 0.1407830 0.1274689 0.1592307 0.1075906 0.1153484 0.1392732 0.1426348 0.1161273 0.1665766 0.1650589 0.1147705 0.1260855 0.1663279 0.1636907 0.1795291 0.1413590 0.1211475 0.0990435 0.1576505 0.1554131 0.1253259 0.1426767 0.0985812 0.1234256 0.1056411 0.0000000 0.1068620 0.1076705 0.1474145 0.1827498 0.1377341 0.1416232 
Acrobatidae_Distoechurus_pennatus            0.0834690 0.1038125 0.0703508 0.0882417 0.0885446 0.1106676 0.0582867 0.0897924 0.0874652 0.0900166 0.0670351 0.1136195 0.1091636 0.0683236 0.0522592 0.1123619 0.1221255 0.1541359 0.0909627 0.0670659 0.0635539 0.1046246 0.0977118 0.0794548 0.0780709 0.0605562 0.0690817 0.0768368 0.1068620 0.0000000 0.0602711 0.0970704 0.1326482 0.0872666 0.0842014 
Phalangeridae_Phalanger_carmelitae           0.0742749 0.0964582 0.0691031 0.0872923 0.0872764 0.1038433 0.0255567 0.0263362 0.0847830 0.0870464 0.0248071 0.1091044 0.1033923 0.0146384 0.0745753 0.1099151 0.1146720 0.1474416 0.0859687 0.0634931 0.0628122 0.1044666 0.0952626 0.0782992 0.0819837 0.0614042 0.0674747 0.0754610 0.1076705 0.0602711 0.0000000 0.0955977 0.1259888 0.0842683 0.0835571 
Peramelidae_Peroryctes_raffrayana            0.1331022 0.1226853 0.0978773 0.1275581 0.1302693 0.1248434 0.0925487 0.1389856 0.1260378 0.0226198 0.1015856 0.1247498 0.1257552 0.1032133 0.1114925 0.1253746 0.1348354 0.1728840 0.0224752 0.1029962 0.0996748 0.1241517 0.1135143 0.1122142 0.0945472 0.0983540 0.1066411 0.1166997 0.1474145 0.0970704 0.0955977 0.0000000 0.1421985 0.0227611 0.1019119 
Dasyuridae_Dasyurus_geffroii                 0.1609781 0.1430524 0.1284589 0.1617803 0.1539683 0.0196725 0.1270415 0.1648754 0.1604633 0.1397882 0.1360622 0.0436676 0.0471469 0.1344937 0.1474874 0.0405008 0.0173094 0.0349063 0.1391959 0.1274218 0.1375230 0.1642464 0.0361658 0.1371608 0.1209971 0.1358401 0.1355733 0.1381582 0.1827498 0.1326482 0.1259888 0.1421985 0.0000000 0.1381558 0.1497460 
Peramelidae_Perameles_gunnii                 0.1198509 0.1106674 0.0899339 0.1193147 0.1199062 0.1174675 0.0833213 0.1265437 0.1180539 0.0002739 0.0898046 0.1209877 0.1197957 0.0926369 0.1010961 0.1188021 0.1284538 0.1690227 0.0172245 0.0947226 0.0885698 0.1155798 0.1068700 0.1058645 0.0850781 0.0885417 0.0987805 0.1049241 0.1377341 0.0872666 0.0842683 0.0227611 0.1381558 0.0000000 0.0961390 
Marmosidae_Monodelphis_domestica             0.1205410 0.1085676 0.0929577 0.1109931 0.1112665 0.1237643 0.0800906 0.1270721 0.1060236 0.0986072 0.0881715 0.1203977 0.1245786 0.0892381 0.1019288 0.1206415 0.1393643 0.1853459 0.0981543 0.0845692 0.0827169 0.0284766 0.1051573 0.0963122 0.0669482 0.0842578 0.0904677 0.0985420 0.1416232 0.0842014 0.0835571 0.1019119 0.1497460 0.0961390 0.0000000 
