35
Burramyidae_Burramys_parvus                  0.0000000 0.0624687 0.0525487 0.0505158 0.0491295 0.0783258 0.0573468 0.0410769 0.0511758 0.0718832 0.0444757 0.0825580 0.0766786 0.0424080 0.0518819 0.0807821 0.0781955 0.0689140 0.0716389 0.0487703 0.1040387 0.0926095 0.0867180 0.0770565 0.0496880 0.0619041 0.0472705 0.0483943 0.0878706 0.0708984 0.0500878 0.0415128 0.0708306 0.0782494 0.0707241 
Notoryctidae_Notoryctes_typhlops             0.0624687 0.0000000 0.0590850 0.0635123 0.0614661 0.0810400 0.0762819 0.0600345 0.0651254 0.0732949 0.0617510 0.0847792 0.0808325 0.0578579 0.0628952 0.0828596 0.0788149 0.0734197 0.0727564 0.0587494 0.0942852 0.0943074 0.0866167 0.0786439 0.0630751 0.0645225 0.0599778 0.0578632 0.0761424 0.0788438 0.0616040 0.0592112 0.0728092 0.0800076 0.0717993 
Vombatidae_Lasiorhinus_latifrons             0.0525487 0.0590850 0.0000000 0.0486658 0.0462709 0.0696278 0.0604451 0.0422132 0.0493840 0.0686291 0.0450166 0.0703397 0.0657056 0.0436747 0.0425613 0.0686898 0.0682205 0.0645440 0.0696687 0.0454039 0.1001327 0.0784417 0.0735770 0.0672403 0.0467869 0.0524033 0.0473764 0.0454497 0.0896339 0.0682156 0.0451469 0.0427108 0.0692824 0.0686527 0.0675385 
Potoroidae_Bettongia_penicillata             0.0505158 0.0635123 0.0486658 0.0000000 0.0039751 0.0781244 0.0556698 0.0400135 0.0091483 0.0652421 0.0437299 0.0779908 0.0736154 0.0404850 0.0470485 0.0762679 0.0760923 0.0716446 0.0678309 0.0157561 0.1029444 0.0812898 0.0783531 0.0734560 0.0311637 0.0548944 0.0438317 0.0145165 0.0876781 0.0665398 0.0497228 0.0408451 0.0649344 0.0761745 0.0649799 
Potoroidae_Bettongia_lesueur                 0.0491295 0.0614661 0.0462709 0.0039751 0.0000000 0.0765697 0.0528494 0.0391416 0.0095086 0.0646694 0.0427134 0.0764302 0.0720939 0.0396105 0.0469922 0.0747149 0.0745524 0.0694163 0.0658587 0.0157159 0.1006368 0.0808094 0.0764490 0.0719181 0.0299258 0.0540256 0.0429369 0.0144801 0.0854717 0.0663496 0.0491713 0.0399704 0.0643390 0.0746400 0.0642991 
Dasyuridae_Dasyurus_maculatus                0.0783258 0.0810400 0.0696278 0.0781244 0.0765697 0.0000000 0.0901617 0.0736722 0.0790980 0.0878409 0.0749933 0.0219321 0.0254422 0.0729326 0.0766333 0.0202986 0.0069407 0.0251955 0.0897824 0.0735239 0.1393964 0.0977419 0.0910909 0.0172739 0.0776687 0.0741480 0.0737724 0.0743531 0.1211872 0.0940722 0.0754500 0.0714719 0.0868936 0.0047272 0.0871385 
Phalangeridae_Trichosurus_vulpecula          0.0573468 0.0762819 0.0604451 0.0556698 0.0528494 0.0901617 0.0000000 0.0368637 0.0561678 0.0799062 0.0394553 0.0919166 0.0867747 0.0361546 0.0573927 0.0905254 0.0884472 0.0872785 0.0792505 0.0536884 0.1210464 0.1033748 0.0967443 0.0886576 0.0559876 0.0691808 0.0570047 0.0529046 0.1038420 0.0809669 0.0567331 0.0356909 0.0807366 0.0890151 0.0789944 
Phalangeridae_Spilocuscus_maculatus          0.0410769 0.0600345 0.0422132 0.0400135 0.0391416 0.0736722 0.0368637 0.0000000 0.0419311 0.0624290 0.0098492 0.0747785 0.0711880 0.0087769 0.0421916 0.0730724 0.0716668 0.0697845 0.0652951 0.0394492 0.0975923 0.0768864 0.0751632 0.0716794 0.0407962 0.0515147 0.0405085 0.0379181 0.0841174 0.0614702 0.0434224 0.0076463 0.0635260 0.0726280 0.0616550 
Potoroidae_Aepyprymnus_rufescens             0.0511758 0.0651254 0.0493840 0.0091483 0.0095086 0.0790980 0.0561678 0.0419311 0.0000000 0.0677035 0.0453602 0.0789829 0.0750327 0.0419893 0.0477285 0.0772522 0.0770694 0.0727828 0.0707922 0.0160756 0.1029504 0.0828636 0.0801551 0.0744616 0.0321946 0.0574613 0.0436113 0.0159697 0.0877501 0.0680668 0.0507818 0.0423477 0.0688389 0.0771610 0.0669969 
Peramelidae_Perameles_nasuta                 0.0718832 0.0732949 0.0686291 0.0652421 0.0646694 0.0878409 0.0799062 0.0624290 0.0677035 0.0000000 0.0671862 0.0916383 0.0866601 0.0622000 0.0658059 0.0897665 0.0857044 0.0813770 0.0107610 0.0635914 0.1228616 0.0968805 0.0881648 0.0878712 0.0641167 0.0658979 0.0660212 0.0620278 0.1096844 0.0876487 0.0702229 0.0625377 0.0089243 0.0858141 0.0003619 
Phalangeridae_Strigocuscus_pelengensis       0.0444757 0.0617510 0.0450166 0.0437299 0.0427134 0.0749933 0.0394553 0.0098492 0.0453602 0.0671862 0.0000000 0.0746978 0.0716613 0.0086992 0.0430769 0.0743532 0.0734010 0.0696403 0.0677713 0.0423136 0.1048501 0.0804192 0.0784154 0.0738146 0.0426701 0.0542023 0.0438595 0.0413852 0.0881139 0.0654311 0.0444749 0.0078759 0.0664514 0.0744468 0.0665634 
Dasyuridae_Phascogale_tapoatafa              0.0825580 0.0847792 0.0703397 0.0779908 0.0764302 0.0219321 0.0919166 0.0747785 0.0789829 0.0916383 0.0746978 0.0000000 0.0271661 0.0726492 0.0793664 0.0032615 0.0206907 0.0234527 0.0924877 0.0737232 0.1412830 0.1033242 0.0943809 0.0092758 0.0784914 0.0740904 0.0778408 0.0751043 0.1243362 0.0994113 0.0784202 0.0720937 0.0907054 0.0215005 0.0909332 
Dasyuridae_Sminthopsis_macroura              0.0766786 0.0808325 0.0657056 0.0736154 0.0720939 0.0254422 0.0867747 0.0711880 0.0750327 0.0866601 0.0716613 0.0271661 0.0000000 0.0695458 0.0722342 0.0246972 0.0242055 0.0168572 0.0880673 0.0700360 0.1343533 0.1000313 0.0953330 0.0220480 0.0728152 0.0732056 0.0721404 0.0699071 0.1179334 0.0933958 0.0719352 0.0690031 0.0841955 0.0250026 0.0859586 
Phalangeridae_Phalanger_orientalis           0.0424080 0.0578579 0.0436747 0.0404850 0.0396105 0.0729326 0.0361546 0.0087769 0.0419893 0.0622000 0.0086992 0.0726492 0.0695458 0.0000000 0.0406276 0.0714160 0.0709277 0.0662317 0.0637270 0.0395240 0.0957843 0.0772152 0.0757393 0.0700151 0.0387341 0.0521106 0.0397577 0.0383965 0.0818946 0.0606975 0.0418568 0.0039833 0.0623998 0.0714491 0.0614858 
Acrobatidae_Acrobates_pygmaeus               0.0518819 0.0628952 0.0425613 0.0470485 0.0469922 0.0766333 0.0573927 0.0421916 0.0477285 0.0658059 0.0430769 0.0793664 0.0722342 0.0406276 0.0000000 0.0778527 0.0741489 0.0704389 0.0689087 0.0447766 0.0890383 0.0783441 0.0792585 0.0760058 0.0431671 0.0563410 0.0355710 0.0440670 0.0733647 0.0544257 0.0249194 0.0409753 0.0675250 0.0755620 0.0650943 
Dasyuridae_Phascogale_calura                 0.0807821 0.0828596 0.0686898 0.0762679 0.0747149 0.0202986 0.0905254 0.0730724 0.0772522 0.0897665 0.0743532 0.0032615 0.0246972 0.0714160 0.0778527 0.0000000 0.0190730 0.0229294 0.0917355 0.0731105 0.1388488 0.1012498 0.0934481 0.0077464 0.0767557 0.0733454 0.0760838 0.0733983 0.1231296 0.0959655 0.0766669 0.0699557 0.0888315 0.0202593 0.0890626 
Dasyuridae_Sarcophilus_harrisii              0.0781955 0.0788149 0.0682205 0.0760923 0.0745524 0.0069407 0.0884472 0.0716668 0.0770694 0.0857044 0.0734010 0.0206907 0.0242055 0.0709277 0.0741489 0.0190730 0.0000000 0.0237559 0.0876221 0.0720564 0.1382221 0.0958463 0.0900770 0.0160796 0.0747295 0.0720758 0.0722833 0.0723492 0.1195035 0.0925355 0.0729652 0.0694785 0.0847408 0.0065512 0.0850018 
Dasyuridae_Planigale_tenuirostris            0.0689140 0.0734197 0.0645440 0.0716446 0.0694163 0.0251955 0.0872785 0.0697845 0.0727828 0.0813770 0.0696403 0.0234527 0.0168572 0.0662317 0.0704389 0.0229294 0.0237559 0.0000000 0.0825836 0.0679456 0.1397118 0.0929920 0.0874688 0.0212091 0.0685640 0.0676529 0.0691172 0.0684512 0.1253039 0.0946284 0.0686703 0.0657330 0.0802048 0.0251563 0.0812744 
Peramelidae_Echymipera_kalubu                0.0716389 0.0727564 0.0696687 0.0678309 0.0658587 0.0897824 0.0792505 0.0652951 0.0707922 0.0107610 0.0677713 0.0924877 0.0880673 0.0637270 0.0689087 0.0917355 0.0876221 0.0825836 0.0000000 0.0656666 0.1236657 0.1004563 0.0920410 0.0898043 0.0656876 0.0685742 0.0675843 0.0640713 0.1109893 0.0915642 0.0713509 0.0640642 0.0104778 0.0877360 0.0103870 
Macropodidae_Dorcopsulus_vanheurni           0.0487703 0.0587494 0.0454039 0.0157561 0.0157159 0.0735239 0.0536884 0.0394492 0.0160756 0.0635914 0.0423136 0.0737232 0.0700360 0.0395240 0.0447766 0.0731105 0.0720564 0.0679456 0.0656666 0.0000000 0.1011853 0.0782855 0.0749184 0.0702766 0.0297681 0.0503677 0.0432862 0.0077599 0.0843236 0.0632686 0.0457665 0.0394632 0.0628010 0.0725739 0.0627606 
Pseudochiridae_Pseudochirulus_forbesi        0.1040387 0.0942852 0.1001327 0.1029444 0.1006368 0.1393964 0.1210464 0.0975923 0.1029504 0.1228616 0.1048501 0.1412830 0.1343533 0.0957843 0.0890383 0.1388488 0.1382221 0.1397118 0.1236657 0.1011853 0.0000000 0.1392634 0.1376763 0.1342487 0.1003483 0.1155961 0.0666802 0.0997005 0.0254270 0.0909687 0.0934670 0.0971482 0.1196969 0.1387686 0.1221449 
Didelphidae_Didelphis_virginiana             0.0926095 0.0943074 0.0784417 0.0812898 0.0808094 0.0977419 0.1033748 0.0768864 0.0828636 0.0968805 0.0804192 0.1033242 0.1000313 0.0772152 0.0783441 0.1012498 0.0958463 0.0929920 0.1004563 0.0782855 0.1392634 0.0000000 0.0316468 0.0991261 0.0810508 0.0806005 0.0796798 0.0762666 0.1276960 0.1017471 0.0808604 0.0769540 0.0969655 0.0992273 0.0958651 
Marmosidae_Monodelphis_domestica             0.0867180 0.0866167 0.0735770 0.0783531 0.0764490 0.0910909 0.0967443 0.0751632 0.0801551 0.0881648 0.0784154 0.0943809 0.0953330 0.0757393 0.0792585 0.0934481 0.0900770 0.0874688 0.0920410 0.0749184 0.1376763 0.0316468 0.0000000 0.0947919 0.0776968 0.0745123 0.0772070 0.0731343 0.1226963 0.0974479 0.0771809 0.0751480 0.0878814 0.0920742 0.0874579 
Dasyuridae_Antechinus_stuartii               0.0770565 0.0786439 0.0672403 0.0734560 0.0719181 0.0172739 0.0886576 0.0716794 0.0744616 0.0878712 0.0738146 0.0092758 0.0220480 0.0700151 0.0760058 0.0077464 0.0160796 0.0212091 0.0898043 0.0702766 0.1342487 0.0991261 0.0947919 0.0000000 0.0748109 0.0702549 0.0731473 0.0706007 0.1188198 0.0929594 0.0748186 0.0694642 0.0869038 0.0172425 0.0871613 
Hypsiprymnodontidae_Hypsiprymnodon_moschatus 0.0496880 0.0630751 0.0467869 0.0311637 0.0299258 0.0776687 0.0559876 0.0407962 0.0321946 0.0641167 0.0426701 0.0784914 0.0728152 0.0387341 0.0431671 0.0767557 0.0747295 0.0685640 0.0656876 0.0297681 0.1003483 0.0810508 0.0776968 0.0748109 0.0000000 0.0564536 0.0441970 0.0278793 0.0863080 0.0656678 0.0469809 0.0395800 0.0624266 0.0757297 0.0633822 
Microbiotheriidae_Dromiciops_gliroides       0.0619041 0.0645225 0.0524033 0.0548944 0.0540256 0.0741480 0.0691808 0.0515147 0.0574613 0.0658979 0.0542023 0.0740904 0.0732056 0.0521106 0.0563410 0.0733454 0.0720758 0.0676529 0.0685742 0.0503677 0.1155961 0.0806005 0.0745123 0.0702549 0.0564536 0.0000000 0.0531293 0.0494090 0.0997881 0.0742965 0.0573732 0.0524669 0.0666525 0.0735542 0.0655824 
Pseudochiridae_Petauroides_volans            0.0472705 0.0599778 0.0473764 0.0438317 0.0429369 0.0737724 0.0570047 0.0405085 0.0436113 0.0660212 0.0438595 0.0778408 0.0721404 0.0397577 0.0355710 0.0760838 0.0722833 0.0691172 0.0675843 0.0432862 0.0666802 0.0796798 0.0772070 0.0731473 0.0441970 0.0531293 0.0000000 0.0412832 0.0538980 0.0452340 0.0386210 0.0401094 0.0657168 0.0732610 0.0657247 
Macropodidae_Wallabia_bicolor                0.0483943 0.0578632 0.0454497 0.0145165 0.0144801 0.0743531 0.0529046 0.0379181 0.0159697 0.0620278 0.0413852 0.0751043 0.0699071 0.0383965 0.0440670 0.0733983 0.0723492 0.0684512 0.0640713 0.0077599 0.0997005 0.0762666 0.0731343 0.0706007 0.0278793 0.0494090 0.0412832 0.0000000 0.0834996 0.0622044 0.0458168 0.0383378 0.0621126 0.0724331 0.0612910 
Pseudochiridae_Pseudocheirus_occidentalis    0.0878706 0.0761424 0.0896339 0.0876781 0.0854717 0.1211872 0.1038420 0.0841174 0.0877501 0.1096844 0.0881139 0.1243362 0.1179334 0.0818946 0.0733647 0.1231296 0.1195035 0.1253039 0.1109893 0.0843236 0.0254270 0.1276960 0.1226963 0.1188198 0.0863080 0.0997881 0.0538980 0.0834996 0.0000000 0.0791861 0.0767996 0.0822401 0.1065247 0.1195896 0.1090153 
Tarsipedidae_Tarsipes_rostratus              0.0708984 0.0788438 0.0682156 0.0665398 0.0663496 0.0940722 0.0809669 0.0614702 0.0680668 0.0876487 0.0654311 0.0994113 0.0933958 0.0606975 0.0544257 0.0959655 0.0925355 0.0946284 0.0915642 0.0632686 0.0909687 0.1017471 0.0974479 0.0929594 0.0656678 0.0742965 0.0452340 0.0622044 0.0791861 0.0000000 0.0572502 0.0610481 0.0885189 0.0935288 0.0870363 
Acrobatidae_Distoechurus_pennatus            0.0500878 0.0616040 0.0451469 0.0497228 0.0491713 0.0754500 0.0567331 0.0434224 0.0507818 0.0702229 0.0444749 0.0784202 0.0719352 0.0418568 0.0249194 0.0766669 0.0729652 0.0686703 0.0713509 0.0457665 0.0934670 0.0808604 0.0771809 0.0748186 0.0469809 0.0573732 0.0386210 0.0458168 0.0767996 0.0572502 0.0000000 0.0422036 0.0695867 0.0734671 0.0694833 
Phalangeridae_Phalanger_carmelitae           0.0415128 0.0592112 0.0427108 0.0408451 0.0399704 0.0714719 0.0356909 0.0076463 0.0423477 0.0625377 0.0078759 0.0720937 0.0690031 0.0039833 0.0409753 0.0699557 0.0694785 0.0657330 0.0640642 0.0394632 0.0971482 0.0769540 0.0751480 0.0694642 0.0395800 0.0524669 0.0401094 0.0383378 0.0822401 0.0610481 0.0422036 0.0000000 0.0627406 0.0699961 0.0613455 
Peramelidae_Peroryctes_raffrayana            0.0708306 0.0728092 0.0692824 0.0649344 0.0643390 0.0868936 0.0807366 0.0635260 0.0688389 0.0089243 0.0664514 0.0907054 0.0841955 0.0623998 0.0675250 0.0888315 0.0847408 0.0802048 0.0104778 0.0628010 0.1196969 0.0969655 0.0878814 0.0869038 0.0624266 0.0666525 0.0657168 0.0621126 0.1065247 0.0885189 0.0695867 0.0627406 0.0000000 0.0848402 0.0085639 
Dasyuridae_Dasyurus_geffroii                 0.0782494 0.0800076 0.0686527 0.0761745 0.0746400 0.0047272 0.0890151 0.0726280 0.0771610 0.0858141 0.0744468 0.0215005 0.0250026 0.0714491 0.0755620 0.0202593 0.0065512 0.0251563 0.0877360 0.0725739 0.1387686 0.0992273 0.0920742 0.0172425 0.0757297 0.0735542 0.0732610 0.0724331 0.1195896 0.0935288 0.0734671 0.0699961 0.0848402 0.0000000 0.0851104 
Peramelidae_Perameles_gunnii                 0.0707241 0.0717993 0.0675385 0.0649799 0.0642991 0.0871385 0.0789944 0.0616550 0.0669969 0.0003619 0.0665634 0.0909332 0.0859586 0.0614858 0.0650943 0.0890626 0.0850018 0.0812744 0.0103870 0.0627606 0.1221449 0.0958651 0.0874579 0.0871613 0.0633822 0.0655824 0.0657247 0.0612910 0.1090153 0.0870363 0.0694833 0.0613455 0.0085639 0.0851104 0.0000000 
