40
Altingia               0.0000000 0.0189414 0.0151000 0.0077295 0.0168187 0.0247173 0.0095405 0.0407014 0.0121248 0.0094945 0.0335661 0.0083386 0.0281070 0.0093920 0.0158252 0.0137148 0.0282683 0.0277192 0.0170415 0.0021550 0.0287399 0.0085355 0.0252198 0.0251025 0.0246018 0.0252477 0.0178259 0.0194721 0.0221682 0.0131522 0.0088916 0.0162428 0.0224932 0.0242088 0.0350193 0.0151582 0.0240770 0.0230065 0.0223826 0.0171461 
Aphanopetalum          0.0189414 0.0000000 0.0223133 0.0157560 0.0233385 0.0302944 0.0171597 0.0391365 0.0202216 0.0183489 0.0330095 0.0174749 0.0221507 0.0177879 0.0230179 0.0215181 0.0286008 0.0366994 0.0243250 0.0189743 0.0221798 0.0171869 0.0309355 0.0308790 0.0307130 0.0302762 0.0252044 0.0137569 0.0298000 0.0205722 0.0173966 0.0229701 0.0281282 0.0329385 0.0346864 0.0227994 0.0182378 0.0297234 0.0296902 0.0248624 
Boykinia               0.0151000 0.0223133 0.0000000 0.0124004 0.0181519 0.0163937 0.0148448 0.0428689 0.0171354 0.0143214 0.0360102 0.0135124 0.0302208 0.0141388 0.0079411 0.0148694 0.0310840 0.0329670 0.0221102 0.0151522 0.0320980 0.0132802 0.0289238 0.0286445 0.0283463 0.0272382 0.0105951 0.0219268 0.0261775 0.0139441 0.0145731 0.0166030 0.0143025 0.0174243 0.0382427 0.0041204 0.0279994 0.0268371 0.0260124 0.0224718 
Cercidiphyllum         0.0077295 0.0157560 0.0124004 0.0000000 0.0136167 0.0210346 0.0062384 0.0364633 0.0085169 0.0058979 0.0299982 0.0052328 0.0238804 0.0061142 0.0125422 0.0111726 0.0250087 0.0252570 0.0143609 0.0076887 0.0250971 0.0051812 0.0222036 0.0221107 0.0212893 0.0219502 0.0146089 0.0159676 0.0182443 0.0105380 0.0058040 0.0128497 0.0190249 0.0215143 0.0310416 0.0128466 0.0206005 0.0197392 0.0188120 0.0146488 
Choristylis            0.0168187 0.0233385 0.0181519 0.0136167 0.0000000 0.0258042 0.0149287 0.0416656 0.0179447 0.0151835 0.0379578 0.0131986 0.0297070 0.0151016 0.0180547 0.0090271 0.0330455 0.0353719 0.0222840 0.0166058 0.0303208 0.0144648 0.0300852 0.0297694 0.0293002 0.0299090 0.0199735 0.0224009 0.0275466 0.0130752 0.0147483 0.0178905 0.0248962 0.0263233 0.0396726 0.0180133 0.0282480 0.0266802 0.0252384 0.0223354 
Chrysosplenium         0.0247173 0.0302944 0.0163937 0.0210346 0.0258042 0.0000000 0.0216683 0.0483126 0.0255052 0.0223795 0.0445333 0.0207974 0.0366943 0.0217449 0.0139384 0.0224493 0.0391605 0.0427667 0.0312233 0.0247244 0.0384954 0.0219757 0.0355048 0.0354283 0.0346818 0.0334946 0.0119532 0.0283311 0.0363331 0.0220721 0.0229130 0.0221245 0.0181907 0.0214795 0.0447295 0.0161161 0.0328622 0.0343622 0.0333456 0.0314221 
Corylopsis             0.0095405 0.0171597 0.0148448 0.0062384 0.0149287 0.0216683 0.0000000 0.0372071 0.0102709 0.0058947 0.0321931 0.0059571 0.0255750 0.0032738 0.0137550 0.0124580 0.0274658 0.0278639 0.0148091 0.0093992 0.0262335 0.0059244 0.0224787 0.0223828 0.0218220 0.0226419 0.0159940 0.0166526 0.0199806 0.0119401 0.0070276 0.0132700 0.0205441 0.0224677 0.0334176 0.0144379 0.0226395 0.0206084 0.0205676 0.0150992 
Crassula               0.0407014 0.0391365 0.0428689 0.0364633 0.0416656 0.0483126 0.0372071 0.0000000 0.0415094 0.0367396 0.0264852 0.0369487 0.0453172 0.0377476 0.0409142 0.0395157 0.0237813 0.0563347 0.0475541 0.0401978 0.0448982 0.0364622 0.0529501 0.0523934 0.0517418 0.0528131 0.0436580 0.0377779 0.0513902 0.0387154 0.0379758 0.0415561 0.0461059 0.0483876 0.0278012 0.0427973 0.0429531 0.0517436 0.0520200 0.0465454 
Daphniphyllum          0.0121248 0.0202216 0.0171354 0.0085169 0.0179447 0.0255052 0.0102709 0.0415094 0.0000000 0.0106528 0.0349040 0.0096213 0.0291343 0.0099042 0.0169230 0.0154540 0.0305792 0.0288347 0.0183678 0.0117265 0.0296867 0.0091884 0.0257492 0.0256269 0.0251949 0.0253654 0.0187447 0.0206046 0.0220258 0.0138337 0.0099578 0.0165528 0.0233755 0.0255223 0.0373808 0.0169557 0.0248609 0.0227058 0.0212419 0.0185801 
Disanthus              0.0094945 0.0183489 0.0143214 0.0058979 0.0151835 0.0223795 0.0058947 0.0367396 0.0106528 0.0000000 0.0319040 0.0060782 0.0256752 0.0055199 0.0140387 0.0122360 0.0271871 0.0274308 0.0152815 0.0097355 0.0260854 0.0061421 0.0236733 0.0235515 0.0229329 0.0235651 0.0159960 0.0176133 0.0204403 0.0119028 0.0071873 0.0138543 0.0203449 0.0222175 0.0329649 0.0142214 0.0227572 0.0213137 0.0203076 0.0159684 
Dudleya                0.0335661 0.0330095 0.0360102 0.0299982 0.0379578 0.0445333 0.0321931 0.0264852 0.0349040 0.0319040 0.0000000 0.0307802 0.0407158 0.0326012 0.0356888 0.0338040 0.0136536 0.0503314 0.0408368 0.0331496 0.0402962 0.0304960 0.0473012 0.0469799 0.0465612 0.0486544 0.0388738 0.0324476 0.0434576 0.0322352 0.0323545 0.0365538 0.0420942 0.0470885 0.0120128 0.0358063 0.0383215 0.0445276 0.0446845 0.0402853 
Exbucklandia           0.0083386 0.0174749 0.0135124 0.0052328 0.0131986 0.0207974 0.0059571 0.0369487 0.0096213 0.0060782 0.0307802 0.0000000 0.0252697 0.0061125 0.0130795 0.0109814 0.0259262 0.0255993 0.0140094 0.0086329 0.0261880 0.0053723 0.0215984 0.0215683 0.0210612 0.0217599 0.0150221 0.0168662 0.0182011 0.0101479 0.0045827 0.0133100 0.0195868 0.0211381 0.0318441 0.0128068 0.0209115 0.0198206 0.0186225 0.0145538 
Haloragis              0.0281070 0.0221507 0.0302208 0.0238804 0.0297070 0.0366943 0.0255750 0.0453172 0.0291343 0.0256752 0.0407158 0.0252697 0.0000000 0.0261418 0.0304318 0.0269564 0.0372105 0.0462103 0.0329101 0.0276418 0.0070522 0.0251243 0.0386952 0.0385406 0.0379928 0.0385578 0.0323266 0.0171936 0.0385113 0.0271888 0.0251752 0.0300359 0.0336324 0.0393960 0.0425811 0.0298687 0.0247038 0.0377318 0.0377752 0.0331685 
Hamamelis              0.0093920 0.0177879 0.0141388 0.0061142 0.0151016 0.0217449 0.0032738 0.0377476 0.0099042 0.0055199 0.0326012 0.0061125 0.0261418 0.0000000 0.0131522 0.0123647 0.0277266 0.0273862 0.0149002 0.0094090 0.0271495 0.0056978 0.0236476 0.0234708 0.0228421 0.0236255 0.0151638 0.0174468 0.0205878 0.0114797 0.0067064 0.0134360 0.0201429 0.0220225 0.0334946 0.0136328 0.0231828 0.0204718 0.0200910 0.0152556 
Heuchera               0.0158252 0.0230179 0.0079411 0.0125422 0.0180547 0.0139384 0.0137550 0.0409142 0.0169230 0.0140387 0.0356888 0.0130795 0.0304318 0.0131522 0.0000000 0.0145078 0.0317263 0.0327635 0.0217530 0.0153631 0.0312537 0.0131106 0.0287972 0.0283923 0.0281380 0.0269444 0.0081892 0.0217250 0.0261576 0.0140734 0.0143876 0.0154602 0.0129625 0.0146035 0.0367473 0.0076345 0.0270748 0.0252538 0.0249581 0.0229523 
Itea                   0.0137148 0.0215181 0.0148694 0.0111726 0.0090271 0.0224493 0.0124580 0.0395157 0.0154540 0.0122360 0.0338040 0.0109814 0.0269564 0.0123647 0.0145078 0.0000000 0.0304903 0.0307546 0.0187156 0.0133637 0.0289594 0.0115325 0.0262807 0.0260737 0.0257760 0.0260072 0.0167192 0.0201517 0.0233777 0.0099955 0.0121939 0.0159924 0.0210399 0.0237021 0.0368743 0.0146534 0.0257458 0.0241502 0.0238006 0.0192844 
Kalanchoe              0.0282683 0.0286008 0.0310840 0.0250087 0.0330455 0.0391605 0.0274658 0.0237813 0.0305792 0.0271871 0.0136536 0.0259262 0.0372105 0.0277266 0.0317263 0.0304903 0.0000000 0.0455202 0.0351278 0.0285805 0.0365271 0.0257582 0.0429870 0.0428987 0.0419449 0.0435315 0.0341135 0.0278235 0.0391788 0.0283683 0.0269928 0.0317147 0.0382454 0.0409559 0.0158102 0.0307247 0.0326233 0.0399156 0.0403060 0.0349401 
Lambertia              0.0277192 0.0366994 0.0329670 0.0252570 0.0353719 0.0427667 0.0278639 0.0563347 0.0288347 0.0274308 0.0503314 0.0255993 0.0462103 0.0273862 0.0327635 0.0307546 0.0455202 0.0000000 0.0299286 0.0282672 0.0465820 0.0263379 0.0433465 0.0431382 0.0427789 0.0433514 0.0341251 0.0375351 0.0174478 0.0296765 0.0263512 0.0329664 0.0401473 0.0431599 0.0528536 0.0326067 0.0433429 0.0248696 0.0242864 0.0309560 
Leea                   0.0170415 0.0243250 0.0221102 0.0143609 0.0222840 0.0312233 0.0148091 0.0475541 0.0183678 0.0152815 0.0408368 0.0140094 0.0329101 0.0149002 0.0217530 0.0187156 0.0351278 0.0299286 0.0000000 0.0171088 0.0346594 0.0144993 0.0310297 0.0306361 0.0303862 0.0314965 0.0240252 0.0256050 0.0217710 0.0189061 0.0148296 0.0217333 0.0289986 0.0306779 0.0422252 0.0214666 0.0298935 0.0237318 0.0237361 0.0085424 
Liquidambar            0.0021550 0.0189743 0.0151522 0.0076887 0.0166058 0.0247244 0.0093992 0.0401978 0.0117265 0.0097355 0.0331496 0.0086329 0.0276418 0.0094090 0.0153631 0.0133637 0.0285805 0.0282672 0.0171088 0.0000000 0.0288333 0.0083411 0.0244875 0.0245407 0.0240149 0.0248130 0.0174903 0.0197052 0.0220997 0.0132032 0.0090031 0.0159792 0.0216946 0.0238790 0.0349246 0.0150979 0.0240498 0.0228571 0.0224358 0.0170912 
Myriophyllum           0.0287399 0.0221798 0.0320980 0.0250971 0.0303208 0.0384954 0.0262335 0.0448982 0.0296867 0.0260854 0.0402962 0.0261880 0.0070522 0.0271495 0.0312537 0.0289594 0.0365271 0.0465820 0.0346594 0.0288333 0.0000000 0.0260580 0.0403379 0.0393290 0.0397156 0.0395191 0.0343989 0.0170995 0.0397911 0.0286336 0.0260908 0.0312354 0.0354904 0.0420737 0.0411552 0.0318937 0.0244449 0.0388187 0.0390521 0.0350983 
Mytilaria              0.0085355 0.0171869 0.0132802 0.0051812 0.0144648 0.0219757 0.0059244 0.0364622 0.0091884 0.0061421 0.0304960 0.0053723 0.0251243 0.0056978 0.0131106 0.0115325 0.0257582 0.0263379 0.0144993 0.0083411 0.0260580 0.0000000 0.0223164 0.0222229 0.0216154 0.0223750 0.0150840 0.0164949 0.0190469 0.0110782 0.0063350 0.0136753 0.0200374 0.0223094 0.0320415 0.0131037 0.0216238 0.0206824 0.0200815 0.0151125 
Paeonia_brownii        0.0252198 0.0309355 0.0289238 0.0222036 0.0300852 0.0355048 0.0224787 0.0529501 0.0257492 0.0236733 0.0473012 0.0215984 0.0386952 0.0236476 0.0287972 0.0262807 0.0429870 0.0433465 0.0310297 0.0244875 0.0403379 0.0223164 0.0000000 0.0014719 0.0022036 0.0029482 0.0304996 0.0313357 0.0351056 0.0259347 0.0228956 0.0290666 0.0352450 0.0377828 0.0495127 0.0290954 0.0366479 0.0351633 0.0348559 0.0319188 
Paeonia_californica    0.0251025 0.0308790 0.0286445 0.0221107 0.0297694 0.0354283 0.0223828 0.0523934 0.0256269 0.0235515 0.0469799 0.0215683 0.0385406 0.0234708 0.0283923 0.0260737 0.0428987 0.0431382 0.0306361 0.0245407 0.0393290 0.0222229 0.0014719 0.0000000 0.0025165 0.0031253 0.0301209 0.0309546 0.0351207 0.0253891 0.0229790 0.0287623 0.0350799 0.0371981 0.0495072 0.0288149 0.0359501 0.0352247 0.0349340 0.0316690 
Paeonia_suffruticosa   0.0246018 0.0307130 0.0283463 0.0212893 0.0293002 0.0346818 0.0218220 0.0517418 0.0251949 0.0229329 0.0465612 0.0210612 0.0379928 0.0228421 0.0281380 0.0257760 0.0419449 0.0427789 0.0303862 0.0240149 0.0397156 0.0216154 0.0022036 0.0025165 0.0000000 0.0028431 0.0296597 0.0313457 0.0348078 0.0254349 0.0226660 0.0283548 0.0347071 0.0373774 0.0485444 0.0284298 0.0357686 0.0346875 0.0347727 0.0315033 
Paeonia_tenuifolia     0.0252477 0.0302762 0.0272382 0.0219502 0.0299090 0.0334946 0.0226419 0.0528131 0.0253654 0.0235651 0.0486544 0.0217599 0.0385578 0.0236255 0.0269444 0.0260072 0.0435315 0.0433514 0.0314965 0.0248130 0.0395191 0.0223750 0.0029482 0.0031253 0.0028431 0.0000000 0.0288826 0.0312988 0.0358745 0.0259401 0.0234932 0.0285722 0.0327761 0.0358417 0.0495993 0.0270910 0.0352186 0.0358491 0.0349655 0.0322935 
Peltoboykinia          0.0178259 0.0252044 0.0105951 0.0146089 0.0199735 0.0119532 0.0159940 0.0436580 0.0187447 0.0159960 0.0388738 0.0150221 0.0323266 0.0151638 0.0081892 0.0167192 0.0341135 0.0341251 0.0240252 0.0174903 0.0343989 0.0150840 0.0304996 0.0301209 0.0296597 0.0288826 0.0000000 0.0238252 0.0286560 0.0159490 0.0160492 0.0164520 0.0138470 0.0167767 0.0396916 0.0103180 0.0277588 0.0272910 0.0264909 0.0248470 
Penthorum              0.0194721 0.0137569 0.0219268 0.0159676 0.0224009 0.0283311 0.0166526 0.0377779 0.0206046 0.0176133 0.0324476 0.0168662 0.0171936 0.0174468 0.0217250 0.0201517 0.0278235 0.0375351 0.0256050 0.0197052 0.0170995 0.0164949 0.0313357 0.0309546 0.0313457 0.0312988 0.0238252 0.0000000 0.0289493 0.0189146 0.0171825 0.0224001 0.0278088 0.0309679 0.0339678 0.0219358 0.0158611 0.0283145 0.0283510 0.0253635 
Platanus               0.0221682 0.0298000 0.0261775 0.0182443 0.0275466 0.0363331 0.0199806 0.0513902 0.0220258 0.0204403 0.0434576 0.0182011 0.0385113 0.0205878 0.0261576 0.0233777 0.0391788 0.0174478 0.0217710 0.0220997 0.0397911 0.0190469 0.0351056 0.0351207 0.0348078 0.0358745 0.0286560 0.0289493 0.0000000 0.0222794 0.0193188 0.0256140 0.0338329 0.0363192 0.0467102 0.0262220 0.0343191 0.0165091 0.0163017 0.0227828 
Pterostemon            0.0131522 0.0205722 0.0139441 0.0105380 0.0130752 0.0220721 0.0119401 0.0387154 0.0138337 0.0119028 0.0322352 0.0101479 0.0271888 0.0114797 0.0140734 0.0099955 0.0283683 0.0296765 0.0189061 0.0132032 0.0286336 0.0110782 0.0259347 0.0253891 0.0254349 0.0259401 0.0159490 0.0189146 0.0222794 0.0000000 0.0116591 0.0148074 0.0209033 0.0221259 0.0347818 0.0143068 0.0249369 0.0219285 0.0214132 0.0192019 
Rhodoleia              0.0088916 0.0173966 0.0145731 0.0058040 0.0147483 0.0229130 0.0070276 0.0379758 0.0099578 0.0071873 0.0323545 0.0045827 0.0251752 0.0067064 0.0143876 0.0121939 0.0269928 0.0263512 0.0148296 0.0090031 0.0260908 0.0063350 0.0228956 0.0229790 0.0226660 0.0234932 0.0160492 0.0171825 0.0193188 0.0116591 0.0000000 0.0144362 0.0210859 0.0227847 0.0328027 0.0140710 0.0220201 0.0208185 0.0200857 0.0151910 
Ribes                  0.0162428 0.0229701 0.0166030 0.0128497 0.0178905 0.0221245 0.0132700 0.0415561 0.0165528 0.0138543 0.0365538 0.0133100 0.0300359 0.0134360 0.0154602 0.0159924 0.0317147 0.0329664 0.0217333 0.0159792 0.0312354 0.0136753 0.0290666 0.0287623 0.0283548 0.0285722 0.0164520 0.0224001 0.0256140 0.0148074 0.0144362 0.0000000 0.0214324 0.0239672 0.0385170 0.0166045 0.0263023 0.0269075 0.0263752 0.0218920 
Saxifraga_integrifolia 0.0224932 0.0281282 0.0143025 0.0190249 0.0248962 0.0181907 0.0205441 0.0461059 0.0233755 0.0203449 0.0420942 0.0195868 0.0336324 0.0201429 0.0129625 0.0210399 0.0382454 0.0401473 0.0289986 0.0216946 0.0354904 0.0200374 0.0352450 0.0350799 0.0347071 0.0327761 0.0138470 0.0278088 0.0338329 0.0209033 0.0210859 0.0214324 0.0000000 0.0212105 0.0450956 0.0143326 0.0317717 0.0319091 0.0318841 0.0288435 
Saxifraga_mertensiana  0.0242088 0.0329385 0.0174243 0.0215143 0.0263233 0.0214795 0.0224677 0.0483876 0.0255223 0.0222175 0.0470885 0.0211381 0.0393960 0.0220225 0.0146035 0.0237021 0.0409559 0.0431599 0.0306779 0.0238790 0.0420737 0.0223094 0.0377828 0.0371981 0.0373774 0.0358417 0.0167767 0.0309679 0.0363192 0.0221259 0.0227847 0.0239672 0.0212105 0.0000000 0.0480464 0.0167299 0.0351046 0.0344565 0.0342232 0.0313394 
Sedum                  0.0350193 0.0346864 0.0382427 0.0310416 0.0396726 0.0447295 0.0334176 0.0278012 0.0373808 0.0329649 0.0120128 0.0318441 0.0425811 0.0334946 0.0367473 0.0368743 0.0158102 0.0528536 0.0422252 0.0349246 0.0411552 0.0320415 0.0495127 0.0495072 0.0485444 0.0495993 0.0396916 0.0339678 0.0467102 0.0347818 0.0328027 0.0385170 0.0450956 0.0480464 0.0000000 0.0380759 0.0395820 0.0487440 0.0488149 0.0412239 
Sullivantia            0.0151582 0.0227994 0.0041204 0.0128466 0.0180133 0.0161161 0.0144379 0.0427973 0.0169557 0.0142214 0.0358063 0.0128068 0.0298687 0.0136328 0.0076345 0.0146534 0.0307247 0.0326067 0.0214666 0.0150979 0.0318937 0.0131037 0.0290954 0.0288149 0.0284298 0.0270910 0.0103180 0.0219358 0.0262220 0.0143068 0.0140710 0.0166045 0.0143326 0.0167299 0.0380759 0.0000000 0.0275986 0.0265962 0.0256701 0.0224608 
Tetracarpaea           0.0240770 0.0182378 0.0279994 0.0206005 0.0282480 0.0328622 0.0226395 0.0429531 0.0248609 0.0227572 0.0383215 0.0209115 0.0247038 0.0231828 0.0270748 0.0257458 0.0326233 0.0433429 0.0298935 0.0240498 0.0244449 0.0216238 0.0366479 0.0359501 0.0357686 0.0352186 0.0277588 0.0158611 0.0343191 0.0249369 0.0220201 0.0263023 0.0317717 0.0351046 0.0395820 0.0275986 0.0000000 0.0338764 0.0334412 0.0301880 
Tetracentron           0.0230065 0.0297234 0.0268371 0.0197392 0.0266802 0.0343622 0.0206084 0.0517436 0.0227058 0.0213137 0.0445276 0.0198206 0.0377318 0.0204718 0.0252538 0.0241502 0.0399156 0.0248696 0.0237318 0.0228571 0.0388187 0.0206824 0.0351633 0.0352247 0.0346875 0.0358491 0.0272910 0.0283145 0.0165091 0.0219285 0.0208185 0.0269075 0.0319091 0.0344565 0.0487440 0.0265962 0.0338764 0.0000000 0.0051554 0.0238502 
Trochodendron          0.0223826 0.0296902 0.0260124 0.0188120 0.0252384 0.0333456 0.0205676 0.0520200 0.0212419 0.0203076 0.0446845 0.0186225 0.0377752 0.0200910 0.0249581 0.0238006 0.0403060 0.0242864 0.0237361 0.0224358 0.0390521 0.0200815 0.0348559 0.0349340 0.0347727 0.0349655 0.0264909 0.0283510 0.0163017 0.0214132 0.0200857 0.0263752 0.0318841 0.0342232 0.0488149 0.0256701 0.0334412 0.0051554 0.0000000 0.0238546 
Vitis                  0.0171461 0.0248624 0.0224718 0.0146488 0.0223354 0.0314221 0.0150992 0.0465454 0.0185801 0.0159684 0.0402853 0.0145538 0.0331685 0.0152556 0.0229523 0.0192844 0.0349401 0.0309560 0.0085424 0.0170912 0.0350983 0.0151125 0.0319188 0.0316690 0.0315033 0.0322935 0.0248470 0.0253635 0.0227828 0.0192019 0.0151910 0.0218920 0.0288435 0.0313394 0.0412239 0.0224608 0.0301880 0.0238502 0.0238546 0.0000000 
