35
Burramyidae_Burramys_parvus                  0.0000000 0.1267877 0.0671992 0.0782832 0.0809028 0.1369625 0.0568760 0.0668251 0.0808385 0.1100919 0.0671201 0.1433548 0.1228862 0.0713451 0.0567883 0.1339016 0.1342116 0.1334761 0.1151894 0.0815573 0.0668967 0.1573445 0.1351958 0.1403608 0.0824477 0.0698444 0.0644997 0.0787283 0.0858846 0.0627366 0.0708988 0.1155647 0.1338447 0.1104920 0.0489479 
Notoryctidae_Notoryctes_typhlops             0.1267877 0.0000000 0.1209920 0.1379335 0.1393517 0.1610623 0.1310852 0.1414038 0.1425025 0.1458655 0.1391817 0.1714960 0.1510200 0.1496625 0.1212580 0.1508447 0.1569584 0.1621712 0.1484931 0.1453172 0.1426057 0.1904286 0.1481804 0.1637976 0.1506474 0.1051811 0.1380406 0.1455096 0.1619648 0.1379449 0.1448860 0.1559575 0.1577341 0.1544303 0.1311022 
Vombatidae_Lasiorhinus_latifrons             0.0671992 0.1209920 0.0000000 0.0821923 0.0840018 0.1360239 0.0756792 0.0802877 0.0823029 0.0967074 0.0799828 0.1385840 0.1199579 0.0861949 0.0677580 0.1468008 0.1343385 0.1323780 0.1054530 0.0840992 0.0777723 0.1418441 0.1214691 0.1315809 0.0906768 0.0720946 0.0760622 0.0821502 0.1034543 0.0737372 0.0838230 0.1005145 0.1351041 0.1056784 0.0558635 
Potoroidae_Bettongia_penicillata             0.0782832 0.1379335 0.0821923 0.0000000 0.0034878 0.1459468 0.0797000 0.0858025 0.0105155 0.1134110 0.0823508 0.1503476 0.1278039 0.0869941 0.0643850 0.1489867 0.1441407 0.1269743 0.1245358 0.0238447 0.0675061 0.1598773 0.1441013 0.1399842 0.0468661 0.0773356 0.0674390 0.0207989 0.0972624 0.0781156 0.0849396 0.1230628 0.1427375 0.1177222 0.0511803 
Potoroidae_Bettongia_lesueur                 0.0809028 0.1393517 0.0840018 0.0034878 0.0000000 0.1450310 0.0832417 0.0868156 0.0109703 0.1136830 0.0858583 0.1527197 0.1269308 0.0898744 0.0645088 0.1504969 0.1432263 0.1260476 0.1245972 0.0238997 0.0683863 0.1625642 0.1454701 0.1425884 0.0482666 0.0798180 0.0667396 0.0218151 0.0993473 0.0782517 0.0877194 0.1223100 0.1418276 0.1177905 0.0534784 
Dasyuridae_Dasyurus_maculatus                0.1369625 0.1610623 0.1360239 0.1459468 0.1450310 0.0000000 0.1443566 0.1581037 0.1461522 0.1601882 0.1520874 0.0260557 0.0270725 0.1653462 0.1370640 0.0208406 0.0046758 0.0329714 0.1641404 0.1484118 0.1428032 0.2056784 0.1671904 0.0243856 0.1610199 0.1076602 0.1350035 0.1471733 0.1540322 0.1444096 0.1623290 0.1734815 0.0034726 0.1634499 0.1306368 
Phalangeridae_Trichosurus_vulpecula          0.0568760 0.1310852 0.0756792 0.0797000 0.0832417 0.1443566 0.0000000 0.0175410 0.0849876 0.1137362 0.0193180 0.1509076 0.1245325 0.0239391 0.0685610 0.1420864 0.1402632 0.1328245 0.1244368 0.0845178 0.0728386 0.1673156 0.1472406 0.1433205 0.0842311 0.0843904 0.0666284 0.0801478 0.1001091 0.0722130 0.0213149 0.1224948 0.1388232 0.1167808 0.0527541 
Phalangeridae_Spilocuscus_maculatus          0.0668251 0.1414038 0.0802877 0.0858025 0.0868156 0.1581037 0.0175410 0.0000000 0.0922296 0.1173077 0.0150630 0.1646074 0.1386655 0.0180279 0.0709635 0.1642728 0.1552997 0.1470397 0.1266420 0.0923322 0.0777735 0.1719286 0.1487167 0.1543872 0.0937924 0.0944234 0.0760573 0.0865125 0.1046620 0.0792161 0.0156533 0.1257936 0.1526469 0.1229768 0.0579764 
Potoroidae_Aepyprymnus_rufescens             0.0808385 0.1425025 0.0823029 0.0105155 0.0109703 0.1461522 0.0849876 0.0922296 0.0000000 0.1103161 0.0898047 0.1528708 0.1236917 0.0935471 0.0667605 0.1560347 0.1443432 0.1340282 0.1227670 0.0238393 0.0698835 0.1684305 0.1542996 0.1459937 0.0469735 0.0809024 0.0658075 0.0228015 0.0980807 0.0790362 0.0913385 0.1199550 0.1452167 0.1138823 0.0521813 
Peramelidae_Perameles_nasuta                 0.1100919 0.1458655 0.0967074 0.1134110 0.1136830 0.1601882 0.1137362 0.1173077 0.1103161 0.0000000 0.1176103 0.1574963 0.1430724 0.1146464 0.0928968 0.1684024 0.1572056 0.1493666 0.0167232 0.1176986 0.1035763 0.1716006 0.1415678 0.1551946 0.1279152 0.0923123 0.0965080 0.1109779 0.1325450 0.1119288 0.1123744 0.0151906 0.1578994 0.0024173 0.0644139 
Phalangeridae_Strigocuscus_pelengensis       0.0671201 0.1391817 0.0799828 0.0823508 0.0858583 0.1520874 0.0193180 0.0150630 0.0898047 0.1176103 0.0000000 0.1564031 0.1354655 0.0189396 0.0694755 0.1523557 0.1482611 0.1406119 0.1272315 0.0911410 0.0821474 0.1702386 0.1509072 0.1479398 0.0955188 0.0950316 0.0781459 0.0854982 0.1112421 0.0757122 0.0164535 0.1240378 0.1487758 0.1223838 0.0584769 
Dasyuridae_Phascogale_tapoatafa              0.1433548 0.1714960 0.1385840 0.1503476 0.1527197 0.0260557 0.1509076 0.1646074 0.1528708 0.1574963 0.1564031 0.0000000 0.0331255 0.1709719 0.1413216 0.0024024 0.0250694 0.0343804 0.1574360 0.1549917 0.1478811 0.2093343 0.1672706 0.0119612 0.1684926 0.1093821 0.1434087 0.1506355 0.1636452 0.1522859 0.1665932 0.1705768 0.0245145 0.1609939 0.1336250 
Dasyuridae_Sminthopsis_macroura              0.1228862 0.1510200 0.1199579 0.1278039 0.1269308 0.0270725 0.1245325 0.1386655 0.1236917 0.1430724 0.1354655 0.0331255 0.0000000 0.1452433 0.1227252 0.0235391 0.0250365 0.0248671 0.1472423 0.1261869 0.1262087 0.1916113 0.1486896 0.0318996 0.1456526 0.0909207 0.1202648 0.1288199 0.1484185 0.1340106 0.1426696 0.1530385 0.0265615 0.1497256 0.1206084 
Phalangeridae_Phalanger_orientalis           0.0713451 0.1496625 0.0861949 0.0869941 0.0898744 0.1653462 0.0239391 0.0180279 0.0935471 0.1146464 0.0189396 0.1709719 0.1452433 0.0000000 0.0720957 0.1651204 0.1625318 0.1499744 0.1205123 0.0944159 0.0810410 0.1647419 0.1510336 0.1595459 0.0984154 0.0918648 0.0807395 0.0881012 0.1115240 0.0797436 0.0034821 0.1198116 0.1598318 0.1203225 0.0635352 
Acrobatidae_Acrobates_pygmaeus               0.0567883 0.1212580 0.0677580 0.0643850 0.0645088 0.1370640 0.0685610 0.0709635 0.0667605 0.0928968 0.0694755 0.1413216 0.1227252 0.0720957 0.0000000 0.1472883 0.1343222 0.1348430 0.1008232 0.0682160 0.0618214 0.1456824 0.1256155 0.1308325 0.0826660 0.0695041 0.0605509 0.0650113 0.0823073 0.0314230 0.0709693 0.0992602 0.1340159 0.0990958 0.0356977 
Dasyuridae_Phascogale_calura                 0.1339016 0.1508447 0.1468008 0.1489867 0.1504969 0.0208406 0.1420864 0.1642728 0.1560347 0.1684024 0.1523557 0.0024024 0.0235391 0.1651204 0.1472883 0.0000000 0.0195641 0.0246472 0.1682181 0.1604339 0.1512713 0.2122386 0.1659424 0.0103567 0.1559837 0.0710583 0.1358150 0.1543753 0.1603759 0.1420620 0.1604509 0.1808043 0.0195648 0.1727087 0.1415789 
Dasyuridae_Sarcophilus_harrisii              0.1342116 0.1569584 0.1343385 0.1441407 0.1432263 0.0046758 0.1402632 0.1552997 0.1443432 0.1572056 0.1482611 0.0250694 0.0250365 0.1625318 0.1343222 0.0195641 0.0000000 0.0306404 0.1602981 0.1465599 0.1400945 0.2077128 0.1663732 0.0239158 0.1569396 0.1055778 0.1342858 0.1453421 0.1533948 0.1448810 0.1595272 0.1674044 0.0042768 0.1607264 0.1297267 
Dasyuridae_Planigale_tenuirostris            0.1334761 0.1621712 0.1323780 0.1269743 0.1260476 0.0329714 0.1328245 0.1470397 0.1340282 0.1493666 0.1406119 0.0343804 0.0248671 0.1499744 0.1348430 0.0246472 0.0306404 0.0000000 0.1485399 0.1385662 0.1354584 0.1974240 0.1481020 0.0332084 0.1500879 0.0953955 0.1351027 0.1349523 0.1516511 0.1454580 0.1471861 0.1591394 0.0311719 0.1554907 0.1219463 
Peramelidae_Echymipera_kalubu                0.1151894 0.1484931 0.1054530 0.1245358 0.1245972 0.1641404 0.1244368 0.1266420 0.1227670 0.0167232 0.1272315 0.1574360 0.1472423 0.1205123 0.1008232 0.1682181 0.1602981 0.1485399 0.0000000 0.1272094 0.1113027 0.1689130 0.1509232 0.1547210 0.1443899 0.0924418 0.1058615 0.1193267 0.1387072 0.1185766 0.1192550 0.0159783 0.1609264 0.0176903 0.0732629 
Macropodidae_Dorcopsulus_vanheurni           0.0815573 0.1453172 0.0840992 0.0238447 0.0238997 0.1484118 0.0845178 0.0923322 0.0238393 0.1176986 0.0911410 0.1549917 0.1261869 0.0944159 0.0682160 0.1604339 0.1465599 0.1385662 0.1272094 0.0000000 0.0664689 0.1694394 0.1487256 0.1488789 0.0543841 0.0833953 0.0684219 0.0114584 0.1042309 0.0825960 0.0919495 0.1208351 0.1450964 0.1201651 0.0532932 
Pseudochiridae_Pseudochirulus_forbesi        0.0668967 0.1426057 0.0777723 0.0675061 0.0683863 0.1428032 0.0728386 0.0777735 0.0698835 0.1035763 0.0821474 0.1478811 0.1262087 0.0810410 0.0618214 0.1512713 0.1400945 0.1354584 0.1113027 0.0664689 0.0000000 0.1517604 0.1379257 0.1388360 0.0838928 0.0808458 0.0401732 0.0683279 0.0752222 0.0665566 0.0810541 0.1108242 0.1376102 0.1072958 0.0232880 
Didelphidae_Didelphis_virginiana             0.1573445 0.1904286 0.1418441 0.1598773 0.1625642 0.2056784 0.1673156 0.1719286 0.1684305 0.1716006 0.1702386 0.2093343 0.1916113 0.1647419 0.1456824 0.2122386 0.2077128 0.1974240 0.1689130 0.1694394 0.1517604 0.0000000 0.0346905 0.2040726 0.1821879 0.1136587 0.1524213 0.1675066 0.1900437 0.1645446 0.1628152 0.1767910 0.2047047 0.1838265 0.1428682 
Marmosidae_Monodelphis_domestica             0.1351958 0.1481804 0.1214691 0.1441013 0.1454701 0.1671904 0.1472406 0.1487167 0.1542996 0.1415678 0.1509072 0.1672706 0.1486896 0.1510336 0.1256155 0.1659424 0.1663732 0.1481020 0.1509232 0.1487256 0.1379257 0.0346905 0.0000000 0.1627639 0.1610221 0.1121620 0.1379524 0.1418494 0.1688456 0.1448970 0.1486183 0.1459562 0.1614696 0.1620612 0.0872226 
Dasyuridae_Antechinus_stuartii               0.1403608 0.1637976 0.1315809 0.1399842 0.1425884 0.0243856 0.1433205 0.1543872 0.1459937 0.1551946 0.1479398 0.0119612 0.0318996 0.1595459 0.1308325 0.0103567 0.0239158 0.0332084 0.1547210 0.1488789 0.1388360 0.2040726 0.1627639 0.0000000 0.1598810 0.1099765 0.1336888 0.1427754 0.1540656 0.1472198 0.1553196 0.1684640 0.0233682 0.1591200 0.1295382 
Hypsiprymnodontidae_Hypsiprymnodon_moschatus 0.0824477 0.1506474 0.0906768 0.0468661 0.0482666 0.1610199 0.0842311 0.0937924 0.0469735 0.1279152 0.0955188 0.1684926 0.1456526 0.0984154 0.0826660 0.1559837 0.1569396 0.1500879 0.1443899 0.0543841 0.0838928 0.1821879 0.1610221 0.1598810 0.0000000 0.1012375 0.0735566 0.0501085 0.1194791 0.0897508 0.0977795 0.1453486 0.1554835 0.1321679 0.0649624 
Microbiotheriidae_Dromiciops_gliroides       0.0698444 0.1051811 0.0720946 0.0773356 0.0798180 0.1076602 0.0843904 0.0944234 0.0809024 0.0923123 0.0950316 0.1093821 0.0909207 0.0918648 0.0695041 0.0710583 0.1055778 0.0953955 0.0924418 0.0833953 0.0808458 0.1136587 0.1121620 0.1099765 0.1012375 0.0000000 0.0714494 0.0824415 0.1141609 0.0836026 0.0892768 0.0986614 0.1065381 0.0997024 0.0596417 
Pseudochiridae_Petauroides_volans            0.0644997 0.1380406 0.0760622 0.0674390 0.0667396 0.1350035 0.0666284 0.0760573 0.0658075 0.0965080 0.0781459 0.1434087 0.1202648 0.0807395 0.0605509 0.1358150 0.1342858 0.1351027 0.1058615 0.0684219 0.0401732 0.1524213 0.1379524 0.1336888 0.0735566 0.0714494 0.0000000 0.0711252 0.0743059 0.0646613 0.0794428 0.1075958 0.1317233 0.1024821 0.0236178 
Macropodidae_Wallabia_bicolor                0.0787283 0.1455096 0.0821502 0.0207989 0.0218151 0.1471733 0.0801478 0.0865125 0.0228015 0.1109779 0.0854982 0.1506355 0.1288199 0.0881012 0.0650113 0.1543753 0.1453421 0.1349523 0.1193267 0.0114584 0.0683279 0.1675066 0.1418494 0.1427754 0.0501085 0.0824415 0.0711252 0.0000000 0.1020608 0.0789764 0.0859491 0.1170764 0.1462263 0.1124827 0.0546560 
Tarsipedidae_Tarsipes_rostratus              0.0858846 0.1619648 0.1034543 0.0972624 0.0993473 0.1540322 0.1001091 0.1046620 0.0980807 0.1325450 0.1112421 0.1636452 0.1484185 0.1115240 0.0823073 0.1603759 0.1533948 0.1516511 0.1387072 0.1042309 0.0752222 0.1900437 0.1688456 0.1540656 0.1194791 0.1141609 0.0743059 0.1020608 0.0000000 0.0906569 0.1107976 0.1468056 0.1553835 0.1430974 0.0475004 
Acrobatidae_Distoechurus_pennatus            0.0627366 0.1379449 0.0737372 0.0781156 0.0782517 0.1444096 0.0722130 0.0792161 0.0790362 0.1119288 0.0757122 0.1522859 0.1340106 0.0797436 0.0314230 0.1420620 0.1448810 0.1454580 0.1185766 0.0825960 0.0665566 0.1645446 0.1448970 0.1472198 0.0897508 0.0836026 0.0646613 0.0789764 0.0906569 0.0000000 0.0792345 0.1201411 0.1400477 0.1186781 0.0452111 
Phalangeridae_Phalanger_carmelitae           0.0708988 0.1448860 0.0838230 0.0849396 0.0877194 0.1623290 0.0213149 0.0156533 0.0913385 0.1123744 0.0164535 0.1665932 0.1426696 0.0034821 0.0709693 0.1604509 0.1595272 0.1471861 0.1192550 0.0919495 0.0810541 0.1628152 0.1486183 0.1553196 0.0977795 0.0892768 0.0794428 0.0859491 0.1107976 0.0792345 0.0000000 0.1176679 0.1568548 0.1190693 0.0654970 
Peramelidae_Peroryctes_raffrayana            0.1155647 0.1559575 0.1005145 0.1230628 0.1223100 0.1734815 0.1224948 0.1257936 0.1199550 0.0151906 0.1240378 0.1705768 0.1530385 0.1198116 0.0992602 0.1808043 0.1674044 0.1591394 0.0159783 0.1208351 0.1108242 0.1767910 0.1459562 0.1684640 0.1453486 0.0986614 0.1075958 0.1170764 0.1468056 0.1201411 0.1176679 0.0000000 0.1711426 0.0173707 0.0703018 
Dasyuridae_Dasyurus_geffroii                 0.1338447 0.1577341 0.1351041 0.1427375 0.1418276 0.0034726 0.1388232 0.1526469 0.1452167 0.1578994 0.1487758 0.0245145 0.0265615 0.1598318 0.1340159 0.0195648 0.0042768 0.0311719 0.1609264 0.1450964 0.1376102 0.2047047 0.1614696 0.0233682 0.1554835 0.1065381 0.1317233 0.1462263 0.1553835 0.1400477 0.1568548 0.1711426 0.0000000 0.1613543 0.1187571 
Peramelidae_Perameles_gunnii                 0.1104920 0.1544303 0.1056784 0.1177222 0.1177905 0.1634499 0.1167808 0.1229768 0.1138823 0.0024173 0.1223838 0.1609939 0.1497256 0.1203225 0.0990958 0.1727087 0.1607264 0.1554907 0.0176903 0.1201651 0.1072958 0.1838265 0.1620612 0.1591200 0.1321679 0.0997024 0.1024821 0.1124827 0.1430974 0.1186781 0.1190693 0.0173707 0.1613543 0.0000000 0.0655933 
Pseudochiridae_Pseudocheirus_occidentalis    0.0489479 0.1311022 0.0558635 0.0511803 0.0534784 0.1306368 0.0527541 0.0579764 0.0521813 0.0644139 0.0584769 0.1336250 0.1206084 0.0635352 0.0356977 0.1415789 0.1297267 0.1219463 0.0732629 0.0532932 0.0232880 0.1428682 0.0872226 0.1295382 0.0649624 0.0596417 0.0236178 0.0546560 0.0475004 0.0452111 0.0654970 0.0703018 0.1187571 0.0655933 0.0000000 
