35
Burramyidae_Burramys_parvus                  0.0000000 0.0847770 0.0521535 0.0564925 0.0487772 0.0655233 0.0414554 0.0435902 0.0537217 0.0763919 0.0405153 0.0667889 0.0680263 0.0479033 0.0587449 0.0664708 0.0664018 0.0680863 0.0745128 0.0499272 0.0814903 0.0800450 0.0819056 0.0664162 0.0517531 0.0572301 0.0505717 0.0512994 0.0579874 0.0565748 0.0522842 0.0469669 0.0710797 0.0653678 0.0783504 
Notoryctidae_Notoryctes_typhlops             0.0847770 0.0000000 0.0911823 0.1019358 0.0979298 0.1026431 0.0891969 0.0901701 0.1045487 0.1239851 0.0865286 0.1011325 0.1044716 0.0938962 0.0924338 0.1015941 0.1038093 0.1077540 0.1191226 0.1035447 0.1171025 0.1239083 0.1324819 0.1034489 0.1066972 0.0949808 0.0878119 0.1048976 0.1013440 0.1074793 0.0982297 0.0920399 0.1199646 0.1031114 0.1257534 
Vombatidae_Lasiorhinus_latifrons             0.0521535 0.0911823 0.0000000 0.0684636 0.0581624 0.0676196 0.0524491 0.0525898 0.0629117 0.0815487 0.0495995 0.0697711 0.0710755 0.0574603 0.0648143 0.0694504 0.0684847 0.0731726 0.0794612 0.0630449 0.0864730 0.0877132 0.0893675 0.0687335 0.0612472 0.0639262 0.0590379 0.0624122 0.0641867 0.0679901 0.0572152 0.0565043 0.0787141 0.0680882 0.0810213 
Potoroidae_Bettongia_penicillata             0.0564925 0.1019358 0.0684636 0.0000000 0.0140801 0.0804099 0.0597958 0.0609647 0.0228708 0.0914857 0.0587211 0.0827913 0.0813625 0.0649676 0.0772313 0.0817372 0.0795483 0.0870085 0.0921724 0.0288053 0.1032703 0.1027937 0.1038513 0.0833571 0.0421280 0.0784865 0.0744893 0.0315770 0.0837253 0.0730474 0.0686704 0.0639340 0.0924059 0.0805148 0.0945336 
Potoroidae_Bettongia_lesueur                 0.0487772 0.0979298 0.0581624 0.0140801 0.0000000 0.0701782 0.0489102 0.0521098 0.0128834 0.0804651 0.0494092 0.0730981 0.0729483 0.0555353 0.0658044 0.0721158 0.0697629 0.0759117 0.0823353 0.0221642 0.0885751 0.0933101 0.0946510 0.0736224 0.0353620 0.0671908 0.0621550 0.0234545 0.0686546 0.0648134 0.0572940 0.0545816 0.0807203 0.0706436 0.0839244 
Dasyuridae_Dasyurus_maculatus                0.0655233 0.1026431 0.0676196 0.0804099 0.0701782 0.0000000 0.0613042 0.0628573 0.0749998 0.0877337 0.0594567 0.0205077 0.0278440 0.0675388 0.0789970 0.0213470 0.0079296 0.0289239 0.0857880 0.0714480 0.0990825 0.0932773 0.0959912 0.0202865 0.0736859 0.0636262 0.0629201 0.0738460 0.0785187 0.0732226 0.0690432 0.0665664 0.0825335 0.0052610 0.0896971 
Phalangeridae_Trichosurus_vulpecula          0.0414554 0.0891969 0.0524491 0.0597958 0.0489102 0.0613042 0.0000000 0.0215748 0.0526777 0.0727111 0.0190515 0.0616411 0.0639086 0.0233477 0.0533478 0.0613352 0.0618780 0.0670632 0.0707669 0.0521490 0.0767246 0.0799124 0.0819923 0.0605574 0.0521917 0.0583175 0.0446298 0.0530578 0.0543283 0.0559657 0.0504109 0.0224730 0.0663459 0.0605607 0.0749918 
Phalangeridae_Spilocuscus_maculatus          0.0435902 0.0901701 0.0525898 0.0609647 0.0521098 0.0628573 0.0215748 0.0000000 0.0543230 0.0742795 0.0078119 0.0632402 0.0642004 0.0109140 0.0537708 0.0629262 0.0631359 0.0680358 0.0736686 0.0527145 0.0802187 0.0847034 0.0863387 0.0634394 0.0506434 0.0587570 0.0463281 0.0545031 0.0587943 0.0581357 0.0519315 0.0098248 0.0706379 0.0619121 0.0781481 
Potoroidae_Aepyprymnus_rufescens             0.0537217 0.1045487 0.0629117 0.0228708 0.0128834 0.0749998 0.0526777 0.0543230 0.0000000 0.0839017 0.0516346 0.0757003 0.0737511 0.0576661 0.0694071 0.0749958 0.0739344 0.0784670 0.0844328 0.0249435 0.0900491 0.0965522 0.0984174 0.0756432 0.0386076 0.0717353 0.0617767 0.0263464 0.0717951 0.0683014 0.0610018 0.0567232 0.0815391 0.0754596 0.0873326 
Peramelidae_Perameles_nasuta                 0.0763919 0.1239851 0.0815487 0.0914857 0.0804651 0.0877337 0.0727111 0.0742795 0.0839017 0.0000000 0.0713001 0.0888697 0.0863678 0.0769887 0.0909123 0.0899545 0.0886839 0.0915485 0.0160930 0.0860973 0.1097482 0.0986853 0.1044813 0.0915436 0.0857384 0.0787088 0.0706463 0.0839751 0.0913608 0.0906044 0.0800262 0.0753093 0.0180616 0.0892167 0.0019016 
Phalangeridae_Strigocuscus_pelengensis       0.0405153 0.0865286 0.0495995 0.0587211 0.0494092 0.0594567 0.0190515 0.0078119 0.0516346 0.0713001 0.0000000 0.0601580 0.0617736 0.0113656 0.0501041 0.0598537 0.0597401 0.0642307 0.0693319 0.0502808 0.0756086 0.0833395 0.0856121 0.0599161 0.0488299 0.0564781 0.0427780 0.0518972 0.0553338 0.0528426 0.0477274 0.0102602 0.0662240 0.0584828 0.0751123 
Dasyuridae_Phascogale_tapoatafa              0.0667889 0.1011325 0.0697711 0.0827913 0.0730981 0.0205077 0.0616411 0.0632402 0.0757003 0.0888697 0.0601580 0.0000000 0.0286999 0.0679655 0.0813782 0.0034192 0.0204949 0.0301552 0.0869824 0.0735985 0.1016965 0.0923429 0.0949063 0.0098488 0.0731845 0.0676950 0.0654290 0.0768416 0.0814540 0.0767509 0.0723062 0.0663586 0.0838557 0.0204635 0.0908475 
Dasyuridae_Sminthopsis_macroura              0.0680263 0.1044716 0.0710755 0.0813625 0.0729483 0.0278440 0.0639086 0.0642004 0.0737511 0.0863678 0.0617736 0.0286999 0.0000000 0.0692344 0.0823898 0.0307078 0.0283944 0.0283266 0.0848048 0.0755630 0.1045627 0.0976262 0.1015530 0.0299010 0.0753230 0.0690269 0.0674294 0.0777455 0.0848541 0.0791013 0.0716279 0.0676219 0.0814873 0.0283632 0.0893121 
Phalangeridae_Phalanger_orientalis           0.0479033 0.0938962 0.0574603 0.0649676 0.0555353 0.0675388 0.0233477 0.0109140 0.0576661 0.0769887 0.0113656 0.0679655 0.0692344 0.0000000 0.0590270 0.0676474 0.0678185 0.0732877 0.0762962 0.0584234 0.0845276 0.0899762 0.0910155 0.0678590 0.0558205 0.0661058 0.0496713 0.0592236 0.0615704 0.0624682 0.0542968 0.0020988 0.0725679 0.0665826 0.0808044 
Acrobatidae_Acrobates_pygmaeus               0.0587449 0.0924338 0.0648143 0.0772313 0.0658044 0.0789970 0.0533478 0.0537708 0.0694071 0.0909123 0.0501041 0.0813782 0.0823898 0.0590270 0.0000000 0.0804110 0.0793009 0.0844860 0.0872140 0.0702993 0.0847907 0.0996323 0.0970400 0.0809617 0.0662484 0.0712784 0.0575749 0.0713246 0.0579049 0.0678983 0.0406528 0.0580686 0.0857629 0.0788630 0.0923201 
Dasyuridae_Phascogale_calura                 0.0664708 0.1015941 0.0694504 0.0817372 0.0721158 0.0213470 0.0613352 0.0629262 0.0749958 0.0899545 0.0598537 0.0034192 0.0307078 0.0676474 0.0804110 0.0000000 0.0213336 0.0310606 0.0880126 0.0732502 0.1017454 0.0919999 0.0949084 0.0106649 0.0728601 0.0674059 0.0646218 0.0765137 0.0810711 0.0770587 0.0713479 0.0660419 0.0850362 0.0213009 0.0918861 
Dasyuridae_Sarcophilus_harrisii              0.0664018 0.1038093 0.0684847 0.0795483 0.0697629 0.0079296 0.0618780 0.0631359 0.0739344 0.0886839 0.0597401 0.0204949 0.0283944 0.0678185 0.0793009 0.0213336 0.0000000 0.0294972 0.0860617 0.0699871 0.0996452 0.0965704 0.0976232 0.0208212 0.0729440 0.0648460 0.0649421 0.0737408 0.0799820 0.0744268 0.0712351 0.0668457 0.0835631 0.0073799 0.0905845 
Dasyuridae_Planigale_tenuirostris            0.0680863 0.1077540 0.0731726 0.0870085 0.0759117 0.0289239 0.0670632 0.0680358 0.0784670 0.0915485 0.0642307 0.0301552 0.0283266 0.0732877 0.0844860 0.0310606 0.0294972 0.0000000 0.0906359 0.0790946 0.1047929 0.0975399 0.1012307 0.0298066 0.0787032 0.0676498 0.0677053 0.0807404 0.0847278 0.0799171 0.0720839 0.0719504 0.0877115 0.0288683 0.0932865 
Peramelidae_Echymipera_kalubu                0.0745128 0.1191226 0.0794612 0.0921724 0.0823353 0.0857880 0.0707669 0.0736686 0.0844328 0.0160930 0.0693319 0.0869824 0.0848048 0.0762962 0.0872140 0.0880126 0.0860617 0.0906359 0.0000000 0.0845926 0.1101167 0.1012991 0.1055216 0.0902572 0.0845896 0.0759201 0.0685823 0.0829563 0.0930263 0.0869375 0.0791807 0.0746456 0.0160898 0.0869137 0.0166497 
Macropodidae_Dorcopsulus_vanheurni           0.0499272 0.1035447 0.0630449 0.0288053 0.0221642 0.0714480 0.0521490 0.0527145 0.0249435 0.0860973 0.0502808 0.0735985 0.0755630 0.0584234 0.0702993 0.0732502 0.0699871 0.0790946 0.0845926 0.0000000 0.0932840 0.0951968 0.0972214 0.0737701 0.0375009 0.0704214 0.0646543 0.0152915 0.0757413 0.0668290 0.0627946 0.0573890 0.0858638 0.0715802 0.0890043 
Pseudochiridae_Pseudochirulus_forbesi        0.0814903 0.1171025 0.0864730 0.1032703 0.0885751 0.0990825 0.0767246 0.0802187 0.0900491 0.1097482 0.0756086 0.1016965 0.1045627 0.0845276 0.0847907 0.1017454 0.0996452 0.1047929 0.1101167 0.0932840 0.0000000 0.1236207 0.1219422 0.0984822 0.0943912 0.0942887 0.0551832 0.0908004 0.0214792 0.0840967 0.0850549 0.0834796 0.1021619 0.0995703 0.1118763 
Didelphidae_Didelphis_virginiana             0.0800450 0.1239083 0.0877132 0.1027937 0.0933101 0.0932773 0.0799124 0.0847034 0.0965522 0.0986853 0.0833395 0.0923429 0.0976262 0.0899762 0.0996323 0.0919999 0.0965704 0.0975399 0.1012991 0.0951968 0.1236207 0.0000000 0.0356396 0.0903102 0.0925595 0.0875930 0.0817948 0.0963293 0.1031071 0.0938216 0.0904066 0.0883428 0.0897518 0.0937700 0.1022517 
Marmosidae_Monodelphis_domestica             0.0819056 0.1324819 0.0893675 0.1038513 0.0946510 0.0959912 0.0819923 0.0863387 0.0984174 0.1044813 0.0856121 0.0949063 0.1015530 0.0910155 0.0970400 0.0949084 0.0976232 0.1012307 0.1055216 0.0972214 0.1219422 0.0356396 0.0000000 0.0923733 0.0962503 0.0917157 0.0806314 0.0984951 0.1044457 0.0960343 0.0882518 0.0893773 0.0976511 0.0958075 0.1065514 
Dasyuridae_Antechinus_stuartii               0.0664162 0.1034489 0.0687335 0.0833571 0.0736224 0.0202865 0.0605574 0.0634394 0.0756432 0.0915436 0.0599161 0.0098488 0.0299010 0.0678590 0.0809617 0.0106649 0.0208212 0.0298066 0.0902572 0.0737701 0.0984822 0.0903102 0.0923733 0.0000000 0.0721283 0.0680463 0.0635235 0.0770543 0.0777229 0.0758273 0.0728006 0.0665680 0.0839021 0.0202427 0.0931911 
Hypsiprymnodontidae_Hypsiprymnodon_moschatus 0.0517531 0.1066972 0.0612472 0.0421280 0.0353620 0.0736859 0.0521917 0.0506434 0.0386076 0.0857384 0.0488299 0.0731845 0.0753230 0.0558205 0.0662484 0.0728601 0.0729440 0.0787032 0.0845896 0.0375009 0.0943912 0.0925595 0.0962503 0.0721283 0.0000000 0.0677136 0.0595730 0.0383987 0.0722747 0.0672817 0.0609268 0.0548825 0.0813039 0.0741472 0.0878755 
Microbiotheriidae_Dromiciops_gliroides       0.0572301 0.0949808 0.0639262 0.0784865 0.0671908 0.0636262 0.0583175 0.0587570 0.0717353 0.0787088 0.0564781 0.0676950 0.0690269 0.0661058 0.0712784 0.0674059 0.0648460 0.0676498 0.0759201 0.0704214 0.0942887 0.0875930 0.0917157 0.0680463 0.0677136 0.0000000 0.0607304 0.0724683 0.0761796 0.0724133 0.0621488 0.0644832 0.0743784 0.0650381 0.0808719 
Pseudochiridae_Petauroides_volans            0.0505717 0.0878119 0.0590379 0.0744893 0.0621550 0.0629201 0.0446298 0.0463281 0.0617767 0.0706463 0.0427780 0.0654290 0.0674294 0.0496713 0.0575749 0.0646218 0.0649421 0.0677053 0.0685823 0.0646543 0.0551832 0.0817948 0.0806314 0.0635235 0.0595730 0.0607304 0.0000000 0.0662106 0.0229971 0.0500165 0.0488680 0.0488243 0.0722668 0.0633228 0.0705868 
Macropodidae_Wallabia_bicolor                0.0512994 0.1048976 0.0624122 0.0315770 0.0234545 0.0738460 0.0530578 0.0545031 0.0263464 0.0839751 0.0518972 0.0768416 0.0777455 0.0592236 0.0713246 0.0765137 0.0737408 0.0807404 0.0829563 0.0152915 0.0908004 0.0963293 0.0984951 0.0770543 0.0383987 0.0724683 0.0662106 0.0000000 0.0718670 0.0655078 0.0626377 0.0585607 0.0839360 0.0749478 0.0867822 
Pseudochiridae_Pseudocheirus_occidentalis    0.0579874 0.1013440 0.0641867 0.0837253 0.0686546 0.0785187 0.0543283 0.0587943 0.0717951 0.0913608 0.0553338 0.0814540 0.0848541 0.0615704 0.0579049 0.0810711 0.0799820 0.0847278 0.0930263 0.0757413 0.0214792 0.1031071 0.1044457 0.0777229 0.0722747 0.0761796 0.0229971 0.0718670 0.0000000 0.0606560 0.0655813 0.0611482 0.0879026 0.0780992 0.0918376 
Tarsipedidae_Tarsipes_rostratus              0.0565748 0.1074793 0.0679901 0.0730474 0.0648134 0.0732226 0.0559657 0.0581357 0.0683014 0.0906044 0.0528426 0.0767509 0.0791013 0.0624682 0.0678983 0.0770587 0.0744268 0.0799171 0.0869375 0.0668290 0.0840967 0.0938216 0.0960343 0.0758273 0.0672817 0.0724133 0.0500165 0.0655078 0.0606560 0.0000000 0.0592022 0.0615110 0.0813843 0.0739809 0.0925082 
Acrobatidae_Distoechurus_pennatus            0.0522842 0.0982297 0.0572152 0.0686704 0.0572940 0.0690432 0.0504109 0.0519315 0.0610018 0.0800262 0.0477274 0.0723062 0.0716279 0.0542968 0.0406528 0.0713479 0.0712351 0.0720839 0.0791807 0.0627946 0.0850549 0.0904066 0.0882518 0.0728006 0.0609268 0.0621488 0.0488680 0.0626377 0.0655813 0.0592022 0.0000000 0.0536711 0.0723077 0.0707717 0.0818502 
Phalangeridae_Phalanger_carmelitae           0.0469669 0.0920399 0.0565043 0.0639340 0.0545816 0.0665664 0.0224730 0.0098248 0.0567232 0.0753093 0.0102602 0.0663586 0.0676219 0.0020988 0.0580686 0.0660419 0.0668457 0.0719504 0.0746456 0.0573890 0.0834796 0.0883428 0.0893773 0.0665680 0.0548825 0.0644832 0.0488243 0.0585607 0.0611482 0.0615110 0.0536711 0.0000000 0.0710449 0.0656129 0.0794667 
Peramelidae_Peroryctes_raffrayana            0.0710797 0.1199646 0.0787141 0.0924059 0.0807203 0.0825335 0.0663459 0.0706379 0.0815391 0.0180616 0.0662240 0.0838557 0.0814873 0.0725679 0.0857629 0.0850362 0.0835631 0.0877115 0.0160898 0.0858638 0.1021619 0.0897518 0.0976511 0.0839021 0.0813039 0.0743784 0.0722668 0.0839360 0.0879026 0.0813843 0.0723077 0.0710449 0.0000000 0.0835090 0.0183452 
Dasyuridae_Dasyurus_geffroii                 0.0653678 0.1031114 0.0680882 0.0805148 0.0706436 0.0052610 0.0605607 0.0619121 0.0754596 0.0892167 0.0584828 0.0204635 0.0283632 0.0665826 0.0788630 0.0213009 0.0073799 0.0288683 0.0869137 0.0715802 0.0995703 0.0937700 0.0958075 0.0202427 0.0741472 0.0650381 0.0633228 0.0749478 0.0780992 0.0739809 0.0707717 0.0656129 0.0835090 0.0000000 0.0908230 
Peramelidae_Perameles_gunnii                 0.0783504 0.1257534 0.0810213 0.0945336 0.0839244 0.0896971 0.0749918 0.0781481 0.0873326 0.0019016 0.0751123 0.0908475 0.0893121 0.0808044 0.0923201 0.0918861 0.0905845 0.0932865 0.0166497 0.0890043 0.1118763 0.1022517 0.1065514 0.0931911 0.0878755 0.0808719 0.0705868 0.0867822 0.0918376 0.0925082 0.0818502 0.0794667 0.0183452 0.0908230 0.0000000 
