198
I0185_86_Accipitridae_Buteo_jamaicensis                   0.0000000 0.0428760 0.0421847 0.0409437 0.0500733 0.0425342 0.0589551 0.0335241 0.0374503 0.0492498 0.0697476 0.0333111 0.0502463 0.0421902 0.0454056 0.0491038 0.0364176 0.0197598 0.0492677 0.0286562 0.0470150 0.0307009 0.0519642 0.0276062 0.0286840 0.0268915 0.0386698 0.0303175 0.0623431 0.0556371 0.0599031 0.0296632 0.0461079 0.0469853 0.0483332 0.0495970 0.0378476 0.0552215 0.0508263 0.0662085 0.0473972 0.0771726 0.0491275 0.0439309 0.0898692 0.0768372 0.0824436 0.0534982 0.0610181 0.0378079 0.0482542 0.0354650 0.0521129 0.0452115 0.0293658 0.0443120 0.0440017 0.0501903 0.0397110 0.0376260 0.0326145 0.0479545 0.0482363 0.0313310 0.0312957 0.0802838 0.0470748 0.0527395 0.0474206 0.0286821 0.0362291 0.0699186 0.0548346 0.0391384 0.0584732 0.0627057 0.0511305 0.0354312 0.0315975 0.0453305 0.0655279 0.0273635 0.0074377 0.0312642 0.0451279 0.0395220 0.0467315 0.0471227 0.0274945 0.0230229 0.0504188 0.0783107 0.0435180 0.0437389 0.0357749 0.0263130 0.0530291 0.0367177 0.0529396 0.0656044 0.0260611 0.0572671 0.0306782 0.0223175 0.0296528 0.0417184 0.0383113 0.0566262 0.0425088 0.0351992 0.0287504 0.0363852 0.0481094 0.0759320 0.0331886 0.0493484 0.0755036 0.0313677 0.0261143 0.0559964 0.0495635 0.0306342 0.0529099 0.0566879 0.0619860 0.0452131 0.0273346 0.0181170 0.0281549 0.0491916 0.0404277 0.0422585 0.0599151 0.0285342 0.0648894 0.0325677 0.0370240 0.0262653 0.0440151 0.0729375 0.0526576 0.0355343 0.0529572 0.0332341 0.0422652 0.0364252 0.0265608 0.0295626 0.0265409 0.0453177 0.0316356 0.0706898 0.0491795 0.0360722 0.0289230 0.0490342 0.0664433 0.0437653 0.0456879 0.0258515 0.0323441 0.0324570 0.0336801 0.0322691 0.0322704 0.0448451 0.0467792 0.0471155 0.0664734 0.0354574 0.0479047 0.0522789 0.0482151 0.0328306 0.0904585 0.0311799 0.0384721 0.0371833 0.0511495 0.0475433 0.0718556 0.0266050 0.0193829 0.0268079 0.0314802 0.0617034 0.0329191 0.0576962 0.0534321 0.0486286 0.0465208 0.1319572 0.0474495 0.0587992 0.0560446 0.0415448 0.0364558 0.0479086 
I0186_111_Momotidae_Momotus_lessonii                      0.0428760 0.0000000 0.0542058 0.0557100 0.0629739 0.0553508 0.0706682 0.0480964 0.0500911 0.0499380 0.0805293 0.0470482 0.0634285 0.0555851 0.0522157 0.0605617 0.0514525 0.0341491 0.0618980 0.0441222 0.0593013 0.0449593 0.0642927 0.0427260 0.0441578 0.0430334 0.0514903 0.0463881 0.0747771 0.0682103 0.0708996 0.0458458 0.0599880 0.0589904 0.0634550 0.0654414 0.0514453 0.0686717 0.0613539 0.0792647 0.0603406 0.0890815 0.0626595 0.0576735 0.0994760 0.0867394 0.0930306 0.0649951 0.0746039 0.0424814 0.0617122 0.0505878 0.0651341 0.0587210 0.0444236 0.0581786 0.0578791 0.0618951 0.0526547 0.0523943 0.0468823 0.0599251 0.0636760 0.0470965 0.0465833 0.0928780 0.0600830 0.0640829 0.0613521 0.0446306 0.0506992 0.0804054 0.0682562 0.0530650 0.0696998 0.0763117 0.0613795 0.0490821 0.0468649 0.0587935 0.0732885 0.0401270 0.0439123 0.0454896 0.0601875 0.0428089 0.0584999 0.0590045 0.0432979 0.0383370 0.0661327 0.0908465 0.0574379 0.0579387 0.0511565 0.0425138 0.0667621 0.0470486 0.0658527 0.0737749 0.0406522 0.0681582 0.0469788 0.0435560 0.0466383 0.0553122 0.0471087 0.0670844 0.0552587 0.0470081 0.0450690 0.0511710 0.0624225 0.0891527 0.0485315 0.0635553 0.0878506 0.0460747 0.0422788 0.0672529 0.0624696 0.0455131 0.0635696 0.0682458 0.0759455 0.0589199 0.0438483 0.0459903 0.0435273 0.0626651 0.0563286 0.0569763 0.0736143 0.0447044 0.0746428 0.0477352 0.0510725 0.0416919 0.0556698 0.0832440 0.0652194 0.0516788 0.0671658 0.0472297 0.0568826 0.0502005 0.0432198 0.0442566 0.0425959 0.0581499 0.0461384 0.0816093 0.0619616 0.0511618 0.0445541 0.0610772 0.0786894 0.0568496 0.0591561 0.0414755 0.0462259 0.0459276 0.0477007 0.0460788 0.0458866 0.0596899 0.0598310 0.0600639 0.0786407 0.0497129 0.0595186 0.0635867 0.0606377 0.0470543 0.0983781 0.0451732 0.0517489 0.0520318 0.0653100 0.0607147 0.0831974 0.0422310 0.0439105 0.0432827 0.0446525 0.0755399 0.0453428 0.0685968 0.0655782 0.0613462 0.0601954 0.1419310 0.0602314 0.0711192 0.0687183 0.0554898 0.0508938 0.0621663 
I0187_115_Trogonidae_Trogon_elegans                       0.0421847 0.0542058 0.0000000 0.0549544 0.0631846 0.0180974 0.0724229 0.0469386 0.0499392 0.0603929 0.0835663 0.0474657 0.0623730 0.0543723 0.0563559 0.0590764 0.0500529 0.0335469 0.0607142 0.0422833 0.0592686 0.0443308 0.0629304 0.0417980 0.0433008 0.0418325 0.0506738 0.0450411 0.0756864 0.0665234 0.0704599 0.0433361 0.0597693 0.0593159 0.0611074 0.0626595 0.0503880 0.0656861 0.0613833 0.0777259 0.0596487 0.0866850 0.0613490 0.0575396 0.0979071 0.0856505 0.0919674 0.0629198 0.0723310 0.0510055 0.0604905 0.0476965 0.0627213 0.0585520 0.0437009 0.0570160 0.0575707 0.0602734 0.0516526 0.0500308 0.0474283 0.0596109 0.0608296 0.0450289 0.0461212 0.0909200 0.0591220 0.0621503 0.0598817 0.0424785 0.0500525 0.0804584 0.0668135 0.0522028 0.0714775 0.0764242 0.0606790 0.0482086 0.0445985 0.0578971 0.0768905 0.0383135 0.0430752 0.0444127 0.0581259 0.0523296 0.0604486 0.0607054 0.0413272 0.0370849 0.0633822 0.0888208 0.0579914 0.0570130 0.0503857 0.0407969 0.0646935 0.0496898 0.0649822 0.0779172 0.0394367 0.0664530 0.0456724 0.0426414 0.0444463 0.0543138 0.0498977 0.0685216 0.0545193 0.0478194 0.0441255 0.0489686 0.0614143 0.0855730 0.0476229 0.0617987 0.0855602 0.0454204 0.0408615 0.0664146 0.0618922 0.0441088 0.0620069 0.0667565 0.0753406 0.0581167 0.0422166 0.0457821 0.0430490 0.0619363 0.0544428 0.0548682 0.0736674 0.0426657 0.0739609 0.0462677 0.0511029 0.0405351 0.0558719 0.0852796 0.0634917 0.0500208 0.0660743 0.0466790 0.0566449 0.0482840 0.0418018 0.0434036 0.0403765 0.0572460 0.0452988 0.0827995 0.0604640 0.0486784 0.0432002 0.0589701 0.0790922 0.0561593 0.0586805 0.0405323 0.0451540 0.0455444 0.0477716 0.0460789 0.0449285 0.0584453 0.0596434 0.0604507 0.0772740 0.0493650 0.0594958 0.0636107 0.0593792 0.0464533 0.0998456 0.0450009 0.0508051 0.0502812 0.0648572 0.0594960 0.0814174 0.0414692 0.0433206 0.0425738 0.0429553 0.0757949 0.0462970 0.0678763 0.0638412 0.0597669 0.0602588 0.1434425 0.0592586 0.0678166 0.0672548 0.0546209 0.0505744 0.0612691 
I0188_135_Apodidae_Streptoprocne_zonaris                  0.0409437 0.0557100 0.0549544 0.0000000 0.0594139 0.0564997 0.0670500 0.0433391 0.0474704 0.0594291 0.0764163 0.0430972 0.0613755 0.0537785 0.0544883 0.0575973 0.0470346 0.0331542 0.0603170 0.0392615 0.0578287 0.0416421 0.0613881 0.0406281 0.0392597 0.0382555 0.0482092 0.0404317 0.0702288 0.0654319 0.0705130 0.0428885 0.0574664 0.0575969 0.0492015 0.0506097 0.0475166 0.0667289 0.0610802 0.0769823 0.0577685 0.0848108 0.0594388 0.0554750 0.1005574 0.0867533 0.0911246 0.0635444 0.0733180 0.0482550 0.0553382 0.0482637 0.0622503 0.0561077 0.0415655 0.0561736 0.0555531 0.0597722 0.0489904 0.0452642 0.0435950 0.0577634 0.0246034 0.0442719 0.0399753 0.0889227 0.0570897 0.0634516 0.0581664 0.0400098 0.0431112 0.0791607 0.0667319 0.0470101 0.0657130 0.0725790 0.0597448 0.0454543 0.0441620 0.0553079 0.0721151 0.0362661 0.0408150 0.0421962 0.0561286 0.0501741 0.0600242 0.0581503 0.0382034 0.0373100 0.0504969 0.0877783 0.0533236 0.0546134 0.0461518 0.0380258 0.0648911 0.0506575 0.0636077 0.0738113 0.0378645 0.0671611 0.0421262 0.0410606 0.0417144 0.0509126 0.0495174 0.0626745 0.0515456 0.0471610 0.0403957 0.0474735 0.0586774 0.0845482 0.0443683 0.0583135 0.0840418 0.0417795 0.0370612 0.0655797 0.0572930 0.0412728 0.0619984 0.0663862 0.0717301 0.0560834 0.0398757 0.0427923 0.0390042 0.0598275 0.0219055 0.0539603 0.0686825 0.0404989 0.0751903 0.0436045 0.0406042 0.0372412 0.0550298 0.0793784 0.0590297 0.0434539 0.0624289 0.0430342 0.0524115 0.0465178 0.0381926 0.0404924 0.0378372 0.0535341 0.0421106 0.0777109 0.0601132 0.0464326 0.0404820 0.0605199 0.0752587 0.0548285 0.0571161 0.0373842 0.0426266 0.0422528 0.0446429 0.0452738 0.0437855 0.0523285 0.0545934 0.0560282 0.0762012 0.0456962 0.0558489 0.0628511 0.0584426 0.0430566 0.0993413 0.0413337 0.0490175 0.0454453 0.0613284 0.0583139 0.0813213 0.0397388 0.0412687 0.0395290 0.0434252 0.0711182 0.0454983 0.0679038 0.0636014 0.0597354 0.0562422 0.1365253 0.0583408 0.0687107 0.0663803 0.0498251 0.0494674 0.0595437 
I0189_225_Eurylaimidae_Smithornis_rufolateralis           0.0500733 0.0629739 0.0631846 0.0594139 0.0000000 0.0641903 0.0723991 0.0538785 0.0562736 0.0679189 0.0840888 0.0533751 0.0453601 0.0613945 0.0641237 0.0384888 0.0582617 0.0402758 0.0419293 0.0492885 0.0404320 0.0509473 0.0427995 0.0478146 0.0499794 0.0494824 0.0563921 0.0515709 0.0758925 0.0513893 0.0547248 0.0494124 0.0398643 0.0395098 0.0668047 0.0682666 0.0554413 0.0516600 0.0439529 0.0839218 0.0402999 0.0916007 0.0418316 0.0368474 0.1082492 0.0949825 0.1012902 0.0505443 0.0788476 0.0576405 0.0666623 0.0545687 0.0430594 0.0381412 0.0519771 0.0611459 0.0370813 0.0421435 0.0572405 0.0575622 0.0537554 0.0403567 0.0650995 0.0506898 0.0531066 0.0952482 0.0387684 0.0701849 0.0659128 0.0508898 0.0561112 0.0857224 0.0720274 0.0577658 0.0733781 0.0824625 0.0411662 0.0556263 0.0503009 0.0388296 0.0784569 0.0435933 0.0504119 0.0516591 0.0630743 0.0594708 0.0633522 0.0634828 0.0494325 0.0446829 0.0682279 0.0934864 0.0639242 0.0615691 0.0560509 0.0487494 0.0716180 0.0564012 0.0700585 0.0810803 0.0469875 0.0752721 0.0516750 0.0497182 0.0513423 0.0595264 0.0565446 0.0695509 0.0598968 0.0547265 0.0505793 0.0576712 0.0647319 0.0923806 0.0527243 0.0669432 0.0919972 0.0513798 0.0486986 0.0483385 0.0653721 0.0517064 0.0480771 0.0520498 0.0813592 0.0616855 0.0503262 0.0516036 0.0500090 0.0292162 0.0596166 0.0604833 0.0792637 0.0509516 0.0834137 0.0538270 0.0560425 0.0479346 0.0627427 0.0877621 0.0695937 0.0567350 0.0322060 0.0545336 0.0637924 0.0547970 0.0495542 0.0505240 0.0491689 0.0628178 0.0530925 0.0872526 0.0675742 0.0544823 0.0502297 0.0680028 0.0840284 0.0420790 0.0383921 0.0480196 0.0536321 0.0522935 0.0545486 0.0541208 0.0515924 0.0623331 0.0636011 0.0630717 0.0841564 0.0558851 0.0642259 0.0436612 0.0408090 0.0541584 0.1099780 0.0513552 0.0559846 0.0586331 0.0307752 0.0450209 0.0881141 0.0498666 0.0494523 0.0493732 0.0517597 0.0804595 0.0542708 0.0521282 0.0484597 0.0443130 0.0230760 0.1425050 0.0446851 0.0547584 0.0520533 0.0611154 0.0575286 0.0479713 
I0190_295_Trogonidae_Apaloderma_aequatoriale              0.0425342 0.0553508 0.0180974 0.0564997 0.0641903 0.0000000 0.0718864 0.0477639 0.0503000 0.0611841 0.0817743 0.0482591 0.0625151 0.0555240 0.0567387 0.0599536 0.0504803 0.0347190 0.0614213 0.0436402 0.0598289 0.0451636 0.0640737 0.0426731 0.0443074 0.0432911 0.0516787 0.0457694 0.0745466 0.0669597 0.0703916 0.0439243 0.0607349 0.0597659 0.0630548 0.0646808 0.0508533 0.0669806 0.0618435 0.0788951 0.0595704 0.0871714 0.0618487 0.0580098 0.0997303 0.0874459 0.0928601 0.0646743 0.0720817 0.0515823 0.0619132 0.0493551 0.0632582 0.0586244 0.0438045 0.0568812 0.0581104 0.0610709 0.0519918 0.0515699 0.0475949 0.0605446 0.0621916 0.0468098 0.0469038 0.0914379 0.0594197 0.0638925 0.0612001 0.0429940 0.0513028 0.0804606 0.0683593 0.0534863 0.0702011 0.0774587 0.0613009 0.0488627 0.0459441 0.0582603 0.0752535 0.0403730 0.0431395 0.0454583 0.0577412 0.0528767 0.0610737 0.0619134 0.0421561 0.0385628 0.0652583 0.0908076 0.0583052 0.0568879 0.0513078 0.0410337 0.0668964 0.0505402 0.0662299 0.0773877 0.0408392 0.0683530 0.0469498 0.0432137 0.0452684 0.0553381 0.0507224 0.0693521 0.0563729 0.0476462 0.0451508 0.0506058 0.0610853 0.0872465 0.0476013 0.0632210 0.0874597 0.0468534 0.0421743 0.0661012 0.0621871 0.0447987 0.0629334 0.0672788 0.0763249 0.0576257 0.0436430 0.0463908 0.0434114 0.0624501 0.0553797 0.0552051 0.0742404 0.0432594 0.0748647 0.0473653 0.0512853 0.0408550 0.0576376 0.0842220 0.0646786 0.0505279 0.0663652 0.0473942 0.0573364 0.0497904 0.0422884 0.0444937 0.0405150 0.0581608 0.0465499 0.0833941 0.0610376 0.0496924 0.0439131 0.0599784 0.0794982 0.0569573 0.0592650 0.0413121 0.0461083 0.0469534 0.0482703 0.0468520 0.0463460 0.0598406 0.0600840 0.0609981 0.0783352 0.0499251 0.0607721 0.0645682 0.0603502 0.0464916 0.1010876 0.0459324 0.0515569 0.0521244 0.0656104 0.0604458 0.0826867 0.0426920 0.0435539 0.0423836 0.0443958 0.0764976 0.0468408 0.0684215 0.0649347 0.0601624 0.0604583 0.1423168 0.0599725 0.0696876 0.0674339 0.0564294 0.0515469 0.0614026 
I0191_344_Indicatoridae_Indicator_exilis                  0.0589551 0.0706682 0.0724229 0.0670500 0.0723991 0.0718864 0.0000000 0.0641110 0.0668117 0.0729446 0.0433457 0.0642124 0.0760723 0.0692073 0.0672727 0.0758689 0.0674753 0.0505731 0.0747746 0.0600125 0.0736309 0.0627133 0.0771919 0.0583781 0.0585503 0.0595834 0.0675085 0.0605020 0.0300096 0.0810653 0.0845682 0.0604349 0.0731900 0.0739860 0.0769078 0.0777535 0.0667309 0.0806539 0.0772034 0.0946510 0.0734190 0.1003085 0.0750368 0.0705642 0.1166423 0.1037735 0.1081700 0.0761949 0.0844075 0.0640465 0.0744905 0.0663822 0.0771831 0.0710825 0.0605711 0.0705037 0.0714204 0.0755563 0.0667614 0.0667957 0.0643506 0.0739957 0.0733782 0.0628999 0.0616050 0.1047810 0.0726435 0.0791883 0.0772203 0.0599586 0.0662083 0.0969986 0.0837616 0.0660928 0.0266339 0.0909674 0.0757586 0.0660037 0.0621092 0.0705289 0.0431893 0.0484066 0.0592106 0.0625599 0.0715903 0.0640807 0.0682463 0.0660963 0.0592640 0.0547351 0.0775399 0.1043130 0.0730186 0.0704921 0.0672228 0.0581595 0.0824178 0.0656265 0.0805760 0.0424888 0.0580184 0.0843291 0.0634818 0.0592366 0.0616317 0.0693226 0.0644589 0.0810370 0.0696789 0.0636865 0.0601137 0.0678577 0.0734365 0.0988862 0.0649697 0.0794798 0.1006830 0.0619863 0.0585386 0.0785176 0.0748026 0.0614003 0.0770959 0.0783526 0.0899395 0.0713336 0.0592118 0.0613435 0.0593005 0.0746406 0.0678944 0.0686468 0.0877450 0.0615191 0.0897353 0.0637819 0.0630104 0.0571435 0.0731398 0.0483311 0.0787832 0.0652699 0.0770096 0.0646539 0.0717358 0.0646703 0.0582285 0.0612220 0.0582353 0.0704034 0.0630895 0.0915669 0.0772447 0.0657522 0.0601828 0.0768029 0.0936140 0.0700124 0.0727121 0.0577377 0.0636021 0.0642973 0.0645786 0.0634635 0.0626748 0.0726245 0.0735149 0.0724454 0.0938129 0.0662048 0.0729009 0.0783010 0.0731506 0.0632491 0.1148453 0.0627718 0.0677570 0.0654197 0.0768411 0.0718810 0.0976120 0.0586716 0.0584903 0.0586586 0.0616601 0.0900727 0.0640938 0.0815471 0.0782331 0.0742555 0.0726386 0.1495351 0.0716291 0.0806712 0.0807865 0.0693899 0.0648938 0.0742503 
I0192_375_Musophagidae_Tauraco_macrorhynchus              0.0335241 0.0480964 0.0469386 0.0433391 0.0538785 0.0477639 0.0641110 0.0000000 0.0396229 0.0539263 0.0739306 0.0189979 0.0536879 0.0463262 0.0489104 0.0522121 0.0392176 0.0248656 0.0521066 0.0317465 0.0509845 0.0326194 0.0558076 0.0331475 0.0323308 0.0305351 0.0409596 0.0338792 0.0674087 0.0596355 0.0631716 0.0346991 0.0501444 0.0500447 0.0513325 0.0527814 0.0403737 0.0587003 0.0539944 0.0699944 0.0508308 0.0806009 0.0531494 0.0481058 0.0925443 0.0794518 0.0839260 0.0562022 0.0655266 0.0436014 0.0492582 0.0404433 0.0555259 0.0492845 0.0329624 0.0485647 0.0479778 0.0536306 0.0425914 0.0397732 0.0367272 0.0508634 0.0498001 0.0370628 0.0339070 0.0833514 0.0494571 0.0567759 0.0502798 0.0325744 0.0389678 0.0727631 0.0581006 0.0415151 0.0634096 0.0670604 0.0540799 0.0396079 0.0369318 0.0490576 0.0690163 0.0304730 0.0330946 0.0331773 0.0496052 0.0447579 0.0530540 0.0519796 0.0314208 0.0282568 0.0524924 0.0817448 0.0460761 0.0473800 0.0387406 0.0298009 0.0574228 0.0429954 0.0561031 0.0707398 0.0310872 0.0595467 0.0344040 0.0328238 0.0337180 0.0455420 0.0435109 0.0579466 0.0454810 0.0393736 0.0328205 0.0391432 0.0517984 0.0785875 0.0377625 0.0518351 0.0777897 0.0351283 0.0296852 0.0588243 0.0519038 0.0344108 0.0552527 0.0611468 0.0664807 0.0488378 0.0308647 0.0368477 0.0319896 0.0534075 0.0435253 0.0461334 0.0645950 0.0328232 0.0689946 0.0352356 0.0387402 0.0292776 0.0469053 0.0770100 0.0536279 0.0379987 0.0555988 0.0352684 0.0448931 0.0394083 0.0299536 0.0334542 0.0295415 0.0477789 0.0341413 0.0723705 0.0530239 0.0388181 0.0318820 0.0524386 0.0685582 0.0488384 0.0489784 0.0287983 0.0349243 0.0363118 0.0376366 0.0369534 0.0367348 0.0453839 0.0477482 0.0496011 0.0700775 0.0385926 0.0500729 0.0562409 0.0516161 0.0358758 0.0909838 0.0349555 0.0411186 0.0390926 0.0557787 0.0518466 0.0754671 0.0305773 0.0348061 0.0309005 0.0370695 0.0662782 0.0368408 0.0609473 0.0564993 0.0533170 0.0503359 0.1345091 0.0516409 0.0620998 0.0595400 0.0443278 0.0408909 0.0530191 
I0193_447_Columbidae_Treron_calvus                        0.0374503 0.0500911 0.0499392 0.0474704 0.0562736 0.0503000 0.0668117 0.0396229 0.0000000 0.0563179 0.0749563 0.0384792 0.0554086 0.0488247 0.0511585 0.0555367 0.0431949 0.0202736 0.0545937 0.0349716 0.0528488 0.0370874 0.0577427 0.0358546 0.0352361 0.0338563 0.0152753 0.0379902 0.0695038 0.0617873 0.0658912 0.0371241 0.0534839 0.0526956 0.0544977 0.0563262 0.0145519 0.0615363 0.0570419 0.0699162 0.0537277 0.0809587 0.0551560 0.0506718 0.0954759 0.0817952 0.0878638 0.0597757 0.0691065 0.0449157 0.0537380 0.0436905 0.0579822 0.0520605 0.0358215 0.0509132 0.0516990 0.0554993 0.0162490 0.0439498 0.0386026 0.0536688 0.0539419 0.0401525 0.0369296 0.0837366 0.0535712 0.0561089 0.0533384 0.0358253 0.0419651 0.0734324 0.0591159 0.0448334 0.0649581 0.0694772 0.0567918 0.0405181 0.0393307 0.0514574 0.0699768 0.0234309 0.0375009 0.0367394 0.0522342 0.0473101 0.0552424 0.0535357 0.0340314 0.0317808 0.0560558 0.0832993 0.0503613 0.0507068 0.0411663 0.0333034 0.0584728 0.0450784 0.0571193 0.0714374 0.0318516 0.0599160 0.0383801 0.0371125 0.0368716 0.0466318 0.0459316 0.0602990 0.0473710 0.0425808 0.0366562 0.0422922 0.0548415 0.0793329 0.0405935 0.0536592 0.0800692 0.0382335 0.0330983 0.0596600 0.0554987 0.0376692 0.0587969 0.0611044 0.0686528 0.0518066 0.0357533 0.0399862 0.0354959 0.0565192 0.0462594 0.0495932 0.0674424 0.0354915 0.0714950 0.0385279 0.0417509 0.0332334 0.0500413 0.0775501 0.0578833 0.0416803 0.0595267 0.0391791 0.0497727 0.0407860 0.0337682 0.0362931 0.0332731 0.0507680 0.0375263 0.0746773 0.0535494 0.0411794 0.0351911 0.0549087 0.0728121 0.0503740 0.0522905 0.0323048 0.0383476 0.0386360 0.0400176 0.0405291 0.0384053 0.0504364 0.0514465 0.0531356 0.0688430 0.0416857 0.0525021 0.0582996 0.0536256 0.0389938 0.0939860 0.0380490 0.0143863 0.0434570 0.0588064 0.0537523 0.0755685 0.0346369 0.0376659 0.0340974 0.0391648 0.0687572 0.0403779 0.0630318 0.0585305 0.0541279 0.0546010 0.1351432 0.0533854 0.0637571 0.0629039 0.0469700 0.0448731 0.0555988 
I0194_495_Alcedinidae_Alcedo_quadribrachys                0.0492498 0.0499380 0.0603929 0.0594291 0.0679189 0.0611841 0.0729446 0.0539263 0.0563179 0.0000000 0.0829450 0.0526246 0.0680784 0.0623624 0.0544845 0.0656092 0.0570500 0.0418641 0.0650493 0.0486302 0.0645098 0.0513420 0.0681526 0.0494297 0.0502663 0.0493060 0.0566227 0.0521302 0.0767692 0.0727293 0.0743120 0.0498566 0.0648306 0.0634687 0.0672294 0.0685898 0.0567316 0.0722856 0.0653649 0.0836105 0.0650728 0.0919478 0.0665712 0.0629817 0.1042573 0.0917669 0.0967112 0.0693636 0.0777934 0.0484743 0.0659606 0.0553105 0.0683090 0.0631982 0.0510868 0.0628724 0.0626913 0.0657449 0.0577424 0.0582996 0.0532502 0.0639802 0.0645803 0.0530895 0.0522255 0.0946763 0.0648463 0.0674895 0.0663114 0.0509743 0.0555245 0.0835152 0.0724624 0.0590117 0.0726383 0.0832776 0.0650236 0.0550650 0.0527631 0.0631487 0.0762246 0.0423599 0.0498577 0.0519214 0.0629671 0.0396226 0.0621849 0.0632851 0.0497910 0.0462761 0.0690681 0.0931468 0.0629303 0.0619090 0.0575572 0.0486193 0.0723426 0.0528326 0.0706583 0.0777513 0.0480014 0.0718966 0.0535120 0.0501876 0.0527046 0.0598592 0.0507680 0.0704061 0.0609248 0.0536338 0.0513682 0.0562531 0.0658904 0.0906361 0.0548052 0.0684119 0.0921091 0.0525292 0.0481899 0.0708468 0.0668339 0.0520271 0.0680214 0.0708025 0.0822883 0.0630595 0.0503454 0.0522864 0.0497448 0.0677832 0.0600802 0.0606339 0.0799997 0.0503665 0.0798803 0.0530970 0.0562486 0.0478863 0.0628132 0.0850451 0.0696244 0.0565605 0.0716905 0.0545025 0.0626996 0.0557276 0.0488636 0.0506820 0.0483793 0.0629124 0.0530022 0.0854407 0.0644041 0.0574602 0.0511996 0.0643199 0.0858936 0.0624901 0.0637610 0.0486071 0.0531270 0.0527093 0.0535681 0.0533578 0.0523944 0.0638347 0.0644906 0.0642377 0.0827008 0.0550727 0.0639139 0.0691033 0.0643522 0.0531371 0.1018800 0.0521630 0.0566943 0.0598430 0.0707392 0.0641384 0.0871142 0.0488942 0.0498376 0.0503526 0.0514744 0.0822401 0.0534431 0.0724078 0.0691487 0.0652488 0.0653319 0.1474684 0.0638483 0.0731050 0.0715436 0.0610462 0.0568584 0.0668917 
I0195_522_Ramphastidae_Buccanodon_duchaillui              0.0697476 0.0805293 0.0835663 0.0764163 0.0840888 0.0817743 0.0433457 0.0739306 0.0749563 0.0829450 0.0000000 0.0732750 0.0835887 0.0792853 0.0768709 0.0838749 0.0771755 0.0598964 0.0820912 0.0689746 0.0808489 0.0713434 0.0871977 0.0688546 0.0676438 0.0690700 0.0768641 0.0698928 0.0456762 0.0898377 0.0939955 0.0689428 0.0815536 0.0808307 0.0870034 0.0874324 0.0752847 0.0888962 0.0864234 0.1035428 0.0817871 0.1077870 0.0833949 0.0783855 0.1259702 0.1124996 0.1168243 0.0857341 0.0922438 0.0752168 0.0819700 0.0746060 0.0865207 0.0797599 0.0704109 0.0806145 0.0795422 0.0848917 0.0762138 0.0772493 0.0733457 0.0817078 0.0819195 0.0715433 0.0715247 0.1132278 0.0809812 0.0882945 0.0862193 0.0699760 0.0747011 0.1029330 0.0914281 0.0769733 0.0430586 0.0997019 0.0830230 0.0739280 0.0708943 0.0801306 0.0334314 0.0573874 0.0692316 0.0703222 0.0823382 0.0744282 0.0753333 0.0737480 0.0689719 0.0650393 0.0870056 0.1111169 0.0811396 0.0812629 0.0765346 0.0673136 0.0918265 0.0769980 0.0893157 0.0332117 0.0675836 0.0926286 0.0735866 0.0686857 0.0709771 0.0787687 0.0751070 0.0889555 0.0796263 0.0729094 0.0693475 0.0763414 0.0837178 0.1080734 0.0742436 0.0873087 0.1088916 0.0711293 0.0683323 0.0872350 0.0841855 0.0707355 0.0859646 0.0841710 0.0982349 0.0815730 0.0695797 0.0704295 0.0675811 0.0848522 0.0780473 0.0794368 0.0957982 0.0699155 0.0970861 0.0719441 0.0742758 0.0668364 0.0839620 0.0414281 0.0876467 0.0745153 0.0869148 0.0734011 0.0796632 0.0746936 0.0670225 0.0700708 0.0672224 0.0805824 0.0719693 0.1004346 0.0860134 0.0754977 0.0695460 0.0872526 0.1010713 0.0796722 0.0809640 0.0672112 0.0729775 0.0729186 0.0735025 0.0728090 0.0717098 0.0774606 0.0835216 0.0830994 0.1026384 0.0758659 0.0821706 0.0884760 0.0809753 0.0718508 0.1216063 0.0715993 0.0768214 0.0753557 0.0858724 0.0807765 0.1057661 0.0678266 0.0684418 0.0694299 0.0719951 0.1002314 0.0729644 0.0904575 0.0876174 0.0828882 0.0809563 0.1531702 0.0803794 0.0901132 0.0893442 0.0775696 0.0750596 0.0844933 
I0196_523_Musophagidae_Corythaeola_cristata               0.0333111 0.0470482 0.0474657 0.0430972 0.0533751 0.0482591 0.0642124 0.0189979 0.0384792 0.0526246 0.0732750 0.0000000 0.0537537 0.0462025 0.0481266 0.0522152 0.0389573 0.0241640 0.0511660 0.0311241 0.0495510 0.0319302 0.0548615 0.0325201 0.0311978 0.0297193 0.0400394 0.0335411 0.0664199 0.0581061 0.0615028 0.0340294 0.0490198 0.0496966 0.0502978 0.0520573 0.0396148 0.0573210 0.0534783 0.0692013 0.0496044 0.0794683 0.0517693 0.0472327 0.0911003 0.0783995 0.0835088 0.0558084 0.0657225 0.0431183 0.0489707 0.0396870 0.0550397 0.0481836 0.0321934 0.0476364 0.0473311 0.0528813 0.0415982 0.0398739 0.0356297 0.0495262 0.0504764 0.0359815 0.0334007 0.0822922 0.0490408 0.0559651 0.0501648 0.0312298 0.0387617 0.0721637 0.0579585 0.0408369 0.0633989 0.0648783 0.0527169 0.0378169 0.0359394 0.0483451 0.0688154 0.0301318 0.0334529 0.0329187 0.0492897 0.0438817 0.0526158 0.0520742 0.0306868 0.0279969 0.0519023 0.0816413 0.0457231 0.0471284 0.0377756 0.0289551 0.0565715 0.0427799 0.0561684 0.0702318 0.0295384 0.0593704 0.0345738 0.0323769 0.0321383 0.0430614 0.0427240 0.0565875 0.0437616 0.0395738 0.0326218 0.0384916 0.0517006 0.0782279 0.0367378 0.0520151 0.0770033 0.0341421 0.0287505 0.0590232 0.0511839 0.0333636 0.0549466 0.0595614 0.0643987 0.0486808 0.0303348 0.0356731 0.0304634 0.0528261 0.0427407 0.0469649 0.0620425 0.0315556 0.0690165 0.0353183 0.0381179 0.0284214 0.0472566 0.0773622 0.0530411 0.0378485 0.0558058 0.0348805 0.0451977 0.0384451 0.0289586 0.0321692 0.0282540 0.0470112 0.0340323 0.0729586 0.0514546 0.0382778 0.0311662 0.0510198 0.0672422 0.0469276 0.0483312 0.0280311 0.0347702 0.0347325 0.0359270 0.0362997 0.0360200 0.0454181 0.0472687 0.0495526 0.0692091 0.0378860 0.0493869 0.0556896 0.0501272 0.0351375 0.0899280 0.0340781 0.0392283 0.0383805 0.0552077 0.0510608 0.0744780 0.0295478 0.0335565 0.0304170 0.0368921 0.0651387 0.0363560 0.0591953 0.0559948 0.0528400 0.0495468 0.1348381 0.0509887 0.0601813 0.0589782 0.0428190 0.0412067 0.0518206 
I0197_832_Corvidae_Corvus_albus                           0.0502463 0.0634285 0.0623730 0.0613755 0.0453601 0.0625151 0.0760723 0.0536879 0.0554086 0.0680784 0.0835887 0.0537537 0.0000000 0.0614798 0.0630940 0.0439648 0.0580816 0.0408171 0.0446898 0.0503540 0.0426950 0.0512134 0.0472374 0.0495916 0.0509683 0.0491077 0.0569261 0.0516995 0.0771463 0.0283441 0.0310701 0.0502594 0.0430684 0.0425969 0.0670696 0.0690562 0.0565474 0.0291663 0.0467644 0.0832414 0.0430941 0.0920033 0.0448063 0.0406165 0.1069682 0.0941749 0.0998078 0.0271385 0.0779844 0.0588910 0.0667520 0.0549887 0.0479154 0.0414946 0.0501556 0.0602973 0.0403152 0.0457340 0.0582874 0.0590958 0.0535567 0.0434113 0.0659875 0.0517044 0.0525160 0.0957333 0.0420422 0.0694385 0.0680240 0.0505315 0.0578592 0.0858274 0.0723221 0.0584740 0.0735357 0.0844334 0.0457921 0.0561633 0.0514928 0.0420069 0.0777761 0.0440371 0.0509649 0.0509113 0.0627903 0.0598081 0.0666564 0.0668597 0.0499988 0.0455729 0.0689439 0.0958859 0.0628517 0.0613415 0.0574795 0.0489448 0.0733832 0.0590316 0.0710270 0.0797455 0.0478910 0.0743040 0.0531707 0.0498609 0.0513352 0.0601258 0.0574091 0.0711059 0.0601730 0.0540322 0.0500813 0.0566714 0.0643964 0.0920197 0.0547273 0.0691925 0.0925428 0.0524894 0.0483479 0.0511050 0.0669266 0.0511697 0.0336344 0.0335480 0.0834060 0.0628353 0.0510227 0.0523462 0.0496018 0.0451160 0.0596329 0.0609810 0.0806008 0.0509021 0.0820937 0.0536968 0.0555077 0.0483642 0.0639392 0.0860783 0.0694423 0.0575241 0.0492056 0.0540882 0.0629002 0.0553987 0.0495609 0.0516608 0.0484145 0.0627139 0.0533837 0.0852930 0.0684171 0.0566534 0.0498510 0.0677298 0.0857808 0.0293366 0.0421766 0.0483660 0.0527679 0.0534631 0.0543152 0.0532783 0.0524865 0.0622661 0.0644385 0.0649778 0.0826399 0.0561703 0.0653124 0.0483995 0.0441534 0.0540643 0.1088421 0.0524833 0.0573720 0.0569349 0.0473275 0.0302652 0.0877057 0.0499758 0.0501825 0.0499925 0.0530022 0.0828082 0.0537505 0.0299715 0.0263126 0.0133606 0.0431601 0.1489308 0.0295223 0.0312386 0.0296965 0.0607226 0.0576903 0.0493028 
I0198_937_Bucerotidae_Tockus_camurus                      0.0421902 0.0555851 0.0543723 0.0537785 0.0613945 0.0555240 0.0692073 0.0463262 0.0488247 0.0623624 0.0792853 0.0462025 0.0614798 0.0000000 0.0568928 0.0613818 0.0493707 0.0334968 0.0605721 0.0421528 0.0591525 0.0441006 0.0647319 0.0422309 0.0420708 0.0404547 0.0512443 0.0439077 0.0737964 0.0672783 0.0710538 0.0426204 0.0590630 0.0584086 0.0621227 0.0627665 0.0500255 0.0674667 0.0642141 0.0792891 0.0595468 0.0886721 0.0604649 0.0562544 0.1029620 0.0880535 0.0946466 0.0644042 0.0688448 0.0498004 0.0601970 0.0485408 0.0651721 0.0582903 0.0425602 0.0565665 0.0560315 0.0619945 0.0507396 0.0506910 0.0466046 0.0589258 0.0604512 0.0448443 0.0443130 0.0932569 0.0583979 0.0662557 0.0606675 0.0432051 0.0494892 0.0820343 0.0686214 0.0517218 0.0696633 0.0751730 0.0625743 0.0489062 0.0446973 0.0573408 0.0745013 0.0380996 0.0430121 0.0439738 0.0579647 0.0524798 0.0582862 0.0585604 0.0409698 0.0375086 0.0630414 0.0911407 0.0563532 0.0560240 0.0484956 0.0407441 0.0669783 0.0511769 0.0665588 0.0758497 0.0407438 0.0701112 0.0454875 0.0415523 0.0437965 0.0547140 0.0511828 0.0681712 0.0545087 0.0472934 0.0430051 0.0498838 0.0610739 0.0879933 0.0471831 0.0620881 0.0881122 0.0439160 0.0400330 0.0672113 0.0623534 0.0449336 0.0648266 0.0674284 0.0737969 0.0581419 0.0424063 0.0447327 0.0417081 0.0604364 0.0533758 0.0560790 0.0728851 0.0424883 0.0740633 0.0460214 0.0498560 0.0393981 0.0571307 0.0826032 0.0646377 0.0490267 0.0648851 0.0459770 0.0553494 0.0478768 0.0404315 0.0424576 0.0405063 0.0578073 0.0449363 0.0834194 0.0625555 0.0476654 0.0419707 0.0606543 0.0772457 0.0566600 0.0574959 0.0392692 0.0462246 0.0458692 0.0471041 0.0454086 0.0456101 0.0573324 0.0596650 0.0600136 0.0789268 0.0484861 0.0601009 0.0646338 0.0604619 0.0461456 0.1013143 0.0439992 0.0499624 0.0504619 0.0627265 0.0606387 0.0840716 0.0415218 0.0430806 0.0421586 0.0451791 0.0737875 0.0453043 0.0690479 0.0649830 0.0597936 0.0580188 0.1410656 0.0605824 0.0703742 0.0675163 0.0532758 0.0226666 0.0620831 
I0199_955_Meropidae_Merops_muelleri                       0.0454056 0.0522157 0.0563559 0.0544883 0.0641237 0.0567387 0.0672727 0.0489104 0.0511585 0.0544845 0.0768709 0.0481266 0.0630940 0.0568928 0.0000000 0.0617700 0.0519418 0.0365834 0.0626195 0.0453550 0.0609093 0.0468604 0.0650896 0.0441137 0.0453220 0.0452635 0.0535745 0.0475179 0.0706939 0.0684983 0.0718082 0.0466377 0.0611190 0.0613174 0.0632655 0.0650411 0.0518499 0.0690019 0.0630372 0.0779394 0.0618574 0.0867869 0.0636544 0.0595185 0.0994301 0.0882337 0.0933015 0.0645513 0.0716559 0.0473377 0.0626652 0.0515400 0.0662358 0.0602472 0.0456326 0.0588559 0.0600797 0.0613685 0.0528146 0.0546977 0.0485689 0.0613755 0.0615976 0.0485420 0.0474239 0.0908240 0.0611236 0.0636291 0.0610529 0.0461238 0.0521181 0.0787862 0.0669960 0.0545565 0.0665436 0.0765763 0.0636285 0.0509682 0.0479250 0.0597714 0.0699245 0.0387325 0.0455712 0.0469269 0.0594830 0.0489799 0.0585090 0.0577767 0.0450855 0.0411620 0.0656023 0.0888162 0.0587858 0.0583877 0.0520441 0.0440199 0.0659789 0.0465844 0.0645042 0.0712429 0.0425615 0.0681886 0.0483879 0.0461352 0.0470715 0.0547794 0.0455546 0.0686868 0.0552231 0.0488078 0.0467499 0.0523220 0.0633936 0.0862837 0.0501127 0.0621680 0.0855071 0.0464896 0.0436487 0.0664376 0.0626305 0.0473780 0.0649997 0.0664802 0.0753776 0.0597384 0.0457305 0.0475603 0.0450591 0.0629925 0.0552196 0.0577153 0.0732959 0.0447219 0.0740122 0.0493875 0.0511582 0.0427429 0.0577232 0.0766459 0.0651411 0.0530786 0.0672095 0.0488688 0.0574276 0.0502391 0.0435113 0.0456715 0.0432108 0.0583375 0.0483232 0.0819032 0.0598498 0.0517940 0.0450118 0.0604320 0.0790825 0.0569480 0.0613053 0.0429030 0.0479312 0.0488212 0.0489072 0.0476630 0.0484293 0.0601237 0.0609037 0.0598163 0.0777074 0.0503375 0.0605531 0.0638925 0.0615052 0.0486647 0.0993243 0.0463965 0.0524630 0.0540988 0.0657015 0.0598746 0.0817314 0.0448103 0.0467934 0.0445808 0.0473896 0.0767478 0.0478835 0.0680025 0.0661242 0.0615427 0.0618107 0.1420972 0.0594603 0.0680786 0.0681966 0.0548109 0.0524775 0.0632147 
I0200_988_Furnariidae_Furnarius_rufus                     0.0491038 0.0605617 0.0590764 0.0575973 0.0384888 0.0599536 0.0758689 0.0522121 0.0555367 0.0656092 0.0838749 0.0522152 0.0439648 0.0613818 0.0617700 0.0000000 0.0566029 0.0388135 0.0352274 0.0473950 0.0338899 0.0504640 0.0311724 0.0481099 0.0485317 0.0480683 0.0554613 0.0509375 0.0783359 0.0466711 0.0511955 0.0483758 0.0341102 0.0344166 0.0655672 0.0676111 0.0550787 0.0501122 0.0206648 0.0817667 0.0347215 0.0900437 0.0369189 0.0318983 0.1017036 0.0920894 0.0968317 0.0462297 0.0772552 0.0564370 0.0644665 0.0538574 0.0319794 0.0326804 0.0504719 0.0613702 0.0319581 0.0176246 0.0566985 0.0566818 0.0502714 0.0346445 0.0637661 0.0502197 0.0519243 0.0934206 0.0332130 0.0678411 0.0648838 0.0492232 0.0563623 0.0804046 0.0702685 0.0568289 0.0750426 0.0824244 0.0296602 0.0559060 0.0500322 0.0338021 0.0785119 0.0431756 0.0491859 0.0501144 0.0624402 0.0600559 0.0662040 0.0651598 0.0486845 0.0429953 0.0673257 0.0892745 0.0625391 0.0608497 0.0553437 0.0485672 0.0702680 0.0547092 0.0674098 0.0801450 0.0457007 0.0714028 0.0506784 0.0487154 0.0510887 0.0581178 0.0552790 0.0673508 0.0569221 0.0541897 0.0512538 0.0559766 0.0646488 0.0896971 0.0507909 0.0657773 0.0901730 0.0507774 0.0473784 0.0358259 0.0625766 0.0500771 0.0444596 0.0504327 0.0811789 0.0616524 0.0499583 0.0518885 0.0483783 0.0392251 0.0580921 0.0595350 0.0780165 0.0494295 0.0797244 0.0526407 0.0538500 0.0476797 0.0609377 0.0884441 0.0688921 0.0551609 0.0428916 0.0525092 0.0621177 0.0545942 0.0488560 0.0500740 0.0478658 0.0604282 0.0524790 0.0860818 0.0649420 0.0546160 0.0495849 0.0644053 0.0836275 0.0398487 0.0335374 0.0479284 0.0520352 0.0511329 0.0525161 0.0521048 0.0512759 0.0608914 0.0629341 0.0599683 0.0820315 0.0549753 0.0623267 0.0268436 0.0352199 0.0514302 0.1035502 0.0511996 0.0556491 0.0577688 0.0409506 0.0422607 0.0849562 0.0480679 0.0496922 0.0484499 0.0513725 0.0803378 0.0525767 0.0492534 0.0463024 0.0420048 0.0366083 0.1447044 0.0418597 0.0503211 0.0496865 0.0597975 0.0564188 0.0456289 
I0201_999_Scolopacidae_Tringa_solitaria                   0.0364176 0.0514525 0.0500529 0.0470346 0.0582617 0.0504803 0.0674753 0.0392176 0.0431949 0.0570500 0.0771755 0.0389573 0.0580816 0.0493707 0.0519418 0.0566029 0.0000000 0.0280233 0.0570473 0.0352149 0.0555363 0.0288197 0.0599515 0.0359107 0.0304851 0.0334176 0.0438329 0.0312015 0.0707366 0.0632959 0.0673617 0.0382061 0.0546821 0.0550018 0.0540568 0.0561154 0.0427026 0.0634005 0.0588676 0.0709259 0.0554116 0.0812267 0.0578096 0.0520583 0.0947947 0.0817506 0.0873609 0.0598671 0.0690603 0.0460020 0.0542788 0.0419990 0.0599282 0.0531938 0.0357236 0.0517833 0.0519238 0.0580081 0.0449525 0.0426146 0.0400207 0.0553278 0.0532372 0.0390575 0.0369462 0.0849853 0.0534807 0.0594008 0.0549226 0.0353850 0.0410953 0.0755592 0.0621092 0.0445256 0.0657966 0.0680275 0.0580890 0.0414840 0.0391691 0.0533319 0.0721069 0.0329935 0.0366348 0.0299421 0.0533083 0.0491573 0.0559451 0.0547002 0.0343271 0.0319997 0.0562035 0.0834886 0.0328955 0.0505028 0.0416813 0.0329553 0.0600538 0.0471065 0.0600189 0.0734063 0.0333514 0.0640879 0.0335283 0.0374240 0.0373020 0.0473898 0.0467026 0.0612278 0.0474581 0.0429267 0.0312697 0.0414991 0.0561566 0.0795470 0.0402328 0.0568381 0.0799696 0.0371658 0.0326244 0.0627349 0.0555658 0.0369068 0.0601213 0.0634158 0.0666006 0.0530795 0.0350216 0.0398058 0.0347735 0.0573736 0.0464321 0.0500011 0.0671802 0.0359292 0.0719235 0.0311374 0.0410854 0.0326107 0.0503511 0.0808634 0.0586946 0.0404579 0.0606272 0.0319899 0.0317355 0.0425618 0.0331313 0.0358316 0.0328503 0.0510477 0.0305044 0.0679275 0.0566267 0.0427691 0.0355888 0.0548036 0.0713013 0.0511077 0.0538201 0.0327014 0.0377651 0.0384535 0.0404417 0.0398653 0.0390251 0.0502873 0.0528141 0.0540054 0.0709492 0.0153773 0.0537772 0.0604165 0.0562260 0.0164737 0.0951982 0.0374913 0.0437224 0.0428723 0.0607197 0.0556266 0.0753430 0.0343384 0.0380718 0.0349731 0.0391100 0.0675772 0.0400494 0.0649706 0.0602876 0.0557949 0.0551481 0.1388547 0.0555472 0.0649812 0.0630902 0.0304913 0.0441117 0.0554761 
I0202_1066_Cathartidae_Cathartes_burrovianus              0.0197598 0.0341491 0.0335469 0.0331542 0.0402758 0.0347190 0.0505731 0.0248656 0.0202736 0.0418641 0.0598964 0.0241640 0.0408171 0.0334968 0.0365834 0.0388135 0.0280233 0.0000000 0.0391366 0.0191608 0.0370677 0.0212818 0.0423363 0.0197489 0.0201706 0.0183290 0.0245616 0.0221635 0.0540307 0.0469415 0.0501709 0.0212187 0.0367455 0.0366849 0.0395724 0.0412417 0.0233824 0.0467206 0.0408319 0.0557277 0.0371789 0.0667980 0.0391361 0.0346449 0.0795810 0.0661445 0.0718297 0.0441824 0.0531810 0.0297161 0.0382011 0.0274177 0.0423777 0.0358813 0.0202404 0.0342858 0.0351451 0.0396575 0.0252384 0.0293461 0.0245865 0.0378209 0.0395136 0.0236318 0.0227546 0.0694557 0.0371915 0.0441997 0.0378076 0.0199699 0.0275941 0.0600655 0.0460099 0.0309702 0.0501816 0.0532370 0.0412010 0.0263847 0.0235561 0.0359248 0.0555260 0.0183431 0.0200572 0.0215742 0.0359983 0.0317717 0.0394176 0.0384998 0.0185835 0.0042959 0.0409427 0.0680497 0.0354827 0.0344847 0.0271004 0.0173401 0.0440096 0.0298788 0.0435953 0.0560406 0.0170404 0.0482314 0.0224444 0.0199264 0.0212218 0.0331065 0.0305893 0.0465613 0.0335809 0.0263345 0.0211200 0.0272699 0.0388443 0.0658233 0.0252884 0.0396470 0.0648085 0.0225518 0.0173073 0.0455603 0.0409545 0.0223442 0.0429169 0.0478936 0.0520805 0.0353712 0.0188391 0.0230529 0.0191901 0.0400755 0.0323205 0.0329277 0.0501033 0.0200234 0.0574701 0.0234658 0.0280984 0.0168565 0.0350396 0.0626227 0.0427431 0.0272307 0.0440075 0.0236722 0.0341331 0.0266035 0.0180129 0.0211842 0.0171213 0.0360797 0.0227227 0.0596409 0.0408199 0.0269740 0.0195142 0.0403917 0.0558516 0.0348146 0.0362125 0.0165757 0.0225057 0.0233581 0.0250072 0.0233753 0.0234298 0.0353609 0.0371352 0.0380508 0.0561802 0.0266296 0.0384775 0.0425514 0.0380721 0.0237817 0.0801174 0.0226103 0.0239319 0.0275759 0.0424257 0.0375215 0.0610875 0.0177152 0.0208063 0.0190694 0.0230721 0.0523796 0.0235731 0.0484360 0.0443408 0.0393608 0.0377740 0.1200636 0.0374732 0.0484977 0.0474939 0.0325088 0.0280576 0.0398175 
I0203_1087_Tyrannidae_Hymenops_perspicillatus             0.0492677 0.0618980 0.0607142 0.0603170 0.0419293 0.0614213 0.0747746 0.0521066 0.0545937 0.0650493 0.0820912 0.0511660 0.0446898 0.0605721 0.0626195 0.0352274 0.0570473 0.0391366 0.0000000 0.0489367 0.0114304 0.0496490 0.0375784 0.0483966 0.0488737 0.0478577 0.0553225 0.0509615 0.0759599 0.0494721 0.0507283 0.0489101 0.0219998 0.0211285 0.0671286 0.0689981 0.0545506 0.0507200 0.0365364 0.0845034 0.0198498 0.0921478 0.0207232 0.0193338 0.1079978 0.0939366 0.0982763 0.0473489 0.0790022 0.0566968 0.0666690 0.0553408 0.0383031 0.0201154 0.0492925 0.0603734 0.0200096 0.0362258 0.0564444 0.0574627 0.0538466 0.0103502 0.0655596 0.0518242 0.0517597 0.0955379 0.0196026 0.0691572 0.0669704 0.0496802 0.0556235 0.0852804 0.0722099 0.0573183 0.0729187 0.0836308 0.0359492 0.0562159 0.0510851 0.0200038 0.0787738 0.0442312 0.0496472 0.0499219 0.0623305 0.0592965 0.0679004 0.0658542 0.0485282 0.0438068 0.0692985 0.0966669 0.0626015 0.0605131 0.0546902 0.0482669 0.0728327 0.0577434 0.0712100 0.0794781 0.0460224 0.0736750 0.0521992 0.0493626 0.0505861 0.0588433 0.0563961 0.0726673 0.0593650 0.0536685 0.0501661 0.0561639 0.0648935 0.0918883 0.0547201 0.0689809 0.0919752 0.0525530 0.0468998 0.0416625 0.0666241 0.0502332 0.0446105 0.0504741 0.0826376 0.0618470 0.0495709 0.0521923 0.0484922 0.0400562 0.0595644 0.0595497 0.0804129 0.0497928 0.0802392 0.0529804 0.0538262 0.0466673 0.0609703 0.0869797 0.0685675 0.0566491 0.0433390 0.0516518 0.0626357 0.0549147 0.0481852 0.0507301 0.0469873 0.0624734 0.0525437 0.0863682 0.0659671 0.0556138 0.0489298 0.0660177 0.0860344 0.0391402 0.0208128 0.0476241 0.0522904 0.0530654 0.0524559 0.0522803 0.0519309 0.0619979 0.0645782 0.0649921 0.0831930 0.0552806 0.0623771 0.0383110 0.0124880 0.0530637 0.1068005 0.0521225 0.0551788 0.0588111 0.0431456 0.0426499 0.0882012 0.0489201 0.0500450 0.0484039 0.0507311 0.0824705 0.0523862 0.0488125 0.0468606 0.0432584 0.0379545 0.1494904 0.0419803 0.0518827 0.0488788 0.0601188 0.0561540 0.0481398 
