193
I0185_86_Accipitridae_Buteo_jamaicensis                   0.0000000 0.0302487 0.0281854 0.0270703 0.0314259 0.0272427 0.0349966 0.0219847 0.0470420 0.0398390 0.0216451 0.0316422 0.0316763 0.0338138 0.0344798 0.0226349 0.0132595 0.0345850 0.0172150 0.0335288 0.0194258 0.0341514 0.0185258 0.0185126 0.0165015 0.0273698 0.0182039 0.0383306 0.0372444 0.0387235 0.0191459 0.0330313 0.0331239 0.0309919 0.0317536 0.0363669 0.0321321 0.0416983 0.0337908 0.0484669 0.0340630 0.0311343 0.0550105 0.0544200 0.0529672 0.0352246 0.0391113 0.0314761 0.0298802 0.0231094 0.0335083 0.0330057 0.0180946 0.0277011 0.0310134 0.0326493 0.0277687 0.0234497 0.0195675 0.0336618 0.0299673 0.0201817 0.0494230 0.0320868 0.0342855 0.0305952 0.0191524 0.0232943 0.0404087 0.0366927 0.0242124 0.0363547 0.0393053 0.0344518 0.0321227 0.0246524 0.0202249 0.0321461 0.0406246 0.0186982 0.0055670 0.0195271 0.0263159 0.0329504 0.0369162 0.0174316 0.0152251 0.0333376 0.0476833 0.0280930 0.0251635 0.0237023 0.0173105 0.0336124 0.0244205 0.0354463 0.0386885 0.0172095 0.0365255 0.0190021 0.0140685 0.0186167 0.0306911 0.0311184 0.0344343 0.0306494 0.0183918 0.0234306 0.0273344 0.0473300 0.0219520 0.0300514 0.0451271 0.0195271 0.0162359 0.0366877 0.0310293 0.0199107 0.0326850 0.0379620 0.0270730 0.0174465 0.0175279 0.0323745 0.0263615 0.0264198 0.0364094 0.0182512 0.0371606 0.0210749 0.0237418 0.0170710 0.0295066 0.0427631 0.0336166 0.0219982 0.0345026 0.0205968 0.0265449 0.0249291 0.0168511 0.0202833 0.0169837 0.0290936 0.0190787 0.0437821 0.0360883 0.0256365 0.0187745 0.0370253 0.0437994 0.0295486 0.0315745 0.0152078 0.0196335 0.0217978 0.0205235 0.0193309 0.0214276 0.0281742 0.0302046 0.0295237 0.0413588 0.0211423 0.0296028 0.0360201 0.0340821 0.0205796 0.0554003 0.0205152 0.0267846 0.0223827 0.0349026 0.0319337 0.0436969 0.0166114 0.0119196 0.0174197 0.0206965 0.0392403 0.0185763 0.0370013 0.0344851 0.0306752 0.0313114 0.0968910 0.0926637 0.0318966 0.0380626 0.0365115 0.0274926 0.0251034 0.0330312 
I0186_111_Momotidae_Momotus_lessonii                      0.0302487 0.0000000 0.0386590 0.0390834 0.0415207 0.0378541 0.0419090 0.0336470 0.0425203 0.0449950 0.0345178 0.0414668 0.0382702 0.0373597 0.0446522 0.0332007 0.0257633 0.0438124 0.0296489 0.0435182 0.0317512 0.0438866 0.0303984 0.0307471 0.0295080 0.0389153 0.0313873 0.0449454 0.0466767 0.0481442 0.0317902 0.0428178 0.0431262 0.0429749 0.0430485 0.0469476 0.0425921 0.0507477 0.0428768 0.0572809 0.0440400 0.0417301 0.0639820 0.0639114 0.0623543 0.0448081 0.0471924 0.0324212 0.0419353 0.0357496 0.0424421 0.0426279 0.0302496 0.0389929 0.0412439 0.0429256 0.0379798 0.0356301 0.0322126 0.0429029 0.0418912 0.0330343 0.0580785 0.0420031 0.0451961 0.0409434 0.0320170 0.0349591 0.0492990 0.0468621 0.0365608 0.0413461 0.0502995 0.0433127 0.0420912 0.0357894 0.0334170 0.0419642 0.0448764 0.0261138 0.0304294 0.0313803 0.0381665 0.0399774 0.0423774 0.0292535 0.0283617 0.0452922 0.0569698 0.0380186 0.0361507 0.0358682 0.0303423 0.0443225 0.0293398 0.0460200 0.0448437 0.0287634 0.0466378 0.0323073 0.0292511 0.0307044 0.0408202 0.0328621 0.0453090 0.0409287 0.0316367 0.0351189 0.0385343 0.0562393 0.0338848 0.0408535 0.0555317 0.0318581 0.0292315 0.0459642 0.0421184 0.0323746 0.0430702 0.0483226 0.0381991 0.0297751 0.0302122 0.0420966 0.0384741 0.0374589 0.0474300 0.0307160 0.0446038 0.0329648 0.0338503 0.0301702 0.0400891 0.0482949 0.0448540 0.0342853 0.0455147 0.0325129 0.0365799 0.0363537 0.0302709 0.0324398 0.0295700 0.0390122 0.0310732 0.0535191 0.0466451 0.0366846 0.0312459 0.0483354 0.0536525 0.0401652 0.0420436 0.0280443 0.0322534 0.0329488 0.0322215 0.0321113 0.0334277 0.0402861 0.0427322 0.0386830 0.0503809 0.0317358 0.0385686 0.0454557 0.0434849 0.0316916 0.0654354 0.0330780 0.0376989 0.0336235 0.0442711 0.0417088 0.0536961 0.0297596 0.0295874 0.0298947 0.0318634 0.0493170 0.0318821 0.0455311 0.0452174 0.0405798 0.0414059 0.1058904 0.1026174 0.0415369 0.0476257 0.0462635 0.0380626 0.0322452 0.0427468 
I0187_115_Trogonidae_Trogon_elegans                       0.0281854 0.0386590 0.0000000 0.0362522 0.0394745 0.0118756 0.0440907 0.0317438 0.0544590 0.0479267 0.0313298 0.0407902 0.0394494 0.0409319 0.0430952 0.0329944 0.0233080 0.0422030 0.0274359 0.0406861 0.0296737 0.0418343 0.0278438 0.0292055 0.0272036 0.0362958 0.0293325 0.0477295 0.0458738 0.0460779 0.0292534 0.0412402 0.0416313 0.0400124 0.0413940 0.0452958 0.0399500 0.0493214 0.0416841 0.0556629 0.0425591 0.0395838 0.0608936 0.0600813 0.0597898 0.0440041 0.0478989 0.0393751 0.0399971 0.0336545 0.0401125 0.0411198 0.0286794 0.0374879 0.0396779 0.0407544 0.0363208 0.0339415 0.0301483 0.0408482 0.0392105 0.0309557 0.0558329 0.0391956 0.0427678 0.0385752 0.0295625 0.0332452 0.0472167 0.0445228 0.0347551 0.0448008 0.0485671 0.0416460 0.0401418 0.0336415 0.0313713 0.0405237 0.0475899 0.0264199 0.0282757 0.0303014 0.0361635 0.0406557 0.0447170 0.0283110 0.0262447 0.0432491 0.0548442 0.0381374 0.0343759 0.0332610 0.0281705 0.0419280 0.0332270 0.0437187 0.0468245 0.0273350 0.0455285 0.0302785 0.0271018 0.0292903 0.0376394 0.0389402 0.0422224 0.0377288 0.0295484 0.0335411 0.0365398 0.0544930 0.0325950 0.0383584 0.0527734 0.0298226 0.0271858 0.0431156 0.0399139 0.0304390 0.0421591 0.0470848 0.0362211 0.0275311 0.0277384 0.0399392 0.0354283 0.0359402 0.0461656 0.0288154 0.0452615 0.0312547 0.0334640 0.0273143 0.0385652 0.0496914 0.0441241 0.0322258 0.0420868 0.0313492 0.0363875 0.0346060 0.0274411 0.0302972 0.0272343 0.0374453 0.0297936 0.0516974 0.0432680 0.0344659 0.0292858 0.0438178 0.0518776 0.0382932 0.0403376 0.0258719 0.0305245 0.0317467 0.0301429 0.0306987 0.0315920 0.0386617 0.0408534 0.0372282 0.0486522 0.0313619 0.0371562 0.0433688 0.0416275 0.0307932 0.0622977 0.0311252 0.0345042 0.0316708 0.0430516 0.0406454 0.0510196 0.0267886 0.0268619 0.0278795 0.0293949 0.0479627 0.0303945 0.0451147 0.0438504 0.0394942 0.0394858 0.1017999 0.0990549 0.0403589 0.0465043 0.0451343 0.0374250 0.0330856 0.0416509 
I0188_135_Apodidae_Streptoprocne_zonaris                  0.0270703 0.0390834 0.0362522 0.0000000 0.0387791 0.0340039 0.0416895 0.0299362 0.0535782 0.0469619 0.0299814 0.0391465 0.0389528 0.0429825 0.0414676 0.0301572 0.0220710 0.0416673 0.0246321 0.0404525 0.0275033 0.0409775 0.0264483 0.0267479 0.0246465 0.0346650 0.0259917 0.0462603 0.0446082 0.0461259 0.0275168 0.0399986 0.0396985 0.0319742 0.0330805 0.0433930 0.0385462 0.0485376 0.0396349 0.0551927 0.0416684 0.0383603 0.0613353 0.0600363 0.0587434 0.0431339 0.0471209 0.0392503 0.0356724 0.0318202 0.0396479 0.0393675 0.0258683 0.0355747 0.0385565 0.0396594 0.0352189 0.0301860 0.0276518 0.0404447 0.0156645 0.0288305 0.0557194 0.0384759 0.0419283 0.0384227 0.0265933 0.0291918 0.0471893 0.0432991 0.0303185 0.0430848 0.0465968 0.0411020 0.0395283 0.0327215 0.0290637 0.0388078 0.0464554 0.0254364 0.0277410 0.0279942 0.0347998 0.0410940 0.0440613 0.0255153 0.0253832 0.0348394 0.0533665 0.0360341 0.0326665 0.0313021 0.0247710 0.0407447 0.0334601 0.0425729 0.0456219 0.0255782 0.0440080 0.0274065 0.0263728 0.0263367 0.0366485 0.0394779 0.0411572 0.0367107 0.0261460 0.0307959 0.0352140 0.0538440 0.0292958 0.0377102 0.0521614 0.0269447 0.0242425 0.0424037 0.0392681 0.0270703 0.0395432 0.0450621 0.0341455 0.0245900 0.0247578 0.0393354 0.0147442 0.0342221 0.0428116 0.0264569 0.0454779 0.0290958 0.0274108 0.0246103 0.0361623 0.0494053 0.0411574 0.0280982 0.0413409 0.0286742 0.0333501 0.0325204 0.0244337 0.0282081 0.0252725 0.0366834 0.0272075 0.0498829 0.0432345 0.0319771 0.0264347 0.0437216 0.0495708 0.0373267 0.0390610 0.0227885 0.0272592 0.0292680 0.0280417 0.0288411 0.0286149 0.0348774 0.0372487 0.0364296 0.0476908 0.0291192 0.0364777 0.0424882 0.0413108 0.0285040 0.0617856 0.0288020 0.0335196 0.0282988 0.0421734 0.0393855 0.0499020 0.0251463 0.0254296 0.0250466 0.0288853 0.0451855 0.0287154 0.0438347 0.0424535 0.0375783 0.0391018 0.1029404 0.0999486 0.0390804 0.0456673 0.0440136 0.0345859 0.0330376 0.0395744 
I0189_225_Eurylaimidae_Smithornis_rufolateralis           0.0314259 0.0415207 0.0394745 0.0387791 0.0000000 0.0377860 0.0456612 0.0339441 0.0564294 0.0504666 0.0350304 0.0283196 0.0428595 0.0454987 0.0267358 0.0356529 0.0262180 0.0271138 0.0309920 0.0262545 0.0328515 0.0278008 0.0306790 0.0324323 0.0303226 0.0388915 0.0324472 0.0493473 0.0325858 0.0347564 0.0321553 0.0254255 0.0259803 0.0431376 0.0438201 0.0332333 0.0251141 0.0517171 0.0260313 0.0557466 0.0268712 0.0238522 0.0633947 0.0617502 0.0617764 0.0318170 0.0499936 0.0430115 0.0419741 0.0363161 0.0263442 0.0260233 0.0319402 0.0385548 0.0241919 0.0259676 0.0394112 0.0362255 0.0331128 0.0260464 0.0406799 0.0330329 0.0573581 0.0246008 0.0436849 0.0416528 0.0321335 0.0348900 0.0493387 0.0471103 0.0360586 0.0469444 0.0497936 0.0271718 0.0249207 0.0369387 0.0333414 0.0242166 0.0501620 0.0284316 0.0320505 0.0338760 0.0373689 0.0443056 0.0469790 0.0307789 0.0294813 0.0446302 0.0556792 0.0394577 0.0359071 0.0361900 0.0311640 0.0436564 0.0369940 0.0452991 0.0481026 0.0308391 0.0469011 0.0337655 0.0306380 0.0325782 0.0416737 0.0423522 0.0446037 0.0415221 0.0329600 0.0363853 0.0383668 0.0547774 0.0356467 0.0409417 0.0534921 0.0321856 0.0297984 0.0290308 0.0428709 0.0327202 0.0287230 0.0479980 0.0373224 0.0314103 0.0306116 0.0188253 0.0384223 0.0376095 0.0467148 0.0320468 0.0481688 0.0343803 0.0357233 0.0309536 0.0420885 0.0520975 0.0461047 0.0350367 0.0225240 0.0340820 0.0390757 0.0364313 0.0306999 0.0338757 0.0316216 0.0390962 0.0325212 0.0528892 0.0478746 0.0373528 0.0326787 0.0487543 0.0533461 0.0278075 0.0246981 0.0294995 0.0333900 0.0342356 0.0333653 0.0327951 0.0350138 0.0408160 0.0430980 0.0381569 0.0508792 0.0343597 0.0383902 0.0285697 0.0265194 0.0339658 0.0654016 0.0345665 0.0382550 0.0342752 0.0207857 0.0282395 0.0522643 0.0305075 0.0300270 0.0317674 0.0327796 0.0489323 0.0324813 0.0324262 0.0314982 0.0269007 0.0154761 0.1035923 0.0992909 0.0286277 0.0342019 0.0321845 0.0393083 0.0363199 0.0312371 
I0190_295_Trogonidae_Apaloderma_aequatoriale              0.0272427 0.0378541 0.0118756 0.0340039 0.0377860 0.0000000 0.0428706 0.0303235 0.0532651 0.0466531 0.0304420 0.0392307 0.0385040 0.0402063 0.0414867 0.0315223 0.0220518 0.0402680 0.0264016 0.0391835 0.0286980 0.0406331 0.0266701 0.0282060 0.0266324 0.0344037 0.0280070 0.0469392 0.0440366 0.0451527 0.0283638 0.0395763 0.0394757 0.0383362 0.0395142 0.0433123 0.0385133 0.0483758 0.0398055 0.0546481 0.0411685 0.0378041 0.0599680 0.0593800 0.0589415 0.0433859 0.0464945 0.0390365 0.0384193 0.0322329 0.0388966 0.0398080 0.0281666 0.0355130 0.0381189 0.0394219 0.0347509 0.0322800 0.0293657 0.0390384 0.0376985 0.0296186 0.0552436 0.0371966 0.0415343 0.0376638 0.0285972 0.0323704 0.0466102 0.0434072 0.0327519 0.0438912 0.0476982 0.0405006 0.0385128 0.0332934 0.0300192 0.0386014 0.0463900 0.0247685 0.0273465 0.0292784 0.0345901 0.0401164 0.0432758 0.0272384 0.0253887 0.0416356 0.0537773 0.0365825 0.0329009 0.0322560 0.0270725 0.0405546 0.0323150 0.0421121 0.0455506 0.0265057 0.0443799 0.0288271 0.0260011 0.0282724 0.0362467 0.0383317 0.0419912 0.0367400 0.0281287 0.0322043 0.0348891 0.0537086 0.0313742 0.0376341 0.0515305 0.0284149 0.0261158 0.0415514 0.0394164 0.0295334 0.0409618 0.0460909 0.0340607 0.0264103 0.0266225 0.0380156 0.0342997 0.0347299 0.0453961 0.0277331 0.0443690 0.0303625 0.0318565 0.0265361 0.0373960 0.0489708 0.0422842 0.0309300 0.0411573 0.0299504 0.0350036 0.0329870 0.0267013 0.0297608 0.0264040 0.0369260 0.0283703 0.0499001 0.0427816 0.0334185 0.0281134 0.0431320 0.0507478 0.0373139 0.0385126 0.0250466 0.0293324 0.0309263 0.0295394 0.0293441 0.0306874 0.0372910 0.0394695 0.0368282 0.0474234 0.0302234 0.0366567 0.0417599 0.0401319 0.0297058 0.0613530 0.0303904 0.0334105 0.0305825 0.0411308 0.0391366 0.0501283 0.0261829 0.0259560 0.0271778 0.0289513 0.0470432 0.0291130 0.0440715 0.0426211 0.0380380 0.0380724 0.1001094 0.0979124 0.0389091 0.0449114 0.0438243 0.0362774 0.0324295 0.0407869 
I0191_344_Indicatoridae_Indicator_exilis                  0.0349966 0.0419090 0.0440907 0.0416895 0.0456612 0.0428706 0.0000000 0.0373753 0.0546480 0.0266286 0.0384695 0.0444504 0.0436589 0.0450452 0.0492716 0.0385551 0.0305057 0.0494265 0.0338304 0.0483537 0.0368887 0.0491078 0.0342466 0.0357201 0.0339508 0.0436835 0.0352758 0.0197280 0.0501913 0.0516765 0.0362760 0.0489211 0.0480010 0.0466467 0.0466302 0.0490953 0.0468280 0.0565146 0.0481317 0.0624798 0.0493651 0.0460746 0.0679678 0.0671204 0.0661746 0.0483699 0.0495523 0.0403469 0.0442932 0.0397979 0.0469084 0.0478307 0.0346739 0.0432723 0.0465380 0.0477256 0.0436272 0.0398153 0.0367560 0.0483995 0.0448565 0.0374853 0.0624553 0.0466661 0.0494042 0.0461327 0.0359672 0.0402356 0.0542693 0.0511936 0.0400647 0.0167018 0.0555326 0.0485798 0.0466606 0.0401647 0.0376622 0.0468244 0.0273101 0.0295040 0.0357288 0.0366638 0.0426696 0.0426187 0.0453960 0.0339557 0.0338965 0.0490407 0.0611310 0.0439322 0.0402485 0.0401766 0.0348343 0.0497561 0.0376884 0.0507026 0.0255127 0.0342607 0.0520229 0.0374026 0.0334241 0.0354881 0.0450586 0.0412599 0.0469305 0.0448453 0.0360521 0.0398756 0.0424745 0.0616811 0.0386164 0.0467379 0.0596782 0.0360798 0.0332643 0.0505221 0.0456395 0.0371911 0.0462611 0.0535011 0.0419706 0.0341098 0.0346080 0.0458277 0.0420788 0.0417167 0.0514350 0.0354957 0.0479517 0.0377822 0.0393649 0.0346995 0.0446771 0.0296719 0.0494819 0.0382460 0.0487043 0.0377797 0.0422247 0.0405497 0.0347936 0.0373326 0.0347780 0.0433785 0.0360621 0.0574419 0.0510821 0.0402288 0.0352018 0.0525575 0.0577377 0.0442186 0.0471622 0.0330162 0.0368674 0.0387795 0.0365463 0.0358321 0.0378192 0.0440468 0.0442218 0.0436927 0.0556987 0.0371823 0.0430283 0.0493675 0.0491103 0.0368306 0.0692231 0.0376109 0.0429005 0.0376906 0.0490104 0.0453634 0.0590149 0.0336463 0.0332316 0.0349058 0.0364190 0.0540670 0.0360297 0.0488000 0.0475651 0.0430691 0.0461567 0.1063958 0.1028906 0.0454461 0.0506938 0.0494337 0.0429431 0.0382469 0.0468682 
I0192_375_Musophagidae_Tauraco_macrorhynchus              0.0219847 0.0336470 0.0317438 0.0299362 0.0339441 0.0303235 0.0373753 0.0000000 0.0495451 0.0423951 0.0144837 0.0349474 0.0338337 0.0361666 0.0377471 0.0265725 0.0174201 0.0372975 0.0200398 0.0360589 0.0229849 0.0364737 0.0225612 0.0225402 0.0196013 0.0307065 0.0219398 0.0415146 0.0401006 0.0415682 0.0231753 0.0361062 0.0357739 0.0346857 0.0351574 0.0391906 0.0339752 0.0442169 0.0363930 0.0501743 0.0378077 0.0343667 0.0548689 0.0547152 0.0536770 0.0388836 0.0423371 0.0346637 0.0322888 0.0275713 0.0359305 0.0360358 0.0204416 0.0319657 0.0344688 0.0361308 0.0313743 0.0273818 0.0225149 0.0362327 0.0337612 0.0242727 0.0510300 0.0350055 0.0375812 0.0325449 0.0222474 0.0268757 0.0425797 0.0386456 0.0281568 0.0382552 0.0414273 0.0367977 0.0355506 0.0272743 0.0245074 0.0350165 0.0425725 0.0214382 0.0220994 0.0231532 0.0303932 0.0357032 0.0390098 0.0200942 0.0195594 0.0367665 0.0491429 0.0318503 0.0289108 0.0261265 0.0203112 0.0359251 0.0286470 0.0382962 0.0410206 0.0194009 0.0396025 0.0228923 0.0211617 0.0222541 0.0329553 0.0340288 0.0371406 0.0329244 0.0219928 0.0260460 0.0314310 0.0495055 0.0252283 0.0320003 0.0480589 0.0227074 0.0190528 0.0383806 0.0340101 0.0231456 0.0364417 0.0399534 0.0308659 0.0208346 0.0211271 0.0350350 0.0299445 0.0302485 0.0386964 0.0214834 0.0426729 0.0248297 0.0272490 0.0204586 0.0316860 0.0453076 0.0369438 0.0253119 0.0376321 0.0241150 0.0300880 0.0290590 0.0205389 0.0230607 0.0208024 0.0310351 0.0224598 0.0465363 0.0392680 0.0289236 0.0222586 0.0407628 0.0444943 0.0338857 0.0353080 0.0187510 0.0232092 0.0243495 0.0228854 0.0229657 0.0244008 0.0313661 0.0327473 0.0313920 0.0436384 0.0250434 0.0311326 0.0383503 0.0371845 0.0245208 0.0567947 0.0239056 0.0295754 0.0242411 0.0376423 0.0348240 0.0460765 0.0192518 0.0211427 0.0208561 0.0239934 0.0410458 0.0228781 0.0397780 0.0378401 0.0340461 0.0348965 0.0973810 0.0936858 0.0348709 0.0415784 0.0395284 0.0320165 0.0278932 0.0362432 
I0194_495_Alcedinidae_Alcedo_quadribrachys                0.0470420 0.0425203 0.0544590 0.0535782 0.0564294 0.0532651 0.0546480 0.0495451 0.0000000 0.0574638 0.0506971 0.0568042 0.0528761 0.0489551 0.0583864 0.0507525 0.0416573 0.0573598 0.0461968 0.0577660 0.0481771 0.0594720 0.0456934 0.0479671 0.0457307 0.0528836 0.0471393 0.0580417 0.0609432 0.0619095 0.0475827 0.0565431 0.0557252 0.0570500 0.0567024 0.0610414 0.0561066 0.0673765 0.0556059 0.0716246 0.0574306 0.0539435 0.0735905 0.0753070 0.0749053 0.0587642 0.0613182 0.0477224 0.0563325 0.0506001 0.0578321 0.0563543 0.0467954 0.0547794 0.0535440 0.0561111 0.0534164 0.0521054 0.0488726 0.0560745 0.0565460 0.0482377 0.0725019 0.0551544 0.0620958 0.0576765 0.0479166 0.0508564 0.0630182 0.0654294 0.0522735 0.0542109 0.0651222 0.0594242 0.0552853 0.0513596 0.0488982 0.0553150 0.0575269 0.0384743 0.0474901 0.0489673 0.0535720 0.0530361 0.0557678 0.0464360 0.0445907 0.0576961 0.0721792 0.0540132 0.0521393 0.0516459 0.0462549 0.0608176 0.0455386 0.0636197 0.0568460 0.0458621 0.0639288 0.0486118 0.0458130 0.0473322 0.0533375 0.0463282 0.0556995 0.0532333 0.0476984 0.0502879 0.0541718 0.0710589 0.0500507 0.0570395 0.0706179 0.0476228 0.0454190 0.0605972 0.0550363 0.0486147 0.0559014 0.0639800 0.0533777 0.0471485 0.0468273 0.0569434 0.0525434 0.0528887 0.0633408 0.0475475 0.0595441 0.0500402 0.0509128 0.0467508 0.0513480 0.0599692 0.0595740 0.0512413 0.0594384 0.0496154 0.0530724 0.0506881 0.0466823 0.0487633 0.0468573 0.0523841 0.0477256 0.0686273 0.0612965 0.0493174 0.0477845 0.0628347 0.0689292 0.0554701 0.0544972 0.0447748 0.0484058 0.0498732 0.0482024 0.0483115 0.0487655 0.0556449 0.0541098 0.0526635 0.0657689 0.0489626 0.0520927 0.0609036 0.0565196 0.0486678 0.0748907 0.0500676 0.0516527 0.0489239 0.0579089 0.0560191 0.0685434 0.0460417 0.0462074 0.0467737 0.0471378 0.0652553 0.0479399 0.0585788 0.0608003 0.0543554 0.0559114 0.1188988 0.1144887 0.0558012 0.0602659 0.0607225 0.0545383 0.0483099 0.0561636 
I0195_522_Ramphastidae_Buccanodon_duchaillui              0.0398390 0.0449950 0.0479267 0.0469619 0.0504666 0.0466531 0.0266286 0.0423951 0.0574638 0.0000000 0.0430348 0.0488825 0.0466749 0.0495527 0.0528562 0.0435029 0.0347186 0.0532836 0.0390209 0.0526749 0.0417491 0.0527338 0.0388495 0.0406578 0.0384637 0.0473470 0.0395601 0.0297769 0.0542989 0.0561256 0.0396903 0.0524626 0.0520003 0.0506100 0.0505856 0.0526678 0.0506043 0.0615099 0.0521967 0.0657109 0.0536877 0.0499879 0.0715153 0.0715698 0.0701413 0.0525944 0.0526718 0.0416847 0.0474502 0.0440072 0.0511490 0.0522812 0.0399111 0.0473614 0.0503586 0.0511232 0.0480122 0.0445869 0.0415014 0.0523006 0.0491674 0.0421664 0.0658930 0.0499982 0.0537218 0.0507251 0.0413643 0.0444151 0.0574034 0.0562613 0.0448495 0.0273864 0.0598379 0.0523598 0.0506309 0.0442402 0.0422715 0.0506086 0.0207179 0.0329278 0.0406931 0.0413975 0.0468754 0.0460267 0.0484592 0.0393150 0.0387504 0.0528272 0.0653749 0.0473241 0.0448167 0.0446091 0.0396383 0.0533541 0.0416497 0.0555389 0.0197644 0.0380399 0.0565865 0.0411324 0.0385635 0.0405858 0.0483889 0.0451934 0.0504580 0.0484681 0.0403422 0.0440521 0.0471911 0.0650520 0.0442897 0.0504833 0.0634218 0.0406280 0.0384387 0.0549232 0.0502975 0.0420204 0.0505663 0.0579036 0.0467908 0.0400200 0.0394559 0.0495676 0.0465756 0.0467987 0.0559430 0.0397674 0.0521578 0.0422660 0.0438486 0.0396346 0.0487621 0.0234013 0.0536306 0.0426183 0.0527151 0.0416685 0.0462783 0.0445093 0.0396610 0.0415082 0.0399035 0.0469638 0.0403900 0.0615300 0.0542116 0.0440922 0.0405972 0.0556445 0.0628241 0.0487794 0.0512999 0.0381019 0.0418399 0.0425828 0.0418543 0.0405727 0.0430259 0.0484022 0.0488364 0.0476518 0.0596977 0.0414770 0.0471324 0.0541470 0.0530912 0.0411769 0.0724396 0.0413529 0.0466696 0.0416970 0.0532444 0.0497746 0.0626806 0.0387561 0.0378346 0.0394727 0.0411056 0.0587545 0.0406765 0.0542211 0.0523180 0.0482341 0.0505471 0.1088537 0.1067254 0.0496800 0.0549192 0.0534520 0.0467760 0.0415471 0.0518532 
I0196_523_Musophagidae_Corythaeola_cristata               0.0216451 0.0345178 0.0313298 0.0299814 0.0350304 0.0304420 0.0384695 0.0144837 0.0506971 0.0430348 0.0000000 0.0353145 0.0349077 0.0372323 0.0374347 0.0256377 0.0171469 0.0380767 0.0201602 0.0367501 0.0230322 0.0369050 0.0225129 0.0220652 0.0197064 0.0308283 0.0219323 0.0423421 0.0408022 0.0425576 0.0230836 0.0371269 0.0366591 0.0347000 0.0352169 0.0399428 0.0342772 0.0442090 0.0373034 0.0506461 0.0376657 0.0352105 0.0552833 0.0549848 0.0544664 0.0389892 0.0426241 0.0345856 0.0324273 0.0277405 0.0361137 0.0366462 0.0209583 0.0319324 0.0347993 0.0363408 0.0302186 0.0271246 0.0224836 0.0367947 0.0327787 0.0243360 0.0517615 0.0355764 0.0373706 0.0331002 0.0217913 0.0262603 0.0417448 0.0380373 0.0279988 0.0397023 0.0411927 0.0369406 0.0361407 0.0272124 0.0248648 0.0355211 0.0428756 0.0218445 0.0220698 0.0229045 0.0304418 0.0360022 0.0396406 0.0204509 0.0195300 0.0370158 0.0499450 0.0312791 0.0288367 0.0262646 0.0195501 0.0354720 0.0284347 0.0375973 0.0414707 0.0201575 0.0390040 0.0228988 0.0209252 0.0213069 0.0334861 0.0340203 0.0372408 0.0334591 0.0220723 0.0265540 0.0316004 0.0498660 0.0252354 0.0323848 0.0482765 0.0220409 0.0195550 0.0385388 0.0337963 0.0224646 0.0367282 0.0400917 0.0305743 0.0205392 0.0200887 0.0349568 0.0298213 0.0307154 0.0378006 0.0215429 0.0413600 0.0244309 0.0270095 0.0197279 0.0327539 0.0467367 0.0371401 0.0254194 0.0378159 0.0239926 0.0291663 0.0285248 0.0197420 0.0232734 0.0198261 0.0316035 0.0225713 0.0465371 0.0388486 0.0288579 0.0214521 0.0403012 0.0443347 0.0333578 0.0357384 0.0184757 0.0236685 0.0245780 0.0230873 0.0229929 0.0246979 0.0307418 0.0328523 0.0318847 0.0436732 0.0243649 0.0316939 0.0384990 0.0375585 0.0237865 0.0572316 0.0237106 0.0295889 0.0243721 0.0372969 0.0353583 0.0462040 0.0196777 0.0208756 0.0208807 0.0240822 0.0409258 0.0226801 0.0402904 0.0382979 0.0341055 0.0353355 0.0982205 0.0945540 0.0353514 0.0417635 0.0402419 0.0308989 0.0284413 0.0363431 
I0197_832_Corvidae_Corvus_albus                           0.0316422 0.0414668 0.0407902 0.0391465 0.0283196 0.0392307 0.0444504 0.0349474 0.0568042 0.0488825 0.0353145 0.0000000 0.0424182 0.0457248 0.0302925 0.0355331 0.0272958 0.0299901 0.0304880 0.0298059 0.0331069 0.0310573 0.0309409 0.0327176 0.0307447 0.0400039 0.0322562 0.0476983 0.0184561 0.0212775 0.0325050 0.0290231 0.0284275 0.0433069 0.0433155 0.0190787 0.0284646 0.0518476 0.0282462 0.0584208 0.0297865 0.0267342 0.0635570 0.0617628 0.0612043 0.0176771 0.0491847 0.0426676 0.0422347 0.0363366 0.0300920 0.0290317 0.0314635 0.0396958 0.0265634 0.0293258 0.0405259 0.0367269 0.0330301 0.0296389 0.0412525 0.0332997 0.0588996 0.0275823 0.0456316 0.0430942 0.0321988 0.0356491 0.0502550 0.0487749 0.0367573 0.0444357 0.0502870 0.0306244 0.0277714 0.0368913 0.0335447 0.0271209 0.0493533 0.0281564 0.0313690 0.0332477 0.0373297 0.0445653 0.0475888 0.0305222 0.0304337 0.0448257 0.0570488 0.0395897 0.0364978 0.0361852 0.0311512 0.0451181 0.0366371 0.0466949 0.0470808 0.0310214 0.0482516 0.0330573 0.0305603 0.0326882 0.0408471 0.0414390 0.0447302 0.0412725 0.0325241 0.0357272 0.0383149 0.0571341 0.0359913 0.0424218 0.0549427 0.0327785 0.0301008 0.0320650 0.0437728 0.0331628 0.0206603 0.0485007 0.0379775 0.0310652 0.0311658 0.0296654 0.0388576 0.0376356 0.0470451 0.0314098 0.0480711 0.0344707 0.0353342 0.0311682 0.0413562 0.0502866 0.0454870 0.0352729 0.0323194 0.0336818 0.0392166 0.0367078 0.0312029 0.0332480 0.0314135 0.0401259 0.0323055 0.0525934 0.0466194 0.0374660 0.0323504 0.0475952 0.0523927 0.0198777 0.0273633 0.0295444 0.0331052 0.0338332 0.0332183 0.0332759 0.0350549 0.0404883 0.0428068 0.0392802 0.0513150 0.0336508 0.0395091 0.0321764 0.0294117 0.0336213 0.0650328 0.0337203 0.0382178 0.0348040 0.0312693 0.0191369 0.0541235 0.0307645 0.0298643 0.0320851 0.0332218 0.0489038 0.0330575 0.0189802 0.0176615 0.0088164 0.0285471 0.1031289 0.1001918 0.0193691 0.0202974 0.0179141 0.0387863 0.0364103 0.0305018 
I0198_937_Bucerotidae_Tockus_camurus                      0.0316763 0.0382702 0.0394494 0.0389528 0.0428595 0.0385040 0.0436589 0.0338337 0.0528761 0.0466749 0.0349077 0.0424182 0.0000000 0.0416522 0.0463118 0.0353578 0.0269219 0.0452236 0.0306420 0.0440119 0.0331729 0.0450126 0.0314030 0.0325751 0.0311672 0.0394911 0.0322797 0.0468148 0.0483723 0.0496959 0.0325527 0.0437812 0.0449314 0.0433874 0.0439461 0.0470713 0.0429321 0.0530573 0.0448792 0.0601128 0.0453598 0.0428517 0.0650019 0.0639332 0.0633152 0.0469935 0.0451665 0.0407120 0.0413867 0.0363070 0.0438018 0.0443151 0.0317313 0.0407328 0.0425076 0.0442676 0.0400369 0.0382883 0.0342214 0.0447277 0.0419149 0.0339354 0.0604962 0.0427899 0.0471492 0.0434065 0.0333351 0.0363004 0.0511247 0.0485839 0.0370560 0.0438916 0.0515211 0.0450890 0.0435946 0.0375118 0.0341806 0.0435075 0.0475044 0.0281817 0.0317809 0.0334766 0.0394088 0.0420650 0.0454253 0.0311912 0.0295191 0.0460378 0.0585680 0.0400036 0.0372756 0.0376293 0.0317116 0.0459647 0.0349843 0.0483200 0.0466460 0.0305254 0.0495816 0.0338605 0.0307636 0.0330178 0.0420534 0.0402557 0.0455575 0.0413308 0.0327993 0.0358695 0.0401305 0.0583033 0.0365393 0.0434436 0.0576207 0.0336197 0.0307395 0.0466870 0.0436276 0.0337616 0.0444638 0.0498572 0.0399715 0.0311972 0.0319451 0.0431981 0.0383800 0.0388275 0.0492991 0.0323871 0.0442340 0.0347120 0.0360678 0.0315307 0.0420584 0.0485994 0.0467045 0.0359533 0.0460151 0.0337303 0.0381750 0.0371715 0.0313428 0.0339451 0.0316800 0.0397846 0.0328384 0.0550245 0.0482087 0.0374993 0.0332243 0.0494744 0.0548462 0.0412063 0.0433625 0.0291122 0.0336810 0.0350431 0.0341624 0.0328653 0.0349727 0.0411426 0.0424274 0.0399383 0.0526486 0.0344698 0.0399902 0.0471665 0.0451314 0.0334498 0.0660605 0.0347855 0.0384862 0.0340276 0.0469319 0.0432685 0.0556957 0.0310501 0.0305486 0.0317703 0.0329641 0.0511995 0.0324099 0.0474601 0.0460870 0.0421476 0.0438657 0.1031074 0.0996039 0.0432555 0.0494681 0.0475720 0.0400513 0.0157223 0.0448729 
I0199_955_Meropidae_Merops_muelleri                       0.0338138 0.0373597 0.0409319 0.0429825 0.0454987 0.0402063 0.0450452 0.0361666 0.0489551 0.0495527 0.0372323 0.0457248 0.0416522 0.0000000 0.0472939 0.0384617 0.0293010 0.0454124 0.0339145 0.0456017 0.0357133 0.0478417 0.0341786 0.0351373 0.0333152 0.0427869 0.0344626 0.0484371 0.0499915 0.0502221 0.0354524 0.0453245 0.0452611 0.0461931 0.0468611 0.0495502 0.0452835 0.0543329 0.0456491 0.0605323 0.0468473 0.0437304 0.0646113 0.0653260 0.0648609 0.0483684 0.0502073 0.0404041 0.0446098 0.0387867 0.0459099 0.0453454 0.0339268 0.0423472 0.0436545 0.0459045 0.0434796 0.0400878 0.0360886 0.0451437 0.0456073 0.0364734 0.0610232 0.0434117 0.0470460 0.0438462 0.0355107 0.0392040 0.0507151 0.0502182 0.0389675 0.0459463 0.0549350 0.0471172 0.0442846 0.0396626 0.0369049 0.0445127 0.0487220 0.0288759 0.0342184 0.0352012 0.0416104 0.0435786 0.0434295 0.0343327 0.0323760 0.0491014 0.0593751 0.0427774 0.0398247 0.0390395 0.0336684 0.0466517 0.0330220 0.0485778 0.0481240 0.0329397 0.0493708 0.0359401 0.0329254 0.0350451 0.0432335 0.0364266 0.0478888 0.0437813 0.0347730 0.0398747 0.0423899 0.0592372 0.0382373 0.0446939 0.0581284 0.0361239 0.0333181 0.0488709 0.0457879 0.0355928 0.0463594 0.0533952 0.0414117 0.0340531 0.0338140 0.0452462 0.0413230 0.0412539 0.0516736 0.0350602 0.0491788 0.0369505 0.0385439 0.0335042 0.0436023 0.0507978 0.0495505 0.0387430 0.0484712 0.0367436 0.0410691 0.0410577 0.0333384 0.0356861 0.0334968 0.0426054 0.0348610 0.0566531 0.0499667 0.0404176 0.0351676 0.0509826 0.0586396 0.0442922 0.0444365 0.0321200 0.0364292 0.0380588 0.0359476 0.0357062 0.0374825 0.0444175 0.0452802 0.0427002 0.0534085 0.0365582 0.0422184 0.0483994 0.0462623 0.0357225 0.0667115 0.0365355 0.0414960 0.0370526 0.0481484 0.0456533 0.0560859 0.0337681 0.0329432 0.0342264 0.0354086 0.0528520 0.0355407 0.0480158 0.0483207 0.0437818 0.0449555 0.1113373 0.1068149 0.0456050 0.0499450 0.0479577 0.0421034 0.0364525 0.0453288 
I0200_988_Furnariidae_Furnarius_rufus                     0.0344798 0.0446522 0.0430952 0.0414676 0.0267358 0.0414867 0.0492716 0.0377471 0.0583864 0.0528562 0.0374347 0.0302925 0.0463118 0.0472939 0.0000000 0.0387828 0.0295554 0.0248068 0.0334234 0.0250117 0.0359238 0.0220847 0.0339084 0.0357869 0.0330497 0.0410262 0.0352324 0.0524037 0.0342863 0.0359349 0.0358334 0.0243769 0.0246668 0.0446577 0.0461146 0.0349054 0.0127909 0.0536426 0.0242983 0.0589759 0.0252368 0.0220936 0.0656212 0.0645425 0.0647046 0.0338524 0.0521448 0.0453086 0.0448950 0.0384566 0.0206612 0.0240758 0.0344731 0.0410625 0.0219952 0.0120187 0.0413671 0.0385400 0.0356891 0.0239121 0.0440755 0.0365826 0.0601401 0.0233520 0.0469572 0.0442421 0.0347819 0.0381039 0.0514668 0.0494762 0.0391122 0.0502867 0.0532212 0.0218537 0.0236178 0.0388199 0.0368517 0.0231479 0.0522814 0.0299913 0.0351489 0.0359660 0.0404358 0.0462384 0.0490633 0.0336332 0.0328962 0.0475562 0.0587813 0.0424758 0.0389183 0.0388681 0.0336518 0.0463778 0.0392653 0.0489046 0.0513025 0.0342800 0.0499908 0.0362985 0.0331057 0.0350017 0.0443432 0.0447083 0.0473338 0.0442156 0.0357352 0.0389412 0.0408689 0.0573415 0.0383069 0.0439703 0.0569097 0.0353795 0.0326970 0.0236233 0.0451821 0.0359158 0.0311058 0.0518660 0.0398690 0.0337344 0.0331777 0.0263213 0.0416687 0.0397167 0.0503570 0.0347825 0.0504290 0.0371465 0.0374897 0.0330938 0.0444988 0.0557135 0.0488279 0.0379258 0.0297156 0.0369938 0.0412067 0.0403841 0.0330663 0.0359441 0.0334749 0.0424674 0.0356263 0.0551930 0.0503202 0.0411410 0.0346382 0.0506413 0.0572653 0.0295377 0.0227109 0.0318756 0.0359309 0.0367767 0.0363728 0.0362063 0.0382700 0.0438734 0.0463467 0.0415854 0.0528924 0.0373013 0.0417767 0.0224753 0.0244156 0.0363830 0.0661759 0.0361729 0.0407797 0.0378165 0.0270448 0.0309154 0.0551812 0.0336314 0.0321341 0.0344342 0.0357743 0.0525316 0.0352740 0.0340818 0.0336337 0.0288767 0.0258573 0.1073292 0.1041223 0.0311109 0.0356554 0.0341228 0.0426125 0.0395777 0.0334444 
I0201_999_Scolopacidae_Tringa_solitaria                   0.0226349 0.0332007 0.0329944 0.0301572 0.0356529 0.0315223 0.0385551 0.0265725 0.0507525 0.0435029 0.0256377 0.0355331 0.0353578 0.0384617 0.0387828 0.0000000 0.0178866 0.0392105 0.0210967 0.0381037 0.0183937 0.0385349 0.0225402 0.0187439 0.0210201 0.0310890 0.0190322 0.0426980 0.0417204 0.0431081 0.0234198 0.0374297 0.0370430 0.0340731 0.0349659 0.0403064 0.0361857 0.0440335 0.0376733 0.0502075 0.0384961 0.0354717 0.0568584 0.0569291 0.0555706 0.0392021 0.0430299 0.0344807 0.0334655 0.0281794 0.0374800 0.0370144 0.0224306 0.0323311 0.0355820 0.0380181 0.0313729 0.0279607 0.0238986 0.0381232 0.0336035 0.0252198 0.0513757 0.0360477 0.0373853 0.0337071 0.0232633 0.0266763 0.0431338 0.0395095 0.0285946 0.0395546 0.0426821 0.0385445 0.0371269 0.0285962 0.0252731 0.0360078 0.0436083 0.0215592 0.0227403 0.0183711 0.0310223 0.0358365 0.0400851 0.0213902 0.0208642 0.0369071 0.0494620 0.0206156 0.0288030 0.0271683 0.0214439 0.0367620 0.0288535 0.0385116 0.0423251 0.0210574 0.0398712 0.0198002 0.0215542 0.0230843 0.0340146 0.0352893 0.0374964 0.0344343 0.0192164 0.0278537 0.0312051 0.0492315 0.0260813 0.0340728 0.0476019 0.0235927 0.0207125 0.0407536 0.0344656 0.0230932 0.0372518 0.0410366 0.0302103 0.0216167 0.0216764 0.0359247 0.0298495 0.0302863 0.0391666 0.0223004 0.0422275 0.0199836 0.0276850 0.0214457 0.0331708 0.0463537 0.0379799 0.0265886 0.0384066 0.0202488 0.0193679 0.0284174 0.0213483 0.0239312 0.0217159 0.0317738 0.0177958 0.0422487 0.0403226 0.0280680 0.0230789 0.0418340 0.0459452 0.0342055 0.0361256 0.0195397 0.0233227 0.0248749 0.0245398 0.0247110 0.0257707 0.0315522 0.0350279 0.0326757 0.0436861 0.0079942 0.0316657 0.0404928 0.0386060 0.0084837 0.0579404 0.0244139 0.0300989 0.0255748 0.0390369 0.0358139 0.0458932 0.0210128 0.0219551 0.0219306 0.0243593 0.0419495 0.0241689 0.0407132 0.0385284 0.0346719 0.0355316 0.0983957 0.0954376 0.0356553 0.0425458 0.0398788 0.0195155 0.0288746 0.0364740 
I0202_1066_Cathartidae_Cathartes_burrovianus              0.0132595 0.0257633 0.0233080 0.0220710 0.0262180 0.0220518 0.0305057 0.0174201 0.0416573 0.0347186 0.0171469 0.0272958 0.0269219 0.0293010 0.0295554 0.0178866 0.0000000 0.0296733 0.0124753 0.0280056 0.0149718 0.0288736 0.0136073 0.0137292 0.0116847 0.0189979 0.0139421 0.0341374 0.0323325 0.0344329 0.0143697 0.0278037 0.0282980 0.0272450 0.0278986 0.0316932 0.0264572 0.0366358 0.0285162 0.0435005 0.0296684 0.0263554 0.0489664 0.0483525 0.0474834 0.0311305 0.0355111 0.0265917 0.0263758 0.0186559 0.0282273 0.0277606 0.0128064 0.0232268 0.0259509 0.0280370 0.0203200 0.0189512 0.0145623 0.0282853 0.0257456 0.0150738 0.0445236 0.0267383 0.0298053 0.0253839 0.0144231 0.0185320 0.0358452 0.0310035 0.0195793 0.0311404 0.0337732 0.0285321 0.0274001 0.0201087 0.0151358 0.0269846 0.0353952 0.0142863 0.0132039 0.0149783 0.0220963 0.0287867 0.0325994 0.0122909 0.0031435 0.0296928 0.0419421 0.0230962 0.0204037 0.0189569 0.0115572 0.0285311 0.0203157 0.0301428 0.0336206 0.0121407 0.0314080 0.0146669 0.0119499 0.0134209 0.0249584 0.0261116 0.0295230 0.0254159 0.0140114 0.0188770 0.0230693 0.0416766 0.0170789 0.0248039 0.0402230 0.0148671 0.0115350 0.0303234 0.0267564 0.0153646 0.0284300 0.0323280 0.0223209 0.0123122 0.0127164 0.0263966 0.0219943 0.0213950 0.0306640 0.0134348 0.0337038 0.0162064 0.0190577 0.0121805 0.0246656 0.0381690 0.0294473 0.0174020 0.0297195 0.0158575 0.0215401 0.0205369 0.0120106 0.0154126 0.0124395 0.0237395 0.0144858 0.0388435 0.0312433 0.0205852 0.0138392 0.0318890 0.0372845 0.0249372 0.0267639 0.0101956 0.0150919 0.0168376 0.0153658 0.0148043 0.0169874 0.0238091 0.0263947 0.0236783 0.0370425 0.0163064 0.0245213 0.0302612 0.0285176 0.0156455 0.0503677 0.0161267 0.0183678 0.0171569 0.0297023 0.0273154 0.0392426 0.0120772 0.0126635 0.0122700 0.0155763 0.0331501 0.0143274 0.0322549 0.0302737 0.0262295 0.0268898 0.0885935 0.0871495 0.0274235 0.0339187 0.0320144 0.0227147 0.0200635 0.0279816 
I0203_1087_Tyrannidae_Hymenops_perspicillatus             0.0345850 0.0438124 0.0422030 0.0416673 0.0271138 0.0402680 0.0494265 0.0372975 0.0573598 0.0532836 0.0380767 0.0299901 0.0452236 0.0454124 0.0248068 0.0392105 0.0296733 0.0000000 0.0333580 0.0079821 0.0351101 0.0258669 0.0335480 0.0356055 0.0330802 0.0419735 0.0348313 0.0528113 0.0338237 0.0336727 0.0357073 0.0140809 0.0139401 0.0453928 0.0460009 0.0345671 0.0235051 0.0541038 0.0132281 0.0597146 0.0131193 0.0134794 0.0666919 0.0655179 0.0657999 0.0327194 0.0522582 0.0452795 0.0450673 0.0384287 0.0249068 0.0134233 0.0344376 0.0416461 0.0127358 0.0246601 0.0416831 0.0391879 0.0358154 0.0059410 0.0444397 0.0362424 0.0601520 0.0120194 0.0479075 0.0449767 0.0354913 0.0383103 0.0518201 0.0499829 0.0393150 0.0496180 0.0544064 0.0254483 0.0130923 0.0397290 0.0367159 0.0126324 0.0524991 0.0307059 0.0351403 0.0357044 0.0399054 0.0466899 0.0490784 0.0333972 0.0325406 0.0469781 0.0589909 0.0420504 0.0388762 0.0394696 0.0339381 0.0467842 0.0393305 0.0487789 0.0511146 0.0334664 0.0505809 0.0361363 0.0333163 0.0350673 0.0440063 0.0439226 0.0471654 0.0437323 0.0359586 0.0393429 0.0411523 0.0580142 0.0382050 0.0446027 0.0568742 0.0358069 0.0329458 0.0272009 0.0443422 0.0363194 0.0317239 0.0526159 0.0400347 0.0336807 0.0335426 0.0268485 0.0407828 0.0400327 0.0509327 0.0345821 0.0505895 0.0370598 0.0375386 0.0333940 0.0443728 0.0556132 0.0485115 0.0376659 0.0295857 0.0355721 0.0416652 0.0406590 0.0339420 0.0361870 0.0333723 0.0425668 0.0352214 0.0549401 0.0502362 0.0411296 0.0351774 0.0510802 0.0585631 0.0281973 0.0138867 0.0321215 0.0354509 0.0373708 0.0359827 0.0360078 0.0373853 0.0439414 0.0456947 0.0418067 0.0539724 0.0375755 0.0417577 0.0260915 0.0075874 0.0367749 0.0681946 0.0366985 0.0409650 0.0376157 0.0267241 0.0298469 0.0553820 0.0336720 0.0321829 0.0343591 0.0357770 0.0531982 0.0354042 0.0334424 0.0327344 0.0287132 0.0256587 0.1076541 0.1049230 0.0300673 0.0349833 0.0336367 0.0425255 0.0394659 0.0340696 
I0204_1174_Threskiornithidae_Harpiprion_caerulescens      0.0172150 0.0296489 0.0274359 0.0246321 0.0309920 0.0264016 0.0338304 0.0200398 0.0461968 0.0390209 0.0201602 0.0304880 0.0306420 0.0339145 0.0334234 0.0210967 0.0124753 0.0333580 0.0000000 0.0325116 0.0176502 0.0333070 0.0168451 0.0171965 0.0130550 0.0255826 0.0169184 0.0376344 0.0364942 0.0381454 0.0183890 0.0318692 0.0320439 0.0290846 0.0301006 0.0353169 0.0310570 0.0393251 0.0326059 0.0460459 0.0333773 0.0303134 0.0530913 0.0514757 0.0510145 0.0347992 0.0379236 0.0306541 0.0284889 0.0229625 0.0320211 0.0318897 0.0142641 0.0267308 0.0300267 0.0322755 0.0258552 0.0216975 0.0154816 0.0323245 0.0281770 0.0197646 0.0468744 0.0306626 0.0329313 0.0281186 0.0156374 0.0205503 0.0380253 0.0347047 0.0225410 0.0348390 0.0369680 0.0330181 0.0313185 0.0228292 0.0197758 0.0306076 0.0387891 0.0173665 0.0172668 0.0179128 0.0251192 0.0315894 0.0354478 0.0133601 0.0148337 0.0322525 0.0454757 0.0262154 0.0239561 0.0212578 0.0133676 0.0317302 0.0236012 0.0335619 0.0370853 0.0145697 0.0353569 0.0177642 0.0160987 0.0152695 0.0279598 0.0303494 0.0321961 0.0281381 0.0171461 0.0211956 0.0258418 0.0452359 0.0186987 0.0275006 0.0435228 0.0178631 0.0125797 0.0354507 0.0293611 0.0161102 0.0314808 0.0356641 0.0257863 0.0143219 0.0139890 0.0307387 0.0240375 0.0252107 0.0336743 0.0144664 0.0371091 0.0190529 0.0221984 0.0134086 0.0279656 0.0414844 0.0329020 0.0198173 0.0335921 0.0187510 0.0245226 0.0233357 0.0134244 0.0183365 0.0136661 0.0269335 0.0170799 0.0421315 0.0349463 0.0235761 0.0151053 0.0355268 0.0406012 0.0287384 0.0308057 0.0116130 0.0160897 0.0193664 0.0166363 0.0189261 0.0196212 0.0267772 0.0287985 0.0272412 0.0389726 0.0190260 0.0275120 0.0350497 0.0325524 0.0182680 0.0540356 0.0189764 0.0244243 0.0197380 0.0340894 0.0306012 0.0416641 0.0136675 0.0163097 0.0140918 0.0191614 0.0365142 0.0185445 0.0359660 0.0335632 0.0294344 0.0309321 0.0937653 0.0912097 0.0307336 0.0373894 0.0353349 0.0255626 0.0237413 0.0320336 
I0205_1183_Tyrannidae_Hirundinea_ferruginea               0.0335288 0.0435182 0.0406861 0.0404525 0.0262545 0.0391835 0.0483537 0.0360589 0.0577660 0.0526749 0.0367501 0.0298059 0.0440119 0.0456017 0.0250117 0.0381037 0.0280056 0.0079821 0.0325116 0.0000000 0.0342346 0.0256987 0.0320855 0.0342197 0.0322645 0.0407048 0.0334050 0.0520872 0.0335934 0.0333598 0.0350183 0.0132468 0.0136484 0.0445569 0.0454749 0.0345381 0.0231884 0.0523536 0.0129467 0.0569967 0.0125460 0.0127275 0.0649488 0.0639262 0.0643268 0.0318630 0.0511194 0.0449456 0.0444732 0.0378986 0.0246925 0.0126985 0.0334819 0.0408707 0.0125002 0.0241299 0.0400797 0.0383351 0.0347495 0.0071288 0.0435157 0.0355583 0.0576901 0.0118083 0.0453482 0.0425707 0.0344648 0.0372984 0.0499425 0.0489043 0.0383632 0.0483908 0.0530851 0.0252197 0.0121565 0.0383850 0.0359474 0.0120125 0.0522167 0.0297498 0.0340849 0.0348950 0.0392741 0.0453246 0.0485609 0.0327541 0.0310046 0.0461572 0.0564295 0.0411994 0.0378628 0.0382999 0.0326110 0.0448972 0.0386787 0.0461718 0.0501631 0.0322546 0.0482971 0.0348016 0.0326701 0.0336567 0.0428735 0.0430051 0.0463196 0.0430128 0.0347733 0.0383701 0.0402412 0.0562240 0.0373391 0.0425078 0.0543686 0.0343773 0.0319552 0.0268846 0.0436648 0.0351292 0.0303974 0.0512064 0.0393930 0.0327064 0.0321672 0.0262157 0.0400047 0.0393919 0.0498437 0.0333389 0.0495418 0.0361361 0.0372908 0.0324136 0.0434554 0.0550540 0.0474562 0.0368848 0.0298350 0.0348727 0.0410250 0.0391904 0.0323308 0.0348782 0.0322452 0.0413486 0.0339561 0.0534919 0.0497760 0.0397370 0.0335837 0.0501224 0.0565627 0.0277675 0.0133960 0.0306498 0.0347505 0.0353495 0.0351707 0.0350791 0.0360348 0.0431468 0.0455780 0.0407183 0.0521503 0.0365588 0.0404624 0.0255617 0.0078968 0.0357856 0.0668700 0.0354553 0.0391059 0.0361592 0.0263917 0.0291668 0.0531905 0.0325080 0.0314049 0.0330709 0.0346111 0.0514192 0.0347838 0.0331931 0.0329374 0.0276629 0.0248938 0.1069619 0.1038499 0.0296199 0.0344462 0.0332946 0.0410379 0.0385809 0.0329145 
