35
Burramyidae_Burramys_parvus                  0.0000000 0.0699929 0.0506643 0.0519495 0.0514732 0.0631371 0.0301662 0.0399999 0.0493872 0.0700719 0.0361328 0.0573810 0.0614642 0.0401441 0.0534383 0.0471216 0.0638819 0.0647381 0.0663160 0.0478485 0.0523633 0.0846276 0.0776384 0.0601528 0.0480004 0.0620646 0.0302947 0.0467510 0.0377102 0.0450371 0.0378114 0.0579814 0.0653533 0.0737344 0.0779803 
Notoryctidae_Notoryctes_typhlops             0.0699929 0.0000000 0.0836015 0.0914684 0.0916278 0.0874458 0.0699542 0.0807432 0.0891206 0.0941913 0.0733615 0.0843949 0.0858205 0.0788679 0.0930757 0.0777961 0.0909908 0.0856648 0.0876912 0.0871465 0.0884843 0.1004235 0.0969606 0.0838053 0.0907838 0.0834101 0.0672410 0.0885217 0.0732201 0.0847841 0.0758841 0.0810865 0.0887657 0.0920589 0.1391950 
Vombatidae_Lasiorhinus_latifrons             0.0506643 0.0836015 0.0000000 0.0682048 0.0674453 0.0700640 0.0452529 0.0549494 0.0655944 0.0782674 0.0503952 0.0624065 0.0670627 0.0534705 0.0690847 0.0423258 0.0715696 0.0726727 0.0701149 0.0655637 0.0645094 0.0925077 0.0847121 0.0653833 0.0669123 0.0689762 0.0405902 0.0655486 0.0541226 0.0588630 0.0497432 0.0548070 0.0704358 0.0787862 0.1079492 
Potoroidae_Bettongia_penicillata             0.0519495 0.0914684 0.0682048 0.0000000 0.0057615 0.0773319 0.0480161 0.0556845 0.0153820 0.0879846 0.0505967 0.0695927 0.0751479 0.0547335 0.0718779 0.0565082 0.0770967 0.0818645 0.0863722 0.0189017 0.0646626 0.0936193 0.0885490 0.0719561 0.0318507 0.0805576 0.0429483 0.0207151 0.0510497 0.0586506 0.0518133 0.0709949 0.0773015 0.0932979 0.0994621 
Potoroidae_Bettongia_lesueur                 0.0514732 0.0916278 0.0674453 0.0057615 0.0000000 0.0787823 0.0471654 0.0544306 0.0150143 0.0892180 0.0501987 0.0710609 0.0765313 0.0535019 0.0698932 0.0594909 0.0792119 0.0840711 0.0858684 0.0193016 0.0652052 0.0947646 0.0897018 0.0733948 0.0318915 0.0804951 0.0438611 0.0207432 0.0510267 0.0586463 0.0505946 0.0732713 0.0788027 0.0948348 0.1012515 
Dasyuridae_Dasyurus_maculatus                0.0631371 0.0874458 0.0700640 0.0773319 0.0787823 0.0000000 0.0534303 0.0637436 0.0769653 0.0801537 0.0602206 0.0150283 0.0211258 0.0641894 0.0854199 0.0144841 0.0076728 0.0249746 0.0748667 0.0750077 0.0787818 0.0908548 0.0822618 0.0164618 0.0783236 0.0726074 0.0575260 0.0765741 0.0675360 0.0762570 0.0605627 0.0663327 0.0050723 0.0809493 0.1181259 
Phalangeridae_Trichosurus_vulpecula          0.0301662 0.0699542 0.0452529 0.0480161 0.0471654 0.0534303 0.0000000 0.0165540 0.0448027 0.0642491 0.0125572 0.0504601 0.0537240 0.0158935 0.0470477 0.0396523 0.0547801 0.0567603 0.0607158 0.0445654 0.0473365 0.0772930 0.0721560 0.0524467 0.0462081 0.0570224 0.0303202 0.0439774 0.0332907 0.0393890 0.0127775 0.0498043 0.0557390 0.0681325 0.0741811 
Phalangeridae_Spilocuscus_maculatus          0.0399999 0.0807432 0.0549494 0.0556845 0.0544306 0.0637436 0.0165540 0.0000000 0.0520044 0.0716249 0.0088572 0.0601993 0.0629979 0.0106370 0.0623901 0.0438809 0.0657799 0.0684869 0.0718011 0.0510343 0.0557058 0.0857676 0.0818339 0.0608427 0.0540404 0.0667257 0.0326898 0.0522107 0.0435724 0.0497603 0.0083774 0.0551821 0.0664309 0.0781680 0.0864780 
Potoroidae_Aepyprymnus_rufescens             0.0493872 0.0891206 0.0655944 0.0153820 0.0150143 0.0769653 0.0448027 0.0520044 0.0000000 0.0891495 0.0473248 0.0692735 0.0756183 0.0511271 0.0713153 0.0546608 0.0767338 0.0815484 0.0842603 0.0157197 0.0655947 0.0938090 0.0878930 0.0715941 0.0291767 0.0756599 0.0422947 0.0186304 0.0500524 0.0578316 0.0482625 0.0708118 0.0787096 0.0910737 0.0993234 
Peramelidae_Perameles_nasuta                 0.0700719 0.0941913 0.0782674 0.0879846 0.0892180 0.0801537 0.0642491 0.0716249 0.0891495 0.0000000 0.0678029 0.0779577 0.0754565 0.0729368 0.0871210 0.0656114 0.0816975 0.0810716 0.0195981 0.0909750 0.0783989 0.1013517 0.0963330 0.0803277 0.0892248 0.0753032 0.0631601 0.0915891 0.0704008 0.0796574 0.0692628 0.0186220 0.0791787 0.0054649 0.0999873 
Phalangeridae_Strigocuscus_pelengensis       0.0361328 0.0733615 0.0503952 0.0505967 0.0501987 0.0602206 0.0125572 0.0088572 0.0473248 0.0678029 0.0000000 0.0563795 0.0590531 0.0083501 0.0572710 0.0416442 0.0619772 0.0649959 0.0673371 0.0467452 0.0529407 0.0800425 0.0753418 0.0576829 0.0484087 0.0615385 0.0310645 0.0482761 0.0407525 0.0464492 0.0054086 0.0531173 0.0633695 0.0737657 0.0821722 
Dasyuridae_Phascogale_tapoatafa              0.0573810 0.0843949 0.0624065 0.0695927 0.0710609 0.0150283 0.0504601 0.0601993 0.0692735 0.0779577 0.0563795 0.0000000 0.0195579 0.0598237 0.0788181 0.0043802 0.0168558 0.0258995 0.0707777 0.0677318 0.0744899 0.0864639 0.0785173 0.0083962 0.0724180 0.0662408 0.0483975 0.0700958 0.0638814 0.0685286 0.0567434 0.0576709 0.0180076 0.0759629 0.1055495 
Dasyuridae_Sminthopsis_macroura              0.0614642 0.0858205 0.0670627 0.0751479 0.0765313 0.0211258 0.0537240 0.0629979 0.0756183 0.0754565 0.0590531 0.0195579 0.0000000 0.0634506 0.0814246 0.0172205 0.0237574 0.0198416 0.0721503 0.0722140 0.0778713 0.0887865 0.0792990 0.0205388 0.0769033 0.0696360 0.0502231 0.0746013 0.0656012 0.0724346 0.0598697 0.0586955 0.0237045 0.0783140 0.1068354 
Phalangeridae_Phalanger_orientalis           0.0401441 0.0788679 0.0534705 0.0547335 0.0535019 0.0641894 0.0158935 0.0106370 0.0511271 0.0729368 0.0083501 0.0598237 0.0634506 0.0000000 0.0618458 0.0463531 0.0650513 0.0674055 0.0713166 0.0501998 0.0571532 0.0838213 0.0810025 0.0613258 0.0526683 0.0633210 0.0343000 0.0517694 0.0447169 0.0507561 0.0035594 0.0582141 0.0658837 0.0785551 0.0852362 
Acrobatidae_Acrobates_pygmaeus               0.0534383 0.0930757 0.0690847 0.0718779 0.0698932 0.0854199 0.0470477 0.0623901 0.0713153 0.0871210 0.0572710 0.0788181 0.0814246 0.0618458 0.0000000 0.0714352 0.0867121 0.0819816 0.0860120 0.0694069 0.0629060 0.0999028 0.0938202 0.0814956 0.0685066 0.0813940 0.0435854 0.0690680 0.0505393 0.0361100 0.0595968 0.0789613 0.0868516 0.0944312 0.0966065 
Dasyuridae_Phascogale_calura                 0.0471216 0.0777961 0.0423258 0.0565082 0.0594909 0.0144841 0.0396523 0.0438809 0.0546608 0.0656114 0.0416442 0.0043802 0.0172205 0.0463531 0.0714352 0.0000000 0.0143477 0.0284313 0.0599811 0.0556620 0.0468270 0.0633069 0.0547542 0.0096249 0.0605790 0.0524037 0.0517359 0.0586878 0.0531398 0.0573026 0.0450752 0.0630316 0.0157627 0.0626410 0.0550415 
Dasyuridae_Sarcophilus_harrisii              0.0638819 0.0909908 0.0715696 0.0770967 0.0792119 0.0076728 0.0547801 0.0657799 0.0767338 0.0816975 0.0619772 0.0168558 0.0237574 0.0650513 0.0867121 0.0143477 0.0000000 0.0278930 0.0759937 0.0751938 0.0804853 0.0934762 0.0844869 0.0183030 0.0795295 0.0731715 0.0543716 0.0767415 0.0682502 0.0760083 0.0614315 0.0635897 0.0102049 0.0835572 0.1139701 
Dasyuridae_Planigale_tenuirostris            0.0647381 0.0856648 0.0726727 0.0818645 0.0840711 0.0249746 0.0567603 0.0684869 0.0815484 0.0810716 0.0649959 0.0258995 0.0198416 0.0674055 0.0819816 0.0284313 0.0278930 0.0000000 0.0739432 0.0764802 0.0856198 0.0905292 0.0861932 0.0269556 0.0853564 0.0757696 0.0569338 0.0793059 0.0704248 0.0751754 0.0636372 0.0617029 0.0264919 0.0820747 0.1120811 
Peramelidae_Echymipera_kalubu                0.0663160 0.0876912 0.0701149 0.0863722 0.0858684 0.0748667 0.0607158 0.0718011 0.0842603 0.0195981 0.0673371 0.0707777 0.0721503 0.0713166 0.0860120 0.0599811 0.0759937 0.0739432 0.0000000 0.0855650 0.0803678 0.0989505 0.0909490 0.0744480 0.0854182 0.0755009 0.0562747 0.0844093 0.0688474 0.0763971 0.0685392 0.0114824 0.0741380 0.0183783 0.1196096 
Macropodidae_Dorcopsulus_vanheurni           0.0478485 0.0871465 0.0655637 0.0189017 0.0193016 0.0750077 0.0445654 0.0510343 0.0157197 0.0909750 0.0467452 0.0677318 0.0722140 0.0501998 0.0694069 0.0556620 0.0751938 0.0764802 0.0855650 0.0000000 0.0667313 0.0969105 0.0903043 0.0696016 0.0288287 0.0781837 0.0417390 0.0076859 0.0516508 0.0570171 0.0482922 0.0713337 0.0753948 0.0942596 0.0987077 
Pseudochiridae_Pseudochirulus_forbesi        0.0523633 0.0884843 0.0645094 0.0646626 0.0652052 0.0787818 0.0473365 0.0557058 0.0655947 0.0783989 0.0529407 0.0744899 0.0778713 0.0571532 0.0629060 0.0468270 0.0804853 0.0856198 0.0803678 0.0667313 0.0000000 0.1004185 0.0933444 0.0755940 0.0662030 0.0770875 0.0194760 0.0662511 0.0195960 0.0510069 0.0534064 0.0534980 0.0802143 0.0887829 0.0903246 
Didelphidae_Didelphis_virginiana             0.0846276 0.1004235 0.0925077 0.0936193 0.0947646 0.0908548 0.0772930 0.0857676 0.0938090 0.1013517 0.0800425 0.0864639 0.0887865 0.0838213 0.0999028 0.0633069 0.0934762 0.0905292 0.0989505 0.0969105 0.1004185 0.0000000 0.0269663 0.0908678 0.0957356 0.0857248 0.0643710 0.0936936 0.0883402 0.0915105 0.0813847 0.0822033 0.0940002 0.1050042 0.1430613 
Marmosidae_Monodelphis_domestica             0.0776384 0.0969606 0.0847121 0.0885490 0.0897018 0.0822618 0.0721560 0.0818339 0.0878930 0.0963330 0.0753418 0.0785173 0.0792990 0.0810025 0.0938202 0.0547542 0.0844869 0.0861932 0.0909490 0.0903043 0.0933444 0.0269663 0.0000000 0.0821426 0.0914746 0.0779110 0.0555076 0.0896041 0.0800446 0.0860866 0.0777428 0.0736838 0.0844785 0.0985549 0.1318382 
Dasyuridae_Antechinus_stuartii               0.0601528 0.0838053 0.0653833 0.0719561 0.0733948 0.0164618 0.0524467 0.0608427 0.0715941 0.0803277 0.0576829 0.0083962 0.0205388 0.0613258 0.0814956 0.0096249 0.0183030 0.0269556 0.0744480 0.0696016 0.0755940 0.0908678 0.0821426 0.0000000 0.0757455 0.0678039 0.0496127 0.0729946 0.0636064 0.0705722 0.0577641 0.0597637 0.0190323 0.0806298 0.1074908 
Hypsiprymnodontidae_Hypsiprymnodon_moschatus 0.0480004 0.0907838 0.0669123 0.0318507 0.0318915 0.0783236 0.0462081 0.0540404 0.0291767 0.0892248 0.0484087 0.0724180 0.0769033 0.0526683 0.0685066 0.0605790 0.0795295 0.0853564 0.0854182 0.0288287 0.0662030 0.0957356 0.0914746 0.0757455 0.0000000 0.0787787 0.0464074 0.0296186 0.0520650 0.0547370 0.0506452 0.0758249 0.0792211 0.0933530 0.0979169 
Microbiotheriidae_Dromiciops_gliroides       0.0620646 0.0834101 0.0689762 0.0805576 0.0804951 0.0726074 0.0570224 0.0667257 0.0756599 0.0753032 0.0615385 0.0662408 0.0696360 0.0633210 0.0813940 0.0524037 0.0731715 0.0757696 0.0755009 0.0781837 0.0770875 0.0857248 0.0779110 0.0678039 0.0787787 0.0000000 0.0542604 0.0786491 0.0633075 0.0744193 0.0611247 0.0655907 0.0749253 0.0812485 0.1115445 
Pseudochiridae_Petauroides_volans            0.0302947 0.0672410 0.0405902 0.0429483 0.0438611 0.0575260 0.0303202 0.0326898 0.0422947 0.0631601 0.0310645 0.0483975 0.0502231 0.0343000 0.0435854 0.0517359 0.0543716 0.0569338 0.0562747 0.0417390 0.0194760 0.0643710 0.0555076 0.0496127 0.0464074 0.0542604 0.0000000 0.0429865 0.0271955 0.0365103 0.0347729 0.0620525 0.0552349 0.0620435 0.0430828 
Macropodidae_Wallabia_bicolor                0.0467510 0.0885217 0.0655486 0.0207151 0.0207432 0.0765741 0.0439774 0.0522107 0.0186304 0.0915891 0.0482761 0.0700958 0.0746013 0.0517694 0.0690680 0.0586878 0.0767415 0.0793059 0.0844093 0.0076859 0.0662511 0.0936936 0.0896041 0.0729946 0.0296186 0.0786491 0.0429865 0.0000000 0.0517509 0.0564273 0.0498230 0.0733514 0.0768911 0.0931066 0.1008460 
Pseudochiridae_Pseudocheirus_occidentalis    0.0377102 0.0732201 0.0541226 0.0510497 0.0510267 0.0675360 0.0332907 0.0435724 0.0500524 0.0704008 0.0407525 0.0638814 0.0656012 0.0447169 0.0505393 0.0531398 0.0682502 0.0704248 0.0688474 0.0516508 0.0195960 0.0883402 0.0800446 0.0636064 0.0520650 0.0633075 0.0271955 0.0517509 0.0000000 0.0376301 0.0414364 0.0618559 0.0685770 0.0763698 0.0646265 
Acrobatidae_Distoechurus_pennatus            0.0450371 0.0847841 0.0588630 0.0586506 0.0586463 0.0762570 0.0393890 0.0497603 0.0578316 0.0796574 0.0464492 0.0685286 0.0724346 0.0507561 0.0361100 0.0573026 0.0760083 0.0751754 0.0763971 0.0570171 0.0510069 0.0915105 0.0860866 0.0705722 0.0547370 0.0744193 0.0365103 0.0564273 0.0376301 0.0000000 0.0482977 0.0692038 0.0775311 0.0847829 0.0807503 
Phalangeridae_Phalanger_carmelitae           0.0378114 0.0758841 0.0497432 0.0518133 0.0505946 0.0605627 0.0127775 0.0083774 0.0482625 0.0692628 0.0054086 0.0567434 0.0598697 0.0035594 0.0595968 0.0450752 0.0614315 0.0636372 0.0685392 0.0482922 0.0534064 0.0813847 0.0777428 0.0577641 0.0506452 0.0611247 0.0347729 0.0498230 0.0414364 0.0482977 0.0000000 0.0565269 0.0622571 0.0749022 0.0836556 
Peramelidae_Peroryctes_raffrayana            0.0579814 0.0810865 0.0548070 0.0709949 0.0732713 0.0663327 0.0498043 0.0551821 0.0708118 0.0186220 0.0531173 0.0576709 0.0586955 0.0582141 0.0789613 0.0630316 0.0635897 0.0617029 0.0114824 0.0713337 0.0534980 0.0822033 0.0736838 0.0597637 0.0758249 0.0655907 0.0620525 0.0733514 0.0618559 0.0692038 0.0565269 0.0000000 0.0639766 0.0157354 0.0647526 
Dasyuridae_Dasyurus_geffroii                 0.0653533 0.0887657 0.0704358 0.0773015 0.0788027 0.0050723 0.0557390 0.0664309 0.0787096 0.0791787 0.0633695 0.0180076 0.0237045 0.0658837 0.0868516 0.0157627 0.0102049 0.0264919 0.0741380 0.0753948 0.0802143 0.0940002 0.0844785 0.0190323 0.0792211 0.0749253 0.0552349 0.0768911 0.0685770 0.0775311 0.0622571 0.0639766 0.0000000 0.0806199 0.1163646 
Peramelidae_Perameles_gunnii                 0.0737344 0.0920589 0.0787862 0.0932979 0.0948348 0.0809493 0.0681325 0.0781680 0.0910737 0.0054649 0.0737657 0.0759629 0.0783140 0.0785551 0.0944312 0.0626410 0.0835572 0.0820747 0.0183783 0.0942596 0.0887829 0.1050042 0.0985549 0.0806298 0.0933530 0.0812485 0.0620435 0.0931066 0.0763698 0.0847829 0.0749022 0.0157354 0.0806199 0.0000000 0.1297963 
Tarsipedidae_Tarsipes_rostratus              0.0779803 0.1391950 0.1079492 0.0994621 0.1012515 0.1181259 0.0741811 0.0864780 0.0993234 0.0999873 0.0821722 0.1055495 0.1068354 0.0852362 0.0966065 0.0550415 0.1139701 0.1120811 0.1196096 0.0987077 0.0903246 0.1430613 0.1318382 0.1074908 0.0979169 0.1115445 0.0430828 0.1008460 0.0646265 0.0807503 0.0836556 0.0647526 0.1163646 0.1297963 0.0000000 
