166
I0185_86_Accipitridae_Buteo_jamaicensis                   0.0000000 0.0360029 0.0365534 0.0403710 0.0360439 0.0437663 0.0277054 0.0338930 0.0427850 0.0452112 0.0279593 0.0395373 0.0414180 0.0419372 0.0157508 0.0375697 0.0210559 0.0366430 0.0260082 0.0216156 0.0234133 0.0203156 0.0339858 0.0244300 0.0480998 0.0500249 0.0227484 0.0366220 0.0384136 0.0367686 0.0382071 0.0335041 0.0484446 0.0388655 0.0513368 0.0375371 0.0381621 0.0361628 0.0553342 0.0636264 0.0551031 0.0329721 0.0291034 0.0385261 0.0366808 0.0232799 0.0370698 0.0349248 0.0383075 0.0340207 0.0290916 0.0238130 0.0371241 0.0362137 0.0242525 0.0242816 0.0590489 0.0365097 0.0456513 0.0238351 0.0274519 0.0499016 0.0453625 0.0303557 0.0467435 0.0500504 0.0382261 0.0373145 0.0279287 0.0245338 0.0363457 0.0261830 0.0064315 0.0252761 0.0362861 0.0373857 0.0397159 0.0215793 0.0183188 0.0403673 0.0348880 0.0350905 0.0280804 0.0202965 0.0297338 0.0438830 0.0437219 0.0217679 0.0459309 0.0184356 0.0211167 0.0303778 0.0424315 0.0322525 0.0258358 0.0224561 0.0277984 0.0368633 0.0563519 0.0255528 0.0390863 0.0555603 0.0235345 0.0409467 0.0377695 0.0445481 0.0495826 0.0347699 0.0151131 0.0206504 0.0396966 0.0329383 0.0327596 0.0216604 0.0568519 0.0276046 0.0309123 0.0196480 0.0334461 0.0484347 0.0276663 0.0442292 0.0294836 0.0230745 0.0193482 0.0354419 0.0274534 0.0579129 0.0275033 0.0217195 0.0432840 0.0546755 0.0350492 0.0359892 0.0193736 0.0237235 0.0255473 0.0235694 0.0252998 0.0327799 0.0356761 0.0288509 0.0360781 0.0414205 0.0371750 0.0258371 0.0245068 0.0329351 0.0278536 0.0416358 0.0388812 0.0530294 0.0207746 0.0150201 0.0230224 0.0507294 0.0232474 0.0484448 0.0455017 0.0390686 0.0379706 0.1057253 0.1060668 0.0393098 0.0469659 0.0449461 
I0186_111_Momotidae_Momotus_lessonii                      0.0360029 0.0000000 0.0484167 0.0522107 0.0473258 0.0521585 0.0388961 0.0428372 0.0434125 0.0537171 0.0395824 0.0516152 0.0516932 0.0475160 0.0286918 0.0505224 0.0340867 0.0499029 0.0391933 0.0337007 0.0365341 0.0340832 0.0427517 0.0369218 0.0587521 0.0619611 0.0366025 0.0490613 0.0501825 0.0500379 0.0504259 0.0426113 0.0612029 0.0500220 0.0620467 0.0503799 0.0500483 0.0488954 0.0656748 0.0735495 0.0636772 0.0359277 0.0410342 0.0492998 0.0489752 0.0356729 0.0493535 0.0476327 0.0496866 0.0426746 0.0427485 0.0367711 0.0500705 0.0493421 0.0379516 0.0381699 0.0698702 0.0488335 0.0576473 0.0364035 0.0416615 0.0606695 0.0574706 0.0434502 0.0553976 0.0645337 0.0502832 0.0503476 0.0394921 0.0384724 0.0483903 0.0347565 0.0362219 0.0375340 0.0487521 0.0371336 0.0502099 0.0347920 0.0321309 0.0515213 0.0460986 0.0481523 0.0400314 0.0333325 0.0357911 0.0556976 0.0523633 0.0358891 0.0582703 0.0355574 0.0349180 0.0437254 0.0516692 0.0449127 0.0380819 0.0346551 0.0416842 0.0495376 0.0669293 0.0385940 0.0517499 0.0662436 0.0371230 0.0527792 0.0476813 0.0551193 0.0642390 0.0466299 0.0371607 0.0347523 0.0511073 0.0463800 0.0448975 0.0344047 0.0667043 0.0405207 0.0430202 0.0334215 0.0449937 0.0578849 0.0418514 0.0557049 0.0423287 0.0358720 0.0328938 0.0455413 0.0405570 0.0639905 0.0407309 0.0350072 0.0544912 0.0672087 0.0478200 0.0486677 0.0322299 0.0371251 0.0382108 0.0368664 0.0382335 0.0451002 0.0471396 0.0412991 0.0458737 0.0512093 0.0498141 0.0381371 0.0367040 0.0426971 0.0396131 0.0537227 0.0517715 0.0638733 0.0342034 0.0349431 0.0365901 0.0641782 0.0368141 0.0601438 0.0580082 0.0512350 0.0497310 0.1180802 0.1177093 0.0525581 0.0596271 0.0572982 
I0187_115_Trogonidae_Trogon_elegans                       0.0365534 0.0484167 0.0000000 0.0532643 0.0139865 0.0542008 0.0404757 0.0441950 0.0533941 0.0568055 0.0408832 0.0515216 0.0516281 0.0512558 0.0303839 0.0486598 0.0358738 0.0489823 0.0408585 0.0362857 0.0374507 0.0356767 0.0437458 0.0384890 0.0566384 0.0592422 0.0366965 0.0488154 0.0503702 0.0496007 0.0510417 0.0434930 0.0587731 0.0510545 0.0614642 0.0497681 0.0500519 0.0482597 0.0698998 0.0772929 0.0646290 0.0460106 0.0420131 0.0515406 0.0485577 0.0373995 0.0495224 0.0469475 0.0513597 0.0436775 0.0435615 0.0387520 0.0489497 0.0506402 0.0384799 0.0378579 0.0678512 0.0487062 0.0574039 0.0381891 0.0411050 0.0604256 0.0565994 0.0443309 0.0570858 0.0643817 0.0510705 0.0496912 0.0407883 0.0392799 0.0486221 0.0347998 0.0371255 0.0392304 0.0487641 0.0478830 0.0520592 0.0361920 0.0341935 0.0519206 0.0481037 0.0485025 0.0409084 0.0344902 0.0421591 0.0551332 0.0552510 0.0358465 0.0579931 0.0371492 0.0362050 0.0425000 0.0527097 0.0444070 0.0393489 0.0368520 0.0421138 0.0502308 0.0648717 0.0395455 0.0510428 0.0645028 0.0371249 0.0533964 0.0507646 0.0537527 0.0643827 0.0480277 0.0383106 0.0350725 0.0523812 0.0454668 0.0458495 0.0366345 0.0681631 0.0418757 0.0435865 0.0337752 0.0467232 0.0594098 0.0419270 0.0557656 0.0429318 0.0378129 0.0336043 0.0468217 0.0423132 0.0676701 0.0414518 0.0366000 0.0547576 0.0683877 0.0473233 0.0483868 0.0336119 0.0384335 0.0398913 0.0381235 0.0396394 0.0458506 0.0492505 0.0415135 0.0466850 0.0514503 0.0487876 0.0399738 0.0382918 0.0443643 0.0411279 0.0546609 0.0497714 0.0631529 0.0354041 0.0365654 0.0372612 0.0647549 0.0377111 0.0572024 0.0563303 0.0510913 0.0510378 0.1222809 0.1205171 0.0504581 0.0578647 0.0554850 
I0189_225_Eurylaimidae_Smithornis_rufolateralis           0.0403710 0.0522107 0.0532643 0.0000000 0.0525511 0.0577767 0.0443464 0.0478944 0.0578080 0.0601547 0.0452597 0.0353534 0.0577220 0.0591611 0.0332040 0.0317186 0.0383887 0.0309785 0.0439114 0.0378981 0.0398145 0.0381327 0.0474828 0.0427383 0.0420312 0.0443257 0.0392118 0.0301702 0.0317735 0.0527449 0.0540118 0.0468829 0.0420510 0.0320712 0.0662038 0.0313774 0.0323690 0.0295787 0.0710100 0.0789432 0.0698970 0.0507137 0.0447154 0.0317620 0.0301958 0.0412602 0.0507527 0.0287031 0.0326910 0.0470315 0.0462668 0.0419067 0.0316574 0.0520171 0.0412381 0.0416606 0.0734667 0.0306070 0.0612695 0.0410120 0.0437637 0.0665578 0.0607991 0.0464889 0.0606542 0.0679931 0.0322288 0.0308362 0.0435670 0.0414659 0.0306889 0.0393009 0.0407233 0.0427027 0.0498173 0.0540072 0.0558272 0.0384766 0.0372119 0.0547661 0.0509898 0.0501216 0.0447419 0.0391627 0.0448450 0.0598499 0.0577820 0.0390473 0.0617710 0.0407224 0.0390200 0.0453204 0.0550102 0.0472081 0.0435352 0.0400836 0.0456846 0.0508582 0.0693385 0.0427959 0.0565475 0.0703624 0.0404525 0.0344167 0.0531982 0.0387599 0.0675970 0.0484698 0.0418913 0.0380736 0.0243958 0.0485061 0.0473388 0.0386735 0.0741436 0.0445748 0.0458249 0.0384317 0.0504157 0.0623195 0.0435438 0.0282753 0.0455413 0.0403273 0.0378037 0.0494677 0.0453425 0.0690676 0.0437361 0.0394943 0.0592715 0.0713290 0.0320409 0.0300915 0.0364189 0.0410110 0.0436114 0.0416726 0.0421965 0.0485026 0.0501182 0.0452600 0.0497668 0.0333313 0.0310767 0.0428767 0.0415598 0.0465832 0.0448125 0.0257735 0.0355448 0.0670618 0.0390360 0.0401376 0.0407949 0.0664782 0.0419422 0.0417477 0.0394655 0.0338686 0.0193278 0.1209604 0.1203689 0.0356519 0.0417102 0.0396989 
I0190_295_Trogonidae_Apaloderma_aequatoriale              0.0360439 0.0473258 0.0139865 0.0525511 0.0000000 0.0534398 0.0402850 0.0431470 0.0525036 0.0560208 0.0410366 0.0510557 0.0511397 0.0512594 0.0295003 0.0482708 0.0346324 0.0483035 0.0401589 0.0360303 0.0368116 0.0351762 0.0428391 0.0385437 0.0556513 0.0585817 0.0366441 0.0481650 0.0499594 0.0497150 0.0509053 0.0426736 0.0580698 0.0504086 0.0614449 0.0495154 0.0496941 0.0471523 0.0687196 0.0752549 0.0653388 0.0449757 0.0415436 0.0507968 0.0482418 0.0365890 0.0495589 0.0460152 0.0508352 0.0431944 0.0430557 0.0375062 0.0481651 0.0503598 0.0380234 0.0377509 0.0670238 0.0482285 0.0567255 0.0370450 0.0405451 0.0599712 0.0570285 0.0434012 0.0557980 0.0646281 0.0506964 0.0495715 0.0394589 0.0388456 0.0481015 0.0343196 0.0368220 0.0387648 0.0483864 0.0461826 0.0512756 0.0356592 0.0336757 0.0514756 0.0479387 0.0480013 0.0399077 0.0342103 0.0417308 0.0554883 0.0545968 0.0350060 0.0574545 0.0357994 0.0352317 0.0420182 0.0522899 0.0435465 0.0382121 0.0367009 0.0408857 0.0498699 0.0651410 0.0386171 0.0515664 0.0646689 0.0369545 0.0525889 0.0505571 0.0537774 0.0639669 0.0468729 0.0377388 0.0348835 0.0517550 0.0458462 0.0456258 0.0359624 0.0676536 0.0414728 0.0429306 0.0337978 0.0461239 0.0583120 0.0414982 0.0550460 0.0426353 0.0371402 0.0333385 0.0466238 0.0420101 0.0662163 0.0406638 0.0360788 0.0536050 0.0690669 0.0467802 0.0477538 0.0330139 0.0377220 0.0386895 0.0374669 0.0390888 0.0453333 0.0479654 0.0411601 0.0465999 0.0509532 0.0481004 0.0393366 0.0374562 0.0435563 0.0402130 0.0536559 0.0498818 0.0632873 0.0350451 0.0357936 0.0367395 0.0648420 0.0371050 0.0565817 0.0559951 0.0504362 0.0503840 0.1215401 0.1196623 0.0504023 0.0569812 0.0550246 
I0191_344_Indicatoridae_Indicator_exilis                  0.0437663 0.0521585 0.0542008 0.0577767 0.0534398 0.0000000 0.0473641 0.0517475 0.0571200 0.0303040 0.0474238 0.0555930 0.0598083 0.0543656 0.0368462 0.0539609 0.0421235 0.0540750 0.0472814 0.0430660 0.0440148 0.0415011 0.0503255 0.0456440 0.0621650 0.0648233 0.0439777 0.0542398 0.0556032 0.0551811 0.0560947 0.0507897 0.0633182 0.0558525 0.0698237 0.0555206 0.0557662 0.0533091 0.0747535 0.0811083 0.0671331 0.0513473 0.0489599 0.0550211 0.0536034 0.0439887 0.0556226 0.0522634 0.0559750 0.0509798 0.0496826 0.0448499 0.0533727 0.0551832 0.0462512 0.0448808 0.0759954 0.0537304 0.0629007 0.0454148 0.0473945 0.0677548 0.0627285 0.0486732 0.0209906 0.0713353 0.0551717 0.0555674 0.0477275 0.0467626 0.0539055 0.0377443 0.0438187 0.0451611 0.0549721 0.0540863 0.0513366 0.0429959 0.0407531 0.0576220 0.0541250 0.0546508 0.0481613 0.0416243 0.0450206 0.0610434 0.0294831 0.0427182 0.0630061 0.0427648 0.0431634 0.0495541 0.0590964 0.0506472 0.0460979 0.0437215 0.0478285 0.0558092 0.0719579 0.0471619 0.0597467 0.0720548 0.0439222 0.0576877 0.0575520 0.0591959 0.0709525 0.0532393 0.0448376 0.0420169 0.0571246 0.0519914 0.0507117 0.0429886 0.0699208 0.0480539 0.0497337 0.0408719 0.0537488 0.0333240 0.0479847 0.0602149 0.0475739 0.0438661 0.0404005 0.0520400 0.0487600 0.0712788 0.0474621 0.0439476 0.0616727 0.0740613 0.0535512 0.0539354 0.0411124 0.0456291 0.0462016 0.0447916 0.0458623 0.0531412 0.0546530 0.0491769 0.0522567 0.0569998 0.0531640 0.0467166 0.0453031 0.0505855 0.0490978 0.0584066 0.0555818 0.0691584 0.0430792 0.0434879 0.0435874 0.0701703 0.0445358 0.0609730 0.0602252 0.0553840 0.0553636 0.1271986 0.1261593 0.0555318 0.0608888 0.0596278 
I0192_375_Musophagidae_Tauraco_macrorhynchus              0.0277054 0.0388961 0.0404757 0.0443464 0.0402850 0.0473641 0.0000000 0.0347464 0.0465383 0.0494765 0.0175836 0.0412977 0.0447476 0.0451862 0.0204904 0.0404474 0.0245016 0.0395173 0.0298876 0.0273401 0.0270578 0.0249131 0.0356320 0.0281362 0.0490070 0.0510080 0.0279914 0.0398712 0.0408963 0.0419860 0.0427817 0.0346819 0.0509213 0.0407806 0.0544052 0.0409007 0.0413750 0.0396759 0.0585111 0.0670167 0.0584149 0.0374978 0.0333043 0.0416125 0.0402420 0.0265381 0.0409215 0.0379888 0.0409822 0.0357154 0.0336359 0.0268100 0.0396009 0.0411683 0.0299306 0.0275997 0.0615152 0.0394175 0.0502729 0.0280438 0.0304514 0.0534818 0.0501136 0.0346270 0.0514983 0.0553853 0.0416005 0.0409940 0.0317220 0.0304175 0.0397893 0.0298487 0.0284085 0.0283803 0.0390755 0.0410916 0.0457873 0.0247681 0.0242790 0.0443715 0.0384391 0.0387736 0.0311232 0.0241153 0.0337412 0.0475808 0.0471552 0.0250605 0.0501547 0.0270773 0.0255899 0.0338529 0.0444015 0.0348966 0.0305514 0.0258739 0.0322669 0.0407844 0.0599699 0.0293742 0.0417290 0.0580012 0.0277773 0.0436589 0.0402195 0.0461846 0.0547519 0.0381863 0.0293931 0.0243901 0.0432875 0.0369804 0.0369474 0.0255987 0.0613408 0.0310338 0.0340852 0.0235472 0.0359772 0.0528279 0.0324537 0.0473500 0.0335224 0.0267279 0.0228958 0.0362037 0.0302468 0.0602089 0.0321056 0.0260906 0.0463725 0.0597539 0.0383067 0.0394695 0.0234748 0.0280940 0.0296896 0.0283669 0.0295265 0.0369258 0.0391131 0.0321918 0.0375512 0.0432738 0.0400830 0.0294135 0.0279196 0.0347214 0.0307911 0.0456521 0.0411481 0.0557652 0.0258329 0.0277171 0.0294626 0.0556950 0.0281230 0.0496556 0.0469452 0.0407631 0.0411418 0.1119189 0.1119891 0.0412694 0.0496550 0.0462034 
I0193_447_Columbidae_Treron_calvus                        0.0338930 0.0428372 0.0441950 0.0478944 0.0431470 0.0517475 0.0347464 0.0000000 0.0511771 0.0522490 0.0349351 0.0461567 0.0494857 0.0485751 0.0206324 0.0460026 0.0306960 0.0452684 0.0354645 0.0304196 0.0328141 0.0309643 0.0142507 0.0341243 0.0516546 0.0534090 0.0333878 0.0443734 0.0459360 0.0461477 0.0473346 0.0132915 0.0540555 0.0457667 0.0587788 0.0461878 0.0466340 0.0444393 0.0640690 0.0713914 0.0631609 0.0422040 0.0378263 0.0460412 0.0442621 0.0325682 0.0453743 0.0429842 0.0459520 0.0140659 0.0388293 0.0332906 0.0453409 0.0449377 0.0345637 0.0336857 0.0638099 0.0439530 0.0540706 0.0325925 0.0367572 0.0568449 0.0541964 0.0394891 0.0549095 0.0614308 0.0458588 0.0460924 0.0361600 0.0352311 0.0444032 0.0217222 0.0340905 0.0337153 0.0439285 0.0437252 0.0510319 0.0308720 0.0297594 0.0471468 0.0426449 0.0437723 0.0359850 0.0309014 0.0391459 0.0525523 0.0512115 0.0316310 0.0544347 0.0333508 0.0312542 0.0388951 0.0466902 0.0407233 0.0360522 0.0328880 0.0373375 0.0450357 0.0616495 0.0348828 0.0484021 0.0613537 0.0333777 0.0473203 0.0448924 0.0483031 0.0612340 0.0415336 0.0353146 0.0309096 0.0474836 0.0417083 0.0401503 0.0313097 0.0667228 0.0362280 0.0376168 0.0300608 0.0413361 0.0559090 0.0373548 0.0502006 0.0382197 0.0330306 0.0292581 0.0414323 0.0362268 0.0578436 0.0366913 0.0320605 0.0502237 0.0651546 0.0420201 0.0440685 0.0295604 0.0333667 0.0349454 0.0340961 0.0351986 0.0407132 0.0430756 0.0368679 0.0410886 0.0465377 0.0455524 0.0346835 0.0338351 0.0128403 0.0369776 0.0491530 0.0454843 0.0591347 0.0318238 0.0332677 0.0349175 0.0623124 0.0335219 0.0521210 0.0512730 0.0457134 0.0455139 0.1159023 0.1157690 0.0459707 0.0527152 0.0502552 
I0194_495_Alcedinidae_Alcedo_quadribrachys                0.0427850 0.0434125 0.0533941 0.0578080 0.0525036 0.0571200 0.0465383 0.0511771 0.0000000 0.0576084 0.0478294 0.0553784 0.0581433 0.0534180 0.0366107 0.0542440 0.0412119 0.0539346 0.0466081 0.0422552 0.0434069 0.0415231 0.0505304 0.0451022 0.0623582 0.0644118 0.0425600 0.0529861 0.0546419 0.0551469 0.0557937 0.0498385 0.0633602 0.0546929 0.0707881 0.0552133 0.0553130 0.0536196 0.0726213 0.0817499 0.0705699 0.0427452 0.0476093 0.0550162 0.0532186 0.0436818 0.0565408 0.0518495 0.0543956 0.0509605 0.0487067 0.0445431 0.0541543 0.0556786 0.0454180 0.0445563 0.0771105 0.0526160 0.0651004 0.0449565 0.0459076 0.0687643 0.0647669 0.0493363 0.0601411 0.0716569 0.0548398 0.0540051 0.0475611 0.0455936 0.0532149 0.0398576 0.0431350 0.0449924 0.0548426 0.0353604 0.0536588 0.0426660 0.0400794 0.0560988 0.0529184 0.0540308 0.0475048 0.0419826 0.0428581 0.0633433 0.0567042 0.0420404 0.0653521 0.0428497 0.0416051 0.0492166 0.0591570 0.0503359 0.0457862 0.0428071 0.0480234 0.0568103 0.0742349 0.0462738 0.0596684 0.0745657 0.0432710 0.0576075 0.0561099 0.0590376 0.0712856 0.0529424 0.0435458 0.0419067 0.0567811 0.0512861 0.0518342 0.0421072 0.0742178 0.0477118 0.0487909 0.0409997 0.0528595 0.0622748 0.0476693 0.0598486 0.0486047 0.0433386 0.0405692 0.0518240 0.0476209 0.0709163 0.0470581 0.0426935 0.0600029 0.0750961 0.0518353 0.0534526 0.0403723 0.0449268 0.0452771 0.0439826 0.0447914 0.0517682 0.0536373 0.0476064 0.0513411 0.0564464 0.0541184 0.0457452 0.0445712 0.0505250 0.0473681 0.0580748 0.0548719 0.0719229 0.0418573 0.0421171 0.0441540 0.0691290 0.0443271 0.0622378 0.0609326 0.0552335 0.0549292 0.1270011 0.1268695 0.0554813 0.0618596 0.0601879 
I0195_522_Ramphastidae_Buccanodon_duchaillui              0.0452112 0.0537171 0.0568055 0.0601547 0.0560208 0.0303040 0.0494765 0.0522490 0.0576084 0.0000000 0.0500546 0.0570890 0.0605452 0.0571735 0.0386759 0.0573981 0.0440107 0.0567098 0.0489413 0.0450225 0.0467738 0.0442785 0.0525686 0.0483952 0.0648172 0.0662061 0.0458689 0.0565421 0.0577956 0.0571038 0.0580690 0.0516131 0.0658920 0.0570755 0.0706676 0.0577261 0.0575022 0.0559731 0.0751667 0.0797468 0.0720860 0.0522635 0.0506802 0.0575028 0.0565499 0.0460135 0.0576292 0.0547958 0.0575628 0.0528435 0.0514533 0.0463474 0.0567872 0.0580825 0.0483914 0.0473749 0.0784716 0.0554359 0.0646008 0.0474494 0.0496944 0.0683126 0.0646897 0.0500138 0.0331288 0.0715184 0.0576419 0.0575236 0.0502861 0.0489650 0.0560961 0.0392960 0.0461383 0.0466426 0.0568159 0.0553344 0.0524743 0.0445447 0.0429805 0.0590165 0.0555558 0.0567814 0.0510247 0.0438326 0.0468971 0.0632947 0.0178470 0.0455350 0.0647247 0.0453851 0.0437097 0.0513509 0.0605491 0.0522490 0.0478012 0.0461200 0.0504143 0.0575376 0.0749589 0.0493998 0.0611830 0.0747863 0.0458054 0.0606944 0.0593114 0.0614608 0.0710801 0.0555568 0.0462758 0.0433783 0.0593995 0.0537698 0.0530550 0.0444749 0.0748191 0.0496836 0.0514778 0.0426490 0.0546375 0.0248957 0.0504085 0.0627556 0.0501012 0.0458028 0.0424452 0.0541044 0.0511123 0.0725121 0.0493348 0.0445673 0.0630085 0.0752730 0.0547249 0.0558820 0.0425383 0.0470943 0.0481393 0.0465489 0.0481858 0.0545267 0.0555231 0.0510330 0.0543385 0.0585090 0.0566185 0.0487942 0.0473624 0.0523571 0.0508132 0.0603759 0.0576343 0.0722440 0.0452417 0.0448776 0.0449556 0.0711287 0.0464669 0.0640219 0.0620562 0.0563701 0.0573391 0.1290521 0.1277854 0.0580604 0.0631969 0.0612067 
I0196_523_Musophagidae_Corythaeola_cristata               0.0279593 0.0395824 0.0408832 0.0452597 0.0410366 0.0474238 0.0175836 0.0349351 0.0478294 0.0500546 0.0000000 0.0432738 0.0462208 0.0454495 0.0212202 0.0413165 0.0253504 0.0407082 0.0315030 0.0274943 0.0284659 0.0263773 0.0356062 0.0292845 0.0504480 0.0521654 0.0288155 0.0411163 0.0420844 0.0425307 0.0430115 0.0344470 0.0519896 0.0416835 0.0561564 0.0420553 0.0426632 0.0409202 0.0602300 0.0671292 0.0589099 0.0381819 0.0339375 0.0420663 0.0408308 0.0284424 0.0412488 0.0393582 0.0418065 0.0356396 0.0344092 0.0287803 0.0409845 0.0418305 0.0304054 0.0290791 0.0620456 0.0405780 0.0512275 0.0287500 0.0319108 0.0551589 0.0508848 0.0350995 0.0507896 0.0556179 0.0421080 0.0421359 0.0316709 0.0307211 0.0409135 0.0299938 0.0284364 0.0297476 0.0401006 0.0423535 0.0469694 0.0259447 0.0253124 0.0446989 0.0397448 0.0387207 0.0320632 0.0249523 0.0347728 0.0486730 0.0484854 0.0267913 0.0515656 0.0284085 0.0267071 0.0345794 0.0445314 0.0357248 0.0319078 0.0273046 0.0325365 0.0409510 0.0603269 0.0303296 0.0433131 0.0584539 0.0281835 0.0442363 0.0410326 0.0466431 0.0548698 0.0390094 0.0303800 0.0254510 0.0442725 0.0383763 0.0365442 0.0272362 0.0618403 0.0323263 0.0346009 0.0243124 0.0372073 0.0527566 0.0334195 0.0481396 0.0343350 0.0274612 0.0236537 0.0377164 0.0317547 0.0594139 0.0321965 0.0275225 0.0466352 0.0602469 0.0391051 0.0403707 0.0243318 0.0287740 0.0306556 0.0290153 0.0312336 0.0372352 0.0388560 0.0338399 0.0382497 0.0437581 0.0411417 0.0306930 0.0284168 0.0344350 0.0315057 0.0459418 0.0423664 0.0567563 0.0266562 0.0282004 0.0300570 0.0565820 0.0287823 0.0515280 0.0486213 0.0422759 0.0418980 0.1144971 0.1137146 0.0427044 0.0504811 0.0478895 
I0197_832_Corvidae_Corvus_albus                           0.0395373 0.0516152 0.0515216 0.0353534 0.0510557 0.0555930 0.0412977 0.0461567 0.0553784 0.0570890 0.0432738 0.0000000 0.0558824 0.0557637 0.0322656 0.0319763 0.0368384 0.0316932 0.0414142 0.0378223 0.0388186 0.0373253 0.0464574 0.0402544 0.0255574 0.0266649 0.0383171 0.0316035 0.0332509 0.0515324 0.0525653 0.0458100 0.0253282 0.0333801 0.0632974 0.0326199 0.0333360 0.0312467 0.0705092 0.0782956 0.0669782 0.0490448 0.0431144 0.0327249 0.0313205 0.0387728 0.0497015 0.0297180 0.0334369 0.0465088 0.0448916 0.0397686 0.0317599 0.0505353 0.0395113 0.0406790 0.0698182 0.0313819 0.0592098 0.0393881 0.0416860 0.0626968 0.0598415 0.0443220 0.0579896 0.0651247 0.0331717 0.0319910 0.0423481 0.0399360 0.0312976 0.0383370 0.0396444 0.0401374 0.0488668 0.0512283 0.0549239 0.0382326 0.0359619 0.0537516 0.0492642 0.0483261 0.0434592 0.0360256 0.0442716 0.0575489 0.0551141 0.0380896 0.0594919 0.0393261 0.0373477 0.0438738 0.0541644 0.0457628 0.0416908 0.0380452 0.0432079 0.0497411 0.0671508 0.0413505 0.0543747 0.0670748 0.0392623 0.0366964 0.0514486 0.0284929 0.0652727 0.0476013 0.0400790 0.0361597 0.0359910 0.0464485 0.0455900 0.0378341 0.0714247 0.0425487 0.0441235 0.0359015 0.0482637 0.0598675 0.0431551 0.0395253 0.0445414 0.0391930 0.0360010 0.0492500 0.0433232 0.0688346 0.0430012 0.0380756 0.0568251 0.0696176 0.0217774 0.0311194 0.0355662 0.0398668 0.0410490 0.0400614 0.0410251 0.0477663 0.0486236 0.0430918 0.0506156 0.0350941 0.0313688 0.0409413 0.0398559 0.0450345 0.0418858 0.0367927 0.0226140 0.0645656 0.0373395 0.0394185 0.0402857 0.0642476 0.0399656 0.0259919 0.0227430 0.0108820 0.0333989 0.1202096 0.1200771 0.0229009 0.0254533 0.0231465 
I0198_937_Bucerotidae_Tockus_camurus                      0.0414180 0.0516932 0.0516281 0.0577220 0.0511397 0.0598083 0.0447476 0.0494857 0.0581433 0.0605452 0.0462208 0.0558824 0.0000000 0.0575459 0.0335494 0.0556050 0.0394189 0.0546185 0.0454384 0.0400862 0.0427504 0.0393648 0.0504412 0.0429164 0.0634934 0.0655951 0.0423083 0.0533173 0.0554715 0.0545918 0.0569709 0.0498744 0.0648692 0.0548216 0.0674439 0.0553691 0.0559606 0.0547360 0.0741483 0.0840488 0.0683904 0.0492942 0.0468725 0.0539526 0.0536361 0.0409562 0.0549535 0.0529941 0.0543854 0.0493996 0.0474927 0.0410089 0.0546346 0.0546987 0.0442198 0.0423554 0.0751556 0.0532668 0.0633541 0.0422200 0.0467844 0.0663137 0.0629101 0.0485159 0.0625586 0.0715221 0.0553317 0.0554486 0.0450346 0.0449303 0.0539935 0.0414467 0.0419335 0.0431537 0.0549091 0.0517600 0.0574452 0.0400878 0.0380986 0.0585672 0.0513176 0.0531420 0.0459260 0.0394088 0.0461094 0.0619239 0.0585379 0.0403672 0.0642575 0.0411591 0.0407155 0.0480531 0.0571652 0.0491270 0.0446419 0.0413367 0.0459731 0.0552196 0.0716903 0.0439250 0.0565237 0.0721817 0.0425972 0.0563940 0.0546888 0.0607316 0.0703388 0.0529572 0.0436417 0.0399775 0.0569300 0.0511073 0.0510064 0.0400765 0.0678800 0.0466160 0.0486967 0.0389193 0.0510709 0.0640865 0.0471029 0.0602248 0.0482586 0.0415420 0.0384783 0.0512591 0.0462384 0.0695711 0.0467339 0.0408326 0.0585574 0.0750345 0.0524760 0.0544136 0.0379120 0.0427072 0.0440127 0.0433405 0.0436511 0.0501190 0.0521513 0.0466981 0.0507378 0.0579480 0.0551609 0.0438573 0.0424812 0.0494736 0.0452322 0.0585165 0.0552607 0.0699002 0.0404916 0.0411446 0.0414185 0.0709877 0.0434005 0.0632524 0.0614052 0.0552190 0.0548136 0.1265947 0.1258121 0.0557850 0.0637666 0.0609791 
I0199_955_Meropidae_Merops_muelleri                       0.0419372 0.0475160 0.0512558 0.0591611 0.0512594 0.0543656 0.0451862 0.0485751 0.0534180 0.0571735 0.0454495 0.0557637 0.0575459 0.0000000 0.0352724 0.0544197 0.0403584 0.0542042 0.0456038 0.0422561 0.0435468 0.0405599 0.0494125 0.0447144 0.0615599 0.0636574 0.0429986 0.0544550 0.0551944 0.0548497 0.0553866 0.0487070 0.0636619 0.0560959 0.0658440 0.0559820 0.0547321 0.0538782 0.0738452 0.0794231 0.0651866 0.0448699 0.0465624 0.0557288 0.0539189 0.0426108 0.0543491 0.0529185 0.0549326 0.0500175 0.0488288 0.0426472 0.0541034 0.0553072 0.0442227 0.0440958 0.0728872 0.0536063 0.0618799 0.0436685 0.0460045 0.0650712 0.0617872 0.0492920 0.0572599 0.0718539 0.0566330 0.0558009 0.0463562 0.0448375 0.0539379 0.0381543 0.0422871 0.0432031 0.0520434 0.0474343 0.0543826 0.0419852 0.0385739 0.0567449 0.0533964 0.0527425 0.0469643 0.0397576 0.0420590 0.0602297 0.0562784 0.0415820 0.0624289 0.0413796 0.0409180 0.0473626 0.0548939 0.0491631 0.0452777 0.0420102 0.0464908 0.0543573 0.0694486 0.0455936 0.0578564 0.0699687 0.0426253 0.0576833 0.0555088 0.0571238 0.0706672 0.0513130 0.0426522 0.0401409 0.0580359 0.0524806 0.0498895 0.0413888 0.0681315 0.0470009 0.0486364 0.0389993 0.0511005 0.0590110 0.0488561 0.0621557 0.0476195 0.0425897 0.0380445 0.0503027 0.0461524 0.0697324 0.0461668 0.0417877 0.0571092 0.0753276 0.0520437 0.0542497 0.0392260 0.0444408 0.0443386 0.0442878 0.0464226 0.0529842 0.0540051 0.0463066 0.0498133 0.0564695 0.0539296 0.0445853 0.0430771 0.0488305 0.0473315 0.0601390 0.0547849 0.0683038 0.0405671 0.0418733 0.0432402 0.0701973 0.0437730 0.0608252 0.0603588 0.0550902 0.0567228 0.1262069 0.1262385 0.0554108 0.0613765 0.0588331 
I0202_1066_Cathartidae_Cathartes_burrovianus              0.0157508 0.0286918 0.0303839 0.0332040 0.0295003 0.0368462 0.0204904 0.0206324 0.0366107 0.0386759 0.0212202 0.0322656 0.0335494 0.0352724 0.0000000 0.0310394 0.0137010 0.0302263 0.0196516 0.0152845 0.0170141 0.0139613 0.0228796 0.0177917 0.0408358 0.0430600 0.0163221 0.0295688 0.0313864 0.0315575 0.0322698 0.0221222 0.0414347 0.0312981 0.0441569 0.0313446 0.0316692 0.0297505 0.0484296 0.0576494 0.0472141 0.0260971 0.0218773 0.0318857 0.0296996 0.0161333 0.0291169 0.0279812 0.0316916 0.0226474 0.0225566 0.0166859 0.0305616 0.0306815 0.0184709 0.0174468 0.0515601 0.0295020 0.0385500 0.0167314 0.0212632 0.0430318 0.0377604 0.0231893 0.0403089 0.0447177 0.0323135 0.0306077 0.0209104 0.0185118 0.0296416 0.0201159 0.0156476 0.0184857 0.0282794 0.0306837 0.0337387 0.0150027 0.0029985 0.0342081 0.0275301 0.0278348 0.0210462 0.0135416 0.0218381 0.0367616 0.0370509 0.0151607 0.0388567 0.0144985 0.0144931 0.0244916 0.0345738 0.0258457 0.0192425 0.0158129 0.0214268 0.0292937 0.0488244 0.0187972 0.0325393 0.0481951 0.0176035 0.0345991 0.0306826 0.0371633 0.0449164 0.0267911 0.0176547 0.0139581 0.0327835 0.0264173 0.0255243 0.0152932 0.0505320 0.0210912 0.0240610 0.0127683 0.0259448 0.0423780 0.0213726 0.0369313 0.0235907 0.0162664 0.0122346 0.0280918 0.0207060 0.0489944 0.0214015 0.0148987 0.0369756 0.0492926 0.0278843 0.0292196 0.0128594 0.0173438 0.0189950 0.0167776 0.0182748 0.0256527 0.0279810 0.0211446 0.0289602 0.0341356 0.0305798 0.0185324 0.0178266 0.0221872 0.0203934 0.0352116 0.0316524 0.0456630 0.0147627 0.0151790 0.0173461 0.0446942 0.0165809 0.0403639 0.0373434 0.0317897 0.0312183 0.1000966 0.1000554 0.0320573 0.0402229 0.0379892 
I0203_1087_Tyrannidae_Hymenops_perspicillatus             0.0375697 0.0505224 0.0486598 0.0317186 0.0482708 0.0539609 0.0404474 0.0460026 0.0542440 0.0573981 0.0413165 0.0319763 0.0556050 0.0544197 0.0310394 0.0000000 0.0355977 0.0096678 0.0405689 0.0372424 0.0379054 0.0355255 0.0453165 0.0393169 0.0395060 0.0412983 0.0368801 0.0150713 0.0160843 0.0498712 0.0508494 0.0444537 0.0391777 0.0268043 0.0601718 0.0151348 0.0150423 0.0142105 0.0689537 0.0768527 0.0672959 0.0480412 0.0424969 0.0265075 0.0155483 0.0381892 0.0479340 0.0138566 0.0261695 0.0450108 0.0438814 0.0391249 0.0071005 0.0479836 0.0384042 0.0383650 0.0684143 0.0142063 0.0577698 0.0384486 0.0402407 0.0612917 0.0573872 0.0435861 0.0572518 0.0644611 0.0264631 0.0145774 0.0419500 0.0390787 0.0141592 0.0374050 0.0379450 0.0395503 0.0472747 0.0494516 0.0541201 0.0366438 0.0346170 0.0522027 0.0479160 0.0468678 0.0423141 0.0351576 0.0436911 0.0561869 0.0551352 0.0360975 0.0582730 0.0382430 0.0354258 0.0430329 0.0523576 0.0442003 0.0408091 0.0365682 0.0425698 0.0488435 0.0656641 0.0401907 0.0538516 0.0662626 0.0381784 0.0286276 0.0513305 0.0367104 0.0642384 0.0450447 0.0391920 0.0351688 0.0313665 0.0456476 0.0439687 0.0370009 0.0698003 0.0420159 0.0429860 0.0348851 0.0473530 0.0580942 0.0425558 0.0349652 0.0433636 0.0378781 0.0343527 0.0480929 0.0416931 0.0665836 0.0411685 0.0367528 0.0553990 0.0691342 0.0285584 0.0151417 0.0341192 0.0383416 0.0411650 0.0387728 0.0404537 0.0469147 0.0486273 0.0417389 0.0482426 0.0280005 0.0091220 0.0394860 0.0386683 0.0439168 0.0408282 0.0326985 0.0308690 0.0622661 0.0366970 0.0379071 0.0390471 0.0634609 0.0386677 0.0389002 0.0366921 0.0307339 0.0290973 0.1204222 0.1202959 0.0310423 0.0387332 0.0371228 
I0204_1174_Threskiornithidae_Harpiprion_caerulescens      0.0210559 0.0340867 0.0358738 0.0383887 0.0346324 0.0421235 0.0245016 0.0306960 0.0412119 0.0440107 0.0253504 0.0368384 0.0394189 0.0403584 0.0137010 0.0355977 0.0000000 0.0347625 0.0238911 0.0204088 0.0211003 0.0164013 0.0309392 0.0227550 0.0450866 0.0473115 0.0211409 0.0346394 0.0361030 0.0355811 0.0371616 0.0302068 0.0460053 0.0361767 0.0483248 0.0361241 0.0364593 0.0345565 0.0507544 0.0621265 0.0526747 0.0316460 0.0271110 0.0367993 0.0347158 0.0180700 0.0340640 0.0333887 0.0363069 0.0304930 0.0268333 0.0189793 0.0350010 0.0343586 0.0233259 0.0218770 0.0569781 0.0346046 0.0439932 0.0189365 0.0256370 0.0483075 0.0432082 0.0276527 0.0449729 0.0493686 0.0367032 0.0352062 0.0250421 0.0237879 0.0344516 0.0244407 0.0213067 0.0226260 0.0331194 0.0350223 0.0387455 0.0168507 0.0166044 0.0383949 0.0329839 0.0324075 0.0254663 0.0168505 0.0274695 0.0421942 0.0416997 0.0191540 0.0441920 0.0200218 0.0177856 0.0284661 0.0385771 0.0299785 0.0244375 0.0200264 0.0259190 0.0345035 0.0539539 0.0214392 0.0370170 0.0531305 0.0215456 0.0390230 0.0351870 0.0416468 0.0493007 0.0313448 0.0228288 0.0168566 0.0375865 0.0309909 0.0297145 0.0172296 0.0563347 0.0254565 0.0274913 0.0158296 0.0312177 0.0474798 0.0254570 0.0417730 0.0273354 0.0203686 0.0156796 0.0320237 0.0250531 0.0536371 0.0252129 0.0184360 0.0406499 0.0540812 0.0329706 0.0347324 0.0153893 0.0213836 0.0209777 0.0219155 0.0231286 0.0292543 0.0319314 0.0260356 0.0325578 0.0391696 0.0350119 0.0231112 0.0218646 0.0299305 0.0244948 0.0398947 0.0358628 0.0505143 0.0176300 0.0208642 0.0222043 0.0500841 0.0218216 0.0456318 0.0425597 0.0360436 0.0366303 0.1053076 0.1059636 0.0362733 0.0448525 0.0421532 
I0205_1183_Tyrannidae_Hirundinea_ferruginea               0.0366430 0.0499029 0.0489823 0.0309785 0.0483035 0.0540750 0.0395173 0.0452684 0.0539346 0.0567098 0.0407082 0.0316932 0.0546185 0.0542042 0.0302263 0.0096678 0.0347625 0.0000000 0.0395588 0.0361681 0.0373682 0.0348304 0.0443578 0.0382195 0.0391931 0.0412460 0.0360074 0.0140952 0.0151426 0.0494130 0.0502361 0.0439014 0.0394651 0.0259348 0.0613949 0.0143625 0.0144726 0.0138985 0.0678030 0.0754466 0.0671737 0.0475305 0.0415971 0.0261403 0.0149827 0.0372173 0.0473586 0.0130571 0.0257176 0.0442332 0.0433335 0.0383378 0.0096104 0.0480470 0.0370731 0.0374777 0.0687855 0.0137892 0.0574747 0.0377549 0.0400042 0.0604377 0.0571546 0.0437470 0.0569436 0.0635566 0.0258699 0.0143855 0.0411440 0.0375394 0.0136327 0.0362628 0.0371354 0.0388490 0.0464006 0.0493826 0.0532392 0.0356904 0.0340985 0.0513825 0.0473202 0.0460561 0.0416427 0.0346335 0.0429531 0.0559458 0.0543673 0.0356571 0.0582508 0.0374428 0.0347542 0.0422473 0.0519241 0.0437468 0.0404037 0.0360675 0.0418166 0.0483586 0.0655337 0.0391521 0.0531710 0.0663247 0.0370790 0.0281304 0.0494618 0.0362103 0.0634913 0.0446320 0.0387259 0.0350494 0.0304532 0.0454057 0.0435276 0.0363828 0.0692519 0.0412630 0.0426022 0.0342191 0.0469315 0.0587596 0.0412304 0.0349608 0.0430153 0.0370537 0.0338028 0.0469163 0.0413499 0.0671027 0.0406322 0.0358631 0.0550566 0.0677415 0.0278329 0.0142695 0.0334142 0.0376780 0.0400926 0.0378471 0.0399007 0.0464561 0.0477639 0.0416481 0.0471543 0.0277430 0.0092704 0.0392080 0.0376679 0.0433652 0.0404826 0.0319669 0.0309376 0.0627834 0.0360910 0.0367745 0.0385536 0.0629234 0.0379249 0.0391501 0.0364832 0.0303330 0.0288900 0.1205242 0.1200507 0.0310663 0.0392358 0.0370223 
I0206_1192_Laridae_Chroicocephalus_cirrocephalus          0.0260082 0.0391933 0.0408585 0.0439114 0.0401589 0.0472814 0.0298876 0.0354645 0.0466081 0.0489413 0.0315030 0.0414142 0.0454384 0.0456038 0.0196516 0.0405689 0.0238911 0.0395588 0.0000000 0.0256964 0.0221574 0.0236013 0.0353376 0.0235849 0.0503145 0.0523957 0.0271765 0.0395671 0.0408466 0.0404805 0.0419681 0.0350941 0.0514988 0.0408853 0.0536734 0.0409773 0.0415955 0.0394918 0.0581932 0.0685212 0.0581057 0.0368574 0.0327706 0.0415731 0.0395648 0.0261518 0.0391907 0.0381361 0.0413528 0.0356665 0.0319493 0.0270518 0.0399687 0.0397565 0.0284667 0.0266887 0.0614103 0.0393533 0.0497564 0.0263936 0.0309758 0.0530747 0.0489498 0.0334035 0.0502764 0.0557822 0.0416357 0.0407903 0.0302669 0.0284156 0.0393748 0.0291246 0.0265232 0.0084774 0.0388111 0.0413983 0.0445346 0.0241112 0.0231249 0.0437498 0.0308812 0.0376370 0.0303788 0.0238159 0.0325891 0.0479292 0.0474747 0.0248086 0.0502733 0.0258948 0.0251527 0.0332653 0.0444289 0.0351893 0.0300248 0.0214500 0.0315533 0.0391370 0.0576928 0.0284470 0.0425244 0.0572798 0.0265990 0.0438467 0.0398167 0.0469963 0.0552847 0.0371960 0.0282608 0.0239489 0.0426467 0.0354584 0.0355414 0.0242294 0.0615560 0.0105084 0.0338829 0.0233525 0.0344249 0.0522590 0.0310551 0.0467533 0.0322812 0.0262036 0.0226291 0.0381903 0.0121562 0.0515328 0.0310224 0.0256167 0.0462627 0.0604346 0.0381722 0.0396866 0.0224102 0.0266367 0.0286458 0.0269511 0.0283107 0.0348423 0.0370332 0.0241495 0.0384189 0.0434033 0.0401687 0.0216893 0.0271848 0.0358623 0.0293150 0.0442619 0.0416699 0.0552345 0.0248461 0.0257821 0.0278752 0.0552121 0.0266865 0.0503069 0.0475245 0.0409585 0.0415772 0.1099421 0.1096649 0.0422275 0.0492714 0.0471347 
I0208_1208_Strigidae_Strix_varia                          0.0216156 0.0337007 0.0362857 0.0378981 0.0360303 0.0430660 0.0273401 0.0304196 0.0422552 0.0450225 0.0274943 0.0378223 0.0400862 0.0422561 0.0152845 0.0372424 0.0204088 0.0361681 0.0256964 0.0000000 0.0227269 0.0202279 0.0310847 0.0244677 0.0455058 0.0480221 0.0226473 0.0351459 0.0366228 0.0380327 0.0388455 0.0310548 0.0469611 0.0363608 0.0500905 0.0364869 0.0372068 0.0351916 0.0544074 0.0635483 0.0533053 0.0325112 0.0280009 0.0366112 0.0350022 0.0219848 0.0358060 0.0336923 0.0369490 0.0311429 0.0286721 0.0227634 0.0365653 0.0363014 0.0244159 0.0240393 0.0573114 0.0353850 0.0462432 0.0225045 0.0275015 0.0498779 0.0451090 0.0298274 0.0462595 0.0513189 0.0361984 0.0367768 0.0271853 0.0246303 0.0353818 0.0244341 0.0218403 0.0245961 0.0347360 0.0363079 0.0400810 0.0213004 0.0183846 0.0399082 0.0342849 0.0340708 0.0274238 0.0200380 0.0283255 0.0445850 0.0430353 0.0209877 0.0466863 0.0215403 0.0213649 0.0302885 0.0390489 0.0318732 0.0259537 0.0223163 0.0277189 0.0356754 0.0550655 0.0242390 0.0389379 0.0540278 0.0234623 0.0397441 0.0358819 0.0421470 0.0509380 0.0337617 0.0235091 0.0200173 0.0377320 0.0328350 0.0322033 0.0209372 0.0579794 0.0268604 0.0297699 0.0194730 0.0328821 0.0490327 0.0278384 0.0407708 0.0300569 0.0226952 0.0192888 0.0340115 0.0270980 0.0539867 0.0275705 0.0221453 0.0428232 0.0556363 0.0338649 0.0350786 0.0187528 0.0237689 0.0250227 0.0232288 0.0243958 0.0315954 0.0328679 0.0274598 0.0340756 0.0395898 0.0363594 0.0250801 0.0246012 0.0305381 0.0271504 0.0391298 0.0374972 0.0519163 0.0212107 0.0207043 0.0204897 0.0512911 0.0231694 0.0462840 0.0430757 0.0374814 0.0360928 0.1046599 0.1056577 0.0381115 0.0459753 0.0435558 
I0209_1223_Burhinidae_Burhinus_oedicnemus                 0.0234133 0.0365341 0.0374507 0.0398145 0.0368116 0.0440148 0.0270578 0.0328141 0.0434069 0.0467738 0.0284659 0.0388186 0.0427504 0.0435468 0.0170141 0.0379054 0.0211003 0.0373682 0.0221574 0.0227269 0.0000000 0.0206121 0.0324678 0.0197420 0.0471488 0.0491026 0.0235630 0.0367976 0.0389289 0.0373779 0.0384525 0.0318122 0.0478957 0.0383789 0.0513186 0.0384456 0.0387729 0.0366400 0.0556803 0.0643632 0.0558565 0.0347194 0.0297664 0.0390260 0.0367505 0.0237067 0.0369618 0.0357554 0.0390957 0.0323410 0.0288370 0.0243932 0.0375790 0.0363719 0.0258702 0.0237122 0.0587428 0.0370733 0.0472360 0.0234408 0.0270668 0.0504851 0.0461858 0.0305243 0.0481236 0.0510507 0.0386817 0.0378915 0.0276809 0.0261859 0.0371137 0.0268551 0.0236191 0.0206684 0.0367253 0.0383126 0.0412571 0.0216729 0.0203175 0.0403276 0.0314350 0.0355509 0.0277810 0.0207997 0.0297031 0.0451720 0.0453638 0.0211333 0.0472696 0.0227559 0.0221264 0.0305774 0.0408048 0.0325678 0.0264414 0.0176073 0.0286963 0.0370866 0.0552088 0.0257782 0.0401979 0.0549687 0.0235527 0.0417939 0.0364293 0.0449363 0.0509183 0.0348889 0.0251269 0.0206162 0.0394208 0.0317805 0.0327598 0.0213226 0.0600910 0.0233958 0.0306382 0.0201740 0.0325983 0.0500085 0.0280716 0.0430715 0.0300913 0.0226323 0.0196338 0.0344445 0.0228379 0.0527218 0.0285032 0.0228149 0.0444627 0.0552399 0.0351416 0.0366825 0.0189492 0.0234650 0.0268250 0.0245077 0.0249462 0.0322200 0.0337498 0.0246987 0.0355145 0.0415992 0.0376917 0.0219077 0.0237597 0.0326001 0.0270858 0.0410444 0.0386450 0.0521138 0.0222115 0.0227750 0.0249647 0.0510498 0.0240739 0.0470472 0.0442987 0.0385626 0.0377345 0.1062506 0.1057317 0.0391165 0.0469360 0.0439598 
I0210_1226_Ciconiidae_Ciconia_nigra                       0.0203156 0.0340832 0.0356767 0.0381327 0.0351762 0.0415011 0.0249131 0.0309643 0.0415231 0.0442785 0.0263773 0.0373253 0.0393648 0.0405599 0.0139613 0.0355255 0.0164013 0.0348304 0.0236013 0.0202279 0.0206121 0.0000000 0.0307963 0.0220598 0.0452230 0.0472068 0.0215106 0.0348512 0.0357015 0.0355253 0.0363507 0.0308779 0.0459662 0.0363824 0.0477628 0.0360639 0.0364563 0.0344144 0.0529170 0.0625658 0.0526315 0.0314235 0.0272066 0.0371265 0.0347704 0.0189178 0.0339133 0.0330713 0.0367440 0.0311166 0.0262529 0.0199598 0.0350376 0.0340001 0.0232334 0.0219618 0.0563391 0.0347177 0.0440188 0.0190862 0.0256437 0.0473328 0.0427815 0.0279634 0.0451883 0.0492030 0.0367349 0.0354502 0.0255749 0.0236505 0.0340435 0.0242292 0.0209249 0.0224062 0.0335810 0.0357224 0.0387611 0.0176718 0.0170528 0.0383606 0.0329117 0.0326918 0.0256282 0.0165109 0.0271838 0.0417707 0.0417073 0.0194086 0.0443074 0.0201042 0.0175027 0.0284231 0.0390355 0.0299161 0.0241041 0.0206417 0.0256438 0.0341044 0.0534211 0.0221143 0.0361288 0.0527332 0.0214960 0.0393859 0.0347414 0.0419261 0.0492190 0.0319953 0.0227862 0.0166589 0.0375443 0.0296965 0.0306661 0.0172541 0.0569223 0.0249225 0.0282037 0.0161446 0.0315218 0.0472650 0.0255455 0.0414816 0.0267645 0.0209607 0.0156216 0.0327649 0.0244016 0.0552592 0.0253258 0.0178759 0.0415791 0.0546746 0.0331839 0.0342618 0.0154811 0.0215794 0.0219135 0.0217297 0.0229917 0.0303076 0.0317543 0.0253909 0.0342200 0.0389661 0.0352291 0.0232596 0.0225122 0.0309798 0.0249624 0.0392928 0.0369117 0.0503858 0.0178258 0.0200697 0.0223089 0.0500246 0.0213417 0.0462210 0.0429658 0.0364081 0.0359335 0.1049848 0.1058545 0.0371655 0.0457773 0.0428694 
I0211_1232_Columbidae_Columba_livia                       0.0339858 0.0427517 0.0437458 0.0474828 0.0428391 0.0503255 0.0356320 0.0142507 0.0505304 0.0525686 0.0356062 0.0464574 0.0504412 0.0494125 0.0228796 0.0453165 0.0309392 0.0443578 0.0353376 0.0310847 0.0324678 0.0307963 0.0000000 0.0345635 0.0520912 0.0539408 0.0334729 0.0438935 0.0453529 0.0458629 0.0470309 0.0108581 0.0537562 0.0449426 0.0587189 0.0456044 0.0463671 0.0436502 0.0636464 0.0708302 0.0630348 0.0425577 0.0382788 0.0456179 0.0438890 0.0327911 0.0450091 0.0424878 0.0454361 0.0144533 0.0382428 0.0334214 0.0451741 0.0444564 0.0350939 0.0329960 0.0647677 0.0437121 0.0541200 0.0328397 0.0362582 0.0576942 0.0538314 0.0393022 0.0534332 0.0606542 0.0460598 0.0453497 0.0364270 0.0351847 0.0435816 0.0152511 0.0342160 0.0332813 0.0433155 0.0453018 0.0499567 0.0311862 0.0299592 0.0473150 0.0434414 0.0435199 0.0360356 0.0311825 0.0392379 0.0523851 0.0508439 0.0316028 0.0546656 0.0324450 0.0311228 0.0394269 0.0474909 0.0410876 0.0361412 0.0321745 0.0373343 0.0449835 0.0623464 0.0343689 0.0480501 0.0620160 0.0336828 0.0480858 0.0451528 0.0489001 0.0605797 0.0418755 0.0355497 0.0312879 0.0469496 0.0409970 0.0407697 0.0311764 0.0667681 0.0361936 0.0374551 0.0302131 0.0412705 0.0556199 0.0371053 0.0500277 0.0384845 0.0333054 0.0297915 0.0411130 0.0365078 0.0588001 0.0367393 0.0319022 0.0503466 0.0648957 0.0426519 0.0434287 0.0297601 0.0337445 0.0355202 0.0342742 0.0354211 0.0415197 0.0434340 0.0377424 0.0410483 0.0471967 0.0448295 0.0348625 0.0339678 0.0137904 0.0367282 0.0486922 0.0457476 0.0604855 0.0324208 0.0334065 0.0346074 0.0609955 0.0340836 0.0528923 0.0516064 0.0457067 0.0450808 0.1164475 0.1153809 0.0461047 0.0532267 0.0508905 
