35
Burramyidae_Burramys_parvus                  0.0000000 0.0518207 0.0544685 0.0548284 0.0555431 0.0977015 0.0561268 0.0532860 0.0551912 0.0650226 0.0458625 0.0824292 0.0982441 0.0461170 0.0497236 0.0921509 0.0989827 0.0780653 0.0511385 0.0514250 0.0993706 0.0962632 0.0926946 0.0561406 0.0658726 0.0544607 0.0466100 0.0424519 0.0643640 0.0590643 0.0549400 0.0666979 0.0977558 0.0755648 0.0809080 
Notoryctidae_Notoryctes_typhlops             0.0518207 0.0000000 0.0427351 0.0490284 0.0480016 0.0653070 0.0532328 0.0533093 0.0462872 0.0448224 0.0458432 0.0532652 0.0637255 0.0438334 0.0389498 0.0556042 0.0654454 0.0493992 0.0444276 0.0433903 0.0722036 0.0692146 0.0579870 0.0461165 0.0441229 0.0382884 0.0416484 0.0399135 0.0500530 0.0438200 0.0450520 0.0421568 0.0641742 0.0443314 0.0474008 
Vombatidae_Lasiorhinus_latifrons             0.0544685 0.0427351 0.0000000 0.0485726 0.0514198 0.0939539 0.0610127 0.0568717 0.0525244 0.0549722 0.0467705 0.0759572 0.0939603 0.0456015 0.0481617 0.0899749 0.0914480 0.0711338 0.0504290 0.0507053 0.0843796 0.0840813 0.0900989 0.0503878 0.0589181 0.0484719 0.0437306 0.0345097 0.0597041 0.0575675 0.0588021 0.0537034 0.0939209 0.0698064 0.0802003 
Potoroidae_Bettongia_penicillata             0.0548284 0.0490284 0.0485726 0.0000000 0.0031128 0.0959642 0.0538472 0.0522808 0.0061992 0.0622581 0.0390175 0.0800071 0.0938654 0.0398518 0.0447945 0.0868493 0.0957038 0.0724230 0.0154382 0.0476288 0.0882419 0.0857012 0.0882598 0.0257019 0.0615782 0.0456434 0.0120369 0.0387440 0.0546281 0.0531845 0.0499808 0.0579717 0.0938510 0.0742748 0.0793800 
Potoroidae_Bettongia_lesueur                 0.0555431 0.0480016 0.0514198 0.0031128 0.0000000 0.0979347 0.0551878 0.0546507 0.0097679 0.0599933 0.0433052 0.0776503 0.0973136 0.0439157 0.0497436 0.0897627 0.0954111 0.0742248 0.0164429 0.0532845 0.0885342 0.0897120 0.0889222 0.0280644 0.0666832 0.0500504 0.0172606 0.0382353 0.0606762 0.0568981 0.0567095 0.0557224 0.0964297 0.0766446 0.0800949 
Dasyuridae_Dasyurus_maculatus                0.0977015 0.0653070 0.0939539 0.0959642 0.0979347 0.0000000 0.1031782 0.0967645 0.0984826 0.0779497 0.0851627 0.0120357 0.0189711 0.0877474 0.0908061 0.0134843 0.0053172 0.0977178 0.0971619 0.0850785 0.1075415 0.1038225 0.0123249 0.0984875 0.0831856 0.0885434 0.0876540 0.0728276 0.0982779 0.0958252 0.0977752 0.0713503 0.0046028 0.0956775 0.0151212 
Phalangeridae_Trichosurus_vulpecula          0.0561268 0.0532328 0.0610127 0.0538472 0.0551878 0.1031782 0.0000000 0.0165049 0.0556755 0.0673148 0.0259556 0.0855104 0.1018286 0.0291830 0.0559536 0.0977791 0.1039225 0.0789254 0.0528213 0.0543548 0.0970958 0.0955361 0.0976027 0.0559020 0.0704611 0.0545557 0.0476377 0.0441026 0.0684794 0.0615279 0.0209657 0.0649146 0.1032702 0.0797409 0.0859089 
Phalangeridae_Spilocuscus_maculatus          0.0532860 0.0533093 0.0568717 0.0522808 0.0546507 0.0967645 0.0165049 0.0000000 0.0547515 0.0703643 0.0158097 0.0824857 0.0959669 0.0177665 0.0536756 0.0914290 0.0959941 0.0821455 0.0502228 0.0542616 0.0924482 0.0930145 0.0910346 0.0586995 0.0653056 0.0511769 0.0481835 0.0471862 0.0652624 0.0602355 0.0120607 0.0665622 0.0962057 0.0815437 0.0784820 
Potoroidae_Aepyprymnus_rufescens             0.0551912 0.0462872 0.0525244 0.0061992 0.0097679 0.0984826 0.0556755 0.0547515 0.0000000 0.0607810 0.0429790 0.0771434 0.0983515 0.0425918 0.0480339 0.0887946 0.0974915 0.0755914 0.0185433 0.0499549 0.0939745 0.0931718 0.0903453 0.0296760 0.0644084 0.0496743 0.0125173 0.0368912 0.0573251 0.0548032 0.0542575 0.0564278 0.0969243 0.0765054 0.0813253 
Peramelidae_Perameles_nasuta                 0.0650226 0.0448224 0.0549722 0.0622581 0.0599933 0.0779497 0.0673148 0.0703643 0.0607810 0.0000000 0.0558449 0.0685545 0.0736831 0.0586263 0.0483372 0.0694188 0.0780145 0.0092197 0.0581857 0.0558622 0.0770728 0.0749634 0.0710836 0.0640158 0.0528677 0.0488156 0.0552977 0.0516615 0.0567735 0.0578715 0.0587461 0.0070651 0.0800932 0.0000010 0.0551043 
Phalangeridae_Strigocuscus_pelengensis       0.0458625 0.0458432 0.0467705 0.0390175 0.0433052 0.0851627 0.0259556 0.0158097 0.0429790 0.0558449 0.0000000 0.0737995 0.0850856 0.0083726 0.0447234 0.0830617 0.0850321 0.0687469 0.0408764 0.0478499 0.0803840 0.0806187 0.0799254 0.0457695 0.0568995 0.0440278 0.0380048 0.0362979 0.0563518 0.0475792 0.0159996 0.0549099 0.0849585 0.0703438 0.0724635 
Dasyuridae_Phascogale_tapoatafa              0.0824292 0.0532652 0.0759572 0.0800071 0.0776503 0.0120357 0.0855104 0.0824857 0.0771434 0.0685545 0.0737995 0.0000000 0.0141210 0.0754059 0.0734723 0.0021107 0.0123141 0.0830024 0.0747457 0.0719724 0.0979395 0.0910082 0.0049968 0.0803881 0.0663875 0.0683630 0.0709626 0.0660198 0.0797132 0.0766154 0.0811859 0.0663534 0.0120633 0.0774723 0.0137022 
Dasyuridae_Sminthopsis_macroura              0.0982441 0.0637255 0.0939603 0.0938654 0.0973136 0.0189711 0.1018286 0.0959669 0.0983515 0.0736831 0.0850856 0.0141210 0.0000000 0.0856225 0.0929094 0.0154019 0.0177422 0.0950036 0.0956736 0.0893019 0.1130398 0.1096017 0.0136694 0.0959684 0.0826832 0.0914269 0.0880305 0.0750142 0.0999694 0.0968839 0.0980035 0.0730453 0.0182537 0.0928281 0.0114715 
Phalangeridae_Phalanger_orientalis           0.0461170 0.0438334 0.0456015 0.0398518 0.0439157 0.0877474 0.0291830 0.0177665 0.0425918 0.0586263 0.0083726 0.0754059 0.0856225 0.0000000 0.0433730 0.0843009 0.0867205 0.0728041 0.0394790 0.0457035 0.0765895 0.0768659 0.0805092 0.0446447 0.0533878 0.0435497 0.0372561 0.0354933 0.0520777 0.0468739 0.0153181 0.0542534 0.0863164 0.0718899 0.0698581 
Acrobatidae_Acrobates_pygmaeus               0.0497236 0.0389498 0.0481617 0.0447945 0.0497436 0.0908061 0.0559536 0.0536756 0.0480339 0.0483372 0.0447234 0.0734723 0.0929094 0.0433730 0.0000000 0.0871227 0.0900115 0.0734435 0.0462494 0.0364516 0.0855074 0.0851844 0.0872257 0.0484136 0.0596477 0.0331462 0.0419470 0.0238018 0.0449112 0.0269961 0.0561651 0.0498536 0.0906365 0.0688835 0.0782637 
Dasyuridae_Phascogale_calura                 0.0921509 0.0556042 0.0899749 0.0868493 0.0897627 0.0134843 0.0977791 0.0914290 0.0887946 0.0694188 0.0830617 0.0021107 0.0154019 0.0843009 0.0871227 0.0000000 0.0130901 0.0933922 0.0902649 0.0815447 0.1070118 0.1035573 0.0054017 0.0906304 0.0774282 0.0852738 0.0812446 0.0668780 0.0923894 0.0897017 0.0972569 0.0678763 0.0135026 0.0879638 0.0136415 
Dasyuridae_Sarcophilus_harrisii              0.0989827 0.0654454 0.0914480 0.0957038 0.0954111 0.0053172 0.1039225 0.0959941 0.0974915 0.0780145 0.0850321 0.0123141 0.0177422 0.0867205 0.0900115 0.0130901 0.0000000 0.0933996 0.0942126 0.0867467 0.1094696 0.1039377 0.0131024 0.0972990 0.0809584 0.0871039 0.0869604 0.0743827 0.0981620 0.0960621 0.0962455 0.0730393 0.0040967 0.0903224 0.0156808 
Peramelidae_Echymipera_kalubu                0.0780653 0.0493992 0.0711338 0.0724230 0.0742248 0.0977178 0.0789254 0.0821455 0.0755914 0.0092197 0.0687469 0.0830024 0.0950036 0.0728041 0.0734435 0.0933922 0.0933996 0.0000000 0.0714776 0.0754423 0.1003198 0.0988648 0.0902511 0.0789977 0.0698633 0.0670194 0.0707360 0.0552721 0.0775224 0.0764097 0.0797719 0.0081314 0.0991890 0.0116454 0.0753927 
Macropodidae_Dorcopsulus_vanheurni           0.0511385 0.0444276 0.0504290 0.0154382 0.0164429 0.0971619 0.0528213 0.0502228 0.0185433 0.0581857 0.0408764 0.0747457 0.0956736 0.0394790 0.0462494 0.0902649 0.0942126 0.0714776 0.0000000 0.0485023 0.0883330 0.0891107 0.0887785 0.0264068 0.0589021 0.0469454 0.0119070 0.0348409 0.0558083 0.0534693 0.0518033 0.0545506 0.0952390 0.0742942 0.0764616 
Pseudochiridae_Pseudochirulus_forbesi        0.0514250 0.0433903 0.0507053 0.0476288 0.0532845 0.0850785 0.0543548 0.0542616 0.0499549 0.0558622 0.0478499 0.0719724 0.0893019 0.0457035 0.0364516 0.0815447 0.0867467 0.0754423 0.0485023 0.0000000 0.0872120 0.0864974 0.0802479 0.0526935 0.0611115 0.0213108 0.0436315 0.0089527 0.0420761 0.0423922 0.0511916 0.0562455 0.0873864 0.0762762 0.0742514 
Didelphidae_Didelphis_virginiana             0.0993706 0.0722036 0.0843796 0.0882419 0.0885342 0.1075415 0.0970958 0.0924482 0.0939745 0.0770728 0.0803840 0.0979395 0.1130398 0.0765895 0.0855074 0.1070118 0.1094696 0.1003198 0.0883330 0.0872120 0.0000000 0.0192791 0.1052730 0.0918791 0.0757583 0.0829100 0.0855791 0.0652238 0.0940688 0.0968480 0.0917159 0.0744627 0.1075347 0.0982837 0.0916055 
Marmosidae_Monodelphis_domestica             0.0962632 0.0692146 0.0840813 0.0857012 0.0897120 0.1038225 0.0955361 0.0930145 0.0931718 0.0749634 0.0806187 0.0910082 0.1096017 0.0768659 0.0851844 0.1035573 0.1039377 0.0988648 0.0891107 0.0864974 0.0192791 0.0000000 0.1019850 0.0905151 0.0775843 0.0863677 0.0842718 0.0641630 0.0941909 0.0978832 0.0933815 0.0747063 0.1052232 0.0986929 0.0888344 
Dasyuridae_Antechinus_stuartii               0.0926946 0.0579870 0.0900989 0.0882598 0.0889222 0.0123249 0.0976027 0.0910346 0.0903453 0.0710836 0.0799254 0.0049968 0.0136694 0.0805092 0.0872257 0.0054017 0.0131024 0.0902511 0.0887785 0.0802479 0.1052730 0.1019850 0.0000000 0.0926307 0.0786731 0.0844745 0.0817746 0.0671728 0.0931464 0.0897366 0.0936557 0.0680326 0.0132653 0.0882303 0.0133425 
Hypsiprymnodontidae_Hypsiprymnodon_moschatus 0.0561406 0.0461165 0.0503878 0.0257019 0.0280644 0.0984875 0.0559020 0.0586995 0.0296760 0.0640158 0.0457695 0.0803881 0.0959684 0.0446447 0.0484136 0.0906304 0.0972990 0.0789977 0.0264068 0.0526935 0.0918791 0.0905151 0.0926307 0.0000000 0.0645685 0.0513922 0.0238268 0.0395222 0.0618492 0.0552813 0.0564880 0.0612270 0.0989825 0.0821077 0.0803095 
Microbiotheriidae_Dromiciops_gliroides       0.0658726 0.0441229 0.0589181 0.0615782 0.0666832 0.0831856 0.0704611 0.0653056 0.0644084 0.0528677 0.0568995 0.0663875 0.0826832 0.0533878 0.0596477 0.0774282 0.0809584 0.0698633 0.0589021 0.0611115 0.0757583 0.0775843 0.0786731 0.0645685 0.0000000 0.0616959 0.0547176 0.0451409 0.0657594 0.0635575 0.0648768 0.0504327 0.0808689 0.0704432 0.0617006 
Pseudochiridae_Petauroides_volans            0.0544607 0.0382884 0.0484719 0.0456434 0.0500504 0.0885434 0.0545557 0.0511769 0.0496743 0.0488156 0.0440278 0.0683630 0.0914269 0.0435497 0.0331462 0.0852738 0.0871039 0.0670194 0.0469454 0.0213108 0.0829100 0.0863677 0.0844745 0.0513922 0.0616959 0.0000000 0.0422937 0.0117921 0.0412224 0.0404840 0.0513816 0.0497368 0.0894141 0.0663309 0.0764873 
Macropodidae_Wallabia_bicolor                0.0466100 0.0416484 0.0437306 0.0120369 0.0172606 0.0876540 0.0476377 0.0481835 0.0125173 0.0552977 0.0380048 0.0709626 0.0880305 0.0372561 0.0419470 0.0812446 0.0869604 0.0707360 0.0119070 0.0436315 0.0855791 0.0842718 0.0817746 0.0238268 0.0547176 0.0422937 0.0000000 0.0309775 0.0475819 0.0489210 0.0473055 0.0521908 0.0866460 0.0721562 0.0719856 
Pseudochiridae_Pseudocheirus_occidentalis    0.0424519 0.0399135 0.0345097 0.0387440 0.0382353 0.0728276 0.0441026 0.0471862 0.0368912 0.0516615 0.0362979 0.0660198 0.0750142 0.0354933 0.0238018 0.0668780 0.0743827 0.0552721 0.0348409 0.0089527 0.0652238 0.0641630 0.0671728 0.0395222 0.0451409 0.0117921 0.0309775 0.0000000 0.0305901 0.0290556 0.0362622 0.0491831 0.0755449 0.0520999 0.0592795 
Tarsipedidae_Tarsipes_rostratus              0.0643640 0.0500530 0.0597041 0.0546281 0.0606762 0.0982779 0.0684794 0.0652624 0.0573251 0.0567735 0.0563518 0.0797132 0.0999694 0.0520777 0.0449112 0.0923894 0.0981620 0.0775224 0.0558083 0.0420761 0.0940688 0.0941909 0.0931464 0.0618492 0.0657594 0.0412224 0.0475819 0.0305901 0.0000000 0.0523230 0.0619795 0.0612184 0.0976333 0.0793309 0.0820313 
Acrobatidae_Distoechurus_pennatus            0.0590643 0.0438200 0.0575675 0.0531845 0.0568981 0.0958252 0.0615279 0.0602355 0.0548032 0.0578715 0.0475792 0.0766154 0.0968839 0.0468739 0.0269961 0.0897017 0.0960621 0.0764097 0.0534693 0.0423922 0.0968480 0.0978832 0.0897366 0.0552813 0.0635575 0.0404840 0.0489210 0.0290556 0.0523230 0.0000000 0.0576850 0.0578675 0.0962046 0.0754640 0.0794797 
Phalangeridae_Phalanger_carmelitae           0.0549400 0.0450520 0.0588021 0.0499808 0.0567095 0.0977752 0.0209657 0.0120607 0.0542575 0.0587461 0.0159996 0.0811859 0.0980035 0.0153181 0.0561651 0.0972569 0.0962455 0.0797719 0.0518033 0.0511916 0.0917159 0.0933815 0.0936557 0.0564880 0.0648768 0.0513816 0.0473055 0.0362622 0.0619795 0.0576850 0.0000000 0.0550732 0.0968777 0.0782539 0.0829627 
Peramelidae_Peroryctes_raffrayana            0.0666979 0.0421568 0.0537034 0.0579717 0.0557224 0.0713503 0.0649146 0.0665622 0.0564278 0.0070651 0.0549099 0.0663534 0.0730453 0.0542534 0.0498536 0.0678763 0.0730393 0.0081314 0.0545506 0.0562455 0.0744627 0.0747063 0.0680326 0.0612270 0.0504327 0.0497368 0.0521908 0.0491831 0.0612184 0.0578675 0.0550732 0.0000000 0.0734412 0.0070651 0.0541884 
Dasyuridae_Dasyurus_geffroii                 0.0977558 0.0641742 0.0939209 0.0938510 0.0964297 0.0046028 0.1032702 0.0962057 0.0969243 0.0800932 0.0849585 0.0120633 0.0182537 0.0863164 0.0906365 0.0135026 0.0040967 0.0991890 0.0952390 0.0873864 0.1075347 0.1052232 0.0132653 0.0989825 0.0808689 0.0894141 0.0866460 0.0755449 0.0976333 0.0962046 0.0968777 0.0734412 0.0000000 0.0971383 0.0163858 
Peramelidae_Perameles_gunnii                 0.0755648 0.0443314 0.0698064 0.0742748 0.0766446 0.0956775 0.0797409 0.0815437 0.0765054 0.0000010 0.0703438 0.0774723 0.0928281 0.0718899 0.0688835 0.0879638 0.0903224 0.0116454 0.0742942 0.0762762 0.0982837 0.0986929 0.0882303 0.0821077 0.0704432 0.0663309 0.0721562 0.0520999 0.0793309 0.0754640 0.0782539 0.0070651 0.0971383 0.0000000 0.0751930 
Dasyuridae_Planigale_tenuirostris            0.0809080 0.0474008 0.0802003 0.0793800 0.0800949 0.0151212 0.0859089 0.0784820 0.0813253 0.0551043 0.0724635 0.0137022 0.0114715 0.0698581 0.0782637 0.0136415 0.0156808 0.0753927 0.0764616 0.0742514 0.0916055 0.0888344 0.0133425 0.0803095 0.0617006 0.0764873 0.0719856 0.0592795 0.0820313 0.0794797 0.0829627 0.0541884 0.0163858 0.0751930 0.0000000 
