37
Burramyidae_Burramys_parvus                  0.0000000 0.1080937 0.0709108 0.0651984 0.0645666 0.1022585 0.0541319 0.0529726 0.0674326 0.0918953 0.1469495 0.0590464 0.1011519 0.1036540 0.0555903 0.0655444 0.0988772 0.1161447 0.1030385 0.0889734 0.0658409 0.0687015 0.1130331 0.1134922 0.1137119 0.0602315 0.0848817 0.0693701 0.0602745 0.0724990 0.0878969 0.0692760 0.1469495 0.0562575 0.0936000 0.1031200 0.0931420 
Notoryctidae_Notoryctes_typhlops             0.1080937 0.0000000 0.1236506 0.1186236 0.1180526 0.1534940 0.1125078 0.1154759 0.1215656 0.1331639 9.0000000 0.1249466 0.1429300 0.1476515 0.1160986 0.1202011 0.1435567 0.1591882 0.1463567 0.1324361 0.1176917 0.1260191 0.1538409 0.1473993 0.1620977 0.1198542 0.1242337 0.1294464 0.1165789 0.1302489 0.1508220 0.1210647 9.0000000 0.1188191 0.1356011 0.1548348 0.1347800 
Vombatidae_Lasiorhinus_latifrons             0.0709108 0.1236506 0.0000000 0.0819576 0.0819090 0.1151108 0.0597227 0.0737680 0.0841537 0.1050330 0.1129618 0.0806741 0.1158024 0.1142998 0.0734338 0.0833929 0.1140449 0.1288848 0.1145876 0.1042286 0.0856986 0.0890338 0.1272355 0.1330313 0.1298181 0.0804908 0.1026040 0.0900664 0.0811175 0.0916836 0.1089954 0.0904551 0.1129618 0.0747643 0.1064338 0.1159999 0.1055331 
Potoroidae_Bettongia_penicillata             0.0651984 0.1186236 0.0819576 0.0000000 0.0037712 0.1185928 0.0618762 0.0680669 0.0169395 0.1069494 0.1606197 0.0748224 0.1167172 0.1166718 0.0689841 0.0803143 0.1150221 0.1330166 0.1177523 0.1068468 0.0290726 0.0737670 0.1307090 0.1348559 0.1316787 0.0449504 0.1016824 0.0772996 0.0234635 0.0793439 0.0957584 0.0795696 0.1606197 0.0703029 0.1136827 0.1203856 0.1084920 
Potoroidae_Bettongia_lesueur                 0.0645666 0.1180526 0.0819090 0.0037712 0.0000000 0.1173749 0.0605585 0.0671270 0.0166707 0.1051685 0.1642988 0.0738514 0.1155833 0.1162443 0.0680416 0.0802927 0.1135879 0.1321146 0.1168419 0.1051057 0.0271636 0.0743376 0.1283603 0.1326018 0.1286335 0.0449263 0.0992076 0.0772536 0.0231856 0.0789052 0.0957177 0.0795225 0.1642988 0.0693554 0.1116826 0.1191593 0.1070438 
Dasyuridae_Dasyurus_maculatus                0.1022585 0.1534940 0.1151108 0.1185928 0.1173749 0.0000000 0.1044051 0.1065710 0.1180705 0.1225305 0.0687642 0.1109374 0.0223287 0.0356924 0.1083541 0.1210850 0.0230570 0.0294133 0.0317097 0.1218649 0.1204619 0.1202599 0.1403979 0.1446433 0.0316758 0.1125084 0.1092779 0.1232971 0.1163742 0.1193089 0.1314097 0.1208707 0.0687642 0.1089998 0.1245443 0.0041101 0.1251709 
Phalangeridae_Trichosurus_vulpecula          0.0541319 0.1125078 0.0597227 0.0618762 0.0605585 0.1044051 0.0000000 0.0170683 0.0650241 0.1007341 0.1007291 0.0183805 0.1056409 0.1137491 0.0181991 0.0758178 0.1057195 0.1022588 0.0991976 0.0996434 0.0654045 0.0647548 0.1124468 0.1187540 0.1118556 0.0640431 0.0794315 0.0709077 0.0595229 0.0614157 0.0820736 0.0779532 0.1007291 0.0178458 0.1017683 0.1059297 0.1030185 
Phalangeridae_Spilocuscus_maculatus          0.0529726 0.1154759 0.0737680 0.0680669 0.0671270 0.1065710 0.0170683 0.0000000 0.0702860 0.1000056 0.1077095 0.0173026 0.1014275 0.1086472 0.0127136 0.0687753 0.0999002 0.1186001 0.1037769 0.1005128 0.0696814 0.0683219 0.1198509 0.1218745 0.1189924 0.0641382 0.0883472 0.0719491 0.0644067 0.0704539 0.0908336 0.0732139 0.1077095 0.0127315 0.1015036 0.1074446 0.1021118 
Potoroidae_Aepyprymnus_rufescens             0.0674326 0.1215656 0.0841537 0.0169395 0.0166707 0.1180705 0.0650241 0.0702860 0.0000000 0.1066909 0.1633216 0.0761978 0.1180152 0.1197639 0.0724196 0.0813622 0.1159478 0.1319812 0.1196528 0.1079460 0.0314849 0.0778457 0.1313608 0.1333098 0.1315547 0.0480093 0.1050913 0.0811913 0.0255826 0.0812045 0.0985265 0.0825037 0.1633216 0.0731397 0.1133723 0.1198525 0.1092438 
Peramelidae_Perameles_nasuta                 0.0918953 0.1331639 0.1050330 0.1069494 0.1051685 0.1225305 0.1007341 0.1000056 0.1066909 0.0000000 0.1321670 0.1065248 0.1179695 0.1238435 0.1000633 0.1084556 0.1160623 0.1317372 0.1197766 0.0154167 0.1036409 0.1150840 0.1321703 0.1361781 0.1321045 0.1012353 0.1073095 0.1104999 0.0998572 0.1143776 0.1256584 0.1095545 0.1321670 0.1019816 0.0182407 0.1235532 0.0005189 
Myrmecobiidae_Myrmecobius_fasciatus1         0.1469495 9.0000000 0.1129618 0.1606197 0.1642988 0.0687642 0.1007291 0.1077095 0.1633216 0.1321670 0.0000000 0.1117709 0.0914692 0.0817015 0.1082855 0.2337171 0.0882535 0.0784517 0.0829202 0.1314520 0.1788658 0.1757697 0.1225938 0.1695232 0.0910004 0.1344147 0.1036933 0.1941152 0.1654362 0.1806010 0.2106199 0.1954468 0.0000010 0.1155838 0.1418727 0.0658085 0.1321670 
Phalangeridae_Strigocuscus_pelengensis       0.0590464 0.1249466 0.0806741 0.0748224 0.0738514 0.1109374 0.0183805 0.0173026 0.0761978 0.1065248 0.1117709 0.0000000 0.1094898 0.1156769 0.0170429 0.0751947 0.1083730 0.1276471 0.1104564 0.1073302 0.0756172 0.0751412 0.1277496 0.1301130 0.1256052 0.0699192 0.0924979 0.0764013 0.0701835 0.0766332 0.0995996 0.0826970 0.1117709 0.0162815 0.1097057 0.1118317 0.1094191 
Dasyuridae_Phascogale_tapoatafa              0.1011519 0.1429300 0.1158024 0.1167172 0.1155833 0.0223287 0.1056409 0.1014275 0.1180152 0.1179695 0.0914692 0.1094898 0.0000000 0.0337301 0.1023894 0.1179511 0.0036273 0.0383228 0.0328514 0.1175496 0.1151608 0.1166672 0.1348933 0.1394029 0.0251425 0.1103605 0.1108513 0.1206324 0.1107219 0.1188676 0.1324237 0.1185780 0.0914692 0.1029103 0.1215950 0.0241849 0.1196225 
Dasyuridae_Sminthopsis_macroura              0.1036540 0.1476515 0.1142998 0.1166718 0.1162443 0.0356924 0.1137491 0.1086472 0.1197639 0.1238435 0.0817015 0.1156769 0.0337301 0.0000000 0.1089309 0.1219032 0.0341306 0.0505320 0.0272338 0.1239292 0.1157078 0.1217097 0.1398112 0.1435481 0.0475629 0.1114704 0.1121621 0.1237534 0.1119476 0.1239405 0.1388591 0.1206686 0.0817015 0.1093486 0.1282227 0.0375962 0.1252852 
Phalangeridae_Phalanger_orientalis           0.0555903 0.1160986 0.0734338 0.0689841 0.0680416 0.1083541 0.0181991 0.0127136 0.0724196 0.1000633 0.1082855 0.0170429 0.1023894 0.1089309 0.0000000 0.0708451 0.1014543 0.1209919 0.1038168 0.1005122 0.0715134 0.0716509 0.1228220 0.1251741 0.1208215 0.0656391 0.0899798 0.0741142 0.0662208 0.0736445 0.0949264 0.0747328 0.1082855 0.0055309 0.1027200 0.1092328 0.1017093 
Acrobatidae_Acrobates_pygmaeus               0.0655444 0.1202011 0.0833929 0.0803143 0.0802927 0.1210850 0.0758178 0.0687753 0.0813622 0.1084556 0.2337171 0.0751947 0.1179511 0.1219032 0.0708451 0.0000000 0.1169128 0.1382072 0.1187191 0.1114327 0.0791259 0.0721502 0.1391401 0.1350778 0.1333420 0.0738604 0.1049084 0.0710728 0.0752933 0.0717221 0.0898553 0.0461875 0.2337171 0.0708844 0.1138327 0.1211905 0.1105916 
Dasyuridae_Phascogale_calura                 0.0988772 0.1435567 0.1140449 0.1150221 0.1135879 0.0230570 0.1057195 0.0999002 0.1159478 0.1160623 0.0882535 0.1083730 0.0036273 0.0341306 0.1014543 0.1169128 0.0000000 0.0380193 0.0337719 0.1153494 0.1136239 0.1156765 0.1328814 0.1375494 0.0263800 0.1095572 0.1095283 0.1200959 0.1095504 0.1181178 0.1327412 0.1181546 0.0882535 0.1019903 0.1190410 0.0245676 0.1177066 
Dasyuridae_Sarcophilus_harrisii              0.1161447 0.1591882 0.1288848 0.1330166 0.1321146 0.0294133 0.1022588 0.1186001 0.1319812 0.1317372 0.0784517 0.1276471 0.0383228 0.0505320 0.1209919 0.1382072 0.0380193 0.0000000 0.0432674 0.1287737 0.1316927 0.1375531 0.1492174 0.1561405 0.0477079 0.1258790 0.1298474 0.1411283 0.1269716 0.1385202 0.1532487 0.1389793 0.0784517 0.1208223 0.1381543 0.0302042 0.1327238 
Dasyuridae_Planigale_tenuirostris            0.1030385 0.1463567 0.1145876 0.1177523 0.1168419 0.0317097 0.0991976 0.1037769 0.1196528 0.1197766 0.0829202 0.1104564 0.0328514 0.0272338 0.1038168 0.1187191 0.0337719 0.0432674 0.0000000 0.1171509 0.1169240 0.1241764 0.1401764 0.1464049 0.0441668 0.1138567 0.1136542 0.1260332 0.1121573 0.1233858 0.1402751 0.1206938 0.0829202 0.1039229 0.1212835 0.0324820 0.1217968 
Peramelidae_Echymipera_kalubu                0.0889734 0.1324361 0.1042286 0.1068468 0.1051057 0.1218649 0.0996434 0.1005128 0.1079460 0.0154167 0.1314520 0.1073302 0.1175496 0.1239292 0.1005122 0.1114327 0.1153494 0.1287737 0.1171509 0.0000000 0.1043451 0.1126130 0.1345146 0.1355463 0.1311487 0.1009116 0.1050862 0.1123421 0.1010754 0.1124164 0.1288484 0.1106493 0.1314520 0.1020632 0.0163179 0.1220833 0.0167792 
Macropodidae_Dorcopsulus_vanheurni           0.0658409 0.1176917 0.0856986 0.0290726 0.0271636 0.1204619 0.0654045 0.0696814 0.0314849 0.1036409 0.1788658 0.0756172 0.1151608 0.1157078 0.0715134 0.0791259 0.1136239 0.1316927 0.1169240 0.1043451 0.0000000 0.0753956 0.1284581 0.1328189 0.1290811 0.0470167 0.1014447 0.0792656 0.0104809 0.0794702 0.0971234 0.0803215 0.1788658 0.0719248 0.1076922 0.1222651 0.1056206 
Pseudochiridae_Pseudochirulus_forbesi        0.0687015 0.1260191 0.0890338 0.0737670 0.0743376 0.1202599 0.0647548 0.0683219 0.0778457 0.1150840 0.1757697 0.0751412 0.1166672 0.1217097 0.0716509 0.0721502 0.1156765 0.1375531 0.1241764 0.1126130 0.0753956 0.0000000 0.1297715 0.1321659 0.1341204 0.0737943 0.1039627 0.0360251 0.0697540 0.0199194 0.0738162 0.0728896 0.1757697 0.0720835 0.1175578 0.1213115 0.1155233 
Didelphidae_Didelphis_virginiana             0.1130331 0.1538409 0.1272355 0.1307090 0.1283603 0.1403979 0.1124468 0.1198509 0.1313608 0.1321703 0.1225938 0.1277496 0.1348933 0.1398112 0.1228220 0.1391401 0.1328814 0.1492174 0.1401764 0.1345146 0.1284581 0.1297715 0.0000000 0.0435312 0.1495016 0.1258786 0.1244356 0.1346524 0.1219177 0.1346928 0.1533680 0.1321332 0.1225938 0.1234625 0.1353809 0.1441589 0.1339666 
Marmosidae_Monodelphis_domestica             0.1134922 0.1473993 0.1330313 0.1348559 0.1326018 0.1446433 0.1187540 0.1218745 0.1333098 0.1361781 0.1695232 0.1301130 0.1394029 0.1435481 0.1251741 0.1350778 0.1375494 0.1561405 0.1464049 0.1355463 0.1328189 0.1321659 0.0435312 0.0000000 0.1568557 0.1268108 0.1242712 0.1340589 0.1276458 0.1360185 0.1540920 0.1286855 0.1695232 0.1261017 0.1362764 0.1465323 0.1353213 
Dasyuridae_Antechinus_stuartii               0.1137119 0.1620977 0.1298181 0.1316787 0.1286335 0.0316758 0.1118556 0.1189924 0.1315547 0.1321045 0.0910004 0.1256052 0.0251425 0.0475629 0.1208215 0.1333420 0.0263800 0.0477079 0.0441668 0.1311487 0.1290811 0.1341204 0.1495016 0.1568557 0.0000000 0.1249994 0.1244932 0.1375389 0.1262880 0.1321812 0.1426589 0.1330955 0.0910004 0.1210213 0.1342763 0.0330008 0.1326503 
Hypsiprymnodontidae_Hypsiprymnodon_moschatus 0.0602315 0.1198542 0.0804908 0.0449504 0.0449263 0.1125084 0.0640431 0.0641382 0.0480093 0.1012353 0.1344147 0.0699192 0.1103605 0.1114704 0.0656391 0.0738604 0.1095572 0.1258790 0.1138567 0.1009116 0.0470167 0.0737943 0.1258786 0.1268108 0.1249994 0.0000000 0.0978271 0.0745723 0.0428571 0.0740601 0.0947694 0.0783850 0.1344147 0.0666347 0.1052345 0.1135265 0.1031212 
Microbiotheriidae_Dromiciops_gliroides       0.0848817 0.1242337 0.1026040 0.1016824 0.0992076 0.1092779 0.0794315 0.0883472 0.1050913 0.1073095 0.1036933 0.0924979 0.1108513 0.1121621 0.0899798 0.1049084 0.1095283 0.1298474 0.1136542 0.1050862 0.1014447 0.1039627 0.1244356 0.1242712 0.1244932 0.0978271 0.0000000 0.1064089 0.0988752 0.1093730 0.1214767 0.1072594 0.1036933 0.0904910 0.1115154 0.1087102 0.1077443 
Pseudochiridae_Petauroides_volans            0.0693701 0.1294464 0.0900664 0.0772996 0.0772536 0.1232971 0.0709077 0.0719491 0.0811913 0.1104999 0.1941152 0.0764013 0.1206324 0.1237534 0.0741142 0.0710728 0.1200959 0.1411283 0.1260332 0.1123421 0.0792656 0.0360251 0.1346524 0.1340589 0.1375389 0.0745723 0.1064089 0.0000000 0.0736354 0.0375166 0.0763950 0.0727608 0.1941152 0.0748689 0.1197629 0.1237915 0.1123755 
Macropodidae_Wallabia_bicolor                0.0602745 0.1165789 0.0811175 0.0234635 0.0231856 0.1163742 0.0595229 0.0644067 0.0255826 0.0998572 0.1654362 0.0701835 0.1107219 0.1119476 0.0662208 0.0752933 0.1095504 0.1269716 0.1121573 0.1010754 0.0104809 0.0697540 0.1219177 0.1276458 0.1262880 0.0428571 0.0988752 0.0736354 0.0000000 0.0744870 0.0925473 0.0736776 0.1654362 0.0663214 0.1029613 0.1174031 0.1017593 
Pseudochiridae_Pseudocheirus_occidentalis    0.0724990 0.1302489 0.0916836 0.0793439 0.0789052 0.1193089 0.0614157 0.0704539 0.0812045 0.1143776 0.1806010 0.0766332 0.1188676 0.1239405 0.0736445 0.0717221 0.1181178 0.1385202 0.1233858 0.1124164 0.0794702 0.0199194 0.1346928 0.1360185 0.1321812 0.0740601 0.1093730 0.0375166 0.0744870 0.0000000 0.0745754 0.0750091 0.1806010 0.0737327 0.1190453 0.1209717 0.1149764 
Tarsipedidae_Tarsipes_rostratus              0.0878969 0.1508220 0.1089954 0.0957584 0.0957177 0.1314097 0.0820736 0.0908336 0.0985265 0.1256584 0.2106199 0.0995996 0.1324237 0.1388591 0.0949264 0.0898553 0.1327412 0.1532487 0.1402751 0.1288484 0.0971234 0.0738162 0.1533680 0.1540920 0.1426589 0.0947694 0.1214767 0.0763950 0.0925473 0.0745754 0.0000000 0.0879577 0.2106199 0.0954855 0.1314781 0.1315799 0.1266335 
Acrobatidae_Distoechurus_pennatus            0.0692760 0.1210647 0.0904551 0.0795696 0.0795225 0.1208707 0.0779532 0.0732139 0.0825037 0.1095545 0.1954468 0.0826970 0.1185780 0.1206686 0.0747328 0.0461875 0.1181546 0.1389793 0.1206938 0.1106493 0.0803215 0.0728896 0.1321332 0.1286855 0.1330955 0.0783850 0.1072594 0.0727608 0.0736776 0.0750091 0.0879577 0.0000000 0.1954468 0.0767105 0.1148210 0.1221241 0.1115327 
Myrmecobiidae_Myrmecobius_fasciatus2         0.1469495 9.0000000 0.1129618 0.1606197 0.1642988 0.0687642 0.1007291 0.1077095 0.1633216 0.1321670 0.0000010 0.1117709 0.0914692 0.0817015 0.1082855 0.2337171 0.0882535 0.0784517 0.0829202 0.1314520 0.1788658 0.1757697 0.1225938 0.1695232 0.0910004 0.1344147 0.1036933 0.1941152 0.1654362 0.1806010 0.2106199 0.1954468 0.0000000 0.1155838 0.1418727 0.0658085 0.1321670 
Phalangeridae_Phalanger_carmelitae           0.0562575 0.1188191 0.0747643 0.0703029 0.0693554 0.1089998 0.0178458 0.0127315 0.0731397 0.1019816 0.1155838 0.0162815 0.1029103 0.1093486 0.0055309 0.0708844 0.1019903 0.1208223 0.1039229 0.1020632 0.0719248 0.0720835 0.1234625 0.1261017 0.1210213 0.0666347 0.0904910 0.0748689 0.0663214 0.0737327 0.0954855 0.0767105 0.1155838 0.0000000 0.1037223 0.1098826 0.1039333 
Peramelidae_Peroryctes_raffrayana            0.0936000 0.1356011 0.1064338 0.1136827 0.1116826 0.1245443 0.1017683 0.1015036 0.1133723 0.0182407 0.1418727 0.1097057 0.1215950 0.1282227 0.1027200 0.1138327 0.1190410 0.1381543 0.1212835 0.0163179 0.1076922 0.1175578 0.1353809 0.1362764 0.1342763 0.1052345 0.1115154 0.1197629 0.1029613 0.1190453 0.1314781 0.1148210 0.1418727 0.1037223 0.0000000 0.1243657 0.0184265 
Dasyuridae_Dasyurus_geffroii                 0.1031200 0.1548348 0.1159999 0.1203856 0.1191593 0.0041101 0.1059297 0.1074446 0.1198525 0.1235532 0.0658085 0.1118317 0.0241849 0.0375962 0.1092328 0.1211905 0.0245676 0.0302042 0.0324820 0.1220833 0.1222651 0.1213115 0.1441589 0.1465323 0.0330008 0.1135265 0.1087102 0.1237915 0.1174031 0.1209717 0.1315799 0.1221241 0.0658085 0.1098826 0.1243657 0.0000000 0.1261669 
Peramelidae_Perameles_gunnii                 0.0931420 0.1347800 0.1055331 0.1084920 0.1070438 0.1251709 0.1030185 0.1021118 0.1092438 0.0005189 0.1321670 0.1094191 0.1196225 0.1252852 0.1017093 0.1105916 0.1177066 0.1327238 0.1217968 0.0167792 0.1056206 0.1155233 0.1339666 0.1353213 0.1326503 0.1031212 0.1077443 0.1123755 0.1017593 0.1149764 0.1266335 0.1115327 0.1321670 0.1039333 0.0184265 0.1261669 0.0000000 
