37
Burramyidae_Burramys_parvus                  0.0000000 0.0251219 0.0231912 0.0306209 0.0301866 0.0335268 0.0219753 0.0224865 0.0323498 0.0356217 0.0314784 0.0209862 0.0316814 0.0339047 0.0236928 0.0232120 0.0267129 0.0346471 0.0338752 0.0340088 0.0328545 0.0235349 0.0343204 0.0442670 0.0274874 0.0274621 0.0345274 0.0209802 0.0294534 0.0326648 0.0389276 0.0239190 0.0314784 0.0216281 0.0359829 0.0343865 0.0352706 
Notoryctidae_Notoryctes_typhlops             0.0251219 0.0000000 0.0228557 0.0328415 0.0310839 0.0275281 0.0258518 0.0268409 0.0332941 0.0303351 0.0281454 0.0259492 0.0277391 0.0295624 0.0301364 0.0254695 0.0250650 0.0277798 0.0266222 0.0287352 0.0333047 0.0229350 0.0314698 0.0380241 0.0235671 0.0265196 0.0292087 0.0244319 0.0306618 0.0288100 0.0359513 0.0245982 0.0281454 0.0279918 0.0305600 0.0283829 0.0305773 
Vombatidae_Lasiorhinus_latifrons             0.0231912 0.0228557 0.0000000 0.0302078 0.0293393 0.0300708 0.0222940 0.0236034 0.0314683 0.0332543 0.0380955 0.0221405 0.0291154 0.0304245 0.0260010 0.0202799 0.0291441 0.0311469 0.0257144 0.0313902 0.0323371 0.0211065 0.0334087 0.0417349 0.0285875 0.0248886 0.0316734 0.0233355 0.0289334 0.0284278 0.0374437 0.0207017 0.0380955 0.0247181 0.0338433 0.0309146 0.0321849 
Potoroidae_Bettongia_penicillata             0.0306209 0.0328415 0.0302078 0.0000000 0.0021419 0.0391723 0.0296601 0.0323458 0.0079745 0.0421942 0.0407908 0.0306915 0.0378626 0.0408155 0.0340500 0.0299594 0.0401028 0.0403980 0.0383123 0.0387270 0.0113954 0.0292919 0.0425257 0.0478184 0.0389434 0.0158439 0.0406421 0.0312992 0.0091251 0.0414520 0.0462035 0.0293199 0.0407908 0.0326917 0.0413267 0.0400603 0.0409718 
Potoroidae_Bettongia_lesueur                 0.0301866 0.0310839 0.0293393 0.0021419 0.0000000 0.0378588 0.0288200 0.0318821 0.0072278 0.0421591 0.0405603 0.0297969 0.0373985 0.0399556 0.0335806 0.0291111 0.0395097 0.0390961 0.0388982 0.0386673 0.0106279 0.0292479 0.0417798 0.0477409 0.0370327 0.0150424 0.0410634 0.0304419 0.0083698 0.0407823 0.0443950 0.0284575 0.0405603 0.0322284 0.0407616 0.0387403 0.0409077 
Dasyuridae_Dasyurus_maculatus                0.0335268 0.0275281 0.0300708 0.0391723 0.0378588 0.0000000 0.0325674 0.0327632 0.0418494 0.0360481 0.0106273 0.0310597 0.0073886 0.0116895 0.0339971 0.0334922 0.0058762 0.0028823 0.0131079 0.0339020 0.0380147 0.0296768 0.0345956 0.0436679 0.0026622 0.0343076 0.0341114 0.0304426 0.0370952 0.0383344 0.0477223 0.0329606 0.0106273 0.0334741 0.0386994 0.0028586 0.0351336 
Phalangeridae_Trichosurus_vulpecula          0.0219753 0.0258518 0.0222940 0.0296601 0.0288200 0.0325674 0.0000000 0.0137391 0.0326166 0.0324308 0.0442811 0.0144922 0.0320806 0.0341657 0.0141148 0.0252660 0.0310963 0.0337231 0.0314941 0.0326512 0.0318691 0.0226700 0.0400043 0.0446816 0.0318083 0.0282508 0.0314542 0.0217294 0.0297765 0.0295369 0.0397021 0.0235004 0.0442811 0.0140633 0.0323263 0.0334218 0.0334670 
Phalangeridae_Spilocuscus_maculatus          0.0224865 0.0268409 0.0236034 0.0323458 0.0318821 0.0327632 0.0137391 0.0000000 0.0345135 0.0344389 0.0420141 0.0079103 0.0333789 0.0348417 0.0076790 0.0237483 0.0318075 0.0334273 0.0299249 0.0337416 0.0359066 0.0256455 0.0394949 0.0449294 0.0330405 0.0304104 0.0350812 0.0230818 0.0332878 0.0326257 0.0399417 0.0244208 0.0420141 0.0080278 0.0334420 0.0331786 0.0345784 
Potoroidae_Aepyprymnus_rufescens             0.0323498 0.0332941 0.0314683 0.0079745 0.0072278 0.0418494 0.0326166 0.0345135 0.0000000 0.0440175 0.0405603 0.0321679 0.0397004 0.0408419 0.0362377 0.0308839 0.0427754 0.0431476 0.0405767 0.0403796 0.0121652 0.0317836 0.0411786 0.0474320 0.0402694 0.0170272 0.0438103 0.0321809 0.0102500 0.0428481 0.0467906 0.0305751 0.0405603 0.0348591 0.0423488 0.0427506 0.0426534 
Peramelidae_Perameles_nasuta                 0.0356217 0.0303351 0.0332543 0.0421942 0.0421591 0.0360481 0.0324308 0.0344389 0.0440175 0.0000000 0.0264151 0.0341451 0.0357973 0.0350778 0.0367414 0.0364459 0.0301621 0.0369462 0.0374982 0.0050324 0.0432815 0.0336855 0.0353814 0.0462633 0.0293385 0.0383455 0.0362731 0.0351513 0.0417361 0.0453391 0.0455446 0.0355739 0.0264151 0.0357423 0.0057523 0.0365255 0.0003847 
Myrmecobiidae_Myrmecobius_fasciatus1         0.0314784 0.0281454 0.0380955 0.0407908 0.0405603 0.0106273 0.0442811 0.0420141 0.0405603 0.0264151 0.0000000 0.0363445 0.0085710 0.0162048 0.0410781 0.0295731 0.0111410 0.0170165 9.0000000 0.0220090 0.0401180 0.0251731 0.0281189 0.0341660 0.0107885 0.0323508 0.0268775 0.0337530 0.0339633 9.0000000 0.0372913 0.0343794 0.0000010 0.0378908 0.0315127 0.0106829 0.0221318 
Phalangeridae_Strigocuscus_pelengensis       0.0209862 0.0259492 0.0221405 0.0306915 0.0297969 0.0310597 0.0144922 0.0079103 0.0321679 0.0341451 0.0363445 0.0000000 0.0311627 0.0332364 0.0075094 0.0248788 0.0294113 0.0313343 0.0292584 0.0338354 0.0335135 0.0239173 0.0392216 0.0428751 0.0297768 0.0284363 0.0342292 0.0223963 0.0307456 0.0293450 0.0401917 0.0252045 0.0363445 0.0071077 0.0345961 0.0315322 0.0337634 
Dasyuridae_Phascogale_tapoatafa              0.0316814 0.0277391 0.0291154 0.0378626 0.0373985 0.0073886 0.0320806 0.0333789 0.0397004 0.0357973 0.0085710 0.0311627 0.0000000 0.0138717 0.0343939 0.0329816 0.0010747 0.0089642 0.0137395 0.0351820 0.0366838 0.0299242 0.0327347 0.0428579 0.0038217 0.0335107 0.0346288 0.0294588 0.0361590 0.0371770 0.0470656 0.0328821 0.0085710 0.0330051 0.0385640 0.0081458 0.0346662 
Dasyuridae_Sminthopsis_macroura              0.0339047 0.0295624 0.0304245 0.0408155 0.0399556 0.0116895 0.0341657 0.0348417 0.0408419 0.0350778 0.0162048 0.0332364 0.0138717 0.0000000 0.0356638 0.0321121 0.0102533 0.0133144 0.0116407 0.0346770 0.0409839 0.0312651 0.0357499 0.0467185 0.0064469 0.0346699 0.0371142 0.0303853 0.0395904 0.0413849 0.0467423 0.0316606 0.0162048 0.0351327 0.0380896 0.0132019 0.0342226 
Phalangeridae_Phalanger_orientalis           0.0236928 0.0301364 0.0260010 0.0340500 0.0335806 0.0339971 0.0141148 0.0076790 0.0362377 0.0367414 0.0410781 0.0075094 0.0343939 0.0356638 0.0000000 0.0250063 0.0317119 0.0351778 0.0326800 0.0353519 0.0375866 0.0256335 0.0405040 0.0466294 0.0311591 0.0317763 0.0350266 0.0242842 0.0350041 0.0340988 0.0416531 0.0272340 0.0410781 0.0032309 0.0362205 0.0348610 0.0361825 
Acrobatidae_Acrobates_pygmaeus               0.0232120 0.0254695 0.0202799 0.0299594 0.0291111 0.0334922 0.0252660 0.0237483 0.0308839 0.0364459 0.0295731 0.0248788 0.0329816 0.0321121 0.0250063 0.0000000 0.0313960 0.0345199 0.0321573 0.0340205 0.0322321 0.0227288 0.0401235 0.0464952 0.0316367 0.0266578 0.0352741 0.0237438 0.0287366 0.0357759 0.0380169 0.0158144 0.0295731 0.0240962 0.0367718 0.0334894 0.0359085 
Dasyuridae_Phascogale_calura                 0.0267129 0.0250650 0.0291441 0.0401028 0.0395097 0.0058762 0.0310963 0.0318075 0.0427754 0.0301621 0.0111410 0.0294113 0.0010747 0.0102533 0.0317119 0.0313960 0.0000000 0.0086597 0.0116469 0.0316762 0.0389240 0.0291387 0.0330030 0.0384181 0.0037972 0.0366473 0.0319154 0.0282238 0.0362952 0.0326785 0.0448085 0.0296562 0.0111410 0.0322899 0.0366644 0.0075043 0.0296489 
Dasyuridae_Sarcophilus_harrisii              0.0346471 0.0277798 0.0311469 0.0403980 0.0390961 0.0028823 0.0337231 0.0334273 0.0431476 0.0369462 0.0170165 0.0313343 0.0089642 0.0133144 0.0351778 0.0345199 0.0086597 0.0000000 0.0140710 0.0350794 0.0383914 0.0299630 0.0363201 0.0450179 0.0054172 0.0355184 0.0359612 0.0305052 0.0383251 0.0383242 0.0464110 0.0341215 0.0170165 0.0346449 0.0392165 0.0043374 0.0363153 
Dasyuridae_Planigale_tenuirostris            0.0338752 0.0266222 0.0257144 0.0383123 0.0388982 0.0131079 0.0314941 0.0299249 0.0405767 0.0374982 9.0000000 0.0292584 0.0137395 0.0116407 0.0326800 0.0321573 0.0116469 0.0140710 0.0000000 0.0371552 0.0401180 0.0300664 0.0384516 0.0436202 0.0085946 0.0367571 0.0368079 0.0300856 0.0400779 0.0397887 0.0482242 0.0332171 9.0000000 0.0326473 0.0408558 0.0131067 0.0371516 
Peramelidae_Echymipera_kalubu                0.0340088 0.0287352 0.0313902 0.0387270 0.0386673 0.0339020 0.0326512 0.0337416 0.0403796 0.0050324 0.0220090 0.0338354 0.0351820 0.0346770 0.0353519 0.0340205 0.0316762 0.0350794 0.0371552 0.0000000 0.0405179 0.0309477 0.0330078 0.0432692 0.0299586 0.0351553 0.0354073 0.0346990 0.0391313 0.0429514 0.0431282 0.0326367 0.0220090 0.0348750 0.0039603 0.0343689 0.0054887 
Macropodidae_Dorcopsulus_vanheurni           0.0328545 0.0333047 0.0323371 0.0113954 0.0106279 0.0380147 0.0318691 0.0359066 0.0121652 0.0432815 0.0401180 0.0335135 0.0366838 0.0409839 0.0375866 0.0322321 0.0389240 0.0383914 0.0401180 0.0405179 0.0000000 0.0301670 0.0404041 0.0469551 0.0364072 0.0182305 0.0433620 0.0305666 0.0050534 0.0411177 0.0463219 0.0310462 0.0401180 0.0362523 0.0415825 0.0380430 0.0418889 
Pseudochiridae_Pseudochirulus_forbesi        0.0235349 0.0229350 0.0211065 0.0292919 0.0292479 0.0296768 0.0226700 0.0256455 0.0317836 0.0336855 0.0251731 0.0239173 0.0299242 0.0312651 0.0256335 0.0227288 0.0291387 0.0299630 0.0300664 0.0309477 0.0301670 0.0000000 0.0398244 0.0410100 0.0280084 0.0256863 0.0331290 0.0122730 0.0276412 0.0127912 0.0306487 0.0210289 0.0251731 0.0243519 0.0343437 0.0305195 0.0329689 
Didelphidae_Didelphis_virginiana             0.0343204 0.0314698 0.0334087 0.0425257 0.0417798 0.0345956 0.0400043 0.0394949 0.0411786 0.0353814 0.0281189 0.0392216 0.0327347 0.0357499 0.0405040 0.0401235 0.0330030 0.0363201 0.0384516 0.0330078 0.0404041 0.0398244 0.0000000 0.0169609 0.0328129 0.0421554 0.0373441 0.0390603 0.0383831 0.0455055 0.0452731 0.0384479 0.0281189 0.0404976 0.0382835 0.0364976 0.0347129 
Marmosidae_Monodelphis_domestica             0.0442670 0.0380241 0.0417349 0.0478184 0.0477409 0.0436679 0.0446816 0.0449294 0.0474320 0.0462633 0.0341660 0.0428751 0.0428579 0.0467185 0.0466294 0.0464952 0.0384181 0.0450179 0.0436202 0.0432692 0.0469551 0.0410100 0.0169609 0.0000000 0.0381840 0.0463232 0.0435030 0.0444886 0.0454722 0.0540176 0.0519439 0.0476544 0.0341660 0.0451998 0.0506895 0.0445941 0.0454133 
Dasyuridae_Antechinus_stuartii               0.0274874 0.0235671 0.0285875 0.0389434 0.0370327 0.0026622 0.0318083 0.0330405 0.0402694 0.0293385 0.0107885 0.0297768 0.0038217 0.0064469 0.0311591 0.0316367 0.0037972 0.0054172 0.0085946 0.0299586 0.0364072 0.0280084 0.0328129 0.0381840 0.0000000 0.0353431 0.0337616 0.0277560 0.0338087 0.0304173 0.0435757 0.0303890 0.0107885 0.0323500 0.0341182 0.0042789 0.0290227 
Hypsiprymnodontidae_Hypsiprymnodon_moschatus 0.0274621 0.0265196 0.0248886 0.0158439 0.0150424 0.0343076 0.0282508 0.0304104 0.0170272 0.0383455 0.0323508 0.0284363 0.0335107 0.0346699 0.0317763 0.0266578 0.0366473 0.0355184 0.0367571 0.0351553 0.0182305 0.0256863 0.0421554 0.0463232 0.0353431 0.0000000 0.0381750 0.0260271 0.0150459 0.0378954 0.0407076 0.0256899 0.0323508 0.0304107 0.0353259 0.0351912 0.0373348 
Microbiotheriidae_Dromiciops_gliroides       0.0345274 0.0292087 0.0316734 0.0406421 0.0410634 0.0341114 0.0314542 0.0350812 0.0438103 0.0362731 0.0268775 0.0342292 0.0346288 0.0371142 0.0350266 0.0352741 0.0319154 0.0359612 0.0368079 0.0354073 0.0433620 0.0331290 0.0373441 0.0435030 0.0337616 0.0381750 0.0000000 0.0358377 0.0401604 0.0418765 0.0501867 0.0348945 0.0268775 0.0336722 0.0401073 0.0367689 0.0371443 
Pseudochiridae_Petauroides_volans            0.0209802 0.0244319 0.0233355 0.0312992 0.0304419 0.0304426 0.0217294 0.0230818 0.0321809 0.0351513 0.0337530 0.0223963 0.0294588 0.0303853 0.0242842 0.0237438 0.0282238 0.0305052 0.0300856 0.0346990 0.0305666 0.0122730 0.0390603 0.0444886 0.0277560 0.0260271 0.0358377 0.0000000 0.0280051 0.0201964 0.0327875 0.0228629 0.0337530 0.0222144 0.0360618 0.0304403 0.0346703 
Macropodidae_Wallabia_bicolor                0.0294534 0.0306618 0.0289334 0.0091251 0.0083698 0.0370952 0.0297765 0.0332878 0.0102500 0.0417361 0.0339633 0.0307456 0.0361590 0.0395904 0.0350041 0.0287366 0.0362952 0.0383251 0.0400779 0.0391313 0.0050534 0.0276412 0.0383831 0.0454722 0.0338087 0.0150459 0.0401604 0.0280051 0.0000000 0.0403458 0.0439933 0.0280958 0.0339633 0.0336347 0.0403580 0.0379759 0.0405092 
Pseudochiridae_Pseudocheirus_occidentalis    0.0326648 0.0288100 0.0284278 0.0414520 0.0407823 0.0383344 0.0295369 0.0326257 0.0428481 0.0453391 9.0000000 0.0293450 0.0371770 0.0413849 0.0340988 0.0357759 0.0326785 0.0383242 0.0397887 0.0429514 0.0411177 0.0127912 0.0455055 0.0540176 0.0304173 0.0378954 0.0418765 0.0201964 0.0403458 0.0000000 0.0436164 0.0336830 9.0000000 0.0315356 0.0444774 0.0377126 0.0451111 
Tarsipedidae_Tarsipes_rostratus              0.0389276 0.0359513 0.0374437 0.0462035 0.0443950 0.0477223 0.0397021 0.0399417 0.0467906 0.0455446 0.0372913 0.0401917 0.0470656 0.0467423 0.0416531 0.0380169 0.0448085 0.0464110 0.0482242 0.0431282 0.0463219 0.0306487 0.0452731 0.0519439 0.0435757 0.0407076 0.0501867 0.0327875 0.0439933 0.0436164 0.0000000 0.0352733 0.0372913 0.0415232 0.0469654 0.0477561 0.0445545 
Acrobatidae_Distoechurus_pennatus            0.0239190 0.0245982 0.0207017 0.0293199 0.0284575 0.0329606 0.0235004 0.0244208 0.0305751 0.0355739 0.0343794 0.0252045 0.0328821 0.0316606 0.0272340 0.0158144 0.0296562 0.0341215 0.0332171 0.0326367 0.0310462 0.0210289 0.0384479 0.0476544 0.0303890 0.0256899 0.0348945 0.0228629 0.0280958 0.0336830 0.0352733 0.0000000 0.0343794 0.0267478 0.0334143 0.0338161 0.0347194 
Myrmecobiidae_Myrmecobius_fasciatus2         0.0314784 0.0281454 0.0380955 0.0407908 0.0405603 0.0106273 0.0442811 0.0420141 0.0405603 0.0264151 0.0000010 0.0363445 0.0085710 0.0162048 0.0410781 0.0295731 0.0111410 0.0170165 9.0000000 0.0220090 0.0401180 0.0251731 0.0281189 0.0341660 0.0107885 0.0323508 0.0268775 0.0337530 0.0339633 9.0000000 0.0372913 0.0343794 0.0000000 0.0378908 0.0315127 0.0106829 0.0221318 
Phalangeridae_Phalanger_carmelitae           0.0216281 0.0279918 0.0247181 0.0326917 0.0322284 0.0334741 0.0140633 0.0080278 0.0348591 0.0357423 0.0378908 0.0071077 0.0330051 0.0351327 0.0032309 0.0240962 0.0322899 0.0346449 0.0326473 0.0348750 0.0362523 0.0243519 0.0404976 0.0451998 0.0323500 0.0304107 0.0336722 0.0222144 0.0336347 0.0315356 0.0415232 0.0267478 0.0378908 0.0000000 0.0350851 0.0343338 0.0357263 
Peramelidae_Peroryctes_raffrayana            0.0359829 0.0305600 0.0338433 0.0413267 0.0407616 0.0386994 0.0323263 0.0334420 0.0423488 0.0057523 0.0315127 0.0345961 0.0385640 0.0380896 0.0362205 0.0367718 0.0366644 0.0392165 0.0408558 0.0039603 0.0415825 0.0343437 0.0382835 0.0506895 0.0341182 0.0353259 0.0401073 0.0360618 0.0403580 0.0444774 0.0469654 0.0334143 0.0315127 0.0350851 0.0000000 0.0387312 0.0057874 
Dasyuridae_Dasyurus_geffroii                 0.0343865 0.0283829 0.0309146 0.0400603 0.0387403 0.0028586 0.0334218 0.0331786 0.0427506 0.0365255 0.0106829 0.0315322 0.0081458 0.0132019 0.0348610 0.0334894 0.0075043 0.0043374 0.0131067 0.0343689 0.0380430 0.0305195 0.0364976 0.0445941 0.0042789 0.0351912 0.0367689 0.0304403 0.0379759 0.0377126 0.0477561 0.0338161 0.0106829 0.0343338 0.0387312 0.0000000 0.0356093 
Peramelidae_Perameles_gunnii                 0.0352706 0.0305773 0.0321849 0.0409718 0.0409077 0.0351336 0.0334670 0.0345784 0.0426534 0.0003847 0.0221318 0.0337634 0.0346662 0.0342226 0.0361825 0.0359085 0.0296489 0.0363153 0.0371516 0.0054887 0.0418889 0.0329689 0.0347129 0.0454133 0.0290227 0.0373348 0.0371443 0.0346703 0.0405092 0.0451111 0.0445545 0.0347194 0.0221318 0.0357263 0.0057874 0.0356093 0.0000000 
