37
Peramelidae_Isoodon_obesulus1                0.0000000 0.2075936 0.2045287 0.1791412 0.2072145 0.2074772 0.2073343 0.1909719 0.2043024 0.2123088 0.0200654 0.2083780 0.2073540 0.2160562 0.2035413 0.1992414 0.2059428 0.2093049 0.2176553 0.0358784 0.2095008 0.2203908 0.2529354 0.2382301 0.1998360 0.2065538 0.2072146 0.2112725 0.2126097 0.2146409 0.2197028 0.2086650 0.2047608 0.0000010 0.0426462 0.2094597 0.0241528 
Burramyidae_Burramys_parvus                  0.2075936 0.0000000 0.1087866 0.0618741 0.0875040 0.0906815 0.1044796 0.0568066 0.0699995 0.0898197 0.1628525 0.0656491 0.1045744 0.1125338 0.0711281 0.0713800 0.0977499 0.1046528 0.1052515 0.1557021 0.0843132 0.0798224 0.1254317 0.1210626 0.1020749 0.0782145 0.0992747 0.0663548 0.0858874 0.0861707 0.0921652 0.0680538 0.0708423 0.2075936 0.1612705 0.1065441 0.1600860 
Notoryctidae_Notoryctes_typhlops             0.2045287 0.1087866 0.0000000 0.0930288 0.1392605 0.1409841 0.1290818 0.1044056 0.1154908 0.1408292 0.1727112 0.1105634 0.1247119 0.1419984 0.1165709 0.1266867 0.1203796 0.1279588 0.1335964 0.1657140 0.1330103 0.1278180 0.1453095 0.1405000 0.1233346 0.1162776 0.1222851 0.1185190 0.1349527 0.1359140 0.1392706 0.1230872 0.1147761 0.2045287 0.1690797 0.1268107 0.1693147 
Vombatidae_Lasiorhinus_latifrons             0.1791412 0.0618741 0.0930288 0.0000000 0.0848373 0.0875196 0.0990418 0.0538098 0.0641164 0.0894921 0.1516438 0.0605300 0.1036370 0.1124647 0.0652335 0.0712369 0.0945803 0.1000871 0.1024569 0.1486343 0.0831399 0.0731999 0.1109803 0.1058236 0.0966911 0.0760688 0.0856384 0.0685339 0.0855537 0.0877596 0.0912776 0.0676809 0.0636634 0.1791412 0.1530560 0.1011192 0.1495839 
Potoroidae_Bettongia_penicillata             0.2072145 0.0875040 0.1392605 0.0848373 0.0000000 0.0037399 0.1279503 0.0792667 0.0926370 0.0184666 0.1812084 0.0859889 0.1308361 0.1392639 0.0921820 0.0956079 0.1237318 0.1297004 0.1316668 0.1749333 0.0256801 0.1020271 0.1414731 0.1422560 0.1310831 0.0540211 0.1209703 0.0947475 0.0250236 0.1171701 0.1189028 0.0878738 0.0923931 0.2072145 0.1865976 0.1346831 0.1786049 
Potoroidae_Bettongia_lesueur                 0.2074772 0.0906815 0.1409841 0.0875196 0.0037399 0.0000000 0.1306370 0.0819235 0.0933035 0.0202986 0.1825764 0.0882918 0.1335200 0.1416799 0.0938936 0.0978017 0.1264309 0.1328617 0.1334152 0.1763317 0.0271062 0.1047380 0.1437717 0.1432239 0.1333195 0.0562273 0.1242269 0.0974592 0.0264614 0.1211399 0.1213049 0.0900277 0.0940989 0.2074772 0.1869156 0.1373743 0.1813662 
Dasyuridae_Dasyurus_maculatus                0.2073343 0.1044796 0.1290818 0.0990418 0.1279503 0.1306370 0.0000000 0.0989595 0.1124684 0.1294640 0.1738149 0.1037399 0.0238135 0.0480175 0.1150917 0.1092122 0.0211453 0.0074625 0.0442747 0.1718968 0.1228224 0.1214123 0.1387864 0.1276137 0.0196581 0.1178355 0.1212145 0.1109428 0.1240961 0.1323879 0.1387552 0.1069854 0.1136209 0.2073343 0.1775673 0.0053434 0.1687784 
Phalangeridae_Trichosurus_vulpecula          0.1909719 0.0568066 0.1044056 0.0538098 0.0792667 0.0819235 0.0989595 0.0000000 0.0314756 0.0808963 0.1532663 0.0274152 0.1010356 0.1107221 0.0330326 0.0693436 0.0949397 0.0979699 0.1020158 0.1484771 0.0765425 0.0787124 0.1132301 0.1132867 0.0975306 0.0702253 0.0893532 0.0662607 0.0774638 0.0884802 0.0899548 0.0650671 0.0320753 0.1909719 0.1510423 0.1018374 0.1512022 
Phalangeridae_Spilocuscus_maculatus          0.2043024 0.0699995 0.1154908 0.0641164 0.0926370 0.0933035 0.1124684 0.0314756 0.0000000 0.0923177 0.1607594 0.0213058 0.1161807 0.1248707 0.0175447 0.0782001 0.1101281 0.1125443 0.1153846 0.1549074 0.0873967 0.0900626 0.1233650 0.1243099 0.1111385 0.0791816 0.1023575 0.0768364 0.0874175 0.0958234 0.1047685 0.0768011 0.0166900 0.2043024 0.1599300 0.1150946 0.1586692 
Potoroidae_Aepyprymnus_rufescens             0.2123088 0.0898197 0.1408292 0.0894921 0.0184666 0.0202986 0.1294640 0.0808963 0.0923177 0.0000000 0.1795998 0.0878232 0.1349186 0.1394075 0.0928084 0.0952324 0.1258009 0.1306167 0.1299910 0.1738996 0.0274572 0.1016582 0.1384981 0.1424090 0.1315241 0.0554266 0.1195148 0.0930318 0.0268039 0.1135340 0.1184200 0.0879961 0.0935502 0.2123088 0.1854416 0.1338099 0.1764969 
Peramelidae_Perameles_nasuta                 0.0200654 0.1628525 0.1727112 0.1516438 0.1812084 0.1825764 0.1738149 0.1532663 0.1607594 0.1795998 0.0000000 0.1521429 0.1837703 0.1784647 0.1606828 0.1625121 0.1640367 0.1790521 0.1743549 0.0335789 0.1792954 0.1739497 0.1930559 0.1814045 0.1772540 0.1817235 0.1764463 0.1703641 0.1826142 0.1951857 0.1904984 0.1637895 0.1606242 0.0200654 0.0379198 0.1813698 0.0033640 
Phalangeridae_Strigocuscus_pelengensis       0.2083780 0.0656491 0.1105634 0.0605300 0.0859889 0.0882918 0.1037399 0.0274152 0.0213058 0.0878232 0.1521429 0.0000000 0.1063090 0.1171727 0.0199368 0.0727853 0.1034488 0.1038544 0.1095184 0.1470733 0.0840861 0.0881154 0.1185881 0.1170907 0.1022050 0.0736237 0.1001001 0.0712111 0.0850070 0.0882833 0.0994511 0.0728869 0.0190892 0.2083780 0.1514348 0.1049599 0.1501040 
Dasyuridae_Phascogale_tapoatafa              0.2073540 0.1045744 0.1247119 0.1036370 0.1308361 0.1335200 0.0238135 0.1010356 0.1161807 0.1349186 0.1837703 0.1063090 0.0000000 0.0493926 0.1155555 0.1113754 0.0079459 0.0234387 0.0433803 0.1773121 0.1293108 0.1210110 0.1343680 0.1277535 0.0149060 0.1220381 0.1223962 0.1100700 0.1316762 0.1323024 0.1365170 0.1081116 0.1147663 0.2073540 0.1818211 0.0257102 0.1786653 
Dasyuridae_Sminthopsis_macroura              0.2160562 0.1125338 0.1419984 0.1124647 0.1392639 0.1416799 0.0480175 0.1107221 0.1248707 0.1394075 0.1784647 0.1171727 0.0493926 0.0000000 0.1218608 0.1175890 0.0427619 0.0471963 0.0344929 0.1677719 0.1341586 0.1334424 0.1462031 0.1392738 0.0463560 0.1285796 0.1285321 0.1206986 0.1354736 0.1382666 0.1524056 0.1152653 0.1208745 0.2160562 0.1737118 0.0503727 0.1739706 
Phalangeridae_Phalanger_orientalis           0.2035413 0.0711281 0.1165709 0.0652335 0.0921820 0.0938936 0.1150917 0.0330326 0.0175447 0.0928084 0.1606828 0.0199368 0.1155555 0.1218608 0.0000000 0.0788004 0.1106960 0.1146349 0.1174517 0.1560561 0.0907281 0.0901344 0.1215309 0.1219819 0.1119366 0.0797037 0.1037782 0.0755360 0.0902969 0.0964089 0.1053131 0.0778470 0.0041687 0.2035413 0.1604792 0.1172009 0.1599111 
Acrobatidae_Acrobates_pygmaeus               0.1992414 0.0713800 0.1266867 0.0712369 0.0956079 0.0978017 0.1092122 0.0693436 0.0782001 0.0952324 0.1625121 0.0727853 0.1113754 0.1175890 0.0788004 0.0000000 0.1060192 0.1088024 0.1061907 0.1550580 0.0921943 0.0793029 0.1360035 0.1288870 0.1069820 0.0901614 0.1080330 0.0699981 0.0912944 0.0868799 0.0958649 0.0497343 0.0789678 0.1992414 0.1619654 0.1126541 0.1604680 
Dasyuridae_Phascogale_calura                 0.2059428 0.0977499 0.1203796 0.0945803 0.1237318 0.1264309 0.0211453 0.0949397 0.1101281 0.1258009 0.1640367 0.1034488 0.0079459 0.0427619 0.1106960 0.1060192 0.0000000 0.0203219 0.0384247 0.1569960 0.1199056 0.1172814 0.1254799 0.1198251 0.0142276 0.1094051 0.1152691 0.1043411 0.1242293 0.1219710 0.1340836 0.1053215 0.1092492 0.2059428 0.1584838 0.0230428 0.1588488 
Dasyuridae_Sarcophilus_harrisii              0.2093049 0.1046528 0.1279588 0.1000871 0.1297004 0.1328617 0.0074625 0.0979699 0.1125443 0.1306167 0.1790521 0.1038544 0.0234387 0.0471963 0.1146349 0.1088024 0.0203219 0.0000000 0.0425185 0.1750985 0.1250568 0.1204275 0.1372521 0.1281847 0.0177018 0.1189550 0.1234726 0.1100292 0.1263502 0.1314527 0.1389817 0.1070418 0.1131660 0.2093049 0.1777919 0.0084381 0.1739704 
Dasyuridae_Planigale_tenuirostris            0.2176553 0.1052515 0.1335964 0.1024569 0.1316668 0.1334152 0.0442747 0.1020158 0.1153846 0.1299910 0.1743549 0.1095184 0.0433803 0.0344929 0.1174517 0.1061907 0.0384247 0.0425185 0.0000000 0.1679368 0.1285459 0.1215263 0.1343387 0.1300576 0.0407754 0.1177276 0.1193424 0.1079655 0.1301902 0.1258454 0.1326951 0.1068586 0.1153985 0.2176553 0.1760518 0.0444405 0.1697082 
Peramelidae_Echymipera_kalubu                0.0358784 0.1557021 0.1657140 0.1486343 0.1749333 0.1763317 0.1718968 0.1484771 0.1549074 0.1738996 0.0335789 0.1470733 0.1773121 0.1677719 0.1560561 0.1550580 0.1569960 0.1750985 0.1679368 0.0000000 0.1754563 0.1648842 0.1834169 0.1721732 0.1720713 0.1783510 0.1717155 0.1603033 0.1774467 0.1872326 0.1811901 0.1560051 0.1548578 0.0358784 0.0253351 0.1761616 0.0358974 
Macropodidae_Dorcopsulus_vanheurni           0.2095008 0.0843132 0.1330103 0.0831399 0.0256801 0.0271062 0.1228224 0.0765425 0.0873967 0.0274572 0.1792954 0.0840861 0.1293108 0.1341586 0.0907281 0.0921943 0.1199056 0.1250568 0.1285459 0.1754563 0.0000000 0.0964994 0.1376612 0.1371873 0.1257046 0.0531924 0.1161843 0.0919363 0.0133016 0.1119027 0.1172240 0.0845561 0.0899463 0.2095008 0.1853324 0.1291375 0.1761979 
Pseudochiridae_Pseudochirulus_forbesi        0.2203908 0.0798224 0.1278180 0.0731999 0.1020271 0.1047380 0.1214123 0.0787124 0.0900626 0.1016582 0.1739497 0.0881154 0.1210110 0.1334424 0.0901344 0.0793029 0.1172814 0.1204275 0.1215263 0.1648842 0.0964994 0.0000000 0.1345462 0.1346964 0.1164585 0.0901040 0.1111202 0.0451260 0.0980976 0.0440778 0.0887527 0.0732910 0.0897579 0.2203908 0.1727781 0.1196830 0.1699834 
Didelphidae_Didelphis_virginiana             0.2529354 0.1254317 0.1453095 0.1109803 0.1414731 0.1437717 0.1387864 0.1132301 0.1233650 0.1384981 0.1930559 0.1185881 0.1343680 0.1462031 0.1215309 0.1360035 0.1254799 0.1372521 0.1343387 0.1834169 0.1376612 0.1345462 0.0000000 0.0479774 0.1296044 0.1330227 0.1221133 0.1324441 0.1397848 0.1523131 0.1545137 0.1288965 0.1218516 0.2529354 0.1938871 0.1406126 0.1890774 
Marmosidae_Monodelphis_domestica             0.2382301 0.1210626 0.1405000 0.1058236 0.1422560 0.1432239 0.1276137 0.1132867 0.1243099 0.1424090 0.1814045 0.1170907 0.1277535 0.1392738 0.1219819 0.1288870 0.1198251 0.1281847 0.1300576 0.1721732 0.1371873 0.1346964 0.0479774 0.0000000 0.1227864 0.1334955 0.1186597 0.1323147 0.1396329 0.1471448 0.1496277 0.1231209 0.1221796 0.2382301 0.1776019 0.1305153 0.1788299 
Dasyuridae_Antechinus_stuartii               0.1998360 0.1020749 0.1233346 0.0966911 0.1310831 0.1333195 0.0196581 0.0975306 0.1111385 0.1315241 0.1772540 0.1022050 0.0149060 0.0463560 0.1119366 0.1069820 0.0142276 0.0177018 0.0407754 0.1720713 0.1257046 0.1164585 0.1296044 0.1227864 0.0000000 0.1164076 0.1205140 0.1075534 0.1267839 0.1288248 0.1337132 0.1037462 0.1112072 0.1998360 0.1746003 0.0202205 0.1724438 
Hypsiprymnodontidae_Hypsiprymnodon_moschatus 0.2065538 0.0782145 0.1162776 0.0760688 0.0540211 0.0562273 0.1178355 0.0702253 0.0791816 0.0554266 0.1817235 0.0736237 0.1220381 0.1285796 0.0797037 0.0901614 0.1094051 0.1189550 0.1177276 0.1783510 0.0531924 0.0901040 0.1330227 0.1334955 0.1164076 0.0000000 0.1135400 0.0852313 0.0557205 0.1010808 0.1034944 0.0843187 0.0794484 0.2065538 0.1811968 0.1201274 0.1788523 
Microbiotheriidae_Dromiciops_gliroides       0.2072146 0.0992747 0.1222851 0.0856384 0.1209703 0.1242269 0.1212145 0.0893532 0.1023575 0.1195148 0.1764463 0.1001001 0.1223962 0.1285321 0.1037782 0.1080330 0.1152691 0.1234726 0.1193424 0.1717155 0.1161843 0.1111202 0.1221133 0.1186597 0.1205140 0.1135400 0.0000000 0.1063220 0.1175142 0.1225068 0.1306185 0.1042348 0.1035654 0.2072146 0.1790250 0.1240412 0.1736787 
Pseudochiridae_Petauroides_volans            0.2112725 0.0663548 0.1185190 0.0685339 0.0947475 0.0974592 0.1109428 0.0662607 0.0768364 0.0930318 0.1703641 0.0712111 0.1100700 0.1206986 0.0755360 0.0699981 0.1043411 0.1100292 0.1079655 0.1603033 0.0919363 0.0451260 0.1324441 0.1323147 0.1075534 0.0852313 0.1063220 0.0000000 0.0935100 0.0493933 0.0740239 0.0652617 0.0757337 0.2112725 0.1695946 0.1102551 0.1647452 
Macropodidae_Wallabia_bicolor                0.2126097 0.0858874 0.1349527 0.0855537 0.0250236 0.0264614 0.1240961 0.0774638 0.0874175 0.0268039 0.1826142 0.0850070 0.1316762 0.1354736 0.0902969 0.0912944 0.1242293 0.1263502 0.1301902 0.1774467 0.0133016 0.0980976 0.1397848 0.1396329 0.1267839 0.0557205 0.1175142 0.0935100 0.0000000 0.1126566 0.1185823 0.0846239 0.0899812 0.2126097 0.1881067 0.1300615 0.1813968 
Pseudochiridae_Pseudocheirus_occidentalis    0.2146409 0.0861707 0.1359140 0.0877596 0.1171701 0.1211399 0.1323879 0.0884802 0.0958234 0.1135340 0.1951857 0.0882833 0.1323024 0.1382666 0.0964089 0.0868799 0.1219710 0.1314527 0.1258454 0.1872326 0.1119027 0.0440778 0.1523131 0.1471448 0.1288248 0.1010808 0.1225068 0.0493933 0.1126566 0.0000000 0.0915577 0.0823714 0.0960123 0.2146409 0.1931940 0.1312804 0.1911205 
Tarsipedidae_Tarsipes_rostratus              0.2197028 0.0921652 0.1392706 0.0912776 0.1189028 0.1213049 0.1387552 0.0899548 0.1047685 0.1184200 0.1904984 0.0994511 0.1365170 0.1524056 0.1053131 0.0958649 0.1340836 0.1389817 0.1326951 0.1811901 0.1172240 0.0887527 0.1545137 0.1496277 0.1337132 0.1034944 0.1306185 0.0740239 0.1185823 0.0915577 0.0000000 0.0927221 0.1050940 0.2197028 0.1932264 0.1360032 0.1888231 
Acrobatidae_Distoechurus_pennatus            0.2086650 0.0680538 0.1230872 0.0676809 0.0878738 0.0900277 0.1069854 0.0650671 0.0768011 0.0879961 0.1637895 0.0728869 0.1081116 0.1152653 0.0778470 0.0497343 0.1053215 0.1070418 0.1068586 0.1560051 0.0845561 0.0732910 0.1288965 0.1231209 0.1037462 0.0843187 0.1042348 0.0652617 0.0846239 0.0823714 0.0927221 0.0000000 0.0785858 0.2086650 0.1601422 0.1098673 0.1605376 
Phalangeridae_Phalanger_carmelitae           0.2047608 0.0708423 0.1147761 0.0636634 0.0923931 0.0940989 0.1136209 0.0320753 0.0166900 0.0935502 0.1606242 0.0190892 0.1147663 0.1208745 0.0041687 0.0789678 0.1092492 0.1131660 0.1153985 0.1548578 0.0899463 0.0897579 0.1218516 0.1221796 0.1112072 0.0794484 0.1035654 0.0757337 0.0899812 0.0960123 0.1050940 0.0785858 0.0000000 0.2047608 0.1594727 0.1162092 0.1585568 
Peramelidae_Isoodon_obesulus2                0.0000010 0.2075936 0.2045287 0.1791412 0.2072145 0.2074772 0.2073343 0.1909719 0.2043024 0.2123088 0.0200654 0.2083780 0.2073540 0.2160562 0.2035413 0.1992414 0.2059428 0.2093049 0.2176553 0.0358784 0.2095008 0.2203908 0.2529354 0.2382301 0.1998360 0.2065538 0.2072146 0.2112725 0.2126097 0.2146409 0.2197028 0.2086650 0.2047608 0.0000000 0.0426462 0.2094597 0.0241528 
Peramelidae_Peroryctes_raffrayana            0.0426462 0.1612705 0.1690797 0.1530560 0.1865976 0.1869156 0.1775673 0.1510423 0.1599300 0.1854416 0.0379198 0.1514348 0.1818211 0.1737118 0.1604792 0.1619654 0.1584838 0.1777919 0.1760518 0.0253351 0.1853324 0.1727781 0.1938871 0.1776019 0.1746003 0.1811968 0.1790250 0.1695946 0.1881067 0.1931940 0.1932264 0.1601422 0.1594727 0.0426462 0.0000000 0.1821313 0.0402185 
Dasyuridae_Dasyurus_geffroii                 0.2094597 0.1065441 0.1268107 0.1011192 0.1346831 0.1373743 0.0053434 0.1018374 0.1150946 0.1338099 0.1813698 0.1049599 0.0257102 0.0503727 0.1172009 0.1126541 0.0230428 0.0084381 0.0444405 0.1761616 0.1291375 0.1196830 0.1406126 0.1305153 0.0202205 0.1201274 0.1240412 0.1102551 0.1300615 0.1312804 0.1360032 0.1098673 0.1162092 0.2094597 0.1821313 0.0000000 0.1761265 
Peramelidae_Perameles_gunnii                 0.0241528 0.1600860 0.1693147 0.1495839 0.1786049 0.1813662 0.1687784 0.1512022 0.1586692 0.1764969 0.0033640 0.1501040 0.1786653 0.1739706 0.1599111 0.1604680 0.1588488 0.1739704 0.1697082 0.0358974 0.1761979 0.1699834 0.1890774 0.1788299 0.1724438 0.1788523 0.1736787 0.1647452 0.1813968 0.1911205 0.1888231 0.1605376 0.1585568 0.0241528 0.0402185 0.1761265 0.0000000 
