35
Burramyidae_Burramys_parvus                  0.0000000 0.0981814 0.0707328 0.0793284 0.0782876 0.1124459 0.0714005 0.0650391 0.0769286 0.1035679 0.0733594 0.1156490 0.1158718 0.0634786 0.0737379 0.1139909 0.1082838 0.1117503 0.0982526 0.0699811 0.0760297 0.1352655 0.1803485 0.1140495 0.0730386 0.0803674 0.0691353 0.0678045 0.0741556 0.0772717 0.0720570 0.0683116 0.1051364 0.1093379 0.1035447 
Notoryctidae_Notoryctes_typhlops             0.0981814 0.0000000 0.1069789 0.1219248 0.1231239 0.1429565 0.1235385 0.1147741 0.1247881 0.1213250 0.1252930 0.1424499 0.1428859 0.1130140 0.1222422 0.1444298 0.1387439 0.1377198 0.1175030 0.1175693 0.1291783 0.1524216 0.2129210 0.1410243 0.1165738 0.1107985 0.1268650 0.1141680 0.1263427 0.1297323 0.1278219 0.1201938 0.1219261 0.1401217 0.1236156 
Vombatidae_Lasiorhinus_latifrons             0.0707328 0.1069789 0.0000000 0.0858588 0.0863750 0.1250401 0.0864109 0.0759879 0.0869346 0.1076548 0.0876274 0.1207500 0.1242981 0.0782082 0.0852845 0.1205232 0.1207492 0.1185287 0.1059840 0.0783049 0.0885589 0.1408162 0.1901204 0.1220569 0.0820723 0.0924775 0.0849399 0.0797720 0.0819331 0.0949305 0.0945807 0.0836474 0.1113914 0.1246352 0.1074136 
Potoroidae_Bettongia_penicillata             0.0793284 0.1219248 0.0858588 0.0000000 0.0067187 0.1377487 0.0899652 0.0805657 0.0175549 0.1216069 0.0913505 0.1375758 0.1307470 0.0802738 0.0859981 0.1354810 0.1310407 0.1327007 0.1219310 0.0307650 0.0856628 0.1580325 0.1999040 0.1323274 0.0541540 0.1094662 0.0809855 0.0315241 0.0825322 0.0926540 0.0900150 0.0861204 0.1227094 0.1353354 0.1231282 
Potoroidae_Bettongia_lesueur                 0.0782876 0.1231239 0.0863750 0.0067187 0.0000000 0.1397054 0.0889404 0.0793592 0.0166618 0.1235152 0.0903909 0.1395285 0.1326307 0.0789735 0.0854901 0.1359510 0.1329172 0.1356324 0.1221313 0.0293317 0.0855373 0.1585999 0.2002960 0.1335277 0.0541684 0.1090495 0.0808350 0.0301546 0.0816510 0.0921915 0.0887653 0.0849414 0.1259450 0.1372613 0.1243685 
Dasyuridae_Dasyurus_maculatus                0.1124459 0.1429565 0.1250401 0.1377487 0.1397054 0.0000000 0.1395022 0.1269481 0.1377436 0.1416986 0.1390496 0.0323414 0.0459561 0.1280686 0.1328877 0.0333925 0.0068176 0.0413034 0.1426584 0.1324649 0.1285251 0.1685312 0.2046878 0.0339779 0.1350437 0.1315060 0.1298871 0.1326734 0.1276906 0.1465104 0.1342166 0.1322016 0.1479202 0.0063010 0.1427729 
Phalangeridae_Trichosurus_vulpecula          0.0714005 0.1235385 0.0864109 0.0899652 0.0889404 0.1395022 0.0000000 0.0421373 0.0908136 0.1199674 0.0381071 0.1419672 0.1414933 0.0428762 0.0856512 0.1394542 0.1359345 0.1371085 0.1191596 0.0794743 0.0840117 0.1567766 0.1954758 0.1417993 0.0847247 0.1070283 0.0794290 0.0801522 0.0818623 0.0997756 0.0900623 0.0326832 0.1275592 0.1371541 0.1202390 
Phalangeridae_Spilocuscus_maculatus          0.0650391 0.1147741 0.0759879 0.0805657 0.0793592 0.1269481 0.0421373 0.0000000 0.0823000 0.1075504 0.0327850 0.1285530 0.1292025 0.0142368 0.0773442 0.1253048 0.1235069 0.1257999 0.1094268 0.0689771 0.0814632 0.1420139 0.1740783 0.1276498 0.0775519 0.1011005 0.0780433 0.0718875 0.0735597 0.0900713 0.0820493 0.0276606 0.1131355 0.1246423 0.1111469 
Potoroidae_Aepyprymnus_rufescens             0.0769286 0.1247881 0.0869346 0.0175549 0.0166618 0.1377436 0.0908136 0.0823000 0.0000000 0.1220200 0.0914850 0.1404242 0.1335772 0.0820115 0.0846692 0.1383301 0.1310310 0.1352752 0.1217536 0.0293598 0.0865710 0.1578937 0.1955284 0.1351718 0.0565413 0.1105661 0.0796171 0.0307025 0.0792630 0.0941662 0.0892419 0.0867685 0.1235789 0.1353286 0.1251961 
Peramelidae_Perameles_nasuta                 0.1035679 0.1213250 0.1076548 0.1216069 0.1235152 0.1416986 0.1199674 0.1075504 0.1220200 0.0000000 0.1198768 0.1386226 0.1400900 0.1030285 0.1154948 0.1409367 0.1362877 0.1376328 0.0190670 0.1174038 0.1268498 0.1462904 0.1979495 0.1435606 0.1209455 0.1133092 0.1182874 0.1171577 0.1220556 0.1235336 0.1213507 0.1147735 0.0227675 0.1406118 0.0021192 
Phalangeridae_Strigocuscus_pelengensis       0.0733594 0.1252930 0.0876274 0.0913505 0.0903909 0.1390496 0.0381071 0.0327850 0.0914850 0.1198768 0.0000000 0.1415777 0.1440032 0.0318887 0.0839393 0.1381327 0.1362030 0.1385214 0.1190314 0.0760427 0.0913942 0.1548941 0.1833262 0.1416895 0.0861537 0.1081278 0.0861027 0.0807092 0.0824453 0.1018275 0.0913104 0.0154749 0.1244973 0.1366959 0.1210688 
Dasyuridae_Phascogale_tapoatafa              0.1156490 0.1424499 0.1207500 0.1375758 0.1395285 0.0323414 0.1419672 0.1285530 0.1404242 0.1386226 0.1415777 0.0000000 0.0414230 0.1296830 0.1348985 0.0053583 0.0268737 0.0403573 0.1371160 0.1390529 0.1337851 0.1668266 0.2016467 0.0155111 0.1372268 0.1299909 0.1342615 0.1366825 0.1300221 0.1457696 0.1376526 0.1360099 0.1411905 0.0317186 0.1405209 
Dasyuridae_Sminthopsis_macroura              0.1158718 0.1428859 0.1242981 0.1307470 0.1326307 0.0459561 0.1414933 0.1292025 0.1335772 0.1400900 0.1440032 0.0414230 0.0000000 0.1311929 0.1288352 0.0399494 0.0418777 0.0330529 0.1453174 0.1331791 0.1313173 0.1669015 0.2087813 0.0405114 0.1301425 0.1277076 0.1311487 0.1289244 0.1289617 0.1359782 0.1351502 0.1382979 0.1422672 0.0454419 0.1418882 
Phalangeridae_Phalanger_orientalis           0.0634786 0.1130140 0.0782082 0.0802738 0.0789735 0.1280686 0.0428762 0.0142368 0.0820115 0.1030285 0.0318887 0.1296830 0.1311929 0.0000000 0.0802554 0.1264208 0.1238588 0.1252444 0.1074538 0.0690781 0.0823432 0.1402466 0.1756965 0.1287340 0.0778185 0.0993127 0.0789138 0.0733156 0.0744437 0.0929726 0.0804093 0.0209154 0.1081488 0.1257549 0.1075230 
Acrobatidae_Acrobates_pygmaeus               0.0737379 0.1222422 0.0852845 0.0859981 0.0854901 0.1328877 0.0856512 0.0773442 0.0846692 0.1154948 0.0839393 0.1348985 0.1288352 0.0802554 0.0000000 0.1333437 0.1292441 0.1309204 0.1145654 0.0697229 0.0729707 0.1477059 0.1801442 0.1369250 0.0783945 0.1041238 0.0692898 0.0736605 0.0699717 0.0808079 0.0474081 0.0848260 0.1186348 0.1297010 0.1191642 
Dasyuridae_Phascogale_calura                 0.1139909 0.1444298 0.1205232 0.1354810 0.1359510 0.0333925 0.1394542 0.1253048 0.1383301 0.1409367 0.1381327 0.0053583 0.0399494 0.1264208 0.1333437 0.0000000 0.0285092 0.0397933 0.1408142 0.1364619 0.1336185 0.1675189 0.1998625 0.0149680 0.1369793 0.1297808 0.1333612 0.1356025 0.1297392 0.1441155 0.1359400 0.1327218 0.1445949 0.0327656 0.1426006 
Dasyuridae_Sarcophilus_harrisii              0.1082838 0.1387439 0.1207492 0.1310407 0.1329172 0.0068176 0.1359345 0.1235069 0.1310310 0.1362877 0.1362030 0.0268737 0.0418777 0.1238588 0.1292441 0.0285092 0.0000000 0.0367342 0.1384546 0.1278572 0.1243218 0.1641227 0.2012657 0.0306960 0.1313727 0.1279560 0.1262519 0.1283311 0.1229849 0.1420225 0.1315921 0.1287167 0.1428159 0.0072922 0.1385487 
Dasyuridae_Planigale_tenuirostris            0.1117503 0.1377198 0.1185287 0.1327007 0.1356324 0.0413034 0.1371085 0.1257999 0.1352752 0.1376328 0.1385214 0.0403573 0.0330529 0.1252444 0.1309204 0.0397933 0.0367342 0.0000000 0.1384970 0.1302271 0.1314285 0.1664987 0.2052399 0.0394824 0.1320783 0.1246346 0.1331090 0.1303074 0.1302543 0.1394683 0.1346556 0.1322158 0.1436952 0.0408124 0.1391952 
Peramelidae_Echymipera_kalubu                0.0982526 0.1175030 0.1059840 0.1219310 0.1221313 0.1426584 0.1191596 0.1094268 0.1217536 0.0190670 0.1190314 0.1371160 0.1453174 0.1074538 0.1145654 0.1408142 0.1384546 0.1384970 0.0000000 0.1152430 0.1211621 0.1416580 0.1936673 0.1449661 0.1181312 0.1104627 0.1141031 0.1118010 0.1159517 0.1254681 0.1214646 0.1149528 0.0157566 0.1408696 0.0219411 
Macropodidae_Dorcopsulus_vanheurni           0.0699811 0.1175693 0.0783049 0.0307650 0.0293317 0.1324649 0.0794743 0.0689771 0.0293598 0.1174038 0.0760427 0.1390529 0.1331791 0.0690781 0.0697229 0.1364619 0.1278572 0.1302271 0.1152430 0.0000000 0.0804813 0.1525313 0.1792309 0.1339029 0.0479695 0.1010524 0.0731410 0.0096034 0.0735402 0.0854020 0.0761608 0.0733905 0.1210207 0.1291273 0.1181669 
Pseudochiridae_Pseudochirulus_forbesi        0.0760297 0.1291783 0.0885589 0.0856628 0.0855373 0.1285251 0.0840117 0.0814632 0.0865710 0.1268498 0.0913942 0.1337851 0.1313173 0.0823432 0.0729707 0.1336185 0.1243218 0.1314285 0.1211621 0.0804813 0.0000000 0.1530976 0.1969253 0.1343484 0.0798660 0.1105195 0.0419544 0.0804485 0.0229515 0.0728343 0.0743318 0.0856092 0.1282943 0.1267307 0.1259594 
Didelphidae_Didelphis_virginiana             0.1352655 0.1524216 0.1408162 0.1580325 0.1585999 0.1685312 0.1567766 0.1420139 0.1578937 0.1462904 0.1548941 0.1668266 0.1669015 0.1402466 0.1477059 0.1675189 0.1641227 0.1664987 0.1416580 0.1525313 0.1530976 0.0000000 0.1050240 0.1707584 0.1519557 0.1368726 0.1588369 0.1502712 0.1573991 0.1644275 0.1578541 0.1476512 0.1423523 0.1679076 0.1458519 
Marmosidae_Monodelphis_domestica             0.1803485 0.2129210 0.1901204 0.1999040 0.2002960 0.2046878 0.1954758 0.1740783 0.1955284 0.1979495 0.1833262 0.2016467 0.2087813 0.1756965 0.1801442 0.1998625 0.2012657 0.2052399 0.1936673 0.1792309 0.1969253 0.1050240 0.0000000 0.2058227 0.1864128 0.1864859 0.2048836 0.1797109 0.1978133 0.1997446 0.1948536 0.1767345 0.2049970 0.2039014 0.1940089 
Dasyuridae_Antechinus_stuartii               0.1140495 0.1410243 0.1220569 0.1323274 0.1335277 0.0339779 0.1417993 0.1276498 0.1351718 0.1435606 0.1416895 0.0155111 0.0405114 0.1287340 0.1369250 0.0149680 0.0306960 0.0394824 0.1449661 0.1339029 0.1343484 0.1707584 0.2058227 0.0000000 0.1338495 0.1305981 0.1341324 0.1330308 0.1307474 0.1429236 0.1365976 0.1355836 0.1461678 0.0346165 0.1450808 
Hypsiprymnodontidae_Hypsiprymnodon_moschatus 0.0730386 0.1165738 0.0820723 0.0541540 0.0541684 0.1350437 0.0847247 0.0775519 0.0565413 0.1209455 0.0861537 0.1372268 0.1301425 0.0778185 0.0783945 0.1369793 0.1313727 0.1320783 0.1181312 0.0479695 0.0798660 0.1519557 0.1864128 0.1338495 0.0000000 0.1023000 0.0761139 0.0457656 0.0793124 0.0857099 0.0847755 0.0825488 0.1202312 0.1310743 0.1214879 
Microbiotheriidae_Dromiciops_gliroides       0.0803674 0.1107985 0.0924775 0.1094662 0.1090495 0.1315060 0.1070283 0.1011005 0.1105661 0.1133092 0.1081278 0.1299909 0.1277076 0.0993127 0.1041238 0.1297808 0.1279560 0.1246346 0.1104627 0.1010524 0.1105195 0.1368726 0.1864859 0.1305981 0.1023000 0.0000000 0.1095895 0.1007197 0.1145312 0.1202162 0.1099020 0.1034231 0.1172074 0.1287863 0.1145518 
Pseudochiridae_Petauroides_volans            0.0691353 0.1268650 0.0849399 0.0809855 0.0808350 0.1298871 0.0794290 0.0780433 0.0796171 0.1182874 0.0861027 0.1342615 0.1311487 0.0789138 0.0692898 0.1333612 0.1262519 0.1331090 0.1141031 0.0731410 0.0419544 0.1588369 0.2048836 0.1341324 0.0761139 0.1095895 0.0000000 0.0744847 0.0389830 0.0693565 0.0720573 0.0792565 0.1216715 0.1266982 0.1207809 
Macropodidae_Wallabia_bicolor                0.0678045 0.1141680 0.0797720 0.0315241 0.0301546 0.1326734 0.0801522 0.0718875 0.0307025 0.1171577 0.0807092 0.1366825 0.1289244 0.0733156 0.0736605 0.1356025 0.1283311 0.1303074 0.1118010 0.0096034 0.0804485 0.1502712 0.1797109 0.1330308 0.0457656 0.1007197 0.0744847 0.0000000 0.0741148 0.0856228 0.0793151 0.0768037 0.1183707 0.1294932 0.1159073 
Pseudochiridae_Pseudocheirus_occidentalis    0.0741556 0.1263427 0.0819331 0.0825322 0.0816510 0.1276906 0.0818623 0.0735597 0.0792630 0.1220556 0.0824453 0.1300221 0.1289617 0.0744437 0.0699717 0.1297392 0.1229849 0.1302543 0.1159517 0.0735402 0.0229515 0.1573991 0.1978133 0.1307474 0.0793124 0.1145312 0.0389830 0.0741148 0.0000000 0.0699522 0.0714927 0.0797139 0.1267462 0.1257257 0.1219136 
Tarsipedidae_Tarsipes_rostratus              0.0772717 0.1297323 0.0949305 0.0926540 0.0921915 0.1465104 0.0997756 0.0900713 0.0941662 0.1235336 0.1018275 0.1457696 0.1359782 0.0929726 0.0808079 0.1441155 0.1420225 0.1394683 0.1254681 0.0854020 0.0728343 0.1644275 0.1997446 0.1429236 0.0857099 0.1202162 0.0693565 0.0856228 0.0699522 0.0000000 0.0836349 0.0986573 0.1237581 0.1446666 0.1275010 
Acrobatidae_Distoechurus_pennatus            0.0720570 0.1278219 0.0945807 0.0900150 0.0887653 0.1342166 0.0900623 0.0820493 0.0892419 0.1213507 0.0913104 0.1376526 0.1351502 0.0804093 0.0474081 0.1359400 0.1315921 0.1346556 0.1214646 0.0761608 0.0743318 0.1578541 0.1948536 0.1365976 0.0847755 0.1099020 0.0720573 0.0793151 0.0714927 0.0836349 0.0000000 0.0857201 0.1258994 0.1317523 0.1232813 
Phalangeridae_Phalanger_carmelitae           0.0683116 0.1201938 0.0836474 0.0861204 0.0849414 0.1322016 0.0326832 0.0276606 0.0867685 0.1147735 0.0154749 0.1360099 0.1382979 0.0209154 0.0848260 0.1327218 0.1287167 0.1322158 0.1149528 0.0733905 0.0856092 0.1476512 0.1767345 0.1355836 0.0825488 0.1034231 0.0792565 0.0768037 0.0797139 0.0986573 0.0857201 0.0000000 0.1198976 0.1298841 0.1169350 
Peramelidae_Peroryctes_raffrayana            0.1051364 0.1219261 0.1113914 0.1227094 0.1259450 0.1479202 0.1275592 0.1131355 0.1235789 0.0227675 0.1244973 0.1411905 0.1422672 0.1081488 0.1186348 0.1445949 0.1428159 0.1436952 0.0157566 0.1210207 0.1282943 0.1423523 0.2049970 0.1461678 0.1202312 0.1172074 0.1216715 0.1183707 0.1267462 0.1237581 0.1258994 0.1198976 0.0000000 0.1467142 0.0253202 
Dasyuridae_Dasyurus_geffroii                 0.1093379 0.1401217 0.1246352 0.1353354 0.1372613 0.0063010 0.1371541 0.1246423 0.1353286 0.1406118 0.1366959 0.0317186 0.0454419 0.1257549 0.1297010 0.0327656 0.0072922 0.0408124 0.1408696 0.1291273 0.1267307 0.1679076 0.2039014 0.0346165 0.1310743 0.1287863 0.1266982 0.1294932 0.1257257 0.1446666 0.1317523 0.1298841 0.1467142 0.0000000 0.1423773 
Peramelidae_Perameles_gunnii                 0.1035447 0.1236156 0.1074136 0.1231282 0.1243685 0.1427729 0.1202390 0.1111469 0.1251961 0.0021192 0.1210688 0.1405209 0.1418882 0.1075230 0.1191642 0.1426006 0.1385487 0.1391952 0.0219411 0.1181669 0.1259594 0.1458519 0.1940089 0.1450808 0.1214879 0.1145518 0.1207809 0.1159073 0.1219136 0.1275010 0.1232813 0.1169350 0.0253202 0.1423773 0.0000000 
