35
Burramyidae_Burramys_parvus                  0.0000000 0.0343802 0.0236175 0.0416665 0.0343659 0.0612319 0.0241556 0.0262725 0.0346948 0.1024430 0.0299325 0.0698583 0.0672255 0.0263058 0.0474936 0.0710915 0.0634331 0.0413919 0.1190542 0.0318664 0.0567698 0.0905302 0.0666005 0.0286936 0.0649816 0.0669134 0.0311964 0.0469445 0.0598634 0.0414344 0.0265450 0.1184594 0.0655041 0.1048479 0.0789597 
Notoryctidae_Notoryctes_typhlops             0.0343802 0.0000000 0.0390639 0.0557518 0.0534917 0.0687159 0.0443303 0.0501715 0.0512143 0.0640917 0.0588655 0.0722589 0.0784793 0.0511148 0.0507606 0.0748427 0.0737511 0.0683236 0.0707899 0.0498655 0.0605173 0.0760728 0.0729220 0.0466262 0.0514818 0.0721463 0.0475496 0.0557879 0.0804540 0.0473782 0.0548597 0.0738612 0.0698314 0.0652029 0.0881402 
Vombatidae_Lasiorhinus_latifrons             0.0236175 0.0390639 0.0000000 0.0476716 0.0442325 0.0608603 0.0280857 0.0317322 0.0423257 0.1021860 0.0347683 0.0656650 0.0735001 0.0336842 0.0470039 0.0668666 0.0593560 0.0395998 0.1162356 0.0374169 0.0651111 0.0870886 0.0627564 0.0366776 0.0581202 0.0630636 0.0372657 0.0545477 0.0675892 0.0439827 0.0353912 0.1108726 0.0611975 0.1014192 0.0695593 
Potoroidae_Bettongia_penicillata             0.0416665 0.0557518 0.0476716 0.0000000 0.0030811 0.0943517 0.0560558 0.0615190 0.0062757 0.1089289 0.0679512 0.0968239 0.1088223 0.0585945 0.0767219 0.0983155 0.0989304 0.0591965 0.1202767 0.0138672 0.0815991 0.1301643 0.0975663 0.0219215 0.0727738 0.0876487 0.0138134 0.0775991 0.0762886 0.0715918 0.0640358 0.1218264 0.0954570 0.1107389 0.1197828 
Potoroidae_Bettongia_lesueur                 0.0343659 0.0534917 0.0442325 0.0030811 0.0000000 0.0903296 0.0502268 0.0553455 0.0044485 0.1159087 0.0614098 0.0939477 0.1057573 0.0525196 0.0721724 0.0954044 0.0947525 0.0582342 0.1232134 0.0114384 0.0806441 0.1244733 0.0952450 0.0187687 0.0709293 0.0823664 0.0110806 0.0739023 0.0739249 0.0658657 0.0572060 0.1273500 0.0913143 0.1177435 0.1067169 
Dasyuridae_Dasyurus_maculatus                0.0612319 0.0687159 0.0608603 0.0943517 0.0903296 0.0000000 0.0582649 0.0628173 0.0913146 0.1284131 0.0526529 0.0084854 0.0122545 0.0608068 0.0685505 0.0094982 0.0030806 0.0113256 0.1177386 0.0853963 0.1074137 0.0815474 0.0082835 0.0810791 0.0719999 0.0921553 0.0855350 0.1002586 0.1061694 0.0850821 0.0630272 0.1262645 0.0047985 0.1261428 0.0946706 
Phalangeridae_Trichosurus_vulpecula          0.0241556 0.0443303 0.0280857 0.0560558 0.0502268 0.0582649 0.0000000 0.0083889 0.0499825 0.1183758 0.0115314 0.0701834 0.0759968 0.0087273 0.0474063 0.0692943 0.0620031 0.0442096 0.1238729 0.0428836 0.0667910 0.0992172 0.0665967 0.0428879 0.0752111 0.0674943 0.0397270 0.0579849 0.0609632 0.0517041 0.0100047 0.1281754 0.0606651 0.1175417 0.0884042 
Phalangeridae_Spilocuscus_maculatus          0.0262725 0.0501715 0.0317322 0.0615190 0.0553455 0.0628173 0.0083889 0.0000000 0.0544001 0.1178241 0.0081220 0.0739027 0.0777417 0.0056196 0.0530818 0.0730085 0.0665438 0.0475538 0.1257807 0.0476002 0.0591209 0.0983455 0.0691964 0.0477342 0.0798795 0.0630056 0.0448869 0.0498116 0.0680201 0.0540157 0.0067840 0.1285208 0.0645494 0.1169968 0.0797040 
Potoroidae_Aepyprymnus_rufescens             0.0346948 0.0512143 0.0423257 0.0062757 0.0044485 0.0913146 0.0499825 0.0544001 0.0000000 0.1158229 0.0595134 0.0976185 0.1069816 0.0515705 0.0754871 0.0991071 0.0959455 0.0554156 0.1215252 0.0107960 0.0817831 0.1203753 0.0986046 0.0180177 0.0699234 0.0834410 0.0104440 0.0749814 0.0738096 0.0680113 0.0567667 0.1214855 0.0910938 0.1176559 0.1034129 
Peramelidae_Perameles_nasuta                 0.1024430 0.0640917 0.1021860 0.1089289 0.1159087 0.1284131 0.1183758 0.1178241 0.1158229 0.0000000 0.1269513 0.1448924 0.1561975 0.1213481 0.1397759 0.1467646 0.1334814 0.0657393 0.0162046 0.1028217 0.1492652 0.1480467 0.1444969 0.1021235 0.0893623 0.1544323 0.1038123 0.1360292 0.1275531 0.1411521 0.1260290 0.0122584 0.1197183 0.0004909 0.2012563 
Phalangeridae_Strigocuscus_pelengensis       0.0299325 0.0588655 0.0347683 0.0679512 0.0614098 0.0526529 0.0115314 0.0081220 0.0595134 0.1269513 0.0000000 0.0641556 0.0676129 0.0084618 0.0439271 0.0623270 0.0564129 0.0421219 0.1147932 0.0522241 0.0677145 0.0823442 0.0586980 0.0551627 0.0742059 0.0540902 0.0502433 0.0599039 0.0752405 0.0571010 0.0097354 0.1188429 0.0539530 0.1260780 0.0748917 
Dasyuridae_Phascogale_tapoatafa              0.0698583 0.0722589 0.0656650 0.0968239 0.0939477 0.0084854 0.0701834 0.0739027 0.0976185 0.1448924 0.0641556 0.0000000 0.0129300 0.0726574 0.0794423 0.0022662 0.0100345 0.0105501 0.1328961 0.0899514 0.1063152 0.1008992 0.0072501 0.0865574 0.0921225 0.0939160 0.0903471 0.0996968 0.1099091 0.0921454 0.0750114 0.1413724 0.0117105 0.1439214 0.0983929 
Dasyuridae_Sminthopsis_macroura              0.0672255 0.0784793 0.0735001 0.1088223 0.1057573 0.0122545 0.0759968 0.0777417 0.1069816 0.1561975 0.0676129 0.0129300 0.0000000 0.0764558 0.0902982 0.0137023 0.0131912 0.0090564 0.1454642 0.1002480 0.1193814 0.1152082 0.0120030 0.0967754 0.1025721 0.1078716 0.1005958 0.1139032 0.1231522 0.0999513 0.0766891 0.1537066 0.0142968 0.1551814 0.1099397 
Phalangeridae_Phalanger_orientalis           0.0263058 0.0511148 0.0336842 0.0585945 0.0525196 0.0608068 0.0087273 0.0056196 0.0515705 0.1213481 0.0084618 0.0726574 0.0764558 0.0000000 0.0475113 0.0717709 0.0654007 0.0426772 0.1306996 0.0433993 0.0555946 0.0948272 0.0658650 0.0451371 0.0812272 0.0581918 0.0425343 0.0467712 0.0586106 0.0502103 0.0020049 0.1345188 0.0643013 0.1205080 0.0770237 
Acrobatidae_Acrobates_pygmaeus               0.0474936 0.0507606 0.0470039 0.0767219 0.0721724 0.0685505 0.0474063 0.0530818 0.0754871 0.1397759 0.0439271 0.0794423 0.0902982 0.0475113 0.0000000 0.0734113 0.0760327 0.0449325 0.1343420 0.0684757 0.0609563 0.0608208 0.0818296 0.0650809 0.0752746 0.0449009 0.0690920 0.0569621 0.0498430 0.0260320 0.0505244 0.1371855 0.0717256 0.1424192 0.1019685 
Dasyuridae_Phascogale_calura                 0.0710915 0.0748427 0.0668666 0.0983155 0.0954044 0.0094982 0.0692943 0.0730085 0.0991071 0.1467646 0.0623270 0.0022662 0.0137023 0.0717709 0.0734113 0.0000000 0.0103870 0.0101554 0.1298267 0.0913636 0.1032262 0.0991391 0.0075747 0.0879431 0.0960382 0.0895867 0.0917552 0.1017844 0.1051769 0.0881904 0.0741184 0.1432187 0.0120937 0.1457824 0.1057404 
Dasyuridae_Sarcophilus_harrisii              0.0634331 0.0737511 0.0593560 0.0989304 0.0947525 0.0030806 0.0620031 0.0665438 0.0959455 0.1334814 0.0564129 0.0100345 0.0131912 0.0654007 0.0760327 0.0103870 0.0000000 0.0112701 0.1261223 0.0882911 0.1121431 0.0992240 0.0088427 0.0851391 0.0789005 0.0967071 0.0899616 0.1032480 0.1074675 0.0868363 0.0676275 0.1343463 0.0039294 0.1325713 0.0980808 
Dasyuridae_Planigale_tenuirostris            0.0413919 0.0683236 0.0395998 0.0591965 0.0582342 0.0113256 0.0442096 0.0475538 0.0554156 0.0657393 0.0421219 0.0105501 0.0090564 0.0426772 0.0449325 0.0101554 0.0112701 0.0000000 0.0645224 0.0536153 0.0592013 0.0572616 0.0116812 0.0513567 0.0478253 0.0562182 0.0533171 0.0523289 0.0737937 0.0579049 0.0431149 0.0637832 0.0101279 0.0643127 0.0860953 
Peramelidae_Echymipera_kalubu                0.1190542 0.0707899 0.1162356 0.1202767 0.1232134 0.1177386 0.1238729 0.1257807 0.1215252 0.0162046 0.1147932 0.1328961 0.1454642 0.1306996 0.1343420 0.1298267 0.1261223 0.0645224 0.0000000 0.1097819 0.1567675 0.1425026 0.1364153 0.1093624 0.0860112 0.1340212 0.1082301 0.1511009 0.1412834 0.1443185 0.1355135 0.0101036 0.1064276 0.0160855 0.2112913 
Macropodidae_Dorcopsulus_vanheurni           0.0318664 0.0498655 0.0374169 0.0138672 0.0114384 0.0853963 0.0428836 0.0476002 0.0107960 0.1028217 0.0522241 0.0899514 0.1002480 0.0433993 0.0684757 0.0913636 0.0882911 0.0536153 0.1097819 0.0000000 0.0735127 0.1180485 0.0907764 0.0149508 0.0671475 0.0749094 0.0038958 0.0682517 0.0684355 0.0583915 0.0480387 0.1152451 0.0886414 0.1046034 0.0949697 
Pseudochiridae_Pseudochirulus_forbesi        0.0567698 0.0605173 0.0651111 0.0815991 0.0806441 0.1074137 0.0667910 0.0591209 0.0817831 0.1492652 0.0677145 0.1063152 0.1193814 0.0555946 0.0609563 0.1032262 0.1121431 0.0592013 0.1567675 0.0735127 0.0000000 0.1156422 0.1060530 0.0755318 0.1262046 0.0234375 0.0754723 0.0131753 0.0447840 0.0494960 0.0589535 0.1609155 0.1085589 0.1482354 0.1344060 
Marmosidae_Monodelphis_domestica             0.0905302 0.0760728 0.0870886 0.1301643 0.1244733 0.0815474 0.0992172 0.0983455 0.1203753 0.1480467 0.0823442 0.1008992 0.1152082 0.0948272 0.0608208 0.0991391 0.0992240 0.0572616 0.1425026 0.1180485 0.1156422 0.0000000 0.0998452 0.1164947 0.0771714 0.0947971 0.1220429 0.1049436 0.0907398 0.0835998 0.0992213 0.1408837 0.0816793 0.1483609 0.0492178 
Dasyuridae_Antechinus_stuartii               0.0666005 0.0729220 0.0627564 0.0975663 0.0952450 0.0082835 0.0665967 0.0691964 0.0986046 0.1444969 0.0586980 0.0072501 0.0120030 0.0658650 0.0818296 0.0075747 0.0088427 0.0116812 0.1364153 0.0907764 0.1060530 0.0998452 0.0000000 0.0865737 0.0860298 0.1003380 0.0913456 0.1024959 0.1072793 0.0908034 0.0682933 0.1463066 0.0107894 0.1435061 0.1053762 
Hypsiprymnodontidae_Hypsiprymnodon_moschatus 0.0286936 0.0466262 0.0366776 0.0219215 0.0187687 0.0810791 0.0428879 0.0477342 0.0180177 0.1021235 0.0551627 0.0865574 0.0967754 0.0451371 0.0650809 0.0879431 0.0851391 0.0513567 0.1093624 0.0149508 0.0755318 0.1164947 0.0865737 0.0000000 0.0649599 0.0802922 0.0153406 0.0711483 0.0683078 0.0572540 0.0497888 0.1121397 0.0839899 0.1041433 0.0904038 
Microbiotheriidae_Dromiciops_gliroides       0.0649816 0.0514818 0.0581202 0.0727738 0.0709293 0.0719999 0.0752111 0.0798795 0.0699234 0.0893623 0.0742059 0.0921225 0.1025721 0.0812272 0.0752746 0.0960382 0.0789005 0.0478253 0.0860112 0.0671475 0.1262046 0.0771714 0.0860298 0.0649599 0.0000000 0.0968778 0.0689366 0.1066862 0.0976375 0.0954164 0.0826423 0.0841558 0.0644607 0.0910932 0.1186877 
Pseudochiridae_Petauroides_volans            0.0669134 0.0721463 0.0630636 0.0876487 0.0823664 0.0921553 0.0674943 0.0630056 0.0834410 0.1544323 0.0540902 0.0939160 0.1078716 0.0581918 0.0449009 0.0895867 0.0967071 0.0562182 0.1340212 0.0749094 0.0234375 0.0947971 0.1003380 0.0802922 0.0968778 0.0000000 0.0764980 0.0198246 0.0449804 0.0613762 0.0617983 0.1416115 0.0900229 0.1527642 0.1205078 
Macropodidae_Wallabia_bicolor                0.0311964 0.0475496 0.0372657 0.0138134 0.0110806 0.0855350 0.0397270 0.0448869 0.0104440 0.1038123 0.0502433 0.0903471 0.1005958 0.0425343 0.0690920 0.0917552 0.0899616 0.0533171 0.1082301 0.0038958 0.0754723 0.1220429 0.0913456 0.0153406 0.0689366 0.0764980 0.0000000 0.0689167 0.0689145 0.0589604 0.0469877 0.1138102 0.0887882 0.1055763 0.0968199 
Pseudochiridae_Pseudocheirus_occidentalis    0.0469445 0.0557879 0.0545477 0.0775991 0.0739023 0.1002586 0.0579849 0.0498116 0.0749814 0.1360292 0.0599039 0.0996968 0.1139032 0.0467712 0.0569621 0.1017844 0.1032480 0.0523289 0.1511009 0.0682517 0.0131753 0.1049436 0.1024959 0.0711483 0.1066862 0.0198246 0.0689167 0.0000000 0.0369157 0.0458576 0.0517726 0.1471108 0.0990150 0.1358080 0.1113529 
Tarsipedidae_Tarsipes_rostratus              0.0598634 0.0804540 0.0675892 0.0762886 0.0739249 0.1061694 0.0609632 0.0680201 0.0738096 0.1275531 0.0752405 0.1099091 0.1231522 0.0586106 0.0498430 0.1051769 0.1074675 0.0737937 0.1412834 0.0684355 0.0447840 0.0907398 0.1072793 0.0683078 0.0976375 0.0449804 0.0689145 0.0369157 0.0000000 0.0535483 0.0644299 0.1400193 0.1090139 0.1281070 0.1302328 
Acrobatidae_Distoechurus_pennatus            0.0414344 0.0473782 0.0439827 0.0715918 0.0658657 0.0850821 0.0517041 0.0540157 0.0680113 0.1411521 0.0571010 0.0921454 0.0999513 0.0502103 0.0260320 0.0881904 0.0868363 0.0579049 0.1443185 0.0583915 0.0494960 0.0835998 0.0908034 0.0572540 0.0954164 0.0613762 0.0589604 0.0458576 0.0535483 0.0000000 0.0532630 0.1512640 0.0921991 0.1418703 0.1056830 
Phalangeridae_Phalanger_carmelitae           0.0265450 0.0548597 0.0353912 0.0640358 0.0572060 0.0630272 0.0100047 0.0067840 0.0567667 0.1260290 0.0097354 0.0750114 0.0766891 0.0020049 0.0505244 0.0741184 0.0676275 0.0431149 0.1355135 0.0480387 0.0589535 0.0992213 0.0682933 0.0497888 0.0826423 0.0617983 0.0469877 0.0517726 0.0644299 0.0532630 0.0000000 0.1395633 0.0666296 0.1251638 0.0808407 
Peramelidae_Peroryctes_raffrayana            0.1184594 0.0738612 0.1108726 0.1218264 0.1273500 0.1262645 0.1281754 0.1285208 0.1214855 0.0122584 0.1188429 0.1413724 0.1537066 0.1345188 0.1371855 0.1432187 0.1343463 0.0637832 0.0101036 0.1152451 0.1609155 0.1408837 0.1463066 0.1121397 0.0841558 0.1416115 0.1138102 0.1471108 0.1400193 0.1512640 0.1395633 0.0000000 0.1124079 0.0121729 0.2060802 
Dasyuridae_Dasyurus_geffroii                 0.0655041 0.0698314 0.0611975 0.0954570 0.0913143 0.0047985 0.0606651 0.0645494 0.0910938 0.1197183 0.0539530 0.0117105 0.0142968 0.0643013 0.0717256 0.0120937 0.0039294 0.0101279 0.1064276 0.0886414 0.1085589 0.0816793 0.0107894 0.0839899 0.0644607 0.0900229 0.0887882 0.0990150 0.1090139 0.0921991 0.0666296 0.1124079 0.0000000 0.1174750 0.1005882 
Peramelidae_Perameles_gunnii                 0.1048479 0.0652029 0.1014192 0.1107389 0.1177435 0.1261428 0.1175417 0.1169968 0.1176559 0.0004909 0.1260780 0.1439214 0.1551814 0.1205080 0.1424192 0.1457824 0.1325713 0.0643127 0.0160855 0.1046034 0.1482354 0.1483609 0.1435061 0.1041433 0.0910932 0.1527642 0.1055763 0.1358080 0.1281070 0.1418703 0.1251638 0.0121729 0.1174750 0.0000000 0.2014640 
Didelphidae_Didelphis_virginiana             0.0789597 0.0881402 0.0695593 0.1197828 0.1067169 0.0946706 0.0884042 0.0797040 0.1034129 0.2012563 0.0748917 0.0983929 0.1099397 0.0770237 0.1019685 0.1057404 0.0980808 0.0860953 0.2112913 0.0949697 0.1344060 0.0492178 0.1053762 0.0904038 0.1186877 0.1205078 0.0968199 0.1113529 0.1302328 0.1056830 0.0808407 0.2060802 0.1005882 0.2014640 0.0000000 
