37
Burramyidae_Burramys_parvus                  0.0000000 0.0470710 0.0477968 0.0473894 0.0581110 0.0472496 0.0439489 0.0460928 0.0582425 0.0441328 0.0563916 0.0591122 0.0410449 0.0428114 0.0541255 0.0531625 0.0550351 0.0637989 0.0446660 0.0457148 0.0774775 0.0775795 0.0550471 0.0418779 0.0521307 0.0439615 0.0438749 0.0331330 0.0551282 0.0418845 0.0390926 0.0526555 0.0560272 0.0657258 0.0553530 0.1809682 0.1809682 
Vombatidae_Lasiorhinus_latifrons             0.0470710 0.0000000 0.0624330 0.0625416 0.0568903 0.0632705 0.0519506 0.0595629 0.0670439 0.0539708 0.0571430 0.0622709 0.0507495 0.0540628 0.0622669 0.0583158 0.0543944 0.0688862 0.0591954 0.0613721 0.0778955 0.0842642 0.0563748 0.0592034 0.0603757 0.0591661 0.0603997 0.0511925 0.0649824 0.0578200 0.0487045 0.0644354 0.0596582 0.0711611 0.0608544 0.2671564 0.2671564 
Potoroidae_Bettongia_penicillata             0.0477968 0.0624330 0.0000000 0.0037089 0.0692933 0.0624014 0.0628174 0.0144845 0.0773915 0.0611701 0.0638720 0.0692274 0.0570018 0.0570434 0.0641595 0.0675356 0.0670316 0.0808664 0.0228651 0.0617964 0.0902342 0.0917210 0.0647688 0.0361074 0.0652925 0.0603375 0.0236212 0.0537839 0.0687165 0.0570593 0.0549847 0.0749661 0.0690644 0.0825527 0.0710370 0.2655618 0.2655618 
Potoroidae_Bettongia_lesueur                 0.0473894 0.0625416 0.0037089 0.0000000 0.0686688 0.0625129 0.0613545 0.0141472 0.0761069 0.0612791 0.0632319 0.0688476 0.0579518 0.0580663 0.0642715 0.0676517 0.0664383 0.0800623 0.0232957 0.0619652 0.0895807 0.0918696 0.0641492 0.0366221 0.0654432 0.0596499 0.0248183 0.0539668 0.0697997 0.0580691 0.0559295 0.0737025 0.0682865 0.0817373 0.0712107 0.2747191 0.2747191 
Dasyuridae_Dasyurus_maculatus                0.0581110 0.0568903 0.0692933 0.0686688 0.0000000 0.0568044 0.0517568 0.0608492 0.0744338 0.0639496 0.0124591 0.0171139 0.0586826 0.0603118 0.0121824 0.0048962 0.0124278 0.0740876 0.0617663 0.0727308 0.0860452 0.0873733 0.0103499 0.0639283 0.0687238 0.0700166 0.0610107 0.0763062 0.0766955 0.0643667 0.0568863 0.0748645 0.0032234 0.0754466 0.0652637 9.0000000 9.0000000 
Phalangeridae_Trichosurus_vulpecula          0.0472496 0.0632705 0.0624014 0.0625129 0.0568044 0.0000000 0.0198303 0.0611607 0.0820712 0.0399689 0.0585352 0.0731153 0.0366692 0.0609655 0.0668131 0.0668795 0.0523449 0.0833211 0.0603916 0.0628257 0.0795285 0.0946266 0.0563209 0.0604654 0.0647135 0.0585710 0.0602690 0.0588244 0.0720954 0.0583500 0.0363501 0.0799320 0.0691715 0.0843266 0.0659581 0.4534260 0.4534260 
Phalangeridae_Spilocuscus_maculatus          0.0439489 0.0519506 0.0628174 0.0613545 0.0517568 0.0198303 0.0000000 0.0610133 0.0779147 0.0298351 0.0548273 0.0671953 0.0252924 0.0598304 0.0633149 0.0620534 0.0498118 0.0770221 0.0595184 0.0600426 0.0762246 0.0902011 0.0518723 0.0578636 0.0640055 0.0549685 0.0600263 0.0577418 0.0716882 0.0583560 0.0253482 0.0798084 0.0641274 0.0777468 0.0636255 0.4633690 0.4633690 
Potoroidae_Aepyprymnus_rufescens             0.0460928 0.0595629 0.0144845 0.0141472 0.0608492 0.0611607 0.0610133 0.0000000 0.0846366 0.0560524 0.0586261 0.0672753 0.0547669 0.0570538 0.0600851 0.0639540 0.0582713 0.0810848 0.0194653 0.0573598 0.0820193 0.0915836 0.0582791 0.0358797 0.0641783 0.0556756 0.0217444 0.0560716 0.0646469 0.0528559 0.0527235 0.0806667 0.0640507 0.0833277 0.0699185 0.2800207 0.2800207 
Peramelidae_Perameles_nasuta                 0.0582425 0.0670439 0.0773915 0.0761069 0.0744338 0.0820712 0.0779147 0.0846366 0.0000000 0.0651943 0.0731899 0.0830104 0.0626126 0.0756047 0.0755205 0.0774216 0.0641406 0.0138053 0.0774382 0.0681084 0.1006663 0.0995816 0.0704807 0.0782807 0.0652252 0.0706881 0.0790992 0.0663389 0.0858472 0.0809986 0.0614552 0.0123139 0.0755995 0.0009723 0.0777826 0.3509407 0.3509407 
Phalangeridae_Strigocuscus_pelengensis       0.0441328 0.0539708 0.0611701 0.0612791 0.0639496 0.0399689 0.0298351 0.0560524 0.0651943 0.0000000 0.0654536 0.0666112 0.0136702 0.0532379 0.0662700 0.0632352 0.0606946 0.0748611 0.0591643 0.0546763 0.0861931 0.0878701 0.0640841 0.0570984 0.0626221 0.0508555 0.0594001 0.0461142 0.0688820 0.0568048 0.0126073 0.0644862 0.0619600 0.0765482 0.0625644 0.2287246 0.2287246 
Dasyuridae_Phascogale_tapoatafa              0.0563916 0.0571430 0.0638720 0.0632319 0.0124591 0.0585352 0.0548273 0.0586261 0.0731899 0.0654536 0.0000000 0.0171817 0.0604785 0.0601962 0.0028175 0.0125467 0.0146999 0.0742584 0.0575305 0.0736410 0.0845393 0.0881876 0.0073036 0.0617028 0.0679919 0.0685578 0.0593179 0.0749241 0.0785458 0.0636320 0.0579133 0.0723804 0.0136119 0.0771232 0.0684019 9.0000000 9.0000000 
Dasyuridae_Sminthopsis_macroura              0.0591122 0.0622709 0.0692274 0.0688476 0.0171139 0.0731153 0.0671953 0.0672753 0.0830104 0.0666112 0.0171817 0.0000000 0.0644186 0.0682015 0.0266371 0.0256285 0.0147188 0.0800428 0.0687769 0.0743163 0.0835644 0.0906486 0.0154279 0.0705724 0.0691702 0.0710108 0.0705717 0.0764721 0.0757858 0.0701715 0.0623435 0.0811572 0.0240603 0.0823292 0.0730678 0.1649387 0.1649387 
Phalangeridae_Phalanger_orientalis           0.0410449 0.0507495 0.0570018 0.0579518 0.0586826 0.0366692 0.0252924 0.0547669 0.0626126 0.0136702 0.0604785 0.0644186 0.0000000 0.0510033 0.0629943 0.0604656 0.0563055 0.0732676 0.0552203 0.0526304 0.0828903 0.0854874 0.0582019 0.0537958 0.0587733 0.0493688 0.0555562 0.0430222 0.0639567 0.0538253 0.0030535 0.0614604 0.0604583 0.0742149 0.0598376 0.2422952 0.2422952 
Acrobatidae_Acrobates_pygmaeus               0.0428114 0.0540628 0.0570434 0.0580663 0.0603118 0.0609655 0.0598304 0.0570538 0.0756047 0.0532379 0.0601962 0.0682015 0.0510033 0.0000000 0.0654567 0.0606776 0.0606924 0.0747069 0.0543391 0.0492943 0.0818848 0.0826110 0.0577201 0.0541296 0.0620720 0.0478547 0.0534254 0.0450553 0.0574296 0.0322186 0.0489884 0.0728199 0.0626557 0.0798344 0.0653985 0.2585042 0.2585042 
Dasyuridae_Phascogale_calura                 0.0541255 0.0622669 0.0641595 0.0642715 0.0121824 0.0668131 0.0633149 0.0600851 0.0755205 0.0662700 0.0028175 0.0266371 0.0629943 0.0654567 0.0000000 0.0147210 0.0143604 0.0736712 0.0578421 0.0678877 0.0852921 0.0909076 0.0088176 0.0617258 0.0635219 0.0668567 0.0600794 0.0719442 0.0739366 0.0634955 0.0609173 0.0753899 0.0149348 0.0747408 0.0684218 0.1739769 0.1739769 
Dasyuridae_Sarcophilus_harrisii              0.0531625 0.0583158 0.0675356 0.0676517 0.0048962 0.0668795 0.0620534 0.0639540 0.0774216 0.0632352 0.0125467 0.0256285 0.0604656 0.0606776 0.0147210 0.0000000 0.0142726 0.0758623 0.0622467 0.0699146 0.0836430 0.0869426 0.0109754 0.0655879 0.0628610 0.0672311 0.0617065 0.0701527 0.0726200 0.0623469 0.0584082 0.0768785 0.0080264 0.0768858 0.0704917 0.1678323 0.1678323 
Dasyuridae_Planigale_tenuirostris            0.0550351 0.0543944 0.0670316 0.0664383 0.0124278 0.0523449 0.0498118 0.0582713 0.0641406 0.0606946 0.0146999 0.0147188 0.0563055 0.0606924 0.0143604 0.0142726 0.0000000 0.0676891 0.0620474 0.0664189 0.0806077 0.0828329 0.0112913 0.0643426 0.0701909 0.0650001 0.0638963 0.0733966 0.0748867 0.0628151 0.0537719 0.0657011 0.0129847 0.0689205 0.0635082 9.0000000 9.0000000 
Peramelidae_Echymipera_kalubu                0.0637989 0.0688862 0.0808664 0.0800623 0.0740876 0.0833211 0.0770221 0.0810848 0.0138053 0.0748611 0.0742584 0.0800428 0.0732676 0.0747069 0.0736712 0.0758623 0.0676891 0.0000000 0.0792542 0.0768204 0.1017053 0.1034111 0.0713883 0.0755074 0.0727291 0.0758764 0.0797692 0.0674237 0.0878260 0.0779134 0.0711453 0.0110944 0.0749061 0.0151158 0.0710369 0.3306132 0.3306132 
Macropodidae_Dorcopsulus_vanheurni           0.0446660 0.0591954 0.0228651 0.0232957 0.0617663 0.0603916 0.0595184 0.0194653 0.0774382 0.0591643 0.0575305 0.0687769 0.0552203 0.0543391 0.0578421 0.0622467 0.0620474 0.0792542 0.0000000 0.0576085 0.0874298 0.0893697 0.0599660 0.0343790 0.0612893 0.0558708 0.0072476 0.0519798 0.0623040 0.0530848 0.0532065 0.0735355 0.0622975 0.0828496 0.0683444 0.2551068 0.2551068 
Pseudochiridae_Pseudochirulus_forbesi        0.0457148 0.0613721 0.0617964 0.0619652 0.0727308 0.0628257 0.0600426 0.0573598 0.0681084 0.0546763 0.0736410 0.0743163 0.0526304 0.0492943 0.0678877 0.0699146 0.0664189 0.0768204 0.0576085 0.0000000 0.0949940 0.0946555 0.0720097 0.0532395 0.0659004 0.0298963 0.0579882 0.0129016 0.0539515 0.0521966 0.0515110 0.0683861 0.0686862 0.0769282 0.0679877 0.2403505 0.2403505 
Didelphidae_Didelphis_virginiana             0.0774775 0.0778955 0.0902342 0.0895807 0.0860452 0.0795285 0.0762246 0.0820193 0.1006663 0.0861931 0.0845393 0.0835644 0.0828903 0.0818848 0.0852921 0.0836430 0.0806077 0.1017053 0.0874298 0.0949940 0.0000000 0.0328416 0.0820859 0.0829436 0.0884341 0.0908783 0.0887273 0.0860539 0.0973739 0.0843078 0.0810047 0.1030583 0.0873380 0.1027108 0.0787142 9.0000000 9.0000000 
Marmosidae_Monodelphis_domestica             0.0775795 0.0842642 0.0917210 0.0918696 0.0873733 0.0946266 0.0902011 0.0915836 0.0995816 0.0878701 0.0881876 0.0906486 0.0854874 0.0826110 0.0909076 0.0869426 0.0828329 0.1034111 0.0893697 0.0946555 0.0328416 0.0000000 0.0832978 0.0860845 0.0829062 0.0863031 0.0899941 0.0859479 0.0968194 0.0833244 0.0854858 0.1010833 0.0904372 0.1040197 0.0879916 0.3373715 0.3373715 
Dasyuridae_Antechinus_stuartii               0.0550471 0.0563748 0.0647688 0.0641492 0.0103499 0.0563209 0.0518723 0.0582791 0.0704807 0.0640841 0.0073036 0.0154279 0.0582019 0.0577201 0.0088176 0.0109754 0.0112913 0.0713883 0.0599660 0.0720097 0.0820859 0.0832978 0.0000000 0.0620365 0.0681607 0.0666474 0.0617460 0.0746583 0.0740395 0.0611262 0.0564020 0.0709423 0.0114558 0.0727162 0.0639316 9.0000000 9.0000000 
Hypsiprymnodontidae_Hypsiprymnodon_moschatus 0.0418779 0.0592034 0.0361074 0.0366221 0.0639283 0.0604654 0.0578636 0.0358797 0.0782807 0.0570984 0.0617028 0.0705724 0.0537958 0.0541296 0.0617258 0.0655879 0.0643426 0.0755074 0.0343790 0.0532395 0.0829436 0.0860845 0.0620365 0.0000000 0.0591196 0.0561966 0.0339672 0.0500840 0.0640185 0.0522906 0.0526719 0.0751855 0.0652839 0.0774369 0.0695318 0.2790799 0.2790799 
Microbiotheriidae_Dromiciops_gliroides       0.0521307 0.0603757 0.0652925 0.0654432 0.0687238 0.0647135 0.0640055 0.0641783 0.0652252 0.0626221 0.0679919 0.0691702 0.0587733 0.0620720 0.0635219 0.0628610 0.0701909 0.0727291 0.0612893 0.0659004 0.0884341 0.0829062 0.0681607 0.0591196 0.0000000 0.0697320 0.0610875 0.0525439 0.0766213 0.0632275 0.0566577 0.0640142 0.0646997 0.0740881 0.0618909 0.1893133 0.1893133 
Pseudochiridae_Petauroides_volans            0.0439615 0.0591661 0.0603375 0.0596499 0.0700166 0.0585710 0.0549685 0.0556756 0.0706881 0.0508555 0.0685578 0.0710108 0.0493688 0.0478547 0.0668567 0.0672311 0.0650001 0.0758764 0.0558708 0.0298963 0.0908783 0.0863031 0.0666474 0.0561966 0.0697320 0.0000000 0.0561841 0.0225580 0.0495025 0.0474971 0.0481620 0.0660686 0.0664829 0.0776381 0.0705462 0.2222710 0.2222710 
Macropodidae_Wallabia_bicolor                0.0438749 0.0603997 0.0236212 0.0248183 0.0610107 0.0602690 0.0600263 0.0217444 0.0790992 0.0594001 0.0593179 0.0705717 0.0555562 0.0534254 0.0600794 0.0617065 0.0638963 0.0797692 0.0072476 0.0579882 0.0887273 0.0899941 0.0617460 0.0339672 0.0610875 0.0561841 0.0000000 0.0518557 0.0626310 0.0518556 0.0535444 0.0752289 0.0626319 0.0832892 0.0689103 0.2655919 0.2655919 
Pseudochiridae_Pseudocheirus_occidentalis    0.0331330 0.0511925 0.0537839 0.0539668 0.0763062 0.0588244 0.0577418 0.0560716 0.0663389 0.0461142 0.0749241 0.0764721 0.0430222 0.0450553 0.0719442 0.0701527 0.0733966 0.0674237 0.0519798 0.0129016 0.0860539 0.0859479 0.0746583 0.0500840 0.0525439 0.0225580 0.0518557 0.0000000 0.0436496 0.0493470 0.0418520 0.0644598 0.0694088 0.0675027 0.0654734 0.2409674 0.2409674 
Tarsipedidae_Tarsipes_rostratus              0.0551282 0.0649824 0.0687165 0.0697997 0.0766955 0.0720954 0.0716882 0.0646469 0.0858472 0.0688820 0.0785458 0.0757858 0.0639567 0.0574296 0.0739366 0.0726200 0.0748867 0.0878260 0.0623040 0.0539515 0.0973739 0.0968194 0.0740395 0.0640185 0.0766213 0.0495025 0.0626310 0.0436496 0.0000000 0.0574991 0.0618795 0.0820007 0.0738423 0.0884128 0.0748030 0.2217799 0.2217799 
Acrobatidae_Distoechurus_pennatus            0.0418845 0.0578200 0.0570593 0.0580691 0.0643667 0.0583500 0.0583560 0.0528559 0.0809986 0.0568048 0.0636320 0.0701715 0.0538253 0.0322186 0.0634955 0.0623469 0.0628151 0.0779134 0.0530848 0.0521966 0.0843078 0.0833244 0.0611262 0.0522906 0.0632275 0.0474971 0.0518556 0.0493470 0.0574991 0.0000000 0.0518274 0.0782617 0.0632859 0.0802532 0.0631807 0.2339173 0.2339173 
Phalangeridae_Phalanger_carmelitae           0.0390926 0.0487045 0.0549847 0.0559295 0.0568863 0.0363501 0.0253482 0.0527235 0.0614552 0.0126073 0.0579133 0.0623435 0.0030535 0.0489884 0.0609173 0.0584082 0.0537719 0.0711453 0.0532065 0.0515110 0.0810047 0.0854858 0.0564020 0.0526719 0.0566577 0.0481620 0.0535444 0.0418520 0.0618795 0.0518274 0.0000000 0.0603164 0.0583853 0.0720661 0.0575683 0.2305850 0.2305850 
Peramelidae_Peroryctes_raffrayana            0.0526555 0.0644354 0.0749661 0.0737025 0.0748645 0.0799320 0.0798084 0.0806667 0.0123139 0.0644862 0.0723804 0.0811572 0.0614604 0.0728199 0.0753899 0.0768785 0.0657011 0.0110944 0.0735355 0.0683861 0.1030583 0.1010833 0.0709423 0.0751855 0.0640142 0.0660686 0.0752289 0.0644598 0.0820007 0.0782617 0.0603164 0.0000000 0.0749150 0.0130514 0.0731491 0.2954620 0.2954620 
Dasyuridae_Dasyurus_geffroii                 0.0560272 0.0596582 0.0690644 0.0682865 0.0032234 0.0691715 0.0641274 0.0640507 0.0755995 0.0619600 0.0136119 0.0240603 0.0604583 0.0626557 0.0149348 0.0080264 0.0129847 0.0749061 0.0622975 0.0686862 0.0873380 0.0904372 0.0114558 0.0652839 0.0646997 0.0664829 0.0626319 0.0694088 0.0738423 0.0632859 0.0583853 0.0749150 0.0000000 0.0757882 0.0684696 0.1572205 0.1572205 
Peramelidae_Perameles_gunnii                 0.0657258 0.0711611 0.0825527 0.0817373 0.0754466 0.0843266 0.0777468 0.0833277 0.0009723 0.0765482 0.0771232 0.0823292 0.0742149 0.0798344 0.0747408 0.0768858 0.0689205 0.0151158 0.0828496 0.0769282 0.1027108 0.1040197 0.0727162 0.0774369 0.0740881 0.0776381 0.0832892 0.0675027 0.0884128 0.0802532 0.0720661 0.0130514 0.0757882 0.0000000 0.0727002 0.3403778 0.3403778 
Notoryctidae_Notoryctes_typhlops             0.0553530 0.0608544 0.0710370 0.0712107 0.0652637 0.0659581 0.0636255 0.0699185 0.0777826 0.0625644 0.0684019 0.0730678 0.0598376 0.0653985 0.0684218 0.0704917 0.0635082 0.0710369 0.0683444 0.0679877 0.0787142 0.0879916 0.0639316 0.0695318 0.0618909 0.0705462 0.0689103 0.0654734 0.0748030 0.0631807 0.0575683 0.0731491 0.0684696 0.0727002 0.0000000 0.2975374 0.2975374 
Myrmecobiidae_Myrmecobius_fasciatus1         0.1809682 0.2671564 0.2655618 0.2747191 9.0000000 0.4534260 0.4633690 0.2800207 0.3509407 0.2287246 9.0000000 0.1649387 0.2422952 0.2585042 0.1739769 0.1678323 9.0000000 0.3306132 0.2551068 0.2403505 9.0000000 0.3373715 9.0000000 0.2790799 0.1893133 0.2222710 0.2655919 0.2409674 0.2217799 0.2339173 0.2305850 0.2954620 0.1572205 0.3403778 0.2975374 0.0000000 0.0000010 
Myrmecobiidae_Myrmecobius_fasciatus2         0.1809682 0.2671564 0.2655618 0.2747191 9.0000000 0.4534260 0.4633690 0.2800207 0.3509407 0.2287246 9.0000000 0.1649387 0.2422952 0.2585042 0.1739769 0.1678323 9.0000000 0.3306132 0.2551068 0.2403505 9.0000000 0.3373715 9.0000000 0.2790799 0.1893133 0.2222710 0.2655919 0.2409674 0.2217799 0.2339173 0.2305850 0.2954620 0.1572205 0.3403778 0.2975374 0.0000010 0.0000000 
