35
Notoryctidae_Notoryctes_typhlops             0.0000000 0.0841147 0.1118999 0.0941539 0.0975363 0.1589922 0.1009638 0.0954473 0.0837574 0.1121173 0.0693544 0.0957485 0.0825322 0.0768186 0.0822686 0.0775907 0.1046162 0.0826410 0.0920683 0.0820338 0.0871057 0.0943926 0.1045729 0.0835057 0.1099438 0.0843354 0.0847158 0.0820948 0.0767094 0.0769473 0.0892327 0.0851182 0.0819098 0.0844887 0.0810108 
Potoroidae_Bettongia_lesueur                 0.0841147 0.0000000 0.1068702 0.0921974 0.0945534 0.1341902 0.0958006 0.0730689 0.0299881 0.1076624 0.0504049 0.0752102 0.0070030 0.0526692 0.0563611 0.0086237 0.0477921 0.0575789 0.0965169 0.0545228 0.0583552 0.1122648 0.1028192 0.0700223 0.0425573 0.0669103 0.0854863 0.0315507 0.0585367 0.0585292 0.0714372 0.0659959 0.0672421 0.0584451 0.0703207 
Dasyuridae_Dasyurus_maculatus                0.1118999 0.1068702 0.0000000 0.0286361 0.0310231 0.1466433 0.0195574 0.0960029 0.1026324 0.0054326 0.1146675 0.1477117 0.1357847 0.1221503 0.1270241 0.1312843 0.0939187 0.1064520 0.0429901 0.1247084 0.1361578 0.0210295 0.0378539 0.1239373 0.1543499 0.1344068 0.1024334 0.1247649 0.1438281 0.1318228 0.1474607 0.1444222 0.1279149 0.1047398 0.1170727 
Dasyuridae_Phascogale_tapoatafa              0.0941539 0.0921974 0.0286361 0.0000000 0.0041411 0.1465617 0.0165207 0.0885684 0.0883867 0.0286570 0.0893878 0.1122280 0.1055061 0.0927897 0.0983009 0.1015523 0.0683065 0.0978148 0.0219349 0.0960072 0.0987819 0.0177232 0.0408734 0.0975184 0.1231613 0.1034271 0.0966236 0.0955907 0.1108093 0.0999867 0.1210727 0.1064207 0.0983583 0.0792582 0.0905909 
Dasyuridae_Phascogale_calura                 0.0975363 0.0945534 0.0310231 0.0041411 0.0000000 0.1500022 0.0181582 0.0924517 0.0903252 0.0310454 0.0911959 0.1160090 0.1082787 0.0961736 0.1017633 0.1042876 0.0693718 0.1014379 0.0251101 0.0994607 0.1023885 0.0199032 0.0446521 0.1009910 0.1267114 0.1070317 0.1016450 0.0989844 0.1117953 0.1027756 0.1250562 0.1115591 0.1036153 0.0819191 0.0939696 
Didelphidae_Didelphis_virginiana             0.1589922 0.1341902 0.1466433 0.1465617 0.1500022 0.0000000 0.1404127 0.1157436 0.1366060 0.1494065 0.1600837 0.1789811 0.1753359 0.1705321 0.1778404 0.1714126 0.1455768 0.1655564 0.1911618 0.1746709 0.1833488 0.1914700 0.1826344 0.1734539 0.2041223 0.1864761 0.0327411 0.1785018 0.1854334 0.1697266 0.1958660 0.1943132 0.1316680 0.1539715 0.1718910 
Dasyuridae_Antechinus_stuartii               0.1009638 0.0958006 0.0195574 0.0165207 0.0181582 0.1404127 0.0000000 0.0873875 0.0924881 0.0199181 0.1038952 0.1298353 0.1178677 0.1059106 0.1136219 0.1136498 0.0796274 0.0966064 0.0334735 0.1064062 0.1117023 0.0302686 0.0337600 0.1084101 0.1375326 0.1180236 0.0943528 0.1099417 0.1221076 0.1109445 0.1295363 0.1237216 0.1112196 0.0896718 0.1026738 
Microbiotheriidae_Dromiciops_gliroides       0.0954473 0.0730689 0.0960029 0.0885684 0.0924517 0.1157436 0.0873875 0.0000000 0.0694486 0.0965300 0.0731750 0.0900665 0.0798737 0.0809550 0.0842312 0.0775881 0.0456664 0.0857864 0.1003363 0.0809347 0.0711679 0.1086502 0.0958439 0.0782962 0.1040052 0.0868246 0.0930750 0.0796639 0.0887245 0.0825798 0.0903120 0.0893533 0.0896183 0.0645046 0.0770651 
Macropodidae_Wallabia_bicolor                0.0837574 0.0299881 0.1026324 0.0883867 0.0903252 0.1366060 0.0924881 0.0694486 0.0000000 0.1031969 0.0514848 0.0718363 0.0281601 0.0524780 0.0572875 0.0253431 0.0446528 0.0592008 0.0977758 0.0565811 0.0608809 0.1051492 0.1026343 0.0694224 0.0313172 0.0647644 0.0895285 0.0342607 0.0557935 0.0553037 0.0686373 0.0642029 0.0684332 0.0539562 0.0676848 
Dasyuridae_Dasyurus_geffroii                 0.1121173 0.1076624 0.0054326 0.0286570 0.0310454 0.1494065 0.0199181 0.0965300 0.1031969 0.0000000 0.1121729 0.1428240 0.1334127 0.1186212 0.1233864 0.1289596 0.0969770 0.1043430 0.0401199 0.1218929 0.1332533 0.0195650 0.0354815 0.1221690 0.1527040 0.1300058 0.1033078 0.1216243 0.1389416 0.1272482 0.1440517 0.1403591 0.1261535 0.1064874 0.1169421 
Burramyidae_Burramys_parvus                  0.0693544 0.0504049 0.1146675 0.0893878 0.0911959 0.1600837 0.1038952 0.0731750 0.0514848 0.1121729 0.0000000 0.0670791 0.0530208 0.0457180 0.0510296 0.0499359 0.0371408 0.0526838 0.0873434 0.0508145 0.0548289 0.0972685 0.0929803 0.0622972 0.0740258 0.0554933 0.0824538 0.0512859 0.0505240 0.0486750 0.0633228 0.0592280 0.0604863 0.0493309 0.0639175 
Vombatidae_Lasiorhinus_latifrons             0.0957485 0.0752102 0.1477117 0.1122280 0.1160090 0.1789811 0.1298353 0.0900665 0.0718363 0.1428240 0.0670791 0.0000000 0.0757848 0.0783233 0.0806177 0.0731936 0.0474832 0.0832789 0.1128684 0.0798858 0.0750132 0.1226521 0.1186903 0.0790745 0.1022490 0.0788084 0.0955095 0.0772284 0.0798401 0.0715215 0.0941927 0.0837558 0.0897803 0.0665871 0.0810887 
Potoroidae_Bettongia_penicillata             0.0825322 0.0070030 0.1357847 0.1055061 0.1082787 0.1753359 0.1178677 0.0798737 0.0281601 0.1334127 0.0530208 0.0757848 0.0000000 0.0548947 0.0586419 0.0102885 0.0519355 0.0588535 0.1022957 0.0567973 0.0604093 0.1158166 0.1099053 0.0735181 0.0433522 0.0690855 0.0890681 0.0349774 0.0618758 0.0613204 0.0759449 0.0670242 0.0698500 0.0619585 0.0738403 
Phalangeridae_Trichosurus_vulpecula          0.0768186 0.0526692 0.1221503 0.0927897 0.0961736 0.1705321 0.1059106 0.0809550 0.0524780 0.1186212 0.0457180 0.0783233 0.0548947 0.0000000 0.0193772 0.0526265 0.0417186 0.0207955 0.0911445 0.0195471 0.0553447 0.1039092 0.0970781 0.0703394 0.0748731 0.0537545 0.0865566 0.0519455 0.0536067 0.0490900 0.0699487 0.0545516 0.0277156 0.0537032 0.0718852 
Phalangeridae_Spilocuscus_maculatus          0.0822686 0.0563611 0.1270241 0.0983009 0.1017633 0.1778404 0.1136219 0.0842312 0.0572875 0.1233864 0.0510296 0.0806177 0.0586419 0.0193772 0.0000000 0.0574513 0.0488906 0.0138254 0.0941745 0.0103625 0.0591471 0.1083156 0.1008740 0.0759747 0.0802137 0.0640423 0.0891086 0.0591827 0.0610196 0.0559538 0.0747039 0.0611777 0.0196769 0.0625518 0.0769565 
Potoroidae_Aepyprymnus_rufescens             0.0775907 0.0086237 0.1312843 0.1015523 0.1042876 0.1714126 0.1136498 0.0775881 0.0253431 0.1289596 0.0499359 0.0731936 0.0102885 0.0526265 0.0574513 0.0000000 0.0453522 0.0580824 0.0976340 0.0556114 0.0573010 0.1116674 0.1028761 0.0690040 0.0422207 0.0652720 0.0857841 0.0310301 0.0562236 0.0575460 0.0704618 0.0642067 0.0655961 0.0560850 0.0692970 
Peramelidae_Perameles_nasuta                 0.1046162 0.0477921 0.0939187 0.0683065 0.0693718 0.1455768 0.0796274 0.0456664 0.0446528 0.0969770 0.0371408 0.0474832 0.0519355 0.0417186 0.0488906 0.0453522 0.0000000 0.0433676 0.0704550 0.0471860 0.0437276 0.0786350 0.0721102 0.0097346 0.0721736 0.0527913 0.0582011 0.0508249 0.0466140 0.0461385 0.0572424 0.0448595 0.0523682 0.0052103 0.0004222 
Phalangeridae_Strigocuscus_pelengensis       0.0826410 0.0575789 0.1064520 0.0978148 0.1014379 0.1655564 0.0966064 0.0857864 0.0592008 0.1043430 0.0526838 0.0832789 0.0588535 0.0207955 0.0138254 0.0580824 0.0433676 0.0000000 0.0959695 0.0095436 0.0581490 0.1073006 0.0878791 0.0752551 0.0808292 0.0652887 0.0905580 0.0592387 0.0636222 0.0569254 0.0745741 0.0648292 0.0226637 0.0594798 0.0762748 
Dasyuridae_Sminthopsis_macroura              0.0920683 0.0965169 0.0429901 0.0219349 0.0251101 0.1911618 0.0334735 0.1003363 0.0977758 0.0401199 0.0873434 0.1128684 0.1022957 0.0911445 0.0941745 0.0976340 0.0704550 0.0959695 0.0000000 0.0931319 0.1010951 0.0295440 0.0316636 0.0982687 0.1222120 0.1027911 0.0989076 0.0968148 0.1067546 0.0959241 0.1128963 0.1039649 0.1004782 0.0790607 0.0921534 
Phalangeridae_Phalanger_orientalis           0.0820338 0.0545228 0.1247084 0.0960072 0.0994607 0.1746709 0.1064062 0.0809347 0.0565811 0.1218929 0.0508145 0.0798858 0.0567973 0.0195471 0.0103625 0.0556114 0.0471860 0.0095436 0.0931319 0.0000000 0.0592441 0.1076640 0.0964687 0.0752386 0.0795455 0.0632468 0.0878688 0.0577580 0.0603013 0.0567983 0.0738813 0.0637359 0.0127840 0.0608577 0.0769375 
Acrobatidae_Acrobates_pygmaeus               0.0871057 0.0583552 0.1361578 0.0987819 0.1023885 0.1833488 0.1117023 0.0711679 0.0608809 0.1332533 0.0548289 0.0750132 0.0604093 0.0553447 0.0591471 0.0573010 0.0437276 0.0581490 0.1010951 0.0592441 0.0000000 0.1135525 0.1019928 0.0725150 0.0848243 0.0582751 0.0944319 0.0607096 0.0510640 0.0513491 0.0649030 0.0336272 0.0729618 0.0588595 0.0715882 
Dasyuridae_Sarcophilus_harrisii              0.0943926 0.1122648 0.0210295 0.0177232 0.0199032 0.1914700 0.0302686 0.1086502 0.1051492 0.0195650 0.0972685 0.1226521 0.1158166 0.1039092 0.1083156 0.1116674 0.0786350 0.1073006 0.0295440 0.1076640 0.1135525 0.0000000 0.0477359 0.1089286 0.1330446 0.1099435 0.1045264 0.1055877 0.1195423 0.1077325 0.1262528 0.1199642 0.1116151 0.0897874 0.1025503 
Dasyuridae_Planigale_tenuirostris            0.1045729 0.1028192 0.0378539 0.0408734 0.0446521 0.1826344 0.0337600 0.0958439 0.1026343 0.0354815 0.0929803 0.1186903 0.1099053 0.0970781 0.1008740 0.1028761 0.0721102 0.0878791 0.0316636 0.0964687 0.1019928 0.0477359 0.0000000 0.1030131 0.1321949 0.1027240 0.1027453 0.0989174 0.1134177 0.1035885 0.1212530 0.1107551 0.1160334 0.0869838 0.1009855 
Peramelidae_Echymipera_kalubu                0.0835057 0.0700223 0.1239373 0.0975184 0.1009910 0.1734539 0.1084101 0.0782962 0.0694224 0.1221690 0.0622972 0.0790745 0.0735181 0.0703394 0.0759747 0.0690040 0.0097346 0.0752551 0.0982687 0.0752386 0.0725150 0.1089286 0.1030131 0.0000000 0.0939122 0.0833270 0.0927599 0.0682714 0.0799114 0.0739873 0.0912643 0.0745478 0.0849729 0.0101487 0.0129298 
Macropodidae_Dorcopsulus_vanheurni           0.1099438 0.0425573 0.1543499 0.1231613 0.1267114 0.2041223 0.1375326 0.1040052 0.0313172 0.1527040 0.0740258 0.1022490 0.0433522 0.0748731 0.0802137 0.0422207 0.0721736 0.0808292 0.1222120 0.0795455 0.0848243 0.1330446 0.1321949 0.0939122 0.0000000 0.0891946 0.1150727 0.0533584 0.0806186 0.0796509 0.0993843 0.0875710 0.0923862 0.0791045 0.0921298 
Pseudochiridae_Pseudochirulus_forbesi        0.0843354 0.0669103 0.1344068 0.1034271 0.1070317 0.1864761 0.1180236 0.0868246 0.0647644 0.1300058 0.0554933 0.0788084 0.0690855 0.0537545 0.0640423 0.0652720 0.0527913 0.0652887 0.1027911 0.0632468 0.0582751 0.1099435 0.1027240 0.0833270 0.0891946 0.0000000 0.0988607 0.0711271 0.0401611 0.0209955 0.0650167 0.0592032 0.0739070 0.0685271 0.0822073 
Marmosidae_Monodelphis_domestica             0.0847158 0.0854863 0.1024334 0.0966236 0.1016450 0.0327411 0.0943528 0.0930750 0.0895285 0.1033078 0.0824538 0.0955095 0.0890681 0.0865566 0.0891086 0.0857841 0.0582011 0.0905580 0.0989076 0.0878688 0.0944319 0.1045264 0.1027453 0.0927599 0.1150727 0.0988607 0.0000000 0.0916552 0.0853891 0.0905421 0.0943759 0.1064617 0.0918841 0.0745065 0.0898696 
Hypsiprymnodontidae_Hypsiprymnodon_moschatus 0.0820948 0.0315507 0.1247649 0.0955907 0.0989844 0.1785018 0.1099417 0.0796639 0.0342607 0.1216243 0.0512859 0.0772284 0.0349774 0.0519455 0.0591827 0.0310301 0.0508249 0.0592387 0.0968148 0.0577580 0.0607096 0.1055877 0.0989174 0.0682714 0.0533584 0.0711271 0.0916552 0.0000000 0.0617753 0.0646774 0.0750686 0.0638574 0.0667768 0.0607998 0.0699683 
Pseudochiridae_Petauroides_volans            0.0767094 0.0585367 0.1438281 0.1108093 0.1117953 0.1854334 0.1221076 0.0887245 0.0557935 0.1389416 0.0505240 0.0798401 0.0618758 0.0536067 0.0610196 0.0562236 0.0466140 0.0636222 0.1067546 0.0603013 0.0510640 0.1195423 0.1134177 0.0799114 0.0806186 0.0401611 0.0853891 0.0617753 0.0000000 0.0300355 0.0527923 0.0528677 0.0720862 0.0627056 0.0787880 
Pseudochiridae_Pseudocheirus_occidentalis    0.0769473 0.0585292 0.1318228 0.0999867 0.1027756 0.1697266 0.1109445 0.0825798 0.0553037 0.1272482 0.0486750 0.0715215 0.0613204 0.0490900 0.0559538 0.0575460 0.0461385 0.0569254 0.0959241 0.0567983 0.0513491 0.1077325 0.1035885 0.0739873 0.0796509 0.0209955 0.0905421 0.0646774 0.0300355 0.0000000 0.0552738 0.0530531 0.0661690 0.0591364 0.0713098 
Tarsipedidae_Tarsipes_rostratus              0.0892327 0.0714372 0.1474607 0.1210727 0.1250562 0.1958660 0.1295363 0.0903120 0.0686373 0.1440517 0.0633228 0.0941927 0.0759449 0.0699487 0.0747039 0.0704618 0.0572424 0.0745741 0.1128963 0.0738813 0.0649030 0.1262528 0.1212530 0.0912643 0.0993843 0.0650167 0.0943759 0.0750686 0.0527923 0.0552738 0.0000000 0.0726910 0.0888505 0.0773658 0.0933936 
Acrobatidae_Distoechurus_pennatus            0.0851182 0.0659959 0.1444222 0.1064207 0.1115591 0.1943132 0.1237216 0.0893533 0.0642029 0.1403591 0.0592280 0.0837558 0.0670242 0.0545516 0.0611777 0.0642067 0.0448595 0.0648292 0.1039649 0.0637359 0.0336272 0.1199642 0.1107551 0.0745478 0.0875710 0.0592032 0.1064617 0.0638574 0.0528677 0.0530531 0.0726910 0.0000000 0.0758913 0.0608138 0.0735307 
Phalangeridae_Phalanger_carmelitae           0.0819098 0.0672421 0.1279149 0.0983583 0.1036153 0.1316680 0.1112196 0.0896183 0.0684332 0.1261535 0.0604863 0.0897803 0.0698500 0.0277156 0.0196769 0.0655961 0.0523682 0.0226637 0.1004782 0.0127840 0.0729618 0.1116151 0.1160334 0.0849729 0.0923862 0.0739070 0.0918841 0.0667768 0.0720862 0.0661690 0.0888505 0.0758913 0.0000000 0.0704915 0.0862398 
Peramelidae_Peroryctes_raffrayana            0.0844887 0.0584451 0.1047398 0.0792582 0.0819191 0.1539715 0.0896718 0.0645046 0.0539562 0.1064874 0.0493309 0.0665871 0.0619585 0.0537032 0.0625518 0.0560850 0.0052103 0.0594798 0.0790607 0.0608577 0.0588595 0.0897874 0.0869838 0.0101487 0.0791045 0.0685271 0.0745065 0.0607998 0.0627056 0.0591364 0.0773658 0.0608138 0.0704915 0.0000000 0.0084098 
Peramelidae_Perameles_gunnii                 0.0810108 0.0703207 0.1170727 0.0905909 0.0939696 0.1718910 0.1026738 0.0770651 0.0676848 0.1169421 0.0639175 0.0810887 0.0738403 0.0718852 0.0769565 0.0692970 0.0004222 0.0762748 0.0921534 0.0769375 0.0715882 0.1025503 0.1009855 0.0129298 0.0921298 0.0822073 0.0898696 0.0699683 0.0787880 0.0713098 0.0933936 0.0735307 0.0862398 0.0084098 0.0000000 
