35
Burramyidae_Burramys_parvus                  0.0000000 0.0807150 0.0662306 0.0740977 0.0756315 0.0833001 0.0512351 0.0530734 0.0755622 0.0811861 0.0649920 0.0815550 0.0886308 0.0559430 0.0590733 0.0806556 0.0828358 0.0888294 0.0728676 0.0691918 0.0607543 0.0826710 0.0913072 0.0747350 0.0719113 0.0826363 0.0570036 0.0698108 0.0578003 0.0735459 0.0643397 0.0543556 0.0780722 0.0818186 0.0852868 
Notoryctidae_Notoryctes_typhlops             0.0807150 0.0000000 0.0891082 0.1013742 0.1019358 0.0989119 0.0826010 0.0875053 0.1018225 0.0958001 0.0923886 0.1012971 0.1035803 0.0885001 0.0974783 0.0984322 0.1009441 0.1010377 0.0918505 0.0959613 0.0917984 0.1096025 0.1130846 0.0963877 0.0979403 0.0966240 0.0936768 0.0973135 0.0905782 0.1128233 0.0997876 0.0866984 0.0956487 0.0982960 0.0981328 
Vombatidae_Lasiorhinus_latifrons             0.0662306 0.0891082 0.0000000 0.0857230 0.0871946 0.0885961 0.0639523 0.0687290 0.0855237 0.0869383 0.0786902 0.0886091 0.0922883 0.0693799 0.0730776 0.0876338 0.0890049 0.0937254 0.0826187 0.0780695 0.0735568 0.0902159 0.0898703 0.0830402 0.0793990 0.0805301 0.0704268 0.0769201 0.0636466 0.0882066 0.0806629 0.0685701 0.0878240 0.0871241 0.0891786 
Potoroidae_Bettongia_penicillata             0.0740977 0.1013742 0.0857230 0.0000000 0.0026815 0.1140053 0.0737222 0.0721167 0.0101853 0.1002074 0.0820671 0.1122347 0.1122634 0.0758486 0.0798842 0.1111812 0.1115276 0.1176047 0.0988621 0.0221947 0.0891068 0.1162571 0.1094951 0.1047978 0.0548886 0.1023209 0.0814663 0.0230010 0.0762750 0.0883618 0.0867000 0.0767126 0.1038081 0.1117357 0.1046422 
Potoroidae_Bettongia_lesueur                 0.0756315 0.1019358 0.0871946 0.0026815 0.0000000 0.1165659 0.0761088 0.0729948 0.0115451 0.1028881 0.0836658 0.1147890 0.1147995 0.0773944 0.0831365 0.1137281 0.1141724 0.1195086 0.1013476 0.0236281 0.0906517 0.1188756 0.1120263 0.1064905 0.0571446 0.1029054 0.0833043 0.0244430 0.0798388 0.0900146 0.0899946 0.0782615 0.1065217 0.1142969 0.1071634 
Dasyuridae_Dasyurus_maculatus                0.0833001 0.0989119 0.0885961 0.1140053 0.1165659 0.0000000 0.0856161 0.0929303 0.1144934 0.1033749 0.0970576 0.0192728 0.0292197 0.0936913 0.0951098 0.0171357 0.0074631 0.0289091 0.0953297 0.1090868 0.0841071 0.1180491 0.1273277 0.0174961 0.1084213 0.1011022 0.0887296 0.1089174 0.0815599 0.1060292 0.0979180 0.0929373 0.0965803 0.0054072 0.1046683 
Phalangeridae_Trichosurus_vulpecula          0.0512351 0.0826010 0.0639523 0.0737222 0.0761088 0.0856161 0.0000000 0.0189133 0.0742987 0.0820588 0.0314987 0.0857719 0.0928072 0.0228737 0.0613402 0.0848028 0.0834589 0.0953225 0.0746757 0.0655392 0.0650122 0.0834747 0.0925031 0.0804717 0.0671669 0.0869071 0.0594543 0.0635008 0.0572981 0.0693264 0.0670168 0.0207120 0.0793611 0.0842234 0.0852910 
Phalangeridae_Spilocuscus_maculatus          0.0530734 0.0875053 0.0687290 0.0721167 0.0729948 0.0929303 0.0189133 0.0000000 0.0711931 0.0858423 0.0206752 0.0912881 0.0983256 0.0152702 0.0671379 0.0902886 0.0915161 0.0996150 0.0784093 0.0638266 0.0717513 0.0947169 0.0975168 0.0866194 0.0690213 0.0904429 0.0660809 0.0634347 0.0623423 0.0767302 0.0704684 0.0117370 0.0834657 0.0914435 0.0901105 
Potoroidae_Aepyprymnus_rufescens             0.0755622 0.1018225 0.0855237 0.0101853 0.0115451 0.1144934 0.0742987 0.0711931 0.0000000 0.1024630 0.0834120 0.1128300 0.1128544 0.0764299 0.0803673 0.1117772 0.1120344 0.1173737 0.1009326 0.0250793 0.0886502 0.1168805 0.1118313 0.1046348 0.0548896 0.1073010 0.0785559 0.0251475 0.0752889 0.0861093 0.0854883 0.0773454 0.1042859 0.1123338 0.1067160 
Peramelidae_Perameles_nasuta                 0.0811861 0.0958001 0.0869383 0.1002074 0.1028881 0.1033749 0.0820588 0.0858423 0.1024630 0.0000000 0.0968940 0.1012174 0.1057572 0.0877244 0.0863027 0.0984386 0.1018840 0.1017396 0.0194268 0.0976571 0.0912594 0.1085280 0.1090224 0.0949731 0.0928067 0.0827591 0.0831911 0.0991943 0.0849681 0.1058830 0.0925105 0.0868904 0.0258504 0.1019913 0.0040792 
Phalangeridae_Strigocuscus_pelengensis       0.0649920 0.0923886 0.0786902 0.0820671 0.0836658 0.0970576 0.0314987 0.0206752 0.0834120 0.0968940 0.0000000 0.0941509 0.0994422 0.0254213 0.0787091 0.0931299 0.0955986 0.1061595 0.0923661 0.0733395 0.0775134 0.1017884 0.1080553 0.0918795 0.0838263 0.1021475 0.0720346 0.0731433 0.0698503 0.0808170 0.0821884 0.0217883 0.0952025 0.0964879 0.1009248 
Dasyuridae_Phascogale_tapoatafa              0.0815550 0.1012971 0.0886091 0.1122347 0.1147890 0.0192728 0.0857719 0.0912881 0.1128300 0.1012174 0.0941509 0.0000000 0.0293287 0.0937823 0.0930841 0.0033702 0.0179806 0.0315353 0.0938943 0.1072593 0.0878049 0.1165822 0.1238756 0.0076242 0.1067659 0.0995562 0.0918602 0.1067881 0.0885074 0.1059310 0.0976440 0.0930276 0.0957451 0.0179009 0.1025186 
Dasyuridae_Sminthopsis_macroura              0.0886308 0.1035803 0.0922883 0.1122634 0.1147995 0.0292197 0.0928072 0.0983256 0.1128544 0.1057572 0.0994422 0.0293287 0.0000000 0.0972098 0.1025646 0.0256871 0.0279637 0.0266386 0.1001267 0.1085180 0.0914549 0.1228790 0.1263182 0.0262519 0.1120583 0.1050665 0.0940172 0.1087701 0.0935066 0.1154009 0.1010076 0.0964608 0.0999159 0.0278373 0.1070461 
Phalangeridae_Phalanger_orientalis           0.0559430 0.0885001 0.0693799 0.0758486 0.0773944 0.0936913 0.0228737 0.0152702 0.0764299 0.0877244 0.0254213 0.0937823 0.0972098 0.0000000 0.0699690 0.0927923 0.0923103 0.1035336 0.0818595 0.0677226 0.0738180 0.0921685 0.0966715 0.0894405 0.0743292 0.0926697 0.0677280 0.0681888 0.0665208 0.0796100 0.0757491 0.0060832 0.0844477 0.0922305 0.0916990 
Acrobatidae_Acrobates_pygmaeus               0.0590733 0.0974783 0.0730776 0.0798842 0.0831365 0.0951098 0.0613402 0.0671379 0.0803673 0.0863027 0.0787091 0.0930841 0.1025646 0.0699690 0.0000000 0.0939188 0.0962580 0.1022125 0.0839121 0.0722781 0.0626121 0.0920293 0.0926172 0.0906388 0.0725978 0.0841331 0.0599442 0.0753889 0.0532570 0.0694632 0.0392199 0.0691632 0.0834545 0.0951949 0.0920930 
Dasyuridae_Phascogale_calura                 0.0806556 0.0984322 0.0876338 0.1111812 0.1137281 0.0171357 0.0848028 0.0902886 0.1117772 0.0984386 0.0931299 0.0033702 0.0256871 0.0927923 0.0939188 0.0000000 0.0158386 0.0290320 0.0911950 0.1063059 0.0851484 0.1136514 0.1210478 0.0055215 0.1057306 0.0966875 0.0899639 0.1057459 0.0866294 0.1057957 0.0967089 0.0920387 0.0928946 0.0157688 0.0997402 
Dasyuridae_Sarcophilus_harrisii              0.0828358 0.1009441 0.0890049 0.1115276 0.1141724 0.0074631 0.0834589 0.0915161 0.1120344 0.1018840 0.0955986 0.0179806 0.0279637 0.0923103 0.0962580 0.0158386 0.0000000 0.0282442 0.0939290 0.1065622 0.0861321 0.1174461 0.1259108 0.0161507 0.1070899 0.0986509 0.0933101 0.1079662 0.0867286 0.1052814 0.0990822 0.0915426 0.0941612 0.0068009 0.1032618 
Dasyuridae_Planigale_tenuirostris            0.0888294 0.1010377 0.0937254 0.1176047 0.1195086 0.0289091 0.0953225 0.0996150 0.1173737 0.1017396 0.1061595 0.0315353 0.0266386 0.1035336 0.1022125 0.0290320 0.0282442 0.0000000 0.0958311 0.1110043 0.0890043 0.1227668 0.1303408 0.0293703 0.1093708 0.1064929 0.0928498 0.1108197 0.0881079 0.1178258 0.1038388 0.1025944 0.0991013 0.0281685 0.1036088 
Peramelidae_Echymipera_kalubu                0.0728676 0.0918505 0.0826187 0.0988621 0.1013476 0.0953297 0.0746757 0.0784093 0.1009326 0.0194268 0.0923661 0.0938943 0.1001267 0.0818595 0.0839121 0.0911950 0.0939290 0.0958311 0.0000000 0.0943159 0.0837078 0.1060783 0.1101211 0.0902801 0.0912080 0.0834856 0.0759159 0.0949832 0.0788203 0.1009865 0.0869117 0.0810408 0.0185339 0.0939518 0.0207609 
Macropodidae_Dorcopsulus_vanheurni           0.0691918 0.0959613 0.0780695 0.0221947 0.0236281 0.1090868 0.0655392 0.0638266 0.0250793 0.0976571 0.0733395 0.1072593 0.1085180 0.0677226 0.0722781 0.1063059 0.1065622 0.1110043 0.0943159 0.0000000 0.0848421 0.1086147 0.1022281 0.1010371 0.0534122 0.0981752 0.0777786 0.0109828 0.0726542 0.0846554 0.0781914 0.0685059 0.0977385 0.1076156 0.1020669 
Pseudochiridae_Pseudochirulus_forbesi        0.0607543 0.0917984 0.0735568 0.0891068 0.0906517 0.0841071 0.0650122 0.0717513 0.0886502 0.0912594 0.0775134 0.0878049 0.0914549 0.0738180 0.0626121 0.0851484 0.0861321 0.0890043 0.0837078 0.0848421 0.0000000 0.1007936 0.1078257 0.0823633 0.0841125 0.0864056 0.0417110 0.0814550 0.0277170 0.0666607 0.0707134 0.0729542 0.0910308 0.0875647 0.0961837 
Didelphidae_Didelphis_virginiana             0.0826710 0.1096025 0.0902159 0.1162571 0.1188756 0.1180491 0.0834747 0.0947169 0.1168805 0.1085280 0.1017884 0.1165822 0.1228790 0.0921685 0.0920293 0.1136514 0.1174461 0.1227668 0.1060783 0.1086147 0.1007936 0.0000000 0.0525162 0.1128187 0.1086356 0.1107807 0.0974332 0.1075790 0.0852971 0.1184731 0.1003618 0.0920544 0.1043266 0.1158482 0.1119958 
Marmosidae_Monodelphis_domestica             0.0913072 0.1130846 0.0898703 0.1094951 0.1120263 0.1273277 0.0925031 0.0975168 0.1118313 0.1090224 0.1080553 0.1238756 0.1263182 0.0966715 0.0926172 0.1210478 0.1259108 0.1303408 0.1101211 0.1022281 0.1078257 0.0525162 0.0000000 0.1177952 0.1082360 0.1105455 0.1023220 0.1048957 0.0944432 0.1239601 0.1109190 0.0964457 0.1066556 0.1250601 0.1124408 
Dasyuridae_Antechinus_stuartii               0.0747350 0.0963877 0.0830402 0.1047978 0.1064905 0.0174961 0.0804717 0.0866194 0.1046348 0.0949731 0.0918795 0.0076242 0.0262519 0.0894405 0.0906388 0.0055215 0.0161507 0.0293703 0.0902801 0.1010371 0.0823633 0.1128187 0.1177952 0.0000000 0.0997267 0.0958940 0.0874404 0.1001359 0.0837476 0.1027232 0.0952585 0.0877894 0.0919189 0.0161123 0.0976565 
Hypsiprymnodontidae_Hypsiprymnodon_moschatus 0.0719113 0.0979403 0.0793990 0.0548886 0.0571446 0.1084213 0.0671669 0.0690213 0.0548896 0.0928067 0.0838263 0.1067659 0.1120583 0.0743292 0.0725978 0.1057306 0.1070899 0.1093708 0.0912080 0.0534122 0.0841125 0.1086356 0.1082360 0.0997267 0.0000000 0.1017305 0.0741078 0.0528719 0.0728351 0.0868883 0.0790868 0.0751904 0.0917828 0.1070420 0.0978769 
Microbiotheriidae_Dromiciops_gliroides       0.0826363 0.0966240 0.0805301 0.1023209 0.1029054 0.1011022 0.0869071 0.0904429 0.1073010 0.0827591 0.1021475 0.0995562 0.1050665 0.0926697 0.0841331 0.0966875 0.0986509 0.1064929 0.0834856 0.0981752 0.0864056 0.1107807 0.1105455 0.0958940 0.1017305 0.0000000 0.0847324 0.0989374 0.0776917 0.1017152 0.0930858 0.0927566 0.0886483 0.0996626 0.0866686 
Pseudochiridae_Petauroides_volans            0.0570036 0.0936768 0.0704268 0.0814663 0.0833043 0.0887296 0.0594543 0.0660809 0.0785559 0.0831911 0.0720346 0.0918602 0.0940172 0.0677280 0.0599442 0.0899639 0.0933101 0.0928498 0.0759159 0.0777786 0.0417110 0.0974332 0.1023220 0.0874404 0.0741078 0.0847324 0.0000000 0.0783313 0.0362338 0.0673783 0.0667194 0.0661223 0.0818571 0.0904520 0.0870612 
Macropodidae_Wallabia_bicolor                0.0698108 0.0973135 0.0769201 0.0230010 0.0244430 0.1089174 0.0635008 0.0634347 0.0251475 0.0991943 0.0731433 0.1067881 0.1087701 0.0681888 0.0753889 0.1057459 0.1079662 0.1108197 0.0949832 0.0109828 0.0814550 0.1075790 0.1048957 0.1001359 0.0528719 0.0989374 0.0783313 0.0000000 0.0747117 0.0861345 0.0813945 0.0689519 0.0977822 0.1084916 0.1038421 
Pseudochiridae_Pseudocheirus_occidentalis    0.0578003 0.0905782 0.0636466 0.0762750 0.0798388 0.0815599 0.0572981 0.0623423 0.0752889 0.0849681 0.0698503 0.0885074 0.0935066 0.0665208 0.0532570 0.0866294 0.0867286 0.0881079 0.0788203 0.0726542 0.0277170 0.0852971 0.0944432 0.0837476 0.0728351 0.0776917 0.0362338 0.0747117 0.0000000 0.0658349 0.0613838 0.0631376 0.0856510 0.0851604 0.0893963 
Tarsipedidae_Tarsipes_rostratus              0.0735459 0.1128233 0.0882066 0.0883618 0.0900146 0.1060292 0.0693264 0.0767302 0.0861093 0.1058830 0.0808170 0.1059310 0.1154009 0.0796100 0.0694632 0.1057957 0.1052814 0.1178258 0.1009865 0.0846554 0.0666607 0.1184731 0.1239601 0.1027232 0.0868883 0.1017152 0.0673783 0.0861345 0.0658349 0.0000000 0.0773119 0.0795193 0.1001523 0.1052715 0.1112696 
Acrobatidae_Distoechurus_pennatus            0.0643397 0.0997876 0.0806629 0.0867000 0.0899946 0.0979180 0.0670168 0.0704684 0.0854883 0.0925105 0.0821884 0.0976440 0.1010076 0.0757491 0.0392199 0.0967089 0.0990822 0.1038388 0.0869117 0.0781914 0.0707134 0.1003618 0.1109190 0.0952585 0.0790868 0.0930858 0.0667194 0.0813945 0.0613838 0.0773119 0.0000000 0.0724710 0.0860974 0.0980061 0.0966982 
Phalangeridae_Phalanger_carmelitae           0.0543556 0.0866984 0.0685701 0.0767126 0.0782615 0.0929373 0.0207120 0.0117370 0.0773454 0.0868904 0.0217883 0.0930276 0.0964608 0.0060832 0.0691632 0.0920387 0.0915426 0.1025944 0.0810408 0.0685059 0.0729542 0.0920544 0.0964457 0.0877894 0.0751904 0.0927566 0.0661223 0.0689519 0.0631376 0.0795193 0.0724710 0.0000000 0.0854022 0.0914749 0.0901433 
Peramelidae_Peroryctes_raffrayana            0.0780722 0.0956487 0.0878240 0.1038081 0.1065217 0.0965803 0.0793611 0.0834657 0.1042859 0.0258504 0.0952025 0.0957451 0.0999159 0.0844477 0.0834545 0.0928946 0.0941612 0.0991013 0.0185339 0.0977385 0.0910308 0.1043266 0.1066556 0.0919189 0.0917828 0.0886483 0.0818571 0.0977822 0.0856510 0.1001523 0.0860974 0.0854022 0.0000000 0.0950026 0.0288439 
Dasyuridae_Dasyurus_geffroii                 0.0818186 0.0982960 0.0871241 0.1117357 0.1142969 0.0054072 0.0842234 0.0914435 0.1123338 0.1019913 0.0964879 0.0179009 0.0278373 0.0922305 0.0951949 0.0157688 0.0068009 0.0281685 0.0939518 0.1076156 0.0875647 0.1158482 0.1250601 0.0161123 0.1070420 0.0996626 0.0904520 0.1084916 0.0851604 0.1052715 0.0980061 0.0914749 0.0950026 0.0000000 0.1032905 
Peramelidae_Perameles_gunnii                 0.0852868 0.0981328 0.0891786 0.1046422 0.1071634 0.1046683 0.0852910 0.0901105 0.1067160 0.0040792 0.1009248 0.1025186 0.1070461 0.0916990 0.0920930 0.0997402 0.1032618 0.1036088 0.0207609 0.1020669 0.0961837 0.1119958 0.1124408 0.0976565 0.0978769 0.0866686 0.0870612 0.1038421 0.0893963 0.1112696 0.0966982 0.0901433 0.0288439 0.1032905 0.0000000 
