35
Burramyidae_Burramys_parvus                  0.0000000 0.0733792 0.0171008 0.0341991 0.0336456 0.0445258 0.0176335 0.0153196 0.0320254 0.0124135 0.0449863 0.0468850 0.0166160 0.0230053 0.0370628 0.0399108 0.0520736 0.0313262 0.0202405 0.0574696 0.0547280 0.0305409 0.0268690 0.0150920 0.0317119 0.0216424 0.0279696 0.0200418 0.0159542 0.0613301 0.0382527 0.0550812 0.0572358 0.0270807 0.0354553 
Notoryctidae_Notoryctes_typhlops             0.0733792 0.0000000 0.0628746 0.0962429 0.0986724 0.0789944 0.0646934 0.0623764 0.0994111 0.0556267 0.0760102 0.0890277 0.0642550 0.0718683 0.0753207 0.0765113 0.0905721 0.0852673 0.0730114 0.1021368 0.0920048 0.0921576 0.0671341 0.0623277 0.0875194 0.0713195 0.0850817 0.0723124 0.0660005 0.0995257 0.0719355 0.0954487 0.0915854 0.0643326 0.0710875 
Vombatidae_Lasiorhinus_latifrons             0.0171008 0.0628746 0.0000000 0.0323023 0.0344462 0.0299066 0.0172370 0.0135857 0.0331837 0.0112120 0.0347190 0.0359610 0.0145132 0.0204448 0.0328219 0.0298016 0.0408051 0.0304550 0.0226284 0.0518769 0.0484606 0.0281852 0.0250704 0.0159496 0.0307800 0.0241890 0.0252706 0.0196388 0.0141700 0.0503825 0.0280072 0.0433969 0.0454837 0.0238114 0.0256915 
Potoroidae_Bettongia_penicillata             0.0341991 0.0962429 0.0323023 0.0000000 0.0010349 0.0763695 0.0308628 0.0292223 0.0025707 0.0241046 0.0794693 0.0731713 0.0292945 0.0363019 0.0778188 0.0702916 0.0817365 0.0065111 0.0406423 0.0984679 0.0874218 0.0139185 0.0483421 0.0274145 0.0071871 0.0374327 0.0464655 0.0369323 0.0281066 0.0930234 0.0706770 0.0878189 0.0963465 0.0561851 0.0745111 
Potoroidae_Bettongia_lesueur                 0.0336456 0.0986724 0.0344462 0.0010349 0.0000000 0.0752650 0.0330406 0.0292050 0.0021164 0.0230154 0.0827234 0.0740465 0.0292740 0.0383657 0.0776128 0.0670757 0.0833892 0.0066770 0.0403977 0.0988687 0.0876632 0.0127347 0.0484024 0.0315170 0.0073197 0.0388991 0.0487904 0.0383684 0.0286781 0.0959290 0.0669170 0.0865168 0.0974325 0.0518097 0.0740790 
Dasyuridae_Dasyurus_maculatus                0.0445258 0.0789944 0.0299066 0.0763695 0.0752650 0.0000000 0.0447020 0.0368908 0.0724584 0.0305592 0.0047986 0.0072136 0.0352190 0.0490320 0.0056011 0.0022928 0.0546702 0.0674117 0.0544098 0.0805738 0.0766077 0.0611685 0.0456753 0.0443410 0.0714395 0.0529057 0.0522338 0.0507655 0.0371332 0.0565756 0.0016814 0.0612996 0.0637867 0.0049125 0.0043355 
Phalangeridae_Trichosurus_vulpecula          0.0176335 0.0646934 0.0172370 0.0308628 0.0330406 0.0447020 0.0000000 0.0045203 0.0361935 0.0054468 0.0450476 0.0453310 0.0052931 0.0165333 0.0432810 0.0436566 0.0496490 0.0266045 0.0256233 0.0636734 0.0555143 0.0269794 0.0285187 0.0177850 0.0274043 0.0258402 0.0249662 0.0179768 0.0051275 0.0521096 0.0427845 0.0493972 0.0526425 0.0276797 0.0378628 
Phalangeridae_Spilocuscus_maculatus          0.0153196 0.0623764 0.0135857 0.0292223 0.0292050 0.0368908 0.0045203 0.0000000 0.0326026 0.0019137 0.0391213 0.0377579 0.0019748 0.0157814 0.0357105 0.0370147 0.0420278 0.0257749 0.0218058 0.0537227 0.0496690 0.0252229 0.0241877 0.0142567 0.0265076 0.0220488 0.0254509 0.0165166 0.0018512 0.0475527 0.0346164 0.0439360 0.0478536 0.0223527 0.0305881 
Potoroidae_Aepyprymnus_rufescens             0.0320254 0.0994111 0.0331837 0.0025707 0.0021164 0.0724584 0.0361935 0.0326026 0.0000000 0.0230460 0.0797115 0.0734417 0.0326525 0.0398028 0.0762729 0.0656640 0.0834560 0.0071144 0.0369650 0.0933828 0.0821458 0.0131933 0.0510227 0.0308891 0.0075936 0.0368640 0.0481687 0.0405394 0.0320307 0.0967111 0.0666001 0.0912172 0.0948193 0.0531685 0.0686466 
Phalangeridae_Strigocuscus_pelengensis       0.0124135 0.0556267 0.0112120 0.0241046 0.0230154 0.0305592 0.0054468 0.0019137 0.0230460 0.0000000 0.0343068 0.0360936 0.0023351 0.0130443 0.0303388 0.0311257 0.0352097 0.0231145 0.0164131 0.0460739 0.0435035 0.0217032 0.0235518 0.0120307 0.0210893 0.0181562 0.0207796 0.0151418 0.0020590 0.0434533 0.0265701 0.0353091 0.0376890 0.0228830 0.0261691 
Dasyuridae_Phascogale_tapoatafa              0.0449863 0.0760102 0.0347190 0.0794693 0.0827234 0.0047986 0.0450476 0.0391213 0.0797115 0.0343068 0.0000000 0.0071441 0.0381346 0.0479951 0.0016815 0.0052528 0.0575502 0.0718599 0.0562062 0.0762337 0.0736560 0.0711049 0.0474015 0.0439350 0.0759909 0.0545734 0.0582327 0.0551413 0.0409523 0.0588255 0.0037859 0.0656272 0.0671007 0.0056914 0.0026279 
Dasyuridae_Sminthopsis_macroura              0.0468850 0.0890277 0.0359610 0.0731713 0.0740465 0.0072136 0.0453310 0.0377579 0.0734417 0.0360936 0.0071441 0.0000000 0.0374003 0.0554532 0.0073957 0.0074066 0.0558761 0.0701223 0.0632759 0.0812857 0.0850388 0.0682276 0.0521444 0.0442493 0.0771798 0.0595376 0.0607793 0.0557204 0.0393814 0.0599902 0.0057761 0.0619459 0.0666060 0.0033429 0.0061045 
Phalangeridae_Phalanger_orientalis           0.0166160 0.0642550 0.0145132 0.0292945 0.0292740 0.0352190 0.0052931 0.0019748 0.0326525 0.0023351 0.0381346 0.0374003 0.0000000 0.0164748 0.0360360 0.0359457 0.0424104 0.0283727 0.0227636 0.0552618 0.0493544 0.0262550 0.0248989 0.0157995 0.0286905 0.0225621 0.0266092 0.0169053 0.0007817 0.0464848 0.0335327 0.0434466 0.0483168 0.0236990 0.0317071 
Acrobatidae_Acrobates_pygmaeus               0.0230053 0.0718683 0.0204448 0.0363019 0.0383657 0.0490320 0.0165333 0.0157814 0.0398028 0.0130443 0.0479951 0.0554532 0.0164748 0.0000000 0.0453211 0.0456046 0.0522303 0.0341487 0.0230007 0.0708241 0.0589719 0.0289331 0.0273397 0.0171354 0.0335854 0.0250405 0.0246483 0.0105868 0.0164430 0.0637594 0.0440241 0.0547785 0.0563015 0.0288799 0.0393229 
Dasyuridae_Phascogale_calura                 0.0370628 0.0753207 0.0328219 0.0778188 0.0776128 0.0056011 0.0432810 0.0357105 0.0762729 0.0303388 0.0016815 0.0073957 0.0360360 0.0453211 0.0000000 0.0051074 0.0602592 0.0636596 0.0547161 0.0807449 0.0749766 0.0611047 0.0460875 0.0396035 0.0690045 0.0530486 0.0573308 0.0488685 0.0381736 0.0605155 0.0042522 0.0667748 0.0694830 0.0056900 0.0033084 
Dasyuridae_Sarcophilus_harrisii              0.0399108 0.0765113 0.0298016 0.0702916 0.0670757 0.0022928 0.0436566 0.0370147 0.0656640 0.0311257 0.0052528 0.0074066 0.0359457 0.0456046 0.0051074 0.0000000 0.0524450 0.0594094 0.0555466 0.0747356 0.0735438 0.0562142 0.0460973 0.0400907 0.0633326 0.0530993 0.0545692 0.0480474 0.0379904 0.0547934 0.0015484 0.0604626 0.0621380 0.0045470 0.0042896 
Peramelidae_Echymipera_kalubu                0.0520736 0.0905721 0.0408051 0.0817365 0.0833892 0.0546702 0.0496490 0.0420278 0.0834560 0.0352097 0.0575502 0.0558761 0.0424104 0.0522303 0.0602592 0.0524450 0.0000000 0.0738177 0.0612140 0.0822967 0.0734722 0.0651185 0.0536445 0.0448437 0.0761693 0.0526206 0.0610550 0.0538680 0.0431603 0.0038597 0.0462593 0.0059382 0.0064235 0.0411428 0.0503654 
Macropodidae_Dorcopsulus_vanheurni           0.0313262 0.0852673 0.0304550 0.0065111 0.0066770 0.0674117 0.0266045 0.0257749 0.0071144 0.0231145 0.0718599 0.0701223 0.0283727 0.0341487 0.0636596 0.0594094 0.0738177 0.0000000 0.0385710 0.0906613 0.0778876 0.0130964 0.0478365 0.0292474 0.0023545 0.0383296 0.0469537 0.0348247 0.0272770 0.0827228 0.0603215 0.0786864 0.0828199 0.0445448 0.0660896 
Pseudochiridae_Pseudochirulus_forbesi        0.0202405 0.0730114 0.0226284 0.0406423 0.0403977 0.0544098 0.0256233 0.0218058 0.0369650 0.0164131 0.0562062 0.0632759 0.0227636 0.0230007 0.0547161 0.0555466 0.0612140 0.0385710 0.0000000 0.0691569 0.0645817 0.0347549 0.0381375 0.0102335 0.0379774 0.0058063 0.0281351 0.0264773 0.0227206 0.0691406 0.0510394 0.0657498 0.0682075 0.0411733 0.0506061 
Didelphidae_Didelphis_virginiana             0.0574696 0.1021368 0.0518769 0.0984679 0.0988687 0.0805738 0.0636734 0.0537227 0.0933828 0.0460739 0.0762337 0.0812857 0.0552618 0.0708241 0.0807449 0.0747356 0.0822967 0.0906613 0.0691569 0.0000000 0.0121369 0.0966997 0.0512233 0.0556789 0.0930494 0.0725071 0.0789691 0.0695801 0.0560753 0.1055278 0.0716069 0.0962322 0.0913718 0.0524966 0.0682525 
Marmosidae_Monodelphis_domestica             0.0547280 0.0920048 0.0484606 0.0874218 0.0876632 0.0766077 0.0555143 0.0496690 0.0821458 0.0435035 0.0736560 0.0850388 0.0493544 0.0589719 0.0749766 0.0735438 0.0734722 0.0778876 0.0645817 0.0121369 0.0000000 0.0805101 0.0483177 0.0502136 0.0800499 0.0622010 0.0711545 0.0617258 0.0516290 0.0941278 0.0690092 0.0813231 0.0804097 0.0525910 0.0650070 
Hypsiprymnodontidae_Hypsiprymnodon_moschatus 0.0305409 0.0921576 0.0281852 0.0139185 0.0127347 0.0611685 0.0269794 0.0252229 0.0131933 0.0217032 0.0711049 0.0682276 0.0262550 0.0289331 0.0611047 0.0562142 0.0651185 0.0130964 0.0347549 0.0966997 0.0805101 0.0000000 0.0415017 0.0269484 0.0144062 0.0367391 0.0384362 0.0297919 0.0262062 0.0813878 0.0575522 0.0622383 0.0648353 0.0422561 0.0613829 
Microbiotheriidae_Dromiciops_gliroides       0.0268690 0.0671341 0.0250704 0.0483421 0.0484024 0.0456753 0.0285187 0.0241877 0.0510227 0.0235518 0.0474015 0.0521444 0.0248989 0.0273397 0.0460875 0.0460973 0.0536445 0.0478365 0.0381375 0.0512233 0.0483177 0.0415017 0.0000000 0.0275375 0.0516954 0.0374842 0.0438677 0.0299221 0.0268086 0.0678453 0.0443011 0.0547313 0.0590862 0.0278520 0.0402385 
Pseudochiridae_Petauroides_volans            0.0150920 0.0623277 0.0159496 0.0274145 0.0315170 0.0443410 0.0177850 0.0142567 0.0308891 0.0120307 0.0439350 0.0442493 0.0157995 0.0171354 0.0396035 0.0400907 0.0448437 0.0292474 0.0102335 0.0556789 0.0502136 0.0269484 0.0275375 0.0000000 0.0284442 0.0110656 0.0220401 0.0183348 0.0154654 0.0551750 0.0376521 0.0493778 0.0511138 0.0235763 0.0358881 
Macropodidae_Wallabia_bicolor                0.0317119 0.0875194 0.0307800 0.0071871 0.0073197 0.0714395 0.0274043 0.0265076 0.0075936 0.0210893 0.0759909 0.0771798 0.0286905 0.0335854 0.0690045 0.0633326 0.0761693 0.0023545 0.0379774 0.0930494 0.0800499 0.0144062 0.0516954 0.0284442 0.0000000 0.0373256 0.0444479 0.0346171 0.0281412 0.0869191 0.0644099 0.0826777 0.0879370 0.0499527 0.0643218 
Pseudochiridae_Pseudocheirus_occidentalis    0.0216424 0.0713195 0.0241890 0.0374327 0.0388991 0.0529057 0.0258402 0.0220488 0.0368640 0.0181562 0.0545734 0.0595376 0.0225621 0.0250405 0.0530486 0.0530993 0.0526206 0.0383296 0.0058063 0.0725071 0.0622010 0.0367391 0.0374842 0.0110656 0.0373256 0.0000000 0.0319305 0.0282156 0.0221236 0.0610617 0.0488272 0.0580817 0.0624263 0.0391186 0.0516696 
Tarsipedidae_Tarsipes_rostratus              0.0279696 0.0850817 0.0252706 0.0464655 0.0487904 0.0522338 0.0249662 0.0254509 0.0481687 0.0207796 0.0582327 0.0607793 0.0266092 0.0246483 0.0573308 0.0545692 0.0610550 0.0469537 0.0281351 0.0789691 0.0711545 0.0384362 0.0438677 0.0220401 0.0444479 0.0319305 0.0000000 0.0316364 0.0265942 0.0702137 0.0513513 0.0710842 0.0724861 0.0442190 0.0532877 
Acrobatidae_Distoechurus_pennatus            0.0200418 0.0723124 0.0196388 0.0369323 0.0383684 0.0507655 0.0179768 0.0165166 0.0405394 0.0151418 0.0551413 0.0557204 0.0169053 0.0105868 0.0488685 0.0480474 0.0538680 0.0348247 0.0264773 0.0695801 0.0617258 0.0297919 0.0299221 0.0183348 0.0346171 0.0282156 0.0316364 0.0000000 0.0162331 0.0666116 0.0484467 0.0565645 0.0579506 0.0290484 0.0483038 
Phalangeridae_Phalanger_carmelitae           0.0159542 0.0660005 0.0141700 0.0281066 0.0286781 0.0371332 0.0051275 0.0018512 0.0320307 0.0020590 0.0409523 0.0393814 0.0007817 0.0164430 0.0381736 0.0379904 0.0431603 0.0272770 0.0227206 0.0560753 0.0516290 0.0262062 0.0268086 0.0154654 0.0281412 0.0221236 0.0265942 0.0162331 0.0000000 0.0488565 0.0353023 0.0451717 0.0500818 0.0242967 0.0317169 
Peramelidae_Peroryctes_raffrayana            0.0613301 0.0995257 0.0503825 0.0930234 0.0959290 0.0565756 0.0521096 0.0475527 0.0967111 0.0434533 0.0588255 0.0599902 0.0464848 0.0637594 0.0605155 0.0547934 0.0038597 0.0827228 0.0691406 0.1055278 0.0941278 0.0813878 0.0678453 0.0551750 0.0869191 0.0610617 0.0702137 0.0666116 0.0488565 0.0000000 0.0519865 0.0050641 0.0055429 0.0414644 0.0518486 
Dasyuridae_Dasyurus_geffroii                 0.0382527 0.0719355 0.0280072 0.0706770 0.0669170 0.0016814 0.0427845 0.0346164 0.0666001 0.0265701 0.0037859 0.0057761 0.0335327 0.0440241 0.0042522 0.0015484 0.0462593 0.0603215 0.0510394 0.0716069 0.0690092 0.0575522 0.0443011 0.0376521 0.0644099 0.0488272 0.0513513 0.0484467 0.0353023 0.0519865 0.0000000 0.0551089 0.0567911 0.0041872 0.0027597 
Peramelidae_Perameles_gunnii                 0.0550812 0.0954487 0.0433969 0.0878189 0.0865168 0.0612996 0.0493972 0.0439360 0.0912172 0.0353091 0.0656272 0.0619459 0.0434466 0.0547785 0.0667748 0.0604626 0.0059382 0.0786864 0.0657498 0.0962322 0.0813231 0.0622383 0.0547313 0.0493778 0.0826777 0.0580817 0.0710842 0.0565645 0.0451717 0.0050641 0.0551089 0.0000000 0.0004697 0.0481165 0.0551236 
Peramelidae_Perameles_nasuta                 0.0572358 0.0915854 0.0454837 0.0963465 0.0974325 0.0637867 0.0526425 0.0478536 0.0948193 0.0376890 0.0671007 0.0666060 0.0483168 0.0563015 0.0694830 0.0621380 0.0064235 0.0828199 0.0682075 0.0913718 0.0804097 0.0648353 0.0590862 0.0511138 0.0879370 0.0624263 0.0724861 0.0579506 0.0500818 0.0055429 0.0567911 0.0004697 0.0000000 0.0515717 0.0567947 
Dasyuridae_Planigale_tenuirostris            0.0270807 0.0643326 0.0238114 0.0561851 0.0518097 0.0049125 0.0276797 0.0223527 0.0531685 0.0228830 0.0056914 0.0033429 0.0236990 0.0288799 0.0056900 0.0045470 0.0411428 0.0445448 0.0411733 0.0524966 0.0525910 0.0422561 0.0278520 0.0235763 0.0499527 0.0391186 0.0442190 0.0290484 0.0242967 0.0414644 0.0041872 0.0481165 0.0515717 0.0000000 0.0048930 
Dasyuridae_Antechinus_stuartii               0.0354553 0.0710875 0.0256915 0.0745111 0.0740790 0.0043355 0.0378628 0.0305881 0.0686466 0.0261691 0.0026279 0.0061045 0.0317071 0.0393229 0.0033084 0.0042896 0.0503654 0.0660896 0.0506061 0.0682525 0.0650070 0.0613829 0.0402385 0.0358881 0.0643218 0.0516696 0.0532877 0.0483038 0.0317169 0.0518486 0.0027597 0.0551236 0.0567947 0.0048930 0.0000000 
