37
Burramyidae_Burramys_parvus                  0.0000000 0.0927537 0.0807997 0.0780471 0.0787861 0.0863047 0.0996370 0.0801585 0.0799443 0.1843822 0.0623872 0.0885170 0.0872702 0.0905393 0.0959650 0.0778350 0.0829911 0.0629416 0.1136473 0.0744523 0.0743666 0.1027207 0.0867635 0.0702439 0.0697588 0.0883648 0.0805204 0.0846832 0.1280677 0.0753188 0.1843822 0.0894995 0.0871337 0.1045186 0.0998129 0.0572682 0.1143006 
Notoryctidae_Notoryctes_typhlops             0.0927537 0.0000000 0.0883383 0.0919004 0.0920831 0.0978766 0.1165527 0.1098690 0.1009074 0.1168708 0.0830386 0.0921741 0.0956957 0.1134721 0.1083051 0.0850439 0.0952591 0.0795954 0.1030909 0.0948758 0.0930476 0.1025267 0.0947796 0.0817917 0.0880480 0.0947179 0.0956463 0.1016291 0.1276224 0.0873951 0.1168708 0.1206097 0.0958683 0.0903542 0.0962263 0.0777157 0.1102253 
Vombatidae_Lasiorhinus_latifrons             0.0807997 0.0883383 0.0000000 0.0711921 0.0769039 0.0760330 0.0953039 0.0940685 0.0864631 0.1015526 0.0571226 0.0758469 0.0742742 0.0933300 0.0835298 0.0698902 0.0729085 0.0657482 0.0906301 0.0731931 0.0680144 0.0892064 0.0837131 0.0694473 0.0772545 0.0766487 0.0732702 0.0844871 0.0841955 0.0705600 0.1015526 0.1059009 0.0760129 0.0903153 0.0973767 0.0655906 0.1039457 
Potoroidae_Bettongia_penicillata             0.0780471 0.0919004 0.0711921 0.0000000 0.0166824 0.0811834 0.0973224 0.0865323 0.0319298 0.0954971 0.0588509 0.0856567 0.0822906 0.0848543 0.0994911 0.0702053 0.0757952 0.0651789 0.1085556 0.0308325 0.0691372 0.0923520 0.0832897 0.0663236 0.0554995 0.0818034 0.0708035 0.0396858 0.1135502 0.0760112 0.0954971 0.0989182 0.0782090 0.0997368 0.1091383 0.0649082 0.1190775 
Potoroidae_Bettongia_lesueur                 0.0787861 0.0920831 0.0769039 0.0166824 0.0000000 0.0833905 0.1014397 0.0855739 0.0319695 0.1088735 0.0609681 0.0897565 0.0837135 0.0857064 0.0988434 0.0768547 0.0779690 0.0720142 0.1060144 0.0290832 0.0697784 0.1014840 0.0882094 0.0723798 0.0562305 0.0849471 0.0747682 0.0397050 0.1088648 0.0731341 0.1088735 0.1007781 0.0805439 0.0980890 0.1043883 0.0625288 0.1161256 
Dasyuridae_Dasyurus_maculatus                0.0863047 0.0978766 0.0760330 0.0811834 0.0833905 0.0000000 0.1057425 0.1031544 0.0830059 0.0671367 0.0751492 0.0181351 0.0305984 0.1084908 0.0901700 0.0171178 0.0077864 0.0269482 0.1070037 0.0792157 0.0860058 0.0925782 0.0861252 0.0167199 0.0832256 0.0815076 0.0877421 0.0868902 0.1156446 0.0812330 0.0671367 0.1187898 0.0056219 0.1005739 0.0997619 0.0719077 0.1064116 
Phalangeridae_Trichosurus_vulpecula          0.0996370 0.1165527 0.0953039 0.0973224 0.1014397 0.1057425 0.0000000 0.1042947 0.1142102 0.0796179 0.0617689 0.1110050 0.1030514 0.0918183 0.0719846 0.0956381 0.1032595 0.0879821 0.1291490 0.0949670 0.0949659 0.1146206 0.0997692 0.0886084 0.1021195 0.1089849 0.0990923 0.1043244 0.1775473 0.1011584 0.0796179 0.1091559 0.1039545 0.1273909 0.1520400 0.1085503 0.1567137 
Phalangeridae_Spilocuscus_maculatus          0.0801585 0.1098690 0.0940685 0.0865323 0.0855739 0.1031544 0.1042947 0.0000000 0.0998703 0.1020510 0.0412199 0.1042380 0.0996108 0.0165802 0.1147604 0.0721905 0.1032201 0.0503332 0.1221663 0.0885479 0.0904670 0.1070485 0.0713209 0.0587136 0.0796806 0.1003892 0.0936720 0.1010116 0.1598213 0.0844521 0.1020510 0.0241326 0.0940268 0.1140384 0.1254867 0.0936194 0.1366693 
Potoroidae_Aepyprymnus_rufescens             0.0799443 0.1009074 0.0864631 0.0319298 0.0319695 0.0830059 0.1142102 0.0998703 0.0000000 0.1801633 0.0664710 0.0874494 0.0869491 0.1006928 0.1076703 0.0727701 0.0803247 0.0646673 0.1175303 0.0346110 0.0817890 0.1014580 0.0897952 0.0695672 0.0535962 0.0923341 0.0803538 0.0429038 0.1201163 0.0848202 0.1801633 0.1101178 0.0838279 0.1142471 0.1209550 0.0758302 0.1291623 
Myrmecobiidae_Myrmecobius_fasciatus1         0.1843822 0.1168708 0.1015526 0.0954971 0.1088735 0.0671367 0.0796179 0.1020510 0.1801633 0.0000000 0.1103626 0.0651212 0.0563157 0.1171150 0.1014723 0.0563447 0.0616600 0.0591252 0.1220178 0.1009133 0.1163223 0.1341198 0.1461360 0.0562774 0.1673616 0.1308608 0.1155610 0.1082140 0.1687636 0.1142483 0.0000010 0.1774462 0.0749159 0.1281234 9.0000000 9.0000000 9.0000000 
Phalangeridae_Strigocuscus_pelengensis       0.0623872 0.0830386 0.0571226 0.0588509 0.0609681 0.0751492 0.0617689 0.0412199 0.0664710 0.1103626 0.0000000 0.0744844 0.0733367 0.0390014 0.0798054 0.0653126 0.0698709 0.0567958 0.0864992 0.0574535 0.0598476 0.0863208 0.0759943 0.0654427 0.0633580 0.0723870 0.0651339 0.0702319 0.1079853 0.0604440 0.1103626 0.0597430 0.0728310 0.0857417 0.0904016 0.0529248 0.1017523 
Dasyuridae_Phascogale_tapoatafa              0.0885170 0.0921741 0.0758469 0.0856567 0.0897565 0.0181351 0.1110050 0.1042380 0.0874494 0.0651212 0.0744844 0.0000000 0.0291262 0.1106827 0.0894727 0.0030760 0.0182075 0.0267220 0.0967462 0.0821186 0.0876888 0.0913905 0.0842484 0.0078811 0.0841916 0.0785864 0.0873245 0.0919400 0.1090981 0.0834979 0.0651212 0.1203630 0.0216745 0.0913101 0.0923088 0.0768067 0.1043214 
Dasyuridae_Sminthopsis_macroura              0.0872702 0.0956957 0.0742742 0.0822906 0.0837135 0.0305984 0.1030514 0.0996108 0.0869491 0.0563157 0.0733367 0.0291262 0.0000000 0.1089035 0.0882347 0.0249795 0.0270442 0.0201923 0.1046635 0.0801966 0.0811705 0.0892278 0.0848549 0.0263903 0.0856931 0.0840918 0.0881547 0.0895806 0.1146782 0.0831652 0.0563157 0.1166167 0.0301712 0.0975358 0.0953250 0.0705671 0.1061303 
Phalangeridae_Phalanger_orientalis           0.0905393 0.1134721 0.0933300 0.0848543 0.0857064 0.1084908 0.0918183 0.0165802 0.1006928 0.1171150 0.0390014 0.1106827 0.1089035 0.0000000 0.1160215 0.0839271 0.1060712 0.0629871 0.1224442 0.0848688 0.0913345 0.1117121 0.0820172 0.0718921 0.0911035 0.1056840 0.0926600 0.0979304 0.1538754 0.0892152 0.1171150 0.0222735 0.1018752 0.1164683 0.1289610 0.0975905 0.1342343 
Acrobatidae_Acrobates_pygmaeus               0.0959650 0.1083051 0.0835298 0.0994911 0.0988434 0.0901700 0.0719846 0.1147604 0.1076703 0.1014723 0.0798054 0.0894727 0.0882347 0.1160215 0.0000000 0.0838821 0.0922893 0.0908455 0.1174745 0.0962670 0.0809068 0.1170158 0.1128157 0.0816591 0.0929100 0.0997143 0.0836389 0.1065173 0.1674618 0.0635738 0.1014723 0.1286523 0.0928406 0.1137134 0.1286730 0.0847965 0.1411752 
Dasyuridae_Phascogale_calura                 0.0778350 0.0850439 0.0698902 0.0702053 0.0768547 0.0171178 0.0956381 0.0721905 0.0727701 0.0563447 0.0653126 0.0030760 0.0249795 0.0839271 0.0838821 0.0000000 0.0141239 0.0278269 0.0923433 0.0657041 0.0780254 0.0938327 0.0848192 0.0069562 0.0747729 0.0709221 0.0718545 0.0746457 0.1051540 0.0752225 0.0563447 0.0910390 0.0178406 0.0861151 0.0822368 0.0583653 0.0821907 
Dasyuridae_Sarcophilus_harrisii              0.0829911 0.0952591 0.0729085 0.0757952 0.0779690 0.0077864 0.1032595 0.1032201 0.0803247 0.0616600 0.0698709 0.0182075 0.0270442 0.1060712 0.0922893 0.0141239 0.0000000 0.0262783 0.1019288 0.0738297 0.0813288 0.0897266 0.0855091 0.0149134 0.0798082 0.0802551 0.0859484 0.0837948 0.1123016 0.0825269 0.0616600 0.1162970 0.0085763 0.0978632 0.1006447 0.0710163 0.1051861 
Dasyuridae_Planigale_tenuirostris            0.0629416 0.0795954 0.0657482 0.0651789 0.0720142 0.0269482 0.0879821 0.0503332 0.0646673 0.0591252 0.0567958 0.0267220 0.0201923 0.0629871 0.0908455 0.0278269 0.0262783 0.0000000 0.0920829 0.0607484 0.0693109 0.0872988 0.0793305 0.0301861 0.0731614 0.0687906 0.0629872 0.0672291 0.0775027 0.0718038 0.0591252 0.0643160 0.0255079 0.0808344 0.0791882 0.0477484 0.0839773 
Peramelidae_Echymipera_kalubu                0.1136473 0.1030909 0.0906301 0.1085556 0.1060144 0.1070037 0.1291490 0.1221663 0.1175303 0.1220178 0.0864992 0.0967462 0.1046635 0.1224442 0.1174745 0.0923433 0.1019288 0.0920829 0.0000000 0.1016268 0.0985291 0.1122857 0.1008102 0.0922301 0.1036113 0.0990526 0.1027576 0.1143001 0.1214968 0.0955177 0.1220178 0.1372214 0.1088121 0.0263647 0.0268071 0.0792965 0.0303373 
Macropodidae_Dorcopsulus_vanheurni           0.0744523 0.0948758 0.0731931 0.0308325 0.0290832 0.0792157 0.0949670 0.0885479 0.0346110 0.1009133 0.0574535 0.0821186 0.0801966 0.0848688 0.0962670 0.0657041 0.0738297 0.0607484 0.1016268 0.0000000 0.0690312 0.0917839 0.0807690 0.0632035 0.0551210 0.0811136 0.0669949 0.0261162 0.1155805 0.0716375 0.1009133 0.0997438 0.0776465 0.0976310 0.1061708 0.0597053 0.1168960 
Pseudochiridae_Pseudochirulus_forbesi        0.0743666 0.0930476 0.0680144 0.0691372 0.0697784 0.0860058 0.0949659 0.0904670 0.0817890 0.1163223 0.0598476 0.0876888 0.0811705 0.0913345 0.0809068 0.0780254 0.0813288 0.0693109 0.0985291 0.0690312 0.0000000 0.0991405 0.0850853 0.0737201 0.0713736 0.0820457 0.0450513 0.0809983 0.0999946 0.0622225 0.1163223 0.1021787 0.0845678 0.0943636 0.0980460 0.0148369 0.1055387 
Didelphidae_Didelphis_virginiana             0.1027207 0.1025267 0.0892064 0.0923520 0.1014840 0.0925782 0.1146206 0.1070485 0.1014580 0.1341198 0.0863208 0.0913905 0.0892278 0.1117121 0.1170158 0.0938327 0.0897266 0.0872988 0.1122857 0.0917839 0.0991405 0.0000000 0.0272351 0.0942698 0.0936720 0.0908757 0.0942120 0.1035056 0.1395549 0.0945558 0.1341198 0.1218335 0.0930146 0.1072507 0.1114029 0.0835086 0.1258214 
Marmosidae_Monodelphis_domestica             0.0867635 0.0947796 0.0837131 0.0832897 0.0882094 0.0861252 0.0997692 0.0713209 0.0897952 0.1461360 0.0759943 0.0842484 0.0848549 0.0820172 0.1128157 0.0848192 0.0855091 0.0793305 0.1008102 0.0807690 0.0850853 0.0272351 0.0000000 0.0877545 0.0857428 0.0791702 0.0798389 0.0902495 0.1358168 0.0872156 0.1461360 0.0893929 0.0856956 0.0956789 0.1010484 0.0711229 0.1037292 
Dasyuridae_Antechinus_stuartii               0.0702439 0.0817917 0.0694473 0.0663236 0.0723798 0.0167199 0.0886084 0.0587136 0.0695672 0.0562774 0.0654427 0.0078811 0.0263903 0.0718921 0.0816591 0.0069562 0.0149134 0.0301861 0.0922301 0.0632035 0.0737201 0.0942698 0.0877545 0.0000000 0.0755531 0.0711904 0.0661254 0.0700601 0.1052751 0.0699194 0.0562774 0.0770779 0.0161233 0.0875558 0.0851169 0.0550401 0.0811171 
Hypsiprymnodontidae_Hypsiprymnodon_moschatus 0.0697588 0.0880480 0.0772545 0.0554995 0.0562305 0.0832256 0.1021195 0.0796806 0.0535962 0.1673616 0.0633580 0.0841916 0.0856931 0.0911035 0.0929100 0.0747729 0.0798082 0.0731614 0.1036113 0.0551210 0.0713736 0.0936720 0.0857428 0.0755531 0.0000000 0.0748278 0.0739242 0.0600713 0.1353833 0.0727157 0.1673616 0.0891764 0.0833957 0.0948984 0.0868200 0.0529448 0.1003712 
Microbiotheriidae_Dromiciops_gliroides       0.0883648 0.0947179 0.0766487 0.0818034 0.0849471 0.0815076 0.1089849 0.1003892 0.0923341 0.1308608 0.0723870 0.0785864 0.0840918 0.1056840 0.0997143 0.0709221 0.0802551 0.0687906 0.0990526 0.0811136 0.0820457 0.0908757 0.0791702 0.0711904 0.0748278 0.0000000 0.0826875 0.0924988 0.1244131 0.0744767 0.1308608 0.1159269 0.0839521 0.0907564 0.0970460 0.0647836 0.1076105 
Pseudochiridae_Petauroides_volans            0.0805204 0.0956463 0.0732702 0.0708035 0.0747682 0.0877421 0.0990923 0.0936720 0.0803538 0.1155610 0.0651339 0.0873245 0.0881547 0.0926600 0.0836389 0.0718545 0.0859484 0.0629872 0.1027576 0.0669949 0.0450513 0.0942120 0.0798389 0.0661254 0.0739242 0.0826875 0.0000000 0.0795798 0.0973163 0.0643310 0.1155610 0.1040877 0.0861005 0.1000970 0.1040389 0.0365286 0.1178526 
Macropodidae_Wallabia_bicolor                0.0846832 0.1016291 0.0844871 0.0396858 0.0397050 0.0868902 0.1043244 0.1010116 0.0429038 0.1082140 0.0702319 0.0919400 0.0895806 0.0979304 0.1065173 0.0746457 0.0837948 0.0672291 0.1143001 0.0261162 0.0809983 0.1035056 0.0902495 0.0700601 0.0600713 0.0924988 0.0795798 0.0000000 0.1092324 0.0824371 0.1082140 0.1121510 0.0857349 0.1117281 0.1211795 0.0739822 0.1317660 
Tarsipedidae_Tarsipes_rostratus              0.1280677 0.1276224 0.0841955 0.1135502 0.1088648 0.1156446 0.1775473 0.1598213 0.1201163 0.1687636 0.1079853 0.1090981 0.1146782 0.1538754 0.1674618 0.1051540 0.1123016 0.0775027 0.1214968 0.1155805 0.0999946 0.1395549 0.1358168 0.1052751 0.1353833 0.1244131 0.0973163 0.1092324 0.0000000 0.1002915 0.1687636 0.1812698 0.1107562 0.1217426 0.1271384 0.1287259 0.1648035 
Acrobatidae_Distoechurus_pennatus            0.0753188 0.0873951 0.0705600 0.0760112 0.0731341 0.0812330 0.1011584 0.0844521 0.0848202 0.1142483 0.0604440 0.0834979 0.0831652 0.0892152 0.0635738 0.0752225 0.0825269 0.0718038 0.0955177 0.0716375 0.0622225 0.0945558 0.0872156 0.0699194 0.0727157 0.0744767 0.0643310 0.0824371 0.1002915 0.0000000 0.1142483 0.1007215 0.0835874 0.0944541 0.0977969 0.0529891 0.1092587 
Myrmecobiidae_Myrmecobius_fasciatus2         0.1843822 0.1168708 0.1015526 0.0954971 0.1088735 0.0671367 0.0796179 0.1020510 0.1801633 0.0000010 0.1103626 0.0651212 0.0563157 0.1171150 0.1014723 0.0563447 0.0616600 0.0591252 0.1220178 0.1009133 0.1163223 0.1341198 0.1461360 0.0562774 0.1673616 0.1308608 0.1155610 0.1082140 0.1687636 0.1142483 0.0000000 0.1774462 0.0749159 0.1281234 9.0000000 9.0000000 9.0000000 
Phalangeridae_Phalanger_carmelitae           0.0894995 0.1206097 0.1059009 0.0989182 0.1007781 0.1187898 0.1091559 0.0241326 0.1101178 0.1774462 0.0597430 0.1203630 0.1166167 0.0222735 0.1286523 0.0910390 0.1162970 0.0643160 0.1372214 0.0997438 0.1021787 0.1218335 0.0893929 0.0770779 0.0891764 0.1159269 0.1040877 0.1121510 0.1812698 0.1007215 0.1774462 0.0000000 0.1110223 0.1325999 0.1320908 0.0968310 0.1362636 
Dasyuridae_Dasyurus_geffroii                 0.0871337 0.0958683 0.0760129 0.0782090 0.0805439 0.0056219 0.1039545 0.0940268 0.0838279 0.0749159 0.0728310 0.0216745 0.0301712 0.1018752 0.0928406 0.0178406 0.0085763 0.0255079 0.1088121 0.0776465 0.0845678 0.0930146 0.0856956 0.0161233 0.0833957 0.0839521 0.0861005 0.0857349 0.1107562 0.0835874 0.0749159 0.1110223 0.0000000 0.0996238 0.0988737 0.0699267 0.1047668 
Peramelidae_Perameles_gunnii                 0.1045186 0.0903542 0.0903153 0.0997368 0.0980890 0.1005739 0.1273909 0.1140384 0.1142471 0.1281234 0.0857417 0.0913101 0.0975358 0.1164683 0.1137134 0.0861151 0.0978632 0.0808344 0.0263647 0.0976310 0.0943636 0.1072507 0.0956789 0.0875558 0.0948984 0.0907564 0.1000970 0.1117281 0.1217426 0.0944541 0.1281234 0.1325999 0.0996238 0.0000000 0.0007051 0.0752729 0.0286389 
Peramelidae_Perameles_nasuta                 0.0998129 0.0962263 0.0973767 0.1091383 0.1043883 0.0997619 0.1520400 0.1254867 0.1209550 9.0000000 0.0904016 0.0923088 0.0953250 0.1289610 0.1286730 0.0822368 0.1006447 0.0791882 0.0268071 0.1061708 0.0980460 0.1114029 0.1010484 0.0851169 0.0868200 0.0970460 0.1040389 0.1211795 0.1271384 0.0977969 9.0000000 0.1320908 0.0988737 0.0007051 0.0000000 0.0743453 0.0305328 
Pseudochiridae_Pseudocheirus_occidentalis    0.0572682 0.0777157 0.0655906 0.0649082 0.0625288 0.0719077 0.1085503 0.0936194 0.0758302 9.0000000 0.0529248 0.0768067 0.0705671 0.0975905 0.0847965 0.0583653 0.0710163 0.0477484 0.0792965 0.0597053 0.0148369 0.0835086 0.0711229 0.0550401 0.0529448 0.0647836 0.0365286 0.0739822 0.1287259 0.0529891 9.0000000 0.0968310 0.0699267 0.0752729 0.0743453 0.0000000 0.0882030 
Peramelidae_Peroryctes_raffrayana            0.1143006 0.1102253 0.1039457 0.1190775 0.1161256 0.1064116 0.1567137 0.1366693 0.1291623 9.0000000 0.1017523 0.1043214 0.1061303 0.1342343 0.1411752 0.0821907 0.1051861 0.0839773 0.0303373 0.1168960 0.1055387 0.1258214 0.1037292 0.0811171 0.1003712 0.1076105 0.1178526 0.1317660 0.1648035 0.1092587 9.0000000 0.1362636 0.1047668 0.0286389 0.0305328 0.0882030 0.0000000 
