35
Burramyidae_Burramys_parvus                  0.0000000 0.0719534 0.0554761 0.0560291 0.0566196 0.0785031 0.0635522 0.0351222 0.0612857 0.0665714 0.0521226 0.0751353 0.0805210 0.0528429 0.0645242 0.0732540 0.0760669 0.0701244 0.0812942 0.0558060 0.0745992 0.0921122 0.1104583 0.0680720 0.0476640 0.0674907 0.0781830 0.0543429 0.0538363 0.0549846 0.0496361 0.0458775 0.0700969 0.0761543 0.0682490 
Notoryctidae_Notoryctes_typhlops             0.0719534 0.0000000 0.0860388 0.0854557 0.0855334 0.1060187 0.0948811 0.0769862 0.0937276 0.0910670 0.0957943 0.1067642 0.1105943 0.0968381 0.1056262 0.1064497 0.1027371 0.1075632 0.1042208 0.0952711 0.1211089 0.1172069 0.1444965 0.0968917 0.0909874 0.0847222 0.1365037 0.0887842 0.0956498 0.0945889 0.0881423 0.0860450 0.1034203 0.1028457 0.0958390 
Vombatidae_Lasiorhinus_latifrons             0.0554761 0.0860388 0.0000000 0.0763101 0.0767977 0.0801765 0.0890880 0.0594222 0.0807973 0.0745724 0.0754667 0.0761375 0.0846315 0.0750701 0.0872376 0.0750802 0.0784954 0.0828825 0.0884619 0.0767416 0.0998317 0.0914257 0.1118133 0.0761815 0.0714671 0.0748567 0.0991684 0.0722826 0.0728943 0.0750817 0.0665335 0.0687510 0.0775280 0.0778644 0.0752463 
Potoroidae_Bettongia_penicillata             0.0560291 0.0854557 0.0763101 0.0000000 0.0059058 0.0990782 0.0876632 0.0569189 0.0118964 0.0819723 0.0760550 0.0957246 0.1012313 0.0755556 0.0803353 0.0945590 0.0957569 0.0924300 0.0970962 0.0256167 0.0908021 0.0976058 0.1112806 0.0903787 0.0424653 0.0837508 0.0917720 0.0236475 0.0727861 0.0665960 0.0663896 0.0683770 0.0855718 0.0966337 0.0828091 
Potoroidae_Bettongia_lesueur                 0.0566196 0.0855334 0.0767977 0.0059058 0.0000000 0.0994276 0.0915313 0.0590798 0.0138794 0.0808034 0.0773150 0.0944246 0.1015738 0.0768284 0.0791289 0.0940974 0.0961191 0.0939080 0.0958515 0.0276394 0.0937480 0.0971212 0.1142315 0.0911790 0.0430326 0.0824839 0.0929187 0.0257097 0.0724892 0.0680499 0.0653056 0.0696059 0.0835224 0.0969928 0.0816557 
Dasyuridae_Dasyurus_maculatus                0.0785031 0.1060187 0.0801765 0.0990782 0.0994276 0.0000000 0.1136564 0.0807601 0.1053357 0.0913154 0.0964331 0.0264402 0.0300124 0.1001821 0.1082343 0.0256655 0.0098830 0.0254329 0.1054097 0.0977952 0.1159716 0.1036947 0.1276780 0.0213521 0.0892214 0.0890237 0.1238762 0.0974801 0.0924071 0.0963061 0.0903596 0.0915187 0.0929016 0.0058965 0.0928102 
Phalangeridae_Trichosurus_vulpecula          0.0635522 0.0948811 0.0890880 0.0876632 0.0915313 0.1136564 0.0000000 0.0465295 0.0973242 0.1011185 0.0428279 0.1110466 0.1177171 0.0427699 0.0875300 0.1097819 0.1110832 0.1064702 0.1116359 0.0873742 0.1034967 0.1250813 0.1468438 0.0937407 0.0830035 0.1044535 0.1100265 0.0869161 0.0924590 0.0838336 0.0786969 0.0368622 0.1070007 0.1112178 0.1008232 
Phalangeridae_Spilocuscus_maculatus          0.0351222 0.0769862 0.0594222 0.0569189 0.0590798 0.0807601 0.0465295 0.0000000 0.0636988 0.0654841 0.0261440 0.0775030 0.0819493 0.0247783 0.0650895 0.0756252 0.0783427 0.0749880 0.0738810 0.0559502 0.0786563 0.0902001 0.1072328 0.0716498 0.0529602 0.0654863 0.0788787 0.0583525 0.0555374 0.0531887 0.0454874 0.0170361 0.0717861 0.0784321 0.0682401 
Potoroidae_Aepyprymnus_rufescens             0.0612857 0.0937276 0.0807973 0.0118964 0.0138794 0.1053357 0.0973242 0.0636988 0.0000000 0.0873862 0.0806906 0.1019563 0.1075328 0.0792910 0.0824010 0.1015982 0.1019902 0.0986158 0.1023606 0.0297130 0.0987186 0.1005113 0.1168095 0.0971632 0.0481647 0.0884343 0.0979233 0.0277877 0.0781921 0.0729722 0.0707434 0.0720185 0.0910327 0.1028767 0.0881977 
Peramelidae_Perameles_nasuta                 0.0665714 0.0910670 0.0745724 0.0819723 0.0808034 0.0913154 0.1011185 0.0654841 0.0873862 0.0000000 0.0834033 0.0870576 0.0917477 0.0853717 0.0952008 0.0867490 0.0887878 0.0867289 0.0264600 0.0835438 0.1127048 0.0970002 0.1180103 0.0815551 0.0816745 0.0803203 0.1125097 0.0839603 0.0848216 0.0821381 0.0776254 0.0769237 0.0171960 0.0887564 0.0033608 
Phalangeridae_Strigocuscus_pelengensis       0.0521226 0.0957943 0.0754667 0.0760550 0.0773150 0.0964331 0.0428279 0.0261440 0.0806906 0.0834033 0.0000000 0.0929940 0.0977603 0.0158586 0.0758742 0.0909573 0.0938117 0.0868424 0.0943115 0.0748141 0.0958303 0.1094354 0.1267347 0.0834295 0.0716053 0.0859295 0.0956485 0.0775507 0.0695161 0.0716996 0.0661793 0.0123855 0.0928219 0.0939971 0.0847963 
Dasyuridae_Phascogale_tapoatafa              0.0751353 0.1067642 0.0761375 0.0957246 0.0944246 0.0264402 0.1110466 0.0775030 0.1019563 0.0870576 0.0929940 0.0000000 0.0272495 0.0960075 0.1030215 0.0032643 0.0257509 0.0247633 0.0985621 0.0936339 0.1133766 0.1056678 0.1261773 0.0135981 0.0875712 0.0820869 0.1211902 0.0922543 0.0865352 0.0928979 0.0862572 0.0874282 0.0886343 0.0243802 0.0886180 
Dasyuridae_Sminthopsis_macroura              0.0805210 0.1105943 0.0846315 0.1012313 0.1015738 0.0300124 0.1177171 0.0819493 0.1075328 0.0917477 0.0977603 0.0272495 0.0000000 0.1014879 0.1105111 0.0264679 0.0322132 0.0187073 0.1041788 0.1007720 0.1208972 0.1128832 0.1319868 0.0242859 0.0938007 0.0937939 0.1299227 0.1004687 0.0945374 0.0993455 0.0932620 0.0927610 0.0934686 0.0279361 0.0932424 
Phalangeridae_Phalanger_orientalis           0.0528429 0.0968381 0.0750701 0.0755556 0.0768284 0.1001821 0.0427699 0.0247783 0.0792910 0.0853717 0.0158586 0.0960075 0.1014879 0.0000000 0.0741807 0.0956741 0.0967596 0.0920871 0.0994037 0.0744149 0.0962553 0.1119515 0.1252442 0.0879640 0.0709462 0.0861486 0.0929119 0.0771665 0.0749546 0.0742095 0.0637865 0.0059081 0.0932888 0.0978200 0.0861193 
Acrobatidae_Acrobates_pygmaeus               0.0645242 0.1056262 0.0872376 0.0803353 0.0791289 0.1082343 0.0875300 0.0650895 0.0824010 0.0952008 0.0758742 0.1030215 0.1105111 0.0741807 0.0000000 0.1026501 0.1039220 0.1029374 0.1065729 0.0823967 0.0900745 0.1171921 0.1376380 0.1001877 0.0769783 0.0907880 0.0901005 0.0802470 0.0670048 0.0706568 0.0457622 0.0685022 0.1002106 0.1040477 0.0963149 
Dasyuridae_Phascogale_calura                 0.0732540 0.1064497 0.0750802 0.0945590 0.0940974 0.0256655 0.1097819 0.0756252 0.1015982 0.0867490 0.0909573 0.0032643 0.0264679 0.0956741 0.1026501 0.0000000 0.0249792 0.0224483 0.0982124 0.0933097 0.1112535 0.1044284 0.1247939 0.0128700 0.0864498 0.0809520 0.1171950 0.0929760 0.0837476 0.0900374 0.0851491 0.0871304 0.0883111 0.0236141 0.0883087 
Dasyuridae_Sarcophilus_harrisii              0.0760669 0.1027371 0.0784954 0.0957569 0.0961191 0.0098830 0.1110832 0.0783427 0.1019902 0.0887878 0.0938117 0.0257509 0.0322132 0.0967596 0.1039220 0.0249792 0.0000000 0.0261823 0.1028659 0.0944953 0.1125510 0.1010400 0.1255418 0.0220674 0.0859560 0.0862414 0.1230194 0.0941655 0.0881335 0.0928588 0.0879241 0.0890907 0.0911797 0.0065715 0.0903219 
Dasyuridae_Planigale_tenuirostris            0.0701244 0.1075632 0.0828825 0.0924300 0.0939080 0.0254329 0.1064702 0.0749880 0.0986158 0.0867289 0.0868424 0.0247633 0.0187073 0.0920871 0.1029374 0.0224483 0.0261823 0.0000000 0.1005743 0.0932105 0.1099731 0.1056105 0.1305244 0.0212955 0.0852171 0.0855440 0.1179840 0.0933676 0.0849551 0.0899081 0.0846991 0.0823793 0.0885117 0.0239381 0.0892506 
Peramelidae_Echymipera_kalubu                0.0812942 0.1042208 0.0884619 0.0970962 0.0958515 0.1054097 0.1116359 0.0738810 0.1023606 0.0264600 0.0943115 0.0985621 0.1041788 0.0994037 0.1065729 0.0982124 0.1028659 0.1005743 0.0000000 0.0985266 0.1224481 0.1080980 0.1292128 0.0938475 0.0930862 0.0900059 0.1257765 0.0978653 0.0967527 0.0957209 0.0856706 0.0900238 0.0189610 0.1029892 0.0280980 
Macropodidae_Dorcopsulus_vanheurni           0.0558060 0.0952711 0.0767416 0.0256167 0.0276394 0.0977952 0.0873742 0.0559502 0.0297130 0.0835438 0.0748141 0.0936339 0.1007720 0.0744149 0.0823967 0.0933097 0.0944953 0.0932105 0.0985266 0.0000000 0.0961517 0.1023667 0.1185711 0.0887065 0.0445541 0.0883601 0.0954314 0.0139255 0.0773208 0.0696821 0.0699110 0.0672382 0.0879272 0.0953658 0.0851108 
Pseudochiridae_Pseudochirulus_forbesi        0.0745992 0.1211089 0.0998317 0.0908021 0.0937480 0.1159716 0.1034967 0.0786563 0.0987186 0.1127048 0.0958303 0.1133766 0.1208972 0.0962553 0.0900745 0.1112535 0.1125510 0.1099731 0.1224481 0.0961517 0.0000000 0.1274171 0.1476348 0.1072206 0.0917668 0.1090130 0.0634570 0.0950025 0.0447886 0.0788579 0.0724397 0.0885302 0.1134945 0.1144151 0.1129836 
Didelphidae_Didelphis_virginiana             0.0921122 0.1172069 0.0914257 0.0976058 0.0971212 0.1036947 0.1250813 0.0902001 0.1005113 0.0970002 0.1094354 0.1056678 0.1128832 0.1119515 0.1171921 0.1044284 0.1010400 0.1056105 0.1080980 0.1023667 0.1274171 0.0000000 0.0421452 0.1017775 0.1012037 0.0984620 0.1345230 0.1003585 0.1020290 0.1043420 0.0944818 0.1023573 0.1019422 0.1029160 0.0992693 
Marmosidae_Monodelphis_domestica             0.1104583 0.1444965 0.1118133 0.1112806 0.1142315 0.1276780 0.1468438 0.1072328 0.1168095 0.1180103 0.1267347 0.1261773 0.1319868 0.1252442 0.1376380 0.1247939 0.1255418 0.1305244 0.1292128 0.1185711 0.1476348 0.0421452 0.0000000 0.1191725 0.1202306 0.1174551 0.1514158 0.1183456 0.1212939 0.1238844 0.1121437 0.1178281 0.1216857 0.1278815 0.1192009 
Dasyuridae_Antechinus_stuartii               0.0680720 0.0968917 0.0761815 0.0903787 0.0911790 0.0213521 0.0937407 0.0716498 0.0971632 0.0815551 0.0834295 0.0135981 0.0242859 0.0879640 0.1001877 0.0128700 0.0220674 0.0212955 0.0938475 0.0887065 0.1072206 0.1017775 0.1191725 0.0000000 0.0800634 0.0818398 0.1160926 0.0882116 0.0823016 0.0870921 0.0833699 0.0794492 0.0844077 0.0206605 0.0850629 
Hypsiprymnodontidae_Hypsiprymnodon_moschatus 0.0476640 0.0909874 0.0714671 0.0424653 0.0430326 0.0892214 0.0830035 0.0529602 0.0481647 0.0816745 0.0716053 0.0875712 0.0938007 0.0709462 0.0769783 0.0864498 0.0859560 0.0852171 0.0930862 0.0445541 0.0917668 0.1012037 0.1202306 0.0800634 0.0000000 0.0788160 0.0926492 0.0447711 0.0697068 0.0632938 0.0593381 0.0630625 0.0846792 0.0868780 0.0830323 
Microbiotheriidae_Dromiciops_gliroides       0.0674907 0.0847222 0.0748567 0.0837508 0.0824839 0.0890237 0.1044535 0.0654863 0.0884343 0.0803203 0.0859295 0.0820869 0.0937939 0.0861486 0.0907880 0.0809520 0.0862414 0.0855440 0.0900059 0.0883601 0.1090130 0.0984620 0.1174551 0.0818398 0.0788160 0.0000000 0.1080862 0.0870650 0.0816430 0.0768264 0.0739681 0.0753064 0.0835908 0.0874413 0.0819540 
Pseudochiridae_Petauroides_volans            0.0781830 0.1365037 0.0991684 0.0917720 0.0929187 0.1238762 0.1100265 0.0788787 0.0979233 0.1125097 0.0956485 0.1211902 0.1299227 0.0929119 0.0901005 0.1171950 0.1230194 0.1179840 0.1257765 0.0954314 0.0634570 0.1345230 0.1514158 0.1160926 0.0926492 0.1080862 0.0000000 0.0974905 0.0616763 0.0828358 0.0789386 0.0867676 0.1152550 0.1231730 0.1133274 
Macropodidae_Wallabia_bicolor                0.0543429 0.0887842 0.0722826 0.0236475 0.0257097 0.0974801 0.0869161 0.0583525 0.0277877 0.0839603 0.0775507 0.0922543 0.1004687 0.0771665 0.0802470 0.0929760 0.0941655 0.0933676 0.0978653 0.0139255 0.0950025 0.1003585 0.1183456 0.0882116 0.0447711 0.0870650 0.0974905 0.0000000 0.0752921 0.0683512 0.0662939 0.0699092 0.0881346 0.0951114 0.0855281 
Pseudochiridae_Pseudocheirus_occidentalis    0.0538363 0.0956498 0.0728943 0.0727861 0.0724892 0.0924071 0.0924590 0.0555374 0.0781921 0.0848216 0.0695161 0.0865352 0.0945374 0.0749546 0.0670048 0.0837476 0.0881335 0.0849551 0.0967527 0.0773208 0.0447886 0.1020290 0.1212939 0.0823016 0.0697068 0.0816430 0.0616763 0.0752921 0.0000000 0.0568557 0.0457643 0.0668860 0.0858671 0.0908608 0.0858595 
Tarsipedidae_Tarsipes_rostratus              0.0549846 0.0945889 0.0750817 0.0665960 0.0680499 0.0963061 0.0838336 0.0531887 0.0729722 0.0821381 0.0716996 0.0928979 0.0993455 0.0742095 0.0706568 0.0900374 0.0928588 0.0899081 0.0957209 0.0696821 0.0788579 0.1043420 0.1238844 0.0870921 0.0632938 0.0768264 0.0828358 0.0683512 0.0568557 0.0000000 0.0513616 0.0652591 0.0893675 0.0937478 0.0852817 
Acrobatidae_Distoechurus_pennatus            0.0496361 0.0881423 0.0665335 0.0663896 0.0653056 0.0903596 0.0786969 0.0454874 0.0707434 0.0776254 0.0661793 0.0862572 0.0932620 0.0637865 0.0457622 0.0851491 0.0879241 0.0846991 0.0856706 0.0699110 0.0724397 0.0944818 0.1121437 0.0833699 0.0593381 0.0739681 0.0789386 0.0662939 0.0457643 0.0513616 0.0000000 0.0552562 0.0800441 0.0880251 0.0784988 
Phalangeridae_Phalanger_carmelitae           0.0458775 0.0860450 0.0687510 0.0683770 0.0696059 0.0915187 0.0368622 0.0170361 0.0720185 0.0769237 0.0123855 0.0874282 0.0927610 0.0059081 0.0685022 0.0871304 0.0890907 0.0823793 0.0900238 0.0672382 0.0885302 0.1023573 0.1178281 0.0794492 0.0630625 0.0753064 0.0867676 0.0699092 0.0668860 0.0652591 0.0552562 0.0000000 0.0835877 0.0891927 0.0770027 
Peramelidae_Peroryctes_raffrayana            0.0700969 0.1034203 0.0775280 0.0855718 0.0835224 0.0929016 0.1070007 0.0717861 0.0910327 0.0171960 0.0928219 0.0886343 0.0934686 0.0932888 0.1002106 0.0883111 0.0911797 0.0885117 0.0189610 0.0879272 0.1134945 0.1019422 0.1216857 0.0844077 0.0846792 0.0835908 0.1152550 0.0881346 0.0858671 0.0893675 0.0800441 0.0835877 0.0000000 0.0912915 0.0213198 
Dasyuridae_Dasyurus_geffroii                 0.0761543 0.1028457 0.0778644 0.0966337 0.0969928 0.0058965 0.1112178 0.0784321 0.1028767 0.0887564 0.0939971 0.0243802 0.0279361 0.0978200 0.1040477 0.0236141 0.0065715 0.0239381 0.1029892 0.0953658 0.1144151 0.1029160 0.1278815 0.0206605 0.0868780 0.0874413 0.1231730 0.0951114 0.0908608 0.0937478 0.0880251 0.0891927 0.0912915 0.0000000 0.0902907 
Peramelidae_Perameles_gunnii                 0.0682490 0.0958390 0.0752463 0.0828091 0.0816557 0.0928102 0.1008232 0.0682401 0.0881977 0.0033608 0.0847963 0.0886180 0.0932424 0.0861193 0.0963149 0.0883087 0.0903219 0.0892506 0.0280980 0.0851108 0.1129836 0.0992693 0.1192009 0.0850629 0.0830323 0.0819540 0.1133274 0.0855281 0.0858595 0.0852817 0.0784988 0.0770027 0.0213198 0.0902907 0.0000000 
