35
Burramyidae_Burramys_parvus                  0.0000000 0.0744499 0.0482427 0.0523314 0.0522573 0.0845951 0.0377138 0.0345762 0.0526633 0.0793881 0.0351882 0.0821788 0.0393267 0.0482518 0.0828823 0.0849157 0.0874299 0.0786191 0.0527552 0.0528277 0.1162631 0.0979166 0.0835738 0.0571230 0.0846621 0.0488716 0.0523696 0.0515262 0.0783947 0.0533331 0.0385345 0.0788284 0.0864528 0.0805574 0.0752821 
Notoryctidae_Notoryctes_typhlops             0.0744499 0.0000000 0.0694666 0.0808081 0.0791794 0.0931058 0.0678818 0.0694493 0.0810363 0.0842051 0.0707346 0.0927232 0.0735637 0.0758280 0.0928539 0.0935704 0.0942792 0.0822535 0.0844734 0.0808539 0.1418039 0.1226976 0.0942903 0.0894732 0.0993786 0.0824187 0.0838892 0.0823386 0.1082460 0.0808638 0.0730921 0.0808926 0.0959581 0.0850936 0.0893862 
Vombatidae_Lasiorhinus_latifrons             0.0482427 0.0694666 0.0000000 0.0575624 0.0557906 0.0892838 0.0467780 0.0473040 0.0572738 0.0771872 0.0465905 0.0873449 0.0511896 0.0541192 0.0885125 0.0883150 0.0902454 0.0792319 0.0617292 0.0564182 0.1174545 0.0970274 0.0876537 0.0642823 0.0782410 0.0545306 0.0565116 0.0551385 0.0833309 0.0557310 0.0503529 0.0759895 0.0920537 0.0783443 0.0794050 
Potoroidae_Bettongia_penicillata             0.0523314 0.0808081 0.0575624 0.0000000 0.0060902 0.0971552 0.0489804 0.0468151 0.0120459 0.0872433 0.0479551 0.0927251 0.0509976 0.0560394 0.0925470 0.0970435 0.0994488 0.0857483 0.0209741 0.0620822 0.1259304 0.1128855 0.0955476 0.0371842 0.0896028 0.0595586 0.0224876 0.0609260 0.0855575 0.0587559 0.0486136 0.0832871 0.0981051 0.0884332 0.0886477 
Potoroidae_Bettongia_lesueur                 0.0522573 0.0791794 0.0557906 0.0060902 0.0000000 0.0979246 0.0493363 0.0468188 0.0130219 0.0871995 0.0486802 0.0916797 0.0513549 0.0556116 0.0923853 0.0959723 0.0975044 0.0856778 0.0219853 0.0593791 0.1254108 0.1102297 0.0944715 0.0371174 0.0864697 0.0585088 0.0232341 0.0598701 0.0852609 0.0583392 0.0489696 0.0823695 0.0979710 0.0883829 0.0850052 
Dasyuridae_Dasyurus_maculatus                0.0845951 0.0931058 0.0892838 0.0971552 0.0979246 0.0000000 0.0803084 0.0829259 0.0964165 0.1020237 0.0824724 0.0218524 0.0863745 0.0916949 0.0219080 0.0090961 0.0303041 0.1001752 0.0959206 0.0960927 0.1421564 0.1296502 0.0247125 0.1010519 0.1113145 0.0955330 0.0944020 0.0938663 0.1297028 0.0945815 0.0845080 0.1012431 0.0061390 0.1028144 0.0259410 
Phalangeridae_Trichosurus_vulpecula          0.0377138 0.0678818 0.0467780 0.0489804 0.0493363 0.0803084 0.0000000 0.0157577 0.0482727 0.0747831 0.0169005 0.0781243 0.0191385 0.0463524 0.0792392 0.0815965 0.0841356 0.0765835 0.0495327 0.0487794 0.1114115 0.0988979 0.0803949 0.0542313 0.0796042 0.0486725 0.0499340 0.0470300 0.0756468 0.0493376 0.0184357 0.0748646 0.0826139 0.0759405 0.0735732 
Phalangeridae_Spilocuscus_maculatus          0.0345762 0.0694493 0.0473040 0.0468151 0.0468188 0.0829259 0.0157577 0.0000000 0.0472908 0.0764741 0.0081362 0.0807573 0.0097070 0.0484040 0.0818929 0.0846187 0.0862088 0.0777354 0.0500760 0.0502404 0.1171496 0.1005641 0.0835209 0.0552401 0.0799129 0.0470652 0.0487717 0.0473865 0.0751997 0.0513466 0.0090389 0.0744522 0.0850522 0.0776468 0.0756022 
Potoroidae_Aepyprymnus_rufescens             0.0526633 0.0810363 0.0572738 0.0120459 0.0130219 0.0964165 0.0482727 0.0472908 0.0000000 0.0842387 0.0479616 0.0920282 0.0506924 0.0581172 0.0922662 0.0953650 0.0987405 0.0831495 0.0220593 0.0613464 0.1303347 0.1130114 0.0952424 0.0372251 0.0892052 0.0599955 0.0233346 0.0613945 0.0849346 0.0580620 0.0483072 0.0802696 0.0973656 0.0854243 0.0847013 
Peramelidae_Perameles_nasuta                 0.0793881 0.0842051 0.0771872 0.0872433 0.0871995 0.1020237 0.0747831 0.0764741 0.0842387 0.0000000 0.0756388 0.0977812 0.0802808 0.0812890 0.0981019 0.1028975 0.1035940 0.0199680 0.0906556 0.0897351 0.1363238 0.1191040 0.0998956 0.0901797 0.1050282 0.0873514 0.0866537 0.0875378 0.1082197 0.0834490 0.0784517 0.0173828 0.1049480 0.0003170 0.0985933 
Phalangeridae_Strigocuscus_pelengensis       0.0351882 0.0707346 0.0465905 0.0479551 0.0486802 0.0824724 0.0169005 0.0081362 0.0479616 0.0756388 0.0000000 0.0786712 0.0107686 0.0476081 0.0797899 0.0841761 0.0855602 0.0765751 0.0500547 0.0498565 0.1157577 0.0985947 0.0815212 0.0540682 0.0785179 0.0461732 0.0482790 0.0469592 0.0777601 0.0509158 0.0100939 0.0732377 0.0846072 0.0767753 0.0731032 
Dasyuridae_Phascogale_tapoatafa              0.0821788 0.0927232 0.0873449 0.0927251 0.0916797 0.0218524 0.0781243 0.0807573 0.0920282 0.0977812 0.0786712 0.0000000 0.0850584 0.0889563 0.0031992 0.0203855 0.0278311 0.0962683 0.0906436 0.0910227 0.1401129 0.1270845 0.0108832 0.0954144 0.1124906 0.0918829 0.0875289 0.0911381 0.1271644 0.0926269 0.0823273 0.0965898 0.0211132 0.0985488 0.0233280 
Phalangeridae_Phalanger_orientalis           0.0393267 0.0735637 0.0511896 0.0509976 0.0513549 0.0863745 0.0191385 0.0097070 0.0506924 0.0802808 0.0107686 0.0850584 0.0000000 0.0518539 0.0862215 0.0885389 0.0908134 0.0816182 0.0528025 0.0537255 0.1204701 0.1037246 0.0879213 0.0567241 0.0842788 0.0496782 0.0526603 0.0515985 0.0822611 0.0556086 0.0031801 0.0777621 0.0889781 0.0814532 0.0791001 
Acrobatidae_Acrobates_pygmaeus               0.0482518 0.0758280 0.0541192 0.0560394 0.0556116 0.0916949 0.0463524 0.0484040 0.0581172 0.0812890 0.0476081 0.0889563 0.0518539 0.0000000 0.0896779 0.0933410 0.0907881 0.0826340 0.0590571 0.0519018 0.1187055 0.1038685 0.0910288 0.0614199 0.0886090 0.0516195 0.0594043 0.0517985 0.0726863 0.0333066 0.0510068 0.0805780 0.0928852 0.0824781 0.0830760 
Dasyuridae_Phascogale_calura                 0.0828823 0.0928539 0.0885125 0.0925470 0.0923853 0.0219080 0.0792392 0.0818929 0.0922662 0.0981019 0.0797899 0.0031992 0.0862215 0.0896779 0.0000000 0.0200906 0.0290125 0.0961699 0.0899901 0.0922172 0.1399264 0.1285088 0.0105650 0.0960862 0.1128220 0.0921920 0.0875595 0.0923219 0.1284990 0.0929191 0.0834700 0.0973865 0.0211668 0.0988879 0.0249120 
Dasyuridae_Sarcophilus_harrisii              0.0849157 0.0935704 0.0883150 0.0970435 0.0959723 0.0090961 0.0815965 0.0846187 0.0953650 0.1028975 0.0841761 0.0203855 0.0885389 0.0933410 0.0200906 0.0000000 0.0301998 0.1002907 0.0945088 0.0932656 0.1406698 0.1287293 0.0235572 0.0999775 0.1115208 0.0958289 0.0907790 0.0937998 0.1296246 0.0949732 0.0862038 0.1021097 0.0074247 0.1036832 0.0216771 
Dasyuridae_Planigale_tenuirostris            0.0874299 0.0942792 0.0902454 0.0994488 0.0975044 0.0303041 0.0841356 0.0862088 0.0987405 0.1035940 0.0855602 0.0278311 0.0908134 0.0907881 0.0290125 0.0301998 0.0000000 0.1011908 0.0968442 0.0931137 0.1477177 0.1325672 0.0315048 0.1027266 0.1161997 0.0935149 0.0912150 0.0938069 0.1300117 0.0939472 0.0892980 0.1034815 0.0310129 0.1044265 0.0233443 
Peramelidae_Echymipera_kalubu                0.0786191 0.0822535 0.0792319 0.0857483 0.0856778 0.1001752 0.0765835 0.0777354 0.0831495 0.0199680 0.0765751 0.0962683 0.0816182 0.0826340 0.0961699 0.1002907 0.1011908 0.0000000 0.0888010 0.0892291 0.1344296 0.1197428 0.1004452 0.0894296 0.1065568 0.0865769 0.0855459 0.0881083 0.1128017 0.0861869 0.0802219 0.0149794 0.1032973 0.0202868 0.0964814 
Macropodidae_Dorcopsulus_vanheurni           0.0527552 0.0844734 0.0617292 0.0209741 0.0219853 0.0959206 0.0495327 0.0500760 0.0220593 0.0906556 0.0500547 0.0906436 0.0528025 0.0590571 0.0899901 0.0945088 0.0968442 0.0888010 0.0000000 0.0626614 0.1305396 0.1169694 0.0922731 0.0377522 0.0907867 0.0614485 0.0110118 0.0610433 0.0872297 0.0615033 0.0504038 0.0887782 0.0960258 0.0918589 0.0852961 
Pseudochiridae_Pseudochirulus_forbesi        0.0528277 0.0808539 0.0564182 0.0620822 0.0593791 0.0960927 0.0487794 0.0502404 0.0613464 0.0897351 0.0498565 0.0910227 0.0537255 0.0519018 0.0922172 0.0932656 0.0931137 0.0892291 0.0626614 0.0000000 0.1275747 0.1114415 0.0932208 0.0684785 0.0934131 0.0338093 0.0631928 0.0171567 0.0714357 0.0548664 0.0520636 0.0872420 0.0975213 0.0909270 0.0857924 
Didelphidae_Didelphis_virginiana             0.1162631 0.1418039 0.1174545 0.1259304 0.1254108 0.1421564 0.1114115 0.1171496 0.1303347 0.1363238 0.1157577 0.1401129 0.1204701 0.1187055 0.1399264 0.1406698 0.1477177 0.1344296 0.1305396 0.1275747 0.0000000 0.0710669 0.1412447 0.1370617 0.1442988 0.1200188 0.1262251 0.1264913 0.1527429 0.1261385 0.1193033 0.1334234 0.1421312 0.1371625 0.1281954 
Marmosidae_Monodelphis_domestica             0.0979166 0.1226976 0.0970274 0.1128855 0.1102297 0.1296502 0.0988979 0.1005641 0.1130114 0.1191040 0.0985947 0.1270845 0.1037246 0.1038685 0.1285088 0.1287293 0.1325672 0.1197428 0.1169694 0.1114415 0.0710669 0.0000000 0.1299288 0.1175391 0.1246849 0.1010506 0.1090600 0.1093204 0.1295661 0.1073842 0.1035528 0.1170321 0.1299723 0.1199025 0.1079162 
Dasyuridae_Antechinus_stuartii               0.0835738 0.0942903 0.0876537 0.0955476 0.0944715 0.0247125 0.0803949 0.0835209 0.0952424 0.0998956 0.0815212 0.0108832 0.0879213 0.0910288 0.0105650 0.0235572 0.0315048 0.1004452 0.0922731 0.0932208 0.1412447 0.1299288 0.0000000 0.0980809 0.1145773 0.0934851 0.0896915 0.0940892 0.1276853 0.0932925 0.0851215 0.1001478 0.0243104 0.1007677 0.0251453 
Hypsiprymnodontidae_Hypsiprymnodon_moschatus 0.0571230 0.0894732 0.0642823 0.0371842 0.0371174 0.1010519 0.0542313 0.0552401 0.0372251 0.0901797 0.0540682 0.0954144 0.0567241 0.0614199 0.0960862 0.0999775 0.1027266 0.0894296 0.0377522 0.0684785 0.1370617 0.1175391 0.0980809 0.0000000 0.0941576 0.0654876 0.0377794 0.0685374 0.0892145 0.0650673 0.0542823 0.0867318 0.1015264 0.0913832 0.0886415 
Microbiotheriidae_Dromiciops_gliroides       0.0846621 0.0993786 0.0782410 0.0896028 0.0864697 0.1113145 0.0796042 0.0799129 0.0892052 0.1050282 0.0785179 0.1124906 0.0842788 0.0886090 0.1128220 0.1115208 0.1161997 0.1065568 0.0907867 0.0934131 0.1442988 0.1246849 0.1145773 0.0941576 0.0000000 0.0930627 0.0897178 0.0926903 0.1236360 0.0907897 0.0843334 0.1028506 0.1144975 0.1059928 0.1057495 
Pseudochiridae_Petauroides_volans            0.0488716 0.0824187 0.0545306 0.0595586 0.0585088 0.0955330 0.0486725 0.0470652 0.0599955 0.0873514 0.0461732 0.0918829 0.0496782 0.0516195 0.0921920 0.0958289 0.0935149 0.0865769 0.0614485 0.0338093 0.1200188 0.1010506 0.0934851 0.0654876 0.0930627 0.0000000 0.0593323 0.0309973 0.0712041 0.0542164 0.0488617 0.0844884 0.0969749 0.0882224 0.0863354 
Macropodidae_Wallabia_bicolor                0.0523696 0.0838892 0.0565116 0.0224876 0.0232341 0.0944020 0.0499340 0.0487717 0.0233346 0.0866537 0.0482790 0.0875289 0.0526603 0.0594043 0.0875595 0.0907790 0.0912150 0.0855459 0.0110118 0.0631928 0.1262251 0.1090600 0.0896915 0.0377794 0.0897178 0.0593323 0.0000000 0.0595578 0.0878647 0.0613538 0.0500286 0.0834941 0.0939173 0.0875871 0.0848872 
Pseudochiridae_Pseudocheirus_occidentalis    0.0515262 0.0823386 0.0551385 0.0609260 0.0598701 0.0938663 0.0470300 0.0473865 0.0613945 0.0875378 0.0469592 0.0911381 0.0515985 0.0517985 0.0923219 0.0937998 0.0938069 0.0881083 0.0610433 0.0171567 0.1264913 0.1093204 0.0940892 0.0685374 0.0926903 0.0309973 0.0595578 0.0000000 0.0674622 0.0531722 0.0507442 0.0863670 0.0967163 0.0884312 0.0900573 
Tarsipedidae_Tarsipes_rostratus              0.0783947 0.1082460 0.0833309 0.0855575 0.0852609 0.1297028 0.0756468 0.0751997 0.0849346 0.1082197 0.0777601 0.1271644 0.0822611 0.0726863 0.1284990 0.1296246 0.1300117 0.1128017 0.0872297 0.0714357 0.1527429 0.1295661 0.1276853 0.0892145 0.1236360 0.0712041 0.0878647 0.0674622 0.0000000 0.0776114 0.0812477 0.1084479 0.1316454 0.1094634 0.1319307 
Acrobatidae_Distoechurus_pennatus            0.0533331 0.0808638 0.0557310 0.0587559 0.0583392 0.0945815 0.0493376 0.0513466 0.0580620 0.0834490 0.0509158 0.0926269 0.0556086 0.0333066 0.0929191 0.0949732 0.0939472 0.0861869 0.0615033 0.0548664 0.1261385 0.1073842 0.0932925 0.0650673 0.0907897 0.0542164 0.0613538 0.0531722 0.0776114 0.0000000 0.0547438 0.0832140 0.0944871 0.0846343 0.0874627 
Phalangeridae_Phalanger_carmelitae           0.0385345 0.0730921 0.0503529 0.0486136 0.0489696 0.0845080 0.0184357 0.0090389 0.0483072 0.0784517 0.0100939 0.0823273 0.0031801 0.0510068 0.0834700 0.0862038 0.0892980 0.0802219 0.0504038 0.0520636 0.1193033 0.1035528 0.0851215 0.0542823 0.0843334 0.0488617 0.0500286 0.0507442 0.0812477 0.0547438 0.0000000 0.0764107 0.0866389 0.0796193 0.0770238 
Peramelidae_Peroryctes_raffrayana            0.0788284 0.0808926 0.0759895 0.0832871 0.0823695 0.1012431 0.0748646 0.0744522 0.0802696 0.0173828 0.0732377 0.0965898 0.0777621 0.0805780 0.0973865 0.1021097 0.1034815 0.0149794 0.0887782 0.0872420 0.1334234 0.1170321 0.1001478 0.0867318 0.1028506 0.0844884 0.0834941 0.0863670 0.1084479 0.0832140 0.0764107 0.0000000 0.1046509 0.0177333 0.0972049 
Dasyuridae_Dasyurus_geffroii                 0.0864528 0.0959581 0.0920537 0.0981051 0.0979710 0.0061390 0.0826139 0.0850522 0.0973656 0.1049480 0.0846072 0.0211132 0.0889781 0.0928852 0.0211668 0.0074247 0.0310129 0.1032973 0.0960258 0.0975213 0.1421312 0.1299723 0.0243104 0.1015264 0.1144975 0.0969749 0.0939173 0.0967163 0.1316454 0.0944871 0.0866389 0.1046509 0.0000000 0.1057424 0.0249250 
Peramelidae_Perameles_gunnii                 0.0805574 0.0850936 0.0783443 0.0884332 0.0883829 0.1028144 0.0759405 0.0776468 0.0854243 0.0003170 0.0767753 0.0985488 0.0814532 0.0824781 0.0988879 0.1036832 0.1044265 0.0202868 0.0918589 0.0909270 0.1371625 0.1199025 0.1007677 0.0913832 0.1059928 0.0882224 0.0875871 0.0884312 0.1094634 0.0846343 0.0796193 0.0177333 0.1057424 0.0000000 0.0998577 
Dasyuridae_Sminthopsis_macroura              0.0752821 0.0893862 0.0794050 0.0886477 0.0850052 0.0259410 0.0735732 0.0756022 0.0847013 0.0985933 0.0731032 0.0233280 0.0791001 0.0830760 0.0249120 0.0216771 0.0233443 0.0964814 0.0852961 0.0857924 0.1281954 0.1079162 0.0251453 0.0886415 0.1057495 0.0863354 0.0848872 0.0900573 0.1319307 0.0874627 0.0770238 0.0972049 0.0249250 0.0998577 0.0000000 
