37
Burramyidae_Burramys_parvus                  0.0000000 0.0907407 0.0769563 0.0748867 0.0765144 0.0839858 0.1003591 0.0757270 0.0772017 0.1802038 0.0572595 0.0863297 0.0851132 0.0877021 0.0968878 0.0758687 0.0806664 0.0583975 0.1131441 0.0711862 0.0702832 0.1030230 0.0854819 0.0667848 0.0652674 0.0857428 0.0787119 0.0819741 0.1299178 0.0710577 0.1802038 0.0858854 0.0854805 0.1041191 0.0968006 0.0517394 0.1113134 
Notoryctidae_Notoryctes_typhlops             0.0907407 0.0000000 0.0873713 0.0910509 0.0920482 0.0986026 0.1211510 0.1096711 0.1013357 0.1154575 0.0808401 0.0924027 0.0966157 0.1134618 0.1138674 0.0853990 0.0958089 0.0789538 0.1029812 0.0944276 0.0920009 0.1050007 0.0953959 0.0818006 0.0861091 0.0937257 0.0963145 0.1015539 0.1292451 0.0856797 0.1154575 0.1207221 0.0969218 0.0882918 0.0932124 0.0751459 0.1076270 
Vombatidae_Lasiorhinus_latifrons             0.0769563 0.0873713 0.0000000 0.0671134 0.0738835 0.0733762 0.0964834 0.0909506 0.0841102 0.1008490 0.0513038 0.0732808 0.0718468 0.0905198 0.0842403 0.0670816 0.0702271 0.0615056 0.0892109 0.0693070 0.0640452 0.0903719 0.0828509 0.0659578 0.0727310 0.0741534 0.0713293 0.0813590 0.0872872 0.0668465 0.1008490 0.1034112 0.0736512 0.0890274 0.0957906 0.0624936 0.1021633 
Potoroidae_Bettongia_penicillata             0.0748867 0.0910509 0.0671134 0.0000000 0.0122938 0.0792236 0.0989555 0.0835598 0.0252654 0.0953664 0.0536964 0.0838211 0.0807760 0.0819857 0.1009395 0.0674847 0.0736761 0.0611386 0.1072556 0.0249573 0.0649582 0.0931274 0.0819351 0.0624815 0.0501075 0.0785713 0.0678580 0.0335414 0.1134143 0.0717932 0.0953664 0.0972098 0.0764242 0.0987764 0.1071615 0.0598480 0.1162156 
Potoroidae_Bettongia_lesueur                 0.0765144 0.0920482 0.0738835 0.0122938 0.0000000 0.0819279 0.1043815 0.0829863 0.0255376 0.1085430 0.0565384 0.0888691 0.0828725 0.0830428 0.1011916 0.0754777 0.0765345 0.0697083 0.1054316 0.0234207 0.0660015 0.1040453 0.0879507 0.0699262 0.0512457 0.0824817 0.0727322 0.0337374 0.1099072 0.0692783 0.1085430 0.0993588 0.0796112 0.0977300 0.1031298 0.0571628 0.1136930 
Dasyuridae_Dasyurus_maculatus                0.0839858 0.0986026 0.0733762 0.0792236 0.0819279 0.0000000 0.1089076 0.1024724 0.0814372 0.0664024 0.0718876 0.0133236 0.0249377 0.1078629 0.0926733 0.0122996 0.0053700 0.0201329 0.1074290 0.0770545 0.0836788 0.0943022 0.0861264 0.0117497 0.0810512 0.0796704 0.0870859 0.0851896 0.1197325 0.0783471 0.0664024 0.1183542 0.0037997 0.1008005 0.0986760 0.0686294 0.1051842 
Phalangeridae_Trichosurus_vulpecula          0.1003591 0.1211510 0.0964834 0.0989555 0.1043815 0.1089076 0.0000000 0.1057867 0.1170879 0.0797023 0.0589036 0.1147038 0.1068063 0.0917036 0.0699076 0.0991275 0.1065610 0.0914561 0.1353422 0.0965888 0.0961596 0.1223530 0.1046573 0.0912749 0.1037827 0.1114965 0.1030597 0.1059415 0.1915973 0.1037346 0.0797023 0.1105292 0.1076454 0.1328145 0.1583509 0.1136880 0.1624117 
Phalangeridae_Spilocuscus_maculatus          0.0757270 0.1096711 0.0909506 0.0835598 0.0829863 0.1024724 0.1057867 0.0000000 0.0971987 0.1068865 0.0341325 0.1039760 0.0993113 0.0115932 0.1189794 0.0685782 0.1028364 0.0425338 0.1216010 0.0849741 0.0865100 0.1088372 0.0667674 0.0524018 0.0748531 0.0984272 0.0916389 0.0981019 0.1614016 0.0812602 0.1068865 0.0177472 0.0931586 0.1141939 0.1250521 0.0907651 0.1343858 
Potoroidae_Aepyprymnus_rufescens             0.0772017 0.1013357 0.0841102 0.0252654 0.0255376 0.0814372 0.1170879 0.0971987 0.0000000 0.1732178 0.0614580 0.0864727 0.0858726 0.0979821 0.1109100 0.0704101 0.0790056 0.0604666 0.1180358 0.0279859 0.0786045 0.1029588 0.0887987 0.0660399 0.0472547 0.0900865 0.0780401 0.0361692 0.1213652 0.0810348 0.1732178 0.1076253 0.0828477 0.1142335 0.1188651 0.0717697 0.1275855 
Myrmecobiidae_Myrmecobius_fasciatus1         0.1802038 0.1154575 0.1008490 0.0953664 0.1085430 0.0664024 0.0797023 0.1068865 0.1732178 0.0000000 0.1101703 0.0637276 0.0557748 0.1155447 0.1013841 0.0562622 0.0611768 0.0581437 0.1227443 0.1013837 0.1157483 0.1344993 0.1458691 0.0559693 0.1656690 0.1305458 0.1156539 0.1079007 0.1677056 0.1144106 0.0000010 0.1753251 0.0747112 0.1276492 9.0000000 9.0000000 9.0000000 
Phalangeridae_Strigocuscus_pelengensis       0.0572595 0.0808401 0.0513038 0.0536964 0.0565384 0.0718876 0.0589036 0.0341325 0.0614580 0.1101703 0.0000000 0.0710320 0.0702121 0.0329504 0.0793889 0.0615107 0.0663437 0.0513067 0.0848705 0.0521755 0.0543263 0.0860535 0.0735752 0.0613909 0.0579015 0.0682590 0.0612805 0.0656652 0.1114368 0.0553902 0.1101703 0.0549863 0.0698162 0.0832611 0.0865140 0.0465783 0.0979833 
Dasyuridae_Phascogale_tapoatafa              0.0863297 0.0924027 0.0732808 0.0838211 0.0888691 0.0133236 0.1147038 0.1039760 0.0864727 0.0637276 0.0710320 0.0000000 0.0234457 0.1099669 0.0922864 0.0019751 0.0133744 0.0198213 0.0972859 0.0804980 0.0852672 0.0933461 0.0840320 0.0051160 0.0816700 0.0764963 0.0868386 0.0908001 0.1133435 0.0808616 0.0637276 0.1193642 0.0162475 0.0913579 0.0917738 0.0742342 0.1041831 
Dasyuridae_Sminthopsis_macroura              0.0851132 0.0966157 0.0718468 0.0807760 0.0828725 0.0249377 0.1068063 0.0993113 0.0858726 0.0557748 0.0702121 0.0234457 0.0000000 0.1085559 0.0914293 0.0192771 0.0215741 0.0142959 0.1053583 0.0781464 0.0790293 0.0912787 0.0848651 0.0201949 0.0834973 0.0834710 0.0882475 0.0880969 0.1176039 0.0815720 0.0557748 0.1159611 0.0244672 0.0976452 0.0944163 0.0678466 0.1057042 
Phalangeridae_Phalanger_orientalis           0.0877021 0.1134618 0.0905198 0.0819857 0.0830428 0.1078629 0.0917036 0.0115932 0.0979821 0.1155447 0.0329504 0.1099669 0.1085559 0.0000000 0.1193850 0.0822235 0.1054727 0.0583228 0.1227425 0.0813837 0.0880638 0.1140618 0.0800701 0.0684387 0.0875264 0.1041284 0.0909046 0.0949021 0.1532998 0.0870874 0.1155447 0.0167765 0.1014909 0.1162113 0.1275180 0.0947851 0.1316106 
Acrobatidae_Acrobates_pygmaeus               0.0968878 0.1138674 0.0842403 0.1009395 0.1011916 0.0926733 0.0699076 0.1189794 0.1109100 0.1013841 0.0793889 0.0922864 0.0914293 0.1193850 0.0000000 0.0872419 0.0955073 0.0961761 0.1226391 0.0971943 0.0798663 0.1265841 0.1209987 0.0847221 0.0927874 0.1018413 0.0840892 0.1084712 0.1834548 0.0609975 0.1013841 0.1320263 0.0967633 0.1185787 0.1347719 0.0854963 0.1464051 
Dasyuridae_Phascogale_calura                 0.0758687 0.0853990 0.0670816 0.0674847 0.0754777 0.0122996 0.0991275 0.0685782 0.0704101 0.0562622 0.0615107 0.0019751 0.0192771 0.0822235 0.0872419 0.0000000 0.0099181 0.0209381 0.0934659 0.0625124 0.0758219 0.0963948 0.0850486 0.0045514 0.0722513 0.0687300 0.0696959 0.0720928 0.1105801 0.0723420 0.0562622 0.0896469 0.0129078 0.0869351 0.0816615 0.0540638 0.0802330 
Dasyuridae_Sarcophilus_harrisii              0.0806664 0.0958089 0.0702271 0.0736761 0.0765345 0.0053700 0.1065610 0.1028364 0.0790056 0.0611768 0.0663437 0.0133744 0.0215741 0.1054727 0.0955073 0.0099181 0.0000000 0.0195638 0.1024654 0.0716371 0.0789555 0.0913587 0.0854239 0.0103045 0.0777268 0.0788764 0.0855025 0.0822142 0.1165228 0.0801197 0.0611768 0.1155684 0.0059117 0.0982083 0.0998753 0.0681289 0.1045799 
Dasyuridae_Planigale_tenuirostris            0.0583975 0.0789538 0.0615056 0.0611386 0.0697083 0.0201329 0.0914561 0.0425338 0.0604666 0.0581437 0.0513067 0.0198213 0.0142959 0.0583228 0.0961761 0.0209381 0.0195638 0.0000000 0.0929512 0.0561341 0.0662760 0.0883008 0.0787262 0.0231617 0.0703582 0.0661583 0.0591776 0.0628339 0.0841645 0.0683651 0.0581437 0.0595562 0.0188714 0.0801310 0.0782183 0.0416358 0.0816235 
Peramelidae_Echymipera_kalubu                0.1131441 0.1029812 0.0892109 0.1072556 0.1054316 0.1074290 0.1353422 0.1216010 0.1180358 0.1227443 0.0848705 0.0972859 0.1053583 0.1227425 0.1226391 0.0934659 0.1024654 0.0929512 0.0000000 0.1007668 0.0969191 0.1176115 0.1028269 0.0931576 0.1021183 0.0984482 0.1029049 0.1137909 0.1258021 0.0937914 0.1227443 0.1371025 0.1100309 0.0206563 0.0202829 0.0773335 0.0229489 
Macropodidae_Dorcopsulus_vanheurni           0.0711862 0.0944276 0.0693070 0.0249573 0.0234207 0.0770545 0.0965888 0.0849741 0.0279859 0.1013837 0.0521755 0.0804980 0.0781464 0.0813837 0.0971943 0.0625124 0.0716371 0.0561341 0.1007668 0.0000000 0.0649164 0.0920647 0.0795217 0.0590392 0.0492529 0.0781672 0.0638571 0.0204352 0.1152796 0.0670002 0.1013837 0.0970895 0.0757354 0.0968677 0.1043603 0.0545127 0.1155425 
Pseudochiridae_Pseudochirulus_forbesi        0.0702832 0.0920009 0.0640452 0.0649582 0.0660015 0.0836788 0.0961596 0.0865100 0.0786045 0.1157483 0.0543263 0.0852672 0.0790293 0.0880638 0.0798663 0.0758219 0.0789555 0.0662760 0.0969191 0.0649164 0.0000000 0.0992283 0.0836185 0.0710193 0.0663256 0.0781584 0.0397835 0.0773324 0.1016906 0.0560463 0.1157483 0.0987805 0.0826028 0.0924227 0.0938845 0.0105224 0.1014299 
Didelphidae_Didelphis_virginiana             0.1030230 0.1050007 0.0903719 0.0931274 0.1040453 0.0943022 0.1223530 0.1088372 0.1029588 0.1344993 0.0860535 0.0933461 0.0912787 0.1140618 0.1265841 0.0963948 0.0913587 0.0883008 0.1176115 0.0920647 0.0992283 0.0000000 0.0203626 0.0966085 0.0940196 0.0925879 0.0956744 0.1048111 0.1441837 0.0964693 0.1344993 0.1242190 0.0951594 0.1119698 0.1154249 0.0821777 0.1309276 
Marmosidae_Monodelphis_domestica             0.0854819 0.0953959 0.0828509 0.0819351 0.0879507 0.0861264 0.1046573 0.0667674 0.0887987 0.1458691 0.0735752 0.0840320 0.0848651 0.0800701 0.1209987 0.0850486 0.0854239 0.0787262 0.1028269 0.0795217 0.0836185 0.0203626 0.0000000 0.0884146 0.0847732 0.0780633 0.0791319 0.0892890 0.1383359 0.0856818 0.1458691 0.0880616 0.0860010 0.0973925 0.1031748 0.0686643 0.1056867 
Dasyuridae_Antechinus_stuartii               0.0667848 0.0818006 0.0659578 0.0624815 0.0699262 0.0117497 0.0912749 0.0524018 0.0660399 0.0559693 0.0613909 0.0051160 0.0201949 0.0684387 0.0847221 0.0045514 0.0103045 0.0231617 0.0931576 0.0590392 0.0710193 0.0966085 0.0884146 0.0000000 0.0730203 0.0687939 0.0626592 0.0661129 0.1095191 0.0660268 0.0559693 0.0741940 0.0112906 0.0886266 0.0850761 0.0498170 0.0786051 
Hypsiprymnodontidae_Hypsiprymnodon_moschatus 0.0652674 0.0861091 0.0727310 0.0501075 0.0512457 0.0810512 0.1037827 0.0748531 0.0472547 0.1656690 0.0579015 0.0816700 0.0834973 0.0875264 0.0927874 0.0722513 0.0777268 0.0703582 0.1021183 0.0492529 0.0663256 0.0940196 0.0847732 0.0730203 0.0000000 0.0705973 0.0703904 0.0544240 0.1344387 0.0676338 0.1656690 0.0851806 0.0817993 0.0930757 0.0821910 0.0464503 0.0966906 
Microbiotheriidae_Dromiciops_gliroides       0.0857428 0.0937257 0.0741534 0.0785713 0.0824817 0.0796704 0.1114965 0.0984272 0.0900865 0.1305458 0.0682590 0.0764963 0.0834710 0.1041284 0.1018413 0.0687300 0.0788764 0.0661583 0.0984482 0.0781672 0.0781584 0.0925879 0.0780633 0.0687939 0.0705973 0.0000000 0.0802583 0.0900943 0.1253188 0.0715496 0.1305458 0.1141247 0.0829195 0.0898093 0.0949007 0.0598267 0.1060449 
Pseudochiridae_Petauroides_volans            0.0787119 0.0963145 0.0713293 0.0678580 0.0727322 0.0870859 0.1030597 0.0916389 0.0780401 0.1156539 0.0612805 0.0868386 0.0882475 0.0909046 0.0840892 0.0696959 0.0855025 0.0591776 0.1029049 0.0638571 0.0397835 0.0956744 0.0791319 0.0626592 0.0703904 0.0802583 0.0000000 0.0777390 0.1000932 0.0591130 0.1156539 0.1023366 0.0853311 0.1003324 0.1032748 0.0306159 0.1170959 
Macropodidae_Wallabia_bicolor                0.0819741 0.1015539 0.0813590 0.0335414 0.0337374 0.0851896 0.1059415 0.0981019 0.0361692 0.1079007 0.0656652 0.0908001 0.0880969 0.0949021 0.1084712 0.0720928 0.0822142 0.0628339 0.1137909 0.0204352 0.0773324 0.1048111 0.0892890 0.0661129 0.0544240 0.0900943 0.0777390 0.0000000 0.1096645 0.0785897 0.1079007 0.1096182 0.0841653 0.1115058 0.1195269 0.0694276 0.1302465 
Tarsipedidae_Tarsipes_rostratus              0.1299178 0.1292451 0.0872872 0.1134143 0.1099072 0.1197325 0.1915973 0.1614016 0.1213652 0.1677056 0.1114368 0.1133435 0.1176039 0.1532998 0.1834548 0.1105801 0.1165228 0.0841645 0.1258021 0.1152796 0.1016906 0.1441837 0.1383359 0.1095191 0.1344387 0.1253188 0.1000932 0.1096645 0.0000000 0.1021256 0.1677056 0.1767471 0.1157408 0.1266105 0.1269190 0.1242540 0.1567318 
Acrobatidae_Distoechurus_pennatus            0.0710577 0.0856797 0.0668465 0.0717932 0.0692783 0.0783471 0.1037346 0.0812602 0.0810348 0.1144106 0.0553902 0.0808616 0.0815720 0.0870874 0.0609975 0.0723420 0.0801197 0.0683651 0.0937914 0.0670002 0.0560463 0.0964693 0.0856818 0.0660268 0.0676338 0.0715496 0.0591130 0.0785897 0.1021256 0.0000000 0.1144106 0.0991688 0.0815702 0.0931411 0.0950746 0.0465971 0.1057815 
Myrmecobiidae_Myrmecobius_fasciatus2         0.1802038 0.1154575 0.1008490 0.0953664 0.1085430 0.0664024 0.0797023 0.1068865 0.1732178 0.0000010 0.1101703 0.0637276 0.0557748 0.1155447 0.1013841 0.0562622 0.0611768 0.0581437 0.1227443 0.1013837 0.1157483 0.1344993 0.1458691 0.0559693 0.1656690 0.1305458 0.1156539 0.1079007 0.1677056 0.1144106 0.0000000 0.1753251 0.0747112 0.1276492 9.0000000 9.0000000 9.0000000 
Phalangeridae_Phalanger_carmelitae           0.0858854 0.1207221 0.1034112 0.0972098 0.0993588 0.1183542 0.1105292 0.0177472 0.1076253 0.1753251 0.0549863 0.1193642 0.1159611 0.0167765 0.1320263 0.0896469 0.1155684 0.0595562 0.1371025 0.0970895 0.0987805 0.1242190 0.0880616 0.0741940 0.0851806 0.1141247 0.1023366 0.1096182 0.1767471 0.0991688 0.1753251 0.0000000 0.1110084 0.1321195 0.1290489 0.0931405 0.1317653 
Dasyuridae_Dasyurus_geffroii                 0.0854805 0.0969218 0.0736512 0.0764242 0.0796112 0.0037997 0.1076454 0.0931586 0.0828477 0.0747112 0.0698162 0.0162475 0.0244672 0.1014909 0.0967633 0.0129078 0.0059117 0.0188714 0.1100309 0.0757354 0.0826028 0.0951594 0.0860010 0.0112906 0.0817993 0.0829195 0.0853311 0.0841653 0.1157408 0.0815702 0.0747112 0.1110084 0.0000000 0.1007831 0.0985494 0.0665440 0.1043199 
Peramelidae_Perameles_gunnii                 0.1041191 0.0882918 0.0890274 0.0987764 0.0977300 0.1008005 0.1328145 0.1141939 0.1142335 0.1276492 0.0832611 0.0913579 0.0976452 0.1162113 0.1185787 0.0869351 0.0982083 0.0801310 0.0206563 0.0968677 0.0924227 0.1119698 0.0973925 0.0886266 0.0930757 0.0898093 0.1003324 0.1115058 0.1266105 0.0931411 0.1276492 0.1321195 0.1007831 0.0000000 0.0004389 0.0722310 0.0215486 
Peramelidae_Perameles_nasuta                 0.0968006 0.0932124 0.0957906 0.1071615 0.1031298 0.0986760 0.1583509 0.1250521 0.1188651 9.0000000 0.0865140 0.0917738 0.0944163 0.1275180 0.1347719 0.0816615 0.0998753 0.0782183 0.0202829 0.1043603 0.0938845 0.1154249 0.1031748 0.0850761 0.0821910 0.0949007 0.1032748 0.1195269 0.1269190 0.0950746 9.0000000 0.1290489 0.0985494 0.0004389 0.0000000 0.0711584 0.0234913 
Pseudochiridae_Pseudocheirus_occidentalis    0.0517394 0.0751459 0.0624936 0.0598480 0.0571628 0.0686294 0.1136880 0.0907651 0.0717697 9.0000000 0.0465783 0.0742342 0.0678466 0.0947851 0.0854963 0.0540638 0.0681289 0.0416358 0.0773335 0.0545127 0.0105224 0.0821777 0.0686643 0.0498170 0.0464503 0.0598267 0.0306159 0.0694276 0.1242540 0.0465971 9.0000000 0.0931405 0.0665440 0.0722310 0.0711584 0.0000000 0.0871629 
Peramelidae_Peroryctes_raffrayana            0.1113134 0.1076270 0.1021633 0.1162156 0.1136930 0.1051842 0.1624117 0.1343858 0.1275855 9.0000000 0.0979833 0.1041831 0.1057042 0.1316106 0.1464051 0.0802330 0.1045799 0.0816235 0.0229489 0.1155425 0.1014299 0.1309276 0.1056867 0.0786051 0.0966906 0.1060449 0.1170959 0.1302465 0.1567318 0.1057815 9.0000000 0.1317653 0.1043199 0.0215486 0.0234913 0.0871629 0.0000000 
