37
Burramyidae_Burramys_parvus                  0.0000000 0.0741538 0.0330768 0.0415572 0.0429795 0.0632413 0.0176775 0.0237617 0.0428690 0.0723727 0.0170535 0.0528531 0.0637132 0.0192596 0.0434084 0.0554446 0.0467120 0.0769436 0.0404298 0.0412647 0.0889936 0.0930137 0.0486481 0.0374947 0.0325231 0.0381587 0.0338394 0.0474919 0.0415295 0.0201805 0.0724480 0.0512991 0.0726443 0.2222553 0.2222553 0.0604683 0.0588480 
Notoryctidae_Notoryctes_typhlops             0.0741538 0.0000000 0.0556276 0.0767417 0.0791396 0.0716164 0.0511297 0.0675162 0.0801797 0.0776239 0.0489707 0.0540236 0.0636540 0.0577644 0.0825010 0.0629176 0.0512881 0.0785648 0.0787227 0.0664863 0.0892567 0.0956797 0.0500334 0.0759209 0.0612323 0.0755691 0.0624977 0.0776779 0.0726692 0.0606298 0.0776081 0.0596295 0.0786520 0.2729302 0.2729302 0.0729197 0.0713711 
Vombatidae_Lasiorhinus_latifrons             0.0330768 0.0556276 0.0000000 0.0464985 0.0493928 0.0400941 0.0211729 0.0302805 0.0500172 0.0557451 0.0217266 0.0278562 0.0335185 0.0238984 0.0441783 0.0330388 0.0277484 0.0600773 0.0468815 0.0357381 0.0644086 0.0713903 0.0224745 0.0431186 0.0288446 0.0450948 0.0305203 0.0480565 0.0409475 0.0260172 0.0595842 0.0310148 0.0567240 0.1937377 0.1937377 0.0399002 0.0507335 
Potoroidae_Bettongia_penicillata             0.0415572 0.0767417 0.0464985 0.0000000 0.0015684 0.0692436 0.0243157 0.0378592 0.0031058 0.0764327 0.0228126 0.0558966 0.0625625 0.0274926 0.0541216 0.0614672 0.0469179 0.0821480 0.0074745 0.0423507 0.0903751 0.0907216 0.0506504 0.0148814 0.0352063 0.0067229 0.0352682 0.0536489 0.0467133 0.0279455 0.0745801 0.0610655 0.0772426 0.2786551 0.2786551 0.0636818 0.0621780 
Potoroidae_Bettongia_lesueur                 0.0429795 0.0791396 0.0493928 0.0015684 0.0000000 0.0733146 0.0241912 0.0391217 0.0031022 0.0798235 0.0241026 0.0582171 0.0648849 0.0295284 0.0527520 0.0637226 0.0460322 0.0843208 0.0070434 0.0436834 0.0908593 0.0950593 0.0530499 0.0158209 0.0385932 0.0062956 0.0371468 0.0567092 0.0460784 0.0299120 0.0755435 0.0653423 0.0807399 0.2843642 0.2843642 0.0692177 0.0608557 
Dasyuridae_Dasyurus_maculatus                0.0632413 0.0716164 0.0400941 0.0692436 0.0733146 0.0000000 0.0461317 0.0576576 0.0708544 0.0759834 0.0459405 0.0031153 0.0081433 0.0486422 0.0685734 0.0037321 0.0014106 0.0863510 0.0745834 0.0662725 0.0848417 0.0894973 0.0024442 0.0696309 0.0540009 0.0708166 0.0570815 0.0812655 0.0648800 0.0506467 0.0778554 0.0014775 0.0769286 0.2376036 0.2376036 0.0086795 0.0657702 
Phalangeridae_Trichosurus_vulpecula          0.0176775 0.0511297 0.0211729 0.0243157 0.0241912 0.0461317 0.0000000 0.0054450 0.0259857 0.0525039 0.0040174 0.0355275 0.0405505 0.0048311 0.0272129 0.0412223 0.0318364 0.0622229 0.0268043 0.0209797 0.0621863 0.0668447 0.0299173 0.0245703 0.0151332 0.0238616 0.0169056 0.0274667 0.0230807 0.0051894 0.0575094 0.0376690 0.0536776 0.2165428 0.2165428 0.0448214 0.0388931 
Phalangeridae_Spilocuscus_maculatus          0.0237617 0.0675162 0.0302805 0.0378592 0.0391217 0.0576576 0.0054450 0.0000000 0.0391158 0.0665284 0.0032354 0.0485069 0.0519402 0.0033640 0.0408296 0.0462927 0.0388916 0.0741104 0.0416629 0.0301545 0.0788061 0.0797727 0.0414646 0.0368811 0.0230856 0.0373452 0.0238596 0.0390250 0.0333739 0.0042307 0.0692453 0.0497389 0.0675102 0.2317666 0.2317666 0.0565607 0.0576913 
Potoroidae_Aepyprymnus_rufescens             0.0428690 0.0801797 0.0500172 0.0031058 0.0031022 0.0708544 0.0259857 0.0391158 0.0000000 0.0771748 0.0254776 0.0553882 0.0618120 0.0295334 0.0497700 0.0625856 0.0466182 0.0797412 0.0069077 0.0438121 0.0911846 0.0916142 0.0519160 0.0141667 0.0385119 0.0061587 0.0378292 0.0505451 0.0425608 0.0299167 0.0734077 0.0627991 0.0781089 0.2776761 0.2776761 0.0652307 0.0616667 
Peramelidae_Perameles_nasuta                 0.0723727 0.0776239 0.0557451 0.0764327 0.0798235 0.0759834 0.0525039 0.0665284 0.0771748 0.0000000 0.0493413 0.0485575 0.0581880 0.0580878 0.0715496 0.0552846 0.0481382 0.0061370 0.0715587 0.0705889 0.0931408 0.1016787 0.0449338 0.0764039 0.0543964 0.0703330 0.0592449 0.0772686 0.0679733 0.0608492 0.0058045 0.0651077 0.0004464 0.1113573 0.1113573 0.0740661 0.0728425 
Phalangeridae_Strigocuscus_pelengensis       0.0170535 0.0489707 0.0217266 0.0228126 0.0241026 0.0459405 0.0040174 0.0032354 0.0254776 0.0493413 0.0000000 0.0329498 0.0363505 0.0023344 0.0318488 0.0388063 0.0288084 0.0597592 0.0258200 0.0217692 0.0683615 0.0727801 0.0273430 0.0240886 0.0160920 0.0239538 0.0173516 0.0273105 0.0261175 0.0028729 0.0534397 0.0375118 0.0490604 0.2047677 0.2047677 0.0462874 0.0489421 
Dasyuridae_Phascogale_tapoatafa              0.0528531 0.0540236 0.0278562 0.0558966 0.0582171 0.0031153 0.0355275 0.0485069 0.0553882 0.0485575 0.0329498 0.0000000 0.0077426 0.0387491 0.0627776 0.0013603 0.0032249 0.0603080 0.0615674 0.0571472 0.0545172 0.0677031 0.0015252 0.0577546 0.0431234 0.0577341 0.0473004 0.0638047 0.0548622 0.0417788 0.0514665 0.0031038 0.0500110 9.0000000 9.0000000 0.0075268 0.0509950 
Dasyuridae_Sminthopsis_macroura              0.0637132 0.0636540 0.0335185 0.0625625 0.0648849 0.0081433 0.0405505 0.0519402 0.0618120 0.0581880 0.0363505 0.0077426 0.0000000 0.0454984 0.0651087 0.0093324 0.0082924 0.0662816 0.0677040 0.0588258 0.0617445 0.0738759 0.0065054 0.0624146 0.0473230 0.0632349 0.0478382 0.0730294 0.0655135 0.0488238 0.0584591 0.0077890 0.0596585 9.0000000 9.0000000 0.0053250 0.0604970 
Phalangeridae_Phalanger_orientalis           0.0192596 0.0577644 0.0238984 0.0274926 0.0295284 0.0486422 0.0048311 0.0033640 0.0295334 0.0580878 0.0023344 0.0387491 0.0454984 0.0000000 0.0310197 0.0446098 0.0334754 0.0639715 0.0293886 0.0254531 0.0691512 0.0730048 0.0334061 0.0273417 0.0184856 0.0276687 0.0204140 0.0308813 0.0271603 0.0015657 0.0623541 0.0422151 0.0590595 0.2117437 0.2117437 0.0474179 0.0519874 
Acrobatidae_Acrobates_pygmaeus               0.0434084 0.0825010 0.0441783 0.0541216 0.0527520 0.0685734 0.0272129 0.0408296 0.0497700 0.0715496 0.0318488 0.0627776 0.0651087 0.0310197 0.0000000 0.0690593 0.0565268 0.0767205 0.0524752 0.0391638 0.0984382 0.0996973 0.0577137 0.0446770 0.0305852 0.0506588 0.0318037 0.0530359 0.0121474 0.0337513 0.0735903 0.0619234 0.0738333 0.2332473 0.2332473 0.0664974 0.0687765 
Dasyuridae_Phascogale_calura                 0.0554446 0.0629176 0.0330388 0.0614672 0.0637226 0.0037321 0.0412223 0.0462927 0.0625856 0.0552846 0.0388063 0.0013603 0.0093324 0.0446098 0.0690593 0.0000000 0.0038570 0.0655597 0.0669850 0.0592975 0.0616322 0.0745314 0.0020354 0.0638360 0.0446808 0.0629753 0.0497307 0.0693420 0.0595549 0.0476889 0.0563490 0.0037168 0.0567243 9.0000000 9.0000000 0.0088398 0.0589466 
Dasyuridae_Sarcophilus_harrisii              0.0467120 0.0512881 0.0277484 0.0469179 0.0460322 0.0014106 0.0318364 0.0388916 0.0466182 0.0481382 0.0288084 0.0032249 0.0082924 0.0334754 0.0565268 0.0038570 0.0000000 0.0550486 0.0542762 0.0540852 0.0540121 0.0618626 0.0025487 0.0539313 0.0427042 0.0502461 0.0441159 0.0629935 0.0501050 0.0346669 0.0443776 0.0018058 0.0495746 9.0000000 9.0000000 0.0072423 0.0429304 
Peramelidae_Echymipera_kalubu                0.0769436 0.0785648 0.0600773 0.0821480 0.0843208 0.0863510 0.0622229 0.0741104 0.0797412 0.0061370 0.0597592 0.0603080 0.0662816 0.0639715 0.0767205 0.0655597 0.0550486 0.0000000 0.0769025 0.0796777 0.0969521 0.1034715 0.0542797 0.0807553 0.0622878 0.0771226 0.0666781 0.0774739 0.0765947 0.0681059 0.0057688 0.0749631 0.0063939 0.1291770 0.1291770 0.0886013 0.0814859 
Macropodidae_Dorcopsulus_vanheurni           0.0404298 0.0787227 0.0468815 0.0074745 0.0070434 0.0745834 0.0268043 0.0416629 0.0069077 0.0715587 0.0258200 0.0615674 0.0677040 0.0293886 0.0524752 0.0669850 0.0542762 0.0769025 0.0000000 0.0472655 0.0962229 0.0969045 0.0579715 0.0162917 0.0341968 0.0013841 0.0416733 0.0581995 0.0455185 0.0309335 0.0710367 0.0666939 0.0737953 0.2543093 0.2543093 0.0705689 0.0653536 
Pseudochiridae_Pseudochirulus_forbesi        0.0412647 0.0664863 0.0357381 0.0423507 0.0436834 0.0662725 0.0209797 0.0301545 0.0438121 0.0705889 0.0217692 0.0571472 0.0588258 0.0254531 0.0391638 0.0592975 0.0540852 0.0796777 0.0472655 0.0000000 0.0789679 0.0844415 0.0509946 0.0431898 0.0100200 0.0458335 0.0057817 0.0311526 0.0320432 0.0277168 0.0725408 0.0571461 0.0714625 0.2062956 0.2062956 0.0653482 0.0640862 
Didelphidae_Didelphis_virginiana             0.0889936 0.0892567 0.0644086 0.0903751 0.0908593 0.0848417 0.0621863 0.0788061 0.0911846 0.0931408 0.0683615 0.0545172 0.0617445 0.0691512 0.0984382 0.0616322 0.0540121 0.0969521 0.0962229 0.0789679 0.0000000 0.0131405 0.0509332 0.0956342 0.0681197 0.0944845 0.0759012 0.0919551 0.0888109 0.0746656 0.0894254 0.0686885 0.0934198 0.3493832 0.3493832 0.0851647 0.0811942 
Marmosidae_Monodelphis_domestica             0.0930137 0.0956797 0.0713903 0.0907216 0.0950593 0.0894973 0.0668447 0.0797727 0.0916142 0.1016787 0.0727801 0.0677031 0.0738759 0.0730048 0.0996973 0.0745314 0.0618626 0.1034715 0.0969045 0.0844415 0.0131405 0.0000000 0.0612241 0.0970388 0.0726640 0.0951541 0.0774128 0.0924051 0.0896521 0.0767429 0.0977745 0.0773686 0.1037498 0.3620701 0.3620701 0.0878511 0.0830340 
Dasyuridae_Antechinus_stuartii               0.0486481 0.0500334 0.0224745 0.0506504 0.0530499 0.0024442 0.0299173 0.0414646 0.0519160 0.0449338 0.0273430 0.0015252 0.0065054 0.0334061 0.0577137 0.0020354 0.0025487 0.0542797 0.0579715 0.0509946 0.0509332 0.0612241 0.0000000 0.0536837 0.0369935 0.0546294 0.0408147 0.0634460 0.0511435 0.0361442 0.0469751 0.0024360 0.0463732 9.0000000 9.0000000 0.0063531 0.0447279 
Hypsiprymnodontidae_Hypsiprymnodon_moschatus 0.0374947 0.0759209 0.0431186 0.0148814 0.0158209 0.0696309 0.0245703 0.0368811 0.0141667 0.0764039 0.0240886 0.0577546 0.0624146 0.0273417 0.0446770 0.0638360 0.0539313 0.0807553 0.0162917 0.0431898 0.0956342 0.0970388 0.0536837 0.0000000 0.0358329 0.0155920 0.0393871 0.0587854 0.0446526 0.0286160 0.0779188 0.0617481 0.0773740 0.2308265 0.2308265 0.0614584 0.0595590 
Pseudochiridae_Petauroides_volans            0.0325231 0.0612323 0.0288446 0.0352063 0.0385932 0.0540009 0.0151332 0.0230856 0.0385119 0.0543964 0.0160920 0.0431234 0.0473230 0.0184856 0.0305852 0.0446808 0.0427042 0.0622878 0.0341968 0.0100200 0.0681197 0.0726640 0.0369935 0.0358329 0.0000000 0.0325417 0.0081567 0.0198365 0.0258734 0.0201457 0.0592966 0.0441336 0.0554269 0.2202514 0.2202514 0.0505913 0.0553414 
Macropodidae_Wallabia_bicolor                0.0381587 0.0755691 0.0450948 0.0067229 0.0062956 0.0708166 0.0238616 0.0373452 0.0061587 0.0703330 0.0239538 0.0577341 0.0632349 0.0276687 0.0506588 0.0629753 0.0502461 0.0771226 0.0013841 0.0458335 0.0944845 0.0951541 0.0546294 0.0155920 0.0325417 0.0000000 0.0397253 0.0573939 0.0433113 0.0281047 0.0709401 0.0626334 0.0726940 0.2646603 0.2646603 0.0674889 0.0619127 
Pseudochiridae_Pseudocheirus_occidentalis    0.0338394 0.0624977 0.0305203 0.0352682 0.0371468 0.0570815 0.0169056 0.0238596 0.0378292 0.0592449 0.0173516 0.0473004 0.0478382 0.0204140 0.0318037 0.0497307 0.0441159 0.0666781 0.0416733 0.0057817 0.0759012 0.0774128 0.0408147 0.0393871 0.0081567 0.0397253 0.0000000 0.0270429 0.0252436 0.0214044 0.0590871 0.0491185 0.0597563 0.1973477 0.1973477 0.0520432 0.0611111 
Tarsipedidae_Tarsipes_rostratus              0.0474919 0.0776779 0.0480565 0.0536489 0.0567092 0.0812655 0.0274667 0.0390250 0.0505451 0.0772686 0.0273105 0.0638047 0.0730294 0.0308813 0.0530359 0.0693420 0.0629935 0.0774739 0.0581995 0.0311526 0.0919551 0.0924051 0.0634460 0.0587854 0.0198365 0.0573939 0.0270429 0.0000000 0.0419693 0.0338470 0.0796667 0.0739358 0.0781959 0.2648375 0.2648375 0.0812855 0.0741683 
Acrobatidae_Distoechurus_pennatus            0.0415295 0.0726692 0.0409475 0.0467133 0.0460784 0.0648800 0.0230807 0.0333739 0.0425608 0.0679733 0.0261175 0.0548622 0.0655135 0.0271603 0.0121474 0.0595549 0.0501050 0.0765947 0.0455185 0.0320432 0.0888109 0.0896521 0.0511435 0.0446526 0.0258734 0.0433113 0.0252436 0.0419693 0.0000000 0.0284883 0.0707325 0.0580273 0.0689276 0.2283222 0.2283222 0.0679648 0.0668175 
Phalangeridae_Phalanger_carmelitae           0.0201805 0.0606298 0.0260172 0.0279455 0.0299120 0.0506467 0.0051894 0.0042307 0.0299167 0.0608492 0.0028729 0.0417788 0.0488238 0.0015657 0.0337513 0.0476889 0.0346669 0.0681059 0.0309335 0.0277168 0.0746656 0.0767429 0.0361442 0.0286160 0.0201457 0.0281047 0.0214044 0.0338470 0.0284883 0.0000000 0.0650875 0.0456824 0.0619242 0.2117073 0.2117073 0.0483800 0.0542223 
Peramelidae_Peroryctes_raffrayana            0.0724480 0.0776081 0.0595842 0.0745801 0.0755435 0.0778554 0.0575094 0.0692453 0.0734077 0.0058045 0.0534397 0.0514665 0.0584591 0.0623541 0.0735903 0.0563490 0.0443776 0.0057688 0.0710367 0.0725408 0.0894254 0.0977745 0.0469751 0.0779188 0.0592966 0.0709401 0.0590871 0.0796667 0.0707325 0.0650875 0.0000000 0.0656697 0.0057951 0.1356327 0.1356327 0.0744345 0.0725557 
Dasyuridae_Dasyurus_geffroii                 0.0512991 0.0596295 0.0310148 0.0610655 0.0653423 0.0014775 0.0376690 0.0497389 0.0627991 0.0651077 0.0375118 0.0031038 0.0077890 0.0422151 0.0619234 0.0037168 0.0018058 0.0749631 0.0666939 0.0571461 0.0686885 0.0773686 0.0024360 0.0617481 0.0441336 0.0626334 0.0491185 0.0739358 0.0580273 0.0456824 0.0656697 0.0000000 0.0661660 0.1992530 0.1992530 0.0084591 0.0561730 
Peramelidae_Perameles_gunnii                 0.0726443 0.0786520 0.0567240 0.0772426 0.0807399 0.0769286 0.0536776 0.0675102 0.0781089 0.0004464 0.0490604 0.0500110 0.0596585 0.0590595 0.0738333 0.0567243 0.0495746 0.0063939 0.0737953 0.0714625 0.0934198 0.1037498 0.0463732 0.0773740 0.0554269 0.0726940 0.0597563 0.0781959 0.0689276 0.0619242 0.0057951 0.0661660 0.0000000 0.1102850 0.1102850 0.0751577 0.0736925 
Thylacomyidae_Macrotis_lagotis1              0.2222553 0.2729302 0.1937377 0.2786551 0.2843642 0.2376036 0.2165428 0.2317666 0.2776761 0.1113573 0.2047677 9.0000000 9.0000000 0.2117437 0.2332473 9.0000000 9.0000000 0.1291770 0.2543093 0.2062956 0.3493832 0.3620701 9.0000000 0.2308265 0.2202514 0.2646603 0.1973477 0.2648375 0.2283222 0.2117073 0.1356327 0.1992530 0.1102850 0.0000000 0.0000010 0.2195608 0.2470013 
Thylacomyidae_Macrotis_lagotis2              0.2222553 0.2729302 0.1937377 0.2786551 0.2843642 0.2376036 0.2165428 0.2317666 0.2776761 0.1113573 0.2047677 9.0000000 9.0000000 0.2117437 0.2332473 9.0000000 9.0000000 0.1291770 0.2543093 0.2062956 0.3493832 0.3620701 9.0000000 0.2308265 0.2202514 0.2646603 0.1973477 0.2648375 0.2283222 0.2117073 0.1356327 0.1992530 0.1102850 0.0000010 0.0000000 0.2195608 0.2470013 
Dasyuridae_Planigale_tenuirostris            0.0604683 0.0729197 0.0399002 0.0636818 0.0692177 0.0086795 0.0448214 0.0565607 0.0652307 0.0740661 0.0462874 0.0075268 0.0053250 0.0474179 0.0664974 0.0088398 0.0072423 0.0886013 0.0705689 0.0653482 0.0851647 0.0878511 0.0063531 0.0614584 0.0505913 0.0674889 0.0520432 0.0812855 0.0679648 0.0483800 0.0744345 0.0084591 0.0751577 0.2195608 0.2195608 0.0000000 0.0517898 
Microbiotheriidae_Dromiciops_gliroides       0.0588480 0.0713711 0.0507335 0.0621780 0.0608557 0.0657702 0.0388931 0.0576913 0.0616667 0.0728425 0.0489421 0.0509950 0.0604970 0.0519874 0.0687765 0.0589466 0.0429304 0.0814859 0.0653536 0.0640862 0.0811942 0.0830340 0.0447279 0.0595590 0.0553414 0.0619127 0.0611111 0.0741683 0.0668175 0.0542223 0.0725557 0.0561730 0.0736925 0.2470013 0.2470013 0.0517898 0.0000000 
