35
Burramyidae_Burramys_parvus                  0.0000000 0.1030971 0.0576294 0.0534264 0.0475042 0.0682492 0.0324092 0.0507475 0.0352925 0.0703443 0.0702315 0.0340968 0.0520135 0.0715025 0.0697886 0.0676497 0.0844148 0.0453064 0.0456175 0.0921145 0.1139471 0.0676012 0.0468756 0.0553239 0.0397585 0.0447293 0.0921789 0.0526664 0.0344496 0.0846184 0.0683899 0.0817841 0.0325107 0.0845925 0.0400614 
Notoryctidae_Notoryctes_typhlops             0.1030971 0.0000000 0.1207392 0.1227957 0.1158205 0.1290278 0.1076326 0.1222697 0.1070190 0.1281803 0.1331276 0.1087115 0.1236736 0.1318387 0.1287926 0.1245553 0.1383828 0.1152098 0.1200360 0.1369017 0.1679550 0.1315049 0.1191087 0.1194574 0.1149008 0.1142698 0.1449873 0.1247209 0.1065366 0.1417251 0.1286718 0.1303148 0.1140685 0.1437805 0.1231290 
Vombatidae_Lasiorhinus_latifrons             0.0576294 0.1207392 0.0000000 0.0796865 0.0755403 0.0973523 0.0642023 0.0795291 0.0683206 0.0963393 0.0976758 0.0670023 0.0828810 0.0976782 0.0997375 0.0947683 0.1062109 0.0718893 0.0768246 0.1106120 0.1302507 0.0949590 0.0711354 0.0805074 0.0706599 0.0712083 0.1139217 0.0858502 0.0660041 0.1082619 0.0965861 0.1038869 0.0648905 0.1072756 0.0724940 
Potoroidae_Bettongia_penicillata             0.0534264 0.1227957 0.0796865 0.0000000 0.0051356 0.0939592 0.0582760 0.0153182 0.0608811 0.0956873 0.0950547 0.0584061 0.0692646 0.0966648 0.0971678 0.0926772 0.0989379 0.0274849 0.0668533 0.1034057 0.1231868 0.0939834 0.0444308 0.0745826 0.0622173 0.0252229 0.1211429 0.0726516 0.0591379 0.0961552 0.0945572 0.0995748 0.0540616 0.0949676 0.0597420 
Potoroidae_Bettongia_lesueur                 0.0475042 0.1158205 0.0755403 0.0051356 0.0000000 0.0831203 0.0523729 0.0151153 0.0545057 0.0842312 0.0837635 0.0510935 0.0611930 0.0855508 0.0863892 0.0833713 0.0853150 0.0279482 0.0612249 0.1036259 0.1207551 0.0833351 0.0411449 0.0679777 0.0559515 0.0259969 0.1179904 0.0630275 0.0514406 0.0772336 0.0838642 0.0853843 0.0435530 0.0749390 0.0482936 
Dasyuridae_Dasyurus_maculatus                0.0682492 0.1290278 0.0973523 0.0939592 0.0831203 0.0000000 0.0721539 0.0902671 0.0750021 0.0173854 0.0221949 0.0740649 0.0888551 0.0192428 0.0098515 0.0212234 0.1024143 0.0857499 0.0870044 0.1058709 0.1347432 0.0198060 0.0865412 0.0792415 0.0804238 0.0874565 0.1629836 0.0936783 0.0734636 0.0976023 0.0031114 0.0980858 0.0704186 0.0971269 0.0768287 
Phalangeridae_Trichosurus_vulpecula          0.0324092 0.1076326 0.0642023 0.0582760 0.0523729 0.0721539 0.0000000 0.0550586 0.0183085 0.0751455 0.0740517 0.0180943 0.0587963 0.0766517 0.0742160 0.0720139 0.0839295 0.0480211 0.0491926 0.0954825 0.1205633 0.0725162 0.0491141 0.0600805 0.0398115 0.0470297 0.0976790 0.0581071 0.0184533 0.0846721 0.0717984 0.0823571 0.0160903 0.0817746 0.0405312 
Potoroidae_Aepyprymnus_rufescens             0.0507475 0.1222697 0.0795291 0.0153182 0.0151153 0.0902671 0.0550586 0.0000000 0.0580349 0.0892647 0.0908978 0.0560390 0.0669290 0.0915270 0.0929803 0.0883940 0.1001898 0.0278590 0.0658403 0.1036422 0.1245349 0.0902727 0.0426623 0.0758486 0.0586205 0.0255871 0.1178635 0.0707304 0.0563425 0.0962508 0.0918016 0.0997811 0.0507092 0.0956277 0.0553116 
Phalangeridae_Strigocuscus_pelengensis       0.0352925 0.1070190 0.0683206 0.0608811 0.0545057 0.0750021 0.0183085 0.0580349 0.0000000 0.0765598 0.0751704 0.0138846 0.0621731 0.0793636 0.0773069 0.0724483 0.0887654 0.0521896 0.0507391 0.0931720 0.1172251 0.0753847 0.0553641 0.0638463 0.0428046 0.0519867 0.1094559 0.0610411 0.0146544 0.0904827 0.0745701 0.0862973 0.0167945 0.0878503 0.0467162 
Dasyuridae_Phascogale_tapoatafa              0.0703443 0.1281803 0.0963393 0.0956873 0.0842312 0.0173854 0.0751455 0.0892647 0.0765598 0.0000000 0.0247581 0.0762095 0.0924099 0.0039443 0.0195679 0.0213422 0.1009442 0.0875492 0.0856258 0.1045762 0.1363519 0.0110179 0.0858676 0.0819272 0.0785249 0.0869701 0.1665175 0.0945848 0.0760437 0.0973047 0.0178060 0.0989232 0.0722674 0.0962733 0.0738828 
Dasyuridae_Sminthopsis_macroura              0.0702315 0.1331276 0.0976758 0.0950547 0.0837635 0.0221949 0.0740517 0.0908978 0.0751704 0.0247581 0.0000000 0.0764377 0.0931769 0.0255045 0.0252991 0.0225651 0.1023142 0.0855016 0.0871760 0.1099614 0.1371842 0.0243674 0.0867117 0.0809045 0.0819240 0.0872883 0.1645519 0.0967337 0.0758291 0.1008318 0.0230742 0.1003265 0.0716780 0.0987835 0.0771774 
Phalangeridae_Phalanger_orientalis           0.0340968 0.1087115 0.0670023 0.0584061 0.0510935 0.0740649 0.0180943 0.0560390 0.0138846 0.0762095 0.0764377 0.0000000 0.0610125 0.0772811 0.0757038 0.0710891 0.0890230 0.0505933 0.0518563 0.0931027 0.1198303 0.0744820 0.0526273 0.0627779 0.0411245 0.0500610 0.1076660 0.0603253 0.0034870 0.0891331 0.0741495 0.0861365 0.0151444 0.0869367 0.0416316 
Acrobatidae_Acrobates_pygmaeus               0.0520135 0.1236736 0.0828810 0.0692646 0.0611930 0.0888551 0.0587963 0.0669290 0.0621731 0.0924099 0.0931769 0.0610125 0.0000000 0.0941689 0.0910485 0.0919277 0.1053798 0.0585638 0.0624332 0.1062173 0.1339451 0.0882585 0.0646943 0.0739237 0.0547314 0.0624973 0.1116933 0.0370442 0.0604486 0.1040820 0.0894218 0.1017277 0.0588663 0.1026458 0.0544450 
Dasyuridae_Phascogale_calura                 0.0715025 0.1318387 0.0976782 0.0966648 0.0855508 0.0192428 0.0766517 0.0915270 0.0793636 0.0039443 0.0255045 0.0772811 0.0941689 0.0000000 0.0197260 0.0218192 0.1014433 0.0873557 0.0868372 0.1072719 0.1377344 0.0115670 0.0847442 0.0815292 0.0800917 0.0872860 0.1693300 0.0963807 0.0771109 0.0983931 0.0184677 0.0989325 0.0727997 0.0973719 0.0744156 
Dasyuridae_Sarcophilus_harrisii              0.0697886 0.1287926 0.0997375 0.0971678 0.0863892 0.0098515 0.0742160 0.0929803 0.0773069 0.0195679 0.0252991 0.0757038 0.0910485 0.0197260 0.0000000 0.0243917 0.1057550 0.0879947 0.0860612 0.1043353 0.1362910 0.0195954 0.0859467 0.0790996 0.0788952 0.0878606 0.1605684 0.0941064 0.0750927 0.1009486 0.0074884 0.1009271 0.0752778 0.1016195 0.0763266 
Dasyuridae_Planigale_tenuirostris            0.0676497 0.1245553 0.0947683 0.0926772 0.0833713 0.0212234 0.0720139 0.0883940 0.0724483 0.0213422 0.0225651 0.0710891 0.0919277 0.0218192 0.0243917 0.0000000 0.1031326 0.0825938 0.0858926 0.1084675 0.1348456 0.0239254 0.0868668 0.0775892 0.0812047 0.0829936 0.1685850 0.0963041 0.0715712 0.0998003 0.0212936 0.1010159 0.0710869 0.1009439 0.0751545 
Peramelidae_Echymipera_kalubu                0.0844148 0.1383828 0.1062109 0.0989379 0.0853150 0.1024143 0.0839295 0.1001898 0.0887654 0.1009442 0.1023142 0.0890230 0.1053798 0.1014433 0.1057550 0.1031326 0.0000000 0.0894286 0.0940962 0.1152688 0.1441174 0.1042169 0.0995407 0.0914890 0.0883229 0.0927100 0.1832813 0.1061501 0.0883786 0.0187546 0.1016430 0.0222070 0.0914281 0.0236162 0.0944295 
Macropodidae_Dorcopsulus_vanheurni           0.0453064 0.1152098 0.0718893 0.0274849 0.0279482 0.0857499 0.0480211 0.0278590 0.0521896 0.0875492 0.0855016 0.0505933 0.0585638 0.0873557 0.0879947 0.0825938 0.0894286 0.0000000 0.0606317 0.0990194 0.1171381 0.0857083 0.0376648 0.0649920 0.0532075 0.0124712 0.1090524 0.0641894 0.0514801 0.0850370 0.0859206 0.0871327 0.0450416 0.0842701 0.0488030 
Pseudochiridae_Pseudochirulus_forbesi        0.0456175 0.1200360 0.0768246 0.0668533 0.0612249 0.0870044 0.0491926 0.0658403 0.0507391 0.0856258 0.0871760 0.0518563 0.0624332 0.0868372 0.0860612 0.0858926 0.0940962 0.0606317 0.0000000 0.1068690 0.1296950 0.0838715 0.0632202 0.0710480 0.0311374 0.0597461 0.0883838 0.0608943 0.0521674 0.0950390 0.0849404 0.0891407 0.0486720 0.0917109 0.0226857 
Didelphidae_Didelphis_virginiana             0.0921145 0.1369017 0.1106120 0.1034057 0.1036259 0.1058709 0.0954825 0.1036422 0.0931720 0.1045762 0.1099614 0.0931027 0.1062173 0.1072719 0.1043353 0.1084675 0.1152688 0.0990194 0.1068690 0.0000000 0.0612095 0.1088983 0.1040925 0.0908096 0.0961068 0.0986141 0.1772192 0.1087030 0.0918161 0.1102402 0.1065872 0.1135966 0.0889721 0.1095856 0.0951715 
Marmosidae_Monodelphis_domestica             0.1139471 0.1679550 0.1302507 0.1231868 0.1207551 0.1347432 0.1205633 0.1245349 0.1172251 0.1363519 0.1371842 0.1198303 0.1339451 0.1377344 0.1362910 0.1348456 0.1441174 0.1171381 0.1296950 0.0612095 0.0000000 0.1388908 0.1231671 0.1164799 0.1198449 0.1194703 0.1878672 0.1358006 0.1185799 0.1455881 0.1359691 0.1393002 0.1211827 0.1444543 0.1276843 
Dasyuridae_Antechinus_stuartii               0.0676012 0.1315049 0.0949590 0.0939834 0.0833351 0.0198060 0.0725162 0.0902727 0.0753847 0.0110179 0.0243674 0.0744820 0.0882585 0.0115670 0.0195954 0.0239254 0.1042169 0.0857083 0.0838715 0.1088983 0.1388908 0.0000000 0.0836083 0.0801915 0.0763563 0.0846892 0.1602906 0.0922181 0.0742965 0.0968681 0.0190408 0.1008209 0.0685653 0.0963813 0.0712749 
Hypsiprymnodontidae_Hypsiprymnodon_moschatus 0.0468756 0.1191087 0.0711354 0.0444308 0.0411449 0.0865412 0.0491141 0.0426623 0.0553641 0.0858676 0.0867117 0.0526273 0.0646943 0.0847442 0.0859467 0.0868668 0.0995407 0.0376648 0.0632202 0.1040925 0.1231671 0.0836083 0.0000000 0.0703890 0.0532792 0.0359613 0.1085756 0.0693331 0.0520876 0.0948894 0.0844774 0.0958751 0.0432886 0.0925080 0.0536277 
Microbiotheriidae_Dromiciops_gliroides       0.0553239 0.1194574 0.0805074 0.0745826 0.0679777 0.0792415 0.0600805 0.0758486 0.0638463 0.0819272 0.0809045 0.0627779 0.0739237 0.0815292 0.0790996 0.0775892 0.0914890 0.0649920 0.0710480 0.0908096 0.1164799 0.0801915 0.0703890 0.0000000 0.0652283 0.0644604 0.1179518 0.0781987 0.0622799 0.0948840 0.0779873 0.0874172 0.0636238 0.0917956 0.0682565 
Pseudochiridae_Petauroides_volans            0.0397585 0.1149008 0.0706599 0.0622173 0.0559515 0.0804238 0.0398115 0.0586205 0.0428046 0.0785249 0.0819240 0.0411245 0.0547314 0.0800917 0.0788952 0.0812047 0.0883229 0.0532075 0.0311374 0.0961068 0.1198449 0.0763563 0.0532792 0.0652283 0.0000000 0.0534236 0.0910007 0.0532094 0.0410323 0.0886424 0.0774654 0.0852226 0.0355630 0.0859532 0.0232929 
Macropodidae_Wallabia_bicolor                0.0447293 0.1142698 0.0712083 0.0252229 0.0259969 0.0874565 0.0470297 0.0255871 0.0519867 0.0869701 0.0872883 0.0500610 0.0624973 0.0872860 0.0878606 0.0829936 0.0927100 0.0124712 0.0597461 0.0986141 0.1194703 0.0846892 0.0359613 0.0644604 0.0534236 0.0000000 0.1081370 0.0661578 0.0508461 0.0908568 0.0867304 0.0913905 0.0449903 0.0883752 0.0500816 
Tarsipedidae_Tarsipes_rostratus              0.0921789 0.1449873 0.1139217 0.1211429 0.1179904 0.1629836 0.0976790 0.1178635 0.1094559 0.1665175 0.1645519 0.1076660 0.1116933 0.1693300 0.1605684 0.1685850 0.1832813 0.1090524 0.0883838 0.1772192 0.1878672 0.1602906 0.1085756 0.1179518 0.0910007 0.1081370 0.0000000 0.1154034 0.1082426 0.1925708 0.1610219 0.1754177 0.1024477 0.2010509 0.0939517 
Acrobatidae_Distoechurus_pennatus            0.0526664 0.1247209 0.0858502 0.0726516 0.0630275 0.0936783 0.0581071 0.0707304 0.0610411 0.0945848 0.0967337 0.0603253 0.0370442 0.0963807 0.0941064 0.0963041 0.1061501 0.0641894 0.0608943 0.1087030 0.1358006 0.0922181 0.0693331 0.0781987 0.0532094 0.0661578 0.1154034 0.0000000 0.0597617 0.1006368 0.0924461 0.1000604 0.0525394 0.0985597 0.0496022 
Phalangeridae_Phalanger_carmelitae           0.0344496 0.1065366 0.0660041 0.0591379 0.0514406 0.0734636 0.0184533 0.0563425 0.0146544 0.0760437 0.0758291 0.0034870 0.0604486 0.0771109 0.0750927 0.0715712 0.0883786 0.0514801 0.0521674 0.0918161 0.1185799 0.0742965 0.0520876 0.0622799 0.0410323 0.0508461 0.1082426 0.0597617 0.0000000 0.0878330 0.0735474 0.0854977 0.0141211 0.0856250 0.0404983 
Peramelidae_Peroryctes_raffrayana            0.0846184 0.1417251 0.1082619 0.0961552 0.0772336 0.0976023 0.0846721 0.0962508 0.0904827 0.0973047 0.1008318 0.0891331 0.1040820 0.0983931 0.1009486 0.0998003 0.0187546 0.0850370 0.0950390 0.1102402 0.1455881 0.0968681 0.0948894 0.0948840 0.0886424 0.0908568 0.1925708 0.1006368 0.0878330 0.0000000 0.0986637 0.0241228 0.0889608 0.0245518 0.0922233 
Dasyuridae_Dasyurus_geffroii                 0.0683899 0.1286718 0.0965861 0.0945572 0.0838642 0.0031114 0.0717984 0.0918016 0.0745701 0.0178060 0.0230742 0.0741495 0.0894218 0.0184677 0.0074884 0.0212936 0.1016430 0.0859206 0.0849404 0.1065872 0.1359691 0.0190408 0.0844774 0.0779873 0.0774654 0.0867304 0.1610219 0.0924461 0.0735474 0.0986637 0.0000000 0.0973701 0.0696234 0.0970911 0.0750863 
Peramelidae_Perameles_gunnii                 0.0817841 0.1303148 0.1038869 0.0995748 0.0853843 0.0980858 0.0823571 0.0997811 0.0862973 0.0989232 0.1003265 0.0861365 0.1017277 0.0989325 0.1009271 0.1010159 0.0222070 0.0871327 0.0891407 0.1135966 0.1393002 0.1008209 0.0958751 0.0874172 0.0852226 0.0913905 0.1754177 0.1000604 0.0854977 0.0241228 0.0973701 0.0000000 0.0850158 0.0024121 0.0928626 
Phalangeridae_Spilocuscus_maculatus          0.0325107 0.1140685 0.0648905 0.0540616 0.0435530 0.0704186 0.0160903 0.0507092 0.0167945 0.0722674 0.0716780 0.0151444 0.0588663 0.0727997 0.0752778 0.0710869 0.0914281 0.0450416 0.0486720 0.0889721 0.1211827 0.0685653 0.0432886 0.0636238 0.0355630 0.0449903 0.1024477 0.0525394 0.0141211 0.0889608 0.0696234 0.0850158 0.0000000 0.0826938 0.0426706 
Peramelidae_Perameles_nasuta                 0.0845925 0.1437805 0.1072756 0.0949676 0.0749390 0.0971269 0.0817746 0.0956277 0.0878503 0.0962733 0.0987835 0.0869367 0.1026458 0.0973719 0.1016195 0.1009439 0.0236162 0.0842701 0.0917109 0.1095856 0.1444543 0.0963813 0.0925080 0.0917956 0.0859532 0.0883752 0.2010509 0.0985597 0.0856250 0.0245518 0.0970911 0.0024121 0.0826938 0.0000000 0.0909998 
Pseudochiridae_Pseudocheirus_occidentalis    0.0400614 0.1231290 0.0724940 0.0597420 0.0482936 0.0768287 0.0405312 0.0553116 0.0467162 0.0738828 0.0771774 0.0416316 0.0544450 0.0744156 0.0763266 0.0751545 0.0944295 0.0488030 0.0226857 0.0951715 0.1276843 0.0712749 0.0536277 0.0682565 0.0232929 0.0500816 0.0939517 0.0496022 0.0404983 0.0922233 0.0750863 0.0928626 0.0426706 0.0909998 0.0000000 
