35
Burramyidae_Burramys_parvus                  0.0000000 0.0729053 0.0492384 0.0492547 0.0497872 0.0875587 0.0403397 0.0448403 0.0493164 0.0855652 0.0456431 0.0934903 0.0937063 0.0446083 0.0420916 0.0931777 0.0881603 0.0882777 0.0896949 0.0475536 0.0459289 0.1066368 0.1013727 0.0929347 0.0542239 0.0753537 0.0494703 0.0494966 0.0821974 0.0702138 0.0418546 0.0447257 0.0898155 0.0867555 0.0842496 
Notoryctidae_Notoryctes_typhlops             0.0729053 0.0000000 0.0817272 0.0833716 0.0840245 0.1157789 0.0751893 0.0782714 0.0830746 0.1082008 0.0790503 0.1144899 0.1140441 0.0797175 0.0756878 0.1139476 0.1146689 0.1131790 0.1104246 0.0802109 0.0795343 0.1368916 0.1300737 0.1150535 0.0843662 0.0944076 0.0834441 0.0837837 0.1471349 0.1007126 0.0745080 0.0816822 0.1107322 0.1140109 0.1077813 
Vombatidae_Lasiorhinus_latifrons             0.0492384 0.0817272 0.0000000 0.0636201 0.0636704 0.1018458 0.0572969 0.0601897 0.0668202 0.0948632 0.0600313 0.1041262 0.1018921 0.0589843 0.0559660 0.1018117 0.1012609 0.0991081 0.0948363 0.0630207 0.0601519 0.1078051 0.1029985 0.1020068 0.0678247 0.0790310 0.0624785 0.0655189 0.1142582 0.0828199 0.0566949 0.0603524 0.0971343 0.0995963 0.0932616 
Potoroidae_Bettongia_penicillata             0.0492547 0.0833716 0.0636201 0.0000000 0.0084122 0.1045253 0.0551204 0.0586084 0.0150308 0.1017843 0.0580789 0.1088655 0.1071510 0.0575128 0.0542965 0.1062965 0.1056580 0.1043171 0.1015584 0.0249776 0.0572542 0.1164198 0.1144256 0.1062066 0.0368281 0.0860337 0.0602838 0.0255412 0.1019836 0.0805627 0.0546732 0.0575407 0.1018295 0.1035757 0.1000887 
Potoroidae_Bettongia_lesueur                 0.0497872 0.0840245 0.0636704 0.0084122 0.0000000 0.1053225 0.0557381 0.0592909 0.0147992 0.1005224 0.0587517 0.1103509 0.1082062 0.0581767 0.0559197 0.1077455 0.1058160 0.1053845 0.1016210 0.0237983 0.0581736 0.1195882 0.1151552 0.1078127 0.0376204 0.0857489 0.0597291 0.0246087 0.1018442 0.0811634 0.0558039 0.0582024 0.1015642 0.1043611 0.0988517 
Dasyuridae_Dasyurus_maculatus                0.0875587 0.1157789 0.1018458 0.1045253 0.1053225 0.0000000 0.0949584 0.0992318 0.1046322 0.1270148 0.1006575 0.0214404 0.0323019 0.0988782 0.0952894 0.0226995 0.0091245 0.0311043 0.1236338 0.0986818 0.0991868 0.1492279 0.1439578 0.0242697 0.1037743 0.1114197 0.1027423 0.1030396 0.1847598 0.1254927 0.0973870 0.1015069 0.1273466 0.0067184 0.1262457 
Phalangeridae_Trichosurus_vulpecula          0.0403397 0.0751893 0.0572969 0.0551204 0.0557381 0.0949584 0.0000000 0.0212114 0.0544204 0.0886677 0.0231264 0.0977757 0.0948223 0.0201545 0.0446572 0.0961127 0.0930126 0.0929396 0.0907591 0.0515267 0.0469965 0.1150201 0.1099676 0.0951204 0.0555455 0.0749517 0.0512285 0.0543587 0.0806526 0.0767175 0.0478060 0.0223863 0.0914028 0.0936634 0.0885193 
Phalangeridae_Spilocuscus_maculatus          0.0448403 0.0782714 0.0601897 0.0586084 0.0592909 0.0992318 0.0212114 0.0000000 0.0577231 0.0949379 0.0108222 0.1011158 0.1014673 0.0085810 0.0507759 0.1008353 0.0987543 0.0987897 0.0963301 0.0579507 0.0523426 0.1183430 0.1129005 0.1013324 0.0630907 0.0800060 0.0531794 0.0588774 0.0917878 0.0782715 0.0514483 0.0104588 0.0990978 0.0989339 0.0950301 
Potoroidae_Aepyprymnus_rufescens             0.0493164 0.0830746 0.0668202 0.0150308 0.0147992 0.1046322 0.0544204 0.0577231 0.0000000 0.1003766 0.0580880 0.1101853 0.1083784 0.0580974 0.0537296 0.1083359 0.1072963 0.1049673 0.1017716 0.0219267 0.0568670 0.1161606 0.1140641 0.1082787 0.0353987 0.0873263 0.0603692 0.0227232 0.1003867 0.0807051 0.0553526 0.0587301 0.1014433 0.1051956 0.0994086 
Peramelidae_Perameles_nasuta                 0.0855652 0.1082008 0.0948632 0.1017843 0.1005224 0.1270148 0.0886677 0.0949379 0.1003766 0.0000000 0.0958649 0.1343934 0.1246271 0.0958536 0.0965151 0.1327437 0.1260905 0.1218751 0.0189178 0.0975145 0.0912027 0.1375888 0.1247147 0.1324142 0.1035423 0.1030058 0.0993316 0.0972929 0.1776270 0.1170583 0.0930264 0.0981139 0.0200252 0.1273302 0.0006253 
Phalangeridae_Strigocuscus_pelengensis       0.0456431 0.0790503 0.0600313 0.0580789 0.0587517 0.1006575 0.0231264 0.0108222 0.0580880 0.0958649 0.0000000 0.1016096 0.0992335 0.0099585 0.0508252 0.1001992 0.0985898 0.0995039 0.0957452 0.0568331 0.0532242 0.1181882 0.1120303 0.1001225 0.0615341 0.0806824 0.0550130 0.0579769 0.0960850 0.0803759 0.0532171 0.0120990 0.0990100 0.0993166 0.0949089 
Dasyuridae_Phascogale_tapoatafa              0.0934903 0.1144899 0.1041262 0.1088655 0.1103509 0.0214404 0.0977757 0.1011158 0.1101853 0.1343934 0.1016096 0.0000000 0.0338018 0.1019186 0.1023967 0.0068233 0.0211719 0.0309715 0.1303920 0.1049571 0.1048912 0.1498246 0.1448542 0.0171305 0.1100158 0.1147370 0.1087020 0.1090198 0.1965957 0.1273560 0.1027707 0.1046240 0.1356335 0.0225221 0.1342318 
Dasyuridae_Sminthopsis_macroura              0.0937063 0.1140441 0.1018921 0.1071510 0.1082062 0.0323019 0.0948223 0.1014673 0.1083784 0.1246271 0.0992335 0.0338018 0.0000000 0.1010899 0.0978983 0.0325789 0.0335620 0.0277714 0.1210189 0.1015643 0.1015539 0.1473062 0.1394427 0.0313292 0.1067066 0.1142831 0.1073946 0.1058809 0.1928979 0.1288373 0.0974202 0.1039561 0.1240508 0.0327157 0.1242035 
Phalangeridae_Phalanger_orientalis           0.0446083 0.0797175 0.0589843 0.0575128 0.0581767 0.0988782 0.0201545 0.0085810 0.0580974 0.0958536 0.0099585 0.1019186 0.1010899 0.0000000 0.0509082 0.0998102 0.0978416 0.0989835 0.0967304 0.0579804 0.0533482 0.1175963 0.1115642 0.0990282 0.0618557 0.0790749 0.0526747 0.0585767 0.0933087 0.0778470 0.0523044 0.0054263 0.0983666 0.0982265 0.0948487 
Acrobatidae_Acrobates_pygmaeus               0.0420916 0.0756878 0.0559660 0.0542965 0.0559197 0.0952894 0.0446572 0.0507759 0.0537296 0.0965151 0.0508252 0.1023967 0.0978983 0.0509082 0.0000000 0.0996786 0.0959936 0.0955214 0.1009348 0.0503618 0.0459461 0.1116229 0.1025679 0.0981492 0.0547848 0.0775453 0.0480860 0.0526954 0.0831753 0.0668902 0.0310625 0.0520821 0.1006451 0.0944805 0.0950642 
Dasyuridae_Phascogale_calura                 0.0931777 0.1139476 0.1018117 0.1062965 0.1077455 0.0226995 0.0961127 0.1008353 0.1083359 0.1327437 0.1001992 0.0068233 0.0325789 0.0998102 0.0996786 0.0000000 0.0212410 0.0316427 0.1279486 0.1025745 0.1018933 0.1448734 0.1407557 0.0163423 0.1081005 0.1122948 0.1059127 0.1074531 0.1931370 0.1273101 0.1008781 0.1024532 0.1320357 0.0223770 0.1316235 
Dasyuridae_Sarcophilus_harrisii              0.0881603 0.1146689 0.1012609 0.1056580 0.1058160 0.0091245 0.0930126 0.0987543 0.1072963 0.1260905 0.0985898 0.0211719 0.0335620 0.0978416 0.0959936 0.0212410 0.0000000 0.0329308 0.1217461 0.0998007 0.0996808 0.1491663 0.1426944 0.0228495 0.1056830 0.1120409 0.1037623 0.1041824 0.1844775 0.1278594 0.0980251 0.1011438 0.1255882 0.0075829 0.1258486 
Dasyuridae_Planigale_tenuirostris            0.0882777 0.1131790 0.0991081 0.1043171 0.1053845 0.0311043 0.0929396 0.0987897 0.1049673 0.1218751 0.0995039 0.0309715 0.0277714 0.0989835 0.0955214 0.0316427 0.0329308 0.0000000 0.1186944 0.1008266 0.0980562 0.1452962 0.1399456 0.0311994 0.1045453 0.1133673 0.1027396 0.1052498 0.1859861 0.1285982 0.0960266 0.1003109 0.1206212 0.0320509 0.1219693 
Peramelidae_Echymipera_kalubu                0.0896949 0.1104246 0.0948363 0.1015584 0.1016210 0.1236338 0.0907591 0.0963301 0.1017716 0.0189178 0.0957452 0.1303920 0.1210189 0.0967304 0.1009348 0.1279486 0.1217461 0.1186944 0.0000000 0.0977323 0.0946524 0.1411124 0.1269241 0.1300508 0.1060537 0.1054407 0.1031303 0.0983662 0.1829477 0.1221060 0.0976863 0.0998514 0.0154771 0.1231627 0.0193774 
Macropodidae_Dorcopsulus_vanheurni           0.0475536 0.0802109 0.0630207 0.0249776 0.0237983 0.0986818 0.0515267 0.0579507 0.0219267 0.0975145 0.0568331 0.1049571 0.1015643 0.0579804 0.0503618 0.1025745 0.0998007 0.1008266 0.0977323 0.0000000 0.0557617 0.1159532 0.1107593 0.1030830 0.0349805 0.0836748 0.0581439 0.0121962 0.0956604 0.0755600 0.0518065 0.0579614 0.0984193 0.0986177 0.0962817 
Pseudochiridae_Pseudochirulus_forbesi        0.0459289 0.0795343 0.0601519 0.0572542 0.0581736 0.0991868 0.0469965 0.0523426 0.0568670 0.0912027 0.0532242 0.1048912 0.1015539 0.0533482 0.0459461 0.1018933 0.0996808 0.0980562 0.0946524 0.0557617 0.0000000 0.1203301 0.1185109 0.1019340 0.0599769 0.0827652 0.0352307 0.0571515 0.0300402 0.0693188 0.0482662 0.0534444 0.0949260 0.0974864 0.0910723 
Didelphidae_Didelphis_virginiana             0.1066368 0.1368916 0.1078051 0.1164198 0.1195882 0.1492279 0.1150201 0.1183430 0.1161606 0.1375888 0.1181882 0.1498246 0.1473062 0.1175963 0.1116229 0.1448734 0.1491663 0.1452962 0.1411124 0.1159532 0.1203301 0.0000000 0.0437314 0.1499833 0.1239458 0.1269653 0.1224773 0.1158225 0.2261726 0.1359836 0.1186906 0.1194010 0.1374065 0.1471583 0.1380007 
Marmosidae_Monodelphis_domestica             0.1013727 0.1300737 0.1029985 0.1144256 0.1151552 0.1439578 0.1099676 0.1129005 0.1140641 0.1247147 0.1120303 0.1448542 0.1394427 0.1115642 0.1025679 0.1407557 0.1426944 0.1399456 0.1269241 0.1107593 0.1185109 0.0437314 0.0000000 0.1417101 0.1193497 0.1144103 0.1167539 0.1106305 0.2169898 0.1271643 0.1115471 0.1112954 0.1271196 0.1429085 0.1242592 
Dasyuridae_Antechinus_stuartii               0.0929347 0.1150535 0.1020068 0.1062066 0.1078127 0.0242697 0.0951204 0.1013324 0.1082787 0.1324142 0.1001225 0.0171305 0.0313292 0.0990282 0.0981492 0.0163423 0.0228495 0.0311994 0.1300508 0.1030830 0.1019340 0.1499833 0.1417101 0.0000000 0.1082164 0.1109011 0.1070478 0.1066322 0.1882093 0.1265688 0.0998030 0.1021041 0.1333479 0.0225422 0.1311636 
Hypsiprymnodontidae_Hypsiprymnodon_moschatus 0.0542239 0.0843662 0.0678247 0.0368281 0.0376204 0.1037743 0.0555455 0.0630907 0.0353987 0.1035423 0.0615341 0.1100158 0.1067066 0.0618557 0.0547848 0.1081005 0.1056830 0.1045453 0.1060537 0.0349805 0.0599769 0.1239458 0.1193497 0.1082164 0.0000000 0.0866953 0.0601240 0.0379321 0.1033844 0.0819984 0.0576767 0.0631291 0.1068873 0.1037044 0.1028631 
Microbiotheriidae_Dromiciops_gliroides       0.0753537 0.0944076 0.0790310 0.0860337 0.0857489 0.1114197 0.0749517 0.0800060 0.0873263 0.1030058 0.0806824 0.1147370 0.1142831 0.0790749 0.0775453 0.1122948 0.1120409 0.1133673 0.1054407 0.0836748 0.0827652 0.1269653 0.1144103 0.1109011 0.0866953 0.0000000 0.0831815 0.0832976 0.1521775 0.1031688 0.0838297 0.0796016 0.1064873 0.1119425 0.1031784 
Pseudochiridae_Petauroides_volans            0.0494703 0.0834441 0.0624785 0.0602838 0.0597291 0.1027423 0.0512285 0.0531794 0.0603692 0.0993316 0.0550130 0.1087020 0.1073946 0.0526747 0.0480860 0.1059127 0.1037623 0.1027396 0.1031303 0.0581439 0.0352307 0.1224773 0.1167539 0.1070478 0.0601240 0.0831815 0.0000000 0.0609072 0.0602125 0.0726396 0.0504614 0.0527481 0.1028065 0.1020386 0.0983234 
Macropodidae_Wallabia_bicolor                0.0494966 0.0837837 0.0655189 0.0255412 0.0246087 0.1030396 0.0543587 0.0588774 0.0227232 0.0972929 0.0579769 0.1090198 0.1058809 0.0585767 0.0526954 0.1074531 0.1041824 0.1052498 0.0983662 0.0121962 0.0571515 0.1158225 0.1106305 0.1066322 0.0379321 0.0832976 0.0609072 0.0000000 0.0987827 0.0795658 0.0553556 0.0592247 0.0975255 0.1029626 0.0961360 
Pseudochiridae_Pseudocheirus_occidentalis    0.0821974 0.1471349 0.1142582 0.1019836 0.1018442 0.1847598 0.0806526 0.0917878 0.1003867 0.1776270 0.0960850 0.1965957 0.1928979 0.0933087 0.0831753 0.1931370 0.1844775 0.1859861 0.1829477 0.0956604 0.0300402 0.2261726 0.2169898 0.1882093 0.1033844 0.1521775 0.0602125 0.0987827 0.0000000 0.1234451 0.0797489 0.0951944 0.1820095 0.1819175 0.1789092 
Tarsipedidae_Tarsipes_rostratus              0.0702138 0.1007126 0.0828199 0.0805627 0.0811634 0.1254927 0.0767175 0.0782715 0.0807051 0.1170583 0.0803759 0.1273560 0.1288373 0.0778470 0.0668902 0.1273101 0.1278594 0.1285982 0.1221060 0.0755600 0.0693188 0.1359836 0.1271643 0.1265688 0.0819984 0.1031688 0.0726396 0.0795658 0.1234451 0.0000000 0.0649049 0.0776271 0.1225425 0.1246058 0.1159292 
Acrobatidae_Distoechurus_pennatus            0.0418546 0.0745080 0.0566949 0.0546732 0.0558039 0.0973870 0.0478060 0.0514483 0.0553526 0.0930264 0.0532171 0.1027707 0.0974202 0.0523044 0.0310625 0.1008781 0.0980251 0.0960266 0.0976863 0.0518065 0.0482662 0.1186906 0.1115471 0.0998030 0.0576767 0.0838297 0.0504614 0.0553556 0.0797489 0.0649049 0.0000000 0.0535418 0.0991002 0.0960775 0.0934515 
Phalangeridae_Phalanger_carmelitae           0.0447257 0.0816822 0.0603524 0.0575407 0.0582024 0.1015069 0.0223863 0.0104588 0.0587301 0.0981139 0.0120990 0.1046240 0.1039561 0.0054263 0.0520821 0.1024532 0.1011438 0.1003109 0.0998514 0.0579614 0.0534444 0.1194010 0.1112954 0.1021041 0.0631291 0.0796016 0.0527481 0.0592247 0.0951944 0.0776271 0.0535418 0.0000000 0.1009032 0.1005787 0.0974441 
Peramelidae_Peroryctes_raffrayana            0.0898155 0.1107322 0.0971343 0.1018295 0.1015642 0.1273466 0.0914028 0.0990978 0.1014433 0.0200252 0.0990100 0.1356335 0.1240508 0.0983666 0.1006451 0.1320357 0.1255882 0.1206212 0.0154771 0.0984193 0.0949260 0.1374065 0.1271196 0.1333479 0.1068873 0.1064873 0.1028065 0.0975255 0.1820095 0.1225425 0.0991002 0.1009032 0.0000000 0.1272415 0.0203586 
Dasyuridae_Dasyurus_geffroii                 0.0867555 0.1140109 0.0995963 0.1035757 0.1043611 0.0067184 0.0936634 0.0989339 0.1051956 0.1273302 0.0993166 0.0225221 0.0327157 0.0982265 0.0944805 0.0223770 0.0075829 0.0320509 0.1231627 0.0986177 0.0974864 0.1471583 0.1429085 0.0225422 0.1037044 0.1119425 0.1020386 0.1029626 0.1819175 0.1246058 0.0960775 0.1005787 0.1272415 0.0000000 0.1268576 
Peramelidae_Perameles_gunnii                 0.0842496 0.1077813 0.0932616 0.1000887 0.0988517 0.1262457 0.0885193 0.0950301 0.0994086 0.0006253 0.0949089 0.1342318 0.1242035 0.0948487 0.0950642 0.1316235 0.1258486 0.1219693 0.0193774 0.0962817 0.0910723 0.1380007 0.1242592 0.1311636 0.1028631 0.1031784 0.0983234 0.0961360 0.1789092 0.1159292 0.0934515 0.0974441 0.0203586 0.1268576 0.0000000 
