39
Peramelidae_Isoodon_obesulus1                0.0000000 0.0560441 0.0661972 0.0579671 0.0560380 0.0579819 0.0618219 0.0533457 0.0720998 0.0662256 0.0048809 9.0000000 0.0722244 0.0697903 0.0675615 0.0697515 0.0615344 0.0657869 0.0657869 0.0721090 0.0132658 0.0556641 0.0686881 0.0624751 0.0638106 0.0638920 0.0541345 0.0548149 0.0595834 0.0560805 0.0705605 0.0705503 0.0630524 9.0000000 0.0697515 0.0000010 0.0183159 0.0638163 0.0032464 
Burramyidae_Burramys_parvus                  0.0560441 0.0000000 0.0531949 0.0423942 0.0399139 0.0398350 0.0503319 0.0310446 0.0339788 0.0437007 0.0939416 0.1217968 0.0379886 0.0494494 0.0516955 0.0419562 0.0437276 0.0486950 0.0509806 0.0470970 0.0914854 0.0374319 0.0469701 0.0618891 0.0647814 0.0469800 0.0385685 0.0428777 0.0336221 0.0363647 0.0383129 0.0383193 0.0420133 0.1217968 0.0419932 0.0560441 0.0549076 0.0506537 0.0965668 
Notoryctidae_Notoryctes_typhlops             0.0661972 0.0531949 0.0000000 0.0579547 0.0554575 0.0564738 0.0605427 0.0518408 0.0547897 0.0589888 0.0982950 0.1715609 0.0582394 0.0591481 0.0611021 0.0592058 0.0572720 0.0582046 0.0614947 0.0530989 0.0959147 0.0544322 0.0637332 0.0677631 0.0711135 0.0536854 0.0564192 0.0495677 0.0477743 0.0541308 0.0598549 0.0501298 0.0593461 0.1715609 0.0624235 0.0661972 0.0694579 0.0599536 0.1007132 
Vombatidae_Lasiorhinus_latifrons             0.0579671 0.0423942 0.0579547 0.0000000 0.0497789 0.0498509 0.0585933 0.0416772 0.0441622 0.0529577 0.0981436 0.1318582 0.0469269 0.0566090 0.0573340 0.0519356 0.0512940 0.0558788 0.0593831 0.0531294 0.0962271 0.0485863 0.0575950 0.0661372 0.0678525 0.0545880 0.0474355 0.0478990 0.0342562 0.0474825 0.0399448 0.0376231 0.0516298 0.1318582 0.0524027 0.0579671 0.0587986 0.0576837 0.1003822 
Potoroidae_Bettongia_penicillata             0.0560380 0.0399139 0.0554575 0.0497789 0.0000000 0.0027809 0.0547239 0.0413388 0.0442171 0.0109267 0.0962442 0.1397820 0.0481807 0.0557226 0.0567767 0.0510453 0.0490134 0.0542535 0.0548764 0.0503614 0.0934811 0.0144854 0.0530098 0.0634518 0.0684195 0.0517844 0.0295235 0.0464367 0.0420680 0.0135617 0.0439599 0.0421646 0.0490594 0.1397820 0.0526181 0.0560380 0.0629662 0.0545216 0.0981862 
Potoroidae_Bettongia_lesueur                 0.0579819 0.0398350 0.0564738 0.0498509 0.0027809 0.0000000 0.0557917 0.0416906 0.0444238 0.0106603 0.0975143 0.1376226 0.0486027 0.0560003 0.0571819 0.0512466 0.0495723 0.0547961 0.0559416 0.0512454 0.0947064 0.0145019 0.0533917 0.0643478 0.0693193 0.0526398 0.0298515 0.0466282 0.0427928 0.0132957 0.0447937 0.0433322 0.0500511 0.1376226 0.0528299 0.0579819 0.0649757 0.0550646 0.0994284 
Dasyuridae_Dasyurus_maculatus                0.0618219 0.0503319 0.0605427 0.0585933 0.0547239 0.0557917 0.0000000 0.0501244 0.0544065 0.0568397 0.1011718 0.0624021 0.0570912 0.0139637 0.0170250 0.0615394 0.0602345 0.0142319 0.0043816 0.0166273 0.0992420 0.0540745 0.0619463 0.0674831 0.0677436 0.0137123 0.0557328 0.0522186 0.0538312 0.0531066 0.0559989 0.0528462 0.0578282 0.0624021 0.0623101 0.0618219 0.0681960 0.0023851 0.1029084 
Phalangeridae_Trichosurus_vulpecula          0.0533457 0.0310446 0.0518408 0.0416772 0.0413388 0.0416906 0.0501244 0.0000000 0.0155872 0.0429447 0.0907088 0.1163662 0.0183307 0.0474781 0.0501088 0.0229640 0.0417124 0.0477912 0.0505738 0.0455238 0.0883025 0.0406648 0.0467085 0.0598327 0.0642119 0.0445907 0.0389879 0.0426636 0.0308496 0.0388166 0.0384911 0.0354458 0.0410910 0.1163662 0.0224941 0.0533457 0.0580301 0.0494244 0.0929492 
Phalangeridae_Spilocuscus_maculatus          0.0720998 0.0339788 0.0547897 0.0441622 0.0442171 0.0444238 0.0544065 0.0155872 0.0000000 0.0463445 0.0974870 0.1121791 0.0104500 0.0525496 0.0536038 0.0168063 0.0449640 0.0520354 0.0547013 0.0493388 0.0947215 0.0429244 0.0495180 0.0634554 0.0671273 0.0492149 0.0418639 0.0451410 0.0363923 0.0409007 0.0410268 0.0394877 0.0447272 0.1121791 0.0138117 0.0720998 0.0656705 0.0533721 0.0994661 
Potoroidae_Aepyprymnus_rufescens             0.0662256 0.0437007 0.0589888 0.0529577 0.0109267 0.0106603 0.0568397 0.0429447 0.0463445 0.0000000 0.0996398 0.1558267 0.0501033 0.0577824 0.0582084 0.0531007 0.0524199 0.0564705 0.0571529 0.0518791 0.0972063 0.0179347 0.0547534 0.0680629 0.0716056 0.0534041 0.0328076 0.0504920 0.0475565 0.0170067 0.0484468 0.0474023 0.0523257 0.1558267 0.0553377 0.0662256 0.0685141 0.0565856 0.1014150 
Peramelidae_Perameles_nasuta                 0.0048809 0.0939416 0.0982950 0.0981436 0.0962442 0.0975143 0.1011718 0.0907088 0.0974870 0.0996398 0.0000000 0.1603677 0.1037723 0.0992417 0.1005895 0.1036109 0.0992283 0.0978196 0.1021279 0.0972643 0.0142987 0.0972357 0.1011800 0.1018745 0.1054974 0.0920256 0.0974884 0.0872771 0.0549649 0.0966025 0.0621168 0.0546293 0.1008130 0.1603677 0.1076653 0.0048809 0.0133181 0.1009315 0.0011526 
Myrmecobiidae_Myrmecobius_fasciatus1         9.0000000 0.1217968 0.1715609 0.1318582 0.1397820 0.1376226 0.0624021 0.1163662 0.1121791 0.1558267 0.1603677 0.0000000 0.0910468 0.0536916 0.0625578 0.0904324 0.1418394 0.0565326 0.0650050 0.0461322 0.1727031 0.1411201 0.1715999 0.1497734 0.1758716 0.0381277 0.1444326 0.1150333 0.1365228 0.1374765 0.1629102 0.1118806 0.1278501 0.0000010 0.1186189 9.0000000 0.1710170 0.0653053 0.1592471 
Phalangeridae_Strigocuscus_pelengensis       0.0722244 0.0379886 0.0582394 0.0469269 0.0481807 0.0486027 0.0570912 0.0183307 0.0104500 0.0501033 0.1037723 0.0910468 0.0000000 0.0552379 0.0560723 0.0160019 0.0490222 0.0549043 0.0574146 0.0541984 0.1014360 0.0471011 0.0542532 0.0694516 0.0729836 0.0535964 0.0449305 0.0491776 0.0443452 0.0448072 0.0472099 0.0454475 0.0484488 0.0910468 0.0140869 0.0722244 0.0698314 0.0567316 0.1058863 
Dasyuridae_Phascogale_tapoatafa              0.0697903 0.0494494 0.0591481 0.0566090 0.0557226 0.0560003 0.0139637 0.0474781 0.0525496 0.0577824 0.0992417 0.0536916 0.0552379 0.0000000 0.0172375 0.0594999 0.0582361 0.0034925 0.0150893 0.0163018 0.0967372 0.0541011 0.0597207 0.0654351 0.0663625 0.0071939 0.0547980 0.0508335 0.0490385 0.0531432 0.0545674 0.0497045 0.0550717 0.0536916 0.0601806 0.0697903 0.0650089 0.0142442 0.1012178 
Dasyuridae_Sminthopsis_macroura              0.0675615 0.0516955 0.0611021 0.0573340 0.0567767 0.0571819 0.0170250 0.0501088 0.0536038 0.0582084 0.1005895 0.0625578 0.0560723 0.0172375 0.0000000 0.0607138 0.0599030 0.0168903 0.0178529 0.0156107 0.0989107 0.0556162 0.0617087 0.0671583 0.0659467 0.0171374 0.0562025 0.0504371 0.0545043 0.0540391 0.0568360 0.0520854 0.0567455 0.0625578 0.0613281 0.0675615 0.0694802 0.0161717 0.1031842 
Phalangeridae_Phalanger_orientalis           0.0697515 0.0419562 0.0592058 0.0519356 0.0510453 0.0512466 0.0615394 0.0229640 0.0168063 0.0531007 0.1036109 0.0904324 0.0160019 0.0594999 0.0607138 0.0000000 0.0498411 0.0593654 0.0611644 0.0589121 0.1022963 0.0498562 0.0559380 0.0745228 0.0739555 0.0589637 0.0495531 0.0523646 0.0503078 0.0479297 0.0543253 0.0585999 0.0511284 0.0904324 0.0153673 0.0697515 0.0750859 0.0606133 0.1053594 
Acrobatidae_Acrobates_pygmaeus               0.0615344 0.0437276 0.0572720 0.0512940 0.0490134 0.0495723 0.0602345 0.0417124 0.0449640 0.0524199 0.0992283 0.1418394 0.0490222 0.0582361 0.0599030 0.0498411 0.0000000 0.0581059 0.0607005 0.0528770 0.0972592 0.0467594 0.0465713 0.0676681 0.0709996 0.0540491 0.0482915 0.0503288 0.0270445 0.0467697 0.0392879 0.0332581 0.0297832 0.1418394 0.0523727 0.0615344 0.0613551 0.0595280 0.1017033 
Dasyuridae_Phascogale_calura                 0.0657869 0.0486950 0.0582046 0.0558788 0.0542535 0.0547961 0.0142319 0.0477912 0.0520354 0.0564705 0.0978196 0.0565326 0.0549043 0.0034925 0.0168903 0.0593654 0.0581059 0.0000000 0.0153458 0.0159191 0.0956190 0.0530837 0.0591107 0.0638249 0.0656787 0.0069743 0.0536259 0.0494146 0.0482596 0.0524492 0.0524045 0.0482314 0.0553164 0.0565326 0.0597090 0.0657869 0.0638188 0.0136574 0.0994452 
Dasyuridae_Sarcophilus_harrisii              0.0657869 0.0509806 0.0614947 0.0593831 0.0548764 0.0559416 0.0043816 0.0505738 0.0547013 0.0571529 0.1021279 0.0650050 0.0574146 0.0150893 0.0178529 0.0611644 0.0607005 0.0153458 0.0000000 0.0166240 0.1001748 0.0542254 0.0616650 0.0668167 0.0676173 0.0142833 0.0560444 0.0526755 0.0569815 0.0532554 0.0566912 0.0546610 0.0580194 0.0650050 0.0624086 0.0657869 0.0698899 0.0049229 0.1040428 
Dasyuridae_Planigale_tenuirostris            0.0721090 0.0470970 0.0530989 0.0531294 0.0503614 0.0512454 0.0166273 0.0455238 0.0493388 0.0518791 0.0972643 0.0461322 0.0541984 0.0163018 0.0156107 0.0589121 0.0528770 0.0159191 0.0166240 0.0000000 0.0954614 0.0494677 0.0560078 0.0655512 0.0621303 0.0170709 0.0500518 0.0473155 0.0454112 0.0487136 0.0482474 0.0531868 0.0530596 0.0461322 0.0574380 0.0721090 0.0577939 0.0161795 0.0984140 
Peramelidae_Echymipera_kalubu                0.0132658 0.0914854 0.0959147 0.0962271 0.0934811 0.0947064 0.0992420 0.0883025 0.0947215 0.0972063 0.0142987 0.1727031 0.1014360 0.0967372 0.0989107 0.1022963 0.0972592 0.0956190 0.1001748 0.0954614 0.0000000 0.0947739 0.1000052 0.1020943 0.1053060 0.0914618 0.0953060 0.0890134 0.0543948 0.0939947 0.0622326 0.0543744 0.0990347 0.1727031 0.1043012 0.0132658 0.0133062 0.0992070 0.0143200 
Macropodidae_Dorcopsulus_vanheurni           0.0556641 0.0374319 0.0544322 0.0485863 0.0144854 0.0145019 0.0540745 0.0406648 0.0429244 0.0179347 0.0972357 0.1411201 0.0471011 0.0541011 0.0556162 0.0498562 0.0467594 0.0530837 0.0542254 0.0494677 0.0947739 0.0000000 0.0511751 0.0645784 0.0693955 0.0507327 0.0278269 0.0455943 0.0421521 0.0077894 0.0431584 0.0419534 0.0475952 0.1411201 0.0520827 0.0556641 0.0668980 0.0536690 0.0990923 
Pseudochiridae_Pseudochirulus_forbesi        0.0686881 0.0469701 0.0637332 0.0575950 0.0530098 0.0533917 0.0619463 0.0467085 0.0495180 0.0547534 0.1011800 0.1715999 0.0542532 0.0597207 0.0617087 0.0559380 0.0465713 0.0591107 0.0616650 0.0560078 0.1000052 0.0511751 0.0000000 0.0704535 0.0752079 0.0551584 0.0507397 0.0559450 0.0208995 0.0499015 0.0132812 0.0345321 0.0480072 0.1715999 0.0581492 0.0686881 0.0653813 0.0610872 0.1036767 
Didelphidae_Didelphis_virginiana             0.0624751 0.0618891 0.0677631 0.0661372 0.0634518 0.0643478 0.0674831 0.0598327 0.0634554 0.0680629 0.1018745 0.1497734 0.0694516 0.0654351 0.0671583 0.0745228 0.0676681 0.0638249 0.0668167 0.0655512 0.1020943 0.0645784 0.0704535 0.0000000 0.0254585 0.0663560 0.0645829 0.0579180 0.0430875 0.0632638 0.0473936 0.0508799 0.0676663 0.1497734 0.0735263 0.0624751 0.0535819 0.0657915 0.1060432 
Marmosidae_Monodelphis_domestica             0.0638106 0.0647814 0.0711135 0.0678525 0.0684195 0.0693193 0.0677436 0.0642119 0.0671273 0.0716056 0.1054974 0.1758716 0.0729836 0.0663625 0.0659467 0.0739555 0.0709996 0.0656787 0.0676173 0.0621303 0.1053060 0.0693955 0.0752079 0.0254585 0.0000000 0.0632074 0.0675439 0.0613583 0.0564163 0.0683917 0.0623917 0.0535113 0.0706922 0.1758716 0.0766276 0.0638106 0.0700482 0.0661689 0.1100350 
Dasyuridae_Antechinus_stuartii               0.0638920 0.0469800 0.0536854 0.0545880 0.0517844 0.0526398 0.0137123 0.0445907 0.0492149 0.0534041 0.0920256 0.0381277 0.0535964 0.0071939 0.0171374 0.0589637 0.0540491 0.0069743 0.0142833 0.0170709 0.0914618 0.0507327 0.0551584 0.0663560 0.0632074 0.0000000 0.0514652 0.0473482 0.0415282 0.0496228 0.0436970 0.0486023 0.0531698 0.0381277 0.0568228 0.0638920 0.0499848 0.0128413 0.0938001 
Hypsiprymnodontidae_Hypsiprymnodon_moschatus 0.0541345 0.0385685 0.0564192 0.0474355 0.0295235 0.0298515 0.0557328 0.0389879 0.0418639 0.0328076 0.0974884 0.1444326 0.0449305 0.0547980 0.0562025 0.0495531 0.0482915 0.0536259 0.0560444 0.0500518 0.0953060 0.0278269 0.0507397 0.0645829 0.0675439 0.0514652 0.0000000 0.0462916 0.0406970 0.0270207 0.0441571 0.0405028 0.0471210 0.1444326 0.0508561 0.0541345 0.0683378 0.0548494 0.0994050 
Microbiotheriidae_Dromiciops_gliroides       0.0548149 0.0428777 0.0495677 0.0478990 0.0464367 0.0466282 0.0522186 0.0426636 0.0451410 0.0504920 0.0872771 0.1150333 0.0491776 0.0508335 0.0504371 0.0523646 0.0503288 0.0494146 0.0526755 0.0473155 0.0890134 0.0455943 0.0559450 0.0579180 0.0613583 0.0473482 0.0462916 0.0000000 0.0379144 0.0448440 0.0432899 0.0422587 0.0480073 0.1150333 0.0538098 0.0548149 0.0557540 0.0516748 0.0904213 
Pseudochiridae_Petauroides_volans            0.0595834 0.0336221 0.0477743 0.0342562 0.0420680 0.0427928 0.0538312 0.0308496 0.0363923 0.0475565 0.0549649 0.1365228 0.0443452 0.0490385 0.0545043 0.0503078 0.0270445 0.0482596 0.0569815 0.0454112 0.0543948 0.0421521 0.0208995 0.0430875 0.0564163 0.0415282 0.0406970 0.0379144 0.0000000 0.0393052 0.0224133 0.0305119 0.0334379 0.1365228 0.0531065 0.0595834 0.0545982 0.0536968 0.0543353 
Macropodidae_Wallabia_bicolor                0.0560805 0.0363647 0.0541308 0.0474825 0.0135617 0.0132957 0.0531066 0.0388166 0.0409007 0.0170067 0.0966025 0.1374765 0.0448072 0.0531432 0.0540391 0.0479297 0.0467697 0.0524492 0.0532554 0.0487136 0.0939947 0.0077894 0.0499015 0.0632638 0.0683917 0.0496228 0.0270207 0.0448440 0.0393052 0.0000000 0.0413257 0.0418319 0.0460307 0.1374765 0.0495585 0.0560805 0.0648068 0.0528606 0.0986729 
Pseudochiridae_Pseudocheirus_occidentalis    0.0705605 0.0383129 0.0598549 0.0399448 0.0439599 0.0447937 0.0559989 0.0384911 0.0410268 0.0484468 0.0621168 0.1629102 0.0472099 0.0545674 0.0568360 0.0543253 0.0392879 0.0524045 0.0566912 0.0482474 0.0622326 0.0431584 0.0132812 0.0473936 0.0623917 0.0436970 0.0441571 0.0432899 0.0224133 0.0413257 0.0000000 0.0332085 0.0352059 0.1629102 0.0581093 0.0705605 0.0610199 0.0570901 0.0622647 
Tarsipedidae_Tarsipes_rostratus              0.0705503 0.0383193 0.0501298 0.0376231 0.0421646 0.0433322 0.0528462 0.0354458 0.0394877 0.0474023 0.0546293 0.1118806 0.0454475 0.0497045 0.0520854 0.0585999 0.0332581 0.0482314 0.0546610 0.0531868 0.0543744 0.0419534 0.0345321 0.0508799 0.0535113 0.0486023 0.0405028 0.0422587 0.0305119 0.0418319 0.0332085 0.0000000 0.0360296 0.1118806 0.0568257 0.0705503 0.0538005 0.0512931 0.0543211 
Acrobatidae_Distoechurus_pennatus            0.0630524 0.0420133 0.0593461 0.0516298 0.0490594 0.0500511 0.0578282 0.0410910 0.0447272 0.0523257 0.1008130 0.1278501 0.0484488 0.0550717 0.0567455 0.0511284 0.0297832 0.0553164 0.0580194 0.0530596 0.0990347 0.0475952 0.0480072 0.0676663 0.0706922 0.0531698 0.0471210 0.0480073 0.0334379 0.0460307 0.0352059 0.0360296 0.0000000 0.1278501 0.0530260 0.0630524 0.0616153 0.0571409 0.1038072 
Myrmecobiidae_Myrmecobius_fasciatus2         9.0000000 0.1217968 0.1715609 0.1318582 0.1397820 0.1376226 0.0624021 0.1163662 0.1121791 0.1558267 0.1603677 0.0000010 0.0910468 0.0536916 0.0625578 0.0904324 0.1418394 0.0565326 0.0650050 0.0461322 0.1727031 0.1411201 0.1715999 0.1497734 0.1758716 0.0381277 0.1444326 0.1150333 0.1365228 0.1374765 0.1629102 0.1118806 0.1278501 0.0000000 0.1186189 9.0000000 0.1710170 0.0653053 0.1592471 
Phalangeridae_Phalanger_carmelitae           0.0697515 0.0419932 0.0624235 0.0524027 0.0526181 0.0528299 0.0623101 0.0224941 0.0138117 0.0553377 0.1076653 0.1186189 0.0140869 0.0601806 0.0613281 0.0153673 0.0523727 0.0597090 0.0624086 0.0574380 0.1043012 0.0520827 0.0581492 0.0735263 0.0766276 0.0568228 0.0508561 0.0538098 0.0531065 0.0495585 0.0581093 0.0568257 0.0530260 0.1186189 0.0000000 0.0697515 0.0840113 0.0612395 0.1099850 
Peramelidae_Isoodon_obesulus2                0.0000010 0.0560441 0.0661972 0.0579671 0.0560380 0.0579819 0.0618219 0.0533457 0.0720998 0.0662256 0.0048809 9.0000000 0.0722244 0.0697903 0.0675615 0.0697515 0.0615344 0.0657869 0.0657869 0.0721090 0.0132658 0.0556641 0.0686881 0.0624751 0.0638106 0.0638920 0.0541345 0.0548149 0.0595834 0.0560805 0.0705605 0.0705503 0.0630524 9.0000000 0.0697515 0.0000000 0.0183159 0.0638163 0.0032464 
Peramelidae_Peroryctes_raffrayana            0.0183159 0.0549076 0.0694579 0.0587986 0.0629662 0.0649757 0.0681960 0.0580301 0.0656705 0.0685141 0.0133181 0.1710170 0.0698314 0.0650089 0.0694802 0.0750859 0.0613551 0.0638188 0.0698899 0.0577939 0.0133062 0.0668980 0.0653813 0.0535819 0.0700482 0.0499848 0.0683378 0.0557540 0.0545982 0.0648068 0.0610199 0.0538005 0.0616153 0.1710170 0.0840113 0.0183159 0.0000000 0.0686946 0.0120809 
Dasyuridae_Dasyurus_geffroii                 0.0638163 0.0506537 0.0599536 0.0576837 0.0545216 0.0550646 0.0023851 0.0494244 0.0533721 0.0565856 0.1009315 0.0653053 0.0567316 0.0142442 0.0161717 0.0606133 0.0595280 0.0136574 0.0049229 0.0161795 0.0992070 0.0536690 0.0610872 0.0657915 0.0661689 0.0128413 0.0548494 0.0516748 0.0536968 0.0528606 0.0570901 0.0512931 0.0571409 0.0653053 0.0612395 0.0638163 0.0686946 0.0000000 0.1029019 
Peramelidae_Perameles_gunnii                 0.0032464 0.0965668 0.1007132 0.1003822 0.0981862 0.0994284 0.1029084 0.0929492 0.0994661 0.1014150 0.0011526 0.1592471 0.1058863 0.1012178 0.1031842 0.1053594 0.1017033 0.0994452 0.1040428 0.0984140 0.0143200 0.0990923 0.1036767 0.1060432 0.1100350 0.0938001 0.0994050 0.0904213 0.0543353 0.0986729 0.0622647 0.0543211 0.1038072 0.1592471 0.1099850 0.0032464 0.0120809 0.1029019 0.0000000 
