35
Burramyidae_Burramys_parvus                  0.0000000 0.0274205 0.0204934 0.0214016 0.0209265 0.0358641 0.0187814 0.0195202 0.0202330 0.0332059 0.0203914 0.0325610 0.0338752 0.0197176 0.0215719 0.0357385 0.0361707 0.0314485 0.0324113 0.0197289 0.0253184 0.0331515 0.0360551 0.0305174 0.0201862 0.0225274 0.0229118 0.0190122 0.0219309 0.0332144 0.0197785 0.0190401 0.0316986 0.0410487 0.0337358 
Notoryctidae_Notoryctes_typhlops             0.0274205 0.0000000 0.0282548 0.0300344 0.0305352 0.0374978 0.0313527 0.0302317 0.0293014 0.0330387 0.0290006 0.0380275 0.0369637 0.0299430 0.0309715 0.0389991 0.0378116 0.0359422 0.0336211 0.0276777 0.0333529 0.0374458 0.0367186 0.0343937 0.0318045 0.0248279 0.0302398 0.0266930 0.0282058 0.0445723 0.0294148 0.0294491 0.0338969 0.0436784 0.0333346 
Vombatidae_Lasiorhinus_latifrons             0.0204934 0.0282548 0.0000000 0.0214256 0.0223784 0.0326707 0.0237268 0.0214789 0.0202809 0.0302693 0.0228494 0.0336502 0.0318524 0.0230773 0.0211427 0.0357472 0.0332338 0.0309836 0.0295984 0.0197552 0.0219468 0.0352603 0.0355218 0.0288840 0.0221728 0.0218091 0.0184259 0.0176517 0.0197855 0.0340741 0.0234107 0.0231091 0.0301522 0.0379607 0.0329053 
Potoroidae_Bettongia_penicillata             0.0214016 0.0300344 0.0214256 0.0000000 0.0027831 0.0359202 0.0211141 0.0212556 0.0056455 0.0303682 0.0206975 0.0364495 0.0361885 0.0195311 0.0201050 0.0380061 0.0359526 0.0329136 0.0316952 0.0096526 0.0219692 0.0359123 0.0375390 0.0322089 0.0156347 0.0227774 0.0205551 0.0085780 0.0212440 0.0332327 0.0190983 0.0193166 0.0312407 0.0411384 0.0316560 
Potoroidae_Bettongia_lesueur                 0.0209265 0.0305352 0.0223784 0.0027831 0.0000000 0.0362083 0.0206146 0.0217235 0.0062656 0.0309172 0.0209284 0.0367691 0.0369891 0.0197486 0.0203388 0.0382991 0.0367929 0.0331791 0.0319753 0.0102943 0.0231684 0.0367113 0.0395121 0.0330446 0.0160821 0.0234953 0.0212603 0.0096357 0.0219451 0.0337463 0.0188536 0.0195341 0.0309688 0.0416539 0.0319379 
Dasyuridae_Dasyurus_maculatus                0.0358641 0.0374978 0.0326707 0.0359202 0.0362083 0.0000000 0.0423146 0.0350851 0.0356292 0.0410711 0.0360975 0.0067501 0.0098463 0.0372036 0.0331594 0.0074887 0.0029773 0.0102152 0.0400798 0.0329500 0.0332517 0.0470629 0.0444218 0.0056846 0.0362089 0.0317486 0.0321930 0.0323970 0.0333225 0.0447564 0.0352316 0.0372213 0.0392729 0.0079512 0.0426814 
Phalangeridae_Trichosurus_vulpecula          0.0187814 0.0313527 0.0237268 0.0211141 0.0206146 0.0423146 0.0000000 0.0115085 0.0213854 0.0368428 0.0112653 0.0407865 0.0400995 0.0100769 0.0244855 0.0431120 0.0429868 0.0376588 0.0370118 0.0208120 0.0269541 0.0405037 0.0411198 0.0384210 0.0247916 0.0267140 0.0243666 0.0198080 0.0225116 0.0379102 0.0229668 0.0110248 0.0375497 0.0483510 0.0379818 
Phalangeridae_Spilocuscus_maculatus          0.0195202 0.0302317 0.0214789 0.0212556 0.0217235 0.0350851 0.0115085 0.0000000 0.0207225 0.0316373 0.0061822 0.0346967 0.0336874 0.0050336 0.0210491 0.0371492 0.0353890 0.0318483 0.0318872 0.0204592 0.0226275 0.0358709 0.0377305 0.0313294 0.0236210 0.0235802 0.0215100 0.0190530 0.0193569 0.0351986 0.0221463 0.0058602 0.0329184 0.0404881 0.0352982 
Potoroidae_Aepyprymnus_rufescens             0.0202330 0.0293014 0.0202809 0.0056455 0.0062656 0.0356292 0.0213854 0.0207225 0.0000000 0.0308274 0.0199524 0.0359012 0.0353506 0.0197588 0.0198414 0.0374323 0.0353880 0.0322667 0.0323811 0.0096565 0.0216704 0.0373244 0.0390082 0.0319273 0.0158824 0.0225521 0.0198424 0.0094356 0.0202800 0.0332657 0.0176711 0.0190745 0.0316742 0.0414050 0.0326729 
Peramelidae_Perameles_nasuta                 0.0332059 0.0330387 0.0302693 0.0303682 0.0309172 0.0410711 0.0368428 0.0316373 0.0308274 0.0000000 0.0317280 0.0397873 0.0394880 0.0326258 0.0317645 0.0429243 0.0408175 0.0379021 0.0055417 0.0302672 0.0329546 0.0442481 0.0448477 0.0369561 0.0343979 0.0292477 0.0319850 0.0285015 0.0281938 0.0448237 0.0323111 0.0323717 0.0054126 0.0433147 0.0028438 
Phalangeridae_Strigocuscus_pelengensis       0.0203914 0.0290006 0.0228494 0.0206975 0.0209284 0.0360975 0.0112653 0.0061822 0.0199524 0.0317280 0.0000000 0.0366115 0.0357276 0.0042960 0.0224405 0.0387606 0.0369313 0.0329099 0.0317189 0.0206155 0.0243283 0.0361124 0.0371599 0.0331231 0.0230941 0.0228929 0.0230972 0.0191653 0.0211688 0.0345991 0.0213916 0.0045058 0.0323818 0.0420142 0.0335584 
Dasyuridae_Phascogale_tapoatafa              0.0325610 0.0380275 0.0336502 0.0364495 0.0367691 0.0067501 0.0407865 0.0346967 0.0359012 0.0397873 0.0366115 0.0000000 0.0099648 0.0369188 0.0343697 0.0032177 0.0063264 0.0105219 0.0385408 0.0336458 0.0339941 0.0459110 0.0441685 0.0052412 0.0361450 0.0336381 0.0323668 0.0323097 0.0332146 0.0437923 0.0351570 0.0369366 0.0380002 0.0115289 0.0417055 
Dasyuridae_Sminthopsis_macroura              0.0338752 0.0369637 0.0318524 0.0361885 0.0369891 0.0098463 0.0400995 0.0336874 0.0353506 0.0394880 0.0357276 0.0099648 0.0000000 0.0349639 0.0341969 0.0108942 0.0087781 0.0064786 0.0388249 0.0329049 0.0319135 0.0449265 0.0434982 0.0085258 0.0347907 0.0314167 0.0308320 0.0312982 0.0303130 0.0431390 0.0348906 0.0352513 0.0388707 0.0144861 0.0399797 
Phalangeridae_Phalanger_orientalis           0.0197176 0.0299430 0.0230773 0.0195311 0.0197486 0.0372036 0.0100769 0.0050336 0.0197588 0.0326258 0.0042960 0.0369188 0.0349639 0.0000000 0.0219921 0.0387570 0.0377922 0.0326740 0.0328231 0.0192455 0.0240559 0.0369568 0.0380384 0.0335156 0.0221341 0.0237506 0.0221743 0.0178565 0.0202721 0.0348135 0.0211672 0.0007885 0.0337450 0.0422122 0.0346812 
Acrobatidae_Acrobates_pygmaeus               0.0215719 0.0309715 0.0211427 0.0201050 0.0203388 0.0331594 0.0244855 0.0210491 0.0198414 0.0317645 0.0224405 0.0343697 0.0341969 0.0219921 0.0000000 0.0371845 0.0348535 0.0306052 0.0311009 0.0183878 0.0233331 0.0378730 0.0390120 0.0306904 0.0230522 0.0234634 0.0209335 0.0183891 0.0210902 0.0309732 0.0141855 0.0220080 0.0320953 0.0358595 0.0346116 
Dasyuridae_Phascogale_calura                 0.0357385 0.0389991 0.0357472 0.0380061 0.0382991 0.0074887 0.0431120 0.0371492 0.0374323 0.0429243 0.0387606 0.0032177 0.0108942 0.0387570 0.0371845 0.0000000 0.0064460 0.0108583 0.0415970 0.0346769 0.0360972 0.0469381 0.0464702 0.0041669 0.0385308 0.0335670 0.0336458 0.0341168 0.0358939 0.0451963 0.0375230 0.0387757 0.0408374 0.0124574 0.0442309 
Dasyuridae_Sarcophilus_harrisii              0.0361707 0.0378116 0.0332338 0.0359526 0.0367929 0.0029773 0.0429868 0.0353890 0.0353880 0.0408175 0.0369313 0.0063264 0.0087781 0.0377922 0.0348535 0.0064460 0.0000000 0.0088844 0.0406871 0.0337840 0.0338192 0.0477177 0.0447638 0.0048214 0.0362417 0.0331243 0.0327545 0.0321602 0.0338953 0.0450478 0.0363633 0.0378104 0.0401824 0.0081569 0.0418466 
Dasyuridae_Planigale_tenuirostris            0.0314485 0.0359422 0.0309836 0.0329136 0.0331791 0.0102152 0.0376588 0.0318483 0.0322667 0.0379021 0.0329099 0.0105219 0.0064786 0.0326740 0.0306052 0.0108583 0.0088844 0.0000000 0.0381262 0.0311789 0.0320028 0.0410053 0.0412595 0.0088065 0.0340174 0.0297765 0.0308698 0.0295159 0.0287689 0.0395766 0.0315082 0.0321431 0.0367531 0.0152851 0.0365227 
Peramelidae_Echymipera_kalubu                0.0324113 0.0336211 0.0295984 0.0316952 0.0319753 0.0400798 0.0370118 0.0318872 0.0323811 0.0055417 0.0317189 0.0385408 0.0388249 0.0328231 0.0311009 0.0415970 0.0406871 0.0381262 0.0000000 0.0313654 0.0340221 0.0431813 0.0438142 0.0360227 0.0348003 0.0291875 0.0317879 0.0295518 0.0286219 0.0444271 0.0338611 0.0325746 0.0049418 0.0436660 0.0084042 
Macropodidae_Dorcopsulus_vanheurni           0.0197289 0.0276777 0.0197552 0.0096526 0.0102943 0.0329500 0.0208120 0.0204592 0.0096565 0.0302672 0.0206155 0.0336458 0.0329049 0.0192455 0.0183878 0.0346769 0.0337840 0.0311789 0.0313654 0.0000000 0.0211621 0.0352682 0.0360723 0.0294451 0.0149073 0.0214926 0.0186127 0.0035940 0.0197377 0.0312780 0.0174321 0.0197280 0.0316847 0.0380193 0.0313762 
Pseudochiridae_Pseudochirulus_forbesi        0.0253184 0.0333529 0.0219468 0.0219692 0.0231684 0.0332517 0.0269541 0.0226275 0.0216704 0.0329546 0.0243283 0.0339941 0.0319135 0.0240559 0.0233331 0.0360972 0.0338192 0.0320028 0.0340221 0.0211621 0.0000000 0.0360583 0.0372320 0.0311270 0.0258404 0.0255605 0.0161223 0.0204682 0.0095360 0.0313692 0.0238511 0.0243184 0.0346448 0.0397138 0.0364381 
Didelphidae_Didelphis_virginiana             0.0331515 0.0374458 0.0352603 0.0359123 0.0367113 0.0470629 0.0405037 0.0358709 0.0373244 0.0442481 0.0361124 0.0459110 0.0449265 0.0369568 0.0378730 0.0469381 0.0477177 0.0410053 0.0431813 0.0352682 0.0360583 0.0000000 0.0159523 0.0434543 0.0374903 0.0338301 0.0331398 0.0336838 0.0348654 0.0486652 0.0357761 0.0364221 0.0435517 0.0528140 0.0432858 
Marmosidae_Monodelphis_domestica             0.0360551 0.0367186 0.0355218 0.0375390 0.0395121 0.0444218 0.0411198 0.0377305 0.0390082 0.0448477 0.0371599 0.0441685 0.0434982 0.0380384 0.0390120 0.0464702 0.0447638 0.0412595 0.0438142 0.0360723 0.0372320 0.0159523 0.0000000 0.0429177 0.0397202 0.0332757 0.0355394 0.0347390 0.0367403 0.0499493 0.0371502 0.0374958 0.0445285 0.0507077 0.0445591 
Dasyuridae_Antechinus_stuartii               0.0305174 0.0343937 0.0288840 0.0322089 0.0330446 0.0056846 0.0384210 0.0313294 0.0319273 0.0369561 0.0331231 0.0052412 0.0085258 0.0335156 0.0306904 0.0041669 0.0048214 0.0088065 0.0360227 0.0294451 0.0311270 0.0434543 0.0429177 0.0000000 0.0330073 0.0300345 0.0292077 0.0280430 0.0300388 0.0406063 0.0322627 0.0335318 0.0354160 0.0108103 0.0389349 
Hypsiprymnodontidae_Hypsiprymnodon_moschatus 0.0201862 0.0318045 0.0221728 0.0156347 0.0160821 0.0362089 0.0247916 0.0236210 0.0158824 0.0343979 0.0230941 0.0361450 0.0347907 0.0221341 0.0230522 0.0385308 0.0362417 0.0340174 0.0348003 0.0149073 0.0258404 0.0374903 0.0397202 0.0330073 0.0000000 0.0242483 0.0219774 0.0140009 0.0236689 0.0359985 0.0200426 0.0223803 0.0363771 0.0420002 0.0356994 
Microbiotheriidae_Dromiciops_gliroides       0.0225274 0.0248279 0.0218091 0.0227774 0.0234953 0.0317486 0.0267140 0.0235802 0.0225521 0.0292477 0.0228929 0.0336381 0.0314167 0.0237506 0.0234634 0.0335670 0.0331243 0.0297765 0.0291875 0.0214926 0.0255605 0.0338301 0.0332757 0.0300345 0.0242483 0.0000000 0.0210859 0.0204854 0.0227004 0.0379911 0.0243554 0.0230103 0.0288460 0.0385989 0.0311699 
Pseudochiridae_Petauroides_volans            0.0229118 0.0302398 0.0184259 0.0205551 0.0212603 0.0321930 0.0243666 0.0215100 0.0198424 0.0319850 0.0230972 0.0323668 0.0308320 0.0221743 0.0209335 0.0336458 0.0327545 0.0308698 0.0317879 0.0186127 0.0161223 0.0331398 0.0355394 0.0292077 0.0219774 0.0210859 0.0000000 0.0172019 0.0139928 0.0307790 0.0215429 0.0226739 0.0323486 0.0371875 0.0354254 
Macropodidae_Wallabia_bicolor                0.0190122 0.0266930 0.0176517 0.0085780 0.0096357 0.0323970 0.0198080 0.0190530 0.0094356 0.0285015 0.0191653 0.0323097 0.0312982 0.0178565 0.0183891 0.0341168 0.0321602 0.0295159 0.0295518 0.0035940 0.0204682 0.0336838 0.0347390 0.0280430 0.0140009 0.0204854 0.0172019 0.0000000 0.0180710 0.0291354 0.0171899 0.0183321 0.0303940 0.0365832 0.0295783 
Pseudochiridae_Pseudocheirus_occidentalis    0.0219309 0.0282058 0.0197855 0.0212440 0.0219451 0.0333225 0.0225116 0.0193569 0.0202800 0.0281938 0.0211688 0.0332146 0.0303130 0.0202721 0.0210902 0.0358939 0.0338953 0.0287689 0.0286219 0.0197377 0.0095360 0.0348654 0.0367403 0.0300388 0.0236689 0.0227004 0.0139928 0.0180710 0.0000000 0.0300241 0.0222469 0.0202863 0.0293466 0.0373500 0.0316998 
Tarsipedidae_Tarsipes_rostratus              0.0332144 0.0445723 0.0340741 0.0332327 0.0337463 0.0447564 0.0379102 0.0351986 0.0332657 0.0448237 0.0345991 0.0437923 0.0431390 0.0348135 0.0309732 0.0451963 0.0450478 0.0395766 0.0444271 0.0312780 0.0313692 0.0486652 0.0499493 0.0406063 0.0359985 0.0379911 0.0307790 0.0291354 0.0300241 0.0000000 0.0338302 0.0337136 0.0424630 0.0482932 0.0463252 
Acrobatidae_Distoechurus_pennatus            0.0197785 0.0294148 0.0234107 0.0190983 0.0188536 0.0352316 0.0229668 0.0221463 0.0176711 0.0323111 0.0213916 0.0351570 0.0348906 0.0211672 0.0141855 0.0375230 0.0363633 0.0315082 0.0338611 0.0174321 0.0238511 0.0357761 0.0371502 0.0322627 0.0200426 0.0243554 0.0215429 0.0171899 0.0222469 0.0338302 0.0000000 0.0207194 0.0333729 0.0395370 0.0333536 
Phalangeridae_Phalanger_carmelitae           0.0190401 0.0294491 0.0231091 0.0193166 0.0195341 0.0372213 0.0110248 0.0058602 0.0190745 0.0323717 0.0045058 0.0369366 0.0352513 0.0007885 0.0220080 0.0387757 0.0378104 0.0321431 0.0325746 0.0197280 0.0243184 0.0364221 0.0374958 0.0335318 0.0223803 0.0230103 0.0226739 0.0183321 0.0202863 0.0337136 0.0207194 0.0000000 0.0329467 0.0422333 0.0344277 
Peramelidae_Peroryctes_raffrayana            0.0316986 0.0338969 0.0301522 0.0312407 0.0309688 0.0392729 0.0375497 0.0329184 0.0316742 0.0054126 0.0323818 0.0380002 0.0388707 0.0337450 0.0320953 0.0408374 0.0401824 0.0367531 0.0049418 0.0316847 0.0346448 0.0435517 0.0445285 0.0354160 0.0363771 0.0288460 0.0323486 0.0303940 0.0293466 0.0424630 0.0333729 0.0329467 0.0000000 0.0423124 0.0083759 
Dasyuridae_Dasyurus_geffroii                 0.0410487 0.0436784 0.0379607 0.0411384 0.0416539 0.0079512 0.0483510 0.0404881 0.0414050 0.0433147 0.0420142 0.0115289 0.0144861 0.0422122 0.0358595 0.0124574 0.0081569 0.0152851 0.0436660 0.0380193 0.0397138 0.0528140 0.0507077 0.0108103 0.0420002 0.0385989 0.0371875 0.0365832 0.0373500 0.0482932 0.0395370 0.0422333 0.0423124 0.0000000 0.0463798 
Peramelidae_Perameles_gunnii                 0.0337358 0.0333346 0.0329053 0.0316560 0.0319379 0.0426814 0.0379818 0.0352982 0.0326729 0.0028438 0.0335584 0.0417055 0.0399797 0.0346812 0.0346116 0.0442309 0.0418466 0.0365227 0.0084042 0.0313762 0.0364381 0.0432858 0.0445591 0.0389349 0.0356994 0.0311699 0.0354254 0.0295783 0.0316998 0.0463252 0.0333536 0.0344277 0.0083759 0.0463798 0.0000000 
