35
Burramyidae_Burramys_parvus                  0.0000000 0.0832729 0.0624846 0.0849757 0.0687152 0.0879658 0.0584264 0.0460406 0.0777293 0.0785139 0.0579658 0.0850380 0.0853665 0.0486041 0.0492204 0.0836329 0.0896280 0.0817467 0.0789650 0.0737344 0.0538865 0.0924661 0.0859252 0.0881778 0.0635935 0.0877218 0.0478069 0.0746549 0.0539484 0.0823753 0.0538859 0.0442523 0.0884415 0.0905237 0.0761137 
Notoryctidae_Notoryctes_typhlops             0.0832729 0.0000000 0.0957043 0.1315185 0.1123960 0.1184992 0.1014758 0.0866181 0.1252795 0.1035770 0.1026786 0.1141625 0.1153220 0.0882087 0.0960248 0.1134441 0.1200832 0.1105495 0.1047051 0.1164003 0.0960725 0.1213444 0.1188586 0.1169518 0.1061319 0.1124893 0.0875402 0.1158335 0.0952978 0.1300516 0.0997467 0.0842053 0.1157749 0.1198114 0.1017734 
Vombatidae_Lasiorhinus_latifrons             0.0624846 0.0957043 0.0000000 0.0951484 0.0945950 0.1048947 0.0622603 0.0592489 0.0976997 0.0866867 0.0616361 0.1030800 0.1054453 0.0613984 0.0671124 0.1029274 0.1071690 0.1030561 0.0865787 0.0842096 0.0750225 0.1131830 0.1085283 0.1039313 0.0869213 0.0917045 0.0618238 0.0820754 0.0693478 0.1114382 0.0738350 0.0591745 0.0951276 0.1069860 0.0853043 
Potoroidae_Bettongia_penicillata             0.0849757 0.1315185 0.0951484 0.0000000 0.0224675 0.1283045 0.0963583 0.0830322 0.0246454 0.1095337 0.0948634 0.1200194 0.1238746 0.0864692 0.0892076 0.1207366 0.1298286 0.1196167 0.1114145 0.0399255 0.0988163 0.1287407 0.1234248 0.1204260 0.0649561 0.1308507 0.0874804 0.0361663 0.0943537 0.1242486 0.0947315 0.0828454 0.1208764 0.1304145 0.1082978 
Potoroidae_Bettongia_lesueur                 0.0687152 0.1123960 0.0945950 0.0224675 0.0000000 0.1079468 0.0823240 0.0646283 0.0256486 0.0935546 0.0816259 0.1032284 0.1040011 0.0669296 0.0708018 0.1040148 0.1093993 0.0963421 0.0939276 0.0411131 0.0800122 0.1113470 0.1044398 0.1041728 0.0488926 0.1146239 0.0710322 0.0385517 0.0761676 0.1039477 0.0746738 0.0658923 0.1027206 0.1102461 0.0924746 
Dasyuridae_Dasyurus_maculatus                0.0879658 0.1184992 0.1048947 0.1283045 0.1079468 0.0000000 0.1056744 0.0842659 0.1242403 0.1069183 0.1064117 0.0232179 0.0284657 0.0901752 0.0932191 0.0242280 0.0080190 0.0291718 0.1091295 0.1149086 0.0974518 0.1167402 0.1130346 0.0251293 0.1059554 0.1158080 0.0908587 0.1151669 0.0948596 0.1216209 0.0946794 0.0884795 0.1138244 0.0080569 0.1047513 
Phalangeridae_Trichosurus_vulpecula          0.0584264 0.1014758 0.0622603 0.0963583 0.0823240 0.1056744 0.0000000 0.0337480 0.0894905 0.0945511 0.0353646 0.1013985 0.0997275 0.0378305 0.0670213 0.1016124 0.1082265 0.0968805 0.0967569 0.0913886 0.0706504 0.1110586 0.1101242 0.1034001 0.0834149 0.1004263 0.0633462 0.0884872 0.0672679 0.0988988 0.0716620 0.0335801 0.1028190 0.1080040 0.0934080 
Phalangeridae_Spilocuscus_maculatus          0.0460406 0.0866181 0.0592489 0.0830322 0.0646283 0.0842659 0.0337480 0.0000000 0.0794975 0.0780869 0.0295076 0.0815315 0.0791125 0.0137726 0.0516447 0.0814210 0.0862884 0.0758712 0.0797148 0.0725658 0.0552381 0.0941666 0.0896426 0.0856158 0.0649255 0.0850204 0.0493225 0.0712051 0.0530599 0.0807886 0.0566988 0.0123788 0.0843737 0.0868091 0.0766903 
Potoroidae_Aepyprymnus_rufescens             0.0777293 0.1252795 0.0976997 0.0246454 0.0256486 0.1242403 0.0894905 0.0794975 0.0000000 0.1032816 0.0870943 0.1161133 0.1196226 0.0835875 0.0813443 0.1165806 0.1239520 0.1146523 0.1066549 0.0366511 0.0934500 0.1241849 0.1164436 0.1173286 0.0607885 0.1241289 0.0821502 0.0330523 0.0908157 0.1196590 0.0869132 0.0804164 0.1158348 0.1250515 0.1030485 
Peramelidae_Perameles_nasuta                 0.0785139 0.1035770 0.0866867 0.1095337 0.0935546 0.1069183 0.0945511 0.0780869 0.1032816 0.0000000 0.0955898 0.1033669 0.1032442 0.0811177 0.0822966 0.1016248 0.1078611 0.0968140 0.0149369 0.0961197 0.0867371 0.1100704 0.1054789 0.1072255 0.0875585 0.1080477 0.0760627 0.0960714 0.0856096 0.1070029 0.0875288 0.0793107 0.0221395 0.1075440 0.0022939 
Phalangeridae_Strigocuscus_pelengensis       0.0579658 0.1026786 0.0616361 0.0948634 0.0816259 0.1064117 0.0353646 0.0295076 0.0870943 0.0955898 0.0000000 0.1013605 0.1011248 0.0336494 0.0672892 0.1002465 0.1095159 0.0950643 0.0973111 0.0852170 0.0722150 0.1133095 0.1050282 0.1057353 0.0792736 0.0988379 0.0626752 0.0843159 0.0670595 0.1003358 0.0711424 0.0290478 0.1079045 0.1087921 0.0945235 
Dasyuridae_Phascogale_tapoatafa              0.0850380 0.1141625 0.1030800 0.1200194 0.1032284 0.0232179 0.1013985 0.0815315 0.1161133 0.1033669 0.1013605 0.0000000 0.0269587 0.0868994 0.0903539 0.0049756 0.0242524 0.0269239 0.1044680 0.1105893 0.0950769 0.1156009 0.1090390 0.0104875 0.1003434 0.1104261 0.0878791 0.1105442 0.0934079 0.1218312 0.0936048 0.0834927 0.1115155 0.0261689 0.1012363 
Dasyuridae_Sminthopsis_macroura              0.0853665 0.1153220 0.1054453 0.1238746 0.1040011 0.0284657 0.0997275 0.0791125 0.1196226 0.1032442 0.1011248 0.0269587 0.0000000 0.0831082 0.0887960 0.0273210 0.0298306 0.0210816 0.1051423 0.1114974 0.0948931 0.1108902 0.1064574 0.0308256 0.1003115 0.1140717 0.0886917 0.1105726 0.0927736 0.1205351 0.0923917 0.0827484 0.1105944 0.0303869 0.1010284 
Phalangeridae_Phalanger_orientalis           0.0486041 0.0882087 0.0613984 0.0864692 0.0669296 0.0901752 0.0378305 0.0137726 0.0835875 0.0811177 0.0336494 0.0868994 0.0831082 0.0000000 0.0526656 0.0863603 0.0930922 0.0804055 0.0818065 0.0740570 0.0563973 0.0965244 0.0920131 0.0909817 0.0642753 0.0899841 0.0499485 0.0744315 0.0537236 0.0847615 0.0576495 0.0072477 0.0867765 0.0927699 0.0788059 
Acrobatidae_Acrobates_pygmaeus               0.0492204 0.0960248 0.0671124 0.0892076 0.0708018 0.0932191 0.0670213 0.0516447 0.0813443 0.0822966 0.0672892 0.0903539 0.0887960 0.0526656 0.0000000 0.0903654 0.0957325 0.0823667 0.0845647 0.0763458 0.0554903 0.0933812 0.0925776 0.0945343 0.0699519 0.0958168 0.0464606 0.0767498 0.0525797 0.0849374 0.0305459 0.0516662 0.0900732 0.0953720 0.0816274 
Dasyuridae_Phascogale_calura                 0.0836329 0.1134441 0.1029274 0.1207366 0.1040148 0.0242280 0.1016124 0.0814210 0.1165806 0.1016248 0.1002465 0.0049756 0.0273210 0.0863603 0.0903654 0.0000000 0.0248975 0.0272629 0.1030516 0.1112744 0.0945207 0.1152269 0.1065350 0.0114912 0.1002054 0.1098051 0.0868673 0.1112273 0.0923745 0.1210088 0.0925704 0.0833799 0.1100420 0.0253652 0.0995022 
Dasyuridae_Sarcophilus_harrisii              0.0896280 0.1200832 0.1071690 0.1298286 0.1093993 0.0080190 0.1082265 0.0862884 0.1239520 0.1078611 0.1095159 0.0242524 0.0298306 0.0930922 0.0957325 0.0248975 0.0000000 0.0294607 0.1090917 0.1165704 0.1004717 0.1191747 0.1144971 0.0258034 0.1068621 0.1185127 0.0933107 0.1172757 0.0987458 0.1242326 0.0979338 0.0913805 0.1148790 0.0094034 0.1056980 
Dasyuridae_Planigale_tenuirostris            0.0817467 0.1105495 0.1030561 0.1196167 0.0963421 0.0291718 0.0968805 0.0758712 0.1146523 0.0968140 0.0950643 0.0269239 0.0210816 0.0804055 0.0823667 0.0272629 0.0294607 0.0000000 0.0973459 0.1058940 0.0904213 0.1136613 0.1056120 0.0292029 0.0947651 0.1114454 0.0838350 0.1059814 0.0878314 0.1149393 0.0886658 0.0793723 0.1078207 0.0296394 0.0952288 
Peramelidae_Echymipera_kalubu                0.0789650 0.1047051 0.0865787 0.1114145 0.0939276 0.1091295 0.0967569 0.0797148 0.1066549 0.0149369 0.0973111 0.1044680 0.1051423 0.0818065 0.0845647 0.1030516 0.1090917 0.0973459 0.0000000 0.1006602 0.0864452 0.1125889 0.1076085 0.1079009 0.0904412 0.1116846 0.0758498 0.1002237 0.0848480 0.1073281 0.0890951 0.0809164 0.0181708 0.1097598 0.0152660 
Macropodidae_Dorcopsulus_vanheurni           0.0737344 0.1164003 0.0842096 0.0399255 0.0411131 0.1149086 0.0913886 0.0725658 0.0366511 0.0961197 0.0852170 0.1105893 0.1114974 0.0740570 0.0763458 0.1112744 0.1165704 0.1058940 0.1006602 0.0000000 0.0837678 0.1176326 0.1082404 0.1109441 0.0530781 0.1144972 0.0735963 0.0129595 0.0818147 0.1154419 0.0801235 0.0720411 0.1091751 0.1168848 0.0950044 
Pseudochiridae_Pseudochirulus_forbesi        0.0538865 0.0960725 0.0750225 0.0988163 0.0800122 0.0974518 0.0706504 0.0552381 0.0934500 0.0867371 0.0722150 0.0950769 0.0948931 0.0563973 0.0554903 0.0945207 0.1004717 0.0904213 0.0864452 0.0837678 0.0000000 0.1022800 0.0965808 0.0970999 0.0751295 0.0999032 0.0295366 0.0831207 0.0185287 0.0824232 0.0585595 0.0546523 0.0941990 0.1005143 0.0851982 
Didelphidae_Didelphis_virginiana             0.0924661 0.1213444 0.1131830 0.1287407 0.1113470 0.1167402 0.1110586 0.0941666 0.1241849 0.1100704 0.1133095 0.1156009 0.1108902 0.0965244 0.0933812 0.1152269 0.1191747 0.1136613 0.1125889 0.1176326 0.1022800 0.0000000 0.0346176 0.1198464 0.1037430 0.1173737 0.0923590 0.1165603 0.1009083 0.1307136 0.0947513 0.0953583 0.1192422 0.1183437 0.1098013 
Marmosidae_Monodelphis_domestica             0.0859252 0.1188586 0.1085283 0.1234248 0.1044398 0.1130346 0.1101242 0.0896426 0.1164436 0.1054789 0.1050282 0.1090390 0.1064574 0.0920131 0.0925776 0.1065350 0.1144971 0.1056120 0.1076085 0.1082404 0.0965808 0.0346176 0.0000000 0.1118516 0.1006439 0.1138285 0.0900238 0.1064348 0.0952504 0.1282734 0.0904747 0.0904275 0.1136669 0.1132117 0.1037610 
Dasyuridae_Antechinus_stuartii               0.0881778 0.1169518 0.1039313 0.1204260 0.1041728 0.0251293 0.1034001 0.0856158 0.1173286 0.1072255 0.1057353 0.0104875 0.0308256 0.0909817 0.0945343 0.0114912 0.0258034 0.0292029 0.1079009 0.1109441 0.0970999 0.1198464 0.1118516 0.0000000 0.1020703 0.1151499 0.0896164 0.1121041 0.0954756 0.1253684 0.0967914 0.0875945 0.1148136 0.0281250 0.1055078 
Hypsiprymnodontidae_Hypsiprymnodon_moschatus 0.0635935 0.1061319 0.0869213 0.0649561 0.0488926 0.1059554 0.0834149 0.0649255 0.0607885 0.0875585 0.0792736 0.1003434 0.1003115 0.0642753 0.0699519 0.1002054 0.1068621 0.0947651 0.0904412 0.0530781 0.0751295 0.1037430 0.1006439 0.1020703 0.0000000 0.1082233 0.0641861 0.0546610 0.0734190 0.1036242 0.0731486 0.0653512 0.0966644 0.1070971 0.0859890 
Microbiotheriidae_Dromiciops_gliroides       0.0877218 0.1124893 0.0917045 0.1308507 0.1146239 0.1158080 0.1004263 0.0850204 0.1241289 0.1080477 0.0988379 0.1104261 0.1140717 0.0899841 0.0958168 0.1098051 0.1185127 0.1114454 0.1116846 0.1144972 0.0999032 0.1173737 0.1138285 0.1151499 0.1082233 0.0000000 0.0912775 0.1161199 0.0971385 0.1297365 0.0960125 0.0874279 0.1207459 0.1176543 0.1078646 
Pseudochiridae_Petauroides_volans            0.0478069 0.0875402 0.0618238 0.0874804 0.0710322 0.0908587 0.0633462 0.0493225 0.0821502 0.0760627 0.0626752 0.0878791 0.0886917 0.0499485 0.0464606 0.0868673 0.0933107 0.0838350 0.0758498 0.0735963 0.0295366 0.0923590 0.0900238 0.0896164 0.0641861 0.0912775 0.0000000 0.0734280 0.0283431 0.0741998 0.0492385 0.0478672 0.0850492 0.0915230 0.0750028 
Macropodidae_Wallabia_bicolor                0.0746549 0.1158335 0.0820754 0.0361663 0.0385517 0.1151669 0.0884872 0.0712051 0.0330523 0.0960714 0.0843159 0.1105442 0.1105726 0.0744315 0.0767498 0.1112273 0.1172757 0.1059814 0.1002237 0.0129595 0.0831207 0.1165603 0.1064348 0.1121041 0.0546610 0.1161199 0.0734280 0.0000000 0.0799154 0.1129821 0.0816519 0.0724226 0.1073643 0.1165651 0.0949602 
Pseudochiridae_Pseudocheirus_occidentalis    0.0539484 0.0952978 0.0693478 0.0943537 0.0761676 0.0948596 0.0672679 0.0530599 0.0908157 0.0856096 0.0670595 0.0934079 0.0927736 0.0537236 0.0525797 0.0923745 0.0987458 0.0878314 0.0848480 0.0818147 0.0185287 0.1009083 0.0952504 0.0954756 0.0734190 0.0971385 0.0283431 0.0799154 0.0000000 0.0788443 0.0570999 0.0519624 0.0945047 0.0987803 0.0840810 
Tarsipedidae_Tarsipes_rostratus              0.0823753 0.1300516 0.1114382 0.1242486 0.1039477 0.1216209 0.0988988 0.0807886 0.1196590 0.1070029 0.1003358 0.1218312 0.1205351 0.0847615 0.0849374 0.1210088 0.1242326 0.1149393 0.1073281 0.1154419 0.0824232 0.1307136 0.1282734 0.1253684 0.1036242 0.1297365 0.0741998 0.1129821 0.0788443 0.0000000 0.0823230 0.0818020 0.1153241 0.1233171 0.1067512 
Acrobatidae_Distoechurus_pennatus            0.0538859 0.0997467 0.0738350 0.0947315 0.0746738 0.0946794 0.0716620 0.0566988 0.0869132 0.0875288 0.0711424 0.0936048 0.0923917 0.0576495 0.0305459 0.0925704 0.0979338 0.0886658 0.0890951 0.0801235 0.0585595 0.0947513 0.0904747 0.0967914 0.0731486 0.0960125 0.0492385 0.0816519 0.0570999 0.0823230 0.0000000 0.0566840 0.0946490 0.0994742 0.0859746 
Phalangeridae_Phalanger_carmelitae           0.0442523 0.0842053 0.0591745 0.0828454 0.0658923 0.0884795 0.0335801 0.0123788 0.0804164 0.0793107 0.0290478 0.0834927 0.0827484 0.0072477 0.0516662 0.0833799 0.0913805 0.0793723 0.0809164 0.0720411 0.0546523 0.0953583 0.0904275 0.0875945 0.0653512 0.0874279 0.0478672 0.0724226 0.0519624 0.0818020 0.0566840 0.0000000 0.0850679 0.0910505 0.0769950 
Peramelidae_Peroryctes_raffrayana            0.0884415 0.1157749 0.0951276 0.1208764 0.1027206 0.1138244 0.1028190 0.0843737 0.1158348 0.0221395 0.1079045 0.1115155 0.1105944 0.0867765 0.0900732 0.1100420 0.1148790 0.1078207 0.0181708 0.1091751 0.0941990 0.1192422 0.1136669 0.1148136 0.0966644 0.1207459 0.0850492 0.1073643 0.0945047 0.1153241 0.0946490 0.0850679 0.0000000 0.1144713 0.0217568 
Dasyuridae_Dasyurus_geffroii                 0.0905237 0.1198114 0.1069860 0.1304145 0.1102461 0.0080569 0.1080040 0.0868091 0.1250515 0.1075440 0.1087921 0.0261689 0.0303869 0.0927699 0.0953720 0.0253652 0.0094034 0.0296394 0.1097598 0.1168848 0.1005143 0.1183437 0.1132117 0.0281250 0.1070971 0.1176543 0.0915230 0.1165651 0.0987803 0.1233171 0.0994742 0.0910505 0.1144713 0.0000000 0.1053712 
Peramelidae_Perameles_gunnii                 0.0761137 0.1017734 0.0853043 0.1082978 0.0924746 0.1047513 0.0934080 0.0766903 0.1030485 0.0022939 0.0945235 0.1012363 0.1010284 0.0788059 0.0816274 0.0995022 0.1056980 0.0952288 0.0152660 0.0950044 0.0851982 0.1098013 0.1037610 0.1055078 0.0859890 0.1078646 0.0750028 0.0949602 0.0840810 0.1067512 0.0859746 0.0769950 0.0217568 0.1053712 0.0000000 
