35
Notoryctidae_Notoryctes_typhlops             0.0000000 0.0866653 0.0961530 0.0932782 0.1044091 0.0947575 0.1024044 0.0954353 0.1075765 0.1004293 0.1011216 0.1179388 0.1037340 0.1027472 0.1009076 0.0985127 0.0927692 0.1098191 0.1384201 0.1408744 0.1039200 0.0974686 0.0825828 0.1056704 0.0868226 0.1038381 0.0931180 0.0898191 0.0979831 0.1209231 0.1034003 0.1140316 0.0666674 0.0630583 0.1016672 
Vombatidae_Lasiorhinus_latifrons             0.0866653 0.0000000 0.0528854 0.0544831 0.0711912 0.0483690 0.0593482 0.0579998 0.0769687 0.0588746 0.0680728 0.0844437 0.0567730 0.0699806 0.0687742 0.0573370 0.0550699 0.0619814 0.0968345 0.0922724 0.0744168 0.0597816 0.0561757 0.0627264 0.0446518 0.0554637 0.0491587 0.0544869 0.0537240 0.0842090 0.0699888 0.0811210 0.0442629 0.0492959 0.0903486 
Potoroidae_Bettongia_penicillata             0.0961530 0.0528854 0.0000000 0.0007223 0.0696143 0.0474718 0.0575259 0.0178335 0.0725469 0.0578550 0.0681661 0.0826631 0.0571660 0.0701742 0.0690208 0.0648888 0.0227890 0.0673654 0.0998139 0.0947818 0.0721376 0.0407242 0.0589421 0.0640901 0.0194984 0.0527163 0.0500475 0.0539187 0.0531489 0.0739403 0.0711738 0.0758022 0.0507520 0.0497841 0.0897355 
Potoroidae_Bettongia_lesueur                 0.0932782 0.0544831 0.0007223 0.0000000 0.0731060 0.0479518 0.0558625 0.0164564 0.0742824 0.0569579 0.0693083 0.0850962 0.0570813 0.0719911 0.0690819 0.0648888 0.0205235 0.0691695 0.0996993 0.0946741 0.0732946 0.0412794 0.0580909 0.0617208 0.0181350 0.0537750 0.0494588 0.0557360 0.0540609 0.0763428 0.0711745 0.0774276 0.0508645 0.0520998 0.0910476 
Dasyuridae_Dasyurus_maculatus                0.1044091 0.0711912 0.0696143 0.0731060 0.0000000 0.0748066 0.0827545 0.0821123 0.0877725 0.0810875 0.0166941 0.0383993 0.0849176 0.0151407 0.0074512 0.0088188 0.0754540 0.0918118 0.1057350 0.1025635 0.0205987 0.0847380 0.0728046 0.0891353 0.0652841 0.0768555 0.0743837 0.0818655 0.0800125 0.0977964 0.0074734 0.0920375 0.0696800 0.0762251 0.1063549 
Phalangeridae_Trichosurus_vulpecula          0.0947575 0.0483690 0.0474718 0.0479518 0.0748066 0.0000000 0.0262984 0.0528830 0.0804172 0.0268710 0.0694293 0.0859325 0.0266126 0.0712515 0.0708108 0.0610910 0.0482661 0.0639637 0.0999824 0.0967745 0.0765873 0.0578785 0.0587107 0.0589755 0.0396749 0.0501042 0.0448504 0.0541035 0.0230591 0.0899445 0.0729005 0.0838023 0.0391358 0.0478459 0.0891734 
Phalangeridae_Spilocuscus_maculatus          0.1024044 0.0593482 0.0575259 0.0558625 0.0827545 0.0262984 0.0000000 0.0610662 0.0873600 0.0197867 0.0771266 0.0899483 0.0226033 0.0791272 0.0786223 0.0740249 0.0566865 0.0726519 0.1138301 0.1112028 0.0840790 0.0650385 0.0648044 0.0655984 0.0486662 0.0566359 0.0484741 0.0604543 0.0212719 0.0985337 0.0806487 0.0908037 0.0338225 0.0404227 0.0860358 
Potoroidae_Aepyprymnus_rufescens             0.0954353 0.0579998 0.0178335 0.0164564 0.0821123 0.0528830 0.0610662 0.0000000 0.0800903 0.0621271 0.0781862 0.0943061 0.0613651 0.0808322 0.0780226 0.0730345 0.0250520 0.0698081 0.1029651 0.1002493 0.0842566 0.0430883 0.0593990 0.0655880 0.0196444 0.0553443 0.0547753 0.0600686 0.0576018 0.0864602 0.0802131 0.0833354 0.0552283 0.0556027 0.0987099 
Peramelidae_Perameles_nasuta                 0.1075765 0.0769687 0.0725469 0.0742824 0.0877725 0.0804172 0.0873600 0.0800903 0.0000000 0.0855108 0.0866077 0.1007812 0.0890126 0.0866871 0.0843637 0.0844171 0.0740413 0.0929846 0.1188993 0.1178783 0.0932283 0.0834407 0.0718336 0.0927725 0.0698802 0.0788001 0.0763065 0.0850352 0.0823006 0.0131136 0.0856444 0.0000010 0.0823359 0.0759623 0.0223465 
Phalangeridae_Strigocuscus_pelengensis       0.1004293 0.0588746 0.0578550 0.0569579 0.0810875 0.0268710 0.0197867 0.0621271 0.0855108 0.0000000 0.0755032 0.0930410 0.0217563 0.0774912 0.0770021 0.0707394 0.0572468 0.0712230 0.1046746 0.1033441 0.0814359 0.0653739 0.0640146 0.0660015 0.0483005 0.0575681 0.0472538 0.0616437 0.0219693 0.1033427 0.0780950 0.0879810 0.0347030 0.0413629 0.0866087 
Dasyuridae_Phascogale_tapoatafa              0.1011216 0.0680728 0.0681661 0.0693083 0.0166941 0.0694293 0.0771266 0.0781862 0.0866077 0.0755032 0.0000000 0.0336219 0.0795770 0.0040755 0.0146191 0.0122279 0.0700173 0.0898357 0.1056843 0.1034382 0.0091486 0.0799696 0.0711736 0.0863667 0.0603189 0.0739326 0.0687068 0.0774817 0.0763929 0.0963361 0.0146342 0.0909514 0.0691343 0.0745001 0.1054446 
Dasyuridae_Sminthopsis_macroura              0.1179388 0.0844437 0.0826631 0.0850962 0.0383993 0.0859325 0.0899483 0.0943061 0.1007812 0.0930410 0.0336219 0.0000000 0.0954148 0.0326427 0.0362745 0.0260830 0.0840293 0.1077097 0.1203827 0.1143796 0.0390062 0.0969630 0.0869307 0.1004269 0.0750838 0.0875986 0.0873430 0.0922893 0.0931858 0.1215342 0.0363921 0.1061604 0.0895323 0.0898532 0.1237557 
Phalangeridae_Phalanger_orientalis           0.1037340 0.0567730 0.0571660 0.0570813 0.0849176 0.0266126 0.0226033 0.0613651 0.0890126 0.0217563 0.0795770 0.0954148 0.0000000 0.0813507 0.0808386 0.0743524 0.0583438 0.0747103 0.1102029 0.1031182 0.0856419 0.0662432 0.0660031 0.0668797 0.0477474 0.0580942 0.0492534 0.0602624 0.0116694 0.1039677 0.0812140 0.0942528 0.0353032 0.0450657 0.0924355 
Dasyuridae_Phascogale_calura                 0.1027472 0.0699806 0.0701742 0.0719911 0.0151407 0.0712515 0.0791272 0.0808322 0.0866871 0.0774912 0.0040755 0.0326427 0.0813507 0.0000000 0.0130860 0.0121808 0.0730611 0.0923828 0.1064654 0.1039817 0.0090780 0.0825813 0.0724079 0.0879360 0.0639604 0.0772219 0.0724447 0.0792127 0.0781945 0.0976418 0.0131258 0.0909916 0.0725423 0.0780081 0.1075680 
Dasyuridae_Sarcophilus_harrisii              0.1009076 0.0687742 0.0690208 0.0690819 0.0074512 0.0708108 0.0786223 0.0780226 0.0843637 0.0770021 0.0146191 0.0362745 0.0808386 0.0130860 0.0000000 0.0110910 0.0713053 0.0892517 0.1059215 0.1027434 0.0184846 0.0787974 0.0687610 0.0831354 0.0612666 0.0758984 0.0703001 0.0778307 0.0759417 0.0898460 0.0040676 0.0878684 0.0665044 0.0678400 0.0998006 
Dasyuridae_Planigale_tenuirostris            0.0985127 0.0573370 0.0648888 0.0648888 0.0088188 0.0610910 0.0740249 0.0730345 0.0844171 0.0707394 0.0122279 0.0260830 0.0743524 0.0121808 0.0110910 0.0000000 0.0704660 0.0804720 0.1024177 0.0982794 0.0156468 0.0760013 0.0674060 0.0872231 0.0586183 0.0650296 0.0727367 0.0714893 0.0683346 0.0946797 0.0122045 0.0912772 0.0642564 0.0730432 0.1020135 
Macropodidae_Dorcopsulus_vanheurni           0.0927692 0.0550699 0.0227890 0.0205235 0.0754540 0.0482661 0.0566865 0.0250520 0.0740413 0.0572468 0.0700173 0.0840293 0.0583438 0.0730611 0.0713053 0.0704660 0.0000000 0.0667483 0.0916113 0.0928890 0.0782521 0.0377896 0.0561389 0.0624821 0.0126551 0.0508426 0.0457940 0.0521419 0.0552407 0.0757462 0.0732732 0.0774876 0.0513295 0.0472270 0.0980523 
Pseudochiridae_Pseudochirulus_forbesi        0.1098191 0.0619814 0.0673654 0.0691695 0.0918118 0.0639637 0.0726519 0.0698081 0.0929846 0.0712230 0.0898357 0.1077097 0.0747103 0.0923828 0.0892517 0.0804720 0.0667483 0.0000000 0.1213296 0.1207483 0.0985155 0.0689776 0.0673167 0.0576571 0.0566070 0.0258916 0.0541336 0.0559676 0.0698859 0.0948431 0.0915654 0.0954227 0.0516951 0.0417838 0.0972157 
Didelphidae_Didelphis_virginiana             0.1384201 0.0968345 0.0998139 0.0996993 0.1057350 0.0999824 0.1138301 0.1029651 0.1188993 0.1046746 0.1056843 0.1203827 0.1102029 0.1064654 0.1059215 0.1024177 0.0916113 0.1213296 0.0000000 0.0593389 0.1106722 0.1021006 0.0919902 0.1216823 0.0898030 0.1027643 0.1050879 0.1036036 0.1064038 0.1140269 0.1091128 0.1237815 0.0894665 0.0918586 0.1300185 
Marmosidae_Monodelphis_domestica             0.1408744 0.0922724 0.0947818 0.0946741 0.1025635 0.0967745 0.1112028 0.1002493 0.1178783 0.1033441 0.1034382 0.1143796 0.1031182 0.1039817 0.1027434 0.0982794 0.0928890 0.1207483 0.0593389 0.0000000 0.1089659 0.1012293 0.0950338 0.1232955 0.0844847 0.1022878 0.1008779 0.1019498 0.1021246 0.1353732 0.1058822 0.1229338 0.0872749 0.0852178 0.1359815 
Dasyuridae_Antechinus_stuartii               0.1039200 0.0744168 0.0721376 0.0732946 0.0205987 0.0765873 0.0840790 0.0842566 0.0932283 0.0814359 0.0091486 0.0390062 0.0856419 0.0090780 0.0184846 0.0156468 0.0782521 0.0985155 0.1106722 0.1089659 0.0000000 0.0876543 0.0767682 0.0911710 0.0681651 0.0840010 0.0759454 0.0840554 0.0832193 0.1048162 0.0184728 0.0978824 0.0779454 0.0817941 0.1137074 
Hypsiprymnodontidae_Hypsiprymnodon_moschatus 0.0974686 0.0597816 0.0407242 0.0412794 0.0847380 0.0578785 0.0650385 0.0430883 0.0834407 0.0653739 0.0799696 0.0969630 0.0662432 0.0825813 0.0787974 0.0760013 0.0377896 0.0689776 0.1021006 0.1012293 0.0876543 0.0000000 0.0628134 0.0674574 0.0304169 0.0530859 0.0557686 0.0569637 0.0625095 0.0896606 0.0828691 0.0868397 0.0538828 0.0524307 0.1012310 
Microbiotheriidae_Dromiciops_gliroides       0.0825828 0.0561757 0.0589421 0.0580909 0.0728046 0.0587107 0.0648044 0.0593990 0.0718336 0.0640146 0.0711736 0.0869307 0.0660031 0.0724079 0.0687610 0.0674060 0.0561389 0.0673167 0.0919902 0.0950338 0.0767682 0.0628134 0.0000000 0.0718864 0.0507469 0.0572707 0.0607221 0.0624778 0.0621092 0.0713998 0.0707242 0.0745983 0.0544297 0.0494361 0.0814005 
Pseudochiridae_Petauroides_volans            0.1056704 0.0627264 0.0640901 0.0617208 0.0891353 0.0589755 0.0655984 0.0655880 0.0927725 0.0660015 0.0863667 0.1004269 0.0668797 0.0879360 0.0831354 0.0872231 0.0624821 0.0576571 0.1216823 0.1232955 0.0911710 0.0674574 0.0718864 0.0000000 0.0540732 0.0420886 0.0516090 0.0551606 0.0645889 0.0976869 0.0872497 0.0959931 0.0508903 0.0445430 0.0966853 
Macropodidae_Wallabia_bicolor                0.0868226 0.0446518 0.0194984 0.0181350 0.0652841 0.0396749 0.0486662 0.0196444 0.0698802 0.0483005 0.0603189 0.0750838 0.0477474 0.0639604 0.0612666 0.0586183 0.0126551 0.0566070 0.0898030 0.0844847 0.0681651 0.0304169 0.0507469 0.0540732 0.0000000 0.0438573 0.0403159 0.0465660 0.0447262 0.0716427 0.0633012 0.0733940 0.0423767 0.0426496 0.0900317 
Pseudochiridae_Pseudocheirus_occidentalis    0.1038381 0.0554637 0.0527163 0.0537750 0.0768555 0.0501042 0.0566359 0.0553443 0.0788001 0.0575681 0.0739326 0.0875986 0.0580942 0.0772219 0.0758984 0.0650296 0.0508426 0.0258916 0.1027643 0.1022878 0.0840010 0.0530859 0.0572707 0.0420886 0.0438573 0.0000000 0.0369657 0.0457894 0.0527611 0.0827846 0.0773289 0.0793014 0.0366813 0.0274800 0.0796886 
Tarsipedidae_Tarsipes_rostratus              0.0931180 0.0491587 0.0500475 0.0494588 0.0743837 0.0448504 0.0484741 0.0547753 0.0763065 0.0472538 0.0687068 0.0873430 0.0492534 0.0724447 0.0703001 0.0727367 0.0457940 0.0541336 0.1050879 0.1008779 0.0759454 0.0557686 0.0607221 0.0516090 0.0403159 0.0369657 0.0000000 0.0404052 0.0462078 0.0787212 0.0724327 0.0784226 0.0357280 0.0310016 0.0839400 
Acrobatidae_Distoechurus_pennatus            0.0898191 0.0544869 0.0539187 0.0557360 0.0818655 0.0541035 0.0604543 0.0600686 0.0850352 0.0616437 0.0774817 0.0922893 0.0602624 0.0792127 0.0778307 0.0714893 0.0521419 0.0559676 0.1036036 0.1019498 0.0840554 0.0569637 0.0624778 0.0551606 0.0465660 0.0457894 0.0404052 0.0000000 0.0557049 0.0842601 0.0799902 0.0855257 0.0493344 0.0307717 0.0985769 
Phalangeridae_Phalanger_carmelitae           0.0979831 0.0537240 0.0531489 0.0540609 0.0800125 0.0230591 0.0212719 0.0576018 0.0823006 0.0219693 0.0763929 0.0931858 0.0116694 0.0781945 0.0759417 0.0683346 0.0552407 0.0698859 0.1064038 0.1021246 0.0832193 0.0625095 0.0621092 0.0645889 0.0447262 0.0527611 0.0462078 0.0557049 0.0000000 0.0913388 0.0771628 0.0876288 0.0360701 0.0439635 0.0910234 
Peramelidae_Peroryctes_raffrayana            0.1209231 0.0842090 0.0739403 0.0763428 0.0977964 0.0899445 0.0985337 0.0864602 0.0131136 0.1033427 0.0963361 0.1215342 0.1039677 0.0976418 0.0898460 0.0946797 0.0757462 0.0948431 0.1140269 0.1353732 0.1048162 0.0896606 0.0713998 0.0976869 0.0716427 0.0827846 0.0787212 0.0842601 0.0913388 0.0000000 0.0913779 0.0120673 0.0861722 0.0754510 0.0176533 
Dasyuridae_Dasyurus_geffroii                 0.1034003 0.0699888 0.0711738 0.0711745 0.0074734 0.0729005 0.0806487 0.0802131 0.0856444 0.0780950 0.0146342 0.0363921 0.0812140 0.0131258 0.0040676 0.0122045 0.0732732 0.0915654 0.1091128 0.1058822 0.0184728 0.0828691 0.0707242 0.0872497 0.0633012 0.0773289 0.0724327 0.0799902 0.0771628 0.0913779 0.0000000 0.0901331 0.0688935 0.0722538 0.1024271 
Peramelidae_Perameles_gunnii                 0.1140316 0.0811210 0.0758022 0.0774276 0.0920375 0.0838023 0.0908037 0.0833354 0.0000010 0.0879810 0.0909514 0.1061604 0.0942528 0.0909916 0.0878684 0.0912772 0.0774876 0.0954227 0.1237815 0.1229338 0.0978824 0.0868397 0.0745983 0.0959931 0.0733940 0.0793014 0.0784226 0.0855257 0.0876288 0.0120673 0.0901331 0.0000000 0.0845971 0.0794444 0.0214057 
Burramyidae_Burramys_parvus                  0.0666674 0.0442629 0.0507520 0.0508645 0.0696800 0.0391358 0.0338225 0.0552283 0.0823359 0.0347030 0.0691343 0.0895323 0.0353032 0.0725423 0.0665044 0.0642564 0.0513295 0.0516951 0.0894665 0.0872749 0.0779454 0.0538828 0.0544297 0.0508903 0.0423767 0.0366813 0.0357280 0.0493344 0.0360701 0.0861722 0.0688935 0.0845971 0.0000000 0.0401124 0.0846300 
Acrobatidae_Acrobates_pygmaeus               0.0630583 0.0492959 0.0497841 0.0520998 0.0762251 0.0478459 0.0404227 0.0556027 0.0759623 0.0413629 0.0745001 0.0898532 0.0450657 0.0780081 0.0678400 0.0730432 0.0472270 0.0417838 0.0918586 0.0852178 0.0817941 0.0524307 0.0494361 0.0445430 0.0426496 0.0274800 0.0310016 0.0307717 0.0439635 0.0754510 0.0722538 0.0794444 0.0401124 0.0000000 0.0814466 
Peramelidae_Echymipera_kalubu                0.1016672 0.0903486 0.0897355 0.0910476 0.1063549 0.0891734 0.0860358 0.0987099 0.0223465 0.0866087 0.1054446 0.1237557 0.0924355 0.1075680 0.0998006 0.1020135 0.0980523 0.0972157 0.1300185 0.1359815 0.1137074 0.1012310 0.0814005 0.0966853 0.0900317 0.0796886 0.0839400 0.0985769 0.0910234 0.0176533 0.1024271 0.0214057 0.0846300 0.0814466 0.0000000 
