35
Burramyidae_Burramys_parvus                  0.0000000 0.1030458 0.0749147 0.0799944 0.0772502 0.1170014 0.0640891 0.0640907 0.0798753 0.1131086 0.0668179 0.1262265 0.1247680 0.0648782 0.0713408 0.1246472 0.1215366 0.0877291 0.1099612 0.0821806 0.0806154 0.1588304 0.1983236 0.1173517 0.0751402 0.0875370 0.0666877 0.1732510 0.0728814 0.1108758 0.1320815 0.0626850 0.1080302 0.1193405 0.1034079 
Notoryctidae_Notoryctes_typhlops             0.1030458 0.0000000 0.0981327 0.1151974 0.1119163 0.1328414 0.1115128 0.1106584 0.1103745 0.1328081 0.1219562 0.1450782 0.1368565 0.1146137 0.1176148 0.1461475 0.1397732 0.1005578 0.1212184 0.1205118 0.1271703 0.1742253 0.1943881 0.1324851 0.1174553 0.1065643 0.1054476 0.1864479 0.1128793 0.1549242 0.1605099 0.1128668 0.1176426 0.1378865 0.1223175 
Vombatidae_Lasiorhinus_latifrons             0.0749147 0.0981327 0.0000000 0.0839309 0.0811398 0.1171515 0.0822667 0.0786129 0.0849512 0.1085726 0.0855504 0.1373312 0.1243203 0.0847578 0.0808897 0.1364055 0.1296201 0.0833491 0.1024728 0.0865129 0.0967188 0.1431186 0.1815309 0.1246405 0.0778336 0.0832242 0.0807764 0.1771348 0.0889257 0.1318047 0.1391785 0.0817393 0.1022483 0.1239318 0.1014973 
Potoroidae_Bettongia_penicillata             0.0799944 0.1151974 0.0839309 0.0000000 0.0042367 0.1428929 0.0841206 0.0852140 0.0090258 0.1326180 0.0866194 0.1517991 0.1447277 0.0828990 0.0830773 0.1527055 0.1483165 0.1029192 0.1283106 0.0353847 0.0939095 0.1819227 0.2192213 0.1415063 0.0456260 0.1048082 0.0866126 0.1293911 0.0886803 0.1338937 0.1369618 0.0830688 0.1247386 0.1457373 0.1242005 
Potoroidae_Bettongia_lesueur                 0.0772502 0.1119163 0.0811398 0.0042367 0.0000000 0.1407293 0.0835534 0.0846205 0.0078219 0.1288746 0.0860628 0.1496140 0.1418108 0.0828722 0.0814171 0.1491075 0.1446922 0.0987124 0.1261853 0.0344682 0.0951896 0.1766586 0.2124939 0.1379337 0.0441922 0.1011367 0.0838725 0.1253239 0.0874775 0.1297755 0.1371859 0.0830421 0.1233042 0.1435795 0.1214489 
Dasyuridae_Dasyurus_maculatus                0.1170014 0.1328414 0.1171515 0.1428929 0.1407293 0.0000000 0.1269183 0.1312840 0.1400728 0.1436448 0.1320004 0.0373144 0.0448084 0.1306515 0.1403621 0.0372996 0.0222536 0.0240743 0.1333838 0.1466182 0.1502049 0.2002993 0.2068753 0.0347881 0.1365219 0.1268389 0.1355626 0.2179962 0.1378736 0.1630666 0.1845616 0.1295468 0.1222467 0.0155588 0.1318116 
Phalangeridae_Trichosurus_vulpecula          0.0640891 0.1115128 0.0822667 0.0841206 0.0835534 0.1269183 0.0000000 0.0336547 0.0861012 0.1306167 0.0364690 0.1410368 0.1293980 0.0318914 0.0846341 0.1406843 0.1354351 0.0975635 0.1259075 0.0875911 0.0870908 0.1669496 0.2111006 0.1322273 0.0834843 0.0882006 0.0775511 0.1774909 0.0807211 0.1303659 0.1394899 0.0300211 0.1226862 0.1329953 0.1191713 
Phalangeridae_Spilocuscus_maculatus          0.0640907 0.1106584 0.0786129 0.0852140 0.0846205 0.1312840 0.0336547 0.0000000 0.0872587 0.1307416 0.0237731 0.1406603 0.1329129 0.0182142 0.0828258 0.1411653 0.1399686 0.1036004 0.1240150 0.0899911 0.0882769 0.1698880 0.2111800 0.1327210 0.0851605 0.0990907 0.0770933 0.1810929 0.0828424 0.1280569 0.1406817 0.0181641 0.1251715 0.1381886 0.1202356 
Potoroidae_Aepyprymnus_rufescens             0.0798753 0.1103745 0.0849512 0.0090258 0.0078219 0.1400728 0.0861012 0.0872587 0.0000000 0.1318615 0.0893517 0.1502306 0.1411609 0.0848938 0.0827486 0.1490271 0.1455043 0.1026845 0.1281949 0.0345774 0.0969637 0.1781650 0.2185744 0.1386285 0.0467647 0.1023006 0.0846730 0.1274118 0.0893031 0.1346669 0.1387502 0.0850156 0.1225292 0.1429350 0.1239460 
Peramelidae_Perameles_nasuta                 0.1131086 0.1328081 0.1085726 0.1326180 0.1288746 0.1436448 0.1306167 0.1307416 0.1318615 0.0000000 0.1297718 0.1474037 0.1523380 0.1345583 0.1079570 0.1457117 0.1383970 0.0926844 0.0271705 0.1280807 0.1292198 0.1812417 0.2157820 0.1339468 0.1326794 0.1202566 0.1192661 0.2132619 0.1371167 0.1614476 0.1756071 0.1347178 0.0304207 0.1374216 0.0097111 
Phalangeridae_Strigocuscus_pelengensis       0.0668179 0.1219562 0.0855504 0.0866194 0.0860628 0.1320004 0.0364690 0.0237731 0.0893517 0.1297718 0.0000000 0.1437651 0.1322985 0.0207096 0.0904222 0.1438205 0.1414217 0.1054164 0.1290797 0.0900193 0.0944876 0.1772508 0.1783419 0.1396515 0.0842834 0.1038174 0.0823409 0.1493574 0.0849684 0.1115094 0.1429526 0.0206952 0.1298511 0.1395700 0.1251615 
Dasyuridae_Phascogale_tapoatafa              0.1262265 0.1450782 0.1373312 0.1517991 0.1496140 0.0373144 0.1410368 0.1406603 0.1502306 0.1474037 0.1437651 0.0000000 0.0563389 0.1400953 0.1362592 0.0074531 0.0253715 0.0258956 0.1399041 0.1524281 0.1516560 0.2028060 0.2147392 0.0169396 0.1502357 0.1419740 0.1469414 0.2370974 0.1513238 0.1698959 0.2013941 0.1414242 0.1320371 0.0253681 0.1370983 
Dasyuridae_Sminthopsis_macroura              0.1247680 0.1368565 0.1243203 0.1447277 0.1418108 0.0448084 0.1293980 0.1329129 0.1411609 0.1523380 0.1322985 0.0563389 0.0000000 0.1313921 0.1454834 0.0550904 0.0554766 0.0256467 0.1399553 0.1477012 0.1569132 0.2042677 0.2159286 0.0535185 0.1406127 0.1370674 0.1428148 0.2095429 0.1399389 0.1817891 0.1882601 0.1295899 0.1262709 0.0529234 0.1388841 
Phalangeridae_Phalanger_orientalis           0.0648782 0.1146137 0.0847578 0.0828990 0.0828722 0.1306515 0.0318914 0.0182142 0.0848938 0.1345583 0.0207096 0.1400953 0.1313921 0.0000000 0.0882140 0.1402677 0.1387282 0.1038806 0.1286245 0.0858954 0.0890108 0.1746039 0.2155357 0.1344687 0.0830625 0.1015633 0.0794907 0.1801834 0.0803993 0.1285431 0.1472582 0.0073787 0.1267198 0.1376829 0.1254907 
Acrobatidae_Acrobates_pygmaeus               0.0713408 0.1176148 0.0808897 0.0830773 0.0814171 0.1403621 0.0846341 0.0828258 0.0827486 0.1079570 0.0904222 0.1362592 0.1454834 0.0882140 0.0000000 0.1351128 0.1367324 0.0955013 0.1066823 0.0899496 0.0850037 0.1598501 0.2071345 0.1249284 0.0800336 0.0895121 0.0697236 0.1668829 0.0772899 0.1177092 0.0916535 0.0862199 0.1055210 0.1330099 0.1056084 
Dasyuridae_Phascogale_calura                 0.1246472 0.1461475 0.1364055 0.1527055 0.1491075 0.0372996 0.1406843 0.1411653 0.1490271 0.1457117 0.1438205 0.0074531 0.0550904 0.1402677 0.1351128 0.0000000 0.0246436 0.0277428 0.1375740 0.1523116 0.1615267 0.2057365 0.2209155 0.0175673 0.1466906 0.1402389 0.1439047 0.2327254 0.1521571 0.1674510 0.1967965 0.1409736 0.1316668 0.0246403 0.1349400 
Dasyuridae_Sarcophilus_harrisii              0.1215366 0.1397732 0.1296201 0.1483165 0.1446922 0.0222536 0.1354351 0.1399686 0.1455043 0.1383970 0.1414217 0.0253715 0.0554766 0.1387282 0.1367324 0.0246436 0.0000000 0.0215993 0.1281630 0.1533544 0.1582844 0.2097932 0.2212448 0.0226334 0.1452339 0.1348618 0.1443257 0.2343983 0.1552675 0.1679119 0.2042006 0.1380838 0.1256464 0.0093416 0.1259598 
Dasyuridae_Planigale_tenuirostris            0.0877291 0.1005578 0.0833491 0.1029192 0.0987124 0.0240743 0.0975635 0.1036004 0.1026845 0.0926844 0.1054164 0.0258956 0.0256467 0.1038806 0.0955013 0.0277428 0.0215993 0.0000000 0.0945518 0.1073270 0.1185826 0.1170806 0.1317025 0.0251790 0.0990270 0.0940613 0.1070994 0.1022191 0.1076700 0.1087183 0.0988195 0.1043221 0.0899183 0.0235823 0.0896871 
Peramelidae_Echymipera_kalubu                0.1099612 0.1212184 0.1024728 0.1283106 0.1261853 0.1333838 0.1259075 0.1240150 0.1281949 0.0271705 0.1290797 0.1399041 0.1399553 0.1286245 0.1066823 0.1375740 0.1281630 0.0945518 0.0000000 0.1316643 0.1387639 0.1818524 0.2089300 0.1265303 0.1237984 0.1191341 0.1126541 0.2113974 0.1272680 0.1483874 0.1802539 0.1248939 0.0178951 0.1266954 0.0188435 
Macropodidae_Dorcopsulus_vanheurni           0.0821806 0.1205118 0.0865129 0.0353847 0.0344682 0.1466182 0.0875911 0.0899911 0.0345774 0.1280807 0.0900193 0.1524281 0.1477012 0.0858954 0.0899496 0.1523116 0.1533544 0.1073270 0.1316643 0.0000000 0.0936239 0.1846281 0.2198818 0.1435527 0.0560533 0.1054046 0.0867821 0.1196039 0.0842569 0.1399806 0.1513388 0.0866187 0.1272344 0.1500956 0.1270750 
Pseudochiridae_Pseudochirulus_forbesi        0.0806154 0.1271703 0.0967188 0.0939095 0.0951896 0.1502049 0.0870908 0.0882769 0.0969637 0.1292198 0.0944876 0.1516560 0.1569132 0.0890108 0.0850037 0.1615267 0.1582844 0.1185826 0.1387639 0.0936239 0.0000000 0.1957588 0.2432541 0.1530829 0.0916021 0.1030194 0.0498090 0.1935684 0.0233533 0.1210725 0.1479683 0.0878411 0.1345194 0.1582697 0.1381729 
Didelphidae_Didelphis_virginiana             0.1588304 0.1742253 0.1431186 0.1819227 0.1766586 0.2002993 0.1669496 0.1698880 0.1781650 0.1812417 0.1772508 0.2028060 0.2042677 0.1746039 0.1598501 0.2057365 0.2097932 0.1170806 0.1818524 0.1846281 0.1957588 0.0000000 0.1095762 0.1950577 0.1820892 0.1597575 0.1598438 0.2532122 0.1841573 0.2068061 0.2203507 0.1679990 0.1675106 0.2021322 0.1750720 
Marmosidae_Monodelphis_domestica             0.1983236 0.1943881 0.1815309 0.2192213 0.2124939 0.2068753 0.2111006 0.2111800 0.2185744 0.2157820 0.1783419 0.2147392 0.2159286 0.2155357 0.2071345 0.2209155 0.2212448 0.1317025 0.2089300 0.2198818 0.2432541 0.1095762 0.0000000 0.2127832 0.2123396 0.1984707 0.2108817 0.2060444 0.2226722 0.1985446 0.1707848 0.2090457 0.1912294 0.2169053 0.2067708 
Dasyuridae_Antechinus_stuartii               0.1173517 0.1324851 0.1246405 0.1415063 0.1379337 0.0347881 0.1322273 0.1327210 0.1386285 0.1339468 0.1396515 0.0169396 0.0535185 0.1344687 0.1249284 0.0175673 0.0226334 0.0251790 0.1265303 0.1435527 0.1530829 0.1950577 0.2127832 0.0000000 0.1367603 0.1307721 0.1378830 0.2237333 0.1473666 0.1652481 0.1974915 0.1321243 0.1231582 0.0213541 0.1253874 
Hypsiprymnodontidae_Hypsiprymnodon_moschatus 0.0751402 0.1174553 0.0778336 0.0456260 0.0441922 0.1365219 0.0834843 0.0851605 0.0467647 0.1326794 0.0842834 0.1502357 0.1406127 0.0830625 0.0800336 0.1466906 0.1452339 0.0990270 0.1237984 0.0560533 0.0916021 0.1820892 0.2123396 0.1367603 0.0000000 0.0982882 0.0826078 0.1439946 0.0833097 0.1269198 0.1395548 0.0814681 0.1186705 0.1433393 0.1236857 
Microbiotheriidae_Dromiciops_gliroides       0.0875370 0.1065643 0.0832242 0.1048082 0.1011367 0.1268389 0.0882006 0.0990907 0.1023006 0.1202566 0.1038174 0.1419740 0.1370674 0.1015633 0.0895121 0.1402389 0.1348618 0.0940613 0.1191341 0.1054046 0.1030194 0.1597575 0.1984707 0.1307721 0.0982882 0.0000000 0.0925617 0.1936885 0.0996617 0.1540480 0.1559634 0.0981122 0.1178988 0.1301327 0.1117080 
Pseudochiridae_Petauroides_volans            0.0666877 0.1054476 0.0807764 0.0866126 0.0838725 0.1355626 0.0775511 0.0770933 0.0846730 0.1192661 0.0823409 0.1469414 0.1428148 0.0794907 0.0697236 0.1439047 0.1443257 0.1070994 0.1126541 0.0867821 0.0498090 0.1598438 0.2108817 0.1378830 0.0826078 0.0925617 0.0000000 0.1697708 0.0424459 0.1009067 0.1195612 0.0781906 0.1155234 0.1438655 0.1136685 
Macropodidae_Wallabia_bicolor                0.1732510 0.1864479 0.1771348 0.1293911 0.1253239 0.2179962 0.1774909 0.1810929 0.1274118 0.2132619 0.1493574 0.2370974 0.2095429 0.1801834 0.1668829 0.2327254 0.2343983 0.1022191 0.2113974 0.1196039 0.1935684 0.2532122 0.2060444 0.2237333 0.1439946 0.1936885 0.1697708 0.0000000 0.1956684 0.2069224 0.1322030 0.1812548 0.1967054 0.2296580 0.1999099 
Pseudochiridae_Pseudocheirus_occidentalis    0.0728814 0.1128793 0.0889257 0.0886803 0.0874775 0.1378736 0.0807211 0.0828424 0.0893031 0.1371167 0.0849684 0.1513238 0.1399389 0.0803993 0.0772899 0.1521571 0.1552675 0.1076700 0.1272680 0.0842569 0.0233533 0.1841573 0.2226722 0.1473666 0.0833097 0.0996617 0.0424459 0.1956684 0.0000000 0.1074892 0.1349487 0.0806949 0.1217455 0.1522457 0.1301550 
Tarsipedidae_Tarsipes_rostratus              0.1108758 0.1549242 0.1318047 0.1338937 0.1297755 0.1630666 0.1303659 0.1280569 0.1346669 0.1614476 0.1115094 0.1698959 0.1817891 0.1285431 0.1177092 0.1674510 0.1679119 0.1087183 0.1483874 0.1399806 0.1210725 0.2068061 0.1985446 0.1652481 0.1269198 0.1540480 0.1009067 0.2069224 0.1074892 0.0000000 0.1537010 0.1295567 0.1519066 0.1651443 0.1480772 
Acrobatidae_Distoechurus_pennatus            0.1320815 0.1605099 0.1391785 0.1369618 0.1371859 0.1845616 0.1394899 0.1406817 0.1387502 0.1756071 0.1429526 0.2013941 0.1882601 0.1472582 0.0916535 0.1967965 0.2042006 0.0988195 0.1802539 0.1513388 0.1479683 0.2203507 0.1707848 0.1974915 0.1395548 0.1559634 0.1195612 0.1322030 0.1349487 0.1537010 0.0000000 0.1489485 0.1598241 0.2027093 0.1704736 
Phalangeridae_Phalanger_carmelitae           0.0626850 0.1128668 0.0817393 0.0830688 0.0830421 0.1295468 0.0300211 0.0181641 0.0850156 0.1347178 0.0206952 0.1414242 0.1295899 0.0073787 0.0862199 0.1409736 0.1380838 0.1043221 0.1248939 0.0866187 0.0878411 0.1679990 0.2090457 0.1321243 0.0814681 0.0981122 0.0781906 0.1812548 0.0806949 0.1295567 0.1489485 0.0000000 0.1260891 0.1356593 0.1232181 
Peramelidae_Peroryctes_raffrayana            0.1080302 0.1176426 0.1022483 0.1247386 0.1233042 0.1222467 0.1226862 0.1251715 0.1225292 0.0304207 0.1298511 0.1320371 0.1262709 0.1267198 0.1055210 0.1316668 0.1256464 0.0899183 0.0178951 0.1272344 0.1345194 0.1675106 0.1912294 0.1231582 0.1186705 0.1178988 0.1155234 0.1967054 0.1217455 0.1519066 0.1598241 0.1260891 0.0000000 0.1209864 0.0229457 
Dasyuridae_Dasyurus_geffroii                 0.1193405 0.1378865 0.1239318 0.1457373 0.1435795 0.0155588 0.1329953 0.1381886 0.1429350 0.1374216 0.1395700 0.0253681 0.0529234 0.1376829 0.1330099 0.0246403 0.0093416 0.0235823 0.1266954 0.1500956 0.1582697 0.2021322 0.2169053 0.0213541 0.1433393 0.1301327 0.1438655 0.2296580 0.1522457 0.1651443 0.2027093 0.1356593 0.1209864 0.0000000 0.1258371 
Peramelidae_Perameles_gunnii                 0.1034079 0.1223175 0.1014973 0.1242005 0.1214489 0.1318116 0.1191713 0.1202356 0.1239460 0.0097111 0.1251615 0.1370983 0.1388841 0.1254907 0.1056084 0.1349400 0.1259598 0.0896871 0.0188435 0.1270750 0.1381729 0.1750720 0.2067708 0.1253874 0.1236857 0.1117080 0.1136685 0.1999099 0.1301550 0.1480772 0.1704736 0.1232181 0.0229457 0.1258371 0.0000000 
