35
Burramyidae_Burramys_parvus                  0.0000000 0.0940016 0.0478421 0.0687046 0.0691501 0.1013026 0.0499117 0.0514022 0.0647190 0.0982899 0.0514177 0.0996840 0.1028673 0.0538397 0.0608251 0.1029208 0.0981775 0.1011900 0.0968353 0.0501476 0.0645785 0.1168708 0.1111662 0.0955411 0.0672224 0.0658171 0.0649378 0.0492131 0.0573494 0.0750538 0.0688246 0.0520506 0.1044604 0.0995216 0.0959640 
Notoryctidae_Notoryctes_typhlops             0.0940016 0.0000000 0.0845312 0.1232592 0.1268335 0.1324270 0.0963965 0.1007528 0.1185934 0.1330067 0.0996512 0.1242814 0.1309911 0.0981730 0.1064721 0.1225931 0.1269226 0.1364316 0.1330091 0.0960313 0.1076072 0.1482613 0.1409207 0.1118431 0.1138320 0.0902313 0.1074585 0.1037732 0.0961838 0.1078228 0.1189529 0.0968882 0.1367662 0.1263065 0.1323488 
Vombatidae_Lasiorhinus_latifrons             0.0478421 0.0845312 0.0000000 0.0719124 0.0743916 0.0819279 0.0483107 0.0472697 0.0618989 0.0861965 0.0467924 0.0814622 0.0862102 0.0489721 0.0567181 0.0777328 0.0825562 0.0824689 0.0864117 0.0474015 0.0606759 0.0942833 0.0972528 0.0744440 0.0702074 0.0562982 0.0527344 0.0547049 0.0539162 0.0646044 0.0644599 0.0488470 0.0896239 0.0781023 0.0864578 
Potoroidae_Bettongia_penicillata             0.0687046 0.1232592 0.0719124 0.0000000 0.0009036 0.1197456 0.0754672 0.0752692 0.0025799 0.1145643 0.0749366 0.1219782 0.1202025 0.0745126 0.0851116 0.1235424 0.1163643 0.1201252 0.1155295 0.0025264 0.0856596 0.1304459 0.1309566 0.1134994 0.0537508 0.0848674 0.0851782 0.0033046 0.0728821 0.0931297 0.0906219 0.0759081 0.1230861 0.1169556 0.1126727 
Potoroidae_Bettongia_lesueur                 0.0691501 0.1268335 0.0743916 0.0009036 0.0000000 0.1243012 0.0768723 0.0751371 0.0032127 0.1150633 0.0763557 0.1245252 0.1235574 0.0759152 0.0865238 0.1261167 0.1207269 0.1228444 0.1140736 0.0029253 0.0870769 0.1270917 0.1314349 0.1160625 0.0567574 0.0836396 0.0883816 0.0037821 0.0744143 0.0945691 0.0911499 0.0773058 0.1235659 0.1214905 0.1131692 
Dasyuridae_Dasyurus_maculatus                0.1013026 0.1324270 0.0819279 0.1197456 0.1243012 0.0000000 0.0929375 0.1043267 0.1203749 0.1271195 0.1008118 0.0053174 0.0335265 0.1035232 0.1123433 0.0052311 0.0016607 0.0089865 0.1268610 0.1021741 0.1100909 0.1415518 0.1442273 0.0038307 0.1215625 0.0911352 0.1080500 0.1009390 0.1029942 0.1150314 0.1211250 0.1031637 0.1267788 0.0010608 0.1231123 
Phalangeridae_Trichosurus_vulpecula          0.0499117 0.0963965 0.0483107 0.0754672 0.0768723 0.0929375 0.0000000 0.0032327 0.0741619 0.0957715 0.0026136 0.0967448 0.0989329 0.0028873 0.0620116 0.0961436 0.0981085 0.0971507 0.0959464 0.0532514 0.0620819 0.1124740 0.1112847 0.0920289 0.0743406 0.0659591 0.0625927 0.0575929 0.0534466 0.0652336 0.0682353 0.0028747 0.1015886 0.0941119 0.0933434 
Phalangeridae_Spilocuscus_maculatus          0.0514022 0.1007528 0.0472697 0.0752692 0.0751371 0.1043267 0.0032327 0.0000000 0.0711584 0.1018049 0.0014195 0.1045211 0.1047581 0.0013311 0.0601225 0.1039779 0.1059068 0.1079215 0.1047068 0.0608803 0.0646016 0.1136526 0.1063313 0.0989591 0.0724968 0.0665371 0.0656780 0.0573547 0.0569101 0.0686353 0.0671613 0.0013263 0.1035201 0.1027625 0.0990606 
Potoroidae_Aepyprymnus_rufescens             0.0647190 0.1185934 0.0618989 0.0025799 0.0032127 0.1203749 0.0741619 0.0711584 0.0000000 0.1114409 0.0734862 0.1206494 0.1214488 0.0737989 0.0810335 0.1182358 0.1188187 0.1168230 0.1123072 0.0029397 0.0834315 0.1274120 0.1265324 0.1131093 0.0570695 0.0834077 0.0803493 0.0038025 0.0748726 0.0936030 0.0856025 0.0736323 0.1207493 0.1175653 0.1123725 
Peramelidae_Perameles_nasuta                 0.0982899 0.1330067 0.0861965 0.1145643 0.1150633 0.1271195 0.0957715 0.1018049 0.1114409 0.0000000 0.1016836 0.1222437 0.1271855 0.1026768 0.1145112 0.1280724 0.1266263 0.1161960 0.0028632 0.0899286 0.1145494 0.1575385 0.1442329 0.1190750 0.1228213 0.0982601 0.1155792 0.0992885 0.1060217 0.1227434 0.1238490 0.1024476 0.0031897 0.1253034 0.0003474 
Phalangeridae_Strigocuscus_pelengensis       0.0514177 0.0996512 0.0467924 0.0749366 0.0763557 0.1008118 0.0026136 0.0014195 0.0734862 0.1016836 0.0000000 0.1008567 0.1029510 0.0009158 0.0629088 0.0985026 0.1014032 0.1030947 0.1045832 0.0611262 0.0649413 0.1145439 0.1064279 0.0955489 0.0736627 0.0665793 0.0655179 0.0566929 0.0580290 0.0697506 0.0683383 0.0009126 0.1043085 0.0992325 0.0996687 
Dasyuridae_Phascogale_tapoatafa              0.0996840 0.1242814 0.0814622 0.1219782 0.1245252 0.0053174 0.0967448 0.1045211 0.1206494 0.1222437 0.1008567 0.0000000 0.0077118 0.1027362 0.1131309 0.0007323 0.0034263 0.0064703 0.1221733 0.0978347 0.1045401 0.1413337 0.1417001 0.0014268 0.1263367 0.0884891 0.1083714 0.1037216 0.0991871 0.1120788 0.1164716 0.1023796 0.1227819 0.0038334 0.1184501 
Dasyuridae_Sminthopsis_macroura              0.1028673 0.1309911 0.0862102 0.1202025 0.1235574 0.0335265 0.0989329 0.1047581 0.1214488 0.1271855 0.1029510 0.0077118 0.0000000 0.1049065 0.1146656 0.0080704 0.0076256 0.0072097 0.1281046 0.1031108 0.1124430 0.1445891 0.1402500 0.0055489 0.1210058 0.0872505 0.1120848 0.1016743 0.1009110 0.1181624 0.1233510 0.1044620 0.1280404 0.0220968 0.1244106 
Phalangeridae_Phalanger_orientalis           0.0538397 0.0981730 0.0489721 0.0745126 0.0759152 0.1035232 0.0028873 0.0013311 0.0737989 0.1026768 0.0009158 0.1027362 0.1049065 0.0000000 0.0608919 0.1003050 0.1041180 0.1053963 0.1048588 0.0626549 0.0629270 0.1159061 0.1072433 0.0953154 0.0741038 0.0673654 0.0665310 0.0565614 0.0578125 0.0693836 0.0679282 0.0004599 0.1048007 0.1019550 0.0984577 
Acrobatidae_Acrobates_pygmaeus               0.0608251 0.1064721 0.0567181 0.0851116 0.0865238 0.1123433 0.0620116 0.0601225 0.0810335 0.1145112 0.0629088 0.1131309 0.1146656 0.0608919 0.0000000 0.1136166 0.1100825 0.1135183 0.1136847 0.0642331 0.0559959 0.1153345 0.1182862 0.1072445 0.0848088 0.0772154 0.0553515 0.0667061 0.0532073 0.0626014 0.0075025 0.0615616 0.1199607 0.1077594 0.1119758 
Dasyuridae_Phascogale_calura                 0.1029208 0.1225931 0.0777328 0.1235424 0.1261167 0.0052311 0.0961436 0.1039779 0.1182358 0.1280724 0.0985026 0.0007323 0.0080704 0.1003050 0.1136166 0.0000000 0.0033597 0.0075199 0.1257314 0.1002471 0.1039914 0.1387861 0.1391638 0.0012907 0.1259473 0.0869258 0.1067890 0.1050599 0.0996657 0.1105925 0.1179362 0.0999556 0.1277274 0.0036186 0.1240025 
Dasyuridae_Sarcophilus_harrisii              0.0981775 0.1269226 0.0825562 0.1163643 0.1207269 0.0016607 0.0981085 0.1059068 0.1188187 0.1266263 0.1014032 0.0034263 0.0076256 0.1041180 0.1100825 0.0033597 0.0000000 0.0058695 0.1264056 0.0938044 0.1069250 0.1355659 0.1387936 0.0027582 0.1217627 0.0871090 0.1058416 0.0983893 0.0979228 0.1117825 0.1159202 0.1037555 0.1262860 0.0011361 0.1226602 
Dasyuridae_Planigale_tenuirostris            0.1011900 0.1364316 0.0824689 0.1201252 0.1228444 0.0089865 0.0971507 0.1079215 0.1168230 0.1161960 0.1030947 0.0064703 0.0072097 0.1053963 0.1135183 0.0075199 0.0058695 0.0000000 0.1157819 0.0977226 0.1125736 0.1357440 0.1378582 0.0052125 0.1231843 0.0896041 0.1099912 0.1026388 0.1019250 0.1204858 0.1190841 0.1051441 0.1146882 0.0056638 0.1128339 
Peramelidae_Echymipera_kalubu                0.0968353 0.1330091 0.0864117 0.1155295 0.1140736 0.1268610 0.0959464 0.1047068 0.1123072 0.0028632 0.1045832 0.1221733 0.1281046 0.1048588 0.1136847 0.1257314 0.1264056 0.1157819 0.0000000 0.0926415 0.1128647 0.1541356 0.1422057 0.1187209 0.1206504 0.0956207 0.1110938 0.0976217 0.1018125 0.1223880 0.1256492 0.1072271 0.0021867 0.1259829 0.0027724 
Macropodidae_Dorcopsulus_vanheurni           0.0501476 0.0960313 0.0474015 0.0025264 0.0029253 0.1021741 0.0532514 0.0608803 0.0029397 0.0899286 0.0611262 0.0978347 0.1031108 0.0626549 0.0642331 0.1002471 0.0938044 0.0977226 0.0926415 0.0000000 0.0652036 0.1123948 0.1094019 0.0898560 0.0415593 0.0608987 0.0625990 0.0009159 0.0533268 0.0761869 0.0729741 0.0615967 0.0984038 0.0979047 0.0914214 
Pseudochiridae_Pseudochirulus_forbesi        0.0645785 0.1076072 0.0606759 0.0856596 0.0870769 0.1100909 0.0620819 0.0646016 0.0834315 0.1145494 0.0649413 0.1045401 0.1124430 0.0629270 0.0559959 0.1039914 0.1069250 0.1125736 0.1128647 0.0652036 0.0000000 0.1307898 0.1244222 0.0991562 0.0855640 0.0767678 0.0398290 0.0687502 0.0036648 0.0603199 0.0708634 0.0652151 0.1202729 0.1063874 0.1121292 
Didelphidae_Didelphis_virginiana             0.1168708 0.1482613 0.0942833 0.1304459 0.1270917 0.1415518 0.1124740 0.1136526 0.1274120 0.1575385 0.1145439 0.1413337 0.1445891 0.1159061 0.1153345 0.1387861 0.1355659 0.1357440 0.1541356 0.1123948 0.1307898 0.0000000 0.0468779 0.1391248 0.1228390 0.1106530 0.1183194 0.1123145 0.1238766 0.1256736 0.1303305 0.1156219 0.1644791 0.1326724 0.1543903 
Marmosidae_Monodelphis_domestica             0.1111662 0.1409207 0.0972528 0.1309566 0.1314349 0.1442273 0.1112847 0.1063313 0.1265324 0.1442329 0.1064279 0.1417001 0.1402500 0.1072433 0.1182862 0.1391638 0.1387936 0.1378582 0.1422057 0.1094019 0.1244222 0.0468779 0.0000000 0.1315854 0.1297158 0.1087741 0.1166540 0.1114419 0.1184158 0.1284343 0.1305773 0.1051573 0.1518469 0.1374350 0.1426262 
Dasyuridae_Antechinus_stuartii               0.0955411 0.1118431 0.0744440 0.1134994 0.1160625 0.0038307 0.0920289 0.0989591 0.1131093 0.1190750 0.0955489 0.0014268 0.0055489 0.0953154 0.1072445 0.0012907 0.0027582 0.0052125 0.1187209 0.0898560 0.0991562 0.1391248 0.1315854 0.0000000 0.1172183 0.0814670 0.1015372 0.0972188 0.0926413 0.1114121 0.1127966 0.0949827 0.1150970 0.0027624 0.1157186 
Hypsiprymnodontidae_Hypsiprymnodon_moschatus 0.0672224 0.1138320 0.0702074 0.0537508 0.0567574 0.1215625 0.0743406 0.0724968 0.0570695 0.1228213 0.0736627 0.1263367 0.1210058 0.0741038 0.0848088 0.1259473 0.1217627 0.1231843 0.1206504 0.0415593 0.0855640 0.1228390 0.1297158 0.1172183 0.0000000 0.0850835 0.0873318 0.0347725 0.0794497 0.0911087 0.0895172 0.0755070 0.1282932 0.1159549 0.1197310 
Microbiotheriidae_Dromiciops_gliroides       0.0658171 0.0902313 0.0562982 0.0848674 0.0836396 0.0911352 0.0659591 0.0665371 0.0834077 0.0982601 0.0665793 0.0884891 0.0872505 0.0673654 0.0772154 0.0869258 0.0871090 0.0896041 0.0956207 0.0608987 0.0767678 0.1106530 0.1087741 0.0814670 0.0850835 0.0000000 0.0732232 0.0667342 0.0695530 0.0864607 0.0875751 0.0688528 0.1041557 0.0857114 0.0961977 
Pseudochiridae_Petauroides_volans            0.0649378 0.1074585 0.0527344 0.0851782 0.0883816 0.1080500 0.0625927 0.0656780 0.0803493 0.1155792 0.0655179 0.1083714 0.1120848 0.0665310 0.0553515 0.1067890 0.1058416 0.1099912 0.1110938 0.0625990 0.0398290 0.1183194 0.1166540 0.1015372 0.0873318 0.0732232 0.0000000 0.0680134 0.0317543 0.0519793 0.0708273 0.0664190 0.1181541 0.1043500 0.1121649 
Macropodidae_Wallabia_bicolor                0.0492131 0.1037732 0.0547049 0.0033046 0.0037821 0.1009390 0.0575929 0.0573547 0.0038025 0.0992885 0.0566929 0.1037216 0.1016743 0.0565614 0.0667061 0.1050599 0.0983893 0.1026388 0.0976217 0.0009159 0.0687502 0.1123145 0.1114419 0.0972188 0.0347725 0.0667342 0.0680134 0.0000000 0.0571505 0.0765586 0.0719030 0.0579650 0.1044647 0.0982562 0.0995406 
Pseudochiridae_Pseudocheirus_occidentalis    0.0573494 0.0961838 0.0539162 0.0728821 0.0744143 0.1029942 0.0534466 0.0569101 0.0748726 0.1060217 0.0580290 0.0991871 0.1009110 0.0578125 0.0532073 0.0996657 0.0979228 0.1019250 0.1018125 0.0533268 0.0036648 0.1238766 0.1184158 0.0926413 0.0794497 0.0695530 0.0317543 0.0571505 0.0000000 0.0486602 0.0613918 0.0585453 0.1070684 0.0973409 0.1032341 
Tarsipedidae_Tarsipes_rostratus              0.0750538 0.1078228 0.0646044 0.0931297 0.0945691 0.1150314 0.0652336 0.0686353 0.0936030 0.1227434 0.0697506 0.1120788 0.1181624 0.0693836 0.0626014 0.1105925 0.1117825 0.1204858 0.1223880 0.0761869 0.0603199 0.1256736 0.1284343 0.1114121 0.0911087 0.0864607 0.0519793 0.0765586 0.0486602 0.0000000 0.0716701 0.0699869 0.1298502 0.1141721 0.1219233 
Acrobatidae_Distoechurus_pennatus            0.0688246 0.1189529 0.0644599 0.0906219 0.0911499 0.1211250 0.0682353 0.0671613 0.0856025 0.1238490 0.0683383 0.1164716 0.1233510 0.0679282 0.0075025 0.1179362 0.1159202 0.1190841 0.1256492 0.0729741 0.0708634 0.1303305 0.1305773 0.1127966 0.0895172 0.0875751 0.0708273 0.0719030 0.0613918 0.0716701 0.0000000 0.0669163 0.1293946 0.1144878 0.1221609 
Phalangeridae_Phalanger_carmelitae           0.0520506 0.0968882 0.0488470 0.0759081 0.0773058 0.1031637 0.0028747 0.0013263 0.0736323 0.1024476 0.0009126 0.1023796 0.1044620 0.0004599 0.0615616 0.0999556 0.1037555 0.1051441 0.1072271 0.0615967 0.0652151 0.1156219 0.1051573 0.0949827 0.0755070 0.0688528 0.0664190 0.0579650 0.0585453 0.0699869 0.0669163 0.0000000 0.1043418 0.1016007 0.0989587 
Peramelidae_Peroryctes_raffrayana            0.1044604 0.1367662 0.0896239 0.1230861 0.1235659 0.1267788 0.1015886 0.1035201 0.1207493 0.0031897 0.1043085 0.1227819 0.1280404 0.1048007 0.1199607 0.1277274 0.1262860 0.1146882 0.0021867 0.0984038 0.1202729 0.1644791 0.1518469 0.1150970 0.1282932 0.1041557 0.1181541 0.1044647 0.1070684 0.1298502 0.1293946 0.1043418 0.0000000 0.1258886 0.0031010 
Dasyuridae_Dasyurus_geffroii                 0.0995216 0.1263065 0.0781023 0.1169556 0.1214905 0.0010608 0.0941119 0.1027625 0.1175653 0.1253034 0.0992325 0.0038334 0.0220968 0.1019550 0.1077594 0.0036186 0.0011361 0.0056638 0.1259829 0.0979047 0.1063874 0.1326724 0.1374350 0.0027624 0.1159549 0.0857114 0.1043500 0.0982562 0.0973409 0.1141721 0.1144878 0.1016007 0.1258886 0.0000000 0.1222370 
Peramelidae_Perameles_gunnii                 0.0959640 0.1323488 0.0864578 0.1126727 0.1131692 0.1231123 0.0933434 0.0990606 0.1123725 0.0003474 0.0996687 0.1184501 0.1244106 0.0984577 0.1119758 0.1240025 0.1226602 0.1128339 0.0027724 0.0914214 0.1121292 0.1543903 0.1426262 0.1157186 0.1197310 0.0961977 0.1121649 0.0995406 0.1032341 0.1219233 0.1221609 0.0989587 0.0031010 0.1222370 0.0000000 
