35
Burramyidae_Burramys_parvus                  0.0000000 0.1092371 0.0593106 0.0613182 0.0698347 0.0616399 0.0527195 0.0567345 0.0698866 0.0612267 0.0589779 0.0723146 0.0660100 0.0557332 0.0686521 0.0667374 0.0644952 0.0549934 0.0784604 0.0579957 0.0680098 0.0882481 0.1103570 0.0655778 0.0548081 0.0577486 0.0618072 0.0607852 0.0566618 0.0907469 0.0694945 0.0394045 0.0675867 0.0565294 0.0819284 
Notoryctidae_Notoryctes_typhlops             0.1092371 0.0000000 0.1093948 0.1018112 0.1098057 0.1115041 0.0997452 0.1067342 0.1157606 0.1156622 0.1125545 0.1401530 0.1110433 0.1026590 0.1139859 0.1398677 0.1256510 0.1178296 0.1144408 0.0896443 0.1010446 0.1163145 0.1256696 0.1393265 0.1051573 0.0762583 0.1040176 0.1011503 0.0868742 0.1277357 0.1113128 0.1099975 0.1061802 0.1085055 0.1112677 
Vombatidae_Lasiorhinus_latifrons             0.0593106 0.1093948 0.0000000 0.0644221 0.0654139 0.0839375 0.0483318 0.0483164 0.0654252 0.0967815 0.0817253 0.1218569 0.0873771 0.0506429 0.0599605 0.1247817 0.0943480 0.0910718 0.0837082 0.0608877 0.0664300 0.0858564 0.0992017 0.1228648 0.0578057 0.0573984 0.0920542 0.0610557 0.0550093 0.0848528 0.0632058 0.0557421 0.0715883 0.0820513 0.0890644 
Potoroidae_Bettongia_penicillata             0.0613182 0.1018112 0.0644221 0.0000000 0.0058797 0.0928492 0.0555247 0.0580389 0.0145021 0.0979195 0.0928016 0.1322787 0.0924131 0.0598148 0.0685260 0.1357210 0.1034580 0.0966057 0.0904451 0.0244200 0.0665796 0.0880220 0.0989902 0.1308537 0.0370360 0.0590033 0.1004989 0.0222401 0.0545194 0.0934259 0.0712095 0.0658707 0.0789520 0.0891970 0.0869121 
Potoroidae_Bettongia_lesueur                 0.0698347 0.1098057 0.0654139 0.0058797 0.0000000 0.0960687 0.0561262 0.0585919 0.0137273 0.1105162 0.0952211 0.1368847 0.1005982 0.0620594 0.0689888 0.1401667 0.1094019 0.1014351 0.0936162 0.0243395 0.0733312 0.0985385 0.1027073 0.1360118 0.0432263 0.0605845 0.1054383 0.0242014 0.0611146 0.0982483 0.0742293 0.0681538 0.0827025 0.0912927 0.0981312 
Dasyuridae_Dasyurus_maculatus                0.0616399 0.1115041 0.0839375 0.0928492 0.0960687 0.0000000 0.0794448 0.0798914 0.0961250 0.0832272 0.1109243 0.0698634 0.0277754 0.0805926 0.0914349 0.0772966 0.0247505 0.0375849 0.1064624 0.0880298 0.0854909 0.0994813 0.1105037 0.0749837 0.0798520 0.0722229 0.1114126 0.0894254 0.0661808 0.1135667 0.0882188 0.0597981 0.0882580 0.0165688 0.1033743 
Phalangeridae_Trichosurus_vulpecula          0.0527195 0.0997452 0.0483318 0.0555247 0.0561262 0.0794448 0.0000000 0.0167367 0.0586642 0.0890662 0.0507522 0.1128443 0.0814783 0.0184421 0.0543967 0.1157550 0.0883154 0.0852949 0.0786309 0.0502396 0.0549880 0.0876891 0.0986869 0.1143197 0.0503360 0.0515234 0.0824299 0.0481764 0.0465564 0.0822021 0.0557947 0.0277324 0.0647385 0.0764290 0.0826804 
Phalangeridae_Spilocuscus_maculatus          0.0567345 0.1067342 0.0483164 0.0580389 0.0585919 0.0798914 0.0167367 0.0000000 0.0616817 0.0945817 0.0379798 0.1176248 0.0826375 0.0074185 0.0588026 0.1217657 0.0907041 0.0877394 0.0819140 0.0505914 0.0609346 0.0892671 0.0999138 0.1196970 0.0512394 0.0542342 0.0898987 0.0521554 0.0506028 0.0825233 0.0562688 0.0219613 0.0683751 0.0779381 0.0825769 
Potoroidae_Aepyprymnus_rufescens             0.0698866 0.1157606 0.0654252 0.0145021 0.0137273 0.0961250 0.0586642 0.0616817 0.0000000 0.1057115 0.0972289 0.1426586 0.1014044 0.0641618 0.0736192 0.1448788 0.1113978 0.0999285 0.0970387 0.0266754 0.0755145 0.1028034 0.1093990 0.1386720 0.0470838 0.0622658 0.1067745 0.0261781 0.0618149 0.0971100 0.0758353 0.0674944 0.0824782 0.0930709 0.0955245 
Peramelidae_Perameles_nasuta                 0.0612267 0.1156622 0.0967815 0.0979195 0.1105162 0.0832272 0.0890662 0.0945817 0.1057115 0.0000000 0.0799199 0.0880378 0.0749047 0.0907490 0.1057162 0.0880782 0.0916519 0.0890199 0.0683432 0.0854047 0.1008840 0.1185116 0.1287727 0.0906862 0.1019253 0.0645217 0.0890852 0.0964942 0.0801489 0.1179411 0.1045130 0.0652074 0.0441666 0.0759628 0.0252459 
Phalangeridae_Strigocuscus_pelengensis       0.0589779 0.1125545 0.0817253 0.0928016 0.0952211 0.1109243 0.0507522 0.0379798 0.0972289 0.0799199 0.0000000 0.0967353 0.0867451 0.0383595 0.0920364 0.0963997 0.1154027 0.1271542 0.1194148 0.0847289 0.0981601 0.1304989 0.1442084 0.0933043 0.0849033 0.0897294 0.0728930 0.0899083 0.0648481 0.1123572 0.0946918 0.0273417 0.0745716 0.1074446 0.1141026 
Dasyuridae_Phascogale_tapoatafa              0.0723146 0.1401530 0.1218569 0.1322787 0.1368847 0.0698634 0.1128443 0.1176248 0.1426586 0.0880378 0.0967353 0.0000000 0.0539365 0.1160483 0.1294009 0.0202929 0.0649548 0.0804709 0.1325624 0.1187711 0.1330426 0.1443872 0.1545204 0.0245414 0.1214114 0.1063786 0.0993345 0.1321949 0.0954879 0.1518852 0.1291107 0.0771473 0.0992721 0.0565207 0.1397764 
Dasyuridae_Sminthopsis_macroura              0.0660100 0.1110433 0.0873771 0.0924131 0.1005982 0.0277754 0.0814783 0.0826375 0.1014044 0.0749047 0.0867451 0.0539365 0.0000000 0.0818409 0.0954819 0.0567083 0.0429561 0.0308263 0.0995518 0.0783284 0.0909849 0.0978457 0.1124120 0.0569018 0.0904850 0.0614450 0.0927256 0.0896439 0.0736895 0.1079552 0.0915838 0.0648424 0.0951006 0.0312236 0.0962393 
Phalangeridae_Phalanger_orientalis           0.0557332 0.1026590 0.0506429 0.0598148 0.0620594 0.0805926 0.0184421 0.0074185 0.0641618 0.0907490 0.0383595 0.1160483 0.0818409 0.0000000 0.0587877 0.1206661 0.0903376 0.0896640 0.0812325 0.0513840 0.0608023 0.0863126 0.1003202 0.1206303 0.0540425 0.0515223 0.0856972 0.0516351 0.0515111 0.0817688 0.0581625 0.0166491 0.0685435 0.0770772 0.0801856 
Acrobatidae_Acrobates_pygmaeus               0.0686521 0.1139859 0.0599605 0.0685260 0.0689888 0.0914349 0.0543967 0.0588026 0.0736192 0.1057162 0.0920364 0.1294009 0.0954819 0.0587877 0.0000000 0.1351894 0.0948558 0.1005356 0.0869307 0.0639896 0.0643377 0.0968770 0.1026953 0.1314234 0.0596414 0.0615074 0.0905554 0.0678693 0.0486381 0.0866986 0.0374839 0.0561665 0.0763080 0.0869499 0.0955169 
Dasyuridae_Phascogale_calura                 0.0667374 0.1398677 0.1247817 0.1357210 0.1401667 0.0772966 0.1157550 0.1217657 0.1448788 0.0880782 0.0963997 0.0202929 0.0567083 0.1206661 0.1351894 0.0000000 0.0700031 0.0813298 0.1417587 0.1228446 0.1404433 0.1453843 0.1584802 0.0210872 0.1273551 0.1104083 0.1021947 0.1360370 0.1011984 0.1557887 0.1306204 0.0700977 0.1034501 0.0615481 0.1523419 
Dasyuridae_Sarcophilus_harrisii              0.0644952 0.1256510 0.0943480 0.1034580 0.1094019 0.0247505 0.0883154 0.0907041 0.1113978 0.0916519 0.1154027 0.0649548 0.0429561 0.0903376 0.0948558 0.0700031 0.0000000 0.0408016 0.1055222 0.0951784 0.1016742 0.1150884 0.1236635 0.0701155 0.0961955 0.0795356 0.1119749 0.1005416 0.0708870 0.1225984 0.1010035 0.0630605 0.0886755 0.0153303 0.1140143 
Dasyuridae_Planigale_tenuirostris            0.0549934 0.1178296 0.0910718 0.0966057 0.1014351 0.0375849 0.0852949 0.0877394 0.0999285 0.0890199 0.1271542 0.0804709 0.0308263 0.0896640 0.1005356 0.0813298 0.0408016 0.0000000 0.1088790 0.0800963 0.0924323 0.0995228 0.0975326 0.0784646 0.0873755 0.0738937 0.1227760 0.0923193 0.0655255 0.1083908 0.0950199 0.0633518 0.0873638 0.0266750 0.1147722 
Peramelidae_Echymipera_kalubu                0.0784604 0.1144408 0.0837082 0.0904451 0.0936162 0.1064624 0.0786309 0.0819140 0.0970387 0.0683432 0.1194148 0.1325624 0.0995518 0.0812325 0.0869307 0.1417587 0.1055222 0.1088790 0.0000000 0.0791112 0.0890667 0.1085371 0.1099181 0.1383295 0.0827176 0.0679166 0.1116839 0.0873284 0.0708059 0.1095121 0.0878780 0.0827282 0.0249912 0.0927578 0.0364348 
Macropodidae_Dorcopsulus_vanheurni           0.0579957 0.0896443 0.0608877 0.0244200 0.0243395 0.0880298 0.0502396 0.0505914 0.0266754 0.0854047 0.0847289 0.1187711 0.0783284 0.0513840 0.0639896 0.1228446 0.0951784 0.0800963 0.0791112 0.0000000 0.0571514 0.0809417 0.0827621 0.1168345 0.0349410 0.0572185 0.0846405 0.0125103 0.0483697 0.0757134 0.0664497 0.0577183 0.0718676 0.0813169 0.0766592 
Pseudochiridae_Pseudochirulus_forbesi        0.0680098 0.1010446 0.0664300 0.0665796 0.0733312 0.0854909 0.0549880 0.0609346 0.0755145 0.1008840 0.0981601 0.1330426 0.0909849 0.0608023 0.0643377 0.1404433 0.1016742 0.0924323 0.0890667 0.0571514 0.0000000 0.0999223 0.1045668 0.1432332 0.0615713 0.0597758 0.0713109 0.0643060 0.0178456 0.0756262 0.0633597 0.0660410 0.0824156 0.0837306 0.0900573 
Didelphidae_Didelphis_virginiana             0.0882481 0.1163145 0.0858564 0.0880220 0.0985385 0.0994813 0.0876891 0.0892671 0.1028034 0.1185116 0.1304989 0.1443872 0.0978457 0.0863126 0.0968770 0.1453843 0.1150884 0.0995228 0.1085371 0.0809417 0.0999223 0.0000000 0.0547981 0.1470263 0.0865489 0.0682841 0.1257121 0.0858185 0.0803548 0.1191155 0.0939386 0.0900905 0.0934756 0.0949800 0.1095339 
Marmosidae_Monodelphis_domestica             0.1103570 0.1256696 0.0992017 0.0989902 0.1027073 0.1105037 0.0986869 0.0999138 0.1093990 0.1287727 0.1442084 0.1545204 0.1124120 0.1003202 0.1026953 0.1584802 0.1236635 0.0975326 0.1099181 0.0827621 0.1045668 0.0547981 0.0000000 0.1567010 0.1013635 0.0695699 0.1421403 0.1069138 0.0867291 0.1213690 0.1038985 0.1076280 0.1085274 0.0987762 0.1189703 
Dasyuridae_Antechinus_stuartii               0.0655778 0.1393265 0.1228648 0.1308537 0.1360118 0.0749837 0.1143197 0.1196970 0.1386720 0.0906862 0.0933043 0.0245414 0.0569018 0.1206303 0.1314234 0.0210872 0.0701155 0.0784646 0.1383295 0.1168345 0.1432332 0.1470263 0.1567010 0.0000000 0.1226349 0.1069477 0.1000737 0.1283182 0.0952172 0.1528177 0.1290663 0.0695220 0.0977512 0.0606942 0.1523806 
Hypsiprymnodontidae_Hypsiprymnodon_moschatus 0.0548081 0.1051573 0.0578057 0.0370360 0.0432263 0.0798520 0.0503360 0.0512394 0.0470838 0.1019253 0.0849033 0.1214114 0.0904850 0.0540425 0.0596414 0.1273551 0.0961955 0.0873755 0.0827176 0.0349410 0.0615713 0.0865489 0.1013635 0.1226349 0.0000000 0.0576347 0.0905747 0.0326801 0.0515029 0.0942388 0.0598734 0.0586025 0.0726033 0.0790408 0.0885394 
Microbiotheriidae_Dromiciops_gliroides       0.0577486 0.0762583 0.0573984 0.0590033 0.0605845 0.0722229 0.0515234 0.0542342 0.0622658 0.0645217 0.0897294 0.1063786 0.0614450 0.0515223 0.0615074 0.1104083 0.0795356 0.0738937 0.0679166 0.0572185 0.0597758 0.0682841 0.0695699 0.1069477 0.0576347 0.0000000 0.0836179 0.0551363 0.0494592 0.0711702 0.0637945 0.0542143 0.0588055 0.0667256 0.0664390 
Pseudochiridae_Petauroides_volans            0.0618072 0.1040176 0.0920542 0.1004989 0.1054383 0.1114126 0.0824299 0.0898987 0.1067745 0.0890852 0.0728930 0.0993345 0.0927256 0.0856972 0.0905554 0.1021947 0.1119749 0.1227760 0.1116839 0.0846405 0.0713109 0.1257121 0.1421403 0.1000737 0.0905747 0.0836179 0.0000000 0.0962868 0.0417238 0.0973822 0.0936796 0.0656814 0.0753332 0.1028087 0.1187059 
Macropodidae_Wallabia_bicolor                0.0607852 0.1011503 0.0610557 0.0222401 0.0242014 0.0894254 0.0481764 0.0521554 0.0261781 0.0964942 0.0899083 0.1321949 0.0896439 0.0516351 0.0678693 0.1360370 0.1005416 0.0923193 0.0873284 0.0125103 0.0643060 0.0858185 0.1069138 0.1283182 0.0326801 0.0551363 0.0962868 0.0000000 0.0491742 0.0945989 0.0672908 0.0610295 0.0736093 0.0858715 0.0856061 
Pseudochiridae_Pseudocheirus_occidentalis    0.0566618 0.0868742 0.0550093 0.0545194 0.0611146 0.0661808 0.0465564 0.0506028 0.0618149 0.0801489 0.0648481 0.0954879 0.0736895 0.0515111 0.0486381 0.1011984 0.0708870 0.0655255 0.0708059 0.0483697 0.0178456 0.0803548 0.0867291 0.0952172 0.0515029 0.0494592 0.0417238 0.0491742 0.0000000 0.0605222 0.0533313 0.0563292 0.0661530 0.0612608 0.0706054 
Tarsipedidae_Tarsipes_rostratus              0.0907469 0.1277357 0.0848528 0.0934259 0.0982483 0.1135667 0.0822021 0.0825233 0.0971100 0.1179411 0.1123572 0.1518852 0.1079552 0.0817688 0.0866986 0.1557887 0.1225984 0.1083908 0.1095121 0.0757134 0.0756262 0.1191155 0.1213690 0.1528177 0.0942388 0.0711702 0.0973822 0.0945989 0.0605222 0.0000000 0.0899051 0.0839737 0.1043360 0.1069248 0.1113789 
Acrobatidae_Distoechurus_pennatus            0.0694945 0.1113128 0.0632058 0.0712095 0.0742293 0.0882188 0.0557947 0.0562688 0.0758353 0.1045130 0.0946918 0.1291107 0.0915838 0.0581625 0.0374839 0.1306204 0.1010035 0.0950199 0.0878780 0.0664497 0.0633597 0.0939386 0.1038985 0.1290663 0.0598734 0.0637945 0.0936796 0.0672908 0.0533313 0.0899051 0.0000000 0.0581339 0.0781694 0.0871811 0.0939855 
Phalangeridae_Phalanger_carmelitae           0.0394045 0.1099975 0.0557421 0.0658707 0.0681538 0.0597981 0.0277324 0.0219613 0.0674944 0.0652074 0.0273417 0.0771473 0.0648424 0.0166491 0.0561665 0.0700977 0.0630605 0.0633518 0.0827282 0.0577183 0.0660410 0.0900905 0.1076280 0.0695220 0.0586025 0.0542143 0.0656814 0.0610295 0.0563292 0.0839737 0.0581339 0.0000000 0.0741277 0.0567675 0.0801601 
Peramelidae_Peroryctes_raffrayana            0.0675867 0.1061802 0.0715883 0.0789520 0.0827025 0.0882580 0.0647385 0.0683751 0.0824782 0.0441666 0.0745716 0.0992721 0.0951006 0.0685435 0.0763080 0.1034501 0.0886755 0.0873638 0.0249912 0.0718676 0.0824156 0.0934756 0.1085274 0.0977512 0.0726033 0.0588055 0.0753332 0.0736093 0.0661530 0.1043360 0.0781694 0.0741277 0.0000000 0.0779128 0.0328056 
Dasyuridae_Dasyurus_geffroii                 0.0565294 0.1085055 0.0820513 0.0891970 0.0912927 0.0165688 0.0764290 0.0779381 0.0930709 0.0759628 0.1074446 0.0565207 0.0312236 0.0770772 0.0869499 0.0615481 0.0153303 0.0266750 0.0927578 0.0813169 0.0837306 0.0949800 0.0987762 0.0606942 0.0790408 0.0667256 0.1028087 0.0858715 0.0612608 0.1069248 0.0871811 0.0567675 0.0779128 0.0000000 0.0956556 
Peramelidae_Perameles_gunnii                 0.0819284 0.1112677 0.0890644 0.0869121 0.0981312 0.1033743 0.0826804 0.0825769 0.0955245 0.0252459 0.1141026 0.1397764 0.0962393 0.0801856 0.0955169 0.1523419 0.1140143 0.1147722 0.0364348 0.0766592 0.0900573 0.1095339 0.1189703 0.1523806 0.0885394 0.0664390 0.1187059 0.0856061 0.0706054 0.1113789 0.0939855 0.0801601 0.0328056 0.0956556 0.0000000 
