35
Burramyidae_Burramys_parvus                  0.0000000 0.0795125 0.0751113 0.0738087 0.0709557 0.1096066 0.0575120 0.0641679 0.0720170 0.1130533 0.0615705 0.1095847 0.1134531 0.0665195 0.0677845 0.1096434 0.1127815 0.1234173 0.1081933 0.0659643 0.0725096 0.1057395 0.1057052 0.1034493 0.0622699 0.0834299 0.0727265 0.0639614 0.0785946 0.1040947 0.0751960 0.0688364 0.1160149 0.1097805 0.1117670 
Notoryctidae_Notoryctes_typhlops             0.0795125 0.0000000 0.0898198 0.0975656 0.0933974 0.1315139 0.0809273 0.0869562 0.0950958 0.1141825 0.0835320 0.1270608 0.1319317 0.0886184 0.0907168 0.1272344 0.1314181 0.1421532 0.1115597 0.0917773 0.0978533 0.1158895 0.1167531 0.1247913 0.0845224 0.0980202 0.0938993 0.0886200 0.0942865 0.1251573 0.0931474 0.0907248 0.1158994 0.1318443 0.1169859 
Vombatidae_Lasiorhinus_latifrons             0.0751113 0.0898198 0.0000000 0.0891542 0.0852261 0.1256384 0.0753640 0.0806060 0.0882303 0.1241350 0.0777303 0.1251886 0.1323321 0.0836461 0.0848791 0.1253603 0.1295993 0.1445929 0.1174913 0.0833670 0.0926816 0.1222923 0.1159744 0.1192185 0.0754642 0.0983753 0.0885574 0.0787128 0.0938314 0.1140456 0.0872744 0.0847434 0.1282451 0.1282974 0.1256623 
Potoroidae_Bettongia_penicillata             0.0738087 0.0975656 0.0891542 0.0000000 0.0069134 0.1243401 0.0725131 0.0763552 0.0202196 0.1215784 0.0758639 0.1254641 0.1312212 0.0810197 0.0805349 0.1255469 0.1248376 0.1390974 0.1179210 0.0305885 0.0886380 0.1239121 0.1171141 0.1213615 0.0512115 0.0953926 0.0809226 0.0295182 0.0909197 0.1092990 0.0864842 0.0825742 0.1304701 0.1230781 0.1237186 
Potoroidae_Bettongia_lesueur                 0.0709557 0.0933974 0.0852261 0.0069134 0.0000000 0.1213693 0.0688470 0.0726622 0.0177849 0.1200168 0.0721613 0.1227307 0.1286936 0.0772761 0.0763223 0.1228958 0.1218518 0.1364712 0.1145725 0.0269977 0.0848060 0.1195878 0.1137705 0.1189039 0.0477672 0.0917713 0.0771589 0.0262911 0.0850264 0.1071030 0.0830089 0.0788214 0.1248978 0.1201235 0.1221454 
Dasyuridae_Dasyurus_maculatus                0.1096066 0.1315139 0.1256384 0.1243401 0.1213693 0.0000000 0.1125609 0.1192576 0.1254752 0.1601300 0.1142543 0.0299366 0.0418946 0.1205107 0.1177244 0.0299698 0.0079660 0.0478130 0.1541605 0.1179896 0.1328511 0.1441875 0.1478213 0.0277386 0.1153458 0.1239289 0.1253262 0.1176125 0.1351445 0.1547643 0.1249740 0.1210451 0.1656205 0.0052546 0.1581180 
Phalangeridae_Trichosurus_vulpecula          0.0575120 0.0809273 0.0753640 0.0725131 0.0688470 0.1125609 0.0000000 0.0251740 0.0717411 0.1135605 0.0227751 0.1114682 0.1151102 0.0276103 0.0730779 0.1111059 0.1142210 0.1264761 0.1051483 0.0654780 0.0791530 0.1069782 0.1088124 0.1067774 0.0636123 0.0878703 0.0757104 0.0636021 0.0813722 0.1063143 0.0755052 0.0290020 0.1136830 0.1114066 0.1127633 
Phalangeridae_Spilocuscus_maculatus          0.0641679 0.0869562 0.0806060 0.0763552 0.0726622 0.1192576 0.0251740 0.0000000 0.0785918 0.1167243 0.0143680 0.1164381 0.1206506 0.0198555 0.0757821 0.1174551 0.1203007 0.1324874 0.1091154 0.0723176 0.0849439 0.1135647 0.1125371 0.1102746 0.0688955 0.0902441 0.0817281 0.0695464 0.0847677 0.1102103 0.0805803 0.0205007 0.1185325 0.1189451 0.1163513 
Potoroidae_Aepyprymnus_rufescens             0.0720170 0.0950958 0.0882303 0.0202196 0.0177849 0.1254752 0.0717411 0.0785918 0.0000000 0.1207823 0.0759694 0.1273564 0.1309183 0.0815058 0.0769692 0.1275293 0.1269231 0.1387590 0.1170837 0.0313545 0.0841612 0.1219685 0.1165912 0.1206462 0.0505287 0.0960558 0.0811133 0.0295719 0.0865508 0.1136758 0.0839282 0.0830625 0.1271698 0.1246729 0.1248558 
Peramelidae_Perameles_nasuta                 0.1130533 0.1141825 0.1241350 0.1215784 0.1200168 0.1601300 0.1135605 0.1167243 0.1207823 0.0000000 0.1147312 0.1634047 0.1620489 0.1176825 0.1249775 0.1621206 0.1620285 0.1737448 0.0227713 0.1183987 0.1314990 0.1481913 0.1425615 0.1560805 0.1126212 0.1274583 0.1299641 0.1157027 0.1279213 0.1565785 0.1278706 0.1180130 0.0271431 0.1615602 0.0071559 
Phalangeridae_Strigocuscus_pelengensis       0.0615705 0.0835320 0.0777303 0.0758639 0.0721613 0.1142543 0.0227751 0.0143680 0.0759694 0.1147312 0.0000000 0.1137718 0.1170767 0.0154038 0.0768903 0.1139227 0.1147935 0.1312022 0.1058460 0.0692702 0.0830955 0.1105691 0.1104643 0.1076727 0.0646568 0.0882670 0.0804627 0.0665118 0.0841987 0.1077877 0.0796574 0.0157221 0.1160279 0.1134910 0.1134910 
Dasyuridae_Phascogale_tapoatafa              0.1095847 0.1270608 0.1251886 0.1254641 0.1227307 0.0299366 0.1114682 0.1164381 0.1273564 0.1634047 0.1137718 0.0000000 0.0356074 0.1203954 0.1204407 0.0045873 0.0290360 0.0487382 0.1560443 0.1195024 0.1306134 0.1393754 0.1474629 0.0135274 0.1150223 0.1206021 0.1238810 0.1190251 0.1329995 0.1515734 0.1284119 0.1209294 0.1661229 0.0298959 0.1616452 
Dasyuridae_Sminthopsis_macroura              0.1134531 0.1319317 0.1323321 0.1312212 0.1286936 0.0418946 0.1151102 0.1206506 0.1309183 0.1620489 0.1170767 0.0356074 0.0000000 0.1237634 0.1188128 0.0370982 0.0414437 0.0425140 0.1551534 0.1241296 0.1349431 0.1454496 0.1517950 0.0338322 0.1217500 0.1261802 0.1283754 0.1217495 0.1367361 0.1587714 0.1300890 0.1243038 0.1663380 0.0410941 0.1596326 
Phalangeridae_Phalanger_orientalis           0.0665195 0.0886184 0.0836461 0.0810197 0.0772761 0.1205107 0.0276103 0.0198555 0.0815058 0.1176825 0.0154038 0.1203954 0.1237634 0.0000000 0.0798245 0.1205494 0.1224883 0.1376442 0.1110082 0.0752007 0.0848277 0.1150949 0.1124325 0.1147913 0.0697010 0.0930250 0.0816561 0.0740174 0.0855739 0.1121008 0.0814017 0.0065675 0.1205678 0.1211125 0.1169042 
Acrobatidae_Acrobates_pygmaeus               0.0677845 0.0907168 0.0848791 0.0805349 0.0763223 0.1177244 0.0730779 0.0757821 0.0769692 0.1249775 0.0768903 0.1204407 0.1188128 0.0798245 0.0000000 0.1205142 0.1200095 0.1250228 0.1173507 0.0713635 0.0702015 0.1168399 0.1148290 0.1141207 0.0678104 0.0927384 0.0677641 0.0715830 0.0682924 0.1029164 0.0502464 0.0816264 0.1257005 0.1158183 0.1214719 
Dasyuridae_Phascogale_calura                 0.1096434 0.1272344 0.1253603 0.1255469 0.1228958 0.0299698 0.1111059 0.1174551 0.1275293 0.1621206 0.1139227 0.0045873 0.0370982 0.1205494 0.1205142 0.0000000 0.0297888 0.0495404 0.1553110 0.1196629 0.1307915 0.1389965 0.1476713 0.0149106 0.1151358 0.1193523 0.1235813 0.1191849 0.1331500 0.1535198 0.1294849 0.1210910 0.1658434 0.0306458 0.1598883 
Dasyuridae_Sarcophilus_harrisii              0.1127815 0.1314181 0.1295993 0.1248376 0.1218518 0.0079660 0.1142210 0.1203007 0.1269231 0.1620285 0.1147935 0.0290360 0.0414437 0.1224883 0.1200095 0.0297888 0.0000000 0.0494557 0.1549615 0.1198989 0.1344013 0.1434868 0.1504187 0.0275616 0.1181605 0.1248330 0.1254229 0.1195211 0.1368949 0.1573828 0.1269839 0.1230279 0.1665343 0.0072852 0.1595147 
Dasyuridae_Planigale_tenuirostris            0.1234173 0.1421532 0.1445929 0.1390974 0.1364712 0.0478130 0.1264761 0.1324874 0.1387590 0.1737448 0.1312022 0.0487382 0.0425140 0.1376442 0.1250228 0.0495404 0.0494557 0.0000000 0.1673966 0.1321433 0.1428687 0.1585847 0.1664122 0.0486100 0.1280666 0.1369630 0.1347225 0.1289104 0.1443586 0.1662387 0.1383943 0.1378877 0.1807804 0.0489438 0.1685072 
Peramelidae_Echymipera_kalubu                0.1081933 0.1115597 0.1174913 0.1179210 0.1145725 0.1541605 0.1051483 0.1091154 0.1170837 0.0227713 0.1058460 0.1560443 0.1551534 0.1110082 0.1173507 0.1553110 0.1549615 0.1673966 0.0000000 0.1121079 0.1244665 0.1412064 0.1356033 0.1488436 0.1047404 0.1171451 0.1187419 0.1100024 0.1231038 0.1496179 0.1219362 0.1108838 0.0184660 0.1550802 0.0221139 
Macropodidae_Dorcopsulus_vanheurni           0.0659643 0.0917773 0.0833670 0.0305885 0.0269977 0.1179896 0.0654780 0.0723176 0.0313545 0.1183987 0.0692702 0.1195024 0.1241296 0.0752007 0.0713635 0.1196629 0.1198989 0.1321433 0.1121079 0.0000000 0.0812120 0.1178640 0.1136074 0.1145805 0.0467276 0.0927204 0.0760555 0.0109985 0.0819992 0.1035528 0.0798738 0.0775547 0.1223306 0.1181021 0.1191440 
Pseudochiridae_Pseudochirulus_forbesi        0.0725096 0.0978533 0.0926816 0.0886380 0.0848060 0.1328511 0.0791530 0.0849439 0.0841612 0.1314990 0.0830955 0.1306134 0.1349431 0.0848277 0.0702015 0.1307915 0.1344013 0.1428687 0.1244665 0.0812120 0.0000000 0.1264957 0.1244156 0.1275239 0.0773522 0.1067582 0.0490283 0.0780898 0.0243236 0.0888328 0.0768187 0.0890282 0.1386022 0.1314280 0.1313903 
Didelphidae_Didelphis_virginiana             0.1057395 0.1158895 0.1222923 0.1239121 0.1195878 0.1441875 0.1069782 0.1135647 0.1219685 0.1481913 0.1105691 0.1393754 0.1454496 0.1150949 0.1168399 0.1389965 0.1434868 0.1585847 0.1412064 0.1178640 0.1264957 0.0000000 0.0458313 0.1344154 0.1105687 0.1181824 0.1206095 0.1141800 0.1256246 0.1575377 0.1237263 0.1159546 0.1504824 0.1434576 0.1465507 
Marmosidae_Monodelphis_domestica             0.1057052 0.1167531 0.1159744 0.1171141 0.1137705 0.1478213 0.1088124 0.1125371 0.1165912 0.1425615 0.1104643 0.1474629 0.1517950 0.1124325 0.1148290 0.1476713 0.1504187 0.1664122 0.1356033 0.1136074 0.1244156 0.0458313 0.0000000 0.1397744 0.1051871 0.1129917 0.1189529 0.1114041 0.1243482 0.1511391 0.1224156 0.1132838 0.1451087 0.1499062 0.1391243 
Dasyuridae_Antechinus_stuartii               0.1034493 0.1247913 0.1192185 0.1213615 0.1189039 0.0277386 0.1067774 0.1102746 0.1206462 0.1560805 0.1076727 0.0135274 0.0338322 0.1147913 0.1141207 0.0149106 0.0275616 0.0486100 0.1488436 0.1145805 0.1275239 0.1344154 0.1397744 0.0000000 0.1097991 0.1194493 0.1204615 0.1138498 0.1283286 0.1462115 0.1222676 0.1147634 0.1595000 0.0277006 0.1532375 
Hypsiprymnodontidae_Hypsiprymnodon_moschatus 0.0622699 0.0845224 0.0754642 0.0512115 0.0477672 0.1153458 0.0636123 0.0688955 0.0505287 0.1126212 0.0646568 0.1150223 0.1217500 0.0697010 0.0678104 0.1151358 0.1181605 0.1280666 0.1047404 0.0467276 0.0773522 0.1105687 0.1051871 0.1097991 0.0000000 0.0880944 0.0739398 0.0452579 0.0804098 0.1000846 0.0746713 0.0712311 0.1148673 0.1140339 0.1124659 
Microbiotheriidae_Dromiciops_gliroides       0.0834299 0.0980202 0.0983753 0.0953926 0.0917713 0.1239289 0.0878703 0.0902441 0.0960558 0.1274583 0.0882670 0.1206021 0.1261802 0.0930250 0.0927384 0.1193523 0.1248330 0.1369630 0.1171451 0.0927204 0.1067582 0.1181824 0.1129917 0.1194493 0.0880944 0.0000000 0.0976165 0.0914330 0.1067445 0.1354023 0.1020854 0.0932478 0.1271375 0.1242025 0.1262684 
Pseudochiridae_Petauroides_volans            0.0727265 0.0938993 0.0885574 0.0809226 0.0771589 0.1253262 0.0757104 0.0817281 0.0811133 0.1299641 0.0804627 0.1238810 0.1283754 0.0816561 0.0677641 0.1235813 0.1254229 0.1347225 0.1187419 0.0760555 0.0490283 0.1206095 0.1189529 0.1204615 0.0739398 0.0976165 0.0000000 0.0749353 0.0491682 0.0836097 0.0713737 0.0849025 0.1279743 0.1245448 0.1309685 
Macropodidae_Wallabia_bicolor                0.0639614 0.0886200 0.0787128 0.0295182 0.0262911 0.1176125 0.0636021 0.0695464 0.0295719 0.1157027 0.0665118 0.1190251 0.1217495 0.0740174 0.0715830 0.1191849 0.1195211 0.1289104 0.1100024 0.0109985 0.0780898 0.1141800 0.1114041 0.1138498 0.0452579 0.0914330 0.0749353 0.0000000 0.0804192 0.1029018 0.0778065 0.0739428 0.1204306 0.1177261 0.1163179 
Pseudochiridae_Pseudocheirus_occidentalis    0.0785946 0.0942865 0.0938314 0.0909197 0.0850264 0.1351445 0.0813722 0.0847677 0.0865508 0.1279213 0.0841987 0.1329995 0.1367361 0.0855739 0.0682924 0.1331500 0.1368949 0.1443586 0.1231038 0.0819992 0.0243236 0.1256246 0.1243482 0.1283286 0.0804098 0.1067445 0.0491682 0.0804192 0.0000000 0.0867698 0.0765922 0.0891971 0.1332003 0.1336061 0.1290588 
Tarsipedidae_Tarsipes_rostratus              0.1040947 0.1251573 0.1140456 0.1092990 0.1071030 0.1547643 0.1063143 0.1102103 0.1136758 0.1565785 0.1077877 0.1515734 0.1587714 0.1121008 0.1029164 0.1535198 0.1573828 0.1662387 0.1496179 0.1035528 0.0888328 0.1575377 0.1511391 0.1462115 0.1000846 0.1354023 0.0836097 0.1029018 0.0867698 0.0000000 0.0984352 0.1131967 0.1594933 0.1555353 0.1565116 
Acrobatidae_Distoechurus_pennatus            0.0751960 0.0931474 0.0872744 0.0864842 0.0830089 0.1249740 0.0755052 0.0805803 0.0839282 0.1278706 0.0796574 0.1284119 0.1300890 0.0814017 0.0502464 0.1294849 0.1269839 0.1383943 0.1219362 0.0798738 0.0768187 0.1237263 0.1224156 0.1222676 0.0746713 0.1020854 0.0713737 0.0778065 0.0765922 0.0984352 0.0000000 0.0821139 0.1322038 0.1226689 0.1271021 
Phalangeridae_Phalanger_carmelitae           0.0688364 0.0907248 0.0847434 0.0825742 0.0788214 0.1210451 0.0290020 0.0205007 0.0830625 0.1180130 0.0157221 0.1209294 0.1243038 0.0065675 0.0816264 0.1210910 0.1230279 0.1378877 0.1108838 0.0775547 0.0890282 0.1159546 0.1132838 0.1147634 0.0712311 0.0932478 0.0849025 0.0739428 0.0891971 0.1131967 0.0821139 0.0000000 0.1209083 0.1207273 0.1172358 
Peramelidae_Peroryctes_raffrayana            0.1160149 0.1158994 0.1282451 0.1304701 0.1248978 0.1656205 0.1136830 0.1185325 0.1271698 0.0271431 0.1160279 0.1661229 0.1663380 0.1205678 0.1257005 0.1658434 0.1665343 0.1807804 0.0184660 0.1223306 0.1386022 0.1504824 0.1451087 0.1595000 0.1148673 0.1271375 0.1279743 0.1204306 0.1332003 0.1594933 0.1322038 0.1209083 0.0000000 0.1665939 0.0278257 
Dasyuridae_Dasyurus_geffroii                 0.1097805 0.1318443 0.1282974 0.1230781 0.1201235 0.0052546 0.1114066 0.1189451 0.1246729 0.1615602 0.1134910 0.0298959 0.0410941 0.1211125 0.1158183 0.0306458 0.0072852 0.0489438 0.1550802 0.1181021 0.1314280 0.1434576 0.1499062 0.0277006 0.1140339 0.1242025 0.1245448 0.1177261 0.1336061 0.1555353 0.1226689 0.1207273 0.1665939 0.0000000 0.1595497 
Peramelidae_Perameles_gunnii                 0.1117670 0.1169859 0.1256623 0.1237186 0.1221454 0.1581180 0.1127633 0.1163513 0.1248558 0.0071559 0.1134910 0.1616452 0.1596326 0.1169042 0.1214719 0.1598883 0.1595147 0.1685072 0.0221139 0.1191440 0.1313903 0.1465507 0.1391243 0.1532375 0.1124659 0.1262684 0.1309685 0.1163179 0.1290588 0.1565116 0.1271021 0.1172358 0.0278257 0.1595497 0.0000000 
