35
Burramyidae_Burramys_parvus                  0.0000000 0.0989330 0.0747487 0.1052004 0.1031861 0.1088240 0.0572378 0.0837517 0.1068977 0.1130457 0.0797961 0.1065545 0.1195819 0.0927133 0.0530205 0.1045363 0.1142957 0.1033553 0.1307821 0.1021000 0.0825030 0.1092302 0.1223047 0.1044196 0.1277074 0.1078384 0.0819495 0.1262123 0.0868320 0.1521097 0.0841515 0.0702778 0.1417974 0.1138757 0.1150986 
Notoryctidae_Notoryctes_typhlops             0.0989330 0.0000000 0.1469986 0.1788930 0.1849383 0.1645834 0.1432635 0.1471444 0.1819467 0.1672802 0.1358062 0.1568040 0.1680155 0.1559581 0.1294616 0.1577050 0.1662807 0.1560033 0.2012358 0.1699185 0.1369451 0.1557132 0.1776027 0.1588154 0.1928535 0.1503004 0.1385386 0.1938183 0.1378260 0.2085617 0.1487634 0.1481577 0.1872155 0.1695410 0.1660174 
Vombatidae_Lasiorhinus_latifrons             0.0747487 0.1469986 0.0000000 0.0857881 0.0829120 0.0973667 0.0817657 0.0680088 0.0892733 0.0938133 0.0678715 0.0966021 0.1058610 0.0794594 0.0687071 0.0943849 0.1017682 0.0926959 0.1121741 0.0846513 0.0666219 0.1000523 0.1191327 0.0936967 0.1091990 0.0892724 0.0617456 0.1051484 0.0636188 0.1121752 0.0742883 0.0900759 0.1095263 0.1013787 0.0990717 
Potoroidae_Bettongia_penicillata             0.1052004 0.1788930 0.0857881 0.0000000 0.0101422 0.1131739 0.0991450 0.0837817 0.0296828 0.1057680 0.0848540 0.1194891 0.1264930 0.0952241 0.0954681 0.1171133 0.1162607 0.1125053 0.1205447 0.0431483 0.0809874 0.1208930 0.1363233 0.1165116 0.0966989 0.1057188 0.0799739 0.0719819 0.0789352 0.1288633 0.0948710 0.1073443 0.1069631 0.1191066 0.1110918 
Potoroidae_Bettongia_lesueur                 0.1031861 0.1849383 0.0829120 0.0101422 0.0000000 0.1023599 0.0886454 0.0782844 0.0189558 0.1007304 0.0815922 0.1114146 0.1189997 0.0873745 0.0941590 0.1079573 0.1057049 0.1051189 0.1053525 0.0463871 0.0773217 0.1144397 0.1381292 0.1062822 0.0961748 0.0970161 0.0735020 0.0724872 0.0735837 0.1251702 0.0890145 0.0983466 0.0990375 0.1089509 0.1053181 
Dasyuridae_Dasyurus_maculatus                0.1088240 0.1645834 0.0973667 0.1131739 0.1023599 0.0000000 0.1192321 0.1046431 0.1204951 0.1117180 0.0981474 0.0253662 0.0318841 0.1124250 0.1080295 0.0230118 0.0103689 0.0247591 0.1292042 0.1136353 0.0922719 0.1208308 0.1313657 0.0220574 0.1368254 0.1110814 0.0913433 0.1400051 0.0876508 0.1567358 0.1025940 0.1349798 0.1172425 0.0062371 0.1163033 
Phalangeridae_Trichosurus_vulpecula          0.0572378 0.1432635 0.0817657 0.0991450 0.0886454 0.1192321 0.0000000 0.0262266 0.0932343 0.0983220 0.0176354 0.1158259 0.1235454 0.0323408 0.0662934 0.1113874 0.1203568 0.1135603 0.1230530 0.0943335 0.0773305 0.1049689 0.1258592 0.1117376 0.1109853 0.1145333 0.0718985 0.1245494 0.0712114 0.1100853 0.0828385 0.0313987 0.0963404 0.1240977 0.1047299 
Phalangeridae_Spilocuscus_maculatus          0.0837517 0.1471444 0.0680088 0.0837817 0.0782844 0.1046431 0.0262266 0.0000000 0.0853459 0.0894214 0.0142211 0.1055016 0.1089942 0.0211940 0.0670607 0.1031791 0.1069342 0.0987438 0.1128558 0.0861617 0.0673264 0.1062407 0.1309058 0.1012299 0.1104897 0.0932413 0.0639705 0.1084136 0.0610543 0.1081207 0.0749666 0.0228574 0.1064983 0.1113033 0.0991167 
Potoroidae_Aepyprymnus_rufescens             0.1068977 0.1819467 0.0892733 0.0296828 0.0189558 0.1204951 0.0932343 0.0853459 0.0000000 0.1102915 0.0825325 0.1215311 0.1292952 0.0946769 0.0982857 0.1183282 0.1237129 0.1148292 0.1087566 0.0458134 0.0853132 0.1258881 0.1365018 0.1186035 0.0959788 0.1078443 0.0811309 0.0548101 0.0888085 0.1447966 0.0962881 0.1115427 0.1275689 0.1266371 0.1131128 
Peramelidae_Perameles_nasuta                 0.1130457 0.1672802 0.0938133 0.1057680 0.1007304 0.1117180 0.0983220 0.0894214 0.1102915 0.0000000 0.0921923 0.1141186 0.1195973 0.0977646 0.0984345 0.1105173 0.1167008 0.1072132 0.0352424 0.1033643 0.0872859 0.1146364 0.1312565 0.1124680 0.1371384 0.1192043 0.0903929 0.1306539 0.0973605 0.1495612 0.0977622 0.0991649 0.0361647 0.1130828 0.0000010 
Phalangeridae_Strigocuscus_pelengensis       0.0797961 0.1358062 0.0678715 0.0848540 0.0815922 0.0981474 0.0176354 0.0142211 0.0825325 0.0921923 0.0000000 0.0992293 0.1025880 0.0178628 0.0580979 0.0969449 0.0996900 0.0908930 0.1129634 0.0807483 0.0617947 0.1020735 0.1245408 0.0935153 0.0977854 0.0954451 0.0591428 0.0992819 0.0563974 0.1048866 0.0661702 0.0165111 0.1082713 0.1041353 0.0976394 
Dasyuridae_Phascogale_tapoatafa              0.1065545 0.1568040 0.0966021 0.1194891 0.1114146 0.0253662 0.1158259 0.1055016 0.1215311 0.1141186 0.0992293 0.0000000 0.0297556 0.1162087 0.1091799 0.0032267 0.0316905 0.0215881 0.1270084 0.1136236 0.0936861 0.1226273 0.1331404 0.0110366 0.1377022 0.1092460 0.0958676 0.1381425 0.0899001 0.1564021 0.1031978 0.1339315 0.1226994 0.0296388 0.1199246 
Dasyuridae_Sminthopsis_macroura              0.1195819 0.1680155 0.1058610 0.1264930 0.1189997 0.0318841 0.1235454 0.1089942 0.1292952 0.1195973 0.1025880 0.0297556 0.0000000 0.1160682 0.1161671 0.0274090 0.0334488 0.0206023 0.1334114 0.1187233 0.1012393 0.1259980 0.1386460 0.0246822 0.1429828 0.1165056 0.1037553 0.1471798 0.0931335 0.1621152 0.1119765 0.1361420 0.1226353 0.0350618 0.1234905 
Phalangeridae_Phalanger_orientalis           0.0927133 0.1559581 0.0794594 0.0952241 0.0873745 0.1124250 0.0323408 0.0211940 0.0946769 0.0977646 0.0178628 0.1162087 0.1160682 0.0000000 0.0757690 0.1132024 0.1123003 0.1077799 0.1219119 0.0935192 0.0763443 0.1160594 0.1375826 0.1099733 0.1182762 0.1017677 0.0747897 0.1168331 0.0708224 0.1141389 0.0804789 0.0119817 0.1132694 0.1182683 0.1080210 
Acrobatidae_Acrobates_pygmaeus               0.0530205 0.1294616 0.0687071 0.0954681 0.0941590 0.1080295 0.0662934 0.0670607 0.0982857 0.0984345 0.0580979 0.1091799 0.1161671 0.0757690 0.0000000 0.1049555 0.1124319 0.1057756 0.1337968 0.0905952 0.0555222 0.1030491 0.1193042 0.1033010 0.1073995 0.1042177 0.0536533 0.1267989 0.0538027 0.0820477 0.0550347 0.0783750 0.0899031 0.1125078 0.1013094 
Dasyuridae_Phascogale_calura                 0.1045363 0.1577050 0.0943849 0.1171133 0.1079573 0.0230118 0.1113874 0.1031791 0.1183282 0.1105173 0.0969449 0.0032267 0.0274090 0.1132024 0.1049555 0.0000000 0.0292819 0.0190911 0.1233829 0.1105617 0.0907784 0.1187450 0.1294098 0.0088100 0.1358511 0.1074489 0.0923051 0.1353965 0.0851601 0.1505435 0.1001954 0.1305651 0.1174203 0.0272571 0.1167922 
Dasyuridae_Sarcophilus_harrisii              0.1142957 0.1662807 0.1017682 0.1162607 0.1057049 0.0103689 0.1203568 0.1069342 0.1237129 0.1167008 0.0996900 0.0316905 0.0334488 0.1123003 0.1124319 0.0292819 0.0000000 0.0277178 0.1327956 0.1159266 0.0935782 0.1239176 0.1335937 0.0264736 0.1411166 0.1133797 0.0949848 0.1431080 0.0895166 0.1563269 0.1104432 0.1353168 0.1202531 0.0133360 0.1196666 
Dasyuridae_Planigale_tenuirostris            0.1033553 0.1560033 0.0926959 0.1125053 0.1051189 0.0247591 0.1135603 0.0987438 0.1148292 0.1072132 0.0908930 0.0215881 0.0206023 0.1077799 0.1057756 0.0190911 0.0277178 0.0000000 0.1247735 0.1058605 0.0863281 0.1180218 0.1291068 0.0185936 0.1317242 0.1023283 0.0864999 0.1341756 0.0804602 0.1554723 0.1007381 0.1306703 0.1160863 0.0294901 0.1138138 
Peramelidae_Echymipera_kalubu                0.1307821 0.2012358 0.1121741 0.1205447 0.1053525 0.1292042 0.1230530 0.1128558 0.1087566 0.0352424 0.1129634 0.1270084 0.1334114 0.1219119 0.1337968 0.1233829 0.1327956 0.1247735 0.0000000 0.1224546 0.0999048 0.1245217 0.1480189 0.1266684 0.1534324 0.1317988 0.1029496 0.1416546 0.1122728 0.1827775 0.1168338 0.1427406 0.0400885 0.1342606 0.0350434 
Macropodidae_Dorcopsulus_vanheurni           0.1021000 0.1699185 0.0846513 0.0431483 0.0463871 0.1136353 0.0943335 0.0861617 0.0458134 0.1033643 0.0807483 0.1136236 0.1187233 0.0935192 0.0905952 0.1105617 0.1159266 0.1058605 0.1224546 0.0000000 0.0791944 0.1216377 0.1279344 0.1125130 0.0947813 0.1022276 0.0782085 0.0550572 0.0710932 0.1141338 0.0945179 0.1068197 0.1003015 0.1202822 0.1093010 
Pseudochiridae_Pseudochirulus_forbesi        0.0825030 0.1369451 0.0666219 0.0809874 0.0773217 0.0922719 0.0773305 0.0673264 0.0853132 0.0872859 0.0617947 0.0936861 0.1012393 0.0763443 0.0555222 0.0907784 0.0935782 0.0863281 0.0999048 0.0791944 0.0000000 0.0985437 0.1144018 0.0882919 0.0991955 0.0874364 0.0284786 0.1028955 0.0180045 0.0967933 0.0602762 0.0868455 0.0998766 0.0979628 0.0895322 
Didelphidae_Didelphis_virginiana             0.1092302 0.1557132 0.1000523 0.1208930 0.1144397 0.1208308 0.1049689 0.1062407 0.1258881 0.1146364 0.1020735 0.1226273 0.1259980 0.1160594 0.1030491 0.1187450 0.1239176 0.1180218 0.1245217 0.1216377 0.0985437 0.0000000 0.0576796 0.1190150 0.1483025 0.1045251 0.0922865 0.1494222 0.0999277 0.1738119 0.1097844 0.1262875 0.1504873 0.1294739 0.1111514 
Marmosidae_Monodelphis_domestica             0.1223047 0.1776027 0.1191327 0.1363233 0.1381292 0.1313657 0.1258592 0.1309058 0.1365018 0.1312565 0.1245408 0.1331404 0.1386460 0.1375826 0.1193042 0.1294098 0.1335937 0.1291068 0.1480189 0.1279344 0.1144018 0.0576796 0.0000000 0.1302514 0.1566050 0.1227318 0.1118177 0.1528788 0.1072826 0.1717532 0.1328696 0.1395176 0.1415215 0.1381341 0.1395899 
Dasyuridae_Antechinus_stuartii               0.1044196 0.1588154 0.0936967 0.1165116 0.1062822 0.0220574 0.1117376 0.1012299 0.1186035 0.1124680 0.0935153 0.0110366 0.0246822 0.1099733 0.1033010 0.0088100 0.0264736 0.0185936 0.1266684 0.1125130 0.0882919 0.1190150 0.1302514 0.0000000 0.1344804 0.1047202 0.0902751 0.1368109 0.0827127 0.1496530 0.1011387 0.1267080 0.1219251 0.0251296 0.1166024 
Hypsiprymnodontidae_Hypsiprymnodon_moschatus 0.1277074 0.1928535 0.1091990 0.0966989 0.0961748 0.1368254 0.1109853 0.1104897 0.0959788 0.1371384 0.0977854 0.1377022 0.1429828 0.1182762 0.1073995 0.1358511 0.1411166 0.1317242 0.1534324 0.0947813 0.0991955 0.1483025 0.1566050 0.1344804 0.0000000 0.1174126 0.1011974 0.1033004 0.1105358 0.1780228 0.1212937 0.1285814 0.1728188 0.1413724 0.1358952 
Microbiotheriidae_Dromiciops_gliroides       0.1078384 0.1503004 0.0892724 0.1057188 0.0970161 0.1110814 0.1145333 0.0932413 0.1078443 0.1192043 0.0954451 0.1092460 0.1165056 0.1017677 0.1042177 0.1074489 0.1133797 0.1023283 0.1317988 0.1022276 0.0874364 0.1045251 0.1227318 0.1047202 0.1174126 0.0000000 0.0892822 0.1245004 0.0863471 0.1430091 0.1012810 0.1165546 0.1342353 0.1174002 0.1205997 
Pseudochiridae_Petauroides_volans            0.0819495 0.1385386 0.0617456 0.0799739 0.0735020 0.0913433 0.0718985 0.0639705 0.0811309 0.0903929 0.0591428 0.0958676 0.1037553 0.0747897 0.0536533 0.0923051 0.0949848 0.0864999 0.1029496 0.0782085 0.0284786 0.0922865 0.1118177 0.0902751 0.1011974 0.0892822 0.0000000 0.0974822 0.0310246 0.0936208 0.0589845 0.0884835 0.1028196 0.0993378 0.0924574 
Macropodidae_Wallabia_bicolor                0.1262123 0.1938183 0.1051484 0.0719819 0.0724872 0.1400051 0.1245494 0.1084136 0.0548101 0.1306539 0.0992819 0.1381425 0.1471798 0.1168331 0.1267989 0.1353965 0.1431080 0.1341756 0.1416546 0.0550572 0.1028955 0.1494222 0.1528788 0.1368109 0.1033004 0.1245004 0.0974822 0.0000000 0.1024079 0.1582921 0.1170671 0.1410210 0.1644421 0.1456802 0.1312464 
Pseudochiridae_Pseudocheirus_occidentalis    0.0868320 0.1378260 0.0636188 0.0789352 0.0735837 0.0876508 0.0712114 0.0610543 0.0888085 0.0973605 0.0563974 0.0899001 0.0931335 0.0708224 0.0538027 0.0851601 0.0895166 0.0804602 0.1122728 0.0710932 0.0180045 0.0999277 0.1072826 0.0827127 0.1105358 0.0863471 0.0310246 0.1024079 0.0000000 0.0972198 0.0593613 0.0789325 0.1123039 0.0909541 0.1008056 
Tarsipedidae_Tarsipes_rostratus              0.1521097 0.2085617 0.1121752 0.1288633 0.1251702 0.1567358 0.1100853 0.1081207 0.1447966 0.1495612 0.1048866 0.1564021 0.1621152 0.1141389 0.0820477 0.1505435 0.1563269 0.1554723 0.1827775 0.1141338 0.0967933 0.1738119 0.1717532 0.1496530 0.1780228 0.1430091 0.0936208 0.1582921 0.0972198 0.0000000 0.1010687 0.1036464 0.1645578 0.1606698 0.1525789 
Acrobatidae_Distoechurus_pennatus            0.0841515 0.1487634 0.0742883 0.0948710 0.0890145 0.1025940 0.0828385 0.0749666 0.0962881 0.0977622 0.0661702 0.1031978 0.1119765 0.0804789 0.0550347 0.1001954 0.1104432 0.1007381 0.1168338 0.0945179 0.0602762 0.1097844 0.1328696 0.1011387 0.1212937 0.1012810 0.0589845 0.1170671 0.0593613 0.1010687 0.0000000 0.0921676 0.1133921 0.1068149 0.1005948 
Phalangeridae_Phalanger_carmelitae           0.0702778 0.1481577 0.0900759 0.1073443 0.0983466 0.1349798 0.0313987 0.0228574 0.1115427 0.0991649 0.0165111 0.1339315 0.1361420 0.0119817 0.0783750 0.1305651 0.1353168 0.1306703 0.1427406 0.1068197 0.0868455 0.1262875 0.1395176 0.1267080 0.1285814 0.1165546 0.0884835 0.1410210 0.0789325 0.1036464 0.0921676 0.0000000 0.0985708 0.1399245 0.1173397 
Peramelidae_Peroryctes_raffrayana            0.1417974 0.1872155 0.1095263 0.1069631 0.0990375 0.1172425 0.0963404 0.1064983 0.1275689 0.0361647 0.1082713 0.1226994 0.1226353 0.1132694 0.0899031 0.1174203 0.1202531 0.1160863 0.0400885 0.1003015 0.0998766 0.1504873 0.1415215 0.1219251 0.1728188 0.1342353 0.1028196 0.1644421 0.1123039 0.1645578 0.1133921 0.0985708 0.0000000 0.1233099 0.0367125 
Dasyuridae_Dasyurus_geffroii                 0.1138757 0.1695410 0.1013787 0.1191066 0.1089509 0.0062371 0.1240977 0.1113033 0.1266371 0.1130828 0.1041353 0.0296388 0.0350618 0.1182683 0.1125078 0.0272571 0.0133360 0.0294901 0.1342606 0.1202822 0.0979628 0.1294739 0.1381341 0.0251296 0.1413724 0.1174002 0.0993378 0.1456802 0.0909541 0.1606698 0.1068149 0.1399245 0.1233099 0.0000000 0.1191256 
Peramelidae_Perameles_gunnii                 0.1150986 0.1660174 0.0990717 0.1110918 0.1053181 0.1163033 0.1047299 0.0991167 0.1131128 0.0000010 0.0976394 0.1199246 0.1234905 0.1080210 0.1013094 0.1167922 0.1196666 0.1138138 0.0350434 0.1093010 0.0895322 0.1111514 0.1395899 0.1166024 0.1358952 0.1205997 0.0924574 0.1312464 0.1008056 0.1525789 0.1005948 0.1173397 0.0367125 0.1191256 0.0000000 
