35
Burramyidae_Burramys_parvus                  0.0000000 0.1110471 0.0706172 0.0961180 0.0951040 0.1134412 0.0532338 0.0516146 0.0900015 0.1187521 0.0572208 0.1257877 0.1156157 0.0564448 0.0697827 0.1260506 0.1324160 0.1345019 0.1143565 0.0880035 0.0946496 0.1443600 0.1482891 0.1265070 0.0766200 0.0806800 0.0751122 0.0903619 0.0852900 0.0912416 0.0667068 0.0580774 0.1105121 0.1288244 0.1172033 
Notoryctidae_Notoryctes_typhlops             0.1110471 0.0000000 0.1065244 0.1381245 0.1349610 0.1149807 0.0961167 0.0895414 0.1298832 0.1296858 0.1026316 0.1342494 0.1191384 0.1003745 0.1108648 0.1344529 0.1441348 0.1390688 0.1318320 0.1273865 0.1474169 0.1621671 0.1647680 0.1298869 0.1221100 0.0975004 0.1235392 0.1244712 0.1443631 0.1425010 0.1154619 0.1015052 0.1308318 0.1366700 0.1301145 
Vombatidae_Lasiorhinus_latifrons             0.0706172 0.1065244 0.0000000 0.1014308 0.0993987 0.1079944 0.0568067 0.0531582 0.0971579 0.1060660 0.0623227 0.1224590 0.1095333 0.0616243 0.0761202 0.1230829 0.1272230 0.1286585 0.1048087 0.0957020 0.1069111 0.1399141 0.1485746 0.1222886 0.0873300 0.0805611 0.0840756 0.0994312 0.1046252 0.1059657 0.0786044 0.0624014 0.1052395 0.1248373 0.1072632 
Potoroidae_Bettongia_penicillata             0.0961180 0.1381245 0.1014308 0.0000000 0.0104719 0.1462588 0.0839057 0.0795292 0.0228876 0.1524655 0.0833218 0.1522821 0.1505843 0.0858847 0.1061210 0.1500539 0.1641838 0.1619960 0.1506843 0.0459278 0.1277036 0.1762316 0.1802269 0.1522927 0.0706584 0.1147979 0.1063155 0.0478107 0.1208241 0.1331081 0.1043158 0.0846799 0.1441463 0.1614647 0.1494648 
Potoroidae_Bettongia_lesueur                 0.0951040 0.1349610 0.0993987 0.0104719 0.0000000 0.1417431 0.0833124 0.0787962 0.0218110 0.1500619 0.0835927 0.1505454 0.1489281 0.0852814 0.1035699 0.1483186 0.1617452 0.1587578 0.1472706 0.0431234 0.1277151 0.1692790 0.1745458 0.1504422 0.0688859 0.1132778 0.1032541 0.0445723 0.1188111 0.1322532 0.1023759 0.0845720 0.1422465 0.1590450 0.1471122 
Dasyuridae_Dasyurus_maculatus                0.1134412 0.1149807 0.1079944 0.1462588 0.1417431 0.0000000 0.0953494 0.1021967 0.1376307 0.1146037 0.1038175 0.0241594 0.0319256 0.1030760 0.1155191 0.0228790 0.0080957 0.0382568 0.1129193 0.1350715 0.1522095 0.1421427 0.1516111 0.0211752 0.1238889 0.0981206 0.1236352 0.1349312 0.1468703 0.1499576 0.1155990 0.1033170 0.1095221 0.0065133 0.1132926 
Phalangeridae_Trichosurus_vulpecula          0.0532338 0.0961167 0.0568067 0.0839057 0.0833124 0.0953494 0.0000000 0.0153514 0.0807530 0.0985029 0.0189628 0.1141537 0.0987385 0.0201845 0.0618953 0.1109995 0.1159085 0.1178796 0.0936406 0.0786533 0.0893845 0.1270323 0.1349552 0.1125400 0.0691457 0.0721798 0.0687004 0.0785622 0.0847032 0.0893006 0.0597567 0.0210095 0.0936776 0.1125333 0.0972509 
Phalangeridae_Spilocuscus_maculatus          0.0516146 0.0895414 0.0531582 0.0795292 0.0787962 0.1021967 0.0153514 0.0000000 0.0742806 0.0866829 0.0104780 0.1043287 0.1071238 0.0100783 0.0542259 0.1014902 0.1034133 0.1116746 0.0827047 0.0742271 0.0848295 0.1163052 0.1187116 0.1002468 0.0637022 0.0756483 0.0583682 0.0722503 0.0786514 0.0842107 0.0539391 0.0092448 0.0828766 0.0994333 0.0866059 
Potoroidae_Aepyprymnus_rufescens             0.0900015 0.1298832 0.0971579 0.0228876 0.0218110 0.1376307 0.0807530 0.0742806 0.0000000 0.1434731 0.0825536 0.1477900 0.1432486 0.0827028 0.1024533 0.1455555 0.1551583 0.1597485 0.1430213 0.0393192 0.1243615 0.1618725 0.1731187 0.1492082 0.0642812 0.1067960 0.1008379 0.0400261 0.1179150 0.1243164 0.1011673 0.0807061 0.1400522 0.1537423 0.1424808 
Peramelidae_Perameles_nasuta                 0.1187521 0.1296858 0.1060660 0.1524655 0.1500619 0.1146037 0.0985029 0.0866829 0.1434731 0.0000000 0.1017699 0.1398465 0.1196905 0.1007667 0.1183423 0.1391718 0.1402629 0.1455274 0.0270261 0.1373474 0.1528456 0.1568784 0.1613977 0.1403279 0.1294458 0.1058107 0.1267388 0.1413432 0.1444556 0.1516902 0.1184581 0.1033419 0.0232888 0.1379014 0.0025282 
Phalangeridae_Strigocuscus_pelengensis       0.0572208 0.1026316 0.0623227 0.0833218 0.0835927 0.1038175 0.0189628 0.0104780 0.0825536 0.1017699 0.0000000 0.1175164 0.1068330 0.0123184 0.0646192 0.1148358 0.1195149 0.1234879 0.0993740 0.0775711 0.0910098 0.1282980 0.1350668 0.1158146 0.0727309 0.0770223 0.0704178 0.0782874 0.0852190 0.0856016 0.0638074 0.0128396 0.0981379 0.1160932 0.1010383 
Dasyuridae_Phascogale_tapoatafa              0.1257877 0.1342494 0.1224590 0.1522821 0.1505454 0.0241594 0.1141537 0.1043287 0.1477900 0.1398465 0.1175164 0.0000000 0.0366503 0.1181164 0.1342841 0.0043808 0.0272681 0.0388584 0.1389463 0.1446484 0.1642986 0.1650227 0.1817203 0.0142642 0.1401030 0.1126497 0.1355690 0.1418868 0.1605238 0.1576561 0.1361847 0.1195195 0.1339112 0.0250724 0.1383141 
Dasyuridae_Sminthopsis_macroura              0.1156157 0.1191384 0.1095333 0.1505843 0.1489281 0.0319256 0.0987385 0.1071238 0.1432486 0.1196905 0.1068330 0.0366503 0.0000000 0.1066684 0.1134175 0.0352933 0.0347825 0.0257983 0.1143229 0.1404390 0.1501407 0.1514343 0.1610358 0.0329962 0.1240334 0.0996314 0.1243333 0.1380657 0.1431082 0.1526884 0.1143127 0.1068349 0.1101601 0.0309764 0.1190000 
Phalangeridae_Phalanger_orientalis           0.0564448 0.1003745 0.0616243 0.0858847 0.0852814 0.1030760 0.0201845 0.0100783 0.0827028 0.1007667 0.0123184 0.1181164 0.1066684 0.0000000 0.0650976 0.1159089 0.1201274 0.1264100 0.0993155 0.0786205 0.0943754 0.1234526 0.1324559 0.1158219 0.0704748 0.0756256 0.0715371 0.0779272 0.0891785 0.0862085 0.0662028 0.0063394 0.0981928 0.1172202 0.1015004 
Acrobatidae_Acrobates_pygmaeus               0.0697827 0.1108648 0.0761202 0.1061210 0.1035699 0.1155191 0.0618953 0.0542259 0.1024533 0.1183423 0.0646192 0.1342841 0.1134175 0.0650976 0.0000000 0.1326674 0.1391477 0.1354483 0.1112102 0.0965410 0.0915458 0.1398644 0.1497012 0.1302748 0.0794650 0.0873549 0.0708469 0.0961648 0.0883059 0.0889052 0.0372703 0.0653157 0.1134319 0.1350010 0.1162828 
Dasyuridae_Phascogale_calura                 0.1260506 0.1344529 0.1230829 0.1500539 0.1483186 0.0228790 0.1109995 0.1014902 0.1455555 0.1391718 0.1148358 0.0043808 0.0352933 0.1159089 0.1326674 0.0000000 0.0266291 0.0384675 0.1385517 0.1423527 0.1625856 0.1647009 0.1798272 0.0136270 0.1366412 0.1115722 0.1356858 0.1383766 0.1577417 0.1548366 0.1346407 0.1173807 0.1332050 0.0244346 0.1379883 
Dasyuridae_Sarcophilus_harrisii              0.1324160 0.1441348 0.1272230 0.1641838 0.1617452 0.0080957 0.1159085 0.1034133 0.1551583 0.1402629 0.1195149 0.0272681 0.0347825 0.1201274 0.1391477 0.0266291 0.0000000 0.0417786 0.1397676 0.1499298 0.1717458 0.1671336 0.1803943 0.0255926 0.1450750 0.1157048 0.1483983 0.1485046 0.1700973 0.1666463 0.1423003 0.1208577 0.1361865 0.0085361 0.1387237 
Dasyuridae_Planigale_tenuirostris            0.1345019 0.1390688 0.1286585 0.1619960 0.1587578 0.0382568 0.1178796 0.1116746 0.1597485 0.1455274 0.1234879 0.0388584 0.0257983 0.1264100 0.1354483 0.0384675 0.0417786 0.0000000 0.1440730 0.1550924 0.1738332 0.1799842 0.1911968 0.0380775 0.1425739 0.1129789 0.1493938 0.1482381 0.1657079 0.1688535 0.1375700 0.1272564 0.1377834 0.0413793 0.1446883 
Peramelidae_Echymipera_kalubu                0.1143565 0.1318320 0.1048087 0.1506843 0.1472706 0.1129193 0.0936406 0.0827047 0.1430213 0.0270261 0.0993740 0.1389463 0.1143229 0.0993155 0.1112102 0.1385517 0.1397676 0.1440730 0.0000000 0.1331312 0.1470316 0.1571643 0.1628823 0.1400329 0.1254263 0.1023892 0.1196800 0.1370688 0.1404462 0.1500218 0.1113036 0.1014627 0.0172601 0.1386278 0.0254619 
Macropodidae_Dorcopsulus_vanheurni           0.0880035 0.1273865 0.0957020 0.0459278 0.0431234 0.1350715 0.0786533 0.0742271 0.0393192 0.1373474 0.0775711 0.1446484 0.1404390 0.0786205 0.0965410 0.1423527 0.1499298 0.1550924 0.1331312 0.0000000 0.1250755 0.1607181 0.1724690 0.1425473 0.0627125 0.1022157 0.1007886 0.0172623 0.1175465 0.1216854 0.0960677 0.0767145 0.1325046 0.1473280 0.1349345 
Pseudochiridae_Pseudochirulus_forbesi        0.0946496 0.1474169 0.1069111 0.1277036 0.1277151 0.1522095 0.0893845 0.0848295 0.1243615 0.1528456 0.0910098 0.1642986 0.1501407 0.0943754 0.0915458 0.1625856 0.1717458 0.1738332 0.1470316 0.1250755 0.0000000 0.1714339 0.1807507 0.1589018 0.1062139 0.1114547 0.0636164 0.1232958 0.0414995 0.1035824 0.0952043 0.0961552 0.1469274 0.1649621 0.1516868 
Didelphidae_Didelphis_virginiana             0.1443600 0.1621671 0.1399141 0.1762316 0.1692790 0.1421427 0.1270323 0.1163052 0.1618725 0.1568784 0.1282980 0.1650227 0.1514343 0.1234526 0.1398644 0.1647009 0.1671336 0.1799842 0.1571643 0.1607181 0.1714339 0.0000000 0.0557974 0.1639497 0.1546355 0.1219452 0.1471496 0.1608078 0.1701872 0.1748373 0.1399027 0.1251108 0.1535945 0.1647798 0.1580641 
Marmosidae_Monodelphis_domestica             0.1482891 0.1647680 0.1485746 0.1802269 0.1745458 0.1516111 0.1349552 0.1187116 0.1731187 0.1613977 0.1350668 0.1817203 0.1610358 0.1324559 0.1497012 0.1798272 0.1803943 0.1911968 0.1628823 0.1724690 0.1807507 0.0557974 0.0000000 0.1796740 0.1624637 0.1332013 0.1513115 0.1697704 0.1760528 0.1846162 0.1478123 0.1378342 0.1594518 0.1773859 0.1618603 
Dasyuridae_Antechinus_stuartii               0.1265070 0.1298869 0.1222886 0.1522927 0.1504422 0.0211752 0.1125400 0.1002468 0.1492082 0.1403279 0.1158146 0.0142642 0.0329962 0.1158219 0.1302748 0.0136270 0.0255926 0.0380775 0.1400329 0.1425473 0.1589018 0.1639497 0.1796740 0.0000000 0.1384441 0.1126261 0.1362038 0.1385102 0.1567506 0.1540637 0.1339067 0.1173554 0.1355191 0.0237665 0.1389734 
Hypsiprymnodontidae_Hypsiprymnodon_moschatus 0.0766200 0.1221100 0.0873300 0.0706584 0.0688859 0.1238889 0.0691457 0.0637022 0.0642812 0.1294458 0.0727309 0.1401030 0.1240334 0.0704748 0.0794650 0.1366412 0.1450750 0.1425739 0.1254263 0.0627125 0.1062139 0.1546355 0.1624637 0.1384441 0.0000000 0.0920490 0.0877470 0.0598477 0.1003646 0.1126657 0.0823683 0.0700988 0.1238947 0.1418569 0.1274962 
Microbiotheriidae_Dromiciops_gliroides       0.0806800 0.0975004 0.0805611 0.1147979 0.1132778 0.0981206 0.0721798 0.0756483 0.1067960 0.1058107 0.0770223 0.1126497 0.0996314 0.0756256 0.0873549 0.1115722 0.1157048 0.1129789 0.1023892 0.1022157 0.1114547 0.1219452 0.1332013 0.1126261 0.0920490 0.0000000 0.0919378 0.1030632 0.1101363 0.1146387 0.0870830 0.0762798 0.0970142 0.1123635 0.1052195 
Pseudochiridae_Petauroides_volans            0.0751122 0.1235392 0.0840756 0.1063155 0.1032541 0.1236352 0.0687004 0.0583682 0.1008379 0.1267388 0.0704178 0.1355690 0.1243333 0.0715371 0.0708469 0.1356858 0.1483983 0.1493938 0.1196800 0.1007886 0.0636164 0.1471496 0.1513115 0.1362038 0.0877470 0.0919378 0.0000000 0.0984228 0.0531412 0.0790185 0.0696658 0.0728888 0.1222549 0.1426302 0.1269439 
Macropodidae_Wallabia_bicolor                0.0903619 0.1244712 0.0994312 0.0478107 0.0445723 0.1349312 0.0785622 0.0722503 0.0400261 0.1413432 0.0782874 0.1418868 0.1380657 0.0779272 0.0961648 0.1383766 0.1485046 0.1482381 0.1370688 0.0172623 0.1232958 0.1608078 0.1697704 0.1385102 0.0598477 0.1030632 0.0984228 0.0000000 0.1187674 0.1229560 0.0997483 0.0774241 0.1345958 0.1459283 0.1395463 
Pseudochiridae_Pseudocheirus_occidentalis    0.0852900 0.1443631 0.1046252 0.1208241 0.1188111 0.1468703 0.0847032 0.0786514 0.1179150 0.1444556 0.0852190 0.1605238 0.1431082 0.0891785 0.0883059 0.1577417 0.1700973 0.1657079 0.1404462 0.1175465 0.0414995 0.1701872 0.1760528 0.1567506 0.1003646 0.1101363 0.0531412 0.1187674 0.0000000 0.0931534 0.0869653 0.0920028 0.1370806 0.1673068 0.1457403 
Tarsipedidae_Tarsipes_rostratus              0.0912416 0.1425010 0.1059657 0.1331081 0.1322532 0.1499576 0.0893006 0.0842107 0.1243164 0.1516902 0.0856016 0.1576561 0.1526884 0.0862085 0.0889052 0.1548366 0.1666463 0.1688535 0.1500218 0.1216854 0.1035824 0.1748373 0.1846162 0.1540637 0.1126657 0.1146387 0.0790185 0.1229560 0.0931534 0.0000000 0.0957153 0.0883279 0.1449040 0.1605932 0.1532337 
Acrobatidae_Distoechurus_pennatus            0.0667068 0.1154619 0.0786044 0.1043158 0.1023759 0.1155990 0.0597567 0.0539391 0.1011673 0.1184581 0.0638074 0.1361847 0.1143127 0.0662028 0.0372703 0.1346407 0.1423003 0.1375700 0.1113036 0.0960677 0.0952043 0.1399027 0.1478123 0.1339067 0.0823683 0.0870830 0.0696658 0.0997483 0.0869653 0.0957153 0.0000000 0.0653354 0.1127726 0.1409359 0.1166792 
Phalangeridae_Phalanger_carmelitae           0.0580774 0.1015052 0.0624014 0.0846799 0.0845720 0.1033170 0.0210095 0.0092448 0.0807061 0.1033419 0.0128396 0.1195195 0.1068349 0.0063394 0.0653157 0.1173807 0.1208577 0.1272564 0.1014627 0.0767145 0.0961552 0.1251108 0.1378342 0.1173554 0.0700988 0.0762798 0.0728888 0.0774241 0.0920028 0.0883279 0.0653354 0.0000000 0.1013967 0.1180029 0.1035318 
Peramelidae_Peroryctes_raffrayana            0.1105121 0.1308318 0.1052395 0.1441463 0.1422465 0.1095221 0.0936776 0.0828766 0.1400522 0.0232888 0.0981379 0.1339112 0.1101601 0.0981928 0.1134319 0.1332050 0.1361865 0.1377834 0.0172601 0.1325046 0.1469274 0.1535945 0.1594518 0.1355191 0.1238947 0.0970142 0.1222549 0.1345958 0.1370806 0.1449040 0.1127726 0.1013967 0.0000000 0.1355412 0.0216577 
Dasyuridae_Dasyurus_geffroii                 0.1288244 0.1366700 0.1248373 0.1614647 0.1590450 0.0065133 0.1125333 0.0994333 0.1537423 0.1379014 0.1160932 0.0250724 0.0309764 0.1172202 0.1350010 0.0244346 0.0085361 0.0413793 0.1386278 0.1473280 0.1649621 0.1647798 0.1773859 0.0237665 0.1418569 0.1123635 0.1426302 0.1459283 0.1673068 0.1605932 0.1409359 0.1180029 0.1355412 0.0000000 0.1364050 
Peramelidae_Perameles_gunnii                 0.1172033 0.1301145 0.1072632 0.1494648 0.1471122 0.1132926 0.0972509 0.0866059 0.1424808 0.0025282 0.1010383 0.1383141 0.1190000 0.1015004 0.1162828 0.1379883 0.1387237 0.1446883 0.0254619 0.1349345 0.1516868 0.1580641 0.1618603 0.1389734 0.1274962 0.1052195 0.1269439 0.1395463 0.1457403 0.1532337 0.1166792 0.1035318 0.0216577 0.1364050 0.0000000 
