35
Burramyidae_Burramys_parvus                  0.0000000 0.0804068 0.0533397 0.0673683 0.0682491 0.0752008 0.0446336 0.0468488 0.0653549 0.0807160 0.0460707 0.0789316 0.0809235 0.0464084 0.0581712 0.0784680 0.0746163 0.0715292 0.0828373 0.0629046 0.0713273 0.1444910 0.1318292 0.0794964 0.0635569 0.0794971 0.0536851 0.0670640 0.0522895 0.0769577 0.0569891 0.0466957 0.0817126 0.0774328 0.0804288 
Notoryctidae_Notoryctes_typhlops             0.0804068 0.0000000 0.0830747 0.0954632 0.0968728 0.0916512 0.0749706 0.0808890 0.0924874 0.0973824 0.0782232 0.0954677 0.0961427 0.0801516 0.0874424 0.0957562 0.0915189 0.0864308 0.0966786 0.0905141 0.0971028 0.1644908 0.1498241 0.0932919 0.0911834 0.0952140 0.0841516 0.0910479 0.0820167 0.1092981 0.0842785 0.0815672 0.0958365 0.0943614 0.0978643 
Vombatidae_Lasiorhinus_latifrons             0.0533397 0.0830747 0.0000000 0.0663666 0.0664823 0.0682617 0.0505885 0.0514712 0.0637303 0.0867759 0.0493526 0.0732381 0.0745400 0.0503160 0.0557225 0.0724440 0.0718143 0.0699145 0.0864382 0.0607977 0.0690290 0.1356078 0.1329397 0.0733185 0.0694591 0.0793588 0.0541243 0.0657129 0.0571393 0.0800790 0.0593277 0.0515134 0.0847797 0.0701900 0.0860066 
Potoroidae_Bettongia_penicillata             0.0673683 0.0954632 0.0663666 0.0000000 0.0052708 0.0936386 0.0617301 0.0693960 0.0137052 0.0951058 0.0648144 0.0943650 0.0935111 0.0673883 0.0762705 0.0943209 0.0941123 0.0890881 0.0937664 0.0208325 0.0825191 0.1515897 0.1501718 0.0952966 0.0392710 0.0912741 0.0709392 0.0260736 0.0676065 0.0925679 0.0694664 0.0664724 0.0948150 0.0944148 0.0930523 
Potoroidae_Bettongia_lesueur                 0.0682491 0.0968728 0.0664823 0.0052708 0.0000000 0.0917301 0.0635111 0.0698830 0.0137394 0.0954683 0.0649663 0.0919974 0.0907604 0.0686046 0.0778475 0.0919475 0.0921853 0.0880601 0.0936068 0.0220331 0.0841797 0.1501520 0.1453542 0.0936868 0.0382559 0.0902107 0.0724465 0.0269795 0.0692039 0.0923545 0.0704216 0.0676724 0.0941549 0.0921979 0.0932577 
Dasyuridae_Dasyurus_maculatus                0.0752008 0.0916512 0.0682617 0.0936386 0.0917301 0.0000000 0.0687955 0.0721386 0.0865605 0.0920862 0.0698228 0.0203857 0.0322892 0.0715193 0.0811690 0.0201384 0.0102657 0.0315337 0.0959681 0.0800419 0.0936738 0.1350946 0.1263371 0.0212929 0.0863414 0.0839429 0.0811893 0.0861249 0.0782486 0.1021176 0.0821037 0.0739379 0.0908321 0.0077144 0.0940212 
Phalangeridae_Trichosurus_vulpecula          0.0446336 0.0749706 0.0505885 0.0617301 0.0635111 0.0687955 0.0000000 0.0204827 0.0582906 0.0765894 0.0193765 0.0706585 0.0713819 0.0202780 0.0524894 0.0711654 0.0666980 0.0619233 0.0803760 0.0544056 0.0638453 0.1305845 0.1214373 0.0712229 0.0553903 0.0695890 0.0496396 0.0584242 0.0447333 0.0721759 0.0497835 0.0222866 0.0773814 0.0695674 0.0773351 
Phalangeridae_Spilocuscus_maculatus          0.0468488 0.0808890 0.0514712 0.0693960 0.0698830 0.0721386 0.0204827 0.0000000 0.0640009 0.0835788 0.0107963 0.0745754 0.0788849 0.0089884 0.0566362 0.0746676 0.0712413 0.0683563 0.0850561 0.0624887 0.0666422 0.1329484 0.1216385 0.0762410 0.0619696 0.0728840 0.0508821 0.0657947 0.0491182 0.0759557 0.0552083 0.0099505 0.0835053 0.0729284 0.0830951 
Potoroidae_Aepyprymnus_rufescens             0.0653549 0.0924874 0.0637303 0.0137052 0.0137394 0.0865605 0.0582906 0.0640009 0.0000000 0.0901206 0.0610619 0.0880253 0.0877887 0.0626919 0.0724682 0.0879660 0.0863006 0.0837533 0.0929420 0.0179081 0.0801714 0.1471853 0.1431380 0.0895174 0.0369548 0.0874449 0.0686647 0.0238913 0.0649774 0.0894183 0.0693119 0.0625133 0.0909591 0.0870110 0.0903474 
Peramelidae_Perameles_nasuta                 0.0807160 0.0973824 0.0867759 0.0951058 0.0954683 0.0920862 0.0765894 0.0835788 0.0901206 0.0000000 0.0799552 0.0913446 0.0945152 0.0819062 0.0864619 0.0908834 0.0900063 0.0847549 0.0180506 0.0886711 0.1032876 0.1495911 0.1369521 0.0913972 0.0909430 0.0927720 0.0896418 0.0932392 0.0886729 0.1078887 0.0861895 0.0841042 0.0157980 0.0904389 0.0000010 
Phalangeridae_Strigocuscus_pelengensis       0.0460707 0.0782232 0.0493526 0.0648144 0.0649663 0.0698228 0.0193765 0.0107963 0.0610619 0.0799552 0.0000000 0.0717708 0.0753771 0.0100224 0.0508419 0.0721710 0.0691536 0.0665480 0.0819647 0.0602114 0.0627464 0.1368236 0.1256219 0.0739428 0.0593698 0.0715743 0.0492184 0.0615177 0.0449786 0.0709164 0.0538140 0.0107665 0.0810158 0.0711237 0.0787528 
Dasyuridae_Phascogale_tapoatafa              0.0789316 0.0954677 0.0732381 0.0943650 0.0919974 0.0203857 0.0706585 0.0745754 0.0880253 0.0913446 0.0717708 0.0000000 0.0281145 0.0721487 0.0835951 0.0032191 0.0201502 0.0268986 0.0922296 0.0835486 0.0953992 0.1402727 0.1332942 0.0153829 0.0899188 0.0842377 0.0845321 0.0878016 0.0795925 0.1012559 0.0861298 0.0742624 0.0886632 0.0196313 0.0925951 
Dasyuridae_Sminthopsis_macroura              0.0809235 0.0961427 0.0745400 0.0935111 0.0907604 0.0322892 0.0713819 0.0788849 0.0877887 0.0945152 0.0753771 0.0281145 0.0000000 0.0768762 0.0836343 0.0281123 0.0308810 0.0229754 0.0947490 0.0832366 0.0991528 0.1362291 0.1290046 0.0304435 0.0865044 0.0899232 0.0863892 0.0878329 0.0801124 0.1084115 0.0854499 0.0784042 0.0907148 0.0306399 0.0964420 
Phalangeridae_Phalanger_orientalis           0.0464084 0.0801516 0.0503160 0.0673883 0.0686046 0.0715193 0.0202780 0.0089884 0.0626919 0.0819062 0.0100224 0.0721487 0.0768762 0.0000000 0.0542566 0.0722381 0.0699286 0.0665123 0.0844572 0.0612524 0.0643616 0.1372494 0.1276166 0.0738721 0.0615747 0.0711653 0.0481364 0.0637877 0.0460372 0.0743681 0.0540426 0.0044162 0.0829243 0.0716168 0.0811080 
Acrobatidae_Acrobates_pygmaeus               0.0581712 0.0874424 0.0557225 0.0762705 0.0778475 0.0811690 0.0524894 0.0566362 0.0724682 0.0864619 0.0508419 0.0835951 0.0836343 0.0542566 0.0000000 0.0835002 0.0811453 0.0803667 0.0869641 0.0682030 0.0657274 0.1417083 0.1324232 0.0818624 0.0695360 0.0820595 0.0543702 0.0725960 0.0522425 0.0793775 0.0345860 0.0553990 0.0872850 0.0830425 0.0859219 
Dasyuridae_Phascogale_calura                 0.0784680 0.0957562 0.0724440 0.0943209 0.0919475 0.0201384 0.0711654 0.0746676 0.0879660 0.0908834 0.0721710 0.0032191 0.0281123 0.0722381 0.0835002 0.0000000 0.0204156 0.0280789 0.0913698 0.0840634 0.0955190 0.1405784 0.1336450 0.0161974 0.0901259 0.0839349 0.0831940 0.0883756 0.0792835 0.1012747 0.0860421 0.0743539 0.0880627 0.0193832 0.0921476 
Dasyuridae_Sarcophilus_harrisii              0.0746163 0.0915189 0.0718143 0.0941123 0.0921853 0.0102657 0.0666980 0.0712413 0.0863006 0.0900063 0.0691536 0.0201502 0.0308810 0.0699286 0.0811453 0.0204156 0.0000000 0.0297086 0.0931802 0.0812093 0.0935933 0.1385803 0.1291898 0.0203004 0.0867967 0.0846576 0.0821770 0.0857194 0.0754932 0.0993411 0.0833435 0.0730420 0.0904458 0.0100175 0.0919866 
Dasyuridae_Planigale_tenuirostris            0.0715292 0.0864308 0.0699145 0.0890881 0.0880601 0.0315337 0.0619233 0.0683563 0.0837533 0.0847549 0.0665480 0.0268986 0.0229754 0.0665123 0.0803667 0.0280789 0.0297086 0.0000000 0.0859836 0.0814037 0.0924687 0.1391207 0.1239748 0.0300928 0.0845339 0.0814972 0.0810070 0.0833780 0.0733200 0.0997147 0.0800204 0.0669162 0.0889417 0.0304229 0.0870201 
Peramelidae_Echymipera_kalubu                0.0828373 0.0966786 0.0864382 0.0937664 0.0936068 0.0959681 0.0803760 0.0850561 0.0929420 0.0180506 0.0819647 0.0922296 0.0947490 0.0844572 0.0869641 0.0913698 0.0931802 0.0859836 0.0000000 0.0882843 0.1042882 0.1470050 0.1410865 0.0935235 0.0915799 0.0947164 0.0898618 0.0940856 0.0877835 0.1062412 0.0855617 0.0848131 0.0141994 0.0936378 0.0180995 
Macropodidae_Dorcopsulus_vanheurni           0.0629046 0.0905141 0.0607977 0.0208325 0.0220331 0.0800419 0.0544056 0.0624887 0.0179081 0.0886711 0.0602114 0.0835486 0.0832366 0.0612524 0.0682030 0.0840634 0.0812093 0.0814037 0.0882843 0.0000000 0.0771778 0.1553398 0.1452016 0.0820599 0.0326309 0.0878602 0.0657626 0.0103164 0.0631473 0.0841392 0.0627227 0.0608740 0.0862867 0.0808223 0.0870910 
Pseudochiridae_Pseudochirulus_forbesi        0.0713273 0.0971028 0.0690290 0.0825191 0.0841797 0.0936738 0.0638453 0.0666422 0.0801714 0.1032876 0.0627464 0.0953992 0.0991528 0.0643616 0.0657274 0.0955190 0.0935933 0.0924687 0.1042882 0.0771778 0.0000000 0.1539538 0.1569042 0.0930972 0.0795672 0.0943823 0.0408747 0.0811364 0.0300477 0.0768929 0.0668102 0.0646621 0.0982736 0.0951740 0.1035173 
Didelphidae_Didelphis_virginiana             0.1444910 0.1644908 0.1356078 0.1515897 0.1501520 0.1350946 0.1305845 0.1329484 0.1471853 0.1495911 0.1368236 0.1402727 0.1362291 0.1372494 0.1417083 0.1405784 0.1385803 0.1391207 0.1470050 0.1553398 0.1539538 0.0000000 0.0383820 0.1390841 0.1533726 0.1363570 0.1464007 0.1535861 0.1338792 0.1673669 0.1447566 0.1395273 0.1529411 0.1420723 0.1502768 
Marmosidae_Monodelphis_domestica             0.1318292 0.1498241 0.1329397 0.1501718 0.1453542 0.1263371 0.1214373 0.1216385 0.1431380 0.1369521 0.1256219 0.1332942 0.1290046 0.1276166 0.1324232 0.1336450 0.1291898 0.1239748 0.1410865 0.1452016 0.1569042 0.0383820 0.0000000 0.1345634 0.1470989 0.1314085 0.1396056 0.1473847 0.1335264 0.1625182 0.1360120 0.1310497 0.1390613 0.1340115 0.1388266 
Dasyuridae_Antechinus_stuartii               0.0794964 0.0932919 0.0733185 0.0952966 0.0936868 0.0212929 0.0712229 0.0762410 0.0895174 0.0913972 0.0739428 0.0153829 0.0304435 0.0738721 0.0818624 0.0161974 0.0203004 0.0300928 0.0935235 0.0820599 0.0930972 0.1390841 0.1345634 0.0000000 0.0900094 0.0876275 0.0825559 0.0892946 0.0786858 0.1002122 0.0843975 0.0749704 0.0911757 0.0208351 0.0942375 
Hypsiprymnodontidae_Hypsiprymnodon_moschatus 0.0635569 0.0911834 0.0694591 0.0392710 0.0382559 0.0863414 0.0553903 0.0619696 0.0369548 0.0909430 0.0593698 0.0899188 0.0865044 0.0615747 0.0695360 0.0901259 0.0867967 0.0845339 0.0915799 0.0326309 0.0795672 0.1533726 0.1470989 0.0900094 0.0000000 0.0872599 0.0699270 0.0382677 0.0625063 0.0898001 0.0635195 0.0617410 0.0900129 0.0887595 0.0895858 
Microbiotheriidae_Dromiciops_gliroides       0.0794971 0.0952140 0.0793588 0.0912741 0.0902107 0.0839429 0.0695890 0.0728840 0.0874449 0.0927720 0.0715743 0.0842377 0.0899232 0.0711653 0.0820595 0.0839349 0.0846576 0.0814972 0.0947164 0.0878602 0.0943823 0.1363570 0.1314085 0.0876275 0.0872599 0.0000000 0.0825015 0.0885924 0.0788212 0.0961668 0.0808386 0.0708939 0.0949255 0.0858696 0.0930207 
Pseudochiridae_Petauroides_volans            0.0536851 0.0841516 0.0541243 0.0709392 0.0724465 0.0811893 0.0496396 0.0508821 0.0686647 0.0896418 0.0492184 0.0845321 0.0863892 0.0481364 0.0543702 0.0831940 0.0821770 0.0810070 0.0898618 0.0657626 0.0408747 0.1464007 0.1396056 0.0825559 0.0699270 0.0825015 0.0000000 0.0710494 0.0262527 0.0616146 0.0529543 0.0503701 0.0868680 0.0839747 0.0885553 
Macropodidae_Wallabia_bicolor                0.0670640 0.0910479 0.0657129 0.0260736 0.0269795 0.0861249 0.0584242 0.0657947 0.0238913 0.0932392 0.0615177 0.0878016 0.0878329 0.0637877 0.0725960 0.0883756 0.0857194 0.0833780 0.0940856 0.0103164 0.0811364 0.1535861 0.1473847 0.0892946 0.0382677 0.0885924 0.0710494 0.0000000 0.0675195 0.0915893 0.0683003 0.0639766 0.0938638 0.0869090 0.0917787 
Pseudochiridae_Pseudocheirus_occidentalis    0.0522895 0.0820167 0.0571393 0.0676065 0.0692039 0.0782486 0.0447333 0.0491182 0.0649774 0.0886729 0.0449786 0.0795925 0.0801124 0.0460372 0.0522425 0.0792835 0.0754932 0.0733200 0.0877835 0.0631473 0.0300477 0.1338792 0.1335264 0.0786858 0.0625063 0.0788212 0.0262527 0.0675195 0.0000000 0.0585302 0.0488611 0.0469786 0.0876405 0.0799195 0.0873007 
Tarsipedidae_Tarsipes_rostratus              0.0769577 0.1092981 0.0800790 0.0925679 0.0923545 0.1021176 0.0721759 0.0759557 0.0894183 0.1078887 0.0709164 0.1012559 0.1084115 0.0743681 0.0793775 0.1012747 0.0993411 0.0997147 0.1062412 0.0841392 0.0768929 0.1673669 0.1625182 0.1002122 0.0898001 0.0961668 0.0616146 0.0915893 0.0585302 0.0000000 0.0749560 0.0752662 0.1088650 0.1029952 0.1064133 
Acrobatidae_Distoechurus_pennatus            0.0569891 0.0842785 0.0593277 0.0694664 0.0704216 0.0821037 0.0497835 0.0552083 0.0693119 0.0861895 0.0538140 0.0861298 0.0854499 0.0540426 0.0345860 0.0860421 0.0833435 0.0800204 0.0855617 0.0627227 0.0668102 0.1447566 0.1360120 0.0843975 0.0635195 0.0808386 0.0529543 0.0683003 0.0488611 0.0749560 0.0000000 0.0530329 0.0844258 0.0848607 0.0852648 
Phalangeridae_Phalanger_carmelitae           0.0466957 0.0815672 0.0515134 0.0664724 0.0676724 0.0739379 0.0222866 0.0099505 0.0625133 0.0841042 0.0107665 0.0742624 0.0784042 0.0044162 0.0553990 0.0743539 0.0730420 0.0669162 0.0848131 0.0608740 0.0646621 0.1395273 0.1310497 0.0749704 0.0617410 0.0708939 0.0503701 0.0639766 0.0469786 0.0752662 0.0530329 0.0000000 0.0848078 0.0740394 0.0836065 
Peramelidae_Peroryctes_raffrayana            0.0817126 0.0958365 0.0847797 0.0948150 0.0941549 0.0908321 0.0773814 0.0835053 0.0909591 0.0157980 0.0810158 0.0886632 0.0907148 0.0829243 0.0872850 0.0880627 0.0904458 0.0889417 0.0141994 0.0862867 0.0982736 0.1529411 0.1390613 0.0911757 0.0900129 0.0949255 0.0868680 0.0938638 0.0876405 0.1088650 0.0844258 0.0848078 0.0000000 0.0884181 0.0157529 
Dasyuridae_Dasyurus_geffroii                 0.0774328 0.0943614 0.0701900 0.0944148 0.0921979 0.0077144 0.0695674 0.0729284 0.0870110 0.0904389 0.0711237 0.0196313 0.0306399 0.0716168 0.0830425 0.0193832 0.0100175 0.0304229 0.0936378 0.0808223 0.0951740 0.1420723 0.1340115 0.0208351 0.0887595 0.0858696 0.0839747 0.0869090 0.0799195 0.1029952 0.0848607 0.0740394 0.0884181 0.0000000 0.0924109 
Peramelidae_Perameles_gunnii                 0.0804288 0.0978643 0.0860066 0.0930523 0.0932577 0.0940212 0.0773351 0.0830951 0.0903474 0.0000010 0.0787528 0.0925951 0.0964420 0.0811080 0.0859219 0.0921476 0.0919866 0.0870201 0.0180995 0.0870910 0.1035173 0.1502768 0.1388266 0.0942375 0.0895858 0.0930207 0.0885553 0.0917787 0.0873007 0.1064133 0.0852648 0.0836065 0.0157529 0.0924109 0.0000000 
