35
Burramyidae_Burramys_parvus                  0.0000000 0.0894236 0.0797588 0.0828455 0.0797988 0.1044456 0.0513193 0.0721311 0.0740472 0.1103643 0.0640856 0.1084744 0.1144769 0.0703527 0.0658920 0.1077206 0.1527280 0.0899997 0.1106050 0.0719478 0.0684385 0.1649164 0.1168293 0.1087756 0.0783521 0.0888776 0.0662462 0.0676235 0.0703139 0.1060391 0.0659218 0.0779134 0.1065768 0.1054003 0.1092556 
Notoryctidae_Notoryctes_typhlops             0.0894236 0.0000000 0.0878500 0.1026040 0.0978089 0.0982368 0.0757926 0.0888815 0.0980738 0.1095641 0.0853446 0.0992486 0.1149951 0.0931796 0.0873302 0.0989687 0.1603535 0.0831089 0.1093727 0.1010099 0.0919829 0.1966502 0.1143233 0.0966021 0.0984107 0.0821197 0.0983956 0.0965725 0.0921966 0.1500609 0.0850871 0.1163822 0.1092117 0.0962206 0.1079332 
Vombatidae_Lasiorhinus_latifrons             0.0797588 0.0878500 0.0000000 0.0906988 0.0952648 0.0896246 0.0727692 0.0898376 0.0932257 0.1067273 0.0860479 0.0871654 0.0960260 0.0935677 0.0825582 0.0868123 0.1494788 0.0924179 0.1053140 0.0972403 0.0834715 0.2021660 0.1166936 0.0878758 0.0909507 0.0924232 0.0769501 0.0923816 0.0820227 0.1365901 0.0812917 0.1130916 0.1016457 0.0862417 0.1047036 
Potoroidae_Bettongia_penicillata             0.0828455 0.1026040 0.0906988 0.0000000 0.0090888 0.1214744 0.0778178 0.0956514 0.0177946 0.1374736 0.0952451 0.1238549 0.1337554 0.1024557 0.0883344 0.1201272 0.2072305 0.1078793 0.1349904 0.0338188 0.0800735 0.2208482 0.1295578 0.1245620 0.0729829 0.1132596 0.0875110 0.0337535 0.0826774 0.1620558 0.0895633 0.1212634 0.1327121 0.1192118 0.1352326 
Potoroidae_Bettongia_lesueur                 0.0797988 0.0978089 0.0952648 0.0090888 0.0000000 0.1257254 0.0725188 0.0906002 0.0199061 0.1305135 0.0899727 0.1296144 0.1366232 0.0971715 0.0854607 0.1258428 0.2165513 0.1049878 0.1287182 0.0309627 0.0792839 0.2119020 0.1268170 0.1301409 0.0792664 0.1028067 0.0809150 0.0308641 0.0804807 0.1521113 0.0856901 0.1157930 0.1264939 0.1245043 0.1283127 
Dasyuridae_Dasyurus_maculatus                0.1044456 0.0982368 0.0896246 0.1214744 0.1257254 0.0000000 0.0968047 0.1117346 0.1188403 0.1262588 0.1061951 0.0203740 0.0321646 0.1099758 0.1031751 0.0181992 0.0063791 0.0277916 0.1152116 0.1208374 0.1082753 0.2177682 0.1355706 0.0186663 0.1120547 0.1039668 0.1076443 0.1146187 0.1121515 0.1783954 0.1061316 0.1330905 0.1191545 0.0061102 0.1239429 
Phalangeridae_Trichosurus_vulpecula          0.0513193 0.0757926 0.0727692 0.0778178 0.0725188 0.0968047 0.0000000 0.0297707 0.0701014 0.1000227 0.0281807 0.0963399 0.1036726 0.0320287 0.0596113 0.0946834 0.1593500 0.0829572 0.0994175 0.0668257 0.0599228 0.1806919 0.1057187 0.0954679 0.0741855 0.0833300 0.0637604 0.0665094 0.0585093 0.1013591 0.0584079 0.0493682 0.0967679 0.0957484 0.0989689 
Phalangeridae_Spilocuscus_maculatus          0.0721311 0.0888815 0.0898376 0.0956514 0.0906002 0.1117346 0.0297707 0.0000000 0.0868060 0.1218726 0.0169273 0.1141957 0.1213056 0.0220087 0.0755493 0.1119735 0.1760460 0.0944537 0.1192577 0.0823537 0.0749666 0.2031858 0.1247620 0.1119289 0.0899427 0.1055101 0.0811925 0.0819582 0.0781655 0.1281363 0.0776268 0.0377424 0.1152558 0.1111761 0.1207353 
Potoroidae_Aepyprymnus_rufescens             0.0740472 0.0980738 0.0932257 0.0177946 0.0199061 0.1188403 0.0701014 0.0868060 0.0000000 0.1267511 0.0858111 0.1223873 0.1328347 0.0917484 0.0775943 0.1191526 0.2058674 0.1067825 0.1240322 0.0263929 0.0753979 0.2157150 0.1268205 0.1251217 0.0699726 0.1091933 0.0805789 0.0263204 0.0765982 0.1474469 0.0780208 0.1093967 0.1209889 0.1177978 0.1245611 
Peramelidae_Perameles_nasuta                 0.1103643 0.1095641 0.1067273 0.1374736 0.1305135 0.1262588 0.1000227 0.1218726 0.1267511 0.0000000 0.1230253 0.1220856 0.1312772 0.1298278 0.1237573 0.1212640 0.1877845 0.1113154 0.0236629 0.1261794 0.1136909 0.2394189 0.1516214 0.1223747 0.1237750 0.1068597 0.1142124 0.1214650 0.1108812 0.1908537 0.1166526 0.1546494 0.0200256 0.1239083 0.0018998 
Phalangeridae_Strigocuscus_pelengensis       0.0640856 0.0853446 0.0860479 0.0952451 0.0899727 0.1061951 0.0281807 0.0169273 0.0858111 0.1230253 0.0000000 0.1080000 0.1156937 0.0155295 0.0673108 0.1056892 0.1800372 0.0886179 0.1197949 0.0787771 0.0729762 0.2110039 0.1180803 0.1071365 0.0851684 0.0983609 0.0786669 0.0807960 0.0758987 0.1310794 0.0722578 0.0340133 0.1117686 0.1043053 0.1206654 
Dasyuridae_Phascogale_tapoatafa              0.1084744 0.0992486 0.0871654 0.1238549 0.1296144 0.0203740 0.0963399 0.1141957 0.1223873 0.1220856 0.1080000 0.0000000 0.0247329 0.1177996 0.1048478 0.0031784 0.0287304 0.0310576 0.1142901 0.1251616 0.1076944 0.2262002 0.1323968 0.0080921 0.1135102 0.1031548 0.1008852 0.1202357 0.1078634 0.1777792 0.1049769 0.1414752 0.1145323 0.0208611 0.1189775 
Dasyuridae_Sminthopsis_macroura              0.1144769 0.1149951 0.0960260 0.1337554 0.1366232 0.0321646 0.1036726 0.1213056 0.1328347 0.1312772 0.1156937 0.0247329 0.0000000 0.1210816 0.1125913 0.0232731 0.0439109 0.0369050 0.1254499 0.1306576 0.1175312 0.2414246 0.1468395 0.0230434 0.1256705 0.1119652 0.1122163 0.1266787 0.1184285 0.1948573 0.1142097 0.1440298 0.1248725 0.0321055 0.1289429 
Phalangeridae_Phalanger_orientalis           0.0703527 0.0931796 0.0935677 0.1024557 0.0971715 0.1099758 0.0320287 0.0220087 0.0917484 0.1298278 0.0155295 0.1177996 0.1210816 0.0000000 0.0793589 0.1155226 0.1763704 0.0974376 0.1276322 0.0853651 0.0807216 0.2020495 0.1259720 0.1161001 0.0891955 0.1071127 0.0809957 0.0855406 0.0850329 0.1260142 0.0776249 0.0320529 0.1223986 0.1130768 0.1275734 
Acrobatidae_Acrobates_pygmaeus               0.0658920 0.0873302 0.0825582 0.0883344 0.0854607 0.1031751 0.0596113 0.0755493 0.0775943 0.1237573 0.0673108 0.1048478 0.1125913 0.0793589 0.0000000 0.1035877 0.1667141 0.0840773 0.1175646 0.0790321 0.0647980 0.1869023 0.1146191 0.1040890 0.0780697 0.0978699 0.0680025 0.0759259 0.0641020 0.1186391 0.0412233 0.0957189 0.1132719 0.1008269 0.1221249 
Dasyuridae_Phascogale_calura                 0.1077206 0.0989687 0.0868123 0.1201272 0.1258428 0.0181992 0.0946834 0.1119735 0.1191526 0.1212640 0.1056892 0.0031784 0.0232731 0.1155226 0.1035877 0.0000000 0.0247093 0.0288153 0.1134758 0.1228904 0.1059896 0.2215698 0.1306135 0.0067849 0.1117641 0.1009340 0.0995075 0.1175079 0.1055878 0.1722859 0.1023334 0.1389464 0.1137176 0.0188156 0.1181573 
Dasyuridae_Sarcophilus_harrisii              0.1527280 0.1603535 0.1494788 0.2072305 0.2165513 0.0063791 0.1593500 0.1760460 0.2058674 0.1877845 0.1800372 0.0287304 0.0439109 0.1763704 0.1667141 0.0247093 0.0000000 0.0439678 0.1667264 0.2044120 0.1750273 0.2240702 0.2237303 0.0255453 0.1929447 0.1637628 0.1678571 0.1955816 0.1769705 0.1801177 0.1729325 0.1689185 0.1718859 0.0090471 0.1820292 
Dasyuridae_Planigale_tenuirostris            0.0899997 0.0831089 0.0924179 0.1078793 0.1049878 0.0277916 0.0829572 0.0944537 0.1067825 0.1113154 0.0886179 0.0310576 0.0369050 0.0974376 0.0840773 0.0288153 0.0439678 0.0000000 0.1068114 0.1041340 0.0931495 0.2074150 0.1197939 0.0297104 0.1049981 0.0868387 0.0982442 0.0985708 0.0974877 0.1633873 0.0872439 0.1218079 0.1044515 0.0281058 0.1080856 
Peramelidae_Echymipera_kalubu                0.1106050 0.1093727 0.1053140 0.1349904 0.1287182 0.1152116 0.0994175 0.1192577 0.1240322 0.0236629 0.1197949 0.1142901 0.1254499 0.1276322 0.1175646 0.1134758 0.1667264 0.1068114 0.0000000 0.1250306 0.1133944 0.2234016 0.1458465 0.1133088 0.1182960 0.1068188 0.1165591 0.1212969 0.1100594 0.1853321 0.1126951 0.1521073 0.0176264 0.1146428 0.0222342 
Macropodidae_Dorcopsulus_vanheurni           0.0719478 0.1010099 0.0972403 0.0338188 0.0309627 0.1208374 0.0668257 0.0823537 0.0263929 0.1261794 0.0787771 0.1251616 0.1306576 0.0853651 0.0790321 0.1228904 0.2044120 0.1041340 0.1250306 0.0000000 0.0722914 0.2011913 0.1183517 0.1247822 0.0733884 0.1089216 0.0753398 0.0078062 0.0705837 0.1380402 0.0777869 0.1010126 0.1204821 0.1200043 0.1240027 
Pseudochiridae_Pseudochirulus_forbesi        0.0684385 0.0919829 0.0834715 0.0800735 0.0792839 0.1082753 0.0599228 0.0749666 0.0753979 0.1136909 0.0729762 0.1076944 0.1175312 0.0807216 0.0647980 0.1059896 0.1750273 0.0931495 0.1133944 0.0722914 0.0000000 0.2118211 0.1170435 0.1070174 0.0851189 0.0985363 0.0415543 0.0671606 0.0187453 0.1043976 0.0646446 0.0970290 0.1096988 0.1039287 0.1125908 
Didelphidae_Didelphis_virginiana             0.1649164 0.1966502 0.2021660 0.2208482 0.2119020 0.2177682 0.1806919 0.2031858 0.2157150 0.2394189 0.2110039 0.2262002 0.2414246 0.2020495 0.1869023 0.2215698 0.2240702 0.2074150 0.2234016 0.2011913 0.2118211 0.0000000 0.0692344 0.2353313 0.2333397 0.2005540 0.2029281 0.1961518 0.2144485 0.2063193 0.1974704 0.2039560 0.2199630 0.2247370 0.2372896 
Marmosidae_Monodelphis_domestica             0.1168293 0.1143233 0.1166936 0.1295578 0.1268170 0.1355706 0.1057187 0.1247620 0.1268205 0.1516214 0.1180803 0.1323968 0.1468395 0.1259720 0.1146191 0.1306135 0.2237303 0.1197939 0.1458465 0.1183517 0.1170435 0.0692344 0.0000000 0.1332462 0.1386911 0.1304017 0.1231597 0.1158859 0.1196846 0.2026781 0.1173919 0.1505137 0.1422642 0.1314811 0.1503841 
Dasyuridae_Antechinus_stuartii               0.1087756 0.0966021 0.0878758 0.1245620 0.1301409 0.0186663 0.0954679 0.1119289 0.1251217 0.1223747 0.1071365 0.0080921 0.0230434 0.1161001 0.1040890 0.0067849 0.0255453 0.0297104 0.1133088 0.1247822 0.1070174 0.2353313 0.1332462 0.0000000 0.1162837 0.1015707 0.1022422 0.1199135 0.1075388 0.1804789 0.1052131 0.1404360 0.1173454 0.0189350 0.1192366 
Hypsiprymnodontidae_Hypsiprymnodon_moschatus 0.0783521 0.0984107 0.0909507 0.0729829 0.0792664 0.1120547 0.0741855 0.0899427 0.0699726 0.1237750 0.0851684 0.1135102 0.1256705 0.0891955 0.0780697 0.1117641 0.1929447 0.1049981 0.1182960 0.0733884 0.0851189 0.2333397 0.1386911 0.1162837 0.0000000 0.1119731 0.0937454 0.0708708 0.0878902 0.1635950 0.0804024 0.1095282 0.1181288 0.1133435 0.1215829 
Microbiotheriidae_Dromiciops_gliroides       0.0888776 0.0821197 0.0924232 0.1132596 0.1028067 0.1039668 0.0833300 0.1055101 0.1091933 0.1068597 0.0983609 0.1031548 0.1119652 0.1071127 0.0978699 0.1009340 0.1637628 0.0868387 0.1068188 0.1089216 0.0985363 0.2005540 0.1304017 0.1015707 0.1119731 0.0000000 0.0993694 0.1029645 0.0993242 0.1620715 0.0962923 0.1326580 0.1047493 0.1023439 0.1047413 
Pseudochiridae_Petauroides_volans            0.0662462 0.0983956 0.0769501 0.0875110 0.0809150 0.1076443 0.0637604 0.0811925 0.0805789 0.1142124 0.0786669 0.1008852 0.1122163 0.0809957 0.0680025 0.0995075 0.1678571 0.0982442 0.1165591 0.0753398 0.0415543 0.2029281 0.1231597 0.1022422 0.0937454 0.0993694 0.0000000 0.0718904 0.0411854 0.1126574 0.0645541 0.0990245 0.1109375 0.1057952 0.1130038 
Macropodidae_Wallabia_bicolor                0.0676235 0.0965725 0.0923816 0.0337535 0.0308641 0.1146187 0.0665094 0.0819582 0.0263204 0.1214650 0.0807960 0.1202357 0.1266787 0.0855406 0.0759259 0.1175079 0.1955816 0.0985708 0.1212969 0.0078062 0.0671606 0.1961518 0.1158859 0.1199135 0.0708708 0.1029645 0.0718904 0.0000000 0.0663668 0.1388157 0.0739420 0.1029426 0.1153344 0.1132059 0.1192467 
Pseudochiridae_Pseudocheirus_occidentalis    0.0703139 0.0921966 0.0820227 0.0826774 0.0804807 0.1121515 0.0585093 0.0781655 0.0765982 0.1108812 0.0758987 0.1078634 0.1184285 0.0850329 0.0641020 0.1055878 0.1769705 0.0974877 0.1100594 0.0705837 0.0187453 0.2144485 0.1196846 0.1075388 0.0878902 0.0993242 0.0411854 0.0663668 0.0000000 0.1012325 0.0629841 0.1017759 0.1070380 0.1067568 0.1097937 
Tarsipedidae_Tarsipes_rostratus              0.1060391 0.1500609 0.1365901 0.1620558 0.1521113 0.1783954 0.1013591 0.1281363 0.1474469 0.1908537 0.1310794 0.1777792 0.1948573 0.1260142 0.1186391 0.1722859 0.1801177 0.1633873 0.1853321 0.1380402 0.1043976 0.2063193 0.2026781 0.1804789 0.1635950 0.1620715 0.1126574 0.1388157 0.1012325 0.0000000 0.1260902 0.1246365 0.1824658 0.1869476 0.1888711 
Acrobatidae_Distoechurus_pennatus            0.0659218 0.0850871 0.0812917 0.0895633 0.0856901 0.1061316 0.0584079 0.0776268 0.0780208 0.1166526 0.0722578 0.1049769 0.1142097 0.0776249 0.0412233 0.1023334 0.1729325 0.0872439 0.1126951 0.0777869 0.0646446 0.1974704 0.1173919 0.1052131 0.0804024 0.0962923 0.0645541 0.0739420 0.0629841 0.1260902 0.0000000 0.0935958 0.1105077 0.1016919 0.1155108 
Phalangeridae_Phalanger_carmelitae           0.0779134 0.1163822 0.1130916 0.1212634 0.1157930 0.1330905 0.0493682 0.0377424 0.1093967 0.1546494 0.0340133 0.1414752 0.1440298 0.0320529 0.0957189 0.1389464 0.1689185 0.1218079 0.1521073 0.1010126 0.0970290 0.2039560 0.1505137 0.1404360 0.1095282 0.1326580 0.0990245 0.1029426 0.1017759 0.1246365 0.0935958 0.0000000 0.1456042 0.1368513 0.1520936 
Peramelidae_Peroryctes_raffrayana            0.1065768 0.1092117 0.1016457 0.1327121 0.1264939 0.1191545 0.0967679 0.1152558 0.1209889 0.0200256 0.1117686 0.1145323 0.1248725 0.1223986 0.1132719 0.1137176 0.1718859 0.1044515 0.0176264 0.1204821 0.1096988 0.2199630 0.1422642 0.1173454 0.1181288 0.1047493 0.1109375 0.1153344 0.1070380 0.1824658 0.1105077 0.1456042 0.0000000 0.1136037 0.0179382 
Dasyuridae_Dasyurus_geffroii                 0.1054003 0.0962206 0.0862417 0.1192118 0.1245043 0.0061102 0.0957484 0.1111761 0.1177978 0.1239083 0.1043053 0.0208611 0.0321055 0.1130768 0.1008269 0.0188156 0.0090471 0.0281058 0.1146428 0.1200043 0.1039287 0.2247370 0.1314811 0.0189350 0.1133435 0.1023439 0.1057952 0.1132059 0.1067568 0.1869476 0.1016919 0.1368513 0.1136037 0.0000000 0.1208004 
Peramelidae_Perameles_gunnii                 0.1092556 0.1079332 0.1047036 0.1352326 0.1283127 0.1239429 0.0989689 0.1207353 0.1245611 0.0018998 0.1206654 0.1189775 0.1289429 0.1275734 0.1221249 0.1181573 0.1820292 0.1080856 0.0222342 0.1240027 0.1125908 0.2372896 0.1503841 0.1192366 0.1215829 0.1047413 0.1130038 0.1192467 0.1097937 0.1888711 0.1155108 0.1520936 0.0179382 0.1208004 0.0000000 
