37
Burramyidae_Burramys_parvus                  0.0000000 0.0950675 0.0616215 0.0631293 0.0640727 0.0977688 0.0560782 0.0631816 0.0649085 0.1111316 0.0905397 0.0556486 0.0960992 0.0957839 0.0581550 0.0608948 0.0960670 0.0974465 0.0988287 0.1028189 0.0554817 0.0790567 0.0943325 0.0940826 0.1008005 0.0672331 0.0770416 0.0738311 0.0548769 0.0792474 0.0924988 0.0673656 0.0905397 0.0592459 0.0862781 0.0959713 0.1054456 
Notoryctidae_Notoryctes_typhlops             0.0950675 0.0000000 0.1037804 0.1119828 0.1134186 0.1355484 0.1142907 0.1087931 0.1194462 0.1215871 0.1018405 0.1177923 0.1299960 0.1281044 0.1205654 0.0995986 0.1299551 0.1320349 0.1375082 0.1276121 0.1080733 0.1239601 0.1177535 0.1191177 0.1319714 0.1187957 0.1087536 0.1298994 0.1105897 0.1227154 0.1413349 0.1178527 0.1018405 0.1203444 0.1022396 0.1351526 0.1278017 
Vombatidae_Lasiorhinus_latifrons             0.0616215 0.1037804 0.0000000 0.0744978 0.0762937 0.0917753 0.0628417 0.0753348 0.0763774 0.1070943 0.0736947 0.0694956 0.0909572 0.0906562 0.0725691 0.0606973 0.0891268 0.0898506 0.0892265 0.0956183 0.0689347 0.0806897 0.1055794 0.1011463 0.0911159 0.0731654 0.0801820 0.0854818 0.0683346 0.0785987 0.1058970 0.0789401 0.0736947 0.0691840 0.0915076 0.0908096 0.1024053 
Potoroidae_Bettongia_penicillata             0.0631293 0.1119828 0.0744978 0.0000000 0.0044096 0.1093059 0.0713440 0.0867585 0.0127441 0.1242536 0.0870194 0.0758799 0.1093116 0.1063705 0.0765513 0.0713874 0.1104243 0.1072512 0.1026987 0.1082827 0.0256253 0.0911276 0.1090593 0.1093177 0.1125049 0.0558991 0.0919318 0.0870370 0.0256222 0.0889001 0.1094319 0.0793873 0.0870194 0.0753590 0.0973020 0.1082725 0.1170152 
Potoroidae_Bettongia_lesueur                 0.0640727 0.1134186 0.0762937 0.0044096 0.0000000 0.1112603 0.0737609 0.0886529 0.0147098 0.1266959 0.0876590 0.0753021 0.1094861 0.1066125 0.0774375 0.0722697 0.1116305 0.1091100 0.1021741 0.1110153 0.0276650 0.0937473 0.1094018 0.1091913 0.1145148 0.0552644 0.0956158 0.0871713 0.0283428 0.0917472 0.1132452 0.0803443 0.0876590 0.0762449 0.0984690 0.1101394 0.1198121 
Dasyuridae_Dasyurus_maculatus                0.0977688 0.1355484 0.0917753 0.1093059 0.1112603 0.0000000 0.0983306 0.1093402 0.1156637 0.1325582 0.0440566 0.0999373 0.0207026 0.0285602 0.1022592 0.0937621 0.0176201 0.0094203 0.0262982 0.1223658 0.1018048 0.1099576 0.1150849 0.1157024 0.0209484 0.1096286 0.1039719 0.1200039 0.1026510 0.1170352 0.1287300 0.1105990 0.0440566 0.0997092 0.1131277 0.0100589 0.1222030 
Phalangeridae_Trichosurus_vulpecula          0.0560782 0.1142907 0.0628417 0.0713440 0.0737609 0.0983306 0.0000000 0.0286742 0.0707442 0.1147558 0.0991712 0.0280362 0.0940826 0.0971793 0.0240641 0.0662833 0.0948404 0.0954466 0.1022294 0.1118384 0.0654761 0.0878647 0.1110445 0.1117138 0.0995281 0.0749713 0.0827825 0.0843227 0.0623754 0.0923306 0.0950359 0.0779641 0.0991712 0.0235233 0.1057187 0.0964741 0.1153767 
Phalangeridae_Spilocuscus_maculatus          0.0631816 0.1087931 0.0753348 0.0867585 0.0886529 0.1093402 0.0286742 0.0000000 0.0869990 0.1200368 0.0972826 0.0231699 0.1065853 0.1070952 0.0242080 0.0752910 0.1070957 0.1078722 0.1109961 0.1169455 0.0774604 0.0960441 0.1189789 0.1195720 0.1110729 0.0818491 0.0875008 0.0937853 0.0747740 0.0982944 0.1073208 0.0912208 0.0972826 0.0236143 0.1135366 0.1072365 0.1217906 
Potoroidae_Aepyprymnus_rufescens             0.0649085 0.1194462 0.0763774 0.0127441 0.0147098 0.1156637 0.0707442 0.0869990 0.0000000 0.1259741 0.0958536 0.0737084 0.1138999 0.1118111 0.0775148 0.0731201 0.1161434 0.1117711 0.1105985 0.1145813 0.0290823 0.0971804 0.1118350 0.1138267 0.1171137 0.0583242 0.0961845 0.0913143 0.0284246 0.0959630 0.1123997 0.0804243 0.0958536 0.0763212 0.1017860 0.1128110 0.1216984 
Peramelidae_Perameles_nasuta                 0.1111316 0.1215871 0.1070943 0.1242536 0.1266959 0.1325582 0.1147558 0.1200368 0.1259741 0.0000000 9.0000000 0.1106963 0.1313076 0.1238645 0.1210592 0.1155287 0.1280428 0.1275977 0.1314339 0.0286771 0.1165259 0.1441128 0.1315758 0.1276976 0.1311436 0.1117509 0.1174244 0.1273757 0.1164807 0.1265204 0.1342421 0.1319889 9.0000000 0.1189973 0.0247179 0.1279859 0.0016199 
Myrmecobiidae_Myrmecobius_fasciatus1         0.0905397 0.1018405 0.0736947 0.0870194 0.0876590 0.0440566 0.0991712 0.0972826 0.0958536 9.0000000 0.0000000 0.0916989 0.0331905 0.0471182 0.0897774 0.0995745 0.0377902 0.0360753 0.0441847 0.0856435 0.0955512 0.0935468 0.0761338 0.0649089 0.0421896 0.1192151 0.0875027 0.1324486 0.0958591 0.1012451 0.1642360 0.1144657 0.0000010 0.0930782 0.1654830 0.0397389 0.0856435 
Phalangeridae_Strigocuscus_pelengensis       0.0556486 0.1177923 0.0694956 0.0758799 0.0753021 0.0999373 0.0280362 0.0231699 0.0737084 0.1106963 0.0916989 0.0000000 0.0981126 0.1003557 0.0177746 0.0669310 0.0988849 0.0988545 0.1058432 0.1082519 0.0690347 0.0939293 0.1065465 0.1083560 0.1040612 0.0741332 0.0836112 0.0905201 0.0659472 0.0949874 0.0980156 0.0796514 0.0916989 0.0178715 0.1021372 0.0964466 0.1092436 
Dasyuridae_Phascogale_tapoatafa              0.0960992 0.1299960 0.0909572 0.1093116 0.1094861 0.0207026 0.0940826 0.1065853 0.1138999 0.1313076 0.0331905 0.0981126 0.0000000 0.0227332 0.1014481 0.0945225 0.0032093 0.0160171 0.0277461 0.1218159 0.0993203 0.1108801 0.1153607 0.1123306 0.0116253 0.1126659 0.1033758 0.1203640 0.0991893 0.1183290 0.1322251 0.1090648 0.0331905 0.1005332 0.1137556 0.0180202 0.1216527 
Dasyuridae_Sminthopsis_macroura              0.0957839 0.1281044 0.0906562 0.1063705 0.1066125 0.0285602 0.0971793 0.1070952 0.1118111 0.1238645 0.0471182 0.1003557 0.0227332 0.0000000 0.1035430 0.0950497 0.0217431 0.0238121 0.0194558 0.1136621 0.0998445 0.1045302 0.1117233 0.1134875 0.0243599 0.1086525 0.1029056 0.1105160 0.0973079 0.1226114 0.1320957 0.1093718 0.0471182 0.1026480 0.1004438 0.0245109 0.1152167 
Phalangeridae_Phalanger_orientalis           0.0581550 0.1205654 0.0725691 0.0765513 0.0774375 0.1022592 0.0240641 0.0242080 0.0775148 0.1210592 0.0897774 0.0177746 0.1014481 0.1035430 0.0000000 0.0683793 0.1024121 0.1018537 0.1094987 0.1139258 0.0721883 0.0915045 0.1162327 0.1140593 0.1070489 0.0779578 0.0849302 0.0917853 0.0690411 0.0987218 0.1009056 0.0823863 0.0897774 0.0057057 0.1106460 0.1011226 0.1166106 
Acrobatidae_Acrobates_pygmaeus               0.0608948 0.0995986 0.0606973 0.0713874 0.0722697 0.0937621 0.0662833 0.0752910 0.0731201 0.1155287 0.0995745 0.0669310 0.0945225 0.0950497 0.0683793 0.0000000 0.0945415 0.0933936 0.0936677 0.1074429 0.0669016 0.0734061 0.1117988 0.1086273 0.0974152 0.0753969 0.0854515 0.0780498 0.0668888 0.0781484 0.0911536 0.0428508 0.0995745 0.0692464 0.0925487 0.0927377 0.1101134 
Dasyuridae_Phascogale_calura                 0.0960670 0.1299551 0.0891268 0.1104243 0.1116305 0.0176201 0.0948404 0.1070957 0.1161434 0.1280428 0.0377902 0.0988849 0.0032093 0.0217431 0.1024121 0.0945415 0.0000000 0.0142780 0.0259968 0.1215629 0.0969246 0.1102967 0.1146412 0.1125776 0.0098777 0.1111322 0.1024348 0.1165396 0.0993422 0.1177517 0.1313502 0.1083865 0.0377902 0.1014873 0.1114722 0.0162994 0.1213972 
Dasyuridae_Sarcophilus_harrisii              0.0974465 0.1320349 0.0898506 0.1072512 0.1091100 0.0094203 0.0954466 0.1078722 0.1117711 0.1275977 0.0360753 0.0988545 0.0160171 0.0238121 0.1018537 0.0933936 0.0142780 0.0000000 0.0247313 0.1167180 0.0982173 0.1095093 0.1129730 0.1135648 0.0175310 0.1095395 0.1020845 0.1177346 0.0989196 0.1185310 0.1312494 0.1077378 0.0360753 0.1009506 0.1100098 0.0056036 0.1165649 
Dasyuridae_Planigale_tenuirostris            0.0988287 0.1375082 0.0892265 0.1026987 0.1021741 0.0262982 0.1022294 0.1109961 0.1105985 0.1314339 0.0441847 0.1058432 0.0277461 0.0194558 0.1094987 0.0936677 0.0259968 0.0247313 0.0000000 0.1197590 0.0914537 0.1029695 0.1105301 0.1105894 0.0301571 0.1075225 0.1045819 0.1139853 0.0966648 0.1122512 0.1326802 0.1144477 0.0441847 0.1091247 0.1044980 0.0254837 0.1205460 
Peramelidae_Echymipera_kalubu                0.1028189 0.1276121 0.0956183 0.1082827 0.1110153 0.1223658 0.1118384 0.1169455 0.1145813 0.0286771 0.0856435 0.1082519 0.1218159 0.1136621 0.1139258 0.1074429 0.1215629 0.1167180 0.1197590 0.0000000 0.1092753 0.1276876 0.1211896 0.1180713 0.1244440 0.1117649 0.1088194 0.1254927 0.1100724 0.1253387 0.1392413 0.1202059 0.0856435 0.1139279 0.0231099 0.1177653 0.0243335 
Macropodidae_Dorcopsulus_vanheurni           0.0554817 0.1080733 0.0689347 0.0256253 0.0276650 0.1018048 0.0654761 0.0774604 0.0290823 0.1165259 0.0955512 0.0690347 0.0993203 0.0998445 0.0721883 0.0669016 0.0969246 0.0982173 0.0914537 0.1092753 0.0000000 0.0897108 0.1042186 0.1022654 0.1039566 0.0523667 0.0894999 0.0854698 0.0148994 0.0883907 0.1005714 0.0757627 0.0955512 0.0709846 0.0901675 0.0991393 0.1128427 
Pseudochiridae_Pseudochirulus_forbesi        0.0790567 0.1239601 0.0806897 0.0911276 0.0937473 0.1099576 0.0878647 0.0960441 0.0971804 0.1441128 0.0935468 0.0939293 0.1108801 0.1045302 0.0915045 0.0734061 0.1102967 0.1095093 0.1029695 0.1276876 0.0897108 0.0000000 0.1273123 0.1246263 0.1124398 0.0963033 0.1015160 0.0681237 0.0869016 0.0406528 0.0949166 0.0866997 0.0935468 0.0912501 0.1104093 0.1087610 0.1323019 
Didelphidae_Didelphis_virginiana             0.0943325 0.1177535 0.1055794 0.1090593 0.1094018 0.1150849 0.1110445 0.1189789 0.1118350 0.1315758 0.0761338 0.1065465 0.1153607 0.1117233 0.1162327 0.1117988 0.1146412 0.1129730 0.1105301 0.1211896 0.1042186 0.1273123 0.0000000 0.0374894 0.1176371 0.1180542 0.1042990 0.1225585 0.1049333 0.1224268 0.1421757 0.1266570 0.0761338 0.1131518 0.1011030 0.1113348 0.1232533 
Marmosidae_Monodelphis_domestica             0.0940826 0.1191177 0.1011463 0.1093177 0.1091913 0.1157024 0.1117138 0.1195720 0.1138267 0.1276976 0.0649089 0.1083560 0.1123306 0.1134875 0.1140593 0.1086273 0.1125776 0.1135648 0.1105894 0.1180713 0.1022654 0.1246263 0.0374894 0.0000000 0.1155854 0.1127726 0.1110868 0.1228986 0.1031637 0.1261122 0.1420789 0.1231380 0.0649089 0.1101062 0.0937935 0.1128675 0.1209664 
Dasyuridae_Antechinus_stuartii               0.1008005 0.1319714 0.0911159 0.1125049 0.1145148 0.0209484 0.0995281 0.1110729 0.1171137 0.1311436 0.0421896 0.1040612 0.0116253 0.0243599 0.1070489 0.0974152 0.0098777 0.0175310 0.0301571 0.1244440 0.1039566 0.1124398 0.1176371 0.1155854 0.0000000 0.1160471 0.1056030 0.1237551 0.1038994 0.1179283 0.1357985 0.1105840 0.0421896 0.1052960 0.1117260 0.0195681 0.1242744 
Hypsiprymnodontidae_Hypsiprymnodon_moschatus 0.0672331 0.1187957 0.0731654 0.0558991 0.0552644 0.1096286 0.0749713 0.0818491 0.0583242 0.1117509 0.1192151 0.0741332 0.1126659 0.1086525 0.0779578 0.0753969 0.1111322 0.1095395 0.1075225 0.1117649 0.0523667 0.0963033 0.1180542 0.1127726 0.1160471 0.0000000 0.0975526 0.0941144 0.0478145 0.0931668 0.1101455 0.0831341 0.1192151 0.0761349 0.0977504 0.1087805 0.1154026 
Microbiotheriidae_Dromiciops_gliroides       0.0770416 0.1087536 0.0801820 0.0919318 0.0956158 0.1039719 0.0827825 0.0875008 0.0961845 0.1174244 0.0875027 0.0836112 0.1033758 0.1029056 0.0849302 0.0854515 0.1024348 0.1020845 0.1045819 0.1088194 0.0894999 0.1015160 0.1042990 0.1110868 0.1056030 0.0975526 0.0000000 0.0988976 0.0895890 0.1005682 0.1148079 0.0989924 0.0875027 0.0847328 0.1038868 0.1029462 0.1126878 
Pseudochiridae_Petauroides_volans            0.0738311 0.1298994 0.0854818 0.0870370 0.0871713 0.1200039 0.0843227 0.0937853 0.0913143 0.1273757 0.1324486 0.0905201 0.1203640 0.1105160 0.0917853 0.0780498 0.1165396 0.1177346 0.1139853 0.1254927 0.0854698 0.0681237 0.1225585 0.1228986 0.1237551 0.0941144 0.0988976 0.0000000 0.0829568 0.0642990 0.0917190 0.0903451 0.1324486 0.0916687 0.1087683 0.1171181 0.1283056 
Macropodidae_Wallabia_bicolor                0.0548769 0.1105897 0.0683346 0.0256222 0.0283428 0.1026510 0.0623754 0.0747740 0.0284246 0.1164807 0.0958591 0.0659472 0.0991893 0.0973079 0.0690411 0.0668888 0.0993422 0.0989196 0.0966648 0.1100724 0.0148994 0.0869016 0.1049333 0.1031637 0.1038994 0.0478145 0.0895890 0.0829568 0.0000000 0.0897518 0.1015346 0.0765176 0.0958591 0.0676933 0.0915664 0.0999801 0.1136434 
Pseudochiridae_Pseudocheirus_occidentalis    0.0792474 0.1227154 0.0785987 0.0889001 0.0917472 0.1170352 0.0923306 0.0982944 0.0959630 0.1265204 0.1012451 0.0949874 0.1183290 0.1226114 0.0987218 0.0781484 0.1177517 0.1185310 0.1122512 0.1253387 0.0883907 0.0406528 0.1224268 0.1261122 0.1179283 0.0931668 0.1005682 0.0642990 0.0897518 0.0000000 0.0908372 0.0888784 0.1012451 0.0974453 0.1054115 0.1187398 0.1265385 
Tarsipedidae_Tarsipes_rostratus              0.0924988 0.1413349 0.1058970 0.1094319 0.1132452 0.1287300 0.0950359 0.1073208 0.1123997 0.1342421 0.1642360 0.0980156 0.1322251 0.1320957 0.1009056 0.0911536 0.1313502 0.1312494 0.1326802 0.1392413 0.1005714 0.0949166 0.1421757 0.1420789 0.1357985 0.1101455 0.1148079 0.0917190 0.1015346 0.0908372 0.0000000 0.1053213 0.1642360 0.1008330 0.1190156 0.1287320 0.1401525 
Acrobatidae_Distoechurus_pennatus            0.0673656 0.1178527 0.0789401 0.0793873 0.0803443 0.1105990 0.0779641 0.0912208 0.0804243 0.1319889 0.1144657 0.0796514 0.1090648 0.1093718 0.0823863 0.0428508 0.1083865 0.1077378 0.1144477 0.1202059 0.0757627 0.0866997 0.1266570 0.1231380 0.1105840 0.0831341 0.0989924 0.0903451 0.0765176 0.0888784 0.1053213 0.0000000 0.1144657 0.0813172 0.1094380 0.1079188 0.1229504 
Myrmecobiidae_Myrmecobius_fasciatus2         0.0905397 0.1018405 0.0736947 0.0870194 0.0876590 0.0440566 0.0991712 0.0972826 0.0958536 9.0000000 0.0000010 0.0916989 0.0331905 0.0471182 0.0897774 0.0995745 0.0377902 0.0360753 0.0441847 0.0856435 0.0955512 0.0935468 0.0761338 0.0649089 0.0421896 0.1192151 0.0875027 0.1324486 0.0958591 0.1012451 0.1642360 0.1144657 0.0000000 0.0930782 0.1654830 0.0397389 0.0856435 
Phalangeridae_Phalanger_carmelitae           0.0592459 0.1203444 0.0691840 0.0753590 0.0762449 0.0997092 0.0235233 0.0236143 0.0763212 0.1189973 0.0930782 0.0178715 0.1005332 0.1026480 0.0057057 0.0692464 0.1014873 0.1009506 0.1091247 0.1139279 0.0709846 0.0912501 0.1131518 0.1101062 0.1052960 0.0761349 0.0847328 0.0916687 0.0676933 0.0974453 0.1008330 0.0813172 0.0930782 0.0000000 0.1060794 0.0985787 0.1166310 
Peramelidae_Peroryctes_raffrayana            0.0862781 0.1022396 0.0915076 0.0973020 0.0984690 0.1131277 0.1057187 0.1135366 0.1017860 0.0247179 0.1654830 0.1021372 0.1137556 0.1004438 0.1106460 0.0925487 0.1114722 0.1100098 0.1044980 0.0231099 0.0901675 0.1104093 0.1011030 0.0937935 0.1117260 0.0977504 0.1038868 0.1087683 0.0915664 0.1054115 0.1190156 0.1094380 0.1654830 0.1060794 0.0000000 0.1090964 0.0241747 
Dasyuridae_Dasyurus_geffroii                 0.0959713 0.1351526 0.0908096 0.1082725 0.1101394 0.0100589 0.0964741 0.1072365 0.1128110 0.1279859 0.0397389 0.0964466 0.0180202 0.0245109 0.1011226 0.0927377 0.0162994 0.0056036 0.0254837 0.1177653 0.0991393 0.1087610 0.1113348 0.1128675 0.0195681 0.1087805 0.1029462 0.1171181 0.0999801 0.1187398 0.1287320 0.1079188 0.0397389 0.0985787 0.1090964 0.0000000 0.1176103 
Peramelidae_Perameles_gunnii                 0.1054456 0.1278017 0.1024053 0.1170152 0.1198121 0.1222030 0.1153767 0.1217906 0.1216984 0.0016199 0.0856435 0.1092436 0.1216527 0.1152167 0.1166106 0.1101134 0.1213972 0.1165649 0.1205460 0.0243335 0.1128427 0.1323019 0.1232533 0.1209664 0.1242744 0.1154026 0.1126878 0.1283056 0.1136434 0.1265385 0.1401525 0.1229504 0.0856435 0.1166310 0.0241747 0.1176103 0.0000000 
