35
Burramyidae_Burramys_parvus                  0.0000000 0.1299468 0.0685491 0.0781309 0.0761219 0.1230930 0.0545075 0.0593991 0.0727384 0.1332037 0.0595965 0.1214282 0.1239291 0.0652278 0.0737013 0.1269939 0.1197379 0.1138947 0.1364581 0.0746557 0.0669562 0.1384277 0.1409023 0.1331887 0.0704775 0.0871250 0.0650623 0.0734598 0.0718076 0.0826495 0.0699987 0.0651214 0.1399693 0.1182993 0.1338079 
Notoryctidae_Notoryctes_typhlops             0.1299468 0.0000000 0.1357402 0.1545936 0.1540779 0.1781754 0.1340078 0.1357730 0.1511665 0.1857964 0.1357561 0.1792307 0.1867011 0.1398916 0.1408972 0.1843580 0.1743236 0.1707736 0.1945602 0.1521531 0.1493371 0.2038212 0.1977569 0.1887791 0.1432038 0.1469726 0.1463901 0.1525405 0.1582714 0.1667982 0.1396442 0.1425208 0.1938573 0.1740343 0.1906311 
Vombatidae_Lasiorhinus_latifrons             0.0685491 0.1357402 0.0000000 0.0857190 0.0829238 0.1202233 0.0715697 0.0709531 0.0827398 0.1292071 0.0687200 0.1140312 0.1175774 0.0745873 0.0785654 0.1229741 0.1168100 0.1096052 0.1395720 0.0856166 0.0758529 0.1284491 0.1395142 0.1292964 0.0845256 0.0926023 0.0747299 0.0843364 0.0810583 0.0999077 0.0805082 0.0748766 0.1387996 0.1130580 0.1319745 
Potoroidae_Bettongia_penicillata             0.0781309 0.1545936 0.0857190 0.0000000 0.0066842 0.1468873 0.0804636 0.0839108 0.0128096 0.1515362 0.0827336 0.1421756 0.1482308 0.0918458 0.0904108 0.1538942 0.1437059 0.1338950 0.1552489 0.0266408 0.0873544 0.1465104 0.1521206 0.1539160 0.0475986 0.1190239 0.0820473 0.0262617 0.0901729 0.1013164 0.0885645 0.0917141 0.1583262 0.1425207 0.1525334 
Potoroidae_Bettongia_lesueur                 0.0761219 0.1540779 0.0829238 0.0066842 0.0000000 0.1434505 0.0779519 0.0805522 0.0110517 0.1487596 0.0790756 0.1387260 0.1448956 0.0879828 0.0903158 0.1504628 0.1403828 0.1304933 0.1542474 0.0266536 0.0861675 0.1419353 0.1437304 0.1503778 0.0462083 0.1177009 0.0812961 0.0250588 0.0904360 0.1003228 0.0890347 0.0882228 0.1572428 0.1390728 0.1497199 
Dasyuridae_Dasyurus_maculatus                0.1230930 0.1781754 0.1202233 0.1468873 0.1434505 0.0000000 0.1186329 0.1236288 0.1375461 0.1764375 0.1131849 0.0233712 0.0432624 0.1290960 0.1386197 0.0266357 0.0115768 0.0338905 0.1819050 0.1361085 0.1326582 0.1543990 0.1643640 0.0280125 0.1373938 0.1164104 0.1301964 0.1362766 0.1414553 0.1541250 0.1400941 0.1296096 0.1828511 0.0075458 0.1820101 
Phalangeridae_Trichosurus_vulpecula          0.0545075 0.1340078 0.0715697 0.0804636 0.0779519 0.1186329 0.0000000 0.0189691 0.0771814 0.1303258 0.0182643 0.1148730 0.1218543 0.0237378 0.0736238 0.1236469 0.1145258 0.1097426 0.1373788 0.0749752 0.0699651 0.1216100 0.1333825 0.1293210 0.0765730 0.0918655 0.0688786 0.0761433 0.0768443 0.0902852 0.0709225 0.0237294 0.1386958 0.1119875 0.1317215 
Phalangeridae_Spilocuscus_maculatus          0.0593991 0.1357730 0.0709531 0.0839108 0.0805522 0.1236288 0.0189691 0.0000000 0.0805295 0.1381216 0.0099408 0.1189527 0.1248939 0.0115013 0.0759798 0.1278359 0.1184680 0.1153424 0.1456467 0.0798519 0.0741151 0.1264932 0.1366460 0.1333218 0.0780794 0.0931196 0.0690657 0.0795973 0.0813180 0.0915955 0.0696627 0.0124862 0.1446505 0.1169720 0.1395531 
Potoroidae_Aepyprymnus_rufescens             0.0727384 0.1511665 0.0827398 0.0128096 0.0110517 0.1375461 0.0771814 0.0805295 0.0000000 0.1489815 0.0787031 0.1352123 0.1388515 0.0879896 0.0858849 0.1462777 0.1384929 0.1265083 0.1553689 0.0244860 0.0847884 0.1419763 0.1448971 0.1460815 0.0469378 0.1151597 0.0807545 0.0228525 0.0893523 0.0999317 0.0847038 0.0882305 0.1577909 0.1350992 0.1505565 
Peramelidae_Perameles_nasuta                 0.1332037 0.1857964 0.1292071 0.1515362 0.1487596 0.1764375 0.1303258 0.1381216 0.1489815 0.0000000 0.1338450 0.1746904 0.1766667 0.1458098 0.1417802 0.1791317 0.1771903 0.1708717 0.0235210 0.1513051 0.1523506 0.1930685 0.1935423 0.1805097 0.1478500 0.1470901 0.1431069 0.1438194 0.1581309 0.1627347 0.1452396 0.1449534 0.0224028 0.1787990 0.0004774 
Phalangeridae_Strigocuscus_pelengensis       0.0595965 0.1357561 0.0687200 0.0827336 0.0790756 0.1131849 0.0182643 0.0099408 0.0787031 0.1338450 0.0000000 0.1065517 0.1139976 0.0106802 0.0696111 0.1165304 0.1113747 0.1128190 0.1410706 0.0763468 0.0710224 0.1249586 0.1358110 0.1239637 0.0749432 0.0985853 0.0660791 0.0779141 0.0761696 0.0875163 0.0673869 0.0109664 0.1374976 0.1127738 0.1348780 
Dasyuridae_Phascogale_tapoatafa              0.1214282 0.1792307 0.1140312 0.1421756 0.1387260 0.0233712 0.1148730 0.1189527 0.1352123 0.1746904 0.1065517 0.0000000 0.0357962 0.1229817 0.1343136 0.0064255 0.0233143 0.0326370 0.1753175 0.1331761 0.1246270 0.1479225 0.1605806 0.0151266 0.1295467 0.1214026 0.1241818 0.1333206 0.1384443 0.1430870 0.1368333 0.1247648 0.1806694 0.0192223 0.1817542 
Dasyuridae_Sminthopsis_macroura              0.1239291 0.1867011 0.1175774 0.1482308 0.1448956 0.0432624 0.1218543 0.1248939 0.1388515 0.1766667 0.1139976 0.0357962 0.0000000 0.1286036 0.1377056 0.0388669 0.0425133 0.0279531 0.1794714 0.1384762 0.1337945 0.1569877 0.1710996 0.0436998 0.1336142 0.1208932 0.1299310 0.1387155 0.1436829 0.1549640 0.1406794 0.1294755 0.1810938 0.0376493 0.1838520 
Phalangeridae_Phalanger_orientalis           0.0652278 0.1398916 0.0745873 0.0918458 0.0879828 0.1290960 0.0237378 0.0115013 0.0879896 0.1458098 0.0106802 0.1229817 0.1286036 0.0000000 0.0821353 0.1296828 0.1241467 0.1195836 0.1531429 0.0869949 0.0792595 0.1317327 0.1446011 0.1390117 0.0823793 0.0980116 0.0761384 0.0867693 0.0859087 0.0973683 0.0773923 0.0041029 0.1538103 0.1218029 0.1471474 
Acrobatidae_Acrobates_pygmaeus               0.0737013 0.1408972 0.0785654 0.0904108 0.0903158 0.1386197 0.0736238 0.0759798 0.0858849 0.1417802 0.0696111 0.1343136 0.1377056 0.0821353 0.0000000 0.1454011 0.1318533 0.1291412 0.1496485 0.0894549 0.0723320 0.1406605 0.1466222 0.1489622 0.0862466 0.1058532 0.0713396 0.0882129 0.0802575 0.0916271 0.0436351 0.0803748 0.1475006 0.1308858 0.1457090 
Dasyuridae_Phascogale_calura                 0.1269939 0.1843580 0.1229741 0.1538942 0.1504628 0.0266357 0.1236469 0.1278359 0.1462777 0.1791317 0.1165304 0.0064255 0.0388669 0.1296828 0.1454011 0.0000000 0.0271428 0.0343185 0.1828610 0.1441585 0.1373988 0.1589751 0.1747713 0.0164171 0.1409615 0.1215239 0.1342479 0.1459949 0.1486684 0.1562342 0.1458127 0.1309400 0.1879093 0.0228627 0.1850331 
Dasyuridae_Sarcophilus_harrisii              0.1197379 0.1743236 0.1168100 0.1437059 0.1403828 0.0115768 0.1145258 0.1184680 0.1384929 0.1771903 0.1113747 0.0233143 0.0425133 0.1241467 0.1318533 0.0271428 0.0000000 0.0341407 0.1788588 0.1363474 0.1293355 0.1526839 0.1634325 0.0299747 0.1372605 0.1169854 0.1254478 0.1359997 0.1399588 0.1485521 0.1357528 0.1242773 0.1826698 0.0090186 0.1804902 
Dasyuridae_Planigale_tenuirostris            0.1138947 0.1707736 0.1096052 0.1338950 0.1304933 0.0338905 0.1097426 0.1153424 0.1265083 0.1708717 0.1128190 0.0326370 0.0279531 0.1195836 0.1291412 0.0343185 0.0341407 0.0000000 0.1672231 0.1231629 0.1212050 0.1531816 0.1638930 0.0374209 0.1264844 0.1224214 0.1173853 0.1238648 0.1334556 0.1449421 0.1300174 0.1213806 0.1658566 0.0335102 0.1722544 
Peramelidae_Echymipera_kalubu                0.1364581 0.1945602 0.1395720 0.1552489 0.1542474 0.1819050 0.1373788 0.1456467 0.1553689 0.0235210 0.1410706 0.1753175 0.1794714 0.1531429 0.1496485 0.1828610 0.1788588 0.1672231 0.0000000 0.1573499 0.1562758 0.1840107 0.1948712 0.1854025 0.1572038 0.1513276 0.1425112 0.1544429 0.1567557 0.1653777 0.1481564 0.1516878 0.0219224 0.1779875 0.0233582 
Macropodidae_Dorcopsulus_vanheurni           0.0746557 0.1521531 0.0856166 0.0266408 0.0266536 0.1361085 0.0749752 0.0798519 0.0244860 0.1513051 0.0763468 0.1331761 0.1384762 0.0869949 0.0894549 0.1441585 0.1363474 0.1231629 0.1573499 0.0000000 0.0877935 0.1513228 0.1550344 0.1471432 0.0429494 0.1126939 0.0836863 0.0092114 0.0909581 0.1010060 0.0894433 0.0872663 0.1596667 0.1333050 0.1516559 
Pseudochiridae_Pseudochirulus_forbesi        0.0669562 0.1493371 0.0758529 0.0873544 0.0861675 0.1326582 0.0699651 0.0741151 0.0847884 0.1523506 0.0710224 0.1246270 0.1337945 0.0792595 0.0723320 0.1373988 0.1293355 0.1212050 0.1562758 0.0877935 0.0000000 0.1348391 0.1436204 0.1432213 0.0831957 0.1141042 0.0308119 0.0865560 0.0259712 0.0701149 0.0698131 0.0779494 0.1580855 0.1264244 0.1535410 
Didelphidae_Didelphis_virginiana             0.1384277 0.2038212 0.1284491 0.1465104 0.1419353 0.1543990 0.1216100 0.1264932 0.1419763 0.1930685 0.1249586 0.1479225 0.1569877 0.1317327 0.1406605 0.1589751 0.1526839 0.1531816 0.1840107 0.1513228 0.1348391 0.0000000 0.0444748 0.1617887 0.1530040 0.1446844 0.1333794 0.1476769 0.1543511 0.1557714 0.1445264 0.1310133 0.1936737 0.1515302 0.1952570 
Marmosidae_Monodelphis_domestica             0.1409023 0.1977569 0.1395142 0.1521206 0.1437304 0.1643640 0.1333825 0.1366460 0.1448971 0.1935423 0.1358110 0.1605806 0.1710996 0.1446011 0.1466222 0.1747713 0.1634325 0.1638930 0.1948712 0.1550344 0.1436204 0.0444748 0.0000000 0.1759707 0.1483519 0.1497856 0.1415706 0.1547833 0.1565088 0.1662081 0.1461826 0.1444844 0.1924342 0.1656449 0.1943734 
Dasyuridae_Antechinus_stuartii               0.1331887 0.1887791 0.1292964 0.1539160 0.1503778 0.0280125 0.1293210 0.1333218 0.1460815 0.1805097 0.1239637 0.0151266 0.0436998 0.1390117 0.1489622 0.0164171 0.0299747 0.0374209 0.1854025 0.1471432 0.1432213 0.1617887 0.1759707 0.0000000 0.1468909 0.1252286 0.1384963 0.1500184 0.1525297 0.1642476 0.1533084 0.1406259 0.1903166 0.0244663 0.1879104 
Hypsiprymnodontidae_Hypsiprymnodon_moschatus 0.0704775 0.1432038 0.0845256 0.0475986 0.0462083 0.1373938 0.0765730 0.0780794 0.0469378 0.1478500 0.0749432 0.1295467 0.1336142 0.0823793 0.0862466 0.1409615 0.1372605 0.1264844 0.1572038 0.0429494 0.0831957 0.1530040 0.1483519 0.1468909 0.0000000 0.1199974 0.0784169 0.0424444 0.0912490 0.0987793 0.0895106 0.0835258 0.1521894 0.1375057 0.1476374 
Microbiotheriidae_Dromiciops_gliroides       0.0871250 0.1469726 0.0926023 0.1190239 0.1177009 0.1164104 0.0918655 0.0931196 0.1151597 0.1470901 0.0985853 0.1214026 0.1208932 0.0980116 0.1058532 0.1215239 0.1169854 0.1224214 0.1513276 0.1126939 0.1141042 0.1446844 0.1497856 0.1252286 0.1199974 0.0000000 0.1030262 0.1117579 0.1229613 0.1235987 0.1131078 0.0970138 0.1500699 0.1167146 0.1469184 
Pseudochiridae_Petauroides_volans            0.0650623 0.1463901 0.0747299 0.0820473 0.0812961 0.1301964 0.0688786 0.0690657 0.0807545 0.1431069 0.0660791 0.1241818 0.1299310 0.0761384 0.0713396 0.1342479 0.1254478 0.1173853 0.1425112 0.0836863 0.0308119 0.1333794 0.1415706 0.1384963 0.0784169 0.1030262 0.0000000 0.0831800 0.0368035 0.0691052 0.0661562 0.0756055 0.1450452 0.1250187 0.1461421 
Macropodidae_Wallabia_bicolor                0.0734598 0.1525405 0.0843364 0.0262617 0.0250588 0.1362766 0.0761433 0.0795973 0.0228525 0.1438194 0.0779141 0.1333206 0.1387155 0.0867693 0.0882129 0.1459949 0.1359997 0.1238648 0.1544429 0.0092114 0.0865560 0.1476769 0.1547833 0.1500184 0.0424444 0.1117579 0.0831800 0.0000000 0.0922373 0.0993851 0.0899873 0.0870220 0.1557248 0.1322075 0.1443002 
Pseudochiridae_Pseudocheirus_occidentalis    0.0718076 0.1582714 0.0810583 0.0901729 0.0904360 0.1414553 0.0768443 0.0813180 0.0893523 0.1581309 0.0761696 0.1384443 0.1436829 0.0859087 0.0802575 0.1486684 0.1399588 0.1334556 0.1567557 0.0909581 0.0259712 0.1543511 0.1565088 0.1525297 0.0912490 0.1229613 0.0368035 0.0922373 0.0000000 0.0853869 0.0766656 0.0837018 0.1594822 0.1386190 0.1583823 
Tarsipedidae_Tarsipes_rostratus              0.0826495 0.1667982 0.0999077 0.1013164 0.1003228 0.1541250 0.0902852 0.0915955 0.0999317 0.1627347 0.0875163 0.1430870 0.1549640 0.0973683 0.0916271 0.1562342 0.1485521 0.1449421 0.1653777 0.1010060 0.0701149 0.1557714 0.1662081 0.1642476 0.0987793 0.1235987 0.0691052 0.0993851 0.0853869 0.0000000 0.0858703 0.0957206 0.1705675 0.1484995 0.1662576 
Acrobatidae_Distoechurus_pennatus            0.0699987 0.1396442 0.0805082 0.0885645 0.0890347 0.1400941 0.0709225 0.0696627 0.0847038 0.1452396 0.0673869 0.1368333 0.1406794 0.0773923 0.0436351 0.1458127 0.1357528 0.1300174 0.1481564 0.0894433 0.0698131 0.1445264 0.1461826 0.1533084 0.0895106 0.1131078 0.0661562 0.0899873 0.0766656 0.0858703 0.0000000 0.0752480 0.1499621 0.1337617 0.1456702 
Phalangeridae_Phalanger_carmelitae           0.0651214 0.1425208 0.0748766 0.0917141 0.0882228 0.1296096 0.0237294 0.0124862 0.0882305 0.1449534 0.0109664 0.1247648 0.1294755 0.0041029 0.0803748 0.1309400 0.1242773 0.1213806 0.1516878 0.0872663 0.0779494 0.1310133 0.1444844 0.1406259 0.0835258 0.0970138 0.0756055 0.0870220 0.0837018 0.0957206 0.0752480 0.0000000 0.1513267 0.1228828 0.1462953 
Peramelidae_Peroryctes_raffrayana            0.1399693 0.1938573 0.1387996 0.1583262 0.1572428 0.1828511 0.1386958 0.1446505 0.1577909 0.0224028 0.1374976 0.1806694 0.1810938 0.1538103 0.1475006 0.1879093 0.1826698 0.1658566 0.0219224 0.1596667 0.1580855 0.1936737 0.1924342 0.1903166 0.1521894 0.1500699 0.1450452 0.1557248 0.1594822 0.1705675 0.1499621 0.1513267 0.0000000 0.1787795 0.0242562 
Dasyuridae_Dasyurus_geffroii                 0.1182993 0.1740343 0.1130580 0.1425207 0.1390728 0.0075458 0.1119875 0.1169720 0.1350992 0.1787990 0.1127738 0.0192223 0.0376493 0.1218029 0.1308858 0.0228627 0.0090186 0.0335102 0.1779875 0.1333050 0.1264244 0.1515302 0.1656449 0.0244663 0.1375057 0.1167146 0.1250187 0.1322075 0.1386190 0.1484995 0.1337617 0.1228828 0.1787795 0.0000000 0.1793429 
Peramelidae_Perameles_gunnii                 0.1338079 0.1906311 0.1319745 0.1525334 0.1497199 0.1820101 0.1317215 0.1395531 0.1505565 0.0004774 0.1348780 0.1817542 0.1838520 0.1471474 0.1457090 0.1850331 0.1804902 0.1722544 0.0233582 0.1516559 0.1535410 0.1952570 0.1943734 0.1879104 0.1476374 0.1469184 0.1461421 0.1443002 0.1583823 0.1662576 0.1456702 0.1462953 0.0242562 0.1793429 0.0000000 
