39
Burramyidae_Burramys_parvus                  0.0000000 0.1010215 0.0584818 0.0720745 0.0725146 0.0713676 0.0552895 0.0635218 0.0753277 0.0977155 0.0640198 0.0747620 0.0759323 0.0638526 0.0556950 0.0737400 0.0743422 0.0743609 0.0858906 0.0724343 0.0642185 0.1135724 0.1069332 0.0752215 0.0757902 0.0754691 0.0576856 0.0696130 0.0627624 0.0708899 0.0596581 0.0637826 0.0885744 0.0733362 0.0947366 0.0724777 0.0425149 0.0425149 0.0724777 
Notoryctidae_Notoryctes_typhlops             0.1010215 0.0000000 0.0922921 0.1148771 0.1107083 0.0895177 0.0919237 0.0985369 0.1164577 0.1228101 0.1018773 0.0940843 0.0975022 0.0990123 0.0939450 0.0930190 0.0915515 0.0961594 0.1096282 0.1110723 0.0977130 0.1314679 0.1253684 0.0947811 0.1100693 0.0989512 0.0961029 0.1106684 0.1045511 0.1076086 0.0956708 0.0983193 0.1141558 0.0915097 0.1189125 0.0808315 0.0546316 0.0546316 0.0808315 
Vombatidae_Lasiorhinus_latifrons             0.0584818 0.0922921 0.0000000 0.0760668 0.0759106 0.0637680 0.0571490 0.0612156 0.0765375 0.0920565 0.0615841 0.0666204 0.0691246 0.0617528 0.0556118 0.0656292 0.0666146 0.0657116 0.0827125 0.0745610 0.0624853 0.1075610 0.1012028 0.0684310 0.0738916 0.0744092 0.0606613 0.0703065 0.0630407 0.0713076 0.0607000 0.0629058 0.0833716 0.0657530 0.0886570 0.0652071 0.0070563 0.0070563 0.0652071 
Potoroidae_Bettongia_penicillata             0.0720745 0.1148771 0.0760668 0.0000000 0.0085994 0.0832790 0.0660214 0.0735521 0.0217237 0.1048782 0.0752982 0.0852847 0.0882998 0.0725856 0.0700088 0.0842486 0.0838940 0.0868709 0.0940363 0.0355456 0.0730846 0.1205989 0.1168989 0.0870072 0.0578008 0.0918100 0.0677168 0.0315277 0.0779349 0.0811559 0.0685552 0.0751401 0.0956143 0.0848104 0.1015172 0.0654514 0.0360170 0.0360170 0.0654514 
Potoroidae_Bettongia_lesueur                 0.0725146 0.1107083 0.0759106 0.0085994 0.0000000 0.0821416 0.0649071 0.0738652 0.0183146 0.1076737 0.0746351 0.0860400 0.0871642 0.0728985 0.0709568 0.0849996 0.0827562 0.0867085 0.0967769 0.0344006 0.0763293 0.1174918 0.1144547 0.0872663 0.0576588 0.0911272 0.0685355 0.0303515 0.0796622 0.0820332 0.0703164 0.0754270 0.0991197 0.0837147 0.1043104 0.0691042 0.0396319 0.0396319 0.0691042 
Dasyuridae_Dasyurus_maculatus                0.0713676 0.0895177 0.0637680 0.0832790 0.0821416 0.0000000 0.0638723 0.0736338 0.0842027 0.0916626 0.0683531 0.0124610 0.0205016 0.0726127 0.0628090 0.0120231 0.0046855 0.0169726 0.0810671 0.0820969 0.0714168 0.1065198 0.0980944 0.0126983 0.0864695 0.0723639 0.0688848 0.0806512 0.0742177 0.0816010 0.0696442 0.0727707 0.0849989 0.0034094 0.0878035 0.0248598 0.0580146 0.0580146 0.0248598 
Phalangeridae_Trichosurus_vulpecula          0.0552895 0.0919237 0.0571490 0.0660214 0.0649071 0.0638723 0.0000000 0.0196818 0.0692248 0.0943387 0.0205769 0.0648791 0.0686836 0.0200206 0.0503830 0.0648666 0.0666617 0.0643595 0.0809282 0.0675190 0.0545232 0.1038802 0.0958292 0.0671607 0.0662815 0.0677976 0.0518626 0.0660667 0.0504822 0.0677617 0.0530094 0.0203856 0.0838914 0.0658613 0.0909465 0.0817444 0.0473423 0.0473423 0.0817444 
Phalangeridae_Spilocuscus_maculatus          0.0635218 0.0985369 0.0612156 0.0735521 0.0738652 0.0736338 0.0196818 0.0000000 0.0762852 0.0995622 0.0159748 0.0727933 0.0762316 0.0148235 0.0577870 0.0718405 0.0764797 0.0722164 0.0868674 0.0721902 0.0618281 0.1050289 0.0971367 0.0753525 0.0713685 0.0730824 0.0580494 0.0692731 0.0590310 0.0725423 0.0587014 0.0147825 0.0887532 0.0756832 0.0961338 0.0825675 0.0513588 0.0513588 0.0825675 
Potoroidae_Aepyprymnus_rufescens             0.0753277 0.1164577 0.0765375 0.0217237 0.0183146 0.0842027 0.0692248 0.0762852 0.0000000 0.1103721 0.0729039 0.0862210 0.0881781 0.0743880 0.0716069 0.0851780 0.0857698 0.0864937 0.0998692 0.0348232 0.0760399 0.1240894 0.1176305 0.0878878 0.0563387 0.0944054 0.0714387 0.0316659 0.0806472 0.0836046 0.0736851 0.0760455 0.1032589 0.0857850 0.1069451 0.0593065 0.0404008 0.0404008 0.0593065 
Peramelidae_Perameles_nasuta                 0.0977155 0.1228101 0.0920565 0.1048782 0.1076737 0.0916626 0.0943387 0.0995622 0.1103721 0.0000000 0.0960844 0.0931808 0.0935815 0.0992249 0.0918964 0.0921319 0.0941137 0.0936951 0.0243164 0.1048544 0.0965059 0.1318198 0.1224640 0.0955610 0.1096401 0.0995793 0.0933513 0.1048441 0.1003702 0.1048700 0.0913266 0.0997882 0.0284799 0.0923109 0.0008548 0.0648984 0.0431943 0.0431943 0.0648984 
Phalangeridae_Strigocuscus_pelengensis       0.0640198 0.1018773 0.0615841 0.0752982 0.0746351 0.0683531 0.0205769 0.0159748 0.0729039 0.0960844 0.0000000 0.0684512 0.0707311 0.0116060 0.0573004 0.0679370 0.0713811 0.0672099 0.0841009 0.0724868 0.0617829 0.1057079 0.0943321 0.0701826 0.0719859 0.0698557 0.0588579 0.0700749 0.0577044 0.0696266 0.0588207 0.0102072 0.0896023 0.0704454 0.0922422 0.0919940 0.0610875 0.0610875 0.0919940 
Dasyuridae_Phascogale_tapoatafa              0.0747620 0.0940843 0.0666204 0.0852847 0.0860400 0.0124610 0.0648791 0.0727933 0.0862210 0.0931808 0.0684512 0.0000000 0.0231558 0.0717778 0.0639406 0.0021281 0.0155027 0.0179644 0.0825596 0.0840941 0.0720111 0.1070088 0.0991880 0.0060955 0.0886237 0.0725622 0.0713817 0.0817062 0.0748945 0.0841200 0.0706653 0.0719393 0.0891945 0.0155156 0.0897936 0.0249486 0.0655388 0.0655388 0.0249486 
Dasyuridae_Sminthopsis_macroura              0.0759323 0.0975022 0.0691246 0.0882998 0.0871642 0.0205016 0.0686836 0.0762316 0.0881781 0.0935815 0.0707311 0.0231558 0.0000000 0.0742010 0.0682586 0.0222525 0.0236068 0.0165176 0.0838059 0.0851969 0.0769633 0.1047781 0.0979341 0.0243223 0.0883388 0.0729684 0.0739476 0.0818452 0.0776048 0.0844654 0.0731446 0.0743924 0.0885171 0.0231947 0.0896348 0.0310643 0.0668767 0.0668767 0.0310643 
Phalangeridae_Phalanger_orientalis           0.0638526 0.0990123 0.0617528 0.0725856 0.0728985 0.0726127 0.0200206 0.0148235 0.0743880 0.0992249 0.0116060 0.0717778 0.0742010 0.0000000 0.0557198 0.0717635 0.0754351 0.0718985 0.0861610 0.0707101 0.0642266 0.1048312 0.0956482 0.0741488 0.0714985 0.0742062 0.0590660 0.0687831 0.0602449 0.0753094 0.0574244 0.0034204 0.0899130 0.0745670 0.0958235 0.0898786 0.0550660 0.0550660 0.0898786 
Acrobatidae_Acrobates_pygmaeus               0.0556950 0.0939450 0.0556118 0.0700088 0.0709568 0.0628090 0.0503830 0.0577870 0.0716069 0.0918964 0.0573004 0.0639406 0.0682586 0.0557198 0.0000000 0.0628337 0.0638956 0.0677994 0.0797115 0.0706493 0.0488976 0.1090182 0.0990173 0.0653624 0.0629864 0.0680873 0.0462384 0.0674218 0.0501679 0.0587530 0.0287274 0.0566187 0.0861621 0.0655503 0.0880694 0.0541296 0.0356595 0.0356595 0.0541296 
Dasyuridae_Phascogale_calura                 0.0737400 0.0930190 0.0656292 0.0842486 0.0849996 0.0120231 0.0648666 0.0718405 0.0851780 0.0921319 0.0679370 0.0021281 0.0222525 0.0717635 0.0628337 0.0000000 0.0150617 0.0179524 0.0815323 0.0830629 0.0710060 0.1059086 0.0976134 0.0056537 0.0875862 0.0725050 0.0703706 0.0806794 0.0748350 0.0830825 0.0696685 0.0719251 0.0880846 0.0150742 0.0887464 0.0213892 0.0544015 0.0544015 0.0213892 
Dasyuridae_Sarcophilus_harrisii              0.0743422 0.0915515 0.0666146 0.0838940 0.0827562 0.0046855 0.0666617 0.0764797 0.0857698 0.0941137 0.0713811 0.0155027 0.0236068 0.0754351 0.0638956 0.0150617 0.0000000 0.0199176 0.0834876 0.0845860 0.0747912 0.1081029 0.1007033 0.0157990 0.0889630 0.0740198 0.0717187 0.0831354 0.0770700 0.0841026 0.0720702 0.0755818 0.0875926 0.0081216 0.0902559 0.0322223 0.0657856 0.0657856 0.0322223 
Dasyuridae_Planigale_tenuirostris            0.0743609 0.0961594 0.0657116 0.0868709 0.0867085 0.0169726 0.0643595 0.0722164 0.0864937 0.0936951 0.0672099 0.0179644 0.0165176 0.0718985 0.0677994 0.0179524 0.0199176 0.0000000 0.0826152 0.0852026 0.0736090 0.1085428 0.1023831 0.0200046 0.0874183 0.0717440 0.0690916 0.0816930 0.0737199 0.0844875 0.0725950 0.0713033 0.0904912 0.0199346 0.0896869 0.0181277 0.0740172 0.0740172 0.0181277 
Peramelidae_Echymipera_kalubu                0.0858906 0.1096282 0.0827125 0.0940363 0.0967769 0.0810671 0.0809282 0.0868674 0.0998692 0.0243164 0.0841009 0.0825596 0.0838059 0.0861610 0.0797115 0.0815323 0.0834876 0.0826152 0.0000000 0.0929285 0.0819568 0.1209175 0.1126895 0.0847048 0.0993228 0.0894504 0.0805716 0.0929579 0.0858913 0.0928954 0.0801428 0.0867701 0.0185833 0.0816892 0.0217806 0.0612756 0.0433357 0.0433357 0.0612756 
Macropodidae_Dorcopsulus_vanheurni           0.0724343 0.1110723 0.0745610 0.0355456 0.0344006 0.0820969 0.0675190 0.0721902 0.0348232 0.1048544 0.0724868 0.0840941 0.0851969 0.0707101 0.0706493 0.0830629 0.0845860 0.0852026 0.0929285 0.0000000 0.0755677 0.1168219 0.1102658 0.0853076 0.0550569 0.0918004 0.0695191 0.0090121 0.0782466 0.0836819 0.0662453 0.0733338 0.0953957 0.0831205 0.1009741 0.0613727 0.0356550 0.0356550 0.0613727 
Pseudochiridae_Pseudochirulus_forbesi        0.0642185 0.0977130 0.0624853 0.0730846 0.0763293 0.0714168 0.0545232 0.0618281 0.0760399 0.0965059 0.0617829 0.0720111 0.0769633 0.0642266 0.0488976 0.0710060 0.0747912 0.0736090 0.0819568 0.0755677 0.0000000 0.1098876 0.0972325 0.0739829 0.0721528 0.0732545 0.0341438 0.0722372 0.0232844 0.0581636 0.0501772 0.0639825 0.0860968 0.0734360 0.0931103 0.0616001 0.0429721 0.0429721 0.0616001 
Didelphidae_Didelphis_virginiana             0.1135724 0.1314679 0.1075610 0.1205989 0.1174918 0.1065198 0.1038802 0.1050289 0.1240894 0.1318198 0.1057079 0.1070088 0.1047781 0.1048312 0.1090182 0.1059086 0.1081029 0.1085428 0.1209175 0.1168219 0.1098876 0.0000000 0.0431121 0.1088884 0.1171106 0.1067178 0.1110097 0.1141494 0.1160659 0.1163602 0.1082689 0.1044143 0.1223062 0.1087422 0.1280827 0.0867878 0.0939104 0.0939104 0.0867878 
Marmosidae_Monodelphis_domestica             0.1069332 0.1253684 0.1012028 0.1168989 0.1144547 0.0980944 0.0958292 0.0971367 0.1176305 0.1224640 0.0943321 0.0991880 0.0979341 0.0956482 0.0990173 0.0976134 0.1007033 0.1023831 0.1126895 0.1102658 0.0972325 0.0431121 0.0000000 0.1007761 0.1095889 0.1015683 0.1012603 0.1117392 0.1051204 0.1085931 0.0987556 0.0958211 0.1162074 0.0990190 0.1187805 0.0927876 0.0821454 0.0821454 0.0927876 
Dasyuridae_Antechinus_stuartii               0.0752215 0.0947811 0.0684310 0.0870072 0.0872663 0.0126983 0.0671607 0.0753525 0.0878878 0.0955610 0.0701826 0.0060955 0.0243223 0.0741488 0.0653624 0.0056537 0.0157990 0.0200046 0.0847048 0.0853076 0.0739829 0.1088884 0.1007761 0.0000000 0.0909670 0.0743821 0.0735976 0.0833887 0.0775600 0.0858153 0.0721250 0.0744484 0.0920408 0.0162465 0.0919767 0.0201695 0.0617595 0.0617595 0.0201695 
Hypsiprymnodontidae_Hypsiprymnodon_moschatus 0.0757902 0.1100693 0.0738916 0.0578008 0.0576588 0.0864695 0.0662815 0.0713685 0.0563387 0.1096401 0.0719859 0.0886237 0.0883388 0.0714985 0.0629864 0.0875862 0.0889630 0.0874183 0.0993228 0.0550569 0.0721528 0.1171106 0.1095889 0.0909670 0.0000000 0.0868809 0.0678361 0.0518131 0.0757046 0.0824956 0.0698647 0.0735218 0.0974541 0.0885431 0.1072306 0.0695176 0.0506409 0.0506409 0.0695176 
Microbiotheriidae_Dromiciops_gliroides       0.0754691 0.0989512 0.0744092 0.0918100 0.0911272 0.0723639 0.0677976 0.0730824 0.0944054 0.0995793 0.0698557 0.0725622 0.0729684 0.0742062 0.0680873 0.0725050 0.0740198 0.0717440 0.0894504 0.0918004 0.0732545 0.1067178 0.1015683 0.0743821 0.0868809 0.0000000 0.0724028 0.0887122 0.0731980 0.0826182 0.0698391 0.0748015 0.0982140 0.0735760 0.0946144 9.0000000 9.0000000 9.0000000 9.0000000 
Pseudochiridae_Petauroides_volans            0.0576856 0.0961029 0.0606613 0.0677168 0.0685355 0.0688848 0.0518626 0.0580494 0.0714387 0.0933513 0.0588579 0.0713817 0.0739476 0.0590660 0.0462384 0.0703706 0.0717187 0.0690916 0.0805716 0.0695191 0.0341438 0.1110097 0.1012603 0.0735976 0.0678361 0.0724028 0.0000000 0.0662710 0.0327091 0.0516805 0.0479075 0.0599140 0.0819575 0.0694662 0.0898303 0.0619852 0.0396441 0.0396441 0.0619852 
Macropodidae_Wallabia_bicolor                0.0696130 0.1106684 0.0703065 0.0315277 0.0303515 0.0806512 0.0660667 0.0692731 0.0316659 0.1048441 0.0700749 0.0817062 0.0818452 0.0687831 0.0674218 0.0806794 0.0831354 0.0816930 0.0929579 0.0090121 0.0722372 0.1141494 0.1117392 0.0833887 0.0518131 0.0887122 0.0662710 0.0000000 0.0757853 0.0798665 0.0657233 0.0713740 0.0948859 0.0812727 0.1014454 0.0621159 0.0360769 0.0360769 0.0621159 
Pseudochiridae_Pseudocheirus_occidentalis    0.0627624 0.1045511 0.0630407 0.0779349 0.0796622 0.0742177 0.0504822 0.0590310 0.0806472 0.1003702 0.0577044 0.0748945 0.0776048 0.0602449 0.0501679 0.0748350 0.0770700 0.0737199 0.0858913 0.0782466 0.0232844 0.1160659 0.1051204 0.0775600 0.0757046 0.0731980 0.0327091 0.0757853 0.0000000 0.0614954 0.0470928 0.0612007 0.0901579 0.0760840 0.0962357 9.0000000 9.0000000 9.0000000 9.0000000 
Tarsipedidae_Tarsipes_rostratus              0.0708899 0.1076086 0.0713076 0.0811559 0.0820332 0.0816010 0.0677617 0.0725423 0.0836046 0.1048700 0.0696266 0.0841200 0.0844654 0.0753094 0.0587530 0.0830825 0.0841026 0.0844875 0.0928954 0.0836819 0.0581636 0.1163602 0.1085931 0.0858153 0.0824956 0.0826182 0.0516805 0.0798665 0.0614954 0.0000000 0.0588757 0.0750599 0.0972874 0.0831725 0.1019402 0.0783068 0.0403353 0.0403353 0.0783068 
Acrobatidae_Distoechurus_pennatus            0.0596581 0.0956708 0.0607000 0.0685552 0.0703164 0.0696442 0.0530094 0.0587014 0.0736851 0.0913266 0.0588207 0.0706653 0.0731446 0.0574244 0.0287274 0.0696685 0.0720702 0.0725950 0.0801428 0.0662453 0.0501772 0.1082689 0.0987556 0.0721250 0.0698647 0.0698391 0.0479075 0.0657233 0.0470928 0.0588757 0.0000000 0.0576875 0.0815622 0.0716461 0.0884077 0.0731805 0.0394369 0.0394369 0.0731805 
Phalangeridae_Phalanger_carmelitae           0.0637826 0.0983193 0.0629058 0.0751401 0.0754270 0.0727707 0.0203856 0.0147825 0.0760455 0.0997882 0.0102072 0.0719393 0.0743924 0.0034204 0.0566187 0.0719251 0.0755818 0.0713033 0.0867701 0.0733338 0.0639825 0.1044143 0.0958211 0.0744484 0.0735218 0.0748015 0.0599140 0.0713740 0.0612007 0.0750599 0.0576875 0.0000000 0.0912424 0.0747932 0.0964015 0.0854454 0.0509915 0.0509915 0.0854454 
Peramelidae_Peroryctes_raffrayana            0.0885744 0.1141558 0.0833716 0.0956143 0.0991197 0.0849989 0.0838914 0.0887532 0.1032589 0.0284799 0.0896023 0.0891945 0.0885171 0.0899130 0.0861621 0.0880846 0.0875926 0.0904912 0.0185833 0.0953957 0.0860968 0.1223062 0.1162074 0.0920408 0.0974541 0.0982140 0.0819575 0.0948859 0.0901579 0.0972874 0.0815622 0.0912424 0.0000000 0.0855784 0.0257585 0.0691535 0.0470475 0.0470475 0.0691535 
Dasyuridae_Dasyurus_geffroii                 0.0733362 0.0915097 0.0657530 0.0848104 0.0837147 0.0034094 0.0658613 0.0756832 0.0857850 0.0923109 0.0704454 0.0155156 0.0231947 0.0745670 0.0655503 0.0150742 0.0081216 0.0199346 0.0816892 0.0831205 0.0734360 0.1087422 0.0990190 0.0162465 0.0885431 0.0735760 0.0694662 0.0812727 0.0760840 0.0831725 0.0716461 0.0747932 0.0855784 0.0000000 0.0884454 0.0248598 0.0580146 0.0580146 0.0248598 
Peramelidae_Perameles_gunnii                 0.0947366 0.1189125 0.0886570 0.1015172 0.1043104 0.0878035 0.0909465 0.0961338 0.1069451 0.0008548 0.0922422 0.0897936 0.0896348 0.0958235 0.0880694 0.0887464 0.0902559 0.0896869 0.0217806 0.1009741 0.0931103 0.1280827 0.1187805 0.0919767 0.1072306 0.0946144 0.0898303 0.1014454 0.0962357 0.1019402 0.0884077 0.0964015 0.0257585 0.0884454 0.0000000 0.0651762 0.0433767 0.0433767 0.0651762 
Myrmecobiidae_Myrmecobius_fasciatus1         0.0724777 0.0808315 0.0652071 0.0654514 0.0691042 0.0248598 0.0817444 0.0825675 0.0593065 0.0648984 0.0919940 0.0249486 0.0310643 0.0898786 0.0541296 0.0213892 0.0322223 0.0181277 0.0612756 0.0613727 0.0616001 0.0867878 0.0927876 0.0201695 0.0695176 9.0000000 0.0619852 0.0621159 9.0000000 0.0783068 0.0731805 0.0854454 0.0691535 0.0248598 0.0651762 0.0000000 0.0693993 0.0693993 0.0000010 
Vombatidae_Vombatus_ursinus1                 0.0425149 0.0546316 0.0070563 0.0360170 0.0396319 0.0580146 0.0473423 0.0513588 0.0404008 0.0431943 0.0610875 0.0655388 0.0668767 0.0550660 0.0356595 0.0544015 0.0657856 0.0740172 0.0433357 0.0356550 0.0429721 0.0939104 0.0821454 0.0617595 0.0506409 9.0000000 0.0396441 0.0360769 9.0000000 0.0403353 0.0394369 0.0509915 0.0470475 0.0580146 0.0433767 0.0693993 0.0000000 0.0000010 0.0693993 
Vombatidae_Vombatus_ursinus2                 0.0425149 0.0546316 0.0070563 0.0360170 0.0396319 0.0580146 0.0473423 0.0513588 0.0404008 0.0431943 0.0610875 0.0655388 0.0668767 0.0550660 0.0356595 0.0544015 0.0657856 0.0740172 0.0433357 0.0356550 0.0429721 0.0939104 0.0821454 0.0617595 0.0506409 9.0000000 0.0396441 0.0360769 9.0000000 0.0403353 0.0394369 0.0509915 0.0470475 0.0580146 0.0433767 0.0693993 0.0000010 0.0000000 0.0693993 
Myrmecobiidae_Myrmecobius_fasciatus2         0.0724777 0.0808315 0.0652071 0.0654514 0.0691042 0.0248598 0.0817444 0.0825675 0.0593065 0.0648984 0.0919940 0.0249486 0.0310643 0.0898786 0.0541296 0.0213892 0.0322223 0.0181277 0.0612756 0.0613727 0.0616001 0.0867878 0.0927876 0.0201695 0.0695176 9.0000000 0.0619852 0.0621159 9.0000000 0.0783068 0.0731805 0.0854454 0.0691535 0.0248598 0.0651762 0.0000010 0.0693993 0.0693993 0.0000000 
