35
Burramyidae_Burramys_parvus                  0.0000000 0.0182738 0.0106129 0.0105031 0.0100895 0.0142279 0.0096718 0.0096618 0.0095825 0.0259481 0.0080868 0.0129271 0.0138451 0.0085790 0.0148759 0.0129634 0.0129659 0.0134349 0.0163020 0.0084597 0.0094508 0.0207489 0.0217505 0.0128494 0.0095288 0.0110039 0.0082291 0.0086457 0.0093859 0.0199276 0.0144912 0.0084324 0.0189440 0.0137968 0.0252713 
Notoryctidae_Notoryctes_typhlops             0.0182738 0.0000000 0.0128243 0.0234457 0.0219513 0.0158023 0.0208063 0.0203147 0.0232065 0.0356175 0.0171663 0.0149562 0.0188862 0.0186615 0.0344879 0.0147183 0.0141087 0.0172906 0.0139122 0.0212310 0.0150592 0.0222194 0.0214961 0.0127025 0.0220833 0.0125130 0.0146635 0.0202966 0.0167836 0.0485660 0.0386271 0.0177480 0.0182317 0.0146462 0.0362755 
Vombatidae_Lasiorhinus_latifrons             0.0106129 0.0128243 0.0000000 0.0159379 0.0155088 0.0133245 0.0133639 0.0128471 0.0153674 0.0313915 0.0118883 0.0109018 0.0131580 0.0119210 0.0243935 0.0110973 0.0115452 0.0123921 0.0171623 0.0134174 0.0117953 0.0183629 0.0182119 0.0111553 0.0124222 0.0102019 0.0092112 0.0131932 0.0111937 0.0308641 0.0227055 0.0118698 0.0199739 0.0122736 0.0315144 
Potoroidae_Bettongia_penicillata             0.0105031 0.0234457 0.0159379 0.0000000 0.0004540 0.0204438 0.0153910 0.0166738 0.0017202 0.0351305 0.0131219 0.0173095 0.0208414 0.0150103 0.0207134 0.0172825 0.0172874 0.0163867 0.0240191 0.0029063 0.0142496 0.0265406 0.0289407 0.0157806 0.0060110 0.0145646 0.0119581 0.0029242 0.0137867 0.0298794 0.0183062 0.0139460 0.0278697 0.0184279 0.0354932 
Potoroidae_Bettongia_lesueur                 0.0100895 0.0219513 0.0155088 0.0004540 0.0000000 0.0196068 0.0147855 0.0160108 0.0016621 0.0336069 0.0127667 0.0166042 0.0201966 0.0144207 0.0190868 0.0165887 0.0165931 0.0156836 0.0230286 0.0028411 0.0136911 0.0258425 0.0278165 0.0151545 0.0057472 0.0139677 0.0114971 0.0028585 0.0132409 0.0283832 0.0170441 0.0137656 0.0270770 0.0176835 0.0343279 
Dasyuridae_Dasyurus_maculatus                0.0142279 0.0158023 0.0133245 0.0204438 0.0196068 0.0000000 0.0180802 0.0188171 0.0194630 0.0298980 0.0167712 0.0025019 0.0040869 0.0160605 0.0274198 0.0025097 0.0012041 0.0037348 0.0179271 0.0178700 0.0175661 0.0236877 0.0238477 0.0023396 0.0153291 0.0131751 0.0146976 0.0177972 0.0160023 0.0369631 0.0280980 0.0153283 0.0213650 0.0008203 0.0307490 
Phalangeridae_Trichosurus_vulpecula          0.0096718 0.0208063 0.0133639 0.0153910 0.0147855 0.0180802 0.0000000 0.0038652 0.0148548 0.0364350 0.0032309 0.0152960 0.0187801 0.0050266 0.0207879 0.0150863 0.0156117 0.0168011 0.0233946 0.0129663 0.0118842 0.0254347 0.0245980 0.0141960 0.0120133 0.0156572 0.0096172 0.0127429 0.0111535 0.0284017 0.0199606 0.0045358 0.0270555 0.0166004 0.0369801 
Phalangeridae_Spilocuscus_maculatus          0.0096618 0.0203147 0.0128471 0.0166738 0.0160108 0.0188171 0.0038652 0.0000000 0.0160905 0.0356454 0.0017261 0.0170535 0.0217439 0.0024496 0.0200956 0.0167875 0.0162349 0.0178769 0.0223916 0.0142301 0.0114041 0.0243506 0.0255844 0.0159878 0.0131518 0.0145829 0.0092387 0.0139838 0.0112830 0.0287789 0.0196704 0.0022572 0.0240728 0.0168142 0.0353637 
Potoroidae_Aepyprymnus_rufescens             0.0095825 0.0232065 0.0153674 0.0017202 0.0016621 0.0194630 0.0148548 0.0160905 0.0000000 0.0349447 0.0129589 0.0162511 0.0197426 0.0140955 0.0201967 0.0164581 0.0164624 0.0157487 0.0231037 0.0028464 0.0135679 0.0245791 0.0268610 0.0150334 0.0059380 0.0144386 0.0115409 0.0028639 0.0131180 0.0301389 0.0179005 0.0138259 0.0274935 0.0175481 0.0350795 
Peramelidae_Perameles_nasuta                 0.0259481 0.0356175 0.0313915 0.0351305 0.0336069 0.0298980 0.0364350 0.0356454 0.0349447 0.0000000 0.0304205 0.0289804 0.0281094 0.0337680 0.0416016 0.0295772 0.0280310 0.0280309 0.0063004 0.0289275 0.0328334 0.0455658 0.0466648 0.0281739 0.0271164 0.0323638 0.0302822 0.0288515 0.0317467 0.0517299 0.0406587 0.0333782 0.0070513 0.0282014 0.0003100 
Phalangeridae_Strigocuscus_pelengensis       0.0080868 0.0171663 0.0118883 0.0131219 0.0127667 0.0167712 0.0032309 0.0017261 0.0129589 0.0304205 0.0000000 0.0147130 0.0179962 0.0022240 0.0172983 0.0145383 0.0144576 0.0142475 0.0188167 0.0112818 0.0103221 0.0214802 0.0216429 0.0138950 0.0113469 0.0124265 0.0084140 0.0110650 0.0103428 0.0250836 0.0161584 0.0019698 0.0202610 0.0147846 0.0298231 
Dasyuridae_Phascogale_tapoatafa              0.0129271 0.0149562 0.0109018 0.0173095 0.0166042 0.0025019 0.0152960 0.0170535 0.0162511 0.0289804 0.0147130 0.0000000 0.0033472 0.0152485 0.0264601 0.0004112 0.0019368 0.0026307 0.0160803 0.0147221 0.0145328 0.0204338 0.0211606 0.0010101 0.0134055 0.0103684 0.0123515 0.0150627 0.0126286 0.0335571 0.0264728 0.0145513 0.0192783 0.0023691 0.0298191 
Dasyuridae_Sminthopsis_macroura              0.0138451 0.0188862 0.0131580 0.0208414 0.0201966 0.0040869 0.0187801 0.0217439 0.0197426 0.0281094 0.0179962 0.0033472 0.0000000 0.0177626 0.0331970 0.0033471 0.0035165 0.0035341 0.0178820 0.0187312 0.0188219 0.0245272 0.0251441 0.0036049 0.0159708 0.0129025 0.0150271 0.0180869 0.0172180 0.0380706 0.0317314 0.0176201 0.0203265 0.0039967 0.0294552 
Phalangeridae_Phalanger_orientalis           0.0085790 0.0186615 0.0119210 0.0150103 0.0144207 0.0160605 0.0050266 0.0024496 0.0140955 0.0337680 0.0022240 0.0152485 0.0177626 0.0000000 0.0192540 0.0150408 0.0142653 0.0152937 0.0204042 0.0124840 0.0116024 0.0228628 0.0230043 0.0145166 0.0118887 0.0136362 0.0089055 0.0122700 0.0111735 0.0274229 0.0178768 0.0007677 0.0235289 0.0147733 0.0334829 
Acrobatidae_Acrobates_pygmaeus               0.0148759 0.0344879 0.0243935 0.0207134 0.0190868 0.0274198 0.0207879 0.0200956 0.0201967 0.0416016 0.0172983 0.0264601 0.0331970 0.0192540 0.0000000 0.0270125 0.0254132 0.0285411 0.0303660 0.0171072 0.0145592 0.0340650 0.0381249 0.0259433 0.0174901 0.0230130 0.0140497 0.0162495 0.0150294 0.0283279 0.0142351 0.0179319 0.0350159 0.0252133 0.0433567 
Dasyuridae_Phascogale_calura                 0.0129634 0.0147183 0.0110973 0.0172825 0.0165887 0.0025097 0.0150863 0.0167875 0.0164581 0.0295772 0.0145383 0.0004112 0.0033471 0.0150408 0.0270125 0.0000000 0.0019546 0.0029223 0.0167714 0.0149293 0.0145482 0.0209099 0.0216559 0.0012104 0.0136106 0.0108950 0.0122286 0.0148921 0.0128765 0.0345531 0.0259016 0.0143657 0.0201835 0.0023793 0.0304196 
Dasyuridae_Sarcophilus_harrisii              0.0129659 0.0141087 0.0115452 0.0172874 0.0165931 0.0012041 0.0156117 0.0162349 0.0164624 0.0280310 0.0144576 0.0019368 0.0035165 0.0142653 0.0254132 0.0019546 0.0000000 0.0031381 0.0167626 0.0157824 0.0151512 0.0206283 0.0204719 0.0017832 0.0137937 0.0107458 0.0127209 0.0155129 0.0137766 0.0325332 0.0241661 0.0136339 0.0198924 0.0009822 0.0288351 
Dasyuridae_Planigale_tenuirostris            0.0134349 0.0172906 0.0123921 0.0163867 0.0156836 0.0037348 0.0168011 0.0178769 0.0157487 0.0280309 0.0142475 0.0026307 0.0035341 0.0152937 0.0285411 0.0029223 0.0031381 0.0000000 0.0177999 0.0150313 0.0148715 0.0222200 0.0224252 0.0030028 0.0140206 0.0107384 0.0126817 0.0153074 0.0134744 0.0357969 0.0250788 0.0145497 0.0201329 0.0032772 0.0295972 
Peramelidae_Echymipera_kalubu                0.0163020 0.0139122 0.0171623 0.0240191 0.0230286 0.0179271 0.0233946 0.0223916 0.0231037 0.0063004 0.0188167 0.0160803 0.0178820 0.0204042 0.0303660 0.0167714 0.0167626 0.0177999 0.0000000 0.0197629 0.0185664 0.0307583 0.0294477 0.0166291 0.0168753 0.0169041 0.0174538 0.0191302 0.0189680 0.0446184 0.0341953 0.0196649 0.0029903 0.0178559 0.0063905 
Macropodidae_Dorcopsulus_vanheurni           0.0084597 0.0212310 0.0134174 0.0029063 0.0028411 0.0178700 0.0129663 0.0142301 0.0028464 0.0289275 0.0112818 0.0147221 0.0187312 0.0124840 0.0171072 0.0149293 0.0157824 0.0150313 0.0197629 0.0000000 0.0123403 0.0231710 0.0250436 0.0140245 0.0049152 0.0136361 0.0099608 0.0007204 0.0119123 0.0230729 0.0138264 0.0119368 0.0220021 0.0163658 0.0297922 
Pseudochiridae_Pseudochirulus_forbesi        0.0094508 0.0150592 0.0117953 0.0142496 0.0136911 0.0175661 0.0118842 0.0114041 0.0135679 0.0328334 0.0103221 0.0145328 0.0188219 0.0116024 0.0145592 0.0145482 0.0151512 0.0148715 0.0185664 0.0123403 0.0000000 0.0217059 0.0225417 0.0144392 0.0097579 0.0122569 0.0033387 0.0121225 0.0021953 0.0184517 0.0159408 0.0105209 0.0194669 0.0161194 0.0325512 
Didelphidae_Didelphis_virginiana             0.0207489 0.0222194 0.0183629 0.0265406 0.0258425 0.0236877 0.0254347 0.0243506 0.0245791 0.0455658 0.0214802 0.0204338 0.0245272 0.0228628 0.0340650 0.0209099 0.0206283 0.0222200 0.0307583 0.0231710 0.0217059 0.0000000 0.0048147 0.0198920 0.0230315 0.0185463 0.0200868 0.0221740 0.0201691 0.0413468 0.0289923 0.0223467 0.0322920 0.0210782 0.0465999 
Marmosidae_Monodelphis_domestica             0.0217505 0.0214961 0.0182119 0.0289407 0.0278165 0.0238477 0.0245980 0.0255844 0.0268610 0.0466648 0.0216429 0.0211606 0.0251441 0.0230043 0.0381249 0.0216559 0.0204719 0.0224252 0.0294477 0.0250436 0.0225417 0.0048147 0.0000000 0.0203030 0.0232119 0.0192333 0.0213978 0.0236310 0.0214763 0.0453389 0.0320041 0.0221850 0.0323834 0.0212058 0.0473589 
Dasyuridae_Antechinus_stuartii               0.0128494 0.0127025 0.0111553 0.0157806 0.0151545 0.0023396 0.0141960 0.0159878 0.0150334 0.0281739 0.0138950 0.0010101 0.0036049 0.0145166 0.0259433 0.0012104 0.0017832 0.0030028 0.0166291 0.0140245 0.0144392 0.0198920 0.0203030 0.0000000 0.0136873 0.0105662 0.0119756 0.0141361 0.0127661 0.0321214 0.0255254 0.0138848 0.0195998 0.0020799 0.0290079 
Hypsiprymnodontidae_Hypsiprymnodon_moschatus 0.0095288 0.0220833 0.0124222 0.0060110 0.0057472 0.0153291 0.0120133 0.0131518 0.0059380 0.0271164 0.0113469 0.0134055 0.0159708 0.0118887 0.0174901 0.0136106 0.0137937 0.0140206 0.0168753 0.0049152 0.0097579 0.0230315 0.0232119 0.0136873 0.0000000 0.0120997 0.0087961 0.0049500 0.0092959 0.0278906 0.0166921 0.0113781 0.0203505 0.0139114 0.0279175 
Microbiotheriidae_Dromiciops_gliroides       0.0110039 0.0125130 0.0102019 0.0145646 0.0139677 0.0131751 0.0156572 0.0145829 0.0144386 0.0323638 0.0124265 0.0103684 0.0129025 0.0136362 0.0230130 0.0108950 0.0107458 0.0107384 0.0169041 0.0136361 0.0122569 0.0185463 0.0192333 0.0105662 0.0120997 0.0000000 0.0108259 0.0135617 0.0117445 0.0288729 0.0223277 0.0130397 0.0199740 0.0122657 0.0311413 
Pseudochiridae_Petauroides_volans            0.0082291 0.0146635 0.0092112 0.0119581 0.0114971 0.0146976 0.0096172 0.0092387 0.0115409 0.0302822 0.0084140 0.0123515 0.0150271 0.0089055 0.0140497 0.0122286 0.0127209 0.0126817 0.0174538 0.0099608 0.0033387 0.0200868 0.0213978 0.0119756 0.0087961 0.0108259 0.0000000 0.0098348 0.0030384 0.0153225 0.0135048 0.0086365 0.0196164 0.0138872 0.0295784 
Macropodidae_Wallabia_bicolor                0.0086457 0.0202966 0.0131932 0.0029242 0.0028585 0.0177972 0.0127429 0.0139838 0.0028639 0.0288515 0.0110650 0.0150627 0.0180869 0.0122700 0.0162495 0.0148921 0.0155129 0.0153074 0.0191302 0.0007204 0.0121225 0.0221740 0.0236310 0.0141361 0.0049500 0.0135617 0.0098348 0.0000000 0.0113871 0.0243990 0.0132152 0.0117275 0.0211998 0.0156812 0.0296969 
Pseudochiridae_Pseudocheirus_occidentalis    0.0093859 0.0167836 0.0111937 0.0137867 0.0132409 0.0160023 0.0111535 0.0112830 0.0131180 0.0317467 0.0103428 0.0126286 0.0172180 0.0111735 0.0150294 0.0128765 0.0137766 0.0134744 0.0189680 0.0119123 0.0021953 0.0201691 0.0214763 0.0127661 0.0092959 0.0117445 0.0030384 0.0113871 0.0000000 0.0192913 0.0154116 0.0104084 0.0203744 0.0146766 0.0311315 
Tarsipedidae_Tarsipes_rostratus              0.0199276 0.0485660 0.0308641 0.0298794 0.0283832 0.0369631 0.0284017 0.0287789 0.0301389 0.0517299 0.0250836 0.0335571 0.0380706 0.0274229 0.0283279 0.0345531 0.0325332 0.0357969 0.0446184 0.0230729 0.0184517 0.0413468 0.0453389 0.0321214 0.0278906 0.0288729 0.0153225 0.0243990 0.0192913 0.0000000 0.0213609 0.0260185 0.0481344 0.0343791 0.0520848 
Acrobatidae_Distoechurus_pennatus            0.0144912 0.0386271 0.0227055 0.0183062 0.0170441 0.0280980 0.0199606 0.0196704 0.0179005 0.0406587 0.0161584 0.0264728 0.0317314 0.0178768 0.0142351 0.0259016 0.0241661 0.0250788 0.0341953 0.0138264 0.0159408 0.0289923 0.0320041 0.0255254 0.0166921 0.0223277 0.0135048 0.0132152 0.0154116 0.0213609 0.0000000 0.0170424 0.0386387 0.0257245 0.0412586 
Phalangeridae_Phalanger_carmelitae           0.0084324 0.0177480 0.0118698 0.0139460 0.0137656 0.0153283 0.0045358 0.0022572 0.0138259 0.0333782 0.0019698 0.0145513 0.0176201 0.0007677 0.0179319 0.0143657 0.0136339 0.0145497 0.0196649 0.0119368 0.0105209 0.0223467 0.0221850 0.0138848 0.0113781 0.0130397 0.0086365 0.0117275 0.0104084 0.0260185 0.0170424 0.0000000 0.0229609 0.0141150 0.0327273 
Peramelidae_Peroryctes_raffrayana            0.0189440 0.0182317 0.0199739 0.0278697 0.0270770 0.0213650 0.0270555 0.0240728 0.0274935 0.0070513 0.0202610 0.0192783 0.0203265 0.0235289 0.0350159 0.0201835 0.0198924 0.0201329 0.0029903 0.0220021 0.0194669 0.0322920 0.0323834 0.0195998 0.0203505 0.0199740 0.0196164 0.0211998 0.0203744 0.0481344 0.0386387 0.0229609 0.0000000 0.0206519 0.0070437 
Dasyuridae_Dasyurus_geffroii                 0.0137968 0.0146462 0.0122736 0.0184279 0.0176835 0.0008203 0.0166004 0.0168142 0.0175481 0.0282014 0.0147846 0.0023691 0.0039967 0.0147733 0.0252133 0.0023793 0.0009822 0.0032772 0.0178559 0.0163658 0.0161194 0.0210782 0.0212058 0.0020799 0.0139114 0.0122657 0.0138872 0.0156812 0.0146766 0.0343791 0.0257245 0.0141150 0.0206519 0.0000000 0.0290081 
Peramelidae_Perameles_gunnii                 0.0252713 0.0362755 0.0315144 0.0354932 0.0343279 0.0307490 0.0369801 0.0353637 0.0350795 0.0003100 0.0298231 0.0298191 0.0294552 0.0334829 0.0433567 0.0304196 0.0288351 0.0295972 0.0063905 0.0297922 0.0325512 0.0465999 0.0473589 0.0290079 0.0279175 0.0311413 0.0295784 0.0296969 0.0311315 0.0520848 0.0412586 0.0327273 0.0070437 0.0290081 0.0000000 
