35
Burramyidae_Burramys_parvus                  0.0000000 0.0570564 0.0449160 0.0490419 0.0484574 0.0829276 0.0386071 0.0415441 0.0475241 0.0760230 0.0383939 0.0755319 0.0815848 0.0423489 0.0508083 0.0752884 0.0786488 0.0671852 0.0714587 0.0460184 0.0482632 0.0859224 0.0821015 0.0771719 0.0513427 0.0635795 0.0529344 0.0451902 0.0457058 0.0481891 0.0508365 0.0416459 0.0629897 0.0783301 0.0714511 
Notoryctidae_Notoryctes_typhlops             0.0570564 0.0000000 0.0637739 0.0655598 0.0644458 0.0871947 0.0610730 0.0635184 0.0652546 0.0841043 0.0624587 0.0873870 0.0929080 0.0633626 0.0725531 0.0864381 0.0860087 0.0728518 0.0822137 0.0634071 0.0657132 0.0965660 0.0865984 0.0867091 0.0689709 0.0728171 0.0696970 0.0643260 0.0594375 0.0631568 0.0729108 0.0627853 0.0728164 0.0847164 0.0840996 
Vombatidae_Lasiorhinus_latifrons             0.0449160 0.0637739 0.0000000 0.0563994 0.0560513 0.0862162 0.0483655 0.0492273 0.0558882 0.0795047 0.0466740 0.0819418 0.0849239 0.0502433 0.0616131 0.0809338 0.0846162 0.0712327 0.0754708 0.0526801 0.0545611 0.0909863 0.0829101 0.0829207 0.0628738 0.0640411 0.0621071 0.0537278 0.0513532 0.0558730 0.0604997 0.0503952 0.0663763 0.0837796 0.0756929 
Potoroidae_Bettongia_penicillata             0.0490419 0.0655598 0.0563994 0.0000000 0.0045028 0.0905256 0.0507235 0.0534236 0.0110843 0.0876366 0.0500991 0.0850365 0.0910892 0.0540348 0.0631294 0.0840715 0.0887516 0.0730986 0.0854624 0.0190653 0.0560945 0.1035503 0.0913000 0.0849078 0.0358289 0.0753683 0.0588005 0.0200648 0.0519497 0.0578438 0.0613796 0.0534994 0.0769623 0.0869055 0.0847681 
Potoroidae_Bettongia_lesueur                 0.0484574 0.0644458 0.0560513 0.0045028 0.0000000 0.0883049 0.0497078 0.0524012 0.0117020 0.0850451 0.0497028 0.0841402 0.0911672 0.0523789 0.0644334 0.0831721 0.0868512 0.0738294 0.0849442 0.0195462 0.0559932 0.0990721 0.0913535 0.0840033 0.0352877 0.0743549 0.0578293 0.0205532 0.0520518 0.0575956 0.0615264 0.0522791 0.0773881 0.0850123 0.0825191 
Dasyuridae_Dasyurus_maculatus                0.0829276 0.0871947 0.0862162 0.0905256 0.0883049 0.0000000 0.0842279 0.0849604 0.0885160 0.1052294 0.0821808 0.0277688 0.0340598 0.0846600 0.0942573 0.0269539 0.0165571 0.0219788 0.1020903 0.0852284 0.0913228 0.1135841 0.1073547 0.0262445 0.0989674 0.0858685 0.1005814 0.0872587 0.0800202 0.0839001 0.0939154 0.0854468 0.0831140 0.0151831 0.1002456 
Phalangeridae_Trichosurus_vulpecula          0.0386071 0.0610730 0.0483655 0.0507235 0.0497078 0.0842279 0.0000000 0.0169947 0.0495974 0.0797966 0.0168018 0.0816823 0.0863161 0.0188788 0.0523697 0.0811519 0.0829546 0.0689460 0.0784874 0.0474752 0.0502362 0.0897121 0.0805330 0.0796219 0.0557043 0.0664555 0.0562062 0.0474421 0.0465144 0.0485015 0.0544773 0.0184707 0.0695095 0.0825954 0.0753105 
Phalangeridae_Spilocuscus_maculatus          0.0415441 0.0635184 0.0492273 0.0534236 0.0524012 0.0849604 0.0169947 0.0000000 0.0522837 0.0807137 0.0077561 0.0833326 0.0889815 0.0107358 0.0565791 0.0827986 0.0832454 0.0710286 0.0787140 0.0490963 0.0524512 0.0937721 0.0852140 0.0820536 0.0575462 0.0680700 0.0588023 0.0487853 0.0484498 0.0485776 0.0576469 0.0097942 0.0703530 0.0851824 0.0757227 
Potoroidae_Aepyprymnus_rufescens             0.0475241 0.0652546 0.0558882 0.0110843 0.0117020 0.0885160 0.0495974 0.0522837 0.0000000 0.0856246 0.0489388 0.0840865 0.0900207 0.0524615 0.0638280 0.0831236 0.0859990 0.0731575 0.0832217 0.0192418 0.0562959 0.0987493 0.0872325 0.0834020 0.0355678 0.0738822 0.0601684 0.0206326 0.0523435 0.0574818 0.0624466 0.0523621 0.0765382 0.0852549 0.0824102 
Peramelidae_Perameles_nasuta                 0.0760230 0.0841043 0.0795047 0.0876366 0.0850451 0.1052294 0.0797966 0.0807137 0.0856246 0.0000000 0.0760127 0.1007330 0.1040408 0.0799545 0.0902661 0.0996861 0.1044882 0.0857451 0.0170316 0.0846700 0.0840583 0.1009233 0.1052823 0.1002724 0.0945965 0.0876109 0.0913405 0.0857145 0.0749082 0.0789080 0.0858468 0.0802632 0.0132978 0.1001617 0.0009573 
Phalangeridae_Strigocuscus_pelengensis       0.0383939 0.0624587 0.0466740 0.0500991 0.0497028 0.0821808 0.0168018 0.0077561 0.0489388 0.0760127 0.0000000 0.0805851 0.0855887 0.0101150 0.0534599 0.0802392 0.0804101 0.0662397 0.0766973 0.0470406 0.0523672 0.0944643 0.0861837 0.0796284 0.0531494 0.0638801 0.0575028 0.0469653 0.0475135 0.0510943 0.0560651 0.0091162 0.0673366 0.0808728 0.0760212 
Dasyuridae_Phascogale_tapoatafa              0.0755319 0.0873870 0.0819418 0.0850365 0.0841402 0.0277688 0.0816823 0.0833326 0.0840865 0.1007330 0.0805851 0.0000000 0.0299008 0.0832697 0.0872543 0.0033956 0.0244436 0.0200523 0.0957075 0.0819402 0.0855142 0.1015982 0.0950276 0.0125177 0.0944663 0.0787866 0.0965583 0.0834298 0.0738745 0.0828909 0.0902763 0.0838374 0.0802416 0.0159688 0.0976029 
Dasyuridae_Sminthopsis_macroura              0.0815848 0.0929080 0.0849239 0.0910892 0.0911672 0.0340598 0.0863161 0.0889815 0.0900207 0.1040408 0.0855887 0.0299008 0.0000000 0.0889022 0.0961979 0.0288890 0.0370647 0.0172536 0.0979273 0.0892833 0.0940137 0.1127993 0.1055231 0.0313059 0.1023727 0.0843029 0.1042220 0.0903385 0.0826528 0.0885952 0.0968428 0.0884740 0.0834992 0.0317616 0.1007290 
Phalangeridae_Phalanger_orientalis           0.0423489 0.0633626 0.0502433 0.0540348 0.0523789 0.0846600 0.0188788 0.0107358 0.0524615 0.0799545 0.0101150 0.0832697 0.0889022 0.0000000 0.0585479 0.0824698 0.0829499 0.0709055 0.0781551 0.0494568 0.0531346 0.0959249 0.0857781 0.0821609 0.0561278 0.0667921 0.0594127 0.0502374 0.0496081 0.0515548 0.0591565 0.0050204 0.0700715 0.0835572 0.0756666 
Acrobatidae_Acrobates_pygmaeus               0.0508083 0.0725531 0.0616131 0.0631294 0.0644334 0.0942573 0.0523697 0.0565791 0.0638280 0.0902661 0.0534599 0.0872543 0.0961979 0.0585479 0.0000000 0.0874981 0.0930307 0.0772463 0.0855314 0.0593545 0.0541972 0.1093528 0.1001854 0.0888751 0.0659923 0.0759577 0.0590401 0.0604490 0.0476442 0.0565442 0.0376715 0.0570947 0.0733758 0.0896976 0.0863980 
Dasyuridae_Phascogale_calura                 0.0752884 0.0864381 0.0809338 0.0840715 0.0831721 0.0269539 0.0811519 0.0827986 0.0831236 0.0996861 0.0802392 0.0033956 0.0288890 0.0824698 0.0874981 0.0000000 0.0242365 0.0191907 0.0958962 0.0811988 0.0854941 0.1004679 0.0950412 0.0117607 0.0944200 0.0782564 0.0952924 0.0826826 0.0740448 0.0816117 0.0902865 0.0830372 0.0812093 0.0150171 0.0967103 
Dasyuridae_Sarcophilus_harrisii              0.0786488 0.0860087 0.0846162 0.0887516 0.0868512 0.0165571 0.0829546 0.0832454 0.0859990 0.1044882 0.0804101 0.0244436 0.0370647 0.0829499 0.0930307 0.0242365 0.0000000 0.0226796 0.1014954 0.0853784 0.0885280 0.1124368 0.1019568 0.0218684 0.0963772 0.0842858 0.0996785 0.0869076 0.0774370 0.0827482 0.0945450 0.0839973 0.0855583 0.0147547 0.0997186 
Dasyuridae_Planigale_tenuirostris            0.0671852 0.0728518 0.0712327 0.0730986 0.0738294 0.0219788 0.0689460 0.0710286 0.0731575 0.0857451 0.0662397 0.0200523 0.0172536 0.0709055 0.0772463 0.0191907 0.0226796 0.0000000 0.0824436 0.0745750 0.0771226 0.0762190 0.0734120 0.0190276 0.0831677 0.0706233 0.0793808 0.0747754 0.0763717 0.0638964 0.0801346 0.0702820 0.0845506 0.0206870 0.0799114 
Peramelidae_Echymipera_kalubu                0.0714587 0.0822137 0.0754708 0.0854624 0.0849442 0.1020903 0.0784874 0.0787140 0.0832217 0.0170316 0.0766973 0.0957075 0.0979273 0.0781551 0.0855314 0.0958962 0.1014954 0.0824436 0.0000000 0.0820389 0.0812851 0.0975681 0.0965325 0.0974042 0.0906489 0.0823259 0.0876810 0.0831790 0.0710536 0.0788809 0.0837590 0.0787497 0.0116866 0.0951375 0.0166613 
Macropodidae_Dorcopsulus_vanheurni           0.0460184 0.0634071 0.0526801 0.0190653 0.0195462 0.0852284 0.0474752 0.0490963 0.0192418 0.0846700 0.0470406 0.0819402 0.0892833 0.0494568 0.0593545 0.0811988 0.0853784 0.0745750 0.0820389 0.0000000 0.0544201 0.0969576 0.0870405 0.0832380 0.0343331 0.0701333 0.0575467 0.0072321 0.0501551 0.0535448 0.0577185 0.0493794 0.0752606 0.0818643 0.0822209 
Pseudochiridae_Pseudochirulus_forbesi        0.0482632 0.0657132 0.0545611 0.0560945 0.0559932 0.0913228 0.0502362 0.0524512 0.0562959 0.0840583 0.0523672 0.0855142 0.0940137 0.0531346 0.0541972 0.0854941 0.0885280 0.0771226 0.0812851 0.0544201 0.0000000 0.0970277 0.0867889 0.0855340 0.0580962 0.0727068 0.0300147 0.0544271 0.0153394 0.0480872 0.0551041 0.0534632 0.0716032 0.0855033 0.0798420 
Didelphidae_Didelphis_virginiana             0.0859224 0.0965660 0.0909863 0.1035503 0.0990721 0.1135841 0.0897121 0.0937721 0.0987493 0.1009233 0.0944643 0.1015982 0.1127993 0.0959249 0.1093528 0.1004679 0.1124368 0.0762190 0.0975681 0.0969576 0.0970277 0.0000000 0.0354614 0.1040850 0.1263605 0.0905278 0.1317675 0.0992394 0.0710956 0.0998673 0.1112599 0.0957190 0.0774275 0.1009056 0.0994621 
Marmosidae_Monodelphis_domestica             0.0821015 0.0865984 0.0829101 0.0913000 0.0913535 0.1073547 0.0805330 0.0852140 0.0872325 0.1052823 0.0861837 0.0950276 0.1055231 0.0857781 0.1001854 0.0950412 0.1019568 0.0734120 0.0965325 0.0870405 0.0867889 0.0354614 0.0000000 0.0949332 0.1141980 0.0875602 0.1214003 0.0887836 0.0676488 0.0999226 0.1057430 0.0855444 0.0751825 0.0953442 0.1039796 
Dasyuridae_Antechinus_stuartii               0.0771719 0.0867091 0.0829207 0.0849078 0.0840033 0.0262445 0.0796219 0.0820536 0.0834020 0.1002724 0.0796284 0.0125177 0.0313059 0.0821609 0.0888751 0.0117607 0.0218684 0.0190276 0.0974042 0.0832380 0.0855340 0.1040850 0.0949332 0.0000000 0.0933282 0.0789108 0.0946576 0.0843624 0.0749642 0.0825436 0.0913458 0.0823039 0.0820106 0.0190836 0.0956844 
Hypsiprymnodontidae_Hypsiprymnodon_moschatus 0.0513427 0.0689709 0.0628738 0.0358289 0.0352877 0.0989674 0.0557043 0.0575462 0.0355678 0.0945965 0.0531494 0.0944663 0.1023727 0.0561278 0.0659923 0.0944200 0.0963772 0.0831677 0.0906489 0.0343331 0.0580962 0.1263605 0.1141980 0.0933282 0.0000000 0.0787493 0.0583983 0.0346666 0.0532697 0.0568648 0.0585663 0.0565462 0.0802784 0.0975986 0.0902081 
Microbiotheriidae_Dromiciops_gliroides       0.0635795 0.0728171 0.0640411 0.0753683 0.0743549 0.0858685 0.0664555 0.0680700 0.0738822 0.0876109 0.0638801 0.0787866 0.0843029 0.0667921 0.0759577 0.0782564 0.0842858 0.0706233 0.0823259 0.0701333 0.0727068 0.0905278 0.0875602 0.0789108 0.0787493 0.0000000 0.0798094 0.0713948 0.0623325 0.0711812 0.0773772 0.0665395 0.0725247 0.0791326 0.0836951 
Pseudochiridae_Petauroides_volans            0.0529344 0.0696970 0.0621071 0.0588005 0.0578293 0.1005814 0.0562062 0.0588023 0.0601684 0.0913405 0.0575028 0.0965583 0.1042220 0.0594127 0.0590401 0.0952924 0.0996785 0.0793808 0.0876810 0.0575467 0.0300147 0.1317675 0.1214003 0.0946576 0.0583983 0.0798094 0.0000000 0.0579725 0.0275748 0.0516333 0.0566780 0.0593395 0.0746086 0.0961086 0.0879643 
Macropodidae_Wallabia_bicolor                0.0451902 0.0643260 0.0537278 0.0200648 0.0205532 0.0872587 0.0474421 0.0487853 0.0206326 0.0857145 0.0469653 0.0834298 0.0903385 0.0502374 0.0604490 0.0826826 0.0869076 0.0747754 0.0831790 0.0072321 0.0544271 0.0992394 0.0887836 0.0843624 0.0346666 0.0713948 0.0579725 0.0000000 0.0499320 0.0523635 0.0586224 0.0497596 0.0748053 0.0843308 0.0832642 
Pseudochiridae_Pseudocheirus_occidentalis    0.0457058 0.0594375 0.0513532 0.0519497 0.0520518 0.0800202 0.0465144 0.0484498 0.0523435 0.0749082 0.0475135 0.0738745 0.0826528 0.0496081 0.0476442 0.0740448 0.0774370 0.0763717 0.0710536 0.0501551 0.0153394 0.0710956 0.0676488 0.0749642 0.0532697 0.0623325 0.0275748 0.0499320 0.0000000 0.0392065 0.0494792 0.0499448 0.0718655 0.0738190 0.0699321 
Tarsipedidae_Tarsipes_rostratus              0.0481891 0.0631568 0.0558730 0.0578438 0.0575956 0.0839001 0.0485015 0.0485776 0.0574818 0.0789080 0.0510943 0.0828909 0.0885952 0.0515548 0.0565442 0.0816117 0.0827482 0.0638964 0.0788809 0.0535448 0.0480872 0.0998673 0.0999226 0.0825436 0.0568648 0.0711812 0.0516333 0.0523635 0.0392065 0.0000000 0.0519316 0.0521481 0.0662009 0.0804272 0.0785505 
Acrobatidae_Distoechurus_pennatus            0.0508365 0.0729108 0.0604997 0.0613796 0.0615264 0.0939154 0.0544773 0.0576469 0.0624466 0.0858468 0.0560651 0.0902763 0.0968428 0.0591565 0.0376715 0.0902865 0.0945450 0.0801346 0.0837590 0.0577185 0.0551041 0.1112599 0.1057430 0.0913458 0.0585663 0.0773772 0.0566780 0.0586224 0.0494792 0.0519316 0.0000000 0.0581606 0.0733719 0.0915113 0.0819772 
Phalangeridae_Phalanger_carmelitae           0.0416459 0.0627853 0.0503952 0.0534994 0.0522791 0.0854468 0.0184707 0.0097942 0.0523621 0.0802632 0.0091162 0.0838374 0.0884740 0.0050204 0.0570947 0.0830372 0.0839973 0.0702820 0.0787497 0.0493794 0.0534632 0.0957190 0.0855444 0.0823039 0.0565462 0.0665395 0.0593395 0.0497596 0.0499448 0.0521481 0.0581606 0.0000000 0.0697282 0.0846043 0.0762627 
Peramelidae_Peroryctes_raffrayana            0.0629897 0.0728164 0.0663763 0.0769623 0.0773881 0.0831140 0.0695095 0.0703530 0.0765382 0.0132978 0.0673366 0.0802416 0.0834992 0.0700715 0.0733758 0.0812093 0.0855583 0.0845506 0.0116866 0.0752606 0.0716032 0.0774275 0.0751825 0.0820106 0.0802784 0.0725247 0.0746086 0.0748053 0.0718655 0.0662009 0.0733719 0.0697282 0.0000000 0.0822923 0.0125330 
Dasyuridae_Dasyurus_geffroii                 0.0783301 0.0847164 0.0837796 0.0869055 0.0850123 0.0151831 0.0825954 0.0851824 0.0852549 0.1001617 0.0808728 0.0159688 0.0317616 0.0835572 0.0896976 0.0150171 0.0147547 0.0206870 0.0951375 0.0818643 0.0855033 0.1009056 0.0953442 0.0190836 0.0975986 0.0791326 0.0961086 0.0843308 0.0738190 0.0804272 0.0915113 0.0846043 0.0822923 0.0000000 0.0949068 
Peramelidae_Perameles_gunnii                 0.0714511 0.0840996 0.0756929 0.0847681 0.0825191 0.1002456 0.0753105 0.0757227 0.0824102 0.0009573 0.0760212 0.0976029 0.1007290 0.0756666 0.0863980 0.0967103 0.0997186 0.0799114 0.0166613 0.0822209 0.0798420 0.0994621 0.1039796 0.0956844 0.0902081 0.0836951 0.0879643 0.0832642 0.0699321 0.0785505 0.0819772 0.0762627 0.0125330 0.0949068 0.0000000 
