35
Burramyidae_Burramys_parvus                  0.0000000 0.0206929 0.0171119 0.0180794 0.0180933 0.0293183 0.0163846 0.0155434 0.0178288 0.0364641 0.0130108 0.0272234 0.0275293 0.0162259 0.0245911 0.0269343 0.0288008 0.0262858 0.0368443 0.0191640 0.0227983 0.0328023 0.0372193 0.0276842 0.0212617 0.0202610 0.0221479 0.0169190 0.0238577 0.0279577 0.0214990 0.0163008 0.0325767 0.0303513 0.0351955 
Notoryctidae_Notoryctes_typhlops             0.0206929 0.0000000 0.0229187 0.0244926 0.0237967 0.0272485 0.0238785 0.0233619 0.0235377 0.0292131 0.0211720 0.0253738 0.0258114 0.0234851 0.0249919 0.0256668 0.0264170 0.0253143 0.0294583 0.0251388 0.0278956 0.0323857 0.0331005 0.0262755 0.0258662 0.0228937 0.0274661 0.0228397 0.0270958 0.0326209 0.0266289 0.0234877 0.0285977 0.0274296 0.0285417 
Vombatidae_Lasiorhinus_latifrons             0.0171119 0.0229187 0.0000000 0.0170376 0.0167919 0.0286470 0.0179567 0.0167570 0.0167869 0.0361289 0.0145678 0.0276767 0.0267109 0.0174141 0.0249429 0.0275317 0.0281360 0.0262937 0.0352416 0.0175773 0.0234824 0.0361464 0.0383710 0.0272684 0.0204155 0.0201658 0.0222377 0.0161101 0.0242838 0.0264142 0.0211968 0.0177977 0.0335956 0.0292483 0.0346505 
Potoroidae_Bettongia_penicillata             0.0180794 0.0244926 0.0170376 0.0000000 0.0015913 0.0314919 0.0176363 0.0176142 0.0040892 0.0378205 0.0146279 0.0289380 0.0298114 0.0188938 0.0261342 0.0294967 0.0306899 0.0289589 0.0377739 0.0097745 0.0230220 0.0362889 0.0398423 0.0291116 0.0173109 0.0238063 0.0219344 0.0082326 0.0234180 0.0264923 0.0219098 0.0190674 0.0354987 0.0313380 0.0369870 
Potoroidae_Bettongia_lesueur                 0.0180933 0.0237967 0.0167919 0.0015913 0.0000000 0.0312067 0.0172585 0.0169625 0.0040877 0.0369198 0.0139982 0.0286588 0.0289559 0.0182531 0.0258531 0.0289300 0.0301161 0.0283659 0.0368784 0.0094287 0.0228884 0.0358632 0.0398526 0.0289797 0.0173195 0.0239621 0.0215350 0.0078896 0.0236960 0.0259298 0.0219066 0.0184081 0.0350039 0.0310532 0.0361148 
Dasyuridae_Dasyurus_maculatus                0.0293183 0.0272485 0.0286470 0.0314919 0.0312067 0.0000000 0.0312658 0.0309760 0.0313813 0.0434074 0.0262228 0.0082349 0.0103428 0.0308673 0.0373955 0.0080052 0.0033202 0.0103587 0.0440637 0.0317428 0.0361969 0.0412501 0.0409933 0.0088260 0.0349181 0.0256967 0.0353958 0.0295447 0.0365722 0.0398094 0.0341318 0.0318410 0.0401598 0.0023424 0.0424228 
Phalangeridae_Trichosurus_vulpecula          0.0163846 0.0238785 0.0179567 0.0176363 0.0172585 0.0312658 0.0000000 0.0086168 0.0171325 0.0380955 0.0075277 0.0298413 0.0302950 0.0099883 0.0248953 0.0298318 0.0306037 0.0287080 0.0402527 0.0186926 0.0235325 0.0332567 0.0410792 0.0300361 0.0210440 0.0240041 0.0222102 0.0163376 0.0239328 0.0265847 0.0219311 0.0106364 0.0361774 0.0310057 0.0374828 
Phalangeridae_Spilocuscus_maculatus          0.0155434 0.0233619 0.0167570 0.0176142 0.0169625 0.0309760 0.0086168 0.0000000 0.0169586 0.0357929 0.0042304 0.0289120 0.0287809 0.0049181 0.0247049 0.0289025 0.0304427 0.0277132 0.0372608 0.0186918 0.0219648 0.0355203 0.0397002 0.0289461 0.0191180 0.0231278 0.0200334 0.0162603 0.0222019 0.0263442 0.0213916 0.0054922 0.0334095 0.0309711 0.0353777 
Potoroidae_Aepyprymnus_rufescens             0.0178288 0.0235377 0.0167869 0.0040892 0.0040877 0.0313813 0.0171325 0.0169586 0.0000000 0.0364976 0.0137437 0.0289529 0.0292604 0.0177527 0.0258315 0.0295174 0.0314327 0.0286737 0.0358038 0.0091948 0.0228481 0.0353388 0.0377978 0.0294283 0.0170504 0.0241193 0.0221572 0.0075479 0.0233916 0.0268819 0.0217678 0.0181502 0.0345650 0.0312274 0.0356985 
Peramelidae_Perameles_nasuta                 0.0364641 0.0292131 0.0361289 0.0378205 0.0369198 0.0434074 0.0380955 0.0357929 0.0364976 0.0000000 0.0311384 0.0429460 0.0427264 0.0361544 0.0423600 0.0427182 0.0415444 0.0437716 0.0130043 0.0396830 0.0399670 0.0452000 0.0482751 0.0416873 0.0436805 0.0340550 0.0374741 0.0361534 0.0422062 0.0438780 0.0387439 0.0367285 0.0100272 0.0441493 0.0007726 
Phalangeridae_Strigocuscus_pelengensis       0.0130108 0.0211720 0.0145678 0.0146279 0.0139982 0.0262228 0.0075277 0.0042304 0.0137437 0.0311384 0.0000000 0.0245401 0.0245613 0.0052453 0.0167165 0.0246734 0.0254009 0.0231326 0.0310397 0.0158007 0.0194852 0.0286210 0.0320138 0.0248430 0.0162050 0.0211248 0.0186522 0.0138424 0.0181067 0.0228465 0.0181466 0.0058712 0.0312156 0.0263799 0.0304674 
Dasyuridae_Phascogale_tapoatafa              0.0272234 0.0253738 0.0276767 0.0289380 0.0286588 0.0082349 0.0298413 0.0289120 0.0289529 0.0429460 0.0245401 0.0000000 0.0096404 0.0295791 0.0369800 0.0015909 0.0075608 0.0093907 0.0419646 0.0300531 0.0343840 0.0377370 0.0399492 0.0039811 0.0343732 0.0254184 0.0341957 0.0278871 0.0350298 0.0387548 0.0331431 0.0298968 0.0384907 0.0089307 0.0415078 
Dasyuridae_Sminthopsis_macroura              0.0275293 0.0258114 0.0267109 0.0298114 0.0289559 0.0103428 0.0302950 0.0287809 0.0292604 0.0427264 0.0245613 0.0096404 0.0000000 0.0294561 0.0352382 0.0095280 0.0093019 0.0084379 0.0424958 0.0301991 0.0348754 0.0391203 0.0409450 0.0104846 0.0340792 0.0244837 0.0342075 0.0283177 0.0351739 0.0386609 0.0323882 0.0296365 0.0380457 0.0105823 0.0412936 
Phalangeridae_Phalanger_orientalis           0.0162259 0.0234851 0.0174141 0.0188938 0.0182531 0.0308673 0.0099883 0.0049181 0.0177527 0.0361544 0.0052453 0.0295791 0.0294561 0.0000000 0.0244544 0.0295696 0.0306344 0.0286967 0.0389840 0.0195623 0.0231164 0.0363590 0.0399944 0.0297699 0.0207541 0.0247198 0.0217808 0.0171714 0.0231153 0.0258964 0.0219000 0.0028667 0.0346958 0.0314725 0.0362153 
Acrobatidae_Acrobates_pygmaeus               0.0245911 0.0249919 0.0249429 0.0261342 0.0258531 0.0373955 0.0248953 0.0247049 0.0258315 0.0423600 0.0167165 0.0369800 0.0352382 0.0244544 0.0000000 0.0374523 0.0372906 0.0345315 0.0452433 0.0266227 0.0222481 0.0448025 0.0480581 0.0365591 0.0264455 0.0284508 0.0207564 0.0245400 0.0209558 0.0261646 0.0142862 0.0259851 0.0396196 0.0377479 0.0417310 
Dasyuridae_Phascogale_calura                 0.0269343 0.0256668 0.0275317 0.0294967 0.0289300 0.0080052 0.0298318 0.0289025 0.0295174 0.0427182 0.0246734 0.0015909 0.0095280 0.0295696 0.0374523 0.0000000 0.0073312 0.0092694 0.0417428 0.0303225 0.0352810 0.0381366 0.0401029 0.0038709 0.0342040 0.0255567 0.0344876 0.0281509 0.0357924 0.0385829 0.0335848 0.0298869 0.0385217 0.0086991 0.0412858 
Dasyuridae_Sarcophilus_harrisii              0.0288008 0.0264170 0.0281360 0.0306899 0.0301161 0.0033202 0.0306037 0.0304427 0.0314327 0.0415444 0.0254009 0.0075608 0.0093019 0.0306344 0.0372906 0.0073312 0.0000000 0.0092753 0.0429617 0.0313682 0.0354816 0.0388586 0.0402631 0.0084912 0.0343657 0.0251729 0.0354625 0.0293243 0.0361258 0.0398970 0.0340526 0.0316074 0.0392648 0.0039788 0.0406383 
Dasyuridae_Planigale_tenuirostris            0.0262858 0.0253143 0.0262937 0.0289589 0.0283659 0.0103587 0.0287080 0.0277132 0.0286737 0.0437716 0.0231326 0.0093907 0.0084379 0.0286967 0.0345315 0.0092694 0.0092753 0.0000000 0.0425134 0.0294550 0.0341298 0.0376561 0.0400439 0.0095130 0.0330072 0.0254167 0.0337380 0.0270081 0.0338368 0.0381595 0.0317867 0.0291808 0.0388179 0.0104921 0.0420760 
Peramelidae_Echymipera_kalubu                0.0368443 0.0294583 0.0352416 0.0377739 0.0368784 0.0440637 0.0402527 0.0372608 0.0358038 0.0130043 0.0310397 0.0419646 0.0424958 0.0389840 0.0452433 0.0417428 0.0429617 0.0425134 0.0000000 0.0395604 0.0393535 0.0480176 0.0467150 0.0418997 0.0429424 0.0316723 0.0374027 0.0362954 0.0418970 0.0444061 0.0396098 0.0388495 0.0106611 0.0445722 0.0122884 
Macropodidae_Dorcopsulus_vanheurni           0.0191640 0.0251388 0.0175773 0.0097745 0.0094287 0.0317428 0.0186926 0.0186918 0.0091948 0.0396830 0.0158007 0.0300531 0.0301991 0.0195623 0.0266227 0.0303225 0.0313682 0.0294550 0.0395604 0.0000000 0.0229096 0.0388388 0.0406265 0.0305043 0.0158377 0.0252473 0.0224779 0.0029994 0.0228981 0.0268935 0.0235392 0.0195042 0.0366284 0.0315880 0.0380969 
Pseudochiridae_Pseudochirulus_forbesi        0.0227983 0.0278956 0.0234824 0.0230220 0.0228884 0.0361969 0.0235325 0.0219648 0.0228481 0.0399670 0.0194852 0.0343840 0.0348754 0.0231164 0.0222481 0.0352810 0.0354816 0.0341298 0.0393535 0.0229096 0.0000000 0.0455615 0.0459333 0.0338447 0.0257749 0.0277772 0.0123427 0.0208182 0.0077747 0.0216902 0.0197614 0.0234499 0.0366396 0.0365439 0.0390585 
Didelphidae_Didelphis_virginiana             0.0328023 0.0323857 0.0361464 0.0362889 0.0358632 0.0412501 0.0332567 0.0355203 0.0353388 0.0452000 0.0286210 0.0377370 0.0391203 0.0363590 0.0448025 0.0381366 0.0388586 0.0376561 0.0480176 0.0388388 0.0455615 0.0000000 0.0192342 0.0377278 0.0440709 0.0297900 0.0434769 0.0361291 0.0453358 0.0471099 0.0413758 0.0367808 0.0419551 0.0413054 0.0433317 
Marmosidae_Monodelphis_domestica             0.0372193 0.0331005 0.0383710 0.0398423 0.0398526 0.0409933 0.0410792 0.0397002 0.0377978 0.0482751 0.0320138 0.0399492 0.0409450 0.0399944 0.0480581 0.0401029 0.0402631 0.0400439 0.0467150 0.0406265 0.0459333 0.0192342 0.0000000 0.0393490 0.0444453 0.0306003 0.0475948 0.0393000 0.0480360 0.0506564 0.0455875 0.0404777 0.0454685 0.0416952 0.0471680 
Dasyuridae_Antechinus_stuartii               0.0276842 0.0262755 0.0272684 0.0291116 0.0289797 0.0088260 0.0300361 0.0289461 0.0294283 0.0416873 0.0248430 0.0039811 0.0104846 0.0297699 0.0365591 0.0038709 0.0084912 0.0095130 0.0418997 0.0305043 0.0338447 0.0377278 0.0393490 0.0000000 0.0347363 0.0254472 0.0341877 0.0280561 0.0346044 0.0378923 0.0324528 0.0300980 0.0377032 0.0091808 0.0406586 
Hypsiprymnodontidae_Hypsiprymnodon_moschatus 0.0212617 0.0258662 0.0204155 0.0173109 0.0173195 0.0349181 0.0210440 0.0191180 0.0170504 0.0436805 0.0162050 0.0343732 0.0340792 0.0207541 0.0264455 0.0342040 0.0343657 0.0330072 0.0429424 0.0158377 0.0257749 0.0440709 0.0444453 0.0347363 0.0000000 0.0281997 0.0246643 0.0152631 0.0264119 0.0311342 0.0253299 0.0210065 0.0384726 0.0341424 0.0433976 
Microbiotheriidae_Dromiciops_gliroides       0.0202610 0.0228937 0.0201658 0.0238063 0.0239621 0.0256967 0.0240041 0.0231278 0.0241193 0.0340550 0.0211248 0.0254184 0.0244837 0.0247198 0.0284508 0.0255567 0.0251729 0.0254167 0.0316723 0.0252473 0.0277772 0.0297900 0.0306003 0.0254472 0.0281997 0.0000000 0.0281789 0.0234961 0.0275405 0.0325880 0.0253315 0.0251121 0.0302386 0.0260256 0.0330384 
Pseudochiridae_Petauroides_volans            0.0221479 0.0274661 0.0222377 0.0219344 0.0215350 0.0353958 0.0222102 0.0200334 0.0221572 0.0374741 0.0186522 0.0341957 0.0342075 0.0217808 0.0207564 0.0344876 0.0354625 0.0337380 0.0374027 0.0224779 0.0123427 0.0434769 0.0475948 0.0341877 0.0246643 0.0281789 0.0000000 0.0197599 0.0127876 0.0217907 0.0185690 0.0220553 0.0334255 0.0360189 0.0363662 
Macropodidae_Wallabia_bicolor                0.0169190 0.0228397 0.0161101 0.0082326 0.0078896 0.0295447 0.0163376 0.0162603 0.0075479 0.0361534 0.0138424 0.0278871 0.0283177 0.0171714 0.0245400 0.0281509 0.0293243 0.0270081 0.0362954 0.0029994 0.0208182 0.0361291 0.0393000 0.0280561 0.0152631 0.0234961 0.0197599 0.0000000 0.0215690 0.0247546 0.0210328 0.0170474 0.0338172 0.0296810 0.0348975 
Pseudochiridae_Pseudocheirus_occidentalis    0.0238577 0.0270958 0.0242838 0.0234180 0.0236960 0.0365722 0.0239328 0.0222019 0.0233916 0.0422062 0.0181067 0.0350298 0.0351739 0.0231153 0.0209558 0.0357924 0.0361258 0.0338368 0.0418970 0.0228981 0.0077747 0.0453358 0.0480360 0.0346044 0.0264119 0.0275405 0.0127876 0.0215690 0.0000000 0.0232974 0.0202000 0.0234535 0.0388798 0.0370889 0.0417594 
Tarsipedidae_Tarsipes_rostratus              0.0279577 0.0326209 0.0264142 0.0264923 0.0259298 0.0398094 0.0265847 0.0263442 0.0268819 0.0438780 0.0228465 0.0387548 0.0386609 0.0258964 0.0261646 0.0385829 0.0398970 0.0381595 0.0444061 0.0268935 0.0216902 0.0471099 0.0506564 0.0378923 0.0311342 0.0325880 0.0217907 0.0247546 0.0232974 0.0000000 0.0234935 0.0268987 0.0406653 0.0398612 0.0428931 
Acrobatidae_Distoechurus_pennatus            0.0214990 0.0266289 0.0211968 0.0219098 0.0219066 0.0341318 0.0219311 0.0213916 0.0217678 0.0387439 0.0181466 0.0331431 0.0323882 0.0219000 0.0142862 0.0335848 0.0340526 0.0317867 0.0396098 0.0235392 0.0197614 0.0413758 0.0455875 0.0324528 0.0253299 0.0253315 0.0185690 0.0210328 0.0202000 0.0234935 0.0000000 0.0234355 0.0362507 0.0337182 0.0376673 
Phalangeridae_Phalanger_carmelitae           0.0163008 0.0234877 0.0177977 0.0190674 0.0184081 0.0318410 0.0106364 0.0054922 0.0181502 0.0367285 0.0058712 0.0298968 0.0296365 0.0028667 0.0259851 0.0298869 0.0316074 0.0291808 0.0388495 0.0195042 0.0234499 0.0367808 0.0404777 0.0300980 0.0210065 0.0251121 0.0220553 0.0170474 0.0234535 0.0268987 0.0234355 0.0000000 0.0348097 0.0323226 0.0367817 
Peramelidae_Peroryctes_raffrayana            0.0325767 0.0285977 0.0335956 0.0354987 0.0350039 0.0401598 0.0361774 0.0334095 0.0345650 0.0100272 0.0312156 0.0384907 0.0380457 0.0346958 0.0396196 0.0385217 0.0392648 0.0388179 0.0106611 0.0366284 0.0366396 0.0419551 0.0454685 0.0377032 0.0384726 0.0302386 0.0334255 0.0338172 0.0388798 0.0406653 0.0362507 0.0348097 0.0000000 0.0418696 0.0096290 
Dasyuridae_Dasyurus_geffroii                 0.0303513 0.0274296 0.0292483 0.0313380 0.0310532 0.0023424 0.0310057 0.0309711 0.0312274 0.0441493 0.0263799 0.0089307 0.0105823 0.0314725 0.0377479 0.0086991 0.0039788 0.0104921 0.0445722 0.0315880 0.0365439 0.0413054 0.0416952 0.0091808 0.0341424 0.0260256 0.0360189 0.0296810 0.0370889 0.0398612 0.0337182 0.0323226 0.0418696 0.0000000 0.0431472 
Peramelidae_Perameles_gunnii                 0.0351955 0.0285417 0.0346505 0.0369870 0.0361148 0.0424228 0.0374828 0.0353777 0.0356985 0.0007726 0.0304674 0.0415078 0.0412936 0.0362153 0.0417310 0.0412858 0.0406383 0.0420760 0.0122884 0.0380969 0.0390585 0.0433317 0.0471680 0.0406586 0.0433976 0.0330384 0.0363662 0.0348975 0.0417594 0.0428931 0.0376673 0.0367817 0.0096290 0.0431472 0.0000000 
