35
Burramyidae_Burramys_parvus                  0.0000000 0.1336758 0.0939327 0.0864649 0.0880714 0.1435357 0.0793745 0.0834902 0.0895817 0.1522943 0.0802000 0.1410638 0.1461156 0.0815439 0.0828029 0.1435359 0.1478962 0.1016644 0.1569497 0.0905350 0.0967571 0.1710946 0.1704360 0.1203264 0.0968707 0.1340828 0.0871811 0.0947938 0.0884674 0.1112025 0.0816259 0.0789450 0.1539158 0.1430077 0.1572107 
Notoryctidae_Notoryctes_typhlops             0.1336758 0.0000000 0.1338077 0.1399012 0.1413611 0.1442975 0.1272453 0.1336055 0.1380870 0.1493933 0.1285438 0.1480885 0.1543810 0.1288476 0.1261159 0.1501565 0.1480317 0.1021059 0.1558545 0.1402273 0.1460485 0.1985228 0.1911494 0.1292931 0.1415430 0.1535198 0.1357072 0.1397393 0.1455590 0.1617592 0.1280870 0.1277859 0.1541815 0.1451342 0.1551746 
Vombatidae_Lasiorhinus_latifrons             0.0939327 0.1338077 0.0000000 0.0981979 0.0976731 0.1452434 0.0875730 0.0910833 0.0948017 0.1512932 0.0896644 0.1442120 0.1459922 0.0910074 0.0896295 0.1464936 0.1452281 0.1008706 0.1556382 0.0991918 0.1042986 0.1662259 0.1712945 0.1283264 0.1055543 0.1328667 0.1009728 0.1009347 0.1036072 0.1195208 0.0925937 0.0903028 0.1443655 0.1450590 0.1531412 
Potoroidae_Bettongia_penicillata             0.0864649 0.1399012 0.0981979 0.0000000 0.0062418 0.1470504 0.0871792 0.0898804 0.0234170 0.1499382 0.0882177 0.1492423 0.1524595 0.0905042 0.0842586 0.1506680 0.1495462 0.1076074 0.1524480 0.0327753 0.0970587 0.1795065 0.1826348 0.1307514 0.0605011 0.1391612 0.0895557 0.0349095 0.0888149 0.1171169 0.0847670 0.0876625 0.1449752 0.1450846 0.1538187 
Potoroidae_Bettongia_lesueur                 0.0880714 0.1413611 0.0976731 0.0062418 0.0000000 0.1448875 0.0876462 0.0897493 0.0223521 0.1510032 0.0894395 0.1478154 0.1495972 0.0909773 0.0843367 0.1487171 0.1483718 0.1061103 0.1519605 0.0323852 0.0971377 0.1814551 0.1843363 0.1295600 0.0588437 0.1377303 0.0905777 0.0345194 0.0902224 0.1142097 0.0865786 0.0877281 0.1444203 0.1429307 0.1543144 
Dasyuridae_Dasyurus_maculatus                0.1435357 0.1442975 0.1452434 0.1470504 0.1448875 0.0000000 0.1318801 0.1367145 0.1454956 0.1592655 0.1316837 0.0360386 0.0519000 0.1342382 0.1352105 0.0372442 0.0163561 0.0335813 0.1663300 0.1399286 0.1520526 0.2012030 0.2106401 0.0318058 0.1510990 0.1654179 0.1506556 0.1439249 0.1504168 0.1622490 0.1409381 0.1328010 0.1614344 0.0087355 0.1647698 
Phalangeridae_Trichosurus_vulpecula          0.0793745 0.1272453 0.0875730 0.0871792 0.0876462 0.1318801 0.0000000 0.0336597 0.0854102 0.1426105 0.0325234 0.1333551 0.1404910 0.0350094 0.0757041 0.1359220 0.1357329 0.0950365 0.1455151 0.0823419 0.0879048 0.1664452 0.1677278 0.1164522 0.0895361 0.1292227 0.0851403 0.0886598 0.0808378 0.1043134 0.0754649 0.0338370 0.1445552 0.1320963 0.1465689 
Phalangeridae_Spilocuscus_maculatus          0.0834902 0.1336055 0.0910833 0.0898804 0.0897493 0.1367145 0.0336597 0.0000000 0.0863611 0.1492391 0.0163850 0.1409303 0.1483219 0.0224548 0.0786691 0.1429542 0.1431995 0.1008107 0.1528982 0.0856958 0.0915125 0.1717641 0.1753797 0.1235886 0.0973170 0.1352624 0.0869311 0.0894383 0.0864875 0.1116001 0.0802910 0.0213484 0.1455162 0.1383889 0.1544941 
Potoroidae_Aepyprymnus_rufescens             0.0895817 0.1380870 0.0948017 0.0234170 0.0223521 0.1454956 0.0854102 0.0863611 0.0000000 0.1467635 0.0864895 0.1483950 0.1492789 0.0885665 0.0842580 0.1493140 0.1479528 0.1058348 0.1471740 0.0330837 0.0969179 0.1811163 0.1849310 0.1293869 0.0588487 0.1359559 0.0889043 0.0333702 0.0903148 0.1130977 0.0865883 0.0867894 0.1386418 0.1435152 0.1497382 
Peramelidae_Perameles_nasuta                 0.1522943 0.1493933 0.1512932 0.1499382 0.1510032 0.1592655 0.1426105 0.1492391 0.1467635 0.0000000 0.1437871 0.1554922 0.1650539 0.1468638 0.1423777 0.1587201 0.1630866 0.1098337 0.0238961 0.1459843 0.1617186 0.2058850 0.1956677 0.1442069 0.1559021 0.1701908 0.1509356 0.1535199 0.1565339 0.1718004 0.1416857 0.1434025 0.0227081 0.1604497 0.0033772 
Phalangeridae_Strigocuscus_pelengensis       0.0802000 0.1285438 0.0896644 0.0882177 0.0894395 0.1316837 0.0325234 0.0163850 0.0864895 0.1437871 0.0000000 0.1370790 0.1422310 0.0237282 0.0781965 0.1388753 0.1382516 0.1005790 0.1492448 0.0832321 0.0891880 0.1690846 0.1696664 0.1188287 0.0968356 0.1349271 0.0855675 0.0874334 0.0835632 0.1091625 0.0766789 0.0226479 0.1397224 0.1339700 0.1493463 
Dasyuridae_Phascogale_tapoatafa              0.1410638 0.1480885 0.1442120 0.1492423 0.1478154 0.0360386 0.1333551 0.1409303 0.1483950 0.1554922 0.1370790 0.0000000 0.0474815 0.1381683 0.1355310 0.0065306 0.0391188 0.0273401 0.1607897 0.1427689 0.1546088 0.2038625 0.2127690 0.0121709 0.1536926 0.1605181 0.1535946 0.1470228 0.1491776 0.1636546 0.1411933 0.1366968 0.1584674 0.0341832 0.1582910 
Dasyuridae_Sminthopsis_macroura              0.1461156 0.1543810 0.1459922 0.1524595 0.1495972 0.0519000 0.1404910 0.1483219 0.1492789 0.1650539 0.1422310 0.0474815 0.0000000 0.1493225 0.1379625 0.0520205 0.0527166 0.0250864 0.1688794 0.1470291 0.1569957 0.2138603 0.2153703 0.0429937 0.1523198 0.1728771 0.1528479 0.1486399 0.1532488 0.1630523 0.1462151 0.1457974 0.1673793 0.0516696 0.1685271 
Phalangeridae_Phalanger_orientalis           0.0815439 0.1288476 0.0910074 0.0905042 0.0909773 0.1342382 0.0350094 0.0224548 0.0885665 0.1468638 0.0237282 0.1381683 0.1493225 0.0000000 0.0811542 0.1399953 0.1397004 0.1022081 0.1510577 0.0897541 0.0889056 0.1648026 0.1719123 0.1185902 0.0968593 0.1335868 0.0877906 0.0914998 0.0847008 0.1083144 0.0787415 0.0102677 0.1465025 0.1350489 0.1532608 
Acrobatidae_Acrobates_pygmaeus               0.0828029 0.1261159 0.0896295 0.0842586 0.0843367 0.1352105 0.0757041 0.0786691 0.0842580 0.1423777 0.0781965 0.1355310 0.1379625 0.0811542 0.0000000 0.1369086 0.1391749 0.0979642 0.1489335 0.0825040 0.0752771 0.1657855 0.1712508 0.1184180 0.0886656 0.1263788 0.0691011 0.0876482 0.0736686 0.0958070 0.0474714 0.0772450 0.1419378 0.1327589 0.1445948 
Dasyuridae_Phascogale_calura                 0.1435359 0.1501565 0.1464936 0.1506680 0.1487171 0.0372442 0.1359220 0.1429542 0.1493140 0.1587201 0.1388753 0.0065306 0.0520205 0.1399953 0.1369086 0.0000000 0.0400631 0.0266766 0.1653376 0.1440018 0.1554434 0.2053086 0.2133537 0.0140835 0.1543306 0.1615256 0.1547619 0.1484071 0.1516794 0.1647802 0.1434028 0.1385047 0.1633995 0.0357010 0.1614000 
Dasyuridae_Sarcophilus_harrisii              0.1478962 0.1480317 0.1452281 0.1495462 0.1483718 0.0163561 0.1357329 0.1431995 0.1479528 0.1630866 0.1382516 0.0391188 0.0527166 0.1397004 0.1391749 0.0400631 0.0000000 0.0352076 0.1683509 0.1429571 0.1543430 0.2118676 0.2179972 0.0346006 0.1522247 0.1694480 0.1542382 0.1459336 0.1531945 0.1677824 0.1439304 0.1382340 0.1618192 0.0156658 0.1678413 
Dasyuridae_Planigale_tenuirostris            0.1016644 0.1021059 0.1008706 0.1076074 0.1061103 0.0335813 0.0950365 0.1008107 0.1058348 0.1098337 0.1005790 0.0273401 0.0250864 0.1022081 0.0979642 0.0266766 0.0352076 0.0000000 0.1111932 0.1050391 0.1130981 0.1587260 0.1564379 0.0322901 0.1059199 0.1184323 0.1097381 0.1085394 0.1126294 0.1201276 0.0996189 0.1038224 0.1139466 0.0329543 0.1134620 
Peramelidae_Echymipera_kalubu                0.1569497 0.1558545 0.1556382 0.1524480 0.1519605 0.1663300 0.1455151 0.1528982 0.1471740 0.0238961 0.1492448 0.1607897 0.1688794 0.1510577 0.1489335 0.1653376 0.1683509 0.1111932 0.0000000 0.1521331 0.1658974 0.2029059 0.2034244 0.1470075 0.1584078 0.1708948 0.1535246 0.1572446 0.1597198 0.1769460 0.1482394 0.1452329 0.0216729 0.1654070 0.0249076 
Macropodidae_Dorcopsulus_vanheurni           0.0905350 0.1402273 0.0991918 0.0327753 0.0323852 0.1399286 0.0823419 0.0856958 0.0330837 0.1459843 0.0832321 0.1427689 0.1470291 0.0897541 0.0825040 0.1440018 0.1429571 0.1050391 0.1521331 0.0000000 0.0964119 0.1782625 0.1832708 0.1251832 0.0612806 0.1338175 0.0881957 0.0210158 0.0886560 0.1117221 0.0826945 0.0866804 0.1427592 0.1370029 0.1498541 
Pseudochiridae_Pseudochirulus_forbesi        0.0967571 0.1460485 0.1042986 0.0970587 0.0971377 0.1520526 0.0879048 0.0915125 0.0969179 0.1617186 0.0891880 0.1546088 0.1569957 0.0889056 0.0752771 0.1554434 0.1543430 0.1130981 0.1658974 0.0964119 0.0000000 0.1803182 0.1907872 0.1325734 0.1016703 0.1440604 0.0541310 0.0985309 0.0336946 0.0912378 0.0759932 0.0866399 0.1552620 0.1514620 0.1662970 
Didelphidae_Didelphis_virginiana             0.1710946 0.1985228 0.1662259 0.1795065 0.1814551 0.2012030 0.1664452 0.1717641 0.1811163 0.2058850 0.1690846 0.2038625 0.2138603 0.1648026 0.1657855 0.2053086 0.2118676 0.1587260 0.2029059 0.1782625 0.1803182 0.0000000 0.0578964 0.1841697 0.1878543 0.1757693 0.1799228 0.1859278 0.1779056 0.2017055 0.1707205 0.1627477 0.2021758 0.2005871 0.2080974 
Marmosidae_Monodelphis_domestica             0.1704360 0.1911494 0.1712945 0.1826348 0.1843363 0.2106401 0.1677278 0.1753797 0.1849310 0.1956677 0.1696664 0.2127690 0.2153703 0.1719123 0.1712508 0.2133537 0.2179972 0.1564379 0.2034244 0.1832708 0.1907872 0.0578964 0.0000000 0.1895601 0.1872653 0.1848782 0.1822395 0.1915553 0.1869229 0.2102769 0.1735269 0.1690655 0.1964603 0.2102937 0.2053866 
Dasyuridae_Antechinus_stuartii               0.1203264 0.1292931 0.1283264 0.1307514 0.1295600 0.0318058 0.1164522 0.1235886 0.1293869 0.1442069 0.1188287 0.0121709 0.0429937 0.1185902 0.1184180 0.0140835 0.0346006 0.0322901 0.1470075 0.1251832 0.1325734 0.1841697 0.1895601 0.0000000 0.1354186 0.1444878 0.1334444 0.1277146 0.1340233 0.1463919 0.1256083 0.1187864 0.1517841 0.0297540 0.1447401 
Hypsiprymnodontidae_Hypsiprymnodon_moschatus 0.0968707 0.1415430 0.1055543 0.0605011 0.0588437 0.1510990 0.0895361 0.0973170 0.0588487 0.1559021 0.0968356 0.1536926 0.1523198 0.0968593 0.0886656 0.1543306 0.1522247 0.1059199 0.1584078 0.0612806 0.1016703 0.1878543 0.1872653 0.1354186 0.0000000 0.1436931 0.0984346 0.0649779 0.0941306 0.1196099 0.0894949 0.0935153 0.1524782 0.1492563 0.1591241 
Microbiotheriidae_Dromiciops_gliroides       0.1340828 0.1535198 0.1328667 0.1391612 0.1377303 0.1654179 0.1292227 0.1352624 0.1359559 0.1701908 0.1349271 0.1605181 0.1728771 0.1335868 0.1263788 0.1615256 0.1694480 0.1184323 0.1708948 0.1338175 0.1440604 0.1757693 0.1848782 0.1444878 0.1436931 0.0000000 0.1383816 0.1336444 0.1305327 0.1538760 0.1279334 0.1310166 0.1612889 0.1623280 0.1739374 
Pseudochiridae_Petauroides_volans            0.0871811 0.1357072 0.1009728 0.0895557 0.0905777 0.1506556 0.0851403 0.0869311 0.0889043 0.1509356 0.0855675 0.1535946 0.1528479 0.0877906 0.0691011 0.1547619 0.1542382 0.1097381 0.1535246 0.0881957 0.0541310 0.1799228 0.1822395 0.1334444 0.0984346 0.1383816 0.0000000 0.0932819 0.0474864 0.0883764 0.0710236 0.0856436 0.1466567 0.1514098 0.1540355 
Macropodidae_Wallabia_bicolor                0.0947938 0.1397393 0.1009347 0.0349095 0.0345194 0.1439249 0.0886598 0.0894383 0.0333702 0.1535199 0.0874334 0.1470228 0.1486399 0.0914998 0.0876482 0.1484071 0.1459336 0.1085394 0.1572446 0.0210158 0.0985309 0.1859278 0.1915553 0.1277146 0.0649779 0.1336444 0.0932819 0.0000000 0.0910931 0.1139593 0.0867728 0.0883848 0.1484429 0.1424363 0.1567580 
Pseudochiridae_Pseudocheirus_occidentalis    0.0884674 0.1455590 0.1036072 0.0888149 0.0902224 0.1504168 0.0808378 0.0864875 0.0903148 0.1565339 0.0835632 0.1491776 0.1532488 0.0847008 0.0736686 0.1516794 0.1531945 0.1126294 0.1597198 0.0886560 0.0336946 0.1779056 0.1869229 0.1340233 0.0941306 0.1305327 0.0474864 0.0910931 0.0000000 0.0881567 0.0737040 0.0822064 0.1511807 0.1491372 0.1581890 
Tarsipedidae_Tarsipes_rostratus              0.1112025 0.1617592 0.1195208 0.1171169 0.1142097 0.1622490 0.1043134 0.1116001 0.1130977 0.1718004 0.1091625 0.1636546 0.1630523 0.1083144 0.0958070 0.1647802 0.1677824 0.1201276 0.1769460 0.1117221 0.0912378 0.2017055 0.2102769 0.1463919 0.1196099 0.1538760 0.0883764 0.1139593 0.0881567 0.0000000 0.0976892 0.1060200 0.1674558 0.1616733 0.1757092 
Acrobatidae_Distoechurus_pennatus            0.0816259 0.1280870 0.0925937 0.0847670 0.0865786 0.1409381 0.0754649 0.0802910 0.0865883 0.1416857 0.0766789 0.1411933 0.1462151 0.0787415 0.0474714 0.1434028 0.1439304 0.0996189 0.1482394 0.0826945 0.0759932 0.1707205 0.1735269 0.1256083 0.0894949 0.1279334 0.0710236 0.0867728 0.0737040 0.0976892 0.0000000 0.0732170 0.1411441 0.1396036 0.1448657 
Phalangeridae_Phalanger_carmelitae           0.0789450 0.1277859 0.0903028 0.0876625 0.0877281 0.1328010 0.0338370 0.0213484 0.0867894 0.1434025 0.0226479 0.1366968 0.1457974 0.0102677 0.0772450 0.1385047 0.1382340 0.1038224 0.1452329 0.0866804 0.0866399 0.1627477 0.1690655 0.1187864 0.0935153 0.1310166 0.0856436 0.0883848 0.0822064 0.1060200 0.0732170 0.0000000 0.1426401 0.1335859 0.1494054 
Peramelidae_Peroryctes_raffrayana            0.1539158 0.1541815 0.1443655 0.1449752 0.1444203 0.1614344 0.1445552 0.1455162 0.1386418 0.0227081 0.1397224 0.1584674 0.1673793 0.1465025 0.1419378 0.1633995 0.1618192 0.1139466 0.0216729 0.1427592 0.1552620 0.2021758 0.1964603 0.1517841 0.1524782 0.1612889 0.1466567 0.1484429 0.1511807 0.1674558 0.1411441 0.1426401 0.0000000 0.1634261 0.0246937 
Dasyuridae_Dasyurus_geffroii                 0.1430077 0.1451342 0.1450590 0.1450846 0.1429307 0.0087355 0.1320963 0.1383889 0.1435152 0.1604497 0.1339700 0.0341832 0.0516696 0.1350489 0.1327589 0.0357010 0.0156658 0.0329543 0.1654070 0.1370029 0.1514620 0.2005871 0.2102937 0.0297540 0.1492563 0.1623280 0.1514098 0.1424363 0.1491372 0.1616733 0.1396036 0.1335859 0.1634261 0.0000000 0.1658926 
Peramelidae_Perameles_gunnii                 0.1572107 0.1551746 0.1531412 0.1538187 0.1543144 0.1647698 0.1465689 0.1544941 0.1497382 0.0033772 0.1493463 0.1582910 0.1685271 0.1532608 0.1445948 0.1614000 0.1678413 0.1134620 0.0249076 0.1498541 0.1662970 0.2080974 0.2053866 0.1447401 0.1591241 0.1739374 0.1540355 0.1567580 0.1581890 0.1757092 0.1448657 0.1494054 0.0246937 0.1658926 0.0000000 
