35
Burramyidae_Burramys_parvus                  0.0000000 0.0678500 0.0456664 0.0519505 0.0514173 0.0726014 0.0411557 0.0408885 0.0515936 0.0805400 0.0416091 0.0668634 0.0738411 0.0389835 0.0560544 0.0667941 0.0689806 0.0619533 0.0825048 0.0439913 0.0597320 0.0654243 0.0498734 0.0670132 0.0590428 0.0441185 0.0548985 0.0572286 0.0555947 0.0408357 0.0759532 0.0734306 0.0801087 0.0765682 0.0723736 
Notoryctidae_Notoryctes_typhlops             0.0678500 0.0000000 0.0643112 0.0665549 0.0671381 0.0770378 0.0724007 0.0701854 0.0666889 0.0805993 0.0680940 0.0738604 0.0788774 0.0701689 0.0697032 0.0747519 0.0765282 0.0749875 0.0815108 0.0632994 0.0834552 0.0752591 0.0685679 0.0790747 0.0790063 0.0603779 0.0762598 0.0799692 0.0714119 0.0717612 0.0790859 0.0778694 0.0803400 0.0919322 0.0829492 
Vombatidae_Lasiorhinus_latifrons             0.0456664 0.0643112 0.0000000 0.0498024 0.0492813 0.0711316 0.0485599 0.0457102 0.0513996 0.0728112 0.0466166 0.0694129 0.0704292 0.0452507 0.0559624 0.0683442 0.0690288 0.0638811 0.0740077 0.0452791 0.0589847 0.0655084 0.0516021 0.0630838 0.0598325 0.0454314 0.0571949 0.0598951 0.0545181 0.0453358 0.0742255 0.0723751 0.0722311 0.0805763 0.0748222 
Potoroidae_Bettongia_penicillata             0.0519505 0.0665549 0.0498024 0.0000000 0.0038602 0.0786943 0.0539809 0.0532308 0.0122223 0.0757233 0.0527494 0.0781067 0.0776976 0.0506858 0.0568140 0.0754241 0.0760469 0.0699304 0.0750377 0.0239151 0.0635042 0.0741367 0.0355232 0.0738499 0.0624132 0.0230918 0.0601821 0.0669253 0.0558136 0.0517485 0.0748583 0.0794554 0.0745144 0.0801985 0.0779585 
Potoroidae_Bettongia_lesueur                 0.0514173 0.0671381 0.0492813 0.0038602 0.0000000 0.0770259 0.0529362 0.0522314 0.0122173 0.0765119 0.0517189 0.0775084 0.0770996 0.0496988 0.0573325 0.0748329 0.0743935 0.0693232 0.0753804 0.0247554 0.0644776 0.0735393 0.0350433 0.0742422 0.0618488 0.0230818 0.0601702 0.0663817 0.0547421 0.0507554 0.0746576 0.0777783 0.0753078 0.0800254 0.0790929 
Dasyuridae_Dasyurus_maculatus                0.0726014 0.0770378 0.0711316 0.0786943 0.0770259 0.0000000 0.0738961 0.0733091 0.0773009 0.0946186 0.0732821 0.0147996 0.0266865 0.0722432 0.0825600 0.0143609 0.0086621 0.0220828 0.0879110 0.0697222 0.0895934 0.0158982 0.0808464 0.0796689 0.0887858 0.0669058 0.0847630 0.0849862 0.0813953 0.0732786 0.0869751 0.0054830 0.0940021 0.0993620 0.0932911 
Phalangeridae_Trichosurus_vulpecula          0.0411557 0.0724007 0.0485599 0.0539809 0.0529362 0.0738961 0.0000000 0.0147907 0.0541700 0.0813517 0.0181507 0.0711490 0.0715617 0.0139208 0.0555662 0.0710806 0.0694674 0.0624882 0.0801576 0.0493598 0.0614329 0.0696358 0.0535185 0.0661960 0.0557728 0.0475624 0.0580322 0.0573307 0.0513725 0.0155970 0.0772772 0.0746638 0.0806719 0.0748185 0.0722457 
Phalangeridae_Spilocuscus_maculatus          0.0408885 0.0701854 0.0457102 0.0532308 0.0522314 0.0733091 0.0147907 0.0000000 0.0525593 0.0805660 0.0112918 0.0710831 0.0726070 0.0094011 0.0561084 0.0709543 0.0686538 0.0617735 0.0781589 0.0460324 0.0614623 0.0697147 0.0522699 0.0630803 0.0590357 0.0469867 0.0594798 0.0586145 0.0530998 0.0109994 0.0740262 0.0735771 0.0806461 0.0773894 0.0761680 
Potoroidae_Aepyprymnus_rufescens             0.0515936 0.0666889 0.0513996 0.0122223 0.0122173 0.0773009 0.0541700 0.0525593 0.0000000 0.0763467 0.0528646 0.0761792 0.0766264 0.0498746 0.0543473 0.0740032 0.0741273 0.0676910 0.0743962 0.0231653 0.0626973 0.0735968 0.0338361 0.0734107 0.0600201 0.0214435 0.0599135 0.0644767 0.0545497 0.0509347 0.0721863 0.0775156 0.0750539 0.0807614 0.0800007 
Peramelidae_Perameles_nasuta                 0.0805400 0.0805993 0.0728112 0.0757233 0.0765119 0.0946186 0.0813517 0.0805660 0.0763467 0.0000000 0.0824919 0.0923494 0.0884326 0.0818695 0.0818875 0.0922197 0.0923521 0.0787911 0.0180937 0.0719764 0.0939168 0.0890519 0.0827880 0.0791342 0.0883589 0.0748626 0.0894689 0.0910585 0.0819051 0.0834683 0.0179961 0.0943534 0.0011636 0.0953860 0.0884096 
Phalangeridae_Strigocuscus_pelengensis       0.0416091 0.0680940 0.0466166 0.0527494 0.0517189 0.0732821 0.0181507 0.0112918 0.0528646 0.0824919 0.0000000 0.0714634 0.0720500 0.0087943 0.0547548 0.0718967 0.0695211 0.0640808 0.0800122 0.0462889 0.0588390 0.0685153 0.0502649 0.0668253 0.0575349 0.0463467 0.0591217 0.0579159 0.0482923 0.0100223 0.0743710 0.0745054 0.0822448 0.0787661 0.0724628 
Dasyuridae_Phascogale_tapoatafa              0.0668634 0.0738604 0.0694129 0.0781067 0.0775084 0.0147996 0.0711490 0.0710831 0.0761792 0.0923494 0.0714634 0.0000000 0.0235891 0.0699858 0.0820329 0.0042714 0.0139593 0.0201357 0.0871088 0.0696508 0.0818587 0.0100088 0.0776320 0.0747707 0.0832102 0.0668375 0.0780657 0.0809276 0.0822584 0.0709710 0.0857122 0.0148348 0.0928919 0.0950059 0.0884264 
Dasyuridae_Sminthopsis_macroura              0.0738411 0.0788774 0.0704292 0.0776976 0.0770996 0.0266865 0.0715617 0.0726070 0.0766264 0.0884326 0.0720500 0.0235891 0.0000000 0.0709645 0.0758069 0.0231470 0.0249526 0.0188046 0.0848313 0.0717248 0.0845286 0.0249136 0.0775797 0.0790036 0.0810688 0.0683856 0.0813378 0.0832618 0.0782947 0.0724914 0.0834218 0.0263123 0.0871620 0.0920796 0.0851872 
Phalangeridae_Phalanger_orientalis           0.0389835 0.0701689 0.0452507 0.0506858 0.0496988 0.0722432 0.0139208 0.0094011 0.0498746 0.0818695 0.0087943 0.0699858 0.0709645 0.0000000 0.0535708 0.0698813 0.0675841 0.0607728 0.0780351 0.0444285 0.0598715 0.0655285 0.0516449 0.0652299 0.0559283 0.0435849 0.0581274 0.0590150 0.0501590 0.0030714 0.0748098 0.0724838 0.0817107 0.0804826 0.0771368 
Acrobatidae_Acrobates_pygmaeus               0.0560544 0.0697032 0.0559624 0.0568140 0.0573325 0.0825600 0.0555662 0.0561084 0.0543473 0.0818875 0.0547548 0.0820329 0.0758069 0.0535708 0.0000000 0.0801887 0.0803112 0.0724758 0.0807132 0.0530543 0.0583853 0.0752400 0.0558614 0.0756261 0.0558854 0.0511680 0.0598240 0.0602601 0.0304287 0.0551522 0.0758780 0.0841829 0.0825543 0.0857276 0.0814377 
Dasyuridae_Phascogale_calura                 0.0667941 0.0747519 0.0683442 0.0754241 0.0748329 0.0143609 0.0710806 0.0709543 0.0740032 0.0922197 0.0718967 0.0042714 0.0231470 0.0698813 0.0801887 0.0000000 0.0127196 0.0196447 0.0868931 0.0680489 0.0808120 0.0091902 0.0765160 0.0740895 0.0788288 0.0657305 0.0764571 0.0802889 0.0806105 0.0709059 0.0849468 0.0144069 0.0915987 0.0930297 0.0865099 
Dasyuridae_Sarcophilus_harrisii              0.0689806 0.0765282 0.0690288 0.0760469 0.0743935 0.0086621 0.0694674 0.0686538 0.0741273 0.0923521 0.0695211 0.0139593 0.0249526 0.0675841 0.0803112 0.0127196 0.0000000 0.0206562 0.0867106 0.0686488 0.0857560 0.0154730 0.0781459 0.0770454 0.0838187 0.0658390 0.0808920 0.0794731 0.0798040 0.0685662 0.0847008 0.0086823 0.0917306 0.0917664 0.0877119 
Dasyuridae_Planigale_tenuirostris            0.0619533 0.0749875 0.0638811 0.0699304 0.0693232 0.0220828 0.0624882 0.0617735 0.0676910 0.0787911 0.0640808 0.0201357 0.0188046 0.0607728 0.0724758 0.0196447 0.0206562 0.0000000 0.0746997 0.0619618 0.0782843 0.0201854 0.0672112 0.0713300 0.0775212 0.0599024 0.0705620 0.0791056 0.0706709 0.0624736 0.0730487 0.0240362 0.0774938 0.0871802 0.0874579 
Peramelidae_Echymipera_kalubu                0.0825048 0.0815108 0.0740077 0.0750377 0.0753804 0.0879110 0.0801576 0.0781589 0.0743962 0.0180937 0.0800122 0.0871088 0.0848313 0.0780351 0.0807132 0.0868931 0.0867106 0.0746997 0.0000000 0.0725378 0.0900593 0.0844254 0.0832217 0.0791682 0.0855673 0.0737315 0.0887479 0.0891030 0.0811878 0.0792655 0.0147336 0.0870344 0.0177437 0.0930939 0.0904864 
Macropodidae_Dorcopsulus_vanheurni           0.0439913 0.0632994 0.0452791 0.0239151 0.0247554 0.0697222 0.0493598 0.0460324 0.0231653 0.0719764 0.0462889 0.0696508 0.0717248 0.0444285 0.0530543 0.0680489 0.0686488 0.0619618 0.0725378 0.0000000 0.0579620 0.0671542 0.0296896 0.0664015 0.0577500 0.0085968 0.0561121 0.0597671 0.0533113 0.0462863 0.0684481 0.0709932 0.0707253 0.0762192 0.0751759 
Pseudochiridae_Pseudochirulus_forbesi        0.0597320 0.0834552 0.0589847 0.0635042 0.0644776 0.0895934 0.0614329 0.0614623 0.0626973 0.0939168 0.0588390 0.0818587 0.0845286 0.0598715 0.0583853 0.0808120 0.0857560 0.0782843 0.0900593 0.0579620 0.0000000 0.0816815 0.0636480 0.0819486 0.0376246 0.0576339 0.0241573 0.0525395 0.0578680 0.0613155 0.0877149 0.0880448 0.0950955 0.0886865 0.0838280 
Dasyuridae_Antechinus_stuartii               0.0654243 0.0752591 0.0655084 0.0741367 0.0735393 0.0158982 0.0696358 0.0697147 0.0735968 0.0890519 0.0685153 0.0100088 0.0249136 0.0655285 0.0752400 0.0091902 0.0154730 0.0201854 0.0844254 0.0671542 0.0816815 0.0000000 0.0747007 0.0750593 0.0776284 0.0648074 0.0750234 0.0799499 0.0746993 0.0675520 0.0842046 0.0172208 0.0880676 0.0924896 0.0847470 
Hypsiprymnodontidae_Hypsiprymnodon_moschatus 0.0498734 0.0685679 0.0516021 0.0355232 0.0350433 0.0808464 0.0535185 0.0522699 0.0338361 0.0827880 0.0502649 0.0776320 0.0775797 0.0516449 0.0558614 0.0765160 0.0781459 0.0672112 0.0832217 0.0296896 0.0636480 0.0747007 0.0000000 0.0749715 0.0574190 0.0279518 0.0598492 0.0659901 0.0583732 0.0535495 0.0789126 0.0799905 0.0810421 0.0827782 0.0806755 
Microbiotheriidae_Dromiciops_gliroides       0.0670132 0.0790747 0.0630838 0.0738499 0.0742422 0.0796689 0.0661960 0.0630803 0.0734107 0.0791342 0.0668253 0.0747707 0.0790036 0.0652299 0.0756261 0.0740895 0.0770454 0.0713300 0.0791682 0.0664015 0.0819486 0.0750593 0.0749715 0.0000000 0.0813609 0.0655205 0.0801171 0.0760085 0.0774599 0.0662620 0.0785664 0.0799675 0.0800808 0.0835568 0.0815772 
Pseudochiridae_Petauroides_volans            0.0590428 0.0790063 0.0598325 0.0624132 0.0618488 0.0887858 0.0557728 0.0590357 0.0600201 0.0883589 0.0575349 0.0832102 0.0810688 0.0559283 0.0558854 0.0788288 0.0838187 0.0775212 0.0855673 0.0577500 0.0376246 0.0776284 0.0574190 0.0813609 0.0000000 0.0554788 0.0341237 0.0513427 0.0557784 0.0583624 0.0826638 0.0883392 0.0888386 0.0832064 0.0799023 
Macropodidae_Wallabia_bicolor                0.0441185 0.0603779 0.0454314 0.0230918 0.0230818 0.0669058 0.0475624 0.0469867 0.0214435 0.0748626 0.0463467 0.0668375 0.0683856 0.0435849 0.0511680 0.0657305 0.0658390 0.0599024 0.0737315 0.0085968 0.0576339 0.0648074 0.0279518 0.0655205 0.0554788 0.0000000 0.0547604 0.0573807 0.0511075 0.0454416 0.0702054 0.0681627 0.0736934 0.0757277 0.0725079 
Pseudochiridae_Pseudocheirus_occidentalis    0.0548985 0.0762598 0.0571949 0.0601821 0.0601702 0.0847630 0.0580322 0.0594798 0.0599135 0.0894689 0.0591217 0.0780657 0.0813378 0.0581274 0.0598240 0.0764571 0.0808920 0.0705620 0.0887479 0.0561121 0.0241573 0.0750234 0.0598492 0.0801171 0.0341237 0.0547604 0.0000000 0.0487050 0.0571263 0.0606454 0.0847457 0.0832335 0.0906786 0.0871092 0.0822307 
Tarsipedidae_Tarsipes_rostratus              0.0572286 0.0799692 0.0598951 0.0669253 0.0663817 0.0849862 0.0573307 0.0586145 0.0644767 0.0910585 0.0579159 0.0809276 0.0832618 0.0590150 0.0602601 0.0802889 0.0794731 0.0791056 0.0891030 0.0597671 0.0525395 0.0799499 0.0659901 0.0760085 0.0513427 0.0573807 0.0487050 0.0000000 0.0615324 0.0600133 0.0849962 0.0839312 0.0916115 0.0844679 0.0790057 
Acrobatidae_Distoechurus_pennatus            0.0555947 0.0714119 0.0545181 0.0558136 0.0547421 0.0813953 0.0513725 0.0530998 0.0545497 0.0819051 0.0482923 0.0822584 0.0782947 0.0501590 0.0304287 0.0806105 0.0798040 0.0706709 0.0811878 0.0533113 0.0578680 0.0746993 0.0583732 0.0774599 0.0557784 0.0511075 0.0571263 0.0615324 0.0000000 0.0506091 0.0778873 0.0838990 0.0818557 0.0868193 0.0787993 
Phalangeridae_Phalanger_carmelitae           0.0408357 0.0717612 0.0453358 0.0517485 0.0507554 0.0732786 0.0155970 0.0109994 0.0509347 0.0834683 0.0100223 0.0709710 0.0724914 0.0030714 0.0551522 0.0709059 0.0685662 0.0624736 0.0792655 0.0462863 0.0613155 0.0675520 0.0535495 0.0662620 0.0583624 0.0454416 0.0606454 0.0600133 0.0506091 0.0000000 0.0764628 0.0734800 0.0833144 0.0829121 0.0794758 
Peramelidae_Peroryctes_raffrayana            0.0759532 0.0790859 0.0742255 0.0748583 0.0746576 0.0869751 0.0772772 0.0740262 0.0721863 0.0179961 0.0743710 0.0857122 0.0834218 0.0748098 0.0758780 0.0849468 0.0847008 0.0730487 0.0147336 0.0684481 0.0877149 0.0842046 0.0789126 0.0785664 0.0826638 0.0702054 0.0847457 0.0849962 0.0778873 0.0764628 0.0000000 0.0861236 0.0186082 0.0956781 0.0909029 
Dasyuridae_Dasyurus_geffroii                 0.0734306 0.0778694 0.0723751 0.0794554 0.0777783 0.0054830 0.0746638 0.0735771 0.0775156 0.0943534 0.0745054 0.0148348 0.0263123 0.0724838 0.0841829 0.0144069 0.0086823 0.0240362 0.0870344 0.0709932 0.0880448 0.0172208 0.0799905 0.0799675 0.0883392 0.0681627 0.0832335 0.0839312 0.0838990 0.0734800 0.0861236 0.0000000 0.0937347 0.0977595 0.0917727 
Peramelidae_Perameles_gunnii                 0.0801087 0.0803400 0.0722311 0.0745144 0.0753078 0.0940021 0.0806719 0.0806461 0.0750539 0.0011636 0.0822448 0.0928919 0.0871620 0.0817107 0.0825543 0.0915987 0.0917306 0.0774938 0.0177437 0.0707253 0.0950955 0.0880676 0.0810421 0.0800808 0.0888386 0.0736934 0.0906786 0.0916115 0.0818557 0.0833144 0.0186082 0.0937347 0.0000000 0.0948857 0.0899555 
Didelphidae_Didelphis_virginiana             0.0765682 0.0919322 0.0805763 0.0801985 0.0800254 0.0993620 0.0748185 0.0773894 0.0807614 0.0953860 0.0787661 0.0950059 0.0920796 0.0804826 0.0857276 0.0930297 0.0917664 0.0871802 0.0930939 0.0762192 0.0886865 0.0924896 0.0827782 0.0835568 0.0832064 0.0757277 0.0871092 0.0844679 0.0868193 0.0829121 0.0956781 0.0977595 0.0948857 0.0000000 0.0326720 
Marmosidae_Monodelphis_domestica             0.0723736 0.0829492 0.0748222 0.0779585 0.0790929 0.0932911 0.0722457 0.0761680 0.0800007 0.0884096 0.0724628 0.0884264 0.0851872 0.0771368 0.0814377 0.0865099 0.0877119 0.0874579 0.0904864 0.0751759 0.0838280 0.0847470 0.0806755 0.0815772 0.0799023 0.0725079 0.0822307 0.0790057 0.0787993 0.0794758 0.0909029 0.0917727 0.0899555 0.0326720 0.0000000 
