37
Burramyidae_Burramys_parvus                  0.0000000 0.1018185 0.0293403 0.0444678 0.0558713 0.0808150 0.0324136 0.0415083 0.0444537 0.1106655 0.0655931 0.0284200 0.0790641 0.0840306 0.0371341 0.0396415 0.0771854 0.0773298 0.0808297 0.1180050 0.0473293 0.0573937 0.1108327 0.1231794 0.0893977 0.0485089 0.0679756 0.0390618 0.0413799 0.0617117 0.0692587 0.0490997 0.0655931 0.0367068 0.1129207 0.0788703 0.1127517 
Notoryctidae_Notoryctes_typhlops             0.1018185 0.0000000 0.0854877 0.1321684 0.1040109 0.0895689 0.1080088 0.1230303 0.1273311 0.1624280 0.1332294 0.1044507 0.0989399 0.0992964 0.1212053 0.1257341 0.1168842 0.0946039 0.1077035 0.1682551 0.1413580 0.1163827 0.1252082 0.1804254 0.1077469 0.1394062 0.1057959 0.1131592 0.0986084 0.1754877 0.1662937 0.1312822 0.1332294 0.1168178 0.1622486 0.0926870 0.1618855 
Vombatidae_Lasiorhinus_latifrons             0.0293403 0.0854877 0.0000000 0.0473872 0.0586692 0.0768546 0.0382473 0.0495391 0.0457757 0.1018372 0.0678681 0.0342594 0.0712245 0.0727617 0.0418038 0.0396106 0.0677440 0.0748464 0.0785811 0.1044253 0.0533453 0.0554905 0.1219658 0.1259353 0.0848134 0.0593952 0.0594351 0.0422105 0.0488494 0.0659313 0.0734697 0.0505430 0.0678681 0.0383213 0.1037263 0.0715606 0.1015743 
Potoroidae_Bettongia_penicillata             0.0444678 0.1321684 0.0473872 0.0000000 0.0029412 0.1045952 0.0462386 0.0611936 0.0044280 0.1246949 0.0799266 0.0519763 0.1002991 0.0948393 0.0530936 0.0601538 0.1000472 0.0991002 0.0911013 0.1372446 0.0110769 0.0683723 0.1394354 0.1577451 0.1077684 0.0325700 0.0807742 0.0575151 0.0093974 0.0762468 0.0840135 0.0747841 0.0799266 0.0491836 0.1298223 0.0957888 0.1270901 
Potoroidae_Bettongia_lesueur                 0.0558713 0.1040109 0.0586692 0.0029412 0.0000000 0.0778702 0.0559901 0.0661070 0.0069072 0.1369768 0.0849080 0.0551301 0.0793806 0.1031205 0.0580366 0.0747054 0.0797703 0.1092090 0.1004886 0.1445767 0.0170530 0.0799013 0.1064100 0.1646931 0.0783267 0.0365413 0.0723284 0.0641269 0.0136267 0.0503826 0.0978975 0.0860905 0.0849080 0.0538516 0.1386280 0.0766124 0.1394252 
Dasyuridae_Dasyurus_maculatus                0.0808150 0.0895689 0.0768546 0.1045952 0.0778702 0.0000000 0.0863905 0.1011038 0.0965256 0.1312054 0.0416746 0.0922796 0.0125306 0.0098681 0.0903555 0.0984364 0.0121509 0.0032940 0.0115588 0.1351864 0.1059612 0.1011337 0.0970374 0.1458065 0.0126518 0.1193298 0.0691243 0.0944604 0.0700226 0.0661380 0.1310724 0.1134850 0.0416746 0.0925768 0.1386651 0.0030109 0.1322646 
Phalangeridae_Trichosurus_vulpecula          0.0324136 0.1080088 0.0382473 0.0462386 0.0559901 0.0863905 0.0000000 0.0088977 0.0464069 0.1140929 0.0533086 0.0081281 0.0913148 0.0928441 0.0070288 0.0467513 0.0894115 0.0897419 0.0830408 0.1153246 0.0509868 0.0510687 0.1315426 0.1424356 0.1003449 0.0516984 0.0813605 0.0379154 0.0479970 0.0640709 0.0707551 0.0581665 0.0533086 0.0083454 0.1165323 0.0878415 0.1127257 
Phalangeridae_Spilocuscus_maculatus          0.0415083 0.1230303 0.0495391 0.0611936 0.0661070 0.1011038 0.0088977 0.0000000 0.0597670 0.1206537 0.0646008 0.0037698 0.1035411 0.1050668 0.0061554 0.0552608 0.1015936 0.1058960 0.0949815 0.1303268 0.0641843 0.0592813 0.1310080 0.1438319 0.1143669 0.0600382 0.0967326 0.0460943 0.0597349 0.0691557 0.0795630 0.0635084 0.0646008 0.0060798 0.1273553 0.1025377 0.1215810 
Potoroidae_Aepyprymnus_rufescens             0.0444537 0.1273311 0.0457757 0.0044280 0.0069072 0.0965256 0.0464069 0.0597670 0.0000000 0.1286221 0.0710666 0.0452906 0.0922200 0.0936764 0.0515351 0.0603154 0.0887611 0.0909777 0.0861049 0.1363411 0.0140844 0.0658887 0.1329264 0.1478898 0.0994349 0.0286724 0.0877644 0.0590957 0.0121029 0.0727994 0.0922410 0.0685465 0.0710666 0.0476063 0.1266311 0.0911966 0.1310078 
Peramelidae_Perameles_nasuta                 0.1106655 0.1624280 0.1018372 0.1246949 0.1369768 0.1312054 0.1140929 0.1206537 0.1286221 0.0000000 0.2111379 0.1188678 0.1320026 0.1335591 0.1142883 0.1173555 0.1352570 0.1290722 0.1402457 0.0118955 0.1260733 0.1224330 0.1447830 0.1595098 0.1428681 0.1430743 0.1133764 0.1083985 0.1214811 0.1300287 0.1559031 0.1244169 0.2111379 0.1095472 0.0125843 0.1255259 0.0006201 
Myrmecobiidae_Myrmecobius_fasciatus1         0.0655931 0.1332294 0.0678681 0.0799266 0.0849080 0.0416746 0.0533086 0.0646008 0.0710666 0.2111379 0.0000000 0.0644918 0.0336307 0.0336307 0.0715541 0.1055318 0.0297257 0.0414793 0.0305117 0.2130529 0.0709436 0.0832110 0.1401575 0.2210339 0.0431073 0.0918047 0.0790296 0.0753099 0.0707785 0.0649521 0.0689885 0.0863724 0.0000010 0.0664102 0.2295631 0.0457238 0.2105791 
Phalangeridae_Strigocuscus_pelengensis       0.0284200 0.1044507 0.0342594 0.0519763 0.0551301 0.0922796 0.0081281 0.0037698 0.0452906 0.1188678 0.0644918 0.0000000 0.0913384 0.0946544 0.0054216 0.0393321 0.0895046 0.0936515 0.0882810 0.1252041 0.0533194 0.0552312 0.1257775 0.1392722 0.1001671 0.0472611 0.0852258 0.0384127 0.0514706 0.0697575 0.0729506 0.0423392 0.0644918 0.0049477 0.1205544 0.0938781 0.1177607 
Dasyuridae_Phascogale_tapoatafa              0.0790641 0.0989399 0.0712245 0.1002991 0.0793806 0.0125306 0.0913148 0.1035411 0.0922200 0.1320026 0.0336307 0.0913384 0.0000000 0.0069225 0.0929001 0.0925479 0.0020426 0.0064871 0.0096696 0.1431809 0.1049937 0.1036492 0.0993657 0.1424696 0.0073931 0.1164864 0.0720071 0.0958970 0.0732808 0.0715192 0.1299567 0.1074241 0.0336307 0.0950774 0.1425106 0.0142728 0.1363657 
Dasyuridae_Sminthopsis_macroura              0.0840306 0.0992964 0.0727617 0.0948393 0.1031205 0.0098681 0.0928441 0.1050668 0.0936764 0.1335591 0.0336307 0.0946544 0.0069225 0.0000000 0.0944437 0.0940719 0.0078548 0.0098610 0.0102812 0.1504084 0.1064220 0.1051581 0.1307382 0.1478521 0.0105354 0.1196589 0.0806191 0.0974774 0.1004591 0.1126213 0.1333438 0.1089405 0.0336307 0.0931842 0.1440559 0.0088458 0.1361208 
Phalangeridae_Phalanger_orientalis           0.0371341 0.1212053 0.0418038 0.0530936 0.0580366 0.0903555 0.0070288 0.0061554 0.0515351 0.1142883 0.0715541 0.0054216 0.0929001 0.0944437 0.0000000 0.0571020 0.0910860 0.0951928 0.0863134 0.1196560 0.0562816 0.0562839 0.1281174 0.1412657 0.1015680 0.0569827 0.0852701 0.0465773 0.0514534 0.0676478 0.0816671 0.0670498 0.0715541 0.0033229 0.1174741 0.0919374 0.1131688 
Acrobatidae_Acrobates_pygmaeus               0.0396415 0.1257341 0.0396106 0.0601538 0.0747054 0.0984364 0.0467513 0.0552608 0.0603154 0.1173555 0.1055318 0.0393321 0.0925479 0.0940719 0.0571020 0.0000000 0.0940917 0.0946392 0.0867365 0.1265576 0.0664154 0.0619584 0.1312685 0.1319195 0.1033060 0.0591449 0.0827436 0.0379493 0.0586871 0.0650707 0.0683436 0.0160263 0.1055318 0.0480290 0.1224109 0.0914324 0.1196992 
Dasyuridae_Phascogale_calura                 0.0771854 0.1168842 0.0677440 0.1000472 0.0797703 0.0121509 0.0894115 0.1015936 0.0887611 0.1352570 0.0297257 0.0895046 0.0020426 0.0078548 0.0910860 0.0940917 0.0000000 0.0073965 0.0108812 0.1447250 0.1014018 0.1001721 0.1023915 0.1446466 0.0109659 0.1129169 0.0730462 0.0956435 0.0724460 0.0872553 0.1261013 0.1055860 0.0297257 0.0932743 0.1421372 0.0142308 0.1395802 
Dasyuridae_Sarcophilus_harrisii              0.0773298 0.0946039 0.0748464 0.0991002 0.1092090 0.0032940 0.0897419 0.1058960 0.0909777 0.1290722 0.0414793 0.0936515 0.0064871 0.0098610 0.0951928 0.0946392 0.0073965 0.0000000 0.0109109 0.1359377 0.1072528 0.1058684 0.1316662 0.1506307 0.0084439 0.1136018 0.0831121 0.0961630 0.1047032 0.1219111 0.1360204 0.1096005 0.0414793 0.0939165 0.1329444 0.0025858 0.1301528 
Dasyuridae_Planigale_tenuirostris            0.0808297 0.1077035 0.0785811 0.0911013 0.1004886 0.0115588 0.0830408 0.0949815 0.0861049 0.1402457 0.0305117 0.0882810 0.0096696 0.0102812 0.0863134 0.0867365 0.0108812 0.0109109 0.0000000 0.1499993 0.0967015 0.0948589 0.1323143 0.1402620 0.0136847 0.1036585 0.0825604 0.0865459 0.0875618 0.1017065 0.1187307 0.1053940 0.0305117 0.0897003 0.1458318 0.0115469 0.1414406 
Peramelidae_Echymipera_kalubu                0.1180050 0.1682551 0.1044253 0.1372446 0.1445767 0.1351864 0.1153246 0.1303268 0.1363411 0.0118955 0.2130529 0.1252041 0.1431809 0.1504084 0.1196560 0.1265576 0.1447250 0.1359377 0.1499993 0.0000000 0.1408315 0.1285590 0.1603812 0.1708701 0.1544800 0.1474758 0.1242475 0.1220151 0.1343915 0.1476335 0.1653144 0.1403114 0.2130529 0.1154289 0.0179437 0.1329867 0.0109979 
Macropodidae_Dorcopsulus_vanheurni           0.0473293 0.1413580 0.0533453 0.0110769 0.0170530 0.1059612 0.0509868 0.0641843 0.0140844 0.1260733 0.0709436 0.0533194 0.1049937 0.1064220 0.0562816 0.0664154 0.1014018 0.1072528 0.0967015 0.1408315 0.0000000 0.0679216 0.1443717 0.1555458 0.1123784 0.0367610 0.0843967 0.0620833 0.0029580 0.0813572 0.0806259 0.0778480 0.0709436 0.0555689 0.1358019 0.1039309 0.1300525 
Pseudochiridae_Pseudochirulus_forbesi        0.0573937 0.1163827 0.0554905 0.0683723 0.0799013 0.1011337 0.0510687 0.0592813 0.0658887 0.1224330 0.0832110 0.0552312 0.1036492 0.1051581 0.0562839 0.0619584 0.1001721 0.1058684 0.0948589 0.1285590 0.0679216 0.0000000 0.1371338 0.1420804 0.1145681 0.0699898 0.0928974 0.0290731 0.0666731 0.0178761 0.0769440 0.0668238 0.0832110 0.0588737 0.1243468 0.1026596 0.1285566 
Didelphidae_Didelphis_virginiana             0.1108327 0.1252082 0.1219658 0.1394354 0.1064100 0.0970374 0.1315426 0.1310080 0.1329264 0.1447830 0.1401575 0.1257775 0.0993657 0.1307382 0.1281174 0.1312685 0.1023915 0.1316662 0.1323143 0.1603812 0.1443717 0.1371338 0.0000000 0.0461149 0.0986106 0.1442174 0.1011194 0.1338614 0.0987767 0.0960561 0.1725201 0.1348490 0.1401575 0.1235992 0.1596021 0.0963039 0.1451537 
Marmosidae_Monodelphis_domestica             0.1231794 0.1804254 0.1259353 0.1577451 0.1646931 0.1458065 0.1424356 0.1438319 0.1478898 0.1595098 0.2210339 0.1392722 0.1424696 0.1478521 0.1412657 0.1319195 0.1446466 0.1506307 0.1402620 0.1708701 0.1555458 0.1420804 0.0461149 0.0000000 0.1586195 0.1590355 0.1420751 0.1243222 0.1494427 0.1387101 0.1699023 0.1422085 0.2210339 0.1396358 0.1766144 0.1400006 0.1608564 
Dasyuridae_Antechinus_stuartii               0.0893977 0.1077469 0.0848134 0.1077684 0.0783267 0.0126518 0.1003449 0.1143669 0.0994349 0.1428681 0.0431073 0.1001671 0.0073931 0.0105354 0.1015680 0.1033060 0.0109659 0.0084439 0.0136847 0.1544800 0.1123784 0.1145681 0.0986106 0.1586195 0.0000000 0.1205993 0.0720052 0.1030030 0.0730510 0.0808954 0.1334613 0.1165533 0.0431073 0.1041718 0.1542256 0.0136899 0.1465805 
Hypsiprymnodontidae_Hypsiprymnodon_moschatus 0.0485089 0.1394062 0.0593952 0.0325700 0.0365413 0.1193298 0.0516984 0.0600382 0.0286724 0.1430743 0.0918047 0.0472611 0.1164864 0.1196589 0.0569827 0.0591449 0.1129169 0.1136018 0.1036585 0.1474758 0.0367610 0.0699898 0.1442174 0.1590355 0.1205993 0.0000000 0.1018454 0.0649671 0.0298639 0.0690107 0.0944516 0.0735246 0.0918047 0.0528448 0.1445740 0.1173288 0.1454955 
Microbiotheriidae_Dromiciops_gliroides       0.0679756 0.1057959 0.0594351 0.0807742 0.0723284 0.0691243 0.0813605 0.0967326 0.0877644 0.1133764 0.0790296 0.0852258 0.0720071 0.0806191 0.0852701 0.0827436 0.0730462 0.0831121 0.0825604 0.1242475 0.0843967 0.0928974 0.1011194 0.1420751 0.0720052 0.1018454 0.0000000 0.0850732 0.0591012 0.0674178 0.1180989 0.1047761 0.0790296 0.0884849 0.1276555 0.0675206 0.1153090 
Pseudochiridae_Petauroides_volans            0.0390618 0.1131592 0.0422105 0.0575151 0.0641269 0.0944604 0.0379154 0.0460943 0.0590957 0.1083985 0.0753099 0.0384127 0.0958970 0.0974774 0.0465773 0.0379493 0.0956435 0.0961630 0.0865459 0.1220151 0.0620833 0.0290731 0.1338614 0.1243222 0.1030030 0.0649671 0.0850732 0.0000000 0.0558170 0.0425960 0.0604578 0.0572403 0.0753099 0.0459203 0.1204522 0.0959466 0.1111927 
Macropodidae_Wallabia_bicolor                0.0413799 0.0986084 0.0488494 0.0093974 0.0136267 0.0700226 0.0479970 0.0597349 0.0121029 0.1214811 0.0707785 0.0514706 0.0732808 0.1004591 0.0514534 0.0586871 0.0724460 0.1047032 0.0875618 0.1343915 0.0029580 0.0666731 0.0987767 0.1494427 0.0730510 0.0298639 0.0591012 0.0558170 0.0000000 0.0463362 0.0743340 0.0667769 0.0707785 0.0509227 0.1300249 0.0712680 0.1249991 
Pseudochiridae_Pseudocheirus_occidentalis    0.0617117 0.1754877 0.0659313 0.0762468 0.0503826 0.0661380 0.0640709 0.0691557 0.0727994 0.1300287 0.0649521 0.0697575 0.0715192 0.1126213 0.0676478 0.0650707 0.0872553 0.1219111 0.1017065 0.1476335 0.0813572 0.0178761 0.0960561 0.1387101 0.0808954 0.0690107 0.0674178 0.0425960 0.0463362 0.0000000 0.0665067 0.0787523 0.0649521 0.0671057 0.1388638 0.0686930 0.1382258 
Tarsipedidae_Tarsipes_rostratus              0.0692587 0.1662937 0.0734697 0.0840135 0.0978975 0.1310724 0.0707551 0.0795630 0.0922410 0.1559031 0.0689885 0.0729506 0.1299567 0.1333438 0.0816671 0.0683436 0.1261013 0.1360204 0.1187307 0.1653144 0.0806259 0.0769440 0.1725201 0.1699023 0.1334613 0.0944516 0.1180989 0.0604578 0.0743340 0.0665067 0.0000000 0.0835632 0.0689885 0.0809365 0.1686168 0.1324918 0.1598799 
Acrobatidae_Distoechurus_pennatus            0.0490997 0.1312822 0.0505430 0.0747841 0.0860905 0.1134850 0.0581665 0.0635084 0.0685465 0.1244169 0.0863724 0.0423392 0.1074241 0.1089405 0.0670498 0.0160263 0.1055860 0.1096005 0.1053940 0.1403114 0.0778480 0.0668238 0.1348490 0.1422085 0.1165533 0.0735246 0.1047761 0.0572403 0.0667769 0.0787523 0.0835632 0.0000000 0.0863724 0.0544735 0.1275684 0.1063696 0.1268249 
Myrmecobiidae_Myrmecobius_fasciatus2         0.0655931 0.1332294 0.0678681 0.0799266 0.0849080 0.0416746 0.0533086 0.0646008 0.0710666 0.2111379 0.0000010 0.0644918 0.0336307 0.0336307 0.0715541 0.1055318 0.0297257 0.0414793 0.0305117 0.2130529 0.0709436 0.0832110 0.1401575 0.2210339 0.0431073 0.0918047 0.0790296 0.0753099 0.0707785 0.0649521 0.0689885 0.0863724 0.0000000 0.0664102 0.2295631 0.0457238 0.2105791 
Phalangeridae_Phalanger_carmelitae           0.0367068 0.1168178 0.0383213 0.0491836 0.0538516 0.0925768 0.0083454 0.0060798 0.0476063 0.1095472 0.0664102 0.0049477 0.0950774 0.0931842 0.0033229 0.0480290 0.0932743 0.0939165 0.0897003 0.1154289 0.0555689 0.0588737 0.1235992 0.1396358 0.1041718 0.0528448 0.0884849 0.0459203 0.0509227 0.0671057 0.0809365 0.0544735 0.0664102 0.0000000 0.1129660 0.0872543 0.1089435 
Peramelidae_Peroryctes_raffrayana            0.1129207 0.1622486 0.1037263 0.1298223 0.1386280 0.1386651 0.1165323 0.1273553 0.1266311 0.0125843 0.2295631 0.1205544 0.1425106 0.1440559 0.1174741 0.1224109 0.1421372 0.1329444 0.1458318 0.0179437 0.1358019 0.1243468 0.1596021 0.1766144 0.1542256 0.1445740 0.1276555 0.1204522 0.1300249 0.1388638 0.1686168 0.1275684 0.2295631 0.1129660 0.0000000 0.1328698 0.0128257 
Dasyuridae_Dasyurus_geffroii                 0.0788703 0.0926870 0.0715606 0.0957888 0.0766124 0.0030109 0.0878415 0.1025377 0.0911966 0.1255259 0.0457238 0.0938781 0.0142728 0.0088458 0.0919374 0.0914324 0.0142308 0.0025858 0.0115469 0.1329867 0.1039309 0.1026596 0.0963039 0.1400006 0.0136899 0.1173288 0.0675206 0.0959466 0.0712680 0.0686930 0.1324918 0.1063696 0.0457238 0.0872543 0.1328698 0.0000000 0.1266447 
Peramelidae_Perameles_gunnii                 0.1127517 0.1618855 0.1015743 0.1270901 0.1394252 0.1322646 0.1127257 0.1215810 0.1310078 0.0006201 0.2105791 0.1177607 0.1363657 0.1361208 0.1131688 0.1196992 0.1395802 0.1301528 0.1414406 0.0109979 0.1300525 0.1285566 0.1451537 0.1608564 0.1465805 0.1454955 0.1153090 0.1111927 0.1249991 0.1382258 0.1598799 0.1268249 0.2105791 0.1089435 0.0128257 0.1266447 0.0000000 
