37
Burramyidae_Burramys_parvus                  0.0000000 0.0382326 0.0318479 0.0321408 0.0337229 0.0490579 0.0255734 0.0278085 0.0335675 0.0422511 0.1957665 0.0256345 0.0514922 0.0482407 0.0261746 0.0312944 0.0515056 0.0499291 0.0350868 0.0391452 0.0349395 0.0293244 0.0484013 0.0306398 0.0359746 0.0301288 0.0356539 0.0296253 0.0307847 0.1957665 0.0255470 0.0461467 0.0513720 0.0420449 0.0401782 0.0385125 0.0380529 
Notoryctidae_Notoryctes_typhlops             0.0382326 0.0000000 0.0404330 0.0413889 0.0433362 0.0527083 0.0358111 0.0374197 0.0414121 0.0446498 0.2840960 0.0346940 0.0557267 0.0515973 0.0366281 0.0395727 0.0552635 0.0535742 0.0391485 0.0438439 0.0417348 0.0400715 0.0519633 0.0398370 0.0395207 0.0400359 0.0431089 0.0401098 0.0403097 0.2840960 0.0363413 0.0493021 0.0553189 0.0444151 0.0442400 0.0439625 0.0490373 
Vombatidae_Lasiorhinus_latifrons             0.0318479 0.0404330 0.0000000 0.0350130 0.0358497 0.0473906 0.0280817 0.0304658 0.0354793 0.0469317 0.2277290 0.0282740 0.0509569 0.0491746 0.0292543 0.0344157 0.0509700 0.0472396 0.0364280 0.0448140 0.0371292 0.0314237 0.0477597 0.0339776 0.0370399 0.0320764 0.0366347 0.0328762 0.0337194 0.2277290 0.0284335 0.0491248 0.0499327 0.0467919 0.0403792 0.0397549 0.0405006 
Potoroidae_Bettongia_penicillata             0.0321408 0.0413889 0.0350130 0.0000000 0.0026883 0.0509387 0.0299251 0.0317537 0.0080243 0.0468109 0.2291918 0.0305117 0.0535438 0.0518262 0.0312515 0.0331673 0.0535580 0.0514620 0.0363568 0.0467592 0.0133691 0.0349935 0.0504784 0.0217861 0.0387747 0.0347609 0.0120802 0.0339889 0.0316607 0.2291918 0.0299504 0.0548815 0.0535823 0.0465419 0.0440233 0.0444915 0.0415541 
Potoroidae_Bettongia_lesueur                 0.0337229 0.0433362 0.0358497 0.0026883 0.0000000 0.0523041 0.0312417 0.0325220 0.0090917 0.0483464 0.2237080 0.0319194 0.0551762 0.0534315 0.0324049 0.0343868 0.0551910 0.0528336 0.0375243 0.0476520 0.0148386 0.0367754 0.0520732 0.0228384 0.0409353 0.0361868 0.0128737 0.0361148 0.0326485 0.2237080 0.0312680 0.0553997 0.0550328 0.0480664 0.0453277 0.0460766 0.0424198 
Dasyuridae_Dasyurus_maculatus                0.0490579 0.0527083 0.0473906 0.0509387 0.0523041 0.0000000 0.0459407 0.0473440 0.0498003 0.0590545 0.1044912 0.0441325 0.0137572 0.0156651 0.0453249 0.0493304 0.0134387 0.0043871 0.0090903 0.0573416 0.0520094 0.0491582 0.0100432 0.0485883 0.0489549 0.0492142 0.0492948 0.0479513 0.0488654 0.1044912 0.0439905 0.0631316 0.0045967 0.0583550 0.0512812 0.0523731 0.0511092 
Phalangeridae_Trichosurus_vulpecula          0.0255734 0.0358111 0.0280817 0.0299251 0.0312417 0.0459407 0.0000000 0.0096814 0.0312973 0.0415855 0.2141053 0.0094206 0.0474987 0.0461078 0.0092222 0.0265162 0.0470730 0.0473050 0.0327356 0.0389859 0.0325855 0.0268388 0.0449310 0.0281099 0.0327483 0.0264788 0.0322784 0.0265340 0.0262138 0.2141053 0.0088356 0.0458282 0.0480928 0.0414844 0.0383073 0.0395391 0.0364187 
Phalangeridae_Spilocuscus_maculatus          0.0278085 0.0374197 0.0304658 0.0317537 0.0325220 0.0473440 0.0096814 0.0000000 0.0327240 0.0426650 0.2375412 0.0051471 0.0477776 0.0474637 0.0045957 0.0276374 0.0477897 0.0478518 0.0329669 0.0408698 0.0335302 0.0283472 0.0469304 0.0295967 0.0353310 0.0275853 0.0335199 0.0284146 0.0273298 0.2375412 0.0042845 0.0469448 0.0495627 0.0425640 0.0380115 0.0392270 0.0371065 
Potoroidae_Aepyprymnus_rufescens             0.0335675 0.0414121 0.0354793 0.0080243 0.0090917 0.0498003 0.0312973 0.0327240 0.0000000 0.0476386 0.2278458 0.0311784 0.0543778 0.0506476 0.0321860 0.0341433 0.0543923 0.0505208 0.0359431 0.0462572 0.0140170 0.0348559 0.0506174 0.0225055 0.0396185 0.0339920 0.0120893 0.0338452 0.0322301 0.2278458 0.0306941 0.0548919 0.0521935 0.0473638 0.0431297 0.0431510 0.0407420 
Peramelidae_Perameles_nasuta                 0.0422511 0.0446498 0.0469317 0.0468109 0.0483464 0.0590545 0.0415855 0.0426650 0.0476386 0.0000000 0.2111626 0.0392642 0.0597947 0.0582099 0.0417147 0.0452049 0.0600552 0.0590124 0.0421881 0.0138758 0.0504651 0.0460612 0.0576911 0.0463643 0.0446867 0.0467581 0.0502067 0.0449909 0.0452887 0.2111626 0.0408464 0.0188126 0.0626695 0.0004213 0.0468649 0.0476106 0.0463473 
Myrmecobiidae_Myrmecobius_fasciatus1         0.1957665 0.2840960 0.2277290 0.2291918 0.2237080 0.1044912 0.2141053 0.2375412 0.2278458 0.2111626 0.0000000 0.2279120 0.0948027 0.0824267 0.2199055 0.2703936 0.0905162 0.0957287 0.0815364 0.2195481 0.2431881 0.1980174 0.0823568 0.2265167 0.1995299 0.2319357 0.2305550 0.2305550 0.2404409 0.0000010 0.2153663 0.2152138 0.1010875 0.2045241 9.0000000 9.0000000 9.0000000 
Phalangeridae_Strigocuscus_pelengensis       0.0256345 0.0346940 0.0282740 0.0305117 0.0319194 0.0441325 0.0094206 0.0051471 0.0311784 0.0392642 0.2279120 0.0000000 0.0453763 0.0441615 0.0040682 0.0262256 0.0453882 0.0453029 0.0303082 0.0371166 0.0323700 0.0264037 0.0451856 0.0287291 0.0349536 0.0259396 0.0318957 0.0264848 0.0261407 0.2279120 0.0034445 0.0427071 0.0468296 0.0390136 0.0372718 0.0379300 0.0379641 
Dasyuridae_Phascogale_tapoatafa              0.0514922 0.0557267 0.0509569 0.0535438 0.0551762 0.0137572 0.0474987 0.0477776 0.0543778 0.0597947 0.0948027 0.0453763 0.0000000 0.0174984 0.0459623 0.0515353 0.0013970 0.0142580 0.0113960 0.0589995 0.0566712 0.0502366 0.0072206 0.0519061 0.0512279 0.0520735 0.0524138 0.0517453 0.0502697 0.0948027 0.0450376 0.0655739 0.0151024 0.0594080 0.0510162 0.0529335 0.0534250 
Dasyuridae_Sminthopsis_macroura              0.0482407 0.0515973 0.0491746 0.0518262 0.0534315 0.0156651 0.0461078 0.0474637 0.0506476 0.0582099 0.0824267 0.0441615 0.0174984 0.0000000 0.0454449 0.0493745 0.0173375 0.0155187 0.0091132 0.0575900 0.0536969 0.0489067 0.0154118 0.0496792 0.0503553 0.0502082 0.0517254 0.0490445 0.0482360 0.0824267 0.0443213 0.0639871 0.0169340 0.0576249 0.0524776 0.0534436 0.0498393 
Phalangeridae_Phalanger_orientalis           0.0261746 0.0366281 0.0292543 0.0312515 0.0324049 0.0453249 0.0092222 0.0045957 0.0321860 0.0417147 0.2199055 0.0040682 0.0459623 0.0454449 0.0000000 0.0269138 0.0464118 0.0462596 0.0319932 0.0399158 0.0331701 0.0267140 0.0452943 0.0285300 0.0351345 0.0265084 0.0324104 0.0271307 0.0268025 0.2199055 0.0018364 0.0464749 0.0479301 0.0416115 0.0381733 0.0391902 0.0365629 
Acrobatidae_Acrobates_pygmaeus               0.0312944 0.0395727 0.0344157 0.0331673 0.0343868 0.0493304 0.0265162 0.0276374 0.0341433 0.0452049 0.2703936 0.0262256 0.0515353 0.0493745 0.0269138 0.0000000 0.0515497 0.0497207 0.0366681 0.0438681 0.0351880 0.0245147 0.0494582 0.0332191 0.0373895 0.0245478 0.0359020 0.0234250 0.0137601 0.2703936 0.0268130 0.0495646 0.0526762 0.0451889 0.0405791 0.0418907 0.0339665 
Dasyuridae_Phascogale_calura                 0.0515056 0.0552635 0.0509700 0.0535580 0.0551910 0.0134387 0.0470730 0.0477897 0.0543923 0.0600552 0.0905162 0.0453882 0.0013970 0.0173375 0.0464118 0.0515497 0.0000000 0.0139375 0.0113984 0.0595034 0.0566870 0.0502494 0.0072208 0.0523756 0.0514777 0.0520871 0.0524275 0.0512749 0.0502825 0.0905162 0.0450487 0.0655534 0.0147749 0.0596663 0.0512719 0.0536836 0.0541836 
Dasyuridae_Sarcophilus_harrisii              0.0499291 0.0535742 0.0472396 0.0514620 0.0528336 0.0043871 0.0473050 0.0478518 0.0505208 0.0590124 0.0957287 0.0453029 0.0142580 0.0155187 0.0462596 0.0497207 0.0139375 0.0000000 0.0094352 0.0568250 0.0532186 0.0484607 0.0111384 0.0497236 0.0490267 0.0500220 0.0499526 0.0492273 0.0496952 0.0957287 0.0449044 0.0630022 0.0053435 0.0583139 0.0513258 0.0520934 0.0518664 
Dasyuridae_Planigale_tenuirostris            0.0350868 0.0391485 0.0364280 0.0363568 0.0375243 0.0090903 0.0327356 0.0329669 0.0359431 0.0421881 0.0815364 0.0303082 0.0113960 0.0091132 0.0319932 0.0366681 0.0113984 0.0094352 0.0000000 0.0433688 0.0392601 0.0355463 0.0089306 0.0356195 0.0343244 0.0362121 0.0364182 0.0361004 0.0356208 0.0815364 0.0305531 0.0486689 0.0105301 0.0417165 0.0352471 0.0367957 0.0375615 
Peramelidae_Echymipera_kalubu                0.0391452 0.0438439 0.0448140 0.0467592 0.0476520 0.0573416 0.0389859 0.0408698 0.0462572 0.0138758 0.2195481 0.0371166 0.0589995 0.0575900 0.0399158 0.0438681 0.0595034 0.0568250 0.0433688 0.0000000 0.0481685 0.0418737 0.0567152 0.0457176 0.0442490 0.0430822 0.0485793 0.0423455 0.0430350 0.2195481 0.0388684 0.0153120 0.0603471 0.0137820 0.0496115 0.0476357 0.0465699 
Macropodidae_Dorcopsulus_vanheurni           0.0349395 0.0417348 0.0371292 0.0133691 0.0148386 0.0520094 0.0325855 0.0335302 0.0140170 0.0504651 0.2431881 0.0323700 0.0566712 0.0536969 0.0331701 0.0351880 0.0566870 0.0532186 0.0392601 0.0481685 0.0000000 0.0371324 0.0539687 0.0229412 0.0406852 0.0360912 0.0109322 0.0369792 0.0331629 0.2431881 0.0325474 0.0554945 0.0550211 0.0502205 0.0424449 0.0431545 0.0435712 
Pseudochiridae_Pseudochirulus_forbesi        0.0293244 0.0400715 0.0314237 0.0349935 0.0367754 0.0491582 0.0268388 0.0283472 0.0348559 0.0460612 0.1980174 0.0264037 0.0502366 0.0489067 0.0267140 0.0245147 0.0502494 0.0484607 0.0355463 0.0418737 0.0371324 0.0000000 0.0483386 0.0316458 0.0353022 0.0152706 0.0368404 0.0103621 0.0251714 0.1980174 0.0266272 0.0501792 0.0525174 0.0452981 0.0409726 0.0418066 0.0303598 
Dasyuridae_Antechinus_stuartii               0.0484013 0.0519633 0.0477597 0.0504784 0.0520732 0.0100432 0.0449310 0.0469304 0.0506174 0.0576911 0.0823568 0.0451856 0.0072206 0.0154118 0.0452943 0.0494582 0.0072208 0.0111384 0.0089306 0.0567152 0.0539687 0.0483386 0.0000000 0.0475902 0.0480676 0.0494029 0.0497746 0.0490551 0.0491404 0.0823568 0.0437874 0.0626251 0.0118979 0.0574388 0.0498244 0.0516795 0.0500691 
Hypsiprymnodontidae_Hypsiprymnodon_moschatus 0.0306398 0.0398370 0.0339776 0.0217861 0.0228384 0.0485883 0.0281099 0.0295967 0.0225055 0.0463643 0.2265167 0.0287291 0.0519061 0.0496792 0.0285300 0.0332191 0.0523756 0.0497236 0.0356195 0.0457176 0.0229412 0.0316458 0.0475902 0.0000000 0.0383601 0.0301591 0.0242584 0.0318271 0.0315553 0.2265167 0.0280612 0.0532882 0.0521586 0.0460639 0.0427295 0.0432853 0.0399015 
Microbiotheriidae_Dromiciops_gliroides       0.0359746 0.0395207 0.0370399 0.0387747 0.0409353 0.0489549 0.0327483 0.0353310 0.0396185 0.0446867 0.1995299 0.0349536 0.0512279 0.0503553 0.0351345 0.0373895 0.0514777 0.0490267 0.0343244 0.0442490 0.0406852 0.0353022 0.0480676 0.0383601 0.0000000 0.0355641 0.0413442 0.0357999 0.0367555 0.1995299 0.0346735 0.0489774 0.0504353 0.0440883 0.0414388 0.0432052 0.0444633 
Pseudochiridae_Petauroides_volans            0.0301288 0.0400359 0.0320764 0.0347609 0.0361868 0.0492142 0.0264788 0.0275853 0.0339920 0.0467581 0.2319357 0.0259396 0.0520735 0.0502082 0.0265084 0.0245478 0.0520871 0.0500220 0.0362121 0.0430822 0.0360912 0.0152706 0.0494029 0.0301591 0.0355641 0.0000000 0.0369925 0.0137833 0.0248070 0.2319357 0.0262915 0.0502129 0.0525095 0.0463034 0.0420981 0.0422901 0.0298511 
Macropodidae_Wallabia_bicolor                0.0356539 0.0431089 0.0366347 0.0120802 0.0128737 0.0492948 0.0322784 0.0335199 0.0120893 0.0502067 0.2305550 0.0318957 0.0524138 0.0517254 0.0324104 0.0359020 0.0524275 0.0499526 0.0364182 0.0485793 0.0109322 0.0368404 0.0497746 0.0242584 0.0413442 0.0369925 0.0000000 0.0364689 0.0330231 0.2305550 0.0318623 0.0554155 0.0518812 0.0499049 0.0461159 0.0457901 0.0445242 
Pseudochiridae_Pseudocheirus_occidentalis    0.0296253 0.0401098 0.0328762 0.0339889 0.0361148 0.0479513 0.0265340 0.0284146 0.0338452 0.0449909 0.2305550 0.0264848 0.0517453 0.0490445 0.0271307 0.0234250 0.0512749 0.0492273 0.0361004 0.0423455 0.0369792 0.0103621 0.0490551 0.0318271 0.0357999 0.0137833 0.0364689 0.0000000 0.0241436 0.2305550 0.0268698 0.0483404 0.0523345 0.0447143 0.0399278 0.0416317 0.0298910 
Acrobatidae_Distoechurus_pennatus            0.0307847 0.0403097 0.0337194 0.0316607 0.0326485 0.0488654 0.0262138 0.0273298 0.0322301 0.0452887 0.2404409 0.0261407 0.0502697 0.0482360 0.0268025 0.0137601 0.0502825 0.0496952 0.0356208 0.0430350 0.0331629 0.0251714 0.0491404 0.0315553 0.0367555 0.0248070 0.0330231 0.0241436 0.0000000 0.2404409 0.0259804 0.0495508 0.0520418 0.0452188 0.0421187 0.0423234 0.0352348 
Myrmecobiidae_Myrmecobius_fasciatus2         0.1957665 0.2840960 0.2277290 0.2291918 0.2237080 0.1044912 0.2141053 0.2375412 0.2278458 0.2111626 0.0000010 0.2279120 0.0948027 0.0824267 0.2199055 0.2703936 0.0905162 0.0957287 0.0815364 0.2195481 0.2431881 0.1980174 0.0823568 0.2265167 0.1995299 0.2319357 0.2305550 0.2305550 0.2404409 0.0000000 0.2153663 0.2152138 0.1010875 0.2045241 9.0000000 9.0000000 9.0000000 
Phalangeridae_Phalanger_carmelitae           0.0255470 0.0363413 0.0284335 0.0299504 0.0312680 0.0439905 0.0088356 0.0042845 0.0306941 0.0408464 0.2153663 0.0034445 0.0450376 0.0443213 0.0018364 0.0268130 0.0450487 0.0449044 0.0305531 0.0388684 0.0325474 0.0266272 0.0437874 0.0280612 0.0346735 0.0262915 0.0318623 0.0268698 0.0259804 0.2153663 0.0000000 0.0453793 0.0465206 0.0407503 0.0378425 0.0386459 0.0364718 
Peramelidae_Peroryctes_raffrayana            0.0461467 0.0493021 0.0491248 0.0548815 0.0553997 0.0631316 0.0458282 0.0469448 0.0548919 0.0188126 0.2152138 0.0427071 0.0655739 0.0639871 0.0464749 0.0495646 0.0655534 0.0630022 0.0486689 0.0153120 0.0554945 0.0501792 0.0626251 0.0532882 0.0489774 0.0502129 0.0554155 0.0483404 0.0495508 0.2152138 0.0453793 0.0000000 0.0667784 0.0183078 0.0590959 0.0560109 0.0529286 
Dasyuridae_Dasyurus_geffroii                 0.0513720 0.0553189 0.0499327 0.0535823 0.0550328 0.0045967 0.0480928 0.0495627 0.0521935 0.0626695 0.1010875 0.0468296 0.0151024 0.0169340 0.0479301 0.0526762 0.0147749 0.0053435 0.0105301 0.0603471 0.0550211 0.0525174 0.0118979 0.0521586 0.0504353 0.0525095 0.0518812 0.0523345 0.0520418 0.1010875 0.0465206 0.0667784 0.0000000 0.0619465 0.0538086 0.0547915 0.0539522 
Peramelidae_Perameles_gunnii                 0.0420449 0.0444151 0.0467919 0.0465419 0.0480664 0.0583550 0.0414844 0.0425640 0.0473638 0.0004213 0.2045241 0.0390136 0.0594080 0.0576249 0.0416115 0.0451889 0.0596663 0.0583139 0.0417165 0.0137820 0.0502205 0.0452981 0.0574388 0.0460639 0.0440883 0.0463034 0.0499049 0.0447143 0.0452188 0.2045241 0.0407503 0.0183078 0.0619465 0.0000000 0.0470802 0.0473237 0.0460341 
Didelphidae_Didelphis_virginiana             0.0401782 0.0442400 0.0403792 0.0440233 0.0453277 0.0512812 0.0383073 0.0380115 0.0431297 0.0468649 9.0000000 0.0372718 0.0510162 0.0524776 0.0381733 0.0405791 0.0512719 0.0513258 0.0352471 0.0496115 0.0424449 0.0409726 0.0498244 0.0427295 0.0414388 0.0420981 0.0461159 0.0399278 0.0421187 9.0000000 0.0378425 0.0590959 0.0538086 0.0470802 0.0000000 0.0182046 0.0512323 
Marmosidae_Monodelphis_domestica             0.0385125 0.0439625 0.0397549 0.0444915 0.0460766 0.0523731 0.0395391 0.0392270 0.0431510 0.0476106 9.0000000 0.0379300 0.0529335 0.0534436 0.0391902 0.0418907 0.0536836 0.0520934 0.0367957 0.0476357 0.0431545 0.0418066 0.0516795 0.0432853 0.0432052 0.0422901 0.0457901 0.0416317 0.0423234 9.0000000 0.0386459 0.0560109 0.0547915 0.0473237 0.0182046 0.0000000 0.0497634 
Tarsipedidae_Tarsipes_rostratus              0.0380529 0.0490373 0.0405006 0.0415541 0.0424198 0.0511092 0.0364187 0.0371065 0.0407420 0.0463473 9.0000000 0.0379641 0.0534250 0.0498393 0.0365629 0.0339665 0.0541836 0.0518664 0.0375615 0.0465699 0.0435712 0.0303598 0.0500691 0.0399015 0.0444633 0.0298511 0.0445242 0.0298910 0.0352348 9.0000000 0.0364718 0.0529286 0.0539522 0.0460341 0.0512323 0.0497634 0.0000000 
