35
Burramyidae_Burramys_parvus                  0.0000000 0.1031411 0.0331429 0.0839932 0.0949892 0.0977345 0.0349432 0.0375198 0.0944827 0.1955385 0.0375327 0.1036174 0.1167645 0.0336873 0.0410239 0.1065477 0.0974672 0.1084285 0.1951288 0.0985704 0.0599281 0.1750624 0.2098074 0.1127568 0.0505567 0.0929789 0.0442406 0.0917011 0.0404263 0.1291765 0.0495806 0.0507399 0.1684632 0.0978841 0.1931468 
Notoryctidae_Notoryctes_typhlops             0.1031411 0.0000000 0.0968722 0.1453403 0.1571011 0.1397385 0.0981296 0.0966920 0.1520264 0.2163733 0.0838949 0.1460760 0.1695012 0.0857721 0.0919407 0.1482746 0.1402663 0.1554746 0.2232328 0.1670889 0.1303647 0.2361542 0.2506320 0.1452665 0.1038663 0.1251937 0.0926972 0.1592009 0.1019167 0.1732956 0.1041054 0.1132829 0.2168500 0.1430292 0.2120842 
Vombatidae_Lasiorhinus_latifrons             0.0331429 0.0968722 0.0000000 0.0746541 0.0833656 0.0905312 0.0371096 0.0355609 0.0859603 0.1670322 0.0336704 0.0934800 0.1045773 0.0329856 0.0384356 0.0940262 0.0858489 0.0869458 0.1737223 0.0875685 0.0501125 0.1680054 0.1942475 0.0975159 0.0496447 0.0792940 0.0334891 0.0873566 0.0317656 0.1167687 0.0415065 0.0500201 0.1565769 0.0906832 0.1658451 
Potoroidae_Bettongia_penicillata             0.0839932 0.1453403 0.0746541 0.0000000 0.0027766 0.1470028 0.0821661 0.0837443 0.0081416 0.1871222 0.0765420 0.1465603 0.1188608 0.0736947 0.0567463 0.1474288 0.1458605 0.1495660 0.1833767 0.0128223 0.0773607 0.2319536 0.1992877 0.1522184 0.0416597 0.1523627 0.0823591 0.0146719 0.0811875 0.1913647 0.0953778 0.1077934 0.1832498 0.1449949 0.1816652 
Potoroidae_Bettongia_lesueur                 0.0949892 0.1571011 0.0833656 0.0027766 0.0000000 0.1585269 0.0955386 0.0971450 0.0097749 0.1934502 0.0881809 0.1564539 0.1297656 0.0870872 0.0661687 0.1573801 0.1570926 0.1588003 0.1935963 0.0157635 0.0871896 0.2452381 0.2131383 0.1606428 0.0464295 0.1625785 0.0927310 0.0170524 0.0942623 0.2021841 0.1056195 0.1227376 0.1899609 0.1562286 0.1878691 
Dasyuridae_Dasyurus_maculatus                0.0977345 0.1397385 0.0905312 0.1470028 0.1585269 0.0000000 0.1066202 0.1003292 0.1580275 0.2207474 0.0904541 0.0127340 0.0216514 0.0994584 0.0769401 0.0126871 0.0048132 0.0176523 0.2133443 0.1564947 0.1206448 0.2014243 0.2263716 0.0129246 0.1123855 0.1298216 0.1050018 0.1483641 0.1011607 0.1776561 0.1042279 0.1227277 0.1953921 0.0027467 0.2160162 
Phalangeridae_Trichosurus_vulpecula          0.0349432 0.0981296 0.0371096 0.0821661 0.0955386 0.1066202 0.0000000 0.0102346 0.0928630 0.1807370 0.0103541 0.1036260 0.1146218 0.0098177 0.0436284 0.1042179 0.1005756 0.1058503 0.1799015 0.0913730 0.0542383 0.1844694 0.2034711 0.1116140 0.0455881 0.0765591 0.0374342 0.0899385 0.0369023 0.1308710 0.0449650 0.0172929 0.1705701 0.1044819 0.1786618 
Phalangeridae_Spilocuscus_maculatus          0.0375198 0.0966920 0.0355609 0.0837443 0.0971450 0.1003292 0.0102346 0.0000000 0.0945391 0.1761899 0.0095030 0.0985190 0.1138032 0.0069938 0.0411243 0.0990821 0.0934321 0.1053043 0.1701258 0.0930219 0.0570702 0.1822110 0.1956901 0.1036022 0.0493293 0.0887932 0.0352827 0.0894200 0.0347461 0.1202292 0.0438767 0.0147734 0.1599240 0.0982335 0.1731880 
Potoroidae_Aepyprymnus_rufescens             0.0944827 0.1520264 0.0859603 0.0081416 0.0097749 0.1580275 0.0928630 0.0945391 0.0000000 0.2012515 0.0867007 0.1563032 0.1277426 0.0847161 0.0701623 0.1572141 0.1556552 0.1519534 0.1987248 0.0154064 0.0856293 0.2517537 0.2223093 0.1602797 0.0461148 0.1572684 0.0955586 0.0157162 0.0952813 0.1982030 0.0992045 0.1219697 0.1995707 0.1548055 0.1957301 
Peramelidae_Perameles_nasuta                 0.1955385 0.2163733 0.1670322 0.1871222 0.1934502 0.2207474 0.1807370 0.1761899 0.2012515 0.0000000 0.1753324 0.2153956 0.1993176 0.1743051 0.1069411 0.2183661 0.2206369 0.2173185 0.0259565 0.2039431 0.1588503 0.2943991 0.2524237 0.2251369 0.1795369 0.2070253 0.1723110 0.1991794 0.1905249 0.2584793 0.1825779 0.1823812 0.0363797 0.2223759 0.0006276 
Phalangeridae_Strigocuscus_pelengensis       0.0375327 0.0838949 0.0336704 0.0765420 0.0881809 0.0904541 0.0103541 0.0095030 0.0867007 0.1753324 0.0000000 0.0891730 0.1029876 0.0090893 0.0439613 0.0898308 0.0870537 0.0767809 0.1549032 0.0861690 0.0604739 0.1638841 0.1861489 0.0936045 0.0426855 0.0795872 0.0364455 0.0849337 0.0378907 0.1176701 0.0436330 0.0152730 0.1432468 0.0898833 0.1705403 
Dasyuridae_Phascogale_tapoatafa              0.1036174 0.1460760 0.0934800 0.1465603 0.1564539 0.0127340 0.1036260 0.0985190 0.1563032 0.2153956 0.0891730 0.0000000 0.0220649 0.0933818 0.0812538 0.0016529 0.0130067 0.0179948 0.2149216 0.1524439 0.1163992 0.2032564 0.2368038 0.0039195 0.1120020 0.1265882 0.1037529 0.1469661 0.0993643 0.1804355 0.0996319 0.1173691 0.1960294 0.0130208 0.2132129 
Dasyuridae_Sminthopsis_macroura              0.1167645 0.1695012 0.1045773 0.1188608 0.1297656 0.0216514 0.1146218 0.1138032 0.1277426 0.1993176 0.1029876 0.0220649 0.0000000 0.1126415 0.0776166 0.0219581 0.0215523 0.0215196 0.1999939 0.1332941 0.0957107 0.2182013 0.2146665 0.0229152 0.1244265 0.1497504 0.1125215 0.1281574 0.1142365 0.1972853 0.1172754 0.1394666 0.1806289 0.0228412 0.1946161 
Phalangeridae_Phalanger_orientalis           0.0336873 0.0857721 0.0329856 0.0736947 0.0870872 0.0994584 0.0098177 0.0069938 0.0847161 0.1743051 0.0090893 0.0933818 0.1126415 0.0000000 0.0411491 0.0961431 0.0937260 0.1019085 0.1737952 0.0834383 0.0504223 0.1743596 0.1905637 0.1028322 0.0405815 0.0776803 0.0338007 0.0800342 0.0316999 0.1179306 0.0413223 0.0105659 0.1653125 0.0974129 0.1713468 
Acrobatidae_Acrobates_pygmaeus               0.0410239 0.0919407 0.0384356 0.0567463 0.0661687 0.0769401 0.0436284 0.0411243 0.0701623 0.1069411 0.0439613 0.0812538 0.0776166 0.0411491 0.0000000 0.0818978 0.0758621 0.0713822 0.1155495 0.0758587 0.0351186 0.1310958 0.1378492 0.0786763 0.0476594 0.0544813 0.0356175 0.0712556 0.0385196 0.1174544 0.0248836 0.0404336 0.0987063 0.0773587 0.1037663 
Dasyuridae_Phascogale_calura                 0.1065477 0.1482746 0.0940262 0.1474288 0.1573801 0.0126871 0.1042179 0.0990821 0.1572141 0.2183661 0.0898308 0.0016529 0.0219581 0.0961431 0.0818978 0.0000000 0.0129581 0.0183114 0.2179145 0.1519509 0.1170672 0.2048326 0.2382641 0.0039085 0.1114352 0.1275763 0.1043537 0.1478161 0.0988235 0.1830804 0.1001906 0.1205471 0.1986627 0.0129713 0.2160121 
Dasyuridae_Sarcophilus_harrisii              0.0974672 0.1402663 0.0858489 0.1458605 0.1570926 0.0048132 0.1005756 0.0934321 0.1556552 0.2206369 0.0870537 0.0130067 0.0215523 0.0937260 0.0758621 0.0129581 0.0000000 0.0184255 0.2194828 0.1568072 0.1203184 0.1989990 0.2324142 0.0138491 0.1086534 0.1246612 0.1027515 0.1511214 0.0986581 0.1758869 0.0998576 0.1163749 0.1998777 0.0041090 0.2159040 
Dasyuridae_Planigale_tenuirostris            0.1084285 0.1554746 0.0869458 0.1495660 0.1588003 0.0176523 0.1058503 0.1053043 0.1519534 0.2173185 0.0767809 0.0179948 0.0215196 0.1019085 0.0713822 0.0183114 0.0184255 0.0000000 0.2074774 0.1570964 0.1226884 0.1926258 0.2437623 0.0189683 0.1064590 0.1223034 0.1109063 0.1484919 0.1087397 0.1873316 0.1062874 0.1286609 0.1868796 0.0192545 0.2096577 
Peramelidae_Echymipera_kalubu                0.1951288 0.2232328 0.1737223 0.1833767 0.1935963 0.2133443 0.1799015 0.1701258 0.1987248 0.0259565 0.1549032 0.2149216 0.1999939 0.1737952 0.1155495 0.2179145 0.2194828 0.2074774 0.0000000 0.1988521 0.1700310 0.2766841 0.2365150 0.2244311 0.1777887 0.1918103 0.1842852 0.1927086 0.1925013 0.2526153 0.1822640 0.2014981 0.0238884 0.2149324 0.0251709 
Macropodidae_Dorcopsulus_vanheurni           0.0985704 0.1670889 0.0875685 0.0128223 0.0157635 0.1564947 0.0913730 0.0930219 0.0154064 0.2039431 0.0861690 0.1524439 0.1332941 0.0834383 0.0758587 0.1519509 0.1568072 0.1570964 0.1988521 0.0000000 0.0895698 0.2518091 0.2197489 0.1570918 0.0442736 0.1660534 0.0931014 0.0061027 0.0916381 0.2053593 0.1042615 0.1181868 0.1945741 0.1534060 0.2011315 
Pseudochiridae_Pseudochirulus_forbesi        0.0599281 0.1303647 0.0501125 0.0773607 0.0871896 0.1206448 0.0542383 0.0570702 0.0856293 0.1588503 0.0604739 0.1163992 0.0957107 0.0504223 0.0351186 0.1170672 0.1203184 0.1226884 0.1700310 0.0895698 0.0000000 0.2024377 0.1873200 0.1238488 0.0738686 0.1131005 0.0318231 0.0819003 0.0202202 0.1444082 0.0573449 0.0751616 0.1599830 0.1219767 0.1561725 
Didelphidae_Didelphis_virginiana             0.1750624 0.2361542 0.1680054 0.2319536 0.2452381 0.2014243 0.1844694 0.1822110 0.2517537 0.2943991 0.1638841 0.2032564 0.2182013 0.1743596 0.1310958 0.2048326 0.1989990 0.1926258 0.2766841 0.2518091 0.2024377 0.0000000 0.1380117 0.2012380 0.1934559 0.1686600 0.1832466 0.2355193 0.1843239 0.2588268 0.1788561 0.1911046 0.2537577 0.1923232 0.2930617 
Marmosidae_Monodelphis_domestica             0.2098074 0.2506320 0.1942475 0.1992877 0.2131383 0.2263716 0.2034711 0.1956901 0.2223093 0.2524237 0.1861489 0.2368038 0.2146665 0.1905637 0.1378492 0.2382641 0.2324142 0.2437623 0.2365150 0.2197489 0.1873200 0.1380117 0.0000000 0.2317669 0.2141276 0.1923462 0.2004170 0.2084783 0.1991378 0.2121578 0.2037152 0.2155097 0.2313933 0.2182738 0.2516310 
Dasyuridae_Antechinus_stuartii               0.1127568 0.1452665 0.0975159 0.1522184 0.1606428 0.0129246 0.1116140 0.1036022 0.1602797 0.2251369 0.0936045 0.0039195 0.0229152 0.1028322 0.0786763 0.0039085 0.0138491 0.0189683 0.2244311 0.1570918 0.1238488 0.2012380 0.2317669 0.0000000 0.1151280 0.1304535 0.1088898 0.1472855 0.1071628 0.1828038 0.0979623 0.1287635 0.2058722 0.0138645 0.2225118 
Hypsiprymnodontidae_Hypsiprymnodon_moschatus 0.0505567 0.1038663 0.0496447 0.0416597 0.0464295 0.1123855 0.0455881 0.0493293 0.0461148 0.1795369 0.0426855 0.1120020 0.1244265 0.0405815 0.0476594 0.1114352 0.1086534 0.1064590 0.1777887 0.0442736 0.0738686 0.1934559 0.2141276 0.1151280 0.0000000 0.0860010 0.0533679 0.0414953 0.0520888 0.1385616 0.0571775 0.0627809 0.1680591 0.1102568 0.1736792 
Microbiotheriidae_Dromiciops_gliroides       0.0929789 0.1251937 0.0792940 0.1523627 0.1625785 0.1298216 0.0765591 0.0887932 0.1572684 0.2070253 0.0795872 0.1265882 0.1497504 0.0776803 0.0544813 0.1275763 0.1246612 0.1223034 0.1918103 0.1660534 0.1131005 0.1686600 0.1923462 0.1304535 0.0860010 0.0000000 0.0870323 0.1538618 0.0835554 0.1720701 0.0809994 0.1002599 0.1667225 0.1238881 0.2020087 
Pseudochiridae_Petauroides_volans            0.0442406 0.0926972 0.0334891 0.0823591 0.0927310 0.1050018 0.0374342 0.0352827 0.0955586 0.1723110 0.0364455 0.1037529 0.1125215 0.0338007 0.0356175 0.1043537 0.1027515 0.1109063 0.1842852 0.0931014 0.0318231 0.1832466 0.2004170 0.1088898 0.0533679 0.0870323 0.0000000 0.0906236 0.0177675 0.1129080 0.0378583 0.0518239 0.1715810 0.1054237 0.1682569 
Macropodidae_Wallabia_bicolor                0.0917011 0.1592009 0.0873566 0.0146719 0.0170524 0.1483641 0.0899385 0.0894200 0.0157162 0.1991794 0.0849337 0.1469661 0.1281574 0.0800342 0.0712556 0.1478161 0.1511214 0.1484919 0.1927086 0.0061027 0.0819003 0.2355193 0.2084783 0.1472855 0.0414953 0.1538618 0.0906236 0.0000000 0.0901394 0.2030995 0.0987871 0.1164735 0.1942264 0.1477693 0.1951627 
Pseudochiridae_Pseudocheirus_occidentalis    0.0404263 0.1019167 0.0317656 0.0811875 0.0942623 0.1011607 0.0369023 0.0347461 0.0952813 0.1905249 0.0378907 0.0993643 0.1142365 0.0316999 0.0385196 0.0988235 0.0986581 0.1087397 0.1925013 0.0916381 0.0202202 0.1843239 0.1991378 0.1071628 0.0520888 0.0835554 0.0177675 0.0901394 0.0000000 0.1098322 0.0388033 0.0507638 0.1801640 0.1002084 0.1857115 
Tarsipedidae_Tarsipes_rostratus              0.1291765 0.1732956 0.1167687 0.1913647 0.2021841 0.1776561 0.1308710 0.1202292 0.1982030 0.2584793 0.1176701 0.1804355 0.1972853 0.1179306 0.1174544 0.1830804 0.1758869 0.1873316 0.2526153 0.2053593 0.1444082 0.2588268 0.2121578 0.1828038 0.1385616 0.1720701 0.1129080 0.2030995 0.1098322 0.0000000 0.1171600 0.1404856 0.2438405 0.1726923 0.2503309 
Acrobatidae_Distoechurus_pennatus            0.0495806 0.1041054 0.0415065 0.0953778 0.1056195 0.1042279 0.0449650 0.0438767 0.0992045 0.1825779 0.0436330 0.0996319 0.1172754 0.0413223 0.0248836 0.1001906 0.0998576 0.1062874 0.1822640 0.1042615 0.0573449 0.1788561 0.2037152 0.0979623 0.0571775 0.0809994 0.0378583 0.0987871 0.0388033 0.1171600 0.0000000 0.0645837 0.1737186 0.1035477 0.1783826 
Phalangeridae_Phalanger_carmelitae           0.0507399 0.1132829 0.0500201 0.1077934 0.1227376 0.1227277 0.0172929 0.0147734 0.1219697 0.1823812 0.0152730 0.1173691 0.1394666 0.0105659 0.0404336 0.1205471 0.1163749 0.1286609 0.2014981 0.1181868 0.0751616 0.1911046 0.2155097 0.1287635 0.0627809 0.1002599 0.0518239 0.1164735 0.0507638 0.1404856 0.0645837 0.0000000 0.1973812 0.1205176 0.1804906 
Peramelidae_Peroryctes_raffrayana            0.1684632 0.2168500 0.1565769 0.1832498 0.1899609 0.1953921 0.1705701 0.1599240 0.1995707 0.0363797 0.1432468 0.1960294 0.1806289 0.1653125 0.0987063 0.1986627 0.1998777 0.1868796 0.0238884 0.1945741 0.1599830 0.2537577 0.2313933 0.2058722 0.1680591 0.1667225 0.1715810 0.1942264 0.1801640 0.2438405 0.1737186 0.1973812 0.0000000 0.1986268 0.0342520 
Dasyuridae_Dasyurus_geffroii                 0.0978841 0.1430292 0.0906832 0.1449949 0.1562286 0.0027467 0.1044819 0.0982335 0.1548055 0.2223759 0.0898833 0.0130208 0.0228412 0.0974129 0.0773587 0.0129713 0.0041090 0.0192545 0.2149324 0.1534060 0.1219767 0.1923232 0.2182738 0.0138645 0.1102568 0.1238881 0.1054237 0.1477693 0.1002084 0.1726923 0.1035477 0.1205176 0.1986268 0.0000000 0.2176179 
Peramelidae_Perameles_gunnii                 0.1931468 0.2120842 0.1658451 0.1816652 0.1878691 0.2160162 0.1786618 0.1731880 0.1957301 0.0006276 0.1705403 0.2132129 0.1946161 0.1713468 0.1037663 0.2160121 0.2159040 0.2096577 0.0251709 0.2011315 0.1561725 0.2930617 0.2516310 0.2225118 0.1736792 0.2020087 0.1682569 0.1951627 0.1857115 0.2503309 0.1783826 0.1804906 0.0342520 0.2176179 0.0000000 
