35
Burramyidae_Burramys_parvus                  0.0000000 0.1284678 0.1054587 0.1130121 0.1271758 0.1323483 0.0808098 0.0797882 0.1240141 0.1837106 0.0768522 0.0958446 0.1521600 0.1485869 0.1113547 0.1297475 0.1430278 0.1665622 0.1302686 0.1268176 0.1157847 0.1450578 0.1508502 0.0960248 0.1214465 0.1341834 0.0882040 0.1108422 0.1172110 0.1443979 0.0912380 0.1147398 0.1186650 0.1574899 0.1735896 
Notoryctidae_Notoryctes_typhlops             0.1284678 0.0000000 0.1091493 0.1207362 0.1392493 0.1634002 0.1135395 0.1126126 0.1400082 0.1786783 0.1193005 0.0883799 0.1638554 0.1672597 0.1300275 0.1487460 0.1705545 0.1265413 0.1171946 0.1330576 0.1483003 0.1710779 0.1510407 0.0944702 0.1273818 0.0881469 0.1219317 0.1224239 0.1608802 0.1608876 0.1149857 0.1555815 0.0997792 0.1765930 0.1686617 
Vombatidae_Lasiorhinus_latifrons             0.1054587 0.1091493 0.0000000 0.0986493 0.1155558 0.1375915 0.0767656 0.0758642 0.1107253 0.1758731 0.0687611 0.1230692 0.1367099 0.1466524 0.1155420 0.1343349 0.1470650 0.1534111 0.1124419 0.1166781 0.1141700 0.1649921 0.1344116 0.1144329 0.1174767 0.1025695 0.0871925 0.0998214 0.1049409 0.1512766 0.0982403 0.1202096 0.0886205 0.1564913 0.1709635 
Potoroidae_Bettongia_penicillata             0.1130121 0.1207362 0.0986493 0.0000000 0.0047776 0.1526427 0.0847141 0.0837615 0.0102836 0.1850284 0.0820816 0.1395531 0.1618738 0.1511048 0.1097617 0.1562636 0.1671370 0.1737861 0.1338121 0.0368727 0.1128170 0.1879317 0.1448494 0.1368723 0.0665261 0.1196531 0.0879145 0.0146267 0.1123046 0.1439895 0.0898083 0.1381434 0.1019706 0.1732455 0.1821995 
Potoroidae_Bettongia_lesueur                 0.1271758 0.1392493 0.1155558 0.0047776 0.0000000 0.1677668 0.1030891 0.0927009 0.0070111 0.1967920 0.0937862 0.1442926 0.1731727 0.1536101 0.1239489 0.1712602 0.1822187 0.1758862 0.1472692 0.0412994 0.1266363 0.2006958 0.1609768 0.1416492 0.0810710 0.1257918 0.1012039 0.0233304 0.1291685 0.1519338 0.1047332 0.1408828 0.1193706 0.1848929 0.1901848 
Dasyuridae_Dasyurus_maculatus                0.1323483 0.1634002 0.1375915 0.1526427 0.1677668 0.0000000 0.1122078 0.1165319 0.1727308 0.2178536 0.1193485 0.0047056 0.0317174 0.2255094 0.1556373 0.0068567 0.0041674 0.0127943 0.1605540 0.1770373 0.1267439 0.1594185 0.1718684 0.0047846 0.1540254 0.1264749 0.1215689 0.1521182 0.1565696 0.1592912 0.1588645 0.1836328 0.1513860 0.0036111 0.2046147 
Phalangeridae_Trichosurus_vulpecula          0.0808098 0.1135395 0.0767656 0.0847141 0.1030891 0.1122078 0.0000000 0.0120964 0.1006619 0.1659372 0.0089347 0.1128623 0.1271785 0.0825159 0.0914896 0.1142823 0.1239289 0.1602994 0.1125002 0.0984570 0.0904249 0.1815432 0.1561484 0.1179431 0.0976813 0.0988904 0.0622352 0.0767578 0.0822147 0.1112730 0.0744572 0.0623142 0.0931302 0.1313906 0.1564493 
Phalangeridae_Spilocuscus_maculatus          0.0797882 0.1126126 0.0758642 0.0837615 0.0927009 0.1165319 0.0120964 0.0000000 0.0901233 0.1714621 0.0054831 0.1138639 0.1344323 0.0645498 0.0864437 0.1250078 0.1282024 0.1662174 0.1243759 0.0962532 0.0788968 0.1767405 0.1475775 0.1125537 0.0928061 0.1149965 0.0609589 0.0795835 0.0762558 0.1101908 0.0695660 0.0413833 0.1018988 0.1383882 0.1641352 
Potoroidae_Aepyprymnus_rufescens             0.1240141 0.1400082 0.1107253 0.0102836 0.0070111 0.1727308 0.1006619 0.0901233 0.0000000 0.2007498 0.0926462 0.1373957 0.1830085 0.1387055 0.1219639 0.1714100 0.1859491 0.1769229 0.1405346 0.0393398 0.1262278 0.1973938 0.1589718 0.1334651 0.0810511 0.1185610 0.0999330 0.0263264 0.1285515 0.1567783 0.1021010 0.1362496 0.1249249 0.1850544 0.1936000 
Peramelidae_Perameles_nasuta                 0.1837106 0.1786783 0.1758731 0.1850284 0.1967920 0.2178536 0.1659372 0.1714621 0.2007498 0.0000000 0.1691109 0.1809372 0.2115286 0.2464755 0.1777899 0.2212891 0.2183447 0.2189203 0.0313723 0.2019350 0.1787471 0.2509623 0.2161229 0.1899482 0.2123776 0.1570657 0.1601419 0.1792810 0.1819590 0.2116202 0.1792352 0.2209595 0.0175420 0.2425012 0.0015361 
Phalangeridae_Strigocuscus_pelengensis       0.0768522 0.1193005 0.0687611 0.0820816 0.0937862 0.1193485 0.0089347 0.0054831 0.0926462 0.1691109 0.0000000 0.1189332 0.1339701 0.0624238 0.0904228 0.1265081 0.1327093 0.1783341 0.1226065 0.0976895 0.0866521 0.1846610 0.1514298 0.1248783 0.0951742 0.1084788 0.0632339 0.0779638 0.0754433 0.1141745 0.0708086 0.0478726 0.1002738 0.1446473 0.1601677 
Dasyuridae_Phascogale_tapoatafa              0.0958446 0.0883799 0.1230692 0.1395531 0.1442926 0.0047056 0.1128623 0.1138639 0.1373957 0.1809372 0.1189332 0.0000000 0.0110564 0.1175731 0.1279630 0.0007777 0.0047287 0.0089226 0.1618452 0.1518538 0.1202907 0.1253328 0.1510098 0.0019372 0.1222417 0.1394874 0.1109785 0.1502901 0.1322599 0.1273161 0.1195364 0.1185924 0.1754391 0.0040941 0.1706904 
Dasyuridae_Sminthopsis_macroura              0.1521600 0.1638554 0.1367099 0.1618738 0.1731727 0.0317174 0.1271785 0.1344323 0.1830085 0.2115286 0.1339701 0.0110564 0.0000000 0.2451674 0.1578084 0.0144841 0.0214159 0.0073635 0.1541169 0.1837393 0.1497285 0.1590315 0.1644541 0.0094477 0.1631734 0.1485236 0.1364535 0.1707169 0.1709805 0.1734055 0.1541070 0.2025320 0.1528269 0.0263188 0.2034813 
Phalangeridae_Phalanger_orientalis           0.1485869 0.1672597 0.1466524 0.1511048 0.1536101 0.2255094 0.0825159 0.0645498 0.1387055 0.2464755 0.0624238 0.1175731 0.2451674 0.0000000 0.1700148 0.2264871 0.2357351 0.1713622 0.1989528 0.1522576 0.1618212 0.2570094 0.2568569 0.1192373 0.1487392 0.1115413 0.1455602 0.1366121 0.1812743 0.1711446 0.1238533 0.0843741 0.2153458 0.2345596 0.2310052 
Acrobatidae_Acrobates_pygmaeus               0.1113547 0.1300275 0.1155420 0.1097617 0.1239489 0.1556373 0.0914896 0.0864437 0.1219639 0.1777899 0.0904228 0.1279630 0.1578084 0.1700148 0.0000000 0.1482308 0.1663991 0.1622553 0.1438263 0.1150975 0.0900572 0.1760879 0.1781357 0.1214341 0.1281318 0.1247230 0.0665221 0.0993532 0.0879296 0.1380498 0.0351599 0.1208076 0.1188637 0.1671645 0.1835804 
Dasyuridae_Phascogale_calura                 0.1297475 0.1487460 0.1343349 0.1562636 0.1712602 0.0068567 0.1142823 0.1250078 0.1714100 0.2212891 0.1265081 0.0007777 0.0144841 0.2264871 0.1482308 0.0000000 0.0059127 0.0089075 0.1673166 0.1812073 0.1346014 0.1486435 0.1739283 0.0019358 0.1456693 0.1421900 0.1224986 0.1517573 0.1622621 0.1640174 0.1499587 0.1885369 0.1661200 0.0050306 0.2089509 
Dasyuridae_Sarcophilus_harrisii              0.1430278 0.1705545 0.1470650 0.1671370 0.1822187 0.0041674 0.1239289 0.1282024 0.1859491 0.2183447 0.1327093 0.0047287 0.0214159 0.2357351 0.1663991 0.0059127 0.0000000 0.0176612 0.1668478 0.1943588 0.1387231 0.1556741 0.1875876 0.0045519 0.1648606 0.1444876 0.1353742 0.1662435 0.1703320 0.1699997 0.1594828 0.1924517 0.1650623 0.0032045 0.2065560 
Dasyuridae_Planigale_tenuirostris            0.1665622 0.1265413 0.1534111 0.1737861 0.1758862 0.0127943 0.1602994 0.1662174 0.1769229 0.2189203 0.1783341 0.0089226 0.0073635 0.1713622 0.1622553 0.0089075 0.0176612 0.0000000 0.2159123 0.1811899 0.1463642 0.1735207 0.1754676 0.0099937 0.1403412 0.1646210 0.1604636 0.1724943 0.1777399 0.1597438 0.1504554 0.1729613 0.2041462 0.0113625 0.2145627 
Peramelidae_Echymipera_kalubu                0.1302686 0.1171946 0.1124419 0.1338121 0.1472692 0.1605540 0.1125002 0.1243759 0.1405346 0.0313723 0.1226065 0.1618452 0.1541169 0.1989528 0.1438263 0.1673166 0.1668478 0.2159123 0.0000000 0.1581712 0.1401076 0.1754778 0.1457108 0.1659637 0.1476740 0.1328260 0.1275105 0.1326914 0.1542745 0.1724108 0.1319694 0.1648563 0.0035815 0.1769603 0.0310467 
Macropodidae_Dorcopsulus_vanheurni           0.1268176 0.1330576 0.1166781 0.0368727 0.0412994 0.1770373 0.0984570 0.0962532 0.0393398 0.2019350 0.0976895 0.1518538 0.1837393 0.1522576 0.1150975 0.1812073 0.1943588 0.1811899 0.1581712 0.0000000 0.1329895 0.2125744 0.1689260 0.1485639 0.0807369 0.1319067 0.1069763 0.0110916 0.1299547 0.1617247 0.1034018 0.1404396 0.1443111 0.1929959 0.1923606 
Pseudochiridae_Pseudochirulus_forbesi        0.1157847 0.1483003 0.1141700 0.1128170 0.1266363 0.1267439 0.0904249 0.0788968 0.1262278 0.1787471 0.0866521 0.1202907 0.1497285 0.1618212 0.0900572 0.1346014 0.1387231 0.1463642 0.1401076 0.1329895 0.0000000 0.1807749 0.1418161 0.1239268 0.1309296 0.1087477 0.0284596 0.1173268 0.0151118 0.1142463 0.0704201 0.1222661 0.1167790 0.1527896 0.1801935 
Didelphidae_Didelphis_virginiana             0.1450578 0.1710779 0.1649921 0.1879317 0.2006958 0.1594185 0.1815432 0.1767405 0.1973938 0.2509623 0.1846610 0.1253328 0.1590315 0.2570094 0.1760879 0.1486435 0.1556741 0.1735207 0.1754778 0.2125744 0.1807749 0.0000000 0.0836711 0.1181362 0.1900859 0.2074793 0.1698486 0.2065585 0.1988729 0.2238819 0.1628037 0.2091106 0.1631616 0.1604742 0.2407735 
Marmosidae_Monodelphis_domestica             0.1508502 0.1510407 0.1344116 0.1448494 0.1609768 0.1718684 0.1561484 0.1475775 0.1589718 0.2161229 0.1514298 0.1510098 0.1644541 0.2568569 0.1781357 0.1739283 0.1875876 0.1754676 0.1457108 0.1689260 0.1418161 0.0836711 0.0000000 0.1419929 0.1665824 0.1617817 0.1384548 0.1496132 0.1503536 0.2026249 0.1667036 0.1934469 0.1367196 0.1900431 0.2271832 
Dasyuridae_Antechinus_stuartii               0.0960248 0.0944702 0.1144329 0.1368723 0.1416492 0.0047846 0.1179431 0.1125537 0.1334651 0.1899482 0.1248783 0.0019372 0.0094477 0.1192373 0.1214341 0.0019358 0.0045519 0.0099937 0.1659637 0.1485639 0.1239268 0.1181362 0.1419929 0.0000000 0.1243263 0.1401778 0.1148621 0.1453851 0.1358610 0.1300544 0.1158559 0.1203279 0.1773408 0.0045835 0.1733285 
Hypsiprymnodontidae_Hypsiprymnodon_moschatus 0.1214465 0.1273818 0.1174767 0.0665261 0.0810710 0.1540254 0.0976813 0.0928061 0.0810511 0.2123776 0.0951742 0.1222417 0.1631734 0.1487392 0.1281318 0.1456693 0.1648606 0.1403412 0.1476740 0.0807369 0.1309296 0.1900859 0.1665824 0.1243263 0.0000000 0.1086413 0.1081454 0.0651852 0.1406247 0.1501669 0.1012249 0.1448942 0.1325159 0.1626646 0.2011745 
Microbiotheriidae_Dromiciops_gliroides       0.1341834 0.0881469 0.1025695 0.1196531 0.1257918 0.1264749 0.0988904 0.1149965 0.1185610 0.1570657 0.1084788 0.1394874 0.1485236 0.1115413 0.1247230 0.1421900 0.1444876 0.1646210 0.1328260 0.1319067 0.1087477 0.2074793 0.1617817 0.1401778 0.1086413 0.0000000 0.1012961 0.1295395 0.0805484 0.1292582 0.1074050 0.1125376 0.1039011 0.1432900 0.1505871 
Pseudochiridae_Petauroides_volans            0.0882040 0.1219317 0.0871925 0.0879145 0.1012039 0.1215689 0.0622352 0.0609589 0.0999330 0.1601419 0.0632339 0.1109785 0.1364535 0.1455602 0.0665221 0.1224986 0.1353742 0.1604636 0.1275105 0.1069763 0.0284596 0.1698486 0.1384548 0.1148621 0.1081454 0.1012961 0.0000000 0.0903316 0.0218630 0.0962885 0.0511491 0.1051931 0.0931055 0.1469254 0.1554078 
Macropodidae_Wallabia_bicolor                0.1108422 0.1224239 0.0998214 0.0146267 0.0233304 0.1521182 0.0767578 0.0795835 0.0263264 0.1792810 0.0779638 0.1502901 0.1707169 0.1366121 0.0993532 0.1517573 0.1662435 0.1724943 0.1326914 0.0110916 0.1173268 0.2065585 0.1496132 0.1453851 0.0651852 0.1295395 0.0903316 0.0000000 0.0992256 0.1425068 0.0967605 0.1230978 0.1038751 0.1731564 0.1797363 
Pseudochiridae_Pseudocheirus_occidentalis    0.1172110 0.1608802 0.1049409 0.1123046 0.1291685 0.1565696 0.0822147 0.0762558 0.1285515 0.1819590 0.0754433 0.1322599 0.1709805 0.1812743 0.0879296 0.1622621 0.1703320 0.1777399 0.1542745 0.1299547 0.0151118 0.1988729 0.1503536 0.1358610 0.1406247 0.0805484 0.0218630 0.0992256 0.0000000 0.1299046 0.0750899 0.1337411 0.1327884 0.1803765 0.1822305 
Tarsipedidae_Tarsipes_rostratus              0.1443979 0.1608876 0.1512766 0.1439895 0.1519338 0.1592912 0.1112730 0.1101908 0.1567783 0.2116202 0.1141745 0.1273161 0.1734055 0.1711446 0.1380498 0.1640174 0.1699997 0.1597438 0.1724108 0.1617247 0.1142463 0.2238819 0.2026249 0.1300544 0.1501669 0.1292582 0.0962885 0.1425068 0.1299046 0.0000000 0.1183688 0.1500454 0.1639379 0.1724671 0.2101108 
Acrobatidae_Distoechurus_pennatus            0.0912380 0.1149857 0.0982403 0.0898083 0.1047332 0.1588645 0.0744572 0.0695660 0.1021010 0.1792352 0.0708086 0.1195364 0.1541070 0.1238533 0.0351599 0.1499587 0.1594828 0.1504554 0.1319694 0.1034018 0.0704201 0.1628037 0.1667036 0.1158559 0.1012249 0.1074050 0.0511491 0.0967605 0.0750899 0.1183688 0.0000000 0.0939992 0.1086241 0.1619654 0.1750453 
Phalangeridae_Phalanger_carmelitae           0.1147398 0.1555815 0.1202096 0.1381434 0.1408828 0.1836328 0.0623142 0.0413833 0.1362496 0.2209595 0.0478726 0.1185924 0.2025320 0.0843741 0.1208076 0.1885369 0.1924517 0.1729613 0.1648563 0.1404396 0.1222661 0.2091106 0.1934469 0.1203279 0.1448942 0.1125376 0.1051931 0.1230978 0.1337411 0.1500454 0.0939992 0.0000000 0.1565419 0.1881199 0.2108771 
Peramelidae_Peroryctes_raffrayana            0.1186650 0.0997792 0.0886205 0.1019706 0.1193706 0.1513860 0.0931302 0.1018988 0.1249249 0.0175420 0.1002738 0.1754391 0.1528269 0.2153458 0.1188637 0.1661200 0.1650623 0.2041462 0.0035815 0.1443111 0.1167790 0.1631616 0.1367196 0.1773408 0.1325159 0.1039011 0.0931055 0.1038751 0.1327884 0.1639379 0.1086241 0.1565419 0.0000000 0.1781979 0.0209135 
Dasyuridae_Dasyurus_geffroii                 0.1574899 0.1765930 0.1564913 0.1732455 0.1848929 0.0036111 0.1313906 0.1383882 0.1850544 0.2425012 0.1446473 0.0040941 0.0263188 0.2345596 0.1671645 0.0050306 0.0032045 0.0113625 0.1769603 0.1929959 0.1527896 0.1604742 0.1900431 0.0045835 0.1626646 0.1432900 0.1469254 0.1731564 0.1803765 0.1724671 0.1619654 0.1881199 0.1781979 0.0000000 0.2304423 
Peramelidae_Perameles_gunnii                 0.1735896 0.1686617 0.1709635 0.1821995 0.1901848 0.2046147 0.1564493 0.1641352 0.1936000 0.0015361 0.1601677 0.1706904 0.2034813 0.2310052 0.1835804 0.2089509 0.2065560 0.2145627 0.0310467 0.1923606 0.1801935 0.2407735 0.2271832 0.1733285 0.2011745 0.1505871 0.1554078 0.1797363 0.1822305 0.2101108 0.1750453 0.2108771 0.0209135 0.2304423 0.0000000 
