35
Burramyidae_Burramys_parvus                  0.0000000 0.1131398 0.0782493 0.1180425 0.1190583 0.1243900 0.0504871 0.0896707 0.1194299 0.1243507 0.0852466 0.1243512 0.1403808 0.1007880 0.0465374 0.1212826 0.1313555 0.1180299 0.1575007 0.1147619 0.0874688 0.1232584 0.1480866 0.1203440 0.1427363 0.1216342 0.0869878 0.1465319 0.0895135 0.1624621 0.0899040 0.0622371 0.1512738 0.1308901 0.1282250 
Notoryctidae_Notoryctes_typhlops             0.1131398 0.0000000 0.1737137 0.2151296 0.2281558 0.1958401 0.1359787 0.1714028 0.2165859 0.1970735 0.1569895 0.1900678 0.2035164 0.1821870 0.1230197 0.1909946 0.1966668 0.1866932 0.2513995 0.2019539 0.1570836 0.1836432 0.2211237 0.1915318 0.2243056 0.1775526 0.1588871 0.2322709 0.1552409 0.2323646 0.1736618 0.1379444 0.2082820 0.2017919 0.1951600 
Vombatidae_Lasiorhinus_latifrons             0.0782493 0.1737137 0.0000000 0.0887916 0.0869583 0.1040350 0.0751410 0.0671545 0.0922967 0.0955611 0.0677116 0.1061641 0.1171386 0.0806834 0.0617422 0.1028682 0.1095492 0.0988142 0.1252393 0.0877522 0.0651937 0.1084268 0.1374080 0.1016397 0.1148827 0.0933040 0.0596083 0.1130607 0.0582086 0.1063190 0.0748414 0.0819315 0.1019655 0.1090867 0.1041943 
Potoroidae_Bettongia_penicillata             0.1180425 0.2151296 0.0887916 0.0000000 0.0079117 0.1232729 0.0933572 0.0843033 0.0246101 0.1074723 0.0865288 0.1354700 0.1437744 0.0989056 0.0891746 0.1318069 0.1267417 0.1231961 0.1339716 0.0381978 0.0808481 0.1338295 0.1616496 0.1301535 0.0971540 0.1116918 0.0795301 0.0698616 0.0736823 0.1232126 0.0983719 0.1004273 0.0968405 0.1309585 0.1164739 
Potoroidae_Bettongia_lesueur                 0.1190583 0.2281558 0.0869583 0.0079117 0.0000000 0.1120848 0.0825887 0.0790680 0.0150997 0.1026555 0.0840873 0.1284648 0.1377192 0.0911457 0.0891250 0.1232823 0.1160118 0.1166758 0.1149637 0.0418520 0.0778269 0.1292497 0.1700848 0.1200259 0.0978141 0.1026212 0.0728516 0.0712130 0.0683721 0.1195450 0.0930186 0.0920818 0.0867171 0.1208378 0.1109263 
Dasyuridae_Dasyurus_maculatus                0.1243900 0.1958401 0.1040350 0.1232729 0.1120848 0.0000000 0.1136846 0.1107034 0.1317976 0.1176427 0.1041977 0.0217996 0.0277431 0.1209855 0.1026211 0.0195186 0.0081525 0.0209736 0.1477951 0.1252059 0.0951173 0.1350862 0.1566947 0.0184914 0.1494017 0.1206667 0.0943771 0.1604386 0.0852670 0.1594553 0.1089651 0.1273976 0.1116796 0.0048293 0.1248474 
Phalangeridae_Trichosurus_vulpecula          0.0504871 0.1359787 0.0751410 0.0933572 0.0825887 0.1136846 0.0000000 0.0219891 0.0864912 0.0891446 0.0144489 0.1100758 0.1175438 0.0269119 0.0598076 0.1054629 0.1153759 0.1072113 0.1194660 0.0879223 0.0703254 0.0972675 0.1225690 0.1057751 0.1031048 0.1077359 0.0654804 0.1185534 0.0592006 0.1219439 0.0758959 0.0260142 0.1038147 0.1183444 0.0982169 
Phalangeridae_Spilocuscus_maculatus          0.0896707 0.1714028 0.0671545 0.0843033 0.0790680 0.1107034 0.0219891 0.0000000 0.0855553 0.0872322 0.0114240 0.1156190 0.1182557 0.0173118 0.0599850 0.1121760 0.1134145 0.1035693 0.1233990 0.0879264 0.0645034 0.1153573 0.1544028 0.1095832 0.1133260 0.0959792 0.0609247 0.1151250 0.0533295 0.0959985 0.0744326 0.0188243 0.0938523 0.1192289 0.1012150 
Potoroidae_Aepyprymnus_rufescens             0.1194299 0.2165859 0.0922967 0.0246101 0.0150997 0.1317976 0.0864912 0.0855553 0.0000000 0.1116814 0.0832174 0.1367991 0.1454521 0.0973746 0.0914309 0.1321778 0.1353440 0.1251774 0.1179619 0.0406904 0.0854344 0.1389267 0.1597326 0.1313690 0.0953949 0.1131975 0.0803921 0.0500802 0.0841428 0.1390067 0.0993834 0.1029986 0.1189531 0.1396944 0.1179736 
Peramelidae_Perameles_nasuta                 0.1243507 0.1970735 0.0955611 0.1074723 0.1026555 0.1176427 0.0891446 0.0872322 0.1116814 0.0000000 0.0918959 0.1249010 0.1299296 0.0981288 0.0886684 0.1197437 0.1236667 0.1121956 0.0279302 0.1055097 0.0841780 0.1232646 0.1505492 0.1223341 0.1420134 0.1260433 0.0881712 0.1385285 0.0929536 0.1409412 0.0969658 0.0901121 0.0237018 0.1191162 0.0000010 
Phalangeridae_Strigocuscus_pelengensis       0.0852466 0.1569895 0.0677116 0.0865288 0.0840873 0.1041977 0.0144489 0.0114240 0.0832174 0.0918959 0.0000000 0.1089787 0.1119465 0.0143770 0.0519211 0.1054629 0.1058852 0.0950206 0.1246004 0.0814664 0.0585533 0.1103496 0.1456164 0.1008803 0.1011190 0.0993911 0.0554585 0.1045962 0.0486627 0.0950668 0.0644453 0.0134121 0.0986984 0.1118613 0.1010261 
Dasyuridae_Phascogale_tapoatafa              0.1243512 0.1900678 0.1061641 0.1354700 0.1284648 0.0217996 0.1100758 0.1156190 0.1367991 0.1249010 0.1089787 0.0000000 0.0263465 0.1296739 0.1042042 0.0025906 0.0279057 0.0184863 0.1493467 0.1290174 0.0994095 0.1418802 0.1637106 0.0090755 0.1541692 0.1222601 0.1034891 0.1618666 0.0916715 0.1666010 0.1132921 0.1264529 0.1239119 0.0259009 0.1336515 
Dasyuridae_Sminthopsis_macroura              0.1403808 0.2035164 0.1171386 0.1437744 0.1377192 0.0277431 0.1175438 0.1182557 0.1454521 0.1299296 0.1119465 0.0263465 0.0000000 0.1274896 0.1105335 0.0239524 0.0291605 0.0172641 0.1558336 0.1345789 0.1080032 0.1441630 0.1688382 0.0211633 0.1586018 0.1306552 0.1122453 0.1719346 0.0941535 0.1696890 0.1235608 0.1283234 0.1217411 0.0308365 0.1361106 
Phalangeridae_Phalanger_orientalis           0.1007880 0.1821870 0.0806834 0.0989056 0.0911457 0.1209855 0.0269119 0.0173118 0.0973746 0.0981288 0.0143770 0.1296739 0.1274896 0.0000000 0.0682414 0.1253857 0.1203540 0.1147001 0.1360162 0.0974079 0.0749362 0.1278884 0.1613398 0.1208403 0.1236979 0.1069351 0.0732430 0.1259101 0.0639659 0.1046021 0.0805775 0.0096360 0.1037656 0.1284302 0.1128890 
Acrobatidae_Acrobates_pygmaeus               0.0465374 0.1230197 0.0617422 0.0891746 0.0891250 0.1026211 0.0598076 0.0599850 0.0914309 0.0886684 0.0519211 0.1042042 0.1105335 0.0682414 0.0000000 0.0997046 0.1074227 0.1002279 0.1298718 0.0841522 0.0489040 0.0945220 0.1152516 0.0978333 0.0994222 0.0986722 0.0474501 0.1206629 0.0436259 0.0873750 0.0482141 0.0701253 0.0957478 0.1069290 0.0941500 
Dasyuridae_Phascogale_calura                 0.1212826 0.1909946 0.1028682 0.1318069 0.1232823 0.0195186 0.1054629 0.1121760 0.1321778 0.1197437 0.1054629 0.0025906 0.0239524 0.1253857 0.0997046 0.0000000 0.0254421 0.0161314 0.1439624 0.1245390 0.0954059 0.1359774 0.1576853 0.0071590 0.1514100 0.1188890 0.0983357 0.1572856 0.0851619 0.1590586 0.1090083 0.1227523 0.1169979 0.0235047 0.1291580 
Dasyuridae_Sarcophilus_harrisii              0.1313555 0.1966668 0.1095492 0.1267417 0.1160118 0.0081525 0.1153759 0.1134145 0.1353440 0.1236667 0.1058852 0.0279057 0.0291605 0.1203540 0.1074227 0.0254421 0.0000000 0.0236673 0.1517636 0.1279757 0.0969789 0.1386555 0.1601751 0.0225779 0.1538545 0.1230679 0.0994048 0.1638255 0.0878857 0.1584243 0.1190368 0.1279523 0.1148886 0.0105851 0.1285617 
Dasyuridae_Planigale_tenuirostris            0.1180299 0.1866932 0.0988142 0.1231961 0.1166758 0.0209736 0.1072113 0.1035693 0.1251774 0.1121956 0.0950206 0.0184863 0.0172641 0.1147001 0.1002279 0.0161314 0.0236673 0.0000000 0.1410057 0.1159686 0.0881198 0.1306482 0.1534328 0.0155629 0.1439473 0.1095642 0.0888110 0.1517618 0.0773162 0.1566123 0.1073709 0.1228421 0.1092525 0.0254056 0.1216860 
Peramelidae_Echymipera_kalubu                0.1575007 0.2513995 0.1252393 0.1339716 0.1149637 0.1477951 0.1194660 0.1233990 0.1179619 0.0279302 0.1246004 0.1493467 0.1558336 0.1360162 0.1298718 0.1439624 0.1517636 0.1410057 0.0000000 0.1379763 0.1053997 0.1414984 0.1830008 0.1471873 0.1715530 0.1497189 0.1100940 0.1628466 0.1162761 0.1876625 0.1296819 0.1380443 0.0268900 0.1542091 0.0292536 
Macropodidae_Dorcopsulus_vanheurni           0.1147619 0.2019539 0.0877522 0.0381978 0.0418520 0.1252059 0.0879223 0.0879264 0.0406904 0.1055097 0.0814664 0.1290174 0.1345789 0.0974079 0.0841522 0.1245390 0.1279757 0.1159686 0.1379763 0.0000000 0.0794123 0.1357829 0.1506239 0.1259931 0.0947381 0.1082521 0.0784050 0.0508266 0.0651282 0.1049679 0.0995209 0.0986533 0.0881120 0.1340137 0.1153834 
Pseudochiridae_Pseudochirulus_forbesi        0.0874688 0.1570836 0.0651937 0.0808481 0.0778269 0.0951173 0.0703254 0.0645034 0.0854344 0.0841780 0.0585533 0.0994095 0.1080032 0.0749362 0.0489040 0.0954059 0.0969789 0.0881198 0.1053997 0.0794123 0.0000000 0.1052748 0.1302745 0.0921590 0.1003362 0.0888346 0.0236536 0.1079476 0.0131668 0.0856217 0.0564333 0.0784481 0.0873781 0.1022704 0.0891392 
Didelphidae_Didelphis_virginiana             0.1232584 0.1836432 0.1084268 0.1338295 0.1292497 0.1350862 0.0972675 0.1153573 0.1389267 0.1232646 0.1103496 0.1418802 0.1441630 0.1278884 0.0945220 0.1359774 0.1386555 0.1306482 0.1414984 0.1357829 0.1052748 0.0000000 0.0578198 0.1369518 0.1642877 0.1143131 0.0977402 0.1698911 0.1027648 0.1715547 0.1205307 0.1151279 0.1434748 0.1468792 0.1206676 
Marmosidae_Monodelphis_domestica             0.1480866 0.2211237 0.1374080 0.1616496 0.1700848 0.1566947 0.1225690 0.1544028 0.1597326 0.1505492 0.1456164 0.1637106 0.1688382 0.1613398 0.1152516 0.1576853 0.1601751 0.1534328 0.1830008 0.1506239 0.1302745 0.0578198 0.0000000 0.1579008 0.1814138 0.1436527 0.1278612 0.1830692 0.1179156 0.1926318 0.1573382 0.1345181 0.1534253 0.1660872 0.1634881 
Dasyuridae_Antechinus_stuartii               0.1203440 0.1915318 0.1016397 0.1301535 0.1200259 0.0184914 0.1057751 0.1095832 0.1313690 0.1223341 0.1008803 0.0090755 0.0211633 0.1208403 0.0978333 0.0071590 0.0225779 0.0155629 0.1471873 0.1259931 0.0921590 0.1369518 0.1579008 0.0000000 0.1496096 0.1151860 0.0958440 0.1581590 0.0819097 0.1562759 0.1100671 0.1183848 0.1202239 0.0212892 0.1289949 
Hypsiprymnodontidae_Hypsiprymnodon_moschatus 0.1427363 0.2243056 0.1148827 0.0971540 0.0978141 0.1494017 0.1031048 0.1133260 0.0953949 0.1420134 0.1011190 0.1541692 0.1586018 0.1236979 0.0994222 0.1514100 0.1538545 0.1439473 0.1715530 0.0947381 0.1003362 0.1642877 0.1814138 0.1496096 0.0000000 0.1227264 0.1027795 0.1049168 0.1077883 0.1698394 0.1279775 0.1179155 0.1622987 0.1550114 0.1438560 
Microbiotheriidae_Dromiciops_gliroides       0.1216342 0.1775526 0.0933040 0.1116918 0.1026212 0.1206667 0.1077359 0.0959792 0.1131975 0.1260433 0.0993911 0.1222601 0.1306552 0.1069351 0.0986722 0.1188890 0.1230679 0.1095642 0.1497189 0.1082521 0.0888346 0.1143131 0.1436527 0.1151860 0.1227264 0.0000000 0.0911321 0.1358048 0.0825389 0.1441394 0.1066058 0.1089840 0.1307173 0.1289915 0.1298655 
Pseudochiridae_Petauroides_volans            0.0869878 0.1588871 0.0596083 0.0795301 0.0728516 0.0943771 0.0654804 0.0609247 0.0803921 0.0881712 0.0554585 0.1034891 0.1122453 0.0732430 0.0474501 0.0983357 0.0994048 0.0888110 0.1100940 0.0784050 0.0236536 0.0977402 0.1278612 0.0958440 0.1027795 0.0911321 0.0000000 0.1007396 0.0239567 0.0811194 0.0552343 0.0802212 0.0899827 0.1046872 0.0935392 
Macropodidae_Wallabia_bicolor                0.1465319 0.2322709 0.1130607 0.0698616 0.0712130 0.1604386 0.1185534 0.1151250 0.0500802 0.1385285 0.1045962 0.1618666 0.1719346 0.1259101 0.1206629 0.1572856 0.1638255 0.1517618 0.1628466 0.0508266 0.1079476 0.1698911 0.1830692 0.1581590 0.1049168 0.1358048 0.1007396 0.0000000 0.1008567 0.1534273 0.1266380 0.1324461 0.1622526 0.1676089 0.1421885 
Pseudochiridae_Pseudocheirus_occidentalis    0.0895135 0.1552409 0.0582086 0.0736823 0.0683721 0.0852670 0.0592006 0.0533295 0.0841428 0.0929536 0.0486627 0.0916715 0.0941535 0.0639659 0.0436259 0.0851619 0.0878857 0.0773162 0.1162761 0.0651282 0.0131668 0.1027648 0.1179156 0.0819097 0.1077883 0.0825389 0.0239567 0.1008567 0.0000000 0.0845069 0.0518814 0.0664551 0.1000782 0.0894107 0.0974870 
Tarsipedidae_Tarsipes_rostratus              0.1624621 0.2323646 0.1063190 0.1232126 0.1195450 0.1594553 0.1219439 0.0959985 0.1390067 0.1409412 0.0950668 0.1666010 0.1696890 0.1046021 0.0873750 0.1590586 0.1584243 0.1566123 0.1876625 0.1049679 0.0856217 0.1715547 0.1926318 0.1562759 0.1698394 0.1441394 0.0811194 0.1534273 0.0845069 0.0000000 0.0888921 0.1137330 0.1641707 0.1637472 0.1460190 
Acrobatidae_Distoechurus_pennatus            0.0899040 0.1736618 0.0748414 0.0983719 0.0930186 0.1089651 0.0758959 0.0744326 0.0993834 0.0969658 0.0644453 0.1132921 0.1235608 0.0805775 0.0482141 0.1090083 0.1190368 0.1073709 0.1296819 0.0995209 0.0564333 0.1205307 0.1573382 0.1100671 0.1279775 0.1066058 0.0552343 0.1266380 0.0518814 0.0888921 0.0000000 0.0837548 0.1039338 0.1140840 0.1033045 
Phalangeridae_Phalanger_carmelitae           0.0622371 0.1379444 0.0819315 0.1004273 0.0920818 0.1273976 0.0260142 0.0188243 0.1029986 0.0901121 0.0134121 0.1264529 0.1283234 0.0096360 0.0701253 0.1227523 0.1279523 0.1228421 0.1380443 0.0986533 0.0784481 0.1151279 0.1345181 0.1183848 0.1179155 0.1089840 0.0802212 0.1324461 0.0664551 0.1137330 0.0837548 0.0000000 0.1053439 0.1317877 0.1096801 
Peramelidae_Peroryctes_raffrayana            0.1512738 0.2082820 0.1019655 0.0968405 0.0867171 0.1116796 0.1038147 0.0938523 0.1189531 0.0237018 0.0986984 0.1239119 0.1217411 0.1037656 0.0957478 0.1169979 0.1148886 0.1092525 0.0268900 0.0881120 0.0873781 0.1434748 0.1534253 0.1202239 0.1622987 0.1307173 0.0899827 0.1622526 0.1000782 0.1641707 0.1039338 0.1053439 0.0000000 0.1192076 0.0242787 
Dasyuridae_Dasyurus_geffroii                 0.1308901 0.2017919 0.1090867 0.1309585 0.1208378 0.0048293 0.1183444 0.1192289 0.1396944 0.1191162 0.1118613 0.0259009 0.0308365 0.1284302 0.1069290 0.0235047 0.0105851 0.0254056 0.1542091 0.1340137 0.1022704 0.1468792 0.1660872 0.0212892 0.1550114 0.1289915 0.1046872 0.1676089 0.0894107 0.1637472 0.1140840 0.1317877 0.1192076 0.0000000 0.1279438 
Peramelidae_Perameles_gunnii                 0.1282250 0.1951600 0.1041943 0.1164739 0.1109263 0.1248474 0.0982169 0.1012150 0.1179736 0.0000010 0.1010261 0.1336515 0.1361106 0.1128890 0.0941500 0.1291580 0.1285617 0.1216860 0.0292536 0.1153834 0.0891392 0.1206676 0.1634881 0.1289949 0.1438560 0.1298655 0.0935392 0.1421885 0.0974870 0.1460190 0.1033045 0.1096801 0.0242787 0.1279438 0.0000000 
