35
Burramyidae_Burramys_parvus                  0.0000000 0.0976988 0.0495761 0.0508675 0.0487396 0.0856408 0.0326892 0.0402434 0.0523370 0.0880687 0.0406853 0.0893051 0.1176787 0.0405721 0.0556251 0.0868148 0.0834180 0.0797992 0.0832814 0.0567037 0.0684955 0.1052558 0.1643681 0.0803231 0.0527639 0.0932089 0.0595243 0.0598723 0.0618198 0.0824925 0.0587571 0.0411695 0.0827311 0.0805739 0.0852309 
Notoryctidae_Notoryctes_typhlops             0.0976988 0.0000000 0.0839373 0.0973663 0.0978263 0.1056993 0.0883783 0.0989059 0.1017694 0.1174146 0.0934596 0.1053246 0.1446714 0.0996298 0.1054048 0.1046385 0.1069946 0.1059613 0.1126876 0.1110410 0.1225529 0.1295960 0.1939272 0.1014932 0.1065118 0.1099365 0.1187860 0.1130493 0.1136172 0.1427801 0.1100460 0.1003188 0.1065674 0.1036733 0.1154714 
Vombatidae_Lasiorhinus_latifrons             0.0495761 0.0839373 0.0000000 0.0495123 0.0488161 0.0867015 0.0364285 0.0442096 0.0517382 0.0889644 0.0384193 0.0917654 0.1336269 0.0424665 0.0532091 0.0881401 0.0878332 0.0787198 0.0828174 0.0551145 0.0586063 0.0949105 0.1479759 0.0869042 0.0591920 0.0819847 0.0527224 0.0586183 0.0518723 0.0829932 0.0522837 0.0430678 0.0818930 0.0824119 0.0873053 
Potoroidae_Bettongia_penicillata             0.0508675 0.0973663 0.0495123 0.0000000 0.0018456 0.0938921 0.0435710 0.0488812 0.0092596 0.0990769 0.0473331 0.0981448 0.1272329 0.0537069 0.0546750 0.0944084 0.0949706 0.0901140 0.0906732 0.0144238 0.0682060 0.1189248 0.1716454 0.0889935 0.0300218 0.0904860 0.0605225 0.0180805 0.0561995 0.0847828 0.0604001 0.0558022 0.0941147 0.0910435 0.0959756 
Potoroidae_Bettongia_lesueur                 0.0487396 0.0978263 0.0488161 0.0018456 0.0000000 0.0930665 0.0415574 0.0467851 0.0087986 0.0964867 0.0452358 0.0956001 0.1274686 0.0515466 0.0548744 0.0918942 0.0941402 0.0871436 0.0881619 0.0129750 0.0658639 0.1182773 0.1705119 0.0865003 0.0282518 0.0896549 0.0582512 0.0165332 0.0540274 0.0822968 0.0581883 0.0536271 0.0915504 0.0902261 0.0934139 
Dasyuridae_Dasyurus_maculatus                0.0856408 0.1056993 0.0867015 0.0938921 0.0930665 0.0000000 0.0791077 0.0871180 0.0964039 0.1037796 0.0770975 0.0206656 0.0566873 0.0869379 0.1058898 0.0206724 0.0070598 0.0221690 0.0989767 0.1054326 0.1092725 0.1131865 0.1704171 0.0197092 0.0976200 0.0974920 0.0886497 0.1050268 0.0959287 0.1276906 0.1035850 0.0875433 0.0959335 0.0045852 0.1007843 
Phalangeridae_Trichosurus_vulpecula          0.0326892 0.0883783 0.0364285 0.0435710 0.0415574 0.0791077 0.0000000 0.0149790 0.0484811 0.0805606 0.0130039 0.0811712 0.1085920 0.0179523 0.0451115 0.0797931 0.0768088 0.0710125 0.0742830 0.0488621 0.0549511 0.0938505 0.1485529 0.0769178 0.0479727 0.0796846 0.0439188 0.0543609 0.0474748 0.0673078 0.0462142 0.0174052 0.0754994 0.0732532 0.0777804 
Phalangeridae_Spilocuscus_maculatus          0.0402434 0.0989059 0.0442096 0.0488812 0.0467851 0.0871180 0.0149790 0.0000000 0.0555469 0.0852683 0.0062379 0.0875467 0.1273376 0.0087747 0.0545664 0.0879842 0.0864567 0.0782044 0.0789025 0.0526825 0.0664338 0.0973514 0.1643262 0.0826613 0.0549661 0.0852336 0.0531257 0.0584222 0.0544346 0.0809178 0.0538072 0.0074646 0.0801222 0.0810725 0.0824837 
Potoroidae_Aepyprymnus_rufescens             0.0523370 0.1017694 0.0517382 0.0092596 0.0087986 0.0964039 0.0484811 0.0555469 0.0000000 0.1027640 0.0516750 0.1000188 0.1404273 0.0559445 0.0586105 0.0962556 0.0966209 0.0870208 0.0971232 0.0169494 0.0731220 0.1151055 0.1724935 0.0908195 0.0344039 0.0903027 0.0636518 0.0196986 0.0607463 0.0874597 0.0626468 0.0580973 0.0967832 0.0926738 0.0996192 
Peramelidae_Perameles_nasuta                 0.0880687 0.1174146 0.0889644 0.0990769 0.0964867 0.1037796 0.0805606 0.0852683 0.1027640 0.0000000 0.0830433 0.1099164 0.1488811 0.0876730 0.1050844 0.1071540 0.1060315 0.1020139 0.0116548 0.1044885 0.1128620 0.1206996 0.1699787 0.1016596 0.0959762 0.1097109 0.0957541 0.1062351 0.0971029 0.1290065 0.0993378 0.0899709 0.0103569 0.1040551 0.0003695 
Phalangeridae_Strigocuscus_pelengensis       0.0406853 0.0934596 0.0384193 0.0473331 0.0452358 0.0770975 0.0130039 0.0062379 0.0516750 0.0830433 0.0000000 0.0821632 0.1207556 0.0088686 0.0537163 0.0786970 0.0764243 0.0732684 0.0783245 0.0481232 0.0584231 0.0967211 0.1615869 0.0749959 0.0549076 0.0816533 0.0461555 0.0536148 0.0477324 0.0722289 0.0536458 0.0075455 0.0787330 0.0704238 0.0801307 
Dasyuridae_Phascogale_tapoatafa              0.0893051 0.1053246 0.0917654 0.0981448 0.0956001 0.0206656 0.0811712 0.0875467 0.1000188 0.1099164 0.0821632 0.0000000 0.0561721 0.0926290 0.1046057 0.0074966 0.0206616 0.0195959 0.1049857 0.1078643 0.1130566 0.1117307 0.1669704 0.0121157 0.1019329 0.1066018 0.0919495 0.1105431 0.1023310 0.1311481 0.1054060 0.0898146 0.1016460 0.0190949 0.1067356 
Dasyuridae_Sminthopsis_macroura              0.1176787 0.1446714 0.1336269 0.1272329 0.1274686 0.0566873 0.1085920 0.1273376 0.1404273 0.1488811 0.1207556 0.0561721 0.0000000 0.1320315 0.1349128 0.0498043 0.0566712 0.0401398 0.1415230 0.1395514 0.1503339 0.1703562 0.2521199 0.0491148 0.1351157 0.1430752 0.1314406 0.1435276 0.1404009 0.1761163 0.1335900 0.1319849 0.1422094 0.0519833 0.1455270 
Phalangeridae_Phalanger_orientalis           0.0405721 0.0996298 0.0424665 0.0537069 0.0515466 0.0869379 0.0179523 0.0087747 0.0559445 0.0876730 0.0088686 0.0926290 0.1320315 0.0000000 0.0564562 0.0912192 0.0879696 0.0820096 0.0802661 0.0561067 0.0619953 0.0949893 0.1608566 0.0866821 0.0568884 0.0849456 0.0542540 0.0604714 0.0556359 0.0804512 0.0519328 0.0018470 0.0824150 0.0825385 0.0847756 
Acrobatidae_Acrobates_pygmaeus               0.0556251 0.1054048 0.0532091 0.0546750 0.0548744 0.1058898 0.0451115 0.0545664 0.0586105 0.1050844 0.0537163 0.1046057 0.1349128 0.0564562 0.0000000 0.1039809 0.1052328 0.0962369 0.0950881 0.0630631 0.0693087 0.1036553 0.1690905 0.0971410 0.0678541 0.0962126 0.0576224 0.0684076 0.0581391 0.0774303 0.0328426 0.0579035 0.0962899 0.1010518 0.1024433 
Dasyuridae_Phascogale_calura                 0.0868148 0.1046385 0.0881401 0.0944084 0.0918942 0.0206724 0.0797931 0.0879842 0.0962556 0.1071540 0.0786970 0.0074966 0.0498043 0.0912192 0.1039809 0.0000000 0.0206685 0.0189527 0.1024273 0.1040526 0.1082178 0.1091183 0.1616786 0.0079835 0.1010103 0.1056299 0.0892025 0.1056519 0.0969063 0.1257712 0.1063529 0.0884122 0.1009524 0.0185722 0.1040074 
Dasyuridae_Sarcophilus_harrisii              0.0834180 0.1069946 0.0878332 0.0949706 0.0941402 0.0070598 0.0768088 0.0864567 0.0966209 0.1060315 0.0764243 0.0206616 0.0566712 0.0879696 0.1052328 0.0206685 0.0000000 0.0228568 0.1011617 0.1065898 0.1077224 0.1149862 0.1689323 0.0197281 0.0977568 0.0987336 0.0897765 0.1061960 0.0960600 0.1240159 0.1048234 0.0868823 0.0980076 0.0062310 0.1028823 
Dasyuridae_Planigale_tenuirostris            0.0797992 0.1059613 0.0787198 0.0901140 0.0871436 0.0221690 0.0710125 0.0782044 0.0870208 0.1020139 0.0732684 0.0195959 0.0401398 0.0820096 0.0962369 0.0189527 0.0228568 0.0000000 0.0997403 0.0990949 0.0982513 0.1155238 0.1649352 0.0196112 0.1001727 0.1019137 0.0847807 0.1011349 0.0899394 0.1231811 0.0932286 0.0798519 0.0971709 0.0189495 0.1002133 
Peramelidae_Echymipera_kalubu                0.0832814 0.1126876 0.0828174 0.0906732 0.0881619 0.0989767 0.0742830 0.0789025 0.0971232 0.0116548 0.0783245 0.1049857 0.1415230 0.0802661 0.0950881 0.1024273 0.1011617 0.0997403 0.0000000 0.0979533 0.1081862 0.1160565 0.1642183 0.0968426 0.0891366 0.1069464 0.0930793 0.0997410 0.0928063 0.1187815 0.0954560 0.0825258 0.0076512 0.0992350 0.0107061 
Macropodidae_Dorcopsulus_vanheurni           0.0567037 0.1110410 0.0551145 0.0144238 0.0129750 0.1054326 0.0488621 0.0526825 0.0169494 0.1044885 0.0481232 0.1078643 0.1395514 0.0561067 0.0630631 0.1040526 0.1065898 0.0990949 0.0979533 0.0000000 0.0737467 0.1244388 0.1795629 0.1004577 0.0332653 0.0969020 0.0675749 0.0070683 0.0636082 0.0925011 0.0662592 0.0582267 0.0994604 0.1024431 0.1014151 
Pseudochiridae_Pseudochirulus_forbesi        0.0684955 0.1225529 0.0586063 0.0682060 0.0658639 0.1092725 0.0549511 0.0664338 0.0731220 0.1128620 0.0584231 0.1130566 0.1503339 0.0619953 0.0693087 0.1082178 0.1077224 0.0982513 0.1081862 0.0737467 0.0000000 0.1151412 0.1429652 0.1024084 0.0724115 0.1062213 0.0278577 0.0795024 0.0151929 0.0624662 0.0598591 0.0634246 0.1082682 0.1053135 0.1096661 
Didelphidae_Didelphis_virginiana             0.1052558 0.1295960 0.0949105 0.1189248 0.1182773 0.1131865 0.0938505 0.0973514 0.1151055 0.1206996 0.0967211 0.1117307 0.1703562 0.0949893 0.1036553 0.1091183 0.1149862 0.1155238 0.1160565 0.1244388 0.1151412 0.0000000 0.0519064 0.1075734 0.1205108 0.1168133 0.1118035 0.1291425 0.1080742 0.1268047 0.1098888 0.0903612 0.1124440 0.1109516 0.1175124 
Marmosidae_Monodelphis_domestica             0.1643681 0.1939272 0.1479759 0.1716454 0.1705119 0.1704171 0.1485529 0.1643262 0.1724935 0.1699787 0.1615869 0.1669704 0.2521199 0.1608566 0.1690905 0.1616786 0.1689323 0.1649352 0.1642183 0.1795629 0.1429652 0.0519064 0.0000000 0.1613055 0.1679271 0.1617206 0.1680611 0.1857198 0.1642898 0.1905645 0.1715430 0.1581913 0.1631912 0.1671207 0.1658325 
Dasyuridae_Antechinus_stuartii               0.0803231 0.1014932 0.0869042 0.0889935 0.0865003 0.0197092 0.0769178 0.0826613 0.0908195 0.1016596 0.0749959 0.0121157 0.0491148 0.0866821 0.0971410 0.0079835 0.0197281 0.0196112 0.0968426 0.1004577 0.1024084 0.1075734 0.1613055 0.0000000 0.0935966 0.1011484 0.0845094 0.0996992 0.0923254 0.1234587 0.0988398 0.0839081 0.0963767 0.0187112 0.0993601 
Hypsiprymnodontidae_Hypsiprymnodon_moschatus 0.0527639 0.1065118 0.0591920 0.0300218 0.0282518 0.0976200 0.0479727 0.0549661 0.0344039 0.0959762 0.0549076 0.1019329 0.1351157 0.0568884 0.0678541 0.1010103 0.0977568 0.1001727 0.0891366 0.0332653 0.0724115 0.1205108 0.1679271 0.0935966 0.0000000 0.0935394 0.0672112 0.0379637 0.0639844 0.0909222 0.0640887 0.0590008 0.0897510 0.0926737 0.0929218 
Microbiotheriidae_Dromiciops_gliroides       0.0932089 0.1099365 0.0819847 0.0904860 0.0896549 0.0974920 0.0796846 0.0852336 0.0903027 0.1097109 0.0816533 0.1066018 0.1430752 0.0849456 0.0962126 0.1056299 0.0987336 0.1019137 0.1069464 0.0969020 0.1062213 0.1168133 0.1617206 0.1011484 0.0935394 0.0000000 0.1025536 0.1033918 0.1008164 0.1237123 0.0972850 0.0873379 0.1043169 0.0955385 0.1068817 
Pseudochiridae_Petauroides_volans            0.0595243 0.1187860 0.0527224 0.0605225 0.0582512 0.0886497 0.0439188 0.0531257 0.0636518 0.0957541 0.0461555 0.0919495 0.1314406 0.0542540 0.0576224 0.0892025 0.0897765 0.0847807 0.0930793 0.0675749 0.0278577 0.1118035 0.1680611 0.0845094 0.0672112 0.1025536 0.0000000 0.0704830 0.0231829 0.0586516 0.0578442 0.0534043 0.0922316 0.0859478 0.0936137 
Macropodidae_Wallabia_bicolor                0.0598723 0.1130493 0.0586183 0.0180805 0.0165332 0.1050268 0.0543609 0.0584222 0.0196986 0.1062351 0.0536148 0.1105431 0.1435276 0.0604714 0.0684076 0.1056519 0.1061960 0.1011349 0.0997410 0.0070683 0.0795024 0.1291425 0.1857198 0.0996992 0.0379637 0.1033918 0.0704830 0.0000000 0.0688439 0.1009320 0.0717097 0.0626392 0.0998273 0.1020071 0.1032190 
Pseudochiridae_Pseudocheirus_occidentalis    0.0618198 0.1136172 0.0518723 0.0561995 0.0540274 0.0959287 0.0474748 0.0544346 0.0607463 0.0971029 0.0477324 0.1023310 0.1404009 0.0556359 0.0581391 0.0969063 0.0960600 0.0899394 0.0928063 0.0636082 0.0151929 0.1080742 0.1642898 0.0923254 0.0639844 0.1008164 0.0231829 0.0688439 0.0000000 0.0575623 0.0566077 0.0562529 0.0926038 0.0921476 0.0940478 
Tarsipedidae_Tarsipes_rostratus              0.0824925 0.1427801 0.0829932 0.0847828 0.0822968 0.1276906 0.0673078 0.0809178 0.0874597 0.1290065 0.0722289 0.1311481 0.1761163 0.0804512 0.0774303 0.1257712 0.1240159 0.1231811 0.1187815 0.0925011 0.0624662 0.1268047 0.1905645 0.1234587 0.0909222 0.1237123 0.0586516 0.1009320 0.0575623 0.0000000 0.0830208 0.0786234 0.1234134 0.1213724 0.1252991 
Acrobatidae_Distoechurus_pennatus            0.0587571 0.1100460 0.0522837 0.0604001 0.0581883 0.1035850 0.0462142 0.0538072 0.0626468 0.0993378 0.0536458 0.1054060 0.1335900 0.0519328 0.0328426 0.1063529 0.1048234 0.0932286 0.0954560 0.0662592 0.0598591 0.1098888 0.1715430 0.0988398 0.0640887 0.0972850 0.0578442 0.0717097 0.0566077 0.0830208 0.0000000 0.0547721 0.0952903 0.0999437 0.0963777 
Phalangeridae_Phalanger_carmelitae           0.0411695 0.1003188 0.0430678 0.0558022 0.0536271 0.0875433 0.0174052 0.0074646 0.0580973 0.0899709 0.0075455 0.0898146 0.1319849 0.0018470 0.0579035 0.0884122 0.0868823 0.0798519 0.0825258 0.0582267 0.0634246 0.0903612 0.1581913 0.0839081 0.0590008 0.0873379 0.0534043 0.0626392 0.0562529 0.0786234 0.0547721 0.0000000 0.0847780 0.0814870 0.0870555 
Peramelidae_Peroryctes_raffrayana            0.0827311 0.1065674 0.0818930 0.0941147 0.0915504 0.0959335 0.0754994 0.0801222 0.0967832 0.0103569 0.0787330 0.1016460 0.1422094 0.0824150 0.0962899 0.1009524 0.0980076 0.0971709 0.0076512 0.0994604 0.1082682 0.1124440 0.1631912 0.0963767 0.0897510 0.1043169 0.0922316 0.0998273 0.0926038 0.1234134 0.0952903 0.0847780 0.0000000 0.0960739 0.0090400 
Dasyuridae_Dasyurus_geffroii                 0.0805739 0.1036733 0.0824119 0.0910435 0.0902261 0.0045852 0.0732532 0.0810725 0.0926738 0.1040551 0.0704238 0.0190949 0.0519833 0.0825385 0.1010518 0.0185722 0.0062310 0.0189495 0.0992350 0.1024431 0.1053135 0.1109516 0.1671207 0.0187112 0.0926737 0.0955385 0.0859478 0.1020071 0.0921476 0.1213724 0.0999437 0.0814870 0.0960739 0.0000000 0.1009343 
Peramelidae_Perameles_gunnii                 0.0852309 0.1154714 0.0873053 0.0959756 0.0934139 0.1007843 0.0777804 0.0824837 0.0996192 0.0003695 0.0801307 0.1067356 0.1455270 0.0847756 0.1024433 0.1040074 0.1028823 0.1002133 0.0107061 0.1014151 0.1096661 0.1175124 0.1658325 0.0993601 0.0929218 0.1068817 0.0936137 0.1032190 0.0940478 0.1252991 0.0963777 0.0870555 0.0090400 0.1009343 0.0000000 
