35
Burramyidae_Burramys_parvus                  0.0000000 0.0627720 0.0541753 0.0591712 0.0589135 0.1017530 0.0444200 0.0525398 0.0584014 0.0817516 0.0471069 0.0994670 0.0915300 0.0495927 0.0517890 0.0968218 0.1016990 0.1049896 0.0815451 0.0610148 0.0540975 0.0952102 0.1115119 0.0972118 0.0437116 0.0707238 0.0529647 0.0555349 0.0455483 0.0688831 0.0585469 0.0480823 0.0806194 0.1031161 0.0884151 
Notoryctidae_Notoryctes_typhlops             0.0627720 0.0000000 0.0730103 0.0779390 0.0766094 0.1086265 0.0717934 0.0821338 0.0778534 0.0891735 0.0780887 0.1042725 0.1024120 0.0773820 0.0780847 0.1034476 0.1053264 0.1146829 0.0895552 0.0806297 0.0847184 0.1092159 0.1221231 0.1017967 0.0669301 0.0783759 0.0837917 0.0785125 0.0803032 0.0960028 0.0824571 0.0781553 0.0844165 0.1063649 0.0972338 
Vombatidae_Lasiorhinus_latifrons             0.0541753 0.0730103 0.0000000 0.0657657 0.0662407 0.0984110 0.0578758 0.0689140 0.0690362 0.0857448 0.0635536 0.0967394 0.0860484 0.0643538 0.0672804 0.0937911 0.0968887 0.0976946 0.0845337 0.0710793 0.0672012 0.1048103 0.1185549 0.0903971 0.0536949 0.0765904 0.0688773 0.0629179 0.0586533 0.0872617 0.0707514 0.0613236 0.0827652 0.0982859 0.0933354 
Potoroidae_Bettongia_penicillata             0.0591712 0.0779390 0.0657657 0.0000000 0.0070736 0.1082945 0.0637847 0.0770995 0.0128183 0.0919775 0.0687777 0.1061828 0.0950034 0.0731018 0.0678845 0.1038370 0.1072290 0.1101538 0.0935305 0.0299599 0.0735366 0.1096276 0.1268074 0.0999895 0.0406038 0.0810633 0.0676126 0.0206268 0.0680162 0.0846656 0.0748279 0.0714299 0.0949113 0.1087131 0.0993218 
Potoroidae_Bettongia_lesueur                 0.0589135 0.0766094 0.0662407 0.0070736 0.0000000 0.1093162 0.0656802 0.0781782 0.0141798 0.0929276 0.0701615 0.1060975 0.0935553 0.0744624 0.0708562 0.1037531 0.1082497 0.1096893 0.0939235 0.0324942 0.0740422 0.1087770 0.1261469 0.1006338 0.0412208 0.0824581 0.0706239 0.0224768 0.0689297 0.0870197 0.0764627 0.0727768 0.0944684 0.1097351 0.1008718 
Dasyuridae_Dasyurus_maculatus                0.1017530 0.1086265 0.0984110 0.1082945 0.1093162 0.0000000 0.1062968 0.1040559 0.1102309 0.1252876 0.1102170 0.0231091 0.0297942 0.1092362 0.1138853 0.0228357 0.0086774 0.0444940 0.1251865 0.1056458 0.1126735 0.1335295 0.1297523 0.0204455 0.0974680 0.1003155 0.1187308 0.1050261 0.1105856 0.1327989 0.1176019 0.1073092 0.1250029 0.0066747 0.1293983 
Phalangeridae_Trichosurus_vulpecula          0.0444200 0.0717934 0.0578758 0.0637847 0.0656802 0.1062968 0.0000000 0.0281122 0.0633920 0.0916950 0.0231053 0.1060728 0.0982158 0.0230627 0.0516684 0.1038058 0.1061210 0.1110120 0.0913025 0.0653491 0.0570284 0.0925611 0.1080410 0.1015062 0.0502748 0.0760279 0.0562308 0.0601251 0.0482867 0.0761235 0.0654467 0.0217409 0.0883213 0.1061196 0.0971746 
Phalangeridae_Spilocuscus_maculatus          0.0525398 0.0821338 0.0689140 0.0770995 0.0781782 0.1040559 0.0281122 0.0000000 0.0757296 0.0957352 0.0152945 0.1054357 0.0953337 0.0140115 0.0632580 0.1058012 0.1044477 0.1134260 0.0947503 0.0788252 0.0620831 0.0976106 0.1044877 0.1026470 0.0618281 0.0877120 0.0688942 0.0736463 0.0526580 0.0858000 0.0711009 0.0140132 0.0934130 0.1016976 0.0994006 
Potoroidae_Aepyprymnus_rufescens             0.0584014 0.0778534 0.0690362 0.0128183 0.0141798 0.1102309 0.0633920 0.0757296 0.0000000 0.0926600 0.0676915 0.1088590 0.0959474 0.0715989 0.0703415 0.1048953 0.1087742 0.1130082 0.0913850 0.0310289 0.0722154 0.1083927 0.1243820 0.1031038 0.0401797 0.0821452 0.0691820 0.0215671 0.0665690 0.0830616 0.0733692 0.0699197 0.0941810 0.1104531 0.0981352 
Peramelidae_Perameles_nasuta                 0.0817516 0.0891735 0.0857448 0.0919775 0.0929276 0.1252876 0.0916950 0.0957352 0.0926600 0.0000000 0.0903636 0.1205749 0.1194498 0.0899158 0.0937972 0.1253851 0.1253392 0.1395710 0.0113656 0.1031462 0.0974547 0.1173478 0.1466332 0.1161380 0.0865035 0.0989533 0.0985160 0.0881249 0.0923519 0.1035997 0.0927376 0.0913579 0.0159213 0.1217830 0.0000010 
Phalangeridae_Strigocuscus_pelengensis       0.0471069 0.0780887 0.0635536 0.0687777 0.0701615 0.1102170 0.0231053 0.0152945 0.0676915 0.0903636 0.0000000 0.1070295 0.0990403 0.0137533 0.0583321 0.1061564 0.1098190 0.1138379 0.0911790 0.0692977 0.0611890 0.1068362 0.1125000 0.1031708 0.0587120 0.0811632 0.0617821 0.0651446 0.0484796 0.0788717 0.0670605 0.0121011 0.0872817 0.1082945 0.0959403 
Dasyuridae_Phascogale_tapoatafa              0.0994670 0.1042725 0.0967394 0.1061828 0.1060975 0.0231091 0.1060728 0.1054357 0.1088590 0.1205749 0.1070295 0.0000000 0.0258662 0.1074199 0.1146007 0.0067760 0.0231517 0.0407732 0.1205037 0.1040509 0.1125828 0.1276932 0.1283900 0.0135361 0.0949897 0.1033201 0.1186961 0.1057665 0.1075184 0.1300485 0.1097631 0.1066017 0.1217662 0.0226604 0.1229817 
Dasyuridae_Sminthopsis_macroura              0.0915300 0.1024120 0.0860484 0.0950034 0.0935553 0.0297942 0.0982158 0.0953337 0.0959474 0.1194498 0.0990403 0.0258662 0.0000000 0.0998244 0.1079222 0.0262790 0.0310991 0.0266844 0.1137103 0.0917569 0.1037276 0.1262140 0.1246663 0.0229367 0.0852857 0.0990771 0.1096044 0.0928818 0.0976172 0.1250190 0.1064076 0.0988198 0.1178296 0.0305757 0.1179882 
Phalangeridae_Phalanger_orientalis           0.0495927 0.0773820 0.0643538 0.0731018 0.0744624 0.1092362 0.0230627 0.0140115 0.0715989 0.0899158 0.0137533 0.1074199 0.0998244 0.0000000 0.0580760 0.1073652 0.1083121 0.1172027 0.0924896 0.0712677 0.0655696 0.1077107 0.1118334 0.1044047 0.0570980 0.0828189 0.0657600 0.0691749 0.0511061 0.0791985 0.0685696 0.0038583 0.0862800 0.1079388 0.0991613 
Acrobatidae_Acrobates_pygmaeus               0.0517890 0.0780847 0.0672804 0.0678845 0.0708562 0.1138853 0.0516684 0.0632580 0.0703415 0.0937972 0.0583321 0.1146007 0.1079222 0.0580760 0.0000000 0.1117905 0.1121022 0.1242115 0.0938836 0.0747731 0.0625084 0.1070912 0.1235439 0.1119679 0.0564587 0.0822672 0.0625754 0.0677385 0.0560289 0.0763324 0.0398193 0.0564889 0.0930700 0.1115267 0.0994430 
Dasyuridae_Phascogale_calura                 0.0968218 0.1034476 0.0937911 0.1038370 0.1037531 0.0228357 0.1038058 0.1058012 0.1048953 0.1253851 0.1061564 0.0067760 0.0262790 0.1073652 0.1117905 0.0000000 0.0249059 0.0410787 0.1218087 0.0986788 0.1085513 0.1292920 0.1239193 0.0139459 0.0936875 0.0996440 0.1165043 0.1029150 0.1086234 0.1299626 0.1117660 0.1054373 0.1251028 0.0239879 0.1258892 
Dasyuridae_Sarcophilus_harrisii              0.1016990 0.1053264 0.0968887 0.1072290 0.1082497 0.0086774 0.1061210 0.1044477 0.1087742 0.1253392 0.1098190 0.0231517 0.0310991 0.1083121 0.1121022 0.0249059 0.0000000 0.0459155 0.1250796 0.1057702 0.1124770 0.1329003 0.1314945 0.0203655 0.0958201 0.1026554 0.1165032 0.1074821 0.1115402 0.1300147 0.1131543 0.1063869 0.1273545 0.0074909 0.1294081 
Dasyuridae_Planigale_tenuirostris            0.1049896 0.1146829 0.0976946 0.1101538 0.1096893 0.0444940 0.1110120 0.1134260 0.1130082 0.1395710 0.1138379 0.0407732 0.0266844 0.1172027 0.1242115 0.0410787 0.0459155 0.0000000 0.1311263 0.1078918 0.1191352 0.1402722 0.1455849 0.0367649 0.1016331 0.1190933 0.1213965 0.1064759 0.1187103 0.1407886 0.1168968 0.1150358 0.1384483 0.0441980 0.1335449 
Peramelidae_Echymipera_kalubu                0.0815451 0.0895552 0.0845337 0.0935305 0.0939235 0.1251865 0.0913025 0.0947503 0.0913850 0.0113656 0.0911790 0.1205037 0.1137103 0.0924896 0.0938836 0.1218087 0.1250796 0.1311263 0.0000000 0.1010427 0.1012416 0.1250784 0.1473688 0.1156385 0.0826270 0.0923310 0.1002555 0.0897609 0.0873892 0.1085584 0.0989033 0.0925776 0.0084441 0.1233717 0.0163357 
Macropodidae_Dorcopsulus_vanheurni           0.0610148 0.0806297 0.0710793 0.0299599 0.0324942 0.1056458 0.0653491 0.0788252 0.0310289 0.1031462 0.0692977 0.1040509 0.0917569 0.0712677 0.0747731 0.0986788 0.1057702 0.1078918 0.1010427 0.0000000 0.0763152 0.1176410 0.1268999 0.0964278 0.0466317 0.0841802 0.0764670 0.0209257 0.0726136 0.0942772 0.0838848 0.0701285 0.1043583 0.1077839 0.1065624 
Pseudochiridae_Pseudochirulus_forbesi        0.0540975 0.0847184 0.0672012 0.0735366 0.0740422 0.1126735 0.0570284 0.0620831 0.0722154 0.0974547 0.0611890 0.1125828 0.1037276 0.0655696 0.0625084 0.1085513 0.1124770 0.1191352 0.1012416 0.0763152 0.0000000 0.1151312 0.1227982 0.1086573 0.0628775 0.0872817 0.0472085 0.0727568 0.0263698 0.0703332 0.0691733 0.0649310 0.0962117 0.1107553 0.1086751 
Didelphidae_Didelphis_virginiana             0.0952102 0.1092159 0.1048103 0.1096276 0.1087770 0.1335295 0.0925611 0.0976106 0.1083927 0.1173478 0.1068362 0.1276932 0.1262140 0.1077107 0.1070912 0.1292920 0.1329003 0.1402722 0.1250784 0.1176410 0.1151312 0.0000000 0.0507522 0.1276577 0.1040119 0.1070413 0.1184740 0.1123997 0.0984497 0.1230118 0.1144849 0.1058190 0.1116221 0.1343515 0.1303453 
Marmosidae_Monodelphis_domestica             0.1115119 0.1221231 0.1185549 0.1268074 0.1261469 0.1297523 0.1080410 0.1044877 0.1243820 0.1466332 0.1125000 0.1283900 0.1246663 0.1118334 0.1235439 0.1239193 0.1314945 0.1455849 0.1473688 0.1268999 0.1227982 0.0507522 0.0000000 0.1229512 0.1130564 0.1190227 0.1357456 0.1285271 0.1140349 0.1386060 0.1309068 0.1098869 0.1425382 0.1293902 0.1541670 
Dasyuridae_Antechinus_stuartii               0.0972118 0.1017967 0.0903971 0.0999895 0.1006338 0.0204455 0.1015062 0.1026470 0.1031038 0.1161380 0.1031708 0.0135361 0.0229367 0.1044047 0.1119679 0.0139459 0.0203655 0.0367649 0.1156385 0.0964278 0.1086573 0.1276577 0.1229512 0.0000000 0.0922281 0.0989378 0.1135416 0.0992123 0.1062565 0.1272785 0.1093138 0.1026563 0.1182024 0.0198541 0.1192130 
Hypsiprymnodontidae_Hypsiprymnodon_moschatus 0.0437116 0.0669301 0.0536949 0.0406038 0.0412208 0.0974680 0.0502748 0.0618281 0.0401797 0.0865035 0.0587120 0.0949897 0.0852857 0.0570980 0.0564587 0.0936875 0.0958201 0.1016331 0.0826270 0.0466317 0.0628775 0.1040119 0.1130564 0.0922281 0.0000000 0.0749320 0.0550865 0.0384303 0.0575139 0.0748006 0.0613386 0.0574701 0.0845831 0.0972141 0.0898857 
Microbiotheriidae_Dromiciops_gliroides       0.0707238 0.0783759 0.0765904 0.0810633 0.0824581 0.1003155 0.0760279 0.0877120 0.0821452 0.0989533 0.0811632 0.1033201 0.0990771 0.0828189 0.0822672 0.0996440 0.1026554 0.1190933 0.0923310 0.0841802 0.0872817 0.1070413 0.1190227 0.0989378 0.0749320 0.0000000 0.0861631 0.0814757 0.0738530 0.0998568 0.0935885 0.0811527 0.0945787 0.0996908 0.0994248 
Pseudochiridae_Petauroides_volans            0.0529647 0.0837917 0.0688773 0.0676126 0.0706239 0.1187308 0.0562308 0.0688942 0.0691820 0.0985160 0.0617821 0.1186961 0.1096044 0.0657600 0.0625754 0.1165043 0.1165032 0.1213965 0.1002555 0.0764670 0.0472085 0.1184740 0.1357456 0.1135416 0.0550865 0.0861631 0.0000000 0.0708608 0.0403503 0.0678635 0.0668409 0.0641967 0.0976640 0.1173695 0.1094193 
Macropodidae_Wallabia_bicolor                0.0555349 0.0785125 0.0629179 0.0206268 0.0224768 0.1050261 0.0601251 0.0736463 0.0215671 0.0881249 0.0651446 0.1057665 0.0928818 0.0691749 0.0677385 0.1029150 0.1074821 0.1064759 0.0897609 0.0209257 0.0727568 0.1123997 0.1285271 0.0992123 0.0384303 0.0814757 0.0708608 0.0000000 0.0612657 0.0862923 0.0752904 0.0676170 0.0892992 0.1070266 0.0961498 
Pseudochiridae_Pseudocheirus_occidentalis    0.0455483 0.0803032 0.0586533 0.0680162 0.0689297 0.1105856 0.0482867 0.0526580 0.0665690 0.0923519 0.0484796 0.1075184 0.0976172 0.0511061 0.0560289 0.1086234 0.1115402 0.1187103 0.0873892 0.0726136 0.0263698 0.0984497 0.1140349 0.1062565 0.0575139 0.0738530 0.0403503 0.0612657 0.0000000 0.0670740 0.0566738 0.0512275 0.0942416 0.1077455 0.0930022 
Tarsipedidae_Tarsipes_rostratus              0.0688831 0.0960028 0.0872617 0.0846656 0.0870197 0.1327989 0.0761235 0.0858000 0.0830616 0.1035997 0.0788717 0.1300485 0.1250190 0.0791985 0.0763324 0.1299626 0.1300147 0.1407886 0.1085584 0.0942772 0.0703332 0.1230118 0.1386060 0.1272785 0.0748006 0.0998568 0.0678635 0.0862923 0.0670740 0.0000000 0.0830876 0.0784851 0.1045005 0.1294951 0.1145158 
Acrobatidae_Distoechurus_pennatus            0.0585469 0.0824571 0.0707514 0.0748279 0.0764627 0.1176019 0.0654467 0.0711009 0.0733692 0.0927376 0.0670605 0.1097631 0.1064076 0.0685696 0.0398193 0.1117660 0.1131543 0.1168968 0.0989033 0.0838848 0.0691733 0.1144849 0.1309068 0.1093138 0.0613386 0.0935885 0.0668409 0.0752904 0.0566738 0.0830876 0.0000000 0.0669206 0.0911857 0.1161405 0.1034469 
Phalangeridae_Phalanger_carmelitae           0.0480823 0.0781553 0.0613236 0.0714299 0.0727768 0.1073092 0.0217409 0.0140132 0.0699197 0.0913579 0.0121011 0.1066017 0.0988198 0.0038583 0.0564889 0.1054373 0.1063869 0.1150358 0.0925776 0.0701285 0.0649310 0.1058190 0.1098869 0.1026563 0.0574701 0.0811527 0.0641967 0.0676170 0.0512275 0.0784851 0.0669206 0.0000000 0.0878676 0.1060139 0.0985402 
Peramelidae_Peroryctes_raffrayana            0.0806194 0.0844165 0.0827652 0.0949113 0.0944684 0.1250029 0.0883213 0.0934130 0.0941810 0.0159213 0.0872817 0.1217662 0.1178296 0.0862800 0.0930700 0.1251028 0.1273545 0.1384483 0.0084441 0.1043583 0.0962117 0.1116221 0.1425382 0.1182024 0.0845831 0.0945787 0.0976640 0.0892992 0.0942416 0.1045005 0.0911857 0.0878676 0.0000000 0.1229799 0.0159000 
Dasyuridae_Dasyurus_geffroii                 0.1031161 0.1063649 0.0982859 0.1087131 0.1097351 0.0066747 0.1061196 0.1016976 0.1104531 0.1217830 0.1082945 0.0226604 0.0305757 0.1079388 0.1115267 0.0239879 0.0074909 0.0441980 0.1233717 0.1077839 0.1107553 0.1343515 0.1293902 0.0198541 0.0972141 0.0996908 0.1173695 0.1070266 0.1077455 0.1294951 0.1161405 0.1060139 0.1229799 0.0000000 0.1275431 
Peramelidae_Perameles_gunnii                 0.0884151 0.0972338 0.0933354 0.0993218 0.1008718 0.1293983 0.0971746 0.0994006 0.0981352 0.0000010 0.0959403 0.1229817 0.1179882 0.0991613 0.0994430 0.1258892 0.1294081 0.1335449 0.0163357 0.1065624 0.1086751 0.1303453 0.1541670 0.1192130 0.0898857 0.0994248 0.1094193 0.0961498 0.0930022 0.1145158 0.1034469 0.0985402 0.0159000 0.1275431 0.0000000 
