35
Burramyidae_Burramys_parvus                  0.0000000 0.1149560 0.0759760 0.1016585 0.1006424 0.1201498 0.0581784 0.0583265 0.0955732 0.1235117 0.0629174 0.1311517 0.1222423 0.0616324 0.0754770 0.1311838 0.1367650 0.1392680 0.1186102 0.0940731 0.1001930 0.1465759 0.1512719 0.1317412 0.0818074 0.0865080 0.0802514 0.0968230 0.0914478 0.0973769 0.0723646 0.0633714 0.1150357 0.1331040 0.1215502 
Notoryctidae_Notoryctes_typhlops             0.1149560 0.0000000 0.1104653 0.1410209 0.1382998 0.1200293 0.1001810 0.0963541 0.1328683 0.1335887 0.1076692 0.1369784 0.1234287 0.1050502 0.1148191 0.1372182 0.1459614 0.1414069 0.1347071 0.1310569 0.1496164 0.1640713 0.1667042 0.1329498 0.1247296 0.1012798 0.1263288 0.1285244 0.1483810 0.1465253 0.1196572 0.1063074 0.1344543 0.1389542 0.1334068 
Vombatidae_Lasiorhinus_latifrons             0.0759760 0.1104653 0.0000000 0.1064439 0.1044654 0.1140962 0.0617516 0.0597592 0.1023616 0.1111651 0.0680152 0.1276752 0.1156322 0.0670360 0.0817582 0.1283639 0.1316792 0.1333063 0.1095460 0.1013480 0.1118639 0.1427500 0.1517781 0.1275602 0.0918752 0.0857330 0.0891021 0.1053622 0.1102681 0.1112453 0.0842100 0.0679265 0.1102244 0.1291067 0.1118853 
Potoroidae_Bettongia_penicillata             0.1016585 0.1410209 0.1064439 0.0000000 0.0120771 0.1512418 0.0889827 0.0863573 0.0259859 0.1565021 0.0892584 0.1570994 0.1557693 0.0915443 0.1114105 0.1551184 0.1675196 0.1661609 0.1539002 0.0508493 0.1326206 0.1765509 0.1814512 0.1571193 0.0759674 0.1199828 0.1109626 0.0529904 0.1270541 0.1387183 0.1095846 0.0904035 0.1480776 0.1645621 0.1531136 
Potoroidae_Bettongia_lesueur                 0.1006424 0.1382998 0.1044654 0.0120771 0.0000000 0.1470455 0.0884665 0.0857068 0.0247754 0.1541765 0.0896712 0.1553626 0.1539317 0.0910175 0.1088720 0.1533814 0.1651829 0.1629796 0.1505485 0.0478918 0.1325405 0.1704624 0.1765537 0.1553719 0.0741460 0.1183853 0.1079327 0.0496217 0.1248459 0.1375555 0.1075516 0.0903497 0.1462874 0.1622491 0.1508461 
Dasyuridae_Dasyurus_maculatus                0.1201498 0.1200293 0.1140962 0.1512418 0.1470455 0.0000000 0.1026452 0.1099691 0.1431009 0.1213639 0.1118838 0.0281068 0.0367652 0.1109234 0.1224015 0.0267245 0.0097189 0.0437395 0.1191425 0.1421159 0.1566303 0.1452788 0.1560658 0.0248270 0.1296239 0.1048143 0.1291077 0.1414770 0.1534953 0.1564082 0.1224487 0.1111007 0.1161280 0.0078301 0.1195320 
Phalangeridae_Trichosurus_vulpecula          0.0581784 0.1001810 0.0617516 0.0889827 0.0884665 0.1026452 0.0000000 0.0182621 0.0859040 0.1034035 0.0217477 0.1195304 0.1060068 0.0230397 0.0667423 0.1166526 0.1209606 0.1229808 0.0982556 0.0842622 0.0941148 0.1293314 0.1377334 0.1180340 0.0739302 0.0772594 0.0733410 0.0845973 0.0899522 0.0946286 0.0646863 0.0239209 0.0984741 0.1174940 0.1017969 
Phalangeridae_Spilocuscus_maculatus          0.0583265 0.0963541 0.0597592 0.0863573 0.0857068 0.1099691 0.0182621 0.0000000 0.0812957 0.0943995 0.0125807 0.1121348 0.1146443 0.0120727 0.0605392 0.1094997 0.1114152 0.1194760 0.0898587 0.0817553 0.0919290 0.1213733 0.1248045 0.1083352 0.0702106 0.0830225 0.0648505 0.0799154 0.0864654 0.0921121 0.0603120 0.0110950 0.0901872 0.1071964 0.0938489 
Potoroidae_Aepyprymnus_rufescens             0.0955732 0.1328683 0.1023616 0.0259859 0.0247754 0.1431009 0.0859040 0.0812957 0.0000000 0.1477721 0.0884540 0.1523250 0.1485817 0.0884131 0.1077998 0.1503394 0.1587706 0.1636250 0.1463911 0.0438756 0.1289867 0.1633515 0.1747763 0.1536092 0.0693809 0.1118235 0.1053675 0.0447234 0.1237196 0.1298487 0.1063129 0.0864327 0.1438241 0.1569876 0.1462041 
Peramelidae_Perameles_nasuta                 0.1235117 0.1335887 0.1111651 0.1565021 0.1541765 0.1213639 0.1034035 0.0943995 0.1477721 0.0000000 0.1078648 0.1446689 0.1259068 0.1064595 0.1232075 0.1440491 0.1446366 0.1496674 0.0305228 0.1428700 0.1561311 0.1584762 0.1642693 0.1451984 0.1334315 0.1109388 0.1303120 0.1469683 0.1491611 0.1561083 0.1231316 0.1091205 0.0262934 0.1421063 0.0029513 
Phalangeridae_Strigocuscus_pelengensis       0.0629174 0.1076692 0.0680152 0.0892584 0.0896712 0.1118838 0.0217477 0.0125807 0.0884540 0.1078648 0.0000000 0.1234419 0.1147198 0.0142122 0.0700522 0.1210004 0.1254021 0.1296004 0.1050537 0.0839733 0.0968205 0.1315924 0.1389244 0.1218920 0.0781851 0.0829679 0.0757706 0.0848718 0.0915822 0.0917567 0.0693270 0.0148120 0.1041702 0.1218658 0.1068123 
Dasyuridae_Phascogale_tapoatafa              0.1311517 0.1369784 0.1276752 0.1570994 0.1553626 0.0281068 0.1195304 0.1121348 0.1523250 0.1446689 0.1234419 0.0000000 0.0420142 0.1235071 0.1392592 0.0050954 0.0306083 0.0433746 0.1431264 0.1505444 0.1679053 0.1653060 0.1833184 0.0163375 0.1440455 0.1178687 0.1404693 0.1474342 0.1657381 0.1625530 0.1413433 0.1250221 0.1386684 0.0282031 0.1426368 
Dasyuridae_Sminthopsis_macroura              0.1222423 0.1234287 0.1156322 0.1557693 0.1539317 0.0367652 0.1060068 0.1146443 0.1485817 0.1259068 0.1147198 0.0420142 0.0000000 0.1143714 0.1204040 0.0406228 0.0399296 0.0301552 0.1203360 0.1472756 0.1549751 0.1542188 0.1650543 0.0381284 0.1299630 0.1061314 0.1297865 0.1452282 0.1503776 0.1589895 0.1211000 0.1144740 0.1163212 0.0357054 0.1245848 
Phalangeridae_Phalanger_orientalis           0.0616324 0.1050502 0.0670360 0.0915443 0.0910175 0.1109234 0.0230397 0.0120727 0.0884131 0.1064595 0.0142122 0.1235071 0.1143714 0.0000000 0.0703009 0.1215700 0.1255684 0.1319593 0.1044341 0.0848375 0.0996139 0.1265032 0.1358395 0.1214934 0.0757355 0.0813345 0.0766114 0.0843580 0.0950466 0.0920192 0.0714152 0.0073620 0.1037451 0.1225221 0.1067203 
Acrobatidae_Acrobates_pygmaeus               0.0754770 0.1148191 0.0817582 0.1114105 0.1088720 0.1224015 0.0667423 0.0605392 0.1077998 0.1232075 0.0700522 0.1392592 0.1204040 0.0703009 0.0000000 0.1378527 0.1434320 0.1399938 0.1160584 0.1026300 0.0976770 0.1418967 0.1517942 0.1355264 0.0846189 0.0930914 0.0762893 0.1023453 0.0950319 0.0949164 0.0416085 0.0703954 0.1184217 0.1391377 0.1207956 
Dasyuridae_Phascogale_calura                 0.1311838 0.1372182 0.1283639 0.1551184 0.1533814 0.0267245 0.1166526 0.1094997 0.1503394 0.1440491 0.1210004 0.0050954 0.0406228 0.1215700 0.1378527 0.0000000 0.0299558 0.0430459 0.1427903 0.1485475 0.1664844 0.1650494 0.1815689 0.0156417 0.1409942 0.1169381 0.1406024 0.1443110 0.1632834 0.1602406 0.1400067 0.1231575 0.1380152 0.0275454 0.1423617 
Dasyuridae_Sarcophilus_harrisii              0.1367650 0.1459614 0.1316792 0.1675196 0.1651829 0.0097189 0.1209606 0.1114152 0.1587706 0.1446366 0.1254021 0.0306083 0.0399296 0.1255684 0.1434320 0.0299558 0.0000000 0.0463669 0.1436337 0.1551056 0.1742507 0.1676169 0.1821611 0.0288296 0.1482419 0.1203158 0.1516731 0.1532629 0.1735042 0.1704871 0.1465751 0.1264643 0.1404462 0.0098668 0.1426125 
Dasyuridae_Planigale_tenuirostris            0.1392680 0.1414069 0.1333063 0.1661609 0.1629796 0.0437395 0.1229808 0.1194760 0.1636250 0.1496674 0.1296004 0.0433746 0.0301552 0.1319593 0.1399938 0.0430459 0.0463669 0.0000000 0.1482570 0.1605398 0.1766440 0.1800739 0.1920313 0.0426274 0.1467013 0.1178811 0.1530695 0.1536322 0.1700287 0.1725087 0.1427981 0.1327455 0.1421834 0.0458685 0.1487811 
Peramelidae_Echymipera_kalubu                0.1186102 0.1347071 0.1095460 0.1539002 0.1505485 0.1191425 0.0982556 0.0898587 0.1463911 0.0305228 0.1050537 0.1431264 0.1203360 0.1044341 0.1160584 0.1427903 0.1436337 0.1482570 0.0000000 0.1378216 0.1496060 0.1575590 0.1643212 0.1443840 0.1288497 0.1072951 0.1229333 0.1420871 0.1450056 0.1540518 0.1160396 0.1066081 0.0196560 0.1422190 0.0287315 
Macropodidae_Dorcopsulus_vanheurni           0.0940731 0.1310569 0.1013480 0.0508493 0.0478918 0.1421159 0.0842622 0.0817553 0.0438756 0.1428700 0.0839733 0.1505444 0.1472756 0.0848375 0.1026300 0.1485475 0.1551056 0.1605398 0.1378216 0.0000000 0.1309104 0.1632744 0.1752648 0.1488275 0.0683715 0.1081195 0.1061193 0.0198712 0.1245385 0.1282414 0.1021356 0.0829120 0.1372814 0.1522505 0.1397545 
Pseudochiridae_Pseudochirulus_forbesi        0.1001930 0.1496164 0.1118639 0.1326206 0.1325405 0.1566303 0.0941148 0.0919290 0.1289867 0.1561311 0.0968205 0.1679053 0.1549751 0.0996139 0.0976770 0.1664844 0.1742507 0.1766440 0.1496060 0.1309104 0.0000000 0.1713538 0.1810486 0.1629832 0.1108194 0.1164444 0.0688923 0.1297321 0.0464811 0.1102922 0.1009121 0.1013877 0.1500580 0.1677893 0.1543591 
Didelphidae_Didelphis_virginiana             0.1465759 0.1640713 0.1427500 0.1765509 0.1704624 0.1452788 0.1293314 0.1213733 0.1633515 0.1584762 0.1315924 0.1653060 0.1542188 0.1265032 0.1418967 0.1650494 0.1676169 0.1800739 0.1575590 0.1632744 0.1713538 0.0000000 0.0604477 0.1645909 0.1556711 0.1252305 0.1486283 0.1634435 0.1725086 0.1762606 0.1419233 0.1283100 0.1557485 0.1650645 0.1585875 
Marmosidae_Monodelphis_domestica             0.1512719 0.1667042 0.1517781 0.1814512 0.1765537 0.1560658 0.1377334 0.1248045 0.1747763 0.1642693 0.1389244 0.1833184 0.1650543 0.1358395 0.1517942 0.1815689 0.1821611 0.1920313 0.1643212 0.1752648 0.1810486 0.0604477 0.0000000 0.1815737 0.1638227 0.1368366 0.1534981 0.1728922 0.1790719 0.1871639 0.1500216 0.1412073 0.1624841 0.1789882 0.1639372 
Dasyuridae_Antechinus_stuartii               0.1317412 0.1329498 0.1275602 0.1571193 0.1553719 0.0248270 0.1180340 0.1083352 0.1536092 0.1451984 0.1218920 0.0163375 0.0381284 0.1214934 0.1355264 0.0156417 0.0288296 0.0426274 0.1443840 0.1488275 0.1629832 0.1645909 0.1815737 0.0000000 0.1426777 0.1177831 0.1410236 0.1444041 0.1621722 0.1593276 0.1391462 0.1231352 0.1402432 0.0268132 0.1433494 
Hypsiprymnodontidae_Hypsiprymnodon_moschatus 0.0818074 0.1247296 0.0918752 0.0759674 0.0741460 0.1296239 0.0739302 0.0702106 0.0693809 0.1334315 0.0781851 0.1440455 0.1299630 0.0757355 0.0846189 0.1409942 0.1482419 0.1467013 0.1288497 0.0683715 0.1108194 0.1556711 0.1638227 0.1426777 0.0000000 0.0968919 0.0921339 0.0656727 0.1060378 0.1179517 0.0874781 0.0753511 0.1276796 0.1449468 0.1311194 
Microbiotheriidae_Dromiciops_gliroides       0.0865080 0.1012798 0.0857330 0.1199828 0.1183853 0.1048143 0.0772594 0.0830225 0.1118235 0.1109388 0.0829679 0.1178687 0.1061314 0.0813345 0.0930914 0.1169381 0.1203158 0.1178811 0.1072951 0.1081195 0.1164444 0.1252305 0.1368366 0.1177831 0.0968919 0.0000000 0.0971011 0.1093225 0.1160494 0.1203866 0.0928475 0.0820779 0.1019270 0.1169109 0.1100219 
Pseudochiridae_Petauroides_volans            0.0802514 0.1263288 0.0891021 0.1109626 0.1079327 0.1291077 0.0733410 0.0648505 0.1053675 0.1303120 0.0757706 0.1404693 0.1297865 0.0766114 0.0762893 0.1406024 0.1516731 0.1530695 0.1229333 0.1061193 0.0688923 0.1486283 0.1534981 0.1410236 0.0921339 0.0971011 0.0000000 0.1042536 0.0582743 0.0851178 0.0746632 0.0779592 0.1252744 0.1461906 0.1299780 
Macropodidae_Wallabia_bicolor                0.0968230 0.1285244 0.1053622 0.0529904 0.0496217 0.1414770 0.0845973 0.0799154 0.0447234 0.1469683 0.0848718 0.1474342 0.1452282 0.0843580 0.1023453 0.1443110 0.1532629 0.1536322 0.1420871 0.0198712 0.1297321 0.1634435 0.1728922 0.1444041 0.0656727 0.1093225 0.1042536 0.0000000 0.1261589 0.1295058 0.1058706 0.0837732 0.1393170 0.1504448 0.1444275 
Pseudochiridae_Pseudocheirus_occidentalis    0.0914478 0.1483810 0.1102681 0.1270541 0.1248459 0.1534953 0.0899522 0.0864654 0.1237196 0.1491611 0.0915822 0.1657381 0.1503776 0.0950466 0.0950319 0.1632834 0.1735042 0.1700287 0.1450056 0.1245385 0.0464811 0.1725086 0.1790719 0.1621722 0.1060378 0.1160494 0.0582743 0.1261589 0.0000000 0.1000098 0.0934467 0.0978245 0.1413992 0.1709599 0.1504405 
Tarsipedidae_Tarsipes_rostratus              0.0973769 0.1465253 0.1112453 0.1387183 0.1375555 0.1564082 0.0946286 0.0921121 0.1298487 0.1561083 0.0917567 0.1625530 0.1589895 0.0920192 0.0949164 0.1602406 0.1704871 0.1725087 0.1540518 0.1282414 0.1102922 0.1762606 0.1871639 0.1593276 0.1179517 0.1203866 0.0851178 0.1295058 0.1000098 0.0000000 0.1015401 0.0941151 0.1493881 0.1645753 0.1572244 
Acrobatidae_Distoechurus_pennatus            0.0723646 0.1196572 0.0842100 0.1095846 0.1075516 0.1224487 0.0646863 0.0603120 0.1063129 0.1231316 0.0693270 0.1413433 0.1211000 0.0714152 0.0416085 0.1400067 0.1465751 0.1427981 0.1160396 0.1021356 0.1009121 0.1419233 0.1500216 0.1391462 0.0874781 0.0928475 0.0746632 0.1058706 0.0934467 0.1015401 0.0000000 0.0705557 0.1176953 0.1448957 0.1209712 
Phalangeridae_Phalanger_carmelitae           0.0633714 0.1063074 0.0679265 0.0904035 0.0903497 0.1111007 0.0239209 0.0110950 0.0864327 0.1091205 0.0148120 0.1250221 0.1144740 0.0073620 0.0703954 0.1231575 0.1264643 0.1327455 0.1066081 0.0829120 0.1013877 0.1283100 0.1412073 0.1231352 0.0753511 0.0820779 0.0779592 0.0837732 0.0978245 0.0941151 0.0705557 0.0000000 0.1070074 0.1234446 0.1088488 
Peramelidae_Peroryctes_raffrayana            0.1150357 0.1344543 0.1102244 0.1480776 0.1462874 0.1161280 0.0984741 0.0901872 0.1438241 0.0262934 0.1041702 0.1386684 0.1163212 0.1037451 0.1184217 0.1380152 0.1404462 0.1421834 0.0196560 0.1372814 0.1500580 0.1557485 0.1624841 0.1402432 0.1276796 0.1019270 0.1252744 0.1393170 0.1413992 0.1493881 0.1176953 0.1070074 0.0000000 0.1395262 0.0245187 
Dasyuridae_Dasyurus_geffroii                 0.1331040 0.1389542 0.1291067 0.1645621 0.1622491 0.0078301 0.1174940 0.1071964 0.1569876 0.1421063 0.1218658 0.0282031 0.0357054 0.1225221 0.1391377 0.0275454 0.0098668 0.0458685 0.1422190 0.1522505 0.1677893 0.1650645 0.1789882 0.0268132 0.1449468 0.1169109 0.1461906 0.1504448 0.1709599 0.1645753 0.1448957 0.1234446 0.1395262 0.0000000 0.1401419 
Peramelidae_Perameles_gunnii                 0.1215502 0.1334068 0.1118853 0.1531136 0.1508461 0.1195320 0.1017969 0.0938489 0.1462041 0.0029513 0.1068123 0.1426368 0.1245848 0.1067203 0.1207956 0.1423617 0.1426125 0.1487811 0.0287315 0.1397545 0.1543591 0.1585875 0.1639372 0.1433494 0.1311194 0.1100219 0.1299780 0.1444275 0.1504405 0.1572244 0.1209712 0.1088488 0.0245187 0.1401419 0.0000000 
