37
Burramyidae_Burramys_parvus                  0.0000000 0.1266963 0.0811913 0.0887720 0.0895681 0.1471011 0.0732722 0.0745882 0.0885081 0.1387019 0.0725847 0.1569945 0.1526363 0.0765369 0.0747095 0.1519520 0.1460741 0.1359235 0.1437623 0.0852487 0.0802915 0.1442801 0.1470123 0.0829472 0.0891221 0.0870479 0.0854576 0.0798120 0.1007432 0.0835014 0.0731654 0.1419972 0.1533133 0.1392562 0.1178926 0.1074018 0.1074018 
Notoryctidae_Notoryctes_typhlops             0.1266963 0.0000000 0.1239736 0.1309232 0.1321832 0.1596984 0.1270969 0.1280383 0.1312384 0.1507265 0.1249566 0.1666404 0.1675516 0.1284362 0.1249281 0.1707428 0.1603457 0.1579764 0.1544370 0.1305923 0.1386838 0.1697228 0.1604334 0.1258813 0.1116277 0.1455789 0.1302182 0.1357387 0.1261144 0.1339544 0.1263282 0.1465724 0.1705757 0.1525710 0.1353860 0.0907340 0.0907340 
Vombatidae_Lasiorhinus_latifrons             0.0811913 0.1239736 0.0000000 0.0950160 0.0955144 0.1397916 0.0811612 0.0839477 0.0946025 0.1273472 0.0836833 0.1486557 0.1414575 0.0867860 0.0841406 0.1468736 0.1411211 0.1338915 0.1312059 0.0889227 0.0890025 0.1522212 0.1414603 0.0937799 0.0809839 0.0944716 0.0892907 0.0853124 0.1024837 0.0910745 0.0845568 0.1355412 0.1463847 0.1302539 0.1142182 0.0873859 0.0873859 
Potoroidae_Bettongia_penicillata             0.0887720 0.1309232 0.0950160 0.0000000 0.0057996 0.1608479 0.0926178 0.0917579 0.0189439 0.1421066 0.0874753 0.1636623 0.1586110 0.0929483 0.0834517 0.1633046 0.1616271 0.1576899 0.1439050 0.0353142 0.0963259 0.1503229 0.1546189 0.0546367 0.0933227 0.1006550 0.0323610 0.0913756 0.1034693 0.0921132 0.0895626 0.1475268 0.1693843 0.1449644 0.1252088 0.0995726 0.0995726 
Potoroidae_Bettongia_lesueur                 0.0895681 0.1321832 0.0955144 0.0057996 0.0000000 0.1600147 0.0919441 0.0921794 0.0195395 0.1440902 0.0878949 0.1644493 0.1606565 0.0926501 0.0841801 0.1640986 0.1606033 0.1588235 0.1453312 0.0357188 0.0972031 0.1489672 0.1557176 0.0553262 0.0930238 0.1015493 0.0333654 0.0914617 0.1051189 0.0937061 0.0892633 0.1494621 0.1686018 0.1463874 0.1267633 0.1022624 0.1022624 
Dasyuridae_Dasyurus_maculatus                0.1471011 0.1596984 0.1397916 0.1608479 0.1600147 0.0000000 0.1460309 0.1470968 0.1596723 0.1714991 0.1457962 0.0307485 0.0424137 0.1494046 0.1461390 0.0327435 0.0077947 0.0369652 0.1721463 0.1573810 0.1584896 0.1818869 0.0270657 0.1496410 0.1266613 0.1679222 0.1573980 0.1569022 0.1590891 0.1572385 0.1435241 0.1680813 0.0086980 0.1745364 0.1385118 0.0825313 0.0825313 
Phalangeridae_Trichosurus_vulpecula          0.0732722 0.1270969 0.0811612 0.0926178 0.0919441 0.1460309 0.0000000 0.0346288 0.0885254 0.1381500 0.0340937 0.1542531 0.1515739 0.0354345 0.0774708 0.1506922 0.1430187 0.1425843 0.1431682 0.0884550 0.0794428 0.1600951 0.1462815 0.0849975 0.0827480 0.0836943 0.0893006 0.0740868 0.0911267 0.0830581 0.0314451 0.1421501 0.1483669 0.1423268 0.1257741 0.1008801 0.1008801 
Phalangeridae_Spilocuscus_maculatus          0.0745882 0.1280383 0.0839477 0.0917579 0.0921794 0.1470968 0.0346288 0.0000000 0.0893347 0.1415091 0.0208374 0.1552371 0.1552023 0.0202223 0.0817076 0.1527735 0.1429131 0.1455155 0.1445460 0.0901324 0.0813076 0.1629771 0.1463406 0.0870450 0.0891768 0.0870173 0.0902414 0.0779732 0.0923110 0.0822302 0.0170283 0.1457814 0.1515682 0.1441431 0.1303939 0.1071930 0.1071930 
Potoroidae_Aepyprymnus_rufescens             0.0885081 0.1312384 0.0946025 0.0189439 0.0195395 0.1596723 0.0885254 0.0893347 0.0000000 0.1448601 0.0844273 0.1644114 0.1585281 0.0896226 0.0829946 0.1630258 0.1594233 0.1540687 0.1459089 0.0352581 0.0940101 0.1511264 0.1535053 0.0522899 0.0949151 0.0951291 0.0338619 0.0890781 0.1050712 0.0911466 0.0869419 0.1491556 0.1657454 0.1474428 0.1248894 0.1036711 0.1036711 
Peramelidae_Perameles_nasuta                 0.1387019 0.1507265 0.1273472 0.1421066 0.1440902 0.1714991 0.1381500 0.1415091 0.1448601 0.0000000 0.1386219 0.1840270 0.1739506 0.1431835 0.1383652 0.1849912 0.1785072 0.1723982 0.0251712 0.1431977 0.1462109 0.1768244 0.1779307 0.1400501 0.1152905 0.1520201 0.1400589 0.1412684 0.1435846 0.1448400 0.1398691 0.0222848 0.1801561 0.0033156 0.1360235 0.0853587 0.0853587 
Phalangeridae_Strigocuscus_pelengensis       0.0725847 0.1249566 0.0836833 0.0874753 0.0878949 0.1457962 0.0340937 0.0208374 0.0844273 0.1386219 0.0000000 0.1519648 0.1535168 0.0180422 0.0761226 0.1505031 0.1479308 0.1460514 0.1425330 0.0847996 0.0793634 0.1646574 0.1488835 0.0830251 0.0840957 0.0845248 0.0844038 0.0772207 0.0890496 0.0804371 0.0159486 0.1432367 0.1508179 0.1419340 0.1272045 0.0915029 0.0915029 
Dasyuridae_Phascogale_tapoatafa              0.1569945 0.1666404 0.1486557 0.1636623 0.1644493 0.0307485 0.1542531 0.1552371 0.1644114 0.1840270 0.1519648 0.0000000 0.0457706 0.1577664 0.1559538 0.0078103 0.0318935 0.0425237 0.1863108 0.1630817 0.1627904 0.1960965 0.0152522 0.1569819 0.1366926 0.1754892 0.1635346 0.1618824 0.1621036 0.1639299 0.1532648 0.1800686 0.0345730 0.1856000 0.1503082 0.0780131 0.0780131 
Dasyuridae_Sminthopsis_macroura              0.1526363 0.1675516 0.1414575 0.1586110 0.1606565 0.0424137 0.1515739 0.1552023 0.1585281 0.1739506 0.1535168 0.0457706 0.0000000 0.1552234 0.1499000 0.0450848 0.0383017 0.0274518 0.1767278 0.1577556 0.1594049 0.1879607 0.0380371 0.1528680 0.1331277 0.1684803 0.1587732 0.1565158 0.1621043 0.1547361 0.1524494 0.1728556 0.0475197 0.1755217 0.1479528 0.0710653 0.0710653 
Phalangeridae_Phalanger_orientalis           0.0765369 0.1284362 0.0867860 0.0929483 0.0926501 0.1494046 0.0354345 0.0202223 0.0896226 0.1431835 0.0180422 0.1577664 0.1552234 0.0000000 0.0816688 0.1553022 0.1476665 0.1471061 0.1465115 0.0897401 0.0800441 0.1644445 0.1489831 0.0843774 0.0862897 0.0854770 0.0905983 0.0779048 0.0949388 0.0846636 0.0079708 0.1469640 0.1538614 0.1469154 0.1309777 0.1030771 0.1030771 
Acrobatidae_Acrobates_pygmaeus               0.0747095 0.1249281 0.0841406 0.0834517 0.0841801 0.1461390 0.0774708 0.0817076 0.0829946 0.1383652 0.0761226 0.1559538 0.1499000 0.0816688 0.0000000 0.1543915 0.1503126 0.1474097 0.1380765 0.0840384 0.0706213 0.1466746 0.1513134 0.0804534 0.0839756 0.0761366 0.0826795 0.0655180 0.0853407 0.0498310 0.0780473 0.1390585 0.1531139 0.1398471 0.1148957 0.0754323 0.0754323 
Dasyuridae_Phascogale_calura                 0.1519520 0.1707428 0.1468736 0.1633046 0.1640986 0.0327435 0.1506922 0.1527735 0.1630258 0.1849912 0.1505031 0.0078103 0.0450848 0.1553022 0.1543915 0.0000000 0.0330028 0.0434000 0.1882043 0.1616810 0.1598309 0.1978868 0.0162632 0.1570069 0.1389455 0.1729363 0.1627075 0.1594322 0.1606416 0.1611454 0.1507928 0.1833698 0.0351507 0.1869769 0.1495035 0.0813153 0.0813153 
Dasyuridae_Sarcophilus_harrisii              0.1460741 0.1603457 0.1411211 0.1616271 0.1606033 0.0077947 0.1430187 0.1429131 0.1594233 0.1785072 0.1479308 0.0318935 0.0383017 0.1476665 0.1503126 0.0330028 0.0000000 0.0352270 0.1805694 0.1583599 0.1591510 0.1872643 0.0281595 0.1519855 0.1302006 0.1716078 0.1588747 0.1580146 0.1533772 0.1588199 0.1423251 0.1744945 0.0112823 0.1809474 0.1294718 9.0000000 9.0000000 
Dasyuridae_Planigale_tenuirostris            0.1359235 0.1579764 0.1338915 0.1576899 0.1588235 0.0369652 0.1425843 0.1455155 0.1540687 0.1723982 0.1460514 0.0425237 0.0274518 0.1471061 0.1474097 0.0434000 0.0352270 0.0000000 0.1783330 0.1511927 0.1513029 0.1875716 0.0374575 0.1498300 0.1310366 0.1617966 0.1544976 0.1480520 0.1435929 0.1519079 0.1442835 0.1704770 0.0409383 0.1762710 0.1257920 9.0000000 9.0000000 
Peramelidae_Echymipera_kalubu                0.1437623 0.1544370 0.1312059 0.1439050 0.1453312 0.1721463 0.1431682 0.1445460 0.1459089 0.0251712 0.1425330 0.1863108 0.1767278 0.1465115 0.1380765 0.1882043 0.1805694 0.1783330 0.0000000 0.1441723 0.1499290 0.1839608 0.1798440 0.1410792 0.1172922 0.1548870 0.1408391 0.1444013 0.1444136 0.1468880 0.1423962 0.0199559 0.1814452 0.0249193 0.1408632 0.0785290 0.0785290 
Macropodidae_Dorcopsulus_vanheurni           0.0852487 0.1305923 0.0889227 0.0353142 0.0357188 0.1573810 0.0884550 0.0901324 0.0352581 0.1431977 0.0847996 0.1630817 0.1577556 0.0897401 0.0840384 0.1616810 0.1583599 0.1511927 0.1441723 0.0000000 0.0913579 0.1528500 0.1523185 0.0563342 0.0899482 0.0955013 0.0147644 0.0867733 0.1059306 0.0925570 0.0867605 0.1447607 0.1664246 0.1461732 0.1241386 0.0972518 0.0972518 
Pseudochiridae_Pseudochirulus_forbesi        0.0802915 0.1386838 0.0890025 0.0963259 0.0972031 0.1584896 0.0794428 0.0813076 0.0940101 0.1462109 0.0793634 0.1627904 0.1594049 0.0800441 0.0706213 0.1598309 0.1591510 0.1513029 0.1499290 0.0913579 0.0000000 0.1607244 0.1574937 0.0908642 0.0888620 0.0530817 0.0902498 0.0242894 0.0854811 0.0746513 0.0778249 0.1509513 0.1651114 0.1485836 0.1248083 0.0910155 0.0910155 
Marmosidae_Monodelphis_domestica             0.1442801 0.1697228 0.1522212 0.1503229 0.1489672 0.1818869 0.1600951 0.1629771 0.1511264 0.1768244 0.1646574 0.1960965 0.1879607 0.1644445 0.1466746 0.1978868 0.1872643 0.1875716 0.1839608 0.1528500 0.1607244 0.0000000 0.1938672 0.1593307 0.1296684 0.1763336 0.1549102 0.1562342 0.1706984 0.1600391 0.1606565 0.1880107 0.1882560 0.1843783 0.0400956 9.0000000 9.0000000 
Dasyuridae_Antechinus_stuartii               0.1470123 0.1604334 0.1414603 0.1546189 0.1557176 0.0270657 0.1462815 0.1463406 0.1535053 0.1779307 0.1488835 0.0152522 0.0380371 0.1489831 0.1513134 0.0162632 0.0281595 0.0374575 0.1798440 0.1523185 0.1574937 0.1938672 0.0000000 0.1489557 0.1288871 0.1713847 0.1542809 0.1566907 0.1473313 0.1587028 0.1452416 0.1737251 0.0315205 0.1806817 0.1367459 9.0000000 9.0000000 
Hypsiprymnodontidae_Hypsiprymnodon_moschatus 0.0829472 0.1258813 0.0937799 0.0546367 0.0553262 0.1496410 0.0849975 0.0870450 0.0522899 0.1400501 0.0830251 0.1569819 0.1528680 0.0843774 0.0804534 0.1570069 0.1519855 0.1498300 0.1410792 0.0563342 0.0908642 0.1593307 0.1489557 0.0000000 0.0900404 0.0936617 0.0561800 0.0867694 0.1034011 0.0877338 0.0838118 0.1411442 0.1572284 0.1409670 0.1226392 0.0952809 0.0952809 
Microbiotheriidae_Dromiciops_gliroides       0.0891221 0.1116277 0.0809839 0.0933227 0.0930238 0.1266613 0.0827480 0.0891768 0.0949151 0.1152905 0.0840957 0.1366926 0.1331277 0.0862897 0.0839756 0.1389455 0.1302006 0.1310366 0.1172922 0.0899482 0.0888620 0.1296684 0.1288871 0.0900404 0.0000000 0.0977105 0.0892411 0.0869197 0.1054835 0.0901861 0.0846611 0.1197840 0.1362658 0.1177082 0.0962070 0.0637852 0.0637852 
Pseudochiridae_Petauroides_volans            0.0870479 0.1455789 0.0944716 0.1006550 0.1015493 0.1679222 0.0836943 0.0870173 0.0951291 0.1520201 0.0845248 0.1754892 0.1684803 0.0854770 0.0761366 0.1729363 0.1716078 0.1617966 0.1548870 0.0955013 0.0530817 0.1763336 0.1713847 0.0936617 0.0977105 0.0000000 0.0952082 0.0514221 0.0821643 0.0810808 0.0841355 0.1577902 0.1744092 0.1551032 0.1348552 0.0763269 0.0763269 
Macropodidae_Wallabia_bicolor                0.0854576 0.1302182 0.0892907 0.0323610 0.0333654 0.1573980 0.0893006 0.0902414 0.0338619 0.1400589 0.0844038 0.1635346 0.1587732 0.0905983 0.0826795 0.1627075 0.1588747 0.1544976 0.1408391 0.0147644 0.0902498 0.1549102 0.1542809 0.0561800 0.0892411 0.0952082 0.0000000 0.0851786 0.1070052 0.0928923 0.0872137 0.1449889 0.1658592 0.1432948 0.1272593 0.0977294 0.0977294 
Pseudochiridae_Pseudocheirus_occidentalis    0.0798120 0.1357387 0.0853124 0.0913756 0.0914617 0.1569022 0.0740868 0.0779732 0.0890781 0.1412684 0.0772207 0.1618824 0.1565158 0.0779048 0.0655180 0.1594322 0.1580146 0.1480520 0.1444013 0.0867733 0.0242894 0.1562342 0.1566907 0.0867694 0.0869197 0.0514221 0.0851786 0.0000000 0.0800316 0.0712230 0.0757002 0.1456340 0.1619685 0.1444099 0.1204724 0.0888777 0.0888777 
Tarsipedidae_Tarsipes_rostratus              0.1007432 0.1261144 0.1024837 0.1034693 0.1051189 0.1590891 0.0911267 0.0923110 0.1050712 0.1435846 0.0890496 0.1621036 0.1621043 0.0949388 0.0853407 0.1606416 0.1533772 0.1435929 0.1444136 0.1059306 0.0854811 0.1706984 0.1473313 0.1034011 0.1054835 0.0821643 0.1070052 0.0800316 0.0000000 0.0902944 0.0927568 0.1389241 0.1654924 0.1427754 0.1038985 0.1179378 0.1179378 
Acrobatidae_Distoechurus_pennatus            0.0835014 0.1339544 0.0910745 0.0921132 0.0937061 0.1572385 0.0830581 0.0822302 0.0911466 0.1448400 0.0804371 0.1639299 0.1547361 0.0846636 0.0498310 0.1611454 0.1588199 0.1519079 0.1468880 0.0925570 0.0746513 0.1600391 0.1587028 0.0877338 0.0901861 0.0810808 0.0928923 0.0712230 0.0902944 0.0000000 0.0819030 0.1454915 0.1648959 0.1465250 0.1250727 0.0891486 0.0891486 
Phalangeridae_Phalanger_carmelitae           0.0731654 0.1263282 0.0845568 0.0895626 0.0892633 0.1435241 0.0314451 0.0170283 0.0869419 0.1398691 0.0159486 0.1532648 0.1524494 0.0079708 0.0780473 0.1507928 0.1423251 0.1442835 0.1423962 0.0867605 0.0778249 0.1606565 0.1452416 0.0838118 0.0846611 0.0841355 0.0872137 0.0757002 0.0927568 0.0819030 0.0000000 0.1421836 0.1480371 0.1428987 0.1285237 0.1028314 0.1028314 
Peramelidae_Peroryctes_raffrayana            0.1419972 0.1465724 0.1355412 0.1475268 0.1494621 0.1680813 0.1421501 0.1457814 0.1491556 0.0222848 0.1432367 0.1800686 0.1728556 0.1469640 0.1390585 0.1833698 0.1744945 0.1704770 0.0199559 0.1447607 0.1509513 0.1880107 0.1737251 0.1411442 0.1197840 0.1577902 0.1449889 0.1456340 0.1389241 0.1454915 0.1421836 0.0000000 0.1787203 0.0232396 0.1385204 0.0822101 0.0822101 
Dasyuridae_Dasyurus_geffroii                 0.1533133 0.1705757 0.1463847 0.1693843 0.1686018 0.0086980 0.1483669 0.1515682 0.1657454 0.1801561 0.1508179 0.0345730 0.0475197 0.1538614 0.1531139 0.0351507 0.0112823 0.0409383 0.1814452 0.1664246 0.1651114 0.1882560 0.0315205 0.1572284 0.1362658 0.1744092 0.1658592 0.1619685 0.1654924 0.1648959 0.1480371 0.1787203 0.0000000 0.1826194 0.1503147 0.0805685 0.0805685 
Peramelidae_Perameles_gunnii                 0.1392562 0.1525710 0.1302539 0.1449644 0.1463874 0.1745364 0.1423268 0.1441431 0.1474428 0.0033156 0.1419340 0.1856000 0.1755217 0.1469154 0.1398471 0.1869769 0.1809474 0.1762710 0.0249193 0.1461732 0.1485836 0.1843783 0.1806817 0.1409670 0.1177082 0.1551032 0.1432948 0.1444099 0.1427754 0.1465250 0.1428987 0.0232396 0.1826194 0.0000000 0.1400315 0.0819323 0.0819323 
Didelphidae_Didelphis_virginiana             0.1178926 0.1353860 0.1142182 0.1252088 0.1267633 0.1385118 0.1257741 0.1303939 0.1248894 0.1360235 0.1272045 0.1503082 0.1479528 0.1309777 0.1148957 0.1495035 0.1294718 0.1257920 0.1408632 0.1241386 0.1248083 0.0400956 0.1367459 0.1226392 0.0962070 0.1348552 0.1272593 0.1204724 0.1038985 0.1250727 0.1285237 0.1385204 0.1503147 0.1400315 0.0000000 0.0851748 0.0851748 
Myrmecobiidae_Myrmecobius_fasciatus1         0.1074018 0.0907340 0.0873859 0.0995726 0.1022624 0.0825313 0.1008801 0.1071930 0.1036711 0.0853587 0.0915029 0.0780131 0.0710653 0.1030771 0.0754323 0.0813153 9.0000000 9.0000000 0.0785290 0.0972518 0.0910155 9.0000000 9.0000000 0.0952809 0.0637852 0.0763269 0.0977294 0.0888777 0.1179378 0.0891486 0.1028314 0.0822101 0.0805685 0.0819323 0.0851748 0.0000000 0.0000010 
Myrmecobiidae_Myrmecobius_fasciatus2         0.1074018 0.0907340 0.0873859 0.0995726 0.1022624 0.0825313 0.1008801 0.1071930 0.1036711 0.0853587 0.0915029 0.0780131 0.0710653 0.1030771 0.0754323 0.0813153 9.0000000 9.0000000 0.0785290 0.0972518 0.0910155 9.0000000 9.0000000 0.0952809 0.0637852 0.0763269 0.0977294 0.0888777 0.1179378 0.0891486 0.1028314 0.0822101 0.0805685 0.0819323 0.0851748 0.0000010 0.0000000 
