35
Burramyidae_Burramys_parvus                  0.0000000 0.0645376 0.0557843 0.0481850 0.0496270 0.0683849 0.0387322 0.0363193 0.0503767 0.0734530 0.0398553 0.0689851 0.0760954 0.0427457 0.0449641 0.0685012 0.0665327 0.0675703 0.0705978 0.0507319 0.0438998 0.0853016 0.0884546 0.0704500 0.0535240 0.0672947 0.0471780 0.0516544 0.0443461 0.0590114 0.0466577 0.0395238 0.0709655 0.0682290 0.0735073 
Notoryctidae_Notoryctes_typhlops             0.0645376 0.0000000 0.1105292 0.1094539 0.1157664 0.1135548 0.0964811 0.0962293 0.1210332 0.1096179 0.0947225 0.1075051 0.1129817 0.0982279 0.1053629 0.1063700 0.1104633 0.1122247 0.1057680 0.1078107 0.0992222 0.1323456 0.1459256 0.1072028 0.1223192 0.0988821 0.1052154 0.1134441 0.1021224 0.1400413 0.0825131 0.0973958 0.1120904 0.1140580 0.1118107 
Vombatidae_Lasiorhinus_latifrons             0.0557843 0.1105292 0.0000000 0.0931440 0.0983306 0.1042039 0.0747249 0.0745631 0.1026548 0.1112861 0.0783372 0.1032343 0.1125074 0.0815168 0.0872816 0.1023269 0.1046139 0.1096399 0.1069009 0.0923832 0.0825979 0.1285354 0.1330693 0.1056905 0.0992598 0.0960321 0.0852544 0.0937327 0.0805393 0.1160705 0.0679956 0.0804478 0.1084057 0.1077877 0.1134422 
Potoroidae_Bettongia_penicillata             0.0481850 0.1094539 0.0931440 0.0000000 0.0055152 0.1036351 0.0652635 0.0624030 0.0155149 0.1179877 0.0650017 0.1011322 0.1119564 0.0668029 0.0730065 0.1011246 0.1011203 0.1064673 0.1114546 0.0213443 0.0716593 0.1327317 0.1470053 0.1032166 0.0506144 0.0978346 0.0791645 0.0222442 0.0702496 0.1055809 0.0562650 0.0671519 0.1148396 0.1044333 0.1218218 
Potoroidae_Bettongia_lesueur                 0.0496270 0.1157664 0.0983306 0.0055152 0.0000000 0.1085384 0.0690381 0.0665927 0.0184838 0.1222420 0.0686168 0.1051490 0.1161633 0.0698690 0.0772954 0.1051643 0.1059910 0.1102561 0.1158922 0.0243933 0.0747768 0.1364494 0.1518950 0.1067418 0.0528005 0.1010699 0.0837252 0.0238131 0.0742041 0.1102274 0.0586859 0.0713612 0.1164353 0.1093640 0.1261212 
Dasyuridae_Dasyurus_maculatus                0.0683849 0.1135548 0.1042039 0.1036351 0.1085384 0.0000000 0.0854720 0.0860077 0.1158769 0.1134330 0.0899684 0.0260202 0.0317641 0.0942435 0.1000832 0.0256416 0.0090012 0.0261398 0.1052730 0.1033385 0.0929715 0.1286117 0.1322364 0.0231668 0.1148191 0.0997848 0.0968443 0.1062013 0.0949376 0.1299668 0.0722420 0.0914534 0.1061641 0.0086607 0.1155038 
Phalangeridae_Trichosurus_vulpecula          0.0387322 0.0964811 0.0747249 0.0652635 0.0690381 0.0854720 0.0000000 0.0167356 0.0738928 0.1106623 0.0202470 0.0825444 0.0934998 0.0207802 0.0559486 0.0840187 0.0843090 0.0857021 0.0997223 0.0619700 0.0550624 0.1136361 0.1205413 0.0880655 0.0682658 0.0823876 0.0606488 0.0629448 0.0559246 0.0880109 0.0449969 0.0198384 0.1030617 0.0855534 0.1114955 
Phalangeridae_Spilocuscus_maculatus          0.0363193 0.0962293 0.0745631 0.0624030 0.0665927 0.0860077 0.0167356 0.0000000 0.0687439 0.1085027 0.0079559 0.0792414 0.0925841 0.0096189 0.0529133 0.0807084 0.0825280 0.0824122 0.0997609 0.0578118 0.0517622 0.1091074 0.1187826 0.0852209 0.0663116 0.0803784 0.0559639 0.0609367 0.0542797 0.0847160 0.0421049 0.0083723 0.1025449 0.0860913 0.1104645 
Potoroidae_Aepyprymnus_rufescens             0.0503767 0.1210332 0.1026548 0.0155149 0.0184838 0.1158769 0.0738928 0.0687439 0.0000000 0.1255235 0.0734666 0.1117474 0.1235470 0.0740689 0.0806533 0.1127186 0.1143394 0.1177230 0.1200673 0.0294372 0.0799077 0.1430503 0.1537126 0.1143158 0.0584610 0.1071098 0.0886407 0.0296180 0.0758754 0.1107447 0.0618208 0.0744243 0.1256986 0.1173711 0.1305828 
Peramelidae_Perameles_nasuta                 0.0734530 0.1096179 0.1112861 0.1179877 0.1222420 0.1134330 0.1106623 0.1085027 0.1255235 0.0000000 0.1156443 0.1140910 0.1175529 0.1166562 0.1216823 0.1149220 0.1133998 0.1183500 0.0261364 0.1147114 0.1124584 0.1481964 0.1571483 0.1136622 0.1271439 0.1106446 0.1190819 0.1183491 0.1121372 0.1520385 0.0823395 0.1144414 0.0266132 0.1164383 0.0054049 
Phalangeridae_Strigocuscus_pelengensis       0.0398553 0.0947225 0.0783372 0.0650017 0.0686168 0.0899684 0.0202470 0.0079559 0.0734666 0.1156443 0.0000000 0.0830922 0.0944184 0.0114382 0.0559054 0.0835851 0.0861527 0.0874566 0.1042462 0.0616708 0.0539283 0.1104023 0.1219744 0.0883929 0.0677220 0.0850632 0.0584974 0.0641766 0.0557225 0.0874466 0.0483378 0.0102663 0.1077117 0.0895588 0.1153295 
Dasyuridae_Phascogale_tapoatafa              0.0689851 0.1075051 0.1032343 0.1011322 0.1051490 0.0260202 0.0825444 0.0792414 0.1117474 0.1140910 0.0830922 0.0000000 0.0335031 0.0864104 0.0956317 0.0044868 0.0236593 0.0298320 0.1072837 0.1003663 0.0892299 0.1239040 0.1311596 0.0134418 0.1072305 0.1003398 0.0942996 0.1029830 0.0905342 0.1271751 0.0695099 0.0851016 0.1064962 0.0255812 0.1163010 
Dasyuridae_Sminthopsis_macroura              0.0760954 0.1129817 0.1125074 0.1119564 0.1161633 0.0317641 0.0934998 0.0925841 0.1235470 0.1175529 0.0944184 0.0335031 0.0000000 0.0977536 0.1071715 0.0337011 0.0298102 0.0223703 0.1125502 0.1088133 0.0966629 0.1298060 0.1322741 0.0294525 0.1212174 0.1045378 0.1025730 0.1106279 0.0964544 0.1370065 0.0739743 0.0986099 0.1112842 0.0322437 0.1218805 
Phalangeridae_Phalanger_orientalis           0.0427457 0.0982279 0.0815168 0.0668029 0.0698690 0.0942435 0.0207802 0.0096189 0.0740689 0.1166562 0.0114382 0.0864104 0.0977536 0.0000000 0.0576365 0.0880027 0.0899920 0.0908277 0.1065978 0.0620356 0.0561295 0.1098327 0.1243403 0.0906851 0.0683020 0.0871535 0.0595013 0.0644097 0.0569934 0.0899513 0.0481165 0.0054554 0.1089293 0.0943539 0.1186225 
Acrobatidae_Acrobates_pygmaeus               0.0449641 0.1053629 0.0872816 0.0730065 0.0772954 0.1000832 0.0559486 0.0529133 0.0806533 0.1216823 0.0559054 0.0956317 0.1071715 0.0576365 0.0000000 0.0956029 0.0979418 0.0962167 0.1120206 0.0679549 0.0544210 0.1216530 0.1319723 0.0987504 0.0778394 0.0896268 0.0571595 0.0722869 0.0552881 0.0923817 0.0366248 0.0559733 0.1171577 0.1006894 0.1233821 
Dasyuridae_Phascogale_calura                 0.0685012 0.1063700 0.1023269 0.1011246 0.1051643 0.0256416 0.0840187 0.0807084 0.1127186 0.1149220 0.0835851 0.0044868 0.0337011 0.0880027 0.0956029 0.0000000 0.0232822 0.0293680 0.1075203 0.0990974 0.0879359 0.1222832 0.1308544 0.0123779 0.1056728 0.0999596 0.0939032 0.1018293 0.0896273 0.1274693 0.0695981 0.0865894 0.1076601 0.0259427 0.1169162 
Dasyuridae_Sarcophilus_harrisii              0.0665327 0.1104633 0.1046139 0.1011203 0.1059910 0.0090012 0.0843090 0.0825280 0.1143394 0.1133998 0.0861527 0.0236593 0.0298102 0.0899920 0.0979418 0.0232822 0.0000000 0.0241037 0.1052147 0.1008032 0.0905608 0.1253031 0.1297775 0.0220157 0.1122594 0.0964396 0.0939262 0.1041260 0.0924132 0.1244691 0.0712380 0.0888828 0.1056331 0.0093969 0.1154738 
Dasyuridae_Planigale_tenuirostris            0.0675703 0.1122247 0.1096399 0.1064673 0.1102561 0.0261398 0.0857021 0.0824122 0.1177230 0.1183500 0.0874566 0.0298320 0.0223703 0.0908277 0.0962167 0.0293680 0.0241037 0.0000000 0.1136734 0.1063673 0.0866907 0.1254984 0.1277518 0.0273179 0.1102880 0.0973985 0.0905919 0.1060266 0.0921019 0.1234952 0.0707713 0.0902406 0.1109897 0.0271290 0.1209002 
Peramelidae_Echymipera_kalubu                0.0705978 0.1057680 0.1069009 0.1114546 0.1158922 0.1052730 0.0997223 0.0997609 0.1200673 0.0261364 0.1042462 0.1072837 0.1125502 0.1065978 0.1120206 0.1075203 0.1052147 0.1136734 0.0000000 0.1111522 0.1079011 0.1372478 0.1468943 0.1071793 0.1208484 0.1091810 0.1129329 0.1136278 0.1053909 0.1435842 0.0805366 0.1052898 0.0227453 0.1100457 0.0281722 
Macropodidae_Dorcopsulus_vanheurni           0.0507319 0.1078107 0.0923832 0.0213443 0.0243933 0.1033385 0.0619700 0.0578118 0.0294372 0.1147114 0.0616708 0.1003663 0.1088133 0.0620356 0.0679549 0.0990974 0.1008032 0.1063673 0.1111522 0.0000000 0.0689271 0.1302755 0.1436154 0.1015498 0.0465745 0.0983193 0.0759698 0.0132410 0.0679691 0.1037422 0.0549520 0.0627664 0.1117740 0.1037195 0.1175301 
Pseudochiridae_Pseudochirulus_forbesi        0.0438998 0.0992222 0.0825979 0.0716593 0.0747768 0.0929715 0.0550624 0.0517622 0.0799077 0.1124584 0.0539283 0.0892299 0.0966629 0.0561295 0.0544210 0.0879359 0.0905608 0.0866907 0.1079011 0.0689271 0.0000000 0.1214071 0.1318683 0.0912248 0.0769454 0.0838394 0.0309759 0.0712907 0.0158450 0.0812499 0.0449160 0.0566220 0.1091530 0.0932542 0.1155039 
Didelphidae_Didelphis_virginiana             0.0853016 0.1323456 0.1285354 0.1327317 0.1364494 0.1286117 0.1136361 0.1091074 0.1430503 0.1481964 0.1104023 0.1239040 0.1298060 0.1098327 0.1216530 0.1222832 0.1253031 0.1254984 0.1372478 0.1302755 0.1214071 0.0000000 0.0600420 0.1297223 0.1386503 0.1206026 0.1202675 0.1347221 0.1153362 0.1560801 0.0930531 0.1138912 0.1403592 0.1282642 0.1487669 
Marmosidae_Monodelphis_domestica             0.0884546 0.1459256 0.1330693 0.1470053 0.1518950 0.1322364 0.1205413 0.1187826 0.1537126 0.1571483 0.1219744 0.1311596 0.1322741 0.1243403 0.1319723 0.1308544 0.1297775 0.1277518 0.1468943 0.1436154 0.1318683 0.0600420 0.0000000 0.1341638 0.1471504 0.1183572 0.1318737 0.1476660 0.1261975 0.1591162 0.0976690 0.1256389 0.1517183 0.1320697 0.1574191 
Dasyuridae_Antechinus_stuartii               0.0704500 0.1072028 0.1056905 0.1032166 0.1067418 0.0231668 0.0880655 0.0852209 0.1143158 0.1136622 0.0883929 0.0134418 0.0294525 0.0906851 0.0987504 0.0123779 0.0220157 0.0273179 0.1071793 0.1015498 0.0912248 0.1297223 0.1341638 0.0000000 0.1105034 0.1018996 0.0988881 0.1058187 0.0933118 0.1298074 0.0701109 0.0906049 0.1069722 0.0247041 0.1179606 
Hypsiprymnodontidae_Hypsiprymnodon_moschatus 0.0535240 0.1223192 0.0992598 0.0506144 0.0528005 0.1148191 0.0682658 0.0663116 0.0584610 0.1271439 0.0677220 0.1072305 0.1212174 0.0683020 0.0778394 0.1056728 0.1122594 0.1102880 0.1208484 0.0465745 0.0769454 0.1386503 0.1471504 0.1105034 0.0000000 0.1084424 0.0829343 0.0492415 0.0756297 0.1027369 0.0548898 0.0708511 0.1237148 0.1152599 0.1301814 
Microbiotheriidae_Dromiciops_gliroides       0.0672947 0.0988821 0.0960321 0.0978346 0.1010699 0.0997848 0.0823876 0.0803784 0.1071098 0.1106446 0.0850632 0.1003398 0.1045378 0.0871535 0.0896268 0.0999596 0.0964396 0.0973985 0.1091810 0.0983193 0.0838394 0.1206026 0.1183572 0.1018996 0.1084424 0.0000000 0.0863859 0.0988674 0.0847215 0.1182247 0.0660753 0.0840416 0.1126142 0.0997106 0.1141417 
Pseudochiridae_Petauroides_volans            0.0471780 0.1052154 0.0852544 0.0791645 0.0837252 0.0968443 0.0606488 0.0559639 0.0886407 0.1190819 0.0584974 0.0942996 0.1025730 0.0595013 0.0571595 0.0939032 0.0939262 0.0905919 0.1129329 0.0759698 0.0309759 0.1202675 0.1318737 0.0988881 0.0829343 0.0863859 0.0000000 0.0780949 0.0311259 0.0847112 0.0431155 0.0583941 0.1154054 0.0971689 0.1223857 
Macropodidae_Wallabia_bicolor                0.0516544 0.1134441 0.0937327 0.0222442 0.0238131 0.1062013 0.0629448 0.0609367 0.0296180 0.1183491 0.0641766 0.1029830 0.1106279 0.0644097 0.0722869 0.1018293 0.1041260 0.1060266 0.1136278 0.0132410 0.0712907 0.1347221 0.1476660 0.1058187 0.0492415 0.0988674 0.0780949 0.0000000 0.0693083 0.1014157 0.0573531 0.0650650 0.1142402 0.1080208 0.1224528 
Pseudochiridae_Pseudocheirus_occidentalis    0.0443461 0.1021224 0.0805393 0.0702496 0.0742041 0.0949376 0.0559246 0.0542797 0.0758754 0.1121372 0.0557225 0.0905342 0.0964544 0.0569934 0.0552881 0.0896273 0.0924132 0.0921019 0.1053909 0.0679691 0.0158450 0.1153362 0.1261975 0.0933118 0.0756297 0.0847215 0.0311259 0.0693083 0.0000000 0.0770011 0.0415902 0.0565283 0.1092109 0.0941824 0.1151367 
Tarsipedidae_Tarsipes_rostratus              0.0590114 0.1400413 0.1160705 0.1055809 0.1102274 0.1299668 0.0880109 0.0847160 0.1107447 0.1520385 0.0874466 0.1271751 0.1370065 0.0899513 0.0923817 0.1274693 0.1244691 0.1234952 0.1435842 0.1037422 0.0812499 0.1560801 0.1591162 0.1298074 0.1027369 0.1182247 0.0847112 0.1014157 0.0770011 0.0000000 0.0667329 0.0907111 0.1447355 0.1302924 0.1534510 
Acrobatidae_Distoechurus_pennatus            0.0466577 0.0825131 0.0679956 0.0562650 0.0586859 0.0722420 0.0449969 0.0421049 0.0618208 0.0823395 0.0483378 0.0695099 0.0739743 0.0481165 0.0366248 0.0695981 0.0712380 0.0707713 0.0805366 0.0549520 0.0449160 0.0930531 0.0976690 0.0701109 0.0548898 0.0660753 0.0431155 0.0573531 0.0415902 0.0667329 0.0000000 0.0431548 0.0823312 0.0722317 0.0848001 
Phalangeridae_Phalanger_carmelitae           0.0395238 0.0973958 0.0804478 0.0671519 0.0713612 0.0914534 0.0198384 0.0083723 0.0744243 0.1144414 0.0102663 0.0851016 0.0986099 0.0054554 0.0559733 0.0865894 0.0888828 0.0902406 0.1052898 0.0627664 0.0566220 0.1138912 0.1256389 0.0906049 0.0708511 0.0840416 0.0583941 0.0650650 0.0565283 0.0907111 0.0431548 0.0000000 0.1063722 0.0924868 0.1162665 
Peramelidae_Peroryctes_raffrayana            0.0709655 0.1120904 0.1084057 0.1148396 0.1164353 0.1061641 0.1030617 0.1025449 0.1256986 0.0266132 0.1077117 0.1064962 0.1112842 0.1089293 0.1171577 0.1076601 0.1056331 0.1109897 0.0227453 0.1117740 0.1091530 0.1403592 0.1517183 0.1069722 0.1237148 0.1126142 0.1154054 0.1142402 0.1092109 0.1447355 0.0823312 0.1063722 0.0000000 0.1089606 0.0286758 
Dasyuridae_Dasyurus_geffroii                 0.0682290 0.1140580 0.1077877 0.1044333 0.1093640 0.0086607 0.0855534 0.0860913 0.1173711 0.1164383 0.0895588 0.0255812 0.0322437 0.0943539 0.1006894 0.0259427 0.0093969 0.0271290 0.1100457 0.1037195 0.0932542 0.1282642 0.1320697 0.0247041 0.1152599 0.0997106 0.0971689 0.1080208 0.0941824 0.1302924 0.0722317 0.0924868 0.1089606 0.0000000 0.1185269 
Peramelidae_Perameles_gunnii                 0.0735073 0.1118107 0.1134422 0.1218218 0.1261212 0.1155038 0.1114955 0.1104645 0.1305828 0.0054049 0.1153295 0.1163010 0.1218805 0.1186225 0.1233821 0.1169162 0.1154738 0.1209002 0.0281722 0.1175301 0.1155039 0.1487669 0.1574191 0.1179606 0.1301814 0.1141417 0.1223857 0.1224528 0.1151367 0.1534510 0.0848001 0.1162665 0.0286758 0.1185269 0.0000000 
