35
Burramyidae_Burramys_parvus                  0.0000000 0.0909274 0.0692156 0.0793323 0.0891022 0.1156145 0.0750227 0.0665331 0.0860997 0.1333246 0.0623679 0.1027214 0.1076728 0.0669169 0.1041789 0.1025046 0.1135676 0.0735468 0.0974408 0.0770844 0.0615086 0.1167591 0.1216077 0.1013496 0.0884778 0.0583863 0.0787485 0.0878756 0.0660880 0.0809170 0.0659948 0.0825318 0.1113745 0.1165299 0.1039662 
Notoryctidae_Notoryctes_typhlops             0.0909274 0.0000000 0.0876469 0.0996358 0.1082138 0.1221952 0.1014946 0.0919382 0.1058656 0.1425158 0.0823714 0.1209750 0.1322619 0.0916527 0.1343127 0.1206905 0.1173925 0.0896302 0.0989925 0.0993531 0.0805854 0.1301382 0.1363735 0.1074488 0.1131641 0.0605168 0.0980477 0.1063269 0.0932431 0.0973424 0.0887414 0.1068291 0.1121909 0.1231333 0.1076505 
Vombatidae_Lasiorhinus_latifrons             0.0692156 0.0876469 0.0000000 0.0791077 0.0836483 0.0731923 0.0825653 0.0691692 0.0879647 0.0816683 0.0627934 0.0783805 0.0816047 0.0710468 0.1201792 0.0790217 0.0714637 0.0552436 0.0951451 0.0794873 0.0572332 0.0679861 0.0739936 0.0629583 0.0535897 0.0303154 0.0384910 0.0847801 0.0701740 0.0849046 0.0544340 0.0865479 0.1166684 0.0726195 0.0983918 
Potoroidae_Bettongia_penicillata             0.0793323 0.0996358 0.0791077 0.0000000 0.0095230 0.1268490 0.0778880 0.0713113 0.0151235 0.1483692 0.0631136 0.1225091 0.1341768 0.0694870 0.1136092 0.1261836 0.1227614 0.0882800 0.1036614 0.0313052 0.0751430 0.1233896 0.1208326 0.1137136 0.0744672 0.0676626 0.0939655 0.0351424 0.0837825 0.0932290 0.0760760 0.0846114 0.0984690 0.1274966 0.1069747 
Potoroidae_Bettongia_lesueur                 0.0891022 0.1082138 0.0836483 0.0095230 0.0000000 0.1350115 0.0901584 0.0828852 0.0179773 0.1518831 0.0746904 0.1286674 0.1408713 0.0777436 0.1280038 0.1331854 0.1300493 0.0981766 0.1129803 0.0412255 0.0820463 0.1320251 0.1325704 0.1211793 0.0808194 0.0767305 0.0994991 0.0489988 0.0922273 0.0998890 0.0880223 0.0912022 0.1209970 0.1347415 0.1214209 
Dasyuridae_Dasyurus_maculatus                0.1156145 0.1221952 0.0731923 0.1268490 0.1350115 0.0000000 0.1389454 0.1244626 0.1393447 0.1118310 0.1128588 0.0423838 0.0507913 0.1204149 0.1702895 0.0401432 0.0129946 0.0231180 0.1243994 0.1276826 0.1079207 0.1055810 0.1070010 0.0245802 0.0908044 0.0623668 0.0816095 0.1368282 0.1260308 0.1307948 0.0975220 0.1391498 0.1316427 0.0070758 0.1349741 
Phalangeridae_Trichosurus_vulpecula          0.0750227 0.1014946 0.0825653 0.0778880 0.0901584 0.1389454 0.0000000 0.0506136 0.0871444 0.1659211 0.0454510 0.1320219 0.1423060 0.0613714 0.1256488 0.1354262 0.1348649 0.0978792 0.1116756 0.0842053 0.0754587 0.1285370 0.1329607 0.1240877 0.1031772 0.0759508 0.0940501 0.0912557 0.0888139 0.0869241 0.0823975 0.0762005 0.1342623 0.1386899 0.1149529 
Phalangeridae_Spilocuscus_maculatus          0.0665331 0.0919382 0.0691692 0.0713113 0.0828852 0.1244626 0.0506136 0.0000000 0.0791541 0.1416287 0.0154509 0.1151545 0.1248800 0.0457581 0.1183801 0.1184473 0.1214731 0.0843856 0.1022989 0.0757846 0.0629307 0.1216708 0.1204371 0.1100111 0.0912922 0.0652012 0.0800646 0.0824791 0.0728914 0.0786991 0.0692446 0.0627897 0.1145483 0.1241557 0.1010301 
Potoroidae_Aepyprymnus_rufescens             0.0860997 0.1058656 0.0879647 0.0151235 0.0179773 0.1393447 0.0871444 0.0791541 0.0000000 0.1566427 0.0720126 0.1305658 0.1421653 0.0741366 0.1312908 0.1358148 0.1361951 0.0961061 0.1116692 0.0367017 0.0810237 0.1344144 0.1350995 0.1245218 0.0831092 0.0720765 0.1038257 0.0458226 0.0919458 0.0987507 0.0825127 0.0898923 0.1175409 0.1390919 0.1209407 
Peramelidae_Perameles_nasuta                 0.1333246 0.1425158 0.0816683 0.1483692 0.1518831 0.1118310 0.1659211 0.1416287 0.1566427 0.0000000 0.1340656 0.0872117 0.0853293 0.1388313 0.1578333 0.0894955 0.1120358 0.0707388 0.0734427 0.1457817 0.1077943 0.1166247 0.1125227 0.1048339 0.1129541 0.0673418 0.0938978 0.1612934 0.1114551 0.1262283 0.0660036 0.1352859 0.0890750 0.1118364 0.0578681 
Phalangeridae_Strigocuscus_pelengensis       0.0623679 0.0823714 0.0627934 0.0631136 0.0746904 0.1128588 0.0454510 0.0154509 0.0720126 0.1340656 0.0000000 0.1043757 0.1150200 0.0404426 0.1120104 0.1087895 0.1099587 0.0750957 0.0974014 0.0688347 0.0558472 0.1109689 0.1120630 0.1003165 0.0843251 0.0567017 0.0730888 0.0767579 0.0669531 0.0764612 0.0606263 0.0586458 0.1098521 0.1139534 0.0960121 
Dasyuridae_Phascogale_tapoatafa              0.1027214 0.1209750 0.0783805 0.1225091 0.1286674 0.0423838 0.1320219 0.1151545 0.1305658 0.0872117 0.1043757 0.0000000 0.0328357 0.1130516 0.1635312 0.0044706 0.0394239 0.0191407 0.1247768 0.1245904 0.0997717 0.1161265 0.1167850 0.0268322 0.0931795 0.0538841 0.0887191 0.1327006 0.1146409 0.1241751 0.0843169 0.1311474 0.1328092 0.0425631 0.1410407 
Dasyuridae_Sminthopsis_macroura              0.1076728 0.1322619 0.0816047 0.1341768 0.1408713 0.0507913 0.1423060 0.1248800 0.1421653 0.0853293 0.1150200 0.0328357 0.0000000 0.1245491 0.1687833 0.0306832 0.0476257 0.0184451 0.1350863 0.1357277 0.1089415 0.1253438 0.1242322 0.0442995 0.1072985 0.0571118 0.1022789 0.1441362 0.1301277 0.1332842 0.0932547 0.1436469 0.1455420 0.0510102 0.1458199 
Phalangeridae_Phalanger_orientalis           0.0669169 0.0916527 0.0710468 0.0694870 0.0777436 0.1204149 0.0613714 0.0457581 0.0741366 0.1388313 0.0404426 0.1130516 0.1245491 0.0000000 0.1015943 0.1171909 0.1174847 0.0771559 0.1013530 0.0726888 0.0613750 0.1222383 0.1169529 0.1062214 0.0883298 0.0592679 0.0828028 0.0789443 0.0676840 0.0791131 0.0649347 0.0228983 0.1050708 0.1200961 0.1023868 
Acrobatidae_Acrobates_pygmaeus               0.1041789 0.1343127 0.1201792 0.1136092 0.1280038 0.1702895 0.1256488 0.1183801 0.1312908 0.1578333 0.1120104 0.1635312 0.1687833 0.1015943 0.0000000 0.1663757 0.1668779 0.1194212 0.1436969 0.1250582 0.1064815 0.1551660 0.1611465 0.1593371 0.1446147 0.0702104 0.1287219 0.1334811 0.0969109 0.1247324 0.0871820 0.1164340 0.1070081 0.1711441 0.1462302 
Dasyuridae_Phascogale_calura                 0.1025046 0.1206905 0.0790217 0.1261836 0.1331854 0.0401432 0.1354262 0.1184473 0.1358148 0.0894955 0.1087895 0.0044706 0.0306832 0.1171909 0.1663757 0.0000000 0.0372097 0.0168808 0.1280807 0.1298088 0.1012570 0.1167490 0.1147341 0.0253958 0.0962850 0.0559166 0.0912629 0.1380114 0.1176767 0.1275490 0.0877428 0.1356274 0.1352178 0.0403122 0.1425843 
Dasyuridae_Sarcophilus_harrisii              0.1135676 0.1173925 0.0714637 0.1227614 0.1300493 0.0129946 0.1348649 0.1214731 0.1361951 0.1120358 0.1099587 0.0394239 0.0476257 0.1174847 0.1668779 0.0372097 0.0000000 0.0223009 0.1218124 0.1264611 0.1068106 0.1044892 0.1041835 0.0231645 0.0865697 0.0601904 0.0807145 0.1336935 0.1202189 0.1267923 0.0943281 0.1359909 0.1302946 0.0150428 0.1332235 
Dasyuridae_Planigale_tenuirostris            0.0735468 0.0896302 0.0552436 0.0882800 0.0981766 0.0231180 0.0978792 0.0843856 0.0961061 0.0707388 0.0750957 0.0191407 0.0184451 0.0771559 0.1194212 0.0168808 0.0223009 0.0000000 0.0949495 0.0836811 0.0686355 0.0900959 0.0907786 0.0154288 0.0739953 0.0501750 0.0686361 0.0995734 0.0814600 0.0917476 0.0819124 0.0944277 0.0902341 0.0231208 0.1075156 
Peramelidae_Echymipera_kalubu                0.0974408 0.0989925 0.0951451 0.1036614 0.1129803 0.1243994 0.1116756 0.1022989 0.1116692 0.0734427 0.0974014 0.1247768 0.1350863 0.1013530 0.1436969 0.1280807 0.1218124 0.0949495 0.0000000 0.1035416 0.0929776 0.1286901 0.1365276 0.1180468 0.1263589 0.0681673 0.1094290 0.1162845 0.1015783 0.1111457 0.1012694 0.1185590 0.0481425 0.1240984 0.0317911 
Macropodidae_Dorcopsulus_vanheurni           0.0770844 0.0993531 0.0794873 0.0313052 0.0412255 0.1276826 0.0842053 0.0757846 0.0367017 0.1457817 0.0688347 0.1245904 0.1357277 0.0726888 0.1250582 0.1298088 0.1264611 0.0836811 0.1035416 0.0000000 0.0729462 0.1224200 0.1240654 0.1184822 0.0812937 0.0603572 0.0911243 0.0287765 0.0783618 0.0910390 0.0811396 0.0875332 0.1074234 0.1292503 0.1104767 
Pseudochiridae_Pseudochirulus_forbesi        0.0615086 0.0805854 0.0572332 0.0751430 0.0820463 0.1079207 0.0754587 0.0629307 0.0810237 0.1077943 0.0558472 0.0997717 0.1089415 0.0613750 0.1064815 0.1012570 0.1068106 0.0686355 0.0929776 0.0729462 0.0000000 0.0972195 0.0999084 0.0951114 0.0806842 0.0481995 0.0462968 0.0827605 0.0243911 0.0600190 0.0538643 0.0786588 0.0951300 0.1058107 0.0943206 
Didelphidae_Didelphis_virginiana             0.1167591 0.1301382 0.0679861 0.1233896 0.1320251 0.1055810 0.1285370 0.1216708 0.1344144 0.1166247 0.1109689 0.1161265 0.1253438 0.1222383 0.1551660 0.1167490 0.1044892 0.0900959 0.1286901 0.1224200 0.0972195 0.0000000 0.0442581 0.0971324 0.0918475 0.0561584 0.0799196 0.1316500 0.1004618 0.1277569 0.0920774 0.1305013 0.1416098 0.1051329 0.1338040 
Marmosidae_Monodelphis_domestica             0.1216077 0.1363735 0.0739936 0.1208326 0.1325704 0.1070010 0.1329607 0.1204371 0.1350995 0.1125227 0.1120630 0.1167850 0.1242322 0.1169529 0.1611465 0.1147341 0.1041835 0.0907786 0.1365276 0.1240654 0.0999084 0.0442581 0.0000000 0.0949712 0.0931577 0.0551213 0.0854406 0.1352954 0.1060864 0.1333890 0.0954797 0.1280069 0.1361766 0.1070014 0.1446155 
Dasyuridae_Antechinus_stuartii               0.1013496 0.1074488 0.0629583 0.1137136 0.1211793 0.0245802 0.1240877 0.1100111 0.1245218 0.1048339 0.1003165 0.0268322 0.0442995 0.1062214 0.1593371 0.0253958 0.0231645 0.0154288 0.1180468 0.1184822 0.0951114 0.0971324 0.0949712 0.0000000 0.0779758 0.0521121 0.0750748 0.1247468 0.1071084 0.1203257 0.0868313 0.1242001 0.1191828 0.0246810 0.1312082 
Hypsiprymnodontidae_Hypsiprymnodon_moschatus 0.0884778 0.1131641 0.0535897 0.0744672 0.0808194 0.0908044 0.1031772 0.0912922 0.0831092 0.1129541 0.0843251 0.0931795 0.1072985 0.0883298 0.1446147 0.0962850 0.0865697 0.0739953 0.1263589 0.0812937 0.0806842 0.0918475 0.0931577 0.0779758 0.0000000 0.0605926 0.0598887 0.0885746 0.0891588 0.1013298 0.0673629 0.1005361 0.1455795 0.0919731 0.1298821 
Microbiotheriidae_Dromiciops_gliroides       0.0583863 0.0605168 0.0303154 0.0676626 0.0767305 0.0623668 0.0759508 0.0652012 0.0720765 0.0673418 0.0567017 0.0538841 0.0571118 0.0592679 0.0702104 0.0559166 0.0601904 0.0501750 0.0681673 0.0603572 0.0481995 0.0561584 0.0551213 0.0521121 0.0605926 0.0000000 0.0399792 0.0716486 0.0549681 0.0577669 0.0436717 0.0790029 0.0928502 0.0602936 0.0731247 
Pseudochiridae_Petauroides_volans            0.0787485 0.0980477 0.0384910 0.0939655 0.0994991 0.0816095 0.0940501 0.0800646 0.1038257 0.0938978 0.0730888 0.0887191 0.1022789 0.0828028 0.1287219 0.0912629 0.0807145 0.0686361 0.1094290 0.0911243 0.0462968 0.0799196 0.0854406 0.0750748 0.0598887 0.0399792 0.0000000 0.0990252 0.0551542 0.0798380 0.0565663 0.0975646 0.1280582 0.0811052 0.1156226 
Macropodidae_Wallabia_bicolor                0.0878756 0.1063269 0.0847801 0.0351424 0.0489988 0.1368282 0.0912557 0.0824791 0.0458226 0.1612934 0.0767579 0.1327006 0.1441362 0.0789443 0.1334811 0.1380114 0.1336935 0.0995734 0.1162845 0.0287765 0.0827605 0.1316500 0.1352954 0.1247468 0.0885746 0.0716486 0.0990252 0.0000000 0.0897808 0.1015594 0.0899541 0.0985381 0.1225834 0.1393180 0.1245983 
Pseudochiridae_Pseudocheirus_occidentalis    0.0660880 0.0932431 0.0701740 0.0837825 0.0922273 0.1260308 0.0888139 0.0728914 0.0919458 0.1114551 0.0669531 0.1146409 0.1301277 0.0676840 0.0969109 0.1176767 0.1202189 0.0814600 0.1015783 0.0783618 0.0243911 0.1004618 0.1060864 0.1071084 0.0891588 0.0549681 0.0551542 0.0897808 0.0000000 0.0638888 0.0576486 0.0656564 0.0945405 0.1238445 0.1012180 
Tarsipedidae_Tarsipes_rostratus              0.0809170 0.0973424 0.0849046 0.0932290 0.0998890 0.1307948 0.0869241 0.0786991 0.0987507 0.1262283 0.0764612 0.1241751 0.1332842 0.0791131 0.1247324 0.1275490 0.1267923 0.0917476 0.1111457 0.0910390 0.0600190 0.1277569 0.1333890 0.1203257 0.1013298 0.0577669 0.0798380 0.1015594 0.0638888 0.0000000 0.0834248 0.0933055 0.1097413 0.1332042 0.1155246 
Acrobatidae_Distoechurus_pennatus            0.0659948 0.0887414 0.0544340 0.0760760 0.0880223 0.0975220 0.0823975 0.0692446 0.0825127 0.0660036 0.0606263 0.0843169 0.0932547 0.0649347 0.0871820 0.0877428 0.0943281 0.0819124 0.1012694 0.0811396 0.0538643 0.0920774 0.0954797 0.0868313 0.0673629 0.0436717 0.0565663 0.0899541 0.0576486 0.0834248 0.0000000 0.0781264 0.0934158 0.0943705 0.1088859 
Phalangeridae_Phalanger_carmelitae           0.0825318 0.1068291 0.0865479 0.0846114 0.0912022 0.1391498 0.0762005 0.0627897 0.0898923 0.1352859 0.0586458 0.1311474 0.1436469 0.0228983 0.1164340 0.1356274 0.1359909 0.0944277 0.1185590 0.0875332 0.0786588 0.1305013 0.1280069 0.1242001 0.1005361 0.0790029 0.0975646 0.0985381 0.0656564 0.0933055 0.0781264 0.0000000 0.1143390 0.1388936 0.1198271 
Peramelidae_Peroryctes_raffrayana            0.1113745 0.1121909 0.1166684 0.0984690 0.1209970 0.1316427 0.1342623 0.1145483 0.1175409 0.0890750 0.1098521 0.1328092 0.1455420 0.1050708 0.1070081 0.1352178 0.1302946 0.0902341 0.0481425 0.1074234 0.0951300 0.1416098 0.1361766 0.1191828 0.1455795 0.0928502 0.1280582 0.1225834 0.0945405 0.1097413 0.0934158 0.1143390 0.0000000 0.1316498 0.0452321 
Dasyuridae_Dasyurus_geffroii                 0.1165299 0.1231333 0.0726195 0.1274966 0.1347415 0.0070758 0.1386899 0.1241557 0.1390919 0.1118364 0.1139534 0.0425631 0.0510102 0.1200961 0.1711441 0.0403122 0.0150428 0.0231208 0.1240984 0.1292503 0.1058107 0.1051329 0.1070014 0.0246810 0.0919731 0.0602936 0.0811052 0.1393180 0.1238445 0.1332042 0.0943705 0.1388936 0.1316498 0.0000000 0.1347074 
Peramelidae_Perameles_gunnii                 0.1039662 0.1076505 0.0983918 0.1069747 0.1214209 0.1349741 0.1149529 0.1010301 0.1209407 0.0578681 0.0960121 0.1410407 0.1458199 0.1023868 0.1462302 0.1425843 0.1332235 0.1075156 0.0317911 0.1104767 0.0943206 0.1338040 0.1446155 0.1312082 0.1298821 0.0731247 0.1156226 0.1245983 0.1012180 0.1155246 0.1088859 0.1198271 0.0452321 0.1347074 0.0000000 
