35
Burramyidae_Burramys_parvus                  0.0000000 0.0639968 0.0702614 0.0534097 0.0590187 0.0828495 0.0422455 0.0494288 0.0819579 0.0707076 0.0640837 0.0808403 0.0753757 0.0401265 0.0438926 0.1067500 0.0719280 0.0757442 0.0796472 0.0537425 0.0575881 0.1469224 0.0852445 0.0832689 0.0564496 0.0675895 0.0489786 0.0513412 0.0535860 0.0718719 0.0572505 0.0447655 0.0780222 0.0812834 0.0716471 
Notoryctidae_Notoryctes_typhlops             0.0639968 0.0000000 0.0966046 0.0776914 0.0823831 0.0976263 0.0702064 0.0708654 0.1141248 0.0710791 0.0945929 0.0908825 0.0879226 0.0642055 0.0680459 0.1145860 0.0822041 0.0835824 0.0857895 0.0823997 0.0747344 0.1474684 0.0802119 0.0951022 0.0784146 0.0759265 0.0664900 0.0732861 0.0688719 0.0894183 0.0742650 0.0673534 0.0801746 0.0951385 0.0765004 
Vombatidae_Lasiorhinus_latifrons             0.0702614 0.0966046 0.0000000 0.0848736 0.0844679 0.0891571 0.0632192 0.0825405 0.0721916 0.0978445 0.0552279 0.0943376 0.0855135 0.0712013 0.0756944 0.0996597 0.1041302 0.1137378 0.0942504 0.0581776 0.0768216 0.1102922 0.1300379 0.1097945 0.0827780 0.0895747 0.0736459 0.0805208 0.0838999 0.0991666 0.0792675 0.0710503 0.1041842 0.0875849 0.0927632 
Potoroidae_Bettongia_penicillata             0.0534097 0.0776914 0.0848736 0.0000000 0.0080059 0.1054853 0.0548814 0.0555057 0.0394120 0.0818851 0.0755626 0.0995689 0.0928460 0.0494756 0.0523212 0.1239929 0.0822817 0.0837959 0.0902890 0.0218262 0.0610829 0.1573002 0.0781108 0.0948724 0.0466696 0.0717593 0.0526749 0.0167926 0.0557042 0.0754423 0.0632161 0.0540777 0.0898577 0.1038364 0.0814126 
Potoroidae_Bettongia_lesueur                 0.0590187 0.0823831 0.0844679 0.0080059 0.0000000 0.1064808 0.0594347 0.0620745 0.0437028 0.0846313 0.0801153 0.1012748 0.0944810 0.0545383 0.0572591 0.1302207 0.0890263 0.0899345 0.0955186 0.0224549 0.0695205 0.1704671 0.0891300 0.1029676 0.0526736 0.0781808 0.0576193 0.0227449 0.0633761 0.0815719 0.0689023 0.0574669 0.0953100 0.1048247 0.0844282 
Dasyuridae_Dasyurus_maculatus                0.0828495 0.0976263 0.0891571 0.1054853 0.1064808 0.0000000 0.0865369 0.0967747 0.1083736 0.0957420 0.0918076 0.0177860 0.0202959 0.0940739 0.0922136 0.0181095 0.0090054 0.0242868 0.0932287 0.0969868 0.0969348 0.1090699 0.1169953 0.0187667 0.0993864 0.0874538 0.0898268 0.0983105 0.0973198 0.1143804 0.1008909 0.0923165 0.1044270 0.0041811 0.0906389 
Phalangeridae_Trichosurus_vulpecula          0.0422455 0.0702064 0.0632192 0.0548814 0.0594347 0.0865369 0.0000000 0.0331086 0.0791708 0.0755610 0.0469742 0.0846648 0.0801715 0.0272202 0.0489109 0.1084878 0.0775276 0.0823977 0.0803313 0.0491147 0.0550613 0.1559463 0.0904697 0.0882961 0.0526102 0.0635284 0.0456888 0.0521978 0.0551390 0.0679417 0.0554593 0.0291499 0.0836835 0.0849805 0.0740082 
Phalangeridae_Spilocuscus_maculatus          0.0494288 0.0708654 0.0825405 0.0555057 0.0620745 0.0967747 0.0331086 0.0000000 0.0928602 0.0789619 0.0515282 0.0908165 0.0864616 0.0202422 0.0499273 0.1208954 0.0811526 0.0828850 0.0807870 0.0564649 0.0585824 0.1608658 0.0815104 0.0939494 0.0568496 0.0648822 0.0535623 0.0535705 0.0619839 0.0754046 0.0592959 0.0254455 0.0871628 0.0958470 0.0735693 
Potoroidae_Aepyprymnus_rufescens             0.0819579 0.1141248 0.0721916 0.0394120 0.0437028 0.1083736 0.0791708 0.0928602 0.0000000 0.1133981 0.0527606 0.1001984 0.0947240 0.0830619 0.0818800 0.1039457 0.1144878 0.1172828 0.1197523 0.0253004 0.0944656 0.1047932 0.1315572 0.1316219 0.0742916 0.1066747 0.0851155 0.0497526 0.0918053 0.1056423 0.0934736 0.0818821 0.1132817 0.1067169 0.1111601 
Peramelidae_Perameles_nasuta                 0.0707076 0.0710791 0.0978445 0.0818851 0.0846313 0.0957420 0.0755610 0.0789619 0.1133981 0.0000000 0.0961475 0.0862640 0.0860426 0.0692178 0.0701113 0.1095649 0.0830322 0.0831558 0.0151519 0.0863284 0.0759894 0.1523301 0.0868451 0.0941658 0.0862794 0.0781877 0.0761157 0.0789503 0.0743277 0.0928301 0.0800880 0.0735829 0.0169736 0.0936550 0.0000010 
Phalangeridae_Strigocuscus_pelengensis       0.0640837 0.0945929 0.0552279 0.0755626 0.0801153 0.0918076 0.0469742 0.0515282 0.0527606 0.0961475 0.0000000 0.0872082 0.0818438 0.0409819 0.0742426 0.0923735 0.1006716 0.1077548 0.0971504 0.0493803 0.0788427 0.0901063 0.1133455 0.1154515 0.0738662 0.0895128 0.0751164 0.0735140 0.0845180 0.0973130 0.0802616 0.0418647 0.0968239 0.0916216 0.0893023 
Dasyuridae_Phascogale_tapoatafa              0.0808403 0.0908825 0.0943376 0.0995689 0.1012748 0.0177860 0.0846648 0.0908165 0.1001984 0.0862640 0.0872082 0.0000000 0.0220506 0.0896994 0.0827968 0.0045132 0.0174481 0.0204215 0.0992385 0.0912496 0.0944203 0.1048407 0.0991112 0.0123343 0.0967165 0.0880251 0.0893865 0.0902861 0.0893283 0.1023512 0.0914507 0.0880386 0.0913154 0.0170841 0.0874246 
Dasyuridae_Sminthopsis_macroura              0.0753757 0.0879226 0.0855135 0.0928460 0.0944810 0.0202959 0.0801715 0.0864616 0.0947240 0.0860426 0.0818438 0.0220506 0.0000000 0.0818023 0.0843597 0.0218715 0.0180127 0.0203401 0.0927379 0.0853906 0.0869694 0.1192370 0.1008686 0.0246180 0.0922985 0.0812769 0.0804653 0.0866899 0.0864281 0.1025637 0.0890105 0.0805234 0.0910788 0.0190188 0.0840269 
Phalangeridae_Phalanger_orientalis           0.0401265 0.0642055 0.0712013 0.0494756 0.0545383 0.0940739 0.0272202 0.0202422 0.0830619 0.0692178 0.0409819 0.0896994 0.0818023 0.0000000 0.0449667 0.1143391 0.0731685 0.0754320 0.0723335 0.0533408 0.0508244 0.1490944 0.0709882 0.0832487 0.0534798 0.0602121 0.0462873 0.0468396 0.0525553 0.0684194 0.0534365 0.0102580 0.0782353 0.0924523 0.0661236 
Acrobatidae_Acrobates_pygmaeus               0.0438926 0.0680459 0.0756944 0.0523212 0.0572591 0.0922136 0.0489109 0.0499273 0.0818800 0.0701113 0.0742426 0.0827968 0.0843597 0.0449667 0.0000000 0.1080399 0.0753448 0.0777956 0.0778094 0.0579285 0.0502887 0.1482438 0.0732474 0.0835318 0.0558087 0.0670454 0.0408136 0.0517294 0.0428841 0.0645741 0.0356899 0.0492831 0.0786711 0.0904692 0.0705399 
Dasyuridae_Phascogale_calura                 0.1067500 0.1145860 0.0996597 0.1239929 0.1302207 0.0181095 0.1084878 0.1208954 0.1039457 0.1095649 0.0923735 0.0045132 0.0218715 0.1143391 0.1080399 0.0000000 0.0435394 0.0509778 0.1236160 0.0907670 0.1187741 0.1020893 0.1362039 0.0411705 0.1201624 0.1226745 0.1173478 0.1143904 0.1174060 0.1253587 0.1157708 0.1152172 0.1143107 0.0173666 0.1095116 
Dasyuridae_Sarcophilus_harrisii              0.0719280 0.0822041 0.1041302 0.0822817 0.0890263 0.0090054 0.0775276 0.0811526 0.1144878 0.0830322 0.1006716 0.0174481 0.0180127 0.0731685 0.0753448 0.0435394 0.0000000 0.0248099 0.0915978 0.0863730 0.0804684 0.1454722 0.0885864 0.0186013 0.0851934 0.0812148 0.0762622 0.0784358 0.0822453 0.1004099 0.0856138 0.0772193 0.0934173 0.0083946 0.0812289 
Dasyuridae_Planigale_tenuirostris            0.0757442 0.0835824 0.1137378 0.0837959 0.0899345 0.0242868 0.0823977 0.0828850 0.1172828 0.0831558 0.1077548 0.0204215 0.0203401 0.0754320 0.0777956 0.0509778 0.0248099 0.0000000 0.0911566 0.0879425 0.0808645 0.1525180 0.0855015 0.0276265 0.0817929 0.0805317 0.0756009 0.0794551 0.0787459 0.0940474 0.0894653 0.0833782 0.0917670 0.0235869 0.0810387 
Peramelidae_Echymipera_kalubu                0.0796472 0.0857895 0.0942504 0.0902890 0.0955186 0.0932287 0.0803313 0.0807870 0.1197523 0.0151519 0.0971504 0.0992385 0.0927379 0.0723335 0.0778094 0.1236160 0.0915978 0.0911566 0.0000000 0.0945114 0.0856929 0.1536684 0.1025012 0.0925798 0.0927038 0.0829151 0.0831132 0.0894311 0.0850755 0.1047582 0.0865732 0.0767621 0.0190187 0.0931649 0.0137807 
Macropodidae_Dorcopsulus_vanheurni           0.0537425 0.0823997 0.0581776 0.0218262 0.0224549 0.0969868 0.0491147 0.0564649 0.0253004 0.0863284 0.0493803 0.0912496 0.0853906 0.0533408 0.0579285 0.0907670 0.0863730 0.0879425 0.0945114 0.0000000 0.0630215 0.1226886 0.0915098 0.1015820 0.0503123 0.0692398 0.0531059 0.0104358 0.0567226 0.0738105 0.0633350 0.0537314 0.0901837 0.0953786 0.0857722 
Pseudochiridae_Pseudochirulus_forbesi        0.0575881 0.0747344 0.0768216 0.0610829 0.0695205 0.0969348 0.0550613 0.0585824 0.0944656 0.0759894 0.0788427 0.0944203 0.0869694 0.0508244 0.0502887 0.1187741 0.0804684 0.0808645 0.0856929 0.0630215 0.0000000 0.1639871 0.0935059 0.0893796 0.0642181 0.0722761 0.0412761 0.0606712 0.0332833 0.0671618 0.0604562 0.0587500 0.0846496 0.0938789 0.0769502 
Didelphidae_Didelphis_virginiana             0.1469224 0.1474684 0.1102922 0.1573002 0.1704671 0.1090699 0.1559463 0.1608658 0.1047932 0.1523301 0.0901063 0.1048407 0.1192370 0.1490944 0.1482438 0.1020893 0.1454722 0.1525180 0.1536684 0.1226886 0.1639871 0.0000000 0.1121514 0.1433322 0.1641084 0.1613099 0.1577323 0.1558683 0.1616013 0.1668337 0.1643424 0.1555996 0.1559445 0.1091085 0.1512804 
Marmosidae_Monodelphis_domestica             0.0852445 0.0802119 0.1300379 0.0781108 0.0891300 0.1169953 0.0904697 0.0815104 0.1315572 0.0868451 0.1133455 0.0991112 0.1008686 0.0709882 0.0732474 0.1362039 0.0885864 0.0855015 0.1025012 0.0915098 0.0935059 0.1121514 0.0000000 0.1028712 0.0924598 0.0864658 0.0821439 0.0789690 0.0787780 0.0969288 0.0896568 0.0814429 0.0956978 0.1153920 0.0893605 
Dasyuridae_Antechinus_stuartii               0.0832689 0.0951022 0.1097945 0.0948724 0.1029676 0.0187667 0.0882961 0.0939494 0.1316219 0.0941658 0.1154515 0.0123343 0.0246180 0.0832487 0.0835318 0.0411705 0.0186013 0.0276265 0.0925798 0.1015820 0.0893796 0.1433322 0.1028712 0.0000000 0.0939908 0.0890649 0.0866539 0.0901722 0.0965318 0.1121885 0.0965132 0.0892350 0.1036287 0.0174773 0.0903789 
Hypsiprymnodontidae_Hypsiprymnodon_moschatus 0.0564496 0.0784146 0.0827780 0.0466696 0.0526736 0.0993864 0.0526102 0.0568496 0.0742916 0.0862794 0.0738662 0.0967165 0.0922985 0.0534798 0.0558087 0.1201624 0.0851934 0.0817929 0.0927038 0.0503123 0.0642181 0.1641084 0.0924598 0.0939908 0.0000000 0.0736703 0.0537049 0.0456094 0.0598226 0.0727708 0.0659591 0.0570553 0.0951699 0.0985026 0.0841746 
Microbiotheriidae_Dromiciops_gliroides       0.0675895 0.0759265 0.0895747 0.0717593 0.0781808 0.0874538 0.0635284 0.0648822 0.1066747 0.0781877 0.0895128 0.0880251 0.0812769 0.0602121 0.0670454 0.1226745 0.0812148 0.0805317 0.0829151 0.0692398 0.0722761 0.1613099 0.0864658 0.0890649 0.0736703 0.0000000 0.0624104 0.0679017 0.0737144 0.0890803 0.0754998 0.0642435 0.0860830 0.0858676 0.0753508 
Pseudochiridae_Petauroides_volans            0.0489786 0.0664900 0.0736459 0.0526749 0.0576193 0.0898268 0.0456888 0.0535623 0.0851155 0.0761157 0.0751164 0.0893865 0.0804653 0.0462873 0.0408136 0.1173478 0.0762622 0.0756009 0.0831132 0.0531059 0.0412761 0.1577323 0.0821439 0.0866539 0.0537049 0.0624104 0.0000000 0.0505332 0.0375580 0.0590905 0.0474303 0.0492209 0.0846575 0.0882528 0.0738446 
Macropodidae_Wallabia_bicolor                0.0513412 0.0732861 0.0805208 0.0167926 0.0227449 0.0983105 0.0521978 0.0535705 0.0497526 0.0789503 0.0735140 0.0902861 0.0866899 0.0468396 0.0517294 0.1143904 0.0784358 0.0794551 0.0894311 0.0104358 0.0606712 0.1558683 0.0789690 0.0901722 0.0456094 0.0679017 0.0505332 0.0000000 0.0530869 0.0709003 0.0611694 0.0536654 0.0867902 0.0967012 0.0806456 
Pseudochiridae_Pseudocheirus_occidentalis    0.0535860 0.0688719 0.0838999 0.0557042 0.0633761 0.0973198 0.0551390 0.0619839 0.0918053 0.0743277 0.0845180 0.0893283 0.0864281 0.0525553 0.0428841 0.1174060 0.0822453 0.0787459 0.0850755 0.0567226 0.0332833 0.1616013 0.0787780 0.0965318 0.0598226 0.0737144 0.0375580 0.0530869 0.0000000 0.0601058 0.0544981 0.0586031 0.0817545 0.0963860 0.0736183 
Tarsipedidae_Tarsipes_rostratus              0.0718719 0.0894183 0.0991666 0.0754423 0.0815719 0.1143804 0.0679417 0.0754046 0.1056423 0.0928301 0.0973130 0.1023512 0.1025637 0.0684194 0.0645741 0.1253587 0.1004099 0.0940474 0.1047582 0.0738105 0.0671618 0.1668337 0.0969288 0.1121885 0.0727708 0.0890803 0.0590905 0.0709003 0.0601058 0.0000000 0.0710359 0.0736650 0.1006973 0.1136066 0.0952757 
Acrobatidae_Distoechurus_pennatus            0.0572505 0.0742650 0.0792675 0.0632161 0.0689023 0.1008909 0.0554593 0.0592959 0.0934736 0.0800880 0.0802616 0.0914507 0.0890105 0.0534365 0.0356899 0.1157708 0.0856138 0.0894653 0.0865732 0.0633350 0.0604562 0.1643424 0.0896568 0.0965132 0.0659591 0.0754998 0.0474303 0.0611694 0.0544981 0.0710359 0.0000000 0.0557747 0.0867430 0.0992664 0.0798641 
Phalangeridae_Phalanger_carmelitae           0.0447655 0.0673534 0.0710503 0.0540777 0.0574669 0.0923165 0.0291499 0.0254455 0.0818821 0.0735829 0.0418647 0.0880386 0.0805234 0.0102580 0.0492831 0.1152172 0.0772193 0.0833782 0.0767621 0.0537314 0.0587500 0.1555996 0.0814429 0.0892350 0.0570553 0.0642435 0.0492209 0.0536654 0.0586031 0.0736650 0.0557747 0.0000000 0.0794305 0.0907283 0.0702254 
Peramelidae_Peroryctes_raffrayana            0.0780222 0.0801746 0.1041842 0.0898577 0.0953100 0.1044270 0.0836835 0.0871628 0.1132817 0.0169736 0.0968239 0.0913154 0.0910788 0.0782353 0.0786711 0.1143107 0.0934173 0.0917670 0.0190187 0.0901837 0.0846496 0.1559445 0.0956978 0.1036287 0.0951699 0.0860830 0.0846575 0.0867902 0.0817545 0.1006973 0.0867430 0.0794305 0.0000000 0.1022591 0.0169198 
Dasyuridae_Dasyurus_geffroii                 0.0812834 0.0951385 0.0875849 0.1038364 0.1048247 0.0041811 0.0849805 0.0958470 0.1067169 0.0936550 0.0916216 0.0170841 0.0190188 0.0924523 0.0904692 0.0173666 0.0083946 0.0235869 0.0931649 0.0953786 0.0938789 0.1091085 0.1153920 0.0174773 0.0985026 0.0858676 0.0882528 0.0967012 0.0963860 0.1136066 0.0992664 0.0907283 0.1022591 0.0000000 0.0905160 
Peramelidae_Perameles_gunnii                 0.0716471 0.0765004 0.0927632 0.0814126 0.0844282 0.0906389 0.0740082 0.0735693 0.1111601 0.0000010 0.0893023 0.0874246 0.0840269 0.0661236 0.0705399 0.1095116 0.0812289 0.0810387 0.0137807 0.0857722 0.0769502 0.1512804 0.0893605 0.0903789 0.0841746 0.0753508 0.0738446 0.0806456 0.0736183 0.0952757 0.0798641 0.0702254 0.0169198 0.0905160 0.0000000 
