37
Burramyidae_Burramys_parvus                  0.0000000 0.0759518 0.0547504 0.0505589 0.0472876 0.0801343 0.0456875 0.0464603 0.0553723 0.0805625 0.0441532 0.0792494 0.0974173 0.0469959 0.0529917 0.0785668 0.0820834 0.0758633 0.0833377 0.0517226 0.0750678 0.0771689 0.0831627 0.0799538 0.0541552 0.0669547 0.0560428 0.0547617 0.0623967 0.0726576 0.0544311 0.0448708 0.0826747 0.0797973 0.0810671 0.3286220 0.3286220 
Notoryctidae_Notoryctes_typhlops             0.0759518 0.0000000 0.0758515 0.0786226 0.0747540 0.0923989 0.0771055 0.0814976 0.0844106 0.0912613 0.0796060 0.0919258 0.1026034 0.0821568 0.0707898 0.0922860 0.0942433 0.0904135 0.0937942 0.0812884 0.1036502 0.0910811 0.0943172 0.0922307 0.0828779 0.0772487 0.0840763 0.0827001 0.0918027 0.0954333 0.0805770 0.0800388 0.0922137 0.0937189 0.0905240 0.3803835 0.3803835 
Vombatidae_Lasiorhinus_latifrons             0.0547504 0.0758515 0.0000000 0.0592594 0.0565497 0.0813479 0.0584784 0.0598704 0.0615022 0.0824244 0.0568652 0.0823013 0.1009749 0.0596796 0.0574129 0.0815856 0.0834936 0.0770247 0.0852306 0.0580037 0.0748774 0.0809168 0.0844446 0.0824400 0.0599498 0.0677704 0.0617773 0.0616652 0.0660244 0.0786028 0.0567220 0.0589102 0.0843014 0.0836689 0.0820598 0.2883126 0.2883126 
Potoroidae_Bettongia_penicillata             0.0505589 0.0786226 0.0592594 0.0000000 0.0037866 0.0852550 0.0555337 0.0550978 0.0164229 0.0912265 0.0534991 0.0869738 0.1010100 0.0552747 0.0558033 0.0856290 0.0863951 0.0813612 0.0932420 0.0248763 0.0801149 0.0876210 0.0899941 0.0853752 0.0408532 0.0684527 0.0601341 0.0276607 0.0690682 0.0789916 0.0591704 0.0529143 0.0907208 0.0872079 0.0909355 0.3539203 0.3539203 
Potoroidae_Bettongia_lesueur                 0.0472876 0.0747540 0.0565497 0.0037866 0.0000000 0.0799813 0.0520004 0.0515046 0.0161116 0.0842323 0.0522960 0.0814881 0.0812219 0.0546435 0.0509036 0.0799336 0.0811197 0.0750200 0.0873920 0.0239233 0.0766447 0.0807994 0.0848717 0.0800479 0.0389187 0.0659587 0.0573157 0.0274038 0.0650634 0.0719340 0.0569970 0.0524081 0.0836743 0.0800473 0.0844931 0.3554633 0.3554633 
Dasyuridae_Dasyurus_maculatus                0.0801343 0.0923989 0.0813479 0.0852550 0.0799813 0.0000000 0.0817918 0.0834042 0.0901355 0.0979430 0.0825016 0.0188029 0.0435760 0.0835372 0.0726467 0.0168968 0.0077101 0.0192806 0.1011944 0.0833619 0.1090062 0.0964946 0.0986210 0.0182936 0.0867169 0.0820101 0.0869145 0.0876792 0.0975664 0.0922458 0.0853813 0.0828722 0.0997344 0.0069720 0.0997418 0.0908169 0.0908169 
Phalangeridae_Trichosurus_vulpecula          0.0456875 0.0771055 0.0584784 0.0555337 0.0520004 0.0817918 0.0000000 0.0166458 0.0621931 0.0859299 0.0190485 0.0842884 0.0964580 0.0206031 0.0552081 0.0829461 0.0833579 0.0794329 0.0884743 0.0557939 0.0750316 0.0840023 0.0891667 0.0829312 0.0603040 0.0680676 0.0598175 0.0588175 0.0634393 0.0733026 0.0574371 0.0181135 0.0872726 0.0841159 0.0862483 0.3224537 0.3224537 
Phalangeridae_Spilocuscus_maculatus          0.0464603 0.0814976 0.0598704 0.0550978 0.0515046 0.0834042 0.0166458 0.0000000 0.0619697 0.0883553 0.0110675 0.0852511 0.0990534 0.0127193 0.0579660 0.0836824 0.0851944 0.0820095 0.0902154 0.0568152 0.0764918 0.0864719 0.0880032 0.0845128 0.0596790 0.0715213 0.0615842 0.0586048 0.0651506 0.0753841 0.0556559 0.0110239 0.0887290 0.0861555 0.0881220 0.3226831 0.3226831 
Potoroidae_Aepyprymnus_rufescens             0.0553723 0.0844106 0.0615022 0.0164229 0.0161116 0.0901355 0.0621931 0.0619697 0.0000000 0.0954333 0.0593232 0.0914700 0.1057228 0.0609391 0.0587971 0.0907372 0.0906546 0.0860740 0.0976859 0.0290957 0.0850429 0.0909034 0.0932408 0.0895697 0.0444161 0.0742265 0.0672791 0.0315329 0.0746849 0.0824099 0.0616090 0.0585449 0.0950095 0.0916784 0.0950511 0.3633708 0.3633708 
Peramelidae_Perameles_nasuta                 0.0805625 0.0912613 0.0824244 0.0912265 0.0842323 0.0979430 0.0859299 0.0883553 0.0954333 0.0000000 0.0848026 0.0963034 0.1146479 0.0873538 0.0810749 0.0965806 0.0997832 0.0937570 0.0198743 0.0896893 0.1092530 0.0972268 0.0994587 0.0988390 0.0904744 0.0862327 0.0897870 0.0926043 0.0977492 0.1006652 0.0879519 0.0859153 0.0214280 0.0976525 0.0012909 0.3701990 0.3701990 
Phalangeridae_Strigocuscus_pelengensis       0.0441532 0.0796060 0.0568652 0.0534991 0.0522960 0.0825016 0.0190485 0.0110675 0.0593232 0.0848026 0.0000000 0.0839839 0.0963558 0.0114152 0.0553956 0.0827801 0.0842854 0.0800968 0.0880137 0.0543712 0.0737450 0.0838625 0.0852253 0.0831689 0.0571476 0.0668148 0.0573424 0.0556569 0.0626513 0.0721746 0.0546482 0.0097057 0.0860816 0.0850683 0.0848098 0.3303933 0.3303933 
Dasyuridae_Phascogale_tapoatafa              0.0792494 0.0919258 0.0823013 0.0869738 0.0814881 0.0188029 0.0842884 0.0852511 0.0914700 0.0963034 0.0839839 0.0000000 0.0474885 0.0860232 0.0730867 0.0062385 0.0209096 0.0233293 0.0999277 0.0849968 0.1108333 0.1007622 0.1016789 0.0116664 0.0879748 0.0810930 0.0877479 0.0897609 0.0993411 0.0928300 0.0884301 0.0853483 0.0983122 0.0220404 0.0979200 0.0983383 0.0983383 
Dasyuridae_Sminthopsis_macroura              0.0974173 0.1026034 0.1009749 0.1010100 0.0812219 0.0435760 0.0964580 0.0990534 0.1057228 0.1146479 0.0963558 0.0474885 0.0000000 0.0991512 0.0874610 0.0466063 0.0451899 0.0389866 0.1203285 0.0981133 0.1218485 0.1117800 0.1164076 0.0484002 0.1054400 0.0990123 0.1021977 0.1039705 0.1097061 0.1073774 0.1039439 0.0984120 0.1176559 0.0453713 0.1161851 0.0908135 0.0908135 
Phalangeridae_Phalanger_orientalis           0.0469959 0.0821568 0.0596796 0.0552747 0.0546435 0.0835372 0.0206031 0.0127193 0.0609391 0.0873538 0.0114152 0.0860232 0.0991512 0.0000000 0.0567259 0.0838129 0.0853263 0.0825949 0.0887349 0.0567620 0.0744036 0.0855570 0.0877822 0.0844537 0.0595973 0.0701786 0.0594691 0.0584899 0.0637283 0.0753532 0.0577467 0.0029140 0.0862371 0.0861076 0.0872025 0.3277120 0.3277120 
Acrobatidae_Acrobates_pygmaeus               0.0529917 0.0707898 0.0574129 0.0558033 0.0509036 0.0726467 0.0552081 0.0579660 0.0587971 0.0810749 0.0553956 0.0730867 0.0874610 0.0567259 0.0000000 0.0729864 0.0726598 0.0675395 0.0813769 0.0564267 0.0705042 0.0743098 0.0807366 0.0723226 0.0590637 0.0653772 0.0523816 0.0603136 0.0560291 0.0680473 0.0312566 0.0551078 0.0802157 0.0744951 0.0811747 9.0000000 9.0000000 
Dasyuridae_Phascogale_calura                 0.0785668 0.0922860 0.0815856 0.0856290 0.0799336 0.0168968 0.0829461 0.0836824 0.0907372 0.0965806 0.0827801 0.0062385 0.0466063 0.0838129 0.0729864 0.0000000 0.0189859 0.0227007 0.1001034 0.0838693 0.1100696 0.0993920 0.1002484 0.0101638 0.0876239 0.0801230 0.0874167 0.0886260 0.0990377 0.0931702 0.0872436 0.0833516 0.0985689 0.0199266 0.0984024 0.0846809 0.0846809 
Dasyuridae_Sarcophilus_harrisii              0.0820834 0.0942433 0.0834936 0.0863951 0.0811197 0.0077101 0.0833579 0.0851944 0.0906546 0.0997832 0.0842854 0.0209096 0.0451899 0.0853263 0.0726598 0.0189859 0.0000000 0.0218723 0.1032051 0.0832051 0.1093370 0.0974168 0.0986936 0.0200221 0.0876783 0.0826896 0.0872203 0.0883503 0.0976616 0.0927563 0.0856323 0.0846543 0.1009055 0.0101219 0.1017785 0.0989007 0.0989007 
Dasyuridae_Planigale_tenuirostris            0.0758633 0.0904135 0.0770247 0.0813612 0.0750200 0.0192806 0.0794329 0.0820095 0.0860740 0.0937570 0.0800968 0.0233293 0.0389866 0.0825949 0.0675395 0.0227007 0.0218723 0.0000000 0.0995592 0.0795749 0.1038122 0.0920740 0.0962282 0.0241399 0.0826797 0.0770928 0.0821827 0.0823818 0.0910767 0.0883297 0.0815683 0.0815790 0.0960528 0.0224767 0.0963486 0.1069259 0.1069259 
Peramelidae_Echymipera_kalubu                0.0833377 0.0937942 0.0852306 0.0932420 0.0873920 0.1011944 0.0884743 0.0902154 0.0976859 0.0198743 0.0880137 0.0999277 0.1203285 0.0887349 0.0813769 0.1001034 0.1032051 0.0995592 0.0000000 0.0920153 0.1113054 0.1003809 0.1041430 0.1014891 0.0925457 0.0854725 0.0920014 0.0951567 0.0998014 0.1044281 0.0894379 0.0882881 0.0171417 0.1009131 0.0198667 0.3806221 0.3806221 
Macropodidae_Dorcopsulus_vanheurni           0.0517226 0.0812884 0.0580037 0.0248763 0.0239233 0.0833619 0.0557939 0.0568152 0.0290957 0.0896893 0.0543712 0.0849968 0.0981133 0.0567620 0.0564267 0.0838693 0.0832051 0.0795749 0.0920153 0.0000000 0.0795393 0.0873152 0.0904278 0.0838663 0.0391331 0.0681981 0.0596493 0.0153071 0.0669121 0.0769011 0.0581156 0.0545732 0.0883317 0.0842313 0.0890539 0.3243426 0.3243426 
Pseudochiridae_Pseudochirulus_forbesi        0.0750678 0.1036502 0.0748774 0.0801149 0.0766447 0.1090062 0.0750316 0.0764918 0.0850429 0.1092530 0.0737450 0.1108333 0.1218485 0.0744036 0.0705042 0.1100696 0.1093370 0.1038122 0.1113054 0.0795393 0.0000000 0.1079368 0.1125220 0.1106547 0.0839422 0.0913572 0.0509170 0.0831821 0.0317121 0.0866140 0.0712161 0.0735633 0.1114096 0.1109845 0.1099662 0.3402438 0.3402438 
Didelphidae_Didelphis_virginiana             0.0771689 0.0910811 0.0809168 0.0876210 0.0807994 0.0964946 0.0840023 0.0864719 0.0909034 0.0972268 0.0838625 0.1007622 0.1117800 0.0855570 0.0743098 0.0993920 0.0974168 0.0920740 0.1003809 0.0873152 0.1079368 0.0000000 0.0392313 0.1001262 0.0844667 0.0846722 0.0905648 0.0887604 0.0954987 0.1002951 0.0870155 0.0849997 0.0998441 0.0965433 0.0978167 0.4347686 0.4347686 
Marmosidae_Monodelphis_domestica             0.0831627 0.0943172 0.0844446 0.0899941 0.0848717 0.0986210 0.0891667 0.0880032 0.0932408 0.0994587 0.0852253 0.1016789 0.1164076 0.0877822 0.0807366 0.1002484 0.0986936 0.0962282 0.1041430 0.0904278 0.1125220 0.0392313 0.0000000 0.1010095 0.0898357 0.0892514 0.0930959 0.0930641 0.0978873 0.1057481 0.0920846 0.0867025 0.1050180 0.0997087 0.1005656 0.4251941 0.4251941 
Dasyuridae_Antechinus_stuartii               0.0799538 0.0922307 0.0824400 0.0853752 0.0800479 0.0182936 0.0829312 0.0845128 0.0895697 0.0988390 0.0831689 0.0116664 0.0484002 0.0844537 0.0723226 0.0101638 0.0200221 0.0241399 0.1014891 0.0838663 0.1106547 0.1001262 0.1010095 0.0000000 0.0885515 0.0802586 0.0873501 0.0867748 0.0975368 0.0950856 0.0870914 0.0837817 0.0993447 0.0215385 0.0999682 0.1063853 0.1063853 
Hypsiprymnodontidae_Hypsiprymnodon_moschatus 0.0541552 0.0828779 0.0599498 0.0408532 0.0389187 0.0867169 0.0603040 0.0596790 0.0444161 0.0904744 0.0571476 0.0879748 0.1054400 0.0595973 0.0590637 0.0876239 0.0876783 0.0826797 0.0925457 0.0391331 0.0839422 0.0844667 0.0898357 0.0885515 0.0000000 0.0729189 0.0653994 0.0417270 0.0724466 0.0813962 0.0597619 0.0572158 0.0914470 0.0882416 0.0899705 0.3538605 0.3538605 
Microbiotheriidae_Dromiciops_gliroides       0.0669547 0.0772487 0.0677704 0.0684527 0.0659587 0.0820101 0.0680676 0.0715213 0.0742265 0.0862327 0.0668148 0.0810930 0.0990123 0.0701786 0.0653772 0.0801230 0.0826896 0.0770928 0.0854725 0.0681981 0.0913572 0.0846722 0.0892514 0.0802586 0.0729189 0.0000000 0.0737136 0.0730051 0.0789567 0.0904756 0.0705156 0.0687844 0.0852528 0.0839621 0.0854674 0.3093322 0.3093322 
Pseudochiridae_Petauroides_volans            0.0560428 0.0840763 0.0617773 0.0601341 0.0573157 0.0869145 0.0598175 0.0615842 0.0672791 0.0897870 0.0573424 0.0877479 0.1021977 0.0594691 0.0523816 0.0874167 0.0872203 0.0821827 0.0920014 0.0596493 0.0509170 0.0905648 0.0930959 0.0873501 0.0653994 0.0737136 0.0000000 0.0621294 0.0349801 0.0689254 0.0549119 0.0572633 0.0926467 0.0886468 0.0895745 0.3434630 0.3434630 
Macropodidae_Wallabia_bicolor                0.0547617 0.0827001 0.0616652 0.0276607 0.0274038 0.0876792 0.0588175 0.0586048 0.0315329 0.0926043 0.0556569 0.0897609 0.1039705 0.0584899 0.0603136 0.0886260 0.0883503 0.0823818 0.0951567 0.0153071 0.0831821 0.0887604 0.0930641 0.0867748 0.0417270 0.0730051 0.0621294 0.0000000 0.0694325 0.0812798 0.0610032 0.0567463 0.0928403 0.0892097 0.0917612 0.3161532 0.3161532 
Pseudochiridae_Pseudocheirus_occidentalis    0.0623967 0.0918027 0.0660244 0.0690682 0.0650634 0.0975664 0.0634393 0.0651506 0.0746849 0.0977492 0.0626513 0.0993411 0.1097061 0.0637283 0.0560291 0.0990377 0.0976616 0.0910767 0.0998014 0.0669121 0.0317121 0.0954987 0.0978873 0.0975368 0.0724466 0.0789567 0.0349801 0.0694325 0.0000000 0.0740459 0.0571587 0.0614481 0.1010914 0.0995491 0.0980384 0.3335678 0.3335678 
Tarsipedidae_Tarsipes_rostratus              0.0726576 0.0954333 0.0786028 0.0789916 0.0719340 0.0922458 0.0733026 0.0753841 0.0824099 0.1006652 0.0721746 0.0928300 0.1073774 0.0753532 0.0680473 0.0931702 0.0927563 0.0883297 0.1044281 0.0769011 0.0866140 0.1002951 0.1057481 0.0950856 0.0813962 0.0904756 0.0689254 0.0812798 0.0740459 0.0000000 0.0728920 0.0750132 0.1033034 0.0944859 0.1003065 0.5314498 0.5314498 
Acrobatidae_Distoechurus_pennatus            0.0544311 0.0805770 0.0567220 0.0591704 0.0569970 0.0853813 0.0574371 0.0556559 0.0616090 0.0879519 0.0546482 0.0884301 0.1039439 0.0577467 0.0312566 0.0872436 0.0856323 0.0815683 0.0894379 0.0581156 0.0712161 0.0870155 0.0920846 0.0870914 0.0597619 0.0705156 0.0549119 0.0610032 0.0571587 0.0728920 0.0000000 0.0549701 0.0882563 0.0870714 0.0885656 0.3981544 0.3981544 
Phalangeridae_Phalanger_carmelitae           0.0448708 0.0800388 0.0589102 0.0529143 0.0524081 0.0828722 0.0181135 0.0110239 0.0585449 0.0859153 0.0097057 0.0853483 0.0984120 0.0029140 0.0551078 0.0833516 0.0846543 0.0815790 0.0882881 0.0545732 0.0735633 0.0849997 0.0867025 0.0837817 0.0572158 0.0687844 0.0572633 0.0567463 0.0614481 0.0750132 0.0549701 0.0000000 0.0866437 0.0852019 0.0857267 0.3314219 0.3314219 
Peramelidae_Peroryctes_raffrayana            0.0826747 0.0922137 0.0843014 0.0907208 0.0836743 0.0997344 0.0872726 0.0887290 0.0950095 0.0214280 0.0860816 0.0983122 0.1176559 0.0862371 0.0802157 0.0985689 0.1009055 0.0960528 0.0171417 0.0883317 0.1114096 0.0998441 0.1050180 0.0993447 0.0914470 0.0852528 0.0926467 0.0928403 0.1010914 0.1033034 0.0882563 0.0866437 0.0000000 0.0990136 0.0213976 0.3678395 0.3678395 
Dasyuridae_Dasyurus_geffroii                 0.0797973 0.0937189 0.0836689 0.0872079 0.0800473 0.0069720 0.0841159 0.0861555 0.0916784 0.0976525 0.0850683 0.0220404 0.0453713 0.0861076 0.0744951 0.0199266 0.0101219 0.0224767 0.1009131 0.0842313 0.1109845 0.0965433 0.0997087 0.0215385 0.0882416 0.0839621 0.0886468 0.0892097 0.0995491 0.0944859 0.0870714 0.0852019 0.0990136 0.0000000 0.0994581 0.0914451 0.0914451 
Peramelidae_Perameles_gunnii                 0.0810671 0.0905240 0.0820598 0.0909355 0.0844931 0.0997418 0.0862483 0.0881220 0.0950511 0.0012909 0.0848098 0.0979200 0.1161851 0.0872025 0.0811747 0.0984024 0.1017785 0.0963486 0.0198667 0.0890539 0.1099662 0.0978167 0.1005656 0.0999682 0.0899705 0.0854674 0.0895745 0.0917612 0.0980384 0.1003065 0.0885656 0.0857267 0.0213976 0.0994581 0.0000000 0.3387260 0.3387260 
Myrmecobiidae_Myrmecobius_fasciatus1         0.3286220 0.3803835 0.2883126 0.3539203 0.3554633 0.0908169 0.3224537 0.3226831 0.3633708 0.3701990 0.3303933 0.0983383 0.0908135 0.3277120 9.0000000 0.0846809 0.0989007 0.1069259 0.3806221 0.3243426 0.3402438 0.4347686 0.4251941 0.1063853 0.3538605 0.3093322 0.3434630 0.3161532 0.3335678 0.5314498 0.3981544 0.3314219 0.3678395 0.0914451 0.3387260 0.0000000 0.0000010 
Myrmecobiidae_Myrmecobius_fasciatus2         0.3286220 0.3803835 0.2883126 0.3539203 0.3554633 0.0908169 0.3224537 0.3226831 0.3633708 0.3701990 0.3303933 0.0983383 0.0908135 0.3277120 9.0000000 0.0846809 0.0989007 0.1069259 0.3806221 0.3243426 0.3402438 0.4347686 0.4251941 0.1063853 0.3538605 0.3093322 0.3434630 0.3161532 0.3335678 0.5314498 0.3981544 0.3314219 0.3678395 0.0914451 0.3387260 0.0000010 0.0000000 
