37
Burramyidae_Burramys_parvus                  0.0000000 0.1056397 0.0885761 0.0791921 0.0762461 0.0718798 0.0519973 0.0956287 0.0799583 0.0814656 0.0873232 0.0509802 0.1899970 0.1212254 0.0584658 0.0607047 0.0828755 0.1168706 0.0691844 0.1014839 0.0583626 0.0671952 0.1073756 0.0986294 0.0674443 0.1011706 0.0812295 0.0681795 0.0751131 0.1093644 0.0706875 0.0873232 0.0608857 0.0754042 0.0851131 0.0865873 0.0775041 
Notoryctidae_Notoryctes_typhlops             0.1056397 0.0000000 0.1346289 0.1354501 0.1326074 0.1083743 0.1025926 0.1472134 0.1395228 0.1012683 0.0866392 0.1041541 0.2291525 0.1656698 0.1119291 0.1095861 0.1179368 0.1594578 0.1088297 0.1376476 0.1032086 0.1183559 0.1588667 0.1376202 0.1145871 0.1328331 0.1340026 0.1274022 0.1307355 0.1567563 0.1174529 0.0866392 0.1112233 0.1144070 0.1325142 0.1195366 0.1142744 
Vombatidae_Lasiorhinus_latifrons             0.0885761 0.1346289 0.0000000 0.0966763 0.0955205 0.0952437 0.0757883 0.1256000 0.1014043 0.1021149 0.0772422 0.0783462 0.2205174 0.1485980 0.0882478 0.0794343 0.1065934 0.1499392 0.0978026 0.1217017 0.0803123 0.0943034 0.1375080 0.1254991 0.0889916 0.1102628 0.1087266 0.0895719 0.1030822 0.1340501 0.0923500 0.0772422 0.0892623 0.1035482 0.1171471 0.1069700 0.0972523 
Potoroidae_Bettongia_penicillata             0.0791921 0.1354501 0.0966763 0.0000000 0.0096621 0.0938906 0.0706212 0.1186618 0.0180149 0.1090070 0.1073916 0.0701169 0.2111974 0.1367374 0.0796683 0.0796016 0.1066601 0.1377906 0.0913563 0.1292191 0.0431849 0.0919698 0.1275129 0.1187608 0.0663776 0.1180988 0.1004572 0.0505568 0.0983591 0.1298200 0.0886085 0.1073916 0.0809771 0.1036286 0.1028341 0.1156942 0.0979202 
Potoroidae_Bettongia_lesueur                 0.0762461 0.1326074 0.0955205 0.0096621 0.0000000 0.0904931 0.0715945 0.1194025 0.0166491 0.1079723 0.0974660 0.0715370 0.2121453 0.1326299 0.0799831 0.0759820 0.1054521 0.1325587 0.0897707 0.1246883 0.0421568 0.0899492 0.1249592 0.1151053 0.0631905 0.1151262 0.0990077 0.0521714 0.0974388 0.1273764 0.0875419 0.0974660 0.0806760 0.0998717 0.0994759 0.1140597 0.0959930 
Dasyuridae_Dasyurus_maculatus                0.0718798 0.1083743 0.0952437 0.0938906 0.0904931 0.0000000 0.0707032 0.1125856 0.0948883 0.0911221 0.0279124 0.0742957 0.1063353 0.0661980 0.0811541 0.0803856 0.0215074 0.0432866 0.0255636 0.1139441 0.0639854 0.0841960 0.1201979 0.1039208 0.0803941 0.1025364 0.1006325 0.0830595 0.0956719 0.1170535 0.0869238 0.0279124 0.0824132 0.0893918 0.0107115 0.0934226 0.0164404 
Phalangeridae_Trichosurus_vulpecula          0.0519973 0.1025926 0.0757883 0.0706212 0.0715945 0.0707032 0.0000000 0.0655555 0.0715150 0.0701245 0.0621929 0.0264173 0.1835482 0.1169690 0.0372901 0.0490625 0.0816655 0.1134452 0.0679705 0.0946881 0.0495699 0.0596412 0.1020739 0.0973663 0.0632428 0.0840459 0.0757719 0.0640557 0.0662617 0.0975353 0.0590886 0.0621929 0.0368677 0.0775367 0.0838294 0.0788583 0.0770715 
Phalangeridae_Spilocuscus_maculatus          0.0956287 0.1472134 0.1256000 0.1186618 0.1194025 0.1125856 0.0655555 0.0000000 0.1202023 0.0961205 0.0938943 0.0543357 0.2227126 0.1652963 0.0644946 0.0950534 0.1162049 0.1627951 0.1062034 0.1458731 0.0899265 0.1028996 0.1615726 0.1476043 0.1053518 0.1278681 0.1192002 0.1069585 0.1147065 0.1500432 0.1038031 0.0938943 0.0584675 0.1111182 0.1422287 0.1316978 0.1237280 
Potoroidae_Aepyprymnus_rufescens             0.0799583 0.1395228 0.1014043 0.0180149 0.0166491 0.0948883 0.0715150 0.1202023 0.0000000 0.1103957 0.0845022 0.0706722 0.2080431 0.1337877 0.0789614 0.0786013 0.1098855 0.1332511 0.0943180 0.1304466 0.0451331 0.0923220 0.1232708 0.1201438 0.0631551 0.1163296 0.1023138 0.0549138 0.0991916 0.1282087 0.0897229 0.0845022 0.0795907 0.1027127 0.0996522 0.1171585 0.1005625 
Peramelidae_Perameles_nasuta                 0.0814656 0.1012683 0.1021149 0.1090070 0.1079723 0.0911221 0.0701245 0.0961205 0.1103957 0.0000000 0.0977377 0.0812134 0.2022214 0.1440200 0.0847860 0.0792428 0.0977891 0.1398262 0.0841175 0.0474504 0.0782566 0.0943111 0.1140456 0.0982915 0.0847090 0.1136842 0.1093224 0.0982232 0.1064419 0.1341561 0.0905620 0.0977377 0.0912604 0.0351411 0.1078947 0.0014105 0.1000465 
Myrmecobiidae_Myrmecobius_fasciatus1         0.0873232 0.0866392 0.0772422 0.1073916 0.0974660 0.0279124 0.0621929 0.0938943 0.0845022 0.0977377 0.0000000 0.1095277 0.0644641 0.1148858 0.0864402 0.0837235 0.0662844 0.0448530 0.0620967 0.1234086 0.1001675 0.1494349 0.2557827 0.2687294 0.0805899 0.1574189 0.1355953 0.0807360 0.1341303 0.1155527 0.1089986 0.0000010 0.0864402 0.0927037 0.0349646 0.0965404 9.0000000 
Phalangeridae_Strigocuscus_pelengensis       0.0509802 0.1041541 0.0783462 0.0701169 0.0715370 0.0742957 0.0264173 0.0543357 0.0706722 0.0812134 0.1095277 0.0000000 0.1884768 0.1186795 0.0271060 0.0515166 0.0838099 0.1174861 0.0695654 0.1010147 0.0508155 0.0605881 0.0990085 0.1009324 0.0596983 0.0854955 0.0779326 0.0608069 0.0696286 0.0996721 0.0627400 0.1095277 0.0237247 0.0824810 0.0837713 0.0884182 0.0769425 
Dasyuridae_Phascogale_tapoatafa              0.1899970 0.2291525 0.2205174 0.2111974 0.2121453 0.1063353 0.1835482 0.2227126 0.2080431 0.2022214 0.0644641 0.1884768 0.0000000 0.1307609 0.1923818 0.1914628 0.0914940 0.1080258 0.1226066 0.2112312 0.1780091 0.2039188 0.1454801 0.2124678 0.1966251 0.2060961 0.2285984 0.2007300 0.2145102 0.1978409 0.1954646 0.0644641 0.1990336 0.2085809 0.0386623 0.2149960 0.1103012 
Dasyuridae_Sminthopsis_macroura              0.1212254 0.1656698 0.1485980 0.1367374 0.1326299 0.0661980 0.1169690 0.1652963 0.1337877 0.1440200 0.1148858 0.1186795 0.1307609 0.0000000 0.1301069 0.1170490 0.0744118 0.0680417 0.0591745 0.1690936 0.1126208 0.1239333 0.1210566 0.1170840 0.1291834 0.1316279 0.1422206 0.1309139 0.1411498 0.1201208 0.1250078 0.1148858 0.1273684 0.1262216 0.0377217 0.1435600 0.0614185 
Phalangeridae_Phalanger_orientalis           0.0584658 0.1119291 0.0882478 0.0796683 0.0799831 0.0811541 0.0372901 0.0644946 0.0789614 0.0847860 0.0864402 0.0271060 0.1923818 0.1301069 0.0000000 0.0590211 0.0921527 0.1255135 0.0791521 0.1059204 0.0565022 0.0695830 0.1040947 0.1056620 0.0678581 0.0867882 0.0860421 0.0675309 0.0759426 0.1043452 0.0657099 0.0864402 0.0302047 0.0790444 0.0890826 0.0907514 0.0844099 
Acrobatidae_Acrobates_pygmaeus               0.0607047 0.1095861 0.0794343 0.0796016 0.0759820 0.0803856 0.0490625 0.0950534 0.0786013 0.0792428 0.0837235 0.0515166 0.1914628 0.1170490 0.0590211 0.0000000 0.0911760 0.1199265 0.0759268 0.1044367 0.0566463 0.0571912 0.0983061 0.0947669 0.0617455 0.0871928 0.0742757 0.0713397 0.0674833 0.0867056 0.0419772 0.0837235 0.0617663 0.0806697 0.0926989 0.0883364 0.0810398 
Dasyuridae_Phascogale_calura                 0.0828755 0.1179368 0.1065934 0.1066601 0.1054521 0.0215074 0.0816655 0.1162049 0.1098855 0.0977891 0.0662844 0.0838099 0.0914940 0.0744118 0.0921527 0.0911760 0.0000000 0.0586593 0.0278323 0.1275106 0.0741642 0.0933685 0.1284175 0.1143690 0.0915677 0.1111074 0.1078810 0.0938293 0.1024614 0.1216138 0.0978079 0.0662844 0.0938012 0.0940296 0.0252636 0.1063252 0.0160222 
Dasyuridae_Sarcophilus_harrisii              0.1168706 0.1594578 0.1499392 0.1377906 0.1325587 0.0432866 0.1134452 0.1627951 0.1332511 0.1398262 0.0448530 0.1174861 0.1080258 0.0680417 0.1255135 0.1199265 0.0586593 0.0000000 0.0625444 0.1633054 0.1092158 0.1302060 0.1229097 0.1091724 0.1270703 0.1235714 0.1498886 0.1311935 0.1419138 0.1151322 0.1337225 0.0448530 0.1278422 0.1205069 0.0119180 0.1396061 0.0487574 
Dasyuridae_Planigale_tenuirostris            0.0691844 0.1088297 0.0978026 0.0913563 0.0897707 0.0255636 0.0679705 0.1062034 0.0943180 0.0841175 0.0620967 0.0695654 0.1226066 0.0591745 0.0791521 0.0759268 0.0278323 0.0625444 0.0000000 0.1108419 0.0627544 0.0766695 0.1174106 0.1003156 0.0794933 0.0955110 0.0952644 0.0809034 0.0882656 0.1060656 0.0790013 0.0620967 0.0807613 0.0886969 0.0331733 0.0895106 0.0258023 
Peramelidae_Echymipera_kalubu                0.1014839 0.1376476 0.1217017 0.1292191 0.1246883 0.1139441 0.0946881 0.1458731 0.1304466 0.0474504 0.1234086 0.1010147 0.2112312 0.1690936 0.1059204 0.1044367 0.1275106 0.1633054 0.1108419 0.0000000 0.1047171 0.1165842 0.1299456 0.1323680 0.1080817 0.1343617 0.1222753 0.1170639 0.1282152 0.1583759 0.1168115 0.1234086 0.1087818 0.0534325 0.1127954 0.0488271 0.1233849 
Macropodidae_Dorcopsulus_vanheurni           0.0583626 0.1032086 0.0803123 0.0431849 0.0421568 0.0639854 0.0495699 0.0899265 0.0451331 0.0782566 0.1001675 0.0508155 0.1780091 0.1126208 0.0565022 0.0566463 0.0741642 0.1092158 0.0627544 0.1047171 0.0000000 0.0663980 0.1000453 0.0928123 0.0446233 0.0880237 0.0800666 0.0276532 0.0757637 0.1030049 0.0657271 0.1001675 0.0590444 0.0733990 0.0779299 0.0877516 0.0649877 
Pseudochiridae_Pseudochirulus_forbesi        0.0671952 0.1183559 0.0943034 0.0919698 0.0899492 0.0841960 0.0596412 0.1028996 0.0923220 0.0943111 0.1494349 0.0605881 0.2039188 0.1239333 0.0695830 0.0571912 0.0933685 0.1302060 0.0766695 0.1165842 0.0663980 0.0000000 0.1140405 0.0963862 0.0787584 0.0969043 0.0509201 0.0845652 0.0319972 0.0897076 0.0642664 0.1494349 0.0733985 0.0956953 0.0997449 0.1024947 0.0818077 
Didelphidae_Didelphis_virginiana             0.1073756 0.1588667 0.1375080 0.1275129 0.1249592 0.1201979 0.1020739 0.1615726 0.1232708 0.1140456 0.2557827 0.0990085 0.1454801 0.1210566 0.1040947 0.0983061 0.1284175 0.1229097 0.1174106 0.1299456 0.1000453 0.1140405 0.0000000 0.0505058 0.1091454 0.1177266 0.1288158 0.1183008 0.1265923 0.1580892 0.1136543 0.2557827 0.1104476 0.1234717 0.1188270 0.1250383 0.1074855 
Marmosidae_Monodelphis_domestica             0.0986294 0.1376202 0.1254991 0.1187608 0.1151053 0.1039208 0.0973663 0.1476043 0.1201438 0.0982915 0.2687294 0.1009324 0.2124678 0.1170840 0.1056620 0.0947669 0.1143690 0.1091724 0.1003156 0.1323680 0.0928123 0.0963862 0.0505058 0.0000000 0.1077443 0.1104885 0.1145822 0.1173430 0.1060140 0.1329996 0.1044779 0.2687294 0.1095314 0.0991361 0.1209666 0.1086952 0.0900712 
Hypsiprymnodontidae_Hypsiprymnodon_moschatus 0.0674443 0.1145871 0.0889916 0.0663776 0.0631905 0.0803941 0.0632428 0.1053518 0.0631551 0.0847090 0.0805899 0.0596983 0.1966251 0.1291834 0.0678581 0.0617455 0.0915677 0.1270703 0.0794933 0.1080817 0.0446233 0.0787584 0.1091454 0.1077443 0.0000000 0.0941913 0.0904217 0.0575772 0.0869643 0.1126390 0.0742987 0.0805899 0.0723387 0.0852433 0.0978897 0.0937818 0.0855734 
Microbiotheriidae_Dromiciops_gliroides       0.1011706 0.1328331 0.1102628 0.1180988 0.1151262 0.1025364 0.0840459 0.1278681 0.1163296 0.1136842 0.1574189 0.0854955 0.2060961 0.1316279 0.0867882 0.0871928 0.1111074 0.1235714 0.0955110 0.1343617 0.0880237 0.0969043 0.1177266 0.1104885 0.0941913 0.0000000 0.1076905 0.1046654 0.1040349 0.1193290 0.1003410 0.1574189 0.0924764 0.1081453 0.1094971 0.1196887 0.0977760 
Pseudochiridae_Petauroides_volans            0.0812295 0.1340026 0.1087266 0.1004572 0.0990077 0.1006325 0.0757719 0.1192002 0.1023138 0.1093224 0.1355953 0.0779326 0.2285984 0.1422206 0.0860421 0.0742757 0.1078810 0.1498886 0.0952644 0.1222753 0.0800666 0.0509201 0.1288158 0.1145822 0.0904217 0.1076905 0.0000000 0.0878475 0.0602335 0.1058104 0.0773513 0.1355953 0.0882237 0.1069493 0.1238984 0.1164191 0.1047721 
Macropodidae_Wallabia_bicolor                0.0681795 0.1274022 0.0895719 0.0505568 0.0521714 0.0830595 0.0640557 0.1069585 0.0549138 0.0982232 0.0807360 0.0608069 0.2007300 0.1309139 0.0675309 0.0713397 0.0938293 0.1311935 0.0809034 0.1170639 0.0276532 0.0845652 0.1183008 0.1173430 0.0575772 0.1046654 0.0878475 0.0000000 0.0910371 0.1220670 0.0754651 0.0807360 0.0725488 0.0941654 0.0981200 0.1061928 0.0866887 
Pseudochiridae_Pseudocheirus_occidentalis    0.0751131 0.1307355 0.1030822 0.0983591 0.0974388 0.0956719 0.0662617 0.1147065 0.0991916 0.1064419 0.1341303 0.0696286 0.2145102 0.1411498 0.0759426 0.0674833 0.1024614 0.1419138 0.0882656 0.1282152 0.0757637 0.0319972 0.1265923 0.1060140 0.0869643 0.1040349 0.0602335 0.0910371 0.0000000 0.1030751 0.0704217 0.1341303 0.0808760 0.0985383 0.1107679 0.1113092 0.0902737 
Tarsipedidae_Tarsipes_rostratus              0.1093644 0.1567563 0.1340501 0.1298200 0.1273764 0.1170535 0.0975353 0.1500432 0.1282087 0.1341561 0.1155527 0.0996721 0.1978409 0.1201208 0.1043452 0.0867056 0.1216138 0.1151322 0.1060656 0.1583759 0.1030049 0.0897076 0.1580892 0.1329996 0.1126390 0.1193290 0.1058104 0.1220670 0.1030751 0.0000000 0.0975332 0.1155527 0.1073906 0.1287743 0.1244586 0.1367258 0.1072391 
Acrobatidae_Distoechurus_pennatus            0.0706875 0.1174529 0.0923500 0.0886085 0.0875419 0.0869238 0.0590886 0.1038031 0.0897229 0.0905620 0.1089986 0.0627400 0.1954646 0.1250078 0.0657099 0.0419772 0.0978079 0.1337225 0.0790013 0.1168115 0.0657271 0.0642664 0.1136543 0.1044779 0.0742987 0.1003410 0.0773513 0.0754651 0.0704217 0.0975332 0.0000000 0.1089986 0.0706627 0.0855267 0.0962157 0.1002830 0.0910938 
Myrmecobiidae_Myrmecobius_fasciatus2         0.0873232 0.0866392 0.0772422 0.1073916 0.0974660 0.0279124 0.0621929 0.0938943 0.0845022 0.0977377 0.0000010 0.1095277 0.0644641 0.1148858 0.0864402 0.0837235 0.0662844 0.0448530 0.0620967 0.1234086 0.1001675 0.1494349 0.2557827 0.2687294 0.0805899 0.1574189 0.1355953 0.0807360 0.1341303 0.1155527 0.1089986 0.0000000 0.0864402 0.0927037 0.0349646 0.0965404 9.0000000 
Phalangeridae_Phalanger_carmelitae           0.0608857 0.1112233 0.0892623 0.0809771 0.0806760 0.0824132 0.0368677 0.0584675 0.0795907 0.0912604 0.0864402 0.0237247 0.1990336 0.1273684 0.0302047 0.0617663 0.0938012 0.1278422 0.0807613 0.1087818 0.0590444 0.0733985 0.1104476 0.1095314 0.0723387 0.0924764 0.0882237 0.0725488 0.0808760 0.1073906 0.0706627 0.0864402 0.0000000 0.0845650 0.0920104 0.0981087 0.0871409 
Peramelidae_Peroryctes_raffrayana            0.0754042 0.1144070 0.1035482 0.1036286 0.0998717 0.0893918 0.0775367 0.1111182 0.1027127 0.0351411 0.0927037 0.0824810 0.2085809 0.1262216 0.0790444 0.0806697 0.0940296 0.1205069 0.0886969 0.0534325 0.0733990 0.0956953 0.1234717 0.0991361 0.0852433 0.1081453 0.1069493 0.0941654 0.0985383 0.1287743 0.0855267 0.0927037 0.0845650 0.0000000 0.1069466 0.0365480 0.0918518 
Dasyuridae_Dasyurus_geffroii                 0.0851131 0.1325142 0.1171471 0.1028341 0.0994759 0.0107115 0.0838294 0.1422287 0.0996522 0.1078947 0.0349646 0.0837713 0.0386623 0.0377217 0.0890826 0.0926989 0.0252636 0.0119180 0.0331733 0.1127954 0.0779299 0.0997449 0.1188270 0.1209666 0.0978897 0.1094971 0.1238984 0.0981200 0.1107679 0.1244586 0.0962157 0.0349646 0.0920104 0.1069466 0.0000000 0.1069141 0.0186118 
Peramelidae_Perameles_gunnii                 0.0865873 0.1195366 0.1069700 0.1156942 0.1140597 0.0934226 0.0788583 0.1316978 0.1171585 0.0014105 0.0965404 0.0884182 0.2149960 0.1435600 0.0907514 0.0883364 0.1063252 0.1396061 0.0895106 0.0488271 0.0877516 0.1024947 0.1250383 0.1086952 0.0937818 0.1196887 0.1164191 0.1061928 0.1113092 0.1367258 0.1002830 0.0965404 0.0981087 0.0365480 0.1069141 0.0000000 0.1023188 
Dasyuridae_Antechinus_stuartii               0.0775041 0.1142744 0.0972523 0.0979202 0.0959930 0.0164404 0.0770715 0.1237280 0.1005625 0.1000465 9.0000000 0.0769425 0.1103012 0.0614185 0.0844099 0.0810398 0.0160222 0.0487574 0.0258023 0.1233849 0.0649877 0.0818077 0.1074855 0.0900712 0.0855734 0.0977760 0.1047721 0.0866887 0.0902737 0.1072391 0.0910938 9.0000000 0.0871409 0.0918518 0.0186118 0.1023188 0.0000000 
