37
Burramyidae_Burramys_parvus                  0.0000000 0.0924141 0.0621453 0.0572458 0.0539911 0.0973330 0.0514617 0.0523325 0.0632933 0.0997316 0.0498388 0.0963037 0.1222706 0.0529739 0.0671626 0.0953051 0.1001122 0.0930101 0.1010953 0.0587413 0.0887680 0.0929122 0.1007688 0.0976533 0.0617914 0.0799993 0.0643171 0.0628981 0.0717681 0.0907264 0.0620473 0.0502173 0.0995530 0.0969609 0.0979884 0.7795880 0.7795880 
Notoryctidae_Notoryctes_typhlops             0.0924141 0.0000000 0.0923100 0.0966828 0.0925434 0.1178578 0.0949155 0.1011493 0.1053531 0.1183962 0.0988741 0.1173018 0.1333522 0.1019084 0.0949663 0.1177912 0.1206958 0.1167036 0.1186170 0.1006708 0.1334113 0.1151979 0.1197874 0.1182437 0.1028008 0.0956098 0.1048173 0.1031072 0.1151249 0.1285483 0.0994518 0.0986459 0.1157405 0.1199240 0.1144603 0.9361237 0.9361237 
Vombatidae_Lasiorhinus_latifrons             0.0621453 0.0923100 0.0000000 0.0682012 0.0657589 0.0983362 0.0673545 0.0689709 0.0710615 0.1023695 0.0657198 0.0997526 0.1269091 0.0687610 0.0733239 0.0986621 0.1013966 0.0941861 0.1035157 0.0667194 0.0886516 0.0979425 0.1025461 0.1003638 0.0689858 0.0809792 0.0715735 0.0717890 0.0765191 0.0989483 0.0649177 0.0675891 0.1014111 0.1016761 0.0993179 0.6311130 0.6311130 
Potoroidae_Bettongia_penicillata             0.0572458 0.0966828 0.0682012 0.0000000 0.0039616 0.1048724 0.0640553 0.0634167 0.0174005 0.1162500 0.0618060 0.1075256 0.1280324 0.0636569 0.0715695 0.1055467 0.1065731 0.1012602 0.1159598 0.0269326 0.0961304 0.1081711 0.1112559 0.1056992 0.0454867 0.0824543 0.0698662 0.0302440 0.0807494 0.1007095 0.0685014 0.0604807 0.1116087 0.1077799 0.1127879 0.8239481 0.8239481 
Potoroidae_Bettongia_lesueur                 0.0539911 0.0925434 0.0657589 0.0039616 0.0000000 0.0992718 0.0604506 0.0596567 0.0172602 0.1078885 0.0610123 0.1016340 0.1010258 0.0637373 0.0659860 0.0993931 0.1009540 0.0940969 0.1096359 0.0262004 0.0928088 0.1003600 0.1057012 0.0999997 0.0438017 0.0805285 0.0673042 0.0303601 0.0767254 0.0920185 0.0667530 0.0606657 0.1035700 0.0994765 0.1053008 0.8257255 0.8257255 
Dasyuridae_Dasyurus_maculatus                0.0973330 0.1178578 0.0983362 0.1048724 0.0992718 0.0000000 0.1003276 0.1026967 0.1120679 0.1268094 0.1023118 0.0201969 0.0491370 0.1028984 0.0978462 0.0180711 0.0080912 0.0210624 0.1281457 0.1025164 0.1401629 0.1219938 0.1246373 0.0196599 0.1070602 0.1023024 0.1077521 0.1093740 0.1223734 0.1219614 0.1052010 0.1016067 0.1253655 0.0073095 0.1262053 0.1397636 0.1397636 
Phalangeridae_Trichosurus_vulpecula          0.0514617 0.0949155 0.0673545 0.0640553 0.0604506 0.1003276 0.0000000 0.0176760 0.0725507 0.1088486 0.0204084 0.1040169 0.1218768 0.0220270 0.0707991 0.1020549 0.1026334 0.0987249 0.1097031 0.0644719 0.0895247 0.1036031 0.1106612 0.1025052 0.0700736 0.0820140 0.0696862 0.0686614 0.0738803 0.0922566 0.0664584 0.0192386 0.1073051 0.1037095 0.1066703 0.7802873 0.7802873 
Phalangeridae_Spilocuscus_maculatus          0.0523325 0.1011493 0.0689709 0.0634167 0.0596567 0.1026967 0.0176760 0.0000000 0.0721825 0.1123313 0.0117024 0.1054180 0.1255363 0.0134039 0.0749239 0.1031142 0.1053333 0.1025432 0.1121234 0.0657056 0.0913365 0.1068231 0.1085852 0.1047850 0.0692085 0.0867665 0.0720180 0.0683604 0.0760459 0.0953546 0.0641702 0.0115601 0.1092757 0.1066984 0.1091262 0.7848018 0.7848018 
Potoroidae_Aepyprymnus_rufescens             0.0632933 0.1053531 0.0710615 0.0174005 0.0172602 0.1120679 0.0725507 0.0721825 0.0000000 0.1229551 0.0693028 0.1143273 0.1355454 0.0708924 0.0757418 0.1131884 0.1128848 0.1081784 0.1227198 0.0317187 0.1029918 0.1131088 0.1161057 0.1119879 0.0497899 0.0902377 0.0791374 0.0347094 0.0881750 0.1056044 0.0716113 0.0675853 0.1180158 0.1144292 0.1191135 0.8796651 0.8796651 
Peramelidae_Perameles_nasuta                 0.0997316 0.1183962 0.1023695 0.1162500 0.1078885 0.1268094 0.1088486 0.1123313 0.1229551 0.0000000 0.1076708 0.1244433 0.1539360 0.1106692 0.1104862 0.1249821 0.1297466 0.1223358 0.0214933 0.1140533 0.1435724 0.1256986 0.1291915 0.1291021 0.1148226 0.1108251 0.1143115 0.1191370 0.1251724 0.1345723 0.1108863 0.1083614 0.0231307 0.1265411 0.0013513 1.0134544 1.0134544 
Phalangeridae_Strigocuscus_pelengensis       0.0498388 0.0988741 0.0657198 0.0618060 0.0610123 0.1023118 0.0204084 0.0117024 0.0693028 0.1076708 0.0000000 0.1045706 0.1228442 0.0120618 0.0715472 0.1027184 0.1049381 0.1004027 0.1097904 0.0629465 0.0882833 0.1039835 0.1056915 0.1037849 0.0664254 0.0808022 0.0667471 0.0648307 0.0733109 0.0911951 0.0632625 0.0102125 0.1063777 0.1060473 0.1051260 0.8336250 0.8336250 
Dasyuridae_Phascogale_tapoatafa              0.0963037 0.1173018 0.0997526 0.1075256 0.1016340 0.0201969 0.1040169 0.1054180 0.1143273 0.1244433 0.1045706 0.0000000 0.0540543 0.1065053 0.0989064 0.0065343 0.0225588 0.0257811 0.1265871 0.1049712 0.1432564 0.1288000 0.1298582 0.0123588 0.1090266 0.1010797 0.1090812 0.1125102 0.1252055 0.1233516 0.1098598 0.1051734 0.1232911 0.0238330 0.1236193 0.1512427 0.1512427 
Dasyuridae_Sminthopsis_macroura              0.1222706 0.1333522 0.1269091 0.1280324 0.1010258 0.0491370 0.1218768 0.1255363 0.1355454 0.1539360 0.1228442 0.0540543 0.0000000 0.1258983 0.1215076 0.0529054 0.0511578 0.0443404 0.1586237 0.1241944 0.1603827 0.1459333 0.1528580 0.0552403 0.1349319 0.1280056 0.1308089 0.1338707 0.1407444 0.1469840 0.1325415 0.1243626 0.1534870 0.0513595 0.1521215 0.1383887 0.1383887 
Phalangeridae_Phalanger_orientalis           0.0529739 0.1019084 0.0687610 0.0636569 0.0637373 0.1028984 0.0220270 0.0134039 0.0708924 0.1106692 0.0120618 0.1065053 0.1258983 0.0000000 0.0729576 0.1033108 0.1055356 0.1033312 0.1097830 0.0656324 0.0885814 0.1054173 0.1084477 0.1047240 0.0690936 0.0848369 0.0692710 0.0681111 0.0742350 0.0951831 0.0667816 0.0030133 0.1055635 0.1066600 0.1077263 0.7923112 0.7923112 
Acrobatidae_Acrobates_pygmaeus               0.0671626 0.0949663 0.0733239 0.0715695 0.0659860 0.0978462 0.0707991 0.0749239 0.0757418 0.1104862 0.0715472 0.0989064 0.1215076 0.0729576 0.0000000 0.0986332 0.0978794 0.0910361 0.1104530 0.0727875 0.0930424 0.0991962 0.1096144 0.0979870 0.0762376 0.0854366 0.0664353 0.0788815 0.0713183 0.0902078 0.0375381 0.0705268 0.1084215 0.1008532 0.1105533 9.0000000 9.0000000 
Dasyuridae_Phascogale_calura                 0.0953051 0.1177912 0.0986621 0.1055467 0.0993931 0.0180711 0.1020549 0.1031142 0.1131884 0.1249821 0.1027184 0.0065343 0.0529054 0.1033108 0.0986332 0.0000000 0.0203926 0.0250191 0.1268554 0.1033312 0.1419499 0.1266680 0.1275919 0.0107368 0.1083755 0.0996021 0.1084933 0.1108418 0.1246466 0.1238197 0.1080441 0.1022897 0.1238465 0.0214449 0.1244480 0.1274039 0.1274039 
Dasyuridae_Sarcophilus_harrisii              0.1001122 0.1206958 0.1013966 0.1065731 0.1009540 0.0080912 0.1026334 0.1053333 0.1128848 0.1297466 0.1049381 0.0225588 0.0511578 0.1055356 0.0978794 0.0203926 0.0000000 0.0240310 0.1312764 0.1023736 0.1408636 0.1234035 0.1247998 0.0215996 0.1085779 0.1032734 0.1083459 0.1103923 0.1226795 0.1229075 0.1055859 0.1042143 0.1272080 0.0106769 0.1293469 0.1507294 0.1507294 
Dasyuridae_Planigale_tenuirostris            0.0930101 0.1167036 0.0941861 0.1012602 0.0940969 0.0210624 0.0987249 0.1025432 0.1081784 0.1223358 0.1004027 0.0257811 0.0443404 0.1033312 0.0910361 0.0250191 0.0240310 0.0000000 0.1287295 0.0988370 0.1347797 0.1177302 0.1240095 0.0267015 0.1031883 0.0967599 0.1025601 0.1032681 0.1147626 0.1174770 0.1017411 0.1016607 0.1226212 0.0247277 0.1239240 0.1700959 0.1700959 
Peramelidae_Echymipera_kalubu                0.1010953 0.1186170 0.1035157 0.1159598 0.1096359 0.1281457 0.1097031 0.1121234 0.1227198 0.0214933 0.1097904 0.1265871 0.1586237 0.1097830 0.1104530 0.1268554 0.1312764 0.1287295 0.0000000 0.1143792 0.1425110 0.1269459 0.1326468 0.1295678 0.1146763 0.1066784 0.1143626 0.1197259 0.1247754 0.1403665 0.1099979 0.1088178 0.0179928 0.1278917 0.0210471 1.0056249 1.0056249 
Macropodidae_Dorcopsulus_vanheurni           0.0587413 0.1006708 0.0667194 0.0269326 0.0262004 0.1025164 0.0644719 0.0657056 0.0317187 0.1140533 0.0629465 0.1049712 0.1241944 0.0656324 0.0727875 0.1033312 0.1023736 0.0988370 0.1143792 0.0000000 0.0957437 0.1078882 0.1121615 0.1038520 0.0434864 0.0822934 0.0694329 0.0162795 0.0781644 0.0977977 0.0672998 0.0626490 0.1083682 0.1038848 0.1102561 0.7527312 0.7527312 
Pseudochiridae_Pseudochirulus_forbesi        0.0887680 0.1334113 0.0886516 0.0961304 0.0928088 0.1401629 0.0895247 0.0913365 0.1029918 0.1435724 0.0882833 0.1432564 0.1603827 0.0885814 0.0930424 0.1419499 0.1408636 0.1347797 0.1425110 0.0957437 0.0000000 0.1381670 0.1445710 0.1436886 0.1015285 0.1148774 0.0573824 0.1013261 0.0340381 0.1110708 0.0838623 0.0871464 0.1417360 0.1432846 0.1407538 0.7722200 0.7722200 
Didelphidae_Didelphis_virginiana             0.0929122 0.1151979 0.0979425 0.1081711 0.1003600 0.1219938 0.1036031 0.1068231 0.1131088 0.1256986 0.1039835 0.1288000 0.1459333 0.1054173 0.0991962 0.1266680 0.1234035 0.1177302 0.1269459 0.1078882 0.1381670 0.0000000 0.0434696 0.1284883 0.1038431 0.1056590 0.1123938 0.1105477 0.1190019 0.1336497 0.1069530 0.1044714 0.1254422 0.1221462 0.1234901 1.0690627 1.0690627 
Marmosidae_Monodelphis_domestica             0.1007688 0.1197874 0.1025461 0.1112559 0.1057012 0.1246373 0.1106612 0.1085852 0.1161057 0.1291915 0.1056915 0.1298582 0.1528580 0.1084477 0.1096144 0.1275919 0.1247998 0.1240095 0.1326468 0.1121615 0.1445710 0.0434696 0.0000000 0.1294499 0.1111477 0.1120237 0.1158858 0.1167330 0.1220811 0.1425081 0.1139982 0.1065445 0.1331405 0.1263441 0.1274535 1.0175197 1.0175197 
Dasyuridae_Antechinus_stuartii               0.0976533 0.1182437 0.1003638 0.1056992 0.0999997 0.0196599 0.1025052 0.1047850 0.1119879 0.1291021 0.1037849 0.0123588 0.0552403 0.1047240 0.0979870 0.0107368 0.0215996 0.0267015 0.1295678 0.1038520 0.1436886 0.1284883 0.1294499 0.0000000 0.1103380 0.1002916 0.1088786 0.1084793 0.1228275 0.1276124 0.1084174 0.1033988 0.1257008 0.0233031 0.1274245 0.1646957 0.1646957 
Hypsiprymnodontidae_Hypsiprymnodon_moschatus 0.0617914 0.1028008 0.0689858 0.0454867 0.0438017 0.1070602 0.0700736 0.0692085 0.0497899 0.1148226 0.0664254 0.1090266 0.1349319 0.0690936 0.0762376 0.1083755 0.1085779 0.1031883 0.1146763 0.0434864 0.1015285 0.1038431 0.1111477 0.1103380 0.0000000 0.0884893 0.0767890 0.0468323 0.0853605 0.1039827 0.0692702 0.0658302 0.1122912 0.1093803 0.1111503 0.8709845 0.8709845 
Microbiotheriidae_Dromiciops_gliroides       0.0799993 0.0956098 0.0809792 0.0824543 0.0805285 0.1023024 0.0820140 0.0867665 0.0902377 0.1108251 0.0808022 0.1010797 0.1280056 0.0848369 0.0854366 0.0996021 0.1032734 0.0967599 0.1066784 0.0822934 0.1148774 0.1056590 0.1120237 0.1002916 0.0884893 0.0000000 0.0898420 0.0893054 0.0967205 0.1201556 0.0850074 0.0827590 0.1057988 0.1052455 0.1068757 0.7589757 0.7589757 
Pseudochiridae_Petauroides_volans            0.0643171 0.1048173 0.0715735 0.0698662 0.0673042 0.1077521 0.0696862 0.0720180 0.0791374 0.1143115 0.0667471 0.1090812 0.1308089 0.0692710 0.0664353 0.1084933 0.1083459 0.1025601 0.1143626 0.0694329 0.0573824 0.1123938 0.1158858 0.1088786 0.0767890 0.0898420 0.0000000 0.0730219 0.0381440 0.0855432 0.0630094 0.0662326 0.1145973 0.1104003 0.1110956 0.8320274 0.8320274 
Macropodidae_Wallabia_bicolor                0.0628981 0.1031072 0.0717890 0.0302440 0.0303601 0.1093740 0.0686614 0.0683604 0.0347094 0.1191370 0.0648307 0.1125102 0.1338707 0.0681111 0.0788815 0.1108418 0.1103923 0.1032681 0.1197259 0.0162795 0.1013261 0.1105477 0.1167330 0.1084793 0.0468323 0.0893054 0.0730219 0.0000000 0.0819630 0.1049420 0.0714095 0.0657103 0.1155672 0.1117375 0.1149333 0.7187934 0.7187934 
Pseudochiridae_Pseudocheirus_occidentalis    0.0717681 0.1151249 0.0765191 0.0807494 0.0767254 0.1223734 0.0738803 0.0760459 0.0881750 0.1251724 0.0733109 0.1252055 0.1407444 0.0742350 0.0713183 0.1246466 0.1226795 0.1147626 0.1247754 0.0781644 0.0340381 0.1190019 0.1220811 0.1228275 0.0853605 0.0967205 0.0381440 0.0819630 0.0000000 0.0925759 0.0652944 0.0710212 0.1255216 0.1253991 0.1222289 0.7532013 0.7532013 
Tarsipedidae_Tarsipes_rostratus              0.0907264 0.1285483 0.0989483 0.1007095 0.0920185 0.1219614 0.0922566 0.0953546 0.1056044 0.1345723 0.0911951 0.1233516 0.1469840 0.0951831 0.0902078 0.1238197 0.1229075 0.1174770 0.1403665 0.0977977 0.1110708 0.1336497 0.1425081 0.1276124 0.1039827 0.1201556 0.0855432 0.1049420 0.0925759 0.0000000 0.0910483 0.0945245 0.1380086 0.1255598 0.1339817 2.2204904 2.2204904 
Acrobatidae_Distoechurus_pennatus            0.0620473 0.0994518 0.0649177 0.0685014 0.0667530 0.1052010 0.0664584 0.0641702 0.0716113 0.1108863 0.0632625 0.1098598 0.1325415 0.0667816 0.0375381 0.1080441 0.1055859 0.1017411 0.1099979 0.0672998 0.0838623 0.1069530 0.1139982 0.1084174 0.0692702 0.0850074 0.0630094 0.0714095 0.0652944 0.0910483 0.0000000 0.0630513 0.1078102 0.1076858 0.1088958 1.0888756 1.0888756 
Phalangeridae_Phalanger_carmelitae           0.0502173 0.0986459 0.0675891 0.0604807 0.0606657 0.1016067 0.0192386 0.0115601 0.0675853 0.1083614 0.0102125 0.1051734 0.1243626 0.0030133 0.0705268 0.1022897 0.1042143 0.1016607 0.1088178 0.0626490 0.0871464 0.1044714 0.1065445 0.1033988 0.0658302 0.0827590 0.0662326 0.0657103 0.0710212 0.0945245 0.0630513 0.0000000 0.1058206 0.1049764 0.1053617 0.8299198 0.8299198 
Peramelidae_Peroryctes_raffrayana            0.0995530 0.1157405 0.1014111 0.1116087 0.1035700 0.1253655 0.1073051 0.1092757 0.1180158 0.0231307 0.1063777 0.1232911 0.1534870 0.1055635 0.1084215 0.1238465 0.1272080 0.1226212 0.0179928 0.1083682 0.1417360 0.1254422 0.1331405 0.1257008 0.1122912 0.1057988 0.1145973 0.1155672 0.1255216 0.1380086 0.1078102 0.1058206 0.0000000 0.1244939 0.0226297 0.8767074 0.8767074 
Dasyuridae_Dasyurus_geffroii                 0.0969609 0.1199240 0.1016761 0.1077799 0.0994765 0.0073095 0.1037095 0.1066984 0.1144292 0.1265411 0.1060473 0.0238330 0.0513595 0.1066600 0.1008532 0.0214449 0.0106769 0.0247277 0.1278917 0.1038848 0.1432846 0.1221462 0.1263441 0.0233031 0.1093803 0.1052455 0.1104003 0.1117375 0.1253991 0.1255598 0.1076858 0.1049764 0.1244939 0.0000000 0.1259458 0.1400968 0.1400968 
Peramelidae_Perameles_gunnii                 0.0979884 0.1144603 0.0993179 0.1127879 0.1053008 0.1262053 0.1066703 0.1091262 0.1191135 0.0013513 0.1051260 0.1236193 0.1521215 0.1077263 0.1105533 0.1244480 0.1293469 0.1239240 0.0210471 0.1102561 0.1407538 0.1234901 0.1274535 0.1274245 0.1111503 0.1068757 0.1110956 0.1149333 0.1222289 0.1339817 0.1088958 0.1053617 0.0226297 0.1259458 0.0000000 0.7956382 0.7956382 
Myrmecobiidae_Myrmecobius_fasciatus1         0.7795880 0.9361237 0.6311130 0.8239481 0.8257255 0.1397636 0.7802873 0.7848018 0.8796651 1.0134544 0.8336250 0.1512427 0.1383887 0.7923112 9.0000000 0.1274039 0.1507294 0.1700959 1.0056249 0.7527312 0.7722200 1.0690627 1.0175197 0.1646957 0.8709845 0.7589757 0.8320274 0.7187934 0.7532013 2.2204904 1.0888756 0.8299198 0.8767074 0.1400968 0.7956382 0.0000000 0.0000010 
Myrmecobiidae_Myrmecobius_fasciatus2         0.7795880 0.9361237 0.6311130 0.8239481 0.8257255 0.1397636 0.7802873 0.7848018 0.8796651 1.0134544 0.8336250 0.1512427 0.1383887 0.7923112 9.0000000 0.1274039 0.1507294 0.1700959 1.0056249 0.7527312 0.7722200 1.0690627 1.0175197 0.1646957 0.8709845 0.7589757 0.8320274 0.7187934 0.7532013 2.2204904 1.0888756 0.8299198 0.8767074 0.1400968 0.7956382 0.0000010 0.0000000 
