35
Burramyidae_Burramys_parvus                  0.0000000 0.1340787 0.0812072 0.0939822 0.0969615 0.1429149 0.0783145 0.0945855 0.0937125 0.1203001 0.0969309 0.1418344 0.1425584 0.0905079 0.0998893 0.1414385 0.1359371 0.1412291 0.1135862 0.0835835 0.0855681 0.1440688 0.1412214 0.1321206 0.0780120 0.1303306 0.0748296 0.0788541 0.0803088 0.1211689 0.0944819 0.0915236 0.1174106 0.1419040 0.1214631 
Notoryctidae_Notoryctes_typhlops             0.1340787 0.0000000 0.1146017 0.1368658 0.1401759 0.1626688 0.1153623 0.1428197 0.1312326 0.1336540 0.1421712 0.1620696 0.1620829 0.1373814 0.1295698 0.1629798 0.1573443 0.1551806 0.1255495 0.1215047 0.1248494 0.1581274 0.1519380 0.1543220 0.1201993 0.1567918 0.1149657 0.1122769 0.1212138 0.1518031 0.1275457 0.1368148 0.1212206 0.1613997 0.1295089 
Vombatidae_Lasiorhinus_latifrons             0.0812072 0.1146017 0.0000000 0.0834647 0.0866428 0.1215118 0.0696271 0.0927568 0.0812983 0.1061809 0.0932555 0.1230119 0.1195106 0.0862174 0.0796935 0.1244778 0.1157344 0.1185775 0.0986197 0.0743612 0.0786494 0.1161232 0.1092233 0.1148083 0.0702661 0.1058490 0.0724160 0.0693138 0.0757693 0.1030479 0.0811910 0.0850607 0.1001529 0.1207265 0.1049931 
Potoroidae_Bettongia_penicillata             0.0939822 0.1368658 0.0834647 0.0000000 0.0050557 0.1409358 0.0797631 0.1040412 0.0177282 0.1256889 0.1025628 0.1442930 0.1389146 0.0970985 0.0963829 0.1442585 0.1352618 0.1325034 0.1155173 0.0350609 0.0957925 0.1303436 0.1276851 0.1320418 0.0553058 0.1213408 0.0881008 0.0326841 0.0952947 0.1265749 0.0939494 0.0968950 0.1160758 0.1395388 0.1242234 
Potoroidae_Bettongia_lesueur                 0.0969615 0.1401759 0.0866428 0.0050557 0.0000000 0.1462070 0.0839804 0.1064000 0.0181379 0.1307574 0.1071161 0.1482748 0.1422034 0.1003099 0.0972555 0.1481720 0.1404513 0.1352160 0.1171570 0.0377631 0.0989095 0.1350555 0.1302718 0.1356053 0.0555142 0.1236330 0.0894782 0.0332109 0.0963769 0.1309265 0.0937496 0.1003318 0.1194246 0.1447797 0.1285760 
Dasyuridae_Dasyurus_maculatus                0.1429149 0.1626688 0.1215118 0.1409358 0.1462070 0.0000000 0.1236122 0.1479775 0.1392369 0.1247125 0.1477381 0.0221120 0.0371757 0.1377622 0.1391155 0.0225135 0.0057358 0.0361623 0.1270654 0.1296790 0.1347005 0.1578883 0.1522527 0.0177632 0.1226271 0.1449157 0.1291308 0.1255316 0.1386806 0.1606593 0.1343234 0.1334422 0.1235326 0.0067213 0.1245542 
Phalangeridae_Trichosurus_vulpecula          0.0783145 0.1153623 0.0696271 0.0797631 0.0839804 0.1236122 0.0000000 0.0306846 0.0816008 0.1101049 0.0295672 0.1238487 0.1271959 0.0271399 0.0731625 0.1231738 0.1155109 0.1195568 0.1032103 0.0733430 0.0815422 0.1229808 0.1196561 0.1146386 0.0694761 0.1132326 0.0680116 0.0648652 0.0759263 0.0966923 0.0751166 0.0271609 0.1043662 0.1237493 0.1102061 
Phalangeridae_Spilocuscus_maculatus          0.0945855 0.1428197 0.0927568 0.1040412 0.1064000 0.1479775 0.0306846 0.0000000 0.0979931 0.1284689 0.0246282 0.1530755 0.1506266 0.0167389 0.1043957 0.1522691 0.1429429 0.1468585 0.1189738 0.0955383 0.0997987 0.1422424 0.1430030 0.1404662 0.0863744 0.1278188 0.0896094 0.0919628 0.0986838 0.1322708 0.1006876 0.0164283 0.1203850 0.1484422 0.1282160 
Potoroidae_Aepyprymnus_rufescens             0.0937125 0.1312326 0.0812983 0.0177282 0.0181379 0.1392369 0.0816008 0.0979931 0.0000000 0.1222974 0.0973478 0.1431156 0.1368793 0.0937705 0.0935136 0.1430817 0.1328362 0.1309832 0.1142395 0.0365807 0.0919956 0.1277533 0.1267712 0.1314321 0.0526711 0.1214880 0.0832932 0.0326331 0.0884178 0.1277243 0.0922507 0.0936812 0.1133056 0.1377154 0.1213447 
Peramelidae_Perameles_nasuta                 0.1203001 0.1336540 0.1061809 0.1256889 0.1307574 0.1247125 0.1101049 0.1284689 0.1222974 0.0000000 0.1273679 0.1259406 0.1236168 0.1222195 0.1191098 0.1276135 0.1228062 0.1222887 0.0216698 0.1182801 0.1188261 0.1431005 0.1389728 0.1194971 0.1061311 0.1416919 0.1127761 0.1119359 0.1181567 0.1495807 0.1160677 0.1195376 0.0205777 0.1292810 0.0012644 
Phalangeridae_Strigocuscus_pelengensis       0.0969309 0.1421712 0.0932555 0.1025628 0.1071161 0.1477381 0.0295672 0.0246282 0.0973478 0.1273679 0.0000000 0.1515270 0.1495137 0.0182289 0.1016973 0.1510566 0.1428009 0.1471833 0.1200288 0.0945457 0.1009479 0.1483115 0.1473257 0.1390708 0.0883228 0.1181139 0.0921404 0.0896762 0.1000659 0.1319397 0.1015222 0.0186099 0.1201322 0.1476640 0.1271348 
Dasyuridae_Phascogale_tapoatafa              0.1418344 0.1620696 0.1230119 0.1442930 0.1482748 0.0221120 0.1238487 0.1530755 0.1431156 0.1259406 0.1515270 0.0000000 0.0367507 0.1431384 0.1336082 0.0028173 0.0178614 0.0358850 0.1256796 0.1321156 0.1389309 0.1520116 0.1527300 0.0079194 0.1243528 0.1414103 0.1327335 0.1260274 0.1380846 0.1617660 0.1305112 0.1388238 0.1222793 0.0224996 0.1244691 
Dasyuridae_Sminthopsis_macroura              0.1425584 0.1620829 0.1195106 0.1389146 0.1422034 0.0371757 0.1271959 0.1506266 0.1368793 0.1236168 0.1495137 0.0367507 0.0000000 0.1396581 0.1351785 0.0372124 0.0323767 0.0258652 0.1257549 0.1264403 0.1353439 0.1520076 0.1532399 0.0341058 0.1230013 0.1435131 0.1309423 0.1233037 0.1407932 0.1607080 0.1311458 0.1352992 0.1219112 0.0371463 0.1223767 
Phalangeridae_Phalanger_orientalis           0.0905079 0.1373814 0.0862174 0.0970985 0.1003099 0.1377622 0.0271399 0.0167389 0.0937705 0.1222195 0.0182289 0.1431384 0.1396581 0.0000000 0.0983880 0.1424227 0.1330237 0.1363147 0.1132416 0.0880923 0.0937606 0.1364976 0.1400129 0.1295045 0.0850638 0.1158133 0.0837648 0.0838126 0.0917528 0.1224807 0.0959907 0.0047591 0.1151118 0.1370286 0.1220600 
Acrobatidae_Acrobates_pygmaeus               0.0998893 0.1295698 0.0796935 0.0963829 0.0972555 0.1391155 0.0731625 0.1043957 0.0935136 0.1191098 0.1016973 0.1336082 0.1351785 0.0983880 0.0000000 0.1335767 0.1315338 0.1321033 0.1131758 0.0842339 0.0811622 0.1339631 0.1304232 0.1269692 0.0831683 0.1267157 0.0699085 0.0820461 0.0784773 0.1094896 0.0398249 0.0971059 0.1141529 0.1345863 0.1175307 
Dasyuridae_Phascogale_calura                 0.1414385 0.1629798 0.1244778 0.1442585 0.1481720 0.0225135 0.1231738 0.1522691 0.1430817 0.1276135 0.1510566 0.0028173 0.0372124 0.1424227 0.1335767 0.0000000 0.0182467 0.0359095 0.1263984 0.1320845 0.1388983 0.1552683 0.1553967 0.0079234 0.1243236 0.1427450 0.1320895 0.1259976 0.1363669 0.1617271 0.1337408 0.1380721 0.1229398 0.0229023 0.1265696 
Dasyuridae_Sarcophilus_harrisii              0.1359371 0.1573443 0.1157344 0.1352618 0.1404513 0.0057358 0.1155109 0.1429429 0.1328362 0.1228062 0.1428009 0.0178614 0.0323767 0.1330237 0.1315338 0.0182467 0.0000000 0.0302319 0.1231573 0.1234857 0.1296516 0.1490495 0.1445339 0.0136332 0.1160888 0.1417038 0.1236877 0.1187852 0.1323838 0.1539864 0.1270244 0.1287682 0.1183647 0.0074101 0.1218661 
Dasyuridae_Planigale_tenuirostris            0.1412291 0.1551806 0.1185775 0.1325034 0.1352160 0.0361623 0.1195568 0.1468585 0.1309832 0.1222887 0.1471833 0.0358850 0.0258652 0.1363147 0.1321033 0.0359095 0.0302319 0.0000000 0.1193449 0.1221724 0.1272007 0.1451472 0.1442854 0.0295621 0.1142752 0.1431111 0.1254187 0.1179700 0.1368046 0.1550541 0.1249545 0.1324377 0.1161307 0.0366461 0.1200940 
Peramelidae_Echymipera_kalubu                0.1135862 0.1255495 0.0986197 0.1155173 0.1171570 0.1270654 0.1032103 0.1189738 0.1142395 0.0216698 0.1200288 0.1256796 0.1257549 0.1132416 0.1131758 0.1263984 0.1231573 0.1193449 0.0000000 0.1090676 0.1149422 0.1330606 0.1315690 0.1160107 0.1000117 0.1331825 0.1054388 0.1015477 0.1116500 0.1465583 0.1101915 0.1107394 0.0125435 0.1295452 0.0198892 
Macropodidae_Dorcopsulus_vanheurni           0.0835835 0.1215047 0.0743612 0.0350609 0.0377631 0.1296790 0.0733430 0.0955383 0.0365807 0.1182801 0.0945457 0.1321156 0.1264403 0.0880923 0.0842339 0.1320845 0.1234857 0.1221724 0.1090676 0.0000000 0.0865122 0.1195407 0.1172639 0.1219924 0.0452314 0.1177512 0.0783898 0.0140651 0.0849598 0.1132572 0.0811116 0.0885490 0.1069771 0.1276718 0.1161600 
Pseudochiridae_Pseudochirulus_forbesi        0.0855681 0.1248494 0.0786494 0.0957925 0.0989095 0.1347005 0.0815422 0.0997987 0.0919956 0.1188261 0.1009479 0.1389309 0.1353439 0.0937606 0.0811622 0.1388983 0.1296516 0.1272007 0.1149422 0.0865122 0.0000000 0.1319987 0.1274004 0.1314836 0.0803498 0.1295921 0.0355026 0.0839797 0.0172588 0.0928589 0.0795235 0.0943834 0.1140015 0.1354956 0.1177523 
Didelphidae_Didelphis_virginiana             0.1440688 0.1581274 0.1161232 0.1303436 0.1350555 0.1578883 0.1229808 0.1422424 0.1277533 0.1431005 0.1483115 0.1520116 0.1520076 0.1364976 0.1339631 0.1552683 0.1490495 0.1451472 0.1330606 0.1195407 0.1319987 0.0000000 0.0392277 0.1490801 0.1240969 0.1606215 0.1250529 0.1162015 0.1287858 0.1611092 0.1322043 0.1332082 0.1323368 0.1557132 0.1424093 
Marmosidae_Monodelphis_domestica             0.1412214 0.1519380 0.1092233 0.1276851 0.1302718 0.1522527 0.1196561 0.1430030 0.1267712 0.1389728 0.1473257 0.1527300 0.1532399 0.1400129 0.1304232 0.1553967 0.1445339 0.1442854 0.1315690 0.1172639 0.1274004 0.0392277 0.0000000 0.1458291 0.1170842 0.1544305 0.1223174 0.1162693 0.1263106 0.1533317 0.1252664 0.1346178 0.1300345 0.1512601 0.1370574 
Dasyuridae_Antechinus_stuartii               0.1321206 0.1543220 0.1148083 0.1320418 0.1356053 0.0177632 0.1146386 0.1404662 0.1314321 0.1194971 0.1390708 0.0079194 0.0341058 0.1295045 0.1269692 0.0079234 0.0136332 0.0295621 0.1160107 0.1219924 0.1314836 0.1490801 0.1458291 0.0000000 0.1160192 0.1351793 0.1221526 0.1156799 0.1301786 0.1526474 0.1243709 0.1255637 0.1141912 0.0181490 0.1182334 
Hypsiprymnodontidae_Hypsiprymnodon_moschatus 0.0780120 0.1201993 0.0702661 0.0553058 0.0555142 0.1226271 0.0694761 0.0863744 0.0526711 0.1061311 0.0883228 0.1243528 0.1230013 0.0850638 0.0831683 0.1243236 0.1160888 0.1142752 0.1000117 0.0452314 0.0803498 0.1240969 0.1170842 0.1160192 0.0000000 0.1137272 0.0694207 0.0411687 0.0771133 0.1139192 0.0809545 0.0844948 0.1012201 0.1224027 0.1048008 
Microbiotheriidae_Dromiciops_gliroides       0.1303306 0.1567918 0.1058490 0.1213408 0.1236330 0.1449157 0.1132326 0.1278188 0.1214880 0.1416919 0.1181139 0.1414103 0.1435131 0.1158133 0.1267157 0.1427450 0.1417038 0.1431111 0.1331825 0.1177512 0.1295921 0.1606215 0.1544305 0.1351793 0.1137272 0.0000000 0.1221264 0.1041541 0.1298733 0.1414415 0.1270053 0.1150244 0.1315749 0.1483102 0.1412385 
Pseudochiridae_Petauroides_volans            0.0748296 0.1149657 0.0724160 0.0881008 0.0894782 0.1291308 0.0680116 0.0896094 0.0832932 0.1127761 0.0921404 0.1327335 0.1309423 0.0837648 0.0699085 0.1320895 0.1236877 0.1254187 0.1054388 0.0783898 0.0355026 0.1250529 0.1223174 0.1221526 0.0694207 0.1221264 0.0000000 0.0761110 0.0332792 0.0856195 0.0713358 0.0844822 0.1065468 0.1284475 0.1126793 
Macropodidae_Wallabia_bicolor                0.0788541 0.1122769 0.0693138 0.0326841 0.0332109 0.1255316 0.0648652 0.0919628 0.0326331 0.1119359 0.0896762 0.1260274 0.1233037 0.0838126 0.0820461 0.1259976 0.1187852 0.1179700 0.1015477 0.0140651 0.0839797 0.1162015 0.1162693 0.1156799 0.0411687 0.1041541 0.0761110 0.0000000 0.0799480 0.1077905 0.0765433 0.0843808 0.1016259 0.1230624 0.1091648 
Pseudochiridae_Pseudocheirus_occidentalis    0.0803088 0.1212138 0.0757693 0.0952947 0.0963769 0.1386806 0.0759263 0.0986838 0.0884178 0.1181567 0.1000659 0.1380846 0.1407932 0.0917528 0.0784773 0.1363669 0.1323838 0.1368046 0.1116500 0.0849598 0.0172588 0.1287858 0.1263106 0.1301786 0.0771133 0.1298733 0.0332792 0.0799480 0.0000000 0.0851018 0.0754936 0.0931520 0.1153141 0.1387560 0.1169627 
Tarsipedidae_Tarsipes_rostratus              0.1211689 0.1518031 0.1030479 0.1265749 0.1309265 0.1606593 0.0966923 0.1322708 0.1277243 0.1495807 0.1319397 0.1617660 0.1607080 0.1224807 0.1094896 0.1617271 0.1539864 0.1550541 0.1465583 0.1132572 0.0928589 0.1611092 0.1533317 0.1526474 0.1139192 0.1414415 0.0856195 0.1077905 0.0851018 0.0000000 0.1100267 0.1239560 0.1413103 0.1598075 0.1499724 
Acrobatidae_Distoechurus_pennatus            0.0944819 0.1275457 0.0811910 0.0939494 0.0937496 0.1343234 0.0751166 0.1006876 0.0922507 0.1160677 0.1015222 0.1305112 0.1311458 0.0959907 0.0398249 0.1337408 0.1270244 0.1249545 0.1101915 0.0811116 0.0795235 0.1322043 0.1252664 0.1243709 0.0809545 0.1270053 0.0713358 0.0765433 0.0754936 0.1100267 0.0000000 0.0949842 0.1092056 0.1334730 0.1151238 
Phalangeridae_Phalanger_carmelitae           0.0915236 0.1368148 0.0850607 0.0968950 0.1003318 0.1334422 0.0271609 0.0164283 0.0936812 0.1195376 0.0186099 0.1388238 0.1352992 0.0047591 0.0971059 0.1380721 0.1287682 0.1324377 0.1107394 0.0885490 0.0943834 0.1332082 0.1346178 0.1255637 0.0844948 0.1150244 0.0844822 0.0843808 0.0931520 0.1239560 0.0949842 0.0000000 0.1126269 0.1327250 0.1194143 
Peramelidae_Peroryctes_raffrayana            0.1174106 0.1212206 0.1001529 0.1160758 0.1194246 0.1235326 0.1043662 0.1203850 0.1133056 0.0205777 0.1201322 0.1222793 0.1219112 0.1151118 0.1141529 0.1229398 0.1183647 0.1161307 0.0125435 0.1069771 0.1140015 0.1323368 0.1300345 0.1141912 0.1012201 0.1315749 0.1065468 0.1016259 0.1153141 0.1413103 0.1092056 0.1126269 0.0000000 0.1249013 0.0189691 
Dasyuridae_Dasyurus_geffroii                 0.1419040 0.1613997 0.1207265 0.1395388 0.1447797 0.0067213 0.1237493 0.1484422 0.1377154 0.1292810 0.1476640 0.0224996 0.0371463 0.1370286 0.1345863 0.0229023 0.0074101 0.0366461 0.1295452 0.1276718 0.1354956 0.1557132 0.1512601 0.0181490 0.1224027 0.1483102 0.1284475 0.1230624 0.1387560 0.1598075 0.1334730 0.1327250 0.1249013 0.0000000 0.1282055 
Peramelidae_Perameles_gunnii                 0.1214631 0.1295089 0.1049931 0.1242234 0.1285760 0.1245542 0.1102061 0.1282160 0.1213447 0.0012644 0.1271348 0.1244691 0.1223767 0.1220600 0.1175307 0.1265696 0.1218661 0.1200940 0.0198892 0.1161600 0.1177523 0.1424093 0.1370574 0.1182334 0.1048008 0.1412385 0.1126793 0.1091648 0.1169627 0.1499724 0.1151238 0.1194143 0.0189691 0.1282055 0.0000000 
