35
Burramyidae_Burramys_parvus                  0.0000000 0.1324759 0.0842696 0.0864166 0.0891280 0.1373297 0.0755232 0.0790272 0.0884373 0.1411827 0.0750736 0.1343915 0.1353903 0.0884398 0.1010339 0.1350509 0.1359732 0.1419246 0.1492897 0.0834242 0.0864188 0.1534437 0.1793090 0.1337900 0.0876405 0.1091130 0.0783457 0.0761583 0.0872182 0.0985665 0.0796905 0.0852945 0.1495797 0.1333713 0.1405975 
Notoryctidae_Notoryctes_typhlops             0.1324759 0.0000000 0.1273510 0.1378543 0.1423126 0.1557003 0.1361890 0.1476088 0.1370863 0.1615534 0.1415166 0.1602454 0.1638215 0.1601289 0.1611024 0.1604560 0.1578457 0.1812932 0.1734847 0.1361682 0.1470365 0.1660991 0.1930853 0.1646055 0.1432648 0.1344740 0.1405714 0.1299309 0.1660769 0.1520847 0.1313307 0.1566591 0.1710865 0.1560976 0.1599540 
Vombatidae_Lasiorhinus_latifrons             0.0842696 0.1273510 0.0000000 0.0947667 0.0983760 0.1340037 0.0834222 0.0865399 0.0970208 0.1373151 0.0840648 0.1324898 0.1349334 0.0954359 0.1032461 0.1320136 0.1354039 0.1344399 0.1478817 0.0905924 0.0948870 0.1327507 0.1619460 0.1266626 0.0968469 0.1034921 0.0873444 0.0837595 0.1001798 0.1063531 0.0803639 0.0950573 0.1486055 0.1309303 0.1356648 
Potoroidae_Bettongia_penicillata             0.0864166 0.1378543 0.0947667 0.0000000 0.0076950 0.1470791 0.0901508 0.0909538 0.0156082 0.1500836 0.0848275 0.1452781 0.1462945 0.1001851 0.1115461 0.1461843 0.1503546 0.1538184 0.1608120 0.0310828 0.0978193 0.1467034 0.1738652 0.1478221 0.0599240 0.1246771 0.0942469 0.0250709 0.1067389 0.1024862 0.0920312 0.0962027 0.1608100 0.1457787 0.1492482 
Potoroidae_Bettongia_lesueur                 0.0891280 0.1423126 0.0983760 0.0076950 0.0000000 0.1516057 0.0937237 0.0956182 0.0193892 0.1544151 0.0912985 0.1508279 0.1511251 0.1057397 0.1143279 0.1515437 0.1559899 0.1626829 0.1635986 0.0350153 0.1020116 0.1454624 0.1839686 0.1543588 0.0632181 0.1275969 0.0980889 0.0288741 0.1138376 0.1058653 0.0947177 0.1034990 0.1649396 0.1503427 0.1535445 
Dasyuridae_Dasyurus_maculatus                0.1373297 0.1557003 0.1340037 0.1470791 0.1516057 0.0000000 0.1338510 0.1367011 0.1497285 0.1631135 0.1398677 0.0286796 0.0429907 0.1499724 0.1668318 0.0298794 0.0124239 0.0462678 0.1673737 0.1420629 0.1517919 0.1582279 0.1943943 0.0299874 0.1514204 0.1318324 0.1438079 0.1366679 0.1687275 0.1576794 0.1424004 0.1507464 0.1654300 0.0061418 0.1613054 
Phalangeridae_Trichosurus_vulpecula          0.0755232 0.1361890 0.0834222 0.0901508 0.0937237 0.1338510 0.0000000 0.0397480 0.0883560 0.1418786 0.0429300 0.1336939 0.1342971 0.0453338 0.1006567 0.1332347 0.1362673 0.1384909 0.1503336 0.0871934 0.0906108 0.1613742 0.1763508 0.1330609 0.0862818 0.1116129 0.0841515 0.0805412 0.0986746 0.1010305 0.0798372 0.0463923 0.1470570 0.1310810 0.1412972 
Phalangeridae_Spilocuscus_maculatus          0.0790272 0.1476088 0.0865399 0.0909538 0.0956182 0.1367011 0.0397480 0.0000000 0.0923747 0.1436493 0.0303074 0.1353581 0.1347768 0.0245275 0.1020739 0.1361692 0.1372063 0.1415917 0.1525845 0.0884953 0.0931592 0.1564544 0.1823752 0.1358241 0.0937671 0.1127462 0.0854371 0.0812808 0.0963329 0.1081673 0.0822650 0.0244370 0.1497127 0.1327598 0.1430555 
Potoroidae_Aepyprymnus_rufescens             0.0884373 0.1370863 0.0970208 0.0156082 0.0193892 0.1497285 0.0883560 0.0923747 0.0000000 0.1539573 0.0855766 0.1497080 0.1509419 0.1023031 0.1097158 0.1493115 0.1534558 0.1615588 0.1611381 0.0266709 0.1016060 0.1525201 0.1783799 0.1504393 0.0602805 0.1259508 0.0986613 0.0240804 0.1135548 0.1017978 0.0930069 0.1011139 0.1619198 0.1493349 0.1536901 
Peramelidae_Perameles_nasuta                 0.1411827 0.1615534 0.1373151 0.1500836 0.1544151 0.1631135 0.1418786 0.1436493 0.1539573 0.0000000 0.1388037 0.1618570 0.1629588 0.1571023 0.1711711 0.1625048 0.1631031 0.1794619 0.0288981 0.1511490 0.1575002 0.1694174 0.2024016 0.1660743 0.1502573 0.1474847 0.1543605 0.1382885 0.1764414 0.1706433 0.1441372 0.1519409 0.0245171 0.1596233 0.0014713 
Phalangeridae_Strigocuscus_pelengensis       0.0750736 0.1415166 0.0840648 0.0848275 0.0912985 0.1398677 0.0429300 0.0303074 0.0855766 0.1388037 0.0000000 0.1397200 0.1390217 0.0352120 0.0983408 0.1403643 0.1403814 0.1456416 0.1474184 0.0841068 0.0866717 0.1441317 0.1822200 0.1360796 0.0869192 0.1087242 0.0858997 0.0752063 0.0925815 0.0978552 0.0787861 0.0302044 0.1431333 0.1352337 0.1371186 
Dasyuridae_Phascogale_tapoatafa              0.1343915 0.1602454 0.1324898 0.1452781 0.1508279 0.0286796 0.1336939 0.1353581 0.1497080 0.1618570 0.1397200 0.0000000 0.0423436 0.1496857 0.1634567 0.0042041 0.0294852 0.0433299 0.1682712 0.1414069 0.1531251 0.1583584 0.1951597 0.0204023 0.1517991 0.1322328 0.1428372 0.1350330 0.1631630 0.1541031 0.1356160 0.1481369 0.1679035 0.0278215 0.1600492 
Dasyuridae_Sminthopsis_macroura              0.1353903 0.1638215 0.1349334 0.1462945 0.1511251 0.0429907 0.1342971 0.1347768 0.1509419 0.1629588 0.1390217 0.0423436 0.0000000 0.1501036 0.1559945 0.0422964 0.0461300 0.0419513 0.1704986 0.1415580 0.1517939 0.1486793 0.1890139 0.0494235 0.1477072 0.1351863 0.1389391 0.1331708 0.1635432 0.1574862 0.1308147 0.1490629 0.1677921 0.0406818 0.1610175 
Phalangeridae_Phalanger_orientalis           0.0884398 0.1601289 0.0954359 0.1001851 0.1057397 0.1499724 0.0453338 0.0245275 0.1023031 0.1571023 0.0352120 0.1496857 0.1501036 0.0000000 0.1122629 0.1506841 0.1510919 0.1610262 0.1673121 0.0971028 0.1028251 0.1765235 0.1995467 0.1494794 0.1030650 0.1244611 0.0953420 0.0919706 0.1064829 0.1154931 0.0910833 0.0095210 0.1623584 0.1476112 0.1564346 
Acrobatidae_Acrobates_pygmaeus               0.1010339 0.1611024 0.1032461 0.1115461 0.1143279 0.1668318 0.1006567 0.1020739 0.1097158 0.1711711 0.0983408 0.1634567 0.1559945 0.1122629 0.0000000 0.1640713 0.1690008 0.1800735 0.1762059 0.1090501 0.1074355 0.1405767 0.1914148 0.1675401 0.1141007 0.1297660 0.0976618 0.1003469 0.1163392 0.1157394 0.0543749 0.1109669 0.1757548 0.1630358 0.1692846 
Dasyuridae_Phascogale_calura                 0.1350509 0.1604560 0.1320136 0.1461843 0.1515437 0.0298794 0.1332347 0.1361692 0.1493115 0.1625048 0.1403643 0.0042041 0.0422964 0.1506841 0.1640713 0.0000000 0.0298283 0.0437987 0.1689239 0.1415265 0.1532680 0.1591945 0.1933175 0.0207705 0.1524485 0.1320400 0.1423099 0.1362911 0.1628758 0.1550600 0.1351317 0.1487895 0.1687149 0.0290196 0.1606954 
Dasyuridae_Sarcophilus_harrisii              0.1359732 0.1578457 0.1354039 0.1503546 0.1559899 0.0124239 0.1362673 0.1372063 0.1534558 0.1631031 0.1403814 0.0294852 0.0461300 0.1510919 0.1690008 0.0298283 0.0000000 0.0502250 0.1685726 0.1443123 0.1544303 0.1613875 0.1966315 0.0339047 0.1547426 0.1312893 0.1452355 0.1384252 0.1677829 0.1576402 0.1420992 0.1512506 0.1678736 0.0108293 0.1612964 
Dasyuridae_Planigale_tenuirostris            0.1419246 0.1812932 0.1344399 0.1538184 0.1626829 0.0462678 0.1384909 0.1415917 0.1615588 0.1794619 0.1456416 0.0433299 0.0419513 0.1610262 0.1800735 0.0437987 0.0502250 0.0000000 0.1882487 0.1522327 0.1681034 0.1686083 0.2094630 0.0505468 0.1622989 0.1487320 0.1549929 0.1419038 0.2506478 0.1750950 0.1457854 0.1578569 0.1864626 0.0466426 0.1772343 
Peramelidae_Echymipera_kalubu                0.1492897 0.1734847 0.1478817 0.1608120 0.1635986 0.1673737 0.1503336 0.1525845 0.1611381 0.0288981 0.1474184 0.1682712 0.1704986 0.1673121 0.1762059 0.1689239 0.1685726 0.1882487 0.0000000 0.1606146 0.1656094 0.1881083 0.2168056 0.1692933 0.1579159 0.1556788 0.1649049 0.1501978 0.1879065 0.1803629 0.1529415 0.1630977 0.0266236 0.1650283 0.0283926 
Macropodidae_Dorcopsulus_vanheurni           0.0834242 0.1361682 0.0905924 0.0310828 0.0350153 0.1420629 0.0871934 0.0884953 0.0266709 0.1511490 0.0841068 0.1414069 0.1415580 0.0971028 0.1090501 0.1415265 0.1443123 0.1522327 0.1606146 0.0000000 0.1008096 0.1385461 0.1760850 0.1401162 0.0577315 0.1213644 0.0941660 0.0137572 0.1097005 0.1004282 0.0885528 0.0964805 0.1612094 0.1404648 0.1494070 
Pseudochiridae_Pseudochirulus_forbesi        0.0864188 0.1470365 0.0948870 0.0978193 0.1020116 0.1517919 0.0906108 0.0931592 0.1016060 0.1575002 0.0866717 0.1531251 0.1517939 0.1028251 0.1074355 0.1532680 0.1544303 0.1681034 0.1656094 0.1008096 0.0000000 0.1777565 0.1957090 0.1546598 0.1021297 0.1223303 0.0482098 0.0898205 0.0274534 0.0967761 0.0805011 0.1005535 0.1667249 0.1496782 0.1563768 
Didelphidae_Didelphis_virginiana             0.1534437 0.1660991 0.1327507 0.1467034 0.1454624 0.1582279 0.1613742 0.1564544 0.1525201 0.1694174 0.1441317 0.1583584 0.1486793 0.1765235 0.1405767 0.1591945 0.1613875 0.1686083 0.1881083 0.1385461 0.1777565 0.0000000 0.0523593 0.1524012 0.1467767 0.1420282 0.1645841 0.1366037 0.2176786 0.1716720 0.1437670 0.1768856 0.1813728 0.1565700 0.1668679 
Marmosidae_Monodelphis_domestica             0.1793090 0.1930853 0.1619460 0.1738652 0.1839686 0.1943943 0.1763508 0.1823752 0.1783799 0.2024016 0.1822200 0.1951597 0.1890139 0.1995467 0.1914148 0.1933175 0.1966315 0.2094630 0.2168056 0.1760850 0.1957090 0.0523593 0.0000000 0.1938375 0.1830634 0.1509114 0.1897561 0.1728598 0.2298157 0.2008262 0.1701632 0.2009849 0.2075099 0.1900120 0.2008562 
Dasyuridae_Antechinus_stuartii               0.1337900 0.1646055 0.1266626 0.1478221 0.1543588 0.0299874 0.1330609 0.1358241 0.1504393 0.1660743 0.1360796 0.0204023 0.0494235 0.1494794 0.1675401 0.0207705 0.0339047 0.0505468 0.1692933 0.1401162 0.1546598 0.1524012 0.1938375 0.0000000 0.1489272 0.1357826 0.1461774 0.1368698 0.1627110 0.1564788 0.1344243 0.1481366 0.1722804 0.0295268 0.1641762 
Hypsiprymnodontidae_Hypsiprymnodon_moschatus 0.0876405 0.1432648 0.0968469 0.0599240 0.0632181 0.1514204 0.0862818 0.0937671 0.0602805 0.1502573 0.0869192 0.1517991 0.1477072 0.1030650 0.1141007 0.1524485 0.1547426 0.1622989 0.1579159 0.0577315 0.1021297 0.1467767 0.1830634 0.1489272 0.0000000 0.1228671 0.1001880 0.0533612 0.1072841 0.1057389 0.0947320 0.0988304 0.1551814 0.1497886 0.1485298 
Microbiotheriidae_Dromiciops_gliroides       0.1091130 0.1344740 0.1034921 0.1246771 0.1275969 0.1318324 0.1116129 0.1127462 0.1259508 0.1474847 0.1087242 0.1322328 0.1351863 0.1244611 0.1297660 0.1320400 0.1312893 0.1487320 0.1556788 0.1213644 0.1223303 0.1420282 0.1509114 0.1357826 0.1228671 0.0000000 0.1162044 0.1089705 0.1337598 0.1321997 0.1113257 0.1235588 0.1529725 0.1283783 0.1456958 
Pseudochiridae_Petauroides_volans            0.0783457 0.1405714 0.0873444 0.0942469 0.0980889 0.1438079 0.0841515 0.0854371 0.0986613 0.1543605 0.0858997 0.1428372 0.1389391 0.0953420 0.0976618 0.1423099 0.1452355 0.1549929 0.1649049 0.0941660 0.0482098 0.1645841 0.1897561 0.1461774 0.1001880 0.1162044 0.0000000 0.0848699 0.0444528 0.0914925 0.0756948 0.0941790 0.1643930 0.1401060 0.1544183 
Macropodidae_Wallabia_bicolor                0.0761583 0.1299309 0.0837595 0.0250709 0.0288741 0.1366679 0.0805412 0.0812808 0.0240804 0.1382885 0.0752063 0.1350330 0.1331708 0.0919706 0.1003469 0.1362911 0.1384252 0.1419038 0.1501978 0.0137572 0.0898205 0.1366037 0.1728598 0.1368698 0.0533612 0.1089705 0.0848699 0.0000000 0.0956542 0.0995249 0.0801155 0.0909238 0.1477415 0.1344488 0.1369880 
Pseudochiridae_Pseudocheirus_occidentalis    0.0872182 0.1660769 0.1001798 0.1067389 0.1138376 0.1687275 0.0986746 0.0963329 0.1135548 0.1764414 0.0925815 0.1631630 0.1635432 0.1064829 0.1163392 0.1628758 0.1677829 0.2506478 0.1879065 0.1097005 0.0274534 0.2176786 0.2298157 0.1627110 0.1072841 0.1337598 0.0444528 0.0956542 0.0000000 0.0971543 0.0828237 0.1044282 0.1917680 0.1656089 0.1759350 
Tarsipedidae_Tarsipes_rostratus              0.0985665 0.1520847 0.1063531 0.1024862 0.1058653 0.1576794 0.1010305 0.1081673 0.1017978 0.1706433 0.0978552 0.1541031 0.1574862 0.1154931 0.1157394 0.1550600 0.1576402 0.1750950 0.1803629 0.1004282 0.0967761 0.1716720 0.2008262 0.1564788 0.1057389 0.1321997 0.0914925 0.0995249 0.0971543 0.0000000 0.0881053 0.1121913 0.1731432 0.1549847 0.1684110 
Acrobatidae_Distoechurus_pennatus            0.0796905 0.1313307 0.0803639 0.0920312 0.0947177 0.1424004 0.0798372 0.0822650 0.0930069 0.1441372 0.0787861 0.1356160 0.1308147 0.0910833 0.0543749 0.1351317 0.1420992 0.1457854 0.1529415 0.0885528 0.0805011 0.1437670 0.1701632 0.1344243 0.0947320 0.1113257 0.0756948 0.0801155 0.0828237 0.0881053 0.0000000 0.0890075 0.1521596 0.1388336 0.1424532 
Phalangeridae_Phalanger_carmelitae           0.0852945 0.1566591 0.0950573 0.0962027 0.1034990 0.1507464 0.0463923 0.0244370 0.1011139 0.1519409 0.0302044 0.1481369 0.1490629 0.0095210 0.1109669 0.1487895 0.1512506 0.1578569 0.1630977 0.0964805 0.1005535 0.1768856 0.2009849 0.1481366 0.0988304 0.1235588 0.0941790 0.0909238 0.1044282 0.1121913 0.0890075 0.0000000 0.1573315 0.1477921 0.1513036 
Peramelidae_Peroryctes_raffrayana            0.1495797 0.1710865 0.1486055 0.1608100 0.1649396 0.1654300 0.1470570 0.1497127 0.1619198 0.0245171 0.1431333 0.1679035 0.1677921 0.1623584 0.1757548 0.1687149 0.1678736 0.1864626 0.0266236 0.1612094 0.1667249 0.1813728 0.2075099 0.1722804 0.1551814 0.1529725 0.1643930 0.1477415 0.1917680 0.1731432 0.1521596 0.1573315 0.0000000 0.1631061 0.0231898 
Dasyuridae_Dasyurus_geffroii                 0.1333713 0.1560976 0.1309303 0.1457787 0.1503427 0.0061418 0.1310810 0.1327598 0.1493349 0.1596233 0.1352337 0.0278215 0.0406818 0.1476112 0.1630358 0.0290196 0.0108293 0.0466426 0.1650283 0.1404648 0.1496782 0.1565700 0.1900120 0.0295268 0.1497886 0.1283783 0.1401060 0.1344488 0.1656089 0.1549847 0.1388336 0.1477921 0.1631061 0.0000000 0.1578370 
Peramelidae_Perameles_gunnii                 0.1405975 0.1599540 0.1356648 0.1492482 0.1535445 0.1613054 0.1412972 0.1430555 0.1536901 0.0014713 0.1371186 0.1600492 0.1610175 0.1564346 0.1692846 0.1606954 0.1612964 0.1772343 0.0283926 0.1494070 0.1563768 0.1668679 0.2008562 0.1641762 0.1485298 0.1456958 0.1544183 0.1369880 0.1759350 0.1684110 0.1424532 0.1513036 0.0231898 0.1578370 0.0000000 
