35
Burramyidae_Burramys_parvus                  0.0000000 0.0921531 0.0552241 0.0635351 0.0632955 0.0801560 0.0600360 0.0573357 0.0579856 0.0873637 0.0530490 0.0769182 0.0799062 0.0457408 0.0562503 0.0769452 0.0793451 0.0742987 0.0855067 0.0623485 0.0672593 0.0927627 0.0941801 0.0804124 0.0574840 0.0818582 0.0633523 0.0625714 0.0820768 0.0862812 0.0561593 0.0448715 0.0900133 0.0823148 0.0891288 
Notoryctidae_Notoryctes_typhlops             0.0921531 0.0000000 0.0881253 0.1036287 0.1024009 0.1153466 0.0978202 0.1026376 0.1005589 0.1094994 0.0957496 0.1136016 0.1174314 0.0880854 0.0916397 0.1119297 0.1144123 0.1126311 0.1137814 0.1083600 0.1050758 0.1143054 0.1203745 0.1156079 0.1046131 0.1092215 0.1053715 0.1068695 0.1284947 0.1233558 0.0992715 0.0882879 0.1166276 0.1182077 0.1121571 
Vombatidae_Lasiorhinus_latifrons             0.0552241 0.0881253 0.0000000 0.0713256 0.0701588 0.0821980 0.0684184 0.0683773 0.0680641 0.0909436 0.0640240 0.0841795 0.0836268 0.0573681 0.0664337 0.0826374 0.0839592 0.0793263 0.0890368 0.0704923 0.0725589 0.0923247 0.0937218 0.0857813 0.0666268 0.0797158 0.0696963 0.0710912 0.0908716 0.0917351 0.0649701 0.0552151 0.0940246 0.0871611 0.0917516 
Potoroidae_Bettongia_penicillata             0.0635351 0.1036287 0.0713256 0.0000000 0.0055432 0.0938209 0.0796116 0.0763180 0.0160759 0.0983326 0.0669798 0.0944033 0.0948146 0.0639240 0.0680762 0.0955964 0.0940850 0.0924721 0.0951868 0.0319506 0.0774146 0.1025812 0.1049339 0.0980569 0.0426969 0.0948346 0.0762472 0.0299238 0.0950947 0.0975733 0.0686482 0.0616529 0.0999440 0.0978179 0.1011538 
Potoroidae_Bettongia_lesueur                 0.0632955 0.1024009 0.0701588 0.0055432 0.0000000 0.0944953 0.0789115 0.0770106 0.0168198 0.0966391 0.0683132 0.0958183 0.0967047 0.0652081 0.0698872 0.0970152 0.0948199 0.0933071 0.0953983 0.0324004 0.0774796 0.1048467 0.1067919 0.0994977 0.0427773 0.0941739 0.0764836 0.0304024 0.0952775 0.0996054 0.0694189 0.0629199 0.0985735 0.0985118 0.0993729 
Dasyuridae_Dasyurus_maculatus                0.0801560 0.1153466 0.0821980 0.0938209 0.0944953 0.0000000 0.0952322 0.0953047 0.0911196 0.1063769 0.0854023 0.0162132 0.0267844 0.0807646 0.0873642 0.0169276 0.0056506 0.0225533 0.1035702 0.0923765 0.0972604 0.1035349 0.1079915 0.0169156 0.0887186 0.0923491 0.0955291 0.0917943 0.1137782 0.1110381 0.0851290 0.0804516 0.1071403 0.0059844 0.1067753 
Phalangeridae_Trichosurus_vulpecula          0.0600360 0.0978202 0.0684184 0.0796116 0.0789115 0.0952322 0.0000000 0.0251760 0.0731045 0.1008569 0.0368630 0.0924157 0.0941702 0.0337009 0.0746899 0.0936741 0.0956448 0.0899257 0.0965483 0.0749785 0.0854751 0.1019483 0.1015491 0.0956386 0.0715838 0.0903324 0.0761904 0.0744972 0.1015237 0.1005579 0.0754125 0.0318842 0.1013601 0.0978054 0.1023481 
Phalangeridae_Spilocuscus_maculatus          0.0573357 0.1026376 0.0683773 0.0763180 0.0770106 0.0953047 0.0251760 0.0000000 0.0692547 0.0998593 0.0303420 0.0948663 0.0961925 0.0228072 0.0722548 0.0957854 0.0955571 0.0936651 0.0961858 0.0706751 0.0778010 0.1030464 0.0991666 0.0991658 0.0677376 0.0924963 0.0758764 0.0715086 0.0960303 0.1000342 0.0730910 0.0213436 0.1005779 0.0987608 0.1024090 
Potoroidae_Aepyprymnus_rufescens             0.0579856 0.1005589 0.0680641 0.0160759 0.0168198 0.0911196 0.0731045 0.0692547 0.0000000 0.0958723 0.0632408 0.0916169 0.0913472 0.0587131 0.0658040 0.0916727 0.0915651 0.0874796 0.0931988 0.0280021 0.0726090 0.1036340 0.1009143 0.0951239 0.0372982 0.0877058 0.0722477 0.0260898 0.0925716 0.0944935 0.0661538 0.0565374 0.0962675 0.0945067 0.0980524 
Peramelidae_Perameles_nasuta                 0.0873637 0.1094994 0.0909436 0.0983326 0.0966391 0.1063769 0.1008569 0.0998593 0.0958723 0.0000000 0.0949062 0.1073351 0.1068071 0.0897501 0.0921954 0.1059623 0.1058752 0.1001774 0.0239548 0.0991121 0.0958200 0.1148520 0.1218279 0.1100448 0.0944812 0.1041911 0.0971304 0.1001765 0.1312926 0.1233488 0.0901811 0.0884433 0.0262345 0.1110086 0.0006442 
Phalangeridae_Strigocuscus_pelengensis       0.0530490 0.0957496 0.0640240 0.0669798 0.0683132 0.0854023 0.0368630 0.0303420 0.0632408 0.0949062 0.0000000 0.0845967 0.0872149 0.0147696 0.0643473 0.0866899 0.0855866 0.0859380 0.0919541 0.0657964 0.0732503 0.0970439 0.0998819 0.0890788 0.0625726 0.0861223 0.0711606 0.0648954 0.0895543 0.0892597 0.0649298 0.0140285 0.0978487 0.0893410 0.0971703 
Dasyuridae_Phascogale_tapoatafa              0.0769182 0.1136016 0.0841795 0.0944033 0.0958183 0.0162132 0.0924157 0.0948663 0.0916169 0.1073351 0.0845967 0.0000000 0.0266168 0.0801131 0.0890944 0.0053439 0.0147137 0.0211649 0.1041280 0.0952680 0.0993733 0.1049365 0.1080085 0.0077734 0.0896485 0.0915829 0.0966010 0.0936483 0.1115200 0.1134558 0.0879823 0.0797417 0.1062277 0.0179262 0.1083952 
Dasyuridae_Sminthopsis_macroura              0.0799062 0.1174314 0.0836268 0.0948146 0.0967047 0.0267844 0.0941702 0.0961925 0.0913472 0.1068071 0.0872149 0.0266168 0.0000000 0.0817843 0.0913059 0.0262396 0.0259274 0.0202382 0.1026590 0.0955070 0.1030030 0.1065997 0.1058354 0.0273846 0.0920617 0.0947038 0.0981745 0.0959694 0.1190585 0.1153964 0.0916806 0.0814043 0.1064544 0.0285322 0.1077965 
Phalangeridae_Phalanger_orientalis           0.0457408 0.0880854 0.0573681 0.0639240 0.0652081 0.0807646 0.0337009 0.0228072 0.0587131 0.0897501 0.0147696 0.0801131 0.0817843 0.0000000 0.0560341 0.0805570 0.0803140 0.0786149 0.0842482 0.0602539 0.0646300 0.0921784 0.0946691 0.0843898 0.0591431 0.0802526 0.0664191 0.0606119 0.0801075 0.0863469 0.0595880 0.0032147 0.0903101 0.0839598 0.0915170 
Acrobatidae_Acrobates_pygmaeus               0.0562503 0.0916397 0.0664337 0.0680762 0.0698872 0.0873642 0.0746899 0.0722548 0.0658040 0.0921954 0.0643473 0.0890944 0.0913059 0.0560341 0.0000000 0.0886780 0.0890325 0.0852946 0.0908178 0.0690224 0.0591707 0.0936475 0.0985890 0.0905942 0.0671484 0.0903711 0.0592945 0.0700534 0.0751241 0.0846019 0.0342231 0.0558977 0.0912027 0.0928518 0.0934708 
Dasyuridae_Phascogale_calura                 0.0769452 0.1119297 0.0826374 0.0955964 0.0970152 0.0169276 0.0936741 0.0957854 0.0916727 0.1059623 0.0866899 0.0053439 0.0262396 0.0805570 0.0886780 0.0000000 0.0161340 0.0222933 0.1027582 0.0954870 0.0987602 0.1045326 0.1070706 0.0091550 0.0903153 0.0906708 0.0961992 0.0947883 0.1118423 0.1140061 0.0878125 0.0802318 0.1047030 0.0186426 0.1070023 
Dasyuridae_Sarcophilus_harrisii              0.0793451 0.1144123 0.0839592 0.0940850 0.0948199 0.0056506 0.0956448 0.0955571 0.0915651 0.1058752 0.0855866 0.0147137 0.0259274 0.0803140 0.0890325 0.0161340 0.0000000 0.0220851 0.1029901 0.0928150 0.0980485 0.1048236 0.1081580 0.0161363 0.0885293 0.0911550 0.0951512 0.0926450 0.1123383 0.1121671 0.0860615 0.0799414 0.1067302 0.0073095 0.1064424 
Dasyuridae_Planigale_tenuirostris            0.0742987 0.1126311 0.0793263 0.0924721 0.0933071 0.0225533 0.0899257 0.0936651 0.0874796 0.1001774 0.0859380 0.0211649 0.0202382 0.0786149 0.0852946 0.0222933 0.0220851 0.0000000 0.0978308 0.0915863 0.0930761 0.0992762 0.1007123 0.0219098 0.0874294 0.0867794 0.0940246 0.0919951 0.1145678 0.1108345 0.0821696 0.0783002 0.1008694 0.0247661 0.1016502 
Peramelidae_Echymipera_kalubu                0.0855067 0.1137814 0.0890368 0.0951868 0.0953983 0.1035702 0.0965483 0.0961858 0.0931988 0.0239548 0.0919541 0.1041280 0.1026590 0.0842482 0.0908178 0.1027582 0.1029901 0.0978308 0.0000000 0.0969063 0.0969339 0.1063581 0.1140898 0.1068063 0.0927580 0.1035206 0.0946391 0.0970611 0.1237314 0.1200744 0.0891566 0.0820572 0.0223141 0.1076004 0.0253344 
Macropodidae_Dorcopsulus_vanheurni           0.0623485 0.1083600 0.0704923 0.0319506 0.0324004 0.0923765 0.0749785 0.0706751 0.0280021 0.0991121 0.0657964 0.0952680 0.0955070 0.0602539 0.0690224 0.0954870 0.0928150 0.0915863 0.0969063 0.0000000 0.0723971 0.1084243 0.1088779 0.0980340 0.0405793 0.0930345 0.0782043 0.0089692 0.0969248 0.0969358 0.0705149 0.0593537 0.0981931 0.0969713 0.1021840 
Pseudochiridae_Pseudochirulus_forbesi        0.0672593 0.1050758 0.0725589 0.0774146 0.0774796 0.0972604 0.0854751 0.0778010 0.0726090 0.0958200 0.0732503 0.0993733 0.1030030 0.0646300 0.0591707 0.0987602 0.0980485 0.0930761 0.0969339 0.0723971 0.0000000 0.1022748 0.1094622 0.1018168 0.0713875 0.1041070 0.0390253 0.0715868 0.0457762 0.0814101 0.0633264 0.0638550 0.0935471 0.1035647 0.0980602 
Didelphidae_Didelphis_virginiana             0.0927627 0.1143054 0.0923247 0.1025812 0.1048467 0.1035349 0.1019483 0.1030464 0.1036340 0.1148520 0.0970439 0.1049365 0.1065997 0.0921784 0.0936475 0.1045326 0.1048236 0.0992762 0.1063581 0.1084243 0.1022748 0.0000000 0.0341771 0.1038601 0.1049439 0.1055965 0.1014482 0.1051530 0.1329715 0.1246434 0.0929752 0.0895768 0.1166415 0.1048767 0.1155095 
Marmosidae_Monodelphis_domestica             0.0941801 0.1203745 0.0937218 0.1049339 0.1067919 0.1079915 0.1015491 0.0991666 0.1009143 0.1218279 0.0998819 0.1080085 0.1058354 0.0946691 0.0985890 0.1070706 0.1081580 0.1007123 0.1140898 0.1088779 0.1094622 0.0341771 0.0000000 0.1078723 0.1042559 0.1055209 0.1058225 0.1081884 0.1392472 0.1306630 0.1005410 0.0917385 0.1227071 0.1092672 0.1220149 
Dasyuridae_Antechinus_stuartii               0.0804124 0.1156079 0.0857813 0.0980569 0.0994977 0.0169156 0.0956386 0.0991658 0.0951239 0.1100448 0.0890788 0.0077734 0.0273846 0.0843898 0.0905942 0.0091550 0.0161363 0.0219098 0.1068063 0.0980340 0.1018168 0.1038601 0.1078723 0.0000000 0.0924930 0.0925583 0.1011052 0.0973073 0.1187881 0.1148353 0.0896748 0.0840632 0.1087813 0.0186480 0.1111286 
Hypsiprymnodontidae_Hypsiprymnodon_moschatus 0.0574840 0.1046131 0.0666268 0.0426969 0.0427773 0.0887186 0.0715838 0.0677376 0.0372982 0.0944812 0.0625726 0.0896485 0.0920617 0.0591431 0.0671484 0.0903153 0.0885293 0.0874294 0.0927580 0.0405793 0.0713875 0.1049439 0.1042559 0.0924930 0.0000000 0.0880284 0.0744803 0.0410447 0.0896565 0.0946100 0.0673273 0.0569581 0.0959079 0.0919121 0.0967455 
Microbiotheriidae_Dromiciops_gliroides       0.0818582 0.1092215 0.0797158 0.0948346 0.0941739 0.0923491 0.0903324 0.0924963 0.0877058 0.1041911 0.0861223 0.0915829 0.0947038 0.0802526 0.0903711 0.0906708 0.0911550 0.0867794 0.1035206 0.0930345 0.1041070 0.1055965 0.1055209 0.0925583 0.0880284 0.0000000 0.0947014 0.0940226 0.1197242 0.1195255 0.0873931 0.0795545 0.1077462 0.0928371 0.1065491 
Pseudochiridae_Petauroides_volans            0.0633523 0.1053715 0.0696963 0.0762472 0.0764836 0.0955291 0.0761904 0.0758764 0.0722477 0.0971304 0.0711606 0.0966010 0.0981745 0.0664191 0.0592945 0.0961992 0.0951512 0.0940246 0.0946391 0.0782043 0.0390253 0.1014482 0.1058225 0.1011052 0.0744803 0.0947014 0.0000000 0.0784486 0.0527235 0.0781641 0.0626838 0.0644651 0.1006198 0.1006745 0.0990928 
Macropodidae_Wallabia_bicolor                0.0625714 0.1068695 0.0710912 0.0299238 0.0304024 0.0917943 0.0744972 0.0715086 0.0260898 0.1001765 0.0648954 0.0936483 0.0959694 0.0606119 0.0700534 0.0947883 0.0926450 0.0919951 0.0970611 0.0089692 0.0715868 0.1051530 0.1081884 0.0973073 0.0410447 0.0940226 0.0784486 0.0000000 0.0972916 0.0974359 0.0692202 0.0592569 0.0988305 0.0967983 0.1016068 
Pseudochiridae_Pseudocheirus_occidentalis    0.0820768 0.1284947 0.0908716 0.0950947 0.0952775 0.1137782 0.1015237 0.0960303 0.0925716 0.1312926 0.0895543 0.1115200 0.1190585 0.0801075 0.0751241 0.1118423 0.1123383 0.1145678 0.1237314 0.0969248 0.0457762 0.1329715 0.1392472 0.1187881 0.0896565 0.1197242 0.0527235 0.0972916 0.0000000 0.0948540 0.0827377 0.0791639 0.1302818 0.1175416 0.1344016 
Tarsipedidae_Tarsipes_rostratus              0.0862812 0.1233558 0.0917351 0.0975733 0.0996054 0.1110381 0.1005579 0.1000342 0.0944935 0.1233488 0.0892597 0.1134558 0.1153964 0.0863469 0.0846019 0.1140061 0.1121671 0.1108345 0.1200744 0.0969358 0.0814101 0.1246434 0.1306630 0.1148353 0.0946100 0.1195255 0.0781641 0.0974359 0.0948540 0.0000000 0.0813658 0.0850680 0.1241968 0.1142446 0.1247212 
Acrobatidae_Distoechurus_pennatus            0.0561593 0.0992715 0.0649701 0.0686482 0.0694189 0.0851290 0.0754125 0.0730910 0.0661538 0.0901811 0.0649298 0.0879823 0.0916806 0.0595880 0.0342231 0.0878125 0.0860615 0.0821696 0.0891566 0.0705149 0.0633264 0.0929752 0.1005410 0.0896748 0.0673273 0.0873931 0.0626838 0.0692202 0.0827377 0.0813658 0.0000000 0.0593724 0.0889658 0.0903318 0.0912355 
Phalangeridae_Phalanger_carmelitae           0.0448715 0.0882879 0.0552151 0.0616529 0.0629199 0.0804516 0.0318842 0.0213436 0.0565374 0.0884433 0.0140285 0.0797417 0.0814043 0.0032147 0.0558977 0.0802318 0.0799414 0.0783002 0.0820572 0.0593537 0.0638550 0.0895768 0.0917385 0.0840632 0.0569581 0.0795545 0.0644651 0.0592569 0.0791639 0.0850680 0.0593724 0.0000000 0.0890478 0.0835698 0.0901816 
Peramelidae_Peroryctes_raffrayana            0.0900133 0.1166276 0.0940246 0.0999440 0.0985735 0.1071403 0.1013601 0.1005779 0.0962675 0.0262345 0.0978487 0.1062277 0.1064544 0.0903101 0.0912027 0.1047030 0.1067302 0.1008694 0.0223141 0.0981931 0.0935471 0.1166415 0.1227071 0.1087813 0.0959079 0.1077462 0.1006198 0.0988305 0.1302818 0.1241968 0.0889658 0.0890478 0.0000000 0.1113929 0.0280130 
Dasyuridae_Dasyurus_geffroii                 0.0823148 0.1182077 0.0871611 0.0978179 0.0985118 0.0059844 0.0978054 0.0987608 0.0945067 0.1110086 0.0893410 0.0179262 0.0285322 0.0839598 0.0928518 0.0186426 0.0073095 0.0247661 0.1076004 0.0969713 0.1035647 0.1048767 0.1092672 0.0186480 0.0919121 0.0928371 0.1006745 0.0967983 0.1175416 0.1142446 0.0903318 0.0835698 0.1113929 0.0000000 0.1115750 
Peramelidae_Perameles_gunnii                 0.0891288 0.1121571 0.0917516 0.1011538 0.0993729 0.1067753 0.1023481 0.1024090 0.0980524 0.0006442 0.0971703 0.1083952 0.1077965 0.0915170 0.0934708 0.1070023 0.1064424 0.1016502 0.0253344 0.1021840 0.0980602 0.1155095 0.1220149 0.1111286 0.0967455 0.1065491 0.0990928 0.1016068 0.1344016 0.1247212 0.0912355 0.0901816 0.0280130 0.1115750 0.0000000 
