37
Burramyidae_Burramys_parvus                  0.0000000 0.1088974 0.0713036 0.0658296 0.0651781 0.1030757 0.0544080 0.0531398 0.0680691 0.0924082 0.0592628 0.1020617 0.1046034 0.0557772 0.0657251 0.0997292 0.1166585 0.1036568 0.0895577 0.0664143 0.0691628 0.1140912 0.1146786 0.1143882 0.0605769 0.0852854 0.0698551 0.0607460 0.0728616 0.0883233 0.0696747 0.0564757 0.0940332 0.1039342 0.0936726 0.1431952 0.1431952 
Notoryctidae_Notoryctes_typhlops             0.1088974 0.0000000 0.1245416 0.1196768 0.1191462 0.1549278 0.1137342 0.1162039 0.1227974 0.1339795 0.1259517 0.1438075 0.1488181 0.1168270 0.1209498 0.1446309 0.1599852 0.1472535 0.1330967 0.1187669 0.1270041 0.1555472 0.1487828 0.1629828 0.1207231 0.1245255 0.1309198 0.1176773 0.1310950 0.1517377 0.1219679 0.1196969 0.1359877 0.1562471 0.1356814 9.0000000 9.0000000 
Vombatidae_Lasiorhinus_latifrons             0.0713036 0.1245416 0.0000000 0.0827822 0.0827457 0.1162458 0.0602621 0.0742125 0.0849809 0.1058510 0.0812044 0.1170432 0.1151979 0.0737909 0.0838406 0.1152309 0.1293879 0.1153865 0.1051336 0.0864004 0.0898456 0.1288552 0.1348413 0.1308303 0.0810472 0.1032736 0.0909998 0.0817264 0.0922773 0.1095261 0.0910590 0.0752320 0.1071578 0.1171309 0.1063979 0.1115417 0.1115417 
Potoroidae_Bettongia_penicillata             0.0658296 0.1196768 0.0827822 0.0000000 0.0037800 0.1201991 0.0624955 0.0686622 0.0169978 0.1080897 0.0755292 0.1184013 0.1182275 0.0695170 0.0810994 0.1166656 0.1341982 0.1190272 0.1080259 0.0292095 0.0744880 0.1329351 0.1371919 0.1333315 0.0452896 0.1028382 0.0782732 0.0235354 0.0800564 0.0967187 0.0803188 0.0708730 0.1149015 0.1220217 0.1096511 0.1579317 0.1579317 
Potoroidae_Bettongia_lesueur                 0.0651781 0.1191462 0.0827457 0.0037800 0.0000000 0.1189136 0.0611206 0.0676860 0.0167296 0.1062037 0.0745182 0.1172060 0.1178015 0.0685389 0.0810869 0.1151487 0.1331928 0.1180677 0.1061853 0.0272845 0.0750982 0.1304613 0.1348155 0.1302246 0.0452747 0.1002730 0.0782386 0.0232587 0.0796122 0.0966980 0.0802435 0.0698889 0.1127834 0.1207265 0.1081156 0.1617446 0.1617446 
Dasyuridae_Dasyurus_maculatus                0.1030757 0.1549278 0.1162458 0.1201991 0.1189136 0.0000000 0.1052260 0.1072482 0.1197289 0.1237335 0.1115591 0.0224060 0.0359030 0.1089600 0.1221037 0.0231519 0.0293423 0.0318124 0.1230172 0.1219889 0.1216363 0.1426823 0.1471334 0.0317238 0.1135635 0.1102302 0.1247437 0.1178348 0.1203559 0.1324093 0.1219814 0.1097013 0.1257244 0.0041133 0.1264680 0.0673661 0.0673661 
Phalangeridae_Trichosurus_vulpecula          0.0544080 0.1137342 0.0602621 0.0624955 0.0611206 0.1052260 0.0000000 0.0171025 0.0656723 0.1015194 0.0183921 0.1067123 0.1148257 0.0182341 0.0762408 0.1068351 0.1028994 0.0998590 0.1005355 0.0659968 0.0652704 0.1135783 0.1201167 0.1128441 0.0645098 0.0800253 0.0715201 0.0600190 0.0617292 0.0825520 0.0784184 0.0178710 0.1025728 0.1067902 0.1037950 0.0984895 0.0984895 
Phalangeridae_Spilocuscus_maculatus          0.0531398 0.1162039 0.0742125 0.0686622 0.0676860 0.1072482 0.0171025 0.0000000 0.0708551 0.1006146 0.0172930 0.1022440 0.1094967 0.0127063 0.0688460 0.1006523 0.1188942 0.1041897 0.1011930 0.0701963 0.0686881 0.1211256 0.1230942 0.1196775 0.0644753 0.0886535 0.0723591 0.0648206 0.0707538 0.0912975 0.0734954 0.0127196 0.1020948 0.1081177 0.1027041 0.1054564 0.1054564 
Potoroidae_Aepyprymnus_rufescens             0.0680691 0.1227974 0.0849809 0.0169978 0.0167296 0.1197289 0.0656723 0.0708551 0.0000000 0.1075946 0.0768751 0.1197612 0.1213601 0.0729520 0.0820295 0.1175862 0.1331768 0.1210075 0.1089659 0.0316254 0.0786312 0.1335816 0.1354665 0.1332202 0.0483546 0.1062611 0.0822205 0.0256593 0.0819445 0.0994338 0.0831503 0.0737180 0.1143928 0.1215418 0.1102058 0.1597037 0.1597037 
Peramelidae_Perameles_nasuta                 0.0924082 0.1339795 0.1058510 0.1080897 0.1062037 0.1237335 0.1015194 0.1006146 0.1075946 0.0000000 0.1072567 0.1192345 0.1251607 0.1006479 0.1088954 0.1172917 0.1326158 0.1205287 0.0154692 0.1045988 0.1163753 0.1337270 0.1380538 0.1333441 0.1019351 0.1080759 0.1114550 0.1006809 0.1153684 0.1265752 0.1102283 0.1026528 0.0182804 0.1247691 0.0005200 0.1318322 0.1318322 
Phalangeridae_Strigocuscus_pelengensis       0.0592628 0.1259517 0.0812044 0.0755292 0.0745182 0.1115591 0.0183921 0.0172930 0.0768751 0.1072567 0.0000000 0.1104097 0.1166215 0.0170474 0.0753208 0.1092361 0.1279837 0.1109270 0.1081582 0.0762691 0.0756642 0.1292931 0.1316522 0.1262908 0.0703439 0.0928489 0.0769678 0.0706913 0.0769961 0.1001211 0.0831728 0.0162843 0.1104136 0.1124477 0.1102006 0.1084960 0.1084960 
Dasyuridae_Phascogale_tapoatafa              0.1020617 0.1438075 0.1170432 0.1184013 0.1172060 0.0224060 0.1067123 0.1022440 0.1197612 0.1192345 0.1104097 0.0000000 0.0339049 0.1031054 0.1189766 0.0036340 0.0383460 0.0329062 0.1187334 0.1167779 0.1180645 0.1370522 0.1416672 0.0251675 0.1114024 0.1116495 0.1220901 0.1122714 0.1199930 0.1335113 0.1198753 0.1037403 0.1227737 0.0242620 0.1208694 0.0902035 0.0902035 
Dasyuridae_Sminthopsis_macroura              0.1046034 0.1488181 0.1151979 0.1182275 0.1178015 0.0359030 0.1148257 0.1094967 0.1213601 0.1251607 0.1166215 0.0339049 0.0000000 0.1096610 0.1230484 0.0343239 0.0506392 0.0272876 0.1253462 0.1170755 0.1231881 0.1418926 0.1456799 0.0477551 0.1126246 0.1129492 0.1252429 0.1132288 0.1251708 0.1400435 0.1218503 0.1102484 0.1294597 0.0378275 0.1266153 0.0796055 0.0796055 
Phalangeridae_Phalanger_orientalis           0.0557772 0.1168270 0.0737909 0.0695170 0.0685389 0.1089600 0.0182341 0.0127063 0.0729520 0.1006479 0.0170474 0.1031054 0.1096610 0.0000000 0.0709331 0.1021365 0.1211135 0.1041166 0.1011625 0.0720110 0.0720282 0.1240414 0.1262910 0.1214063 0.0659420 0.0902959 0.0745214 0.0666167 0.0739383 0.0953330 0.0750298 0.0055283 0.1032583 0.1098335 0.1022874 0.1055532 0.1055532 
Acrobatidae_Acrobates_pygmaeus               0.0657251 0.1209498 0.0838406 0.0810994 0.0810869 0.1221037 0.0762408 0.0688460 0.0820295 0.1088954 0.0753208 0.1189766 0.1230484 0.0709331 0.0000000 0.1179876 0.1388697 0.1194911 0.1120997 0.0797175 0.0725344 0.1407292 0.1363986 0.1342909 0.0741926 0.1052473 0.0714723 0.0758345 0.0718707 0.0901791 0.0463073 0.0709983 0.1143061 0.1222048 0.1111331 0.2249874 0.2249874 
Dasyuridae_Phascogale_calura                 0.0997292 0.1446309 0.1152309 0.1166656 0.1151487 0.0231519 0.1068351 0.1006523 0.1175862 0.1172917 0.1092361 0.0036340 0.0343239 0.1021365 0.1179876 0.0000000 0.0380348 0.0338476 0.1165278 0.1151477 0.1170849 0.1349353 0.1396817 0.0263999 0.1106351 0.1103437 0.1215922 0.1110162 0.1192706 0.1338614 0.1194875 0.1027790 0.1201291 0.0246589 0.1189386 0.0869223 0.0869223 
Dasyuridae_Sarcophilus_harrisii              0.1166585 0.1599852 0.1293879 0.1341982 0.1331928 0.0293423 0.1028994 0.1188942 0.1331768 0.1326158 0.1279837 0.0383460 0.0506392 0.1211135 0.1388697 0.0380348 0.0000000 0.0433067 0.1294514 0.1326634 0.1385281 0.1509487 0.1578467 0.0477436 0.1265116 0.1302244 0.1420673 0.1279120 0.1392215 0.1537191 0.1398558 0.1210526 0.1389639 0.0301127 0.1335376 0.0763223 0.0763223 
Dasyuridae_Planigale_tenuirostris            0.1036568 0.1472535 0.1153865 0.1190272 0.1180677 0.0318124 0.0998590 0.1041897 0.1210075 0.1205287 0.1109270 0.0329062 0.0272876 0.1041166 0.1194911 0.0338476 0.0433067 0.0000000 0.1178436 0.1180122 0.1253481 0.1421526 0.1486812 0.0442342 0.1145100 0.1141372 0.1273242 0.1131641 0.1241618 0.1407678 0.1215843 0.1042933 0.1217638 0.0325599 0.1225536 0.0807523 0.0807523 
Peramelidae_Echymipera_kalubu                0.0895577 0.1330967 0.1051336 0.1080259 0.1061853 0.1230172 0.1005355 0.1011930 0.1089659 0.0154692 0.1081582 0.1187334 0.1253462 0.1011625 0.1120997 0.1165278 0.1294514 0.1178436 0.0000000 0.1053408 0.1137755 0.1361495 0.1373757 0.1321848 0.1016196 0.1058453 0.1134400 0.1020216 0.1133125 0.1298784 0.1114682 0.1028270 0.0163420 0.1231928 0.0168372 0.1314961 0.1314961 
Macropodidae_Dorcopsulus_vanheurni           0.0664143 0.1187669 0.0864004 0.0292095 0.0272845 0.1219889 0.0659968 0.0701963 0.0316254 0.1045988 0.0762691 0.1167779 0.1170755 0.0720110 0.0797175 0.1151477 0.1326634 0.1180122 0.1053408 0.0000000 0.0762024 0.1302949 0.1347147 0.1305722 0.0472915 0.1023359 0.0802330 0.0105008 0.0801069 0.0978524 0.0808971 0.0724772 0.1084840 0.1238201 0.1065618 0.1748274 0.1748274 
Pseudochiridae_Pseudochirulus_forbesi        0.0691628 0.1270041 0.0898456 0.0744880 0.0750982 0.1216363 0.0652704 0.0686881 0.0786312 0.1163753 0.0756642 0.1180645 0.1231881 0.0720282 0.0725344 0.1170849 0.1385281 0.1253481 0.1137755 0.0762024 0.0000000 0.1316143 0.1340346 0.1355925 0.0743843 0.1046994 0.0362076 0.0703758 0.0199243 0.0742888 0.0733371 0.0725125 0.1186619 0.1226463 0.1167974 0.1737719 0.1737719 
Didelphidae_Didelphis_virginiana             0.1140912 0.1555472 0.1288552 0.1329351 0.1304613 0.1426823 0.1135783 0.1211256 0.1335816 0.1337270 0.1292931 0.1370522 0.1418926 0.1240414 0.1407292 0.1349353 0.1509487 0.1421526 0.1361495 0.1302949 0.1316143 0.0000000 0.0438549 0.1514795 0.1275708 0.1255159 0.1368000 0.1234420 0.1365435 0.1555180 0.1336469 0.1248290 0.1367093 0.1465192 0.1355337 0.1209138 0.1209138 
Marmosidae_Monodelphis_domestica             0.1146786 0.1487828 0.1348413 0.1371919 0.1348155 0.1471334 0.1201167 0.1230942 0.1354665 0.1380538 0.1316522 0.1416672 0.1456799 0.1262910 0.1363986 0.1396817 0.1578467 0.1486812 0.1373757 0.1347147 0.1340346 0.0438549 0.0000000 0.1591869 0.1285171 0.1253743 0.1361034 0.1293431 0.1377534 0.1560094 0.1299459 0.1273823 0.1377716 0.1490272 0.1371436 0.1693853 0.1693853 
Dasyuridae_Antechinus_stuartii               0.1143882 0.1629828 0.1308303 0.1333315 0.1302246 0.0317238 0.1128441 0.1196775 0.1332202 0.1333441 0.1262908 0.0251675 0.0477551 0.1214063 0.1342909 0.0263999 0.0477436 0.0442342 0.1321848 0.1305722 0.1355925 0.1514795 0.1591869 0.0000000 0.1259858 0.1250660 0.1390676 0.1277434 0.1333424 0.1436298 0.1342789 0.1217256 0.1353909 0.0330353 0.1338292 0.0893429 0.0893429 
Hypsiprymnodontidae_Hypsiprymnodon_moschatus 0.0605769 0.1207231 0.0810472 0.0452896 0.0452747 0.1135635 0.0645098 0.0644753 0.0483546 0.1019351 0.0703439 0.1114024 0.1126246 0.0659420 0.0741926 0.1106351 0.1265116 0.1145100 0.1016196 0.0472915 0.0743843 0.1275708 0.1285171 0.1259858 0.0000000 0.0984765 0.0752309 0.0430799 0.0745240 0.0954047 0.0788331 0.0669843 0.1058780 0.1146104 0.1038265 0.1311372 0.1311372 
Microbiotheriidae_Dromiciops_gliroides       0.0852854 0.1245255 0.1032736 0.1028382 0.1002730 0.1102302 0.0800253 0.0886535 0.1062611 0.1080759 0.0928489 0.1116495 0.1129492 0.0902959 0.1052473 0.1103437 0.1302244 0.1141372 0.1058453 0.1023359 0.1046994 0.1255159 0.1253743 0.1250660 0.0984765 0.0000000 0.1072654 0.0997166 0.1099295 0.1219728 0.1078484 0.0908302 0.1121471 0.1096476 0.1084969 0.1020014 0.1020014 
Pseudochiridae_Petauroides_volans            0.0698551 0.1309198 0.0909998 0.0782732 0.0782386 0.1247437 0.0715201 0.0723591 0.0822205 0.1114550 0.0769678 0.1220901 0.1252429 0.0745214 0.0714723 0.1215922 0.1420673 0.1273242 0.1134400 0.0802330 0.0362076 0.1368000 0.1361034 0.1390676 0.0752309 0.1072654 0.0000000 0.0744782 0.0376199 0.0768897 0.0732155 0.0753253 0.1208383 0.1252797 0.1133542 0.1904443 0.1904443 
Macropodidae_Wallabia_bicolor                0.0607460 0.1176773 0.0817264 0.0235354 0.0232587 0.1178348 0.0600190 0.0648206 0.0256593 0.1006809 0.0706913 0.1122714 0.1132288 0.0666167 0.0758345 0.1110162 0.1279120 0.1131641 0.1020216 0.0105008 0.0703758 0.1234420 0.1293431 0.1277434 0.0430799 0.0997166 0.0744782 0.0000000 0.0750357 0.0931681 0.0741555 0.0667349 0.1036841 0.1189056 0.1026074 0.1612012 0.1612012 
Pseudochiridae_Pseudocheirus_occidentalis    0.0728616 0.1310950 0.0922773 0.0800564 0.0796122 0.1203559 0.0617292 0.0707538 0.0819445 0.1153684 0.0769961 0.1199930 0.1251708 0.0739383 0.0718707 0.1192706 0.1392215 0.1241618 0.1133125 0.0801069 0.0199243 0.1365435 0.1377534 0.1333424 0.0745240 0.1099295 0.0376199 0.0750357 0.0000000 0.0748696 0.0753315 0.0740620 0.1198804 0.1220028 0.1159064 0.1789724 0.1789724 
Tarsipedidae_Tarsipes_rostratus              0.0883233 0.1517377 0.1095261 0.0967187 0.0966980 0.1324093 0.0825520 0.0912975 0.0994338 0.1265752 0.1001211 0.1335113 0.1400435 0.0953330 0.0901791 0.1338614 0.1537191 0.1407678 0.1298784 0.0978524 0.0742888 0.1555180 0.1560094 0.1436298 0.0954047 0.1219728 0.0768897 0.0931681 0.0748696 0.0000000 0.0882354 0.0958949 0.1322298 0.1324949 0.1275512 0.2074547 0.2074547 
Acrobatidae_Distoechurus_pennatus            0.0696747 0.1219679 0.0910590 0.0803188 0.0802435 0.1219814 0.0784184 0.0734954 0.0831503 0.1102283 0.0831728 0.1198753 0.1218503 0.0750298 0.0463073 0.1194875 0.1398558 0.1215843 0.1114682 0.0808971 0.0733371 0.1336469 0.1299459 0.1342789 0.0788331 0.1078484 0.0732155 0.0741555 0.0753315 0.0882354 0.0000000 0.0770739 0.1156104 0.1232404 0.1122886 0.1890110 0.1890110 
Phalangeridae_Phalanger_carmelitae           0.0564757 0.1196969 0.0752320 0.0708730 0.0698889 0.1097013 0.0178710 0.0127196 0.0737180 0.1026528 0.0162843 0.1037403 0.1102484 0.0055283 0.0709983 0.1027790 0.1210526 0.1042933 0.1028270 0.0724772 0.0725125 0.1248290 0.1273823 0.1217256 0.0669843 0.0908302 0.0753253 0.0667349 0.0740620 0.0958949 0.0770739 0.0000000 0.1043398 0.1105796 0.1046091 0.1125480 0.1125480 
Peramelidae_Peroryctes_raffrayana            0.0940332 0.1359877 0.1071578 0.1149015 0.1127834 0.1257244 0.1025728 0.1020948 0.1143928 0.0182804 0.1104136 0.1227737 0.1294597 0.1032583 0.1143061 0.1201291 0.1389639 0.1217638 0.0163420 0.1084840 0.1186619 0.1367093 0.1377716 0.1353909 0.1058780 0.1121471 0.1208383 0.1036841 0.1198804 0.1322298 0.1156104 0.1043398 0.0000000 0.1254116 0.0184600 0.1416137 0.1416137 
Dasyuridae_Dasyurus_geffroii                 0.1039342 0.1562471 0.1171309 0.1220217 0.1207265 0.0041133 0.1067902 0.1081177 0.1215418 0.1247691 0.1124477 0.0242620 0.0378275 0.1098335 0.1222048 0.0246589 0.0301127 0.0325599 0.1231928 0.1238201 0.1226463 0.1465192 0.1490272 0.0330353 0.1146104 0.1096476 0.1252797 0.1189056 0.1220028 0.1324949 0.1232404 0.1105796 0.1254116 0.0000000 0.1274768 0.0643412 0.0643412 
Peramelidae_Perameles_gunnii                 0.0936726 0.1356814 0.1063979 0.1096511 0.1081156 0.1264680 0.1037950 0.1027041 0.1102058 0.0005200 0.1102006 0.1208694 0.1266153 0.1022874 0.1111331 0.1189386 0.1335376 0.1225536 0.0168372 0.1065618 0.1167974 0.1355337 0.1371436 0.1338292 0.1038265 0.1084969 0.1133542 0.1026074 0.1159064 0.1275512 0.1122886 0.1046091 0.0184600 0.1274768 0.0000000 0.1318322 0.1318322 
Myrmecobiidae_Myrmecobius_fasciatus1         0.1431952 9.0000000 0.1115417 0.1579317 0.1617446 0.0673661 0.0984895 0.1054564 0.1597037 0.1318322 0.1084960 0.0902035 0.0796055 0.1055532 0.2249874 0.0869223 0.0763223 0.0807523 0.1314961 0.1748274 0.1737719 0.1209138 0.1693853 0.0893429 0.1311372 0.1020014 0.1904443 0.1612012 0.1789724 0.2074547 0.1890110 0.1125480 0.1416137 0.0643412 0.1318322 0.0000000 0.0000010 
Myrmecobiidae_Myrmecobius_fasciatus2         0.1431952 9.0000000 0.1115417 0.1579317 0.1617446 0.0673661 0.0984895 0.1054564 0.1597037 0.1318322 0.1084960 0.0902035 0.0796055 0.1055532 0.2249874 0.0869223 0.0763223 0.0807523 0.1314961 0.1748274 0.1737719 0.1209138 0.1693853 0.0893429 0.1311372 0.1020014 0.1904443 0.1612012 0.1789724 0.2074547 0.1890110 0.1125480 0.1416137 0.0643412 0.1318322 0.0000010 0.0000000 
