35
Burramyidae_Burramys_parvus                  0.0000000 0.0800259 0.0536177 0.0605903 0.0613197 0.0888935 0.0491519 0.0567318 0.0598215 0.0581071 0.0828270 0.0891709 0.0574102 0.0485905 0.0826681 0.0887686 0.0837787 0.0834301 0.0708175 0.0608148 0.1207621 0.0924332 0.0848179 0.0507101 0.0683718 0.0583578 0.0683301 0.0778138 0.0527672 0.0549016 0.1023738 0.0837895 0.0882115 0.0931346 0.0620749 
Notoryctidae_Notoryctes_typhlops             0.0800259 0.0000000 0.0641905 0.0748241 0.0761110 0.0882311 0.0680819 0.0743607 0.0740344 0.0782212 0.0841469 0.0872385 0.0782700 0.0639379 0.0852510 0.0902046 0.0678478 0.0889561 0.0861952 0.0796771 0.1237533 0.0931686 0.0863258 0.0634691 0.0668021 0.0760976 0.0811109 0.0936507 0.0720852 0.0706700 0.0940720 0.0846177 0.0962415 0.0933824 0.0730425 
Vombatidae_Lasiorhinus_latifrons             0.0536177 0.0641905 0.0000000 0.0508533 0.0519387 0.0796313 0.0399278 0.0438903 0.0508011 0.0480878 0.0744442 0.0801310 0.0481021 0.0403174 0.0760403 0.0802706 0.0631657 0.0736920 0.0588702 0.0562584 0.1086784 0.0809012 0.0772816 0.0484301 0.0521424 0.0508273 0.0580019 0.0753003 0.0444169 0.0426473 0.0877488 0.0754177 0.0807246 0.0777583 0.0445631 
Potoroidae_Bettongia_penicillata             0.0605903 0.0748241 0.0508533 0.0000000 0.0008859 0.0900284 0.0515106 0.0606540 0.0019974 0.0605667 0.0857125 0.0873790 0.0618594 0.0479251 0.0864590 0.0891384 0.0688115 0.0828779 0.0265576 0.0617884 0.1165148 0.0890214 0.0853764 0.0281300 0.0618654 0.0586530 0.0234263 0.0742713 0.0509378 0.0602284 0.1022757 0.0849611 0.0861722 0.0858771 0.0585098 
Potoroidae_Bettongia_lesueur                 0.0613197 0.0761110 0.0519387 0.0008859 0.0000000 0.0923567 0.0533621 0.0625534 0.0024463 0.0636020 0.0880074 0.0896728 0.0638286 0.0496001 0.0887611 0.0914755 0.0724282 0.0849733 0.0315629 0.0637575 0.1192790 0.0905865 0.0877004 0.0320295 0.0630541 0.0607165 0.0290708 0.0778422 0.0527911 0.0621759 0.1048662 0.0872277 0.0892950 0.0886107 0.0594782 
Dasyuridae_Dasyurus_maculatus                0.0888935 0.0882311 0.0796313 0.0900284 0.0923567 0.0000000 0.0836791 0.0837605 0.0875383 0.0883820 0.0030192 0.0234729 0.0932407 0.0761171 0.0036276 0.0016217 0.0178913 0.1009544 0.1014177 0.0859085 0.1266404 0.1024495 0.0038780 0.0799233 0.0750448 0.0884096 0.0981197 0.0782173 0.0765156 0.0886492 0.1175984 0.0010095 0.1082334 0.1122750 0.0851973 
Phalangeridae_Trichosurus_vulpecula          0.0491519 0.0680819 0.0399278 0.0515106 0.0533621 0.0836791 0.0000000 0.0031314 0.0514896 0.0056905 0.0761621 0.0841583 0.0039641 0.0407390 0.0753309 0.0842728 0.0668514 0.0713904 0.0576568 0.0486756 0.1079374 0.0850307 0.0773384 0.0433359 0.0545658 0.0516877 0.0553044 0.0630641 0.0439274 0.0029336 0.0852084 0.0772139 0.0757726 0.0746607 0.0492075 
Phalangeridae_Spilocuscus_maculatus          0.0567318 0.0743607 0.0438903 0.0606540 0.0625534 0.0837605 0.0031314 0.0000000 0.0598537 0.0049036 0.0773982 0.0876219 0.0029838 0.0471383 0.0783197 0.0857308 0.0686702 0.0765496 0.0651643 0.0590579 0.1128354 0.0887266 0.0802307 0.0484513 0.0601276 0.0596587 0.0642789 0.0716358 0.0489922 0.0028016 0.0897060 0.0779572 0.0812104 0.0834261 0.0577650 
Potoroidae_Aepyprymnus_rufescens             0.0598215 0.0740344 0.0508011 0.0019974 0.0024463 0.0875383 0.0514896 0.0598537 0.0000000 0.0606870 0.0823575 0.0881190 0.0610693 0.0486385 0.0856215 0.0882932 0.0660698 0.0836236 0.0242643 0.0610276 0.1153163 0.0881945 0.0853295 0.0281116 0.0618834 0.0594680 0.0219718 0.0743151 0.0523459 0.0594436 0.1002761 0.0841337 0.0868266 0.0867547 0.0584573 
Phalangeridae_Strigocuscus_pelengensis       0.0581071 0.0782212 0.0480878 0.0605667 0.0636020 0.0883820 0.0056905 0.0049036 0.0606870 0.0000000 0.0845644 0.0965935 0.0083787 0.0480097 0.0853930 0.0891455 0.0819003 0.0845994 0.0690242 0.0617027 0.1172131 0.0899288 0.0870219 0.0506805 0.0629547 0.0608563 0.0681837 0.0810825 0.0513633 0.0048752 0.0968397 0.0839142 0.0887083 0.0880285 0.0607667 
Dasyuridae_Phascogale_tapoatafa              0.0828270 0.0841469 0.0744442 0.0857125 0.0880074 0.0030192 0.0761621 0.0773982 0.0823575 0.0845644 0.0000000 0.0061043 0.0864012 0.0690909 0.0004766 0.0034207 0.0117644 0.0957483 0.0958993 0.0800095 0.1248732 0.0963489 0.0010134 0.0716883 0.0720118 0.0812924 0.0918341 0.0731128 0.0699912 0.0818909 0.1159022 0.0030182 0.1019271 0.1060159 0.0773839 
Dasyuridae_Sminthopsis_macroura              0.0891709 0.0872385 0.0801310 0.0873790 0.0896728 0.0234729 0.0841583 0.0876219 0.0881190 0.0965935 0.0061043 0.0000000 0.0945648 0.0750959 0.0046369 0.0225294 0.0127094 0.1048997 0.1011097 0.0857639 0.1284292 0.1031105 0.0061748 0.0749802 0.0804655 0.0873442 0.0960735 0.0789280 0.0747755 0.0899676 0.1231357 0.0204497 0.1115699 0.1162467 0.0824409 
Phalangeridae_Phalanger_orientalis           0.0574102 0.0782700 0.0481021 0.0618594 0.0638286 0.0932407 0.0039641 0.0029838 0.0610693 0.0083787 0.0864012 0.0945648 0.0000000 0.0482847 0.0845707 0.0949328 0.0759598 0.0802893 0.0680111 0.0559374 0.1137428 0.0942574 0.0869632 0.0506470 0.0649591 0.0561757 0.0670063 0.0696779 0.0512791 0.0015963 0.0940210 0.0881590 0.0856478 0.0842992 0.0532936 
Acrobatidae_Acrobates_pygmaeus               0.0485905 0.0639379 0.0403174 0.0479251 0.0496001 0.0761171 0.0407390 0.0471383 0.0486385 0.0480097 0.0690909 0.0750959 0.0482847 0.0000000 0.0700547 0.0769978 0.0532535 0.0721429 0.0572794 0.0456825 0.1113311 0.0818226 0.0709818 0.0392480 0.0511350 0.0424764 0.0555950 0.0550012 0.0071284 0.0465936 0.0942421 0.0711871 0.0758134 0.0783860 0.0440757 
Dasyuridae_Phascogale_calura                 0.0826681 0.0852510 0.0760403 0.0864590 0.0887611 0.0036276 0.0753309 0.0783197 0.0856215 0.0853930 0.0004766 0.0046369 0.0845707 0.0700547 0.0000000 0.0036370 0.0118227 0.0966042 0.0967072 0.0782300 0.1256880 0.0988291 0.0010135 0.0724121 0.0727746 0.0797090 0.0926245 0.0704392 0.0722229 0.0800984 0.1162720 0.0032102 0.1027140 0.1082042 0.0763571 
Dasyuridae_Sarcophilus_harrisii              0.0887686 0.0902046 0.0802706 0.0891384 0.0914755 0.0016217 0.0842728 0.0857308 0.0882932 0.0891455 0.0034207 0.0225294 0.0949328 0.0769978 0.0036370 0.0000000 0.0200390 0.1018136 0.1022844 0.0880984 0.1257889 0.1033659 0.0038824 0.0805990 0.0765148 0.0876673 0.0971634 0.0802587 0.0777757 0.0902745 0.1158670 0.0013665 0.1091506 0.1135205 0.0841197 
Dasyuridae_Planigale_tenuirostris            0.0837787 0.0678478 0.0631657 0.0688115 0.0724282 0.0178913 0.0668514 0.0686702 0.0660698 0.0819003 0.0117644 0.0127094 0.0759598 0.0532535 0.0118227 0.0200390 0.0000000 0.0809003 0.0835682 0.0690993 0.0990421 0.0818140 0.0129176 0.0510694 0.0641815 0.0772346 0.0753494 0.0782983 0.0556960 0.0729534 0.1062256 0.0189335 0.0910422 0.0967554 0.0637058 
Peramelidae_Echymipera_kalubu                0.0834301 0.0889561 0.0736920 0.0828779 0.0849733 0.1009544 0.0713904 0.0765496 0.0836236 0.0845994 0.0957483 0.1048997 0.0802893 0.0721429 0.0966042 0.1018136 0.0809003 0.0000000 0.0884363 0.0800106 0.1347669 0.1042170 0.0928672 0.0771973 0.0768969 0.0796055 0.0880643 0.0911215 0.0730706 0.0759821 0.0376397 0.1008078 0.0207865 0.0066359 0.0815992 
Macropodidae_Dorcopsulus_vanheurni           0.0708175 0.0861952 0.0588702 0.0265576 0.0315629 0.1014177 0.0576568 0.0651643 0.0242643 0.0690242 0.0958993 0.1011097 0.0680111 0.0572794 0.0967072 0.1022844 0.0835682 0.0884363 0.0000000 0.0702855 0.1287784 0.1031611 0.0985235 0.0348545 0.0723751 0.0721075 0.0014147 0.0797031 0.0592839 0.0662486 0.1065022 0.0957024 0.0912915 0.0915727 0.0748009 
Pseudochiridae_Pseudochirulus_forbesi        0.0608148 0.0796771 0.0562584 0.0617884 0.0637575 0.0859085 0.0486756 0.0590579 0.0610276 0.0617027 0.0800095 0.0857639 0.0559374 0.0456825 0.0782300 0.0880984 0.0690993 0.0800106 0.0702855 0.0000000 0.1195981 0.0955826 0.0811887 0.0524773 0.0644540 0.0211966 0.0677074 0.0560267 0.0466283 0.0542791 0.0980071 0.0833354 0.0906950 0.0922541 0.0035140 
Didelphidae_Didelphis_virginiana             0.1207621 0.1237533 0.1086784 0.1165148 0.1192790 0.1266404 0.1079374 0.1128354 0.1153163 0.1172131 0.1248732 0.1284292 0.1137428 0.1113311 0.1256880 0.1257889 0.0990421 0.1347669 0.1287784 0.1195981 0.0000000 0.0488463 0.1270162 0.1121826 0.1100378 0.1149946 0.1271423 0.1036515 0.1048319 0.1108235 0.1436998 0.1226607 0.1400308 0.1463629 0.1220251 
Marmosidae_Monodelphis_domestica             0.0924332 0.0931686 0.0809012 0.0890214 0.0905865 0.1024495 0.0850307 0.0887266 0.0881945 0.0899288 0.0963489 0.1031105 0.0942574 0.0818226 0.0988291 0.1033659 0.0818140 0.1042170 0.1031611 0.0955826 0.0488463 0.0000000 0.0997807 0.0836517 0.0789746 0.0964606 0.0999771 0.0878485 0.0785300 0.0872789 0.1256071 0.0988641 0.1096121 0.1112998 0.0912776 
Dasyuridae_Antechinus_stuartii               0.0848179 0.0863258 0.0772816 0.0853764 0.0877004 0.0038780 0.0773384 0.0802307 0.0853295 0.0870219 0.0010134 0.0061748 0.0869632 0.0709818 0.0010135 0.0038824 0.0129176 0.0928672 0.0985235 0.0811887 0.1270162 0.0997807 0.0000000 0.0734927 0.0722618 0.0817584 0.0943485 0.0733668 0.0702125 0.0832425 0.1116906 0.0034306 0.0999991 0.1046787 0.0775569 
Hypsiprymnodontidae_Hypsiprymnodon_moschatus 0.0507101 0.0634691 0.0484301 0.0281300 0.0320295 0.0799233 0.0433359 0.0484513 0.0281116 0.0506805 0.0716883 0.0749802 0.0506470 0.0392480 0.0724121 0.0805990 0.0510694 0.0771973 0.0348545 0.0524773 0.1121826 0.0836517 0.0734927 0.0000000 0.0538243 0.0502690 0.0334666 0.0575801 0.0432342 0.0474923 0.0895236 0.0750274 0.0816775 0.0854893 0.0546962 
Microbiotheriidae_Dromiciops_gliroides       0.0683718 0.0668021 0.0521424 0.0618654 0.0630541 0.0750448 0.0545658 0.0601276 0.0618834 0.0629547 0.0720118 0.0804655 0.0649591 0.0511350 0.0727746 0.0765148 0.0641815 0.0768969 0.0723751 0.0644540 0.1100378 0.0789746 0.0722618 0.0538243 0.0000000 0.0620540 0.0705258 0.0801057 0.0575723 0.0607303 0.0873242 0.0716365 0.0838079 0.0875970 0.0559363 
Pseudochiridae_Petauroides_volans            0.0583578 0.0760976 0.0508273 0.0586530 0.0607165 0.0884096 0.0516877 0.0596587 0.0594680 0.0608563 0.0812924 0.0873442 0.0561757 0.0424764 0.0797090 0.0876673 0.0772346 0.0796055 0.0721075 0.0211966 0.1149946 0.0964606 0.0817584 0.0502690 0.0620540 0.0000000 0.0693182 0.0627561 0.0472248 0.0552636 0.0963704 0.0833311 0.0876937 0.0861386 0.0056994 
Macropodidae_Wallabia_bicolor                0.0683301 0.0811109 0.0580019 0.0234263 0.0290708 0.0981197 0.0553044 0.0642789 0.0219718 0.0681837 0.0918341 0.0960735 0.0670063 0.0555950 0.0926245 0.0971634 0.0753494 0.0880643 0.0014147 0.0677074 0.1271423 0.0999771 0.0943485 0.0334666 0.0705258 0.0693182 0.0000000 0.0764208 0.0608496 0.0652754 0.1051119 0.0925446 0.0932267 0.0931239 0.0693918 
Tarsipedidae_Tarsipes_rostratus              0.0778138 0.0936507 0.0753003 0.0742713 0.0778422 0.0782173 0.0630641 0.0716358 0.0743151 0.0810825 0.0731128 0.0789280 0.0696779 0.0550012 0.0704392 0.0802587 0.0782983 0.0911215 0.0797031 0.0560267 0.1036515 0.0878485 0.0733668 0.0575801 0.0801057 0.0627561 0.0764208 0.0000000 0.0594115 0.0659209 0.1130966 0.0768306 0.0939536 0.0925466 0.0562351 
Acrobatidae_Distoechurus_pennatus            0.0527672 0.0720852 0.0444169 0.0509378 0.0527911 0.0765156 0.0439274 0.0489922 0.0523459 0.0513633 0.0699912 0.0747755 0.0512791 0.0071284 0.0722229 0.0777757 0.0556960 0.0730706 0.0592839 0.0466283 0.1048319 0.0785300 0.0702125 0.0432342 0.0575723 0.0472248 0.0608496 0.0594115 0.0000000 0.0495433 0.0950277 0.0716849 0.0726500 0.0741244 0.0448031 
Phalangeridae_Phalanger_carmelitae           0.0549016 0.0706700 0.0426473 0.0602284 0.0621759 0.0886492 0.0029336 0.0028016 0.0594436 0.0048752 0.0818909 0.0899676 0.0015963 0.0465936 0.0800984 0.0902745 0.0729534 0.0759821 0.0662486 0.0542791 0.1108235 0.0872789 0.0832425 0.0474923 0.0607303 0.0552636 0.0652754 0.0659209 0.0495433 0.0000000 0.0907552 0.0828743 0.0804683 0.0812977 0.0550419 
Peramelidae_Peroryctes_raffrayana            0.1023738 0.0940720 0.0877488 0.1022757 0.1048662 0.1175984 0.0852084 0.0897060 0.1002761 0.0968397 0.1159022 0.1231357 0.0940210 0.0942421 0.1162720 0.1158670 0.1062256 0.0376397 0.1065022 0.0980071 0.1436998 0.1256071 0.1116906 0.0895236 0.0873242 0.0963704 0.1051119 0.1130966 0.0950277 0.0907552 0.0000000 0.1145953 0.0418996 0.0420750 0.1013887 
Dasyuridae_Dasyurus_geffroii                 0.0837895 0.0846177 0.0754177 0.0849611 0.0872277 0.0010095 0.0772139 0.0779572 0.0841337 0.0839142 0.0030182 0.0204497 0.0881590 0.0711871 0.0032102 0.0013665 0.0189335 0.1008078 0.0957024 0.0833354 0.1226607 0.0988641 0.0034306 0.0750274 0.0716365 0.0833311 0.0925446 0.0768306 0.0716849 0.0828743 0.1145953 0.0000000 0.1062668 0.1086710 0.0790286 
Peramelidae_Perameles_gunnii                 0.0882115 0.0962415 0.0807246 0.0861722 0.0892950 0.1082334 0.0757726 0.0812104 0.0868266 0.0887083 0.1019271 0.1115699 0.0856478 0.0758134 0.1027140 0.1091506 0.0910422 0.0207865 0.0912915 0.0906950 0.1400308 0.1096121 0.0999991 0.0816775 0.0838079 0.0876937 0.0932267 0.0939536 0.0726500 0.0804683 0.0418996 0.1062668 0.0000000 0.0000958 0.0872424 
Peramelidae_Perameles_nasuta                 0.0931346 0.0933824 0.0777583 0.0858771 0.0886107 0.1122750 0.0746607 0.0834261 0.0867547 0.0880285 0.1060159 0.1162467 0.0842992 0.0783860 0.1082042 0.1135205 0.0967554 0.0066359 0.0915727 0.0922541 0.1463629 0.1112998 0.1046787 0.0854893 0.0875970 0.0861386 0.0931239 0.0925466 0.0741244 0.0812977 0.0420750 0.1086710 0.0000958 0.0000000 0.0846806 
Pseudochiridae_Pseudocheirus_occidentalis    0.0620749 0.0730425 0.0445631 0.0585098 0.0594782 0.0851973 0.0492075 0.0577650 0.0584573 0.0607667 0.0773839 0.0824409 0.0532936 0.0440757 0.0763571 0.0841197 0.0637058 0.0815992 0.0748009 0.0035140 0.1220251 0.0912776 0.0775569 0.0546962 0.0559363 0.0056994 0.0693918 0.0562351 0.0448031 0.0550419 0.1013887 0.0790286 0.0872424 0.0846806 0.0000000 
