39
Burramyidae_Burramys_parvus                  0.0000000 0.1001872 0.0669251 0.0507983 0.0499093 0.0904540 0.0377325 0.0400666 0.0506953 0.1125151 0.0385166 0.0853798 0.1019195 0.0377244 0.0685390 0.0903745 0.0905527 0.0947030 0.1122041 0.0449895 0.0717669 0.1151872 0.1005857 0.0853117 0.0510558 0.0901905 0.0675607 0.0468528 0.0377519 0.0744615 0.0571625 0.0431052 0.1084026 0.0884953 0.1139552 0.0641786 0.0641786 0.1885502 0.1885502 
Notoryctidae_Notoryctes_typhlops             0.1001872 0.0000000 0.0920492 0.1066699 0.1033743 0.1110264 0.0932846 0.0968938 0.0973655 0.1204607 0.0956786 0.1085317 0.1176194 0.1031198 0.1200309 0.1107983 0.1088165 0.1162088 0.1130478 0.0912429 0.1205340 0.1313962 0.1217908 0.1080459 0.1094620 0.1015644 0.1180426 0.0977685 0.0914292 0.1200248 0.1100116 0.1046040 0.1161653 0.1116580 0.1210858 0.0464404 0.0464404 0.1822684 0.1822684 
Vombatidae_Lasiorhinus_latifrons             0.0669251 0.0920492 0.0000000 0.0755206 0.0723810 0.0947470 0.0597798 0.0604060 0.0691682 0.1197744 0.0625301 0.0909517 0.1050667 0.0618290 0.0855931 0.0993670 0.0898589 0.0944230 0.1195064 0.0614112 0.0905898 0.1122659 0.1022524 0.0918816 0.0794069 0.0892128 0.0866328 0.0664298 0.0513479 0.0935125 0.0770837 0.0647511 0.1192279 0.0950035 0.1204564 0.0351487 0.0351487 0.1915998 0.1915998 
Potoroidae_Bettongia_penicillata             0.0507983 0.1066699 0.0755206 0.0000000 0.0010318 0.1011020 0.0500541 0.0500906 0.0076330 0.1114010 0.0535517 0.0897467 0.1084098 0.0512193 0.0789376 0.1001890 0.1012746 0.1037995 0.1078826 0.0167540 0.0743220 0.1240715 0.1155839 0.0962024 0.0399872 0.1026598 0.0681147 0.0178566 0.0423916 0.0745464 0.0660596 0.0540964 0.1128688 0.1023755 0.1114373 0.0729704 0.0729704 0.1730252 0.1730252 
Potoroidae_Bettongia_lesueur                 0.0499093 0.1033743 0.0723810 0.0010318 0.0000000 0.0994251 0.0482138 0.0470687 0.0069800 0.1141522 0.0516249 0.0890810 0.1050607 0.0493611 0.0756635 0.0992943 0.0995221 0.1030315 0.1093792 0.0153636 0.0756837 0.1241998 0.1128699 0.0938486 0.0389794 0.1006879 0.0687880 0.0157233 0.0465159 0.0749373 0.0631655 0.0521187 0.1134259 0.0998859 0.1140719 0.0639180 0.0639180 0.1665703 0.1665703 
Dasyuridae_Dasyurus_maculatus                0.0904540 0.1110264 0.0947470 0.1011020 0.0994251 0.0000000 0.0831080 0.0846657 0.0991178 0.1061128 0.0848955 0.0110898 0.0210513 0.0884691 0.1199378 0.0122805 0.0046493 0.0180940 0.1016029 0.0846379 0.1218218 0.1270008 0.1203663 0.0128829 0.1020960 0.0918387 0.1114666 0.0959648 0.0779800 0.1218692 0.1045436 0.0928697 0.1008236 0.0050044 0.1067183 0.0111244 0.0111244 0.1710098 0.1710098 
Phalangeridae_Trichosurus_vulpecula          0.0377325 0.0932846 0.0597798 0.0500541 0.0482138 0.0831080 0.0000000 0.0125228 0.0490799 0.1046212 0.0123679 0.0785976 0.0944670 0.0123566 0.0660588 0.0846762 0.0825420 0.0882018 0.1021048 0.0446800 0.0699141 0.1205081 0.1051841 0.0810086 0.0578603 0.0894738 0.0644506 0.0467103 0.0418292 0.0693943 0.0529421 0.0143104 0.1031747 0.0850698 0.1035718 0.0541412 0.0541412 0.1676454 0.1676454 
Phalangeridae_Spilocuscus_maculatus          0.0400666 0.0968938 0.0604060 0.0500906 0.0470687 0.0846657 0.0125228 0.0000000 0.0492855 0.1093445 0.0065814 0.0852183 0.0974288 0.0073794 0.0650364 0.0905051 0.0841480 0.0923258 0.1068317 0.0416826 0.0682575 0.1178514 0.0980445 0.0869119 0.0520195 0.0888178 0.0640600 0.0435732 0.0413997 0.0718429 0.0523978 0.0087873 0.1066837 0.0860123 0.1090271 0.0379797 0.0379797 0.1719243 0.1719243 
Potoroidae_Aepyprymnus_rufescens             0.0506953 0.0973655 0.0691682 0.0076330 0.0069800 0.0991178 0.0490799 0.0492855 0.0000000 0.1115597 0.0522136 0.0894750 0.1045175 0.0499096 0.0722886 0.0985246 0.0985471 0.0988913 0.1104915 0.0156273 0.0745836 0.1273170 0.1130166 0.0943934 0.0369824 0.1006284 0.0719341 0.0180005 0.0450126 0.0726342 0.0629113 0.0527344 0.1118769 0.0979958 0.1118706 0.0694204 0.0694204 0.1779256 0.1779256 
Peramelidae_Perameles_nasuta                 0.1125151 0.1204607 0.1197744 0.1114010 0.1141522 0.1061128 0.1046212 0.1093445 0.1115597 0.0000000 0.1099245 0.1049251 0.1227714 0.1096678 0.1403194 0.1093358 0.1067781 0.1082468 0.0108604 0.1029851 0.1432695 0.1361015 0.1292518 0.1072563 0.1232402 0.1121752 0.1323374 0.1120282 0.1011185 0.1382025 0.1146363 0.1122529 0.0109142 0.1043750 0.0005687 0.0629466 0.0629466 0.0541549 0.0541549 
Phalangeridae_Strigocuscus_pelengensis       0.0385166 0.0956786 0.0625301 0.0535517 0.0516249 0.0848955 0.0123679 0.0065814 0.0522136 0.1099245 0.0000000 0.0826903 0.0957621 0.0059227 0.0654434 0.0872697 0.0822272 0.0898156 0.1082770 0.0457567 0.0730038 0.1146104 0.0992459 0.0848367 0.0597487 0.0897201 0.0659906 0.0478701 0.0407843 0.0710038 0.0554966 0.0073177 0.1098076 0.0859608 0.1098480 0.0387573 0.0387573 0.1892274 0.1892274 
Dasyuridae_Phascogale_tapoatafa              0.0853798 0.1085317 0.0909517 0.0897467 0.0890810 0.0110898 0.0785976 0.0852183 0.0894750 0.1049251 0.0826903 0.0000000 0.0176750 0.0864110 0.1146030 0.0040601 0.0113569 0.0137894 0.0995228 0.0775065 0.1180929 0.1251266 0.1127066 0.0056423 0.0938794 0.0883847 0.1042566 0.0884418 0.0695501 0.1149246 0.1008917 0.0910377 0.1001529 0.0117420 0.1056819 0.0111244 0.0111244 0.1594934 0.1594934 
Dasyuridae_Sminthopsis_macroura              0.1019195 0.1176194 0.1050667 0.1084098 0.1050607 0.0210513 0.0944670 0.0974288 0.1045175 0.1227714 0.0957621 0.0176750 0.0000000 0.1013399 0.1259820 0.0190198 0.0203272 0.0157924 0.1191880 0.0875082 0.1233717 0.1337629 0.1288329 0.0187357 0.1076833 0.1050376 0.1174920 0.0989383 0.0813197 0.1193385 0.1104690 0.1058262 0.1202652 0.0227040 0.1236019 0.0218008 0.0218008 0.1762887 0.1762887 
Phalangeridae_Phalanger_orientalis           0.0377244 0.1031198 0.0618290 0.0512193 0.0493611 0.0884691 0.0123566 0.0073794 0.0499096 0.1096678 0.0059227 0.0864110 0.1013399 0.0000000 0.0672404 0.0915056 0.0865052 0.0937401 0.1094593 0.0437579 0.0713053 0.1182251 0.1034894 0.0878156 0.0545786 0.0944364 0.0664547 0.0469159 0.0427796 0.0706089 0.0536331 0.0029418 0.1086785 0.0884788 0.1095037 0.0431225 0.0431225 0.1771936 0.1771936 
Acrobatidae_Acrobates_pygmaeus               0.0685390 0.1200309 0.0855931 0.0789376 0.0756635 0.1199378 0.0660588 0.0650364 0.0722886 0.1403194 0.0654434 0.1146030 0.1259820 0.0672404 0.0000000 0.1196028 0.1180292 0.1281939 0.1383874 0.0704822 0.0847396 0.1467994 0.1308730 0.1149386 0.0811298 0.1115857 0.0759167 0.0730161 0.0579796 0.0794687 0.0373858 0.0688811 0.1416087 0.1172457 0.1405315 0.0588217 0.0588217 0.1913541 0.1913541 
Dasyuridae_Phascogale_calura                 0.0903745 0.1107983 0.0993670 0.1001890 0.0992943 0.0122805 0.0846762 0.0905051 0.0985246 0.1093358 0.0872697 0.0040601 0.0190198 0.0915056 0.1196028 0.0000000 0.0125531 0.0157412 0.1041520 0.0857452 0.1237773 0.1296014 0.1189690 0.0069576 0.1032213 0.0895933 0.1117148 0.0971297 0.0779390 0.1210182 0.1062431 0.0959779 0.1054379 0.0121033 0.1098051 0.0111244 0.0111244 0.1694703 0.1694703 
Dasyuridae_Sarcophilus_harrisii              0.0905527 0.1088165 0.0898589 0.1012746 0.0995221 0.0046493 0.0825420 0.0841480 0.0985471 0.1067781 0.0822272 0.0113569 0.0203272 0.0865052 0.1180292 0.0125531 0.0000000 0.0163044 0.1037151 0.0854455 0.1219726 0.1234596 0.1169139 0.0125854 0.1007724 0.0919472 0.1103098 0.0947316 0.0801903 0.1178004 0.1076575 0.0909529 0.1044952 0.0043294 0.1073203 0.0080866 0.0080866 0.1614359 0.1614359 
Dasyuridae_Planigale_tenuirostris            0.0947030 0.1162088 0.0944230 0.1037995 0.1030315 0.0180940 0.0882018 0.0923258 0.0988913 0.1082468 0.0898156 0.0137894 0.0157924 0.0937401 0.1281939 0.0157412 0.0163044 0.0000000 0.1054235 0.0879636 0.1186937 0.1252521 0.1182532 0.0153570 0.1034110 0.0961472 0.1109157 0.0965848 0.0726466 0.1191944 0.1078914 0.0988972 0.1013540 0.0179837 0.1093276 0.0106344 0.0106344 0.1977871 0.1977871 
Peramelidae_Echymipera_kalubu                0.1122041 0.1130478 0.1195064 0.1078826 0.1093792 0.1016029 0.1021048 0.1068317 0.1104915 0.0108604 0.1082770 0.0995228 0.1191880 0.1094593 0.1383874 0.1041520 0.1037151 0.1054235 0.0000000 0.1026837 0.1393668 0.1385832 0.1244885 0.1027105 0.1220885 0.1099831 0.1257564 0.1088505 0.0969534 0.1303427 0.1116389 0.1120413 0.0089852 0.1013663 0.0112425 0.0401868 0.0401868 0.0562227 0.0562227 
Macropodidae_Dorcopsulus_vanheurni           0.0449895 0.0912429 0.0614112 0.0167540 0.0153636 0.0846379 0.0446800 0.0416826 0.0156273 0.1029851 0.0457567 0.0775065 0.0875082 0.0437579 0.0704822 0.0857452 0.0854455 0.0879636 0.1026837 0.0000000 0.0639181 0.1108529 0.1010666 0.0790784 0.0281442 0.0923362 0.0663156 0.0064918 0.0403609 0.0769425 0.0552013 0.0464447 0.1045063 0.0838157 0.1031409 0.0309798 0.0309798 0.1744933 0.1744933 
Pseudochiridae_Pseudochirulus_forbesi        0.0717669 0.1205340 0.0905898 0.0743220 0.0756837 0.1218218 0.0699141 0.0682575 0.0745836 0.1432695 0.0730038 0.1180929 0.1233717 0.0713053 0.0847396 0.1237773 0.1219726 0.1186937 0.1393668 0.0639181 0.0000000 0.1427892 0.1340533 0.1146905 0.0810262 0.1228250 0.0284208 0.0655403 0.0074509 0.0689290 0.0730425 0.0763166 0.1410156 0.1199190 0.1429476 0.0900917 0.0900917 0.2765549 0.2765549 
Didelphidae_Didelphis_virginiana             0.1151872 0.1313962 0.1122659 0.1240715 0.1241998 0.1270008 0.1205081 0.1178514 0.1273170 0.1361015 0.1146104 0.1251266 0.1337629 0.1182251 0.1467994 0.1296014 0.1234596 0.1252521 0.1385832 0.1108529 0.1427892 0.0000000 0.0251660 0.1237573 0.1297621 0.1096941 0.1374076 0.1179144 0.0959107 0.1435474 0.1232649 0.1222208 0.1406222 0.1224977 0.1376050 0.0689344 0.0689344 0.2223469 0.2223469 
Marmosidae_Monodelphis_domestica             0.1005857 0.1217908 0.1022524 0.1155839 0.1128699 0.1203663 0.1051841 0.0980445 0.1130166 0.1292518 0.0992459 0.1127066 0.1288329 0.1034894 0.1308730 0.1189690 0.1169139 0.1182532 0.1244885 0.1010666 0.1340533 0.0251660 0.0000000 0.1159183 0.1144586 0.1018230 0.1214012 0.1063396 0.0898114 0.1298849 0.1102933 0.1057790 0.1294593 0.1131915 0.1300093 0.0567900 0.0567900 0.2130644 0.2130644 
Dasyuridae_Antechinus_stuartii               0.0853117 0.1080459 0.0918816 0.0962024 0.0938486 0.0128829 0.0810086 0.0869119 0.0943934 0.1072563 0.0848367 0.0056423 0.0187357 0.0878156 0.1149386 0.0069576 0.0125854 0.0153570 0.1027105 0.0790784 0.1146905 0.1237573 0.1159183 0.0000000 0.0958341 0.0860160 0.1034012 0.0909405 0.0688509 0.1156141 0.1024638 0.0923584 0.1028476 0.0130137 0.1070945 0.0144661 0.0144661 0.1603630 0.1603630 
Hypsiprymnodontidae_Hypsiprymnodon_moschatus 0.0510558 0.1094620 0.0794069 0.0399872 0.0389794 0.1020960 0.0578603 0.0520195 0.0369824 0.1232402 0.0597487 0.0938794 0.1076833 0.0545786 0.0811298 0.1032213 0.1007724 0.1034110 0.1220885 0.0281442 0.0810262 0.1297621 0.1144586 0.0958341 0.0000000 0.1105871 0.0824335 0.0304906 0.0514647 0.0839798 0.0657939 0.0581644 0.1229597 0.0990253 0.1212946 0.1252564 0.1252564 0.1664437 0.1664437 
Microbiotheriidae_Dromiciops_gliroides       0.0901905 0.1015644 0.0892128 0.1026598 0.1006879 0.0918387 0.0894738 0.0888178 0.1006284 0.1121752 0.0897201 0.0883847 0.1050376 0.0944364 0.1115857 0.0895933 0.0919472 0.0961472 0.1099831 0.0923362 0.1228250 0.1096941 0.1018230 0.0860160 0.1105871 0.0000000 0.1105958 0.1019178 0.0818871 0.1203764 0.1016590 0.0959682 0.1030424 0.0903232 0.1147368 0.0455493 0.0455493 0.1878209 0.1878209 
Pseudochiridae_Petauroides_volans            0.0675607 0.1180426 0.0866328 0.0681147 0.0687880 0.1114666 0.0644506 0.0640600 0.0719341 0.1323374 0.0659906 0.1042566 0.1174920 0.0664547 0.0759167 0.1117148 0.1103098 0.1109157 0.1257564 0.0663156 0.0284208 0.1374076 0.1214012 0.1034012 0.0824335 0.1105958 0.0000000 0.0673903 0.0140166 0.0644130 0.0619663 0.0688068 0.1293302 0.1116139 0.1324362 0.0831038 0.0831038 0.2510425 0.2510425 
Macropodidae_Wallabia_bicolor                0.0468528 0.0977685 0.0664298 0.0178566 0.0157233 0.0959648 0.0467103 0.0435732 0.0180005 0.1120282 0.0478701 0.0884418 0.0989383 0.0469159 0.0730161 0.0971297 0.0947316 0.0965848 0.1088505 0.0064918 0.0655403 0.1179144 0.1063396 0.0909405 0.0304906 0.1019178 0.0673903 0.0000000 0.0405905 0.0772047 0.0568731 0.0496737 0.1118403 0.0941288 0.1124020 0.0265995 0.0265995 0.1778800 0.1778800 
Pseudochiridae_Pseudocheirus_occidentalis    0.0377519 0.0914292 0.0513479 0.0423916 0.0465159 0.0779800 0.0418292 0.0413997 0.0450126 0.1011185 0.0407843 0.0695501 0.0813197 0.0427796 0.0579796 0.0779390 0.0801903 0.0726466 0.0969534 0.0403609 0.0074509 0.0959107 0.0898114 0.0688509 0.0514647 0.0818871 0.0140166 0.0405905 0.0000000 0.0423016 0.0379042 0.0449547 0.0980785 0.0762171 0.1025268 0.0895764 0.0895764 9.0000000 9.0000000 
Tarsipedidae_Tarsipes_rostratus              0.0744615 0.1200248 0.0935125 0.0745464 0.0749373 0.1218692 0.0693943 0.0718429 0.0726342 0.1382025 0.0710038 0.1149246 0.1193385 0.0706089 0.0794687 0.1210182 0.1178004 0.1191944 0.1303427 0.0769425 0.0689290 0.1435474 0.1298849 0.1156141 0.0839798 0.1203764 0.0644130 0.0772047 0.0423016 0.0000000 0.0675418 0.0738028 0.1398660 0.1210011 0.1380626 0.0849269 0.0849269 0.2055283 0.2055283 
Acrobatidae_Distoechurus_pennatus            0.0571625 0.1100116 0.0770837 0.0660596 0.0631655 0.1045436 0.0529421 0.0523978 0.0629113 0.1146363 0.0554966 0.1008917 0.1104690 0.0536331 0.0373858 0.1062431 0.1076575 0.1078914 0.1116389 0.0552013 0.0730425 0.1232649 0.1102933 0.1024638 0.0657939 0.1016590 0.0619663 0.0568731 0.0379042 0.0675418 0.0000000 0.0546551 0.1113634 0.1067695 0.1131332 0.0577839 0.0577839 0.1983138 0.1983138 
Phalangeridae_Phalanger_carmelitae           0.0431052 0.1046040 0.0647511 0.0540964 0.0521187 0.0928697 0.0143104 0.0087873 0.0527344 0.1122529 0.0073177 0.0910377 0.1058262 0.0029418 0.0688811 0.0959779 0.0909529 0.0988972 0.1120413 0.0464447 0.0763166 0.1222208 0.1057790 0.0923584 0.0581644 0.0959682 0.0688068 0.0496737 0.0449547 0.0738028 0.0546551 0.0000000 0.1115143 0.0924263 0.1122238 0.0429711 0.0429711 0.1816687 0.1816687 
Peramelidae_Peroryctes_raffrayana            0.1084026 0.1161653 0.1192279 0.1128688 0.1134259 0.1008236 0.1031747 0.1066837 0.1118769 0.0109142 0.1098076 0.1001529 0.1202652 0.1086785 0.1416087 0.1054379 0.1044952 0.1013540 0.0089852 0.1045063 0.1410156 0.1406222 0.1294593 0.1028476 0.1229597 0.1030424 0.1293302 0.1118403 0.0980785 0.1398660 0.1113634 0.1115143 0.0000000 0.0996614 0.0107341 0.0302919 0.0302919 0.0682143 0.0682143 
Dasyuridae_Dasyurus_geffroii                 0.0884953 0.1116580 0.0950035 0.1023755 0.0998859 0.0050044 0.0850698 0.0860123 0.0979958 0.1043750 0.0859608 0.0117420 0.0227040 0.0884788 0.1172457 0.0121033 0.0043294 0.0179837 0.1013663 0.0838157 0.1199190 0.1224977 0.1131915 0.0130137 0.0990253 0.0903232 0.1116139 0.0941288 0.0762171 0.1210011 0.1067695 0.0924263 0.0996614 0.0000000 0.1049639 0.0111244 0.0111244 0.1578388 0.1578388 
Peramelidae_Perameles_gunnii                 0.1139552 0.1210858 0.1204564 0.1114373 0.1140719 0.1067183 0.1035718 0.1090271 0.1118706 0.0005687 0.1098480 0.1056819 0.1236019 0.1095037 0.1405315 0.1098051 0.1073203 0.1093276 0.0112425 0.1031409 0.1429476 0.1376050 0.1300093 0.1070945 0.1212946 0.1147368 0.1324362 0.1124020 0.1025268 0.1380626 0.1131332 0.1122238 0.0107341 0.1049639 0.0000000 0.0647664 0.0647664 0.0539093 0.0539093 
Myrmecobiidae_Myrmecobius_fasciatus1         0.0641786 0.0464404 0.0351487 0.0729704 0.0639180 0.0111244 0.0541412 0.0379797 0.0694204 0.0629466 0.0387573 0.0111244 0.0218008 0.0431225 0.0588217 0.0111244 0.0080866 0.0106344 0.0401868 0.0309798 0.0900917 0.0689344 0.0567900 0.0144661 0.1252564 0.0455493 0.0831038 0.0265995 0.0895764 0.0849269 0.0577839 0.0429711 0.0302919 0.0111244 0.0647664 0.0000000 0.0000010 9.0000000 9.0000000 
Myrmecobiidae_Myrmecobius_fasciatus2         0.0641786 0.0464404 0.0351487 0.0729704 0.0639180 0.0111244 0.0541412 0.0379797 0.0694204 0.0629466 0.0387573 0.0111244 0.0218008 0.0431225 0.0588217 0.0111244 0.0080866 0.0106344 0.0401868 0.0309798 0.0900917 0.0689344 0.0567900 0.0144661 0.1252564 0.0455493 0.0831038 0.0265995 0.0895764 0.0849269 0.0577839 0.0429711 0.0302919 0.0111244 0.0647664 0.0000010 0.0000000 9.0000000 9.0000000 
Thylacomyidae_Macrotis_lagotis1              0.1885502 0.1822684 0.1915998 0.1730252 0.1665703 0.1710098 0.1676454 0.1719243 0.1779256 0.0541549 0.1892274 0.1594934 0.1762887 0.1771936 0.1913541 0.1694703 0.1614359 0.1977871 0.0562227 0.1744933 0.2765549 0.2223469 0.2130644 0.1603630 0.1664437 0.1878209 0.2510425 0.1778800 9.0000000 0.2055283 0.1983138 0.1816687 0.0682143 0.1578388 0.0539093 9.0000000 9.0000000 0.0000000 0.0000010 
Thylacomyidae_Macrotis_lagotis2              0.1885502 0.1822684 0.1915998 0.1730252 0.1665703 0.1710098 0.1676454 0.1719243 0.1779256 0.0541549 0.1892274 0.1594934 0.1762887 0.1771936 0.1913541 0.1694703 0.1614359 0.1977871 0.0562227 0.1744933 0.2765549 0.2223469 0.2130644 0.1603630 0.1664437 0.1878209 0.2510425 0.1778800 9.0000000 0.2055283 0.1983138 0.1816687 0.0682143 0.1578388 0.0539093 9.0000000 9.0000000 0.0000010 0.0000000 
