35
Burramyidae_Burramys_parvus                  0.0000000 0.0796400 0.0482729 0.0505450 0.0521414 0.0726917 0.0385125 0.0427654 0.0517674 0.0825849 0.0430759 0.0729169 0.0715451 0.0465546 0.0527517 0.0731396 0.0768437 0.0726657 0.0776538 0.0460803 0.0644301 0.0937869 0.0815173 0.0661646 0.0507333 0.0652686 0.0550670 0.0459145 0.0600732 0.0620722 0.0414329 0.0488033 0.0810406 0.0737732 0.0836991 
Notoryctidae_Notoryctes_typhlops             0.0796400 0.0000000 0.0623724 0.0701778 0.0714369 0.0788147 0.0588082 0.0612000 0.0714028 0.0933820 0.0595252 0.0837324 0.0785015 0.0616214 0.0678205 0.0839607 0.0833930 0.0750679 0.0802651 0.0638208 0.0752984 0.0998241 0.0932882 0.0703956 0.0675156 0.0810459 0.0722066 0.0631543 0.0780421 0.0824733 0.0662461 0.0614848 0.0908396 0.0796321 0.0951194 
Vombatidae_Lasiorhinus_latifrons             0.0482729 0.0623724 0.0000000 0.0379956 0.0383170 0.0529571 0.0338986 0.0338404 0.0390778 0.0644377 0.0324865 0.0528546 0.0524210 0.0353125 0.0399051 0.0518104 0.0572796 0.0463207 0.0579656 0.0338760 0.0494687 0.0770082 0.0665430 0.0404415 0.0406616 0.0524696 0.0424614 0.0343166 0.0447922 0.0530374 0.0361436 0.0392310 0.0579758 0.0536487 0.0643864 
Potoroidae_Bettongia_penicillata             0.0505450 0.0701778 0.0379956 0.0000000 0.0022267 0.0596614 0.0356729 0.0345966 0.0110002 0.0760738 0.0328262 0.0626673 0.0613354 0.0374505 0.0428982 0.0620667 0.0652344 0.0561196 0.0701843 0.0133240 0.0545688 0.0770431 0.0705496 0.0538331 0.0300521 0.0596480 0.0466907 0.0148283 0.0480427 0.0553171 0.0400029 0.0410033 0.0694210 0.0615874 0.0738760 
Potoroidae_Bettongia_lesueur                 0.0521414 0.0714369 0.0383170 0.0022267 0.0000000 0.0604255 0.0370547 0.0356329 0.0132938 0.0769938 0.0342803 0.0634029 0.0625149 0.0388526 0.0447227 0.0628035 0.0651817 0.0561365 0.0710904 0.0149721 0.0552317 0.0773404 0.0712238 0.0538138 0.0317716 0.0604087 0.0485750 0.0165176 0.0490464 0.0573843 0.0414792 0.0427803 0.0703591 0.0623227 0.0745744 
Dasyuridae_Dasyurus_maculatus                0.0726917 0.0788147 0.0529571 0.0596614 0.0604255 0.0000000 0.0578658 0.0573929 0.0601186 0.0756880 0.0560914 0.0187873 0.0239738 0.0603962 0.0659371 0.0188310 0.0100724 0.0168022 0.0728031 0.0575162 0.0763405 0.0875685 0.0785131 0.0166883 0.0597741 0.0712097 0.0673129 0.0578797 0.0777873 0.0735440 0.0607956 0.0622729 0.0688563 0.0061387 0.0746037 
Phalangeridae_Trichosurus_vulpecula          0.0385125 0.0588082 0.0338986 0.0356729 0.0370547 0.0578658 0.0000000 0.0155686 0.0356983 0.0683738 0.0137054 0.0581091 0.0568892 0.0172721 0.0369157 0.0574990 0.0606043 0.0551063 0.0608567 0.0291103 0.0495176 0.0760188 0.0667089 0.0472337 0.0326287 0.0548574 0.0403346 0.0294989 0.0448228 0.0520164 0.0311481 0.0189283 0.0638015 0.0582306 0.0674990 
Phalangeridae_Spilocuscus_maculatus          0.0427654 0.0612000 0.0338404 0.0345966 0.0356329 0.0573929 0.0155686 0.0000000 0.0353606 0.0696447 0.0078624 0.0572504 0.0568100 0.0124018 0.0380817 0.0574148 0.0609427 0.0548336 0.0618759 0.0291905 0.0479177 0.0765873 0.0648361 0.0476650 0.0319681 0.0551786 0.0391853 0.0288622 0.0439508 0.0523127 0.0323772 0.0133752 0.0650300 0.0584381 0.0679717 
Potoroidae_Aepyprymnus_rufescens             0.0517674 0.0714028 0.0390778 0.0110002 0.0132938 0.0601186 0.0356983 0.0353606 0.0000000 0.0765691 0.0336079 0.0630978 0.0606452 0.0381858 0.0440310 0.0624974 0.0656706 0.0561411 0.0716652 0.0129928 0.0541297 0.0791243 0.0729839 0.0552857 0.0290156 0.0609580 0.0459754 0.0145056 0.0485701 0.0542999 0.0399675 0.0417463 0.0704573 0.0620168 0.0742529 
Peramelidae_Perameles_nasuta                 0.0825849 0.0933820 0.0644377 0.0760738 0.0769938 0.0756880 0.0683738 0.0696447 0.0765691 0.0000000 0.0683204 0.0740016 0.0733689 0.0693537 0.0716690 0.0760350 0.0774806 0.0657374 0.0185315 0.0672221 0.0827551 0.1017849 0.0905800 0.0631317 0.0696507 0.0793943 0.0787898 0.0691715 0.0852970 0.0843107 0.0698452 0.0731281 0.0175547 0.0759953 0.0034228 
Phalangeridae_Strigocuscus_pelengensis       0.0430759 0.0595252 0.0324865 0.0328262 0.0342803 0.0560914 0.0137054 0.0078624 0.0336079 0.0683204 0.0000000 0.0563933 0.0558893 0.0108621 0.0362671 0.0565027 0.0593288 0.0531076 0.0620135 0.0267031 0.0484734 0.0762174 0.0644699 0.0467085 0.0294967 0.0542535 0.0399433 0.0270190 0.0419681 0.0509859 0.0316668 0.0121901 0.0639104 0.0572306 0.0679561 
Dasyuridae_Phascogale_tapoatafa              0.0729169 0.0837324 0.0528546 0.0626673 0.0634029 0.0187873 0.0581091 0.0572504 0.0630978 0.0740016 0.0563933 0.0000000 0.0232326 0.0598533 0.0637997 0.0035334 0.0215242 0.0153569 0.0692107 0.0581517 0.0749326 0.0890483 0.0795761 0.0084024 0.0592302 0.0710830 0.0655553 0.0593375 0.0740712 0.0696584 0.0598127 0.0625004 0.0675320 0.0191523 0.0730425 
Dasyuridae_Sminthopsis_macroura              0.0715451 0.0785015 0.0524210 0.0613354 0.0625149 0.0239738 0.0568892 0.0568100 0.0606452 0.0733689 0.0558893 0.0232326 0.0000000 0.0590063 0.0632313 0.0233076 0.0281722 0.0167320 0.0686483 0.0561505 0.0743241 0.0866846 0.0756313 0.0217734 0.0587773 0.0696637 0.0653565 0.0568624 0.0730116 0.0693760 0.0601484 0.0608711 0.0671680 0.0239985 0.0729517 
Phalangeridae_Phalanger_orientalis           0.0465546 0.0616214 0.0353125 0.0374505 0.0388526 0.0603962 0.0172721 0.0124018 0.0381858 0.0693537 0.0108621 0.0598533 0.0590063 0.0000000 0.0394693 0.0600254 0.0643639 0.0587701 0.0647242 0.0312555 0.0489745 0.0797428 0.0692229 0.0509649 0.0354643 0.0590770 0.0420254 0.0313088 0.0457850 0.0553314 0.0345874 0.0044672 0.0664232 0.0619256 0.0698890 
Acrobatidae_Acrobates_pygmaeus               0.0527517 0.0678205 0.0399051 0.0428982 0.0447227 0.0659371 0.0369157 0.0380817 0.0440310 0.0716690 0.0362671 0.0637997 0.0632313 0.0394693 0.0000000 0.0631973 0.0679594 0.0571982 0.0697712 0.0372619 0.0547315 0.0816390 0.0679914 0.0530396 0.0415718 0.0621717 0.0422218 0.0380237 0.0507082 0.0564500 0.0243478 0.0416148 0.0682071 0.0658840 0.0723235 
Dasyuridae_Phascogale_calura                 0.0731396 0.0839607 0.0518104 0.0620667 0.0628035 0.0188310 0.0574990 0.0574148 0.0624974 0.0760350 0.0565027 0.0035334 0.0233076 0.0600254 0.0631973 0.0000000 0.0216037 0.0144873 0.0709440 0.0575486 0.0747065 0.0884195 0.0776898 0.0079986 0.0586290 0.0703346 0.0656739 0.0587280 0.0743747 0.0706415 0.0591564 0.0626804 0.0686440 0.0188643 0.0753479 
Dasyuridae_Sarcophilus_harrisii              0.0768437 0.0833930 0.0572796 0.0652344 0.0651817 0.0100724 0.0606043 0.0609427 0.0656706 0.0774806 0.0593288 0.0215242 0.0281722 0.0643639 0.0679594 0.0216037 0.0000000 0.0186551 0.0748362 0.0617454 0.0797585 0.0906416 0.0807217 0.0175498 0.0644834 0.0745977 0.0710426 0.0621642 0.0814171 0.0773668 0.0645308 0.0662574 0.0705843 0.0094262 0.0767298 
Dasyuridae_Planigale_tenuirostris            0.0726657 0.0750679 0.0463207 0.0561196 0.0561365 0.0168022 0.0551063 0.0548336 0.0561411 0.0657374 0.0531076 0.0153569 0.0167320 0.0587701 0.0571982 0.0144873 0.0186551 0.0000000 0.0569055 0.0527204 0.0738101 0.0764355 0.0714942 0.0172125 0.0559244 0.0625073 0.0632853 0.0541517 0.0676646 0.0637210 0.0568064 0.0624911 0.0560394 0.0158431 0.0654630 
Peramelidae_Echymipera_kalubu                0.0776538 0.0802651 0.0579656 0.0701843 0.0710904 0.0728031 0.0608567 0.0618759 0.0716652 0.0185315 0.0620135 0.0692107 0.0686483 0.0647242 0.0697712 0.0709440 0.0748362 0.0569055 0.0000000 0.0627734 0.0830036 0.0912637 0.0837232 0.0554123 0.0683001 0.0735338 0.0764613 0.0627377 0.0809131 0.0791761 0.0684395 0.0683837 0.0119881 0.0717516 0.0188683 
Macropodidae_Dorcopsulus_vanheurni           0.0460803 0.0638208 0.0338760 0.0133240 0.0149721 0.0575162 0.0291103 0.0291905 0.0129928 0.0672221 0.0267031 0.0581517 0.0561505 0.0312555 0.0372619 0.0575486 0.0617454 0.0527204 0.0627734 0.0000000 0.0486177 0.0726883 0.0647184 0.0498148 0.0230676 0.0547453 0.0409353 0.0041915 0.0428775 0.0498031 0.0338336 0.0347409 0.0633426 0.0586247 0.0655064 
Pseudochiridae_Pseudochirulus_forbesi        0.0644301 0.0752984 0.0494687 0.0545688 0.0552317 0.0763405 0.0495176 0.0479177 0.0541297 0.0827551 0.0484734 0.0749326 0.0743241 0.0489745 0.0547315 0.0747065 0.0797585 0.0738101 0.0830036 0.0486177 0.0000000 0.0965758 0.0844869 0.0685028 0.0526685 0.0719533 0.0445525 0.0492918 0.0397955 0.0675819 0.0464587 0.0522934 0.0835378 0.0784603 0.0864774 
Didelphidae_Didelphis_virginiana             0.0937869 0.0998241 0.0770082 0.0770431 0.0773404 0.0875685 0.0760188 0.0765873 0.0791243 0.1017849 0.0762174 0.0890483 0.0866846 0.0797428 0.0816390 0.0884195 0.0906416 0.0764355 0.0912637 0.0726883 0.0965758 0.0000000 0.0347209 0.0734592 0.0769468 0.0903513 0.0903124 0.0737005 0.0926841 0.0937000 0.0800845 0.0804807 0.0867076 0.0867391 0.0995728 
Marmosidae_Monodelphis_domestica             0.0815173 0.0932882 0.0665430 0.0705496 0.0712238 0.0785131 0.0667089 0.0648361 0.0729839 0.0905800 0.0644699 0.0795761 0.0756313 0.0692229 0.0679914 0.0776898 0.0807217 0.0714942 0.0837232 0.0647184 0.0844869 0.0347209 0.0000000 0.0619308 0.0697677 0.0765052 0.0741458 0.0660293 0.0849515 0.0828562 0.0673518 0.0707206 0.0788748 0.0784907 0.0888295 
Dasyuridae_Antechinus_stuartii               0.0661646 0.0703956 0.0404415 0.0538331 0.0538138 0.0166883 0.0472337 0.0476650 0.0552857 0.0631317 0.0467085 0.0084024 0.0217734 0.0509649 0.0530396 0.0079986 0.0175498 0.0172125 0.0554123 0.0498148 0.0685028 0.0734592 0.0619308 0.0000000 0.0483331 0.0618554 0.0557493 0.0510839 0.0653116 0.0615166 0.0507251 0.0546610 0.0526640 0.0179614 0.0629022 
Hypsiprymnodontidae_Hypsiprymnodon_moschatus 0.0507333 0.0675156 0.0406616 0.0300521 0.0317716 0.0597741 0.0326287 0.0319681 0.0290156 0.0696507 0.0294967 0.0592302 0.0587773 0.0354643 0.0415718 0.0586290 0.0644834 0.0559244 0.0683001 0.0230676 0.0526685 0.0769468 0.0697677 0.0483331 0.0000000 0.0617960 0.0412381 0.0244083 0.0503820 0.0543139 0.0367034 0.0375486 0.0670904 0.0604994 0.0685591 
Microbiotheriidae_Dromiciops_gliroides       0.0652686 0.0810459 0.0524696 0.0596480 0.0604087 0.0712097 0.0548574 0.0551786 0.0609580 0.0793943 0.0542535 0.0710830 0.0696637 0.0590770 0.0621717 0.0703346 0.0745977 0.0625073 0.0735338 0.0547453 0.0719533 0.0903513 0.0765052 0.0618554 0.0617960 0.0000000 0.0641780 0.0554660 0.0571382 0.0724577 0.0581541 0.0621795 0.0719227 0.0708683 0.0787579 
Pseudochiridae_Petauroides_volans            0.0550670 0.0722066 0.0424614 0.0466907 0.0485750 0.0673129 0.0403346 0.0391853 0.0459754 0.0787898 0.0399433 0.0655553 0.0653565 0.0420254 0.0422218 0.0656739 0.0710426 0.0632853 0.0764613 0.0409353 0.0445525 0.0903124 0.0741458 0.0557493 0.0412381 0.0641780 0.0000000 0.0397349 0.0416263 0.0539894 0.0404765 0.0449656 0.0738642 0.0686158 0.0799832 
Macropodidae_Wallabia_bicolor                0.0459145 0.0631543 0.0343166 0.0148283 0.0165176 0.0578797 0.0294989 0.0288622 0.0145056 0.0691715 0.0270190 0.0593375 0.0568624 0.0313088 0.0380237 0.0587280 0.0621642 0.0541517 0.0627377 0.0041915 0.0492918 0.0737005 0.0660293 0.0510839 0.0244083 0.0554660 0.0397349 0.0000000 0.0420043 0.0503291 0.0346824 0.0348533 0.0645354 0.0590328 0.0684402 
Pseudochiridae_Pseudocheirus_occidentalis    0.0600732 0.0780421 0.0447922 0.0480427 0.0490464 0.0777873 0.0448228 0.0439508 0.0485701 0.0852970 0.0419681 0.0740712 0.0730116 0.0457850 0.0507082 0.0743747 0.0814171 0.0676646 0.0809131 0.0428775 0.0397955 0.0926841 0.0849515 0.0653116 0.0503820 0.0571382 0.0416263 0.0420043 0.0000000 0.0595952 0.0421795 0.0495339 0.0797337 0.0799666 0.0865297 
Tarsipedidae_Tarsipes_rostratus              0.0620722 0.0824733 0.0530374 0.0553171 0.0573843 0.0735440 0.0520164 0.0523127 0.0542999 0.0843107 0.0509859 0.0696584 0.0693760 0.0553314 0.0564500 0.0706415 0.0773668 0.0637210 0.0791761 0.0498031 0.0675819 0.0937000 0.0828562 0.0615166 0.0543139 0.0724577 0.0539894 0.0503291 0.0595952 0.0000000 0.0543214 0.0575654 0.0792438 0.0757174 0.0829127 
Acrobatidae_Distoechurus_pennatus            0.0414329 0.0662461 0.0361436 0.0400029 0.0414792 0.0607956 0.0311481 0.0323772 0.0399675 0.0698452 0.0316668 0.0598127 0.0601484 0.0345874 0.0243478 0.0591564 0.0645308 0.0568064 0.0684395 0.0338336 0.0464587 0.0800845 0.0673518 0.0507251 0.0367034 0.0581541 0.0404765 0.0346824 0.0421795 0.0543214 0.0000000 0.0356520 0.0657197 0.0615234 0.0716322 
Phalangeridae_Phalanger_carmelitae           0.0488033 0.0614848 0.0392310 0.0410033 0.0427803 0.0622729 0.0189283 0.0133752 0.0417463 0.0731281 0.0121901 0.0625004 0.0608711 0.0044672 0.0416148 0.0626804 0.0662574 0.0624911 0.0683837 0.0347409 0.0522934 0.0804807 0.0707206 0.0546610 0.0375486 0.0621795 0.0449656 0.0348533 0.0495339 0.0575654 0.0356520 0.0000000 0.0697611 0.0638071 0.0737851 
Peramelidae_Peroryctes_raffrayana            0.0810406 0.0908396 0.0579758 0.0694210 0.0703591 0.0688563 0.0638015 0.0650300 0.0704573 0.0175547 0.0639104 0.0675320 0.0671680 0.0664232 0.0682071 0.0686440 0.0705843 0.0560394 0.0119881 0.0633426 0.0835378 0.0867076 0.0788748 0.0526640 0.0670904 0.0719227 0.0738642 0.0645354 0.0797337 0.0792438 0.0657197 0.0697611 0.0000000 0.0691704 0.0192352 
Dasyuridae_Dasyurus_geffroii                 0.0737732 0.0796321 0.0536487 0.0615874 0.0623227 0.0061387 0.0582306 0.0584381 0.0620168 0.0759953 0.0572306 0.0191523 0.0239985 0.0619256 0.0658840 0.0188643 0.0094262 0.0158431 0.0717516 0.0586247 0.0784603 0.0867391 0.0784907 0.0179614 0.0604994 0.0708683 0.0686158 0.0590328 0.0799666 0.0757174 0.0615234 0.0638071 0.0691704 0.0000000 0.0749311 
Peramelidae_Perameles_gunnii                 0.0836991 0.0951194 0.0643864 0.0738760 0.0745744 0.0746037 0.0674990 0.0679717 0.0742529 0.0034228 0.0679561 0.0730425 0.0729517 0.0698890 0.0723235 0.0753479 0.0767298 0.0654630 0.0188683 0.0655064 0.0864774 0.0995728 0.0888295 0.0629022 0.0685591 0.0787579 0.0799832 0.0684402 0.0865297 0.0829127 0.0716322 0.0737851 0.0192352 0.0749311 0.0000000 
