37
Burramyidae_Burramys_parvus                  0.0000000 0.0690557 0.0751816 0.0599703 0.0615957 0.0848371 0.0505987 0.0542861 0.0542443 0.1367208 0.0546652 0.0825069 0.0893328 0.0461786 0.0642015 0.0760996 0.0788019 0.0941229 0.1132291 0.0544664 0.0627268 0.1246018 0.1200478 0.0787761 0.0559018 0.0822991 0.0668340 0.0527046 0.0762924 0.1008518 0.0666698 0.0496881 0.1292432 0.0809013 0.1126512 0.0696196 0.0696196 
Notoryctidae_Notoryctes_typhlops             0.0690557 0.0000000 0.0906152 0.0713412 0.0751159 0.0823449 0.0645717 0.0691275 0.0693772 0.1369059 0.0706069 0.0738420 0.0940238 0.0615517 0.0739756 0.0758053 0.0756602 0.0966003 0.1189286 0.0669909 0.0737134 0.1342530 0.1388121 0.0839017 0.0739153 0.0912693 0.0788380 0.0641846 0.0821949 0.1197748 0.0855650 0.0645823 0.1269723 0.0820859 0.1169708 0.0812424 0.0812424 
Vombatidae_Lasiorhinus_latifrons             0.0751816 0.0906152 0.0000000 0.0764043 0.0773681 0.1045820 0.0704770 0.0778773 0.0705768 0.1537853 0.0765334 0.0940607 0.1048571 0.0681290 0.0850675 0.0905544 0.0960261 0.1181336 0.1228815 0.0723089 0.0846677 0.1519452 0.1488490 0.1016700 0.0707150 0.0918788 0.0905806 0.0713274 0.0986135 0.1203824 0.0923258 0.0765338 0.1464270 0.0985403 0.1309507 0.0797121 0.0797121 
Potoroidae_Bettongia_penicillata             0.0599703 0.0713412 0.0764043 0.0000000 0.0038481 0.0894955 0.0514176 0.0543540 0.0115469 0.1434100 0.0580126 0.0838430 0.1011671 0.0463251 0.0661964 0.0826775 0.0845239 0.1027921 0.1104554 0.0293166 0.0600186 0.1300057 0.1225725 0.0889776 0.0402207 0.0877491 0.0660718 0.0291975 0.0751236 0.1072049 0.0638972 0.0512336 0.1266981 0.0863922 0.1136600 0.0696417 0.0696417 
Potoroidae_Bettongia_lesueur                 0.0615957 0.0751159 0.0773681 0.0038481 0.0000000 0.0875572 0.0514303 0.0569516 0.0115545 0.1441374 0.0564478 0.0839377 0.0991579 0.0486169 0.0659303 0.0845130 0.0825152 0.1021076 0.1137373 0.0306664 0.0615201 0.1281645 0.1252150 0.0872039 0.0409443 0.0912948 0.0663776 0.0292061 0.0769314 0.1081809 0.0630454 0.0520087 0.1273839 0.0863280 0.1169691 0.0637925 0.0637925 
Dasyuridae_Dasyurus_maculatus                0.0848371 0.0823449 0.1045820 0.0894955 0.0875572 0.0000000 0.0721404 0.0789670 0.0847515 0.1519681 0.0786889 0.0193016 0.0419530 0.0718883 0.0972503 0.0201169 0.0110542 0.0329667 0.1310463 0.0827228 0.0877721 0.1396867 0.1346409 0.0230682 0.0854301 0.0900736 0.0864441 0.0762187 0.1122355 0.1314850 0.1062455 0.0780426 0.1419399 0.0106049 0.1281570 0.0201747 0.0201747 
Phalangeridae_Trichosurus_vulpecula          0.0505987 0.0645717 0.0704770 0.0514176 0.0514303 0.0721404 0.0000000 0.0193592 0.0483528 0.1118788 0.0220537 0.0620595 0.0873917 0.0172893 0.0531055 0.0611745 0.0670283 0.0794727 0.0998573 0.0509510 0.0566648 0.1134874 0.1146903 0.0657171 0.0455785 0.0710660 0.0584140 0.0461587 0.0564350 0.1004979 0.0622334 0.0203878 0.1006254 0.0667451 0.0953232 0.0789486 0.0789486 
Phalangeridae_Spilocuscus_maculatus          0.0542861 0.0691275 0.0778773 0.0543540 0.0569516 0.0789670 0.0193592 0.0000000 0.0528174 0.1261680 0.0218274 0.0743714 0.0941958 0.0122094 0.0608565 0.0699626 0.0774059 0.0889089 0.1113580 0.0523323 0.0593854 0.1303966 0.1259216 0.0773926 0.0559069 0.0789234 0.0666951 0.0561950 0.0621780 0.1035861 0.0703551 0.0154592 0.1109092 0.0787390 0.1100063 0.0516326 0.0516326 
Potoroidae_Aepyprymnus_rufescens             0.0542443 0.0693772 0.0705768 0.0115469 0.0115545 0.0847515 0.0483528 0.0528174 0.0000000 0.1376419 0.0549749 0.0796986 0.0954735 0.0433457 0.0583558 0.0786931 0.0788450 0.0977705 0.1076142 0.0254291 0.0580384 0.1284058 0.1237479 0.0823974 0.0389570 0.0857440 0.0662465 0.0253380 0.0748333 0.1039900 0.0596533 0.0480201 0.1209553 0.0826045 0.1107956 0.0544095 0.0544095 
Peramelidae_Perameles_nasuta                 0.1367208 0.1369059 0.1537853 0.1434100 0.1441374 0.1519681 0.1118788 0.1261680 0.1376419 0.0000000 0.1207355 0.1456231 0.1605893 0.1178433 0.1309477 0.1424884 0.1483175 0.1430840 0.0244231 0.1291454 0.1354958 0.1935083 0.1949556 0.1492542 0.1237308 0.1472954 0.1476498 0.1253976 0.1385856 0.2079917 0.1533173 0.1170033 0.0199332 0.1444757 0.0007042 0.1198161 0.1198161 
Phalangeridae_Strigocuscus_pelengensis       0.0546652 0.0706069 0.0765334 0.0580126 0.0564478 0.0786889 0.0220537 0.0218274 0.0549749 0.1207355 0.0000000 0.0743911 0.0938546 0.0177765 0.0595343 0.0695165 0.0775895 0.0873272 0.1054834 0.0543948 0.0626708 0.1187849 0.1207628 0.0753902 0.0564666 0.0790504 0.0687950 0.0542148 0.0652940 0.1057062 0.0699564 0.0165213 0.1027584 0.0793642 0.1057657 0.0589825 0.0589825 
Dasyuridae_Phascogale_tapoatafa              0.0825069 0.0738420 0.0940607 0.0838430 0.0839377 0.0193016 0.0620595 0.0743714 0.0796986 0.1456231 0.0743911 0.0000000 0.0393990 0.0652545 0.0924392 0.0031342 0.0138373 0.0302624 0.1271296 0.0812678 0.0880647 0.1307108 0.1254842 0.0115184 0.0802680 0.0893173 0.0841964 0.0738417 0.1056181 0.1261100 0.0986093 0.0690041 0.1356997 0.0167168 0.1200497 0.0205014 0.0205014 
Dasyuridae_Sminthopsis_macroura              0.0893328 0.0940238 0.1048571 0.1011671 0.0991579 0.0419530 0.0873917 0.0941958 0.0954735 0.1605893 0.0938546 0.0393990 0.0000000 0.0839468 0.1055927 0.0405588 0.0379124 0.0298148 0.1400281 0.0943190 0.0967289 0.1389765 0.1376947 0.0405186 0.0979572 0.0962464 0.0921108 0.0880046 0.1093506 0.1327332 0.1138920 0.0885016 0.1590108 0.0353446 0.1376088 0.0443590 0.0443590 
Phalangeridae_Phalanger_orientalis           0.0461786 0.0615517 0.0681290 0.0463251 0.0486169 0.0718883 0.0172893 0.0122094 0.0433457 0.1178433 0.0177765 0.0652545 0.0839468 0.0000000 0.0551268 0.0605736 0.0683736 0.0783550 0.1019428 0.0444556 0.0544203 0.1147518 0.1143768 0.0677609 0.0490459 0.0722959 0.0594392 0.0450877 0.0572143 0.0965346 0.0617213 0.0062435 0.1028841 0.0716330 0.0974933 0.0581173 0.0581173 
Acrobatidae_Acrobates_pygmaeus               0.0642015 0.0739756 0.0850675 0.0661964 0.0659303 0.0972503 0.0531055 0.0608565 0.0583558 0.1309477 0.0595343 0.0924392 0.1055927 0.0551268 0.0000000 0.0912913 0.0892327 0.1118597 0.1146067 0.0633550 0.0510480 0.1369478 0.1337582 0.0977439 0.0586886 0.0863249 0.0676405 0.0621627 0.0618587 0.1022740 0.0551318 0.0627954 0.1197468 0.0941043 0.1153628 0.0613782 0.0613782 
Dasyuridae_Phascogale_calura                 0.0760996 0.0758053 0.0905544 0.0826775 0.0845130 0.0201169 0.0611745 0.0699626 0.0786931 0.1424884 0.0695165 0.0031342 0.0405588 0.0605736 0.0912913 0.0000000 0.0177504 0.0315385 0.1210718 0.0756334 0.0838391 0.1352891 0.1282605 0.0128899 0.0750299 0.0838758 0.0804700 0.0690926 0.1009631 0.1211282 0.0967391 0.0656454 0.1311545 0.0175530 0.1162029 0.0172425 0.0172425 
Dasyuridae_Sarcophilus_harrisii              0.0788019 0.0756602 0.0960261 0.0845239 0.0825152 0.0110542 0.0670283 0.0774059 0.0788450 0.1483175 0.0775895 0.0138373 0.0379124 0.0683736 0.0892327 0.0177504 0.0000000 0.0318027 0.1283777 0.0801706 0.0858589 0.1341178 0.1296506 0.0189433 0.0795050 0.0837468 0.0858785 0.0739048 0.1115368 0.1296037 0.0966003 0.0714190 0.1428841 0.0071670 0.1245658 0.0201593 0.0201593 
Dasyuridae_Planigale_tenuirostris            0.0941229 0.0966003 0.1181336 0.1027921 0.1021076 0.0329667 0.0794727 0.0889089 0.0977705 0.1430840 0.0873272 0.0302624 0.0298148 0.0783550 0.1118597 0.0315385 0.0318027 0.0000000 0.1362550 0.0938112 0.0994230 0.1608459 0.1494728 0.0304303 0.0969305 0.1018962 0.0921404 0.0905231 0.1170544 0.1456727 0.1221641 0.0771470 0.1451763 0.0311142 0.1265354 0.0266813 0.0266813 
Peramelidae_Echymipera_kalubu                0.1132291 0.1189286 0.1228815 0.1104554 0.1137373 0.1310463 0.0998573 0.1113580 0.1076142 0.0244231 0.1054834 0.1271296 0.1400281 0.1019428 0.1146067 0.1210718 0.1283777 0.1362550 0.0000000 0.1034675 0.1110938 0.1648864 0.1654052 0.1258987 0.1054635 0.1296614 0.1221532 0.0989528 0.1450158 0.1738677 0.1257658 0.1077872 0.0162544 0.1264092 0.0201158 0.0849520 0.0849520 
Macropodidae_Dorcopsulus_vanheurni           0.0544664 0.0669909 0.0723089 0.0293166 0.0306664 0.0827228 0.0509510 0.0523323 0.0254291 0.1291454 0.0543948 0.0812678 0.0943190 0.0444556 0.0633550 0.0756334 0.0801706 0.0938112 0.1034675 0.0000000 0.0572304 0.1312971 0.1266323 0.0844291 0.0414007 0.0794128 0.0656904 0.0090270 0.0719842 0.1011401 0.0625688 0.0492088 0.1127026 0.0825705 0.1064868 0.0663983 0.0663983 
Pseudochiridae_Pseudochirulus_forbesi        0.0627268 0.0737134 0.0846677 0.0600186 0.0615201 0.0877721 0.0566648 0.0593854 0.0580384 0.1354958 0.0626708 0.0880647 0.0967289 0.0544203 0.0510480 0.0838391 0.0858589 0.0994230 0.1110938 0.0572304 0.0000000 0.1286072 0.1250112 0.0923981 0.0570996 0.0815554 0.0328014 0.0570721 0.0333039 0.0877213 0.0661381 0.0574899 0.1229290 0.0844609 0.1129947 0.0742992 0.0742992 
Didelphidae_Didelphis_virginiana             0.1246018 0.1342530 0.1519452 0.1300057 0.1281645 0.1396867 0.1134874 0.1303966 0.1284058 0.1935083 0.1187849 0.1307108 0.1389765 0.1147518 0.1369478 0.1352891 0.1341178 0.1608459 0.1648864 0.1312971 0.1286072 0.0000000 0.0474772 0.1388825 0.1256921 0.1279135 0.1292178 0.1266130 0.1527032 0.1515846 0.1295860 0.1214459 0.2005983 0.1372925 0.1586237 0.1257907 0.1257907 
Marmosidae_Monodelphis_domestica             0.1200478 0.1388121 0.1488490 0.1225725 0.1252150 0.1346409 0.1146903 0.1259216 0.1237479 0.1949556 0.1207628 0.1254842 0.1376947 0.1143768 0.1337582 0.1282605 0.1296506 0.1494728 0.1654052 0.1266323 0.1250112 0.0474772 0.0000000 0.1325282 0.1253058 0.1279159 0.1430456 0.1264219 0.1632732 0.1644802 0.1408609 0.1187784 0.1861045 0.1302931 0.1601406 0.0939774 0.0939774 
Dasyuridae_Antechinus_stuartii               0.0787761 0.0839017 0.1016700 0.0889776 0.0872039 0.0230682 0.0657171 0.0773926 0.0823974 0.1492542 0.0753902 0.0115184 0.0405186 0.0677609 0.0977439 0.0128899 0.0189433 0.0304303 0.1258987 0.0844291 0.0923981 0.1388825 0.1325282 0.0000000 0.0815128 0.0908703 0.0847377 0.0766305 0.1120390 0.1242271 0.1041061 0.0726752 0.1388825 0.0186902 0.1240456 0.0258240 0.0258240 
Hypsiprymnodontidae_Hypsiprymnodon_moschatus 0.0559018 0.0739153 0.0707150 0.0402207 0.0409443 0.0854301 0.0455785 0.0559069 0.0389570 0.1237308 0.0564666 0.0802680 0.0979572 0.0490459 0.0586886 0.0750299 0.0795050 0.0969305 0.1054635 0.0414007 0.0570996 0.1256921 0.1253058 0.0815128 0.0000000 0.0731331 0.0664005 0.0377429 0.0682174 0.1055314 0.0656819 0.0540900 0.1101367 0.0816001 0.1065451 0.0891458 0.0891458 
Microbiotheriidae_Dromiciops_gliroides       0.0822991 0.0912693 0.0918788 0.0877491 0.0912948 0.0900736 0.0710660 0.0789234 0.0857440 0.1472954 0.0790504 0.0893173 0.0962464 0.0722959 0.0863249 0.0838758 0.0837468 0.1018962 0.1296614 0.0794128 0.0815554 0.1279135 0.1279159 0.0908703 0.0731331 0.0000000 0.0937005 0.0797816 0.1010888 0.1084868 0.0898338 0.0772139 0.1412490 0.0823857 0.1227815 0.0677597 0.0677597 
Pseudochiridae_Petauroides_volans            0.0668340 0.0788380 0.0905806 0.0660718 0.0663776 0.0864441 0.0584140 0.0666951 0.0662465 0.1476498 0.0687950 0.0841964 0.0921108 0.0594392 0.0676405 0.0804700 0.0858785 0.0921404 0.1221532 0.0656904 0.0328014 0.1292178 0.1430456 0.0847377 0.0664005 0.0937005 0.0000000 0.0621430 0.0346278 0.0928723 0.0689812 0.0627035 0.1359326 0.0830823 0.1214371 0.0859967 0.0859967 
Macropodidae_Wallabia_bicolor                0.0527046 0.0641846 0.0713274 0.0291975 0.0292061 0.0762187 0.0461587 0.0561950 0.0253380 0.1253976 0.0542148 0.0738417 0.0880046 0.0450877 0.0621627 0.0690926 0.0739048 0.0905231 0.0989528 0.0090270 0.0570721 0.1266130 0.1264219 0.0766305 0.0377429 0.0797816 0.0621430 0.0000000 0.0708584 0.0999880 0.0649294 0.0484846 0.1103420 0.0742864 0.1039108 0.0622495 0.0622495 
Pseudochiridae_Pseudocheirus_occidentalis    0.0762924 0.0821949 0.0986135 0.0751236 0.0769314 0.1122355 0.0564350 0.0621780 0.0748333 0.1385856 0.0652940 0.1056181 0.1093506 0.0572143 0.0618587 0.1009631 0.1115368 0.1170544 0.1450158 0.0719842 0.0333039 0.1527032 0.1632732 0.1120390 0.0682174 0.1010888 0.0346278 0.0708584 0.0000000 0.1124471 0.0721978 0.0562497 0.1341607 0.1084761 0.1405226 0.1471498 0.1471498 
Tarsipedidae_Tarsipes_rostratus              0.1008518 0.1197748 0.1203824 0.1072049 0.1081809 0.1314850 0.1004979 0.1035861 0.1039900 0.2079917 0.1057062 0.1261100 0.1327332 0.0965346 0.1022740 0.1211282 0.1296037 0.1456727 0.1738677 0.1011401 0.0877213 0.1515846 0.1644802 0.1242271 0.1055314 0.1084868 0.0928723 0.0999880 0.1124471 0.0000000 0.1053260 0.1034313 0.2010980 0.1248851 0.1708700 0.0603631 0.0603631 
Acrobatidae_Distoechurus_pennatus            0.0666698 0.0855650 0.0923258 0.0638972 0.0630454 0.1062455 0.0622334 0.0703551 0.0596533 0.1533173 0.0699564 0.0986093 0.1138920 0.0617213 0.0551318 0.0967391 0.0966003 0.1221641 0.1257658 0.0625688 0.0661381 0.1295860 0.1408609 0.1041061 0.0656819 0.0898338 0.0689812 0.0649294 0.0721978 0.1053260 0.0000000 0.0669635 0.1480474 0.0988330 0.1285884 0.0644875 0.0644875 
Phalangeridae_Phalanger_carmelitae           0.0496881 0.0645823 0.0765338 0.0512336 0.0520087 0.0780426 0.0203878 0.0154592 0.0480201 0.1170033 0.0165213 0.0690041 0.0885016 0.0062435 0.0627954 0.0656454 0.0714190 0.0771470 0.1077872 0.0492088 0.0574899 0.1214459 0.1187784 0.0726752 0.0540900 0.0772139 0.0627035 0.0484846 0.0562497 0.1034313 0.0669635 0.0000000 0.1019923 0.0749801 0.1024495 0.0642771 0.0642771 
Peramelidae_Peroryctes_raffrayana            0.1292432 0.1269723 0.1464270 0.1266981 0.1273839 0.1419399 0.1006254 0.1109092 0.1209553 0.0199332 0.1027584 0.1356997 0.1590108 0.1028841 0.1197468 0.1311545 0.1428841 0.1451763 0.0162544 0.1127026 0.1229290 0.2005983 0.1861045 0.1388825 0.1101367 0.1412490 0.1359326 0.1103420 0.1341607 0.2010980 0.1480474 0.1019923 0.0000000 0.1389857 0.0186105 0.0400542 0.0400542 
Dasyuridae_Dasyurus_geffroii                 0.0809013 0.0820859 0.0985403 0.0863922 0.0863280 0.0106049 0.0667451 0.0787390 0.0826045 0.1444757 0.0793642 0.0167168 0.0353446 0.0716330 0.0941043 0.0175530 0.0071670 0.0311142 0.1264092 0.0825705 0.0844609 0.1372925 0.1302931 0.0186902 0.0816001 0.0823857 0.0830823 0.0742864 0.1084761 0.1248851 0.0988330 0.0749801 0.1389857 0.0000000 0.1216446 0.0157452 0.0157452 
Peramelidae_Perameles_gunnii                 0.1126512 0.1169708 0.1309507 0.1136600 0.1169691 0.1281570 0.0953232 0.1100063 0.1107956 0.0007042 0.1057657 0.1200497 0.1376088 0.0974933 0.1153628 0.1162029 0.1245658 0.1265354 0.0201158 0.1064868 0.1129947 0.1586237 0.1601406 0.1240456 0.1065451 0.1227815 0.1214371 0.1039108 0.1405226 0.1708700 0.1285884 0.1024495 0.0186105 0.1216446 0.0000000 0.1154306 0.1154306 
Myrmecobiidae_Myrmecobius_fasciatus1         0.0696196 0.0812424 0.0797121 0.0696417 0.0637925 0.0201747 0.0789486 0.0516326 0.0544095 0.1198161 0.0589825 0.0205014 0.0443590 0.0581173 0.0613782 0.0172425 0.0201593 0.0266813 0.0849520 0.0663983 0.0742992 0.1257907 0.0939774 0.0258240 0.0891458 0.0677597 0.0859967 0.0622495 0.1471498 0.0603631 0.0644875 0.0642771 0.0400542 0.0157452 0.1154306 0.0000000 0.0000010 
Myrmecobiidae_Myrmecobius_fasciatus2         0.0696196 0.0812424 0.0797121 0.0696417 0.0637925 0.0201747 0.0789486 0.0516326 0.0544095 0.1198161 0.0589825 0.0205014 0.0443590 0.0581173 0.0613782 0.0172425 0.0201593 0.0266813 0.0849520 0.0663983 0.0742992 0.1257907 0.0939774 0.0258240 0.0891458 0.0677597 0.0859967 0.0622495 0.1471498 0.0603631 0.0644875 0.0642771 0.0400542 0.0157452 0.1154306 0.0000010 0.0000000 
