13
Bradypus             0.0000000 0.0638978 0.1477464 0.1678146 0.1640442 0.1582514 0.1642704 0.1447727 0.1469406 0.1474049 0.1527901 0.1561504 0.1578569 
Choloepus            0.0638978 0.0000000 0.1329986 0.1534582 0.1513569 0.1562660 0.1587650 0.1384324 0.1433399 0.1396164 0.1467185 0.1477259 0.1516809 
Cyclopes             0.1477464 0.1329986 0.0000000 0.1185256 0.1197653 0.1619993 0.1675978 0.1507642 0.1532322 0.1466564 0.1530005 0.1554377 0.1610508 
Tamandua             0.1678146 0.1534582 0.1185256 0.0000000 0.0450168 0.1746440 0.1799987 0.1625849 0.1670052 0.1630389 0.1690761 0.1705489 0.1750032 
Myrmecophaga         0.1640442 0.1513569 0.1197653 0.0450168 0.0000000 0.1694266 0.1724109 0.1597780 0.1640937 0.1589680 0.1610920 0.1639348 0.1692659 
Dasypus_kappleri     0.1582514 0.1562660 0.1619993 0.1746440 0.1694266 0.0000000 0.0281009 0.0854984 0.0887577 0.0900407 0.0896607 0.0897346 0.0942235 
Dasypus_novemcinctus 0.1642704 0.1587650 0.1675978 0.1799987 0.1724109 0.0281009 0.0000000 0.0859020 0.0916455 0.0918835 0.0906310 0.0920666 0.0959799 
Cabassous            0.1447727 0.1384324 0.1507642 0.1625849 0.1597780 0.0854984 0.0859020 0.0000000 0.0411184 0.0425988 0.0605242 0.0608548 0.0628451 
Priodontes           0.1469406 0.1433399 0.1532322 0.1670052 0.1640937 0.0887577 0.0916455 0.0411184 0.0000000 0.0477093 0.0652031 0.0645401 0.0673747 
Tolypeutes           0.1474049 0.1396164 0.1466564 0.1630389 0.1589680 0.0900407 0.0918835 0.0425988 0.0477093 0.0000000 0.0637691 0.0666956 0.0683452 
Chaetophractus       0.1527901 0.1467185 0.1530005 0.1690761 0.1610920 0.0896607 0.0906310 0.0605242 0.0652031 0.0637691 0.0000000 0.0193241 0.0245262 
Euphractus           0.1561504 0.1477259 0.1554377 0.1705489 0.1639348 0.0897346 0.0920666 0.0608548 0.0645401 0.0666956 0.0193241 0.0000000 0.0249993 
Zaedyus              0.1578569 0.1516809 0.1610508 0.1750032 0.1692659 0.0942235 0.0959799 0.0628451 0.0673747 0.0683452 0.0245262 0.0249993 0.0000000 
