35
Burramyidae_Burramys_parvus                  0.0000000 0.1553298 0.0795775 0.0713101 0.0735768 0.1137130 0.0642362 0.0918743 0.0812766 0.1436420 0.0693969 0.1076318 0.1192114 0.0710825 0.0710123 0.1402033 0.0749914 0.0752696 0.1580902 0.1521592 0.0718435 0.1280860 0.0786165 0.0766108 0.0747174 0.0970803 0.0851982 0.0706533 0.1365495 0.1124635 0.1438619 0.1406484 0.1226071 0.1513270 0.1393575 
Notoryctidae_Notoryctes_typhlops             0.1553298 0.0000000 0.1144010 0.1307718 0.1360511 0.1450495 0.1179535 0.1350001 0.1340304 0.1446107 0.1319454 0.1433057 0.1505180 0.1279860 0.1262060 0.1489376 0.1352135 0.1264483 0.1755113 0.1776753 0.1339982 0.1490083 0.1291394 0.1385659 0.1248131 0.1653386 0.1289690 0.1350677 0.1368613 0.1423243 0.1452888 0.1355975 0.1319634 0.1449975 0.1376676 
Vombatidae_Lasiorhinus_latifrons             0.0795775 0.1144010 0.0000000 0.0795655 0.0800660 0.1018643 0.0674458 0.0850572 0.0800940 0.1195999 0.0786850 0.0930403 0.1011485 0.0721053 0.0789149 0.1156142 0.0790886 0.0731533 0.1401465 0.1322827 0.0750620 0.1126454 0.0825783 0.0825543 0.0783709 0.1045948 0.0783631 0.0761486 0.1162212 0.1039513 0.1185979 0.0973039 0.0899739 0.1070167 0.0986270 
Potoroidae_Bettongia_penicillata             0.0713101 0.1307718 0.0795655 0.0000000 0.0028246 0.1116717 0.0691372 0.0834164 0.0127040 0.1346786 0.0792792 0.1067667 0.1139277 0.0726119 0.0770254 0.1376042 0.0233970 0.0718175 0.1507794 0.1482297 0.0396522 0.1281233 0.0849291 0.0243765 0.0708927 0.1040847 0.0854990 0.0782109 0.1298306 0.1150387 0.1359795 0.1033776 0.0930915 0.1059870 0.0945874 
Potoroidae_Bettongia_lesueur                 0.0735768 0.1360511 0.0800660 0.0028246 0.0000000 0.1091760 0.0692100 0.0835105 0.0121876 0.1354075 0.0802852 0.1037531 0.1126991 0.0726514 0.0789644 0.1389821 0.0234160 0.0728099 0.1548277 0.1523243 0.0411281 0.1274465 0.0860127 0.0249992 0.0709855 0.1046787 0.0860675 0.0782565 0.1323968 0.1131482 0.1367130 0.0995974 0.0894728 0.1041100 0.0945497 
Dasyuridae_Dasyurus_maculatus                0.1137130 0.1450495 0.1018643 0.1116717 0.1091760 0.0000000 0.1037939 0.1241755 0.1136116 0.1344092 0.1147723 0.0164176 0.0274319 0.1067989 0.1153382 0.1365826 0.1133839 0.1118688 0.1379231 0.1356823 0.1125144 0.1173195 0.1249095 0.1203742 0.1120079 0.1431091 0.1159072 0.1129554 0.1311829 0.0085300 0.1334610 0.0168017 0.0058859 0.0268759 0.0167397 
Phalangeridae_Trichosurus_vulpecula          0.0642362 0.1179535 0.0674458 0.0691372 0.0692100 0.1037939 0.0000000 0.0326493 0.0728006 0.1236787 0.0236210 0.1013238 0.1135936 0.0192167 0.0660963 0.1226407 0.0667356 0.0595890 0.1405754 0.1467399 0.0730234 0.1113908 0.0700588 0.0693780 0.0601742 0.0992328 0.0693137 0.0235022 0.1206623 0.1032574 0.1224140 0.1069389 0.0977212 0.1131649 0.1034742 
Phalangeridae_Spilocuscus_maculatus          0.0918743 0.1350001 0.0850572 0.0834164 0.0835105 0.1241755 0.0326493 0.0000000 0.0825624 0.1389481 0.0331399 0.1176976 0.1275358 0.0240182 0.0868025 0.1427346 0.0851618 0.0765174 0.1573952 0.1649809 0.0885752 0.1294140 0.0928004 0.0854992 0.0759297 0.1183372 0.0887469 0.0329214 0.1366087 0.1219230 0.1401705 0.1278757 0.1210252 0.1358857 0.1308117 
Potoroidae_Aepyprymnus_rufescens             0.0812766 0.1340304 0.0800940 0.0127040 0.0121876 0.1136116 0.0728006 0.0825624 0.0000000 0.1330487 0.0810528 0.1070084 0.1188354 0.0723500 0.0835508 0.1390864 0.0247076 0.0761445 0.1517447 0.1498110 0.0413186 0.1270384 0.0894929 0.0263210 0.0764431 0.1083067 0.0853499 0.0769913 0.1339250 0.1157820 0.1348293 0.1002381 0.0899330 0.1112446 0.0959073 
Peramelidae_Perameles_nasuta                 0.1436420 0.1446107 0.1195999 0.1346786 0.1354075 0.1344092 0.1236787 0.1389481 0.1330487 0.0000000 0.1291826 0.1293764 0.1381881 0.1181005 0.1268645 0.0173728 0.1285288 0.1231263 0.1673412 0.1697829 0.1284393 0.1478514 0.1347667 0.1355542 0.1218216 0.1609815 0.1340146 0.1306523 0.0165320 0.1317355 0.0007909 0.1184306 0.1128790 0.1240207 0.1192677 
Phalangeridae_Strigocuscus_pelengensis       0.0693969 0.1319454 0.0786850 0.0792792 0.0802852 0.1147723 0.0236210 0.0331399 0.0810528 0.1291826 0.0000000 0.1125533 0.1219472 0.0176738 0.0718607 0.1319307 0.0812118 0.0648448 0.1504025 0.1534052 0.0819504 0.1270001 0.0800197 0.0819533 0.0664376 0.1067969 0.0785164 0.0185408 0.1262573 0.1156018 0.1303212 0.1228162 0.1097794 0.1313767 0.1209157 
Dasyuridae_Phascogale_tapoatafa              0.1076318 0.1433057 0.0930403 0.1067667 0.1037531 0.0164176 0.1013238 0.1176976 0.1070084 0.1293764 0.1125533 0.0000000 0.0222337 0.1070713 0.1144754 0.1249148 0.1084069 0.1053139 0.1410359 0.1337369 0.1099547 0.1060662 0.1192812 0.1157734 0.1071100 0.1344649 0.1169157 0.1131480 0.1260154 0.0152614 0.1284131 0.0031192 0.0122880 0.0251778 0.0095548 
Dasyuridae_Sminthopsis_macroura              0.1192114 0.1505180 0.1011485 0.1139277 0.1126991 0.0274319 0.1135936 0.1275358 0.1188354 0.1381881 0.1219472 0.0222337 0.0000000 0.1141191 0.1199669 0.1348826 0.1117616 0.1111530 0.1432096 0.1414990 0.1185992 0.1236794 0.1201950 0.1208493 0.1114981 0.1385076 0.1210307 0.1223436 0.1330748 0.0261667 0.1383424 0.0238120 0.0202067 0.0232323 0.0283661 
Phalangeridae_Phalanger_orientalis           0.0710825 0.1279860 0.0721053 0.0726119 0.0726514 0.1067989 0.0192167 0.0240182 0.0723500 0.1181005 0.0176738 0.1070713 0.1141191 0.0000000 0.0691363 0.1239669 0.0709724 0.0585002 0.1435141 0.1515866 0.0740840 0.1193534 0.0731999 0.0724889 0.0579491 0.0963383 0.0731067 0.0117666 0.1204756 0.1053280 0.1191641 0.1073985 0.0979906 0.1166538 0.1104734 
Acrobatidae_Acrobates_pygmaeus               0.0710123 0.1262060 0.0789149 0.0770254 0.0789644 0.1153382 0.0660963 0.0868025 0.0835508 0.1268645 0.0718607 0.1144754 0.1199669 0.0691363 0.0000000 0.1256517 0.0805857 0.0559566 0.1478886 0.1433222 0.0752041 0.1278610 0.0644217 0.0842174 0.0547008 0.0858627 0.0362154 0.0761789 0.1236391 0.1170840 0.1276253 0.1152608 0.1025156 0.1227995 0.1177192 
Peramelidae_Echymipera_kalubu                0.1402033 0.1489376 0.1156142 0.1376042 0.1389821 0.1365826 0.1226407 0.1427346 0.1390864 0.0173728 0.1319307 0.1249148 0.1348826 0.1239669 0.1256517 0.0000000 0.1325485 0.1324615 0.1718986 0.1670808 0.1303362 0.1498358 0.1335284 0.1372027 0.1271950 0.1577652 0.1342331 0.1340444 0.0144600 0.1310334 0.0162615 0.1171731 0.1137928 0.1236441 0.1147722 
Macropodidae_Dorcopsulus_vanheurni           0.0749914 0.1352135 0.0790886 0.0233970 0.0234160 0.1133839 0.0667356 0.0851618 0.0247076 0.1285288 0.0812118 0.1084069 0.1117616 0.0709724 0.0805857 0.1325485 0.0000000 0.0663720 0.1484508 0.1486835 0.0391001 0.1248420 0.0820192 0.0089587 0.0671609 0.1074186 0.0826291 0.0755698 0.1268801 0.1141783 0.1302784 0.1007699 0.0924059 0.1101461 0.1006368 
Pseudochiridae_Pseudochirulus_forbesi        0.0752696 0.1264483 0.0731533 0.0718175 0.0728099 0.1118688 0.0595890 0.0765174 0.0761445 0.1231263 0.0648448 0.1053139 0.1111530 0.0585002 0.0559566 0.1324615 0.0663720 0.0000000 0.1373021 0.1446856 0.0745425 0.1257886 0.0391489 0.0697120 0.0168701 0.0825713 0.0637666 0.0659003 0.1252101 0.1124390 0.1238393 0.1069422 0.0983028 0.1196184 0.1098086 
Didelphidae_Didelphis_virginiana             0.1580902 0.1755113 0.1401465 0.1507794 0.1548277 0.1379231 0.1405754 0.1573952 0.1517447 0.1673412 0.1504025 0.1410359 0.1432096 0.1435141 0.1478886 0.1718986 0.1484508 0.1373021 0.0000000 0.0363352 0.1512457 0.1445525 0.1574980 0.1562102 0.1393822 0.1722044 0.1446406 0.1516750 0.1662912 0.1363280 0.1688457 0.1526402 0.1378393 0.1505482 0.1464891 
Marmosidae_Monodelphis_domestica             0.1521592 0.1776753 0.1322827 0.1482297 0.1523243 0.1356823 0.1467399 0.1649809 0.1498110 0.1697829 0.1534052 0.1337369 0.1414990 0.1515866 0.1433222 0.1670808 0.1486835 0.1446856 0.0363352 0.0000000 0.1422937 0.1468056 0.1631410 0.1527016 0.1438232 0.1745921 0.1367226 0.1583023 0.1659340 0.1316954 0.1694838 0.1452158 0.1342436 0.1497870 0.1444081 
Hypsiprymnodontidae_Hypsiprymnodon_moschatus 0.0718435 0.1339982 0.0750620 0.0396522 0.0411281 0.1125144 0.0730234 0.0885752 0.0413186 0.1284393 0.0819504 0.1099547 0.1185992 0.0740840 0.0752041 0.1303362 0.0391001 0.0745425 0.1512457 0.1422937 0.0000000 0.1180815 0.0890333 0.0421026 0.0746192 0.0976100 0.0852074 0.0796059 0.1242215 0.1158973 0.1297160 0.1159543 0.1072997 0.1253369 0.1117239 
Microbiotheriidae_Dromiciops_gliroides       0.1280860 0.1490083 0.1126454 0.1281233 0.1274465 0.1173195 0.1113908 0.1294140 0.1270384 0.1478514 0.1270001 0.1060662 0.1236794 0.1193534 0.1278610 0.1498358 0.1248420 0.1257886 0.1445525 0.1468056 0.1180815 0.0000000 0.1410455 0.1296463 0.1294460 0.1458774 0.1355115 0.1200123 0.1480935 0.1154015 0.1485421 0.1164691 0.1164349 0.1366218 0.1242438 
Pseudochiridae_Petauroides_volans            0.0786165 0.1291394 0.0825783 0.0849291 0.0860127 0.1249095 0.0700588 0.0928004 0.0894929 0.1347667 0.0800197 0.1192812 0.1201950 0.0731999 0.0644217 0.1335284 0.0820192 0.0391489 0.1574980 0.1631410 0.0890333 0.1410455 0.0000000 0.0849995 0.0359956 0.0847162 0.0729935 0.0792470 0.1307635 0.1212263 0.1355121 0.1292539 0.1189934 0.1386923 0.1310608 
Macropodidae_Wallabia_bicolor                0.0766108 0.1385659 0.0825543 0.0243765 0.0249992 0.1203742 0.0693780 0.0854992 0.0263210 0.1355542 0.0819533 0.1157734 0.1208493 0.0724889 0.0842174 0.1372027 0.0089587 0.0697120 0.1562102 0.1527016 0.0421026 0.1296463 0.0849995 0.0000000 0.0710500 0.1086929 0.0872974 0.0787292 0.1315353 0.1210403 0.1373390 0.1079760 0.0986835 0.1203904 0.1051994 
Pseudochiridae_Pseudocheirus_occidentalis    0.0747174 0.1248131 0.0783709 0.0708927 0.0709855 0.1120079 0.0601742 0.0759297 0.0764431 0.1218216 0.0664376 0.1071100 0.1114981 0.0579491 0.0547008 0.1271950 0.0671609 0.0168701 0.1393822 0.1438232 0.0746192 0.1294460 0.0359956 0.0710500 0.0000000 0.0749215 0.0582572 0.0679396 0.1240350 0.1120332 0.1225328 0.1134823 0.1008635 0.1266787 0.1146341 
Tarsipedidae_Tarsipes_rostratus              0.0970803 0.1653386 0.1045948 0.1040847 0.1046787 0.1431091 0.0992328 0.1183372 0.1083067 0.1609815 0.1067969 0.1344649 0.1385076 0.0963383 0.0858627 0.1577652 0.1074186 0.0825713 0.1722044 0.1745921 0.0976100 0.1458774 0.0847162 0.1086929 0.0749215 0.0000000 0.0896951 0.1070110 0.1548481 0.1391700 0.1619132 0.1477908 0.1384701 0.1564917 0.1481265 
Acrobatidae_Distoechurus_pennatus            0.0851982 0.1289690 0.0783631 0.0854990 0.0860675 0.1159072 0.0693137 0.0887469 0.0853499 0.1340146 0.0785164 0.1169157 0.1210307 0.0731067 0.0362154 0.1342331 0.0826291 0.0637666 0.1446406 0.1367226 0.0852074 0.1355115 0.0729935 0.0872974 0.0582572 0.0896951 0.0000000 0.0771384 0.1336090 0.1161705 0.1336360 0.1174005 0.1074643 0.1278268 0.1198351 
Phalangeridae_Phalanger_carmelitae           0.0706533 0.1350677 0.0761486 0.0782109 0.0782565 0.1129554 0.0235022 0.0329214 0.0769913 0.1306523 0.0185408 0.1131480 0.1223436 0.0117666 0.0761789 0.1340444 0.0755698 0.0659003 0.1516750 0.1583023 0.0796059 0.1200123 0.0792470 0.0787292 0.0679396 0.1070110 0.0771384 0.0000000 0.1325024 0.1163398 0.1318881 0.1256743 0.1153469 0.1337960 0.1264813 
Peramelidae_Peroryctes_raffrayana            0.1365495 0.1368613 0.1162212 0.1298306 0.1323968 0.1311829 0.1206623 0.1366087 0.1339250 0.0165320 0.1262573 0.1260154 0.1330748 0.1204756 0.1236391 0.0144600 0.1268801 0.1252101 0.1662912 0.1659340 0.1242215 0.1480935 0.1307635 0.1315353 0.1240350 0.1548481 0.1336090 0.1325024 0.0000000 0.1297881 0.0176589 0.1149167 0.1075426 0.1229055 0.1152369 
Dasyuridae_Dasyurus_geffroii                 0.1124635 0.1423243 0.1039513 0.1150387 0.1131482 0.0085300 0.1032574 0.1219230 0.1157820 0.1317355 0.1156018 0.0152614 0.0261667 0.1053280 0.1170840 0.1310334 0.1141783 0.1124390 0.1363280 0.1316954 0.1158973 0.1154015 0.1212263 0.1210403 0.1120332 0.1391700 0.1161705 0.1163398 0.1297881 0.0000000 0.1307835 0.0168601 0.0066418 0.0270074 0.0188103 
Peramelidae_Perameles_gunnii                 0.1438619 0.1452888 0.1185979 0.1359795 0.1367130 0.1334610 0.1224140 0.1401705 0.1348293 0.0007909 0.1303212 0.1284131 0.1383424 0.1191641 0.1276253 0.0162615 0.1302784 0.1238393 0.1688457 0.1694838 0.1297160 0.1485421 0.1355121 0.1373390 0.1225328 0.1619132 0.1336360 0.1318881 0.0176589 0.1307835 0.0000000 0.1187265 0.1131578 0.1251848 0.1203891 
Dasyuridae_Phascogale_calura                 0.1406484 0.1355975 0.0973039 0.1033776 0.0995974 0.0168017 0.1069389 0.1278757 0.1002381 0.1184306 0.1228162 0.0031192 0.0238120 0.1073985 0.1152608 0.1171731 0.1007699 0.1069422 0.1526402 0.1452158 0.1159543 0.1164691 0.1292539 0.1079760 0.1134823 0.1477908 0.1174005 0.1256743 0.1149167 0.0168601 0.1187265 0.0000000 0.0140680 0.0263187 0.0112533 
Dasyuridae_Sarcophilus_harrisii              0.1226071 0.1319634 0.0899739 0.0930915 0.0894728 0.0058859 0.0977212 0.1210252 0.0899330 0.1128790 0.1097794 0.0122880 0.0202067 0.0979906 0.1025156 0.1137928 0.0924059 0.0983028 0.1378393 0.1342436 0.1072997 0.1164349 0.1189934 0.0986835 0.1008635 0.1384701 0.1074643 0.1153469 0.1075426 0.0066418 0.1131578 0.0140680 0.0000000 0.0236034 0.0148933 
Dasyuridae_Planigale_tenuirostris            0.1513270 0.1449975 0.1070167 0.1059870 0.1041100 0.0268759 0.1131649 0.1358857 0.1112446 0.1240207 0.1313767 0.0251778 0.0232323 0.1166538 0.1227995 0.1236441 0.1101461 0.1196184 0.1505482 0.1497870 0.1253369 0.1366218 0.1386923 0.1203904 0.1266787 0.1564917 0.1278268 0.1337960 0.1229055 0.0270074 0.1251848 0.0263187 0.0236034 0.0000000 0.0274384 
Dasyuridae_Antechinus_stuartii               0.1393575 0.1376676 0.0986270 0.0945874 0.0945497 0.0167397 0.1034742 0.1308117 0.0959073 0.1192677 0.1209157 0.0095548 0.0283661 0.1104734 0.1177192 0.1147722 0.1006368 0.1098086 0.1464891 0.1444081 0.1117239 0.1242438 0.1310608 0.1051994 0.1146341 0.1481265 0.1198351 0.1264813 0.1152369 0.0188103 0.1203891 0.0112533 0.0148933 0.0274384 0.0000000 
