35
Burramyidae_Burramys_parvus                  0.0000000 0.0797626 0.0672479 0.0645627 0.0681006 0.1025526 0.0571506 0.0599631 0.0703719 0.0978954 0.0625600 0.0972550 0.1032794 0.0579322 0.0687143 0.1004338 0.1028272 0.0897837 0.1001457 0.0690785 0.0704884 0.1175754 0.1139030 0.1015434 0.0663779 0.0966458 0.0777928 0.0699567 0.0590059 0.1058752 0.0684516 0.0571393 0.0936629 0.0923708 0.0968968 
Notoryctidae_Notoryctes_typhlops             0.0797626 0.0000000 0.0979545 0.1016105 0.0991452 0.1194863 0.0980504 0.0979580 0.0984655 0.1200144 0.0901269 0.1159608 0.1280142 0.0933041 0.1033872 0.1169908 0.1202429 0.1188338 0.1178549 0.0966105 0.1003153 0.1357282 0.1318899 0.1178426 0.1044481 0.1004008 0.1031373 0.0971684 0.0979401 0.1208573 0.1090942 0.0965645 0.1183536 0.1194252 0.1174047 
Vombatidae_Lasiorhinus_latifrons             0.0672479 0.0979545 0.0000000 0.0835881 0.0838267 0.1244591 0.0769879 0.0844253 0.0900707 0.1189918 0.0827052 0.1182226 0.1291675 0.0816360 0.0832772 0.1237244 0.1241580 0.1202974 0.1181133 0.0867952 0.0889964 0.1397568 0.1346748 0.1190020 0.0841017 0.1157219 0.0911885 0.0850603 0.0834353 0.1184673 0.0878796 0.0836212 0.1170412 0.1153114 0.1180911 
Potoroidae_Bettongia_penicillata             0.0645627 0.1016105 0.0835881 0.0000000 0.0058633 0.1268962 0.0819123 0.0859613 0.0173826 0.1174408 0.0824074 0.1190503 0.1321870 0.0839155 0.0866714 0.1232960 0.1297235 0.1226266 0.1173391 0.0234607 0.0846837 0.1418208 0.1382007 0.1196759 0.0502773 0.1121446 0.0903433 0.0227856 0.0783336 0.1138123 0.0852221 0.0862281 0.1144302 0.1181025 0.1162038 
Potoroidae_Bettongia_lesueur                 0.0681006 0.0991452 0.0838267 0.0058633 0.0000000 0.1265590 0.0826927 0.0863244 0.0187573 0.1181519 0.0826303 0.1182104 0.1309916 0.0838286 0.0853994 0.1225027 0.1279782 0.1250250 0.1164571 0.0252144 0.0853490 0.1434358 0.1402482 0.1194178 0.0511578 0.1160062 0.0903782 0.0248990 0.0778639 0.1160368 0.0838604 0.0865461 0.1150019 0.1163409 0.1163625 
Dasyuridae_Dasyurus_maculatus                0.1025526 0.1194863 0.1244591 0.1268962 0.1265590 0.0000000 0.1205082 0.1184128 0.1197813 0.1340392 0.1134992 0.0214466 0.0405765 0.1141414 0.1215213 0.0239075 0.0108790 0.0416492 0.1358325 0.1201789 0.1258787 0.1404110 0.1394580 0.0234113 0.1267451 0.1107208 0.1224101 0.1217823 0.1158643 0.1466850 0.1181664 0.1176512 0.1325552 0.0159823 0.1317002 
Phalangeridae_Trichosurus_vulpecula          0.0571506 0.0980504 0.0769879 0.0819123 0.0826927 0.1205082 0.0000000 0.0275526 0.0798108 0.1083744 0.0249453 0.1186189 0.1276800 0.0229535 0.0738217 0.1191442 0.1210817 0.1183285 0.1112193 0.0785482 0.0780726 0.1286801 0.1241011 0.1183870 0.0839419 0.1037241 0.0852646 0.0762139 0.0700958 0.0960590 0.0818235 0.0262641 0.1110436 0.1133498 0.1055266 
Phalangeridae_Spilocuscus_maculatus          0.0599631 0.0979580 0.0844253 0.0859613 0.0863244 0.1184128 0.0275526 0.0000000 0.0829312 0.1144253 0.0110412 0.1146129 0.1244972 0.0080931 0.0835359 0.1184609 0.1194860 0.1232372 0.1145506 0.0805883 0.0812733 0.1369224 0.1409094 0.1178095 0.0871400 0.1053341 0.0882232 0.0799658 0.0738113 0.1109826 0.0847879 0.0122583 0.1135286 0.1113709 0.1119869 
Potoroidae_Aepyprymnus_rufescens             0.0703719 0.0984655 0.0900707 0.0173826 0.0187573 0.1197813 0.0798108 0.0829312 0.0000000 0.1153302 0.0785448 0.1165937 0.1257023 0.0792641 0.0784863 0.1160767 0.1226645 0.1267272 0.1148617 0.0173783 0.0802398 0.1410739 0.1414898 0.1185418 0.0461583 0.1079302 0.0849727 0.0166515 0.0716285 0.1083019 0.0837709 0.0815266 0.1143469 0.1100199 0.1140555 
Peramelidae_Perameles_nasuta                 0.0978954 0.1200144 0.1189918 0.1174408 0.1181519 0.1340392 0.1083744 0.1144253 0.1153302 0.0000000 0.1138591 0.1261519 0.1289743 0.1152878 0.1164844 0.1291823 0.1293604 0.1315195 0.0294309 0.1145216 0.1205133 0.1438095 0.1382611 0.1278662 0.1230843 0.1223096 0.1181791 0.1145227 0.1091118 0.1450045 0.1126490 0.1171877 0.0365873 0.1251230 0.0012431 
Phalangeridae_Strigocuscus_pelengensis       0.0625600 0.0901269 0.0827052 0.0824074 0.0826303 0.1134992 0.0249453 0.0110412 0.0785448 0.1138591 0.0000000 0.1070986 0.1178644 0.0067391 0.0806144 0.1126693 0.1123712 0.1188637 0.1152134 0.0775565 0.0806791 0.1313798 0.1375605 0.1108874 0.0840616 0.1083313 0.0839892 0.0756510 0.0723498 0.1076019 0.0831563 0.0107225 0.1141677 0.1050149 0.1126817 
Dasyuridae_Phascogale_tapoatafa              0.0972550 0.1159608 0.1182226 0.1190503 0.1182104 0.0214466 0.1186189 0.1146129 0.1165937 0.1261519 0.1070986 0.0000000 0.0368472 0.1092674 0.1196285 0.0043409 0.0211003 0.0307016 0.1294085 0.1195389 0.1207568 0.1360891 0.1275085 0.0107303 0.1242169 0.0963808 0.1213846 0.1168472 0.1147196 0.1357605 0.1162915 0.1129890 0.1275942 0.0300486 0.1237775 
Dasyuridae_Sminthopsis_macroura              0.1032794 0.1280142 0.1291675 0.1321870 0.1309916 0.0405765 0.1276800 0.1244972 0.1257023 0.1289743 0.1178644 0.0368472 0.0000000 0.1203523 0.1200274 0.0355660 0.0399193 0.0310203 0.1334615 0.1269716 0.1306080 0.1452603 0.1466628 0.0389344 0.1348474 0.1125417 0.1297423 0.1269880 0.1196450 0.1588214 0.1226109 0.1234386 0.1301910 0.0490564 0.1263035 
Phalangeridae_Phalanger_orientalis           0.0579322 0.0933041 0.0816360 0.0839155 0.0838286 0.1141414 0.0229535 0.0080931 0.0792641 0.1152878 0.0067391 0.1092674 0.1203523 0.0000000 0.0780779 0.1134494 0.1135008 0.1197416 0.1154058 0.0781540 0.0772148 0.1337988 0.1365705 0.1153890 0.0838005 0.1056986 0.0862452 0.0774571 0.0712271 0.1083707 0.0816624 0.0049448 0.1134454 0.1054717 0.1120495 
Acrobatidae_Acrobates_pygmaeus               0.0687143 0.1033872 0.0832772 0.0866714 0.0853994 0.1215213 0.0738217 0.0835359 0.0784863 0.1164844 0.0806144 0.1196285 0.1200274 0.0780779 0.0000000 0.1180084 0.1218332 0.1236678 0.1172500 0.0804938 0.0738740 0.1352580 0.1365527 0.1228787 0.0820639 0.1051498 0.0779153 0.0784647 0.0610002 0.1012036 0.0460058 0.0821083 0.1180308 0.1117139 0.1160055 
Dasyuridae_Phascogale_calura                 0.1004338 0.1169908 0.1237244 0.1232960 0.1225027 0.0239075 0.1191442 0.1184609 0.1160767 0.1291823 0.1126693 0.0043409 0.0355660 0.1134494 0.1180084 0.0000000 0.0227016 0.0371210 0.1334439 0.1170259 0.1241146 0.1392448 0.1385638 0.0131119 0.1234879 0.1121229 0.1203395 0.1159278 0.1139559 0.1494032 0.1154050 0.1164891 0.1290983 0.0309276 0.1269300 
Dasyuridae_Sarcophilus_harrisii              0.1028272 0.1202429 0.1241580 0.1297235 0.1279782 0.0108790 0.1210817 0.1194860 0.1226645 0.1293604 0.1123712 0.0211003 0.0399193 0.1135008 0.1218332 0.0227016 0.0000000 0.0415358 0.1327319 0.1215850 0.1261649 0.1393321 0.1398623 0.0249572 0.1276009 0.1093888 0.1226390 0.1228331 0.1144405 0.1514380 0.1187900 0.1165224 0.1294949 0.0183245 0.1271041 
Dasyuridae_Planigale_tenuirostris            0.0897837 0.1188338 0.1202974 0.1226266 0.1250250 0.0416492 0.1183285 0.1232372 0.1267272 0.1315195 0.1188637 0.0307016 0.0310203 0.1197416 0.1236678 0.0371210 0.0415358 0.0000000 0.1378302 0.1271242 0.1317530 0.1435700 0.1394406 0.0347487 0.1257063 0.1215082 0.1330390 0.1257710 0.1215389 0.1565028 0.1270485 0.1231177 0.1314188 0.0465416 0.1316934 
Peramelidae_Echymipera_kalubu                0.1001457 0.1178549 0.1181133 0.1173391 0.1164571 0.1358325 0.1112193 0.1145506 0.1148617 0.0294309 0.1152134 0.1294085 0.1334615 0.1154058 0.1172500 0.1334439 0.1327319 0.1378302 0.0000000 0.1125348 0.1154909 0.1427354 0.1404157 0.1317505 0.1234819 0.1245734 0.1143036 0.1137607 0.1065862 0.1429534 0.1129412 0.1172945 0.0266430 0.1258373 0.0285385 
Macropodidae_Dorcopsulus_vanheurni           0.0690785 0.0966105 0.0867952 0.0234607 0.0252144 0.1201789 0.0785482 0.0805883 0.0173783 0.1145216 0.0775565 0.1195389 0.1269716 0.0781540 0.0804938 0.1170259 0.1215850 0.1271242 0.1125348 0.0000000 0.0807419 0.1365259 0.1425914 0.1188965 0.0440194 0.1071076 0.0827827 0.0090330 0.0708568 0.1099552 0.0822291 0.0804912 0.1132159 0.1107376 0.1131888 
Pseudochiridae_Pseudochirulus_forbesi        0.0704884 0.1003153 0.0889964 0.0846837 0.0853490 0.1258787 0.0780726 0.0812733 0.0802398 0.1205133 0.0806791 0.1207568 0.1306080 0.0772148 0.0738740 0.1241146 0.1261649 0.1317530 0.1154909 0.0807419 0.0000000 0.1363080 0.1395424 0.1263866 0.0882692 0.0998862 0.0461584 0.0792705 0.0188739 0.0938587 0.0752359 0.0798470 0.1130271 0.1157833 0.1181558 
Didelphidae_Didelphis_virginiana             0.1175754 0.1357282 0.1397568 0.1418208 0.1434358 0.1404110 0.1286801 0.1369224 0.1410739 0.1438095 0.1313798 0.1360891 0.1452603 0.1337988 0.1352580 0.1392448 0.1393321 0.1435700 0.1427354 0.1365259 0.1363080 0.0000000 0.0523011 0.1459705 0.1394566 0.1296445 0.1374629 0.1367989 0.1290958 0.1617337 0.1333051 0.1340472 0.1401253 0.1379920 0.1430583 
Marmosidae_Monodelphis_domestica             0.1139030 0.1318899 0.1346748 0.1382007 0.1402482 0.1394580 0.1241011 0.1409094 0.1414898 0.1382611 0.1375605 0.1275085 0.1466628 0.1365705 0.1365527 0.1385638 0.1398623 0.1394406 0.1404157 0.1425914 0.1395424 0.0523011 0.0000000 0.1383443 0.1468762 0.1375996 0.1415373 0.1442090 0.1328886 0.1641560 0.1376762 0.1377234 0.1348749 0.1408141 0.1380904 
Dasyuridae_Antechinus_stuartii               0.1015434 0.1178426 0.1190020 0.1196759 0.1194178 0.0234113 0.1183870 0.1178095 0.1185418 0.1278662 0.1108874 0.0107303 0.0389344 0.1153890 0.1228787 0.0131119 0.0249572 0.0347487 0.1317505 0.1188965 0.1263866 0.1459705 0.1383443 0.0000000 0.1243821 0.1141295 0.1216324 0.1167898 0.1169944 0.1489630 0.1151679 0.1189795 0.1299420 0.0321147 0.1256083 
Hypsiprymnodontidae_Hypsiprymnodon_moschatus 0.0663779 0.1044481 0.0841017 0.0502773 0.0511578 0.1267451 0.0839419 0.0871400 0.0461583 0.1230843 0.0840616 0.1242169 0.1348474 0.0838005 0.0820639 0.1234879 0.1276009 0.1257063 0.1234819 0.0440194 0.0882692 0.1394566 0.1468762 0.1243821 0.0000000 0.1127115 0.0901374 0.0420491 0.0791442 0.1154320 0.0855431 0.0860960 0.1193384 0.1162694 0.1227928 
Microbiotheriidae_Dromiciops_gliroides       0.0966458 0.1004008 0.1157219 0.1121446 0.1160062 0.1107208 0.1037241 0.1053341 0.1079302 0.1223096 0.1083313 0.0963808 0.1125417 0.1056986 0.1051498 0.1121229 0.1093888 0.1215082 0.1245734 0.1071076 0.0998862 0.1296445 0.1375996 0.1141295 0.1127115 0.0000000 0.1111259 0.1065513 0.0984817 0.1504378 0.1160254 0.1044081 0.1202972 0.1087015 0.1238302 
Pseudochiridae_Petauroides_volans            0.0777928 0.1031373 0.0911885 0.0903433 0.0903782 0.1224101 0.0852646 0.0882232 0.0849727 0.1181791 0.0839892 0.1213846 0.1297423 0.0862452 0.0779153 0.1203395 0.1226390 0.1330390 0.1143036 0.0827827 0.0461584 0.1374629 0.1415373 0.1216324 0.0901374 0.1111259 0.0000000 0.0821417 0.0373045 0.0896887 0.0695164 0.0885954 0.1149937 0.1230286 0.1159349 
Macropodidae_Wallabia_bicolor                0.0699567 0.0971684 0.0850603 0.0227856 0.0248990 0.1217823 0.0762139 0.0799658 0.0166515 0.1145227 0.0756510 0.1168472 0.1269880 0.0774571 0.0784647 0.1159278 0.1228331 0.1257710 0.1137607 0.0090330 0.0792705 0.1367989 0.1442090 0.1167898 0.0420491 0.1065513 0.0821417 0.0000000 0.0694431 0.1078390 0.0825489 0.0785109 0.1137627 0.1105556 0.1127453 
Pseudochiridae_Pseudocheirus_occidentalis    0.0590059 0.0979401 0.0834353 0.0783336 0.0778639 0.1158643 0.0700958 0.0738113 0.0716285 0.1091118 0.0723498 0.1147196 0.1196450 0.0712271 0.0610002 0.1139559 0.1144405 0.1215389 0.1065862 0.0708568 0.0188739 0.1290958 0.1328886 0.1169944 0.0791442 0.0984817 0.0373045 0.0694431 0.0000000 0.0820845 0.0610165 0.0734613 0.1036954 0.1060584 0.1076549 
Tarsipedidae_Tarsipes_rostratus              0.1058752 0.1208573 0.1184673 0.1138123 0.1160368 0.1466850 0.0960590 0.1109826 0.1083019 0.1450045 0.1076019 0.1357605 0.1588214 0.1083707 0.1012036 0.1494032 0.1514380 0.1565028 0.1429534 0.1099552 0.0938587 0.1617337 0.1641560 0.1489630 0.1154320 0.1504378 0.0896887 0.1078390 0.0820845 0.0000000 0.0990025 0.1110135 0.1437841 0.1490262 0.1459210 
Acrobatidae_Distoechurus_pennatus            0.0684516 0.1090942 0.0878796 0.0852221 0.0838604 0.1181664 0.0818235 0.0847879 0.0837709 0.1126490 0.0831563 0.1162915 0.1226109 0.0816624 0.0460058 0.1154050 0.1187900 0.1270485 0.1129412 0.0822291 0.0752359 0.1333051 0.1376762 0.1151679 0.0855431 0.1160254 0.0695164 0.0825489 0.0610165 0.0990025 0.0000000 0.0856361 0.1146042 0.1163239 0.1098892 
Phalangeridae_Phalanger_carmelitae           0.0571393 0.0965645 0.0836212 0.0862281 0.0865461 0.1176512 0.0262641 0.0122583 0.0815266 0.1171877 0.0107225 0.1129890 0.1234386 0.0049448 0.0821083 0.1164891 0.1165224 0.1231177 0.1172945 0.0804912 0.0798470 0.1340472 0.1377234 0.1189795 0.0860960 0.1044081 0.0885954 0.0785109 0.0734613 0.1110135 0.0856361 0.0000000 0.1152308 0.1087718 0.1139132 
Peramelidae_Peroryctes_raffrayana            0.0936629 0.1183536 0.1170412 0.1144302 0.1150019 0.1325552 0.1110436 0.1135286 0.1143469 0.0365873 0.1141677 0.1275942 0.1301910 0.1134454 0.1180308 0.1290983 0.1294949 0.1314188 0.0266430 0.1132159 0.1130271 0.1401253 0.1348749 0.1299420 0.1193384 0.1202972 0.1149937 0.1137627 0.1036954 0.1437841 0.1146042 0.1152308 0.0000000 0.1225413 0.0366488 
Dasyuridae_Dasyurus_geffroii                 0.0923708 0.1194252 0.1153114 0.1181025 0.1163409 0.0159823 0.1133498 0.1113709 0.1100199 0.1251230 0.1050149 0.0300486 0.0490564 0.1054717 0.1117139 0.0309276 0.0183245 0.0465416 0.1258373 0.1107376 0.1157833 0.1379920 0.1408141 0.0321147 0.1162694 0.1087015 0.1230286 0.1105556 0.1060584 0.1490262 0.1163239 0.1087718 0.1225413 0.0000000 0.1228919 
Peramelidae_Perameles_gunnii                 0.0968968 0.1174047 0.1180911 0.1162038 0.1163625 0.1317002 0.1055266 0.1119869 0.1140555 0.0012431 0.1126817 0.1237775 0.1263035 0.1120495 0.1160055 0.1269300 0.1271041 0.1316934 0.0285385 0.1131888 0.1181558 0.1430583 0.1380904 0.1256083 0.1227928 0.1238302 0.1159349 0.1127453 0.1076549 0.1459210 0.1098892 0.1139132 0.0366488 0.1228919 0.0000000 
