35
Burramyidae_Burramys_parvus                  0.0000000 0.1076730 0.0776089 0.0767136 0.0774993 0.1062567 0.0627669 0.0647770 0.0740017 0.1242263 0.0623474 0.1049596 0.1019766 0.0635626 0.0763916 0.1080631 0.1042734 0.1095760 0.1134193 0.0742607 0.0794549 0.1180540 0.1135575 0.1067340 0.0764133 0.1004169 0.0702613 0.0738384 0.0802884 0.0915248 0.0790882 0.0649828 0.1247589 0.1044989 0.1258633 
Notoryctidae_Notoryctes_typhlops             0.1076730 0.0000000 0.1087332 0.1164783 0.1176901 0.1357803 0.1110808 0.1141263 0.1134608 0.1411778 0.1095855 0.1282305 0.1305270 0.1140908 0.1209796 0.1325768 0.1338971 0.1339799 0.1289666 0.1165541 0.1205919 0.1367975 0.1208925 0.1296411 0.1191288 0.1123961 0.1108521 0.1161401 0.1219519 0.1348203 0.1180216 0.1133483 0.1347418 0.1334166 0.1420732 
Vombatidae_Lasiorhinus_latifrons             0.0776089 0.1087332 0.0000000 0.0785338 0.0790267 0.1023802 0.0715107 0.0706549 0.0767720 0.1153192 0.0714110 0.1010703 0.1002127 0.0725524 0.0855087 0.1038688 0.1007849 0.1075026 0.1051368 0.0775440 0.0871390 0.1122503 0.1051219 0.1038031 0.0783249 0.0931657 0.0783939 0.0758564 0.0856439 0.1060770 0.0837811 0.0719448 0.1135226 0.1010351 0.1175568 
Potoroidae_Bettongia_penicillata             0.0767136 0.1164783 0.0785338 0.0000000 0.0034737 0.1169229 0.0698711 0.0721857 0.0134948 0.1264534 0.0693315 0.1179500 0.1143489 0.0726926 0.0802744 0.1211277 0.1161154 0.1162636 0.1135956 0.0292318 0.0790796 0.1219248 0.1046859 0.1212592 0.0515006 0.1109648 0.0722883 0.0266482 0.0787535 0.1015428 0.0775593 0.0730612 0.1271709 0.1136028 0.1277483 
Potoroidae_Bettongia_lesueur                 0.0774993 0.1176901 0.0790267 0.0034737 0.0000000 0.1181170 0.0702076 0.0734782 0.0138908 0.1246038 0.0706648 0.1176549 0.1144369 0.0734781 0.0800111 0.1208037 0.1173106 0.1167018 0.1129358 0.0299920 0.0795919 0.1208395 0.1038740 0.1210795 0.0524362 0.1116610 0.0735022 0.0273948 0.0792708 0.1027727 0.0784634 0.0743522 0.1255835 0.1150266 0.1259523 
Dasyuridae_Dasyurus_maculatus                0.1062567 0.1357803 0.1023802 0.1169229 0.1181170 0.0000000 0.1028375 0.1088338 0.1136985 0.1322260 0.1122482 0.0270947 0.0337482 0.1108977 0.1205967 0.0259032 0.0104510 0.0419907 0.1212427 0.1120490 0.1250424 0.1275319 0.1111748 0.0261310 0.1177806 0.1247641 0.1189262 0.1145287 0.1248723 0.1357248 0.1202813 0.1110319 0.1309158 0.0114302 0.1349878 
Phalangeridae_Trichosurus_vulpecula          0.0627669 0.1110808 0.0715107 0.0698711 0.0702076 0.1028375 0.0000000 0.0239440 0.0663367 0.1146692 0.0245997 0.1025821 0.0977375 0.0256593 0.0727157 0.1046257 0.1010123 0.1002396 0.1092649 0.0649286 0.0745502 0.1186354 0.1063501 0.1061144 0.0648898 0.0990917 0.0658286 0.0641390 0.0769713 0.0980028 0.0743257 0.0245371 0.1204679 0.1003083 0.1177813 
Phalangeridae_Spilocuscus_maculatus          0.0647770 0.1141263 0.0706549 0.0721857 0.0734782 0.1088338 0.0239440 0.0000000 0.0689913 0.1148843 0.0120375 0.1062118 0.1020547 0.0121509 0.0748183 0.1071539 0.1064615 0.1053069 0.1106293 0.0706935 0.0761740 0.1180321 0.1040766 0.1110429 0.0679142 0.1023741 0.0696489 0.0690863 0.0769114 0.0997235 0.0758958 0.0128076 0.1188936 0.1070615 0.1178559 
Potoroidae_Aepyprymnus_rufescens             0.0740017 0.1134608 0.0767720 0.0134948 0.0138908 0.1136985 0.0663367 0.0689913 0.0000000 0.1216764 0.0672871 0.1161663 0.1097954 0.0687210 0.0788481 0.1182022 0.1129240 0.1116553 0.1105885 0.0253685 0.0765703 0.1172983 0.1011645 0.1175342 0.0495504 0.1068430 0.0682872 0.0224970 0.0737575 0.0990202 0.0748326 0.0706575 0.1209114 0.1121425 0.1230157 
Peramelidae_Perameles_nasuta                 0.1242263 0.1411778 0.1153192 0.1264534 0.1246038 0.1322260 0.1146692 0.1148843 0.1216764 0.0000000 0.1143727 0.1339594 0.1285757 0.1169193 0.1266301 0.1341608 0.1320495 0.1368535 0.0247608 0.1229444 0.1216689 0.1449931 0.1353866 0.1329952 0.1215633 0.1317213 0.1165094 0.1204439 0.1234635 0.1476116 0.1254700 0.1157529 0.0311127 0.1298643 0.0022627 
Phalangeridae_Strigocuscus_pelengensis       0.0623474 0.1095855 0.0714110 0.0693315 0.0706648 0.1122482 0.0245997 0.0120375 0.0672871 0.1143727 0.0000000 0.1108940 0.1068003 0.0123650 0.0719689 0.1127360 0.1103924 0.1055397 0.1095398 0.0693420 0.0749973 0.1183696 0.1020556 0.1140156 0.0685258 0.1003565 0.0684807 0.0663601 0.0763557 0.0991782 0.0727591 0.0130425 0.1198537 0.1097033 0.1174576 
Dasyuridae_Phascogale_tapoatafa              0.1049596 0.1282305 0.1010703 0.1179500 0.1176549 0.0270947 0.1025821 0.1062118 0.1161663 0.1339594 0.1108940 0.0000000 0.0335045 0.1099892 0.1193520 0.0081487 0.0278895 0.0377022 0.1214606 0.1109606 0.1237452 0.1299959 0.1154560 0.0135231 0.1162449 0.1156156 0.1171451 0.1143216 0.1232229 0.1312637 0.1198469 0.1101247 0.1313126 0.0275029 0.1367346 
Dasyuridae_Sminthopsis_macroura              0.1019766 0.1305270 0.1002127 0.1143489 0.1144369 0.0337482 0.0977375 0.1020547 0.1097954 0.1285757 0.1068003 0.0335045 0.0000000 0.1048812 0.1139396 0.0323979 0.0326991 0.0298247 0.1202175 0.1090257 0.1177085 0.1305221 0.1186022 0.0323305 0.1129620 0.1191619 0.1119919 0.1110325 0.1166066 0.1312103 0.1153143 0.1050202 0.1293502 0.0322307 0.1312924 
Phalangeridae_Phalanger_orientalis           0.0635626 0.1140908 0.0725524 0.0726926 0.0734781 0.1108977 0.0256593 0.0121509 0.0687210 0.1169193 0.0123650 0.1099892 0.1048812 0.0000000 0.0750540 0.1114717 0.1090184 0.1066708 0.1117992 0.0704259 0.0782556 0.1200163 0.1065671 0.1132992 0.0699268 0.1031003 0.0698909 0.0680609 0.0782067 0.0997180 0.0744374 0.0069783 0.1222423 0.1074119 0.1191533 
Acrobatidae_Acrobates_pygmaeus               0.0763916 0.1209796 0.0855087 0.0802744 0.0800111 0.1205967 0.0727157 0.0748183 0.0788481 0.1266301 0.0719689 0.1193520 0.1139396 0.0750540 0.0000000 0.1235201 0.1183158 0.1156507 0.1183692 0.0775989 0.0734111 0.1260401 0.1111032 0.1214639 0.0795279 0.1096780 0.0674575 0.0750783 0.0763471 0.0869997 0.0473994 0.0746810 0.1237457 0.1166573 0.1284983 
Dasyuridae_Phascogale_calura                 0.1080631 0.1325768 0.1038688 0.1211277 0.1208037 0.0259032 0.1046257 0.1071539 0.1182022 0.1341608 0.1127360 0.0081487 0.0323979 0.1114717 0.1235201 0.0000000 0.0263674 0.0366065 0.1205749 0.1137820 0.1239765 0.1336710 0.1180684 0.0126491 0.1177010 0.1169376 0.1189941 0.1170740 0.1253455 0.1401163 0.1188747 0.1120751 0.1306729 0.0278713 0.1365398 
Dasyuridae_Sarcophilus_harrisii              0.1042734 0.1338971 0.1007849 0.1161154 0.1173106 0.0104510 0.1010123 0.1064615 0.1129240 0.1320495 0.1103924 0.0278895 0.0326991 0.1090184 0.1183158 0.0263674 0.0000000 0.0397064 0.1202034 0.1102539 0.1215950 0.1246763 0.1108959 0.0251674 0.1170065 0.1241993 0.1146137 0.1127402 0.1207062 0.1312106 0.1158265 0.1091550 0.1299528 0.0107916 0.1348086 
Dasyuridae_Planigale_tenuirostris            0.1095760 0.1339799 0.1075026 0.1162636 0.1167018 0.0419907 0.1002396 0.1053069 0.1116553 0.1368535 0.1055397 0.0377022 0.0298247 0.1066708 0.1156507 0.0366065 0.0397064 0.0000000 0.1244571 0.1100734 0.1202772 0.1333232 0.1190230 0.0384344 0.1164232 0.1228898 0.1101800 0.1112787 0.1197736 0.1356654 0.1168058 0.1080601 0.1333354 0.0412365 0.1396903 
Peramelidae_Echymipera_kalubu                0.1134193 0.1289666 0.1051368 0.1135956 0.1129358 0.1212427 0.1092649 0.1106293 0.1105885 0.0247608 0.1095398 0.1214606 0.1202175 0.1117992 0.1183692 0.1205749 0.1202034 0.1244571 0.0000000 0.1117044 0.1160448 0.1338474 0.1203929 0.1219469 0.1130353 0.1188758 0.1120862 0.1085628 0.1169276 0.1393678 0.1195669 0.1110665 0.0211884 0.1177312 0.0268496 
Macropodidae_Dorcopsulus_vanheurni           0.0742607 0.1165541 0.0775440 0.0292318 0.0299920 0.1120490 0.0649286 0.0706935 0.0253685 0.1229444 0.0693420 0.1109606 0.1090257 0.0704259 0.0775989 0.1137820 0.1102539 0.1100734 0.1117044 0.0000000 0.0803421 0.1220145 0.1037825 0.1150905 0.0454296 0.1115411 0.0728242 0.0089910 0.0781213 0.0990198 0.0752498 0.0704311 0.1229978 0.1079404 0.1242964 
Pseudochiridae_Pseudochirulus_forbesi        0.0794549 0.1205919 0.0871390 0.0790796 0.0795919 0.1250424 0.0745502 0.0761740 0.0765703 0.1216689 0.0749973 0.1237452 0.1177085 0.0782556 0.0734111 0.1239765 0.1215950 0.1202772 0.1160448 0.0803421 0.0000000 0.1263508 0.1154585 0.1242368 0.0795285 0.1078822 0.0322240 0.0774897 0.0243841 0.0830859 0.0717860 0.0778722 0.1240484 0.1223989 0.1221162 
Didelphidae_Didelphis_virginiana             0.1180540 0.1367975 0.1122503 0.1219248 0.1208395 0.1275319 0.1186354 0.1180321 0.1172983 0.1449931 0.1183696 0.1299959 0.1305221 0.1200163 0.1260401 0.1336710 0.1246763 0.1333232 0.1338474 0.1220145 0.1263508 0.0000000 0.0299180 0.1314350 0.1239189 0.1274439 0.1196546 0.1200010 0.1262022 0.1462304 0.1261753 0.1179925 0.1453050 0.1253007 0.1473696 
Marmosidae_Monodelphis_domestica             0.1135575 0.1208925 0.1051219 0.1046859 0.1038740 0.1111748 0.1063501 0.1040766 0.1011645 0.1353866 0.1020556 0.1154560 0.1186022 0.1065671 0.1111032 0.1180684 0.1108959 0.1190230 0.1203929 0.1037825 0.1154585 0.0299180 0.0000000 0.1165537 0.1082623 0.1182904 0.1088848 0.1014933 0.1192763 0.1304410 0.1133369 0.1048375 0.1318785 0.1091484 0.1370549 
Dasyuridae_Antechinus_stuartii               0.1067340 0.1296411 0.1038031 0.1212592 0.1210795 0.0261310 0.1061144 0.1110429 0.1175342 0.1329952 0.1140156 0.0135231 0.0323305 0.1132992 0.1214639 0.0126491 0.0251674 0.0384344 0.1219469 0.1150905 0.1242368 0.1314350 0.1165537 0.0000000 0.1176660 0.1163792 0.1177716 0.1168137 0.1238435 0.1350842 0.1180624 0.1134339 0.1312908 0.0262151 0.1355768 
Hypsiprymnodontidae_Hypsiprymnodon_moschatus 0.0764133 0.1191288 0.0783249 0.0515006 0.0524362 0.1177806 0.0648898 0.0679142 0.0495504 0.1215633 0.0685258 0.1162449 0.1129620 0.0699268 0.0795279 0.1177010 0.1170065 0.1164232 0.1130353 0.0454296 0.0795285 0.1239189 0.1082623 0.1176660 0.0000000 0.1133845 0.0747454 0.0454924 0.0791907 0.1024985 0.0792271 0.0684005 0.1217057 0.1152579 0.1229016 
Microbiotheriidae_Dromiciops_gliroides       0.1004169 0.1123961 0.0931657 0.1109648 0.1116610 0.1247641 0.0990917 0.1023741 0.1068430 0.1317213 0.1003565 0.1156156 0.1191619 0.1031003 0.1096780 0.1169376 0.1241993 0.1228898 0.1188758 0.1115411 0.1078822 0.1274439 0.1182904 0.1163792 0.1133845 0.0000000 0.1044243 0.1075620 0.1110141 0.1213988 0.1060435 0.1020903 0.1248615 0.1211294 0.1330960 
Pseudochiridae_Petauroides_volans            0.0702613 0.1108521 0.0783939 0.0722883 0.0735022 0.1189262 0.0658286 0.0696489 0.0682872 0.1165094 0.0684807 0.1171451 0.1119919 0.0698909 0.0674575 0.1189941 0.1146137 0.1101800 0.1120862 0.0728242 0.0322240 0.1196546 0.1088848 0.1177716 0.0747454 0.1044243 0.0000000 0.0706938 0.0354661 0.0780137 0.0642369 0.0695808 0.1166658 0.1158363 0.1180908 
Macropodidae_Wallabia_bicolor                0.0738384 0.1161401 0.0758564 0.0266482 0.0273948 0.1145287 0.0641390 0.0690863 0.0224970 0.1204439 0.0663601 0.1143216 0.1110325 0.0680609 0.0750783 0.1170740 0.1127402 0.1112787 0.1085628 0.0089910 0.0774897 0.1200010 0.1014933 0.1168137 0.0454924 0.1075620 0.0706938 0.0000000 0.0747912 0.0976932 0.0735784 0.0680649 0.1205414 0.1103584 0.1208789 
Pseudochiridae_Pseudocheirus_occidentalis    0.0802884 0.1219519 0.0856439 0.0787535 0.0792708 0.1248723 0.0769713 0.0769114 0.0737575 0.1234635 0.0763557 0.1232229 0.1166066 0.0782067 0.0763471 0.1253455 0.1207062 0.1197736 0.1169276 0.0781213 0.0243841 0.1262022 0.1192763 0.1238435 0.0791907 0.1110141 0.0354661 0.0747912 0.0000000 0.0865814 0.0721934 0.0778199 0.1245628 0.1204584 0.1246778 
Tarsipedidae_Tarsipes_rostratus              0.0915248 0.1348203 0.1060770 0.1015428 0.1027727 0.1357248 0.0980028 0.0997235 0.0990202 0.1476116 0.0991782 0.1312637 0.1312103 0.0997180 0.0869997 0.1401163 0.1312106 0.1356654 0.1393678 0.0990198 0.0830859 0.1462304 0.1304410 0.1350842 0.1024985 0.1213988 0.0780137 0.0976932 0.0865814 0.0000000 0.0888825 0.0993214 0.1455523 0.1300896 0.1499976 
Acrobatidae_Distoechurus_pennatus            0.0790882 0.1180216 0.0837811 0.0775593 0.0784634 0.1202813 0.0743257 0.0758958 0.0748326 0.1254700 0.0727591 0.1198469 0.1153143 0.0744374 0.0473994 0.1188747 0.1158265 0.1168058 0.1195669 0.0752498 0.0717860 0.1261753 0.1133369 0.1180624 0.0792271 0.1060435 0.0642369 0.0735784 0.0721934 0.0888825 0.0000000 0.0726872 0.1262788 0.1165226 0.1272587 
Phalangeridae_Phalanger_carmelitae           0.0649828 0.1133483 0.0719448 0.0730612 0.0743522 0.1110319 0.0245371 0.0128076 0.0706575 0.1157529 0.0130425 0.1101247 0.1050202 0.0069783 0.0746810 0.1120751 0.1091550 0.1080601 0.1110665 0.0704311 0.0778722 0.1179925 0.1048375 0.1134339 0.0684005 0.1020903 0.0695808 0.0680649 0.0778199 0.0993214 0.0726872 0.0000000 0.1214071 0.1083963 0.1188667 
Peramelidae_Peroryctes_raffrayana            0.1247589 0.1347418 0.1135226 0.1271709 0.1255835 0.1309158 0.1204679 0.1188936 0.1209114 0.0311127 0.1198537 0.1313126 0.1293502 0.1222423 0.1237457 0.1306729 0.1299528 0.1333354 0.0211884 0.1229978 0.1240484 0.1453050 0.1318785 0.1312908 0.1217057 0.1248615 0.1166658 0.1205414 0.1245628 0.1455523 0.1262788 0.1214071 0.0000000 0.1292017 0.0324865 
Dasyuridae_Dasyurus_geffroii                 0.1044989 0.1334166 0.1010351 0.1136028 0.1150266 0.0114302 0.1003083 0.1070615 0.1121425 0.1298643 0.1097033 0.0275029 0.0322307 0.1074119 0.1166573 0.0278713 0.0107916 0.0412365 0.1177312 0.1079404 0.1223989 0.1253007 0.1091484 0.0262151 0.1152579 0.1211294 0.1158363 0.1103584 0.1204584 0.1300896 0.1165226 0.1083963 0.1292017 0.0000000 0.1326071 
Peramelidae_Perameles_gunnii                 0.1258633 0.1420732 0.1175568 0.1277483 0.1259523 0.1349878 0.1177813 0.1178559 0.1230157 0.0022627 0.1174576 0.1367346 0.1312924 0.1191533 0.1284983 0.1365398 0.1348086 0.1396903 0.0268496 0.1242964 0.1221162 0.1473696 0.1370549 0.1355768 0.1229016 0.1330960 0.1180908 0.1208789 0.1246778 0.1499976 0.1272587 0.1188667 0.0324865 0.1326071 0.0000000 
