35
Burramyidae_Burramys_parvus                  0.0000000 0.0767382 0.0526695 0.0644207 0.0661559 0.0948421 0.0488960 0.0483189 0.0633541 0.0784397 0.0475906 0.0835385 0.0994239 0.0499308 0.0516520 0.0606670 0.0939265 0.0808361 0.0833135 0.0554578 0.0729051 0.0682281 0.0850509 0.0526290 0.0537053 0.0550378 0.0529967 0.0554180 0.0591044 0.0582686 0.0480140 0.0488617 0.0756788 0.0987014 0.0714746 
Notoryctidae_Notoryctes_typhlops             0.0767382 0.0000000 0.0777136 0.0881746 0.0900188 0.1126529 0.0819864 0.0848355 0.0885278 0.0914657 0.0807663 0.0981764 0.1074712 0.0817450 0.0787440 0.0664444 0.1079731 0.0885932 0.0928102 0.0827371 0.1046274 0.0764224 0.0919355 0.0609076 0.0818964 0.0656941 0.0911280 0.0850504 0.0984897 0.0940078 0.0825791 0.0812158 0.0895152 0.1153912 0.0883111 
Vombatidae_Lasiorhinus_latifrons             0.0526695 0.0777136 0.0000000 0.0651964 0.0670001 0.0981827 0.0527328 0.0528950 0.0653603 0.0743178 0.0503646 0.0849446 0.0928544 0.0532079 0.0549455 0.0667195 0.0967436 0.0893668 0.0812100 0.0582611 0.0792266 0.0777649 0.0955578 0.0610927 0.0594009 0.0544985 0.0607723 0.0589907 0.0606557 0.0704690 0.0544964 0.0521146 0.0729142 0.1006830 0.0722545 
Potoroidae_Bettongia_penicillata             0.0644207 0.0881746 0.0651964 0.0000000 0.0049944 0.1033638 0.0574144 0.0621067 0.0105589 0.0898977 0.0591093 0.0905544 0.1035727 0.0584172 0.0636412 0.0610401 0.0997600 0.0861734 0.0986287 0.0239700 0.0844794 0.0760414 0.0920500 0.0522700 0.0409991 0.0660445 0.0633646 0.0245500 0.0689696 0.0747292 0.0617043 0.0584656 0.0891431 0.1072670 0.0856614 
Potoroidae_Bettongia_lesueur                 0.0661559 0.0900188 0.0670001 0.0049944 0.0000000 0.1047993 0.0585639 0.0656662 0.0110696 0.0899527 0.0613933 0.0913120 0.1055005 0.0607018 0.0659759 0.0610232 0.1011095 0.0854035 0.0992508 0.0255601 0.0851240 0.0752603 0.0912621 0.0522918 0.0426563 0.0667679 0.0640139 0.0261461 0.0711637 0.0759562 0.0640661 0.0607524 0.0891990 0.1086802 0.0857151 
Dasyuridae_Dasyurus_maculatus                0.0948421 0.1126529 0.0981827 0.1033638 0.1047993 0.0000000 0.0880171 0.0948008 0.1069439 0.1054997 0.0909749 0.0197831 0.0350664 0.0930101 0.0959557 0.0182428 0.0115484 0.0274710 0.1097264 0.1001007 0.1202596 0.0843958 0.0957862 0.0144605 0.1030849 0.0764704 0.0995462 0.1008860 0.1084694 0.1127301 0.0927927 0.0912273 0.0959514 0.0119462 0.0948384 
Phalangeridae_Trichosurus_vulpecula          0.0488960 0.0819864 0.0527328 0.0574144 0.0585639 0.0880171 0.0000000 0.0238991 0.0598369 0.0765493 0.0208708 0.0765487 0.0893024 0.0216380 0.0491802 0.0592508 0.0889543 0.0794454 0.0844105 0.0520331 0.0710221 0.0658379 0.0823095 0.0545382 0.0536026 0.0535883 0.0520334 0.0520501 0.0558114 0.0602664 0.0489282 0.0206228 0.0741656 0.0939201 0.0719822 
Phalangeridae_Spilocuscus_maculatus          0.0483189 0.0848355 0.0528950 0.0621067 0.0656662 0.0948008 0.0238991 0.0000000 0.0640425 0.0799410 0.0116747 0.0784711 0.0892739 0.0120988 0.0507225 0.0568955 0.0933626 0.0843892 0.0851391 0.0592087 0.0755278 0.0602358 0.0806050 0.0515395 0.0565437 0.0570781 0.0534447 0.0575141 0.0637747 0.0591442 0.0507534 0.0105101 0.0731763 0.0990182 0.0755702 
Potoroidae_Aepyprymnus_rufescens             0.0633541 0.0885278 0.0653603 0.0105589 0.0110696 0.1069439 0.0598369 0.0640425 0.0000000 0.0860419 0.0598585 0.0903269 0.1058038 0.0603004 0.0631459 0.0599695 0.1024948 0.0906933 0.0965595 0.0253556 0.0843761 0.0765817 0.0925402 0.0520450 0.0417437 0.0630245 0.0634470 0.0248957 0.0711724 0.0708018 0.0601599 0.0603502 0.0845979 0.1107514 0.0835840 
Peramelidae_Perameles_nasuta                 0.0784397 0.0914657 0.0743178 0.0898977 0.0899527 0.1054997 0.0765493 0.0799410 0.0860419 0.0000000 0.0772240 0.0918662 0.1034770 0.0779412 0.0784190 0.0648176 0.1060217 0.0859021 0.0223141 0.0831456 0.1051597 0.0685555 0.0879415 0.0578427 0.0841251 0.0632717 0.0826858 0.0819767 0.0895612 0.0914676 0.0819608 0.0772681 0.0198034 0.1116569 0.0021974 
Phalangeridae_Strigocuscus_pelengensis       0.0475906 0.0807663 0.0503646 0.0591093 0.0613933 0.0909749 0.0208708 0.0116747 0.0598585 0.0772240 0.0000000 0.0743527 0.0893593 0.0095938 0.0481975 0.0555478 0.0893870 0.0744255 0.0841215 0.0558135 0.0726393 0.0662702 0.0854982 0.0499811 0.0548434 0.0553268 0.0520598 0.0547107 0.0562990 0.0614475 0.0483080 0.0070628 0.0760001 0.0963798 0.0720278 
Dasyuridae_Phascogale_tapoatafa              0.0835385 0.0981764 0.0849446 0.0905544 0.0913120 0.0197831 0.0765487 0.0784711 0.0903269 0.0918662 0.0743527 0.0000000 0.0300640 0.0761956 0.0824233 0.0022493 0.0186170 0.0211977 0.0947802 0.0851367 0.1059260 0.0860142 0.0965667 0.0121570 0.0896190 0.0753633 0.0865899 0.0872623 0.0948653 0.0960433 0.0815142 0.0748943 0.0893484 0.0197122 0.0912658 
Dasyuridae_Sminthopsis_macroura              0.0994239 0.1074712 0.0928544 0.1035727 0.1055005 0.0350664 0.0893024 0.0892739 0.1058038 0.1034770 0.0893593 0.0300640 0.0000000 0.0901533 0.0950290 0.0205002 0.0315238 0.0224941 0.1098506 0.1008201 0.1186766 0.0878315 0.1054671 0.0182674 0.1031607 0.0778238 0.1011899 0.1017300 0.1068899 0.1059125 0.0967039 0.0890001 0.1030842 0.0373354 0.1017120 
Phalangeridae_Phalanger_orientalis           0.0499308 0.0817450 0.0532079 0.0584172 0.0607018 0.0930101 0.0216380 0.0120988 0.0603004 0.0779412 0.0095938 0.0761956 0.0901533 0.0000000 0.0481908 0.0576131 0.0914076 0.0795812 0.0845271 0.0556841 0.0728815 0.0674598 0.0865777 0.0520871 0.0542379 0.0543175 0.0520766 0.0545943 0.0572852 0.0595092 0.0473342 0.0044717 0.0749175 0.0982252 0.0733649 
Acrobatidae_Acrobates_pygmaeus               0.0516520 0.0787440 0.0549455 0.0636412 0.0659759 0.0959557 0.0491802 0.0507225 0.0631459 0.0784190 0.0481975 0.0824233 0.0950290 0.0481908 0.0000000 0.0595280 0.0955484 0.0837327 0.0848309 0.0573959 0.0646909 0.0662422 0.0865730 0.0525804 0.0590882 0.0560872 0.0472239 0.0602027 0.0533911 0.0613236 0.0253015 0.0481584 0.0781825 0.1002322 0.0720465 
Dasyuridae_Phascogale_calura                 0.0606670 0.0664444 0.0667195 0.0610401 0.0610232 0.0182428 0.0592508 0.0568955 0.0599695 0.0648176 0.0555478 0.0022493 0.0205002 0.0576131 0.0595280 0.0000000 0.0144129 0.0152986 0.0622304 0.0567744 0.0818910 0.0864185 0.0978787 0.0114405 0.0609284 0.0631219 0.0605775 0.0612285 0.0568871 0.0671632 0.0564005 0.0560588 0.0628080 0.0166627 0.0667822 
Dasyuridae_Sarcophilus_harrisii              0.0939265 0.1079731 0.0967436 0.0997600 0.1011095 0.0115484 0.0889543 0.0933626 0.1024948 0.1060217 0.0893870 0.0186170 0.0315238 0.0914076 0.0955484 0.0144129 0.0000000 0.0240762 0.1096180 0.1002364 0.1207097 0.0820082 0.0933608 0.0106008 0.1020085 0.0746726 0.1001262 0.1016345 0.1088055 0.1106893 0.0949051 0.0896563 0.0997888 0.0169953 0.0980456 
Dasyuridae_Planigale_tenuirostris            0.0808361 0.0885932 0.0893668 0.0861734 0.0854035 0.0274710 0.0794454 0.0843892 0.0906933 0.0859021 0.0744255 0.0211977 0.0224941 0.0795812 0.0837327 0.0152986 0.0240762 0.0000000 0.0880488 0.0820799 0.1078814 0.0832107 0.0972214 0.0145472 0.0876415 0.0644292 0.0886276 0.0834900 0.0935541 0.0979674 0.0803846 0.0780844 0.0780289 0.0281991 0.0777950 
Peramelidae_Echymipera_kalubu                0.0833135 0.0928102 0.0812100 0.0986287 0.0992508 0.1097264 0.0844105 0.0851391 0.0965595 0.0223141 0.0841215 0.0947802 0.1098506 0.0845271 0.0848309 0.0622304 0.1096180 0.0880488 0.0000000 0.0884515 0.1101893 0.0700260 0.0876932 0.0567832 0.0905871 0.0666683 0.0890891 0.0907408 0.1003557 0.0982165 0.0841528 0.0838723 0.0145822 0.1160318 0.0217163 
Macropodidae_Dorcopsulus_vanheurni           0.0554578 0.0827371 0.0582611 0.0239700 0.0255601 0.1001007 0.0520331 0.0592087 0.0253556 0.0831456 0.0558135 0.0851367 0.1008201 0.0556841 0.0573959 0.0567744 0.1002364 0.0820799 0.0884515 0.0000000 0.0766579 0.0683905 0.0832684 0.0496531 0.0368589 0.0568621 0.0581582 0.0100168 0.0666841 0.0660013 0.0543897 0.0557296 0.0803010 0.1041314 0.0768762 
Pseudochiridae_Pseudochirulus_forbesi        0.0729051 0.1046274 0.0792266 0.0844794 0.0851240 0.1202596 0.0710221 0.0755278 0.0843761 0.1051597 0.0726393 0.1059260 0.1186766 0.0728815 0.0646909 0.0818910 0.1207097 0.1078814 0.1101893 0.0766579 0.0000000 0.0891758 0.1088223 0.0753329 0.0771523 0.0782132 0.0397457 0.0819410 0.0262993 0.0766762 0.0632675 0.0729437 0.0994976 0.1221830 0.0955978 
Didelphidae_Didelphis_virginiana             0.0682281 0.0764224 0.0777649 0.0760414 0.0752603 0.0843958 0.0658379 0.0602358 0.0765817 0.0685555 0.0662702 0.0860142 0.0878315 0.0674598 0.0662422 0.0864185 0.0820082 0.0832107 0.0700260 0.0683905 0.0891758 0.0000000 0.0391126 0.0843040 0.0704177 0.0783466 0.0630364 0.0722210 0.0589855 0.0670717 0.0645632 0.0659082 0.0647592 0.0793078 0.0714436 
Marmosidae_Monodelphis_domestica             0.0850509 0.0919355 0.0955578 0.0920500 0.0912621 0.0957862 0.0823095 0.0806050 0.0925402 0.0879415 0.0854982 0.0965667 0.1054671 0.0865777 0.0865730 0.0978787 0.0933608 0.0972214 0.0876932 0.0832684 0.1088223 0.0391126 0.0000000 0.0949160 0.0831003 0.0892545 0.0843656 0.0858381 0.0760947 0.0889204 0.0851162 0.0841817 0.0842792 0.0923355 0.0910616 
Dasyuridae_Antechinus_stuartii               0.0526290 0.0609076 0.0610927 0.0522700 0.0522918 0.0144605 0.0545382 0.0515395 0.0520450 0.0578427 0.0499811 0.0121570 0.0182674 0.0520871 0.0525804 0.0114405 0.0106008 0.0145472 0.0567832 0.0496531 0.0753329 0.0843040 0.0949160 0.0000000 0.0545835 0.0584841 0.0528664 0.0540091 0.0474102 0.0624329 0.0507730 0.0505299 0.0556557 0.0128917 0.0612461 
Hypsiprymnodontidae_Hypsiprymnodon_moschatus 0.0537053 0.0818964 0.0594009 0.0409991 0.0426563 0.1030849 0.0536026 0.0565437 0.0417437 0.0841251 0.0548434 0.0896190 0.1031607 0.0542379 0.0590882 0.0609284 0.1020085 0.0876415 0.0905871 0.0368589 0.0771523 0.0704177 0.0831003 0.0545835 0.0000000 0.0595758 0.0575833 0.0363500 0.0654489 0.0691924 0.0555489 0.0542823 0.0796349 0.1099815 0.0802563 
Microbiotheriidae_Dromiciops_gliroides       0.0550378 0.0656941 0.0544985 0.0660445 0.0667679 0.0764704 0.0535883 0.0570781 0.0630245 0.0632717 0.0553268 0.0753633 0.0778238 0.0543175 0.0560872 0.0631219 0.0746726 0.0644292 0.0666683 0.0568621 0.0782132 0.0783466 0.0892545 0.0584841 0.0595758 0.0000000 0.0571775 0.0582241 0.0548764 0.0655119 0.0597133 0.0556701 0.0630265 0.0797942 0.0646036 
Pseudochiridae_Petauroides_volans            0.0529967 0.0911280 0.0607723 0.0633646 0.0640139 0.0995462 0.0520334 0.0534447 0.0634470 0.0826858 0.0520598 0.0865899 0.1011899 0.0520766 0.0472239 0.0605775 0.1001262 0.0886276 0.0890891 0.0581582 0.0397457 0.0630364 0.0843656 0.0528664 0.0575833 0.0571775 0.0000000 0.0591930 0.0278470 0.0609952 0.0458618 0.0521198 0.0769839 0.1049630 0.0740867 
Macropodidae_Wallabia_bicolor                0.0554180 0.0850504 0.0589907 0.0245500 0.0261461 0.1008860 0.0520501 0.0575141 0.0248957 0.0819767 0.0547107 0.0872623 0.1017300 0.0545943 0.0602027 0.0612285 0.1016345 0.0834900 0.0907408 0.0100168 0.0819410 0.0722210 0.0858381 0.0540091 0.0363500 0.0582241 0.0591930 0.0000000 0.0672566 0.0700452 0.0561336 0.0546388 0.0802961 0.1066868 0.0793529 
Pseudochiridae_Pseudocheirus_occidentalis    0.0591044 0.0984897 0.0606557 0.0689696 0.0711637 0.1084694 0.0558114 0.0637747 0.0711724 0.0895612 0.0562990 0.0948653 0.1068899 0.0572852 0.0533911 0.0568871 0.1088055 0.0935541 0.1003557 0.0666841 0.0262993 0.0589855 0.0760947 0.0474102 0.0654489 0.0548764 0.0278470 0.0672566 0.0000000 0.0706862 0.0551150 0.0594413 0.0833227 0.1148794 0.0828108 
Tarsipedidae_Tarsipes_rostratus              0.0582686 0.0940078 0.0704690 0.0747292 0.0759562 0.1127301 0.0602664 0.0591442 0.0708018 0.0914676 0.0614475 0.0960433 0.1059125 0.0595092 0.0613236 0.0671632 0.1106893 0.0979674 0.0982165 0.0660013 0.0766762 0.0670717 0.0889204 0.0624329 0.0691924 0.0655119 0.0609952 0.0700452 0.0706862 0.0000000 0.0605737 0.0590028 0.0868083 0.1154776 0.0848968 
Acrobatidae_Distoechurus_pennatus            0.0480140 0.0825791 0.0544964 0.0617043 0.0640661 0.0927927 0.0489282 0.0507534 0.0601599 0.0819608 0.0483080 0.0815142 0.0967039 0.0473342 0.0253015 0.0564005 0.0949051 0.0803846 0.0841528 0.0543897 0.0632675 0.0645632 0.0851162 0.0507730 0.0555489 0.0597133 0.0458618 0.0561336 0.0551150 0.0605737 0.0000000 0.0484100 0.0773359 0.1000708 0.0780706 
Phalangeridae_Phalanger_carmelitae           0.0488617 0.0812158 0.0521146 0.0584656 0.0607524 0.0912273 0.0206228 0.0105101 0.0603502 0.0772681 0.0070628 0.0748943 0.0890001 0.0044717 0.0481584 0.0560588 0.0896563 0.0780844 0.0838723 0.0557296 0.0729437 0.0659082 0.0841817 0.0505299 0.0542823 0.0556701 0.0521198 0.0546388 0.0594413 0.0590028 0.0484100 0.0000000 0.0742346 0.0970877 0.0726871 
Peramelidae_Peroryctes_raffrayana            0.0756788 0.0895152 0.0729142 0.0891431 0.0891990 0.0959514 0.0741656 0.0731763 0.0845979 0.0198034 0.0760001 0.0893484 0.1030842 0.0749175 0.0781825 0.0628080 0.0997888 0.0780289 0.0145822 0.0803010 0.0994976 0.0647592 0.0842792 0.0556557 0.0796349 0.0630265 0.0769839 0.0802961 0.0833227 0.0868083 0.0773359 0.0742346 0.0000000 0.1062385 0.0181734 
Dasyuridae_Dasyurus_geffroii                 0.0987014 0.1153912 0.1006830 0.1072670 0.1086802 0.0119462 0.0939201 0.0990182 0.1107514 0.1116569 0.0963798 0.0197122 0.0373354 0.0982252 0.1002322 0.0166627 0.0169953 0.0281991 0.1160318 0.1041314 0.1221830 0.0793078 0.0923355 0.0128917 0.1099815 0.0797942 0.1049630 0.1066868 0.1148794 0.1154776 0.1000708 0.0970877 0.1062385 0.0000000 0.1008389 
Peramelidae_Perameles_gunnii                 0.0714746 0.0883111 0.0722545 0.0856614 0.0857151 0.0948384 0.0719822 0.0755702 0.0835840 0.0021974 0.0720278 0.0912658 0.1017120 0.0733649 0.0720465 0.0667822 0.0980456 0.0777950 0.0217163 0.0768762 0.0955978 0.0714436 0.0910616 0.0612461 0.0802563 0.0646036 0.0740867 0.0793529 0.0828108 0.0848968 0.0780706 0.0726871 0.0181734 0.1008389 0.0000000 
