35
Burramyidae_Burramys_parvus                  0.0000000 0.0494042 0.0234300 0.0402400 0.0469458 0.1126152 0.0173928 0.0378988 0.0361736 0.0462075 0.0216735 0.1050474 0.1077795 0.0269252 0.0264073 0.1047796 0.1149379 0.1036772 0.0454248 0.0363665 0.0270749 0.0805864 0.0753588 0.1063229 0.0372050 0.0479692 0.0277750 0.0357551 0.0257071 0.0350232 0.0254634 0.0211966 0.0542280 0.1136181 0.0491945 
Notoryctidae_Notoryctes_typhlops             0.0494042 0.0000000 0.0491161 0.0789151 0.0853544 0.1204999 0.0511206 0.0801640 0.0747722 0.0698934 0.0673374 0.1197747 0.1202751 0.0674050 0.0631328 0.1188659 0.1180555 0.1175037 0.0750916 0.0736655 0.0575689 0.0906116 0.0948900 0.1182135 0.0715239 0.0682013 0.0666151 0.0750663 0.0624864 0.0697477 0.0680630 0.0610194 0.0754524 0.1198940 0.0714559 
Vombatidae_Lasiorhinus_latifrons             0.0234300 0.0491161 0.0000000 0.0520992 0.0599702 0.0965361 0.0226379 0.0505142 0.0545090 0.0507000 0.0259206 0.0899832 0.0945209 0.0337086 0.0322001 0.0868859 0.0962023 0.0910200 0.0521248 0.0471796 0.0390360 0.0706372 0.0716199 0.0920923 0.0507166 0.0417784 0.0344912 0.0512978 0.0273949 0.0386591 0.0357726 0.0265448 0.0503412 0.0985326 0.0534634 
Potoroidae_Bettongia_penicillata             0.0402400 0.0789151 0.0520992 0.0000000 0.0015365 0.1364570 0.0370334 0.0664216 0.0031372 0.0753433 0.0488601 0.1313562 0.1341684 0.0556054 0.0508457 0.1286422 0.1345905 0.1279449 0.0742144 0.0069510 0.0557680 0.1034341 0.1017967 0.1338916 0.0183314 0.0719794 0.0621048 0.0070919 0.0512711 0.0676889 0.0588709 0.0506434 0.0791747 0.1385113 0.0783810 
Potoroidae_Bettongia_lesueur                 0.0469458 0.0853544 0.0599702 0.0015365 0.0000000 0.1401384 0.0417656 0.0702529 0.0039974 0.0810160 0.0539223 0.1357114 0.1371169 0.0609390 0.0587709 0.1329333 0.1382723 0.1319169 0.0798660 0.0091559 0.0664098 0.1104952 0.1056887 0.1361969 0.0245640 0.0776239 0.0697953 0.0086133 0.0615434 0.0736174 0.0651183 0.0559929 0.0870319 0.1422949 0.0839022 
Dasyuridae_Dasyurus_maculatus                0.1126152 0.1204999 0.0965361 0.1364570 0.1401384 0.0000000 0.1095707 0.1233213 0.1351065 0.1263586 0.1094552 0.0048185 0.0056646 0.1162355 0.1117480 0.0050106 0.0014014 0.0066121 0.1301602 0.1316157 0.1150607 0.1346556 0.1377311 0.0043171 0.1286402 0.1116343 0.1086151 0.1341133 0.1058530 0.1201910 0.1138579 0.1087170 0.1305316 0.0018728 0.1297946 
Phalangeridae_Trichosurus_vulpecula          0.0173928 0.0511206 0.0226379 0.0370334 0.0417656 0.1095707 0.0000000 0.0076803 0.0338651 0.0473611 0.0041111 0.1030407 0.1077100 0.0046728 0.0259111 0.1036682 0.1090303 0.1009469 0.0470618 0.0310415 0.0288257 0.0796965 0.0797237 0.1031456 0.0377022 0.0443519 0.0356755 0.0357451 0.0279926 0.0453987 0.0285752 0.0039462 0.0502179 0.1107758 0.0477823 
Phalangeridae_Spilocuscus_maculatus          0.0378988 0.0801640 0.0505142 0.0664216 0.0702529 0.1233213 0.0076803 0.0000000 0.0641458 0.0720848 0.0051387 0.1213850 0.1241286 0.0061229 0.0501870 0.1207902 0.1241577 0.1162932 0.0774116 0.0607206 0.0565718 0.0978338 0.0962656 0.1166101 0.0687656 0.0737114 0.0647894 0.0597427 0.0483395 0.0741771 0.0586712 0.0061661 0.0779892 0.1245274 0.0756826 
Potoroidae_Aepyprymnus_rufescens             0.0361736 0.0747722 0.0545090 0.0031372 0.0039974 0.1351065 0.0338651 0.0641458 0.0000000 0.0737144 0.0453928 0.1315026 0.1342387 0.0547126 0.0490572 0.1294891 0.1332428 0.1294499 0.0718368 0.0070990 0.0524612 0.1008611 0.1013266 0.1313868 0.0162724 0.0691611 0.0590050 0.0066745 0.0488396 0.0645116 0.0547517 0.0481105 0.0805545 0.1359452 0.0760442 
Peramelidae_Perameles_nasuta                 0.0462075 0.0698934 0.0507000 0.0753433 0.0810160 0.1263586 0.0473611 0.0720848 0.0737144 0.0000000 0.0547637 0.1268411 0.1213286 0.0618817 0.0625667 0.1265956 0.1246572 0.1211067 0.0032537 0.0722374 0.0638128 0.0878247 0.0928687 0.1260609 0.0779345 0.0560048 0.0621838 0.0737155 0.0652293 0.0775336 0.0626437 0.0547301 0.0032078 0.1249604 0.0002727 
Phalangeridae_Strigocuscus_pelengensis       0.0216735 0.0673374 0.0259206 0.0488601 0.0539223 0.1094552 0.0041111 0.0051387 0.0453928 0.0547637 0.0000000 0.1045381 0.1067729 0.0035806 0.0339958 0.1055077 0.1075069 0.1020811 0.0577790 0.0427086 0.0410848 0.0835302 0.0793800 0.1016592 0.0504186 0.0570809 0.0465651 0.0433460 0.0348058 0.0527687 0.0416603 0.0028595 0.0598433 0.1119549 0.0566395 
Dasyuridae_Phascogale_tapoatafa              0.1050474 0.1197747 0.0899832 0.1313562 0.1357114 0.0048185 0.1030407 0.1213850 0.1315026 0.1268411 0.1045381 0.0000000 0.0044993 0.1108028 0.1111159 0.0010898 0.0039373 0.0048214 0.1290043 0.1224749 0.1087044 0.1274519 0.1268020 0.0023060 0.1208759 0.1069838 0.1044888 0.1234799 0.1018904 0.1150184 0.1120952 0.1032574 0.1272372 0.0057149 0.1252316 
Dasyuridae_Sminthopsis_macroura              0.1077795 0.1202751 0.0945209 0.1341684 0.1371169 0.0056646 0.1077100 0.1241286 0.1342387 0.1213286 0.1067729 0.0044993 0.0000000 0.1122741 0.1129505 0.0047873 0.0051239 0.0040101 0.1252946 0.1326765 0.1109643 0.1268444 0.1302759 0.0048083 0.1236018 0.1089997 0.1060185 0.1351871 0.1036005 0.1197438 0.1162786 0.1046780 0.1255861 0.0070822 0.1221538 
Phalangeridae_Phalanger_orientalis           0.0269252 0.0674050 0.0337086 0.0556054 0.0609390 0.1162355 0.0046728 0.0061229 0.0547126 0.0618817 0.0035806 0.1108028 0.1122741 0.0000000 0.0366210 0.1131426 0.1157497 0.1114287 0.0656615 0.0497789 0.0401772 0.0907104 0.0888977 0.1097767 0.0593151 0.0605783 0.0509497 0.0498746 0.0378437 0.0578081 0.0451278 0.0004426 0.0662191 0.1187683 0.0630213 
Acrobatidae_Acrobates_pygmaeus               0.0264073 0.0631328 0.0322001 0.0508457 0.0587709 0.1117480 0.0259111 0.0501870 0.0490572 0.0625667 0.0339958 0.1111159 0.1129505 0.0366210 0.0000000 0.1091668 0.1116393 0.1135412 0.0608955 0.0410209 0.0177757 0.0893686 0.0855520 0.1133016 0.0458175 0.0409489 0.0175255 0.0445100 0.0156096 0.0350539 0.0076158 0.0304650 0.0597912 0.1139455 0.0643567 
Dasyuridae_Phascogale_calura                 0.1047796 0.1188659 0.0868859 0.1286422 0.1329333 0.0050106 0.1036682 0.1207902 0.1294891 0.1265956 0.1055077 0.0010898 0.0047873 0.1131426 0.1091668 0.0000000 0.0039240 0.0053626 0.1304903 0.1238554 0.1066978 0.1240631 0.1247458 0.0023747 0.1194646 0.1084900 0.1020620 0.1263634 0.0999535 0.1131715 0.1127097 0.1055772 0.1281572 0.0059301 0.1274004 
Dasyuridae_Sarcophilus_harrisii              0.1149379 0.1180555 0.0962023 0.1345905 0.1382723 0.0014014 0.1090303 0.1241577 0.1332428 0.1246572 0.1075069 0.0039373 0.0051239 0.1157497 0.1116393 0.0039240 0.0000000 0.0056199 0.1306038 0.1326283 0.1140910 0.1329915 0.1332753 0.0036675 0.1282919 0.1106715 0.1067770 0.1351339 0.1061987 0.1190668 0.1134963 0.1081684 0.1282939 0.0020092 0.1262432 
Dasyuridae_Planigale_tenuirostris            0.1036772 0.1175037 0.0910200 0.1279449 0.1319169 0.0066121 0.1009469 0.1162932 0.1294499 0.1211067 0.1020811 0.0048214 0.0040101 0.1114287 0.1135412 0.0053626 0.0056199 0.0000000 0.1226371 0.1272068 0.1070597 0.1256516 0.1255052 0.0057418 0.1220703 0.1108892 0.1060525 0.1304484 0.1009095 0.1127986 0.1146892 0.1032179 0.1243189 0.0079347 0.1210665 
Peramelidae_Echymipera_kalubu                0.0454248 0.0750916 0.0521248 0.0742144 0.0798660 0.1301602 0.0470618 0.0774116 0.0718368 0.0032537 0.0577790 0.1290043 0.1252946 0.0656615 0.0608955 0.1304903 0.1306038 0.1226371 0.0000000 0.0702880 0.0596169 0.0847772 0.0918449 0.1281057 0.0773399 0.0515284 0.0679557 0.0746851 0.0657044 0.0773982 0.0583921 0.0582564 0.0031095 0.1308951 0.0033089 
Macropodidae_Dorcopsulus_vanheurni           0.0363665 0.0736655 0.0471796 0.0069510 0.0091559 0.1316157 0.0310415 0.0607206 0.0070990 0.0722374 0.0427086 0.1224749 0.1326765 0.0497789 0.0410209 0.1238554 0.1326283 0.1272068 0.0702880 0.0000000 0.0535244 0.0917208 0.0951336 0.1292269 0.0132612 0.0658477 0.0532471 0.0024439 0.0472894 0.0646821 0.0493192 0.0439354 0.0745316 0.1334679 0.0752303 
Pseudochiridae_Pseudochirulus_forbesi        0.0270749 0.0575689 0.0390360 0.0557680 0.0664098 0.1150607 0.0288257 0.0565718 0.0524612 0.0638128 0.0410848 0.1087044 0.1109643 0.0401772 0.0177757 0.1066978 0.1140910 0.1070597 0.0596169 0.0535244 0.0000000 0.0859252 0.0877106 0.1056395 0.0550283 0.0586691 0.0090634 0.0509523 0.0037201 0.0369514 0.0217055 0.0352721 0.0635572 0.1180441 0.0639760 
Didelphidae_Didelphis_virginiana             0.0805864 0.0906116 0.0706372 0.1034341 0.1104952 0.1346556 0.0796965 0.0978338 0.1008611 0.0878247 0.0835302 0.1274519 0.1268444 0.0907104 0.0893686 0.1240631 0.1329915 0.1256516 0.0847772 0.0917208 0.0859252 0.0000000 0.0068898 0.1301445 0.1051064 0.0793807 0.0896995 0.0971023 0.0816226 0.0928717 0.0915471 0.0844641 0.0808754 0.1337401 0.0870788 
Marmosidae_Monodelphis_domestica             0.0753588 0.0948900 0.0716199 0.1017967 0.1056887 0.1377311 0.0797237 0.0962656 0.1013266 0.0928687 0.0793800 0.1268020 0.1302759 0.0888977 0.0855520 0.1247458 0.1332753 0.1255052 0.0918449 0.0951336 0.0877106 0.0068898 0.0000000 0.1275379 0.1058456 0.0812302 0.0851995 0.1010882 0.0839814 0.0950979 0.0863000 0.0825500 0.0873793 0.1370156 0.0913244 
Dasyuridae_Antechinus_stuartii               0.1063229 0.1182135 0.0920923 0.1338916 0.1361969 0.0043171 0.1031456 0.1166101 0.1313868 0.1260609 0.1016592 0.0023060 0.0048083 0.1097767 0.1133016 0.0023747 0.0036675 0.0057418 0.1281057 0.1292269 0.1056395 0.1301445 0.1275379 0.0000000 0.1261027 0.1081176 0.1018243 0.1317559 0.1003991 0.1130500 0.1101895 0.1022540 0.1307577 0.0050414 0.1255255 
Hypsiprymnodontidae_Hypsiprymnodon_moschatus 0.0372050 0.0715239 0.0507166 0.0183314 0.0245640 0.1286402 0.0377022 0.0687656 0.0162724 0.0779345 0.0504186 0.1208759 0.1236018 0.0593151 0.0458175 0.1194646 0.1282919 0.1220703 0.0773399 0.0132612 0.0550283 0.1051064 0.1058456 0.1261027 0.0000000 0.0694071 0.0526595 0.0152844 0.0494790 0.0646943 0.0543487 0.0519314 0.0835941 0.1260114 0.0779040 
Microbiotheriidae_Dromiciops_gliroides       0.0479692 0.0682013 0.0417784 0.0719794 0.0776239 0.1116343 0.0443519 0.0737114 0.0691611 0.0560048 0.0570809 0.1069838 0.1089997 0.0605783 0.0409489 0.1084900 0.1106715 0.1108892 0.0515284 0.0658477 0.0586691 0.0793807 0.0812302 0.1081176 0.0694071 0.0000000 0.0554835 0.0698572 0.0418036 0.0649954 0.0495831 0.0535048 0.0563678 0.1136744 0.0563017 
Pseudochiridae_Petauroides_volans            0.0277750 0.0666151 0.0344912 0.0621048 0.0697953 0.1086151 0.0356755 0.0647894 0.0590050 0.0621838 0.0465651 0.1044888 0.1060185 0.0509497 0.0175255 0.1020620 0.1067770 0.1060525 0.0679557 0.0532471 0.0090634 0.0896995 0.0851995 0.1018243 0.0526595 0.0554835 0.0000000 0.0532399 0.0067010 0.0244481 0.0197303 0.0437694 0.0643820 0.1088384 0.0629008 
Macropodidae_Wallabia_bicolor                0.0357551 0.0750663 0.0512978 0.0070919 0.0086133 0.1341133 0.0357451 0.0597427 0.0066745 0.0737155 0.0433460 0.1234799 0.1351871 0.0498746 0.0445100 0.1263634 0.1351339 0.1304484 0.0746851 0.0024439 0.0509523 0.0971023 0.1010882 0.1317559 0.0152844 0.0698572 0.0532399 0.0000000 0.0443746 0.0653548 0.0517889 0.0441109 0.0786449 0.1346999 0.0766657 
Pseudochiridae_Pseudocheirus_occidentalis    0.0257071 0.0624864 0.0273949 0.0512711 0.0615434 0.1058530 0.0279926 0.0483395 0.0488396 0.0652293 0.0348058 0.1018904 0.1036005 0.0378437 0.0156096 0.0999535 0.1061987 0.1009095 0.0657044 0.0472894 0.0037201 0.0816226 0.0839814 0.1003991 0.0494790 0.0418036 0.0067010 0.0443746 0.0000000 0.0253263 0.0177253 0.0311560 0.0655780 0.1088485 0.0635097 
Tarsipedidae_Tarsipes_rostratus              0.0350232 0.0697477 0.0386591 0.0676889 0.0736174 0.1201910 0.0453987 0.0741771 0.0645116 0.0775336 0.0527687 0.1150184 0.1197438 0.0578081 0.0350539 0.1131715 0.1190668 0.1127986 0.0773982 0.0646821 0.0369514 0.0928717 0.0950979 0.1130500 0.0646943 0.0649954 0.0244481 0.0653548 0.0253263 0.0000000 0.0402461 0.0526484 0.0782129 0.1211019 0.0799686 
Acrobatidae_Distoechurus_pennatus            0.0254634 0.0680630 0.0357726 0.0588709 0.0651183 0.1138579 0.0285752 0.0586712 0.0547517 0.0626437 0.0416603 0.1120952 0.1162786 0.0451278 0.0076158 0.1127097 0.1134963 0.1146892 0.0583921 0.0493192 0.0217055 0.0915471 0.0863000 0.1101895 0.0543487 0.0495831 0.0197303 0.0517889 0.0177253 0.0402461 0.0000000 0.0383157 0.0567692 0.1150993 0.0644534 
Phalangeridae_Phalanger_carmelitae           0.0211966 0.0610194 0.0265448 0.0506434 0.0559929 0.1087170 0.0039462 0.0061661 0.0481105 0.0547301 0.0028595 0.1032574 0.1046780 0.0004426 0.0304650 0.1055772 0.1081684 0.1032179 0.0582564 0.0439354 0.0352721 0.0844641 0.0825500 0.1022540 0.0519314 0.0535048 0.0437694 0.0441109 0.0311560 0.0526484 0.0383157 0.0000000 0.0584656 0.1111949 0.0563398 
Peramelidae_Peroryctes_raffrayana            0.0542280 0.0754524 0.0503412 0.0791747 0.0870319 0.1305316 0.0502179 0.0779892 0.0805545 0.0032078 0.0598433 0.1272372 0.1255861 0.0662191 0.0597912 0.1281572 0.1282939 0.1243189 0.0031095 0.0745316 0.0635572 0.0808754 0.0873793 0.1307577 0.0835941 0.0563678 0.0643820 0.0786449 0.0655780 0.0782129 0.0567692 0.0584656 0.0000000 0.1297746 0.0032649 
Dasyuridae_Dasyurus_geffroii                 0.1136181 0.1198940 0.0985326 0.1385113 0.1422949 0.0018728 0.1107758 0.1245274 0.1359452 0.1249604 0.1119549 0.0057149 0.0070822 0.1187683 0.1139455 0.0059301 0.0020092 0.0079347 0.1308951 0.1334679 0.1180441 0.1337401 0.1370156 0.0050414 0.1260114 0.1136744 0.1088384 0.1346999 0.1088485 0.1211019 0.1150993 0.1111949 0.1297746 0.0000000 0.1265423 
Peramelidae_Perameles_gunnii                 0.0491945 0.0714559 0.0534634 0.0783810 0.0839022 0.1297946 0.0477823 0.0756826 0.0760442 0.0002727 0.0566395 0.1252316 0.1221538 0.0630213 0.0643567 0.1274004 0.1262432 0.1210665 0.0033089 0.0752303 0.0639760 0.0870788 0.0913244 0.1255255 0.0779040 0.0563017 0.0629008 0.0766657 0.0635097 0.0799686 0.0644534 0.0563398 0.0032649 0.1265423 0.0000000 
