35
Burramyidae_Burramys_parvus                  0.0000000 0.1170170 0.0776904 0.0943158 0.0873820 0.0993211 0.0617969 0.0774111 0.0877499 0.1181549 0.0715793 0.0991544 0.0927474 0.0722183 0.0805824 0.1144294 0.0906069 0.1101693 0.0794927 0.0763515 0.1118746 0.1582609 0.1090678 0.1021965 0.1159273 0.0954521 0.1065077 0.0979779 0.1086447 0.0917763 0.0793929 0.1188166 0.0939289 0.1066745 0.0993323 
Notoryctidae_Notoryctes_typhlops             0.1170170 0.0000000 0.1151774 0.1378819 0.1312910 0.1241417 0.1125334 0.1238426 0.1364473 0.1336326 0.1183257 0.1254213 0.1220430 0.1228505 0.1247617 0.1367460 0.1221066 0.1340887 0.1202722 0.1122591 0.1485932 0.1797933 0.1367492 0.1411053 0.1509541 0.1442652 0.1422962 0.1355472 0.1594979 0.1372154 0.1338479 0.1438980 0.1265260 0.1255379 0.1204432 
Vombatidae_Lasiorhinus_latifrons             0.0776904 0.1151774 0.0000000 0.0882868 0.0827825 0.0858352 0.0625878 0.0754801 0.0884715 0.1010580 0.0725981 0.0883683 0.0845600 0.0743636 0.0826426 0.1043826 0.0814611 0.0975707 0.0787590 0.0759063 0.1081647 0.1508123 0.1017762 0.1019734 0.1040929 0.0989392 0.0944159 0.0931632 0.1205268 0.0865184 0.0791552 0.1068548 0.0855127 0.0927463 0.0909440 
Potoroidae_Bettongia_penicillata             0.0943158 0.1378819 0.0882868 0.0000000 0.0116580 0.1096757 0.0791261 0.0956474 0.0351126 0.1218935 0.0809301 0.1137304 0.1072447 0.0917747 0.0888555 0.1278574 0.1021414 0.1227224 0.0425574 0.0820913 0.1282215 0.1757818 0.1240923 0.0896240 0.1315742 0.1061395 0.0654245 0.1062242 0.1222614 0.0960873 0.0995309 0.1318583 0.1093915 0.1175200 0.1190429 
Potoroidae_Bettongia_lesueur                 0.0873820 0.1312910 0.0827825 0.0116580 0.0000000 0.1068568 0.0728145 0.0860687 0.0339950 0.1152857 0.0768497 0.1109991 0.1046538 0.0852695 0.0843318 0.1221803 0.1011482 0.1180749 0.0374684 0.0761366 0.1238381 0.1692227 0.1190054 0.0837072 0.1250075 0.1005263 0.0605653 0.0996254 0.1206307 0.0890018 0.0911163 0.1254508 0.1083736 0.1085431 0.1174952 
Dasyuridae_Dasyurus_maculatus                0.0993211 0.1241417 0.0858352 0.1096757 0.1068568 0.0000000 0.0954272 0.0992540 0.1025780 0.1103982 0.0997305 0.0226340 0.0304456 0.1067744 0.1007897 0.0253403 0.0206030 0.1043012 0.0918872 0.0983568 0.1141153 0.1504927 0.0199439 0.1157840 0.1074771 0.1149500 0.1167853 0.1182322 0.1185149 0.1104957 0.1096622 0.1183785 0.0081544 0.1042260 0.0286665 
Phalangeridae_Trichosurus_vulpecula          0.0617969 0.1125334 0.0625878 0.0791261 0.0728145 0.0954272 0.0000000 0.0380510 0.0747911 0.1044370 0.0333180 0.0941092 0.0886631 0.0302215 0.0683261 0.1060786 0.0866050 0.1012885 0.0671055 0.0570427 0.1047033 0.1539257 0.1037382 0.0919993 0.0992417 0.0839399 0.0911973 0.0811241 0.0936743 0.0793759 0.0431353 0.1135199 0.0915317 0.0960745 0.0949642 
Phalangeridae_Spilocuscus_maculatus          0.0774111 0.1238426 0.0754801 0.0956474 0.0860687 0.0992540 0.0380510 0.0000000 0.0910294 0.1161034 0.0467072 0.0992537 0.0972610 0.0405394 0.0872227 0.1232023 0.0920173 0.1191716 0.0805998 0.0743053 0.1250688 0.1687673 0.1177625 0.1071299 0.1255996 0.0977576 0.0990876 0.0984019 0.1114534 0.0944891 0.0500296 0.1319376 0.0970176 0.1120858 0.1010616 
Potoroidae_Aepyprymnus_rufescens             0.0877499 0.1364473 0.0884715 0.0351126 0.0339950 0.1025780 0.0747911 0.0910294 0.0000000 0.1167549 0.0793970 0.1079172 0.1023741 0.0867246 0.0858165 0.1192304 0.0978769 0.1168793 0.0383334 0.0806105 0.1223201 0.1693924 0.1188458 0.0833828 0.1181160 0.0984577 0.0672566 0.1000414 0.1194260 0.0895403 0.0926094 0.1269466 0.1061058 0.1094701 0.1168596 
Peramelidae_Perameles_nasuta                 0.1181549 0.1336326 0.1010580 0.1218935 0.1152857 0.1103982 0.1044370 0.1161034 0.1167549 0.0000000 0.1145743 0.1071678 0.1057167 0.1195878 0.1125871 0.1237182 0.1027786 0.0422854 0.1131519 0.1147682 0.1233645 0.1718673 0.1212663 0.1388561 0.1295511 0.1376165 0.1343855 0.1376255 0.1549891 0.1223665 0.1262277 0.0492367 0.1104929 0.0270967 0.1154997 
Phalangeridae_Strigocuscus_pelengensis       0.0715793 0.1183257 0.0725981 0.0809301 0.0768497 0.0997305 0.0333180 0.0467072 0.0793970 0.1145743 0.0000000 0.0962116 0.0919395 0.0381453 0.0762576 0.1089302 0.0872374 0.1120353 0.0717720 0.0689057 0.1116871 0.1635309 0.1098099 0.0967214 0.1135841 0.0952330 0.0923701 0.0888810 0.1061923 0.0829034 0.0473677 0.1237417 0.0949256 0.1034775 0.0995712 
Dasyuridae_Phascogale_tapoatafa              0.0991544 0.1254213 0.0883683 0.1137304 0.1109991 0.0226340 0.0941092 0.0992537 0.1079172 0.1071678 0.0962116 0.0000000 0.0261230 0.1045726 0.0983480 0.0058644 0.0291260 0.1023539 0.0967115 0.1006114 0.1088137 0.1470301 0.0147499 0.1157309 0.1061640 0.1185614 0.1217700 0.1165096 0.1206588 0.1137043 0.1095828 0.1122528 0.0222483 0.1025176 0.0296981 
Dasyuridae_Sminthopsis_macroura              0.0927474 0.1220430 0.0845600 0.1072447 0.1046538 0.0304456 0.0886631 0.0972610 0.1023741 0.1057167 0.0919395 0.0261230 0.0000000 0.1010116 0.0932489 0.0308832 0.0324052 0.0993566 0.0885700 0.0936197 0.1062592 0.1473806 0.0272499 0.1099689 0.1015124 0.1095251 0.1159321 0.1087689 0.1165617 0.1075679 0.1075105 0.1123062 0.0274421 0.1018353 0.0145628 
Phalangeridae_Phalanger_orientalis           0.0722183 0.1228505 0.0743636 0.0917747 0.0852695 0.1067744 0.0302215 0.0405394 0.0867246 0.1195878 0.0381453 0.1045726 0.1010116 0.0000000 0.0845716 0.1187439 0.0947352 0.1166609 0.0797057 0.0692125 0.1199741 0.1687354 0.1156755 0.1007223 0.1124310 0.0972707 0.0990296 0.0928384 0.1068036 0.0899174 0.0184401 0.1270338 0.0996551 0.1116118 0.1014843 
Acrobatidae_Acrobates_pygmaeus               0.0805824 0.1247617 0.0826426 0.0888555 0.0843318 0.1007897 0.0683261 0.0872227 0.0858165 0.1125871 0.0762576 0.0983480 0.0932489 0.0845716 0.0000000 0.1157847 0.0889528 0.1064998 0.0848870 0.0705026 0.1217481 0.1604672 0.1148237 0.1043546 0.1282481 0.0860137 0.1009044 0.0854599 0.1079749 0.0561397 0.0945056 0.1193595 0.0986369 0.1054353 0.1009363 
Dasyuridae_Phascogale_calura                 0.1144294 0.1367460 0.1043826 0.1278574 0.1221803 0.0253403 0.1060786 0.1232023 0.1192304 0.1237182 0.1089302 0.0058644 0.0308832 0.1187439 0.1157847 0.0000000 0.0291761 0.1191629 0.1139017 0.1085081 0.1149716 0.1607548 0.0191239 0.1280437 0.1218815 0.1282780 0.1331889 0.1319172 0.1311453 0.1223724 0.1317958 0.1279860 0.0235974 0.1165651 0.0305643 
Dasyuridae_Sarcophilus_harrisii              0.0906069 0.1221066 0.0814611 0.1021414 0.1011482 0.0206030 0.0866050 0.0920173 0.0978769 0.1027786 0.0872374 0.0291260 0.0324052 0.0947352 0.0889528 0.0291761 0.0000000 0.0991481 0.0853655 0.0956401 0.1085192 0.1483590 0.0261147 0.1062390 0.0997649 0.1081237 0.1122808 0.1105536 0.1136819 0.1015046 0.1000951 0.1075997 0.0185427 0.1013379 0.0330733 
Peramelidae_Echymipera_kalubu                0.1101693 0.1340887 0.0975707 0.1227224 0.1180749 0.1043012 0.1012885 0.1191716 0.1168793 0.0422854 0.1120353 0.1023539 0.0993566 0.1166609 0.1064998 0.1191629 0.0991481 0.0000000 0.1095573 0.1112921 0.1214054 0.1682642 0.1233087 0.1285379 0.1228222 0.1320110 0.1362251 0.1294428 0.1466285 0.1119756 0.1240683 0.0464283 0.1071071 0.0364643 0.1131315 
Macropodidae_Dorcopsulus_vanheurni           0.0794927 0.1202722 0.0787590 0.0425574 0.0374684 0.0918872 0.0671055 0.0805998 0.0383334 0.1131519 0.0717720 0.0967115 0.0885700 0.0797057 0.0848870 0.1139017 0.0853655 0.1095573 0.0000000 0.0727431 0.1133399 0.1591275 0.1132661 0.0763863 0.1155714 0.0961393 0.0513525 0.0941875 0.1165869 0.0887021 0.0908360 0.1207657 0.0964285 0.1068647 0.0938361 
Pseudochiridae_Pseudochirulus_forbesi        0.0763515 0.1122591 0.0759063 0.0820913 0.0761366 0.0983568 0.0570427 0.0743053 0.0806105 0.1147682 0.0689057 0.1006114 0.0936197 0.0692125 0.0705026 0.1085081 0.0956401 0.1112921 0.0727431 0.0000000 0.1219244 0.1485022 0.1108024 0.0913094 0.1135062 0.0526292 0.0913683 0.0477224 0.0931519 0.0747906 0.0810032 0.1203511 0.1017054 0.1076289 0.0963564 
Didelphidae_Didelphis_virginiana             0.1118746 0.1485932 0.1081647 0.1282215 0.1238381 0.1141153 0.1047033 0.1250688 0.1223201 0.1233645 0.1116871 0.1088137 0.1062592 0.1199741 0.1217481 0.1149716 0.1085192 0.1214054 0.1133399 0.1219244 0.0000000 0.0824386 0.1134046 0.1366220 0.1148173 0.1504591 0.1381370 0.1467134 0.1356397 0.1299460 0.1346167 0.1258026 0.1134357 0.1160101 0.1202615 
Marmosidae_Monodelphis_domestica             0.1582609 0.1797933 0.1508123 0.1757818 0.1692227 0.1504927 0.1539257 0.1687673 0.1693924 0.1718673 0.1635309 0.1470301 0.1473806 0.1687354 0.1604672 0.1607548 0.1483590 0.1682642 0.1591275 0.1485022 0.0824386 0.0000000 0.1627500 0.1874469 0.1757901 0.1645918 0.1856506 0.1812529 0.1835263 0.1753336 0.1739847 0.1736820 0.1567686 0.1561648 0.1700713 
Dasyuridae_Antechinus_stuartii               0.1090678 0.1367492 0.1017762 0.1240923 0.1190054 0.0199439 0.1037382 0.1177625 0.1188458 0.1212663 0.1098099 0.0147499 0.0272499 0.1156755 0.1148237 0.0191239 0.0261147 0.1233087 0.1132661 0.1108024 0.1134046 0.1627500 0.0000000 0.1274210 0.1101412 0.1282628 0.1316110 0.1331305 0.1247716 0.1213271 0.1289552 0.1254438 0.0218634 0.1155259 0.0237420 
Hypsiprymnodontidae_Hypsiprymnodon_moschatus 0.1021965 0.1411053 0.1019734 0.0896240 0.0837072 0.1157840 0.0919993 0.1071299 0.0833828 0.1388561 0.0967214 0.1157309 0.1099689 0.1007223 0.1043546 0.1280437 0.1062390 0.1285379 0.0763863 0.0913094 0.1366220 0.1874469 0.1274210 0.0000000 0.1334243 0.1170197 0.0927700 0.1142858 0.1334436 0.1103152 0.1091777 0.1468088 0.1137487 0.1325665 0.1114865 
Microbiotheriidae_Dromiciops_gliroides       0.1159273 0.1509541 0.1040929 0.1315742 0.1250075 0.1074771 0.0992417 0.1255996 0.1181160 0.1295511 0.1135841 0.1061640 0.1015124 0.1124310 0.1282481 0.1218815 0.0997649 0.1228222 0.1155714 0.1135062 0.1148173 0.1757901 0.1101412 0.1334243 0.0000000 0.1377382 0.1433927 0.1348822 0.1464780 0.1332208 0.1242359 0.1339043 0.0994232 0.1180519 0.1012091 
Pseudochiridae_Petauroides_volans            0.0954521 0.1442652 0.0989392 0.1061395 0.1005263 0.1149500 0.0839399 0.0977576 0.0984577 0.1376165 0.0952330 0.1185614 0.1095251 0.0972707 0.0860137 0.1282780 0.1081237 0.1320110 0.0961393 0.0526292 0.1504591 0.1645918 0.1282628 0.1170197 0.1377382 0.0000000 0.1179353 0.0779634 0.1106065 0.0960258 0.1059570 0.1402652 0.1142862 0.1287713 0.1211963 
Macropodidae_Wallabia_bicolor                0.1065077 0.1422962 0.0944159 0.0654245 0.0605653 0.1167853 0.0911973 0.0990876 0.0672566 0.1343855 0.0923701 0.1217700 0.1159321 0.0990296 0.1009044 0.1331889 0.1122808 0.1362251 0.0513525 0.0913683 0.1381370 0.1856506 0.1316110 0.0927700 0.1433927 0.1179353 0.0000000 0.1108855 0.1405043 0.1116043 0.1081960 0.1465591 0.1216492 0.1320847 0.1003256 
Pseudochiridae_Pseudocheirus_occidentalis    0.0979779 0.1355472 0.0931632 0.1062242 0.0996254 0.1182322 0.0811241 0.0984019 0.1000414 0.1376255 0.0888810 0.1165096 0.1087689 0.0928384 0.0854599 0.1319172 0.1105536 0.1294428 0.0941875 0.0477224 0.1467134 0.1812529 0.1331305 0.1142858 0.1348822 0.0779634 0.1108855 0.0000000 0.1104308 0.0898411 0.1042627 0.1356442 0.1180480 0.1292165 0.1052273 
Tarsipedidae_Tarsipes_rostratus              0.1086447 0.1594979 0.1205268 0.1222614 0.1206307 0.1185149 0.0936743 0.1114534 0.1194260 0.1549891 0.1061923 0.1206588 0.1165617 0.1068036 0.1079749 0.1311453 0.1136819 0.1466285 0.1165869 0.0931519 0.1356397 0.1835263 0.1247716 0.1334436 0.1464780 0.1106065 0.1405043 0.1104308 0.0000000 0.1132221 0.1195654 0.1561901 0.1173415 0.1426160 0.1199250 
Acrobatidae_Distoechurus_pennatus            0.0917763 0.1372154 0.0865184 0.0960873 0.0890018 0.1104957 0.0793759 0.0944891 0.0895403 0.1223665 0.0829034 0.1137043 0.1075679 0.0899174 0.0561397 0.1223724 0.1015046 0.1119756 0.0887021 0.0747906 0.1299460 0.1753336 0.1213271 0.1103152 0.1332208 0.0960258 0.1116043 0.0898411 0.1132221 0.0000000 0.0970645 0.1257283 0.1090378 0.1117358 0.1159278 
Phalangeridae_Phalanger_carmelitae           0.0793929 0.1338479 0.0791552 0.0995309 0.0911163 0.1096622 0.0431353 0.0500296 0.0926094 0.1262277 0.0473677 0.1095828 0.1075105 0.0184401 0.0945056 0.1317958 0.1000951 0.1240683 0.0908360 0.0810032 0.1346167 0.1739847 0.1289552 0.1091777 0.1242359 0.1059570 0.1081960 0.1042627 0.1195654 0.0970645 0.0000000 0.1363293 0.1050839 0.1151731 0.1101868 
Peramelidae_Peroryctes_raffrayana            0.1188166 0.1438980 0.1068548 0.1318583 0.1254508 0.1183785 0.1135199 0.1319376 0.1269466 0.0492367 0.1237417 0.1122528 0.1123062 0.1270338 0.1193595 0.1279860 0.1075997 0.0464283 0.1207657 0.1203511 0.1258026 0.1736820 0.1254438 0.1468088 0.1339043 0.1402652 0.1465591 0.1356442 0.1561901 0.1257283 0.1363293 0.0000000 0.1115019 0.0393336 0.1183287 
Dasyuridae_Dasyurus_geffroii                 0.0939289 0.1265260 0.0855127 0.1093915 0.1083736 0.0081544 0.0915317 0.0970176 0.1061058 0.1104929 0.0949256 0.0222483 0.0274421 0.0996551 0.0986369 0.0235974 0.0185427 0.1071071 0.0964285 0.1017054 0.1134357 0.1567686 0.0218634 0.1137487 0.0994232 0.1142862 0.1216492 0.1180480 0.1173415 0.1090378 0.1050839 0.1115019 0.0000000 0.1063814 0.0278158 
Peramelidae_Perameles_gunnii                 0.1066745 0.1255379 0.0927463 0.1175200 0.1085431 0.1042260 0.0960745 0.1120858 0.1094701 0.0270967 0.1034775 0.1025176 0.1018353 0.1116118 0.1054353 0.1165651 0.1013379 0.0364643 0.1068647 0.1076289 0.1160101 0.1561648 0.1155259 0.1325665 0.1180519 0.1287713 0.1320847 0.1292165 0.1426160 0.1117358 0.1151731 0.0393336 0.1063814 0.0000000 0.1110911 
Dasyuridae_Planigale_tenuirostris            0.0993323 0.1204432 0.0909440 0.1190429 0.1174952 0.0286665 0.0949642 0.1010616 0.1168596 0.1154997 0.0995712 0.0296981 0.0145628 0.1014843 0.1009363 0.0305643 0.0330733 0.1131315 0.0938361 0.0963564 0.1202615 0.1700713 0.0237420 0.1114865 0.1012091 0.1211963 0.1003256 0.1052273 0.1199250 0.1159278 0.1101868 0.1183287 0.0278158 0.1110911 0.0000000 
