35
Burramyidae_Burramys_parvus                  0.0000000 0.0912610 0.0703995 0.0860103 0.0919412 0.1167313 0.0762323 0.0666119 0.0881096 0.0628829 0.1033437 0.1086464 0.0674434 0.1048489 0.1030334 0.1145948 0.0773406 0.0977745 0.0786902 0.0620278 0.1178632 0.1231783 0.1019824 0.0891891 0.0792903 0.0903012 0.0596877 0.0810207 0.0730277 0.0831117 0.1178165 0.1045050 0.1246639 0.0709401 0.1189237 
Notoryctidae_Notoryctes_typhlops             0.0912610 0.0000000 0.0892722 0.1077623 0.1112334 0.1232350 0.1033659 0.0920529 0.1078691 0.0830722 0.1218443 0.1332405 0.0924573 0.1352680 0.1215394 0.1184343 0.0941765 0.0994169 0.1010071 0.0811633 0.1313372 0.1382337 0.1078016 0.1140907 0.0986493 0.1089888 0.0832944 0.0977224 0.0989533 0.1074605 0.1243532 0.1084876 0.1316098 0.0734509 0.1189783 
Vombatidae_Lasiorhinus_latifrons             0.0703995 0.0892722 0.0000000 0.0860941 0.0866138 0.0736450 0.0851425 0.0700173 0.0907408 0.0638534 0.0790117 0.0823972 0.0724328 0.1224973 0.0795409 0.0718862 0.0578179 0.0965580 0.0816813 0.0582968 0.0684686 0.0750287 0.0631715 0.0537459 0.0386297 0.0877736 0.0637239 0.0861347 0.0600542 0.0880563 0.0732798 0.0998872 0.0771399 0.0363993 0.1258968 
Potoroidae_Bettongia_penicillata             0.0860103 0.1077623 0.0860941 0.0000000 0.0101104 0.1373381 0.0850087 0.0765373 0.0160319 0.0681776 0.1326326 0.1457862 0.0747868 0.1225636 0.1364590 0.1328001 0.0994896 0.1115795 0.0332948 0.0813450 0.1340707 0.1320297 0.1224789 0.0804221 0.1010068 0.0375729 0.0807416 0.1006898 0.0910173 0.0911221 0.1387805 0.1156599 0.1523658 0.0916018 0.1165935 
Potoroidae_Bettongia_lesueur                 0.0919412 0.1112334 0.0866138 0.0101104 0.0000000 0.1386438 0.0937134 0.0848568 0.0182460 0.0769504 0.1321207 0.1450287 0.0797430 0.1312563 0.1366419 0.1334438 0.1051306 0.1157218 0.0420063 0.0843532 0.1359178 0.1372618 0.1239083 0.0831859 0.1019694 0.0502192 0.0843750 0.1023319 0.0990255 0.0932984 0.1389608 0.1249885 0.1445418 0.0960840 0.1323616 
Dasyuridae_Dasyurus_maculatus                0.1167313 0.1232350 0.0736450 0.1373381 0.1386438 0.0000000 0.1417818 0.1248566 0.1423706 0.1139558 0.0425909 0.0511646 0.1216977 0.1717236 0.0402935 0.0130192 0.0241970 0.1245863 0.1300825 0.1087207 0.1056118 0.1074428 0.0245442 0.0903494 0.0812300 0.1404175 0.1121658 0.1315647 0.1079557 0.1400721 0.0071053 0.1354935 0.1037025 0.0750061 0.1398074 
Phalangeridae_Trichosurus_vulpecula          0.0762323 0.1033659 0.0851425 0.0850087 0.0937134 0.1417818 0.0000000 0.0510498 0.0899015 0.0461108 0.1346919 0.1453345 0.0626399 0.1277961 0.1378859 0.1375738 0.1047578 0.1133071 0.0865410 0.0769352 0.1314060 0.1367239 0.1260006 0.1052258 0.0956666 0.0944863 0.0806226 0.0880682 0.0929968 0.0776419 0.1421233 0.1169618 0.1553727 0.0947524 0.1450699 
Phalangeridae_Spilocuscus_maculatus          0.0666119 0.0920529 0.0700173 0.0765373 0.0848568 0.1248566 0.0510498 0.0000000 0.0804212 0.0154012 0.1154064 0.1252592 0.0460529 0.1183768 0.1184763 0.1218626 0.0886815 0.1021772 0.0768211 0.0630807 0.1221607 0.1218708 0.1098318 0.0915498 0.0800693 0.0840426 0.0654856 0.0784765 0.0762628 0.0630122 0.1250536 0.1010112 0.1310098 0.0789768 0.1211320 
Potoroidae_Aepyprymnus_rufescens             0.0881096 0.1078691 0.0907408 0.0160319 0.0182460 0.1423706 0.0899015 0.0804212 0.0000000 0.0736835 0.1333326 0.1454913 0.0755369 0.1339286 0.1385142 0.1390107 0.1027338 0.1134910 0.0371751 0.0827007 0.1374627 0.1392975 0.1266374 0.0851627 0.1058603 0.0466678 0.0834185 0.1003650 0.0927191 0.0913615 0.1427164 0.1235358 0.1474945 0.0899962 0.1271979 
Phalangeridae_Strigocuscus_pelengensis       0.0628829 0.0830722 0.0638534 0.0681776 0.0769504 0.1139558 0.0461108 0.0154012 0.0736835 0.0000000 0.1052965 0.1161488 0.0409411 0.1128093 0.1095361 0.1110250 0.0790048 0.0978902 0.0701319 0.0563677 0.1121693 0.1139942 0.1010521 0.0849817 0.0736721 0.0786867 0.0604245 0.0768078 0.0669791 0.0592438 0.1152935 0.0968064 0.1251258 0.0690281 0.1168060 
Dasyuridae_Phascogale_tapoatafa              0.1033437 0.1218443 0.0790117 0.1326326 0.1321207 0.0425909 0.1346919 0.1154064 0.1333326 0.1052965 0.0000000 0.0328804 0.1141895 0.1645404 0.0044842 0.0396133 0.0199664 0.1246924 0.1267540 0.1003210 0.1162841 0.1175009 0.0269204 0.0929354 0.0882161 0.1360359 0.1020563 0.1244290 0.0929119 0.1318578 0.0429097 0.1411752 0.0811356 0.0647410 0.1411901 
Dasyuridae_Sminthopsis_macroura              0.1086464 0.1332405 0.0823972 0.1457862 0.1450287 0.0511646 0.1453345 0.1252592 0.1454913 0.1161488 0.0328804 0.0000000 0.1260322 0.1704143 0.0306910 0.0479581 0.0192879 0.1353004 0.1384454 0.1097809 0.1254738 0.1251420 0.0444700 0.1071731 0.1019119 0.1481603 0.1156230 0.1338158 0.1028258 0.1447725 0.0515546 0.1461438 0.0793805 0.0686721 0.1549426 
Phalangeridae_Phalanger_orientalis           0.0674434 0.0924573 0.0724328 0.0747868 0.0797430 0.1216977 0.0626399 0.0460529 0.0755369 0.0409411 0.1141895 0.1260322 0.0000000 0.1019862 0.1181810 0.1187352 0.0814558 0.1017652 0.0737939 0.0618149 0.1236567 0.1191040 0.1069256 0.0889621 0.0833420 0.0807804 0.0608842 0.0794885 0.0718304 0.0227793 0.1218692 0.1030408 0.1294378 0.0726542 0.1119904 
Acrobatidae_Acrobates_pygmaeus               0.1048489 0.1352680 0.1224973 0.1225636 0.1312563 0.1717236 0.1277961 0.1183768 0.1339286 0.1128093 0.1645404 0.1704143 0.1019862 0.0000000 0.1671999 0.1684713 0.1262051 0.1439832 0.1273144 0.1070528 0.1568325 0.1639592 0.1599587 0.1451807 0.1289376 0.1368474 0.0867793 0.1248059 0.0970693 0.1165040 0.1731177 0.1471934 0.1472984 0.0864767 0.1138606 
Dasyuridae_Phascogale_calura                 0.1030334 0.1215394 0.0795409 0.1364590 0.1366419 0.0402935 0.1378859 0.1184763 0.1385142 0.1095361 0.0044842 0.0306910 0.1181810 0.1671999 0.0000000 0.0373457 0.0175993 0.1279200 0.1318938 0.1016928 0.1167309 0.1153488 0.0254567 0.0958562 0.0906358 0.1412961 0.1046134 0.1277365 0.0964938 0.1362130 0.0405935 0.1425466 0.0830800 0.0671027 0.1435398 
Dasyuridae_Sarcophilus_harrisii              0.1145948 0.1184343 0.0718862 0.1328001 0.1334438 0.0130192 0.1375738 0.1218626 0.1390107 0.1110250 0.0396133 0.0479581 0.1187352 0.1684713 0.0373457 0.0000000 0.0233152 0.1220833 0.1286117 0.1075155 0.1043539 0.1047193 0.0231154 0.0861594 0.0802453 0.1369940 0.1071532 0.1275051 0.1042378 0.1368951 0.0151041 0.1338130 0.1040192 0.0723880 0.1384392 
Dasyuridae_Planigale_tenuirostris            0.0773406 0.0941765 0.0578179 0.0994896 0.1051306 0.0241970 0.1047578 0.0886815 0.1027338 0.0790048 0.0199664 0.0192879 0.0814558 0.1262051 0.0175993 0.0233152 0.0000000 0.0991936 0.0892366 0.0721257 0.0944344 0.0955955 0.0160937 0.0771052 0.0713816 0.1072354 0.0762993 0.0963337 0.0899505 0.0993982 0.0242242 0.1128335 0.0703075 0.0592155 0.1038396 
Peramelidae_Echymipera_kalubu                0.0977745 0.0994169 0.0965580 0.1115795 0.1157218 0.1245863 0.1133071 0.1021772 0.1134910 0.0978902 0.1246924 0.1353004 0.1017652 0.1439832 0.1279200 0.1220833 0.0991936 0.0000000 0.1050167 0.0932852 0.1297734 0.1384493 0.1176388 0.1267712 0.1096480 0.1186091 0.0906861 0.1110100 0.1122349 0.1187554 0.1247768 0.0320321 0.0690545 0.0824867 0.0511495 
Macropodidae_Dorcopsulus_vanheurni           0.0786902 0.1010071 0.0816813 0.0332948 0.0420063 0.1300825 0.0865410 0.0768211 0.0371751 0.0701319 0.1267540 0.1384454 0.0737939 0.1273144 0.1318938 0.1286117 0.0892366 0.1050167 0.0000000 0.0742457 0.1249077 0.1273627 0.1201271 0.0829996 0.0925845 0.0291767 0.0713957 0.0921691 0.0910189 0.0886365 0.1321374 0.1124931 0.1379434 0.0750116 0.1165847 
Pseudochiridae_Pseudochirulus_forbesi        0.0620278 0.0811633 0.0582968 0.0813450 0.0843532 0.1087207 0.0769352 0.0630807 0.0827007 0.0563677 0.1003210 0.1097809 0.0618149 0.1070528 0.1016928 0.1075155 0.0721257 0.0932852 0.0742457 0.0000000 0.0981161 0.1015724 0.0953714 0.0810646 0.0466025 0.0849731 0.0221636 0.0602003 0.0592797 0.0789846 0.1070094 0.0949158 0.1006737 0.0581016 0.1008801 
Didelphidae_Didelphis_virginiana             0.1178632 0.1313372 0.0684686 0.1340707 0.1359178 0.1056118 0.1314060 0.1221607 0.1374627 0.1121693 0.1162841 0.1254738 0.1236567 0.1568325 0.1167309 0.1043539 0.0944344 0.1297734 0.1249077 0.0981161 0.0000000 0.0445169 0.0967062 0.0915395 0.0794255 0.1351772 0.0897870 0.1284412 0.1023563 0.1315131 0.1053000 0.1351432 0.1080975 0.0673249 0.1507474 
Marmosidae_Monodelphis_domestica             0.1231783 0.1382337 0.0750287 0.1320297 0.1372618 0.1074428 0.1367239 0.1218708 0.1392975 0.1139942 0.1175009 0.1251420 0.1191040 0.1639592 0.1153488 0.1047193 0.0955955 0.1384493 0.1273627 0.1015724 0.0445169 0.0000000 0.0951359 0.0933965 0.0854742 0.1397605 0.0952018 0.1347976 0.1069834 0.1298873 0.1076083 0.1465044 0.1046920 0.0665538 0.1454045 
Dasyuridae_Antechinus_stuartii               0.1019824 0.1078016 0.0631715 0.1224789 0.1239083 0.0245442 0.1260006 0.1098318 0.1266374 0.1010521 0.0269204 0.0444700 0.1069256 0.1599587 0.0254567 0.0231154 0.0160937 0.1176388 0.1201271 0.0953714 0.0967062 0.0951359 0.0000000 0.0773194 0.0744262 0.1272406 0.0953294 0.1203081 0.0954238 0.1244024 0.0247226 0.1308624 0.0969864 0.0623904 0.1261522 
Hypsiprymnodontidae_Hypsiprymnodon_moschatus 0.0891891 0.1140907 0.0537459 0.0804221 0.0831859 0.0903494 0.1052258 0.0915498 0.0851627 0.0849817 0.0929354 0.1071731 0.0889621 0.1451807 0.0958562 0.0861594 0.0771052 0.1267712 0.0829996 0.0810646 0.0915395 0.0933965 0.0773194 0.0000000 0.0593276 0.0909393 0.0797877 0.1014451 0.0739935 0.1009290 0.0917552 0.1304371 0.1047933 0.0728244 0.1548616 
Pseudochiridae_Petauroides_volans            0.0792903 0.0986493 0.0386297 0.1010068 0.1019694 0.0812300 0.0956666 0.0800693 0.1058603 0.0736721 0.0882161 0.1019119 0.0833420 0.1289376 0.0906358 0.0802453 0.0713816 0.1096480 0.0925845 0.0466025 0.0794255 0.0854742 0.0744262 0.0593276 0.0000000 0.1013022 0.0498307 0.0800293 0.0620284 0.0978040 0.0810006 0.1160953 0.0874215 0.0477512 0.1359973 
Macropodidae_Wallabia_bicolor                0.0903012 0.1089888 0.0877736 0.0375729 0.0502192 0.1404175 0.0944863 0.0840426 0.0466678 0.0786867 0.1360359 0.1481603 0.0807804 0.1368474 0.1412961 0.1369940 0.1072354 0.1186091 0.0291767 0.0849731 0.1351772 0.1397605 0.1272406 0.0909393 0.1013022 0.0000000 0.0820440 0.1035662 0.1021331 0.1005663 0.1433853 0.1276799 0.1531818 0.0903811 0.1337161 
Pseudochiridae_Pseudocheirus_occidentalis    0.0596877 0.0832944 0.0637239 0.0807416 0.0843750 0.1121658 0.0806226 0.0654856 0.0834185 0.0604245 0.1020563 0.1156230 0.0608842 0.0867793 0.1046134 0.1071532 0.0762993 0.0906861 0.0713957 0.0221636 0.0897870 0.0952018 0.0953294 0.0797877 0.0498307 0.0820440 0.0000000 0.0572444 0.0569043 0.0591962 0.1104425 0.0905501 0.1034145 0.0567861 0.0885710 
Tarsipedidae_Tarsipes_rostratus              0.0810207 0.0977224 0.0861347 0.1006898 0.1023319 0.1315647 0.0880682 0.0784765 0.1003650 0.0768078 0.1244290 0.1338158 0.0794885 0.1248059 0.1277365 0.1275051 0.0963337 0.1110100 0.0921691 0.0602003 0.1284412 0.1347976 0.1203081 0.1014451 0.0800293 0.1035662 0.0572444 0.0000000 0.0922706 0.0932978 0.1342990 0.1156542 0.1169366 0.0700006 0.1160606 
Acrobatidae_Distoechurus_pennatus            0.0730277 0.0989533 0.0600542 0.0910173 0.0990255 0.1079557 0.0929968 0.0762628 0.0927191 0.0669791 0.0929119 0.1028258 0.0718304 0.0970693 0.0964938 0.1042378 0.0899505 0.1122349 0.0910189 0.0592797 0.1023563 0.1069834 0.0954238 0.0739935 0.0620284 0.1021331 0.0569043 0.0922706 0.0000000 0.0865844 0.1048399 0.1220714 0.0709679 0.0554969 0.1179260 
Phalangeridae_Phalanger_carmelitae           0.0831117 0.1074605 0.0880563 0.0911221 0.0932984 0.1400721 0.0776419 0.0630122 0.0913615 0.0592438 0.1318578 0.1447725 0.0227793 0.1165040 0.1362130 0.1368951 0.0993982 0.1187554 0.0886365 0.0789846 0.1315131 0.1298873 0.1244024 0.1009290 0.0978040 0.1005663 0.0591962 0.0932978 0.0865844 0.0000000 0.1403984 0.1203067 0.1265786 0.0967126 0.1217729 
Dasyuridae_Dasyurus_geffroii                 0.1178165 0.1243532 0.0732798 0.1387805 0.1389608 0.0071053 0.1421233 0.1250536 0.1427164 0.1152935 0.0429097 0.0515546 0.1218692 0.1731177 0.0405935 0.0151041 0.0242242 0.1247768 0.1321374 0.1070094 0.1053000 0.1076083 0.0247226 0.0917552 0.0810006 0.1433853 0.1104425 0.1342990 0.1048399 0.1403984 0.0000000 0.1357746 0.1039971 0.0725891 0.1401257 
Peramelidae_Perameles_gunnii                 0.1045050 0.1084876 0.0998872 0.1156599 0.1249885 0.1354935 0.1169618 0.1010112 0.1235358 0.0968064 0.1411752 0.1461438 0.1030408 0.1471934 0.1425466 0.1338130 0.1128335 0.0320321 0.1124931 0.0949158 0.1351432 0.1465044 0.1308624 0.1304371 0.1160953 0.1276799 0.0905501 0.1156542 0.1220714 0.1203067 0.1357746 0.0000000 0.0551096 0.0888843 0.0482179 
Peramelidae_Perameles_nasuta                 0.1246639 0.1316098 0.0771399 0.1523658 0.1445418 0.1037025 0.1553727 0.1310098 0.1474945 0.1251258 0.0811356 0.0793805 0.1294378 0.1472984 0.0830800 0.1040192 0.0703075 0.0690545 0.1379434 0.1006737 0.1080975 0.1046920 0.0969864 0.1047933 0.0874215 0.1531818 0.1034145 0.1169366 0.0709679 0.1265786 0.1039971 0.0551096 0.0000000 0.0694186 0.0845452 
Microbiotheriidae_Dromiciops_gliroides       0.0709401 0.0734509 0.0363993 0.0916018 0.0960840 0.0750061 0.0947524 0.0789768 0.0899962 0.0690281 0.0647410 0.0686721 0.0726542 0.0864767 0.0671027 0.0723880 0.0592155 0.0824867 0.0750116 0.0581016 0.0673249 0.0665538 0.0623904 0.0728244 0.0477512 0.0903811 0.0567861 0.0700006 0.0554969 0.0967126 0.0725891 0.0888843 0.0694186 0.0000000 0.1116367 
Peramelidae_Peroryctes_raffrayana            0.1189237 0.1189783 0.1258968 0.1165935 0.1323616 0.1398074 0.1450699 0.1211320 0.1271979 0.1168060 0.1411901 0.1549426 0.1119904 0.1138606 0.1435398 0.1384392 0.1038396 0.0511495 0.1165847 0.1008801 0.1507474 0.1454045 0.1261522 0.1548616 0.1359973 0.1337161 0.0885710 0.1160606 0.1179260 0.1217729 0.1401257 0.0482179 0.0845452 0.1116367 0.0000000 
