35
Burramyidae_Burramys_parvus                  0.0000000 0.1222088 0.0729020 0.0787266 0.0821123 0.1146312 0.0674101 0.0785234 0.0830259 0.1247499 0.0803418 0.1165340 0.1181876 0.0835126 0.0828923 0.1174331 0.1166427 0.1176525 0.0778167 0.1069034 0.1334771 0.1269733 0.1125268 0.0827129 0.0946962 0.0916850 0.0754382 0.0910329 0.1354400 0.0946923 0.0822205 0.1157736 0.1251816 0.1602715 0.1532654 
Notoryctidae_Notoryctes_typhlops             0.1222088 0.0000000 0.1016250 0.1055226 0.1024848 0.1136614 0.1016211 0.1141949 0.1101934 0.1224687 0.1149810 0.1187923 0.1200999 0.1177520 0.1032678 0.1202022 0.1175644 0.1232499 0.1051803 0.1290549 0.1187752 0.1130479 0.1105822 0.1106441 0.0922121 0.1096944 0.1016996 0.1096312 0.1520452 0.1174382 0.1166875 0.1155852 0.1227692 0.1210877 0.1210753 
Vombatidae_Lasiorhinus_latifrons             0.0729020 0.1016250 0.0000000 0.0618657 0.0626961 0.0956966 0.0604641 0.0697898 0.0636990 0.0978338 0.0691509 0.1000968 0.0970185 0.0721507 0.0623123 0.0988479 0.0975594 0.1001455 0.0612531 0.0889524 0.1196880 0.1091065 0.0937630 0.0713490 0.0770790 0.0737047 0.0581501 0.0707833 0.1145987 0.0813796 0.0700834 0.0958354 0.0995115 0.1184664 0.1139214 
Potoroidae_Bettongia_penicillata             0.0787266 0.1055226 0.0618657 0.0000000 0.0094490 0.0976803 0.0587818 0.0721202 0.0167282 0.1023152 0.0729614 0.1035324 0.1005519 0.0739872 0.0607234 0.1017182 0.1008692 0.1019233 0.0292862 0.0835888 0.1139996 0.1084284 0.0972115 0.0511965 0.0861467 0.0719409 0.0262639 0.0665373 0.1129577 0.0765765 0.0737333 0.1001732 0.1039207 0.1217530 0.1155461 
Potoroidae_Bettongia_lesueur                 0.0821123 0.1024848 0.0626961 0.0094490 0.0000000 0.0983506 0.0594371 0.0724984 0.0204446 0.1026080 0.0758896 0.1065650 0.1012837 0.0750554 0.0605457 0.1040977 0.1021532 0.1038676 0.0325027 0.0865242 0.1151136 0.1114351 0.0988938 0.0550063 0.0889609 0.0740207 0.0285420 0.0674690 0.1109717 0.0735721 0.0747188 0.1014715 0.1047538 0.1257957 0.1181144 
Dasyuridae_Dasyurus_maculatus                0.1146312 0.1136614 0.0956966 0.0976803 0.0983506 0.0000000 0.0930278 0.1016675 0.1036645 0.1153133 0.1051502 0.0217448 0.0288175 0.1045153 0.0953303 0.0225532 0.0066944 0.0293409 0.1003590 0.1190162 0.1231765 0.1193043 0.0183108 0.1009917 0.0916098 0.1095351 0.0949589 0.1052916 0.1446735 0.1161042 0.1040586 0.0055592 0.1166059 0.1354745 0.1291901 
Phalangeridae_Trichosurus_vulpecula          0.0674101 0.1016211 0.0604641 0.0587818 0.0594371 0.0930278 0.0000000 0.0288748 0.0614563 0.1003692 0.0285107 0.0979480 0.0954004 0.0319545 0.0574015 0.0987513 0.0932622 0.0984572 0.0567206 0.0843679 0.1091697 0.1056803 0.0981269 0.0600559 0.0762753 0.0658326 0.0523393 0.0662794 0.1027457 0.0698695 0.0304259 0.0945532 0.0997669 0.1151852 0.1122131 
Phalangeridae_Spilocuscus_maculatus          0.0785234 0.1141949 0.0697898 0.0721202 0.0724984 0.1016675 0.0288748 0.0000000 0.0753495 0.1158799 0.0323716 0.1078040 0.1020907 0.0145264 0.0658241 0.1075894 0.1040560 0.1062440 0.0690137 0.0935053 0.1225792 0.1195167 0.1080430 0.0740592 0.0883440 0.0782231 0.0640747 0.0764974 0.1195463 0.0846640 0.0140201 0.1043109 0.1165337 0.1359911 0.1304534 
Potoroidae_Aepyprymnus_rufescens             0.0830259 0.1101934 0.0636990 0.0167282 0.0204446 0.1036645 0.0614563 0.0753495 0.0000000 0.1060492 0.0756934 0.1085891 0.1051616 0.0783136 0.0649239 0.1072964 0.1064452 0.1045863 0.0295920 0.0883522 0.1184026 0.1109472 0.1043422 0.0557141 0.0902666 0.0752595 0.0258295 0.0677424 0.1160095 0.0797567 0.0774971 0.1057291 0.1081155 0.1237505 0.1174208 
Peramelidae_Perameles_nasuta                 0.1247499 0.1224687 0.0978338 0.1023152 0.1026080 0.1153133 0.1003692 0.1158799 0.1060492 0.0000000 0.1117649 0.1212212 0.1172426 0.1188297 0.1034888 0.1192782 0.1190844 0.1185594 0.1036672 0.1272505 0.1192409 0.1193224 0.1135701 0.1134175 0.0928208 0.1149507 0.0972555 0.1149743 0.1607847 0.1234110 0.1171659 0.1181697 0.0022786 0.0316132 0.0269707 
Phalangeridae_Strigocuscus_pelengensis       0.0803418 0.1149810 0.0691509 0.0729614 0.0758896 0.1051502 0.0285107 0.0323716 0.0756934 0.1117649 0.0000000 0.1102736 0.1062157 0.0346930 0.0684931 0.1095204 0.1075791 0.1100031 0.0697823 0.0973500 0.1216808 0.1195820 0.1118798 0.0767735 0.0884437 0.0814027 0.0660300 0.0805524 0.1198506 0.0883392 0.0331598 0.1078293 0.1115256 0.1293911 0.1234779 
Dasyuridae_Phascogale_tapoatafa              0.1165340 0.1187923 0.1000968 0.1035324 0.1065650 0.0217448 0.0979480 0.1078040 0.1085891 0.1212212 0.1102736 0.0000000 0.0303275 0.1112494 0.1021282 0.0066927 0.0194074 0.0342000 0.1042469 0.1250537 0.1254811 0.1226259 0.0112315 0.1063942 0.0957153 0.1128140 0.0999574 0.1121257 0.1507948 0.1193330 0.1101908 0.0221551 0.1229432 0.1410688 0.1374440 
Dasyuridae_Sminthopsis_macroura              0.1181876 0.1200999 0.0970185 0.1005519 0.1012837 0.0288175 0.0954004 0.1020907 0.1051616 0.1172426 0.1062157 0.0303275 0.0000000 0.1065656 0.0990586 0.0311695 0.0276119 0.0259206 0.1049380 0.1207136 0.1244014 0.1210682 0.0287451 0.1017141 0.0921290 0.1145235 0.0995590 0.1125478 0.1455327 0.1201086 0.1049763 0.0300508 0.1195631 0.1347488 0.1311516 
Phalangeridae_Phalanger_orientalis           0.0835126 0.1177520 0.0721507 0.0739872 0.0750554 0.1045153 0.0319545 0.0145264 0.0783136 0.1188297 0.0346930 0.1112494 0.1065656 0.0000000 0.0721252 0.1110424 0.1074737 0.1085327 0.0714079 0.0993455 0.1291219 0.1238425 0.1111109 0.0803902 0.0917764 0.0797765 0.0673146 0.0818023 0.1199821 0.0877551 0.0082935 0.1071851 0.1199210 0.1395598 0.1339627 
Acrobatidae_Acrobates_pygmaeus               0.0828923 0.1032678 0.0623123 0.0607234 0.0605457 0.0953303 0.0574015 0.0658241 0.0649239 0.1034888 0.0684931 0.1021282 0.0990586 0.0721252 0.0000000 0.1008158 0.0982071 0.1012254 0.0599415 0.0765760 0.1197062 0.1094025 0.1003488 0.0711165 0.0809430 0.0606918 0.0572737 0.0590264 0.1004722 0.0554034 0.0703819 0.0979511 0.1034684 0.1231118 0.1148136 
Dasyuridae_Phascogale_calura                 0.1174331 0.1202022 0.0988479 0.1017182 0.1040977 0.0225532 0.0987513 0.1075894 0.1072964 0.1192782 0.1095204 0.0066927 0.0311695 0.1110424 0.1008158 0.0000000 0.0210015 0.0342406 0.1024268 0.1241681 0.1293934 0.1256125 0.0124805 0.1067536 0.0948597 0.1123847 0.0976114 0.1111499 0.1504565 0.1179536 0.1099831 0.0229654 0.1210459 0.1398438 0.1362150 
Dasyuridae_Sarcophilus_harrisii              0.1166427 0.1175644 0.0975594 0.1008692 0.1021532 0.0066944 0.0932622 0.1040560 0.1064452 0.1190844 0.1075791 0.0194074 0.0276119 0.1074737 0.0982071 0.0210015 0.0000000 0.0293687 0.1026330 0.1220035 0.1241375 0.1201355 0.0178989 0.1021057 0.0913246 0.1109189 0.0978524 0.1094416 0.1476042 0.1159074 0.1064532 0.0070752 0.1202947 0.1376803 0.1330954 
Dasyuridae_Planigale_tenuirostris            0.1176525 0.1232499 0.1001455 0.1019233 0.1038676 0.0293409 0.0984572 0.1062440 0.1045863 0.1185594 0.1100031 0.0342000 0.0259206 0.1085327 0.1012254 0.0342406 0.0293687 0.0000000 0.1060690 0.1223839 0.1324460 0.1252577 0.0312302 0.1061301 0.0956981 0.1109182 0.1008648 0.1057550 0.1501239 0.1204197 0.1084416 0.0315792 0.1192702 0.1400123 0.1324926 
Macropodidae_Dorcopsulus_vanheurni           0.0778167 0.1051803 0.0612531 0.0292862 0.0325027 0.1003590 0.0567206 0.0690137 0.0295920 0.1036672 0.0697823 0.1042469 0.1049380 0.0714079 0.0599415 0.1024268 0.1026330 0.1060690 0.0000000 0.0862203 0.1134662 0.1007324 0.1012200 0.0500457 0.0824422 0.0702526 0.0122260 0.0661246 0.1115308 0.0784151 0.0716258 0.0999348 0.1041770 0.1226005 0.1162984 
Pseudochiridae_Pseudochirulus_forbesi        0.1069034 0.1290549 0.0889524 0.0835888 0.0865242 0.1190162 0.0843679 0.0935053 0.0883522 0.1272505 0.0973500 0.1250537 0.1207136 0.0993455 0.0765760 0.1241681 0.1220035 0.1223839 0.0862203 0.0000000 0.1432207 0.1367043 0.1229545 0.0907983 0.1081494 0.0593506 0.0816744 0.0339319 0.1119607 0.0935742 0.0972350 0.1211092 0.1289081 0.1248544 0.1194934 
Didelphidae_Didelphis_virginiana             0.1334771 0.1187752 0.1196880 0.1139996 0.1151136 0.1231765 0.1091697 0.1225792 0.1184026 0.1192409 0.1216808 0.1254811 0.1244014 0.1291219 0.1197062 0.1293934 0.1241375 0.1324460 0.1134662 0.1432207 0.0000000 0.0511930 0.1260329 0.1207080 0.1084209 0.1275186 0.1095096 0.1252884 0.1701148 0.1374434 0.1265084 0.1260207 0.1194613 0.1225500 0.1168796 
Marmosidae_Monodelphis_domestica             0.1269733 0.1130479 0.1091065 0.1084284 0.1114351 0.1193043 0.1056803 0.1195167 0.1109472 0.1193224 0.1195820 0.1226259 0.1210682 0.1238425 0.1094025 0.1256125 0.1201355 0.1252577 0.1007324 0.1367043 0.0511930 0.0000000 0.1195550 0.1120525 0.1030699 0.1247215 0.1028614 0.1206431 0.1601025 0.1263073 0.1207247 0.1221376 0.1200067 0.1299705 0.1199709 
Dasyuridae_Antechinus_stuartii               0.1125268 0.1105822 0.0937630 0.0972115 0.0988938 0.0183108 0.0981269 0.1080430 0.1043422 0.1135701 0.1118798 0.0112315 0.0287451 0.1111109 0.1003488 0.0124805 0.0178989 0.0312302 0.1012200 0.1229545 0.1260329 0.1195550 0.0000000 0.1035730 0.0951090 0.1104132 0.0973309 0.1095271 0.1445547 0.1131834 0.1106051 0.0200037 0.1157628 0.1374146 0.1328859 
Hypsiprymnodontidae_Hypsiprymnodon_moschatus 0.0827129 0.1106441 0.0713490 0.0511965 0.0550063 0.1009917 0.0600559 0.0740592 0.0557141 0.1134175 0.0767735 0.1063942 0.1017141 0.0803902 0.0711165 0.1067536 0.1021057 0.1061301 0.0500457 0.0907983 0.1207080 0.1120525 0.1035730 0.0000000 0.0885552 0.0769153 0.0477845 0.0745696 0.1177960 0.0835090 0.0782159 0.1035236 0.1140907 0.1229207 0.1199358 
Microbiotheriidae_Dromiciops_gliroides       0.0946962 0.0922121 0.0770790 0.0861467 0.0889609 0.0916098 0.0762753 0.0883440 0.0902666 0.0928208 0.0884437 0.0957153 0.0921290 0.0917764 0.0809430 0.0948597 0.0913246 0.0956981 0.0824422 0.1081494 0.1084209 0.1030699 0.0951090 0.0885552 0.0000000 0.0896092 0.0809817 0.0886404 0.1348435 0.0980470 0.0895484 0.0916752 0.0940288 0.1044931 0.1018855 
Pseudochiridae_Petauroides_volans            0.0916850 0.1096944 0.0737047 0.0719409 0.0740207 0.1095351 0.0658326 0.0782231 0.0752595 0.1149507 0.0814027 0.1128140 0.1145235 0.0797765 0.0606918 0.1123847 0.1109189 0.1109182 0.0702526 0.0593506 0.1275186 0.1247215 0.1104132 0.0769153 0.0896092 0.0000000 0.0678684 0.0432427 0.0950949 0.0814653 0.0790118 0.1111145 0.1155816 0.1282332 0.1252067 
Macropodidae_Wallabia_bicolor                0.0754382 0.1016996 0.0581501 0.0262639 0.0285420 0.0949589 0.0523393 0.0640747 0.0258295 0.0972555 0.0660300 0.0999574 0.0995590 0.0673146 0.0572737 0.0976114 0.0978524 0.1008648 0.0122260 0.0816744 0.1095096 0.1028614 0.0973309 0.0477845 0.0809817 0.0678684 0.0000000 0.0623776 0.1090566 0.0742812 0.0667611 0.0962191 0.0980948 0.1142702 0.1094346 
Pseudochiridae_Pseudocheirus_occidentalis    0.0910329 0.1096312 0.0707833 0.0665373 0.0674690 0.1052916 0.0662794 0.0764974 0.0677424 0.1149743 0.0805524 0.1121257 0.1125478 0.0818023 0.0590264 0.1111499 0.1094416 0.1057550 0.0661246 0.0339319 0.1252884 0.1206431 0.1095271 0.0745696 0.0886404 0.0432427 0.0623776 0.0000000 0.0990862 0.0774858 0.0793883 0.1079761 0.1165790 0.1334440 0.1233167 
Tarsipedidae_Tarsipes_rostratus              0.1354400 0.1520452 0.1145987 0.1129577 0.1109717 0.1446735 0.1027457 0.1195463 0.1160095 0.1607847 0.1198506 0.1507948 0.1455327 0.1199821 0.1004722 0.1504565 0.1476042 0.1501239 0.1115308 0.1119607 0.1701148 0.1601025 0.1445547 0.1177960 0.1348435 0.0950949 0.1090566 0.0990862 0.0000000 0.1138670 0.1189718 0.1472826 0.1621635 0.1771538 0.1658324 
Acrobatidae_Distoechurus_pennatus            0.0946923 0.1174382 0.0813796 0.0765765 0.0735721 0.1161042 0.0698695 0.0846640 0.0797567 0.1234110 0.0883392 0.1193330 0.1201086 0.0877551 0.0554034 0.1179536 0.1159074 0.1204197 0.0784151 0.0935742 0.1374434 0.1263073 0.1131834 0.0835090 0.0980470 0.0814653 0.0742812 0.0774858 0.1138670 0.0000000 0.0863869 0.1172713 0.1241820 0.1488089 0.1439344 
Phalangeridae_Phalanger_carmelitae           0.0822205 0.1166875 0.0700834 0.0737333 0.0747188 0.1040586 0.0304259 0.0140201 0.0774971 0.1171659 0.0331598 0.1101908 0.1049763 0.0082935 0.0703819 0.1099831 0.1064532 0.1084416 0.0716258 0.0972350 0.1265084 0.1207247 0.1106051 0.0782159 0.0895484 0.0790118 0.0667611 0.0793883 0.1189718 0.0863869 0.0000000 0.1067027 0.1182883 0.1389305 0.1333879 
Dasyuridae_Dasyurus_geffroii                 0.1157736 0.1155852 0.0958354 0.1001732 0.1014715 0.0055592 0.0945532 0.1043109 0.1057291 0.1181697 0.1078293 0.0221551 0.0300508 0.1071851 0.0979511 0.0229654 0.0070752 0.0315792 0.0999348 0.1211092 0.1260207 0.1221376 0.0200037 0.1035236 0.0916752 0.1111145 0.0962191 0.1079761 0.1472826 0.1172713 0.1067027 0.0000000 0.1193978 0.1371844 0.1307851 
Peramelidae_Perameles_gunnii                 0.1251816 0.1227692 0.0995115 0.1039207 0.1047538 0.1166059 0.0997669 0.1165337 0.1081155 0.0022786 0.1115256 0.1229432 0.1195631 0.1199210 0.1034684 0.1210459 0.1202947 0.1192702 0.1041770 0.1289081 0.1194613 0.1200067 0.1157628 0.1140907 0.0940288 0.1155816 0.0980948 0.1165790 0.1621635 0.1241820 0.1182883 0.1193978 0.0000000 0.0310547 0.0251798 
Peramelidae_Echymipera_kalubu                0.1602715 0.1210877 0.1184664 0.1217530 0.1257957 0.1354745 0.1151852 0.1359911 0.1237505 0.0316132 0.1293911 0.1410688 0.1347488 0.1395598 0.1231118 0.1398438 0.1376803 0.1400123 0.1226005 0.1248544 0.1225500 0.1299705 0.1374146 0.1229207 0.1044931 0.1282332 0.1142702 0.1334440 0.1771538 0.1488089 0.1389305 0.1371844 0.0310547 0.0000000 0.0240689 
Peramelidae_Peroryctes_raffrayana            0.1532654 0.1210753 0.1139214 0.1155461 0.1181144 0.1291901 0.1122131 0.1304534 0.1174208 0.0269707 0.1234779 0.1374440 0.1311516 0.1339627 0.1148136 0.1362150 0.1330954 0.1324926 0.1162984 0.1194934 0.1168796 0.1199709 0.1328859 0.1199358 0.1018855 0.1252067 0.1094346 0.1233167 0.1658324 0.1439344 0.1333879 0.1307851 0.0251798 0.0240689 0.0000000 
