37
Burramyidae_Burramys_parvus                  0.0000000 0.0915451 0.0786163 0.0882936 0.0916464 0.1405721 0.0772403 0.0881305 0.0913380 0.1348596 9.0000000 0.0678669 0.1439140 0.1445562 0.0692498 0.0989522 0.1472766 0.1457996 0.1496838 0.1374311 0.0833165 0.0845552 0.1229041 0.1256408 0.1473894 0.0854994 0.0916662 0.0700966 0.0915119 0.0819985 0.1106961 0.0859334 9.0000000 0.0692400 0.1266238 0.1455927 0.1329980 
Notoryctidae_Notoryctes_typhlops             0.0915451 0.0000000 0.0779196 0.0865618 0.0933188 0.1149116 0.0809356 0.0797702 0.0873625 0.1267809 0.0557160 0.0798209 0.1136012 0.1254263 0.0766484 0.1118345 0.1124995 0.1141196 0.1228127 0.1277915 0.0830676 0.0853023 0.1126011 0.1127969 0.1147206 0.0909092 0.0759779 0.0784669 0.0842825 0.0826415 0.1145121 0.0818095 0.0557160 0.0776705 0.1195805 0.1184761 0.1263956 
Vombatidae_Lasiorhinus_latifrons             0.0786163 0.0779196 0.0000000 0.0771482 0.0811577 0.1180250 0.0721581 0.0878338 0.0755743 0.1100124 0.0421876 0.0627415 0.1146651 0.1205967 0.0711287 0.0941979 0.1153353 0.1168148 0.1280923 0.1115833 0.0763805 0.0781815 0.1038265 0.0998545 0.1187782 0.0711254 0.0717486 0.0703454 0.0791933 0.0785934 0.1006780 0.0762765 0.0421876 0.0710047 0.1066318 0.1188389 0.1083150 
Potoroidae_Bettongia_penicillata             0.0882936 0.0865618 0.0771482 0.0000000 0.0039471 0.1279257 0.0897891 0.0968053 0.0149570 0.1258218 0.0652193 0.0660998 0.1355303 0.1384332 0.0811185 0.1060227 0.1369798 0.1331179 0.1491992 0.1303445 0.0255413 0.0926849 0.1151042 0.1183184 0.1341758 0.0498043 0.0984360 0.0818211 0.0251211 0.0898851 0.1204879 0.0865464 0.0652193 0.0808070 0.1235089 0.1361015 0.1250855 
Potoroidae_Bettongia_lesueur                 0.0916464 0.0933188 0.0811577 0.0039471 0.0000000 0.1320644 0.0933735 0.1002010 0.0172856 0.1290636 0.0696765 0.0704829 0.1397511 0.1426890 0.0839522 0.1106571 0.1412180 0.1373240 0.1498269 0.1345385 0.0272327 0.0956396 0.1181408 0.1215988 0.1383822 0.0531421 0.1027720 0.0838556 0.0267888 0.0928608 0.1230007 0.0868719 0.0696765 0.0836274 0.1276708 0.1394443 0.1283515 
Dasyuridae_Dasyurus_maculatus                0.1405721 0.1149116 0.1180250 0.1279257 0.1320644 0.0000000 0.1299070 0.1433122 0.1293890 0.1457164 0.0416392 0.1013436 0.0267416 0.0453686 0.1246420 0.1588961 0.0262192 0.0128511 0.0515247 0.1538411 0.1232307 0.1389267 0.1377844 0.1424415 0.0262366 0.1323124 0.1238241 0.1271226 0.1245752 0.1391308 0.1656092 0.1236721 0.0416392 0.1209825 0.1480092 0.0088531 0.1466265 
Phalangeridae_Trichosurus_vulpecula          0.0772403 0.0809356 0.0721581 0.0897891 0.0933735 0.1299070 0.0000000 0.0416020 0.0866858 0.1178491 0.0511107 0.0282308 0.1261219 0.1326710 0.0316704 0.0954882 0.1275151 0.1293608 0.1314567 0.1202145 0.0830624 0.0838145 0.1101616 0.1140933 0.1289980 0.0829034 0.0844088 0.0709683 0.0885462 0.0801295 0.1055299 0.0802629 0.0511107 0.0322378 0.1118677 0.1320184 0.1174127 
Phalangeridae_Spilocuscus_maculatus          0.0881305 0.0797702 0.0878338 0.0968053 0.1002010 0.1433122 0.0416020 0.0000000 0.0947830 0.1436688 0.0552761 0.0080072 0.1390666 0.1490815 0.0191556 0.1117904 0.1390666 0.1428826 0.1493262 0.1398131 0.0913517 0.0932901 0.1280758 0.1264756 0.1464999 0.0924971 0.0988688 0.0827801 0.0947638 0.0873937 0.1177312 0.1012383 0.0552761 0.0202986 0.1363804 0.1469841 0.1436387 
Potoroidae_Aepyprymnus_rufescens             0.0913380 0.0873625 0.0755743 0.0149570 0.0172856 0.1293890 0.0866858 0.0947830 0.0000000 0.1298398 0.0691731 0.0668611 0.1362175 0.1402383 0.0790515 0.1075729 0.1378221 0.1342583 0.1517939 0.1342159 0.0248201 0.0926482 0.1199293 0.1220453 0.1362265 0.0498043 0.1038409 0.0793973 0.0254232 0.0889422 0.1171432 0.0825157 0.0691731 0.0780353 0.1261960 0.1375649 0.1290585 
Peramelidae_Perameles_nasuta                 0.1348596 0.1267809 0.1100124 0.1258218 0.1290636 0.1457164 0.1178491 0.1436688 0.1298398 0.0000000 0.0421876 0.1258142 0.1486749 0.1558569 0.1237163 0.1449406 0.1486749 0.1494754 0.1523501 0.0268762 0.1203159 0.1250234 0.1392793 0.1437661 0.1497688 0.1267027 0.1127521 0.1176660 0.1243917 0.1303006 0.1365166 0.0973555 0.0421876 0.1225184 0.0259572 0.1489239 0.0009922 
Myrmecobiidae_Myrmecobius_fasciatus1         9.0000000 0.0557160 0.0421876 0.0652193 0.0696765 0.0416392 0.0511107 0.0552761 0.0691731 0.0421876 0.0000000 0.0441724 0.0337302 0.0259746 0.0513123 0.0461071 0.0376654 0.0416392 0.0230924 0.0421876 0.0691731 0.0507121 0.0591246 0.0782187 0.0416392 0.0473883 0.0431334 0.0431334 0.0647529 0.0486447 0.0552761 0.0720651 0.0000010 0.0507121 0.0426320 0.0460015 0.0387478 
Phalangeridae_Strigocuscus_pelengensis       0.0678669 0.0798209 0.0627415 0.0660998 0.0704829 0.1013436 0.0282308 0.0080072 0.0668611 0.1258142 0.0441724 0.0000000 0.0981417 0.1018835 0.0088203 0.0984573 0.1002738 0.1047507 0.1007492 0.1219773 0.0636203 0.0738243 0.1088269 0.1123446 0.1042028 0.0626209 0.0740319 0.0565431 0.0638326 0.0687893 0.0864981 0.0597860 0.0441724 0.0087991 0.1167754 0.1071209 0.1236431 
Dasyuridae_Phascogale_tapoatafa              0.1439140 0.1136012 0.1146651 0.1355303 0.1397511 0.0267416 0.1261219 0.1390666 0.1362175 0.1486749 0.0337302 0.0981417 0.0000000 0.0441849 0.1209379 0.1577272 0.0053686 0.0246811 0.0489518 0.1551480 0.1271893 0.1357658 0.1383430 0.1415560 0.0184486 0.1327633 0.1204117 0.1230887 0.1307124 0.1344675 0.1580206 0.1251516 0.0337302 0.1186744 0.1508386 0.0278306 0.1486966 
Dasyuridae_Sminthopsis_macroura              0.1445562 0.1254263 0.1205967 0.1384332 0.1426890 0.0453686 0.1326710 0.1490815 0.1402383 0.1558569 0.0259746 0.1018835 0.0441849 0.0000000 0.1280743 0.1598453 0.0447357 0.0443103 0.0400914 0.1649753 0.1364984 0.1473912 0.1508965 0.1548362 0.0453173 0.1303989 0.1279895 0.1325890 0.1394045 0.1448124 0.1701044 0.1353305 0.0259746 0.1250903 0.1591293 0.0459940 0.1561273 
Phalangeridae_Phalanger_orientalis           0.0692498 0.0766484 0.0711287 0.0811185 0.0839522 0.1246420 0.0316704 0.0191556 0.0790515 0.1237163 0.0513123 0.0088203 0.1209379 0.1280743 0.0000000 0.0929581 0.1223055 0.1247902 0.1294951 0.1233446 0.0782970 0.0802269 0.1115423 0.1143169 0.1272057 0.0779007 0.0853751 0.0663037 0.0799007 0.0750209 0.1029814 0.0800935 0.0513123 0.0034071 0.1169522 0.1281009 0.1233150 
Acrobatidae_Acrobates_pygmaeus               0.0989522 0.1118345 0.0941979 0.1060227 0.1106571 0.1588961 0.0954882 0.1117904 0.1075729 0.1449406 0.0461071 0.0984573 0.1577272 0.1598453 0.0929581 0.0000000 0.1577272 0.1635635 0.1733419 0.1486095 0.0985915 0.0875350 0.1399253 0.1420231 0.1523619 0.1107158 0.1102782 0.0790628 0.1058193 0.0839585 0.1122781 0.0743067 0.0461071 0.0922442 0.1395859 0.1643451 0.1435965 
Dasyuridae_Phascogale_calura                 0.1472766 0.1124995 0.1153353 0.1369798 0.1412180 0.0262192 0.1275151 0.1390666 0.1378221 0.1486749 0.0376654 0.1002738 0.0053686 0.0447357 0.1223055 0.1577272 0.0000000 0.0241610 0.0495803 0.1551480 0.1286106 0.1386061 0.1412291 0.1429957 0.0174278 0.1343456 0.1218298 0.1258556 0.1321510 0.1388036 0.1580206 0.1260792 0.0376654 0.1193537 0.1508386 0.0273060 0.1486966 
Dasyuridae_Sarcophilus_harrisii              0.1457996 0.1141196 0.1168148 0.1331179 0.1373240 0.0128511 0.1293608 0.1428826 0.1342583 0.1494754 0.0416392 0.1047507 0.0246811 0.0443103 0.1247902 0.1635635 0.0241610 0.0000000 0.0490018 0.1577936 0.1283520 0.1405274 0.1386743 0.1426155 0.0241649 0.1332847 0.1231084 0.1293779 0.1281441 0.1413187 0.1656092 0.1255407 0.0416392 0.1211257 0.1525083 0.0148903 0.1505218 
Dasyuridae_Planigale_tenuirostris            0.1496838 0.1228127 0.1280923 0.1491992 0.1498269 0.0515247 0.1314567 0.1493262 0.1517939 0.1523501 0.0230924 0.1007492 0.0489518 0.0400914 0.1294951 0.1733419 0.0495803 0.0490018 0.0000000 0.1669091 0.1417937 0.1494552 0.1530012 0.1499048 0.0470718 0.1468695 0.1307437 0.1454991 0.1480374 0.1501927 0.1818640 0.1467470 0.0230924 0.1277704 0.1604513 0.0509226 0.1572887 
Peramelidae_Echymipera_kalubu                0.1374311 0.1277915 0.1115833 0.1303445 0.1345385 0.1538411 0.1202145 0.1398131 0.1342159 0.0268762 0.0421876 0.1219773 0.1551480 0.1649753 0.1233446 0.1486095 0.1551480 0.1577936 0.1669091 0.0000000 0.1203358 0.1274841 0.1418149 0.1421880 0.1564676 0.1342926 0.1125895 0.1235114 0.1260961 0.1309378 0.1432828 0.1035391 0.0421876 0.1214459 0.0249616 0.1586484 0.0284424 
Macropodidae_Dorcopsulus_vanheurni           0.0833165 0.0830676 0.0763805 0.0255413 0.0272327 0.1232307 0.0830624 0.0913517 0.0248201 0.1203159 0.0691731 0.0636203 0.1271893 0.1364984 0.0782970 0.0985915 0.1286106 0.1283520 0.1417937 0.1203358 0.0000000 0.0865577 0.1128430 0.1133562 0.1272758 0.0453631 0.0940363 0.0752707 0.0095088 0.0837059 0.1107992 0.0777613 0.0691731 0.0767631 0.1163742 0.1298609 0.1186883 
Pseudochiridae_Pseudochirulus_forbesi        0.0845552 0.0853023 0.0781815 0.0926849 0.0956396 0.1389267 0.0838145 0.0932901 0.0926482 0.1250234 0.0507121 0.0738243 0.1357658 0.1473912 0.0802269 0.0875350 0.1386061 0.1405274 0.1494552 0.1274841 0.0865577 0.0000000 0.1194131 0.1136819 0.1379858 0.0922971 0.0914531 0.0372616 0.0886878 0.0209171 0.0846286 0.0747346 0.0507121 0.0800851 0.1154295 0.1441241 0.1226695 
Didelphidae_Didelphis_virginiana             0.1229041 0.1126011 0.1038265 0.1151042 0.1181408 0.1377844 0.1101616 0.1280758 0.1199293 0.1392793 0.0591246 0.1088269 0.1383430 0.1508965 0.1115423 0.1399253 0.1412291 0.1386743 0.1530012 0.1418149 0.1128430 0.1194131 0.0000000 0.0409985 0.1436687 0.1222256 0.1021167 0.1050826 0.1189631 0.1152897 0.1386745 0.1094161 0.0591246 0.1130547 0.1386907 0.1406785 0.1408092 
Marmosidae_Monodelphis_domestica             0.1256408 0.1127969 0.0998545 0.1183184 0.1215988 0.1424415 0.1140933 0.1264756 0.1220453 0.1437661 0.0782187 0.1123446 0.1415560 0.1548362 0.1143169 0.1420231 0.1429957 0.1426155 0.1499048 0.1421880 0.1133562 0.1136819 0.0409985 0.0000000 0.1454290 0.1251101 0.1056996 0.1062561 0.1164313 0.1140903 0.1368475 0.1109598 0.0782187 0.1141066 0.1399784 0.1462371 0.1417498 
Dasyuridae_Antechinus_stuartii               0.1473894 0.1147206 0.1187782 0.1341758 0.1383822 0.0262366 0.1289980 0.1464999 0.1362265 0.1497688 0.0416392 0.1042028 0.0184486 0.0453173 0.1272057 0.1523619 0.0174278 0.0241649 0.0470718 0.1564676 0.1272758 0.1379858 0.1436687 0.1454290 0.0000000 0.1344456 0.1228328 0.1281620 0.1292865 0.1395376 0.1605383 0.1226601 0.0416392 0.1235306 0.1504561 0.0283747 0.1492382 
Hypsiprymnodontidae_Hypsiprymnodon_moschatus 0.0854994 0.0909092 0.0711254 0.0498043 0.0531421 0.1323124 0.0829034 0.0924971 0.0498043 0.1267027 0.0473883 0.0626209 0.1327633 0.1303989 0.0779007 0.1107158 0.1343456 0.1332847 0.1468695 0.1342926 0.0453631 0.0922971 0.1222256 0.1251101 0.1344456 0.0000000 0.0946069 0.0804280 0.0466652 0.0877824 0.1082411 0.0773825 0.0473883 0.0763884 0.1299533 0.1372683 0.1267683 
Microbiotheriidae_Dromiciops_gliroides       0.0916662 0.0759779 0.0717486 0.0984360 0.1027720 0.1238241 0.0844088 0.0988688 0.1038409 0.1127521 0.0431334 0.0740319 0.1204117 0.1279895 0.0853751 0.1102782 0.1218298 0.1231084 0.1307437 0.1125895 0.0940363 0.0914531 0.1021167 0.1056996 0.1228328 0.0946069 0.0000000 0.0804061 0.0972111 0.0895723 0.1149240 0.0857504 0.0431334 0.0853160 0.1087888 0.1266274 0.1127681 
Pseudochiridae_Petauroides_volans            0.0700966 0.0784669 0.0703454 0.0818211 0.0838556 0.1271226 0.0709683 0.0827801 0.0793973 0.1176660 0.0431334 0.0565431 0.1230887 0.1325890 0.0663037 0.0790628 0.1258556 0.1293779 0.1454991 0.1235114 0.0752707 0.0372616 0.1050826 0.1062561 0.1281620 0.0804280 0.0804061 0.0000000 0.0773170 0.0335046 0.0763673 0.0675079 0.0431334 0.0662594 0.1148877 0.1321945 0.1159199 
Macropodidae_Wallabia_bicolor                0.0915119 0.0842825 0.0791933 0.0251211 0.0267888 0.1245752 0.0885462 0.0947638 0.0254232 0.1243917 0.0647529 0.0638326 0.1307124 0.1394045 0.0799007 0.1058193 0.1321510 0.1281441 0.1480374 0.1260961 0.0095088 0.0886878 0.1189631 0.1164313 0.1292865 0.0466652 0.0972111 0.0773170 0.0000000 0.0857016 0.1155772 0.0807624 0.0647529 0.0783486 0.1210383 0.1303867 0.1230049 
Pseudochiridae_Pseudocheirus_occidentalis    0.0819985 0.0826415 0.0785934 0.0898851 0.0928608 0.1391308 0.0801295 0.0873937 0.0889422 0.1303006 0.0486447 0.0687893 0.1344675 0.1448124 0.0750209 0.0839585 0.1388036 0.1413187 0.1501927 0.1309378 0.0837059 0.0209171 0.1152897 0.1140903 0.1395376 0.0877824 0.0895723 0.0335046 0.0857016 0.0000000 0.0869083 0.0769289 0.0486447 0.0749700 0.1202297 0.1442497 0.1278489 
Tarsipedidae_Tarsipes_rostratus              0.1106961 0.1145121 0.1006780 0.1204879 0.1230007 0.1656092 0.1055299 0.1177312 0.1171432 0.1365166 0.0552761 0.0864981 0.1580206 0.1701044 0.1029814 0.1122781 0.1580206 0.1656092 0.1818640 0.1432828 0.1107992 0.0846286 0.1386745 0.1368475 0.1605383 0.1082411 0.1149240 0.0763673 0.1155772 0.0869083 0.0000000 0.0951327 0.0552761 0.1014535 0.1373634 0.1667159 0.1352756 
Acrobatidae_Distoechurus_pennatus            0.0859334 0.0818095 0.0762765 0.0865464 0.0868719 0.1236721 0.0802629 0.1012383 0.0825157 0.0973555 0.0720651 0.0597860 0.1251516 0.1353305 0.0800935 0.0743067 0.1260792 0.1255407 0.1467470 0.1035391 0.0777613 0.0747346 0.1094161 0.1109598 0.1226601 0.0773825 0.0857504 0.0675079 0.0807624 0.0769289 0.0951327 0.0000000 0.0720651 0.0765835 0.0989844 0.1294712 0.1026771 
Myrmecobiidae_Myrmecobius_fasciatus2         9.0000000 0.0557160 0.0421876 0.0652193 0.0696765 0.0416392 0.0511107 0.0552761 0.0691731 0.0421876 0.0000010 0.0441724 0.0337302 0.0259746 0.0513123 0.0461071 0.0376654 0.0416392 0.0230924 0.0421876 0.0691731 0.0507121 0.0591246 0.0782187 0.0416392 0.0473883 0.0431334 0.0431334 0.0647529 0.0486447 0.0552761 0.0720651 0.0000000 0.0507121 0.0426320 0.0460015 0.0387478 
Phalangeridae_Phalanger_carmelitae           0.0692400 0.0776705 0.0710047 0.0808070 0.0836274 0.1209825 0.0322378 0.0202986 0.0780353 0.1225184 0.0507121 0.0087991 0.1186744 0.1250903 0.0034071 0.0922442 0.1193537 0.1211257 0.1277704 0.1214459 0.0767631 0.0800851 0.1130547 0.1141066 0.1235306 0.0763884 0.0853160 0.0662594 0.0783486 0.0749700 0.1014535 0.0765835 0.0507121 0.0000000 0.1137059 0.1245592 0.1222583 
Peramelidae_Peroryctes_raffrayana            0.1266238 0.1195805 0.1066318 0.1235089 0.1276708 0.1480092 0.1118677 0.1363804 0.1261960 0.0259572 0.0426320 0.1167754 0.1508386 0.1591293 0.1169522 0.1395859 0.1508386 0.1525083 0.1604513 0.0249616 0.1163742 0.1154295 0.1386907 0.1399784 0.1504561 0.1299533 0.1087888 0.1148877 0.1210383 0.1202297 0.1373634 0.0989844 0.0426320 0.1137059 0.0000000 0.1535525 0.0250741 
Dasyuridae_Dasyurus_geffroii                 0.1455927 0.1184761 0.1188389 0.1361015 0.1394443 0.0088531 0.1320184 0.1469841 0.1375649 0.1489239 0.0460015 0.1071209 0.0278306 0.0459940 0.1281009 0.1643451 0.0273060 0.0148903 0.0509226 0.1586484 0.1298609 0.1441241 0.1406785 0.1462371 0.0283747 0.1372683 0.1266274 0.1321945 0.1303867 0.1442497 0.1667159 0.1294712 0.0460015 0.1245592 0.1535525 0.0000000 0.1503337 
Peramelidae_Perameles_gunnii                 0.1329980 0.1263956 0.1083150 0.1250855 0.1283515 0.1466265 0.1174127 0.1436387 0.1290585 0.0009922 0.0387478 0.1236431 0.1486966 0.1561273 0.1233150 0.1435965 0.1486966 0.1505218 0.1572887 0.0284424 0.1186883 0.1226695 0.1408092 0.1417498 0.1492382 0.1267683 0.1127681 0.1159199 0.1230049 0.1278489 0.1352756 0.1026771 0.0387478 0.1222583 0.0250741 0.1503337 0.0000000 
