35
Burramyidae_Burramys_parvus                  0.0000000 0.0356842 0.0261542 0.0381924 0.0335733 0.0489401 0.0265687 0.0281589 0.0340827 0.0657004 0.0311155 0.0528916 0.0513719 0.0282407 0.0412301 0.0534565 0.0501027 0.0394644 0.0722220 0.0322656 0.0460961 0.0569280 0.0607019 0.0516083 0.0299466 0.0493988 0.0507915 0.0318576 0.0412193 0.0494566 0.0382062 0.0282399 0.0719004 0.0510509 0.0665656 
Notoryctidae_Notoryctes_typhlops             0.0356842 0.0000000 0.0385726 0.0469789 0.0462707 0.0540644 0.0415612 0.0445716 0.0448625 0.0519983 0.0493067 0.0558474 0.0579900 0.0450901 0.0449129 0.0569103 0.0566370 0.0534650 0.0548762 0.0441723 0.0493889 0.0619683 0.0562971 0.0563931 0.0424777 0.0455002 0.0547261 0.0431769 0.0472968 0.0600776 0.0432803 0.0471836 0.0562323 0.0545897 0.0524758 
Vombatidae_Lasiorhinus_latifrons             0.0261542 0.0385726 0.0000000 0.0415350 0.0399531 0.0484391 0.0296477 0.0321232 0.0386953 0.0654955 0.0343123 0.0504911 0.0534852 0.0334337 0.0408426 0.0510415 0.0478307 0.0382835 0.0705818 0.0357518 0.0498042 0.0525352 0.0587089 0.0494579 0.0351703 0.0465474 0.0487834 0.0357581 0.0448859 0.0524413 0.0395931 0.0347028 0.0683924 0.0486593 0.0651719 
Potoroidae_Bettongia_penicillata             0.0381924 0.0469789 0.0415350 0.0000000 0.0044947 0.0623856 0.0454626 0.0480634 0.0087045 0.0680666 0.0514371 0.0635901 0.0678063 0.0467996 0.0547456 0.0641996 0.0645537 0.0479596 0.0727217 0.0174352 0.0566328 0.0715729 0.0762892 0.0640803 0.0247419 0.0536357 0.0591752 0.0174042 0.0549558 0.0566916 0.0529570 0.0494827 0.0730011 0.0625985 0.0686924 
Potoroidae_Bettongia_lesueur                 0.0335733 0.0462707 0.0399531 0.0044947 0.0000000 0.0616590 0.0429090 0.0454746 0.0063467 0.0714827 0.0488002 0.0632852 0.0674794 0.0441670 0.0530484 0.0638909 0.0637381 0.0477894 0.0741962 0.0149243 0.0566137 0.0675427 0.0744255 0.0638427 0.0221428 0.0522323 0.0574119 0.0145310 0.0538195 0.0560443 0.0507573 0.0459849 0.0753538 0.0618633 0.0720995 
Dasyuridae_Dasyurus_maculatus                0.0489401 0.0540644 0.0484391 0.0623856 0.0616590 0.0000000 0.0476870 0.0498217 0.0616652 0.0761591 0.0449180 0.0115582 0.0158861 0.0489735 0.0514982 0.0127616 0.0045444 0.0154383 0.0724465 0.0595196 0.0681258 0.0641461 0.0578723 0.0113382 0.0573300 0.0540089 0.0622637 0.0594624 0.0653975 0.0697677 0.0591923 0.0502538 0.0752955 0.0069425 0.0752785 
Phalangeridae_Trichosurus_vulpecula          0.0265687 0.0415612 0.0296477 0.0454626 0.0429090 0.0476870 0.0000000 0.0113232 0.0425200 0.0722571 0.0150179 0.0530111 0.0550268 0.0117202 0.0411143 0.0526662 0.0495085 0.0408422 0.0745101 0.0388443 0.0506851 0.0603093 0.0640190 0.0516096 0.0385895 0.0546353 0.0511767 0.0370916 0.0464788 0.0497539 0.0435934 0.0132672 0.0759014 0.0489386 0.0718968 
Phalangeridae_Spilocuscus_maculatus          0.0281589 0.0445716 0.0321232 0.0480634 0.0454746 0.0498217 0.0113232 0.0000000 0.0447022 0.0718521 0.0110490 0.0546861 0.0558557 0.0078602 0.0440324 0.0543436 0.0516166 0.0427501 0.0750715 0.0413752 0.0473732 0.0570145 0.0634971 0.0528262 0.0411028 0.0563697 0.0492443 0.0400426 0.0426120 0.0527882 0.0448277 0.0093819 0.0762845 0.0506356 0.0714937 
Potoroidae_Aepyprymnus_rufescens             0.0340827 0.0448625 0.0386953 0.0087045 0.0063467 0.0616652 0.0425200 0.0447022 0.0000000 0.0710877 0.0475160 0.0642732 0.0675263 0.0433946 0.0541660 0.0648832 0.0638309 0.0462880 0.0732141 0.0141721 0.0566827 0.0658191 0.0725408 0.0648877 0.0213862 0.0523323 0.0574346 0.0137789 0.0538854 0.0556214 0.0513455 0.0460969 0.0728953 0.0613936 0.0717064 
Peramelidae_Perameles_nasuta                 0.0657004 0.0519983 0.0654955 0.0680666 0.0714827 0.0761591 0.0722571 0.0718521 0.0710877 0.0000000 0.0759560 0.0821555 0.0858640 0.0734311 0.0794507 0.0828449 0.0782534 0.0515144 0.0197594 0.0660095 0.0824606 0.1000785 0.0832371 0.0822814 0.0653216 0.0611865 0.0858211 0.0664213 0.0781871 0.0771759 0.0806559 0.0753802 0.0157502 0.0728115 0.0007391 
Phalangeridae_Strigocuscus_pelengensis       0.0311155 0.0493067 0.0343123 0.0514371 0.0488002 0.0449180 0.0150179 0.0110490 0.0475160 0.0759560 0.0000000 0.0502467 0.0514564 0.0114546 0.0394961 0.0494763 0.0468644 0.0401249 0.0710457 0.0441363 0.0518283 0.0557134 0.0578957 0.0480204 0.0452381 0.0544616 0.0452204 0.0432550 0.0479476 0.0565194 0.0467941 0.0130164 0.0727207 0.0456254 0.0755696 
Dasyuridae_Phascogale_tapoatafa              0.0528916 0.0558474 0.0504911 0.0635901 0.0632852 0.0115582 0.0530111 0.0546861 0.0642732 0.0821555 0.0502467 0.0000000 0.0164994 0.0542882 0.0560929 0.0033355 0.0132926 0.0145656 0.0779987 0.0614799 0.0679474 0.0652241 0.0655845 0.0100009 0.0595482 0.0623590 0.0630871 0.0615270 0.0653820 0.0713613 0.0621419 0.0555693 0.0808189 0.0153810 0.0817366 
Dasyuridae_Sminthopsis_macroura              0.0513719 0.0579900 0.0534852 0.0678063 0.0674794 0.0158861 0.0550268 0.0558557 0.0675263 0.0858640 0.0514564 0.0164994 0.0000000 0.0554583 0.0601103 0.0173099 0.0167944 0.0126918 0.0824782 0.0651983 0.0725146 0.0687569 0.0707177 0.0155519 0.0632990 0.0661093 0.0681801 0.0652482 0.0702475 0.0757707 0.0647173 0.0558351 0.0851853 0.0181944 0.0854235 
Phalangeridae_Phalanger_orientalis           0.0282407 0.0450901 0.0334337 0.0467996 0.0441670 0.0489735 0.0117202 0.0078602 0.0433946 0.0734311 0.0114546 0.0542882 0.0554583 0.0000000 0.0413274 0.0539451 0.0512226 0.0402292 0.0771759 0.0392246 0.0458852 0.0564403 0.0625681 0.0514760 0.0398776 0.0573878 0.0470771 0.0388129 0.0411976 0.0488766 0.0429978 0.0029622 0.0787689 0.0506877 0.0730635 
Acrobatidae_Acrobates_pygmaeus               0.0412301 0.0449129 0.0408426 0.0547456 0.0530484 0.0514982 0.0411143 0.0440324 0.0541660 0.0794507 0.0394961 0.0560929 0.0601103 0.0413274 0.0000000 0.0535837 0.0548530 0.0408123 0.0775641 0.0511953 0.0479519 0.0651906 0.0477505 0.0573157 0.0493927 0.0543249 0.0399046 0.0516384 0.0461640 0.0442622 0.0280174 0.0430960 0.0787923 0.0528445 0.0803509 
Dasyuridae_Phascogale_calura                 0.0534565 0.0569103 0.0510415 0.0641996 0.0638909 0.0127616 0.0526662 0.0543436 0.0648832 0.0828449 0.0494763 0.0033355 0.0173099 0.0539451 0.0535837 0.0000000 0.0137050 0.0141010 0.0768440 0.0620755 0.0667394 0.0678821 0.0648827 0.0104106 0.0601318 0.0639199 0.0613336 0.0621231 0.0661409 0.0695491 0.0605474 0.0552279 0.0815005 0.0158145 0.0824212 
Dasyuridae_Sarcophilus_harrisii              0.0501027 0.0566370 0.0478307 0.0645537 0.0637381 0.0045444 0.0495085 0.0516166 0.0638309 0.0782534 0.0468644 0.0132926 0.0167944 0.0512226 0.0548530 0.0137050 0.0000000 0.0154383 0.0758379 0.0609962 0.0703576 0.0656809 0.0651559 0.0119429 0.0592076 0.0570907 0.0644613 0.0615589 0.0668845 0.0696711 0.0593056 0.0524880 0.0785820 0.0057794 0.0778600 
Dasyuridae_Planigale_tenuirostris            0.0394644 0.0534650 0.0382835 0.0479596 0.0477894 0.0154383 0.0408422 0.0427501 0.0462880 0.0515144 0.0401249 0.0145656 0.0126918 0.0402292 0.0408123 0.0141010 0.0154383 0.0000000 0.0510778 0.0457131 0.0482852 0.0608782 0.0476852 0.0159170 0.0443236 0.0431446 0.0466318 0.0456508 0.0449556 0.0564665 0.0474932 0.0407411 0.0508159 0.0140442 0.0508963 
Peramelidae_Echymipera_kalubu                0.0722220 0.0548762 0.0705818 0.0727217 0.0741962 0.0724465 0.0745101 0.0750715 0.0732141 0.0197594 0.0710457 0.0779987 0.0824782 0.0771759 0.0775641 0.0768440 0.0758379 0.0510778 0.0000000 0.0686386 0.0860300 0.1026032 0.0805608 0.0797136 0.0680448 0.0590551 0.0777146 0.0685720 0.0842371 0.0821030 0.0825602 0.0791521 0.0133039 0.0681615 0.0196713 
Macropodidae_Dorcopsulus_vanheurni           0.0322656 0.0441723 0.0357518 0.0174352 0.0149243 0.0595196 0.0388443 0.0413752 0.0141721 0.0660095 0.0441363 0.0614799 0.0651983 0.0392246 0.0511953 0.0620755 0.0609962 0.0457131 0.0686386 0.0000000 0.0536371 0.0629151 0.0717383 0.0620425 0.0184579 0.0510393 0.0541539 0.0056021 0.0513078 0.0532063 0.0469534 0.0418731 0.0703948 0.0608078 0.0666362 
Pseudochiridae_Pseudochirulus_forbesi        0.0460961 0.0493889 0.0498042 0.0566328 0.0566137 0.0681258 0.0506851 0.0473732 0.0566827 0.0824606 0.0518283 0.0679474 0.0725146 0.0458852 0.0479519 0.0667394 0.0703576 0.0482852 0.0860300 0.0536371 0.0000000 0.0768601 0.0702847 0.0681931 0.0540626 0.0748313 0.0262646 0.0546249 0.0167512 0.0420535 0.0427888 0.0476980 0.0871790 0.0685374 0.0820286 
Didelphidae_Didelphis_virginiana             0.0569280 0.0619683 0.0525352 0.0715729 0.0675427 0.0641461 0.0603093 0.0570145 0.0658191 0.1000785 0.0557134 0.0652241 0.0687569 0.0564403 0.0651906 0.0678821 0.0656809 0.0608782 0.1026032 0.0629151 0.0768601 0.0000000 0.0441931 0.0683494 0.0609027 0.0716219 0.0722234 0.0638081 0.0687168 0.0758757 0.0673257 0.0582367 0.1007797 0.0662490 0.1000065 
Marmosidae_Monodelphis_domestica             0.0607019 0.0562971 0.0587089 0.0762892 0.0744255 0.0578723 0.0640190 0.0634971 0.0725408 0.0832371 0.0578957 0.0655845 0.0707177 0.0625681 0.0477505 0.0648827 0.0651559 0.0476852 0.0805608 0.0717383 0.0702847 0.0441931 0.0000000 0.0654582 0.0706458 0.0552181 0.0620393 0.0735566 0.0664337 0.0617978 0.0579576 0.0645439 0.0798443 0.0581267 0.0832671 
Dasyuridae_Antechinus_stuartii               0.0516083 0.0563931 0.0494579 0.0640803 0.0638427 0.0113382 0.0516096 0.0528262 0.0648877 0.0822814 0.0480204 0.0100009 0.0155519 0.0514760 0.0573157 0.0104106 0.0119429 0.0159170 0.0797136 0.0620425 0.0681931 0.0683494 0.0654582 0.0000000 0.0598530 0.0601536 0.0654978 0.0621786 0.0666391 0.0707635 0.0617792 0.0528410 0.0829922 0.0143905 0.0818545 
Hypsiprymnodontidae_Hypsiprymnodon_moschatus 0.0299466 0.0424777 0.0351703 0.0247419 0.0221428 0.0573300 0.0385895 0.0411028 0.0213862 0.0653216 0.0452381 0.0595482 0.0632990 0.0398776 0.0493927 0.0601318 0.0592076 0.0443236 0.0680448 0.0184579 0.0540626 0.0609027 0.0706458 0.0598530 0.0000000 0.0498091 0.0560719 0.0188636 0.0522377 0.0529203 0.0462378 0.0424628 0.0688867 0.0585568 0.0660320 
Microbiotheriidae_Dromiciops_gliroides       0.0493988 0.0455002 0.0465474 0.0536357 0.0522323 0.0540089 0.0546353 0.0563697 0.0523323 0.0611865 0.0544616 0.0623590 0.0661093 0.0573878 0.0543249 0.0639199 0.0570907 0.0431446 0.0590551 0.0510393 0.0748313 0.0716219 0.0552181 0.0601536 0.0498091 0.0000000 0.0630797 0.0521052 0.0671535 0.0652086 0.0632629 0.0574606 0.0579978 0.0507721 0.0618300 
Pseudochiridae_Petauroides_volans            0.0507915 0.0547261 0.0487834 0.0591752 0.0574119 0.0622637 0.0511767 0.0492443 0.0574346 0.0858211 0.0452204 0.0630871 0.0681801 0.0470771 0.0399046 0.0613336 0.0644613 0.0466318 0.0777146 0.0541539 0.0262646 0.0722234 0.0620393 0.0654978 0.0560719 0.0630797 0.0000000 0.0550728 0.0231984 0.0413762 0.0484490 0.0490113 0.0801767 0.0613689 0.0851986 
Macropodidae_Wallabia_bicolor                0.0318576 0.0431769 0.0357581 0.0174042 0.0145310 0.0594624 0.0370916 0.0400426 0.0137789 0.0664213 0.0432550 0.0615270 0.0652482 0.0388129 0.0516384 0.0621231 0.0615589 0.0456508 0.0685720 0.0056021 0.0546249 0.0638081 0.0735566 0.0621786 0.0188636 0.0521052 0.0550728 0.0000000 0.0518175 0.0536302 0.0474066 0.0414036 0.0704268 0.0607604 0.0670462 
Pseudochiridae_Pseudocheirus_occidentalis    0.0412193 0.0472968 0.0448859 0.0549558 0.0538195 0.0653975 0.0464788 0.0426120 0.0538854 0.0781871 0.0479476 0.0653820 0.0702475 0.0411976 0.0461640 0.0661409 0.0668845 0.0449556 0.0842371 0.0513078 0.0167512 0.0687168 0.0664337 0.0666391 0.0522377 0.0671535 0.0231984 0.0518175 0.0000000 0.0373330 0.0407852 0.0439287 0.0825375 0.0646696 0.0780614 
Tarsipedidae_Tarsipes_rostratus              0.0494566 0.0600776 0.0524413 0.0566916 0.0560443 0.0697677 0.0497539 0.0527882 0.0556214 0.0771759 0.0565194 0.0713613 0.0757707 0.0488766 0.0442622 0.0695491 0.0696711 0.0564665 0.0821030 0.0532063 0.0420535 0.0758757 0.0617978 0.0707635 0.0529203 0.0652086 0.0413762 0.0536302 0.0373330 0.0000000 0.0459885 0.0517668 0.0814054 0.0709575 0.0772924 
Acrobatidae_Distoechurus_pennatus            0.0382062 0.0432803 0.0395931 0.0529570 0.0507573 0.0591923 0.0435934 0.0448277 0.0513455 0.0806559 0.0467941 0.0621419 0.0647173 0.0429978 0.0280174 0.0605474 0.0593056 0.0474932 0.0825602 0.0469534 0.0427888 0.0673257 0.0579576 0.0617792 0.0462378 0.0632629 0.0484490 0.0474066 0.0407852 0.0459885 0.0000000 0.0447380 0.0848716 0.0620806 0.0808117 
Phalangeridae_Phalanger_carmelitae           0.0282399 0.0471836 0.0347028 0.0494827 0.0459849 0.0502538 0.0132672 0.0093819 0.0460969 0.0753802 0.0130164 0.0555693 0.0558351 0.0029622 0.0430960 0.0552279 0.0524880 0.0407411 0.0791521 0.0418731 0.0476980 0.0582367 0.0645439 0.0528410 0.0424628 0.0574606 0.0490113 0.0414036 0.0439287 0.0517668 0.0447380 0.0000000 0.0808607 0.0519917 0.0750021 
Peramelidae_Peroryctes_raffrayana            0.0719004 0.0562323 0.0683924 0.0730011 0.0753538 0.0752955 0.0759014 0.0762845 0.0728953 0.0157502 0.0727207 0.0808189 0.0851853 0.0787689 0.0787923 0.0815005 0.0785820 0.0508159 0.0133039 0.0703948 0.0871790 0.1007797 0.0798443 0.0829922 0.0688867 0.0579978 0.0801767 0.0704268 0.0825375 0.0814054 0.0848716 0.0808607 0.0000000 0.0697905 0.0156805 
Dasyuridae_Dasyurus_geffroii                 0.0510509 0.0545897 0.0486593 0.0625985 0.0618633 0.0069425 0.0489386 0.0506356 0.0613936 0.0728115 0.0456254 0.0153810 0.0181944 0.0506877 0.0528445 0.0158145 0.0057794 0.0140442 0.0681615 0.0608078 0.0685374 0.0662490 0.0581267 0.0143905 0.0585568 0.0507721 0.0613689 0.0607604 0.0646696 0.0709575 0.0620806 0.0519917 0.0697905 0.0000000 0.0719471 
Peramelidae_Perameles_gunnii                 0.0665656 0.0524758 0.0651719 0.0686924 0.0720995 0.0752785 0.0718968 0.0714937 0.0717064 0.0007391 0.0755696 0.0817366 0.0854235 0.0730635 0.0803509 0.0824212 0.0778600 0.0508963 0.0196713 0.0666362 0.0820286 0.1000065 0.0832671 0.0818545 0.0660320 0.0618300 0.0851986 0.0670462 0.0780614 0.0772924 0.0808117 0.0750021 0.0156805 0.0719471 0.0000000 
