37
Burramyidae_Burramys_parvus                  0.0000000 0.0728760 0.0467127 0.0430160 0.0424469 0.0647321 0.0390884 0.0420326 0.0476095 0.0632590 0.0446961 0.0657432 0.0690162 0.0434518 0.0488833 0.0618666 0.0677709 0.0292179 0.0672911 0.0421082 0.0474782 0.0997091 0.0990848 0.0736232 0.0447382 0.0575263 0.0464446 0.0432164 0.0440886 0.0605845 0.0483005 0.0434019 0.0647591 0.0666592 0.0660337 0.0446080 0.0446080 
Notoryctidae_Notoryctes_typhlops             0.0728760 0.0000000 0.0688414 0.0707997 0.0711446 0.0747978 0.0718360 0.0688387 0.0725127 0.0628508 0.0759749 0.0750657 0.0774840 0.0722175 0.0724478 0.0714314 0.0718628 0.0305502 0.0707715 0.0700879 0.0757551 0.1125986 0.1078058 0.0848228 0.0720709 0.0627584 0.0718964 0.0698473 0.0622553 0.0892301 0.0729753 0.0711084 0.0642623 0.0724466 0.0699261 0.0481386 0.0481386 
Vombatidae_Lasiorhinus_latifrons             0.0467127 0.0688414 0.0000000 0.0467458 0.0472960 0.0679819 0.0487077 0.0516691 0.0515809 0.0690205 0.0536937 0.0649637 0.0700631 0.0530842 0.0546109 0.0615001 0.0664755 0.0274161 0.0697612 0.0484546 0.0606034 0.0996473 0.0976008 0.0741388 0.0506797 0.0569887 0.0555099 0.0486772 0.0493857 0.0686144 0.0555561 0.0534947 0.0674928 0.0666932 0.0703147 0.0488716 0.0488716 
Potoroidae_Bettongia_penicillata             0.0430160 0.0707997 0.0467458 0.0000000 0.0063831 0.0681963 0.0422374 0.0430230 0.0074081 0.0670834 0.0484043 0.0697515 0.0700739 0.0464414 0.0470459 0.0643951 0.0698377 0.0288911 0.0724635 0.0145492 0.0491087 0.0974259 0.0974240 0.0761846 0.0241496 0.0559333 0.0464638 0.0153132 0.0396973 0.0568866 0.0456826 0.0476665 0.0666558 0.0697435 0.0704279 0.0581043 0.0581043 
Potoroidae_Bettongia_lesueur                 0.0424469 0.0711446 0.0472960 0.0063831 0.0000000 0.0663791 0.0414947 0.0423821 0.0120628 0.0665621 0.0461362 0.0665686 0.0694711 0.0443843 0.0473054 0.0625370 0.0655734 0.0287003 0.0688626 0.0172670 0.0478696 0.0980992 0.0996578 0.0731478 0.0266075 0.0556135 0.0462130 0.0163048 0.0370953 0.0577652 0.0444600 0.0451394 0.0622301 0.0670932 0.0702293 0.0581043 0.0581043 
Dasyuridae_Dasyurus_maculatus                0.0647321 0.0747978 0.0679819 0.0681963 0.0663791 0.0000000 0.0626781 0.0652748 0.0719786 0.0604959 0.0677541 0.0180857 0.0272862 0.0621709 0.0651912 0.0168777 0.0083969 0.0110830 0.0619837 0.0666356 0.0726305 0.0941740 0.0876613 0.0205402 0.0689242 0.0585547 0.0687343 0.0661412 0.0638249 0.0806977 0.0660840 0.0620598 0.0580814 0.0073640 0.0633717 0.0366459 0.0366459 
Phalangeridae_Trichosurus_vulpecula          0.0390884 0.0718360 0.0487077 0.0422374 0.0414947 0.0626781 0.0000000 0.0134286 0.0486980 0.0632814 0.0157964 0.0628451 0.0638237 0.0150335 0.0459085 0.0575940 0.0634265 0.0266186 0.0682927 0.0417209 0.0484838 0.0957176 0.0948033 0.0695547 0.0435062 0.0556401 0.0470529 0.0419485 0.0368271 0.0593418 0.0478385 0.0146735 0.0631916 0.0631510 0.0670301 0.0457594 0.0457594 
Phalangeridae_Spilocuscus_maculatus          0.0420326 0.0688387 0.0516691 0.0430230 0.0423821 0.0652748 0.0134286 0.0000000 0.0478545 0.0627932 0.0112235 0.0656322 0.0671644 0.0092959 0.0453699 0.0595788 0.0643975 0.0275799 0.0661898 0.0443474 0.0473625 0.0943761 0.0943114 0.0725842 0.0466777 0.0553313 0.0460356 0.0429815 0.0355311 0.0585973 0.0497398 0.0099517 0.0619930 0.0656679 0.0645719 0.0431430 0.0431430 
Potoroidae_Aepyprymnus_rufescens             0.0476095 0.0725127 0.0515809 0.0074081 0.0120628 0.0719786 0.0486980 0.0478545 0.0000000 0.0726035 0.0533103 0.0744596 0.0750976 0.0507272 0.0499027 0.0690393 0.0724376 0.0308901 0.0750130 0.0188189 0.0507260 0.1033649 0.1046348 0.0809851 0.0272179 0.0572121 0.0492238 0.0182332 0.0428364 0.0612061 0.0506162 0.0519803 0.0702825 0.0728876 0.0758992 0.0580083 0.0580083 
Peramelidae_Perameles_nasuta                 0.0632590 0.0628508 0.0690205 0.0670834 0.0665621 0.0604959 0.0632814 0.0627932 0.0726035 0.0000000 0.0670635 0.0583247 0.0622950 0.0636053 0.0643351 0.0577678 0.0615498 0.0254999 0.0152527 0.0687954 0.0697132 0.1076700 0.0970637 0.0738724 0.0663595 0.0592333 0.0663062 0.0688079 0.0564272 0.0821341 0.0627878 0.0639294 0.0118197 0.0593313 0.0006396 0.0427134 0.0427134 
Phalangeridae_Strigocuscus_pelengensis       0.0446961 0.0759749 0.0536937 0.0484043 0.0461362 0.0677541 0.0157964 0.0112235 0.0533103 0.0670635 0.0000000 0.0695490 0.0728528 0.0101204 0.0546465 0.0646158 0.0679600 0.0289292 0.0728610 0.0465086 0.0551093 0.0983189 0.0969739 0.0764175 0.0505438 0.0611998 0.0517931 0.0474181 0.0437342 0.0649583 0.0592739 0.0108244 0.0671282 0.0675624 0.0690446 0.0439826 0.0439826 
Dasyuridae_Phascogale_tapoatafa              0.0657432 0.0750657 0.0649637 0.0697515 0.0665686 0.0180857 0.0628451 0.0656322 0.0744596 0.0583247 0.0695490 0.0000000 0.0207260 0.0630140 0.0640042 0.0039237 0.0136287 0.0102696 0.0578078 0.0671200 0.0709411 0.0956924 0.0896249 0.0097757 0.0674464 0.0572990 0.0657196 0.0661270 0.0623219 0.0820549 0.0704350 0.0638071 0.0568378 0.0160940 0.0599743 0.0253284 0.0253284 
Dasyuridae_Sminthopsis_macroura              0.0690162 0.0774840 0.0700631 0.0700739 0.0694711 0.0272862 0.0638237 0.0671644 0.0750976 0.0622950 0.0728528 0.0207260 0.0000000 0.0655764 0.0662372 0.0183284 0.0225301 0.0090241 0.0623374 0.0696792 0.0713991 0.1015998 0.0947283 0.0211612 0.0682188 0.0606665 0.0656331 0.0685043 0.0585019 0.0828701 0.0714702 0.0663902 0.0584266 0.0244026 0.0647457 0.0371678 0.0371678 
Phalangeridae_Phalanger_orientalis           0.0434518 0.0722175 0.0530842 0.0464414 0.0443843 0.0621709 0.0150335 0.0092959 0.0507272 0.0636053 0.0101204 0.0630140 0.0655764 0.0000000 0.0496265 0.0571974 0.0626573 0.0264431 0.0678696 0.0461792 0.0492856 0.0984876 0.0992591 0.0693437 0.0449116 0.0565054 0.0479417 0.0455957 0.0388390 0.0612210 0.0545871 0.0023884 0.0633128 0.0650198 0.0662979 0.0454647 0.0454647 
Acrobatidae_Acrobates_pygmaeus               0.0488833 0.0724478 0.0546109 0.0470459 0.0473054 0.0651912 0.0459085 0.0453699 0.0499027 0.0643351 0.0546465 0.0640042 0.0662372 0.0496265 0.0000000 0.0622155 0.0639417 0.0273954 0.0693247 0.0499237 0.0431137 0.1000129 0.1016907 0.0749242 0.0450425 0.0597614 0.0438446 0.0484629 0.0371732 0.0589932 0.0267935 0.0486723 0.0629980 0.0638957 0.0672116 0.0455287 0.0455287 
Dasyuridae_Phascogale_calura                 0.0618666 0.0714314 0.0615001 0.0643951 0.0625370 0.0168777 0.0575940 0.0595788 0.0690393 0.0577678 0.0646158 0.0039237 0.0183284 0.0571974 0.0622155 0.0000000 0.0120843 0.0092189 0.0593508 0.0630147 0.0655702 0.0927730 0.0866405 0.0079619 0.0643816 0.0545431 0.0602938 0.0623535 0.0562916 0.0776742 0.0665358 0.0579898 0.0570361 0.0148709 0.0604277 0.0211449 0.0211449 
Dasyuridae_Sarcophilus_harrisii              0.0677709 0.0718628 0.0664755 0.0698377 0.0655734 0.0083969 0.0634265 0.0643975 0.0724376 0.0615498 0.0679600 0.0136287 0.0225301 0.0626573 0.0639417 0.0120843 0.0000000 0.0100419 0.0621330 0.0682762 0.0721701 0.0934358 0.0888406 0.0167641 0.0683923 0.0576870 0.0677852 0.0665908 0.0625592 0.0802624 0.0684604 0.0625451 0.0591453 0.0068397 0.0629458 0.0299121 0.0299121 
Dasyuridae_Planigale_tenuirostris            0.0292179 0.0305502 0.0274161 0.0288911 0.0287003 0.0110830 0.0266186 0.0275799 0.0308901 0.0254999 0.0289292 0.0102696 0.0090241 0.0264431 0.0273954 0.0092189 0.0100419 0.0000000 0.0263832 0.0286927 0.0293234 0.0383294 0.0357815 0.0092513 0.0273193 0.0228219 0.0289537 0.0287451 0.0206097 0.0333875 0.0231721 0.0268682 0.0259065 0.0110839 0.0273127 9.0000000 9.0000000 
Peramelidae_Echymipera_kalubu                0.0672911 0.0707715 0.0697612 0.0724635 0.0688626 0.0619837 0.0682927 0.0661898 0.0750130 0.0152527 0.0728610 0.0578078 0.0623374 0.0678696 0.0693247 0.0593508 0.0621330 0.0263832 0.0000000 0.0718663 0.0763152 0.1047363 0.0991647 0.0740774 0.0702224 0.0573078 0.0729465 0.0708549 0.0613829 0.0826839 0.0708761 0.0687550 0.0089708 0.0609695 0.0147022 0.0334557 0.0334557 
Macropodidae_Dorcopsulus_vanheurni           0.0421082 0.0700879 0.0484546 0.0145492 0.0172670 0.0666356 0.0417209 0.0443474 0.0188189 0.0687954 0.0465086 0.0671200 0.0696792 0.0461792 0.0499237 0.0630147 0.0682762 0.0286927 0.0718663 0.0000000 0.0506512 0.0971701 0.0931953 0.0736348 0.0267462 0.0535839 0.0498319 0.0078267 0.0436082 0.0612902 0.0530182 0.0469455 0.0672040 0.0684235 0.0708010 0.0580083 0.0580083 
Pseudochiridae_Pseudochirulus_forbesi        0.0474782 0.0757551 0.0606034 0.0491087 0.0478696 0.0726305 0.0484838 0.0473625 0.0507260 0.0697132 0.0551093 0.0709411 0.0713991 0.0492856 0.0431137 0.0655702 0.0721701 0.0293234 0.0763152 0.0506512 0.0000000 0.1040018 0.1009575 0.0792432 0.0514400 0.0637992 0.0223353 0.0496017 0.0101384 0.0512899 0.0465434 0.0510719 0.0706193 0.0713027 0.0736278 0.0577501 0.0577501 
Didelphidae_Didelphis_virginiana             0.0997091 0.1125986 0.0996473 0.0974259 0.0980992 0.0941740 0.0957176 0.0943761 0.1033649 0.1076700 0.0983189 0.0956924 0.1015998 0.0984876 0.1000129 0.0927730 0.0934358 0.0383294 0.1047363 0.0971701 0.1040018 0.0000000 0.0333332 0.1057860 0.1011600 0.0837835 0.0966008 0.0981208 0.0949744 0.1069852 0.1050445 0.0977885 0.1060643 0.0930597 0.1074793 0.0591885 0.0591885 
Marmosidae_Monodelphis_domestica             0.0990848 0.1078058 0.0976008 0.0974240 0.0996578 0.0876613 0.0948033 0.0943114 0.1046348 0.0970637 0.0969739 0.0896249 0.0947283 0.0992591 0.1016907 0.0866405 0.0888406 0.0357815 0.0991647 0.0931953 0.1009575 0.0333332 0.0000000 0.0965643 0.0965761 0.0871237 0.0952790 0.0970438 0.0895394 0.1081876 0.1118007 0.0984773 0.1028769 0.0876701 0.0979819 0.0632431 0.0632431 
Dasyuridae_Antechinus_stuartii               0.0736232 0.0848228 0.0741388 0.0761846 0.0731478 0.0205402 0.0695547 0.0725842 0.0809851 0.0738724 0.0764175 0.0097757 0.0211612 0.0693437 0.0749242 0.0079619 0.0167641 0.0092513 0.0740774 0.0736348 0.0792432 0.1057860 0.0965643 0.0000000 0.0737384 0.0619656 0.0748399 0.0738782 0.0675000 0.0945693 0.0824090 0.0703498 0.0714982 0.0200691 0.0752873 0.0460986 0.0460986 
Hypsiprymnodontidae_Hypsiprymnodon_moschatus 0.0447382 0.0720709 0.0506797 0.0241496 0.0266075 0.0689242 0.0435062 0.0466777 0.0272179 0.0663595 0.0505438 0.0674464 0.0682188 0.0449116 0.0450425 0.0643816 0.0683923 0.0273193 0.0702224 0.0267462 0.0514400 0.1011600 0.0965761 0.0737384 0.0000000 0.0566598 0.0486283 0.0280544 0.0433597 0.0635436 0.0514842 0.0460944 0.0644513 0.0696003 0.0695680 0.0723198 0.0723198 
Microbiotheriidae_Dromiciops_gliroides       0.0575263 0.0627584 0.0569887 0.0559333 0.0556135 0.0585547 0.0556401 0.0553313 0.0572121 0.0592333 0.0611998 0.0572990 0.0606665 0.0565054 0.0597614 0.0545431 0.0576870 0.0228219 0.0573078 0.0535839 0.0637992 0.0837835 0.0871237 0.0619656 0.0566598 0.0000000 0.0617998 0.0538313 0.0587476 0.0782458 0.0682092 0.0573925 0.0585476 0.0585996 0.0599673 0.0429618 0.0429618 
Pseudochiridae_Petauroides_volans            0.0464446 0.0718964 0.0555099 0.0464638 0.0462130 0.0687343 0.0470529 0.0460356 0.0492238 0.0663062 0.0517931 0.0657196 0.0656331 0.0479417 0.0438446 0.0602938 0.0677852 0.0289537 0.0729465 0.0498319 0.0223353 0.0966008 0.0952790 0.0748399 0.0486283 0.0617998 0.0000000 0.0482495 0.0180300 0.0489614 0.0457081 0.0497885 0.0655732 0.0673868 0.0697082 0.0529984 0.0529984 
Macropodidae_Wallabia_bicolor                0.0432164 0.0698473 0.0486772 0.0153132 0.0163048 0.0661412 0.0419485 0.0429815 0.0182332 0.0688079 0.0474181 0.0661270 0.0685043 0.0455957 0.0484629 0.0623535 0.0665908 0.0287451 0.0708549 0.0078267 0.0496017 0.0981208 0.0970438 0.0738782 0.0280544 0.0538313 0.0482495 0.0000000 0.0394573 0.0609464 0.0483491 0.0463494 0.0665824 0.0675724 0.0718546 0.0520339 0.0520339 
Pseudochiridae_Pseudocheirus_occidentalis    0.0440886 0.0622553 0.0493857 0.0396973 0.0370953 0.0638249 0.0368271 0.0355311 0.0428364 0.0564272 0.0437342 0.0623219 0.0585019 0.0388390 0.0371732 0.0562916 0.0625592 0.0206097 0.0613829 0.0436082 0.0101384 0.0949744 0.0895394 0.0675000 0.0433597 0.0587476 0.0180300 0.0394573 0.0000000 0.0458757 0.0422064 0.0388358 0.0568224 0.0627609 0.0576907 0.0637020 0.0637020 
Tarsipedidae_Tarsipes_rostratus              0.0605845 0.0892301 0.0686144 0.0568866 0.0577652 0.0806977 0.0593418 0.0585973 0.0612061 0.0821341 0.0649583 0.0820549 0.0828701 0.0612210 0.0589932 0.0776742 0.0802624 0.0333875 0.0826839 0.0612902 0.0512899 0.1069852 0.1081876 0.0945693 0.0635436 0.0782458 0.0489614 0.0609464 0.0458757 0.0000000 0.0569518 0.0615731 0.0787361 0.0806157 0.0830228 0.0420585 0.0420585 
Acrobatidae_Distoechurus_pennatus            0.0483005 0.0729753 0.0555561 0.0456826 0.0444600 0.0660840 0.0478385 0.0497398 0.0506162 0.0627878 0.0592739 0.0704350 0.0714702 0.0545871 0.0267935 0.0665358 0.0684604 0.0231721 0.0708761 0.0530182 0.0465434 0.1050445 0.1118007 0.0824090 0.0514842 0.0682092 0.0457081 0.0483491 0.0422064 0.0569518 0.0000000 0.0533405 0.0647279 0.0686212 0.0654539 0.0453528 0.0453528 
Phalangeridae_Phalanger_carmelitae           0.0434019 0.0711084 0.0534947 0.0476665 0.0451394 0.0620598 0.0146735 0.0099517 0.0519803 0.0639294 0.0108244 0.0638071 0.0663902 0.0023884 0.0486723 0.0579898 0.0625451 0.0268682 0.0687550 0.0469455 0.0510719 0.0977885 0.0984773 0.0703498 0.0460944 0.0573925 0.0497885 0.0463494 0.0388358 0.0615731 0.0533405 0.0000000 0.0637317 0.0639892 0.0671514 0.0454647 0.0454647 
Peramelidae_Peroryctes_raffrayana            0.0647591 0.0642623 0.0674928 0.0666558 0.0622301 0.0580814 0.0631916 0.0619930 0.0702825 0.0118197 0.0671282 0.0568378 0.0584266 0.0633128 0.0629980 0.0570361 0.0591453 0.0259065 0.0089708 0.0672040 0.0706193 0.1060643 0.1028769 0.0714982 0.0644513 0.0585476 0.0655732 0.0665824 0.0568224 0.0787361 0.0647279 0.0637317 0.0000000 0.0575886 0.0108693 0.0453646 0.0453646 
Dasyuridae_Dasyurus_geffroii                 0.0666592 0.0724466 0.0666932 0.0697435 0.0670932 0.0073640 0.0631510 0.0656679 0.0728876 0.0593313 0.0675624 0.0160940 0.0244026 0.0650198 0.0638957 0.0148709 0.0068397 0.0110839 0.0609695 0.0684235 0.0713027 0.0930597 0.0876701 0.0200691 0.0696003 0.0585996 0.0673868 0.0675724 0.0627609 0.0806157 0.0686212 0.0639892 0.0575886 0.0000000 0.0613868 0.0297376 0.0297376 
Peramelidae_Perameles_gunnii                 0.0660337 0.0699261 0.0703147 0.0704279 0.0702293 0.0633717 0.0670301 0.0645719 0.0758992 0.0006396 0.0690446 0.0599743 0.0647457 0.0662979 0.0672116 0.0604277 0.0629458 0.0273127 0.0147022 0.0708010 0.0736278 0.1074793 0.0979819 0.0752873 0.0695680 0.0599673 0.0697082 0.0718546 0.0576907 0.0830228 0.0654539 0.0671514 0.0108693 0.0613868 0.0000000 0.0404465 0.0404465 
Myrmecobiidae_Myrmecobius_fasciatus1         0.0446080 0.0481386 0.0488716 0.0581043 0.0581043 0.0366459 0.0457594 0.0431430 0.0580083 0.0427134 0.0439826 0.0253284 0.0371678 0.0454647 0.0455287 0.0211449 0.0299121 9.0000000 0.0334557 0.0580083 0.0577501 0.0591885 0.0632431 0.0460986 0.0723198 0.0429618 0.0529984 0.0520339 0.0637020 0.0420585 0.0453528 0.0454647 0.0453646 0.0297376 0.0404465 0.0000000 0.0000010 
Myrmecobiidae_Myrmecobius_fasciatus2         0.0446080 0.0481386 0.0488716 0.0581043 0.0581043 0.0366459 0.0457594 0.0431430 0.0580083 0.0427134 0.0439826 0.0253284 0.0371678 0.0454647 0.0455287 0.0211449 0.0299121 9.0000000 0.0334557 0.0580083 0.0577501 0.0591885 0.0632431 0.0460986 0.0723198 0.0429618 0.0529984 0.0520339 0.0637020 0.0420585 0.0453528 0.0454647 0.0453646 0.0297376 0.0404465 0.0000010 0.0000000 
