35
Burramyidae_Burramys_parvus                  0.0000000 0.1029679 0.0778337 0.0694240 0.0707023 0.1079139 0.0577247 0.0662208 0.0688087 0.1122627 0.0622007 0.1080777 0.1111317 0.0603875 0.0657120 0.1082297 0.1092213 0.1078387 0.0685262 0.0751853 0.1240909 0.1082990 0.0702475 0.0901345 0.0700636 0.0734787 0.0807450 0.0652224 0.0601461 0.1096710 0.1110213 0.1119189 0.1147881 0.1285055 0.0697484 
Notoryctidae_Notoryctes_typhlops             0.1029679 0.0000000 0.1031676 0.1097791 0.1101264 0.1230607 0.0980846 0.1076473 0.1113269 0.1326454 0.1012083 0.1223351 0.1266782 0.1020957 0.1081011 0.1233264 0.1199045 0.1310489 0.1054880 0.1127021 0.1446291 0.1194118 0.1062419 0.1088093 0.1105651 0.1108960 0.1117568 0.1049004 0.1020056 0.1272645 0.1242666 0.1304422 0.1257759 0.1549889 0.1074745 
Vombatidae_Lasiorhinus_latifrons             0.0778337 0.1031676 0.0000000 0.0846498 0.0856132 0.1067777 0.0697877 0.0801293 0.0858932 0.1154008 0.0725513 0.1087376 0.1080211 0.0709454 0.0766233 0.1069828 0.1075820 0.1096486 0.0794330 0.0860161 0.1311758 0.1051641 0.0803469 0.0955709 0.0844998 0.0868841 0.0945142 0.0794962 0.0708848 0.1097914 0.1080211 0.1137043 0.1054551 0.1352937 0.0750598 
Potoroidae_Bettongia_penicillata             0.0694240 0.1097791 0.0846498 0.0000000 0.0051575 0.1135013 0.0700632 0.0779126 0.0156958 0.1234952 0.0731154 0.1157083 0.1157921 0.0747072 0.0734988 0.1125470 0.1154310 0.1188348 0.0248051 0.0820002 0.1257346 0.1145057 0.0454218 0.0999741 0.0738147 0.0812607 0.0891281 0.0753383 0.0746915 0.1214981 0.1143825 0.1223086 0.1231153 0.1339802 0.0250678 
Potoroidae_Bettongia_lesueur                 0.0707023 0.1101264 0.0856132 0.0051575 0.0000000 0.1146626 0.0720310 0.0804726 0.0172347 0.1266806 0.0753720 0.1175681 0.1160684 0.0765166 0.0722041 0.1139736 0.1164065 0.1200351 0.0262573 0.0828840 0.1254473 0.1156996 0.0470989 0.1003330 0.0743114 0.0817521 0.0898973 0.0759373 0.0760145 0.1225510 0.1155667 0.1238257 0.1231978 0.1333496 0.0256068 
Dasyuridae_Dasyurus_maculatus                0.1079139 0.1230607 0.1067777 0.1135013 0.1146626 0.0000000 0.1044968 0.1106899 0.1156062 0.1385197 0.1040174 0.0227983 0.0316818 0.1043814 0.1049881 0.0114538 0.0299686 0.1293457 0.1107332 0.1216012 0.1564000 0.0211763 0.1141185 0.1121026 0.1173023 0.1211359 0.1198193 0.1074621 0.1045032 0.1305359 0.0071986 0.1351785 0.0195198 0.1624953 0.1134569 
Phalangeridae_Trichosurus_vulpecula          0.0577247 0.0980846 0.0697877 0.0700632 0.0720310 0.1044968 0.0000000 0.0289109 0.0709937 0.1100138 0.0260781 0.1083539 0.1077783 0.0249540 0.0645344 0.1067188 0.1053292 0.1063217 0.0677980 0.0709395 0.1215877 0.1052303 0.0702122 0.0874809 0.0667704 0.0685039 0.0778445 0.0647834 0.0253176 0.1076801 0.1081179 0.1096323 0.1077739 0.1260187 0.0697366 
Phalangeridae_Spilocuscus_maculatus          0.0662208 0.1076473 0.0801293 0.0779126 0.0804726 0.1106899 0.0289109 0.0000000 0.0784834 0.1233670 0.0177420 0.1133391 0.1134400 0.0173194 0.0731112 0.1100706 0.1093345 0.1175478 0.0763804 0.0801760 0.1339167 0.1098934 0.0733131 0.0946333 0.0766796 0.0787262 0.0848792 0.0712779 0.0176811 0.1212499 0.1134385 0.1211130 0.1150418 0.1408651 0.0784510 
Potoroidae_Aepyprymnus_rufescens             0.0688087 0.1113269 0.0858932 0.0156958 0.0172347 0.1156062 0.0709937 0.0784834 0.0000000 0.1236751 0.0738502 0.1193886 0.1165599 0.0748103 0.0738910 0.1153923 0.1168852 0.1184800 0.0275071 0.0804065 0.1252051 0.1169248 0.0462689 0.0982786 0.0748705 0.0795282 0.0890876 0.0740354 0.0749971 0.1216978 0.1152653 0.1218879 0.1250858 0.1312994 0.0278603 
Peramelidae_Perameles_nasuta                 0.1122627 0.1326454 0.1154008 0.1234952 0.1266806 0.1385197 0.1100138 0.1233670 0.1236751 0.0000000 0.1178654 0.1368766 0.1412105 0.1177622 0.1162282 0.1378284 0.1386097 0.0244621 0.1232182 0.1291134 0.1544004 0.1393052 0.1201887 0.1194934 0.1238945 0.1221917 0.1315181 0.1189781 0.1173823 0.0251862 0.1419535 0.0014295 0.1345538 0.1607617 0.1152990 
Phalangeridae_Strigocuscus_pelengensis       0.0622007 0.1012083 0.0725513 0.0731154 0.0753720 0.1040174 0.0260781 0.0177420 0.0738502 0.1178654 0.0000000 0.1075152 0.1071504 0.0129281 0.0686783 0.1040831 0.1034637 0.1119518 0.0696787 0.0739488 0.1265981 0.1039605 0.0698126 0.0897029 0.0707000 0.0741955 0.0821068 0.0654986 0.0129127 0.1147002 0.1067017 0.1163036 0.1085169 0.1322715 0.0720992 
Dasyuridae_Phascogale_tapoatafa              0.1080777 0.1223351 0.1087376 0.1157083 0.1175681 0.0227983 0.1083539 0.1133391 0.1193886 0.1368766 0.1075152 0.0000000 0.0288282 0.1065527 0.1062536 0.0216494 0.0253319 0.1311633 0.1138825 0.1227141 0.1561667 0.0087364 0.1157708 0.1139008 0.1204497 0.1213427 0.1218409 0.1107324 0.1063936 0.1309115 0.0224590 0.1352500 0.0042574 0.1595909 0.1180409 
Dasyuridae_Sminthopsis_macroura              0.1111317 0.1266782 0.1080211 0.1157921 0.1160684 0.0316818 0.1077783 0.1134400 0.1165599 0.1412105 0.1071504 0.0288282 0.0000000 0.1065028 0.1098548 0.0303763 0.0212872 0.1345905 0.1133416 0.1256355 0.1581371 0.0280355 0.1151869 0.1127185 0.1214455 0.1231975 0.1240251 0.1104151 0.1066228 0.1337769 0.0307760 0.1371352 0.0284999 0.1676250 0.1180301 
Phalangeridae_Phalanger_orientalis           0.0603875 0.1020957 0.0709454 0.0747072 0.0765166 0.1043814 0.0249540 0.0173194 0.0748103 0.1177622 0.0129281 0.1065527 0.1065028 0.0000000 0.0672294 0.1042616 0.1033900 0.1124152 0.0708719 0.0732818 0.1251877 0.1035574 0.0694713 0.0883768 0.0697136 0.0731646 0.0798114 0.0646442 0.0039618 0.1141411 0.1070263 0.1159685 0.1108954 0.1335734 0.0739126 
Acrobatidae_Acrobates_pygmaeus               0.0657120 0.1081011 0.0766233 0.0734988 0.0722041 0.1049881 0.0645344 0.0731112 0.0738910 0.1162282 0.0686783 0.1062536 0.1098548 0.0672294 0.0000000 0.1051181 0.1062056 0.1101602 0.0697109 0.0610238 0.1284323 0.1026044 0.0705417 0.0887010 0.0563684 0.0597759 0.0698294 0.0328337 0.0676092 0.1117444 0.1071412 0.1127273 0.1068574 0.1303093 0.0705766 
Dasyuridae_Sarcophilus_harrisii              0.1082297 0.1233264 0.1069828 0.1125470 0.1139736 0.0114538 0.1067188 0.1100706 0.1153923 0.1378284 0.1040831 0.0216494 0.0303763 0.1042616 0.1051181 0.0000000 0.0290927 0.1302782 0.1110574 0.1199538 0.1580151 0.0196757 0.1117255 0.1120552 0.1167087 0.1196321 0.1201586 0.1066491 0.1048607 0.1306894 0.0116808 0.1345527 0.0186766 0.1643303 0.1125373 
Dasyuridae_Planigale_tenuirostris            0.1092213 0.1199045 0.1075820 0.1154310 0.1164065 0.0299686 0.1053292 0.1093345 0.1168852 0.1386097 0.1034637 0.0253319 0.0212872 0.1033900 0.1062056 0.0290927 0.0000000 0.1327119 0.1127817 0.1214815 0.1576858 0.0248043 0.1132079 0.1114987 0.1194940 0.1177644 0.1224857 0.1073916 0.1030309 0.1300707 0.0290979 0.1358117 0.0251298 0.1623407 0.1161333 
Peramelidae_Echymipera_kalubu                0.1078387 0.1310489 0.1096486 0.1188348 0.1200351 0.1293457 0.1063217 0.1175478 0.1184800 0.0244621 0.1119518 0.1311633 0.1345905 0.1124152 0.1101602 0.1302782 0.1327119 0.0000000 0.1144897 0.1222303 0.1486188 0.1317058 0.1189149 0.1173920 0.1170154 0.1163013 0.1263834 0.1110481 0.1127325 0.0160937 0.1315613 0.0245325 0.1294148 0.1517308 0.1072025 
Macropodidae_Dorcopsulus_vanheurni           0.0685262 0.1054880 0.0794330 0.0248051 0.0262573 0.1107332 0.0677980 0.0763804 0.0275071 0.1232182 0.0696787 0.1138825 0.1133416 0.0708719 0.0697109 0.1110574 0.1127817 0.1144897 0.0000000 0.0780034 0.1275134 0.1103410 0.0427157 0.0989800 0.0715669 0.0758391 0.0858229 0.0703595 0.0704352 0.1183341 0.1121366 0.1208553 0.1183085 0.1338338 0.0123278 
Pseudochiridae_Pseudochirulus_forbesi        0.0751853 0.1127021 0.0860161 0.0820002 0.0828840 0.1216012 0.0709395 0.0801760 0.0804065 0.1291134 0.0739488 0.1227141 0.1256355 0.0732818 0.0610238 0.1199538 0.1214815 0.1222303 0.0780034 0.0000000 0.1313783 0.1203191 0.0770326 0.0986750 0.0384566 0.0209185 0.0697075 0.0581378 0.0732728 0.1235832 0.1218605 0.1257897 0.1273827 0.1369748 0.0834575 
Marmosidae_Monodelphis_domestica             0.1240909 0.1446291 0.1311758 0.1257346 0.1254473 0.1564000 0.1215877 0.1339167 0.1252051 0.1544004 0.1265981 0.1561667 0.1581371 0.1251877 0.1284323 0.1580151 0.1576858 0.1486188 0.1275134 0.1313783 0.0000000 0.1573275 0.1242345 0.1294335 0.1289481 0.1279820 0.1412720 0.1278299 0.1242109 0.1473767 0.1573981 0.1520450 0.1590824 0.0366240 0.1241724 
Dasyuridae_Antechinus_stuartii               0.1082990 0.1194118 0.1051641 0.1145057 0.1156996 0.0211763 0.1052303 0.1098934 0.1169248 0.1393052 0.1039605 0.0087364 0.0280355 0.1035574 0.1026044 0.0196757 0.0248043 0.1317058 0.1103410 0.1203191 0.1573275 0.0000000 0.1131142 0.1119582 0.1176711 0.1196418 0.1183478 0.1068180 0.1036815 0.1296728 0.0208463 0.1359444 0.0088231 0.1628893 0.1138435 
Hypsiprymnodontidae_Hypsiprymnodon_moschatus 0.0702475 0.1062419 0.0803469 0.0454218 0.0470989 0.1141185 0.0702122 0.0733131 0.0462689 0.1201887 0.0698126 0.1157708 0.1151869 0.0694713 0.0705417 0.1117255 0.1132079 0.1189149 0.0427157 0.0770326 0.1242345 0.1131142 0.0000000 0.0963683 0.0735808 0.0737718 0.0822476 0.0710319 0.0688543 0.1184399 0.1152076 0.1184082 0.1229928 0.1301750 0.0433069 
Microbiotheriidae_Dromiciops_gliroides       0.0901345 0.1088093 0.0955709 0.0999741 0.1003330 0.1121026 0.0874809 0.0946333 0.0982786 0.1194934 0.0897029 0.1139008 0.1127185 0.0883768 0.0887010 0.1120552 0.1114987 0.1173920 0.0989800 0.0986750 0.1294335 0.1119582 0.0963683 0.0000000 0.0958952 0.0954583 0.1085964 0.0885242 0.0886685 0.1180901 0.1124375 0.1178806 0.1210038 0.1418343 0.1005360 
Pseudochiridae_Petauroides_volans            0.0700636 0.1105651 0.0844998 0.0738147 0.0743114 0.1173023 0.0667704 0.0766796 0.0748705 0.1238945 0.0707000 0.1204497 0.1214455 0.0697136 0.0563684 0.1167087 0.1194940 0.1170154 0.0715669 0.0384566 0.1289481 0.1176711 0.0735808 0.0958952 0.0000000 0.0405222 0.0704298 0.0570423 0.0693951 0.1192723 0.1198556 0.1208217 0.1207172 0.1323632 0.0735569 
Pseudochiridae_Pseudocheirus_occidentalis    0.0734787 0.1108960 0.0868841 0.0812607 0.0817521 0.1211359 0.0685039 0.0787262 0.0795282 0.1221917 0.0741955 0.1213427 0.1231975 0.0731646 0.0597759 0.1196321 0.1177644 0.1163013 0.0758391 0.0209185 0.1279820 0.1196418 0.0737718 0.0954583 0.0405222 0.0000000 0.0688716 0.0596426 0.0736110 0.1179816 0.1229271 0.1205175 0.1285613 0.1336440 0.0818242 
Tarsipedidae_Tarsipes_rostratus              0.0807450 0.1117568 0.0945142 0.0891281 0.0898973 0.1198193 0.0778445 0.0848792 0.0890876 0.1315181 0.0821068 0.1218409 0.1240251 0.0798114 0.0698294 0.1201586 0.1224857 0.1263834 0.0858229 0.0697075 0.1412720 0.1183478 0.0822476 0.1085964 0.0704298 0.0688716 0.0000000 0.0682158 0.0800397 0.1261772 0.1210812 0.1284782 0.1274995 0.1537784 0.0872936 
Acrobatidae_Distoechurus_pennatus            0.0652224 0.1049004 0.0794962 0.0753383 0.0759373 0.1074621 0.0647834 0.0712779 0.0740354 0.1189781 0.0654986 0.1107324 0.1104151 0.0646442 0.0328337 0.1066491 0.1073916 0.1110481 0.0703595 0.0581378 0.1278299 0.1068180 0.0710319 0.0885242 0.0570423 0.0596426 0.0682158 0.0000000 0.0650203 0.1121210 0.1089127 0.1153712 0.1086258 0.1303388 0.0703539 
Phalangeridae_Phalanger_carmelitae           0.0601461 0.1020056 0.0708848 0.0746915 0.0760145 0.1045032 0.0253176 0.0176811 0.0749971 0.1173823 0.0129127 0.1063936 0.1066228 0.0039618 0.0676092 0.1048607 0.1030309 0.1127325 0.0704352 0.0732728 0.1242109 0.1036815 0.0688543 0.0886685 0.0693951 0.0736110 0.0800397 0.0650203 0.0000000 0.1152983 0.1065767 0.1158012 0.1110384 0.1318543 0.0744861 
Peramelidae_Peroryctes_raffrayana            0.1096710 0.1272645 0.1097914 0.1214981 0.1225510 0.1305359 0.1076801 0.1212499 0.1216978 0.0251862 0.1147002 0.1309115 0.1337769 0.1141411 0.1117444 0.1306894 0.1300707 0.0160937 0.1183341 0.1235832 0.1473767 0.1296728 0.1184399 0.1180901 0.1192723 0.1179816 0.1261772 0.1121210 0.1152983 0.0000000 0.1316039 0.0250680 0.1280979 0.1516847 0.1099277 
Dasyuridae_Dasyurus_geffroii                 0.1110213 0.1242666 0.1080211 0.1143825 0.1155667 0.0071986 0.1081179 0.1134385 0.1152653 0.1419535 0.1067017 0.0224590 0.0307760 0.1070263 0.1071412 0.0116808 0.0290979 0.1315613 0.1121366 0.1218605 0.1573981 0.0208463 0.1152076 0.1124375 0.1198556 0.1229271 0.1210812 0.1089127 0.1065767 0.1316039 0.0000000 0.1383914 0.0191189 0.1612035 0.1150554 
Peramelidae_Perameles_gunnii                 0.1119189 0.1304422 0.1137043 0.1223086 0.1238257 0.1351785 0.1096323 0.1211130 0.1218879 0.0014295 0.1163036 0.1352500 0.1371352 0.1159685 0.1127273 0.1345527 0.1358117 0.0245325 0.1208553 0.1257897 0.1520450 0.1359444 0.1184082 0.1178806 0.1208217 0.1205175 0.1284782 0.1153712 0.1158012 0.0250680 0.1383914 0.0000000 0.1308864 0.1573984 0.1125974 
Dasyuridae_Phascogale_calura                 0.1147881 0.1257759 0.1054551 0.1231153 0.1231978 0.0195198 0.1077739 0.1150418 0.1250858 0.1345538 0.1085169 0.0042574 0.0284999 0.1108954 0.1068574 0.0186766 0.0251298 0.1294148 0.1183085 0.1273827 0.1590824 0.0088231 0.1229928 0.1210038 0.1207172 0.1285613 0.1274995 0.1086258 0.1110384 0.1280979 0.0191189 0.1308864 0.0000000 0.1623397 0.1165587 
Didelphidae_Didelphis_virginiana             0.1285055 0.1549889 0.1352937 0.1339802 0.1333496 0.1624953 0.1260187 0.1408651 0.1312994 0.1607617 0.1322715 0.1595909 0.1676250 0.1335734 0.1303093 0.1643303 0.1623407 0.1517308 0.1338338 0.1369748 0.0366240 0.1628893 0.1301750 0.1418343 0.1323632 0.1336440 0.1537784 0.1303388 0.1318543 0.1516847 0.1612035 0.1573984 0.1623397 0.0000000 0.1312508 
Macropodidae_Wallabia_bicolor                0.0697484 0.1074745 0.0750598 0.0250678 0.0256068 0.1134569 0.0697366 0.0784510 0.0278603 0.1152990 0.0720992 0.1180409 0.1180301 0.0739126 0.0705766 0.1125373 0.1161333 0.1072025 0.0123278 0.0834575 0.1241724 0.1138435 0.0433069 0.1005360 0.0735569 0.0818242 0.0872936 0.0703539 0.0744861 0.1099277 0.1150554 0.1125974 0.1165587 0.1312508 0.0000000 
