35
Burramyidae_Burramys_parvus                  0.0000000 0.0793207 0.0531898 0.0559809 0.0560061 0.0937973 0.0433137 0.0447650 0.0589085 0.1017175 0.0435105 0.0920970 0.0972870 0.0441063 0.0484060 0.0935710 0.0932725 0.0883215 0.0983207 0.0511201 0.0514334 0.1043490 0.1044435 0.0909438 0.0485151 0.0658001 0.0537649 0.0518505 0.0486784 0.0674498 0.0562769 0.0433911 0.0993333 0.0923352 0.1031928 
Notoryctidae_Notoryctes_typhlops             0.0793207 0.0000000 0.0839143 0.0860711 0.0879540 0.1016149 0.0825421 0.0828647 0.0910344 0.1252497 0.0812721 0.1011442 0.1099755 0.0817030 0.0793480 0.1017013 0.1002273 0.0994966 0.1206650 0.0853147 0.0859595 0.1268601 0.1287743 0.1037965 0.0833454 0.0793213 0.0846467 0.0867200 0.0838969 0.1001786 0.0897306 0.0819504 0.1198238 0.1002498 0.1244017 
Vombatidae_Lasiorhinus_latifrons             0.0531898 0.0839143 0.0000000 0.0616794 0.0627262 0.0934343 0.0529924 0.0572125 0.0651056 0.1064733 0.0545743 0.0895583 0.1009277 0.0555093 0.0592264 0.0917347 0.0914214 0.0916865 0.1055357 0.0600132 0.0593082 0.1086897 0.1014763 0.0915843 0.0597373 0.0698232 0.0552279 0.0643507 0.0559705 0.0767371 0.0629626 0.0550944 0.1069257 0.0914080 0.1066698 
Potoroidae_Bettongia_penicillata             0.0559809 0.0860711 0.0616794 0.0000000 0.0046215 0.0948291 0.0564161 0.0583031 0.0096591 0.1132760 0.0576920 0.0950476 0.1012795 0.0562768 0.0571683 0.0961578 0.0946936 0.0932009 0.1089457 0.0217379 0.0662785 0.1095271 0.1072153 0.0967600 0.0320025 0.0771065 0.0673398 0.0233469 0.0594945 0.0778580 0.0638814 0.0565330 0.1096880 0.0954265 0.1123989 
Potoroidae_Bettongia_lesueur                 0.0560061 0.0879540 0.0627262 0.0046215 0.0000000 0.0978929 0.0574460 0.0586655 0.0122024 0.1141779 0.0580554 0.0970112 0.1044166 0.0566359 0.0582075 0.0984852 0.0970121 0.0952477 0.1077804 0.0214540 0.0666689 0.1103709 0.1081868 0.0983204 0.0326326 0.0775098 0.0684278 0.0245596 0.0591815 0.0782559 0.0649341 0.0568919 0.1093117 0.0977412 0.1136672 
Dasyuridae_Dasyurus_maculatus                0.0937973 0.1016149 0.0934343 0.0948291 0.0978929 0.0000000 0.0855303 0.0873342 0.0980878 0.1252250 0.0883392 0.0208312 0.0438362 0.0861770 0.0889346 0.0214604 0.0049208 0.0352999 0.1189117 0.0918483 0.0950852 0.1364150 0.1310215 0.0229428 0.0942823 0.0956334 0.0910702 0.0927960 0.0891541 0.1050344 0.0923471 0.0856715 0.1175625 0.0032535 0.1250674 
Phalangeridae_Trichosurus_vulpecula          0.0433137 0.0825421 0.0529924 0.0564161 0.0574460 0.0855303 0.0000000 0.0150591 0.0559241 0.1019645 0.0157333 0.0834974 0.0933682 0.0164966 0.0488347 0.0842762 0.0861068 0.0805409 0.0955656 0.0546451 0.0523367 0.1025278 0.0917933 0.0826705 0.0502863 0.0689303 0.0552702 0.0547101 0.0527228 0.0695151 0.0537395 0.0150399 0.0998330 0.0853876 0.1019590 
Phalangeridae_Spilocuscus_maculatus          0.0447650 0.0828647 0.0572125 0.0583031 0.0586655 0.0873342 0.0150591 0.0000000 0.0581407 0.1052728 0.0102834 0.0853825 0.0937510 0.0107814 0.0483519 0.0861481 0.0879190 0.0815789 0.0998951 0.0554986 0.0555829 0.1047238 0.0938167 0.0845236 0.0531315 0.0699084 0.0585662 0.0562738 0.0515596 0.0694079 0.0559478 0.0093628 0.1027243 0.0871877 0.1055897 
Potoroidae_Aepyprymnus_rufescens             0.0589085 0.0910344 0.0651056 0.0096591 0.0122024 0.0980878 0.0559241 0.0581407 0.0000000 0.1123692 0.0581464 0.0953421 0.1008301 0.0561093 0.0598751 0.0968411 0.0975656 0.0923394 0.1076850 0.0242085 0.0690843 0.1126129 0.1051856 0.0966941 0.0340270 0.0797246 0.0705343 0.0258785 0.0622924 0.0808655 0.0673481 0.0563662 0.1074891 0.0986887 0.1119391 
Peramelidae_Perameles_nasuta                 0.1017175 0.1252497 0.1064733 0.1132760 0.1141779 0.1252250 0.1019645 0.1052728 0.1123692 0.0000000 0.1056914 0.1175449 0.1376949 0.1028817 0.1043431 0.1199679 0.1226069 0.1290824 0.0186806 0.1125445 0.1112342 0.1309354 0.1299861 0.1218310 0.1128955 0.1112651 0.1114654 0.1120049 0.1098620 0.1257221 0.1085376 0.1042488 0.0222304 0.1232259 0.0008467 
Phalangeridae_Strigocuscus_pelengensis       0.0435105 0.0812721 0.0545743 0.0576920 0.0580554 0.0883392 0.0157333 0.0102834 0.0581464 0.1056914 0.0000000 0.0863801 0.0919399 0.0091524 0.0482447 0.0871414 0.0889311 0.0815443 0.1010558 0.0554859 0.0563194 0.1023281 0.0929888 0.0854096 0.0524813 0.0696921 0.0579597 0.0563225 0.0518931 0.0692080 0.0556431 0.0077355 0.1038703 0.0881898 0.1051607 
Dasyuridae_Phascogale_tapoatafa              0.0920970 0.1011442 0.0895583 0.0950476 0.0970112 0.0208312 0.0834974 0.0853825 0.0953421 0.1175449 0.0863801 0.0000000 0.0402079 0.0842209 0.0874358 0.0041307 0.0184297 0.0351046 0.1160582 0.0911434 0.0946360 0.1343312 0.1248852 0.0117831 0.0912732 0.0954151 0.0905188 0.0935054 0.0871146 0.1050219 0.0936674 0.0840968 0.1119590 0.0196236 0.1188025 
Dasyuridae_Sminthopsis_macroura              0.0972870 0.1099755 0.1009277 0.1012795 0.1044166 0.0438362 0.0933682 0.0937510 0.1008301 0.1376949 0.0919399 0.0402079 0.0000000 0.0925452 0.0932879 0.0410014 0.0423421 0.0218077 0.1334864 0.0962449 0.1039588 0.1437010 0.1328922 0.0400399 0.1002443 0.1014466 0.1026888 0.1013356 0.0986396 0.1157051 0.1038695 0.0924074 0.1296097 0.0428162 0.1363879 
Phalangeridae_Phalanger_orientalis           0.0441063 0.0817030 0.0555093 0.0562768 0.0566359 0.0861770 0.0164966 0.0107814 0.0561093 0.1028817 0.0091524 0.0842209 0.0925452 0.0000000 0.0473418 0.0849073 0.0867575 0.0803325 0.0975110 0.0534825 0.0555454 0.1016067 0.0915349 0.0833799 0.0511121 0.0702385 0.0584737 0.0559140 0.0508168 0.0672385 0.0542445 0.0035384 0.1009314 0.0860327 0.1025806 
Acrobatidae_Acrobates_pygmaeus               0.0484060 0.0793480 0.0592264 0.0571683 0.0582075 0.0889346 0.0488347 0.0483519 0.0598751 0.1043431 0.0482447 0.0874358 0.0932879 0.0473418 0.0000000 0.0889817 0.0883541 0.0833508 0.1026459 0.0567461 0.0488107 0.1095151 0.1038213 0.0882065 0.0547949 0.0697744 0.0475556 0.0569049 0.0442211 0.0606564 0.0424184 0.0472847 0.1039797 0.0867324 0.1045432 
Dasyuridae_Phascogale_calura                 0.0935710 0.1017013 0.0917347 0.0961578 0.0984852 0.0214604 0.0842762 0.0861481 0.0968411 0.1199679 0.0871414 0.0041307 0.0410014 0.0849073 0.0889817 0.0000000 0.0191665 0.0346523 0.1170275 0.0920469 0.0960551 0.1365741 0.1278511 0.0130633 0.0928033 0.0958361 0.0937917 0.0945566 0.0895072 0.1076314 0.0951902 0.0848321 0.1128422 0.0202632 0.1205739 
Dasyuridae_Sarcophilus_harrisii              0.0932725 0.1002273 0.0914214 0.0946936 0.0970121 0.0049208 0.0861068 0.0879190 0.0975656 0.1226069 0.0889311 0.0184297 0.0423421 0.0867575 0.0883541 0.0191665 0.0000000 0.0343783 0.1187179 0.0913476 0.0949525 0.1331373 0.1299030 0.0212250 0.0933936 0.0935092 0.0909421 0.0925804 0.0882075 0.1059358 0.0936908 0.0862493 0.1154174 0.0043638 0.1231119 
Dasyuridae_Planigale_tenuirostris            0.0883215 0.0994966 0.0916865 0.0932009 0.0952477 0.0352999 0.0805409 0.0815789 0.0923394 0.1290824 0.0815443 0.0351046 0.0218077 0.0803325 0.0833508 0.0346523 0.0343783 0.0000000 0.1242485 0.0883801 0.0906462 0.1373382 0.1263205 0.0339943 0.0879992 0.0956703 0.0912965 0.0910801 0.0860777 0.1041012 0.0912814 0.0810282 0.1184420 0.0339176 0.1300224 
Peramelidae_Echymipera_kalubu                0.0983207 0.1206650 0.1055357 0.1089457 0.1077804 0.1189117 0.0955656 0.0998951 0.1076850 0.0186806 0.1010558 0.1160582 0.1334864 0.0975110 0.1026459 0.1170275 0.1187179 0.1242485 0.0000000 0.1070051 0.1086213 0.1327488 0.1349789 0.1204121 0.1045667 0.1091076 0.1106280 0.1093676 0.1062836 0.1212301 0.1051800 0.0981439 0.0145054 0.1186554 0.0191792 
Macropodidae_Dorcopsulus_vanheurni           0.0511201 0.0853147 0.0600132 0.0217379 0.0214540 0.0918483 0.0546451 0.0554986 0.0242085 0.1125445 0.0554859 0.0911434 0.0962449 0.0534825 0.0567461 0.0920469 0.0913476 0.0883801 0.1070051 0.0000000 0.0623684 0.1048537 0.1048083 0.0910551 0.0275391 0.0715136 0.0641591 0.0153803 0.0545068 0.0767505 0.0596968 0.0537416 0.1056703 0.0920890 0.1120933 
Pseudochiridae_Pseudochirulus_forbesi        0.0514334 0.0859595 0.0593082 0.0662785 0.0666689 0.0950852 0.0523367 0.0555829 0.0690843 0.1112342 0.0563194 0.0946360 0.1039588 0.0555454 0.0488107 0.0960551 0.0949525 0.0906462 0.1086213 0.0623684 0.0000000 0.1096106 0.1080815 0.0926629 0.0592130 0.0755663 0.0333035 0.0646804 0.0139028 0.0647554 0.0577921 0.0558125 0.1093527 0.0940703 0.1103108 
Didelphidae_Didelphis_virginiana             0.1043490 0.1268601 0.1086897 0.1095271 0.1103709 0.1364150 0.1025278 0.1047238 0.1126129 0.1309354 0.1023281 0.1343312 0.1437010 0.1016067 0.1095151 0.1365741 0.1331373 0.1373382 0.1327488 0.1048537 0.1096106 0.0000000 0.0544597 0.1350177 0.1075288 0.1117051 0.1137873 0.1081983 0.1051655 0.1271031 0.1145922 0.1029998 0.1281883 0.1353201 0.1318558 
Marmosidae_Monodelphis_domestica             0.1044435 0.1287743 0.1014763 0.1072153 0.1081868 0.1310215 0.0917933 0.0938167 0.1051856 0.1299861 0.0929888 0.1248852 0.1328922 0.0915349 0.1038213 0.1278511 0.1299030 0.1263205 0.1349789 0.1048083 0.1080815 0.0544597 0.0000000 0.1278706 0.1060708 0.1120529 0.1095982 0.1098713 0.1033394 0.1280448 0.1106843 0.0923119 0.1305101 0.1304103 0.1310950 
Dasyuridae_Antechinus_stuartii               0.0909438 0.1037965 0.0915843 0.0967600 0.0983204 0.0229428 0.0826705 0.0845236 0.0966941 0.1218310 0.0854096 0.0117831 0.0400399 0.0833799 0.0882065 0.0130633 0.0212250 0.0339943 0.1204121 0.0910551 0.0926629 0.1350177 0.1278706 0.0000000 0.0935647 0.0969715 0.0953261 0.0936383 0.0892845 0.1065652 0.0942607 0.0832588 0.1152191 0.0217372 0.1227216 
Hypsiprymnodontidae_Hypsiprymnodon_moschatus 0.0485151 0.0833454 0.0597373 0.0320025 0.0326326 0.0942823 0.0502863 0.0531315 0.0340270 0.1128955 0.0524813 0.0912732 0.1002443 0.0511121 0.0547949 0.0928033 0.0933936 0.0879992 0.1045667 0.0275391 0.0592130 0.1075288 0.1060708 0.0935647 0.0000000 0.0720368 0.0600969 0.0299322 0.0541236 0.0750374 0.0594221 0.0510431 0.1068141 0.0926257 0.1119623 
Microbiotheriidae_Dromiciops_gliroides       0.0658001 0.0793213 0.0698232 0.0771065 0.0775098 0.0956334 0.0689303 0.0699084 0.0797246 0.1112651 0.0696921 0.0954151 0.1014466 0.0702385 0.0697744 0.0958361 0.0935092 0.0956703 0.1091076 0.0715136 0.0755663 0.1117051 0.1120529 0.0969715 0.0720368 0.0000000 0.0771259 0.0752702 0.0688121 0.0899129 0.0779860 0.0690705 0.1087915 0.0932265 0.1113691 
Pseudochiridae_Petauroides_volans            0.0537649 0.0846467 0.0552279 0.0673398 0.0684278 0.0910702 0.0552702 0.0585662 0.0705343 0.1114654 0.0579597 0.0905188 0.1026888 0.0584737 0.0475556 0.0937917 0.0909421 0.0912965 0.1106280 0.0641591 0.0333035 0.1137873 0.1095982 0.0953261 0.0600969 0.0771259 0.0000000 0.0665234 0.0307241 0.0658487 0.0556487 0.0580946 0.1097906 0.0896907 0.1113110 
Macropodidae_Wallabia_bicolor                0.0518505 0.0867200 0.0643507 0.0233469 0.0245596 0.0927960 0.0547101 0.0562738 0.0258785 0.1120049 0.0563225 0.0935054 0.1013356 0.0559140 0.0569049 0.0945566 0.0925804 0.0910801 0.1093676 0.0153803 0.0646804 0.1081983 0.1098713 0.0936383 0.0299322 0.0752702 0.0665234 0.0000000 0.0593265 0.0775756 0.0601850 0.0554976 0.1071367 0.0934053 0.1133446 
Pseudochiridae_Pseudocheirus_occidentalis    0.0486784 0.0838969 0.0559705 0.0594945 0.0591815 0.0891541 0.0527228 0.0515596 0.0622924 0.1098620 0.0518931 0.0871146 0.0986396 0.0508168 0.0442211 0.0895072 0.0882075 0.0860777 0.1062836 0.0545068 0.0139028 0.1051655 0.1033394 0.0892845 0.0541236 0.0688121 0.0307241 0.0593265 0.0000000 0.0604322 0.0531963 0.0507866 0.1084149 0.0877459 0.1080586 
Tarsipedidae_Tarsipes_rostratus              0.0674498 0.1001786 0.0767371 0.0778580 0.0782559 0.1050344 0.0695151 0.0694079 0.0808655 0.1257221 0.0692080 0.1050219 0.1157051 0.0672385 0.0606564 0.1076314 0.1059358 0.1041012 0.1212301 0.0767505 0.0647554 0.1271031 0.1280448 0.1065652 0.0750374 0.0899129 0.0658487 0.0775756 0.0604322 0.0000000 0.0699519 0.0664530 0.1210092 0.1042281 0.1254917 
Acrobatidae_Distoechurus_pennatus            0.0562769 0.0897306 0.0629626 0.0638814 0.0649341 0.0923471 0.0537395 0.0559478 0.0673481 0.1085376 0.0556431 0.0936674 0.1038695 0.0542445 0.0424184 0.0951902 0.0936908 0.0912814 0.1051800 0.0596968 0.0577921 0.1145922 0.1106843 0.0942607 0.0594221 0.0779860 0.0556487 0.0601850 0.0531963 0.0699519 0.0000000 0.0541778 0.1065633 0.0920039 0.1095220 
Phalangeridae_Phalanger_carmelitae           0.0433911 0.0819504 0.0550944 0.0565330 0.0568919 0.0856715 0.0150399 0.0093628 0.0563662 0.1042488 0.0077355 0.0840968 0.0924074 0.0035384 0.0472847 0.0848321 0.0862493 0.0810282 0.0981439 0.0537416 0.0558125 0.1029998 0.0923119 0.0832588 0.0510431 0.0690705 0.0580946 0.0554976 0.0507866 0.0664530 0.0541778 0.0000000 0.1016709 0.0855283 0.1038152 
Peramelidae_Peroryctes_raffrayana            0.0993333 0.1198238 0.1069257 0.1096880 0.1093117 0.1175625 0.0998330 0.1027243 0.1074891 0.0222304 0.1038703 0.1119590 0.1296097 0.1009314 0.1039797 0.1128422 0.1154174 0.1184420 0.0145054 0.1056703 0.1093527 0.1281883 0.1305101 0.1152191 0.1068141 0.1087915 0.1097906 0.1071367 0.1084149 0.1210092 0.1065633 0.1016709 0.0000000 0.1160178 0.0224148 
Dasyuridae_Dasyurus_geffroii                 0.0923352 0.1002498 0.0914080 0.0954265 0.0977412 0.0032535 0.0853876 0.0871877 0.0986887 0.1232259 0.0881898 0.0196236 0.0428162 0.0860327 0.0867324 0.0202632 0.0043638 0.0339176 0.1186554 0.0920890 0.0940703 0.1353201 0.1304103 0.0217372 0.0926257 0.0932265 0.0896907 0.0934053 0.0877459 0.1042281 0.0920039 0.0855283 0.1160178 0.0000000 0.1230355 
Peramelidae_Perameles_gunnii                 0.1031928 0.1244017 0.1066698 0.1123989 0.1136672 0.1250674 0.1019590 0.1055897 0.1119391 0.0008467 0.1051607 0.1188025 0.1363879 0.1025806 0.1045432 0.1205739 0.1231119 0.1300224 0.0191792 0.1120933 0.1103108 0.1318558 0.1310950 0.1227216 0.1119623 0.1113691 0.1113110 0.1133446 0.1080586 0.1254917 0.1095220 0.1038152 0.0224148 0.1230355 0.0000000 
