35
Burramyidae_Burramys_parvus                  0.0000000 0.0864622 0.0557190 0.0641600 0.0648472 0.0960990 0.0519065 0.0563736 0.0626120 0.0875363 0.0557674 0.0953084 0.0910013 0.0618775 0.0603612 0.0937566 0.0945132 0.0942088 0.0860218 0.0602834 0.0710452 0.0842414 0.0916809 0.0935857 0.0644987 0.0794355 0.0602696 0.0611417 0.0659994 0.0786937 0.0544765 0.0501530 0.0877254 0.0967199 0.0867016 
Notoryctidae_Notoryctes_typhlops             0.0864622 0.0000000 0.0910914 0.0997409 0.1016750 0.1172391 0.0961511 0.1013982 0.0969422 0.1053120 0.0998849 0.1145403 0.1084583 0.1103347 0.0985221 0.1151031 0.1155132 0.1112057 0.1054175 0.0951336 0.1104864 0.0957271 0.1035635 0.1139509 0.1039174 0.0982958 0.0989471 0.0937219 0.1059800 0.1139869 0.0951114 0.0948282 0.1081755 0.1159005 0.1055331 
Vombatidae_Lasiorhinus_latifrons             0.0557190 0.0910914 0.0000000 0.0623368 0.0630384 0.0919020 0.0561680 0.0611014 0.0614361 0.0853855 0.0601117 0.0903212 0.0873154 0.0692876 0.0639401 0.0903104 0.0901613 0.0884668 0.0853261 0.0573985 0.0739135 0.0752794 0.0816732 0.0896254 0.0630530 0.0744036 0.0600027 0.0573820 0.0693850 0.0772525 0.0587306 0.0554511 0.0873752 0.0932785 0.0859451 
Potoroidae_Bettongia_penicillata             0.0641600 0.0997409 0.0623368 0.0000000 0.0038335 0.1063714 0.0608989 0.0667341 0.0134961 0.0972489 0.0673671 0.1042459 0.1018563 0.0777425 0.0709611 0.1029197 0.1047341 0.1007084 0.0975664 0.0224794 0.0829553 0.0847525 0.0923261 0.1014983 0.0475179 0.0895773 0.0724857 0.0235307 0.0753928 0.0864459 0.0663503 0.0628932 0.0986650 0.1063825 0.0970932 
Potoroidae_Bettongia_lesueur                 0.0648472 0.1016750 0.0630384 0.0038335 0.0000000 0.1082808 0.0610989 0.0673661 0.0146545 0.0994898 0.0675697 0.1045822 0.1021882 0.0774372 0.0712177 0.1032537 0.1056288 0.1015142 0.0994997 0.0232930 0.0836861 0.0885578 0.0968217 0.1012831 0.0470628 0.0899047 0.0719588 0.0243488 0.0761521 0.0858864 0.0663491 0.0626147 0.1016115 0.1072795 0.0995669 
Dasyuridae_Dasyurus_maculatus                0.0960990 0.1172391 0.0919020 0.1063714 0.1082808 0.0000000 0.1000176 0.1033864 0.1016511 0.1115431 0.1015776 0.0243840 0.0295331 0.1165805 0.1056000 0.0237609 0.0089463 0.0308716 0.1139497 0.1014462 0.1147626 0.0914312 0.0978695 0.0244506 0.1089736 0.1056574 0.1088026 0.1011765 0.1145906 0.1250144 0.1025036 0.0985819 0.1134435 0.0083764 0.1123445 
Phalangeridae_Trichosurus_vulpecula          0.0519065 0.0961511 0.0561680 0.0608989 0.0610989 0.1000176 0.0000000 0.0258130 0.0604666 0.0938143 0.0261806 0.0953520 0.0942617 0.0347632 0.0591084 0.0960497 0.0981879 0.0959050 0.0925533 0.0556607 0.0724515 0.0740063 0.0788584 0.0966342 0.0647442 0.0771974 0.0593500 0.0592624 0.0674213 0.0724451 0.0581825 0.0212781 0.0969673 0.1001475 0.0938811 
Phalangeridae_Spilocuscus_maculatus          0.0563736 0.1013982 0.0611014 0.0667341 0.0673661 0.1033864 0.0258130 0.0000000 0.0645573 0.0967540 0.0206177 0.1012623 0.0984365 0.0274216 0.0647369 0.1012914 0.1020259 0.0999672 0.0953708 0.0611863 0.0746563 0.0703923 0.0771845 0.1005563 0.0675261 0.0799554 0.0638660 0.0653411 0.0702895 0.0758560 0.0623959 0.0147938 0.0971612 0.1031175 0.0963778 
Potoroidae_Aepyprymnus_rufescens             0.0626120 0.0969422 0.0614361 0.0134961 0.0146545 0.1016511 0.0604666 0.0645573 0.0000000 0.0982386 0.0638026 0.0996666 0.0973060 0.0752398 0.0683094 0.0983569 0.0997409 0.0982083 0.0986184 0.0198972 0.0786521 0.0820436 0.0910540 0.0966392 0.0451559 0.0866891 0.0692822 0.0221605 0.0720502 0.0831175 0.0640872 0.0598563 0.0991141 0.1009542 0.0981401 
Peramelidae_Perameles_nasuta                 0.0875363 0.1053120 0.0853855 0.0972489 0.0994898 0.1115431 0.0938143 0.0967540 0.0982386 0.0000000 0.0965699 0.1109394 0.1096393 0.1097532 0.0908813 0.1112232 0.1115698 0.1107238 0.0135550 0.0923606 0.1082793 0.0892235 0.0979971 0.1089945 0.0996405 0.0961355 0.0944728 0.0917474 0.1040319 0.1126009 0.0850503 0.0896401 0.0139140 0.1132218 0.0005306 
Phalangeridae_Strigocuscus_pelengensis       0.0557674 0.0998849 0.0601117 0.0673671 0.0675697 0.1015776 0.0261806 0.0206177 0.0638026 0.0965699 0.0000000 0.0976497 0.0951007 0.0268717 0.0641485 0.0982242 0.0997076 0.0982123 0.0966544 0.0621873 0.0774160 0.0756556 0.0800865 0.0965099 0.0681340 0.0793757 0.0660354 0.0652176 0.0708042 0.0764661 0.0594391 0.0143823 0.0988556 0.1011672 0.0976606 
Dasyuridae_Phascogale_tapoatafa              0.0953084 0.1145403 0.0903212 0.1042459 0.1045822 0.0243840 0.0953520 0.1012623 0.0996666 0.1109394 0.0976497 0.0000000 0.0287882 0.1113563 0.1017527 0.0033020 0.0244015 0.0295459 0.1122431 0.0999158 0.1097489 0.0898740 0.0961487 0.0104390 0.1035425 0.1062766 0.1034969 0.0998209 0.1098488 0.1230286 0.1001842 0.0947610 0.1112113 0.0246119 0.1118057 
Dasyuridae_Sminthopsis_macroura              0.0910013 0.1084583 0.0873154 0.1018563 0.1021882 0.0295331 0.0942617 0.0984365 0.0973060 0.1096393 0.0951007 0.0287882 0.0000000 0.1100736 0.1003398 0.0281424 0.0294279 0.0176712 0.1115410 0.0961821 0.1110969 0.0893461 0.0983251 0.0294621 0.1039868 0.1025338 0.1045549 0.0971358 0.1069018 0.1181550 0.0981781 0.0921528 0.1113673 0.0290151 0.1103304 
Phalangeridae_Phalanger_orientalis           0.0618775 0.1103347 0.0692876 0.0777425 0.0774372 0.1165805 0.0347632 0.0274216 0.0752398 0.1097532 0.0268717 0.1113563 0.1100736 0.0000000 0.0751388 0.1118954 0.1155546 0.1131999 0.1092316 0.0721832 0.0872387 0.1099496 0.1163776 0.1112605 0.0756472 0.0912515 0.0746931 0.0763072 0.0762958 0.0841262 0.0723949 0.0152656 0.1123176 0.1170710 0.1090796 
Acrobatidae_Acrobates_pygmaeus               0.0603612 0.0985221 0.0639401 0.0709611 0.0712177 0.1056000 0.0591084 0.0647369 0.0683094 0.0908813 0.0641485 0.1017527 0.1003398 0.0751388 0.0000000 0.1015294 0.1023515 0.1020662 0.0920791 0.0628301 0.0698005 0.0825127 0.0861577 0.1009188 0.0703772 0.0886015 0.0573196 0.0633976 0.0651976 0.0708027 0.0323676 0.0605201 0.0922639 0.1054562 0.0910255 
Dasyuridae_Phascogale_calura                 0.0937566 0.1151031 0.0903104 0.1029197 0.1032537 0.0237609 0.0960497 0.1012914 0.0983569 0.1112232 0.0982242 0.0033020 0.0281424 0.1118954 0.1015294 0.0000000 0.0235848 0.0291132 0.1124693 0.0986037 0.1091101 0.0873042 0.0948566 0.0098676 0.1028591 0.1072891 0.1024815 0.0985055 0.1085250 0.1226930 0.0988543 0.0952682 0.1120688 0.0237825 0.1120317 
Dasyuridae_Sarcophilus_harrisii              0.0945132 0.1155132 0.0901613 0.1047341 0.1056288 0.0089463 0.0981879 0.1020259 0.0997409 0.1115698 0.0997076 0.0244015 0.0294279 0.1155546 0.1023515 0.0235848 0.0000000 0.0298562 0.1141168 0.1007353 0.1122798 0.0927183 0.0978601 0.0248718 0.1053525 0.1058993 0.1069619 0.0996209 0.1100771 0.1222846 0.1002937 0.0972698 0.1134065 0.0093192 0.1114485 
Dasyuridae_Planigale_tenuirostris            0.0942088 0.1112057 0.0884668 0.1007084 0.1015142 0.0308716 0.0959050 0.0999672 0.0982083 0.1107238 0.0982123 0.0295459 0.0176712 0.1131999 0.1020662 0.0291132 0.0298562 0.0000000 0.1128306 0.0963777 0.1142969 0.0837975 0.0903666 0.0287483 0.1064334 0.1051152 0.1055488 0.0971720 0.1099055 0.1189775 0.0997296 0.0951319 0.1130935 0.0311048 0.1116148 
Peramelidae_Echymipera_kalubu                0.0860218 0.1054175 0.0853261 0.0975664 0.0994997 0.1139497 0.0925533 0.0953708 0.0986184 0.0135550 0.0966544 0.1122431 0.1115410 0.1092316 0.0920791 0.1124693 0.1141168 0.1128306 0.0000000 0.0934189 0.1109202 0.0915277 0.0995121 0.1115327 0.0989982 0.0977852 0.0964397 0.0937275 0.1095686 0.1103863 0.0849257 0.0892774 0.0118236 0.1155319 0.0138603 
Macropodidae_Dorcopsulus_vanheurni           0.0602834 0.0951336 0.0573985 0.0224794 0.0232930 0.1014462 0.0556607 0.0611863 0.0198972 0.0923606 0.0621873 0.0999158 0.0961821 0.0721832 0.0628301 0.0986037 0.1007353 0.0963777 0.0934189 0.0000000 0.0777807 0.0804611 0.0845460 0.0967342 0.0396486 0.0847448 0.0647185 0.0095366 0.0695711 0.0804182 0.0602960 0.0581068 0.0948577 0.1018211 0.0932283 
Pseudochiridae_Pseudochirulus_forbesi        0.0710452 0.1104864 0.0739135 0.0829553 0.0836861 0.1147626 0.0724515 0.0746563 0.0786521 0.1082793 0.0774160 0.1097489 0.1110969 0.0872387 0.0698005 0.1091101 0.1122798 0.1142969 0.1109202 0.0777807 0.0000000 0.1074162 0.1158552 0.1108280 0.0827110 0.0940191 0.0460332 0.0799145 0.0265999 0.0769028 0.0671762 0.0712831 0.1113651 0.1137049 0.1092842 
Didelphidae_Didelphis_virginiana             0.0842414 0.0957271 0.0752794 0.0847525 0.0885578 0.0914312 0.0740063 0.0703923 0.0820436 0.0892235 0.0756556 0.0898740 0.0893461 0.1099496 0.0825127 0.0873042 0.0927183 0.0837975 0.0915277 0.0804611 0.1074162 0.0000000 0.0349981 0.0855411 0.0833809 0.0871009 0.0861086 0.0821338 0.1158137 0.0981757 0.0815559 0.0717185 0.0935261 0.0928054 0.0916585 
Marmosidae_Monodelphis_domestica             0.0916809 0.1035635 0.0816732 0.0923261 0.0968217 0.0978695 0.0788584 0.0771845 0.0910540 0.0979971 0.0800865 0.0961487 0.0983251 0.1163776 0.0861577 0.0948566 0.0978601 0.0903666 0.0995121 0.0845460 0.1158552 0.0349981 0.0000000 0.0937849 0.0967704 0.0970075 0.0951588 0.0865870 0.1221974 0.1030997 0.0851391 0.0772341 0.0980683 0.1011468 0.0996805 
Dasyuridae_Antechinus_stuartii               0.0935857 0.1139509 0.0896254 0.1014983 0.1012831 0.0244506 0.0966342 0.1005563 0.0966392 0.1089945 0.0965099 0.0104390 0.0294621 0.1112605 0.1009188 0.0098676 0.0248718 0.0287483 0.1115327 0.0967342 0.1108280 0.0855411 0.0937849 0.0000000 0.1022097 0.1075218 0.1019449 0.0966312 0.1088807 0.1212895 0.0985761 0.0947477 0.1109773 0.0246921 0.1099115 
Hypsiprymnodontidae_Hypsiprymnodon_moschatus 0.0644987 0.1039174 0.0630530 0.0475179 0.0470628 0.1089736 0.0647442 0.0675261 0.0451559 0.0996405 0.0681340 0.1035425 0.1039868 0.0756472 0.0703772 0.1028591 0.1053525 0.1064334 0.0989982 0.0396486 0.0827110 0.0833809 0.0967704 0.1022097 0.0000000 0.0886841 0.0698800 0.0422879 0.0768522 0.0862316 0.0669690 0.0623483 0.1014920 0.1080844 0.0997598 
Microbiotheriidae_Dromiciops_gliroides       0.0794355 0.0982958 0.0744036 0.0895773 0.0899047 0.1056574 0.0771974 0.0799554 0.0866891 0.0961355 0.0793757 0.1062766 0.1025338 0.0912515 0.0886015 0.1072891 0.1058993 0.1051152 0.0977852 0.0847448 0.0940191 0.0871009 0.0970075 0.1075218 0.0886841 0.0000000 0.0827496 0.0869278 0.0925440 0.1006875 0.0830577 0.0738112 0.1000602 0.1079705 0.0950676 
Pseudochiridae_Petauroides_volans            0.0602696 0.0989471 0.0600027 0.0724857 0.0719588 0.1088026 0.0593500 0.0638660 0.0692822 0.0944728 0.0660354 0.1034969 0.1045549 0.0746931 0.0573196 0.1024815 0.1069619 0.1055488 0.0964397 0.0647185 0.0460332 0.0861086 0.0951588 0.1019449 0.0698800 0.0827496 0.0000000 0.0677219 0.0395656 0.0675784 0.0563216 0.0600605 0.0962225 0.1099676 0.0958371 
Macropodidae_Wallabia_bicolor                0.0611417 0.0937219 0.0573820 0.0235307 0.0243488 0.1011765 0.0592624 0.0653411 0.0221605 0.0917474 0.0652176 0.0998209 0.0971358 0.0763072 0.0633976 0.0985055 0.0996209 0.0971720 0.0937275 0.0095366 0.0799145 0.0821338 0.0865870 0.0966312 0.0422879 0.0869278 0.0677219 0.0000000 0.0710114 0.0810425 0.0617468 0.0607866 0.0936426 0.1015475 0.0927267 
Pseudochiridae_Pseudocheirus_occidentalis    0.0659994 0.1059800 0.0693850 0.0753928 0.0761521 0.1145906 0.0674213 0.0702895 0.0720502 0.1040319 0.0708042 0.1098488 0.1069018 0.0762958 0.0651976 0.1085250 0.1100771 0.1099055 0.1095686 0.0695711 0.0265999 0.1158137 0.1221974 0.1088807 0.0768522 0.0925440 0.0395656 0.0710114 0.0000000 0.0725487 0.0656393 0.0641273 0.1060117 0.1121356 0.1069421 
Tarsipedidae_Tarsipes_rostratus              0.0786937 0.1139869 0.0772525 0.0864459 0.0858864 0.1250144 0.0724451 0.0758560 0.0831175 0.1126009 0.0764661 0.1230286 0.1181550 0.0841262 0.0708027 0.1226930 0.1222846 0.1189775 0.1103863 0.0804182 0.0769028 0.0981757 0.1030997 0.1212895 0.0862316 0.1006875 0.0675784 0.0810425 0.0725487 0.0000000 0.0650925 0.0690660 0.1161702 0.1249304 0.1116312 
Acrobatidae_Distoechurus_pennatus            0.0544765 0.0951114 0.0587306 0.0663503 0.0663491 0.1025036 0.0581825 0.0623959 0.0640872 0.0850503 0.0594391 0.1001842 0.0981781 0.0723949 0.0323676 0.0988543 0.1002937 0.0997296 0.0849257 0.0602960 0.0671762 0.0815559 0.0851391 0.0985761 0.0669690 0.0830577 0.0563216 0.0617468 0.0656393 0.0650925 0.0000000 0.0574864 0.0849214 0.1026785 0.0853695 
Phalangeridae_Phalanger_carmelitae           0.0501530 0.0948282 0.0554511 0.0628932 0.0626147 0.0985819 0.0212781 0.0147938 0.0598563 0.0896401 0.0143823 0.0947610 0.0921528 0.0152656 0.0605201 0.0952682 0.0972698 0.0951319 0.0892774 0.0581068 0.0712831 0.0717185 0.0772341 0.0947477 0.0623483 0.0738112 0.0600605 0.0607866 0.0641273 0.0690660 0.0574864 0.0000000 0.0915469 0.0989790 0.0897454 
Peramelidae_Peroryctes_raffrayana            0.0877254 0.1081755 0.0873752 0.0986650 0.1016115 0.1134435 0.0969673 0.0971612 0.0991141 0.0139140 0.0988556 0.1112113 0.1113673 0.1123176 0.0922639 0.1120688 0.1134065 0.1130935 0.0118236 0.0948577 0.1113651 0.0935261 0.0980683 0.1109773 0.1014920 0.1000602 0.0962225 0.0936426 0.1060117 0.1161702 0.0849214 0.0915469 0.0000000 0.1149252 0.0136377 
Dasyuridae_Dasyurus_geffroii                 0.0967199 0.1159005 0.0932785 0.1063825 0.1072795 0.0083764 0.1001475 0.1031175 0.1009542 0.1132218 0.1011672 0.0246119 0.0290151 0.1170710 0.1054562 0.0237825 0.0093192 0.0311048 0.1155319 0.1018211 0.1137049 0.0928054 0.1011468 0.0246921 0.1080844 0.1079705 0.1099676 0.1015475 0.1121356 0.1249304 0.1026785 0.0989790 0.1149252 0.0000000 0.1137299 
Peramelidae_Perameles_gunnii                 0.0867016 0.1055331 0.0859451 0.0970932 0.0995669 0.1123445 0.0938811 0.0963778 0.0981401 0.0005306 0.0976606 0.1118057 0.1103304 0.1090796 0.0910255 0.1120317 0.1114485 0.1116148 0.0138603 0.0932283 0.1092842 0.0916585 0.0996805 0.1099115 0.0997598 0.0950676 0.0958371 0.0927267 0.1069421 0.1116312 0.0853695 0.0897454 0.0136377 0.1137299 0.0000000 
