37
Burramyidae_Burramys_parvus                  0.0000000 0.0919561 0.0676581 0.0660216 0.0621101 0.1633570 0.0620002 0.0653439 0.0687349 0.1320627 0.2781148 0.0512915 0.1504359 0.1450860 0.0446661 0.0562952 0.1562759 0.1627795 0.1308723 0.1206986 0.0597383 0.0571640 0.1509320 0.1360205 0.1525593 0.0649027 0.0997974 0.0511443 0.0560763 0.0569683 0.0913178 0.0510888 0.2781148 0.0460147 0.1179045 0.1675573 0.1348074 
Notoryctidae_Notoryctes_typhlops             0.0919561 0.0000000 0.1060703 0.1184955 0.1167191 0.1706895 0.1284561 0.1199976 0.1192533 0.1264025 0.3137171 0.1009912 0.1635228 0.1480484 0.0939880 0.1012247 0.1648177 0.1689339 0.1336091 0.1052176 0.1190292 0.1152649 0.1637429 0.1576455 0.1625410 0.1136595 0.1086819 0.1061328 0.1146587 0.1092517 0.1616478 0.1035983 0.3137171 0.1001098 0.1029859 0.1842740 0.1263282 
Vombatidae_Lasiorhinus_latifrons             0.0676581 0.1060703 0.0000000 0.0825067 0.0897633 0.1645751 0.0859858 0.0867342 0.0903797 0.1537531 0.2403733 0.0613876 0.1555390 0.1482270 0.0682998 0.0802408 0.1558984 0.1529432 0.1399621 0.1347676 0.0802078 0.0945416 0.1660531 0.1553244 0.1510840 0.0897526 0.1277809 0.0733633 0.0820322 0.0886925 0.1078931 0.0765738 0.2403733 0.0670334 0.1448941 0.1592625 0.1524271 
Potoroidae_Bettongia_penicillata             0.0660216 0.1184955 0.0825067 0.0000000 0.0035602 0.1821881 0.0876014 0.0863710 0.0131150 0.1691690 0.2948759 0.0648805 0.1671463 0.1647500 0.0601777 0.0918856 0.1732986 0.1786968 0.1572188 0.1509622 0.0177426 0.0882104 0.1819644 0.1716709 0.1724497 0.0361699 0.1338994 0.0682806 0.0199083 0.0813960 0.1121288 0.0784789 0.2948759 0.0611982 0.1593405 0.1923654 0.1706343 
Potoroidae_Bettongia_lesueur                 0.0621101 0.1167191 0.0897633 0.0035602 0.0000000 0.1819277 0.0888546 0.0861940 0.0127894 0.1668461 0.3182446 0.0655531 0.1668106 0.1680154 0.0608112 0.0874944 0.1702337 0.1769490 0.1578545 0.1530359 0.0177164 0.0901060 0.1774863 0.1713113 0.1724892 0.0361431 0.1337395 0.0688997 0.0188387 0.0820499 0.1149426 0.0772315 0.3182446 0.0603723 0.1560211 0.1920991 0.1683026 
Dasyuridae_Dasyurus_maculatus                0.1633570 0.1706895 0.1645751 0.1821881 0.1819277 0.0000000 0.1848047 0.1870405 0.1900944 0.2080112 0.2041242 0.1609617 0.0149158 0.0303728 0.1565614 0.1594372 0.0137190 0.0053852 0.0268036 0.1999940 0.1695372 0.1890824 0.1940124 0.1890084 0.0147028 0.1891496 0.1711339 0.1661965 0.1706838 0.1797428 0.2256775 0.1615221 0.2041242 0.1550152 0.2077681 0.0056903 0.2068329 
Phalangeridae_Trichosurus_vulpecula          0.0620002 0.1284561 0.0859858 0.0876014 0.0888546 0.1848047 0.0000000 0.0222648 0.0910665 0.1577532 0.3188467 0.0254564 0.1663594 0.1738881 0.0199892 0.0843838 0.1696859 0.1766497 0.1589425 0.1416021 0.0764519 0.0941917 0.1981751 0.1807572 0.1675273 0.0848170 0.1423121 0.0763548 0.0808086 0.0911165 0.1204882 0.0833644 0.3188467 0.0196850 0.1577475 0.1870114 0.1591828 
Phalangeridae_Spilocuscus_maculatus          0.0653439 0.1199976 0.0867342 0.0863710 0.0861940 0.1870405 0.0222648 0.0000000 0.0893698 0.1630338 0.3161304 0.0211608 0.1788650 0.1721142 0.0177480 0.0773404 0.1809197 0.1861343 0.1639006 0.1381561 0.0822650 0.0950027 0.1863896 0.1740771 0.1783890 0.0939131 0.1353306 0.0752855 0.0843580 0.0856604 0.1188563 0.0756925 0.3161304 0.0171128 0.1573513 0.1924525 0.1616745 
Potoroidae_Aepyprymnus_rufescens             0.0687349 0.1192533 0.0903797 0.0131150 0.0127894 0.1900944 0.0910665 0.0893698 0.0000000 0.1740381 0.2948759 0.0649131 0.1776862 0.1673492 0.0649073 0.0930828 0.1818653 0.1906917 0.1573579 0.1536612 0.0197300 0.0904968 0.1871628 0.1743282 0.1790689 0.0394445 0.1317564 0.0725195 0.0223268 0.0863818 0.1130211 0.0795477 0.2948759 0.0636430 0.1630448 0.1988296 0.1755212 
Peramelidae_Perameles_nasuta                 0.1320627 0.1264025 0.1537531 0.1691690 0.1668461 0.2080112 0.1577532 0.1630338 0.1740381 0.0000000 0.3378144 0.1351133 0.1981686 0.1978428 0.1241099 0.1562406 0.2022930 0.2037584 0.1838092 0.0118659 0.1697699 0.1681180 0.2104898 0.2054339 0.1923441 0.1472264 0.1412852 0.1360859 0.1598936 0.1541220 0.1889764 0.1554364 0.3378144 0.1286599 0.0122344 0.2117070 0.0006918 
Myrmecobiidae_Myrmecobius_fasciatus1         0.2781148 0.3137171 0.2403733 0.2948759 0.3182446 0.2041242 0.3188467 0.3161304 0.2948759 0.3378144 0.0000000 0.3301402 0.1279376 0.2663357 0.3643321 0.3232620 0.1326000 0.1469078 0.1192628 0.3398882 0.3182446 0.3397522 0.3707487 0.3707487 0.2313809 0.3182446 0.2674401 0.2228187 0.2991055 0.2820231 0.3900096 0.3400669 0.0000010 0.3889552 0.2948759 0.1620403 0.3378144 
Phalangeridae_Strigocuscus_pelengensis       0.0512915 0.1009912 0.0613876 0.0648805 0.0655531 0.1609617 0.0254564 0.0211608 0.0649131 0.1351133 0.3301402 0.0000000 0.1485896 0.1439593 0.0093565 0.0634605 0.1489051 0.1546590 0.1353274 0.1146409 0.0656345 0.0693070 0.1621173 0.1463607 0.1460198 0.0786599 0.1077169 0.0522610 0.0697764 0.0674154 0.0959030 0.0597950 0.3301402 0.0090379 0.1277896 0.1613386 0.1362846 
Dasyuridae_Phascogale_tapoatafa              0.1504359 0.1635228 0.1555390 0.1671463 0.1668106 0.0149158 0.1663594 0.1788650 0.1776862 0.1981686 0.1279376 0.1485896 0.0000000 0.0222388 0.1360677 0.1638386 0.0019133 0.0108014 0.0213044 0.1959503 0.1556814 0.1832748 0.1997853 0.1954859 0.0053575 0.1772658 0.1773969 0.1536220 0.1540459 0.1660081 0.2130451 0.1628997 0.1279376 0.1371822 0.2012853 0.0133399 0.1969107 
Dasyuridae_Sminthopsis_macroura              0.1450860 0.1480484 0.1482270 0.1647500 0.1680154 0.0303728 0.1738881 0.1721142 0.1673492 0.1978428 0.2663357 0.1439593 0.0222388 0.0000000 0.1425595 0.1695256 0.0226015 0.0290093 0.0130773 0.1869219 0.1613732 0.1822269 0.1911530 0.1921084 0.0229474 0.1868638 0.1591200 0.1498541 0.1616610 0.1733896 0.2139919 0.1614572 0.2663357 0.1394862 0.1997414 0.0315576 0.1966879 
Phalangeridae_Phalanger_orientalis           0.0446661 0.0939880 0.0682998 0.0601777 0.0608112 0.1565614 0.0199892 0.0177480 0.0649073 0.1241099 0.3643321 0.0093565 0.1360677 0.1425595 0.0000000 0.0556899 0.1393986 0.1451303 0.1337853 0.1064232 0.0608141 0.0689907 0.1627004 0.1465207 0.1379308 0.0675506 0.1037525 0.0541064 0.0623809 0.0637239 0.0902602 0.0539213 0.3643321 0.0028322 0.1146568 0.1599205 0.1254135 
Acrobatidae_Acrobates_pygmaeus               0.0562952 0.1012247 0.0802408 0.0918856 0.0874944 0.1594372 0.0843838 0.0773404 0.0930828 0.1562406 0.3232620 0.0634605 0.1638386 0.1695256 0.0556899 0.0000000 0.1671479 0.1659165 0.1472745 0.1344483 0.0717155 0.0616019 0.1649167 0.1499033 0.1552417 0.0834811 0.1196849 0.0487130 0.0754739 0.0587107 0.0896544 0.0275705 0.3232620 0.0581144 0.1393585 0.1651167 0.1538696 
Dasyuridae_Phascogale_calura                 0.1562759 0.1648177 0.1558984 0.1732986 0.1702337 0.0137190 0.1696859 0.1809197 0.1818653 0.2022930 0.1326000 0.1489051 0.0019133 0.0226015 0.1393986 0.1671479 0.0000000 0.0097876 0.0213792 0.1956006 0.1578761 0.1898283 0.1976160 0.1960619 0.0053569 0.1807669 0.1785876 0.1552097 0.1548174 0.1727532 0.2172118 0.1674542 0.1326000 0.1409021 0.2010100 0.0128808 0.2010713 
Dasyuridae_Sarcophilus_harrisii              0.1627795 0.1689339 0.1529432 0.1786968 0.1769490 0.0053852 0.1766497 0.1861343 0.1906917 0.2037584 0.1469078 0.1546590 0.0108014 0.0290093 0.1451303 0.1659165 0.0097876 0.0000000 0.0262503 0.1939299 0.1645777 0.1902152 0.1786487 0.1782469 0.0111215 0.1873452 0.1749707 0.1617363 0.1657361 0.1753546 0.2210224 0.1640393 0.1469078 0.1435755 0.2033111 0.0046330 0.2025272 
Dasyuridae_Planigale_tenuirostris            0.1308723 0.1336091 0.1399621 0.1572188 0.1578545 0.0268036 0.1589425 0.1639006 0.1573579 0.1838092 0.1192628 0.1353274 0.0213044 0.0130773 0.1337853 0.1472745 0.0213792 0.0262503 0.0000000 0.1749955 0.1524591 0.1554697 0.1826903 0.1781341 0.0209262 0.1679137 0.1511359 0.1312075 0.1538198 0.1523148 0.1955782 0.1380029 0.1192628 0.1308820 0.1799516 0.0297402 0.1821225 
Peramelidae_Echymipera_kalubu                0.1206986 0.1052176 0.1347676 0.1509622 0.1530359 0.1999940 0.1416021 0.1381561 0.1536612 0.0118659 0.3398882 0.1146409 0.1959503 0.1869219 0.1064232 0.1344483 0.1956006 0.1939299 0.1749955 0.0000000 0.1547372 0.1496893 0.2041967 0.1965286 0.1889982 0.1378521 0.1279171 0.1199428 0.1465342 0.1368400 0.1656469 0.1363159 0.3398882 0.1106179 0.0088200 0.2062691 0.0121907 
Macropodidae_Dorcopsulus_vanheurni           0.0597383 0.1190292 0.0802078 0.0177426 0.0177164 0.1695372 0.0764519 0.0822650 0.0197300 0.1697699 0.3182446 0.0656345 0.1556814 0.1613732 0.0608141 0.0717155 0.1578761 0.1645777 0.1524591 0.1547372 0.0000000 0.0764279 0.1691780 0.1604761 0.1586859 0.0300127 0.1331552 0.0562365 0.0056057 0.0700643 0.0960291 0.0708960 0.3182446 0.0603715 0.1587115 0.1767791 0.1709172 
Pseudochiridae_Pseudochirulus_forbesi        0.0571640 0.1152649 0.0945416 0.0882104 0.0901060 0.1890824 0.0941917 0.0950027 0.0904968 0.1681180 0.3397522 0.0693070 0.1832748 0.1822269 0.0689907 0.0616019 0.1898283 0.1902152 0.1554697 0.1496893 0.0764279 0.0000000 0.1830958 0.1717099 0.1784959 0.0864195 0.1235032 0.0278981 0.0817434 0.0149291 0.0870381 0.0686134 0.3397522 0.0701722 0.1508448 0.1980447 0.1696031 
Didelphidae_Didelphis_virginiana             0.1509320 0.1637429 0.1660531 0.1819644 0.1774863 0.1940124 0.1981751 0.1863896 0.1871628 0.2104898 0.3707487 0.1621173 0.1997853 0.1911530 0.1627004 0.1649167 0.1976160 0.1786487 0.1826903 0.2041967 0.1691780 0.1830958 0.0000000 0.0281026 0.1963976 0.1638632 0.1820788 0.1573159 0.1646530 0.1850585 0.2228754 0.1610186 0.3707487 0.1699998 0.1980158 0.1874342 0.2119614 
Marmosidae_Monodelphis_domestica             0.1360205 0.1576455 0.1553244 0.1716709 0.1713113 0.1890084 0.1807572 0.1740771 0.1743282 0.2054339 0.3707487 0.1463607 0.1954859 0.1921084 0.1465207 0.1499033 0.1960619 0.1782469 0.1781341 0.1965286 0.1604761 0.1717099 0.0281026 0.0000000 0.1963433 0.1567286 0.1643496 0.1429307 0.1559775 0.1656399 0.2022275 0.1547294 0.3707487 0.1477969 0.1872374 0.1839591 0.2039455 
Dasyuridae_Antechinus_stuartii               0.1525593 0.1625410 0.1510840 0.1724497 0.1724892 0.0147028 0.1675273 0.1783890 0.1790689 0.1923441 0.2313809 0.1460198 0.0053575 0.0229474 0.1379308 0.1552417 0.0053569 0.0111215 0.0209262 0.1889982 0.1586859 0.1784959 0.1963976 0.1963433 0.0000000 0.1747673 0.1671553 0.1456002 0.1607602 0.1627045 0.2151365 0.1639172 0.2313809 0.1350027 0.1987086 0.0137368 0.1906578 
Hypsiprymnodontidae_Hypsiprymnodon_moschatus 0.0649027 0.1136595 0.0897526 0.0361699 0.0361431 0.1891496 0.0848170 0.0939131 0.0394445 0.1472264 0.3182446 0.0786599 0.1772658 0.1868638 0.0675506 0.0834811 0.1807669 0.1873452 0.1679137 0.1378521 0.0300127 0.0864195 0.1638632 0.1567286 0.1747673 0.0000000 0.1293734 0.0665150 0.0317371 0.0786306 0.1060328 0.0781421 0.3182446 0.0686603 0.1368886 0.1983494 0.1486419 
Microbiotheriidae_Dromiciops_gliroides       0.0997974 0.1086819 0.1277809 0.1338994 0.1337395 0.1711339 0.1423121 0.1353306 0.1317564 0.1412852 0.2674401 0.1077169 0.1773969 0.1591200 0.1037525 0.1196849 0.1785876 0.1749707 0.1511359 0.1279171 0.1331552 0.1235032 0.1820788 0.1643496 0.1671553 0.1293734 0.0000000 0.1053119 0.1242982 0.1173103 0.1584363 0.1259458 0.2674401 0.1083110 0.1383352 0.1827726 0.1423810 
Pseudochiridae_Petauroides_volans            0.0511443 0.1061328 0.0733633 0.0682806 0.0688997 0.1661965 0.0763548 0.0752855 0.0725195 0.1360859 0.2228187 0.0522610 0.1536220 0.1498541 0.0541064 0.0487130 0.1552097 0.1617363 0.1312075 0.1199428 0.0562365 0.0278981 0.1573159 0.1429307 0.1456002 0.0665150 0.1053119 0.0000000 0.0599723 0.0241514 0.0670941 0.0515287 0.2228187 0.0531175 0.1209716 0.1678698 0.1372167 
Macropodidae_Wallabia_bicolor                0.0560763 0.1146587 0.0820322 0.0199083 0.0188387 0.1706838 0.0808086 0.0843580 0.0223268 0.1598936 0.2991055 0.0697764 0.1540459 0.1616610 0.0623809 0.0754739 0.1548174 0.1657361 0.1538198 0.1465342 0.0056057 0.0817434 0.1646530 0.1559775 0.1607602 0.0317371 0.1242982 0.0599723 0.0000000 0.0725845 0.0981795 0.0681480 0.2991055 0.0626166 0.1467930 0.1776980 0.1613457 
Pseudochiridae_Pseudocheirus_occidentalis    0.0569683 0.1092517 0.0886925 0.0813960 0.0820499 0.1797428 0.0911165 0.0856604 0.0863818 0.1541220 0.2820231 0.0674154 0.1660081 0.1733896 0.0637239 0.0587107 0.1727532 0.1753546 0.1523148 0.1368400 0.0700643 0.0149291 0.1850585 0.1656399 0.1627045 0.0786306 0.1173103 0.0241514 0.0725845 0.0000000 0.0821311 0.0626272 0.2820231 0.0631649 0.1436375 0.1829706 0.1555738 
Tarsipedidae_Tarsipes_rostratus              0.0913178 0.1616478 0.1078931 0.1121288 0.1149426 0.2256775 0.1204882 0.1188563 0.1130211 0.1889764 0.3900096 0.0959030 0.2130451 0.2139919 0.0902602 0.0896544 0.2172118 0.2210224 0.1955782 0.1656469 0.0960291 0.0870381 0.2228754 0.2022275 0.2151365 0.1060328 0.1584363 0.0670941 0.0981795 0.0821311 0.0000000 0.0930497 0.3900096 0.0920669 0.1772109 0.2218276 0.1874066 
Acrobatidae_Distoechurus_pennatus            0.0510888 0.1035983 0.0765738 0.0784789 0.0772315 0.1615221 0.0833644 0.0756925 0.0795477 0.1554364 0.3400669 0.0597950 0.1628997 0.1614572 0.0539213 0.0275705 0.1674542 0.1640393 0.1380029 0.1363159 0.0708960 0.0686134 0.1610186 0.1547294 0.1639172 0.0781421 0.1259458 0.0515287 0.0681480 0.0626272 0.0930497 0.0000000 0.3400669 0.0562674 0.1373918 0.1636926 0.1566229 
Myrmecobiidae_Myrmecobius_fasciatus2         0.2781148 0.3137171 0.2403733 0.2948759 0.3182446 0.2041242 0.3188467 0.3161304 0.2948759 0.3378144 0.0000010 0.3301402 0.1279376 0.2663357 0.3643321 0.3232620 0.1326000 0.1469078 0.1192628 0.3398882 0.3182446 0.3397522 0.3707487 0.3707487 0.2313809 0.3182446 0.2674401 0.2228187 0.2991055 0.2820231 0.3900096 0.3400669 0.0000000 0.3889552 0.2948759 0.1620403 0.3378144 
Phalangeridae_Phalanger_carmelitae           0.0460147 0.1001098 0.0670334 0.0611982 0.0603723 0.1550152 0.0196850 0.0171128 0.0636430 0.1286599 0.3889552 0.0090379 0.1371822 0.1394862 0.0028322 0.0581144 0.1409021 0.1435755 0.1308820 0.1106179 0.0603715 0.0701722 0.1699998 0.1477969 0.1350027 0.0686603 0.1083110 0.0531175 0.0626166 0.0631649 0.0920669 0.0562674 0.3889552 0.0000000 0.1215811 0.1583573 0.1300152 
Peramelidae_Peroryctes_raffrayana            0.1179045 0.1029859 0.1448941 0.1593405 0.1560211 0.2077681 0.1577475 0.1573513 0.1630448 0.0122344 0.2948759 0.1277896 0.2012853 0.1997414 0.1146568 0.1393585 0.2010100 0.2033111 0.1799516 0.0088200 0.1587115 0.1508448 0.1980158 0.1872374 0.1987086 0.1368886 0.1383352 0.1209716 0.1467930 0.1436375 0.1772109 0.1373918 0.2948759 0.1215811 0.0000000 0.2174325 0.0125504 
Dasyuridae_Dasyurus_geffroii                 0.1675573 0.1842740 0.1592625 0.1923654 0.1920991 0.0056903 0.1870114 0.1924525 0.1988296 0.2117070 0.1620403 0.1613386 0.0133399 0.0315576 0.1599205 0.1651167 0.0128808 0.0046330 0.0297402 0.2062691 0.1767791 0.1980447 0.1874342 0.1839591 0.0137368 0.1983494 0.1827726 0.1678698 0.1776980 0.1829706 0.2218276 0.1636926 0.1620403 0.1583573 0.2174325 0.0000000 0.2104539 
Peramelidae_Perameles_gunnii                 0.1348074 0.1263282 0.1524271 0.1706343 0.1683026 0.2068329 0.1591828 0.1616745 0.1755212 0.0006918 0.3378144 0.1362846 0.1969107 0.1966879 0.1254135 0.1538696 0.2010713 0.2025272 0.1821225 0.0121907 0.1709172 0.1696031 0.2119614 0.2039455 0.1906578 0.1486419 0.1423810 0.1372167 0.1613457 0.1555738 0.1874066 0.1566229 0.3378144 0.1300152 0.0125504 0.2104539 0.0000000 
