35
Burramyidae_Burramys_parvus                  0.0000000 0.0557303 0.0474521 0.0409177 0.0426580 0.0687028 0.0446657 0.0473991 0.0428826 0.0687056 0.0441618 0.0689351 0.0726352 0.0466363 0.0402620 0.0688600 0.0705668 0.0674143 0.0666162 0.0427311 0.0431677 0.0393859 0.0740503 0.0684982 0.0400686 0.0577179 0.0428219 0.0407123 0.0372168 0.0477127 0.0446692 0.0447952 0.0688919 0.0696940 0.0695658 
Notoryctidae_Notoryctes_typhlops             0.0557303 0.0000000 0.0598818 0.0643516 0.0673306 0.0699638 0.0665654 0.0675487 0.0676974 0.0747966 0.0660628 0.0715868 0.0795286 0.0687975 0.0556276 0.0722484 0.0720085 0.0731567 0.0717370 0.0677370 0.0625095 0.0439756 0.0792103 0.0715966 0.0669578 0.0628855 0.0643291 0.0665375 0.0565423 0.0672725 0.0606033 0.0668689 0.0721010 0.0715763 0.0748202 
Vombatidae_Lasiorhinus_latifrons             0.0474521 0.0598818 0.0000000 0.0570036 0.0593624 0.0736950 0.0571107 0.0605280 0.0604385 0.0720844 0.0582139 0.0742199 0.0791757 0.0606796 0.0504630 0.0748473 0.0742346 0.0748543 0.0673798 0.0581913 0.0556098 0.0458560 0.0787705 0.0757266 0.0537860 0.0584798 0.0557665 0.0560866 0.0503438 0.0582113 0.0566787 0.0584567 0.0682006 0.0740648 0.0725324 
Potoroidae_Bettongia_penicillata             0.0409177 0.0643516 0.0570036 0.0000000 0.0020979 0.0792120 0.0519118 0.0546323 0.0070721 0.0732680 0.0511623 0.0799879 0.0826434 0.0526853 0.0501861 0.0806453 0.0792775 0.0747038 0.0726176 0.0173811 0.0536541 0.0486234 0.0783794 0.0796022 0.0259990 0.0635419 0.0539188 0.0160712 0.0503410 0.0596576 0.0540576 0.0513739 0.0743883 0.0786047 0.0744234 
Potoroidae_Bettongia_lesueur                 0.0426580 0.0673306 0.0593624 0.0020979 0.0000000 0.0820925 0.0578255 0.0623844 0.0081962 0.0759120 0.0577232 0.0828071 0.0847200 0.0601172 0.0520835 0.0834319 0.0829431 0.0778399 0.0758694 0.0210356 0.0581939 0.0485610 0.0846205 0.0822495 0.0289931 0.0671273 0.0590317 0.0177958 0.0525849 0.0604994 0.0566167 0.0585789 0.0772639 0.0817823 0.0771735 
Dasyuridae_Dasyurus_maculatus                0.0687028 0.0699638 0.0736950 0.0792120 0.0820925 0.0000000 0.0801063 0.0803842 0.0830225 0.0843274 0.0766486 0.0133684 0.0255000 0.0824030 0.0719918 0.0133620 0.0063308 0.0250313 0.0811636 0.0824246 0.0796519 0.0484273 0.0900116 0.0138190 0.0805832 0.0705518 0.0784828 0.0828730 0.0728970 0.0729878 0.0790140 0.0797542 0.0828237 0.0046465 0.0846415 
Phalangeridae_Trichosurus_vulpecula          0.0446657 0.0665654 0.0571107 0.0519118 0.0578255 0.0801063 0.0000000 0.0195200 0.0591186 0.0790569 0.0175739 0.0814555 0.0842466 0.0195714 0.0507731 0.0815897 0.0816997 0.0785690 0.0767393 0.0571066 0.0553331 0.0475052 0.0851682 0.0813371 0.0522544 0.0639834 0.0475426 0.0559141 0.0493979 0.0553202 0.0554970 0.0177746 0.0793176 0.0809675 0.0798696 
Phalangeridae_Spilocuscus_maculatus          0.0473991 0.0675487 0.0605280 0.0546323 0.0623844 0.0803842 0.0195200 0.0000000 0.0622236 0.0828640 0.0091301 0.0819556 0.0873615 0.0104108 0.0529053 0.0823239 0.0826682 0.0795856 0.0804780 0.0623213 0.0556783 0.0476816 0.0852814 0.0826496 0.0562941 0.0667630 0.0499306 0.0610767 0.0513382 0.0584188 0.0600033 0.0085188 0.0813595 0.0812068 0.0834685 
Potoroidae_Aepyprymnus_rufescens             0.0428826 0.0676974 0.0604385 0.0070721 0.0081962 0.0830225 0.0591186 0.0622236 0.0000000 0.0766426 0.0592620 0.0829762 0.0844027 0.0611769 0.0514560 0.0835998 0.0833811 0.0782482 0.0770784 0.0204995 0.0580034 0.0490961 0.0850282 0.0824220 0.0299099 0.0684905 0.0594492 0.0179817 0.0527877 0.0606515 0.0566173 0.0592263 0.0789357 0.0822190 0.0779051 
Peramelidae_Perameles_nasuta                 0.0687056 0.0747966 0.0720844 0.0732680 0.0759120 0.0843274 0.0790569 0.0828640 0.0766426 0.0000000 0.0787095 0.0844988 0.0842578 0.0825462 0.0707373 0.0847187 0.0849598 0.0812829 0.0197549 0.0746090 0.0750618 0.0490513 0.0907806 0.0849305 0.0739161 0.0735563 0.0750568 0.0742858 0.0710538 0.0725550 0.0749209 0.0810817 0.0198294 0.0844253 0.0006621 
Phalangeridae_Strigocuscus_pelengensis       0.0441618 0.0660628 0.0582139 0.0511623 0.0577232 0.0766486 0.0175739 0.0091301 0.0592620 0.0787095 0.0000000 0.0783315 0.0834646 0.0089663 0.0490854 0.0782377 0.0785009 0.0770151 0.0759577 0.0581863 0.0520377 0.0458920 0.0813648 0.0788981 0.0534704 0.0640202 0.0465009 0.0567785 0.0469122 0.0556844 0.0555542 0.0077316 0.0769990 0.0777572 0.0791600 
Dasyuridae_Phascogale_tapoatafa              0.0689351 0.0715868 0.0742199 0.0799879 0.0828071 0.0133684 0.0814555 0.0819556 0.0829762 0.0844988 0.0783315 0.0000000 0.0257920 0.0840213 0.0732383 0.0021381 0.0144019 0.0255384 0.0816150 0.0842448 0.0801180 0.0487276 0.0906566 0.0080589 0.0796945 0.0724426 0.0786824 0.0822901 0.0729796 0.0759340 0.0797032 0.0815983 0.0826232 0.0144035 0.0848114 
Dasyuridae_Sminthopsis_macroura              0.0726352 0.0795286 0.0791757 0.0826434 0.0847200 0.0255000 0.0842466 0.0873615 0.0844027 0.0842578 0.0834646 0.0257920 0.0000000 0.0889237 0.0765151 0.0257575 0.0269559 0.0161632 0.0877281 0.0851741 0.0823005 0.0597431 0.0998178 0.0250395 0.0820589 0.0797060 0.0830215 0.0839487 0.0758292 0.0750847 0.0810280 0.0862248 0.0882540 0.0262163 0.0846008 
Phalangeridae_Phalanger_orientalis           0.0466363 0.0687975 0.0606796 0.0526853 0.0601172 0.0824030 0.0195714 0.0104108 0.0611769 0.0825462 0.0089663 0.0840213 0.0889237 0.0000000 0.0532198 0.0843909 0.0835168 0.0796457 0.0796897 0.0609052 0.0554934 0.0476989 0.0827867 0.0841659 0.0544845 0.0668491 0.0489306 0.0592282 0.0501712 0.0577736 0.0580239 0.0028045 0.0815108 0.0825361 0.0831678 
Acrobatidae_Acrobates_pygmaeus               0.0402620 0.0556276 0.0504630 0.0501861 0.0520835 0.0719918 0.0507731 0.0529053 0.0514560 0.0707373 0.0490854 0.0732383 0.0765151 0.0532198 0.0000000 0.0733865 0.0734243 0.0716497 0.0696109 0.0522012 0.0432031 0.0415013 0.0786786 0.0732220 0.0463334 0.0563294 0.0421839 0.0501099 0.0377091 0.0486062 0.0223300 0.0513133 0.0706420 0.0738661 0.0714525 
Dasyuridae_Phascogale_calura                 0.0688600 0.0722484 0.0748473 0.0806453 0.0834319 0.0133620 0.0815897 0.0823239 0.0835998 0.0847187 0.0782377 0.0021381 0.0257575 0.0843909 0.0733865 0.0000000 0.0150977 0.0253049 0.0820619 0.0848726 0.0795557 0.0493678 0.0911789 0.0078797 0.0807991 0.0723802 0.0785932 0.0829155 0.0728993 0.0758695 0.0793751 0.0817313 0.0830307 0.0147478 0.0852637 
Dasyuridae_Sarcophilus_harrisii              0.0705668 0.0720085 0.0742346 0.0792775 0.0829431 0.0063308 0.0816997 0.0826682 0.0833811 0.0849598 0.0785009 0.0144019 0.0269559 0.0835168 0.0734243 0.0150977 0.0000000 0.0253681 0.0815764 0.0833999 0.0795648 0.0491977 0.0917209 0.0150423 0.0811335 0.0720774 0.0793929 0.0833221 0.0734417 0.0730680 0.0794152 0.0810936 0.0837260 0.0053043 0.0852717 
Dasyuridae_Planigale_tenuirostris            0.0674143 0.0731567 0.0748543 0.0747038 0.0778399 0.0250313 0.0785690 0.0795856 0.0782482 0.0812829 0.0770151 0.0255384 0.0161632 0.0796457 0.0716497 0.0253049 0.0253681 0.0000000 0.0837409 0.0794381 0.0774751 0.0500331 0.0942933 0.0254369 0.0761716 0.0722358 0.0757838 0.0774824 0.0720150 0.0670404 0.0750216 0.0779150 0.0851117 0.0243792 0.0819158 
Peramelidae_Echymipera_kalubu                0.0666162 0.0717370 0.0673798 0.0726176 0.0758694 0.0811636 0.0767393 0.0804780 0.0770784 0.0197549 0.0759577 0.0816150 0.0877281 0.0796897 0.0696109 0.0820619 0.0815764 0.0837409 0.0000000 0.0740329 0.0737559 0.0451385 0.0849669 0.0816103 0.0735790 0.0672146 0.0740773 0.0745443 0.0703733 0.0742201 0.0754243 0.0777670 0.0123753 0.0810549 0.0191376 
Macropodidae_Dorcopsulus_vanheurni           0.0427311 0.0677370 0.0581913 0.0173811 0.0210356 0.0824246 0.0571066 0.0623213 0.0204995 0.0746090 0.0581863 0.0842448 0.0851741 0.0609052 0.0522012 0.0848726 0.0833999 0.0794381 0.0740329 0.0000000 0.0560488 0.0473633 0.0871759 0.0834115 0.0297524 0.0671429 0.0588901 0.0092579 0.0528898 0.0579655 0.0571724 0.0589390 0.0763137 0.0824605 0.0752866 
Pseudochiridae_Pseudochirulus_forbesi        0.0431677 0.0625095 0.0556098 0.0536541 0.0581939 0.0796519 0.0553331 0.0556783 0.0580034 0.0750618 0.0520377 0.0801180 0.0823005 0.0554934 0.0432031 0.0795557 0.0795648 0.0774751 0.0737559 0.0560488 0.0000000 0.0451876 0.0799165 0.0784489 0.0522199 0.0594789 0.0260119 0.0548109 0.0140721 0.0458470 0.0491977 0.0535895 0.0750100 0.0800131 0.0765414 
Didelphidae_Didelphis_virginiana             0.0393859 0.0439756 0.0458560 0.0486234 0.0485610 0.0484273 0.0475052 0.0476816 0.0490961 0.0490513 0.0458920 0.0487276 0.0597431 0.0476989 0.0415013 0.0493678 0.0491977 0.0500331 0.0451385 0.0473633 0.0451876 0.0000000 0.0181191 0.0504777 0.0455728 0.0474422 0.0468701 0.0470985 0.0407022 0.0518588 0.0458250 0.0471016 0.0480133 0.0492532 0.0504113 
Marmosidae_Monodelphis_domestica             0.0740503 0.0792103 0.0787705 0.0783794 0.0846205 0.0900116 0.0851682 0.0852814 0.0850282 0.0907806 0.0813648 0.0906566 0.0998178 0.0827867 0.0786786 0.0911789 0.0917209 0.0942933 0.0849669 0.0871759 0.0799165 0.0181191 0.0000000 0.0924245 0.0818645 0.0783438 0.0809926 0.0842393 0.0757884 0.0811062 0.0836272 0.0806882 0.0887188 0.0909831 0.0922228 
Dasyuridae_Antechinus_stuartii               0.0684982 0.0715966 0.0757266 0.0796022 0.0822495 0.0138190 0.0813371 0.0826496 0.0824220 0.0849305 0.0788981 0.0080589 0.0250395 0.0841659 0.0732220 0.0078797 0.0150423 0.0254369 0.0816103 0.0834115 0.0784489 0.0504777 0.0924245 0.0000000 0.0795271 0.0729108 0.0778359 0.0812245 0.0719417 0.0748284 0.0785879 0.0815707 0.0836965 0.0152178 0.0850807 
Hypsiprymnodontidae_Hypsiprymnodon_moschatus 0.0400686 0.0669578 0.0537860 0.0259990 0.0289931 0.0805832 0.0522544 0.0562941 0.0299099 0.0739161 0.0534704 0.0796945 0.0820589 0.0544845 0.0463334 0.0807991 0.0811335 0.0761716 0.0735790 0.0297524 0.0522199 0.0455728 0.0818645 0.0795271 0.0000000 0.0642639 0.0539409 0.0288030 0.0472761 0.0555419 0.0508032 0.0527652 0.0741626 0.0816974 0.0743148 
Microbiotheriidae_Dromiciops_gliroides       0.0577179 0.0628855 0.0584798 0.0635419 0.0671273 0.0705518 0.0639834 0.0667630 0.0684905 0.0735563 0.0640202 0.0724426 0.0797060 0.0668491 0.0563294 0.0723802 0.0720774 0.0722358 0.0672146 0.0671429 0.0594789 0.0474422 0.0783438 0.0729108 0.0642639 0.0000000 0.0632772 0.0666453 0.0570637 0.0650501 0.0625564 0.0653669 0.0695923 0.0711539 0.0736966 
Pseudochiridae_Petauroides_volans            0.0428219 0.0643291 0.0557665 0.0539188 0.0590317 0.0784828 0.0475426 0.0499306 0.0594492 0.0750568 0.0465009 0.0786824 0.0830215 0.0489306 0.0421839 0.0785932 0.0793929 0.0757838 0.0740773 0.0588901 0.0260119 0.0468701 0.0809926 0.0778359 0.0539409 0.0632772 0.0000000 0.0567710 0.0214950 0.0451060 0.0488718 0.0474977 0.0752374 0.0801089 0.0760225 
Macropodidae_Wallabia_bicolor                0.0407123 0.0665375 0.0560866 0.0160712 0.0177958 0.0828730 0.0559141 0.0610767 0.0179817 0.0742858 0.0567785 0.0822901 0.0839487 0.0592282 0.0501099 0.0829155 0.0833221 0.0774824 0.0745443 0.0092579 0.0548109 0.0470985 0.0842393 0.0812245 0.0288030 0.0666453 0.0567710 0.0000000 0.0503639 0.0580387 0.0540019 0.0577079 0.0760737 0.0823839 0.0753375 
Pseudochiridae_Pseudocheirus_occidentalis    0.0372168 0.0565423 0.0503438 0.0503410 0.0525849 0.0728970 0.0493979 0.0513382 0.0527877 0.0710538 0.0469122 0.0729796 0.0758292 0.0501712 0.0377091 0.0728993 0.0734417 0.0720150 0.0703733 0.0528898 0.0140721 0.0407022 0.0757884 0.0719417 0.0472761 0.0570637 0.0214950 0.0503639 0.0000000 0.0450401 0.0435413 0.0493214 0.0713398 0.0743500 0.0726493 
Tarsipedidae_Tarsipes_rostratus              0.0477127 0.0672725 0.0582113 0.0596576 0.0604994 0.0729878 0.0553202 0.0584188 0.0606515 0.0725550 0.0556844 0.0759340 0.0750847 0.0577736 0.0486062 0.0758695 0.0730680 0.0670404 0.0742201 0.0579655 0.0458470 0.0518588 0.0811062 0.0748284 0.0555419 0.0650501 0.0451060 0.0580387 0.0450401 0.0000000 0.0543247 0.0552773 0.0770559 0.0728998 0.0730235 
Acrobatidae_Distoechurus_pennatus            0.0446692 0.0606033 0.0566787 0.0540576 0.0566167 0.0790140 0.0554970 0.0600033 0.0566173 0.0749209 0.0555542 0.0797032 0.0810280 0.0580239 0.0223300 0.0793751 0.0794152 0.0750216 0.0754243 0.0571724 0.0491977 0.0458250 0.0836272 0.0785879 0.0508032 0.0625564 0.0488718 0.0540019 0.0435413 0.0543247 0.0000000 0.0566639 0.0754352 0.0794291 0.0755374 
Phalangeridae_Phalanger_carmelitae           0.0447952 0.0668689 0.0584567 0.0513739 0.0585789 0.0797542 0.0177746 0.0085188 0.0592263 0.0810817 0.0077316 0.0815983 0.0862248 0.0028045 0.0513133 0.0817313 0.0810936 0.0779150 0.0777670 0.0589390 0.0535895 0.0471016 0.0806882 0.0815707 0.0527652 0.0653669 0.0474977 0.0577079 0.0493214 0.0552773 0.0566639 0.0000000 0.0795798 0.0798888 0.0816893 
Peramelidae_Peroryctes_raffrayana            0.0688919 0.0721010 0.0682006 0.0743883 0.0772639 0.0828237 0.0793176 0.0813595 0.0789357 0.0198294 0.0769990 0.0826232 0.0882540 0.0815108 0.0706420 0.0830307 0.0837260 0.0851117 0.0123753 0.0763137 0.0750100 0.0480133 0.0887188 0.0836965 0.0741626 0.0695923 0.0752374 0.0760737 0.0713398 0.0770559 0.0754352 0.0795798 0.0000000 0.0836288 0.0190485 
Dasyuridae_Dasyurus_geffroii                 0.0696940 0.0715763 0.0740648 0.0786047 0.0817823 0.0046465 0.0809675 0.0812068 0.0822190 0.0844253 0.0777572 0.0144035 0.0262163 0.0825361 0.0738661 0.0147478 0.0053043 0.0243792 0.0810549 0.0824605 0.0800131 0.0492532 0.0909831 0.0152178 0.0816974 0.0711539 0.0801089 0.0823839 0.0743500 0.0728998 0.0794291 0.0798888 0.0836288 0.0000000 0.0847387 
Peramelidae_Perameles_gunnii                 0.0695658 0.0748202 0.0725324 0.0744234 0.0771735 0.0846415 0.0798696 0.0834685 0.0779051 0.0006621 0.0791600 0.0848114 0.0846008 0.0831678 0.0714525 0.0852637 0.0852717 0.0819158 0.0191376 0.0752866 0.0765414 0.0504113 0.0922228 0.0850807 0.0743148 0.0736966 0.0760225 0.0753375 0.0726493 0.0730235 0.0755374 0.0816893 0.0190485 0.0847387 0.0000000 
