37
Burramyidae_Burramys_parvus                  0.0000000 0.0808788 0.0622741 0.0588326 0.0602041 0.0902234 0.0472191 0.0618688 0.0605696 0.0982252 0.0545283 0.0973597 0.0884176 0.0562656 0.0721881 0.0972620 0.0874936 0.0887810 0.0958920 0.0631605 0.0688282 0.1272547 0.1127037 0.0955927 0.0562649 0.0931001 0.0690543 0.0625647 0.0700451 0.1104166 0.0640881 0.0550304 0.1000201 0.0937619 0.0966589 9.0000000 9.0000000 
Notoryctidae_Notoryctes_typhlops             0.0808788 0.0000000 0.0864962 0.0778870 0.0771059 0.0903804 0.0629165 0.0869307 0.0770129 0.0918673 0.0726706 0.0974588 0.0911817 0.0741088 0.0777140 0.0928190 0.0872930 0.0820810 0.0922687 0.0765592 0.0718816 0.1068072 0.1029511 0.0936524 0.0700779 0.0928058 0.0768226 0.0744615 0.0750532 0.1206996 0.0711013 0.0736797 0.0941151 0.0907869 0.0929873 0.0469083 0.0469083 
Vombatidae_Lasiorhinus_latifrons             0.0622741 0.0864962 0.0000000 0.0752734 0.0745104 0.1006777 0.0576657 0.0707167 0.0743017 0.1005972 0.0659019 0.1097028 0.1024679 0.0640583 0.0769727 0.1079253 0.0967756 0.0985127 0.0993940 0.0778010 0.0784832 0.1306173 0.1170108 0.1094200 0.0695665 0.1041974 0.0827920 0.0761754 0.0818205 0.1183209 0.0734109 0.0637660 0.0988100 0.1072986 0.0996858 9.0000000 9.0000000 
Potoroidae_Bettongia_penicillata             0.0588326 0.0778870 0.0752734 0.0000000 0.0034740 0.0957398 0.0576103 0.0741102 0.0086617 0.0914652 0.0646085 0.1058384 0.0936476 0.0689470 0.0695823 0.1022718 0.0945418 0.0918035 0.0898422 0.0181059 0.0702038 0.1261793 0.1135611 0.0998307 0.0280199 0.0890539 0.0714681 0.0189396 0.0754473 0.1060863 0.0651877 0.0685863 0.0923019 0.0978874 0.0916109 0.0406070 0.0406070 
Potoroidae_Bettongia_lesueur                 0.0602041 0.0771059 0.0745104 0.0034740 0.0000000 0.0970054 0.0569313 0.0739081 0.0081766 0.0922089 0.0643582 0.1060451 0.0966003 0.0686357 0.0693637 0.1012300 0.0947621 0.0934689 0.0905391 0.0177782 0.0712756 0.1255248 0.1162117 0.1001059 0.0285322 0.0886870 0.0716197 0.0186044 0.0749950 0.1073989 0.0660320 0.0687503 0.0930488 0.0981511 0.0923104 0.0425056 0.0425056 
Dasyuridae_Dasyurus_maculatus                0.0902234 0.0903804 0.1006777 0.0957398 0.0970054 0.0000000 0.0866104 0.1084072 0.0982334 0.1112076 0.0910962 0.0229933 0.0305243 0.0957103 0.1022831 0.0225837 0.0083031 0.0305380 0.1079760 0.0956237 0.0954105 0.1263065 0.1132757 0.0252786 0.0912329 0.1016677 0.1025430 0.0969207 0.0981957 0.1312233 0.0944852 0.0948976 0.1095515 0.0047822 0.1112736 0.0551234 0.0551234 
Phalangeridae_Trichosurus_vulpecula          0.0472191 0.0629165 0.0576657 0.0576103 0.0569313 0.0866104 0.0000000 0.0247300 0.0574392 0.0816986 0.0195529 0.0958551 0.0859290 0.0195784 0.0595090 0.0930246 0.0879589 0.0849821 0.0810804 0.0551472 0.0572055 0.1012501 0.1002684 0.0928151 0.0498969 0.0845713 0.0587114 0.0541512 0.0606080 0.0954672 0.0572625 0.0212383 0.0819518 0.0861012 0.0812288 0.0481316 0.0481316 
Phalangeridae_Spilocuscus_maculatus          0.0618688 0.0869307 0.0707167 0.0741102 0.0739081 0.1084072 0.0247300 0.0000000 0.0739079 0.1053523 0.0135093 0.1137982 0.1022466 0.0125640 0.0719312 0.1120236 0.1043548 0.1031291 0.1068173 0.0733081 0.0709925 0.1274594 0.1187806 0.1109593 0.0677511 0.1099869 0.0747426 0.0737985 0.0721787 0.1228891 0.0653820 0.0125289 0.1083083 0.1063136 0.1057807 9.0000000 9.0000000 
Potoroidae_Aepyprymnus_rufescens             0.0605696 0.0770129 0.0743017 0.0086617 0.0081766 0.0982334 0.0574392 0.0739079 0.0000000 0.0919789 0.0645450 0.1061483 0.0966108 0.0702476 0.0727162 0.1025428 0.0970199 0.0925436 0.0929445 0.0202393 0.0720834 0.1260113 0.1157375 0.0999849 0.0295933 0.0890974 0.0737829 0.0211115 0.0763897 0.1072663 0.0651847 0.0703588 0.0944778 0.1004897 0.0919394 0.0522612 0.0522612 
Peramelidae_Perameles_nasuta                 0.0982252 0.0918673 0.1005972 0.0914652 0.0922089 0.1112076 0.0816986 0.1053523 0.0919789 0.0000000 0.0932548 0.1189023 0.1127650 0.0932302 0.0921289 0.1151254 0.1079784 0.1146002 0.0119308 0.0904154 0.0969889 0.1288321 0.1280247 0.1214120 0.0860424 0.1129893 0.1013731 0.0903007 0.0975305 0.1355104 0.0920526 0.0922065 0.0141106 0.1116319 0.0014031 0.0549711 0.0549711 
Phalangeridae_Strigocuscus_pelengensis       0.0545283 0.0726706 0.0659019 0.0646085 0.0643582 0.0910962 0.0195529 0.0135093 0.0645450 0.0932548 0.0000000 0.0969535 0.0878092 0.0093353 0.0619340 0.0952258 0.0888624 0.0874556 0.0953254 0.0638369 0.0649969 0.1091734 0.1043693 0.0947152 0.0582669 0.0927346 0.0666490 0.0636836 0.0677354 0.1047278 0.0618461 0.0100436 0.0965789 0.0901694 0.0949787 0.0558385 0.0558385 
Dasyuridae_Phascogale_tapoatafa              0.0973597 0.0974588 0.1097028 0.1058384 0.1060451 0.0229933 0.0958551 0.1137982 0.1061483 0.1189023 0.0969535 0.0000000 0.0346468 0.0997346 0.1058392 0.0030186 0.0222986 0.0315648 0.1127701 0.1048259 0.1031357 0.1346303 0.1238085 0.0101115 0.1005235 0.1044564 0.1079166 0.1066558 0.1041947 0.1361365 0.0991336 0.0983023 0.1163553 0.0230233 0.1195706 0.0613426 0.0613426 
Dasyuridae_Sminthopsis_macroura              0.0884176 0.0911817 0.1024679 0.0936476 0.0966003 0.0305243 0.0859290 0.1022466 0.0966108 0.1127650 0.0878092 0.0346468 0.0000000 0.0924505 0.1007113 0.0352061 0.0307358 0.0191462 0.1100207 0.0963551 0.0967166 0.1245065 0.1216725 0.0377500 0.0889263 0.1011845 0.1017291 0.0961491 0.1000772 0.1329342 0.0909061 0.0900436 0.1104367 0.0314374 0.1129729 0.0674673 0.0674673 
Phalangeridae_Phalanger_orientalis           0.0562656 0.0741088 0.0640583 0.0689470 0.0686357 0.0957103 0.0195784 0.0125640 0.0702476 0.0932302 0.0093353 0.0997346 0.0924505 0.0000000 0.0637820 0.0974641 0.0913299 0.0898264 0.0958864 0.0685308 0.0637082 0.1086808 0.1038891 0.0973773 0.0612095 0.0905076 0.0652097 0.0684325 0.0655771 0.1053173 0.0613066 0.0045475 0.0946867 0.0921176 0.0944327 0.0605036 0.0605036 
Acrobatidae_Acrobates_pygmaeus               0.0721881 0.0777140 0.0769727 0.0695823 0.0693637 0.1022831 0.0595090 0.0719312 0.0727162 0.0921289 0.0619340 0.1058392 0.1007113 0.0637820 0.0000000 0.1047818 0.1000349 0.0962165 0.0910039 0.0690873 0.0596939 0.1146402 0.1004768 0.1074300 0.0637887 0.0982506 0.0610537 0.0665443 0.0597935 0.1023923 0.0321984 0.0625044 0.0919276 0.1043292 0.0906613 0.0485968 0.0485968 
Dasyuridae_Phascogale_calura                 0.0972620 0.0928190 0.1079253 0.1022718 0.1012300 0.0225837 0.0930246 0.1120236 0.1025428 0.1151254 0.0952258 0.0030186 0.0352061 0.0974641 0.1047818 0.0000000 0.0222147 0.0329040 0.1090404 0.1017712 0.0985278 0.1310746 0.1209378 0.0100972 0.0976210 0.1019189 0.1025949 0.1030029 0.0990149 0.1327495 0.0965647 0.0966188 0.1126274 0.0232361 0.1157213 0.0514176 0.0514176 
Dasyuridae_Sarcophilus_harrisii              0.0874936 0.0872930 0.0967756 0.0945418 0.0947621 0.0083031 0.0879589 0.1043548 0.0970199 0.1079784 0.0888624 0.0222986 0.0307358 0.0913299 0.1000349 0.0222147 0.0000000 0.0307811 0.1075008 0.0938392 0.0952564 0.1234520 0.1106355 0.0255786 0.0894688 0.1057250 0.1026419 0.0945607 0.0959422 0.1271007 0.0928479 0.0905344 0.1090830 0.0081149 0.1092341 0.0593915 0.0593915 
Dasyuridae_Planigale_tenuirostris            0.0887810 0.0820810 0.0985127 0.0918035 0.0934689 0.0305380 0.0849821 0.1031291 0.0925436 0.1146002 0.0874556 0.0315648 0.0191462 0.0898264 0.0962165 0.0329040 0.0307811 0.0000000 0.1095446 0.0940466 0.0942890 0.1116944 0.1039560 0.0350443 0.0899066 0.0978620 0.0983852 0.0933525 0.0964535 0.1237572 0.0856083 0.0873345 0.1109708 0.0327950 0.1151664 0.0558636 0.0558636 
Peramelidae_Echymipera_kalubu                0.0958920 0.0922687 0.0993940 0.0898422 0.0905391 0.1079760 0.0810804 0.1068173 0.0929445 0.0119308 0.0953254 0.1127701 0.1100207 0.0958864 0.0910039 0.1090404 0.1075008 0.1095446 0.0000000 0.0887741 0.0965005 0.1297399 0.1278133 0.1177571 0.0843183 0.1076892 0.0986445 0.0865227 0.0990558 0.1290463 0.0925408 0.0964860 0.0097217 0.1107897 0.0116954 0.0602432 0.0602432 
Macropodidae_Dorcopsulus_vanheurni           0.0631605 0.0765592 0.0778010 0.0181059 0.0177782 0.0956237 0.0551472 0.0733081 0.0202393 0.0904154 0.0638369 0.1048259 0.0963551 0.0685308 0.0690873 0.1017712 0.0938392 0.0940466 0.0887741 0.0000000 0.0668174 0.1175894 0.1110873 0.0985550 0.0313049 0.0877369 0.0665068 0.0060683 0.0690651 0.1026225 0.0642188 0.0692676 0.0901470 0.0955638 0.0898730 0.0400658 0.0400658 
Pseudochiridae_Pseudochirulus_forbesi        0.0688282 0.0718816 0.0784832 0.0702038 0.0712756 0.0954105 0.0572055 0.0709925 0.0720834 0.0969889 0.0649969 0.1031357 0.0967166 0.0637082 0.0596939 0.0985278 0.0952564 0.0942890 0.0965005 0.0668174 0.0000000 0.1115736 0.1081452 0.0981749 0.0666901 0.0980572 0.0310710 0.0684299 0.0165851 0.0780504 0.0504509 0.0638362 0.0980051 0.0981506 0.0959589 0.0469919 0.0469919 
Didelphidae_Didelphis_virginiana             0.1272547 0.1068072 0.1306173 0.1261793 0.1255248 0.1263065 0.1012501 0.1274594 0.1260113 0.1288321 0.1091734 0.1346303 0.1245065 0.1086808 0.1146402 0.1310746 0.1234520 0.1116944 0.1297399 0.1175894 0.1115736 0.0000000 0.0424416 0.1338010 0.1139314 0.1236857 0.1168904 0.1200419 0.1122852 0.1442151 0.1064816 0.1084150 0.1312143 0.1258680 0.1288248 0.0493539 0.0493539 
Marmosidae_Monodelphis_domestica             0.1127037 0.1029511 0.1170108 0.1135611 0.1162117 0.1132757 0.1002684 0.1187806 0.1157375 0.1280247 0.1043693 0.1238085 0.1216725 0.1038891 0.1004768 0.1209378 0.1106355 0.1039560 0.1278133 0.1110873 0.1081452 0.0424416 0.0000000 0.1190286 0.1040693 0.1208842 0.1099674 0.1112182 0.1058730 0.1405973 0.1027439 0.1042865 0.1305159 0.1139969 0.1267769 0.0547538 0.0547538 
Dasyuridae_Antechinus_stuartii               0.0955927 0.0936524 0.1094200 0.0998307 0.1001059 0.0252786 0.0928151 0.1109593 0.0999849 0.1214120 0.0947152 0.0101115 0.0377500 0.0973773 0.1074300 0.0100972 0.0255786 0.0350443 0.1177571 0.0985550 0.0981749 0.1338010 0.1190286 0.0000000 0.0965216 0.1078050 0.1020256 0.0987102 0.0967165 0.1295753 0.0989075 0.0953549 0.1178681 0.0255944 0.1228456 0.0568787 0.0568787 
Hypsiprymnodontidae_Hypsiprymnodon_moschatus 0.0562649 0.0700779 0.0695665 0.0280199 0.0285322 0.0912329 0.0498969 0.0677511 0.0295933 0.0860424 0.0582669 0.1005235 0.0889263 0.0612095 0.0637887 0.0976210 0.0894688 0.0899066 0.0843183 0.0313049 0.0666901 0.1139314 0.1040693 0.0965216 0.0000000 0.0887431 0.0651259 0.0316712 0.0686804 0.1051968 0.0576157 0.0622269 0.0858392 0.0928742 0.0861358 0.0506861 0.0506861 
Microbiotheriidae_Dromiciops_gliroides       0.0931001 0.0928058 0.1041974 0.0890539 0.0886870 0.1016677 0.0845713 0.1099869 0.0890974 0.1129893 0.0927346 0.1044564 0.1011845 0.0905076 0.0982506 0.1019189 0.1057250 0.0978620 0.1076892 0.0877369 0.0980572 0.1236857 0.1208842 0.1078050 0.0887431 0.0000000 0.0922137 0.0839038 0.0948009 0.1244052 0.0888576 0.0906811 0.1081389 0.1069619 0.1128889 0.0415579 0.0415579 
Pseudochiridae_Petauroides_volans            0.0690543 0.0768226 0.0827920 0.0714681 0.0716197 0.1025430 0.0587114 0.0747426 0.0737829 0.1013731 0.0666490 0.1079166 0.1017291 0.0652097 0.0610537 0.1025949 0.1026419 0.0983852 0.0986445 0.0665068 0.0310710 0.1168904 0.1099674 0.1020256 0.0651259 0.0922137 0.0000000 0.0686394 0.0308147 0.0836366 0.0561360 0.0652777 0.1004907 0.1055336 0.1018958 0.0527058 0.0527058 
Macropodidae_Wallabia_bicolor                0.0625647 0.0744615 0.0761754 0.0189396 0.0186044 0.0969207 0.0541512 0.0737985 0.0211115 0.0903007 0.0636836 0.1066558 0.0961491 0.0684325 0.0665443 0.1030029 0.0945607 0.0933525 0.0865227 0.0060683 0.0684299 0.1200419 0.1112182 0.0987102 0.0316712 0.0839038 0.0686394 0.0000000 0.0698183 0.1048256 0.0648054 0.0691728 0.0859444 0.0980177 0.0898509 0.0370323 0.0370323 
Pseudochiridae_Pseudocheirus_occidentalis    0.0700451 0.0750532 0.0818205 0.0754473 0.0749950 0.0981957 0.0606080 0.0721787 0.0763897 0.0975305 0.0677354 0.1041947 0.1000772 0.0655771 0.0597935 0.0990149 0.0959422 0.0964535 0.0990558 0.0690651 0.0165851 0.1122852 0.1058730 0.0967165 0.0686804 0.0948009 0.0308147 0.0698183 0.0000000 0.0811358 0.0534800 0.0647927 0.0989208 0.1015572 0.0965509 0.0496764 0.0496764 
Tarsipedidae_Tarsipes_rostratus              0.1104166 0.1206996 0.1183209 0.1060863 0.1073989 0.1312233 0.0954672 0.1228891 0.1072663 0.1355104 0.1047278 0.1361365 0.1329342 0.1053173 0.1023923 0.1327495 0.1271007 0.1237572 0.1290463 0.1026225 0.0780504 0.1442151 0.1405973 0.1295753 0.1051968 0.1244052 0.0836366 0.1048256 0.0811358 0.0000000 0.0973420 0.1066298 0.1329944 0.1345251 0.1349076 0.0631695 0.0631695 
Acrobatidae_Distoechurus_pennatus            0.0640881 0.0711013 0.0734109 0.0651877 0.0660320 0.0944852 0.0572625 0.0653820 0.0651847 0.0920526 0.0618461 0.0991336 0.0909061 0.0613066 0.0321984 0.0965647 0.0928479 0.0856083 0.0925408 0.0642188 0.0504509 0.1064816 0.1027439 0.0989075 0.0576157 0.0888576 0.0561360 0.0648054 0.0534800 0.0973420 0.0000000 0.0613422 0.0891320 0.0954440 0.0910905 0.0591865 0.0591865 
Phalangeridae_Phalanger_carmelitae           0.0550304 0.0736797 0.0637660 0.0685863 0.0687503 0.0948976 0.0212383 0.0125289 0.0703588 0.0922065 0.0100436 0.0983023 0.0900436 0.0045475 0.0625044 0.0966188 0.0905344 0.0873345 0.0964860 0.0692676 0.0638362 0.1084150 0.1042865 0.0953549 0.0622269 0.0906811 0.0652777 0.0691728 0.0647927 0.1066298 0.0613422 0.0000000 0.0947486 0.0897159 0.0950354 0.0666776 0.0666776 
Peramelidae_Peroryctes_raffrayana            0.1000201 0.0941151 0.0988100 0.0923019 0.0930488 0.1095515 0.0819518 0.1083083 0.0944778 0.0141106 0.0965789 0.1163553 0.1104367 0.0946867 0.0919276 0.1126274 0.1090830 0.1109708 0.0097217 0.0901470 0.0980051 0.1312143 0.1305159 0.1178681 0.0858392 0.1081389 0.1004907 0.0859444 0.0989208 0.1329944 0.0891320 0.0947486 0.0000000 0.1123838 0.0146450 0.0607048 0.0607048 
Dasyuridae_Dasyurus_geffroii                 0.0937619 0.0907869 0.1072986 0.0978874 0.0981511 0.0047822 0.0861012 0.1063136 0.1004897 0.1116319 0.0901694 0.0230233 0.0314374 0.0921176 0.1043292 0.0232361 0.0081149 0.0327950 0.1107897 0.0955638 0.0981506 0.1258680 0.1139969 0.0255944 0.0928742 0.1069619 0.1055336 0.0980177 0.1015572 0.1345251 0.0954440 0.0897159 0.1123838 0.0000000 0.1119254 0.0560093 0.0560093 
Peramelidae_Perameles_gunnii                 0.0966589 0.0929873 0.0996858 0.0916109 0.0923104 0.1112736 0.0812288 0.1057807 0.0919394 0.0014031 0.0949787 0.1195706 0.1129729 0.0944327 0.0906613 0.1157213 0.1092341 0.1151664 0.0116954 0.0898730 0.0959589 0.1288248 0.1267769 0.1228456 0.0861358 0.1128889 0.1018958 0.0898509 0.0965509 0.1349076 0.0910905 0.0950354 0.0146450 0.1119254 0.0000000 0.0636429 0.0636429 
Vombatidae_Vombatus_ursinus1                 9.0000000 0.0469083 9.0000000 0.0406070 0.0425056 0.0551234 0.0481316 9.0000000 0.0522612 0.0549711 0.0558385 0.0613426 0.0674673 0.0605036 0.0485968 0.0514176 0.0593915 0.0558636 0.0602432 0.0400658 0.0469919 0.0493539 0.0547538 0.0568787 0.0506861 0.0415579 0.0527058 0.0370323 0.0496764 0.0631695 0.0591865 0.0666776 0.0607048 0.0560093 0.0636429 0.0000000 0.0000010 
Vombatidae_Vombatus_ursinus2                 9.0000000 0.0469083 9.0000000 0.0406070 0.0425056 0.0551234 0.0481316 9.0000000 0.0522612 0.0549711 0.0558385 0.0613426 0.0674673 0.0605036 0.0485968 0.0514176 0.0593915 0.0558636 0.0602432 0.0400658 0.0469919 0.0493539 0.0547538 0.0568787 0.0506861 0.0415579 0.0527058 0.0370323 0.0496764 0.0631695 0.0591865 0.0666776 0.0607048 0.0560093 0.0636429 0.0000010 0.0000000 
