35
Burramyidae_Burramys_parvus                  0.0000000 0.0800756 0.0416731 0.0427867 0.0449062 0.0734550 0.0446569 0.0165632 0.0459960 0.0715804 0.0307688 0.0773992 0.0314038 0.0288966 0.0772798 0.0809184 0.0747697 0.0760934 0.0426373 0.0520430 0.0979321 0.0697455 0.0766209 0.0406205 0.0593245 0.0394652 0.0436186 0.0401031 0.0652303 0.0361163 0.0312506 0.0725444 0.0785327 0.0727292 0.0781641 
Notoryctidae_Notoryctes_typhlops             0.0800756 0.0000000 0.0725945 0.0792151 0.0816516 0.0901184 0.0960328 0.0386003 0.0828646 0.0927452 0.0731976 0.0981875 0.0704356 0.0688179 0.0997046 0.0965264 0.0928481 0.0934762 0.0782632 0.0867766 0.1147170 0.0854337 0.0937087 0.0752883 0.0872843 0.0802306 0.0776447 0.0777701 0.1051105 0.0785667 0.0716006 0.0946663 0.0935397 0.0929394 0.1089200 
Vombatidae_Lasiorhinus_latifrons             0.0416731 0.0725945 0.0000000 0.0488298 0.0509954 0.0678799 0.0483570 0.0126851 0.0505890 0.0720936 0.0372372 0.0691893 0.0396943 0.0340567 0.0711365 0.0702160 0.0648917 0.0784790 0.0459230 0.0502393 0.0913404 0.0641107 0.0705060 0.0431442 0.0535779 0.0446016 0.0462104 0.0409291 0.0730949 0.0374030 0.0381334 0.0745955 0.0663762 0.0736973 0.0744688 
Potoroidae_Bettongia_penicillata             0.0427867 0.0792151 0.0488298 0.0000000 0.0007172 0.0799087 0.0543606 0.0114258 0.0032964 0.0800363 0.0398980 0.0817718 0.0369876 0.0407071 0.0816715 0.0821826 0.0806768 0.0812965 0.0087066 0.0576200 0.1129083 0.0755783 0.0803388 0.0191352 0.0655632 0.0512794 0.0089805 0.0436668 0.0738675 0.0505279 0.0367330 0.0833549 0.0844897 0.0814882 0.0906193 
Potoroidae_Bettongia_lesueur                 0.0449062 0.0816516 0.0509954 0.0007172 0.0000000 0.0815538 0.0564997 0.0122397 0.0036569 0.0825100 0.0420380 0.0834792 0.0389995 0.0428461 0.0833881 0.0838998 0.0824300 0.0837347 0.0092446 0.0591303 0.1148050 0.0766028 0.0820761 0.0201188 0.0677631 0.0527215 0.0095301 0.0444588 0.0755644 0.0526459 0.0387345 0.0858085 0.0861810 0.0839779 0.0917851 
Dasyuridae_Dasyurus_maculatus                0.0734550 0.0901184 0.0678799 0.0799087 0.0815538 0.0000000 0.0845022 0.0316063 0.0843266 0.0885067 0.0692303 0.0132227 0.0674655 0.0633762 0.0119351 0.0035614 0.0114930 0.0885722 0.0761082 0.0817380 0.1143139 0.0811921 0.0122952 0.0750785 0.0706529 0.0709679 0.0772360 0.0662314 0.0982150 0.0682816 0.0649938 0.0904106 0.0030245 0.0908945 0.0149431 
Phalangeridae_Trichosurus_vulpecula          0.0446569 0.0960328 0.0483570 0.0543606 0.0564997 0.0845022 0.0000000 0.0041990 0.0577195 0.0897163 0.0178405 0.0848611 0.0167687 0.0440985 0.0847762 0.0901004 0.0857771 0.0884431 0.0548148 0.0624877 0.1071158 0.0744009 0.0837959 0.0520131 0.0691547 0.0553646 0.0558987 0.0516577 0.0785932 0.0514764 0.0162420 0.0851912 0.0860291 0.0909890 0.0989840 
Phalangeridae_Spilocuscus_maculatus          0.0165632 0.0386003 0.0126851 0.0114258 0.0122397 0.0316063 0.0041990 0.0000000 0.0122037 0.0466976 0.0030123 0.0365466 0.0022062 0.0093808 0.0370766 0.0349636 0.0286105 0.0477139 0.0114427 0.0169993 0.0407754 0.0279997 0.0339412 0.0143457 0.0245887 0.0132474 0.0123158 0.0087434 0.0295910 0.0170194 0.0018338 0.0476490 0.0349196 0.0501560 0.0168714 
Potoroidae_Aepyprymnus_rufescens             0.0459960 0.0828646 0.0505890 0.0032964 0.0036569 0.0843266 0.0577195 0.0122037 0.0000000 0.0813011 0.0432286 0.0861924 0.0388736 0.0414632 0.0861140 0.0850517 0.0863362 0.0819081 0.0100702 0.0616025 0.1152183 0.0770235 0.0857027 0.0205315 0.0698451 0.0539085 0.0103709 0.0485347 0.0768692 0.0511360 0.0399355 0.0839847 0.0890178 0.0827267 0.0967501 
Peramelidae_Perameles_nasuta                 0.0715804 0.0927452 0.0720936 0.0800363 0.0825100 0.0885067 0.0897163 0.0466976 0.0813011 0.0000000 0.0758142 0.0927302 0.0740611 0.0726203 0.0916318 0.0925900 0.0905149 0.0078633 0.0821225 0.0892465 0.1201207 0.0933202 0.0906108 0.0738164 0.0814548 0.0798615 0.0812123 0.0767505 0.1091027 0.0749720 0.0745926 0.0054463 0.0910243 0.0004348 0.0985054 
Phalangeridae_Strigocuscus_pelengensis       0.0307688 0.0731976 0.0372372 0.0398980 0.0420380 0.0692303 0.0178405 0.0030123 0.0432286 0.0758142 0.0000000 0.0738133 0.0035667 0.0289121 0.0752082 0.0761981 0.0666510 0.0752230 0.0391910 0.0487598 0.0830390 0.0547757 0.0714559 0.0384338 0.0528081 0.0421566 0.0405644 0.0377990 0.0581697 0.0390732 0.0035632 0.0715023 0.0729130 0.0776448 0.0813453 
Dasyuridae_Phascogale_tapoatafa              0.0773992 0.0981875 0.0691893 0.0817718 0.0834792 0.0132227 0.0848611 0.0365466 0.0861924 0.0927302 0.0738133 0.0000000 0.0742390 0.0674392 0.0013287 0.0137233 0.0154889 0.0934382 0.0773704 0.0851505 0.1206620 0.0896229 0.0040403 0.0752846 0.0780184 0.0729529 0.0763089 0.0674864 0.1028950 0.0699567 0.0716986 0.0923346 0.0126639 0.0958869 0.0183963 
Phalangeridae_Phalanger_orientalis           0.0314038 0.0704356 0.0396943 0.0369876 0.0389995 0.0674655 0.0167687 0.0022062 0.0388736 0.0740611 0.0035667 0.0742390 0.0000000 0.0280112 0.0740844 0.0740919 0.0681099 0.0747951 0.0356436 0.0455771 0.0848779 0.0608556 0.0734618 0.0362602 0.0516329 0.0392356 0.0358134 0.0362124 0.0561180 0.0369235 0.0014798 0.0699971 0.0709277 0.0757301 0.0806872 
Acrobatidae_Acrobates_pygmaeus               0.0288966 0.0688179 0.0340567 0.0407071 0.0428461 0.0633762 0.0440985 0.0093808 0.0414632 0.0726203 0.0289121 0.0674392 0.0280112 0.0000000 0.0686500 0.0671207 0.0625303 0.0737768 0.0339510 0.0397144 0.0978928 0.0675468 0.0669703 0.0372145 0.0516365 0.0317177 0.0329132 0.0268531 0.0582180 0.0104198 0.0284789 0.0727952 0.0639912 0.0746160 0.0698362 
Dasyuridae_Phascogale_calura                 0.0772798 0.0997046 0.0711365 0.0816715 0.0833881 0.0119351 0.0847762 0.0370766 0.0861140 0.0916318 0.0752082 0.0013287 0.0740844 0.0686500 0.0000000 0.0127478 0.0146630 0.0915693 0.0779295 0.0865068 0.1204763 0.0895544 0.0038434 0.0751079 0.0769205 0.0748946 0.0775965 0.0680603 0.1027043 0.0696248 0.0715523 0.0911362 0.0123977 0.0948047 0.0162379 
Dasyuridae_Sarcophilus_harrisii              0.0809184 0.0965264 0.0702160 0.0821826 0.0838998 0.0035614 0.0901004 0.0349636 0.0850517 0.0925900 0.0761981 0.0137233 0.0740919 0.0671207 0.0127478 0.0000000 0.0146235 0.0956096 0.0783055 0.0887051 0.1209004 0.0866617 0.0130246 0.0757547 0.0760803 0.0792802 0.0794437 0.0726483 0.1052777 0.0741611 0.0715387 0.0953775 0.0037046 0.0948546 0.0161648 
Dasyuridae_Planigale_tenuirostris            0.0747697 0.0928481 0.0648917 0.0806768 0.0824300 0.0114930 0.0857771 0.0286105 0.0863362 0.0905149 0.0666510 0.0154889 0.0681099 0.0625303 0.0146630 0.0146235 0.0000000 0.0924985 0.0764185 0.0835062 0.1168520 0.0787523 0.0139655 0.0775000 0.0741862 0.0745019 0.0764840 0.0625112 0.0909988 0.0676409 0.0663215 0.0954402 0.0130534 0.0935842 0.0073047 
Peramelidae_Echymipera_kalubu                0.0760934 0.0934762 0.0784790 0.0812965 0.0837347 0.0885722 0.0884431 0.0477139 0.0819081 0.0078633 0.0752230 0.0934382 0.0747951 0.0737768 0.0915693 0.0956096 0.0924985 0.0000000 0.0803244 0.0932180 0.1256145 0.0935674 0.0915370 0.0765177 0.0813592 0.0789183 0.0812572 0.0795708 0.1085903 0.0791334 0.0751931 0.0062805 0.0909918 0.0076584 0.1038335 
Macropodidae_Dorcopsulus_vanheurni           0.0426373 0.0782632 0.0459230 0.0087066 0.0092446 0.0761082 0.0548148 0.0114427 0.0100702 0.0821225 0.0391910 0.0773704 0.0356436 0.0339510 0.0779295 0.0783055 0.0764185 0.0803244 0.0000000 0.0555466 0.1094010 0.0748951 0.0773143 0.0161362 0.0638046 0.0463739 0.0031443 0.0393180 0.0681562 0.0444698 0.0347592 0.0822616 0.0812766 0.0835294 0.0854446 
Pseudochiridae_Pseudochirulus_forbesi        0.0520430 0.0867766 0.0502393 0.0576200 0.0591303 0.0817380 0.0624877 0.0169993 0.0616025 0.0892465 0.0487598 0.0851505 0.0455771 0.0397144 0.0865068 0.0887051 0.0835062 0.0932180 0.0555466 0.0000000 0.1151067 0.0828080 0.0863826 0.0564089 0.0653951 0.0155795 0.0517425 0.0062610 0.0649455 0.0429365 0.0472426 0.0901281 0.0815551 0.0896435 0.0879269 
Didelphidae_Didelphis_virginiana             0.0979321 0.1147170 0.0913404 0.1129083 0.1148050 0.1143139 0.1071158 0.0407754 0.1152183 0.1201207 0.0830390 0.1206620 0.0848779 0.0978928 0.1204763 0.1209004 0.1168520 0.1256145 0.1094010 0.1151067 0.0000000 0.0120789 0.1217237 0.0998317 0.1059788 0.1009702 0.1068140 0.1022473 0.1380910 0.1032076 0.0858529 0.1232692 0.1169016 0.1215648 0.1315375 
Marmosidae_Monodelphis_domestica             0.0697455 0.0854337 0.0641107 0.0755783 0.0766028 0.0811921 0.0744009 0.0279997 0.0770235 0.0933202 0.0547757 0.0896229 0.0608556 0.0675468 0.0895544 0.0866617 0.0787523 0.0935674 0.0748951 0.0828080 0.0120789 0.0000000 0.0889837 0.0741576 0.0755656 0.0697792 0.0761217 0.0675411 0.1072338 0.0771812 0.0620540 0.0956660 0.0830619 0.0941580 0.0891057 
Dasyuridae_Antechinus_stuartii               0.0766209 0.0937087 0.0705060 0.0803388 0.0820761 0.0122952 0.0837959 0.0339412 0.0857027 0.0906108 0.0714559 0.0040403 0.0734618 0.0669703 0.0038434 0.0130246 0.0139655 0.0915370 0.0773143 0.0863826 0.1217237 0.0889837 0.0000000 0.0792001 0.0798718 0.0776693 0.0769181 0.0672228 0.1071995 0.0710377 0.0717111 0.0926317 0.0127048 0.0955461 0.0174703 
Hypsiprymnodontidae_Hypsiprymnodon_moschatus 0.0406205 0.0752883 0.0431442 0.0191352 0.0201188 0.0750785 0.0520131 0.0143457 0.0205315 0.0738164 0.0384338 0.0752846 0.0362602 0.0372145 0.0751079 0.0757547 0.0775000 0.0765177 0.0161362 0.0564089 0.0998317 0.0741576 0.0792001 0.0000000 0.0604497 0.0462620 0.0174431 0.0427832 0.0681081 0.0449842 0.0347562 0.0755750 0.0785879 0.0760054 0.0894163 
Microbiotheriidae_Dromiciops_gliroides       0.0593245 0.0872843 0.0535779 0.0655632 0.0677631 0.0706529 0.0691547 0.0245887 0.0698451 0.0814548 0.0528081 0.0780184 0.0516329 0.0516365 0.0769205 0.0760803 0.0741862 0.0813592 0.0638046 0.0653951 0.1059788 0.0755656 0.0798718 0.0604497 0.0000000 0.0589401 0.0638752 0.0540469 0.0854687 0.0520177 0.0507191 0.0815000 0.0736333 0.0820415 0.0907790 
Pseudochiridae_Petauroides_volans            0.0394652 0.0802306 0.0446016 0.0512794 0.0527215 0.0709679 0.0553646 0.0132474 0.0539085 0.0798615 0.0421566 0.0729529 0.0392356 0.0317177 0.0748946 0.0792802 0.0745019 0.0789183 0.0463739 0.0155795 0.1009702 0.0697792 0.0776693 0.0462620 0.0589401 0.0000000 0.0439970 0.0094178 0.0578964 0.0339472 0.0396946 0.0765901 0.0708327 0.0807011 0.0794807 
Macropodidae_Wallabia_bicolor                0.0436186 0.0776447 0.0462104 0.0089805 0.0095301 0.0772360 0.0558987 0.0123158 0.0103709 0.0812123 0.0405644 0.0763089 0.0358134 0.0329132 0.0775965 0.0794437 0.0764840 0.0812572 0.0031443 0.0517425 0.1068140 0.0761217 0.0769181 0.0174431 0.0638752 0.0439970 0.0000000 0.0368014 0.0685436 0.0440094 0.0362300 0.0829770 0.0816966 0.0834155 0.0861145 
Pseudochiridae_Pseudocheirus_occidentalis    0.0401031 0.0777701 0.0409291 0.0436668 0.0444588 0.0662314 0.0516577 0.0087434 0.0485347 0.0767505 0.0377990 0.0674864 0.0362124 0.0268531 0.0680603 0.0726483 0.0625112 0.0795708 0.0393180 0.0062610 0.1022473 0.0675411 0.0672228 0.0427832 0.0540469 0.0094178 0.0368014 0.0000000 0.0489570 0.0320399 0.0373795 0.0782505 0.0668883 0.0767996 0.0789015 
Tarsipedidae_Tarsipes_rostratus              0.0652303 0.1051105 0.0730949 0.0738675 0.0755644 0.0982150 0.0785932 0.0295910 0.0768692 0.1091027 0.0581697 0.1028950 0.0561180 0.0582180 0.1027043 0.1052777 0.0909988 0.1085903 0.0681562 0.0649455 0.1380910 0.1072338 0.1071995 0.0681081 0.0854687 0.0578964 0.0685436 0.0489570 0.0000000 0.0649308 0.0566045 0.1051644 0.1008377 0.1096091 0.1066653 
Acrobatidae_Distoechurus_pennatus            0.0361163 0.0785667 0.0374030 0.0505279 0.0526459 0.0682816 0.0514764 0.0170194 0.0511360 0.0749720 0.0390732 0.0699567 0.0369235 0.0104198 0.0696248 0.0741611 0.0676409 0.0791334 0.0444698 0.0429365 0.1032076 0.0771812 0.0710377 0.0449842 0.0520177 0.0339472 0.0440094 0.0320399 0.0649308 0.0000000 0.0380190 0.0746113 0.0696481 0.0773137 0.0746809 
Phalangeridae_Phalanger_carmelitae           0.0312506 0.0716006 0.0381334 0.0367330 0.0387345 0.0649938 0.0162420 0.0018338 0.0399355 0.0745926 0.0035632 0.0716986 0.0014798 0.0284789 0.0715523 0.0715387 0.0663215 0.0751931 0.0347592 0.0472426 0.0858529 0.0620540 0.0717111 0.0347562 0.0507191 0.0396946 0.0362300 0.0373795 0.0566045 0.0380190 0.0000000 0.0719787 0.0691703 0.0761270 0.0775472 
Peramelidae_Peroryctes_raffrayana            0.0725444 0.0946663 0.0745955 0.0833549 0.0858085 0.0904106 0.0851912 0.0476490 0.0839847 0.0054463 0.0715023 0.0923346 0.0699971 0.0727952 0.0911362 0.0953775 0.0954402 0.0062805 0.0822616 0.0901281 0.1232692 0.0956660 0.0926317 0.0755750 0.0815000 0.0765901 0.0829770 0.0782505 0.1051644 0.0746113 0.0719787 0.0000000 0.0929538 0.0051988 0.0992727 
Dasyuridae_Dasyurus_geffroii                 0.0785327 0.0935397 0.0663762 0.0844897 0.0861810 0.0030245 0.0860291 0.0349196 0.0890178 0.0910243 0.0729130 0.0126639 0.0709277 0.0639912 0.0123977 0.0037046 0.0130534 0.0909918 0.0812766 0.0815551 0.1169016 0.0830619 0.0127048 0.0785879 0.0736333 0.0708327 0.0816966 0.0668883 0.1008377 0.0696481 0.0691703 0.0929538 0.0000000 0.0933981 0.0157075 
Peramelidae_Perameles_gunnii                 0.0727292 0.0929394 0.0736973 0.0814882 0.0839779 0.0908945 0.0909890 0.0501560 0.0827267 0.0004348 0.0776448 0.0958869 0.0757301 0.0746160 0.0948047 0.0948546 0.0935842 0.0076584 0.0835294 0.0896435 0.1215648 0.0941580 0.0955461 0.0760054 0.0820415 0.0807011 0.0834155 0.0767996 0.1096091 0.0773137 0.0761270 0.0051988 0.0933981 0.0000000 0.0980923 
Dasyuridae_Sminthopsis_macroura              0.0781641 0.1089200 0.0744688 0.0906193 0.0917851 0.0149431 0.0989840 0.0168714 0.0967501 0.0985054 0.0813453 0.0183963 0.0806872 0.0698362 0.0162379 0.0161648 0.0073047 0.1038335 0.0854446 0.0879269 0.1315375 0.0891057 0.0174703 0.0894163 0.0907790 0.0794807 0.0861145 0.0789015 0.1066653 0.0746809 0.0775472 0.0992727 0.0157075 0.0980923 0.0000000 
