35
Burramyidae_Burramys_parvus                  0.0000000 0.0857086 0.0668703 0.0607986 0.0640956 0.0873133 0.0602608 0.0736492 0.0698530 0.0890492 0.0710287 0.0872230 0.0854308 0.0751580 0.0653736 0.0862241 0.0858867 0.0857908 0.0864044 0.0651305 0.0765896 0.1117252 0.1034523 0.0861530 0.0683705 0.0793558 0.0813423 0.0659883 0.0722299 0.0979344 0.0706086 0.0712066 0.0899703 0.0853015 0.0888500 
Notoryctidae_Notoryctes_typhlops             0.0857086 0.0000000 0.0942643 0.0986051 0.1030845 0.1042194 0.1066512 0.1226697 0.1086426 0.1057683 0.1231579 0.1054620 0.0965554 0.1214517 0.1028131 0.1055738 0.1062697 0.0973721 0.0993554 0.0992762 0.1171012 0.1405227 0.1238932 0.1029524 0.1106882 0.0959379 0.1214508 0.1015478 0.1104930 0.1276941 0.1083143 0.1191241 0.1035587 0.1022431 0.1030310 
Vombatidae_Lasiorhinus_latifrons             0.0668703 0.0942643 0.0000000 0.0704527 0.0729652 0.0844883 0.0718224 0.0768854 0.0780793 0.0810509 0.0830675 0.0858097 0.0860422 0.0785428 0.0689002 0.0858317 0.0841319 0.0808844 0.0789608 0.0669199 0.0847375 0.1088400 0.0932947 0.0853992 0.0772842 0.0711930 0.0883646 0.0712728 0.0819606 0.1068263 0.0736326 0.0794626 0.0824711 0.0835738 0.0795822 
Potoroidae_Bettongia_penicillata             0.0607986 0.0986051 0.0704527 0.0000000 0.0039374 0.0908392 0.0707010 0.0840395 0.0107780 0.0923380 0.0871184 0.0888183 0.0869119 0.0891642 0.0692313 0.0899795 0.0912437 0.0805582 0.0916205 0.0225686 0.0818693 0.1151464 0.1024954 0.0902440 0.0409349 0.0832040 0.0828544 0.0217766 0.0777988 0.1025074 0.0734383 0.0848795 0.0928930 0.0898379 0.0931226 
Potoroidae_Bettongia_lesueur                 0.0640956 0.1030845 0.0729652 0.0039374 0.0000000 0.0937285 0.0742137 0.0856464 0.0130541 0.0945738 0.0876572 0.0915377 0.0901247 0.0892746 0.0710039 0.0926908 0.0933275 0.0843379 0.0942513 0.0239582 0.0869281 0.1176050 0.1053636 0.0950328 0.0446904 0.0851067 0.0841545 0.0240449 0.0803775 0.1019097 0.0773497 0.0850711 0.0962904 0.0927411 0.0952284 
Dasyuridae_Dasyurus_maculatus                0.0873133 0.1042194 0.0844883 0.0908392 0.0937285 0.0000000 0.0988445 0.1103810 0.0994383 0.0979300 0.1147228 0.0159399 0.0232780 0.1118272 0.0912696 0.0151341 0.0113499 0.0245752 0.0960480 0.1026941 0.1101276 0.1180150 0.1110209 0.0181301 0.1019033 0.0946778 0.1087060 0.1035190 0.1043442 0.1231148 0.0958540 0.1106556 0.0968330 0.0046609 0.0966928 
Phalangeridae_Trichosurus_vulpecula          0.0602608 0.1066512 0.0718224 0.0707010 0.0742137 0.0988445 0.0000000 0.0348108 0.0799182 0.1021163 0.0371365 0.0983931 0.0970822 0.0341057 0.0744828 0.0967145 0.1009823 0.0954535 0.1001938 0.0769727 0.0820220 0.1162051 0.1115936 0.0976284 0.0767258 0.0935590 0.0839956 0.0750565 0.0796919 0.1028501 0.0734453 0.0342763 0.1048785 0.0985667 0.1004398 
Phalangeridae_Spilocuscus_maculatus          0.0736492 0.1226697 0.0768854 0.0840395 0.0856464 0.1103810 0.0348108 0.0000000 0.0892785 0.1131865 0.0210030 0.1107748 0.1112051 0.0138713 0.0868622 0.1084051 0.1071283 0.1058361 0.1122066 0.0845286 0.0984868 0.1283410 0.1236658 0.1110158 0.0889648 0.1012053 0.0987943 0.0836059 0.0912112 0.1143985 0.0849067 0.0149823 0.1161182 0.1117863 0.1110312 
Potoroidae_Aepyprymnus_rufescens             0.0698530 0.1086426 0.0780793 0.0107780 0.0130541 0.0994383 0.0799182 0.0892785 0.0000000 0.0981544 0.0933593 0.0995117 0.0960562 0.0944730 0.0762846 0.0995361 0.0986443 0.0915433 0.0987156 0.0261778 0.0921682 0.1218429 0.1062052 0.0987183 0.0498818 0.0939321 0.0931558 0.0279580 0.0873839 0.1108193 0.0811380 0.0907106 0.0997474 0.0984373 0.0986654 
Peramelidae_Perameles_nasuta                 0.0890492 0.1057683 0.0810509 0.0923380 0.0945738 0.0979300 0.1021163 0.1131865 0.0981544 0.0000000 0.1149538 0.0966118 0.0977254 0.1111609 0.0967478 0.0965213 0.0944606 0.0967593 0.0136677 0.0972948 0.1117946 0.1229024 0.1083201 0.0961975 0.1036474 0.0901765 0.1077315 0.1004170 0.1001175 0.1334531 0.1021591 0.1113904 0.0150746 0.0960461 0.0012101 
Phalangeridae_Strigocuscus_pelengensis       0.0710287 0.1231579 0.0830675 0.0871184 0.0876572 0.1147228 0.0371365 0.0210030 0.0933593 0.1149538 0.0000000 0.1120362 0.1154237 0.0197246 0.0914060 0.1095927 0.1116802 0.1093110 0.1108936 0.0861768 0.1034648 0.1342303 0.1284748 0.1144405 0.0911344 0.1086094 0.1037643 0.0857301 0.0977095 0.1128614 0.0901248 0.0187100 0.1177800 0.1150121 0.1125223 
Dasyuridae_Phascogale_tapoatafa              0.0872230 0.1054620 0.0858097 0.0888183 0.0915377 0.0159399 0.0983931 0.1107748 0.0995117 0.0966118 0.1120362 0.0000000 0.0248882 0.1105292 0.0950610 0.0030855 0.0179023 0.0249527 0.0945770 0.1020316 0.1116740 0.1179943 0.1121130 0.0098265 0.1013315 0.0911993 0.1078865 0.1018532 0.1039779 0.1229116 0.0982684 0.1104489 0.0991253 0.0163581 0.0954375 
Dasyuridae_Sminthopsis_macroura              0.0854308 0.0965554 0.0860422 0.0869119 0.0901247 0.0232780 0.0970822 0.1112051 0.0960562 0.0977254 0.1154237 0.0248882 0.0000000 0.1121224 0.0885046 0.0236236 0.0265383 0.0200127 0.0946162 0.0988787 0.1100548 0.1238035 0.1133880 0.0263300 0.1011905 0.0925158 0.1045721 0.1005461 0.1010437 0.1234477 0.0936962 0.1091421 0.0993490 0.0228707 0.0958472 
Phalangeridae_Phalanger_orientalis           0.0751580 0.1214517 0.0785428 0.0891642 0.0892746 0.1118272 0.0341057 0.0138713 0.0944730 0.1111609 0.0197246 0.1105292 0.1121224 0.0000000 0.0886711 0.1087226 0.1085801 0.1062253 0.1095096 0.0870538 0.1019943 0.1271968 0.1236858 0.1117506 0.0920979 0.1043803 0.0996142 0.0880913 0.0962538 0.1155814 0.0892555 0.0068760 0.1167452 0.1121122 0.1089184 
Acrobatidae_Acrobates_pygmaeus               0.0653736 0.1028131 0.0689002 0.0692313 0.0710039 0.0912696 0.0744828 0.0868622 0.0762846 0.0967478 0.0914060 0.0950610 0.0885046 0.0886711 0.0000000 0.0950847 0.0926267 0.0894074 0.0953735 0.0752194 0.0728732 0.1217031 0.1013220 0.0938095 0.0783024 0.0850097 0.0719108 0.0739978 0.0669017 0.0880890 0.0377085 0.0873694 0.0985569 0.0916252 0.0955800 
Dasyuridae_Phascogale_calura                 0.0862241 0.1055738 0.0858317 0.0899795 0.0926908 0.0151341 0.0967145 0.1084051 0.0995361 0.0965213 0.1095927 0.0030855 0.0236236 0.1087226 0.0950847 0.0000000 0.0171017 0.0240296 0.0935728 0.1020579 0.1117004 0.1176454 0.1117629 0.0098348 0.1013564 0.0912236 0.1079504 0.1018771 0.1052873 0.1218431 0.0972658 0.1086632 0.1002272 0.0155556 0.0942943 
Dasyuridae_Sarcophilus_harrisii              0.0858867 0.1062697 0.0841319 0.0912437 0.0933275 0.0113499 0.1009823 0.1071283 0.0986443 0.0944606 0.1116802 0.0179023 0.0265383 0.1085801 0.0926267 0.0171017 0.0000000 0.0262303 0.0953929 0.1010298 0.1098676 0.1171515 0.1096705 0.0209390 0.1008619 0.0956288 0.1083653 0.1009556 0.1011674 0.1205203 0.0966402 0.1080631 0.0981933 0.0109592 0.0950997 
Dasyuridae_Planigale_tenuirostris            0.0857908 0.0973721 0.0808844 0.0805582 0.0843379 0.0245752 0.0954535 0.1058361 0.0915433 0.0967593 0.1093110 0.0249527 0.0200127 0.1062253 0.0894074 0.0240296 0.0262303 0.0000000 0.0927001 0.0961727 0.1037966 0.1161338 0.1090374 0.0272791 0.0965903 0.0899132 0.1043644 0.0960673 0.0990918 0.1165894 0.0914920 0.1063937 0.0980842 0.0241526 0.0938244 
Peramelidae_Echymipera_kalubu                0.0864044 0.0993554 0.0789608 0.0916205 0.0942513 0.0960480 0.1001938 0.1122066 0.0987156 0.0136677 0.1108936 0.0945770 0.0946162 0.1095096 0.0953735 0.0935728 0.0953929 0.0927001 0.0000000 0.0958927 0.1092532 0.1219697 0.1072038 0.0935750 0.1004428 0.0844808 0.1089028 0.0981589 0.1003120 0.1295800 0.1009068 0.1091991 0.0138905 0.0942433 0.0142400 
Macropodidae_Dorcopsulus_vanheurni           0.0651305 0.0992762 0.0669199 0.0225686 0.0239582 0.1026941 0.0769727 0.0845286 0.0261778 0.0972948 0.0861768 0.1020316 0.0988787 0.0870538 0.0752194 0.1020579 0.1010298 0.0961727 0.0958927 0.0000000 0.0838753 0.1242349 0.1083529 0.1024574 0.0420566 0.0837603 0.0934233 0.0129871 0.0831925 0.1070155 0.0794167 0.0838491 0.0960277 0.1016206 0.0992185 
Pseudochiridae_Pseudochirulus_forbesi        0.0765896 0.1171012 0.0847375 0.0818693 0.0869281 0.1101276 0.0820220 0.0984868 0.0921682 0.1117946 0.1034648 0.1116740 0.1100548 0.1019943 0.0728732 0.1117004 0.1098676 0.1037966 0.1092532 0.0838753 0.0000000 0.1332362 0.1228063 0.1105120 0.0916267 0.1032935 0.0504210 0.0885154 0.0281659 0.0903151 0.0739484 0.1023783 0.1109733 0.1090909 0.1139233 
Didelphidae_Didelphis_virginiana             0.1117252 0.1405227 0.1088400 0.1151464 0.1176050 0.1180150 0.1162051 0.1283410 0.1218429 0.1229024 0.1342303 0.1179943 0.1238035 0.1271968 0.1217031 0.1176454 0.1171515 0.1161338 0.1219697 0.1242349 0.1332362 0.0000000 0.0408498 0.1183235 0.1243998 0.1072130 0.1268038 0.1216184 0.1245640 0.1439265 0.1232959 0.1270966 0.1256341 0.1185879 0.1210846 
Marmosidae_Monodelphis_domestica             0.1034523 0.1238932 0.0932947 0.1024954 0.1053636 0.1110209 0.1115936 0.1236658 0.1062052 0.1083201 0.1284748 0.1121130 0.1133880 0.1236858 0.1013220 0.1117629 0.1096705 0.1090374 0.1072038 0.1083529 0.1228063 0.0408498 0.0000000 0.1119604 0.1138454 0.0961273 0.1142975 0.1076050 0.1123299 0.1415527 0.1105539 0.1224852 0.1092622 0.1105875 0.1067925 
Dasyuridae_Antechinus_stuartii               0.0861530 0.1029524 0.0853992 0.0902440 0.0950328 0.0181301 0.0976284 0.1110158 0.0987183 0.0961975 0.1144405 0.0098265 0.0263300 0.1117506 0.0938095 0.0098348 0.0209390 0.0272791 0.0935750 0.1024574 0.1105120 0.1183235 0.1119604 0.0000000 0.0995048 0.0927032 0.1123952 0.1022523 0.1049363 0.1253400 0.0975655 0.1124035 0.0975214 0.0185553 0.0938746 
Hypsiprymnodontidae_Hypsiprymnodon_moschatus 0.0683705 0.1106882 0.0772842 0.0409349 0.0446904 0.1019033 0.0767258 0.0889648 0.0498818 0.1036474 0.0911344 0.1013315 0.1011905 0.0920979 0.0783024 0.1013564 0.1008619 0.0965903 0.1004428 0.0420566 0.0916267 0.1243998 0.1138454 0.0995048 0.0000000 0.0896188 0.0970324 0.0464419 0.0917032 0.1052367 0.0810626 0.0884469 0.1022594 0.0998390 0.1038396 
Microbiotheriidae_Dromiciops_gliroides       0.0793558 0.0959379 0.0711930 0.0832040 0.0851067 0.0946778 0.0935590 0.1012053 0.0939321 0.0901765 0.1086094 0.0911993 0.0925158 0.1043803 0.0850097 0.0912236 0.0956288 0.0899132 0.0844808 0.0837603 0.1032935 0.1072130 0.0961273 0.0927032 0.0896188 0.0000000 0.1038882 0.0875272 0.1014203 0.1120567 0.0905631 0.1047715 0.0912133 0.0944249 0.0874809 
Pseudochiridae_Petauroides_volans            0.0813423 0.1214508 0.0883646 0.0828544 0.0841545 0.1087060 0.0839956 0.0987943 0.0931558 0.1077315 0.1037643 0.1078865 0.1045721 0.0996142 0.0719108 0.1079504 0.1083653 0.1043644 0.1089028 0.0934233 0.0504210 0.1268038 0.1142975 0.1123952 0.0970324 0.1038882 0.0000000 0.0902654 0.0403695 0.0881078 0.0715640 0.0986474 0.1084458 0.1077075 0.1110015 
Macropodidae_Wallabia_bicolor                0.0659883 0.1015478 0.0712728 0.0217766 0.0240449 0.1035190 0.0750565 0.0836059 0.0279580 0.1004170 0.0857301 0.1018532 0.1005461 0.0880913 0.0739978 0.1018771 0.1009556 0.0960673 0.0981589 0.0129871 0.0885154 0.1216184 0.1076050 0.1022523 0.0464419 0.0875272 0.0902654 0.0000000 0.0843522 0.1037199 0.0814835 0.0838953 0.0990904 0.1025076 0.1007906 
Pseudochiridae_Pseudocheirus_occidentalis    0.0722299 0.1104930 0.0819606 0.0777988 0.0803775 0.1043442 0.0796919 0.0912112 0.0873839 0.1001175 0.0977095 0.1039779 0.1010437 0.0962538 0.0669017 0.1052873 0.1011674 0.0990918 0.1003120 0.0831925 0.0281659 0.1245640 0.1123299 0.1049363 0.0917032 0.1014203 0.0403695 0.0843522 0.0000000 0.0839350 0.0658905 0.0935503 0.1036835 0.1033445 0.1034169 
Tarsipedidae_Tarsipes_rostratus              0.0979344 0.1276941 0.1068263 0.1025074 0.1019097 0.1231148 0.1028501 0.1143985 0.1108193 0.1334531 0.1128614 0.1229116 0.1234477 0.1155814 0.0880890 0.1218431 0.1205203 0.1165894 0.1295800 0.1070155 0.0903151 0.1439265 0.1415527 0.1253400 0.1052367 0.1120567 0.0881078 0.1037199 0.0839350 0.0000000 0.0883833 0.1137250 0.1351651 0.1221274 0.1327175 
Acrobatidae_Distoechurus_pennatus            0.0706086 0.1083143 0.0736326 0.0734383 0.0773497 0.0958540 0.0734453 0.0849067 0.0811380 0.1021591 0.0901248 0.0982684 0.0936962 0.0892555 0.0377085 0.0972658 0.0966402 0.0914920 0.1009068 0.0794167 0.0739484 0.1232959 0.1105539 0.0975655 0.0810626 0.0905631 0.0715640 0.0814835 0.0658905 0.0883833 0.0000000 0.0868114 0.1034342 0.0958852 0.1007119 
Phalangeridae_Phalanger_carmelitae           0.0712066 0.1191241 0.0794626 0.0848795 0.0850711 0.1106556 0.0342763 0.0149823 0.0907106 0.1113904 0.0187100 0.1104489 0.1091421 0.0068760 0.0873694 0.1086632 0.1080631 0.1063937 0.1091991 0.0838491 0.1023783 0.1270966 0.1224852 0.1124035 0.0884469 0.1047715 0.0986474 0.0838953 0.0935503 0.1137250 0.0868114 0.0000000 0.1152033 0.1109340 0.1092282 
Peramelidae_Peroryctes_raffrayana            0.0899703 0.1035587 0.0824711 0.0928930 0.0962904 0.0968330 0.1048785 0.1161182 0.0997474 0.0150746 0.1177800 0.0991253 0.0993490 0.1167452 0.0985569 0.1002272 0.0981933 0.0980842 0.0138905 0.0960277 0.1109733 0.1256341 0.1092622 0.0975214 0.1022594 0.0912133 0.1084458 0.0990904 0.1036835 0.1351651 0.1034342 0.1152033 0.0000000 0.0958847 0.0151886 
Dasyuridae_Dasyurus_geffroii                 0.0853015 0.1022431 0.0835738 0.0898379 0.0927411 0.0046609 0.0985667 0.1117863 0.0984373 0.0960461 0.1150121 0.0163581 0.0228707 0.1121122 0.0916252 0.0155556 0.0109592 0.0241526 0.0942433 0.1016206 0.1090909 0.1185879 0.1105875 0.0185553 0.0998390 0.0944249 0.1077075 0.1025076 0.1033445 0.1221274 0.0958852 0.1109340 0.0958847 0.0000000 0.0954526 
Peramelidae_Perameles_gunnii                 0.0888500 0.1030310 0.0795822 0.0931226 0.0952284 0.0966928 0.1004398 0.1110312 0.0986654 0.0012101 0.1125223 0.0954375 0.0958472 0.1089184 0.0955800 0.0942943 0.0950997 0.0938244 0.0142400 0.0992185 0.1139233 0.1210846 0.1067925 0.0938746 0.1038396 0.0874809 0.1110015 0.1007906 0.1034169 0.1327175 0.1007119 0.1092282 0.0151886 0.0954526 0.0000000 
