35
Burramyidae_Burramys_parvus                  0.0000000 0.0533404 0.0361101 0.0327094 0.0320010 0.0431498 0.0260280 0.0296753 0.0336901 0.0466902 0.0283313 0.0460769 0.0473333 0.0291444 0.0344022 0.0447471 0.0423453 0.0431668 0.0480924 0.0344010 0.0320905 0.0572783 0.0577564 0.0426110 0.0338625 0.0399846 0.0286177 0.0356906 0.0333156 0.0384319 0.0383145 0.0294884 0.0473848 0.0440728 0.0471612 
Notoryctidae_Notoryctes_typhlops             0.0533404 0.0000000 0.0549401 0.0547031 0.0539337 0.0501049 0.0498012 0.0549425 0.0562078 0.0598512 0.0501110 0.0549312 0.0544828 0.0530566 0.0574516 0.0545286 0.0494887 0.0527534 0.0619632 0.0579457 0.0565533 0.0717066 0.0703055 0.0538447 0.0529891 0.0542971 0.0509077 0.0580019 0.0571885 0.0608642 0.0647347 0.0524950 0.0606402 0.0501485 0.0605821 
Vombatidae_Lasiorhinus_latifrons             0.0361101 0.0549401 0.0000000 0.0360817 0.0361376 0.0423150 0.0293030 0.0342590 0.0370508 0.0442799 0.0305494 0.0456167 0.0465565 0.0339479 0.0385725 0.0439100 0.0413049 0.0433637 0.0465441 0.0403412 0.0356440 0.0566148 0.0588506 0.0435025 0.0379026 0.0372636 0.0337440 0.0389533 0.0349958 0.0395512 0.0422446 0.0329045 0.0447449 0.0432286 0.0447268 
Potoroidae_Bettongia_penicillata             0.0327094 0.0547031 0.0360817 0.0000000 0.0021099 0.0424785 0.0288688 0.0309386 0.0066015 0.0476826 0.0286882 0.0448290 0.0455296 0.0295735 0.0355538 0.0438509 0.0427270 0.0421623 0.0518272 0.0115504 0.0304442 0.0610375 0.0629308 0.0441877 0.0210686 0.0406605 0.0289434 0.0142914 0.0310149 0.0386972 0.0403949 0.0298939 0.0493919 0.0436107 0.0475063 
Potoroidae_Bettongia_lesueur                 0.0320010 0.0539337 0.0361376 0.0021099 0.0000000 0.0419086 0.0276388 0.0301732 0.0058269 0.0467750 0.0281918 0.0430260 0.0450197 0.0288680 0.0351178 0.0425694 0.0413230 0.0412088 0.0508670 0.0106153 0.0303525 0.0601819 0.0617316 0.0426545 0.0211227 0.0405308 0.0292886 0.0129889 0.0315462 0.0393213 0.0408390 0.0291819 0.0481323 0.0423690 0.0465772 
Dasyuridae_Dasyurus_maculatus                0.0431498 0.0501049 0.0423150 0.0424785 0.0419086 0.0000000 0.0378533 0.0424074 0.0439146 0.0466460 0.0400744 0.0077973 0.0131565 0.0418734 0.0452073 0.0071460 0.0023028 0.0101199 0.0489059 0.0436143 0.0428833 0.0587637 0.0583299 0.0070157 0.0408908 0.0429733 0.0403918 0.0440034 0.0453729 0.0473102 0.0502730 0.0401257 0.0479998 0.0019737 0.0471280 
Phalangeridae_Trichosurus_vulpecula          0.0260280 0.0498012 0.0293030 0.0288688 0.0276388 0.0378533 0.0000000 0.0124038 0.0294541 0.0432113 0.0116010 0.0395343 0.0435248 0.0129709 0.0312063 0.0392558 0.0370549 0.0387229 0.0454233 0.0313361 0.0277543 0.0539547 0.0540479 0.0396179 0.0288551 0.0348114 0.0258960 0.0320046 0.0268313 0.0329195 0.0363931 0.0129413 0.0438875 0.0384990 0.0436480 
Phalangeridae_Spilocuscus_maculatus          0.0296753 0.0549425 0.0342590 0.0309386 0.0301732 0.0424074 0.0124038 0.0000000 0.0316281 0.0453029 0.0081015 0.0441766 0.0478626 0.0085674 0.0349758 0.0432522 0.0415913 0.0441041 0.0486470 0.0329340 0.0304958 0.0570234 0.0569045 0.0440146 0.0314067 0.0376927 0.0278379 0.0338331 0.0314528 0.0367114 0.0409042 0.0087205 0.0470939 0.0435125 0.0455513 
Potoroidae_Aepyprymnus_rufescens             0.0336901 0.0562078 0.0370508 0.0066015 0.0058269 0.0439146 0.0294541 0.0316281 0.0000000 0.0493113 0.0299095 0.0455166 0.0468608 0.0301137 0.0366499 0.0450889 0.0428940 0.0426308 0.0529880 0.0125706 0.0328192 0.0616649 0.0641009 0.0446758 0.0220966 0.0412901 0.0311692 0.0140855 0.0342255 0.0409599 0.0426402 0.0308082 0.0506950 0.0443830 0.0498235 
Peramelidae_Perameles_nasuta                 0.0466902 0.0598512 0.0442799 0.0476826 0.0467750 0.0466460 0.0432113 0.0453029 0.0493113 0.0000000 0.0442723 0.0471987 0.0488259 0.0458578 0.0509559 0.0470309 0.0451629 0.0469914 0.0089492 0.0507299 0.0460059 0.0660361 0.0684842 0.0460929 0.0497156 0.0468042 0.0466760 0.0519039 0.0502798 0.0515107 0.0513911 0.0442854 0.0065343 0.0471299 0.0004995 
Phalangeridae_Strigocuscus_pelengensis       0.0283313 0.0501110 0.0305494 0.0286882 0.0281918 0.0400744 0.0116010 0.0081015 0.0299095 0.0442723 0.0000000 0.0424268 0.0466200 0.0081222 0.0342390 0.0416771 0.0394532 0.0412366 0.0475479 0.0310573 0.0285041 0.0555974 0.0544329 0.0425896 0.0301054 0.0359916 0.0264553 0.0327100 0.0294367 0.0346457 0.0391779 0.0081074 0.0458724 0.0410067 0.0446958 
Dasyuridae_Phascogale_tapoatafa              0.0460769 0.0549312 0.0456167 0.0448290 0.0430260 0.0077973 0.0395343 0.0441766 0.0455166 0.0471987 0.0424268 0.0000000 0.0150154 0.0425495 0.0479533 0.0043920 0.0071115 0.0118987 0.0494855 0.0445381 0.0451246 0.0631487 0.0619582 0.0071142 0.0418170 0.0452939 0.0423338 0.0449190 0.0481222 0.0502297 0.0533892 0.0414107 0.0480948 0.0079806 0.0477445 
Dasyuridae_Sminthopsis_macroura              0.0473333 0.0544828 0.0465565 0.0455296 0.0450197 0.0131565 0.0435248 0.0478626 0.0468608 0.0488259 0.0466200 0.0150154 0.0000000 0.0466698 0.0492480 0.0142849 0.0124445 0.0100882 0.0518385 0.0473991 0.0453186 0.0625725 0.0610681 0.0142685 0.0454602 0.0480356 0.0427841 0.0476204 0.0479649 0.0526634 0.0541005 0.0450587 0.0499881 0.0135283 0.0492438 
Phalangeridae_Phalanger_orientalis           0.0291444 0.0530566 0.0339479 0.0295735 0.0288680 0.0418734 0.0129709 0.0085674 0.0301137 0.0458578 0.0081222 0.0425495 0.0466698 0.0000000 0.0353068 0.0425119 0.0410772 0.0428157 0.0487755 0.0322123 0.0297758 0.0579537 0.0581556 0.0432451 0.0312864 0.0379657 0.0276541 0.0326831 0.0312487 0.0359410 0.0403659 0.0038141 0.0467387 0.0427836 0.0460925 
Acrobatidae_Acrobates_pygmaeus               0.0344022 0.0574516 0.0385725 0.0355538 0.0351178 0.0452073 0.0312063 0.0349758 0.0366499 0.0509559 0.0342390 0.0479533 0.0492480 0.0353068 0.0000000 0.0468272 0.0445891 0.0470262 0.0542237 0.0387935 0.0319070 0.0600341 0.0598597 0.0462133 0.0372550 0.0438642 0.0302329 0.0392959 0.0346582 0.0391014 0.0264455 0.0337827 0.0503050 0.0465538 0.0512573 
Dasyuridae_Phascogale_calura                 0.0447471 0.0545286 0.0439100 0.0438509 0.0425694 0.0071460 0.0392558 0.0432522 0.0450889 0.0470309 0.0416771 0.0043920 0.0142849 0.0425119 0.0468272 0.0000000 0.0064555 0.0114116 0.0500404 0.0436350 0.0439978 0.0614028 0.0618046 0.0062873 0.0424207 0.0446749 0.0414379 0.0440301 0.0481380 0.0507118 0.0520290 0.0407161 0.0490854 0.0075000 0.0474455 
Dasyuridae_Sarcophilus_harrisii              0.0423453 0.0494887 0.0413049 0.0427270 0.0413230 0.0023028 0.0370549 0.0415913 0.0428940 0.0451629 0.0394532 0.0071115 0.0124445 0.0410772 0.0445891 0.0064555 0.0000000 0.0094088 0.0474035 0.0434327 0.0420603 0.0580810 0.0577026 0.0066816 0.0407293 0.0414820 0.0395746 0.0434083 0.0451515 0.0473569 0.0498411 0.0393183 0.0465273 0.0026377 0.0456441 
Dasyuridae_Planigale_tenuirostris            0.0431668 0.0527534 0.0433637 0.0421623 0.0412088 0.0101199 0.0387229 0.0441041 0.0426308 0.0469914 0.0412366 0.0118987 0.0100882 0.0428157 0.0470262 0.0114116 0.0094088 0.0000000 0.0495703 0.0433881 0.0428752 0.0605382 0.0588060 0.0112232 0.0414412 0.0418486 0.0404631 0.0433228 0.0449927 0.0491480 0.0510038 0.0410889 0.0491132 0.0104907 0.0471392 
Peramelidae_Echymipera_kalubu                0.0480924 0.0619632 0.0465441 0.0518272 0.0508670 0.0489059 0.0454233 0.0486470 0.0529880 0.0089492 0.0475479 0.0494855 0.0518385 0.0487755 0.0542237 0.0500404 0.0474035 0.0495703 0.0000000 0.0553831 0.0485178 0.0680621 0.0701462 0.0481277 0.0524850 0.0500527 0.0488015 0.0556935 0.0530622 0.0542175 0.0537224 0.0478346 0.0065403 0.0489528 0.0092488 
Macropodidae_Dorcopsulus_vanheurni           0.0344010 0.0579457 0.0403412 0.0115504 0.0106153 0.0436143 0.0313361 0.0329340 0.0125706 0.0507299 0.0310573 0.0445381 0.0473991 0.0322123 0.0387935 0.0436350 0.0434327 0.0433881 0.0553831 0.0000000 0.0335358 0.0621114 0.0632605 0.0441558 0.0229786 0.0418487 0.0320780 0.0096595 0.0336554 0.0415752 0.0433954 0.0323090 0.0521646 0.0440596 0.0508313 
Pseudochiridae_Pseudochirulus_forbesi        0.0320905 0.0565533 0.0356440 0.0304442 0.0303525 0.0428833 0.0277543 0.0304958 0.0328192 0.0460059 0.0285041 0.0451246 0.0453186 0.0297758 0.0319070 0.0439978 0.0420603 0.0428752 0.0485178 0.0335358 0.0000000 0.0573559 0.0570149 0.0438413 0.0327992 0.0380896 0.0165102 0.0338234 0.0118269 0.0314287 0.0373767 0.0291040 0.0462938 0.0437706 0.0458077 
Didelphidae_Didelphis_virginiana             0.0572783 0.0717066 0.0566148 0.0610375 0.0601819 0.0587637 0.0539547 0.0570234 0.0616649 0.0660361 0.0555974 0.0631487 0.0625725 0.0579537 0.0600341 0.0614028 0.0580810 0.0605382 0.0680621 0.0621114 0.0573559 0.0000000 0.0190834 0.0614504 0.0580339 0.0612886 0.0569150 0.0636655 0.0563778 0.0634407 0.0662679 0.0566307 0.0674931 0.0601479 0.0672611 
Marmosidae_Monodelphis_domestica             0.0577564 0.0703055 0.0588506 0.0629308 0.0617316 0.0583299 0.0540479 0.0569045 0.0641009 0.0684842 0.0544329 0.0619582 0.0610681 0.0581556 0.0598597 0.0618046 0.0577026 0.0588060 0.0701462 0.0632605 0.0570149 0.0190834 0.0000000 0.0603547 0.0588123 0.0599957 0.0563745 0.0650803 0.0572553 0.0629923 0.0654994 0.0569267 0.0680835 0.0593762 0.0692623 
Dasyuridae_Antechinus_stuartii               0.0426110 0.0538447 0.0435025 0.0441877 0.0426545 0.0070157 0.0396179 0.0440146 0.0446758 0.0460929 0.0425896 0.0071142 0.0142685 0.0432451 0.0462133 0.0062873 0.0066816 0.0112232 0.0481277 0.0441558 0.0438413 0.0614504 0.0603547 0.0000000 0.0420568 0.0439322 0.0415208 0.0447574 0.0470981 0.0501985 0.0508551 0.0414950 0.0476661 0.0078813 0.0461091 
Hypsiprymnodontidae_Hypsiprymnodon_moschatus 0.0338625 0.0529891 0.0379026 0.0210686 0.0211227 0.0408908 0.0288551 0.0314067 0.0220966 0.0497156 0.0301054 0.0418170 0.0454602 0.0312864 0.0372550 0.0424207 0.0407293 0.0414412 0.0524850 0.0229786 0.0327992 0.0580339 0.0588123 0.0420568 0.0000000 0.0382563 0.0313464 0.0229758 0.0335008 0.0406447 0.0427986 0.0304222 0.0503964 0.0413481 0.0502339 
Microbiotheriidae_Dromiciops_gliroides       0.0399846 0.0542971 0.0372636 0.0406605 0.0405308 0.0429733 0.0348114 0.0376927 0.0412901 0.0468042 0.0359916 0.0452939 0.0480356 0.0379657 0.0438642 0.0446749 0.0414820 0.0418486 0.0500527 0.0418487 0.0380896 0.0612886 0.0599957 0.0439322 0.0382563 0.0000000 0.0346276 0.0425937 0.0413002 0.0454192 0.0490820 0.0375074 0.0488714 0.0434267 0.0477941 
Pseudochiridae_Petauroides_volans            0.0286177 0.0509077 0.0337440 0.0289434 0.0292886 0.0403918 0.0258960 0.0278379 0.0311692 0.0466760 0.0264553 0.0423338 0.0427841 0.0276541 0.0302329 0.0414379 0.0395746 0.0404631 0.0488015 0.0320780 0.0165102 0.0569150 0.0563745 0.0415208 0.0313464 0.0346276 0.0000000 0.0331192 0.0178510 0.0290305 0.0352413 0.0278334 0.0469796 0.0417088 0.0467090 
Macropodidae_Wallabia_bicolor                0.0356906 0.0580019 0.0389533 0.0142914 0.0129889 0.0440034 0.0320046 0.0338331 0.0140855 0.0519039 0.0327100 0.0449190 0.0476204 0.0326831 0.0392959 0.0440301 0.0434083 0.0433228 0.0556935 0.0096595 0.0338234 0.0636655 0.0650803 0.0447574 0.0229758 0.0425937 0.0331192 0.0000000 0.0348234 0.0432380 0.0450567 0.0328018 0.0528767 0.0444655 0.0519967 
Pseudochiridae_Pseudocheirus_occidentalis    0.0333156 0.0571885 0.0349958 0.0310149 0.0315462 0.0453729 0.0268313 0.0314528 0.0342255 0.0502798 0.0294367 0.0481222 0.0479649 0.0312487 0.0346582 0.0481380 0.0451515 0.0449927 0.0530622 0.0336554 0.0118269 0.0563778 0.0572553 0.0470981 0.0335008 0.0413002 0.0178510 0.0348234 0.0000000 0.0338522 0.0407914 0.0305079 0.0508293 0.0469842 0.0500839 
Tarsipedidae_Tarsipes_rostratus              0.0384319 0.0608642 0.0395512 0.0386972 0.0393213 0.0473102 0.0329195 0.0367114 0.0409599 0.0515107 0.0346457 0.0502297 0.0526634 0.0359410 0.0391014 0.0507118 0.0473569 0.0491480 0.0542175 0.0415752 0.0314287 0.0634407 0.0629923 0.0501985 0.0406447 0.0454192 0.0290305 0.0432380 0.0338522 0.0000000 0.0427040 0.0347808 0.0515521 0.0487382 0.0520818 
Acrobatidae_Distoechurus_pennatus            0.0383145 0.0647347 0.0422446 0.0403949 0.0408390 0.0502730 0.0363931 0.0409042 0.0426402 0.0513911 0.0391779 0.0533892 0.0541005 0.0403659 0.0264455 0.0520290 0.0498411 0.0510038 0.0537224 0.0433954 0.0373767 0.0662679 0.0654994 0.0508551 0.0427986 0.0490820 0.0352413 0.0450567 0.0407914 0.0427040 0.0000000 0.0396723 0.0511948 0.0514128 0.0519749 
Phalangeridae_Phalanger_carmelitae           0.0294884 0.0524950 0.0329045 0.0298939 0.0291819 0.0401257 0.0129413 0.0087205 0.0308082 0.0442854 0.0081074 0.0414107 0.0450587 0.0038141 0.0337827 0.0407161 0.0393183 0.0410889 0.0478346 0.0323090 0.0291040 0.0566307 0.0569267 0.0414950 0.0304222 0.0375074 0.0278334 0.0328018 0.0305079 0.0347808 0.0396723 0.0000000 0.0458332 0.0410036 0.0440808 
Peramelidae_Peroryctes_raffrayana            0.0473848 0.0606402 0.0447449 0.0493919 0.0481323 0.0479998 0.0438875 0.0470939 0.0506950 0.0065343 0.0458724 0.0480948 0.0499881 0.0467387 0.0503050 0.0490854 0.0465273 0.0491132 0.0065403 0.0521646 0.0462938 0.0674931 0.0680835 0.0476661 0.0503964 0.0488714 0.0469796 0.0528767 0.0508293 0.0515521 0.0511948 0.0458332 0.0000000 0.0482906 0.0067947 
Dasyuridae_Dasyurus_geffroii                 0.0440728 0.0501485 0.0432286 0.0436107 0.0423690 0.0019737 0.0384990 0.0435125 0.0443830 0.0471299 0.0410067 0.0079806 0.0135283 0.0427836 0.0465538 0.0075000 0.0026377 0.0104907 0.0489528 0.0440596 0.0437706 0.0601479 0.0593762 0.0078813 0.0413481 0.0434267 0.0417088 0.0444655 0.0469842 0.0487382 0.0514128 0.0410036 0.0482906 0.0000000 0.0476433 
Peramelidae_Perameles_gunnii                 0.0471612 0.0605821 0.0447268 0.0475063 0.0465772 0.0471280 0.0436480 0.0455513 0.0498235 0.0004995 0.0446958 0.0477445 0.0492438 0.0460925 0.0512573 0.0474455 0.0456441 0.0471392 0.0092488 0.0508313 0.0458077 0.0672611 0.0692623 0.0461091 0.0502339 0.0477941 0.0467090 0.0519967 0.0500839 0.0520818 0.0519749 0.0440808 0.0067947 0.0476433 0.0000000 
