37
Burramyidae_Burramys_parvus                  0.0000000 0.0875250 0.0588733 0.0541791 0.0513853 0.0916026 0.0487646 0.0495580 0.0598822 0.0941036 0.0471976 0.0907199 0.1160582 0.0501125 0.0635845 0.0897790 0.0941919 0.0877375 0.0952783 0.0555705 0.0838575 0.0875076 0.0948576 0.0919280 0.0584020 0.0755907 0.0608657 0.0593917 0.0678442 0.0851081 0.0586889 0.0475617 0.0938155 0.0911209 0.0926159 1.6617023 1.6617023 
Notoryctidae_Notoryctes_typhlops             0.0875250 0.0000000 0.0871542 0.0912100 0.0877010 0.1109068 0.0895065 0.0952943 0.0994435 0.1117880 0.0933440 0.1104074 0.1263208 0.0960592 0.0899970 0.1108862 0.1136050 0.1099495 0.1120909 0.0949846 0.1258418 0.1088249 0.1129889 0.1113054 0.0970391 0.0902960 0.0988645 0.0971864 0.1086096 0.1201980 0.0939610 0.0930488 0.1092891 0.1129381 0.1082356 2.0229260 2.0229260 
Vombatidae_Lasiorhinus_latifrons             0.0588733 0.0871542 0.0000000 0.0644089 0.0625342 0.0924353 0.0637014 0.0651577 0.0671318 0.0966553 0.0620447 0.0937795 0.1204046 0.0648828 0.0692434 0.0928623 0.0952549 0.0888123 0.0976066 0.0629988 0.0836654 0.0923273 0.0964380 0.0943541 0.0650995 0.0762453 0.0676147 0.0676487 0.0722098 0.0926727 0.0612297 0.0638224 0.0956664 0.0956100 0.0939445 1.2821294 1.2821294 
Potoroidae_Bettongia_penicillata             0.0541791 0.0912100 0.0644089 0.0000000 0.0037917 0.0984996 0.0605081 0.0598856 0.0165159 0.1094325 0.0583437 0.1009847 0.1214070 0.0600167 0.0676835 0.0991738 0.1000873 0.0953789 0.1092256 0.0255119 0.0907152 0.1019255 0.1045491 0.0992889 0.0429862 0.0778165 0.0660480 0.0286088 0.0762702 0.0940822 0.0646641 0.0570707 0.1051962 0.1013117 0.1064018 1.9415794 1.9415794 
Potoroidae_Bettongia_lesueur                 0.0513853 0.0877010 0.0625342 0.0037917 0.0000000 0.0939254 0.0573710 0.0566367 0.0165052 0.1020268 0.0578710 0.0961439 0.0958866 0.0604270 0.0629729 0.0940480 0.0955306 0.0892191 0.1038148 0.0250125 0.0880736 0.0948821 0.1000115 0.0946188 0.0417157 0.0765044 0.0639977 0.0289426 0.0728771 0.0864920 0.0634223 0.0575616 0.0980860 0.0941318 0.0997729 1.9520560 1.9520560 
Dasyuridae_Dasyurus_maculatus                0.0916026 0.1109068 0.0924353 0.0984996 0.0939254 0.0000000 0.0943573 0.0964075 0.1052403 0.1190779 0.0959444 0.0191110 0.0467879 0.0964826 0.0919476 0.0171073 0.0076739 0.0199619 0.1203818 0.0962041 0.1314157 0.1147691 0.1167195 0.0186080 0.1004532 0.0961190 0.1011758 0.1024496 0.1146630 0.1134775 0.0988489 0.0953475 0.1177520 0.0069376 0.1187470 0.1954770 0.1954770 
Phalangeridae_Trichosurus_vulpecula          0.0487646 0.0895065 0.0637014 0.0605081 0.0573710 0.0943573 0.0000000 0.0167826 0.0686023 0.1027353 0.0194036 0.0977519 0.1155339 0.0209077 0.0670220 0.0960065 0.0964968 0.0930854 0.1033902 0.0609566 0.0846140 0.0976220 0.1040942 0.0964758 0.0661763 0.0775394 0.0660130 0.0648390 0.0698521 0.0863924 0.0628314 0.0182756 0.1011873 0.0975740 0.1008496 1.5628656 1.5628656 
Phalangeridae_Spilocuscus_maculatus          0.0495580 0.0952943 0.0651577 0.0598856 0.0566367 0.0964075 0.0167826 0.0000000 0.0682127 0.1059297 0.0111361 0.0989234 0.1189311 0.0127300 0.0707869 0.0968795 0.0988509 0.0965108 0.1055743 0.0620935 0.0862948 0.1007119 0.1021358 0.0984211 0.0653124 0.0818940 0.0681137 0.0645333 0.0718489 0.0891916 0.0606440 0.0109842 0.1029721 0.1001962 0.1031070 1.6237098 1.6237098 
Potoroidae_Aepyprymnus_rufescens             0.0598822 0.0994435 0.0671318 0.0165159 0.0165052 0.1052403 0.0686023 0.0682127 0.0000000 0.1155940 0.0654406 0.1072972 0.1284410 0.0668777 0.0716053 0.1063014 0.1059828 0.1018177 0.1154969 0.0300391 0.0970445 0.1064148 0.1090964 0.1051477 0.0470507 0.0851144 0.0747611 0.0328261 0.0832526 0.0987255 0.0676048 0.0638124 0.1111457 0.1074783 0.1122316 1.9216288 1.9216288 
Peramelidae_Perameles_nasuta                 0.0941036 0.1117880 0.0966553 0.1094325 0.1020268 0.1190779 0.1027353 0.1059297 0.1155940 0.0000000 0.1012888 0.1169596 0.1461273 0.1041772 0.1045018 0.1173273 0.1218639 0.1151059 0.0204209 0.1073175 0.1352170 0.1184565 0.1215008 0.1212130 0.1081540 0.1045222 0.1078763 0.1118068 0.1179846 0.1258649 0.1045471 0.1020827 0.0219663 0.1187589 0.0012844 1.9371567 1.9371567 
Phalangeridae_Strigocuscus_pelengensis       0.0471976 0.0933440 0.0620447 0.0583437 0.0578710 0.0959444 0.0194036 0.0111361 0.0654406 0.1012888 0.0000000 0.0980575 0.1160443 0.0114621 0.0676169 0.0964045 0.0983937 0.0943902 0.1033348 0.0594790 0.0833760 0.0979633 0.0993280 0.0973845 0.0626622 0.0762242 0.0631321 0.0611836 0.0692472 0.0851923 0.0597411 0.0097095 0.1001471 0.0994850 0.0990843 1.6078206 1.6078206 
Dasyuridae_Phascogale_tapoatafa              0.0907199 0.1104074 0.0937795 0.1009847 0.0961439 0.0191110 0.0977519 0.0989234 0.1072972 0.1169596 0.0980575 0.0000000 0.0514328 0.0998560 0.0928509 0.0062028 0.0213417 0.0244123 0.1189782 0.0985149 0.1343153 0.1209375 0.1216202 0.0117230 0.1022750 0.0949929 0.1024354 0.1053903 0.1173162 0.1148137 0.1031833 0.0986877 0.1158935 0.0225530 0.1164218 0.2177576 0.2177576 
Dasyuridae_Sminthopsis_macroura              0.1160582 0.1263208 0.1204046 0.1214070 0.0958866 0.0467879 0.1155339 0.1189311 0.1284410 0.1461273 0.1160443 0.0514328 0.0000000 0.1190259 0.1150775 0.0503786 0.0486985 0.0422839 0.1506476 0.1177607 0.1516632 0.1381887 0.1443385 0.0525694 0.1278689 0.1213869 0.1239417 0.1267638 0.1332997 0.1378100 0.1258045 0.1176537 0.1455476 0.0489161 0.1447327 0.1978414 0.1978414 
Phalangeridae_Phalanger_orientalis           0.0501125 0.0960592 0.0648828 0.0600167 0.0604270 0.0964826 0.0209077 0.0127300 0.0668777 0.1041772 0.0114621 0.0998560 0.1190259 0.0000000 0.0688824 0.0969622 0.0989223 0.0971292 0.1033043 0.0619218 0.0835552 0.0992681 0.1018307 0.0982458 0.0651231 0.0799733 0.0654259 0.0642038 0.0699985 0.0889680 0.0629840 0.0028653 0.0993921 0.1000310 0.1016038 1.6213602 1.6213602 
Acrobatidae_Acrobates_pygmaeus               0.0635845 0.0899970 0.0692434 0.0676835 0.0629729 0.0919476 0.0670220 0.0707869 0.0716053 0.1045018 0.0676169 0.0928509 0.1150775 0.0688824 0.0000000 0.0926048 0.0918774 0.0857333 0.1042006 0.0687551 0.0877904 0.0937462 0.1031136 0.0920200 0.0719405 0.0806705 0.0628938 0.0742879 0.0674095 0.0848808 0.0356889 0.0666524 0.1023143 0.0948205 0.1045525 9.0000000 9.0000000 
Dasyuridae_Phascogale_calura                 0.0897790 0.1108862 0.0928623 0.0991738 0.0940480 0.0171073 0.0960065 0.0968795 0.1063014 0.1173273 0.0964045 0.0062028 0.0503786 0.0969622 0.0926048 0.0000000 0.0193010 0.0236894 0.1191773 0.0970201 0.1331872 0.1190329 0.1195217 0.0101874 0.1017802 0.0936840 0.1019556 0.1038735 0.1168734 0.1151461 0.1015723 0.0960788 0.1163493 0.0203021 0.1170601 0.1741089 0.1741089 
Dasyuridae_Sarcophilus_harrisii              0.0941919 0.1136050 0.0952549 0.1000873 0.0955306 0.0076739 0.0964968 0.0988509 0.1059828 0.1218639 0.0983937 0.0213417 0.0486985 0.0989223 0.0918774 0.0193010 0.0000000 0.0227615 0.1233982 0.0960590 0.1319899 0.1161180 0.1169283 0.0204407 0.1018507 0.0970641 0.1016587 0.1033856 0.1148750 0.1143833 0.0991560 0.0977632 0.1195663 0.0101273 0.1217327 0.2241312 0.2241312 
Dasyuridae_Planigale_tenuirostris            0.0877375 0.1099495 0.0888123 0.0953789 0.0892191 0.0199619 0.0930854 0.0965108 0.1018177 0.1151059 0.0943902 0.0244123 0.0422839 0.0971292 0.0857333 0.0236894 0.0227615 0.0000000 0.1210121 0.0929489 0.1267790 0.1108949 0.1162267 0.0252670 0.0970905 0.0910484 0.0964905 0.0970348 0.1079071 0.1095384 0.0958141 0.0956290 0.1153133 0.0234292 0.1167634 0.2518306 0.2518306 
Peramelidae_Echymipera_kalubu                0.0952783 0.1120909 0.0976066 0.1092256 0.1038148 0.1203818 0.1033902 0.1055743 0.1154969 0.0204209 0.1033348 0.1189782 0.1506476 0.1033043 0.1042006 0.1191773 0.1233982 0.1210121 0.0000000 0.1075908 0.1342313 0.1193921 0.1245182 0.1216844 0.1079252 0.1005069 0.1078574 0.1123789 0.1173914 0.1312081 0.1036319 0.1024894 0.0170678 0.1200779 0.0200258 2.2102019 2.2102019 
Macropodidae_Dorcopsulus_vanheurni           0.0555705 0.0949846 0.0629988 0.0255119 0.0250125 0.0962041 0.0609566 0.0620935 0.0300391 0.1073175 0.0594790 0.0985149 0.1177607 0.0619218 0.0687551 0.0970201 0.0960590 0.0929489 0.1075908 0.0000000 0.0901290 0.1015552 0.1051988 0.0974774 0.0410924 0.0775869 0.0654961 0.0154252 0.0737310 0.0913709 0.0634857 0.0591358 0.1019917 0.0975886 0.1039551 1.5995288 1.5995288 
Pseudochiridae_Pseudochirulus_forbesi        0.0838575 0.1258418 0.0836654 0.0907152 0.0880736 0.1314157 0.0846140 0.0862948 0.0970445 0.1352170 0.0833760 0.1343153 0.1516632 0.0835552 0.0877904 0.1331872 0.1319899 0.1267790 0.1342313 0.0901290 0.0000000 0.1300872 0.1359582 0.1347130 0.0955662 0.1081879 0.0543403 0.0952323 0.0323367 0.1037626 0.0791725 0.0822832 0.1334173 0.1345170 0.1328391 1.8020017 1.8020017 
Didelphidae_Didelphis_virginiana             0.0875076 0.1088249 0.0923273 0.1019255 0.0948821 0.1147691 0.0976220 0.1007119 0.1064148 0.1184565 0.0979633 0.1209375 0.1381887 0.0992681 0.0937462 0.1190329 0.1161180 0.1108949 0.1193921 0.1015552 0.1300872 0.0000000 0.0411685 0.1207323 0.0976895 0.0997635 0.1061960 0.1039327 0.1120564 0.1247319 0.1008477 0.0984183 0.1179615 0.1146811 0.1165859 2.8361031 2.8361031 
Marmosidae_Monodelphis_domestica             0.0948576 0.1129889 0.0964380 0.1045491 0.1000115 0.1167195 0.1040942 0.1021358 0.1090964 0.1215008 0.0993280 0.1216202 0.1443385 0.1018307 0.1031136 0.1195217 0.1169283 0.1162267 0.1245182 0.1051988 0.1359582 0.0411685 0.0000000 0.1211502 0.1042869 0.1053767 0.1091030 0.1093090 0.1148021 0.1326997 0.1072139 0.1001190 0.1249719 0.1182364 0.1201071 2.7492548 2.7492548 
Dasyuridae_Antechinus_stuartii               0.0919280 0.1113054 0.0943541 0.0992889 0.0946188 0.0186080 0.0964758 0.0984211 0.1051477 0.1212130 0.0973845 0.0117230 0.0525694 0.0982458 0.0920200 0.0101874 0.0204407 0.0252670 0.1216844 0.0974774 0.1347130 0.1207323 0.1211502 0.0000000 0.1035372 0.0942805 0.1022547 0.1017253 0.1150484 0.1187037 0.1018580 0.0970822 0.1180466 0.0220575 0.1198794 0.2441019 0.2441019 
Hypsiprymnodontidae_Hypsiprymnodon_moschatus 0.0584020 0.0970391 0.0650995 0.0429862 0.0417157 0.1004532 0.0661763 0.0653124 0.0470507 0.1081540 0.0626622 0.1022750 0.1278689 0.0651231 0.0719405 0.1017802 0.1018507 0.0970905 0.1079252 0.0410924 0.0955662 0.0976895 0.1042869 0.1035372 0.0000000 0.0833699 0.0724307 0.0441825 0.0804234 0.0971132 0.0653356 0.0620996 0.1057836 0.1026933 0.1049045 1.9477905 1.9477905 
Microbiotheriidae_Dromiciops_gliroides       0.0755907 0.0902960 0.0762453 0.0778165 0.0765044 0.0961190 0.0775394 0.0818940 0.0851144 0.1045222 0.0762242 0.0949929 0.1213869 0.0799733 0.0806705 0.0936840 0.0970641 0.0910484 0.1005069 0.0775869 0.1081879 0.0997635 0.1053767 0.0942805 0.0833699 0.0000000 0.0846934 0.0839897 0.0909902 0.1122009 0.0800937 0.0780825 0.0997184 0.0989402 0.1009954 1.4400556 1.4400556 
Pseudochiridae_Petauroides_volans            0.0608657 0.0988645 0.0676147 0.0660480 0.0639977 0.1011758 0.0660130 0.0681137 0.0747611 0.1078763 0.0631321 0.1024354 0.1239417 0.0654259 0.0628938 0.1019556 0.1016587 0.0964905 0.1078574 0.0654961 0.0543403 0.1061960 0.1091030 0.1022547 0.0724307 0.0846934 0.0000000 0.0688075 0.0361965 0.0802097 0.0595403 0.0626357 0.1079775 0.1037859 0.1050444 1.7115979 1.7115979 
Macropodidae_Wallabia_bicolor                0.0593917 0.0971864 0.0676487 0.0286088 0.0289426 0.1024496 0.0648390 0.0645333 0.0328261 0.1118068 0.0611836 0.1053903 0.1267638 0.0642038 0.0742879 0.1038735 0.1033856 0.0970348 0.1123789 0.0154252 0.0952323 0.1039327 0.1093090 0.1017253 0.0441825 0.0839897 0.0688075 0.0000000 0.0772223 0.0978423 0.0672731 0.0619658 0.1085703 0.1047563 0.1080981 1.5406855 1.5406855 
Pseudochiridae_Pseudocheirus_occidentalis    0.0678442 0.1086096 0.0722098 0.0762702 0.0728771 0.1146630 0.0698521 0.0718489 0.0832526 0.1179846 0.0692472 0.1173162 0.1332997 0.0699985 0.0674095 0.1168734 0.1148750 0.1079071 0.1173914 0.0737310 0.0323367 0.1120564 0.1148021 0.1150484 0.0804234 0.0909902 0.0361965 0.0772223 0.0000000 0.0866544 0.0616630 0.0670585 0.1181401 0.1176422 0.1154413 1.7297133 1.7297133 
Tarsipedidae_Tarsipes_rostratus              0.0851081 0.1201980 0.0926727 0.0940822 0.0864920 0.1134775 0.0863924 0.0891916 0.0987255 0.1258649 0.0851923 0.1148137 0.1378100 0.0889680 0.0848808 0.1151461 0.1143833 0.1095384 0.1312081 0.0913709 0.1037626 0.1247319 0.1326997 0.1187037 0.0971132 0.1122009 0.0802097 0.0978423 0.0866544 0.0000000 0.0852611 0.0883801 0.1288838 0.1169579 0.1252907 3.5014833 3.5014833 
Acrobatidae_Distoechurus_pennatus            0.0586889 0.0939610 0.0612297 0.0646641 0.0634223 0.0988489 0.0628314 0.0606440 0.0676048 0.1045471 0.0597411 0.1031833 0.1258045 0.0629840 0.0356889 0.1015723 0.0991560 0.0958141 0.1036319 0.0634857 0.0791725 0.1008477 0.1072139 0.1018580 0.0653356 0.0800937 0.0595403 0.0672731 0.0616630 0.0852611 0.0000000 0.0595176 0.1015895 0.1011934 0.1028688 2.2548753 2.2548753 
Phalangeridae_Phalanger_carmelitae           0.0475617 0.0930488 0.0638224 0.0570707 0.0575616 0.0953475 0.0182756 0.0109842 0.0638124 0.1020827 0.0097095 0.0986877 0.1176537 0.0028653 0.0666524 0.0960788 0.0977632 0.0956290 0.1024894 0.0591358 0.0822832 0.0984183 0.1001190 0.0970822 0.0620996 0.0780825 0.0626357 0.0619658 0.0670585 0.0883801 0.0595176 0.0000000 0.0997042 0.0985577 0.0994518 1.6302219 1.6302219 
Peramelidae_Peroryctes_raffrayana            0.0938155 0.1092891 0.0956664 0.1051962 0.0980860 0.1177520 0.1011873 0.1029721 0.1111457 0.0219663 0.1001471 0.1158935 0.1455476 0.0993921 0.1023143 0.1163493 0.1195663 0.1153133 0.0170678 0.1019917 0.1334173 0.1179615 0.1249719 0.1180466 0.1057836 0.0997184 0.1079775 0.1085703 0.1181401 0.1288838 0.1015895 0.0997042 0.0000000 0.1168699 0.0215189 2.1346366 2.1346366 
Dasyuridae_Dasyurus_geffroii                 0.0911209 0.1129381 0.0956100 0.1013117 0.0941318 0.0069376 0.0975740 0.1001962 0.1074783 0.1187589 0.0994850 0.0225530 0.0489161 0.1000310 0.0948205 0.0203021 0.0101273 0.0234292 0.1200779 0.0975886 0.1345170 0.1146811 0.1182364 0.0220575 0.1026933 0.0989402 0.1037859 0.1047563 0.1176422 0.1169579 0.1011934 0.0985577 0.1168699 0.0000000 0.1184392 0.2015550 0.2015550 
Peramelidae_Perameles_gunnii                 0.0926159 0.1082356 0.0939445 0.1064018 0.0997729 0.1187470 0.1008496 0.1031070 0.1122316 0.0012844 0.0990843 0.1164218 0.1447327 0.1016038 0.1045525 0.1170601 0.1217327 0.1167634 0.0200258 0.1039551 0.1328391 0.1165859 0.1201071 0.1198794 0.1049045 0.1009954 0.1050444 0.1080981 0.1154413 0.1252907 0.1028688 0.0994518 0.0215189 0.1184392 0.0000000 1.7280052 1.7280052 
Myrmecobiidae_Myrmecobius_fasciatus1         1.6617023 2.0229260 1.2821294 1.9415794 1.9520560 0.1954770 1.5628656 1.6237098 1.9216288 1.9371567 1.6078206 0.2177576 0.1978414 1.6213602 9.0000000 0.1741089 0.2241312 0.2518306 2.2102019 1.5995288 1.8020017 2.8361031 2.7492548 0.2441019 1.9477905 1.4400556 1.7115979 1.5406855 1.7297133 3.5014833 2.2548753 1.6302219 2.1346366 0.2015550 1.7280052 0.0000000 0.0000010 
Myrmecobiidae_Myrmecobius_fasciatus2         1.6617023 2.0229260 1.2821294 1.9415794 1.9520560 0.1954770 1.5628656 1.6237098 1.9216288 1.9371567 1.6078206 0.2177576 0.1978414 1.6213602 9.0000000 0.1741089 0.2241312 0.2518306 2.2102019 1.5995288 1.8020017 2.8361031 2.7492548 0.2441019 1.9477905 1.4400556 1.7115979 1.5406855 1.7297133 3.5014833 2.2548753 1.6302219 2.1346366 0.2015550 1.7280052 0.0000010 0.0000000 
