37
Burramyidae_Burramys_parvus                  0.0000000 0.0765736 0.0942705 0.0765736 0.0622824 0.0695236 0.0688855 0.0896247 0.0556213 0.0530330 0.0724067 0.1062148 0.0564009 0.0914264 0.0878733 0.0547677 0.0711049 0.0930350 0.0883280 0.1136094 0.0707413 0.0775601 0.1145421 0.1040319 0.0654827 0.0856636 0.0654014 0.0673958 0.0768699 0.0785042 0.0657634 0.0527055 0.1090894 0.0891124 0.1045356 0.0962269 0.0975105 
Thylacomyidae_Macrotis_lagotis1              0.0765736 0.0000000 0.0892381 0.0000010 0.0735696 0.0907927 0.0904708 0.0951033 0.0858654 0.0916727 0.0922011 0.0298993 0.0963303 0.0998089 0.0952440 0.0887957 0.0804059 0.0993518 0.0937106 0.0278083 0.0930172 0.0780058 0.1038126 0.0986397 0.0943884 0.0975813 0.0778682 0.0989347 0.0783950 0.0812178 0.0858873 0.0871994 0.0335152 0.0939395 0.0302860 9.0000000 9.0000000 
Notoryctidae_Notoryctes_typhlops             0.0942705 0.0892381 0.0000000 0.0892381 0.0887598 0.0994918 0.0974438 0.1048597 0.0929314 0.0890143 0.1019361 0.1197030 0.0932541 0.1060435 0.1064501 0.0909384 0.1016265 0.1101411 0.1021984 0.1225665 0.1013023 0.1035834 0.1338790 0.1203598 0.0942872 0.1025242 0.0935335 0.0980518 0.1051310 0.1111768 0.1000429 0.0878395 0.1195683 0.1042860 0.1174037 0.1140682 0.1164468 
Thylacomyidae_Macrotis_lagotis2              0.0765736 0.0000010 0.0892381 0.0000000 0.0735696 0.0907927 0.0904708 0.0951033 0.0858654 0.0916727 0.0922011 0.0298993 0.0963303 0.0998089 0.0952440 0.0887957 0.0804059 0.0993518 0.0937106 0.0278083 0.0930172 0.0780058 0.1038126 0.0986397 0.0943884 0.0975813 0.0778682 0.0989347 0.0783950 0.0812178 0.0858873 0.0871994 0.0335152 0.0939395 0.0302860 9.0000000 9.0000000 
Vombatidae_Lasiorhinus_latifrons             0.0622824 0.0735696 0.0887598 0.0735696 0.0000000 0.0683269 0.0697339 0.0840439 0.0582170 0.0579438 0.0731920 0.1014746 0.0636422 0.0842093 0.0859523 0.0593881 0.0724651 0.0880317 0.0830634 0.1059192 0.0717759 0.0829390 0.1120844 0.0995138 0.0671308 0.0840667 0.0684740 0.0676045 0.0834384 0.0898958 0.0700145 0.0572703 0.1025287 0.0838402 0.0998617 0.0884425 0.0895971 
Potoroidae_Bettongia_penicillata             0.0695236 0.0907927 0.0994918 0.0907927 0.0683269 0.0000000 0.0059207 0.0902310 0.0658238 0.0649010 0.0194438 0.1155320 0.0708894 0.0910384 0.0946309 0.0659206 0.0757684 0.0934696 0.0901524 0.1184695 0.0332968 0.0791833 0.1204577 0.1073792 0.0455723 0.0917943 0.0694994 0.0303186 0.0809574 0.0882872 0.0738854 0.0645423 0.1152852 0.0912102 0.1138950 0.0988595 0.0977945 
Potoroidae_Bettongia_lesueur                 0.0688855 0.0904708 0.0974438 0.0904708 0.0697339 0.0059207 0.0000000 0.0891733 0.0660582 0.0642654 0.0191921 0.1147301 0.0702476 0.0902868 0.0938834 0.0646952 0.0748301 0.0926071 0.0891206 0.1173945 0.0335417 0.0791021 0.1204018 0.1088085 0.0458124 0.0923133 0.0691354 0.0300597 0.0814766 0.0869433 0.0726545 0.0638790 0.1134511 0.0901760 0.1130959 0.0981528 0.0975636 
Dasyuridae_Dasyurus_maculatus                0.0896247 0.0951033 0.1048597 0.0951033 0.0840439 0.0902310 0.0891733 0.0000000 0.0877714 0.0849857 0.0936733 0.1101560 0.0910461 0.0202936 0.0308942 0.0863979 0.0987149 0.0215520 0.0073063 0.1168659 0.0965510 0.1023546 0.1242823 0.1142310 0.0875316 0.0941468 0.0900765 0.0946789 0.1029813 0.1078528 0.0947909 0.0843280 0.1123582 0.0054593 0.1091541 0.0242712 0.0169825 
Phalangeridae_Trichosurus_vulpecula          0.0556213 0.0858654 0.0929314 0.0858654 0.0582170 0.0658238 0.0660582 0.0877714 0.0000000 0.0204403 0.0730397 0.1062289 0.0254552 0.0894603 0.0897507 0.0223468 0.0683444 0.0915427 0.0874326 0.1133985 0.0736797 0.0738668 0.1111656 0.1020745 0.0625934 0.0866290 0.0614275 0.0697355 0.0763598 0.0816142 0.0661935 0.0200912 0.1074185 0.0875724 0.1045805 0.0908395 0.0939750 
Phalangeridae_Spilocuscus_maculatus          0.0530330 0.0916727 0.0890143 0.0916727 0.0579438 0.0649010 0.0642654 0.0849857 0.0204403 0.0000000 0.0699647 0.1044961 0.0138614 0.0881289 0.0878402 0.0098842 0.0669776 0.0888958 0.0857686 0.1123880 0.0712744 0.0718872 0.1076948 0.0994853 0.0606496 0.0831101 0.0618190 0.0681991 0.0751073 0.0819963 0.0651753 0.0073039 0.1069867 0.0856665 0.1030977 0.0893261 0.0922802 
Potoroidae_Aepyprymnus_rufescens             0.0724067 0.0922011 0.1019361 0.0922011 0.0731920 0.0194438 0.0191921 0.0936733 0.0730397 0.0699647 0.0000000 0.1164411 0.0737491 0.0952623 0.0990405 0.0702475 0.0791292 0.0955979 0.0939508 0.1198874 0.0352026 0.0832588 0.1240527 0.1141046 0.0496036 0.0957353 0.0720928 0.0314393 0.0849256 0.0915031 0.0778383 0.0688641 0.1174985 0.0947139 0.1150255 0.1041300 0.1044923 
Peramelidae_Perameles_nasuta                 0.1062148 0.0298993 0.1197030 0.0298993 0.1014746 0.1155320 0.1147301 0.1101560 0.1062289 0.1044961 0.1164411 0.0000000 0.1085811 0.1138078 0.1179448 0.1076082 0.1146232 0.1183169 0.1104742 0.0262625 0.1160819 0.1276085 0.1451208 0.1304621 0.1108447 0.1132696 0.1092461 0.1166133 0.1296329 0.1256447 0.1119375 0.1040421 0.0206496 0.1103398 0.0004536 0.1153093 0.1166968 
Phalangeridae_Strigocuscus_pelengensis       0.0564009 0.0963303 0.0932541 0.0963303 0.0636422 0.0708894 0.0702476 0.0910461 0.0254552 0.0138614 0.0737491 0.1085811 0.0000000 0.0922968 0.0915947 0.0143678 0.0723048 0.0928760 0.0903480 0.1148186 0.0746314 0.0761247 0.1146340 0.1038612 0.0642825 0.0898184 0.0661865 0.0720940 0.0780961 0.0854278 0.0681693 0.0123934 0.1108618 0.0914461 0.1068964 0.0956735 0.0972718 
Dasyuridae_Phascogale_tapoatafa              0.0914264 0.0998089 0.1060435 0.0998089 0.0842093 0.0910384 0.0902868 0.0202936 0.0894603 0.0881289 0.0952623 0.1138078 0.0922968 0.0000000 0.0308727 0.0900229 0.0997371 0.0038307 0.0198517 0.1184026 0.0974440 0.1028138 0.1266296 0.1149399 0.0880837 0.0970784 0.0898675 0.0949270 0.1041666 0.1079819 0.0961146 0.0875614 0.1158318 0.0200663 0.1127899 0.0266148 0.0079115 
Dasyuridae_Sminthopsis_macroura              0.0878733 0.0952440 0.1064501 0.0952440 0.0859523 0.0946309 0.0938834 0.0308942 0.0897507 0.0878402 0.0990405 0.1179448 0.0915947 0.0308727 0.0000000 0.0894645 0.0989256 0.0341621 0.0296939 0.1227768 0.0990670 0.1060459 0.1290454 0.1191627 0.0902480 0.0973087 0.0945220 0.0979903 0.1050902 0.1095665 0.0941518 0.0870109 0.1177968 0.0314248 0.1162623 0.0239257 0.0297445 
Phalangeridae_Phalanger_orientalis           0.0547677 0.0887957 0.0909384 0.0887957 0.0593881 0.0659206 0.0646952 0.0863979 0.0223468 0.0098842 0.0702475 0.1076082 0.0143678 0.0900229 0.0894645 0.0000000 0.0686017 0.0899247 0.0860569 0.1138048 0.0732580 0.0728208 0.1116737 0.1020477 0.0602627 0.0856560 0.0632676 0.0696397 0.0755597 0.0845585 0.0661663 0.0038533 0.1084090 0.0864983 0.1059623 0.0928919 0.0955725 
Acrobatidae_Acrobates_pygmaeus               0.0711049 0.0804059 0.1016265 0.0804059 0.0724651 0.0757684 0.0748301 0.0987149 0.0683444 0.0669776 0.0791292 0.1146232 0.0723048 0.0997371 0.0989256 0.0686017 0.0000000 0.1008722 0.0980720 0.1215101 0.0785271 0.0787007 0.1237566 0.1138923 0.0733176 0.0960696 0.0697077 0.0774572 0.0788108 0.0860547 0.0424215 0.0655266 0.1165476 0.1000254 0.1138797 0.1028281 0.1089195 
Dasyuridae_Phascogale_calura                 0.0930350 0.0993518 0.1101411 0.0993518 0.0880317 0.0934696 0.0926071 0.0215520 0.0915427 0.0888958 0.0955979 0.1183169 0.0928760 0.0038307 0.0341621 0.0899247 0.1008722 0.0000000 0.0198259 0.1238230 0.1032503 0.1057147 0.1295484 0.1189068 0.0919708 0.1043510 0.0917825 0.0999428 0.1082497 0.1048286 0.0983817 0.0881320 0.1209313 0.0212835 0.1171432 0.0269784 0.0110106 
Dasyuridae_Sarcophilus_harrisii              0.0883280 0.0937106 0.1021984 0.0937106 0.0830634 0.0901524 0.0891206 0.0073063 0.0874326 0.0857686 0.0939508 0.1104742 0.0903480 0.0198517 0.0296939 0.0860569 0.0980720 0.0198259 0.0000000 0.1162991 0.0968409 0.1004054 0.1243193 0.1138722 0.0859316 0.0917631 0.0905465 0.0952550 0.1023183 0.1054131 0.0938766 0.0842934 0.1125268 0.0077778 0.1091501 0.0269715 0.0188757 
Peramelidae_Echymipera_kalubu                0.1136094 0.0278083 0.1225665 0.0278083 0.1059192 0.1184695 0.1173945 0.1168659 0.1133985 0.1123880 0.1198874 0.0262625 0.1148186 0.1184026 0.1227768 0.1138048 0.1215101 0.1238230 0.1162991 0.0000000 0.1205000 0.1353994 0.1481607 0.1351698 0.1155712 0.1177135 0.1188016 0.1197615 0.1384038 0.1376982 0.1164596 0.1105313 0.0249215 0.1170935 0.0263088 0.1278461 0.1250023 
Macropodidae_Dorcopsulus_vanheurni           0.0707413 0.0930172 0.1013023 0.0930172 0.0717759 0.0332968 0.0335417 0.0965510 0.0736797 0.0712744 0.0352026 0.1160819 0.0746314 0.0974440 0.0990670 0.0732580 0.0785271 0.1032503 0.0968409 0.1205000 0.0000000 0.0862794 0.1226305 0.1146238 0.0500382 0.0943189 0.0754432 0.0132662 0.0837692 0.0921263 0.0758492 0.0707061 0.1172123 0.0972677 0.1147472 0.1036959 0.1063105 
Pseudochiridae_Pseudochirulus_forbesi        0.0775601 0.0780058 0.1035834 0.0780058 0.0829390 0.0791833 0.0791021 0.1023546 0.0738668 0.0718872 0.0832588 0.1276085 0.0761247 0.1028138 0.1060459 0.0728208 0.0787007 0.1057147 0.1004054 0.1353994 0.0862794 0.0000000 0.1375549 0.1253500 0.0812078 0.1078031 0.0423022 0.0832615 0.0359365 0.0820706 0.0747753 0.0703261 0.1279546 0.1027005 0.1258381 0.1172265 0.1167097 
Didelphidae_Didelphis_virginiana             0.1145421 0.1038126 0.1338790 0.1038126 0.1120844 0.1204577 0.1204018 0.1242823 0.1111656 0.1076948 0.1240527 0.1451208 0.1146340 0.1266296 0.1290454 0.1116737 0.1237566 0.1295484 0.1243193 0.1481607 0.1226305 0.1375549 0.0000000 0.0368436 0.1185773 0.1246807 0.1247242 0.1204846 0.1353738 0.1339193 0.1209492 0.1084567 0.1462974 0.1238710 0.1437446 0.1533147 0.1474463 
Marmosidae_Monodelphis_domestica             0.1040319 0.0986397 0.1203598 0.0986397 0.0995138 0.1073792 0.1088085 0.1142310 0.1020745 0.0994853 0.1141046 0.1304621 0.1038612 0.1149399 0.1191627 0.1020477 0.1138923 0.1189068 0.1138722 0.1351698 0.1146238 0.1253500 0.0368436 0.0000000 0.1050701 0.1150901 0.1120823 0.1117679 0.1204591 0.1240426 0.1104140 0.0991749 0.1304899 0.1127613 0.1297555 0.1329957 0.1258637 
Hypsiprymnodontidae_Hypsiprymnodon_moschatus 0.0654827 0.0943884 0.0942872 0.0943884 0.0671308 0.0455723 0.0458124 0.0875316 0.0625934 0.0606496 0.0496036 0.1108447 0.0642825 0.0880837 0.0902480 0.0602627 0.0733176 0.0919708 0.0859316 0.1155712 0.0500382 0.0812078 0.1185773 0.1050701 0.0000000 0.0889025 0.0682705 0.0469860 0.0826366 0.0910693 0.0720963 0.0594726 0.1108241 0.0864902 0.1091929 0.0923450 0.0916716 
Microbiotheriidae_Dromiciops_gliroides       0.0856636 0.0975813 0.1025242 0.0975813 0.0840667 0.0917943 0.0923133 0.0941468 0.0866290 0.0831101 0.0957353 0.1132696 0.0898184 0.0970784 0.0973087 0.0856560 0.0960696 0.1043510 0.0917631 0.1177135 0.0943189 0.1078031 0.1246807 0.1150901 0.0889025 0.0000000 0.0952710 0.0926472 0.1073163 0.1068755 0.0984586 0.0827621 0.1127840 0.0943050 0.1123595 0.1008940 0.1006072 
Pseudochiridae_Petauroides_volans            0.0654014 0.0778682 0.0935335 0.0778682 0.0684740 0.0694994 0.0691354 0.0900765 0.0614275 0.0618190 0.0720928 0.1092461 0.0661865 0.0898675 0.0945220 0.0632676 0.0697077 0.0917825 0.0905465 0.1188016 0.0754432 0.0423022 0.1247242 0.1120823 0.0682705 0.0952710 0.0000000 0.0712784 0.0422416 0.0717636 0.0664187 0.0617853 0.1151237 0.0898477 0.1078898 0.1012056 0.1010839 
Macropodidae_Wallabia_bicolor                0.0673958 0.0989347 0.0980518 0.0989347 0.0676045 0.0303186 0.0300597 0.0946789 0.0697355 0.0681991 0.0314393 0.1166133 0.0720940 0.0949270 0.0979903 0.0696397 0.0774572 0.0999428 0.0952550 0.1197615 0.0132662 0.0832615 0.1204846 0.1117679 0.0469860 0.0926472 0.0712784 0.0000000 0.0812283 0.0902525 0.0755494 0.0679183 0.1167738 0.0959082 0.1155522 0.1016286 0.1014229 
Pseudochiridae_Pseudocheirus_occidentalis    0.0768699 0.0783950 0.1051310 0.0783950 0.0834384 0.0809574 0.0814766 0.1029813 0.0763598 0.0751073 0.0849256 0.1296329 0.0780961 0.1041666 0.1050902 0.0755597 0.0788108 0.1082497 0.1023183 0.1384038 0.0837692 0.0359365 0.1353738 0.1204591 0.0826366 0.1073163 0.0422416 0.0812283 0.0000000 0.0821866 0.0764748 0.0732553 0.1341895 0.1036453 0.1279136 0.1171421 0.1182373 
Tarsipedidae_Tarsipes_rostratus              0.0785042 0.0812178 0.1111768 0.0812178 0.0898958 0.0882872 0.0869433 0.1078528 0.0816142 0.0819963 0.0915031 0.1256447 0.0854278 0.1079819 0.1095665 0.0845585 0.0860547 0.1048286 0.1054131 0.1376982 0.0921263 0.0820706 0.1339193 0.1240426 0.0910693 0.1068755 0.0717636 0.0902525 0.0821866 0.0000000 0.0815222 0.0824164 0.1307307 0.1070118 0.1245722 0.1181758 0.1206551 
Acrobatidae_Distoechurus_pennatus            0.0657634 0.0858873 0.1000429 0.0858873 0.0700145 0.0738854 0.0726545 0.0947909 0.0661935 0.0651753 0.0778383 0.1119375 0.0681693 0.0961146 0.0941518 0.0661663 0.0424215 0.0983817 0.0938766 0.1164596 0.0758492 0.0747753 0.1209492 0.1104140 0.0720963 0.0984586 0.0664187 0.0755494 0.0764748 0.0815222 0.0000000 0.0636850 0.1155492 0.0950807 0.1108723 0.0998171 0.1027957 
Phalangeridae_Phalanger_carmelitae           0.0527055 0.0871994 0.0878395 0.0871994 0.0572703 0.0645423 0.0638790 0.0843280 0.0200912 0.0073039 0.0688641 0.1040421 0.0123934 0.0875614 0.0870109 0.0038533 0.0655266 0.0881320 0.0842934 0.1105313 0.0707061 0.0703261 0.1084567 0.0991749 0.0594726 0.0827621 0.0617853 0.0679183 0.0732553 0.0824164 0.0636850 0.0000000 0.1055069 0.0847351 0.1024051 0.0888468 0.0919868 
Peramelidae_Peroryctes_raffrayana            0.1090894 0.0335152 0.1195683 0.0335152 0.1025287 0.1152852 0.1134511 0.1123582 0.1074185 0.1069867 0.1174985 0.0206496 0.1108618 0.1158318 0.1177968 0.1084090 0.1165476 0.1209313 0.1125268 0.0249215 0.1172123 0.1279546 0.1462974 0.1304899 0.1108241 0.1127840 0.1151237 0.1167738 0.1341895 0.1307307 0.1155492 0.1055069 0.0000000 0.1126159 0.0204343 0.1164200 0.1169313 
Dasyuridae_Dasyurus_geffroii                 0.0891124 0.0939395 0.1042860 0.0939395 0.0838402 0.0912102 0.0901760 0.0054593 0.0875724 0.0856665 0.0947139 0.1103398 0.0914461 0.0200663 0.0314248 0.0864983 0.1000254 0.0212835 0.0077778 0.1170935 0.0972677 0.1027005 0.1238710 0.1127613 0.0864902 0.0943050 0.0898477 0.0959082 0.1036453 0.1070118 0.0950807 0.0847351 0.1126159 0.0000000 0.1093658 0.0262985 0.0176351 
Peramelidae_Perameles_gunnii                 0.1045356 0.0302860 0.1174037 0.0302860 0.0998617 0.1138950 0.1130959 0.1091541 0.1045805 0.1030977 0.1150255 0.0004536 0.1068964 0.1127899 0.1162623 0.1059623 0.1138797 0.1171432 0.1091501 0.0263088 0.1147472 0.1258381 0.1437446 0.1297555 0.1091929 0.1123595 0.1078898 0.1155522 0.1279136 0.1245722 0.1108723 0.1024051 0.0204343 0.1093658 0.0000000 0.1133886 0.1145055 
Dasyuridae_Planigale_tenuirostris            0.0962269 9.0000000 0.1140682 9.0000000 0.0884425 0.0988595 0.0981528 0.0242712 0.0908395 0.0893261 0.1041300 0.1153093 0.0956735 0.0266148 0.0239257 0.0928919 0.1028281 0.0269784 0.0269715 0.1278461 0.1036959 0.1172265 0.1533147 0.1329957 0.0923450 0.1008940 0.1012056 0.1016286 0.1171421 0.1181758 0.0998171 0.0888468 0.1164200 0.0262985 0.1133886 0.0000000 0.0262261 
Dasyuridae_Antechinus_stuartii               0.0975105 9.0000000 0.1164468 9.0000000 0.0895971 0.0977945 0.0975636 0.0169825 0.0939750 0.0922802 0.1044923 0.1166968 0.0972718 0.0079115 0.0297445 0.0955725 0.1089195 0.0110106 0.0188757 0.1250023 0.1063105 0.1167097 0.1474463 0.1258637 0.0916716 0.1006072 0.1010839 0.1014229 0.1182373 0.1206551 0.1027957 0.0919868 0.1169313 0.0176351 0.1145055 0.0262261 0.0000000 
