37
Burramyidae_Burramys_parvus                  0.0000000 0.1571184 0.0585220 0.1571184 0.0409523 0.0350826 0.0388893 0.0536373 0.0398744 0.0439995 0.0369761 0.0671184 0.0414841 0.0547750 0.0532056 0.0422265 0.0483746 0.0396629 0.0514892 0.0472282 0.0635617 0.0354863 0.0512524 0.0665929 0.0658918 0.0551323 0.0387529 0.0478098 0.0471893 0.0364045 0.0469758 0.0581735 0.0461029 0.0426046 0.0525461 0.0509923 0.0665259 
Thylacomyidae_Macrotis_lagotis1              0.1571184 0.0000000 0.1821397 0.0000010 0.1603114 0.1778579 0.1778579 0.1072988 0.1427312 0.1432486 0.1660237 0.0907526 0.1918367 0.0981636 0.1072988 0.1602782 0.2340704 0.0996722 9.0000000 0.1030216 0.0666591 0.1397902 0.1954481 0.1389791 0.0980693 0.1579634 0.1894797 0.1778823 0.1532844 0.1513775 0.1933656 0.1837966 0.2016155 0.1462404 0.0871863 9.0000000 0.1028464 
Notoryctidae_Notoryctes_typhlops             0.0585220 0.1821397 0.0000000 0.1821397 0.0534689 0.0584731 0.0579511 0.0595411 0.0670518 0.0723821 0.0601433 0.0687660 0.0669272 0.0621937 0.0625607 0.0692713 0.0726826 0.0528681 0.0511900 0.0502142 0.0643214 0.0523215 0.0758657 0.0733424 0.0735241 0.0585676 0.0641156 0.0507676 0.0693786 0.0594616 0.0681131 0.0777752 0.0649460 0.0749948 0.0613162 0.0495003 0.0673452 
Thylacomyidae_Macrotis_lagotis2              0.1571184 0.0000010 0.1821397 0.0000000 0.1603114 0.1778579 0.1778579 0.1072988 0.1427312 0.1432486 0.1660237 0.0907526 0.1918367 0.0981636 0.1072988 0.1602782 0.2340704 0.0996722 9.0000000 0.1030216 0.0666591 0.1397902 0.1954481 0.1389791 0.0980693 0.1579634 0.1894797 0.1778823 0.1532844 0.1513775 0.1933656 0.1837966 0.2016155 0.1462404 0.0871863 9.0000000 0.1028464 
Vombatidae_Lasiorhinus_latifrons             0.0409523 0.1603114 0.0534689 0.1603114 0.0000000 0.0412435 0.0443945 0.0521925 0.0481221 0.0523166 0.0435874 0.0604712 0.0492557 0.0525104 0.0544902 0.0502104 0.0521584 0.0355598 0.0516763 0.0476330 0.0604632 0.0404503 0.0578398 0.0658706 0.0638242 0.0536196 0.0474271 0.0484070 0.0501907 0.0438587 0.0512441 0.0625004 0.0499029 0.0527212 0.0490183 0.0509442 0.0621229 
Potoroidae_Bettongia_penicillata             0.0350826 0.1778579 0.0584731 0.1778579 0.0412435 0.0000000 0.0055307 0.0530107 0.0414122 0.0484560 0.0097678 0.0646068 0.0455245 0.0541734 0.0536946 0.0477103 0.0518494 0.0466247 0.0482479 0.0451706 0.0592740 0.0240626 0.0533108 0.0679476 0.0663190 0.0534872 0.0305437 0.0457161 0.0459458 0.0234833 0.0461714 0.0609988 0.0486867 0.0477674 0.0584313 0.0474938 0.0629616 
Potoroidae_Bettongia_lesueur                 0.0388893 0.1778579 0.0579511 0.1778579 0.0443945 0.0055307 0.0000000 0.0571087 0.0455447 0.0516775 0.0141770 0.0658967 0.0478690 0.0585628 0.0583783 0.0505544 0.0557165 0.0514508 0.0502629 0.0472574 0.0633836 0.0259794 0.0572883 0.0712131 0.0707709 0.0565729 0.0313942 0.0482295 0.0507321 0.0265504 0.0497163 0.0632701 0.0511117 0.0515206 0.0624174 0.0495310 0.0648348 
Dasyuridae_Dasyurus_maculatus                0.0536373 0.1072988 0.0595411 0.1072988 0.0521925 0.0530107 0.0571087 0.0000000 0.0630535 0.0642032 0.0554012 0.0624732 0.0605426 0.0107329 0.0169619 0.0630935 0.0667577 0.0058690 0.0045293 0.0113246 0.0593564 0.0550866 0.0688023 0.0668123 0.0646618 0.0112238 0.0602347 0.0530834 0.0637607 0.0546392 0.0622898 0.0746502 0.0649526 0.0659380 0.0489631 0.0033329 0.0649093 
Phalangeridae_Trichosurus_vulpecula          0.0398744 0.1427312 0.0670518 0.1427312 0.0481221 0.0414122 0.0455447 0.0630535 0.0000000 0.0239440 0.0430174 0.0762516 0.0267062 0.0626328 0.0624527 0.0233732 0.0559090 0.0544131 0.0611029 0.0553961 0.0697713 0.0443500 0.0576886 0.0771616 0.0769474 0.0633205 0.0500273 0.0553092 0.0547211 0.0437387 0.0541846 0.0686531 0.0554939 0.0205162 0.0711976 0.0597906 0.0733791 
Phalangeridae_Spilocuscus_maculatus          0.0439995 0.1432486 0.0723821 0.1432486 0.0523166 0.0484560 0.0516775 0.0642032 0.0239440 0.0000000 0.0501306 0.0840917 0.0207460 0.0634325 0.0627483 0.0137621 0.0602717 0.0482686 0.0642965 0.0584058 0.0767212 0.0493635 0.0635642 0.0810805 0.0820168 0.0644722 0.0553762 0.0619585 0.0612424 0.0508886 0.0590004 0.0732412 0.0607996 0.0158880 0.0647685 0.0629614 0.0802049 
Potoroidae_Aepyprymnus_rufescens             0.0369761 0.1660237 0.0601433 0.1660237 0.0435874 0.0097678 0.0141770 0.0554012 0.0430174 0.0501306 0.0000000 0.0650132 0.0481904 0.0568275 0.0552963 0.0493724 0.0546565 0.0445190 0.0498448 0.0471232 0.0615021 0.0243338 0.0558019 0.0692042 0.0695312 0.0564364 0.0310741 0.0473694 0.0483922 0.0247084 0.0487830 0.0625712 0.0503158 0.0494319 0.0571658 0.0491149 0.0646523 
Peramelidae_Perameles_nasuta                 0.0671184 0.0907526 0.0687660 0.0907526 0.0604712 0.0646068 0.0658967 0.0624732 0.0762516 0.0840917 0.0650132 0.0000000 0.0782284 0.0643755 0.0639106 0.0794564 0.0827977 0.0562776 0.0513329 0.0509396 0.0150692 0.0582882 0.0766303 0.0735992 0.0710152 0.0602793 0.0686515 0.0548061 0.0727542 0.0657407 0.0732208 0.0865040 0.0747734 0.0818274 0.0202308 0.0507077 0.0008168 
Phalangeridae_Strigocuscus_pelengensis       0.0414841 0.1918367 0.0669272 0.1918367 0.0492557 0.0455245 0.0478690 0.0605426 0.0267062 0.0207460 0.0481904 0.0782284 0.0000000 0.0597698 0.0599315 0.0178302 0.0567549 0.0471653 0.0579310 0.0519923 0.0728575 0.0459723 0.0601213 0.0788900 0.0788644 0.0608317 0.0518083 0.0593470 0.0582612 0.0483549 0.0564277 0.0671583 0.0579343 0.0195041 0.0639670 0.0568945 0.0763988 
Dasyuridae_Phascogale_tapoatafa              0.0547750 0.0981636 0.0621937 0.0981636 0.0525104 0.0541734 0.0585628 0.0107329 0.0626328 0.0634325 0.0568275 0.0643755 0.0597698 0.0000000 0.0181531 0.0620543 0.0680052 0.0014561 0.0110930 0.0128777 0.0610716 0.0557197 0.0697342 0.0681312 0.0664929 0.0068352 0.0592315 0.0534872 0.0643821 0.0555033 0.0641226 0.0752351 0.0656190 0.0648910 0.0495017 0.0108687 0.0654964 
Dasyuridae_Sminthopsis_macroura              0.0532056 0.1072988 0.0625607 0.1072988 0.0544902 0.0536946 0.0583783 0.0169619 0.0624527 0.0627483 0.0552963 0.0639106 0.0599315 0.0181531 0.0000000 0.0624577 0.0674723 0.0084771 0.0173277 0.0098193 0.0602944 0.0555441 0.0684093 0.0696441 0.0669009 0.0183412 0.0604182 0.0537352 0.0650223 0.0550369 0.0600662 0.0765632 0.0653184 0.0655930 0.0472717 0.0168514 0.0658787 
Phalangeridae_Phalanger_orientalis           0.0422265 0.1602782 0.0692713 0.1602782 0.0502104 0.0477103 0.0505544 0.0630935 0.0233732 0.0137621 0.0493724 0.0794564 0.0178302 0.0620543 0.0624577 0.0000000 0.0577128 0.0512239 0.0624985 0.0561358 0.0740452 0.0476572 0.0594678 0.0812468 0.0814131 0.0629878 0.0530032 0.0599532 0.0590202 0.0482860 0.0549980 0.0667995 0.0550869 0.0077766 0.0653979 0.0611726 0.0771486 
Acrobatidae_Acrobates_pygmaeus               0.0483746 0.2340704 0.0726826 0.2340704 0.0521584 0.0518494 0.0557165 0.0667577 0.0559090 0.0602717 0.0546565 0.0827977 0.0567549 0.0680052 0.0674723 0.0577128 0.0000000 0.0649995 0.0603066 0.0597485 0.0740478 0.0524652 0.0459559 0.0842314 0.0844385 0.0700532 0.0577432 0.0618801 0.0446417 0.0535957 0.0430725 0.0553518 0.0276632 0.0598351 0.0798737 0.0589525 0.0767409 
Dasyuridae_Phascogale_calura                 0.0396629 0.0996722 0.0528681 0.0996722 0.0355598 0.0466247 0.0514508 0.0058690 0.0544131 0.0482686 0.0445190 0.0562776 0.0471653 0.0014561 0.0084771 0.0512239 0.0649995 0.0000000 0.0054244 0.0057149 0.0512320 0.0458991 0.0605378 0.0447120 0.0399284 0.0038103 0.0505494 0.0387647 0.0613672 0.0429505 0.0567451 0.0680728 0.0618707 0.0543643 0.0503850 0.0062813 0.0565583 
Dasyuridae_Sarcophilus_harrisii              0.0514892 9.0000000 0.0511900 9.0000000 0.0516763 0.0482479 0.0502629 0.0045293 0.0611029 0.0642965 0.0498448 0.0513329 0.0579310 0.0110930 0.0173277 0.0624985 0.0603066 0.0054244 0.0000000 0.0122103 0.0530940 0.0517287 0.0677865 0.0635681 0.0642818 0.0109662 0.0524979 0.0503428 0.0603112 0.0493515 0.0595362 0.0648136 0.0605498 0.0629111 0.0402287 0.0035689 0.0549716 
Dasyuridae_Planigale_tenuirostris            0.0472282 0.1030216 0.0502142 0.1030216 0.0476330 0.0451706 0.0472574 0.0113246 0.0553961 0.0584058 0.0471232 0.0509396 0.0519923 0.0128777 0.0098193 0.0561358 0.0597485 0.0057149 0.0122103 0.0000000 0.0498753 0.0504100 0.0644988 0.0603064 0.0608760 0.0119175 0.0498317 0.0516234 0.0569399 0.0461039 0.0569030 0.0642267 0.0589362 0.0578347 0.0387669 0.0111312 0.0523541 
Peramelidae_Echymipera_kalubu                0.0635617 0.0666591 0.0643214 0.0666591 0.0604632 0.0592740 0.0633836 0.0593564 0.0697713 0.0767212 0.0615021 0.0150692 0.0728575 0.0610716 0.0602944 0.0740452 0.0740478 0.0512320 0.0530940 0.0498753 0.0000000 0.0595605 0.0740367 0.0768207 0.0753047 0.0613145 0.0679270 0.0559834 0.0678441 0.0619529 0.0674316 0.0830051 0.0717066 0.0759011 0.0160423 0.0520739 0.0145589 
Macropodidae_Dorcopsulus_vanheurni           0.0354863 0.1397902 0.0523215 0.1397902 0.0404503 0.0240626 0.0259794 0.0550866 0.0443500 0.0493635 0.0243338 0.0582882 0.0459723 0.0557197 0.0555441 0.0476572 0.0524652 0.0458991 0.0517287 0.0504100 0.0595605 0.0000000 0.0533393 0.0655101 0.0649474 0.0556099 0.0318648 0.0445511 0.0461494 0.0138788 0.0426485 0.0529332 0.0506745 0.0484247 0.0548134 0.0515028 0.0592605 
Pseudochiridae_Pseudochirulus_forbesi        0.0512524 0.1954481 0.0758657 0.1954481 0.0578398 0.0533108 0.0572883 0.0688023 0.0576886 0.0635642 0.0558019 0.0766303 0.0601213 0.0697342 0.0684093 0.0594678 0.0459559 0.0605378 0.0677865 0.0644988 0.0740367 0.0533393 0.0000000 0.0856677 0.0838897 0.0705477 0.0581332 0.0647247 0.0340214 0.0550509 0.0139618 0.0564477 0.0455345 0.0614759 0.0728802 0.0658535 0.0771483 
Didelphidae_Didelphis_virginiana             0.0665929 0.1389791 0.0733424 0.1389791 0.0658706 0.0679476 0.0712131 0.0668123 0.0771616 0.0810805 0.0692042 0.0735992 0.0788900 0.0681312 0.0696441 0.0812468 0.0842314 0.0447120 0.0635681 0.0603064 0.0768207 0.0655101 0.0856677 0.0000000 0.0320511 0.0667202 0.0716591 0.0613418 0.0803167 0.0706120 0.0762832 0.0900847 0.0805033 0.0831633 0.0580258 0.0648401 0.0777951 
Marmosidae_Monodelphis_domestica             0.0658918 0.0980693 0.0735241 0.0980693 0.0638242 0.0663190 0.0707709 0.0646618 0.0769474 0.0820168 0.0695312 0.0710152 0.0788644 0.0664929 0.0669009 0.0814131 0.0844385 0.0399284 0.0642818 0.0608760 0.0753047 0.0649474 0.0838897 0.0320511 0.0000000 0.0668623 0.0694553 0.0598386 0.0807136 0.0688812 0.0735329 0.0890198 0.0797497 0.0837583 0.0531186 0.0651743 0.0770478 
Dasyuridae_Antechinus_stuartii               0.0551323 0.1579634 0.0585676 0.1579634 0.0536196 0.0534872 0.0565729 0.0112238 0.0633205 0.0644722 0.0564364 0.0602793 0.0608317 0.0068352 0.0183412 0.0629878 0.0700532 0.0038103 0.0109662 0.0119175 0.0613145 0.0556099 0.0705477 0.0667202 0.0668623 0.0000000 0.0575885 0.0550208 0.0644771 0.0557063 0.0642784 0.0753103 0.0675116 0.0663103 0.0492587 0.0107261 0.0618581 
Hypsiprymnodontidae_Hypsiprymnodon_moschatus 0.0387529 0.1894797 0.0641156 0.1894797 0.0474271 0.0305437 0.0313942 0.0602347 0.0500273 0.0553762 0.0310741 0.0686515 0.0518083 0.0592315 0.0604182 0.0530032 0.0577432 0.0505494 0.0524979 0.0498317 0.0679270 0.0318648 0.0581332 0.0716591 0.0694553 0.0575885 0.0000000 0.0490735 0.0539320 0.0355505 0.0547167 0.0646430 0.0527139 0.0534070 0.0626131 0.0517660 0.0680093 
Microbiotheriidae_Dromiciops_gliroides       0.0478098 0.1778823 0.0507676 0.1778823 0.0484070 0.0457161 0.0482295 0.0530834 0.0553092 0.0619585 0.0473694 0.0548061 0.0593470 0.0534872 0.0537352 0.0599532 0.0618801 0.0387647 0.0503428 0.0516234 0.0559834 0.0445511 0.0647247 0.0613418 0.0598386 0.0550208 0.0490735 0.0000000 0.0584736 0.0438893 0.0559746 0.0665488 0.0602682 0.0599028 0.0427382 0.0492747 0.0571837 
Pseudochiridae_Petauroides_volans            0.0471893 0.1532844 0.0693786 0.1532844 0.0501907 0.0459458 0.0507321 0.0637607 0.0547211 0.0612424 0.0483922 0.0727542 0.0582612 0.0643821 0.0650223 0.0590202 0.0446417 0.0613672 0.0603112 0.0569399 0.0678441 0.0461494 0.0340214 0.0803167 0.0807136 0.0644771 0.0539320 0.0584736 0.0000000 0.0491211 0.0309472 0.0556395 0.0416797 0.0618296 0.0735020 0.0598345 0.0717389 
Macropodidae_Wallabia_bicolor                0.0364045 0.1513775 0.0594616 0.1513775 0.0438587 0.0234833 0.0265504 0.0546392 0.0437387 0.0508886 0.0247084 0.0657407 0.0483549 0.0555033 0.0550369 0.0482860 0.0535957 0.0429505 0.0493515 0.0461039 0.0619529 0.0138788 0.0550509 0.0706120 0.0688812 0.0557063 0.0355505 0.0438893 0.0491211 0.0000000 0.0467179 0.0590175 0.0493752 0.0486152 0.0559390 0.0485928 0.0673135 
Pseudochiridae_Pseudocheirus_occidentalis    0.0469758 0.1933656 0.0681131 0.1933656 0.0512441 0.0461714 0.0497163 0.0622898 0.0541846 0.0590004 0.0487830 0.0732208 0.0564277 0.0641226 0.0600662 0.0549980 0.0430725 0.0567451 0.0595362 0.0569030 0.0674316 0.0426485 0.0139618 0.0762832 0.0735329 0.0642784 0.0547167 0.0559746 0.0309472 0.0467179 0.0000000 0.0489107 0.0382450 0.0587624 0.0673333 0.0578441 0.0721858 
Tarsipedidae_Tarsipes_rostratus              0.0581735 0.1837966 0.0777752 0.1837966 0.0625004 0.0609988 0.0632701 0.0746502 0.0686531 0.0732412 0.0625712 0.0865040 0.0671583 0.0752351 0.0765632 0.0667995 0.0553518 0.0680728 0.0648136 0.0642267 0.0830051 0.0529332 0.0564477 0.0900847 0.0890198 0.0753103 0.0646430 0.0665488 0.0556395 0.0590175 0.0489107 0.0000000 0.0481890 0.0711833 0.0779285 0.0640390 0.0845288 
Acrobatidae_Distoechurus_pennatus            0.0461029 0.2016155 0.0649460 0.2016155 0.0499029 0.0486867 0.0511117 0.0649526 0.0554939 0.0607996 0.0503158 0.0747734 0.0579343 0.0656190 0.0653184 0.0550869 0.0276632 0.0618707 0.0605498 0.0589362 0.0717066 0.0506745 0.0455345 0.0805033 0.0797497 0.0675116 0.0527139 0.0602682 0.0416797 0.0493752 0.0382450 0.0481890 0.0000000 0.0585269 0.0713717 0.0594975 0.0727280 
Phalangeridae_Phalanger_carmelitae           0.0426046 0.1462404 0.0749948 0.1462404 0.0527212 0.0477674 0.0515206 0.0659380 0.0205162 0.0158880 0.0494319 0.0818274 0.0195041 0.0648910 0.0655930 0.0077766 0.0598351 0.0543643 0.0629111 0.0578347 0.0759011 0.0484247 0.0614759 0.0831633 0.0837583 0.0663103 0.0534070 0.0599028 0.0618296 0.0486152 0.0587624 0.0711833 0.0585269 0.0000000 0.0698509 0.0615832 0.0790615 
Peramelidae_Peroryctes_raffrayana            0.0525461 0.0871863 0.0613162 0.0871863 0.0490183 0.0584313 0.0624174 0.0489631 0.0711976 0.0647685 0.0571658 0.0202308 0.0639670 0.0495017 0.0472717 0.0653979 0.0798737 0.0503850 0.0402287 0.0387669 0.0160423 0.0548134 0.0728802 0.0580258 0.0531186 0.0492587 0.0626131 0.0427382 0.0735020 0.0559390 0.0673333 0.0779285 0.0713717 0.0698509 0.0000000 0.0407554 0.0203531 
Dasyuridae_Dasyurus_geffroii                 0.0509923 9.0000000 0.0495003 9.0000000 0.0509442 0.0474938 0.0495310 0.0033329 0.0597906 0.0629614 0.0491149 0.0507077 0.0568945 0.0108687 0.0168514 0.0611726 0.0589525 0.0062813 0.0035689 0.0111312 0.0520739 0.0515028 0.0658535 0.0648401 0.0651743 0.0107261 0.0517660 0.0492747 0.0598345 0.0485928 0.0578441 0.0640390 0.0594975 0.0615832 0.0407554 0.0000000 0.0539518 
Peramelidae_Perameles_gunnii                 0.0665259 0.1028464 0.0673452 0.1028464 0.0621229 0.0629616 0.0648348 0.0649093 0.0733791 0.0802049 0.0646523 0.0008168 0.0763988 0.0654964 0.0658787 0.0771486 0.0767409 0.0565583 0.0549716 0.0523541 0.0145589 0.0592605 0.0771483 0.0777951 0.0770478 0.0618581 0.0680093 0.0571837 0.0717389 0.0673135 0.0721858 0.0845288 0.0727280 0.0790615 0.0203531 0.0539518 0.0000000 
