35
Burramyidae_Burramys_parvus                  0.0000000 0.0409881 0.0253082 0.0553140 0.0205369 0.0179547 0.0289400 0.0352159 0.0198696 0.0514212 0.0560020 0.0189502 0.0238225 0.0492146 0.0545356 0.0359064 0.0363519 0.0216075 0.0283476 0.0556410 0.0522815 0.0482586 0.0258194 0.0363732 0.0219957 0.0223647 0.0188039 0.0343851 0.0234820 0.0194616 0.0314592 0.0573406 0.0365429 0.0266323 0.0285462 
Notoryctidae_Notoryctes_typhlops             0.0409881 0.0000000 0.0458276 0.0684358 0.0478713 0.0479775 0.0590144 0.0485215 0.0485867 0.0678993 0.0700224 0.0486708 0.0515923 0.0647601 0.0687992 0.0504601 0.0527304 0.0483809 0.0570616 0.0664149 0.0648893 0.0627619 0.0531352 0.0488951 0.0476963 0.0487902 0.0474441 0.0635660 0.0512527 0.0494416 0.0520458 0.0702364 0.0502615 0.0518040 0.0548011 
Vombatidae_Lasiorhinus_latifrons             0.0253082 0.0458276 0.0000000 0.0562080 0.0278660 0.0268292 0.0383682 0.0396551 0.0274282 0.0574537 0.0596757 0.0273520 0.0323765 0.0550131 0.0562234 0.0386378 0.0440489 0.0287337 0.0312420 0.0555397 0.0557300 0.0530251 0.0351164 0.0361455 0.0286414 0.0290730 0.0270960 0.0431017 0.0315097 0.0279544 0.0392667 0.0587088 0.0428228 0.0344216 0.0369318 
Dasyuridae_Dasyurus_maculatus                0.0553140 0.0684358 0.0562080 0.0000000 0.0517944 0.0485614 0.0673045 0.0685019 0.0522910 0.0080591 0.0139138 0.0503040 0.0610413 0.0072617 0.0030363 0.0085047 0.0702409 0.0586389 0.0666574 0.0741772 0.0812572 0.0067456 0.0692708 0.0669017 0.0559504 0.0645264 0.0561988 0.0703029 0.0609771 0.0517293 0.0694052 0.0016019 0.0702359 0.0566463 0.0604180 
Phalangeridae_Trichosurus_vulpecula          0.0205369 0.0478713 0.0278660 0.0517944 0.0000000 0.0065089 0.0313562 0.0451712 0.0074928 0.0490293 0.0548596 0.0074140 0.0295687 0.0480851 0.0505282 0.0364079 0.0449070 0.0267958 0.0320147 0.0482004 0.0564541 0.0480323 0.0309049 0.0379227 0.0241005 0.0276950 0.0245219 0.0334320 0.0297647 0.0075837 0.0436083 0.0521137 0.0456861 0.0238838 0.0257291 
Phalangeridae_Spilocuscus_maculatus          0.0179547 0.0479775 0.0268292 0.0485614 0.0065089 0.0000000 0.0289092 0.0412662 0.0048863 0.0512332 0.0494681 0.0043902 0.0269642 0.0491829 0.0485157 0.0391239 0.0438199 0.0234378 0.0288008 0.0515145 0.0534029 0.0495789 0.0276222 0.0394101 0.0219536 0.0254459 0.0192784 0.0323241 0.0257101 0.0035898 0.0404149 0.0490743 0.0424516 0.0252575 0.0271638 
Potoroidae_Aepyprymnus_rufescens             0.0289400 0.0590144 0.0383682 0.0673045 0.0313562 0.0289092 0.0000000 0.0552903 0.0307247 0.0648430 0.0673226 0.0289705 0.0400702 0.0627842 0.0672481 0.0471482 0.0547020 0.0086038 0.0386708 0.0604767 0.0674944 0.0609613 0.0234639 0.0530395 0.0320344 0.0096598 0.0327991 0.0480839 0.0379226 0.0302752 0.0515806 0.0677112 0.0565063 0.0066259 0.0077831 
Peramelidae_Perameles_nasuta                 0.0352159 0.0485215 0.0396551 0.0685019 0.0451712 0.0412662 0.0552903 0.0000000 0.0448468 0.0593983 0.0687626 0.0437793 0.0474284 0.0582550 0.0705089 0.0481993 0.0055612 0.0456325 0.0512258 0.0594316 0.0641364 0.0582342 0.0483861 0.0483551 0.0442076 0.0443326 0.0448675 0.0566212 0.0455437 0.0464231 0.0051180 0.0708897 0.0000993 0.0442882 0.0475480 
Phalangeridae_Strigocuscus_pelengensis       0.0198696 0.0485867 0.0274282 0.0522910 0.0074928 0.0048863 0.0307247 0.0448468 0.0000000 0.0495832 0.0555112 0.0038452 0.0294235 0.0474902 0.0502468 0.0369735 0.0455180 0.0249529 0.0288780 0.0521869 0.0588125 0.0476905 0.0318831 0.0369491 0.0240402 0.0270141 0.0214073 0.0354328 0.0263560 0.0032192 0.0441610 0.0524048 0.0454838 0.0247780 0.0273629 
Dasyuridae_Phascogale_tapoatafa              0.0514212 0.0678993 0.0574537 0.0080591 0.0490293 0.0512332 0.0648430 0.0593983 0.0495832 0.0000000 0.0118360 0.0484751 0.0588133 0.0009524 0.0074959 0.0095545 0.0651134 0.0570012 0.0615357 0.0756448 0.0706964 0.0030286 0.0659680 0.0583611 0.0541747 0.0598537 0.0510893 0.0663311 0.0575520 0.0485195 0.0597753 0.0072985 0.0617218 0.0620163 0.0659113 
Dasyuridae_Sminthopsis_macroura              0.0560020 0.0700224 0.0596757 0.0139138 0.0548596 0.0494681 0.0673226 0.0687626 0.0555112 0.0118360 0.0000000 0.0522465 0.0612462 0.0112415 0.0128541 0.0078775 0.0706131 0.0597011 0.0625835 0.0754415 0.0748259 0.0115518 0.0661833 0.0689227 0.0533781 0.0638446 0.0546199 0.0701220 0.0608296 0.0547533 0.0690028 0.0135119 0.0709858 0.0641705 0.0680812 
Phalangeridae_Phalanger_orientalis           0.0189502 0.0486708 0.0273520 0.0503040 0.0074140 0.0043902 0.0289705 0.0437793 0.0038452 0.0484751 0.0522465 0.0000000 0.0277651 0.0467141 0.0483559 0.0367755 0.0443557 0.0244650 0.0296586 0.0507490 0.0545195 0.0467231 0.0301670 0.0398405 0.0229849 0.0264130 0.0214510 0.0344523 0.0271060 0.0010904 0.0426825 0.0508538 0.0439542 0.0237621 0.0255905 
Acrobatidae_Acrobates_pygmaeus               0.0238225 0.0515923 0.0323765 0.0610413 0.0295687 0.0269642 0.0400702 0.0474284 0.0294235 0.0588133 0.0612462 0.0277651 0.0000000 0.0563373 0.0599203 0.0398302 0.0468121 0.0305113 0.0313410 0.0601622 0.0626155 0.0540703 0.0332047 0.0401404 0.0247688 0.0318274 0.0254538 0.0384265 0.0166737 0.0288590 0.0459728 0.0613785 0.0479931 0.0365525 0.0374782 
Dasyuridae_Phascogale_calura                 0.0492146 0.0647601 0.0550131 0.0072617 0.0480851 0.0491829 0.0627842 0.0582550 0.0474902 0.0009524 0.0112415 0.0467141 0.0563373 0.0000000 0.0068576 0.0088964 0.0639522 0.0546047 0.0585510 0.0751160 0.0712207 0.0024322 0.0648743 0.0611705 0.0513514 0.0574079 0.0496289 0.0656187 0.0545562 0.0471481 0.0601769 0.0068229 0.0615226 0.0597437 0.0636189 
Dasyuridae_Sarcophilus_harrisii              0.0545356 0.0687992 0.0562234 0.0030363 0.0505282 0.0485157 0.0672481 0.0705089 0.0502468 0.0074959 0.0128541 0.0483559 0.0599203 0.0068576 0.0000000 0.0077281 0.0705860 0.0602282 0.0641232 0.0672342 0.0778060 0.0066249 0.0686270 0.0685194 0.0538844 0.0648656 0.0580541 0.0676288 0.0599239 0.0506134 0.0714912 0.0025832 0.0705960 0.0539515 0.0582207 
Dasyuridae_Planigale_tenuirostris            0.0359064 0.0504601 0.0386378 0.0085047 0.0364079 0.0391239 0.0471482 0.0481993 0.0369735 0.0095545 0.0078775 0.0367755 0.0398302 0.0088964 0.0077281 0.0000000 0.0505710 0.0397443 0.0466785 0.0552722 0.0552254 0.0083667 0.0455639 0.0502658 0.0374352 0.0430606 0.0397643 0.0481039 0.0405987 0.0364450 0.0492222 0.0086708 0.0488071 0.0448819 0.0480364 
Peramelidae_Echymipera_kalubu                0.0363519 0.0527304 0.0440489 0.0702409 0.0449070 0.0438199 0.0547020 0.0055612 0.0455180 0.0651134 0.0706131 0.0443557 0.0468121 0.0639522 0.0705860 0.0505710 0.0000000 0.0465645 0.0542555 0.0721362 0.0718767 0.0617359 0.0495018 0.0498105 0.0441854 0.0448944 0.0449312 0.0591807 0.0459413 0.0457245 0.0055328 0.0720083 0.0054457 0.0475765 0.0511565 
Macropodidae_Dorcopsulus_vanheurni           0.0216075 0.0483809 0.0287337 0.0586389 0.0267958 0.0234378 0.0086038 0.0456325 0.0249529 0.0570012 0.0597011 0.0244650 0.0305113 0.0546047 0.0602282 0.0397443 0.0465645 0.0000000 0.0303564 0.0512487 0.0555427 0.0523751 0.0156869 0.0437463 0.0249945 0.0029095 0.0246957 0.0385729 0.0301839 0.0253395 0.0436645 0.0598669 0.0470077 0.0067727 0.0079312 
Pseudochiridae_Pseudochirulus_forbesi        0.0283476 0.0570616 0.0312420 0.0666574 0.0320147 0.0288008 0.0386708 0.0512258 0.0288780 0.0615357 0.0625835 0.0296586 0.0313410 0.0585510 0.0641232 0.0466785 0.0542555 0.0303564 0.0000000 0.0614035 0.0679595 0.0574766 0.0364584 0.0510225 0.0130643 0.0310418 0.0093407 0.0348769 0.0298549 0.0296473 0.0516000 0.0665814 0.0534775 0.0380772 0.0378645 
Didelphidae_Didelphis_virginiana             0.0556410 0.0664149 0.0555397 0.0741772 0.0482004 0.0515145 0.0604767 0.0594316 0.0521869 0.0756448 0.0754415 0.0507490 0.0601622 0.0751160 0.0672342 0.0552722 0.0721362 0.0512487 0.0614035 0.0000000 0.0161232 0.0728409 0.0619745 0.0545477 0.0520332 0.0521728 0.0475276 0.0671774 0.0546947 0.0499131 0.0643774 0.0738691 0.0645391 0.0498259 0.0530021 
Marmosidae_Monodelphis_domestica             0.0522815 0.0648893 0.0557300 0.0812572 0.0564541 0.0534029 0.0674944 0.0641364 0.0588125 0.0706964 0.0748259 0.0545195 0.0626155 0.0712207 0.0778060 0.0552254 0.0718767 0.0555427 0.0679595 0.0161232 0.0000000 0.0702312 0.0656542 0.0528889 0.0604297 0.0563981 0.0570188 0.0722834 0.0611152 0.0564936 0.0640551 0.0809161 0.0669004 0.0563740 0.0590106 
Dasyuridae_Antechinus_stuartii               0.0482586 0.0627619 0.0530251 0.0067456 0.0480323 0.0495789 0.0609613 0.0582342 0.0476905 0.0030286 0.0115518 0.0467231 0.0540703 0.0024322 0.0066249 0.0083667 0.0617359 0.0523751 0.0574766 0.0728409 0.0702312 0.0000000 0.0625683 0.0615543 0.0500340 0.0551360 0.0501249 0.0629231 0.0529358 0.0471586 0.0590317 0.0064574 0.0602999 0.0571649 0.0610254 
Hypsiprymnodontidae_Hypsiprymnodon_moschatus 0.0258194 0.0531352 0.0351164 0.0692708 0.0309049 0.0276222 0.0234639 0.0483861 0.0318831 0.0659680 0.0661833 0.0301670 0.0332047 0.0648743 0.0686270 0.0455639 0.0495018 0.0156869 0.0364584 0.0619745 0.0656542 0.0625683 0.0000000 0.0448456 0.0297641 0.0174019 0.0284457 0.0455081 0.0358674 0.0303269 0.0451330 0.0685546 0.0511567 0.0213290 0.0230632 
Microbiotheriidae_Dromiciops_gliroides       0.0363732 0.0488951 0.0361455 0.0669017 0.0379227 0.0394101 0.0530395 0.0483551 0.0369491 0.0583611 0.0689227 0.0398405 0.0401404 0.0611705 0.0685194 0.0502658 0.0498105 0.0437463 0.0510225 0.0545477 0.0528889 0.0615543 0.0448456 0.0000000 0.0418724 0.0433978 0.0398397 0.0570065 0.0406926 0.0391709 0.0497631 0.0686688 0.0476523 0.0493151 0.0503800 
Pseudochiridae_Petauroides_volans            0.0219957 0.0476963 0.0286414 0.0559504 0.0241005 0.0219536 0.0320344 0.0442076 0.0240402 0.0541747 0.0533781 0.0229849 0.0247688 0.0513514 0.0538844 0.0374352 0.0441854 0.0249945 0.0130643 0.0520332 0.0604297 0.0500340 0.0297641 0.0418724 0.0000000 0.0272363 0.0102180 0.0276961 0.0247325 0.0235679 0.0410067 0.0571440 0.0453466 0.0294310 0.0300615 
Macropodidae_Wallabia_bicolor                0.0223647 0.0487902 0.0290730 0.0645264 0.0276950 0.0254459 0.0096598 0.0443326 0.0270141 0.0598537 0.0638446 0.0264130 0.0318274 0.0574079 0.0648656 0.0430606 0.0448944 0.0029095 0.0310418 0.0521728 0.0563981 0.0551360 0.0174019 0.0433978 0.0272363 0.0000000 0.0252386 0.0411392 0.0311237 0.0273088 0.0415098 0.0653525 0.0457413 0.0071132 0.0082860 
Pseudochiridae_Pseudocheirus_occidentalis    0.0188039 0.0474441 0.0270960 0.0561988 0.0245219 0.0192784 0.0327991 0.0448675 0.0214073 0.0510893 0.0546199 0.0214510 0.0254538 0.0496289 0.0580541 0.0397643 0.0449312 0.0246957 0.0093407 0.0475276 0.0570188 0.0501249 0.0284457 0.0398397 0.0102180 0.0252386 0.0000000 0.0293672 0.0229483 0.0225029 0.0424374 0.0579938 0.0443737 0.0275434 0.0296499 
Tarsipedidae_Tarsipes_rostratus              0.0343851 0.0635660 0.0431017 0.0703029 0.0334320 0.0323241 0.0480839 0.0566212 0.0354328 0.0663311 0.0701220 0.0344523 0.0384265 0.0656187 0.0676288 0.0481039 0.0591807 0.0385729 0.0348769 0.0671774 0.0722834 0.0629231 0.0455081 0.0570065 0.0276961 0.0411392 0.0293672 0.0000000 0.0398684 0.0356758 0.0546588 0.0711456 0.0592351 0.0414869 0.0438917 
Acrobatidae_Distoechurus_pennatus            0.0234820 0.0512527 0.0315097 0.0609771 0.0297647 0.0257101 0.0379226 0.0455437 0.0263560 0.0575520 0.0608296 0.0271060 0.0166737 0.0545562 0.0599239 0.0405987 0.0459413 0.0301839 0.0298549 0.0546947 0.0611152 0.0529358 0.0358674 0.0406926 0.0247325 0.0311237 0.0229483 0.0398684 0.0000000 0.0279911 0.0436404 0.0631006 0.0471294 0.0355677 0.0369638 
Phalangeridae_Phalanger_carmelitae           0.0194616 0.0494416 0.0279544 0.0517293 0.0075837 0.0035898 0.0302752 0.0464231 0.0032192 0.0485195 0.0547533 0.0010904 0.0288590 0.0471481 0.0506134 0.0364450 0.0457245 0.0253395 0.0296473 0.0499131 0.0564936 0.0471586 0.0303269 0.0391709 0.0235679 0.0273088 0.0225029 0.0356758 0.0279911 0.0000000 0.0449656 0.0520464 0.0461083 0.0237644 0.0255935 
Peramelidae_Peroryctes_raffrayana            0.0314592 0.0520458 0.0392667 0.0694052 0.0436083 0.0404149 0.0515806 0.0051180 0.0441610 0.0597753 0.0690028 0.0426825 0.0459728 0.0601769 0.0714912 0.0492222 0.0055328 0.0436645 0.0516000 0.0643774 0.0640551 0.0590317 0.0451330 0.0497631 0.0410067 0.0415098 0.0424374 0.0546588 0.0436404 0.0449656 0.0000000 0.0718896 0.0049798 0.0409848 0.0443021 
Dasyuridae_Dasyurus_geffroii                 0.0573406 0.0702364 0.0587088 0.0016019 0.0521137 0.0490743 0.0677112 0.0708897 0.0524048 0.0072985 0.0135119 0.0508538 0.0613785 0.0068229 0.0025832 0.0086708 0.0720083 0.0598669 0.0665814 0.0738691 0.0809161 0.0064574 0.0685546 0.0686688 0.0571440 0.0653525 0.0579938 0.0711456 0.0631006 0.0520464 0.0718896 0.0000000 0.0720018 0.0572188 0.0610041 
Peramelidae_Perameles_gunnii                 0.0365429 0.0502615 0.0428228 0.0702359 0.0456861 0.0424516 0.0565063 0.0000993 0.0454838 0.0617218 0.0709858 0.0439542 0.0479931 0.0615226 0.0705960 0.0488071 0.0054457 0.0470077 0.0534775 0.0645391 0.0669004 0.0602999 0.0511567 0.0476523 0.0453466 0.0457413 0.0443737 0.0592351 0.0471294 0.0461083 0.0049798 0.0720018 0.0000000 0.0468182 0.0494273 
Potoroidae_Bettongia_penicillata             0.0266323 0.0518040 0.0344216 0.0566463 0.0238838 0.0252575 0.0066259 0.0442882 0.0247780 0.0620163 0.0641705 0.0237621 0.0365525 0.0597437 0.0539515 0.0448819 0.0475765 0.0067727 0.0380772 0.0498259 0.0563740 0.0571649 0.0213290 0.0493151 0.0294310 0.0071132 0.0275434 0.0414869 0.0355677 0.0237644 0.0409848 0.0572188 0.0468182 0.0000000 0.0028559 
Potoroidae_Bettongia_lesueur                 0.0285462 0.0548011 0.0369318 0.0604180 0.0257291 0.0271638 0.0077831 0.0475480 0.0273629 0.0659113 0.0680812 0.0255905 0.0374782 0.0636189 0.0582207 0.0480364 0.0511565 0.0079312 0.0378645 0.0530021 0.0590106 0.0610254 0.0230632 0.0503800 0.0300615 0.0082860 0.0296499 0.0438917 0.0369638 0.0255935 0.0443021 0.0610041 0.0494273 0.0028559 0.0000000 
