38
Hovahydrus_minutissimus    0.0000000 0.3185636 0.3126095 0.2855336 0.1843211 0.2387482 0.3044086 0.3367727 0.3348434 0.2852354 0.2813073 0.2809977 0.3132713 0.3250513 0.2973062 0.3006770 0.3029738 0.2913539 0.3077376 0.3069710 0.3017221 0.2923828 0.3013593 0.3016957 0.2841761 0.2766659 0.3086026 0.2971111 0.2767888 0.2829416 0.2866706 0.2991232 0.3061128 0.2901553 0.2863479 0.2824616 0.2976379 0.2807342 
Sanfilippodytes_terminalis 0.3185636 0.0000000 0.2770225 0.2744059 0.2787890 0.2897413 0.2254563 0.2674787 0.2501887 0.2205971 0.2266292 0.2257463 0.2438965 0.2315034 0.2090094 0.2091595 0.2279502 0.1940890 0.2096752 0.1797741 0.1800721 0.1996025 0.2025767 0.2000913 0.2219497 0.2232933 0.2058535 0.2195223 0.2208414 0.2217208 0.2167645 0.2171601 0.2421925 0.2118157 0.2109514 0.2282346 0.2373624 0.2143865 
Canthyporus_hottentotus    0.3126095 0.2770225 0.0000000 0.2573881 0.3135408 0.3286274 0.2984410 0.3109556 0.2893991 0.2435699 0.2769683 0.2693389 0.2746482 0.2849418 0.2819482 0.2756155 0.2799943 0.2796689 0.2975844 0.2680050 0.2704677 0.2440051 0.2573512 0.2954277 0.2780156 0.2618752 0.2719905 0.2696912 0.2780485 0.2587042 0.2953850 0.2618646 0.2584528 0.2778879 0.2756118 0.2584457 0.2580623 0.2539675 
Laccornellus_copelatoides  0.2855336 0.2744059 0.2573881 0.0000000 0.2813436 0.3040087 0.3157077 0.3178441 0.3133464 0.2736475 0.2409830 0.2492625 0.2751267 0.2549593 0.2836770 0.2874843 0.2916883 0.2874533 0.2845130 0.2914512 0.2886306 0.2483070 0.2646345 0.2817951 0.3019860 0.2437539 0.2894355 0.2521619 0.2545759 0.2494912 0.2681433 0.2445032 0.2384996 0.2916440 0.2933760 0.2281314 0.2287752 0.2230561 
Andex_insignis             0.1843211 0.2787890 0.3135408 0.2813436 0.0000000 0.2215506 0.2946115 0.2716974 0.2936561 0.2624479 0.2602004 0.2534394 0.2769406 0.2797933 0.2626697 0.2623918 0.2709959 0.2696050 0.2766699 0.2706104 0.2728241 0.2688560 0.2321986 0.2844312 0.2520345 0.2746323 0.2663019 0.2757157 0.2593070 0.2688016 0.2609303 0.2640102 0.2713159 0.2536535 0.2485999 0.2454426 0.2514368 0.2559287 
Hyphydrus_ovatus           0.2387482 0.2897413 0.3286274 0.3040087 0.2215506 0.0000000 0.3083940 0.2997794 0.3104061 0.2726807 0.2676751 0.2745121 0.2764887 0.2969493 0.2619817 0.2609951 0.2750043 0.2658764 0.2884779 0.2590488 0.2605286 0.2736030 0.2516862 0.2790527 0.2823305 0.2871522 0.2861210 0.2705450 0.2830131 0.2818829 0.2757655 0.2859203 0.2940314 0.2701652 0.2693124 0.2689596 0.2870946 0.2602856 
Heterosternusa_pulcher     0.3044086 0.2254563 0.2984410 0.3157077 0.2946115 0.3083940 0.0000000 0.1588265 0.1769460 0.2576514 0.2565497 0.2664685 0.2507305 0.2916099 0.2256156 0.2248026 0.2566480 0.2319653 0.2528042 0.2375700 0.2357591 0.2252013 0.2303805 0.2424291 0.2493926 0.2556241 0.2456148 0.2277617 0.2620917 0.2489420 0.2580122 0.2532073 0.2859458 0.2387071 0.2399602 0.2740935 0.2777621 0.2713998 
Neoporus_arizonicus        0.3367727 0.2674787 0.3109556 0.3178441 0.2716974 0.2997794 0.1588265 0.0000000 0.1344129 0.2628807 0.2286688 0.2196773 0.2328340 0.2891770 0.2417901 0.2373598 0.2591443 0.2505980 0.2571833 0.2500306 0.2497421 0.2378224 0.2314651 0.2417325 0.2651635 0.2418940 0.2529722 0.2389316 0.2623423 0.2556467 0.2657513 0.2523428 0.2719288 0.2438742 0.2438999 0.2505313 0.2664276 0.2486581 
Neoporus_undulatus         0.3348434 0.2501887 0.2893991 0.3133464 0.2936561 0.3104061 0.1769460 0.1344129 0.0000000 0.2458948 0.2318734 0.2393971 0.2321305 0.2943735 0.2418077 0.2396374 0.2506138 0.2367919 0.2466030 0.2316313 0.2342360 0.2192881 0.2404419 0.2431517 0.2540663 0.2472323 0.2494707 0.2404429 0.2604242 0.2590708 0.2575664 0.2734056 0.3013956 0.2489634 0.2493825 0.2798566 0.2751748 0.2702984 
Hydrocolus_sahlbergi       0.2852354 0.2205971 0.2435699 0.2736475 0.2624479 0.2726807 0.2576514 0.2628807 0.2458948 0.0000000 0.1862305 0.1715230 0.2054139 0.2045196 0.1663182 0.1621881 0.1619074 0.1666005 0.1742296 0.1541593 0.1542998 0.1830481 0.1693811 0.1875288 0.1787384 0.1765244 0.1601732 0.1665189 0.1713870 0.1934537 0.1709098 0.1917816 0.1873490 0.1625696 0.1653465 0.1840863 0.1615058 0.1841197 
Suphrodytes_figuratus      0.2813073 0.2266292 0.2769683 0.2409830 0.2602004 0.2676751 0.2565497 0.2286688 0.2318734 0.1862305 0.0000000 0.0594115 0.1632975 0.1827285 0.1532210 0.1513111 0.1547595 0.1472357 0.1611871 0.1447839 0.1494224 0.1475629 0.1508872 0.1612919 0.1721047 0.1624151 0.1550623 0.1508440 0.1831231 0.1815211 0.1475197 0.1644823 0.1851654 0.1505489 0.1491228 0.1607948 0.1639729 0.1621450 
Suphrodytes_dorsalis       0.2809977 0.2257463 0.2693389 0.2492625 0.2534394 0.2745121 0.2664685 0.2196773 0.2393971 0.1715230 0.0594115 0.0000000 0.1729175 0.1775479 0.1437947 0.1417823 0.1467054 0.1427821 0.1599899 0.1434880 0.1431505 0.1463402 0.1487325 0.1622910 0.1683230 0.1491431 0.1540315 0.1523446 0.1667574 0.1673831 0.1456164 0.1513336 0.1800316 0.1426669 0.1381199 0.1592978 0.1457601 0.1649323 
Hydroporus_scalesianus     0.3132713 0.2438965 0.2746482 0.2751267 0.2769406 0.2764887 0.2507305 0.2328340 0.2321305 0.2054139 0.1632975 0.1729175 0.0000000 0.1851646 0.1809569 0.1758492 0.1788380 0.1593688 0.1692981 0.1694592 0.1754556 0.0956527 0.1512357 0.1829810 0.1822135 0.1837598 0.1754227 0.1700489 0.1678080 0.1792616 0.1680403 0.1496610 0.1714018 0.1651127 0.1725575 0.1639200 0.1705824 0.1670840 
Hydroporus_vagepictus      0.3250513 0.2315034 0.2849418 0.2549593 0.2797933 0.2969493 0.2916099 0.2891770 0.2943735 0.2045196 0.1827285 0.1775479 0.1851646 0.0000000 0.1988975 0.1980157 0.2175580 0.1700554 0.1871211 0.1880534 0.1858494 0.1782269 0.1393820 0.1887164 0.1959949 0.1727376 0.1850413 0.1764972 0.1796025 0.1942677 0.1835751 0.1024799 0.1657876 0.1887382 0.1892654 0.1674000 0.1625734 0.1524265 
Hydroporus_longiusculus    0.2973062 0.2090094 0.2819482 0.2836770 0.2626697 0.2619817 0.2256156 0.2417901 0.2418077 0.1663182 0.1532210 0.1437947 0.1809569 0.1988975 0.0000000 0.0014662 0.0576745 0.0933439 0.1048590 0.0808119 0.0826460 0.1628819 0.1025685 0.1145294 0.1313415 0.1737281 0.0991942 0.1092693 0.1554485 0.1884568 0.1082224 0.1751501 0.1801089 0.0722709 0.0744329 0.1727344 0.1789975 0.1753561 
Hydroporus_carri           0.3006770 0.2091595 0.2756155 0.2874843 0.2623918 0.2609951 0.2248026 0.2373598 0.2396374 0.1621881 0.1513111 0.1417823 0.1758492 0.1980157 0.0014662 0.0000000 0.0574775 0.0946887 0.1061723 0.0830313 0.0827227 0.1622105 0.1033418 0.1122317 0.1302911 0.1740642 0.0926918 0.1092890 0.1563619 0.1848767 0.1034478 0.1725007 0.1798342 0.0709943 0.0731868 0.1680707 0.1793178 0.1748428 
Hydroporus_nigellus        0.3029738 0.2279502 0.2799943 0.2916883 0.2709959 0.2750043 0.2566480 0.2591443 0.2506138 0.1619074 0.1547595 0.1467054 0.1788380 0.2175580 0.0576745 0.0574775 0.0000000 0.0875542 0.0921889 0.0792700 0.0789584 0.1568300 0.1073325 0.1132852 0.1210734 0.1748130 0.1085823 0.1054328 0.1635739 0.1934340 0.0941498 0.1847743 0.2000602 0.0648814 0.0645645 0.1832300 0.1878942 0.1795327 
Hydroporus_niger           0.2913539 0.1940890 0.2796689 0.2874533 0.2696050 0.2658764 0.2319653 0.2505980 0.2367919 0.1666005 0.1472357 0.1427821 0.1593688 0.1700554 0.0933439 0.0946887 0.0875542 0.0000000 0.0378958 0.0776875 0.0812090 0.1458104 0.0686546 0.0904606 0.1075976 0.1619275 0.1003972 0.0912482 0.1670780 0.1815032 0.0901884 0.1472673 0.1695742 0.0803370 0.0815324 0.1660759 0.1640375 0.1468597 
Hydroporus_notabilis       0.3077376 0.2096752 0.2975844 0.2845130 0.2766699 0.2884779 0.2528042 0.2571833 0.2466030 0.1742296 0.1611871 0.1599899 0.1692981 0.1871211 0.1048590 0.1061723 0.0921889 0.0378958 0.0000000 0.0949481 0.0945318 0.1512428 0.0704896 0.1057980 0.1192803 0.1712042 0.1053191 0.1043251 0.1753311 0.1917757 0.0924583 0.1599926 0.1794377 0.0827256 0.0850766 0.1678603 0.1713362 0.1616689 
Hydroporus_appalachius     0.3069710 0.1797741 0.2680050 0.2914512 0.2706104 0.2590488 0.2375700 0.2500306 0.2316313 0.1541593 0.1447839 0.1434880 0.1694592 0.1880534 0.0808119 0.0830313 0.0792700 0.0776875 0.0949481 0.0000000 0.0168112 0.1590712 0.0844116 0.0856089 0.1105456 0.1633007 0.0895767 0.0910155 0.1728843 0.1805216 0.0794851 0.1623850 0.1970691 0.0723315 0.0690817 0.1814489 0.1893969 0.1715355 
Hydroporus_mannerheimi     0.3017221 0.1800721 0.2704677 0.2886306 0.2728241 0.2605286 0.2357591 0.2497421 0.2342360 0.1542998 0.1494224 0.1431505 0.1754556 0.1858494 0.0826460 0.0827227 0.0789584 0.0812090 0.0945318 0.0168112 0.0000000 0.1657203 0.0877609 0.0935656 0.1055194 0.1657614 0.0986501 0.0922011 0.1750223 0.1823956 0.0818021 0.1629297 0.1917157 0.0733818 0.0734838 0.1717225 0.1846862 0.1750215 
Hydroporus_neglectus       0.2923828 0.1996025 0.2440051 0.2483070 0.2688560 0.2736030 0.2252013 0.2378224 0.2192881 0.1830481 0.1475629 0.1463402 0.0956527 0.1782269 0.1628819 0.1622105 0.1568300 0.1458104 0.1512428 0.1590712 0.1657203 0.0000000 0.1316275 0.1611579 0.1812876 0.1512738 0.1429806 0.1530463 0.1645722 0.1740860 0.1643111 0.1521817 0.1597114 0.1552199 0.1555385 0.1527993 0.1491995 0.1512859 
Hydroporus_sinuatipes      0.3013593 0.2025767 0.2573512 0.2646345 0.2321986 0.2516862 0.2303805 0.2314651 0.2404419 0.1693811 0.1508872 0.1487325 0.1512357 0.1393820 0.1025685 0.1033418 0.1073325 0.0686546 0.0704896 0.0844116 0.0877609 0.1316275 0.0000000 0.1116595 0.1274529 0.1637175 0.0978538 0.1056441 0.1565940 0.1628824 0.0985445 0.1028309 0.1533061 0.0999706 0.0985574 0.1484556 0.1572492 0.1557669 
Hydroporus_obscurus        0.3016957 0.2000913 0.2954277 0.2817951 0.2844312 0.2790527 0.2424291 0.2417325 0.2431517 0.1875288 0.1612919 0.1622910 0.1829810 0.1887164 0.1145294 0.1122317 0.1132852 0.0904606 0.1057980 0.0856089 0.0935656 0.1611579 0.1116595 0.0000000 0.0942531 0.1735638 0.1262933 0.1076576 0.1610081 0.1773073 0.0829505 0.1706648 0.1786332 0.0976606 0.0958904 0.1726210 0.1843910 0.1532750 
Hydroporus_erythrocephalus 0.2841761 0.2219497 0.2780156 0.3019860 0.2520345 0.2823305 0.2493926 0.2651635 0.2540663 0.1787384 0.1721047 0.1683230 0.1822135 0.1959949 0.1313415 0.1302911 0.1210734 0.1075976 0.1192803 0.1105456 0.1055194 0.1812876 0.1274529 0.0942531 0.0000000 0.1738620 0.1196754 0.1306381 0.1703707 0.1768573 0.0861078 0.1714845 0.1794319 0.1040710 0.1065892 0.1739246 0.1794168 0.1607743 
Hydroporus_puberulus       0.2766659 0.2232933 0.2618752 0.2437539 0.2746323 0.2871522 0.2556241 0.2418940 0.2472323 0.1765244 0.1624151 0.1491431 0.1837598 0.1727376 0.1737281 0.1740642 0.1748130 0.1619275 0.1712042 0.1633007 0.1657614 0.1512738 0.1637175 0.1735638 0.1738620 0.0000000 0.1731460 0.1677498 0.1435363 0.1539708 0.1668791 0.1483004 0.1572977 0.1653322 0.1650648 0.1313431 0.1408313 0.1448262 
Hydroporus_axillaris       0.3086026 0.2058535 0.2719905 0.2894355 0.2663019 0.2861210 0.2456148 0.2529722 0.2494707 0.1601732 0.1550623 0.1540315 0.1754227 0.1850413 0.0991942 0.0926918 0.1085823 0.1003972 0.1053191 0.0895767 0.0986501 0.1429806 0.0978538 0.1262933 0.1196754 0.1731460 0.0000000 0.0776960 0.1585764 0.1868777 0.1150751 0.1697855 0.1956853 0.0993553 0.1008573 0.1803331 0.1761533 0.1877081 
Hydroporus_fortis          0.2971111 0.2195223 0.2696912 0.2521619 0.2757157 0.2705450 0.2277617 0.2389316 0.2404429 0.1665189 0.1508440 0.1523446 0.1700489 0.1764972 0.1092693 0.1092890 0.1054328 0.0912482 0.1043251 0.0910155 0.0922011 0.1530463 0.1056441 0.1076576 0.1306381 0.1677498 0.0776960 0.0000000 0.1662014 0.1795920 0.1173312 0.1704942 0.1992551 0.0941217 0.0923260 0.1869195 0.1767617 0.1860605 
Hydroporus_kraatzii        0.2767888 0.2208414 0.2780485 0.2545759 0.2593070 0.2830131 0.2620917 0.2623423 0.2604242 0.1713870 0.1831231 0.1667574 0.1678080 0.1796025 0.1554485 0.1563619 0.1635739 0.1670780 0.1753311 0.1728843 0.1750223 0.1645722 0.1565940 0.1610081 0.1703707 0.1435363 0.1585764 0.1662014 0.0000000 0.0637042 0.1629879 0.1461091 0.1335423 0.1613479 0.1596520 0.1358626 0.1278296 0.1349403 
Hydroporus_memnonius       0.2829416 0.2217208 0.2587042 0.2494912 0.2688016 0.2818829 0.2489420 0.2556467 0.2590708 0.1934537 0.1815211 0.1673831 0.1792616 0.1942677 0.1884568 0.1848767 0.1934340 0.1815032 0.1917757 0.1805216 0.1823956 0.1740860 0.1628824 0.1773073 0.1768573 0.1539708 0.1868777 0.1795920 0.0637042 0.0000000 0.1836411 0.1645671 0.1359492 0.1793268 0.1743274 0.1485226 0.1366502 0.1352605 
Hydroporus_rufifrons       0.2866706 0.2167645 0.2953850 0.2681433 0.2609303 0.2757655 0.2580122 0.2657513 0.2575664 0.1709098 0.1475197 0.1456164 0.1680403 0.1835751 0.1082224 0.1034478 0.0941498 0.0901884 0.0924583 0.0794851 0.0818021 0.1643111 0.0985445 0.0829505 0.0861078 0.1668791 0.1150751 0.1173312 0.1629879 0.1836411 0.0000000 0.1633939 0.1655449 0.0866462 0.0840833 0.1574480 0.1611687 0.1528995 
Hydroporus_tristis         0.2991232 0.2171601 0.2618646 0.2445032 0.2640102 0.2859203 0.2532073 0.2523428 0.2734056 0.1917816 0.1644823 0.1513336 0.1496610 0.1024799 0.1751501 0.1725007 0.1847743 0.1472673 0.1599926 0.1623850 0.1629297 0.1521817 0.1028309 0.1706648 0.1714845 0.1483004 0.1697855 0.1704942 0.1461091 0.1645671 0.1633939 0.0000000 0.1405943 0.1752742 0.1801560 0.1281832 0.1482989 0.1401064 
Hydroporus_nigrita         0.3061128 0.2421925 0.2584528 0.2384996 0.2713159 0.2940314 0.2859458 0.2719288 0.3013956 0.1873490 0.1851654 0.1800316 0.1714018 0.1657876 0.1801089 0.1798342 0.2000602 0.1695742 0.1794377 0.1970691 0.1917157 0.1597114 0.1533061 0.1786332 0.1794319 0.1572977 0.1956853 0.1992551 0.1335423 0.1359492 0.1655449 0.1405943 0.0000000 0.1769627 0.1802315 0.0839367 0.0615552 0.0596346 
Hydroporus_lapponum        0.2901553 0.2118157 0.2778879 0.2916440 0.2536535 0.2701652 0.2387071 0.2438742 0.2489634 0.1625696 0.1505489 0.1426669 0.1651127 0.1887382 0.0722709 0.0709943 0.0648814 0.0803370 0.0827256 0.0723315 0.0733818 0.1552199 0.0999706 0.0976606 0.1040710 0.1653322 0.0993553 0.0941217 0.1613479 0.1793268 0.0866462 0.1752742 0.1769627 0.0000000 0.0129074 0.1663509 0.1590606 0.1554528 
Hydroporus_submuticus      0.2863479 0.2109514 0.2756118 0.2933760 0.2485999 0.2693124 0.2399602 0.2438999 0.2493825 0.1653465 0.1491228 0.1381199 0.1725575 0.1892654 0.0744329 0.0731868 0.0645645 0.0815324 0.0850766 0.0690817 0.0734838 0.1555385 0.0985574 0.0958904 0.1065892 0.1650648 0.1008573 0.0923260 0.1596520 0.1743274 0.0840833 0.1801560 0.1802315 0.0129074 0.0000000 0.1714204 0.1635575 0.1565211 
Hydroporus_pilosus         0.2824616 0.2282346 0.2584457 0.2281314 0.2454426 0.2689596 0.2740935 0.2505313 0.2798566 0.1840863 0.1607948 0.1592978 0.1639200 0.1674000 0.1727344 0.1680707 0.1832300 0.1660759 0.1678603 0.1814489 0.1717225 0.1527993 0.1484556 0.1726210 0.1739246 0.1313431 0.1803331 0.1869195 0.1358626 0.1485226 0.1574480 0.1281832 0.0839367 0.1663509 0.1714204 0.0000000 0.0768462 0.0840709 
Hydroporus_pubescens       0.2976379 0.2373624 0.2580623 0.2287752 0.2514368 0.2870946 0.2777621 0.2664276 0.2751748 0.1615058 0.1639729 0.1457601 0.1705824 0.1625734 0.1789975 0.1793178 0.1878942 0.1640375 0.1713362 0.1893969 0.1846862 0.1491995 0.1572492 0.1843910 0.1794168 0.1408313 0.1761533 0.1767617 0.1278296 0.1366502 0.1611687 0.1482989 0.0615552 0.1590606 0.1635575 0.0768462 0.0000000 0.0696371 
Hydroporus_tessellatus     0.2807342 0.2143865 0.2539675 0.2230561 0.2559287 0.2602856 0.2713998 0.2486581 0.2702984 0.1841197 0.1621450 0.1649323 0.1670840 0.1524265 0.1753561 0.1748428 0.1795327 0.1468597 0.1616689 0.1715355 0.1750215 0.1512859 0.1557669 0.1532750 0.1607743 0.1448262 0.1877081 0.1860605 0.1349403 0.1352605 0.1528995 0.1401064 0.0596346 0.1554528 0.1565211 0.0840709 0.0696371 0.0000000 
