35
Burramyidae_Burramys_parvus                  0.0000000 0.0350124 0.0271450 0.0818237 0.0761481 0.0489448 0.0325041 0.0319821 0.0638451 0.0789974 0.0288965 0.0516828 0.0591808 0.0370835 0.0299391 0.0518677 0.0468511 0.0462150 0.0644059 0.0613598 0.0265198 0.1405556 0.0678247 0.0527418 0.0581804 0.0377327 0.0415144 0.0684153 0.0194861 0.0542224 0.0299804 0.0351405 0.0724227 0.0495626 0.0797230 
Notoryctidae_Notoryctes_typhlops             0.0350124 0.0000000 0.0314108 0.0821856 0.0753735 0.0434620 0.0378065 0.0383593 0.0699968 0.0954521 0.0359488 0.0462774 0.0499453 0.0416500 0.0373483 0.0459179 0.0435163 0.0485561 0.0728161 0.0672087 0.0469515 0.1333408 0.0599332 0.0459334 0.0627427 0.0392642 0.0451228 0.0717765 0.0417731 0.0622022 0.0371542 0.0378394 0.0873973 0.0428805 0.0945206 
Vombatidae_Lasiorhinus_latifrons             0.0271450 0.0314108 0.0000000 0.0672572 0.0613580 0.0442826 0.0313159 0.0306951 0.0662077 0.0897119 0.0283312 0.0448032 0.0503293 0.0341893 0.0383501 0.0448878 0.0428444 0.0443401 0.0735566 0.0660064 0.0283300 0.1307371 0.0627325 0.0461381 0.0552838 0.0344787 0.0520653 0.0706295 0.0225534 0.0564645 0.0231034 0.0446980 0.0905808 0.0437394 0.0900973 
Potoroidae_Bettongia_penicillata             0.0818237 0.0821856 0.0672572 0.0000000 0.0043228 0.0890521 0.0697161 0.0723721 0.0104471 0.0995522 0.0675436 0.0947097 0.0926454 0.0750006 0.0726259 0.0944145 0.0871599 0.0985388 0.0910982 0.0330338 0.0703238 0.1218318 0.1180043 0.0950530 0.0412025 0.0912365 0.0681153 0.0349932 0.0653235 0.0795725 0.0736040 0.0748044 0.0896961 0.0935747 0.1004527 
Potoroidae_Bettongia_lesueur                 0.0761481 0.0753735 0.0613580 0.0043228 0.0000000 0.0799920 0.0643713 0.0658191 0.0074230 0.0925977 0.0610282 0.0870780 0.0840684 0.0693573 0.0664744 0.0867571 0.0781340 0.0891404 0.0836721 0.0307129 0.0620475 0.1119007 0.1077191 0.0867248 0.0383011 0.0826470 0.0602982 0.0314231 0.0590480 0.0761404 0.0682784 0.0679982 0.0850032 0.0843495 0.0934249 
Dasyuridae_Dasyurus_maculatus                0.0489448 0.0434620 0.0442826 0.0890521 0.0799920 0.0000000 0.0528482 0.0538591 0.0847867 0.1147632 0.0502632 0.0103938 0.0195207 0.0603877 0.0634349 0.0101087 0.0024943 0.0130866 0.0979789 0.0847115 0.0502621 0.1501249 0.0845966 0.0094894 0.0791889 0.0504151 0.0781163 0.0901666 0.0458050 0.0742314 0.0449367 0.0671826 0.1197335 0.0035150 0.1144720 
Phalangeridae_Trichosurus_vulpecula          0.0325041 0.0378065 0.0313159 0.0697161 0.0643713 0.0528482 0.0000000 0.0139096 0.0628807 0.1031951 0.0141332 0.0488195 0.0568273 0.0125591 0.0439350 0.0504406 0.0503045 0.0493622 0.0895369 0.0570033 0.0351579 0.1457728 0.0720225 0.0503155 0.0518269 0.0448347 0.0615062 0.0598369 0.0301164 0.0577786 0.0275499 0.0191466 0.1162398 0.0529835 0.1035395 
Phalangeridae_Spilocuscus_maculatus          0.0319821 0.0383593 0.0306951 0.0723721 0.0658191 0.0538591 0.0139096 0.0000000 0.0586786 0.1019085 0.0035578 0.0510835 0.0595916 0.0106394 0.0420276 0.0518945 0.0533556 0.0503588 0.0936700 0.0539359 0.0339892 0.1413126 0.0759254 0.0526946 0.0524977 0.0425199 0.0572720 0.0583789 0.0294920 0.0634544 0.0296288 0.0166440 0.1127653 0.0546280 0.1023610 
Potoroidae_Aepyprymnus_rufescens             0.0638451 0.0699968 0.0662077 0.0104471 0.0074230 0.0847867 0.0628807 0.0586786 0.0000000 0.1161023 0.0565501 0.0897052 0.0912145 0.0697110 0.0673016 0.0909602 0.0829924 0.0906121 0.1114387 0.0278084 0.0642504 0.1270097 0.1162356 0.0891844 0.0345964 0.0761615 0.0651960 0.0296190 0.0624955 0.0906868 0.0557927 0.0670703 0.1068893 0.0891395 0.1167235 
Peramelidae_Perameles_nasuta                 0.0789974 0.0954521 0.0897119 0.0995522 0.0925977 0.1147632 0.1031951 0.1019085 0.1161023 0.0000000 0.1006066 0.1222351 0.1335198 0.1032048 0.1178655 0.1207903 0.1142718 0.1186365 0.0186377 0.1196702 0.1001832 0.1452261 0.1218179 0.1239309 0.1194091 0.0690616 0.1175501 0.1182844 0.0999182 0.1086976 0.0887841 0.1142358 0.0344205 0.1155673 0.0005669 
Phalangeridae_Strigocuscus_pelengensis       0.0288965 0.0359488 0.0283312 0.0675436 0.0610282 0.0502632 0.0141332 0.0035578 0.0565501 0.1006066 0.0000000 0.0483100 0.0546620 0.0121494 0.0382617 0.0488407 0.0482478 0.0485306 0.0889210 0.0522886 0.0304163 0.1363812 0.0737967 0.0487446 0.0487052 0.0420353 0.0581210 0.0556525 0.0275135 0.0599383 0.0257529 0.0183851 0.1108821 0.0497964 0.1009555 
Dasyuridae_Phascogale_tapoatafa              0.0516828 0.0462774 0.0448032 0.0947097 0.0870780 0.0103938 0.0488195 0.0510835 0.0897052 0.1222351 0.0483100 0.0000000 0.0196867 0.0574067 0.0644794 0.0007700 0.0082248 0.0135551 0.1012731 0.0918055 0.0469083 0.1491846 0.0853409 0.0044848 0.0852185 0.0526646 0.0770588 0.0954674 0.0421119 0.0752928 0.0480101 0.0645527 0.1209819 0.0087823 0.1213608 
Dasyuridae_Sminthopsis_macroura              0.0591808 0.0499453 0.0503293 0.0926454 0.0840684 0.0195207 0.0568273 0.0595916 0.0912145 0.1335198 0.0546620 0.0196867 0.0000000 0.0635599 0.0738760 0.0188074 0.0174375 0.0155812 0.1070788 0.0883452 0.0555677 0.1562682 0.0920510 0.0202275 0.0827063 0.0587895 0.0778031 0.0944355 0.0524545 0.0816500 0.0579387 0.0740439 0.1339822 0.0196454 0.1341235 
Phalangeridae_Phalanger_orientalis           0.0370835 0.0416500 0.0341893 0.0750006 0.0693573 0.0603877 0.0125591 0.0106394 0.0697110 0.1032048 0.0121494 0.0574067 0.0635599 0.0000000 0.0462791 0.0584559 0.0576928 0.0556974 0.0937326 0.0614425 0.0370885 0.1449179 0.0798049 0.0591203 0.0583111 0.0477121 0.0603222 0.0628919 0.0332300 0.0656826 0.0350501 0.0084966 0.1178987 0.0606825 0.1037196 
Acrobatidae_Acrobates_pygmaeus               0.0299391 0.0373483 0.0383501 0.0726259 0.0664744 0.0634349 0.0439350 0.0420276 0.0673016 0.1178655 0.0382617 0.0644794 0.0738760 0.0462791 0.0000000 0.0658175 0.0624234 0.0579969 0.1022362 0.0796744 0.0349426 0.1435907 0.0821173 0.0630018 0.0750704 0.0388028 0.0416927 0.0827596 0.0330048 0.0699549 0.0170168 0.0364489 0.1044588 0.0637518 0.1157907 
Dasyuridae_Phascogale_calura                 0.0518677 0.0459179 0.0448878 0.0944145 0.0867571 0.0101087 0.0504406 0.0518945 0.0909602 0.1207903 0.0488407 0.0007700 0.0188074 0.0584559 0.0658175 0.0000000 0.0080024 0.0134095 0.1002049 0.0923965 0.0487141 0.1522104 0.0857467 0.0043746 0.0842559 0.0511188 0.0798795 0.0958597 0.0425062 0.0758891 0.0486889 0.0663871 0.1208834 0.0087802 0.1197428 
Dasyuridae_Sarcophilus_harrisii              0.0468511 0.0435163 0.0428444 0.0871599 0.0781340 0.0024943 0.0503045 0.0533556 0.0829924 0.1142718 0.0482478 0.0082248 0.0174375 0.0576928 0.0624234 0.0080024 0.0000000 0.0125369 0.0943313 0.0841797 0.0485728 0.1464773 0.0800822 0.0073990 0.0780474 0.0499426 0.0777675 0.0882345 0.0440848 0.0719291 0.0449602 0.0655161 0.1170089 0.0025047 0.1139811 
Dasyuridae_Planigale_tenuirostris            0.0462150 0.0485561 0.0443401 0.0985388 0.0891404 0.0130866 0.0493622 0.0503588 0.0906121 0.1186365 0.0485306 0.0135551 0.0155812 0.0556974 0.0579969 0.0134095 0.0125369 0.0000000 0.0988790 0.0879796 0.0497925 0.1549202 0.0806233 0.0142377 0.0808914 0.0553215 0.0756287 0.0916444 0.0430385 0.0724906 0.0457241 0.0647811 0.1235626 0.0140304 0.1182662 
Peramelidae_Echymipera_kalubu                0.0644059 0.0728161 0.0735566 0.0910982 0.0836721 0.0979789 0.0895369 0.0936700 0.1114387 0.0186377 0.0889210 0.1012731 0.1070788 0.0937326 0.1022362 0.1002049 0.0943313 0.0988790 0.0000000 0.1202884 0.0782703 0.1455813 0.1030715 0.1037295 0.1150072 0.0529101 0.1071704 0.1238474 0.0792531 0.1052584 0.0764615 0.1062378 0.0227485 0.0955182 0.0176056 
Macropodidae_Dorcopsulus_vanheurni           0.0613598 0.0672087 0.0660064 0.0330338 0.0307129 0.0847115 0.0570033 0.0539359 0.0278084 0.1196702 0.0522886 0.0918055 0.0883452 0.0614425 0.0796744 0.0923965 0.0841797 0.0879796 0.1202884 0.0000000 0.0605497 0.1330353 0.1168888 0.0923632 0.0378957 0.0756841 0.0748889 0.0059254 0.0604110 0.0869235 0.0601911 0.0765142 0.1247751 0.0890694 0.1193449 
Pseudochiridae_Pseudochirulus_forbesi        0.0265198 0.0469515 0.0283300 0.0703238 0.0620475 0.0502621 0.0351579 0.0339892 0.0642504 0.1001832 0.0304163 0.0469083 0.0555677 0.0370885 0.0349426 0.0487141 0.0485728 0.0497925 0.0782703 0.0605497 0.0000000 0.1390732 0.0642861 0.0502224 0.0531496 0.0398362 0.0391168 0.0650189 0.0089812 0.0506906 0.0256258 0.0482203 0.1060597 0.0485820 0.0991301 
Didelphidae_Didelphis_virginiana             0.1405556 0.1333408 0.1307371 0.1218318 0.1119007 0.1501249 0.1457728 0.1413126 0.1270097 0.1452261 0.1363812 0.1491846 0.1562682 0.1449179 0.1435907 0.1522104 0.1464773 0.1549202 0.1455813 0.1330353 0.1390732 0.0000000 0.0877972 0.1545073 0.1487270 0.1278809 0.1491906 0.1387347 0.1421180 0.1526700 0.1379805 0.1354228 0.1524628 0.1472887 0.1447290 
Marmosidae_Monodelphis_domestica             0.0678247 0.0599332 0.0627325 0.1180043 0.1077191 0.0845966 0.0720225 0.0759254 0.1162356 0.1218179 0.0737967 0.0853409 0.0920510 0.0798049 0.0821173 0.0857467 0.0800822 0.0806233 0.1030715 0.1168888 0.0642861 0.0877972 0.0000000 0.0854146 0.1069108 0.0593300 0.1028425 0.1216748 0.0595256 0.1022478 0.0658531 0.0873924 0.1267590 0.0827867 0.1214836 
Dasyuridae_Antechinus_stuartii               0.0527418 0.0459334 0.0461381 0.0950530 0.0867248 0.0094894 0.0503155 0.0526946 0.0891844 0.1239309 0.0487446 0.0044848 0.0202275 0.0591203 0.0630018 0.0043746 0.0073990 0.0142377 0.1037295 0.0923632 0.0502224 0.1545073 0.0854146 0.0000000 0.0838927 0.0508877 0.0819814 0.0960563 0.0455285 0.0751533 0.0492378 0.0668087 0.1255431 0.0086338 0.1229387 
Hypsiprymnodontidae_Hypsiprymnodon_moschatus 0.0581804 0.0627427 0.0552838 0.0412025 0.0383011 0.0791889 0.0518269 0.0524977 0.0345964 0.1194091 0.0487052 0.0852185 0.0827063 0.0583111 0.0750704 0.0842559 0.0780474 0.0808914 0.1150072 0.0378957 0.0531496 0.1487270 0.1069108 0.0838927 0.0000000 0.0694863 0.0714833 0.0407015 0.0502362 0.0842959 0.0496386 0.0740388 0.1235861 0.0846875 0.1222318 
Microbiotheriidae_Dromiciops_gliroides       0.0377327 0.0392642 0.0344787 0.0912365 0.0826470 0.0504151 0.0448347 0.0425199 0.0761615 0.0690616 0.0420353 0.0526646 0.0587895 0.0477121 0.0388028 0.0511188 0.0499426 0.0553215 0.0529101 0.0756841 0.0398362 0.1278809 0.0593300 0.0508877 0.0694863 0.0000000 0.0548027 0.0809256 0.0340444 0.0687507 0.0448088 0.0443728 0.0628587 0.0528567 0.0697574 
Pseudochiridae_Petauroides_volans            0.0415144 0.0451228 0.0520653 0.0681153 0.0602982 0.0781163 0.0615062 0.0572720 0.0651960 0.1175501 0.0581210 0.0770588 0.0778031 0.0603222 0.0416927 0.0798795 0.0777675 0.0756287 0.1071704 0.0748889 0.0391168 0.1491906 0.1028425 0.0819814 0.0714833 0.0548027 0.0000000 0.0764634 0.0343559 0.0639376 0.0352150 0.0472280 0.0915617 0.0803297 0.1157254 
Macropodidae_Wallabia_bicolor                0.0684153 0.0717765 0.0706295 0.0349932 0.0314231 0.0901666 0.0598369 0.0583789 0.0296190 0.1182844 0.0556525 0.0954674 0.0944355 0.0628919 0.0827596 0.0958597 0.0882345 0.0916444 0.1238474 0.0059254 0.0650189 0.1387347 0.1216748 0.0960563 0.0407015 0.0809256 0.0764634 0.0000000 0.0640856 0.0895886 0.0660347 0.0781953 0.1297275 0.0920338 0.1180224 
Pseudochiridae_Pseudocheirus_occidentalis    0.0194861 0.0417731 0.0225534 0.0653235 0.0590480 0.0458050 0.0301164 0.0294920 0.0624955 0.0999182 0.0275135 0.0421119 0.0524545 0.0332300 0.0330048 0.0425062 0.0440848 0.0430385 0.0792531 0.0604110 0.0089812 0.1421180 0.0595256 0.0455285 0.0502362 0.0340444 0.0343559 0.0640856 0.0000000 0.0473537 0.0200871 0.0453337 0.1088271 0.0439972 0.0980308 
Tarsipedidae_Tarsipes_rostratus              0.0542224 0.0622022 0.0564645 0.0795725 0.0761404 0.0742314 0.0577786 0.0634544 0.0906868 0.1086976 0.0599383 0.0752928 0.0816500 0.0656826 0.0699549 0.0758891 0.0719291 0.0724906 0.1052584 0.0869235 0.0506906 0.1526700 0.1022478 0.0751533 0.0842959 0.0687507 0.0639376 0.0895886 0.0473537 0.0000000 0.0517590 0.0779796 0.1225235 0.0730027 0.1089581 
Acrobatidae_Distoechurus_pennatus            0.0299804 0.0371542 0.0231034 0.0736040 0.0682784 0.0449367 0.0275499 0.0296288 0.0557927 0.0887841 0.0257529 0.0480101 0.0579387 0.0350501 0.0170168 0.0486889 0.0449602 0.0457241 0.0764615 0.0601911 0.0256258 0.1379805 0.0658531 0.0492378 0.0496386 0.0448088 0.0352150 0.0660347 0.0200871 0.0517590 0.0000000 0.0327833 0.0820981 0.0454506 0.0895985 
Phalangeridae_Phalanger_carmelitae           0.0351405 0.0378394 0.0446980 0.0748044 0.0679982 0.0671826 0.0191466 0.0166440 0.0670703 0.1142358 0.0183851 0.0645527 0.0740439 0.0084966 0.0364489 0.0663871 0.0655161 0.0647811 0.1062378 0.0765142 0.0482203 0.1354228 0.0873924 0.0668087 0.0740388 0.0443728 0.0472280 0.0781953 0.0453337 0.0779796 0.0327833 0.0000000 0.1033147 0.0688458 0.1137624 
Peramelidae_Peroryctes_raffrayana            0.0724227 0.0873973 0.0905808 0.0896961 0.0850032 0.1197335 0.1162398 0.1127653 0.1068893 0.0344205 0.1108821 0.1209819 0.1339822 0.1178987 0.1044588 0.1208834 0.1170089 0.1235626 0.0227485 0.1247751 0.1060597 0.1524628 0.1267590 0.1255431 0.1235861 0.0628587 0.0915617 0.1297275 0.1088271 0.1225235 0.0820981 0.1033147 0.0000000 0.1181058 0.0338813 
Dasyuridae_Dasyurus_geffroii                 0.0495626 0.0428805 0.0437394 0.0935747 0.0843495 0.0035150 0.0529835 0.0546280 0.0891395 0.1155673 0.0497964 0.0087823 0.0196454 0.0606825 0.0637518 0.0087802 0.0025047 0.0140304 0.0955182 0.0890694 0.0485820 0.1472887 0.0827867 0.0086338 0.0846875 0.0528567 0.0803297 0.0920338 0.0439972 0.0730027 0.0454506 0.0688458 0.1181058 0.0000000 0.1150622 
Peramelidae_Perameles_gunnii                 0.0797230 0.0945206 0.0900973 0.1004527 0.0934249 0.1144720 0.1035395 0.1023610 0.1167235 0.0005669 0.1009555 0.1213608 0.1341235 0.1037196 0.1157907 0.1197428 0.1139811 0.1182662 0.0176056 0.1193449 0.0991301 0.1447290 0.1214836 0.1229387 0.1222318 0.0697574 0.1157254 0.1180224 0.0980308 0.1089581 0.0895985 0.1137624 0.0338813 0.1150622 0.0000000 
