35
Burramyidae_Burramys_parvus                  0.0000000 0.1093178 0.0871816 0.0778890 0.0712378 0.1026151 0.0714661 0.0729762 0.0844547 0.0976341 0.0722291 0.1275126 0.1250815 0.0717197 0.0796568 0.1081165 0.1207724 0.0968322 0.1242331 0.0637358 0.0869174 0.1144762 0.1185878 0.1209646 0.0749424 0.0861983 0.0773981 0.0627173 0.1112068 0.1050261 0.0872116 0.0731543 0.0996658 0.1288908 0.1201862 
Notoryctidae_Notoryctes_typhlops             0.1093178 0.0000000 0.1226843 0.1235877 0.1224440 0.1335109 0.1170091 0.1166020 0.1280172 0.1246636 0.1181964 0.1602202 0.1589124 0.1224540 0.1182311 0.1501816 0.1587729 0.1562123 0.1614680 0.1167076 0.1332321 0.1425753 0.1477176 0.1528933 0.1242493 0.1183826 0.1220679 0.1114696 0.2092595 0.1542056 0.1284329 0.1230740 0.1254364 0.1627763 0.1498420 
Vombatidae_Lasiorhinus_latifrons             0.0871816 0.1226843 0.0000000 0.0682849 0.0936442 0.0955003 0.0626025 0.0651414 0.1072423 0.1271380 0.0640063 0.0962709 0.1051637 0.0638143 0.0630346 0.1001769 0.1036544 0.1027827 0.1258649 0.0882572 0.0756028 0.1014435 0.1020079 0.0959609 0.0713656 0.0741541 0.0657533 0.0844077 0.1280138 0.0973577 0.0721294 0.0650363 0.1005542 0.1057288 0.1170575 
Potoroidae_Bettongia_penicillata             0.0778890 0.1235877 0.0682849 0.0000000 0.0308826 0.0996488 0.0558945 0.0563674 0.0485873 0.1303073 0.0542514 0.1094461 0.1110662 0.0554531 0.0639761 0.1109244 0.1081468 0.1115957 0.1299229 0.0409930 0.0714087 0.0991072 0.0982507 0.1060498 0.0430717 0.0808592 0.0635718 0.0380562 0.1181052 0.0982022 0.0659216 0.0562576 0.1050783 0.1144647 0.1171299 
Potoroidae_Bettongia_lesueur                 0.0712378 0.1224440 0.0936442 0.0308826 0.0000000 0.1138072 0.0836904 0.0853982 0.0342440 0.1201340 0.0853181 0.1393036 0.1414475 0.0849709 0.0894642 0.1257760 0.1348212 0.1254242 0.1559168 0.0353192 0.0994963 0.1228134 0.1206850 0.1350085 0.0636259 0.1048255 0.0890485 0.0324334 0.1310352 0.1232752 0.0955802 0.0854557 0.1198653 0.1431880 0.1411522 
Dasyuridae_Dasyurus_maculatus                0.1026151 0.1335109 0.0955003 0.0996488 0.1138072 0.0000000 0.0952843 0.0952824 0.1263325 0.1121646 0.0938377 0.0166869 0.0320431 0.0909173 0.0908161 0.0188273 0.0083915 0.0289464 0.1178798 0.1036974 0.1047238 0.1177778 0.1162388 0.0189218 0.1029448 0.0869329 0.0944842 0.1028818 0.1944509 0.1300665 0.1017214 0.0953608 0.1107471 0.0072720 0.1200676 
Phalangeridae_Trichosurus_vulpecula          0.0714661 0.1170091 0.0626025 0.0558945 0.0836904 0.0952843 0.0000000 0.0171683 0.0940167 0.1188964 0.0193684 0.1040927 0.1082311 0.0203162 0.0504997 0.1030107 0.1087954 0.1049682 0.1237412 0.0783801 0.0624363 0.1000603 0.1014430 0.0991427 0.0600971 0.0770148 0.0549030 0.0753230 0.0984008 0.0813876 0.0530662 0.0200819 0.0983972 0.1135397 0.1107243 
Phalangeridae_Spilocuscus_maculatus          0.0729762 0.1166020 0.0651414 0.0563674 0.0853982 0.0952824 0.0171683 0.0000000 0.0957464 0.1259652 0.0106358 0.0984850 0.1085890 0.0156672 0.0550674 0.1002890 0.1055548 0.1055793 0.1273326 0.0766762 0.0643083 0.1010181 0.1036120 0.0978802 0.0590621 0.0760230 0.0565893 0.0752658 0.1087535 0.0833179 0.0555709 0.0154889 0.1041691 0.1102323 0.1148453 
Potoroidae_Aepyprymnus_rufescens             0.0844547 0.1280172 0.1072423 0.0485873 0.0342440 0.1263325 0.0940167 0.0957464 0.0000000 0.1371909 0.0953410 0.1498770 0.1595376 0.0970394 0.1020485 0.1333640 0.1515356 0.1357302 0.1719709 0.0419485 0.1142056 0.1516659 0.1498832 0.1517991 0.0773137 0.1202148 0.1031089 0.0401171 0.1594058 0.1348411 0.1096741 0.0973835 0.1290389 0.1608328 0.1543316 
Peramelidae_Perameles_nasuta                 0.0976341 0.1246636 0.1271380 0.1303073 0.1201340 0.1121646 0.1188964 0.1259652 0.1371909 0.0000000 0.1269086 0.1352220 0.1400143 0.1213120 0.1184429 0.1110560 0.1326321 0.1145036 0.0471151 0.1152212 0.1355631 0.1396056 0.1423616 0.1356561 0.1335579 0.1162458 0.1226126 0.1134080 0.1711028 0.1561065 0.1359610 0.1264690 0.0225534 0.1390635 0.0302256 
Phalangeridae_Strigocuscus_pelengensis       0.0722291 0.1181964 0.0640063 0.0542514 0.0853181 0.0938377 0.0193684 0.0106358 0.0953410 0.1269086 0.0000000 0.0970518 0.1055465 0.0173451 0.0570519 0.0978049 0.1031032 0.1039972 0.1225403 0.0765764 0.0614689 0.1013924 0.1047587 0.0957904 0.0591287 0.0727684 0.0540238 0.0756892 0.1078717 0.0856474 0.0573046 0.0176899 0.1004309 0.1084475 0.1106269 
Dasyuridae_Phascogale_tapoatafa              0.1275126 0.1602202 0.0962709 0.1094461 0.1393036 0.0166869 0.1040927 0.0984850 0.1498770 0.1352220 0.0970518 0.0000000 0.0394799 0.0968115 0.0989065 0.0036669 0.0199005 0.0367298 0.1472479 0.1323263 0.1155248 0.1193017 0.1240516 0.0103276 0.1142605 0.1097323 0.1083604 0.1316920 0.2232838 0.1347141 0.1089085 0.1001120 0.1113156 0.0228111 0.1312306 
Dasyuridae_Sminthopsis_macroura              0.1250815 0.1589124 0.1051637 0.1110662 0.1414475 0.0320431 0.1082311 0.1085890 0.1595376 0.1400143 0.1055465 0.0394799 0.0000000 0.1074387 0.1071730 0.0394455 0.0404130 0.0262802 0.1434243 0.1367126 0.1179882 0.1206121 0.1232465 0.0360796 0.1179014 0.1096257 0.1063564 0.1332311 0.2136838 0.1394491 0.1107926 0.1078054 0.1103803 0.0399884 0.1361023 
Phalangeridae_Phalanger_orientalis           0.0717197 0.1224540 0.0638143 0.0554531 0.0849709 0.0909173 0.0203162 0.0156672 0.0970394 0.1213120 0.0173451 0.0968115 0.1074387 0.0000000 0.0555927 0.0972692 0.1008096 0.1037054 0.1264513 0.0764242 0.0640856 0.0955859 0.0973259 0.0927480 0.0577283 0.0751063 0.0566372 0.0752325 0.1093835 0.0846702 0.0569691 0.0078422 0.1044614 0.1066383 0.1116157 
Acrobatidae_Acrobates_pygmaeus               0.0796568 0.1182311 0.0630346 0.0639761 0.0894642 0.0908161 0.0504997 0.0550674 0.1020485 0.1184429 0.0570519 0.0989065 0.1071730 0.0555927 0.0000000 0.1027391 0.1011626 0.1057304 0.1224024 0.0814095 0.0677561 0.0974023 0.0980527 0.0949388 0.0704704 0.0785657 0.0615901 0.0796171 0.1115228 0.0890022 0.0342470 0.0569381 0.0954835 0.1059941 0.1124907 
Dasyuridae_Phascogale_calura                 0.1081165 0.1501816 0.1001769 0.1109244 0.1257760 0.0188273 0.1030107 0.1002890 0.1333640 0.1110560 0.0978049 0.0036669 0.0394455 0.0972692 0.1027391 0.0000000 0.0213912 0.0365591 0.1438198 0.1159585 0.1165890 0.1219992 0.1202193 0.0133819 0.1075527 0.1034019 0.1074623 0.1133372 0.2157388 0.1350251 0.1112801 0.1008470 0.1145332 0.0240645 0.1271196 
Dasyuridae_Sarcophilus_harrisii              0.1207724 0.1587729 0.1036544 0.1081468 0.1348212 0.0083915 0.1087954 0.1055548 0.1515356 0.1326321 0.1031032 0.0199005 0.0404130 0.1008096 0.1011626 0.0213912 0.0000000 0.0361813 0.1428982 0.1253565 0.1170496 0.1134945 0.1167977 0.0206604 0.1166336 0.1103754 0.1083255 0.1249593 0.2115285 0.1423918 0.1089571 0.1047381 0.1070794 0.0118885 0.1333358 
Dasyuridae_Planigale_tenuirostris            0.0968322 0.1562123 0.1027827 0.1115957 0.1254242 0.0289464 0.1049682 0.1055793 0.1357302 0.1145036 0.1039972 0.0367298 0.0262802 0.1037054 0.1057304 0.0365591 0.0361813 0.0000000 0.1439108 0.1171801 0.1175684 0.1190086 0.1191652 0.0335123 0.1101802 0.1000486 0.1046812 0.1130612 0.2188817 0.1338441 0.1140864 0.1046098 0.1097598 0.0398614 0.1333498 
Peramelidae_Echymipera_kalubu                0.1242331 0.1614680 0.1258649 0.1299229 0.1559168 0.1178798 0.1237412 0.1273326 0.1719709 0.0471151 0.1225403 0.1472479 0.1434243 0.1264513 0.1224024 0.1438198 0.1428982 0.1439108 0.0000000 0.1497713 0.1251658 0.1306990 0.1351379 0.1449931 0.1316678 0.1143732 0.1152384 0.1435156 0.2152273 0.1665994 0.1350674 0.1307314 0.0233425 0.1512352 0.0368342 
Macropodidae_Dorcopsulus_vanheurni           0.0637358 0.1167076 0.0882572 0.0409930 0.0353192 0.1036974 0.0783801 0.0766762 0.0419485 0.1152212 0.0765764 0.1323263 0.1367126 0.0764242 0.0814095 0.1159585 0.1253565 0.1171801 0.1497713 0.0000000 0.0938818 0.1185068 0.1217212 0.1285336 0.0609298 0.0991186 0.0842053 0.0121839 0.1195165 0.1179496 0.0893937 0.0783673 0.1103966 0.1354387 0.1348591 
Pseudochiridae_Pseudochirulus_forbesi        0.0869174 0.1332321 0.0756028 0.0714087 0.0994963 0.1047238 0.0624363 0.0643083 0.1142056 0.1355631 0.0614689 0.1155248 0.1179882 0.0640856 0.0677561 0.1165890 0.1170496 0.1175684 0.1251658 0.0938818 0.0000000 0.1120148 0.1101484 0.1087735 0.0760008 0.0874099 0.0351481 0.0911243 0.0399853 0.0828814 0.0665645 0.0647197 0.1029562 0.1216582 0.1244213 
Didelphidae_Didelphis_virginiana             0.1144762 0.1425753 0.1014435 0.0991072 0.1228134 0.1177778 0.1000603 0.1010181 0.1516659 0.1396056 0.1013924 0.1193017 0.1206121 0.0955859 0.0974023 0.1219992 0.1134945 0.1190086 0.1306990 0.1185068 0.1120148 0.0000000 0.0402412 0.1178716 0.1142451 0.0975316 0.1062187 0.1157566 0.1936627 0.1248663 0.1105781 0.1011484 0.1208121 0.1199806 0.1342567 
Marmosidae_Monodelphis_domestica             0.1185878 0.1477176 0.1020079 0.0982507 0.1206850 0.1162388 0.1014430 0.1036120 0.1498832 0.1423616 0.1047587 0.1240516 0.1232465 0.0973259 0.0980527 0.1202193 0.1167977 0.1191652 0.1351379 0.1217212 0.1101484 0.0402412 0.0000000 0.1201319 0.1146848 0.1009884 0.1040553 0.1178771 0.1828178 0.1307955 0.1102344 0.1020306 0.1161804 0.1222331 0.1390507 
Dasyuridae_Antechinus_stuartii               0.1209646 0.1528933 0.0959609 0.1060498 0.1350085 0.0189218 0.0991427 0.0978802 0.1517991 0.1356561 0.0957904 0.0103276 0.0360796 0.0927480 0.0949388 0.0133819 0.0206604 0.0335123 0.1449931 0.1285336 0.1087735 0.1178716 0.1201319 0.0000000 0.1110167 0.1034517 0.1052636 0.1273734 0.1980170 0.1338481 0.1055201 0.0973189 0.1089859 0.0222228 0.1303556 
Hypsiprymnodontidae_Hypsiprymnodon_moschatus 0.0749424 0.1242493 0.0713656 0.0430717 0.0636259 0.1029448 0.0600971 0.0590621 0.0773137 0.1335579 0.0591287 0.1142605 0.1179014 0.0577283 0.0704704 0.1075527 0.1166336 0.1101802 0.1316678 0.0609298 0.0760008 0.1142451 0.1146848 0.1110167 0.0000000 0.0840525 0.0680222 0.0587591 0.1130737 0.0930137 0.0706865 0.0604778 0.1079887 0.1237892 0.1226541 
Microbiotheriidae_Dromiciops_gliroides       0.0861983 0.1183826 0.0741541 0.0808592 0.1048255 0.0869329 0.0770148 0.0760230 0.1202148 0.1162458 0.0727684 0.1097323 0.1096257 0.0751063 0.0785657 0.1034019 0.1103754 0.1000486 0.1143732 0.0991186 0.0874099 0.0975316 0.1009884 0.1034517 0.0840525 0.0000000 0.0769008 0.0979467 0.1366736 0.1076586 0.0789209 0.0779303 0.0835173 0.1098448 0.1129705 
Pseudochiridae_Petauroides_volans            0.0773981 0.1220679 0.0657533 0.0635718 0.0890485 0.0944842 0.0549030 0.0565893 0.1031089 0.1226126 0.0540238 0.1083604 0.1063564 0.0566372 0.0615901 0.1074623 0.1083255 0.1046812 0.1152384 0.0842053 0.0351481 0.1062187 0.1040553 0.1052636 0.0680222 0.0769008 0.0000000 0.0804089 0.0571801 0.0778887 0.0616648 0.0554191 0.0960509 0.1121010 0.1139057 
Macropodidae_Wallabia_bicolor                0.0627173 0.1114696 0.0844077 0.0380562 0.0324334 0.1028818 0.0753230 0.0752658 0.0401171 0.1134080 0.0756892 0.1316920 0.1332311 0.0752325 0.0796171 0.1133372 0.1249593 0.1130612 0.1435156 0.0121839 0.0911243 0.1157566 0.1178771 0.1273734 0.0587591 0.0979467 0.0804089 0.0000000 0.1124803 0.1146918 0.0854967 0.0759249 0.1046868 0.1352879 0.1293645 
Pseudochiridae_Pseudocheirus_occidentalis    0.1112068 0.2092595 0.1280138 0.1181052 0.1310352 0.1944509 0.0984008 0.1087535 0.1594058 0.1711028 0.1078717 0.2232838 0.2136838 0.1093835 0.1115228 0.2157388 0.2115285 0.2188817 0.2152273 0.1195165 0.0399853 0.1936627 0.1828178 0.1980170 0.1130737 0.1366736 0.0571801 0.1124803 0.0000000 0.1384360 0.1052854 0.1102435 0.1777508 0.2284175 0.2039314 
Tarsipedidae_Tarsipes_rostratus              0.1050261 0.1542056 0.0973577 0.0982022 0.1232752 0.1300665 0.0813876 0.0833179 0.1348411 0.1561065 0.0856474 0.1347141 0.1394491 0.0846702 0.0890022 0.1350251 0.1423918 0.1338441 0.1665994 0.1179496 0.0828814 0.1248663 0.1307955 0.1338481 0.0930137 0.1076586 0.0778887 0.1146918 0.1384360 0.0000000 0.0895103 0.0854355 0.1361990 0.1462733 0.1541272 
Acrobatidae_Distoechurus_pennatus            0.0872116 0.1284329 0.0721294 0.0659216 0.0955802 0.1017214 0.0530662 0.0555709 0.1096741 0.1359610 0.0573046 0.1089085 0.1107926 0.0569691 0.0342470 0.1112801 0.1089571 0.1140864 0.1350674 0.0893937 0.0665645 0.1105781 0.1102344 0.1055201 0.0706865 0.0789209 0.0616648 0.0854967 0.1052854 0.0895103 0.0000000 0.0566681 0.1034668 0.1130136 0.1226904 
Phalangeridae_Phalanger_carmelitae           0.0731543 0.1230740 0.0650363 0.0562576 0.0854557 0.0953608 0.0200819 0.0154889 0.0973835 0.1264690 0.0176899 0.1001120 0.1078054 0.0078422 0.0569381 0.1008470 0.1047381 0.1046098 0.1307314 0.0783673 0.0647197 0.1011484 0.1020306 0.0973189 0.0604778 0.0779303 0.0554191 0.0759249 0.1102435 0.0854355 0.0566681 0.0000000 0.1051374 0.1100995 0.1148708 
Peramelidae_Peroryctes_raffrayana            0.0996658 0.1254364 0.1005542 0.1050783 0.1198653 0.1107471 0.0983972 0.1041691 0.1290389 0.0225534 0.1004309 0.1113156 0.1103803 0.1044614 0.0954835 0.1145332 0.1070794 0.1097598 0.0233425 0.1103966 0.1029562 0.1208121 0.1161804 0.1089859 0.1079887 0.0835173 0.0960509 0.1046868 0.1777508 0.1361990 0.1034668 0.1051374 0.0000000 0.1112004 0.0251501 
Dasyuridae_Dasyurus_geffroii                 0.1288908 0.1627763 0.1057288 0.1144647 0.1431880 0.0072720 0.1135397 0.1102323 0.1608328 0.1390635 0.1084475 0.0228111 0.0399884 0.1066383 0.1059941 0.0240645 0.0118885 0.0398614 0.1512352 0.1354387 0.1216582 0.1199806 0.1222331 0.0222228 0.1237892 0.1098448 0.1121010 0.1352879 0.2284175 0.1462733 0.1130136 0.1100995 0.1112004 0.0000000 0.1414567 
Peramelidae_Perameles_gunnii                 0.1201862 0.1498420 0.1170575 0.1171299 0.1411522 0.1200676 0.1107243 0.1148453 0.1543316 0.0302256 0.1106269 0.1312306 0.1361023 0.1116157 0.1124907 0.1271196 0.1333358 0.1333498 0.0368342 0.1348591 0.1244213 0.1342567 0.1390507 0.1303556 0.1226541 0.1129705 0.1139057 0.1293645 0.2039314 0.1541272 0.1226904 0.1148708 0.0251501 0.1414567 0.0000000 
