35
Burramyidae_Burramys_parvus                  0.0000000 0.0969156 0.0193764 0.0436173 0.0424181 0.0593733 0.0200187 0.0170314 0.0402143 0.0136813 0.0595468 0.0616605 0.0186602 0.0269484 0.0486011 0.0524917 0.0705643 0.0389681 0.0234007 0.0747511 0.0708001 0.0378566 0.0327085 0.0167836 0.0394206 0.0251011 0.0342781 0.0230423 0.0178446 0.0826949 0.0500249 0.0736713 0.0768283 0.0350662 0.0467528 
Notoryctidae_Notoryctes_typhlops             0.0969156 0.0000000 0.0831461 0.1290936 0.1315330 0.1066399 0.0852810 0.0813859 0.1325818 0.0714341 0.1018343 0.1202964 0.0839483 0.0939810 0.1008140 0.1029172 0.1204609 0.1135408 0.0951666 0.1345254 0.1215064 0.1219394 0.0882429 0.0813951 0.1159502 0.0932579 0.1129522 0.0945053 0.0863211 0.1350544 0.0970744 0.1234894 0.1190961 0.0856100 0.0927810 
Vombatidae_Lasiorhinus_latifrons             0.0193764 0.0831461 0.0000000 0.0412704 0.0439777 0.0380147 0.0196534 0.0150164 0.0418304 0.0123033 0.0451379 0.0463348 0.0161633 0.0237992 0.0430226 0.0382480 0.0547585 0.0380767 0.0268810 0.0674543 0.0626668 0.0347538 0.0303230 0.0179777 0.0384417 0.0288248 0.0306252 0.0227201 0.0157522 0.0676162 0.0353486 0.0581223 0.0612261 0.0302731 0.0327284 
Potoroidae_Bettongia_penicillata             0.0436173 0.1290936 0.0412704 0.0000000 0.0010735 0.1082516 0.0387111 0.0362941 0.0026803 0.0294703 0.1112140 0.1031298 0.0363555 0.0465062 0.1097019 0.0996646 0.1151221 0.0069158 0.0533486 0.1348126 0.1192364 0.0154211 0.0648929 0.0338332 0.0076466 0.0479713 0.0618421 0.0473241 0.0346258 0.1307268 0.0988914 0.1202173 0.1302299 0.0777410 0.1017540 
Potoroidae_Bettongia_lesueur                 0.0424181 0.1315330 0.0439777 0.0010735 0.0000000 0.1061510 0.0415602 0.0360428 0.0022009 0.0277742 0.1155142 0.1038984 0.0361179 0.0493098 0.1089470 0.0943039 0.1175503 0.0070837 0.0525972 0.1350963 0.1186906 0.0139985 0.0648115 0.0395029 0.0077789 0.0497097 0.0646468 0.0492230 0.0352445 0.1346552 0.0928320 0.1187118 0.1320768 0.0714593 0.1008380 
Dasyuridae_Dasyurus_maculatus                0.0593733 0.1066399 0.0380147 0.1082516 0.1061510 0.0000000 0.0599481 0.0477938 0.1018806 0.0391122 0.0050737 0.0076969 0.0454978 0.0652731 0.0059533 0.0023950 0.0748599 0.0940620 0.0742083 0.1115194 0.1049701 0.0842443 0.0609625 0.0587262 0.0996101 0.0707186 0.0703841 0.0683811 0.0483192 0.0777509 0.0017524 0.0827732 0.0862952 0.0052673 0.0046228 
Phalangeridae_Trichosurus_vulpecula          0.0200187 0.0852810 0.0196534 0.0387111 0.0415602 0.0599481 0.0000000 0.0047473 0.0456025 0.0057775 0.0599787 0.0603986 0.0055782 0.0186592 0.0582140 0.0586852 0.0674859 0.0323247 0.0310275 0.0843702 0.0730566 0.0326472 0.0353865 0.0203134 0.0333853 0.0311150 0.0301292 0.0204896 0.0054022 0.0701288 0.0571207 0.0664599 0.0710467 0.0363560 0.0506981 
Phalangeridae_Spilocuscus_maculatus          0.0170314 0.0813859 0.0150164 0.0362941 0.0360428 0.0477938 0.0047473 0.0000000 0.0406454 0.0019985 0.0508367 0.0489231 0.0020531 0.0176283 0.0465191 0.0482188 0.0559266 0.0311011 0.0254982 0.0697197 0.0644428 0.0302343 0.0289329 0.0157945 0.0320622 0.0256781 0.0305702 0.0185311 0.0019245 0.0625465 0.0446899 0.0583033 0.0638304 0.0279816 0.0396344 
Potoroidae_Aepyprymnus_rufescens             0.0402143 0.1325818 0.0418304 0.0026803 0.0022009 0.1018806 0.0456025 0.0406454 0.0000000 0.0276828 0.1105383 0.1024390 0.0406927 0.0508268 0.1073043 0.0919253 0.1172512 0.0075520 0.0471161 0.1261390 0.1096108 0.0144641 0.0686579 0.0383087 0.0080683 0.0463153 0.0631970 0.0518816 0.0397684 0.1346015 0.0919757 0.1242578 0.1281486 0.0733393 0.0936295 
Phalangeridae_Strigocuscus_pelengensis       0.0136813 0.0714341 0.0123033 0.0294703 0.0277742 0.0391122 0.0057775 0.0019985 0.0276828 0.0000000 0.0445306 0.0470103 0.0024440 0.0144606 0.0392515 0.0400995 0.0467375 0.0279375 0.0186781 0.0590105 0.0563164 0.0258843 0.0284814 0.0132547 0.0250008 0.0208584 0.0245578 0.0170660 0.0021529 0.0567105 0.0334346 0.0468021 0.0502638 0.0292280 0.0335927 
Dasyuridae_Phascogale_tapoatafa              0.0595468 0.1018343 0.0451379 0.1112140 0.1155142 0.0050737 0.0599787 0.0508367 0.1105383 0.0445306 0.0000000 0.0076401 0.0496817 0.0638081 0.0017581 0.0055715 0.0787474 0.0993590 0.0761140 0.1038360 0.1002896 0.0985577 0.0634151 0.0581926 0.1047822 0.0724793 0.0792403 0.0738716 0.0536963 0.0801556 0.0039939 0.0885609 0.0906573 0.0061306 0.0027808 
Dasyuridae_Sminthopsis_macroura              0.0616605 0.1202964 0.0463348 0.1031298 0.1038984 0.0076969 0.0603986 0.0489231 0.1024390 0.0470103 0.0076401 0.0000000 0.0486076 0.0749862 0.0079320 0.0079184 0.0765143 0.0976008 0.0869509 0.1125077 0.1178332 0.0933895 0.0695770 0.0582245 0.1074047 0.0797936 0.0836901 0.0748741 0.0515096 0.0824991 0.0061299 0.0836323 0.0899675 0.0035582 0.0065694 
Phalangeridae_Phalanger_orientalis           0.0186602 0.0839483 0.0161633 0.0363555 0.0361179 0.0454978 0.0055782 0.0020531 0.0406927 0.0024440 0.0496817 0.0486076 0.0000000 0.0185125 0.0472246 0.0468307 0.0566756 0.0347833 0.0268506 0.0721621 0.0642028 0.0316719 0.0300232 0.0177106 0.0351568 0.0264100 0.0322788 0.0190364 0.0008092 0.0613431 0.0432680 0.0579037 0.0647630 0.0300911 0.0414801 
Acrobatidae_Acrobates_pygmaeus               0.0269484 0.0939810 0.0237992 0.0465062 0.0493098 0.0652731 0.0186592 0.0176283 0.0508268 0.0144606 0.0638081 0.0749862 0.0185125 0.0000000 0.0601702 0.0603168 0.0706812 0.0430095 0.0271783 0.0933165 0.0774333 0.0355495 0.0338751 0.0193769 0.0420343 0.0297716 0.0294184 0.0114353 0.0184764 0.0865590 0.0581045 0.0736383 0.0756509 0.0378766 0.0524200 
Dasyuridae_Phascogale_calura                 0.0486011 0.1008140 0.0430226 0.1097019 0.1089470 0.0059533 0.0582140 0.0465191 0.1073043 0.0392515 0.0017581 0.0079320 0.0472246 0.0601702 0.0000000 0.0054150 0.0832472 0.0883343 0.0744703 0.1108400 0.1018909 0.0839916 0.0616098 0.0520669 0.0957079 0.0708203 0.0786323 0.0653203 0.0503519 0.0828952 0.0044968 0.0903131 0.0938786 0.0061283 0.0035161 
Dasyuridae_Sarcophilus_harrisii              0.0524917 0.1029172 0.0382480 0.0996646 0.0943039 0.0023950 0.0586852 0.0482188 0.0919253 0.0400995 0.0055715 0.0079184 0.0468307 0.0603168 0.0054150 0.0000000 0.0716801 0.0824593 0.0760632 0.1029039 0.1008778 0.0766792 0.0610497 0.0525068 0.0880315 0.0710994 0.0744908 0.0642109 0.0498498 0.0749337 0.0016129 0.0818297 0.0842663 0.0048665 0.0045800 
Peramelidae_Echymipera_kalubu                0.0705643 0.1204609 0.0547585 0.1151221 0.1175503 0.0748599 0.0674859 0.0559266 0.1172512 0.0467375 0.0787474 0.0765143 0.0566756 0.0706812 0.0832472 0.0716801 0.0000000 0.1035210 0.0828935 0.1123882 0.1008388 0.0899235 0.0728664 0.0603887 0.1067749 0.0710543 0.0830915 0.0728315 0.0577785 0.0040759 0.0630664 0.0063611 0.0068965 0.0562299 0.0680695 
Macropodidae_Dorcopsulus_vanheurni           0.0389681 0.1135408 0.0380767 0.0069158 0.0070837 0.0940620 0.0323247 0.0311011 0.0075520 0.0279375 0.0993590 0.0976008 0.0347833 0.0430095 0.0883343 0.0824593 0.1035210 0.0000000 0.0496958 0.1219027 0.1041463 0.0143905 0.0635833 0.0361993 0.0024525 0.0489527 0.0616514 0.0439653 0.0332116 0.1158262 0.0824508 0.1075982 0.1125428 0.0609026 0.0896179 
Pseudochiridae_Pseudochirulus_forbesi        0.0234007 0.0951666 0.0268810 0.0533486 0.0525972 0.0742083 0.0310275 0.0254982 0.0471161 0.0186781 0.0761140 0.0869509 0.0268506 0.0271783 0.0744703 0.0760632 0.0828935 0.0496958 0.0000000 0.0917970 0.0852848 0.0440400 0.0488397 0.0110765 0.0485766 0.0061382 0.0342422 0.0320357 0.0267895 0.0940555 0.0692849 0.0874559 0.0908290 0.0558429 0.0678663 
Didelphidae_Didelphis_virginiana             0.0747511 0.1345254 0.0674543 0.1348126 0.1350963 0.1115194 0.0843702 0.0697197 0.1261390 0.0590105 0.1038360 0.1125077 0.0721621 0.0933165 0.1108400 0.1029039 0.1123882 0.1219027 0.0917970 0.0000000 0.0131846 0.1300647 0.0662106 0.0716961 0.1248044 0.0948176 0.1069892 0.0919683 0.0731802 0.1428299 0.0986717 0.1277133 0.1213834 0.0714158 0.0906601 
Marmosidae_Monodelphis_domestica             0.0708001 0.1215064 0.0626668 0.1192364 0.1186906 0.1049701 0.0730566 0.0644428 0.1096108 0.0563164 0.1002896 0.1178332 0.0642028 0.0774333 0.1018909 0.1008778 0.1008388 0.1041463 0.0852848 0.0131846 0.0000000 0.1081544 0.0620562 0.0645219 0.1068571 0.0806845 0.0957630 0.0810796 0.0673033 0.1300357 0.0948735 0.1089192 0.1076212 0.0713257 0.0866520 
Hypsiprymnodontidae_Hypsiprymnodon_moschatus 0.0378566 0.1219394 0.0347538 0.0154211 0.0139985 0.0842443 0.0326472 0.0302343 0.0144641 0.0258843 0.0985577 0.0933895 0.0316719 0.0355495 0.0839916 0.0766792 0.0899235 0.0143905 0.0440400 0.1300647 0.1081544 0.0000000 0.0539625 0.0329440 0.0159589 0.0463523 0.0491743 0.0367859 0.0315923 0.1128182 0.0783558 0.0845693 0.0882315 0.0576605 0.0832281 
Microbiotheriidae_Dromiciops_gliroides       0.0327085 0.0882429 0.0303230 0.0648929 0.0648115 0.0609625 0.0353865 0.0289329 0.0686579 0.0284814 0.0634151 0.0695770 0.0300232 0.0338751 0.0616098 0.0610497 0.0728664 0.0635833 0.0488397 0.0662106 0.0620562 0.0539625 0.0000000 0.0335586 0.0690342 0.0472250 0.0574633 0.0374274 0.0326945 0.0923351 0.0584121 0.0737238 0.0796510 0.0362431 0.0539316 
Pseudochiridae_Petauroides_volans            0.0167836 0.0813951 0.0179777 0.0338332 0.0395029 0.0587262 0.0203134 0.0157945 0.0383087 0.0132547 0.0581926 0.0582245 0.0177106 0.0193769 0.0520669 0.0525068 0.0603887 0.0361993 0.0110765 0.0716961 0.0645219 0.0329440 0.0335586 0.0000000 0.0348176 0.0120168 0.0259673 0.0209178 0.0172996 0.0745299 0.0492160 0.0662735 0.0688017 0.0295393 0.0474586 
Macropodidae_Wallabia_bicolor                0.0394206 0.1159502 0.0384417 0.0076466 0.0077789 0.0996101 0.0333853 0.0320622 0.0080683 0.0250008 0.1047822 0.1074047 0.0351568 0.0420343 0.0957079 0.0880315 0.1067749 0.0024525 0.0485766 0.1248044 0.1068571 0.0159589 0.0690342 0.0348176 0.0000000 0.0471861 0.0579964 0.0435539 0.0343627 0.1207888 0.0881126 0.1127005 0.1189694 0.0685862 0.0874380 
Pseudochiridae_Pseudocheirus_occidentalis    0.0251011 0.0932579 0.0288248 0.0479713 0.0497097 0.0707186 0.0311150 0.0256781 0.0463153 0.0208584 0.0724793 0.0797936 0.0264100 0.0297716 0.0708203 0.0710994 0.0710543 0.0489527 0.0061382 0.0948176 0.0806845 0.0463523 0.0472250 0.0120168 0.0471861 0.0000000 0.0395452 0.0342068 0.0258184 0.0825514 0.0647632 0.0775421 0.0833961 0.0520586 0.0684007 
Tarsipedidae_Tarsipes_rostratus              0.0342781 0.1129522 0.0306252 0.0618421 0.0646468 0.0703841 0.0301292 0.0305702 0.0631970 0.0245578 0.0792403 0.0836901 0.0322788 0.0294184 0.0786323 0.0744908 0.0830915 0.0616514 0.0342422 0.1069892 0.0957630 0.0491743 0.0574633 0.0259673 0.0579964 0.0395452 0.0000000 0.0393690 0.0322422 0.0947461 0.0698592 0.0954670 0.0973960 0.0603812 0.0722667 
Acrobatidae_Distoechurus_pennatus            0.0230423 0.0945053 0.0227201 0.0473241 0.0492230 0.0683811 0.0204896 0.0185311 0.0518816 0.0170660 0.0738716 0.0748741 0.0190364 0.0114353 0.0653203 0.0642109 0.0728315 0.0439653 0.0320357 0.0919683 0.0810796 0.0367859 0.0374274 0.0209178 0.0435539 0.0342068 0.0393690 0.0000000 0.0182031 0.0906491 0.0645117 0.0761376 0.0779669 0.0381313 0.0649134 
Phalangeridae_Phalanger_carmelitae           0.0178446 0.0863211 0.0157522 0.0346258 0.0352445 0.0483192 0.0054022 0.0019245 0.0397684 0.0021529 0.0536963 0.0515096 0.0008092 0.0184764 0.0503519 0.0498498 0.0577785 0.0332116 0.0267895 0.0731802 0.0673033 0.0315923 0.0326945 0.0172996 0.0343627 0.0258184 0.0322422 0.0182031 0.0000000 0.0646666 0.0458323 0.0602449 0.0671163 0.0310099 0.0415441 
Peramelidae_Peroryctes_raffrayana            0.0826949 0.1350544 0.0676162 0.1307268 0.1346552 0.0777509 0.0701288 0.0625465 0.1346015 0.0567105 0.0801556 0.0824991 0.0613431 0.0865590 0.0828952 0.0749337 0.0040759 0.1158262 0.0940555 0.1428299 0.1300357 0.1128182 0.0923351 0.0745299 0.1207888 0.0825514 0.0947461 0.0906491 0.0646666 0.0000000 0.0706038 0.0053980 0.0059202 0.0564106 0.0690783 
Dasyuridae_Dasyurus_geffroii                 0.0500249 0.0970744 0.0353486 0.0988914 0.0928320 0.0017524 0.0571207 0.0446899 0.0919757 0.0334346 0.0039939 0.0061299 0.0432680 0.0581045 0.0044968 0.0016129 0.0630664 0.0824508 0.0692849 0.0986717 0.0948735 0.0783558 0.0584121 0.0492160 0.0881126 0.0647632 0.0698592 0.0645117 0.0458323 0.0706038 0.0000000 0.0749072 0.0773875 0.0044744 0.0029282 
Peramelidae_Perameles_gunnii                 0.0736713 0.1234894 0.0581223 0.1202173 0.1187118 0.0827732 0.0664599 0.0583033 0.1242578 0.0468021 0.0885609 0.0836323 0.0579037 0.0736383 0.0903131 0.0818297 0.0063611 0.1075982 0.0874559 0.1277133 0.1089192 0.0845693 0.0737238 0.0662735 0.1127005 0.0775421 0.0954670 0.0761376 0.0602449 0.0053980 0.0749072 0.0000000 0.0004910 0.0655319 0.0736323 
Peramelidae_Perameles_nasuta                 0.0768283 0.1190961 0.0612261 0.1302299 0.1320768 0.0862952 0.0710467 0.0638304 0.1281486 0.0502638 0.0906573 0.0899675 0.0647630 0.0756509 0.0938786 0.0842663 0.0068965 0.1125428 0.0908290 0.1213834 0.1076212 0.0882315 0.0796510 0.0688017 0.1189694 0.0833961 0.0973960 0.0779669 0.0671163 0.0059202 0.0773875 0.0004910 0.0000000 0.0702395 0.0760626 
Dasyuridae_Planigale_tenuirostris            0.0350662 0.0856100 0.0302731 0.0777410 0.0714593 0.0052673 0.0363560 0.0279816 0.0733393 0.0292280 0.0061306 0.0035582 0.0300911 0.0378766 0.0061283 0.0048665 0.0562299 0.0609026 0.0558429 0.0714158 0.0713257 0.0576605 0.0362431 0.0295393 0.0685862 0.0520586 0.0603812 0.0381313 0.0310099 0.0564106 0.0044744 0.0655319 0.0702395 0.0000000 0.0052601 
Dasyuridae_Antechinus_stuartii               0.0467528 0.0927810 0.0327284 0.1017540 0.1008380 0.0046228 0.0506981 0.0396344 0.0936295 0.0335927 0.0027808 0.0065694 0.0414801 0.0524200 0.0035161 0.0045800 0.0680695 0.0896179 0.0678663 0.0906601 0.0866520 0.0832281 0.0539316 0.0474586 0.0874380 0.0684007 0.0722667 0.0649134 0.0415441 0.0690783 0.0029282 0.0736323 0.0760626 0.0052601 0.0000000 
