35
Burramyidae_Burramys_parvus                  0.0000000 0.0687340 0.0561048 0.0538759 0.0597642 0.0656501 0.0415233 0.0537792 0.0581475 0.1226919 0.0472235 0.0666206 0.0693878 0.0418413 0.0461323 0.0671122 0.0666556 0.0653829 0.1180072 0.0490532 0.0509694 0.1180290 0.1231565 0.0674329 0.0577774 0.0587035 0.0464633 0.0502329 0.0498453 0.0613748 0.0524263 0.0418544 0.1000901 0.0660358 0.1238591 
Notoryctidae_Notoryctes_typhlops             0.0687340 0.0000000 0.0729366 0.0785962 0.0830862 0.0768590 0.0779989 0.0881062 0.0848773 0.1332159 0.0836015 0.0772893 0.0813957 0.0766737 0.0714862 0.0768227 0.0769677 0.0741049 0.1312002 0.0753838 0.0784587 0.1262056 0.1355734 0.0727789 0.0845746 0.0687110 0.0734405 0.0757822 0.0775875 0.0894081 0.0777979 0.0759592 0.1058671 0.0772906 0.1344356 
Vombatidae_Lasiorhinus_latifrons             0.0561048 0.0729366 0.0000000 0.0654943 0.0712676 0.0722408 0.0616205 0.0725361 0.0694731 0.1264564 0.0624624 0.0714975 0.0740448 0.0597605 0.0542947 0.0701939 0.0729380 0.0687115 0.1204939 0.0610687 0.0681920 0.1182019 0.1246371 0.0705296 0.0662021 0.0616286 0.0610363 0.0614809 0.0652013 0.0756809 0.0645290 0.0597307 0.1012159 0.0717658 0.1261351 
Potoroidae_Bettongia_penicillata             0.0538759 0.0785962 0.0654943 0.0000000 0.0037953 0.0785560 0.0626284 0.0743066 0.0130857 0.1339919 0.0636493 0.0798182 0.0796100 0.0577312 0.0538283 0.0798479 0.0798255 0.0752094 0.1283687 0.0171178 0.0649074 0.1148126 0.1201896 0.0784525 0.0410973 0.0692942 0.0631036 0.0172036 0.0638352 0.0756717 0.0620612 0.0586309 0.1102431 0.0789551 0.1348928 
Potoroidae_Bettongia_lesueur                 0.0597642 0.0830862 0.0712676 0.0037953 0.0000000 0.0839376 0.0675479 0.0788682 0.0151519 0.1376441 0.0682804 0.0849491 0.0862455 0.0628574 0.0593352 0.0853841 0.0851691 0.0811971 0.1331091 0.0223391 0.0703863 0.1206692 0.1272607 0.0822997 0.0428860 0.0723974 0.0684491 0.0217627 0.0691800 0.0798967 0.0672903 0.0637607 0.1150946 0.0843285 0.1384631 
Dasyuridae_Dasyurus_maculatus                0.0656501 0.0768590 0.0722408 0.0785560 0.0839376 0.0000000 0.0726567 0.0871347 0.0797284 0.1271022 0.0790480 0.0109476 0.0155977 0.0724944 0.0703918 0.0105985 0.0047155 0.0142455 0.1223726 0.0739326 0.0748959 0.1192713 0.1237979 0.0123321 0.0837742 0.0692040 0.0660953 0.0748093 0.0720915 0.0800407 0.0750459 0.0721636 0.1025675 0.0010037 0.1282492 
Phalangeridae_Trichosurus_vulpecula          0.0415233 0.0779989 0.0616205 0.0626284 0.0675479 0.0726567 0.0000000 0.0310293 0.0660003 0.1292157 0.0273679 0.0729495 0.0767058 0.0217707 0.0500420 0.0738341 0.0723819 0.0722424 0.1248736 0.0564485 0.0567489 0.1260334 0.1316601 0.0737955 0.0651011 0.0674495 0.0536073 0.0571266 0.0557248 0.0677933 0.0560446 0.0206730 0.1046972 0.0725827 0.1297216 
Phalangeridae_Spilocuscus_maculatus          0.0537792 0.0881062 0.0725361 0.0743066 0.0788682 0.0871347 0.0310293 0.0000000 0.0786034 0.1414904 0.0268703 0.0863303 0.0882252 0.0216422 0.0618462 0.0872483 0.0864192 0.0826449 0.1376975 0.0671640 0.0689872 0.1383194 0.1438394 0.0872054 0.0775153 0.0751065 0.0664933 0.0674377 0.0678569 0.0795222 0.0680454 0.0212801 0.1159554 0.0870458 0.1420084 
Potoroidae_Aepyprymnus_rufescens             0.0581475 0.0848773 0.0694731 0.0130857 0.0151519 0.0797284 0.0660003 0.0786034 0.0000000 0.1395750 0.0668156 0.0809316 0.0834996 0.0634388 0.0605637 0.0813929 0.0809751 0.0780291 0.1342194 0.0224861 0.0683967 0.1177749 0.1270575 0.0809304 0.0447220 0.0738886 0.0682511 0.0215689 0.0680694 0.0816945 0.0675719 0.0626758 0.1152616 0.0801202 0.1407658 
Peramelidae_Perameles_nasuta                 0.1226919 0.1332159 0.1264564 0.1339919 0.1376441 0.1271022 0.1292157 0.1414904 0.1395750 0.0000000 0.1350869 0.1273703 0.1291398 0.1242365 0.1266151 0.1257961 0.1269851 0.1236576 0.0222829 0.1268652 0.1354029 0.1763463 0.1888655 0.1265976 0.1330260 0.1228382 0.1247156 0.1280727 0.1361381 0.1470710 0.1302311 0.1254298 0.0464263 0.1265092 0.0020312 
Phalangeridae_Strigocuscus_pelengensis       0.0472235 0.0836015 0.0624624 0.0636493 0.0682804 0.0790480 0.0273679 0.0268703 0.0668156 0.1350869 0.0000000 0.0798758 0.0831700 0.0154004 0.0557668 0.0804048 0.0796219 0.0757365 0.1315052 0.0581028 0.0616791 0.1249674 0.1345854 0.0803708 0.0660318 0.0708566 0.0585679 0.0588515 0.0592004 0.0726990 0.0623263 0.0154257 0.1106248 0.0789659 0.1362252 
Dasyuridae_Phascogale_tapoatafa              0.0666206 0.0772893 0.0714975 0.0798182 0.0849491 0.0109476 0.0729495 0.0863303 0.0809316 0.1273703 0.0798758 0.0000000 0.0163340 0.0729375 0.0710797 0.0010016 0.0119851 0.0123729 0.1218882 0.0744384 0.0747671 0.1189979 0.1235426 0.0085220 0.0840591 0.0687081 0.0666460 0.0753715 0.0722688 0.0825881 0.0747408 0.0722813 0.1008895 0.0112884 0.1278566 
Dasyuridae_Sminthopsis_macroura              0.0693878 0.0813957 0.0740448 0.0796100 0.0862455 0.0155977 0.0767058 0.0882252 0.0834996 0.1291398 0.0831700 0.0163340 0.0000000 0.0756250 0.0757701 0.0156164 0.0169991 0.0105173 0.1218785 0.0760371 0.0797241 0.1168772 0.1210537 0.0170627 0.0851937 0.0734729 0.0688513 0.0760547 0.0765161 0.0864555 0.0758536 0.0761882 0.1032949 0.0155704 0.1288911 
Phalangeridae_Phalanger_orientalis           0.0418413 0.0766737 0.0597605 0.0577312 0.0628574 0.0724944 0.0217707 0.0216422 0.0634388 0.1242365 0.0154004 0.0729375 0.0756250 0.0000000 0.0478971 0.0738178 0.0730883 0.0700596 0.1206920 0.0522082 0.0558575 0.1240398 0.1296614 0.0734279 0.0590974 0.0647534 0.0540822 0.0524093 0.0526572 0.0644716 0.0559769 0.0040810 0.1001036 0.0724206 0.1248002 
Acrobatidae_Acrobates_pygmaeus               0.0461323 0.0714862 0.0542947 0.0538283 0.0593352 0.0703918 0.0500420 0.0618462 0.0605637 0.1266151 0.0557668 0.0710797 0.0757701 0.0478971 0.0000000 0.0720715 0.0716067 0.0708147 0.1239977 0.0521199 0.0518022 0.1179201 0.1231914 0.0716867 0.0621367 0.0615408 0.0486058 0.0528816 0.0506770 0.0616786 0.0325308 0.0471451 0.1022954 0.0707775 0.1282428 
Dasyuridae_Phascogale_calura                 0.0671122 0.0768227 0.0701939 0.0798479 0.0853841 0.0105985 0.0738341 0.0872483 0.0813929 0.1257961 0.0804048 0.0010016 0.0156164 0.0738178 0.0720715 0.0000000 0.0116350 0.0120129 0.1203412 0.0752893 0.0756295 0.1184887 0.1231255 0.0081757 0.0844917 0.0683408 0.0670886 0.0762288 0.0731538 0.0830702 0.0748073 0.0731375 0.1002976 0.0109391 0.1262863 
Dasyuridae_Sarcophilus_harrisii              0.0666556 0.0769677 0.0729380 0.0798255 0.0851691 0.0047155 0.0723819 0.0864192 0.0809751 0.1269851 0.0796219 0.0119851 0.0169991 0.0730883 0.0716067 0.0116350 0.0000000 0.0153496 0.1222776 0.0745319 0.0751648 0.1195481 0.1255096 0.0126699 0.0851259 0.0702006 0.0667903 0.0753987 0.0728533 0.0821751 0.0757611 0.0727697 0.1025603 0.0050519 0.1281261 
Dasyuridae_Planigale_tenuirostris            0.0653829 0.0741049 0.0687115 0.0752094 0.0811971 0.0142455 0.0722424 0.0826449 0.0780291 0.1236576 0.0757365 0.0123729 0.0105173 0.0700596 0.0708147 0.0120129 0.0153496 0.0000000 0.1187296 0.0711046 0.0724521 0.1118597 0.1189083 0.0138552 0.0826894 0.0675928 0.0634242 0.0723968 0.0673079 0.0828923 0.0710281 0.0706167 0.0989027 0.0142264 0.1241069 
Peramelidae_Echymipera_kalubu                0.1180072 0.1312002 0.1204939 0.1283687 0.1331091 0.1223726 0.1248736 0.1376975 0.1342194 0.0222829 0.1315052 0.1218882 0.1218785 0.1206920 0.1239977 0.1203412 0.1222776 0.1187296 0.0000000 0.1214896 0.1297426 0.1758176 0.1856673 0.1226441 0.1271382 0.1195035 0.1205502 0.1222571 0.1294904 0.1424764 0.1246429 0.1228184 0.0422438 0.1217896 0.0214059 
Macropodidae_Dorcopsulus_vanheurni           0.0490532 0.0753838 0.0610687 0.0171178 0.0223391 0.0739326 0.0564485 0.0671640 0.0224861 0.1268652 0.0581028 0.0744384 0.0760371 0.0522082 0.0521199 0.0752893 0.0745319 0.0711046 0.1214896 0.0000000 0.0598079 0.1158406 0.1231794 0.0740406 0.0381415 0.0631327 0.0573457 0.0078376 0.0587660 0.0730149 0.0614713 0.0527116 0.1051705 0.0743179 0.1276895 
Pseudochiridae_Pseudochirulus_forbesi        0.0509694 0.0784587 0.0681920 0.0649074 0.0703863 0.0748959 0.0567489 0.0689872 0.0683967 0.1354029 0.0616791 0.0747671 0.0797241 0.0558575 0.0518022 0.0756295 0.0751648 0.0724521 0.1297426 0.0598079 0.0000000 0.1244680 0.1349864 0.0756079 0.0701899 0.0688215 0.0328551 0.0605064 0.0149047 0.0669075 0.0570335 0.0554805 0.1060353 0.0747959 0.1369370 
Didelphidae_Didelphis_virginiana             0.1180290 0.1262056 0.1182019 0.1148126 0.1206692 0.1192713 0.1260334 0.1383194 0.1177749 0.1763463 0.1249674 0.1189979 0.1168772 0.1240398 0.1179201 0.1184887 0.1195481 0.1118597 0.1758176 0.1158406 0.1244680 0.0000000 0.0450678 0.1157892 0.1224126 0.1083933 0.1139716 0.1147025 0.1190440 0.1367904 0.1226594 0.1241058 0.1477721 0.1191025 0.1761077 
Marmosidae_Monodelphis_domestica             0.1231565 0.1355734 0.1246371 0.1201896 0.1272607 0.1237979 0.1316601 0.1438394 0.1270575 0.1888655 0.1345854 0.1235426 0.1210537 0.1296614 0.1231914 0.1231255 0.1255096 0.1189083 0.1856673 0.1231794 0.1349864 0.0450678 0.0000000 0.1229293 0.1316490 0.1136358 0.1215291 0.1223142 0.1262507 0.1390292 0.1369315 0.1285561 0.1613548 0.1236218 0.1877392 
Dasyuridae_Antechinus_stuartii               0.0674329 0.0727789 0.0705296 0.0784525 0.0822997 0.0123321 0.0737955 0.0872054 0.0809304 0.1265976 0.0803708 0.0085220 0.0170627 0.0734279 0.0716867 0.0081757 0.0126699 0.0138552 0.1226441 0.0740406 0.0756079 0.1157892 0.1229293 0.0000000 0.0823322 0.0686706 0.0666421 0.0749711 0.0718573 0.0811818 0.0746711 0.0739845 0.1034413 0.0126732 0.1264949 
Hypsiprymnodontidae_Hypsiprymnodon_moschatus 0.0577774 0.0845746 0.0662021 0.0410973 0.0428860 0.0837742 0.0651011 0.0775153 0.0447220 0.1330260 0.0660318 0.0840591 0.0851937 0.0590974 0.0621367 0.0844917 0.0851259 0.0826894 0.1271382 0.0381415 0.0701899 0.1224126 0.1316490 0.0823322 0.0000000 0.0733560 0.0669965 0.0379352 0.0691131 0.0798031 0.0695191 0.0600750 0.1118621 0.0841663 0.1338552 
Microbiotheriidae_Dromiciops_gliroides       0.0587035 0.0687110 0.0616286 0.0692942 0.0723974 0.0692040 0.0674495 0.0751065 0.0738886 0.1228382 0.0708566 0.0687081 0.0734729 0.0647534 0.0615408 0.0683408 0.0702006 0.0675928 0.1195035 0.0631327 0.0688215 0.1083933 0.1136358 0.0686706 0.0733560 0.0000000 0.0609586 0.0646545 0.0665178 0.0820926 0.0673562 0.0644166 0.0992609 0.0695961 0.1241177 
Pseudochiridae_Petauroides_volans            0.0464633 0.0734405 0.0610363 0.0631036 0.0684491 0.0660953 0.0536073 0.0664933 0.0682511 0.1247156 0.0585679 0.0666460 0.0688513 0.0540822 0.0486058 0.0670886 0.0667903 0.0634242 0.1205502 0.0573457 0.0328551 0.1139716 0.1215291 0.0666421 0.0669965 0.0609586 0.0000000 0.0594056 0.0331521 0.0619714 0.0546244 0.0532120 0.1010725 0.0664085 0.1267347 
Macropodidae_Wallabia_bicolor                0.0502329 0.0757822 0.0614809 0.0172036 0.0217627 0.0748093 0.0571266 0.0674377 0.0215689 0.1280727 0.0588515 0.0753715 0.0760547 0.0524093 0.0528816 0.0762288 0.0753987 0.0723968 0.1222571 0.0078376 0.0605064 0.1147025 0.1223142 0.0749711 0.0379352 0.0646545 0.0594056 0.0000000 0.0594676 0.0751530 0.0614939 0.0529706 0.1045841 0.0751969 0.1295553 
Pseudochiridae_Pseudocheirus_occidentalis    0.0498453 0.0775875 0.0652013 0.0638352 0.0691800 0.0720915 0.0557248 0.0678569 0.0680694 0.1361381 0.0592004 0.0722688 0.0765161 0.0526572 0.0506770 0.0731538 0.0728533 0.0673079 0.1294904 0.0587660 0.0149047 0.1190440 0.1262507 0.0718573 0.0691131 0.0665178 0.0331521 0.0594676 0.0000000 0.0630417 0.0561024 0.0536330 0.1060817 0.0719950 0.1378307 
Tarsipedidae_Tarsipes_rostratus              0.0613748 0.0894081 0.0756809 0.0756717 0.0798967 0.0800407 0.0677933 0.0795222 0.0816945 0.1470710 0.0726990 0.0825881 0.0864555 0.0644716 0.0616786 0.0830702 0.0821751 0.0828923 0.1424764 0.0730149 0.0669075 0.1367904 0.1390292 0.0811818 0.0798031 0.0820926 0.0619714 0.0751530 0.0630417 0.0000000 0.0683362 0.0640807 0.1224378 0.0790258 0.1474732 
Acrobatidae_Distoechurus_pennatus            0.0524263 0.0777979 0.0645290 0.0620612 0.0672903 0.0750459 0.0560446 0.0680454 0.0675719 0.1302311 0.0623263 0.0747408 0.0758536 0.0559769 0.0325308 0.0748073 0.0757611 0.0710281 0.1246429 0.0614713 0.0570335 0.1226594 0.1369315 0.0746711 0.0695191 0.0673562 0.0546244 0.0614939 0.0561024 0.0683362 0.0000000 0.0556299 0.1047173 0.0754311 0.1300650 
Phalangeridae_Phalanger_carmelitae           0.0418544 0.0759592 0.0597307 0.0586309 0.0637607 0.0721636 0.0206730 0.0212801 0.0626758 0.1254298 0.0154257 0.0722813 0.0761882 0.0040810 0.0471451 0.0731375 0.0727697 0.0706167 0.1228184 0.0527116 0.0554805 0.1241058 0.1285561 0.0739845 0.0600750 0.0644166 0.0532120 0.0529706 0.0536330 0.0640807 0.0556299 0.0000000 0.0997324 0.0720900 0.1258998 
Peramelidae_Peroryctes_raffrayana            0.1000901 0.1058671 0.1012159 0.1102431 0.1150946 0.1025675 0.1046972 0.1159554 0.1152616 0.0464263 0.1106248 0.1008895 0.1032949 0.1001036 0.1022954 0.1002976 0.1025603 0.0989027 0.0422438 0.1051705 0.1060353 0.1477721 0.1613548 0.1034413 0.1118621 0.0992609 0.1010725 0.1045841 0.1060817 0.1224378 0.1047173 0.0997324 0.0000000 0.1029816 0.0471348 
Dasyuridae_Dasyurus_geffroii                 0.0660358 0.0772906 0.0717658 0.0789551 0.0843285 0.0010037 0.0725827 0.0870458 0.0801202 0.1265092 0.0789659 0.0112884 0.0155704 0.0724206 0.0707775 0.0109391 0.0050519 0.0142264 0.1217896 0.0743179 0.0747959 0.1191025 0.1236218 0.0126732 0.0841663 0.0695961 0.0664085 0.0751969 0.0719950 0.0790258 0.0754311 0.0720900 0.1029816 0.0000000 0.1276563 
Peramelidae_Perameles_gunnii                 0.1238591 0.1344356 0.1261351 0.1348928 0.1384631 0.1282492 0.1297216 0.1420084 0.1407658 0.0020312 0.1362252 0.1278566 0.1288911 0.1248002 0.1282428 0.1262863 0.1281261 0.1241069 0.0214059 0.1276895 0.1369370 0.1761077 0.1877392 0.1264949 0.1338552 0.1241177 0.1267347 0.1295553 0.1378307 0.1474732 0.1300650 0.1258998 0.0471348 0.1276563 0.0000000 
