35
Burramyidae_Burramys_parvus                  0.0000000 0.0756092 0.0200540 0.0258701 0.0270535 0.0293409 0.0245353 0.0196830 0.0250704 0.0265303 0.0206804 0.0290591 0.0272149 0.0206503 0.0162049 0.0326665 0.0294573 0.0293377 0.0290982 0.0265681 0.0342898 0.0309325 0.0333600 0.0368666 0.0340587 0.0212217 0.0293872 0.0264228 0.0231047 0.0246563 0.0207073 0.0172362 0.0279422 0.0299865 0.0274937 
Notoryctidae_Notoryctes_typhlops             0.0756092 0.0000000 0.0799919 0.0999143 0.0974394 0.0873952 0.0962891 0.0851218 0.0972493 0.0763725 0.0746088 0.0867502 0.0822049 0.0965249 0.0788267 0.0947740 0.0862906 0.0887650 0.0842097 0.1033896 0.1127731 0.0910485 0.0935960 0.0984210 0.1197377 0.0690040 0.0894686 0.1001748 0.0865798 0.0923290 0.0843164 0.0871607 0.0805295 0.0893560 0.0801899 
Vombatidae_Lasiorhinus_latifrons             0.0200540 0.0799919 0.0000000 0.0283572 0.0287820 0.0296741 0.0283398 0.0229378 0.0268775 0.0260006 0.0261861 0.0295274 0.0248105 0.0302468 0.0202079 0.0345644 0.0302502 0.0318504 0.0301401 0.0303417 0.0388837 0.0305145 0.0324125 0.0379982 0.0428470 0.0216444 0.0326250 0.0282213 0.0283268 0.0293332 0.0219773 0.0248415 0.0279029 0.0310306 0.0283107 
Potoroidae_Bettongia_penicillata             0.0258701 0.0999143 0.0283572 0.0000000 0.0026509 0.0369675 0.0369544 0.0298364 0.0047218 0.0360747 0.0326137 0.0349248 0.0265305 0.0371739 0.0263589 0.0417621 0.0363799 0.0374569 0.0405991 0.0155576 0.0493309 0.0368284 0.0392123 0.0459998 0.0309280 0.0306768 0.0425369 0.0155921 0.0361189 0.0367849 0.0303565 0.0304860 0.0379854 0.0378699 0.0390208 
Potoroidae_Bettongia_lesueur                 0.0270535 0.0974394 0.0287820 0.0026509 0.0000000 0.0371400 0.0371358 0.0297678 0.0059640 0.0368042 0.0334377 0.0351003 0.0273501 0.0378974 0.0265399 0.0419271 0.0365529 0.0374442 0.0399254 0.0171914 0.0482827 0.0372743 0.0391490 0.0455743 0.0328789 0.0308665 0.0427769 0.0170238 0.0360682 0.0372268 0.0301600 0.0309211 0.0378805 0.0380402 0.0391908 
Dasyuridae_Dasyurus_maculatus                0.0293409 0.0873952 0.0296741 0.0369675 0.0371400 0.0000000 0.0405286 0.0329196 0.0368979 0.0311601 0.0330609 0.0066861 0.0078547 0.0396228 0.0299684 0.0117393 0.0024860 0.0110358 0.0346302 0.0405651 0.0519590 0.0323103 0.0341577 0.0148583 0.0501516 0.0232973 0.0428761 0.0379278 0.0369201 0.0384488 0.0336080 0.0324907 0.0330084 0.0019813 0.0331690 
Phalangeridae_Trichosurus_vulpecula          0.0245353 0.0962891 0.0283398 0.0369544 0.0371358 0.0405286 0.0000000 0.0127822 0.0350146 0.0345024 0.0180844 0.0393414 0.0286940 0.0232857 0.0265250 0.0462552 0.0403061 0.0408009 0.0395478 0.0400330 0.0438881 0.0427834 0.0437083 0.0488460 0.0506092 0.0314545 0.0404153 0.0379572 0.0348968 0.0360093 0.0303255 0.0178941 0.0359289 0.0411727 0.0363312 
Phalangeridae_Spilocuscus_maculatus          0.0196830 0.0851218 0.0229378 0.0298364 0.0297678 0.0329196 0.0127822 0.0000000 0.0289294 0.0289789 0.0103700 0.0326199 0.0304545 0.0114494 0.0176807 0.0381750 0.0325033 0.0338630 0.0318752 0.0324080 0.0312711 0.0354489 0.0365239 0.0405597 0.0466741 0.0240037 0.0297630 0.0290903 0.0233174 0.0301715 0.0238581 0.0068325 0.0295342 0.0337090 0.0305873 
Potoroidae_Aepyprymnus_rufescens             0.0250704 0.0972493 0.0268775 0.0047218 0.0059640 0.0368979 0.0350146 0.0289294 0.0000000 0.0344563 0.0304354 0.0348625 0.0248858 0.0365665 0.0267947 0.0408314 0.0363126 0.0373040 0.0394013 0.0143180 0.0484905 0.0362203 0.0390944 0.0450085 0.0308840 0.0298440 0.0417733 0.0147492 0.0356770 0.0349183 0.0301157 0.0299432 0.0364271 0.0377804 0.0373226 
Peramelidae_Perameles_nasuta                 0.0265303 0.0763725 0.0260006 0.0360747 0.0368042 0.0311601 0.0345024 0.0289789 0.0344563 0.0000000 0.0290331 0.0299864 0.0277521 0.0272134 0.0260908 0.0316071 0.0310106 0.0314881 0.0062720 0.0351007 0.0448606 0.0312249 0.0335626 0.0366150 0.0401771 0.0218399 0.0410336 0.0357827 0.0339723 0.0360670 0.0298431 0.0266793 0.0040767 0.0318424 0.0005277 
Phalangeridae_Strigocuscus_pelengensis       0.0206804 0.0746088 0.0261861 0.0326137 0.0334377 0.0330609 0.0180844 0.0103700 0.0304354 0.0290331 0.0000000 0.0342958 0.0241672 0.0156993 0.0230056 0.0387319 0.0332597 0.0354622 0.0350772 0.0325879 0.0355917 0.0391490 0.0392238 0.0411578 0.0470797 0.0291857 0.0356582 0.0312450 0.0252350 0.0351044 0.0284779 0.0089869 0.0328331 0.0338540 0.0337020 
Dasyuridae_Phascogale_tapoatafa              0.0290591 0.0867502 0.0295274 0.0349248 0.0351003 0.0066861 0.0393414 0.0326199 0.0348625 0.0299864 0.0342958 0.0000000 0.0071873 0.0381774 0.0291938 0.0059730 0.0061419 0.0101879 0.0335341 0.0376234 0.0528529 0.0328643 0.0333384 0.0112765 0.0487344 0.0233274 0.0426357 0.0361204 0.0373595 0.0375868 0.0338457 0.0316735 0.0318356 0.0070285 0.0323540 
Dasyuridae_Sminthopsis_macroura              0.0272149 0.0822049 0.0248105 0.0265305 0.0273501 0.0078547 0.0286940 0.0304545 0.0248858 0.0277521 0.0241672 0.0071873 0.0000000 0.0280219 0.0287034 0.0069454 0.0073899 0.0093238 0.0276208 0.0270148 0.0310834 0.0312000 0.0329904 0.0065718 0.0302773 0.0206206 0.0341885 0.0278141 0.0349649 0.0392998 0.0353271 0.0276598 0.0276051 0.0078446 0.0285107 
Phalangeridae_Phalanger_orientalis           0.0206503 0.0965249 0.0302468 0.0371739 0.0378974 0.0396228 0.0232857 0.0114494 0.0365665 0.0272134 0.0156993 0.0381774 0.0280219 0.0000000 0.0254937 0.0423552 0.0388346 0.0397732 0.0394521 0.0377410 0.0472476 0.0432938 0.0430461 0.0466712 0.0520848 0.0327410 0.0399904 0.0367823 0.0326493 0.0354073 0.0292931 0.0090915 0.0345943 0.0405433 0.0368190 
Acrobatidae_Acrobates_pygmaeus               0.0162049 0.0788267 0.0202079 0.0263589 0.0265399 0.0299684 0.0265250 0.0176807 0.0267947 0.0260908 0.0230056 0.0291938 0.0287034 0.0254937 0.0000000 0.0345789 0.0293077 0.0318060 0.0293174 0.0285752 0.0319980 0.0305308 0.0307396 0.0375964 0.0396109 0.0197265 0.0247907 0.0269344 0.0188806 0.0218246 0.0123673 0.0207807 0.0264615 0.0308358 0.0272656 
Dasyuridae_Phascogale_calura                 0.0326665 0.0947740 0.0345644 0.0417621 0.0419271 0.0117393 0.0462552 0.0381750 0.0408314 0.0316071 0.0387319 0.0059730 0.0069454 0.0423552 0.0345789 0.0000000 0.0107647 0.0144997 0.0377810 0.0432281 0.0566487 0.0387996 0.0391634 0.0120417 0.0556461 0.0287814 0.0490781 0.0422063 0.0409082 0.0432010 0.0388167 0.0366320 0.0370647 0.0120920 0.0365239 
Dasyuridae_Sarcophilus_harrisii              0.0294573 0.0862906 0.0302502 0.0363799 0.0365529 0.0024860 0.0403061 0.0325033 0.0363126 0.0310106 0.0332597 0.0061419 0.0073899 0.0388346 0.0293077 0.0107647 0.0000000 0.0101676 0.0341646 0.0393949 0.0519284 0.0337784 0.0337014 0.0138280 0.0497579 0.0237092 0.0426936 0.0373302 0.0372428 0.0376765 0.0329201 0.0323093 0.0325494 0.0028177 0.0327483 
Dasyuridae_Planigale_tenuirostris            0.0293377 0.0887650 0.0318504 0.0374569 0.0374442 0.0110358 0.0408009 0.0338630 0.0373040 0.0314881 0.0354622 0.0101879 0.0093238 0.0397732 0.0318060 0.0144997 0.0101676 0.0000000 0.0350788 0.0399210 0.0554751 0.0318395 0.0320401 0.0186243 0.0514663 0.0252569 0.0424720 0.0391089 0.0359338 0.0398850 0.0365272 0.0313944 0.0326588 0.0114189 0.0335227 
Peramelidae_Echymipera_kalubu                0.0290982 0.0842097 0.0301401 0.0405991 0.0399254 0.0346302 0.0395478 0.0318752 0.0394013 0.0062720 0.0350772 0.0335341 0.0276208 0.0394521 0.0293174 0.0377810 0.0341646 0.0350788 0.0000000 0.0419809 0.0497605 0.0341805 0.0370925 0.0409767 0.0547899 0.0248563 0.0441207 0.0413520 0.0366470 0.0392842 0.0329508 0.0336072 0.0051534 0.0352530 0.0059841 
Macropodidae_Dorcopsulus_vanheurni           0.0265681 0.1033896 0.0303417 0.0155576 0.0171914 0.0405651 0.0400330 0.0324080 0.0143180 0.0351007 0.0325879 0.0376234 0.0270148 0.0377410 0.0285752 0.0432281 0.0393949 0.0399210 0.0419809 0.0000000 0.0505006 0.0402611 0.0406790 0.0472557 0.0360691 0.0347611 0.0431721 0.0066818 0.0373261 0.0395365 0.0323607 0.0320320 0.0390502 0.0409260 0.0395216 
Pseudochiridae_Pseudochirulus_forbesi        0.0342898 0.1127731 0.0388837 0.0493309 0.0482827 0.0519590 0.0438881 0.0312711 0.0484905 0.0448606 0.0355917 0.0528529 0.0310834 0.0472476 0.0319980 0.0566487 0.0519284 0.0554751 0.0497605 0.0505006 0.0000000 0.0521331 0.0537961 0.0605232 0.0672319 0.0434778 0.0367483 0.0504383 0.0205447 0.0393989 0.0371529 0.0408546 0.0476709 0.0532909 0.0492429 
Didelphidae_Didelphis_virginiana             0.0309325 0.0910485 0.0305145 0.0368284 0.0372743 0.0323103 0.0427834 0.0354489 0.0362203 0.0312249 0.0391490 0.0328643 0.0312000 0.0432938 0.0305308 0.0387996 0.0337784 0.0318395 0.0341805 0.0402611 0.0521331 0.0000000 0.0094174 0.0421908 0.0499958 0.0260296 0.0444043 0.0395369 0.0386979 0.0403423 0.0344855 0.0354778 0.0327658 0.0338018 0.0332559 
Marmosidae_Monodelphis_domestica             0.0333600 0.0935960 0.0324125 0.0392123 0.0391490 0.0341577 0.0437083 0.0365239 0.0390944 0.0335626 0.0392238 0.0333384 0.0329904 0.0430461 0.0307396 0.0391634 0.0337014 0.0320401 0.0370925 0.0406790 0.0537961 0.0094174 0.0000000 0.0441034 0.0521349 0.0274284 0.0457369 0.0408130 0.0410961 0.0404403 0.0363071 0.0354194 0.0344745 0.0350408 0.0353590 
Dasyuridae_Antechinus_stuartii               0.0368666 0.0984210 0.0379982 0.0459998 0.0455743 0.0148583 0.0488460 0.0405597 0.0450085 0.0366150 0.0411578 0.0112765 0.0065718 0.0466712 0.0375964 0.0120417 0.0138280 0.0186243 0.0409767 0.0472557 0.0605232 0.0421908 0.0441034 0.0000000 0.0605601 0.0330954 0.0537560 0.0461674 0.0478301 0.0475561 0.0433712 0.0405907 0.0397100 0.0152191 0.0399212 
Hypsiprymnodontidae_Hypsiprymnodon_moschatus 0.0340587 0.1197377 0.0428470 0.0309280 0.0328789 0.0501516 0.0506092 0.0466741 0.0308840 0.0401771 0.0470797 0.0487344 0.0302773 0.0520848 0.0396109 0.0556461 0.0497579 0.0514663 0.0547899 0.0360691 0.0672319 0.0499958 0.0521349 0.0605601 0.0000000 0.0425741 0.0583091 0.0346117 0.0491415 0.0511698 0.0451851 0.0454372 0.0491382 0.0517233 0.0532110 
Microbiotheriidae_Dromiciops_gliroides       0.0212217 0.0690040 0.0216444 0.0306768 0.0308665 0.0232973 0.0314545 0.0240037 0.0298440 0.0218399 0.0291857 0.0233274 0.0206206 0.0327410 0.0197265 0.0287814 0.0237092 0.0252569 0.0248563 0.0347611 0.0434778 0.0260296 0.0274284 0.0330954 0.0425741 0.0000000 0.0345332 0.0329546 0.0275745 0.0283793 0.0246504 0.0268330 0.0234171 0.0242074 0.0235704 
Pseudochiridae_Petauroides_volans            0.0293872 0.0894686 0.0326250 0.0425369 0.0427769 0.0428761 0.0404153 0.0297630 0.0417733 0.0410336 0.0356582 0.0426357 0.0341885 0.0399904 0.0247907 0.0490781 0.0426936 0.0424720 0.0441207 0.0431721 0.0367483 0.0444043 0.0457369 0.0537560 0.0583091 0.0345332 0.0000000 0.0424082 0.0237345 0.0344928 0.0289327 0.0336647 0.0422660 0.0446404 0.0417801 
Macropodidae_Wallabia_bicolor                0.0264228 0.1001748 0.0282213 0.0155921 0.0170238 0.0379278 0.0379572 0.0290903 0.0147492 0.0357827 0.0312450 0.0361204 0.0278141 0.0367823 0.0269344 0.0422063 0.0373302 0.0391089 0.0413520 0.0066818 0.0504383 0.0395369 0.0408130 0.0461674 0.0346117 0.0329546 0.0424082 0.0000000 0.0356644 0.0377292 0.0307304 0.0308723 0.0389494 0.0388194 0.0386235 
Pseudochiridae_Pseudocheirus_occidentalis    0.0231047 0.0865798 0.0283268 0.0361189 0.0360682 0.0369201 0.0348968 0.0233174 0.0356770 0.0339723 0.0252350 0.0373595 0.0349649 0.0326493 0.0188806 0.0409082 0.0372428 0.0359338 0.0366470 0.0373261 0.0205447 0.0386979 0.0410961 0.0478301 0.0491415 0.0275745 0.0237345 0.0356644 0.0000000 0.0275426 0.0241867 0.0280089 0.0366154 0.0384354 0.0348532 
Tarsipedidae_Tarsipes_rostratus              0.0246563 0.0923290 0.0293332 0.0367849 0.0372268 0.0384488 0.0360093 0.0301715 0.0349183 0.0360670 0.0351044 0.0375868 0.0392998 0.0354073 0.0218246 0.0432010 0.0376765 0.0398850 0.0392842 0.0395365 0.0393989 0.0403423 0.0404403 0.0475561 0.0511698 0.0283793 0.0344928 0.0377292 0.0275426 0.0000000 0.0258699 0.0305772 0.0377442 0.0396270 0.0372037 
Acrobatidae_Distoechurus_pennatus            0.0207073 0.0843164 0.0219773 0.0303565 0.0301600 0.0336080 0.0303255 0.0238581 0.0301157 0.0298431 0.0284779 0.0338457 0.0353271 0.0292931 0.0123673 0.0388167 0.0329201 0.0365272 0.0329508 0.0323607 0.0371529 0.0344855 0.0363071 0.0433712 0.0451851 0.0246504 0.0289327 0.0307304 0.0241867 0.0258699 0.0000000 0.0251653 0.0308444 0.0344757 0.0315658 
Phalangeridae_Phalanger_carmelitae           0.0172362 0.0871607 0.0248415 0.0304860 0.0309211 0.0324907 0.0178941 0.0068325 0.0299432 0.0266793 0.0089869 0.0316735 0.0276598 0.0090915 0.0207807 0.0366320 0.0323093 0.0313944 0.0336072 0.0320320 0.0408546 0.0354778 0.0354194 0.0405907 0.0454372 0.0268330 0.0336647 0.0308723 0.0280089 0.0305772 0.0251653 0.0000000 0.0301801 0.0333700 0.0311877 
Peramelidae_Peroryctes_raffrayana            0.0279422 0.0805295 0.0279029 0.0379854 0.0378805 0.0330084 0.0359289 0.0295342 0.0364271 0.0040767 0.0328331 0.0318356 0.0276051 0.0345943 0.0264615 0.0370647 0.0325494 0.0326588 0.0051534 0.0390502 0.0476709 0.0327658 0.0344745 0.0397100 0.0491382 0.0234171 0.0422660 0.0389494 0.0366154 0.0377442 0.0308444 0.0301801 0.0000000 0.0339155 0.0040452 
Dasyuridae_Dasyurus_geffroii                 0.0299865 0.0893560 0.0310306 0.0378699 0.0380402 0.0019813 0.0411727 0.0337090 0.0377804 0.0318424 0.0338540 0.0070285 0.0078446 0.0405433 0.0308358 0.0120920 0.0028177 0.0114189 0.0352530 0.0409260 0.0532909 0.0338018 0.0350408 0.0152191 0.0517233 0.0242074 0.0446404 0.0388194 0.0384354 0.0396270 0.0344757 0.0333700 0.0339155 0.0000000 0.0340497 
Peramelidae_Perameles_gunnii                 0.0274937 0.0801899 0.0283107 0.0390208 0.0391908 0.0331690 0.0363312 0.0305873 0.0373226 0.0005277 0.0337020 0.0323540 0.0285107 0.0368190 0.0272656 0.0365239 0.0327483 0.0335227 0.0059841 0.0395216 0.0492429 0.0332559 0.0353590 0.0399212 0.0532110 0.0235704 0.0417801 0.0386235 0.0348532 0.0372037 0.0315658 0.0311877 0.0040452 0.0340497 0.0000000 
