35
Burramyidae_Burramys_parvus                  0.0000000 0.0502047 0.0170423 0.0219217 0.0236208 0.0442927 0.0186799 0.0129147 0.0206753 0.0654758 0.0126221 0.0405456 0.0411701 0.0122952 0.0237001 0.0430567 0.0427921 0.0479326 0.0671124 0.0143171 0.0223680 0.0570545 0.0594966 0.0439516 0.0194096 0.0290483 0.0231507 0.0179067 0.0211219 0.0352590 0.0189504 0.0108342 0.0643259 0.0539866 0.0667092 
Notoryctidae_Notoryctes_typhlops             0.0502047 0.0000000 0.0550096 0.0689487 0.0690635 0.0815374 0.0673413 0.0586623 0.0704458 0.0995972 0.0585200 0.0780644 0.0761117 0.0568780 0.0616839 0.0813256 0.0807049 0.0909770 0.1047505 0.0604623 0.0612622 0.0937997 0.0945526 0.0816853 0.0646449 0.0722735 0.0594157 0.0650014 0.0572841 0.0770344 0.0620734 0.0574163 0.0992259 0.0916546 0.1015604 
Vombatidae_Lasiorhinus_latifrons             0.0170423 0.0550096 0.0000000 0.0350134 0.0362488 0.0516404 0.0306520 0.0219695 0.0331697 0.0716220 0.0236011 0.0480171 0.0473250 0.0236567 0.0276419 0.0518124 0.0505001 0.0570635 0.0749290 0.0262591 0.0306638 0.0619445 0.0613265 0.0536240 0.0306282 0.0312970 0.0292325 0.0305101 0.0278163 0.0439462 0.0330945 0.0230137 0.0735977 0.0659216 0.0714509 
Potoroidae_Bettongia_penicillata             0.0219217 0.0689487 0.0350134 0.0000000 0.0004366 0.0648136 0.0370031 0.0324884 0.0020505 0.0879487 0.0332671 0.0627822 0.0594445 0.0314907 0.0371802 0.0660190 0.0620292 0.0710984 0.0871992 0.0028384 0.0422068 0.0782325 0.0759852 0.0666206 0.0098941 0.0497688 0.0410641 0.0027552 0.0393633 0.0517718 0.0367917 0.0307843 0.0857000 0.0765898 0.0889700 
Potoroidae_Bettongia_lesueur                 0.0236208 0.0690635 0.0362488 0.0004366 0.0000000 0.0662005 0.0359084 0.0325403 0.0018156 0.0867572 0.0327045 0.0641349 0.0608098 0.0315411 0.0384181 0.0674071 0.0634120 0.0728218 0.0873338 0.0025597 0.0434983 0.0783578 0.0774095 0.0673767 0.0091726 0.0503851 0.0411329 0.0024805 0.0394288 0.0517475 0.0380460 0.0308334 0.0844877 0.0776248 0.0877866 
Dasyuridae_Dasyurus_maculatus                0.0442927 0.0815374 0.0516404 0.0648136 0.0662005 0.0000000 0.0602955 0.0519796 0.0658389 0.0969022 0.0532044 0.0027432 0.0049915 0.0522079 0.0616319 0.0032420 0.0010440 0.0129402 0.0948174 0.0550464 0.0549530 0.0770319 0.0791396 0.0041921 0.0642213 0.0583004 0.0604954 0.0599580 0.0607338 0.0728383 0.0626189 0.0514022 0.0949320 0.0031274 0.0955648 
Phalangeridae_Trichosurus_vulpecula          0.0186799 0.0673413 0.0306520 0.0370031 0.0359084 0.0602955 0.0000000 0.0047085 0.0346377 0.0796266 0.0045198 0.0547270 0.0531931 0.0043410 0.0361159 0.0579331 0.0588006 0.0542607 0.0819649 0.0273056 0.0354276 0.0713735 0.0694825 0.0608009 0.0344709 0.0443298 0.0353814 0.0319448 0.0298355 0.0454268 0.0363012 0.0040814 0.0764539 0.0610474 0.0812424 
Phalangeridae_Spilocuscus_maculatus          0.0129147 0.0586623 0.0219695 0.0324884 0.0325403 0.0519796 0.0047085 0.0000000 0.0312844 0.0776683 0.0018225 0.0482578 0.0474619 0.0018136 0.0286349 0.0501928 0.0504715 0.0581010 0.0815692 0.0228375 0.0287644 0.0643948 0.0625631 0.0505799 0.0310950 0.0385959 0.0314400 0.0252568 0.0253459 0.0412412 0.0328235 0.0016620 0.0757677 0.0643786 0.0793381 
Potoroidae_Aepyprymnus_rufescens             0.0206753 0.0704458 0.0331697 0.0020505 0.0018156 0.0658389 0.0346377 0.0312844 0.0000000 0.0841102 0.0297432 0.0634965 0.0592173 0.0302885 0.0374657 0.0667397 0.0630603 0.0705344 0.0826786 0.0021357 0.0396352 0.0753725 0.0751180 0.0676534 0.0081823 0.0533412 0.0396760 0.0022266 0.0357209 0.0502418 0.0377239 0.0295907 0.0812473 0.0760375 0.0851493 
Peramelidae_Perameles_nasuta                 0.0654758 0.0995972 0.0716220 0.0879487 0.0867572 0.0969022 0.0796266 0.0776683 0.0841102 0.0000000 0.0777782 0.0914821 0.0914159 0.0766582 0.0868439 0.0927632 0.0944932 0.1041410 0.0032680 0.0776490 0.0805097 0.0941856 0.0996439 0.0972422 0.0794393 0.0813146 0.0849814 0.0821077 0.0823140 0.0972726 0.0848570 0.0739090 0.0022430 0.1081452 0.0000010 
Phalangeridae_Strigocuscus_pelengensis       0.0126221 0.0585200 0.0236011 0.0332671 0.0327045 0.0532044 0.0045198 0.0018225 0.0297432 0.0777782 0.0000000 0.0506731 0.0492338 0.0016060 0.0287228 0.0513151 0.0523069 0.0585327 0.0818023 0.0222779 0.0260685 0.0644253 0.0665872 0.0536926 0.0295302 0.0385284 0.0303360 0.0252820 0.0247904 0.0389403 0.0330600 0.0014599 0.0769840 0.0651183 0.0794564 
Dasyuridae_Phascogale_tapoatafa              0.0405456 0.0780644 0.0480171 0.0627822 0.0641349 0.0027432 0.0547270 0.0482578 0.0634965 0.0914821 0.0506731 0.0000000 0.0036659 0.0473200 0.0539691 0.0004943 0.0025634 0.0104266 0.0895070 0.0513792 0.0529511 0.0749539 0.0753320 0.0015247 0.0620912 0.0557810 0.0571864 0.0562746 0.0545477 0.0671591 0.0569628 0.0465325 0.0877218 0.0087818 0.0901927 
Dasyuridae_Sminthopsis_macroura              0.0411701 0.0761117 0.0473250 0.0594445 0.0608098 0.0049915 0.0531931 0.0474619 0.0592173 0.0914159 0.0492338 0.0036659 0.0000000 0.0476728 0.0552607 0.0042851 0.0045742 0.0078277 0.0892221 0.0485984 0.0480016 0.0776152 0.0766034 0.0050298 0.0593468 0.0553217 0.0544720 0.0521301 0.0521682 0.0657651 0.0575502 0.0468940 0.0891437 0.0124616 0.0901087 
Phalangeridae_Phalanger_orientalis           0.0122952 0.0568780 0.0236567 0.0314907 0.0315411 0.0522079 0.0043410 0.0018136 0.0302885 0.0766582 0.0016060 0.0473200 0.0476728 0.0000000 0.0281973 0.0492668 0.0506958 0.0583983 0.0798698 0.0217997 0.0260599 0.0626008 0.0635859 0.0521537 0.0289179 0.0376592 0.0281218 0.0253897 0.0237183 0.0383922 0.0301526 0.0004360 0.0741895 0.0638797 0.0782315 
Acrobatidae_Acrobates_pygmaeus               0.0237001 0.0616839 0.0276419 0.0371802 0.0384181 0.0616319 0.0361159 0.0286349 0.0374657 0.0868439 0.0287228 0.0539691 0.0552607 0.0281973 0.0000000 0.0572736 0.0604123 0.0750938 0.0883714 0.0268617 0.0208877 0.0716270 0.0661751 0.0602366 0.0337220 0.0496417 0.0261829 0.0312246 0.0228822 0.0278546 0.0074908 0.0292670 0.0852662 0.0785641 0.0874966 
Dasyuridae_Phascogale_calura                 0.0430567 0.0813256 0.0518124 0.0660190 0.0674071 0.0032420 0.0579331 0.0501928 0.0667397 0.0927632 0.0513151 0.0004943 0.0042851 0.0492668 0.0572736 0.0000000 0.0027510 0.0120753 0.0913390 0.0546263 0.0561679 0.0774693 0.0760082 0.0017475 0.0653504 0.0565981 0.0603609 0.0582922 0.0565692 0.0679336 0.0601819 0.0484703 0.0890145 0.0102616 0.0913733 
Dasyuridae_Sarcophilus_harrisii              0.0427921 0.0807049 0.0505001 0.0620292 0.0634120 0.0010440 0.0588006 0.0504715 0.0630603 0.0944932 0.0523069 0.0025634 0.0045742 0.0506958 0.0604123 0.0027510 0.0000000 0.0124872 0.0931714 0.0522718 0.0521805 0.0748912 0.0774958 0.0037073 0.0627042 0.0570944 0.0589671 0.0571311 0.0596488 0.0706655 0.0609542 0.0498933 0.0916916 0.0031296 0.0933066 
Dasyuridae_Planigale_tenuirostris            0.0479326 0.0909770 0.0570635 0.0710984 0.0728218 0.0129402 0.0542607 0.0581010 0.0705344 0.1041410 0.0585327 0.0104266 0.0078277 0.0583983 0.0750938 0.0120753 0.0124872 0.0000000 0.1030871 0.0618821 0.0619919 0.0869315 0.0938427 0.0138148 0.0726513 0.0735307 0.0665540 0.0672659 0.0653687 0.0820391 0.0741560 0.0573208 0.1064648 0.0108349 0.1023748 
Peramelidae_Echymipera_kalubu                0.0671124 0.1047505 0.0749290 0.0871992 0.0873338 0.0948174 0.0819649 0.0815692 0.0826786 0.0032680 0.0818023 0.0895070 0.0892221 0.0798698 0.0883714 0.0913390 0.0931714 0.1030871 0.0000000 0.0784223 0.0831421 0.0971464 0.1007986 0.0932490 0.0814338 0.0841580 0.0835029 0.0828411 0.0848900 0.0950578 0.0841341 0.0778807 0.0026808 0.1059049 0.0033514 
Macropodidae_Dorcopsulus_vanheurni           0.0143171 0.0604623 0.0262591 0.0028384 0.0025597 0.0550464 0.0273056 0.0228375 0.0021357 0.0776490 0.0222779 0.0513792 0.0485984 0.0217997 0.0268617 0.0546263 0.0522718 0.0618821 0.0784223 0.0000000 0.0331693 0.0675450 0.0679090 0.0566900 0.0054898 0.0445281 0.0296124 0.0008556 0.0297501 0.0441783 0.0279122 0.0217037 0.0752773 0.0661160 0.0787735 
Pseudochiridae_Pseudochirulus_forbesi        0.0223680 0.0612622 0.0306638 0.0422068 0.0434983 0.0549530 0.0354276 0.0287644 0.0396352 0.0805097 0.0260685 0.0529511 0.0480016 0.0260599 0.0208877 0.0561679 0.0521805 0.0619919 0.0831421 0.0331693 0.0000000 0.0693861 0.0711472 0.0565073 0.0378401 0.0427364 0.0069149 0.0363927 0.0030486 0.0286811 0.0259271 0.0259507 0.0804869 0.0632330 0.0815937 
Didelphidae_Didelphis_virginiana             0.0570545 0.0937997 0.0619445 0.0782325 0.0783578 0.0770319 0.0713735 0.0643948 0.0753725 0.0941856 0.0644253 0.0749539 0.0776152 0.0626008 0.0716270 0.0774693 0.0748912 0.0869315 0.0971464 0.0675450 0.0693861 0.0000000 0.0162905 0.0787992 0.0711021 0.0673609 0.0735379 0.0712873 0.0717967 0.0854274 0.0728942 0.0599361 0.0974201 0.0896311 0.0944408 
Marmosidae_Monodelphis_domestica             0.0594966 0.0945526 0.0613265 0.0759852 0.0774095 0.0791396 0.0694825 0.0625631 0.0751180 0.0996439 0.0665872 0.0753320 0.0766034 0.0635859 0.0661751 0.0760082 0.0774958 0.0938427 0.1007986 0.0679090 0.0711472 0.0162905 0.0000000 0.0773821 0.0713666 0.0710788 0.0752742 0.0710683 0.0724896 0.0812453 0.0713384 0.0614879 0.0995780 0.0965209 0.1000815 
Dasyuridae_Antechinus_stuartii               0.0439516 0.0816853 0.0536240 0.0666206 0.0673767 0.0041921 0.0608009 0.0505799 0.0676534 0.0972422 0.0536926 0.0015247 0.0050298 0.0521537 0.0602366 0.0017475 0.0037073 0.0138148 0.0932490 0.0566900 0.0565073 0.0787992 0.0773821 0.0000000 0.0672396 0.0593178 0.0608478 0.0591020 0.0591782 0.0681421 0.0639511 0.0513686 0.0935296 0.0127710 0.0961992 
Hypsiprymnodontidae_Hypsiprymnodon_moschatus 0.0194096 0.0646449 0.0306282 0.0098941 0.0091726 0.0642213 0.0344709 0.0310950 0.0081823 0.0794393 0.0295302 0.0620912 0.0593468 0.0289179 0.0337220 0.0653504 0.0627042 0.0726513 0.0814338 0.0054898 0.0378401 0.0711021 0.0713666 0.0672396 0.0000000 0.0501239 0.0341575 0.0062768 0.0338025 0.0503723 0.0310788 0.0287845 0.0796221 0.0765375 0.0805186 
Microbiotheriidae_Dromiciops_gliroides       0.0290483 0.0722735 0.0312970 0.0497688 0.0503851 0.0583004 0.0443298 0.0385959 0.0533412 0.0813146 0.0385284 0.0557810 0.0553217 0.0376592 0.0496417 0.0565981 0.0570944 0.0735307 0.0841580 0.0445281 0.0427364 0.0673609 0.0710788 0.0593178 0.0501239 0.0000000 0.0476378 0.0460811 0.0446328 0.0556385 0.0466217 0.0369384 0.0805712 0.0778872 0.0800764 
Pseudochiridae_Petauroides_volans            0.0231507 0.0594157 0.0292325 0.0410641 0.0411329 0.0604954 0.0353814 0.0314400 0.0396760 0.0849814 0.0303360 0.0571864 0.0544720 0.0281218 0.0261829 0.0603609 0.0589671 0.0665540 0.0835029 0.0296124 0.0069149 0.0735379 0.0752742 0.0608478 0.0341575 0.0476378 0.0000000 0.0328155 0.0065103 0.0345283 0.0261821 0.0280189 0.0852161 0.0722625 0.0859418 
Macropodidae_Wallabia_bicolor                0.0179067 0.0650014 0.0305101 0.0027552 0.0024805 0.0599580 0.0319448 0.0252568 0.0022266 0.0821077 0.0252820 0.0562746 0.0521301 0.0253897 0.0312246 0.0582922 0.0571311 0.0672659 0.0828411 0.0008556 0.0363927 0.0712873 0.0710683 0.0591020 0.0062768 0.0460811 0.0328155 0.0000000 0.0329717 0.0459631 0.0321756 0.0247145 0.0797915 0.0731146 0.0832365 
Pseudochiridae_Pseudocheirus_occidentalis    0.0211219 0.0572841 0.0278163 0.0393633 0.0394288 0.0607338 0.0298355 0.0253459 0.0357209 0.0823140 0.0247904 0.0545477 0.0521682 0.0237183 0.0228822 0.0565692 0.0596488 0.0653687 0.0848900 0.0297501 0.0030486 0.0717967 0.0724896 0.0591782 0.0338025 0.0446328 0.0065103 0.0329717 0.0000000 0.0304011 0.0231384 0.0236138 0.0801312 0.0734491 0.0821329 
Tarsipedidae_Tarsipes_rostratus              0.0352590 0.0770344 0.0439462 0.0517718 0.0517475 0.0728383 0.0454268 0.0412412 0.0502418 0.0972726 0.0389403 0.0671591 0.0657651 0.0383922 0.0278546 0.0679336 0.0706655 0.0820391 0.0950578 0.0441783 0.0286811 0.0854274 0.0812453 0.0681421 0.0503723 0.0556385 0.0345283 0.0459631 0.0304011 0.0000000 0.0381569 0.0370093 0.0954974 0.0857016 0.0976149 
Acrobatidae_Distoechurus_pennatus            0.0189504 0.0620734 0.0330945 0.0367917 0.0380460 0.0626189 0.0363012 0.0328235 0.0377239 0.0848570 0.0330600 0.0569628 0.0575502 0.0301526 0.0074908 0.0601819 0.0609542 0.0741560 0.0841341 0.0279122 0.0259271 0.0728942 0.0713384 0.0639511 0.0310788 0.0466217 0.0261821 0.0321756 0.0231384 0.0381569 0.0000000 0.0300182 0.0815291 0.0734834 0.0858949 
Phalangeridae_Phalanger_carmelitae           0.0108342 0.0574163 0.0230137 0.0307843 0.0308334 0.0514022 0.0040814 0.0016620 0.0295907 0.0739090 0.0014599 0.0465325 0.0468940 0.0004360 0.0292670 0.0484703 0.0498933 0.0573208 0.0778807 0.0217037 0.0259507 0.0599361 0.0614879 0.0513686 0.0287845 0.0369384 0.0280189 0.0247145 0.0236138 0.0370093 0.0300182 0.0000000 0.0713817 0.0636786 0.0756203 
Peramelidae_Peroryctes_raffrayana            0.0643259 0.0992259 0.0735977 0.0857000 0.0844877 0.0949320 0.0764539 0.0757677 0.0812473 0.0022430 0.0769840 0.0877218 0.0891437 0.0741895 0.0852662 0.0890145 0.0916916 0.1064648 0.0026808 0.0752773 0.0804869 0.0974201 0.0995780 0.0935296 0.0796221 0.0805712 0.0852161 0.0797915 0.0801312 0.0954974 0.0815291 0.0713817 0.0000000 0.1093968 0.0022337 
Dasyuridae_Dasyurus_geffroii                 0.0539866 0.0916546 0.0659216 0.0765898 0.0776248 0.0031274 0.0610474 0.0643786 0.0760375 0.1081452 0.0651183 0.0087818 0.0124616 0.0638797 0.0785641 0.0102616 0.0031296 0.0108349 0.1059049 0.0661160 0.0632330 0.0896311 0.0965209 0.0127710 0.0765375 0.0778872 0.0722625 0.0731146 0.0734491 0.0857016 0.0734834 0.0636786 0.1093968 0.0000000 0.1062443 
Peramelidae_Perameles_gunnii                 0.0667092 0.1015604 0.0714509 0.0889700 0.0877866 0.0955648 0.0812424 0.0793381 0.0851493 0.0000010 0.0794564 0.0901927 0.0901087 0.0782315 0.0874966 0.0913733 0.0933066 0.1023748 0.0033514 0.0787735 0.0815937 0.0944408 0.1000815 0.0961992 0.0805186 0.0800764 0.0859418 0.0832365 0.0821329 0.0976149 0.0858949 0.0756203 0.0022337 0.1062443 0.0000000 
