35
Burramyidae_Burramys_parvus                  0.0000000 0.1179937 0.0987147 0.0813746 0.0794481 0.1203707 0.0767484 0.0769291 0.0800564 0.1186149 0.0745283 0.1127938 0.1087420 0.0751995 0.0710070 0.1084480 0.1106624 0.0938912 0.1158737 0.0868449 0.0862023 0.1287447 0.1332899 0.1083089 0.0822130 0.1053261 0.0761037 0.0861822 0.0764397 0.0978326 0.0807311 0.0733224 0.1162934 0.1128940 0.1192277 
Notoryctidae_Notoryctes_typhlops             0.1179937 0.0000000 0.1397120 0.1293810 0.1274885 0.1624955 0.1285683 0.1285675 0.1253920 0.1495254 0.1253335 0.1524387 0.1377726 0.1244766 0.1164830 0.1340557 0.1408558 0.1291372 0.1404120 0.1328470 0.1271891 0.1615869 0.1621562 0.1336723 0.1345384 0.1389325 0.1224587 0.1284410 0.1171996 0.1426864 0.1248195 0.1248791 0.1436989 0.1415018 0.1472772 
Vombatidae_Lasiorhinus_latifrons             0.0987147 0.1397120 0.0000000 0.0999771 0.0960469 0.1415636 0.0958980 0.0943378 0.0958009 0.1333023 0.0913549 0.1327825 0.1174725 0.1009286 0.0839617 0.1198479 0.1252743 0.1128088 0.1266372 0.1018700 0.0913452 0.1459028 0.1465892 0.1165150 0.1005788 0.1143480 0.0897894 0.1006967 0.0972289 0.1157327 0.1000495 0.0987989 0.1306640 0.1254221 0.1290873 
Potoroidae_Bettongia_penicillata             0.0813746 0.1293810 0.0999771 0.0000000 0.0069737 0.1395427 0.0836337 0.0766827 0.0114902 0.1267566 0.0726888 0.1290841 0.1182229 0.0833436 0.0729997 0.1179568 0.1236692 0.1064911 0.1219254 0.0223208 0.0895430 0.1386734 0.1395897 0.1184289 0.0536040 0.1142464 0.0818232 0.0214307 0.0775118 0.1009145 0.0879460 0.0815019 0.1190499 0.1242577 0.1253051 
Potoroidae_Bettongia_lesueur                 0.0794481 0.1274885 0.0960469 0.0069737 0.0000000 0.1353115 0.0806938 0.0709182 0.0158360 0.1270847 0.0721497 0.1257657 0.1171695 0.0791185 0.0726397 0.1174428 0.1225827 0.1055114 0.1214692 0.0263520 0.0850806 0.1347491 0.1364227 0.1166841 0.0507773 0.1128316 0.0773293 0.0254136 0.0707251 0.0949200 0.0842052 0.0772133 0.1193868 0.1219307 0.1248131 
Dasyuridae_Dasyurus_maculatus                0.1203707 0.1624955 0.1415636 0.1395427 0.1353115 0.0000000 0.1284613 0.1345251 0.1355418 0.1461638 0.1432315 0.0249202 0.0435393 0.1377137 0.1179973 0.0237189 0.0111009 0.0396049 0.1427343 0.1352511 0.1355118 0.1668625 0.1836371 0.0248118 0.1330311 0.1370211 0.1284747 0.1424043 0.0999045 0.1458190 0.1335023 0.1343201 0.1388750 0.0091069 0.1419206 
Phalangeridae_Trichosurus_vulpecula          0.0767484 0.1285683 0.0958980 0.0836337 0.0806938 0.1284613 0.0000000 0.0302235 0.0773004 0.1286275 0.0213106 0.1207847 0.1160687 0.0382903 0.0615682 0.1098277 0.1194752 0.1089974 0.1282815 0.0827425 0.0820578 0.1370309 0.1435320 0.1113330 0.0824211 0.1065340 0.0691408 0.0831122 0.0631331 0.0990702 0.0801956 0.0367952 0.1250975 0.1184103 0.1268461 
Phalangeridae_Spilocuscus_maculatus          0.0769291 0.1285675 0.0943378 0.0766827 0.0709182 0.1345251 0.0302235 0.0000000 0.0703798 0.1334169 0.0192161 0.1244890 0.1157850 0.0228418 0.0667454 0.1163133 0.1233578 0.1072270 0.1281874 0.0749155 0.0778365 0.1360807 0.1432694 0.1179155 0.0815393 0.1005530 0.0719392 0.0771268 0.0601668 0.0962116 0.0851365 0.0214830 0.1288406 0.1243162 0.1290635 
Potoroidae_Aepyprymnus_rufescens             0.0800564 0.1253920 0.0958009 0.0114902 0.0158360 0.1355418 0.0773004 0.0703798 0.0000000 0.1243684 0.0668375 0.1256398 0.1144103 0.0757625 0.0694819 0.1168271 0.1232483 0.1074332 0.1162717 0.0204704 0.0843920 0.1389572 0.1384902 0.1172844 0.0541052 0.1111724 0.0798777 0.0199127 0.0760374 0.0984517 0.0821997 0.0750720 0.1158926 0.1226715 0.1189533 
Peramelidae_Perameles_nasuta                 0.1186149 0.1495254 0.1333023 0.1267566 0.1270847 0.1461638 0.1286275 0.1334169 0.1243684 0.0000000 0.1287370 0.1366067 0.1310532 0.1306798 0.1119220 0.1231966 0.1265396 0.1157260 0.0232817 0.1287992 0.1223708 0.1644158 0.1657902 0.1244695 0.1308601 0.1420588 0.1245754 0.1320341 0.1156593 0.1431303 0.1263467 0.1288973 0.0245674 0.1309665 0.0068236 
Phalangeridae_Strigocuscus_pelengensis       0.0745283 0.1253335 0.0913549 0.0726888 0.0721497 0.1432315 0.0213106 0.0192161 0.0668375 0.1287370 0.0000000 0.1341756 0.1163228 0.0234927 0.0616456 0.1138274 0.1216015 0.1053582 0.1238980 0.0699826 0.0827828 0.1404805 0.1470483 0.1144852 0.0779458 0.1012574 0.0698886 0.0736097 0.0722633 0.1007177 0.0804230 0.0220755 0.1229925 0.1218175 0.1242413 
Dasyuridae_Phascogale_tapoatafa              0.1127938 0.1524387 0.1327825 0.1290841 0.1257657 0.0249202 0.1207847 0.1244890 0.1256398 0.1366067 0.1341756 0.0000000 0.0369875 0.1279953 0.1132197 0.0047579 0.0222030 0.0359245 0.1304677 0.1252830 0.1261296 0.1534582 0.1682298 0.0091559 0.1209597 0.1280986 0.1164283 0.1308573 0.0929072 0.1358753 0.1253771 0.1254506 0.1301850 0.0232602 0.1322765 
Dasyuridae_Sminthopsis_macroura              0.1087420 0.1377726 0.1174725 0.1182229 0.1171695 0.0435393 0.1160687 0.1157850 0.1144103 0.1310532 0.1163228 0.0369875 0.0000000 0.1147689 0.1022612 0.0363487 0.0389150 0.0229312 0.1300807 0.1168243 0.1145697 0.1471836 0.1509486 0.0364893 0.1141262 0.1202750 0.1069784 0.1197672 0.0944371 0.1294494 0.1202481 0.1137515 0.1285164 0.0401635 0.1309851 
Phalangeridae_Phalanger_orientalis           0.0751995 0.1244766 0.1009286 0.0833436 0.0791185 0.1377137 0.0382903 0.0228418 0.0757625 0.1306798 0.0234927 0.1279953 0.1147689 0.0000000 0.0751938 0.1139219 0.1202213 0.1131458 0.1285755 0.0809123 0.0852909 0.1386565 0.1459543 0.1139253 0.0890057 0.1065795 0.0808304 0.0833620 0.0666225 0.1019773 0.0866343 0.0030535 0.1285771 0.1213420 0.1280900 
Acrobatidae_Acrobates_pygmaeus               0.0710070 0.1164830 0.0839617 0.0729997 0.0726397 0.1179973 0.0615682 0.0667454 0.0694819 0.1119220 0.0616456 0.1132197 0.1022612 0.0751938 0.0000000 0.1038726 0.1078019 0.0959912 0.1105047 0.0745731 0.0627751 0.1252234 0.1250579 0.1046105 0.0731252 0.1014874 0.0529840 0.0766951 0.0473852 0.0852013 0.0407116 0.0733050 0.1089364 0.1104919 0.1090595 
Dasyuridae_Phascogale_calura                 0.1084480 0.1340557 0.1198479 0.1179568 0.1174428 0.0237189 0.1098277 0.1163133 0.1168271 0.1231966 0.1138274 0.0047579 0.0363487 0.1139219 0.1038726 0.0000000 0.0219497 0.0357727 0.1187790 0.1167227 0.1137426 0.1444630 0.1511432 0.0114097 0.1133321 0.1211804 0.1055952 0.1200152 0.0928407 0.1260861 0.1193942 0.1121946 0.1188630 0.0232161 0.1202709 
Dasyuridae_Sarcophilus_harrisii              0.1106624 0.1408558 0.1252743 0.1236692 0.1225827 0.0111009 0.1194752 0.1233578 0.1232483 0.1265396 0.1216015 0.0222030 0.0389150 0.1202213 0.1078019 0.0219497 0.0000000 0.0333552 0.1262629 0.1246742 0.1178837 0.1527971 0.1561395 0.0219917 0.1168448 0.1227806 0.1139837 0.1265219 0.0933041 0.1304813 0.1197535 0.1179130 0.1225731 0.0097926 0.1247969 
Dasyuridae_Planigale_tenuirostris            0.0938912 0.1291372 0.1128088 0.1064911 0.1055114 0.0396049 0.1089974 0.1072270 0.1074332 0.1157260 0.1053582 0.0359245 0.0229312 0.1131458 0.0959912 0.0357727 0.0333552 0.0000000 0.1243058 0.1077094 0.1047878 0.1361728 0.1421231 0.0333810 0.1032284 0.1149338 0.0988633 0.1101461 0.0982549 0.1180485 0.1142864 0.1108588 0.1214957 0.0363033 0.1188002 
Peramelidae_Echymipera_kalubu                0.1158737 0.1404120 0.1266372 0.1219254 0.1214692 0.1427343 0.1282815 0.1281874 0.1162717 0.0232817 0.1238980 0.1304677 0.1300807 0.1285755 0.1105047 0.1187790 0.1262629 0.1243058 0.0000000 0.1231766 0.1204408 0.1581132 0.1566634 0.1214817 0.1249526 0.1369230 0.1144412 0.1252749 0.1091268 0.1442860 0.1241023 0.1261510 0.0222897 0.1310390 0.0214796 
Macropodidae_Dorcopsulus_vanheurni           0.0868449 0.1328470 0.1018700 0.0223208 0.0263520 0.1352511 0.0827425 0.0749155 0.0204704 0.1287992 0.0699826 0.1252830 0.1168243 0.0809123 0.0745731 0.1167227 0.1246742 0.1077094 0.1231766 0.0000000 0.0892689 0.1467621 0.1439662 0.1178584 0.0570085 0.1148326 0.0833050 0.0142325 0.0768834 0.1024431 0.0901977 0.0795485 0.1227235 0.1253005 0.1233698 
Pseudochiridae_Pseudochirulus_forbesi        0.0862023 0.1271891 0.0913452 0.0895430 0.0850806 0.1355118 0.0820578 0.0778365 0.0843920 0.1223708 0.0827828 0.1261296 0.1145697 0.0852909 0.0627751 0.1137426 0.1178837 0.1047878 0.1204408 0.0892689 0.0000000 0.1348560 0.1393169 0.1141064 0.0909290 0.1102618 0.0427427 0.0923784 0.0198509 0.0725374 0.0752192 0.0833301 0.1186907 0.1219299 0.1200387 
Didelphidae_Didelphis_virginiana             0.1287447 0.1615869 0.1459028 0.1386734 0.1347491 0.1668625 0.1370309 0.1360807 0.1389572 0.1644158 0.1404805 0.1534582 0.1471836 0.1386565 0.1252234 0.1444630 0.1527971 0.1361728 0.1581132 0.1467621 0.1348560 0.0000000 0.0497713 0.1440714 0.1431214 0.1523149 0.1367948 0.1428646 0.1181630 0.1580426 0.1376186 0.1368505 0.1665181 0.1545105 0.1626684 
Marmosidae_Monodelphis_domestica             0.1332899 0.1621562 0.1465892 0.1395897 0.1364227 0.1836371 0.1435320 0.1432694 0.1384902 0.1657902 0.1470483 0.1682298 0.1509486 0.1459543 0.1250579 0.1511432 0.1561395 0.1421231 0.1566634 0.1439662 0.1393169 0.0497713 0.0000000 0.1523054 0.1353834 0.1523445 0.1321008 0.1427555 0.1108172 0.1646879 0.1327052 0.1432523 0.1644841 0.1608868 0.1622129 
Dasyuridae_Antechinus_stuartii               0.1083089 0.1336723 0.1165150 0.1184289 0.1166841 0.0248118 0.1113330 0.1179155 0.1172844 0.1244695 0.1144852 0.0091559 0.0364893 0.1139253 0.1046105 0.0114097 0.0219917 0.0333810 0.1214817 0.1178584 0.1141064 0.1440714 0.1523054 0.0000000 0.1146662 0.1220037 0.1083914 0.1200060 0.0926372 0.1270705 0.1197115 0.1121985 0.1215569 0.0236712 0.1208784 
Hypsiprymnodontidae_Hypsiprymnodon_moschatus 0.0822130 0.1345384 0.1005788 0.0536040 0.0507773 0.1330311 0.0824211 0.0815393 0.0541052 0.1308601 0.0779458 0.1209597 0.1141262 0.0890057 0.0731252 0.1133321 0.1168448 0.1032284 0.1249526 0.0570085 0.0909290 0.1431214 0.1353834 0.1146662 0.0000000 0.1103766 0.0798808 0.0567301 0.0841462 0.1054973 0.0918258 0.0870201 0.1234476 0.1196584 0.1281662 
Microbiotheriidae_Dromiciops_gliroides       0.1053261 0.1389325 0.1143480 0.1142464 0.1128316 0.1370211 0.1065340 0.1005530 0.1111724 0.1420588 0.1012574 0.1280986 0.1202750 0.1065795 0.1014874 0.1211804 0.1227806 0.1149338 0.1369230 0.1148326 0.1102618 0.1523149 0.1523445 0.1220037 0.1103766 0.0000000 0.1029914 0.1190069 0.0865457 0.1327775 0.1149350 0.1044927 0.1376348 0.1271365 0.1374372 
Pseudochiridae_Petauroides_volans            0.0761037 0.1224587 0.0897894 0.0818232 0.0773293 0.1284747 0.0691408 0.0719392 0.0798777 0.1245754 0.0698886 0.1164283 0.1069784 0.0808304 0.0529840 0.1055952 0.1139837 0.0988633 0.1144412 0.0833050 0.0427427 0.1367948 0.1321008 0.1083914 0.0798808 0.1029914 0.0000000 0.0835344 0.0374390 0.0696594 0.0661086 0.0777098 0.1200989 0.1167780 0.1180266 
Macropodidae_Wallabia_bicolor                0.0861822 0.1284410 0.1006967 0.0214307 0.0254136 0.1424043 0.0831122 0.0771268 0.0199127 0.1320341 0.0736097 0.1308573 0.1197672 0.0833620 0.0766951 0.1200152 0.1265219 0.1101461 0.1252749 0.0142325 0.0923784 0.1428646 0.1427555 0.1200060 0.0567301 0.1190069 0.0835344 0.0000000 0.0857711 0.1039428 0.0901440 0.0814424 0.1242773 0.1251258 0.1286474 
Pseudochiridae_Pseudocheirus_occidentalis    0.0764397 0.1171996 0.0972289 0.0775118 0.0707251 0.0999045 0.0631331 0.0601668 0.0760374 0.1156593 0.0722633 0.0929072 0.0944371 0.0666225 0.0473852 0.0928407 0.0933041 0.0982549 0.1091268 0.0768834 0.0198509 0.1181630 0.1108172 0.0926372 0.0841462 0.0865457 0.0374390 0.0857711 0.0000000 0.0485722 0.0584850 0.0642902 0.1129066 0.0996974 0.1128413 
Tarsipedidae_Tarsipes_rostratus              0.0978326 0.1426864 0.1157327 0.1009145 0.0949200 0.1458190 0.0990702 0.0962116 0.0984517 0.1431303 0.1007177 0.1358753 0.1294494 0.1019773 0.0852013 0.1260861 0.1304813 0.1180485 0.1442860 0.1024431 0.0725374 0.1580426 0.1646879 0.1270705 0.1054973 0.1327775 0.0696594 0.1039428 0.0485722 0.0000000 0.0939183 0.0997869 0.1428995 0.1334356 0.1415340 
Acrobatidae_Distoechurus_pennatus            0.0807311 0.1248195 0.1000495 0.0879460 0.0842052 0.1335023 0.0801956 0.0851365 0.0821997 0.1263467 0.0804230 0.1253771 0.1202481 0.0866343 0.0407116 0.1193942 0.1197535 0.1142864 0.1241023 0.0901977 0.0752192 0.1376186 0.1327052 0.1197115 0.0918258 0.1149350 0.0661086 0.0901440 0.0584850 0.0939183 0.0000000 0.0858820 0.1220438 0.1229337 0.1249450 
Phalangeridae_Phalanger_carmelitae           0.0733224 0.1248791 0.0987989 0.0815019 0.0772133 0.1343201 0.0367952 0.0214830 0.0750720 0.1288973 0.0220755 0.1254506 0.1137515 0.0030535 0.0733050 0.1121946 0.1179130 0.1108588 0.1261510 0.0795485 0.0833301 0.1368505 0.1432523 0.1121985 0.0870201 0.1044927 0.0777098 0.0814424 0.0642902 0.0997869 0.0858820 0.0000000 0.1248672 0.1190260 0.1263382 
Peramelidae_Peroryctes_raffrayana            0.1162934 0.1436989 0.1306640 0.1190499 0.1193868 0.1388750 0.1250975 0.1288406 0.1158926 0.0245674 0.1229925 0.1301850 0.1285164 0.1285771 0.1089364 0.1188630 0.1225731 0.1214957 0.0222897 0.1227235 0.1186907 0.1665181 0.1644841 0.1215569 0.1234476 0.1376348 0.1200989 0.1242773 0.1129066 0.1428995 0.1220438 0.1248672 0.0000000 0.1287528 0.0231352 
Dasyuridae_Dasyurus_geffroii                 0.1128940 0.1415018 0.1254221 0.1242577 0.1219307 0.0091069 0.1184103 0.1243162 0.1226715 0.1309665 0.1218175 0.0232602 0.0401635 0.1213420 0.1104919 0.0232161 0.0097926 0.0363033 0.1310390 0.1253005 0.1219299 0.1545105 0.1608868 0.0236712 0.1196584 0.1271365 0.1167780 0.1251258 0.0996974 0.1334356 0.1229337 0.1190260 0.1287528 0.0000000 0.1284614 
Peramelidae_Perameles_gunnii                 0.1192277 0.1472772 0.1290873 0.1253051 0.1248131 0.1419206 0.1268461 0.1290635 0.1189533 0.0068236 0.1242413 0.1322765 0.1309851 0.1280900 0.1090595 0.1202709 0.1247969 0.1188002 0.0214796 0.1233698 0.1200387 0.1626684 0.1622129 0.1208784 0.1281662 0.1374372 0.1180266 0.1286474 0.1128413 0.1415340 0.1249450 0.1263382 0.0231352 0.1284614 0.0000000 
