35
Burramyidae_Burramys_parvus                  0.0000000 0.1138136 0.0369115 0.0558311 0.0549799 0.1159832 0.0290479 0.0338971 0.0633006 0.0992572 0.0346394 0.0967511 0.1152549 0.0317926 0.0312064 0.0950141 0.1318622 0.0945594 0.0956666 0.0583955 0.0367114 0.1601422 0.1450786 0.1005342 0.0463282 0.0426291 0.0364770 0.0592760 0.0361507 0.0641247 0.0467587 0.0312123 0.0959391 0.1227640 0.0965582 
Notoryctidae_Notoryctes_typhlops             0.1138136 0.0000000 0.1308881 0.1423597 0.1446313 0.1648913 0.1349933 0.1416451 0.1296473 0.1592889 0.1253864 0.1437094 0.1844298 0.1387604 0.1354822 0.1373464 0.1802182 0.1409008 0.1532202 0.1349738 0.1391485 0.2305965 0.2121797 0.1480257 0.1473081 0.0991746 0.1142613 0.1580034 0.1350152 0.1469466 0.1252783 0.1364356 0.1525363 0.1711239 0.1578782 
Vombatidae_Lasiorhinus_latifrons             0.0369115 0.1308881 0.0000000 0.0793000 0.0771362 0.1350253 0.0643493 0.0678144 0.0916392 0.1168109 0.0719957 0.1235606 0.1299177 0.0623721 0.0558253 0.1199497 0.1471559 0.1181098 0.1125465 0.0845908 0.0622327 0.1787755 0.1632710 0.1254461 0.0769411 0.0642359 0.0583736 0.0875746 0.0579260 0.0938891 0.0752823 0.0599202 0.1104219 0.1379059 0.1156829 
Potoroidae_Bettongia_penicillata             0.0558311 0.1423597 0.0793000 0.0000000 0.0025304 0.1459181 0.0752701 0.0771563 0.0065681 0.1329595 0.0815357 0.1265161 0.1441311 0.0805775 0.0710392 0.1236362 0.1588732 0.1274792 0.1240389 0.0147816 0.0699565 0.1911115 0.1785881 0.1292725 0.0260895 0.0839200 0.0779047 0.0168859 0.0696705 0.0992591 0.0879290 0.0767651 0.1280239 0.1510130 0.1318362 
Potoroidae_Bettongia_lesueur                 0.0549799 0.1446313 0.0771362 0.0025304 0.0000000 0.1517620 0.0737280 0.0750298 0.0065700 0.1342903 0.0852908 0.1313783 0.1464394 0.0790566 0.0710689 0.1284820 0.1670430 0.1280784 0.1227818 0.0144924 0.0698222 0.1907281 0.1763276 0.1362415 0.0265352 0.0853812 0.0772745 0.0159681 0.0696204 0.1022499 0.0897812 0.0758010 0.1275668 0.1581133 0.1332392 
Dasyuridae_Dasyurus_maculatus                0.1159832 0.1648913 0.1350253 0.1459181 0.1517620 0.0000000 0.1296671 0.1301010 0.1426108 0.1595574 0.1112981 0.0161313 0.0238416 0.1301811 0.1309041 0.0135829 0.0072951 0.0160483 0.1571573 0.1392542 0.1317806 0.1771780 0.1903033 0.0131884 0.1449609 0.1085479 0.1152935 0.1599868 0.1355498 0.1411437 0.1268344 0.1247472 0.1598924 0.0033250 0.1589402 
Phalangeridae_Trichosurus_vulpecula          0.0290479 0.1349933 0.0643493 0.0752701 0.0737280 0.1296671 0.0000000 0.0080106 0.0847574 0.1036303 0.0103311 0.0988714 0.1028563 0.0072722 0.0463745 0.1043807 0.1227044 0.0819276 0.1024959 0.0805730 0.0580251 0.1503906 0.1347026 0.0852537 0.0719642 0.0684297 0.0643903 0.0733169 0.0664982 0.0654267 0.0612873 0.0071679 0.1010901 0.1346044 0.1024775 
Phalangeridae_Spilocuscus_maculatus          0.0338971 0.1416451 0.0678144 0.0771563 0.0750298 0.1301010 0.0080106 0.0000000 0.0888994 0.1075601 0.0062300 0.1047053 0.1068857 0.0035326 0.0514736 0.1114051 0.1249923 0.0800214 0.1044377 0.0835170 0.0603049 0.1539450 0.1356390 0.0912410 0.0724034 0.0675088 0.0728438 0.0740483 0.0677998 0.0674709 0.0721207 0.0032475 0.1048843 0.1369697 0.1064079 
Potoroidae_Aepyprymnus_rufescens             0.0633006 0.1296473 0.0916392 0.0065681 0.0065700 0.1426108 0.0847574 0.0888994 0.0000000 0.1438409 0.0711772 0.1190906 0.1549537 0.0891637 0.0823134 0.1161940 0.1510781 0.1189983 0.1336921 0.0115332 0.0752006 0.1949544 0.1844431 0.1200899 0.0294318 0.0795787 0.0629443 0.0198477 0.0790098 0.0995713 0.0758300 0.0843198 0.1412962 0.1443930 0.1416718 
Peramelidae_Perameles_nasuta                 0.0992572 0.1592889 0.1168109 0.1329595 0.1342903 0.1595574 0.1036303 0.1075601 0.1438409 0.0000000 0.1081617 0.1272041 0.1380318 0.1063673 0.1180194 0.1279337 0.1640048 0.1170944 0.0086810 0.1393915 0.1209657 0.1953588 0.1808671 0.1250366 0.1350520 0.1067567 0.1223778 0.1332672 0.1271087 0.1312077 0.1315898 0.1020149 0.0087321 0.1667210 0.0003513 
Phalangeridae_Strigocuscus_pelengensis       0.0346394 0.1253864 0.0719957 0.0815357 0.0852908 0.1112981 0.0103311 0.0062300 0.0711772 0.1081617 0.0000000 0.0740260 0.1030136 0.0055620 0.0605281 0.0808691 0.1024389 0.0545521 0.1079428 0.0639265 0.0652260 0.1484455 0.1365149 0.0640780 0.0818487 0.0552778 0.0524435 0.0827402 0.0762262 0.0674905 0.0491766 0.0050792 0.1063991 0.1144858 0.1074881 
Dasyuridae_Phascogale_tapoatafa              0.0967511 0.1437094 0.1235606 0.1265161 0.1313783 0.0161313 0.0988714 0.1047053 0.1190906 0.1272041 0.0740260 0.0000000 0.0210209 0.0993281 0.1144566 0.0040468 0.0134052 0.0171628 0.1249172 0.1185811 0.1166509 0.1669856 0.1659139 0.0094497 0.1249607 0.0852766 0.0963341 0.1359600 0.1202849 0.1172092 0.1000612 0.0976108 0.1305768 0.0166254 0.1256420 
Dasyuridae_Sminthopsis_macroura              0.1152549 0.1844298 0.1299177 0.1441311 0.1464394 0.0238416 0.1028563 0.1068857 0.1549537 0.1380318 0.1030136 0.0210209 0.0000000 0.1070846 0.1225888 0.0204395 0.0168224 0.0101412 0.1406839 0.1529655 0.1304631 0.1518396 0.1617266 0.0183522 0.1366893 0.1224366 0.1340119 0.1478622 0.1354466 0.1372846 0.1444158 0.1030026 0.1468100 0.0259768 0.1371250 
Phalangeridae_Phalanger_orientalis           0.0317926 0.1387604 0.0623721 0.0805775 0.0790566 0.1301811 0.0072722 0.0035326 0.0891637 0.1063673 0.0055620 0.0993281 0.1070846 0.0000000 0.0515381 0.1059555 0.1246420 0.0777054 0.1042145 0.0828399 0.0591208 0.1538315 0.1356304 0.0856872 0.0721191 0.0682978 0.0692158 0.0769957 0.0692963 0.0627461 0.0662215 0.0009557 0.1009859 0.1341701 0.1051759 
Acrobatidae_Acrobates_pygmaeus               0.0312064 0.1354822 0.0558253 0.0710392 0.0710689 0.1309041 0.0463745 0.0514736 0.0823134 0.1180194 0.0605281 0.1144566 0.1225888 0.0515381 0.0000000 0.1131417 0.1396089 0.1080910 0.1057139 0.0703183 0.0352524 0.1683386 0.1534590 0.1128209 0.0607821 0.0644624 0.0357447 0.0745660 0.0326679 0.0534616 0.0182571 0.0493079 0.1116356 0.1356490 0.1164586 
Dasyuridae_Phascogale_calura                 0.0950141 0.1373464 0.1199497 0.1236362 0.1284820 0.0135829 0.1043807 0.1114051 0.1161940 0.1279337 0.0808691 0.0040468 0.0204395 0.1059555 0.1131417 0.0000000 0.0124538 0.0165893 0.1246191 0.1156748 0.1173325 0.1679826 0.1664299 0.0088387 0.1227594 0.0846933 0.0965459 0.1412200 0.1210526 0.1133117 0.0979941 0.1042038 0.1310968 0.0137253 0.1263781 
Dasyuridae_Sarcophilus_harrisii              0.1318622 0.1802182 0.1471559 0.1588732 0.1670430 0.0072951 0.1227044 0.1249923 0.1510781 0.1640048 0.1024389 0.0134052 0.0168224 0.1246420 0.1396089 0.0124538 0.0000000 0.0123460 0.1625773 0.1516894 0.1441871 0.1653757 0.1720101 0.0102249 0.1528000 0.1235850 0.1298392 0.1704588 0.1472225 0.1433004 0.1380783 0.1192227 0.1690177 0.0078737 0.1624776 
Dasyuridae_Planigale_tenuirostris            0.0945594 0.1409008 0.1181098 0.1274792 0.1280784 0.0160483 0.0819276 0.0800214 0.1189983 0.1170944 0.0545521 0.0171628 0.0101412 0.0777054 0.1080910 0.0165893 0.0123460 0.0000000 0.1211586 0.1136345 0.1102647 0.1495942 0.1521589 0.0131034 0.1214272 0.0810539 0.0918589 0.1325461 0.1160045 0.1022411 0.0982428 0.0730163 0.1256886 0.0185437 0.1155000 
Peramelidae_Echymipera_kalubu                0.0956666 0.1532202 0.1125465 0.1240389 0.1227818 0.1571573 0.1024959 0.1044377 0.1336921 0.0086810 0.1079428 0.1249172 0.1406839 0.1042145 0.1057139 0.1246191 0.1625773 0.1211586 0.0000000 0.1306119 0.1154760 0.1933964 0.1786735 0.1243654 0.1252556 0.0958853 0.1164796 0.1257813 0.1198115 0.1312972 0.1245451 0.0998631 0.0065051 0.1656028 0.0084748 
Macropodidae_Dorcopsulus_vanheurni           0.0583955 0.1349738 0.0845908 0.0147816 0.0144924 0.1392542 0.0805730 0.0835170 0.0115332 0.1393915 0.0639265 0.1185811 0.1529655 0.0828399 0.0703183 0.1156748 0.1516894 0.1136345 0.1306119 0.0000000 0.0758803 0.1952313 0.1830707 0.1203414 0.0269808 0.0784658 0.0584099 0.0089810 0.0786144 0.0949906 0.0704874 0.0796453 0.1342631 0.1395172 0.1367929 
Pseudochiridae_Pseudochirulus_forbesi        0.0367114 0.1391485 0.0622327 0.0699565 0.0698222 0.1317806 0.0580251 0.0603049 0.0752006 0.1209657 0.0652260 0.1166509 0.1304631 0.0591208 0.0352524 0.1173325 0.1441871 0.1102647 0.1154760 0.0758803 0.0000000 0.1774087 0.1562323 0.1159300 0.0683014 0.0721179 0.0166900 0.0716199 0.0064996 0.0434594 0.0405888 0.0555879 0.1187827 0.1389613 0.1183177 
Didelphidae_Didelphis_virginiana             0.1601422 0.2305965 0.1787755 0.1911115 0.1907281 0.1771780 0.1503906 0.1539450 0.1949544 0.1953588 0.1484455 0.1669856 0.1518396 0.1538315 0.1683386 0.1679826 0.1653757 0.1495942 0.1933964 0.1952313 0.1774087 0.0000000 0.0183785 0.1652252 0.1835200 0.1632869 0.1857191 0.1915973 0.1825494 0.1812666 0.1883577 0.1506774 0.1931686 0.1780602 0.1941471 
Marmosidae_Monodelphis_domestica             0.1450786 0.2121797 0.1632710 0.1785881 0.1763276 0.1903033 0.1347026 0.1356390 0.1844431 0.1808671 0.1365149 0.1659139 0.1617266 0.1356304 0.1534590 0.1664299 0.1720101 0.1521589 0.1786735 0.1830707 0.1562323 0.0183785 0.0000000 0.1667329 0.1754123 0.1415287 0.1732875 0.1809670 0.1609067 0.1664279 0.1742513 0.1321236 0.1766276 0.1890392 0.1786654 
Dasyuridae_Antechinus_stuartii               0.1005342 0.1480257 0.1254461 0.1292725 0.1362415 0.0131884 0.0852537 0.0912410 0.1200899 0.1250366 0.0640780 0.0094497 0.0183522 0.0856872 0.1128209 0.0088387 0.0102249 0.0131034 0.1243654 0.1203414 0.1159300 0.1652252 0.1667329 0.0000000 0.1280708 0.0904537 0.0992269 0.1378697 0.1216673 0.1057234 0.1011196 0.0823406 0.1302222 0.0140727 0.1233907 
Hypsiprymnodontidae_Hypsiprymnodon_moschatus 0.0463282 0.1473081 0.0769411 0.0260895 0.0265352 0.1449609 0.0719642 0.0724034 0.0294318 0.1350520 0.0818487 0.1249607 0.1366893 0.0721191 0.0607821 0.1227594 0.1528000 0.1214272 0.1252556 0.0269808 0.0683014 0.1835200 0.1754123 0.1280708 0.0000000 0.0760813 0.0734125 0.0285190 0.0652118 0.1022069 0.0763418 0.0701406 0.1309027 0.1481038 0.1333333 
Microbiotheriidae_Dromiciops_gliroides       0.0426291 0.0991746 0.0642359 0.0839200 0.0853812 0.1085479 0.0684297 0.0675088 0.0795787 0.1067567 0.0552778 0.0852766 0.1224366 0.0682978 0.0644624 0.0846933 0.1235850 0.0810539 0.0958853 0.0784658 0.0721179 0.1632869 0.1415287 0.0904537 0.0760813 0.0000000 0.0460710 0.1012535 0.0686231 0.0928264 0.0617057 0.0668285 0.1020116 0.1136184 0.1050454 
Pseudochiridae_Petauroides_volans            0.0364770 0.1142613 0.0583736 0.0779047 0.0772745 0.1152935 0.0643903 0.0728438 0.0629443 0.1223778 0.0524435 0.0963341 0.1340119 0.0692158 0.0357447 0.0965459 0.1298392 0.0918589 0.1164796 0.0584099 0.0166900 0.1857191 0.1732875 0.0992269 0.0734125 0.0460710 0.0000000 0.0830840 0.0167470 0.0407107 0.0267475 0.0666716 0.1242078 0.1220828 0.1197378 
Macropodidae_Wallabia_bicolor                0.0592760 0.1580034 0.0875746 0.0168859 0.0159681 0.1599868 0.0733169 0.0740483 0.0198477 0.1332672 0.0827402 0.1359600 0.1478622 0.0769957 0.0745660 0.1412200 0.1704588 0.1325461 0.1257813 0.0089810 0.0716199 0.1915973 0.1809670 0.1378697 0.0285190 0.1012535 0.0830840 0.0000000 0.0754558 0.1060652 0.0959159 0.0737395 0.1310699 0.1634973 0.1299524 
Pseudochiridae_Pseudocheirus_occidentalis    0.0361507 0.1350152 0.0579260 0.0696705 0.0696204 0.1355498 0.0664982 0.0677998 0.0790098 0.1271087 0.0762262 0.1202849 0.1354466 0.0692963 0.0326679 0.1210526 0.1472225 0.1160045 0.1198115 0.0786144 0.0064996 0.1825494 0.1609067 0.1216673 0.0652118 0.0686231 0.0167470 0.0754558 0.0000000 0.0460745 0.0441487 0.0656762 0.1243182 0.1426434 0.1244893 
Tarsipedidae_Tarsipes_rostratus              0.0641247 0.1469466 0.0938891 0.0992591 0.1022499 0.1411437 0.0654267 0.0674709 0.0995713 0.1312077 0.0674905 0.1172092 0.1372846 0.0627461 0.0534616 0.1133117 0.1433004 0.1022411 0.1312972 0.0949906 0.0434594 0.1812666 0.1664279 0.1057234 0.1022069 0.0928264 0.0407107 0.1060652 0.0460745 0.0000000 0.0595204 0.0605334 0.1341163 0.1501600 0.1300174 
Acrobatidae_Distoechurus_pennatus            0.0467587 0.1252783 0.0752823 0.0879290 0.0897812 0.1268344 0.0612873 0.0721207 0.0758300 0.1315898 0.0491766 0.1000612 0.1444158 0.0662215 0.0182571 0.0979941 0.1380783 0.0982428 0.1245451 0.0704874 0.0405888 0.1883577 0.1742513 0.1011196 0.0763418 0.0617057 0.0267475 0.0959159 0.0441487 0.0595204 0.0000000 0.0636798 0.1287318 0.1315415 0.1300243 
Phalangeridae_Phalanger_carmelitae           0.0312123 0.1364356 0.0599202 0.0767651 0.0758010 0.1247472 0.0071679 0.0032475 0.0843198 0.1020149 0.0050792 0.0976108 0.1030026 0.0009557 0.0493079 0.1042038 0.1192227 0.0730163 0.0998631 0.0796453 0.0555879 0.1506774 0.1321236 0.0823406 0.0701406 0.0668285 0.0666716 0.0737395 0.0656762 0.0605334 0.0636798 0.0000000 0.0970424 0.1297241 0.1003741 
Peramelidae_Peroryctes_raffrayana            0.0959391 0.1525363 0.1104219 0.1280239 0.1275668 0.1598924 0.1010901 0.1048843 0.1412962 0.0087321 0.1063991 0.1305768 0.1468100 0.1009859 0.1116356 0.1310968 0.1690177 0.1256886 0.0065051 0.1342631 0.1187827 0.1931686 0.1766276 0.1302222 0.1309027 0.1020116 0.1242078 0.1310699 0.1243182 0.1341163 0.1287318 0.0970424 0.0000000 0.1654864 0.0086196 
Dasyuridae_Dasyurus_geffroii                 0.1227640 0.1711239 0.1379059 0.1510130 0.1581133 0.0033250 0.1346044 0.1369697 0.1443930 0.1667210 0.1144858 0.0166254 0.0259768 0.1341701 0.1356490 0.0137253 0.0078737 0.0185437 0.1656028 0.1395172 0.1389613 0.1780602 0.1890392 0.0140727 0.1481038 0.1136184 0.1220828 0.1634973 0.1426434 0.1501600 0.1315415 0.1297241 0.1654864 0.0000000 0.1661089 
Peramelidae_Perameles_gunnii                 0.0965582 0.1578782 0.1156829 0.1318362 0.1332392 0.1589402 0.1024775 0.1064079 0.1416718 0.0003513 0.1074881 0.1256420 0.1371250 0.1051759 0.1164586 0.1263781 0.1624776 0.1155000 0.0084748 0.1367929 0.1183177 0.1941471 0.1786654 0.1233907 0.1333333 0.1050454 0.1197378 0.1299524 0.1244893 0.1300174 0.1300243 0.1003741 0.0086196 0.1661089 0.0000000 
