37
Burramyidae_Burramys_parvus                  0.0000000 0.0861363 0.0702356 0.0711802 0.0748686 0.1087882 0.0558214 0.0615373 0.0743081 0.0959574 0.1124267 0.0576436 0.1147542 0.1075154 0.0581125 0.0697718 0.1148004 0.1110027 0.0881000 0.0880000 0.0770112 0.0648192 0.1076163 0.0679106 0.0864229 0.0666088 0.0786911 0.0652422 0.0683669 0.1124267 0.0563722 0.1026015 0.1148737 0.0951841 0.0651251 0.0615933 0.0608406 
Notoryctidae_Notoryctes_typhlops             0.0861363 0.0000000 0.0916985 0.0940782 0.0990151 0.1186442 0.0797072 0.0844330 0.0938577 0.1026900 0.1566412 0.0784686 0.1254061 0.1165343 0.0826942 0.0909734 0.1246098 0.1205927 0.0997564 0.0998693 0.0948702 0.0896080 0.1169682 0.0899621 0.0962204 0.0904051 0.0975970 0.0894303 0.0924760 0.1566412 0.0814407 0.1102377 0.1257174 0.1016954 0.0723302 0.0710491 0.0796920 
Vombatidae_Lasiorhinus_latifrons             0.0702356 0.0916985 0.0000000 0.0779055 0.0798279 0.1059038 0.0613245 0.0673423 0.0792914 0.1066028 0.1331082 0.0631494 0.1141146 0.1103725 0.0648278 0.0768090 0.1141600 0.1057281 0.0909589 0.1011788 0.0821748 0.0691648 0.1068393 0.0758527 0.0892712 0.0710445 0.0809954 0.0730248 0.0748994 0.1331082 0.0627695 0.1090761 0.1121601 0.1057907 0.0645465 0.0631117 0.0643994 
Potoroidae_Bettongia_penicillata             0.0711802 0.0940782 0.0779055 0.0000000 0.0056767 0.1125114 0.0657428 0.0708550 0.0170239 0.1062759 0.1231439 0.0683862 0.1184885 0.1153278 0.0698180 0.0739644 0.1185332 0.1136771 0.0902880 0.1051560 0.0287761 0.0767015 0.1119221 0.0479673 0.0937197 0.0773411 0.0258403 0.0749542 0.0704143 0.1231439 0.0664542 0.1220354 0.1190252 0.1052031 0.0715619 0.0714055 0.0659781 
Potoroidae_Bettongia_lesueur                 0.0748686 0.0990151 0.0798279 0.0056767 0.0000000 0.1158854 0.0688814 0.0729179 0.0193655 0.1098623 0.1206613 0.0718201 0.1225368 0.1192391 0.0726857 0.0768976 0.1225803 0.1170739 0.0934860 0.1075504 0.0321278 0.0808076 0.1158807 0.0503420 0.0992305 0.0806030 0.0276546 0.0797177 0.0726478 0.1206613 0.0696334 0.1238265 0.1225931 0.1087505 0.0736960 0.0739420 0.0674661 
Dasyuridae_Dasyurus_maculatus                0.1087882 0.1186442 0.1059038 0.1125114 0.1158854 0.0000000 0.1010720 0.1054286 0.1103605 0.1330343 0.0563582 0.0988372 0.0297318 0.0340450 0.1014219 0.1105137 0.0290349 0.0093325 0.0217507 0.1275218 0.1149530 0.1090840 0.0216013 0.1079179 0.1171210 0.1095410 0.1092587 0.1067346 0.1103672 0.0563582 0.0980305 0.1384845 0.0098594 0.1312088 0.0842774 0.0859404 0.0825252 
Phalangeridae_Trichosurus_vulpecula          0.0558214 0.0797072 0.0613245 0.0657428 0.0688814 0.1010720 0.0000000 0.0209894 0.0687736 0.0940964 0.1178989 0.0205015 0.1052507 0.1019022 0.0199641 0.0583364 0.1043081 0.1037248 0.0809711 0.0870673 0.0715612 0.0586149 0.0993374 0.0618916 0.0782152 0.0583697 0.0709004 0.0582851 0.0575807 0.1178989 0.0189345 0.1009898 0.1063075 0.0934372 0.0617126 0.0632484 0.0579445 
Phalangeridae_Spilocuscus_maculatus          0.0615373 0.0844330 0.0673423 0.0708550 0.0729179 0.1054286 0.0209894 0.0000000 0.0730265 0.0978464 0.1352972 0.0111147 0.1069592 0.1064590 0.0098892 0.0617299 0.1070070 0.1062973 0.0821358 0.0924048 0.0747095 0.0626483 0.1046213 0.0659098 0.0849418 0.0615240 0.0746353 0.0631957 0.0609540 0.1352972 0.0091613 0.1047559 0.1108805 0.0972134 0.0616499 0.0630538 0.0594267 
Potoroidae_Aepyprymnus_rufescens             0.0743081 0.0938577 0.0792914 0.0170239 0.0193655 0.1103605 0.0687736 0.0730265 0.0000000 0.1074548 0.1230488 0.0698927 0.1202654 0.1129265 0.0717481 0.0759900 0.1203093 0.1118192 0.0898142 0.1036471 0.0302410 0.0765554 0.1122404 0.0493754 0.0958851 0.0759631 0.0259599 0.0748172 0.0718556 0.1230488 0.0681089 0.1209797 0.1166583 0.1063707 0.0703793 0.0695271 0.0651721 
Peramelidae_Perameles_nasuta                 0.0959574 0.1026900 0.1066028 0.1062759 0.1098623 0.1330343 0.0940964 0.0978464 0.1074548 0.0000000 0.1225088 0.0908782 0.1345307 0.1308925 0.0963633 0.1038235 0.1351587 0.1323683 0.1068679 0.0298087 0.1145304 0.1039873 0.1297349 0.1052689 0.1089785 0.1067104 0.1133346 0.1019053 0.1035623 0.1225088 0.0935372 0.0403205 0.1412471 0.0008981 0.0760022 0.0768884 0.0741062 
Myrmecobiidae_Myrmecobius_fasciatus1         0.1124267 0.1566412 0.1331082 0.1231439 0.1206613 0.0563582 0.1178989 0.1352972 0.1230488 0.1225088 0.0000000 0.1311668 0.0512439 0.0450379 0.1244996 0.1598548 0.0488196 0.0521412 0.0456121 0.1282594 0.1313728 0.1124350 0.0445992 0.1252840 0.1148004 0.1286562 0.1263664 0.1306014 0.1399590 0.0000010 0.1230107 0.1269576 0.0552560 0.1184188 9.0000000 9.0000000 9.0000000 
Phalangeridae_Strigocuscus_pelengensis       0.0576436 0.0784686 0.0631494 0.0683862 0.0718201 0.0988372 0.0205015 0.0111147 0.0698927 0.0908782 0.1311668 0.0000000 0.1027228 0.0996334 0.0087696 0.0589245 0.1027745 0.1013043 0.0765906 0.0847357 0.0725550 0.0589585 0.1015669 0.0643488 0.0834010 0.0585416 0.0714056 0.0594904 0.0588557 0.1311668 0.0074066 0.0965662 0.1049761 0.0899341 0.0602934 0.0606531 0.0607615 
Dasyuridae_Phascogale_tapoatafa              0.1147542 0.1254061 0.1141146 0.1184885 0.1225368 0.0297318 0.1052507 0.1069592 0.1202654 0.1345307 0.0512439 0.1027228 0.0000000 0.0380710 0.1033556 0.1154304 0.0029675 0.0308365 0.0274707 0.1307760 0.1252982 0.1115027 0.0154832 0.1157803 0.1229177 0.1154946 0.1163335 0.1150925 0.1134612 0.0512439 0.1008805 0.1435107 0.0329425 0.1331156 0.0834209 0.0862512 0.0862533 
Dasyuridae_Sminthopsis_macroura              0.1075154 0.1165343 0.1103725 0.1153278 0.1192391 0.0340450 0.1019022 0.1064590 0.1129265 0.1308925 0.0450379 0.0996334 0.0380710 0.0000000 0.1023753 0.1114464 0.0377459 0.0338837 0.0219257 0.1275348 0.1196514 0.1088138 0.0333898 0.1112246 0.1212153 0.1118100 0.1152159 0.1091174 0.1086244 0.0450379 0.0991204 0.1392210 0.0372662 0.1290909 0.0865719 0.0881461 0.0813179 
Phalangeridae_Phalanger_orientalis           0.0581125 0.0826942 0.0648278 0.0698180 0.0726857 0.1014219 0.0199641 0.0098892 0.0717481 0.0963633 0.1244996 0.0087696 0.1033556 0.1023753 0.0000000 0.0602217 0.1044242 0.1032772 0.0804260 0.0906297 0.0737454 0.0593018 0.1015272 0.0636693 0.0840467 0.0592910 0.0721116 0.0604167 0.0599389 0.1244996 0.0039224 0.1042786 0.1074481 0.0956602 0.0618621 0.0628965 0.0583695 
Acrobatidae_Acrobates_pygmaeus               0.0697718 0.0909734 0.0768090 0.0739644 0.0768976 0.1105137 0.0583364 0.0617299 0.0759900 0.1038235 0.1598548 0.0589245 0.1154304 0.1114464 0.0602217 0.0000000 0.1154763 0.1111942 0.0914895 0.0994275 0.0782855 0.0537749 0.1108637 0.0746396 0.0907317 0.0543740 0.0796986 0.0514001 0.0297476 0.1598548 0.0594996 0.1109323 0.1186929 0.1035491 0.0663363 0.0674629 0.0539462 
Dasyuridae_Phascogale_calura                 0.1148004 0.1246098 0.1141600 0.1185332 0.1225803 0.0290349 0.1043081 0.1070070 0.1203093 0.1351587 0.0488196 0.1027745 0.0029675 0.0377459 0.1044242 0.1154763 0.0000000 0.0301344 0.0274996 0.1319010 0.1253418 0.1115486 0.0154963 0.1164794 0.1236388 0.1155403 0.1163787 0.1139825 0.1135073 0.0488196 0.1009292 0.1433623 0.0322187 0.1337372 0.0838070 0.0874786 0.0874963 
Dasyuridae_Sarcophilus_harrisii              0.1110027 0.1205927 0.1057281 0.1136771 0.1170739 0.0093325 0.1037248 0.1062973 0.1118192 0.1323683 0.0521412 0.1013043 0.0308365 0.0338837 0.1032772 0.1111942 0.0301344 0.0000000 0.0226874 0.1266402 0.1179991 0.1075507 0.0239743 0.1103489 0.1181207 0.1113041 0.1109417 0.1088550 0.1119083 0.0521412 0.0998412 0.1377666 0.0115053 0.1305539 0.0840013 0.0852518 0.0835350 
Dasyuridae_Planigale_tenuirostris            0.0881000 0.0997564 0.0909589 0.0902880 0.0934860 0.0217507 0.0809711 0.0821358 0.0898142 0.1068679 0.0456121 0.0765906 0.0274707 0.0219257 0.0804260 0.0914895 0.0274996 0.0226874 0.0000000 0.1089397 0.0979255 0.0887424 0.0214356 0.0886264 0.0902014 0.0907597 0.0902816 0.0900989 0.0886075 0.0456121 0.0766644 0.1204482 0.0253573 0.1055422 0.0537307 0.0557426 0.0567723 
Peramelidae_Echymipera_kalubu                0.0880000 0.0998693 0.1011788 0.1051560 0.1075504 0.1275218 0.0870673 0.0924048 0.1036471 0.0298087 0.1282594 0.0847357 0.1307760 0.1275348 0.0906297 0.0994275 0.1319010 0.1266402 0.1089397 0.0000000 0.1088665 0.0936714 0.1256573 0.1026372 0.1072797 0.0976030 0.1092529 0.0943986 0.0972261 0.1282594 0.0875101 0.0324822 0.1350111 0.0295641 0.0805137 0.0767004 0.0747219 
Macropodidae_Dorcopsulus_vanheurni           0.0770112 0.0948702 0.0821748 0.0287761 0.0321278 0.1149530 0.0715612 0.0747095 0.0302410 0.1145304 0.1313728 0.0725550 0.1252982 0.1196514 0.0737454 0.0782855 0.1253418 0.1179991 0.0979255 0.1088665 0.0000000 0.0810808 0.1196109 0.0501853 0.0989204 0.0805751 0.0233296 0.0813504 0.0736618 0.1313728 0.0719849 0.1233826 0.1228683 0.1134819 0.0699655 0.0701907 0.0703986 
Pseudochiridae_Pseudochirulus_forbesi        0.0648192 0.0896080 0.0691648 0.0767015 0.0808076 0.1090840 0.0586149 0.0626483 0.0765554 0.1039873 0.1124350 0.0589585 0.1115027 0.1088138 0.0593018 0.0537749 0.1115486 0.1075507 0.0887424 0.0936714 0.0810808 0.0000000 0.1069694 0.0698923 0.0854670 0.0328213 0.0804320 0.0219146 0.0553217 0.1124350 0.0587060 0.1106436 0.1168732 0.1021864 0.0665351 0.0673637 0.0479969 
Dasyuridae_Antechinus_stuartii               0.1076163 0.1169682 0.1068393 0.1119221 0.1158807 0.0216013 0.0993374 0.1046213 0.1122404 0.1297349 0.0445992 0.1015669 0.0154832 0.0333898 0.1015272 0.1108637 0.0154963 0.0239743 0.0214356 0.1256573 0.1196109 0.1069694 0.0000000 0.1060621 0.1153057 0.1096031 0.1101761 0.1089153 0.1109119 0.0445992 0.0976378 0.1371445 0.0258848 0.1285806 0.0820321 0.0847898 0.0811771 
Hypsiprymnodontidae_Hypsiprymnodon_moschatus 0.0679106 0.0899621 0.0758527 0.0479673 0.0503420 0.1079179 0.0618916 0.0659098 0.0493754 0.1052689 0.1252840 0.0643488 0.1157803 0.1112246 0.0636693 0.0746396 0.1164794 0.1103489 0.0886264 0.1026372 0.0501853 0.0698923 0.1060621 0.0000000 0.0925048 0.0669732 0.0530496 0.0706463 0.0707675 0.1252840 0.0620833 0.1182715 0.1165032 0.1043059 0.0698896 0.0702013 0.0640879 
Microbiotheriidae_Dromiciops_gliroides       0.0864229 0.0962204 0.0892712 0.0937197 0.0992305 0.1171210 0.0782152 0.0849418 0.0958851 0.1089785 0.1148004 0.0834010 0.1229177 0.1212153 0.0840467 0.0907317 0.1236388 0.1181207 0.0902014 0.1072797 0.0989204 0.0854670 0.1153057 0.0925048 0.0000000 0.0862910 0.1002790 0.0863392 0.0896124 0.1148004 0.0828394 0.1164378 0.1221211 0.1073102 0.0662527 0.0692770 0.0709659 
Pseudochiridae_Petauroides_volans            0.0666088 0.0904051 0.0710445 0.0773411 0.0806030 0.1095410 0.0583697 0.0615240 0.0759631 0.1067104 0.1286562 0.0585416 0.1154946 0.1118100 0.0592910 0.0543740 0.1155403 0.1113041 0.0907597 0.0976030 0.0805751 0.0328213 0.1096031 0.0669732 0.0862910 0.0000000 0.0823966 0.0298148 0.0551396 0.1286562 0.0585505 0.1126288 0.1170732 0.1055104 0.0684950 0.0680706 0.0469400 
Macropodidae_Wallabia_bicolor                0.0786911 0.0975970 0.0809954 0.0258403 0.0276546 0.1092587 0.0709004 0.0746353 0.0259599 0.1133346 0.1263664 0.0714056 0.1163335 0.1152159 0.0721116 0.0796986 0.1163787 0.1109417 0.0902816 0.1092529 0.0233296 0.0804320 0.1101761 0.0530496 0.1002790 0.0823966 0.0000000 0.0801205 0.0729876 0.1263664 0.0703693 0.1226146 0.1159635 0.1122409 0.0756517 0.0739281 0.0711369 
Pseudochiridae_Pseudocheirus_occidentalis    0.0652422 0.0894303 0.0730248 0.0749542 0.0797177 0.1067346 0.0582851 0.0631957 0.0748172 0.1019053 0.1306014 0.0594904 0.1150925 0.1091174 0.0604167 0.0514001 0.1139825 0.1088550 0.0900989 0.0943986 0.0813504 0.0219146 0.1089153 0.0706463 0.0863392 0.0298148 0.0801205 0.0000000 0.0529652 0.1306014 0.0595510 0.1069241 0.1164295 0.1011079 0.0648658 0.0672252 0.0472981 
Acrobatidae_Distoechurus_pennatus            0.0683669 0.0924760 0.0748994 0.0704143 0.0726478 0.1103672 0.0575807 0.0609540 0.0718556 0.1035623 0.1399590 0.0588557 0.1134612 0.1086244 0.0599389 0.0297476 0.1135073 0.1119083 0.0886075 0.0972261 0.0736618 0.0553217 0.1109119 0.0707675 0.0896124 0.0551396 0.0729876 0.0529652 0.0000000 0.1399590 0.0577541 0.1108891 0.1181173 0.1032997 0.0684466 0.0678281 0.0559538 
Myrmecobiidae_Myrmecobius_fasciatus2         0.1124267 0.1566412 0.1331082 0.1231439 0.1206613 0.0563582 0.1178989 0.1352972 0.1230488 0.1225088 0.0000010 0.1311668 0.0512439 0.0450379 0.1244996 0.1598548 0.0488196 0.0521412 0.0456121 0.1282594 0.1313728 0.1124350 0.0445992 0.1252840 0.1148004 0.1286562 0.1263664 0.1306014 0.1399590 0.0000000 0.1230107 0.1269576 0.0552560 0.1184188 9.0000000 9.0000000 9.0000000 
Phalangeridae_Phalanger_carmelitae           0.0563722 0.0814407 0.0627695 0.0664542 0.0696334 0.0980305 0.0189345 0.0091613 0.0681089 0.0935372 0.1230107 0.0074066 0.1008805 0.0991204 0.0039224 0.0594996 0.1009292 0.0998412 0.0766644 0.0875101 0.0719849 0.0587060 0.0976378 0.0620833 0.0828394 0.0585505 0.0703693 0.0595510 0.0577541 0.1230107 0.0000000 0.1013429 0.1038714 0.0928767 0.0612837 0.0619334 0.0581961 
Peramelidae_Peroryctes_raffrayana            0.1026015 0.1102377 0.1090761 0.1220354 0.1238265 0.1384845 0.1009898 0.1047559 0.1209797 0.0403205 0.1269576 0.0965662 0.1435107 0.1392210 0.1042786 0.1109323 0.1433623 0.1377666 0.1204482 0.0324822 0.1233826 0.1106436 0.1371445 0.1182715 0.1164378 0.1126288 0.1226146 0.1069241 0.1108891 0.1269576 0.1013429 0.0000000 0.1465030 0.0391564 0.0979124 0.0918259 0.0859909 
Dasyuridae_Dasyurus_geffroii                 0.1148737 0.1257174 0.1121601 0.1190252 0.1225931 0.0098594 0.1063075 0.1108805 0.1166583 0.1412471 0.0552560 0.1049761 0.0329425 0.0372662 0.1074481 0.1186929 0.0322187 0.0115053 0.0253573 0.1350111 0.1228683 0.1168732 0.0258848 0.1165032 0.1221211 0.1170732 0.1159635 0.1164295 0.1181173 0.0552560 0.1038714 0.1465030 0.0000000 0.1393291 0.0879549 0.0897598 0.0865497 
Peramelidae_Perameles_gunnii                 0.0951841 0.1016954 0.1057907 0.1052031 0.1087505 0.1312088 0.0934372 0.0972134 0.1063707 0.0008981 0.1184188 0.0899341 0.1331156 0.1290909 0.0956602 0.1035491 0.1337372 0.1305539 0.1055422 0.0295641 0.1134819 0.1021864 0.1285806 0.1043059 0.1073102 0.1055104 0.1122409 0.1011079 0.1032997 0.1184188 0.0928767 0.0391564 0.1393291 0.0000000 0.0765331 0.0764816 0.0737809 
Didelphidae_Didelphis_virginiana             0.0651251 0.0723302 0.0645465 0.0715619 0.0736960 0.0842774 0.0617126 0.0616499 0.0703793 0.0760022 9.0000000 0.0602934 0.0834209 0.0865719 0.0618621 0.0663363 0.0838070 0.0840013 0.0537307 0.0805137 0.0699655 0.0665351 0.0820321 0.0698896 0.0662527 0.0684950 0.0756517 0.0648658 0.0684466 9.0000000 0.0612837 0.0979124 0.0879549 0.0765331 0.0000000 0.0284221 0.0839074 
Marmosidae_Monodelphis_domestica             0.0615933 0.0710491 0.0631117 0.0714055 0.0739420 0.0859404 0.0632484 0.0630538 0.0695271 0.0768884 9.0000000 0.0606531 0.0862512 0.0881461 0.0628965 0.0674629 0.0874786 0.0852518 0.0557426 0.0767004 0.0701907 0.0673637 0.0847898 0.0702013 0.0692770 0.0680706 0.0739281 0.0672252 0.0678281 9.0000000 0.0619334 0.0918259 0.0897598 0.0764816 0.0284221 0.0000000 0.0803563 
Tarsipedidae_Tarsipes_rostratus              0.0608406 0.0796920 0.0643994 0.0659781 0.0674661 0.0825252 0.0579445 0.0594267 0.0651721 0.0741062 9.0000000 0.0607615 0.0862533 0.0813179 0.0583695 0.0539462 0.0874963 0.0835350 0.0567723 0.0747219 0.0703986 0.0479969 0.0811771 0.0640879 0.0709659 0.0469400 0.0711369 0.0472981 0.0559538 9.0000000 0.0581961 0.0859909 0.0865497 0.0737809 0.0839074 0.0803563 0.0000000 
