200
I0185_86_Accipitridae_Buteo_jamaicensis                   0.0000000 0.0465701 0.0455835 0.0430043 0.0552781 0.0450128 0.0629220 0.0388862 0.0414940 0.0667304 0.0678275 0.0350863 0.0543586 0.0512323 0.0538174 0.0531453 0.0435628 0.0216976 0.0583307 0.0277668 0.0546202 0.0332155 0.0557665 0.0298433 0.0305305 0.0256336 0.0421515 0.0313926 0.0695698 0.0626448 0.0671761 0.0299097 0.0528938 0.0563448 0.0552047 0.0569561 0.0400213 0.0649761 0.0539824 0.0598865 0.0559350 0.0692133 0.0566838 0.0515331 0.1018367 0.0774103 0.0855001 0.0607822 0.0708342 0.0483143 0.0493232 0.0352649 0.0534480 0.0550133 0.0288540 0.0432572 0.0529193 0.0563933 0.0407707 0.0377728 0.0332437 0.0471828 0.0498786 0.0329642 0.0322549 0.0721692 0.0506827 0.0638118 0.0488185 0.0306133 0.0354618 0.0647199 0.0628181 0.0375594 0.0637077 0.0592266 0.0550247 0.0533084 0.0367505 0.0331702 0.0531517 0.0598663 0.0331147 0.0090108 0.0334981 0.0414890 0.0404500 0.0488056 0.0465958 0.0275755 0.0229698 0.0586661 0.0694576 0.0541054 0.0410226 0.0345239 0.0259487 0.0546942 0.0406908 0.0589740 0.0630757 0.0252254 0.0687238 0.0312942 0.0239463 0.0270364 0.0457530 0.0487499 0.0568602 0.0486676 0.0343359 0.0310732 0.0356224 0.0432160 0.0677285 0.0349312 0.0492805 0.0653677 0.0313505 0.0252312 0.0581916 0.0490891 0.0323733 0.0551827 0.0589192 0.0607382 0.0418170 0.0283170 0.0204590 0.0275735 0.0549369 0.0431055 0.0383621 0.0583150 0.0294307 0.0758208 0.0352220 0.0371494 0.0266323 0.0427166 0.0666298 0.0616734 0.0368448 0.0596409 0.0351889 0.0500854 0.0381664 0.0264726 0.0306797 0.0267127 0.0480415 0.0342227 0.0691997 0.0522885 0.0395797 0.0271460 0.0520427 0.0642100 0.0469608 0.0529964 0.0246987 0.0304544 0.0308475 0.0334137 0.0301411 0.0348793 0.0467411 0.0489589 0.0480354 0.0602081 0.0429643 0.0497488 0.0552985 0.0573318 0.0396601 0.0912649 0.0309286 0.0416886 0.0325983 0.0588969 0.0516045 0.0629925 0.0280685 0.0192274 0.0265755 0.0332166 0.0625055 0.0298232 0.0643920 0.0606119 0.0539789 0.0524159 0.1297611 0.1281277 0.0512659 0.0656103 0.0622132 0.0480360 0.0421565 0.0581879 
I0186_111_Momotidae_Momotus_lessonii                      0.0465701 0.0000000 0.0557503 0.0564789 0.0676850 0.0542167 0.0701306 0.0487141 0.0547693 0.0586857 0.0721646 0.0470626 0.0658527 0.0600232 0.0531105 0.0648916 0.0533978 0.0377890 0.0672891 0.0424859 0.0645933 0.0478282 0.0664458 0.0446863 0.0458682 0.0419708 0.0567730 0.0459100 0.0764550 0.0734385 0.0758544 0.0462796 0.0639085 0.0667445 0.0647783 0.0670991 0.0533793 0.0765516 0.0645284 0.0719744 0.0672840 0.0813777 0.0682242 0.0627298 0.1098781 0.0873955 0.0945245 0.0705418 0.0797537 0.0440909 0.0605157 0.0513001 0.0646838 0.0661737 0.0430484 0.0580797 0.0631565 0.0661447 0.0544673 0.0532445 0.0476419 0.0593449 0.0626755 0.0489848 0.0469164 0.0839841 0.0624797 0.0739475 0.0608503 0.0465060 0.0513394 0.0738511 0.0734061 0.0522033 0.0695272 0.0736120 0.0658328 0.0643563 0.0490082 0.0489189 0.0638740 0.0660467 0.0442586 0.0464850 0.0481580 0.0571739 0.0387264 0.0591098 0.0573193 0.0436162 0.0392419 0.0692231 0.0815761 0.0651980 0.0559509 0.0493041 0.0422136 0.0666756 0.0449478 0.0700201 0.0702663 0.0405245 0.0779921 0.0463121 0.0435253 0.0434783 0.0570788 0.0519347 0.0681292 0.0601594 0.0465355 0.0447352 0.0493525 0.0589741 0.0801433 0.0493572 0.0628633 0.0785419 0.0468486 0.0417925 0.0685243 0.0629521 0.0468140 0.0645544 0.0701664 0.0742989 0.0564178 0.0438661 0.0467227 0.0430765 0.0658943 0.0578388 0.0540828 0.0730432 0.0455137 0.0858738 0.0491301 0.0515816 0.0422122 0.0572775 0.0705886 0.0733934 0.0504782 0.0687777 0.0502354 0.0620639 0.0517144 0.0425944 0.0465039 0.0428032 0.0603632 0.0484673 0.0807940 0.0615791 0.0517373 0.0429889 0.0616958 0.0793651 0.0605954 0.0638964 0.0406365 0.0450160 0.0465477 0.0469308 0.0457921 0.0491394 0.0593868 0.0619277 0.0610944 0.0720107 0.0531930 0.0615099 0.0654605 0.0666852 0.0509558 0.1011429 0.0471774 0.0543587 0.0476086 0.0686292 0.0633362 0.0756078 0.0433132 0.0436968 0.0422930 0.0469683 0.0777034 0.0454952 0.0736109 0.0718307 0.0658782 0.0641094 0.1439470 0.1404070 0.0637110 0.0757933 0.0734725 0.0601553 0.0512392 0.0662381 
I0187_115_Trogonidae_Trogon_elegans                       0.0455835 0.0557503 0.0000000 0.0562175 0.0668520 0.0190050 0.0740817 0.0521033 0.0544775 0.0735763 0.0763613 0.0491405 0.0670705 0.0612149 0.0624602 0.0655447 0.0556960 0.0381775 0.0689735 0.0420531 0.0665688 0.0477007 0.0670798 0.0437991 0.0458735 0.0420941 0.0562453 0.0467411 0.0800749 0.0739639 0.0778371 0.0461824 0.0655699 0.0673564 0.0672720 0.0682129 0.0547028 0.0784240 0.0655775 0.0726978 0.0676076 0.0814709 0.0688957 0.0631102 0.1114388 0.0881074 0.0970101 0.0731248 0.0800964 0.0563753 0.0633036 0.0510691 0.0661734 0.0669078 0.0425642 0.0580217 0.0646767 0.0676192 0.0545170 0.0534406 0.0469796 0.0619837 0.0635535 0.0479502 0.0454239 0.0848059 0.0630289 0.0749687 0.0622644 0.0455512 0.0510332 0.0754332 0.0746596 0.0527464 0.0741917 0.0738167 0.0666664 0.0657032 0.0498401 0.0483066 0.0649771 0.0694638 0.0465341 0.0453900 0.0472156 0.0567354 0.0516353 0.0603591 0.0579920 0.0435914 0.0397231 0.0710152 0.0817926 0.0654796 0.0568857 0.0504664 0.0411929 0.0667585 0.0527374 0.0707224 0.0734032 0.0415567 0.0796643 0.0461455 0.0427153 0.0431820 0.0577423 0.0576823 0.0680745 0.0606101 0.0479919 0.0457480 0.0497739 0.0597733 0.0805366 0.0486053 0.0649966 0.0791362 0.0476350 0.0412056 0.0696348 0.0625696 0.0470285 0.0659772 0.0707156 0.0747688 0.0573087 0.0432976 0.0476381 0.0429241 0.0664111 0.0579094 0.0536362 0.0723032 0.0439764 0.0863734 0.0495991 0.0517478 0.0421929 0.0564890 0.0766301 0.0739217 0.0516795 0.0705572 0.0499430 0.0621231 0.0516844 0.0420526 0.0463047 0.0416867 0.0593240 0.0492112 0.0811327 0.0647821 0.0526486 0.0433769 0.0643734 0.0782517 0.0608007 0.0651749 0.0405297 0.0455374 0.0462153 0.0468789 0.0455821 0.0498933 0.0611902 0.0632279 0.0594186 0.0727517 0.0554977 0.0600701 0.0670721 0.0688358 0.0518662 0.1023702 0.0468606 0.0559085 0.0461018 0.0698355 0.0639672 0.0761459 0.0435555 0.0432368 0.0418327 0.0477505 0.0781622 0.0451830 0.0768288 0.0739537 0.0673065 0.0650165 0.1424493 0.1421777 0.0640903 0.0786471 0.0749491 0.0612419 0.0523435 0.0716184 
I0188_135_Apodidae_Streptoprocne_zonaris                  0.0430043 0.0564789 0.0562175 0.0000000 0.0654189 0.0560990 0.0721044 0.0489619 0.0505020 0.0729880 0.0734114 0.0461269 0.0634911 0.0597504 0.0610427 0.0631146 0.0505705 0.0352967 0.0688190 0.0386644 0.0651709 0.0439980 0.0650418 0.0418454 0.0418043 0.0379973 0.0524205 0.0420514 0.0788406 0.0717957 0.0755886 0.0423416 0.0629053 0.0656524 0.0516548 0.0522871 0.0503700 0.0755069 0.0629082 0.0697940 0.0667606 0.0800028 0.0665362 0.0613749 0.1091179 0.0857696 0.0931536 0.0697551 0.0784671 0.0580579 0.0567005 0.0482883 0.0638371 0.0648005 0.0392612 0.0533234 0.0635738 0.0640097 0.0499490 0.0475935 0.0436444 0.0601985 0.0231710 0.0450355 0.0417312 0.0825552 0.0615730 0.0744130 0.0602142 0.0423453 0.0451954 0.0737509 0.0734044 0.0470151 0.0711775 0.0682413 0.0649108 0.0640834 0.0455704 0.0452258 0.0632110 0.0671970 0.0428030 0.0425454 0.0440494 0.0520557 0.0506255 0.0592757 0.0545261 0.0386713 0.0370756 0.0544769 0.0786945 0.0618296 0.0522707 0.0469363 0.0373408 0.0660117 0.0505338 0.0692536 0.0719569 0.0375371 0.0782290 0.0423529 0.0404219 0.0387818 0.0554430 0.0564701 0.0618185 0.0576040 0.0445962 0.0423246 0.0463511 0.0546304 0.0773809 0.0457968 0.0600391 0.0761659 0.0431646 0.0370125 0.0666109 0.0581374 0.0441508 0.0634555 0.0687304 0.0697573 0.0524108 0.0398205 0.0428301 0.0389087 0.0636965 0.0213823 0.0489561 0.0672159 0.0405972 0.0848951 0.0451464 0.0417656 0.0380725 0.0517056 0.0723494 0.0701748 0.0457557 0.0677165 0.0453064 0.0577233 0.0473224 0.0382655 0.0415008 0.0382376 0.0571782 0.0447051 0.0749917 0.0622572 0.0478805 0.0394720 0.0616857 0.0741123 0.0581646 0.0639094 0.0370219 0.0415042 0.0420473 0.0430139 0.0430607 0.0453114 0.0561763 0.0587279 0.0575900 0.0700824 0.0500376 0.0579059 0.0639380 0.0667173 0.0473698 0.0998280 0.0417267 0.0510433 0.0431407 0.0678788 0.0612768 0.0737388 0.0394643 0.0411537 0.0382345 0.0452125 0.0736026 0.0424388 0.0716192 0.0699829 0.0640963 0.0626636 0.1382365 0.1363436 0.0609997 0.0749598 0.0715978 0.0569476 0.0507107 0.0677183 
I0189_225_Eurylaimidae_Smithornis_rufolateralis           0.0552781 0.0676850 0.0668520 0.0654189 0.0000000 0.0675888 0.0808141 0.0615791 0.0637538 0.0833235 0.0834522 0.0588263 0.0490212 0.0735624 0.0744735 0.0405036 0.0653008 0.0479619 0.0449745 0.0532698 0.0419339 0.0562562 0.0433284 0.0540060 0.0552352 0.0526159 0.0640918 0.0561290 0.0859493 0.0565807 0.0602185 0.0563619 0.0393753 0.0432552 0.0740029 0.0762953 0.0633257 0.0592627 0.0422756 0.0821173 0.0421496 0.0896972 0.0451715 0.0385908 0.1201647 0.0983605 0.1063305 0.0547779 0.0905707 0.0693175 0.0683352 0.0604168 0.0418607 0.0415228 0.0530874 0.0642733 0.0393175 0.0433462 0.0631101 0.0616784 0.0571355 0.0433302 0.0714846 0.0579572 0.0570125 0.0936380 0.0384272 0.0837076 0.0716944 0.0544783 0.0595255 0.0839545 0.0841872 0.0619773 0.0830971 0.0823798 0.0426359 0.0409392 0.0602317 0.0579950 0.0395304 0.0775171 0.0533949 0.0553670 0.0570083 0.0626842 0.0627893 0.0703344 0.0681535 0.0534099 0.0493629 0.0778626 0.0894916 0.0762635 0.0627699 0.0589782 0.0523661 0.0743483 0.0629744 0.0805224 0.0807551 0.0513802 0.0875851 0.0566729 0.0537577 0.0531538 0.0673157 0.0673977 0.0746491 0.0699545 0.0566682 0.0553277 0.0602214 0.0650600 0.0890127 0.0597619 0.0736945 0.0868956 0.0562472 0.0522438 0.0452117 0.0709789 0.0585369 0.0509527 0.0543062 0.0840382 0.0641627 0.0537464 0.0561766 0.0524079 0.0322704 0.0659666 0.0602170 0.0804824 0.0543764 0.0985371 0.0584635 0.0600297 0.0524083 0.0656572 0.0840883 0.0785608 0.0595945 0.0356373 0.0588966 0.0725759 0.0621098 0.0524293 0.0559924 0.0520575 0.0674023 0.0582911 0.0847331 0.0730796 0.0629791 0.0535652 0.0725091 0.0878921 0.0430091 0.0393047 0.0510074 0.0557552 0.0564166 0.0566785 0.0560084 0.0594828 0.0666972 0.0711248 0.0670920 0.0809948 0.0662529 0.0672515 0.0435051 0.0441400 0.0621049 0.1111016 0.0567168 0.0648093 0.0579374 0.0351391 0.0466661 0.0847012 0.0530215 0.0531583 0.0529701 0.0569280 0.0870672 0.0545563 0.0580224 0.0547903 0.0496485 0.0248935 0.1488971 0.1449840 0.0465150 0.0595659 0.0554883 0.0710616 0.0648304 0.0580026 
I0190_295_Trogonidae_Apaloderma_aequatoriale              0.0450128 0.0542167 0.0190050 0.0560990 0.0675888 0.0000000 0.0724487 0.0512518 0.0543623 0.0715440 0.0760799 0.0477547 0.0662990 0.0597254 0.0606883 0.0662359 0.0544467 0.0374344 0.0690947 0.0412364 0.0670347 0.0473892 0.0675801 0.0430686 0.0455433 0.0418277 0.0562634 0.0465494 0.0781151 0.0737652 0.0772940 0.0454666 0.0655497 0.0669552 0.0662546 0.0668853 0.0541450 0.0771459 0.0660806 0.0713820 0.0677710 0.0807017 0.0695390 0.0629725 0.1097509 0.0868391 0.0947663 0.0716126 0.0798881 0.0553442 0.0619833 0.0504880 0.0661654 0.0668634 0.0414737 0.0569633 0.0645408 0.0686089 0.0545052 0.0521084 0.0465629 0.0609644 0.0631850 0.0476193 0.0462634 0.0840942 0.0628688 0.0735841 0.0609884 0.0454564 0.0501257 0.0742819 0.0734695 0.0517450 0.0730756 0.0726139 0.0670652 0.0656341 0.0493912 0.0479467 0.0646091 0.0681463 0.0457636 0.0456693 0.0467688 0.0560620 0.0508475 0.0606186 0.0577854 0.0431676 0.0390990 0.0693660 0.0801923 0.0645924 0.0558855 0.0488373 0.0413027 0.0661312 0.0515813 0.0690802 0.0716253 0.0406494 0.0778200 0.0453037 0.0426971 0.0433281 0.0567601 0.0573262 0.0665284 0.0597741 0.0460010 0.0452523 0.0485134 0.0586371 0.0791950 0.0488037 0.0631549 0.0776338 0.0469011 0.0413259 0.0696090 0.0621246 0.0465532 0.0655230 0.0698404 0.0736993 0.0567581 0.0434449 0.0479028 0.0428176 0.0663149 0.0566519 0.0533060 0.0712021 0.0436720 0.0843261 0.0489853 0.0520980 0.0420929 0.0554795 0.0753701 0.0728144 0.0512569 0.0699104 0.0493981 0.0611372 0.0510903 0.0419458 0.0455753 0.0416217 0.0591520 0.0484224 0.0807306 0.0634752 0.0515354 0.0434415 0.0632735 0.0764958 0.0601023 0.0650079 0.0403316 0.0454764 0.0456748 0.0457606 0.0453912 0.0489491 0.0602192 0.0623082 0.0592458 0.0712732 0.0546906 0.0593899 0.0678978 0.0689827 0.0512360 0.1007640 0.0464920 0.0550009 0.0460179 0.0698697 0.0639435 0.0749268 0.0432628 0.0428578 0.0415384 0.0473471 0.0766195 0.0448209 0.0756643 0.0726728 0.0663512 0.0651125 0.1390980 0.1380902 0.0638343 0.0776390 0.0734681 0.0603809 0.0516247 0.0694658 
I0191_344_Indicatoridae_Indicator_exilis                  0.0629220 0.0701306 0.0740817 0.0721044 0.0808141 0.0724487 0.0000000 0.0671065 0.0709671 0.0856844 0.0435066 0.0648621 0.0813760 0.0769060 0.0760491 0.0791112 0.0716707 0.0548388 0.0823204 0.0586789 0.0795081 0.0637708 0.0807975 0.0596672 0.0626560 0.0584550 0.0716471 0.0623559 0.0311763 0.0881364 0.0915609 0.0617562 0.0790241 0.0811936 0.0810889 0.0837994 0.0699064 0.0894413 0.0809460 0.0883415 0.0801650 0.0956026 0.0828796 0.0771311 0.1249238 0.1007820 0.1102204 0.0853634 0.0932264 0.0721461 0.0740316 0.0653951 0.0799919 0.0800904 0.0594164 0.0707571 0.0777403 0.0826854 0.0696703 0.0677893 0.0640110 0.0727565 0.0783969 0.0638086 0.0639742 0.0994268 0.0763447 0.0908134 0.0785033 0.0627467 0.0667099 0.0885505 0.0917348 0.0666886 0.0294932 0.0882910 0.0799723 0.0790760 0.0662984 0.0632092 0.0782398 0.0417711 0.0565672 0.0631494 0.0641543 0.0708201 0.0654252 0.0716560 0.0695114 0.0594901 0.0561155 0.0847951 0.0952910 0.0809373 0.0702844 0.0655107 0.0583959 0.0819179 0.0653448 0.0870253 0.0413712 0.0572285 0.0944505 0.0627448 0.0593677 0.0596769 0.0738014 0.0704073 0.0810937 0.0776528 0.0633898 0.0620626 0.0677606 0.0724592 0.0955851 0.0651701 0.0797320 0.0938791 0.0629491 0.0571348 0.0828656 0.0769272 0.0629715 0.0796769 0.0849373 0.0894440 0.0706631 0.0611975 0.0631945 0.0602679 0.0796171 0.0744488 0.0673764 0.0878162 0.0612138 0.0979136 0.0656684 0.0667490 0.0590131 0.0724465 0.0468518 0.0843361 0.0662086 0.0830760 0.0668119 0.0785084 0.0685081 0.0589040 0.0620862 0.0595192 0.0747339 0.0650689 0.0930190 0.0791381 0.0686997 0.0593802 0.0784014 0.0937436 0.0755951 0.0786645 0.0577472 0.0616072 0.0629406 0.0643911 0.0629586 0.0653361 0.0739915 0.0751708 0.0746590 0.0873012 0.0718214 0.0751342 0.0803237 0.0808342 0.0679669 0.1155057 0.0630083 0.0709671 0.0631450 0.0823069 0.0790202 0.0917820 0.0601343 0.0612883 0.0590157 0.0628772 0.0919187 0.0623566 0.0870633 0.0858876 0.0807150 0.0779974 0.1523231 0.1507373 0.0782756 0.0901082 0.0880869 0.0758155 0.0670998 0.0819246 
I0192_375_Musophagidae_Tauraco_macrorhynchus              0.0388862 0.0487141 0.0521033 0.0489619 0.0615791 0.0512518 0.0671065 0.0000000 0.0460279 0.0670095 0.0716682 0.0240045 0.0594798 0.0549174 0.0547847 0.0591648 0.0469947 0.0298838 0.0620122 0.0351564 0.0595311 0.0405147 0.0608865 0.0369588 0.0376893 0.0338856 0.0477834 0.0378376 0.0748330 0.0663859 0.0699678 0.0395666 0.0592722 0.0600444 0.0587207 0.0606424 0.0453609 0.0694507 0.0590437 0.0663380 0.0626928 0.0750235 0.0623795 0.0574754 0.1029292 0.0796284 0.0878842 0.0646261 0.0751421 0.0510785 0.0533742 0.0439882 0.0596681 0.0610887 0.0362433 0.0507163 0.0590857 0.0618189 0.0453773 0.0444390 0.0411758 0.0535532 0.0549027 0.0412618 0.0385199 0.0778626 0.0575482 0.0688402 0.0557850 0.0383933 0.0424867 0.0683418 0.0673673 0.0437120 0.0680926 0.0662235 0.0603971 0.0597166 0.0432207 0.0416128 0.0582183 0.0641716 0.0400096 0.0389379 0.0402115 0.0491832 0.0463582 0.0560587 0.0524404 0.0354700 0.0321473 0.0620251 0.0741197 0.0573404 0.0485550 0.0396655 0.0342920 0.0612244 0.0455515 0.0646867 0.0678718 0.0332122 0.0721259 0.0378571 0.0367419 0.0356475 0.0496673 0.0505091 0.0603722 0.0522896 0.0399316 0.0377378 0.0410339 0.0522246 0.0731096 0.0433571 0.0567217 0.0716806 0.0402507 0.0336441 0.0634054 0.0554924 0.0401648 0.0600648 0.0649536 0.0670754 0.0507533 0.0368540 0.0400492 0.0357501 0.0605395 0.0493181 0.0460241 0.0658471 0.0373971 0.0800212 0.0417672 0.0450515 0.0340341 0.0486361 0.0696225 0.0648460 0.0435578 0.0650065 0.0422636 0.0534261 0.0445954 0.0342171 0.0380736 0.0346330 0.0528966 0.0413219 0.0735661 0.0567707 0.0446081 0.0356139 0.0565452 0.0711640 0.0542201 0.0592373 0.0333209 0.0387361 0.0382657 0.0411658 0.0378219 0.0414096 0.0529879 0.0550968 0.0534962 0.0652703 0.0461484 0.0541797 0.0605392 0.0612926 0.0444064 0.0946844 0.0381448 0.0468567 0.0390864 0.0634973 0.0576658 0.0692403 0.0360447 0.0376361 0.0352464 0.0394981 0.0702782 0.0372173 0.0674152 0.0646569 0.0596197 0.0589918 0.1385210 0.1366096 0.0574305 0.0691660 0.0674697 0.0526214 0.0475119 0.0625036 
I0193_447_Columbidae_Treron_calvus                        0.0414940 0.0547693 0.0544775 0.0505020 0.0637538 0.0543623 0.0709671 0.0460279 0.0000000 0.0720312 0.0748511 0.0431069 0.0619972 0.0588943 0.0608202 0.0613722 0.0492381 0.0266106 0.0663033 0.0364056 0.0625488 0.0416144 0.0628985 0.0391076 0.0408498 0.0351241 0.0196023 0.0405837 0.0770217 0.0709484 0.0734929 0.0401538 0.0617206 0.0631107 0.0628694 0.0633984 0.0181942 0.0735918 0.0617053 0.0659736 0.0638969 0.0748457 0.0648576 0.0602673 0.1075196 0.0826732 0.0898941 0.0672729 0.0777543 0.0557640 0.0570548 0.0455501 0.0620867 0.0625056 0.0375971 0.0525009 0.0613348 0.0638614 0.0175403 0.0469449 0.0413879 0.0564207 0.0573249 0.0427515 0.0407885 0.0773610 0.0597699 0.0691218 0.0573285 0.0405292 0.0449645 0.0696110 0.0695674 0.0464585 0.0722112 0.0667673 0.0632351 0.0615002 0.0449917 0.0429729 0.0612540 0.0679452 0.0351828 0.0411145 0.0416696 0.0508588 0.0492867 0.0573741 0.0544471 0.0371111 0.0339026 0.0651967 0.0735657 0.0596445 0.0507666 0.0447289 0.0354061 0.0604925 0.0492352 0.0645775 0.0717604 0.0349799 0.0731743 0.0405619 0.0389314 0.0368141 0.0508173 0.0561579 0.0635418 0.0538162 0.0436715 0.0404516 0.0444946 0.0535698 0.0720100 0.0435796 0.0581307 0.0704723 0.0403109 0.0353799 0.0653121 0.0569760 0.0418987 0.0624729 0.0660263 0.0679715 0.0513223 0.0380722 0.0415542 0.0375411 0.0623912 0.0510838 0.0473579 0.0660535 0.0389870 0.0851894 0.0432932 0.0452363 0.0361072 0.0497765 0.0737566 0.0675508 0.0452912 0.0665675 0.0436069 0.0565343 0.0468024 0.0368950 0.0398999 0.0363595 0.0557429 0.0430171 0.0752776 0.0621546 0.0470204 0.0371814 0.0604632 0.0734098 0.0562414 0.0617654 0.0346756 0.0396161 0.0403502 0.0418060 0.0402490 0.0432824 0.0545131 0.0585499 0.0557814 0.0657574 0.0495376 0.0566549 0.0626079 0.0648293 0.0463131 0.0968078 0.0408333 0.0181297 0.0417044 0.0662728 0.0603656 0.0683736 0.0374227 0.0388966 0.0363706 0.0431384 0.0708527 0.0398154 0.0708185 0.0689836 0.0629269 0.0605782 0.1370565 0.1370304 0.0599066 0.0724246 0.0706682 0.0551967 0.0505516 0.0672433 
I0194_495_Alcedinidae_Alcedo_quadribrachys                0.0667304 0.0586857 0.0735763 0.0729880 0.0833235 0.0715440 0.0856844 0.0670095 0.0720312 0.0000000 0.0872109 0.0664331 0.0820409 0.0787945 0.0679993 0.0807704 0.0699885 0.0582156 0.0822896 0.0628566 0.0808885 0.0668538 0.0830464 0.0627728 0.0655829 0.0621450 0.0733152 0.0655106 0.0908045 0.0891217 0.0888969 0.0666616 0.0814313 0.0807793 0.0819648 0.0841501 0.0724649 0.0915347 0.0812026 0.0899402 0.0832950 0.0995876 0.0835042 0.0785871 0.1229234 0.1016251 0.1093350 0.0846967 0.0958762 0.0620185 0.0790254 0.0704985 0.0830078 0.0821361 0.0629242 0.0777903 0.0793029 0.0825311 0.0712466 0.0699205 0.0669308 0.0777055 0.0792069 0.0686789 0.0656309 0.1009957 0.0780896 0.0894627 0.0796367 0.0665076 0.0698988 0.0900555 0.0912784 0.0678731 0.0866216 0.0918518 0.0821993 0.0809431 0.0681979 0.0686032 0.0796330 0.0835854 0.0623879 0.0662710 0.0675152 0.0764800 0.0518259 0.0783784 0.0758642 0.0632571 0.0600360 0.0852915 0.0981540 0.0814930 0.0762027 0.0683322 0.0623009 0.0835377 0.0632979 0.0866789 0.0863394 0.0598319 0.0940436 0.0655568 0.0632692 0.0635683 0.0716403 0.0646187 0.0824389 0.0747418 0.0652280 0.0653081 0.0684146 0.0782627 0.0977641 0.0704403 0.0830684 0.0961068 0.0668613 0.0621383 0.0848892 0.0794146 0.0671380 0.0801502 0.0873528 0.0926514 0.0775109 0.0645652 0.0669550 0.0640210 0.0808804 0.0756244 0.0725449 0.0911689 0.0642301 0.0987965 0.0691689 0.0705947 0.0632564 0.0733152 0.0833121 0.0859713 0.0689963 0.0844867 0.0695197 0.0758872 0.0693364 0.0624676 0.0644674 0.0632596 0.0751391 0.0679393 0.0941030 0.0794760 0.0700200 0.0631714 0.0777195 0.0977943 0.0775131 0.0805323 0.0613208 0.0653298 0.0648937 0.0657940 0.0659147 0.0694824 0.0784912 0.0795462 0.0755819 0.0888423 0.0702056 0.0753450 0.0832745 0.0820463 0.0680518 0.1155226 0.0650158 0.0730484 0.0670059 0.0845292 0.0799053 0.0934403 0.0628236 0.0637073 0.0631796 0.0664899 0.0964973 0.0653437 0.0877835 0.0881547 0.0832054 0.0812132 0.1567707 0.1551119 0.0800885 0.0889033 0.0898618 0.0779131 0.0694525 0.0844958 
I0195_522_Ramphastidae_Buccanodon_duchaillui              0.0678275 0.0721646 0.0763613 0.0734114 0.0834522 0.0760799 0.0435066 0.0716682 0.0748511 0.0872109 0.0000000 0.0694558 0.0827662 0.0783539 0.0793917 0.0812780 0.0743962 0.0588637 0.0836910 0.0627288 0.0813874 0.0677413 0.0826765 0.0641426 0.0660905 0.0625747 0.0756533 0.0649533 0.0483903 0.0893041 0.0933161 0.0657096 0.0807445 0.0824896 0.0832771 0.0864253 0.0734845 0.0920081 0.0819419 0.0913298 0.0826496 0.0985518 0.0850750 0.0793236 0.1274692 0.1046893 0.1130847 0.0866623 0.0954804 0.0755827 0.0775524 0.0700360 0.0815300 0.0821922 0.0638972 0.0760097 0.0796667 0.0848756 0.0736783 0.0711426 0.0681507 0.0781110 0.0797799 0.0681230 0.0674485 0.1013759 0.0778771 0.0932700 0.0823990 0.0666232 0.0699569 0.0927799 0.0944813 0.0696355 0.0471325 0.0924766 0.0820289 0.0807389 0.0693549 0.0677629 0.0809266 0.0313498 0.0592344 0.0686470 0.0680551 0.0749492 0.0701769 0.0739158 0.0709742 0.0638073 0.0608154 0.0859839 0.0983771 0.0815381 0.0743584 0.0674959 0.0627404 0.0861557 0.0677379 0.0900861 0.0301977 0.0617350 0.0966234 0.0658230 0.0633085 0.0643580 0.0762446 0.0726988 0.0843348 0.0801067 0.0658382 0.0651827 0.0709399 0.0769903 0.0973973 0.0685051 0.0826779 0.0966404 0.0671736 0.0617764 0.0845370 0.0799521 0.0675659 0.0810701 0.0878951 0.0934240 0.0755519 0.0647766 0.0679362 0.0655295 0.0817377 0.0757351 0.0719098 0.0911642 0.0654378 0.1012929 0.0694194 0.0704273 0.0637456 0.0756235 0.0389711 0.0863608 0.0714846 0.0850689 0.0703733 0.0796769 0.0726546 0.0642561 0.0666668 0.0642546 0.0773301 0.0684661 0.0929057 0.0809770 0.0724527 0.0640442 0.0808635 0.0982112 0.0780228 0.0805788 0.0617463 0.0658887 0.0670306 0.0681491 0.0667753 0.0694407 0.0775643 0.0787570 0.0783835 0.0906384 0.0740996 0.0776766 0.0824095 0.0824114 0.0723179 0.1186606 0.0677309 0.0745437 0.0642807 0.0827941 0.0821667 0.0938292 0.0641124 0.0663742 0.0634409 0.0674308 0.0950059 0.0660520 0.0871320 0.0883469 0.0824431 0.0815738 0.1517577 0.1521577 0.0817012 0.0916088 0.0889368 0.0785889 0.0701860 0.0849098 
I0196_523_Musophagidae_Corythaeola_cristata               0.0350863 0.0470626 0.0491405 0.0461269 0.0588263 0.0477547 0.0648621 0.0240045 0.0431069 0.0664331 0.0694558 0.0000000 0.0573137 0.0531731 0.0535472 0.0566271 0.0439974 0.0267089 0.0613307 0.0317001 0.0582816 0.0364754 0.0581627 0.0340698 0.0345238 0.0306343 0.0444818 0.0346817 0.0705505 0.0641552 0.0683097 0.0358422 0.0570726 0.0594091 0.0571885 0.0577703 0.0422381 0.0680149 0.0567335 0.0632772 0.0599888 0.0723011 0.0607276 0.0550846 0.1031566 0.0778523 0.0878512 0.0629450 0.0735698 0.0492319 0.0512883 0.0405877 0.0580621 0.0582669 0.0328029 0.0468734 0.0570529 0.0590196 0.0423323 0.0417805 0.0377479 0.0513537 0.0528196 0.0381575 0.0344862 0.0756957 0.0552659 0.0672064 0.0530508 0.0349431 0.0390019 0.0655304 0.0664770 0.0411699 0.0648494 0.0627141 0.0580701 0.0573864 0.0398575 0.0379409 0.0561999 0.0623681 0.0361614 0.0352126 0.0361857 0.0453361 0.0434820 0.0536157 0.0497109 0.0321740 0.0283826 0.0600338 0.0733117 0.0549106 0.0456411 0.0377638 0.0310543 0.0585801 0.0432064 0.0623349 0.0655986 0.0297236 0.0710792 0.0348659 0.0330828 0.0326043 0.0473618 0.0487819 0.0567001 0.0498074 0.0377621 0.0345457 0.0386937 0.0481778 0.0708876 0.0399717 0.0528738 0.0694637 0.0367109 0.0303724 0.0610866 0.0515637 0.0370863 0.0573329 0.0627669 0.0638281 0.0460090 0.0328639 0.0352173 0.0317260 0.0580150 0.0465282 0.0424960 0.0616762 0.0346328 0.0789930 0.0379999 0.0416714 0.0306335 0.0456823 0.0678363 0.0639898 0.0399882 0.0627147 0.0379560 0.0518209 0.0415033 0.0306446 0.0350233 0.0308244 0.0502648 0.0375855 0.0719187 0.0536658 0.0415721 0.0322143 0.0533040 0.0673937 0.0509299 0.0568832 0.0301416 0.0352511 0.0350137 0.0377055 0.0347430 0.0388103 0.0503208 0.0529686 0.0509664 0.0632760 0.0439958 0.0521801 0.0582365 0.0612583 0.0409701 0.0938699 0.0353167 0.0437429 0.0363370 0.0624326 0.0548244 0.0664543 0.0326020 0.0331986 0.0318239 0.0370150 0.0670317 0.0340141 0.0654507 0.0630068 0.0571461 0.0559915 0.1370709 0.1352422 0.0547413 0.0681296 0.0650809 0.0500819 0.0442281 0.0603201 
I0197_832_Corvidae_Corvus_albus                           0.0543586 0.0658527 0.0670705 0.0634911 0.0490212 0.0662990 0.0813760 0.0594798 0.0619972 0.0820409 0.0827662 0.0573137 0.0000000 0.0737608 0.0725584 0.0452293 0.0638133 0.0463485 0.0500271 0.0516688 0.0464437 0.0558953 0.0481000 0.0529505 0.0538838 0.0498202 0.0630081 0.0550212 0.0855276 0.0318969 0.0360987 0.0538200 0.0452364 0.0477060 0.0742816 0.0762021 0.0620909 0.0340827 0.0456162 0.0792677 0.0477403 0.0892109 0.0501084 0.0444530 0.1196541 0.0963372 0.1056982 0.0315891 0.0876103 0.0681787 0.0687459 0.0568763 0.0469839 0.0473133 0.0521861 0.0645471 0.0444043 0.0476338 0.0622302 0.0605183 0.0562553 0.0481701 0.0691644 0.0558620 0.0554343 0.0920441 0.0434618 0.0814779 0.0704529 0.0522784 0.0584098 0.0833800 0.0820079 0.0604711 0.0833044 0.0803188 0.0470229 0.0461882 0.0590847 0.0556050 0.0442555 0.0771055 0.0528229 0.0543339 0.0565098 0.0629996 0.0614445 0.0687538 0.0678356 0.0516249 0.0480061 0.0782086 0.0887964 0.0741222 0.0616293 0.0571486 0.0507991 0.0724812 0.0613691 0.0778409 0.0812841 0.0489054 0.0858723 0.0554856 0.0523798 0.0516660 0.0658199 0.0660357 0.0736698 0.0693825 0.0559474 0.0545977 0.0585646 0.0646901 0.0870156 0.0579272 0.0712686 0.0866875 0.0548427 0.0496183 0.0490379 0.0699577 0.0559677 0.0361751 0.0327606 0.0817069 0.0636414 0.0517171 0.0542951 0.0517001 0.0487453 0.0643766 0.0587715 0.0781879 0.0537706 0.0952712 0.0580080 0.0591177 0.0506454 0.0642840 0.0831686 0.0769770 0.0585619 0.0526591 0.0583092 0.0705727 0.0606323 0.0512001 0.0546521 0.0514660 0.0670795 0.0577136 0.0851568 0.0707173 0.0613925 0.0520345 0.0711084 0.0862795 0.0320876 0.0448557 0.0487198 0.0544815 0.0556737 0.0562873 0.0544968 0.0574086 0.0663189 0.0717541 0.0672861 0.0790370 0.0636581 0.0677919 0.0481741 0.0493474 0.0600969 0.1097776 0.0558287 0.0628446 0.0560053 0.0501474 0.0307983 0.0838615 0.0514807 0.0528910 0.0511837 0.0549713 0.0853196 0.0535913 0.0342272 0.0287591 0.0141493 0.0468437 0.1453445 0.1434038 0.0304546 0.0370940 0.0309487 0.0686950 0.0640187 0.0555763 
I0198_937_Bucerotidae_Tockus_camurus                      0.0512323 0.0600232 0.0612149 0.0597504 0.0735624 0.0597254 0.0769060 0.0549174 0.0588943 0.0787945 0.0783539 0.0531731 0.0737608 0.0000000 0.0668804 0.0710610 0.0602837 0.0422917 0.0749784 0.0473752 0.0720979 0.0534492 0.0732762 0.0475965 0.0516165 0.0466919 0.0612697 0.0513790 0.0829453 0.0814215 0.0830349 0.0507658 0.0714858 0.0736532 0.0720870 0.0735140 0.0585167 0.0835302 0.0722144 0.0767623 0.0731388 0.0862572 0.0738146 0.0685752 0.1165657 0.0917503 0.1003336 0.0780607 0.0792967 0.0603383 0.0664077 0.0558192 0.0712960 0.0724643 0.0480222 0.0625624 0.0705406 0.0734523 0.0588386 0.0573627 0.0528862 0.0657832 0.0670508 0.0528369 0.0508340 0.0894371 0.0692056 0.0804191 0.0677332 0.0516139 0.0546159 0.0821711 0.0796050 0.0566351 0.0775827 0.0787735 0.0728526 0.0710003 0.0558004 0.0530563 0.0705810 0.0727250 0.0500840 0.0509890 0.0529158 0.0595382 0.0563916 0.0657162 0.0617452 0.0481906 0.0441410 0.0752745 0.0862188 0.0713387 0.0594060 0.0547272 0.0469135 0.0736991 0.0554186 0.0765109 0.0766499 0.0468033 0.0845091 0.0506684 0.0484300 0.0478743 0.0622183 0.0609898 0.0722677 0.0666422 0.0529319 0.0509646 0.0554205 0.0631587 0.0839059 0.0551107 0.0688407 0.0830758 0.0515839 0.0462735 0.0756264 0.0677646 0.0518675 0.0725665 0.0766900 0.0791141 0.0611984 0.0492035 0.0516511 0.0489443 0.0730811 0.0613202 0.0571697 0.0774956 0.0505211 0.0844078 0.0553828 0.0564199 0.0478868 0.0604318 0.0783344 0.0785193 0.0556448 0.0764591 0.0556461 0.0676912 0.0562841 0.0479722 0.0510415 0.0478797 0.0656289 0.0545359 0.0865551 0.0701745 0.0560240 0.0480559 0.0687144 0.0841288 0.0664975 0.0715273 0.0468167 0.0517717 0.0522898 0.0515129 0.0510393 0.0545438 0.0646961 0.0686776 0.0653027 0.0764812 0.0600712 0.0654959 0.0735856 0.0734638 0.0569304 0.1075577 0.0519843 0.0590977 0.0520192 0.0758279 0.0702175 0.0810231 0.0487133 0.0486404 0.0476053 0.0514077 0.0832648 0.0505661 0.0824899 0.0795529 0.0729116 0.0720090 0.1464335 0.1439940 0.0697301 0.0840276 0.0813138 0.0667201 0.0245350 0.0752366 
I0199_955_Meropidae_Merops_muelleri                       0.0538174 0.0531105 0.0624602 0.0610427 0.0744735 0.0606883 0.0760491 0.0547847 0.0608202 0.0679993 0.0793917 0.0535472 0.0725584 0.0668804 0.0000000 0.0710062 0.0593962 0.0450230 0.0752467 0.0497212 0.0718557 0.0552491 0.0739536 0.0501990 0.0535072 0.0492963 0.0614858 0.0526252 0.0828902 0.0800342 0.0814612 0.0539206 0.0716964 0.0738265 0.0710147 0.0724077 0.0596448 0.0827597 0.0729649 0.0777657 0.0733878 0.0891377 0.0733927 0.0694752 0.1146961 0.0899278 0.0997876 0.0757161 0.0849845 0.0542325 0.0663991 0.0581429 0.0727608 0.0732901 0.0509866 0.0644839 0.0707704 0.0730981 0.0593927 0.0589187 0.0546159 0.0678289 0.0678985 0.0555209 0.0541639 0.0910098 0.0694748 0.0786273 0.0672785 0.0541712 0.0582789 0.0793584 0.0809558 0.0573326 0.0774590 0.0797050 0.0734072 0.0718261 0.0564963 0.0555992 0.0711755 0.0737831 0.0506331 0.0532061 0.0549045 0.0641409 0.0499775 0.0660123 0.0636498 0.0504751 0.0465812 0.0750046 0.0888161 0.0716157 0.0638821 0.0573975 0.0489986 0.0727159 0.0513632 0.0756973 0.0778824 0.0483392 0.0830117 0.0532232 0.0521456 0.0505781 0.0628985 0.0538443 0.0721358 0.0663551 0.0533807 0.0528148 0.0570598 0.0663366 0.0866349 0.0565313 0.0705566 0.0847759 0.0546489 0.0489605 0.0766291 0.0688045 0.0545107 0.0708109 0.0769173 0.0803172 0.0642528 0.0519122 0.0550974 0.0513905 0.0722737 0.0639617 0.0594770 0.0795809 0.0519629 0.0895936 0.0567893 0.0582740 0.0507839 0.0626822 0.0774329 0.0781790 0.0571023 0.0762194 0.0574855 0.0665583 0.0579334 0.0505453 0.0528757 0.0505118 0.0658050 0.0559626 0.0871468 0.0693955 0.0594211 0.0511802 0.0693473 0.0863081 0.0670970 0.0716870 0.0485197 0.0517890 0.0531952 0.0545356 0.0543065 0.0564945 0.0673245 0.0698458 0.0658346 0.0773728 0.0601402 0.0667176 0.0741501 0.0743249 0.0572058 0.1064625 0.0536685 0.0609091 0.0526800 0.0762885 0.0700094 0.0828600 0.0497202 0.0505493 0.0497308 0.0529959 0.0835872 0.0531838 0.0788960 0.0782414 0.0723565 0.0705708 0.1473132 0.1467359 0.0701254 0.0804393 0.0801070 0.0659207 0.0583875 0.0736810 
I0200_988_Furnariidae_Furnarius_rufus                     0.0531453 0.0648916 0.0655447 0.0631146 0.0405036 0.0662359 0.0791112 0.0591648 0.0613722 0.0807704 0.0812780 0.0566271 0.0452293 0.0710610 0.0710062 0.0000000 0.0629508 0.0454321 0.0372945 0.0513800 0.0337577 0.0551855 0.0298814 0.0529198 0.0530374 0.0500792 0.0622998 0.0548445 0.0839995 0.0534909 0.0565689 0.0536634 0.0333428 0.0364276 0.0720923 0.0746560 0.0606586 0.0560570 0.0170957 0.0794375 0.0354016 0.0879271 0.0377337 0.0321219 0.1171310 0.0949919 0.1030717 0.0524921 0.0872916 0.0672836 0.0673066 0.0575675 0.0284142 0.0352783 0.0508731 0.0634498 0.0325167 0.0171287 0.0612900 0.0602032 0.0546574 0.0392046 0.0692623 0.0558134 0.0543962 0.0899467 0.0319202 0.0796952 0.0693834 0.0525820 0.0572405 0.0813397 0.0793914 0.0593088 0.0811011 0.0793808 0.0289273 0.0338080 0.0572132 0.0557790 0.0331626 0.0756867 0.0519459 0.0529374 0.0556274 0.0618363 0.0617359 0.0676167 0.0650207 0.0515820 0.0477863 0.0749898 0.0874843 0.0723734 0.0611017 0.0569598 0.0503477 0.0714466 0.0602016 0.0756589 0.0787559 0.0485918 0.0834503 0.0543729 0.0509154 0.0513296 0.0638234 0.0637884 0.0722653 0.0676479 0.0546660 0.0538787 0.0573634 0.0639365 0.0858372 0.0578189 0.0710989 0.0857071 0.0550868 0.0493752 0.0310933 0.0693428 0.0558484 0.0465339 0.0509652 0.0814933 0.0624303 0.0508823 0.0534919 0.0510284 0.0405337 0.0637622 0.0589488 0.0784671 0.0540482 0.0933778 0.0565308 0.0583674 0.0507206 0.0632016 0.0799473 0.0752483 0.0572131 0.0438450 0.0570258 0.0694560 0.0595571 0.0504435 0.0535876 0.0503044 0.0650263 0.0565214 0.0813610 0.0702162 0.0603134 0.0514932 0.0693778 0.0858589 0.0405235 0.0326787 0.0486159 0.0537879 0.0532801 0.0545725 0.0533753 0.0567702 0.0643796 0.0691096 0.0648429 0.0790559 0.0638571 0.0648849 0.0288900 0.0364493 0.0601311 0.1077327 0.0544605 0.0625482 0.0561723 0.0421360 0.0429606 0.0826901 0.0515031 0.0515998 0.0514217 0.0555441 0.0835682 0.0527051 0.0542149 0.0507042 0.0453230 0.0397750 0.1445630 0.1410021 0.0426332 0.0561578 0.0523407 0.0675345 0.0623102 0.0534629 
I0201_999_Scolopacidae_Tringa_solitaria                   0.0435628 0.0533978 0.0556960 0.0505705 0.0653008 0.0544467 0.0716707 0.0469947 0.0492381 0.0699885 0.0743962 0.0439974 0.0638133 0.0602837 0.0593962 0.0629508 0.0000000 0.0344771 0.0670241 0.0374726 0.0637431 0.0333478 0.0640607 0.0412925 0.0370127 0.0375767 0.0502464 0.0371966 0.0779695 0.0724873 0.0738852 0.0429810 0.0632528 0.0651325 0.0627958 0.0648899 0.0491517 0.0754743 0.0626553 0.0698399 0.0651529 0.0787073 0.0653905 0.0610845 0.1054858 0.0834338 0.0903946 0.0687196 0.0749635 0.0544878 0.0588715 0.0481523 0.0635630 0.0646762 0.0390600 0.0549951 0.0620081 0.0638777 0.0485335 0.0480396 0.0433552 0.0567375 0.0578653 0.0451199 0.0416421 0.0814784 0.0613531 0.0711713 0.0589085 0.0414646 0.0464442 0.0731775 0.0707071 0.0470414 0.0713659 0.0685569 0.0640130 0.0616745 0.0456800 0.0453289 0.0630301 0.0680623 0.0433868 0.0427551 0.0329139 0.0533670 0.0485186 0.0600084 0.0564250 0.0382380 0.0366432 0.0656378 0.0797581 0.0369569 0.0531829 0.0448267 0.0371997 0.0640913 0.0496642 0.0675036 0.0717724 0.0369764 0.0749902 0.0372658 0.0408331 0.0380867 0.0537738 0.0547294 0.0649377 0.0558740 0.0447128 0.0362108 0.0445948 0.0558946 0.0764761 0.0443446 0.0612211 0.0764576 0.0434927 0.0362849 0.0666824 0.0574055 0.0422405 0.0651346 0.0693592 0.0691569 0.0541449 0.0392044 0.0433695 0.0382712 0.0640142 0.0513140 0.0501667 0.0674400 0.0398199 0.0799596 0.0350730 0.0475562 0.0373880 0.0520760 0.0722965 0.0702584 0.0456709 0.0673321 0.0349260 0.0338402 0.0484522 0.0377639 0.0412700 0.0376426 0.0552484 0.0335699 0.0658678 0.0612403 0.0482943 0.0383549 0.0607945 0.0750330 0.0575229 0.0622792 0.0357619 0.0408410 0.0413668 0.0427671 0.0425302 0.0461089 0.0573043 0.0594011 0.0561386 0.0699555 0.0143572 0.0565205 0.0645671 0.0662314 0.0143766 0.0976883 0.0426869 0.0503225 0.0433424 0.0681139 0.0622421 0.0730395 0.0386222 0.0407911 0.0376689 0.0442537 0.0735158 0.0420951 0.0732418 0.0695238 0.0634262 0.0623582 0.1407413 0.1379426 0.0621659 0.0741970 0.0719600 0.0320003 0.0515696 0.0678306 
I0202_1066_Cathartidae_Cathartes_burrovianus              0.0216976 0.0377890 0.0381775 0.0352967 0.0479619 0.0374344 0.0548388 0.0298838 0.0266106 0.0582156 0.0588637 0.0267089 0.0463485 0.0422917 0.0450230 0.0454321 0.0344771 0.0000000 0.0505651 0.0197142 0.0468526 0.0258871 0.0479109 0.0217753 0.0228943 0.0181171 0.0308630 0.0231557 0.0616279 0.0543051 0.0582932 0.0218827 0.0451949 0.0479125 0.0479307 0.0491970 0.0288281 0.0578658 0.0453926 0.0513708 0.0482351 0.0612496 0.0492810 0.0437395 0.0922092 0.0685578 0.0765208 0.0524926 0.0631729 0.0390250 0.0415246 0.0280268 0.0467261 0.0464842 0.0210529 0.0349824 0.0452082 0.0474000 0.0286900 0.0295942 0.0255541 0.0391992 0.0427990 0.0249727 0.0239888 0.0648738 0.0441195 0.0544972 0.0406628 0.0227088 0.0278926 0.0552900 0.0539712 0.0298417 0.0558867 0.0504485 0.0476747 0.0457162 0.0274515 0.0249756 0.0448654 0.0513857 0.0254267 0.0216270 0.0260077 0.0334935 0.0321191 0.0404817 0.0375711 0.0193686 0.0038465 0.0508426 0.0615395 0.0460939 0.0331214 0.0272497 0.0181469 0.0458742 0.0328716 0.0495743 0.0551403 0.0175871 0.0585422 0.0235604 0.0188492 0.0188013 0.0371167 0.0409904 0.0481019 0.0404105 0.0259041 0.0228269 0.0268862 0.0361226 0.0591133 0.0260243 0.0410893 0.0576426 0.0229484 0.0177292 0.0496502 0.0415005 0.0243905 0.0469354 0.0507199 0.0516780 0.0337968 0.0201872 0.0223987 0.0193507 0.0468441 0.0357352 0.0307120 0.0495619 0.0211992 0.0695448 0.0275636 0.0298540 0.0186935 0.0345071 0.0581553 0.0528392 0.0278127 0.0520574 0.0278109 0.0423282 0.0300108 0.0184987 0.0221272 0.0187114 0.0391295 0.0266683 0.0615150 0.0441808 0.0310362 0.0194274 0.0436935 0.0561921 0.0396543 0.0452335 0.0171489 0.0226092 0.0223185 0.0259388 0.0217232 0.0269887 0.0383497 0.0419641 0.0397874 0.0512185 0.0346170 0.0412486 0.0469872 0.0494989 0.0308756 0.0813625 0.0229508 0.0294969 0.0249303 0.0506807 0.0438131 0.0555669 0.0196954 0.0197510 0.0183792 0.0258081 0.0551853 0.0212439 0.0563910 0.0526282 0.0463909 0.0448739 0.1235647 0.1212169 0.0438451 0.0580513 0.0543929 0.0402606 0.0340784 0.0514560 
I0203_1087_Tyrannidae_Hymenops_perspicillatus             0.0583307 0.0672891 0.0689735 0.0688190 0.0449745 0.0690947 0.0823204 0.0620122 0.0663033 0.0822896 0.0836910 0.0613307 0.0500271 0.0749784 0.0752467 0.0372945 0.0670241 0.0505651 0.0000000 0.0556939 0.0137578 0.0601237 0.0407272 0.0572599 0.0590656 0.0551972 0.0669762 0.0596146 0.0863210 0.0557869 0.0565885 0.0600310 0.0222329 0.0226115 0.0783676 0.0808907 0.0659021 0.0583024 0.0371057 0.0846349 0.0220914 0.0933010 0.0237550 0.0218788 0.1186253 0.0982710 0.1061647 0.0541216 0.0908309 0.0718182 0.0723790 0.0631213 0.0394778 0.0244282 0.0558243 0.0690295 0.0209888 0.0384432 0.0660483 0.0649215 0.0599506 0.0211117 0.0741398 0.0617188 0.0595179 0.0943736 0.0205048 0.0829035 0.0736844 0.0570212 0.0634520 0.0844663 0.0827963 0.0640345 0.0842198 0.0866728 0.0403248 0.0230934 0.0623043 0.0617418 0.0203492 0.0794177 0.0577609 0.0581648 0.0607466 0.0667220 0.0652670 0.0717537 0.0711314 0.0560404 0.0521564 0.0816290 0.0918239 0.0770196 0.0657855 0.0608164 0.0561117 0.0757740 0.0648350 0.0790341 0.0834376 0.0536882 0.0856897 0.0594892 0.0560224 0.0564627 0.0666212 0.0660844 0.0758036 0.0710880 0.0601062 0.0591084 0.0628736 0.0690213 0.0913297 0.0615003 0.0762731 0.0910749 0.0601729 0.0546804 0.0406325 0.0736985 0.0604479 0.0472663 0.0529745 0.0881441 0.0681835 0.0563241 0.0595421 0.0558839 0.0442287 0.0697446 0.0645201 0.0847316 0.0575217 0.0999073 0.0616834 0.0633912 0.0558054 0.0680283 0.0829279 0.0771959 0.0623567 0.0456918 0.0630522 0.0733397 0.0657068 0.0562853 0.0590023 0.0557333 0.0689673 0.0617027 0.0851528 0.0752861 0.0658963 0.0564976 0.0742573 0.0929139 0.0446220 0.0221742 0.0544230 0.0585334 0.0597061 0.0591201 0.0586751 0.0620553 0.0692551 0.0735374 0.0695610 0.0841860 0.0676279 0.0686136 0.0398046 0.0122544 0.0643205 0.1127730 0.0593196 0.0678878 0.0600022 0.0439808 0.0456937 0.0876480 0.0558445 0.0573189 0.0559465 0.0603952 0.0905238 0.0578967 0.0540358 0.0535330 0.0488150 0.0425019 0.1505496 0.1490331 0.0450365 0.0573337 0.0539340 0.0732883 0.0657644 0.0570953 
