194
I0185_86_Accipitridae_Buteo_jamaicensis                   0.0000000 0.0478394 0.0381194 0.0494935 0.0474735 0.0666637 0.0327080 0.0383642 0.0561308 0.0800470 0.0327401 0.0534986 0.0485379 0.0536721 0.0488034 0.0339873 0.0177488 0.0488936 0.0247649 0.0486652 0.0291040 0.0522955 0.0259575 0.0266690 0.0250951 0.0416679 0.0279714 0.0685125 0.0574432 0.0614109 0.0289277 0.0457143 0.0477976 0.0466979 0.0482941 0.0407947 0.0597778 0.0487049 0.0564594 0.0492315 0.0646973 0.0480108 0.0454652 0.0817266 0.0644051 0.0747275 0.0579051 0.0737309 0.0456533 0.0449844 0.0355450 0.0502397 0.0259797 0.0439772 0.0444741 0.0492199 0.0404448 0.0329932 0.0271760 0.0478932 0.0458278 0.0296232 0.0298119 0.0659744 0.0458327 0.0550108 0.0412062 0.0265180 0.0337896 0.0634148 0.0527943 0.0368119 0.0701154 0.0560720 0.0513094 0.0461291 0.0337758 0.0295577 0.0451841 0.0386615 0.0078390 0.0293578 0.0410372 0.0461037 0.0523668 0.0552860 0.0251096 0.0208294 0.0515467 0.0667003 0.0438561 0.0390374 0.0353151 0.0248214 0.0487013 0.0499642 0.0722184 0.0256540 0.0563317 0.0287037 0.0222123 0.0269676 0.0384564 0.0475063 0.0500097 0.0410775 0.0311931 0.0289710 0.0324169 0.0441175 0.0647829 0.0310953 0.0425498 0.0618520 0.0302888 0.0234921 0.0535705 0.0463494 0.0264230 0.0534597 0.0554030 0.0420722 0.0243692 0.0178269 0.0258181 0.0520178 0.0393816 0.0385222 0.0537913 0.0259118 0.0672569 0.0309415 0.0386915 0.0239165 0.0444598 0.0738203 0.0554369 0.0317563 0.0579386 0.0322503 0.0424556 0.0365212 0.0244811 0.0294993 0.0245535 0.0414967 0.0297808 0.0642401 0.0511335 0.0367283 0.0265739 0.0524827 0.0614709 0.0447426 0.0463344 0.0234260 0.0285014 0.0310922 0.0282397 0.0276356 0.0316287 0.0440133 0.0469674 0.0414800 0.0560464 0.0333833 0.0414423 0.0503945 0.0496918 0.0314874 0.0798641 0.0304976 0.0394515 0.0292923 0.0542518 0.0503798 0.0597498 0.0253613 0.0176613 0.0253885 0.0293146 0.0555714 0.0274321 0.0590861 0.0573985 0.0512342 0.0468568 0.1338556 0.0506269 0.0628998 0.0574415 0.0387128 0.0414689 0.0459505 
I0187_115_Trogonidae_Trogon_elegans                       0.0478394 0.0000000 0.0589210 0.0693298 0.0199049 0.0796642 0.0538953 0.0585523 0.0729080 0.0911827 0.0538532 0.0724980 0.0638022 0.0706519 0.0680125 0.0563583 0.0406110 0.0664186 0.0469437 0.0656573 0.0513909 0.0706604 0.0472876 0.0498391 0.0480254 0.0612285 0.0494731 0.0804867 0.0770846 0.0792860 0.0513892 0.0649736 0.0670724 0.0663378 0.0682631 0.0608317 0.0770318 0.0676311 0.0753510 0.0670804 0.0846044 0.0679079 0.0650718 0.0996452 0.0828898 0.0927067 0.0765306 0.0882617 0.0623755 0.0663166 0.0567489 0.0685254 0.0482650 0.0640945 0.0639406 0.0689542 0.0606817 0.0536949 0.0495428 0.0655234 0.0660805 0.0521844 0.0515471 0.0854070 0.0654882 0.0733300 0.0628874 0.0490656 0.0550820 0.0821255 0.0720995 0.0556885 0.0823544 0.0770229 0.0693361 0.0642974 0.0557346 0.0518257 0.0647500 0.0538423 0.0486960 0.0513424 0.0621911 0.0649519 0.0691607 0.0709157 0.0481985 0.0446158 0.0692339 0.0862289 0.0639248 0.0587579 0.0558982 0.0462036 0.0697005 0.0701773 0.0853641 0.0481631 0.0752358 0.0497642 0.0477798 0.0485976 0.0581743 0.0632967 0.0690787 0.0602830 0.0518685 0.0502196 0.0534092 0.0650044 0.0829985 0.0539138 0.0632433 0.0814799 0.0527516 0.0461147 0.0725679 0.0666707 0.0490967 0.0721339 0.0763201 0.0629216 0.0478594 0.0512925 0.0476492 0.0704672 0.0595698 0.0594111 0.0744932 0.0485684 0.0832336 0.0526312 0.0583375 0.0459948 0.0635462 0.0854821 0.0741102 0.0524595 0.0771314 0.0542092 0.0628541 0.0565024 0.0463141 0.0524162 0.0457743 0.0608162 0.0517521 0.0837086 0.0669785 0.0572084 0.0478828 0.0684851 0.0829369 0.0646192 0.0652510 0.0453506 0.0513038 0.0543013 0.0503042 0.0504235 0.0529369 0.0645801 0.0668258 0.0617554 0.0756058 0.0556143 0.0594165 0.0707044 0.0678444 0.0535018 0.0976368 0.0540984 0.0608782 0.0497784 0.0730822 0.0682917 0.0787130 0.0473391 0.0487124 0.0473571 0.0518801 0.0778771 0.0502894 0.0771842 0.0764968 0.0694381 0.0659867 0.1483370 0.0687569 0.0806619 0.0765984 0.0600725 0.0590010 0.0653020 
I0188_135_Apodidae_Streptoprocne_zonaris                  0.0381194 0.0589210 0.0000000 0.0579936 0.0586071 0.0737289 0.0436573 0.0493536 0.0645903 0.0891703 0.0442242 0.0625172 0.0580282 0.0640347 0.0577088 0.0459455 0.0303329 0.0587659 0.0367639 0.0575281 0.0403423 0.0606584 0.0390846 0.0375883 0.0358478 0.0517218 0.0379528 0.0762217 0.0671078 0.0705381 0.0420574 0.0555433 0.0565363 0.0467600 0.0482282 0.0504797 0.0685927 0.0568943 0.0646472 0.0576525 0.0706981 0.0575557 0.0547452 0.0931050 0.0752162 0.0857629 0.0668907 0.0850503 0.0576154 0.0529801 0.0485425 0.0580296 0.0385459 0.0543037 0.0544808 0.0585476 0.0504102 0.0432723 0.0402581 0.0576537 0.0226401 0.0433887 0.0413424 0.0730189 0.0557213 0.0646607 0.0517445 0.0383606 0.0439311 0.0719477 0.0629652 0.0469864 0.0793609 0.0656117 0.0591490 0.0558723 0.0450034 0.0431314 0.0548355 0.0471129 0.0392009 0.0399111 0.0526756 0.0571173 0.0623050 0.0640151 0.0363208 0.0335568 0.0515447 0.0748849 0.0534290 0.0491502 0.0465547 0.0361063 0.0584594 0.0603005 0.0821915 0.0375191 0.0673038 0.0389822 0.0391759 0.0387781 0.0488411 0.0578394 0.0592812 0.0518263 0.0443133 0.0387210 0.0449708 0.0536911 0.0723176 0.0424283 0.0523772 0.0698090 0.0416604 0.0343725 0.0620981 0.0563007 0.0386259 0.0634208 0.0658293 0.0523914 0.0363477 0.0418780 0.0379194 0.0610549 0.0223208 0.0484651 0.0641524 0.0366440 0.0802444 0.0417465 0.0449409 0.0367020 0.0552821 0.0820212 0.0640868 0.0417094 0.0661798 0.0429048 0.0524356 0.0474043 0.0371899 0.0406200 0.0364521 0.0521590 0.0410030 0.0716104 0.0617782 0.0468877 0.0380814 0.0643831 0.0723184 0.0547177 0.0559126 0.0348172 0.0395127 0.0426512 0.0406219 0.0406713 0.0422549 0.0536217 0.0568417 0.0524913 0.0650062 0.0456858 0.0516873 0.0594528 0.0592481 0.0432791 0.0914191 0.0422416 0.0500154 0.0408424 0.0623697 0.0603694 0.0677270 0.0371628 0.0383045 0.0371239 0.0433124 0.0666147 0.0401536 0.0686233 0.0670099 0.0599816 0.0560196 0.1363163 0.0604269 0.0725560 0.0655073 0.0491987 0.0529954 0.0563487 
I0189_225_Eurylaimidae_Smithornis_rufolateralis           0.0494935 0.0693298 0.0579936 0.0000000 0.0679664 0.0803913 0.0536867 0.0583777 0.0754197 0.0958165 0.0543405 0.0499341 0.0681600 0.0711294 0.0392034 0.0563025 0.0413507 0.0397257 0.0482395 0.0391128 0.0523250 0.0414897 0.0482960 0.0495155 0.0485398 0.0607976 0.0500772 0.0839802 0.0528699 0.0565832 0.0521715 0.0374979 0.0385954 0.0656212 0.0664115 0.0600375 0.0538589 0.0387462 0.0751617 0.0387513 0.0819805 0.0394312 0.0367024 0.0974342 0.0831432 0.0940695 0.0533205 0.0934682 0.0659959 0.0635917 0.0576090 0.0398691 0.0501170 0.0612528 0.0363410 0.0394625 0.0605539 0.0538133 0.0504931 0.0392876 0.0645118 0.0524383 0.0522528 0.0840406 0.0370446 0.0753258 0.0624640 0.0489817 0.0541158 0.0825428 0.0735837 0.0568534 0.0845881 0.0760288 0.0408515 0.0373542 0.0567202 0.0522001 0.0367750 0.0561925 0.0506550 0.0525605 0.0599219 0.0663811 0.0713582 0.0726224 0.0482209 0.0452490 0.0694673 0.0845813 0.0626555 0.0574856 0.0571031 0.0490561 0.0689589 0.0706798 0.0884967 0.0494048 0.0765097 0.0508116 0.0502503 0.0507392 0.0595012 0.0675145 0.0676062 0.0621007 0.0550083 0.0506574 0.0566899 0.0615730 0.0823022 0.0539710 0.0633827 0.0810704 0.0532891 0.0472189 0.0435714 0.0671764 0.0495522 0.0488680 0.0756856 0.0596621 0.0480104 0.0521418 0.0499441 0.0312302 0.0583256 0.0562495 0.0747290 0.0486242 0.0881202 0.0544251 0.0572412 0.0487659 0.0656451 0.0894597 0.0714008 0.0529669 0.0359982 0.0549518 0.0639247 0.0586879 0.0485963 0.0524306 0.0485649 0.0626558 0.0529164 0.0821708 0.0723139 0.0575522 0.0498771 0.0733209 0.0812218 0.0421882 0.0378138 0.0474150 0.0514633 0.0541590 0.0507592 0.0515302 0.0530195 0.0621827 0.0646682 0.0634031 0.0750624 0.0555591 0.0622177 0.0415673 0.0400019 0.0536571 0.0994589 0.0537035 0.0605917 0.0525923 0.0324829 0.0455431 0.0784396 0.0489236 0.0489272 0.0491539 0.0528727 0.0775247 0.0518833 0.0544549 0.0531928 0.0470395 0.0228801 0.1447447 0.0455405 0.0589451 0.0529340 0.0601349 0.0630393 0.0481750 
I0190_295_Trogonidae_Apaloderma_aequatoriale              0.0474735 0.0199049 0.0586071 0.0679664 0.0000000 0.0785691 0.0527365 0.0577069 0.0722800 0.0900526 0.0528949 0.0714324 0.0650717 0.0695244 0.0676691 0.0543904 0.0403984 0.0662679 0.0466255 0.0653689 0.0497233 0.0705824 0.0464622 0.0487466 0.0471661 0.0608524 0.0485617 0.0793900 0.0753728 0.0771981 0.0506151 0.0646420 0.0666041 0.0657279 0.0681444 0.0603212 0.0761173 0.0677748 0.0735638 0.0669987 0.0828773 0.0672977 0.0641795 0.0984868 0.0815115 0.0918719 0.0745568 0.0866659 0.0620666 0.0654123 0.0560034 0.0678824 0.0476981 0.0647151 0.0634174 0.0685856 0.0601140 0.0534663 0.0497570 0.0653760 0.0647682 0.0516493 0.0511613 0.0828912 0.0643122 0.0716847 0.0619436 0.0486079 0.0540080 0.0799364 0.0706365 0.0547440 0.0813038 0.0759351 0.0696069 0.0647470 0.0546784 0.0512053 0.0642677 0.0537305 0.0478554 0.0502722 0.0620199 0.0642616 0.0690784 0.0707859 0.0473249 0.0444028 0.0690118 0.0853439 0.0628505 0.0588975 0.0549919 0.0460228 0.0683697 0.0684349 0.0834863 0.0476285 0.0732004 0.0486538 0.0471487 0.0480419 0.0581238 0.0624228 0.0682269 0.0595809 0.0516717 0.0489416 0.0522284 0.0646644 0.0816850 0.0529763 0.0623482 0.0800560 0.0518947 0.0458260 0.0714507 0.0652910 0.0482746 0.0711204 0.0749860 0.0626597 0.0474013 0.0507433 0.0469372 0.0696374 0.0593052 0.0589102 0.0735945 0.0476698 0.0815543 0.0516969 0.0583452 0.0453802 0.0623236 0.0847132 0.0729446 0.0527402 0.0757518 0.0528614 0.0614197 0.0556768 0.0458828 0.0515038 0.0453334 0.0605729 0.0503530 0.0820991 0.0665553 0.0565548 0.0470063 0.0678484 0.0820142 0.0645690 0.0645736 0.0449485 0.0504523 0.0537244 0.0503295 0.0494712 0.0517799 0.0639023 0.0653115 0.0609770 0.0741483 0.0537755 0.0596496 0.0694549 0.0670582 0.0517725 0.0966951 0.0530079 0.0597136 0.0496949 0.0722120 0.0678991 0.0777162 0.0465170 0.0478940 0.0466679 0.0507944 0.0764397 0.0490331 0.0759250 0.0756065 0.0689256 0.0656989 0.1472528 0.0683308 0.0798416 0.0750075 0.0590477 0.0582818 0.0638960 
I0191_344_Indicatoridae_Indicator_exilis                  0.0666637 0.0796642 0.0737289 0.0803913 0.0785691 0.0000000 0.0697969 0.0747457 0.0838412 0.0536746 0.0703561 0.0820826 0.0802154 0.0810504 0.0815656 0.0709912 0.0574111 0.0788306 0.0642926 0.0793663 0.0666221 0.0813851 0.0653701 0.0656793 0.0656313 0.0779907 0.0654462 0.0297858 0.0840999 0.0856036 0.0676068 0.0797868 0.0815170 0.0793653 0.0805860 0.0746241 0.0866026 0.0809249 0.0893951 0.0814145 0.0971377 0.0811331 0.0782863 0.1094004 0.1013322 0.1057675 0.0829569 0.1003893 0.0760657 0.0765730 0.0742014 0.0811828 0.0665348 0.0781299 0.0775561 0.0806202 0.0774501 0.0695911 0.0665684 0.0778281 0.0783211 0.0692635 0.0688331 0.0989806 0.0789452 0.0897021 0.0770269 0.0659921 0.0687774 0.0943281 0.0879432 0.0690169 0.0304294 0.0924676 0.0822871 0.0793415 0.0724281 0.0692444 0.0785496 0.0631087 0.0663731 0.0659199 0.0759780 0.0775652 0.0774358 0.0775946 0.0646062 0.0619032 0.0815306 0.0991419 0.0770958 0.0729415 0.0729936 0.0628459 0.0849527 0.0861983 0.0432687 0.0653452 0.0902207 0.0667976 0.0654940 0.0657542 0.0767219 0.0755608 0.0832091 0.0795351 0.0682660 0.0662807 0.0711956 0.0793328 0.0972389 0.0687206 0.0794880 0.0956783 0.0703724 0.0634642 0.0829181 0.0828953 0.0657684 0.0813304 0.0918770 0.0774403 0.0655519 0.0682862 0.0643197 0.0798176 0.0739141 0.0730896 0.0899913 0.0656232 0.0944019 0.0672757 0.0712547 0.0636170 0.0826088 0.0466060 0.0850972 0.0692554 0.0884782 0.0700623 0.0771396 0.0745409 0.0637877 0.0694163 0.0632216 0.0781339 0.0675651 0.0951969 0.0809788 0.0737720 0.0650734 0.0818717 0.0966715 0.0765820 0.0795314 0.0630755 0.0693792 0.0710688 0.0666606 0.0677760 0.0691228 0.0773660 0.0788122 0.0786153 0.0890700 0.0694827 0.0777887 0.0825813 0.0797523 0.0697355 0.1126702 0.0701394 0.0774013 0.0686676 0.0828840 0.0784929 0.0935968 0.0634899 0.0665949 0.0653413 0.0678018 0.0928064 0.0670896 0.0832564 0.0836180 0.0782287 0.0784976 0.1564864 0.0791849 0.0875177 0.0823451 0.0748455 0.0749718 0.0796471 
I0192_375_Musophagidae_Tauraco_macrorhynchus              0.0327080 0.0538953 0.0436573 0.0536867 0.0527365 0.0697969 0.0000000 0.0422705 0.0608106 0.0828215 0.0197383 0.0580010 0.0528582 0.0583579 0.0532984 0.0393763 0.0243027 0.0529839 0.0295410 0.0530638 0.0348707 0.0558914 0.0327941 0.0327236 0.0314281 0.0450261 0.0332784 0.0716589 0.0623595 0.0657097 0.0361156 0.0506614 0.0521805 0.0520544 0.0530280 0.0452722 0.0644200 0.0528493 0.0608306 0.0532577 0.0686262 0.0530313 0.0502686 0.0846362 0.0670950 0.0781025 0.0624400 0.0769078 0.0510713 0.0481158 0.0425251 0.0543312 0.0319326 0.0493323 0.0496601 0.0538022 0.0452640 0.0382583 0.0328762 0.0516100 0.0508286 0.0372220 0.0358102 0.0705947 0.0512460 0.0600193 0.0464410 0.0320568 0.0381799 0.0667062 0.0583433 0.0409928 0.0734317 0.0604796 0.0547618 0.0502774 0.0390142 0.0369297 0.0498190 0.0421377 0.0335384 0.0348571 0.0468353 0.0515145 0.0572501 0.0595185 0.0305783 0.0275912 0.0565208 0.0713227 0.0492134 0.0440145 0.0398229 0.0297633 0.0536576 0.0549574 0.0756183 0.0313415 0.0608010 0.0346653 0.0330655 0.0322892 0.0435489 0.0529703 0.0546587 0.0465361 0.0382757 0.0339856 0.0382698 0.0490852 0.0682479 0.0368626 0.0485945 0.0661000 0.0350003 0.0293716 0.0583783 0.0511170 0.0320710 0.0586543 0.0605097 0.0461717 0.0301966 0.0356531 0.0314265 0.0562473 0.0439882 0.0429173 0.0584196 0.0311379 0.0724462 0.0362914 0.0435396 0.0294049 0.0479941 0.0791573 0.0568201 0.0373739 0.0612198 0.0375440 0.0472608 0.0403292 0.0303513 0.0356727 0.0290087 0.0470004 0.0352327 0.0689630 0.0558602 0.0406200 0.0316180 0.0564133 0.0662087 0.0508514 0.0510770 0.0288311 0.0337396 0.0374779 0.0339131 0.0341155 0.0361209 0.0478974 0.0491969 0.0473805 0.0597670 0.0386417 0.0464078 0.0549469 0.0536579 0.0371722 0.0838919 0.0364764 0.0441360 0.0358154 0.0583491 0.0550640 0.0640056 0.0310121 0.0335089 0.0302772 0.0360895 0.0605447 0.0338278 0.0631968 0.0627969 0.0552253 0.0520158 0.1384987 0.0555821 0.0672605 0.0621753 0.0434269 0.0467724 0.0517498 
I0193_447_Columbidae_Treron_calvus                        0.0383642 0.0585523 0.0493536 0.0583777 0.0577069 0.0747457 0.0422705 0.0000000 0.0664652 0.0881557 0.0422682 0.0634478 0.0580375 0.0634447 0.0585605 0.0442483 0.0210370 0.0581148 0.0358345 0.0576206 0.0392517 0.0604174 0.0377827 0.0378716 0.0355526 0.0178258 0.0377207 0.0769765 0.0682264 0.0705521 0.0403692 0.0552948 0.0564967 0.0585228 0.0592416 0.0187852 0.0688174 0.0574360 0.0643334 0.0578969 0.0727301 0.0580213 0.0555717 0.0900962 0.0732540 0.0826762 0.0674761 0.0845368 0.0568554 0.0533246 0.0465938 0.0583879 0.0377772 0.0530151 0.0542217 0.0588061 0.0179620 0.0438838 0.0387377 0.0565853 0.0567482 0.0419482 0.0409109 0.0746302 0.0562769 0.0638423 0.0507683 0.0381738 0.0434734 0.0703625 0.0624510 0.0472899 0.0775939 0.0647877 0.0597009 0.0560487 0.0451566 0.0415246 0.0551380 0.0387745 0.0397144 0.0390925 0.0504307 0.0572615 0.0616567 0.0638435 0.0356031 0.0329843 0.0620821 0.0761750 0.0529561 0.0483066 0.0446654 0.0348208 0.0590352 0.0604947 0.0819849 0.0356474 0.0651764 0.0386182 0.0385596 0.0374518 0.0479853 0.0567143 0.0577964 0.0501752 0.0431353 0.0390079 0.0436529 0.0531374 0.0734976 0.0419286 0.0525447 0.0713710 0.0414600 0.0344250 0.0619650 0.0552279 0.0382765 0.0644268 0.0640506 0.0513195 0.0365821 0.0415720 0.0363489 0.0614731 0.0497015 0.0482048 0.0624536 0.0358878 0.0786112 0.0410246 0.0485366 0.0343241 0.0533090 0.0835432 0.0631346 0.0423887 0.0675517 0.0422788 0.0513611 0.0464804 0.0349305 0.0397252 0.0345566 0.0492175 0.0398847 0.0703291 0.0617978 0.0457413 0.0358996 0.0625491 0.0711001 0.0549573 0.0558884 0.0335382 0.0392894 0.0427178 0.0402632 0.0397909 0.0412141 0.0514493 0.0545305 0.0501858 0.0645045 0.0433456 0.0502340 0.0600063 0.0592252 0.0414226 0.0883127 0.0413435 0.0166377 0.0407432 0.0628700 0.0602743 0.0678550 0.0360996 0.0378683 0.0354521 0.0411454 0.0651690 0.0397425 0.0689539 0.0667892 0.0604037 0.0576495 0.1369886 0.0610162 0.0727279 0.0681686 0.0490138 0.0528807 0.0557006 
I0194_495_Alcedinidae_Alcedo_quadribrachys                0.0561308 0.0729080 0.0645903 0.0754197 0.0722800 0.0838412 0.0608106 0.0664652 0.0000000 0.0954682 0.0619764 0.0772362 0.0731120 0.0658727 0.0740732 0.0626530 0.0480396 0.0737421 0.0550013 0.0734794 0.0583391 0.0774844 0.0552477 0.0583995 0.0556344 0.0687623 0.0570066 0.0855705 0.0810958 0.0852537 0.0577820 0.0725965 0.0742429 0.0737745 0.0741476 0.0681979 0.0812005 0.0737814 0.0836243 0.0755240 0.0896263 0.0737111 0.0718832 0.1013824 0.0897598 0.0977327 0.0795241 0.0865610 0.0587629 0.0700590 0.0636949 0.0759354 0.0571439 0.0703462 0.0715048 0.0750707 0.0675267 0.0615470 0.0582937 0.0727128 0.0716673 0.0592244 0.0591034 0.0905582 0.0718940 0.0832245 0.0694829 0.0570030 0.0617034 0.0901927 0.0805688 0.0643187 0.0877343 0.0845419 0.0753457 0.0719553 0.0628687 0.0591165 0.0713561 0.0573157 0.0562995 0.0592377 0.0695540 0.0470237 0.0732789 0.0737287 0.0567906 0.0525825 0.0774842 0.0932341 0.0711209 0.0667674 0.0652472 0.0548891 0.0770889 0.0789165 0.0862196 0.0552531 0.0836950 0.0593198 0.0559911 0.0568653 0.0675377 0.0619709 0.0751331 0.0704337 0.0608557 0.0585219 0.0621626 0.0714518 0.0890071 0.0623040 0.0710111 0.0886633 0.0611397 0.0545977 0.0786548 0.0725527 0.0578531 0.0775363 0.0835852 0.0698323 0.0553796 0.0590287 0.0563670 0.0753550 0.0659391 0.0663476 0.0826736 0.0566840 0.0886680 0.0609338 0.0663453 0.0549747 0.0736100 0.0853849 0.0810800 0.0597349 0.0830821 0.0621505 0.0693398 0.0648447 0.0552473 0.0589496 0.0546360 0.0690005 0.0596265 0.0887037 0.0755988 0.0649773 0.0561789 0.0776649 0.0904283 0.0694413 0.0736623 0.0526770 0.0591832 0.0617772 0.0583707 0.0581696 0.0602300 0.0713621 0.0735529 0.0704212 0.0839726 0.0627092 0.0697760 0.0778548 0.0759040 0.0605352 0.1027798 0.0609812 0.0680746 0.0584346 0.0782782 0.0751400 0.0859059 0.0552344 0.0567381 0.0554616 0.0586720 0.0839380 0.0576559 0.0798694 0.0811474 0.0746312 0.0720580 0.1555644 0.0753530 0.0842253 0.0805724 0.0664407 0.0676264 0.0720868 
I0195_522_Ramphastidae_Buccanodon_duchaillui              0.0800470 0.0911827 0.0891703 0.0958165 0.0900526 0.0536746 0.0828215 0.0881557 0.0954682 0.0000000 0.0832132 0.0977886 0.0943633 0.0915056 0.0968000 0.0838119 0.0710721 0.0927987 0.0786431 0.0935235 0.0807395 0.0981611 0.0794487 0.0800572 0.0792201 0.0911451 0.0796052 0.0563004 0.0993083 0.1032626 0.0829311 0.0931146 0.0949798 0.0930736 0.0948115 0.0880197 0.1027533 0.0965362 0.1019882 0.0957135 0.1103578 0.0948738 0.0922482 0.1229330 0.1101613 0.1185236 0.0995197 0.1107196 0.0892597 0.0919217 0.0877429 0.0967324 0.0793230 0.0927958 0.0912736 0.0964387 0.0922830 0.0838219 0.0792942 0.0914519 0.0945205 0.0833810 0.0823578 0.1112371 0.0933910 0.1039377 0.0920414 0.0797286 0.0830503 0.1071281 0.1011481 0.0835079 0.0573754 0.1056400 0.0981566 0.0933224 0.0854815 0.0828388 0.0936667 0.0730417 0.0799039 0.0807230 0.0919016 0.0903828 0.0887263 0.0889568 0.0788661 0.0764794 0.0955298 0.1119371 0.0913175 0.0876092 0.0875001 0.0762909 0.0994435 0.1002927 0.0337903 0.0799593 0.1050593 0.0816407 0.0797285 0.0802265 0.0899947 0.0865953 0.0964481 0.0924304 0.0829968 0.0812520 0.0850910 0.0939406 0.1098694 0.0837967 0.0936977 0.1091822 0.0842552 0.0776226 0.0977910 0.0951021 0.0803368 0.0972284 0.1051146 0.0917931 0.0803604 0.0826829 0.0782850 0.0954250 0.0888997 0.0881142 0.1033536 0.0805598 0.1027236 0.0826143 0.0859995 0.0771800 0.0965446 0.0425924 0.0991678 0.0832954 0.1030503 0.0845512 0.0903363 0.0871330 0.0781397 0.0825146 0.0774112 0.0919335 0.0824990 0.1095849 0.0922313 0.0871927 0.0797533 0.0935986 0.1102325 0.0925778 0.0936243 0.0770222 0.0830682 0.0842505 0.0791842 0.0813036 0.0834270 0.0929897 0.0941523 0.0935276 0.1018547 0.0829980 0.0922497 0.0965956 0.0943406 0.0823570 0.1213933 0.0838896 0.0904391 0.0815360 0.0980109 0.0946582 0.1051327 0.0789440 0.0810090 0.0798954 0.0799958 0.1050103 0.0813891 0.1001807 0.1006810 0.0957458 0.0927518 0.1685281 0.0952631 0.1039186 0.0994575 0.0890034 0.0899093 0.0941355 
I0196_523_Musophagidae_Corythaeola_cristata               0.0327401 0.0538532 0.0442242 0.0543405 0.0528949 0.0703561 0.0197383 0.0422682 0.0619764 0.0832132 0.0000000 0.0590895 0.0544724 0.0595695 0.0539347 0.0388793 0.0241763 0.0542796 0.0292003 0.0538115 0.0340165 0.0563667 0.0322187 0.0320471 0.0300779 0.0453847 0.0327334 0.0721801 0.0632803 0.0662992 0.0359127 0.0512668 0.0531706 0.0528967 0.0537403 0.0453149 0.0651253 0.0537569 0.0604330 0.0536940 0.0674436 0.0532377 0.0509944 0.0866741 0.0691372 0.0790148 0.0635828 0.0788739 0.0506415 0.0480452 0.0424980 0.0549750 0.0316268 0.0488973 0.0505035 0.0547684 0.0449116 0.0374915 0.0324061 0.0529620 0.0521932 0.0371225 0.0353888 0.0693144 0.0511707 0.0603339 0.0466005 0.0318313 0.0386243 0.0662354 0.0583971 0.0413655 0.0731445 0.0601924 0.0554963 0.0504818 0.0388332 0.0367195 0.0498976 0.0429759 0.0336071 0.0335587 0.0475909 0.0513453 0.0582289 0.0602956 0.0299927 0.0275222 0.0572827 0.0704999 0.0477741 0.0440043 0.0393445 0.0293697 0.0536346 0.0553291 0.0764018 0.0310467 0.0616960 0.0339585 0.0331712 0.0319332 0.0431614 0.0530414 0.0542096 0.0457882 0.0383548 0.0334751 0.0376778 0.0494062 0.0681326 0.0360738 0.0475933 0.0653751 0.0344330 0.0285474 0.0584289 0.0501085 0.0316456 0.0592734 0.0601638 0.0467892 0.0302686 0.0352747 0.0310112 0.0565893 0.0450509 0.0434253 0.0583941 0.0305238 0.0737146 0.0359856 0.0433803 0.0290373 0.0491098 0.0793041 0.0573975 0.0365578 0.0627861 0.0367664 0.0469430 0.0406130 0.0294026 0.0344202 0.0290699 0.0464105 0.0348115 0.0675334 0.0567959 0.0402923 0.0309714 0.0575757 0.0662013 0.0513584 0.0517615 0.0278206 0.0327391 0.0365651 0.0329290 0.0341411 0.0360010 0.0480437 0.0498002 0.0469959 0.0596511 0.0378950 0.0463754 0.0564881 0.0553088 0.0365288 0.0854139 0.0357772 0.0445753 0.0346695 0.0586012 0.0562589 0.0631452 0.0301102 0.0325226 0.0298050 0.0355491 0.0603738 0.0337293 0.0637886 0.0631843 0.0557745 0.0517788 0.1387743 0.0564902 0.0679236 0.0624445 0.0429257 0.0479658 0.0512656 
I0197_832_Corvidae_Corvus_albus                           0.0534986 0.0724980 0.0625172 0.0499341 0.0714324 0.0820826 0.0580010 0.0634478 0.0772362 0.0977886 0.0590895 0.0000000 0.0716811 0.0753969 0.0473133 0.0614905 0.0456226 0.0468032 0.0522324 0.0472835 0.0559401 0.0491128 0.0537691 0.0542253 0.0534968 0.0657891 0.0555148 0.0831333 0.0295322 0.0325592 0.0560596 0.0464506 0.0478840 0.0702736 0.0716745 0.0649368 0.0303501 0.0467946 0.0786369 0.0485128 0.0845790 0.0480409 0.0450416 0.1019961 0.0874724 0.0970353 0.0282996 0.0963464 0.0688568 0.0679641 0.0626406 0.0479611 0.0537014 0.0666131 0.0441702 0.0482634 0.0642424 0.0593207 0.0550884 0.0463278 0.0686074 0.0561039 0.0566122 0.0859714 0.0459121 0.0792005 0.0662373 0.0543288 0.0583687 0.0846108 0.0771568 0.0610798 0.0838554 0.0806071 0.0498598 0.0459516 0.0614268 0.0566057 0.0456384 0.0592165 0.0539188 0.0566151 0.0650407 0.0697769 0.0753102 0.0749280 0.0531262 0.0501829 0.0736918 0.0877910 0.0667421 0.0623698 0.0606732 0.0526308 0.0731466 0.0751318 0.0900359 0.0527108 0.0806746 0.0558842 0.0551189 0.0543405 0.0634730 0.0690578 0.0708420 0.0661519 0.0576330 0.0557140 0.0599219 0.0671285 0.0853127 0.0589192 0.0679364 0.0838711 0.0572082 0.0518178 0.0508411 0.0697707 0.0541410 0.0354375 0.0804368 0.0651740 0.0535050 0.0565334 0.0541911 0.0480488 0.0630926 0.0607044 0.0786882 0.0531110 0.0908015 0.0575265 0.0624299 0.0521733 0.0690766 0.0896763 0.0765808 0.0574291 0.0563662 0.0589833 0.0671072 0.0629542 0.0529841 0.0565433 0.0519719 0.0663338 0.0565028 0.0864835 0.0759079 0.0621409 0.0533409 0.0765714 0.0848260 0.0334183 0.0457182 0.0508111 0.0556982 0.0584612 0.0559949 0.0559020 0.0574641 0.0669175 0.0692105 0.0656077 0.0791466 0.0606565 0.0647571 0.0497298 0.0478804 0.0582276 0.1031766 0.0581027 0.0649219 0.0575500 0.0506225 0.0317670 0.0804641 0.0531859 0.0535796 0.0533386 0.0577281 0.0821539 0.0557424 0.0290176 0.0288881 0.0134872 0.0460920 0.1508968 0.0317615 0.0334362 0.0279360 0.0652532 0.0658106 0.0523315 
I0198_937_Bucerotidae_Tockus_camurus                      0.0485379 0.0638022 0.0580282 0.0681600 0.0650717 0.0802154 0.0528582 0.0580375 0.0731120 0.0943633 0.0544724 0.0716811 0.0000000 0.0685538 0.0668670 0.0570042 0.0402570 0.0671308 0.0467172 0.0665151 0.0501826 0.0702755 0.0474736 0.0484796 0.0472362 0.0612076 0.0491735 0.0817566 0.0754489 0.0782601 0.0508952 0.0641106 0.0657994 0.0663162 0.0668580 0.0602360 0.0773158 0.0659385 0.0746049 0.0669867 0.0810904 0.0669139 0.0642861 0.0998512 0.0827429 0.0934063 0.0748798 0.0845734 0.0606255 0.0619505 0.0572456 0.0691496 0.0487120 0.0631286 0.0636905 0.0669525 0.0603590 0.0534323 0.0490761 0.0652029 0.0648847 0.0518962 0.0501602 0.0826704 0.0660174 0.0744431 0.0618250 0.0495363 0.0539182 0.0813061 0.0729730 0.0572692 0.0848292 0.0768835 0.0689172 0.0647290 0.0543019 0.0518469 0.0649120 0.0534250 0.0489980 0.0504049 0.0612710 0.0632622 0.0670284 0.0704427 0.0467324 0.0437413 0.0689632 0.0846170 0.0638268 0.0583883 0.0557456 0.0467153 0.0679905 0.0706892 0.0879104 0.0481022 0.0761366 0.0500723 0.0482338 0.0491621 0.0594649 0.0602951 0.0687802 0.0627159 0.0513686 0.0503245 0.0536516 0.0633725 0.0814488 0.0526142 0.0619988 0.0795685 0.0530900 0.0463417 0.0718198 0.0661996 0.0490982 0.0718067 0.0766500 0.0604741 0.0462061 0.0518527 0.0476539 0.0705661 0.0576197 0.0580481 0.0746911 0.0476964 0.0798929 0.0517119 0.0587209 0.0467403 0.0648459 0.0887458 0.0732581 0.0532262 0.0757679 0.0536117 0.0629072 0.0561473 0.0466745 0.0504681 0.0467477 0.0616239 0.0516939 0.0826570 0.0723596 0.0562789 0.0487470 0.0737275 0.0817469 0.0635085 0.0651975 0.0456129 0.0501469 0.0527685 0.0496352 0.0493876 0.0532891 0.0628537 0.0651414 0.0625769 0.0744754 0.0558296 0.0619672 0.0692933 0.0680458 0.0541836 0.0999463 0.0520010 0.0596364 0.0496371 0.0723742 0.0688719 0.0767398 0.0472898 0.0481103 0.0469403 0.0512054 0.0768344 0.0489145 0.0765733 0.0760711 0.0685709 0.0659937 0.1464325 0.0692951 0.0808606 0.0748868 0.0599198 0.0269074 0.0649357 
I0199_955_Meropidae_Merops_muelleri                       0.0536721 0.0706519 0.0640347 0.0711294 0.0695244 0.0810504 0.0583579 0.0634447 0.0658727 0.0915056 0.0595695 0.0753969 0.0685538 0.0000000 0.0718662 0.0615345 0.0448542 0.0703638 0.0531173 0.0696141 0.0569848 0.0733482 0.0530420 0.0543963 0.0523762 0.0671305 0.0548006 0.0812411 0.0786310 0.0814278 0.0569013 0.0686279 0.0696407 0.0695334 0.0712064 0.0664017 0.0801789 0.0708216 0.0804205 0.0698632 0.0879163 0.0704053 0.0678624 0.1005515 0.0875977 0.0974313 0.0777617 0.0863690 0.0623820 0.0685701 0.0624855 0.0718982 0.0548639 0.0696002 0.0671835 0.0720260 0.0660722 0.0591448 0.0552092 0.0683407 0.0702056 0.0575628 0.0572393 0.0889140 0.0678765 0.0784372 0.0681953 0.0548457 0.0593236 0.0848275 0.0788911 0.0607531 0.0826233 0.0843207 0.0721780 0.0681173 0.0607419 0.0577260 0.0672991 0.0569851 0.0549213 0.0568811 0.0677316 0.0619549 0.0694394 0.0706979 0.0537759 0.0492471 0.0737501 0.0901104 0.0687022 0.0649992 0.0615734 0.0532042 0.0750943 0.0756670 0.0863206 0.0540474 0.0802394 0.0560909 0.0538412 0.0551144 0.0636889 0.0596377 0.0752015 0.0663307 0.0574503 0.0563636 0.0611594 0.0704247 0.0882326 0.0588752 0.0702603 0.0866422 0.0582584 0.0509894 0.0753693 0.0705638 0.0547928 0.0753459 0.0833754 0.0683309 0.0525177 0.0579890 0.0539394 0.0724669 0.0653369 0.0642938 0.0829919 0.0540186 0.0859105 0.0587468 0.0637277 0.0520361 0.0700356 0.0859106 0.0791844 0.0590840 0.0782108 0.0599645 0.0668877 0.0635629 0.0529224 0.0574593 0.0521279 0.0661664 0.0577804 0.0880138 0.0732221 0.0631202 0.0543467 0.0747163 0.0895103 0.0672288 0.0687041 0.0517270 0.0561925 0.0596766 0.0555951 0.0544706 0.0580330 0.0697505 0.0720676 0.0676629 0.0799380 0.0608622 0.0674432 0.0731422 0.0710573 0.0589342 0.1032589 0.0589291 0.0659015 0.0561280 0.0754930 0.0702491 0.0836576 0.0533213 0.0549456 0.0533974 0.0566642 0.0832720 0.0550359 0.0771056 0.0792961 0.0723074 0.0687866 0.1548159 0.0704194 0.0831335 0.0776509 0.0658562 0.0630770 0.0704577 
I0200_988_Furnariidae_Furnarius_rufus                     0.0488034 0.0680125 0.0577088 0.0392034 0.0676691 0.0815656 0.0532984 0.0585605 0.0740732 0.0968000 0.0539347 0.0473133 0.0668670 0.0718662 0.0000000 0.0567129 0.0407848 0.0359324 0.0471467 0.0354138 0.0509151 0.0307890 0.0471944 0.0487777 0.0475499 0.0615486 0.0491047 0.0831939 0.0513593 0.0549069 0.0511640 0.0328823 0.0350299 0.0636257 0.0651098 0.0605070 0.0531395 0.0155979 0.0735221 0.0346911 0.0793583 0.0353056 0.0317754 0.0977151 0.0817880 0.0914824 0.0512836 0.0917944 0.0652758 0.0627277 0.0569916 0.0291679 0.0494375 0.0611298 0.0319361 0.0150446 0.0606388 0.0536980 0.0502411 0.0353371 0.0642415 0.0512913 0.0515734 0.0816218 0.0331288 0.0743213 0.0608562 0.0492712 0.0537578 0.0802999 0.0713338 0.0563094 0.0820570 0.0748354 0.0301031 0.0326995 0.0558709 0.0510465 0.0325984 0.0549185 0.0496130 0.0518166 0.0590177 0.0666545 0.0701394 0.0712671 0.0486044 0.0450848 0.0679458 0.0832900 0.0638548 0.0564629 0.0566582 0.0484187 0.0667620 0.0698737 0.0899810 0.0481541 0.0746791 0.0501418 0.0494845 0.0501178 0.0585539 0.0661372 0.0658010 0.0616346 0.0547154 0.0499883 0.0549911 0.0607293 0.0805481 0.0533279 0.0627072 0.0799089 0.0519611 0.0468047 0.0322982 0.0653449 0.0487872 0.0480251 0.0744469 0.0592632 0.0474889 0.0515885 0.0496189 0.0405755 0.0588294 0.0554161 0.0734047 0.0487529 0.0862904 0.0527641 0.0578301 0.0482179 0.0639600 0.0908428 0.0714834 0.0524587 0.0463941 0.0547340 0.0630246 0.0581274 0.0485567 0.0518620 0.0481187 0.0616174 0.0516469 0.0809761 0.0700564 0.0570225 0.0494020 0.0718816 0.0794563 0.0414445 0.0331154 0.0471377 0.0508882 0.0531079 0.0516979 0.0499359 0.0527472 0.0624159 0.0644752 0.0619126 0.0727160 0.0550822 0.0610705 0.0286950 0.0363587 0.0536952 0.0985782 0.0529822 0.0609290 0.0516855 0.0420799 0.0444769 0.0764060 0.0482065 0.0479538 0.0483645 0.0522791 0.0761511 0.0503628 0.0520782 0.0520503 0.0447579 0.0370151 0.1420808 0.0446626 0.0565358 0.0512623 0.0597466 0.0620906 0.0463278 
I0201_999_Scolopacidae_Tringa_solitaria                   0.0339873 0.0563583 0.0459455 0.0563025 0.0543904 0.0709912 0.0393763 0.0442483 0.0626530 0.0838119 0.0388793 0.0614905 0.0570042 0.0615345 0.0567129 0.0000000 0.0263281 0.0567103 0.0323813 0.0558201 0.0283117 0.0589244 0.0345737 0.0284364 0.0321346 0.0478515 0.0294452 0.0729683 0.0653345 0.0692540 0.0382219 0.0532434 0.0551810 0.0543042 0.0552208 0.0466179 0.0669708 0.0562098 0.0626426 0.0566756 0.0693236 0.0553086 0.0539096 0.0870099 0.0712536 0.0807854 0.0653834 0.0790384 0.0539590 0.0514594 0.0436544 0.0570324 0.0332865 0.0507595 0.0527949 0.0574143 0.0470243 0.0396641 0.0339466 0.0554980 0.0530966 0.0395392 0.0372973 0.0701516 0.0538670 0.0603585 0.0476388 0.0338352 0.0406453 0.0686976 0.0588629 0.0429987 0.0738402 0.0615309 0.0586634 0.0541048 0.0414699 0.0389935 0.0530412 0.0444192 0.0347638 0.0279584 0.0499065 0.0539208 0.0596349 0.0610520 0.0328222 0.0297467 0.0588803 0.0713530 0.0321085 0.0461424 0.0418072 0.0300505 0.0550361 0.0560267 0.0777204 0.0317000 0.0618480 0.0296301 0.0344690 0.0326656 0.0447175 0.0551794 0.0560492 0.0474834 0.0400669 0.0299103 0.0398465 0.0516680 0.0701229 0.0383013 0.0483281 0.0668085 0.0376696 0.0305733 0.0615418 0.0517497 0.0338210 0.0612365 0.0609141 0.0493424 0.0321708 0.0370929 0.0317135 0.0591976 0.0461622 0.0457386 0.0593248 0.0328207 0.0739563 0.0300423 0.0455968 0.0298600 0.0495225 0.0797734 0.0602411 0.0381375 0.0650181 0.0305894 0.0305486 0.0422745 0.0304775 0.0362672 0.0303976 0.0484722 0.0294229 0.0624464 0.0585201 0.0426289 0.0314361 0.0602061 0.0668128 0.0526219 0.0547665 0.0294077 0.0361628 0.0386254 0.0347281 0.0355242 0.0384614 0.0501035 0.0518952 0.0492927 0.0623485 0.0116872 0.0487093 0.0595981 0.0576763 0.0129641 0.0853400 0.0372632 0.0459967 0.0366045 0.0619295 0.0572765 0.0648423 0.0335012 0.0343338 0.0314546 0.0372248 0.0625153 0.0353978 0.0669181 0.0655905 0.0585964 0.0544154 0.1356654 0.0576541 0.0704825 0.0654322 0.0292344 0.0495697 0.0534987 
I0202_1066_Cathartidae_Cathartes_burrovianus              0.0177488 0.0406110 0.0303329 0.0413507 0.0403984 0.0574111 0.0243027 0.0210370 0.0480396 0.0710721 0.0241763 0.0456226 0.0402570 0.0448542 0.0407848 0.0263281 0.0000000 0.0404704 0.0170253 0.0397689 0.0210424 0.0434652 0.0182315 0.0187486 0.0169391 0.0277498 0.0197491 0.0598103 0.0500772 0.0525434 0.0214532 0.0374867 0.0392927 0.0399836 0.0411154 0.0271758 0.0511355 0.0402079 0.0476270 0.0403985 0.0563044 0.0399342 0.0376033 0.0734331 0.0565456 0.0672660 0.0502041 0.0649298 0.0378900 0.0363728 0.0279825 0.0415612 0.0179222 0.0352027 0.0369759 0.0409459 0.0267456 0.0249736 0.0200416 0.0392040 0.0385195 0.0223988 0.0217982 0.0574625 0.0380521 0.0463616 0.0329142 0.0190369 0.0258621 0.0538818 0.0444285 0.0286347 0.0610686 0.0476209 0.0426027 0.0380590 0.0266893 0.0222475 0.0368731 0.0296948 0.0190539 0.0210464 0.0333714 0.0386670 0.0432049 0.0470013 0.0172797 0.0031848 0.0448023 0.0589750 0.0351168 0.0307036 0.0274995 0.0169427 0.0411174 0.0419220 0.0633838 0.0179673 0.0476645 0.0203743 0.0181322 0.0194707 0.0304797 0.0394481 0.0424636 0.0338212 0.0239976 0.0203267 0.0244879 0.0354788 0.0570187 0.0235470 0.0345138 0.0546959 0.0230749 0.0155916 0.0448243 0.0383408 0.0188181 0.0463868 0.0468386 0.0334272 0.0169528 0.0213180 0.0181020 0.0436221 0.0311990 0.0299552 0.0454776 0.0176380 0.0587686 0.0227161 0.0302107 0.0162401 0.0354983 0.0664264 0.0464534 0.0238571 0.0489703 0.0244239 0.0340288 0.0284923 0.0164141 0.0218760 0.0162532 0.0344130 0.0215405 0.0543583 0.0439142 0.0286294 0.0187847 0.0452277 0.0536729 0.0370638 0.0385089 0.0154271 0.0203012 0.0238358 0.0201872 0.0196669 0.0232412 0.0348149 0.0371458 0.0349613 0.0476133 0.0256102 0.0349516 0.0435125 0.0415543 0.0236262 0.0720695 0.0229313 0.0262135 0.0223371 0.0456932 0.0418892 0.0513146 0.0170277 0.0184867 0.0168731 0.0215581 0.0482342 0.0198804 0.0512921 0.0500981 0.0429258 0.0385050 0.1235942 0.0422814 0.0544759 0.0500817 0.0308091 0.0331982 0.0376350 
I0203_1087_Tyrannidae_Hymenops_perspicillatus             0.0488936 0.0664186 0.0587659 0.0397257 0.0662679 0.0788306 0.0529839 0.0581148 0.0737421 0.0927987 0.0542796 0.0468032 0.0671308 0.0703638 0.0359324 0.0567103 0.0404704 0.0000000 0.0479607 0.0130010 0.0520682 0.0383361 0.0479699 0.0502417 0.0486942 0.0609998 0.0506943 0.0799408 0.0510837 0.0532709 0.0516438 0.0216004 0.0221526 0.0660588 0.0678549 0.0609861 0.0527228 0.0351487 0.0732141 0.0214201 0.0799760 0.0196794 0.0202937 0.0955388 0.0813690 0.0909836 0.0502684 0.0908618 0.0640545 0.0644122 0.0574533 0.0370842 0.0495433 0.0612371 0.0205676 0.0365620 0.0607320 0.0542256 0.0506011 0.0100084 0.0640437 0.0518413 0.0511794 0.0817619 0.0202995 0.0735543 0.0618887 0.0484961 0.0534393 0.0808674 0.0723223 0.0562704 0.0789820 0.0755828 0.0376510 0.0202934 0.0562251 0.0514435 0.0207921 0.0561409 0.0494718 0.0522380 0.0593386 0.0668927 0.0712730 0.0723354 0.0484794 0.0441789 0.0692137 0.0838644 0.0630779 0.0563325 0.0564875 0.0480391 0.0679250 0.0696937 0.0869222 0.0489604 0.0740994 0.0514042 0.0501035 0.0504861 0.0600024 0.0652571 0.0649833 0.0631677 0.0546195 0.0510213 0.0550061 0.0613558 0.0813186 0.0545658 0.0632916 0.0805404 0.0524175 0.0474621 0.0388794 0.0656941 0.0494134 0.0463396 0.0751040 0.0596225 0.0481578 0.0517502 0.0490563 0.0407425 0.0590899 0.0553914 0.0734790 0.0484706 0.0865042 0.0536243 0.0574126 0.0477089 0.0652257 0.0870096 0.0721199 0.0527949 0.0470325 0.0551102 0.0629644 0.0590629 0.0479651 0.0525833 0.0474907 0.0614839 0.0523079 0.0828512 0.0694366 0.0572517 0.0493406 0.0704226 0.0804906 0.0405812 0.0216516 0.0465943 0.0516434 0.0544589 0.0515462 0.0505775 0.0534090 0.0617258 0.0652019 0.0613685 0.0728995 0.0551917 0.0605827 0.0378502 0.0118386 0.0535077 0.0971504 0.0535508 0.0597836 0.0513679 0.0431907 0.0424789 0.0771657 0.0474012 0.0489490 0.0485752 0.0525113 0.0772552 0.0510036 0.0508879 0.0512472 0.0437360 0.0371502 0.1456588 0.0425642 0.0546221 0.0511979 0.0607161 0.0617248 0.0474402 
I0204_1174_Threskiornithidae_Harpiprion_caerulescens      0.0247649 0.0469437 0.0367639 0.0482395 0.0466255 0.0642926 0.0295410 0.0358345 0.0550013 0.0786431 0.0292003 0.0522324 0.0467172 0.0531173 0.0471467 0.0323813 0.0170253 0.0479607 0.0000000 0.0474973 0.0267369 0.0508207 0.0248776 0.0235735 0.0218414 0.0390019 0.0247986 0.0662750 0.0569658 0.0600627 0.0281636 0.0451716 0.0471103 0.0452383 0.0465325 0.0389825 0.0581040 0.0470775 0.0533678 0.0480253 0.0609940 0.0473537 0.0448022 0.0793155 0.0576380 0.0721643 0.0569987 0.0722600 0.0445093 0.0421134 0.0347047 0.0487392 0.0220404 0.0418520 0.0442933 0.0484823 0.0381555 0.0305919 0.0230042 0.0469159 0.0449486 0.0290754 0.0276052 0.0626812 0.0456144 0.0529917 0.0381275 0.0230952 0.0318110 0.0610120 0.0506194 0.0349958 0.0681503 0.0530589 0.0494092 0.0452795 0.0323911 0.0290253 0.0446129 0.0359573 0.0259688 0.0266940 0.0401937 0.0453482 0.0499471 0.0534460 0.0205288 0.0198230 0.0501668 0.0637096 0.0409575 0.0369855 0.0329634 0.0204996 0.0463007 0.0482038 0.0713208 0.0229837 0.0538987 0.0259023 0.0255351 0.0233673 0.0354320 0.0457364 0.0478351 0.0389516 0.0307599 0.0257674 0.0303696 0.0422366 0.0617550 0.0275480 0.0404172 0.0590584 0.0270235 0.0201092 0.0524337 0.0433870 0.0230095 0.0538247 0.0522777 0.0400170 0.0205913 0.0284771 0.0220124 0.0507893 0.0371210 0.0363994 0.0503509 0.0216607 0.0668099 0.0284382 0.0362757 0.0203426 0.0409054 0.0724833 0.0514763 0.0289539 0.0568554 0.0298434 0.0392906 0.0333347 0.0207827 0.0276773 0.0202154 0.0394003 0.0272020 0.0616661 0.0505955 0.0337189 0.0225869 0.0507865 0.0590349 0.0446925 0.0457345 0.0187781 0.0242102 0.0289103 0.0237281 0.0262637 0.0284231 0.0406903 0.0429890 0.0398783 0.0531770 0.0319627 0.0399532 0.0498149 0.0491232 0.0301648 0.0784535 0.0287175 0.0377970 0.0279658 0.0530938 0.0491748 0.0553979 0.0228905 0.0250957 0.0209577 0.0275934 0.0535859 0.0260359 0.0587261 0.0560240 0.0499635 0.0462307 0.1308122 0.0493648 0.0628704 0.0570244 0.0364175 0.0401509 0.0447340 
I0205_1183_Tyrannidae_Hirundinea_ferruginea               0.0486652 0.0656573 0.0575281 0.0391128 0.0653689 0.0793663 0.0530638 0.0576206 0.0734794 0.0935235 0.0538115 0.0472835 0.0665151 0.0696141 0.0354138 0.0558201 0.0397689 0.0130010 0.0474973 0.0000000 0.0511717 0.0378126 0.0473633 0.0490098 0.0480428 0.0603452 0.0494260 0.0799251 0.0517637 0.0535447 0.0508996 0.0207126 0.0218368 0.0653108 0.0665709 0.0599414 0.0537674 0.0347366 0.0722968 0.0205463 0.0785553 0.0196662 0.0200257 0.0951749 0.0800869 0.0895534 0.0515532 0.0907919 0.0634380 0.0630667 0.0561556 0.0370994 0.0486405 0.0599265 0.0199716 0.0357316 0.0604217 0.0527566 0.0495329 0.0133414 0.0638669 0.0507529 0.0505309 0.0808344 0.0204530 0.0729077 0.0610932 0.0484907 0.0534290 0.0787081 0.0714479 0.0554153 0.0800244 0.0747276 0.0377287 0.0203453 0.0548513 0.0507756 0.0204867 0.0548959 0.0492667 0.0512499 0.0584653 0.0652338 0.0701475 0.0716247 0.0481935 0.0432181 0.0680381 0.0829338 0.0622988 0.0554029 0.0553177 0.0468685 0.0674669 0.0687501 0.0875843 0.0481800 0.0735754 0.0500928 0.0492416 0.0490131 0.0591224 0.0650211 0.0643926 0.0619863 0.0530675 0.0493900 0.0536923 0.0604519 0.0799285 0.0537597 0.0623867 0.0794311 0.0521972 0.0465845 0.0391503 0.0648215 0.0484454 0.0471750 0.0739679 0.0588029 0.0476272 0.0515116 0.0485324 0.0403789 0.0581020 0.0544209 0.0726200 0.0475638 0.0858903 0.0525895 0.0567670 0.0472552 0.0647314 0.0882312 0.0701818 0.0521185 0.0466122 0.0547334 0.0624244 0.0578760 0.0471010 0.0515014 0.0470534 0.0607873 0.0519067 0.0812104 0.0689004 0.0566920 0.0485471 0.0696217 0.0797377 0.0407267 0.0211151 0.0459511 0.0508678 0.0531337 0.0502657 0.0497667 0.0520369 0.0607227 0.0638172 0.0604389 0.0721857 0.0547478 0.0603021 0.0374024 0.0140607 0.0534749 0.0954597 0.0523517 0.0590908 0.0506156 0.0425877 0.0431728 0.0759242 0.0461585 0.0484821 0.0479592 0.0513535 0.0767411 0.0502943 0.0520834 0.0513498 0.0448939 0.0366189 0.1438914 0.0432306 0.0555891 0.0515734 0.0603983 0.0610185 0.0475213 
