35
Burramyidae_Burramys_parvus                  0.0000000 0.0588910 0.0410763 0.0409650 0.0635481 0.0360448 0.0358543 0.0435752 0.0703132 0.0365600 0.0612130 0.0594741 0.0365062 0.0377635 0.0593177 0.0633815 0.0600549 0.0682699 0.0376822 0.0351465 0.0803247 0.0658564 0.0610709 0.0407597 0.0472196 0.0360208 0.0401675 0.0400806 0.0467221 0.0407265 0.0367275 0.0683817 0.0626601 0.0674741 0.0197370 
Notoryctidae_Notoryctes_typhlops             0.0588910 0.0000000 0.0542160 0.0533962 0.0650625 0.0568315 0.0549876 0.0573212 0.0696723 0.0561596 0.0640847 0.0663234 0.0537711 0.0543251 0.0632354 0.0656428 0.0615576 0.0687726 0.0510677 0.0510243 0.0873810 0.0757079 0.0667200 0.0561657 0.0524401 0.0541355 0.0542135 0.0590722 0.0648225 0.0558111 0.0543627 0.0670969 0.0637513 0.0680010 0.0255585 
Potoroidae_Bettongia_penicillata             0.0410763 0.0542160 0.0000000 0.0019809 0.0608255 0.0398960 0.0400663 0.0083534 0.0681956 0.0397189 0.0616977 0.0598762 0.0398951 0.0408533 0.0602195 0.0615263 0.0604401 0.0658062 0.0121072 0.0356724 0.0841875 0.0737853 0.0600449 0.0251459 0.0473845 0.0365982 0.0138172 0.0417218 0.0430978 0.0417529 0.0395735 0.0648168 0.0603102 0.0660803 0.0216123 
Potoroidae_Bettongia_lesueur                 0.0409650 0.0533962 0.0019809 0.0000000 0.0599394 0.0402143 0.0403854 0.0085272 0.0674899 0.0400402 0.0607109 0.0582753 0.0402135 0.0413724 0.0593342 0.0601550 0.0589359 0.0651269 0.0123056 0.0358301 0.0844540 0.0733702 0.0591578 0.0249130 0.0468133 0.0373082 0.0143291 0.0417523 0.0440896 0.0420744 0.0398894 0.0644361 0.0589487 0.0654008 0.0215194 
Dasyuridae_Dasyurus_maculatus                0.0635481 0.0650625 0.0608255 0.0599394 0.0000000 0.0611725 0.0608218 0.0635980 0.0767366 0.0604116 0.0158111 0.0166128 0.0612282 0.0588001 0.0152282 0.0056510 0.0188845 0.0732419 0.0582269 0.0576905 0.0879829 0.0777718 0.0155874 0.0629538 0.0578745 0.0603852 0.0618206 0.0631674 0.0675497 0.0606736 0.0609115 0.0726054 0.0039912 0.0743818 0.0293327 
Phalangeridae_Trichosurus_vulpecula          0.0360448 0.0568315 0.0398960 0.0402143 0.0611725 0.0000000 0.0133594 0.0428160 0.0689997 0.0141947 0.0622507 0.0592255 0.0138511 0.0390887 0.0607940 0.0593500 0.0610245 0.0677336 0.0376061 0.0374975 0.0775212 0.0713173 0.0613122 0.0401091 0.0452287 0.0371467 0.0391881 0.0398053 0.0455630 0.0408264 0.0138118 0.0662237 0.0597171 0.0673774 0.0214462 
Phalangeridae_Spilocuscus_maculatus          0.0358543 0.0549876 0.0400663 0.0403854 0.0608218 0.0133594 0.0000000 0.0436217 0.0630234 0.0080447 0.0621218 0.0592010 0.0065140 0.0389174 0.0606660 0.0597172 0.0589650 0.0618362 0.0379653 0.0383687 0.0807870 0.0724084 0.0609407 0.0410738 0.0452400 0.0375710 0.0401474 0.0405929 0.0442879 0.0402595 0.0062201 0.0622657 0.0593519 0.0615796 0.0192310 
Potoroidae_Aepyprymnus_rufescens             0.0435752 0.0573212 0.0083534 0.0085272 0.0635980 0.0428160 0.0436217 0.0000000 0.0707627 0.0435438 0.0638606 0.0632636 0.0434594 0.0441958 0.0630804 0.0643177 0.0637031 0.0687421 0.0136410 0.0369603 0.0884873 0.0767797 0.0634426 0.0278368 0.0485719 0.0383206 0.0163248 0.0440015 0.0452522 0.0448176 0.0431182 0.0669499 0.0625750 0.0682448 0.0206043 
Peramelidae_Perameles_nasuta                 0.0703132 0.0696723 0.0681956 0.0674899 0.0767366 0.0689997 0.0630234 0.0707627 0.0000000 0.0642275 0.0805697 0.0760986 0.0631961 0.0676087 0.0802365 0.0776947 0.0777373 0.0100474 0.0657226 0.0649117 0.1041473 0.0947816 0.0804784 0.0679334 0.0629404 0.0657863 0.0689824 0.0696455 0.0699393 0.0664447 0.0640104 0.0106435 0.0773033 0.0005441 0.0312820 
Phalangeridae_Strigocuscus_pelengensis       0.0365600 0.0561596 0.0397189 0.0400402 0.0604116 0.0141947 0.0080447 0.0435438 0.0642275 0.0000000 0.0617728 0.0598452 0.0068883 0.0394560 0.0601674 0.0607522 0.0602850 0.0633998 0.0379837 0.0381473 0.0811424 0.0725244 0.0609560 0.0424019 0.0464606 0.0375896 0.0406358 0.0400457 0.0445860 0.0398285 0.0074614 0.0636472 0.0594096 0.0629191 0.0191560 
Dasyuridae_Phascogale_tapoatafa              0.0612130 0.0640847 0.0616977 0.0607109 0.0158111 0.0622507 0.0621218 0.0638606 0.0805697 0.0617728 0.0000000 0.0182565 0.0617706 0.0585921 0.0030819 0.0150561 0.0191258 0.0770605 0.0579852 0.0592932 0.0935965 0.0787209 0.0094674 0.0640844 0.0566098 0.0595764 0.0618632 0.0635260 0.0680233 0.0600301 0.0619666 0.0757372 0.0145401 0.0788418 0.0325245 
Dasyuridae_Sminthopsis_macroura              0.0594741 0.0663234 0.0598762 0.0582753 0.0166128 0.0592255 0.0592010 0.0632636 0.0760986 0.0598452 0.0182565 0.0000000 0.0594798 0.0606130 0.0178010 0.0166748 0.0146730 0.0713833 0.0567841 0.0580590 0.0872512 0.0745633 0.0178565 0.0622136 0.0557429 0.0609012 0.0598574 0.0642372 0.0696241 0.0608652 0.0589328 0.0723606 0.0155181 0.0735810 0.0292793 
Phalangeridae_Phalanger_orientalis           0.0365062 0.0537711 0.0398951 0.0402135 0.0612282 0.0138511 0.0065140 0.0434594 0.0631961 0.0068883 0.0617706 0.0594798 0.0000000 0.0381559 0.0601051 0.0601181 0.0593941 0.0635272 0.0386001 0.0364734 0.0805885 0.0712614 0.0611067 0.0421313 0.0461684 0.0369755 0.0405898 0.0392535 0.0439752 0.0396172 0.0031913 0.0634252 0.0595113 0.0620643 0.0196304 
Acrobatidae_Acrobates_pygmaeus               0.0377635 0.0543251 0.0408533 0.0413724 0.0588001 0.0390887 0.0389174 0.0441958 0.0676087 0.0394560 0.0585921 0.0606130 0.0381559 0.0000000 0.0569712 0.0603252 0.0596325 0.0661028 0.0398667 0.0312211 0.0820471 0.0675800 0.0595543 0.0427970 0.0474695 0.0322121 0.0423141 0.0359311 0.0402616 0.0195599 0.0386372 0.0649769 0.0594662 0.0655747 0.0218074 
Dasyuridae_Phascogale_calura                 0.0593177 0.0632354 0.0602195 0.0593342 0.0152282 0.0607940 0.0606660 0.0630804 0.0802365 0.0601674 0.0030819 0.0178010 0.0601051 0.0569712 0.0000000 0.0146362 0.0189435 0.0766174 0.0563256 0.0580061 0.0914957 0.0775546 0.0091119 0.0625873 0.0551704 0.0583178 0.0601443 0.0613786 0.0673386 0.0580380 0.0602738 0.0762802 0.0141270 0.0783454 0.0305945 
Dasyuridae_Sarcophilus_harrisii              0.0633815 0.0656428 0.0615263 0.0601550 0.0056510 0.0593500 0.0597172 0.0643177 0.0776947 0.0607522 0.0150561 0.0166748 0.0601181 0.0603252 0.0146362 0.0000000 0.0179584 0.0742303 0.0584403 0.0581717 0.0868757 0.0784214 0.0150034 0.0626845 0.0583636 0.0611210 0.0625269 0.0625962 0.0693194 0.0602575 0.0598073 0.0730646 0.0037300 0.0753778 0.0302119 
Dasyuridae_Planigale_tenuirostris            0.0600549 0.0615576 0.0604401 0.0589359 0.0188845 0.0610245 0.0589650 0.0637031 0.0777373 0.0602850 0.0191258 0.0146730 0.0593941 0.0596325 0.0189435 0.0179584 0.0000000 0.0744989 0.0562491 0.0568633 0.0909635 0.0792507 0.0192741 0.0615338 0.0563871 0.0573101 0.0599412 0.0618886 0.0684675 0.0599939 0.0588921 0.0739495 0.0177253 0.0754807 0.0287834 
Peramelidae_Echymipera_kalubu                0.0682699 0.0687726 0.0658062 0.0651269 0.0732419 0.0677336 0.0618362 0.0687421 0.0100474 0.0633998 0.0770605 0.0713833 0.0635272 0.0661028 0.0766174 0.0742303 0.0744989 0.0000000 0.0621452 0.0614879 0.0984977 0.0917597 0.0758022 0.0670657 0.0624634 0.0623286 0.0665436 0.0687373 0.0681455 0.0635047 0.0633221 0.0100290 0.0735980 0.0099724 0.0299238 
Macropodidae_Dorcopsulus_vanheurni           0.0376822 0.0510677 0.0121072 0.0123056 0.0582269 0.0376061 0.0379653 0.0136410 0.0657226 0.0379837 0.0579852 0.0567841 0.0386001 0.0398667 0.0563256 0.0584403 0.0562491 0.0621452 0.0000000 0.0318433 0.0828990 0.0726456 0.0568669 0.0219480 0.0443956 0.0322563 0.0075352 0.0383847 0.0405126 0.0386039 0.0376881 0.0618383 0.0572470 0.0634329 0.0205765 
Pseudochiridae_Pseudochirulus_forbesi        0.0351465 0.0510243 0.0356724 0.0358301 0.0576905 0.0374975 0.0383687 0.0369603 0.0649117 0.0381473 0.0592932 0.0580590 0.0364734 0.0312211 0.0580061 0.0581717 0.0568633 0.0614879 0.0318433 0.0000000 0.0682914 0.0669218 0.0576527 0.0364814 0.0407413 0.0150912 0.0338785 0.0095139 0.0355783 0.0335821 0.0359352 0.0604200 0.0566129 0.0633440 0.0242607 
Didelphidae_Didelphis_virginiana             0.0803247 0.0873810 0.0841875 0.0844540 0.0879829 0.0775212 0.0807870 0.0884873 0.1041473 0.0811424 0.0935965 0.0872512 0.0805885 0.0820471 0.0914957 0.0868757 0.0909635 0.0984977 0.0828990 0.0682914 0.0000000 0.0287070 0.0929815 0.0827948 0.0783892 0.0716961 0.0857055 0.0828926 0.0854337 0.0757225 0.0815388 0.1002759 0.0851474 0.0990785 0.0337451 
Marmosidae_Monodelphis_domestica             0.0658564 0.0757079 0.0737853 0.0733702 0.0777718 0.0713173 0.0724084 0.0767797 0.0947816 0.0725244 0.0787209 0.0745633 0.0712614 0.0675800 0.0775546 0.0784214 0.0792507 0.0917597 0.0726456 0.0669218 0.0287070 0.0000000 0.0796489 0.0741518 0.0656888 0.0653398 0.0752028 0.0755136 0.0782823 0.0686591 0.0719267 0.0920642 0.0765910 0.0919572 0.0372211 
Dasyuridae_Antechinus_stuartii               0.0610709 0.0667200 0.0600449 0.0591578 0.0155874 0.0613122 0.0609407 0.0634426 0.0804784 0.0609560 0.0094674 0.0178565 0.0611067 0.0595543 0.0091119 0.0150034 0.0192741 0.0758022 0.0568669 0.0576527 0.0929815 0.0796489 0.0000000 0.0633788 0.0559308 0.0577229 0.0599699 0.0631499 0.0674699 0.0582457 0.0607885 0.0762564 0.0140254 0.0777997 0.0305049 
Hypsiprymnodontidae_Hypsiprymnodon_moschatus 0.0407597 0.0561657 0.0251459 0.0249130 0.0629538 0.0401091 0.0410738 0.0278368 0.0679334 0.0424019 0.0640844 0.0622136 0.0421313 0.0427970 0.0625873 0.0626845 0.0615338 0.0670657 0.0219480 0.0364814 0.0827948 0.0741518 0.0633788 0.0000000 0.0467872 0.0373577 0.0256250 0.0437953 0.0493174 0.0432261 0.0417995 0.0658431 0.0609805 0.0660740 0.0231170 
Microbiotheriidae_Dromiciops_gliroides       0.0472196 0.0524401 0.0473845 0.0468133 0.0578745 0.0452287 0.0452400 0.0485719 0.0629404 0.0464606 0.0566098 0.0557429 0.0461684 0.0474695 0.0551704 0.0583636 0.0563871 0.0624634 0.0443956 0.0407413 0.0783892 0.0656888 0.0559308 0.0467872 0.0000000 0.0438665 0.0461568 0.0499810 0.0467552 0.0461372 0.0454630 0.0618203 0.0559102 0.0606913 0.0213300 
Pseudochiridae_Petauroides_volans            0.0360208 0.0541355 0.0365982 0.0373082 0.0603852 0.0371467 0.0375710 0.0383206 0.0657863 0.0375896 0.0595764 0.0609012 0.0369755 0.0322121 0.0583178 0.0611210 0.0573101 0.0623286 0.0322563 0.0150912 0.0716961 0.0653398 0.0577229 0.0373577 0.0438665 0.0000000 0.0334512 0.0160298 0.0356585 0.0336451 0.0366877 0.0629423 0.0598122 0.0644617 0.0226077 
Macropodidae_Wallabia_bicolor                0.0401675 0.0542135 0.0138172 0.0143291 0.0618206 0.0391881 0.0401474 0.0163248 0.0689824 0.0406358 0.0618632 0.0598574 0.0405898 0.0423141 0.0601443 0.0625269 0.0599412 0.0665436 0.0075352 0.0338785 0.0857055 0.0752028 0.0599699 0.0256250 0.0461568 0.0334512 0.0000000 0.0397275 0.0430227 0.0396464 0.0394659 0.0657880 0.0613007 0.0665641 0.0223614 
Pseudochiridae_Pseudocheirus_occidentalis    0.0400806 0.0590722 0.0417218 0.0417523 0.0631674 0.0398053 0.0405929 0.0440015 0.0696455 0.0400457 0.0635260 0.0642372 0.0392535 0.0359311 0.0613786 0.0625962 0.0618886 0.0687373 0.0383847 0.0095139 0.0828926 0.0755136 0.0631499 0.0437953 0.0499810 0.0160298 0.0397275 0.0000000 0.0357498 0.0356953 0.0393519 0.0675120 0.0614911 0.0688347 0.0239656 
Tarsipedidae_Tarsipes_rostratus              0.0467221 0.0648225 0.0430978 0.0440896 0.0675497 0.0455630 0.0442879 0.0452522 0.0699393 0.0445860 0.0680233 0.0696241 0.0439752 0.0402616 0.0673386 0.0693194 0.0684675 0.0681455 0.0405126 0.0355783 0.0854337 0.0782823 0.0674699 0.0493174 0.0467552 0.0356585 0.0430227 0.0357498 0.0000000 0.0449213 0.0440682 0.0672871 0.0683279 0.0687424 0.0281265 
Acrobatidae_Distoechurus_pennatus            0.0407265 0.0558111 0.0417529 0.0420744 0.0606736 0.0408264 0.0402595 0.0448176 0.0664447 0.0398285 0.0600301 0.0608652 0.0396172 0.0195599 0.0580380 0.0602575 0.0599939 0.0635047 0.0386039 0.0335821 0.0757225 0.0686591 0.0582457 0.0432261 0.0461372 0.0336451 0.0396464 0.0356953 0.0449213 0.0000000 0.0399035 0.0654232 0.0590766 0.0649368 0.0260417 
Phalangeridae_Phalanger_carmelitae           0.0367275 0.0543627 0.0395735 0.0398894 0.0609115 0.0138118 0.0062201 0.0431182 0.0640104 0.0074614 0.0619666 0.0589328 0.0031913 0.0386372 0.0602738 0.0598073 0.0588921 0.0633221 0.0376881 0.0359352 0.0815388 0.0719267 0.0607885 0.0417995 0.0454630 0.0366877 0.0394659 0.0393519 0.0440682 0.0399035 0.0000000 0.0627465 0.0592043 0.0621098 0.0188152 
Peramelidae_Peroryctes_raffrayana            0.0683817 0.0670969 0.0648168 0.0644361 0.0726054 0.0662237 0.0622657 0.0669499 0.0106435 0.0636472 0.0757372 0.0723606 0.0634252 0.0649769 0.0762802 0.0730646 0.0739495 0.0100290 0.0618383 0.0604200 0.1002759 0.0920642 0.0762564 0.0658431 0.0618203 0.0629423 0.0657880 0.0675120 0.0672871 0.0654232 0.0627465 0.0000000 0.0732415 0.0101768 0.0308050 
Dasyuridae_Dasyurus_geffroii                 0.0626601 0.0637513 0.0603102 0.0589487 0.0039912 0.0597171 0.0593519 0.0625750 0.0773033 0.0594096 0.0145401 0.0155181 0.0595113 0.0594662 0.0141270 0.0037300 0.0177253 0.0735980 0.0572470 0.0566129 0.0851474 0.0765910 0.0140254 0.0609805 0.0559102 0.0598122 0.0613007 0.0614911 0.0683279 0.0590766 0.0592043 0.0732415 0.0000000 0.0747385 0.0297790 
Peramelidae_Perameles_gunnii                 0.0674741 0.0680010 0.0660803 0.0654008 0.0743818 0.0673774 0.0615796 0.0682448 0.0005441 0.0629191 0.0788418 0.0735810 0.0620643 0.0655747 0.0783454 0.0753778 0.0754807 0.0099724 0.0634329 0.0633440 0.0990785 0.0919572 0.0777997 0.0660740 0.0606913 0.0644617 0.0665641 0.0688347 0.0687424 0.0649368 0.0621098 0.0101768 0.0747385 0.0000000 0.0304105 
Vombatidae_Lasiorhinus_latifrons             0.0197370 0.0255585 0.0216123 0.0215194 0.0293327 0.0214462 0.0192310 0.0206043 0.0312820 0.0191560 0.0325245 0.0292793 0.0196304 0.0218074 0.0305945 0.0302119 0.0287834 0.0299238 0.0205765 0.0242607 0.0337451 0.0372211 0.0305049 0.0231170 0.0213300 0.0226077 0.0223614 0.0239656 0.0281265 0.0260417 0.0188152 0.0308050 0.0297790 0.0304105 0.0000000 
