35
Burramyidae_Burramys_parvus                  0.0000000 0.0871338 0.0761103 0.0731450 0.0881307 0.1251296 0.0591015 0.0635623 0.0831684 0.0951929 0.0657888 0.1348562 0.1265816 0.0680202 0.0873125 0.1279522 0.1221997 0.1183525 0.0991762 0.0688076 0.0729205 0.1271089 0.1104232 0.0691834 0.0869625 0.0711550 0.0746529 0.0822100 0.0903257 0.0655037 0.0578816 0.1075847 0.1303314 0.0955083 0.0929079 
Notoryctidae_Notoryctes_typhlops             0.0871338 0.0000000 0.0904386 0.1152721 0.1115537 0.1141997 0.0893729 0.0907063 0.1043848 0.0978145 0.0901161 0.1249147 0.1170895 0.0922587 0.1044155 0.1181342 0.1162572 0.1152181 0.1044638 0.0896420 0.0940341 0.1151836 0.1024831 0.0999788 0.0879916 0.0911853 0.0977529 0.0992305 0.1339742 0.0923582 0.0850287 0.1103961 0.1318445 0.0995312 0.0961166 
Vombatidae_Lasiorhinus_latifrons             0.0761103 0.0904386 0.0000000 0.0869098 0.0766252 0.0984141 0.0512199 0.0681169 0.0749321 0.0824004 0.0575393 0.1045982 0.1004013 0.0600675 0.0673066 0.1008924 0.1071596 0.1188588 0.0810538 0.0667853 0.0690860 0.1034071 0.0863030 0.0757637 0.0614497 0.0671342 0.0634693 0.0790858 0.1096555 0.0618088 0.0605081 0.0886708 0.1206015 0.0808615 0.0830376 
Potoroidae_Bettongia_penicillata             0.0731450 0.1152721 0.0869098 0.0000000 0.0233208 0.1245691 0.0759638 0.0788520 0.0357969 0.1069420 0.0842004 0.1319656 0.1236749 0.0870894 0.0926916 0.1268371 0.1342534 0.1282335 0.1093472 0.0382707 0.0887105 0.1185100 0.1113747 0.0589410 0.0965648 0.0829400 0.0442338 0.0936818 0.1289009 0.0782364 0.0769704 0.1175502 0.1541845 0.1096064 0.1000442 
Potoroidae_Bettongia_lesueur                 0.0881307 0.1115537 0.0766252 0.0233208 0.0000000 0.1263137 0.0694978 0.0847501 0.0212596 0.1102089 0.0753107 0.1327536 0.1265546 0.0776405 0.0860449 0.1276148 0.1320580 0.1483710 0.1082010 0.0375520 0.0872288 0.1184444 0.1125197 0.0584706 0.0969476 0.0837994 0.0264375 0.0951666 0.1153680 0.0777286 0.0761633 0.1179844 0.1435172 0.1084695 0.0985486 
Dasyuridae_Dasyurus_maculatus                0.1251296 0.1141997 0.0984141 0.1245691 0.1263137 0.0000000 0.0975238 0.1305033 0.1217160 0.1120824 0.1057437 0.0237655 0.0281168 0.1052710 0.1171581 0.0219674 0.0130103 0.0270981 0.1103554 0.0941540 0.1074796 0.1331184 0.0182552 0.1119657 0.0826869 0.1064337 0.1015373 0.1174612 0.1510421 0.1026624 0.0953270 0.1167813 0.0162212 0.1099284 0.1156566 
Phalangeridae_Trichosurus_vulpecula          0.0591015 0.0893729 0.0512199 0.0759638 0.0694978 0.0975238 0.0000000 0.0183483 0.0652292 0.0764717 0.0192290 0.1048881 0.0941202 0.0198170 0.0567583 0.1016637 0.1072282 0.1179918 0.0765623 0.0551014 0.0536708 0.0934754 0.0845578 0.0645856 0.0636581 0.0522927 0.0548967 0.0654138 0.0969826 0.0505218 0.0212091 0.0835341 0.1200035 0.0745698 0.0704030 
Phalangeridae_Spilocuscus_maculatus          0.0635623 0.0907063 0.0681169 0.0788520 0.0847501 0.1305033 0.0183483 0.0000000 0.0795274 0.1015053 0.0141096 0.1419936 0.1269729 0.0154561 0.0775641 0.1372364 0.1287730 0.1234278 0.1045041 0.0733047 0.0769795 0.1267419 0.1169309 0.0764789 0.0971457 0.0719138 0.0715852 0.0868962 0.0921698 0.0707792 0.0200595 0.1129322 0.1347148 0.1013931 0.0980056 
Potoroidae_Aepyprymnus_rufescens             0.0831684 0.1043848 0.0749321 0.0357969 0.0212596 0.1217160 0.0652292 0.0795274 0.0000000 0.1062183 0.0718341 0.1308381 0.1248621 0.0753807 0.0820202 0.1263838 0.1292436 0.1400723 0.1065230 0.0372815 0.0831168 0.1155553 0.1091022 0.0569144 0.0918181 0.0790467 0.0255694 0.0946553 0.1256741 0.0767899 0.0739524 0.1144823 0.1498540 0.1071044 0.0939144 
Peramelidae_Perameles_nasuta                 0.0951929 0.0978145 0.0824004 0.1069420 0.1102089 0.1120824 0.0764717 0.1015053 0.1062183 0.0000000 0.0830836 0.1188535 0.1149935 0.0864144 0.0950062 0.1133837 0.1203505 0.1353132 0.0142772 0.0875709 0.0819622 0.1104260 0.0990421 0.0958987 0.0737389 0.0814726 0.0922836 0.0964950 0.1312351 0.0805420 0.0771627 0.0186099 0.1311614 0.0002173 0.0880943 
Phalangeridae_Strigocuscus_pelengensis       0.0657888 0.0901161 0.0575393 0.0842004 0.0753107 0.1057437 0.0192290 0.0141096 0.0718341 0.0830836 0.0000000 0.1132509 0.1018154 0.0162710 0.0630282 0.1106152 0.1155532 0.1280987 0.0854347 0.0631077 0.0647957 0.1024114 0.0918684 0.0742991 0.0765402 0.0607546 0.0617643 0.0779088 0.1060627 0.0589956 0.0206192 0.0930485 0.1301325 0.0813920 0.0788408 
Dasyuridae_Phascogale_tapoatafa              0.1348562 0.1249147 0.1045982 0.1319656 0.1327536 0.0237655 0.1048881 0.1419936 0.1308381 0.1188535 0.1132509 0.0000000 0.0284043 0.1109592 0.1239006 0.0091991 0.0276905 0.0374154 0.1159269 0.1016607 0.1155081 0.1365937 0.0147429 0.1190143 0.0834961 0.1148299 0.1080316 0.1259703 0.1635854 0.1085900 0.1036366 0.1199603 0.0379432 0.1167554 0.1153815 
Dasyuridae_Sminthopsis_macroura              0.1265816 0.1170895 0.1004013 0.1236749 0.1265546 0.0281168 0.0941202 0.1269729 0.1248621 0.1149935 0.1018154 0.0284043 0.0000000 0.1034161 0.1150646 0.0256562 0.0328651 0.0214157 0.1092725 0.0965359 0.1116565 0.1325550 0.0231701 0.1144176 0.0778692 0.1075165 0.1051323 0.1234942 0.1572919 0.1010499 0.0947146 0.1178265 0.0401931 0.1123034 0.1166206 
Phalangeridae_Phalanger_orientalis           0.0680202 0.0922587 0.0600675 0.0870894 0.0776405 0.1052710 0.0198170 0.0154561 0.0753807 0.0864144 0.0162710 0.1109592 0.1034161 0.0000000 0.0662768 0.1101019 0.1143771 0.1287324 0.0870999 0.0645025 0.0624001 0.1033833 0.0925747 0.0760780 0.0733416 0.0609876 0.0619065 0.0764211 0.1046209 0.0602461 0.0120532 0.0946167 0.1284295 0.0842736 0.0797730 
Acrobatidae_Acrobates_pygmaeus               0.0873125 0.1044155 0.0673066 0.0926916 0.0860449 0.1171581 0.0567583 0.0775641 0.0820202 0.0950062 0.0630282 0.1239006 0.1150646 0.0662768 0.0000000 0.1178964 0.1281136 0.1427268 0.0952065 0.0723684 0.0687681 0.1150055 0.1010437 0.0813277 0.0842333 0.0671346 0.0701010 0.0803969 0.1160188 0.0450106 0.0661511 0.1034032 0.1428946 0.0930248 0.0927621 
Dasyuridae_Phascogale_calura                 0.1279522 0.1181342 0.1008924 0.1268371 0.1276148 0.0219674 0.1016637 0.1372364 0.1263838 0.1133837 0.1106152 0.0091991 0.0256562 0.1101019 0.1178964 0.0000000 0.0254183 0.0336503 0.1120888 0.1008824 0.1124143 0.1333982 0.0113967 0.1166121 0.0848882 0.1106837 0.1054829 0.1230035 0.1589465 0.1043851 0.1017601 0.1174027 0.0342263 0.1112791 0.1123835 
Dasyuridae_Sarcophilus_harrisii              0.1221997 0.1162572 0.1071596 0.1342534 0.1320580 0.0130103 0.1072282 0.1287730 0.1292436 0.1203505 0.1155532 0.0276905 0.0328651 0.1143771 0.1281136 0.0254183 0.0000000 0.0258337 0.1183029 0.1027806 0.1185490 0.1444570 0.0203853 0.1127343 0.0912503 0.1174161 0.1108125 0.1219184 0.1525833 0.1119536 0.1042263 0.1240435 0.0141321 0.1185081 0.1285996 
Dasyuridae_Planigale_tenuirostris            0.1183525 0.1152181 0.1188588 0.1282335 0.1483710 0.0270981 0.1179918 0.1234278 0.1400723 0.1353132 0.1280987 0.0374154 0.0214157 0.1287324 0.1427268 0.0336503 0.0258337 0.0000000 0.1364894 0.1164609 0.1351715 0.1622696 0.0279264 0.1223461 0.1032915 0.1316303 0.1302207 0.1396287 0.1448437 0.1234632 0.1175612 0.1404521 0.0266465 0.1359977 0.1451561 
Peramelidae_Echymipera_kalubu                0.0991762 0.1044638 0.0810538 0.1093472 0.1082010 0.1103554 0.0765623 0.1045041 0.1065230 0.0142772 0.0854347 0.1159269 0.1092725 0.0870999 0.0952065 0.1120888 0.1183029 0.1364894 0.0000000 0.0843838 0.0842569 0.1054094 0.0994593 0.0939724 0.0757296 0.0829837 0.0902107 0.0983354 0.1317083 0.0822727 0.0768595 0.0184916 0.1325699 0.0141184 0.0888296 
Macropodidae_Dorcopsulus_vanheurni           0.0688076 0.0896420 0.0667853 0.0382707 0.0375520 0.0941540 0.0551014 0.0733047 0.0372815 0.0875709 0.0631077 0.1016607 0.0965359 0.0645025 0.0723684 0.1008824 0.1027806 0.1164609 0.0843838 0.0000000 0.0663617 0.0950295 0.0840574 0.0424823 0.0744290 0.0612157 0.0185349 0.0704625 0.1100380 0.0586971 0.0551077 0.0937922 0.1190905 0.0860392 0.0748643 
Pseudochiridae_Pseudochirulus_forbesi        0.0729205 0.0940341 0.0690860 0.0887105 0.0872288 0.1074796 0.0536708 0.0769795 0.0831168 0.0819622 0.0647957 0.1155081 0.1116565 0.0624001 0.0687681 0.1124143 0.1185490 0.1351715 0.0842569 0.0663617 0.0000000 0.1046914 0.0974879 0.0762562 0.0738979 0.0288005 0.0702526 0.0243418 0.0882883 0.0555308 0.0547126 0.0905710 0.1307698 0.0798660 0.0732652 
Didelphidae_Didelphis_virginiana             0.1271089 0.1151836 0.1034071 0.1185100 0.1184444 0.1331184 0.0934754 0.1267419 0.1155553 0.1104260 0.1024114 0.1365937 0.1325550 0.1033833 0.1150055 0.1333982 0.1444570 0.1622696 0.1054094 0.0950295 0.1046914 0.0000000 0.1171361 0.1050548 0.0902143 0.1043176 0.0999130 0.1274501 0.1492943 0.0959824 0.0956050 0.1158064 0.1602411 0.1077080 0.0233237 
Dasyuridae_Antechinus_stuartii               0.1104232 0.1024831 0.0863030 0.1113747 0.1125197 0.0182552 0.0845578 0.1169309 0.1091022 0.0990421 0.0918684 0.0147429 0.0231701 0.0925747 0.1010437 0.0113967 0.0203853 0.0279264 0.0994593 0.0840574 0.0974879 0.1171361 0.0000000 0.0996844 0.0781810 0.0993184 0.0913220 0.1084599 0.1443597 0.0882412 0.0855998 0.1033466 0.0298731 0.0971481 0.0946532 
Hypsiprymnodontidae_Hypsiprymnodon_moschatus 0.0691834 0.0999788 0.0757637 0.0589410 0.0584706 0.1119657 0.0645856 0.0764789 0.0569144 0.0958987 0.0742991 0.1190143 0.1144176 0.0760780 0.0813277 0.1166121 0.1127343 0.1223461 0.0939724 0.0424823 0.0762562 0.1050548 0.0996844 0.0000000 0.0817398 0.0739808 0.0488552 0.0827106 0.1124335 0.0692347 0.0678117 0.1007413 0.1264491 0.0951403 0.0843927 
Microbiotheriidae_Dromiciops_gliroides       0.0869625 0.0879916 0.0614497 0.0965648 0.0969476 0.0826869 0.0636581 0.0971457 0.0918181 0.0737389 0.0765402 0.0834961 0.0778692 0.0733416 0.0842333 0.0848882 0.0912503 0.1032915 0.0757296 0.0744290 0.0738979 0.0902143 0.0781810 0.0817398 0.0000000 0.0730966 0.0821848 0.0871956 0.1242927 0.0658408 0.0694478 0.0809306 0.1065026 0.0721956 0.0543162 
Pseudochiridae_Petauroides_volans            0.0711550 0.0911853 0.0671342 0.0829400 0.0837994 0.1064337 0.0522927 0.0719138 0.0790467 0.0814726 0.0607546 0.1148299 0.1075165 0.0609876 0.0671346 0.1106837 0.1174161 0.1316303 0.0829837 0.0612157 0.0288005 0.1043176 0.0993184 0.0739808 0.0730966 0.0000000 0.0672438 0.0397420 0.0876962 0.0525408 0.0531729 0.0890385 0.1288494 0.0797071 0.0746684 
Macropodidae_Wallabia_bicolor                0.0746529 0.0977529 0.0634693 0.0442338 0.0264375 0.1015373 0.0548967 0.0715852 0.0255694 0.0922836 0.0617643 0.1080316 0.1051323 0.0619065 0.0701010 0.1054829 0.1108125 0.1302207 0.0902107 0.0185349 0.0702526 0.0999130 0.0913220 0.0488552 0.0821848 0.0672438 0.0000000 0.0792975 0.1133074 0.0610550 0.0592199 0.0981755 0.1289394 0.0907281 0.0812531 
Pseudochiridae_Pseudocheirus_occidentalis    0.0822100 0.0992305 0.0790858 0.0936818 0.0951666 0.1174612 0.0654138 0.0868962 0.0946553 0.0964950 0.0779088 0.1259703 0.1234942 0.0764211 0.0803969 0.1230035 0.1219184 0.1396287 0.0983354 0.0704625 0.0243418 0.1274501 0.1084599 0.0827106 0.0871956 0.0397420 0.0792975 0.0000000 0.0936125 0.0673481 0.0659827 0.1055641 0.1279886 0.0950206 0.0875780 
Tarsipedidae_Tarsipes_rostratus              0.0903257 0.1339742 0.1096555 0.1289009 0.1153680 0.1510421 0.0969826 0.0921698 0.1256741 0.1312351 0.1060627 0.1635854 0.1572919 0.1046209 0.1160188 0.1589465 0.1525833 0.1448437 0.1317083 0.1100380 0.0882883 0.1492943 0.1443597 0.1124335 0.1242927 0.0876962 0.1133074 0.0936125 0.0000000 0.0959796 0.0966996 0.1370537 0.1768202 0.1280736 0.1311813 
Acrobatidae_Distoechurus_pennatus            0.0655037 0.0923582 0.0618088 0.0782364 0.0777286 0.1026624 0.0505218 0.0707792 0.0767899 0.0805420 0.0589956 0.1085900 0.1010499 0.0602461 0.0450106 0.1043851 0.1119536 0.1234632 0.0822727 0.0586971 0.0555308 0.0959824 0.0882412 0.0692347 0.0658408 0.0525408 0.0610550 0.0673481 0.0959796 0.0000000 0.0522121 0.0882023 0.1256177 0.0786262 0.0745027 
Phalangeridae_Phalanger_carmelitae           0.0578816 0.0850287 0.0605081 0.0769704 0.0761633 0.0953270 0.0212091 0.0200595 0.0739524 0.0771627 0.0206192 0.1036366 0.0947146 0.0120532 0.0661511 0.1017601 0.1042263 0.1175612 0.0768595 0.0551077 0.0547126 0.0956050 0.0855998 0.0678117 0.0694478 0.0531729 0.0592199 0.0659827 0.0966996 0.0522121 0.0000000 0.0860561 0.1181904 0.0752425 0.0736126 
Peramelidae_Peroryctes_raffrayana            0.1075847 0.1103961 0.0886708 0.1175502 0.1179844 0.1167813 0.0835341 0.1129322 0.1144823 0.0186099 0.0930485 0.1199603 0.1178265 0.0946167 0.1034032 0.1174027 0.1240435 0.1404521 0.0184916 0.0937922 0.0905710 0.1158064 0.1033466 0.1007413 0.0809306 0.0890385 0.0981755 0.1055641 0.1370537 0.0882023 0.0860561 0.0000000 0.1337496 0.0187597 0.0917504 
Dasyuridae_Dasyurus_geffroii                 0.1303314 0.1318445 0.1206015 0.1541845 0.1435172 0.0162212 0.1200035 0.1347148 0.1498540 0.1311614 0.1301325 0.0379432 0.0401931 0.1284295 0.1428946 0.0342263 0.0141321 0.0266465 0.1325699 0.1190905 0.1307698 0.1602411 0.0298731 0.1264491 0.1065026 0.1288494 0.1289394 0.1279886 0.1768202 0.1256177 0.1181904 0.1337496 0.0000000 0.1317371 0.1437005 
Peramelidae_Perameles_gunnii                 0.0955083 0.0995312 0.0808615 0.1096064 0.1084695 0.1099284 0.0745698 0.1013931 0.1071044 0.0002173 0.0813920 0.1167554 0.1123034 0.0842736 0.0930248 0.1112791 0.1185081 0.1359977 0.0141184 0.0860392 0.0798660 0.1077080 0.0971481 0.0951403 0.0721956 0.0797071 0.0907281 0.0950206 0.1280736 0.0786262 0.0752425 0.0187597 0.1317371 0.0000000 0.0866766 
Marmosidae_Monodelphis_domestica             0.0929079 0.0961166 0.0830376 0.1000442 0.0985486 0.1156566 0.0704030 0.0980056 0.0939144 0.0880943 0.0788408 0.1153815 0.1166206 0.0797730 0.0927621 0.1123835 0.1285996 0.1451561 0.0888296 0.0748643 0.0732652 0.0233237 0.0946532 0.0843927 0.0543162 0.0746684 0.0812531 0.0875780 0.1311813 0.0745027 0.0736126 0.0917504 0.1437005 0.0866766 0.0000000 
