35
Burramyidae_Burramys_parvus                  0.0000000 0.0856389 0.0565266 0.0428953 0.0427241 0.0796814 0.0256544 0.0277327 0.0440649 0.0686378 0.0284388 0.0834729 0.0791871 0.0272296 0.0550769 0.0826814 0.0808497 0.0959395 0.0679398 0.0432325 0.0490211 0.1185144 0.1081065 0.0816236 0.0500619 0.0573854 0.0436287 0.0457428 0.0470740 0.0738607 0.0615690 0.0238973 0.0911034 0.0688321 0.0669123 
Notoryctidae_Notoryctes_typhlops             0.0856389 0.0000000 0.0881571 0.1060873 0.0962607 0.1190083 0.0899907 0.1010423 0.1042061 0.1364154 0.0897956 0.1315666 0.1247684 0.0919992 0.1323638 0.1353671 0.1186716 0.1359649 0.1378467 0.1099476 0.1181005 0.1745843 0.1732525 0.1296260 0.0979147 0.0895469 0.1106041 0.1025941 0.1082199 0.1249793 0.1126607 0.0917910 0.1555770 0.1255373 0.1384030 
Vombatidae_Lasiorhinus_latifrons             0.0565266 0.0881571 0.0000000 0.0615508 0.0550966 0.0749225 0.0436144 0.0485953 0.0650394 0.0775698 0.0437977 0.0956566 0.0819803 0.0399670 0.0818400 0.0946920 0.0816058 0.0854116 0.0754170 0.0635242 0.0646238 0.1439073 0.1285877 0.0863158 0.0569845 0.0555118 0.0601368 0.0655830 0.0558027 0.0752745 0.0684983 0.0398710 0.0933636 0.0801879 0.0742529 
Potoroidae_Bettongia_penicillata             0.0428953 0.1060873 0.0615508 0.0000000 0.0008515 0.0894374 0.0487722 0.0433447 0.0030568 0.0802930 0.0537408 0.0960066 0.0806680 0.0420781 0.0734299 0.0951467 0.0917141 0.0946798 0.0855245 0.0070332 0.0569073 0.1225193 0.1166831 0.0919049 0.0146353 0.0572432 0.0632040 0.0053044 0.0522303 0.0819999 0.0587184 0.0409732 0.1070194 0.0796380 0.0820683 
Potoroidae_Bettongia_lesueur                 0.0427241 0.0962607 0.0550966 0.0008515 0.0000000 0.0849550 0.0444543 0.0394170 0.0022667 0.0849504 0.0487903 0.0940375 0.0778399 0.0363691 0.0717918 0.0921616 0.0893954 0.0929971 0.0862183 0.0077065 0.0554869 0.1277820 0.1172009 0.0899870 0.0125283 0.0546297 0.0605634 0.0058593 0.0498441 0.0806412 0.0541288 0.0370324 0.1098200 0.0768647 0.0852426 
Dasyuridae_Dasyurus_maculatus                0.0796814 0.1190083 0.0749225 0.0894374 0.0849550 0.0000000 0.0755295 0.0786844 0.0895950 0.1004077 0.0789046 0.0116810 0.0157032 0.0778967 0.1035022 0.0131318 0.0017068 0.0047541 0.1010743 0.0906820 0.0920654 0.1542944 0.1344765 0.0111356 0.0900712 0.0830414 0.0858043 0.0872512 0.0823078 0.1168803 0.0875595 0.0767047 0.1233058 0.0023206 0.0990789 
Phalangeridae_Trichosurus_vulpecula          0.0256544 0.0899907 0.0436144 0.0487722 0.0444543 0.0755295 0.0000000 0.0092494 0.0466788 0.0715995 0.0027668 0.0813140 0.0682201 0.0093509 0.0665673 0.0818368 0.0786984 0.0791859 0.0764950 0.0477377 0.0514912 0.1243532 0.1081779 0.0772970 0.0516467 0.0499563 0.0503048 0.0475128 0.0502103 0.0850755 0.0552904 0.0063717 0.0992739 0.0678481 0.0723186 
Phalangeridae_Spilocuscus_maculatus          0.0277327 0.1010423 0.0485953 0.0433447 0.0394170 0.0786844 0.0092494 0.0000000 0.0415019 0.0714406 0.0013012 0.0859531 0.0736217 0.0037595 0.0707307 0.0876097 0.0819062 0.0888482 0.0718401 0.0436318 0.0472408 0.1211789 0.1083684 0.0820246 0.0481726 0.0461853 0.0500485 0.0430895 0.0467760 0.0819837 0.0569313 0.0025267 0.0952939 0.0714384 0.0698185 
Potoroidae_Aepyprymnus_rufescens             0.0440649 0.1042061 0.0650394 0.0030568 0.0022667 0.0895950 0.0466788 0.0415019 0.0000000 0.0864110 0.0515654 0.0958887 0.0806312 0.0401764 0.0790805 0.0965305 0.0917532 0.0965343 0.0914166 0.0098442 0.0599527 0.1295755 0.1152040 0.0941869 0.0169532 0.0579306 0.0660445 0.0078286 0.0585387 0.0875515 0.0607383 0.0390372 0.1146205 0.0822742 0.0905576 
Peramelidae_Perameles_nasuta                 0.0686378 0.1364154 0.0775698 0.0802930 0.0849504 0.1004077 0.0715995 0.0714406 0.0864110 0.0000000 0.0819302 0.1037324 0.0938439 0.0685384 0.1027169 0.1022768 0.0990859 0.1146650 0.0024251 0.0837672 0.0916916 0.1101738 0.1038010 0.0976575 0.0859121 0.0784599 0.0810387 0.0841517 0.0819497 0.1188546 0.0913727 0.0645679 0.0098560 0.0894248 0.0003503 
Phalangeridae_Strigocuscus_pelengensis       0.0284388 0.0897956 0.0437977 0.0537408 0.0487903 0.0789046 0.0027668 0.0013012 0.0515654 0.0819302 0.0000000 0.0959907 0.0811778 0.0021870 0.0851921 0.0978763 0.0857035 0.0808689 0.0824009 0.0550685 0.0569926 0.1350425 0.1213629 0.0904105 0.0545711 0.0470321 0.0577031 0.0534955 0.0554694 0.0727529 0.0699721 0.0013042 0.0918215 0.0815519 0.0799771 
Dasyuridae_Phascogale_tapoatafa              0.0834729 0.1315666 0.0956566 0.0960066 0.0940375 0.0116810 0.0813140 0.0859531 0.0958887 0.1037324 0.0959907 0.0000000 0.0167276 0.0854897 0.1109688 0.0007118 0.0130220 0.0172502 0.1077751 0.0984384 0.0973122 0.1554588 0.1361678 0.0028510 0.0962967 0.0863908 0.0889114 0.0904484 0.0870712 0.1268292 0.0907947 0.0828216 0.1339698 0.0078798 0.1047926 
Dasyuridae_Sminthopsis_macroura              0.0791871 0.1247684 0.0819803 0.0806680 0.0778399 0.0157032 0.0682201 0.0736217 0.0806312 0.0938439 0.0811778 0.0167276 0.0000000 0.0701217 0.1045534 0.0174420 0.0182239 0.0040845 0.0945399 0.0817368 0.0840862 0.1510917 0.1277816 0.0149488 0.0807283 0.0701508 0.0808777 0.0774125 0.0752963 0.1182482 0.0849724 0.0709504 0.1216199 0.0135892 0.0928602 
Phalangeridae_Phalanger_orientalis           0.0272296 0.0919992 0.0399670 0.0420781 0.0363691 0.0778967 0.0093509 0.0037595 0.0401764 0.0685384 0.0021870 0.0854897 0.0701217 0.0000000 0.0683176 0.0860487 0.0811832 0.0826394 0.0656386 0.0413951 0.0460286 0.1131573 0.1024853 0.0812379 0.0441372 0.0390683 0.0436339 0.0407533 0.0434919 0.0758968 0.0556100 0.0007148 0.0916689 0.0705073 0.0669986 
Acrobatidae_Acrobates_pygmaeus               0.0550769 0.1323638 0.0818400 0.0734299 0.0717918 0.1035022 0.0665673 0.0707307 0.0790805 0.1027169 0.0851921 0.1109688 0.1045534 0.0683176 0.0000000 0.1101271 0.1107851 0.1214058 0.1094760 0.0767399 0.0664884 0.1634745 0.1503715 0.1041008 0.0823074 0.0857449 0.0542291 0.0722432 0.0562914 0.0892974 0.0314910 0.0667761 0.1224485 0.0970594 0.1095169 
Dasyuridae_Phascogale_calura                 0.0826814 0.1353671 0.0946920 0.0951467 0.0921616 0.0131318 0.0818368 0.0876097 0.0965305 0.1022768 0.0978763 0.0007118 0.0174420 0.0860487 0.1101271 0.0000000 0.0144174 0.0192743 0.1052972 0.0991077 0.0964648 0.1526599 0.1325840 0.0028535 0.0944337 0.0880834 0.0870072 0.0920977 0.0862662 0.1245530 0.0889035 0.0833587 0.1321255 0.0078914 0.1033730 
Dasyuridae_Sarcophilus_harrisii              0.0808497 0.1186716 0.0816058 0.0917141 0.0893954 0.0017068 0.0786984 0.0819062 0.0917532 0.0990859 0.0857035 0.0130220 0.0182239 0.0811832 0.1107851 0.0144174 0.0000000 0.0131417 0.1010075 0.0906578 0.0977225 0.1522294 0.1333287 0.0124417 0.0921592 0.0792100 0.0875851 0.0891880 0.0879690 0.1206935 0.0934274 0.0798977 0.1259198 0.0042832 0.0979147 
Dasyuridae_Planigale_tenuirostris            0.0959395 0.1359649 0.0854116 0.0946798 0.0929971 0.0047541 0.0791859 0.0888482 0.0965343 0.1146650 0.0808689 0.0172502 0.0040845 0.0826394 0.1214058 0.0192743 0.0131417 0.0000000 0.1208826 0.1027367 0.0970531 0.1684546 0.1557852 0.0155172 0.0947478 0.0810962 0.0937235 0.0922567 0.0851744 0.1230688 0.1034170 0.0826527 0.1344385 0.0119835 0.1181238 
Peramelidae_Echymipera_kalubu                0.0679398 0.1378467 0.0754170 0.0855245 0.0862183 0.1010743 0.0764950 0.0718401 0.0914166 0.0024251 0.0824009 0.1077751 0.0945399 0.0656386 0.1094760 0.1052972 0.1010075 0.1208826 0.0000000 0.0893462 0.0946287 0.1234571 0.1060189 0.0999068 0.0885619 0.0775171 0.0793101 0.0924161 0.0820514 0.1204867 0.0950598 0.0639948 0.0107700 0.0902898 0.0020817 
Macropodidae_Dorcopsulus_vanheurni           0.0432325 0.1099476 0.0635242 0.0070332 0.0077065 0.0906820 0.0477377 0.0436318 0.0098442 0.0837672 0.0550685 0.0984384 0.0817368 0.0413951 0.0767399 0.0991077 0.0906578 0.1027367 0.0893462 0.0000000 0.0573778 0.1345958 0.1234830 0.0968785 0.0160820 0.0595229 0.0625619 0.0023602 0.0567861 0.0842916 0.0623970 0.0411868 0.1170630 0.0833602 0.0883690 
Pseudochiridae_Pseudochirulus_forbesi        0.0490211 0.1181005 0.0646238 0.0569073 0.0554869 0.0920654 0.0514912 0.0472408 0.0599527 0.0916916 0.0569926 0.0973122 0.0840862 0.0460286 0.0664884 0.0964648 0.0977225 0.0970531 0.0946287 0.0573778 0.0000000 0.1422717 0.1353703 0.0920845 0.0666606 0.0667162 0.0286413 0.0567266 0.0057081 0.0653152 0.0543064 0.0429559 0.1152070 0.0813715 0.0948847 
Didelphidae_Didelphis_virginiana             0.1185144 0.1745843 0.1439073 0.1225193 0.1277820 0.1542944 0.1243532 0.1211789 0.1295755 0.1101738 0.1350425 0.1554588 0.1510917 0.1131573 0.1634745 0.1526599 0.1522294 0.1684546 0.1234571 0.1345958 0.1422717 0.0000000 0.0272088 0.1535479 0.1367497 0.1026837 0.1328902 0.1275047 0.1322918 0.1590003 0.1397887 0.1152350 0.1449495 0.1432803 0.1167879 
Marmosidae_Monodelphis_domestica             0.1081065 0.1732525 0.1285877 0.1166831 0.1172009 0.1344765 0.1081779 0.1083684 0.1152040 0.1038010 0.1213629 0.1361678 0.1277816 0.1024853 0.1503715 0.1325840 0.1333287 0.1557852 0.1060189 0.1234830 0.1353703 0.0272088 0.0000000 0.1373202 0.1192052 0.1000171 0.1221211 0.1190110 0.1240172 0.1476509 0.1302152 0.1043184 0.1397200 0.1275237 0.1066215 
Dasyuridae_Antechinus_stuartii               0.0816236 0.1296260 0.0863158 0.0919049 0.0899870 0.0111356 0.0772970 0.0820246 0.0941869 0.0976575 0.0904105 0.0028510 0.0149488 0.0812379 0.1041008 0.0028535 0.0124417 0.0155172 0.0999068 0.0968785 0.0920845 0.1535479 0.1373202 0.0000000 0.0935606 0.0819502 0.0810244 0.0918955 0.0826213 0.1240261 0.0877818 0.0786524 0.1291265 0.0058964 0.0994985 
Hypsiprymnodontidae_Hypsiprymnodon_moschatus 0.0500619 0.0979147 0.0569845 0.0146353 0.0125283 0.0900712 0.0516467 0.0481726 0.0169532 0.0859121 0.0545711 0.0962967 0.0807283 0.0441372 0.0823074 0.0944337 0.0921592 0.0947478 0.0885619 0.0160820 0.0666606 0.1367497 0.1192052 0.0935606 0.0000000 0.0558599 0.0651891 0.0162442 0.0587438 0.0913884 0.0660201 0.0448240 0.1059352 0.0804579 0.0874288 
Microbiotheriidae_Dromiciops_gliroides       0.0573854 0.0895469 0.0555118 0.0572432 0.0546297 0.0830414 0.0499563 0.0461853 0.0579306 0.0784599 0.0470321 0.0863908 0.0701508 0.0390683 0.0857449 0.0880834 0.0792100 0.0810962 0.0775171 0.0595229 0.0667162 0.1026837 0.1000171 0.0819502 0.0558599 0.0000000 0.0628824 0.0568148 0.0565117 0.0913356 0.0759449 0.0379435 0.0951950 0.0800864 0.0791314 
Pseudochiridae_Petauroides_volans            0.0436287 0.1106041 0.0601368 0.0632040 0.0605634 0.0858043 0.0503048 0.0500485 0.0660445 0.0810387 0.0577031 0.0889114 0.0808777 0.0436339 0.0542291 0.0870072 0.0875851 0.0937235 0.0793101 0.0625619 0.0286413 0.1328902 0.1221211 0.0810244 0.0651891 0.0628824 0.0000000 0.0618948 0.0255931 0.0550602 0.0471071 0.0435654 0.1076229 0.0793528 0.0856453 
Macropodidae_Wallabia_bicolor                0.0457428 0.1025941 0.0655830 0.0053044 0.0058593 0.0872512 0.0475128 0.0430895 0.0078286 0.0841517 0.0534955 0.0904484 0.0774125 0.0407533 0.0722432 0.0920977 0.0891880 0.0922567 0.0924161 0.0023602 0.0567266 0.1275047 0.1190110 0.0918955 0.0162442 0.0568148 0.0618948 0.0000000 0.0528687 0.0807630 0.0565036 0.0405482 0.1132603 0.0797536 0.0887591 
Pseudochiridae_Pseudocheirus_occidentalis    0.0470740 0.1082199 0.0558027 0.0522303 0.0498441 0.0823078 0.0502103 0.0467760 0.0585387 0.0819497 0.0554694 0.0870712 0.0752963 0.0434919 0.0562914 0.0862662 0.0879690 0.0851744 0.0820514 0.0567861 0.0057081 0.1322918 0.1240172 0.0826213 0.0587438 0.0565117 0.0255931 0.0528687 0.0000000 0.0607444 0.0439021 0.0413621 0.1018637 0.0723896 0.0810301 
Tarsipedidae_Tarsipes_rostratus              0.0738607 0.1249793 0.0752745 0.0819999 0.0806412 0.1168803 0.0850755 0.0819837 0.0875515 0.1188546 0.0727529 0.1268292 0.1182482 0.0758968 0.0892974 0.1245530 0.1206935 0.1230688 0.1204867 0.0842916 0.0653152 0.1590003 0.1476509 0.1240261 0.0913884 0.0913356 0.0550602 0.0807630 0.0607444 0.0000000 0.0742170 0.0732420 0.1280653 0.1119608 0.1158427 
Acrobatidae_Distoechurus_pennatus            0.0615690 0.1126607 0.0684983 0.0587184 0.0541288 0.0875595 0.0552904 0.0569313 0.0607383 0.0913727 0.0699721 0.0907947 0.0849724 0.0556100 0.0314910 0.0889035 0.0934274 0.1034170 0.0950598 0.0623970 0.0543064 0.1397887 0.1302152 0.0877818 0.0660201 0.0759449 0.0471071 0.0565036 0.0439021 0.0742170 0.0000000 0.0553635 0.1211478 0.0802200 0.0942557 
Phalangeridae_Phalanger_carmelitae           0.0238973 0.0917910 0.0398710 0.0409732 0.0370324 0.0767047 0.0063717 0.0025267 0.0390372 0.0645679 0.0013042 0.0828216 0.0709504 0.0007148 0.0667761 0.0833587 0.0798977 0.0826527 0.0639948 0.0411868 0.0429559 0.1152350 0.1043184 0.0786524 0.0448240 0.0379435 0.0435654 0.0405482 0.0413621 0.0732420 0.0553635 0.0000000 0.0885226 0.0692576 0.0631590 
Peramelidae_Peroryctes_raffrayana            0.0911034 0.1555770 0.0933636 0.1070194 0.1098200 0.1233058 0.0992739 0.0952939 0.1146205 0.0098560 0.0918215 0.1339698 0.1216199 0.0916689 0.1224485 0.1321255 0.1259198 0.1344385 0.0107700 0.1170630 0.1152070 0.1449495 0.1397200 0.1291265 0.1059352 0.0951950 0.1076229 0.1132603 0.1018637 0.1280653 0.1211478 0.0885226 0.0000000 0.1230393 0.0107651 
Dasyuridae_Dasyurus_geffroii                 0.0688321 0.1255373 0.0801879 0.0796380 0.0768647 0.0023206 0.0678481 0.0714384 0.0822742 0.0894248 0.0815519 0.0078798 0.0135892 0.0705073 0.0970594 0.0078914 0.0042832 0.0119835 0.0902898 0.0833602 0.0813715 0.1432803 0.1275237 0.0058964 0.0804579 0.0800864 0.0793528 0.0797536 0.0723896 0.1119608 0.0802200 0.0692576 0.1230393 0.0000000 0.0884187 
Peramelidae_Perameles_gunnii                 0.0669123 0.1384030 0.0742529 0.0820683 0.0852426 0.0990789 0.0723186 0.0698185 0.0905576 0.0003503 0.0799771 0.1047926 0.0928602 0.0669986 0.1095169 0.1033730 0.0979147 0.1181238 0.0020817 0.0883690 0.0948847 0.1167879 0.1066215 0.0994985 0.0874288 0.0791314 0.0856453 0.0887591 0.0810301 0.1158427 0.0942557 0.0631590 0.0107651 0.0884187 0.0000000 
