35
Burramyidae_Burramys_parvus                  0.0000000 0.0712287 0.0414704 0.0502197 0.0504420 0.0833775 0.0573848 0.0613525 0.0685907 0.0735989 0.0580802 0.0714764 0.0725111 0.0537651 0.0831765 0.0756420 0.0555340 0.0423305 0.0440481 0.0652785 0.0363094 0.0455497 0.0458629 0.0509407 0.0571261 0.0528951 0.0528806 0.0686031 0.0647944 0.0493476 0.0538950 0.0638946 0.0361925 0.0813663 0.0620521 
Notoryctidae_Notoryctes_typhlops             0.0712287 0.0000000 0.0713599 0.0755249 0.0743309 0.0993779 0.0850234 0.0858993 0.0926210 0.0938632 0.0835526 0.0844985 0.0889302 0.0808402 0.1001887 0.0936700 0.0662464 0.0548772 0.0706956 0.0872287 0.0459243 0.0526175 0.0566374 0.0742413 0.0687307 0.0754531 0.0761535 0.0891403 0.0903990 0.0787479 0.0845288 0.0810414 0.0491828 0.0986028 0.1018901 
Vombatidae_Lasiorhinus_latifrons             0.0414704 0.0713599 0.0000000 0.0463712 0.0437790 0.0747909 0.0541553 0.0560794 0.0619928 0.0681456 0.0539405 0.0659642 0.0715307 0.0508546 0.0784449 0.0705555 0.0556713 0.0443297 0.0417324 0.0651605 0.0365966 0.0450212 0.0451491 0.0489188 0.0518764 0.0517598 0.0498750 0.0651891 0.0572670 0.0449396 0.0529470 0.0593475 0.0344967 0.0738922 0.0507443 
Potoroidae_Bettongia_penicillata             0.0502197 0.0755249 0.0463712 0.0000000 0.0030686 0.0815111 0.0589590 0.0630424 0.0243984 0.0734722 0.0580465 0.0716141 0.0776904 0.0564843 0.0847859 0.0754918 0.0573676 0.0443776 0.0142475 0.0712602 0.0349894 0.0416244 0.0469157 0.0284112 0.0631841 0.0611036 0.0211025 0.0694866 0.0644247 0.0551872 0.0591287 0.0627542 0.0383893 0.0800493 0.0647220 
Potoroidae_Bettongia_lesueur                 0.0504420 0.0743309 0.0437790 0.0030686 0.0000000 0.0819156 0.0549414 0.0592184 0.0205325 0.0743259 0.0553829 0.0718178 0.0786512 0.0556635 0.0851101 0.0758360 0.0572080 0.0416681 0.0136672 0.0695788 0.0342335 0.0393362 0.0457618 0.0279780 0.0604672 0.0607596 0.0196132 0.0688961 0.0610725 0.0538150 0.0592172 0.0638849 0.0376464 0.0791549 0.0638403 
Dasyuridae_Dasyurus_maculatus                0.0833775 0.0993779 0.0747909 0.0815111 0.0819156 0.0000000 0.0884657 0.0923269 0.0968171 0.0802366 0.0874797 0.0215130 0.0313441 0.0858072 0.0191069 0.0096403 0.0183803 0.0445643 0.0778501 0.1034530 0.0368475 0.0454687 0.0180056 0.0870230 0.0608826 0.0951534 0.0836581 0.1046204 0.0938267 0.0811923 0.0967632 0.0681754 0.0010405 0.0834312 0.1109745 
Phalangeridae_Trichosurus_vulpecula          0.0573848 0.0850234 0.0541553 0.0589590 0.0549414 0.0884657 0.0000000 0.0364580 0.0693574 0.0845984 0.0361399 0.0786944 0.0831816 0.0324554 0.0907423 0.0833554 0.0705828 0.0594509 0.0540176 0.0789651 0.0508394 0.0516513 0.0579696 0.0599807 0.0686855 0.0713593 0.0609958 0.0769155 0.0733623 0.0610252 0.0331181 0.0740445 0.0503517 0.0911378 0.0735120 
Phalangeridae_Spilocuscus_maculatus          0.0613525 0.0858993 0.0560794 0.0630424 0.0592184 0.0923269 0.0364580 0.0000000 0.0762287 0.0817783 0.0202473 0.0813667 0.0861686 0.0179376 0.0947900 0.0861624 0.0716628 0.0522542 0.0559626 0.0835036 0.0466171 0.0510240 0.0536387 0.0636017 0.0677892 0.0722064 0.0628617 0.0792610 0.0763070 0.0631797 0.0211944 0.0747678 0.0483949 0.0876829 0.0760876 
Potoroidae_Aepyprymnus_rufescens             0.0685907 0.0926210 0.0619928 0.0243984 0.0205325 0.0968171 0.0693574 0.0762287 0.0000000 0.0885096 0.0722678 0.0872695 0.0942341 0.0698335 0.1007870 0.0909057 0.0764735 0.0621430 0.0285084 0.0834443 0.0533897 0.0497252 0.0641103 0.0440031 0.0786581 0.0754406 0.0356009 0.0825756 0.0778843 0.0701787 0.0740073 0.0810747 0.0569607 0.0909211 0.0837318 
Peramelidae_Perameles_nasuta                 0.0735989 0.0938632 0.0681456 0.0734722 0.0743259 0.0802366 0.0845984 0.0817783 0.0885096 0.0000000 0.0793713 0.0726124 0.0829826 0.0747801 0.0827058 0.0761491 0.0595207 0.0142240 0.0696735 0.0975784 0.0274744 0.0400785 0.0405011 0.0760585 0.0650409 0.0868975 0.0753742 0.1008257 0.0835555 0.0734346 0.0847435 0.0181021 0.0363636 0.0144994 0.0933449 
Phalangeridae_Strigocuscus_pelengensis       0.0580802 0.0835526 0.0539405 0.0580465 0.0553829 0.0874797 0.0361399 0.0202473 0.0722678 0.0793713 0.0000000 0.0776761 0.0836357 0.0189658 0.0898211 0.0819701 0.0682167 0.0514392 0.0534257 0.0816767 0.0444936 0.0459165 0.0498055 0.0603438 0.0684801 0.0691754 0.0595920 0.0797848 0.0721897 0.0593787 0.0204073 0.0722137 0.0450819 0.0861997 0.0708743 
Dasyuridae_Phascogale_tapoatafa              0.0714764 0.0844985 0.0659642 0.0716141 0.0718178 0.0215130 0.0786944 0.0813667 0.0872695 0.0726124 0.0776761 0.0000000 0.0252827 0.0726428 0.0079646 0.0234933 0.0194328 0.0464770 0.0684844 0.0949880 0.0377068 0.0474267 0.0135066 0.0758352 0.0584440 0.0837931 0.0754818 0.0977984 0.0821738 0.0695365 0.0799934 0.0615867 0.0129274 0.0764539 0.0931846 
Dasyuridae_Sminthopsis_macroura              0.0725111 0.0889302 0.0715307 0.0776904 0.0786512 0.0313441 0.0831816 0.0861686 0.0942341 0.0829826 0.0836357 0.0252827 0.0000000 0.0786279 0.0332248 0.0314446 0.0137990 0.0474807 0.0720142 0.0986279 0.0382902 0.0480689 0.0219206 0.0808801 0.0636637 0.0874874 0.0792041 0.1028543 0.0888598 0.0765321 0.0876479 0.0694070 0.0123761 0.0854482 0.1029606 
Phalangeridae_Phalanger_orientalis           0.0537651 0.0808402 0.0508546 0.0564843 0.0556635 0.0858072 0.0324554 0.0179376 0.0698335 0.0747801 0.0189658 0.0726428 0.0786279 0.0000000 0.0878551 0.0782521 0.0618105 0.0456005 0.0516165 0.0768384 0.0377750 0.0439768 0.0458263 0.0567607 0.0611475 0.0657649 0.0579785 0.0767979 0.0711208 0.0574730 0.0079062 0.0659107 0.0389507 0.0812083 0.0703820 
Dasyuridae_Phascogale_calura                 0.0831765 0.1001887 0.0784449 0.0847859 0.0851101 0.0191069 0.0907423 0.0947900 0.1007870 0.0827058 0.0898211 0.0079646 0.0332248 0.0878551 0.0000000 0.0202249 0.0231282 0.0453741 0.0813250 0.1088369 0.0387731 0.0490020 0.0136134 0.0898511 0.0642296 0.0971139 0.0875580 0.1133753 0.0975750 0.0819024 0.0991260 0.0713970 0.0135915 0.0842511 0.1105936 
Dasyuridae_Sarcophilus_harrisii              0.0756420 0.0936700 0.0705555 0.0754918 0.0758360 0.0096403 0.0833554 0.0861624 0.0909057 0.0761491 0.0819701 0.0234933 0.0314446 0.0782521 0.0202249 0.0000000 0.0165602 0.0463488 0.0704788 0.0994605 0.0364458 0.0466927 0.0194130 0.0788867 0.0567888 0.0882172 0.0775910 0.1003221 0.0885274 0.0742988 0.0868297 0.0605385 0.0030997 0.0772556 0.1035599 
Dasyuridae_Planigale_tenuirostris            0.0555340 0.0662464 0.0556713 0.0573676 0.0572080 0.0183803 0.0705828 0.0716628 0.0764735 0.0595207 0.0682167 0.0194328 0.0137990 0.0618105 0.0231282 0.0165602 0.0000000 0.0393036 0.0537624 0.0716603 0.0283639 0.0351534 0.0158396 0.0594735 0.0565750 0.0615840 0.0602878 0.0796715 0.0742296 0.0587575 0.0651686 0.0611677 0.0068995 0.0776921 0.0858207 
Peramelidae_Echymipera_kalubu                0.0423305 0.0548772 0.0443297 0.0443776 0.0416681 0.0445643 0.0594509 0.0522542 0.0621430 0.0142240 0.0514392 0.0464770 0.0474807 0.0456005 0.0453741 0.0463488 0.0393036 0.0000000 0.0384931 0.0758424 0.0376499 0.0505122 0.0539066 0.0448426 0.0452262 0.0571308 0.0439880 0.0712093 0.0554087 0.0404058 0.0493791 0.0152031 0.0455849 0.0278285 0.0555797 
Macropodidae_Dorcopsulus_vanheurni           0.0440481 0.0706956 0.0417324 0.0142475 0.0136672 0.0778501 0.0540176 0.0559626 0.0285084 0.0696735 0.0534257 0.0684844 0.0720142 0.0516165 0.0813250 0.0704788 0.0537624 0.0384931 0.0000000 0.0661922 0.0292729 0.0360792 0.0410250 0.0224356 0.0570044 0.0569597 0.0067415 0.0673915 0.0569381 0.0463201 0.0522525 0.0591190 0.0325552 0.0773528 0.0586807 
Pseudochiridae_Pseudochirulus_forbesi        0.0652785 0.0872287 0.0651605 0.0712602 0.0695788 0.1034530 0.0789651 0.0835036 0.0834443 0.0975784 0.0816767 0.0949880 0.0986279 0.0768384 0.1088369 0.0994605 0.0716603 0.0758424 0.0661922 0.0000000 0.0655396 0.0730642 0.0742732 0.0726436 0.0854929 0.0486562 0.0746540 0.0400942 0.0741285 0.0650149 0.0739483 0.0886727 0.0651544 0.1052894 0.0845906 
Didelphidae_Didelphis_virginiana             0.0363094 0.0459243 0.0365966 0.0349894 0.0342335 0.0368475 0.0508394 0.0466171 0.0533897 0.0274744 0.0444936 0.0377068 0.0382902 0.0377750 0.0387731 0.0364458 0.0283639 0.0376499 0.0292729 0.0655396 0.0000000 0.0275396 0.0458687 0.0362029 0.0341431 0.0479415 0.0357389 0.0625674 0.0487779 0.0321698 0.0360611 0.0304937 0.0373536 0.0489179 0.0455774 
Marmosidae_Monodelphis_domestica             0.0455497 0.0526175 0.0450212 0.0416244 0.0393362 0.0454687 0.0516513 0.0510240 0.0497252 0.0400785 0.0459165 0.0474267 0.0480689 0.0439768 0.0490020 0.0466927 0.0351534 0.0505122 0.0360792 0.0730642 0.0275396 0.0000000 0.0544818 0.0435093 0.0388410 0.0522158 0.0430773 0.0739792 0.0550955 0.0402368 0.0453667 0.0426352 0.0470907 0.0509947 0.0616550 
Dasyuridae_Antechinus_stuartii               0.0458629 0.0566374 0.0451491 0.0469157 0.0457618 0.0180056 0.0579696 0.0536387 0.0641103 0.0405011 0.0498055 0.0135066 0.0219206 0.0458263 0.0136134 0.0194130 0.0158396 0.0539066 0.0410250 0.0742732 0.0458687 0.0544818 0.0000000 0.0475585 0.0422204 0.0575556 0.0475854 0.0722883 0.0575674 0.0384273 0.0491382 0.0445653 0.0182908 0.0621716 0.0537777 
Hypsiprymnodontidae_Hypsiprymnodon_moschatus 0.0509407 0.0742413 0.0489188 0.0284112 0.0279780 0.0870230 0.0599807 0.0636017 0.0440031 0.0760585 0.0603438 0.0758352 0.0808801 0.0567607 0.0898511 0.0788867 0.0594735 0.0448426 0.0224356 0.0726436 0.0362029 0.0435093 0.0475585 0.0000000 0.0625018 0.0613488 0.0274339 0.0748361 0.0637016 0.0513599 0.0595361 0.0667337 0.0412038 0.0834648 0.0661917 
Microbiotheriidae_Dromiciops_gliroides       0.0571261 0.0687307 0.0518764 0.0631841 0.0604672 0.0608826 0.0686855 0.0677892 0.0786581 0.0650409 0.0684801 0.0584440 0.0636637 0.0611475 0.0642296 0.0567888 0.0565750 0.0452262 0.0570044 0.0854929 0.0341431 0.0388410 0.0422204 0.0625018 0.0000000 0.0718421 0.0646238 0.0858672 0.0743108 0.0572652 0.0636778 0.0652436 0.0342442 0.0844822 0.0827730 
Pseudochiridae_Petauroides_volans            0.0528951 0.0754531 0.0517598 0.0611036 0.0607596 0.0951534 0.0713593 0.0722064 0.0754406 0.0868975 0.0691754 0.0837931 0.0874874 0.0657649 0.0971139 0.0882172 0.0615840 0.0571308 0.0569597 0.0486562 0.0479415 0.0522158 0.0575556 0.0613488 0.0718421 0.0000000 0.0653996 0.0578311 0.0649109 0.0509746 0.0685230 0.0758775 0.0503648 0.0934286 0.0700128 
Macropodidae_Wallabia_bicolor                0.0528806 0.0761535 0.0498750 0.0211025 0.0196132 0.0836581 0.0609958 0.0628617 0.0356009 0.0753742 0.0595920 0.0754818 0.0792041 0.0579785 0.0875580 0.0775910 0.0602878 0.0439880 0.0067415 0.0746540 0.0357389 0.0430773 0.0475854 0.0274339 0.0646238 0.0653996 0.0000000 0.0734889 0.0639032 0.0540120 0.0600271 0.0652840 0.0390286 0.0808236 0.0652058 
Pseudochiridae_Pseudocheirus_occidentalis    0.0686031 0.0891403 0.0651891 0.0694866 0.0688961 0.1046204 0.0769155 0.0792610 0.0825756 0.1008257 0.0797848 0.0977984 0.1028543 0.0767979 0.1133753 0.1003221 0.0796715 0.0712093 0.0673915 0.0400942 0.0625674 0.0739792 0.0722883 0.0748361 0.0858672 0.0578311 0.0734889 0.0000000 0.0749067 0.0659555 0.0776012 0.0902476 0.0620660 0.1057572 0.0851133 
Tarsipedidae_Tarsipes_rostratus              0.0647944 0.0903990 0.0572670 0.0644247 0.0610725 0.0938267 0.0733623 0.0763070 0.0778843 0.0835555 0.0721897 0.0821738 0.0888598 0.0711208 0.0975750 0.0885274 0.0742296 0.0554087 0.0569381 0.0741285 0.0487779 0.0550955 0.0575674 0.0637016 0.0743108 0.0649109 0.0639032 0.0749067 0.0000000 0.0573155 0.0759160 0.0767590 0.0517053 0.0871003 0.0640390 
Acrobatidae_Distoechurus_pennatus            0.0493476 0.0787479 0.0449396 0.0551872 0.0538150 0.0811923 0.0610252 0.0631797 0.0701787 0.0734346 0.0593787 0.0695365 0.0765321 0.0574730 0.0819024 0.0742988 0.0587575 0.0404058 0.0463201 0.0650149 0.0321698 0.0402368 0.0384273 0.0513599 0.0572652 0.0509746 0.0540120 0.0659555 0.0573155 0.0000000 0.0594049 0.0628082 0.0344011 0.0795664 0.0325804 
Phalangeridae_Phalanger_carmelitae           0.0538950 0.0845288 0.0529470 0.0591287 0.0592172 0.0967632 0.0331181 0.0211944 0.0740073 0.0847435 0.0204073 0.0799934 0.0876479 0.0079062 0.0991260 0.0868297 0.0651686 0.0493791 0.0522525 0.0739483 0.0360611 0.0453667 0.0491382 0.0595361 0.0636778 0.0685230 0.0600271 0.0776012 0.0759160 0.0594049 0.0000000 0.0713190 0.0404164 0.0933630 0.0694005 
Peramelidae_Peroryctes_raffrayana            0.0638946 0.0810414 0.0593475 0.0627542 0.0638849 0.0681754 0.0740445 0.0747678 0.0810747 0.0181021 0.0722137 0.0615867 0.0694070 0.0659107 0.0713970 0.0605385 0.0611677 0.0152031 0.0591190 0.0886727 0.0304937 0.0426352 0.0445653 0.0667337 0.0652436 0.0758775 0.0652840 0.0902476 0.0767590 0.0628082 0.0713190 0.0000000 0.0355036 0.0345784 0.0837451 
Dasyuridae_Dasyurus_geffroii                 0.0361925 0.0491828 0.0344967 0.0383893 0.0376464 0.0010405 0.0503517 0.0483949 0.0569607 0.0363636 0.0450819 0.0129274 0.0123761 0.0389507 0.0135915 0.0030997 0.0068995 0.0455849 0.0325552 0.0651544 0.0373536 0.0470907 0.0182908 0.0412038 0.0342442 0.0503648 0.0390286 0.0620660 0.0517053 0.0344011 0.0404164 0.0355036 0.0000000 0.0580910 0.0516303 
Peramelidae_Perameles_gunnii                 0.0813663 0.0986028 0.0738922 0.0800493 0.0791549 0.0834312 0.0911378 0.0876829 0.0909211 0.0144994 0.0861997 0.0764539 0.0854482 0.0812083 0.0842511 0.0772556 0.0776921 0.0278285 0.0773528 0.1052894 0.0489179 0.0509947 0.0621716 0.0834648 0.0844822 0.0934286 0.0808236 0.1057572 0.0871003 0.0795664 0.0933630 0.0345784 0.0580910 0.0000000 0.1003476 
Acrobatidae_Acrobates_pygmaeus               0.0620521 0.1018901 0.0507443 0.0647220 0.0638403 0.1109745 0.0735120 0.0760876 0.0837318 0.0933449 0.0708743 0.0931846 0.1029606 0.0703820 0.1105936 0.1035599 0.0858207 0.0555797 0.0586807 0.0845906 0.0455774 0.0616550 0.0537777 0.0661917 0.0827730 0.0700128 0.0652058 0.0851133 0.0640390 0.0325804 0.0694005 0.0837451 0.0516303 0.1003476 0.0000000 
