35
Burramyidae_Burramys_parvus                  0.0000000 0.1025046 0.0851072 0.0895784 0.0984875 0.1044160 0.0701377 0.0694601 0.0973484 0.1365626 0.0678306 0.1084289 0.1175918 0.1195070 0.0904108 0.1066858 0.1144237 0.1651034 0.1088520 0.0990989 0.0932694 0.1272837 0.1762506 0.1082872 0.0955099 0.1383818 0.0755941 0.0891706 0.0878218 0.1107746 0.0830786 0.0918711 0.1444692 0.1251513 0.1330965 
Notoryctidae_Notoryctes_typhlops             0.1025046 0.0000000 0.0906289 0.0976408 0.1093342 0.1252648 0.0943164 0.0934971 0.1089764 0.1366490 0.0979751 0.1033720 0.1268325 0.1370489 0.1054685 0.1193127 0.1330042 0.1368243 0.1027762 0.1065718 0.1182497 0.1428744 0.1731823 0.1076728 0.1025717 0.1056190 0.1007242 0.0999057 0.1186320 0.1255439 0.1021602 0.1223562 0.1298704 0.1380542 0.1328571 
Vombatidae_Lasiorhinus_latifrons             0.0851072 0.0906289 0.0000000 0.0811787 0.0920963 0.1077388 0.0677532 0.0671651 0.0898593 0.1317635 0.0629259 0.1274601 0.1080999 0.1183743 0.0937709 0.1102741 0.1176413 0.1534903 0.0974413 0.0934570 0.0930524 0.1397836 0.1602706 0.1201148 0.0936250 0.1158361 0.0752791 0.0830611 0.0813981 0.1161966 0.0874940 0.0955100 0.1177421 0.1249603 0.1319029 
Potoroidae_Bettongia_penicillata             0.0895784 0.0976408 0.0811787 0.0000000 0.0149146 0.1186886 0.0731163 0.0724628 0.0250739 0.1369886 0.0713989 0.1384920 0.1250870 0.1223142 0.0892529 0.1251070 0.1315741 0.1713281 0.1108213 0.0435489 0.0919250 0.1561137 0.1682318 0.1369643 0.0615559 0.1268093 0.0757677 0.0297246 0.0854611 0.1104329 0.0821060 0.1078973 0.1277220 0.1367449 0.1384191 
Potoroidae_Bettongia_lesueur                 0.0984875 0.1093342 0.0920963 0.0149146 0.0000000 0.1282987 0.0845443 0.0778933 0.0197148 0.1449104 0.0786833 0.1429046 0.1322385 0.1244992 0.0987621 0.1349340 0.1411326 0.1730319 0.1192615 0.0459894 0.1010614 0.1656087 0.1836508 0.1406667 0.0703199 0.1316955 0.0842254 0.0358935 0.0951947 0.1157558 0.0920447 0.1096001 0.1447305 0.1442771 0.1440391 
Dasyuridae_Dasyurus_maculatus                0.1044160 0.1252648 0.1077388 0.1186886 0.1282987 0.0000000 0.0913331 0.0951811 0.1327228 0.1596718 0.0970593 0.0257422 0.0403173 0.1774499 0.1229429 0.0201947 0.0135839 0.0530432 0.1256512 0.1348838 0.1027754 0.1332672 0.2043597 0.0268362 0.1195808 0.1280401 0.0985401 0.1180932 0.1129731 0.1246291 0.1322945 0.1408313 0.1777418 0.0127026 0.1545995 
Phalangeridae_Trichosurus_vulpecula          0.0701377 0.0943164 0.0677532 0.0731163 0.0845443 0.0913331 0.0000000 0.0268074 0.0838595 0.1273104 0.0227348 0.1195501 0.1028114 0.0770990 0.0790793 0.0968695 0.1023629 0.1636809 0.0987130 0.0821678 0.0784213 0.1521274 0.1828115 0.1231974 0.0819284 0.1115535 0.0604556 0.0691139 0.0695457 0.0909546 0.0737543 0.0596836 0.1233358 0.1083442 0.1234659 
Phalangeridae_Spilocuscus_maculatus          0.0694601 0.0934971 0.0671651 0.0724628 0.0778933 0.0951811 0.0268074 0.0000000 0.0772329 0.1310619 0.0162511 0.1226526 0.1076124 0.0638422 0.0759263 0.1049992 0.1041708 0.1663514 0.1065212 0.0808239 0.0711201 0.1505989 0.1748209 0.1217542 0.0786264 0.1269816 0.0597536 0.0707348 0.0662670 0.0899836 0.0706596 0.0457726 0.1305581 0.1141791 0.1284997 
Potoroidae_Aepyprymnus_rufescens             0.0973484 0.1089764 0.0898593 0.0250739 0.0197148 0.1327228 0.0838595 0.0772329 0.0000000 0.1482999 0.0789225 0.1399813 0.1398220 0.1153538 0.0980424 0.1363172 0.1448613 0.1754782 0.1159409 0.0458546 0.1016198 0.1647221 0.1839899 0.1365013 0.0712054 0.1287953 0.0843325 0.0385859 0.0957395 0.1197748 0.0912980 0.1072992 0.1511791 0.1454180 0.1471115 
Peramelidae_Perameles_nasuta                 0.1365626 0.1366490 0.1317635 0.1369886 0.1449104 0.1596718 0.1273104 0.1310619 0.1482999 0.0000000 0.1297109 0.1659337 0.1558036 0.1928035 0.1368657 0.1663388 0.1631291 0.2009894 0.0455907 0.1497397 0.1368141 0.1978747 0.2380887 0.1734507 0.1550407 0.1519057 0.1251128 0.1331319 0.1321676 0.1571587 0.1444219 0.1661226 0.0546247 0.1813078 0.0056215 
Phalangeridae_Strigocuscus_pelengensis       0.0678306 0.0979751 0.0629259 0.0713989 0.0786833 0.0970593 0.0227348 0.0162511 0.0789225 0.1297109 0.0000000 0.1267117 0.1073561 0.0627615 0.0784985 0.1060934 0.1071750 0.1752113 0.1055009 0.0817684 0.0761791 0.1561272 0.1772683 0.1305083 0.0803664 0.1226949 0.0611680 0.0697631 0.0659059 0.0927945 0.0716005 0.0496919 0.1293134 0.1183448 0.1260552 
Dasyuridae_Phascogale_tapoatafa              0.1084289 0.1033720 0.1274601 0.1384920 0.1429046 0.0257422 0.1195501 0.1226526 0.1399813 0.1659337 0.1267117 0.0000000 0.0455288 0.1251298 0.1306703 0.0055595 0.0272224 0.0457750 0.1535686 0.1497702 0.1276235 0.1339491 0.1817498 0.0132447 0.1273037 0.1392413 0.1203698 0.1481527 0.1304467 0.1320837 0.1241720 0.1262472 0.1923484 0.0245339 0.1617588 
Dasyuridae_Sminthopsis_macroura              0.1175918 0.1268325 0.1080999 0.1250870 0.1322385 0.0403173 0.1028114 0.1076124 0.1398220 0.1558036 0.1073561 0.0455288 0.0000000 0.1928024 0.1245635 0.0319386 0.0366092 0.0410142 0.1228797 0.1405345 0.1182322 0.1340841 0.1913616 0.0431498 0.1259346 0.1458894 0.1088523 0.1313369 0.1227434 0.1342330 0.1294336 0.1539565 0.1774267 0.0412245 0.1540532 
Phalangeridae_Phalanger_orientalis           0.1195070 0.1370489 0.1183743 0.1223142 0.1244992 0.1774499 0.0770990 0.0638422 0.1153538 0.1928035 0.0627615 0.1251298 0.1928024 0.0000000 0.1359253 0.1867215 0.1880223 0.1720849 0.1706830 0.1247155 0.1328275 0.2117321 0.2877188 0.1260553 0.1222855 0.1243713 0.1208794 0.1144664 0.1359999 0.1381832 0.1063435 0.0761846 0.2423404 0.1864996 0.1842179 
Acrobatidae_Acrobates_pygmaeus               0.0904108 0.1054685 0.0937709 0.0892529 0.0987621 0.1229429 0.0790793 0.0759263 0.0980424 0.1368657 0.0784985 0.1306703 0.1245635 0.1359253 0.0000000 0.1211636 0.1332538 0.1640028 0.1224886 0.0935850 0.0785137 0.1484659 0.2034311 0.1269334 0.1024206 0.1316296 0.0639125 0.0842178 0.0733487 0.1085432 0.0497978 0.0981086 0.1445023 0.1324730 0.1430692 
Dasyuridae_Phascogale_calura                 0.1066858 0.1193127 0.1102741 0.1251070 0.1349340 0.0201947 0.0968695 0.1049992 0.1363172 0.1663388 0.1060934 0.0055595 0.0319386 0.1867215 0.1211636 0.0000000 0.0192746 0.0458218 0.1314836 0.1425496 0.1111306 0.1310831 0.2048973 0.0132349 0.1182868 0.1420557 0.1024835 0.1228654 0.1202135 0.1318261 0.1316410 0.1493153 0.1915960 0.0187214 0.1621235 
Dasyuridae_Sarcophilus_harrisii              0.1144237 0.1330042 0.1176413 0.1315741 0.1411326 0.0135839 0.1023629 0.1041708 0.1448613 0.1631291 0.1071750 0.0272224 0.0366092 0.1880223 0.1332538 0.0192746 0.0000000 0.0611682 0.1314658 0.1504980 0.1137416 0.1339826 0.2198436 0.0270683 0.1297341 0.1438425 0.1107795 0.1314355 0.1252835 0.1347605 0.1367728 0.1483674 0.1916482 0.0126631 0.1589822 
Dasyuridae_Planigale_tenuirostris            0.1651034 0.1368243 0.1534903 0.1713281 0.1730319 0.0530432 0.1636809 0.1663514 0.1754782 0.2009894 0.1752113 0.0457750 0.0410142 0.1720849 0.1640028 0.0458218 0.0611682 0.0000000 0.2053397 0.1789300 0.1567962 0.1736038 0.2163236 0.0486985 0.1479878 0.1627820 0.1635254 0.1681975 0.1724474 0.1643932 0.1530099 0.1737940 0.2217311 0.0522241 0.2027230 
Peramelidae_Echymipera_kalubu                0.1088520 0.1027762 0.0974413 0.1108213 0.1192615 0.1256512 0.0987130 0.1065212 0.1159409 0.0455907 0.1055009 0.1535686 0.1228797 0.1706830 0.1224886 0.1314836 0.1314658 0.2053397 0.0000000 0.1278219 0.1177418 0.1500527 0.1714925 0.1572943 0.1198745 0.1386324 0.1098555 0.1104570 0.1194424 0.1381029 0.1233779 0.1350659 0.0205269 0.1412485 0.0454220 
Macropodidae_Dorcopsulus_vanheurni           0.0990989 0.1065718 0.0934570 0.0435489 0.0459894 0.1348838 0.0821678 0.0808239 0.0458546 0.1497397 0.0817684 0.1497702 0.1405345 0.1247155 0.0935850 0.1425496 0.1504980 0.1789300 0.1278219 0.0000000 0.1058141 0.1759097 0.1928184 0.1476360 0.0703806 0.1375243 0.0885395 0.0257874 0.0958847 0.1233707 0.0918831 0.1104727 0.1687235 0.1507956 0.1467966 
Pseudochiridae_Pseudochirulus_forbesi        0.0932694 0.1182497 0.0930524 0.0919250 0.1010614 0.1027754 0.0784213 0.0711201 0.1016198 0.1368141 0.0761791 0.1276235 0.1182322 0.1328275 0.0785137 0.1111306 0.1137416 0.1567962 0.1177418 0.1058141 0.0000000 0.1519926 0.1714137 0.1296901 0.1047002 0.1215760 0.0390326 0.0959576 0.0295922 0.0931803 0.0721293 0.0995932 0.1461584 0.1240446 0.1398549 
Didelphidae_Didelphis_virginiana             0.1272837 0.1428744 0.1397836 0.1561137 0.1656087 0.1332672 0.1521274 0.1505989 0.1647221 0.1978747 0.1561272 0.1339491 0.1340841 0.2117321 0.1484659 0.1310831 0.1339826 0.1736038 0.1500527 0.1759097 0.1519926 0.0000000 0.1180674 0.1273920 0.1578111 0.1963373 0.1458280 0.1713292 0.1515571 0.1838788 0.1407343 0.1745530 0.1844835 0.1354938 0.1950905 
Marmosidae_Monodelphis_domestica             0.1762506 0.1731823 0.1602706 0.1682318 0.1836508 0.2043597 0.1828115 0.1748209 0.1839899 0.2380887 0.1772683 0.1817498 0.1913616 0.2877188 0.2034311 0.2048973 0.2198436 0.2163236 0.1714925 0.1928184 0.1714137 0.1180674 0.0000000 0.1750466 0.1903670 0.1830771 0.1669195 0.1755208 0.1768819 0.2326135 0.1895720 0.2201231 0.1635053 0.2205685 0.2522293 
Dasyuridae_Antechinus_stuartii               0.1082872 0.1076728 0.1201148 0.1369643 0.1406667 0.0268362 0.1231974 0.1217542 0.1365013 0.1734507 0.1305083 0.0132447 0.0431498 0.1260553 0.1269334 0.0132349 0.0270683 0.0486985 0.1572943 0.1476360 0.1296901 0.1273920 0.1750466 0.0000000 0.1282162 0.1390595 0.1226788 0.1439882 0.1329806 0.1335800 0.1217920 0.1272334 0.1952662 0.0273208 0.1632377 
Hypsiprymnodontidae_Hypsiprymnodon_moschatus 0.0955099 0.1025717 0.0936250 0.0615559 0.0703199 0.1195808 0.0819284 0.0786264 0.0712054 0.1550407 0.0803664 0.1273037 0.1259346 0.1222855 0.1024206 0.1182868 0.1297341 0.1479878 0.1198745 0.0703806 0.1047002 0.1578111 0.1903670 0.1282162 0.0000000 0.1197392 0.0895382 0.0614710 0.1024980 0.1157079 0.0909705 0.1131673 0.1582770 0.1296052 0.1514041 
Microbiotheriidae_Dromiciops_gliroides       0.1383818 0.1056190 0.1158361 0.1268093 0.1316955 0.1280401 0.1115535 0.1269816 0.1287953 0.1519057 0.1226949 0.1392413 0.1458894 0.1243713 0.1316296 0.1420557 0.1438425 0.1627820 0.1386324 0.1375243 0.1215760 0.1963373 0.1830771 0.1390595 0.1197392 0.0000000 0.1151489 0.1348360 0.1048871 0.1328903 0.1196534 0.1255058 0.1338280 0.1417030 0.1498158 
Pseudochiridae_Petauroides_volans            0.0755941 0.1007242 0.0752791 0.0757677 0.0842254 0.0985401 0.0604556 0.0597536 0.0843325 0.1251128 0.0611680 0.1203698 0.1088523 0.1208794 0.0639125 0.1024835 0.1107795 0.1635254 0.1098555 0.0885395 0.0390326 0.1458280 0.1669195 0.1226788 0.0895382 0.1151489 0.0000000 0.0781966 0.0345932 0.0810346 0.0602062 0.0883041 0.1240903 0.1193676 0.1238939 
Macropodidae_Wallabia_bicolor                0.0891706 0.0999057 0.0830611 0.0297246 0.0358935 0.1180932 0.0691139 0.0707348 0.0385859 0.1331319 0.0697631 0.1481527 0.1313369 0.1144664 0.0842178 0.1228654 0.1314355 0.1681975 0.1104570 0.0257874 0.0959576 0.1713292 0.1755208 0.1439882 0.0614710 0.1348360 0.0781966 0.0000000 0.0787646 0.1106416 0.0883064 0.0992900 0.1298454 0.1372921 0.1372829 
Pseudochiridae_Pseudocheirus_occidentalis    0.0878218 0.1186320 0.0813981 0.0854611 0.0951947 0.1129731 0.0695457 0.0662670 0.0957395 0.1321676 0.0659059 0.1304467 0.1227434 0.1359999 0.0733487 0.1202135 0.1252835 0.1724474 0.1194424 0.0958847 0.0295922 0.1515571 0.1768819 0.1329806 0.1024980 0.1048871 0.0345932 0.0787646 0.0000000 0.0965691 0.0729538 0.1000755 0.1613732 0.1320232 0.1317602 
Tarsipedidae_Tarsipes_rostratus              0.1107746 0.1255439 0.1161966 0.1104329 0.1157558 0.1246291 0.0909546 0.0899836 0.1197748 0.1571587 0.0927945 0.1320837 0.1342330 0.1381832 0.1085432 0.1318261 0.1347605 0.1643932 0.1381029 0.1233707 0.0931803 0.1838788 0.2326135 0.1335800 0.1157079 0.1328903 0.0810346 0.1106416 0.0965691 0.0000000 0.1021533 0.1171581 0.1930184 0.1381655 0.1597499 
Acrobatidae_Distoechurus_pennatus            0.0830786 0.1021602 0.0874940 0.0821060 0.0920447 0.1322945 0.0737543 0.0706596 0.0912980 0.1444219 0.0716005 0.1241720 0.1294336 0.1063435 0.0497978 0.1316410 0.1367728 0.1530099 0.1233779 0.0918831 0.0721293 0.1407343 0.1895720 0.1217920 0.0909705 0.1196534 0.0602062 0.0883064 0.0729538 0.1021533 0.0000000 0.0862766 0.1378149 0.1360579 0.1446858 
Phalangeridae_Phalanger_carmelitae           0.0918711 0.1223562 0.0955100 0.1078973 0.1096001 0.1408313 0.0596836 0.0457726 0.1072992 0.1661226 0.0496919 0.1262472 0.1539565 0.0761846 0.0981086 0.1493153 0.1483674 0.1737940 0.1350659 0.1104727 0.0995932 0.1745530 0.2201231 0.1272334 0.1131673 0.1255058 0.0883041 0.0992900 0.1000755 0.1171581 0.0862766 0.0000000 0.1834387 0.1481383 0.1620784 
Peramelidae_Peroryctes_raffrayana            0.1444692 0.1298704 0.1177421 0.1277220 0.1447305 0.1777418 0.1233358 0.1305581 0.1511791 0.0546247 0.1293134 0.1923484 0.1774267 0.2423404 0.1445023 0.1915960 0.1916482 0.2217311 0.0205269 0.1687235 0.1461584 0.1844835 0.1635053 0.1952662 0.1582770 0.1338280 0.1240903 0.1298454 0.1613732 0.1930184 0.1378149 0.1834387 0.0000000 0.2022583 0.0584519 
Dasyuridae_Dasyurus_geffroii                 0.1251513 0.1380542 0.1249603 0.1367449 0.1442771 0.0127026 0.1083442 0.1141791 0.1454180 0.1813078 0.1183448 0.0245339 0.0412245 0.1864996 0.1324730 0.0187214 0.0126631 0.0522241 0.1412485 0.1507956 0.1240446 0.1354938 0.2205685 0.0273208 0.1296052 0.1417030 0.1193676 0.1372921 0.1320232 0.1381655 0.1360579 0.1481383 0.2022583 0.0000000 0.1766523 
Peramelidae_Perameles_gunnii                 0.1330965 0.1328571 0.1319029 0.1384191 0.1440391 0.1545995 0.1234659 0.1284997 0.1471115 0.0056215 0.1260552 0.1617588 0.1540532 0.1842179 0.1430692 0.1621235 0.1589822 0.2027230 0.0454220 0.1467966 0.1398549 0.1950905 0.2522293 0.1632377 0.1514041 0.1498158 0.1238939 0.1372829 0.1317602 0.1597499 0.1446858 0.1620784 0.0584519 0.1766523 0.0000000 
