177
I0185_86_Accipitridae_Buteo_jamaicensis                   0.0000000 0.0422777 0.0393848 0.0445837 0.0520538 0.0387995 0.0352685 0.0411670 0.0510084 0.0586799 0.0328320 0.0598168 0.0410359 0.0438100 0.0563702 0.0384022 0.0210660 0.0570391 0.0269601 0.0552036 0.0597546 0.0269684 0.0435932 0.0326824 0.0600412 0.0687936 0.0647866 0.0309507 0.0537181 0.0536074 0.0483260 0.0513814 0.0389009 0.0673735 0.0545769 0.0643942 0.0539802 0.0730414 0.0580488 0.0542244 0.0708841 0.0663734 0.0423302 0.0448882 0.0374334 0.0557845 0.0518127 0.0288331 0.0425890 0.0543175 0.0564882 0.0405765 0.0376026 0.0300713 0.0538084 0.0522137 0.0738940 0.0531527 0.0555711 0.0467065 0.0296277 0.0362339 0.0636488 0.0565100 0.0392045 0.0620066 0.0617535 0.0565082 0.0542531 0.0340713 0.0331124 0.0524713 0.0570465 0.0325366 0.0077420 0.0443262 0.0468111 0.0453966 0.0265659 0.0507609 0.0715034 0.0417507 0.0353595 0.0269353 0.0521143 0.0387539 0.0554162 0.0572073 0.0268442 0.0574436 0.0308287 0.0235787 0.0284686 0.0397746 0.0402796 0.0522876 0.0420953 0.0319848 0.0307568 0.0346309 0.0436153 0.0673463 0.0336468 0.0501296 0.0693716 0.0666159 0.0487244 0.0567572 0.0664348 0.0620963 0.0285591 0.0192864 0.0280959 0.0521593 0.0457831 0.0403377 0.0593209 0.0292743 0.0587260 0.0328052 0.0374342 0.0270550 0.0405809 0.0659719 0.0493235 0.0346711 0.0561215 0.0333327 0.0415095 0.0362282 0.0274845 0.0292880 0.0272446 0.0428947 0.0311069 0.0634515 0.0469490 0.0384232 0.0286841 0.0488939 0.0672640 0.0508053 0.0545197 0.0315406 0.0321001 0.0301111 0.0311483 0.0441226 0.0461458 0.0432347 0.0633087 0.0361098 0.0457600 0.0566568 0.0566519 0.0342648 0.0382643 0.0323451 0.0582724 0.0583843 0.0671543 0.0215586 0.0275858 0.0308710 0.0607999 0.0286859 0.0657637 0.0643087 0.0572287 0.0518765 0.1276614 0.0581693 0.0712217 0.0667932 0.0418296 0.0381399 0.0529042 
I0186_111_Momotidae_Momotus_lessonii                      0.0422777 0.0000000 0.0474524 0.0550657 0.0586752 0.0458713 0.0467100 0.0496443 0.0464545 0.0617997 0.0449859 0.0665882 0.0493098 0.0467632 0.0625186 0.0493910 0.0332909 0.0630022 0.0385618 0.0618005 0.0673965 0.0390396 0.0511786 0.0446432 0.0640485 0.0759427 0.0720633 0.0410026 0.0603893 0.0599783 0.0577216 0.0594287 0.0476219 0.0730494 0.0616837 0.0737853 0.0612787 0.0825666 0.0642383 0.0609273 0.0812242 0.0736432 0.0402249 0.0530648 0.0484164 0.0634127 0.0596739 0.0403378 0.0516145 0.0611313 0.0633851 0.0485422 0.0484269 0.0420657 0.0608187 0.0605118 0.0828052 0.0603839 0.0667926 0.0594884 0.0414775 0.0444599 0.0719021 0.0680304 0.0487047 0.0670354 0.0737492 0.0640652 0.0610137 0.0456688 0.0435308 0.0598782 0.0619905 0.0381410 0.0422228 0.0408690 0.0524305 0.0500907 0.0391603 0.0597294 0.0788171 0.0520319 0.0446359 0.0382811 0.0634230 0.0428890 0.0662275 0.0613589 0.0382764 0.0688217 0.0437106 0.0410176 0.0408605 0.0498047 0.0423579 0.0591096 0.0506376 0.0424537 0.0432738 0.0458855 0.0527853 0.0773658 0.0449814 0.0631223 0.0777527 0.0723269 0.0576886 0.0657370 0.0749079 0.0736289 0.0404203 0.0445947 0.0404364 0.0590493 0.0549761 0.0484009 0.0702576 0.0413133 0.0648711 0.0433777 0.0472682 0.0390697 0.0490676 0.0700914 0.0579020 0.0471137 0.0615502 0.0450260 0.0526408 0.0462352 0.0389624 0.0403733 0.0385393 0.0522120 0.0415555 0.0679048 0.0541451 0.0488082 0.0408728 0.0546690 0.0790055 0.0603873 0.0617445 0.0421114 0.0437153 0.0414924 0.0430980 0.0522870 0.0542171 0.0523566 0.0725407 0.0469933 0.0539332 0.0625805 0.0638873 0.0454585 0.0470985 0.0445018 0.0645514 0.0670291 0.0755243 0.0428859 0.0400632 0.0424339 0.0724715 0.0398910 0.0736683 0.0699541 0.0641271 0.0580156 0.1345140 0.0667111 0.0772856 0.0735074 0.0512222 0.0468701 0.0594132 
I0187_115_Trogonidae_Trogon_elegans                       0.0393848 0.0474524 0.0000000 0.0541774 0.0589387 0.0179644 0.0448623 0.0473716 0.0565106 0.0632772 0.0428672 0.0657855 0.0493971 0.0521164 0.0610566 0.0467529 0.0320792 0.0614847 0.0381008 0.0597832 0.0659151 0.0390113 0.0505238 0.0424225 0.0659137 0.0751988 0.0744079 0.0403453 0.0579262 0.0593057 0.0571573 0.0591825 0.0468634 0.0741159 0.0593840 0.0717651 0.0601007 0.0807627 0.0631438 0.0596627 0.0812784 0.0731069 0.0497189 0.0529221 0.0478462 0.0613423 0.0582620 0.0395114 0.0514166 0.0589864 0.0612866 0.0472205 0.0476076 0.0405592 0.0595927 0.0598587 0.0812167 0.0587291 0.0655695 0.0578650 0.0404675 0.0446062 0.0708133 0.0666071 0.0479596 0.0686730 0.0728280 0.0624951 0.0590092 0.0431822 0.0423147 0.0577930 0.0620718 0.0391555 0.0399387 0.0500226 0.0534828 0.0526883 0.0372111 0.0595436 0.0772527 0.0510308 0.0442635 0.0373377 0.0621599 0.0474642 0.0649390 0.0625855 0.0374614 0.0671795 0.0416155 0.0385786 0.0396328 0.0485750 0.0473589 0.0606752 0.0497537 0.0429472 0.0410287 0.0452659 0.0517606 0.0755174 0.0438487 0.0611062 0.0755460 0.0705978 0.0576919 0.0647909 0.0722378 0.0721583 0.0382783 0.0431737 0.0379850 0.0589457 0.0544899 0.0485038 0.0692938 0.0399849 0.0650950 0.0432949 0.0465871 0.0372019 0.0488391 0.0711873 0.0577891 0.0455900 0.0619465 0.0450977 0.0502576 0.0443352 0.0376189 0.0402281 0.0371420 0.0513733 0.0419235 0.0695099 0.0551540 0.0468846 0.0397154 0.0547140 0.0780068 0.0582661 0.0593262 0.0415757 0.0421357 0.0414651 0.0421023 0.0517272 0.0544431 0.0517346 0.0704481 0.0454595 0.0527343 0.0610829 0.0622929 0.0430918 0.0460870 0.0431487 0.0634514 0.0650386 0.0748532 0.0410351 0.0382601 0.0424255 0.0705121 0.0402012 0.0722671 0.0702168 0.0639972 0.0583216 0.1370060 0.0649653 0.0770554 0.0724258 0.0503380 0.0460867 0.0597942 
I0188_135_Apodidae_Streptoprocne_zonaris                  0.0445837 0.0550657 0.0541774 0.0000000 0.0632307 0.0523864 0.0480459 0.0534595 0.0625504 0.0689055 0.0461063 0.0681217 0.0542554 0.0580177 0.0643568 0.0512816 0.0369647 0.0638932 0.0410643 0.0637993 0.0668639 0.0417526 0.0553711 0.0481355 0.0712654 0.0776107 0.0739094 0.0461576 0.0624776 0.0629961 0.0486678 0.0515472 0.0520340 0.0768178 0.0645282 0.0777242 0.0634414 0.0840094 0.0668499 0.0629304 0.0837284 0.0752430 0.0524678 0.0537166 0.0517140 0.0649320 0.0612189 0.0437451 0.0540641 0.0638547 0.0648118 0.0529213 0.0491275 0.0456127 0.0663191 0.0236303 0.0850571 0.0625950 0.0707091 0.0628177 0.0431172 0.0470798 0.0753246 0.0717606 0.0487358 0.0755295 0.0768043 0.0648707 0.0642165 0.0486958 0.0475950 0.0615131 0.0684442 0.0443937 0.0443001 0.0560823 0.0596431 0.0574239 0.0427166 0.0506264 0.0835960 0.0545077 0.0482536 0.0421651 0.0683321 0.0514351 0.0707506 0.0685560 0.0410637 0.0722317 0.0469578 0.0457425 0.0432161 0.0506876 0.0519864 0.0614566 0.0529135 0.0480362 0.0462097 0.0499194 0.0552518 0.0807571 0.0469356 0.0657302 0.0813192 0.0696379 0.0595499 0.0656026 0.0768417 0.0770997 0.0429642 0.0483527 0.0434931 0.0624815 0.0216909 0.0519080 0.0728751 0.0441365 0.0698864 0.0483552 0.0438275 0.0424559 0.0526245 0.0777246 0.0599303 0.0472579 0.0647368 0.0493901 0.0552236 0.0474599 0.0427682 0.0441391 0.0424788 0.0540211 0.0456758 0.0691553 0.0603878 0.0498909 0.0429111 0.0607084 0.0818982 0.0607580 0.0641862 0.0451638 0.0469143 0.0459586 0.0466586 0.0550208 0.0561206 0.0551880 0.0758898 0.0492186 0.0554683 0.0648344 0.0642851 0.0482550 0.0509326 0.0436204 0.0673746 0.0669141 0.0803198 0.0460749 0.0432277 0.0463711 0.0769670 0.0447011 0.0741322 0.0729847 0.0669369 0.0633224 0.1404620 0.0668542 0.0775869 0.0748995 0.0557950 0.0523740 0.0628040 
I0189_225_Eurylaimidae_Smithornis_rufolateralis           0.0520538 0.0586752 0.0589387 0.0632307 0.0000000 0.0565849 0.0567773 0.0579429 0.0647218 0.0718283 0.0548433 0.0505764 0.0612992 0.0625366 0.0400844 0.0570861 0.0450072 0.0428787 0.0505671 0.0412008 0.0437003 0.0510219 0.0595191 0.0533256 0.0748890 0.0616447 0.0578269 0.0518548 0.0393840 0.0406197 0.0644107 0.0670813 0.0567535 0.0581265 0.0396401 0.0812215 0.0410107 0.0897603 0.0443624 0.0400707 0.0912689 0.0573774 0.0599111 0.0617492 0.0584824 0.0404289 0.0382183 0.0520876 0.0606159 0.0397069 0.0418491 0.0570458 0.0588228 0.0539786 0.0416942 0.0681092 0.0901982 0.0401740 0.0757872 0.0690488 0.0524204 0.0547556 0.0811178 0.0774376 0.0581219 0.0786971 0.0827991 0.0400850 0.0413270 0.0562705 0.0537806 0.0391153 0.0699664 0.0472810 0.0519331 0.0606754 0.0634551 0.0598380 0.0494589 0.0672966 0.0875415 0.0591579 0.0566545 0.0507844 0.0733032 0.0570241 0.0759885 0.0703129 0.0509364 0.0780854 0.0547341 0.0534374 0.0522700 0.0598986 0.0574335 0.0664719 0.0605080 0.0541109 0.0540003 0.0568591 0.0619566 0.0849980 0.0550451 0.0729030 0.0865208 0.0510291 0.0662909 0.0508479 0.0600945 0.0827112 0.0504531 0.0542597 0.0509543 0.0268035 0.0633358 0.0580384 0.0799960 0.0510526 0.0754470 0.0562383 0.0581241 0.0504931 0.0595641 0.0798259 0.0666316 0.0568392 0.0304574 0.0575259 0.0590888 0.0554222 0.0508255 0.0516166 0.0506236 0.0620381 0.0542308 0.0758321 0.0672583 0.0573769 0.0520335 0.0668588 0.0887915 0.0450598 0.0404117 0.0539051 0.0549784 0.0525499 0.0540944 0.0627090 0.0616659 0.0620988 0.0797411 0.0553167 0.0639485 0.0419095 0.0429550 0.0540261 0.0565720 0.0547525 0.0314269 0.0518041 0.0835506 0.0528482 0.0511540 0.0529732 0.0818090 0.0517593 0.0571757 0.0546818 0.0490972 0.0216294 0.1407459 0.0511258 0.0620983 0.0591247 0.0591322 0.0593629 0.0476294 
I0190_295_Trogonidae_Apaloderma_aequatoriale              0.0387995 0.0458713 0.0179644 0.0523864 0.0565849 0.0000000 0.0439669 0.0456286 0.0549869 0.0608968 0.0424769 0.0631846 0.0481014 0.0509828 0.0592408 0.0455478 0.0306172 0.0598071 0.0365509 0.0578381 0.0636791 0.0383342 0.0480172 0.0409627 0.0651675 0.0724913 0.0717622 0.0393286 0.0568864 0.0578437 0.0546346 0.0571332 0.0454137 0.0717686 0.0577059 0.0689937 0.0583249 0.0778317 0.0610358 0.0581341 0.0792503 0.0702962 0.0482467 0.0505964 0.0469215 0.0599101 0.0561940 0.0375031 0.0506537 0.0575481 0.0596925 0.0457760 0.0461184 0.0391989 0.0574870 0.0574167 0.0788762 0.0568991 0.0640184 0.0560453 0.0388376 0.0428223 0.0680640 0.0644308 0.0463812 0.0673497 0.0705452 0.0600941 0.0578925 0.0425126 0.0416758 0.0563227 0.0597928 0.0365726 0.0394231 0.0501481 0.0514527 0.0508018 0.0360808 0.0575183 0.0744286 0.0502401 0.0425939 0.0369677 0.0607050 0.0462987 0.0628861 0.0606383 0.0368141 0.0655100 0.0405546 0.0383699 0.0392321 0.0484069 0.0474830 0.0583224 0.0489403 0.0406450 0.0400197 0.0444208 0.0517244 0.0732813 0.0423908 0.0590689 0.0740914 0.0702369 0.0566717 0.0635976 0.0715753 0.0699713 0.0373081 0.0423537 0.0371253 0.0571373 0.0529061 0.0485307 0.0673253 0.0384152 0.0633490 0.0425161 0.0459262 0.0365213 0.0467581 0.0694215 0.0566925 0.0442936 0.0605469 0.0433959 0.0488266 0.0423498 0.0368592 0.0382834 0.0367527 0.0504598 0.0408666 0.0679988 0.0538914 0.0450515 0.0395580 0.0540143 0.0767104 0.0551644 0.0578744 0.0399518 0.0406223 0.0398889 0.0407747 0.0506667 0.0532259 0.0507614 0.0687936 0.0443904 0.0517224 0.0595944 0.0601802 0.0422667 0.0449285 0.0414701 0.0615211 0.0633312 0.0728282 0.0401792 0.0377476 0.0405178 0.0693532 0.0390350 0.0701812 0.0680242 0.0615453 0.0567891 0.1371590 0.0634619 0.0742360 0.0706135 0.0480692 0.0450872 0.0585367 
I0192_375_Musophagidae_Tauraco_macrorhynchus              0.0352685 0.0467100 0.0448623 0.0480459 0.0567773 0.0439669 0.0000000 0.0443582 0.0535315 0.0617866 0.0199957 0.0626591 0.0468951 0.0492915 0.0595672 0.0437953 0.0278205 0.0595293 0.0329320 0.0578498 0.0637899 0.0330769 0.0460438 0.0366301 0.0649181 0.0727908 0.0705162 0.0373025 0.0566882 0.0574632 0.0511335 0.0538345 0.0428944 0.0704420 0.0588333 0.0677823 0.0583005 0.0766592 0.0604232 0.0574005 0.0747959 0.0701742 0.0476706 0.0482090 0.0437247 0.0595674 0.0553491 0.0330382 0.0481721 0.0575811 0.0598712 0.0435161 0.0421566 0.0344425 0.0572377 0.0542662 0.0768635 0.0555970 0.0594466 0.0505567 0.0341201 0.0387437 0.0663824 0.0601652 0.0432211 0.0672466 0.0674671 0.0604377 0.0581148 0.0388428 0.0385366 0.0558725 0.0623270 0.0368892 0.0359282 0.0479659 0.0522170 0.0502820 0.0330293 0.0539016 0.0748580 0.0462139 0.0398358 0.0311392 0.0570361 0.0460964 0.0586528 0.0613619 0.0299990 0.0610615 0.0365556 0.0358144 0.0340317 0.0430277 0.0467081 0.0551417 0.0446048 0.0380030 0.0365616 0.0398575 0.0496130 0.0713045 0.0382313 0.0547346 0.0730423 0.0696206 0.0521991 0.0618871 0.0704622 0.0677354 0.0329571 0.0397296 0.0324812 0.0565897 0.0496692 0.0457670 0.0652732 0.0346678 0.0620181 0.0380787 0.0414641 0.0315523 0.0436577 0.0698646 0.0538498 0.0409310 0.0591945 0.0396374 0.0461814 0.0402413 0.0317832 0.0337986 0.0313329 0.0469073 0.0359840 0.0679011 0.0524006 0.0420938 0.0338956 0.0528788 0.0733437 0.0558878 0.0580209 0.0368115 0.0357414 0.0370492 0.0375582 0.0474164 0.0501376 0.0477353 0.0667701 0.0415176 0.0483934 0.0600411 0.0595455 0.0390885 0.0422966 0.0375670 0.0625773 0.0630024 0.0719277 0.0383755 0.0334636 0.0375455 0.0666986 0.0357608 0.0702435 0.0683236 0.0606934 0.0567521 0.1307954 0.0629754 0.0731152 0.0712385 0.0469263 0.0437028 0.0568806 
I0193_447_Columbidae_Treron_calvus                        0.0411670 0.0496443 0.0473716 0.0534595 0.0579429 0.0456286 0.0443582 0.0000000 0.0571563 0.0622131 0.0425012 0.0632127 0.0494400 0.0530822 0.0607225 0.0466121 0.0265850 0.0611550 0.0364560 0.0604924 0.0653616 0.0374526 0.0193233 0.0412667 0.0659486 0.0714907 0.0687900 0.0409472 0.0583816 0.0586186 0.0544775 0.0568720 0.0162715 0.0697161 0.0596848 0.0698204 0.0591053 0.0800636 0.0620039 0.0595311 0.0788839 0.0701109 0.0498555 0.0505110 0.0485768 0.0617469 0.0575136 0.0377759 0.0510509 0.0594596 0.0616325 0.0171586 0.0461414 0.0393032 0.0590131 0.0591625 0.0804960 0.0587729 0.0642242 0.0569122 0.0384988 0.0433069 0.0692294 0.0646200 0.0459816 0.0676664 0.0720740 0.0622964 0.0599695 0.0433032 0.0441125 0.0582241 0.0623960 0.0310662 0.0411968 0.0522945 0.0543556 0.0527544 0.0366034 0.0570086 0.0771778 0.0498451 0.0422431 0.0356734 0.0613619 0.0484177 0.0639340 0.0617445 0.0354674 0.0664218 0.0412497 0.0404397 0.0375156 0.0452806 0.0481943 0.0576510 0.0463079 0.0423787 0.0407465 0.0438203 0.0528482 0.0742590 0.0416862 0.0606790 0.0752889 0.0716469 0.0559885 0.0628301 0.0697078 0.0714656 0.0370311 0.0439958 0.0366854 0.0586489 0.0532177 0.0491721 0.0694545 0.0380129 0.0657757 0.0434387 0.0452737 0.0358053 0.0484478 0.0713549 0.0548909 0.0436872 0.0612600 0.0444268 0.0489931 0.0417041 0.0360289 0.0385584 0.0355242 0.0504378 0.0414521 0.0675855 0.0546754 0.0447692 0.0372393 0.0545661 0.0785220 0.0559161 0.0595893 0.0395544 0.0406935 0.0413764 0.0407512 0.0512758 0.0528499 0.0507643 0.0688276 0.0442642 0.0521947 0.0616670 0.0613387 0.0429747 0.0155514 0.0422627 0.0637877 0.0625685 0.0735315 0.0419870 0.0368844 0.0417003 0.0706977 0.0400983 0.0686907 0.0666240 0.0612803 0.0579291 0.1343968 0.0626104 0.0735948 0.0704329 0.0496117 0.0458623 0.0595084 
I0194_495_Alcedinidae_Alcedo_quadribrachys                0.0510084 0.0464545 0.0565106 0.0625504 0.0647218 0.0549869 0.0535315 0.0571563 0.0000000 0.0665066 0.0537616 0.0706068 0.0575252 0.0557576 0.0670103 0.0580666 0.0433084 0.0683450 0.0485813 0.0674157 0.0704169 0.0504162 0.0586253 0.0538798 0.0689379 0.0776394 0.0761363 0.0514870 0.0657492 0.0659096 0.0657144 0.0669348 0.0559197 0.0760579 0.0661884 0.0786967 0.0659695 0.0871061 0.0702342 0.0661492 0.0946463 0.0751722 0.0492079 0.0626001 0.0582459 0.0677311 0.0651312 0.0505241 0.0596657 0.0665306 0.0679217 0.0568510 0.0577526 0.0525769 0.0658013 0.0683598 0.0875321 0.0655699 0.0752341 0.0683151 0.0513209 0.0526519 0.0784849 0.0756329 0.0571658 0.0693155 0.0821603 0.0678162 0.0661347 0.0550839 0.0551607 0.0650378 0.0652235 0.0449729 0.0512575 0.0369043 0.0599188 0.0565273 0.0491106 0.0671124 0.0843912 0.0604021 0.0545312 0.0500408 0.0724184 0.0499915 0.0741718 0.0649684 0.0495800 0.0774860 0.0527899 0.0513821 0.0509335 0.0588201 0.0501836 0.0660624 0.0599808 0.0519495 0.0522175 0.0553862 0.0606679 0.0818914 0.0545493 0.0707226 0.0822345 0.0770131 0.0658343 0.0692230 0.0760873 0.0823091 0.0511306 0.0533933 0.0509665 0.0648625 0.0633439 0.0573065 0.0783777 0.0506209 0.0726050 0.0532229 0.0560529 0.0504725 0.0603693 0.0730716 0.0668717 0.0544821 0.0693860 0.0561291 0.0600549 0.0547818 0.0500896 0.0504256 0.0501158 0.0600947 0.0524489 0.0731505 0.0627513 0.0576224 0.0509970 0.0632106 0.0852306 0.0640135 0.0670750 0.0514610 0.0536189 0.0517118 0.0524672 0.0613527 0.0631737 0.0598155 0.0786424 0.0553634 0.0617629 0.0677975 0.0684765 0.0542892 0.0562060 0.0546081 0.0699510 0.0709014 0.0804531 0.0517385 0.0502541 0.0516484 0.0809893 0.0508738 0.0744236 0.0737367 0.0696495 0.0648800 0.1424413 0.0702677 0.0799100 0.0763248 0.0596330 0.0549008 0.0659903 
I0195_522_Ramphastidae_Buccanodon_duchaillui              0.0586799 0.0617997 0.0632772 0.0689055 0.0718283 0.0608968 0.0617866 0.0622131 0.0665066 0.0000000 0.0587491 0.0784690 0.0638865 0.0644055 0.0741578 0.0625087 0.0488715 0.0743358 0.0545663 0.0731791 0.0787376 0.0552851 0.0635526 0.0577425 0.0418354 0.0863785 0.0831819 0.0559483 0.0722793 0.0713886 0.0690910 0.0711619 0.0614798 0.0847250 0.0736043 0.0851545 0.0728625 0.0926722 0.0754364 0.0724645 0.0963068 0.0831005 0.0628051 0.0667044 0.0628197 0.0753091 0.0712623 0.0562932 0.0670048 0.0713433 0.0759920 0.0623730 0.0630413 0.0581416 0.0711968 0.0755346 0.0942875 0.0711335 0.0798472 0.0721324 0.0572591 0.0583706 0.0837991 0.0801700 0.0626808 0.0438531 0.0881356 0.0751469 0.0730097 0.0599681 0.0601231 0.0706637 0.0269358 0.0486833 0.0589270 0.0617568 0.0638290 0.0615394 0.0548228 0.0710333 0.0911578 0.0660698 0.0607386 0.0555066 0.0772734 0.0608791 0.0797565 0.0248932 0.0548781 0.0811994 0.0579052 0.0570283 0.0560599 0.0640594 0.0589011 0.0709565 0.0653250 0.0588868 0.0572438 0.0613257 0.0681534 0.0884649 0.0602172 0.0741782 0.0889987 0.0844976 0.0711262 0.0753985 0.0852259 0.0881817 0.0555831 0.0601318 0.0559640 0.0688621 0.0688622 0.0638706 0.0844781 0.0562218 0.0779840 0.0597895 0.0616567 0.0539965 0.0649412 0.0339247 0.0705203 0.0608803 0.0735497 0.0617313 0.0653679 0.0588247 0.0549429 0.0566101 0.0551206 0.0672462 0.0589567 0.0809396 0.0685769 0.0618544 0.0561672 0.0692952 0.0934276 0.0702544 0.0717907 0.0580080 0.0588155 0.0575799 0.0585547 0.0683783 0.0681796 0.0677079 0.0844569 0.0613752 0.0674616 0.0760091 0.0747738 0.0590764 0.0613009 0.0580882 0.0746043 0.0778338 0.0868594 0.0584643 0.0555104 0.0581788 0.0871202 0.0558998 0.0819275 0.0820574 0.0757926 0.0710528 0.1499664 0.0773863 0.0877258 0.0837722 0.0651250 0.0608525 0.0726823 
I0196_523_Musophagidae_Corythaeola_cristata               0.0328320 0.0449859 0.0428672 0.0461063 0.0548433 0.0424769 0.0199957 0.0425012 0.0537616 0.0587491 0.0000000 0.0624923 0.0444101 0.0477330 0.0582763 0.0409525 0.0252745 0.0595623 0.0298852 0.0572341 0.0626462 0.0301773 0.0449517 0.0354822 0.0621904 0.0714007 0.0694090 0.0348550 0.0556404 0.0565412 0.0507647 0.0529757 0.0415087 0.0700696 0.0573715 0.0659651 0.0575513 0.0763662 0.0604867 0.0556885 0.0743069 0.0691544 0.0453227 0.0465452 0.0412095 0.0589814 0.0541869 0.0320495 0.0452541 0.0566251 0.0597326 0.0418340 0.0392199 0.0329091 0.0569827 0.0533041 0.0767376 0.0553959 0.0571408 0.0493055 0.0323160 0.0369089 0.0660861 0.0588305 0.0407187 0.0641273 0.0656817 0.0590023 0.0568038 0.0368400 0.0368310 0.0551314 0.0595984 0.0360266 0.0331624 0.0463204 0.0505530 0.0480203 0.0299477 0.0533117 0.0732317 0.0445547 0.0370912 0.0294955 0.0552552 0.0440543 0.0569102 0.0591488 0.0295415 0.0597661 0.0344302 0.0328863 0.0311991 0.0412531 0.0440942 0.0537136 0.0419765 0.0368863 0.0344412 0.0370280 0.0469566 0.0698631 0.0362604 0.0525120 0.0713507 0.0697806 0.0511311 0.0600767 0.0700914 0.0657555 0.0307743 0.0364947 0.0303255 0.0556823 0.0482960 0.0439658 0.0633154 0.0321011 0.0613304 0.0355924 0.0390284 0.0296413 0.0420231 0.0675703 0.0509343 0.0373859 0.0589402 0.0374067 0.0444580 0.0378689 0.0296604 0.0317849 0.0297134 0.0451519 0.0340220 0.0642741 0.0496704 0.0396285 0.0315353 0.0504872 0.0707265 0.0547410 0.0570843 0.0342665 0.0345945 0.0346652 0.0351385 0.0451688 0.0465937 0.0461606 0.0647850 0.0394454 0.0475443 0.0590415 0.0597694 0.0366968 0.0404862 0.0352677 0.0616300 0.0629041 0.0697520 0.0354419 0.0309703 0.0356282 0.0640982 0.0334900 0.0696463 0.0671740 0.0605303 0.0551802 0.1282225 0.0625324 0.0734920 0.0708750 0.0448431 0.0412438 0.0559568 
I0197_832_Corvidae_Corvus_albus                           0.0598168 0.0665882 0.0657855 0.0681217 0.0505764 0.0631846 0.0626591 0.0632127 0.0706068 0.0784690 0.0624923 0.0000000 0.0672867 0.0679096 0.0498894 0.0635050 0.0508900 0.0496543 0.0571833 0.0494973 0.0534529 0.0579740 0.0660954 0.0609892 0.0799249 0.0339580 0.0310859 0.0588340 0.0494254 0.0485038 0.0722157 0.0758369 0.0633006 0.0309578 0.0493089 0.0874983 0.0499884 0.0944695 0.0510862 0.0481741 0.0972787 0.0298756 0.0660075 0.0702878 0.0644875 0.0496061 0.0475933 0.0577644 0.0680252 0.0487923 0.0495291 0.0634192 0.0652084 0.0600733 0.0515877 0.0730605 0.0959824 0.0476113 0.0820598 0.0772501 0.0594078 0.0624453 0.0884941 0.0823469 0.0647335 0.0829015 0.0904813 0.0497876 0.0488991 0.0626460 0.0607183 0.0477453 0.0751729 0.0544845 0.0602235 0.0665767 0.0720126 0.0671300 0.0571702 0.0750076 0.0930170 0.0656150 0.0615422 0.0577390 0.0792105 0.0653100 0.0816861 0.0759206 0.0556118 0.0835691 0.0609051 0.0590002 0.0590352 0.0649869 0.0632496 0.0715890 0.0659635 0.0614681 0.0605562 0.0634259 0.0702990 0.0909540 0.0625202 0.0814725 0.0911656 0.0573262 0.0721786 0.0355982 0.0357937 0.0904637 0.0586345 0.0628698 0.0586173 0.0516535 0.0682317 0.0671273 0.0865464 0.0580262 0.0810186 0.0618276 0.0634739 0.0576560 0.0663342 0.0860747 0.0734024 0.0642721 0.0522255 0.0638848 0.0652366 0.0604579 0.0577759 0.0586420 0.0581620 0.0685649 0.0603428 0.0793148 0.0728526 0.0632365 0.0590435 0.0732161 0.0958920 0.0333616 0.0492325 0.0601610 0.0607755 0.0603125 0.0616652 0.0707735 0.0699632 0.0685097 0.0869218 0.0616569 0.0691166 0.0507707 0.0494818 0.0601320 0.0632416 0.0620263 0.0531421 0.0348449 0.0899670 0.0618665 0.0585453 0.0602491 0.0898776 0.0594968 0.0299027 0.0272237 0.0132665 0.0495130 0.1463523 0.0346816 0.0348408 0.0329051 0.0680236 0.0647172 0.0556088 
I0198_937_Bucerotidae_Tockus_camurus                      0.0410359 0.0493098 0.0493971 0.0542554 0.0612992 0.0481014 0.0468951 0.0494400 0.0575252 0.0638865 0.0444101 0.0672867 0.0000000 0.0542900 0.0622149 0.0497058 0.0324372 0.0643597 0.0394815 0.0624055 0.0681301 0.0401112 0.0517156 0.0438800 0.0674278 0.0751662 0.0743016 0.0418001 0.0609516 0.0616063 0.0568094 0.0594581 0.0484214 0.0743881 0.0624694 0.0760711 0.0611749 0.0846583 0.0645507 0.0617311 0.0830111 0.0730245 0.0508839 0.0528238 0.0493654 0.0631812 0.0593900 0.0413209 0.0527397 0.0614383 0.0642467 0.0492253 0.0490728 0.0430660 0.0613228 0.0609819 0.0846417 0.0610337 0.0680380 0.0593590 0.0413947 0.0456119 0.0747394 0.0698077 0.0487492 0.0686562 0.0738280 0.0638778 0.0623832 0.0456247 0.0447347 0.0594708 0.0622532 0.0398344 0.0405966 0.0516328 0.0547441 0.0527474 0.0399975 0.0597198 0.0817490 0.0518382 0.0456483 0.0402329 0.0654944 0.0483339 0.0678362 0.0632000 0.0390260 0.0704819 0.0431474 0.0412025 0.0413503 0.0494777 0.0487292 0.0594102 0.0508035 0.0432515 0.0419466 0.0460175 0.0536447 0.0783289 0.0446197 0.0628543 0.0809160 0.0748494 0.0580232 0.0667739 0.0759349 0.0744613 0.0393853 0.0448619 0.0400756 0.0591342 0.0542759 0.0508222 0.0720415 0.0413532 0.0620146 0.0451025 0.0464479 0.0396315 0.0507382 0.0715233 0.0575039 0.0470691 0.0635906 0.0458051 0.0532759 0.0460411 0.0392315 0.0415838 0.0392809 0.0531615 0.0436527 0.0700863 0.0566673 0.0489048 0.0415335 0.0575448 0.0801644 0.0593568 0.0615990 0.0430621 0.0440952 0.0421740 0.0438213 0.0519953 0.0540881 0.0532143 0.0752470 0.0473670 0.0550316 0.0637318 0.0642915 0.0459192 0.0481551 0.0434670 0.0655404 0.0677900 0.0789936 0.0422004 0.0399092 0.0423313 0.0741417 0.0405601 0.0737113 0.0723103 0.0656348 0.0600115 0.1361363 0.0673281 0.0786980 0.0737402 0.0509241 0.0205761 0.0608139 
I0199_955_Meropidae_Merops_muelleri                       0.0438100 0.0467632 0.0521164 0.0580177 0.0625366 0.0509828 0.0492915 0.0530822 0.0557576 0.0644055 0.0477330 0.0679096 0.0542900 0.0000000 0.0647284 0.0498069 0.0368229 0.0645196 0.0428006 0.0633267 0.0688287 0.0423784 0.0556450 0.0460378 0.0653873 0.0771201 0.0743323 0.0460632 0.0624947 0.0631484 0.0604807 0.0627239 0.0520978 0.0762564 0.0635278 0.0746310 0.0640894 0.0843186 0.0665548 0.0634347 0.0833635 0.0748471 0.0483816 0.0572533 0.0524011 0.0662968 0.0616261 0.0436308 0.0556315 0.0644268 0.0657068 0.0527096 0.0519910 0.0462431 0.0630445 0.0641813 0.0845959 0.0621069 0.0680072 0.0604792 0.0448442 0.0481960 0.0747481 0.0681458 0.0519018 0.0673593 0.0761048 0.0663095 0.0633073 0.0487730 0.0480416 0.0613547 0.0632309 0.0421622 0.0438596 0.0491636 0.0563588 0.0547054 0.0419417 0.0633475 0.0817812 0.0540602 0.0492032 0.0426359 0.0648868 0.0453813 0.0676468 0.0632833 0.0405527 0.0700837 0.0458673 0.0444704 0.0437604 0.0544433 0.0434490 0.0609567 0.0556429 0.0465755 0.0449857 0.0502333 0.0576119 0.0786835 0.0489463 0.0646789 0.0797621 0.0753334 0.0595361 0.0651326 0.0738280 0.0764304 0.0425327 0.0481706 0.0430836 0.0618290 0.0584711 0.0540502 0.0741802 0.0451353 0.0685311 0.0473770 0.0503829 0.0421444 0.0525866 0.0709589 0.0609798 0.0496109 0.0656748 0.0485182 0.0543265 0.0489779 0.0424948 0.0429748 0.0418846 0.0562932 0.0453309 0.0719858 0.0591098 0.0513230 0.0435463 0.0589037 0.0821574 0.0608135 0.0650380 0.0469221 0.0465362 0.0454293 0.0464168 0.0567243 0.0578466 0.0565648 0.0736742 0.0486170 0.0562806 0.0659211 0.0646857 0.0461439 0.0510980 0.0456464 0.0678369 0.0678450 0.0782775 0.0461497 0.0431356 0.0447768 0.0761288 0.0441806 0.0730211 0.0722886 0.0658556 0.0614115 0.1367736 0.0669779 0.0797227 0.0743702 0.0544904 0.0506694 0.0650920 
I0200_988_Furnariidae_Furnarius_rufus                     0.0563702 0.0625186 0.0610566 0.0643568 0.0400844 0.0592408 0.0595672 0.0607225 0.0670103 0.0741578 0.0582763 0.0498894 0.0622149 0.0647284 0.0000000 0.0583681 0.0477474 0.0357377 0.0540934 0.0345430 0.0326986 0.0537137 0.0617430 0.0561968 0.0779085 0.0588641 0.0550887 0.0539370 0.0352770 0.0349220 0.0664168 0.0685458 0.0594473 0.0567002 0.0170156 0.0826293 0.0355204 0.0901652 0.0377145 0.0335315 0.0919133 0.0542578 0.0626183 0.0639930 0.0599944 0.0313654 0.0334099 0.0545940 0.0636506 0.0336971 0.0150995 0.0600456 0.0619308 0.0564941 0.0366892 0.0685532 0.0911694 0.0337322 0.0773138 0.0724274 0.0550572 0.0576778 0.0831630 0.0772307 0.0608022 0.0813760 0.0853785 0.0318482 0.0355525 0.0582396 0.0578245 0.0335946 0.0735341 0.0493766 0.0558413 0.0638943 0.0655885 0.0618805 0.0534383 0.0681038 0.0885743 0.0607965 0.0590571 0.0534076 0.0753624 0.0605843 0.0773117 0.0726818 0.0527382 0.0793326 0.0569549 0.0554238 0.0547408 0.0623746 0.0593543 0.0667714 0.0632365 0.0564136 0.0555435 0.0592034 0.0634144 0.0863160 0.0582649 0.0756713 0.0880976 0.0381044 0.0680277 0.0497486 0.0582206 0.0857065 0.0537120 0.0581442 0.0539786 0.0402366 0.0645356 0.0611866 0.0835281 0.0559446 0.0769189 0.0580294 0.0588764 0.0533937 0.0616618 0.0831799 0.0679608 0.0595632 0.0439988 0.0607852 0.0609891 0.0580145 0.0539009 0.0549113 0.0534185 0.0645575 0.0565115 0.0759183 0.0684660 0.0597204 0.0546895 0.0684423 0.0925052 0.0447502 0.0350253 0.0575700 0.0578106 0.0558266 0.0571839 0.0646628 0.0641169 0.0645242 0.0812322 0.0578703 0.0653715 0.0301151 0.0350914 0.0564907 0.0592767 0.0577077 0.0431029 0.0502726 0.0864317 0.0559999 0.0546031 0.0554297 0.0854628 0.0545985 0.0539616 0.0525266 0.0479731 0.0397322 0.1463153 0.0497413 0.0590790 0.0571159 0.0613908 0.0608252 0.0497409 
I0201_999_Scolopacidae_Tringa_solitaria                   0.0384022 0.0493910 0.0467529 0.0512816 0.0570861 0.0455478 0.0437953 0.0466121 0.0580666 0.0625087 0.0409525 0.0635050 0.0497058 0.0498069 0.0583681 0.0000000 0.0304503 0.0600354 0.0351594 0.0583210 0.0633008 0.0355326 0.0497762 0.0342637 0.0652017 0.0732324 0.0696070 0.0387960 0.0579877 0.0580288 0.0547896 0.0577749 0.0450247 0.0705484 0.0579328 0.0709546 0.0595773 0.0814243 0.0619784 0.0586782 0.0756928 0.0704843 0.0496765 0.0511032 0.0460072 0.0607673 0.0565114 0.0366985 0.0502950 0.0585105 0.0599878 0.0461191 0.0445893 0.0374520 0.0582182 0.0591796 0.0807488 0.0563100 0.0638492 0.0547432 0.0375933 0.0431685 0.0695629 0.0642736 0.0441552 0.0669712 0.0696960 0.0600648 0.0591841 0.0418495 0.0411690 0.0567324 0.0630884 0.0391908 0.0384623 0.0501206 0.0538834 0.0533592 0.0342656 0.0577364 0.0785868 0.0325330 0.0428597 0.0342809 0.0603345 0.0462359 0.0629548 0.0634601 0.0336184 0.0648742 0.0340413 0.0375942 0.0370309 0.0465702 0.0460046 0.0569717 0.0481829 0.0412538 0.0337073 0.0420102 0.0509777 0.0744674 0.0409321 0.0572809 0.0764004 0.0701304 0.0536354 0.0624515 0.0719860 0.0696178 0.0357350 0.0417868 0.0359464 0.0571229 0.0524865 0.0476694 0.0673632 0.0367289 0.0642001 0.0326586 0.0439240 0.0346755 0.0464143 0.0693111 0.0556211 0.0426550 0.0593569 0.0341899 0.0313678 0.0414581 0.0352349 0.0361610 0.0346261 0.0494353 0.0310972 0.0613720 0.0544396 0.0436245 0.0369396 0.0553110 0.0747264 0.0563074 0.0587366 0.0384454 0.0390043 0.0394958 0.0395900 0.0512113 0.0526845 0.0497543 0.0704482 0.0144265 0.0503699 0.0601979 0.0602682 0.0157281 0.0450895 0.0414241 0.0617787 0.0626129 0.0744294 0.0402777 0.0363978 0.0406526 0.0695190 0.0379529 0.0706267 0.0679895 0.0609203 0.0561601 0.1351484 0.0623085 0.0755698 0.0721886 0.0321009 0.0462116 0.0579338 
I0202_1066_Cathartidae_Cathartes_burrovianus              0.0210660 0.0332909 0.0320792 0.0369647 0.0450072 0.0306172 0.0278205 0.0265850 0.0433084 0.0488715 0.0252745 0.0508900 0.0324372 0.0368229 0.0477474 0.0304503 0.0000000 0.0483064 0.0190195 0.0458785 0.0513942 0.0197347 0.0315274 0.0236899 0.0517432 0.0605558 0.0577996 0.0224703 0.0442374 0.0453835 0.0407786 0.0437252 0.0279993 0.0587081 0.0466285 0.0566571 0.0454663 0.0662675 0.0486952 0.0452904 0.0626666 0.0578584 0.0343152 0.0366564 0.0296617 0.0480663 0.0433984 0.0220235 0.0335782 0.0460397 0.0478908 0.0288366 0.0295603 0.0229774 0.0457181 0.0445003 0.0671126 0.0449944 0.0482325 0.0395318 0.0217786 0.0278640 0.0557870 0.0487538 0.0308584 0.0533963 0.0539898 0.0486773 0.0457308 0.0262637 0.0252067 0.0438725 0.0483882 0.0252845 0.0215552 0.0363499 0.0389429 0.0379070 0.0189968 0.0436696 0.0641740 0.0340839 0.0276086 0.0182445 0.0455994 0.0313464 0.0469071 0.0483509 0.0180462 0.0493877 0.0233001 0.0206628 0.0207927 0.0315418 0.0317864 0.0440632 0.0322614 0.0251547 0.0230405 0.0269564 0.0346322 0.0606565 0.0253571 0.0430457 0.0625119 0.0589837 0.0409252 0.0489948 0.0588355 0.0542002 0.0200540 0.0249424 0.0205114 0.0441635 0.0379042 0.0324493 0.0519969 0.0218155 0.0503447 0.0256356 0.0304862 0.0189743 0.0320227 0.0559231 0.0410768 0.0277129 0.0479129 0.0266746 0.0337626 0.0275266 0.0190519 0.0218720 0.0189026 0.0345763 0.0237477 0.0540599 0.0382337 0.0292296 0.0201802 0.0392010 0.0606111 0.0423416 0.0460597 0.0232184 0.0252904 0.0227444 0.0239413 0.0356387 0.0380064 0.0351212 0.0558545 0.0287572 0.0365878 0.0476777 0.0482768 0.0266157 0.0274072 0.0244267 0.0503621 0.0507636 0.0603985 0.0230443 0.0201054 0.0233860 0.0543257 0.0217374 0.0573204 0.0550473 0.0487910 0.0443714 0.1193760 0.0507079 0.0629933 0.0590898 0.0343735 0.0295584 0.0437891 
I0203_1087_Tyrannidae_Hymenops_perspicillatus             0.0570391 0.0630022 0.0614847 0.0638932 0.0428787 0.0598071 0.0595293 0.0611550 0.0683450 0.0743358 0.0595623 0.0496543 0.0643597 0.0645196 0.0357377 0.0600354 0.0483064 0.0000000 0.0556516 0.0123984 0.0405942 0.0556415 0.0626843 0.0576921 0.0772528 0.0582614 0.0552846 0.0558409 0.0231928 0.0222222 0.0685142 0.0708511 0.0598094 0.0567837 0.0353061 0.0841364 0.0214160 0.0918836 0.0211980 0.0226327 0.0919718 0.0542268 0.0646232 0.0663246 0.0622763 0.0371324 0.0214212 0.0549197 0.0647634 0.0224559 0.0368619 0.0597670 0.0631537 0.0570304 0.0137704 0.0679404 0.0914520 0.0212843 0.0780916 0.0735899 0.0569410 0.0595687 0.0849535 0.0779431 0.0615425 0.0804688 0.0882530 0.0366149 0.0226106 0.0608745 0.0585328 0.0206945 0.0732495 0.0515472 0.0569043 0.0643078 0.0673520 0.0651614 0.0540959 0.0706488 0.0911801 0.0640876 0.0596522 0.0546586 0.0760647 0.0633080 0.0782364 0.0727692 0.0530038 0.0803725 0.0580957 0.0567389 0.0563306 0.0638582 0.0608987 0.0697202 0.0647020 0.0570244 0.0568019 0.0599292 0.0663398 0.0881967 0.0602168 0.0771160 0.0894158 0.0423547 0.0694008 0.0482846 0.0559574 0.0885547 0.0545694 0.0610369 0.0551995 0.0430054 0.0651431 0.0628905 0.0863950 0.0560935 0.0772940 0.0597874 0.0611776 0.0541099 0.0634900 0.0818988 0.0708803 0.0614583 0.0441579 0.0613932 0.0633129 0.0581640 0.0538842 0.0553351 0.0544030 0.0668542 0.0578659 0.0785374 0.0688371 0.0611071 0.0558417 0.0694363 0.0943817 0.0439309 0.0233938 0.0586117 0.0577647 0.0572233 0.0589909 0.0675824 0.0660100 0.0664663 0.0833897 0.0588136 0.0682325 0.0358082 0.0119190 0.0580630 0.0601667 0.0587285 0.0448182 0.0469973 0.0877797 0.0586363 0.0550192 0.0574319 0.0863331 0.0565786 0.0547386 0.0534036 0.0479010 0.0419056 0.1466095 0.0467820 0.0597972 0.0552134 0.0642485 0.0609433 0.0518224 
I0204_1174_Threskiornithidae_Harpiprion_caerulescens      0.0269601 0.0385618 0.0381008 0.0410643 0.0505671 0.0365509 0.0329320 0.0364560 0.0485813 0.0545663 0.0298852 0.0571833 0.0394815 0.0428006 0.0540934 0.0351594 0.0190195 0.0556516 0.0000000 0.0536822 0.0580436 0.0216107 0.0396391 0.0292695 0.0583327 0.0672280 0.0640324 0.0288286 0.0514648 0.0522210 0.0453963 0.0482123 0.0354134 0.0656963 0.0526267 0.0613089 0.0523565 0.0715712 0.0560490 0.0523503 0.0630979 0.0648311 0.0401392 0.0404383 0.0363131 0.0550035 0.0503969 0.0226470 0.0402315 0.0528343 0.0540654 0.0367326 0.0340344 0.0236421 0.0519536 0.0484561 0.0718910 0.0517924 0.0524405 0.0444796 0.0239026 0.0324695 0.0610130 0.0543485 0.0351676 0.0602287 0.0593659 0.0547890 0.0529888 0.0309569 0.0320909 0.0508905 0.0544928 0.0287479 0.0275774 0.0417475 0.0445334 0.0430356 0.0199158 0.0487864 0.0670555 0.0387019 0.0321386 0.0221117 0.0494265 0.0377776 0.0521899 0.0548973 0.0220383 0.0539615 0.0279511 0.0269336 0.0230303 0.0358346 0.0387516 0.0487016 0.0373237 0.0309739 0.0278292 0.0311867 0.0405080 0.0649434 0.0277045 0.0475351 0.0664117 0.0644327 0.0459495 0.0561630 0.0662873 0.0597716 0.0216094 0.0310950 0.0225105 0.0493885 0.0419855 0.0381603 0.0574313 0.0230168 0.0558464 0.0302394 0.0344922 0.0214368 0.0372073 0.0633921 0.0452416 0.0317442 0.0544481 0.0312930 0.0389406 0.0325025 0.0212771 0.0257112 0.0212221 0.0390761 0.0284514 0.0602370 0.0452462 0.0351445 0.0238181 0.0451148 0.0660587 0.0492675 0.0527781 0.0240483 0.0257535 0.0291164 0.0283022 0.0399394 0.0429812 0.0399711 0.0599058 0.0334416 0.0408964 0.0556604 0.0551312 0.0309246 0.0345550 0.0295028 0.0564111 0.0572018 0.0650003 0.0291223 0.0221973 0.0298790 0.0590237 0.0277971 0.0644312 0.0609502 0.0554691 0.0504908 0.1259931 0.0569921 0.0697629 0.0659290 0.0391708 0.0361094 0.0501452 
I0205_1183_Tyrannidae_Hirundinea_ferruginea               0.0552036 0.0618005 0.0597832 0.0637993 0.0412008 0.0578381 0.0578498 0.0604924 0.0674157 0.0731791 0.0572341 0.0494973 0.0624055 0.0633267 0.0345430 0.0583210 0.0458785 0.0123984 0.0536822 0.0000000 0.0397939 0.0534049 0.0620749 0.0561361 0.0760177 0.0575078 0.0552630 0.0540217 0.0209561 0.0207541 0.0670407 0.0691349 0.0590350 0.0559557 0.0340663 0.0836386 0.0195867 0.0902746 0.0198497 0.0207067 0.0912962 0.0533339 0.0633129 0.0645844 0.0604121 0.0359595 0.0194853 0.0528404 0.0630769 0.0201626 0.0360527 0.0592003 0.0614882 0.0549205 0.0153770 0.0682127 0.0905934 0.0197206 0.0784437 0.0722725 0.0557954 0.0577199 0.0838289 0.0782937 0.0603791 0.0799257 0.0866224 0.0356081 0.0208047 0.0589359 0.0564896 0.0182679 0.0724652 0.0499567 0.0548431 0.0633127 0.0658769 0.0629190 0.0523118 0.0690437 0.0901824 0.0623723 0.0580891 0.0529502 0.0754313 0.0612672 0.0776457 0.0717352 0.0512762 0.0806598 0.0564156 0.0546172 0.0543759 0.0617441 0.0603092 0.0683523 0.0624480 0.0549990 0.0552671 0.0581723 0.0642655 0.0880220 0.0583965 0.0756505 0.0881410 0.0431784 0.0687342 0.0483906 0.0560428 0.0868277 0.0530219 0.0590289 0.0534646 0.0415282 0.0649584 0.0613365 0.0843707 0.0545363 0.0774893 0.0572689 0.0590812 0.0521094 0.0615752 0.0802857 0.0689073 0.0597622 0.0428185 0.0587343 0.0623112 0.0568136 0.0523961 0.0541802 0.0527175 0.0659138 0.0554779 0.0787573 0.0673040 0.0591746 0.0541956 0.0684994 0.0921544 0.0436671 0.0211176 0.0564080 0.0558447 0.0548322 0.0566159 0.0659659 0.0638825 0.0651173 0.0828988 0.0574873 0.0669636 0.0347972 0.0129492 0.0569229 0.0594422 0.0566767 0.0439141 0.0480778 0.0864945 0.0568344 0.0530707 0.0550506 0.0849812 0.0544072 0.0535195 0.0528940 0.0476193 0.0399215 0.1462085 0.0477871 0.0592653 0.0548228 0.0624724 0.0595990 0.0500302 
I0207_1193_Thamnophilidae_Thamnophilus_ruficapillus       0.0597546 0.0673965 0.0659151 0.0668639 0.0437003 0.0636791 0.0637899 0.0653616 0.0704169 0.0787376 0.0626462 0.0534529 0.0681301 0.0688287 0.0326986 0.0633008 0.0513942 0.0405942 0.0580436 0.0397939 0.0000000 0.0588906 0.0662223 0.0612108 0.0813072 0.0613621 0.0592732 0.0594484 0.0396059 0.0395586 0.0698008 0.0724420 0.0637449 0.0587816 0.0325784 0.0865046 0.0393059 0.0949533 0.0432430 0.0387756 0.0968296 0.0575332 0.0669915 0.0678296 0.0646316 0.0160771 0.0377470 0.0589859 0.0672250 0.0384220 0.0328726 0.0641122 0.0661585 0.0605524 0.0421120 0.0724100 0.0955185 0.0377711 0.0829044 0.0770000 0.0595464 0.0629896 0.0866497 0.0832008 0.0649764 0.0855305 0.0896795 0.0153166 0.0402546 0.0633241 0.0615432 0.0381214 0.0763883 0.0534231 0.0594089 0.0675755 0.0690037 0.0659376 0.0574776 0.0717317 0.0934115 0.0665530 0.0629854 0.0583008 0.0790507 0.0649435 0.0820215 0.0769513 0.0574839 0.0843307 0.0612864 0.0594160 0.0596762 0.0656906 0.0633856 0.0713431 0.0667719 0.0607678 0.0602136 0.0639958 0.0679838 0.0910393 0.0625619 0.0807984 0.0920493 0.0394735 0.0724485 0.0520069 0.0605277 0.0904136 0.0575560 0.0618185 0.0590130 0.0443337 0.0679609 0.0652668 0.0875270 0.0591505 0.0809999 0.0627730 0.0638477 0.0579019 0.0651957 0.0874196 0.0732373 0.0634715 0.0454681 0.0658040 0.0661912 0.0607781 0.0580442 0.0591914 0.0580275 0.0691120 0.0609444 0.0812021 0.0722664 0.0628875 0.0595164 0.0728075 0.0954572 0.0477913 0.0394709 0.0605517 0.0617116 0.0596350 0.0620554 0.0690533 0.0691865 0.0689585 0.0854277 0.0624237 0.0700128 0.0343383 0.0389653 0.0603298 0.0641454 0.0614019 0.0466531 0.0522864 0.0901691 0.0601816 0.0578676 0.0601432 0.0890299 0.0592020 0.0561309 0.0560655 0.0511258 0.0422059 0.1501523 0.0517495 0.0610960 0.0602087 0.0667472 0.0645163 0.0539467 
