35
Burramyidae_Burramys_parvus                  0.0000000 0.0896012 0.0660438 0.0692863 0.0741216 0.0876261 0.0819873 0.0672123 0.0653269 0.0867019 0.0863469 0.0899816 0.0767500 0.0896244 0.0531254 0.0803398 0.0820079 0.0860614 0.0752286 0.0657260 0.0665109 0.0860647 0.0852566 0.0776191 0.0576650 0.0803501 0.0564008 0.0623859 0.0509477 0.0880302 0.0518393 0.0864798 0.0950111 0.0840218 0.0855480 
Notoryctidae_Notoryctes_typhlops             0.0896012 0.0000000 0.0972158 0.1048015 0.1081496 0.1193566 0.1214988 0.1124907 0.1053503 0.1101058 0.1348775 0.1128917 0.1059508 0.1409569 0.0957221 0.1066182 0.1154896 0.1124192 0.1207385 0.1018897 0.1169452 0.1271557 0.1277169 0.1081542 0.0860530 0.0988053 0.1053143 0.1031994 0.0755673 0.1421895 0.0956002 0.1364392 0.1218683 0.1167272 0.1302300 
Vombatidae_Lasiorhinus_latifrons             0.0660438 0.0972158 0.0000000 0.0700789 0.0750152 0.0973774 0.0835991 0.0683542 0.0654562 0.0876172 0.0992951 0.0775060 0.0859928 0.1008031 0.0665795 0.0877602 0.0924610 0.0958711 0.0974980 0.0635147 0.0871374 0.1013942 0.0985752 0.0850163 0.0696158 0.0866757 0.0688999 0.0686199 0.0695751 0.1062587 0.0658108 0.0969016 0.0880696 0.0942396 0.1084818 
Potoroidae_Bettongia_penicillata             0.0692863 0.1048015 0.0700789 0.0000000 0.0092048 0.1106407 0.0854131 0.0764707 0.0191636 0.1056665 0.1019130 0.0954088 0.0998709 0.1030310 0.0683376 0.1015903 0.1076850 0.1065639 0.1033401 0.0279016 0.0930570 0.1086964 0.1089972 0.1009209 0.0472898 0.0998445 0.0727057 0.0291852 0.0682943 0.1123417 0.0695156 0.0983950 0.1008554 0.1082355 0.1128857 
Potoroidae_Bettongia_lesueur                 0.0741216 0.1081496 0.0750152 0.0092048 0.0000000 0.1137727 0.0840454 0.0856622 0.0230934 0.1109656 0.1084414 0.0941733 0.1011869 0.1107488 0.0720553 0.1066827 0.1113734 0.1096502 0.1041131 0.0314165 0.0969927 0.1142546 0.1149934 0.1027751 0.0514492 0.0989142 0.0790989 0.0340494 0.0725338 0.1203456 0.0752943 0.1066115 0.1037624 0.1118829 0.1146647 
Dasyuridae_Dasyurus_maculatus                0.0876261 0.1193566 0.0973774 0.1106407 0.1137727 0.0000000 0.1193027 0.1218713 0.1076464 0.1219976 0.1281384 0.0291988 0.0278368 0.1307662 0.0940776 0.0325582 0.0064424 0.0291562 0.1059657 0.1077563 0.1118714 0.1156622 0.1151924 0.0225342 0.0926152 0.1025614 0.1009741 0.1090999 0.0923102 0.1327769 0.0978856 0.1268348 0.1083734 0.0048627 0.1141383 
Phalangeridae_Trichosurus_vulpecula          0.0819873 0.1214988 0.0835991 0.0854131 0.0840454 0.1193027 0.0000000 0.0486873 0.0844953 0.0995578 0.0485548 0.0807100 0.1056763 0.0468405 0.0759375 0.1136619 0.1148237 0.1100675 0.1134901 0.0846949 0.1047665 0.1196547 0.1184359 0.1081958 0.0815703 0.0979970 0.0839785 0.0862879 0.0853013 0.1238262 0.0845354 0.0432220 0.0965791 0.1173640 0.1235710 
Phalangeridae_Spilocuscus_maculatus          0.0672123 0.1124907 0.0683542 0.0764707 0.0856622 0.1218713 0.0486873 0.0000000 0.0756758 0.1094312 0.0158957 0.1134629 0.1113405 0.0127227 0.0789283 0.1161233 0.1171295 0.1111126 0.1073637 0.0753565 0.0970528 0.1040357 0.1158266 0.1090094 0.0809694 0.1089499 0.0766704 0.0736948 0.0741921 0.0936534 0.0759450 0.0120823 0.1077863 0.1170376 0.1177991 
Potoroidae_Aepyprymnus_rufescens             0.0653269 0.1053503 0.0654562 0.0191636 0.0230934 0.1076464 0.0844953 0.0756758 0.0000000 0.1117138 0.0999849 0.0916551 0.0940950 0.1015280 0.0677180 0.0950393 0.1033824 0.1028828 0.1017224 0.0268610 0.0892110 0.1126266 0.1124580 0.0965676 0.0507605 0.1000604 0.0716593 0.0282716 0.0719022 0.1103211 0.0711086 0.0965300 0.0975679 0.1031533 0.1097507 
Peramelidae_Perameles_nasuta                 0.0867019 0.1101058 0.0876172 0.1056665 0.1109656 0.1219976 0.0995578 0.1094312 0.1117138 0.0000000 0.1043311 0.1178498 0.1138932 0.1106140 0.0852213 0.1109741 0.1198481 0.1216173 0.0250873 0.1044741 0.1162489 0.1188981 0.1156702 0.1073069 0.1020674 0.0929428 0.1008385 0.1006871 0.0932572 0.1387006 0.0964733 0.1061609 0.0437870 0.1205860 0.0278225 
Phalangeridae_Strigocuscus_pelengensis       0.0863469 0.1348775 0.0992951 0.1019130 0.1084414 0.1281384 0.0485548 0.0158957 0.0999849 0.1043311 0.0000000 0.1049881 0.1204086 0.0167634 0.0917279 0.1203977 0.1203407 0.1168123 0.1162664 0.1013597 0.1193430 0.1210912 0.1295956 0.1186942 0.0977539 0.1215260 0.0970818 0.1037846 0.1060823 0.1287452 0.1007095 0.0151232 0.0983092 0.1242224 0.1255246 
Dasyuridae_Phascogale_tapoatafa              0.0899816 0.1128917 0.0775060 0.0954088 0.0941733 0.0291988 0.0807100 0.1134629 0.0916551 0.1178498 0.1049881 0.0000000 0.0258316 0.1045605 0.0937704 0.0221568 0.0260231 0.0365901 0.1068674 0.0965477 0.1111427 0.1234490 0.1268535 0.0168187 0.0883757 0.1096362 0.1023452 0.0944984 0.0959568 0.1262953 0.0936219 0.1022876 0.1059266 0.0265330 0.1158422 
Dasyuridae_Sminthopsis_macroura              0.0767500 0.1059508 0.0859928 0.0998709 0.1011869 0.0278368 0.1056763 0.1113405 0.0940950 0.1138932 0.1204086 0.0258316 0.0000000 0.1256031 0.0827941 0.0341396 0.0260367 0.0262572 0.0976869 0.0946444 0.1000650 0.1089745 0.1104270 0.0240389 0.0812900 0.0910302 0.0846198 0.0969905 0.0808420 0.1185225 0.0817706 0.1217581 0.1052487 0.0255990 0.1090497 
Phalangeridae_Phalanger_orientalis           0.0896244 0.1409569 0.1008031 0.1030310 0.1107488 0.1307662 0.0468405 0.0127227 0.1015280 0.1106140 0.0167634 0.1045605 0.1256031 0.0000000 0.0928812 0.1260784 0.1230677 0.1232221 0.1241316 0.1009116 0.1198100 0.1229230 0.1295533 0.1216156 0.1009617 0.1252843 0.1017349 0.1032922 0.1071227 0.1296620 0.1030980 0.0034125 0.1038681 0.1268177 0.1332267 
Acrobatidae_Acrobates_pygmaeus               0.0531254 0.0957221 0.0665795 0.0683376 0.0720553 0.0940776 0.0759375 0.0789283 0.0677180 0.0852213 0.0917279 0.0937704 0.0827941 0.0928812 0.0000000 0.0856874 0.0910657 0.0956870 0.0789504 0.0651743 0.0614856 0.0906455 0.0967204 0.0810867 0.0542859 0.0743465 0.0470443 0.0682217 0.0369245 0.0763563 0.0304313 0.0882534 0.0886891 0.0924349 0.0923513 
Dasyuridae_Phascogale_calura                 0.0803398 0.1066182 0.0877602 0.1015903 0.1066827 0.0325582 0.1136619 0.1161233 0.0950393 0.1109741 0.1203977 0.0221568 0.0341396 0.1260784 0.0856874 0.0000000 0.0295461 0.0422623 0.1052949 0.0939248 0.1024854 0.1158935 0.1212761 0.0193708 0.0826233 0.0953652 0.0897636 0.0960798 0.0845985 0.1248856 0.0863743 0.1222756 0.1115480 0.0302102 0.1137141 
Dasyuridae_Sarcophilus_harrisii              0.0820079 0.1154896 0.0924610 0.1076850 0.1113734 0.0064424 0.1148237 0.1171295 0.1033824 0.1198481 0.1203407 0.0260231 0.0260367 0.1230677 0.0910657 0.0295461 0.0000000 0.0293129 0.1054154 0.1034796 0.1091625 0.1121155 0.1152432 0.0206050 0.0893855 0.1004150 0.0961807 0.1036083 0.0893907 0.1257565 0.0931065 0.1191914 0.1059330 0.0049273 0.1110568 
Dasyuridae_Planigale_tenuirostris            0.0860614 0.1124192 0.0958711 0.1065639 0.1096502 0.0291562 0.1100675 0.1111126 0.1028828 0.1216173 0.1168123 0.0365901 0.0262572 0.1232221 0.0956870 0.0422623 0.0293129 0.0000000 0.1001594 0.1058249 0.1141518 0.1071251 0.1150993 0.0324792 0.0904818 0.1089713 0.0963830 0.1064430 0.1001932 0.1198382 0.0917397 0.1191504 0.1086143 0.0265828 0.1128629 
Peramelidae_Echymipera_kalubu                0.0752286 0.1207385 0.0974980 0.1033401 0.1041131 0.1059657 0.1134901 0.1073637 0.1017224 0.0250873 0.1162664 0.1068674 0.0976869 0.1241316 0.0789504 0.1052949 0.1054154 0.1001594 0.0000000 0.0965816 0.1028766 0.1048517 0.1037012 0.0984659 0.0852099 0.0807464 0.0943915 0.0999711 0.0721572 0.1248312 0.0883604 0.1236348 0.0380330 0.1051226 0.0348423 
Macropodidae_Dorcopsulus_vanheurni           0.0657260 0.1018897 0.0635147 0.0279016 0.0314165 0.1077563 0.0846949 0.0753565 0.0268610 0.1044741 0.1013597 0.0965477 0.0946444 0.1009116 0.0651743 0.0939248 0.1034796 0.1058249 0.0965816 0.0000000 0.0913223 0.1045940 0.1033496 0.0979377 0.0485252 0.0960782 0.0724617 0.0175420 0.0608395 0.1132726 0.0677677 0.0967944 0.0920936 0.1032482 0.1062618 
Pseudochiridae_Pseudochirulus_forbesi        0.0665109 0.1169452 0.0871374 0.0930570 0.0969927 0.1118714 0.1047665 0.0970528 0.0892110 0.1162489 0.1193430 0.1111427 0.1000650 0.1198100 0.0614856 0.1024854 0.1091625 0.1141518 0.1028766 0.0913223 0.0000000 0.1105099 0.1142203 0.1019612 0.0746572 0.1034943 0.0390131 0.0869323 0.0104172 0.0853934 0.0578115 0.1156213 0.1019763 0.1100370 0.1155156 
Didelphidae_Didelphis_virginiana             0.0860647 0.1271557 0.1013942 0.1086964 0.1142546 0.1156622 0.1196547 0.1040357 0.1126266 0.1188981 0.1210912 0.1234490 0.1089745 0.1229230 0.0906455 0.1158935 0.1121155 0.1071251 0.1048517 0.1045940 0.1105099 0.0000000 0.0441068 0.1036113 0.0930279 0.1081367 0.0974474 0.1033675 0.0906769 0.1116812 0.0955969 0.1200729 0.1173229 0.1123800 0.1152563 
Marmosidae_Monodelphis_domestica             0.0852566 0.1277169 0.0985752 0.1089972 0.1149934 0.1151924 0.1184359 0.1158266 0.1124580 0.1156702 0.1295956 0.1268535 0.1104270 0.1295533 0.0967204 0.1212761 0.1152432 0.1150993 0.1037012 0.1033496 0.1142203 0.0441068 0.0000000 0.1149155 0.0963589 0.1078498 0.1001350 0.1028595 0.0936359 0.1149828 0.1009395 0.1274070 0.1188724 0.1166513 0.1136163 
Dasyuridae_Antechinus_stuartii               0.0776191 0.1081542 0.0850163 0.1009209 0.1027751 0.0225342 0.1081958 0.1090094 0.0965676 0.1073069 0.1186942 0.0168187 0.0240389 0.1216156 0.0810867 0.0193708 0.0206050 0.0324792 0.0984659 0.0979377 0.1019612 0.1036113 0.1149155 0.0000000 0.0819526 0.0908937 0.0875798 0.0983310 0.0858595 0.1166330 0.0823123 0.1179164 0.1022607 0.0219045 0.1060559 
Hypsiprymnodontidae_Hypsiprymnodon_moschatus 0.0576650 0.0860530 0.0696158 0.0472898 0.0514492 0.0926152 0.0815703 0.0809694 0.0507605 0.1020674 0.0977539 0.0883757 0.0812900 0.1009617 0.0542859 0.0826233 0.0893855 0.0904818 0.0852099 0.0485252 0.0746572 0.0930279 0.0963589 0.0819526 0.0000000 0.0820650 0.0581794 0.0490137 0.0571426 0.0908180 0.0532761 0.0973208 0.1000047 0.0885381 0.0951332 
Microbiotheriidae_Dromiciops_gliroides       0.0803501 0.0988053 0.0866757 0.0998445 0.0989142 0.1025614 0.0979970 0.1089499 0.1000604 0.0929428 0.1215260 0.1096362 0.0910302 0.1252843 0.0743465 0.0953652 0.1004150 0.1089713 0.0807464 0.0960782 0.1034943 0.1081367 0.1078498 0.0908937 0.0820650 0.0000000 0.0846195 0.0971513 0.0784116 0.1247261 0.0813609 0.1217035 0.0932025 0.1024910 0.0925449 
Pseudochiridae_Petauroides_volans            0.0564008 0.1053143 0.0688999 0.0727057 0.0790989 0.1009741 0.0839785 0.0766704 0.0716593 0.1008385 0.0970818 0.1023452 0.0846198 0.1017349 0.0470443 0.0897636 0.0961807 0.0963830 0.0943915 0.0724617 0.0390131 0.0974474 0.1001350 0.0875798 0.0581794 0.0846195 0.0000000 0.0698567 0.0224082 0.0760615 0.0481318 0.0989227 0.0924939 0.0978539 0.1036810 
Macropodidae_Wallabia_bicolor                0.0623859 0.1031994 0.0686199 0.0291852 0.0340494 0.1090999 0.0862879 0.0736948 0.0282716 0.1006871 0.1037846 0.0944984 0.0969905 0.1032922 0.0682217 0.0960798 0.1036083 0.1064430 0.0999711 0.0175420 0.0869323 0.1033675 0.1028595 0.0983310 0.0490137 0.0971513 0.0698567 0.0000000 0.0585864 0.1069425 0.0686236 0.0985757 0.0914000 0.1047668 0.1109629 
Pseudochiridae_Pseudocheirus_occidentalis    0.0509477 0.0755673 0.0695751 0.0682943 0.0725338 0.0923102 0.0853013 0.0741921 0.0719022 0.0932572 0.1060823 0.0959568 0.0808420 0.1071227 0.0369245 0.0845985 0.0893907 0.1001932 0.0721572 0.0608395 0.0104172 0.0906769 0.0936359 0.0858595 0.0571426 0.0784116 0.0224082 0.0585864 0.0000000 0.0697453 0.0366258 0.1037520 0.0791647 0.0919809 0.0903836 
Tarsipedidae_Tarsipes_rostratus              0.0880302 0.1421895 0.1062587 0.1123417 0.1203456 0.1327769 0.1238262 0.0936534 0.1103211 0.1387006 0.1287452 0.1262953 0.1185225 0.1296620 0.0763563 0.1248856 0.1257565 0.1198382 0.1248312 0.1132726 0.0853934 0.1116812 0.1149828 0.1166330 0.0908180 0.1247261 0.0760615 0.1069425 0.0697453 0.0000000 0.0790291 0.1259803 0.1269717 0.1288680 0.1386612 
Acrobatidae_Distoechurus_pennatus            0.0518393 0.0956002 0.0658108 0.0695156 0.0752943 0.0978856 0.0845354 0.0759450 0.0711086 0.0964733 0.1007095 0.0936219 0.0817706 0.1030980 0.0304313 0.0863743 0.0931065 0.0917397 0.0883604 0.0677677 0.0578115 0.0955969 0.1009395 0.0823123 0.0532761 0.0813609 0.0481318 0.0686236 0.0366258 0.0790291 0.0000000 0.0977888 0.0909955 0.0942546 0.0987066 
Phalangeridae_Phalanger_carmelitae           0.0864798 0.1364392 0.0969016 0.0983950 0.1066115 0.1268348 0.0432220 0.0120823 0.0965300 0.1061609 0.0151232 0.1022876 0.1217581 0.0034125 0.0882534 0.1222756 0.1191914 0.1191504 0.1236348 0.0967944 0.1156213 0.1200729 0.1274070 0.1179164 0.0973208 0.1217035 0.0989227 0.0985757 0.1037520 0.1259803 0.0977888 0.0000000 0.1022081 0.1229390 0.1315357 
Peramelidae_Peroryctes_raffrayana            0.0950111 0.1218683 0.0880696 0.1008554 0.1037624 0.1083734 0.0965791 0.1077863 0.0975679 0.0437870 0.0983092 0.1059266 0.1052487 0.1038681 0.0886891 0.1115480 0.1059330 0.1086143 0.0380330 0.0920936 0.1019763 0.1173229 0.1188724 0.1022607 0.1000047 0.0932025 0.0924939 0.0914000 0.0791647 0.1269717 0.0909955 0.1022081 0.0000000 0.1056695 0.0605318 
Dasyuridae_Dasyurus_geffroii                 0.0840218 0.1167272 0.0942396 0.1082355 0.1118829 0.0048627 0.1173640 0.1170376 0.1031533 0.1205860 0.1242224 0.0265330 0.0255990 0.1268177 0.0924349 0.0302102 0.0049273 0.0265828 0.1051226 0.1032482 0.1100370 0.1123800 0.1166513 0.0219045 0.0885381 0.1024910 0.0978539 0.1047668 0.0919809 0.1288680 0.0942546 0.1229390 0.1056695 0.0000000 0.1132920 
Peramelidae_Perameles_gunnii                 0.0855480 0.1302300 0.1084818 0.1128857 0.1146647 0.1141383 0.1235710 0.1177991 0.1097507 0.0278225 0.1255246 0.1158422 0.1090497 0.1332267 0.0923513 0.1137141 0.1110568 0.1128629 0.0348423 0.1062618 0.1155156 0.1152563 0.1136163 0.1060559 0.0951332 0.0925449 0.1036810 0.1109629 0.0903836 0.1386612 0.0987066 0.1315357 0.0605318 0.1132920 0.0000000 
