35
Burramyidae_Burramys_parvus                  0.0000000 0.0962993 0.0677566 0.0743982 0.0721139 0.0999040 0.0559164 0.0512482 0.0700464 0.1046794 0.0595618 0.0990398 0.0937298 0.0630432 0.0790269 0.1003215 0.0992801 0.0935484 0.0963171 0.0686845 0.0824619 0.1262510 0.1207160 0.0972638 0.0629271 0.0863696 0.0718505 0.0685822 0.0491308 0.0922830 0.0688453 0.0532266 0.1045703 0.1015515 0.0996985 
Notoryctidae_Notoryctes_typhlops             0.0962993 0.0000000 0.0985831 0.1089333 0.1066513 0.1040501 0.0808831 0.0873602 0.1062520 0.1154357 0.0948733 0.1081691 0.1045986 0.0996934 0.1112122 0.1068462 0.1064018 0.1030719 0.1084070 0.1058688 0.1129910 0.1297137 0.1272957 0.1042884 0.0931196 0.0985749 0.1020680 0.1060033 0.0668618 0.1238585 0.1088720 0.0902418 0.1173021 0.1115315 0.1053987 
Vombatidae_Lasiorhinus_latifrons             0.0677566 0.0985831 0.0000000 0.0806384 0.0792357 0.0965811 0.0582419 0.0571663 0.0790267 0.1096404 0.0644745 0.0995061 0.0977520 0.0645689 0.0811931 0.0982800 0.0969084 0.0924848 0.1004989 0.0770246 0.0860638 0.1284869 0.1256813 0.0998144 0.0674269 0.0913952 0.0791673 0.0754534 0.0770178 0.0949016 0.0739577 0.0566852 0.1070100 0.0975178 0.0990792 
Potoroidae_Bettongia_penicillata             0.0743982 0.1089333 0.0806384 0.0000000 0.0051465 0.1072123 0.0726182 0.0562358 0.0193479 0.1232982 0.0662479 0.1066072 0.1027507 0.0697368 0.0844559 0.1044506 0.1084571 0.1007169 0.1145154 0.0321672 0.0921604 0.1417805 0.1320944 0.1042812 0.0440357 0.0953076 0.0815699 0.0301148 0.0909120 0.0979176 0.0783543 0.0582019 0.1193205 0.1068029 0.1198109 
Potoroidae_Bettongia_lesueur                 0.0721139 0.1066513 0.0792357 0.0051465 0.0000000 0.1058917 0.0730975 0.0554046 0.0190244 0.1233438 0.0653541 0.1052049 0.1014449 0.0693808 0.0840832 0.1031260 0.1071272 0.1001531 0.1125115 0.0317997 0.0907887 0.1392787 0.1311941 0.1029393 0.0433374 0.0929311 0.0806779 0.0297131 0.0959654 0.0982444 0.0775894 0.0581047 0.1180827 0.1054787 0.1189880 
Dasyuridae_Dasyurus_maculatus                0.0999040 0.1040501 0.0965811 0.1072123 0.1058917 0.0000000 0.0852808 0.0865053 0.1056016 0.1190000 0.0916919 0.0185693 0.0202658 0.0953812 0.1076565 0.0188066 0.0061464 0.0205788 0.1102458 0.1053290 0.1120007 0.1399163 0.1339521 0.0177941 0.0870619 0.0922824 0.1014681 0.1031366 0.0600387 0.1178425 0.1046740 0.0827792 0.1141249 0.0085722 0.1167406 
Phalangeridae_Trichosurus_vulpecula          0.0559164 0.0808831 0.0582419 0.0726182 0.0730975 0.0852808 0.0000000 0.0196256 0.0670338 0.0926927 0.0189449 0.0856591 0.0838622 0.0211209 0.0691489 0.0868336 0.0877924 0.0810960 0.0918560 0.0650820 0.0642391 0.1141162 0.1082599 0.0829477 0.0546656 0.0742537 0.0603909 0.0684497 0.0331973 0.0893732 0.0560911 0.0187892 0.0962268 0.0885567 0.0926405 
Phalangeridae_Spilocuscus_maculatus          0.0512482 0.0873602 0.0571663 0.0562358 0.0554046 0.0865053 0.0196256 0.0000000 0.0553168 0.0962610 0.0178319 0.0859245 0.0826802 0.0208593 0.0630818 0.0848211 0.0871800 0.0815346 0.0880911 0.0552308 0.0622442 0.1116336 0.1094024 0.0829532 0.0461813 0.0780500 0.0549307 0.0543899 0.0328164 0.0690812 0.0556218 0.0087463 0.0941955 0.0877213 0.0872143 
Potoroidae_Aepyprymnus_rufescens             0.0700464 0.1062520 0.0790267 0.0193479 0.0190244 0.1056016 0.0670338 0.0553168 0.0000000 0.1162551 0.0642115 0.1037776 0.1010595 0.0674680 0.0835139 0.1025163 0.1068321 0.0982703 0.1095156 0.0294923 0.0899851 0.1325815 0.1276924 0.1031231 0.0400446 0.0934243 0.0789577 0.0288466 0.0617461 0.0936265 0.0749854 0.0569082 0.1137073 0.1051888 0.1094069 
Peramelidae_Perameles_nasuta                 0.1046794 0.1154357 0.1096404 0.1232982 0.1233438 0.1190000 0.0926927 0.0962610 0.1162551 0.0000000 0.1062689 0.1193328 0.1160821 0.1098464 0.1211536 0.1202788 0.1201137 0.1147914 0.0127603 0.1217802 0.1172877 0.1455559 0.1424436 0.1181933 0.1020692 0.1070897 0.1129500 0.1210794 0.0563528 0.1288355 0.1155457 0.0952651 0.0140830 0.1255485 0.0023965 
Phalangeridae_Strigocuscus_pelengensis       0.0595618 0.0948733 0.0644745 0.0662479 0.0653541 0.0916919 0.0189449 0.0178319 0.0642115 0.1062689 0.0000000 0.0952899 0.0900420 0.0129357 0.0739332 0.0943213 0.0919314 0.0855883 0.0995812 0.0623183 0.0695118 0.1260155 0.1214320 0.0919371 0.0559220 0.0869964 0.0627621 0.0615810 0.0365391 0.0809716 0.0639825 0.0164107 0.1036543 0.0937583 0.0885072 
Dasyuridae_Phascogale_tapoatafa              0.0990398 0.1081691 0.0995061 0.1066072 0.1052049 0.0185693 0.0856591 0.0859245 0.1037776 0.1193328 0.0952899 0.0000000 0.0237488 0.0979045 0.1051819 0.0021065 0.0176559 0.0241840 0.1122547 0.1021147 0.1147431 0.1383376 0.1323941 0.0098894 0.0860253 0.0976252 0.1036601 0.0988771 0.0728721 0.1182312 0.1035988 0.0847573 0.1144193 0.0209860 0.1215195 
Dasyuridae_Sminthopsis_macroura              0.0937298 0.1045986 0.0977520 0.1027507 0.1014449 0.0202658 0.0838622 0.0826802 0.1010595 0.1160821 0.0900420 0.0237488 0.0000000 0.0920286 0.1072889 0.0235213 0.0212767 0.0135095 0.1065287 0.1012006 0.1090774 0.1432819 0.1376060 0.0209682 0.0808621 0.0925812 0.0990269 0.0992900 0.0546069 0.1169730 0.1026229 0.0801103 0.1095836 0.0229650 0.1148294 
Phalangeridae_Phalanger_orientalis           0.0630432 0.0996934 0.0645689 0.0697368 0.0693808 0.0953812 0.0211209 0.0208593 0.0674680 0.1098464 0.0129357 0.0979045 0.0920286 0.0000000 0.0788972 0.0965658 0.0952293 0.0899905 0.1024552 0.0672373 0.0723505 0.1288138 0.1252360 0.0956518 0.0592338 0.0877594 0.0656898 0.0665027 0.0290160 0.0834544 0.0674001 0.0163493 0.1074345 0.0971112 0.0909392 
Acrobatidae_Acrobates_pygmaeus               0.0790269 0.1112122 0.0811931 0.0844559 0.0840832 0.1076565 0.0691489 0.0630818 0.0835139 0.1211536 0.0739332 0.1051819 0.1072889 0.0788972 0.0000000 0.1062185 0.1089824 0.1041736 0.1153129 0.0857245 0.0868160 0.1338061 0.1365286 0.1070715 0.0781700 0.0936589 0.0721344 0.0824354 0.0617354 0.0922530 0.0451155 0.0647898 0.1217193 0.1103804 0.1212334 
Dasyuridae_Phascogale_calura                 0.1003215 0.1068462 0.0982800 0.1044506 0.1031260 0.0188066 0.0868336 0.0848211 0.1025163 0.1202788 0.0943213 0.0021065 0.0235213 0.0965658 0.1062185 0.0000000 0.0179146 0.0238677 0.1127934 0.0992697 0.1142859 0.1401659 0.1333788 0.0099662 0.0843517 0.0962525 0.1035420 0.0982148 0.0741843 0.1180021 0.1030084 0.0845547 0.1152735 0.0211780 0.1226406 
Dasyuridae_Sarcophilus_harrisii              0.0992801 0.1064018 0.0969084 0.1084571 0.1071272 0.0061464 0.0877924 0.0871800 0.1068321 0.1201137 0.0919314 0.0176559 0.0212767 0.0952293 0.1089824 0.0179146 0.0000000 0.0219342 0.1116638 0.1060796 0.1142291 0.1418133 0.1352403 0.0175189 0.0881667 0.0949520 0.1039064 0.1043440 0.0641128 0.1193439 0.1046366 0.0831957 0.1147612 0.0079811 0.1202337 
Dasyuridae_Planigale_tenuirostris            0.0935484 0.1030719 0.0924848 0.1007169 0.1001531 0.0205788 0.0810960 0.0815346 0.0982703 0.1147914 0.0855883 0.0241840 0.0135095 0.0899905 0.1041736 0.0238677 0.0219342 0.0000000 0.1052448 0.0979673 0.1075174 0.1383734 0.1320705 0.0232627 0.0785333 0.0944283 0.0988138 0.0969392 0.0607571 0.1159129 0.0970185 0.0790146 0.1074495 0.0236814 0.1117187 
Peramelidae_Echymipera_kalubu                0.0963171 0.1084070 0.1004989 0.1145154 0.1125115 0.1102458 0.0918560 0.0880911 0.1095156 0.0127603 0.0995812 0.1122547 0.1065287 0.1024552 0.1153129 0.1127934 0.1116638 0.1052448 0.0000000 0.1124765 0.1133271 0.1356900 0.1357265 0.1083817 0.0953232 0.0982561 0.1083026 0.1107952 0.0549872 0.1196556 0.1076078 0.0876230 0.0128391 0.1157965 0.0112883 
Macropodidae_Dorcopsulus_vanheurni           0.0686845 0.1058688 0.0770246 0.0321672 0.0317997 0.1053290 0.0650820 0.0552308 0.0294923 0.1217802 0.0623183 0.1021147 0.1012006 0.0672373 0.0857245 0.0992697 0.1060796 0.0979673 0.1124765 0.0000000 0.0835522 0.1296740 0.1281448 0.1007473 0.0406944 0.0891773 0.0744316 0.0145985 0.0653362 0.0939076 0.0742864 0.0578351 0.1178894 0.1048975 0.1119006 
Pseudochiridae_Pseudochirulus_forbesi        0.0824619 0.1129910 0.0860638 0.0921604 0.0907887 0.1120007 0.0642391 0.0622442 0.0899851 0.1172877 0.0695118 0.1147431 0.1090774 0.0723505 0.0868160 0.1142859 0.1142291 0.1075174 0.1133271 0.0835522 0.0000000 0.1466894 0.1484783 0.1152474 0.0746610 0.1030253 0.0498745 0.0841512 0.0156576 0.0874747 0.0765659 0.0615695 0.1195709 0.1145217 0.1012219 
Didelphidae_Didelphis_virginiana             0.1262510 0.1297137 0.1284869 0.1417805 0.1392787 0.1399163 0.1141162 0.1116336 0.1325815 0.1455559 0.1260155 0.1383376 0.1432819 0.1288138 0.1338061 0.1401659 0.1418133 0.1383734 0.1356900 0.1296740 0.1466894 0.0000000 0.0319683 0.1414448 0.1162915 0.1250583 0.1353768 0.1313489 0.0722620 0.1510477 0.1355201 0.1140080 0.1415105 0.1459664 0.1360488 
Marmosidae_Monodelphis_domestica             0.1207160 0.1272957 0.1256813 0.1320944 0.1311941 0.1339521 0.1082599 0.1094024 0.1276924 0.1424436 0.1214320 0.1323941 0.1376060 0.1252360 0.1365286 0.1333788 0.1352403 0.1320705 0.1357265 0.1281448 0.1484783 0.0319683 0.0000000 0.1350308 0.1161986 0.1237549 0.1360935 0.1272693 0.0760527 0.1459680 0.1333757 0.1097446 0.1363342 0.1398794 0.1394212 
Dasyuridae_Antechinus_stuartii               0.0972638 0.1042884 0.0998144 0.1042812 0.1029393 0.0177941 0.0829477 0.0829532 0.1031231 0.1181933 0.0919371 0.0098894 0.0209682 0.0956518 0.1070715 0.0099662 0.0175189 0.0232627 0.1083817 0.1007473 0.1152474 0.1414448 0.1350308 0.0000000 0.0839215 0.0929077 0.1011510 0.1008914 0.0678674 0.1191435 0.1019398 0.0835241 0.1131328 0.0208198 0.1162572 
Hypsiprymnodontidae_Hypsiprymnodon_moschatus 0.0629271 0.0931196 0.0674269 0.0440357 0.0433374 0.0870619 0.0546656 0.0461813 0.0400446 0.1020692 0.0559220 0.0860253 0.0808621 0.0592338 0.0781700 0.0843517 0.0881667 0.0785333 0.0953232 0.0406944 0.0746610 0.1162915 0.1161986 0.0839215 0.0000000 0.0817938 0.0680100 0.0390459 0.0507346 0.0845098 0.0663454 0.0503964 0.0995602 0.0865937 0.0944114 
Microbiotheriidae_Dromiciops_gliroides       0.0863696 0.0985749 0.0913952 0.0953076 0.0929311 0.0922824 0.0742537 0.0780500 0.0934243 0.1070897 0.0869964 0.0976252 0.0925812 0.0877594 0.0936589 0.0962525 0.0949520 0.0944283 0.0982561 0.0891773 0.1030253 0.1250583 0.1237549 0.0929077 0.0817938 0.0000000 0.0939227 0.0906332 0.0600901 0.1112772 0.0913310 0.0797608 0.1038831 0.0978054 0.0975939 
Pseudochiridae_Petauroides_volans            0.0718505 0.1020680 0.0791673 0.0815699 0.0806779 0.1014681 0.0603909 0.0549307 0.0789577 0.1129500 0.0627621 0.1036601 0.0990269 0.0656898 0.0721344 0.1035420 0.1039064 0.0988138 0.1083026 0.0744316 0.0498745 0.1353768 0.1360935 0.1011510 0.0680100 0.0939227 0.0000000 0.0742138 0.0324132 0.0762058 0.0669837 0.0569355 0.1118345 0.1059858 0.1037164 
Macropodidae_Wallabia_bicolor                0.0685822 0.1060033 0.0754534 0.0301148 0.0297131 0.1031366 0.0684497 0.0543899 0.0288466 0.1210794 0.0615810 0.0988771 0.0992900 0.0665027 0.0824354 0.0982148 0.1043440 0.0969392 0.1107952 0.0145985 0.0841512 0.1313489 0.1272693 0.1008914 0.0390459 0.0906332 0.0742138 0.0000000 0.0697114 0.0917696 0.0732125 0.0567017 0.1168409 0.1027193 0.1154632 
Pseudochiridae_Pseudocheirus_occidentalis    0.0491308 0.0668618 0.0770178 0.0909120 0.0959654 0.0600387 0.0331973 0.0328164 0.0617461 0.0563528 0.0365391 0.0728721 0.0546069 0.0290160 0.0617354 0.0741843 0.0641128 0.0607571 0.0549872 0.0653362 0.0156576 0.0722620 0.0760527 0.0678674 0.0507346 0.0600901 0.0324132 0.0697114 0.0000000 0.0520723 0.0439611 0.0272856 0.0685533 0.0680619 0.0551053 
Tarsipedidae_Tarsipes_rostratus              0.0922830 0.1238585 0.0949016 0.0979176 0.0982444 0.1178425 0.0893732 0.0690812 0.0936265 0.1288355 0.0809716 0.1182312 0.1169730 0.0834544 0.0922530 0.1180021 0.1193439 0.1159129 0.1196556 0.0939076 0.0874747 0.1510477 0.1459680 0.1191435 0.0845098 0.1112772 0.0762058 0.0917696 0.0520723 0.0000000 0.0864274 0.0726565 0.1258930 0.1194892 0.1245777 
Acrobatidae_Distoechurus_pennatus            0.0688453 0.1088720 0.0739577 0.0783543 0.0775894 0.1046740 0.0560911 0.0556218 0.0749854 0.1155457 0.0639825 0.1035988 0.1026229 0.0674001 0.0451155 0.1030084 0.1046366 0.0970185 0.1076078 0.0742864 0.0765659 0.1355201 0.1333757 0.1019398 0.0663454 0.0913310 0.0669837 0.0732125 0.0439611 0.0864274 0.0000000 0.0596942 0.1155283 0.1053607 0.1002882 
Phalangeridae_Phalanger_carmelitae           0.0532266 0.0902418 0.0566852 0.0582019 0.0581047 0.0827792 0.0187892 0.0087463 0.0569082 0.0952651 0.0164107 0.0847573 0.0801103 0.0163493 0.0647898 0.0845547 0.0831957 0.0790146 0.0876230 0.0578351 0.0615695 0.1140080 0.1097446 0.0835241 0.0503964 0.0797608 0.0569355 0.0567017 0.0272856 0.0726565 0.0596942 0.0000000 0.0904018 0.0844999 0.0866326 
Peramelidae_Peroryctes_raffrayana            0.1045703 0.1173021 0.1070100 0.1193205 0.1180827 0.1141249 0.0962268 0.0941955 0.1137073 0.0140830 0.1036543 0.1144193 0.1095836 0.1074345 0.1217193 0.1152735 0.1147612 0.1074495 0.0128391 0.1178894 0.1195709 0.1415105 0.1363342 0.1131328 0.0995602 0.1038831 0.1118345 0.1168409 0.0685533 0.1258930 0.1155283 0.0904018 0.0000000 0.1195680 0.0164979 
Dasyuridae_Dasyurus_geffroii                 0.1015515 0.1115315 0.0975178 0.1068029 0.1054787 0.0085722 0.0885567 0.0877213 0.1051888 0.1255485 0.0937583 0.0209860 0.0229650 0.0971112 0.1103804 0.0211780 0.0079811 0.0236814 0.1157965 0.1048975 0.1145217 0.1459664 0.1398794 0.0208198 0.0865937 0.0978054 0.1059858 0.1027193 0.0680619 0.1194892 0.1053607 0.0844999 0.1195680 0.0000000 0.1211842 
Peramelidae_Perameles_gunnii                 0.0996985 0.1053987 0.0990792 0.1198109 0.1189880 0.1167406 0.0926405 0.0872143 0.1094069 0.0023965 0.0885072 0.1215195 0.1148294 0.0909392 0.1212334 0.1226406 0.1202337 0.1117187 0.0112883 0.1119006 0.1012219 0.1360488 0.1394212 0.1162572 0.0944114 0.0975939 0.1037164 0.1154632 0.0551053 0.1245777 0.1002882 0.0866326 0.0164979 0.1211842 0.0000000 
