35
Burramyidae_Burramys_parvus                  0.0000000 0.1172645 0.0651685 0.0690585 0.0668983 0.0996293 0.0545456 0.0560517 0.0708618 0.1146778 0.0567848 0.0929365 0.0961833 0.0574934 0.0642746 0.1015413 0.0991450 0.1014832 0.0682663 0.0646959 0.0961026 0.0767896 0.0854368 0.0634561 0.0613134 0.0638323 0.0880135 0.0670200 0.0648957 0.1075327 0.0974012 0.1155187 0.0657549 0.0829817 0.1000247 
Notoryctidae_Notoryctes_typhlops             0.1172645 0.0000000 0.1007924 0.1209467 0.1102860 0.1242783 0.1002131 0.1051127 0.1160842 0.1451430 0.1114101 0.1149596 0.1220020 0.1038756 0.1087897 0.1237081 0.1240375 0.1192280 0.1136757 0.1105481 0.1194005 0.1173453 0.1058994 0.1118741 0.1049131 0.1089021 0.1307941 0.1110556 0.1126133 0.1290459 0.1212952 0.1414679 0.0784002 0.1006643 0.1253769 
Vombatidae_Lasiorhinus_latifrons             0.0651685 0.1007924 0.0000000 0.0690307 0.0564171 0.0784881 0.0477526 0.0510815 0.0613298 0.1070917 0.0548673 0.0770404 0.0793368 0.0533910 0.0534827 0.0777569 0.0806773 0.0851048 0.0584038 0.0540516 0.0791597 0.0641096 0.0715558 0.0552882 0.0523823 0.0549535 0.0768014 0.0551707 0.0625841 0.0916774 0.0782351 0.1058101 0.0520278 0.0717360 0.0908365 
Potoroidae_Bettongia_penicillata             0.0690585 0.1209467 0.0690307 0.0000000 0.0161465 0.1037015 0.0602899 0.0632429 0.0284509 0.1235752 0.0676929 0.0982169 0.1027761 0.0570180 0.0647836 0.1020487 0.1033068 0.1105873 0.0364737 0.0681200 0.0989127 0.0653075 0.0879636 0.0662219 0.0330166 0.0669540 0.0925976 0.0727115 0.0769359 0.1117796 0.1006967 0.1218634 0.0677081 0.0850359 0.1065889 
Potoroidae_Bettongia_lesueur                 0.0668983 0.1102860 0.0564171 0.0161465 0.0000000 0.0872508 0.0479750 0.0507709 0.0157084 0.1102943 0.0534467 0.0831511 0.0873376 0.0524606 0.0532218 0.0851322 0.0868218 0.0889640 0.0249459 0.0557845 0.0837176 0.0546471 0.0758875 0.0541402 0.0217472 0.0557705 0.0770210 0.0607708 0.0642611 0.0963387 0.0845531 0.1090229 0.0549019 0.0714072 0.0892755 
Dasyuridae_Dasyurus_maculatus                0.0996293 0.1242783 0.0784881 0.1037015 0.0872508 0.0000000 0.0841120 0.0873262 0.0941149 0.1302000 0.0889852 0.0189990 0.0322733 0.0906332 0.0877201 0.0120843 0.0307049 0.1007945 0.0892098 0.0889299 0.0201714 0.0950091 0.0925682 0.0858103 0.0844578 0.0858893 0.1060844 0.0895163 0.0955744 0.1085489 0.0092127 0.1254400 0.0124114 0.0873122 0.1131224 
Phalangeridae_Trichosurus_vulpecula          0.0545456 0.1002131 0.0477526 0.0602899 0.0479750 0.0841120 0.0000000 0.0162220 0.0521691 0.1028515 0.0203498 0.0768538 0.0842673 0.0168825 0.0483818 0.0829300 0.0849813 0.0800603 0.0526823 0.0471140 0.0792937 0.0616289 0.0681931 0.0472899 0.0455675 0.0491818 0.0710704 0.0523051 0.0358289 0.0916036 0.0815461 0.1009754 0.0544667 0.0731261 0.0917743 
Phalangeridae_Spilocuscus_maculatus          0.0560517 0.1051127 0.0510815 0.0632429 0.0507709 0.0873262 0.0162220 0.0000000 0.0550186 0.1044418 0.0117522 0.0801671 0.0849802 0.0093899 0.0506926 0.0861905 0.0851682 0.0844480 0.0541232 0.0498487 0.0804407 0.0640291 0.0705128 0.0505932 0.0476572 0.0522252 0.0741074 0.0528024 0.0293849 0.0936035 0.0838653 0.1029784 0.0555075 0.0764365 0.0958593 
Potoroidae_Aepyprymnus_rufescens             0.0708618 0.1160842 0.0613298 0.0284509 0.0157084 0.0941149 0.0521691 0.0550186 0.0000000 0.1146739 0.0542494 0.0890917 0.0931110 0.0572900 0.0581160 0.0933175 0.0953083 0.0873280 0.0288059 0.0606738 0.0888560 0.0588118 0.0803961 0.0571858 0.0254245 0.0599216 0.0839650 0.0654444 0.0624833 0.1011390 0.0910031 0.1138259 0.0602072 0.0773531 0.0968313 
Peramelidae_Perameles_nasuta                 0.1146778 0.1451430 0.1070917 0.1235752 0.1102943 0.1302000 0.1028515 0.1044418 0.1146739 0.0000000 0.1081524 0.1233075 0.1276182 0.1019184 0.1123346 0.1306941 0.1290142 0.0250626 0.1143882 0.1108093 0.1257579 0.1129432 0.1121010 0.1136006 0.1061744 0.1094375 0.1308696 0.1139294 0.1053907 0.0316521 0.1243113 0.0019510 0.0856426 0.1046319 0.1234625 
Phalangeridae_Strigocuscus_pelengensis       0.0567848 0.1114101 0.0548673 0.0676929 0.0534467 0.0889852 0.0203498 0.0117522 0.0542494 0.1081524 0.0000000 0.0833785 0.0885243 0.0111952 0.0556938 0.0882936 0.0866263 0.0825187 0.0585865 0.0549736 0.0826846 0.0698327 0.0759316 0.0557804 0.0521051 0.0572569 0.0789623 0.0583909 0.0315125 0.0974995 0.0845152 0.1065063 0.0566148 0.0822251 0.0973451 
Dasyuridae_Phascogale_tapoatafa              0.0929365 0.1149596 0.0770404 0.0982169 0.0831511 0.0189990 0.0768538 0.0801671 0.0890917 0.1233075 0.0833785 0.0000000 0.0280966 0.0816444 0.0835097 0.0184066 0.0282444 0.0954801 0.0863599 0.0833293 0.0121081 0.0896099 0.0866944 0.0837629 0.0800375 0.0809851 0.1049330 0.0836549 0.0876508 0.1033351 0.0197480 0.1189865 0.0030136 0.0858577 0.1089488 
Dasyuridae_Sminthopsis_macroura              0.0961833 0.1220020 0.0793368 0.1027761 0.0873376 0.0322733 0.0842673 0.0849802 0.0931110 0.1276182 0.0885243 0.0280966 0.0000000 0.0873032 0.0869964 0.0298137 0.0226769 0.0987273 0.0899145 0.0889074 0.0277079 0.0951719 0.0926063 0.0912389 0.0854994 0.0858068 0.1075160 0.0896811 0.0937558 0.1097906 0.0313969 0.1238686 0.0177039 0.0920482 0.1177541 
Phalangeridae_Phalanger_orientalis           0.0574934 0.1038756 0.0533910 0.0570180 0.0524606 0.0906332 0.0168825 0.0093899 0.0572900 0.1019184 0.0111952 0.0816444 0.0873032 0.0000000 0.0544581 0.0899532 0.0878747 0.0824187 0.0561260 0.0529410 0.0840827 0.0638030 0.0706322 0.0534830 0.0498529 0.0535150 0.0782397 0.0551272 0.0233042 0.0951668 0.0870440 0.1023377 0.0576454 0.0782537 0.0926282 
Acrobatidae_Acrobates_pygmaeus               0.0642746 0.1087897 0.0534827 0.0647836 0.0532218 0.0877201 0.0483818 0.0506926 0.0581160 0.1123346 0.0556938 0.0835097 0.0869964 0.0544581 0.0000000 0.0872740 0.0872968 0.0938816 0.0586077 0.0456512 0.0851945 0.0676420 0.0725894 0.0463879 0.0516378 0.0488259 0.0696586 0.0360640 0.0652484 0.0982821 0.0864562 0.1097116 0.0584696 0.0774034 0.1012487 
Dasyuridae_Sarcophilus_harrisii              0.1015413 0.1237081 0.0777569 0.1020487 0.0851322 0.0120843 0.0829300 0.0861905 0.0933175 0.1306941 0.0882936 0.0184066 0.0298137 0.0899532 0.0872740 0.0000000 0.0283266 0.1002035 0.0880220 0.0878784 0.0189781 0.0956109 0.0927505 0.0836258 0.0826845 0.0862185 0.1028323 0.0889890 0.0943495 0.1088580 0.0122597 0.1253714 0.0114170 0.0855131 0.1109297 
Dasyuridae_Planigale_tenuirostris            0.0991450 0.1240375 0.0806773 0.1033068 0.0868218 0.0307049 0.0849813 0.0851682 0.0953083 0.1290142 0.0866263 0.0282444 0.0226769 0.0878747 0.0872968 0.0283266 0.0000000 0.0995340 0.0915585 0.0900292 0.0270987 0.0934049 0.0917875 0.0894840 0.0859295 0.0865143 0.1028035 0.0886988 0.0945035 0.1122181 0.0298573 0.1252991 0.0167881 0.0890188 0.1151156 
Peramelidae_Echymipera_kalubu                0.1014832 0.1192280 0.0851048 0.1105873 0.0889640 0.1007945 0.0800603 0.0844480 0.0873280 0.0250626 0.0825187 0.0954801 0.0987273 0.0824187 0.0938816 0.1002035 0.0995340 0.0000000 0.0895760 0.0887707 0.0971067 0.0915027 0.0893881 0.0928381 0.0814758 0.0858179 0.1073493 0.0955540 0.0830433 0.0134704 0.0960019 0.0232406 0.0681665 0.0831066 0.1064570 
Macropodidae_Dorcopsulus_vanheurni           0.0682663 0.1136757 0.0584038 0.0364737 0.0249459 0.0892098 0.0526823 0.0541232 0.0288059 0.1143882 0.0585865 0.0863599 0.0899145 0.0561260 0.0586077 0.0880220 0.0915585 0.0895760 0.0000000 0.0584791 0.0874402 0.0561121 0.0772448 0.0576820 0.0133431 0.0594215 0.0792506 0.0628274 0.0665297 0.0986017 0.0882322 0.1117316 0.0574080 0.0763560 0.0944362 
Pseudochiridae_Pseudochirulus_forbesi        0.0646959 0.1105481 0.0540516 0.0681200 0.0557845 0.0889299 0.0471140 0.0498487 0.0606738 0.1108093 0.0549736 0.0833293 0.0889074 0.0529410 0.0456512 0.0878784 0.0900292 0.0887707 0.0584791 0.0000000 0.0861481 0.0634235 0.0719307 0.0316278 0.0514923 0.0264107 0.0677112 0.0525577 0.0621561 0.0991854 0.0874436 0.1095704 0.0592871 0.0762867 0.1037059 
Dasyuridae_Antechinus_stuartii               0.0961026 0.1194005 0.0791597 0.0989127 0.0837176 0.0201714 0.0792937 0.0804407 0.0888560 0.1257579 0.0826846 0.0121081 0.0277079 0.0840827 0.0851945 0.0189781 0.0270987 0.0971067 0.0874402 0.0861481 0.0000000 0.0934073 0.0881097 0.0855309 0.0818220 0.0813369 0.1047282 0.0851871 0.0900448 0.1052271 0.0205149 0.1216548 0.0068814 0.0856279 0.1107695 
Hypsiprymnodontidae_Hypsiprymnodon_moschatus 0.0767896 0.1173453 0.0641096 0.0653075 0.0546471 0.0950091 0.0616289 0.0640291 0.0588118 0.1129432 0.0698327 0.0896099 0.0951719 0.0638030 0.0676420 0.0956109 0.0934049 0.0915027 0.0561121 0.0634235 0.0934073 0.0000000 0.0739520 0.0655247 0.0484160 0.0617132 0.0838520 0.0721187 0.0641782 0.0999691 0.0930683 0.1114270 0.0608385 0.0789279 0.1045117 
Microbiotheriidae_Dromiciops_gliroides       0.0854368 0.1058994 0.0715558 0.0879636 0.0758875 0.0925682 0.0681931 0.0705128 0.0803961 0.1121010 0.0759316 0.0866944 0.0926063 0.0706322 0.0725894 0.0927505 0.0917875 0.0893881 0.0772448 0.0719307 0.0881097 0.0739520 0.0000000 0.0747992 0.0692776 0.0716863 0.0918322 0.0764223 0.0735790 0.0971776 0.0889968 0.1105934 0.0558325 0.0690159 0.0876883 
Pseudochiridae_Petauroides_volans            0.0634561 0.1118741 0.0552882 0.0662219 0.0541402 0.0858103 0.0472899 0.0505932 0.0571858 0.1136006 0.0557804 0.0837629 0.0912389 0.0534830 0.0463879 0.0836258 0.0894840 0.0928381 0.0576820 0.0316278 0.0855309 0.0655247 0.0747992 0.0000000 0.0492036 0.0388905 0.0658732 0.0528116 0.0631253 0.0980983 0.0853070 0.1120610 0.0561320 0.0719210 0.0946255 
Macropodidae_Wallabia_bicolor                0.0613134 0.1049131 0.0523823 0.0330166 0.0217472 0.0844578 0.0455675 0.0476572 0.0254245 0.1061744 0.0521051 0.0800375 0.0854994 0.0498529 0.0516378 0.0826845 0.0859295 0.0814758 0.0133431 0.0514923 0.0818220 0.0484160 0.0692776 0.0492036 0.0000000 0.0527680 0.0702201 0.0561333 0.0597411 0.0906390 0.0833010 0.1033939 0.0528340 0.0715826 0.0919739 
Pseudochiridae_Pseudocheirus_occidentalis    0.0638323 0.1089021 0.0549535 0.0669540 0.0557705 0.0858893 0.0491818 0.0522252 0.0599216 0.1094375 0.0572569 0.0809851 0.0858068 0.0535150 0.0488259 0.0862185 0.0865143 0.0858179 0.0594215 0.0264107 0.0813369 0.0617132 0.0716863 0.0388905 0.0527680 0.0000000 0.0646354 0.0547845 0.0597820 0.0945071 0.0832245 0.1072836 0.0594494 0.0761111 0.0994148 
Tarsipedidae_Tarsipes_rostratus              0.0880135 0.1307941 0.0768014 0.0925976 0.0770210 0.1060844 0.0710704 0.0741074 0.0839650 0.1308696 0.0789623 0.1049330 0.1075160 0.0782397 0.0696586 0.1028323 0.1028035 0.1073493 0.0792506 0.0677112 0.1047282 0.0838520 0.0918322 0.0658732 0.0702201 0.0646354 0.0000000 0.0743210 0.0818777 0.1135024 0.1050683 0.1274683 0.0681399 0.0868296 0.1096616 
Acrobatidae_Distoechurus_pennatus            0.0670200 0.1110556 0.0551707 0.0727115 0.0607708 0.0895163 0.0523051 0.0528024 0.0654444 0.1139294 0.0583909 0.0836549 0.0896811 0.0551272 0.0360640 0.0889890 0.0886988 0.0955540 0.0628274 0.0525577 0.0851871 0.0721187 0.0764223 0.0528116 0.0561333 0.0547845 0.0743210 0.0000000 0.0660681 0.0980423 0.0868225 0.1115408 0.0572598 0.0739725 0.0974533 
Phalangeridae_Phalanger_carmelitae           0.0648957 0.1126133 0.0625841 0.0769359 0.0642611 0.0955744 0.0358289 0.0293849 0.0624833 0.1053907 0.0315125 0.0876508 0.0937558 0.0233042 0.0652484 0.0943495 0.0945035 0.0830433 0.0665297 0.0621561 0.0900448 0.0641782 0.0735790 0.0631253 0.0597411 0.0597820 0.0818777 0.0660681 0.0000000 0.0960981 0.0920356 0.1041375 0.0614071 0.0829730 0.1008354 
Peramelidae_Peroryctes_raffrayana            0.1075327 0.1290459 0.0916774 0.1117796 0.0963387 0.1085489 0.0916036 0.0936035 0.1011390 0.0316521 0.0974995 0.1033351 0.1097906 0.0951668 0.0982821 0.1088580 0.1122181 0.0134704 0.0986017 0.0991854 0.1052271 0.0999691 0.0971776 0.0980983 0.0906390 0.0945071 0.1135024 0.0980423 0.0960981 0.0000000 0.1049036 0.0294708 0.0708886 0.0903583 0.1096273 
Dasyuridae_Dasyurus_geffroii                 0.0974012 0.1212952 0.0782351 0.1006967 0.0845531 0.0092127 0.0815461 0.0838653 0.0910031 0.1243113 0.0845152 0.0197480 0.0313969 0.0870440 0.0864562 0.0122597 0.0298573 0.0960019 0.0882322 0.0874436 0.0205149 0.0930683 0.0889968 0.0853070 0.0833010 0.0832245 0.1050683 0.0868225 0.0920356 0.1049036 0.0000000 0.1199207 0.0122158 0.0870378 0.1134610 
Peramelidae_Perameles_gunnii                 0.1155187 0.1414679 0.1058101 0.1218634 0.1090229 0.1254400 0.1009754 0.1029784 0.1138259 0.0019510 0.1065063 0.1189865 0.1238686 0.1023377 0.1097116 0.1253714 0.1252991 0.0232406 0.1117316 0.1095704 0.1216548 0.1114270 0.1105934 0.1120610 0.1033939 0.1072836 0.1274683 0.1115408 0.1041375 0.0294708 0.1199207 0.0000000 0.0828724 0.1010528 0.1215113 
Dasyuridae_Phascogale_calura                 0.0657549 0.0784002 0.0520278 0.0677081 0.0549019 0.0124114 0.0544667 0.0555075 0.0602072 0.0856426 0.0566148 0.0030136 0.0177039 0.0576454 0.0584696 0.0114170 0.0167881 0.0681665 0.0574080 0.0592871 0.0068814 0.0608385 0.0558325 0.0561320 0.0528340 0.0594494 0.0681399 0.0572598 0.0614071 0.0708886 0.0122158 0.0828724 0.0000000 0.0834312 0.1070273 
Marmosidae_Monodelphis_domestica             0.0829817 0.1006643 0.0717360 0.0850359 0.0714072 0.0873122 0.0731261 0.0764365 0.0773531 0.1046319 0.0822251 0.0858577 0.0920482 0.0782537 0.0774034 0.0855131 0.0890188 0.0831066 0.0763560 0.0762867 0.0856279 0.0789279 0.0690159 0.0719210 0.0715826 0.0761111 0.0868296 0.0739725 0.0829730 0.0903583 0.0870378 0.1010528 0.0834312 0.0000000 0.0360132 
Didelphidae_Didelphis_virginiana             0.1000247 0.1253769 0.0908365 0.1065889 0.0892755 0.1131224 0.0917743 0.0958593 0.0968313 0.1234625 0.0973451 0.1089488 0.1177541 0.0926282 0.1012487 0.1109297 0.1151156 0.1064570 0.0944362 0.1037059 0.1107695 0.1045117 0.0876883 0.0946255 0.0919739 0.0994148 0.1096616 0.0974533 0.1008354 0.1096273 0.1134610 0.1215113 0.1070273 0.0360132 0.0000000 
