35
Burramyidae_Burramys_parvus                  0.0000000 0.0766468 0.0422299 0.0579742 0.0577523 0.0751289 0.0329140 0.0311264 0.0607939 0.0859477 0.0307001 0.0758532 0.0762840 0.0380000 0.0693931 0.0770721 0.0732295 0.0721926 0.0769292 0.0565105 0.0568928 0.1041534 0.0710491 0.0745990 0.0481173 0.0715333 0.0458638 0.0561694 0.0536171 0.1087673 0.0542575 0.0349107 0.0748452 0.0765969 0.0850309 
Notoryctidae_Notoryctes_typhlops             0.0766468 0.0000000 0.0798158 0.0973346 0.0984495 0.1033007 0.0786828 0.0719323 0.1010120 0.1046976 0.0715445 0.1007071 0.1032667 0.0856813 0.1066738 0.1038868 0.1007171 0.1020543 0.1034670 0.0989469 0.0987192 0.1231116 0.0938255 0.0990224 0.0913282 0.0990587 0.0889102 0.1016615 0.0936617 0.1480989 0.0954483 0.0822090 0.1003853 0.1042155 0.1038254 
Vombatidae_Lasiorhinus_latifrons             0.0422299 0.0798158 0.0000000 0.0564782 0.0554725 0.0768198 0.0387496 0.0379369 0.0636974 0.0878950 0.0372971 0.0753974 0.0759746 0.0437308 0.0753382 0.0761722 0.0728554 0.0729779 0.0820207 0.0581774 0.0592962 0.1026786 0.0686851 0.0721370 0.0524442 0.0736231 0.0514923 0.0565626 0.0552636 0.1082888 0.0529133 0.0425913 0.0802534 0.0774171 0.0869896 
Potoroidae_Bettongia_penicillata             0.0579742 0.0973346 0.0564782 0.0000000 0.0021027 0.0979008 0.0517520 0.0511914 0.0091530 0.1042505 0.0519330 0.0968810 0.0996678 0.0561002 0.0913120 0.0981075 0.0963042 0.0973219 0.0984178 0.0128604 0.0727412 0.1177619 0.0864948 0.0932502 0.0291636 0.0928617 0.0584269 0.0127966 0.0708512 0.1271812 0.0660936 0.0536498 0.0945423 0.0976840 0.1039557 
Potoroidae_Bettongia_lesueur                 0.0577523 0.0984495 0.0554725 0.0021027 0.0000000 0.0980271 0.0519117 0.0501566 0.0099245 0.1017082 0.0508597 0.0978346 0.0997335 0.0554828 0.0909822 0.0990593 0.0964312 0.0971185 0.0993854 0.0130303 0.0715974 0.1170033 0.0854887 0.0934313 0.0287114 0.0929827 0.0578417 0.0129713 0.0697452 0.1265194 0.0645786 0.0530432 0.0956043 0.0982606 0.1014070 
Dasyuridae_Dasyurus_maculatus                0.0751289 0.1033007 0.0768198 0.0979008 0.0980271 0.0000000 0.0756368 0.0777422 0.1017856 0.1020623 0.0776934 0.0093586 0.0152885 0.0813672 0.1184889 0.0095546 0.0031915 0.0151175 0.0936313 0.0996685 0.1018840 0.1315344 0.0951079 0.0086930 0.0929894 0.0945495 0.0894691 0.0998770 0.0956253 0.1501744 0.0852607 0.0804575 0.0934270 0.0012336 0.1011802 
Phalangeridae_Trichosurus_vulpecula          0.0329140 0.0786828 0.0387496 0.0517520 0.0519117 0.0756368 0.0000000 0.0076140 0.0564462 0.0851985 0.0086873 0.0755281 0.0786147 0.0114835 0.0669762 0.0772000 0.0720997 0.0723313 0.0762415 0.0521808 0.0526033 0.0977031 0.0663533 0.0738818 0.0458281 0.0689241 0.0403351 0.0506144 0.0490138 0.1057100 0.0474227 0.0097558 0.0733854 0.0728477 0.0842186 
Phalangeridae_Spilocuscus_maculatus          0.0311264 0.0719323 0.0379369 0.0511914 0.0501566 0.0777422 0.0076140 0.0000000 0.0570418 0.0850760 0.0037880 0.0776077 0.0780306 0.0047917 0.0708208 0.0789482 0.0753426 0.0718256 0.0820834 0.0529372 0.0529679 0.0974197 0.0684175 0.0755782 0.0453945 0.0663607 0.0410715 0.0525098 0.0512191 0.1040353 0.0457427 0.0032430 0.0776285 0.0774796 0.0840462 
Potoroidae_Aepyprymnus_rufescens             0.0607939 0.1010120 0.0636974 0.0091530 0.0099245 0.1017856 0.0564462 0.0570418 0.0000000 0.1010671 0.0590961 0.1016725 0.1040498 0.0617780 0.0972843 0.1029009 0.0993439 0.0996120 0.1067986 0.0184385 0.0779412 0.1229474 0.0927659 0.0964381 0.0344058 0.0997824 0.0647894 0.0181720 0.0752999 0.1302852 0.0708638 0.0592323 0.1028890 0.1024655 0.1007641 
Peramelidae_Perameles_nasuta                 0.0859477 0.1046976 0.0878950 0.1042505 0.1017082 0.1020623 0.0851985 0.0850760 0.1010671 0.0000000 0.0844210 0.0986072 0.1031544 0.0930459 0.1332687 0.0996400 0.0980384 0.0961643 0.0062528 0.1056564 0.1121929 0.1382532 0.0954332 0.0984388 0.1051457 0.1048761 0.1029377 0.1081072 0.1056922 0.1666274 0.1037106 0.0907671 0.0065129 0.1012655 0.0001016 
Phalangeridae_Strigocuscus_pelengensis       0.0307001 0.0715445 0.0372971 0.0519330 0.0508597 0.0776934 0.0086873 0.0037880 0.0590961 0.0844210 0.0000000 0.0770117 0.0783958 0.0045717 0.0662856 0.0788964 0.0756362 0.0724913 0.0856671 0.0555522 0.0503196 0.0993560 0.0707293 0.0755649 0.0449633 0.0688261 0.0397764 0.0530479 0.0488886 0.1019907 0.0440309 0.0032589 0.0789110 0.0769352 0.0839475 
Dasyuridae_Phascogale_tapoatafa              0.0758532 0.1007071 0.0753974 0.0968810 0.0978346 0.0093586 0.0755281 0.0776077 0.1016725 0.0986072 0.0770117 0.0000000 0.0150377 0.0812495 0.1196344 0.0015302 0.0099154 0.0140830 0.0905774 0.0986945 0.1025498 0.1306481 0.0927988 0.0040352 0.0932015 0.0923317 0.0907145 0.0988241 0.0960367 0.1479697 0.0905646 0.0798820 0.0919846 0.0104431 0.0977133 
Dasyuridae_Sminthopsis_macroura              0.0762840 0.1032667 0.0759746 0.0996678 0.0997335 0.0152885 0.0786147 0.0780306 0.1040498 0.1031544 0.0783958 0.0150377 0.0000000 0.0818320 0.1195961 0.0157998 0.0156967 0.0102422 0.0940997 0.0980237 0.1049188 0.1313859 0.0995191 0.0133021 0.0919414 0.0949369 0.0907582 0.1013044 0.0992318 0.1524585 0.0885673 0.0801085 0.0950907 0.0170012 0.1022762 
Phalangeridae_Phalanger_orientalis           0.0380000 0.0856813 0.0437308 0.0561002 0.0554828 0.0813672 0.0114835 0.0047917 0.0617780 0.0930459 0.0045717 0.0812495 0.0818320 0.0000000 0.0762125 0.0825137 0.0778096 0.0759767 0.0850186 0.0578821 0.0584913 0.1018495 0.0736244 0.0798671 0.0493745 0.0746664 0.0457866 0.0578217 0.0559779 0.1112735 0.0534761 0.0020958 0.0808205 0.0797556 0.0920830 
Acrobatidae_Acrobates_pygmaeus               0.0693931 0.1066738 0.0753382 0.0913120 0.0909822 0.1184889 0.0669762 0.0708208 0.0972843 0.1332687 0.0662856 0.1196344 0.1195961 0.0762125 0.0000000 0.1190982 0.1173785 0.1173984 0.1205261 0.0926127 0.0821809 0.1391467 0.1040803 0.1145017 0.0810598 0.1092214 0.0711595 0.0923352 0.0803785 0.1180882 0.0399094 0.0740772 0.1184025 0.1183966 0.1322139 
Dasyuridae_Phascogale_calura                 0.0770721 0.1038868 0.0761722 0.0981075 0.0990593 0.0095546 0.0772000 0.0789482 0.1029009 0.0996400 0.0788964 0.0015302 0.0157998 0.0825137 0.1190982 0.0000000 0.0101161 0.0148626 0.0918552 0.0999283 0.1037683 0.1310522 0.0916767 0.0046061 0.0949167 0.0927732 0.0919505 0.1000692 0.0972732 0.1492275 0.0909003 0.0811427 0.0937105 0.0106528 0.0987497 
Dasyuridae_Sarcophilus_harrisii              0.0732295 0.1007171 0.0728554 0.0963042 0.0964312 0.0031915 0.0720997 0.0753426 0.0993439 0.0980384 0.0756362 0.0099154 0.0156967 0.0778096 0.1173785 0.0101161 0.0000000 0.0147472 0.0900823 0.0972333 0.0985979 0.1301013 0.0943686 0.0094424 0.0891588 0.0927604 0.0866658 0.0965147 0.0941388 0.1476398 0.0843891 0.0768792 0.0922813 0.0032672 0.0971477 
Dasyuridae_Planigale_tenuirostris            0.0721926 0.1020543 0.0729779 0.0973219 0.0971185 0.0151175 0.0723313 0.0718256 0.0996120 0.0961643 0.0724913 0.0140830 0.0102422 0.0759767 0.1173984 0.0148626 0.0147472 0.0000000 0.0893419 0.0978889 0.1000380 0.1281037 0.0888984 0.0129428 0.0914851 0.0928286 0.0863935 0.0987361 0.0958061 0.1475533 0.0844182 0.0747037 0.0889052 0.0162357 0.0952465 
Peramelidae_Echymipera_kalubu                0.0769292 0.1034670 0.0820207 0.0984178 0.0993854 0.0936313 0.0762415 0.0820834 0.1067986 0.0062528 0.0856671 0.0905774 0.0940997 0.0850186 0.1205261 0.0918552 0.0900823 0.0893419 0.0000000 0.0989319 0.1019427 0.1281974 0.0943064 0.0906694 0.0947360 0.0980820 0.0922861 0.1009378 0.0978303 0.1544130 0.1016918 0.0836708 0.0058909 0.0934181 0.0060883 
Macropodidae_Dorcopsulus_vanheurni           0.0565105 0.0989469 0.0581774 0.0128604 0.0130303 0.0996685 0.0521808 0.0529372 0.0184385 0.1056564 0.0555522 0.0986945 0.0980237 0.0578821 0.0926127 0.0999283 0.0972333 0.0978889 0.0989319 0.0000000 0.0753775 0.1185584 0.0879200 0.0938592 0.0307398 0.0930994 0.0634569 0.0041646 0.0710820 0.1237045 0.0699729 0.0557759 0.0954189 0.1007514 0.1052596 
Pseudochiridae_Pseudochirulus_forbesi        0.0568928 0.0987192 0.0592962 0.0727412 0.0715974 0.1018840 0.0526033 0.0529679 0.0779412 0.1121929 0.0503196 0.1025498 0.1049188 0.0584913 0.0821809 0.1037683 0.0985979 0.1000380 0.1019427 0.0753775 0.0000000 0.1205056 0.0863751 0.0990098 0.0667391 0.0921188 0.0229980 0.0750152 0.0125563 0.1036731 0.0605703 0.0565228 0.1016781 0.1026230 0.1114322 
Didelphidae_Didelphis_virginiana             0.1041534 0.1231116 0.1026786 0.1177619 0.1170033 0.1315344 0.0977031 0.0974197 0.1229474 0.1382532 0.0993560 0.1306481 0.1313859 0.1018495 0.1391467 0.1310522 0.1301013 0.1281037 0.1281974 0.1185584 0.1205056 0.0000000 0.0122740 0.1267490 0.1123658 0.1150026 0.1068284 0.1185306 0.1178029 0.1698433 0.1195839 0.0989456 0.1251693 0.1306594 0.1370785 
Marmosidae_Monodelphis_domestica             0.0710491 0.0938255 0.0686851 0.0864948 0.0854887 0.0951079 0.0663533 0.0684175 0.0927659 0.0954332 0.0707293 0.0927988 0.0995191 0.0736244 0.1040803 0.0916767 0.0943686 0.0888984 0.0943064 0.0879200 0.0863751 0.0122740 0.0000000 0.0905702 0.0812170 0.0904085 0.0789643 0.0891404 0.0813856 0.1298252 0.0891146 0.0722492 0.0923484 0.0949416 0.0953882 
Dasyuridae_Antechinus_stuartii               0.0745990 0.0990224 0.0721370 0.0932502 0.0934313 0.0086930 0.0738818 0.0755782 0.0964381 0.0984388 0.0755649 0.0040352 0.0133021 0.0798671 0.1145017 0.0046061 0.0094424 0.0129428 0.0906694 0.0938592 0.0990098 0.1267490 0.0905702 0.0000000 0.0903331 0.0909144 0.0867965 0.0956391 0.0942655 0.1452288 0.0865077 0.0776887 0.0909072 0.0099564 0.0980680 
Hypsiprymnodontidae_Hypsiprymnodon_moschatus 0.0481173 0.0913282 0.0524442 0.0291636 0.0287114 0.0929894 0.0458281 0.0453945 0.0344058 0.1051457 0.0449633 0.0932015 0.0919414 0.0493745 0.0810598 0.0949167 0.0891588 0.0914851 0.0947360 0.0307398 0.0667391 0.1123658 0.0812170 0.0903331 0.0000000 0.0846986 0.0573819 0.0289206 0.0643373 0.1211692 0.0643610 0.0481356 0.0907987 0.0927238 0.1048487 
Microbiotheriidae_Dromiciops_gliroides       0.0715333 0.0990587 0.0736231 0.0928617 0.0929827 0.0945495 0.0689241 0.0663607 0.0997824 0.1048761 0.0688261 0.0923317 0.0949369 0.0746664 0.1092214 0.0927732 0.0927604 0.0928286 0.0980820 0.0930994 0.0921188 0.1150026 0.0904085 0.0909144 0.0846986 0.0000000 0.0806460 0.0909809 0.0888289 0.1329712 0.0848791 0.0729828 0.0962473 0.0953273 0.1049377 
Pseudochiridae_Petauroides_volans            0.0458638 0.0889102 0.0514923 0.0584269 0.0578417 0.0894691 0.0403351 0.0410715 0.0647894 0.1029377 0.0397764 0.0907145 0.0907582 0.0457866 0.0711595 0.0919505 0.0866658 0.0863935 0.0922861 0.0634569 0.0229980 0.1068284 0.0789643 0.0867965 0.0573819 0.0806460 0.0000000 0.0624631 0.0239373 0.0942688 0.0515356 0.0432134 0.0903957 0.0905007 0.1014961 
Macropodidae_Wallabia_bicolor                0.0561694 0.1016615 0.0565626 0.0127966 0.0129713 0.0998770 0.0506144 0.0525098 0.0181720 0.1081072 0.0530479 0.0988241 0.1013044 0.0578217 0.0923352 0.1000692 0.0965147 0.0987361 0.1009378 0.0041646 0.0750152 0.1185306 0.0891404 0.0956391 0.0289206 0.0909809 0.0624631 0.0000000 0.0707984 0.1260244 0.0680610 0.0549650 0.0974843 0.0991280 0.1078171 
Pseudochiridae_Pseudocheirus_occidentalis    0.0536171 0.0936617 0.0552636 0.0708512 0.0697452 0.0956253 0.0490138 0.0512191 0.0752999 0.1056922 0.0488886 0.0960367 0.0992318 0.0559779 0.0803785 0.0972732 0.0941388 0.0958061 0.0978303 0.0710820 0.0125563 0.1178029 0.0813856 0.0942655 0.0643373 0.0888289 0.0239373 0.0707984 0.0000000 0.1015886 0.0604324 0.0537141 0.0962338 0.0967698 0.1042170 
Tarsipedidae_Tarsipes_rostratus              0.1087673 0.1480989 0.1082888 0.1271812 0.1265194 0.1501744 0.1057100 0.1040353 0.1302852 0.1666274 0.1019907 0.1479697 0.1524585 0.1112735 0.1180882 0.1492275 0.1476398 0.1475533 0.1544130 0.1237045 0.1036731 0.1698433 0.1298252 0.1452288 0.1211692 0.1329712 0.0942688 0.1260244 0.1015886 0.0000000 0.1091651 0.1094296 0.1541130 0.1527694 0.1654311 
Acrobatidae_Distoechurus_pennatus            0.0542575 0.0954483 0.0529133 0.0660936 0.0645786 0.0852607 0.0474227 0.0457427 0.0708638 0.1037106 0.0440309 0.0905646 0.0885673 0.0534761 0.0399094 0.0909003 0.0843891 0.0844182 0.1016918 0.0699729 0.0605703 0.1195839 0.0891146 0.0865077 0.0643610 0.0848791 0.0515356 0.0680610 0.0604324 0.1091651 0.0000000 0.0507537 0.0983370 0.0855419 0.1028408 
Phalangeridae_Phalanger_carmelitae           0.0349107 0.0822090 0.0425913 0.0536498 0.0530432 0.0804575 0.0097558 0.0032430 0.0592323 0.0907671 0.0032589 0.0798820 0.0801085 0.0020958 0.0740772 0.0811427 0.0768792 0.0747037 0.0836708 0.0557759 0.0565228 0.0989456 0.0722492 0.0776887 0.0481356 0.0729828 0.0432134 0.0549650 0.0537141 0.1094296 0.0507537 0.0000000 0.0794823 0.0788813 0.0898021 
Peramelidae_Peroryctes_raffrayana            0.0748452 0.1003853 0.0802534 0.0945423 0.0956043 0.0934270 0.0733854 0.0776285 0.1028890 0.0065129 0.0789110 0.0919846 0.0950907 0.0808205 0.1184025 0.0937105 0.0922813 0.0889052 0.0058909 0.0954189 0.1016781 0.1251693 0.0923484 0.0909072 0.0907987 0.0962473 0.0903957 0.0974843 0.0962338 0.1541130 0.0983370 0.0794823 0.0000000 0.0923951 0.0065302 
Dasyuridae_Dasyurus_geffroii                 0.0765969 0.1042155 0.0774171 0.0976840 0.0982606 0.0012336 0.0728477 0.0774796 0.1024655 0.1012655 0.0769352 0.0104431 0.0170012 0.0797556 0.1183966 0.0106528 0.0032672 0.0162357 0.0934181 0.1007514 0.1026230 0.1306594 0.0949416 0.0099564 0.0927238 0.0953273 0.0905007 0.0991280 0.0967698 0.1527694 0.0855419 0.0788813 0.0923951 0.0000000 0.1003767 
Peramelidae_Perameles_gunnii                 0.0850309 0.1038254 0.0869896 0.1039557 0.1014070 0.1011802 0.0842186 0.0840462 0.1007641 0.0001016 0.0839475 0.0977133 0.1022762 0.0920830 0.1322139 0.0987497 0.0971477 0.0952465 0.0060883 0.1052596 0.1114322 0.1370785 0.0953882 0.0980680 0.1048487 0.1049377 0.1014961 0.1078171 0.1042170 0.1654311 0.1028408 0.0898021 0.0065302 0.1003767 0.0000000 
