198
I0185_86_Accipitridae_Buteo_jamaicensis                   0.0000000 0.0419949 0.0413545 0.0400939 0.0497056 0.0416440 0.0578313 0.0328520 0.0365948 0.0482569 0.0687518 0.0326157 0.0493323 0.0413381 0.0444876 0.0485696 0.0356036 0.0193168 0.0483643 0.0280487 0.0461488 0.0300655 0.0510029 0.0270345 0.0280502 0.0263218 0.0377997 0.0296857 0.0610224 0.0552235 0.0589076 0.0290397 0.0452213 0.0461156 0.0473701 0.0485730 0.0370270 0.0542275 0.0498836 0.0647594 0.0464915 0.0761682 0.0482064 0.0430765 0.0884325 0.0750792 0.0805117 0.0524805 0.0598219 0.0370336 0.0472123 0.0347266 0.0510321 0.0443585 0.0287453 0.0433731 0.0431728 0.0492319 0.0388412 0.0368563 0.0321586 0.0470809 0.0471992 0.0306789 0.0306245 0.0786360 0.0461971 0.0520164 0.0464558 0.0280759 0.0354607 0.0689895 0.0538418 0.0383862 0.0570188 0.0613734 0.0500942 0.0347030 0.0309308 0.0444666 0.0637486 0.0266884 0.0072615 0.0305758 0.0442229 0.0387429 0.0457205 0.0461626 0.0269529 0.0225420 0.0494377 0.0774408 0.0426209 0.0428908 0.0350227 0.0257427 0.0520082 0.0363126 0.0518434 0.0644199 0.0255267 0.0564558 0.0302668 0.0218036 0.0290317 0.0408585 0.0378269 0.0560649 0.0421395 0.0344721 0.0281686 0.0355527 0.0471550 0.0741899 0.0328312 0.0483168 0.0738695 0.0307082 0.0255553 0.0553219 0.0490308 0.0300065 0.0519442 0.0556620 0.0606727 0.0443460 0.0267422 0.0177226 0.0275512 0.0483282 0.0395840 0.0413728 0.0586522 0.0279337 0.0636197 0.0319062 0.0362407 0.0257088 0.0434170 0.0714941 0.0516339 0.0348011 0.0521523 0.0325156 0.0413781 0.0356986 0.0259841 0.0289331 0.0259848 0.0443390 0.0309718 0.0688036 0.0482602 0.0353341 0.0283187 0.0480976 0.0650223 0.0429590 0.0448163 0.0252888 0.0316537 0.0317781 0.0329681 0.0316098 0.0316127 0.0438523 0.0458045 0.0464380 0.0650007 0.0346818 0.0466693 0.0516445 0.0473327 0.0324238 0.0920355 0.0305503 0.0376788 0.0360746 0.0503112 0.0466442 0.0702774 0.0260542 0.0189272 0.0262439 0.0309438 0.0602909 0.0321428 0.0566797 0.0525077 0.0477437 0.0456652 0.1296822 0.0465461 0.0577335 0.0551197 0.0406539 0.0357151 0.0473783 
I0186_111_Momotidae_Momotus_lessonii                      0.0419949 0.0000000 0.0531733 0.0546416 0.0625589 0.0542402 0.0694015 0.0471679 0.0489905 0.0489000 0.0794365 0.0461055 0.0623568 0.0545396 0.0511486 0.0599611 0.0503582 0.0334330 0.0608439 0.0432287 0.0582982 0.0440576 0.0631771 0.0418924 0.0432197 0.0421673 0.0503683 0.0454237 0.0733076 0.0677741 0.0697703 0.0449281 0.0589322 0.0579539 0.0623149 0.0642207 0.0503836 0.0675532 0.0602409 0.0774849 0.0592720 0.0879621 0.0615750 0.0566355 0.0979215 0.0848019 0.0908741 0.0638472 0.0732007 0.0416261 0.0604362 0.0496064 0.0638784 0.0576999 0.0435219 0.0569775 0.0568411 0.0608087 0.0515483 0.0513801 0.0462813 0.0589195 0.0624248 0.0461815 0.0456168 0.0909897 0.0590612 0.0632146 0.0601308 0.0437271 0.0496813 0.0793034 0.0670410 0.0520696 0.0680098 0.0747480 0.0601577 0.0481030 0.0459301 0.0577648 0.0713277 0.0392041 0.0430061 0.0445295 0.0590529 0.0419840 0.0573117 0.0579123 0.0424605 0.0375699 0.0649577 0.0898241 0.0563116 0.0568829 0.0500990 0.0416197 0.0654572 0.0465375 0.0645103 0.0724876 0.0398461 0.0671861 0.0463747 0.0426209 0.0457079 0.0542434 0.0465256 0.0664278 0.0548000 0.0460690 0.0442023 0.0500411 0.0612265 0.0871428 0.0480360 0.0622752 0.0859539 0.0451237 0.0414235 0.0665196 0.0618218 0.0446205 0.0624565 0.0671186 0.0743718 0.0578428 0.0429352 0.0450979 0.0426444 0.0616064 0.0552680 0.0558426 0.0721184 0.0437911 0.0732368 0.0467925 0.0500634 0.0408387 0.0549497 0.0816787 0.0640028 0.0506568 0.0661887 0.0462476 0.0557394 0.0492501 0.0423192 0.0433500 0.0417310 0.0569528 0.0452097 0.0794758 0.0608219 0.0501825 0.0436594 0.0599254 0.0770724 0.0558324 0.0580964 0.0406069 0.0452718 0.0449901 0.0467603 0.0451512 0.0449620 0.0584487 0.0586166 0.0592575 0.0769060 0.0486836 0.0580520 0.0628813 0.0595991 0.0465537 0.1000908 0.0442824 0.0507222 0.0505593 0.0642528 0.0596447 0.0813592 0.0413838 0.0429706 0.0424181 0.0439181 0.0738502 0.0442857 0.0674100 0.0645143 0.0602843 0.0591336 0.1397072 0.0591657 0.0699075 0.0676651 0.0543573 0.0499009 0.0615258 
I0187_115_Trogonidae_Trogon_elegans                       0.0413545 0.0531733 0.0000000 0.0539126 0.0628418 0.0176839 0.0711501 0.0460709 0.0488760 0.0592666 0.0825352 0.0465683 0.0612954 0.0533751 0.0552815 0.0584953 0.0490252 0.0328484 0.0596833 0.0414587 0.0582439 0.0434700 0.0618366 0.0410124 0.0424169 0.0410066 0.0495935 0.0441767 0.0742219 0.0661284 0.0693466 0.0424929 0.0587413 0.0582940 0.0599822 0.0614946 0.0493672 0.0645510 0.0602970 0.0760671 0.0586088 0.0856501 0.0602975 0.0565079 0.0965270 0.0838427 0.0899290 0.0618122 0.0709722 0.0500407 0.0593059 0.0467869 0.0614820 0.0575437 0.0428522 0.0558880 0.0565927 0.0592069 0.0505610 0.0490630 0.0468581 0.0586232 0.0596209 0.0441711 0.0452141 0.0891250 0.0580952 0.0613605 0.0587435 0.0416363 0.0490772 0.0794790 0.0656930 0.0512463 0.0697904 0.0749628 0.0594754 0.0472870 0.0437411 0.0568758 0.0749243 0.0374151 0.0422222 0.0435108 0.0570568 0.0513583 0.0592540 0.0595106 0.0405691 0.0363744 0.0622599 0.0878530 0.0568989 0.0559997 0.0493802 0.0399787 0.0635243 0.0492518 0.0637177 0.0766093 0.0386940 0.0655775 0.0451368 0.0417710 0.0435962 0.0532829 0.0493407 0.0678995 0.0541170 0.0468867 0.0432955 0.0479175 0.0603086 0.0836465 0.0471999 0.0605912 0.0837845 0.0445571 0.0400611 0.0656608 0.0613392 0.0432835 0.0609517 0.0656189 0.0738968 0.0570718 0.0413758 0.0449246 0.0421878 0.0609168 0.0534220 0.0537941 0.0722292 0.0418220 0.0726046 0.0453987 0.0501011 0.0397467 0.0552085 0.0837089 0.0623137 0.0490690 0.0651571 0.0457442 0.0555469 0.0473786 0.0409640 0.0425525 0.0395887 0.0561132 0.0444207 0.0807308 0.0593716 0.0477430 0.0423629 0.0578965 0.0775483 0.0551974 0.0576648 0.0397171 0.0442488 0.0446663 0.0468459 0.0452261 0.0440789 0.0572532 0.0584924 0.0597153 0.0756133 0.0483425 0.0580708 0.0629544 0.0583690 0.0459766 0.1016518 0.0441694 0.0498287 0.0488830 0.0638915 0.0584574 0.0796767 0.0406852 0.0424266 0.0417419 0.0422496 0.0741659 0.0452861 0.0667801 0.0627971 0.0587330 0.0592031 0.1413555 0.0582129 0.0666608 0.0661989 0.0535514 0.0496185 0.0606782 
I0188_135_Apodidae_Streptoprocne_zonaris                  0.0400939 0.0546416 0.0539126 0.0000000 0.0590071 0.0553640 0.0658524 0.0424939 0.0464110 0.0582727 0.0754126 0.0422386 0.0603074 0.0527732 0.0534130 0.0569695 0.0460085 0.0324526 0.0592406 0.0384573 0.0568046 0.0407988 0.0602814 0.0398435 0.0384103 0.0374661 0.0471242 0.0395944 0.0688151 0.0649629 0.0693889 0.0420264 0.0564199 0.0565672 0.0482384 0.0496014 0.0464967 0.0655783 0.0599653 0.0752898 0.0567206 0.0837141 0.0583740 0.0544479 0.0989969 0.0848359 0.0890323 0.0623675 0.0719764 0.0473150 0.0541777 0.0473098 0.0610250 0.0551136 0.0407275 0.0550323 0.0545614 0.0586789 0.0479213 0.0443609 0.0430159 0.0567473 0.0240223 0.0433908 0.0391482 0.0871175 0.0560673 0.0625883 0.0569811 0.0392155 0.0422095 0.0780895 0.0655165 0.0461263 0.0641032 0.0710884 0.0585442 0.0445355 0.0432627 0.0543017 0.0702730 0.0353926 0.0399587 0.0412987 0.0550724 0.0492322 0.0588272 0.0570532 0.0374721 0.0365835 0.0495060 0.0867335 0.0522613 0.0536254 0.0452099 0.0372230 0.0636761 0.0501583 0.0622881 0.0725920 0.0371101 0.0662011 0.0415871 0.0401794 0.0408599 0.0499075 0.0489341 0.0620324 0.0511131 0.0462069 0.0396095 0.0464231 0.0575672 0.0825639 0.0439387 0.0571014 0.0821676 0.0409188 0.0362825 0.0648072 0.0567049 0.0404774 0.0609070 0.0652205 0.0702565 0.0550588 0.0390627 0.0419600 0.0381985 0.0588341 0.0214136 0.0528933 0.0672671 0.0396827 0.0738381 0.0427336 0.0397621 0.0364691 0.0543452 0.0779583 0.0579331 0.0425767 0.0615047 0.0421060 0.0513421 0.0455990 0.0373768 0.0396395 0.0370588 0.0524042 0.0412527 0.0756052 0.0590133 0.0455054 0.0396515 0.0594103 0.0737163 0.0538590 0.0560888 0.0365911 0.0417454 0.0413806 0.0437489 0.0443891 0.0429168 0.0512245 0.0535056 0.0552653 0.0744992 0.0447309 0.0544543 0.0621018 0.0574007 0.0425458 0.1010868 0.0405184 0.0480202 0.0441477 0.0603479 0.0572554 0.0795102 0.0389561 0.0403751 0.0387215 0.0427127 0.0695406 0.0444655 0.0667522 0.0625719 0.0586991 0.0552283 0.1345044 0.0572814 0.0674732 0.0653145 0.0487778 0.0485341 0.0589247 
I0189_225_Eurylaimidae_Smithornis_rufolateralis           0.0497056 0.0625589 0.0628418 0.0590071 0.0000000 0.0637511 0.0720627 0.0535487 0.0557609 0.0674757 0.0839017 0.0530107 0.0450423 0.0609932 0.0637398 0.0382160 0.0577638 0.0399354 0.0416061 0.0489218 0.0401333 0.0505867 0.0424509 0.0474825 0.0495826 0.0491265 0.0558706 0.0511544 0.0753571 0.0510793 0.0543799 0.0490501 0.0395310 0.0392141 0.0664175 0.0678191 0.0549757 0.0513177 0.0436280 0.0831430 0.0399673 0.0917014 0.0414987 0.0365252 0.1071539 0.0942139 0.1003411 0.0501531 0.0783729 0.0572490 0.0661873 0.0541938 0.0426210 0.0378345 0.0516069 0.0606306 0.0367620 0.0417812 0.0567567 0.0571725 0.0533874 0.0400506 0.0645814 0.0503385 0.0527108 0.0945375 0.0384648 0.0702202 0.0654661 0.0505374 0.0557159 0.0850610 0.0716532 0.0574097 0.0725921 0.0818587 0.0407365 0.0552356 0.0499273 0.0385167 0.0774557 0.0430783 0.0500260 0.0512255 0.0626526 0.0591519 0.0628667 0.0631059 0.0490882 0.0443580 0.0678341 0.0927975 0.0634967 0.0612279 0.0556329 0.0483680 0.0711186 0.0559856 0.0695228 0.0807535 0.0466791 0.0752992 0.0513015 0.0493050 0.0509864 0.0591485 0.0561059 0.0691733 0.0595697 0.0543268 0.0502681 0.0571436 0.0643008 0.0914557 0.0523726 0.0664324 0.0911685 0.0509927 0.0483318 0.0480216 0.0649057 0.0513704 0.0477273 0.0517107 0.0807708 0.0613248 0.0499527 0.0512690 0.0496594 0.0289388 0.0592197 0.0600500 0.0787000 0.0505872 0.0829459 0.0534728 0.0556083 0.0475788 0.0624074 0.0872743 0.0691657 0.0563511 0.0319835 0.0541048 0.0633571 0.0544692 0.0491734 0.0501334 0.0488170 0.0623047 0.0527222 0.0860751 0.0672340 0.0541355 0.0498936 0.0676204 0.0833785 0.0417480 0.0380718 0.0476431 0.0532300 0.0519103 0.0541568 0.0537512 0.0512322 0.0618283 0.0631242 0.0625325 0.0833883 0.0554296 0.0634303 0.0432944 0.0405001 0.0538173 0.1127433 0.0509927 0.0555845 0.0578083 0.0304705 0.0446731 0.0872816 0.0495283 0.0490429 0.0490388 0.0516248 0.0797401 0.0537344 0.0517672 0.0481574 0.0439735 0.0228467 0.1424137 0.0443289 0.0543608 0.0517660 0.0606608 0.0571807 0.0475625 
I0190_295_Trogonidae_Apaloderma_aequatoriale              0.0416440 0.0542402 0.0176839 0.0553640 0.0637511 0.0000000 0.0705153 0.0468216 0.0491731 0.0599789 0.0806330 0.0472865 0.0613912 0.0544307 0.0555769 0.0593153 0.0493865 0.0339615 0.0602961 0.0427232 0.0587505 0.0442475 0.0628966 0.0418230 0.0433518 0.0423953 0.0505272 0.0448375 0.0730094 0.0664672 0.0691913 0.0430057 0.0596337 0.0586835 0.0618400 0.0634058 0.0497622 0.0657796 0.0606782 0.0771162 0.0584626 0.0859973 0.0607185 0.0569173 0.0981514 0.0854212 0.0906133 0.0634274 0.0706758 0.0505537 0.0606598 0.0483476 0.0619792 0.0575411 0.0428797 0.0556700 0.0570580 0.0599255 0.0508658 0.0505041 0.0469512 0.0594581 0.0608863 0.0458543 0.0459290 0.0895351 0.0583498 0.0630040 0.0599514 0.0420924 0.0502281 0.0793549 0.0671092 0.0524520 0.0684188 0.0758758 0.0600496 0.0478641 0.0449905 0.0571955 0.0731858 0.0393849 0.0422331 0.0444604 0.0565928 0.0518420 0.0597995 0.0606535 0.0413422 0.0377680 0.0640174 0.0897663 0.0571254 0.0557846 0.0502239 0.0401535 0.0656141 0.0500223 0.0648776 0.0759618 0.0400208 0.0673374 0.0463358 0.0422749 0.0443415 0.0542305 0.0500946 0.0686551 0.0559001 0.0466835 0.0442545 0.0494679 0.0598648 0.0852137 0.0471092 0.0619032 0.0855161 0.0458850 0.0412905 0.0652855 0.0615623 0.0438964 0.0617579 0.0661050 0.0747353 0.0565204 0.0427081 0.0454759 0.0424899 0.0613639 0.0542715 0.0540617 0.0727006 0.0423716 0.0734501 0.0464145 0.0502481 0.0400010 0.0568841 0.0825138 0.0634438 0.0494902 0.0653447 0.0463744 0.0561837 0.0487831 0.0413996 0.0435674 0.0396637 0.0569484 0.0455974 0.0812028 0.0598852 0.0486791 0.0430156 0.0588187 0.0778496 0.0559032 0.0581697 0.0404284 0.0451337 0.0459785 0.0472829 0.0459085 0.0454055 0.0585835 0.0588455 0.0601847 0.0765495 0.0488495 0.0592781 0.0638180 0.0592503 0.0459422 0.1028470 0.0450324 0.0505041 0.0506363 0.0645498 0.0592968 0.0807982 0.0418324 0.0426073 0.0415211 0.0436278 0.0747831 0.0457462 0.0672213 0.0638118 0.0590624 0.0593540 0.1400897 0.0588250 0.0684465 0.0663094 0.0552642 0.0505173 0.0607223 
I0191_344_Indicatoridae_Indicator_exilis                  0.0578313 0.0694015 0.0711501 0.0658524 0.0720627 0.0705153 0.0000000 0.0630068 0.0654284 0.0716018 0.0425450 0.0630247 0.0748340 0.0680002 0.0659708 0.0752524 0.0661398 0.0495456 0.0735684 0.0588802 0.0724678 0.0615710 0.0759686 0.0572957 0.0573879 0.0584767 0.0661292 0.0593521 0.0292684 0.0806553 0.0833467 0.0593126 0.0720051 0.0728380 0.0756062 0.0763893 0.0654136 0.0793596 0.0759394 0.0927180 0.0722306 0.0991754 0.0738530 0.0693868 0.1149246 0.1016893 0.1058632 0.0748978 0.0829952 0.0629341 0.0731367 0.0652083 0.0758070 0.0699206 0.0594365 0.0691313 0.0702633 0.0742983 0.0654378 0.0655745 0.0636188 0.0728362 0.0719734 0.0617792 0.0604440 0.1027813 0.0715053 0.0782178 0.0758130 0.0588586 0.0649514 0.0958805 0.0824142 0.0649470 0.0258722 0.0892339 0.0744320 0.0647796 0.0609720 0.0693716 0.0418796 0.0473072 0.0580612 0.0613143 0.0703273 0.0629809 0.0669439 0.0649025 0.0582419 0.0537282 0.0762205 0.1032390 0.0717082 0.0692923 0.0659584 0.0570302 0.0809973 0.0651104 0.0790371 0.0415648 0.0569657 0.0832899 0.0628256 0.0580615 0.0604883 0.0680268 0.0638444 0.0804093 0.0692237 0.0625497 0.0590630 0.0664998 0.0721234 0.0966349 0.0644661 0.0780354 0.0985304 0.0608297 0.0574289 0.0776802 0.0741739 0.0602956 0.0758817 0.0770589 0.0882407 0.0701313 0.0580953 0.0602366 0.0581905 0.0735270 0.0666736 0.0673727 0.0861308 0.0603798 0.0882784 0.0626267 0.0618300 0.0560574 0.0723963 0.0472080 0.0774761 0.0640925 0.0760120 0.0634104 0.0704127 0.0635000 0.0570856 0.0600496 0.0571374 0.0690451 0.0619209 0.0892448 0.0759141 0.0645878 0.0590635 0.0755072 0.0918487 0.0688764 0.0715353 0.0566086 0.0624006 0.0631210 0.0633692 0.0622926 0.0615408 0.0712700 0.0722113 0.0716101 0.0918237 0.0649360 0.0711408 0.0775029 0.0719815 0.0626333 0.1170678 0.0616434 0.0665103 0.0636724 0.0758052 0.0706361 0.0955711 0.0576074 0.0573282 0.0575945 0.0607425 0.0882523 0.0627462 0.0802686 0.0770691 0.0730652 0.0714604 0.1476090 0.0703954 0.0793152 0.0795722 0.0680740 0.0637816 0.0735917 
I0192_375_Musophagidae_Tauraco_macrorhynchus              0.0328520 0.0471679 0.0460709 0.0424939 0.0535487 0.0468216 0.0630068 0.0000000 0.0387510 0.0529264 0.0730182 0.0185777 0.0527987 0.0454351 0.0479560 0.0516673 0.0383846 0.0243255 0.0512142 0.0310996 0.0501165 0.0319495 0.0548462 0.0324937 0.0316442 0.0299235 0.0400863 0.0331827 0.0661489 0.0592680 0.0622113 0.0340067 0.0492605 0.0491918 0.0503934 0.0517698 0.0395295 0.0577298 0.0530602 0.0685177 0.0499437 0.0796740 0.0522518 0.0472413 0.0911596 0.0777567 0.0820444 0.0552162 0.0643626 0.0427770 0.0483033 0.0396544 0.0544619 0.0484021 0.0322868 0.0476092 0.0471406 0.0526853 0.0417003 0.0389890 0.0362440 0.0500028 0.0487963 0.0363372 0.0331970 0.0817608 0.0486092 0.0559741 0.0492984 0.0319188 0.0381917 0.0718309 0.0570098 0.0407641 0.0619547 0.0657054 0.0530557 0.0388356 0.0361994 0.0481987 0.0672845 0.0297549 0.0324221 0.0324472 0.0486951 0.0439390 0.0520305 0.0509895 0.0308247 0.0276988 0.0515367 0.0808619 0.0451746 0.0464896 0.0379512 0.0291788 0.0563837 0.0425827 0.0550058 0.0696035 0.0304518 0.0587368 0.0339654 0.0321188 0.0330460 0.0446742 0.0430258 0.0574180 0.0451371 0.0385945 0.0321790 0.0382675 0.0508628 0.0768265 0.0373921 0.0508073 0.0761180 0.0344322 0.0290802 0.0581869 0.0513886 0.0337105 0.0543222 0.0600987 0.0651417 0.0479658 0.0302211 0.0361463 0.0313333 0.0525455 0.0426759 0.0452331 0.0633084 0.0321600 0.0677396 0.0345248 0.0379683 0.0286774 0.0463201 0.0756408 0.0526347 0.0372440 0.0548083 0.0345252 0.0439962 0.0386191 0.0293235 0.0327728 0.0289365 0.0468011 0.0334433 0.0705421 0.0520927 0.0380605 0.0312406 0.0515155 0.0671645 0.0480211 0.0481195 0.0281887 0.0342082 0.0355914 0.0368809 0.0362278 0.0360301 0.0444183 0.0468001 0.0489511 0.0685562 0.0377806 0.0488252 0.0556130 0.0507349 0.0354691 0.0926762 0.0342777 0.0403098 0.0379802 0.0549300 0.0509406 0.0738528 0.0299752 0.0340581 0.0302743 0.0364620 0.0648494 0.0360122 0.0599641 0.0556252 0.0524297 0.0494405 0.1325885 0.0507298 0.0610754 0.0586383 0.0433839 0.0401100 0.0524998 
I0193_447_Columbidae_Treron_calvus                        0.0365948 0.0489905 0.0488760 0.0464110 0.0557609 0.0491731 0.0654284 0.0387510 0.0000000 0.0550674 0.0737810 0.0375900 0.0542861 0.0477407 0.0500040 0.0548494 0.0421493 0.0197719 0.0534818 0.0341614 0.0517866 0.0362376 0.0565787 0.0350368 0.0343991 0.0330794 0.0148734 0.0371234 0.0679346 0.0612038 0.0646837 0.0362711 0.0523764 0.0516163 0.0533196 0.0550800 0.0141756 0.0603420 0.0558707 0.0681699 0.0526183 0.0797501 0.0540445 0.0495987 0.0937107 0.0796783 0.0855536 0.0585312 0.0676557 0.0439345 0.0525171 0.0427409 0.0567307 0.0509929 0.0349886 0.0497397 0.0506344 0.0543322 0.0158318 0.0429629 0.0379785 0.0526013 0.0527143 0.0392687 0.0360600 0.0818370 0.0524895 0.0551754 0.0521237 0.0350048 0.0409970 0.0722454 0.0578723 0.0438750 0.0632112 0.0678465 0.0555608 0.0395921 0.0384507 0.0504020 0.0679413 0.0227975 0.0366311 0.0358407 0.0511230 0.0463143 0.0539706 0.0523768 0.0332867 0.0310571 0.0548464 0.0821373 0.0492352 0.0496464 0.0402105 0.0325148 0.0571933 0.0445174 0.0557695 0.0700202 0.0311228 0.0588760 0.0377905 0.0362207 0.0360314 0.0455976 0.0452866 0.0595542 0.0468668 0.0416088 0.0358543 0.0412204 0.0536594 0.0772679 0.0400825 0.0524138 0.0780843 0.0373534 0.0323316 0.0587944 0.0547961 0.0368295 0.0576297 0.0598629 0.0670206 0.0507275 0.0349225 0.0391093 0.0346828 0.0554497 0.0452216 0.0484964 0.0658853 0.0346778 0.0700284 0.0376470 0.0408010 0.0324684 0.0492735 0.0758847 0.0566590 0.0407423 0.0585245 0.0382318 0.0486363 0.0398838 0.0329704 0.0354594 0.0325066 0.0495864 0.0366572 0.0724894 0.0524100 0.0402640 0.0343927 0.0537507 0.0710795 0.0493547 0.0512036 0.0315441 0.0374588 0.0377512 0.0390929 0.0396256 0.0375320 0.0492328 0.0502609 0.0523101 0.0671162 0.0406952 0.0510656 0.0574893 0.0525383 0.0384449 0.0954236 0.0372284 0.0140283 0.0421005 0.0577434 0.0526427 0.0737179 0.0338600 0.0367629 0.0333233 0.0384173 0.0670405 0.0393510 0.0618038 0.0574172 0.0530653 0.0534976 0.1326696 0.0522789 0.0624740 0.0617597 0.0458594 0.0438777 0.0548798 
I0194_495_Alcedinidae_Alcedo_quadribrachys                0.0482569 0.0489000 0.0592666 0.0582727 0.0674757 0.0599789 0.0716018 0.0529264 0.0550674 0.0000000 0.0817576 0.0515901 0.0669165 0.0611958 0.0533521 0.0649180 0.0558586 0.0409862 0.0638302 0.0476401 0.0633452 0.0502961 0.0669234 0.0484839 0.0492112 0.0483100 0.0553527 0.0510903 0.0752534 0.0722277 0.0731014 0.0488541 0.0636115 0.0622944 0.0659454 0.0672872 0.0555522 0.0710934 0.0641308 0.0817431 0.0638549 0.0907775 0.0653726 0.0617990 0.1025985 0.0896915 0.0943760 0.0680819 0.0762982 0.0475332 0.0646227 0.0542229 0.0669023 0.0620081 0.0500523 0.0616265 0.0615399 0.0645042 0.0565276 0.0571488 0.0525528 0.0628082 0.0632530 0.0520505 0.0511319 0.0927339 0.0636768 0.0665519 0.0649827 0.0499747 0.0543858 0.0823458 0.0711512 0.0578998 0.0708524 0.0815980 0.0637266 0.0539818 0.0517159 0.0619979 0.0741704 0.0413493 0.0488427 0.0508263 0.0617966 0.0387873 0.0609288 0.0620582 0.0488625 0.0453388 0.0678031 0.0920303 0.0616639 0.0607781 0.0563865 0.0476085 0.0709722 0.0522858 0.0692096 0.0763325 0.0470485 0.0708394 0.0528341 0.0491084 0.0516642 0.0587065 0.0501254 0.0697102 0.0604393 0.0525734 0.0503699 0.0550139 0.0646578 0.0885154 0.0542669 0.0670480 0.0900352 0.0514689 0.0472191 0.0700013 0.0661919 0.0510374 0.0667873 0.0695992 0.0806271 0.0619140 0.0493292 0.0512744 0.0487560 0.0666138 0.0588897 0.0594245 0.0783941 0.0493662 0.0783663 0.0520255 0.0551589 0.0469293 0.0620002 0.0833624 0.0683443 0.0554270 0.0705852 0.0533582 0.0614202 0.0546837 0.0478652 0.0496722 0.0474221 0.0616420 0.0519400 0.0832459 0.0631966 0.0563727 0.0501927 0.0630913 0.0841788 0.0613700 0.0625723 0.0476026 0.0520498 0.0516710 0.0524767 0.0523075 0.0513484 0.0625000 0.0631842 0.0634127 0.0808296 0.0539196 0.0623346 0.0683043 0.0631698 0.0525415 0.1036106 0.0511926 0.0555592 0.0581900 0.0696155 0.0629332 0.0851315 0.0479110 0.0487944 0.0493678 0.0506494 0.0804188 0.0522213 0.0711380 0.0679999 0.0640855 0.0641634 0.1452105 0.0626426 0.0717826 0.0703895 0.0598000 0.0557956 0.0662034 
I0195_522_Ramphastidae_Buccanodon_duchaillui              0.0687518 0.0794365 0.0825352 0.0754126 0.0839017 0.0806330 0.0425450 0.0730182 0.0737810 0.0817576 0.0000000 0.0723157 0.0825651 0.0782754 0.0757616 0.0833944 0.0759952 0.0589787 0.0811170 0.0680096 0.0799167 0.0703849 0.0862198 0.0679488 0.0666441 0.0681174 0.0756776 0.0688688 0.0447111 0.0896057 0.0930717 0.0679981 0.0805932 0.0798735 0.0859411 0.0863002 0.0741752 0.0878691 0.0854658 0.1018239 0.0808185 0.1071012 0.0824132 0.0774158 0.1243574 0.1107002 0.1147940 0.0846640 0.0910702 0.0741868 0.0808245 0.0736439 0.0853704 0.0788340 0.0694618 0.0794593 0.0785790 0.0839132 0.0750508 0.0762477 0.0727079 0.0807809 0.0806979 0.0706091 0.0705318 0.1115716 0.0800622 0.0876926 0.0850629 0.0690353 0.0736691 0.1019396 0.0903094 0.0760146 0.0419984 0.0982778 0.0818782 0.0729250 0.0699522 0.0792114 0.0325134 0.0563453 0.0682117 0.0692566 0.0813116 0.0734812 0.0742601 0.0727494 0.0680293 0.0641691 0.0859549 0.1101320 0.0800421 0.0803286 0.0754762 0.0663527 0.0905675 0.0765707 0.0879821 0.0325744 0.0667220 0.0919493 0.0730044 0.0676583 0.0700281 0.0776733 0.0745307 0.0884384 0.0792920 0.0718950 0.0684838 0.0751556 0.0826602 0.1060740 0.0738638 0.0860616 0.1070284 0.0701291 0.0673787 0.0865185 0.0836527 0.0698274 0.0849997 0.0831343 0.0968343 0.0805976 0.0686195 0.0694853 0.0666268 0.0839219 0.0770297 0.0783379 0.0944492 0.0689618 0.0959557 0.0709866 0.0732659 0.0658966 0.0833690 0.0405647 0.0865926 0.0735669 0.0861810 0.0723436 0.0785155 0.0737353 0.0660479 0.0690706 0.0662847 0.0793897 0.0709899 0.0983413 0.0849850 0.0745277 0.0686108 0.0862242 0.0995769 0.0786937 0.0799957 0.0662361 0.0719597 0.0719104 0.0725259 0.0718475 0.0707658 0.0762727 0.0824194 0.0823379 0.1008933 0.0747407 0.0806202 0.0878234 0.0800221 0.0713661 0.1240730 0.0706127 0.0757774 0.0737405 0.0849233 0.0797609 0.1040120 0.0669054 0.0674362 0.0685092 0.0713422 0.0986756 0.0718062 0.0894785 0.0866960 0.0818898 0.0800171 0.1516213 0.0793745 0.0889961 0.0884414 0.0764562 0.0741041 0.0839431 
I0196_523_Musophagidae_Corythaeola_cristata               0.0326157 0.0461055 0.0465683 0.0422386 0.0530107 0.0472865 0.0630247 0.0185777 0.0375900 0.0515901 0.0723157 0.0000000 0.0528262 0.0452918 0.0471527 0.0516289 0.0380837 0.0236219 0.0502520 0.0304747 0.0486755 0.0312626 0.0538563 0.0318630 0.0305126 0.0291079 0.0391303 0.0328349 0.0650891 0.0576741 0.0604935 0.0333283 0.0481086 0.0487924 0.0493227 0.0510251 0.0387409 0.0563276 0.0524922 0.0676623 0.0486757 0.0783957 0.0508339 0.0463369 0.0897129 0.0766400 0.0815955 0.0547596 0.0644551 0.0422725 0.0479612 0.0388778 0.0539386 0.0472832 0.0315149 0.0466433 0.0464677 0.0518892 0.0406915 0.0390626 0.0351441 0.0486475 0.0494366 0.0352598 0.0326849 0.0805667 0.0481518 0.0551566 0.0491539 0.0305818 0.0379527 0.0711897 0.0568861 0.0400587 0.0618627 0.0635315 0.0516427 0.0370483 0.0352039 0.0474578 0.0669972 0.0293941 0.0327526 0.0321925 0.0483505 0.0430446 0.0515563 0.0510345 0.0300919 0.0274208 0.0509056 0.0806782 0.0447836 0.0462277 0.0369743 0.0283370 0.0554928 0.0423451 0.0550057 0.0690265 0.0289259 0.0585224 0.0341122 0.0316628 0.0314782 0.0421985 0.0422049 0.0560049 0.0433808 0.0387707 0.0319561 0.0376092 0.0507128 0.0763785 0.0363495 0.0509646 0.0752734 0.0334246 0.0281422 0.0583292 0.0506439 0.0326832 0.0539652 0.0585238 0.0630537 0.0477797 0.0296910 0.0349771 0.0298134 0.0519286 0.0418675 0.0460270 0.0607731 0.0309078 0.0677312 0.0345889 0.0373129 0.0278222 0.0466427 0.0759053 0.0520099 0.0370787 0.0549520 0.0341254 0.0442565 0.0376724 0.0283312 0.0314993 0.0276582 0.0460347 0.0333270 0.0710417 0.0504801 0.0375137 0.0305271 0.0500529 0.0658631 0.0460761 0.0474239 0.0274255 0.0340429 0.0340183 0.0351796 0.0355767 0.0353039 0.0444401 0.0462849 0.0488895 0.0676227 0.0370686 0.0481269 0.0550289 0.0492189 0.0347048 0.0915537 0.0334029 0.0384009 0.0372623 0.0543270 0.0501312 0.0727935 0.0289349 0.0328239 0.0297955 0.0362695 0.0636857 0.0355189 0.0581764 0.0550593 0.0519151 0.0486325 0.1326768 0.0500502 0.0590676 0.0580095 0.0418892 0.0403919 0.0512689 
I0197_832_Corvidae_Corvus_albus                           0.0493323 0.0623568 0.0612954 0.0603074 0.0450423 0.0613912 0.0748340 0.0527987 0.0542861 0.0669165 0.0825651 0.0528262 0.0000000 0.0604349 0.0619603 0.0434790 0.0569848 0.0400519 0.0438553 0.0494686 0.0418898 0.0502861 0.0463653 0.0487682 0.0500192 0.0482191 0.0557821 0.0507523 0.0757576 0.0280604 0.0304593 0.0493760 0.0422654 0.0417918 0.0659257 0.0678569 0.0554807 0.0285802 0.0458974 0.0815584 0.0422723 0.0910426 0.0439689 0.0398288 0.1055290 0.0923465 0.0977328 0.0265666 0.0766251 0.0578415 0.0655791 0.0540261 0.0469375 0.0407171 0.0492454 0.0591507 0.0395395 0.0448648 0.0571472 0.0580839 0.0529597 0.0426153 0.0648038 0.0508016 0.0515372 0.0939182 0.0412446 0.0686318 0.0668487 0.0496078 0.0568215 0.0848186 0.0711555 0.0575188 0.0719203 0.0828892 0.0448343 0.0551741 0.0505788 0.0412054 0.0758653 0.0430844 0.0500410 0.0499626 0.0616747 0.0587971 0.0654313 0.0656678 0.0491678 0.0447889 0.0678110 0.0948775 0.0617652 0.0603360 0.0564222 0.0480399 0.0721011 0.0585744 0.0697120 0.0784739 0.0470540 0.0734209 0.0525967 0.0489276 0.0504239 0.0590608 0.0568188 0.0705122 0.0597948 0.0530483 0.0492126 0.0555365 0.0632885 0.0900182 0.0542893 0.0679612 0.0906876 0.0515580 0.0474759 0.0504578 0.0664070 0.0502893 0.0329689 0.0328814 0.0818829 0.0617611 0.0500859 0.0514361 0.0486705 0.0443056 0.0585758 0.0598602 0.0791280 0.0499825 0.0807331 0.0527720 0.0544982 0.0474903 0.0632661 0.0845732 0.0682564 0.0565114 0.0484466 0.0530863 0.0617786 0.0544803 0.0486409 0.0507383 0.0475369 0.0615481 0.0524412 0.0831977 0.0673128 0.0556633 0.0489462 0.0666119 0.0842385 0.0287454 0.0413757 0.0474716 0.0517886 0.0525035 0.0533392 0.0523637 0.0515574 0.0611386 0.0632686 0.0642171 0.0809682 0.0550963 0.0638564 0.0478060 0.0433342 0.0535980 0.1108794 0.0515976 0.0563509 0.0554494 0.0465365 0.0296555 0.0859340 0.0491247 0.0492542 0.0490936 0.0522696 0.0811384 0.0526662 0.0293652 0.0257874 0.0130691 0.0423468 0.1469804 0.0289246 0.0305969 0.0291235 0.0596122 0.0566931 0.0487961 
I0198_937_Bucerotidae_Tockus_camurus                      0.0413381 0.0545396 0.0533751 0.0527732 0.0609932 0.0544307 0.0680002 0.0454351 0.0477407 0.0611958 0.0782754 0.0452918 0.0604349 0.0000000 0.0557937 0.0608029 0.0483229 0.0327778 0.0595334 0.0413224 0.0581497 0.0432353 0.0636326 0.0414080 0.0411969 0.0396529 0.0501245 0.0430311 0.0723861 0.0668416 0.0699451 0.0417752 0.0580112 0.0574198 0.0609926 0.0615965 0.0489725 0.0663301 0.0631225 0.0776327 0.0584855 0.0877189 0.0594387 0.0552427 0.1014150 0.0861539 0.0924976 0.0632541 0.0675643 0.0488637 0.0590517 0.0475989 0.0639355 0.0572688 0.0417216 0.0554211 0.0550619 0.0609196 0.0496686 0.0497217 0.0460229 0.0579389 0.0592975 0.0439749 0.0434010 0.0915287 0.0573996 0.0654436 0.0595198 0.0423623 0.0485065 0.0810935 0.0674297 0.0508057 0.0680342 0.0736777 0.0613968 0.0479738 0.0438119 0.0563482 0.0726237 0.0372156 0.0421468 0.0430397 0.0569160 0.0515279 0.0571126 0.0574582 0.0402114 0.0367730 0.0619421 0.0902529 0.0552889 0.0550116 0.0475105 0.0399098 0.0657735 0.0506925 0.0652575 0.0746101 0.0399462 0.0692404 0.0449292 0.0406869 0.0429366 0.0536683 0.0506118 0.0675822 0.0541069 0.0463642 0.0421721 0.0488197 0.0599575 0.0860789 0.0467372 0.0608856 0.0863196 0.0430362 0.0392308 0.0664822 0.0617811 0.0440821 0.0637558 0.0662616 0.0723212 0.0571112 0.0415452 0.0438890 0.0408632 0.0594305 0.0523557 0.0549934 0.0714252 0.0416485 0.0727446 0.0451290 0.0488585 0.0385962 0.0564716 0.0811004 0.0634687 0.0480718 0.0639499 0.0450404 0.0542805 0.0469522 0.0395854 0.0416045 0.0396926 0.0566682 0.0440544 0.0813646 0.0614923 0.0467434 0.0411398 0.0595931 0.0756997 0.0556822 0.0564777 0.0384595 0.0453144 0.0449652 0.0461825 0.0445283 0.0447211 0.0561883 0.0585159 0.0592558 0.0772372 0.0474931 0.0586338 0.0639325 0.0594441 0.0456422 0.1032327 0.0431484 0.0489900 0.0490388 0.0617469 0.0595749 0.0823549 0.0407234 0.0421950 0.0413468 0.0444807 0.0721832 0.0442969 0.0678931 0.0639383 0.0587665 0.0569919 0.1388869 0.0595169 0.0691631 0.0664566 0.0521909 0.0221856 0.0614872 
I0199_955_Meropidae_Merops_muelleri                       0.0444876 0.0511486 0.0552815 0.0534130 0.0637398 0.0555769 0.0659708 0.0479560 0.0500040 0.0533521 0.0757616 0.0471527 0.0619603 0.0557937 0.0000000 0.0611209 0.0508108 0.0357786 0.0614689 0.0444314 0.0598016 0.0458914 0.0639020 0.0432248 0.0443432 0.0443421 0.0523784 0.0465525 0.0691664 0.0680893 0.0706651 0.0456967 0.0599806 0.0602067 0.0620315 0.0637543 0.0507502 0.0678308 0.0618809 0.0762237 0.0607131 0.0857023 0.0624875 0.0583918 0.0979284 0.0863220 0.0911804 0.0633687 0.0702071 0.0463659 0.0613797 0.0505097 0.0649019 0.0591419 0.0447086 0.0576060 0.0589997 0.0602157 0.0516422 0.0536220 0.0479704 0.0602688 0.0603152 0.0475974 0.0464450 0.0889618 0.0599948 0.0627763 0.0598278 0.0451791 0.0510318 0.0778077 0.0657833 0.0535263 0.0648380 0.0750167 0.0623258 0.0499364 0.0469710 0.0586653 0.0679810 0.0377905 0.0446303 0.0458883 0.0583339 0.0480144 0.0573453 0.0566167 0.0442393 0.0403139 0.0643622 0.0878717 0.0575898 0.0572864 0.0509653 0.0430842 0.0647034 0.0461041 0.0631440 0.0699272 0.0417248 0.0672370 0.0477992 0.0451534 0.0461069 0.0536883 0.0450074 0.0680487 0.0548065 0.0478199 0.0458443 0.0511564 0.0621590 0.0842618 0.0496460 0.0608995 0.0836292 0.0455218 0.0427533 0.0656492 0.0620339 0.0464543 0.0638555 0.0653011 0.0738519 0.0586125 0.0447684 0.0466201 0.0441172 0.0619189 0.0541247 0.0565363 0.0717731 0.0438063 0.0725184 0.0483942 0.0500789 0.0418543 0.0570199 0.0750754 0.0638606 0.0520133 0.0661875 0.0478226 0.0562465 0.0492632 0.0425824 0.0447154 0.0423098 0.0571171 0.0473398 0.0797150 0.0587116 0.0507723 0.0440969 0.0592875 0.0774252 0.0558960 0.0601756 0.0419926 0.0469349 0.0478131 0.0479237 0.0467073 0.0474594 0.0588389 0.0596386 0.0590487 0.0759770 0.0492345 0.0590059 0.0631662 0.0603857 0.0481230 0.1011977 0.0454919 0.0513918 0.0525443 0.0646560 0.0587582 0.0799043 0.0439170 0.0457910 0.0436664 0.0466072 0.0750173 0.0467657 0.0668650 0.0650091 0.0604590 0.0606825 0.1398171 0.0583397 0.0668357 0.0671160 0.0536510 0.0514496 0.0626232 
I0200_988_Furnariidae_Furnarius_rufus                     0.0485696 0.0599611 0.0584953 0.0569695 0.0382160 0.0593153 0.0752524 0.0516673 0.0548494 0.0649180 0.0833944 0.0516289 0.0434790 0.0608029 0.0611209 0.0000000 0.0559142 0.0383356 0.0348059 0.0468730 0.0334695 0.0498862 0.0307674 0.0476091 0.0479633 0.0475286 0.0547540 0.0503502 0.0775869 0.0463644 0.0506471 0.0478658 0.0336943 0.0339948 0.0648922 0.0668898 0.0544376 0.0495831 0.0203716 0.0806586 0.0342968 0.0898089 0.0364823 0.0314949 0.1003782 0.0909241 0.0954654 0.0456990 0.0765359 0.0558500 0.0637918 0.0532991 0.0315059 0.0322757 0.0499394 0.0606649 0.0315563 0.0173699 0.0560213 0.0561052 0.0497614 0.0342311 0.0630390 0.0496958 0.0513412 0.0922901 0.0328030 0.0675388 0.0642443 0.0486927 0.0557655 0.0795314 0.0696122 0.0562687 0.0739864 0.0815697 0.0292104 0.0553408 0.0494958 0.0333906 0.0772206 0.0425230 0.0486424 0.0495080 0.0618145 0.0595004 0.0654951 0.0644981 0.0481740 0.0425458 0.0666687 0.0884208 0.0618920 0.0602702 0.0547309 0.0480315 0.0695718 0.0543579 0.0666748 0.0795116 0.0451938 0.0711551 0.0501950 0.0481383 0.0505578 0.0575485 0.0547803 0.0668982 0.0566177 0.0535742 0.0507412 0.0552564 0.0640259 0.0883753 0.0504483 0.0651048 0.0889653 0.0502178 0.0468652 0.0353967 0.0621284 0.0495464 0.0439628 0.0498837 0.0803272 0.0610661 0.0494149 0.0513653 0.0478577 0.0387542 0.0574905 0.0588999 0.0771736 0.0488963 0.0789636 0.0520866 0.0532102 0.0471709 0.0603837 0.0876448 0.0682169 0.0545937 0.0425367 0.0519200 0.0614466 0.0540501 0.0483037 0.0495302 0.0473534 0.0597442 0.0519023 0.0845888 0.0643663 0.0540853 0.0490666 0.0637984 0.0826666 0.0393913 0.0331260 0.0474085 0.0514832 0.0505866 0.0519480 0.0515680 0.0507294 0.0601829 0.0622566 0.0593283 0.0808867 0.0543152 0.0613194 0.0264744 0.0347909 0.0510114 0.1056580 0.0506470 0.0550742 0.0567730 0.0404611 0.0417857 0.0838340 0.0475508 0.0491196 0.0479475 0.0509645 0.0793642 0.0518730 0.0487117 0.0458213 0.0415205 0.0361684 0.1442178 0.0413811 0.0497438 0.0491662 0.0590655 0.0558818 0.0451652 
I0201_999_Scolopacidae_Tringa_solitaria                   0.0356036 0.0503582 0.0490252 0.0460085 0.0577638 0.0493865 0.0661398 0.0383846 0.0421493 0.0558586 0.0759952 0.0380837 0.0569848 0.0483229 0.0508108 0.0559142 0.0000000 0.0273781 0.0559295 0.0344220 0.0544514 0.0281621 0.0587738 0.0351390 0.0297541 0.0326666 0.0427854 0.0304912 0.0691912 0.0627709 0.0661792 0.0373493 0.0535817 0.0539129 0.0529103 0.0548788 0.0417128 0.0622264 0.0577002 0.0693612 0.0542952 0.0801981 0.0566653 0.0509899 0.0932909 0.0798790 0.0852650 0.0586886 0.0676240 0.0450141 0.0530966 0.0410677 0.0586223 0.0521318 0.0349173 0.0506225 0.0508923 0.0568267 0.0439063 0.0416937 0.0394051 0.0542373 0.0520331 0.0381969 0.0361090 0.0832788 0.0524137 0.0585317 0.0537353 0.0346014 0.0401837 0.0744890 0.0609151 0.0436009 0.0640827 0.0665353 0.0568182 0.0405694 0.0382925 0.0522654 0.0700712 0.0321533 0.0358003 0.0292205 0.0521882 0.0481539 0.0547011 0.0535270 0.0336008 0.0312976 0.0550330 0.0825488 0.0321775 0.0494627 0.0407542 0.0321873 0.0588274 0.0465696 0.0587222 0.0720092 0.0326163 0.0630806 0.0330156 0.0365333 0.0364764 0.0463576 0.0460796 0.0605066 0.0469742 0.0419982 0.0305895 0.0405026 0.0549920 0.0777485 0.0397339 0.0555912 0.0782498 0.0363417 0.0318887 0.0618748 0.0548998 0.0361114 0.0589668 0.0622376 0.0651370 0.0520132 0.0342188 0.0389553 0.0339800 0.0563108 0.0454037 0.0489146 0.0657044 0.0351310 0.0704554 0.0304372 0.0401655 0.0318689 0.0496333 0.0791861 0.0574835 0.0395649 0.0596361 0.0312513 0.0310408 0.0416559 0.0323688 0.0350155 0.0320999 0.0498843 0.0298134 0.0660946 0.0554983 0.0418351 0.0348080 0.0536924 0.0697163 0.0501228 0.0527413 0.0319400 0.0369111 0.0375884 0.0395367 0.0389908 0.0381768 0.0491171 0.0516403 0.0531838 0.0693909 0.0150131 0.0523416 0.0596146 0.0551273 0.0162371 0.0967809 0.0366876 0.0427521 0.0415565 0.0596556 0.0545125 0.0736954 0.0335797 0.0371662 0.0341884 0.0384018 0.0659310 0.0390361 0.0637877 0.0591776 0.0547233 0.0540642 0.1364152 0.0544288 0.0637487 0.0619877 0.0298069 0.0431729 0.0548352 
I0202_1066_Cathartidae_Cathartes_burrovianus              0.0193168 0.0334330 0.0328484 0.0324526 0.0399354 0.0339615 0.0495456 0.0243255 0.0197719 0.0409862 0.0589787 0.0236219 0.0400519 0.0327778 0.0357786 0.0383356 0.0273781 0.0000000 0.0383746 0.0187331 0.0363600 0.0208091 0.0414951 0.0193098 0.0196967 0.0179139 0.0239803 0.0216696 0.0528734 0.0465172 0.0492795 0.0207496 0.0360087 0.0359662 0.0387179 0.0403625 0.0228404 0.0458598 0.0400125 0.0544155 0.0364310 0.0658453 0.0383683 0.0339434 0.0782636 0.0645249 0.0700295 0.0432974 0.0520911 0.0290939 0.0373689 0.0268204 0.0414599 0.0351531 0.0197867 0.0334997 0.0344507 0.0388398 0.0246531 0.0287031 0.0242203 0.0370959 0.0386521 0.0231215 0.0222391 0.0679775 0.0364586 0.0434823 0.0369816 0.0195296 0.0269777 0.0591839 0.0450768 0.0303410 0.0488900 0.0520779 0.0403206 0.0258062 0.0230380 0.0352079 0.0539764 0.0178787 0.0196043 0.0210706 0.0352429 0.0311100 0.0385646 0.0376671 0.0181930 0.0041958 0.0401010 0.0672329 0.0347122 0.0337528 0.0264966 0.0169437 0.0431028 0.0295415 0.0426415 0.0549624 0.0166447 0.0474555 0.0221188 0.0194563 0.0207506 0.0324030 0.0301791 0.0460464 0.0332568 0.0257577 0.0206549 0.0266099 0.0380303 0.0642355 0.0249865 0.0387751 0.0633228 0.0220494 0.0169160 0.0449585 0.0404967 0.0218540 0.0420804 0.0469962 0.0509262 0.0346485 0.0184103 0.0225643 0.0187600 0.0393139 0.0316187 0.0322117 0.0490078 0.0195816 0.0563648 0.0229375 0.0274821 0.0164751 0.0345402 0.0613489 0.0418632 0.0266363 0.0432699 0.0231334 0.0333866 0.0260141 0.0176015 0.0207132 0.0167350 0.0352793 0.0222115 0.0580195 0.0399901 0.0263910 0.0190857 0.0395780 0.0546153 0.0341392 0.0354855 0.0161965 0.0220018 0.0228440 0.0244583 0.0228641 0.0229185 0.0345519 0.0363092 0.0375002 0.0548431 0.0260269 0.0374455 0.0419747 0.0373321 0.0234646 0.0814691 0.0221311 0.0233980 0.0267595 0.0416801 0.0367619 0.0596719 0.0173138 0.0203233 0.0186524 0.0226162 0.0511401 0.0229845 0.0475160 0.0435327 0.0386032 0.0370306 0.1180425 0.0367116 0.0475692 0.0466425 0.0317736 0.0274590 0.0393534 
I0203_1087_Tyrannidae_Hymenops_perspicillatus             0.0483643 0.0608439 0.0596833 0.0592406 0.0416061 0.0602961 0.0735684 0.0512142 0.0534818 0.0638302 0.0811170 0.0502520 0.0438553 0.0595334 0.0614689 0.0348059 0.0559295 0.0383746 0.0000000 0.0480458 0.0111748 0.0487345 0.0368245 0.0475497 0.0479333 0.0469910 0.0542155 0.0500387 0.0745598 0.0490649 0.0497996 0.0480109 0.0215236 0.0206787 0.0660132 0.0677957 0.0535019 0.0497897 0.0357960 0.0827613 0.0194112 0.0911117 0.0202759 0.0189152 0.1065131 0.0920140 0.0961933 0.0464101 0.0777225 0.0556943 0.0654874 0.0543552 0.0374756 0.0196832 0.0483765 0.0592285 0.0195788 0.0354905 0.0553552 0.0564504 0.0532293 0.0101097 0.0643220 0.0509029 0.0507874 0.0937213 0.0191866 0.0683436 0.0657739 0.0487870 0.0546087 0.0842794 0.0710421 0.0563888 0.0713114 0.0821084 0.0351595 0.0552144 0.0501541 0.0195737 0.0768748 0.0432605 0.0487261 0.0489328 0.0612568 0.0583131 0.0666604 0.0647126 0.0477291 0.0430286 0.0681582 0.0956804 0.0614655 0.0595386 0.0536648 0.0473621 0.0715951 0.0572842 0.0698828 0.0782230 0.0452118 0.0727791 0.0516188 0.0484110 0.0496755 0.0578125 0.0558225 0.0721122 0.0589747 0.0527042 0.0493022 0.0550274 0.0637880 0.0898691 0.0542702 0.0677374 0.0900884 0.0515963 0.0460252 0.0410908 0.0660645 0.0493598 0.0437309 0.0495374 0.0811189 0.0608402 0.0486627 0.0512961 0.0475886 0.0393371 0.0585166 0.0584844 0.0789496 0.0488857 0.0788815 0.0520401 0.0528232 0.0457955 0.0603075 0.0854654 0.0674152 0.0556398 0.0426454 0.0506733 0.0615217 0.0539894 0.0472702 0.0498127 0.0461197 0.0612984 0.0515836 0.0842783 0.0648621 0.0546590 0.0480501 0.0649203 0.0844335 0.0383959 0.0203616 0.0467366 0.0513238 0.0521147 0.0514921 0.0513457 0.0510008 0.0608247 0.0634012 0.0642650 0.0814684 0.0542177 0.0609364 0.0377848 0.0122030 0.0525535 0.1088361 0.0512502 0.0541729 0.0573083 0.0424156 0.0418364 0.0863821 0.0480708 0.0490872 0.0475497 0.0500451 0.0808348 0.0512900 0.0478842 0.0460165 0.0424610 0.0372293 0.1476367 0.0411688 0.0508617 0.0480151 0.0590003 0.0551786 0.0476194 
