35
Burramyidae_Burramys_parvus                  0.0000000 0.0570588 0.0444286 0.0391255 0.0399735 0.0946150 0.0264651 0.0304701 0.0383516 0.1110416 0.0333797 0.0947910 0.0789184 0.0321367 0.0452316 0.0948559 0.0911327 0.0624764 0.0878616 0.0442005 0.0514050 0.0779904 0.0810387 0.0769920 0.0514435 0.0595039 0.0467037 0.0450185 0.0512334 0.0756264 0.0469482 0.0328139 0.0839375 0.0842166 0.0899700 
Notoryctidae_Notoryctes_typhlops             0.0570588 0.0000000 0.0713723 0.0710399 0.0704679 0.1199707 0.0620801 0.0637783 0.0690791 0.1406328 0.0623965 0.1186541 0.1009824 0.0658535 0.0831832 0.1214898 0.1244001 0.0914788 0.1114468 0.0746433 0.0769019 0.1098253 0.1068243 0.1064853 0.0811988 0.0792829 0.0770853 0.0738427 0.0879507 0.1116809 0.0806464 0.0668137 0.1101675 0.1142428 0.1140104 
Vombatidae_Lasiorhinus_latifrons             0.0444286 0.0713723 0.0000000 0.0507509 0.0527128 0.1010327 0.0410919 0.0410922 0.0536718 0.1205006 0.0437264 0.0948398 0.0729073 0.0441746 0.0516298 0.0952067 0.0959448 0.0681867 0.0937277 0.0534018 0.0576753 0.0878143 0.0788353 0.0852581 0.0617126 0.0620025 0.0481655 0.0544465 0.0584928 0.0907096 0.0633905 0.0445409 0.0934987 0.0879254 0.0974005 
Potoroidae_Bettongia_penicillata             0.0391255 0.0710399 0.0507509 0.0000000 0.0021217 0.0958413 0.0387351 0.0398985 0.0061144 0.1256036 0.0419450 0.1031677 0.0825523 0.0409550 0.0532834 0.1041680 0.0966390 0.0735156 0.1052768 0.0143363 0.0529262 0.0944545 0.0939484 0.0942381 0.0290147 0.0590865 0.0537172 0.0185655 0.0573541 0.0802551 0.0573499 0.0421342 0.1007918 0.0902088 0.1073221 
Potoroidae_Bettongia_lesueur                 0.0399735 0.0704679 0.0527128 0.0021217 0.0000000 0.0939588 0.0383379 0.0386763 0.0044262 0.1282273 0.0410801 0.1011680 0.0807127 0.0397237 0.0537756 0.1021187 0.0947427 0.0721444 0.1069064 0.0137608 0.0529410 0.0909553 0.0917466 0.0916607 0.0276145 0.0574666 0.0508597 0.0182537 0.0544097 0.0802875 0.0553891 0.0408865 0.1008391 0.0897119 0.1100954 
Dasyuridae_Dasyurus_maculatus                0.0946150 0.1199707 0.1010327 0.0958413 0.0939588 0.0000000 0.0961146 0.0964834 0.0964621 0.1538579 0.1013647 0.0230608 0.0315169 0.1017440 0.1114161 0.0234808 0.0113429 0.0267817 0.1292485 0.0989028 0.1147577 0.1274084 0.1155656 0.0176672 0.1050548 0.0994106 0.1032375 0.1002183 0.1123676 0.1649005 0.1042284 0.0990439 0.1262251 0.0063494 0.1269353 
Phalangeridae_Trichosurus_vulpecula          0.0264651 0.0620801 0.0410919 0.0387351 0.0383379 0.0961146 0.0000000 0.0118631 0.0377653 0.1114085 0.0149742 0.0931632 0.0752973 0.0135006 0.0445257 0.0917714 0.0981008 0.0626869 0.0894456 0.0394674 0.0476167 0.0807643 0.0772483 0.0741213 0.0443556 0.0517833 0.0435482 0.0416662 0.0505917 0.0713300 0.0496796 0.0143378 0.0853184 0.0868749 0.0932602 
Phalangeridae_Spilocuscus_maculatus          0.0304701 0.0637783 0.0410922 0.0398985 0.0386763 0.0964834 0.0118631 0.0000000 0.0393614 0.1215401 0.0094260 0.0943178 0.0772014 0.0088215 0.0465952 0.0943496 0.0981158 0.0696500 0.0962328 0.0411458 0.0478356 0.0869856 0.0832781 0.0769646 0.0482718 0.0540455 0.0442145 0.0448848 0.0496907 0.0799532 0.0483876 0.0093338 0.0899152 0.0877272 0.1015176 
Potoroidae_Aepyprymnus_rufescens             0.0383516 0.0690791 0.0536718 0.0061144 0.0044262 0.0964621 0.0377653 0.0393614 0.0000000 0.1309430 0.0410759 0.1013470 0.0807796 0.0404169 0.0529520 0.1028701 0.0970981 0.0699503 0.1062133 0.0139149 0.0510091 0.0886058 0.0875695 0.0916055 0.0278103 0.0562059 0.0496380 0.0183168 0.0553844 0.0794375 0.0558691 0.0415914 0.1007784 0.0907266 0.1130397 
Peramelidae_Perameles_nasuta                 0.1110416 0.1406328 0.1205006 0.1256036 0.1282273 0.1538579 0.1114085 0.1215401 0.1309430 0.0000000 0.1256743 0.1550195 0.1311694 0.1233613 0.1367520 0.1558672 0.1573929 0.1500802 0.0262890 0.1238624 0.1264331 0.1548759 0.1543666 0.1486041 0.1325365 0.1225259 0.1163348 0.1222695 0.1322567 0.1536828 0.1398016 0.1226746 0.0271697 0.1452908 0.0014446 
Phalangeridae_Strigocuscus_pelengensis       0.0333797 0.0623965 0.0437264 0.0419450 0.0410801 0.1013647 0.0149742 0.0094260 0.0410759 0.1256743 0.0000000 0.0981829 0.0825596 0.0091614 0.0513218 0.0962251 0.1036673 0.0729280 0.0921862 0.0454623 0.0520956 0.0866313 0.0877120 0.0819562 0.0521393 0.0532475 0.0487364 0.0467950 0.0532216 0.0817177 0.0524488 0.0094257 0.0919919 0.0902245 0.1027365 
Dasyuridae_Phascogale_tapoatafa              0.0947910 0.1186541 0.0948398 0.1031677 0.1011680 0.0230608 0.0931632 0.0943178 0.1013470 0.1550195 0.0981829 0.0000000 0.0266401 0.0969409 0.1095872 0.0028431 0.0220140 0.0199891 0.1270968 0.1029568 0.1105458 0.1218866 0.1022912 0.0061422 0.1069343 0.0926745 0.0964127 0.0971890 0.1072987 0.1555371 0.1033340 0.0962577 0.1209311 0.0156554 0.1249420 
Dasyuridae_Sminthopsis_macroura              0.0789184 0.1009824 0.0729073 0.0825523 0.0807127 0.0315169 0.0752973 0.0772014 0.0807796 0.1311694 0.0825596 0.0266401 0.0000000 0.0834726 0.0879342 0.0277917 0.0319314 0.0105154 0.1060210 0.0801545 0.0945965 0.1095396 0.1067272 0.0279934 0.0897767 0.0870685 0.0809319 0.0781875 0.0931619 0.1146917 0.0897651 0.0809294 0.1075968 0.0305122 0.1043156 
Phalangeridae_Phalanger_orientalis           0.0321367 0.0658535 0.0441746 0.0409550 0.0397237 0.1017440 0.0135006 0.0088215 0.0404169 0.1233613 0.0091614 0.0969409 0.0834726 0.0000000 0.0501530 0.0955867 0.1019254 0.0723351 0.0992360 0.0426294 0.0513722 0.0875199 0.0887293 0.0789857 0.0501843 0.0560531 0.0481002 0.0435671 0.0527829 0.0846895 0.0508071 0.0041296 0.0938221 0.0912776 0.1030699 
Acrobatidae_Acrobates_pygmaeus               0.0452316 0.0831832 0.0516298 0.0532834 0.0537756 0.1114161 0.0445257 0.0465952 0.0529520 0.1367520 0.0513218 0.1095872 0.0879342 0.0501530 0.0000000 0.1098634 0.1091567 0.0776903 0.1075234 0.0530319 0.0506691 0.0922124 0.0863967 0.0924122 0.0612484 0.0638557 0.0456954 0.0594884 0.0479764 0.0698775 0.0284059 0.0514500 0.1014418 0.1000611 0.1161034 
Dasyuridae_Phascogale_calura                 0.0948559 0.1214898 0.0952067 0.1041680 0.1021187 0.0234808 0.0917714 0.0943496 0.1028701 0.1558672 0.0962251 0.0028431 0.0277917 0.0955867 0.1098634 0.0000000 0.0226648 0.0216144 0.1268298 0.1040476 0.1129283 0.1253048 0.1078962 0.0067769 0.1088088 0.0949217 0.0973293 0.0972039 0.1075321 0.1597336 0.1061960 0.0948955 0.1217762 0.0159200 0.1250438 
Dasyuridae_Sarcophilus_harrisii              0.0911327 0.1244001 0.0959448 0.0966390 0.0947427 0.0113429 0.0981008 0.0981158 0.0970981 0.1573929 0.1036673 0.0220140 0.0319314 0.1019254 0.1091567 0.0226648 0.0000000 0.0268276 0.1320911 0.0970560 0.1144109 0.1264653 0.1127803 0.0180361 0.1036406 0.0988994 0.1005552 0.0953755 0.1072618 0.1600159 0.1021531 0.1007074 0.1247228 0.0068447 0.1275363 
Dasyuridae_Planigale_tenuirostris            0.0624764 0.0914788 0.0681867 0.0735156 0.0721444 0.0267817 0.0626869 0.0696500 0.0699503 0.1500802 0.0729280 0.0199891 0.0105154 0.0723351 0.0776903 0.0216144 0.0268276 0.0000000 0.1044393 0.0754728 0.0740788 0.1004927 0.0942379 0.0229216 0.0768184 0.0815812 0.0786500 0.0726794 0.0773811 0.1022881 0.0799792 0.0740535 0.1084317 0.0271958 0.1109046 
Peramelidae_Echymipera_kalubu                0.0878616 0.1114468 0.0937277 0.1052768 0.1069064 0.1292485 0.0894456 0.0962328 0.1062133 0.0262890 0.0921862 0.1270968 0.1060210 0.0992360 0.1075234 0.1268298 0.1320911 0.1044393 0.0000000 0.1014164 0.1056027 0.1291294 0.1290212 0.1062715 0.1140343 0.0967540 0.0914108 0.1002080 0.1097606 0.1310616 0.1122711 0.0970762 0.0112376 0.1150391 0.0140297 
Macropodidae_Dorcopsulus_vanheurni           0.0442005 0.0746433 0.0534018 0.0143363 0.0137608 0.0989028 0.0394674 0.0411458 0.0139149 0.1238624 0.0454623 0.1029568 0.0801545 0.0426294 0.0530319 0.1040476 0.0970560 0.0754728 0.1014164 0.0000000 0.0509451 0.0940304 0.0894860 0.0906300 0.0326441 0.0590946 0.0484225 0.0106516 0.0545391 0.0817925 0.0574638 0.0438292 0.0956467 0.0908877 0.1075154 
Pseudochiridae_Pseudochirulus_forbesi        0.0514050 0.0769019 0.0576753 0.0529262 0.0529410 0.1147577 0.0476167 0.0478356 0.0510091 0.1264331 0.0520956 0.1105458 0.0945965 0.0513722 0.0506691 0.1129283 0.1144109 0.0740788 0.1056027 0.0509451 0.0000000 0.0980146 0.0921907 0.0864172 0.0596949 0.0749067 0.0292859 0.0571820 0.0163222 0.0624108 0.0423293 0.0526973 0.1030463 0.1043812 0.1063348 
Didelphidae_Didelphis_virginiana             0.0779904 0.1098253 0.0878143 0.0944545 0.0909553 0.1274084 0.0807643 0.0869856 0.0886058 0.1548759 0.0866313 0.1218866 0.1095396 0.0875199 0.0922124 0.1253048 0.1264653 0.1004927 0.1291294 0.0940304 0.0980146 0.0000000 0.0259849 0.1021657 0.0964686 0.0979469 0.0958057 0.0977038 0.1064145 0.1371916 0.1003310 0.0850636 0.1259899 0.1136442 0.1327835 
Marmosidae_Monodelphis_domestica             0.0810387 0.1068243 0.0788353 0.0939484 0.0917466 0.1155656 0.0772483 0.0832781 0.0875695 0.1543666 0.0877120 0.1022912 0.1067272 0.0887293 0.0863967 0.1078962 0.1127803 0.0942379 0.1290212 0.0894860 0.0921907 0.0259849 0.0000000 0.1007557 0.0944581 0.0932294 0.0886457 0.0943860 0.1027102 0.1227658 0.0935564 0.0871569 0.1238087 0.1139925 0.1318091 
Dasyuridae_Antechinus_stuartii               0.0769920 0.1064853 0.0852581 0.0942381 0.0916607 0.0176672 0.0741213 0.0769646 0.0916055 0.1486041 0.0819562 0.0061422 0.0279934 0.0789857 0.0924122 0.0067769 0.0180361 0.0229216 0.1062715 0.0906300 0.0864172 0.1021657 0.1007557 0.0000000 0.0947410 0.1005326 0.0859695 0.0813434 0.0830254 0.1266960 0.0893696 0.0790251 0.1054119 0.0176396 0.1110991 
Hypsiprymnodontidae_Hypsiprymnodon_moschatus 0.0514435 0.0811988 0.0617126 0.0290147 0.0276145 0.1050548 0.0443556 0.0482718 0.0278103 0.1325365 0.0521393 0.1069343 0.0897767 0.0501843 0.0612484 0.1088088 0.1036406 0.0768184 0.1140343 0.0326441 0.0596949 0.0964686 0.0944581 0.0947410 0.0000000 0.0675456 0.0587791 0.0344670 0.0628478 0.0945780 0.0639672 0.0533684 0.1083132 0.0933060 0.1129773 
Microbiotheriidae_Dromiciops_gliroides       0.0595039 0.0792829 0.0620025 0.0590865 0.0574666 0.0994106 0.0517833 0.0540455 0.0562059 0.1225259 0.0532475 0.0926745 0.0870685 0.0560531 0.0638557 0.0949217 0.0988994 0.0815812 0.0967540 0.0590946 0.0749067 0.0979469 0.0932294 0.1005326 0.0675456 0.0000000 0.0629904 0.0613531 0.0749655 0.0900768 0.0697617 0.0575276 0.1011661 0.1016893 0.0959483 
Pseudochiridae_Petauroides_volans            0.0467037 0.0770853 0.0481655 0.0537172 0.0508597 0.1032375 0.0435482 0.0442145 0.0496380 0.1163348 0.0487364 0.0964127 0.0809319 0.0481002 0.0456954 0.0973293 0.1005552 0.0786500 0.0914108 0.0484225 0.0292859 0.0958057 0.0886457 0.0859695 0.0587791 0.0629904 0.0000000 0.0565148 0.0302220 0.0714994 0.0490867 0.0489084 0.0891786 0.0922004 0.0961868 
Macropodidae_Wallabia_bicolor                0.0450185 0.0738427 0.0544465 0.0185655 0.0182537 0.1002183 0.0416662 0.0448848 0.0183168 0.1222695 0.0467950 0.0971890 0.0781875 0.0435671 0.0594884 0.0972039 0.0953755 0.0726794 0.1002080 0.0106516 0.0571820 0.0977038 0.0943860 0.0813434 0.0344670 0.0613531 0.0565148 0.0000000 0.0614232 0.0900916 0.0603168 0.0438751 0.0980399 0.0880136 0.1044986 
Pseudochiridae_Pseudocheirus_occidentalis    0.0512334 0.0879507 0.0584928 0.0573541 0.0544097 0.1123676 0.0505917 0.0496907 0.0553844 0.1322567 0.0532216 0.1072987 0.0931619 0.0527829 0.0479764 0.1075321 0.1072618 0.0773811 0.1097606 0.0545391 0.0163222 0.1064145 0.1027102 0.0830254 0.0628478 0.0749655 0.0302220 0.0614232 0.0000000 0.0609864 0.0418607 0.0542997 0.1039036 0.1004701 0.1110146 
Tarsipedidae_Tarsipes_rostratus              0.0756264 0.1116809 0.0907096 0.0802551 0.0802875 0.1649005 0.0713300 0.0799532 0.0794375 0.1536828 0.0817177 0.1555371 0.1146917 0.0846895 0.0698775 0.1597336 0.1600159 0.1022881 0.1310616 0.0817925 0.0624108 0.1371916 0.1227658 0.1266960 0.0945780 0.0900768 0.0714994 0.0900916 0.0609864 0.0000000 0.0703079 0.0852357 0.1286136 0.1387789 0.1326671 
Acrobatidae_Distoechurus_pennatus            0.0469482 0.0806464 0.0633905 0.0573499 0.0553891 0.1042284 0.0496796 0.0483876 0.0558691 0.1398016 0.0524488 0.1033340 0.0897651 0.0508071 0.0284059 0.1061960 0.1021531 0.0799792 0.1122711 0.0574638 0.0423293 0.1003310 0.0935564 0.0893696 0.0639672 0.0697617 0.0490867 0.0603168 0.0418607 0.0703079 0.0000000 0.0516257 0.1039566 0.0995758 0.1153298 
Phalangeridae_Phalanger_carmelitae           0.0328139 0.0668137 0.0445409 0.0421342 0.0408865 0.0990439 0.0143378 0.0093338 0.0415914 0.1226746 0.0094257 0.0962577 0.0809294 0.0041296 0.0514500 0.0948955 0.1007074 0.0740535 0.0970762 0.0438292 0.0526973 0.0850636 0.0871569 0.0790251 0.0533684 0.0575276 0.0489084 0.0438751 0.0542997 0.0852357 0.0516257 0.0000000 0.0917923 0.0889596 0.1028040 
Peramelidae_Peroryctes_raffrayana            0.0839375 0.1101675 0.0934987 0.1007918 0.1008391 0.1262251 0.0853184 0.0899152 0.1007784 0.0271697 0.0919919 0.1209311 0.1075968 0.0938221 0.1014418 0.1217762 0.1247228 0.1084317 0.0112376 0.0956467 0.1030463 0.1259899 0.1238087 0.1054119 0.1083132 0.1011661 0.0891786 0.0980399 0.1039036 0.1286136 0.1039566 0.0917923 0.0000000 0.1139893 0.0154933 
Dasyuridae_Dasyurus_geffroii                 0.0842166 0.1142428 0.0879254 0.0902088 0.0897119 0.0063494 0.0868749 0.0877272 0.0907266 0.1452908 0.0902245 0.0156554 0.0305122 0.0912776 0.1000611 0.0159200 0.0068447 0.0271958 0.1150391 0.0908877 0.1043812 0.1136442 0.1139925 0.0176396 0.0933060 0.1016893 0.0922004 0.0880136 0.1004701 0.1387789 0.0995758 0.0889596 0.1139893 0.0000000 0.1108169 
Peramelidae_Perameles_gunnii                 0.0899700 0.1140104 0.0974005 0.1073221 0.1100954 0.1269353 0.0932602 0.1015176 0.1130397 0.0014446 0.1027365 0.1249420 0.1043156 0.1030699 0.1161034 0.1250438 0.1275363 0.1109046 0.0140297 0.1075154 0.1063348 0.1327835 0.1318091 0.1110991 0.1129773 0.0959483 0.0961868 0.1044986 0.1110146 0.1326671 0.1153298 0.1028040 0.0154933 0.1108169 0.0000000 
