61
AF337128_Lampropeltis_alterna    0.0000000 0.0053572 0.2913304 0.2719028 0.2465031 0.2420837 0.2734313 0.2395614 0.2346056 0.2361507 0.1078448 0.1288720 0.1107312 0.1116714 0.2285967 0.1788155 0.1867294 0.2283539 0.2302009 0.3017637 0.2906435 0.2906435 0.2906435 0.2832397 0.2241854 0.2474747 0.2531362 0.2562898 0.2915277 0.2854830 0.2766549 0.2870439 0.2906435 0.2264282 0.2187729 0.2169237 0.2169237 0.2306126 0.2199189 0.2222922 0.2905370 0.2436200 0.3005165 0.2366141 0.2977455 0.2527851 0.2378746 0.2292615 0.2461859 0.2175127 0.2267323 0.2278599 0.2283539 0.2280168 0.1993699 0.2185952 0.1741904 0.2178140 0.2097681 0.2681368 0.2900463 
AF337134_Lampropeltis_triangulum 0.0053572 0.0000000 0.2932082 0.2643174 0.2428734 0.2445360 0.2655364 0.2395262 0.2345578 0.2369522 0.1099309 0.1230715 0.1130027 0.1127935 0.2327933 0.1790129 0.1869649 0.2243127 0.2261475 0.3112308 0.2999277 0.2999277 0.2999277 0.2923981 0.2202045 0.2470300 0.2527249 0.2558930 0.3009933 0.2946983 0.2930644 0.2962166 0.2999277 0.2223942 0.2139128 0.2120838 0.2120838 0.2271034 0.2255830 0.2280455 0.2911381 0.2427505 0.2932278 0.2316763 0.2999515 0.2460129 0.2353420 0.2267723 0.2394522 0.2169371 0.2226987 0.2237844 0.2243127 0.2271274 0.2018293 0.2213527 0.1776892 0.2139466 0.2059781 0.2702581 0.2861571 
AF471040_Lycodon_zawi            0.2913304 0.2932082 0.0000000 0.2986346 0.3028762 0.3236247 0.3562453 0.3420543 0.3295339 0.2604536 0.2912773 0.2931718 0.2799313 0.2739347 0.2825352 0.2155955 0.2094175 0.2248566 0.2266441 0.1585994 0.1449697 0.1449697 0.1449697 0.1558685 0.2192470 0.3001633 0.2900924 0.2845317 0.1518232 0.1529433 0.1453451 0.1502613 0.1449697 0.2253269 0.2688437 0.2668476 0.2668476 0.2320152 0.2266732 0.2379965 0.1938000 0.2124463 0.2150102 0.2082843 0.2411657 0.2445210 0.2500439 0.2376298 0.2473432 0.2341477 0.2232847 0.2220871 0.2287314 0.2936885 0.1906894 0.2470010 0.2199931 0.2426419 0.2330859 0.0102104 0.3386748 
AF471062_Dipsadoboa_unicolor     0.2719028 0.2643174 0.2986346 0.0000000 0.2942975 0.3552153 0.3517017 0.3006986 0.2469699 0.2663926 0.2832560 0.2931342 0.2737427 0.2761956 0.2847059 0.2511954 0.2717872 0.2464461 0.2484325 0.3007091 0.2924814 0.2924814 0.2924814 0.2872837 0.2508221 0.3024414 0.3108219 0.3149354 0.2798547 0.2830028 0.2981575 0.2789064 0.2924814 0.2450574 0.2614089 0.2593571 0.2593571 0.2848649 0.2910961 0.2944012 0.3432935 0.2921107 0.2763417 0.2860678 0.2826530 0.2508857 0.2678958 0.2614628 0.2564614 0.2679000 0.2457901 0.2471764 0.2464461 0.3507668 0.2621649 0.2707968 0.2426317 0.2725178 0.2697353 0.2906895 0.3339438 
AF471065_Dasypeltis_atra         0.2465031 0.2428734 0.3028762 0.2942975 0.0000000 0.3441687 0.3505053 0.2773349 0.2515590 0.2619033 0.2270375 0.2487242 0.2342437 0.2238124 0.3053224 0.2426676 0.2585723 0.2593636 0.2612997 0.3365838 0.3307695 0.3307695 0.3307695 0.3469887 0.2521119 0.2809491 0.2846490 0.2862320 0.3467779 0.3340480 0.3036092 0.3362254 0.3307695 0.2616398 0.2636254 0.2616328 0.2616328 0.2545508 0.2817519 0.2812432 0.3383388 0.2592670 0.3094216 0.2686496 0.3098621 0.2405691 0.2430721 0.2427998 0.2389970 0.2665375 0.2593636 0.2600943 0.2593636 0.2874292 0.2166547 0.2576024 0.2322766 0.2736984 0.2688302 0.2659563 0.3131623 
Ahaetulla_prasina_CDS1130        0.2420837 0.2445360 0.3236247 0.3552153 0.3441687 0.0000000 0.0161490 0.1836874 0.2194450 0.1856180 0.2491185 0.2564672 0.3046766 0.3119650 0.1580692 0.2307912 0.2744032 0.1645122 0.1645122 0.2079521 0.2324534 0.1793440 0.1793440 0.1865059 0.1724341 0.1830556 0.1792267 0.1803582 0.2143235 0.1860989 0.1941417 0.2099748 0.1793440 0.1556544 0.1714233 0.2305201 0.1689890 0.1822448 0.2757199 0.2836609 0.2552170 0.2009399 0.0165177 0.1631817 0.1137768 0.2088569 0.1745904 0.2369023 0.1515488 0.2235914 0.1566023 0.1599405 0.2159105 0.1846986 0.1948830 0.1589960 0.1488626 0.1324809 0.1827555 0.2194701 0.2825097 
Ahaetulla_prasina_RMB3042        0.2734313 0.2655364 0.3562453 0.3517017 0.3505053 0.0161490 0.0000000 0.2259590 0.2496170 0.2314192 0.2587731 0.2727173 0.2853263 0.2843297 0.1219340 0.2685969 0.3067503 0.2142335 0.2115872 0.2633290 0.2956636 0.2539130 0.2539130 0.2427270 0.2008483 0.2616415 0.2686485 0.2725355 0.2604835 0.2531601 0.2020574 0.2575586 0.2539130 0.2043671 0.2167740 0.2564571 0.2150867 0.2160020 0.3274408 0.3368423 0.2869756 0.2618441 0.2862616 0.2177546 0.2787442 0.2378158 0.2051129 0.2431199 0.2043552 0.2798126 0.2044497 0.2073780 0.2457422 0.2621876 0.1841717 0.2192905 0.1316708 0.1816211 0.2149104 0.2290622 0.2811192 
Boiga_cynodon_CDS4400            0.2395614 0.2395262 0.3420543 0.3006986 0.2773349 0.1836874 0.2259590 0.0000000 0.1213301 0.2125997 0.2338219 0.2415919 0.2516927 0.2511529 0.1264518 0.1707047 0.2359336 0.1698781 0.1647481 0.2204450 0.2392496 0.2024576 0.2024576 0.2066752 0.1763068 0.1763655 0.1763919 0.1767354 0.1946451 0.2066440 0.1892524 0.1973114 0.2024576 0.1660179 0.1529177 0.1893353 0.1514139 0.1560314 0.2590377 0.2601494 0.2482974 0.2350935 0.2109731 0.1701145 0.1775301 0.1931538 0.1408800 0.1733369 0.1531656 0.2302673 0.1652037 0.1651086 0.2017739 0.1768044 0.1770484 0.1836169 0.1020940 0.1853493 0.2200420 0.2702053 0.2716625 
Boiga_dendrophila_CDS1575        0.2346056 0.2345578 0.3295339 0.2469699 0.2515590 0.2194450 0.2496170 0.1213301 0.0000000 0.1896818 0.2089387 0.2080384 0.2251053 0.2084367 0.1409909 0.2211926 0.2214235 0.1790091 0.1739871 0.2567978 0.2534545 0.2534545 0.2534545 0.2633420 0.1966153 0.1777942 0.1860753 0.1874856 0.2601166 0.2482982 0.2209350 0.2618575 0.2534545 0.1746156 0.1716409 0.1699956 0.1701177 0.1882628 0.2365151 0.2322921 0.3152865 0.2605393 0.3287641 0.1978218 0.1849270 0.1642289 0.1489718 0.1561889 0.1640533 0.2642232 0.1712255 0.1698772 0.1725932 0.1933582 0.2297513 0.1934164 0.1164395 0.1806261 0.1807724 0.3080345 0.2781894 
Ptyas_luzonensis_RMB4445         0.2361507 0.2369522 0.2604536 0.2663926 0.2619033 0.1856180 0.2314192 0.2125997 0.1896818 0.0000000 0.2213478 0.2337274 0.2115912 0.2039428 0.0954850 0.1941870 0.2439695 0.1507188 0.1465428 0.2152197 0.2064487 0.2064487 0.2064487 0.2168743 0.1448034 0.2077697 0.2041300 0.2047738 0.2144403 0.2052595 0.1665882 0.2126921 0.2064487 0.1434040 0.1455107 0.1439817 0.1440922 0.1825528 0.2314129 0.2263745 0.2544483 0.2544377 0.3527823 0.1788503 0.1851547 0.1602371 0.1614169 0.1599359 0.1560424 0.2763582 0.1431719 0.1434373 0.1431719 0.2255616 0.1439571 0.1931451 0.0926051 0.1828203 0.1786693 0.2405562 0.2492380 
FJ627818_Pituophis_deppei        0.1078448 0.1099309 0.2912773 0.2832560 0.2270375 0.2491185 0.2587731 0.2338219 0.2089387 0.2213478 0.0000000 0.0737456 0.1157520 0.1070668 0.2109414 0.1899756 0.2008620 0.2012101 0.2012101 0.3159870 0.3148594 0.3148594 0.3148594 0.3193231 0.2171583 0.2543672 0.2538052 0.2560405 0.3229244 0.3197326 0.2908900 0.3204449 0.3148594 0.2033787 0.2198948 0.2177904 0.2177904 0.2163662 0.2459831 0.2420283 0.2926663 0.2223666 0.2553990 0.2246584 0.2500694 0.2116984 0.2126771 0.2159175 0.2098804 0.2257723 0.2011962 0.2011962 0.1992838 0.2193175 0.2141002 0.2209437 0.1827577 0.2366222 0.2345240 0.2817861 0.2670519 
FJ627819_Pituophis_catenifer     0.1288720 0.1230715 0.2931718 0.2931342 0.2487242 0.2564672 0.2727173 0.2415919 0.2080384 0.2337274 0.0737456 0.0000000 0.1166668 0.1173500 0.2316792 0.2042298 0.2108978 0.2212276 0.2231027 0.3320243 0.3288672 0.3288672 0.3288672 0.3431927 0.2315634 0.2705875 0.2762248 0.2783938 0.3300672 0.3328842 0.2958295 0.3277076 0.3288672 0.2257872 0.2265862 0.2246355 0.2246355 0.2081968 0.2470682 0.2460201 0.3168540 0.2501553 0.2755229 0.2356533 0.2785428 0.2207866 0.2253328 0.2284184 0.2201593 0.2403684 0.2230850 0.2230850 0.2212276 0.2427688 0.2198916 0.2473061 0.1753082 0.2294253 0.2274930 0.2718193 0.2566205 
GU073440_Pantherophis_bairdi     0.1107312 0.1130027 0.2799313 0.2737427 0.2342437 0.3046766 0.2853263 0.2516927 0.2251053 0.2115912 0.1157520 0.1166668 0.0000000 0.0577122 0.2669563 0.1657398 0.2085937 0.2254765 0.2254765 0.3143115 0.3057755 0.3057755 0.3057755 0.3071430 0.2371006 0.2201693 0.2256894 0.2245291 0.3050710 0.3007950 0.3156594 0.2963635 0.3057755 0.2295182 0.2080730 0.2056788 0.2056788 0.1969005 0.2295535 0.2254655 0.2573961 0.2079199 0.1932231 0.1952535 0.1932231 0.2342328 0.2228116 0.2148154 0.2267892 0.1970568 0.2231080 0.2245208 0.2231080 0.2224612 0.1773496 0.2103376 0.1898522 0.2161736 0.2138968 0.2665647 0.2901939 
GU073446_Pantherophis_obsoletus  0.1116714 0.1127935 0.2739347 0.2761956 0.2238124 0.3119650 0.2843297 0.2511529 0.2084367 0.2039428 0.1070668 0.1173500 0.0577122 0.0000000 0.2021588 0.1538574 0.1846966 0.2095725 0.2095725 0.2836108 0.2813148 0.2813148 0.2813148 0.2865105 0.2285954 0.1862408 0.1911631 0.1937655 0.2851414 0.2804359 0.2868250 0.2796302 0.2813148 0.2120805 0.2279822 0.2255243 0.2255243 0.1861052 0.2054095 0.2016256 0.2510116 0.1957343 0.1924161 0.1782239 0.1924161 0.2309674 0.2162805 0.2177596 0.2288589 0.1854390 0.2073573 0.2085123 0.2073573 0.2073015 0.1620735 0.2026228 0.1718083 0.2150265 0.2128156 0.2656610 0.2896865 
Gonyosoma_oxycephala_RMB11702    0.2285967 0.2327933 0.2825352 0.2847059 0.3053224 0.1580692 0.1219340 0.1264518 0.1409909 0.0954850 0.2109414 0.2316792 0.2669563 0.2021588 0.0000000 0.1271865 0.2359669 0.0794637 0.0758026 0.1167740 0.1699672 0.1152600 0.1152600 0.1153363 0.0753120 0.1075492 0.1032121 0.1038936 0.1082918 0.1066789 0.1137791 0.1143246 0.1152600 0.0709975 0.0853205 0.1384446 0.0837150 0.0984819 0.2548710 0.2513821 0.2473753 0.1478164 0.0085301 0.0815007 0.0370033 0.1289172 0.0760412 0.1229970 0.0766305 0.1782068 0.0722527 0.0719036 0.1251313 0.1049276 0.1526947 0.0779202 0.0678276 0.0767265 0.1285119 0.2060505 0.1959039 
JF827672.Dinodon.rufozonatum     0.1788155 0.1790129 0.2155955 0.2511954 0.2426676 0.2307912 0.2685969 0.1707047 0.2211926 0.1941870 0.1899756 0.2042298 0.1657398 0.1538574 0.1271865 0.0000000 0.0901983 0.1218932 0.1234746 0.2041187 0.2415382 0.1997577 0.1997577 0.2013317 0.1226411 0.1394007 0.1409218 0.1410431 0.1936278 0.1805093 0.1860605 0.1935389 0.1997577 0.1212394 0.1519165 0.1949019 0.1502492 0.1447396 0.1582218 0.1538108 0.1979057 0.1536712 0.1247612 0.1484139 0.2121680 0.1641355 0.1240224 0.1622056 0.1204147 0.1338160 0.1204208 0.1204208 0.1657735 0.1450204 0.0332900 0.1190596 0.0776750 0.1145319 0.1525529 0.1543436 0.2249210 
AB008539.Dinodon.semicarinatus   0.1867294 0.1869649 0.2094175 0.2717872 0.2585723 0.2744032 0.3067503 0.2359336 0.2214235 0.2439695 0.2008620 0.2108978 0.2085937 0.1846966 0.2359669 0.0901983 0.0000000 0.1777348 0.1793250 0.2547196 0.2448815 0.2448815 0.2448815 0.2607299 0.1921492 0.1874795 0.1929611 0.1935189 0.2427667 0.2436352 0.2489434 0.2390124 0.2448815 0.1820664 0.1973786 0.1956913 0.1956913 0.1884212 0.1556172 0.1539536 0.2284034 0.1883697 0.2093601 0.1995212 0.2100506 0.1699917 0.1711033 0.1672568 0.1682525 0.2031115 0.1763031 0.1768832 0.1777348 0.1967433 0.1309830 0.1722068 0.1705865 0.1659145 0.1607064 0.2032413 0.3001008 
Lycodon_alcalai_RMB9036          0.2283539 0.2243127 0.2248566 0.2464461 0.2593636 0.1645122 0.2142335 0.1698781 0.1790091 0.1507188 0.2012101 0.2212276 0.2254765 0.2095725 0.0794637 0.1218932 0.1777348 0.0000000 0.0001818 0.1452462 0.1759253 0.1420312 0.1420312 0.1476309 0.0085090 0.1214360 0.1230101 0.1205493 0.1490168 0.1421275 0.1314072 0.1515470 0.1420312 0.0013002 0.0673601 0.0998758 0.0664452 0.1157443 0.1986601 0.2058691 0.1741462 0.1758688 0.1648469 0.1164862 0.1496046 0.0725117 0.0417656 0.0669920 0.0434991 0.1790307 0.0005506 0.0005526 0.0006758 0.1275280 0.0864869 0.1203000 0.0621116 0.1168964 0.1484171 0.1765086 0.2365107 
Lycodon_alcalai_RMB9542          0.2302009 0.2261475 0.2266441 0.2484325 0.2612997 0.1645122 0.2115872 0.1647481 0.1739871 0.1465428 0.2012101 0.2231027 0.2254765 0.2095725 0.0758026 0.1234746 0.1793250 0.0001818 0.0000000 0.1373135 0.1675022 0.1341982 0.1341982 0.1425656 0.0085341 0.1161292 0.1176938 0.1152538 0.1438369 0.1371875 0.1240461 0.1464262 0.1341982 0.0010880 0.0645560 0.0959766 0.0636942 0.1156506 0.1967544 0.2039043 0.1721242 0.1775723 0.1685858 0.1154312 0.1466411 0.0697296 0.0404905 0.0644592 0.0421154 0.1807083 0.0003585 0.0003598 0.0003243 0.1230128 0.0864869 0.1190479 0.0602424 0.1157651 0.1464916 0.1765086 0.2365107 
Lycodon_aulicus_205000           0.3017637 0.3112308 0.1585994 0.3007091 0.3365838 0.2079521 0.2633290 0.2204450 0.2567978 0.2152197 0.3159870 0.3320243 0.3143115 0.2836108 0.1167740 0.2041187 0.2547196 0.1452462 0.1373135 0.0000000 0.0130205 0.0072592 0.0072592 0.0127372 0.1443530 0.2057750 0.2036235 0.1973783 0.0110854 0.0127108 0.0103990 0.0112430 0.0072614 0.1351089 0.1521553 0.1848344 0.1506828 0.1676634 0.2393230 0.2517133 0.1588162 0.1816770 0.1706632 0.1250480 0.1379665 0.1733770 0.1376813 0.1624218 0.1435364 0.2034197 0.1323770 0.1312864 0.1664298 0.1913465 0.1409923 0.1489397 0.0877864 0.1578617 0.1824981 0.0817965 0.2599862 
Lycodon_aulicus_CDS4621          0.2906435 0.2999277 0.1449697 0.2924814 0.3307695 0.2324534 0.2956636 0.2392496 0.2534545 0.2064487 0.3148594 0.3288672 0.3057755 0.2813148 0.1699672 0.2415382 0.2448815 0.1759253 0.1675022 0.0130205 0.0000000 0.0000010 0.0000010 0.0195848 0.1747018 0.2397550 0.2336578 0.2290569 0.0190639 0.0203919 0.0170569 0.0183807 0.0000010 0.1649628 0.1851265 0.1831514 0.1835480 0.1955017 0.2311409 0.2432614 0.1769975 0.2151673 0.2465248 0.1574148 0.1309556 0.1728097 0.1627909 0.1588065 0.1718605 0.2595815 0.1651211 0.1655659 0.1664365 0.2227180 0.2140595 0.1804522 0.1178709 0.1866398 0.1777004 0.1177540 0.3255941 
Lycodon_aulicus_CDS658           0.2906435 0.2999277 0.1449697 0.2924814 0.3307695 0.1793440 0.2539130 0.2024576 0.2534545 0.2064487 0.3148594 0.3288672 0.3057755 0.2813148 0.1152600 0.1997577 0.2448815 0.1420312 0.1341982 0.0072592 0.0000010 0.0000000 0.0000010 0.0111911 0.1414756 0.2001859 0.1944351 0.1896245 0.0105828 0.0116717 0.0096090 0.0104875 0.0000010 0.1320452 0.1503961 0.1831514 0.1489294 0.1622399 0.2311409 0.2432614 0.1343337 0.1738144 0.1575977 0.1222812 0.1309556 0.1728097 0.1313332 0.1588065 0.1397160 0.2179100 0.1321681 0.1323387 0.1664365 0.1854998 0.1354665 0.1472061 0.0751110 0.1527501 0.1777004 0.0671521 0.2479790 
Lycodon_aulicus_RMB4347          0.2906435 0.2999277 0.1449697 0.2924814 0.3307695 0.1793440 0.2539130 0.2024576 0.2534545 0.2064487 0.3148594 0.3288672 0.3057755 0.2813148 0.1152600 0.1997577 0.2448815 0.1420312 0.1341982 0.0072592 0.0000010 0.0000010 0.0000000 0.0111911 0.1414756 0.2001859 0.1944351 0.1896245 0.0105828 0.0116717 0.0096090 0.0104875 0.0000010 0.1320452 0.1503961 0.1831514 0.1489294 0.1622399 0.2311409 0.2432614 0.1343337 0.1738144 0.1575977 0.1222812 0.1309556 0.1728097 0.1313332 0.1588065 0.1397160 0.2179100 0.1321681 0.1323387 0.1664365 0.1854998 0.1354665 0.1472061 0.0751110 0.1527501 0.1777004 0.0671521 0.2479790 
Lycodon_aulicus_RMB8785          0.2832397 0.2923981 0.1558685 0.2872837 0.3469887 0.1865059 0.2427270 0.2066752 0.2633420 0.2168743 0.3193231 0.3431927 0.3071430 0.2865105 0.1153363 0.2013317 0.2607299 0.1476309 0.1425656 0.0127372 0.0195848 0.0111911 0.0111911 0.0000000 0.1444656 0.2140704 0.2081481 0.2033627 0.0070806 0.0043198 0.0104193 0.0066020 0.0111948 0.1432358 0.1598561 0.1931966 0.1583280 0.1738815 0.2421600 0.2548033 0.1582951 0.1801281 0.1679442 0.1264306 0.1378369 0.1837705 0.1519153 0.1772170 0.1532551 0.2066590 0.1403878 0.1406317 0.1749654 0.1885267 0.1489273 0.1441878 0.0805890 0.1468397 0.1711816 0.0891485 0.2737388 
Lycodon_bibonius_RMB5709         0.2241854 0.2202045 0.2192470 0.2508221 0.2521119 0.1724341 0.2008483 0.1763068 0.1966153 0.1448034 0.2171583 0.2315634 0.2371006 0.2285954 0.0753120 0.1226411 0.1921492 0.0085090 0.0085341 0.1443530 0.1747018 0.1414756 0.1414756 0.1444656 0.0000000 0.1162666 0.1205397 0.1170886 0.1444138 0.1391291 0.1177925 0.1480133 0.1414756 0.0086559 0.0592754 0.0891549 0.0584900 0.1246587 0.2117875 0.2192770 0.1947347 0.1774140 0.1705479 0.1194535 0.1366604 0.0714842 0.0437801 0.0684206 0.0426084 0.1890666 0.0084325 0.0082402 0.0147723 0.1187479 0.0987182 0.1205973 0.0588585 0.1211640 0.1515966 0.1691280 0.2522054 
Lycodon_butleri_8066             0.2474747 0.2470300 0.3001633 0.3024414 0.2809491 0.1830556 0.2616415 0.1763655 0.1777942 0.2077697 0.2543672 0.2705875 0.2201693 0.1862408 0.1075492 0.1394007 0.1874795 0.1214360 0.1161292 0.2057750 0.2397550 0.2001859 0.2001859 0.2140704 0.1162666 0.0000000 0.0023813 0.0025804 0.2087050 0.2049510 0.1665663 0.2115147 0.2000474 0.1168544 0.1256364 0.1651912 0.1242289 0.1128293 0.1059167 0.0962279 0.2470720 0.2174731 0.2136595 0.1460808 0.1885479 0.1706447 0.1152827 0.1551205 0.1255535 0.1705353 0.1135035 0.1135235 0.1554334 0.1236587 0.0313848 0.1286719 0.0466642 0.1316316 0.1766252 0.2000743 0.2489492 
Lycodon_butleri_9136             0.2531362 0.2527249 0.2900924 0.3108219 0.2846490 0.1792267 0.2686485 0.1763919 0.1860753 0.2041300 0.2538052 0.2762248 0.2256894 0.1911631 0.1032121 0.1409218 0.1929611 0.1230101 0.1176938 0.2036235 0.2336578 0.1944351 0.1944351 0.2081481 0.1205397 0.0023813 0.0000000 0.0005291 0.2021168 0.2023051 0.1661289 0.2056819 0.1942985 0.1157283 0.1299929 0.1694900 0.1285745 0.1208315 0.1066860 0.0969646 0.2503211 0.2271662 0.2319183 0.1502930 0.1954304 0.1721498 0.1170179 0.1565148 0.1298566 0.1727078 0.1124464 0.1119539 0.1568352 0.1215155 0.0321189 0.1309592 0.0459188 0.1298962 0.1746375 0.1962265 0.2605876 
Lycodon_butleri_9421             0.2562898 0.2558930 0.2845317 0.3149354 0.2862320 0.1803582 0.2725355 0.1767354 0.1874856 0.2047738 0.2560405 0.2783938 0.2245291 0.1937655 0.1038936 0.1410431 0.1935189 0.1205493 0.1152538 0.1973783 0.2290569 0.1896245 0.1896245 0.2033627 0.1170886 0.0025804 0.0005291 0.0000000 0.1983307 0.1974680 0.1619096 0.2009403 0.1894878 0.1133205 0.1266074 0.1663797 0.1251927 0.1202615 0.1052343 0.0978831 0.2535658 0.2281117 0.2356733 0.1502490 0.1954824 0.1677300 0.1163277 0.1562634 0.1252584 0.1747459 0.1100413 0.1100917 0.1546368 0.1195463 0.0312196 0.1288203 0.0448128 0.1277466 0.1728238 0.1898035 0.2610896 
Lycodon_capucinus_5725           0.2915277 0.3009933 0.1518232 0.2798547 0.3467779 0.2143235 0.2604835 0.1946451 0.2601166 0.2144403 0.3229244 0.3300672 0.3050710 0.2851414 0.1082918 0.1936278 0.2427667 0.1490168 0.1438369 0.0110854 0.0190639 0.0105828 0.0105828 0.0070806 0.1444138 0.2087050 0.2021168 0.1983307 0.0000000 0.0081866 0.0107345 0.0003550 0.0105793 0.1413513 0.1479557 0.1815030 0.1464653 0.1684832 0.2309095 0.2473367 0.1593000 0.1778031 0.1586615 0.1229055 0.1311555 0.1779375 0.1442125 0.1668203 0.1470475 0.2073206 0.1414902 0.1414902 0.1771233 0.1811276 0.1302003 0.1431166 0.0812244 0.1445487 0.1694953 0.0802669 0.2722517 
Lycodon_capucinus_9277           0.2854830 0.2946983 0.1529433 0.2830028 0.3340480 0.1860989 0.2531601 0.2066440 0.2482982 0.2052595 0.3197326 0.3328842 0.3007950 0.2804359 0.1066789 0.1805093 0.2436352 0.1421275 0.1371875 0.0127108 0.0203919 0.0116717 0.0116717 0.0043198 0.1391291 0.2049510 0.2023051 0.1974680 0.0081866 0.0000000 0.0101445 0.0076824 0.0116678 0.1346491 0.1483972 0.1815443 0.1469172 0.1650749 0.2388981 0.2514223 0.1501991 0.1696310 0.1597819 0.1207758 0.1281936 0.1670416 0.1334718 0.1581409 0.1378208 0.2047166 0.1345389 0.1347321 0.1688712 0.1810754 0.1327152 0.1378768 0.0734537 0.1462384 0.1707250 0.0774439 0.2603163 
Lycodon_capucinus_9695           0.2766549 0.2930644 0.1453451 0.2981575 0.3036092 0.1941417 0.2020574 0.1892524 0.2209350 0.1665882 0.2908900 0.2958295 0.3156594 0.2868250 0.1137791 0.1860605 0.2489434 0.1314072 0.1240461 0.0103990 0.0170569 0.0096090 0.0096090 0.0104193 0.1177925 0.1665663 0.1661289 0.1619096 0.0107345 0.0101445 0.0000000 0.0101772 0.0096056 0.1234256 0.1274615 0.1654354 0.1258104 0.1321304 0.2216392 0.2332293 0.1258781 0.1388603 0.0472234 0.0871571 0.0773286 0.1674343 0.1272161 0.1641943 0.1317796 0.1864115 0.1217043 0.1217043 0.1645052 0.1534582 0.1449162 0.0977586 0.0738610 0.1157283 0.1499695 0.0795838 0.2449932 
Lycodon_capucinus_DSM1325L       0.2870439 0.2962166 0.1502613 0.2789064 0.3362254 0.2099748 0.2575586 0.1973114 0.2618575 0.2126921 0.3204449 0.3277076 0.2963635 0.2796302 0.1143246 0.1935389 0.2390124 0.1515470 0.1464262 0.0112430 0.0183807 0.0104875 0.0104875 0.0066020 0.1480133 0.2115147 0.2056819 0.2009403 0.0003550 0.0076824 0.0101772 0.0000000 0.0104840 0.1435311 0.1507093 0.1835741 0.1492367 0.1673672 0.2306720 0.2467496 0.1556282 0.1736090 0.1575100 0.1204505 0.1292501 0.1840946 0.1469801 0.1687356 0.1543510 0.2060250 0.1436707 0.1439440 0.1784366 0.1822513 0.1351473 0.1427454 0.0849748 0.1471849 0.1714389 0.0809928 0.2697234 
Lycodon_capucinus_RMB9060        0.2906435 0.2999277 0.1449697 0.2924814 0.3307695 0.1793440 0.2539130 0.2024576 0.2534545 0.2064487 0.3148594 0.3288672 0.3057755 0.2813148 0.1152600 0.1997577 0.2448815 0.1420312 0.1341982 0.0072614 0.0000010 0.0000010 0.0000010 0.0111948 0.1414756 0.2000474 0.1942985 0.1894878 0.0105793 0.0116678 0.0096056 0.0104840 0.0000000 0.1319412 0.1502802 0.1831514 0.1488144 0.1623581 0.2311409 0.2432614 0.1343337 0.1738144 0.1575977 0.1221849 0.1307867 0.1726895 0.1312301 0.1586943 0.1397160 0.2179100 0.1320640 0.1322336 0.1663204 0.1851062 0.1354665 0.1470927 0.0750231 0.1526327 0.1775766 0.0671521 0.2479790 
Lycodon_chrysoprateros_RMB6394   0.2264282 0.2223942 0.2253269 0.2450574 0.2616398 0.1556544 0.2043671 0.1660179 0.1746156 0.1434040 0.2033787 0.2257872 0.2295182 0.2120805 0.0709975 0.1212394 0.1820664 0.0013002 0.0010880 0.1351089 0.1649628 0.1320452 0.1320452 0.1432358 0.0086559 0.1168544 0.1157283 0.1133205 0.1413513 0.1346491 0.1234256 0.1435311 0.1319412 0.0000000 0.0618097 0.0924575 0.0609923 0.1145110 0.1964537 0.2035972 0.1761442 0.1777585 0.1685858 0.1136778 0.1424393 0.0668741 0.0389345 0.0618166 0.0405108 0.1804029 0.0014436 0.0014486 0.0022702 0.1202131 0.0954770 0.1161035 0.0585398 0.1116508 0.1419533 0.1748597 0.2385045 
Lycodon_dumereli_ACD4146         0.2187729 0.2139128 0.2688437 0.2614089 0.2636254 0.1714233 0.2167740 0.1529177 0.1716409 0.1455107 0.2198948 0.2265862 0.2080730 0.2279822 0.0853205 0.1519165 0.1973786 0.0673601 0.0645560 0.1521553 0.1851265 0.1503961 0.1503961 0.1598561 0.0592754 0.1256364 0.1299929 0.1266074 0.1479557 0.1483972 0.1274615 0.1507093 0.1502802 0.0618097 0.0000000 0.0003223 0.0001776 0.1326368 0.2159733 0.2183172 0.2114949 0.1992980 0.1909262 0.1326617 0.1462135 0.0784523 0.0537869 0.0792368 0.0485897 0.1554464 0.0611218 0.0600623 0.0935549 0.1395498 0.0821501 0.1377793 0.0676168 0.1276606 0.1635232 0.1973368 0.2319004 
Lycodon_dumereli_CDS1927         0.2169237 0.2120838 0.2668476 0.2593571 0.2616328 0.2305201 0.2564571 0.1893353 0.1699956 0.1439817 0.2177904 0.2246355 0.2056788 0.2255243 0.1384446 0.1949019 0.1956913 0.0998758 0.0959766 0.1848344 0.1831514 0.1831514 0.1831514 0.1931966 0.0891549 0.1651912 0.1694900 0.1663797 0.1815030 0.1815443 0.1654354 0.1835741 0.1831514 0.0924575 0.0003223 0.0000000 0.0000010 0.1649383 0.2141951 0.2165257 0.2566689 0.2422657 0.2911638 0.1674084 0.1462135 0.0776053 0.0802420 0.0783908 0.0738219 0.1970635 0.0916637 0.0905892 0.0926157 0.1768499 0.1716157 0.1799112 0.1185460 0.1683716 0.1653832 0.2444663 0.3145915 
Lycodon_dumereli_RMB4393         0.2169237 0.2120838 0.2668476 0.2593571 0.2616328 0.1689890 0.2150867 0.1514139 0.1701177 0.1440922 0.2177904 0.2246355 0.2056788 0.2255243 0.0837150 0.1502492 0.1956913 0.0664452 0.0636942 0.1506828 0.1835480 0.1489294 0.1489294 0.1583280 0.0584900 0.1242289 0.1285745 0.1251927 0.1464653 0.1469172 0.1258104 0.1492367 0.1488144 0.0609923 0.0001776 0.0000010 0.0000000 0.1313001 0.2141951 0.2165257 0.2096102 0.1974936 0.1909262 0.1313105 0.1462135 0.0775474 0.0530779 0.0783327 0.0479356 0.1537868 0.0603116 0.0592597 0.0925463 0.1381295 0.0789978 0.1394499 0.0689975 0.1292270 0.1652586 0.1951764 0.2285259 
Lycodon_effraensis_DSM927L       0.2306126 0.2271034 0.2320152 0.2848649 0.2545508 0.1822448 0.2160020 0.1560314 0.1882628 0.1825528 0.2163662 0.2081968 0.1969005 0.1861052 0.0984819 0.1447396 0.1884212 0.1157443 0.1156506 0.1676634 0.1955017 0.1622399 0.1622399 0.1738815 0.1246587 0.1128293 0.1208315 0.1202615 0.1684832 0.1650749 0.1321304 0.1673672 0.1623581 0.1145110 0.1326368 0.1649383 0.1313001 0.0000000 0.1936832 0.1935482 0.2031777 0.1418255 0.1136394 0.0993619 0.1040190 0.1480347 0.1187728 0.1475783 0.1181835 0.1089116 0.1134786 0.1134968 0.1459980 0.1217550 0.0781518 0.1233680 0.0605116 0.1340170 0.1630739 0.1778311 0.1978198 
Lycodon_fasciatus_234875         0.2199189 0.2255830 0.2266732 0.2910961 0.2817519 0.2757199 0.3274408 0.2590377 0.2365151 0.2314129 0.2459831 0.2470682 0.2295535 0.2054095 0.2548710 0.1582218 0.1556172 0.1986601 0.1967544 0.2393230 0.2311409 0.2311409 0.2311409 0.2421600 0.2117875 0.1059167 0.1066860 0.1052343 0.2309095 0.2388981 0.2216392 0.2306720 0.2311409 0.1964537 0.2159733 0.2141951 0.2141951 0.1936832 0.0000000 0.0053108 0.2349815 0.2211131 0.2737977 0.2188850 0.2845336 0.1804106 0.1810827 0.1780102 0.1866497 0.1876625 0.1936124 0.1943628 0.1950939 0.2282647 0.1064970 0.2214365 0.1746148 0.2096245 0.2011571 0.1920036 0.3269013 
Lycodon_fasciatus_234957         0.2222922 0.2280455 0.2379965 0.2944012 0.2812432 0.2836609 0.3368423 0.2601494 0.2322921 0.2263745 0.2420283 0.2460201 0.2254655 0.2016256 0.2513821 0.1538108 0.1539536 0.2058691 0.2039043 0.2517133 0.2432614 0.2432614 0.2432614 0.2548033 0.2192770 0.0962279 0.0969646 0.0978831 0.2473367 0.2514223 0.2332293 0.2467496 0.2432614 0.2035972 0.2183172 0.2165257 0.2165257 0.1935482 0.0053108 0.0000000 0.2387674 0.2211873 0.2791699 0.2113074 0.2901736 0.1882192 0.1771341 0.1863846 0.1852620 0.1895017 0.2006841 0.2015137 0.2021996 0.2288996 0.0993271 0.2132947 0.1718968 0.2048332 0.2080454 0.1983398 0.3283898 
Lycodon_jara_235387              0.2905370 0.2911381 0.1938000 0.3432935 0.3383388 0.2552170 0.2869756 0.2482974 0.3152865 0.2544483 0.2926663 0.3168540 0.2573961 0.2510116 0.2473753 0.1979057 0.2284034 0.1741462 0.1721242 0.1588162 0.1769975 0.1343337 0.1343337 0.1582951 0.1947347 0.2470720 0.2503211 0.2535658 0.1593000 0.1501991 0.1258781 0.1556282 0.1343337 0.1761442 0.2114949 0.2566689 0.2096102 0.2031777 0.2349815 0.2387674 0.0000000 0.1790777 0.1467647 0.1768539 0.2567127 0.2468552 0.2091671 0.2470899 0.2063604 0.2420975 0.1725169 0.1731415 0.2162541 0.2421217 0.1050635 0.2482569 0.1827487 0.2533556 0.2930861 0.1154888 0.2847337 
Lycodon_laoensis_258659          0.2436200 0.2427505 0.2124463 0.2921107 0.2592670 0.2009399 0.2618441 0.2350935 0.2605393 0.2544377 0.2223666 0.2501553 0.2079199 0.1957343 0.1478164 0.1536712 0.1883697 0.1758688 0.1775723 0.1816770 0.2151673 0.1738144 0.1738144 0.1801281 0.1774140 0.2174731 0.2271662 0.2281117 0.1778031 0.1696310 0.1388603 0.1736090 0.1738144 0.1777585 0.1992980 0.2422657 0.1974936 0.1418255 0.2211131 0.2211873 0.1790777 0.0000000 0.0024137 0.0059405 0.0043436 0.2302882 0.1882594 0.2244621 0.1870927 0.1580789 0.1775647 0.1782013 0.2174928 0.2131806 0.0891595 0.1745714 0.0899821 0.1880340 0.2177115 0.1465629 0.2076285 
Lycodon_laoensis_262186          0.3005165 0.2932278 0.2150102 0.2763417 0.3094216 0.0165177 0.2862616 0.2109731 0.3287641 0.3527823 0.2553990 0.2755229 0.1932231 0.1924161 0.0085301 0.1247612 0.2093601 0.1648469 0.1685858 0.1706632 0.2465248 0.1575977 0.1575977 0.1679442 0.1705479 0.2136595 0.2319183 0.2356733 0.1586615 0.1597819 0.0472234 0.1575100 0.1575977 0.1685858 0.1909262 0.2911638 0.1909262 0.1136394 0.2737977 0.2791699 0.1467647 0.0024137 0.0000000 0.0014809 0.0090277 0.2644347 0.1743076 0.2465929 0.1773111 0.1206146 0.1723175 0.1723175 0.2553641 0.2166722 0.0024983 0.1813772 0.0069446 0.1872099 0.2579334 0.0502990 0.0117401 
Lycodon_laoensis_8481            0.2366141 0.2316763 0.2082843 0.2860678 0.2686496 0.1631817 0.2177546 0.1701145 0.1978218 0.1788503 0.2246584 0.2356533 0.1952535 0.1782239 0.0815007 0.1484139 0.1995212 0.1164862 0.1154312 0.1250480 0.1574148 0.1222812 0.1222812 0.1264306 0.1194535 0.1460808 0.1502930 0.1502490 0.1229055 0.1207758 0.0871571 0.1204505 0.1221849 0.1136778 0.1326617 0.1674084 0.1313105 0.0993619 0.2188850 0.2113074 0.1768539 0.0059405 0.0014809 0.0000000 0.0069802 0.1569902 0.1222681 0.1570812 0.1223756 0.1536397 0.1135995 0.1136183 0.1464246 0.1524643 0.0736078 0.1165369 0.0554700 0.1243946 0.1579836 0.1377482 0.2079372 
Lycodon_laoensis_DSM902L         0.2977455 0.2999515 0.2411657 0.2826530 0.3098621 0.1137768 0.2787442 0.1775301 0.1849270 0.1851547 0.2500694 0.2785428 0.1932231 0.1924161 0.0370033 0.2121680 0.2100506 0.1496046 0.1466411 0.1379665 0.1309556 0.1309556 0.1309556 0.1378369 0.1366604 0.1885479 0.1954304 0.1954824 0.1311555 0.1281936 0.0773286 0.1292501 0.1307867 0.1424393 0.1462135 0.1462135 0.1462135 0.1040190 0.2845336 0.2901736 0.2567127 0.0043436 0.0090277 0.0069802 0.0000000 0.1414885 0.1354164 0.1272204 0.1400596 0.2147166 0.1448326 0.1448326 0.1400809 0.1643146 9.0000000 0.1639844 0.0359454 0.1626483 0.1514397 0.2338997 0.1406553 
Lycodon_muelleri_CDS5256         0.2527851 0.2460129 0.2445210 0.2508857 0.2405691 0.2088569 0.2378158 0.1931538 0.1642289 0.1602371 0.2116984 0.2207866 0.2342328 0.2309674 0.1289172 0.1641355 0.1699917 0.0725117 0.0697296 0.1733770 0.1728097 0.1728097 0.1728097 0.1837705 0.0714842 0.1706447 0.1721498 0.1677300 0.1779375 0.1670416 0.1674343 0.1840946 0.1726895 0.0668741 0.0784523 0.0776053 0.0775474 0.1480347 0.1804106 0.1882192 0.2468552 0.2302882 0.2644347 0.1569902 0.1414885 0.0000000 0.0193828 0.0202105 0.0036125 0.1961150 0.0669814 0.0659742 0.0671162 0.1526964 0.1744676 0.1589836 0.1048474 0.1459716 0.1448327 0.2336290 0.3057508 
Lycodon_muelleri_DLSUD031        0.2378746 0.2353420 0.2500439 0.2678958 0.2430721 0.1745904 0.2051129 0.1408800 0.1489718 0.1614169 0.2126771 0.2253328 0.2228116 0.2162805 0.0760412 0.1240224 0.1711033 0.0417656 0.0404905 0.1376813 0.1627909 0.1313332 0.1313332 0.1519153 0.0437801 0.1152827 0.1170179 0.1163277 0.1442125 0.1334718 0.1272161 0.1469801 0.1312301 0.0389345 0.0537869 0.0802420 0.0530779 0.1187728 0.1810827 0.1771341 0.2091671 0.1882594 0.1743076 0.1222681 0.1354164 0.0193828 0.0000000 0.0039527 0.0102628 0.1586520 0.0389843 0.0387100 0.0638110 0.1225574 0.0893991 0.1243309 0.0663988 0.1120277 0.1498550 0.1861384 0.2126280 
Lycodon_muelleri_RMB10605        0.2292615 0.2267723 0.2376298 0.2614628 0.2427998 0.2369023 0.2431199 0.1733369 0.1561889 0.1599359 0.2159175 0.2284184 0.2148154 0.2177596 0.1229970 0.1622056 0.1672568 0.0669920 0.0644592 0.1624218 0.1588065 0.1588065 0.1588065 0.1772170 0.0684206 0.1551205 0.1565148 0.1562634 0.1668203 0.1581409 0.1641943 0.1687356 0.1586943 0.0618166 0.0792368 0.0783908 0.0783327 0.1475783 0.1780102 0.1863846 0.2470899 0.2244621 0.2465929 0.1570812 0.1272204 0.0202105 0.0039527 0.0000000 0.0201937 0.1947998 0.0619138 0.0616634 0.0620349 0.1636174 0.1801731 0.1646427 0.1126559 0.1508356 0.1463677 0.2241068 0.2917985 
Lycodon_muelleri_RMB9788         0.2461859 0.2394522 0.2473432 0.2564614 0.2389970 0.1515488 0.2043552 0.1531656 0.1640533 0.1560424 0.2098804 0.2201593 0.2267892 0.2288589 0.0766305 0.1204147 0.1682525 0.0434991 0.0421154 0.1435364 0.1718605 0.1397160 0.1397160 0.1532551 0.0426084 0.1255535 0.1298566 0.1252584 0.1470475 0.1378208 0.1317796 0.1543510 0.1397160 0.0405108 0.0485897 0.0738219 0.0479356 0.1181835 0.1866497 0.1852620 0.2063604 0.1870927 0.1773111 0.1223756 0.1400596 0.0036125 0.0102628 0.0201937 0.0000000 0.1522231 0.0405644 0.0397431 0.0665043 0.1136737 0.0877412 0.1268178 0.0629930 0.1170338 0.1520937 0.1901580 0.2207582 
Lycodon_effraensis_9670          0.2175127 0.2169371 0.2341477 0.2679000 0.2665375 0.2235914 0.2798126 0.2302673 0.2642232 0.2763582 0.2257723 0.2403684 0.1970568 0.1854390 0.1782068 0.1338160 0.2031115 0.1790307 0.1807083 0.2034197 0.2595815 0.2179100 0.2179100 0.2066590 0.1890666 0.1705353 0.1727078 0.1747459 0.2073206 0.2047166 0.1864115 0.2060250 0.2179100 0.1804029 0.1554464 0.1970635 0.1537868 0.1089116 0.1876625 0.1895017 0.2420975 0.1580789 0.1206146 0.1536397 0.2147166 0.1961150 0.1586520 0.1947998 0.1522231 0.0000000 0.1775189 0.1781428 0.2215330 0.1981007 0.0675719 0.1723278 0.0933887 0.1677569 0.1992628 0.1628038 0.1906068 
Lycodon_sp_RMB5948               0.2267323 0.2226987 0.2232847 0.2457901 0.2593636 0.1566023 0.2044497 0.1652037 0.1712255 0.1431719 0.2011962 0.2230850 0.2231080 0.2073573 0.0722527 0.1204208 0.1763031 0.0005506 0.0003585 0.1323770 0.1651211 0.1321681 0.1321681 0.1403878 0.0084325 0.1135035 0.1124464 0.1100413 0.1414902 0.1345389 0.1217043 0.1436707 0.1320640 0.0014436 0.0611218 0.0916637 0.0603116 0.1134786 0.1936124 0.2006841 0.1725169 0.1775647 0.1723175 0.1135995 0.1448326 0.0669814 0.0389843 0.0619138 0.0405644 0.1775189 0.0000000 0.0000010 0.0009617 0.1192223 0.0830401 0.1138128 0.0575598 0.1106816 0.1409606 0.1744419 0.2331701 
Lycodon_sp_RMB5965               0.2278599 0.2237844 0.2220871 0.2471764 0.2600943 0.1599405 0.2073780 0.1651086 0.1698772 0.1434373 0.2011962 0.2230850 0.2245208 0.2085123 0.0719036 0.1204208 0.1768832 0.0005526 0.0003598 0.1312864 0.1655659 0.1323387 0.1323387 0.1406317 0.0082402 0.1135235 0.1119539 0.1100917 0.1414902 0.1347321 0.1217043 0.1439440 0.1322336 0.0014486 0.0600623 0.0905892 0.0592597 0.1134968 0.1943628 0.2015137 0.1731415 0.1782013 0.1723175 0.1136183 0.1448326 0.0659742 0.0387100 0.0616634 0.0397431 0.1781428 0.0000010 0.0000000 0.0009677 0.1178086 0.0851716 0.1153084 0.0571612 0.1121108 0.1427623 0.1726797 0.2307697 
Lycodon_sp_RMB5991               0.2283539 0.2243127 0.2287314 0.2464461 0.2593636 0.2159105 0.2457422 0.2017739 0.1725932 0.1431719 0.1992838 0.2212276 0.2231080 0.2073573 0.1251313 0.1657735 0.1777348 0.0006758 0.0003243 0.1664298 0.1664365 0.1664365 0.1664365 0.1749654 0.0147723 0.1554334 0.1568352 0.1546368 0.1771233 0.1688712 0.1645052 0.1784366 0.1663204 0.0022702 0.0935549 0.0926157 0.0925463 0.1459980 0.1950939 0.2021996 0.2162541 0.2174928 0.2553641 0.1464246 0.1400809 0.0671162 0.0638110 0.0620349 0.0665043 0.2215330 0.0009617 0.0009677 0.0000000 0.1542906 0.1817627 0.1515178 0.1049105 0.1478315 0.1421902 0.2252500 0.3198151 
Lycodon_stormi_JAM7487           0.2280168 0.2271274 0.2936885 0.3507668 0.2874292 0.1846986 0.2621876 0.1768044 0.1933582 0.2255616 0.2193175 0.2427688 0.2224612 0.2073015 0.1049276 0.1450204 0.1967433 0.1275280 0.1230128 0.1913465 0.2227180 0.1854998 0.1854998 0.1885267 0.1187479 0.1236587 0.1215155 0.1195463 0.1811276 0.1810754 0.1534582 0.1822513 0.1851062 0.1202131 0.1395498 0.1768499 0.1381295 0.1217550 0.2282647 0.2288996 0.2421217 0.2131806 0.2166722 0.1524643 0.1643146 0.1526964 0.1225574 0.1636174 0.1136737 0.1981007 0.1192223 0.1178086 0.1542906 0.0000000 0.1399395 0.1364299 0.0716103 0.1359613 0.1679059 0.2255796 0.2317791 
Lycodon_subcinctus_4199          0.1993699 0.2018293 0.1906894 0.2621649 0.2166547 0.1948830 0.1841717 0.1770484 0.2297513 0.1439571 0.2141002 0.2198916 0.1773496 0.1620735 0.1526947 0.0332900 0.1309830 0.0864869 0.0864869 0.1409923 0.2140595 0.1354665 0.1354665 0.1489273 0.0987182 0.0313848 0.0321189 0.0312196 0.1302003 0.1327152 0.1449162 0.1351473 0.1354665 0.0954770 0.0821501 0.1716157 0.0789978 0.0781518 0.1064970 0.0993271 0.1050635 0.0891595 0.0024983 0.0736078 9.0000000 0.1744676 0.0893991 0.1801731 0.0877412 0.0675719 0.0830401 0.0851716 0.1817627 0.1399395 0.0000000 0.0788155 0.0570516 0.0668714 0.1544211 0.1020300 0.2134722 
Lycodon_subcinctus_5016          0.2185952 0.2213527 0.2470010 0.2707968 0.2576024 0.1589960 0.2192905 0.1836169 0.1934164 0.1931451 0.2209437 0.2473061 0.2103376 0.2026228 0.0779202 0.1190596 0.1722068 0.1203000 0.1190479 0.1489397 0.1804522 0.1472061 0.1472061 0.1441878 0.1205973 0.1286719 0.1309592 0.1288203 0.1431166 0.1378768 0.0977586 0.1427454 0.1470927 0.1161035 0.1377793 0.1799112 0.1394499 0.1233680 0.2214365 0.2132947 0.2482569 0.1745714 0.1813772 0.1165369 0.1639844 0.1589836 0.1243309 0.1646427 0.1268178 0.1723278 0.1138128 0.1153084 0.1515178 0.1364299 0.0788155 0.0000000 0.0176724 0.0164968 0.0316210 0.1504343 0.2168299 
Lycodon_subcinctus_DSM1449L      0.1741904 0.1776892 0.2199931 0.2426317 0.2322766 0.1488626 0.1316708 0.1020940 0.1164395 0.0926051 0.1827577 0.1753082 0.1898522 0.1718083 0.0678276 0.0776750 0.1705865 0.0621116 0.0602424 0.0877864 0.1178709 0.0751110 0.0751110 0.0805890 0.0588585 0.0466642 0.0459188 0.0448128 0.0812244 0.0734537 0.0738610 0.0849748 0.0750231 0.0585398 0.0676168 0.1185460 0.0689975 0.0605116 0.1746148 0.1718968 0.1827487 0.0899821 0.0069446 0.0554700 0.0359454 0.1048474 0.0663988 0.1126559 0.0629930 0.0933887 0.0575598 0.0571612 0.1049105 0.0716103 0.0570516 0.0176724 0.0000000 0.0172598 0.0347902 0.1405896 0.1694745 
Lycodon_subcinctus_RMB3097       0.2178140 0.2139466 0.2426419 0.2725178 0.2736984 0.1324809 0.1816211 0.1853493 0.1806261 0.1828203 0.2366222 0.2294253 0.2161736 0.2150265 0.0767265 0.1145319 0.1659145 0.1168964 0.1157651 0.1578617 0.1866398 0.1527501 0.1527501 0.1468397 0.1211640 0.1316316 0.1298962 0.1277466 0.1445487 0.1462384 0.1157283 0.1471849 0.1526327 0.1116508 0.1276606 0.1683716 0.1292270 0.1340170 0.2096245 0.2048332 0.2533556 0.1880340 0.1872099 0.1243946 0.1626483 0.1459716 0.1120277 0.1508356 0.1170338 0.1677569 0.1106816 0.1121108 0.1478315 0.1359613 0.0668714 0.0164968 0.0172598 0.0000000 0.0019310 0.1530475 0.1990154 
Lycodon_subcinctus_RMB7585       0.2097681 0.2059781 0.2330859 0.2697353 0.2688302 0.1827555 0.2149104 0.2200420 0.1807724 0.1786693 0.2345240 0.2274930 0.2138968 0.2128156 0.1285119 0.1525529 0.1607064 0.1484171 0.1464916 0.1824981 0.1777004 0.1777004 0.1777004 0.1711816 0.1515966 0.1766252 0.1746375 0.1728238 0.1694953 0.1707250 0.1499695 0.1714389 0.1775766 0.1419533 0.1635232 0.1653832 0.1652586 0.1630739 0.2011571 0.2080454 0.2930861 0.2177115 0.2579334 0.1579836 0.1514397 0.1448327 0.1498550 0.1463677 0.1520937 0.1992628 0.1409606 0.1427623 0.1421902 0.1679059 0.1544211 0.0316210 0.0347902 0.0019310 0.0000000 0.1975359 0.2724828 
Lycodon_zawi_239944              0.2681368 0.2702581 0.0102104 0.2906895 0.2659563 0.2194701 0.2290622 0.2702053 0.3080345 0.2405562 0.2817861 0.2718193 0.2665647 0.2656610 0.2060505 0.1543436 0.2032413 0.1765086 0.1765086 0.0817965 0.1177540 0.0671521 0.0671521 0.0891485 0.1691280 0.2000743 0.1962265 0.1898035 0.0802669 0.0774439 0.0795838 0.0809928 0.0671521 0.1748597 0.1973368 0.2444663 0.1951764 0.1778311 0.1920036 0.1983398 0.1154888 0.1465629 0.0502990 0.1377482 0.2338997 0.2336290 0.1861384 0.2241068 0.1901580 0.1628038 0.1744419 0.1726797 0.2252500 0.2255796 0.1020300 0.1504343 0.1405896 0.1530475 0.1975359 0.0000000 0.2490319 
Oligodon_maculatus_RMB11713      0.2900463 0.2861571 0.3386748 0.3339438 0.3131623 0.2825097 0.2811192 0.2716625 0.2781894 0.2492380 0.2670519 0.2566205 0.2901939 0.2896865 0.1959039 0.2249210 0.3001008 0.2365107 0.2365107 0.2599862 0.3255941 0.2479790 0.2479790 0.2737388 0.2522054 0.2489492 0.2605876 0.2610896 0.2722517 0.2603163 0.2449932 0.2697234 0.2479790 0.2385045 0.2319004 0.3145915 0.2285259 0.1978198 0.3269013 0.3283898 0.2847337 0.2076285 0.0117401 0.2079372 0.1406553 0.3057508 0.2126280 0.2917985 0.2207582 0.1906068 0.2331701 0.2307697 0.3198151 0.2317791 0.2134722 0.2168299 0.1694745 0.1990154 0.2724828 0.2490319 0.0000000 
