35
Burramyidae_Burramys_parvus                  0.0000000 0.0421608 0.0330125 0.0360970 0.0386666 0.0220221 0.0258697 0.0331316 0.0533554 0.0302290 0.0504537 0.0462513 0.0248712 0.0378887 0.0503943 0.0487550 0.0454050 0.0565670 0.0381228 0.0454356 0.0533175 0.0507924 0.0489704 0.0339320 0.0362376 0.0413504 0.0360006 0.0391369 0.0450766 0.0370833 0.0251633 0.0518506 0.0491648 0.0548767 0.0460369 
Notoryctidae_Notoryctes_typhlops             0.0421608 0.0000000 0.0424288 0.0460575 0.0491566 0.0383476 0.0398710 0.0445426 0.0552389 0.0430796 0.0564429 0.0516934 0.0399151 0.0485432 0.0563764 0.0551015 0.0511329 0.0568421 0.0493584 0.0539593 0.0613329 0.0586300 0.0548410 0.0462081 0.0396575 0.0553750 0.0455672 0.0489749 0.0574321 0.0468302 0.0394741 0.0537903 0.0558877 0.0566646 0.0523434 
Vombatidae_Lasiorhinus_latifrons             0.0330125 0.0424288 0.0000000 0.0376475 0.0394409 0.0263827 0.0291838 0.0353895 0.0531193 0.0303309 0.0506903 0.0446441 0.0268164 0.0383052 0.0506316 0.0505574 0.0462192 0.0546774 0.0385921 0.0474247 0.0538294 0.0512097 0.0496309 0.0355466 0.0381272 0.0425592 0.0382278 0.0406776 0.0459749 0.0397180 0.0264122 0.0507345 0.0505678 0.0545235 0.0476248 
Potoroidae_Bettongia_penicillata             0.0360970 0.0460575 0.0376475 0.0000000 0.0034640 0.0286199 0.0321422 0.0060083 0.0586889 0.0334946 0.0550701 0.0505232 0.0311535 0.0395384 0.0550681 0.0534969 0.0497401 0.0622509 0.0145929 0.0488811 0.0562683 0.0572756 0.0537392 0.0226936 0.0440228 0.0456752 0.0136306 0.0371899 0.0492225 0.0414055 0.0313993 0.0591301 0.0542682 0.0610735 0.0527637 
Potoroidae_Bettongia_lesueur                 0.0386666 0.0491566 0.0394409 0.0034640 0.0000000 0.0303894 0.0346278 0.0082535 0.0599116 0.0353484 0.0570348 0.0516767 0.0328978 0.0425037 0.0570329 0.0554216 0.0509807 0.0639083 0.0169378 0.0504414 0.0574206 0.0591729 0.0557146 0.0240808 0.0466904 0.0483431 0.0163077 0.0394041 0.0523545 0.0439847 0.0338761 0.0604177 0.0546726 0.0623080 0.0545173 
Phalangeridae_Trichosurus_vulpecula          0.0220221 0.0383476 0.0263827 0.0286199 0.0303894 0.0000000 0.0101990 0.0264966 0.0497520 0.0124338 0.0442541 0.0390877 0.0092459 0.0317624 0.0442028 0.0434301 0.0378401 0.0523821 0.0312337 0.0412575 0.0481062 0.0452904 0.0420842 0.0280578 0.0327105 0.0355448 0.0302986 0.0336836 0.0376106 0.0315231 0.0095494 0.0484631 0.0434385 0.0508331 0.0413471 
Phalangeridae_Spilocuscus_maculatus          0.0258697 0.0398710 0.0291838 0.0321422 0.0346278 0.0101990 0.0000000 0.0296276 0.0530859 0.0086652 0.0464553 0.0412329 0.0056919 0.0349758 0.0460510 0.0455994 0.0417993 0.0549601 0.0352476 0.0435126 0.0507167 0.0482271 0.0450817 0.0308366 0.0367324 0.0392060 0.0331957 0.0380800 0.0428318 0.0339568 0.0059926 0.0519019 0.0463454 0.0542340 0.0425819 
Potoroidae_Aepyprymnus_rufescens             0.0331316 0.0445426 0.0353895 0.0060083 0.0082535 0.0264966 0.0296276 0.0000000 0.0581935 0.0323249 0.0530523 0.0492622 0.0289903 0.0391254 0.0530502 0.0522187 0.0476681 0.0609755 0.0142461 0.0480558 0.0539313 0.0544921 0.0524723 0.0209424 0.0417547 0.0448258 0.0129619 0.0358051 0.0479542 0.0391058 0.0292411 0.0570755 0.0529849 0.0605698 0.0508631 
Peramelidae_Perameles_nasuta                 0.0533554 0.0552389 0.0531193 0.0586889 0.0599116 0.0497520 0.0530859 0.0581935 0.0000000 0.0558284 0.0611280 0.0550852 0.0506587 0.0593858 0.0610571 0.0586469 0.0574877 0.0118730 0.0594794 0.0726613 0.0709695 0.0679311 0.0582692 0.0565331 0.0504578 0.0660782 0.0588530 0.0677308 0.0646995 0.0572393 0.0501034 0.0099176 0.0582418 0.0009468 0.0559044 
Phalangeridae_Strigocuscus_pelengensis       0.0302290 0.0430796 0.0303309 0.0334946 0.0353484 0.0124338 0.0086652 0.0323249 0.0558284 0.0000000 0.0494534 0.0451311 0.0073183 0.0371306 0.0493933 0.0485379 0.0457342 0.0577441 0.0370747 0.0451069 0.0542615 0.0513865 0.0463371 0.0332884 0.0382219 0.0422647 0.0352098 0.0400983 0.0453681 0.0369001 0.0076469 0.0548420 0.0493302 0.0569809 0.0451160 
Dasyuridae_Phascogale_tapoatafa              0.0504537 0.0564429 0.0506903 0.0550701 0.0570348 0.0442541 0.0464553 0.0530523 0.0611280 0.0494534 0.0000000 0.0142087 0.0443693 0.0548836 0.0025153 0.0128126 0.0157653 0.0637185 0.0569492 0.0638407 0.0647722 0.0587269 0.0077080 0.0541347 0.0477785 0.0599535 0.0551767 0.0565518 0.0637668 0.0517228 0.0445811 0.0599459 0.0134698 0.0623111 0.0131110 
Dasyuridae_Sminthopsis_macroura              0.0462513 0.0516934 0.0446441 0.0505232 0.0516767 0.0390877 0.0412329 0.0492622 0.0550852 0.0451311 0.0142087 0.0000000 0.0391686 0.0513676 0.0135334 0.0131869 0.0069080 0.0570115 0.0515936 0.0572398 0.0600330 0.0536724 0.0146844 0.0487777 0.0428157 0.0563695 0.0505653 0.0527749 0.0567491 0.0486028 0.0393943 0.0547746 0.0131898 0.0562431 0.0131374 
Phalangeridae_Phalanger_orientalis           0.0248712 0.0399151 0.0268164 0.0311535 0.0328978 0.0092459 0.0056919 0.0289903 0.0506587 0.0073183 0.0443693 0.0391686 0.0000000 0.0336686 0.0443178 0.0435213 0.0390717 0.0524944 0.0334920 0.0432333 0.0503653 0.0476153 0.0429066 0.0302439 0.0345553 0.0385263 0.0314506 0.0359427 0.0410818 0.0329780 0.0034626 0.0493347 0.0442643 0.0517449 0.0405459 
Acrobatidae_Acrobates_pygmaeus               0.0378887 0.0485432 0.0383052 0.0395384 0.0425037 0.0317624 0.0349758 0.0391254 0.0593858 0.0371306 0.0548836 0.0513676 0.0336686 0.0000000 0.0559758 0.0548067 0.0469127 0.0617716 0.0427313 0.0480077 0.0593417 0.0578831 0.0542207 0.0400981 0.0423760 0.0446143 0.0418926 0.0413802 0.0434459 0.0260256 0.0328540 0.0565283 0.0571338 0.0605308 0.0551028 
Dasyuridae_Phascogale_calura                 0.0503943 0.0563764 0.0506316 0.0550681 0.0570329 0.0442028 0.0460510 0.0530502 0.0610571 0.0493933 0.0025153 0.0135334 0.0443178 0.0559758 0.0000000 0.0127979 0.0150460 0.0625176 0.0561789 0.0637641 0.0647712 0.0582962 0.0070575 0.0540999 0.0473689 0.0595120 0.0551458 0.0574360 0.0640601 0.0524171 0.0445295 0.0595183 0.0134544 0.0622388 0.0127161 
Dasyuridae_Sarcophilus_harrisii              0.0487550 0.0551015 0.0505574 0.0534969 0.0554216 0.0434301 0.0455994 0.0522187 0.0586469 0.0485379 0.0128126 0.0131869 0.0435213 0.0548067 0.0127979 0.0000000 0.0139585 0.0623562 0.0561230 0.0628844 0.0611846 0.0551456 0.0116210 0.0532604 0.0468917 0.0597904 0.0543258 0.0569197 0.0619447 0.0508308 0.0437349 0.0578729 0.0044116 0.0598188 0.0021379 
Dasyuridae_Planigale_tenuirostris            0.0454050 0.0511329 0.0462192 0.0497401 0.0509807 0.0378401 0.0417993 0.0476681 0.0574877 0.0457342 0.0157653 0.0069080 0.0390717 0.0469127 0.0150460 0.0139585 0.0000000 0.0577745 0.0503436 0.0575418 0.0594162 0.0532010 0.0150492 0.0484409 0.0413413 0.0567901 0.0500607 0.0505034 0.0576545 0.0476840 0.0390189 0.0545589 0.0139619 0.0585746 0.0121188 
Peramelidae_Echymipera_kalubu                0.0565670 0.0568421 0.0546774 0.0622509 0.0639083 0.0523821 0.0549601 0.0609755 0.0118730 0.0577441 0.0637185 0.0570115 0.0524944 0.0617716 0.0625176 0.0623562 0.0577745 0.0000000 0.0630710 0.0759415 0.0728855 0.0695480 0.0608874 0.0600656 0.0531938 0.0676219 0.0624467 0.0717075 0.0669854 0.0603972 0.0519342 0.0072022 0.0615967 0.0115490 0.0606111 
Macropodidae_Dorcopsulus_vanheurni           0.0381228 0.0493584 0.0385921 0.0145929 0.0169378 0.0312337 0.0352476 0.0142461 0.0594794 0.0370747 0.0569492 0.0515936 0.0334920 0.0427313 0.0561789 0.0561230 0.0503436 0.0630710 0.0000000 0.0527669 0.0584963 0.0608078 0.0547529 0.0248865 0.0464879 0.0495783 0.0096716 0.0409967 0.0534235 0.0452873 0.0330980 0.0599126 0.0569051 0.0618145 0.0550513 
Pseudochiridae_Pseudochirulus_forbesi        0.0454356 0.0539593 0.0474247 0.0488811 0.0504414 0.0412575 0.0435126 0.0480558 0.0726613 0.0451069 0.0638407 0.0572398 0.0432333 0.0480077 0.0637641 0.0628844 0.0575418 0.0759415 0.0527669 0.0000000 0.0648453 0.0624161 0.0633716 0.0465922 0.0503899 0.0407530 0.0501169 0.0266955 0.0450524 0.0467754 0.0434552 0.0707143 0.0624954 0.0737904 0.0624121 
Didelphidae_Didelphis_virginiana             0.0533175 0.0613329 0.0538294 0.0562683 0.0574206 0.0481062 0.0507167 0.0539313 0.0709695 0.0542615 0.0647722 0.0600330 0.0503653 0.0593417 0.0647712 0.0611846 0.0594162 0.0728855 0.0584963 0.0648453 0.0000000 0.0256433 0.0637716 0.0563041 0.0545499 0.0649667 0.0570827 0.0633010 0.0697534 0.0571951 0.0522139 0.0663372 0.0618614 0.0721065 0.0580017 
Marmosidae_Monodelphis_domestica             0.0507924 0.0586300 0.0512097 0.0572756 0.0591729 0.0452904 0.0482271 0.0544921 0.0679311 0.0513865 0.0587269 0.0536724 0.0476153 0.0578831 0.0582962 0.0551456 0.0532010 0.0695480 0.0608078 0.0624161 0.0256433 0.0000000 0.0578335 0.0562831 0.0485661 0.0575362 0.0594068 0.0574638 0.0634214 0.0549899 0.0489616 0.0659788 0.0562273 0.0683351 0.0531329 
Dasyuridae_Antechinus_stuartii               0.0489704 0.0548410 0.0496309 0.0537392 0.0557146 0.0420842 0.0450817 0.0524723 0.0582692 0.0463371 0.0077080 0.0146844 0.0429066 0.0542207 0.0070575 0.0116210 0.0150492 0.0608874 0.0547529 0.0633716 0.0637716 0.0578335 0.0000000 0.0527935 0.0461146 0.0590432 0.0537404 0.0564114 0.0627046 0.0514903 0.0431977 0.0575472 0.0129415 0.0592819 0.0117349 
Hypsiprymnodontidae_Hypsiprymnodon_moschatus 0.0339320 0.0462081 0.0355466 0.0226936 0.0240808 0.0280578 0.0308366 0.0209424 0.0565331 0.0332884 0.0541347 0.0487777 0.0302439 0.0400981 0.0540999 0.0532604 0.0484409 0.0600656 0.0248865 0.0465922 0.0563041 0.0562831 0.0527935 0.0000000 0.0423462 0.0449858 0.0239146 0.0391027 0.0484869 0.0411607 0.0304931 0.0562591 0.0532715 0.0585225 0.0515843 
Microbiotheriidae_Dromiciops_gliroides       0.0362376 0.0396575 0.0381272 0.0440228 0.0466904 0.0327105 0.0367324 0.0417547 0.0504578 0.0382219 0.0477785 0.0428157 0.0345553 0.0423760 0.0473689 0.0468917 0.0413413 0.0531938 0.0464879 0.0503899 0.0545499 0.0485661 0.0461146 0.0423462 0.0000000 0.0482041 0.0451564 0.0459006 0.0504926 0.0423274 0.0344949 0.0496289 0.0476605 0.0518639 0.0447990 
Pseudochiridae_Petauroides_volans            0.0413504 0.0553750 0.0425592 0.0456752 0.0483431 0.0355448 0.0392060 0.0448258 0.0660782 0.0422647 0.0599535 0.0563695 0.0385263 0.0446143 0.0595120 0.0597904 0.0567901 0.0676219 0.0495783 0.0407530 0.0649667 0.0575362 0.0590432 0.0449858 0.0482041 0.0000000 0.0474813 0.0326207 0.0448548 0.0434229 0.0384584 0.0647593 0.0610144 0.0666671 0.0575913 
Macropodidae_Wallabia_bicolor                0.0360006 0.0455672 0.0382278 0.0136306 0.0163077 0.0302986 0.0331957 0.0129619 0.0588530 0.0352098 0.0551767 0.0505653 0.0314506 0.0418926 0.0551458 0.0543258 0.0500607 0.0624467 0.0096716 0.0501169 0.0570827 0.0594068 0.0537404 0.0239146 0.0451564 0.0474813 0.0000000 0.0401536 0.0519963 0.0424068 0.0317322 0.0589385 0.0551050 0.0611509 0.0531656 
Pseudochiridae_Pseudocheirus_occidentalis    0.0391369 0.0489749 0.0406776 0.0371899 0.0394041 0.0336836 0.0380800 0.0358051 0.0677308 0.0400983 0.0565518 0.0527749 0.0359427 0.0413802 0.0574360 0.0569197 0.0505034 0.0717075 0.0409967 0.0266955 0.0633010 0.0574638 0.0564114 0.0391027 0.0459006 0.0326207 0.0401536 0.0000000 0.0410082 0.0403281 0.0363219 0.0652934 0.0564727 0.0692462 0.0542916 
Tarsipedidae_Tarsipes_rostratus              0.0450766 0.0574321 0.0459749 0.0492225 0.0523545 0.0376106 0.0428318 0.0479542 0.0646995 0.0453681 0.0637668 0.0567491 0.0410818 0.0434459 0.0640601 0.0619447 0.0576545 0.0669854 0.0534235 0.0450524 0.0697534 0.0634214 0.0627046 0.0484869 0.0504926 0.0448548 0.0519963 0.0410082 0.0000000 0.0417909 0.0413102 0.0649657 0.0643838 0.0670548 0.0618589 
Acrobatidae_Distoechurus_pennatus            0.0370833 0.0468302 0.0397180 0.0414055 0.0439847 0.0315231 0.0339568 0.0391058 0.0572393 0.0369001 0.0517228 0.0486028 0.0329780 0.0260256 0.0524171 0.0508308 0.0476840 0.0603972 0.0452873 0.0467754 0.0571951 0.0549899 0.0514903 0.0411607 0.0423274 0.0434229 0.0424068 0.0403281 0.0417909 0.0000000 0.0332387 0.0557794 0.0531076 0.0584033 0.0513722 
Phalangeridae_Phalanger_carmelitae           0.0251633 0.0394741 0.0264122 0.0313993 0.0338761 0.0095494 0.0059926 0.0292411 0.0501034 0.0076469 0.0445811 0.0393943 0.0034626 0.0328540 0.0445295 0.0437349 0.0390189 0.0519342 0.0330980 0.0434552 0.0522139 0.0489616 0.0431977 0.0304931 0.0344949 0.0384584 0.0317322 0.0363219 0.0413102 0.0332387 0.0000000 0.0488022 0.0444759 0.0512419 0.0413109 
Peramelidae_Peroryctes_raffrayana            0.0518506 0.0537903 0.0507345 0.0591301 0.0604177 0.0484631 0.0519019 0.0570755 0.0099176 0.0548420 0.0599459 0.0547746 0.0493347 0.0565283 0.0595183 0.0578729 0.0545589 0.0072022 0.0599126 0.0707143 0.0663372 0.0659788 0.0575472 0.0562591 0.0496289 0.0647593 0.0589385 0.0652934 0.0649657 0.0557794 0.0488022 0.0000000 0.0563089 0.0095938 0.0553838 
Dasyuridae_Dasyurus_geffroii                 0.0491648 0.0558877 0.0505678 0.0542682 0.0546726 0.0434385 0.0463454 0.0529849 0.0582418 0.0493302 0.0134698 0.0131898 0.0442643 0.0571338 0.0134544 0.0044116 0.0139619 0.0615967 0.0569051 0.0624954 0.0618614 0.0562273 0.0129415 0.0532715 0.0476605 0.0610144 0.0551050 0.0564727 0.0643838 0.0531076 0.0444759 0.0563089 0.0000000 0.0594122 0.0017808 
Peramelidae_Perameles_gunnii                 0.0548767 0.0566646 0.0545235 0.0610735 0.0623080 0.0508331 0.0542340 0.0605698 0.0009468 0.0569809 0.0623111 0.0562431 0.0517449 0.0605308 0.0622388 0.0598188 0.0585746 0.0115490 0.0618145 0.0737904 0.0721065 0.0683351 0.0592819 0.0585225 0.0518639 0.0666671 0.0611509 0.0692462 0.0670548 0.0584033 0.0512419 0.0095938 0.0594122 0.0000000 0.0571507 
Dasyuridae_Dasyurus_maculatus                0.0460369 0.0523434 0.0476248 0.0527637 0.0545173 0.0413471 0.0425819 0.0508631 0.0559044 0.0451160 0.0131110 0.0131374 0.0405459 0.0551028 0.0127161 0.0021379 0.0121188 0.0606111 0.0550513 0.0624121 0.0580017 0.0531329 0.0117349 0.0515843 0.0447990 0.0575913 0.0531656 0.0542916 0.0618589 0.0513722 0.0413109 0.0553838 0.0017808 0.0571507 0.0000000 
