37
Burramyidae_Burramys_parvus                  0.0000000 0.1484839 0.0543651 0.0658390 0.0659232 0.0889604 0.0651710 0.0436915 0.0635822 0.0951788 0.0743977 0.0862982 0.0974034 0.0703147 0.0562952 0.0845354 0.0858252 0.0702188 0.0876530 0.0600197 0.0534490 0.1176445 0.1025018 0.0890532 0.0582730 0.0583940 0.0474400 0.0536821 0.0521477 0.0678420 0.0564496 0.0664770 0.0700747 0.0886031 0.0942153 0.0835332 0.0835332 
Notoryctidae_Notoryctes_typhlops             0.1484839 0.0000000 0.1539543 0.1739680 0.1765761 0.1684128 0.1286454 0.1506600 0.1732887 0.1852127 0.1397299 0.1727901 0.1785140 0.1345257 0.1571362 0.1702961 0.1720362 0.1612875 0.1763079 0.1799076 0.1673648 0.1456169 0.1258961 0.1735860 0.1600311 0.0857487 0.1574444 0.1669681 0.1592835 0.1889456 0.1567236 0.1330999 0.1094120 0.1732151 0.1849273 0.1793696 0.1793696 
Vombatidae_Lasiorhinus_latifrons             0.0543651 0.1539543 0.0000000 0.0722411 0.0738027 0.0956499 0.0749050 0.0546137 0.0683141 0.0965142 0.0872788 0.0883973 0.0976596 0.0819328 0.0603679 0.0874274 0.0949481 0.0789569 0.0896392 0.0654418 0.0627888 0.1227974 0.1117551 0.0895044 0.0639151 0.0646100 0.0592398 0.0593517 0.0576556 0.0792544 0.0618114 0.0780529 0.0732822 0.0986692 0.0957920 0.1381424 0.1381424 
Potoroidae_Bettongia_penicillata             0.0658390 0.1739680 0.0722411 0.0000000 0.0048443 0.1116160 0.0854752 0.0632616 0.0136633 0.1084013 0.0958385 0.1118632 0.1177298 0.0901478 0.0695225 0.1078200 0.1071448 0.0929109 0.1051251 0.0249035 0.0743095 0.1324551 0.1336596 0.1150479 0.0422335 0.0724401 0.0690894 0.0242660 0.0632241 0.0918496 0.0704015 0.0876558 0.0842710 0.1133426 0.1099322 0.1466784 0.1466784 
Potoroidae_Bettongia_lesueur                 0.0659232 0.1765761 0.0738027 0.0048443 0.0000000 0.1108574 0.0852493 0.0623796 0.0148976 0.1091075 0.0951746 0.1116416 0.1169379 0.0895472 0.0711090 0.1076300 0.1064394 0.0946830 0.1063663 0.0239035 0.0754440 0.1345491 0.1340248 0.1142817 0.0414711 0.0720227 0.0721342 0.0237471 0.0659585 0.0926772 0.0695613 0.0865443 0.0850406 0.1125835 0.1106357 0.1466784 0.1466784 
Dasyuridae_Dasyurus_maculatus                0.0889604 0.1684128 0.0956499 0.1116160 0.1108574 0.0000000 0.0976603 0.0873754 0.1057256 0.1200211 0.1072151 0.0263267 0.0421702 0.1015133 0.1016580 0.0250105 0.0044555 0.0387792 0.1124151 0.1018935 0.0998647 0.1454592 0.1372378 0.0274169 0.1057464 0.0774424 0.0978062 0.0935911 0.0914754 0.1099256 0.1059658 0.0958995 0.0921358 0.0040610 0.1216283 0.0732824 0.0732824 
Phalangeridae_Trichosurus_vulpecula          0.0651710 0.1286454 0.0749050 0.0854752 0.0852493 0.0976603 0.0000000 0.0429781 0.0831166 0.1052636 0.0523266 0.1006826 0.1023586 0.0465678 0.0716613 0.0967077 0.0959765 0.0923668 0.1019640 0.0793135 0.0742908 0.1395151 0.1093520 0.0956038 0.0749643 0.0799435 0.0728029 0.0745354 0.0622378 0.0941851 0.0747930 0.0440879 0.0980692 0.1004887 0.1029719 0.1298431 0.1298431 
Phalangeridae_Spilocuscus_maculatus          0.0436915 0.1506600 0.0546137 0.0632616 0.0623796 0.0873754 0.0429781 0.0000000 0.0589756 0.0964234 0.0416130 0.0849435 0.0904565 0.0356792 0.0522027 0.0809104 0.0857160 0.0696676 0.0908034 0.0557571 0.0543122 0.1184615 0.1083695 0.0860627 0.0508301 0.0540868 0.0509611 0.0523696 0.0471358 0.0634020 0.0514119 0.0327464 0.0707752 0.0893079 0.0950092 0.1583655 0.1583655 
Potoroidae_Aepyprymnus_rufescens             0.0635822 0.1732887 0.0683141 0.0136633 0.0148976 0.1057256 0.0831166 0.0589756 0.0000000 0.1034816 0.0943760 0.1061680 0.1120399 0.0888902 0.0694660 0.1022511 0.1014866 0.0885699 0.0997863 0.0234207 0.0703014 0.1332363 0.1325342 0.1067759 0.0419259 0.0716818 0.0642863 0.0242107 0.0583085 0.0867491 0.0722762 0.0848026 0.0804257 0.1069242 0.1049826 0.1167236 0.1167236 
Peramelidae_Perameles_nasuta                 0.0951788 0.1852127 0.0965142 0.1084013 0.1091075 0.1200211 0.1052636 0.0964234 0.1034816 0.0000000 0.1171660 0.1183049 0.1267080 0.1148988 0.0984764 0.1169354 0.1194028 0.1187512 0.0128494 0.1087680 0.1055356 0.1395348 0.1334099 0.1223056 0.1033910 0.0808471 0.1015307 0.0999228 0.1021871 0.1196861 0.1088294 0.1086921 0.0151709 0.1247874 0.0008187 0.1322420 0.1322420 
Phalangeridae_Strigocuscus_pelengensis       0.0743977 0.1397299 0.0872788 0.0958385 0.0951746 0.1072151 0.0523266 0.0416130 0.0943760 0.1171660 0.0000000 0.1073820 0.1130776 0.0266500 0.0814946 0.1044927 0.1022995 0.0988011 0.1160889 0.0921840 0.0837615 0.1480477 0.1231094 0.1020968 0.0824642 0.0901693 0.0812539 0.0883047 0.0736722 0.0910059 0.0829685 0.0242766 0.1098910 0.1081677 0.1153479 0.1650640 0.1650640 
Dasyuridae_Phascogale_tapoatafa              0.0862982 0.1727901 0.0883973 0.1118632 0.1116416 0.0263267 0.1006826 0.0849435 0.1061680 0.1183049 0.1073820 0.0000000 0.0339530 0.1011384 0.0994233 0.0032472 0.0251264 0.0421106 0.1107999 0.1046106 0.0927431 0.1414094 0.1286950 0.0099189 0.1070531 0.0744910 0.0900406 0.0949805 0.0920461 0.0967513 0.0980192 0.0961748 0.0907761 0.0274513 0.1198899 0.0732824 0.0732824 
Dasyuridae_Sminthopsis_macroura              0.0974034 0.1785140 0.0976596 0.1177298 0.1169379 0.0421702 0.1023586 0.0904565 0.1120399 0.1267080 0.1130776 0.0339530 0.0000000 0.1049203 0.1020919 0.0331352 0.0414634 0.0365012 0.1191164 0.1132688 0.1025968 0.1493842 0.1457236 0.0346264 0.1133207 0.0800541 0.1005517 0.1069478 0.1017300 0.1042750 0.1019860 0.1018114 0.0992588 0.0451544 0.1270698 0.0739135 0.0739135 
Phalangeridae_Phalanger_orientalis           0.0703147 0.1345257 0.0819328 0.0901478 0.0895472 0.1015133 0.0465678 0.0356792 0.0888902 0.1148988 0.0266500 0.1011384 0.1049203 0.0000000 0.0751492 0.0971181 0.0996979 0.0934479 0.1101966 0.0853965 0.0789584 0.1421329 0.1121199 0.0918849 0.0784426 0.0803699 0.0760203 0.0805715 0.0694754 0.0939302 0.0779326 0.0157137 0.1077046 0.1036213 0.1125298 0.1672643 0.1672643 
Acrobatidae_Acrobates_pygmaeus               0.0562952 0.1571362 0.0603679 0.0695225 0.0711090 0.1016580 0.0716613 0.0522027 0.0694660 0.0984764 0.0814946 0.0994233 0.1020919 0.0751492 0.0000000 0.0965271 0.0975257 0.0812337 0.0908147 0.0660050 0.0552132 0.1278122 0.1187529 0.0989162 0.0659940 0.0591566 0.0537998 0.0578342 0.0518720 0.0692215 0.0330685 0.0738974 0.0761586 0.1017250 0.0976188 0.0868057 0.0868057 
Dasyuridae_Phascogale_calura                 0.0845354 0.1702961 0.0874274 0.1078200 0.1076300 0.0250105 0.0967077 0.0809104 0.1022511 0.1169354 0.1044927 0.0032472 0.0331352 0.0971181 0.0965271 0.0000000 0.0239615 0.0411401 0.1095476 0.1005588 0.0907500 0.1415445 0.1308907 0.0094921 0.1048833 0.0715544 0.0871082 0.0924214 0.0900452 0.0941073 0.0957527 0.0929382 0.0890568 0.0267971 0.1184977 0.0732824 0.0732824 
Dasyuridae_Sarcophilus_harrisii              0.0858252 0.1720362 0.0949481 0.1071448 0.1064394 0.0044555 0.0959765 0.0857160 0.1014866 0.1194028 0.1022995 0.0251264 0.0414634 0.0996979 0.0975257 0.0239615 0.0000000 0.0383365 0.1114211 0.0975580 0.0972243 0.1423937 0.1342763 0.0283498 0.1020673 0.0762984 0.0943726 0.0895774 0.0890994 0.1060375 0.1011355 0.0949144 0.0903706 0.0051821 0.1209675 0.0635833 0.0635833 
Dasyuridae_Planigale_tenuirostris            0.0702188 0.1612875 0.0789569 0.0929109 0.0946830 0.0387792 0.0923668 0.0696676 0.0885699 0.1187512 0.0988011 0.0421106 0.0365012 0.0934479 0.0812337 0.0411401 0.0383365 0.0000000 0.1103565 0.0868703 0.0783928 0.1351076 0.1250349 0.0420428 0.0853950 0.0698640 0.0773364 0.0815223 0.0710369 0.0821890 0.0862128 0.0896890 0.0892424 0.0401612 0.1195055 0.0534237 0.0534237 
Peramelidae_Echymipera_kalubu                0.0876530 0.1763079 0.0896392 0.1051251 0.1063663 0.1124151 0.1019640 0.0908034 0.0997863 0.0128494 0.1160889 0.1107999 0.1191164 0.1101966 0.0908147 0.1095476 0.1114211 0.1103565 0.0000000 0.1043863 0.0982164 0.1329649 0.1232513 0.1162349 0.0951330 0.0771869 0.0943831 0.0954536 0.0958515 0.1119368 0.1039622 0.1051696 0.0088934 0.1165572 0.0124502 0.1287510 0.1287510 
Macropodidae_Dorcopsulus_vanheurni           0.0600197 0.1799076 0.0654418 0.0249035 0.0239035 0.1018935 0.0793135 0.0557571 0.0234207 0.1087680 0.0921840 0.1046106 0.1132688 0.0853965 0.0660050 0.1005588 0.0975580 0.0868703 0.1043863 0.0000000 0.0706088 0.1220604 0.1314477 0.1060543 0.0356626 0.0681294 0.0639746 0.0114063 0.0604109 0.0871259 0.0679266 0.0809385 0.0814344 0.1040927 0.1092519 0.0949358 0.0949358 
Pseudochiridae_Pseudochirulus_forbesi        0.0534490 0.1673648 0.0627888 0.0743095 0.0754440 0.0998647 0.0742908 0.0543122 0.0703014 0.1055356 0.0837615 0.0927431 0.1025968 0.0789584 0.0552132 0.0907500 0.0972243 0.0783928 0.0982164 0.0706088 0.0000000 0.1193424 0.1110278 0.0965742 0.0652244 0.0600286 0.0265904 0.0642229 0.0192534 0.0497566 0.0571178 0.0766944 0.0808915 0.1000407 0.1043926 0.1440492 0.1440492 
Didelphidae_Didelphis_virginiana             0.1176445 0.1456169 0.1227974 0.1324551 0.1345491 0.1454592 0.1395151 0.1184615 0.1332363 0.1395348 0.1480477 0.1414094 0.1493842 0.1421329 0.1278122 0.1415445 0.1423937 0.1351076 0.1329649 0.1220604 0.1193424 0.0000000 0.0611863 0.1393326 0.1206978 0.1160094 0.1225863 0.1096234 0.1058441 0.1179891 0.1259915 0.1386537 0.1294876 0.1458257 0.1364149 0.1412353 0.1412353 
Marmosidae_Monodelphis_domestica             0.1025018 0.1258961 0.1117551 0.1336596 0.1340248 0.1372378 0.1093520 0.1083695 0.1325342 0.1334099 0.1231094 0.1286950 0.1457236 0.1121199 0.1187529 0.1308907 0.1342763 0.1250349 0.1232513 0.1314477 0.1110278 0.0611863 0.0000000 0.1280360 0.1124481 0.1123047 0.1091613 0.1103908 0.0992697 0.1049524 0.1106985 0.1091176 0.1205610 0.1376778 0.1299733 0.1189234 0.1189234 
Dasyuridae_Antechinus_stuartii               0.0890532 0.1735860 0.0895044 0.1150479 0.1142817 0.0274169 0.0956038 0.0860627 0.1067759 0.1223056 0.1020968 0.0099189 0.0346264 0.0918849 0.0989162 0.0094921 0.0283498 0.0420428 0.1162349 0.1060543 0.0965742 0.1393326 0.1280360 0.0000000 0.1137481 0.0739418 0.0940005 0.0966808 0.0964574 0.0965678 0.0989273 0.0892042 0.0923062 0.0298976 0.1232501 0.0605062 0.0605062 
Hypsiprymnodontidae_Hypsiprymnodon_moschatus 0.0582730 0.1600311 0.0639151 0.0422335 0.0414711 0.1057464 0.0749643 0.0508301 0.0419259 0.1033910 0.0824642 0.1070531 0.1133207 0.0784426 0.0659940 0.1048833 0.1020673 0.0853950 0.0951330 0.0356626 0.0652244 0.1206978 0.1124481 0.1137481 0.0000000 0.0638842 0.0611651 0.0363337 0.0569740 0.0794709 0.0662894 0.0745627 0.0778590 0.1069985 0.1023719 0.1043234 0.1043234 
Microbiotheriidae_Dromiciops_gliroides       0.0583940 0.0857487 0.0646100 0.0724401 0.0720227 0.0774424 0.0799435 0.0540868 0.0716818 0.0808471 0.0901693 0.0744910 0.0800541 0.0803699 0.0591566 0.0715544 0.0762984 0.0698640 0.0771869 0.0681294 0.0600286 0.1160094 0.1123047 0.0739418 0.0638842 0.0000000 0.0605777 0.0610346 0.0561294 0.0621097 0.0650028 0.0801915 0.0753539 0.0814807 0.0802822 0.1158539 0.1158539 
Pseudochiridae_Petauroides_volans            0.0474400 0.1574444 0.0592398 0.0690894 0.0721342 0.0978062 0.0728029 0.0509611 0.0642863 0.1015307 0.0812539 0.0900406 0.1005517 0.0760203 0.0537998 0.0871082 0.0943726 0.0773364 0.0943831 0.0639746 0.0265904 0.1225863 0.1091613 0.0940005 0.0611651 0.0605777 0.0000000 0.0578389 0.0270024 0.0517601 0.0528501 0.0721814 0.0722214 0.0980134 0.0999895 0.1513633 0.1513633 
Macropodidae_Wallabia_bicolor                0.0536821 0.1669681 0.0593517 0.0242660 0.0237471 0.0935911 0.0745354 0.0523696 0.0242107 0.0999228 0.0883047 0.0949805 0.1069478 0.0805715 0.0578342 0.0924214 0.0895774 0.0815223 0.0954536 0.0114063 0.0642229 0.1096234 0.1103908 0.0966808 0.0363337 0.0610346 0.0578389 0.0000000 0.0530868 0.0774373 0.0590465 0.0768546 0.0727048 0.0946159 0.1022211 0.0862484 0.0862484 
Pseudochiridae_Pseudocheirus_occidentalis    0.0521477 0.1592835 0.0576556 0.0632241 0.0659585 0.0914754 0.0622378 0.0471358 0.0583085 0.1021871 0.0736722 0.0920461 0.1017300 0.0694754 0.0518720 0.0900452 0.0890994 0.0710369 0.0958515 0.0604109 0.0192534 0.1058441 0.0992697 0.0964574 0.0569740 0.0561294 0.0270024 0.0530868 0.0000000 0.0546176 0.0561236 0.0661429 0.0729393 0.0904991 0.1014118 0.0688377 0.0688377 
Tarsipedidae_Tarsipes_rostratus              0.0678420 0.1889456 0.0792544 0.0918496 0.0926772 0.1099256 0.0941851 0.0634020 0.0867491 0.1196861 0.0910059 0.0967513 0.1042750 0.0939302 0.0692215 0.0941073 0.1060375 0.0821890 0.1119368 0.0871259 0.0497566 0.1179891 0.1049524 0.0965678 0.0794709 0.0621097 0.0517601 0.0774373 0.0546176 0.0000000 0.0663266 0.0906713 0.0850755 0.1106361 0.1198964 0.1913503 0.1913503 
Acrobatidae_Distoechurus_pennatus            0.0564496 0.1567236 0.0618114 0.0704015 0.0695613 0.1059658 0.0747930 0.0514119 0.0722762 0.1088294 0.0829685 0.0980192 0.1019860 0.0779326 0.0330685 0.0957527 0.1011355 0.0862128 0.1039622 0.0679266 0.0571178 0.1259915 0.1106985 0.0989273 0.0662894 0.0650028 0.0528501 0.0590465 0.0561236 0.0663266 0.0000000 0.0756453 0.0824443 0.1060353 0.1084881 0.1302449 0.1302449 
Phalangeridae_Phalanger_carmelitae           0.0664770 0.1330999 0.0780529 0.0876558 0.0865443 0.0958995 0.0440879 0.0327464 0.0848026 0.1086921 0.0242766 0.0961748 0.1018114 0.0157137 0.0738974 0.0929382 0.0949144 0.0896890 0.1051696 0.0809385 0.0766944 0.1386537 0.1091176 0.0892042 0.0745627 0.0801915 0.0721814 0.0768546 0.0661429 0.0906713 0.0756453 0.0000000 0.1019138 0.0987765 0.1064468 0.1527274 0.1527274 
Peramelidae_Peroryctes_raffrayana            0.0700747 0.1094120 0.0732822 0.0842710 0.0850406 0.0921358 0.0980692 0.0707752 0.0804257 0.0151709 0.1098910 0.0907761 0.0992588 0.1077046 0.0761586 0.0890568 0.0903706 0.0892424 0.0088934 0.0814344 0.0808915 0.1294876 0.1205610 0.0923062 0.0778590 0.0753539 0.0722214 0.0727048 0.0729393 0.0850755 0.0824443 0.1019138 0.0000000 0.0957639 0.0149473 0.1246434 0.1246434 
Dasyuridae_Dasyurus_geffroii                 0.0886031 0.1732151 0.0986692 0.1133426 0.1125835 0.0040610 0.1004887 0.0893079 0.1069242 0.1247874 0.1081677 0.0274513 0.0451544 0.1036213 0.1017250 0.0267971 0.0051821 0.0401612 0.1165572 0.1040927 0.1000407 0.1458257 0.1376778 0.0298976 0.1069985 0.0814807 0.0980134 0.0946159 0.0904991 0.1106361 0.1060353 0.0987765 0.0957639 0.0000000 0.1263923 0.0956822 0.0956822 
Peramelidae_Perameles_gunnii                 0.0942153 0.1849273 0.0957920 0.1099322 0.1106357 0.1216283 0.1029719 0.0950092 0.1049826 0.0008187 0.1153479 0.1198899 0.1270698 0.1125298 0.0976188 0.1184977 0.1209675 0.1195055 0.0124502 0.1092519 0.1043926 0.1364149 0.1299733 0.1232501 0.1023719 0.0802822 0.0999895 0.1022211 0.1014118 0.1198964 0.1084881 0.1064468 0.0149473 0.1263923 0.0000000 0.1423189 0.1423189 
Myrmecobiidae_Myrmecobius_fasciatus1         0.0835332 0.1793696 0.1381424 0.1466784 0.1466784 0.0732824 0.1298431 0.1583655 0.1167236 0.1322420 0.1650640 0.0732824 0.0739135 0.1672643 0.0868057 0.0732824 0.0635833 0.0534237 0.1287510 0.0949358 0.1440492 0.1412353 0.1189234 0.0605062 0.1043234 0.1158539 0.1513633 0.0862484 0.0688377 0.1913503 0.1302449 0.1527274 0.1246434 0.0956822 0.1423189 0.0000000 0.0000010 
Myrmecobiidae_Myrmecobius_fasciatus2         0.0835332 0.1793696 0.1381424 0.1466784 0.1466784 0.0732824 0.1298431 0.1583655 0.1167236 0.1322420 0.1650640 0.0732824 0.0739135 0.1672643 0.0868057 0.0732824 0.0635833 0.0534237 0.1287510 0.0949358 0.1440492 0.1412353 0.1189234 0.0605062 0.1043234 0.1158539 0.1513633 0.0862484 0.0688377 0.1913503 0.1302449 0.1527274 0.1246434 0.0956822 0.1423189 0.0000010 0.0000000 
