35
Burramyidae_Burramys_parvus                  0.0000000 0.0498993 0.0397777 0.0455558 0.0449442 0.1175336 0.0282930 0.0359545 0.0454018 0.0881955 0.0309955 0.1210480 0.1017626 0.0344708 0.0362960 0.1158605 0.1197225 0.1223723 0.0800956 0.0501285 0.0399946 0.1110328 0.1393339 0.1156049 0.0263432 0.0662206 0.0359591 0.0413061 0.0266852 0.0588938 0.0453969 0.0323936 0.0845261 0.1218152 0.0935351 
Notoryctidae_Notoryctes_typhlops             0.0498993 0.0000000 0.0673068 0.0757280 0.0727270 0.1267341 0.0662204 0.0894108 0.0779305 0.0971755 0.0766707 0.1246141 0.1183272 0.0763427 0.0756479 0.1233320 0.1226410 0.1365615 0.0893363 0.0818720 0.0901446 0.1314819 0.1563890 0.1189624 0.0533548 0.0797667 0.0782221 0.0772654 0.0866722 0.1016209 0.0845926 0.0777393 0.0862060 0.1242630 0.1035202 
Vombatidae_Lasiorhinus_latifrons             0.0397777 0.0673068 0.0000000 0.0541375 0.0551717 0.1102957 0.0440287 0.0639546 0.0620075 0.0923080 0.0530632 0.1133290 0.0899207 0.0554994 0.0594118 0.1079483 0.1096724 0.1082805 0.0824597 0.0665975 0.0602381 0.1255519 0.1498566 0.1006842 0.0361804 0.0763481 0.0562102 0.0511887 0.0429495 0.0928094 0.0643813 0.0492995 0.0852501 0.1113338 0.0993691 
Potoroidae_Bettongia_penicillata             0.0455558 0.0757280 0.0541375 0.0000000 0.0031284 0.1286250 0.0532746 0.0813681 0.0058800 0.1058866 0.0613182 0.1306904 0.1056567 0.0713766 0.0583000 0.1273847 0.1283435 0.1290919 0.0995283 0.0160912 0.0716350 0.1281214 0.1566733 0.1192082 0.0234131 0.0833734 0.0523464 0.0101826 0.0597935 0.0807966 0.0709290 0.0674835 0.1122726 0.1307357 0.1086518 
Potoroidae_Bettongia_lesueur                 0.0449442 0.0727270 0.0551717 0.0031284 0.0000000 0.1310111 0.0565180 0.0836014 0.0065369 0.1079983 0.0637649 0.1308540 0.1035694 0.0739816 0.0638322 0.1275448 0.1307422 0.1292802 0.1000752 0.0178242 0.0719964 0.1271475 0.1559938 0.1205343 0.0239193 0.0861072 0.0571123 0.0112372 0.0618436 0.0867223 0.0744824 0.0700250 0.1113496 0.1331257 0.1113262 
Dasyuridae_Dasyurus_maculatus                0.1175336 0.1267341 0.1102957 0.1286250 0.1310111 0.0000000 0.1264649 0.1316415 0.1349265 0.1625995 0.1297716 0.0112774 0.0153654 0.1304697 0.1350417 0.0110025 0.0038705 0.0266164 0.1484360 0.1241371 0.1347631 0.1647772 0.1570768 0.0097529 0.1138820 0.1135117 0.1319331 0.1256339 0.1417239 0.1596458 0.1423368 0.1263442 0.1636060 0.0029343 0.1543865 
Phalangeridae_Trichosurus_vulpecula          0.0282930 0.0662204 0.0440287 0.0532746 0.0565180 0.1264649 0.0000000 0.0137394 0.0536924 0.1100851 0.0114925 0.1323947 0.1147679 0.0115329 0.0353670 0.1283896 0.1282281 0.1350821 0.0989834 0.0572242 0.0426017 0.1040671 0.1308654 0.1229340 0.0331348 0.0744897 0.0379645 0.0486331 0.0284516 0.0716695 0.0556902 0.0107083 0.1024765 0.1274497 0.1100427 
Phalangeridae_Spilocuscus_maculatus          0.0359545 0.0894108 0.0639546 0.0813681 0.0836014 0.1316415 0.0137394 0.0000000 0.0809775 0.1196855 0.0067075 0.1376420 0.1163067 0.0061428 0.0515452 0.1380135 0.1333859 0.1456289 0.1158736 0.0876836 0.0491544 0.1208037 0.1329017 0.1316992 0.0496046 0.1026932 0.0550957 0.0770740 0.0337657 0.0944827 0.0686596 0.0061178 0.1148647 0.1275284 0.1233201 
Potoroidae_Aepyprymnus_rufescens             0.0454018 0.0779305 0.0620075 0.0058800 0.0065369 0.1349265 0.0536924 0.0809775 0.0000000 0.1114508 0.0608064 0.1379757 0.1103776 0.0702957 0.0649881 0.1322584 0.1339425 0.1377810 0.0990509 0.0170305 0.0705486 0.1302666 0.1565013 0.1275218 0.0234176 0.0882238 0.0565704 0.0108299 0.0585224 0.0821582 0.0707133 0.0662920 0.1148320 0.1369776 0.1102262 
Peramelidae_Perameles_nasuta                 0.0881955 0.0971755 0.0923080 0.1058866 0.1079983 0.1625995 0.1100851 0.1196855 0.1114508 0.0000000 0.1063672 0.1622399 0.1552698 0.1089016 0.1114485 0.1711619 0.1639663 0.1826406 0.0047535 0.1319661 0.1209044 0.1537733 0.2037928 0.1537630 0.0946015 0.1229792 0.1036465 0.1017523 0.1102475 0.1188936 0.1090796 0.1105648 0.0069604 0.1605891 0.0000010 
Phalangeridae_Strigocuscus_pelengensis       0.0309955 0.0766707 0.0530632 0.0613182 0.0637649 0.1297716 0.0114925 0.0067075 0.0608064 0.1063672 0.0000000 0.1307980 0.1132947 0.0064071 0.0444237 0.1295596 0.1315507 0.1380595 0.0984671 0.0640589 0.0492245 0.1277087 0.1352741 0.1228182 0.0444144 0.0837052 0.0454979 0.0569362 0.0293054 0.0752228 0.0583289 0.0055405 0.0992302 0.1274977 0.1073601 
Dasyuridae_Phascogale_tapoatafa              0.1210480 0.1246141 0.1133290 0.1306904 0.1308540 0.0112774 0.1323947 0.1376420 0.1379757 0.1622399 0.1307980 0.0000000 0.0129037 0.1331794 0.1414702 0.0029778 0.0112851 0.0235997 0.1473612 0.1277230 0.1392111 0.1637893 0.1626439 0.0062395 0.1113302 0.1252351 0.1365124 0.1328282 0.1440858 0.1603491 0.1340924 0.1311355 0.1661974 0.0110399 0.1509433 
Dasyuridae_Sminthopsis_macroura              0.1017626 0.1183272 0.0899207 0.1056567 0.1035694 0.0153654 0.1147679 0.1163067 0.1103776 0.1552698 0.1132947 0.0129037 0.0000000 0.1164731 0.1277040 0.0131714 0.0163591 0.0133929 0.1333948 0.1007249 0.1215758 0.1561681 0.1526766 0.0112758 0.0910574 0.1151720 0.1187799 0.1044165 0.1220895 0.1479060 0.1250906 0.1136815 0.1541127 0.0160476 0.1395747 
Phalangeridae_Phalanger_orientalis           0.0344708 0.0763427 0.0554994 0.0713766 0.0739816 0.1304697 0.0115329 0.0061428 0.0702957 0.1089016 0.0064071 0.1331794 0.1164731 0.0000000 0.0448762 0.1335954 0.1311252 0.1443610 0.1026943 0.0692501 0.0576289 0.1309354 0.1364796 0.1268519 0.0424950 0.0881561 0.0522055 0.0663260 0.0327238 0.0785352 0.0627627 0.0016781 0.1009140 0.1292979 0.1150159 
Acrobatidae_Acrobates_pygmaeus               0.0362960 0.0756479 0.0594118 0.0583000 0.0638322 0.1350417 0.0353670 0.0515452 0.0649881 0.1114485 0.0444237 0.1414702 0.1277040 0.0448762 0.0000000 0.1377048 0.1333595 0.1514981 0.1016757 0.0734856 0.0528523 0.1269519 0.1543234 0.1369957 0.0401073 0.0865684 0.0470778 0.0600133 0.0395862 0.0710579 0.0226237 0.0421212 0.1098759 0.1329576 0.1117566 
Dasyuridae_Phascogale_calura                 0.1158605 0.1233320 0.1079483 0.1273847 0.1275448 0.0110025 0.1283896 0.1380135 0.1322584 0.1711619 0.1295596 0.0029778 0.0131714 0.1335954 0.1377048 0.0000000 0.0123525 0.0239069 0.1499509 0.1181423 0.1332485 0.1652399 0.1546651 0.0064490 0.1104518 0.1187418 0.1337967 0.1277304 0.1459179 0.1618961 0.1384472 0.1293772 0.1723483 0.0118271 0.1559085 
Dasyuridae_Sarcophilus_harrisii              0.1197225 0.1226410 0.1096724 0.1283435 0.1307422 0.0038705 0.1282281 0.1333859 0.1339425 0.1639663 0.1315507 0.0112851 0.0163591 0.1311252 0.1333595 0.0123525 0.0000000 0.0283008 0.1503289 0.1260129 0.1363765 0.1656377 0.1616434 0.0097811 0.1112360 0.1197763 0.1304450 0.1309293 0.1447352 0.1575547 0.1354969 0.1269661 0.1694445 0.0033068 0.1562507 
Dasyuridae_Planigale_tenuirostris            0.1223723 0.1365615 0.1082805 0.1290919 0.1292802 0.0266164 0.1350821 0.1456289 0.1377810 0.1826406 0.1380595 0.0235997 0.0133929 0.1443610 0.1514981 0.0239069 0.0283008 0.0000000 0.1581989 0.1274988 0.1457867 0.1767486 0.1845019 0.0203846 0.1184570 0.1475472 0.1370001 0.1253580 0.1529244 0.1690038 0.1393649 0.1397605 0.1823965 0.0267658 0.1610879 
Peramelidae_Echymipera_kalubu                0.0800956 0.0893363 0.0824597 0.0995283 0.1000752 0.1484360 0.0989834 0.1158736 0.0990509 0.0047535 0.0984671 0.1473612 0.1333948 0.1026943 0.1016757 0.1499509 0.1503289 0.1581989 0.0000000 0.1164892 0.1146477 0.1504420 0.1856180 0.1383365 0.0794562 0.0992895 0.1005255 0.0960966 0.0999875 0.1184174 0.1086600 0.1021036 0.0034851 0.1484762 0.0076564 
Macropodidae_Dorcopsulus_vanheurni           0.0501285 0.0818720 0.0665975 0.0160912 0.0178242 0.1241371 0.0572242 0.0876836 0.0170305 0.1319661 0.0640589 0.1277230 0.1007249 0.0692501 0.0734856 0.1181423 0.1260129 0.1274988 0.1164892 0.0000000 0.0778453 0.1444315 0.1574218 0.1128505 0.0298185 0.0902894 0.0680622 0.0102591 0.0730360 0.1007517 0.0906015 0.0664432 0.1341998 0.1295697 0.1250784 
Pseudochiridae_Pseudochirulus_forbesi        0.0399946 0.0901446 0.0602381 0.0716350 0.0719964 0.1347631 0.0426017 0.0491544 0.0705486 0.1209044 0.0492245 0.1392111 0.1215758 0.0576289 0.0528523 0.1332485 0.1363765 0.1457867 0.1146477 0.0778453 0.0000000 0.1434425 0.1539694 0.1322377 0.0502087 0.0978629 0.0293108 0.0722633 0.0123083 0.0620687 0.0650998 0.0560875 0.1183527 0.1324543 0.1277101 
Didelphidae_Didelphis_virginiana             0.1110328 0.1314819 0.1255519 0.1281214 0.1271475 0.1647772 0.1040671 0.1208037 0.1302666 0.1537733 0.1277087 0.1637893 0.1561681 0.1309354 0.1269519 0.1652399 0.1656377 0.1767486 0.1504420 0.1444315 0.1434425 0.0000000 0.0336393 0.1609518 0.1195562 0.1302183 0.1352774 0.1366962 0.1277884 0.1471771 0.1387607 0.1268806 0.1464187 0.1678681 0.1592857 
Marmosidae_Monodelphis_domestica             0.1393339 0.1563890 0.1498566 0.1566733 0.1559938 0.1570768 0.1308654 0.1329017 0.1565013 0.2037928 0.1352741 0.1626439 0.1526766 0.1364796 0.1543234 0.1546651 0.1616434 0.1845019 0.1856180 0.1574218 0.1539694 0.0336393 0.0000000 0.1514833 0.1335614 0.1490939 0.1615172 0.1632570 0.1571269 0.1714544 0.1663996 0.1323546 0.1999727 0.1579775 0.1961288 
Dasyuridae_Antechinus_stuartii               0.1156049 0.1189624 0.1006842 0.1192082 0.1205343 0.0097529 0.1229340 0.1316992 0.1275218 0.1537630 0.1228182 0.0062395 0.0112758 0.1268519 0.1369957 0.0064490 0.0097811 0.0203846 0.1383365 0.1128505 0.1322377 0.1609518 0.1514833 0.0000000 0.1062197 0.1178154 0.1277393 0.1199991 0.1420652 0.1554837 0.1322667 0.1228243 0.1594960 0.0095358 0.1432733 
Hypsiprymnodontidae_Hypsiprymnodon_moschatus 0.0263432 0.0533548 0.0361804 0.0234131 0.0239193 0.1138820 0.0331348 0.0496046 0.0234176 0.0946015 0.0444144 0.1113302 0.0910574 0.0424950 0.0401073 0.1104518 0.1112360 0.1184570 0.0794562 0.0298185 0.0502087 0.1195562 0.1335614 0.1062197 0.0000000 0.0695586 0.0354550 0.0221203 0.0389243 0.0647542 0.0470085 0.0429190 0.0896780 0.1137962 0.0935845 
Microbiotheriidae_Dromiciops_gliroides       0.0662206 0.0797667 0.0763481 0.0833734 0.0861072 0.1135117 0.0744897 0.1026932 0.0882238 0.1229792 0.0837052 0.1252351 0.1151720 0.0881561 0.0865684 0.1187418 0.1197763 0.1475472 0.0992895 0.0902894 0.0978629 0.1302183 0.1490939 0.1178154 0.0695586 0.0000000 0.0836883 0.0848292 0.0727779 0.1145799 0.1079029 0.0840619 0.1136008 0.1141815 0.1125057 
Pseudochiridae_Petauroides_volans            0.0359591 0.0782221 0.0562102 0.0523464 0.0571123 0.1319331 0.0379645 0.0550957 0.0565704 0.1036465 0.0454979 0.1365124 0.1187799 0.0522055 0.0470778 0.1337967 0.1304450 0.1370001 0.1005255 0.0680622 0.0293108 0.1352774 0.1615172 0.1277393 0.0354550 0.0836883 0.0000000 0.0591389 0.0207780 0.0511659 0.0529107 0.0492571 0.1029437 0.1307548 0.1144021 
Macropodidae_Wallabia_bicolor                0.0413061 0.0772654 0.0511887 0.0101826 0.0112372 0.1256339 0.0486331 0.0770740 0.0108299 0.1017523 0.0569362 0.1328282 0.1044165 0.0663260 0.0600133 0.1277304 0.1309293 0.1253580 0.0960966 0.0102591 0.0722633 0.1366962 0.1632570 0.1199991 0.0221203 0.0848292 0.0591389 0.0000000 0.0482424 0.0874551 0.0742805 0.0625391 0.1042664 0.1300156 0.1064665 
Pseudochiridae_Pseudocheirus_occidentalis    0.0266852 0.0866722 0.0429495 0.0597935 0.0618436 0.1417239 0.0284516 0.0337657 0.0585224 0.1102475 0.0293054 0.1440858 0.1220895 0.0327238 0.0395862 0.1459179 0.1447352 0.1529244 0.0999875 0.0730360 0.0123083 0.1277884 0.1571269 0.1420652 0.0389243 0.0727779 0.0207780 0.0482424 0.0000000 0.0529993 0.0407437 0.0323946 0.1143328 0.1378963 0.1119119 
Tarsipedidae_Tarsipes_rostratus              0.0588938 0.1016209 0.0928094 0.0807966 0.0867223 0.1596458 0.0716695 0.0944827 0.0821582 0.1188936 0.0752228 0.1603491 0.1479060 0.0785352 0.0710579 0.1618961 0.1575547 0.1690038 0.1184174 0.1007517 0.0620687 0.1471771 0.1714544 0.1554837 0.0647542 0.1145799 0.0511659 0.0874551 0.0529993 0.0000000 0.0841777 0.0766768 0.1230829 0.1552359 0.1269046 
Acrobatidae_Distoechurus_pennatus            0.0453969 0.0845926 0.0643813 0.0709290 0.0744824 0.1423368 0.0556902 0.0686596 0.0707133 0.1090796 0.0583289 0.1340924 0.1250906 0.0627627 0.0226237 0.1384472 0.1354969 0.1393649 0.1086600 0.0906015 0.0650998 0.1387607 0.1663996 0.1322667 0.0470085 0.1079029 0.0529107 0.0742805 0.0407437 0.0841777 0.0000000 0.0590456 0.1059489 0.1401036 0.1165284 
Phalangeridae_Phalanger_carmelitae           0.0323936 0.0777393 0.0492995 0.0674835 0.0700250 0.1263442 0.0107083 0.0061178 0.0662920 0.1105648 0.0055405 0.1311355 0.1136815 0.0016781 0.0421212 0.1293772 0.1269661 0.1397605 0.1021036 0.0664432 0.0560875 0.1268806 0.1323546 0.1228243 0.0429190 0.0840619 0.0492571 0.0625391 0.0323946 0.0766768 0.0590456 0.0000000 0.1028444 0.1251595 0.1132182 
Peramelidae_Peroryctes_raffrayana            0.0845261 0.0862060 0.0852501 0.1122726 0.1113496 0.1636060 0.1024765 0.1148647 0.1148320 0.0069604 0.0992302 0.1661974 0.1541127 0.1009140 0.1098759 0.1723483 0.1694445 0.1823965 0.0034851 0.1341998 0.1183527 0.1464187 0.1999727 0.1594960 0.0896780 0.1136008 0.1029437 0.1042664 0.1143328 0.1230829 0.1059489 0.1028444 0.0000000 0.1645010 0.0069717 
Dasyuridae_Dasyurus_geffroii                 0.1218152 0.1242630 0.1113338 0.1307357 0.1331257 0.0029343 0.1274497 0.1275284 0.1369776 0.1605891 0.1274977 0.0110399 0.0160476 0.1292979 0.1329576 0.0118271 0.0033068 0.0267658 0.1484762 0.1295697 0.1324543 0.1678681 0.1579775 0.0095358 0.1137962 0.1141815 0.1307548 0.1300156 0.1378963 0.1552359 0.1401036 0.1251595 0.1645010 0.0000000 0.1544430 
Peramelidae_Perameles_gunnii                 0.0935351 0.1035202 0.0993691 0.1086518 0.1113262 0.1543865 0.1100427 0.1233201 0.1102262 0.0000010 0.1073601 0.1509433 0.1395747 0.1150159 0.1117566 0.1559085 0.1562507 0.1610879 0.0076564 0.1250784 0.1277101 0.1592857 0.1961288 0.1432733 0.0935845 0.1125057 0.1144021 0.1064665 0.1119119 0.1269046 0.1165284 0.1132182 0.0069717 0.1544430 0.0000000 
