35
Burramyidae_Burramys_parvus                  0.0000000 0.0876630 0.0577716 0.0512130 0.0525666 0.0713933 0.0348855 0.0444619 0.0520401 0.0812591 0.0390168 0.0651375 0.0693100 0.0392141 0.0537078 0.0659391 0.0718824 0.0846135 0.0499775 0.0589694 0.0759843 0.0665973 0.0748869 0.0386898 0.0757580 0.0555264 0.0478221 0.0641614 0.0764750 0.0554022 0.0364869 0.0858504 0.0719744 0.0790760 0.0416455 
Notoryctidae_Notoryctes_typhlops             0.0876630 0.0000000 0.0800766 0.0858160 0.0876220 0.0897233 0.0737665 0.0875388 0.0850802 0.1082198 0.0794145 0.0854874 0.0873910 0.0805895 0.0920882 0.0854347 0.0911383 0.1113875 0.0878689 0.0899174 0.1239480 0.1055130 0.0944653 0.0735585 0.1099037 0.0946068 0.0814068 0.0985357 0.1174684 0.0901492 0.0782186 0.1156926 0.0921471 0.1055178 0.0507894 
Vombatidae_Lasiorhinus_latifrons             0.0577716 0.0800766 0.0000000 0.0493212 0.0524303 0.0555423 0.0379129 0.0455324 0.0516370 0.0615357 0.0403646 0.0515396 0.0539714 0.0558394 0.0624412 0.0514993 0.0535262 0.0649810 0.0487887 0.0504512 0.0683629 0.0569591 0.0544959 0.0394107 0.0713200 0.0516213 0.0460504 0.0685943 0.0809502 0.0777756 0.0581776 0.0620072 0.0542723 0.0615135 0.0478658 
Potoroidae_Bettongia_penicillata             0.0512130 0.0858160 0.0493212 0.0000000 0.0052142 0.0696187 0.0422483 0.0468440 0.0111747 0.0777495 0.0403294 0.0646322 0.0650520 0.0610957 0.0615661 0.0644783 0.0686439 0.0798828 0.0201455 0.0586093 0.0813184 0.0703229 0.0700151 0.0279080 0.0824139 0.0555085 0.0196443 0.0689686 0.0868701 0.0895475 0.0649959 0.0770107 0.0687007 0.0777148 0.0557769 
Potoroidae_Bettongia_lesueur                 0.0525666 0.0876220 0.0524303 0.0052142 0.0000000 0.0728014 0.0450097 0.0507727 0.0137614 0.0782829 0.0442239 0.0684004 0.0669572 0.0639093 0.0644441 0.0676884 0.0718481 0.0811356 0.0223592 0.0631348 0.0839368 0.0745992 0.0729063 0.0299423 0.0859980 0.0571033 0.0218571 0.0703488 0.0896496 0.0926056 0.0678045 0.0774174 0.0725223 0.0782490 0.0609634 
Dasyuridae_Dasyurus_maculatus                0.0713933 0.0897233 0.0555423 0.0696187 0.0728014 0.0000000 0.0588135 0.0675241 0.0732677 0.0740721 0.0620042 0.0127136 0.0235434 0.0788732 0.0805252 0.0132436 0.0064537 0.0840687 0.0728537 0.0725752 0.0848647 0.0738893 0.0161923 0.0617269 0.0850270 0.0648213 0.0707665 0.0911487 0.0998017 0.0983605 0.0813720 0.0810576 0.0059285 0.0740335 0.0164841 
Phalangeridae_Trichosurus_vulpecula          0.0348855 0.0737665 0.0379129 0.0422483 0.0450097 0.0588135 0.0000000 0.0179548 0.0446857 0.0623091 0.0158408 0.0562432 0.0610947 0.0339301 0.0448613 0.0562083 0.0591517 0.0679403 0.0415302 0.0461844 0.0637406 0.0551154 0.0619047 0.0336026 0.0723791 0.0443534 0.0390886 0.0496433 0.0691776 0.0673871 0.0367652 0.0652541 0.0572639 0.0629754 0.0528417 
Phalangeridae_Spilocuscus_maculatus          0.0444619 0.0875388 0.0455324 0.0468440 0.0507727 0.0675241 0.0179548 0.0000000 0.0484931 0.0707121 0.0106419 0.0642363 0.0656686 0.0329989 0.0571908 0.0641982 0.0678264 0.0784475 0.0453358 0.0533061 0.0715898 0.0585904 0.0694881 0.0350620 0.0816992 0.0517059 0.0447588 0.0630293 0.0798107 0.0792145 0.0346187 0.0734498 0.0659090 0.0719329 0.0617059 
Potoroidae_Aepyprymnus_rufescens             0.0520401 0.0850802 0.0516370 0.0111747 0.0137614 0.0732677 0.0446857 0.0484931 0.0000000 0.0763151 0.0461830 0.0688715 0.0671661 0.0612227 0.0618482 0.0674918 0.0707971 0.0789946 0.0211849 0.0620744 0.0816847 0.0715648 0.0727135 0.0291434 0.0844519 0.0540295 0.0212485 0.0698961 0.0846904 0.0884467 0.0650502 0.0749000 0.0729873 0.0762744 0.0630965 
Peramelidae_Perameles_nasuta                 0.0812591 0.1082198 0.0615357 0.0777495 0.0782829 0.0740721 0.0623091 0.0707121 0.0763151 0.0000000 0.0637947 0.0722757 0.0782302 0.0792689 0.0807965 0.0722505 0.0768722 0.0208841 0.0795801 0.0825478 0.1000528 0.0783230 0.0776549 0.0693243 0.0919795 0.0744017 0.0780740 0.0915117 0.1044308 0.1087600 0.0827076 0.0170522 0.0738370 0.0019688 0.0646891 
Phalangeridae_Strigocuscus_pelengensis       0.0390168 0.0794145 0.0403646 0.0403294 0.0442239 0.0620042 0.0158408 0.0106419 0.0461830 0.0637947 0.0000000 0.0604875 0.0612278 0.0259077 0.0489671 0.0604486 0.0630587 0.0682737 0.0454519 0.0462251 0.0657371 0.0535031 0.0636844 0.0326452 0.0666147 0.0466151 0.0440621 0.0532952 0.0730912 0.0793419 0.0270734 0.0660970 0.0609759 0.0637584 0.0567025 
Dasyuridae_Phascogale_tapoatafa              0.0651375 0.0854874 0.0515396 0.0646322 0.0684004 0.0127136 0.0562432 0.0642363 0.0688715 0.0722757 0.0604875 0.0000000 0.0217548 0.0733596 0.0767815 0.0034294 0.0131922 0.0790418 0.0659363 0.0682960 0.0821718 0.0706021 0.0101851 0.0563316 0.0831720 0.0614039 0.0650720 0.0864823 0.0971161 0.0927665 0.0775427 0.0777627 0.0147792 0.0722388 0.0116341 
Dasyuridae_Sminthopsis_macroura              0.0693100 0.0873910 0.0539714 0.0650520 0.0669572 0.0235434 0.0610947 0.0656686 0.0671661 0.0782302 0.0612278 0.0217548 0.0000000 0.0772081 0.0785770 0.0211913 0.0217827 0.0828310 0.0703078 0.0695004 0.0816826 0.0661620 0.0227675 0.0569098 0.0834730 0.0624409 0.0681684 0.0871426 0.1014981 0.1009944 0.0796957 0.0837150 0.0245797 0.0797477 0.0146579 
Phalangeridae_Phalanger_orientalis           0.0392141 0.0805895 0.0558394 0.0610957 0.0639093 0.0788732 0.0339301 0.0329989 0.0612227 0.0792689 0.0259077 0.0733596 0.0772081 0.0000000 0.0476904 0.0726105 0.0791398 0.0839684 0.0593096 0.0601601 0.0886326 0.0741526 0.0777059 0.0485941 0.0932755 0.0580511 0.0572816 0.0531615 0.0808010 0.0898534 0.0049757 0.0848121 0.0770989 0.0792333 0.0715822 
Acrobatidae_Acrobates_pygmaeus               0.0537078 0.0920882 0.0624412 0.0615661 0.0644441 0.0805252 0.0448613 0.0571908 0.0618482 0.0807965 0.0489671 0.0767815 0.0785770 0.0476904 0.0000000 0.0758028 0.0806887 0.0849869 0.0632202 0.0491626 0.0877994 0.0807712 0.0806762 0.0502011 0.0884513 0.0498978 0.0581037 0.0479754 0.0706283 0.0339115 0.0484852 0.0873922 0.0816294 0.0785469 0.0434615 
Dasyuridae_Phascogale_calura                 0.0659391 0.0854347 0.0514993 0.0644783 0.0676884 0.0132436 0.0562083 0.0641982 0.0674918 0.0722505 0.0604486 0.0034294 0.0211913 0.0726105 0.0758028 0.0000000 0.0137059 0.0790128 0.0658012 0.0682693 0.0826570 0.0704715 0.0107136 0.0562069 0.0832213 0.0600310 0.0637035 0.0852869 0.0955695 0.0927326 0.0767827 0.0777358 0.0152956 0.0722136 0.0122189 
Dasyuridae_Sarcophilus_harrisii              0.0718824 0.0911383 0.0535262 0.0686439 0.0718481 0.0064537 0.0591517 0.0678264 0.0707971 0.0768722 0.0630587 0.0131922 0.0217827 0.0791398 0.0806887 0.0137059 0.0000000 0.0849816 0.0719079 0.0736606 0.0851662 0.0742204 0.0161145 0.0608413 0.0846555 0.0651402 0.0710583 0.0901880 0.1032121 0.1005035 0.0816275 0.0811918 0.0074454 0.0760309 0.0164482 
Peramelidae_Echymipera_kalubu                0.0846135 0.1113875 0.0649810 0.0798828 0.0811356 0.0840687 0.0679403 0.0784475 0.0789946 0.0208841 0.0682737 0.0790418 0.0828310 0.0839684 0.0849869 0.0790128 0.0849816 0.0000000 0.0832801 0.0865146 0.1014609 0.0874485 0.0831492 0.0729415 0.0964133 0.0835227 0.0807911 0.0952376 0.1137983 0.1145833 0.0876383 0.0213354 0.0822454 0.0208273 0.0722155 
Macropodidae_Dorcopsulus_vanheurni           0.0499775 0.0878689 0.0487887 0.0201455 0.0223592 0.0728537 0.0415302 0.0453358 0.0211849 0.0795801 0.0454519 0.0659363 0.0703078 0.0593096 0.0632202 0.0658012 0.0719079 0.0832801 0.0000000 0.0571401 0.0802766 0.0746199 0.0716627 0.0267815 0.0834250 0.0537203 0.0115809 0.0697601 0.0837681 0.0864693 0.0616805 0.0786541 0.0713495 0.0795365 0.0604366 
Pseudochiridae_Pseudochirulus_forbesi        0.0589694 0.0899174 0.0504512 0.0586093 0.0631348 0.0725752 0.0461844 0.0533061 0.0620744 0.0825478 0.0462251 0.0682960 0.0695004 0.0601601 0.0491626 0.0682693 0.0736606 0.0865146 0.0571401 0.0000000 0.0895480 0.0752225 0.0744482 0.0494863 0.0872131 0.0259746 0.0530067 0.0198299 0.0694557 0.0693172 0.0641711 0.0875085 0.0736432 0.0825305 0.0561201 
Didelphidae_Didelphis_virginiana             0.0759843 0.1239480 0.0683629 0.0813184 0.0839368 0.0848647 0.0637406 0.0715898 0.0816847 0.1000528 0.0657371 0.0821718 0.0816826 0.0886326 0.0877994 0.0826570 0.0851662 0.1014609 0.0802766 0.0895480 0.0000000 0.0349646 0.0813620 0.0703851 0.0924006 0.0852955 0.0804210 0.0994035 0.1152071 0.1117270 0.0897315 0.1012995 0.0853559 0.0995961 0.0729825 
Marmosidae_Monodelphis_domestica             0.0665973 0.1055130 0.0569591 0.0703229 0.0745992 0.0738893 0.0551154 0.0585904 0.0715648 0.0783230 0.0535031 0.0706021 0.0661620 0.0741526 0.0807712 0.0704715 0.0742204 0.0874485 0.0746199 0.0752225 0.0349646 0.0000000 0.0719164 0.0616793 0.0780996 0.0697822 0.0738527 0.0912589 0.1083539 0.0958420 0.0752179 0.0834324 0.0756076 0.0787025 0.0622167 
Dasyuridae_Antechinus_stuartii               0.0748869 0.0944653 0.0544959 0.0700151 0.0729063 0.0161923 0.0619047 0.0694881 0.0727135 0.0776549 0.0636844 0.0101851 0.0227675 0.0777059 0.0806762 0.0107136 0.0161145 0.0831492 0.0716627 0.0744482 0.0813620 0.0719164 0.0000000 0.0612458 0.0812128 0.0660391 0.0694712 0.0944935 0.1030175 0.0984111 0.0811211 0.0802322 0.0177650 0.0767838 0.0163742 
Hypsiprymnodontidae_Hypsiprymnodon_moschatus 0.0386898 0.0735585 0.0394107 0.0279080 0.0299423 0.0617269 0.0336026 0.0350620 0.0291434 0.0693243 0.0326452 0.0563316 0.0569098 0.0485941 0.0502011 0.0562069 0.0608413 0.0729415 0.0267815 0.0494863 0.0703851 0.0616793 0.0612458 0.0000000 0.0741423 0.0466624 0.0251652 0.0602820 0.0714326 0.0775926 0.0509887 0.0730905 0.0602868 0.0692896 0.0519848 
Microbiotheriidae_Dromiciops_gliroides       0.0757580 0.1099037 0.0713200 0.0824139 0.0859980 0.0850270 0.0723791 0.0816992 0.0844519 0.0919795 0.0666147 0.0831720 0.0834730 0.0932755 0.0884513 0.0832213 0.0846555 0.0964133 0.0834250 0.0872131 0.0924006 0.0780996 0.0812128 0.0741423 0.0000000 0.0852354 0.0833900 0.1033778 0.1038476 0.1225980 0.0959610 0.0975187 0.0855401 0.0918529 0.0733002 
Pseudochiridae_Petauroides_volans            0.0555264 0.0946068 0.0516213 0.0555085 0.0571033 0.0648213 0.0443534 0.0517059 0.0540295 0.0744017 0.0466151 0.0614039 0.0624409 0.0580511 0.0498978 0.0600310 0.0651402 0.0835227 0.0537203 0.0259746 0.0852955 0.0697822 0.0660391 0.0466624 0.0852354 0.0000000 0.0505212 0.0324831 0.0650045 0.0734759 0.0626965 0.0805783 0.0658134 0.0752254 0.0566098 
Macropodidae_Wallabia_bicolor                0.0478221 0.0814068 0.0460504 0.0196443 0.0218571 0.0707665 0.0390886 0.0447588 0.0212485 0.0780740 0.0440621 0.0650720 0.0681684 0.0572816 0.0581037 0.0637035 0.0710583 0.0807911 0.0115809 0.0530067 0.0804210 0.0738527 0.0694712 0.0251652 0.0833900 0.0505212 0.0000000 0.0633706 0.0808636 0.0816156 0.0610731 0.0770530 0.0692619 0.0780159 0.0618668 
Pseudochiridae_Pseudocheirus_occidentalis    0.0641614 0.0985357 0.0685943 0.0689686 0.0703488 0.0911487 0.0496433 0.0630293 0.0698961 0.0915117 0.0532952 0.0864823 0.0871426 0.0531615 0.0479754 0.0852869 0.0901880 0.0952376 0.0697601 0.0198299 0.0994035 0.0912589 0.0944935 0.0602820 0.1033778 0.0324831 0.0633706 0.0000000 0.0740849 0.0556801 0.0539712 0.1014481 0.0891123 0.0891370 0.0499228 
Tarsipedidae_Tarsipes_rostratus              0.0764750 0.1174684 0.0809502 0.0868701 0.0896496 0.0998017 0.0691776 0.0798107 0.0846904 0.1044308 0.0730912 0.0971161 0.1014981 0.0808010 0.0706283 0.0955695 0.1032121 0.1137983 0.0837681 0.0694557 0.1152071 0.1083539 0.1030175 0.0714326 0.1038476 0.0650045 0.0808636 0.0740849 0.0000000 0.0917415 0.0907050 0.1102686 0.1027189 0.1023817 0.0821655 
Acrobatidae_Distoechurus_pennatus            0.0554022 0.0901492 0.0777756 0.0895475 0.0926056 0.0983605 0.0673871 0.0792145 0.0884467 0.1087600 0.0793419 0.0927665 0.1009944 0.0898534 0.0339115 0.0927326 0.1005035 0.1145833 0.0864693 0.0693172 0.1117270 0.0958420 0.0984111 0.0775926 0.1225980 0.0734759 0.0816156 0.0556801 0.0917415 0.0000000 0.0958164 0.1090061 0.1012338 0.1077198 0.1080582 
Phalangeridae_Phalanger_carmelitae           0.0364869 0.0782186 0.0581776 0.0649959 0.0678045 0.0813720 0.0367652 0.0346187 0.0650502 0.0827076 0.0270734 0.0775427 0.0796957 0.0049757 0.0484852 0.0767827 0.0816275 0.0876383 0.0616805 0.0641711 0.0897315 0.0752179 0.0811211 0.0509887 0.0959610 0.0626965 0.0610731 0.0539712 0.0907050 0.0958164 0.0000000 0.0882833 0.0795796 0.0826691 0.0768657 
Peramelidae_Peroryctes_raffrayana            0.0858504 0.1156926 0.0620072 0.0770107 0.0774174 0.0810576 0.0652541 0.0734498 0.0749000 0.0170522 0.0660970 0.0777627 0.0837150 0.0848121 0.0873922 0.0777358 0.0811918 0.0213354 0.0786541 0.0875085 0.1012995 0.0834324 0.0802322 0.0730905 0.0975187 0.0805783 0.0770530 0.1014481 0.1102686 0.1090061 0.0882833 0.0000000 0.0787325 0.0170288 0.0740423 
Dasyuridae_Dasyurus_geffroii                 0.0719744 0.0921471 0.0542723 0.0687007 0.0725223 0.0059285 0.0572639 0.0659090 0.0729873 0.0738370 0.0609759 0.0147792 0.0245797 0.0770989 0.0816294 0.0152956 0.0074454 0.0822454 0.0713495 0.0736432 0.0853559 0.0756076 0.0177650 0.0602868 0.0855401 0.0658134 0.0692619 0.0891123 0.1027189 0.1012338 0.0795796 0.0787325 0.0000000 0.0737987 0.0176221 
Peramelidae_Perameles_gunnii                 0.0790760 0.1055178 0.0615135 0.0777148 0.0782490 0.0740335 0.0629754 0.0719329 0.0762744 0.0019688 0.0637584 0.0722388 0.0797477 0.0792333 0.0785469 0.0722136 0.0760309 0.0208273 0.0795365 0.0825305 0.0995961 0.0787025 0.0767838 0.0692896 0.0918529 0.0752254 0.0780159 0.0891370 0.1023817 0.1077198 0.0826691 0.0170288 0.0737987 0.0000000 0.0647716 
Dasyuridae_Planigale_tenuirostris            0.0416455 0.0507894 0.0478658 0.0557769 0.0609634 0.0164841 0.0528417 0.0617059 0.0630965 0.0646891 0.0567025 0.0116341 0.0146579 0.0715822 0.0434615 0.0122189 0.0164482 0.0722155 0.0604366 0.0561201 0.0729825 0.0622167 0.0163742 0.0519848 0.0733002 0.0566098 0.0618668 0.0499228 0.0821655 0.1080582 0.0768657 0.0740423 0.0176221 0.0647716 0.0000000 
