35
Burramyidae_Burramys_parvus                  0.0000000 0.0912467 0.0482268 0.0580493 0.0576947 0.0769558 0.0540252 0.0507521 0.0516276 0.0862760 0.0465048 0.0732382 0.0772928 0.0379103 0.0498643 0.0730326 0.0762228 0.0692424 0.0840008 0.0571539 0.0621363 0.0916563 0.0935108 0.0778639 0.0513949 0.0801699 0.0576572 0.0572542 0.0799539 0.0843577 0.0494653 0.0369943 0.0891681 0.0796187 0.0881396 
Notoryctidae_Notoryctes_typhlops             0.0912467 0.0000000 0.0860181 0.1042476 0.1025019 0.1163939 0.0971221 0.1030175 0.1008437 0.1118155 0.0960249 0.1144610 0.1197167 0.0866128 0.0907678 0.1125311 0.1156332 0.1128734 0.1165673 0.1106094 0.1062001 0.1173582 0.1248145 0.1163962 0.1068199 0.1114580 0.1050039 0.1087697 0.1318473 0.1263032 0.0985092 0.0870604 0.1197520 0.1198194 0.1146142 
Vombatidae_Lasiorhinus_latifrons             0.0482268 0.0860181 0.0000000 0.0662177 0.0646944 0.0779257 0.0630312 0.0629510 0.0626119 0.0897897 0.0584797 0.0804285 0.0802237 0.0503156 0.0613480 0.0785797 0.0802531 0.0739185 0.0874243 0.0656214 0.0673858 0.0899876 0.0915425 0.0821496 0.0615021 0.0767941 0.0643848 0.0662895 0.0891746 0.0896186 0.0588103 0.0478758 0.0930254 0.0840080 0.0904863 
Potoroidae_Bettongia_penicillata             0.0580493 0.1042476 0.0662177 0.0000000 0.0032541 0.0910315 0.0763609 0.0722398 0.0102456 0.0981704 0.0612944 0.0918728 0.0925109 0.0575625 0.0625484 0.0931412 0.0914863 0.0888946 0.0939724 0.0233137 0.0728412 0.1019902 0.1047279 0.0958234 0.0341270 0.0941771 0.0717241 0.0215069 0.0933471 0.0962726 0.0620534 0.0549835 0.0993252 0.0958371 0.1012336 
Potoroidae_Bettongia_lesueur                 0.0576947 0.1025019 0.0646944 0.0032541 0.0000000 0.0916988 0.0753797 0.0729691 0.0107737 0.0959269 0.0629064 0.0935682 0.0947649 0.0591084 0.0647246 0.0948344 0.0922190 0.0897334 0.0940825 0.0237057 0.0728128 0.1045505 0.1067668 0.0975359 0.0342131 0.0932271 0.0718960 0.0219294 0.0934128 0.0987338 0.0630024 0.0565123 0.0975218 0.0965187 0.0988833 
Dasyuridae_Dasyurus_maculatus                0.0769558 0.1163939 0.0779257 0.0910315 0.0916988 0.0000000 0.0937716 0.0933508 0.0884074 0.1061249 0.0821067 0.0100540 0.0182834 0.0765801 0.0841074 0.0105492 0.0032596 0.0145737 0.1024727 0.0898873 0.0955096 0.1010870 0.1068580 0.0105826 0.0862797 0.0907849 0.0929642 0.0889518 0.1133036 0.1101439 0.0808245 0.0764266 0.1064568 0.0034633 0.1062161 
Phalangeridae_Trichosurus_vulpecula          0.0540252 0.0971221 0.0630312 0.0763609 0.0753797 0.0937716 0.0000000 0.0171591 0.0687134 0.1019381 0.0280638 0.0907424 0.0927955 0.0247449 0.0711718 0.0920184 0.0945874 0.0861090 0.0964544 0.0710973 0.0828081 0.1007816 0.1008392 0.0940338 0.0673427 0.0891757 0.0715343 0.0707288 0.1009137 0.1001063 0.0707859 0.0230058 0.1022079 0.0969260 0.1034126 
Phalangeridae_Spilocuscus_maculatus          0.0507521 0.1030175 0.0629510 0.0722398 0.0729691 0.0933508 0.0171591 0.0000000 0.0638585 0.1004741 0.0220636 0.0932158 0.0949427 0.0153674 0.0680774 0.0940284 0.0940010 0.0902395 0.0957316 0.0657464 0.0735467 0.1016925 0.0975734 0.0977603 0.0627541 0.0918317 0.0710789 0.0667784 0.0945453 0.0990486 0.0679659 0.0142217 0.1008653 0.0975495 0.1032308 
Potoroidae_Aepyprymnus_rufescens             0.0516276 0.1008437 0.0626119 0.0102456 0.0107737 0.0884074 0.0687134 0.0638585 0.0000000 0.0956195 0.0573710 0.0892449 0.0890153 0.0517328 0.0602061 0.0889867 0.0889384 0.0835275 0.0919905 0.0198095 0.0672318 0.1032705 0.0999485 0.0930622 0.0284612 0.0859431 0.0672278 0.0182251 0.0904451 0.0931701 0.0595672 0.0492616 0.0952825 0.0923285 0.0979376 
Peramelidae_Perameles_nasuta                 0.0862760 0.1118155 0.0897897 0.0981704 0.0959269 0.1061249 0.1019381 0.1004741 0.0956195 0.0000000 0.0947273 0.1075212 0.1069323 0.0885044 0.0918613 0.1056717 0.1055372 0.0976073 0.0163582 0.0995956 0.0949710 0.1165036 0.1251589 0.1103053 0.0945346 0.1056878 0.0962336 0.1007683 0.1357956 0.1261807 0.0887688 0.0873152 0.0181249 0.1117062 0.0003658 
Phalangeridae_Strigocuscus_pelengensis       0.0465048 0.0960249 0.0584797 0.0612944 0.0629064 0.0821067 0.0280638 0.0220636 0.0573710 0.0947273 0.0000000 0.0813786 0.0846073 0.0093820 0.0590777 0.0837855 0.0825477 0.0818585 0.0909477 0.0604362 0.0690038 0.0957164 0.0993728 0.0863977 0.0570392 0.0846006 0.0662781 0.0593017 0.0878043 0.0872125 0.0586006 0.0088862 0.0978045 0.0869598 0.0972966 
Dasyuridae_Phascogale_tapoatafa              0.0732382 0.1144610 0.0804285 0.0918728 0.0935682 0.0100540 0.0907424 0.0932158 0.0892449 0.1075212 0.0813786 0.0000000 0.0180473 0.0761019 0.0864721 0.0030581 0.0090415 0.0134276 0.1033225 0.0936440 0.0984253 0.1028146 0.1071930 0.0045234 0.0875056 0.0900499 0.0947086 0.0914461 0.1115495 0.1133478 0.0842886 0.0759020 0.1055404 0.0113357 0.1082662 
Dasyuridae_Sminthopsis_macroura              0.0772928 0.1197167 0.0802237 0.0925109 0.0947649 0.0182834 0.0927955 0.0949427 0.0890153 0.1069323 0.0846073 0.0180473 0.0000000 0.0782252 0.0894931 0.0177027 0.0176496 0.0128559 0.1016182 0.0939195 0.1029406 0.1051754 0.1047382 0.0187303 0.0904493 0.0941370 0.0964853 0.0943560 0.1199621 0.1156496 0.0888799 0.0780200 0.1057780 0.0198969 0.1077039 
Phalangeridae_Phalanger_orientalis           0.0379103 0.0866128 0.0503156 0.0575625 0.0591084 0.0765801 0.0247449 0.0153674 0.0517328 0.0885044 0.0093820 0.0761019 0.0782252 0.0000000 0.0487357 0.0764158 0.0764042 0.0733256 0.0815307 0.0536207 0.0580695 0.0898713 0.0932211 0.0809541 0.0528686 0.0777653 0.0607532 0.0540735 0.0763869 0.0832069 0.0522637 0.0018672 0.0887031 0.0807224 0.0903534 
Acrobatidae_Acrobates_pygmaeus               0.0498643 0.0907678 0.0613480 0.0625484 0.0647246 0.0841074 0.0711718 0.0680774 0.0602061 0.0918613 0.0590777 0.0864721 0.0894931 0.0487357 0.0000000 0.0858003 0.0863163 0.0810606 0.0896985 0.0642261 0.0519998 0.0918440 0.0980294 0.0877326 0.0625850 0.0897194 0.0527887 0.0653990 0.0712425 0.0822337 0.0251366 0.0488470 0.0901142 0.0907794 0.0930236 
Dasyuridae_Phascogale_calura                 0.0730326 0.1125311 0.0785797 0.0931412 0.0948344 0.0105492 0.0920184 0.0940284 0.0889867 0.1056717 0.0837855 0.0030581 0.0177027 0.0764158 0.0858003 0.0000000 0.0100222 0.0142771 0.1014926 0.0937592 0.0972856 0.1021564 0.1057099 0.0053783 0.0881860 0.0888180 0.0939165 0.0926809 0.1118501 0.1135006 0.0840688 0.0762472 0.1035737 0.0118486 0.1063937 
Dasyuridae_Sarcophilus_harrisii              0.0762228 0.1156332 0.0802531 0.0914863 0.0922190 0.0032596 0.0945874 0.0940010 0.0889384 0.1055372 0.0825477 0.0090415 0.0176496 0.0764042 0.0863163 0.0100222 0.0000000 0.0142492 0.1018207 0.0904135 0.0967491 0.1030781 0.1075692 0.0100597 0.0861013 0.0897154 0.0926932 0.0899851 0.1123650 0.1118012 0.0820730 0.0762039 0.1059731 0.0042884 0.1057528 
Dasyuridae_Planigale_tenuirostris            0.0692424 0.1128734 0.0739185 0.0888946 0.0897334 0.0145737 0.0861090 0.0902395 0.0835275 0.0976073 0.0818585 0.0134276 0.0128559 0.0733256 0.0810606 0.0142771 0.0142492 0.0000000 0.0942960 0.0882807 0.0902327 0.0960257 0.0979070 0.0139700 0.0838845 0.0838923 0.0903912 0.0886572 0.1141806 0.1095457 0.0777479 0.0731925 0.0976346 0.0163906 0.0990825 
Peramelidae_Echymipera_kalubu                0.0840008 0.1165673 0.0874243 0.0939724 0.0940825 0.1024727 0.0964544 0.0957316 0.0919905 0.0163582 0.0909477 0.1033225 0.1016182 0.0815307 0.0896985 0.1014926 0.1018207 0.0942960 0.0000000 0.0964935 0.0959412 0.1059243 0.1155539 0.1060594 0.0920878 0.1045381 0.0931793 0.0965978 0.1265086 0.1218280 0.0869869 0.0792324 0.0148504 0.1073484 0.0174216 
Macropodidae_Dorcopsulus_vanheurni           0.0571539 0.1106094 0.0656214 0.0233137 0.0237057 0.0898873 0.0710973 0.0657464 0.0198095 0.0995956 0.0604362 0.0936440 0.0939195 0.0536207 0.0642261 0.0937592 0.0904135 0.0882807 0.0964935 0.0000000 0.0672045 0.1090039 0.1095679 0.0965327 0.0319865 0.0924780 0.0742747 0.0054090 0.0962655 0.0965863 0.0650459 0.0526852 0.0977282 0.0954231 0.1029996 
Pseudochiridae_Pseudochirulus_forbesi        0.0621363 0.1062001 0.0673858 0.0728412 0.0728128 0.0955096 0.0828081 0.0735467 0.0672318 0.0949710 0.0690038 0.0984253 0.1029406 0.0580695 0.0519998 0.0972856 0.0967491 0.0902327 0.0959412 0.0672045 0.0000000 0.1013190 0.1100084 0.1007894 0.0665910 0.1053892 0.0285954 0.0660984 0.0341903 0.0782734 0.0562425 0.0573266 0.0916529 0.1033069 0.0972540 
Didelphidae_Didelphis_virginiana             0.0916563 0.1173582 0.0899876 0.1019902 0.1045505 0.1010870 0.1007816 0.1016925 0.1032705 0.1165036 0.0957164 0.1028146 0.1051754 0.0898713 0.0918440 0.1021564 0.1030781 0.0960257 0.1059243 0.1090039 0.1013190 0.0000000 0.0251623 0.1019038 0.1051777 0.1055383 0.0995125 0.1051982 0.1358645 0.1269481 0.0900487 0.0871016 0.1178676 0.1031576 0.1169586 
Marmosidae_Monodelphis_domestica             0.0935108 0.1248145 0.0915425 0.1047279 0.1067668 0.1068580 0.1008392 0.0975734 0.0999485 0.1251589 0.0993728 0.1071930 0.1047382 0.0932211 0.0980294 0.1057099 0.1075692 0.0979070 0.1155539 0.1095679 0.1100084 0.0251623 0.0000000 0.1071732 0.1045539 0.1059220 0.1050232 0.1087922 0.1433419 0.1336846 0.0995355 0.0899761 0.1252133 0.1085799 0.1250617 
Dasyuridae_Antechinus_stuartii               0.0778639 0.1163962 0.0821496 0.0958234 0.0975359 0.0105826 0.0940338 0.0977603 0.0930622 0.1103053 0.0863977 0.0045234 0.0187303 0.0809541 0.0877326 0.0053783 0.0100597 0.0139700 0.1060594 0.0965327 0.1007894 0.1019038 0.1071732 0.0000000 0.0903986 0.0910463 0.0995450 0.0954050 0.1193979 0.1148256 0.0860404 0.0807931 0.1081029 0.0118933 0.1110640 
Hypsiprymnodontidae_Hypsiprymnodon_moschatus 0.0513949 0.1068199 0.0615021 0.0341270 0.0342131 0.0862797 0.0673427 0.0627541 0.0284612 0.0945346 0.0570392 0.0875056 0.0904493 0.0528686 0.0625850 0.0881860 0.0861013 0.0838845 0.0920878 0.0319865 0.0665910 0.1051777 0.1045539 0.0903986 0.0000000 0.0870542 0.0705025 0.0325593 0.0878870 0.0938403 0.0615510 0.0503596 0.0955593 0.0900548 0.0969379 
Microbiotheriidae_Dromiciops_gliroides       0.0801699 0.1114580 0.0767941 0.0941771 0.0932271 0.0907849 0.0891757 0.0918317 0.0859431 0.1056878 0.0846006 0.0900499 0.0941370 0.0777653 0.0897194 0.0888180 0.0897154 0.0838923 0.1045381 0.0924780 0.1053892 0.1055383 0.1059220 0.0910463 0.0870542 0.0000000 0.0937370 0.0935947 0.1226328 0.1215300 0.0853542 0.0772304 0.1095611 0.0914945 0.1081606 
Pseudochiridae_Petauroides_volans            0.0576572 0.1050039 0.0643848 0.0717241 0.0718960 0.0929642 0.0715343 0.0710789 0.0672278 0.0962336 0.0662781 0.0947086 0.0964853 0.0607532 0.0527887 0.0939165 0.0926932 0.0903912 0.0931793 0.0742747 0.0285954 0.0995125 0.1050232 0.0995450 0.0705025 0.0937370 0.0000000 0.0747536 0.0434044 0.0744711 0.0560969 0.0586617 0.0998437 0.0992625 0.0981221 
Macropodidae_Wallabia_bicolor                0.0572542 0.1087697 0.0662895 0.0215069 0.0219294 0.0889518 0.0707288 0.0667784 0.0182251 0.1007683 0.0593017 0.0914461 0.0943560 0.0540735 0.0653990 0.0926809 0.0899851 0.0886572 0.0965978 0.0054090 0.0660984 0.1051982 0.1087922 0.0954050 0.0325593 0.0935947 0.0747536 0.0000000 0.0964205 0.0969197 0.0634119 0.0525754 0.0982940 0.0949589 0.1020527 
Pseudochiridae_Pseudocheirus_occidentalis    0.0799539 0.1318473 0.0891746 0.0933471 0.0934128 0.1133036 0.1009137 0.0945453 0.0904451 0.1357956 0.0878043 0.1115495 0.1199621 0.0763869 0.0712425 0.1118501 0.1123650 0.1141806 0.1265086 0.0962655 0.0341903 0.1358645 0.1433419 0.1193979 0.0878870 0.1226328 0.0434044 0.0964205 0.0000000 0.0938709 0.0790537 0.0754231 0.1335709 0.1181922 0.1389364 
Tarsipedidae_Tarsipes_rostratus              0.0843577 0.1263032 0.0896186 0.0962726 0.0987338 0.1101439 0.1001063 0.0990486 0.0931701 0.1261807 0.0872125 0.1133478 0.1156496 0.0832069 0.0822337 0.1135006 0.1118012 0.1095457 0.1218280 0.0965863 0.0782734 0.1269481 0.1336846 0.1148256 0.0938403 0.1215300 0.0744711 0.0969197 0.0938709 0.0000000 0.0779365 0.0820355 0.1261913 0.1144061 0.1277220 
Acrobatidae_Distoechurus_pennatus            0.0494653 0.0985092 0.0588103 0.0620534 0.0630024 0.0808245 0.0707859 0.0679659 0.0595672 0.0887688 0.0586006 0.0842886 0.0888799 0.0522637 0.0251366 0.0840688 0.0820730 0.0777479 0.0869869 0.0650459 0.0562425 0.0900487 0.0995355 0.0860404 0.0615510 0.0853542 0.0560969 0.0634119 0.0790537 0.0779365 0.0000000 0.0522648 0.0866192 0.0870792 0.0897135 
Phalangeridae_Phalanger_carmelitae           0.0369943 0.0870604 0.0478758 0.0549835 0.0565123 0.0764266 0.0230058 0.0142217 0.0492616 0.0873152 0.0088862 0.0759020 0.0780200 0.0018672 0.0488470 0.0762472 0.0762039 0.0731925 0.0792324 0.0526852 0.0573266 0.0871016 0.0899761 0.0807931 0.0503596 0.0772304 0.0586617 0.0525754 0.0754231 0.0820355 0.0522648 0.0000000 0.0875500 0.0805117 0.0891437 
Peramelidae_Peroryctes_raffrayana            0.0891681 0.1197520 0.0930254 0.0993252 0.0975218 0.1064568 0.1022079 0.1008653 0.0952825 0.0181249 0.0978045 0.1055404 0.1057780 0.0887031 0.0901142 0.1035737 0.1059731 0.0976346 0.0148504 0.0977282 0.0916529 0.1178676 0.1252133 0.1081029 0.0955593 0.1095611 0.0998437 0.0982940 0.1335709 0.1261913 0.0866192 0.0875500 0.0000000 0.1115894 0.0195504 
Dasyuridae_Dasyurus_geffroii                 0.0796187 0.1198194 0.0840080 0.0958371 0.0965187 0.0034633 0.0969260 0.0975495 0.0923285 0.1117062 0.0869598 0.0113357 0.0198969 0.0807224 0.0907794 0.0118486 0.0042884 0.0163906 0.1073484 0.0954231 0.1033069 0.1031576 0.1085799 0.0118933 0.0900548 0.0914945 0.0992625 0.0949589 0.1181922 0.1144061 0.0870792 0.0805117 0.1115894 0.0000000 0.1119195 
Peramelidae_Perameles_gunnii                 0.0881396 0.1146142 0.0904863 0.1012336 0.0988833 0.1062161 0.1034126 0.1032308 0.0979376 0.0003658 0.0972966 0.1082662 0.1077039 0.0903534 0.0930236 0.1063937 0.1057528 0.0990825 0.0174216 0.1029996 0.0972540 0.1169586 0.1250617 0.1110640 0.0969379 0.1081606 0.0981221 0.1020527 0.1389364 0.1277220 0.0897135 0.0891437 0.0195504 0.1119195 0.0000000 
