35
Burramyidae_Burramys_parvus                  0.0000000 0.0835570 0.0805578 0.1193630 0.0734583 0.1167914 0.0663099 0.0628916 0.0852861 0.1048817 0.0623097 0.1170476 0.1309949 0.0680144 0.0866424 0.1176844 0.1173432 0.1189280 0.1036622 0.0520525 0.0791630 0.1069620 0.1162263 0.1101973 0.0818574 0.0623570 0.0814701 0.0543808 0.0666549 0.0948953 0.0864330 0.0658046 0.1028336 0.1143996 0.1001825 
Notoryctidae_Notoryctes_typhlops             0.0835570 0.0000000 0.0913550 0.1035254 0.0873815 0.1120243 0.0837448 0.0818548 0.0872513 0.0898957 0.0833933 0.1111600 0.1230004 0.0854412 0.1043644 0.1119891 0.1118729 0.1151676 0.0996916 0.0886696 0.0992174 0.1091814 0.1167508 0.1068391 0.1003883 0.0811938 0.1020530 0.0900737 0.0795765 0.1149237 0.0964718 0.0834001 0.0997750 0.1092769 0.0983269 
Vombatidae_Lasiorhinus_latifrons             0.0805578 0.0913550 0.0000000 0.1200666 0.0722783 0.0931418 0.0663944 0.0619639 0.0678195 0.0950364 0.0628924 0.0947067 0.1021824 0.0690337 0.0886624 0.0954164 0.0923944 0.0981843 0.0925954 0.0612081 0.0822544 0.1038531 0.1060754 0.0888768 0.0779908 0.0683865 0.0780022 0.0717295 0.0622555 0.1054496 0.0847014 0.0679459 0.0952047 0.0915311 0.0939910 
Potoroidae_Bettongia_penicillata             0.1193630 0.1035254 0.1200666 0.0000000 0.0582524 0.1437757 0.1133673 0.1074462 0.0662462 0.1410232 0.1057152 0.1535870 0.1640351 0.1116306 0.1417898 0.1524348 0.1446301 0.1578196 0.1471855 0.0454177 0.1323636 0.1549127 0.1680190 0.1484882 0.0990175 0.0865408 0.1292049 0.0697215 0.1299844 0.1482630 0.1348939 0.1090096 0.1559736 0.1444473 0.1425967 
Potoroidae_Bettongia_lesueur                 0.0734583 0.0873815 0.0722783 0.0582524 0.0000000 0.1038344 0.0672935 0.0607675 0.0259519 0.0953275 0.0600135 0.1081944 0.1184918 0.0647392 0.0898966 0.1077102 0.1036877 0.1072557 0.1014294 0.0217702 0.0789362 0.1205714 0.1298000 0.1034381 0.0434144 0.0720845 0.0789214 0.0220611 0.0649040 0.1031296 0.0828744 0.0625152 0.1026807 0.1019608 0.0980495 
Dasyuridae_Dasyurus_maculatus                0.1167914 0.1120243 0.0931418 0.1437757 0.1038344 0.0000000 0.1022949 0.0981273 0.1054731 0.1098873 0.0975574 0.0241839 0.0370332 0.1004869 0.1275576 0.0246885 0.0086618 0.0366714 0.1091009 0.0906764 0.1133940 0.1330625 0.1430024 0.0224022 0.1127974 0.0881310 0.1154225 0.1035596 0.1025761 0.1377971 0.1127934 0.0980636 0.1133812 0.0078169 0.1072061 
Phalangeridae_Trichosurus_vulpecula          0.0663099 0.0837448 0.0663944 0.1133673 0.0672935 0.1022949 0.0000000 0.0189268 0.0763353 0.0955992 0.0173871 0.1028316 0.1150471 0.0224312 0.0763192 0.1025373 0.1021541 0.1024775 0.0959887 0.0586381 0.0726643 0.1100962 0.1162665 0.0982776 0.0757269 0.0634931 0.0760794 0.0651380 0.0581420 0.0941532 0.0714130 0.0205667 0.0950406 0.0986714 0.0927009 
Phalangeridae_Spilocuscus_maculatus          0.0628916 0.0818548 0.0619639 0.1074462 0.0607675 0.0981273 0.0189268 0.0000000 0.0702583 0.0890845 0.0077545 0.1029158 0.1127901 0.0137868 0.0742972 0.1026101 0.0991844 0.1019457 0.0906479 0.0493764 0.0700726 0.1046096 0.1142309 0.0959042 0.0663663 0.0593787 0.0701249 0.0574474 0.0530553 0.0942848 0.0699560 0.0119063 0.0880019 0.0967805 0.0878861 
Potoroidae_Aepyprymnus_rufescens             0.0852861 0.0872513 0.0678195 0.0662462 0.0259519 0.1054731 0.0763353 0.0702583 0.0000000 0.0925424 0.0694154 0.1113974 0.1197841 0.0752781 0.0936156 0.1109103 0.1058623 0.1106765 0.1029739 0.0249769 0.0839164 0.1190981 0.1299951 0.1073332 0.0592089 0.0751807 0.0844691 0.0377854 0.0694773 0.1091182 0.0907575 0.0729853 0.1064960 0.1039513 0.0961604 
Peramelidae_Perameles_nasuta                 0.1048817 0.0898957 0.0950364 0.1410232 0.0953275 0.1098873 0.0955992 0.0890845 0.0925424 0.0000000 0.0864875 0.1143275 0.1267625 0.0919915 0.1152885 0.1163213 0.1105055 0.1096353 0.0167023 0.0789629 0.1089119 0.1253458 0.1313693 0.1089869 0.1087400 0.0800391 0.1102243 0.0892018 0.0976225 0.1230097 0.1044705 0.0899754 0.0186148 0.1079566 0.0019104 
Phalangeridae_Strigocuscus_pelengensis       0.0623097 0.0833933 0.0628924 0.1057152 0.0600135 0.0975574 0.0173871 0.0077545 0.0694154 0.0864875 0.0000000 0.1010341 0.1122896 0.0101807 0.0722207 0.1013053 0.0985785 0.1020435 0.0871869 0.0504227 0.0681793 0.1060516 0.1134694 0.0947863 0.0685590 0.0584020 0.0716431 0.0571028 0.0528210 0.0916728 0.0691322 0.0083818 0.0855651 0.0951065 0.0850309 
Dasyuridae_Phascogale_tapoatafa              0.1170476 0.1111600 0.0947067 0.1535870 0.1081944 0.0241839 0.1028316 0.1029158 0.1113974 0.1143275 0.1010341 0.0000000 0.0412608 0.1052118 0.1313886 0.0030017 0.0250613 0.0380842 0.1094063 0.0940864 0.1154415 0.1337367 0.1400083 0.0131813 0.1204835 0.0876706 0.1166524 0.1056293 0.1029602 0.1376177 0.1190379 0.1027699 0.1137378 0.0219021 0.1117502 
Dasyuridae_Sminthopsis_macroura              0.1309949 0.1230004 0.1021824 0.1640351 0.1184918 0.0370332 0.1150471 0.1127901 0.1197841 0.1267625 0.1122896 0.0412608 0.0000000 0.1138128 0.1398994 0.0418297 0.0383200 0.0329041 0.1250792 0.1059400 0.1304737 0.1447180 0.1489922 0.0369817 0.1322802 0.1008861 0.1340708 0.1204964 0.1132726 0.1524456 0.1240817 0.1127096 0.1312614 0.0375342 0.1240924 
Phalangeridae_Phalanger_orientalis           0.0680144 0.0854412 0.0690337 0.1116306 0.0647392 0.1004869 0.0224312 0.0137868 0.0752781 0.0919915 0.0101807 0.1052118 0.1138128 0.0000000 0.0786876 0.1049217 0.1015336 0.1053295 0.0932394 0.0552575 0.0689076 0.1065374 0.1178574 0.0989356 0.0715589 0.0630615 0.0740987 0.0612703 0.0537747 0.0947367 0.0709682 0.0034546 0.0902686 0.0992074 0.0911138 
Acrobatidae_Acrobates_pygmaeus               0.0866424 0.1043644 0.0886624 0.1417898 0.0898966 0.1275576 0.0763192 0.0742972 0.0936156 0.1152885 0.0722207 0.1313886 0.1398994 0.0786876 0.0000000 0.1316690 0.1286359 0.1324147 0.1179139 0.0773291 0.0696858 0.1316846 0.1349417 0.1233634 0.0958074 0.0800187 0.0731069 0.0867313 0.0665600 0.0908054 0.0462261 0.0763815 0.1158946 0.1241471 0.1156929 
Dasyuridae_Phascogale_calura                 0.1176844 0.1119891 0.0954164 0.1524348 0.1077102 0.0246885 0.1025373 0.1026101 0.1109103 0.1163213 0.1013053 0.0030017 0.0418297 0.1049217 0.1316690 0.0000000 0.0255676 0.0386610 0.1120464 0.0936717 0.1156124 0.1346966 0.1408537 0.0127443 0.1207304 0.0891558 0.1168924 0.1057813 0.1028805 0.1378349 0.1192818 0.1024756 0.1137944 0.0224005 0.1144024 
Dasyuridae_Sarcophilus_harrisii              0.1173432 0.1118729 0.0923944 0.1446301 0.1036877 0.0086618 0.1021541 0.0991844 0.1058623 0.1105055 0.0985785 0.0250613 0.0383200 0.1015336 0.1286359 0.0255676 0.0000000 0.0350294 0.1086491 0.0918715 0.1147107 0.1329427 0.1434604 0.0223575 0.1149289 0.0867485 0.1189279 0.1035574 0.1018785 0.1365034 0.1138318 0.0991054 0.1141539 0.0095599 0.1072076 
Dasyuridae_Planigale_tenuirostris            0.1189280 0.1151676 0.0981843 0.1578196 0.1072557 0.0366714 0.1024775 0.1019457 0.1106765 0.1096353 0.1020435 0.0380842 0.0329041 0.1053295 0.1324147 0.0386610 0.0350294 0.0000000 0.1090837 0.0967991 0.1147531 0.1424540 0.1541307 0.0343196 0.1227404 0.0896651 0.1231925 0.1077430 0.1018040 0.1400463 0.1163904 0.1026444 0.1097899 0.0346305 0.1098731 
Peramelidae_Echymipera_kalubu                0.1036622 0.0996916 0.0925954 0.1471855 0.1014294 0.1091009 0.0959887 0.0906479 0.1029739 0.0167023 0.0871869 0.1094063 0.1250792 0.0932394 0.1179139 0.1120464 0.1086491 0.1090837 0.0000000 0.0829289 0.1083461 0.1265333 0.1333737 0.1060292 0.1113478 0.0900558 0.1090215 0.0918660 0.0931293 0.1240447 0.1048917 0.0908499 0.0125871 0.1062922 0.0169289 
Macropodidae_Dorcopsulus_vanheurni           0.0520525 0.0886696 0.0612081 0.0454177 0.0217702 0.0906764 0.0586381 0.0493764 0.0249769 0.0789629 0.0504227 0.0940864 0.1059400 0.0552575 0.0773291 0.0936717 0.0918715 0.0967991 0.0829289 0.0000000 0.0644840 0.0962751 0.0977562 0.0884145 0.0384009 0.0728136 0.0660180 0.0103759 0.0489848 0.0832919 0.0724573 0.0529389 0.0843038 0.0906805 0.0814302 
Pseudochiridae_Pseudochirulus_forbesi        0.0791630 0.0992174 0.0822544 0.1323636 0.0789362 0.1133940 0.0726643 0.0700726 0.0839164 0.1089119 0.0681793 0.1154415 0.1304737 0.0689076 0.0696858 0.1156124 0.1147107 0.1147531 0.1083461 0.0644840 0.0000000 0.1184527 0.1308778 0.1072631 0.0823609 0.0771130 0.0479611 0.0730945 0.0233450 0.0708447 0.0659326 0.0677802 0.1002051 0.1112857 0.1080931 
Didelphidae_Didelphis_virginiana             0.1069620 0.1091814 0.1038531 0.1549127 0.1205714 0.1330625 0.1100962 0.1046096 0.1190981 0.1253458 0.1060516 0.1337367 0.1447180 0.1065374 0.1316846 0.1346966 0.1329427 0.1424540 0.1265333 0.0962751 0.1184527 0.0000000 0.0512562 0.1304060 0.1290109 0.0853636 0.1126065 0.1116822 0.1064024 0.1357726 0.1258695 0.1027972 0.1263416 0.1312424 0.1263502 
Marmosidae_Monodelphis_domestica             0.1162263 0.1167508 0.1060754 0.1680190 0.1298000 0.1430024 0.1162665 0.1142309 0.1299951 0.1313693 0.1134694 0.1400083 0.1489922 0.1178574 0.1349417 0.1408537 0.1434604 0.1541307 0.1333737 0.0977562 0.1308778 0.0512562 0.0000000 0.1369401 0.1373864 0.0955517 0.1277390 0.1101229 0.1077333 0.1438328 0.1304594 0.1152595 0.1294587 0.1405655 0.1376573 
Dasyuridae_Antechinus_stuartii               0.1101973 0.1068391 0.0888768 0.1484882 0.1034381 0.0224022 0.0982776 0.0959042 0.1073332 0.1089869 0.0947863 0.0131813 0.0369817 0.0989356 0.1233634 0.0127443 0.0223575 0.0343196 0.1060292 0.0884145 0.1072631 0.1304060 0.1369401 0.0000000 0.1155176 0.0840432 0.1125758 0.0989080 0.0965700 0.1322652 0.1130662 0.0965310 0.1096397 0.0210442 0.1081474 
Hypsiprymnodontidae_Hypsiprymnodon_moschatus 0.0818574 0.1003883 0.0779908 0.0990175 0.0434144 0.1127974 0.0757269 0.0663663 0.0592089 0.1087400 0.0685590 0.1204835 0.1322802 0.0715589 0.0958074 0.1207304 0.1149289 0.1227404 0.1113478 0.0384009 0.0823609 0.1290109 0.1373864 0.1155176 0.0000000 0.0795682 0.0861035 0.0420371 0.0698629 0.1101391 0.0921321 0.0704586 0.1071358 0.1142654 0.1076027 
Microbiotheriidae_Dromiciops_gliroides       0.0623570 0.0811938 0.0683865 0.0865408 0.0720845 0.0881310 0.0634931 0.0593787 0.0751807 0.0800391 0.0584020 0.0876706 0.1008861 0.0630615 0.0800187 0.0891558 0.0867485 0.0896651 0.0900558 0.0728136 0.0771130 0.0853636 0.0955517 0.0840432 0.0795682 0.0000000 0.0763242 0.0723204 0.0576618 0.0868501 0.0808962 0.0618199 0.0843260 0.0830332 0.0853427 
Pseudochiridae_Petauroides_volans            0.0814701 0.1020530 0.0780022 0.1292049 0.0789214 0.1154225 0.0760794 0.0701249 0.0844691 0.1102243 0.0716431 0.1166524 0.1340708 0.0740987 0.0731069 0.1168924 0.1189279 0.1231925 0.1090215 0.0660180 0.0479611 0.1126065 0.1277390 0.1125758 0.0861035 0.0763242 0.0000000 0.0768904 0.0378062 0.0774413 0.0687775 0.0718503 0.0988395 0.1174088 0.1086538 
Macropodidae_Wallabia_bicolor                0.0543808 0.0900737 0.0717295 0.0697215 0.0220611 0.1035596 0.0651380 0.0574474 0.0377854 0.0892018 0.0571028 0.1056293 0.1204964 0.0612703 0.0867313 0.1057813 0.1035574 0.1077430 0.0918660 0.0103759 0.0730945 0.1116822 0.1101229 0.0989080 0.0420371 0.0723204 0.0768904 0.0000000 0.0604501 0.0940152 0.0800270 0.0601089 0.0912973 0.1007110 0.0909487 
Pseudochiridae_Pseudocheirus_occidentalis    0.0666549 0.0795765 0.0622555 0.1299844 0.0649040 0.1025761 0.0581420 0.0530553 0.0694773 0.0976225 0.0528210 0.1029602 0.1132726 0.0537747 0.0665600 0.1028805 0.1018785 0.1018040 0.0931293 0.0489848 0.0233450 0.1064024 0.1077333 0.0965700 0.0698629 0.0576618 0.0378062 0.0604501 0.0000000 0.0737531 0.0583108 0.0524767 0.0942685 0.1015964 0.0963122 
Tarsipedidae_Tarsipes_rostratus              0.0948953 0.1149237 0.1054496 0.1482630 0.1031296 0.1377971 0.0941532 0.0942848 0.1091182 0.1230097 0.0916728 0.1376177 0.1524456 0.0947367 0.0908054 0.1378349 0.1365034 0.1400463 0.1240447 0.0832919 0.0708447 0.1357726 0.1438328 0.1322652 0.1101391 0.0868501 0.0774413 0.0940152 0.0737531 0.0000000 0.0879923 0.0922783 0.1153005 0.1335341 0.1211287 
Acrobatidae_Distoechurus_pennatus            0.0864330 0.0964718 0.0847014 0.1348939 0.0828744 0.1127934 0.0714130 0.0699560 0.0907575 0.1044705 0.0691322 0.1190379 0.1240817 0.0709682 0.0462261 0.1192818 0.1138318 0.1163904 0.1048917 0.0724573 0.0659326 0.1258695 0.1304594 0.1130662 0.0921321 0.0808962 0.0687775 0.0800270 0.0583108 0.0879923 0.0000000 0.0698190 0.1027143 0.1110800 0.1034245 
Phalangeridae_Phalanger_carmelitae           0.0658046 0.0834001 0.0679459 0.1090096 0.0625152 0.0980636 0.0205667 0.0119063 0.0729853 0.0899754 0.0083818 0.1027699 0.1127096 0.0034546 0.0763815 0.1024756 0.0991054 0.1026444 0.0908499 0.0529389 0.0677802 0.1027972 0.1152595 0.0965310 0.0704586 0.0618199 0.0718503 0.0601089 0.0524767 0.0922783 0.0698190 0.0000000 0.0881170 0.0967943 0.0887489 
Peramelidae_Peroryctes_raffrayana            0.1028336 0.0997750 0.0952047 0.1559736 0.1026807 0.1133812 0.0950406 0.0880019 0.1064960 0.0186148 0.0855651 0.1137378 0.1312614 0.0902686 0.1158946 0.1137944 0.1141539 0.1097899 0.0125871 0.0843038 0.1002051 0.1263416 0.1294587 0.1096397 0.1071358 0.0843260 0.0988395 0.0912973 0.0942685 0.1153005 0.1027143 0.0881170 0.0000000 0.1113722 0.0190968 
Dasyuridae_Dasyurus_geffroii                 0.1143996 0.1092769 0.0915311 0.1444473 0.1019608 0.0078169 0.0986714 0.0967805 0.1039513 0.1079566 0.0951065 0.0219021 0.0375342 0.0992074 0.1241471 0.0224005 0.0095599 0.0346305 0.1062922 0.0906805 0.1112857 0.1312424 0.1405655 0.0210442 0.1142654 0.0830332 0.1174088 0.1007110 0.1015964 0.1335341 0.1110800 0.0967943 0.1113722 0.0000000 0.1048636 
Peramelidae_Perameles_gunnii                 0.1001825 0.0983269 0.0939910 0.1425967 0.0980495 0.1072061 0.0927009 0.0878861 0.0961604 0.0019104 0.0850309 0.1117502 0.1240924 0.0911138 0.1156929 0.1144024 0.1072076 0.1098731 0.0169289 0.0814302 0.1080931 0.1263502 0.1376573 0.1081474 0.1076027 0.0853427 0.1086538 0.0909487 0.0963122 0.1211287 0.1034245 0.0887489 0.0190968 0.1048636 0.0000000 
