35
Burramyidae_Burramys_parvus                  0.0000000 0.0553977 0.0476242 0.0420383 0.0422490 0.0667510 0.0352975 0.0369400 0.0412299 0.0478511 0.0383000 0.0699683 0.0655463 0.0348055 0.0396148 0.0626007 0.0670486 0.0681792 0.0759219 0.0409875 0.0500751 0.0577507 0.0690640 0.0670868 0.0435820 0.0539978 0.0411588 0.0413090 0.0495141 0.0591994 0.0415060 0.0356787 0.0867365 0.0673234 0.0483729 
Notoryctidae_Notoryctes_typhlops             0.0553977 0.0000000 0.0623234 0.0629680 0.0631690 0.0740766 0.0558085 0.0569053 0.0615927 0.0435046 0.0594195 0.0763256 0.0717153 0.0561922 0.0583700 0.0675156 0.0738967 0.0755698 0.0758517 0.0636965 0.0705660 0.0659755 0.0761894 0.0714815 0.0641909 0.0611650 0.0602464 0.0618896 0.0686630 0.0763819 0.0600100 0.0577629 0.0865827 0.0737363 0.0461269 
Vombatidae_Lasiorhinus_latifrons             0.0476242 0.0623234 0.0000000 0.0559042 0.0560771 0.0765846 0.0458782 0.0492221 0.0546689 0.0692224 0.0511390 0.0764544 0.0736516 0.0467053 0.0513486 0.0666491 0.0763576 0.0731855 0.0840086 0.0563451 0.0584204 0.0691123 0.0759429 0.0744983 0.0523711 0.0606510 0.0520992 0.0556238 0.0643042 0.0695426 0.0526207 0.0469593 0.1004762 0.0759129 0.0574921 
Potoroidae_Bettongia_penicillata             0.0420383 0.0629680 0.0559042 0.0000000 0.0025950 0.0741028 0.0449952 0.0449506 0.0063061 0.0445645 0.0474728 0.0759626 0.0716943 0.0437883 0.0464744 0.0667134 0.0743671 0.0733297 0.0800632 0.0165067 0.0598453 0.0604800 0.0771598 0.0730188 0.0333552 0.0574745 0.0458873 0.0150853 0.0610512 0.0648619 0.0465647 0.0446521 0.0952443 0.0743893 0.0451923 
Potoroidae_Bettongia_lesueur                 0.0422490 0.0631690 0.0560771 0.0025950 0.0000000 0.0750174 0.0456192 0.0451793 0.0075543 0.0428835 0.0479067 0.0764083 0.0723432 0.0444101 0.0464685 0.0666361 0.0750269 0.0738452 0.0805510 0.0174436 0.0607021 0.0612708 0.0781082 0.0739692 0.0329424 0.0586211 0.0458621 0.0156399 0.0616556 0.0639524 0.0465412 0.0452902 0.0963816 0.0747996 0.0444162 
Dasyuridae_Dasyurus_maculatus                0.0667510 0.0740766 0.0765846 0.0741028 0.0750174 0.0000000 0.0657697 0.0699900 0.0743760 0.0381030 0.0709603 0.0157711 0.0195492 0.0676666 0.0708562 0.0124156 0.0068415 0.0223583 0.0836935 0.0752497 0.0862806 0.0631090 0.0861146 0.0142597 0.0733272 0.0717619 0.0729463 0.0747523 0.0903274 0.0896699 0.0737238 0.0683084 0.0976617 0.0055897 0.0492857 
Phalangeridae_Trichosurus_vulpecula          0.0352975 0.0558085 0.0458782 0.0449952 0.0456192 0.0657697 0.0000000 0.0153133 0.0428881 0.0402912 0.0179058 0.0687292 0.0655830 0.0134260 0.0418184 0.0612988 0.0670452 0.0688821 0.0770051 0.0430686 0.0505212 0.0590351 0.0692525 0.0654279 0.0441871 0.0543721 0.0409691 0.0425614 0.0484097 0.0609268 0.0415964 0.0142924 0.0903064 0.0661417 0.0449298 
Phalangeridae_Spilocuscus_maculatus          0.0369400 0.0569053 0.0492221 0.0449506 0.0451793 0.0699900 0.0153133 0.0000000 0.0434756 0.0465152 0.0130977 0.0721420 0.0703207 0.0089531 0.0433373 0.0652302 0.0713637 0.0730817 0.0813427 0.0438637 0.0526628 0.0604320 0.0744683 0.0697715 0.0458723 0.0542498 0.0431221 0.0430548 0.0523203 0.0634642 0.0430681 0.0098687 0.0970485 0.0699293 0.0480114 
Potoroidae_Aepyprymnus_rufescens             0.0412299 0.0615927 0.0546689 0.0063061 0.0075543 0.0743760 0.0428881 0.0434756 0.0000000 0.0437449 0.0459222 0.0752848 0.0710046 0.0421380 0.0441000 0.0662782 0.0739359 0.0709480 0.0785994 0.0150174 0.0589572 0.0604254 0.0752096 0.0719866 0.0305712 0.0583142 0.0457255 0.0150844 0.0604880 0.0644427 0.0442478 0.0429849 0.0937301 0.0739579 0.0440206 
Peramelidae_Perameles_nasuta                 0.0478511 0.0435046 0.0692224 0.0445645 0.0428835 0.0381030 0.0402912 0.0465152 0.0437449 0.0000000 0.0489314 0.0441957 0.0426326 0.0408097 0.0434080 0.0411348 0.0381579 0.0426526 0.0081882 0.0453886 0.0706768 0.0458633 0.0386626 0.0360327 0.0441039 0.0374771 0.0443325 0.0441606 0.0444693 0.0523234 0.0432202 0.0456833 0.0103574 0.0366372 0.0006178 
Phalangeridae_Strigocuscus_pelengensis       0.0383000 0.0594195 0.0511390 0.0474728 0.0479067 0.0709603 0.0179058 0.0130977 0.0459222 0.0489314 0.0000000 0.0736551 0.0706469 0.0117909 0.0457253 0.0659152 0.0710863 0.0728599 0.0819805 0.0450360 0.0551980 0.0625801 0.0755427 0.0696965 0.0475511 0.0576314 0.0455232 0.0442516 0.0551796 0.0652738 0.0449506 0.0115980 0.0981224 0.0698848 0.0500256 
Dasyuridae_Phascogale_tapoatafa              0.0699683 0.0763256 0.0764544 0.0759626 0.0764083 0.0157711 0.0687292 0.0721420 0.0752848 0.0441957 0.0736551 0.0000000 0.0193113 0.0699529 0.0715202 0.0023821 0.0170276 0.0212825 0.0855706 0.0766140 0.0864935 0.0657538 0.0878971 0.0086157 0.0735953 0.0740347 0.0740788 0.0751462 0.0921791 0.0906957 0.0734663 0.0705650 0.1037746 0.0168492 0.0504293 
Dasyuridae_Sminthopsis_macroura              0.0655463 0.0717153 0.0736516 0.0716943 0.0723432 0.0195492 0.0655830 0.0703207 0.0710046 0.0426326 0.0706469 0.0193113 0.0000000 0.0677269 0.0677031 0.0162605 0.0204428 0.0153130 0.0837748 0.0719080 0.0822148 0.0650988 0.0854141 0.0180508 0.0718146 0.0713759 0.0698887 0.0701804 0.0847448 0.0861179 0.0706591 0.0690648 0.0985395 0.0206391 0.0506699 
Phalangeridae_Phalanger_orientalis           0.0348055 0.0561922 0.0467053 0.0437883 0.0444101 0.0676666 0.0134260 0.0089531 0.0421380 0.0408097 0.0117909 0.0699529 0.0677269 0.0000000 0.0425871 0.0623501 0.0689453 0.0696048 0.0785430 0.0421049 0.0506976 0.0589430 0.0710392 0.0668745 0.0441168 0.0538593 0.0414998 0.0417864 0.0501231 0.0625206 0.0417709 0.0054274 0.0913173 0.0677909 0.0448383 
Acrobatidae_Acrobates_pygmaeus               0.0396148 0.0583700 0.0513486 0.0464744 0.0464685 0.0708562 0.0418184 0.0433373 0.0441000 0.0434080 0.0457253 0.0715202 0.0677031 0.0425871 0.0000000 0.0613177 0.0706682 0.0713803 0.0781462 0.0460029 0.0476247 0.0592064 0.0744061 0.0685249 0.0430186 0.0598905 0.0336934 0.0457161 0.0424216 0.0558487 0.0222259 0.0430726 0.0929978 0.0695158 0.0438756 
Dasyuridae_Phascogale_calura                 0.0626007 0.0675156 0.0666491 0.0667134 0.0666361 0.0124156 0.0612988 0.0652302 0.0662782 0.0411348 0.0659152 0.0023821 0.0162605 0.0623501 0.0613177 0.0000000 0.0136724 0.0185310 0.0759578 0.0696802 0.0793450 0.0648430 0.0808885 0.0065950 0.0643294 0.0670506 0.0674222 0.0680176 0.0819151 0.0816800 0.0637912 0.0639081 0.0892198 0.0134806 0.0488626 
Dasyuridae_Sarcophilus_harrisii              0.0670486 0.0738967 0.0763576 0.0743671 0.0750269 0.0068415 0.0670452 0.0713637 0.0739359 0.0381579 0.0710863 0.0170276 0.0204428 0.0689453 0.0706682 0.0136724 0.0000000 0.0218735 0.0839639 0.0750087 0.0865234 0.0639827 0.0864607 0.0161070 0.0729268 0.0721739 0.0738334 0.0745140 0.0889497 0.0899120 0.0728539 0.0691018 0.0971799 0.0080719 0.0500877 
Dasyuridae_Planigale_tenuirostris            0.0681792 0.0755698 0.0731855 0.0733297 0.0738452 0.0223583 0.0688821 0.0730817 0.0709480 0.0426526 0.0728599 0.0212825 0.0153130 0.0696048 0.0713803 0.0185310 0.0218735 0.0000000 0.0884870 0.0726027 0.0839618 0.0665298 0.0879527 0.0209362 0.0740244 0.0742640 0.0739759 0.0718751 0.0861209 0.0899127 0.0740952 0.0712646 0.1027479 0.0237340 0.0522579 
Peramelidae_Echymipera_kalubu                0.0759219 0.0758517 0.0840086 0.0800632 0.0805510 0.0836935 0.0770051 0.0813427 0.0785994 0.0081882 0.0819805 0.0855706 0.0837748 0.0785430 0.0781462 0.0759578 0.0839639 0.0884870 0.0000000 0.0817002 0.0922545 0.0642631 0.0925139 0.0856568 0.0803926 0.0768931 0.0823431 0.0809944 0.0915142 0.0959714 0.0788921 0.0793810 0.0209959 0.0843078 0.0100214 
Macropodidae_Dorcopsulus_vanheurni           0.0409875 0.0636965 0.0563451 0.0165067 0.0174436 0.0752497 0.0430686 0.0438637 0.0150174 0.0453886 0.0450360 0.0766140 0.0719080 0.0421049 0.0460029 0.0696802 0.0750087 0.0726027 0.0817002 0.0000000 0.0581083 0.0627148 0.0762374 0.0728745 0.0333254 0.0587557 0.0452928 0.0077546 0.0573234 0.0662303 0.0465502 0.0433790 0.0940568 0.0747821 0.0479369 
Pseudochiridae_Pseudochirulus_forbesi        0.0500751 0.0705660 0.0584204 0.0598453 0.0607021 0.0862806 0.0505212 0.0526628 0.0589572 0.0706768 0.0551980 0.0864935 0.0822148 0.0506976 0.0476247 0.0793450 0.0865234 0.0839618 0.0922545 0.0581083 0.0000000 0.0740914 0.0885147 0.0823470 0.0589902 0.0703473 0.0314798 0.0564894 0.0263874 0.0586220 0.0493649 0.0515755 0.1067826 0.0850218 0.0611435 
Didelphidae_Didelphis_virginiana             0.0577507 0.0659755 0.0691123 0.0604800 0.0612708 0.0631090 0.0590351 0.0604320 0.0604254 0.0458633 0.0625801 0.0657538 0.0650988 0.0589430 0.0592064 0.0648430 0.0639827 0.0665298 0.0642631 0.0627148 0.0740914 0.0000000 0.0206564 0.0635301 0.0587263 0.0553074 0.0617066 0.0610228 0.0454841 0.0711420 0.0605756 0.0621476 0.0412161 0.0622828 0.0634820 
Marmosidae_Monodelphis_domestica             0.0690640 0.0761894 0.0759429 0.0771598 0.0781082 0.0861146 0.0692525 0.0744683 0.0752096 0.0386626 0.0755427 0.0878971 0.0854141 0.0710392 0.0744061 0.0808885 0.0864607 0.0879527 0.0925139 0.0762374 0.0885147 0.0206564 0.0000000 0.0850693 0.0724194 0.0756109 0.0743090 0.0760074 0.0817914 0.0898490 0.0734124 0.0721491 0.1016460 0.0854070 0.0535821 
Dasyuridae_Antechinus_stuartii               0.0670868 0.0714815 0.0744983 0.0730188 0.0739692 0.0142597 0.0654279 0.0697715 0.0719866 0.0360327 0.0696965 0.0086157 0.0180508 0.0668745 0.0685249 0.0065950 0.0161070 0.0209362 0.0856568 0.0728745 0.0823470 0.0635301 0.0850693 0.0000000 0.0733543 0.0720892 0.0715808 0.0720411 0.0873001 0.0886052 0.0715105 0.0675362 0.1028997 0.0157401 0.0478543 
Hypsiprymnodontidae_Hypsiprymnodon_moschatus 0.0435820 0.0641909 0.0523711 0.0333552 0.0329424 0.0733272 0.0441871 0.0458723 0.0305712 0.0441039 0.0475511 0.0735953 0.0718146 0.0441168 0.0430186 0.0643294 0.0729268 0.0740244 0.0803926 0.0333254 0.0589902 0.0587263 0.0724194 0.0733543 0.0000000 0.0607095 0.0471177 0.0326574 0.0590235 0.0650474 0.0445664 0.0455886 0.0933065 0.0717617 0.0474711 
Microbiotheriidae_Dromiciops_gliroides       0.0539978 0.0611650 0.0606510 0.0574745 0.0586211 0.0717619 0.0543721 0.0542498 0.0583142 0.0374771 0.0576314 0.0740347 0.0713759 0.0538593 0.0598905 0.0670506 0.0721739 0.0742640 0.0768931 0.0587557 0.0703473 0.0553074 0.0756109 0.0720892 0.0607095 0.0000000 0.0613969 0.0588929 0.0778880 0.0782755 0.0604361 0.0549772 0.0901520 0.0734143 0.0424182 
Pseudochiridae_Petauroides_volans            0.0411588 0.0602464 0.0520992 0.0458873 0.0458621 0.0729463 0.0409691 0.0431221 0.0457255 0.0443325 0.0455232 0.0740788 0.0698887 0.0414998 0.0336934 0.0674222 0.0738334 0.0739759 0.0823431 0.0452928 0.0314798 0.0617066 0.0743090 0.0715808 0.0471177 0.0613969 0.0000000 0.0447029 0.0248324 0.0486424 0.0369949 0.0411843 0.0921685 0.0723717 0.0474060 
Macropodidae_Wallabia_bicolor                0.0413090 0.0618896 0.0556238 0.0150853 0.0156399 0.0747523 0.0425614 0.0430548 0.0150844 0.0441606 0.0442516 0.0751462 0.0701804 0.0417864 0.0457161 0.0680176 0.0745140 0.0718751 0.0809944 0.0077546 0.0564894 0.0610228 0.0760074 0.0720411 0.0326574 0.0588929 0.0447029 0.0000000 0.0574048 0.0662965 0.0458357 0.0426830 0.0965996 0.0752876 0.0459707 
Pseudochiridae_Pseudocheirus_occidentalis    0.0495141 0.0686630 0.0643042 0.0610512 0.0616556 0.0903274 0.0484097 0.0523203 0.0604880 0.0444693 0.0551796 0.0921791 0.0847448 0.0501231 0.0424216 0.0819151 0.0889497 0.0861209 0.0915142 0.0573234 0.0263874 0.0454841 0.0817914 0.0873001 0.0590235 0.0778880 0.0248324 0.0574048 0.0000000 0.0523021 0.0437160 0.0505779 0.0913102 0.0879734 0.0437999 
Tarsipedidae_Tarsipes_rostratus              0.0591994 0.0763819 0.0695426 0.0648619 0.0639524 0.0896699 0.0609268 0.0634642 0.0644427 0.0523234 0.0652738 0.0906957 0.0861179 0.0625206 0.0558487 0.0816800 0.0899120 0.0899127 0.0959714 0.0662303 0.0586220 0.0711420 0.0898490 0.0886052 0.0650474 0.0782755 0.0486424 0.0662965 0.0523021 0.0000000 0.0562094 0.0636351 0.1072674 0.0875596 0.0616268 
Acrobatidae_Distoechurus_pennatus            0.0415060 0.0600100 0.0526207 0.0465647 0.0465412 0.0737238 0.0415964 0.0430681 0.0442478 0.0432202 0.0449506 0.0734663 0.0706591 0.0417709 0.0222259 0.0637912 0.0728539 0.0740952 0.0788921 0.0465502 0.0493649 0.0605756 0.0734124 0.0715105 0.0445664 0.0604361 0.0369949 0.0458357 0.0437160 0.0562094 0.0000000 0.0428435 0.0918162 0.0711769 0.0459822 
Phalangeridae_Phalanger_carmelitae           0.0356787 0.0577629 0.0469593 0.0446521 0.0452902 0.0683084 0.0142924 0.0098687 0.0429849 0.0456833 0.0115980 0.0705650 0.0690648 0.0054274 0.0430726 0.0639081 0.0691018 0.0712646 0.0793810 0.0433790 0.0515755 0.0621476 0.0721491 0.0675362 0.0455886 0.0549772 0.0411843 0.0426830 0.0505779 0.0636351 0.0428435 0.0000000 0.0921545 0.0686438 0.0482813 
Peramelidae_Peroryctes_raffrayana            0.0867365 0.0865827 0.1004762 0.0952443 0.0963816 0.0976617 0.0903064 0.0970485 0.0937301 0.0103574 0.0981224 0.1037746 0.0985395 0.0913173 0.0929978 0.0892198 0.0971799 0.1027479 0.0209959 0.0940568 0.1067826 0.0412161 0.1016460 0.1028997 0.0933065 0.0901520 0.0921685 0.0965996 0.0913102 0.1072674 0.0918162 0.0921545 0.0000000 0.0985883 0.0103103 
Dasyuridae_Dasyurus_geffroii                 0.0673234 0.0737363 0.0759129 0.0743893 0.0747996 0.0055897 0.0661417 0.0699293 0.0739579 0.0366372 0.0698848 0.0168492 0.0206391 0.0677909 0.0695158 0.0134806 0.0080719 0.0237340 0.0843078 0.0747821 0.0850218 0.0622828 0.0854070 0.0157401 0.0717617 0.0734143 0.0723717 0.0752876 0.0879734 0.0875596 0.0711769 0.0686438 0.0985883 0.0000000 0.0480500 
Peramelidae_Perameles_gunnii                 0.0483729 0.0461269 0.0574921 0.0451923 0.0444162 0.0492857 0.0449298 0.0480114 0.0440206 0.0006178 0.0500256 0.0504293 0.0506699 0.0448383 0.0438756 0.0488626 0.0500877 0.0522579 0.0100214 0.0479369 0.0611435 0.0634820 0.0535821 0.0478543 0.0474711 0.0424182 0.0474060 0.0459707 0.0437999 0.0616268 0.0459822 0.0482813 0.0103103 0.0480500 0.0000000 
