35
Burramyidae_Burramys_parvus                  0.0000000 0.0676607 0.0735839 0.0553696 0.0610625 0.0927839 0.0446457 0.0524349 0.0864914 0.0759281 0.0685624 0.0973605 0.0884189 0.0418490 0.0459884 0.1211029 0.0765826 0.0808531 0.0812676 0.0618193 0.0607193 0.1683136 0.0937636 0.0853697 0.0593724 0.0712327 0.0508087 0.0532528 0.0567863 0.0770653 0.0600728 0.0466471 0.0837788 0.0911606 0.0756841 
Notoryctidae_Notoryctes_typhlops             0.0676607 0.0000000 0.1022045 0.0816095 0.0862893 0.1108079 0.0752101 0.0764873 0.1222362 0.0762606 0.1028244 0.1100612 0.1044497 0.0679236 0.0720964 0.1298912 0.0881942 0.0893410 0.0876771 0.0965006 0.0794963 0.1673797 0.0873699 0.0981554 0.0836476 0.0800890 0.0699413 0.0767074 0.0739768 0.0969148 0.0784735 0.0710006 0.0858698 0.1079722 0.0810585 
Vombatidae_Lasiorhinus_latifrons             0.0735839 0.1022045 0.0000000 0.0883693 0.0877538 0.1002055 0.0665997 0.0882776 0.0745538 0.1064502 0.0574259 0.1089807 0.0963880 0.0746378 0.0795817 0.1087852 0.1105464 0.1222370 0.0999305 0.0643178 0.0809320 0.1279631 0.1451832 0.1169481 0.0871019 0.0945813 0.0766694 0.0840415 0.0898572 0.1059715 0.0830705 0.0745028 0.1134195 0.0985801 0.0983200 
Potoroidae_Bettongia_penicillata             0.0553696 0.0816095 0.0883693 0.0000000 0.0080485 0.1178013 0.0576483 0.0586601 0.0406531 0.0875829 0.0802740 0.1198458 0.1088192 0.0512669 0.0545650 0.1403002 0.0874855 0.0890120 0.0914187 0.0245209 0.0641252 0.1785323 0.0843466 0.0967214 0.0483264 0.0751392 0.0546302 0.0169876 0.0587536 0.0807092 0.0661972 0.0560313 0.0960288 0.1161327 0.0855868 
Potoroidae_Bettongia_lesueur                 0.0610625 0.0862893 0.0877538 0.0080485 0.0000000 0.1188473 0.0622761 0.0655885 0.0449912 0.0904201 0.0849913 0.1218625 0.1106591 0.0565638 0.0595927 0.1473679 0.0946207 0.0952729 0.0964115 0.0252151 0.0728581 0.1938622 0.0962507 0.1049133 0.0545367 0.0816894 0.0596521 0.0229748 0.0667301 0.0872367 0.0719153 0.0593994 0.1016784 0.1171737 0.0884999 
Dasyuridae_Dasyurus_maculatus                0.0927839 0.1108079 0.1002055 0.1178013 0.1188473 0.0000000 0.0969353 0.1135471 0.1214805 0.1139178 0.1048573 0.0196396 0.0222146 0.1058554 0.1054916 0.0201507 0.0097915 0.0268910 0.1062297 0.1093770 0.1100425 0.1550716 0.1477337 0.0204900 0.1122895 0.0981421 0.1004985 0.1106175 0.1155724 0.1324392 0.1144545 0.1036145 0.1248975 0.0045336 0.1028462 
Phalangeridae_Trichosurus_vulpecula          0.0446457 0.0752101 0.0665997 0.0576483 0.0622761 0.0969353 0.0000000 0.0351618 0.0841455 0.0830300 0.0500158 0.1021393 0.0940456 0.0284799 0.0519113 0.1241288 0.0840178 0.0892879 0.0829519 0.0562629 0.0585389 0.1835345 0.1015714 0.0918627 0.0554881 0.0676273 0.0481796 0.0548249 0.0595561 0.0738425 0.0588382 0.0304990 0.0918983 0.0953279 0.0793111 
Phalangeridae_Spilocuscus_maculatus          0.0524349 0.0764873 0.0882776 0.0586601 0.0655885 0.1135471 0.0351618 0.0000000 0.1008732 0.0874767 0.0555460 0.1152502 0.1067126 0.0210219 0.0532214 0.1422717 0.0886808 0.0907185 0.0833647 0.0676194 0.0627797 0.1872388 0.0905229 0.0982840 0.0608142 0.0695522 0.0568385 0.0565368 0.0675410 0.0821783 0.0632576 0.0264797 0.0962516 0.1125847 0.0795379 
Potoroidae_Aepyprymnus_rufescens             0.0864914 0.1222362 0.0745538 0.0406531 0.0449912 0.1214805 0.0841455 0.1008732 0.0000000 0.1245721 0.0550044 0.1209866 0.1114420 0.0878714 0.0869601 0.1155916 0.1237177 0.1269940 0.1228846 0.0285535 0.1009888 0.1106911 0.1477009 0.1361327 0.0780083 0.1138064 0.0898146 0.0514954 0.0995251 0.1148217 0.0993902 0.0863762 0.1241924 0.1198018 0.1189379 
Peramelidae_Perameles_nasuta                 0.0759281 0.0762606 0.1064502 0.0875829 0.0904201 0.1139178 0.0830300 0.0874767 0.1245721 0.0000000 0.1077529 0.1077387 0.1078303 0.0747434 0.0758066 0.1259314 0.0913988 0.0906331 0.0148514 0.1061534 0.0823306 0.1761132 0.0986298 0.0987315 0.0943664 0.0841380 0.0817526 0.0845094 0.0800619 0.1020379 0.0865493 0.0793717 0.0173025 0.1111954 0.0000010 
Phalangeridae_Strigocuscus_pelengensis       0.0685624 0.1028244 0.0574259 0.0802740 0.0849913 0.1048573 0.0500158 0.0555460 0.0550044 0.1077529 0.0000000 0.1085044 0.0984057 0.0432203 0.0801155 0.1047682 0.1106266 0.1191189 0.1008079 0.0575718 0.0852812 0.0959041 0.1284108 0.1214943 0.0792027 0.0969256 0.0804154 0.0782834 0.0938178 0.1077562 0.0866685 0.0440330 0.1082725 0.1047663 0.0969917 
Dasyuridae_Phascogale_tapoatafa              0.0973605 0.1100612 0.1089807 0.1198458 0.1218625 0.0196396 0.1021393 0.1152502 0.1209866 0.1077387 0.1085044 0.0000000 0.0254586 0.1090227 0.1011417 0.0051802 0.0200677 0.0238070 0.1161384 0.1107189 0.1151120 0.1487152 0.1440810 0.0135543 0.1177004 0.1064917 0.1075604 0.1090642 0.1114063 0.1255390 0.1113270 0.1065173 0.1147115 0.0188762 0.1067239 
Dasyuridae_Sminthopsis_macroura              0.0884189 0.1044497 0.0963880 0.1088192 0.1106591 0.0222146 0.0940456 0.1067126 0.1114420 0.1078303 0.0984057 0.0254586 0.0000000 0.0964390 0.1011394 0.0254777 0.0204736 0.0233868 0.1062254 0.1009233 0.1035271 0.1708304 0.1357898 0.0269896 0.1093816 0.0956873 0.0942850 0.1022160 0.1078037 0.1242733 0.1059394 0.0947234 0.1145109 0.0208421 0.1001879 
Phalangeridae_Phalanger_orientalis           0.0418490 0.0679236 0.0746378 0.0512669 0.0565638 0.1058554 0.0284799 0.0210219 0.0878714 0.0747434 0.0432203 0.1090227 0.0964390 0.0000000 0.0471793 0.1304965 0.0780765 0.0806351 0.0737425 0.0614788 0.0535279 0.1702564 0.0768950 0.0852100 0.0562553 0.0632520 0.0481857 0.0485540 0.0557951 0.0732801 0.0561314 0.0104354 0.0845338 0.1041833 0.0700892 
Acrobatidae_Acrobates_pygmaeus               0.0459884 0.0720964 0.0795817 0.0545650 0.0595927 0.1054916 0.0519113 0.0532214 0.0869601 0.0758066 0.0801155 0.1011417 0.1011394 0.0471793 0.0000000 0.1233404 0.0813219 0.0837862 0.0796682 0.0676160 0.0529586 0.1678420 0.0796798 0.0863823 0.0590280 0.0710560 0.0424956 0.0539672 0.0451892 0.0691910 0.0371308 0.0516075 0.0850166 0.1036085 0.0749946 
Dasyuridae_Phascogale_calura                 0.1211029 0.1298912 0.1087852 0.1403002 0.1473679 0.0201507 0.1241288 0.1422717 0.1155916 0.1259314 0.1047682 0.0051802 0.0254777 0.1304965 0.1233404 0.0000000 0.0470653 0.0555410 0.1350460 0.1115382 0.1359770 0.1137728 0.1741398 0.0423200 0.1368892 0.1399233 0.1334301 0.1297133 0.1353592 0.1441601 0.1323453 0.1304687 0.1316228 0.0193358 0.1252832 
Dasyuridae_Sarcophilus_harrisii              0.0765826 0.0881942 0.1105464 0.0874855 0.0946207 0.0097915 0.0840178 0.0886808 0.1237177 0.0913988 0.1106266 0.0200677 0.0204736 0.0780765 0.0813219 0.0470653 0.0000000 0.0257217 0.0950689 0.1018402 0.0867586 0.1661143 0.0987343 0.0184861 0.0921578 0.0866770 0.0813624 0.0837440 0.0903758 0.1102116 0.0923797 0.0821229 0.1029654 0.0091394 0.0874752 
Dasyuridae_Planigale_tenuirostris            0.0808531 0.0893410 0.1222370 0.0890120 0.0952729 0.0268910 0.0892879 0.0907185 0.1269940 0.0906331 0.1191189 0.0238070 0.0233868 0.0806351 0.0837862 0.0555410 0.0257217 0.0000000 0.0938304 0.1054355 0.0867863 0.1753831 0.0949686 0.0275114 0.0878214 0.0854613 0.0805295 0.0844059 0.0855483 0.1027121 0.0965737 0.0890309 0.1000326 0.0261346 0.0867191 
Peramelidae_Echymipera_kalubu                0.0812676 0.0876771 0.0999305 0.0914187 0.0964115 0.1062297 0.0829519 0.0833647 0.1228846 0.0148514 0.1008079 0.1161384 0.1062254 0.0737425 0.0796682 0.1350460 0.0950689 0.0938304 0.0000000 0.1064187 0.0876875 0.1761892 0.1063321 0.0957658 0.0954109 0.0843068 0.0845395 0.0907430 0.0879178 0.1094152 0.0884652 0.0781447 0.0185908 0.1062336 0.0135094 
Macropodidae_Dorcopsulus_vanheurni           0.0618193 0.0965006 0.0643178 0.0245209 0.0252151 0.1093770 0.0562629 0.0676194 0.0285535 0.1061534 0.0575718 0.1107189 0.1009233 0.0614788 0.0676160 0.1115382 0.1018402 0.1054355 0.1064187 0.0000000 0.0735819 0.1737296 0.1202185 0.1147767 0.0575873 0.0805236 0.0607178 0.0117091 0.0684151 0.0876683 0.0735839 0.0617979 0.1110508 0.1077223 0.1006417 
Pseudochiridae_Pseudochirulus_forbesi        0.0607193 0.0794963 0.0809320 0.0641252 0.0728581 0.1100425 0.0585389 0.0627797 0.1009888 0.0823306 0.0852812 0.1151120 0.1035271 0.0535279 0.0529586 0.1359770 0.0867586 0.0867863 0.0876875 0.0735819 0.0000000 0.1905714 0.1040130 0.0924340 0.0682775 0.0767978 0.0430337 0.0636474 0.0346032 0.0720096 0.0638204 0.0617533 0.0913135 0.1066727 0.0817672 
Didelphidae_Didelphis_virginiana             0.1683136 0.1673797 0.1279631 0.1785323 0.1938622 0.1550716 0.1835345 0.1872388 0.1106911 0.1761132 0.0959041 0.1487152 0.1708304 0.1702564 0.1678420 0.1137728 0.1661143 0.1753831 0.1761892 0.1737296 0.1905714 0.0000000 0.1225116 0.1632016 0.1925568 0.1871694 0.1807553 0.1763125 0.1868951 0.1948411 0.1895457 0.1781119 0.1781933 0.1553231 0.1739915 
Marmosidae_Monodelphis_domestica             0.0937636 0.0873699 0.1451832 0.0843466 0.0962507 0.1477337 0.1015714 0.0905229 0.1477009 0.0986298 0.1284108 0.1440810 0.1357898 0.0768950 0.0796798 0.1741398 0.0987343 0.0949686 0.1063321 0.1202185 0.1040130 0.1225116 0.0000000 0.1077946 0.1034330 0.0947766 0.0895625 0.0851343 0.0889728 0.1101729 0.0986792 0.0884370 0.1080359 0.1457700 0.0981176 
Dasyuridae_Antechinus_stuartii               0.0853697 0.0981554 0.1169481 0.0967214 0.1049133 0.0204900 0.0918627 0.0982840 0.1361327 0.0987315 0.1214943 0.0135543 0.0269896 0.0852100 0.0863823 0.0423200 0.0184861 0.0275114 0.0957658 0.1147767 0.0924340 0.1632016 0.1077946 0.0000000 0.0971716 0.0910678 0.0888333 0.0924434 0.1014052 0.1176796 0.0999728 0.0912741 0.1086379 0.0190992 0.0932445 
Hypsiprymnodontidae_Hypsiprymnodon_moschatus 0.0593724 0.0836476 0.0871019 0.0483264 0.0545367 0.1122895 0.0554881 0.0608142 0.0780083 0.0943664 0.0792027 0.1177004 0.1093816 0.0562553 0.0590280 0.1368892 0.0921578 0.0878214 0.0954109 0.0575873 0.0682775 0.1925568 0.1034330 0.0971716 0.0000000 0.0782344 0.0563481 0.0473134 0.0642864 0.0786925 0.0700037 0.0600134 0.1041439 0.1115268 0.0900345 
Microbiotheriidae_Dromiciops_gliroides       0.0712327 0.0800890 0.0945813 0.0751392 0.0816894 0.0981421 0.0676273 0.0695522 0.1138064 0.0841380 0.0969256 0.1064917 0.0956873 0.0632520 0.0710560 0.1399233 0.0866770 0.0854613 0.0843068 0.0805236 0.0767978 0.1871694 0.0947766 0.0910678 0.0782344 0.0000000 0.0652866 0.0709040 0.0793824 0.0968656 0.0799752 0.0672535 0.0927299 0.0965023 0.0794707 
Pseudochiridae_Petauroides_volans            0.0508087 0.0699413 0.0766694 0.0546302 0.0596521 0.1004985 0.0481796 0.0568385 0.0898146 0.0817526 0.0804154 0.1075604 0.0942850 0.0481857 0.0424956 0.1334301 0.0813624 0.0805295 0.0845395 0.0607178 0.0430337 0.1807553 0.0895625 0.0888333 0.0563481 0.0652866 0.0000000 0.0522799 0.0392459 0.0627134 0.0494132 0.0510415 0.0910296 0.0988798 0.0778673 
Macropodidae_Wallabia_bicolor                0.0532528 0.0767074 0.0840415 0.0169876 0.0229748 0.1106175 0.0548249 0.0565368 0.0514954 0.0845094 0.0782834 0.1090642 0.1022160 0.0485540 0.0539672 0.1297133 0.0837440 0.0844059 0.0907430 0.0117091 0.0636474 0.1763125 0.0851343 0.0924434 0.0473134 0.0709040 0.0522799 0.0000000 0.0557577 0.0757328 0.0640014 0.0555952 0.0926724 0.1089659 0.0849545 
Pseudochiridae_Pseudocheirus_occidentalis    0.0567863 0.0739768 0.0898572 0.0587536 0.0667301 0.1155724 0.0595561 0.0675410 0.0995251 0.0800619 0.0938178 0.1114063 0.1078037 0.0557951 0.0451892 0.1353592 0.0903758 0.0855483 0.0879178 0.0684151 0.0346032 0.1868951 0.0889728 0.1014052 0.0642864 0.0793824 0.0392459 0.0557577 0.0000000 0.0645365 0.0578245 0.0621109 0.0880541 0.1145855 0.0791708 
Tarsipedidae_Tarsipes_rostratus              0.0770653 0.0969148 0.1059715 0.0807092 0.0872367 0.1324392 0.0738425 0.0821783 0.1148217 0.1020379 0.1077562 0.1255390 0.1242733 0.0732801 0.0691910 0.1441601 0.1102116 0.1027121 0.1094152 0.0876683 0.0720096 0.1948411 0.1101729 0.1176796 0.0786925 0.0968656 0.0627134 0.0757328 0.0645365 0.0000000 0.0761854 0.0788814 0.1107961 0.1317584 0.1035058 
Acrobatidae_Distoechurus_pennatus            0.0600728 0.0784735 0.0830705 0.0661972 0.0719153 0.1144545 0.0588382 0.0632576 0.0993902 0.0865493 0.0866685 0.1113270 0.1059394 0.0561314 0.0371308 0.1323453 0.0923797 0.0965737 0.0884652 0.0735839 0.0638204 0.1895457 0.0986792 0.0999728 0.0700037 0.0799752 0.0494132 0.0640014 0.0578245 0.0761854 0.0000000 0.0584265 0.0935385 0.1127773 0.0848008 
Phalangeridae_Phalanger_carmelitae           0.0466471 0.0710006 0.0745028 0.0560313 0.0593994 0.1036145 0.0304990 0.0264797 0.0863762 0.0793717 0.0440330 0.1065173 0.0947234 0.0104354 0.0516075 0.1304687 0.0821229 0.0890309 0.0781447 0.0617979 0.0617533 0.1781119 0.0884370 0.0912741 0.0600134 0.0672535 0.0510415 0.0555952 0.0621109 0.0788814 0.0584265 0.0000000 0.0855820 0.1019797 0.0742607 
Peramelidae_Peroryctes_raffrayana            0.0837788 0.0858698 0.1134195 0.0960288 0.1016784 0.1248975 0.0918983 0.0962516 0.1241924 0.0173025 0.1082725 0.1147115 0.1145109 0.0845338 0.0850166 0.1316228 0.1029654 0.1000326 0.0185908 0.1110508 0.0913135 0.1781933 0.1080359 0.1086379 0.1041439 0.0927299 0.0910296 0.0926724 0.0880541 0.1107961 0.0935385 0.0855820 0.0000000 0.1220403 0.0172129 
Dasyuridae_Dasyurus_geffroii                 0.0911606 0.1079722 0.0985801 0.1161327 0.1171737 0.0045336 0.0953279 0.1125847 0.1198018 0.1111954 0.1047663 0.0188762 0.0208421 0.1041833 0.1036085 0.0193358 0.0091394 0.0261346 0.1062336 0.1077223 0.1066727 0.1553231 0.1457700 0.0190992 0.1115268 0.0965023 0.0988798 0.1089659 0.1145855 0.1317584 0.1127773 0.1019797 0.1220403 0.0000000 0.1027596 
Peramelidae_Perameles_gunnii                 0.0756841 0.0810585 0.0983200 0.0855868 0.0884999 0.1028462 0.0793111 0.0795379 0.1189379 0.0000010 0.0969917 0.1067239 0.1001879 0.0700892 0.0749946 0.1252832 0.0874752 0.0867191 0.0135094 0.1006417 0.0817672 0.1739915 0.0981176 0.0932445 0.0900345 0.0794707 0.0778673 0.0849545 0.0791708 0.1035058 0.0848008 0.0742607 0.0172129 0.1027596 0.0000000 
