177
I0185_86_Accipitridae_Buteo_jamaicensis                   0.0000000 0.0429891 0.0400247 0.0453951 0.0531555 0.0394484 0.0357660 0.0418441 0.0521141 0.0600727 0.0332898 0.0612179 0.0416655 0.0446276 0.0572362 0.0390551 0.0213247 0.0583877 0.0273017 0.0564586 0.0611658 0.0272875 0.0443026 0.0331071 0.0615411 0.0706979 0.0664684 0.0313675 0.0548376 0.0548043 0.0492737 0.0523744 0.0395422 0.0691973 0.0552285 0.0659809 0.0551245 0.0749375 0.0594177 0.0553417 0.0728565 0.0681223 0.0430745 0.0456640 0.0380163 0.0564689 0.0529137 0.0292339 0.0433082 0.0555290 0.0577622 0.0412440 0.0381727 0.0304942 0.0550227 0.0532757 0.0758727 0.0542115 0.0569191 0.0475558 0.0300241 0.0368058 0.0651221 0.0577081 0.0398055 0.0635991 0.0631533 0.0573225 0.0553927 0.0345787 0.0335774 0.0535707 0.0582819 0.0330316 0.0078071 0.0450809 0.0476260 0.0461818 0.0268875 0.0517896 0.0732956 0.0424701 0.0358446 0.0272769 0.0531809 0.0393441 0.0566066 0.0585518 0.0271557 0.0587266 0.0312381 0.0238608 0.0288131 0.0404256 0.0409289 0.0533212 0.0427849 0.0324341 0.0311470 0.0351277 0.0443321 0.0690791 0.0341262 0.0511173 0.0711107 0.0683397 0.0496299 0.0580396 0.0679832 0.0635238 0.0289271 0.0194904 0.0284490 0.0532352 0.0465808 0.0410052 0.0605782 0.0296616 0.0599445 0.0332879 0.0380087 0.0273980 0.0412520 0.0676202 0.0502947 0.0351665 0.0570056 0.0338008 0.0422451 0.0367990 0.0278216 0.0296684 0.0275701 0.0436214 0.0315461 0.0648408 0.0478422 0.0390622 0.0290557 0.0498435 0.0689733 0.0517888 0.0557115 0.0319973 0.0325755 0.0304987 0.0315995 0.0449405 0.0470042 0.0439651 0.0649638 0.0366856 0.0465196 0.0574642 0.0579795 0.0347802 0.0388712 0.0327423 0.0596508 0.0597390 0.0688437 0.0217768 0.0279342 0.0312729 0.0622234 0.0290623 0.0674241 0.0659731 0.0582734 0.0530292 0.1325521 0.0594921 0.0732305 0.0685176 0.0426443 0.0387061 0.0541100 
I0186_111_Momotidae_Momotus_lessonii                      0.0429891 0.0000000 0.0483550 0.0562599 0.0600409 0.0467913 0.0475392 0.0506077 0.0473994 0.0632874 0.0457851 0.0682856 0.0502379 0.0476896 0.0636315 0.0504022 0.0338294 0.0645482 0.0391773 0.0633207 0.0691186 0.0396711 0.0521460 0.0454120 0.0656346 0.0781252 0.0740170 0.0417057 0.0617611 0.0613895 0.0590038 0.0607705 0.0485404 0.0751486 0.0625449 0.0757574 0.0627117 0.0848006 0.0658520 0.0623162 0.0836875 0.0756493 0.0409075 0.0541527 0.0493666 0.0643794 0.0610760 0.0410373 0.0526688 0.0625605 0.0650139 0.0494788 0.0493211 0.0428091 0.0622384 0.0618921 0.0851296 0.0617390 0.0685690 0.0607809 0.0421937 0.0453125 0.0736806 0.0696660 0.0495997 0.0687339 0.0756908 0.0651380 0.0623689 0.0465270 0.0442943 0.0612515 0.0633760 0.0387911 0.0429721 0.0415421 0.0534552 0.0510055 0.0397809 0.0611632 0.0809413 0.0530685 0.0453901 0.0388972 0.0649297 0.0436324 0.0678156 0.0628595 0.0388679 0.0705477 0.0444627 0.0417167 0.0415103 0.0508152 0.0430935 0.0603896 0.0516392 0.0431916 0.0439986 0.0467319 0.0538153 0.0795004 0.0457831 0.0645662 0.0798423 0.0743352 0.0588886 0.0674271 0.0767978 0.0755635 0.0410890 0.0453810 0.0410891 0.0603992 0.0561170 0.0493277 0.0720215 0.0419952 0.0663706 0.0441494 0.0481701 0.0396958 0.0500220 0.0718649 0.0592243 0.0479701 0.0626319 0.0458134 0.0537826 0.0471201 0.0395592 0.0410530 0.0391425 0.0532562 0.0422632 0.0694351 0.0552635 0.0497897 0.0415464 0.0558076 0.0813452 0.0617823 0.0631869 0.0428528 0.0445279 0.0421760 0.0438953 0.0533954 0.0553151 0.0534132 0.0745425 0.0479012 0.0550169 0.0635932 0.0654635 0.0462935 0.0479731 0.0452086 0.0662080 0.0687435 0.0775088 0.0436135 0.0407161 0.0431728 0.0743932 0.0405494 0.0756135 0.0718162 0.0654603 0.0593983 0.1398631 0.0684142 0.0794750 0.0755051 0.0523987 0.0476941 0.0608830 
I0187_115_Trogonidae_Trogon_elegans                       0.0400247 0.0483550 0.0000000 0.0553155 0.0602951 0.0181644 0.0456575 0.0482573 0.0578297 0.0648296 0.0436084 0.0674365 0.0502746 0.0532431 0.0620746 0.0476934 0.0325811 0.0629687 0.0387266 0.0611907 0.0675618 0.0396463 0.0514502 0.0431181 0.0676538 0.0773340 0.0764515 0.0410306 0.0592214 0.0606620 0.0584174 0.0604656 0.0477431 0.0762693 0.0601472 0.0736352 0.0614641 0.0830289 0.0646800 0.0609677 0.0838288 0.0751010 0.0507207 0.0540555 0.0487704 0.0621917 0.0595945 0.0401985 0.0524400 0.0603383 0.0627815 0.0481155 0.0484789 0.0412868 0.0610170 0.0612388 0.0835355 0.0600013 0.0673134 0.0591436 0.0411672 0.0454340 0.0725610 0.0682016 0.0488412 0.0705083 0.0747468 0.0635118 0.0603350 0.0439931 0.0430273 0.0590835 0.0634790 0.0398595 0.0406284 0.0509818 0.0546202 0.0537301 0.0378037 0.0609261 0.0793361 0.0520832 0.0450202 0.0379468 0.0636170 0.0483468 0.0665021 0.0641677 0.0380265 0.0688954 0.0423219 0.0392185 0.0402808 0.0495361 0.0482401 0.0620226 0.0507318 0.0436995 0.0417118 0.0460940 0.0527543 0.0776226 0.0446122 0.0625469 0.0775845 0.0724932 0.0589183 0.0664304 0.0740183 0.0740701 0.0389260 0.0439151 0.0385968 0.0602608 0.0556068 0.0494325 0.0710082 0.0406582 0.0665895 0.0440688 0.0474306 0.0378120 0.0498146 0.0730440 0.0591274 0.0464035 0.0630207 0.0459322 0.0512938 0.0451576 0.0382075 0.0409094 0.0377367 0.0523749 0.0426828 0.0712007 0.0563508 0.0477706 0.0403780 0.0558940 0.0803063 0.0594890 0.0606647 0.0423095 0.0429053 0.0421878 0.0428587 0.0528613 0.0555654 0.0527313 0.0723652 0.0463552 0.0537462 0.0620225 0.0637931 0.0438882 0.0469121 0.0438042 0.0650326 0.0666281 0.0768268 0.0416793 0.0388857 0.0431316 0.0723728 0.0409061 0.0741512 0.0721189 0.0652867 0.0597036 0.1422122 0.0665557 0.0792901 0.0743585 0.0514553 0.0469054 0.0612863 
I0188_135_Apodidae_Streptoprocne_zonaris                  0.0453951 0.0562599 0.0553155 0.0000000 0.0648573 0.0535224 0.0489843 0.0546076 0.0641927 0.0707639 0.0469477 0.0699447 0.0553821 0.0594132 0.0654970 0.0524110 0.0375895 0.0655794 0.0417745 0.0654437 0.0686517 0.0424655 0.0565237 0.0490014 0.0733614 0.0800003 0.0760784 0.0470102 0.0639832 0.0645814 0.0496397 0.0525684 0.0531630 0.0791947 0.0655317 0.0799099 0.0649923 0.0864959 0.0686212 0.0644063 0.0863892 0.0774968 0.0536038 0.0548759 0.0528110 0.0659808 0.0627078 0.0445449 0.0552321 0.0654506 0.0665228 0.0540450 0.0500860 0.0464611 0.0680974 0.0239125 0.0877068 0.0640444 0.0727042 0.0643193 0.0439015 0.0479984 0.0773600 0.0736025 0.0496733 0.0777722 0.0789786 0.0660353 0.0657578 0.0496674 0.0485059 0.0629815 0.0702243 0.0452640 0.0451450 0.0572726 0.0609929 0.0586695 0.0434657 0.0516653 0.0859422 0.0557252 0.0491751 0.0429173 0.0700689 0.0525014 0.0725825 0.0704893 0.0417359 0.0742062 0.0478584 0.0465879 0.0439630 0.0517590 0.0530782 0.0629492 0.0540190 0.0490024 0.0470931 0.0508880 0.0564365 0.0831336 0.0478220 0.0673747 0.0836429 0.0716197 0.0609313 0.0672743 0.0788394 0.0793367 0.0437410 0.0492764 0.0442481 0.0640000 0.0219226 0.0530313 0.0748280 0.0449493 0.0715832 0.0493333 0.0446494 0.0431917 0.0536835 0.0800014 0.0613247 0.0481703 0.0659568 0.0503593 0.0564878 0.0484336 0.0434984 0.0449376 0.0432068 0.0551979 0.0465799 0.0709083 0.0617944 0.0509428 0.0436849 0.0621417 0.0844303 0.0621668 0.0657652 0.0460495 0.0478420 0.0468149 0.0475676 0.0562390 0.0573693 0.0564033 0.0781232 0.0502466 0.0566271 0.0660100 0.0659411 0.0492177 0.0519850 0.0443226 0.0692336 0.0686747 0.0826071 0.0468909 0.0439831 0.0472214 0.0791651 0.0455561 0.0761933 0.0751562 0.0684159 0.0649772 0.1461662 0.0685900 0.0800453 0.0770408 0.0572017 0.0534169 0.0644644 
I0189_225_Eurylaimidae_Smithornis_rufolateralis           0.0531555 0.0600409 0.0602951 0.0648573 0.0000000 0.0579294 0.0579834 0.0592403 0.0664335 0.0739054 0.0559952 0.0515680 0.0626947 0.0640996 0.0404612 0.0583850 0.0459203 0.0436397 0.0515919 0.0419227 0.0444589 0.0520764 0.0608376 0.0543971 0.0771262 0.0631038 0.0591099 0.0529399 0.0400197 0.0413045 0.0660323 0.0687620 0.0580257 0.0595336 0.0399069 0.0835458 0.0417000 0.0925355 0.0451396 0.0406878 0.0943248 0.0586694 0.0613277 0.0632659 0.0598584 0.0407141 0.0388427 0.0531872 0.0620734 0.0403582 0.0425575 0.0583077 0.0601383 0.0551569 0.0424190 0.0699190 0.0929776 0.0407836 0.0780017 0.0707742 0.0535125 0.0560111 0.0833631 0.0794692 0.0594470 0.0811407 0.0852674 0.0404325 0.0419713 0.0575443 0.0549246 0.0397388 0.0718829 0.0482644 0.0530770 0.0621434 0.0649765 0.0612025 0.0504327 0.0691051 0.0901270 0.0605505 0.0579054 0.0518557 0.0752669 0.0583753 0.0780038 0.0723956 0.0519495 0.0802467 0.0558945 0.0545666 0.0533423 0.0613039 0.0587390 0.0681510 0.0618899 0.0553051 0.0551064 0.0581098 0.0633914 0.0875762 0.0562399 0.0748073 0.0891216 0.0520435 0.0679201 0.0518949 0.0612345 0.0852279 0.0514855 0.0554481 0.0520024 0.0271323 0.0648944 0.0594185 0.0823336 0.0521456 0.0774869 0.0575413 0.0594339 0.0515148 0.0608967 0.0822172 0.0684311 0.0581112 0.0306849 0.0588249 0.0604903 0.0567168 0.0518302 0.0526701 0.0516362 0.0635032 0.0554495 0.0778182 0.0689866 0.0587698 0.0531266 0.0685838 0.0917082 0.0458799 0.0410532 0.0550990 0.0561874 0.0536451 0.0553319 0.0643586 0.0631438 0.0635912 0.0820852 0.0565308 0.0654629 0.0422989 0.0437079 0.0551763 0.0578076 0.0558333 0.0318898 0.0528651 0.0860014 0.0539737 0.0521870 0.0540773 0.0842658 0.0528526 0.0583497 0.0559038 0.0498378 0.0218848 0.1465412 0.0521602 0.0636398 0.0604146 0.0606285 0.0606437 0.0486259 
I0190_295_Trogonidae_Apaloderma_aequatoriale              0.0394484 0.0467913 0.0181644 0.0535224 0.0579294 0.0000000 0.0447793 0.0464974 0.0563284 0.0624491 0.0432359 0.0648027 0.0490128 0.0521377 0.0602360 0.0464812 0.0310992 0.0612819 0.0371736 0.0592242 0.0652841 0.0389969 0.0489093 0.0416509 0.0669816 0.0745852 0.0737667 0.0400244 0.0582107 0.0591727 0.0558578 0.0583947 0.0462888 0.0739117 0.0584868 0.0708470 0.0596772 0.0801134 0.0625172 0.0594353 0.0817854 0.0722435 0.0492649 0.0516960 0.0478819 0.0607527 0.0575162 0.0381522 0.0516742 0.0589030 0.0611620 0.0466816 0.0469646 0.0398986 0.0588596 0.0587575 0.0812194 0.0581595 0.0657212 0.0572994 0.0395193 0.0436321 0.0697478 0.0659930 0.0472449 0.0692195 0.0724484 0.0610826 0.0592295 0.0433519 0.0424348 0.0576149 0.0611624 0.0372432 0.0401271 0.0511830 0.0525773 0.0518337 0.0366735 0.0588748 0.0764683 0.0513032 0.0433155 0.0375938 0.0621683 0.0472085 0.0644278 0.0622042 0.0373880 0.0672044 0.0412689 0.0390286 0.0399009 0.0493929 0.0484407 0.0596810 0.0499268 0.0413770 0.0407160 0.0452654 0.0527528 0.0753744 0.0431541 0.0604614 0.0761456 0.0721424 0.0579194 0.0652534 0.0733982 0.0718775 0.0379660 0.0431148 0.0377485 0.0584790 0.0540344 0.0494823 0.0690483 0.0390888 0.0648759 0.0432979 0.0467973 0.0371390 0.0476811 0.0712969 0.0580479 0.0451043 0.0616142 0.0442116 0.0498572 0.0431504 0.0374741 0.0389281 0.0373619 0.0515053 0.0416254 0.0697264 0.0551121 0.0459257 0.0402341 0.0552271 0.0790637 0.0563753 0.0592202 0.0406883 0.0413706 0.0405951 0.0415343 0.0518363 0.0543760 0.0518072 0.0707163 0.0452831 0.0527833 0.0605278 0.0616676 0.0430496 0.0457819 0.0421334 0.0631273 0.0648921 0.0748304 0.0408499 0.0383872 0.0412033 0.0712559 0.0397328 0.0720659 0.0699165 0.0628337 0.0581822 0.1425706 0.0650458 0.0764565 0.0725599 0.0491781 0.0459199 0.0600130 
I0192_375_Musophagidae_Tauraco_macrorhynchus              0.0357660 0.0475392 0.0456575 0.0489843 0.0579834 0.0447793 0.0000000 0.0451021 0.0547017 0.0632517 0.0201873 0.0641114 0.0477170 0.0503083 0.0604748 0.0446173 0.0282138 0.0609164 0.0333886 0.0591493 0.0652904 0.0335349 0.0467943 0.0371650 0.0666412 0.0747454 0.0723169 0.0378725 0.0578793 0.0587704 0.0521507 0.0549047 0.0436042 0.0723329 0.0595462 0.0694894 0.0595269 0.0786335 0.0618134 0.0585680 0.0769023 0.0719950 0.0485577 0.0491363 0.0444959 0.0602722 0.0565363 0.0335193 0.0490975 0.0588385 0.0612328 0.0442280 0.0428378 0.0349650 0.0585004 0.0553672 0.0789328 0.0567105 0.0609319 0.0515395 0.0346026 0.0394019 0.0679655 0.0614954 0.0439014 0.0690469 0.0690904 0.0612838 0.0593366 0.0394633 0.0391672 0.0570631 0.0637344 0.0374866 0.0364766 0.0488556 0.0532173 0.0512094 0.0334762 0.0550339 0.0767241 0.0471003 0.0404401 0.0315670 0.0583157 0.0468905 0.0599787 0.0628681 0.0303711 0.0624828 0.0371226 0.0363282 0.0345012 0.0437938 0.0475666 0.0562603 0.0453902 0.0386137 0.0371226 0.0404976 0.0505238 0.0731339 0.0388082 0.0558828 0.0748718 0.0714052 0.0532421 0.0632714 0.0721235 0.0694101 0.0334184 0.0403449 0.0329406 0.0577809 0.0505962 0.0466176 0.0667657 0.0351820 0.0633551 0.0387146 0.0421612 0.0319970 0.0444096 0.0716638 0.0550459 0.0415831 0.0601209 0.0402839 0.0470778 0.0409324 0.0322207 0.0342943 0.0317594 0.0477549 0.0365605 0.0694622 0.0534324 0.0428276 0.0343740 0.0539399 0.0752982 0.0570367 0.0592685 0.0373996 0.0363052 0.0376233 0.0381583 0.0483666 0.0510697 0.0486054 0.0684868 0.0422699 0.0492317 0.0608837 0.0609319 0.0397465 0.0429840 0.0380960 0.0640763 0.0644998 0.0737205 0.0389359 0.0339421 0.0381022 0.0683602 0.0363227 0.0719354 0.0700966 0.0617969 0.0580090 0.1357694 0.0644557 0.0751274 0.0730462 0.0479065 0.0444294 0.0582004 
I0193_447_Columbidae_Treron_calvus                        0.0418441 0.0506077 0.0482573 0.0546076 0.0592403 0.0464974 0.0451021 0.0000000 0.0584840 0.0637210 0.0432218 0.0646726 0.0503527 0.0542012 0.0617172 0.0475274 0.0269592 0.0626144 0.0370003 0.0618932 0.0669398 0.0380269 0.0195087 0.0419032 0.0676713 0.0733350 0.0705015 0.0416156 0.0596349 0.0599071 0.0556257 0.0580741 0.0164184 0.0715652 0.0604489 0.0715928 0.0604019 0.0822426 0.0634423 0.0608141 0.0812532 0.0718715 0.0508299 0.0515027 0.0495087 0.0625402 0.0587869 0.0383634 0.0520598 0.0607935 0.0630901 0.0173239 0.0469282 0.0399301 0.0603326 0.0604838 0.0827953 0.0600082 0.0658864 0.0581216 0.0390911 0.0441114 0.0709314 0.0661103 0.0467692 0.0694752 0.0739448 0.0632077 0.0612700 0.0440640 0.0448599 0.0594739 0.0638192 0.0315375 0.0419118 0.0533426 0.0554103 0.0537329 0.0371269 0.0583058 0.0792232 0.0508137 0.0429232 0.0361967 0.0627756 0.0493163 0.0653999 0.0632747 0.0359651 0.0680620 0.0419174 0.0410605 0.0380499 0.0461340 0.0491072 0.0588809 0.0471672 0.0430919 0.0413884 0.0445459 0.0538765 0.0762520 0.0423466 0.0620793 0.0772905 0.0735247 0.0571087 0.0642615 0.0712783 0.0733524 0.0375972 0.0447283 0.0372164 0.0599663 0.0542946 0.0501536 0.0711790 0.0386160 0.0672514 0.0441991 0.0460954 0.0363312 0.0493627 0.0731732 0.0560842 0.0444145 0.0622504 0.0452115 0.0500033 0.0424427 0.0365487 0.0391519 0.0360463 0.0513632 0.0421743 0.0691785 0.0558008 0.0455854 0.0377877 0.0556672 0.0808328 0.0570264 0.0609045 0.0402268 0.0413613 0.0420625 0.0414360 0.0523781 0.0539111 0.0517025 0.0706577 0.0451055 0.0531408 0.0626137 0.0627816 0.0437326 0.0156931 0.0429128 0.0653606 0.0639828 0.0754939 0.0426593 0.0374423 0.0423965 0.0725565 0.0407737 0.0703395 0.0682696 0.0623894 0.0592593 0.1396147 0.0640165 0.0755579 0.0721764 0.0506944 0.0466612 0.0609852 
I0194_495_Alcedinidae_Alcedo_quadribrachys                0.0521141 0.0473994 0.0578297 0.0641927 0.0664335 0.0563284 0.0547017 0.0584840 0.0000000 0.0683286 0.0548956 0.0724901 0.0588020 0.0570718 0.0683218 0.0594965 0.0442286 0.0702269 0.0495904 0.0692397 0.0724072 0.0514968 0.0599896 0.0550370 0.0708607 0.0799758 0.0783460 0.0526040 0.0674455 0.0677017 0.0674642 0.0687060 0.0572395 0.0783363 0.0672676 0.0811713 0.0677152 0.0898497 0.0722192 0.0678093 0.0980684 0.0772985 0.0502512 0.0642430 0.0596542 0.0689286 0.0668895 0.0516291 0.0611680 0.0683037 0.0697835 0.0581713 0.0590890 0.0537594 0.0675376 0.0702549 0.0904350 0.0671863 0.0776303 0.0701226 0.0524888 0.0539150 0.0808104 0.0778122 0.0584576 0.0712668 0.0847592 0.0691259 0.0678058 0.0563733 0.0563817 0.0667278 0.0668598 0.0459359 0.0524435 0.0375489 0.0613550 0.0578264 0.0501228 0.0689848 0.0870355 0.0619171 0.0556774 0.0511136 0.0744804 0.0511057 0.0763049 0.0667360 0.0505738 0.0798497 0.0539741 0.0524993 0.0519851 0.0602492 0.0512994 0.0677859 0.0614286 0.0531026 0.0533688 0.0566053 0.0621747 0.0845099 0.0558179 0.0727213 0.0847672 0.0792755 0.0675544 0.0710672 0.0780501 0.0849615 0.0522577 0.0546091 0.0520542 0.0665455 0.0649452 0.0587134 0.0807592 0.0517261 0.0745249 0.0544486 0.0573561 0.0515505 0.0618263 0.0751122 0.0687702 0.0557136 0.0708403 0.0574392 0.0615992 0.0560651 0.0511274 0.0515133 0.0511856 0.0615507 0.0536225 0.0750851 0.0643675 0.0590468 0.0520915 0.0648713 0.0882171 0.0656336 0.0688408 0.0526212 0.0548495 0.0528572 0.0536952 0.0629858 0.0648035 0.0612662 0.0812053 0.0566711 0.0632092 0.0690403 0.0703643 0.0555600 0.0575060 0.0558000 0.0719869 0.0728207 0.0829410 0.0528502 0.0513206 0.0527842 0.0836203 0.0520151 0.0764214 0.0759320 0.0712567 0.0666553 0.1486021 0.0721603 0.0823515 0.0784406 0.0612750 0.0560702 0.0678693 
I0195_522_Ramphastidae_Buccanodon_duchaillui              0.0600727 0.0632874 0.0648296 0.0707639 0.0739054 0.0624491 0.0632517 0.0637210 0.0683286 0.0000000 0.0600895 0.0807742 0.0654058 0.0660762 0.0758007 0.0642082 0.0499699 0.0764771 0.0557725 0.0752551 0.0810902 0.0565225 0.0651424 0.0590361 0.0426016 0.0891615 0.0857358 0.0572435 0.0742853 0.0733565 0.0709549 0.0730918 0.0630283 0.0874952 0.0749538 0.0878013 0.0749031 0.0956845 0.0775902 0.0743933 0.0999225 0.0856092 0.0643991 0.0684885 0.0644527 0.0768011 0.0732619 0.0575765 0.0688145 0.0733203 0.0782240 0.0639350 0.0645979 0.0595519 0.0731574 0.0776970 0.0974552 0.0729847 0.0824449 0.0741069 0.0585828 0.0598008 0.0863346 0.0825127 0.0641607 0.0447182 0.0908731 0.0767722 0.0749931 0.0614916 0.0615862 0.0725973 0.0272711 0.0497539 0.0603901 0.0632910 0.0654106 0.0629948 0.0560228 0.0730430 0.0940009 0.0678503 0.0621552 0.0567808 0.0795777 0.0623554 0.0821180 0.0252251 0.0561050 0.0836877 0.0592801 0.0583674 0.0573535 0.0656754 0.0603062 0.0728937 0.0669581 0.0602877 0.0585773 0.0628332 0.0699685 0.0913764 0.0616808 0.0763217 0.0918088 0.0871808 0.0730240 0.0775174 0.0875603 0.0910008 0.0568612 0.0616064 0.0572209 0.0707945 0.0706582 0.0655560 0.0871058 0.0575626 0.0801873 0.0612649 0.0631639 0.0552029 0.0665904 0.0344404 0.0725305 0.0623646 0.0752619 0.0632609 0.0671648 0.0602729 0.0561632 0.0579444 0.0563377 0.0689735 0.0604245 0.0832936 0.0703985 0.0634206 0.0574812 0.0711628 0.0966917 0.0720936 0.0737509 0.0594176 0.0602470 0.0589180 0.0600079 0.0703094 0.0699632 0.0694646 0.0872251 0.0629917 0.0690984 0.0776559 0.0768906 0.0605744 0.0628053 0.0592859 0.0768558 0.0800796 0.0895719 0.0598136 0.0567293 0.0595205 0.0899548 0.0572249 0.0842714 0.0845675 0.0776088 0.0731495 0.1562681 0.0796097 0.0905269 0.0862734 0.0669991 0.0622305 0.0749241 
I0196_523_Musophagidae_Corythaeola_cristata               0.0332898 0.0457851 0.0436084 0.0469477 0.0559952 0.0432359 0.0201873 0.0432218 0.0548956 0.0600895 0.0000000 0.0639740 0.0451713 0.0486897 0.0591511 0.0416833 0.0256220 0.0609863 0.0302724 0.0585467 0.0641140 0.0305761 0.0456794 0.0360071 0.0637463 0.0733259 0.0712215 0.0353639 0.0568045 0.0578243 0.0517847 0.0540246 0.0421999 0.0719935 0.0580659 0.0675724 0.0587795 0.0783338 0.0619026 0.0568625 0.0764170 0.0709537 0.0461225 0.0474081 0.0419250 0.0596769 0.0553469 0.0325279 0.0460793 0.0578712 0.0610999 0.0425223 0.0398452 0.0333917 0.0582762 0.0543727 0.0787906 0.0565646 0.0585490 0.0502509 0.0327546 0.0375221 0.0676508 0.0601287 0.0413637 0.0657472 0.0672476 0.0598372 0.0580172 0.0374086 0.0374019 0.0563064 0.0608924 0.0365875 0.0336604 0.0471233 0.0514728 0.0488220 0.0303284 0.0544331 0.0749998 0.0453651 0.0376480 0.0298807 0.0564641 0.0447815 0.0581720 0.0605130 0.0298987 0.0611166 0.0349247 0.0333397 0.0316199 0.0419622 0.0448611 0.0547513 0.0426839 0.0374761 0.0349256 0.0375642 0.0477704 0.0716174 0.0367708 0.0535758 0.0731078 0.0716188 0.0520970 0.0614615 0.0717627 0.0673716 0.0311853 0.0370182 0.0307335 0.0568493 0.0491866 0.0447472 0.0647532 0.0325455 0.0626951 0.0361621 0.0396773 0.0300358 0.0427303 0.0692237 0.0519709 0.0379737 0.0598698 0.0380005 0.0452835 0.0384911 0.0300389 0.0322217 0.0300938 0.0459167 0.0345480 0.0656971 0.0505911 0.0403086 0.0319696 0.0514475 0.0726186 0.0558641 0.0583270 0.0347986 0.0351203 0.0351753 0.0356770 0.0460263 0.0474290 0.0469566 0.0664426 0.0401464 0.0483430 0.0598574 0.0611842 0.0372789 0.0411232 0.0357647 0.0631077 0.0644029 0.0714596 0.0359369 0.0313831 0.0361822 0.0656507 0.0339913 0.0714188 0.0689123 0.0616912 0.0563971 0.1331983 0.0640072 0.0755228 0.0727315 0.0457546 0.0418855 0.0572597 
I0197_832_Corvidae_Corvus_albus                           0.0612179 0.0682856 0.0674365 0.0699447 0.0515680 0.0648027 0.0641114 0.0646726 0.0724901 0.0807742 0.0639740 0.0000000 0.0689599 0.0697451 0.0505036 0.0650507 0.0520113 0.0506080 0.0584466 0.0504166 0.0545302 0.0592630 0.0676353 0.0623475 0.0823034 0.0344580 0.0315030 0.0601443 0.0502853 0.0493833 0.0741323 0.0778121 0.0648225 0.0313972 0.0497770 0.0901500 0.0508827 0.0974891 0.0520614 0.0489882 0.1006471 0.0302706 0.0677029 0.0721131 0.0660863 0.0500922 0.0484300 0.0590781 0.0697630 0.0496944 0.0505012 0.0648965 0.0667505 0.0614899 0.0525796 0.0750677 0.0991252 0.0483818 0.0846357 0.0793372 0.0607958 0.0639737 0.0911730 0.0846860 0.0662560 0.0854128 0.0933086 0.0503518 0.0497457 0.0641281 0.0620841 0.0485843 0.0771793 0.0557515 0.0617102 0.0681904 0.0738065 0.0687340 0.0584362 0.0770798 0.0959706 0.0672206 0.0629383 0.0590288 0.0815039 0.0669203 0.0840047 0.0781165 0.0567675 0.0860634 0.0622585 0.0603493 0.0603394 0.0665892 0.0647925 0.0734300 0.0675815 0.0629076 0.0618859 0.0649222 0.0720577 0.0939127 0.0639979 0.0838426 0.0939953 0.0585137 0.0739470 0.0361581 0.0362293 0.0933510 0.0600002 0.0643688 0.0599242 0.0526649 0.0699810 0.0688520 0.0890982 0.0593414 0.0833400 0.0633370 0.0650414 0.0589443 0.0680162 0.0885852 0.0754396 0.0657881 0.0529286 0.0653936 0.0668530 0.0619329 0.0590235 0.0599341 0.0594279 0.0702570 0.0617717 0.0814919 0.0747697 0.0647896 0.0603896 0.0751549 0.0991992 0.0338069 0.0501204 0.0616019 0.0622097 0.0617104 0.0632095 0.0726937 0.0717528 0.0701938 0.0896748 0.0631065 0.0707692 0.0512982 0.0503991 0.0614903 0.0647259 0.0633382 0.0542161 0.0353683 0.0927136 0.0633043 0.0598750 0.0616233 0.0927465 0.0608914 0.0302608 0.0275785 0.0133163 0.0505300 0.1521876 0.0351953 0.0353864 0.0333480 0.0698267 0.0662459 0.0568703 
I0198_937_Bucerotidae_Tockus_camurus                      0.0416655 0.0502379 0.0502746 0.0553821 0.0626947 0.0490128 0.0477170 0.0503527 0.0588020 0.0654058 0.0451713 0.0689599 0.0000000 0.0554376 0.0632206 0.0506415 0.0329164 0.0659803 0.0400843 0.0639067 0.0698049 0.0407083 0.0526477 0.0445738 0.0691179 0.0772498 0.0762997 0.0424677 0.0623294 0.0630889 0.0580016 0.0606981 0.0492843 0.0765037 0.0632736 0.0780258 0.0625795 0.0870268 0.0661324 0.0631727 0.0854197 0.0749647 0.0518536 0.0538688 0.0503047 0.0640469 0.0607727 0.0420097 0.0537467 0.0628933 0.0658027 0.0501203 0.0499348 0.0438065 0.0627850 0.0623763 0.0870897 0.0623886 0.0697839 0.0605535 0.0420643 0.0464344 0.0766293 0.0713630 0.0495948 0.0704152 0.0756846 0.0648468 0.0638225 0.0464062 0.0454754 0.0608292 0.0636422 0.0405204 0.0412693 0.0525893 0.0558283 0.0537397 0.0405987 0.0610513 0.0839092 0.0528346 0.0464101 0.0408434 0.0669714 0.0491499 0.0693394 0.0647372 0.0395982 0.0721801 0.0438161 0.0418354 0.0419604 0.0503946 0.0495841 0.0607526 0.0517358 0.0439663 0.0425792 0.0468226 0.0546335 0.0805088 0.0453618 0.0642307 0.0831229 0.0768846 0.0592575 0.0683800 0.0778638 0.0763295 0.0399834 0.0455965 0.0406968 0.0604545 0.0553887 0.0517899 0.0737199 0.0420267 0.0633378 0.0458766 0.0472750 0.0402348 0.0517140 0.0733227 0.0587177 0.0478478 0.0646821 0.0465806 0.0543279 0.0468925 0.0398061 0.0422387 0.0398698 0.0541635 0.0443885 0.0716812 0.0578283 0.0498555 0.0421669 0.0587117 0.0823397 0.0606362 0.0630190 0.0438164 0.0448486 0.0428267 0.0445583 0.0530609 0.0551548 0.0541983 0.0772552 0.0482537 0.0560767 0.0647164 0.0658985 0.0467100 0.0490196 0.0441602 0.0671731 0.0694884 0.0811231 0.0428542 0.0405260 0.0430303 0.0760529 0.0411817 0.0756159 0.0742311 0.0669497 0.0614279 0.1413520 0.0689921 0.0809549 0.0756859 0.0519463 0.0207684 0.0622932 
I0199_955_Meropidae_Merops_muelleri                       0.0446276 0.0476896 0.0532431 0.0594132 0.0640996 0.0521377 0.0503083 0.0542012 0.0570718 0.0660762 0.0486897 0.0697451 0.0554376 0.0000000 0.0659310 0.0508922 0.0375056 0.0662964 0.0436033 0.0650132 0.0706654 0.0431555 0.0568130 0.0469179 0.0671469 0.0794661 0.0764928 0.0469441 0.0640592 0.0647694 0.0619548 0.0642234 0.0532014 0.0786310 0.0644731 0.0767374 0.0656642 0.0868100 0.0683410 0.0649867 0.0860911 0.0770475 0.0494387 0.0585201 0.0535240 0.0673971 0.0632057 0.0444690 0.0568324 0.0660793 0.0674185 0.0538069 0.0530311 0.0471767 0.0647346 0.0657752 0.0871231 0.0635813 0.0699879 0.0619173 0.0456932 0.0491776 0.0767637 0.0699146 0.0529523 0.0691414 0.0782564 0.0674996 0.0648642 0.0498080 0.0489809 0.0628925 0.0646824 0.0429659 0.0447249 0.0501806 0.0575999 0.0558172 0.0427018 0.0649527 0.0840943 0.0552239 0.0501609 0.0434429 0.0666109 0.0462313 0.0694659 0.0649096 0.0412628 0.0720243 0.0467396 0.0453175 0.0445620 0.0556335 0.0442516 0.0624065 0.0568466 0.0474870 0.0458353 0.0512663 0.0588259 0.0809276 0.0499432 0.0663394 0.0820296 0.0774874 0.0609662 0.0668676 0.0757767 0.0786238 0.0433503 0.0491106 0.0438643 0.0633559 0.0597782 0.0552087 0.0761458 0.0460317 0.0702651 0.0483361 0.0514474 0.0429165 0.0537079 0.0728682 0.0624355 0.0506017 0.0670226 0.0495139 0.0555377 0.0500182 0.0432512 0.0437785 0.0426308 0.0575191 0.0462261 0.0737675 0.0604651 0.0524789 0.0443717 0.0602518 0.0846751 0.0622542 0.0666921 0.0478787 0.0474832 0.0462790 0.0473633 0.0580252 0.0591168 0.0578051 0.0758183 0.0496425 0.0574316 0.0671244 0.0664284 0.0470383 0.0521427 0.0463994 0.0696995 0.0696558 0.0804913 0.0470003 0.0439479 0.0455993 0.0783616 0.0450224 0.0750565 0.0743974 0.0673290 0.0629799 0.1423935 0.0687467 0.0822251 0.0765187 0.0557809 0.0516833 0.0668589 
I0200_988_Furnariidae_Furnarius_rufus                     0.0572362 0.0636315 0.0620746 0.0654970 0.0404612 0.0602360 0.0604748 0.0617172 0.0683218 0.0758007 0.0591511 0.0505036 0.0632206 0.0659310 0.0000000 0.0593235 0.0484392 0.0360747 0.0548895 0.0348332 0.0329501 0.0544805 0.0627337 0.0569601 0.0797679 0.0597962 0.0558564 0.0547503 0.0355684 0.0352393 0.0676586 0.0698492 0.0604476 0.0576061 0.0170480 0.0844278 0.0358153 0.0923804 0.0380775 0.0337752 0.0943670 0.0549977 0.0637044 0.0650858 0.0610196 0.0315293 0.0336948 0.0554133 0.0647413 0.0339665 0.0151530 0.0610154 0.0629540 0.0573623 0.0370410 0.0699072 0.0934458 0.0339533 0.0790430 0.0737973 0.0559029 0.0586612 0.0849673 0.0787324 0.0617814 0.0833828 0.0873100 0.0320607 0.0358561 0.0591974 0.0587634 0.0338635 0.0750713 0.0500759 0.0567274 0.0650177 0.0666695 0.0628316 0.0541821 0.0694506 0.0906575 0.0618152 0.0599969 0.0542051 0.0769523 0.0615978 0.0788671 0.0742788 0.0534410 0.0810473 0.0577934 0.0562722 0.0555023 0.0634454 0.0603166 0.0679853 0.0642846 0.0572575 0.0563492 0.0601572 0.0645179 0.0884038 0.0591949 0.0771966 0.0901353 0.0384869 0.0692192 0.0504094 0.0589669 0.0877012 0.0545183 0.0590741 0.0547367 0.0406401 0.0656524 0.0622779 0.0854427 0.0568167 0.0785428 0.0589725 0.0598501 0.0541432 0.0626193 0.0850981 0.0692793 0.0605379 0.0444795 0.0617926 0.0620408 0.0589775 0.0546679 0.0557145 0.0541716 0.0656849 0.0574056 0.0773990 0.0698371 0.0607309 0.0554847 0.0697502 0.0950233 0.0452543 0.0353036 0.0585278 0.0587346 0.0566971 0.0581593 0.0659333 0.0652223 0.0656995 0.0831034 0.0587907 0.0664595 0.0303236 0.0353989 0.0573361 0.0602259 0.0584846 0.0435761 0.0509226 0.0884064 0.0567918 0.0554150 0.0562481 0.0874628 0.0554459 0.0546994 0.0532778 0.0483580 0.0401484 0.1523698 0.0503662 0.0600618 0.0579751 0.0625203 0.0617426 0.0504838 
I0201_999_Scolopacidae_Tringa_solitaria                   0.0390551 0.0504022 0.0476934 0.0524110 0.0583850 0.0464812 0.0446173 0.0475274 0.0594965 0.0642082 0.0416833 0.0650507 0.0506415 0.0508922 0.0593235 0.0000000 0.0309604 0.0614795 0.0357229 0.0596777 0.0648061 0.0361176 0.0507845 0.0348016 0.0670376 0.0752602 0.0714214 0.0394858 0.0593045 0.0593986 0.0560480 0.0590879 0.0459194 0.0725349 0.0586869 0.0728769 0.0609362 0.0838043 0.0634574 0.0599616 0.0780210 0.0723344 0.0507497 0.0522295 0.0469206 0.0616177 0.0578229 0.0373415 0.0513411 0.0598531 0.0613750 0.0470285 0.0454406 0.0381258 0.0595954 0.0606014 0.0831348 0.0575560 0.0656318 0.0559449 0.0382494 0.0440382 0.0713869 0.0658534 0.0449665 0.0689194 0.0715312 0.0609854 0.0605600 0.0426482 0.0419228 0.0580538 0.0646089 0.0399148 0.0391636 0.0511658 0.0550241 0.0544535 0.0348077 0.0591430 0.0808109 0.0330153 0.0436634 0.0348508 0.0618300 0.0471334 0.0645310 0.0651575 0.0341479 0.0665643 0.0345960 0.0382680 0.0376469 0.0475008 0.0469216 0.0582370 0.0491450 0.0420176 0.0342444 0.0427810 0.0520095 0.0765591 0.0416842 0.0585969 0.0786178 0.0719194 0.0547766 0.0639480 0.0737260 0.0714947 0.0363437 0.0425203 0.0365413 0.0584341 0.0535700 0.0486488 0.0690423 0.0373685 0.0657244 0.0331779 0.0448267 0.0352602 0.0473274 0.0712322 0.0569385 0.0434566 0.0603494 0.0347608 0.0318551 0.0422880 0.0358254 0.0367605 0.0351846 0.0504088 0.0315947 0.0627672 0.0556658 0.0445231 0.0375770 0.0565612 0.0768585 0.0575057 0.0600834 0.0391319 0.0397354 0.0401931 0.0403015 0.0523906 0.0538440 0.0507629 0.0724833 0.0145778 0.0513393 0.0610746 0.0617307 0.0158866 0.0459975 0.0421175 0.0633008 0.0640965 0.0765386 0.0409552 0.0370236 0.0413913 0.0714105 0.0386183 0.0723993 0.0697583 0.0620591 0.0574613 0.1403997 0.0637875 0.0776807 0.0741254 0.0326450 0.0470825 0.0593262 
I0202_1066_Cathartidae_Cathartes_burrovianus              0.0213247 0.0338294 0.0325811 0.0375895 0.0459203 0.0310992 0.0282138 0.0269592 0.0442286 0.0499699 0.0256220 0.0520113 0.0329164 0.0375056 0.0484392 0.0309604 0.0000000 0.0494229 0.0192377 0.0468748 0.0525296 0.0199549 0.0320091 0.0239655 0.0529871 0.0620969 0.0592240 0.0227662 0.0451182 0.0463464 0.0415397 0.0445362 0.0284148 0.0602323 0.0471485 0.0579668 0.0463886 0.0679364 0.0497705 0.0461852 0.0643636 0.0592789 0.0348963 0.0372778 0.0301212 0.0486205 0.0442774 0.0223033 0.0341166 0.0470117 0.0489274 0.0292712 0.0299770 0.0232813 0.0467277 0.0453781 0.0688798 0.0458541 0.0493370 0.0402259 0.0220483 0.0282846 0.0570051 0.0497450 0.0312944 0.0546865 0.0551795 0.0493298 0.0466598 0.0266406 0.0255524 0.0447512 0.0493642 0.0256542 0.0218364 0.0369437 0.0396033 0.0385331 0.0192102 0.0445425 0.0657312 0.0346496 0.0279814 0.0184586 0.0465070 0.0318138 0.0478649 0.0494312 0.0182417 0.0504555 0.0235986 0.0209102 0.0210263 0.0320382 0.0323069 0.0449215 0.0327579 0.0255045 0.0233334 0.0273368 0.0351869 0.0621375 0.0256965 0.0438497 0.0639938 0.0604777 0.0416717 0.0500444 0.0601310 0.0554139 0.0203039 0.0252752 0.0207559 0.0450363 0.0385395 0.0329702 0.0530608 0.0220853 0.0513806 0.0260000 0.0309288 0.0191974 0.0325024 0.0572380 0.0418516 0.0280851 0.0485918 0.0270483 0.0343453 0.0279423 0.0192702 0.0221517 0.0191169 0.0351468 0.0240780 0.0551729 0.0389263 0.0296842 0.0204141 0.0399206 0.0621289 0.0431412 0.0470249 0.0235430 0.0256449 0.0230352 0.0242645 0.0362521 0.0386648 0.0356953 0.0572028 0.0292019 0.0371499 0.0483033 0.0493616 0.0269934 0.0278015 0.0246889 0.0515238 0.0519003 0.0618065 0.0233203 0.0203481 0.0236658 0.0555506 0.0220148 0.0586553 0.0563854 0.0496446 0.0453105 0.1237851 0.0518238 0.0646770 0.0605175 0.0350455 0.0299731 0.0447571 
I0203_1087_Tyrannidae_Hymenops_perspicillatus             0.0583877 0.0645482 0.0629687 0.0655794 0.0436397 0.0612819 0.0609164 0.0626144 0.0702269 0.0764771 0.0609863 0.0506080 0.0659803 0.0662964 0.0360747 0.0614795 0.0494229 0.0000000 0.0569023 0.0125038 0.0412974 0.0568946 0.0641380 0.0589598 0.0796040 0.0595784 0.0564783 0.0571348 0.0234627 0.0225009 0.0703528 0.0727170 0.0612501 0.0581168 0.0355119 0.0866770 0.0216510 0.0947871 0.0214293 0.0228957 0.0952147 0.0553774 0.0663018 0.0680499 0.0638204 0.0373883 0.0216730 0.0561555 0.0664171 0.0227315 0.0374713 0.0611713 0.0646873 0.0583694 0.0138997 0.0697712 0.0943979 0.0215050 0.0806288 0.0756852 0.0582542 0.0610459 0.0875895 0.0801940 0.0630300 0.0830243 0.0911149 0.0369245 0.0228690 0.0623896 0.0598837 0.0209337 0.0752702 0.0527074 0.0583013 0.0659213 0.0690212 0.0667289 0.0552773 0.0725919 0.0940418 0.0656928 0.0609946 0.0559203 0.0783581 0.0648604 0.0805339 0.0748499 0.0541491 0.0828630 0.0594282 0.0580797 0.0576045 0.0654511 0.0623602 0.0715364 0.0662833 0.0583466 0.0580462 0.0614002 0.0680271 0.0910073 0.0616436 0.0793382 0.0922219 0.0430874 0.0711833 0.0492501 0.0570611 0.0914445 0.0558117 0.0624821 0.0564565 0.0437782 0.0667511 0.0645052 0.0890708 0.0573987 0.0794758 0.0612412 0.0627012 0.0553460 0.0650544 0.0843120 0.0728530 0.0629482 0.0446701 0.0629133 0.0648998 0.0596113 0.0550701 0.0565934 0.0556198 0.0685660 0.0592729 0.0807715 0.0707348 0.0626896 0.0571539 0.0713799 0.0977387 0.0447177 0.0236810 0.0600155 0.0591327 0.0585727 0.0604807 0.0694303 0.0676699 0.0681818 0.0860126 0.0602071 0.0699191 0.0361050 0.0120212 0.0593824 0.0616356 0.0599988 0.0456665 0.0479092 0.0904954 0.0599975 0.0562829 0.0587611 0.0891012 0.0579211 0.0558238 0.0545534 0.0485960 0.0426577 0.1525745 0.0476875 0.0611787 0.0563734 0.0659379 0.0624108 0.0529498 
I0204_1174_Threskiornithidae_Harpiprion_caerulescens      0.0273017 0.0391773 0.0387266 0.0417745 0.0515919 0.0371736 0.0333886 0.0370003 0.0495904 0.0557725 0.0302724 0.0584466 0.0400843 0.0436033 0.0548895 0.0357229 0.0192377 0.0569023 0.0000000 0.0548521 0.0593438 0.0218327 0.0402366 0.0296224 0.0597465 0.0689831 0.0656119 0.0292077 0.0524865 0.0533321 0.0462270 0.0491022 0.0359469 0.0674308 0.0532316 0.0627121 0.0534135 0.0733329 0.0572830 0.0533827 0.0647122 0.0664561 0.0408089 0.0410828 0.0368710 0.0556376 0.0514405 0.0229132 0.0408890 0.0539489 0.0552400 0.0372932 0.0345165 0.0239240 0.0530667 0.0493714 0.0737078 0.0527949 0.0536073 0.0452362 0.0241547 0.0329606 0.0623283 0.0554507 0.0356681 0.0617232 0.0606292 0.0555331 0.0540612 0.0313879 0.0325285 0.0519224 0.0556004 0.0291559 0.0279536 0.0424547 0.0452975 0.0437538 0.0201157 0.0497381 0.0686146 0.0393225 0.0325546 0.0223529 0.0503939 0.0383526 0.0532195 0.0561312 0.0222659 0.0550835 0.0282949 0.0272780 0.0232712 0.0363957 0.0393764 0.0495943 0.0378855 0.0313985 0.0281687 0.0316030 0.0411395 0.0665003 0.0280241 0.0484022 0.0679568 0.0660538 0.0467712 0.0573954 0.0677735 0.0610756 0.0218279 0.0315058 0.0227581 0.0503602 0.0426802 0.0387680 0.0585811 0.0232666 0.0569517 0.0306559 0.0350020 0.0216632 0.0377680 0.0649256 0.0460805 0.0321533 0.0552508 0.0317249 0.0396071 0.0329843 0.0214921 0.0260228 0.0214402 0.0396943 0.0288312 0.0615083 0.0460568 0.0356925 0.0240835 0.0459257 0.0676751 0.0502020 0.0538717 0.0243453 0.0260719 0.0294857 0.0286653 0.0406357 0.0437010 0.0406019 0.0613626 0.0339603 0.0415087 0.0564092 0.0563540 0.0313583 0.0350595 0.0298385 0.0576669 0.0584781 0.0664751 0.0294838 0.0224460 0.0302591 0.0603291 0.0281527 0.0659370 0.0624165 0.0564381 0.0515781 0.1306176 0.0582539 0.0716414 0.0675449 0.0398961 0.0366414 0.0512297 
I0205_1183_Tyrannidae_Hirundinea_ferruginea               0.0564586 0.0633207 0.0611907 0.0654437 0.0419227 0.0592242 0.0591493 0.0618932 0.0692397 0.0752551 0.0585467 0.0504166 0.0639067 0.0650132 0.0348332 0.0596777 0.0468748 0.0125038 0.0548521 0.0000000 0.0404653 0.0545892 0.0635066 0.0573403 0.0783137 0.0587539 0.0564130 0.0552394 0.0211795 0.0209978 0.0687620 0.0708765 0.0604242 0.0572063 0.0342475 0.0861355 0.0197874 0.0931302 0.0200493 0.0209239 0.0944732 0.0544032 0.0649055 0.0662342 0.0618701 0.0361729 0.0196968 0.0539932 0.0646373 0.0203880 0.0366352 0.0605690 0.0629515 0.0561600 0.0155210 0.0700336 0.0934932 0.0199141 0.0809401 0.0742970 0.0570695 0.0591209 0.0863519 0.0805480 0.0618057 0.0824508 0.0893740 0.0358793 0.0210234 0.0603693 0.0577409 0.0184591 0.0744453 0.0510712 0.0561461 0.0648453 0.0674816 0.0643800 0.0534415 0.0708883 0.0930038 0.0638972 0.0593801 0.0541342 0.0776384 0.0627467 0.0798830 0.0737917 0.0523540 0.0831308 0.0576625 0.0558550 0.0555615 0.0632514 0.0617453 0.0700761 0.0639392 0.0562192 0.0564635 0.0595499 0.0658457 0.0908673 0.0597443 0.0777972 0.0908636 0.0439414 0.0704656 0.0493519 0.0570874 0.0896053 0.0542008 0.0603838 0.0546395 0.0422506 0.0665388 0.0628959 0.0868878 0.0557763 0.0796943 0.0586172 0.0605104 0.0532586 0.0630757 0.0826581 0.0707895 0.0611939 0.0432594 0.0601485 0.0638718 0.0581920 0.0535017 0.0553994 0.0538527 0.0675639 0.0567781 0.0809930 0.0691184 0.0606506 0.0554336 0.0703954 0.0953875 0.0444271 0.0213500 0.0577272 0.0571249 0.0560883 0.0579909 0.0677435 0.0654092 0.0667584 0.0854856 0.0588407 0.0686036 0.0350611 0.0130618 0.0581895 0.0608481 0.0578840 0.0447322 0.0489890 0.0891022 0.0581113 0.0542655 0.0562589 0.0876321 0.0556717 0.0545008 0.0539841 0.0482699 0.0406147 0.1523459 0.0486869 0.0605964 0.0559443 0.0640832 0.0609718 0.0510922 
I0207_1193_Thamnophilidae_Thamnophilus_ruficapillus       0.0611658 0.0691186 0.0675618 0.0686517 0.0444589 0.0652841 0.0652904 0.0669398 0.0724072 0.0810902 0.0641140 0.0545302 0.0698049 0.0706654 0.0329501 0.0648061 0.0525296 0.0412974 0.0593438 0.0404653 0.0000000 0.0602331 0.0677723 0.0625543 0.0838884 0.0628027 0.0606160 0.0608126 0.0402340 0.0402230 0.0716476 0.0743433 0.0652989 0.0601564 0.0327504 0.0891468 0.0399353 0.0979288 0.0440028 0.0393680 0.1003084 0.0587650 0.0687155 0.0696284 0.0663061 0.0160843 0.0383703 0.0603440 0.0689421 0.0390394 0.0333392 0.0656670 0.0677540 0.0619684 0.0428365 0.0744576 0.0986026 0.0383158 0.0855700 0.0791427 0.0609406 0.0645939 0.0892358 0.0855959 0.0665125 0.0882688 0.0925102 0.0153434 0.0409019 0.0648890 0.0629895 0.0387242 0.0784700 0.0546189 0.0608765 0.0692587 0.0706988 0.0675057 0.0587464 0.0737298 0.0963858 0.0682266 0.0644465 0.0596388 0.0813221 0.0665794 0.0843657 0.0792462 0.0586873 0.0869252 0.0626933 0.0607805 0.0610150 0.0673725 0.0648687 0.0732196 0.0684200 0.0622212 0.0615453 0.0655489 0.0696690 0.0939523 0.0640665 0.0831349 0.0949408 0.0401179 0.0743622 0.0530860 0.0617242 0.0933247 0.0588908 0.0633160 0.0603472 0.0450785 0.0697141 0.0669224 0.0902543 0.0605115 0.0832999 0.0643030 0.0654205 0.0592101 0.0667904 0.0901101 0.0753537 0.0649700 0.0459579 0.0674124 0.0678320 0.0622811 0.0593062 0.0605243 0.0593238 0.0709276 0.0623941 0.0834623 0.0742878 0.0644772 0.0609085 0.0748650 0.0988206 0.0486977 0.0400942 0.0620090 0.0632133 0.0610420 0.0636464 0.0709891 0.0709948 0.0708101 0.0881128 0.0638932 0.0717612 0.0346004 0.0396008 0.0617111 0.0657041 0.0626816 0.0475184 0.0533545 0.0929458 0.0615923 0.0591855 0.0615253 0.0918141 0.0606361 0.0572441 0.0573046 0.0518947 0.0429442 0.1564843 0.0527969 0.0625325 0.0615381 0.0685163 0.0660089 0.0551428 
