37
Burramyidae_Burramys_parvus                  0.0000000 0.0444382 0.0226783 0.0307344 0.0319882 0.0541330 0.0222343 0.0217318 0.0341881 0.0523650 0.0217698 0.0532242 0.0550083 0.0225200 0.0283786 0.0546019 0.0522957 0.0592457 0.0498316 0.0312159 0.0338757 0.0510093 0.0497589 0.0601128 0.0314940 0.0439644 0.0293825 0.0294213 0.0321133 0.0377848 0.0310280 0.0227649 0.0518678 0.0528201 0.0525685 0.0594917 0.0594917 
Notoryctidae_Notoryctes_typhlops             0.0444382 0.0000000 0.0376846 0.0496635 0.0510513 0.0679904 0.0451465 0.0415622 0.0540388 0.0604685 0.0424138 0.0650469 0.0701498 0.0452261 0.0498493 0.0647013 0.0663133 0.0690356 0.0591150 0.0519420 0.0492257 0.0608747 0.0618523 0.0653198 0.0526065 0.0554261 0.0514094 0.0504581 0.0525610 0.0598739 0.0504758 0.0449723 0.0604021 0.0674981 0.0593835 0.0965104 0.0965104 
Vombatidae_Lasiorhinus_latifrons             0.0226783 0.0376846 0.0000000 0.0302709 0.0309604 0.0497171 0.0215744 0.0215672 0.0349032 0.0458122 0.0237238 0.0493471 0.0517908 0.0239425 0.0300085 0.0493491 0.0500162 0.0551664 0.0436944 0.0296093 0.0324077 0.0455470 0.0441171 0.0542881 0.0318133 0.0372980 0.0295799 0.0283115 0.0297798 0.0372500 0.0312731 0.0241893 0.0432777 0.0482309 0.0455063 9.0000000 9.0000000 
Potoroidae_Bettongia_penicillata             0.0307344 0.0496635 0.0302709 0.0000000 0.0022095 0.0603702 0.0292230 0.0299315 0.0089945 0.0602397 0.0301542 0.0580254 0.0613354 0.0315380 0.0337138 0.0593054 0.0590748 0.0687428 0.0557622 0.0136355 0.0379805 0.0589562 0.0542692 0.0668227 0.0260104 0.0496439 0.0371749 0.0136300 0.0361808 0.0423997 0.0366238 0.0317966 0.0584802 0.0593194 0.0604621 0.0503664 0.0503664 
Potoroidae_Bettongia_lesueur                 0.0319882 0.0510513 0.0309604 0.0022095 0.0000000 0.0625189 0.0301372 0.0308446 0.0098865 0.0605652 0.0308396 0.0598608 0.0619794 0.0319357 0.0351600 0.0609183 0.0609190 0.0708042 0.0566838 0.0149946 0.0389002 0.0593153 0.0546438 0.0685664 0.0271656 0.0501239 0.0378312 0.0150095 0.0371427 0.0438848 0.0383361 0.0327134 0.0587892 0.0609322 0.0604853 0.0703887 0.0703887 
Dasyuridae_Dasyurus_maculatus                0.0541330 0.0679904 0.0497171 0.0603702 0.0625189 0.0000000 0.0519512 0.0507742 0.0645675 0.0701573 0.0526584 0.0138771 0.0208510 0.0522979 0.0557784 0.0142681 0.0094692 0.0219679 0.0702231 0.0601684 0.0590466 0.0732748 0.0678178 0.0168113 0.0616376 0.0625655 0.0599984 0.0605013 0.0588685 0.0622159 0.0593818 0.0526175 0.0706589 0.0077245 0.0704075 0.0230311 0.0230311 
Phalangeridae_Trichosurus_vulpecula          0.0222343 0.0451465 0.0215744 0.0292230 0.0301372 0.0519512 0.0000000 0.0095998 0.0343549 0.0522111 0.0110077 0.0504881 0.0514142 0.0128568 0.0277371 0.0508169 0.0512385 0.0561447 0.0499592 0.0278317 0.0311954 0.0535717 0.0480869 0.0565543 0.0296106 0.0395158 0.0280601 0.0265954 0.0297202 0.0369261 0.0293465 0.0116900 0.0499495 0.0490717 0.0523982 0.0594917 0.0594917 
Phalangeridae_Spilocuscus_maculatus          0.0217318 0.0415622 0.0215672 0.0299315 0.0308446 0.0507742 0.0095998 0.0000000 0.0348168 0.0512991 0.0054302 0.0493213 0.0510886 0.0075685 0.0257382 0.0498733 0.0497793 0.0553153 0.0485290 0.0285676 0.0304347 0.0513092 0.0466393 0.0535684 0.0300597 0.0388499 0.0277472 0.0270763 0.0301976 0.0368328 0.0296204 0.0064342 0.0490753 0.0490174 0.0509385 0.0601276 0.0601276 
Potoroidae_Aepyprymnus_rufescens             0.0341881 0.0540388 0.0349032 0.0089945 0.0098865 0.0645675 0.0343549 0.0348168 0.0000000 0.0637894 0.0349142 0.0618768 0.0646738 0.0359389 0.0395450 0.0630437 0.0623818 0.0715592 0.0589263 0.0166980 0.0422494 0.0632810 0.0580072 0.0716996 0.0287783 0.0537165 0.0409234 0.0167017 0.0396779 0.0470236 0.0416113 0.0367347 0.0610958 0.0630577 0.0634096 0.0811407 0.0811407 
Peramelidae_Perameles_nasuta                 0.0523650 0.0604685 0.0458122 0.0602397 0.0605652 0.0701573 0.0522111 0.0512991 0.0637894 0.0000000 0.0522993 0.0701915 0.0734102 0.0543053 0.0571009 0.0727137 0.0710830 0.0814465 0.0122433 0.0602712 0.0599317 0.0731487 0.0691757 0.0794180 0.0611904 0.0686100 0.0589256 0.0591368 0.0593622 0.0661243 0.0596225 0.0536965 0.0144103 0.0720947 0.0019910 0.0410789 0.0410789 
Phalangeridae_Strigocuscus_pelengensis       0.0217698 0.0424138 0.0237238 0.0301542 0.0308396 0.0526584 0.0110077 0.0054302 0.0349142 0.0522993 0.0000000 0.0506846 0.0524916 0.0061239 0.0263868 0.0513985 0.0517266 0.0585776 0.0498260 0.0295430 0.0307178 0.0533339 0.0477233 0.0554154 0.0308554 0.0418032 0.0291732 0.0272435 0.0304775 0.0369763 0.0298691 0.0058976 0.0505211 0.0505043 0.0519843 0.0503209 0.0503209 
Dasyuridae_Phascogale_tapoatafa              0.0532242 0.0650469 0.0493471 0.0580254 0.0598608 0.0138771 0.0504881 0.0493213 0.0618768 0.0701915 0.0506846 0.0000000 0.0179384 0.0514001 0.0543397 0.0027680 0.0115405 0.0208176 0.0702051 0.0586699 0.0585560 0.0724743 0.0676749 0.0096545 0.0600928 0.0650583 0.0596926 0.0581095 0.0576974 0.0614518 0.0564577 0.0516885 0.0700318 0.0118195 0.0708787 0.0081623 0.0081623 
Dasyuridae_Sminthopsis_macroura              0.0550083 0.0701498 0.0517908 0.0613354 0.0619794 0.0208510 0.0514142 0.0510886 0.0646738 0.0734102 0.0524916 0.0179384 0.0000000 0.0526179 0.0564058 0.0185324 0.0170340 0.0188234 0.0743960 0.0622762 0.0606154 0.0752341 0.0690337 0.0220616 0.0616452 0.0670776 0.0609745 0.0617074 0.0609561 0.0630008 0.0612036 0.0531883 0.0735764 0.0165236 0.0742468 0.0348461 0.0348461 
Phalangeridae_Phalanger_orientalis           0.0225200 0.0452261 0.0239425 0.0315380 0.0319357 0.0522979 0.0128568 0.0075685 0.0359389 0.0543053 0.0061239 0.0514001 0.0526179 0.0000000 0.0282962 0.0514745 0.0510252 0.0585432 0.0511893 0.0314447 0.0328077 0.0527683 0.0485337 0.0563541 0.0319557 0.0421927 0.0305968 0.0291630 0.0320529 0.0371509 0.0312253 0.0046392 0.0517151 0.0494250 0.0544783 0.0695853 0.0695853 
Acrobatidae_Acrobates_pygmaeus               0.0283786 0.0498493 0.0300085 0.0337138 0.0351600 0.0557784 0.0277371 0.0257382 0.0395450 0.0571009 0.0263868 0.0543397 0.0564058 0.0282962 0.0000000 0.0545803 0.0556652 0.0641899 0.0554620 0.0364966 0.0351394 0.0581500 0.0543810 0.0620192 0.0372916 0.0513485 0.0309016 0.0357388 0.0321005 0.0396285 0.0196120 0.0272945 0.0559950 0.0551889 0.0568266 0.0398555 0.0398555 
Dasyuridae_Phascogale_calura                 0.0546019 0.0647013 0.0493491 0.0593054 0.0609183 0.0142681 0.0508169 0.0498733 0.0630437 0.0727137 0.0513985 0.0027680 0.0185324 0.0514745 0.0545803 0.0000000 0.0120663 0.0208174 0.0725020 0.0587091 0.0586879 0.0731266 0.0676780 0.0099154 0.0618365 0.0653769 0.0597974 0.0584340 0.0580575 0.0632455 0.0567570 0.0526790 0.0712812 0.0120637 0.0732256 9.0000000 9.0000000 
Dasyuridae_Sarcophilus_harrisii              0.0522957 0.0663133 0.0500162 0.0590748 0.0609190 0.0094692 0.0512385 0.0497793 0.0623818 0.0710830 0.0517266 0.0115405 0.0170340 0.0510252 0.0556652 0.0120663 0.0000000 0.0197081 0.0713808 0.0603158 0.0592766 0.0726092 0.0675389 0.0149527 0.0599889 0.0651958 0.0595899 0.0600505 0.0581229 0.0620545 0.0583603 0.0516170 0.0700184 0.0084424 0.0715285 0.0184671 0.0184671 
Dasyuridae_Planigale_tenuirostris            0.0592457 0.0690356 0.0551664 0.0687428 0.0708042 0.0219679 0.0561447 0.0553153 0.0715592 0.0814465 0.0585776 0.0208176 0.0188234 0.0585432 0.0641899 0.0208174 0.0197081 0.0000000 0.0798724 0.0670904 0.0658605 0.0739660 0.0768089 0.0228595 0.0679919 0.0678706 0.0653269 0.0664413 0.0659946 0.0709938 0.0671119 0.0572591 0.0798531 0.0205287 0.0825864 9.0000000 9.0000000 
Peramelidae_Echymipera_kalubu                0.0498316 0.0591150 0.0436944 0.0557622 0.0566838 0.0702231 0.0499592 0.0485290 0.0589263 0.0122433 0.0498260 0.0702051 0.0743960 0.0511893 0.0554620 0.0725020 0.0713808 0.0798724 0.0000000 0.0555712 0.0561693 0.0690204 0.0666041 0.0798976 0.0579380 0.0625337 0.0571847 0.0555940 0.0567427 0.0619214 0.0555455 0.0508794 0.0094524 0.0725446 0.0125110 0.0419434 0.0419434 
Macropodidae_Dorcopsulus_vanheurni           0.0312159 0.0519420 0.0296093 0.0136355 0.0149946 0.0601684 0.0278317 0.0285676 0.0166980 0.0602712 0.0295430 0.0586699 0.0622762 0.0314447 0.0364966 0.0587091 0.0603158 0.0670904 0.0555712 0.0000000 0.0379249 0.0588926 0.0542914 0.0657425 0.0251843 0.0486898 0.0373284 0.0044266 0.0363756 0.0422302 0.0378203 0.0306704 0.0570289 0.0584132 0.0599259 0.0704150 0.0704150 
Pseudochiridae_Pseudochirulus_forbesi        0.0338757 0.0492257 0.0324077 0.0379805 0.0389002 0.0590466 0.0311954 0.0304347 0.0422494 0.0599317 0.0307178 0.0585560 0.0606154 0.0328077 0.0351394 0.0586879 0.0592766 0.0658605 0.0561693 0.0379249 0.0000000 0.0582300 0.0550740 0.0642227 0.0392516 0.0505049 0.0229734 0.0376789 0.0147280 0.0393143 0.0378990 0.0325317 0.0579829 0.0583076 0.0590130 0.0594917 0.0594917 
Didelphidae_Didelphis_virginiana             0.0510093 0.0608747 0.0455470 0.0589562 0.0593153 0.0732748 0.0535717 0.0513092 0.0632810 0.0731487 0.0533339 0.0724743 0.0752341 0.0527683 0.0581500 0.0731266 0.0726092 0.0739660 0.0690204 0.0588926 0.0582300 0.0000000 0.0272124 0.0750495 0.0601632 0.0570804 0.0580388 0.0592476 0.0589006 0.0688943 0.0630056 0.0527610 0.0707876 0.0717744 0.0733057 0.0394424 0.0394424 
Marmosidae_Monodelphis_domestica             0.0497589 0.0618523 0.0441171 0.0542692 0.0546438 0.0678178 0.0480869 0.0466393 0.0580072 0.0691757 0.0477233 0.0676749 0.0690337 0.0485337 0.0543810 0.0676780 0.0675389 0.0768089 0.0666041 0.0542914 0.0550740 0.0272124 0.0000000 0.0735640 0.0550198 0.0591906 0.0548264 0.0533705 0.0562784 0.0646965 0.0552942 0.0487808 0.0673491 0.0667792 0.0693597 9.0000000 9.0000000 
Dasyuridae_Antechinus_stuartii               0.0601128 0.0653198 0.0542881 0.0668227 0.0685664 0.0168113 0.0565543 0.0535684 0.0716996 0.0794180 0.0554154 0.0096545 0.0220616 0.0563541 0.0620192 0.0099154 0.0149527 0.0228595 0.0798976 0.0657425 0.0642227 0.0750495 0.0735640 0.0000000 0.0685290 0.0651403 0.0655340 0.0654681 0.0643304 0.0677568 0.0658200 0.0576894 0.0785440 0.0152103 0.0799736 9.0000000 9.0000000 
Hypsiprymnodontidae_Hypsiprymnodon_moschatus 0.0314940 0.0526065 0.0318133 0.0260104 0.0271656 0.0616376 0.0296106 0.0300597 0.0287783 0.0611904 0.0308554 0.0600928 0.0616452 0.0319557 0.0372916 0.0618365 0.0599889 0.0679919 0.0579380 0.0251843 0.0392516 0.0601632 0.0550198 0.0685290 0.0000000 0.0524728 0.0386509 0.0242071 0.0374490 0.0435546 0.0388939 0.0321806 0.0606576 0.0603218 0.0611506 0.0498402 0.0498402 
Microbiotheriidae_Dromiciops_gliroides       0.0439644 0.0554261 0.0372980 0.0496439 0.0501239 0.0625655 0.0395158 0.0388499 0.0537165 0.0686100 0.0418032 0.0650583 0.0670776 0.0421927 0.0513485 0.0653769 0.0651958 0.0678706 0.0625337 0.0486898 0.0505049 0.0570804 0.0591906 0.0651403 0.0524728 0.0000000 0.0505125 0.0480546 0.0494252 0.0576246 0.0520794 0.0419138 0.0642460 0.0643707 0.0688224 9.0000000 9.0000000 
Pseudochiridae_Petauroides_volans            0.0293825 0.0514094 0.0295799 0.0371749 0.0378312 0.0599984 0.0280601 0.0277472 0.0409234 0.0589256 0.0291732 0.0596926 0.0609745 0.0305968 0.0309016 0.0597974 0.0595899 0.0653269 0.0571847 0.0373284 0.0229734 0.0580388 0.0548264 0.0655340 0.0386509 0.0505125 0.0000000 0.0363032 0.0212854 0.0383611 0.0354603 0.0298531 0.0577152 0.0583207 0.0585418 0.0936769 0.0936769 
Macropodidae_Wallabia_bicolor                0.0294213 0.0504581 0.0283115 0.0136300 0.0150095 0.0605013 0.0265954 0.0270763 0.0167017 0.0591368 0.0272435 0.0581095 0.0617074 0.0291630 0.0357388 0.0584340 0.0600505 0.0664413 0.0555940 0.0044266 0.0376789 0.0592476 0.0533705 0.0654681 0.0242071 0.0480546 0.0363032 0.0000000 0.0369163 0.0419951 0.0375945 0.0283965 0.0570748 0.0581384 0.0587887 0.0703887 0.0703887 
Pseudochiridae_Pseudocheirus_occidentalis    0.0321133 0.0525610 0.0297798 0.0361808 0.0371427 0.0588685 0.0297202 0.0301976 0.0396779 0.0593622 0.0304775 0.0576974 0.0609561 0.0320529 0.0321005 0.0580575 0.0581229 0.0659946 0.0567427 0.0363756 0.0147280 0.0589006 0.0562784 0.0643304 0.0374490 0.0494252 0.0212854 0.0369163 0.0000000 0.0393239 0.0363573 0.0317941 0.0582800 0.0574456 0.0584438 0.0695853 0.0695853 
Tarsipedidae_Tarsipes_rostratus              0.0377848 0.0598739 0.0372500 0.0423997 0.0438848 0.0622159 0.0369261 0.0368328 0.0470236 0.0661243 0.0369763 0.0614518 0.0630008 0.0371509 0.0396285 0.0632455 0.0620545 0.0709938 0.0619214 0.0422302 0.0393143 0.0688943 0.0646965 0.0677568 0.0435546 0.0576246 0.0383611 0.0419951 0.0393239 0.0000000 0.0430119 0.0376885 0.0645950 0.0614782 0.0660453 0.0417274 0.0417274 
Acrobatidae_Distoechurus_pennatus            0.0310280 0.0504758 0.0312731 0.0366238 0.0383361 0.0593818 0.0293465 0.0296204 0.0416113 0.0596225 0.0298691 0.0564577 0.0612036 0.0312253 0.0196120 0.0567570 0.0583603 0.0671119 0.0555455 0.0378203 0.0378990 0.0630056 0.0552942 0.0658200 0.0388939 0.0520794 0.0354603 0.0375945 0.0363573 0.0430119 0.0000000 0.0309687 0.0560780 0.0589026 0.0598324 0.0696999 0.0696999 
Phalangeridae_Phalanger_carmelitae           0.0227649 0.0449723 0.0241893 0.0317966 0.0327134 0.0526175 0.0116900 0.0064342 0.0367347 0.0536965 0.0058976 0.0516885 0.0531883 0.0046392 0.0272945 0.0526790 0.0516170 0.0572591 0.0508794 0.0306704 0.0325317 0.0527610 0.0487808 0.0576894 0.0321806 0.0419138 0.0298531 0.0283965 0.0317941 0.0376885 0.0309687 0.0000000 0.0509029 0.0512127 0.0538880 0.0498402 0.0498402 
Peramelidae_Peroryctes_raffrayana            0.0518678 0.0604021 0.0432777 0.0584802 0.0587892 0.0706589 0.0499495 0.0490753 0.0610958 0.0144103 0.0505211 0.0700318 0.0735764 0.0517151 0.0559950 0.0712812 0.0700184 0.0798531 0.0094524 0.0570289 0.0579829 0.0707876 0.0673491 0.0785440 0.0606576 0.0642460 0.0577152 0.0570748 0.0582800 0.0645950 0.0560780 0.0509029 0.0000000 0.0716573 0.0147017 0.0601994 0.0601994 
Dasyuridae_Dasyurus_geffroii                 0.0528201 0.0674981 0.0482309 0.0593194 0.0609322 0.0077245 0.0490717 0.0490174 0.0630577 0.0720947 0.0505043 0.0118195 0.0165236 0.0494250 0.0551889 0.0120637 0.0084424 0.0205287 0.0725446 0.0584132 0.0583076 0.0717744 0.0667792 0.0152103 0.0603218 0.0643707 0.0583207 0.0581384 0.0574456 0.0614782 0.0589026 0.0512127 0.0716573 0.0000000 0.0726064 9.0000000 9.0000000 
Peramelidae_Perameles_gunnii                 0.0525685 0.0593835 0.0455063 0.0604621 0.0604853 0.0704075 0.0523982 0.0509385 0.0634096 0.0019910 0.0519843 0.0708787 0.0742468 0.0544783 0.0568266 0.0732256 0.0715285 0.0825864 0.0125110 0.0599259 0.0590130 0.0733057 0.0693597 0.0799736 0.0611506 0.0688224 0.0585418 0.0587887 0.0584438 0.0660453 0.0598324 0.0538880 0.0147017 0.0726064 0.0000000 0.0519330 0.0519330 
Myrmecobiidae_Myrmecobius_fasciatus1         0.0594917 0.0965104 9.0000000 0.0503664 0.0703887 0.0230311 0.0594917 0.0601276 0.0811407 0.0410789 0.0503209 0.0081623 0.0348461 0.0695853 0.0398555 9.0000000 0.0184671 9.0000000 0.0419434 0.0704150 0.0594917 0.0394424 9.0000000 9.0000000 0.0498402 9.0000000 0.0936769 0.0703887 0.0695853 0.0417274 0.0696999 0.0498402 0.0601994 9.0000000 0.0519330 0.0000000 0.0000010 
Myrmecobiidae_Myrmecobius_fasciatus2         0.0594917 0.0965104 9.0000000 0.0503664 0.0703887 0.0230311 0.0594917 0.0601276 0.0811407 0.0410789 0.0503209 0.0081623 0.0348461 0.0695853 0.0398555 9.0000000 0.0184671 9.0000000 0.0419434 0.0704150 0.0594917 0.0394424 9.0000000 9.0000000 0.0498402 9.0000000 0.0936769 0.0703887 0.0695853 0.0417274 0.0696999 0.0498402 0.0601994 9.0000000 0.0519330 0.0000010 0.0000000 
