37
Burramyidae_Burramys_parvus                  0.0000000 0.0935886 0.0443771 0.0517987 0.0542082 0.0797127 0.0500153 0.0519052 0.0527980 0.0849629 0.0438700 0.0811515 0.0931886 0.0460007 0.0446395 0.0824222 0.0824354 0.0844734 0.0838192 0.0507220 0.0587761 0.0807275 0.0762735 0.0756333 0.0578104 0.0672135 0.0487930 0.0524091 0.0679439 0.0870704 0.0480985 0.0514316 0.0882695 0.0801895 0.0855169 0.3587570 0.3587570 
Notoryctidae_Notoryctes_typhlops             0.0935886 0.0000000 0.0907923 0.1005239 0.1032539 0.1054768 0.0948353 0.0995996 0.1016372 0.1077247 0.0926041 0.1055882 0.1111275 0.1004311 0.0904937 0.1068629 0.1044853 0.1018813 0.1044546 0.1010601 0.1032772 0.1184123 0.1100122 0.1000841 0.1075779 0.0947567 0.0980742 0.1021123 0.1128106 0.1306077 0.1012830 0.1035632 0.1100437 0.1039551 0.1085929 0.2343946 0.2343946 
Vombatidae_Lasiorhinus_latifrons             0.0443771 0.0907923 0.0000000 0.0577042 0.0614836 0.0788131 0.0493235 0.0545137 0.0568004 0.0874570 0.0500229 0.0762377 0.0850857 0.0529140 0.0494703 0.0768425 0.0809650 0.0817385 0.0864094 0.0572386 0.0660446 0.0804305 0.0729210 0.0733071 0.0660241 0.0666228 0.0520348 0.0539108 0.0745717 0.0841332 0.0545837 0.0531201 0.0908814 0.0796020 0.0895679 0.2653488 0.2653488 
Potoroidae_Bettongia_penicillata             0.0517987 0.1005239 0.0577042 0.0000000 0.0090049 0.0949517 0.0600074 0.0621199 0.0112999 0.0922285 0.0535742 0.0942769 0.0990922 0.0579903 0.0584416 0.0936509 0.0958322 0.0890995 0.0898003 0.0207399 0.0733783 0.0974034 0.0924268 0.0875384 0.0410761 0.0822191 0.0607438 0.0250725 0.0786022 0.0908582 0.0638742 0.0565198 0.0929054 0.0950219 0.0927479 0.2690982 0.2690982 
Potoroidae_Bettongia_lesueur                 0.0542082 0.1032539 0.0614836 0.0090049 0.0000000 0.0988619 0.0635443 0.0681851 0.0170093 0.0992699 0.0590626 0.1004717 0.1035732 0.0627902 0.0627232 0.0998474 0.1007864 0.0946719 0.0953101 0.0265907 0.0732030 0.1002562 0.0953211 0.0937972 0.0458987 0.0822675 0.0618365 0.0304099 0.0794853 0.0985703 0.0669740 0.0624225 0.0997499 0.0999696 0.0995744 0.2769480 0.2769480 
Dasyuridae_Dasyurus_maculatus                0.0797127 0.1054768 0.0788131 0.0949517 0.0988619 0.0000000 0.0887366 0.0940836 0.0941154 0.1017487 0.0863538 0.0194706 0.0373834 0.0895442 0.0873352 0.0206306 0.0067989 0.0353269 0.1002366 0.0964280 0.0926670 0.1074375 0.1006125 0.0215179 0.1040396 0.0904549 0.0829363 0.0917263 0.1051329 0.1223393 0.0969209 0.0965660 0.1031008 0.0045246 0.1012667 0.3149780 0.3149780 
Phalangeridae_Trichosurus_vulpecula          0.0500153 0.0948353 0.0493235 0.0600074 0.0635443 0.0887366 0.0000000 0.0289498 0.0596046 0.0877428 0.0263104 0.0826893 0.0897409 0.0288061 0.0543458 0.0820549 0.0891272 0.0828516 0.0841959 0.0614141 0.0686863 0.0924782 0.0799972 0.0815869 0.0685996 0.0685434 0.0547294 0.0593889 0.0811804 0.0910665 0.0608906 0.0332274 0.0884187 0.0876388 0.0877002 0.3170645 0.3170645 
Phalangeridae_Spilocuscus_maculatus          0.0519052 0.0995996 0.0545137 0.0621199 0.0681851 0.0940836 0.0289498 0.0000000 0.0617879 0.0907107 0.0154171 0.0897831 0.0935673 0.0162872 0.0560583 0.0891452 0.0938467 0.0892146 0.0877101 0.0614569 0.0695105 0.0874857 0.0846122 0.0827088 0.0754368 0.0701959 0.0522294 0.0600020 0.0820114 0.0899248 0.0602923 0.0269676 0.0925165 0.0921705 0.0909419 0.3320007 0.3320007 
Potoroidae_Aepyprymnus_rufescens             0.0527980 0.1016372 0.0568004 0.0112999 0.0170093 0.0941154 0.0596046 0.0617879 0.0000000 0.0927160 0.0545105 0.0934471 0.0975729 0.0564758 0.0575309 0.0928262 0.0949871 0.0905342 0.0902871 0.0194865 0.0740082 0.0939950 0.0928609 0.0867583 0.0420990 0.0817811 0.0571748 0.0249865 0.0761172 0.0911030 0.0607726 0.0556404 0.0933741 0.0941848 0.0932166 0.2918447 0.2918447 
Peramelidae_Perameles_nasuta                 0.0849629 0.1077247 0.0874570 0.0922285 0.0992699 0.1017487 0.0877428 0.0907107 0.0927160 0.0000000 0.0833850 0.1005596 0.1044508 0.0879162 0.0892576 0.1012948 0.1044831 0.0929633 0.0176352 0.0929671 0.1063868 0.1190374 0.1132458 0.0967520 0.1016707 0.1005167 0.0941989 0.0942214 0.1190141 0.1286227 0.0964870 0.0952269 0.0159108 0.1007185 0.0005840 0.1084762 0.1084762 
Phalangeridae_Strigocuscus_pelengensis       0.0438700 0.0926041 0.0500229 0.0535742 0.0590626 0.0863538 0.0263104 0.0154171 0.0545105 0.0833850 0.0000000 0.0820210 0.0873036 0.0052441 0.0512372 0.0813784 0.0873732 0.0847144 0.0799385 0.0567824 0.0635295 0.0871373 0.0794793 0.0781775 0.0665347 0.0674861 0.0485989 0.0561510 0.0715739 0.0832165 0.0533471 0.0214833 0.0847802 0.0864221 0.0834224 0.3304517 0.3304517 
Dasyuridae_Phascogale_tapoatafa              0.0811515 0.1055882 0.0762377 0.0942769 0.1004717 0.0194706 0.0826893 0.0897831 0.0934471 0.1005596 0.0820210 0.0000000 0.0314725 0.0852985 0.0866697 0.0028316 0.0200950 0.0277690 0.0994361 0.0957507 0.0950281 0.1061251 0.0958793 0.0098585 0.1048145 0.0890527 0.0829355 0.0884412 0.1048404 0.1239378 0.0950257 0.0936619 0.0998740 0.0206604 0.0993955 0.3166316 0.3166316 
Dasyuridae_Sminthopsis_macroura              0.0931886 0.1111275 0.0850857 0.0990922 0.1035732 0.0373834 0.0897409 0.0935673 0.0975729 0.1044508 0.0873036 0.0314725 0.0000000 0.0898410 0.0938573 0.0320570 0.0391567 0.0309273 0.1025898 0.0992323 0.1028347 0.1119187 0.1043008 0.0354863 0.1131007 0.0972267 0.0945631 0.0977155 0.1217398 0.1337152 0.1075446 0.0991624 0.1055172 0.0391660 0.1031597 0.2833244 0.2833244 
Phalangeridae_Phalanger_orientalis           0.0460007 0.1004311 0.0529140 0.0579903 0.0627902 0.0895442 0.0288061 0.0162872 0.0564758 0.0879162 0.0052441 0.0852985 0.0898410 0.0000000 0.0543766 0.0846688 0.0905555 0.0886270 0.0850765 0.0574523 0.0670692 0.0870946 0.0834576 0.0830557 0.0696523 0.0711802 0.0493880 0.0560346 0.0769718 0.0865486 0.0546317 0.0224409 0.0889857 0.0896125 0.0878749 0.3366319 0.3366319 
Acrobatidae_Acrobates_pygmaeus               0.0446395 0.0904937 0.0494703 0.0584416 0.0627232 0.0873352 0.0543458 0.0560583 0.0575309 0.0892576 0.0512372 0.0866697 0.0938573 0.0543766 0.0000000 0.0847939 0.0892567 0.0890752 0.0883855 0.0562343 0.0579728 0.0909259 0.0814599 0.0819417 0.0613058 0.0680518 0.0451087 0.0579909 0.0667372 0.0820859 0.0298755 0.0540631 0.0910348 0.0884573 0.0905941 0.3095157 0.3095157 
Dasyuridae_Phascogale_calura                 0.0824222 0.1068629 0.0768425 0.0936509 0.0998474 0.0206306 0.0820549 0.0891452 0.0928262 0.1012948 0.0813784 0.0028316 0.0320570 0.0846688 0.0847939 0.0000000 0.0206702 0.0296793 0.0981880 0.0951239 0.0943664 0.1067762 0.0964762 0.0116051 0.1041450 0.0896641 0.0835700 0.0890234 0.1040118 0.1246009 0.0943638 0.0929881 0.0998956 0.0218237 0.1001057 0.3166316 0.3166316 
Dasyuridae_Sarcophilus_harrisii              0.0824354 0.1044853 0.0809650 0.0958322 0.1007864 0.0067989 0.0891272 0.0938467 0.0949871 0.1044831 0.0873732 0.0200950 0.0391567 0.0905555 0.0892567 0.0206702 0.0000000 0.0353624 0.1013510 0.0987255 0.0960127 0.1090802 0.0983708 0.0209827 0.1063786 0.0919970 0.0858688 0.0940150 0.1093254 0.1229948 0.0988471 0.0982042 0.1042375 0.0056680 0.1031908 0.3219149 0.3219149 
Dasyuridae_Planigale_tenuirostris            0.0844734 0.1018813 0.0817385 0.0890995 0.0946719 0.0353269 0.0828516 0.0892146 0.0905342 0.0929633 0.0847144 0.0277690 0.0309273 0.0886270 0.0890752 0.0296793 0.0353624 0.0000000 0.0892131 0.0934392 0.0937499 0.1055465 0.0983595 0.0258677 0.1041269 0.0884808 0.0885782 0.0935155 0.1119474 0.1284899 0.1006517 0.0954388 0.0934115 0.0346490 0.0930993 0.3038040 0.3038040 
Peramelidae_Echymipera_kalubu                0.0838192 0.1044546 0.0864094 0.0898003 0.0953101 0.1002366 0.0841959 0.0877101 0.0902871 0.0176352 0.0799385 0.0994361 0.1025898 0.0850765 0.0883855 0.0981880 0.1013510 0.0892131 0.0000000 0.0897655 0.1014901 0.1152210 0.1104177 0.0953662 0.0979757 0.0954625 0.0926455 0.0912090 0.1107706 0.1243397 0.0948790 0.0937891 0.0189490 0.0992394 0.0171394 0.0956525 0.0956525 
Macropodidae_Dorcopsulus_vanheurni           0.0507220 0.1010601 0.0572386 0.0207399 0.0265907 0.0964280 0.0614141 0.0614569 0.0194865 0.0929671 0.0567824 0.0957507 0.0992323 0.0574523 0.0562343 0.0951239 0.0987255 0.0934392 0.0897655 0.0000000 0.0742263 0.0948530 0.0906957 0.0908592 0.0405780 0.0801246 0.0604231 0.0120603 0.0805695 0.0904315 0.0628175 0.0547077 0.0928670 0.0964989 0.0941078 0.2671989 0.2671989 
Pseudochiridae_Pseudochirulus_forbesi        0.0587761 0.1032772 0.0660446 0.0733783 0.0732030 0.0926670 0.0686863 0.0695105 0.0740082 0.1063868 0.0635295 0.0950281 0.1028347 0.0670692 0.0579728 0.0943664 0.0960127 0.0937499 0.1014901 0.0742263 0.0000000 0.0958289 0.0933130 0.0908726 0.0765607 0.0849093 0.0376973 0.0749435 0.0440422 0.0901883 0.0597733 0.0722425 0.1095387 0.0937996 0.1071841 0.3061415 0.3061415 
Didelphidae_Didelphis_virginiana             0.0807275 0.1184123 0.0804305 0.0974034 0.1002562 0.1074375 0.0924782 0.0874857 0.0939950 0.1190374 0.0871373 0.1061251 0.1119187 0.0870946 0.0909259 0.1067762 0.1090802 0.1055465 0.1152210 0.0948530 0.0958289 0.0000000 0.0507697 0.1008381 0.1088025 0.0932034 0.0882312 0.0967837 0.1153937 0.1119616 0.0945471 0.0870533 0.1193576 0.1065485 0.1186966 0.3727229 0.3727229 
Marmosidae_Monodelphis_domestica             0.0762735 0.1100122 0.0729210 0.0924268 0.0953211 0.1006125 0.0799972 0.0846122 0.0928609 0.1132458 0.0794793 0.0958793 0.1043008 0.0834576 0.0814599 0.0964762 0.0983708 0.0983595 0.1104177 0.0906957 0.0933130 0.0507697 0.0000000 0.0922437 0.0979288 0.0855385 0.0859405 0.0912711 0.1155189 0.1154015 0.0924724 0.0819315 0.1123731 0.0982704 0.1138436 0.3012363 0.3012363 
Dasyuridae_Antechinus_stuartii               0.0756333 0.1000841 0.0733071 0.0875384 0.0937972 0.0215179 0.0815869 0.0827088 0.0867583 0.0967520 0.0781775 0.0098585 0.0354863 0.0830557 0.0819417 0.0116051 0.0209827 0.0258677 0.0953662 0.0908592 0.0908726 0.1008381 0.0922437 0.0000000 0.1001399 0.0845498 0.0804147 0.0861014 0.1040448 0.1209892 0.0902632 0.0900064 0.0963944 0.0215563 0.0965240 0.2938752 0.2938752 
Hypsiprymnodontidae_Hypsiprymnodon_moschatus 0.0578104 0.1075779 0.0660241 0.0410761 0.0458987 0.1040396 0.0685996 0.0754368 0.0420990 0.1016707 0.0665347 0.1048145 0.1131007 0.0696523 0.0613058 0.1041450 0.1063786 0.1041269 0.0979757 0.0405780 0.0765607 0.1088025 0.0979288 0.1001399 0.0000000 0.0856471 0.0667323 0.0416015 0.0870690 0.1028609 0.0655984 0.0705433 0.1010526 0.1041133 0.1004748 0.3065134 0.3065134 
Microbiotheriidae_Dromiciops_gliroides       0.0672135 0.0947567 0.0666228 0.0822191 0.0822675 0.0904549 0.0685434 0.0701959 0.0817811 0.1005167 0.0674861 0.0890527 0.0972267 0.0711802 0.0680518 0.0896641 0.0919970 0.0884808 0.0954625 0.0801246 0.0849093 0.0932034 0.0855385 0.0845498 0.0856471 0.0000000 0.0711579 0.0815645 0.0940923 0.1042906 0.0789658 0.0754544 0.1003946 0.0910222 0.1000310 0.3360153 0.3360153 
Pseudochiridae_Petauroides_volans            0.0487930 0.0980742 0.0520348 0.0607438 0.0618365 0.0829363 0.0547294 0.0522294 0.0571748 0.0941989 0.0485989 0.0829355 0.0945631 0.0493880 0.0451087 0.0835700 0.0858688 0.0885782 0.0926455 0.0604231 0.0376973 0.0882312 0.0859405 0.0804147 0.0667323 0.0711579 0.0000000 0.0585836 0.0410311 0.0727192 0.0471879 0.0562714 0.0959806 0.0830021 0.0951094 0.3213420 0.3213420 
Macropodidae_Wallabia_bicolor                0.0524091 0.1021123 0.0539108 0.0250725 0.0304099 0.0917263 0.0593889 0.0600020 0.0249865 0.0942214 0.0561510 0.0884412 0.0977155 0.0560346 0.0579909 0.0890234 0.0940150 0.0935155 0.0912090 0.0120603 0.0749435 0.0967837 0.0912711 0.0861014 0.0416015 0.0815645 0.0585836 0.0000000 0.0821979 0.0853073 0.0646424 0.0498102 0.0948707 0.0931964 0.0948104 0.3197769 0.3197769 
Pseudochiridae_Pseudocheirus_occidentalis    0.0679439 0.1128106 0.0745717 0.0786022 0.0794853 0.1051329 0.0811804 0.0820114 0.0761172 0.1190141 0.0715739 0.1048404 0.1217398 0.0769718 0.0667372 0.1040118 0.1093254 0.1119474 0.1107706 0.0805695 0.0440422 0.1153937 0.1155189 0.1040448 0.0870690 0.0940923 0.0410311 0.0821979 0.0000000 0.1003916 0.0659784 0.0889296 0.1212389 0.1065049 0.1185691 0.3096680 0.3096680 
Tarsipedidae_Tarsipes_rostratus              0.0870704 0.1306077 0.0841332 0.0908582 0.0985703 0.1223393 0.0910665 0.0899248 0.0911030 0.1286227 0.0832165 0.1239378 0.1337152 0.0865486 0.0820859 0.1246009 0.1229948 0.1284899 0.1243397 0.0904315 0.0901883 0.1119616 0.1154015 0.1209892 0.1028609 0.1042906 0.0727192 0.0853073 0.1003916 0.0000000 0.0868339 0.0886247 0.1299069 0.1223644 0.1280333 0.4004396 0.4004396 
Acrobatidae_Distoechurus_pennatus            0.0480985 0.1012830 0.0545837 0.0638742 0.0669740 0.0969209 0.0608906 0.0602923 0.0607726 0.0964870 0.0533471 0.0950257 0.1075446 0.0546317 0.0298755 0.0943638 0.0988471 0.1006517 0.0948790 0.0628175 0.0597733 0.0945471 0.0924724 0.0902632 0.0655984 0.0789658 0.0471879 0.0646424 0.0659784 0.0868339 0.0000000 0.0579617 0.1002376 0.0980305 0.0976262 0.3288151 0.3288151 
Phalangeridae_Phalanger_carmelitae           0.0514316 0.1035632 0.0531201 0.0565198 0.0624225 0.0965660 0.0332274 0.0269676 0.0556404 0.0952269 0.0214833 0.0936619 0.0991624 0.0224409 0.0540631 0.0929881 0.0982042 0.0954388 0.0937891 0.0547077 0.0722425 0.0870533 0.0819315 0.0900064 0.0705433 0.0754544 0.0562714 0.0498102 0.0889296 0.0886247 0.0579617 0.0000000 0.0970725 0.0965911 0.0949319 0.3420906 0.3420906 
Peramelidae_Peroryctes_raffrayana            0.0882695 0.1100437 0.0908814 0.0929054 0.0997499 0.1031008 0.0884187 0.0925165 0.0933741 0.0159108 0.0847802 0.0998740 0.1055172 0.0889857 0.0910348 0.0998956 0.1042375 0.0934115 0.0189490 0.0928670 0.1095387 0.1193576 0.1123731 0.0963944 0.1010526 0.1003946 0.0959806 0.0948707 0.1212389 0.1299069 0.1002376 0.0970725 0.0000000 0.1013811 0.0149467 0.1191465 0.1191465 
Dasyuridae_Dasyurus_geffroii                 0.0801895 0.1039551 0.0796020 0.0950219 0.0999696 0.0045246 0.0876388 0.0921705 0.0941848 0.1007185 0.0864221 0.0206604 0.0391660 0.0896125 0.0884573 0.0218237 0.0056680 0.0346490 0.0992394 0.0964989 0.0937996 0.1065485 0.0982704 0.0215563 0.1041133 0.0910222 0.0830021 0.0931964 0.1065049 0.1223644 0.0980305 0.0965911 0.1013811 0.0000000 0.1002682 0.3173474 0.3173474 
Peramelidae_Perameles_gunnii                 0.0855169 0.1085929 0.0895679 0.0927479 0.0995744 0.1012667 0.0877002 0.0909419 0.0932166 0.0005840 0.0834224 0.0993955 0.1031597 0.0878749 0.0905941 0.1001057 0.1031908 0.0930993 0.0171394 0.0941078 0.1071841 0.1186966 0.1138436 0.0965240 0.1004748 0.1000310 0.0951094 0.0948104 0.1185691 0.1280333 0.0976262 0.0949319 0.0149467 0.1002682 0.0000000 0.1028849 0.1028849 
Thylacomyidae_Macrotis_lagotis1              0.3587570 0.2343946 0.2653488 0.2690982 0.2769480 0.3149780 0.3170645 0.3320007 0.2918447 0.1084762 0.3304517 0.3166316 0.2833244 0.3366319 0.3095157 0.3166316 0.3219149 0.3038040 0.0956525 0.2671989 0.3061415 0.3727229 0.3012363 0.2938752 0.3065134 0.3360153 0.3213420 0.3197769 0.3096680 0.4004396 0.3288151 0.3420906 0.1191465 0.3173474 0.1028849 0.0000000 0.0000010 
Thylacomyidae_Macrotis_lagotis2              0.3587570 0.2343946 0.2653488 0.2690982 0.2769480 0.3149780 0.3170645 0.3320007 0.2918447 0.1084762 0.3304517 0.3166316 0.2833244 0.3366319 0.3095157 0.3166316 0.3219149 0.3038040 0.0956525 0.2671989 0.3061415 0.3727229 0.3012363 0.2938752 0.3065134 0.3360153 0.3213420 0.3197769 0.3096680 0.4004396 0.3288151 0.3420906 0.1191465 0.3173474 0.1028849 0.0000010 0.0000000 
