35
Burramyidae_Burramys_parvus                  0.0000000 0.0798156 0.0749843 0.0738059 0.0709733 0.1098334 0.0576296 0.0642639 0.0719936 0.1126164 0.0616565 0.1100688 0.1136785 0.0665283 0.0673339 0.1101393 0.1129779 0.1235235 0.1075451 0.0659227 0.0722643 0.1056757 0.1055450 0.1039070 0.0622815 0.0831680 0.0725328 0.0638709 0.0783377 0.1040751 0.0752723 0.0687933 0.1157151 0.1100481 0.1114578 
Notoryctidae_Notoryctes_typhlops             0.0798156 0.0000000 0.0900700 0.0976901 0.0935295 0.1323100 0.0811715 0.0873450 0.0951539 0.1137602 0.0840157 0.1280391 0.1325992 0.0889157 0.0901748 0.1282419 0.1319098 0.1425722 0.1109652 0.0919064 0.0978097 0.1163713 0.1170147 0.1257419 0.0847133 0.0978929 0.0938050 0.0886443 0.0941093 0.1251243 0.0934259 0.0909963 0.1156949 0.1326888 0.1166993 
Vombatidae_Lasiorhinus_latifrons             0.0749843 0.0900700 0.0000000 0.0887667 0.0848902 0.1254933 0.0751729 0.0804050 0.0876693 0.1232289 0.0775226 0.1251130 0.1320721 0.0833054 0.0839192 0.1253067 0.1293721 0.1441260 0.1162940 0.0829860 0.0920985 0.1218590 0.1154186 0.1191506 0.0751441 0.0975370 0.0880763 0.0783596 0.0930778 0.1131965 0.0872700 0.0843235 0.1274793 0.1281226 0.1248284 
Potoroidae_Bettongia_penicillata             0.0738059 0.0976901 0.0887667 0.0000000 0.0068933 0.1243966 0.0724401 0.0763306 0.0201900 0.1203916 0.0757797 0.1257037 0.1313058 0.0807703 0.0798230 0.1257929 0.1248410 0.1389550 0.1166077 0.0304981 0.0882863 0.1234388 0.1166378 0.1216342 0.0510201 0.0950569 0.0805230 0.0294307 0.0904278 0.1088305 0.0862981 0.0822548 0.1296295 0.1231726 0.1226241 
Potoroidae_Bettongia_lesueur                 0.0709733 0.0935295 0.0848902 0.0068933 0.0000000 0.1215133 0.0687885 0.0726490 0.0177656 0.1189341 0.0720923 0.1230531 0.1288691 0.0770507 0.0756698 0.1232408 0.1219449 0.1365003 0.1133289 0.0269231 0.0844584 0.1191175 0.1132400 0.1192893 0.0476119 0.0915339 0.0767424 0.0262225 0.0845170 0.1065846 0.0828200 0.0785293 0.1241000 0.1203028 0.1211553 
Dasyuridae_Dasyurus_maculatus                0.1098334 0.1323100 0.1254933 0.1243966 0.1215133 0.0000000 0.1129653 0.1196768 0.1257656 0.1597078 0.1145867 0.0299724 0.0419100 0.1205668 0.1169075 0.0300122 0.0079666 0.0478860 0.1533747 0.1180855 0.1324362 0.1442871 0.1475709 0.0277914 0.1155207 0.1236178 0.1251521 0.1177222 0.1346699 0.1548541 0.1253666 0.1209464 0.1656810 0.0052557 0.1577142 
Phalangeridae_Trichosurus_vulpecula          0.0576296 0.0811715 0.0751729 0.0724401 0.0687885 0.1129653 0.0000000 0.0252204 0.0717158 0.1129725 0.0228180 0.1117640 0.1153767 0.0276137 0.0727799 0.1114626 0.1145152 0.1266883 0.1044078 0.0654485 0.0789100 0.1070754 0.1086764 0.1071152 0.0635706 0.0877119 0.0755071 0.0634978 0.0811198 0.1060259 0.0756237 0.0289855 0.1133098 0.1118284 0.1122609 
Phalangeridae_Spilocuscus_maculatus          0.0642639 0.0873450 0.0804050 0.0763306 0.0726490 0.1196768 0.0252204 0.0000000 0.0785823 0.1162235 0.0143743 0.1168020 0.1209704 0.0198411 0.0754580 0.1178992 0.1206038 0.1326717 0.1084160 0.0722447 0.0846688 0.1137495 0.1125574 0.1106349 0.0688144 0.0900950 0.0813225 0.0694217 0.0845298 0.1100527 0.0806514 0.0204714 0.1182418 0.1194216 0.1159738 
Potoroidae_Aepyprymnus_rufescens             0.0719936 0.0951539 0.0876693 0.0201900 0.0177656 0.1257656 0.0717158 0.0785823 0.0000000 0.1198207 0.0759855 0.1278059 0.1312155 0.0813623 0.0764616 0.1280025 0.1271733 0.1389113 0.1160517 0.0312792 0.0836816 0.1219032 0.1160717 0.1211751 0.0503890 0.0957778 0.0807151 0.0294919 0.0860599 0.1132432 0.0838549 0.0828502 0.1265316 0.1250000 0.1240545 
Peramelidae_Perameles_nasuta                 0.1126164 0.1137602 0.1232289 0.1203916 0.1189341 0.1597078 0.1129725 0.1162235 0.1198207 0.0000000 0.1141080 0.1628761 0.1613479 0.1168771 0.1232288 0.1615646 0.1615170 0.1728100 0.0227709 0.1175427 0.1303481 0.1476789 0.1415877 0.1557780 0.1117719 0.1260683 0.1285232 0.1149052 0.1267308 0.1554981 0.1273737 0.1171209 0.0272104 0.1611222 0.0071772 
Phalangeridae_Strigocuscus_pelengensis       0.0616565 0.0840157 0.0775226 0.0757797 0.0720923 0.1145867 0.0228180 0.0143743 0.0759855 0.1141080 0.0000000 0.1140108 0.1172154 0.0153949 0.0765438 0.1141832 0.1149737 0.1311824 0.1050220 0.0692282 0.0828341 0.1105763 0.1103152 0.1079616 0.0645879 0.0880588 0.0801690 0.0664188 0.0838997 0.1075086 0.0797912 0.0156967 0.1155836 0.1138362 0.1129632 
Dasyuridae_Phascogale_tapoatafa              0.1100688 0.1280391 0.1251130 0.1257037 0.1230531 0.0299724 0.1117640 0.1168020 0.1278059 0.1628761 0.1140108 0.0000000 0.0356103 0.1204494 0.1196568 0.0045968 0.0290580 0.0487718 0.1551673 0.1196687 0.1304008 0.1397257 0.1475247 0.0135286 0.1151679 0.1203969 0.1239007 0.1192541 0.1326334 0.1516750 0.1288117 0.1208289 0.1661344 0.0299296 0.1611277 
Dasyuridae_Sminthopsis_macroura              0.1136785 0.1325992 0.1320721 0.1313058 0.1288691 0.0419100 0.1153767 0.1209704 0.1312155 0.1613479 0.1172154 0.0356103 0.0000000 0.1237059 0.1178469 0.0371252 0.0414154 0.0425303 0.1540177 0.1240221 0.1344039 0.1455527 0.1515817 0.0338550 0.1218342 0.1257897 0.1280618 0.1216494 0.1360894 0.1585910 0.1302819 0.1240859 0.1660140 0.0411076 0.1588406 
Phalangeridae_Phalanger_orientalis           0.0665283 0.0889157 0.0833054 0.0807703 0.0770507 0.1205668 0.0276137 0.0198411 0.0813623 0.1168771 0.0153949 0.1204494 0.1237059 0.0000000 0.0792970 0.1206279 0.1224177 0.1374597 0.1099944 0.0749926 0.0844216 0.1149111 0.1121310 0.1148663 0.0694890 0.0927333 0.0811393 0.0737891 0.0851620 0.1116185 0.0813853 0.0065561 0.1199025 0.1212250 0.1161717 
Acrobatidae_Acrobates_pygmaeus               0.0673339 0.0901748 0.0839192 0.0798230 0.0756698 0.1169075 0.0727799 0.0754580 0.0764616 0.1232288 0.0765438 0.1196568 0.1178469 0.0792970 0.0000000 0.1197415 0.1191646 0.1239301 0.1154326 0.0707888 0.0695622 0.1160059 0.1139087 0.1133444 0.0673908 0.0912592 0.0671616 0.0710199 0.0677804 0.1021272 0.0499683 0.0810333 0.1240679 0.1151583 0.1198060 
Dasyuridae_Phascogale_calura                 0.1101393 0.1282419 0.1253067 0.1257929 0.1232408 0.0300122 0.1114626 0.1178992 0.1280025 0.1615646 0.1141832 0.0045968 0.0371252 0.1206279 0.1197415 0.0000000 0.0298193 0.0496003 0.1543860 0.1198512 0.1306010 0.1394337 0.1477580 0.0149196 0.1153424 0.1191342 0.1236298 0.1194359 0.1328511 0.1537874 0.1299702 0.1210118 0.1658412 0.0306886 0.1593023 
Dasyuridae_Sarcophilus_harrisii              0.1129779 0.1319098 0.1293721 0.1248410 0.1219449 0.0079666 0.1145152 0.1206038 0.1271733 0.1615170 0.1149737 0.0290580 0.0414154 0.1224177 0.1191646 0.0298193 0.0000000 0.0494512 0.1541014 0.1199484 0.1339232 0.1435752 0.1501163 0.0275920 0.1182930 0.1245559 0.1251622 0.1195837 0.1363008 0.1572959 0.1273016 0.1227983 0.1665202 0.0072850 0.1590028 
Dasyuridae_Planigale_tenuirostris            0.1235235 0.1425722 0.1441260 0.1389550 0.1365003 0.0478860 0.1266883 0.1326717 0.1389113 0.1728100 0.1311824 0.0487718 0.0425303 0.1374597 0.1239301 0.0496003 0.0494512 0.0000000 0.1662049 0.1319506 0.1421846 0.1586113 0.1662899 0.0486187 0.1279242 0.1363002 0.1341989 0.1286956 0.1435976 0.1659993 0.1386273 0.1374575 0.1804098 0.0490319 0.1677819 
Peramelidae_Echymipera_kalubu                0.1075451 0.1109652 0.1162940 0.1166077 0.1133289 0.1533747 0.1044078 0.1084160 0.1160517 0.0227709 0.1050220 0.1551673 0.1540177 0.1099944 0.1154326 0.1543860 0.1541014 0.1662049 0.0000000 0.1110805 0.1230280 0.1402972 0.1343555 0.1481052 0.1037320 0.1155110 0.1170977 0.1089880 0.1214731 0.1480141 0.1210188 0.1097794 0.0184887 0.1543403 0.0221143 
Macropodidae_Dorcopsulus_vanheurni           0.0659227 0.0919064 0.0829860 0.0304981 0.0269231 0.1180855 0.0654485 0.0722447 0.0312792 0.1175427 0.0692282 0.1196687 0.1240221 0.0749926 0.0707888 0.1198512 0.1199484 0.1319506 0.1110805 0.0000000 0.0807623 0.1176007 0.1131003 0.1148839 0.0466086 0.0923633 0.0756107 0.0109675 0.0815139 0.1030627 0.0797478 0.0772846 0.1217063 0.1182730 0.1183639 
Pseudochiridae_Pseudochirulus_forbesi        0.0722643 0.0978097 0.0920985 0.0882863 0.0844584 0.1324362 0.0789100 0.0846688 0.0836816 0.1303481 0.0828341 0.1304008 0.1344039 0.0844216 0.0695622 0.1306010 0.1339232 0.1421846 0.1230280 0.0807623 0.0000000 0.1259010 0.1238230 0.1272128 0.0770234 0.1059986 0.0488073 0.0776064 0.0242561 0.0887170 0.0765966 0.0885390 0.1376498 0.1311527 0.1302623 
Didelphidae_Didelphis_virginiana             0.1056757 0.1163713 0.1218590 0.1234388 0.1191175 0.1442871 0.1070754 0.1137495 0.1219032 0.1476789 0.1105763 0.1397257 0.1455527 0.1149111 0.1160059 0.1394337 0.1435752 0.1586113 0.1402972 0.1176007 0.1259010 0.0000000 0.0458957 0.1345404 0.1103418 0.1179005 0.1202802 0.1139043 0.1250114 0.1574301 0.1240445 0.1156917 0.1501907 0.1436298 0.1460047 
Marmosidae_Monodelphis_domestica             0.1055450 0.1170147 0.1154186 0.1166378 0.1132400 0.1475709 0.1086764 0.1125574 0.1160717 0.1415877 0.1103152 0.1475247 0.1515817 0.1121310 0.1139087 0.1477580 0.1501163 0.1662899 0.1343555 0.1131003 0.1238230 0.0458957 0.0000000 0.1396890 0.1047317 0.1125703 0.1185103 0.1108588 0.1236596 0.1505866 0.1224647 0.1128917 0.1443758 0.1497466 0.1383412 
Dasyuridae_Antechinus_stuartii               0.1039070 0.1257419 0.1191506 0.1216342 0.1192893 0.0277914 0.1071152 0.1106349 0.1211751 0.1557780 0.1079616 0.0135286 0.0338550 0.1148663 0.1133444 0.0149196 0.0275920 0.0486187 0.1481052 0.1148839 0.1272128 0.1345404 0.1396890 0.0000000 0.1099912 0.1191476 0.1203986 0.1141111 0.1279592 0.1464533 0.1226537 0.1146800 0.1596331 0.0277515 0.1528942 
Hypsiprymnodontidae_Hypsiprymnodon_moschatus 0.0622815 0.0847133 0.0751441 0.0510201 0.0476119 0.1155207 0.0635706 0.0688144 0.0503890 0.1117719 0.0645879 0.1151679 0.1218342 0.0694890 0.0673908 0.1153424 0.1182930 0.1279242 0.1037320 0.0466086 0.0770234 0.1103418 0.1047317 0.1099912 0.0000000 0.0876419 0.0735788 0.0451185 0.0799632 0.0997332 0.0747103 0.0709577 0.1141929 0.1143174 0.1116681 
Microbiotheriidae_Dromiciops_gliroides       0.0831680 0.0978929 0.0975370 0.0950569 0.0915339 0.1236178 0.0877119 0.0900950 0.0957778 0.1260683 0.0880588 0.1203969 0.1257897 0.0927333 0.0912592 0.1191342 0.1245559 0.1363002 0.1155110 0.0923633 0.1059986 0.1179005 0.1125703 0.1191476 0.0876419 0.0000000 0.0970103 0.0910149 0.1059308 0.1342854 0.1016595 0.0928373 0.1259450 0.1239309 0.1249101 
Pseudochiridae_Petauroides_volans            0.0725328 0.0938050 0.0880763 0.0805230 0.0767424 0.1251521 0.0755071 0.0813225 0.0807151 0.1285232 0.0801690 0.1239007 0.1280618 0.0811393 0.0671616 0.1236298 0.1251622 0.1341989 0.1170977 0.0756107 0.0488073 0.1202802 0.1185103 0.1203986 0.0735788 0.0970103 0.0000000 0.0744534 0.0488846 0.0831745 0.0711291 0.0843331 0.1267049 0.1244878 0.1294721 
Macropodidae_Wallabia_bicolor                0.0638709 0.0886443 0.0783596 0.0294307 0.0262225 0.1177222 0.0634978 0.0694217 0.0294919 0.1149052 0.0664188 0.1192541 0.1216494 0.0737891 0.0710199 0.1194359 0.1195837 0.1286956 0.1089880 0.0109675 0.0776064 0.1139043 0.1108588 0.1141111 0.0451185 0.0910149 0.0744534 0.0000000 0.0798741 0.1023558 0.0777542 0.0736314 0.1198136 0.1179103 0.1155921 
Pseudochiridae_Pseudocheirus_occidentalis    0.0783377 0.0941093 0.0930778 0.0904278 0.0845170 0.1346699 0.0811198 0.0845298 0.0860599 0.1267308 0.0838997 0.1326334 0.1360894 0.0851620 0.0677804 0.1328511 0.1363008 0.1435976 0.1214731 0.0815139 0.0242561 0.1250114 0.1236596 0.1279592 0.0799632 0.1059308 0.0488846 0.0798741 0.0000000 0.0863852 0.0763951 0.0887030 0.1321041 0.1332848 0.1279122 
Tarsipedidae_Tarsipes_rostratus              0.1040751 0.1251243 0.1131965 0.1088305 0.1065846 0.1548541 0.1060259 0.1100527 0.1132432 0.1554981 0.1075086 0.1516750 0.1585910 0.1116185 0.1021272 0.1537874 0.1572959 0.1659993 0.1480141 0.1030627 0.0887170 0.1574301 0.1505866 0.1464533 0.0997332 0.1342854 0.0831745 0.1023558 0.0863852 0.0000000 0.0986007 0.1126206 0.1588801 0.1557636 0.1554070 
Acrobatidae_Distoechurus_pennatus            0.0752723 0.0934259 0.0872700 0.0862981 0.0828200 0.1253666 0.0756237 0.0806514 0.0838549 0.1273737 0.0797912 0.1288117 0.1302819 0.0813853 0.0499683 0.1299702 0.1273016 0.1386273 0.1210188 0.0797478 0.0765966 0.1240445 0.1224647 0.1226537 0.0747103 0.1016595 0.0711291 0.0777542 0.0763951 0.0986007 0.0000000 0.0820675 0.1318081 0.1231632 0.1266751 
Phalangeridae_Phalanger_carmelitae           0.0687933 0.0909963 0.0843235 0.0822548 0.0785293 0.1209464 0.0289855 0.0204714 0.0828502 0.1171209 0.0156967 0.1208289 0.1240859 0.0065561 0.0810333 0.1210118 0.1227983 0.1374575 0.1097794 0.0772846 0.0885390 0.1156917 0.1128917 0.1146800 0.0709577 0.0928373 0.0843331 0.0736314 0.0887030 0.1126206 0.0820675 0.0000000 0.1201514 0.1206747 0.1164169 
Peramelidae_Peroryctes_raffrayana            0.1157151 0.1156949 0.1274793 0.1296295 0.1241000 0.1656810 0.1133098 0.1182418 0.1265316 0.0272104 0.1155836 0.1661344 0.1660140 0.1199025 0.1240679 0.1658412 0.1665202 0.1804098 0.0184887 0.1217063 0.1376498 0.1501907 0.1443758 0.1596331 0.1141929 0.1259450 0.1267049 0.1198136 0.1321041 0.1588801 0.1318081 0.1201514 0.0000000 0.1667132 0.0279161 
Dasyuridae_Dasyurus_geffroii                 0.1100481 0.1326888 0.1281226 0.1231726 0.1203028 0.0052557 0.1118284 0.1194216 0.1250000 0.1611222 0.1138362 0.0299296 0.0411076 0.1212250 0.1151583 0.0306886 0.0072850 0.0490319 0.1543403 0.1182730 0.1311527 0.1436298 0.1497466 0.0277515 0.1143174 0.1239309 0.1244878 0.1179103 0.1332848 0.1557636 0.1231632 0.1206747 0.1667132 0.0000000 0.1591301 
Peramelidae_Perameles_gunnii                 0.1114578 0.1166993 0.1248284 0.1226241 0.1211553 0.1577142 0.1122609 0.1159738 0.1240545 0.0071772 0.1129632 0.1611277 0.1588406 0.1161717 0.1198060 0.1593023 0.1590028 0.1677819 0.0221143 0.1183639 0.1302623 0.1460047 0.1383412 0.1528942 0.1116681 0.1249101 0.1294721 0.1155921 0.1279122 0.1554070 0.1266751 0.1164169 0.0279161 0.1591301 0.0000000 
