35
Burramyidae_Burramys_parvus                  0.0000000 0.1063474 0.0758342 0.0848339 0.0903771 0.1235378 0.0727411 0.0725036 0.0852547 0.1596418 0.0769094 0.1123311 0.1289041 0.0636723 0.0740717 0.1153089 0.1163015 0.1113916 0.1364329 0.0848122 0.0760410 0.1426744 0.1252893 0.1121123 0.0827371 0.1006102 0.0720609 0.0837618 0.0720998 0.1001578 0.0845241 0.0608460 0.1412778 0.1251078 0.1591755 
Notoryctidae_Notoryctes_typhlops             0.1063474 0.0000000 0.1125165 0.1125627 0.1185061 0.1449581 0.1180651 0.1197335 0.1179710 0.1612136 0.1208845 0.1297723 0.1452225 0.1105937 0.1132884 0.1324023 0.1365533 0.1299955 0.1450838 0.1189160 0.1119086 0.1668725 0.1419441 0.1309401 0.1168321 0.1152258 0.1076992 0.1142919 0.1080671 0.1422544 0.1166136 0.1029967 0.1506787 0.1442996 0.1608101 
Vombatidae_Lasiorhinus_latifrons             0.0758342 0.1125165 0.0000000 0.0925488 0.0897963 0.1225636 0.0858024 0.0851546 0.0876456 0.1528185 0.0884001 0.1114386 0.1306562 0.0776112 0.0802352 0.1139998 0.1160703 0.1160552 0.1240227 0.0889951 0.0840283 0.1485030 0.1240879 0.1120187 0.0934625 0.1011294 0.0827432 0.0847107 0.0817334 0.1075171 0.0907926 0.0737384 0.1298998 0.1246199 0.1524370 
Potoroidae_Bettongia_penicillata             0.0848339 0.1125627 0.0925488 0.0000000 0.0069981 0.1312391 0.0864705 0.0902162 0.0184771 0.1598725 0.0917968 0.1203418 0.1381486 0.0816589 0.0856349 0.1212585 0.1234941 0.1200703 0.1430539 0.0305637 0.0899441 0.1613764 0.1392310 0.1225619 0.0529624 0.1097195 0.0828130 0.0311400 0.0827453 0.1105797 0.0953483 0.0777632 0.1484227 0.1323851 0.1593867 
Potoroidae_Bettongia_lesueur                 0.0903771 0.1185061 0.0897963 0.0069981 0.0000000 0.1382427 0.0922278 0.0967710 0.0160270 0.1664633 0.0989619 0.1274310 0.1460340 0.0867100 0.0832157 0.1283745 0.1317521 0.1279501 0.1390714 0.0318296 0.0896971 0.1669146 0.1401684 0.1297732 0.0577273 0.1168562 0.0876045 0.0281961 0.0868420 0.1073734 0.0976700 0.0838631 0.1443289 0.1399792 0.1656033 
Dasyuridae_Dasyurus_maculatus                0.1235378 0.1449581 0.1225636 0.1312391 0.1382427 0.0000000 0.1327900 0.1250507 0.1354658 0.1699328 0.1292334 0.0339311 0.0651411 0.1240541 0.1315205 0.0366885 0.0135527 0.0502120 0.1598175 0.1338549 0.1293073 0.1703533 0.1486390 0.0351864 0.1374247 0.1339551 0.1243771 0.1331110 0.1265359 0.1519296 0.1395102 0.1199774 0.1616640 0.0158040 0.1692337 
Phalangeridae_Trichosurus_vulpecula          0.0727411 0.1180651 0.0858024 0.0864705 0.0922278 0.1327900 0.0000000 0.0438376 0.0929299 0.1637372 0.0473664 0.1193092 0.1396160 0.0359921 0.0833906 0.1211393 0.1253921 0.1189428 0.1447636 0.0910728 0.0876873 0.1630201 0.1384689 0.1222672 0.0903028 0.1109817 0.0813831 0.0900413 0.0825305 0.1094168 0.0914235 0.0365304 0.1502369 0.1347751 0.1637821 
Phalangeridae_Spilocuscus_maculatus          0.0725036 0.1197335 0.0851546 0.0902162 0.0967710 0.1250507 0.0438376 0.0000000 0.0955674 0.1474273 0.0194123 0.1128420 0.1230072 0.0231233 0.0836085 0.1154886 0.1239279 0.1171768 0.1440828 0.0840391 0.0863190 0.1488896 0.1242971 0.1149455 0.0947783 0.1082924 0.0811786 0.0903748 0.0834058 0.1093583 0.0907781 0.0223909 0.1488589 0.1227519 0.1477478 
Potoroidae_Aepyprymnus_rufescens             0.0852547 0.1179710 0.0876456 0.0184771 0.0160270 0.1354658 0.0929299 0.0955674 0.0000000 0.1672740 0.0982586 0.1232534 0.1404025 0.0840150 0.0817105 0.1253422 0.1270876 0.1253314 0.1386495 0.0309789 0.0888298 0.1625703 0.1358869 0.1251299 0.0567507 0.1137361 0.0872407 0.0270061 0.0862637 0.1065414 0.0966620 0.0806219 0.1431567 0.1362896 0.1664102 
Peramelidae_Perameles_nasuta                 0.1596418 0.1612136 0.1528185 0.1598725 0.1664633 0.1699328 0.1637372 0.1474273 0.1672740 0.0000000 0.1425396 0.1671955 0.1786007 0.1549888 0.1606422 0.1679702 0.1708368 0.1661478 0.0455701 0.1433533 0.1597014 0.1823502 0.1677876 0.1683619 0.1674447 0.1543843 0.1576187 0.1591149 0.1532075 0.1826299 0.1525794 0.1522096 0.0488519 0.1683399 0.0015500 
Phalangeridae_Strigocuscus_pelengensis       0.0769094 0.1208845 0.0884001 0.0917968 0.0989619 0.1292334 0.0473664 0.0194123 0.0982586 0.1425396 0.0000000 0.1178910 0.1270045 0.0248921 0.0868694 0.1207171 0.1301365 0.1218777 0.1481253 0.0800165 0.0893134 0.1459019 0.1245090 0.1197908 0.0958689 0.1085169 0.0809175 0.0921707 0.0843286 0.1120140 0.0917677 0.0239599 0.1530362 0.1298773 0.1421682 
Dasyuridae_Phascogale_tapoatafa              0.1123311 0.1297723 0.1114386 0.1203418 0.1274310 0.0339311 0.1193092 0.1128420 0.1232534 0.1671955 0.1178910 0.0000000 0.0500235 0.1115061 0.1233039 0.0049157 0.0337707 0.0380585 0.1520292 0.1236204 0.1209036 0.1636558 0.1376765 0.0117306 0.1240034 0.1257194 0.1166057 0.1241743 0.1159546 0.1481246 0.1281890 0.1079315 0.1612673 0.0372018 0.1668712 
Dasyuridae_Sminthopsis_macroura              0.1289041 0.1452225 0.1306562 0.1381486 0.1460340 0.0651411 0.1396160 0.1230072 0.1404025 0.1786007 0.1270045 0.0500235 0.0000000 0.1278453 0.1336587 0.0503100 0.0655876 0.0429923 0.1653434 0.1278450 0.1359307 0.1646973 0.1456411 0.0550181 0.1445572 0.1405597 0.1324639 0.1399299 0.1293245 0.1606041 0.1421281 0.1248350 0.1763377 0.0625309 0.1785143 
Phalangeridae_Phalanger_orientalis           0.0636723 0.1105937 0.0776112 0.0816589 0.0867100 0.1240541 0.0359921 0.0231233 0.0840150 0.1549888 0.0248921 0.1115061 0.1278453 0.0000000 0.0746560 0.1136503 0.1170273 0.1098141 0.1371973 0.0831359 0.0779160 0.1501745 0.1273152 0.1115794 0.0863548 0.1028000 0.0723984 0.0816484 0.0714230 0.1001530 0.0810679 0.0048591 0.1408294 0.1254202 0.1549610 
Acrobatidae_Acrobates_pygmaeus               0.0740717 0.1132884 0.0802352 0.0856349 0.0832157 0.1315205 0.0833906 0.0836085 0.0817105 0.1606422 0.0868694 0.1233039 0.1336587 0.0746560 0.0000000 0.1261905 0.1240847 0.1199065 0.1279225 0.0841001 0.0708470 0.1552312 0.1260700 0.1231875 0.0890814 0.1078621 0.0702043 0.0770607 0.0706474 0.0874268 0.0534042 0.0746242 0.1330191 0.1329904 0.1606148 
Dasyuridae_Phascogale_calura                 0.1153089 0.1324023 0.1139998 0.1212585 0.1283745 0.0366885 0.1211393 0.1154886 0.1253422 0.1679702 0.1207171 0.0049157 0.0503100 0.1136503 0.1261905 0.0000000 0.0360355 0.0408557 0.1532954 0.1261404 0.1230832 0.1653397 0.1383813 0.0144427 0.1263548 0.1264606 0.1191141 0.1261984 0.1183503 0.1518838 0.1292884 0.1101097 0.1619851 0.0396484 0.1676438 
Dasyuridae_Sarcophilus_harrisii              0.1163015 0.1365533 0.1160703 0.1234941 0.1317521 0.0135527 0.1253921 0.1239279 0.1270876 0.1708368 0.1301365 0.0337707 0.0655876 0.1170273 0.1240847 0.0360355 0.0000000 0.0471866 0.1544589 0.1286981 0.1242491 0.1652650 0.1443252 0.0348482 0.1291905 0.1279982 0.1174017 0.1270309 0.1182216 0.1447524 0.1320246 0.1138411 0.1562774 0.0122889 0.1714801 
Dasyuridae_Planigale_tenuirostris            0.1113916 0.1299955 0.1160552 0.1200703 0.1279501 0.0502120 0.1189428 0.1171768 0.1253314 0.1661478 0.1218777 0.0380585 0.0429923 0.1098141 0.1199065 0.0408557 0.0471866 0.0000000 0.1511780 0.1250486 0.1222432 0.1713966 0.1414645 0.0397555 0.1241249 0.1271073 0.1178317 0.1228198 0.1159763 0.1421422 0.1273101 0.1065872 0.1560637 0.0489522 0.1660662 
Peramelidae_Echymipera_kalubu                0.1364329 0.1450838 0.1240227 0.1430539 0.1390714 0.1598175 0.1447636 0.1440828 0.1386495 0.0455701 0.1481253 0.1520292 0.1653434 0.1371973 0.1279225 0.1532954 0.1544589 0.1511780 0.0000000 0.1416990 0.1348769 0.1835411 0.1582549 0.1522087 0.1484807 0.1484236 0.1368748 0.1334296 0.1324723 0.1546651 0.1350954 0.1356341 0.0270807 0.1617968 0.0449964 
Macropodidae_Dorcopsulus_vanheurni           0.0848122 0.1189160 0.0889951 0.0305637 0.0318296 0.1338549 0.0910728 0.0840391 0.0309789 0.1433533 0.0800165 0.1236204 0.1278450 0.0831359 0.0841001 0.1261404 0.1286981 0.1250486 0.1416990 0.0000000 0.0893971 0.1391735 0.1290017 0.1267424 0.0561811 0.1059845 0.0857394 0.0166705 0.0871161 0.1087826 0.0943191 0.0786988 0.1458825 0.1304482 0.1428727 
Pseudochiridae_Pseudochirulus_forbesi        0.0760410 0.1119086 0.0840283 0.0899441 0.0896971 0.1293073 0.0876873 0.0863190 0.0888298 0.1597014 0.0893134 0.1209036 0.1359307 0.0779160 0.0708470 0.1230832 0.1242491 0.1222432 0.1348769 0.0893971 0.0000000 0.1553365 0.1292159 0.1216502 0.0924276 0.1080417 0.0426083 0.0850486 0.0258986 0.0847161 0.0773098 0.0767966 0.1397216 0.1324760 0.1586105 
Didelphidae_Didelphis_virginiana             0.1426744 0.1668725 0.1485030 0.1613764 0.1669146 0.1703533 0.1630201 0.1488896 0.1625703 0.1823502 0.1459019 0.1636558 0.1646973 0.1501745 0.1552312 0.1653397 0.1652650 0.1713966 0.1835411 0.1391735 0.1553365 0.0000000 0.0630831 0.1658778 0.1665391 0.1544190 0.1472475 0.1588318 0.1471161 0.1810802 0.1571480 0.1471354 0.1905713 0.1678119 0.1822155 
Marmosidae_Monodelphis_domestica             0.1252893 0.1419441 0.1240879 0.1392310 0.1401684 0.1486390 0.1384689 0.1242971 0.1358869 0.1677876 0.1245090 0.1376765 0.1456411 0.1273152 0.1260700 0.1383813 0.1443252 0.1414645 0.1582549 0.1290017 0.1292159 0.0630831 0.0000000 0.1392819 0.1389013 0.1225852 0.1255107 0.1349797 0.1260550 0.1582754 0.1308770 0.1233922 0.1633911 0.1474340 0.1666563 
Dasyuridae_Antechinus_stuartii               0.1121123 0.1309401 0.1120187 0.1225619 0.1297732 0.0351864 0.1222672 0.1149455 0.1251299 0.1683619 0.1197908 0.0117306 0.0550181 0.1115794 0.1231875 0.0144427 0.0348482 0.0397555 0.1522087 0.1267424 0.1216502 0.1658778 0.1392819 0.0000000 0.1277983 0.1238580 0.1173322 0.1264133 0.1158790 0.1500829 0.1311005 0.1079890 0.1602668 0.0392402 0.1687738 
Hypsiprymnodontidae_Hypsiprymnodon_moschatus 0.0827371 0.1168321 0.0934625 0.0529624 0.0577273 0.1374247 0.0903028 0.0947783 0.0567507 0.1674447 0.0958689 0.1240034 0.1445572 0.0863548 0.0890814 0.1263548 0.1291905 0.1241249 0.1484807 0.0561811 0.0924276 0.1665391 0.1389013 0.1277983 0.0000000 0.1115970 0.0845583 0.0548026 0.0848185 0.1192085 0.0944359 0.0846808 0.1545215 0.1392479 0.1665805 
Microbiotheriidae_Dromiciops_gliroides       0.1006102 0.1152258 0.1011294 0.1097195 0.1168562 0.1339551 0.1109817 0.1082924 0.1137361 0.1543843 0.1085169 0.1257194 0.1405597 0.1028000 0.1078621 0.1264606 0.1279982 0.1271073 0.1484236 0.1059845 0.1080417 0.1544190 0.1225852 0.1238580 0.1115970 0.0000000 0.1024376 0.1114896 0.1016053 0.1409165 0.1087377 0.0965007 0.1542419 0.1372614 0.1537725 
Pseudochiridae_Petauroides_volans            0.0720609 0.1076992 0.0827432 0.0828130 0.0876045 0.1243771 0.0813831 0.0811786 0.0872407 0.1576187 0.0809175 0.1166057 0.1324639 0.0723984 0.0702043 0.1191141 0.1174017 0.1178317 0.1368748 0.0857394 0.0426083 0.1472475 0.1255107 0.1173322 0.0845583 0.1024376 0.0000000 0.0824061 0.0371582 0.0872702 0.0710562 0.0701410 0.1441231 0.1271169 0.1571674 
Macropodidae_Wallabia_bicolor                0.0837618 0.1142919 0.0847107 0.0311400 0.0281961 0.1331110 0.0900413 0.0903748 0.0270061 0.1591149 0.0921707 0.1241743 0.1399299 0.0816484 0.0770607 0.1261984 0.1270309 0.1228198 0.1334296 0.0166705 0.0850486 0.1588318 0.1349797 0.1264133 0.0548026 0.1114896 0.0824061 0.0000000 0.0844152 0.0999705 0.0927346 0.0784271 0.1352156 0.1338668 0.1578036 
Pseudochiridae_Pseudocheirus_occidentalis    0.0720998 0.1080671 0.0817334 0.0827453 0.0868420 0.1265359 0.0825305 0.0834058 0.0862637 0.1532075 0.0843286 0.1159546 0.1293245 0.0714230 0.0706474 0.1183503 0.1182216 0.1159763 0.1324723 0.0871161 0.0258986 0.1471161 0.1260550 0.1158790 0.0848185 0.1016053 0.0371582 0.0844152 0.0000000 0.0856454 0.0746415 0.0703714 0.1362302 0.1265356 0.1522825 
Tarsipedidae_Tarsipes_rostratus              0.1001578 0.1422544 0.1075171 0.1105797 0.1073734 0.1519296 0.1094168 0.1093583 0.1065414 0.1826299 0.1120140 0.1481246 0.1606041 0.1001530 0.0874268 0.1518838 0.1447524 0.1421422 0.1546651 0.1087826 0.0847161 0.1810802 0.1582754 0.1500829 0.1192085 0.1409165 0.0872702 0.0999705 0.0856454 0.0000000 0.1015854 0.0988163 0.1549155 0.1553281 0.1821955 
Acrobatidae_Distoechurus_pennatus            0.0845241 0.1166136 0.0907926 0.0953483 0.0976700 0.1395102 0.0914235 0.0907781 0.0966620 0.1525794 0.0917677 0.1281890 0.1421281 0.0810679 0.0534042 0.1292884 0.1320246 0.1273101 0.1350954 0.0943191 0.0773098 0.1571480 0.1308770 0.1311005 0.0944359 0.1087377 0.0710562 0.0927346 0.0746415 0.1015854 0.0000000 0.0811602 0.1395411 0.1414363 0.1516314 
Phalangeridae_Phalanger_carmelitae           0.0608460 0.1029967 0.0737384 0.0777632 0.0838631 0.1199774 0.0365304 0.0223909 0.0806219 0.1522096 0.0239599 0.1079315 0.1248350 0.0048591 0.0746242 0.1101097 0.1138411 0.1065872 0.1356341 0.0786988 0.0767966 0.1471354 0.1233922 0.1079890 0.0846808 0.0965007 0.0701410 0.0784271 0.0703714 0.0988163 0.0811602 0.0000000 0.1395280 0.1215730 0.1521807 
Peramelidae_Peroryctes_raffrayana            0.1412778 0.1506787 0.1298998 0.1484227 0.1443289 0.1616640 0.1502369 0.1488589 0.1431567 0.0488519 0.1530362 0.1612673 0.1763377 0.1408294 0.1330191 0.1619851 0.1562774 0.1560637 0.0270807 0.1458825 0.1397216 0.1905713 0.1633911 0.1602668 0.1545215 0.1542419 0.1441231 0.1352156 0.1362302 0.1549155 0.1395411 0.1395280 0.0000000 0.1613268 0.0480045 
Dasyuridae_Dasyurus_geffroii                 0.1251078 0.1442996 0.1246199 0.1323851 0.1399792 0.0158040 0.1347751 0.1227519 0.1362896 0.1683399 0.1298773 0.0372018 0.0625309 0.1254202 0.1329904 0.0396484 0.0122889 0.0489522 0.1617968 0.1304482 0.1324760 0.1678119 0.1474340 0.0392402 0.1392479 0.1372614 0.1271169 0.1338668 0.1265356 0.1553281 0.1414363 0.1215730 0.1613268 0.0000000 0.1692429 
Peramelidae_Perameles_gunnii                 0.1591755 0.1608101 0.1524370 0.1593867 0.1656033 0.1692337 0.1637821 0.1477478 0.1664102 0.0015500 0.1421682 0.1668712 0.1785143 0.1549610 0.1606148 0.1676438 0.1714801 0.1660662 0.0449964 0.1428727 0.1586105 0.1822155 0.1666563 0.1687738 0.1665805 0.1537725 0.1571674 0.1578036 0.1522825 0.1821955 0.1516314 0.1521807 0.0480045 0.1692429 0.0000000 
