37
Burramyidae_Burramys_parvus                  0.0000000 0.0440529 0.0515593 0.0590933 0.0599760 0.0778831 0.0344383 0.0452772 0.0585111 0.0760054 0.0666565 0.0479725 0.0820712 0.0825156 0.0445770 0.0511469 0.0823332 0.0734604 0.0813500 0.0675142 0.0578964 0.0549064 0.0800714 0.0828569 0.0628505 0.0399016 0.0606158 0.0591270 0.0572871 0.0718805 0.0614860 0.0666565 0.0425902 0.0660117 0.0759412 0.0758852 0.0776875 
Notoryctidae_Notoryctes_typhlops             0.0440529 0.0000000 0.0443659 0.0510524 0.0520797 0.0601803 0.0421656 0.0459290 0.0523007 0.0534563 0.0622217 0.0480771 0.0569633 0.0627514 0.0476597 0.0453422 0.0566427 0.0556176 0.0594527 0.0519688 0.0474790 0.0479439 0.0613189 0.0590048 0.0508446 0.0474506 0.0466776 0.0497940 0.0477630 0.0595258 0.0511657 0.0622217 0.0464557 0.0516484 0.0585727 0.0534188 0.0479269 
Vombatidae_Lasiorhinus_latifrons             0.0515593 0.0443659 0.0000000 0.0679139 0.0691779 0.0792341 0.0480138 0.0594376 0.0683339 0.0743487 0.0542618 0.0513203 0.0739394 0.0820314 0.0589804 0.0427791 0.0746484 0.0811418 0.0847215 0.0666576 0.0574903 0.0530530 0.0866438 0.0754074 0.0510066 0.0505422 0.0572845 0.0670426 0.0547630 0.0842965 0.0535110 0.0542618 0.0571676 0.0639935 0.0759335 0.0742320 0.0766851 
Potoroidae_Bettongia_penicillata             0.0590933 0.0510524 0.0679139 0.0000000 0.0077650 0.1032253 0.0543851 0.0545312 0.0144241 0.0966924 0.0740187 0.0610640 0.1094893 0.1094696 0.0610201 0.0675377 0.1093451 0.0961642 0.1049235 0.0849713 0.0245843 0.0714994 0.0989254 0.1085158 0.0520190 0.0450347 0.0770779 0.0231057 0.0733478 0.0930428 0.0735269 0.0740187 0.0600321 0.0850402 0.1005814 0.0970101 0.0881586 
Potoroidae_Bettongia_lesueur                 0.0599760 0.0520797 0.0691779 0.0077650 0.0000000 0.1003381 0.0567271 0.0566277 0.0159931 0.0949375 0.0769102 0.0604052 0.1080124 0.1059897 0.0646436 0.0696655 0.1078697 0.0949242 0.1036362 0.0846956 0.0241440 0.0738274 0.0964392 0.1092429 0.0539354 0.0495552 0.0773067 0.0257653 0.0724242 0.0927388 0.0764110 0.0769102 0.0631739 0.0853234 0.0976913 0.0952559 0.0903310 
Dasyuridae_Dasyurus_maculatus                0.0778831 0.0601803 0.0792341 0.1032253 0.1003381 0.0000000 0.0754190 0.0874975 0.1045194 0.0949495 0.0502136 0.0786322 0.0247592 0.0354426 0.0848965 0.0784538 0.0253607 0.0190283 0.0296037 0.0836833 0.0842100 0.0924203 0.1108956 0.0259994 0.0909656 0.0703271 0.0886014 0.0974989 0.0889142 0.1109424 0.0836513 0.0502136 0.0831809 0.0808336 0.0054520 0.0947701 0.0999122 
Phalangeridae_Trichosurus_vulpecula          0.0344383 0.0421656 0.0480138 0.0543851 0.0567271 0.0754190 0.0000000 0.0180614 0.0545834 0.0745210 0.0648983 0.0202753 0.0791949 0.0827358 0.0176879 0.0421951 0.0794580 0.0707941 0.0825415 0.0638886 0.0492596 0.0487034 0.0760210 0.0816688 0.0557700 0.0384276 0.0552628 0.0500378 0.0523324 0.0701810 0.0520369 0.0648983 0.0167149 0.0620869 0.0731138 0.0744039 0.0747928 
Phalangeridae_Spilocuscus_maculatus          0.0452772 0.0459290 0.0594376 0.0545312 0.0566277 0.0874975 0.0180614 0.0000000 0.0539683 0.0847840 0.0673791 0.0105418 0.0877151 0.0939820 0.0138320 0.0527827 0.0885679 0.0782023 0.0907857 0.0733416 0.0507534 0.0579389 0.0887261 0.0932263 0.0611980 0.0457951 0.0595779 0.0497681 0.0605794 0.0729862 0.0608201 0.0673791 0.0128523 0.0744916 0.0846466 0.0846248 0.0877505 
Potoroidae_Aepyprymnus_rufescens             0.0585111 0.0523007 0.0683339 0.0144241 0.0159931 0.1045194 0.0545834 0.0539683 0.0000000 0.0950749 0.0743843 0.0605235 0.1085118 0.1109636 0.0626326 0.0683035 0.1083688 0.0967089 0.1071565 0.0833379 0.0250097 0.0718786 0.1001535 0.1105262 0.0510420 0.0471765 0.0750267 0.0242808 0.0739370 0.0912990 0.0747981 0.0743843 0.0611916 0.0852190 0.1017375 0.0953953 0.0880515 
Peramelidae_Perameles_nasuta                 0.0760054 0.0534563 0.0743487 0.0966924 0.0949375 0.0949495 0.0745210 0.0847840 0.0950749 0.0000000 0.0994593 0.0697473 0.0934256 0.1002995 0.0781936 0.0772739 0.0943211 0.0926297 0.1005381 0.0182442 0.0819005 0.0858314 0.1068745 0.0960127 0.0914196 0.0674815 0.0906676 0.0950459 0.0833736 0.1025903 0.0868569 0.0994593 0.0782241 0.0160745 0.0905425 0.0005588 0.0867353 
Myrmecobiidae_Myrmecobius_fasciatus1         0.0666565 0.0622217 0.0542618 0.0740187 0.0769102 0.0502136 0.0648983 0.0673791 0.0743843 0.0994593 0.0000000 0.0552262 0.0373691 0.0459631 0.0701895 0.0608487 0.0393636 0.0434360 0.0476802 0.0717337 0.0527482 0.0635209 0.0873550 0.0403482 0.0703481 0.0816583 0.0667706 0.0699226 0.0666741 0.0601656 0.0587337 0.0000010 0.0708207 0.0684890 0.0411419 0.0992702 9.0000000 
Phalangeridae_Strigocuscus_pelengensis       0.0479725 0.0480771 0.0513203 0.0610640 0.0604052 0.0786322 0.0202753 0.0105418 0.0605235 0.0697473 0.0552262 0.0000000 0.0711752 0.0841662 0.0129090 0.0445026 0.0719666 0.0738814 0.0851051 0.0719115 0.0587829 0.0501661 0.0862255 0.0762472 0.0561208 0.0424350 0.0522373 0.0592851 0.0497642 0.0793822 0.0512452 0.0552262 0.0118547 0.0738246 0.0766792 0.0697024 0.0876399 
Dasyuridae_Phascogale_tapoatafa              0.0820712 0.0569633 0.0739394 0.1094893 0.1080124 0.0247592 0.0791949 0.0877151 0.1085118 0.0934256 0.0373691 0.0711752 0.0000000 0.0368800 0.0856886 0.0720836 0.0014154 0.0274381 0.0367562 0.0821745 0.0851900 0.0859786 0.1183293 0.0119652 0.0852347 0.0734431 0.0812244 0.1035738 0.0839210 0.1119069 0.0815726 0.0373691 0.0839902 0.0831634 0.0214566 0.0932637 0.1069326 
Dasyuridae_Sminthopsis_macroura              0.0825156 0.0627514 0.0820314 0.1094696 0.1059897 0.0354426 0.0827358 0.0939820 0.1109636 0.1002995 0.0459631 0.0841662 0.0368800 0.0000000 0.0909128 0.0823600 0.0375311 0.0356206 0.0263069 0.0869009 0.0910899 0.0925699 0.1155821 0.0377591 0.0985240 0.0731323 0.0931062 0.1047549 0.0882689 0.1156175 0.0890868 0.0459631 0.0877711 0.0840696 0.0326265 0.1001247 0.1027941 
Phalangeridae_Phalanger_orientalis           0.0445770 0.0476597 0.0589804 0.0610201 0.0646436 0.0848965 0.0176879 0.0138320 0.0626326 0.0781936 0.0701895 0.0129090 0.0856886 0.0909128 0.0000000 0.0495223 0.0864175 0.0799766 0.0902518 0.0694110 0.0606844 0.0575053 0.0875734 0.0888271 0.0640024 0.0454720 0.0626954 0.0601952 0.0611117 0.0795175 0.0568802 0.0701895 0.0033689 0.0684549 0.0827415 0.0780560 0.0869794 
Acrobatidae_Acrobates_pygmaeus               0.0511469 0.0453422 0.0427791 0.0675377 0.0696655 0.0784538 0.0421951 0.0527827 0.0683035 0.0772739 0.0608487 0.0445026 0.0720836 0.0823600 0.0495223 0.0000000 0.0724713 0.0798684 0.0853605 0.0691577 0.0532182 0.0469494 0.0853954 0.0745828 0.0527525 0.0501949 0.0484748 0.0633028 0.0497470 0.0731190 0.0246547 0.0608487 0.0486086 0.0675716 0.0750186 0.0775598 0.0644973 
Dasyuridae_Phascogale_calura                 0.0823332 0.0566427 0.0746484 0.1093451 0.1078697 0.0253607 0.0794580 0.0885679 0.1083688 0.0943211 0.0393636 0.0719666 0.0014154 0.0375311 0.0864175 0.0724713 0.0000000 0.0287209 0.0383404 0.0830699 0.0845654 0.0858595 0.1188058 0.0128732 0.0854961 0.0743479 0.0819502 0.1034353 0.0846418 0.1123685 0.0823054 0.0393636 0.0847134 0.0835763 0.0227236 0.0941572 0.1059308 
Dasyuridae_Sarcophilus_harrisii              0.0734604 0.0556176 0.0811418 0.0961642 0.0949242 0.0190283 0.0707941 0.0782023 0.0967089 0.0926297 0.0434360 0.0738814 0.0274381 0.0356206 0.0799766 0.0798684 0.0287209 0.0000000 0.0311931 0.0813167 0.0845232 0.0925177 0.1126937 0.0305802 0.0933096 0.0597108 0.0896379 0.0917830 0.0870181 0.1088095 0.0864530 0.0434360 0.0783128 0.0792205 0.0176909 0.0924728 0.1032726 
Dasyuridae_Planigale_tenuirostris            0.0813500 0.0594527 0.0847215 0.1049235 0.1036362 0.0296037 0.0825415 0.0907857 0.1071565 0.1005381 0.0476802 0.0851051 0.0367562 0.0263069 0.0902518 0.0853605 0.0383404 0.0311931 0.0000000 0.0906285 0.0921934 0.0938685 0.1094523 0.0376565 0.0919975 0.0641835 0.0870169 0.1003523 0.0903090 0.1167421 0.0884641 0.0476802 0.0869588 0.0888701 0.0291237 0.1003098 0.1060875 
Peramelidae_Echymipera_kalubu                0.0675142 0.0519688 0.0666576 0.0849713 0.0846956 0.0836833 0.0638886 0.0733416 0.0833379 0.0182442 0.0717337 0.0719115 0.0821745 0.0869009 0.0694110 0.0691577 0.0830699 0.0813167 0.0906285 0.0000000 0.0801403 0.0766165 0.0935479 0.0862741 0.0778242 0.0508113 0.0788223 0.0837094 0.0724058 0.1056746 0.0764401 0.0717337 0.0690950 0.0150303 0.0831542 0.0182209 0.0853113 
Macropodidae_Dorcopsulus_vanheurni           0.0578964 0.0474790 0.0574903 0.0245843 0.0241440 0.0842100 0.0492596 0.0507534 0.0250097 0.0819005 0.0527482 0.0587829 0.0851900 0.0910899 0.0606844 0.0532182 0.0845654 0.0845232 0.0921934 0.0801403 0.0000000 0.0616795 0.0863692 0.0877061 0.0393400 0.0422356 0.0611734 0.0101873 0.0566194 0.0922069 0.0615200 0.0527482 0.0587369 0.0806974 0.0823673 0.0817604 0.0851305 
Pseudochiridae_Pseudochirulus_forbesi        0.0549064 0.0479439 0.0530530 0.0714994 0.0738274 0.0924203 0.0487034 0.0579389 0.0718786 0.0858314 0.0635209 0.0501661 0.0859786 0.0925699 0.0575053 0.0469494 0.0858595 0.0925177 0.0938685 0.0766165 0.0616795 0.0000000 0.0907112 0.0888493 0.0605900 0.0544658 0.0345032 0.0710545 0.0183385 0.0624551 0.0556882 0.0635209 0.0557277 0.0757592 0.0874170 0.0848661 0.0899563 
Marmosidae_Monodelphis_domestica             0.0800714 0.0613189 0.0866438 0.0989254 0.0964392 0.1108956 0.0760210 0.0887261 0.1001535 0.1068745 0.0873550 0.0862255 0.1183293 0.1155821 0.0875734 0.0853954 0.1188058 0.1126937 0.1094523 0.0935479 0.0863692 0.0907112 0.0000000 0.1189566 0.0983786 0.0621240 0.0955649 0.0955473 0.0893190 0.1133810 0.0939727 0.0873550 0.0862932 0.0950283 0.1078266 0.1057556 0.0273288 
Dasyuridae_Antechinus_stuartii               0.0828569 0.0590048 0.0754074 0.1085158 0.1092429 0.0259994 0.0816688 0.0932263 0.1105262 0.0960127 0.0403482 0.0762472 0.0119652 0.0377591 0.0888271 0.0745828 0.0128732 0.0305802 0.0376565 0.0862741 0.0877061 0.0888493 0.1189566 0.0000000 0.0857830 0.0747651 0.0882882 0.1041885 0.0866208 0.1178804 0.0832237 0.0403482 0.0863929 0.0845234 0.0232605 0.0959491 0.1054432 
Hypsiprymnodontidae_Hypsiprymnodon_moschatus 0.0628505 0.0508446 0.0510066 0.0520190 0.0539354 0.0909656 0.0557700 0.0611980 0.0510420 0.0914196 0.0703481 0.0561208 0.0852347 0.0985240 0.0640024 0.0527525 0.0854961 0.0933096 0.0919975 0.0778242 0.0393400 0.0605900 0.0983786 0.0857830 0.0000000 0.0570602 0.0615147 0.0499871 0.0589704 0.0832971 0.0574189 0.0703481 0.0617146 0.0783461 0.0857977 0.0912671 0.0802904 
Microbiotheriidae_Dromiciops_gliroides       0.0399016 0.0474506 0.0505422 0.0450347 0.0495552 0.0703271 0.0384276 0.0457951 0.0471765 0.0674815 0.0816583 0.0424350 0.0734431 0.0731323 0.0454720 0.0501949 0.0743479 0.0597108 0.0641835 0.0508113 0.0422356 0.0544658 0.0621240 0.0747651 0.0570602 0.0000000 0.0555511 0.0429897 0.0556060 0.0525459 0.0581172 0.0816583 0.0449384 0.0532051 0.0681334 0.0665266 0.0390879 
Pseudochiridae_Petauroides_volans            0.0606158 0.0466776 0.0572845 0.0770779 0.0773067 0.0886014 0.0552628 0.0595779 0.0750267 0.0906676 0.0667706 0.0522373 0.0812244 0.0931062 0.0626954 0.0484748 0.0819502 0.0896379 0.0870169 0.0788223 0.0611734 0.0345032 0.0955649 0.0882882 0.0615147 0.0555511 0.0000000 0.0732682 0.0321399 0.0656854 0.0572523 0.0667706 0.0605192 0.0782997 0.0835882 0.0904998 0.0892613 
Macropodidae_Wallabia_bicolor                0.0591270 0.0497940 0.0670426 0.0231057 0.0257653 0.0974989 0.0500378 0.0497681 0.0242808 0.0950459 0.0699226 0.0592851 0.1035738 0.1047549 0.0601952 0.0633028 0.1034353 0.0917830 0.1003523 0.0837094 0.0101873 0.0710545 0.0955473 0.1041885 0.0499871 0.0429897 0.0732682 0.0000000 0.0720122 0.0894870 0.0712926 0.0699226 0.0584243 0.0836968 0.0952301 0.0948864 0.0878833 
Pseudochiridae_Pseudocheirus_occidentalis    0.0572871 0.0477630 0.0547630 0.0733478 0.0724242 0.0889142 0.0523324 0.0605794 0.0739370 0.0833736 0.0666741 0.0497642 0.0839210 0.0882689 0.0611117 0.0497470 0.0846418 0.0870181 0.0903090 0.0724058 0.0566194 0.0183385 0.0893190 0.0866208 0.0589704 0.0556060 0.0321399 0.0720122 0.0000000 0.0623823 0.0570758 0.0666741 0.0592909 0.0711058 0.0840166 0.0832380 0.0868668 
Tarsipedidae_Tarsipes_rostratus              0.0718805 0.0595258 0.0842965 0.0930428 0.0927388 0.1109424 0.0701810 0.0729862 0.0912990 0.1025903 0.0601656 0.0793822 0.1119069 0.1156175 0.0795175 0.0731190 0.1123685 0.1088095 0.1167421 0.1056746 0.0922069 0.0624551 0.1133810 0.1178804 0.0832971 0.0525459 0.0656854 0.0894870 0.0623823 0.0000000 0.0815615 0.0601656 0.0778839 0.1010721 0.1091881 0.1030133 0.1108867 
Acrobatidae_Distoechurus_pennatus            0.0614860 0.0511657 0.0535110 0.0735269 0.0764110 0.0836513 0.0520369 0.0608201 0.0747981 0.0868569 0.0587337 0.0512452 0.0815726 0.0890868 0.0568802 0.0246547 0.0823054 0.0864530 0.0884641 0.0764401 0.0615200 0.0556882 0.0939727 0.0832237 0.0574189 0.0581172 0.0572523 0.0712926 0.0570758 0.0815615 0.0000000 0.0587337 0.0570043 0.0741763 0.0797794 0.0871365 0.0811907 
Myrmecobiidae_Myrmecobius_fasciatus2         0.0666565 0.0622217 0.0542618 0.0740187 0.0769102 0.0502136 0.0648983 0.0673791 0.0743843 0.0994593 0.0000010 0.0552262 0.0373691 0.0459631 0.0701895 0.0608487 0.0393636 0.0434360 0.0476802 0.0717337 0.0527482 0.0635209 0.0873550 0.0403482 0.0703481 0.0816583 0.0667706 0.0699226 0.0666741 0.0601656 0.0587337 0.0000000 0.0708207 0.0684890 0.0411419 0.0992702 9.0000000 
Phalangeridae_Phalanger_carmelitae           0.0425902 0.0464557 0.0571676 0.0600321 0.0631739 0.0831809 0.0167149 0.0128523 0.0611916 0.0782241 0.0708207 0.0118547 0.0839902 0.0877711 0.0033689 0.0486086 0.0847134 0.0783128 0.0869588 0.0690950 0.0587369 0.0557277 0.0862932 0.0863929 0.0617146 0.0449384 0.0605192 0.0584243 0.0592909 0.0778839 0.0570043 0.0708207 0.0000000 0.0677987 0.0810290 0.0780871 0.0857722 
Peramelidae_Peroryctes_raffrayana            0.0660117 0.0516484 0.0639935 0.0850402 0.0853234 0.0808336 0.0620869 0.0744916 0.0852190 0.0160745 0.0684890 0.0738246 0.0831634 0.0840696 0.0684549 0.0675716 0.0835763 0.0792205 0.0888701 0.0150303 0.0806974 0.0757592 0.0950283 0.0845234 0.0783461 0.0532051 0.0782997 0.0836968 0.0711058 0.1010721 0.0741763 0.0684890 0.0677987 0.0000000 0.0803075 0.0160540 0.0864517 
Dasyuridae_Dasyurus_geffroii                 0.0759412 0.0585727 0.0759335 0.1005814 0.0976913 0.0054520 0.0731138 0.0846466 0.1017375 0.0905425 0.0411419 0.0766792 0.0214566 0.0326265 0.0827415 0.0750186 0.0227236 0.0176909 0.0291237 0.0831542 0.0823673 0.0874170 0.1078266 0.0232605 0.0857977 0.0681334 0.0835882 0.0952301 0.0840166 0.1091881 0.0797794 0.0411419 0.0810290 0.0803075 0.0000000 0.0903883 0.1018396 
Peramelidae_Perameles_gunnii                 0.0758852 0.0534188 0.0742320 0.0970101 0.0952559 0.0947701 0.0744039 0.0846248 0.0953953 0.0005588 0.0992702 0.0697024 0.0932637 0.1001247 0.0780560 0.0775598 0.0941572 0.0924728 0.1003098 0.0182209 0.0817604 0.0848661 0.1057556 0.0959491 0.0912671 0.0665266 0.0904998 0.0948864 0.0832380 0.1030133 0.0871365 0.0992702 0.0780871 0.0160540 0.0903883 0.0000000 0.0867247 
Didelphidae_Didelphis_virginiana             0.0776875 0.0479269 0.0766851 0.0881586 0.0903310 0.0999122 0.0747928 0.0877505 0.0880515 0.0867353 9.0000000 0.0876399 0.1069326 0.1027941 0.0869794 0.0644973 0.1059308 0.1032726 0.1060875 0.0853113 0.0851305 0.0899563 0.0273288 0.1054432 0.0802904 0.0390879 0.0892613 0.0878833 0.0868668 0.1108867 0.0811907 9.0000000 0.0857722 0.0864517 0.1018396 0.0867247 0.0000000 
