35
Burramyidae_Burramys_parvus                  0.0000000 0.0793137 0.0541007 0.0619942 0.0607100 0.1437419 0.0430526 0.0477641 0.0589109 0.1278102 0.0410923 0.1252994 0.1387507 0.0489309 0.0660957 0.1250860 0.1337239 0.1051853 0.1146661 0.0562167 0.0615021 0.1479101 0.1425191 0.1296105 0.0728463 0.0942918 0.0762905 0.0544776 0.0550114 0.0512696 0.0653452 0.0476371 0.0934896 0.1328764 0.1164295 
Notoryctidae_Notoryctes_typhlops             0.0793137 0.0000000 0.0947379 0.0984115 0.0957066 0.1550874 0.0890162 0.0939114 0.0974397 0.1450576 0.0907574 0.1553452 0.1685814 0.0927492 0.1147330 0.1537072 0.1523976 0.1194478 0.1405257 0.0934138 0.1002231 0.1723710 0.1524178 0.1541419 0.1111446 0.1148100 0.1121995 0.0956233 0.0837257 0.0871218 0.1151901 0.0913711 0.1149477 0.1491357 0.1451112 
Vombatidae_Lasiorhinus_latifrons             0.0541007 0.0947379 0.0000000 0.0777809 0.0769269 0.1510985 0.0614887 0.0625696 0.0764098 0.1340654 0.0558967 0.1403784 0.1463933 0.0642927 0.0898696 0.1384005 0.1474961 0.1143383 0.1218602 0.0698151 0.0752988 0.1585554 0.1430506 0.1427589 0.0976852 0.0958857 0.0956829 0.0719740 0.0667681 0.0670219 0.0858454 0.0646213 0.1001617 0.1451781 0.1249282 
Potoroidae_Bettongia_penicillata             0.0619942 0.0984115 0.0777809 0.0000000 0.0034414 0.1598710 0.0656855 0.0708655 0.0089266 0.1529947 0.0621852 0.1461513 0.1602918 0.0716706 0.0917084 0.1439669 0.1557359 0.1179767 0.1459775 0.0167149 0.0770368 0.1871411 0.1626605 0.1462390 0.0427512 0.1210270 0.0882968 0.0177506 0.0667601 0.0709436 0.0873396 0.0704528 0.1257981 0.1509823 0.1467977 
Potoroidae_Bettongia_lesueur                 0.0607100 0.0957066 0.0769269 0.0034414 0.0000000 0.1546261 0.0635258 0.0686790 0.0094508 0.1468784 0.0613851 0.1441384 0.1605177 0.0680239 0.0949601 0.1419418 0.1512681 0.1197814 0.1447521 0.0171920 0.0768438 0.1776719 0.1635560 0.1442041 0.0418087 0.1186609 0.0861937 0.0182447 0.0670615 0.0705553 0.0878558 0.0678150 0.1268402 0.1465234 0.1413576 
Dasyuridae_Dasyurus_maculatus                0.1437419 0.1550874 0.1510985 0.1598710 0.1546261 0.0000000 0.1470964 0.1470277 0.1553842 0.1979887 0.1405048 0.0267385 0.0353399 0.1453762 0.1682068 0.0257655 0.0140770 0.0194309 0.1899177 0.1482389 0.1636527 0.2129107 0.2024483 0.0247096 0.1772829 0.1487657 0.1792132 0.1530164 0.1371017 0.1477832 0.1663114 0.1470883 0.1451471 0.0127261 0.1879625 
Phalangeridae_Trichosurus_vulpecula          0.0430526 0.0890162 0.0614887 0.0656855 0.0635258 0.1470964 0.0000000 0.0145397 0.0632717 0.1356286 0.0139247 0.1399463 0.1501665 0.0164353 0.0688450 0.1390727 0.1441359 0.1095933 0.1306379 0.0592935 0.0656977 0.1570886 0.1403386 0.1351152 0.0820391 0.1011358 0.0830838 0.0590649 0.0567266 0.0515995 0.0731288 0.0160102 0.1089827 0.1430720 0.1247779 
Phalangeridae_Spilocuscus_maculatus          0.0477641 0.0939114 0.0625696 0.0708655 0.0686790 0.1470277 0.0145397 0.0000000 0.0683455 0.1374326 0.0058805 0.1425562 0.1548770 0.0086155 0.0776277 0.1416783 0.1432440 0.1133500 0.1306864 0.0618774 0.0701546 0.1675776 0.1520150 0.1398001 0.0849556 0.1043224 0.0872233 0.0610745 0.0605688 0.0515049 0.0794225 0.0077946 0.1106411 0.1474561 0.1255682 
Potoroidae_Aepyprymnus_rufescens             0.0589109 0.0974397 0.0764098 0.0089266 0.0094508 0.1553842 0.0632717 0.0683455 0.0000000 0.1476200 0.0597711 0.1447062 0.1583706 0.0681702 0.0933852 0.1425343 0.1498168 0.1190339 0.1399299 0.0168560 0.0775106 0.1758406 0.1533453 0.1434943 0.0421618 0.1179788 0.0904483 0.0183161 0.0677225 0.0701604 0.0900736 0.0679633 0.1243077 0.1475775 0.1401822 
Peramelidae_Perameles_nasuta                 0.1278102 0.1450576 0.1340654 0.1529947 0.1468784 0.1979887 0.1356286 0.1374326 0.1476200 0.0000000 0.1257070 0.1865759 0.1935753 0.1348448 0.1581994 0.1841678 0.1970406 0.1519599 0.0143656 0.1458251 0.1469544 0.1856262 0.1986566 0.1864996 0.1688462 0.1528997 0.1593505 0.1484453 0.1240219 0.1353082 0.1466169 0.1353646 0.0104890 0.1850734 0.0006883 
Phalangeridae_Strigocuscus_pelengensis       0.0410923 0.0907574 0.0558967 0.0621852 0.0613851 0.1405048 0.0139247 0.0058805 0.0597711 0.1257070 0.0000000 0.1357892 0.1470215 0.0078376 0.0693125 0.1354374 0.1363729 0.1001346 0.1249995 0.0562689 0.0682314 0.1659483 0.1511472 0.1337305 0.0752966 0.0931626 0.0846404 0.0559750 0.0567459 0.0559230 0.0744864 0.0070007 0.1020354 0.1372538 0.1256513 
Dasyuridae_Phascogale_tapoatafa              0.1252994 0.1553452 0.1403784 0.1461513 0.1441384 0.0267385 0.1399463 0.1425562 0.1447062 0.1865759 0.1357892 0.0000000 0.0294158 0.1416130 0.1507821 0.0025781 0.0227045 0.0173103 0.1748289 0.1402367 0.1496446 0.1849046 0.1732327 0.0102500 0.1668030 0.1323286 0.1705837 0.1439784 0.1209281 0.1427626 0.1575889 0.1428362 0.1373272 0.0136199 0.1805854 
Dasyuridae_Sminthopsis_macroura              0.1387507 0.1685814 0.1463933 0.1602918 0.1605177 0.0353399 0.1501665 0.1548770 0.1583706 0.1935753 0.1470215 0.0294158 0.0000000 0.1540535 0.1713245 0.0281361 0.0399100 0.0145324 0.1791554 0.1572206 0.1693286 0.2086782 0.1958409 0.0312111 0.1842098 0.1449871 0.1867273 0.1600309 0.1422881 0.1590185 0.1719991 0.1526413 0.1455924 0.0320225 0.1874083 
Phalangeridae_Phalanger_orientalis           0.0489309 0.0927492 0.0642927 0.0716706 0.0680239 0.1453762 0.0164353 0.0086155 0.0681702 0.1348448 0.0078376 0.1416130 0.1540535 0.0000000 0.0818431 0.1400426 0.1413910 0.1122311 0.1286382 0.0622134 0.0711676 0.1697754 0.1505941 0.1391555 0.0819164 0.1003653 0.0887358 0.0637555 0.0625155 0.0574468 0.0824841 0.0038498 0.1091246 0.1427484 0.1244969 
Acrobatidae_Acrobates_pygmaeus               0.0660957 0.1147330 0.0898696 0.0917084 0.0949601 0.1682068 0.0688450 0.0776277 0.0933852 0.1581994 0.0693125 0.1507821 0.1713245 0.0818431 0.0000000 0.1515744 0.1652238 0.1272994 0.1448747 0.0836831 0.0729920 0.1997964 0.1795542 0.1545410 0.1040080 0.1218490 0.0891953 0.0863129 0.0581924 0.0680956 0.0411948 0.0783430 0.1171917 0.1572218 0.1494841 
Dasyuridae_Phascogale_calura                 0.1250860 0.1537072 0.1384005 0.1439669 0.1419418 0.0257655 0.1390727 0.1416783 0.1425343 0.1841678 0.1354374 0.0025781 0.0281361 0.1400426 0.1515744 0.0000000 0.0225063 0.0164498 0.1758003 0.1386383 0.1498587 0.1820938 0.1732148 0.0095765 0.1671007 0.1314110 0.1680115 0.1423591 0.1218743 0.1400951 0.1581775 0.1412675 0.1404143 0.0127095 0.1787155 
Dasyuridae_Sarcophilus_harrisii              0.1337239 0.1523976 0.1474961 0.1557359 0.1512681 0.0140770 0.1441359 0.1432440 0.1498168 0.1970406 0.1363729 0.0227045 0.0399100 0.1413910 0.1652238 0.0225063 0.0000000 0.0201593 0.1893736 0.1490444 0.1568962 0.2105442 0.1893938 0.0196904 0.1724641 0.1452139 0.1780186 0.1528707 0.1307561 0.1438344 0.1685025 0.1438664 0.1517068 0.0123476 0.1875391 
Dasyuridae_Planigale_tenuirostris            0.1051853 0.1194478 0.1143383 0.1179767 0.1197814 0.0194309 0.1095933 0.1133500 0.1190339 0.1519599 0.1001346 0.0173103 0.0145324 0.1122311 0.1272994 0.0164498 0.0201593 0.0000000 0.1430093 0.1226939 0.1298973 0.1274834 0.1249266 0.0162603 0.1433007 0.1122844 0.1329387 0.1232796 0.1268325 0.0861825 0.1337906 0.1106064 0.1476532 0.0180235 0.1373899 
Peramelidae_Echymipera_kalubu                0.1146661 0.1405257 0.1218602 0.1459775 0.1447521 0.1899177 0.1306379 0.1306864 0.1399299 0.0143656 0.1249995 0.1748289 0.1791554 0.1286382 0.1448747 0.1758003 0.1893736 0.1430093 0.0000000 0.1381864 0.1387906 0.1773536 0.1768904 0.1797939 0.1583216 0.1399686 0.1509333 0.1411771 0.1127001 0.1343901 0.1401014 0.1299506 0.0090459 0.1728642 0.0136471 
Macropodidae_Dorcopsulus_vanheurni           0.0562167 0.0934138 0.0698151 0.0167149 0.0171920 0.1482389 0.0592935 0.0618774 0.0168560 0.1458251 0.0562689 0.1402367 0.1572206 0.0622134 0.0836831 0.1386383 0.1490444 0.1226939 0.1381864 0.0000000 0.0738360 0.1731058 0.1530456 0.1437366 0.0404544 0.1094302 0.0853760 0.0056715 0.0633540 0.0613918 0.0798792 0.0620032 0.1224700 0.1399494 0.1406438 
Pseudochiridae_Pseudochirulus_forbesi        0.0615021 0.1002231 0.0752988 0.0770368 0.0768438 0.1636527 0.0656977 0.0701546 0.0775106 0.1469544 0.0682314 0.1496446 0.1693286 0.0711676 0.0729920 0.1498587 0.1568962 0.1298973 0.1387906 0.0738360 0.0000000 0.1776350 0.1573427 0.1493147 0.0860765 0.1156855 0.0340775 0.0737783 0.0127335 0.0509516 0.0742206 0.0719231 0.1147787 0.1497329 0.1372143 
Didelphidae_Didelphis_virginiana             0.1479101 0.1723710 0.1585554 0.1871411 0.1776719 0.2129107 0.1570886 0.1675776 0.1758406 0.1856262 0.1659483 0.1849046 0.2086782 0.1697754 0.1997964 0.1820938 0.2105442 0.1274834 0.1773536 0.1731058 0.1776350 0.0000000 0.0397976 0.1911217 0.2211023 0.1557436 0.2357103 0.1784349 0.1158170 0.1783731 0.2041181 0.1702339 0.1278206 0.1823726 0.1812427 
Marmosidae_Monodelphis_domestica             0.1425191 0.1524178 0.1430506 0.1626605 0.1635560 0.2024483 0.1403386 0.1520150 0.1533453 0.1986566 0.1511472 0.1732327 0.1958409 0.1505941 0.1795542 0.1732148 0.1893938 0.1249266 0.1768904 0.1530456 0.1573427 0.0397976 0.0000000 0.1732825 0.1986704 0.1520329 0.2144281 0.1568557 0.1111094 0.1842361 0.1951514 0.1505864 0.1241397 0.1727240 0.1945941 
Dasyuridae_Antechinus_stuartii               0.1296105 0.1541419 0.1427589 0.1462390 0.1442041 0.0247096 0.1351152 0.1398001 0.1434943 0.1864996 0.1337305 0.0102500 0.0312111 0.1391555 0.1545410 0.0095765 0.0196904 0.0162603 0.1797939 0.1437366 0.1493147 0.1911217 0.1732825 0.0000000 0.1659253 0.1328404 0.1662344 0.1465823 0.1238080 0.1424908 0.1609281 0.1394207 0.1429072 0.0167043 0.1769140 
Hypsiprymnodontidae_Hypsiprymnodon_moschatus 0.0728463 0.1111446 0.0976852 0.0427512 0.0418087 0.1772829 0.0820391 0.0849556 0.0421618 0.1688462 0.0752966 0.1668030 0.1842098 0.0819164 0.1040080 0.1671007 0.1724641 0.1433007 0.1583216 0.0404544 0.0860765 0.2211023 0.1986704 0.1659253 0.0000000 0.1305102 0.0872576 0.0409010 0.0751430 0.0759695 0.0876271 0.0825107 0.1359216 0.1747472 0.1602367 
Microbiotheriidae_Dromiciops_gliroides       0.0942918 0.1148100 0.0958857 0.1210270 0.1186609 0.1487657 0.1011358 0.1043224 0.1179788 0.1528997 0.0931626 0.1323286 0.1449871 0.1003653 0.1218490 0.1314110 0.1452139 0.1122844 0.1399686 0.1094302 0.1156855 0.1557436 0.1520329 0.1328404 0.1305102 0.0000000 0.1330059 0.1123453 0.0903103 0.1072464 0.1243202 0.0998113 0.1161986 0.1330270 0.1439620 
Pseudochiridae_Petauroides_volans            0.0762905 0.1121995 0.0956829 0.0882968 0.0861937 0.1792132 0.0830838 0.0872233 0.0904483 0.1593505 0.0846404 0.1705837 0.1867273 0.0887358 0.0891953 0.1680115 0.1780186 0.1329387 0.1509333 0.0853760 0.0340775 0.2357103 0.2144281 0.1662344 0.0872576 0.1330059 0.0000000 0.0863233 0.0298454 0.0643648 0.0835186 0.0882772 0.1221692 0.1699589 0.1529258 
Macropodidae_Wallabia_bicolor                0.0544776 0.0956233 0.0719740 0.0177506 0.0182447 0.1530164 0.0590649 0.0610745 0.0183161 0.1484453 0.0559750 0.1439784 0.1600309 0.0637555 0.0863129 0.1423591 0.1528707 0.1232796 0.1411771 0.0056715 0.0737783 0.1784349 0.1568557 0.1465823 0.0409010 0.1123453 0.0863233 0.0000000 0.0628040 0.0586476 0.0818530 0.0626554 0.1213684 0.1461753 0.1433948 
Pseudochiridae_Pseudocheirus_occidentalis    0.0550114 0.0837257 0.0667681 0.0667601 0.0670615 0.1371017 0.0567266 0.0605688 0.0677225 0.1240219 0.0567459 0.1209281 0.1422881 0.0625155 0.0581924 0.1218743 0.1307561 0.1268325 0.1127001 0.0633540 0.0127335 0.1158170 0.1111094 0.1238080 0.0751430 0.0903103 0.0298454 0.0628040 0.0000000 0.0347302 0.0614686 0.0633665 0.1142604 0.1214094 0.1114993 
Tarsipedidae_Tarsipes_rostratus              0.0512696 0.0871218 0.0670219 0.0709436 0.0705553 0.1477832 0.0515995 0.0515049 0.0701604 0.1353082 0.0559230 0.1427626 0.1590185 0.0574468 0.0680956 0.1400951 0.1438344 0.0861825 0.1343901 0.0613918 0.0509516 0.1783731 0.1842361 0.1424908 0.0759695 0.1072464 0.0643648 0.0586476 0.0347302 0.0000000 0.0569490 0.0586116 0.0971028 0.1365249 0.1340566 
Acrobatidae_Distoechurus_pennatus            0.0653452 0.1151901 0.0858454 0.0873396 0.0878558 0.1663114 0.0731288 0.0794225 0.0900736 0.1466169 0.0744864 0.1575889 0.1719991 0.0824841 0.0411948 0.1581775 0.1685025 0.1337906 0.1401014 0.0798792 0.0742206 0.2041181 0.1951514 0.1609281 0.0876271 0.1243202 0.0835186 0.0818530 0.0614686 0.0569490 0.0000000 0.0800464 0.1158636 0.1609292 0.1377091 
Phalangeridae_Phalanger_carmelitae           0.0476371 0.0913711 0.0646213 0.0704528 0.0678150 0.1470883 0.0160102 0.0077946 0.0679633 0.1353646 0.0070007 0.1428362 0.1526413 0.0038498 0.0783430 0.1412675 0.1438664 0.1106064 0.1299506 0.0620032 0.0719231 0.1702339 0.1505864 0.1394207 0.0825107 0.0998113 0.0882772 0.0626554 0.0633665 0.0586116 0.0800464 0.0000000 0.1082745 0.1452157 0.1258998 
Peramelidae_Peroryctes_raffrayana            0.0934896 0.1149477 0.1001617 0.1257981 0.1268402 0.1451471 0.1089827 0.1106411 0.1243077 0.0104890 0.1020354 0.1373272 0.1455924 0.1091246 0.1171917 0.1404143 0.1517068 0.1476532 0.0090459 0.1224700 0.1147787 0.1278206 0.1241397 0.1429072 0.1359216 0.1161986 0.1221692 0.1213684 0.1142604 0.0971028 0.1158636 0.1082745 0.0000000 0.1430807 0.0095366 
Dasyuridae_Dasyurus_geffroii                 0.1328764 0.1491357 0.1451781 0.1509823 0.1465234 0.0127261 0.1430720 0.1474561 0.1475775 0.1850734 0.1372538 0.0136199 0.0320225 0.1427484 0.1572218 0.0127095 0.0123476 0.0180235 0.1728642 0.1399494 0.1497329 0.1823726 0.1727240 0.0167043 0.1747472 0.1330270 0.1699589 0.1461753 0.1214094 0.1365249 0.1609292 0.1452157 0.1430807 0.0000000 0.1738001 
Peramelidae_Perameles_gunnii                 0.1164295 0.1451112 0.1249282 0.1467977 0.1413576 0.1879625 0.1247779 0.1255682 0.1401822 0.0006883 0.1256513 0.1805854 0.1874083 0.1244969 0.1494841 0.1787155 0.1875391 0.1373899 0.0136471 0.1406438 0.1372143 0.1812427 0.1945941 0.1769140 0.1602367 0.1439620 0.1529258 0.1433948 0.1114993 0.1340566 0.1377091 0.1258998 0.0095366 0.1738001 0.0000000 
