35
Burramyidae_Burramys_parvus                  0.0000000 0.0812201 0.0644942 0.0585510 0.0612199 0.0829253 0.0576839 0.0704471 0.0666147 0.0849038 0.0679842 0.0828574 0.0813085 0.0732283 0.0623933 0.0819498 0.0815784 0.0819693 0.0817460 0.0642915 0.0734574 0.1056176 0.0976227 0.0815604 0.0649811 0.0771562 0.0777695 0.0628832 0.0690132 0.0928754 0.0675544 0.0688229 0.0852958 0.0807452 0.0840922 
Notoryctidae_Notoryctes_typhlops             0.0812201 0.0000000 0.0894975 0.0941016 0.0974119 0.0985048 0.1009052 0.1158273 0.1026793 0.1009984 0.1162706 0.0999674 0.0915605 0.1169819 0.0971043 0.1001250 0.1005645 0.0926070 0.0941247 0.0968864 0.1115257 0.1316864 0.1156890 0.0973432 0.1037424 0.0927047 0.1149509 0.0954909 0.1046531 0.1205901 0.1023016 0.1134557 0.0983825 0.0966007 0.0979452 
Vombatidae_Lasiorhinus_latifrons             0.0644942 0.0894975 0.0000000 0.0684213 0.0702093 0.0804611 0.0691179 0.0737414 0.0750388 0.0770585 0.0793032 0.0815748 0.0821698 0.0763528 0.0654470 0.0817296 0.0800493 0.0773815 0.0745076 0.0660976 0.0810901 0.1026619 0.0873174 0.0808009 0.0737445 0.0685422 0.0848814 0.0682435 0.0783845 0.1017298 0.0704610 0.0770542 0.0781454 0.0793885 0.0750168 
Potoroidae_Bettongia_penicillata             0.0585510 0.0941016 0.0684213 0.0000000 0.0037958 0.0871303 0.0681835 0.0812706 0.0103843 0.0890262 0.0837248 0.0853003 0.0834168 0.0877275 0.0664465 0.0865823 0.0874086 0.0772467 0.0876781 0.0221730 0.0785268 0.1103849 0.0976764 0.0862222 0.0393279 0.0815535 0.0797148 0.0209550 0.0746469 0.0980713 0.0705288 0.0832652 0.0891127 0.0859806 0.0890280 
Potoroidae_Bettongia_lesueur                 0.0612199 0.0974119 0.0702093 0.0037958 0.0000000 0.0888938 0.0708837 0.0819330 0.0124786 0.0904079 0.0833615 0.0866953 0.0856515 0.0866596 0.0676112 0.0879480 0.0884459 0.0803684 0.0895477 0.0235405 0.0827577 0.1113236 0.0993796 0.0897509 0.0425919 0.0825866 0.0799819 0.0229562 0.0762950 0.0963702 0.0736462 0.0823695 0.0916545 0.0877734 0.0903372 
Dasyuridae_Dasyurus_maculatus                0.0829253 0.0985048 0.0804611 0.0871303 0.0888938 0.0000000 0.0940664 0.1044298 0.0942927 0.0931711 0.1083150 0.0152431 0.0222178 0.1075120 0.0865160 0.0144779 0.0108495 0.0234815 0.0907792 0.1006368 0.1050676 0.1103525 0.1042296 0.0172940 0.0961764 0.0913656 0.1039643 0.0977812 0.0993660 0.1157055 0.0908516 0.1059722 0.0916891 0.0044465 0.0914004 
Phalangeridae_Trichosurus_vulpecula          0.0576839 0.1009052 0.0691179 0.0681835 0.0708837 0.0940664 0.0000000 0.0334457 0.0762850 0.0970656 0.0354562 0.0934110 0.0925535 0.0331470 0.0709168 0.0918433 0.0959599 0.0911652 0.0947850 0.0764439 0.0782703 0.1092150 0.1050968 0.0922873 0.0731699 0.0906087 0.0803395 0.0719589 0.0760260 0.0979351 0.0700185 0.0332353 0.0996316 0.0935863 0.0948513 
Phalangeridae_Spilocuscus_maculatus          0.0704471 0.1158273 0.0737414 0.0812706 0.0819330 0.1044298 0.0334457 0.0000000 0.0852219 0.1077911 0.0200162 0.1046557 0.1058629 0.0134781 0.0827260 0.1024156 0.1013916 0.1005391 0.1059609 0.0842231 0.0941087 0.1202850 0.1164133 0.1046934 0.0850074 0.0982335 0.0942317 0.0801523 0.0871804 0.1084607 0.0812664 0.0144626 0.1101426 0.1056829 0.1049492 
Potoroidae_Aepyprymnus_rufescens             0.0666147 0.1026793 0.0750388 0.0103843 0.0124786 0.0942927 0.0762850 0.0852219 0.0000000 0.0936939 0.0886833 0.0943394 0.0912216 0.0916661 0.0725351 0.0945224 0.0935183 0.0872261 0.0935033 0.0256974 0.0875692 0.1154922 0.1002877 0.0930622 0.0474829 0.0909188 0.0886963 0.0266563 0.0829533 0.1047169 0.0771619 0.0877741 0.0947324 0.0931525 0.0934506 
Peramelidae_Perameles_nasuta                 0.0849038 0.1009984 0.0770585 0.0890262 0.0904079 0.0931711 0.0970656 0.1077911 0.0936939 0.0000000 0.1091452 0.0918848 0.0934027 0.1077052 0.0915509 0.0919527 0.0898598 0.0923785 0.0132220 0.0961950 0.1061819 0.1156238 0.1019565 0.0912193 0.0981377 0.0876226 0.1022990 0.0956136 0.0952556 0.1258067 0.0968021 0.1073982 0.0145664 0.0913086 0.0011700 
Phalangeridae_Strigocuscus_pelengensis       0.0679842 0.1162706 0.0793032 0.0837248 0.0833615 0.1083150 0.0354562 0.0200162 0.0886833 0.1091452 0.0000000 0.1055439 0.1096019 0.0189682 0.0867203 0.1031994 0.1054013 0.1037467 0.1045049 0.0854393 0.0982878 0.1247636 0.1199290 0.1076818 0.0867644 0.1049174 0.0986494 0.0820050 0.0928352 0.1065344 0.0858783 0.0179450 0.1115362 0.1084166 0.1062108 
Dasyuridae_Phascogale_tapoatafa              0.0828574 0.0999674 0.0815748 0.0853003 0.0866953 0.0152431 0.0934110 0.1046557 0.0943394 0.0918848 0.1055439 0.0000000 0.0237785 0.1059497 0.0901743 0.0029470 0.0170668 0.0238475 0.0895102 0.0999758 0.1067899 0.1102563 0.1054160 0.0093702 0.0955840 0.0878519 0.1033589 0.0960783 0.0992206 0.1156802 0.0934935 0.1056025 0.0939617 0.0156161 0.0902405 
Dasyuridae_Sminthopsis_macroura              0.0813085 0.0915605 0.0821698 0.0834168 0.0856515 0.0222178 0.0925535 0.1058629 0.0912216 0.0934027 0.1096019 0.0237785 0.0000000 0.1085796 0.0836108 0.0225807 0.0252958 0.0191753 0.0897428 0.0970938 0.1053165 0.1160187 0.1063186 0.0250996 0.0955595 0.0893859 0.0997250 0.0951673 0.0962642 0.1166201 0.0889792 0.1051870 0.0942818 0.0217775 0.0910652 
Phalangeridae_Phalanger_orientalis           0.0732283 0.1169819 0.0763528 0.0877275 0.0866596 0.1075120 0.0331470 0.0134781 0.0916661 0.1077052 0.0189682 0.1059497 0.1085796 0.0000000 0.0858543 0.1042475 0.1043594 0.1028485 0.1050782 0.0882167 0.0990798 0.1205284 0.1180069 0.1070391 0.0892751 0.1011721 0.0965346 0.0858029 0.0934760 0.1110049 0.0868620 0.0067203 0.1126979 0.1076141 0.1046928 
Acrobatidae_Acrobates_pygmaeus               0.0623933 0.0971043 0.0654470 0.0664465 0.0676112 0.0865160 0.0709168 0.0827260 0.0725351 0.0915509 0.0867203 0.0901743 0.0836108 0.0858543 0.0000000 0.0903485 0.0877955 0.0848351 0.0896001 0.0737238 0.0686855 0.1148632 0.0951684 0.0885181 0.0741620 0.0820781 0.0683894 0.0701349 0.0631667 0.0828492 0.0359061 0.0842349 0.0928143 0.0865824 0.0897588 
Dasyuridae_Phascogale_calura                 0.0819498 0.1001250 0.0817296 0.0865823 0.0879480 0.0144779 0.0918433 0.1024156 0.0945224 0.0919527 0.1031994 0.0029470 0.0225807 0.1042475 0.0903485 0.0000000 0.0163108 0.0229711 0.0886004 0.1001907 0.1070041 0.1099684 0.1051250 0.0093889 0.0957712 0.0880329 0.1034582 0.0962650 0.1005691 0.1147201 0.0925831 0.1039242 0.0951278 0.0148566 0.0893096 
Dasyuridae_Sarcophilus_harrisii              0.0815784 0.1005645 0.0800493 0.0874086 0.0884459 0.0108495 0.0959599 0.1013916 0.0935183 0.0898598 0.1054013 0.0170668 0.0252958 0.1043594 0.0877955 0.0163108 0.0000000 0.0250170 0.0900662 0.0990149 0.1048797 0.1095524 0.1030684 0.0199266 0.0950926 0.0925121 0.1037852 0.0952555 0.0963388 0.1132917 0.0916959 0.1034565 0.0930289 0.0104500 0.0898304 
Dasyuridae_Planigale_tenuirostris            0.0819693 0.0926070 0.0773815 0.0772467 0.0803684 0.0234815 0.0911652 0.1005391 0.0872261 0.0923785 0.1037467 0.0238475 0.0191753 0.1028485 0.0848351 0.0229711 0.0250170 0.0000000 0.0877991 0.0943913 0.0992883 0.1091721 0.1027724 0.0260465 0.0912879 0.0877192 0.0999187 0.0914433 0.0947848 0.1100267 0.0870871 0.1023997 0.0932219 0.0230228 0.0890522 
Peramelidae_Echymipera_kalubu                0.0817460 0.0941247 0.0745076 0.0876781 0.0895477 0.0907792 0.0947850 0.1059609 0.0935033 0.0132220 0.1045049 0.0895102 0.0897428 0.1050782 0.0896001 0.0886004 0.0900662 0.0877991 0.0000000 0.0938044 0.1033563 0.1141740 0.0997149 0.0882732 0.0945322 0.0812493 0.1029920 0.0927901 0.0947146 0.1213864 0.0950680 0.1043586 0.0133583 0.0889937 0.0136079 
Macropodidae_Dorcopsulus_vanheurni           0.0642915 0.0968864 0.0660976 0.0221730 0.0235405 0.1006368 0.0764439 0.0842231 0.0256974 0.0961950 0.0854393 0.0999758 0.0970938 0.0882167 0.0737238 0.1001907 0.0990149 0.0943913 0.0938044 0.0000000 0.0816535 0.1218839 0.1052567 0.0998150 0.0413103 0.0838280 0.0918819 0.0127491 0.0814327 0.1050262 0.0782610 0.0846241 0.0941137 0.0993586 0.0971416 
Pseudochiridae_Pseudochirulus_forbesi        0.0734574 0.1115257 0.0810901 0.0785268 0.0827577 0.1050676 0.0782703 0.0941087 0.0875692 0.1061819 0.0982878 0.1067899 0.1053165 0.0990798 0.0686855 0.1070041 0.1048797 0.0992883 0.1033563 0.0816535 0.0000000 0.1258764 0.1152915 0.1050907 0.0864359 0.1001969 0.0484413 0.0837729 0.0271528 0.0859342 0.0699134 0.0990816 0.1050645 0.1038688 0.1075550 
Didelphidae_Didelphis_virginiana             0.1056176 0.1316864 0.1026619 0.1103849 0.1113236 0.1103525 0.1092150 0.1202850 0.1154922 0.1156238 0.1247636 0.1102563 0.1160187 0.1205284 0.1148632 0.1099684 0.1095524 0.1091721 0.1141740 0.1218839 0.1258764 0.0000000 0.0389386 0.1101562 0.1168304 0.1033653 0.1201004 0.1148818 0.1171509 0.1341698 0.1161656 0.1203496 0.1178254 0.1108913 0.1132452 
Marmosidae_Monodelphis_domestica             0.0976227 0.1156890 0.0873174 0.0976764 0.0993796 0.1042296 0.1050968 0.1164133 0.1002877 0.1019565 0.1199290 0.1054160 0.1063186 0.1180069 0.0951684 0.1051250 0.1030684 0.1027724 0.0997149 0.1052567 0.1152915 0.0389386 0.0000000 0.1046880 0.1064379 0.0920795 0.1078808 0.1008922 0.1051450 0.1323138 0.1042489 0.1165734 0.1019843 0.1036436 0.0997296 
Dasyuridae_Antechinus_stuartii               0.0815604 0.0973432 0.0808009 0.0862222 0.0897509 0.0172940 0.0922873 0.1046934 0.0930622 0.0912193 0.1076818 0.0093702 0.0250996 0.1070391 0.0885181 0.0093889 0.0199266 0.0260465 0.0882732 0.0998150 0.1050907 0.1101562 0.1046880 0.0000000 0.0931878 0.0889993 0.1076024 0.0959213 0.0997748 0.1178146 0.0922384 0.1073934 0.0920861 0.0176697 0.0885220 
Hypsiprymnodontidae_Hypsiprymnodon_moschatus 0.0649811 0.1037424 0.0737445 0.0393279 0.0425919 0.0961764 0.0731699 0.0850074 0.0474829 0.0981377 0.0867644 0.0955840 0.0955595 0.0892751 0.0741620 0.0957712 0.0950926 0.0912879 0.0945322 0.0413103 0.0864359 0.1168304 0.1064379 0.0931878 0.0000000 0.0866491 0.0923394 0.0442211 0.0866099 0.0997746 0.0770943 0.0855469 0.0963576 0.0939183 0.0976506 
Microbiotheriidae_Dromiciops_gliroides       0.0771562 0.0927047 0.0685422 0.0815535 0.0825866 0.0913656 0.0906087 0.0982335 0.0909188 0.0876226 0.1049174 0.0878519 0.0893859 0.1011721 0.0820781 0.0880329 0.0925121 0.0877192 0.0812493 0.0838280 0.1001969 0.1033653 0.0920795 0.0889993 0.0866491 0.0000000 0.1009248 0.0843529 0.0982467 0.1084140 0.0879963 0.1028021 0.0883287 0.0909298 0.0842910 
Pseudochiridae_Petauroides_volans            0.0777695 0.1149509 0.0848814 0.0797148 0.0799819 0.1039643 0.0803395 0.0942317 0.0886963 0.1022990 0.0986494 0.1033589 0.0997250 0.0965346 0.0683894 0.1034582 0.1037852 0.0999187 0.1029920 0.0918819 0.0484413 0.1201004 0.1078808 0.1076024 0.0923394 0.1009248 0.0000000 0.0855535 0.0386132 0.0839575 0.0679145 0.0952859 0.1027002 0.1028091 0.1049782 
Macropodidae_Wallabia_bicolor                0.0628832 0.0954909 0.0682435 0.0209550 0.0229562 0.0977812 0.0719589 0.0801523 0.0266563 0.0956136 0.0820050 0.0960783 0.0951673 0.0858029 0.0701349 0.0962650 0.0952555 0.0914433 0.0927901 0.0127491 0.0837729 0.1148818 0.1008922 0.0959213 0.0442211 0.0843529 0.0855535 0.0000000 0.0795561 0.0978080 0.0774747 0.0814815 0.0938303 0.0966296 0.0952650 
Pseudochiridae_Pseudocheirus_occidentalis    0.0690132 0.1046531 0.0783845 0.0746469 0.0762950 0.0993660 0.0760260 0.0871804 0.0829533 0.0952556 0.0928352 0.0992206 0.0962642 0.0934760 0.0631667 0.1005691 0.0963388 0.0947848 0.0947146 0.0814327 0.0271528 0.1171509 0.1051450 0.0997748 0.0866099 0.0982467 0.0386132 0.0795561 0.0000000 0.0796795 0.0622954 0.0905513 0.0978469 0.0982203 0.0978920 
Tarsipedidae_Tarsipes_rostratus              0.0928754 0.1205901 0.1017298 0.0980713 0.0963702 0.1157055 0.0979351 0.1084607 0.1047169 0.1258067 0.1065344 0.1156802 0.1166201 0.1110049 0.0828492 0.1147201 0.1132917 0.1100267 0.1213864 0.1050262 0.0859342 0.1341698 0.1323138 0.1178146 0.0997746 0.1084140 0.0839575 0.0978080 0.0796795 0.0000000 0.0834266 0.1090083 0.1268215 0.1148974 0.1246549 
Acrobatidae_Distoechurus_pennatus            0.0675544 0.1023016 0.0704610 0.0705288 0.0736462 0.0908516 0.0700185 0.0812664 0.0771619 0.0968021 0.0858783 0.0934935 0.0889792 0.0868620 0.0359061 0.0925831 0.0916959 0.0870871 0.0950680 0.0782610 0.0699134 0.1161656 0.1042489 0.0922384 0.0770943 0.0879963 0.0679145 0.0774747 0.0622954 0.0834266 0.0000000 0.0841993 0.0973933 0.0908013 0.0947985 
Phalangeridae_Phalanger_carmelitae           0.0688229 0.1134557 0.0770542 0.0832652 0.0823695 0.1059722 0.0332353 0.0144626 0.0877741 0.1073982 0.0179450 0.1056025 0.1051870 0.0067203 0.0842349 0.1039242 0.1034565 0.1023997 0.1043586 0.0846241 0.0990816 0.1203496 0.1165734 0.1073934 0.0855469 0.1028021 0.0952859 0.0814815 0.0905513 0.1090083 0.0841993 0.0000000 0.1106153 0.1060684 0.1045375 
Peramelidae_Peroryctes_raffrayana            0.0852958 0.0983825 0.0781454 0.0891127 0.0916545 0.0916891 0.0996316 0.1101426 0.0947324 0.0145664 0.1115362 0.0939617 0.0942818 0.1126979 0.0928143 0.0951278 0.0930289 0.0932219 0.0133583 0.0941137 0.1050645 0.1178254 0.1019843 0.0920861 0.0963576 0.0883287 0.1027002 0.0938303 0.0978469 0.1268215 0.0973933 0.1106153 0.0000000 0.0905659 0.0145940 
Dasyuridae_Dasyurus_geffroii                 0.0807452 0.0966007 0.0793885 0.0859806 0.0877734 0.0044465 0.0935863 0.1056829 0.0931525 0.0913086 0.1084166 0.0156161 0.0217775 0.1076141 0.0865824 0.0148566 0.0104500 0.0230228 0.0889937 0.0993586 0.1038688 0.1108913 0.1036436 0.0176697 0.0939183 0.0909298 0.1028091 0.0966296 0.0982203 0.1148974 0.0908013 0.1060684 0.0905659 0.0000000 0.0901669 
Peramelidae_Perameles_gunnii                 0.0840922 0.0979452 0.0750168 0.0890280 0.0903372 0.0914004 0.0948513 0.1049492 0.0934506 0.0011700 0.1062108 0.0902405 0.0910652 0.1046928 0.0897588 0.0893096 0.0898304 0.0890522 0.0136079 0.0971416 0.1075550 0.1132452 0.0997296 0.0885220 0.0976506 0.0842910 0.1049782 0.0952650 0.0978920 0.1246549 0.0947985 0.1045375 0.0145940 0.0901669 0.0000000 
