35
Burramyidae_Burramys_parvus                  0.0000000 0.0876869 0.0641158 0.0561241 0.0615066 0.0840736 0.0441071 0.0466001 0.0630034 0.0977681 0.0522912 0.0801440 0.0971096 0.0538830 0.0618745 0.0812238 0.0826185 0.1003343 0.0561447 0.0640520 0.1110232 0.1034535 0.0823756 0.0638084 0.0793225 0.0598964 0.0568567 0.0608172 0.0766300 0.0655170 0.0557976 0.1009446 0.0825414 0.0986962 0.1072320 
Notoryctidae_Notoryctes_typhlops             0.0876869 0.0000000 0.1044658 0.1015460 0.1035028 0.1130533 0.0885915 0.0879357 0.1092331 0.1156764 0.0934820 0.1105813 0.1330432 0.0942029 0.1074565 0.1086834 0.1141582 0.1159884 0.0997108 0.1095692 0.1361035 0.1313176 0.1118507 0.1104343 0.1091247 0.1093049 0.0980805 0.1094048 0.1267814 0.1087972 0.0948695 0.1177592 0.1101931 0.1156726 0.1545324 
Vombatidae_Lasiorhinus_latifrons             0.0641158 0.1044658 0.0000000 0.0688649 0.0744320 0.0985243 0.0572347 0.0632564 0.0750846 0.0997773 0.0660928 0.0968418 0.1118044 0.0684340 0.0744592 0.0956670 0.0991242 0.1045878 0.0656509 0.0708472 0.1200732 0.1135868 0.1018953 0.0712607 0.0805272 0.0737882 0.0657482 0.0729291 0.0956574 0.0789253 0.0684769 0.1052846 0.0987425 0.1010873 0.1321486 
Potoroidae_Bettongia_penicillata             0.0561241 0.1015460 0.0688649 0.0000000 0.0042029 0.0961861 0.0536697 0.0582349 0.0141399 0.0981335 0.0611245 0.0934490 0.1060562 0.0632233 0.0699162 0.0949055 0.0920735 0.1009337 0.0154461 0.0712636 0.1183011 0.1093149 0.0944146 0.0418972 0.0862700 0.0678911 0.0198756 0.0711887 0.0844855 0.0725785 0.0661366 0.1062525 0.0953457 0.0972797 0.1294967 
Potoroidae_Bettongia_lesueur                 0.0615066 0.1035028 0.0744320 0.0042029 0.0000000 0.1001370 0.0560971 0.0616682 0.0186271 0.1010794 0.0647871 0.0984290 0.1115950 0.0667282 0.0735229 0.0988351 0.0968174 0.1039047 0.0191569 0.0744071 0.1214459 0.1118139 0.0985353 0.0460367 0.0907102 0.0713861 0.0236337 0.0756772 0.0893454 0.0762014 0.0696762 0.1098748 0.0992947 0.1002077 0.1352494 
Dasyuridae_Dasyurus_maculatus                0.0840736 0.1130533 0.0985243 0.0961861 0.1001370 0.0000000 0.0883178 0.0891197 0.1023758 0.1142807 0.0958441 0.0198811 0.0442956 0.0989950 0.1030392 0.0206777 0.0319994 0.1171165 0.0956142 0.1016531 0.1283331 0.1216713 0.0215030 0.1056881 0.0999781 0.1003339 0.0978970 0.1004160 0.1226531 0.1104250 0.1006551 0.1228015 0.0046122 0.1157492 0.0106820 
Phalangeridae_Trichosurus_vulpecula          0.0441071 0.0885915 0.0572347 0.0536697 0.0560971 0.0883178 0.0000000 0.0202629 0.0606743 0.0926461 0.0248710 0.0877042 0.0959965 0.0240540 0.0570836 0.0875930 0.0854322 0.0968364 0.0542643 0.0662714 0.1074198 0.0995508 0.0872058 0.0625651 0.0719439 0.0565125 0.0558902 0.0581404 0.0719714 0.0574691 0.0249009 0.0960083 0.0869704 0.0930169 0.1126671 
Phalangeridae_Spilocuscus_maculatus          0.0466001 0.0879357 0.0632564 0.0582349 0.0616682 0.0891197 0.0202629 0.0000000 0.0648808 0.0970206 0.0183721 0.0864409 0.0990382 0.0195129 0.0615913 0.0873558 0.0852824 0.0995575 0.0573881 0.0658697 0.1130708 0.1051911 0.0868686 0.0668859 0.0763851 0.0586612 0.0580947 0.0592109 0.0742618 0.0619764 0.0211688 0.0993143 0.0877672 0.0973898 0.1150925 
Potoroidae_Aepyprymnus_rufescens             0.0630034 0.1092331 0.0750846 0.0141399 0.0186271 0.1023758 0.0606743 0.0648808 0.0000000 0.1053377 0.0670561 0.0995762 0.1169217 0.0710028 0.0755193 0.1005205 0.0983163 0.1065351 0.0252071 0.0728217 0.1250749 0.1179203 0.1007024 0.0482755 0.0923286 0.0771386 0.0271980 0.0784490 0.0914666 0.0783180 0.0739980 0.1120659 0.1008625 0.1044361 0.1414915 
Peramelidae_Perameles_nasuta                 0.0977681 0.1156764 0.0997773 0.0981335 0.1010794 0.1142807 0.0926461 0.0970206 0.1053377 0.0000000 0.0993711 0.1113367 0.1320454 0.1045884 0.1055019 0.1106412 0.1132870 0.0187391 0.1001723 0.1139926 0.1329914 0.1243265 0.1087298 0.1089571 0.1020521 0.1051212 0.1023170 0.1055603 0.1258162 0.1119409 0.1063316 0.0181717 0.1117126 0.0011490 0.1514377 
Phalangeridae_Strigocuscus_pelengensis       0.0522912 0.0934820 0.0660928 0.0611245 0.0647871 0.0958441 0.0248710 0.0183721 0.0670561 0.0993711 0.0000000 0.0907637 0.1026679 0.0170162 0.0663442 0.0911883 0.0897660 0.1022455 0.0609329 0.0737352 0.1177670 0.1121398 0.0898904 0.0723032 0.0826548 0.0642270 0.0599698 0.0638019 0.0795895 0.0660952 0.0179152 0.1022333 0.0944068 0.0986781 0.1248733 
Dasyuridae_Phascogale_tapoatafa              0.0801440 0.1105813 0.0968418 0.0934490 0.0984290 0.0198811 0.0877042 0.0864409 0.0995762 0.1113367 0.0907637 0.0000000 0.0428534 0.0963128 0.0990983 0.0053875 0.0286942 0.1136098 0.0950973 0.1002037 0.1289495 0.1181648 0.0108832 0.1049535 0.0965927 0.0984861 0.0972866 0.0970245 0.1212996 0.1081944 0.0979608 0.1204515 0.0178371 0.1128002 0.0203803 
Dasyuridae_Sminthopsis_macroura              0.0971096 0.1330432 0.1118044 0.1060562 0.1115950 0.0442956 0.0959965 0.0990382 0.1169217 0.1320454 0.1026679 0.0428534 0.0000000 0.1079751 0.1165026 0.0427995 0.0409756 0.1330560 0.1070817 0.1353478 0.1421301 0.1337019 0.0351985 0.1253362 0.1147116 0.1142534 0.1106000 0.1149462 0.1343434 0.1254628 0.1091778 0.1382346 0.0429982 0.1341785 0.0301097 
Phalangeridae_Phalanger_orientalis           0.0538830 0.0942029 0.0684340 0.0632233 0.0667282 0.0989950 0.0240540 0.0195129 0.0710028 0.1045884 0.0170162 0.0963128 0.1079751 0.0000000 0.0665507 0.0972442 0.0939764 0.1076752 0.0615231 0.0737116 0.1177202 0.1124533 0.0967143 0.0725327 0.0830210 0.0670984 0.0631695 0.0666709 0.0824881 0.0640183 0.0069468 0.1062874 0.0976235 0.1038571 0.1303393 
Acrobatidae_Acrobates_pygmaeus               0.0618745 0.1074565 0.0744592 0.0699162 0.0735229 0.1030392 0.0570836 0.0615913 0.0755193 0.1055019 0.0663442 0.0990983 0.1165026 0.0665507 0.0000000 0.1000343 0.0994663 0.1086072 0.0722089 0.0611825 0.1212849 0.1111733 0.1032228 0.0787787 0.0905581 0.0582387 0.0706951 0.0618337 0.0795834 0.0399630 0.0670631 0.1117181 0.0999730 0.1047645 0.1348812 
Dasyuridae_Phascogale_calura                 0.0812238 0.1086834 0.0956670 0.0949055 0.0988351 0.0206777 0.0875930 0.0873558 0.1005205 0.1106412 0.0911883 0.0053875 0.0427995 0.0972442 0.1000343 0.0000000 0.0296226 0.1129119 0.0954850 0.0999798 0.1302490 0.1191453 0.0117112 0.1059081 0.0965384 0.0973513 0.0982274 0.0968618 0.1206963 0.1091398 0.0988948 0.1202963 0.0186626 0.1121027 0.0214277 
Dasyuridae_Planigale_tenuirostris            0.0826185 0.1141582 0.0991242 0.0920735 0.0968174 0.0319994 0.0854322 0.0852824 0.0983163 0.1132870 0.0897660 0.0286942 0.0409756 0.0939764 0.0994663 0.0296226 0.0000000 0.1148708 0.0944975 0.1043583 0.1287789 0.1169918 0.0290537 0.1050632 0.1017824 0.0993582 0.0977626 0.1024612 0.1216612 0.1077223 0.0957219 0.1198550 0.0297063 0.1150583 0.0346015 
Peramelidae_Echymipera_kalubu                0.1003343 0.1159884 0.1045878 0.1009337 0.1039047 0.1171165 0.0968364 0.0995575 0.1065351 0.0187391 0.1022455 0.1136098 0.1330560 0.1076752 0.1086072 0.1129119 0.1148708 0.0000000 0.1016368 0.1122368 0.1346637 0.1254679 0.1121054 0.1104840 0.1048774 0.1089996 0.1022066 0.1092273 0.1228554 0.1122972 0.1095129 0.0180669 0.1145482 0.0199488 0.1554744 
Macropodidae_Dorcopsulus_vanheurni           0.0561447 0.0997108 0.0656509 0.0154461 0.0191569 0.0956142 0.0542643 0.0573881 0.0252071 0.1001723 0.0609329 0.0950973 0.1070817 0.0615231 0.0722089 0.0954850 0.0944975 0.1016368 0.0000000 0.0697639 0.1195172 0.1109931 0.0962775 0.0391979 0.0843174 0.0704982 0.0134486 0.0719259 0.0879347 0.0744061 0.0644530 0.1063540 0.0947659 0.0992960 0.1287983 
Pseudochiridae_Pseudochirulus_forbesi        0.0640520 0.1095692 0.0708472 0.0712636 0.0744071 0.1016531 0.0662714 0.0658697 0.0728217 0.1139926 0.0737352 0.1002037 0.1353478 0.0737116 0.0611825 0.0999798 0.1043583 0.1122368 0.0697639 0.0000000 0.1261573 0.1154408 0.1034762 0.0805336 0.0896725 0.0226080 0.0694671 0.0171282 0.0672490 0.0540470 0.0761256 0.1181557 0.1026741 0.1135151 0.1309274 
Didelphidae_Didelphis_virginiana             0.1110232 0.1361035 0.1200732 0.1183011 0.1214459 0.1283331 0.1074198 0.1130708 0.1250749 0.1329914 0.1177670 0.1289495 0.1421301 0.1177202 0.1212849 0.1302490 0.1287789 0.1346637 0.1195172 0.1261573 0.0000000 0.0390923 0.1317295 0.1320831 0.1199817 0.1213802 0.1199022 0.1225621 0.1333061 0.1270492 0.1206812 0.1386227 0.1280447 0.1343103 0.1791302 
Marmosidae_Monodelphis_domestica             0.1034535 0.1313176 0.1135868 0.1093149 0.1118139 0.1216713 0.0995508 0.1051911 0.1179203 0.1243265 0.1121398 0.1181648 0.1337019 0.1124533 0.1111733 0.1191453 0.1169918 0.1254679 0.1109931 0.1154408 0.0390923 0.0000000 0.1215832 0.1217285 0.1102835 0.1132948 0.1149802 0.1155285 0.1304534 0.1167867 0.1148080 0.1295474 0.1190558 0.1246764 0.1604783 
Dasyuridae_Antechinus_stuartii               0.0823756 0.1118507 0.1018953 0.0944146 0.0985353 0.0215030 0.0872058 0.0868686 0.1007024 0.1087298 0.0898904 0.0108832 0.0351985 0.0967143 0.1032228 0.0117112 0.0290537 0.1121054 0.0962775 0.1034762 0.1317295 0.1215832 0.0000000 0.1089237 0.0970159 0.1002239 0.0992432 0.0991257 0.1185749 0.1104111 0.0978824 0.1197033 0.0189237 0.1107164 0.0220826 
Hypsiprymnodontidae_Hypsiprymnodon_moschatus 0.0638084 0.1104343 0.0712607 0.0418972 0.0460367 0.1056881 0.0625651 0.0668859 0.0482755 0.1089571 0.0723032 0.1049535 0.1253362 0.0725327 0.0787787 0.1059081 0.1050632 0.1104840 0.0391979 0.0805336 0.1320831 0.1217285 0.1089237 0.0000000 0.0929082 0.0785111 0.0417257 0.0809270 0.0984181 0.0831723 0.0741261 0.1154103 0.1047576 0.1093197 0.1450520 
Microbiotheriidae_Dromiciops_gliroides       0.0793225 0.1091247 0.0805272 0.0862700 0.0907102 0.0999781 0.0719439 0.0763851 0.0923286 0.1020521 0.0826548 0.0965927 0.1147116 0.0830210 0.0905581 0.0965384 0.1017824 0.1048774 0.0843174 0.0896725 0.1199817 0.1102835 0.0970159 0.0929082 0.0000000 0.0916733 0.0873709 0.0943416 0.1041457 0.0978843 0.0851389 0.1054929 0.0980431 0.1035419 0.1318024 
Pseudochiridae_Petauroides_volans            0.0598964 0.1093049 0.0737882 0.0678911 0.0713861 0.1003339 0.0565125 0.0586612 0.0771386 0.1051212 0.0642270 0.0984861 0.1142534 0.0670984 0.0582387 0.0973513 0.0993582 0.1089996 0.0704982 0.0226080 0.1213802 0.1132948 0.1002239 0.0785111 0.0916733 0.0000000 0.0718670 0.0298855 0.0688813 0.0617250 0.0661581 0.1095439 0.0988453 0.1054260 0.1335653 
Macropodidae_Wallabia_bicolor                0.0568567 0.0980805 0.0657482 0.0198756 0.0236337 0.0978970 0.0558902 0.0580947 0.0271980 0.1023170 0.0599698 0.0972866 0.1106000 0.0631695 0.0706951 0.0982274 0.0977626 0.1022066 0.0134486 0.0694671 0.1199022 0.1149802 0.0992432 0.0417257 0.0873709 0.0718670 0.0000000 0.0725979 0.0860555 0.0720487 0.0646460 0.1069566 0.0981505 0.1013632 0.1323648 
Pseudochiridae_Pseudocheirus_occidentalis    0.0608172 0.1094048 0.0729291 0.0711887 0.0756772 0.1004160 0.0581404 0.0592109 0.0784490 0.1055603 0.0638019 0.0970245 0.1149462 0.0666709 0.0618337 0.0968618 0.1024612 0.1092273 0.0719259 0.0171282 0.1225621 0.1155285 0.0991257 0.0809270 0.0943416 0.0298855 0.0725979 0.0000000 0.0702119 0.0653008 0.0662283 0.1123758 0.1001049 0.1059324 0.1351217 
Tarsipedidae_Tarsipes_rostratus              0.0766300 0.1267814 0.0956574 0.0844855 0.0893454 0.1226531 0.0719714 0.0742618 0.0914666 0.1258162 0.0795895 0.1212996 0.1343434 0.0824881 0.0795834 0.1206963 0.1216612 0.1228554 0.0879347 0.0672490 0.1333061 0.1304534 0.1185749 0.0984181 0.1041457 0.0688813 0.0860555 0.0702119 0.0000000 0.0780505 0.0820293 0.1285908 0.1227996 0.1261640 0.1654798 
Acrobatidae_Distoechurus_pennatus            0.0655170 0.1087972 0.0789253 0.0725785 0.0762014 0.1104250 0.0574691 0.0619764 0.0783180 0.1119409 0.0660952 0.1081944 0.1254628 0.0640183 0.0399630 0.1091398 0.1077223 0.1122972 0.0744061 0.0540470 0.1270492 0.1167867 0.1104111 0.0831723 0.0978843 0.0617250 0.0720487 0.0653008 0.0780505 0.0000000 0.0674465 0.1148493 0.1084061 0.1128975 0.1493794 
Phalangeridae_Phalanger_carmelitae           0.0557976 0.0948695 0.0684769 0.0661366 0.0696762 0.1006551 0.0249009 0.0211688 0.0739980 0.1063316 0.0179152 0.0979608 0.1091778 0.0069468 0.0670631 0.0988948 0.0957219 0.1095129 0.0644530 0.0761256 0.1206812 0.1148080 0.0978824 0.0741261 0.0851389 0.0661581 0.0646460 0.0662283 0.0820293 0.0674465 0.0000000 0.1072882 0.0992805 0.1055937 0.1328999 
Peramelidae_Peroryctes_raffrayana            0.1009446 0.1177592 0.1052846 0.1062525 0.1098748 0.1228015 0.0960083 0.0993143 0.1120659 0.0181717 0.1022333 0.1204515 0.1382346 0.1062874 0.1117181 0.1202963 0.1198550 0.0180669 0.1063540 0.1181557 0.1386227 0.1295474 0.1197033 0.1154103 0.1054929 0.1095439 0.1069566 0.1123758 0.1285908 0.1148493 0.1072882 0.0000000 0.1201680 0.0194086 0.1654702 
Dasyuridae_Dasyurus_geffroii                 0.0825414 0.1101931 0.0987425 0.0953457 0.0992947 0.0046122 0.0869704 0.0877672 0.1008625 0.1117126 0.0944068 0.0178371 0.0429982 0.0976235 0.0999730 0.0186626 0.0297063 0.1145482 0.0947659 0.1026741 0.1280447 0.1190558 0.0189237 0.1047576 0.0980431 0.0988453 0.0981505 0.1001049 0.1227996 0.1084061 0.0992805 0.1201680 0.0000000 0.1131804 0.0075798 
Peramelidae_Perameles_gunnii                 0.0986962 0.1156726 0.1010873 0.0972797 0.1002077 0.1157492 0.0930169 0.0973898 0.1044361 0.0011490 0.0986781 0.1128002 0.1341785 0.1038571 0.1047645 0.1121027 0.1150583 0.0199488 0.0992960 0.1135151 0.1343103 0.1246764 0.1107164 0.1093197 0.1035419 0.1054260 0.1013632 0.1059324 0.1261640 0.1128975 0.1055937 0.0194086 0.1131804 0.0000000 0.1548086 
Dasyuridae_Sarcophilus_harrisii              0.1072320 0.1545324 0.1321486 0.1294967 0.1352494 0.0106820 0.1126671 0.1150925 0.1414915 0.1514377 0.1248733 0.0203803 0.0301097 0.1303393 0.1348812 0.0214277 0.0346015 0.1554744 0.1287983 0.1309274 0.1791302 0.1604783 0.0220826 0.1450520 0.1318024 0.1335653 0.1323648 0.1351217 0.1654798 0.1493794 0.1328999 0.1654702 0.0075798 0.1548086 0.0000000 
