35
Burramyidae_Burramys_parvus                  0.0000000 0.0596102 0.0554398 0.0455886 0.0454159 0.0509369 0.0319696 0.0344812 0.0515629 0.0668149 0.0413374 0.0540550 0.0558245 0.0324753 0.0332145 0.0567917 0.0491098 0.0568926 0.0602260 0.0465707 0.0493847 0.0696667 0.0727453 0.0498645 0.0371826 0.0462752 0.0364914 0.0378875 0.0450674 0.0590709 0.0403459 0.0325912 0.0643304 0.0586941 0.0668487 
Notoryctidae_Notoryctes_typhlops             0.0596102 0.0000000 0.0641504 0.0639866 0.0651290 0.0670620 0.0557135 0.0582333 0.0734244 0.0687702 0.0683382 0.0676106 0.0733329 0.0571673 0.0481061 0.0693520 0.0635372 0.0670190 0.0630990 0.0670693 0.0768863 0.0716871 0.0775286 0.0621793 0.0591698 0.0516344 0.0638851 0.0585172 0.0754238 0.0763593 0.0616672 0.0553740 0.0702564 0.0740813 0.0682093 
Vombatidae_Lasiorhinus_latifrons             0.0554398 0.0641504 0.0000000 0.0582423 0.0592858 0.0658180 0.0459476 0.0463518 0.0608331 0.0748989 0.0510668 0.0694469 0.0699889 0.0453442 0.0415425 0.0732303 0.0636521 0.0689034 0.0661502 0.0553603 0.0638847 0.0840183 0.0829086 0.0641397 0.0525010 0.0516207 0.0564687 0.0548689 0.0605174 0.0702374 0.0522522 0.0454911 0.0748224 0.0893409 0.0742865 
Potoroidae_Bettongia_penicillata             0.0455886 0.0639866 0.0582423 0.0000000 0.0023729 0.0617049 0.0419980 0.0430383 0.0065631 0.0787214 0.0522020 0.0641754 0.0689501 0.0432827 0.0411211 0.0677695 0.0600171 0.0682778 0.0670490 0.0146655 0.0594870 0.0804231 0.0854260 0.0601893 0.0252424 0.0508380 0.0484486 0.0168069 0.0574280 0.0691963 0.0490271 0.0427183 0.0713926 0.0668695 0.0787863 
Potoroidae_Bettongia_lesueur                 0.0454159 0.0651290 0.0592858 0.0023729 0.0000000 0.0621909 0.0421840 0.0432231 0.0073230 0.0787759 0.0520137 0.0646807 0.0685797 0.0434656 0.0413112 0.0682844 0.0606129 0.0680273 0.0671530 0.0153251 0.0592065 0.0827021 0.0858968 0.0606778 0.0246227 0.0517477 0.0486353 0.0170050 0.0571480 0.0692924 0.0491929 0.0429028 0.0714813 0.0667744 0.0788400 
Dasyuridae_Dasyurus_maculatus                0.0509369 0.0670620 0.0658180 0.0617049 0.0621909 0.0000000 0.0451161 0.0473677 0.0688022 0.0703098 0.0551740 0.0067954 0.0134594 0.0464993 0.0455650 0.0074075 0.0025453 0.0128381 0.0590368 0.0604113 0.0606956 0.0789239 0.0767094 0.0056144 0.0492246 0.0406552 0.0484616 0.0522624 0.0598115 0.0669513 0.0562966 0.0462830 0.0639227 0.0024702 0.0700452 
Phalangeridae_Trichosurus_vulpecula          0.0319696 0.0557135 0.0459476 0.0419980 0.0421840 0.0451161 0.0000000 0.0073276 0.0467765 0.0598879 0.0130631 0.0489931 0.0512011 0.0071109 0.0281200 0.0518623 0.0444191 0.0495090 0.0509742 0.0400313 0.0480992 0.0683039 0.0688933 0.0444699 0.0315962 0.0411015 0.0349889 0.0350488 0.0454904 0.0565076 0.0349871 0.0067442 0.0528950 0.0510435 0.0609413 
Phalangeridae_Spilocuscus_maculatus          0.0344812 0.0582333 0.0463518 0.0430383 0.0432231 0.0473677 0.0073276 0.0000000 0.0471651 0.0624516 0.0098624 0.0515439 0.0516211 0.0035971 0.0305131 0.0552289 0.0466567 0.0519756 0.0529916 0.0411567 0.0506340 0.0706016 0.0701508 0.0463626 0.0315344 0.0425035 0.0368262 0.0337634 0.0455613 0.0579861 0.0375980 0.0039675 0.0539826 0.0546803 0.0634788 
Potoroidae_Aepyprymnus_rufescens             0.0515629 0.0734244 0.0608331 0.0065631 0.0073230 0.0688022 0.0467765 0.0471651 0.0000000 0.0852532 0.0565875 0.0725613 0.0762309 0.0474301 0.0474563 0.0756944 0.0680065 0.0740127 0.0743396 0.0178911 0.0648389 0.0879846 0.0926828 0.0680356 0.0294832 0.0591288 0.0539240 0.0211381 0.0633887 0.0765867 0.0555831 0.0472304 0.0794810 0.0752994 0.0852598 
Peramelidae_Perameles_nasuta                 0.0668149 0.0687702 0.0748989 0.0787214 0.0787759 0.0703098 0.0598879 0.0624516 0.0852532 0.0000000 0.0707763 0.0747641 0.0780995 0.0605565 0.0602897 0.0765658 0.0686381 0.0771437 0.0127048 0.0735544 0.0825226 0.0931080 0.0943746 0.0697364 0.0668165 0.0617869 0.0693008 0.0653917 0.0805134 0.0857951 0.0705826 0.0607438 0.0177690 0.0815242 0.0010104 
Phalangeridae_Strigocuscus_pelengensis       0.0413374 0.0683382 0.0510668 0.0522020 0.0520137 0.0551740 0.0130631 0.0098624 0.0565875 0.0707763 0.0000000 0.0593049 0.0585589 0.0092161 0.0364246 0.0630743 0.0547877 0.0609328 0.0620077 0.0511373 0.0553335 0.0792905 0.0788768 0.0547750 0.0403718 0.0494197 0.0422997 0.0434080 0.0501918 0.0683642 0.0451044 0.0090392 0.0636094 0.0618776 0.0717783 
Dasyuridae_Phascogale_tapoatafa              0.0540550 0.0676106 0.0694469 0.0641754 0.0646807 0.0067954 0.0489931 0.0515439 0.0725613 0.0747641 0.0593049 0.0000000 0.0132060 0.0508891 0.0463352 0.0016957 0.0065894 0.0118182 0.0619981 0.0645159 0.0655234 0.0790023 0.0756670 0.0036642 0.0523398 0.0443757 0.0541501 0.0572431 0.0651512 0.0703163 0.0562362 0.0498924 0.0672983 0.0098788 0.0742238 
Dasyuridae_Sminthopsis_macroura              0.0558245 0.0733329 0.0699889 0.0689501 0.0685797 0.0134594 0.0512011 0.0516211 0.0762309 0.0780995 0.0585589 0.0132060 0.0000000 0.0507163 0.0497266 0.0142770 0.0132307 0.0131091 0.0667023 0.0656103 0.0672001 0.0840506 0.0797958 0.0116671 0.0549701 0.0450388 0.0550364 0.0585444 0.0650870 0.0726737 0.0619406 0.0504999 0.0674444 0.0188254 0.0772841 
Phalangeridae_Phalanger_orientalis           0.0324753 0.0571673 0.0453442 0.0432827 0.0434656 0.0464993 0.0071109 0.0035971 0.0474301 0.0605565 0.0092161 0.0508891 0.0507163 0.0000000 0.0288820 0.0536684 0.0457941 0.0511677 0.0523540 0.0421854 0.0475492 0.0670663 0.0666058 0.0455329 0.0318071 0.0399927 0.0331588 0.0340214 0.0416691 0.0546837 0.0358417 0.0013318 0.0524597 0.0539375 0.0611837 
Acrobatidae_Acrobates_pygmaeus               0.0332145 0.0481061 0.0415425 0.0411211 0.0413112 0.0455650 0.0281200 0.0305131 0.0474563 0.0602897 0.0364246 0.0463352 0.0497266 0.0288820 0.0000000 0.0491500 0.0434364 0.0487148 0.0498775 0.0400049 0.0353311 0.0612493 0.0618398 0.0428435 0.0310956 0.0366602 0.0243142 0.0342027 0.0342363 0.0451327 0.0170704 0.0296027 0.0547946 0.0496156 0.0606608 
Dasyuridae_Phascogale_calura                 0.0567917 0.0693520 0.0732303 0.0677695 0.0682844 0.0074075 0.0518623 0.0552289 0.0756944 0.0765658 0.0630743 0.0016957 0.0142770 0.0536684 0.0491500 0.0000000 0.0071875 0.0125881 0.0629249 0.0676077 0.0679463 0.0801069 0.0761373 0.0044835 0.0555686 0.0461731 0.0577036 0.0594480 0.0690652 0.0749181 0.0576557 0.0534506 0.0688204 0.0099509 0.0761773 
Dasyuridae_Sarcophilus_harrisii              0.0491098 0.0635372 0.0636521 0.0600171 0.0606129 0.0025453 0.0444191 0.0466567 0.0680065 0.0686381 0.0547877 0.0065894 0.0132307 0.0457941 0.0434364 0.0071875 0.0000000 0.0123875 0.0570831 0.0596288 0.0585506 0.0766654 0.0750028 0.0056133 0.0477978 0.0385579 0.0484751 0.0515372 0.0575673 0.0660545 0.0540323 0.0455777 0.0606160 0.0024703 0.0688034 
Dasyuridae_Planigale_tenuirostris            0.0568926 0.0670190 0.0689034 0.0682778 0.0680273 0.0128381 0.0495090 0.0519756 0.0740127 0.0771437 0.0609328 0.0118182 0.0131091 0.0511677 0.0487148 0.0125881 0.0123875 0.0000000 0.0647562 0.0644951 0.0679877 0.0789710 0.0748836 0.0112159 0.0535829 0.0442998 0.0545905 0.0574443 0.0667355 0.0697421 0.0584258 0.0505632 0.0661261 0.0186439 0.0753384 
Peramelidae_Echymipera_kalubu                0.0602260 0.0630990 0.0661502 0.0670490 0.0671530 0.0590368 0.0509742 0.0529916 0.0743396 0.0127048 0.0620077 0.0619981 0.0667023 0.0523540 0.0498775 0.0629249 0.0570831 0.0647562 0.0000000 0.0648313 0.0742617 0.0840034 0.0852990 0.0587758 0.0578558 0.0506747 0.0589965 0.0550138 0.0718784 0.0782025 0.0599740 0.0524994 0.0090276 0.0585272 0.0129695 
Macropodidae_Dorcopsulus_vanheurni           0.0465707 0.0670693 0.0553603 0.0146655 0.0153251 0.0604113 0.0400313 0.0411567 0.0178911 0.0735544 0.0511373 0.0645159 0.0656103 0.0421854 0.0400049 0.0676077 0.0596288 0.0644951 0.0648313 0.0000000 0.0519028 0.0815786 0.0842994 0.0593064 0.0278078 0.0538928 0.0451588 0.0119856 0.0543018 0.0692553 0.0507989 0.0419708 0.0682279 0.0668599 0.0727254 
Pseudochiridae_Pseudochirulus_forbesi        0.0493847 0.0768863 0.0638847 0.0594870 0.0592065 0.0606956 0.0480992 0.0506340 0.0648389 0.0825226 0.0553335 0.0655234 0.0672001 0.0475492 0.0353311 0.0679463 0.0585506 0.0679877 0.0742617 0.0519028 0.0000000 0.0836050 0.0793744 0.0587066 0.0448488 0.0548318 0.0296814 0.0469877 0.0203345 0.0546468 0.0484563 0.0469467 0.0790803 0.0696943 0.0819506 
Didelphidae_Didelphis_virginiana             0.0696667 0.0716871 0.0840183 0.0804231 0.0827021 0.0789239 0.0683039 0.0706016 0.0879846 0.0931080 0.0792905 0.0790023 0.0840506 0.0670663 0.0612493 0.0801069 0.0766654 0.0789710 0.0840034 0.0815786 0.0836050 0.0000000 0.0197392 0.0745591 0.0709764 0.0622124 0.0710996 0.0715733 0.0814389 0.0780503 0.0718893 0.0676925 0.0890373 0.0956468 0.0906958 
Marmosidae_Monodelphis_domestica             0.0727453 0.0775286 0.0829086 0.0854260 0.0858968 0.0767094 0.0688933 0.0701508 0.0926828 0.0943746 0.0788768 0.0756670 0.0797958 0.0666058 0.0618398 0.0761373 0.0750028 0.0748836 0.0852990 0.0842994 0.0793744 0.0197392 0.0000000 0.0724785 0.0728729 0.0625010 0.0674579 0.0754187 0.0815136 0.0792351 0.0725285 0.0680972 0.0911843 0.0927256 0.0928556 
Dasyuridae_Antechinus_stuartii               0.0498645 0.0621793 0.0641397 0.0601893 0.0606778 0.0056144 0.0444699 0.0463626 0.0680356 0.0697364 0.0547750 0.0036642 0.0116671 0.0455329 0.0428435 0.0044835 0.0056133 0.0112159 0.0587758 0.0593064 0.0587066 0.0745591 0.0724785 0.0000000 0.0468293 0.0388908 0.0482323 0.0516265 0.0573494 0.0649956 0.0533221 0.0446164 0.0628003 0.0077700 0.0697535 
Hypsiprymnodontidae_Hypsiprymnodon_moschatus 0.0371826 0.0591698 0.0525010 0.0252424 0.0246227 0.0492246 0.0315962 0.0315344 0.0294832 0.0668165 0.0403718 0.0523398 0.0549701 0.0318071 0.0310956 0.0555686 0.0477978 0.0535829 0.0578558 0.0278078 0.0448488 0.0709764 0.0728729 0.0468293 0.0000000 0.0413064 0.0347814 0.0204139 0.0443365 0.0555047 0.0395383 0.0322031 0.0603414 0.0577430 0.0669820 
Microbiotheriidae_Dromiciops_gliroides       0.0462752 0.0516344 0.0516207 0.0508380 0.0517477 0.0406552 0.0411015 0.0425035 0.0591288 0.0617869 0.0494197 0.0443757 0.0450388 0.0399927 0.0366602 0.0461731 0.0385579 0.0442998 0.0506747 0.0538928 0.0548318 0.0622124 0.0625010 0.0388908 0.0413064 0.0000000 0.0446890 0.0461403 0.0529102 0.0628355 0.0466506 0.0415053 0.0533104 0.0466639 0.0616618 
Pseudochiridae_Petauroides_volans            0.0364914 0.0638851 0.0564687 0.0484486 0.0486353 0.0484616 0.0349889 0.0368262 0.0539240 0.0693008 0.0422997 0.0541501 0.0550364 0.0331588 0.0243142 0.0577036 0.0484751 0.0545905 0.0589965 0.0451588 0.0296814 0.0710996 0.0674579 0.0482323 0.0347814 0.0446890 0.0000000 0.0370026 0.0298400 0.0367459 0.0332890 0.0332830 0.0637611 0.0597177 0.0693421 
Macropodidae_Wallabia_bicolor                0.0378875 0.0585172 0.0548689 0.0168069 0.0170050 0.0522624 0.0350488 0.0337634 0.0211381 0.0653917 0.0434080 0.0572431 0.0585444 0.0340214 0.0342027 0.0594480 0.0515372 0.0574443 0.0550138 0.0119856 0.0469877 0.0715733 0.0754187 0.0516265 0.0204139 0.0461403 0.0370026 0.0000000 0.0459842 0.0602470 0.0425684 0.0338171 0.0597323 0.0532191 0.0652514 
Pseudochiridae_Pseudocheirus_occidentalis    0.0450674 0.0754238 0.0605174 0.0574280 0.0571480 0.0598115 0.0454904 0.0455613 0.0633887 0.0805134 0.0501918 0.0651512 0.0650870 0.0416691 0.0342363 0.0690652 0.0575673 0.0667355 0.0718784 0.0543018 0.0203345 0.0814389 0.0815136 0.0573494 0.0443365 0.0529102 0.0298400 0.0459842 0.0000000 0.0543699 0.0455562 0.0422473 0.0781461 0.0750602 0.0815488 
Tarsipedidae_Tarsipes_rostratus              0.0590709 0.0763593 0.0702374 0.0691963 0.0692924 0.0669513 0.0565076 0.0579861 0.0765867 0.0857951 0.0683642 0.0703163 0.0726737 0.0546837 0.0451327 0.0749181 0.0660545 0.0697421 0.0782025 0.0692553 0.0546468 0.0780503 0.0792351 0.0649956 0.0555047 0.0628355 0.0367459 0.0602470 0.0543699 0.0000000 0.0570799 0.0545638 0.0818593 0.0784366 0.0861256 
Acrobatidae_Distoechurus_pennatus            0.0403459 0.0616672 0.0522522 0.0490271 0.0491929 0.0562966 0.0349871 0.0375980 0.0555831 0.0705826 0.0451044 0.0562362 0.0619406 0.0358417 0.0170704 0.0576557 0.0540323 0.0584258 0.0599740 0.0507989 0.0484563 0.0718893 0.0725285 0.0533221 0.0395383 0.0466506 0.0332890 0.0425684 0.0455562 0.0570799 0.0000000 0.0366464 0.0653261 0.0538948 0.0711354 
Phalangeridae_Phalanger_carmelitae           0.0325912 0.0553740 0.0454911 0.0427183 0.0429028 0.0462830 0.0067442 0.0039675 0.0472304 0.0607438 0.0090392 0.0498924 0.0504999 0.0013318 0.0296027 0.0534506 0.0455777 0.0505632 0.0524994 0.0419708 0.0469467 0.0676925 0.0680972 0.0446164 0.0322031 0.0415053 0.0332830 0.0338171 0.0422473 0.0545638 0.0366464 0.0000000 0.0533890 0.0539027 0.0613709 
Peramelidae_Peroryctes_raffrayana            0.0643304 0.0702564 0.0748224 0.0713926 0.0714813 0.0639227 0.0528950 0.0539826 0.0794810 0.0177690 0.0636094 0.0672983 0.0674444 0.0524597 0.0547946 0.0688204 0.0606160 0.0661261 0.0090276 0.0682279 0.0790803 0.0890373 0.0911843 0.0628003 0.0603414 0.0533104 0.0637611 0.0597323 0.0781461 0.0818593 0.0653261 0.0533890 0.0000000 0.0687776 0.0172809 
Dasyuridae_Dasyurus_geffroii                 0.0586941 0.0740813 0.0893409 0.0668695 0.0667744 0.0024702 0.0510435 0.0546803 0.0752994 0.0815242 0.0618776 0.0098788 0.0188254 0.0539375 0.0496156 0.0099509 0.0024703 0.0186439 0.0585272 0.0668599 0.0696943 0.0956468 0.0927256 0.0077700 0.0577430 0.0466639 0.0597177 0.0532191 0.0750602 0.0784366 0.0538948 0.0539027 0.0687776 0.0000000 0.0806815 
Peramelidae_Perameles_gunnii                 0.0668487 0.0682093 0.0742865 0.0787863 0.0788400 0.0700452 0.0609413 0.0634788 0.0852598 0.0010104 0.0717783 0.0742238 0.0772841 0.0611837 0.0606608 0.0761773 0.0688034 0.0753384 0.0129695 0.0727254 0.0819506 0.0906958 0.0928556 0.0697535 0.0669820 0.0616618 0.0693421 0.0652514 0.0815488 0.0861256 0.0711354 0.0613709 0.0172809 0.0806815 0.0000000 
