35
Burramyidae_Burramys_parvus                  0.0000000 0.1074775 0.0425095 0.0459061 0.0459525 0.0824587 0.0309603 0.0397964 0.0461995 0.0399994 0.0807100 0.0937772 0.0415271 0.0538877 0.0846105 0.0766688 0.1045158 0.0442689 0.0867691 0.2138255 0.1345708 0.0806411 0.0513473 0.0851288 0.0598173 0.0522005 0.0618569 0.1167299 0.0565647 0.0419137 0.0839806 0.1167757 0.1058641 0.0522196 0.0873484 
Notoryctidae_Notoryctes_typhlops             0.1074775 0.0000000 0.0993430 0.1127288 0.1147323 0.1278981 0.0902259 0.0970798 0.1115507 0.1036638 0.1184470 0.1360409 0.1023588 0.1286636 0.1339053 0.1166096 0.1555173 0.1160870 0.1598427 0.3187515 0.2161800 0.1183485 0.1133522 0.1219787 0.1214594 0.1322137 0.1176671 0.1867979 0.1303844 0.1054491 0.1296210 0.1711436 0.1652162 0.0844980 0.1360389 
Vombatidae_Lasiorhinus_latifrons             0.0425095 0.0993430 0.0000000 0.0458904 0.0463916 0.0771337 0.0426001 0.0475278 0.0440371 0.0466568 0.0705341 0.0879399 0.0477504 0.0493903 0.0794043 0.0730791 0.1001405 0.0488183 0.0822515 0.2078463 0.1266221 0.0729554 0.0539545 0.0662555 0.0546044 0.0580835 0.0575159 0.1050924 0.0501703 0.0502709 0.0762986 0.1156535 0.1110134 0.0483783 0.0841106 
Potoroidae_Bettongia_penicillata             0.0459061 0.1127288 0.0458904 0.0000000 0.0019217 0.0955668 0.0478496 0.0574048 0.0048545 0.0565335 0.0902325 0.1053753 0.0575521 0.0567027 0.0992013 0.0894193 0.1085086 0.0124878 0.0762414 0.2380779 0.1498395 0.0871048 0.0249045 0.0790924 0.0551519 0.0157824 0.0565883 0.0986894 0.0563198 0.0588814 0.0955563 0.1229208 0.1205304 0.0639853 0.0965898 
Potoroidae_Bettongia_lesueur                 0.0459525 0.1147323 0.0463916 0.0019217 0.0000000 0.0958612 0.0484294 0.0575145 0.0062068 0.0572796 0.0912341 0.1048610 0.0583113 0.0578221 0.0995119 0.0904982 0.1088656 0.0134012 0.0782850 0.2384691 0.1530542 0.0880435 0.0246244 0.0799065 0.0572548 0.0167925 0.0587296 0.1010746 0.0573935 0.0596584 0.0958506 0.1231883 0.1221991 0.0641830 0.0969690 
Dasyuridae_Dasyurus_maculatus                0.0824587 0.1278981 0.0771337 0.0955668 0.0958612 0.0000000 0.0828757 0.0948203 0.0989628 0.0915700 0.0145653 0.0276626 0.0897202 0.0993717 0.0048719 0.0220837 0.1345274 0.0995783 0.1345130 0.2740264 0.1733280 0.0144058 0.1037036 0.1149770 0.1148935 0.1146583 0.1010927 0.1676219 0.1036790 0.0985196 0.0019230 0.1504623 0.1333905 0.0110588 0.1087998 
Phalangeridae_Trichosurus_vulpecula          0.0309603 0.0902259 0.0426001 0.0478496 0.0484294 0.0828757 0.0000000 0.0147982 0.0446838 0.0168237 0.0863308 0.0929919 0.0165283 0.0542828 0.0832290 0.0810648 0.0922553 0.0483520 0.0805364 0.2588169 0.1411006 0.0863244 0.0518352 0.0820880 0.0568444 0.0609546 0.0508369 0.1148632 0.0521938 0.0176331 0.0844360 0.0932540 0.0799417 0.0443392 0.0794281 
Phalangeridae_Spilocuscus_maculatus          0.0397964 0.0970798 0.0475278 0.0574048 0.0575145 0.0948203 0.0147982 0.0000000 0.0562097 0.0065473 0.0946310 0.1018264 0.0060761 0.0667755 0.0961972 0.0903929 0.1078592 0.0580266 0.1029174 0.2775900 0.1479488 0.0928548 0.0653353 0.0865001 0.0705489 0.0720326 0.0659819 0.1234643 0.0645855 0.0062993 0.0964873 0.1080468 0.0950607 0.0513288 0.0915917 
Potoroidae_Aepyprymnus_rufescens             0.0461995 0.1115507 0.0440371 0.0048545 0.0062068 0.0989628 0.0446838 0.0562097 0.0000000 0.0560060 0.0920860 0.1057656 0.0576770 0.0557889 0.1011156 0.0937142 0.1114928 0.0138249 0.0781480 0.2320980 0.1469153 0.0903512 0.0263039 0.0812687 0.0583089 0.0177739 0.0556468 0.1019242 0.0544281 0.0582678 0.0989522 0.1281344 0.1294613 0.0651599 0.1022642 
Phalangeridae_Strigocuscus_pelengensis       0.0399994 0.1036638 0.0466568 0.0565335 0.0572796 0.0915700 0.0168237 0.0065473 0.0560060 0.0000000 0.0911962 0.1004429 0.0056457 0.0656141 0.0966009 0.0906010 0.1132674 0.0566787 0.1024954 0.2965222 0.1501196 0.0919215 0.0658350 0.0868075 0.0688884 0.0699610 0.0652970 0.1229539 0.0638277 0.0063228 0.0932192 0.1099061 0.0974499 0.0509206 0.0927507 
Dasyuridae_Phascogale_tapoatafa              0.0807100 0.1184470 0.0705341 0.0902325 0.0912341 0.0145653 0.0863308 0.0946310 0.0920860 0.0911962 0.0000000 0.0253970 0.0922621 0.0908548 0.0157469 0.0215681 0.1302045 0.0928149 0.1302674 0.2631812 0.1750492 0.0054788 0.0972383 0.1076859 0.1099359 0.1093773 0.0973397 0.1637839 0.0953247 0.1011745 0.0136426 0.1471471 0.1321384 0.0015025 0.1085892 
Dasyuridae_Sminthopsis_macroura              0.0937772 0.1360409 0.0879399 0.1053753 0.1048610 0.0276626 0.0929919 0.1018264 0.1057656 0.1004429 0.0253970 0.0000000 0.0986806 0.1164001 0.0289070 0.0205874 0.1497129 0.1129272 0.1515114 0.2895699 0.1944021 0.0246673 0.1122789 0.1204892 0.1281555 0.1247070 0.1161776 0.1788908 0.1174814 0.1057357 0.0273782 0.1654380 0.1580886 0.0228404 0.1359425 
Phalangeridae_Phalanger_orientalis           0.0415271 0.1023588 0.0477504 0.0575521 0.0583113 0.0897202 0.0165283 0.0060761 0.0576770 0.0056457 0.0922621 0.0986806 0.0000000 0.0660539 0.0946926 0.0880490 0.1151729 0.0594991 0.1103307 0.2914739 0.1548272 0.0913448 0.0691758 0.0835615 0.0722636 0.0738257 0.0703350 0.1257478 0.0675611 0.0034552 0.0913564 0.1117754 0.0932255 0.0486442 0.0925142 
Acrobatidae_Acrobates_pygmaeus               0.0538877 0.1286636 0.0493903 0.0567027 0.0578221 0.0993717 0.0542828 0.0667755 0.0557889 0.0656141 0.0908548 0.1164001 0.0660539 0.0000000 0.1002613 0.0987061 0.1097699 0.0572769 0.0821456 0.2438269 0.1520407 0.0902629 0.0619332 0.0877851 0.0536100 0.0701747 0.0533802 0.0936108 0.0276998 0.0667811 0.0988856 0.1347148 0.1147745 0.0578052 0.0899036 
Dasyuridae_Sarcophilus_harrisii              0.0846105 0.1339053 0.0794043 0.0992013 0.0995119 0.0048719 0.0832290 0.0961972 0.1011156 0.0966009 0.0157469 0.0289070 0.0946926 0.1002613 0.0000000 0.0224049 0.1358274 0.1024830 0.1365248 0.2696881 0.1775915 0.0155889 0.1068600 0.1175473 0.1154706 0.1186291 0.1036810 0.1752961 0.1053707 0.0999550 0.0043012 0.1589453 0.1370805 0.0110522 0.1099321 
Dasyuridae_Planigale_tenuirostris            0.0766688 0.1166096 0.0730791 0.0894193 0.0904982 0.0220837 0.0810648 0.0903929 0.0937142 0.0906010 0.0215681 0.0205874 0.0880490 0.0987061 0.0224049 0.0000000 0.1202482 0.0966468 0.1282160 0.2748018 0.1714394 0.0201915 0.0969809 0.1136878 0.1074096 0.1103555 0.0934689 0.1634554 0.1014677 0.0955717 0.0203791 0.1302087 0.1082393 0.0173339 0.0943491 
Peramelidae_Echymipera_kalubu                0.1045158 0.1555173 0.1001405 0.1085086 0.1088656 0.1345274 0.0922553 0.1078592 0.1114928 0.1132674 0.1302045 0.1497129 0.1151729 0.1097699 0.1358274 0.1202482 0.0000000 0.1073579 0.1404662 0.2486288 0.1884921 0.1259625 0.1134454 0.1264772 0.1206331 0.1183749 0.1152237 0.1806081 0.1178479 0.1161261 0.1332512 0.0131956 0.0131979 0.1077974 0.0091688 
Macropodidae_Dorcopsulus_vanheurni           0.0442689 0.1160870 0.0488183 0.0124878 0.0134012 0.0995783 0.0483520 0.0580266 0.0138249 0.0566787 0.0928149 0.1129272 0.0594991 0.0572769 0.1024830 0.0966468 0.1073579 0.0000000 0.0776537 0.2377587 0.1518864 0.0937823 0.0276093 0.0841164 0.0566235 0.0119896 0.0585545 0.1010617 0.0542622 0.0602692 0.0995676 0.1209463 0.1159059 0.0628151 0.0943792 
Pseudochiridae_Pseudochirulus_forbesi        0.0867691 0.1598427 0.0822515 0.0762414 0.0782850 0.1345130 0.0805364 0.1029174 0.0781480 0.1024954 0.1302674 0.1515114 0.1103307 0.0821456 0.1365248 0.1282160 0.1404662 0.0776537 0.0000000 0.2412840 0.2015154 0.1295976 0.0853212 0.1309834 0.0371701 0.0861046 0.0186200 0.1038660 0.0793889 0.1106910 0.1361997 0.1586150 0.1526701 0.1067593 0.1221535 
Didelphidae_Didelphis_virginiana             0.2138255 0.3187515 0.2078463 0.2380779 0.2384691 0.2740264 0.2588169 0.2775900 0.2320980 0.2965222 0.2631812 0.2895699 0.2914739 0.2438269 0.2696881 0.2748018 0.2486288 0.2377587 0.2412840 0.0000000 0.0805036 0.2548016 0.2552467 0.2159633 0.2330729 0.2321519 0.2404617 0.2734779 0.2301813 0.2990260 0.2707288 0.2845173 0.2683377 0.2298176 0.2275949 
Marmosidae_Monodelphis_domestica             0.1345708 0.2161800 0.1266221 0.1498395 0.1530542 0.1733280 0.1411006 0.1479488 0.1469153 0.1501196 0.1750492 0.1944021 0.1548272 0.1520407 0.1775915 0.1714394 0.1884921 0.1518864 0.2015154 0.0805036 0.0000000 0.1686149 0.1560328 0.1431579 0.1636540 0.1682683 0.1617273 0.2222971 0.1523839 0.1571590 0.1731904 0.2145074 0.1862979 0.1235820 0.1597525 
Dasyuridae_Antechinus_stuartii               0.0806411 0.1183485 0.0729554 0.0871048 0.0880435 0.0144058 0.0863244 0.0928548 0.0903512 0.0919215 0.0054788 0.0246673 0.0913448 0.0902629 0.0155889 0.0201915 0.1259625 0.0937823 0.1295976 0.2548016 0.1686149 0.0000000 0.0970361 0.1118978 0.1097716 0.1067026 0.0980642 0.1677026 0.0991283 0.1004413 0.0130246 0.1455408 0.1300873 0.0038755 0.1053249 
Hypsiprymnodontidae_Hypsiprymnodon_moschatus 0.0513473 0.1133522 0.0539545 0.0249045 0.0246244 0.1037036 0.0518352 0.0653353 0.0263039 0.0658350 0.0972383 0.1122789 0.0691758 0.0619332 0.1068600 0.0969809 0.1134454 0.0276093 0.0853212 0.2552467 0.1560328 0.0970361 0.0000000 0.0887670 0.0618267 0.0354916 0.0599223 0.1079136 0.0611912 0.0693227 0.1052247 0.1285888 0.1299944 0.0696936 0.1034351 
Microbiotheriidae_Dromiciops_gliroides       0.0851288 0.1219787 0.0662555 0.0790924 0.0799065 0.1149770 0.0820880 0.0865001 0.0812687 0.0868075 0.1076859 0.1204892 0.0835615 0.0877851 0.1175473 0.1136878 0.1264772 0.0841164 0.1309834 0.2159633 0.1431579 0.1118978 0.0887670 0.0000000 0.0987248 0.0936803 0.0987121 0.1452987 0.1002669 0.0858969 0.1144564 0.1430053 0.1347077 0.0903731 0.1167488 
Pseudochiridae_Petauroides_volans            0.0598173 0.1214594 0.0546044 0.0551519 0.0572548 0.1148935 0.0568444 0.0705489 0.0583089 0.0688884 0.1099359 0.1281555 0.0722636 0.0536100 0.1154706 0.1074096 0.1206331 0.0566235 0.0371701 0.2330729 0.1636540 0.1097716 0.0618267 0.0987248 0.0000000 0.0655800 0.0241680 0.0819841 0.0497751 0.0737553 0.1156940 0.1347377 0.1188216 0.0783718 0.0987565 
Macropodidae_Wallabia_bicolor                0.0522005 0.1322137 0.0580835 0.0157824 0.0167925 0.1146583 0.0609546 0.0720326 0.0177739 0.0699610 0.1093773 0.1247070 0.0738257 0.0701747 0.1186291 0.1103555 0.1183749 0.0119896 0.0861046 0.2321519 0.1682683 0.1067026 0.0354916 0.0936803 0.0655800 0.0000000 0.0695572 0.1168971 0.0692666 0.0756008 0.1146466 0.1304264 0.1340855 0.0827815 0.1119354 
Pseudochiridae_Pseudocheirus_occidentalis    0.0618569 0.1176671 0.0575159 0.0565883 0.0587296 0.1010927 0.0508369 0.0659819 0.0556468 0.0652970 0.0973397 0.1161776 0.0703350 0.0533802 0.1036810 0.0934689 0.1152237 0.0585545 0.0186200 0.2404617 0.1617273 0.0980642 0.0599223 0.0987121 0.0241680 0.0695572 0.0000000 0.0816304 0.0538346 0.0722764 0.1025789 0.1328762 0.1223261 0.0706137 0.0944410 
Tarsipedidae_Tarsipes_rostratus              0.1167299 0.1867979 0.1050924 0.0986894 0.1010746 0.1676219 0.1148632 0.1234643 0.1019242 0.1229539 0.1637839 0.1788908 0.1257478 0.0936108 0.1752961 0.1634554 0.1806081 0.1010617 0.1038660 0.2734779 0.2222971 0.1677026 0.1079136 0.1452987 0.0819841 0.1168971 0.0816304 0.0000000 0.0931978 0.1268698 0.1708957 0.1942824 0.1859571 0.1368401 0.1556570 
Acrobatidae_Distoechurus_pennatus            0.0565647 0.1303844 0.0501703 0.0563198 0.0573935 0.1036790 0.0521938 0.0645855 0.0544281 0.0638277 0.0953247 0.1174814 0.0675611 0.0276998 0.1053707 0.1014677 0.1178479 0.0542622 0.0793889 0.2301813 0.1523839 0.0991283 0.0611912 0.1002669 0.0497751 0.0692666 0.0538346 0.0931978 0.0000000 0.0675389 0.1062292 0.1369937 0.1206183 0.0650824 0.0939851 
Phalangeridae_Phalanger_carmelitae           0.0419137 0.1054491 0.0502709 0.0588814 0.0596584 0.0985196 0.0176331 0.0062993 0.0582678 0.0063228 0.1011745 0.1057357 0.0034552 0.0667811 0.0999550 0.0955717 0.1161261 0.0602692 0.1106910 0.2990260 0.1571590 0.1004413 0.0693227 0.0858969 0.0737553 0.0756008 0.0722764 0.1268698 0.0675389 0.0000000 0.0992722 0.1139389 0.0990317 0.0528412 0.0925806 
Dasyuridae_Dasyurus_geffroii                 0.0839806 0.1296210 0.0762986 0.0955563 0.0958506 0.0019230 0.0844360 0.0964873 0.0989522 0.0932192 0.0136426 0.0273782 0.0913564 0.0988856 0.0043012 0.0203791 0.1332512 0.0995676 0.1361997 0.2707288 0.1731904 0.0130246 0.1052247 0.1144564 0.1156940 0.1146466 0.1025789 0.1708957 0.1062292 0.0992722 0.0000000 0.1520513 0.1352844 0.0101214 0.1083198 
Peramelidae_Perameles_gunnii                 0.1167757 0.1711436 0.1156535 0.1229208 0.1231883 0.1504623 0.0932540 0.1080468 0.1281344 0.1099061 0.1471471 0.1654380 0.1117754 0.1347148 0.1589453 0.1302087 0.0131956 0.1209463 0.1586150 0.2845173 0.2145074 0.1455408 0.1285888 0.1430053 0.1347377 0.1304264 0.1328762 0.1942824 0.1369937 0.1139389 0.1520513 0.0000000 0.0007409 0.1258777 0.0144876 
Peramelidae_Perameles_nasuta                 0.1058641 0.1652162 0.1110134 0.1205304 0.1221991 0.1333905 0.0799417 0.0950607 0.1294613 0.0974499 0.1321384 0.1580886 0.0932255 0.1147745 0.1370805 0.1082393 0.0131979 0.1159059 0.1526701 0.2683377 0.1862979 0.1300873 0.1299944 0.1347077 0.1188216 0.1340855 0.1223261 0.1859571 0.1206183 0.0990317 0.1352844 0.0007409 0.0000000 0.1278052 0.0149931 
Dasyuridae_Phascogale_calura                 0.0522196 0.0844980 0.0483783 0.0639853 0.0641830 0.0110588 0.0443392 0.0513288 0.0651599 0.0509206 0.0015025 0.0228404 0.0486442 0.0578052 0.0110522 0.0173339 0.1077974 0.0628151 0.1067593 0.2298176 0.1235820 0.0038755 0.0696936 0.0903731 0.0783718 0.0827815 0.0706137 0.1368401 0.0650824 0.0528412 0.0101214 0.1258777 0.1278052 0.0000000 0.1047459 
Peramelidae_Peroryctes_raffrayana            0.0873484 0.1360389 0.0841106 0.0965898 0.0969690 0.1087998 0.0794281 0.0915917 0.1022642 0.0927507 0.1085892 0.1359425 0.0925142 0.0899036 0.1099321 0.0943491 0.0091688 0.0943792 0.1221535 0.2275949 0.1597525 0.1053249 0.1034351 0.1167488 0.0987565 0.1119354 0.0944410 0.1556570 0.0939851 0.0925806 0.1083198 0.0144876 0.0149931 0.1047459 0.0000000 
