35
Burramyidae_Burramys_parvus                  0.0000000 0.0487759 0.0387942 0.0380888 0.0367691 0.0542685 0.0309165 0.0337222 0.0427181 0.0460014 0.0337999 0.0603046 0.0598351 0.0328166 0.0367862 0.0599813 0.0578701 0.0515033 0.0479828 0.0389712 0.0386002 0.0603292 0.0612304 0.0592312 0.0350546 0.0437305 0.0402995 0.0372465 0.0391703 0.0485193 0.0504812 0.0325559 0.0452665 0.0591113 0.0480779 
Notoryctidae_Notoryctes_typhlops             0.0487759 0.0000000 0.0461878 0.0499706 0.0494705 0.0514767 0.0438863 0.0469076 0.0546036 0.0435974 0.0455552 0.0560715 0.0577055 0.0457730 0.0466193 0.0555597 0.0549747 0.0538693 0.0462398 0.0512925 0.0510583 0.0577899 0.0560460 0.0567434 0.0439372 0.0429386 0.0495325 0.0525350 0.0497648 0.0588337 0.0481381 0.0448036 0.0431658 0.0569869 0.0453530 
Vombatidae_Lasiorhinus_latifrons             0.0387942 0.0461878 0.0000000 0.0378000 0.0373596 0.0496852 0.0318384 0.0334364 0.0433273 0.0406468 0.0336906 0.0541537 0.0518947 0.0354228 0.0353591 0.0533188 0.0513622 0.0490162 0.0433897 0.0394092 0.0383678 0.0548395 0.0528560 0.0536068 0.0342901 0.0387887 0.0369072 0.0398478 0.0342417 0.0481091 0.0524741 0.0339144 0.0391841 0.0529281 0.0420802 
Potoroidae_Bettongia_penicillata             0.0380888 0.0499706 0.0378000 0.0000000 0.0019036 0.0545616 0.0304008 0.0325838 0.0158304 0.0407046 0.0337293 0.0601052 0.0598975 0.0342385 0.0337217 0.0585397 0.0594124 0.0534475 0.0447360 0.0153700 0.0354638 0.0571020 0.0570918 0.0594985 0.0174959 0.0389262 0.0343577 0.0198354 0.0310874 0.0488486 0.0362969 0.0331546 0.0399482 0.0608768 0.0426639 
Potoroidae_Bettongia_lesueur                 0.0367691 0.0494705 0.0373596 0.0019036 0.0000000 0.0530894 0.0291985 0.0311537 0.0133646 0.0407494 0.0324381 0.0578620 0.0579406 0.0317258 0.0350511 0.0570430 0.0575014 0.0520153 0.0441337 0.0138229 0.0369528 0.0582126 0.0580917 0.0568183 0.0182210 0.0405412 0.0354449 0.0178768 0.0328856 0.0499726 0.0357864 0.0314509 0.0405659 0.0587208 0.0423972 
Dasyuridae_Dasyurus_maculatus                0.0542685 0.0514767 0.0496852 0.0545616 0.0530894 0.0000000 0.0429297 0.0448302 0.0601348 0.0543241 0.0458012 0.0128662 0.0128520 0.0456467 0.0477737 0.0124833 0.0027927 0.0134401 0.0518703 0.0552316 0.0563120 0.0600456 0.0587672 0.0119367 0.0463179 0.0437980 0.0556092 0.0556844 0.0544735 0.0550073 0.0383911 0.0435315 0.0515844 0.0027746 0.0551386 
Phalangeridae_Trichosurus_vulpecula          0.0309165 0.0438863 0.0318384 0.0304008 0.0291985 0.0429297 0.0000000 0.0104365 0.0348924 0.0369936 0.0107978 0.0458422 0.0463397 0.0103546 0.0319878 0.0446561 0.0463553 0.0426899 0.0386637 0.0305833 0.0332823 0.0527042 0.0516194 0.0455626 0.0254382 0.0321586 0.0320421 0.0320889 0.0313199 0.0423532 0.0320667 0.0094797 0.0365317 0.0470774 0.0386788 
Phalangeridae_Spilocuscus_maculatus          0.0337222 0.0469076 0.0334364 0.0325838 0.0311537 0.0448302 0.0104365 0.0000000 0.0374445 0.0412182 0.0077597 0.0505208 0.0472330 0.0077045 0.0337183 0.0502277 0.0493664 0.0461129 0.0419635 0.0330089 0.0376694 0.0530295 0.0534960 0.0497543 0.0272585 0.0356676 0.0362179 0.0345512 0.0340084 0.0446801 0.0391533 0.0061772 0.0393433 0.0500671 0.0428991 
Potoroidae_Aepyprymnus_rufescens             0.0427181 0.0546036 0.0433273 0.0158304 0.0133646 0.0601348 0.0348924 0.0374445 0.0000000 0.0463383 0.0381402 0.0637884 0.0638822 0.0379855 0.0397888 0.0623694 0.0637165 0.0584972 0.0494586 0.0201814 0.0414439 0.0645173 0.0651027 0.0624375 0.0255773 0.0451969 0.0408787 0.0142354 0.0389083 0.0559684 0.0476431 0.0377002 0.0461869 0.0649710 0.0483428 
Peramelidae_Perameles_nasuta                 0.0460014 0.0435974 0.0406468 0.0407046 0.0407494 0.0543241 0.0369936 0.0412182 0.0463383 0.0000000 0.0396036 0.0559569 0.0533030 0.0403550 0.0412951 0.0548642 0.0554979 0.0522215 0.0071497 0.0429097 0.0460014 0.0543908 0.0540723 0.0542813 0.0396931 0.0386305 0.0439511 0.0428806 0.0439615 0.0566770 0.0374563 0.0396596 0.0064738 0.0574273 0.0009703 
Phalangeridae_Strigocuscus_pelengensis       0.0337999 0.0455552 0.0336906 0.0337293 0.0324381 0.0458012 0.0107978 0.0077597 0.0381402 0.0396036 0.0000000 0.0498459 0.0467987 0.0058595 0.0335596 0.0493266 0.0494674 0.0445393 0.0402213 0.0331616 0.0353425 0.0522574 0.0500539 0.0499661 0.0274239 0.0347087 0.0344630 0.0341453 0.0332582 0.0438190 0.0332542 0.0046908 0.0371741 0.0501700 0.0397904 
Dasyuridae_Phascogale_tapoatafa              0.0603046 0.0560715 0.0541537 0.0601052 0.0578620 0.0128662 0.0458422 0.0505208 0.0637884 0.0559569 0.0498459 0.0000000 0.0155776 0.0500322 0.0525854 0.0023801 0.0126332 0.0135628 0.0530870 0.0589652 0.0594018 0.0630679 0.0612760 0.0064743 0.0481350 0.0487145 0.0584026 0.0609132 0.0547674 0.0583452 0.0502547 0.0489793 0.0525469 0.0136273 0.0568723 
Dasyuridae_Sminthopsis_macroura              0.0598351 0.0577055 0.0518947 0.0598975 0.0579406 0.0128520 0.0463397 0.0472330 0.0638822 0.0533030 0.0467987 0.0155776 0.0000000 0.0489151 0.0500097 0.0146843 0.0133199 0.0120792 0.0532422 0.0584958 0.0597551 0.0628034 0.0632332 0.0168875 0.0466158 0.0482888 0.0562255 0.0596584 0.0543014 0.0579408 0.0498236 0.0474033 0.0517337 0.0146711 0.0552453 
Phalangeridae_Phalanger_orientalis           0.0328166 0.0457730 0.0354228 0.0342385 0.0317258 0.0456467 0.0103546 0.0077045 0.0379855 0.0403550 0.0058595 0.0500322 0.0489151 0.0000000 0.0349102 0.0495053 0.0501369 0.0463081 0.0415717 0.0338080 0.0362178 0.0542351 0.0530899 0.0494904 0.0274295 0.0368402 0.0358605 0.0348962 0.0342158 0.0447685 0.0375158 0.0014221 0.0390402 0.0508343 0.0415970 
Acrobatidae_Acrobates_pygmaeus               0.0367862 0.0466193 0.0353591 0.0337217 0.0350511 0.0477737 0.0319878 0.0337183 0.0397888 0.0412951 0.0335596 0.0525854 0.0500097 0.0349102 0.0000000 0.0518232 0.0507756 0.0476799 0.0422337 0.0378967 0.0334703 0.0556632 0.0552834 0.0525220 0.0340864 0.0384621 0.0304753 0.0370713 0.0310589 0.0432581 0.0217065 0.0331660 0.0411144 0.0517105 0.0420799 
Dasyuridae_Phascogale_calura                 0.0599813 0.0555597 0.0533188 0.0585397 0.0570430 0.0124833 0.0446561 0.0502277 0.0623694 0.0548642 0.0493266 0.0023801 0.0146843 0.0495053 0.0518232 0.0000000 0.0117572 0.0124385 0.0523488 0.0581299 0.0586034 0.0630462 0.0610174 0.0053152 0.0483143 0.0487085 0.0570982 0.0600171 0.0549867 0.0588335 0.0495249 0.0484693 0.0522623 0.0127485 0.0555860 
Dasyuridae_Sarcophilus_harrisii              0.0578701 0.0549747 0.0513622 0.0594124 0.0575014 0.0027927 0.0463553 0.0493664 0.0637165 0.0554979 0.0494674 0.0126332 0.0133199 0.0501369 0.0507756 0.0117572 0.0000000 0.0126907 0.0537588 0.0596255 0.0585784 0.0629148 0.0610486 0.0133762 0.0489712 0.0495316 0.0570624 0.0600315 0.0542935 0.0582824 0.0452736 0.0486019 0.0526913 0.0035206 0.0570554 
Dasyuridae_Planigale_tenuirostris            0.0515033 0.0538693 0.0490162 0.0534475 0.0520153 0.0134401 0.0426899 0.0461129 0.0584972 0.0522215 0.0445393 0.0135628 0.0120792 0.0463081 0.0476799 0.0124385 0.0126907 0.0000000 0.0512382 0.0550511 0.0510881 0.0603331 0.0604077 0.0152475 0.0450611 0.0471846 0.0513605 0.0540503 0.0494821 0.0543380 0.0511430 0.0450491 0.0508164 0.0143116 0.0525529 
Peramelidae_Echymipera_kalubu                0.0479828 0.0462398 0.0433897 0.0447360 0.0441337 0.0518703 0.0386637 0.0419635 0.0494586 0.0071497 0.0402213 0.0530870 0.0532422 0.0415717 0.0422337 0.0523488 0.0537588 0.0512382 0.0000000 0.0461731 0.0468040 0.0536302 0.0537123 0.0525388 0.0406060 0.0390589 0.0457782 0.0455148 0.0444630 0.0577618 0.0383030 0.0410422 0.0049022 0.0554595 0.0077971 
Macropodidae_Dorcopsulus_vanheurni           0.0389712 0.0512925 0.0394092 0.0153700 0.0138229 0.0552316 0.0305833 0.0330089 0.0201814 0.0429097 0.0331616 0.0589652 0.0584958 0.0338080 0.0378967 0.0581299 0.0596255 0.0550511 0.0461731 0.0000000 0.0400750 0.0597796 0.0592725 0.0588433 0.0184818 0.0396283 0.0376630 0.0147557 0.0355206 0.0510294 0.0468306 0.0326938 0.0425313 0.0600987 0.0445748 
Pseudochiridae_Pseudochirulus_forbesi        0.0386002 0.0510583 0.0383678 0.0354638 0.0369528 0.0563120 0.0332823 0.0376694 0.0414439 0.0460014 0.0353425 0.0594018 0.0597551 0.0362178 0.0334703 0.0586034 0.0585784 0.0510881 0.0468040 0.0400750 0.0000000 0.0576425 0.0601054 0.0599484 0.0355413 0.0411381 0.0219664 0.0380577 0.0136153 0.0427955 0.0382492 0.0363906 0.0442758 0.0598280 0.0475679 
Didelphidae_Didelphis_virginiana             0.0603292 0.0577899 0.0548395 0.0571020 0.0582126 0.0600456 0.0527042 0.0530295 0.0645173 0.0543908 0.0522574 0.0630679 0.0628034 0.0542351 0.0556632 0.0630462 0.0629148 0.0603331 0.0536302 0.0597796 0.0576425 0.0000000 0.0191403 0.0651938 0.0526741 0.0522730 0.0586646 0.0578140 0.0526277 0.0694729 0.0617844 0.0531211 0.0519000 0.0657926 0.0540469 
Marmosidae_Monodelphis_domestica             0.0612304 0.0560460 0.0528560 0.0570918 0.0580917 0.0587672 0.0516194 0.0534960 0.0651027 0.0540723 0.0500539 0.0612760 0.0632332 0.0530899 0.0552834 0.0610174 0.0610486 0.0604077 0.0537123 0.0592725 0.0601054 0.0191403 0.0000000 0.0625776 0.0527726 0.0510787 0.0578975 0.0604011 0.0550584 0.0677171 0.0572325 0.0517668 0.0510825 0.0649057 0.0544608 
Dasyuridae_Antechinus_stuartii               0.0592312 0.0567434 0.0536068 0.0594985 0.0568183 0.0119367 0.0455626 0.0497543 0.0624375 0.0542813 0.0499661 0.0064743 0.0168875 0.0494904 0.0525220 0.0053152 0.0133762 0.0152475 0.0525388 0.0588433 0.0599484 0.0651938 0.0625776 0.0000000 0.0477110 0.0483778 0.0573183 0.0610787 0.0547346 0.0586361 0.0555485 0.0482341 0.0521042 0.0140222 0.0558319 
Hypsiprymnodontidae_Hypsiprymnodon_moschatus 0.0350546 0.0439372 0.0342901 0.0174959 0.0182210 0.0463179 0.0254382 0.0272585 0.0255773 0.0396931 0.0274239 0.0481350 0.0466158 0.0274295 0.0340864 0.0483143 0.0489712 0.0450611 0.0406060 0.0184818 0.0355413 0.0526741 0.0527726 0.0477110 0.0000000 0.0358917 0.0343276 0.0216392 0.0349737 0.0462156 0.0262074 0.0258591 0.0400934 0.0488988 0.0406444 
Microbiotheriidae_Dromiciops_gliroides       0.0437305 0.0429386 0.0387887 0.0389262 0.0405412 0.0437980 0.0321586 0.0356676 0.0451969 0.0386305 0.0347087 0.0487145 0.0482888 0.0368402 0.0384621 0.0487085 0.0495316 0.0471846 0.0390589 0.0396283 0.0411381 0.0522730 0.0510787 0.0483778 0.0358917 0.0000000 0.0396176 0.0406322 0.0386753 0.0479148 0.0369116 0.0352804 0.0381764 0.0500035 0.0392786 
Pseudochiridae_Petauroides_volans            0.0402995 0.0495325 0.0369072 0.0343577 0.0354449 0.0556092 0.0320421 0.0362179 0.0408787 0.0439511 0.0344630 0.0584026 0.0562255 0.0358605 0.0304753 0.0570982 0.0570624 0.0513605 0.0457782 0.0376630 0.0219664 0.0586646 0.0578975 0.0573183 0.0343276 0.0396176 0.0000000 0.0372792 0.0201469 0.0395319 0.0344279 0.0347354 0.0440956 0.0577734 0.0451405 
Macropodidae_Wallabia_bicolor                0.0372465 0.0525350 0.0398478 0.0198354 0.0178768 0.0556844 0.0320889 0.0345512 0.0142354 0.0428806 0.0341453 0.0609132 0.0596584 0.0348962 0.0370713 0.0600171 0.0600315 0.0540503 0.0455148 0.0147557 0.0380577 0.0578140 0.0604011 0.0610787 0.0216392 0.0406322 0.0372792 0.0000000 0.0366519 0.0514331 0.0477071 0.0335989 0.0416730 0.0610329 0.0441821 
Pseudochiridae_Pseudocheirus_occidentalis    0.0391703 0.0497648 0.0342417 0.0310874 0.0328856 0.0544735 0.0313199 0.0340084 0.0389083 0.0439615 0.0332582 0.0547674 0.0543014 0.0342158 0.0310589 0.0549867 0.0542935 0.0494821 0.0444630 0.0355206 0.0136153 0.0526277 0.0550584 0.0547346 0.0349737 0.0386753 0.0201469 0.0366519 0.0000000 0.0394479 0.0337334 0.0332647 0.0428573 0.0565198 0.0447667 
Tarsipedidae_Tarsipes_rostratus              0.0485193 0.0588337 0.0481091 0.0488486 0.0499726 0.0550073 0.0423532 0.0446801 0.0559684 0.0566770 0.0438190 0.0583452 0.0579408 0.0447685 0.0432581 0.0588335 0.0582824 0.0543380 0.0577618 0.0510294 0.0427955 0.0694729 0.0677171 0.0586361 0.0462156 0.0479148 0.0395319 0.0514331 0.0394479 0.0000000 0.0364323 0.0439491 0.0557606 0.0592464 0.0573402 
Acrobatidae_Distoechurus_pennatus            0.0504812 0.0481381 0.0524741 0.0362969 0.0357864 0.0383911 0.0320667 0.0391533 0.0476431 0.0374563 0.0332542 0.0502547 0.0498236 0.0375158 0.0217065 0.0495249 0.0452736 0.0511430 0.0383030 0.0468306 0.0382492 0.0617844 0.0572325 0.0555485 0.0262074 0.0369116 0.0344279 0.0477071 0.0337334 0.0364323 0.0000000 0.0373739 0.0356126 0.0452339 0.0397335 
Phalangeridae_Phalanger_carmelitae           0.0325559 0.0448036 0.0339144 0.0331546 0.0314509 0.0435315 0.0094797 0.0061772 0.0377002 0.0396596 0.0046908 0.0489793 0.0474033 0.0014221 0.0331660 0.0484693 0.0486019 0.0450491 0.0410422 0.0326938 0.0363906 0.0531211 0.0517668 0.0482341 0.0258591 0.0352804 0.0347354 0.0335989 0.0332647 0.0439491 0.0373739 0.0000000 0.0381046 0.0492960 0.0410671 
Peramelidae_Peroryctes_raffrayana            0.0452665 0.0431658 0.0391841 0.0399482 0.0405659 0.0515844 0.0365317 0.0393433 0.0461869 0.0064738 0.0371741 0.0525469 0.0517337 0.0390402 0.0411144 0.0522623 0.0526913 0.0508164 0.0049022 0.0425313 0.0442758 0.0519000 0.0510825 0.0521042 0.0400934 0.0381764 0.0440956 0.0416730 0.0428573 0.0557606 0.0356126 0.0381046 0.0000000 0.0548771 0.0071780 
Dasyuridae_Dasyurus_geffroii                 0.0591113 0.0569869 0.0529281 0.0608768 0.0587208 0.0027746 0.0470774 0.0500671 0.0649710 0.0574273 0.0501700 0.0136273 0.0146711 0.0508343 0.0517105 0.0127485 0.0035206 0.0143116 0.0554595 0.0600987 0.0598280 0.0657926 0.0649057 0.0140222 0.0488988 0.0500035 0.0577734 0.0610329 0.0565198 0.0592464 0.0452339 0.0492960 0.0548771 0.0000000 0.0585437 
Peramelidae_Perameles_gunnii                 0.0480779 0.0453530 0.0420802 0.0426639 0.0423972 0.0551386 0.0386788 0.0428991 0.0483428 0.0009703 0.0397904 0.0568723 0.0552453 0.0415970 0.0420799 0.0555860 0.0570554 0.0525529 0.0077971 0.0445748 0.0475679 0.0540469 0.0544608 0.0558319 0.0406444 0.0392786 0.0451405 0.0441821 0.0447667 0.0573402 0.0397335 0.0410671 0.0071780 0.0585437 0.0000000 
