35
Burramyidae_Burramys_parvus                  0.0000000 0.0904761 0.0665354 0.0584260 0.0600699 0.0922002 0.0512651 0.0530995 0.0609900 0.0859849 0.0553806 0.0923462 0.0997556 0.0519107 0.0547578 0.0919997 0.0886042 0.0870133 0.1028056 0.0804510 0.0561246 0.0951539 0.1056342 0.0917653 0.0590939 0.0779944 0.0586977 0.0758744 0.0543090 0.0834175 0.0607746 0.0504145 0.0839486 0.0908249 0.0845850 
Notoryctidae_Notoryctes_typhlops             0.0904761 0.0000000 0.0888653 0.0944269 0.0950125 0.1067323 0.0897383 0.0951294 0.0892341 0.1053353 0.0975621 0.1071423 0.1143652 0.0928407 0.0894024 0.1060780 0.1054262 0.1002350 0.1171290 0.1094661 0.0939801 0.1091930 0.1220134 0.1077991 0.0934689 0.0988353 0.0919518 0.1066686 0.0914139 0.1119438 0.0949038 0.0914327 0.1003394 0.1041644 0.1045623 
Vombatidae_Lasiorhinus_latifrons             0.0665354 0.0888653 0.0000000 0.0688405 0.0706054 0.0970705 0.0641657 0.0663146 0.0674459 0.0925784 0.0657383 0.0989274 0.1094797 0.0653772 0.0639698 0.0994634 0.0966113 0.0904823 0.1123654 0.0861665 0.0660712 0.0959477 0.1083944 0.0941398 0.0693169 0.0880037 0.0662512 0.0844544 0.0647433 0.0853207 0.0703294 0.0631924 0.0898467 0.0958604 0.0914945 
Potoroidae_Bettongia_penicillata             0.0584260 0.0944269 0.0688405 0.0000000 0.0079820 0.0978067 0.0583609 0.0623931 0.0132165 0.0963691 0.0604813 0.0965743 0.1053963 0.0615507 0.0582746 0.0971183 0.0952316 0.0881792 0.1158982 0.0368512 0.0544491 0.0945443 0.1038051 0.0970417 0.0360808 0.0877106 0.0587702 0.0354260 0.0554260 0.0831075 0.0674234 0.0593619 0.0921885 0.0954587 0.0943198 
Potoroidae_Bettongia_lesueur                 0.0600699 0.0950125 0.0706054 0.0079820 0.0000000 0.0996531 0.0617290 0.0647424 0.0154406 0.1002431 0.0629563 0.0970390 0.1064788 0.0638959 0.0578452 0.0975815 0.0980434 0.0880974 0.1178703 0.0392395 0.0570385 0.0989709 0.1092696 0.0969132 0.0376271 0.0933962 0.0614233 0.0370761 0.0558759 0.0862413 0.0678373 0.0616601 0.0924691 0.0972923 0.0980485 
Dasyuridae_Dasyurus_maculatus                0.0922002 0.1067323 0.0970705 0.0978067 0.0996531 0.0000000 0.0915971 0.0956809 0.0987611 0.1042247 0.0941728 0.0255118 0.0378315 0.0909535 0.0861006 0.0265910 0.0108873 0.0290317 0.1250997 0.1196943 0.0877830 0.1132683 0.1236550 0.0264598 0.0953951 0.1018538 0.0945372 0.1158621 0.0876673 0.1132451 0.0966203 0.0887347 0.1054609 0.0057507 0.1053288 
Phalangeridae_Trichosurus_vulpecula          0.0512651 0.0897383 0.0641657 0.0583609 0.0617290 0.0915971 0.0000000 0.0287411 0.0583848 0.0875236 0.0304497 0.0916393 0.1029369 0.0267399 0.0593828 0.0921928 0.0903471 0.0834925 0.1043057 0.0771933 0.0536450 0.0960805 0.1054961 0.0905087 0.0595973 0.0821236 0.0544714 0.0745626 0.0549922 0.0790333 0.0666026 0.0248864 0.0854203 0.0902139 0.0878937 
Phalangeridae_Spilocuscus_maculatus          0.0530995 0.0951294 0.0663146 0.0623931 0.0647424 0.0956809 0.0287411 0.0000000 0.0608976 0.0925219 0.0138630 0.0970984 0.1076607 0.0110425 0.0613133 0.0971833 0.0939333 0.0867712 0.1115103 0.0805094 0.0564128 0.0981536 0.1092144 0.0946210 0.0625544 0.0833282 0.0562792 0.0747281 0.0568150 0.0840546 0.0682570 0.0155799 0.0903425 0.0933431 0.0928406 
Potoroidae_Aepyprymnus_rufescens             0.0609900 0.0892341 0.0674459 0.0132165 0.0154406 0.0987611 0.0583848 0.0608976 0.0000000 0.0979122 0.0591075 0.0978866 0.1073639 0.0596277 0.0564521 0.0993413 0.0960858 0.0894417 0.1152600 0.0374542 0.0528989 0.0965012 0.1063487 0.0972408 0.0375697 0.0878259 0.0595852 0.0366221 0.0526504 0.0830586 0.0655441 0.0579008 0.0927165 0.0964039 0.0961771 
Peramelidae_Perameles_nasuta                 0.0859849 0.1053353 0.0925784 0.0963691 0.1002431 0.1042247 0.0875236 0.0925219 0.0979122 0.0000000 0.0876346 0.1067990 0.1131902 0.0910443 0.0934930 0.1066936 0.1020018 0.0980529 0.0418162 0.1201917 0.0881305 0.1112499 0.1185440 0.1058771 0.0949193 0.0978942 0.0952185 0.1165840 0.0887359 0.1167694 0.1003187 0.0870277 0.0221077 0.1017780 0.0025391 
Phalangeridae_Strigocuscus_pelengensis       0.0553806 0.0975621 0.0657383 0.0604813 0.0629563 0.0941728 0.0304497 0.0138630 0.0591075 0.0876346 0.0000000 0.0953780 0.1035841 0.0142670 0.0601101 0.0949974 0.0915342 0.0888994 0.1077082 0.0807563 0.0549682 0.0962886 0.1060557 0.0952821 0.0612637 0.0818210 0.0568542 0.0759458 0.0563036 0.0843312 0.0682428 0.0179062 0.0866200 0.0916922 0.0871712 
Dasyuridae_Phascogale_tapoatafa              0.0923462 0.1071423 0.0989274 0.0965743 0.0970390 0.0255118 0.0916393 0.0970984 0.0978866 0.1067990 0.0953780 0.0000000 0.0404851 0.0928188 0.0850383 0.0057423 0.0262153 0.0305520 0.1273863 0.1203354 0.0882169 0.1150459 0.1252686 0.0170662 0.0967005 0.0986451 0.0937135 0.1169194 0.0863334 0.1145892 0.0973295 0.0905136 0.1067689 0.0250510 0.1073364 
Dasyuridae_Sminthopsis_macroura              0.0997556 0.1143652 0.1094797 0.1053963 0.1064788 0.0378315 0.1029369 0.1076607 0.1073639 0.1131902 0.1035841 0.0404851 0.0000000 0.1034031 0.0941555 0.0407651 0.0381757 0.0366640 0.1345400 0.1314454 0.0929555 0.1237018 0.1346481 0.0413386 0.1051247 0.1089951 0.1017573 0.1273598 0.0945829 0.1264351 0.1059647 0.1024512 0.1145582 0.0381840 0.1125702 
Phalangeridae_Phalanger_orientalis           0.0519107 0.0928407 0.0653772 0.0615507 0.0638959 0.0909535 0.0267399 0.0110425 0.0596277 0.0910443 0.0142670 0.0928188 0.1034031 0.0000000 0.0573827 0.0929194 0.0887142 0.0847450 0.1082439 0.0782364 0.0546409 0.0973173 0.1079637 0.0916838 0.0621397 0.0828176 0.0549470 0.0746197 0.0545989 0.0830063 0.0669518 0.0076545 0.0879578 0.0895569 0.0909404 
Acrobatidae_Acrobates_pygmaeus               0.0547578 0.0894024 0.0639698 0.0582746 0.0578452 0.0861006 0.0593828 0.0613133 0.0564521 0.0934930 0.0601101 0.0850383 0.0941555 0.0573827 0.0000000 0.0856150 0.0830203 0.0779661 0.1073070 0.0772463 0.0500767 0.0931651 0.1002932 0.0863318 0.0570340 0.0840615 0.0507280 0.0709002 0.0473853 0.0707547 0.0344269 0.0566528 0.0880326 0.0844013 0.0901533 
Dasyuridae_Phascogale_calura                 0.0919997 0.1060780 0.0994634 0.0971183 0.0975815 0.0265910 0.0921928 0.0971833 0.0993413 0.1066936 0.0949974 0.0057423 0.0407651 0.0929194 0.0856150 0.0000000 0.0265283 0.0304461 0.1266781 0.1202442 0.0896753 0.1155607 0.1222271 0.0181798 0.0962694 0.0983691 0.0943666 0.1154062 0.0878404 0.1131783 0.0974126 0.0901727 0.1066924 0.0253662 0.1072315 
Dasyuridae_Sarcophilus_harrisii              0.0886042 0.1054262 0.0966113 0.0952316 0.0980434 0.0108873 0.0903471 0.0939333 0.0960858 0.1020018 0.0915342 0.0262153 0.0381757 0.0887142 0.0830203 0.0265283 0.0000000 0.0306866 0.1227410 0.1179431 0.0847038 0.1111559 0.1203830 0.0259988 0.0916888 0.0992789 0.0928899 0.1148978 0.0859453 0.1098038 0.0959422 0.0870481 0.1034017 0.0101504 0.1031194 
Dasyuridae_Planigale_tenuirostris            0.0870133 0.1002350 0.0904823 0.0881792 0.0880974 0.0290317 0.0834925 0.0867712 0.0894417 0.0980529 0.0888994 0.0305520 0.0366640 0.0847450 0.0779661 0.0304461 0.0306866 0.0000000 0.1113186 0.1106985 0.0783800 0.1084729 0.1174964 0.0303389 0.0886353 0.0946831 0.0865774 0.1060759 0.0782406 0.1115126 0.0865911 0.0838138 0.0964904 0.0290101 0.0972111 
Peramelidae_Echymipera_kalubu                0.1028056 0.1171290 0.1123654 0.1158982 0.1178703 0.1250997 0.1043057 0.1115103 0.1152600 0.0418162 0.1077082 0.1273863 0.1345400 0.1082439 0.1073070 0.1266781 0.1227410 0.1113186 0.0000000 0.1377409 0.1080795 0.1242855 0.1374070 0.1263826 0.1105510 0.1146596 0.1117157 0.1293177 0.1031684 0.1304272 0.1171907 0.1043174 0.0335812 0.1218932 0.0413314 
Macropodidae_Dorcopsulus_vanheurni           0.0804510 0.1094661 0.0861665 0.0368512 0.0392395 0.1196943 0.0771933 0.0805094 0.0374542 0.1201917 0.0807563 0.1203354 0.1314454 0.0782364 0.0772463 0.1202442 0.1179431 0.1106985 0.1377409 0.0000000 0.0751869 0.1118185 0.1231411 0.1180614 0.0510962 0.1112722 0.0764157 0.0145086 0.0766030 0.1071466 0.0857262 0.0756840 0.1147693 0.1182465 0.1186192 
Pseudochiridae_Pseudochirulus_forbesi        0.0561246 0.0939801 0.0660712 0.0544491 0.0570385 0.0877830 0.0536450 0.0564128 0.0528989 0.0881305 0.0549682 0.0882169 0.0929555 0.0546409 0.0500767 0.0896753 0.0847038 0.0783800 0.1080795 0.0751869 0.0000000 0.0914216 0.1023479 0.0871976 0.0562354 0.0841929 0.0289669 0.0723294 0.0164805 0.0680377 0.0572979 0.0517369 0.0879798 0.0845227 0.0885235 
Didelphidae_Didelphis_virginiana             0.0951539 0.1091930 0.0959477 0.0945443 0.0989709 0.1132683 0.0960805 0.0981536 0.0965012 0.1112499 0.0962886 0.1150459 0.1237018 0.0973173 0.0931651 0.1155607 0.1111559 0.1084729 0.1242855 0.1118185 0.0914216 0.0000000 0.0324496 0.1127116 0.0968709 0.0987054 0.0959712 0.1098711 0.0943232 0.1075886 0.1018148 0.0944164 0.1054152 0.1087409 0.1103608 
Marmosidae_Monodelphis_domestica             0.1056342 0.1220134 0.1083944 0.1038051 0.1092696 0.1236550 0.1054961 0.1092144 0.1063487 0.1185440 0.1060557 0.1252686 0.1346481 0.1079637 0.1002932 0.1222271 0.1203830 0.1174964 0.1374070 0.1231411 0.1023479 0.0324496 0.0000000 0.1216668 0.1041385 0.1076407 0.1058322 0.1187618 0.1029661 0.1137814 0.1075777 0.1037955 0.1126057 0.1194326 0.1175863 
Dasyuridae_Antechinus_stuartii               0.0917653 0.1077991 0.0941398 0.0970417 0.0969132 0.0264598 0.0905087 0.0946210 0.0972408 0.1058771 0.0952821 0.0170662 0.0413386 0.0916838 0.0863318 0.0181798 0.0259988 0.0303389 0.1263826 0.1180614 0.0871976 0.1127116 0.1216668 0.0000000 0.0951644 0.1004112 0.0955512 0.1167872 0.0865632 0.1114646 0.0958839 0.0889157 0.1066049 0.0256177 0.1064352 
Hypsiprymnodontidae_Hypsiprymnodon_moschatus 0.0590939 0.0934689 0.0693169 0.0360808 0.0376271 0.0953951 0.0595973 0.0625544 0.0375697 0.0949193 0.0612637 0.0967005 0.1051247 0.0621397 0.0570340 0.0962694 0.0916888 0.0886353 0.1105510 0.0510962 0.0562354 0.0968709 0.1041385 0.0951644 0.0000000 0.0873089 0.0577510 0.0492202 0.0561022 0.0831905 0.0660750 0.0595110 0.0911831 0.0930642 0.0941682 
Microbiotheriidae_Dromiciops_gliroides       0.0779944 0.0988353 0.0880037 0.0877106 0.0933962 0.1018538 0.0821236 0.0833282 0.0878259 0.0978942 0.0818210 0.0986451 0.1089951 0.0828176 0.0840615 0.0983691 0.0992789 0.0946831 0.1146596 0.1112722 0.0841929 0.0987054 0.1076407 0.1004112 0.0873089 0.0000000 0.0825325 0.1051922 0.0851856 0.1040797 0.0925871 0.0801604 0.0923391 0.1005073 0.0960644 
Pseudochiridae_Petauroides_volans            0.0586977 0.0919518 0.0662512 0.0587702 0.0614233 0.0945372 0.0544714 0.0562792 0.0595852 0.0952185 0.0568542 0.0937135 0.1017573 0.0549470 0.0507280 0.0943666 0.0928899 0.0865774 0.1117157 0.0764157 0.0289669 0.0959712 0.1058322 0.0955512 0.0577510 0.0825325 0.0000000 0.0712121 0.0284914 0.0638072 0.0550807 0.0515583 0.0902809 0.0941973 0.0951205 
Macropodidae_Wallabia_bicolor                0.0758744 0.1066686 0.0844544 0.0354260 0.0370761 0.1158621 0.0745626 0.0747281 0.0366221 0.1165840 0.0759458 0.1169194 0.1273598 0.0746197 0.0709002 0.1154062 0.1148978 0.1060759 0.1293177 0.0145086 0.0723294 0.1098711 0.1187618 0.1167872 0.0492202 0.1051922 0.0712121 0.0000000 0.0709050 0.1041938 0.0807926 0.0726059 0.1099261 0.1139145 0.1133869 
Pseudochiridae_Pseudocheirus_occidentalis    0.0543090 0.0914139 0.0647433 0.0554260 0.0558759 0.0876673 0.0549922 0.0568150 0.0526504 0.0887359 0.0563036 0.0863334 0.0945829 0.0545989 0.0473853 0.0878404 0.0859453 0.0782406 0.1031684 0.0766030 0.0164805 0.0943232 0.1029661 0.0865632 0.0561022 0.0851856 0.0284914 0.0709050 0.0000000 0.0690394 0.0550254 0.0525341 0.0857480 0.0868365 0.0882755 
Tarsipedidae_Tarsipes_rostratus              0.0834175 0.1119438 0.0853207 0.0831075 0.0862413 0.1132451 0.0790333 0.0840546 0.0830586 0.1167694 0.0843312 0.1145892 0.1264351 0.0830063 0.0707547 0.1131783 0.1098038 0.1115126 0.1304272 0.1071466 0.0680377 0.1075886 0.1137814 0.1114646 0.0831905 0.1040797 0.0638072 0.1041938 0.0690394 0.0000000 0.0799842 0.0775928 0.1115500 0.1102389 0.1151082 
Acrobatidae_Distoechurus_pennatus            0.0607746 0.0949038 0.0703294 0.0674234 0.0678373 0.0966203 0.0666026 0.0682570 0.0655441 0.1003187 0.0682428 0.0973295 0.1059647 0.0669518 0.0344269 0.0974126 0.0959422 0.0865911 0.1171907 0.0857262 0.0572979 0.1018148 0.1075777 0.0958839 0.0660750 0.0925871 0.0550807 0.0807926 0.0550254 0.0799842 0.0000000 0.0656807 0.0971234 0.0958928 0.0980590 
Phalangeridae_Phalanger_carmelitae           0.0504145 0.0914327 0.0631924 0.0593619 0.0616601 0.0887347 0.0248864 0.0155799 0.0579008 0.0870277 0.0179062 0.0905136 0.1024512 0.0076545 0.0566528 0.0901727 0.0870481 0.0838138 0.1043174 0.0756840 0.0517369 0.0944164 0.1037955 0.0889157 0.0595110 0.0801604 0.0515583 0.0726059 0.0525341 0.0775928 0.0656807 0.0000000 0.0839326 0.0873716 0.0874036 
Peramelidae_Peroryctes_raffrayana            0.0839486 0.1003394 0.0898467 0.0921885 0.0924691 0.1054609 0.0854203 0.0903425 0.0927165 0.0221077 0.0866200 0.1067689 0.1145582 0.0879578 0.0880326 0.1066924 0.1034017 0.0964904 0.0335812 0.1147693 0.0879798 0.1054152 0.1126057 0.1066049 0.0911831 0.0923391 0.0902809 0.1099261 0.0857480 0.1115500 0.0971234 0.0839326 0.0000000 0.1019603 0.0207092 
Dasyuridae_Dasyurus_geffroii                 0.0908249 0.1041644 0.0958604 0.0954587 0.0972923 0.0057507 0.0902139 0.0933431 0.0964039 0.1017780 0.0916922 0.0250510 0.0381840 0.0895569 0.0844013 0.0253662 0.0101504 0.0290101 0.1218932 0.1182465 0.0845227 0.1087409 0.1194326 0.0256177 0.0930642 0.1005073 0.0941973 0.1139145 0.0868365 0.1102389 0.0958928 0.0873716 0.1019603 0.0000000 0.1023569 
Peramelidae_Perameles_gunnii                 0.0845850 0.1045623 0.0914945 0.0943198 0.0980485 0.1053288 0.0878937 0.0928406 0.0961771 0.0025391 0.0871712 0.1073364 0.1125702 0.0909404 0.0901533 0.1072315 0.1031194 0.0972111 0.0413314 0.1186192 0.0885235 0.1103608 0.1175863 0.1064352 0.0941682 0.0960644 0.0951205 0.1133869 0.0882755 0.1151082 0.0980590 0.0874036 0.0207092 0.1023569 0.0000000 
