35
Burramyidae_Burramys_parvus                  0.0000000 0.0777447 0.0611211 0.0639496 0.0669403 0.0792937 0.0740202 0.0644144 0.0588517 0.0814447 0.0771461 0.0808371 0.0702002 0.0803824 0.0499448 0.0739583 0.0743704 0.0769037 0.0649678 0.0599505 0.0616856 0.0770243 0.0776649 0.0712723 0.0542014 0.0736650 0.0528178 0.0579571 0.0653472 0.0791979 0.0487745 0.0778398 0.0941346 0.0762349 0.0736826 
Notoryctidae_Notoryctes_typhlops             0.0777447 0.0000000 0.0833022 0.0894884 0.0904201 0.1015173 0.1011748 0.0973047 0.0875122 0.0962139 0.1100664 0.0949110 0.0913389 0.1154797 0.0833376 0.0924584 0.0984004 0.0948093 0.0984928 0.0850481 0.0993802 0.1061738 0.1083106 0.0934278 0.0749135 0.0850729 0.0900935 0.0879766 0.0907913 0.1173075 0.0836790 0.1123655 0.1175021 0.0994808 0.1067470 
Vombatidae_Lasiorhinus_latifrons             0.0611211 0.0833022 0.0000000 0.0650958 0.0681248 0.0872532 0.0757231 0.0657289 0.0595209 0.0824774 0.0877960 0.0713408 0.0780171 0.0895946 0.0619657 0.0802429 0.0830697 0.0849577 0.0814724 0.0585078 0.0792392 0.0890982 0.0886385 0.0777077 0.0646038 0.0788080 0.0638560 0.0637154 0.0876509 0.0930511 0.0613379 0.0863741 0.0882848 0.0846981 0.0904048 
Potoroidae_Bettongia_penicillata             0.0639496 0.0894884 0.0650958 0.0000000 0.0089966 0.0987204 0.0773947 0.0729240 0.0183658 0.0974948 0.0903243 0.0864573 0.0899566 0.0919378 0.0636492 0.0923909 0.0963279 0.0948277 0.0860546 0.0267451 0.0843837 0.0955434 0.0975728 0.0914913 0.0451543 0.0902817 0.0673212 0.0283810 0.0863899 0.0987167 0.0647774 0.0881344 0.0995608 0.0968197 0.0937743 
Potoroidae_Bettongia_lesueur                 0.0669403 0.0904201 0.0681248 0.0089966 0.0000000 0.0996794 0.0750921 0.0791922 0.0219843 0.0996025 0.0948360 0.0836636 0.0895212 0.0964732 0.0655879 0.0947632 0.0978151 0.0958206 0.0850579 0.0299530 0.0860088 0.0979694 0.1005392 0.0912491 0.0479550 0.0884815 0.0714517 0.0323767 0.0894723 0.1030891 0.0684477 0.0931928 0.0993584 0.0982914 0.0934929 
Dasyuridae_Dasyurus_maculatus                0.0792937 0.1015173 0.0872532 0.0987204 0.0996794 0.0000000 0.1045600 0.1100014 0.0938941 0.1098881 0.1108355 0.0284441 0.0270704 0.1136913 0.0854769 0.0316984 0.0064301 0.0278605 0.0886451 0.0952094 0.0997706 0.1011114 0.1025949 0.0220097 0.0847098 0.0929345 0.0909012 0.0975604 0.1136686 0.1150116 0.0890144 0.1107654 0.1071907 0.0048686 0.0955627 
Phalangeridae_Trichosurus_vulpecula          0.0740202 0.1011748 0.0757231 0.0773947 0.0750921 0.1045600 0.0000000 0.0479595 0.0746709 0.0922646 0.0457708 0.0741065 0.0938205 0.0445988 0.0696780 0.1012985 0.1010117 0.0966722 0.0927970 0.0757472 0.0929942 0.1026524 0.1038647 0.0961607 0.0740675 0.0877495 0.0758625 0.0781490 0.1047337 0.1054243 0.0766546 0.0412880 0.0956396 0.1031475 0.1006969 
Phalangeridae_Spilocuscus_maculatus          0.0644144 0.0973047 0.0657289 0.0729240 0.0791922 0.1100014 0.0479595 0.0000000 0.0700850 0.1030086 0.0160385 0.1046364 0.1019954 0.0130125 0.0751781 0.1060337 0.1062790 0.1016591 0.0899889 0.0707533 0.0900982 0.0932755 0.1053497 0.1007772 0.0768414 0.0996349 0.0728067 0.0704207 0.0973630 0.0851556 0.0726950 0.0123776 0.1095965 0.1060411 0.0988188 
Potoroidae_Aepyprymnus_rufescens             0.0588517 0.0875122 0.0595209 0.0183658 0.0219843 0.0938941 0.0746709 0.0700850 0.0000000 0.0997047 0.0873154 0.0806600 0.0827405 0.0882651 0.0614389 0.0845571 0.0902769 0.0891494 0.0824017 0.0257282 0.0790318 0.0963247 0.0982153 0.0855505 0.0470929 0.0888485 0.0646340 0.0268301 0.0876819 0.0947856 0.0644199 0.0843327 0.0930705 0.0901911 0.0889497 
Peramelidae_Perameles_nasuta                 0.0814447 0.0962139 0.0824774 0.0974948 0.0996025 0.1098881 0.0922646 0.1030086 0.0997047 0.0000000 0.0953238 0.1075848 0.1043176 0.1017227 0.0801416 0.1015223 0.1080399 0.1070382 0.0238759 0.0940110 0.1050832 0.1063768 0.1062171 0.0984087 0.0946971 0.0863717 0.0925945 0.0934573 0.1175574 0.1229040 0.0897982 0.0980794 0.0490212 0.1087433 0.0265445 
Phalangeridae_Strigocuscus_pelengensis       0.0771461 0.1100664 0.0877960 0.0903243 0.0948360 0.1108355 0.0457708 0.0160385 0.0873154 0.0953238 0.0000000 0.0930854 0.1047316 0.0163296 0.0822929 0.1053707 0.1047083 0.1009574 0.0944847 0.0895447 0.1042972 0.1028153 0.1120206 0.1039840 0.0868262 0.1064485 0.0860193 0.0921268 0.1268237 0.1090702 0.0895390 0.0147480 0.0965225 0.1076629 0.1020064 
Dasyuridae_Phascogale_tapoatafa              0.0808371 0.0949110 0.0713408 0.0864573 0.0836636 0.0284441 0.0741065 0.1046364 0.0806600 0.1075848 0.0930854 0.0000000 0.0253342 0.0939951 0.0844020 0.0219445 0.0254437 0.0348026 0.0876128 0.0856541 0.0980388 0.1052506 0.1108924 0.0166611 0.0804856 0.0972431 0.0912087 0.0854406 0.1220717 0.1081825 0.0848057 0.0922347 0.1045726 0.0259416 0.0951215 
Dasyuridae_Sminthopsis_macroura              0.0702002 0.0913389 0.0780171 0.0899566 0.0895212 0.0270704 0.0938205 0.1019954 0.0827405 0.1043176 0.1047316 0.0253342 0.0000000 0.1094903 0.0760395 0.0332932 0.0253373 0.0253367 0.0826552 0.0843288 0.0900684 0.0960481 0.0991751 0.0235319 0.0750868 0.0833413 0.0774097 0.0875614 0.1007576 0.1043425 0.0756197 0.1066056 0.1041913 0.0249631 0.0921135 
Phalangeridae_Phalanger_orientalis           0.0803824 0.1154797 0.0895946 0.0919378 0.0964732 0.1136913 0.0445988 0.0130125 0.0882651 0.1017227 0.0163296 0.0939951 0.1094903 0.0000000 0.0840294 0.1109520 0.1077222 0.1070346 0.1004057 0.0888861 0.1051154 0.1049416 0.1126467 0.1073333 0.0900134 0.1092636 0.0903116 0.0919910 0.1281408 0.1102246 0.0921485 0.0034094 0.1022095 0.1105250 0.1078117 
Acrobatidae_Acrobates_pygmaeus               0.0499448 0.0833376 0.0619657 0.0636492 0.0655879 0.0854769 0.0696780 0.0751781 0.0614389 0.0801416 0.0822929 0.0844020 0.0760395 0.0840294 0.0000000 0.0787140 0.0827933 0.0857185 0.0678456 0.0597851 0.0577628 0.0810764 0.0881311 0.0745737 0.0516435 0.0690174 0.0448611 0.0633892 0.0484581 0.0695720 0.0296478 0.0801950 0.0890870 0.0841358 0.0784644 
Dasyuridae_Phascogale_calura                 0.0739583 0.0924584 0.0802429 0.0923909 0.0947632 0.0316984 0.1012985 0.1060337 0.0845571 0.1015223 0.1053707 0.0219445 0.0332932 0.1109520 0.0787140 0.0000000 0.0288210 0.0400881 0.0890019 0.0843900 0.0930671 0.1023170 0.1089979 0.0191862 0.0769884 0.0872348 0.0823585 0.0876325 0.1044913 0.1102981 0.0799337 0.1080229 0.1099588 0.0294961 0.0961973 
Dasyuridae_Sarcophilus_harrisii              0.0743704 0.0984004 0.0830697 0.0963279 0.0978151 0.0064301 0.1010117 0.1062790 0.0902769 0.1080399 0.1047083 0.0254437 0.0253373 0.1077222 0.0827933 0.0288210 0.0000000 0.0279754 0.0878970 0.0915505 0.0973651 0.0981474 0.1027424 0.0201549 0.0817319 0.0908316 0.0867056 0.0928069 0.1104371 0.1089814 0.0847869 0.1048011 0.1051185 0.0049305 0.0928837 
Dasyuridae_Planigale_tenuirostris            0.0769037 0.0948093 0.0849577 0.0948277 0.0958206 0.0278605 0.0966722 0.1016591 0.0891494 0.1070382 0.1009574 0.0348026 0.0253367 0.1070346 0.0857185 0.0400881 0.0279754 0.0000000 0.0829152 0.0913784 0.1005582 0.0939908 0.1015225 0.0310709 0.0819229 0.0968431 0.0860953 0.0946485 0.1245670 0.1037948 0.0831447 0.1038639 0.1050319 0.0254618 0.0926265 
Peramelidae_Echymipera_kalubu                0.0649678 0.0984928 0.0814724 0.0860546 0.0850579 0.0886451 0.0927970 0.0899889 0.0824017 0.0238759 0.0944847 0.0876128 0.0826552 0.1004057 0.0678456 0.0890019 0.0878970 0.0829152 0.0000000 0.0795921 0.0858483 0.0869540 0.0873224 0.0832873 0.0724043 0.0691310 0.0795973 0.0837980 0.0839358 0.1024257 0.0754660 0.1001815 0.0402909 0.0879433 0.0311805 
Macropodidae_Dorcopsulus_vanheurni           0.0599505 0.0850481 0.0585078 0.0267451 0.0299530 0.0952094 0.0757472 0.0707533 0.0257282 0.0940110 0.0895447 0.0856541 0.0843288 0.0888861 0.0597851 0.0843900 0.0915505 0.0913784 0.0795921 0.0000000 0.0819088 0.0912205 0.0920248 0.0875702 0.0454962 0.0860603 0.0661158 0.0169968 0.0767739 0.0981505 0.0622778 0.0855291 0.0893960 0.0914452 0.0875522 
Pseudochiridae_Pseudochirulus_forbesi        0.0616856 0.0993802 0.0792392 0.0843837 0.0860088 0.0997706 0.0929942 0.0900982 0.0790318 0.1050832 0.1042972 0.0980388 0.0900684 0.1051154 0.0577628 0.0930671 0.0973651 0.1005582 0.0858483 0.0819088 0.0000000 0.0969395 0.1018100 0.0921236 0.0693298 0.0932486 0.0373555 0.0793050 0.0140755 0.0770443 0.0544663 0.1017915 0.0995907 0.0983907 0.0959476 
Didelphidae_Didelphis_virginiana             0.0770243 0.1061738 0.0890982 0.0955434 0.0979694 0.1011114 0.1026524 0.0932755 0.0963247 0.1063768 0.1028153 0.1052506 0.0960481 0.1049416 0.0810764 0.1023170 0.0981474 0.0939908 0.0869540 0.0912205 0.0969395 0.0000000 0.0414191 0.0918447 0.0834326 0.0947283 0.0863344 0.0913878 0.1107886 0.0973318 0.0853332 0.1027995 0.1136414 0.0984656 0.0954734 
Marmosidae_Monodelphis_domestica             0.0776649 0.1083106 0.0886385 0.0975728 0.1005392 0.1025949 0.1038647 0.1053497 0.0982153 0.1062171 0.1120206 0.1108924 0.0991751 0.1126467 0.0881311 0.1089979 0.1027424 0.1015225 0.0873224 0.0920248 0.1018100 0.0414191 0.0000000 0.1031047 0.0878694 0.0972934 0.0903819 0.0924693 0.1157588 0.1009652 0.0915060 0.1111000 0.1161426 0.1040809 0.0957099 
Dasyuridae_Antechinus_stuartii               0.0712723 0.0934278 0.0777077 0.0914913 0.0912491 0.0220097 0.0961607 0.1007772 0.0855505 0.0984087 0.1039840 0.0166611 0.0235319 0.1073333 0.0745737 0.0191862 0.0201549 0.0310709 0.0832873 0.0875702 0.0921236 0.0918447 0.1031047 0.0000000 0.0759035 0.0834253 0.0801424 0.0893128 0.1063277 0.1029086 0.0763634 0.1044551 0.1015023 0.0214307 0.0896964 
Hypsiprymnodontidae_Hypsiprymnodon_moschatus 0.0542014 0.0749135 0.0646038 0.0451543 0.0479550 0.0847098 0.0740675 0.0768414 0.0470929 0.0946971 0.0868262 0.0804856 0.0750868 0.0900134 0.0516435 0.0769884 0.0817319 0.0819229 0.0724043 0.0454962 0.0693298 0.0834326 0.0878694 0.0759035 0.0000000 0.0754594 0.0548511 0.0465535 0.0736300 0.0815399 0.0506722 0.0872117 0.0988627 0.0811801 0.0805228 
Microbiotheriidae_Dromiciops_gliroides       0.0736650 0.0850729 0.0788080 0.0902817 0.0884815 0.0929345 0.0877495 0.0996349 0.0888485 0.0863717 0.1064485 0.0972431 0.0833413 0.1092636 0.0690174 0.0872348 0.0908316 0.0968431 0.0691310 0.0860603 0.0932486 0.0947283 0.0972934 0.0834253 0.0754594 0.0000000 0.0776583 0.0879387 0.0981787 0.1081643 0.0748897 0.1065464 0.0931011 0.0928201 0.0786352 
Pseudochiridae_Petauroides_volans            0.0528178 0.0900935 0.0638560 0.0673212 0.0714517 0.0909012 0.0758625 0.0728067 0.0646340 0.0925945 0.0860193 0.0912087 0.0774097 0.0903116 0.0448611 0.0823585 0.0867056 0.0860953 0.0795973 0.0661158 0.0373555 0.0863344 0.0903819 0.0801424 0.0548511 0.0776583 0.0000000 0.0647373 0.0297644 0.0687707 0.0458491 0.0881509 0.0915804 0.0883405 0.0870594 
Macropodidae_Wallabia_bicolor                0.0579571 0.0879766 0.0637154 0.0283810 0.0323767 0.0975604 0.0781490 0.0704207 0.0268301 0.0934573 0.0921268 0.0854406 0.0875614 0.0919910 0.0633892 0.0876325 0.0928069 0.0946485 0.0837980 0.0169968 0.0793050 0.0913878 0.0924693 0.0893128 0.0465535 0.0879387 0.0647373 0.0000000 0.0748067 0.0943346 0.0639270 0.0881587 0.0915210 0.0939129 0.0926931 
Pseudochiridae_Pseudocheirus_occidentalis    0.0653472 0.0907913 0.0876509 0.0863899 0.0894723 0.1136686 0.1047337 0.0973630 0.0876819 0.1175574 0.1268237 0.1220717 0.1007576 0.1281408 0.0484581 0.1044913 0.1104371 0.1245670 0.0839358 0.0767739 0.0140755 0.1107886 0.1157588 0.1063277 0.0736300 0.0981787 0.0297644 0.0748067 0.0000000 0.0867442 0.0480746 0.1246243 0.0959021 0.1134501 0.1033237 
Tarsipedidae_Tarsipes_rostratus              0.0791979 0.1173075 0.0930511 0.0987167 0.1030891 0.1150116 0.1054243 0.0851556 0.0947856 0.1229040 0.1090702 0.1081825 0.1043425 0.1102246 0.0695720 0.1102981 0.1089814 0.1037948 0.1024257 0.0981505 0.0770443 0.0973318 0.1009652 0.1029086 0.0815399 0.1081643 0.0687707 0.0943346 0.0867442 0.0000000 0.0721129 0.1074286 0.1200888 0.1118444 0.1133558 
Acrobatidae_Distoechurus_pennatus            0.0487745 0.0836790 0.0613379 0.0647774 0.0684477 0.0890144 0.0766546 0.0726950 0.0644199 0.0897982 0.0895390 0.0848057 0.0756197 0.0921485 0.0296478 0.0799337 0.0847869 0.0831447 0.0754660 0.0622778 0.0544663 0.0853332 0.0915060 0.0763634 0.0506722 0.0748897 0.0458491 0.0639270 0.0480746 0.0721129 0.0000000 0.0877823 0.0918148 0.0859287 0.0835946 
Phalangeridae_Phalanger_carmelitae           0.0778398 0.1123655 0.0863741 0.0881344 0.0931928 0.1107654 0.0412880 0.0123776 0.0843327 0.0980794 0.0147480 0.0922347 0.1066056 0.0034094 0.0801950 0.1080229 0.1048011 0.1038639 0.1001815 0.0855291 0.1017915 0.1027995 0.1111000 0.1044551 0.0872117 0.1065464 0.0881509 0.0881587 0.1246243 0.1074286 0.0877823 0.0000000 0.1007313 0.1076223 0.1068541 
Peramelidae_Peroryctes_raffrayana            0.0941346 0.1175021 0.0882848 0.0995608 0.0993584 0.1071907 0.0956396 0.1095965 0.0930705 0.0490212 0.0965225 0.1045726 0.1041913 0.1022095 0.0890870 0.1099588 0.1051185 0.1050319 0.0402909 0.0893960 0.0995907 0.1136414 0.1161426 0.1015023 0.0988627 0.0931011 0.0915804 0.0915210 0.0959021 0.1200888 0.0918148 0.1007313 0.0000000 0.1047887 0.0623382 
Dasyuridae_Dasyurus_geffroii                 0.0762349 0.0994808 0.0846981 0.0968197 0.0982914 0.0048686 0.1031475 0.1060411 0.0901911 0.1087433 0.1076629 0.0259416 0.0249631 0.1105250 0.0841358 0.0294961 0.0049305 0.0254618 0.0879433 0.0914452 0.0983907 0.0984656 0.1040809 0.0214307 0.0811801 0.0928201 0.0883405 0.0939129 0.1134501 0.1118444 0.0859287 0.1076223 0.1047887 0.0000000 0.0948526 
Peramelidae_Perameles_gunnii                 0.0736826 0.1067470 0.0904048 0.0937743 0.0934929 0.0955627 0.1006969 0.0988188 0.0889497 0.0265445 0.1020064 0.0951215 0.0921135 0.1078117 0.0784644 0.0961973 0.0928837 0.0926265 0.0311805 0.0875522 0.0959476 0.0954734 0.0957099 0.0896964 0.0805228 0.0786352 0.0870594 0.0926931 0.1033237 0.1133558 0.0835946 0.1068541 0.0623382 0.0948526 0.0000000 
