35
Burramyidae_Burramys_parvus                  0.0000000 0.0556327 0.0511145 0.0545826 0.0791816 0.0440128 0.0449722 0.0515186 0.0878450 0.0431064 0.0731543 0.0808519 0.0432767 0.0480390 0.0728427 0.0749696 0.0748681 0.0867940 0.0500986 0.0541453 0.1056401 0.0935046 0.0672325 0.0539802 0.0730130 0.0487702 0.0516441 0.0580643 0.0646746 0.0524583 0.0422042 0.0836932 0.0748032 0.0912997 0.0637112 
Vombatidae_Lasiorhinus_latifrons             0.0556327 0.0000000 0.0594955 0.0629918 0.0767155 0.0522844 0.0563702 0.0634686 0.0876156 0.0520273 0.0723924 0.0834522 0.0569136 0.0655825 0.0699132 0.0743373 0.0654030 0.0869966 0.0644961 0.0602344 0.1128897 0.1024876 0.0651884 0.0614304 0.0746555 0.0574424 0.0655229 0.0681483 0.0716428 0.0701626 0.0575557 0.0798794 0.0735968 0.0909407 0.0623741 
Potoroidae_Bettongia_penicillata             0.0511145 0.0594955 0.0000000 0.0062507 0.0824652 0.0536565 0.0591627 0.0101489 0.1045518 0.0553152 0.0788004 0.0873105 0.0590904 0.0599055 0.0761102 0.0808981 0.0739302 0.1017409 0.0234841 0.0610783 0.1146143 0.1055292 0.0736915 0.0387341 0.0791451 0.0597506 0.0236755 0.0695458 0.0731887 0.0620465 0.0580416 0.0935421 0.0811832 0.1089048 0.0709873 
Potoroidae_Bettongia_lesueur                 0.0545826 0.0629918 0.0062507 0.0000000 0.0875168 0.0576809 0.0638160 0.0125823 0.1093929 0.0596479 0.0844050 0.0931006 0.0631897 0.0634026 0.0795357 0.0866314 0.0781631 0.1061667 0.0255314 0.0645752 0.1185477 0.1097709 0.0764290 0.0430828 0.0836393 0.0633037 0.0262696 0.0721690 0.0781104 0.0667338 0.0620911 0.0971742 0.0862168 0.1137576 0.0735410 
Dasyuridae_Dasyurus_maculatus                0.0791816 0.0767155 0.0824652 0.0875168 0.0000000 0.0808347 0.0835407 0.0820666 0.1073611 0.0838504 0.0207851 0.0396494 0.0840946 0.0916960 0.0227993 0.0132759 0.0276961 0.1051639 0.0792685 0.0941334 0.1333039 0.1208717 0.0213922 0.0848741 0.0877872 0.0868600 0.0827132 0.1032769 0.1019362 0.0961680 0.0854819 0.0987812 0.0101416 0.1107296 0.0762053 
Phalangeridae_Trichosurus_vulpecula          0.0440128 0.0522844 0.0536565 0.0576809 0.0808347 0.0000000 0.0297213 0.0574715 0.0940872 0.0294924 0.0772065 0.0888387 0.0291748 0.0599339 0.0745337 0.0778072 0.0763088 0.0918776 0.0544609 0.0583503 0.1159389 0.1052561 0.0709401 0.0606017 0.0781128 0.0535503 0.0572333 0.0627380 0.0720941 0.0595612 0.0271048 0.0848775 0.0744519 0.0980284 0.0686097 
Phalangeridae_Spilocuscus_maculatus          0.0449722 0.0563702 0.0591627 0.0638160 0.0835407 0.0297213 0.0000000 0.0624015 0.0996484 0.0132341 0.0792059 0.0894972 0.0126174 0.0561253 0.0786758 0.0811425 0.0795129 0.0964048 0.0600815 0.0611174 0.1141058 0.1030823 0.0750716 0.0615905 0.0795194 0.0533036 0.0624059 0.0630006 0.0725390 0.0617358 0.0131291 0.0884002 0.0797333 0.1030571 0.0727496 
Potoroidae_Aepyprymnus_rufescens             0.0515186 0.0634686 0.0101489 0.0125823 0.0820666 0.0574715 0.0624015 0.0000000 0.1089319 0.0582019 0.0771800 0.0881742 0.0617809 0.0602285 0.0752039 0.0824181 0.0715592 0.1056645 0.0228597 0.0631515 0.1151251 0.1086041 0.0721662 0.0413019 0.0832670 0.0606965 0.0230477 0.0718630 0.0763956 0.0635267 0.0606890 0.0975741 0.0807916 0.1132702 0.0724233 
Peramelidae_Perameles_nasuta                 0.0878450 0.0876156 0.1045518 0.1093929 0.1073611 0.0940872 0.0996484 0.1089319 0.0000000 0.0995364 0.1025308 0.1079534 0.0982627 0.1058419 0.1012281 0.1036072 0.0984049 0.0187298 0.1002608 0.1042496 0.1403435 0.1232204 0.0991329 0.1027146 0.1046993 0.0970562 0.1059207 0.1153888 0.1046419 0.1092711 0.0983575 0.0209266 0.1046298 0.0024119 0.0930635 
Phalangeridae_Strigocuscus_pelengensis       0.0431064 0.0520273 0.0553152 0.0596479 0.0838504 0.0294924 0.0132341 0.0582019 0.0995364 0.0000000 0.0801038 0.0921216 0.0152992 0.0559487 0.0798795 0.0807136 0.0796537 0.0978357 0.0592492 0.0579672 0.1129540 0.1065463 0.0755516 0.0591208 0.0787397 0.0541788 0.0619909 0.0637089 0.0757783 0.0594163 0.0153277 0.0895206 0.0804873 0.1032140 0.0719546 
Dasyuridae_Phascogale_tapoatafa              0.0731543 0.0723924 0.0788004 0.0844050 0.0207851 0.0772065 0.0792059 0.0771800 0.1025308 0.0801038 0.0000000 0.0346223 0.0791392 0.0865752 0.0087387 0.0210161 0.0229148 0.0993756 0.0757866 0.0935737 0.1296382 0.1174383 0.0125617 0.0831440 0.0826746 0.0824793 0.0804450 0.0995557 0.0999602 0.0950806 0.0804944 0.0903874 0.0182373 0.1058123 0.0706191 
Dasyuridae_Sminthopsis_macroura              0.0808519 0.0834522 0.0873105 0.0931006 0.0396494 0.0888387 0.0894972 0.0881742 0.1079534 0.0921216 0.0346223 0.0000000 0.0920172 0.0933950 0.0337093 0.0368055 0.0299934 0.1079970 0.0862138 0.0926879 0.1343833 0.1233585 0.0300703 0.0943867 0.0893785 0.0860003 0.0897763 0.1023323 0.1106407 0.1017138 0.0927876 0.1035917 0.0331565 0.1105002 0.0776573 
Phalangeridae_Phalanger_orientalis           0.0432767 0.0569136 0.0590904 0.0631897 0.0840946 0.0291748 0.0126174 0.0617809 0.0982627 0.0152992 0.0791392 0.0920172 0.0000000 0.0572638 0.0797860 0.0817002 0.0784259 0.0947530 0.0599949 0.0610614 0.1146235 0.1049828 0.0761821 0.0597746 0.0782027 0.0532184 0.0605819 0.0605253 0.0724524 0.0628727 0.0057561 0.0869968 0.0802857 0.1023078 0.0753098 
Acrobatidae_Acrobates_pygmaeus               0.0480390 0.0655825 0.0599055 0.0634026 0.0916960 0.0599339 0.0561253 0.0602285 0.1058419 0.0559487 0.0865752 0.0933950 0.0572638 0.0000000 0.0831472 0.0873307 0.0838741 0.0995176 0.0594737 0.0594233 0.1210342 0.1137685 0.0786192 0.0644903 0.0844170 0.0621013 0.0622980 0.0653525 0.0687350 0.0411456 0.0550004 0.0947160 0.0871392 0.1108328 0.0688301 
Dasyuridae_Phascogale_calura                 0.0728427 0.0699132 0.0761102 0.0795357 0.0227993 0.0745337 0.0786758 0.0752039 0.1012281 0.0798795 0.0087387 0.0337093 0.0797860 0.0831472 0.0000000 0.0244785 0.0223191 0.0982892 0.0729319 0.0861817 0.1296103 0.1155394 0.0101315 0.0807151 0.0804765 0.0792683 0.0765342 0.0928144 0.1023361 0.0879982 0.0792916 0.0915011 0.0195168 0.1045319 0.0680386 
Dasyuridae_Sarcophilus_harrisii              0.0749696 0.0743373 0.0808981 0.0866314 0.0132759 0.0778072 0.0811425 0.0824181 0.1036072 0.0807136 0.0210161 0.0368055 0.0817002 0.0873307 0.0244785 0.0000000 0.0287509 0.1021313 0.0790089 0.0897860 0.1294409 0.1178370 0.0220114 0.0827748 0.0832893 0.0818359 0.0817960 0.0972110 0.1004408 0.0937813 0.0830880 0.0947993 0.0107742 0.1068556 0.0717796 
Dasyuridae_Planigale_tenuirostris            0.0748681 0.0654030 0.0739302 0.0781631 0.0276961 0.0763088 0.0795129 0.0715592 0.0984049 0.0796537 0.0229148 0.0299934 0.0784259 0.0838741 0.0223191 0.0287509 0.0000000 0.0952858 0.0715470 0.0796059 0.1195015 0.1122470 0.0244171 0.0738966 0.0802870 0.0838869 0.0728675 0.0951898 0.0961017 0.0896082 0.0794388 0.0840442 0.0217071 0.1013593 0.0702740 
Peramelidae_Echymipera_kalubu                0.0867940 0.0869966 0.1017409 0.1061667 0.1051639 0.0918776 0.0964048 0.1056645 0.0187298 0.0978357 0.0993756 0.1079970 0.0947530 0.0995176 0.0982892 0.1021313 0.0952858 0.0000000 0.0941043 0.1020304 0.1348327 0.1209143 0.0973709 0.0995601 0.0985468 0.0970130 0.0993570 0.1105094 0.0994510 0.1037156 0.0949329 0.0134660 0.1037517 0.0204573 0.0914709 
Macropodidae_Dorcopsulus_vanheurni           0.0500986 0.0644961 0.0234841 0.0255314 0.0792685 0.0544609 0.0600815 0.0228597 0.1002608 0.0592492 0.0757866 0.0862138 0.0599949 0.0594737 0.0729319 0.0790089 0.0715470 0.0941043 0.0000000 0.0617675 0.1159565 0.1074444 0.0697477 0.0377587 0.0787838 0.0586816 0.0093045 0.0670648 0.0754911 0.0634387 0.0612874 0.0855914 0.0779987 0.1049707 0.0745865 
Pseudochiridae_Pseudochirulus_forbesi        0.0541453 0.0602344 0.0610783 0.0645752 0.0941334 0.0583503 0.0611174 0.0631515 0.1042496 0.0579672 0.0935737 0.0926879 0.0610614 0.0594233 0.0861817 0.0897860 0.0796059 0.1020304 0.0617675 0.0000000 0.1157874 0.1101454 0.0813847 0.0633187 0.0857792 0.0343474 0.0641549 0.0248668 0.0578773 0.0604488 0.0611419 0.0952501 0.0915208 0.1082858 0.0729362 
Didelphidae_Didelphis_virginiana             0.1056401 0.1128897 0.1146143 0.1185477 0.1333039 0.1159389 0.1141058 0.1151251 0.1403435 0.1129540 0.1296382 0.1343833 0.1146235 0.1210342 0.1296103 0.1294409 0.1195015 0.1348327 0.1159565 0.1157874 0.0000000 0.0433391 0.1249329 0.1186007 0.1195344 0.1169629 0.1147813 0.1264274 0.1340909 0.1201455 0.1163605 0.1281510 0.1278690 0.1417003 0.1188590 
Marmosidae_Monodelphis_domestica             0.0935046 0.1024876 0.1055292 0.1097709 0.1208717 0.1052561 0.1030823 0.1086041 0.1232204 0.1065463 0.1174383 0.1233585 0.1049828 0.1137685 0.1155394 0.1178370 0.1122470 0.1209143 0.1074444 0.1101454 0.0433391 0.0000000 0.1107801 0.1139900 0.1110699 0.1110960 0.1060692 0.1174894 0.1250471 0.1149882 0.1045059 0.1155701 0.1179484 0.1253320 0.1117119 
Dasyuridae_Antechinus_stuartii               0.0672325 0.0651884 0.0736915 0.0764290 0.0213922 0.0709401 0.0750716 0.0721662 0.0991329 0.0755516 0.0125617 0.0300703 0.0761821 0.0786192 0.0101315 0.0220114 0.0244171 0.0973709 0.0697477 0.0813847 0.1249329 0.1107801 0.0000000 0.0762781 0.0751877 0.0761155 0.0743273 0.0903377 0.1005807 0.0830489 0.0763526 0.0896595 0.0181007 0.1011354 0.0655618 
Hypsiprymnodontidae_Hypsiprymnodon_moschatus 0.0539802 0.0614304 0.0387341 0.0430828 0.0848741 0.0606017 0.0615905 0.0413019 0.1027146 0.0591208 0.0831440 0.0943867 0.0597746 0.0644903 0.0807151 0.0827748 0.0738966 0.0995601 0.0377587 0.0633187 0.1186007 0.1139900 0.0762781 0.0000000 0.0809778 0.0613585 0.0391793 0.0687708 0.0743444 0.0608507 0.0604616 0.0927945 0.0836036 0.1076278 0.0715614 
Microbiotheriidae_Dromiciops_gliroides       0.0730130 0.0746555 0.0791451 0.0836393 0.0877872 0.0781128 0.0795194 0.0832670 0.1046993 0.0787397 0.0826746 0.0893785 0.0782027 0.0844170 0.0804765 0.0832893 0.0802870 0.0985468 0.0787838 0.0857792 0.1195344 0.1110699 0.0751877 0.0809778 0.0000000 0.0808225 0.0841271 0.0983176 0.1066200 0.0826254 0.0814788 0.0919937 0.0838561 0.1068397 0.0606036 
Pseudochiridae_Petauroides_volans            0.0487702 0.0574424 0.0597506 0.0633037 0.0868600 0.0535503 0.0533036 0.0606965 0.0970562 0.0541788 0.0824793 0.0860003 0.0532184 0.0621013 0.0792683 0.0818359 0.0838869 0.0970130 0.0586816 0.0343474 0.1169629 0.1110960 0.0761155 0.0613585 0.0808225 0.0000000 0.0609730 0.0421085 0.0627100 0.0616582 0.0533263 0.0890505 0.0829915 0.0991079 0.0634420 
Macropodidae_Wallabia_bicolor                0.0516441 0.0655229 0.0236755 0.0262696 0.0827132 0.0572333 0.0624059 0.0230477 0.1059207 0.0619909 0.0804450 0.0897763 0.0605819 0.0622980 0.0765342 0.0817960 0.0728675 0.0993570 0.0093045 0.0641549 0.1147813 0.1060692 0.0743273 0.0391793 0.0841271 0.0609730 0.0000000 0.0702283 0.0760396 0.0658175 0.0618441 0.0922030 0.0814177 0.1105697 0.0752658 
Pseudochiridae_Pseudocheirus_occidentalis    0.0580643 0.0681483 0.0695458 0.0721690 0.1032769 0.0627380 0.0630006 0.0718630 0.1153888 0.0637089 0.0995557 0.1023323 0.0605253 0.0653525 0.0928144 0.0972110 0.0951898 0.1105094 0.0670648 0.0248668 0.1264274 0.1174894 0.0903377 0.0687708 0.0983176 0.0421085 0.0702283 0.0000000 0.0709640 0.0677055 0.0618587 0.1030560 0.0990296 0.1189713 0.0806240 
Tarsipedidae_Tarsipes_rostratus              0.0646746 0.0716428 0.0731887 0.0781104 0.1019362 0.0720941 0.0725390 0.0763956 0.1046419 0.0757783 0.0999602 0.1106407 0.0724524 0.0687350 0.1023361 0.1004408 0.0961017 0.0994510 0.0754911 0.0578773 0.1340909 0.1250471 0.1005807 0.0743444 0.1066200 0.0627100 0.0760396 0.0709640 0.0000000 0.0768774 0.0712534 0.0922390 0.1019295 0.1083507 0.0920963 
Acrobatidae_Distoechurus_pennatus            0.0524583 0.0701626 0.0620465 0.0667338 0.0961680 0.0595612 0.0617358 0.0635267 0.1092711 0.0594163 0.0950806 0.1017138 0.0628727 0.0411456 0.0879982 0.0937813 0.0896082 0.1037156 0.0634387 0.0604488 0.1201455 0.1149882 0.0830489 0.0608507 0.0826254 0.0616582 0.0658175 0.0677055 0.0768774 0.0000000 0.0617700 0.0984512 0.0935335 0.1136557 0.0760390 
Phalangeridae_Phalanger_carmelitae           0.0422042 0.0575557 0.0580416 0.0620911 0.0854819 0.0271048 0.0131291 0.0606890 0.0983575 0.0153277 0.0804944 0.0927876 0.0057561 0.0550004 0.0792916 0.0830880 0.0794388 0.0949329 0.0612874 0.0611419 0.1163605 0.1045059 0.0763526 0.0604616 0.0814788 0.0533263 0.0618441 0.0618587 0.0712534 0.0617700 0.0000000 0.0885801 0.0816550 0.1024074 0.0735767 
Peramelidae_Peroryctes_raffrayana            0.0836932 0.0798794 0.0935421 0.0971742 0.0987812 0.0848775 0.0884002 0.0975741 0.0209266 0.0895206 0.0903874 0.1035917 0.0869968 0.0947160 0.0915011 0.0947993 0.0840442 0.0134660 0.0855914 0.0952501 0.1281510 0.1155701 0.0896595 0.0927945 0.0919937 0.0890505 0.0922030 0.1030560 0.0922390 0.0984512 0.0885801 0.0000000 0.0972294 0.0228712 0.0800252 
Dasyuridae_Dasyurus_geffroii                 0.0748032 0.0735968 0.0811832 0.0862168 0.0101416 0.0744519 0.0797333 0.0807916 0.1046298 0.0804873 0.0182373 0.0331565 0.0802857 0.0871392 0.0195168 0.0107742 0.0217071 0.1037517 0.0779987 0.0915208 0.1278690 0.1179484 0.0181007 0.0836036 0.0838561 0.0829915 0.0814177 0.0990296 0.1019295 0.0935335 0.0816550 0.0972294 0.0000000 0.1079620 0.0700428 
Peramelidae_Perameles_gunnii                 0.0912997 0.0909407 0.1089048 0.1137576 0.1107296 0.0980284 0.1030571 0.1132702 0.0024119 0.1032140 0.1058123 0.1105002 0.1023078 0.1108328 0.1045319 0.1068556 0.1013593 0.0204573 0.1049707 0.1082858 0.1417003 0.1253320 0.1011354 0.1076278 0.1068397 0.0991079 0.1105697 0.1189713 0.1083507 0.1136557 0.1024074 0.0228712 0.1079620 0.0000000 0.0935977 
Notoryctidae_Notoryctes_typhlops             0.0637112 0.0623741 0.0709873 0.0735410 0.0762053 0.0686097 0.0727496 0.0724233 0.0930635 0.0719546 0.0706191 0.0776573 0.0753098 0.0688301 0.0680386 0.0717796 0.0702740 0.0914709 0.0745865 0.0729362 0.1188590 0.1117119 0.0655618 0.0715614 0.0606036 0.0634420 0.0752658 0.0806240 0.0920963 0.0760390 0.0735767 0.0800252 0.0700428 0.0935977 0.0000000 
