37
Burramyidae_Burramys_parvus                  0.0000000 0.0620713 0.0660617 0.0541690 0.0554239 0.0729569 0.0464482 0.0495299 0.0496836 0.1019650 0.0505548 0.0698079 0.0767097 0.0432602 0.0587062 0.0657946 0.0674665 0.0763308 0.0937160 0.0498783 0.0567978 0.1090173 0.0995993 0.0681597 0.0514870 0.0707715 0.0591741 0.0489163 0.0599961 0.0867142 0.0588592 0.0453208 0.0971563 0.0702146 0.0931413 0.0490236 0.0490236 
Notoryctidae_Notoryctes_typhlops             0.0620713 0.0000000 0.0794552 0.0642635 0.0669985 0.0713870 0.0583697 0.0622991 0.0620891 0.1020286 0.0641777 0.0637583 0.0808398 0.0565207 0.0675096 0.0655276 0.0656234 0.0783647 0.0988954 0.0608818 0.0657293 0.1179634 0.1148815 0.0719709 0.0667769 0.0786758 0.0696701 0.0592266 0.0651409 0.1024949 0.0745499 0.0579829 0.0953449 0.0712945 0.0979431 0.0561074 0.0561074 
Vombatidae_Lasiorhinus_latifrons             0.0660617 0.0794552 0.0000000 0.0662772 0.0670053 0.0884414 0.0622632 0.0683507 0.0623837 0.1156349 0.0681345 0.0794169 0.0903049 0.0609590 0.0759658 0.0774550 0.0810472 0.0954585 0.1024865 0.0637692 0.0746261 0.1323475 0.1211214 0.0852986 0.0636311 0.0792230 0.0779716 0.0635011 0.0789431 0.1011665 0.0784762 0.0666866 0.1118020 0.0842141 0.1080908 0.0567281 0.0567281 
Potoroidae_Bettongia_penicillata             0.0541690 0.0642635 0.0662772 0.0000000 0.0041875 0.0765179 0.0472926 0.0498183 0.0122460 0.1066088 0.0534675 0.0712021 0.0864839 0.0436084 0.0606270 0.0710025 0.0717537 0.0831746 0.0918613 0.0288163 0.0550856 0.1125317 0.1010902 0.0759668 0.0388668 0.0751855 0.0588552 0.0289506 0.0604572 0.0901461 0.0566538 0.0468927 0.0961852 0.0743903 0.0944608 0.0524710 0.0524710 
Potoroidae_Bettongia_lesueur                 0.0554239 0.0669985 0.0670053 0.0041875 0.0000000 0.0752313 0.0472500 0.0518848 0.0122586 0.1069040 0.0522263 0.0713494 0.0851607 0.0454613 0.0604632 0.0724100 0.0703880 0.0827841 0.0940453 0.0300092 0.0562963 0.1110873 0.1030650 0.0747545 0.0394790 0.0778539 0.0590794 0.0289794 0.0617698 0.0908999 0.0560068 0.0475122 0.0964552 0.0744450 0.0966676 0.0483631 0.0483631 
Dasyuridae_Dasyurus_maculatus                0.0729569 0.0713870 0.0884414 0.0765179 0.0752313 0.0000000 0.0633463 0.0688653 0.0723380 0.1120528 0.0695565 0.0194190 0.0398709 0.0636229 0.0833036 0.0202667 0.0114489 0.0301469 0.1058989 0.0710734 0.0747169 0.1207110 0.1098363 0.0232825 0.0743241 0.0760884 0.0744296 0.0668017 0.0859309 0.1103747 0.0884491 0.0674310 0.1055608 0.0111691 0.1046373 0.0156211 0.0156211 
Phalangeridae_Trichosurus_vulpecula          0.0464482 0.0583697 0.0622632 0.0472926 0.0472500 0.0633463 0.0000000 0.0194851 0.0447958 0.0852426 0.0223634 0.0546468 0.0756196 0.0177540 0.0493947 0.0544869 0.0585173 0.0659769 0.0838187 0.0468721 0.0514878 0.0990330 0.0946539 0.0582730 0.0431275 0.0617536 0.0525805 0.0434434 0.0462211 0.0860076 0.0552017 0.0202943 0.0777884 0.0594500 0.0812078 0.0540848 0.0540848 
Phalangeridae_Spilocuscus_maculatus          0.0495299 0.0622991 0.0683507 0.0498183 0.0518848 0.0688653 0.0194851 0.0000000 0.0485571 0.0954555 0.0219764 0.0639035 0.0808318 0.0126466 0.0549882 0.0613441 0.0664902 0.0724851 0.0924086 0.0481425 0.0537418 0.1120912 0.1028608 0.0673053 0.0513165 0.0680110 0.0593003 0.0516251 0.0508306 0.0887052 0.0617612 0.0155281 0.0852821 0.0687922 0.0922002 0.0368458 0.0368458 
Potoroidae_Aepyprymnus_rufescens             0.0496836 0.0620891 0.0623837 0.0122460 0.0122586 0.0723380 0.0447958 0.0485571 0.0000000 0.1020288 0.0509624 0.0677485 0.0822224 0.0411161 0.0544172 0.0674048 0.0675420 0.0789884 0.0896854 0.0253301 0.0530542 0.1112595 0.1017298 0.0704828 0.0377654 0.0736158 0.0589797 0.0254604 0.0597946 0.0886095 0.0533339 0.0442590 0.0916109 0.0709011 0.0922619 0.0406558 0.0406558 
Peramelidae_Perameles_nasuta                 0.1019650 0.1020286 0.1156349 0.1066088 0.1069040 0.1120528 0.0852426 0.0954555 0.1020288 0.0000000 0.0913750 0.1076650 0.1191634 0.0893275 0.0999037 0.1054888 0.1097227 0.1067592 0.0215035 0.0967627 0.1022400 0.1495039 0.1422772 0.1100244 0.0950131 0.1094950 0.1103333 0.0944216 0.1035977 0.1532907 0.1131603 0.0887361 0.0177566 0.1072965 0.0006645 0.0843505 0.0843505 
Phalangeridae_Strigocuscus_pelengensis       0.0505548 0.0641777 0.0681345 0.0534675 0.0522263 0.0695565 0.0223634 0.0219764 0.0509624 0.0913750 0.0000000 0.0647244 0.0819109 0.0184023 0.0546922 0.0616435 0.0673025 0.0723003 0.0897144 0.0505017 0.0573325 0.1053344 0.1007807 0.0667123 0.0522828 0.0692107 0.0615671 0.0508024 0.0529053 0.0916016 0.0623008 0.0168341 0.0793407 0.0701375 0.0905603 0.0413097 0.0413097 
Dasyuridae_Phascogale_tapoatafa              0.0698079 0.0637583 0.0794169 0.0712021 0.0713494 0.0194190 0.0546468 0.0639035 0.0677485 0.1076650 0.0647244 0.0000000 0.0375535 0.0572541 0.0789155 0.0033586 0.0141462 0.0276660 0.1023185 0.0693423 0.0744778 0.1125133 0.1024408 0.0119082 0.0693503 0.0750492 0.0713961 0.0641544 0.0809382 0.1048393 0.0816792 0.0598020 0.1011442 0.0170426 0.0981053 0.0158601 0.0158601 
Dasyuridae_Sminthopsis_macroura              0.0767097 0.0808398 0.0903049 0.0864839 0.0851607 0.0398709 0.0756196 0.0808318 0.0822224 0.1191634 0.0819109 0.0375535 0.0000000 0.0735695 0.0907812 0.0387386 0.0359422 0.0280740 0.1129324 0.0807593 0.0832496 0.1203958 0.1144093 0.0392035 0.0848446 0.0817991 0.0794967 0.0764273 0.0841548 0.1117837 0.0953188 0.0765142 0.1184429 0.0344214 0.1122352 0.0335655 0.0335655 
Phalangeridae_Phalanger_orientalis           0.0432602 0.0565207 0.0609590 0.0436084 0.0454613 0.0636229 0.0177540 0.0126466 0.0411161 0.0893275 0.0184023 0.0572541 0.0735695 0.0000000 0.0514476 0.0544111 0.0599449 0.0650885 0.0859879 0.0420098 0.0501782 0.1011048 0.0951455 0.0602041 0.0462319 0.0632220 0.0538132 0.0428934 0.0469111 0.0837254 0.0553219 0.0065154 0.0793214 0.0635284 0.0833592 0.0408330 0.0408330 
Acrobatidae_Acrobates_pygmaeus               0.0587062 0.0675096 0.0759658 0.0606270 0.0604632 0.0833036 0.0493947 0.0549882 0.0544172 0.0999037 0.0546922 0.0789155 0.0907812 0.0514476 0.0000000 0.0788798 0.0765953 0.0911232 0.0963046 0.0583446 0.0475562 0.1194985 0.1101319 0.0838744 0.0548234 0.0748114 0.0608383 0.0576950 0.0503954 0.0890294 0.0511849 0.0568129 0.0920273 0.0815360 0.0976922 0.0441060 0.0441060 
Dasyuridae_Phascogale_calura                 0.0657946 0.0655276 0.0774550 0.0710025 0.0724100 0.0202667 0.0544869 0.0613441 0.0674048 0.1054888 0.0616435 0.0033586 0.0387386 0.0544111 0.0788798 0.0000000 0.0180319 0.0288297 0.0984776 0.0655776 0.0717621 0.1168554 0.1050687 0.0133518 0.0660990 0.0715083 0.0692574 0.0609742 0.0777750 0.1019777 0.0810155 0.0578973 0.0979536 0.0179202 0.0956955 0.0135919 0.0135919 
Dasyuridae_Sarcophilus_harrisii              0.0674665 0.0656234 0.0810472 0.0717537 0.0703880 0.0114489 0.0585173 0.0664902 0.0675420 0.1097227 0.0673025 0.0141462 0.0359422 0.0599449 0.0765953 0.0180319 0.0000000 0.0290543 0.1030209 0.0683963 0.0731539 0.1146412 0.1052310 0.0191778 0.0688576 0.0705896 0.0729166 0.0639738 0.0854442 0.1074946 0.0802645 0.0618803 0.1062235 0.0075744 0.1011252 0.0156163 0.0156163 
Dasyuridae_Planigale_tenuirostris            0.0763308 0.0783647 0.0954585 0.0831746 0.0827841 0.0301469 0.0659769 0.0724851 0.0789884 0.1067592 0.0723003 0.0276660 0.0280740 0.0650885 0.0911232 0.0288297 0.0290543 0.0000000 0.1060815 0.0763753 0.0808993 0.1330025 0.1169246 0.0280556 0.0800010 0.0813110 0.0755456 0.0747284 0.0895885 0.1165092 0.0970304 0.0639977 0.1078542 0.0287112 0.1003741 0.0213990 0.0213990 
Peramelidae_Echymipera_kalubu                0.0937160 0.0988954 0.1024865 0.0918613 0.0940453 0.1058989 0.0838187 0.0924086 0.0896854 0.0215035 0.0897144 0.1023185 0.1129324 0.0859879 0.0963046 0.0984776 0.1030209 0.1060815 0.0000000 0.0860919 0.0931479 0.1402369 0.1332986 0.1025437 0.0890121 0.1049054 0.1004441 0.0831241 0.1077465 0.1411502 0.1029494 0.0896276 0.0146493 0.1027797 0.0206334 0.0589558 0.0589558 
Macropodidae_Dorcopsulus_vanheurni           0.0498783 0.0608818 0.0637692 0.0288163 0.0300092 0.0710734 0.0468721 0.0481425 0.0253301 0.0967627 0.0505017 0.0693423 0.0807593 0.0420098 0.0583446 0.0655776 0.0683963 0.0763753 0.0860919 0.0000000 0.0528958 0.1137007 0.1038850 0.0726359 0.0398202 0.0684163 0.0586518 0.0095940 0.0581932 0.0867575 0.0556701 0.0451951 0.0863723 0.0710451 0.0885065 0.0484316 0.0484316 
Pseudochiridae_Pseudochirulus_forbesi        0.0567978 0.0657293 0.0746261 0.0550856 0.0562963 0.0747169 0.0514878 0.0537418 0.0530542 0.1022400 0.0573325 0.0744778 0.0832496 0.0501782 0.0475562 0.0717621 0.0731539 0.0808993 0.0931479 0.0528958 0.0000000 0.1115435 0.1026735 0.0782753 0.0533453 0.0704442 0.0320169 0.0531663 0.0283096 0.0768248 0.0592062 0.0519286 0.0936714 0.0726964 0.0951689 0.0510338 0.0510338 
Didelphidae_Didelphis_virginiana             0.1090173 0.1179634 0.1323475 0.1125317 0.1110873 0.1207110 0.0990330 0.1120912 0.1112595 0.1495039 0.1053344 0.1125133 0.1203958 0.1011048 0.1194985 0.1168554 0.1146412 0.1330025 0.1402369 0.1137007 0.1115435 0.0000000 0.0461819 0.1199234 0.1104045 0.1113796 0.1114791 0.1103607 0.1208831 0.1314059 0.1108397 0.1058530 0.1583611 0.1190272 0.1353009 0.0879969 0.0879969 
Marmosidae_Monodelphis_domestica             0.0995993 0.1148815 0.1211214 0.1010902 0.1030650 0.1098363 0.0946539 0.1028608 0.1017298 0.1422772 0.1007807 0.1024408 0.1144093 0.0951455 0.1101319 0.1050687 0.1052310 0.1169246 0.1332986 0.1038850 0.1026735 0.0461819 0.0000000 0.1085833 0.1040402 0.1050170 0.1163513 0.1043035 0.1220340 0.1336950 0.1139450 0.0977008 0.1380628 0.1073364 0.1295133 0.0659679 0.0659679 
Dasyuridae_Antechinus_stuartii               0.0681597 0.0719709 0.0852986 0.0759668 0.0747545 0.0232825 0.0582730 0.0673053 0.0704828 0.1100244 0.0667123 0.0119082 0.0392035 0.0602041 0.0838744 0.0133518 0.0191778 0.0280556 0.1025437 0.0726359 0.0782753 0.1199234 0.1085833 0.0000000 0.0712135 0.0773067 0.0728639 0.0674600 0.0856452 0.1045332 0.0866007 0.0632352 0.1032388 0.0192615 0.1019470 0.0194950 0.0194950 
Hypsiprymnodontidae_Hypsiprymnodon_moschatus 0.0514870 0.0667769 0.0636311 0.0388668 0.0394790 0.0743241 0.0431275 0.0513165 0.0377654 0.0950131 0.0522828 0.0693503 0.0848446 0.0462319 0.0548234 0.0660990 0.0688576 0.0800010 0.0890121 0.0398202 0.0533453 0.1104045 0.1040402 0.0712135 0.0000000 0.0646389 0.0598139 0.0370644 0.0560971 0.0907278 0.0594456 0.0496684 0.0854758 0.0716250 0.0909388 0.0626306 0.0626306 
Microbiotheriidae_Dromiciops_gliroides       0.0707715 0.0786758 0.0792230 0.0751855 0.0778539 0.0760884 0.0617536 0.0680110 0.0736158 0.1094950 0.0692107 0.0750492 0.0817991 0.0632220 0.0748114 0.0715083 0.0705896 0.0813110 0.1049054 0.0684163 0.0704442 0.1113796 0.1050170 0.0773067 0.0646389 0.0000000 0.0794422 0.0692680 0.0775296 0.0927275 0.0759932 0.0663249 0.1048028 0.0706301 0.1007686 0.0471423 0.0471423 
Pseudochiridae_Petauroides_volans            0.0591741 0.0696701 0.0779716 0.0588552 0.0590794 0.0744296 0.0525805 0.0593003 0.0589797 0.1103333 0.0615671 0.0713961 0.0794967 0.0538132 0.0608383 0.0692574 0.0729166 0.0755456 0.1004441 0.0586518 0.0320169 0.1114791 0.1163513 0.0728639 0.0598139 0.0794422 0.0000000 0.0564236 0.0292225 0.0799888 0.0606114 0.0557480 0.1024063 0.0720125 0.1005409 0.0568662 0.0568662 
Macropodidae_Wallabia_bicolor                0.0489163 0.0592266 0.0635011 0.0289506 0.0289794 0.0668017 0.0434434 0.0516251 0.0254604 0.0944216 0.0508024 0.0641544 0.0764273 0.0428934 0.0576950 0.0609742 0.0639738 0.0747284 0.0831241 0.0095940 0.0531663 0.1103607 0.1043035 0.0674600 0.0370644 0.0692680 0.0564236 0.0000000 0.0575397 0.0865348 0.0578950 0.0448031 0.0849775 0.0654682 0.0869480 0.0458154 0.0458154 
Pseudochiridae_Pseudocheirus_occidentalis    0.0599961 0.0651409 0.0789431 0.0604572 0.0617698 0.0859309 0.0462211 0.0508306 0.0597946 0.1035977 0.0529053 0.0809382 0.0841548 0.0469111 0.0503954 0.0777750 0.0854442 0.0895885 0.1077465 0.0581932 0.0283096 0.1208831 0.1220340 0.0856452 0.0560971 0.0775296 0.0292225 0.0575397 0.0000000 0.0871143 0.0576290 0.0462448 0.1009279 0.0834492 0.1057102 0.1031071 0.1031071 
Tarsipedidae_Tarsipes_rostratus              0.0867142 0.1024949 0.1011665 0.0901461 0.0908999 0.1103747 0.0860076 0.0887052 0.0886095 0.1532907 0.0916016 0.1048393 0.1117837 0.0837254 0.0890294 0.1019777 0.1074946 0.1165092 0.1411502 0.0867575 0.0768248 0.1314059 0.1336950 0.1045332 0.0907278 0.0927275 0.0799888 0.0865348 0.0871143 0.0000000 0.0892096 0.0881913 0.1500944 0.1056934 0.1388440 0.0467786 0.0467786 
Acrobatidae_Distoechurus_pennatus            0.0588592 0.0745499 0.0784762 0.0566538 0.0560068 0.0884491 0.0552017 0.0617612 0.0533339 0.1131603 0.0623008 0.0816792 0.0953188 0.0553219 0.0511849 0.0810155 0.0802645 0.0970304 0.1029494 0.0556701 0.0592062 0.1108397 0.1139450 0.0866007 0.0594456 0.0759932 0.0606114 0.0578950 0.0576290 0.0892096 0.0000000 0.0586372 0.1107287 0.0831561 0.1048692 0.0466805 0.0466805 
Phalangeridae_Phalanger_carmelitae           0.0453208 0.0579829 0.0666866 0.0468927 0.0475122 0.0674310 0.0202943 0.0155281 0.0442590 0.0887361 0.0168341 0.0598020 0.0765142 0.0065154 0.0568129 0.0578973 0.0618803 0.0639977 0.0896276 0.0451951 0.0519286 0.1058530 0.0977008 0.0632352 0.0496684 0.0663249 0.0557480 0.0448031 0.0462448 0.0881913 0.0586372 0.0000000 0.0786986 0.0653079 0.0860858 0.0445435 0.0445435 
Peramelidae_Peroryctes_raffrayana            0.0971563 0.0953449 0.1118020 0.0961852 0.0964552 0.1055608 0.0777884 0.0852821 0.0916109 0.0177566 0.0793407 0.1011442 0.1184429 0.0793214 0.0920273 0.0979536 0.1062235 0.1078542 0.0146493 0.0863723 0.0936714 0.1583611 0.1380628 0.1032388 0.0854758 0.1048028 0.1024063 0.0849775 0.1009279 0.1500944 0.1107287 0.0786986 0.0000000 0.1037558 0.0167965 0.0300245 0.0300245 
Dasyuridae_Dasyurus_geffroii                 0.0702146 0.0712945 0.0842141 0.0743903 0.0744450 0.0111691 0.0594500 0.0687922 0.0709011 0.1072965 0.0701375 0.0170426 0.0344214 0.0635284 0.0815360 0.0179202 0.0075744 0.0287112 0.1027797 0.0710451 0.0726964 0.1190272 0.1073364 0.0192615 0.0716250 0.0706301 0.0720125 0.0654682 0.0834492 0.1056934 0.0831561 0.0653079 0.1037558 0.0000000 0.1001654 0.0123586 0.0123586 
Peramelidae_Perameles_gunnii                 0.0931413 0.0979431 0.1080908 0.0944608 0.0966676 0.1046373 0.0812078 0.0922002 0.0922619 0.0006645 0.0905603 0.0981053 0.1122352 0.0833592 0.0976922 0.0956955 0.1011252 0.1003741 0.0206334 0.0885065 0.0951689 0.1353009 0.1295133 0.1019470 0.0909388 0.1007686 0.1005409 0.0869480 0.1057102 0.1388440 0.1048692 0.0860858 0.0167965 0.1001654 0.0000000 0.0800534 0.0800534 
Myrmecobiidae_Myrmecobius_fasciatus1         0.0490236 0.0561074 0.0567281 0.0524710 0.0483631 0.0156211 0.0540848 0.0368458 0.0406558 0.0843505 0.0413097 0.0158601 0.0335655 0.0408330 0.0441060 0.0135919 0.0156163 0.0213990 0.0589558 0.0484316 0.0510338 0.0879969 0.0659679 0.0194950 0.0626306 0.0471423 0.0568662 0.0458154 0.1031071 0.0467786 0.0466805 0.0445435 0.0300245 0.0123586 0.0800534 0.0000000 0.0000010 
Myrmecobiidae_Myrmecobius_fasciatus2         0.0490236 0.0561074 0.0567281 0.0524710 0.0483631 0.0156211 0.0540848 0.0368458 0.0406558 0.0843505 0.0413097 0.0158601 0.0335655 0.0408330 0.0441060 0.0135919 0.0156163 0.0213990 0.0589558 0.0484316 0.0510338 0.0879969 0.0659679 0.0194950 0.0626306 0.0471423 0.0568662 0.0458154 0.1031071 0.0467786 0.0466805 0.0445435 0.0300245 0.0123586 0.0800534 0.0000010 0.0000000 
