35
Burramyidae_Burramys_parvus                  0.0000000 0.0877872 0.0677003 0.0775367 0.0866843 0.1106106 0.0729445 0.0649162 0.0835951 0.0610287 0.0986211 0.1025031 0.0651960 0.0999759 0.0985401 0.1088081 0.0715734 0.0938682 0.0753869 0.0601778 0.1109682 0.1165000 0.0976004 0.0853935 0.0761836 0.0857723 0.0641650 0.0787162 0.0645849 0.0795834 0.1113224 0.0999688 0.1229887 0.0575933 0.1046751 
Notoryctidae_Notoryctes_typhlops             0.0877872 0.0000000 0.0838878 0.0949283 0.1027233 0.1148969 0.0966890 0.0878002 0.1003566 0.0792099 0.1136117 0.1228809 0.0873465 0.1260344 0.1133371 0.1106652 0.0853224 0.0943465 0.0945590 0.0773461 0.1216191 0.1282530 0.1013019 0.1066036 0.0933285 0.1014395 0.0882501 0.0928026 0.0853057 0.1002084 0.1156063 0.1020183 0.1286451 0.0589544 0.1046872 
Vombatidae_Lasiorhinus_latifrons             0.0677003 0.0838878 0.0000000 0.0767580 0.0809160 0.0709985 0.0799135 0.0671446 0.0848123 0.0612722 0.0756746 0.0785447 0.0689030 0.1142684 0.0762998 0.0693507 0.0538646 0.0911629 0.0771013 0.0559084 0.0658811 0.0725422 0.0612691 0.0522643 0.0377487 0.0825671 0.0676544 0.0818716 0.0532291 0.0828542 0.0704037 0.0944731 0.0781361 0.0301195 0.1083655 
Potoroidae_Bettongia_penicillata             0.0775367 0.0949283 0.0767580 0.0000000 0.0095151 0.1196931 0.0755962 0.0695208 0.0150281 0.0618941 0.1159671 0.1258164 0.0678095 0.1086657 0.1192627 0.1159963 0.0845019 0.0990474 0.0308513 0.0730922 0.1180516 0.1170453 0.1077224 0.0723583 0.0901131 0.0345689 0.0806239 0.0896281 0.0735391 0.0822562 0.1200803 0.1027187 0.1353811 0.0661161 0.0927977 
Potoroidae_Bettongia_lesueur                 0.0866843 0.1027233 0.0809160 0.0095151 0.0000000 0.1267697 0.0873290 0.0805540 0.0178602 0.0728943 0.1212929 0.1316786 0.0755493 0.1211707 0.1253676 0.1222764 0.0937150 0.1072635 0.0405550 0.0792972 0.1251293 0.1271061 0.1142495 0.0783375 0.0949321 0.0480803 0.0880406 0.0956485 0.0847638 0.0881896 0.1262686 0.1153866 0.1379947 0.0746382 0.1121953 
Dasyuridae_Dasyurus_maculatus                0.1106106 0.1148969 0.0709985 0.1196931 0.1267697 0.0000000 0.1301963 0.1171892 0.1305515 0.1070604 0.0421428 0.0498898 0.1142286 0.1571410 0.0398792 0.0129747 0.0229725 0.1177639 0.1203863 0.1028605 0.1003084 0.1025060 0.0244790 0.0865658 0.0785822 0.1289301 0.1173736 0.1228902 0.0935695 0.1292252 0.0070918 0.1271363 0.1042382 0.0608081 0.1207255 
Phalangeridae_Trichosurus_vulpecula          0.0729445 0.0966890 0.0799135 0.0755962 0.0873290 0.1301963 0.0000000 0.0493210 0.0843326 0.0444622 0.1240593 0.1325707 0.0598495 0.1185898 0.1270249 0.1265536 0.0933096 0.1060615 0.0811928 0.0729693 0.1214781 0.1265132 0.1166820 0.0984852 0.0898817 0.0882085 0.0848405 0.0831298 0.0794683 0.0736051 0.1296999 0.1094696 0.1484953 0.0738847 0.1232744 
Phalangeridae_Spilocuscus_maculatus          0.0649162 0.0878002 0.0671446 0.0695208 0.0805540 0.1171892 0.0493210 0.0000000 0.0768508 0.0153311 0.1088547 0.1170519 0.0449901 0.1117221 0.1117652 0.1145287 0.0808391 0.0974443 0.0734352 0.0610635 0.1150462 0.1153504 0.1039526 0.0874646 0.0768135 0.0799052 0.0701482 0.0755136 0.0669958 0.0611411 0.1166804 0.0964604 0.1292430 0.0636462 0.1061767 
Potoroidae_Aepyprymnus_rufescens             0.0835951 0.1003566 0.0848123 0.0150281 0.0178602 0.1305515 0.0843326 0.0768508 0.0000000 0.0701735 0.1227330 0.1325718 0.0720096 0.1238645 0.1274590 0.1276153 0.0916775 0.1059781 0.0361088 0.0781598 0.1265080 0.1287427 0.1171322 0.0804861 0.0988608 0.0449306 0.0874014 0.0942469 0.0795885 0.0864295 0.1300573 0.1148872 0.1415224 0.0703550 0.1092358 
Phalangeridae_Strigocuscus_pelengensis       0.0610287 0.0792099 0.0612722 0.0618941 0.0728943 0.1070604 0.0444622 0.0153311 0.0701735 0.0000000 0.0995112 0.1085684 0.0399893 0.1065546 0.1033607 0.1044413 0.0721654 0.0931252 0.0669052 0.0545422 0.1058041 0.1082038 0.0955395 0.0811934 0.0706106 0.0745854 0.0647118 0.0735849 0.0589358 0.0573563 0.1079369 0.0922577 0.1231856 0.0556777 0.1024418 
Dasyuridae_Phascogale_tapoatafa              0.0986211 0.1136117 0.0756746 0.1159671 0.1212929 0.0421428 0.1240593 0.1088547 0.1227330 0.0995112 0.0000000 0.0324285 0.1075000 0.1512714 0.0044764 0.0392305 0.0190734 0.1176566 0.1176215 0.0951034 0.1096987 0.1111632 0.0267390 0.0886225 0.0848348 0.1255124 0.1068898 0.1168905 0.0809988 0.1221339 0.0422706 0.1320291 0.0821423 0.0526255 0.1210826 
Dasyuridae_Sminthopsis_macroura              0.1025031 0.1228809 0.0785447 0.1258164 0.1316786 0.0498898 0.1325707 0.1170519 0.1325718 0.1085684 0.0324285 0.0000000 0.1174820 0.1551994 0.0302760 0.0467965 0.0182642 0.1260525 0.1272048 0.1033283 0.1172159 0.1170277 0.0434979 0.1009516 0.0967170 0.1353309 0.1198540 0.1246488 0.0891195 0.1326009 0.0500405 0.1352485 0.0805286 0.0558259 0.1310985 
Phalangeridae_Phalanger_orientalis           0.0651960 0.0873465 0.0689030 0.0678095 0.0755493 0.1142286 0.0598495 0.0449901 0.0720096 0.0399893 0.1075000 0.1174820 0.0000000 0.0968855 0.1112511 0.1115906 0.0742640 0.0963416 0.0704032 0.0594543 0.1156171 0.1123680 0.1010826 0.0846330 0.0792339 0.0765463 0.0646469 0.0757093 0.0629449 0.0226190 0.1137171 0.0977200 0.1261185 0.0579193 0.0974833 
Acrobatidae_Acrobates_pygmaeus               0.0999759 0.1260344 0.1142684 0.1086657 0.1211707 0.1571410 0.1185898 0.1117221 0.1238645 0.1065546 0.1512714 0.1551994 0.0968855 0.0000000 0.1537909 0.1542498 0.1129042 0.1335552 0.1186934 0.1016856 0.1439500 0.1510907 0.1478699 0.1347906 0.1211414 0.1265710 0.0922028 0.1175736 0.0845750 0.1098551 0.1576634 0.1365782 0.1435174 0.0688913 0.1003617 
Dasyuridae_Phascogale_calura                 0.0985401 0.1133371 0.0762998 0.1192627 0.1253676 0.0398792 0.1270249 0.1117652 0.1274590 0.1033607 0.0044764 0.0302760 0.1112511 0.1537909 0.0000000 0.0369933 0.0168080 0.1208207 0.1223462 0.0965335 0.1103045 0.1091840 0.0252861 0.0914214 0.0871402 0.1303174 0.1097505 0.1201059 0.0840761 0.1260922 0.0399997 0.1335039 0.0843122 0.0545881 0.1233150 
Dasyuridae_Sarcophilus_harrisii              0.1088081 0.1106652 0.0693507 0.1159963 0.1222764 0.0129747 0.1265536 0.1145287 0.1276153 0.1044413 0.0392305 0.0467965 0.1115906 0.1542498 0.0369933 0.0000000 0.0221348 0.1152415 0.1192949 0.1017171 0.0994485 0.0999473 0.0230547 0.0827076 0.0777007 0.1262063 0.1118844 0.1192698 0.0905881 0.1264871 0.0150173 0.1254577 0.1043115 0.0587089 0.1194844 
Dasyuridae_Planigale_tenuirostris            0.0715734 0.0853224 0.0538646 0.0845019 0.0937150 0.0229725 0.0933096 0.0808391 0.0916775 0.0721654 0.0190734 0.0182642 0.0742640 0.1129042 0.0168080 0.0221348 0.0000000 0.0907373 0.0806450 0.0663868 0.0864320 0.0872735 0.0153309 0.0707210 0.0661179 0.0954986 0.0775942 0.0877213 0.0785702 0.0896503 0.0229433 0.1020870 0.0675880 0.0492209 0.0848951 
Peramelidae_Echymipera_kalubu                0.0938682 0.0943465 0.0911629 0.0990474 0.1072635 0.1177639 0.1060615 0.0974443 0.1059781 0.0931252 0.1176566 0.1260525 0.0963416 0.1335552 0.1208207 0.1152415 0.0907373 0.0000000 0.0985980 0.0890747 0.1204391 0.1286935 0.1116039 0.1182757 0.1038848 0.1103976 0.0958326 0.1054219 0.0965724 0.1109486 0.1172623 0.0311336 0.0696544 0.0658541 0.0465429 
Macropodidae_Dorcopsulus_vanheurni           0.0753869 0.0945590 0.0771013 0.0308513 0.0405550 0.1203863 0.0811928 0.0734352 0.0361088 0.0669052 0.1176215 0.1272048 0.0704032 0.1186934 0.1223462 0.1192949 0.0806450 0.0985980 0.0000000 0.0708430 0.1154132 0.1183842 0.1119852 0.0784750 0.0876167 0.0284823 0.0753552 0.0873886 0.0785584 0.0838780 0.1216811 0.1052373 0.1327612 0.0593730 0.1005419 
Pseudochiridae_Pseudochirulus_forbesi        0.0601778 0.0773461 0.0559084 0.0730922 0.0792972 0.1028605 0.0729693 0.0610635 0.0781598 0.0545422 0.0951034 0.1033283 0.0594543 0.1016856 0.0965335 0.1017171 0.0663868 0.0890747 0.0708430 0.0000000 0.0933363 0.0968338 0.0908533 0.0773875 0.0454997 0.0804392 0.0242311 0.0587454 0.0525286 0.0753035 0.1007580 0.0907455 0.1006425 0.0474999 0.0896827 
Didelphidae_Didelphis_virginiana             0.1109682 0.1216191 0.0658811 0.1180516 0.1251293 0.1003084 0.1214781 0.1150462 0.1265080 0.1058041 0.1096987 0.1172159 0.1156171 0.1439500 0.1103045 0.0994485 0.0864320 0.1204391 0.1154132 0.0933363 0.0000000 0.0438239 0.0925794 0.0880320 0.0767769 0.1241559 0.0951301 0.1204181 0.0882155 0.1221525 0.0998412 0.1251648 0.1079505 0.0549508 0.1287815 
Marmosidae_Monodelphis_domestica             0.1165000 0.1282530 0.0725422 0.1170453 0.1271061 0.1025060 0.1265132 0.1153504 0.1287427 0.1082038 0.1111632 0.1170277 0.1123680 0.1510907 0.1091840 0.0999473 0.0872735 0.1286935 0.1183842 0.0968338 0.0438239 0.0000000 0.0914087 0.0902119 0.0830741 0.1288164 0.1006184 0.1262870 0.0925152 0.1215167 0.1024068 0.1357714 0.1046456 0.0546634 0.1249459 
Dasyuridae_Antechinus_stuartii               0.0976004 0.1013019 0.0612691 0.1077224 0.1142495 0.0244790 0.1166820 0.1039526 0.1171322 0.0955395 0.0267390 0.0434979 0.1010826 0.1478699 0.0252861 0.0230547 0.0153309 0.1116039 0.1119852 0.0908533 0.0925794 0.0914087 0.0000000 0.0746697 0.0723199 0.1180456 0.1004728 0.1133911 0.0833347 0.1158193 0.0245527 0.1231671 0.0976001 0.0509798 0.1095921 
Hypsiprymnodontidae_Hypsiprymnodon_moschatus 0.0853935 0.1066036 0.0522643 0.0723583 0.0783375 0.0865658 0.0984852 0.0874646 0.0804861 0.0811934 0.0886225 0.1009516 0.0846330 0.1347906 0.0914214 0.0827076 0.0707210 0.1182757 0.0784750 0.0773875 0.0880320 0.0902119 0.0746697 0.0000000 0.0578542 0.0856222 0.0841055 0.0958507 0.0650392 0.0954858 0.0875589 0.1216086 0.1045258 0.0590998 0.1319011 
Pseudochiridae_Petauroides_volans            0.0761836 0.0933285 0.0377487 0.0901131 0.0949321 0.0785822 0.0898817 0.0768135 0.0988608 0.0706106 0.0848348 0.0967170 0.0792339 0.1211414 0.0871402 0.0777007 0.0661179 0.1038848 0.0876167 0.0454997 0.0767769 0.0830741 0.0723199 0.0578542 0.0000000 0.0953569 0.0538646 0.0773580 0.0550274 0.0923065 0.0780501 0.1097452 0.0882818 0.0393643 0.1177912 
Macropodidae_Wallabia_bicolor                0.0857723 0.1014395 0.0825671 0.0345689 0.0480803 0.1289301 0.0882085 0.0799052 0.0449306 0.0745854 0.1255124 0.1353309 0.0765463 0.1265710 0.1303174 0.1262063 0.0954986 0.1103976 0.0284823 0.0804392 0.1241559 0.1288164 0.1180456 0.0856222 0.0953569 0.0000000 0.0860936 0.0973706 0.0872293 0.0944702 0.1310968 0.1183142 0.1461579 0.0705410 0.1138355 
Pseudochiridae_Pseudocheirus_occidentalis    0.0641650 0.0882501 0.0676544 0.0806239 0.0880406 0.1173736 0.0848405 0.0701482 0.0874014 0.0647118 0.1068898 0.1198540 0.0646469 0.0922028 0.1097505 0.1118844 0.0775942 0.0958326 0.0753552 0.0242311 0.0951301 0.1006184 0.1004728 0.0841055 0.0538646 0.0860936 0.0000000 0.0621244 0.0558633 0.0629185 0.1152656 0.0959479 0.1036468 0.0536318 0.0885585 
Tarsipedidae_Tarsipes_rostratus              0.0787162 0.0928026 0.0818716 0.0896281 0.0956485 0.1228902 0.0831298 0.0755136 0.0942469 0.0735849 0.1168905 0.1246488 0.0757093 0.1175736 0.1201059 0.1192698 0.0877213 0.1054219 0.0873886 0.0587454 0.1204181 0.1262870 0.1133911 0.0958507 0.0773580 0.0973706 0.0621244 0.0000000 0.0804884 0.0886940 0.1251180 0.1097041 0.1164299 0.0564620 0.1026682 
Acrobatidae_Distoechurus_pennatus            0.0645849 0.0853057 0.0532291 0.0735391 0.0847638 0.0935695 0.0794683 0.0669958 0.0795885 0.0589358 0.0809988 0.0891195 0.0629449 0.0845750 0.0840761 0.0905881 0.0785702 0.0965724 0.0785584 0.0525286 0.0882155 0.0925152 0.0833347 0.0650392 0.0550274 0.0872293 0.0558633 0.0804884 0.0000000 0.0752265 0.0903457 0.1040030 0.0638233 0.0431931 0.0885737 
Phalangeridae_Phalanger_carmelitae           0.0795834 0.1002084 0.0828542 0.0822562 0.0881896 0.1292252 0.0736051 0.0611411 0.0864295 0.0573563 0.1221339 0.1326009 0.0226190 0.1098551 0.1260922 0.1264871 0.0896503 0.1109486 0.0838780 0.0753035 0.1221525 0.1215167 0.1158193 0.0954858 0.0923065 0.0944702 0.0629185 0.0886940 0.0752265 0.0000000 0.1287305 0.1125557 0.1236929 0.0763310 0.1054029 
Dasyuridae_Dasyurus_geffroii                 0.1113224 0.1156063 0.0704037 0.1200803 0.1262686 0.0070918 0.1296999 0.1166804 0.1300573 0.1079369 0.0422706 0.0500405 0.1137171 0.1576634 0.0399997 0.0150173 0.0229433 0.1172623 0.1216811 0.1007580 0.0998412 0.1024068 0.0245527 0.0875589 0.0780501 0.1310968 0.1152656 0.1251180 0.0903457 0.1287305 0.0000000 0.1268050 0.1043636 0.0588293 0.1208730 
Peramelidae_Perameles_gunnii                 0.0999688 0.1020183 0.0944731 0.1027187 0.1153866 0.1271363 0.1094696 0.0964604 0.1148872 0.0922577 0.1320291 0.1352485 0.0977200 0.1365782 0.1335039 0.1254577 0.1020870 0.0311336 0.1052373 0.0907455 0.1251648 0.1357714 0.1231671 0.1216086 0.1097452 0.1183142 0.0959479 0.1097041 0.1040030 0.1125557 0.1268050 0.0000000 0.0567277 0.0708817 0.0441922 
Peramelidae_Perameles_nasuta                 0.1229887 0.1286451 0.0781361 0.1353811 0.1379947 0.1042382 0.1484953 0.1292430 0.1415224 0.1231856 0.0821423 0.0805286 0.1261185 0.1435174 0.0843122 0.1043115 0.0675880 0.0696544 0.1327612 0.1006425 0.1079505 0.1046456 0.0976001 0.1045258 0.0882818 0.1461579 0.1036468 0.1164299 0.0638233 0.1236929 0.1043636 0.0567277 0.0000000 0.0648069 0.0845105 
Microbiotheriidae_Dromiciops_gliroides       0.0575933 0.0589544 0.0301195 0.0661161 0.0746382 0.0608081 0.0738847 0.0636462 0.0703550 0.0556777 0.0526255 0.0558259 0.0579193 0.0688913 0.0545881 0.0587089 0.0492209 0.0658541 0.0593730 0.0474999 0.0549508 0.0546634 0.0509798 0.0590998 0.0393643 0.0705410 0.0536318 0.0564620 0.0431931 0.0763310 0.0588293 0.0708817 0.0648069 0.0000000 0.0878561 
Peramelidae_Peroryctes_raffrayana            0.1046751 0.1046872 0.1083655 0.0927977 0.1121953 0.1207255 0.1232744 0.1061767 0.1092358 0.1024418 0.1210826 0.1310985 0.0974833 0.1003617 0.1233150 0.1194844 0.0848951 0.0465429 0.1005419 0.0896827 0.1287815 0.1249459 0.1095921 0.1319011 0.1177912 0.1138355 0.0885585 0.1026682 0.0885737 0.1054029 0.1208730 0.0441922 0.0845105 0.0878561 0.0000000 
