35
Burramyidae_Burramys_parvus                  0.0000000 0.1103729 0.0743002 0.0803613 0.0849933 0.1356187 0.0663184 0.0719812 0.0802754 0.1367275 0.0740054 0.1183449 0.1314248 0.0666482 0.0793645 0.1207225 0.1335903 0.1226267 0.1262266 0.0849809 0.0791259 0.1389562 0.1473951 0.1228035 0.0718951 0.1116367 0.0828013 0.0726733 0.0762030 0.0950381 0.0855399 0.0683947 0.1225850 0.1290931 0.1434778 
Notoryctidae_Notoryctes_typhlops             0.1103729 0.0000000 0.1016064 0.1172204 0.1224545 0.1407220 0.1085799 0.1306962 0.1132050 0.1308950 0.1141404 0.1228136 0.1299792 0.1093641 0.1245956 0.1239536 0.1343602 0.1228947 0.1246739 0.1234375 0.1168373 0.1499828 0.1562784 0.1288975 0.1068638 0.1078662 0.1273636 0.1078331 0.1123127 0.1301015 0.1218754 0.1102585 0.1229878 0.1344855 0.1395970 
Vombatidae_Lasiorhinus_latifrons             0.0743002 0.1016064 0.0000000 0.0804279 0.0851129 0.1067039 0.0725286 0.0800072 0.0752324 0.1083025 0.0750448 0.0903666 0.1000695 0.0706687 0.0817406 0.0918261 0.1051112 0.0915352 0.1027706 0.0788727 0.0852214 0.1251154 0.1297842 0.0908792 0.0670158 0.0904577 0.0920605 0.0669110 0.0833777 0.0925793 0.0842256 0.0703888 0.1034173 0.1034254 0.1151792 
Potoroidae_Bettongia_penicillata             0.0803613 0.1172204 0.0804279 0.0000000 0.0037364 0.1325954 0.0682152 0.0982640 0.0108508 0.1324823 0.0778443 0.1213701 0.1262189 0.0746806 0.0936623 0.1237791 0.1295295 0.1192125 0.1285401 0.0336326 0.0886577 0.1418116 0.1482438 0.1195514 0.0426400 0.1087346 0.0923519 0.0244563 0.0892972 0.0967770 0.0974162 0.0746507 0.1287581 0.1278983 0.1414220 
Potoroidae_Bettongia_lesueur                 0.0849933 0.1224545 0.0851129 0.0037364 0.0000000 0.1396508 0.0735753 0.1022178 0.0131161 0.1387373 0.0824253 0.1275747 0.1330954 0.0791517 0.0979767 0.1299313 0.1364135 0.1261058 0.1342842 0.0375873 0.0939985 0.1483283 0.1561714 0.1270921 0.0479044 0.1143003 0.0971716 0.0276101 0.0935991 0.1030880 0.1042226 0.0791229 0.1352631 0.1347189 0.1479452 
Dasyuridae_Dasyurus_maculatus                0.1356187 0.1407220 0.1067039 0.1325954 0.1396508 0.0000000 0.1329880 0.1659878 0.1330202 0.1567918 0.1379888 0.0240479 0.0376268 0.1387967 0.1456285 0.0257041 0.0142810 0.0310571 0.1498168 0.1387048 0.1372211 0.1612258 0.1676838 0.0251693 0.1262007 0.1290872 0.1461837 0.1197061 0.1394483 0.1443453 0.1473679 0.1395748 0.1486577 0.0124913 0.1677420 
Phalangeridae_Trichosurus_vulpecula          0.0663184 0.1085799 0.0725286 0.0682152 0.0735753 0.1329880 0.0000000 0.0325330 0.0625308 0.1257904 0.0253857 0.1174487 0.1250754 0.0229010 0.0768585 0.1203865 0.1285216 0.1129352 0.1193148 0.0685364 0.0752565 0.1319557 0.1418801 0.1192799 0.0575960 0.1033720 0.0813827 0.0555771 0.0748324 0.0839114 0.0795272 0.0210492 0.1190006 0.1247162 0.1365777 
Phalangeridae_Spilocuscus_maculatus          0.0719812 0.1306962 0.0800072 0.0982640 0.1022178 0.1659878 0.0325330 0.0000000 0.0862694 0.1395113 0.0111634 0.1453034 0.1582316 0.0077705 0.0871076 0.1496721 0.1564273 0.1426632 0.1401240 0.0790116 0.0852745 0.1569160 0.1793465 0.1545801 0.0789380 0.1207758 0.0835018 0.0788535 0.0845461 0.1123330 0.0955944 0.0081214 0.1345390 0.1459413 0.1530184 
Potoroidae_Aepyprymnus_rufescens             0.0802754 0.1132050 0.0752324 0.0108508 0.0131161 0.1330202 0.0625308 0.0862694 0.0000000 0.1268133 0.0702118 0.1148351 0.1236357 0.0665229 0.0879865 0.1184593 0.1260912 0.1174864 0.1218191 0.0311985 0.0836105 0.1399841 0.1420259 0.1166571 0.0381190 0.1068364 0.0891315 0.0207107 0.0842162 0.0936998 0.0896114 0.0664902 0.1209850 0.1251729 0.1353900 
Peramelidae_Perameles_nasuta                 0.1367275 0.1308950 0.1083025 0.1324823 0.1387373 0.1567918 0.1257904 0.1395113 0.1268133 0.0000000 0.1314183 0.1400906 0.1426743 0.1256707 0.1424334 0.1424551 0.1564722 0.1356008 0.0172631 0.1339590 0.1451432 0.1756675 0.1692685 0.1375591 0.1205669 0.1250934 0.1511396 0.1218019 0.1362672 0.1437155 0.1398331 0.1265289 0.0190759 0.1485439 0.0012127 
Phalangeridae_Strigocuscus_pelengensis       0.0740054 0.1141404 0.0750448 0.0778443 0.0824253 0.1379888 0.0253857 0.0111634 0.0702118 0.1314183 0.0000000 0.1231439 0.1278033 0.0089026 0.0841006 0.1269161 0.1365212 0.1173719 0.1241987 0.0725460 0.0782336 0.1394698 0.1490952 0.1266811 0.0632051 0.1032831 0.0898911 0.0608731 0.0781121 0.0875669 0.0823829 0.0084122 0.1208163 0.1277218 0.1376310 
Dasyuridae_Phascogale_tapoatafa              0.1183449 0.1228136 0.0903666 0.1213701 0.1275747 0.0240479 0.1174487 0.1453034 0.1148351 0.1400906 0.1231439 0.0000000 0.0235856 0.1218553 0.1226692 0.0019198 0.0150357 0.0164780 0.1303563 0.1258307 0.1214948 0.1471590 0.1548690 0.0042878 0.1117457 0.1168455 0.1307579 0.1077892 0.1198477 0.1283596 0.1251249 0.1238417 0.1314864 0.0173322 0.1463328 
Dasyuridae_Sminthopsis_macroura              0.1314248 0.1299792 0.1000695 0.1262189 0.1330954 0.0376268 0.1250754 0.1582316 0.1236357 0.1426743 0.1278033 0.0235856 0.0000000 0.1296229 0.1326129 0.0264484 0.0281747 0.0157436 0.1396059 0.1319418 0.1273455 0.1533288 0.1625748 0.0238922 0.1189113 0.1179394 0.1381151 0.1155648 0.1321631 0.1329391 0.1345690 0.1293017 0.1424769 0.0327826 0.1507218 
Phalangeridae_Phalanger_orientalis           0.0666482 0.1093641 0.0706687 0.0746806 0.0791517 0.1387967 0.0229010 0.0077705 0.0665229 0.1256707 0.0089026 0.1218553 0.1296229 0.0000000 0.0788293 0.1248063 0.1349361 0.1181773 0.1203190 0.0729750 0.0716521 0.1396458 0.1481394 0.1255530 0.0621626 0.1027837 0.0841778 0.0606711 0.0746248 0.0860814 0.0801863 0.0024091 0.1169748 0.1289472 0.1352481 
Acrobatidae_Acrobates_pygmaeus               0.0793645 0.1245956 0.0817406 0.0936623 0.0979767 0.1456285 0.0768585 0.0871076 0.0879865 0.1424334 0.0841006 0.1226692 0.1326129 0.0788293 0.0000000 0.1252899 0.1400677 0.1244524 0.1378780 0.0945432 0.0781999 0.1501126 0.1629707 0.1232202 0.0825368 0.1175085 0.0865743 0.0798641 0.0730991 0.0871779 0.0341027 0.0796625 0.1364745 0.1373196 0.1499164 
Dasyuridae_Phascogale_calura                 0.1207225 0.1239536 0.0918261 0.1237791 0.1299313 0.0257041 0.1203865 0.1496721 0.1184593 0.1424551 0.1269161 0.0019198 0.0264484 0.1248063 0.1252899 0.0000000 0.0168046 0.0185185 0.1325205 0.1272279 0.1259538 0.1479378 0.1554663 0.0056120 0.1136217 0.1193179 0.1330603 0.1092217 0.1250193 0.1315802 0.1279260 0.1267701 0.1338687 0.0195386 0.1485314 
Dasyuridae_Sarcophilus_harrisii              0.1335903 0.1343602 0.1051112 0.1295295 0.1364135 0.0142810 0.1285216 0.1564273 0.1260912 0.1564722 0.1365212 0.0150357 0.0281747 0.1349361 0.1400677 0.0168046 0.0000000 0.0228943 0.1456126 0.1352265 0.1369502 0.1632455 0.1699581 0.0181290 0.1209937 0.1296237 0.1461547 0.1159737 0.1392398 0.1404214 0.1458102 0.1344421 0.1478094 0.0079345 0.1633588 
Dasyuridae_Planigale_tenuirostris            0.1226267 0.1228947 0.0915352 0.1192125 0.1261058 0.0310571 0.1129352 0.1426632 0.1174864 0.1356008 0.1173719 0.0164780 0.0157436 0.1181773 0.1244524 0.0185185 0.0228943 0.0000000 0.1296391 0.1259596 0.1211659 0.1417347 0.1463294 0.0189508 0.1087698 0.1134587 0.1294456 0.1082498 0.1217744 0.1231367 0.1275438 0.1173137 0.1315310 0.0252519 0.1428875 
Peramelidae_Echymipera_kalubu                0.1262266 0.1246739 0.1027706 0.1285401 0.1342842 0.1498168 0.1193148 0.1401240 0.1218191 0.0172631 0.1241987 0.1303563 0.1396059 0.1203190 0.1378780 0.1325205 0.1456126 0.1296391 0.0000000 0.1294106 0.1308740 0.1646007 0.1646122 0.1272284 0.1139612 0.1184000 0.1433160 0.1162862 0.1275521 0.1385251 0.1322322 0.1211124 0.0109983 0.1406646 0.0211089 
Macropodidae_Dorcopsulus_vanheurni           0.0849809 0.1234375 0.0788727 0.0336326 0.0375873 0.1387048 0.0685364 0.0790116 0.0311985 0.1339590 0.0725460 0.1258307 0.1319418 0.0729750 0.0945432 0.1272279 0.1352265 0.1259596 0.1294106 0.0000000 0.0903503 0.1443245 0.1555069 0.1239430 0.0423709 0.1111917 0.0900855 0.0124225 0.0905012 0.1023952 0.0979148 0.0719435 0.1283988 0.1330334 0.1400781 
Pseudochiridae_Pseudochirulus_forbesi        0.0791259 0.1168373 0.0852214 0.0886577 0.0939985 0.1372211 0.0752565 0.0852745 0.0836105 0.1451432 0.0782336 0.1214948 0.1273455 0.0716521 0.0781999 0.1259538 0.1369502 0.1211659 0.1308740 0.0903503 0.0000000 0.1527716 0.1573067 0.1261594 0.0793229 0.1134316 0.0374837 0.0760925 0.0137276 0.0728666 0.0785532 0.0723891 0.1322862 0.1314701 0.1489849 
Didelphidae_Didelphis_virginiana             0.1389562 0.1499828 0.1251154 0.1418116 0.1483283 0.1612258 0.1319557 0.1569160 0.1399841 0.1756675 0.1394698 0.1471590 0.1533288 0.1396458 0.1501126 0.1479378 0.1632455 0.1417347 0.1646007 0.1443245 0.1527716 0.0000000 0.0470241 0.1474816 0.1355933 0.1278416 0.1590333 0.1256739 0.1525226 0.1559858 0.1459526 0.1387482 0.1634112 0.1603663 0.1777285 
Marmosidae_Monodelphis_domestica             0.1473951 0.1562784 0.1297842 0.1482438 0.1561714 0.1676838 0.1418801 0.1793465 0.1420259 0.1692685 0.1490952 0.1548690 0.1625748 0.1481394 0.1629707 0.1554663 0.1699581 0.1463294 0.1646122 0.1555069 0.1573067 0.0470241 0.0000000 0.1457437 0.1475821 0.1351441 0.1671386 0.1400323 0.1600166 0.1700046 0.1577056 0.1457663 0.1589914 0.1675662 0.1804483 
Dasyuridae_Antechinus_stuartii               0.1228035 0.1288975 0.0908792 0.1195514 0.1270921 0.0251693 0.1192799 0.1545801 0.1166571 0.1375591 0.1266811 0.0042878 0.0238922 0.1255530 0.1232202 0.0056120 0.0181290 0.0189508 0.1272284 0.1239430 0.1261594 0.1474816 0.1457437 0.0000000 0.1134265 0.1213590 0.1372624 0.1076877 0.1253828 0.1268584 0.1243841 0.1279063 0.1294110 0.0175276 0.1441865 
Hypsiprymnodontidae_Hypsiprymnodon_moschatus 0.0718951 0.1068638 0.0670158 0.0426400 0.0479044 0.1262007 0.0575960 0.0789380 0.0381190 0.1205669 0.0632051 0.1117457 0.1189113 0.0621626 0.0825368 0.1136217 0.1209937 0.1087698 0.1139612 0.0423709 0.0793229 0.1355933 0.1475821 0.1134265 0.0000000 0.0992976 0.0892087 0.0294180 0.0779502 0.0900878 0.0870709 0.0611512 0.1125685 0.1175088 0.1270245 
Microbiotheriidae_Dromiciops_gliroides       0.1116367 0.1078662 0.0904577 0.1087346 0.1143003 0.1290872 0.1033720 0.1207758 0.1068364 0.1250934 0.1032831 0.1168455 0.1179394 0.1027837 0.1175085 0.1193179 0.1296237 0.1134587 0.1184000 0.1111917 0.1134316 0.1278416 0.1351441 0.1213590 0.0992976 0.0000000 0.1259897 0.0976642 0.1142826 0.1208715 0.1215810 0.1036988 0.1164515 0.1211010 0.1292562 
Pseudochiridae_Petauroides_volans            0.0828013 0.1273636 0.0920605 0.0923519 0.0971716 0.1461837 0.0813827 0.0835018 0.0891315 0.1511396 0.0898911 0.1307579 0.1381151 0.0841778 0.0865743 0.1330603 0.1461547 0.1294456 0.1433160 0.0900855 0.0374837 0.1590333 0.1671386 0.1372624 0.0892087 0.1259897 0.0000000 0.0823571 0.0352366 0.0835218 0.0884500 0.0838533 0.1422857 0.1417445 0.1576012 
Macropodidae_Wallabia_bicolor                0.0726733 0.1078331 0.0669110 0.0244563 0.0276101 0.1197061 0.0555771 0.0788535 0.0207107 0.1218019 0.0608731 0.1077892 0.1155648 0.0606711 0.0798641 0.1092217 0.1159737 0.1082498 0.1162862 0.0124225 0.0760925 0.1256739 0.1400323 0.1076877 0.0294180 0.0976642 0.0823571 0.0000000 0.0758714 0.0874739 0.0817053 0.0597051 0.1136647 0.1143383 0.1281560 
Pseudochiridae_Pseudocheirus_occidentalis    0.0762030 0.1123127 0.0833777 0.0892972 0.0935991 0.1394483 0.0748324 0.0845461 0.0842162 0.1362672 0.0781121 0.1198477 0.1321631 0.0746248 0.0730991 0.1250193 0.1392398 0.1217744 0.1275521 0.0905012 0.0137276 0.1525226 0.1600166 0.1253828 0.0779502 0.1142826 0.0352366 0.0758714 0.0000000 0.0710276 0.0738558 0.0754417 0.1304163 0.1342823 0.1438904 
Tarsipedidae_Tarsipes_rostratus              0.0950381 0.1301015 0.0925793 0.0967770 0.1030880 0.1443453 0.0839114 0.1123330 0.0936998 0.1437155 0.0875669 0.1283596 0.1329391 0.0860814 0.0871779 0.1315802 0.1404214 0.1231367 0.1385251 0.1023952 0.0728666 0.1559858 0.1700046 0.1268584 0.0900878 0.1208715 0.0835218 0.0874739 0.0710276 0.0000000 0.0852160 0.0842128 0.1364520 0.1400599 0.1551372 
Acrobatidae_Distoechurus_pennatus            0.0855399 0.1218754 0.0842256 0.0974162 0.1042226 0.1473679 0.0795272 0.0955944 0.0896114 0.1398331 0.0823829 0.1251249 0.1345690 0.0801863 0.0341027 0.1279260 0.1458102 0.1275438 0.1322322 0.0979148 0.0785532 0.1459526 0.1577056 0.1243841 0.0870709 0.1215810 0.0884500 0.0817053 0.0738558 0.0852160 0.0000000 0.0809623 0.1310859 0.1409500 0.1494764 
Phalangeridae_Phalanger_carmelitae           0.0683947 0.1102585 0.0703888 0.0746507 0.0791229 0.1395748 0.0210492 0.0081214 0.0664902 0.1265289 0.0084122 0.1238417 0.1293017 0.0024091 0.0796625 0.1267701 0.1344421 0.1173137 0.1211124 0.0719435 0.0723891 0.1387482 0.1457663 0.1279063 0.0611512 0.1036988 0.0838533 0.0597051 0.0754417 0.0842128 0.0809623 0.0000000 0.1190444 0.1296933 0.1361701 
Peramelidae_Peroryctes_raffrayana            0.1225850 0.1229878 0.1034173 0.1287581 0.1352631 0.1486577 0.1190006 0.1345390 0.1209850 0.0190759 0.1208163 0.1314864 0.1424769 0.1169748 0.1364745 0.1338687 0.1478094 0.1315310 0.0109983 0.1283988 0.1322862 0.1634112 0.1589914 0.1294110 0.1125685 0.1164515 0.1422857 0.1136647 0.1304163 0.1364520 0.1310859 0.1190444 0.0000000 0.1412824 0.0217441 
Dasyuridae_Dasyurus_geffroii                 0.1290931 0.1344855 0.1034254 0.1278983 0.1347189 0.0124913 0.1247162 0.1459413 0.1251729 0.1485439 0.1277218 0.0173322 0.0327826 0.1289472 0.1373196 0.0195386 0.0079345 0.0252519 0.1406646 0.1330334 0.1314701 0.1603663 0.1675662 0.0175276 0.1175088 0.1211010 0.1417445 0.1143383 0.1342823 0.1400599 0.1409500 0.1296933 0.1412824 0.0000000 0.1581266 
Peramelidae_Perameles_gunnii                 0.1434778 0.1395970 0.1151792 0.1414220 0.1479452 0.1677420 0.1365777 0.1530184 0.1353900 0.0012127 0.1376310 0.1463328 0.1507218 0.1352481 0.1499164 0.1485314 0.1633588 0.1428875 0.0211089 0.1400781 0.1489849 0.1777285 0.1804483 0.1441865 0.1270245 0.1292562 0.1576012 0.1281560 0.1438904 0.1551372 0.1494764 0.1361701 0.0217441 0.1581266 0.0000000 
