35
Burramyidae_Burramys_parvus                  0.0000000 0.1058052 0.0639769 0.0790262 0.0805233 0.1134545 0.0543160 0.0638543 0.0784816 0.1180547 0.0597729 0.1144942 0.1158988 0.0607185 0.0708984 0.1125103 0.1284006 0.1221412 0.0693058 0.0762412 0.0972029 0.1193742 0.1096746 0.0729167 0.0837962 0.0673364 0.0710384 0.0742139 0.0859851 0.0670876 0.0662527 0.1209105 0.1174083 0.1239868 0.1205699 
Notoryctidae_Notoryctes_typhlops             0.1058052 0.0000000 0.1089719 0.1192174 0.1218075 0.1386439 0.1010653 0.1101796 0.1174442 0.1319744 0.1098927 0.1389480 0.1336385 0.1093700 0.1115199 0.1369465 0.1522404 0.1481830 0.1129804 0.1241530 0.1196174 0.1094840 0.1370066 0.1152706 0.1108671 0.1177474 0.1189185 0.1267822 0.1377107 0.1103400 0.1123713 0.1321693 0.1369278 0.1561240 0.1523322 
Vombatidae_Lasiorhinus_latifrons             0.0639769 0.1089719 0.0000000 0.0787354 0.0817252 0.1149310 0.0633062 0.0696905 0.0807115 0.1135227 0.0680300 0.1170068 0.1208759 0.0684231 0.0777898 0.1150708 0.1313590 0.1213859 0.0715176 0.0802716 0.1013752 0.1183492 0.1119585 0.0770562 0.0840011 0.0731988 0.0745563 0.0820747 0.0950715 0.0727934 0.0722961 0.1150350 0.1150792 0.1231441 0.1208838 
Potoroidae_Bettongia_penicillata             0.0790262 0.1192174 0.0787354 0.0000000 0.0049778 0.1248859 0.0712262 0.0815074 0.0162769 0.1227318 0.0780938 0.1260381 0.1375026 0.0775881 0.0887197 0.1237506 0.1417638 0.1310827 0.0237156 0.0917008 0.1198876 0.1398989 0.1232927 0.0474840 0.0995183 0.0830784 0.0232730 0.0904540 0.1061148 0.0805478 0.0805222 0.1232332 0.1247652 0.1341768 0.1314125 
Potoroidae_Bettongia_lesueur                 0.0805233 0.1218075 0.0817252 0.0049778 0.0000000 0.1270287 0.0737569 0.0838953 0.0173489 0.1243172 0.0807491 0.1288823 0.1395570 0.0802270 0.0911531 0.1265766 0.1430801 0.1342906 0.0261012 0.0945805 0.1199332 0.1435871 0.1254810 0.0489244 0.1016401 0.0864669 0.0258281 0.0926160 0.1079073 0.0836683 0.0832077 0.1265601 0.1274065 0.1378119 0.1349322 
Dasyuridae_Dasyurus_maculatus                0.1134545 0.1386439 0.1149310 0.1248859 0.1270287 0.0000000 0.1125874 0.1212916 0.1260921 0.1463024 0.1185070 0.0259630 0.0520422 0.1178818 0.1152106 0.0239269 0.0446810 0.1496790 0.1155803 0.1305118 0.1167419 0.1455327 0.0238804 0.1245065 0.1137675 0.1226656 0.1193741 0.1312491 0.1403393 0.1116693 0.1206744 0.1448335 0.1443774 0.0059761 0.0039019 
Phalangeridae_Trichosurus_vulpecula          0.0543160 0.1010653 0.0633062 0.0712262 0.0737569 0.1125874 0.0000000 0.0312055 0.0676707 0.1162371 0.0285106 0.1114825 0.1136315 0.0270965 0.0685883 0.1103733 0.1264309 0.1205052 0.0634434 0.0710904 0.0927911 0.1151959 0.1091467 0.0666435 0.0841961 0.0655670 0.0659035 0.0706334 0.0839551 0.0667445 0.0330669 0.1171078 0.1156885 0.1204134 0.1175931 
Phalangeridae_Spilocuscus_maculatus          0.0638543 0.1101796 0.0696905 0.0815074 0.0838953 0.1212916 0.0312055 0.0000000 0.0770789 0.1287890 0.0231055 0.1234771 0.1255179 0.0205164 0.0793628 0.1212345 0.1382731 0.1311394 0.0726680 0.0826134 0.0947586 0.1201616 0.1214188 0.0770591 0.0914246 0.0777914 0.0742524 0.0849684 0.0942834 0.0744470 0.0270814 0.1326191 0.1255706 0.1311454 0.1289974 
Potoroidae_Aepyprymnus_rufescens             0.0784816 0.1174442 0.0807115 0.0162769 0.0173489 0.1260921 0.0676707 0.0770789 0.0000000 0.1244160 0.0760867 0.1252507 0.1390937 0.0739950 0.0899978 0.1233845 0.1420724 0.1343978 0.0273958 0.0876577 0.1167276 0.1389030 0.1233042 0.0506782 0.0983132 0.0818710 0.0268379 0.0873957 0.1023247 0.0806794 0.0776032 0.1251184 0.1275053 0.1392881 0.1349015 
Peramelidae_Perameles_nasuta                 0.1180547 0.1319744 0.1135227 0.1227318 0.1243172 0.1463024 0.1162371 0.1287890 0.1244160 0.0000000 0.1235576 0.1493291 0.1507588 0.1225948 0.1222799 0.1463667 0.1655844 0.0232284 0.1198205 0.1306925 0.1248604 0.1633463 0.1424295 0.1223499 0.1213677 0.1223333 0.1262176 0.1257749 0.1335108 0.1214388 0.1292776 0.0220842 0.0023542 0.1642724 0.1666354 
Phalangeridae_Strigocuscus_pelengensis       0.0597729 0.1098927 0.0680300 0.0780938 0.0807491 0.1185070 0.0285106 0.0231055 0.0760867 0.1235576 0.0000000 0.1193125 0.1261875 0.0147612 0.0734222 0.1172193 0.1328792 0.1298694 0.0696701 0.0801900 0.1021821 0.1263690 0.1157547 0.0728290 0.0883065 0.0750235 0.0723780 0.0796996 0.0886890 0.0698352 0.0206400 0.1250375 0.1222411 0.1273381 0.1251111 
Dasyuridae_Phascogale_tapoatafa              0.1144942 0.1389480 0.1170068 0.1260381 0.1288823 0.0259630 0.1114825 0.1234771 0.1252507 0.1493291 0.1193125 0.0000000 0.0445425 0.1203929 0.1172074 0.0035136 0.0432599 0.1490323 0.1189095 0.1288390 0.1156132 0.1416272 0.0112745 0.1263938 0.1165150 0.1247195 0.1247292 0.1317317 0.1414173 0.1131307 0.1231917 0.1478999 0.1465618 0.0232358 0.0242016 
Dasyuridae_Sminthopsis_macroura              0.1158988 0.1336385 0.1208759 0.1375026 0.1395570 0.0520422 0.1136315 0.1255179 0.1390937 0.1507588 0.1261875 0.0445425 0.0000000 0.1252146 0.1217004 0.0437384 0.0503098 0.1355676 0.1260857 0.1335331 0.1396308 0.1680576 0.0421863 0.1372237 0.1104304 0.1201558 0.1293786 0.1397354 0.1383356 0.1150736 0.1262547 0.1448199 0.1401615 0.0569198 0.0540404 
Phalangeridae_Phalanger_orientalis           0.0607185 0.1093700 0.0684231 0.0775881 0.0802270 0.1178818 0.0270965 0.0205164 0.0739950 0.1225948 0.0147612 0.1203929 0.1252146 0.0000000 0.0725949 0.1185045 0.1352736 0.1276053 0.0695974 0.0795325 0.0989734 0.1228038 0.1172264 0.0731716 0.0883090 0.0732180 0.0724732 0.0786248 0.0918771 0.0694713 0.0123321 0.1264418 0.1211939 0.1264664 0.1241376 
Acrobatidae_Acrobates_pygmaeus               0.0708984 0.1115199 0.0777898 0.0887197 0.0911531 0.1152106 0.0685883 0.0793628 0.0899978 0.1222799 0.0734222 0.1172074 0.1217004 0.0725949 0.0000000 0.1148938 0.1306118 0.1292767 0.0816348 0.0780480 0.1136951 0.1300951 0.1131303 0.0855963 0.0936608 0.0746049 0.0838881 0.0800524 0.0928458 0.0429593 0.0775877 0.1226225 0.1239976 0.1250371 0.1221372 
Dasyuridae_Phascogale_calura                 0.1125103 0.1369465 0.1150708 0.1237506 0.1265766 0.0239269 0.1103733 0.1212345 0.1233845 0.1463667 0.1172193 0.0035136 0.0437384 0.1185045 0.1148938 0.0000000 0.0412393 0.1461180 0.1165629 0.1269603 0.1121334 0.1389662 0.0095171 0.1249419 0.1144571 0.1228027 0.1221412 0.1299437 0.1390682 0.1110443 0.1213126 0.1453970 0.1442626 0.0216458 0.0220980 
Dasyuridae_Planigale_tenuirostris            0.1284006 0.1522404 0.1313590 0.1417638 0.1430801 0.0446810 0.1264309 0.1382731 0.1420724 0.1655844 0.1328792 0.0432599 0.0503098 0.1352736 0.1306118 0.0412393 0.0000000 0.1698848 0.1315461 0.1503586 0.1512815 0.1780507 0.0411961 0.1399147 0.1290974 0.1361245 0.1368169 0.1481438 0.1504516 0.1286602 0.1378074 0.1622984 0.1588350 0.0424695 0.0429988 
Peramelidae_Echymipera_kalubu                0.1221412 0.1481830 0.1213859 0.1310827 0.1342906 0.1496790 0.1205052 0.1311394 0.1343978 0.0232284 0.1298694 0.1490323 0.1355676 0.1276053 0.1292767 0.1461180 0.1698848 0.0000000 0.1241617 0.1416544 0.1288553 0.1552312 0.1438592 0.1278819 0.1240876 0.1328981 0.1330709 0.1436145 0.1433996 0.1253411 0.1340064 0.0194149 0.0232780 0.1702423 0.1689130 
Macropodidae_Dorcopsulus_vanheurni           0.0693058 0.1129804 0.0715176 0.0237156 0.0261012 0.1155803 0.0634434 0.0726680 0.0273958 0.1198205 0.0696701 0.1189095 0.1260857 0.0695974 0.0816348 0.1165629 0.1315461 0.1241617 0.0000000 0.0865810 0.1099474 0.1295465 0.1150995 0.0417537 0.0914209 0.0767855 0.0096590 0.0847216 0.0968838 0.0744764 0.0739424 0.1205737 0.1176239 0.1258107 0.1221647 
Pseudochiridae_Pseudochirulus_forbesi        0.0762412 0.1241530 0.0802716 0.0917008 0.0945805 0.1305118 0.0710904 0.0826134 0.0876577 0.1306925 0.0801900 0.1288390 0.1335331 0.0795325 0.0780480 0.1269603 0.1503586 0.1416544 0.0865810 0.0000000 0.1011794 0.1251443 0.1276968 0.0849798 0.1025269 0.0472823 0.0903647 0.0283816 0.0834504 0.0719322 0.0824227 0.1318016 0.1345748 0.1467750 0.1408902 
Didelphidae_Didelphis_virginiana             0.0972029 0.1196174 0.1013752 0.1198876 0.1199332 0.1167419 0.0927911 0.0947586 0.1167276 0.1248604 0.1021821 0.1156132 0.1396308 0.0989734 0.1136951 0.1121334 0.1512815 0.1288553 0.1099474 0.1011794 0.0000000 0.0343869 0.1179943 0.1092953 0.0863645 0.0978349 0.1136406 0.1038335 0.1149008 0.0994927 0.1001229 0.1303189 0.1338996 0.1514467 0.1483753 
Marmosidae_Monodelphis_domestica             0.1193742 0.1094840 0.1183492 0.1398989 0.1435871 0.1455327 0.1151959 0.1201616 0.1389030 0.1633463 0.1263690 0.1416272 0.1680576 0.1228038 0.1300951 0.1389662 0.1780507 0.1552312 0.1295465 0.1251443 0.0343869 0.0000000 0.1440961 0.1370874 0.1090284 0.1171750 0.1329609 0.1357437 0.1371986 0.1248921 0.1247306 0.1814745 0.1595669 0.2040984 0.1988692 
Dasyuridae_Antechinus_stuartii               0.1096746 0.1370066 0.1119585 0.1232927 0.1254810 0.0238804 0.1091467 0.1214188 0.1233042 0.1424295 0.1157547 0.0112745 0.0421863 0.1172264 0.1131303 0.0095171 0.0411961 0.1438592 0.1150995 0.1276968 0.1179943 0.1440961 0.0000000 0.1230320 0.1109074 0.1221362 0.1208406 0.1279247 0.1387992 0.1088657 0.1216325 0.1416112 0.1408991 0.0211008 0.0217836 
Hypsiprymnodontidae_Hypsiprymnodon_moschatus 0.0729167 0.1152706 0.0770562 0.0474840 0.0489244 0.1245065 0.0666435 0.0770591 0.0506782 0.1223499 0.0728290 0.1263938 0.1372237 0.0731716 0.0855963 0.1249419 0.1399147 0.1278819 0.0417537 0.0849798 0.1092953 0.1370874 0.1230320 0.0000000 0.0969695 0.0804201 0.0442296 0.0865566 0.0959353 0.0773886 0.0778267 0.1244837 0.1224593 0.1374750 0.1329009 
Microbiotheriidae_Dromiciops_gliroides       0.0837962 0.1108671 0.0840011 0.0995183 0.1016401 0.1137675 0.0841961 0.0914246 0.0983132 0.1213677 0.0883065 0.1165150 0.1104304 0.0883090 0.0936608 0.1144571 0.1290974 0.1240876 0.0914209 0.1025269 0.0863645 0.1090284 0.1109074 0.0969695 0.0000000 0.0969838 0.0976762 0.1009487 0.1094447 0.0945227 0.0932399 0.1232308 0.1207276 0.1234775 0.1223984 
Pseudochiridae_Petauroides_volans            0.0673364 0.1177474 0.0731988 0.0830784 0.0864669 0.1226656 0.0655670 0.0777914 0.0818710 0.1223333 0.0750235 0.1247195 0.1201558 0.0732180 0.0746049 0.1228027 0.1361245 0.1328981 0.0767855 0.0472823 0.0978349 0.1171750 0.1221362 0.0804201 0.0969838 0.0000000 0.0797189 0.0453014 0.0734182 0.0686780 0.0768064 0.1241349 0.1247661 0.1344134 0.1284871 
Macropodidae_Wallabia_bicolor                0.0710384 0.1189185 0.0745563 0.0232730 0.0258281 0.1193741 0.0659035 0.0742524 0.0268379 0.1262176 0.0723780 0.1247292 0.1293786 0.0724732 0.0838881 0.1221412 0.1368169 0.1330709 0.0096590 0.0903647 0.1136406 0.1329609 0.1208406 0.0442296 0.0976762 0.0797189 0.0000000 0.0888312 0.1003143 0.0769697 0.0763432 0.1271284 0.1248335 0.1317305 0.1270686 
Pseudochiridae_Pseudocheirus_occidentalis    0.0742139 0.1267822 0.0820747 0.0904540 0.0926160 0.1312491 0.0706334 0.0849684 0.0873957 0.1257749 0.0796996 0.1317317 0.1397354 0.0786248 0.0800524 0.1299437 0.1481438 0.1436145 0.0847216 0.0283816 0.1038335 0.1357437 0.1279247 0.0865566 0.1009487 0.0453014 0.0888312 0.0000000 0.0834191 0.0723826 0.0819933 0.1273517 0.1356132 0.1457577 0.1431159 
Tarsipedidae_Tarsipes_rostratus              0.0859851 0.1377107 0.0950715 0.1061148 0.1079073 0.1403393 0.0839551 0.0942834 0.1023247 0.1335108 0.0886890 0.1414173 0.1383356 0.0918771 0.0928458 0.1390682 0.1504516 0.1433996 0.0968838 0.0834504 0.1149008 0.1371986 0.1387992 0.0959353 0.1094447 0.0734182 0.1003143 0.0834191 0.0000000 0.0867567 0.0926186 0.1334826 0.1362323 0.1545723 0.1507557 
Acrobatidae_Distoechurus_pennatus            0.0670876 0.1103400 0.0727934 0.0805478 0.0836683 0.1116693 0.0667445 0.0744470 0.0806794 0.1214388 0.0698352 0.1131307 0.1150736 0.0694713 0.0429593 0.1110443 0.1286602 0.1253411 0.0744764 0.0719322 0.0994927 0.1248921 0.1088657 0.0773886 0.0945227 0.0686780 0.0769697 0.0723826 0.0867567 0.0000000 0.0745580 0.1223748 0.1197842 0.1157856 0.1146585 
Phalangeridae_Phalanger_carmelitae           0.0662527 0.1123713 0.0722961 0.0805222 0.0832077 0.1206744 0.0330669 0.0270814 0.0776032 0.1292776 0.0206400 0.1231917 0.1262547 0.0123321 0.0775877 0.1213126 0.1378074 0.1340064 0.0739424 0.0824227 0.1001229 0.1247306 0.1216325 0.0778267 0.0932399 0.0768064 0.0763432 0.0819933 0.0926186 0.0745580 0.0000000 0.1321653 0.1257231 0.1278932 0.1258856 
Peramelidae_Peroryctes_raffrayana            0.1209105 0.1321693 0.1150350 0.1232332 0.1265601 0.1448335 0.1171078 0.1326191 0.1251184 0.0220842 0.1250375 0.1478999 0.1448199 0.1264418 0.1226225 0.1453970 0.1622984 0.0194149 0.1205737 0.1318016 0.1303189 0.1814745 0.1416112 0.1244837 0.1232308 0.1241349 0.1271284 0.1273517 0.1334826 0.1223748 0.1321653 0.0000000 0.0236377 0.1595700 0.1600636 
Peramelidae_Perameles_gunnii                 0.1174083 0.1369278 0.1150792 0.1247652 0.1274065 0.1443774 0.1156885 0.1255706 0.1275053 0.0023542 0.1222411 0.1465618 0.1401615 0.1211939 0.1239976 0.1442626 0.1588350 0.0232780 0.1176239 0.1345748 0.1338996 0.1595669 0.1408991 0.1224593 0.1207276 0.1247661 0.1248335 0.1356132 0.1362323 0.1197842 0.1257231 0.0236377 0.0000000 0.1574189 0.1577351 
Dasyuridae_Sarcophilus_harrisii              0.1239868 0.1561240 0.1231441 0.1341768 0.1378119 0.0059761 0.1204134 0.1311454 0.1392881 0.1642724 0.1273381 0.0232358 0.0569198 0.1264664 0.1250371 0.0216458 0.0424695 0.1702423 0.1258107 0.1467750 0.1514467 0.2040984 0.0211008 0.1374750 0.1234775 0.1344134 0.1317305 0.1457577 0.1545723 0.1157856 0.1278932 0.1595700 0.1574189 0.0000000 0.0053820 
Dasyuridae_Dasyurus_geffroii                 0.1205699 0.1523322 0.1208838 0.1314125 0.1349322 0.0039019 0.1175931 0.1289974 0.1349015 0.1666354 0.1251111 0.0242016 0.0540404 0.1241376 0.1221372 0.0220980 0.0429988 0.1689130 0.1221647 0.1408902 0.1483753 0.1988692 0.0217836 0.1329009 0.1223984 0.1284871 0.1270686 0.1431159 0.1507557 0.1146585 0.1258856 0.1600636 0.1577351 0.0053820 0.0000000 
