193
I0185_86_Accipitridae_Buteo_jamaicensis                   0.0000000 0.0330492 0.0341052 0.0314743 0.0454608 0.0330493 0.0395050 0.0275069 0.0338468 0.0505681 0.0431911 0.0256187 0.0470127 0.0335001 0.0313074 0.0441771 0.0281006 0.0156255 0.0464174 0.0205902 0.0447422 0.0241548 0.0237875 0.0225216 0.0191077 0.0338612 0.0222394 0.0430776 0.0494382 0.0536312 0.0218244 0.0455585 0.0474700 0.0388711 0.0384694 0.0338100 0.0521915 0.0462787 0.0466843 0.0462111 0.0540018 0.0471749 0.0442027 0.0753050 0.0632723 0.0630182 0.0515572 0.0431708 0.0314227 0.0359800 0.0292521 0.0465469 0.0445183 0.0212068 0.0356965 0.0445814 0.0465262 0.0345722 0.0266048 0.0222009 0.0382432 0.0405824 0.0250242 0.0240259 0.0566766 0.0437253 0.0436788 0.0358710 0.0227990 0.0259800 0.0507059 0.0442211 0.0281699 0.0422655 0.0458194 0.0466735 0.0453119 0.0305717 0.0253515 0.0444945 0.0409916 0.0051142 0.0230736 0.0345601 0.0323045 0.0398466 0.0345859 0.0204841 0.0178668 0.0419435 0.0540454 0.0345007 0.0330715 0.0267363 0.0205353 0.0398352 0.0301316 0.0415439 0.0402145 0.0197132 0.0444679 0.0225482 0.0177424 0.0217392 0.0336851 0.0297785 0.0526106 0.0330543 0.0262011 0.0218731 0.0276513 0.0358590 0.0527156 0.0258843 0.0365764 0.0528205 0.0244798 0.0189745 0.0473851 0.0423615 0.0234803 0.0510271 0.0450074 0.0367271 0.0198478 0.0145233 0.0211360 0.0457652 0.0327005 0.0314870 0.0443628 0.0214354 0.0417128 0.0251883 0.0258504 0.0196610 0.0354066 0.0424082 0.0422101 0.0263903 0.0516851 0.0250562 0.0357967 0.0296607 0.0192238 0.0253500 0.0193655 0.0371640 0.0237690 0.0605229 0.0410335 0.0305490 0.0216435 0.0425823 0.0510020 0.0431509 0.0453338 0.0185919 0.0240135 0.0267134 0.0243066 0.0228609 0.0258709 0.0321040 0.0358321 0.0369120 0.0454606 0.0281098 0.0358292 0.0461362 0.0264033 0.0700713 0.0249679 0.0325971 0.0484345 0.0449955 0.0512533 0.0214222 0.0147705 0.0208628 0.0247624 0.0493462 0.0231376 0.0546614 0.0507555 0.0457741 0.0426746 0.1165476 0.0444205 0.0530143 0.0510972 0.0319173 0.0301413 
I0186_111_Momotidae_Momotus_lessonii                      0.0330492 0.0000000 0.0431729 0.0432178 0.0512404 0.0422237 0.0477000 0.0368958 0.0424782 0.0483670 0.0499156 0.0342407 0.0520253 0.0418736 0.0363910 0.0513887 0.0391624 0.0268392 0.0530060 0.0309236 0.0516402 0.0337558 0.0340423 0.0332312 0.0307875 0.0421341 0.0338891 0.0505717 0.0562415 0.0599546 0.0341172 0.0522157 0.0529832 0.0490848 0.0486653 0.0411782 0.0581179 0.0524815 0.0562081 0.0525624 0.0628138 0.0544892 0.0511996 0.0837923 0.0725586 0.0728354 0.0575206 0.0505151 0.0331767 0.0459651 0.0379694 0.0532507 0.0512330 0.0323769 0.0459332 0.0513385 0.0536169 0.0425086 0.0369531 0.0333017 0.0476636 0.0514119 0.0352088 0.0353494 0.0634628 0.0509568 0.0535869 0.0466758 0.0327543 0.0361850 0.0586817 0.0553086 0.0377820 0.0484823 0.0564506 0.0534158 0.0519054 0.0393981 0.0353836 0.0517039 0.0483633 0.0333303 0.0338385 0.0450010 0.0312149 0.0465291 0.0430527 0.0319984 0.0289168 0.0518195 0.0640620 0.0433041 0.0433174 0.0357834 0.0308737 0.0503327 0.0341024 0.0520236 0.0470086 0.0308439 0.0543077 0.0332900 0.0322639 0.0313353 0.0423662 0.0347991 0.0591760 0.0415776 0.0346276 0.0323710 0.0376364 0.0459683 0.0621521 0.0359534 0.0468877 0.0628455 0.0353172 0.0302311 0.0542150 0.0495097 0.0341892 0.0575328 0.0567249 0.0471422 0.0308904 0.0359544 0.0322191 0.0504986 0.0439265 0.0418031 0.0552992 0.0313802 0.0488356 0.0351498 0.0368277 0.0303806 0.0428026 0.0499674 0.0492357 0.0374645 0.0576600 0.0360870 0.0439366 0.0405206 0.0306070 0.0347538 0.0305112 0.0452633 0.0340282 0.0684139 0.0481176 0.0416864 0.0317046 0.0497838 0.0617505 0.0486794 0.0520060 0.0294915 0.0345221 0.0369423 0.0350113 0.0340402 0.0357032 0.0422538 0.0440328 0.0446980 0.0549317 0.0381675 0.0426915 0.0534243 0.0364614 0.0803505 0.0346925 0.0423382 0.0528997 0.0522041 0.0607288 0.0321710 0.0329494 0.0310882 0.0352904 0.0588893 0.0341163 0.0599003 0.0563093 0.0519169 0.0489364 0.1225994 0.0523630 0.0584186 0.0566822 0.0429256 0.0378530 
I0187_115_Trogonidae_Trogon_elegans                       0.0341052 0.0431729 0.0000000 0.0442546 0.0546709 0.0146155 0.0502001 0.0384236 0.0425499 0.0594530 0.0531169 0.0365949 0.0553507 0.0446967 0.0419508 0.0527460 0.0404972 0.0290377 0.0546585 0.0327242 0.0529149 0.0365802 0.0351834 0.0360571 0.0335243 0.0435474 0.0354672 0.0536521 0.0592899 0.0622480 0.0354080 0.0536199 0.0549428 0.0513264 0.0513734 0.0436393 0.0620050 0.0548086 0.0576111 0.0543521 0.0645722 0.0551630 0.0520702 0.0828617 0.0717097 0.0731265 0.0599130 0.0551007 0.0405051 0.0474272 0.0406664 0.0553054 0.0529414 0.0338995 0.0476311 0.0518700 0.0549580 0.0436680 0.0391603 0.0352644 0.0473686 0.0517364 0.0378269 0.0373529 0.0661699 0.0522167 0.0541235 0.0478184 0.0352057 0.0380466 0.0609510 0.0550675 0.0395560 0.0526902 0.0589955 0.0555163 0.0530197 0.0408187 0.0380760 0.0529934 0.0512334 0.0341502 0.0357672 0.0469621 0.0425938 0.0487032 0.0458806 0.0330573 0.0321885 0.0543940 0.0637078 0.0460835 0.0448507 0.0388940 0.0328526 0.0510985 0.0414445 0.0519231 0.0502840 0.0332802 0.0549964 0.0354035 0.0352951 0.0335955 0.0432071 0.0420291 0.0603940 0.0431838 0.0370032 0.0351748 0.0396763 0.0482471 0.0633374 0.0382200 0.0481881 0.0626132 0.0372758 0.0331416 0.0549303 0.0512946 0.0359831 0.0594667 0.0590359 0.0485016 0.0331489 0.0375019 0.0346864 0.0545880 0.0461855 0.0437134 0.0574783 0.0339012 0.0524779 0.0382505 0.0389576 0.0326372 0.0449749 0.0532089 0.0526336 0.0394530 0.0609890 0.0376749 0.0465321 0.0411764 0.0323226 0.0371951 0.0319420 0.0473070 0.0357777 0.0694307 0.0505668 0.0423273 0.0339270 0.0527411 0.0634369 0.0513187 0.0528434 0.0309139 0.0365527 0.0402314 0.0369301 0.0358214 0.0382460 0.0441571 0.0463618 0.0471168 0.0566235 0.0395569 0.0451982 0.0537452 0.0384320 0.0805573 0.0374667 0.0431937 0.0558760 0.0536970 0.0619577 0.0338768 0.0349922 0.0341339 0.0373494 0.0608233 0.0365929 0.0637851 0.0590753 0.0541976 0.0510504 0.1273662 0.0532428 0.0607252 0.0599659 0.0436263 0.0400203 
I0188_135_Apodidae_Streptoprocne_zonaris                  0.0314743 0.0432178 0.0442546 0.0000000 0.0537674 0.0428885 0.0479287 0.0364168 0.0414408 0.0558334 0.0506001 0.0344739 0.0534483 0.0427716 0.0407928 0.0519756 0.0378200 0.0267934 0.0533280 0.0310867 0.0513773 0.0330979 0.0336362 0.0321067 0.0308892 0.0415106 0.0319999 0.0507105 0.0572525 0.0619723 0.0330187 0.0522436 0.0544831 0.0399272 0.0398926 0.0412184 0.0600306 0.0532349 0.0547984 0.0525307 0.0605986 0.0540170 0.0516135 0.0832271 0.0712594 0.0719641 0.0588539 0.0520651 0.0396249 0.0445856 0.0376017 0.0528080 0.0508059 0.0322193 0.0445905 0.0508685 0.0532745 0.0423669 0.0350951 0.0332914 0.0469245 0.0243668 0.0348557 0.0321358 0.0617740 0.0504186 0.0503296 0.0442260 0.0335554 0.0332566 0.0572928 0.0519178 0.0362249 0.0497512 0.0553512 0.0526195 0.0516775 0.0392835 0.0354097 0.0517525 0.0491806 0.0320790 0.0328071 0.0443144 0.0409777 0.0468850 0.0432904 0.0312941 0.0292063 0.0418450 0.0605722 0.0424536 0.0430288 0.0373829 0.0303914 0.0477284 0.0397087 0.0486100 0.0481440 0.0314336 0.0525222 0.0320451 0.0326462 0.0318227 0.0412182 0.0397820 0.0604952 0.0404557 0.0370517 0.0311493 0.0382655 0.0456105 0.0589237 0.0350257 0.0444180 0.0593467 0.0345917 0.0305456 0.0548446 0.0489247 0.0339352 0.0587561 0.0553875 0.0460384 0.0306293 0.0337131 0.0323335 0.0518869 0.0183148 0.0423149 0.0530155 0.0317270 0.0503461 0.0347593 0.0311528 0.0306944 0.0451555 0.0507127 0.0500755 0.0347810 0.0582855 0.0342768 0.0433314 0.0379713 0.0308873 0.0347267 0.0303912 0.0442626 0.0338072 0.0662140 0.0478339 0.0388241 0.0316924 0.0498345 0.0591184 0.0514249 0.0515042 0.0288548 0.0344462 0.0368233 0.0352193 0.0339344 0.0358757 0.0408389 0.0446542 0.0447923 0.0535054 0.0372443 0.0427005 0.0531683 0.0357255 0.0790754 0.0346803 0.0409299 0.0531454 0.0535190 0.0577794 0.0317681 0.0322519 0.0313375 0.0356067 0.0575412 0.0341000 0.0623302 0.0587213 0.0536177 0.0498734 0.1204549 0.0528164 0.0595825 0.0583019 0.0410573 0.0389035 
I0189_225_Eurylaimidae_Smithornis_rufolateralis           0.0454608 0.0512404 0.0546709 0.0537674 0.0000000 0.0534695 0.0576262 0.0497071 0.0506579 0.0666357 0.0588843 0.0470858 0.0365482 0.0544897 0.0532312 0.0316281 0.0501582 0.0393091 0.0317352 0.0432232 0.0296534 0.0466716 0.0453923 0.0460947 0.0434205 0.0506058 0.0465704 0.0594911 0.0386174 0.0443505 0.0448962 0.0307159 0.0326086 0.0600542 0.0603548 0.0492558 0.0418000 0.0334581 0.0668152 0.0317864 0.0719865 0.0338201 0.0297688 0.0901344 0.0836334 0.0817052 0.0409140 0.0632251 0.0502441 0.0530840 0.0490911 0.0344772 0.0302218 0.0451218 0.0561908 0.0299004 0.0326579 0.0502102 0.0490373 0.0455791 0.0357449 0.0618219 0.0472454 0.0467325 0.0725089 0.0301122 0.0638768 0.0581895 0.0454624 0.0463424 0.0684367 0.0642553 0.0481506 0.0585377 0.0686816 0.0333169 0.0310075 0.0492770 0.0474333 0.0302943 0.0574600 0.0460485 0.0459693 0.0557301 0.0530259 0.0587398 0.0556414 0.0447578 0.0423693 0.0621456 0.0733976 0.0539881 0.0545368 0.0485823 0.0437584 0.0601688 0.0500910 0.0615950 0.0572518 0.0444743 0.0635551 0.0451295 0.0461327 0.0450775 0.0544852 0.0507206 0.0612724 0.0539094 0.0478259 0.0444450 0.0500783 0.0572897 0.0726163 0.0470810 0.0587454 0.0720063 0.0475193 0.0436764 0.0337739 0.0564629 0.0452438 0.0407667 0.0686144 0.0582907 0.0436416 0.0480575 0.0448355 0.0235194 0.0544664 0.0542496 0.0668581 0.0448122 0.0622265 0.0489971 0.0480950 0.0438496 0.0536800 0.0583705 0.0587593 0.0484020 0.0301546 0.0483783 0.0547989 0.0502486 0.0434672 0.0465641 0.0431898 0.0537148 0.0464759 0.0772631 0.0586873 0.0510431 0.0452163 0.0598090 0.0729834 0.0324785 0.0308221 0.0423246 0.0477401 0.0487915 0.0471537 0.0457379 0.0481325 0.0519887 0.0541534 0.0537692 0.0647997 0.0489177 0.0521265 0.0328407 0.0479432 0.0907252 0.0465632 0.0500831 0.0249114 0.0361752 0.0708384 0.0443202 0.0455702 0.0435701 0.0460947 0.0697375 0.0460593 0.0428148 0.0402080 0.0353222 0.0174023 0.1325213 0.0354607 0.0420149 0.0397439 0.0533478 0.0510703 
I0190_295_Trogonidae_Apaloderma_aequatoriale              0.0330493 0.0422237 0.0146155 0.0428885 0.0534695 0.0000000 0.0493271 0.0376371 0.0414367 0.0584944 0.0517132 0.0353145 0.0530067 0.0422558 0.0411827 0.0508861 0.0396379 0.0282921 0.0534299 0.0317769 0.0512449 0.0352824 0.0344830 0.0355735 0.0319135 0.0417811 0.0348510 0.0523615 0.0569256 0.0600012 0.0344115 0.0515366 0.0535395 0.0497008 0.0502694 0.0420069 0.0596398 0.0532636 0.0567403 0.0527412 0.0625944 0.0534274 0.0506981 0.0819757 0.0707196 0.0720925 0.0575783 0.0531225 0.0393076 0.0460014 0.0393297 0.0536498 0.0510831 0.0325770 0.0463723 0.0505578 0.0535369 0.0426181 0.0381050 0.0342146 0.0457259 0.0503660 0.0366566 0.0357224 0.0641938 0.0509488 0.0527550 0.0465939 0.0343539 0.0368512 0.0588434 0.0535906 0.0380169 0.0517714 0.0576989 0.0537109 0.0512120 0.0397882 0.0367497 0.0515664 0.0498749 0.0336244 0.0350442 0.0454183 0.0421117 0.0483384 0.0445654 0.0320912 0.0309571 0.0529620 0.0627417 0.0447882 0.0436168 0.0376160 0.0320931 0.0495624 0.0401689 0.0505119 0.0488954 0.0323796 0.0534284 0.0347462 0.0338994 0.0331942 0.0422327 0.0411504 0.0580351 0.0421396 0.0370122 0.0340614 0.0380757 0.0470648 0.0623313 0.0373800 0.0472770 0.0616930 0.0358855 0.0315246 0.0531934 0.0493748 0.0351235 0.0569518 0.0574169 0.0473076 0.0318523 0.0366547 0.0332873 0.0540839 0.0437605 0.0430125 0.0563100 0.0341221 0.0516322 0.0370075 0.0382281 0.0318550 0.0441664 0.0519017 0.0510271 0.0384300 0.0581066 0.0370637 0.0461504 0.0406103 0.0314148 0.0366101 0.0314007 0.0448729 0.0343288 0.0673348 0.0494912 0.0414113 0.0334083 0.0511705 0.0629148 0.0502403 0.0513786 0.0297681 0.0356212 0.0387092 0.0358292 0.0344359 0.0378956 0.0431826 0.0449305 0.0450778 0.0555504 0.0384726 0.0432046 0.0514849 0.0374478 0.0798969 0.0367848 0.0415412 0.0548671 0.0524909 0.0603313 0.0332452 0.0343508 0.0327779 0.0368950 0.0589596 0.0350201 0.0617268 0.0567518 0.0521392 0.0497723 0.1258207 0.0519243 0.0587716 0.0579052 0.0422620 0.0390408 
I0191_344_Indicatoridae_Indicator_exilis                  0.0395050 0.0477000 0.0502001 0.0479287 0.0576262 0.0493271 0.0000000 0.0445646 0.0495798 0.0616914 0.0294094 0.0419012 0.0580218 0.0487136 0.0478134 0.0579330 0.0459153 0.0356500 0.0580436 0.0388243 0.0566312 0.0413325 0.0425614 0.0401336 0.0379946 0.0487267 0.0406090 0.0212595 0.0615097 0.0667664 0.0414089 0.0566089 0.0575516 0.0532221 0.0539398 0.0425161 0.0647305 0.0594130 0.0638362 0.0568824 0.0665751 0.0592722 0.0561604 0.0902555 0.0779818 0.0779423 0.0637673 0.0576997 0.0467442 0.0509750 0.0455422 0.0579861 0.0563685 0.0397942 0.0508263 0.0557187 0.0587619 0.0500309 0.0442228 0.0407132 0.0522368 0.0567623 0.0427898 0.0413201 0.0674214 0.0559942 0.0601875 0.0529859 0.0407619 0.0421789 0.0644067 0.0607644 0.0438267 0.0206961 0.0625207 0.0586107 0.0578645 0.0461973 0.0432326 0.0567719 0.0276346 0.0401024 0.0403658 0.0500357 0.0472858 0.0486142 0.0453851 0.0389080 0.0377476 0.0566636 0.0684963 0.0513812 0.0477250 0.0446235 0.0382693 0.0561212 0.0453338 0.0584941 0.0262521 0.0388213 0.0607570 0.0409388 0.0401128 0.0400391 0.0481349 0.0462452 0.0642276 0.0482636 0.0428448 0.0402988 0.0456247 0.0518398 0.0674264 0.0429024 0.0536308 0.0674165 0.0423116 0.0379054 0.0602068 0.0542111 0.0412109 0.0634247 0.0629612 0.0521339 0.0379065 0.0422772 0.0401761 0.0577329 0.0480134 0.0486071 0.0615736 0.0401167 0.0548866 0.0429719 0.0430080 0.0383915 0.0527494 0.0300280 0.0554289 0.0425389 0.0629896 0.0432253 0.0511090 0.0462900 0.0382050 0.0426677 0.0384107 0.0509830 0.0414948 0.0721825 0.0565340 0.0468890 0.0410168 0.0574756 0.0678261 0.0571272 0.0563269 0.0378320 0.0428339 0.0442882 0.0425120 0.0409430 0.0441945 0.0484167 0.0515084 0.0509524 0.0622718 0.0459186 0.0485794 0.0590292 0.0435017 0.0864106 0.0426774 0.0489378 0.0584061 0.0582429 0.0645471 0.0393800 0.0397626 0.0384779 0.0427823 0.0661222 0.0409122 0.0666837 0.0618338 0.0577675 0.0551480 0.1260893 0.0574657 0.0638677 0.0626659 0.0490234 0.0453507 
I0192_375_Musophagidae_Tauraco_macrorhynchus              0.0275069 0.0368958 0.0384236 0.0364168 0.0497071 0.0376371 0.0445646 0.0000000 0.0366962 0.0526079 0.0463222 0.0166139 0.0496641 0.0368687 0.0365445 0.0488290 0.0335124 0.0216062 0.0497566 0.0245643 0.0477725 0.0292661 0.0280931 0.0285900 0.0249218 0.0366002 0.0285229 0.0474874 0.0532610 0.0573155 0.0287361 0.0486119 0.0502902 0.0434354 0.0443932 0.0362109 0.0569445 0.0496717 0.0520429 0.0491284 0.0567995 0.0506859 0.0471409 0.0776416 0.0669158 0.0674249 0.0551131 0.0481461 0.0357499 0.0412647 0.0334698 0.0494828 0.0474267 0.0267723 0.0406514 0.0470311 0.0499999 0.0369176 0.0310302 0.0280645 0.0423239 0.0450390 0.0305060 0.0295467 0.0590477 0.0478915 0.0479232 0.0407742 0.0280447 0.0306412 0.0538646 0.0482928 0.0319101 0.0459617 0.0502947 0.0506137 0.0487789 0.0342270 0.0310252 0.0481026 0.0450609 0.0277313 0.0286532 0.0397964 0.0372708 0.0436997 0.0399838 0.0254737 0.0238152 0.0474842 0.0568890 0.0387096 0.0388313 0.0312683 0.0249922 0.0438156 0.0349299 0.0459397 0.0434141 0.0247189 0.0488783 0.0273818 0.0275546 0.0256127 0.0356627 0.0355892 0.0564005 0.0358489 0.0315607 0.0270665 0.0323758 0.0412120 0.0553260 0.0303919 0.0417888 0.0556188 0.0298240 0.0247745 0.0499925 0.0452878 0.0284741 0.0549048 0.0503383 0.0424821 0.0248560 0.0303781 0.0259426 0.0488155 0.0375929 0.0377265 0.0508954 0.0260290 0.0460475 0.0308338 0.0310245 0.0246569 0.0379692 0.0473063 0.0447514 0.0304638 0.0551972 0.0309353 0.0398426 0.0338936 0.0249401 0.0300453 0.0243765 0.0401242 0.0298368 0.0631870 0.0432979 0.0345651 0.0262433 0.0453584 0.0571375 0.0463689 0.0476648 0.0239674 0.0290131 0.0309087 0.0295098 0.0280880 0.0305852 0.0366109 0.0387626 0.0398133 0.0503730 0.0328020 0.0391307 0.0496132 0.0307201 0.0747900 0.0295872 0.0365419 0.0511539 0.0485176 0.0535545 0.0258982 0.0272531 0.0254996 0.0308396 0.0537536 0.0286335 0.0578656 0.0541062 0.0490238 0.0462128 0.1174438 0.0478232 0.0570304 0.0538378 0.0363978 0.0340966 
I0193_447_Columbidae_Treron_calvus                        0.0338468 0.0424782 0.0425499 0.0414408 0.0506579 0.0414367 0.0495798 0.0366962 0.0000000 0.0586867 0.0520155 0.0349855 0.0506137 0.0421880 0.0421381 0.0495732 0.0375756 0.0208153 0.0511199 0.0313277 0.0487114 0.0337591 0.0347077 0.0338950 0.0311389 0.0152979 0.0340677 0.0525853 0.0537782 0.0595832 0.0344723 0.0497526 0.0511173 0.0490396 0.0498243 0.0183195 0.0580139 0.0502487 0.0554835 0.0499559 0.0613953 0.0520735 0.0477745 0.0827705 0.0707657 0.0713321 0.0561669 0.0544568 0.0411561 0.0459764 0.0392321 0.0521804 0.0486598 0.0325750 0.0451956 0.0492020 0.0512764 0.0147191 0.0370422 0.0330892 0.0454005 0.0494822 0.0364599 0.0341296 0.0628601 0.0484585 0.0524164 0.0462001 0.0339559 0.0347235 0.0567571 0.0533317 0.0370901 0.0511802 0.0572154 0.0514794 0.0493792 0.0390100 0.0367295 0.0494489 0.0503745 0.0341054 0.0324462 0.0443006 0.0437653 0.0487526 0.0449886 0.0314359 0.0301940 0.0523605 0.0622860 0.0429278 0.0430045 0.0367274 0.0311545 0.0484340 0.0404259 0.0504324 0.0485791 0.0301794 0.0533661 0.0328783 0.0337895 0.0317400 0.0398987 0.0404783 0.0561079 0.0394382 0.0373053 0.0324541 0.0370771 0.0468123 0.0607918 0.0368592 0.0462429 0.0607257 0.0357854 0.0307562 0.0519385 0.0475920 0.0346466 0.0546512 0.0565498 0.0461927 0.0313422 0.0367619 0.0326157 0.0508064 0.0429442 0.0428254 0.0562840 0.0329147 0.0508176 0.0354865 0.0358420 0.0306152 0.0427579 0.0512579 0.0487432 0.0363541 0.0559384 0.0354612 0.0437107 0.0379178 0.0308813 0.0343211 0.0302023 0.0438841 0.0335743 0.0650412 0.0487823 0.0395532 0.0314489 0.0504108 0.0631386 0.0482003 0.0499279 0.0291630 0.0353819 0.0363357 0.0351126 0.0345177 0.0357359 0.0409843 0.0443449 0.0442797 0.0539695 0.0372264 0.0420326 0.0498012 0.0360254 0.0790342 0.0342227 0.0132000 0.0505234 0.0504775 0.0580123 0.0314732 0.0329514 0.0310964 0.0365338 0.0594092 0.0343670 0.0590598 0.0562878 0.0509403 0.0476319 0.1248822 0.0498548 0.0571796 0.0561251 0.0416986 0.0397402 
I0194_495_Alcedinidae_Alcedo_quadribrachys                0.0505681 0.0483670 0.0594530 0.0558334 0.0666357 0.0584944 0.0616914 0.0526079 0.0586867 0.0000000 0.0629374 0.0508922 0.0665480 0.0565062 0.0524077 0.0656582 0.0538338 0.0443109 0.0663091 0.0475923 0.0636550 0.0507056 0.0501061 0.0501281 0.0483560 0.0580367 0.0492076 0.0643184 0.0687572 0.0728003 0.0511493 0.0653767 0.0662998 0.0637130 0.0647830 0.0573546 0.0726673 0.0663600 0.0714786 0.0646872 0.0755380 0.0664673 0.0636751 0.0912259 0.0835010 0.0852983 0.0679881 0.0658444 0.0493565 0.0605324 0.0550283 0.0656478 0.0632545 0.0491266 0.0603213 0.0632204 0.0661224 0.0582713 0.0537569 0.0497251 0.0597734 0.0653306 0.0529542 0.0504802 0.0760023 0.0629152 0.0689699 0.0624057 0.0496340 0.0514822 0.0702405 0.0703341 0.0523768 0.0616433 0.0708043 0.0668770 0.0643892 0.0546041 0.0534359 0.0639046 0.0618793 0.0508964 0.0497773 0.0597883 0.0419226 0.0577741 0.0561871 0.0479935 0.0468688 0.0670405 0.0764952 0.0551811 0.0583512 0.0520950 0.0473023 0.0659578 0.0506535 0.0674615 0.0607813 0.0474248 0.0701864 0.0500045 0.0495041 0.0491482 0.0553996 0.0518082 0.0716423 0.0545640 0.0516100 0.0489587 0.0546422 0.0613336 0.0742604 0.0523039 0.0635635 0.0755346 0.0520341 0.0480786 0.0662485 0.0641726 0.0503407 0.0697911 0.0713949 0.0615487 0.0475964 0.0524690 0.0491664 0.0655744 0.0565124 0.0578776 0.0703790 0.0491915 0.0653799 0.0507912 0.0533904 0.0478526 0.0586012 0.0627439 0.0627088 0.0533904 0.0715437 0.0523949 0.0575881 0.0551812 0.0478443 0.0509784 0.0477028 0.0595604 0.0510680 0.0713174 0.0612202 0.0564628 0.0486234 0.0610756 0.0762272 0.0626070 0.0636393 0.0459521 0.0510666 0.0525722 0.0515798 0.0516964 0.0516036 0.0565406 0.0595872 0.0594934 0.0696986 0.0530730 0.0569000 0.0652253 0.0519947 0.0906214 0.0504453 0.0569481 0.0672765 0.0662781 0.0737873 0.0491080 0.0499155 0.0485906 0.0510416 0.0736123 0.0516095 0.0721697 0.0704236 0.0654492 0.0630325 0.1311799 0.0657640 0.0681145 0.0694181 0.0566133 0.0543928 
I0195_522_Ramphastidae_Buccanodon_duchaillui              0.0431911 0.0499156 0.0531169 0.0506001 0.0588843 0.0517132 0.0294094 0.0463222 0.0520155 0.0629374 0.0000000 0.0446747 0.0601009 0.0512645 0.0502160 0.0585545 0.0486943 0.0383662 0.0607118 0.0412795 0.0590440 0.0447419 0.0447068 0.0430299 0.0417426 0.0521417 0.0436583 0.0323900 0.0639356 0.0680301 0.0446780 0.0589625 0.0602557 0.0557047 0.0570734 0.0472449 0.0665989 0.0606576 0.0661624 0.0586460 0.0706402 0.0616509 0.0578403 0.0900367 0.0781920 0.0805694 0.0660093 0.0593384 0.0495339 0.0532503 0.0480500 0.0593586 0.0581284 0.0430459 0.0542265 0.0579611 0.0603306 0.0528447 0.0476555 0.0440111 0.0552803 0.0601097 0.0460397 0.0454010 0.0712165 0.0576291 0.0632759 0.0565686 0.0433489 0.0454184 0.0668808 0.0645926 0.0467351 0.0317271 0.0657872 0.0605732 0.0596529 0.0492398 0.0459441 0.0583125 0.0206487 0.0429426 0.0439931 0.0533980 0.0501126 0.0513120 0.0474509 0.0412454 0.0408012 0.0597463 0.0714504 0.0533857 0.0519641 0.0468352 0.0415049 0.0594821 0.0477874 0.0621562 0.0192934 0.0425900 0.0642972 0.0440528 0.0429103 0.0421723 0.0506936 0.0473480 0.0670428 0.0501856 0.0460579 0.0430509 0.0489179 0.0551310 0.0697814 0.0462299 0.0574396 0.0703568 0.0460159 0.0417310 0.0612256 0.0573466 0.0444938 0.0646460 0.0665307 0.0558086 0.0415368 0.0453909 0.0425980 0.0583572 0.0511149 0.0521611 0.0647747 0.0423757 0.0576092 0.0466483 0.0457263 0.0418178 0.0546962 0.0251605 0.0575222 0.0456923 0.0637192 0.0467903 0.0541423 0.0489343 0.0411538 0.0457654 0.0414874 0.0539703 0.0449578 0.0729546 0.0589882 0.0492563 0.0426789 0.0582913 0.0710623 0.0585147 0.0584446 0.0405568 0.0446140 0.0476305 0.0452224 0.0440794 0.0475756 0.0507083 0.0530070 0.0533219 0.0645544 0.0490493 0.0515039 0.0603557 0.0469615 0.0893655 0.0454183 0.0519424 0.0593457 0.0599892 0.0680357 0.0426084 0.0424180 0.0411929 0.0454748 0.0682962 0.0446712 0.0696362 0.0648709 0.0600221 0.0565015 0.1289253 0.0589791 0.0668348 0.0653446 0.0518734 0.0485526 
I0196_523_Musophagidae_Corythaeola_cristata               0.0256187 0.0342407 0.0365949 0.0344739 0.0470858 0.0353145 0.0419012 0.0166139 0.0349855 0.0508922 0.0446747 0.0000000 0.0478206 0.0355009 0.0342502 0.0468492 0.0315205 0.0194729 0.0477774 0.0235965 0.0458246 0.0270607 0.0264098 0.0259149 0.0235009 0.0346315 0.0258128 0.0444665 0.0510834 0.0556883 0.0258964 0.0461539 0.0485456 0.0404422 0.0417081 0.0344129 0.0548127 0.0485970 0.0498055 0.0472676 0.0551062 0.0480024 0.0451281 0.0764628 0.0648460 0.0640889 0.0529008 0.0460920 0.0335911 0.0395748 0.0313499 0.0484506 0.0452758 0.0242621 0.0381335 0.0448274 0.0487126 0.0352976 0.0298310 0.0259190 0.0398670 0.0428693 0.0277879 0.0273855 0.0570809 0.0454973 0.0456292 0.0378528 0.0256884 0.0283401 0.0508675 0.0465867 0.0310895 0.0443143 0.0479751 0.0483924 0.0462308 0.0318596 0.0283086 0.0454821 0.0428307 0.0259722 0.0264513 0.0364885 0.0344821 0.0415147 0.0377557 0.0231502 0.0222562 0.0443492 0.0545443 0.0364470 0.0351012 0.0291251 0.0231563 0.0418463 0.0325954 0.0438095 0.0414623 0.0229043 0.0464494 0.0261471 0.0252074 0.0238529 0.0344157 0.0335629 0.0537802 0.0339617 0.0293669 0.0252423 0.0299716 0.0384473 0.0538173 0.0284207 0.0389002 0.0541432 0.0266425 0.0232033 0.0488781 0.0428037 0.0267253 0.0538163 0.0488021 0.0387367 0.0224862 0.0282863 0.0243409 0.0469334 0.0353697 0.0347138 0.0473636 0.0242861 0.0444423 0.0281241 0.0297550 0.0226616 0.0359236 0.0453645 0.0417033 0.0289858 0.0537029 0.0287429 0.0379557 0.0316717 0.0227317 0.0276667 0.0226538 0.0386839 0.0270334 0.0605715 0.0423523 0.0323644 0.0246402 0.0439828 0.0542164 0.0442434 0.0456729 0.0215072 0.0270546 0.0291193 0.0275895 0.0258949 0.0287839 0.0343424 0.0368733 0.0388791 0.0484966 0.0304508 0.0368755 0.0478621 0.0285574 0.0721236 0.0271942 0.0347847 0.0495662 0.0473619 0.0526101 0.0237281 0.0255277 0.0232989 0.0285839 0.0510267 0.0266480 0.0567868 0.0527971 0.0466903 0.0439855 0.1153461 0.0469402 0.0543545 0.0526571 0.0352041 0.0322183 
I0197_832_Corvidae_Corvus_albus                           0.0470127 0.0520253 0.0553507 0.0534483 0.0365482 0.0530067 0.0580218 0.0496641 0.0506137 0.0665480 0.0601009 0.0478206 0.0000000 0.0552692 0.0536936 0.0355316 0.0500723 0.0398215 0.0367725 0.0445935 0.0351454 0.0464132 0.0460113 0.0457717 0.0448497 0.0507240 0.0463000 0.0606483 0.0220392 0.0261990 0.0450207 0.0367159 0.0372064 0.0598025 0.0602175 0.0493789 0.0251510 0.0374372 0.0657692 0.0361608 0.0713042 0.0384054 0.0347026 0.0903843 0.0788581 0.0801458 0.0228966 0.0630831 0.0531912 0.0550982 0.0489010 0.0390423 0.0356452 0.0461552 0.0564595 0.0345651 0.0367392 0.0502360 0.0500835 0.0466965 0.0389160 0.0613324 0.0474614 0.0463108 0.0712317 0.0346962 0.0629847 0.0584492 0.0468726 0.0477995 0.0678692 0.0649527 0.0485632 0.0591241 0.0683276 0.0386601 0.0354102 0.0508604 0.0476704 0.0355271 0.0591035 0.0471884 0.0451132 0.0563939 0.0531288 0.0603911 0.0555793 0.0457684 0.0431101 0.0627635 0.0728313 0.0549367 0.0542375 0.0493677 0.0440923 0.0604573 0.0515930 0.0615234 0.0583639 0.0446938 0.0634455 0.0456848 0.0470688 0.0458428 0.0543274 0.0520779 0.0643569 0.0533127 0.0481155 0.0455480 0.0501142 0.0578417 0.0704808 0.0487907 0.0595466 0.0722093 0.0482006 0.0444284 0.0375082 0.0574875 0.0465879 0.0297115 0.0683958 0.0571983 0.0441640 0.0495846 0.0450878 0.0377656 0.0542555 0.0545082 0.0679328 0.0463150 0.0617668 0.0473973 0.0482618 0.0443407 0.0538015 0.0598143 0.0603575 0.0497199 0.0425981 0.0476753 0.0555139 0.0510077 0.0435777 0.0471260 0.0437924 0.0536120 0.0472072 0.0768685 0.0581476 0.0519722 0.0460585 0.0600173 0.0744973 0.0252019 0.0359462 0.0435746 0.0489928 0.0496267 0.0483394 0.0465480 0.0487110 0.0537318 0.0559885 0.0538717 0.0636594 0.0496076 0.0517305 0.0369269 0.0484591 0.0884777 0.0478738 0.0501087 0.0375774 0.0249064 0.0698170 0.0450202 0.0469665 0.0455273 0.0473612 0.0708184 0.0467383 0.0268641 0.0221807 0.0100933 0.0350669 0.1342096 0.0250502 0.0255673 0.0224905 0.0538371 0.0519762 
I0198_937_Bucerotidae_Tockus_camurus                      0.0335001 0.0418736 0.0446967 0.0427716 0.0544897 0.0422558 0.0487136 0.0368687 0.0421880 0.0565062 0.0512645 0.0355009 0.0552692 0.0000000 0.0405593 0.0538816 0.0395700 0.0276795 0.0558740 0.0327275 0.0541511 0.0356050 0.0347935 0.0341195 0.0318965 0.0422984 0.0346557 0.0510297 0.0589096 0.0630990 0.0343868 0.0550711 0.0563162 0.0490529 0.0498955 0.0417482 0.0611117 0.0556539 0.0584059 0.0549337 0.0633427 0.0556750 0.0528555 0.0852075 0.0728442 0.0736970 0.0595651 0.0483721 0.0402780 0.0463539 0.0393500 0.0547396 0.0536164 0.0331973 0.0464025 0.0533186 0.0559337 0.0427666 0.0371505 0.0339836 0.0487532 0.0518694 0.0364057 0.0349289 0.0649677 0.0529712 0.0545675 0.0474774 0.0336413 0.0362119 0.0612416 0.0562171 0.0385102 0.0502064 0.0572704 0.0552486 0.0542045 0.0397558 0.0366479 0.0539854 0.0491162 0.0345170 0.0352996 0.0450194 0.0409602 0.0481050 0.0433381 0.0326636 0.0297757 0.0527965 0.0645711 0.0447019 0.0427339 0.0377484 0.0313768 0.0515692 0.0384241 0.0525488 0.0481236 0.0311864 0.0554208 0.0343363 0.0337227 0.0321664 0.0432211 0.0406578 0.0605627 0.0426261 0.0363913 0.0333159 0.0387544 0.0465280 0.0620976 0.0369361 0.0469220 0.0627568 0.0364312 0.0318492 0.0553288 0.0502402 0.0350214 0.0591285 0.0571043 0.0465830 0.0322209 0.0360429 0.0326812 0.0534857 0.0434168 0.0421815 0.0555760 0.0334253 0.0467207 0.0364459 0.0372958 0.0315883 0.0453402 0.0517059 0.0505730 0.0367080 0.0598078 0.0376609 0.0464019 0.0400418 0.0314367 0.0364199 0.0307494 0.0455203 0.0361962 0.0689777 0.0505305 0.0405394 0.0330298 0.0517275 0.0624490 0.0520021 0.0539340 0.0299233 0.0356772 0.0381851 0.0357172 0.0345390 0.0361264 0.0417340 0.0455547 0.0462681 0.0565258 0.0396984 0.0437059 0.0550611 0.0373149 0.0799042 0.0363155 0.0419838 0.0559672 0.0543406 0.0602986 0.0323946 0.0329813 0.0320373 0.0366369 0.0585608 0.0348295 0.0635165 0.0589166 0.0548641 0.0498243 0.1222610 0.0538470 0.0609034 0.0598385 0.0430285 0.0158887 
I0199_955_Meropidae_Merops_muelleri                       0.0313074 0.0363910 0.0419508 0.0407928 0.0532312 0.0411827 0.0478134 0.0365445 0.0421381 0.0524077 0.0502160 0.0342502 0.0536936 0.0405593 0.0000000 0.0519009 0.0373974 0.0272347 0.0534040 0.0310002 0.0515458 0.0342732 0.0335876 0.0324090 0.0306171 0.0428094 0.0326864 0.0502738 0.0569455 0.0609521 0.0332588 0.0523881 0.0537671 0.0484408 0.0477499 0.0413572 0.0588812 0.0534756 0.0548992 0.0528463 0.0614252 0.0538575 0.0505830 0.0822057 0.0700691 0.0711864 0.0573330 0.0495791 0.0345978 0.0448984 0.0376876 0.0531988 0.0506078 0.0310071 0.0444851 0.0504722 0.0546981 0.0425546 0.0363076 0.0322647 0.0455712 0.0481206 0.0343932 0.0337830 0.0626916 0.0508818 0.0512348 0.0451547 0.0323346 0.0346955 0.0577341 0.0517364 0.0370449 0.0485763 0.0540960 0.0535587 0.0520195 0.0396456 0.0350074 0.0516875 0.0483926 0.0319385 0.0334234 0.0437869 0.0359583 0.0448665 0.0417893 0.0308067 0.0296344 0.0511981 0.0613887 0.0427560 0.0427243 0.0358336 0.0304069 0.0473121 0.0339846 0.0495530 0.0476652 0.0302295 0.0523195 0.0335766 0.0327643 0.0311930 0.0413451 0.0345001 0.0586040 0.0406701 0.0356824 0.0326992 0.0371754 0.0452102 0.0599751 0.0352657 0.0456992 0.0597224 0.0349459 0.0303182 0.0543330 0.0493563 0.0335840 0.0569623 0.0539614 0.0454172 0.0302308 0.0345702 0.0310458 0.0525359 0.0417090 0.0416624 0.0543747 0.0315711 0.0491559 0.0351149 0.0355515 0.0301245 0.0423896 0.0499323 0.0496874 0.0359287 0.0587027 0.0348126 0.0444611 0.0389005 0.0299612 0.0348422 0.0293431 0.0456594 0.0337606 0.0666852 0.0480456 0.0407869 0.0315991 0.0500326 0.0593384 0.0491875 0.0515982 0.0287923 0.0343950 0.0366519 0.0344666 0.0333921 0.0354891 0.0405019 0.0432716 0.0456079 0.0540692 0.0372577 0.0432844 0.0527503 0.0362665 0.0784692 0.0348679 0.0422903 0.0546289 0.0517089 0.0575607 0.0313705 0.0321828 0.0307136 0.0349641 0.0575897 0.0335194 0.0607100 0.0577202 0.0525316 0.0490500 0.1184016 0.0511694 0.0580663 0.0576549 0.0416974 0.0375396 
I0200_988_Furnariidae_Furnarius_rufus                     0.0441771 0.0513887 0.0527460 0.0519756 0.0316281 0.0508861 0.0579330 0.0488290 0.0495732 0.0656582 0.0585545 0.0468492 0.0355316 0.0538816 0.0519009 0.0000000 0.0489236 0.0379498 0.0274725 0.0428723 0.0261077 0.0451457 0.0440840 0.0451238 0.0434617 0.0495628 0.0458478 0.0606496 0.0382512 0.0429759 0.0444106 0.0273553 0.0289127 0.0580010 0.0579591 0.0487459 0.0422571 0.0148557 0.0646161 0.0275248 0.0694417 0.0289537 0.0256554 0.0888395 0.0792343 0.0797832 0.0405759 0.0619210 0.0507887 0.0546189 0.0490653 0.0246447 0.0260645 0.0441371 0.0550485 0.0254790 0.0128278 0.0491617 0.0487141 0.0446995 0.0313735 0.0609852 0.0467964 0.0447875 0.0699960 0.0259106 0.0634549 0.0574957 0.0452838 0.0451059 0.0667513 0.0644827 0.0474227 0.0589020 0.0678066 0.0240129 0.0267754 0.0475864 0.0467416 0.0268931 0.0582731 0.0448884 0.0444765 0.0541032 0.0510880 0.0589552 0.0552420 0.0440760 0.0414357 0.0604158 0.0711887 0.0523044 0.0525553 0.0476018 0.0429955 0.0609866 0.0502078 0.0613783 0.0572535 0.0431416 0.0636909 0.0443172 0.0452315 0.0443268 0.0525153 0.0511731 0.0613218 0.0525352 0.0473367 0.0440891 0.0489854 0.0557919 0.0694593 0.0476671 0.0583011 0.0703442 0.0474554 0.0434473 0.0236849 0.0565426 0.0455427 0.0380019 0.0680776 0.0555651 0.0431381 0.0473347 0.0449289 0.0327593 0.0531519 0.0526654 0.0673337 0.0448296 0.0611625 0.0471072 0.0475512 0.0433196 0.0531315 0.0588431 0.0570790 0.0480437 0.0381977 0.0465730 0.0536651 0.0505827 0.0428094 0.0460161 0.0426881 0.0539425 0.0455316 0.0771050 0.0568453 0.0517762 0.0436995 0.0569831 0.0728777 0.0312354 0.0271399 0.0417182 0.0470171 0.0478271 0.0464809 0.0446465 0.0474467 0.0513123 0.0541280 0.0536678 0.0620765 0.0482825 0.0516485 0.0225409 0.0465271 0.0884642 0.0459696 0.0492084 0.0330717 0.0357995 0.0686250 0.0439394 0.0444576 0.0442082 0.0452113 0.0694343 0.0455880 0.0428102 0.0395621 0.0345035 0.0291160 0.1306300 0.0348317 0.0414324 0.0397864 0.0516029 0.0510501 
I0201_999_Scolopacidae_Tringa_solitaria                   0.0281006 0.0391624 0.0404972 0.0378200 0.0501582 0.0396379 0.0459153 0.0335124 0.0375756 0.0538338 0.0486943 0.0315205 0.0500723 0.0395700 0.0373974 0.0489236 0.0000000 0.0225106 0.0503460 0.0267672 0.0487147 0.0246429 0.0302420 0.0256727 0.0268459 0.0379437 0.0259818 0.0485830 0.0536347 0.0576737 0.0289611 0.0488298 0.0511303 0.0449284 0.0449046 0.0380876 0.0560564 0.0504214 0.0525733 0.0493647 0.0582839 0.0509128 0.0482129 0.0792477 0.0664349 0.0671342 0.0552156 0.0485852 0.0372277 0.0417192 0.0338779 0.0515625 0.0477554 0.0276422 0.0421995 0.0484754 0.0508152 0.0378255 0.0333111 0.0282081 0.0439586 0.0470691 0.0315893 0.0298633 0.0596406 0.0481124 0.0487414 0.0428679 0.0288792 0.0315828 0.0551105 0.0500576 0.0339842 0.0473298 0.0527388 0.0514460 0.0486966 0.0351875 0.0316129 0.0486755 0.0458320 0.0284549 0.0239217 0.0416037 0.0390042 0.0437152 0.0412836 0.0271372 0.0251082 0.0474230 0.0592030 0.0255952 0.0400191 0.0334889 0.0258636 0.0456546 0.0351756 0.0466619 0.0450527 0.0272783 0.0494817 0.0258383 0.0283946 0.0269193 0.0389295 0.0365718 0.0569789 0.0376465 0.0327714 0.0251374 0.0337915 0.0426028 0.0565917 0.0322040 0.0429989 0.0577543 0.0305390 0.0263398 0.0507554 0.0453247 0.0293549 0.0553106 0.0524749 0.0436562 0.0263743 0.0310555 0.0279994 0.0492093 0.0389943 0.0390710 0.0521968 0.0275285 0.0480460 0.0261953 0.0322407 0.0260237 0.0391788 0.0478737 0.0457135 0.0327946 0.0552204 0.0262543 0.0261863 0.0359394 0.0254783 0.0310650 0.0258074 0.0404030 0.0243429 0.0584059 0.0462050 0.0369080 0.0276147 0.0468412 0.0577642 0.0471483 0.0493647 0.0259007 0.0306257 0.0329827 0.0301295 0.0302373 0.0321773 0.0377342 0.0415664 0.0411802 0.0514297 0.0110811 0.0398650 0.0496785 0.0123670 0.0748641 0.0309620 0.0375113 0.0518479 0.0494450 0.0562153 0.0276579 0.0288935 0.0273421 0.0324761 0.0555481 0.0307835 0.0593740 0.0554049 0.0502625 0.0466742 0.1196521 0.0486495 0.0564754 0.0553015 0.0238272 0.0362717 
I0202_1066_Cathartidae_Cathartes_burrovianus              0.0156255 0.0268392 0.0290377 0.0267934 0.0393091 0.0282921 0.0356500 0.0216062 0.0208153 0.0443109 0.0383662 0.0194729 0.0398215 0.0276795 0.0272347 0.0379498 0.0225106 0.0000000 0.0393982 0.0150075 0.0374053 0.0179791 0.0175781 0.0175622 0.0140680 0.0235429 0.0171838 0.0383891 0.0443336 0.0485193 0.0175074 0.0387154 0.0403446 0.0336567 0.0341021 0.0239101 0.0466985 0.0398313 0.0421278 0.0390764 0.0476395 0.0402291 0.0370276 0.0701039 0.0587659 0.0579672 0.0457653 0.0384215 0.0262235 0.0316637 0.0233522 0.0409280 0.0373565 0.0159224 0.0301369 0.0372411 0.0405331 0.0240073 0.0213032 0.0169915 0.0320170 0.0355302 0.0196029 0.0193799 0.0498837 0.0372264 0.0377691 0.0308010 0.0169350 0.0201698 0.0454501 0.0385568 0.0226904 0.0370097 0.0416119 0.0408087 0.0377836 0.0244459 0.0203281 0.0377622 0.0359465 0.0162466 0.0177791 0.0287342 0.0275182 0.0335991 0.0288171 0.0149961 0.0037600 0.0368442 0.0479925 0.0295882 0.0277177 0.0212904 0.0145559 0.0345166 0.0239957 0.0351414 0.0351415 0.0148392 0.0387256 0.0170646 0.0158454 0.0155721 0.0275420 0.0248231 0.0458992 0.0265538 0.0205978 0.0166362 0.0221807 0.0306176 0.0465163 0.0202261 0.0317293 0.0467544 0.0191919 0.0138954 0.0403504 0.0357650 0.0180605 0.0446153 0.0413162 0.0315879 0.0143334 0.0183394 0.0160968 0.0389250 0.0277513 0.0263303 0.0403514 0.0157423 0.0367145 0.0202252 0.0209962 0.0140604 0.0280369 0.0379759 0.0345365 0.0208849 0.0450190 0.0201682 0.0302526 0.0238238 0.0141231 0.0199021 0.0138938 0.0309157 0.0183245 0.0540680 0.0342976 0.0246861 0.0158116 0.0356696 0.0471832 0.0364764 0.0382455 0.0127077 0.0189511 0.0220602 0.0187560 0.0172763 0.0203580 0.0260759 0.0293752 0.0312830 0.0407949 0.0217648 0.0298260 0.0393841 0.0209602 0.0657673 0.0201461 0.0228821 0.0403341 0.0387912 0.0451357 0.0153708 0.0156804 0.0146524 0.0195681 0.0437041 0.0176604 0.0497155 0.0448737 0.0393932 0.0360226 0.1072868 0.0382440 0.0473396 0.0447629 0.0270011 0.0235090 
I0203_1087_Tyrannidae_Hymenops_perspicillatus             0.0464174 0.0530060 0.0546585 0.0533280 0.0317352 0.0534299 0.0580436 0.0497566 0.0511199 0.0663091 0.0607118 0.0477774 0.0367725 0.0558740 0.0534040 0.0274725 0.0503460 0.0393982 0.0000000 0.0440661 0.0088685 0.0474531 0.0451968 0.0465819 0.0447492 0.0515897 0.0468115 0.0608656 0.0393731 0.0429226 0.0453283 0.0173412 0.0175604 0.0605036 0.0607210 0.0497573 0.0429620 0.0278690 0.0662878 0.0147238 0.0723794 0.0163235 0.0151189 0.0888436 0.0808705 0.0813709 0.0413123 0.0644890 0.0522655 0.0549361 0.0493472 0.0297538 0.0152731 0.0461451 0.0568519 0.0151256 0.0290247 0.0509151 0.0495291 0.0467548 0.0121171 0.0614993 0.0483664 0.0466529 0.0731956 0.0152449 0.0639244 0.0585011 0.0472179 0.0474048 0.0679549 0.0651990 0.0484270 0.0597297 0.0696221 0.0289608 0.0150481 0.0508886 0.0482011 0.0155430 0.0601986 0.0471714 0.0459168 0.0559806 0.0534601 0.0595828 0.0577455 0.0448059 0.0427913 0.0624498 0.0732880 0.0539885 0.0550115 0.0489753 0.0435842 0.0609422 0.0528993 0.0627067 0.0592781 0.0446941 0.0645808 0.0456958 0.0462173 0.0459386 0.0552797 0.0532706 0.0622783 0.0550572 0.0488214 0.0462379 0.0501136 0.0576492 0.0715687 0.0492303 0.0595478 0.0729881 0.0492831 0.0444416 0.0296507 0.0586242 0.0465496 0.0394660 0.0694485 0.0571665 0.0446670 0.0488826 0.0464872 0.0324775 0.0543652 0.0552390 0.0688291 0.0452219 0.0627182 0.0490408 0.0479291 0.0440455 0.0539278 0.0598172 0.0591533 0.0492324 0.0398393 0.0487592 0.0548832 0.0511225 0.0442320 0.0479082 0.0438206 0.0559175 0.0476824 0.0780226 0.0585842 0.0520608 0.0458567 0.0595233 0.0758649 0.0330667 0.0167002 0.0434180 0.0484755 0.0499934 0.0472445 0.0464059 0.0493910 0.0532787 0.0565877 0.0554890 0.0648336 0.0503935 0.0536931 0.0283527 0.0491276 0.0875650 0.0479053 0.0511346 0.0329797 0.0352613 0.0707870 0.0454249 0.0463983 0.0455295 0.0473347 0.0728788 0.0468304 0.0431638 0.0396644 0.0352945 0.0292706 0.1336962 0.0344820 0.0425868 0.0403453 0.0541012 0.0523097 
I0204_1174_Threskiornithidae_Harpiprion_caerulescens      0.0205902 0.0309236 0.0327242 0.0310867 0.0432232 0.0317769 0.0388243 0.0245643 0.0313277 0.0475923 0.0412795 0.0235965 0.0445935 0.0327275 0.0310002 0.0428723 0.0267672 0.0150075 0.0440661 0.0000000 0.0418050 0.0220411 0.0228286 0.0204733 0.0176121 0.0317194 0.0219185 0.0415643 0.0479662 0.0525478 0.0217119 0.0431230 0.0444039 0.0383189 0.0383049 0.0313886 0.0509712 0.0442517 0.0476561 0.0435198 0.0526139 0.0440705 0.0417972 0.0756337 0.0612726 0.0634318 0.0500576 0.0431071 0.0298019 0.0352721 0.0277264 0.0447135 0.0416696 0.0180454 0.0351312 0.0418738 0.0448868 0.0322113 0.0260775 0.0196913 0.0370770 0.0402531 0.0236217 0.0227905 0.0548471 0.0414955 0.0428907 0.0349332 0.0195776 0.0239659 0.0493146 0.0434960 0.0273816 0.0402455 0.0449896 0.0450618 0.0426146 0.0272152 0.0236608 0.0421760 0.0395798 0.0212483 0.0215394 0.0341191 0.0310290 0.0372324 0.0331012 0.0171210 0.0171449 0.0423129 0.0533830 0.0319096 0.0327659 0.0251346 0.0176723 0.0389864 0.0287776 0.0402653 0.0381642 0.0183216 0.0436347 0.0201441 0.0211526 0.0184536 0.0316247 0.0307163 0.0490062 0.0312289 0.0250420 0.0197393 0.0261991 0.0359834 0.0514690 0.0224959 0.0356382 0.0525049 0.0230406 0.0167755 0.0440781 0.0380181 0.0213722 0.0486479 0.0455440 0.0359486 0.0169138 0.0234012 0.0190840 0.0426807 0.0324954 0.0311299 0.0445608 0.0179217 0.0419474 0.0234582 0.0260640 0.0173622 0.0331542 0.0418582 0.0396683 0.0251054 0.0495859 0.0243644 0.0334300 0.0278456 0.0170920 0.0232397 0.0167747 0.0342100 0.0221214 0.0589121 0.0386123 0.0287786 0.0184814 0.0407297 0.0513510 0.0404977 0.0426471 0.0158813 0.0206642 0.0248042 0.0213513 0.0221482 0.0234730 0.0303546 0.0337878 0.0341307 0.0459941 0.0255602 0.0326037 0.0435437 0.0246025 0.0713279 0.0232524 0.0311895 0.0451264 0.0427165 0.0503113 0.0191807 0.0209862 0.0178659 0.0243529 0.0478606 0.0225596 0.0535170 0.0486755 0.0438618 0.0405744 0.1149210 0.0423265 0.0511466 0.0495111 0.0302103 0.0285268 
