37
Burramyidae_Burramys_parvus                  0.0000000 0.0521566 0.0414600 0.0422346 0.0446275 0.0726455 0.0318965 0.0352799 0.0445468 0.0597218 0.1675289 0.0321618 0.0775925 0.0719289 0.0330010 0.0409834 0.0776246 0.0745774 0.0458791 0.0537181 0.0469753 0.0376648 0.0719333 0.0397503 0.0495244 0.0389244 0.0482686 0.0379980 0.0400212 0.1675289 0.0318786 0.0671483 0.0774113 0.0594035 0.0598038 0.0563934 0.0554758 
Notoryctidae_Notoryctes_typhlops             0.0521566 0.0000000 0.0559369 0.0583702 0.0617972 0.0808071 0.0485859 0.0512602 0.0583381 0.0650158 0.2441953 0.0467670 0.0870470 0.0788208 0.0501441 0.0554848 0.0860747 0.0825420 0.0526693 0.0631486 0.0591707 0.0557652 0.0794087 0.0554653 0.0560028 0.0554087 0.0620096 0.0557621 0.0563861 0.2441953 0.0494000 0.0743653 0.0861008 0.0646033 0.0677004 0.0669682 0.0787395 
Vombatidae_Lasiorhinus_latifrons             0.0414600 0.0559369 0.0000000 0.0470656 0.0484083 0.0693458 0.0356800 0.0393918 0.0478115 0.0684666 0.1976675 0.0361364 0.0763616 0.0730881 0.0376819 0.0461721 0.0763923 0.0690086 0.0479430 0.0645379 0.0509008 0.0410001 0.0704073 0.0449750 0.0511416 0.0421157 0.0499825 0.0433400 0.0446810 0.1976675 0.0362236 0.0737938 0.0737643 0.0683583 0.0603927 0.0590499 0.0599075 
Potoroidae_Bettongia_penicillata             0.0422346 0.0583702 0.0470656 0.0000000 0.0029334 0.0779963 0.0388070 0.0417667 0.0090237 0.0689622 0.1966876 0.0399771 0.0829636 0.0801355 0.0411525 0.0444551 0.0830000 0.0791397 0.0483437 0.0687894 0.0155804 0.0472301 0.0772470 0.0266343 0.0549319 0.0466689 0.0139354 0.0453793 0.0417372 0.1966876 0.0387992 0.0865740 0.0834764 0.0685681 0.0685873 0.0696957 0.0628879 
Potoroidae_Bettongia_lesueur                 0.0446275 0.0617972 0.0484083 0.0029334 0.0000000 0.0805152 0.0407726 0.0428957 0.0102626 0.0718711 0.1911410 0.0421051 0.0861258 0.0832159 0.0428981 0.0463728 0.0861645 0.0816847 0.0501269 0.0704269 0.0174190 0.0501085 0.0803065 0.0280099 0.0587747 0.0490640 0.0148811 0.0488363 0.0432134 0.1911410 0.0407649 0.0875652 0.0861952 0.0714486 0.0712665 0.0729014 0.0645864 
Dasyuridae_Dasyurus_maculatus                0.0726455 0.0808071 0.0693458 0.0779963 0.0805152 0.0000000 0.0673801 0.0700356 0.0755242 0.0935913 0.0849534 0.0643028 0.0160197 0.0184797 0.0667574 0.0744268 0.0156172 0.0048516 0.0099578 0.0897117 0.0812178 0.0738613 0.0114774 0.0732711 0.0744058 0.0734029 0.0748644 0.0712533 0.0730028 0.0849534 0.0637309 0.1032634 0.0050493 0.0922172 0.0842653 0.0869024 0.0830144 
Phalangeridae_Trichosurus_vulpecula          0.0318965 0.0485859 0.0356800 0.0388070 0.0407726 0.0673801 0.0000000 0.0110457 0.0409778 0.0587426 0.1822587 0.0107612 0.0703267 0.0679085 0.0105092 0.0335330 0.0694367 0.0700433 0.0421548 0.0540825 0.0433166 0.0339901 0.0658316 0.0360001 0.0441357 0.0334257 0.0427602 0.0334302 0.0330260 0.1822587 0.0099994 0.0676573 0.0710946 0.0587131 0.0562338 0.0586271 0.0522861 
Phalangeridae_Spilocuscus_maculatus          0.0352799 0.0512602 0.0393918 0.0417667 0.0428957 0.0700356 0.0110457 0.0000000 0.0433317 0.0607768 0.2061538 0.0057521 0.0706922 0.0705729 0.0051151 0.0352952 0.0707197 0.0710057 0.0424216 0.0574527 0.0448627 0.0364264 0.0696831 0.0383232 0.0485198 0.0352135 0.0448330 0.0364665 0.0347478 0.2061538 0.0047477 0.0698639 0.0739140 0.0607563 0.0556350 0.0578816 0.0537057 
Potoroidae_Aepyprymnus_rufescens             0.0445468 0.0583381 0.0478115 0.0090237 0.0102626 0.0755242 0.0409778 0.0433317 0.0000000 0.0707354 0.1952234 0.0409978 0.0847116 0.0775379 0.0426752 0.0460082 0.0847492 0.0770590 0.0476462 0.0679079 0.0164157 0.0469243 0.0774901 0.0276375 0.0566869 0.0453727 0.0139565 0.0450841 0.0426465 0.1952234 0.0399872 0.0871479 0.0804100 0.0703240 0.0665765 0.0667246 0.0614381 
Peramelidae_Perameles_nasuta                 0.0597218 0.0650158 0.0684666 0.0689622 0.0718711 0.0935913 0.0587426 0.0607768 0.0707354 0.0000000 0.1811914 0.0548673 0.0961148 0.0924808 0.0593974 0.0662516 0.0967566 0.0934231 0.0581090 0.0161329 0.0772037 0.0672137 0.0918146 0.0675934 0.0663690 0.0682306 0.0764568 0.0650001 0.0658553 0.1811914 0.0573976 0.0229428 0.1013032 0.0004540 0.0744328 0.0763702 0.0730635 
Myrmecobiidae_Myrmecobius_fasciatus1         0.1675289 0.2441953 0.1976675 0.1966876 0.1911410 0.0849534 0.1822587 0.2061538 0.1952234 0.1811914 0.0000000 0.1983849 0.0768313 0.0665730 0.1895158 0.2374818 0.0731781 0.0779233 0.0663908 0.1903806 0.2115075 0.1676422 0.0663225 0.1978080 0.1643123 0.1980610 0.2003976 0.1960429 0.2075421 0.0000010 0.1859439 0.1849125 0.0822894 0.1746314 9.0000000 9.0000000 9.0000000 
Phalangeridae_Strigocuscus_pelengensis       0.0321618 0.0467670 0.0361364 0.0399771 0.0421051 0.0643028 0.0107612 0.0057521 0.0409978 0.0548673 0.1983849 0.0000000 0.0664170 0.0644540 0.0045301 0.0332792 0.0664430 0.0664546 0.0384555 0.0508718 0.0430376 0.0335975 0.0664893 0.0371477 0.0479634 0.0328906 0.0423329 0.0336763 0.0331498 0.1983849 0.0038138 0.0616320 0.0689327 0.0544838 0.0542200 0.0553659 0.0554324 
Dasyuridae_Phascogale_tapoatafa              0.0775925 0.0870470 0.0763616 0.0829636 0.0861258 0.0160197 0.0703267 0.0706922 0.0847116 0.0961148 0.0768313 0.0664170 0.0000000 0.0208611 0.0678264 0.0789015 0.0015217 0.0166498 0.0126415 0.0941494 0.0908591 0.0759849 0.0080905 0.0799634 0.0792001 0.0789867 0.0809855 0.0790741 0.0756311 0.0768313 0.0656166 0.1095576 0.0175871 0.0953679 0.0834762 0.0881697 0.0883405 
Dasyuridae_Sminthopsis_macroura              0.0719289 0.0788208 0.0730881 0.0801355 0.0832159 0.0184797 0.0679085 0.0705729 0.0775379 0.0924808 0.0665730 0.0644540 0.0208611 0.0000000 0.0672608 0.0751113 0.0206479 0.0183132 0.0099917 0.0904916 0.0850758 0.0735414 0.0181858 0.0752801 0.0777241 0.0755706 0.0803860 0.0736460 0.0719053 0.0665730 0.0646433 0.1048785 0.0200163 0.0913300 0.0875715 0.0901485 0.0806221 
Phalangeridae_Phalanger_orientalis           0.0330010 0.0501441 0.0376819 0.0411525 0.0428981 0.0667574 0.0105092 0.0051151 0.0426752 0.0593974 0.1895158 0.0045301 0.0678264 0.0672608 0.0000000 0.0343751 0.0687702 0.0686146 0.0411727 0.0560744 0.0445027 0.0340876 0.0670182 0.0368525 0.0483511 0.0337309 0.0432006 0.0346369 0.0341384 0.1895158 0.0020117 0.0693266 0.0713814 0.0593625 0.0562502 0.0581550 0.0528992 
Acrobatidae_Acrobates_pygmaeus               0.0409834 0.0554848 0.0461721 0.0444551 0.0463728 0.0744268 0.0335330 0.0352952 0.0460082 0.0662516 0.2374818 0.0332792 0.0789015 0.0751113 0.0343751 0.0000000 0.0789350 0.0753436 0.0489155 0.0633801 0.0479716 0.0306406 0.0753461 0.0443220 0.0525125 0.0306774 0.0492686 0.0290202 0.0160404 0.2374818 0.0339983 0.0754099 0.0813846 0.0663867 0.0613348 0.0640103 0.0479789 
Dasyuridae_Phascogale_calura                 0.0776246 0.0860747 0.0763923 0.0830000 0.0861645 0.0156172 0.0694367 0.0707197 0.0847492 0.0967566 0.0731781 0.0664430 0.0015217 0.0206479 0.0687702 0.0789350 0.0000000 0.0162420 0.0126437 0.0953166 0.0909030 0.0760159 0.0080916 0.0809156 0.0797777 0.0790198 0.0810204 0.0780407 0.0756617 0.0731781 0.0656408 0.1095065 0.0171694 0.0960012 0.0841043 0.0900891 0.0902601 
Dasyuridae_Sarcophilus_harrisii              0.0745774 0.0825420 0.0690086 0.0791397 0.0816847 0.0048516 0.0700433 0.0710057 0.0770590 0.0934231 0.0779233 0.0664546 0.0166498 0.0183132 0.0686146 0.0753436 0.0162420 0.0000000 0.0103595 0.0887278 0.0837782 0.0725062 0.0128061 0.0756479 0.0746698 0.0750331 0.0763828 0.0738964 0.0747554 0.0779233 0.0655021 0.1027875 0.0058912 0.0920537 0.0844015 0.0862791 0.0849554 
Dasyuridae_Planigale_tenuirostris            0.0458791 0.0526693 0.0479430 0.0483437 0.0501269 0.0099578 0.0421548 0.0424216 0.0476462 0.0581090 0.0663908 0.0384555 0.0126415 0.0099917 0.0411727 0.0489155 0.0126437 0.0103595 0.0000000 0.0602205 0.0537454 0.0468444 0.0097888 0.0470199 0.0447696 0.0477885 0.0487936 0.0477420 0.0471680 0.0663908 0.0387876 0.0710769 0.0115993 0.0572034 0.0480297 0.0509167 0.0520428 
Peramelidae_Echymipera_kalubu                0.0537181 0.0631486 0.0645379 0.0687894 0.0704269 0.0897117 0.0540825 0.0574527 0.0679079 0.0161329 0.1903806 0.0508718 0.0941494 0.0904916 0.0560744 0.0633801 0.0953166 0.0887278 0.0602205 0.0000000 0.0720967 0.0592248 0.0895299 0.0666770 0.0656417 0.0611122 0.0728568 0.0598826 0.0614467 0.1903806 0.0538481 0.0183385 0.0956200 0.0160630 0.0804011 0.0759943 0.0731635 
Macropodidae_Dorcopsulus_vanheurni           0.0469753 0.0591707 0.0509008 0.0155804 0.0174190 0.0812178 0.0433166 0.0448627 0.0164157 0.0772037 0.2115075 0.0430376 0.0908591 0.0850758 0.0445027 0.0479716 0.0909030 0.0837782 0.0537454 0.0720967 0.0000000 0.0511340 0.0856581 0.0283293 0.0587702 0.0492240 0.0125707 0.0507240 0.0443424 0.2115075 0.0432125 0.0883072 0.0876253 0.0768068 0.0651828 0.0667124 0.0676829 
Pseudochiridae_Pseudochirulus_forbesi        0.0376648 0.0557652 0.0410001 0.0472301 0.0501085 0.0738613 0.0339901 0.0364264 0.0469243 0.0672137 0.1676422 0.0335975 0.0759849 0.0735414 0.0340876 0.0306406 0.0760159 0.0725062 0.0468444 0.0592248 0.0511340 0.0000000 0.0726501 0.0416234 0.0485896 0.0179093 0.0505512 0.0117480 0.0315438 0.1676422 0.0337728 0.0762526 0.0803305 0.0658810 0.0621777 0.0639051 0.0413723 
Dasyuridae_Antechinus_stuartii               0.0719333 0.0794087 0.0704073 0.0772470 0.0803065 0.0114774 0.0658316 0.0696831 0.0774901 0.0918146 0.0663225 0.0664893 0.0080905 0.0181858 0.0670182 0.0753461 0.0080916 0.0128061 0.0097888 0.0895299 0.0856581 0.0726501 0.0000000 0.0713271 0.0732315 0.0740423 0.0761348 0.0740568 0.0741466 0.0663225 0.0637401 0.1033081 0.0136480 0.0913595 0.0813159 0.0860728 0.0809689 
Hypsiprymnodontidae_Hypsiprymnodon_moschatus 0.0397503 0.0554653 0.0449750 0.0266343 0.0280099 0.0732711 0.0360001 0.0383232 0.0276375 0.0675934 0.1978080 0.0371477 0.0799634 0.0752801 0.0368525 0.0443220 0.0809156 0.0756479 0.0470199 0.0666770 0.0283293 0.0416234 0.0713271 0.0000000 0.0539298 0.0390534 0.0302425 0.0417719 0.0413850 0.1978080 0.0358726 0.0827599 0.0803334 0.0671773 0.0654179 0.0665605 0.0588185 
Microbiotheriidae_Dromiciops_gliroides       0.0495244 0.0560028 0.0511416 0.0549319 0.0587747 0.0744058 0.0441357 0.0485198 0.0566869 0.0663690 0.1643123 0.0479634 0.0792001 0.0777241 0.0483511 0.0525125 0.0797777 0.0746698 0.0447696 0.0656417 0.0587702 0.0485896 0.0732315 0.0539298 0.0000000 0.0490152 0.0601604 0.0493624 0.0512122 0.1643123 0.0472897 0.0761657 0.0771614 0.0651560 0.0619066 0.0654388 0.0682283 
Pseudochiridae_Petauroides_volans            0.0389244 0.0554087 0.0421157 0.0466689 0.0490640 0.0734029 0.0334257 0.0352135 0.0453727 0.0682306 0.1980610 0.0328906 0.0789867 0.0755706 0.0337309 0.0306774 0.0790198 0.0750331 0.0477885 0.0611122 0.0492240 0.0179093 0.0740423 0.0390534 0.0490152 0.0000000 0.0506763 0.0159798 0.0310298 0.1980610 0.0332420 0.0757645 0.0794390 0.0674545 0.0639388 0.0642688 0.0404238 
Macropodidae_Wallabia_bicolor                0.0482686 0.0620096 0.0499825 0.0139354 0.0148811 0.0748644 0.0427602 0.0448330 0.0139565 0.0764568 0.2003976 0.0423329 0.0809855 0.0803860 0.0432006 0.0492686 0.0810204 0.0763828 0.0487936 0.0728568 0.0125707 0.0505512 0.0761348 0.0302425 0.0601604 0.0506763 0.0000000 0.0497465 0.0440319 0.2003976 0.0420194 0.0880757 0.0802595 0.0759537 0.0736270 0.0728640 0.0696582 
Pseudochiridae_Pseudocheirus_occidentalis    0.0379980 0.0557621 0.0433400 0.0453793 0.0488363 0.0712533 0.0334302 0.0364665 0.0450841 0.0650001 0.1960429 0.0336763 0.0790741 0.0736460 0.0346369 0.0290202 0.0780407 0.0738964 0.0477420 0.0598826 0.0507240 0.0117480 0.0740568 0.0417719 0.0493624 0.0159798 0.0497465 0.0000000 0.0299124 0.1960429 0.0340618 0.0724419 0.0797856 0.0646515 0.0595008 0.0634003 0.0404553 
Acrobatidae_Distoechurus_pennatus            0.0400212 0.0563861 0.0446810 0.0417372 0.0432134 0.0730028 0.0330260 0.0347478 0.0426465 0.0658553 0.2075421 0.0331498 0.0756311 0.0719053 0.0341384 0.0160404 0.0756617 0.0747554 0.0471680 0.0614467 0.0443424 0.0315438 0.0741466 0.0413850 0.0512122 0.0310298 0.0440319 0.0299124 0.0000000 0.2075421 0.0327076 0.0750299 0.0794239 0.0659228 0.0643254 0.0646388 0.0500414 
Myrmecobiidae_Myrmecobius_fasciatus2         0.1675289 0.2441953 0.1976675 0.1966876 0.1911410 0.0849534 0.1822587 0.2061538 0.1952234 0.1811914 0.0000010 0.1983849 0.0768313 0.0665730 0.1895158 0.2374818 0.0731781 0.0779233 0.0663908 0.1903806 0.2115075 0.1676422 0.0663225 0.1978080 0.1643123 0.1980610 0.2003976 0.1960429 0.2075421 0.0000000 0.1859439 0.1849125 0.0822894 0.1746314 9.0000000 9.0000000 9.0000000 
Phalangeridae_Phalanger_carmelitae           0.0318786 0.0494000 0.0362236 0.0387992 0.0407649 0.0637309 0.0099994 0.0047477 0.0399872 0.0573976 0.1859439 0.0038138 0.0656166 0.0646433 0.0020117 0.0339983 0.0656408 0.0655021 0.0387876 0.0538481 0.0432125 0.0337728 0.0637401 0.0358726 0.0472897 0.0332420 0.0420194 0.0340618 0.0327076 0.1859439 0.0000000 0.0667946 0.0681077 0.0573779 0.0552836 0.0567599 0.0525015 
Peramelidae_Peroryctes_raffrayana            0.0671483 0.0743653 0.0737938 0.0865740 0.0875652 0.1032634 0.0676573 0.0698639 0.0871479 0.0229428 0.1849125 0.0616320 0.1095576 0.1048785 0.0693266 0.0754099 0.1095065 0.1027875 0.0710769 0.0183385 0.0883072 0.0762526 0.1033081 0.0827599 0.0761657 0.0757645 0.0880757 0.0724419 0.0750299 0.1849125 0.0667946 0.0000000 0.1101382 0.0223165 0.1049906 0.0970605 0.0891561 
Dasyuridae_Dasyurus_geffroii                 0.0774113 0.0861008 0.0737643 0.0834764 0.0861952 0.0050493 0.0710946 0.0739140 0.0804100 0.1013032 0.0822894 0.0689327 0.0175871 0.0200163 0.0713814 0.0813846 0.0171694 0.0058912 0.0115993 0.0956200 0.0876253 0.0803305 0.0136480 0.0803334 0.0771614 0.0794390 0.0802595 0.0797856 0.0794239 0.0822894 0.0681077 0.1101382 0.0000000 0.0998392 0.0897210 0.0925917 0.0897632 
Peramelidae_Perameles_gunnii                 0.0594035 0.0646033 0.0683583 0.0685681 0.0714486 0.0922172 0.0587131 0.0607563 0.0703240 0.0004540 0.1746314 0.0544838 0.0953679 0.0913300 0.0593625 0.0663867 0.0960012 0.0920537 0.0572034 0.0160630 0.0768068 0.0658810 0.0913595 0.0671773 0.0651560 0.0674545 0.0759537 0.0646515 0.0659228 0.1746314 0.0573779 0.0223165 0.0998392 0.0000000 0.0751247 0.0758401 0.0725860 
Didelphidae_Didelphis_virginiana             0.0598038 0.0677004 0.0603927 0.0685873 0.0712665 0.0842653 0.0562338 0.0556350 0.0665765 0.0744328 9.0000000 0.0542200 0.0834762 0.0875715 0.0562502 0.0613348 0.0841043 0.0844015 0.0480297 0.0804011 0.0651828 0.0621777 0.0813159 0.0654179 0.0619066 0.0639388 0.0736270 0.0595008 0.0643254 9.0000000 0.0552836 0.1049906 0.0897210 0.0751247 0.0000000 0.0225120 0.0855641 
Marmosidae_Monodelphis_domestica             0.0563934 0.0669682 0.0590499 0.0696957 0.0729014 0.0869024 0.0586271 0.0578816 0.0667246 0.0763702 9.0000000 0.0553659 0.0881697 0.0901485 0.0581550 0.0640103 0.0900891 0.0862791 0.0509167 0.0759943 0.0667124 0.0639051 0.0860728 0.0665605 0.0654388 0.0642688 0.0728640 0.0634003 0.0646388 9.0000000 0.0567599 0.0970605 0.0925917 0.0758401 0.0225120 0.0000000 0.0817380 
Tarsipedidae_Tarsipes_rostratus              0.0554758 0.0787395 0.0599075 0.0628879 0.0645864 0.0830144 0.0522861 0.0537057 0.0614381 0.0730635 9.0000000 0.0554324 0.0883405 0.0806221 0.0528992 0.0479789 0.0902601 0.0849554 0.0520428 0.0731635 0.0676829 0.0413723 0.0809689 0.0588185 0.0682283 0.0404238 0.0696582 0.0404553 0.0500414 9.0000000 0.0525015 0.0891561 0.0897632 0.0725860 0.0855641 0.0817380 0.0000000 
