37
Burramyidae_Burramys_parvus                  0.0000000 0.0804257 0.0723376 0.0739048 0.0715088 0.0930784 0.0673282 0.0611055 0.0647988 0.0630947 0.0990461 0.1000492 0.0738448 0.0690961 0.0990409 0.0960103 0.0903458 0.0985725 0.0601984 0.0671065 0.1235688 0.1098495 0.0959413 0.0628901 0.0809921 0.0653432 0.0584541 0.0700692 0.0839662 0.0811341 0.0726463 0.0961128 0.0916624 0.0816738 0.1193257 0.1193257 0.0872366 
Notoryctidae_Notoryctes_typhlops             0.0804257 0.0000000 0.0816788 0.0952867 0.0950753 0.0923168 0.0856701 0.0774290 0.0806681 0.0835946 0.0956155 0.0964547 0.0882659 0.0827920 0.0957273 0.0952861 0.0936279 0.0945390 0.0774489 0.0887754 0.1128450 0.1099747 0.0924640 0.0805934 0.0827541 0.0812262 0.0771824 0.0857133 0.0921918 0.0852015 0.0875757 0.0939946 0.0969923 0.0825643 0.1036573 0.1036573 0.0831382 
Vombatidae_Lasiorhinus_latifrons             0.0723376 0.0816788 0.0000000 0.0768752 0.0763702 0.0982904 0.0781442 0.0697400 0.0765053 0.0718808 0.1026499 0.1036973 0.0755163 0.0726634 0.1037991 0.0997984 0.0897283 0.0966178 0.0734694 0.0808100 0.1253955 0.1198147 0.0956417 0.0755212 0.0833950 0.0705963 0.0714878 0.0752250 0.0901472 0.0844946 0.0802616 0.0994257 0.1001852 0.0942864 0.1709537 0.1709537 0.0966308 
Potoroidae_Bettongia_penicillata             0.0739048 0.0952867 0.0768752 0.0000000 0.0056933 0.0982740 0.0749203 0.0682215 0.0277033 0.0702510 0.1049368 0.1031579 0.0794047 0.0784069 0.1041269 0.1014747 0.0864737 0.1100088 0.0389024 0.0801628 0.1245604 0.1153475 0.0873528 0.0510078 0.0887734 0.0733917 0.0357545 0.0763860 0.0861742 0.0839090 0.0783534 0.0993543 0.1088183 0.0984058 0.2775733 0.2775733 0.0964266 
Potoroidae_Bettongia_lesueur                 0.0715088 0.0950753 0.0763702 0.0056933 0.0000000 0.0989221 0.0729807 0.0660816 0.0248160 0.0671991 0.1058937 0.1036073 0.0773508 0.0756434 0.1053744 0.1014885 0.0865819 0.1095036 0.0372232 0.0799061 0.1252599 0.1134966 0.0874258 0.0504265 0.0861190 0.0724154 0.0347677 0.0759245 0.0852278 0.0840167 0.0770095 0.0995898 0.1083430 0.0954737 0.2650245 0.2650245 0.0933509 
Dasyuridae_Dasyurus_maculatus                0.0930784 0.0923168 0.0982904 0.0982740 0.0989221 0.0000000 0.0982749 0.0932473 0.0992200 0.0966586 0.0275425 0.0284632 0.1013842 0.0877844 0.0248598 0.0107042 0.0252859 0.1195750 0.0946067 0.0928923 0.1340433 0.1257808 0.0267964 0.0967954 0.0845348 0.0964686 0.0934918 0.0942295 0.1094861 0.0997758 0.1017703 0.0109820 0.1170181 0.1012466 0.0340024 0.0340024 0.1048710 
Phalangeridae_Trichosurus_vulpecula          0.0673282 0.0856701 0.0781442 0.0749203 0.0729807 0.0982749 0.0000000 0.0297814 0.0721116 0.0405060 0.1045396 0.1024286 0.0453507 0.0672424 0.1058440 0.0981800 0.0905655 0.1121897 0.0671507 0.0783082 0.1268837 0.1284537 0.0972532 0.0663111 0.0845117 0.0708641 0.0672178 0.0752469 0.0869765 0.0844780 0.0375768 0.1007192 0.1044299 0.1018736 0.1162697 0.1162697 0.1085968 
Phalangeridae_Spilocuscus_maculatus          0.0611055 0.0774290 0.0697400 0.0682215 0.0660816 0.0932473 0.0297814 0.0000000 0.0659148 0.0203203 0.1007720 0.0990506 0.0327207 0.0631682 0.1009489 0.0933830 0.0873039 0.1049495 0.0615035 0.0735423 0.1200641 0.1191395 0.0927938 0.0599355 0.0734982 0.0686020 0.0607532 0.0709826 0.0857167 0.0761928 0.0244883 0.0944852 0.0990626 0.0943779 0.1312232 0.1312232 0.0984284 
Potoroidae_Aepyprymnus_rufescens             0.0647988 0.0806681 0.0765053 0.0277033 0.0248160 0.0992200 0.0721116 0.0659148 0.0000000 0.0670902 0.1044238 0.1034050 0.0778108 0.0710464 0.1017765 0.0986197 0.0964076 0.1015147 0.0252652 0.0746519 0.1218222 0.1146760 0.1053140 0.0477008 0.0792413 0.0793252 0.0234885 0.0794232 0.0900664 0.0820814 0.0776392 0.0980830 0.1005714 0.0868396 0.0751610 0.0751610 0.0848990 
Phalangeridae_Strigocuscus_pelengensis       0.0630947 0.0835946 0.0718808 0.0702510 0.0671991 0.0966586 0.0405060 0.0203203 0.0670902 0.0000000 0.1058144 0.1013521 0.0371012 0.0689957 0.1041824 0.0974952 0.0898777 0.1104096 0.0639183 0.0739736 0.1243544 0.1221544 0.1004371 0.0677139 0.0795296 0.0736546 0.0628361 0.0761493 0.0873241 0.0790932 0.0328983 0.0982740 0.0995905 0.0879335 0.1588446 0.1588446 0.0921115 
Dasyuridae_Phascogale_tapoatafa              0.0990461 0.0956155 0.1026499 0.1049368 0.1058937 0.0275425 0.1045396 0.1007720 0.1044238 0.1058144 0.0000000 0.0369525 0.1093829 0.0925137 0.0149578 0.0285045 0.0354183 0.1221208 0.1026075 0.1030612 0.1363442 0.1339873 0.0227925 0.1021813 0.0912884 0.1048650 0.1008332 0.1029548 0.1106232 0.1057520 0.1100827 0.0313190 0.1176162 0.1015550 0.0253717 0.0253717 0.1044598 
Dasyuridae_Sminthopsis_macroura              0.1000492 0.0964547 0.1036973 0.1031579 0.1036073 0.0284632 0.1024286 0.0990506 0.1034050 0.1013521 0.0369525 0.0000000 0.1085092 0.0891476 0.0339870 0.0304640 0.0239153 0.1248483 0.1003418 0.1009411 0.1439858 0.1343304 0.0356714 0.1041144 0.0956073 0.1048802 0.0978987 0.1017018 0.1096188 0.1065806 0.1081824 0.0309948 0.1217251 0.1061536 0.0295613 0.0295613 0.1098604 
Phalangeridae_Phalanger_orientalis           0.0738448 0.0882659 0.0755163 0.0794047 0.0773508 0.1013842 0.0453507 0.0327207 0.0778108 0.0371012 0.1093829 0.1085092 0.0000000 0.0729100 0.1111661 0.1015907 0.0936001 0.1070804 0.0739818 0.0810673 0.1309453 0.1289957 0.1021387 0.0752364 0.0858495 0.0697753 0.0726619 0.0740004 0.0904979 0.0838733 0.0130850 0.1031408 0.1069767 0.1010823 0.2048861 0.2048861 0.1055365 
Acrobatidae_Acrobates_pygmaeus               0.0690961 0.0827920 0.0726634 0.0784069 0.0756434 0.0877844 0.0672424 0.0631682 0.0710464 0.0689957 0.0925137 0.0891476 0.0729100 0.0000000 0.0932632 0.0890618 0.0745296 0.1009779 0.0662746 0.0591382 0.1136423 0.1077112 0.0871036 0.0693478 0.0838228 0.0571268 0.0667667 0.0567079 0.0645161 0.0440599 0.0718745 0.0894394 0.0958162 0.0819618 0.0925611 0.0925611 0.0875701 
Dasyuridae_Phascogale_calura                 0.0990409 0.0957273 0.1037991 0.1041269 0.1053744 0.0248598 0.1058440 0.1009489 0.1017765 0.1041824 0.0149578 0.0339870 0.1111661 0.0932632 0.0000000 0.0265635 0.0325282 0.1252875 0.1009111 0.1035334 0.1382813 0.1336086 0.0260468 0.1047576 0.0901838 0.1057296 0.0983698 0.1034053 0.1124113 0.1095046 0.1114369 0.0282786 0.1197334 0.1064564 0.0212613 0.0212613 0.1098539 
Dasyuridae_Sarcophilus_harrisii              0.0960103 0.0952861 0.0997984 0.1014747 0.1014885 0.0107042 0.0981800 0.0933830 0.0986197 0.0974952 0.0285045 0.0304640 0.1015907 0.0890618 0.0265635 0.0000000 0.0259797 0.1213371 0.0945499 0.0950304 0.1356617 0.1281538 0.0288483 0.0979802 0.0842885 0.0996664 0.0928732 0.0966278 0.1101902 0.1035173 0.1022631 0.0099020 0.1195189 0.1031274 0.0253717 0.0253717 0.1060449 
Dasyuridae_Planigale_tenuirostris            0.0903458 0.0936279 0.0897283 0.0864737 0.0865819 0.0252859 0.0905655 0.0873039 0.0964076 0.0898777 0.0354183 0.0239153 0.0936001 0.0745296 0.0325282 0.0259797 0.0000000 0.1177012 0.0943494 0.0878005 0.1340348 0.1232949 0.0318440 0.0972601 0.0835936 0.0891957 0.0914403 0.0880986 0.1005982 0.0909100 0.0927056 0.0281065 0.1155585 0.0931332 9.0000000 9.0000000 0.0953835 
Peramelidae_Echymipera_kalubu                0.0985725 0.0945390 0.0966178 0.1100088 0.1095036 0.1195750 0.1121897 0.1049495 0.1015147 0.1104096 0.1221208 0.1248483 0.1070804 0.1009779 0.1252875 0.1213371 0.1177012 0.0000000 0.0990159 0.1121430 0.1448458 0.1393500 0.1276972 0.1047430 0.0967817 0.1055363 0.0975109 0.1108937 0.1204028 0.1140112 0.1148302 0.1196377 0.0319096 0.0368032 0.0697145 0.0697145 0.0315450 
Macropodidae_Dorcopsulus_vanheurni           0.0601984 0.0774489 0.0734694 0.0389024 0.0372232 0.0946067 0.0671507 0.0615035 0.0252652 0.0639183 0.1026075 0.1003418 0.0739818 0.0662746 0.1009111 0.0945499 0.0943494 0.0990159 0.0000000 0.0709055 0.1187455 0.1101395 0.1015124 0.0430090 0.0744102 0.0748170 0.0092747 0.0752743 0.0866332 0.0800433 0.0722737 0.0946602 0.0958076 0.0813221 0.0651931 0.0651931 0.0818661 
Pseudochiridae_Pseudochirulus_forbesi        0.0671065 0.0887754 0.0808100 0.0801628 0.0799061 0.0928923 0.0783082 0.0735423 0.0746519 0.0739736 0.1030612 0.1009411 0.0810673 0.0591382 0.1035334 0.0950304 0.0878005 0.1121430 0.0709055 0.0000000 0.1235601 0.1142679 0.0976628 0.0787485 0.0854803 0.0393897 0.0688624 0.0270672 0.0666759 0.0702697 0.0811898 0.0939608 0.1045186 0.0930254 0.1056597 0.1056597 0.0965371 
Didelphidae_Didelphis_virginiana             0.1235688 0.1128450 0.1253955 0.1245604 0.1252599 0.1340433 0.1268837 0.1200641 0.1218222 0.1243544 0.1363442 0.1439858 0.1309453 0.1136423 0.1382813 0.1356617 0.1340348 0.1448458 0.1187455 0.1235601 0.0000000 0.0572363 0.1365618 0.1191995 0.1055991 0.1259602 0.1179263 0.1261422 0.1316383 0.1250387 0.1305120 0.1332340 0.1440527 0.1210702 0.1004417 0.1004417 0.1177003 
Marmosidae_Monodelphis_domestica             0.1098495 0.1099747 0.1198147 0.1153475 0.1134966 0.1257808 0.1284537 0.1191395 0.1146760 0.1221544 0.1339873 0.1343304 0.1289957 0.1077112 0.1336086 0.1281538 0.1232949 0.1393500 0.1101395 0.1142679 0.0572363 0.0000000 0.1325031 0.1170131 0.0955825 0.1175226 0.1082721 0.1173212 0.1253157 0.1111771 0.1290906 0.1265782 0.1389688 0.1218168 0.0940593 0.0940593 0.1188797 
Dasyuridae_Antechinus_stuartii               0.0959413 0.0924640 0.0956417 0.0873528 0.0874258 0.0267964 0.0972532 0.0927938 0.1053140 0.1004371 0.0227925 0.0356714 0.1021387 0.0871036 0.0260468 0.0288483 0.0318440 0.1276972 0.1015124 0.0976628 0.1365618 0.1325031 0.0000000 0.1027840 0.0854789 0.0977675 0.0985866 0.1002745 0.1080135 0.1070840 0.0992590 0.0307297 0.1261953 0.1138983 9.0000000 9.0000000 0.1169510 
Hypsiprymnodontidae_Hypsiprymnodon_moschatus 0.0628901 0.0805934 0.0755212 0.0510078 0.0504265 0.0967954 0.0663111 0.0599355 0.0477008 0.0677139 0.1021813 0.1041144 0.0752364 0.0693478 0.1047576 0.0979802 0.0972601 0.1047430 0.0430090 0.0787485 0.1191995 0.1170131 0.1027840 0.0000000 0.0809250 0.0711308 0.0430655 0.0744462 0.0867668 0.0847823 0.0701656 0.0982826 0.1020984 0.0911707 0.0625939 0.0625939 0.0915083 
Microbiotheriidae_Dromiciops_gliroides       0.0809921 0.0827541 0.0833950 0.0887734 0.0861190 0.0845348 0.0845117 0.0734982 0.0792413 0.0795296 0.0912884 0.0956073 0.0858495 0.0838228 0.0901838 0.0842885 0.0835936 0.0967817 0.0744102 0.0854803 0.1055991 0.0955825 0.0854789 0.0809250 0.0000000 0.0856776 0.0717999 0.0835181 0.0983997 0.0869810 0.0855449 0.0834811 0.0991155 0.0864767 0.0875630 0.0875630 0.0836132 
Pseudochiridae_Petauroides_volans            0.0653432 0.0812262 0.0705963 0.0733917 0.0724154 0.0964686 0.0708641 0.0686020 0.0793252 0.0736546 0.1048650 0.1048802 0.0697753 0.0571268 0.1057296 0.0996664 0.0891957 0.1055363 0.0748170 0.0393897 0.1259602 0.1175226 0.0977675 0.0711308 0.0856776 0.0000000 0.0734309 0.0309893 0.0659157 0.0770531 0.0744390 0.0995923 0.1033622 0.0989127 0.1597525 0.1597525 0.1034687 
Macropodidae_Wallabia_bicolor                0.0584541 0.0771824 0.0714878 0.0357545 0.0347677 0.0934918 0.0672178 0.0607532 0.0234885 0.0628361 0.1008332 0.0978987 0.0726619 0.0667667 0.0983698 0.0928732 0.0914403 0.0975109 0.0092747 0.0688624 0.1179263 0.1082721 0.0985866 0.0430655 0.0717999 0.0734309 0.0000000 0.0726223 0.0860634 0.0799076 0.0715132 0.0917183 0.0945219 0.0829630 0.0694296 0.0694296 0.0835644 
Pseudochiridae_Pseudocheirus_occidentalis    0.0700692 0.0857133 0.0752250 0.0763860 0.0759245 0.0942295 0.0752469 0.0709826 0.0794232 0.0761493 0.1029548 0.1017018 0.0740004 0.0567079 0.1034053 0.0966278 0.0880986 0.1108937 0.0752743 0.0270672 0.1261422 0.1173212 0.1002745 0.0744462 0.0835181 0.0309893 0.0726223 0.0000000 0.0633937 0.0741250 0.0807861 0.0968368 0.1047792 0.0973586 0.1006327 0.1006327 0.1008891 
Tarsipedidae_Tarsipes_rostratus              0.0839662 0.0921918 0.0901472 0.0861742 0.0852278 0.1094861 0.0869765 0.0857167 0.0900664 0.0873241 0.1106232 0.1096188 0.0904979 0.0645161 0.1124113 0.1101902 0.1005982 0.1204028 0.0866332 0.0666759 0.1316383 0.1253157 0.1080135 0.0867668 0.0983997 0.0659157 0.0860634 0.0633937 0.0000000 0.0802415 0.0911667 0.1111503 0.1134035 0.1075078 0.1003172 0.1003172 0.1043999 
Acrobatidae_Distoechurus_pennatus            0.0811341 0.0852015 0.0844946 0.0839090 0.0840167 0.0997758 0.0844780 0.0761928 0.0820814 0.0790932 0.1057520 0.1065806 0.0838733 0.0440599 0.1095046 0.1035173 0.0909100 0.1140112 0.0800433 0.0702697 0.1250387 0.1111771 0.1070840 0.0847823 0.0869810 0.0770531 0.0799076 0.0741250 0.0802415 0.0000000 0.0834238 0.1037571 0.1081898 0.0946357 0.0789529 0.0789529 0.1013776 
Phalangeridae_Phalanger_carmelitae           0.0726463 0.0875757 0.0802616 0.0783534 0.0770095 0.1017703 0.0375768 0.0244883 0.0776392 0.0328983 0.1100827 0.1081824 0.0130850 0.0718745 0.1114369 0.1022631 0.0927056 0.1148302 0.0722737 0.0811898 0.1305120 0.1290906 0.0992590 0.0701656 0.0855449 0.0744390 0.0715132 0.0807861 0.0911667 0.0834238 0.0000000 0.1040352 0.1091470 0.1044443 0.2117532 0.2117532 0.1089104 
Dasyuridae_Dasyurus_geffroii                 0.0961128 0.0939946 0.0994257 0.0993543 0.0995898 0.0109820 0.1007192 0.0944852 0.0980830 0.0982740 0.0313190 0.0309948 0.1031408 0.0894394 0.0282786 0.0099020 0.0281065 0.1196377 0.0946602 0.0939608 0.1332340 0.1265782 0.0307297 0.0982826 0.0834811 0.0995923 0.0917183 0.0968368 0.1111503 0.1037571 0.1040352 0.0000000 0.1184302 0.1033288 0.0338559 0.0338559 0.1062830 
Peramelidae_Perameles_gunnii                 0.0916624 0.0969923 0.1001852 0.1088183 0.1083430 0.1170181 0.1044299 0.0990626 0.1005714 0.0995905 0.1176162 0.1217251 0.1069767 0.0958162 0.1197334 0.1195189 0.1155585 0.0319096 0.0958076 0.1045186 0.1440527 0.1389688 0.1261953 0.1020984 0.0991155 0.1033622 0.0945219 0.1047792 0.1134035 0.1081898 0.1091470 0.1184302 0.0000000 0.0014771 0.0739693 0.0739693 0.0224573 
Peramelidae_Perameles_nasuta                 0.0816738 0.0825643 0.0942864 0.0984058 0.0954737 0.1012466 0.1018736 0.0943779 0.0868396 0.0879335 0.1015550 0.1061536 0.1010823 0.0819618 0.1064564 0.1031274 0.0931332 0.0368032 0.0813221 0.0930254 0.1210702 0.1218168 0.1138983 0.0911707 0.0864767 0.0989127 0.0829630 0.0973586 0.1075078 0.0946357 0.1044443 0.1033288 0.0014771 0.0000000 0.0743035 0.0743035 0.0228826 
Myrmecobiidae_Myrmecobius_fasciatus1         0.1193257 0.1036573 0.1709537 0.2775733 0.2650245 0.0340024 0.1162697 0.1312232 0.0751610 0.1588446 0.0253717 0.0295613 0.2048861 0.0925611 0.0212613 0.0253717 9.0000000 0.0697145 0.0651931 0.1056597 0.1004417 0.0940593 9.0000000 0.0625939 0.0875630 0.1597525 0.0694296 0.1006327 0.1003172 0.0789529 0.2117532 0.0338559 0.0739693 0.0743035 0.0000000 0.0000010 0.0609665 
Myrmecobiidae_Myrmecobius_fasciatus2         0.1193257 0.1036573 0.1709537 0.2775733 0.2650245 0.0340024 0.1162697 0.1312232 0.0751610 0.1588446 0.0253717 0.0295613 0.2048861 0.0925611 0.0212613 0.0253717 9.0000000 0.0697145 0.0651931 0.1056597 0.1004417 0.0940593 9.0000000 0.0625939 0.0875630 0.1597525 0.0694296 0.1006327 0.1003172 0.0789529 0.2117532 0.0338559 0.0739693 0.0743035 0.0000010 0.0000000 0.0609665 
Peramelidae_Peroryctes_raffrayana            0.0872366 0.0831382 0.0966308 0.0964266 0.0933509 0.1048710 0.1085968 0.0984284 0.0848990 0.0921115 0.1044598 0.1098604 0.1055365 0.0875701 0.1098539 0.1060449 0.0953835 0.0315450 0.0818661 0.0965371 0.1177003 0.1188797 0.1169510 0.0915083 0.0836132 0.1034687 0.0835644 0.1008891 0.1043999 0.1013776 0.1089104 0.1062830 0.0224573 0.0228826 0.0609665 0.0609665 0.0000000 
