48
Acrobatidae_Acrobates_pygmaeus                 0.0000000 0.0281441 0.0409622 0.0478945 0.0353468 0.0785305 0.0840572 0.0854698 0.0871081 0.0877798 0.0763539 0.0843996 0.0819593 0.0827826 0.0657707 0.0513287 0.0503986 0.0506283 0.0828016 0.0789093 0.0841208 0.0802208 0.0688393 0.0613714 0.0623013 0.0593047 0.0610960 0.0377624 0.0438210 0.0382237 0.0375620 0.0358651 0.0426880 0.0542195 0.0510433 0.0533733 0.0580338 0.0509279 0.0515313 0.0427855 0.0447467 0.0365232 0.0338478 0.0428286 0.0460061 0.0658088 0.0463451 0.0492155 
Acrobatidae_Distoechurus_pennatus              0.0281441 0.0000000 0.0408854 0.0495469 0.0372078 0.0794809 0.0859898 0.0874166 0.0879507 0.0880633 0.0827773 0.0863482 0.0848476 0.0859794 0.0673448 0.0515183 0.0547200 0.0536566 0.0829303 0.0775149 0.0890464 0.0779289 0.0718480 0.0634854 0.0633663 0.0607788 0.0657371 0.0398394 0.0441136 0.0419580 0.0423787 0.0375221 0.0413073 0.0525425 0.0499101 0.0503951 0.0573308 0.0516042 0.0521856 0.0416054 0.0479813 0.0406683 0.0382201 0.0438974 0.0465597 0.0698551 0.0443732 0.0454478 
Burramyidae_Burramys_parvus                    0.0409622 0.0408854 0.0000000 0.0380183 0.0290960 0.0721185 0.0808540 0.0816305 0.0772188 0.0789508 0.0753664 0.0801000 0.0749651 0.0753774 0.0610809 0.0445504 0.0460677 0.0484447 0.0748011 0.0727872 0.0788804 0.0756722 0.0720392 0.0622754 0.0621967 0.0591139 0.0645960 0.0302883 0.0350333 0.0302680 0.0334028 0.0292474 0.0376374 0.0492293 0.0430906 0.0452850 0.0494693 0.0469003 0.0469865 0.0450284 0.0506879 0.0410725 0.0390653 0.0433051 0.0448739 0.0719479 0.0414844 0.0447065 
Burramyidae_Cercartetus_nanusnorthern          0.0478945 0.0495469 0.0380183 0.0000000 0.0124520 0.0862808 0.0941636 0.0946288 0.0943315 0.0944395 0.0867765 0.0917263 0.0906544 0.0862812 0.0693714 0.0525958 0.0557977 0.0573073 0.0886046 0.0823204 0.0908848 0.0812053 0.0864221 0.0768499 0.0773526 0.0719589 0.0794924 0.0387604 0.0455876 0.0403758 0.0423504 0.0360571 0.0437085 0.0590034 0.0554559 0.0545416 0.0549114 0.0581806 0.0579629 0.0557861 0.0572881 0.0493588 0.0457801 0.0511622 0.0505901 0.0897911 0.0472298 0.0487576 
Burramyidae_Cercartetus_nanussouthern          0.0353468 0.0372078 0.0290960 0.0124520 0.0000000 0.0588144 0.0647806 0.0654663 0.0664985 0.0665791 0.0713298 0.0645115 0.0625439 0.0671876 0.0567913 0.0375111 0.0425657 0.0437688 0.0649247 0.0596412 0.0626926 0.0658956 0.0615133 0.0583900 0.0583476 0.0532427 0.0598897 0.0287380 0.0353435 0.0295530 0.0324047 0.0276652 0.0309968 0.0458639 0.0432146 0.0431685 0.0431504 0.0442166 0.0437512 0.0443726 0.0358703 0.0394655 0.0365467 0.0411817 0.0366045 0.0652304 0.0357957 0.0371310 
Dasyuridae_Antechinus_stuartii                 0.0785305 0.0794809 0.0721185 0.0862808 0.0588144 0.0000000 0.0184063 0.0191410 0.0113003 0.0132711 0.0239785 0.0177366 0.0267476 0.1054194 0.0889166 0.0848155 0.0908328 0.0856291 0.1061643 0.0919890 0.0397809 0.1067358 0.0982773 0.0933570 0.0936134 0.0901511 0.0978441 0.0742071 0.0807084 0.0731048 0.0646037 0.0719679 0.0627962 0.0901399 0.0869841 0.0843292 0.0957601 0.0890951 0.0890415 0.0840538 0.0828835 0.0654191 0.0622092 0.0806115 0.0819248 0.0973244 0.0751632 0.0800023 
Dasyuridae_Dasyurus_geffroii                   0.0840572 0.0859898 0.0808540 0.0941636 0.0647806 0.0184063 0.0000000 0.0029062 0.0183247 0.0190281 0.0249032 0.0040995 0.0247492 0.1088059 0.1010740 0.0950477 0.1011993 0.0939714 0.1131940 0.0996921 0.0391293 0.1189062 0.1018790 0.0991617 0.1012016 0.0982256 0.1049043 0.0820518 0.0890137 0.0798434 0.0730934 0.0788123 0.0715184 0.0992641 0.0943484 0.0932472 0.1051525 0.0953992 0.0966741 0.0936160 0.0948728 0.0735671 0.0690395 0.0899081 0.0890902 0.1058534 0.0842909 0.0877430 
Dasyuridae_Dasyurus_maculatus                  0.0854698 0.0874166 0.0816305 0.0946288 0.0654663 0.0191410 0.0029062 0.0000000 0.0190795 0.0197805 0.0253471 0.0047061 0.0251891 0.1105814 0.1025305 0.0968792 0.1028312 0.0954514 0.1156020 0.1009440 0.0396978 0.1194433 0.1047795 0.1018497 0.1027399 0.1004224 0.1073263 0.0823253 0.0893192 0.0801085 0.0731550 0.0790745 0.0738958 0.0984492 0.0941350 0.0930003 0.1075479 0.0960790 0.0973666 0.0938461 0.0952488 0.0727124 0.0698382 0.0919266 0.0886578 0.1078153 0.0856863 0.0895072 
Dasyuridae_Phascogale_calura                   0.0871081 0.0879507 0.0772188 0.0943315 0.0664985 0.0113003 0.0183247 0.0190795 0.0000000 0.0029007 0.0231428 0.0183735 0.0251903 0.1099864 0.0992483 0.0941459 0.1014909 0.0941745 0.1132665 0.0996581 0.0364747 0.1188105 0.1068140 0.1025047 0.1040353 0.1004470 0.1069347 0.0818386 0.0886857 0.0795994 0.0721362 0.0795409 0.0735726 0.1004708 0.0979676 0.0950292 0.1065315 0.0983342 0.0990672 0.0908067 0.0921908 0.0727945 0.0698239 0.0879451 0.0866598 0.1075594 0.0868071 0.0915045 
Dasyuridae_Phascogale_tapoatafa                0.0877798 0.0880633 0.0789508 0.0944395 0.0665791 0.0132711 0.0190281 0.0197805 0.0029007 0.0000000 0.0244586 0.0190875 0.0270565 0.1129112 0.0987308 0.0936782 0.0998597 0.0925980 0.1160765 0.1004053 0.0374316 0.1185904 0.1055079 0.1011008 0.1027623 0.0985406 0.1048936 0.0835942 0.0905338 0.0813330 0.0735044 0.0801852 0.0741445 0.0999316 0.0963187 0.0933978 0.1046157 0.0978614 0.0985880 0.0932369 0.0922863 0.0728907 0.0699157 0.0880572 0.0875183 0.1075355 0.0874831 0.0912891 
Dasyuridae_Planigale_tenuirostris              0.0763539 0.0827773 0.0753664 0.0867765 0.0713298 0.0239785 0.0249032 0.0253471 0.0231428 0.0244586 0.0000000 0.0244744 0.0159418 0.1005258 0.1031318 0.0818582 0.0874955 0.0785652 0.0983859 0.0943701 0.0264594 0.1074244 0.0961455 0.0938735 0.0959295 0.0913705 0.0953641 0.0724779 0.0795454 0.0701330 0.0754018 0.0704518 0.0683472 0.0839762 0.0824712 0.0818077 0.0886420 0.0820878 0.0814777 0.0840527 0.0811106 0.0804810 0.0795874 0.0798207 0.0887466 0.0984399 0.0750518 0.0794535 
Dasyuridae_Sarcophilus_harrisii                0.0843996 0.0863482 0.0801000 0.0917263 0.0645115 0.0177366 0.0040995 0.0047061 0.0183735 0.0190875 0.0244744 0.0000000 0.0244540 0.1094042 0.0996213 0.0943038 0.0999596 0.0938029 0.1145206 0.0965054 0.0379643 0.1169147 0.1041473 0.1002981 0.1022127 0.0985089 0.1071651 0.0797121 0.0871378 0.0773741 0.0715469 0.0764890 0.0724125 0.0974049 0.0947412 0.0948178 0.1053751 0.0946534 0.0959201 0.0929016 0.0925133 0.0721395 0.0693314 0.0886149 0.0887960 0.1056434 0.0835959 0.0870406 
Dasyuridae_Sminthopsis_macroura                0.0819593 0.0848476 0.0749651 0.0906544 0.0625439 0.0267476 0.0247492 0.0251891 0.0251903 0.0270565 0.0159418 0.0244540 0.0000000 0.1043385 0.0934093 0.0905064 0.0957180 0.0882086 0.1055626 0.0951783 0.0382369 0.1108975 0.1004243 0.0970756 0.0985341 0.0967216 0.1020721 0.0789559 0.0869220 0.0767750 0.0686904 0.0751935 0.0714141 0.0928544 0.0905186 0.0893635 0.0967263 0.0896198 0.0907960 0.0908416 0.0853856 0.0683072 0.0664374 0.0839296 0.0843024 0.1044700 0.0820978 0.0861752 
Didelphidae_Didelphis_virginiana               0.0827826 0.0859794 0.0753774 0.0862812 0.0671876 0.1054194 0.1088059 0.1105814 0.1099864 0.1129112 0.1005258 0.1094042 0.1043385 0.0000000 0.0968391 0.0905401 0.0940026 0.0936674 0.0231517 0.0930401 0.1091081 0.1108161 0.1040167 0.0975829 0.0965900 0.0938030 0.1043619 0.0755031 0.0830973 0.0778118 0.0722394 0.0743186 0.0727544 0.0978542 0.0936401 0.0929859 0.0991082 0.0959095 0.0953286 0.0916440 0.0898880 0.0801022 0.0763053 0.0863347 0.0811482 0.1080456 0.0797935 0.0834400 
Hypsiprymnodontidae_Hypsiprymnodon_moschatus   0.0657707 0.0673448 0.0610809 0.0693714 0.0567913 0.0889166 0.1010740 0.1025305 0.0992483 0.0987308 0.1031318 0.0996213 0.0934093 0.0968391 0.0000000 0.0503624 0.0520454 0.0557588 0.0988595 0.0840913 0.0959982 0.0982754 0.0827871 0.0804478 0.0809592 0.0780102 0.0844305 0.0586067 0.0660780 0.0607485 0.0615335 0.0529337 0.0631350 0.0564588 0.0562903 0.0557209 0.0591237 0.0541147 0.0546282 0.0715803 0.0732157 0.0691589 0.0682235 0.0698906 0.0763917 0.0898129 0.0675471 0.0709046 
Macropodidae_Dorcopsulus_vanheurni             0.0513287 0.0515183 0.0445504 0.0525958 0.0375111 0.0848155 0.0950477 0.0968792 0.0941459 0.0936782 0.0818582 0.0943038 0.0905064 0.0905401 0.0503624 0.0000000 0.0163860 0.0176958 0.0886326 0.0821064 0.0897032 0.0889554 0.0765797 0.0721372 0.0733096 0.0699982 0.0751708 0.0425175 0.0483044 0.0451690 0.0421250 0.0419288 0.0485180 0.0242568 0.0232476 0.0228720 0.0240674 0.0191908 0.0193417 0.0556367 0.0557725 0.0476051 0.0450292 0.0504762 0.0571262 0.0802464 0.0526343 0.0566539 
Macropodidae_Onychogalea_fraenata              0.0503986 0.0547200 0.0460677 0.0557977 0.0425657 0.0908328 0.1011993 0.1028312 0.1014909 0.0998597 0.0874955 0.0999596 0.0957180 0.0940026 0.0520454 0.0163860 0.0000000 0.0131824 0.0911928 0.0820850 0.0944305 0.0885487 0.0788359 0.0706384 0.0726719 0.0690175 0.0751135 0.0457224 0.0498231 0.0466023 0.0475572 0.0433683 0.0498972 0.0245050 0.0220094 0.0227356 0.0230979 0.0235986 0.0234390 0.0574753 0.0566369 0.0471378 0.0464882 0.0504937 0.0578354 0.0829497 0.0531281 0.0571575 
Macropodidae_Wallabia_bicolor                  0.0506283 0.0536566 0.0484447 0.0573073 0.0437688 0.0856291 0.0939714 0.0954514 0.0941745 0.0925980 0.0785652 0.0938029 0.0882086 0.0936674 0.0557588 0.0176958 0.0131824 0.0000000 0.0910024 0.0827956 0.0882695 0.0887474 0.0775603 0.0725849 0.0756820 0.0725392 0.0779366 0.0463500 0.0509460 0.0476540 0.0482856 0.0452689 0.0509287 0.0229424 0.0176628 0.0183424 0.0238157 0.0227214 0.0225671 0.0563978 0.0589694 0.0506888 0.0494975 0.0538758 0.0590506 0.0865371 0.0556126 0.0601341 
Marmosidae_Monodelphis_domestica               0.0828016 0.0829303 0.0748011 0.0886046 0.0649247 0.1061643 0.1131940 0.1156020 0.1132665 0.1160765 0.0983859 0.1145206 0.1055626 0.0231517 0.0988595 0.0886326 0.0911928 0.0910024 0.0000000 0.0968483 0.1124085 0.1095801 0.0998063 0.0913460 0.0915172 0.0887659 0.0969667 0.0783488 0.0853150 0.0784727 0.0708990 0.0734113 0.0738043 0.0960456 0.0931497 0.0920243 0.0993380 0.0948991 0.0943260 0.0930549 0.0898929 0.0771611 0.0735018 0.0862492 0.0853869 0.1006957 0.0828845 0.0858042 
Microbiotheriidae_Dromiciops_gliroides         0.0789093 0.0775149 0.0727872 0.0823204 0.0596412 0.0919890 0.0996921 0.1009440 0.0996581 0.1004053 0.0943701 0.0965054 0.0951783 0.0930401 0.0840913 0.0821064 0.0820850 0.0827956 0.0968483 0.0000000 0.1022027 0.1002566 0.1010381 0.0933498 0.0935359 0.0905955 0.1004352 0.0677021 0.0767035 0.0696758 0.0633270 0.0641790 0.0726219 0.0842012 0.0835355 0.0841226 0.0874873 0.0843792 0.0842748 0.0836991 0.0809508 0.0702837 0.0683181 0.0769208 0.0801204 0.0969581 0.0756435 0.0777479 
Myrmecobiidae_Myrmecobius_fasciatus            0.0841208 0.0890464 0.0788804 0.0908848 0.0626926 0.0397809 0.0391293 0.0396978 0.0364747 0.0374316 0.0264594 0.0379643 0.0382369 0.1091081 0.0959982 0.0897032 0.0944305 0.0882695 0.1124085 0.1022027 0.0000000 0.1159781 0.1102991 0.1003502 0.1014307 0.0983798 0.1064358 0.0795689 0.0865493 0.0783787 0.0669458 0.0767875 0.0699920 0.0958439 0.0862688 0.0878967 0.0960505 0.0930329 0.0937074 0.0934408 0.0940533 0.0743966 0.0701537 0.0898749 0.0772737 0.1029665 0.0776363 0.0802335 
Notoryctidae_Notoryctes_typhlops               0.0802208 0.0779289 0.0756722 0.0812053 0.0658956 0.1067358 0.1189062 0.1194433 0.1188105 0.1185904 0.1074244 0.1169147 0.1108975 0.1108161 0.0982754 0.0889554 0.0885487 0.0887474 0.1095801 0.1002566 0.1159781 0.0000000 0.0973712 0.0942460 0.0928162 0.0918818 0.1025279 0.0724197 0.0783215 0.0702222 0.0705346 0.0665236 0.0643692 0.0945246 0.0867048 0.0902991 0.0988663 0.0925018 0.0923938 0.0881050 0.0899087 0.0793377 0.0777526 0.0836480 0.0814825 0.1018872 0.0708376 0.0742847 
Peramelidae_Echymipera_kalubu                  0.0688393 0.0718480 0.0720392 0.0864221 0.0615133 0.0982773 0.1018790 0.1047795 0.1068140 0.1055079 0.0961455 0.1041473 0.1004243 0.1040167 0.0827871 0.0765797 0.0788359 0.0775603 0.0998063 0.1010381 0.1102991 0.0973712 0.0000000 0.0158770 0.0153031 0.0151715 0.0200949 0.0685433 0.0742967 0.0730083 0.0657222 0.0709389 0.0663627 0.0779881 0.0750943 0.0744840 0.0832943 0.0796284 0.0794884 0.0782088 0.0703328 0.0600586 0.0565164 0.0722669 0.0710838 0.0309817 0.0760986 0.0781529 
Peramelidae_Isoodon_obesulus                   0.0613714 0.0634854 0.0622754 0.0768499 0.0583900 0.0933570 0.0991617 0.1018497 0.1025047 0.1011008 0.0938735 0.1002981 0.0970756 0.0975829 0.0804478 0.0721372 0.0706384 0.0725849 0.0913460 0.0933498 0.1003502 0.0942460 0.0158770 0.0000000 0.0044248 0.0044899 0.0127268 0.0583706 0.0646020 0.0621055 0.0616551 0.0609437 0.0572799 0.0715256 0.0693636 0.0709245 0.0807290 0.0745469 0.0744083 0.0695404 0.0701222 0.0568266 0.0540364 0.0642419 0.0643897 0.0246206 0.0663433 0.0684898 
Peramelidae_Perameles_gunnii                   0.0623013 0.0633663 0.0621967 0.0773526 0.0583476 0.0936134 0.1012016 0.1027399 0.1040353 0.1027623 0.0959295 0.1022127 0.0985341 0.0965900 0.0809592 0.0733096 0.0726719 0.0756820 0.0915172 0.0935359 0.1014307 0.0928162 0.0153031 0.0044248 0.0000000 0.0005882 0.0124773 0.0592824 0.0661019 0.0640498 0.0616534 0.0613780 0.0572462 0.0726321 0.0719282 0.0735616 0.0823716 0.0734356 0.0732854 0.0689703 0.0696012 0.0557352 0.0539433 0.0642115 0.0644239 0.0238642 0.0652615 0.0684735 
Peramelidae_Perameles_nasuta                   0.0593047 0.0607788 0.0591139 0.0719589 0.0532427 0.0901511 0.0982256 0.1004224 0.1004470 0.0985406 0.0913705 0.0985089 0.0967216 0.0938030 0.0780102 0.0699982 0.0690175 0.0725392 0.0887659 0.0905955 0.0983798 0.0918818 0.0151715 0.0044899 0.0005882 0.0000000 0.0127533 0.0557419 0.0624286 0.0602310 0.0575297 0.0578268 0.0542159 0.0705328 0.0687838 0.0703616 0.0777169 0.0713388 0.0711636 0.0658095 0.0681759 0.0546428 0.0518507 0.0611487 0.0619474 0.0236635 0.0622010 0.0652932 
Peramelidae_Peroryctes_raffrayana              0.0610960 0.0657371 0.0645960 0.0794924 0.0598897 0.0978441 0.1049043 0.1073263 0.1069347 0.1048936 0.0953641 0.1071651 0.1020721 0.1043619 0.0844305 0.0751708 0.0751135 0.0779366 0.0969667 0.1004352 0.1064358 0.1025279 0.0200949 0.0127268 0.0124773 0.0127533 0.0000000 0.0636675 0.0677342 0.0653390 0.0629677 0.0655683 0.0646404 0.0769095 0.0737172 0.0747545 0.0852204 0.0771911 0.0770730 0.0713038 0.0722546 0.0580368 0.0559640 0.0674554 0.0610557 0.0282395 0.0708553 0.0739880 
Phalangeridae_Phalanger_carmelitae             0.0377624 0.0398394 0.0302883 0.0387604 0.0287380 0.0742071 0.0820518 0.0823253 0.0818386 0.0835942 0.0724779 0.0797121 0.0789559 0.0755031 0.0586067 0.0425175 0.0457224 0.0463500 0.0783488 0.0677021 0.0795689 0.0724197 0.0685433 0.0583706 0.0592824 0.0557419 0.0636675 0.0000000 0.0116890 0.0096179 0.0071114 0.0138128 0.0333209 0.0478064 0.0449660 0.0449780 0.0487113 0.0465410 0.0470659 0.0435801 0.0473223 0.0399800 0.0371346 0.0431007 0.0417707 0.0698676 0.0354861 0.0388227 
Phalangeridae_Phalanger_orientalis             0.0438210 0.0441136 0.0350333 0.0455876 0.0353435 0.0807084 0.0890137 0.0893192 0.0886857 0.0905338 0.0795454 0.0871378 0.0869220 0.0830973 0.0660780 0.0483044 0.0498231 0.0509460 0.0853150 0.0767035 0.0865493 0.0783215 0.0742967 0.0646020 0.0661019 0.0624286 0.0677342 0.0116890 0.0000000 0.0156813 0.0172700 0.0194551 0.0386263 0.0530006 0.0486383 0.0491047 0.0562791 0.0512048 0.0517150 0.0471838 0.0523364 0.0427357 0.0425429 0.0467352 0.0485130 0.0788519 0.0400664 0.0431616 
Phalangeridae_Spilocuscus_maculatus            0.0382237 0.0419580 0.0302680 0.0403758 0.0295530 0.0731048 0.0798434 0.0801085 0.0795994 0.0813330 0.0701330 0.0773741 0.0767750 0.0778118 0.0607485 0.0451690 0.0466023 0.0476540 0.0784727 0.0696758 0.0783787 0.0702222 0.0730083 0.0621055 0.0640498 0.0602310 0.0653390 0.0096179 0.0156813 0.0000000 0.0108941 0.0154723 0.0317459 0.0496528 0.0449486 0.0457979 0.0521500 0.0483868 0.0493910 0.0439956 0.0471554 0.0382248 0.0362864 0.0422646 0.0422222 0.0723125 0.0354643 0.0388198 
Phalangeridae_Strigocuscus_pelengensis         0.0375620 0.0423787 0.0334028 0.0423504 0.0324047 0.0646037 0.0730934 0.0731550 0.0721362 0.0735044 0.0754018 0.0715469 0.0686904 0.0722394 0.0615335 0.0421250 0.0475572 0.0482856 0.0708990 0.0633270 0.0669458 0.0705346 0.0657222 0.0616551 0.0616534 0.0575297 0.0629677 0.0071114 0.0172700 0.0108941 0.0000000 0.0148632 0.0336190 0.0498835 0.0447728 0.0461896 0.0528433 0.0487065 0.0482173 0.0426477 0.0389456 0.0399778 0.0383797 0.0422356 0.0446186 0.0651349 0.0352074 0.0388617 
Phalangeridae_Trichosurus_vulpecula            0.0358651 0.0375221 0.0292474 0.0360571 0.0276652 0.0719679 0.0788123 0.0790745 0.0795409 0.0801852 0.0704518 0.0764890 0.0751935 0.0743186 0.0529337 0.0419288 0.0433683 0.0452689 0.0734113 0.0641790 0.0767875 0.0665236 0.0709389 0.0609437 0.0613780 0.0578268 0.0655683 0.0138128 0.0194551 0.0154723 0.0148632 0.0000000 0.0312394 0.0458442 0.0439084 0.0447830 0.0469862 0.0437781 0.0447114 0.0412087 0.0445851 0.0358120 0.0339211 0.0399470 0.0409506 0.0696423 0.0328843 0.0365167 
Phascolarctidae_Phascolarctos_cinereus         0.0426880 0.0413073 0.0376374 0.0437085 0.0309968 0.0627962 0.0715184 0.0738958 0.0735726 0.0741445 0.0683472 0.0724125 0.0714141 0.0727544 0.0631350 0.0485180 0.0498972 0.0509287 0.0738043 0.0726219 0.0699920 0.0643692 0.0663627 0.0572799 0.0572462 0.0542159 0.0646404 0.0333209 0.0386263 0.0317459 0.0336190 0.0312394 0.0000000 0.0555130 0.0484113 0.0493212 0.0536027 0.0518810 0.0524895 0.0491801 0.0484379 0.0409321 0.0381135 0.0453924 0.0458704 0.0653195 0.0243002 0.0260795 
Potoroidae_Aepyprymnus_rufescens               0.0542195 0.0525425 0.0492293 0.0590034 0.0458639 0.0901399 0.0992641 0.0984492 0.1004708 0.0999316 0.0839762 0.0974049 0.0928544 0.0978542 0.0564588 0.0242568 0.0245050 0.0229424 0.0960456 0.0842012 0.0958439 0.0945246 0.0779881 0.0715256 0.0726321 0.0705328 0.0769095 0.0478064 0.0530006 0.0496528 0.0498835 0.0458442 0.0555130 0.0000000 0.0159918 0.0156343 0.0210674 0.0224870 0.0223216 0.0562440 0.0611673 0.0509372 0.0502131 0.0569862 0.0588781 0.0833495 0.0583178 0.0620729 
Potoroidae_Bettongia_lesueur                   0.0510433 0.0499101 0.0430906 0.0554559 0.0432146 0.0869841 0.0943484 0.0941350 0.0979676 0.0963187 0.0824712 0.0947412 0.0905186 0.0936401 0.0562903 0.0232476 0.0220094 0.0176628 0.0931497 0.0835355 0.0862688 0.0867048 0.0750943 0.0693636 0.0719282 0.0687838 0.0737172 0.0449660 0.0486383 0.0449486 0.0447728 0.0439084 0.0484113 0.0159918 0.0000000 0.0035006 0.0231903 0.0218721 0.0217094 0.0554172 0.0572535 0.0477131 0.0485232 0.0520527 0.0570021 0.0797303 0.0547662 0.0589004 
Potoroidae_Bettongia_penicillata               0.0533733 0.0503951 0.0452850 0.0545416 0.0431685 0.0843292 0.0932472 0.0930003 0.0950292 0.0933978 0.0818077 0.0948178 0.0893635 0.0929859 0.0557209 0.0228720 0.0227356 0.0183424 0.0920243 0.0841226 0.0878967 0.0902991 0.0744840 0.0709245 0.0735616 0.0703616 0.0747545 0.0449780 0.0491047 0.0457979 0.0461896 0.0447830 0.0493212 0.0156343 0.0035006 0.0000000 0.0228257 0.0233198 0.0227972 0.0554430 0.0594298 0.0487888 0.0499678 0.0529904 0.0569958 0.0815481 0.0543133 0.0589019 
Potoroidae_Potorous_tridactylusnorth           0.0580338 0.0573308 0.0494693 0.0549114 0.0431504 0.0957601 0.1051525 0.1075479 0.1065315 0.1046157 0.0886420 0.1053751 0.0967263 0.0991082 0.0591237 0.0240674 0.0230979 0.0238157 0.0993380 0.0874873 0.0960505 0.0988663 0.0832943 0.0807290 0.0823716 0.0777169 0.0852204 0.0487113 0.0562791 0.0521500 0.0528433 0.0469862 0.0536027 0.0210674 0.0231903 0.0228257 0.0000000 0.0163361 0.0161141 0.0555852 0.0623403 0.0513710 0.0519356 0.0546380 0.0649632 0.0938644 0.0573885 0.0637842 
Potoroidae_Potorous_tridactylussouth           0.0509279 0.0516042 0.0469003 0.0581806 0.0442166 0.0890951 0.0953992 0.0960790 0.0983342 0.0978614 0.0820878 0.0946534 0.0896198 0.0959095 0.0541147 0.0191908 0.0235986 0.0227214 0.0948991 0.0843792 0.0930329 0.0925018 0.0796284 0.0745469 0.0734356 0.0713388 0.0771911 0.0465410 0.0512048 0.0483868 0.0487065 0.0437781 0.0518810 0.0224870 0.0218721 0.0233198 0.0163361 0.0000000 0.0005820 0.0576068 0.0588032 0.0490148 0.0497502 0.0519045 0.0605071 0.0808321 0.0551433 0.0589828 
Potoroidae_Potorous_tridactylusTas             0.0515313 0.0521856 0.0469865 0.0579629 0.0437512 0.0890415 0.0966741 0.0973666 0.0990672 0.0985880 0.0814777 0.0959201 0.0907960 0.0953286 0.0546282 0.0193417 0.0234390 0.0225671 0.0943260 0.0842748 0.0937074 0.0923938 0.0794884 0.0744083 0.0732854 0.0711636 0.0770730 0.0470659 0.0517150 0.0493910 0.0482173 0.0447114 0.0524895 0.0223216 0.0217094 0.0227972 0.0161141 0.0005820 0.0000000 0.0568617 0.0591253 0.0492165 0.0499385 0.0520502 0.0596823 0.0810584 0.0548579 0.0587358 
Pseudochiridae_Petauroides_volans              0.0427855 0.0416054 0.0450284 0.0557861 0.0443726 0.0840538 0.0936160 0.0938461 0.0908067 0.0932369 0.0840527 0.0929016 0.0908416 0.0916440 0.0715803 0.0556367 0.0574753 0.0563978 0.0930549 0.0836991 0.0934408 0.0881050 0.0782088 0.0695404 0.0689703 0.0658095 0.0713038 0.0435801 0.0471838 0.0439956 0.0426477 0.0412087 0.0491801 0.0562440 0.0554172 0.0554430 0.0555852 0.0576068 0.0568617 0.0000000 0.0342998 0.0299175 0.0272683 0.0326935 0.0482942 0.0799670 0.0486354 0.0521001 
Pseudochiridae_Pseudocheirus_occidentalis      0.0447467 0.0479813 0.0506879 0.0572881 0.0358703 0.0828835 0.0948728 0.0952488 0.0921908 0.0922863 0.0811106 0.0925133 0.0853856 0.0898880 0.0732157 0.0557725 0.0566369 0.0589694 0.0898929 0.0809508 0.0940533 0.0899087 0.0703328 0.0701222 0.0696012 0.0681759 0.0722546 0.0473223 0.0523364 0.0471554 0.0389456 0.0445851 0.0484379 0.0611673 0.0572535 0.0594298 0.0623403 0.0588032 0.0591253 0.0342998 0.0000000 0.0090286 0.0036970 0.0229914 0.0492104 0.0814477 0.0550727 0.0595175 
Pseudochiridae_Pseudocheirus_peregrinus_Sydney 0.0365232 0.0406683 0.0410725 0.0493588 0.0394655 0.0654191 0.0735671 0.0727124 0.0727945 0.0728907 0.0804810 0.0721395 0.0683072 0.0801022 0.0691589 0.0476051 0.0471378 0.0506888 0.0771611 0.0702837 0.0743966 0.0793377 0.0600586 0.0568266 0.0557352 0.0546428 0.0580368 0.0399800 0.0427357 0.0382248 0.0399778 0.0358120 0.0409321 0.0509372 0.0477131 0.0487888 0.0513710 0.0490148 0.0492165 0.0299175 0.0090286 0.0000000 0.0079655 0.0172465 0.0401783 0.0640253 0.0452407 0.0492485 
Pseudochiridae_Pseudocheirus_peregrinus_north  0.0338478 0.0382201 0.0390653 0.0457801 0.0365467 0.0622092 0.0690395 0.0698382 0.0698239 0.0699157 0.0795874 0.0693314 0.0664374 0.0763053 0.0682235 0.0450292 0.0464882 0.0494975 0.0735018 0.0683181 0.0701537 0.0777526 0.0565164 0.0540364 0.0539433 0.0518507 0.0559640 0.0371346 0.0425429 0.0362864 0.0383797 0.0339211 0.0381135 0.0502131 0.0485232 0.0499678 0.0519356 0.0497502 0.0499385 0.0272683 0.0036970 0.0079655 0.0000000 0.0175119 0.0368336 0.0611130 0.0422528 0.0461248 
Pseudochiridae_Pseudochirulus_forbesi          0.0428286 0.0438974 0.0433051 0.0511622 0.0411817 0.0806115 0.0899081 0.0919266 0.0879451 0.0880572 0.0798207 0.0886149 0.0839296 0.0863347 0.0698906 0.0504762 0.0504937 0.0538758 0.0862492 0.0769208 0.0898749 0.0836480 0.0722669 0.0642419 0.0642115 0.0611487 0.0674554 0.0431007 0.0467352 0.0422646 0.0422356 0.0399470 0.0453924 0.0569862 0.0520527 0.0529904 0.0546380 0.0519045 0.0520502 0.0326935 0.0229914 0.0172465 0.0175119 0.0000000 0.0452007 0.0764241 0.0486047 0.0529550 
Tarsipedidae_Tarsipes_rostratus                0.0460061 0.0465597 0.0448739 0.0505901 0.0366045 0.0819248 0.0890902 0.0886578 0.0866598 0.0875183 0.0887466 0.0887960 0.0843024 0.0811482 0.0763917 0.0571262 0.0578354 0.0590506 0.0853869 0.0801204 0.0772737 0.0814825 0.0710838 0.0643897 0.0644239 0.0619474 0.0610557 0.0417707 0.0485130 0.0422222 0.0446186 0.0409506 0.0458704 0.0588781 0.0570021 0.0569958 0.0649632 0.0605071 0.0596823 0.0482942 0.0492104 0.0401783 0.0368336 0.0452007 0.0000000 0.0755505 0.0486288 0.0513322 
Thylacomyidae_Macrotis_lagotis                 0.0658088 0.0698551 0.0719479 0.0897911 0.0652304 0.0973244 0.1058534 0.1078153 0.1075594 0.1075355 0.0984399 0.1056434 0.1044700 0.1080456 0.0898129 0.0802464 0.0829497 0.0865371 0.1006957 0.0969581 0.1029665 0.1018872 0.0309817 0.0246206 0.0238642 0.0236635 0.0282395 0.0698676 0.0788519 0.0723125 0.0651349 0.0696423 0.0653195 0.0833495 0.0797303 0.0815481 0.0938644 0.0808321 0.0810584 0.0799670 0.0814477 0.0640253 0.0611130 0.0764241 0.0755505 0.0000000 0.0728409 0.0730156 
Vombatidae_Lasiorhinus_latifrons               0.0463451 0.0443732 0.0414844 0.0472298 0.0357957 0.0751632 0.0842909 0.0856863 0.0868071 0.0874831 0.0750518 0.0835959 0.0820978 0.0797935 0.0675471 0.0526343 0.0531281 0.0556126 0.0828845 0.0756435 0.0776363 0.0708376 0.0760986 0.0663433 0.0652615 0.0622010 0.0708553 0.0354861 0.0400664 0.0354643 0.0352074 0.0328843 0.0243002 0.0583178 0.0547662 0.0543133 0.0573885 0.0551433 0.0548579 0.0486354 0.0550727 0.0452407 0.0422528 0.0486047 0.0486288 0.0728409 0.0000000 0.0053251 
Vombatidae_Vombatus_ursinus                    0.0492155 0.0454478 0.0447065 0.0487576 0.0371310 0.0800023 0.0877430 0.0895072 0.0915045 0.0912891 0.0794535 0.0870406 0.0861752 0.0834400 0.0709046 0.0566539 0.0571575 0.0601341 0.0858042 0.0777479 0.0802335 0.0742847 0.0781529 0.0684898 0.0684735 0.0652932 0.0739880 0.0388227 0.0431616 0.0388198 0.0388617 0.0365167 0.0260795 0.0620729 0.0589004 0.0589019 0.0637842 0.0589828 0.0587358 0.0521001 0.0595175 0.0492485 0.0461248 0.0529550 0.0513322 0.0730156 0.0053251 0.0000000 
