35
Burramyidae_Burramys_parvus                  0.0000000 0.1449124 0.0885909 0.0997463 0.1045896 0.1204226 0.0641683 0.0824080 0.1047198 0.1488027 0.0784286 0.1202401 0.1418102 0.0849591 0.0967063 0.1204076 0.1273722 0.1484608 0.1438147 0.0898791 0.1297978 0.1476405 0.1216926 0.1025252 0.1211091 0.1460499 0.0888766 0.1271572 0.1253144 0.0976804 0.0836497 0.1458322 0.1246922 0.1500848 0.2495383 
Notoryctidae_Notoryctes_typhlops             0.1449124 0.0000000 0.1388969 0.1477704 0.1505154 0.1547720 0.1351557 0.1452026 0.1527507 0.1986862 0.1423419 0.1496954 0.1832725 0.1489584 0.1678072 0.1524602 0.1551030 0.1747480 0.1881457 0.1428074 0.1906441 0.1886290 0.1563496 0.1535209 0.1650666 0.2165393 0.1441131 0.1862298 0.1809134 0.1725814 0.1485866 0.1872953 0.1643703 0.1960276 0.3603761 
Vombatidae_Lasiorhinus_latifrons             0.0885909 0.1388969 0.0000000 0.1010595 0.1059845 0.1161679 0.0693246 0.0929607 0.1067597 0.1551237 0.0902665 0.1165802 0.1402569 0.0981399 0.1031187 0.1179952 0.1178806 0.1552509 0.1479767 0.1029089 0.1259810 0.1426059 0.1193812 0.1010445 0.1182820 0.1364980 0.1003684 0.1231553 0.1251796 0.1045535 0.0978675 0.1529707 0.1207197 0.1519850 0.2528929 
Potoroidae_Bettongia_penicillata             0.0997463 0.1477704 0.1010595 0.0000000 0.0082400 0.1356167 0.0908115 0.0956952 0.0200526 0.1731030 0.0899787 0.1312771 0.1542202 0.0955165 0.1151550 0.1322420 0.1368789 0.1640785 0.1755056 0.0317452 0.1412549 0.1663085 0.1332927 0.0557399 0.1402544 0.1566481 0.0285331 0.1425110 0.1474547 0.1166193 0.0965258 0.1770642 0.1440221 0.1692542 0.2931503 
Potoroidae_Bettongia_lesueur                 0.1045896 0.1505154 0.1059845 0.0082400 0.0000000 0.1425256 0.0948996 0.1016748 0.0239662 0.1737039 0.0958150 0.1368148 0.1628604 0.1014724 0.1180616 0.1383817 0.1443790 0.1731469 0.1758297 0.0338387 0.1422716 0.1704221 0.1388296 0.0608691 0.1446898 0.1585105 0.0316901 0.1437216 0.1503289 0.1217441 0.1024873 0.1758995 0.1497417 0.1697233 0.3089234 
Dasyuridae_Dasyurus_maculatus                0.1204226 0.1547720 0.1161679 0.1356167 0.1425256 0.0000000 0.1161880 0.1278303 0.1406791 0.1602790 0.1281085 0.0243402 0.0478517 0.1339631 0.1420473 0.0242805 0.0110826 0.0523199 0.1546459 0.1292927 0.1608349 0.1677866 0.0254635 0.1384847 0.1366824 0.1842066 0.1264750 0.1636472 0.1738418 0.1384290 0.1345359 0.1550884 0.0090644 0.1562535 0.2764949 
Phalangeridae_Trichosurus_vulpecula          0.0641683 0.1351557 0.0693246 0.0908115 0.0948996 0.1161880 0.0000000 0.0209233 0.1006206 0.1425820 0.0229164 0.1134042 0.1467261 0.0275820 0.0913876 0.1147562 0.1191419 0.1598883 0.1364925 0.0787716 0.1212402 0.1433290 0.1149133 0.0865758 0.1191027 0.1283553 0.0876646 0.1217047 0.1042171 0.0896584 0.0258390 0.1361626 0.1216642 0.1391670 0.0978869 
Phalangeridae_Spilocuscus_maculatus          0.0824080 0.1452026 0.0929607 0.0956952 0.1016748 0.1278303 0.0209233 0.0000000 0.1018358 0.1596276 0.0116914 0.1275751 0.1504311 0.0148626 0.0979264 0.1291013 0.1302186 0.1575496 0.1528888 0.0926934 0.1218199 0.1521131 0.1264865 0.0971080 0.1214369 0.1391895 0.0953176 0.1259093 0.1270750 0.1008961 0.0138789 0.1557272 0.1307456 0.1576736 0.2682433 
Potoroidae_Aepyprymnus_rufescens             0.1047198 0.1527507 0.1067597 0.0200526 0.0239662 0.1406791 0.1006206 0.1018358 0.0000000 0.1808094 0.0949060 0.1353260 0.1579391 0.1041929 0.1248148 0.1362237 0.1418834 0.1725804 0.1786578 0.0345755 0.1434147 0.1722896 0.1378628 0.0630225 0.1391485 0.1707439 0.0325031 0.1440107 0.1522424 0.1220558 0.1026415 0.1799521 0.1492010 0.1764179 0.3274190 
Peramelidae_Perameles_nasuta                 0.1488027 0.1986862 0.1551237 0.1731030 0.1737039 0.1602790 0.1425820 0.1596276 0.1808094 0.0000000 0.1545767 0.1550850 0.1758926 0.1646346 0.1729600 0.1550296 0.1617591 0.1809603 0.0399532 0.1657287 0.1944375 0.1950819 0.1555062 0.1774090 0.1730167 0.2061391 0.1638124 0.1914324 0.1931830 0.1807053 0.1650502 0.0381259 0.1564988 0.0029110 0.3941574 
Phalangeridae_Strigocuscus_pelengensis       0.0784286 0.1423419 0.0902665 0.0899787 0.0958150 0.1281085 0.0229164 0.0116914 0.0949060 0.1545767 0.0000000 0.1274025 0.1496611 0.0135956 0.0960545 0.1290917 0.1292609 0.1558504 0.1492772 0.0855258 0.1251862 0.1513682 0.1273838 0.0919065 0.1212837 0.1391663 0.0885632 0.1258920 0.1236488 0.0986356 0.0126248 0.1516505 0.1295204 0.1528633 0.2670568 
Dasyuridae_Phascogale_tapoatafa              0.1202401 0.1496954 0.1165802 0.1312771 0.1368148 0.0243402 0.1134042 0.1275751 0.1353260 0.1550850 0.1274025 0.0000000 0.0492136 0.1353719 0.1342524 0.0036893 0.0273039 0.0489791 0.1483371 0.1274317 0.1623627 0.1628020 0.0146645 0.1346624 0.1341327 0.1893434 0.1230774 0.1642805 0.1747138 0.1346735 0.1335996 0.1520987 0.0287971 0.1520099 0.3016226 
Dasyuridae_Sminthopsis_macroura              0.1418102 0.1832725 0.1402569 0.1542202 0.1628604 0.0478517 0.1467261 0.1504311 0.1579391 0.1758926 0.1496611 0.0492136 0.0000000 0.1563264 0.1604451 0.0483884 0.0542512 0.0448766 0.1701625 0.1519139 0.1972949 0.1955396 0.0521045 0.1577081 0.1551048 0.1929808 0.1458571 0.1965651 0.1966580 0.1610296 0.1575841 0.1756436 0.0494690 0.1714950 0.3301009 
Phalangeridae_Phalanger_orientalis           0.0849591 0.1489584 0.0981399 0.0955165 0.1014724 0.1339631 0.0275820 0.0148626 0.1041929 0.1646346 0.0135956 0.1353719 0.1563264 0.0000000 0.1024920 0.1369012 0.1363737 0.1654293 0.1600123 0.0914464 0.1258177 0.1586697 0.1343372 0.0986133 0.1313015 0.1397988 0.0976805 0.1265456 0.1311548 0.1048877 0.0027208 0.1617828 0.1371283 0.1615676 0.3002627 
Acrobatidae_Acrobates_pygmaeus               0.0967063 0.1678072 0.1031187 0.1151550 0.1180616 0.1420473 0.0913876 0.0979264 0.1248148 0.1729600 0.0960545 0.1342524 0.1604451 0.1024920 0.0000000 0.1358404 0.1425678 0.1664138 0.1658845 0.1095062 0.1320037 0.1743343 0.1384466 0.1124336 0.1397908 0.1463748 0.1131873 0.1321726 0.1276412 0.0529719 0.1021742 0.1696773 0.1461021 0.1701519 0.2886979 
Dasyuridae_Phascogale_calura                 0.1204076 0.1524602 0.1179952 0.1322420 0.1383817 0.0242805 0.1147562 0.1291013 0.1362237 0.1550296 0.1290917 0.0036893 0.0483884 0.1369012 0.1358404 0.0000000 0.0282250 0.0495184 0.1482040 0.1283432 0.1646620 0.1619938 0.0151147 0.1355557 0.1343159 0.1892610 0.1239138 0.1643966 0.1764135 0.1357277 0.1351251 0.1520406 0.0287234 0.1520382 0.3036710 
Dasyuridae_Sarcophilus_harrisii              0.1273722 0.1551030 0.1178806 0.1368789 0.1443790 0.0110826 0.1191419 0.1302186 0.1418834 0.1617591 0.1292609 0.0273039 0.0542512 0.1363737 0.1425678 0.0282250 0.0000000 0.0552542 0.1581197 0.1311607 0.1628008 0.1679043 0.0284507 0.1383342 0.1378945 0.1852612 0.1263338 0.1655108 0.1722422 0.1391233 0.1369457 0.1599396 0.0149128 0.1575697 0.2881499 
Dasyuridae_Planigale_tenuirostris            0.1484608 0.1747480 0.1552509 0.1640785 0.1731469 0.0523199 0.1598883 0.1575496 0.1725804 0.1809603 0.1558504 0.0489791 0.0448766 0.1654293 0.1664138 0.0495184 0.0552542 0.0000000 0.1738888 0.1650995 0.2005815 0.1927244 0.0502443 0.1678315 0.1653485 0.2058210 0.1556443 0.2000813 0.2095122 0.1690557 0.1645954 0.1781146 0.0554458 0.1786437 0.3897928 
Peramelidae_Echymipera_kalubu                0.1438147 0.1881457 0.1479767 0.1755056 0.1758297 0.1546459 0.1364925 0.1528888 0.1786578 0.0399532 0.1492772 0.1483371 0.1701625 0.1600123 0.1658845 0.1482040 0.1581197 0.1738888 0.0000000 0.1711594 0.1898795 0.1820370 0.1493827 0.1756493 0.1624714 0.1953720 0.1652847 0.1885660 0.1883116 0.1784725 0.1589692 0.0276879 0.1518101 0.0390106 0.3267885 
Macropodidae_Dorcopsulus_vanheurni           0.0898791 0.1428074 0.1029089 0.0317452 0.0338387 0.1292927 0.0787716 0.0926934 0.0345755 0.1657287 0.0855258 0.1274317 0.1519139 0.0914464 0.1095062 0.1283432 0.1311607 0.1650995 0.1711594 0.0000000 0.1341858 0.1623462 0.1318494 0.0532316 0.1368263 0.1563522 0.0129602 0.1335011 0.1392473 0.1125783 0.0913708 0.1661346 0.1383805 0.1629446 0.2801726 
Pseudochiridae_Pseudochirulus_forbesi        0.1297978 0.1906441 0.1259810 0.1412549 0.1422716 0.1608349 0.1212402 0.1218199 0.1434147 0.1944375 0.1251862 0.1623627 0.1972949 0.1258177 0.1320037 0.1646620 0.1628008 0.2005815 0.1898795 0.1341858 0.0000000 0.1906035 0.1657178 0.1399185 0.1587721 0.1007843 0.1363601 0.0341097 0.1375691 0.1408934 0.1254156 0.1928935 0.1688988 0.1921489 0.4372400 
Marmosidae_Monodelphis_domestica             0.1476405 0.1886290 0.1426059 0.1663085 0.1704221 0.1677866 0.1433290 0.1521131 0.1722896 0.1950819 0.1513682 0.1628020 0.1955396 0.1586697 0.1743343 0.1619938 0.1679043 0.1927244 0.1820370 0.1623462 0.1906035 0.0000000 0.1654800 0.1708949 0.1568268 0.1989600 0.1597629 0.2038988 0.1946167 0.1814968 0.1575888 0.1864110 0.1713974 0.1868890 0.0699486 
Dasyuridae_Antechinus_stuartii               0.1216926 0.1563496 0.1193812 0.1332927 0.1388296 0.0254635 0.1149133 0.1264865 0.1378628 0.1555062 0.1273838 0.0146645 0.0521045 0.1343372 0.1384466 0.0151147 0.0284507 0.0502443 0.1493827 0.1318494 0.1657178 0.1654800 0.0000000 0.1376741 0.1331148 0.1883450 0.1261471 0.1659276 0.1725323 0.1408124 0.1325766 0.1572807 0.0289240 0.1534806 0.2858984 
Hypsiprymnodontidae_Hypsiprymnodon_moschatus 0.1025252 0.1535209 0.1010445 0.0557399 0.0608691 0.1384847 0.0865758 0.0971080 0.0630225 0.1774090 0.0919065 0.1346624 0.1577081 0.0986133 0.1124336 0.1355557 0.1383342 0.1678315 0.1756493 0.0532316 0.1399185 0.1708949 0.1376741 0.0000000 0.1496063 0.1571199 0.0499332 0.1412497 0.1386359 0.1158982 0.0996117 0.1762350 0.1462581 0.1745869 0.3451561 
Microbiotheriidae_Dromiciops_gliroides       0.1211091 0.1650666 0.1182820 0.1402544 0.1446898 0.1366824 0.1191027 0.1214369 0.1391485 0.1730167 0.1212837 0.1341327 0.1551048 0.1313015 0.1397908 0.1343159 0.1378945 0.1653485 0.1624714 0.1368263 0.1587721 0.1568268 0.1331148 0.1496063 0.0000000 0.1743855 0.1293319 0.1623379 0.1685282 0.1470957 0.1300973 0.1688414 0.1401591 0.1719548 0.2314635 
Pseudochiridae_Petauroides_volans            0.1460499 0.2165393 0.1364980 0.1566481 0.1585105 0.1842066 0.1283553 0.1391895 0.1707439 0.2061391 0.1391663 0.1893434 0.1929808 0.1397988 0.1463748 0.1892610 0.1852612 0.2058210 0.1953720 0.1563522 0.1007843 0.1989600 0.1883450 0.1571199 0.1743855 0.0000000 0.1490850 0.0973556 0.1583962 0.1466644 0.1397013 0.2156793 0.1836769 0.1958426 0.4021915 
Macropodidae_Wallabia_bicolor                0.0888766 0.1441131 0.1003684 0.0285331 0.0316901 0.1264750 0.0876646 0.0953176 0.0325031 0.1638124 0.0885632 0.1230774 0.1458571 0.0976805 0.1131873 0.1239138 0.1263338 0.1556443 0.1652847 0.0129602 0.1363601 0.1597629 0.1261471 0.0499332 0.1293319 0.1490850 0.0000000 0.1353322 0.1400877 0.1147906 0.0975563 0.1636035 0.1367291 0.1625550 0.2670262 
Pseudochiridae_Pseudocheirus_occidentalis    0.1271572 0.1862298 0.1231553 0.1425110 0.1437216 0.1636472 0.1217047 0.1259093 0.1440107 0.1914324 0.1258920 0.1642805 0.1965651 0.1265456 0.1321726 0.1643966 0.1655108 0.2000813 0.1885660 0.1335011 0.0341097 0.2038988 0.1659276 0.1412497 0.1623379 0.0973556 0.1353322 0.0000000 0.1375159 0.1417708 0.1260344 0.1860400 0.1690980 0.1920264 0.4710497 
Tarsipedidae_Tarsipes_rostratus              0.1253144 0.1809134 0.1251796 0.1474547 0.1503289 0.1738418 0.1042171 0.1270750 0.1522424 0.1931830 0.1236488 0.1747138 0.1966580 0.1311548 0.1276412 0.1764135 0.1722422 0.2095122 0.1883116 0.1392473 0.1375691 0.1946167 0.1725323 0.1386359 0.1685282 0.1583962 0.1400877 0.1375159 0.0000000 0.1304691 0.1311182 0.1832812 0.1734669 0.1945172 0.3887935 
Acrobatidae_Distoechurus_pennatus            0.0976804 0.1725814 0.1045535 0.1166193 0.1217441 0.1384290 0.0896584 0.1008961 0.1220558 0.1807053 0.0986356 0.1346735 0.1610296 0.1048877 0.0529719 0.1357277 0.1391233 0.1690557 0.1784725 0.1125783 0.1408934 0.1814968 0.1408124 0.1158982 0.1470957 0.1466644 0.1147906 0.1417708 0.1304691 0.0000000 0.1038912 0.1755451 0.1469491 0.1782440 0.3173265 
Phalangeridae_Phalanger_carmelitae           0.0836497 0.1485866 0.0978675 0.0965258 0.1024873 0.1345359 0.0258390 0.0138789 0.1026415 0.1650502 0.0126248 0.1335996 0.1575841 0.0027208 0.1021742 0.1351251 0.1369457 0.1645954 0.1589692 0.0913708 0.1254156 0.1575888 0.1325766 0.0996117 0.1300973 0.1397013 0.0975563 0.1260344 0.1311182 0.1038912 0.0000000 0.1608850 0.1377207 0.1619638 0.2910962 
Peramelidae_Peroryctes_raffrayana            0.1458322 0.1872953 0.1529707 0.1770642 0.1758995 0.1550884 0.1361626 0.1557272 0.1799521 0.0381259 0.1516505 0.1520987 0.1756436 0.1617828 0.1696773 0.1520406 0.1599396 0.1781146 0.0276879 0.1661346 0.1928935 0.1864110 0.1572807 0.1762350 0.1688414 0.2156793 0.1636035 0.1860400 0.1832812 0.1755451 0.1608850 0.0000000 0.1545651 0.0391856 0.4239817 
Dasyuridae_Dasyurus_geffroii                 0.1246922 0.1643703 0.1207197 0.1440221 0.1497417 0.0090644 0.1216642 0.1307456 0.1492010 0.1564988 0.1295204 0.0287971 0.0494690 0.1371283 0.1461021 0.0287234 0.0149128 0.0554458 0.1518101 0.1383805 0.1688988 0.1713974 0.0289240 0.1462581 0.1401591 0.1836769 0.1367291 0.1690980 0.1734669 0.1469491 0.1377207 0.1545651 0.0000000 0.1532533 0.2731917 
Peramelidae_Perameles_gunnii                 0.1500848 0.1960276 0.1519850 0.1692542 0.1697233 0.1562535 0.1391670 0.1576736 0.1764179 0.0029110 0.1528633 0.1520099 0.1714950 0.1615676 0.1701519 0.1520382 0.1575697 0.1786437 0.0390106 0.1629446 0.1921489 0.1868890 0.1534806 0.1745869 0.1719548 0.1958426 0.1625550 0.1920264 0.1945172 0.1782440 0.1619638 0.0391856 0.1532533 0.0000000 0.3415976 
Didelphidae_Didelphis_virginiana             0.2495383 0.3603761 0.2528929 0.2931503 0.3089234 0.2764949 0.0978869 0.2682433 0.3274190 0.3941574 0.2670568 0.3016226 0.3301009 0.3002627 0.2886979 0.3036710 0.2881499 0.3897928 0.3267885 0.2801726 0.4372400 0.0699486 0.2858984 0.3451561 0.2314635 0.4021915 0.2670262 0.4710497 0.3887935 0.3173265 0.2910962 0.4239817 0.2731917 0.3415976 0.0000000 
