35
Burramyidae_Burramys_parvus                  0.0000000 0.0582133 0.0460281 0.0406587 0.0413355 0.0579375 0.0411263 0.0364444 0.0424473 0.0678306 0.0356993 0.0612002 0.0635975 0.0396676 0.0383798 0.0668875 0.0607898 0.0603607 0.0642648 0.0384975 0.0422791 0.0764287 0.0741617 0.0592312 0.0443660 0.0457790 0.0409503 0.0381811 0.0431666 0.0561932 0.0419605 0.0390584 0.0658509 0.0589721 0.0677636 
Notoryctidae_Notoryctes_typhlops             0.0582133 0.0000000 0.0667643 0.0658656 0.0661973 0.0701435 0.0647729 0.0615655 0.0670450 0.0778881 0.0615423 0.0741953 0.0791114 0.0645840 0.0682702 0.0799019 0.0768612 0.0762968 0.0743363 0.0653909 0.0642276 0.0881531 0.0873597 0.0723894 0.0708545 0.0540480 0.0633195 0.0631288 0.0627788 0.0789738 0.0698859 0.0652725 0.0771804 0.0709872 0.0780828 
Vombatidae_Lasiorhinus_latifrons             0.0460281 0.0667643 0.0000000 0.0577220 0.0565979 0.0649345 0.0559381 0.0525944 0.0589225 0.0767456 0.0530251 0.0664092 0.0685550 0.0541759 0.0545269 0.0726771 0.0676477 0.0686155 0.0711813 0.0568827 0.0539518 0.0820233 0.0800230 0.0659824 0.0579143 0.0523734 0.0525984 0.0552964 0.0548493 0.0641621 0.0585971 0.0539920 0.0719586 0.0640406 0.0769563 
Potoroidae_Bettongia_penicillata             0.0406587 0.0658656 0.0577220 0.0000000 0.0069630 0.0649058 0.0489278 0.0452030 0.0109092 0.0698264 0.0450711 0.0715316 0.0679165 0.0462630 0.0468577 0.0784063 0.0702198 0.0700182 0.0694218 0.0162206 0.0507061 0.0816501 0.0808375 0.0687368 0.0286782 0.0537319 0.0496934 0.0174201 0.0527452 0.0535744 0.0467700 0.0469920 0.0717247 0.0662110 0.0702680 
Potoroidae_Bettongia_lesueur                 0.0413355 0.0661973 0.0565979 0.0069630 0.0000000 0.0644746 0.0499336 0.0448129 0.0113155 0.0696475 0.0443855 0.0705809 0.0664603 0.0467796 0.0469336 0.0784660 0.0690367 0.0684796 0.0689898 0.0174575 0.0523680 0.0813728 0.0807326 0.0680424 0.0282677 0.0532899 0.0497346 0.0176413 0.0544494 0.0549112 0.0477686 0.0475111 0.0712895 0.0655346 0.0700889 
Dasyuridae_Dasyurus_maculatus                0.0579375 0.0701435 0.0649345 0.0649058 0.0644746 0.0000000 0.0630066 0.0587523 0.0648125 0.0725272 0.0606995 0.0169697 0.0272472 0.0619272 0.0617644 0.0220807 0.0107295 0.0224167 0.0693633 0.0638879 0.0633857 0.0870394 0.0787431 0.0138783 0.0712974 0.0544267 0.0602561 0.0638757 0.0632833 0.0772155 0.0654859 0.0614784 0.0716448 0.0067566 0.0729793 
Phalangeridae_Trichosurus_vulpecula          0.0411263 0.0647729 0.0559381 0.0489278 0.0499336 0.0630066 0.0000000 0.0148860 0.0501390 0.0716354 0.0159194 0.0697067 0.0686846 0.0172296 0.0460341 0.0762156 0.0710627 0.0676633 0.0698511 0.0482949 0.0502949 0.0877156 0.0864181 0.0673518 0.0529946 0.0535296 0.0471702 0.0478865 0.0498996 0.0590600 0.0466492 0.0170334 0.0720036 0.0638190 0.0720970 
Phalangeridae_Spilocuscus_maculatus          0.0364444 0.0615655 0.0525944 0.0452030 0.0448129 0.0587523 0.0148860 0.0000000 0.0454803 0.0650643 0.0072460 0.0646263 0.0634477 0.0073615 0.0433859 0.0714838 0.0645959 0.0617223 0.0632181 0.0441758 0.0463639 0.0801185 0.0775666 0.0627798 0.0486546 0.0473154 0.0430921 0.0428003 0.0461326 0.0493484 0.0434411 0.0079650 0.0663586 0.0587936 0.0652377 
Potoroidae_Aepyprymnus_rufescens             0.0424473 0.0670450 0.0589225 0.0109092 0.0113155 0.0648125 0.0501390 0.0454803 0.0000000 0.0722693 0.0458128 0.0716606 0.0683315 0.0469784 0.0487126 0.0790430 0.0698680 0.0686723 0.0708322 0.0186752 0.0541687 0.0807707 0.0821231 0.0694606 0.0301585 0.0538759 0.0508267 0.0186699 0.0548690 0.0544931 0.0493247 0.0476943 0.0736852 0.0661156 0.0727197 
Peramelidae_Perameles_nasuta                 0.0678306 0.0778881 0.0767456 0.0698264 0.0696475 0.0725272 0.0716354 0.0650643 0.0722693 0.0000000 0.0647399 0.0798342 0.0785877 0.0680133 0.0711428 0.0879914 0.0775065 0.0767339 0.0133639 0.0734791 0.0758821 0.0937239 0.0912246 0.0790387 0.0748837 0.0639282 0.0735816 0.0716844 0.0786249 0.0836492 0.0721060 0.0668972 0.0134306 0.0726052 0.0003818 
Phalangeridae_Strigocuscus_pelengensis       0.0356993 0.0615423 0.0530251 0.0450711 0.0443855 0.0606995 0.0159194 0.0072460 0.0458128 0.0647399 0.0000000 0.0677345 0.0646535 0.0074633 0.0431349 0.0729165 0.0666347 0.0633362 0.0635255 0.0444242 0.0454612 0.0791665 0.0773725 0.0645940 0.0475759 0.0471913 0.0429056 0.0429758 0.0449444 0.0511928 0.0427475 0.0072720 0.0667219 0.0605158 0.0652974 
Dasyuridae_Phascogale_tapoatafa              0.0612002 0.0741953 0.0664092 0.0715316 0.0705809 0.0169697 0.0697067 0.0646263 0.0716606 0.0798342 0.0677345 0.0000000 0.0322523 0.0683873 0.0668334 0.0101646 0.0205386 0.0253780 0.0728722 0.0691530 0.0673483 0.0906212 0.0815886 0.0093875 0.0769627 0.0598699 0.0647530 0.0692272 0.0660325 0.0855356 0.0697802 0.0679333 0.0765844 0.0192333 0.0800549 
Dasyuridae_Sminthopsis_macroura              0.0635975 0.0791114 0.0685550 0.0679165 0.0664603 0.0272472 0.0686846 0.0634477 0.0683315 0.0785877 0.0646535 0.0322523 0.0000000 0.0666998 0.0654695 0.0378164 0.0312102 0.0250670 0.0783897 0.0676349 0.0707807 0.0926050 0.0880654 0.0289560 0.0748209 0.0623872 0.0670440 0.0674122 0.0716566 0.0801029 0.0677018 0.0667440 0.0793378 0.0272813 0.0785200 
Phalangeridae_Phalanger_orientalis           0.0396676 0.0645840 0.0541759 0.0462630 0.0467796 0.0619272 0.0172296 0.0073615 0.0469784 0.0680133 0.0074633 0.0683873 0.0666998 0.0000000 0.0450717 0.0756429 0.0683655 0.0643036 0.0664222 0.0456781 0.0485817 0.0836549 0.0813339 0.0661033 0.0506602 0.0496379 0.0452735 0.0443069 0.0483582 0.0540097 0.0455999 0.0028796 0.0693448 0.0624619 0.0682195 
Acrobatidae_Acrobates_pygmaeus               0.0383798 0.0682702 0.0545269 0.0468577 0.0469336 0.0617644 0.0460341 0.0433859 0.0487126 0.0711428 0.0431349 0.0668334 0.0654695 0.0450717 0.0000000 0.0720554 0.0649803 0.0626257 0.0666527 0.0439361 0.0444815 0.0822054 0.0800251 0.0641355 0.0502712 0.0520163 0.0411264 0.0439402 0.0426338 0.0505662 0.0266368 0.0441924 0.0706843 0.0618497 0.0708347 
Dasyuridae_Phascogale_calura                 0.0668875 0.0799019 0.0726771 0.0784063 0.0784660 0.0220807 0.0762156 0.0714838 0.0790430 0.0879914 0.0729165 0.0101646 0.0378164 0.0756429 0.0720554 0.0000000 0.0225658 0.0265402 0.0790464 0.0757121 0.0726116 0.0962193 0.0877898 0.0142029 0.0807112 0.0665895 0.0705466 0.0757297 0.0712957 0.0918442 0.0744618 0.0751794 0.0825758 0.0239954 0.0882395 
Dasyuridae_Sarcophilus_harrisii              0.0607898 0.0768612 0.0676477 0.0702198 0.0690367 0.0107295 0.0710627 0.0645959 0.0698680 0.0775065 0.0666347 0.0205386 0.0312102 0.0683655 0.0649803 0.0225658 0.0000000 0.0244912 0.0739809 0.0694638 0.0677291 0.0891640 0.0844188 0.0183408 0.0730842 0.0590183 0.0651989 0.0688828 0.0669033 0.0834668 0.0677725 0.0681610 0.0765726 0.0109344 0.0779797 
Dasyuridae_Planigale_tenuirostris            0.0603607 0.0762968 0.0686155 0.0700182 0.0684796 0.0224167 0.0676633 0.0617223 0.0686723 0.0767339 0.0633362 0.0253780 0.0250670 0.0643036 0.0626257 0.0265402 0.0244912 0.0000000 0.0762161 0.0667890 0.0671117 0.0913110 0.0855671 0.0227550 0.0734638 0.0594462 0.0645273 0.0673090 0.0671196 0.0762842 0.0645002 0.0647504 0.0779110 0.0217853 0.0773025 
Peramelidae_Echymipera_kalubu                0.0642648 0.0743363 0.0711813 0.0694218 0.0689898 0.0693633 0.0698511 0.0632181 0.0708322 0.0133639 0.0635255 0.0728722 0.0783897 0.0664222 0.0666527 0.0790464 0.0739809 0.0762161 0.0000000 0.0710941 0.0699574 0.0901197 0.0871206 0.0734728 0.0720720 0.0595845 0.0693978 0.0702085 0.0728989 0.0819312 0.0697714 0.0654881 0.0101998 0.0694557 0.0133962 
Macropodidae_Dorcopsulus_vanheurni           0.0384975 0.0653909 0.0568827 0.0162206 0.0174575 0.0638879 0.0482949 0.0441758 0.0186752 0.0734791 0.0444242 0.0691530 0.0676349 0.0456781 0.0439361 0.0757121 0.0694638 0.0667890 0.0710941 0.0000000 0.0510315 0.0798269 0.0786219 0.0666125 0.0285196 0.0528642 0.0477228 0.0078553 0.0516062 0.0528242 0.0455360 0.0459457 0.0737750 0.0647007 0.0737048 
Pseudochiridae_Pseudochirulus_forbesi        0.0422791 0.0642276 0.0539518 0.0507061 0.0523680 0.0633857 0.0502949 0.0463639 0.0541687 0.0758821 0.0454612 0.0673483 0.0707807 0.0485817 0.0444815 0.0726116 0.0677291 0.0671117 0.0699574 0.0510315 0.0000000 0.0833554 0.0809849 0.0640415 0.0547780 0.0533943 0.0214196 0.0494994 0.0125542 0.0498245 0.0455472 0.0481489 0.0735192 0.0649601 0.0760892 
Didelphidae_Didelphis_virginiana             0.0764287 0.0881531 0.0820233 0.0816501 0.0813728 0.0870394 0.0877156 0.0801185 0.0807707 0.0937239 0.0791665 0.0906212 0.0926050 0.0836549 0.0822054 0.0962193 0.0891640 0.0913110 0.0901197 0.0798269 0.0833554 0.0000000 0.0337182 0.0887182 0.0879927 0.0738857 0.0823378 0.0770792 0.0846699 0.0927563 0.0835672 0.0825712 0.0932714 0.0860498 0.0936263 
Marmosidae_Monodelphis_domestica             0.0741617 0.0873597 0.0800230 0.0808375 0.0807326 0.0787431 0.0864181 0.0775666 0.0821231 0.0912246 0.0773725 0.0815886 0.0880654 0.0813339 0.0800251 0.0877898 0.0844188 0.0855671 0.0871206 0.0786219 0.0809849 0.0337182 0.0000000 0.0804181 0.0867493 0.0713519 0.0769453 0.0777783 0.0795875 0.0865542 0.0818351 0.0800695 0.0886447 0.0809196 0.0909402 
Dasyuridae_Antechinus_stuartii               0.0592312 0.0723894 0.0659824 0.0687368 0.0680424 0.0138783 0.0673518 0.0627798 0.0694606 0.0790387 0.0645940 0.0093875 0.0289560 0.0661033 0.0641355 0.0142029 0.0183408 0.0227550 0.0734728 0.0666125 0.0640415 0.0887182 0.0804181 0.0000000 0.0745237 0.0573151 0.0619372 0.0669171 0.0633664 0.0820826 0.0677221 0.0654708 0.0766831 0.0165958 0.0792627 
Hypsiprymnodontidae_Hypsiprymnodon_moschatus 0.0443660 0.0708545 0.0579143 0.0286782 0.0282677 0.0712974 0.0529946 0.0486546 0.0301585 0.0748837 0.0475759 0.0769627 0.0748209 0.0506602 0.0502712 0.0807112 0.0730842 0.0734638 0.0720720 0.0285196 0.0547780 0.0879927 0.0867493 0.0745237 0.0000000 0.0569995 0.0511358 0.0283263 0.0550047 0.0616657 0.0524413 0.0511403 0.0744193 0.0708834 0.0753458 
Microbiotheriidae_Dromiciops_gliroides       0.0457790 0.0540480 0.0523734 0.0537319 0.0532899 0.0544267 0.0535296 0.0473154 0.0538759 0.0639282 0.0471913 0.0598699 0.0623872 0.0496379 0.0520163 0.0665895 0.0590183 0.0594462 0.0595845 0.0528642 0.0533943 0.0738857 0.0713519 0.0573151 0.0569995 0.0000000 0.0471415 0.0520294 0.0512828 0.0629933 0.0530349 0.0489681 0.0627297 0.0542304 0.0643258 
Pseudochiridae_Petauroides_volans            0.0409503 0.0633195 0.0525984 0.0496934 0.0497346 0.0602561 0.0471702 0.0430921 0.0508267 0.0735816 0.0429056 0.0647530 0.0670440 0.0452735 0.0411264 0.0705466 0.0651989 0.0645273 0.0693978 0.0477228 0.0214196 0.0823378 0.0769453 0.0619372 0.0511358 0.0471415 0.0000000 0.0489525 0.0208956 0.0503128 0.0426174 0.0441747 0.0729156 0.0625755 0.0737818 
Macropodidae_Wallabia_bicolor                0.0381811 0.0631288 0.0552964 0.0174201 0.0176413 0.0638757 0.0478865 0.0428003 0.0186699 0.0716844 0.0429758 0.0692272 0.0674122 0.0443069 0.0439402 0.0757297 0.0688828 0.0673090 0.0702085 0.0078553 0.0494994 0.0770792 0.0777783 0.0669171 0.0283263 0.0520294 0.0489525 0.0000000 0.0501560 0.0518314 0.0445595 0.0448069 0.0719234 0.0639517 0.0719369 
Pseudochiridae_Pseudocheirus_occidentalis    0.0431666 0.0627788 0.0548493 0.0527452 0.0544494 0.0632833 0.0498996 0.0461326 0.0548690 0.0786249 0.0449444 0.0660325 0.0716566 0.0483582 0.0426338 0.0712957 0.0669033 0.0671196 0.0728989 0.0516062 0.0125542 0.0846699 0.0795875 0.0633664 0.0550047 0.0512828 0.0208956 0.0501560 0.0000000 0.0489778 0.0443785 0.0479394 0.0763780 0.0646195 0.0788414 
Tarsipedidae_Tarsipes_rostratus              0.0561932 0.0789738 0.0641621 0.0535744 0.0549112 0.0772155 0.0590600 0.0493484 0.0544931 0.0836492 0.0511928 0.0855356 0.0801029 0.0540097 0.0505662 0.0918442 0.0834668 0.0762842 0.0819312 0.0528242 0.0498245 0.0927563 0.0865542 0.0820826 0.0616657 0.0629933 0.0503128 0.0518314 0.0489778 0.0000000 0.0533188 0.0539597 0.0839536 0.0783681 0.0842915 
Acrobatidae_Distoechurus_pennatus            0.0419605 0.0698859 0.0585971 0.0467700 0.0477686 0.0654859 0.0466492 0.0434411 0.0493247 0.0721060 0.0427475 0.0697802 0.0677018 0.0455999 0.0266368 0.0744618 0.0677725 0.0645002 0.0697714 0.0455360 0.0455472 0.0835672 0.0818351 0.0677221 0.0524413 0.0530349 0.0426174 0.0445595 0.0443785 0.0533188 0.0000000 0.0446640 0.0732628 0.0638040 0.0717506 
Phalangeridae_Phalanger_carmelitae           0.0390584 0.0652725 0.0539920 0.0469920 0.0475111 0.0614784 0.0170334 0.0079650 0.0476943 0.0668972 0.0072720 0.0679333 0.0667440 0.0028796 0.0441924 0.0751794 0.0681610 0.0647504 0.0654881 0.0459457 0.0481489 0.0825712 0.0800695 0.0654708 0.0511403 0.0489681 0.0441747 0.0448069 0.0479394 0.0539597 0.0446640 0.0000000 0.0684944 0.0620123 0.0670768 
Peramelidae_Peroryctes_raffrayana            0.0658509 0.0771804 0.0719586 0.0717247 0.0712895 0.0716448 0.0720036 0.0663586 0.0736852 0.0134306 0.0667219 0.0765844 0.0793378 0.0693448 0.0706843 0.0825758 0.0765726 0.0779110 0.0101998 0.0737750 0.0735192 0.0932714 0.0886447 0.0766831 0.0744193 0.0627297 0.0729156 0.0719234 0.0763780 0.0839536 0.0732628 0.0684944 0.0000000 0.0719786 0.0134672 
Dasyuridae_Dasyurus_geffroii                 0.0589721 0.0709872 0.0640406 0.0662110 0.0655346 0.0067566 0.0638190 0.0587936 0.0661156 0.0726052 0.0605158 0.0192333 0.0272813 0.0624619 0.0618497 0.0239954 0.0109344 0.0217853 0.0694557 0.0647007 0.0649601 0.0860498 0.0809196 0.0165958 0.0708834 0.0542304 0.0625755 0.0639517 0.0646195 0.0783681 0.0638040 0.0620123 0.0719786 0.0000000 0.0730582 
Peramelidae_Perameles_gunnii                 0.0677636 0.0780828 0.0769563 0.0702680 0.0700889 0.0729793 0.0720970 0.0652377 0.0727197 0.0003818 0.0652974 0.0800549 0.0785200 0.0682195 0.0708347 0.0882395 0.0779797 0.0773025 0.0133962 0.0737048 0.0760892 0.0936263 0.0909402 0.0792627 0.0753458 0.0643258 0.0737818 0.0719369 0.0788414 0.0842915 0.0717506 0.0670768 0.0134672 0.0730582 0.0000000 
