35
Burramyidae_Burramys_parvus                  0.0000000 0.1827052 0.0975758 0.1365810 0.1232443 0.1329781 0.0726212 0.0782259 0.1406605 0.1472702 0.1441841 0.1320249 0.0816308 0.1071305 0.1417517 0.1292439 0.0919125 0.1664796 0.1326262 0.1030033 0.1607260 0.1376322 0.1519599 0.1374208 0.0939017 0.1517761 0.0806630 0.1426411 0.0995613 0.0860028 0.1148963 0.1280186 0.1558016 0.0310138 0.0599168 
Notoryctidae_Notoryctes_typhlops             0.1827052 0.0000000 0.1751680 0.2473081 0.2373304 0.1907305 0.1636224 0.1817221 0.2392407 0.2008851 0.2134779 0.2001234 0.1765649 0.1681844 0.2091450 0.1939448 0.1566309 0.2184465 0.2196053 0.1933372 0.2030470 0.2105113 0.2524870 0.1977522 0.1859567 0.2484581 0.1340227 0.1998856 0.1781802 0.1825911 0.1635141 0.1932190 0.2101917 0.1088195 0.1243561 
Vombatidae_Lasiorhinus_latifrons             0.0975758 0.1751680 0.0000000 0.1501332 0.1307757 0.1286886 0.0760550 0.0901555 0.1436732 0.1435475 0.1374360 0.1229233 0.0903776 0.1079962 0.1361146 0.1293873 0.0884426 0.1572383 0.1243991 0.1060710 0.1499642 0.1310504 0.1387003 0.1270751 0.0964069 0.1478970 0.0806153 0.1378815 0.1015515 0.0924066 0.1111146 0.1272693 0.1539700 0.0459426 0.0699691 
Potoroidae_Bettongia_penicillata             0.1365810 0.2473081 0.1501332 0.0000000 0.0197387 0.1969432 0.1223357 0.1340162 0.0489086 0.2006562 0.2051439 0.1924347 0.1381532 0.1134398 0.2033013 0.1982114 0.1481491 0.2095391 0.0512336 0.1379897 0.1954770 0.2011568 0.1271141 0.1980034 0.1374623 0.0752729 0.1137093 0.1878338 0.1410931 0.1431986 0.1575949 0.1887596 0.2036433 0.0594649 0.0753532 
Potoroidae_Bettongia_lesueur                 0.1232443 0.2373304 0.1307757 0.0197387 0.0000000 0.1791368 0.1068092 0.1186699 0.0516299 0.1827418 0.1896326 0.1764961 0.1226961 0.1062809 0.1859666 0.1818023 0.1346487 0.1924763 0.0489643 0.1245119 0.1811356 0.1841012 0.1100924 0.1839425 0.1197985 0.0755935 0.1031177 0.1635310 0.1216008 0.1284688 0.1478754 0.1729976 0.1862601 0.0504603 0.0678714 
Dasyuridae_Dasyurus_maculatus                0.1329781 0.1907305 0.1286886 0.1969432 0.1791368 0.0000000 0.1302918 0.1297826 0.2023860 0.1579353 0.0449997 0.0571330 0.1364897 0.1544651 0.0422856 0.0179306 0.0366177 0.1797201 0.1819878 0.1442077 0.1685103 0.0359000 0.2120354 0.1494950 0.1365322 0.2152847 0.0986414 0.1753741 0.1433793 0.1428281 0.1298905 0.0139725 0.1607553 0.0714601 0.0620282 
Phalangeridae_Trichosurus_vulpecula          0.0726212 0.1636224 0.0760550 0.1223357 0.1068092 0.1302918 0.0000000 0.0328814 0.1228706 0.1334900 0.1426592 0.1282619 0.0353975 0.0900965 0.1386990 0.1297260 0.0874552 0.1471102 0.1171511 0.0879189 0.1545539 0.1309786 0.1309071 0.1319253 0.0852450 0.1307028 0.0696396 0.1238932 0.0865617 0.0353547 0.1077913 0.1237421 0.1368130 0.0205277 0.0683187 
Phalangeridae_Spilocuscus_maculatus          0.0782259 0.1817221 0.0901555 0.1340162 0.1186699 0.1297826 0.0328814 0.0000000 0.1383966 0.1446206 0.1467431 0.1366342 0.0216156 0.1027149 0.1435261 0.1318177 0.0956275 0.1596106 0.1308461 0.0928084 0.1626393 0.1349036 0.1407667 0.1448761 0.0912230 0.1505696 0.0729579 0.1293701 0.0940413 0.0260734 0.1164236 0.1249824 0.1501220 0.0069346 0.0617812 
Potoroidae_Aepyprymnus_rufescens             0.1406605 0.2392407 0.1436732 0.0489086 0.0516299 0.2023860 0.1228706 0.1383966 0.0000000 0.1963907 0.2121689 0.1924476 0.1402774 0.1120610 0.2099647 0.2063111 0.1535462 0.2115920 0.0539140 0.1429317 0.1934936 0.2069606 0.1198917 0.2058470 0.1323156 0.0564123 0.1155080 0.1913715 0.1330505 0.1446916 0.1635911 0.1993333 0.1974731 0.0611991 0.0791286 
Peramelidae_Perameles_nasuta                 0.1472702 0.2008851 0.1435475 0.2006562 0.1827418 0.1579353 0.1334900 0.1446206 0.1963907 0.0000000 0.1747453 0.1604723 0.1466486 0.1597947 0.1716558 0.1616600 0.1217924 0.0329251 0.1826638 0.1663183 0.1858635 0.1696741 0.2116836 0.1698473 0.1532456 0.2113254 0.1261570 0.2066017 0.1478330 0.1516623 0.0184211 0.1566789 0.0000010 0.0484412 0.0574675 
Dasyuridae_Phascogale_tapoatafa              0.1441841 0.2134779 0.1374360 0.2051439 0.1896326 0.0449997 0.1426592 0.1467431 0.2121689 0.1747453 0.0000000 0.0646418 0.1523018 0.1732604 0.0099988 0.0403614 0.0478726 0.1948400 0.1929954 0.1649753 0.1873517 0.0227805 0.2224922 0.1636338 0.1584088 0.2234166 0.1150670 0.1888633 0.1590912 0.1595932 0.1408945 0.0396091 0.1757161 0.0826075 0.0678424 
Dasyuridae_Sminthopsis_macroura              0.1320249 0.2001234 0.1229233 0.1924347 0.1764961 0.0571330 0.1282619 0.1366342 0.1924476 0.1604723 0.0646418 0.0000000 0.1380069 0.1594813 0.0626285 0.0588436 0.0318626 0.1811092 0.1761867 0.1425052 0.1595962 0.0565469 0.2008391 0.1547190 0.1401729 0.2031692 0.0974543 0.1813565 0.1391334 0.1450711 0.1333517 0.0543331 0.1639757 0.0695259 0.0566912 
Phalangeridae_Phalanger_orientalis           0.0816308 0.1765649 0.0903776 0.1381532 0.1226961 0.1364897 0.0353975 0.0216156 0.1402774 0.1466486 0.1523018 0.1380069 0.0000000 0.1030526 0.1474756 0.1379083 0.0880666 0.1616791 0.1296007 0.0971510 0.1676597 0.1392786 0.1421885 0.1408823 0.0899673 0.1498300 0.0744279 0.1220483 0.0943251 0.0115707 0.1162282 0.1323923 0.1541459 0.0073336 0.0636622 
Acrobatidae_Acrobates_pygmaeus               0.1071305 0.1681844 0.1079962 0.1134398 0.1062809 0.1544651 0.0900965 0.1027149 0.1120610 0.1597947 0.1732604 0.1594813 0.1030526 0.0000000 0.1666100 0.1576554 0.1216817 0.1700060 0.1066783 0.0997666 0.1572228 0.1628974 0.1509833 0.1522426 0.0905382 0.1277511 0.0833260 0.1306567 0.0522241 0.1043119 0.1273316 0.1506207 0.1670362 0.0391623 0.0611685 
Dasyuridae_Phascogale_calura                 0.1417517 0.2091450 0.1361146 0.2033013 0.1859666 0.0422856 0.1386990 0.1435261 0.2099647 0.1716558 0.0099988 0.0626285 0.1474756 0.1666100 0.0000000 0.0371859 0.0479335 0.1906445 0.1893432 0.1600724 0.1845770 0.0187714 0.2190939 0.1592753 0.1522785 0.2223083 0.1128987 0.1870948 0.1543969 0.1539698 0.1388054 0.0356074 0.1747490 0.0802647 0.0665401 
Dasyuridae_Sarcophilus_harrisii              0.1292439 0.1939448 0.1293873 0.1982114 0.1818023 0.0179306 0.1297260 0.1318177 0.2063111 0.1616600 0.0403614 0.0588436 0.1379083 0.1576554 0.0371859 0.0000000 0.0425289 0.1815870 0.1881916 0.1486976 0.1729583 0.0312272 0.2169324 0.1426285 0.1444399 0.2143854 0.1068931 0.1831322 0.1510042 0.1433810 0.1322161 0.0093484 0.1664851 0.0719767 0.0596550 
Dasyuridae_Planigale_tenuirostris            0.0919125 0.1566309 0.0884426 0.1481491 0.1346487 0.0366177 0.0874552 0.0956275 0.1535462 0.1217924 0.0478726 0.0318626 0.0880666 0.1216817 0.0479335 0.0425289 0.0000000 0.1363295 0.1385366 0.1107120 0.1264920 0.0439201 0.1494838 0.1065152 0.1049113 0.1554148 0.1069474 0.1169276 0.1086106 0.1032271 0.1303728 0.0374322 0.1195519 0.0371982 0.0378686 
Peramelidae_Echymipera_kalubu                0.1664796 0.2184465 0.1572383 0.2095391 0.1924763 0.1797201 0.1471102 0.1596106 0.2115920 0.0329251 0.1948400 0.1811092 0.1616791 0.1700060 0.1906445 0.1815870 0.1363295 0.0000000 0.1932946 0.1732631 0.1864715 0.1918279 0.2137437 0.1756019 0.1669486 0.2248052 0.1307357 0.2065471 0.1613665 0.1648555 0.0272142 0.1768609 0.0281682 0.0674786 0.0695186 
Macropodidae_Dorcopsulus_vanheurni           0.1326262 0.2196053 0.1243991 0.0512336 0.0489643 0.1819878 0.1171511 0.1308461 0.0539140 0.1826638 0.1929954 0.1761867 0.1296007 0.1066783 0.1893432 0.1881916 0.1385366 0.1932946 0.0000000 0.1377841 0.1697403 0.1865455 0.1178181 0.1875394 0.1224509 0.0393259 0.1050730 0.1705731 0.1230941 0.1354059 0.1469271 0.1810832 0.1813781 0.0472597 0.0635163 
Pseudochiridae_Pseudochirulus_forbesi        0.1030033 0.1933372 0.1060710 0.1379897 0.1245119 0.1442077 0.0879189 0.0928084 0.1429317 0.1663183 0.1649753 0.1425052 0.0971510 0.0997666 0.1600724 0.1486976 0.1107120 0.1732631 0.1377841 0.0000000 0.1619439 0.1540712 0.1485872 0.1525483 0.0477910 0.1569906 0.0196325 0.1044603 0.0968671 0.1007677 0.1313041 0.1395286 0.1702643 0.0494905 0.0705344 
Marmosidae_Monodelphis_domestica             0.1607260 0.2030470 0.1499642 0.1954770 0.1811356 0.1685103 0.1545539 0.1626393 0.1934936 0.1858635 0.1873517 0.1595962 0.1676597 0.1572228 0.1845770 0.1729583 0.1264920 0.1864715 0.1697403 0.1619439 0.0000000 0.1824151 0.2147352 0.1698774 0.1465007 0.2012937 0.1186764 0.1822391 0.1577997 0.1665053 0.1435817 0.1672455 0.1867564 0.0716135 0.0278831 
Dasyuridae_Antechinus_stuartii               0.1376322 0.2105113 0.1310504 0.2011568 0.1841012 0.0359000 0.1309786 0.1349036 0.2069606 0.1696741 0.0227805 0.0565469 0.1392786 0.1628974 0.0187714 0.0312272 0.0439201 0.1918279 0.1865455 0.1540712 0.1824151 0.0000000 0.2139562 0.1583345 0.1501902 0.2165447 0.1096785 0.1829414 0.1499526 0.1465466 0.1370693 0.0293525 0.1750177 0.0781589 0.0678629 
Hypsiprymnodontidae_Hypsiprymnodon_moschatus 0.1519599 0.2524870 0.1387003 0.1271141 0.1100924 0.2120354 0.1309071 0.1407667 0.1198917 0.2116836 0.2224922 0.2008391 0.1421885 0.1509833 0.2190939 0.2169324 0.1494838 0.2137437 0.1178181 0.1485872 0.2147352 0.2139562 0.0000000 0.2097320 0.1372512 0.1387760 0.1168880 0.1913824 0.1443043 0.1463316 0.1773806 0.2077858 0.2044288 0.0733772 0.1029706 
Microbiotheriidae_Dromiciops_gliroides       0.1374208 0.1977522 0.1270751 0.1980034 0.1839425 0.1494950 0.1319253 0.1448761 0.2058470 0.1698473 0.1636338 0.1547190 0.1408823 0.1522426 0.1592753 0.1426285 0.1065152 0.1756019 0.1875394 0.1525483 0.1698774 0.1583345 0.2097320 0.0000000 0.1416508 0.2095242 0.1134859 0.1833993 0.1465836 0.1454623 0.1340072 0.1413307 0.1730701 0.0778258 0.0699732 
Pseudochiridae_Petauroides_volans            0.0939017 0.1859567 0.0964069 0.1374623 0.1197985 0.1365322 0.0852450 0.0912230 0.1323156 0.1532456 0.1584088 0.1401729 0.0899673 0.0905382 0.1522785 0.1444399 0.1049113 0.1669486 0.1224509 0.0477910 0.1465007 0.1501902 0.1372512 0.1416508 0.0000000 0.1433365 0.0334426 0.0964913 0.0762709 0.0955842 0.1198772 0.1363746 0.1556130 0.0399417 0.0649455 
Macropodidae_Wallabia_bicolor                0.1517761 0.2484581 0.1478970 0.0752729 0.0755935 0.2152847 0.1307028 0.1505696 0.0564123 0.2113254 0.2234166 0.2031692 0.1498300 0.1277511 0.2223083 0.2143854 0.1554148 0.2248052 0.0393259 0.1569906 0.2012937 0.2165447 0.1387760 0.2095242 0.1433365 0.0000000 0.1209241 0.1952880 0.1492177 0.1556347 0.1719027 0.2123447 0.2132058 0.0738660 0.0956755 
Pseudochiridae_Pseudocheirus_occidentalis    0.0806630 0.1340227 0.0806153 0.1137093 0.1031177 0.0986414 0.0696396 0.0729579 0.1155080 0.1261570 0.1150670 0.0974543 0.0744279 0.0833260 0.1128987 0.1068931 0.1069474 0.1307357 0.1050730 0.0196325 0.1186764 0.1096785 0.1168880 0.1134859 0.0334426 0.1209241 0.0000000 0.0790407 0.0728724 0.0799639 0.1246364 0.0991257 0.1192058 0.0365488 0.0513742 
Tarsipedidae_Tarsipes_rostratus              0.1426411 0.1998856 0.1378815 0.1878338 0.1635310 0.1753741 0.1238932 0.1293701 0.1913715 0.2066017 0.1888633 0.1813565 0.1220483 0.1306567 0.1870948 0.1831322 0.1169276 0.2065471 0.1705731 0.1044603 0.1822391 0.1829414 0.1913824 0.1833993 0.0964913 0.1952880 0.0790407 0.0000000 0.1195119 0.1352195 0.1617257 0.1776048 0.2016851 0.0530092 0.0757451 
Acrobatidae_Distoechurus_pennatus            0.0995613 0.1781802 0.1015515 0.1410931 0.1216008 0.1433793 0.0865617 0.0940413 0.1330505 0.1478330 0.1590912 0.1391334 0.0943251 0.0522241 0.1543969 0.1510042 0.1086106 0.1613665 0.1230941 0.0968671 0.1577997 0.1499526 0.1443043 0.1465836 0.0762709 0.1492177 0.0728724 0.1195119 0.0000000 0.0983869 0.1163240 0.1441037 0.1530310 0.0418307 0.0651652 
Phalangeridae_Phalanger_carmelitae           0.0860028 0.1825911 0.0924066 0.1431986 0.1284688 0.1428281 0.0353547 0.0260734 0.1446916 0.1516623 0.1595932 0.1450711 0.0115707 0.1043119 0.1539698 0.1433810 0.1032271 0.1648555 0.1354059 0.1007677 0.1665053 0.1465466 0.1463316 0.1454623 0.0955842 0.1556347 0.0799639 0.1352195 0.0983869 0.0000000 0.1205435 0.1379089 0.1595959 0.0143781 0.0721475 
Peramelidae_Peroryctes_raffrayana            0.1148963 0.1635141 0.1111146 0.1575949 0.1478754 0.1298905 0.1077913 0.1164236 0.1635911 0.0184211 0.1408945 0.1333517 0.1162282 0.1273316 0.1388054 0.1322161 0.1303728 0.0272142 0.1469271 0.1313041 0.1435817 0.1370693 0.1773806 0.1340072 0.1198772 0.1719027 0.1246364 0.1617257 0.1163240 0.1205435 0.0000000 0.1284333 0.0176782 0.0342082 0.0419477 
Dasyuridae_Dasyurus_geffroii                 0.1280186 0.1932190 0.1272693 0.1887596 0.1729976 0.0139725 0.1237421 0.1249824 0.1993333 0.1566789 0.0396091 0.0543331 0.1323923 0.1506207 0.0356074 0.0093484 0.0374322 0.1768609 0.1810832 0.1395286 0.1672455 0.0293525 0.2077858 0.1413307 0.1363746 0.2123447 0.0991257 0.1776048 0.1441037 0.1379089 0.1284333 0.0000000 0.1632970 0.0738068 0.0601662 
Peramelidae_Perameles_gunnii                 0.1558016 0.2101917 0.1539700 0.2036433 0.1862601 0.1607553 0.1368130 0.1501220 0.1974731 0.0000010 0.1757161 0.1639757 0.1541459 0.1670362 0.1747490 0.1664851 0.1195519 0.0281682 0.1813781 0.1702643 0.1867564 0.1750177 0.2044288 0.1730701 0.1556130 0.2132058 0.1192058 0.2016851 0.1530310 0.1595959 0.0176782 0.1632970 0.0000000 0.0661354 0.0686199 
Phalangeridae_Strigocuscus_pelengensis       0.0310138 0.1088195 0.0459426 0.0594649 0.0504603 0.0714601 0.0205277 0.0069346 0.0611991 0.0484412 0.0826075 0.0695259 0.0073336 0.0391623 0.0802647 0.0719767 0.0371982 0.0674786 0.0472597 0.0494905 0.0716135 0.0781589 0.0733772 0.0778258 0.0399417 0.0738660 0.0365488 0.0530092 0.0418307 0.0143781 0.0342082 0.0738068 0.0661354 0.0000000 0.0593048 
Didelphidae_Didelphis_virginiana             0.0599168 0.1243561 0.0699691 0.0753532 0.0678714 0.0620282 0.0683187 0.0617812 0.0791286 0.0574675 0.0678424 0.0566912 0.0636622 0.0611685 0.0665401 0.0596550 0.0378686 0.0695186 0.0635163 0.0705344 0.0278831 0.0678629 0.1029706 0.0699732 0.0649455 0.0956755 0.0513742 0.0757451 0.0651652 0.0721475 0.0419477 0.0601662 0.0686199 0.0593048 0.0000000 
