37
Burramyidae_Burramys_parvus                  0.0000000 0.0915141 0.0627271 0.0685668 0.0649170 0.0755686 0.0511364 0.0480436 0.0677279 0.0921233 0.0477119 0.0729582 0.0720114 0.0484894 0.0632211 0.0709308 0.0744106 0.0733350 0.1096097 0.0642023 0.0637456 0.0832897 0.0845044 0.0678259 0.0701367 0.0681428 0.0636853 0.0603316 0.0550667 0.0909655 0.0769827 0.0475098 0.0910484 0.0783965 0.0870189 0.0795264 0.0795264 
Notoryctidae_Notoryctes_typhlops             0.0915141 0.0000000 0.0841153 0.1268565 0.1204479 0.0951423 0.1025711 0.1102721 0.1229456 0.0961307 0.1044361 0.0936035 0.0927339 0.1075287 0.1174524 0.0921203 0.0955329 0.0920003 0.1113030 0.1229615 0.0993881 0.1036150 0.1033166 0.0863544 0.1219097 0.0759793 0.1163101 0.1171889 0.0970297 0.1344573 0.1250603 0.1072702 0.0995763 0.0967498 0.1001914 0.1350722 0.1350722 
Vombatidae_Lasiorhinus_latifrons             0.0627271 0.0841153 0.0000000 0.0922297 0.0883233 0.0819873 0.0749257 0.0750099 0.0851100 0.0933621 0.0738265 0.0833910 0.0808872 0.0742132 0.0807850 0.0827741 0.0827023 0.0799001 0.1108834 0.0881544 0.0797053 0.0860606 0.0889401 0.0783829 0.0943215 0.0684729 0.0857485 0.0845833 0.0722323 0.1195923 0.0920285 0.0740579 0.0891993 0.0831968 0.0895998 0.0956464 0.0956464 
Potoroidae_Bettongia_penicillata             0.0685668 0.1268565 0.0922297 0.0000000 0.0052244 0.1056526 0.0848738 0.0818133 0.0149957 0.1296409 0.0821860 0.1021954 0.1068095 0.0814684 0.0869536 0.1003510 0.1051656 0.1054285 0.1408991 0.0225721 0.0863182 0.1127189 0.1147025 0.0981894 0.0454431 0.0890130 0.0814379 0.0224225 0.0753639 0.1166057 0.0980158 0.0811504 0.1244283 0.1089864 0.1196789 0.1049631 0.1049631 
Potoroidae_Bettongia_lesueur                 0.0649170 0.1204479 0.0883233 0.0052244 0.0000000 0.1030281 0.0816697 0.0782596 0.0134964 0.1248419 0.0788860 0.0995500 0.1042068 0.0776407 0.0836553 0.0977868 0.1025817 0.1041657 0.1360749 0.0210239 0.0808092 0.1085688 0.1105290 0.0956447 0.0437459 0.0864515 0.0794015 0.0208510 0.0717212 0.1100852 0.0940413 0.0773657 0.1203290 0.1076206 0.1167174 0.0976165 0.0976165 
Dasyuridae_Dasyurus_maculatus                0.0755686 0.0951423 0.0819873 0.1056526 0.1030281 0.0000000 0.0947755 0.0914723 0.1041234 0.0946618 0.0924176 0.0187423 0.0245698 0.0963622 0.1015579 0.0178934 0.0053425 0.0240090 0.1120089 0.1051857 0.0979080 0.0914769 0.0907123 0.0143188 0.1067013 0.0646321 0.1073880 0.0994170 0.0858801 0.1307548 0.1082197 0.0966151 0.0878953 0.0069273 0.0907626 0.0404456 0.0404456 
Phalangeridae_Trichosurus_vulpecula          0.0511364 0.1025711 0.0749257 0.0848738 0.0816697 0.0947755 0.0000000 0.0491471 0.0845459 0.1105037 0.0401047 0.0925333 0.0871209 0.0498606 0.0718663 0.0890772 0.0945557 0.0853662 0.1291363 0.0815122 0.0748027 0.0964015 0.0978403 0.0870250 0.0869366 0.0738051 0.0760833 0.0761968 0.0679990 0.1123517 0.0877974 0.0477520 0.1085312 0.0973118 0.1025581 0.0727106 0.0727106 
Phalangeridae_Spilocuscus_maculatus          0.0480436 0.1102721 0.0750099 0.0818133 0.0782596 0.0914723 0.0491471 0.0000000 0.0815803 0.1067017 0.0232313 0.0920763 0.0892762 0.0130745 0.0726677 0.0907494 0.0918388 0.0900909 0.1265778 0.0801908 0.0702405 0.0986226 0.0999740 0.0871394 0.0828087 0.0753816 0.0721050 0.0732785 0.0644441 0.1052281 0.0822778 0.0118601 0.1030245 0.0904084 0.0977103 0.0733236 0.0733236 
Potoroidae_Aepyprymnus_rufescens             0.0677279 0.1229456 0.0851100 0.0149957 0.0134964 0.1041234 0.0845459 0.0815803 0.0000000 0.1280713 0.0820249 0.1011883 0.1052916 0.0800856 0.0853153 0.0994436 0.1030210 0.1045799 0.1384914 0.0230098 0.0823336 0.1098827 0.1137909 0.0972947 0.0469179 0.0881875 0.0786595 0.0218307 0.0707961 0.1134369 0.0988193 0.0810734 0.1191519 0.1080653 0.1162739 0.1061982 0.1061982 
Peramelidae_Perameles_nasuta                 0.0921233 0.0961307 0.0933621 0.1296409 0.1248419 0.0946618 0.1105037 0.1067017 0.1280713 0.0000000 0.1005797 0.0903692 0.0906630 0.1063691 0.1188245 0.0932419 0.0931796 0.0902054 0.0205258 0.1277435 0.1046068 0.1015325 0.0958800 0.0873173 0.1168491 0.0792268 0.1198741 0.1236718 0.0971204 0.1358090 0.1190265 0.1084916 0.0133773 0.0941748 0.0000010 0.0978688 0.0978688 
Phalangeridae_Strigocuscus_pelengensis       0.0477119 0.1044361 0.0738265 0.0821860 0.0788860 0.0924176 0.0401047 0.0232313 0.0820249 0.1005797 0.0000000 0.0913446 0.0872313 0.0256227 0.0704361 0.0892153 0.0923957 0.0876232 0.1201854 0.0800509 0.0745483 0.0920875 0.0940069 0.0858766 0.0838332 0.0761873 0.0771375 0.0754320 0.0659104 0.1085110 0.0825304 0.0245238 0.1003680 0.0954366 0.0942290 0.0675161 0.0675161 
Dasyuridae_Phascogale_tapoatafa              0.0729582 0.0936035 0.0833910 0.1021954 0.0995500 0.0187423 0.0925333 0.0920763 0.1011883 0.0903692 0.0913446 0.0000000 0.0233047 0.0954113 0.1027758 0.0054025 0.0181230 0.0225437 0.1080376 0.1004356 0.0882386 0.0917490 0.0916100 0.0104325 0.1026090 0.0692890 0.0991618 0.0952138 0.0857492 0.1249856 0.1093514 0.0956767 0.0904843 0.0203070 0.0882254 0.0470131 0.0470131 
Dasyuridae_Sminthopsis_macroura              0.0720114 0.0927339 0.0808872 0.1068095 0.1042068 0.0245698 0.0871209 0.0892762 0.1052916 0.0906630 0.0872313 0.0233047 0.0000000 0.0903818 0.0982382 0.0216039 0.0236562 0.0164097 0.1073523 0.1037848 0.0972516 0.0901657 0.0887318 0.0175499 0.1046325 0.0675210 0.1020342 0.0985620 0.0856482 0.1326593 0.1080697 0.0906837 0.0861653 0.0274415 0.0875231 0.0597236 0.0597236 
Phalangeridae_Phalanger_orientalis           0.0484894 0.1075287 0.0742132 0.0814684 0.0776407 0.0963622 0.0498606 0.0130745 0.0800856 0.1063691 0.0256227 0.0954113 0.0903818 0.0000000 0.0740390 0.0929771 0.0961219 0.0948585 0.1265072 0.0806080 0.0727045 0.0960514 0.0978283 0.0896102 0.0837449 0.0774354 0.0768886 0.0750192 0.0626319 0.1081174 0.0870714 0.0063063 0.1051238 0.0995460 0.0988261 0.0809726 0.0809726 
Acrobatidae_Acrobates_pygmaeus               0.0632211 0.1174524 0.0807850 0.0869536 0.0836553 0.1015579 0.0718663 0.0726677 0.0853153 0.1188245 0.0704361 0.1027758 0.0982382 0.0740390 0.0000000 0.1006573 0.0992557 0.0965483 0.1382999 0.0834704 0.0654995 0.1054442 0.1021920 0.0971902 0.0897996 0.0802775 0.0635507 0.0794147 0.0523702 0.0961710 0.0419916 0.0721388 0.1106793 0.1023681 0.1084785 0.1227417 0.1227417 
Dasyuridae_Phascogale_calura                 0.0709308 0.0921203 0.0827741 0.1003510 0.0977868 0.0178934 0.0890772 0.0907494 0.0994436 0.0932419 0.0892153 0.0054025 0.0216039 0.0929771 0.1006573 0.0000000 0.0165997 0.0197007 0.1102672 0.0986527 0.0922432 0.0903088 0.0901105 0.0086532 0.1026530 0.0689359 0.1016913 0.0938852 0.0856840 0.1256399 0.1088400 0.0933151 0.0892157 0.0201141 0.0896403 0.0473284 0.0473284 
Dasyuridae_Sarcophilus_harrisii              0.0744106 0.0955329 0.0827023 0.1051656 0.1025817 0.0053425 0.0945557 0.0918388 0.1030210 0.0931796 0.0923957 0.0181230 0.0236562 0.0961219 0.0992557 0.0165997 0.0000000 0.0229979 0.1124873 0.1040677 0.0959174 0.0924887 0.0910456 0.0130836 0.1068314 0.0679891 0.1064114 0.0994636 0.0844484 0.1301764 0.1066470 0.0963735 0.0853251 0.0078777 0.0894526 0.0414006 0.0414006 
Dasyuridae_Planigale_tenuirostris            0.0733350 0.0920003 0.0799001 0.1054285 0.1041657 0.0240090 0.0853662 0.0900909 0.1045799 0.0902054 0.0876232 0.0225437 0.0164097 0.0948585 0.0965483 0.0197007 0.0229979 0.0000000 0.1046699 0.1045154 0.0947897 0.0877996 0.0891232 0.0169409 0.1060511 0.0668173 0.0990662 0.0985017 0.0865763 0.1259939 0.1071714 0.0922040 0.0830175 0.0248605 0.0864537 0.0369823 0.0369823 
Peramelidae_Echymipera_kalubu                0.1096097 0.1113030 0.1108834 0.1408991 0.1360749 0.1120089 0.1291363 0.1265778 0.1384914 0.0205258 0.1201854 0.1080376 0.1073523 0.1265072 0.1382999 0.1102672 0.1124873 0.1046699 0.0000000 0.1400265 0.1239997 0.1193866 0.1095244 0.1043479 0.1286216 0.0947404 0.1360154 0.1361715 0.1194252 0.1533560 0.1369025 0.1281601 0.0209247 0.1133177 0.0199587 0.1191674 0.1191674 
Macropodidae_Dorcopsulus_vanheurni           0.0642023 0.1229615 0.0881544 0.0225721 0.0210239 0.1051857 0.0815122 0.0801908 0.0230098 0.1277435 0.0800509 0.1004356 0.1037848 0.0806080 0.0834704 0.0986527 0.1040677 0.1045154 0.1400265 0.0000000 0.0837859 0.1126939 0.1133596 0.0965129 0.0414501 0.0869011 0.0782391 0.0057829 0.0700979 0.1163324 0.0950796 0.0803762 0.1200487 0.1091404 0.1168790 0.1110144 0.1110144 
Pseudochiridae_Pseudochirulus_forbesi        0.0637456 0.0993881 0.0797053 0.0863182 0.0808092 0.0979080 0.0748027 0.0702405 0.0823336 0.1046068 0.0745483 0.0882386 0.0972516 0.0727045 0.0654995 0.0922432 0.0959174 0.0947897 0.1239997 0.0837859 0.0000000 0.1058074 0.1019016 0.0897518 0.0851661 0.0748105 0.0497251 0.0804617 0.0233562 0.0666182 0.0715331 0.0733562 0.1023602 0.0959539 0.1051594 0.0882014 0.0882014 
Didelphidae_Didelphis_virginiana             0.0832897 0.1036150 0.0860606 0.1127189 0.1085688 0.0914769 0.0964015 0.0986226 0.1098827 0.1015325 0.0920875 0.0917490 0.0901657 0.0960514 0.1054442 0.0903088 0.0924887 0.0877996 0.1193866 0.1126939 0.1058074 0.0000000 0.0320351 0.0856888 0.1133436 0.0823280 0.1060244 0.1088400 0.0945421 0.1372693 0.1095101 0.0976358 0.0965745 0.0946077 0.0927921 0.1403377 0.1403377 
Marmosidae_Monodelphis_domestica             0.0845044 0.1033166 0.0889401 0.1147025 0.1105290 0.0907123 0.0978403 0.0999740 0.1137909 0.0958800 0.0940069 0.0916100 0.0887318 0.0978283 0.1021920 0.0901105 0.0910456 0.0891232 0.1095244 0.1133596 0.1019016 0.0320351 0.0000000 0.0855017 0.1140150 0.0806291 0.1060671 0.1101808 0.0990351 0.1336555 0.1089877 0.0975210 0.0937275 0.0957374 0.0934042 0.1303828 0.1303828 
Dasyuridae_Antechinus_stuartii               0.0678259 0.0863544 0.0783829 0.0981894 0.0956447 0.0143188 0.0870250 0.0871394 0.0972947 0.0873173 0.0858766 0.0104325 0.0175499 0.0896102 0.0971902 0.0086532 0.0130836 0.0169409 0.1043479 0.0965129 0.0897518 0.0856888 0.0855017 0.0000000 0.0992209 0.0663390 0.0968074 0.0917496 0.0817255 0.1225418 0.1053322 0.0899736 0.0827949 0.0164970 0.0838568 0.0475827 0.0475827 
Hypsiprymnodontidae_Hypsiprymnodon_moschatus 0.0701367 0.1219097 0.0943215 0.0454431 0.0437459 0.1067013 0.0869366 0.0828087 0.0469179 0.1168491 0.0838332 0.1026090 0.1046325 0.0837449 0.0897996 0.1026530 0.1068314 0.1060511 0.1286216 0.0414501 0.0851661 0.1133436 0.1140150 0.0992209 0.0000000 0.0887539 0.0838163 0.0410479 0.0756233 0.1216576 0.0994353 0.0834816 0.1193223 0.1084948 0.1117579 0.1024268 0.1024268 
Microbiotheriidae_Dromiciops_gliroides       0.0681428 0.0759793 0.0684729 0.0890130 0.0864515 0.0646321 0.0738051 0.0753816 0.0881875 0.0792268 0.0761873 0.0692890 0.0675210 0.0774354 0.0802775 0.0689359 0.0679891 0.0668173 0.0947404 0.0869011 0.0748105 0.0823280 0.0806291 0.0663390 0.0887539 0.0000000 0.0841233 0.0832354 0.0642651 0.1078738 0.0905674 0.0767601 0.0773503 0.0697506 0.0831947 0.0433711 0.0433711 
Pseudochiridae_Petauroides_volans            0.0636853 0.1163101 0.0857485 0.0814379 0.0794015 0.1073880 0.0760833 0.0721050 0.0786595 0.1198741 0.0771375 0.0991618 0.1020342 0.0768886 0.0635507 0.1016913 0.1064114 0.0990662 0.1360154 0.0782391 0.0497251 0.1060244 0.1060671 0.0968074 0.0838163 0.0841233 0.0000000 0.0755918 0.0372548 0.0878667 0.0730130 0.0755331 0.1061771 0.1072698 0.1115083 0.0893958 0.0893958 
Macropodidae_Wallabia_bicolor                0.0603316 0.1171889 0.0845833 0.0224225 0.0208510 0.0994170 0.0761968 0.0732785 0.0218307 0.1236718 0.0754320 0.0952138 0.0985620 0.0750192 0.0794147 0.0938852 0.0994636 0.0985017 0.1361715 0.0057829 0.0804617 0.1088400 0.1101808 0.0917496 0.0410479 0.0832354 0.0755918 0.0000000 0.0668047 0.1113486 0.0923261 0.0738776 0.1170433 0.1026656 0.1135006 0.1243031 0.1243031 
Pseudochiridae_Pseudocheirus_occidentalis    0.0550667 0.0970297 0.0722323 0.0753639 0.0717212 0.0858801 0.0679990 0.0644441 0.0707961 0.0971204 0.0659104 0.0857492 0.0856482 0.0626319 0.0523702 0.0856840 0.0844484 0.0865763 0.1194252 0.0700979 0.0233562 0.0945421 0.0990351 0.0817255 0.0756233 0.0642651 0.0372548 0.0668047 0.0000000 0.0745427 0.0645654 0.0625319 0.0944605 0.0854464 0.0888056 0.0927915 0.0927915 
Tarsipedidae_Tarsipes_rostratus              0.0909655 0.1344573 0.1195923 0.1166057 0.1100852 0.1307548 0.1123517 0.1052281 0.1134369 0.1358090 0.1085110 0.1249856 0.1326593 0.1081174 0.0961710 0.1256399 0.1301764 0.1259939 0.1533560 0.1163324 0.0666182 0.1372693 0.1336555 0.1225418 0.1216576 0.1078738 0.0878667 0.1113486 0.0745427 0.0000000 0.1119977 0.1072449 0.1434068 0.1289237 0.1423537 0.1364228 0.1364228 
Acrobatidae_Distoechurus_pennatus            0.0769827 0.1250603 0.0920285 0.0980158 0.0940413 0.1082197 0.0877974 0.0822778 0.0988193 0.1190265 0.0825304 0.1093514 0.1080697 0.0870714 0.0419916 0.1088400 0.1066470 0.1071714 0.1369025 0.0950796 0.0715331 0.1095101 0.1089877 0.1053322 0.0994353 0.0905674 0.0730130 0.0923261 0.0645654 0.1119977 0.0000000 0.0843919 0.1138525 0.1093611 0.1138675 0.1112881 0.1112881 
Phalangeridae_Phalanger_carmelitae           0.0475098 0.1072702 0.0740579 0.0811504 0.0773657 0.0966151 0.0477520 0.0118601 0.0810734 0.1084916 0.0245238 0.0956767 0.0906837 0.0063063 0.0721388 0.0933151 0.0963735 0.0922040 0.1281601 0.0803762 0.0733562 0.0976358 0.0975210 0.0899736 0.0834816 0.0767601 0.0755331 0.0738776 0.0625319 0.1072449 0.0843919 0.0000000 0.1053167 0.0984623 0.0990555 0.1150653 0.1150653 
Peramelidae_Peroryctes_raffrayana            0.0910484 0.0995763 0.0891993 0.1244283 0.1203290 0.0878953 0.1085312 0.1030245 0.1191519 0.0133773 0.1003680 0.0904843 0.0861653 0.1051238 0.1106793 0.0892157 0.0853251 0.0830175 0.0209247 0.1200487 0.1023602 0.0965745 0.0937275 0.0827949 0.1193223 0.0773503 0.1061771 0.1170433 0.0944605 0.1434068 0.1138525 0.1053167 0.0000000 0.0866625 0.0123527 0.1068854 0.1068854 
Dasyuridae_Dasyurus_geffroii                 0.0783965 0.0967498 0.0831968 0.1089864 0.1076206 0.0069273 0.0973118 0.0904084 0.1080653 0.0941748 0.0954366 0.0203070 0.0274415 0.0995460 0.1023681 0.0201141 0.0078777 0.0248605 0.1133177 0.1091404 0.0959539 0.0946077 0.0957374 0.0164970 0.1084948 0.0697506 0.1072698 0.1026656 0.0854464 0.1289237 0.1093611 0.0984623 0.0866625 0.0000000 0.0903545 0.0469520 0.0469520 
Peramelidae_Perameles_gunnii                 0.0870189 0.1001914 0.0895998 0.1196789 0.1167174 0.0907626 0.1025581 0.0977103 0.1162739 0.0000010 0.0942290 0.0882254 0.0875231 0.0988261 0.1084785 0.0896403 0.0894526 0.0864537 0.0199587 0.1168790 0.1051594 0.0927921 0.0934042 0.0838568 0.1117579 0.0831947 0.1115083 0.1135006 0.0888056 0.1423537 0.1138675 0.0990555 0.0123527 0.0903545 0.0000000 0.0978688 0.0978688 
Myrmecobiidae_Myrmecobius_fasciatus1         0.0795264 0.1350722 0.0956464 0.1049631 0.0976165 0.0404456 0.0727106 0.0733236 0.1061982 0.0978688 0.0675161 0.0470131 0.0597236 0.0809726 0.1227417 0.0473284 0.0414006 0.0369823 0.1191674 0.1110144 0.0882014 0.1403377 0.1303828 0.0475827 0.1024268 0.0433711 0.0893958 0.1243031 0.0927915 0.1364228 0.1112881 0.1150653 0.1068854 0.0469520 0.0978688 0.0000000 0.0000010 
Myrmecobiidae_Myrmecobius_fasciatus2         0.0795264 0.1350722 0.0956464 0.1049631 0.0976165 0.0404456 0.0727106 0.0733236 0.1061982 0.0978688 0.0675161 0.0470131 0.0597236 0.0809726 0.1227417 0.0473284 0.0414006 0.0369823 0.1191674 0.1110144 0.0882014 0.1403377 0.1303828 0.0475827 0.1024268 0.0433711 0.0893958 0.1243031 0.0927915 0.1364228 0.1112881 0.1150653 0.1068854 0.0469520 0.0978688 0.0000010 0.0000000 
