35
Burramyidae_Burramys_parvus                  0.0000000 0.0825779 0.0530013 0.0891200 0.0602939 0.0832556 0.0449277 0.0450942 0.0716801 0.0850139 0.0452216 0.0837383 0.0833355 0.0446266 0.0530220 0.0847739 0.0812114 0.0836858 0.0918601 0.0563070 0.0644765 0.1011698 0.0994226 0.0833491 0.0552343 0.0790231 0.0660340 0.0547878 0.0624690 0.0652338 0.0574665 0.0451229 0.0877397 0.0834916 0.0859237 
Notoryctidae_Notoryctes_typhlops             0.0825779 0.0000000 0.0725970 0.1241290 0.0921100 0.0814035 0.0740858 0.0764750 0.1047251 0.0941231 0.0764469 0.0846705 0.0825482 0.0760300 0.0806758 0.0854881 0.0818374 0.0826674 0.0990861 0.0832376 0.0926569 0.1200027 0.1113504 0.0820388 0.0819037 0.0850807 0.0953596 0.0812624 0.0890938 0.0939553 0.0855889 0.0758422 0.0942290 0.0813242 0.0952473 
Vombatidae_Lasiorhinus_latifrons             0.0530013 0.0725970 0.0000000 0.0904580 0.0625776 0.0735216 0.0473543 0.0479816 0.0712017 0.0772907 0.0475671 0.0737078 0.0732993 0.0498722 0.0565829 0.0760987 0.0741237 0.0718222 0.0831032 0.0575631 0.0633626 0.0954283 0.0895855 0.0719979 0.0548362 0.0708860 0.0669004 0.0552582 0.0640716 0.0667610 0.0625619 0.0478700 0.0797282 0.0733341 0.0783243 
Potoroidae_Bettongia_penicillata             0.0891200 0.1241290 0.0904580 0.0000000 0.0389397 0.1209538 0.0835029 0.0848490 0.0407205 0.1180491 0.0850616 0.1158069 0.1176410 0.0840881 0.0849425 0.1178363 0.1199300 0.1157365 0.1258524 0.0529436 0.0893977 0.1386055 0.1315766 0.1153063 0.0605662 0.1123628 0.0898455 0.0513404 0.0869871 0.0948764 0.0945506 0.0829502 0.1223757 0.1189743 0.1191093 
Potoroidae_Bettongia_lesueur                 0.0602939 0.0921100 0.0625776 0.0389397 0.0000000 0.0908084 0.0571904 0.0561244 0.0241903 0.0855994 0.0554415 0.0880360 0.0872373 0.0560635 0.0563029 0.0891881 0.0896073 0.0877536 0.0910442 0.0227657 0.0636814 0.0999188 0.0953218 0.0872890 0.0308689 0.0823978 0.0671166 0.0210689 0.0631067 0.0681743 0.0658817 0.0560639 0.0885634 0.0883423 0.0865803 
Dasyuridae_Dasyurus_maculatus                0.0832556 0.0814035 0.0735216 0.1209538 0.0908084 0.0000000 0.0808311 0.0819491 0.0979111 0.0918934 0.0807556 0.0173061 0.0211849 0.0822520 0.0791004 0.0183877 0.0068075 0.0174894 0.0946736 0.0840512 0.0927012 0.1169008 0.1102743 0.0166402 0.0832909 0.0815800 0.0926194 0.0813266 0.0870894 0.0935574 0.0900172 0.0816089 0.0924730 0.0025613 0.0928847 
Phalangeridae_Trichosurus_vulpecula          0.0449277 0.0740858 0.0473543 0.0835029 0.0571904 0.0808311 0.0000000 0.0138708 0.0668696 0.0803229 0.0172588 0.0773166 0.0760327 0.0157945 0.0527948 0.0786252 0.0805901 0.0758244 0.0880016 0.0511198 0.0624217 0.0979768 0.0904538 0.0747578 0.0513174 0.0686300 0.0603805 0.0485427 0.0597597 0.0595855 0.0556224 0.0150119 0.0833237 0.0810685 0.0823049 
Phalangeridae_Spilocuscus_maculatus          0.0450942 0.0764750 0.0479816 0.0848490 0.0561244 0.0819491 0.0138708 0.0000000 0.0665432 0.0792177 0.0091274 0.0810305 0.0801343 0.0073709 0.0516407 0.0818945 0.0816446 0.0778800 0.0848526 0.0502674 0.0616258 0.0949658 0.0880271 0.0792231 0.0512970 0.0744483 0.0604349 0.0479869 0.0575696 0.0565865 0.0551166 0.0069823 0.0814052 0.0821966 0.0812998 
Potoroidae_Aepyprymnus_rufescens             0.0716801 0.1047251 0.0712017 0.0407205 0.0241903 0.0979111 0.0668696 0.0665432 0.0000000 0.0972877 0.0658842 0.0943198 0.0937840 0.0657630 0.0668639 0.0961092 0.0975425 0.0942520 0.1039555 0.0338636 0.0736717 0.1164552 0.1151021 0.0943405 0.0406366 0.0932634 0.0717329 0.0323633 0.0706357 0.0783804 0.0749627 0.0661179 0.1016390 0.0971552 0.0983371 
Peramelidae_Perameles_nasuta                 0.0850139 0.0941231 0.0772907 0.1180491 0.0855994 0.0918934 0.0803229 0.0792177 0.0972877 0.0000000 0.0789923 0.0898258 0.0890156 0.0805091 0.0770159 0.0923754 0.0890868 0.0885624 0.0111206 0.0835179 0.0879576 0.1030047 0.1031285 0.0885009 0.0749877 0.0946523 0.0907597 0.0801254 0.0858493 0.0924492 0.0822179 0.0798642 0.0098197 0.0928205 0.0003189 
Phalangeridae_Strigocuscus_pelengensis       0.0452216 0.0764469 0.0475671 0.0850616 0.0554415 0.0807556 0.0172588 0.0091274 0.0658842 0.0789923 0.0000000 0.0803525 0.0785037 0.0114913 0.0526539 0.0816004 0.0804232 0.0755517 0.0858641 0.0476271 0.0621551 0.0927535 0.0866607 0.0767808 0.0515713 0.0700336 0.0604304 0.0459877 0.0576278 0.0579171 0.0564371 0.0097597 0.0814566 0.0818857 0.0810070 
Dasyuridae_Phascogale_tapoatafa              0.0837383 0.0846705 0.0737078 0.1158069 0.0880360 0.0173061 0.0773166 0.0810305 0.0943198 0.0898258 0.0803525 0.0000000 0.0197236 0.0809584 0.0810314 0.0028886 0.0169193 0.0185693 0.0929924 0.0827878 0.0884537 0.1150787 0.1105765 0.0077903 0.0802767 0.0813518 0.0925982 0.0796280 0.0876786 0.0915777 0.0904323 0.0803282 0.0923364 0.0169242 0.0903507 
Dasyuridae_Sminthopsis_macroura              0.0833355 0.0825482 0.0732993 0.1176410 0.0872373 0.0211849 0.0760327 0.0801343 0.0937840 0.0890156 0.0785037 0.0197236 0.0000000 0.0800802 0.0787887 0.0204522 0.0214585 0.0204262 0.0940102 0.0796359 0.0899248 0.1125107 0.1069062 0.0194124 0.0768297 0.0818254 0.0912511 0.0778886 0.0862749 0.0896637 0.0883614 0.0803324 0.0924377 0.0214877 0.0895464 
Phalangeridae_Phalanger_orientalis           0.0446266 0.0760300 0.0498722 0.0840881 0.0560635 0.0822520 0.0157945 0.0073709 0.0657630 0.0805091 0.0114913 0.0809584 0.0800802 0.0000000 0.0521499 0.0822926 0.0820031 0.0773294 0.0859642 0.0499156 0.0635810 0.0971579 0.0883170 0.0783485 0.0506166 0.0730139 0.0645111 0.0469731 0.0625801 0.0576739 0.0571126 0.0019071 0.0830153 0.0824893 0.0824369 
Acrobatidae_Acrobates_pygmaeus               0.0530220 0.0806758 0.0565829 0.0849425 0.0563029 0.0791004 0.0527948 0.0516407 0.0668639 0.0770159 0.0526539 0.0810314 0.0787887 0.0521499 0.0000000 0.0834912 0.0782172 0.0763887 0.0822582 0.0532025 0.0570667 0.1004045 0.0976992 0.0811223 0.0541202 0.0809801 0.0551605 0.0521285 0.0554437 0.0539759 0.0249601 0.0529425 0.0797840 0.0800335 0.0771190 
Dasyuridae_Phascogale_calura                 0.0847739 0.0854881 0.0760987 0.1178363 0.0891881 0.0183877 0.0786252 0.0818945 0.0961092 0.0923754 0.0816004 0.0028886 0.0204522 0.0822926 0.0834912 0.0000000 0.0179750 0.0200654 0.0955692 0.0838128 0.0909595 0.1165268 0.1119506 0.0081393 0.0818212 0.0828735 0.0942656 0.0811797 0.0901151 0.0927856 0.0920695 0.0816520 0.0949240 0.0173087 0.0928947 
Dasyuridae_Sarcophilus_harrisii              0.0812114 0.0818374 0.0741237 0.1199300 0.0896073 0.0068075 0.0805901 0.0816446 0.0975425 0.0890868 0.0804232 0.0169193 0.0214585 0.0820031 0.0782172 0.0179750 0.0000000 0.0177960 0.0923055 0.0837072 0.0918984 0.1138641 0.1088229 0.0162541 0.0808394 0.0822944 0.0931638 0.0806364 0.0865716 0.0922231 0.0895457 0.0813641 0.0901761 0.0064646 0.0896174 
Dasyuridae_Planigale_tenuirostris            0.0836858 0.0826674 0.0718222 0.1157365 0.0877536 0.0174894 0.0758244 0.0778800 0.0942520 0.0885624 0.0755517 0.0185693 0.0204262 0.0773294 0.0763887 0.0200654 0.0177960 0.0000000 0.0922155 0.0811003 0.0888865 0.1169147 0.1076934 0.0193198 0.0793556 0.0782177 0.0906715 0.0785365 0.0852539 0.0880683 0.0868254 0.0767039 0.0910678 0.0181743 0.0889089 
Peramelidae_Echymipera_kalubu                0.0918601 0.0990861 0.0831032 0.1258524 0.0910442 0.0946736 0.0880016 0.0848526 0.1039555 0.0111206 0.0858641 0.0929924 0.0940102 0.0859642 0.0822582 0.0955692 0.0923055 0.0922155 0.0000000 0.0867923 0.0925630 0.1059300 0.1076274 0.0916480 0.0784616 0.0955074 0.0959389 0.0850967 0.0906819 0.0961454 0.0893563 0.0852876 0.0104891 0.0951347 0.0110597 
Macropodidae_Dorcopsulus_vanheurni           0.0563070 0.0832376 0.0575631 0.0529436 0.0227657 0.0840512 0.0511198 0.0502674 0.0338636 0.0835179 0.0476271 0.0827878 0.0796359 0.0499156 0.0532025 0.0838128 0.0837072 0.0811003 0.0867923 0.0000000 0.0573473 0.1006579 0.0955080 0.0810430 0.0292679 0.0782499 0.0596642 0.0077450 0.0553384 0.0610090 0.0617889 0.0499531 0.0863197 0.0829868 0.0849219 
Pseudochiridae_Pseudochirulus_forbesi        0.0644765 0.0926569 0.0633626 0.0893977 0.0636814 0.0927012 0.0624217 0.0616258 0.0736717 0.0879576 0.0621551 0.0884537 0.0899248 0.0635810 0.0570667 0.0909595 0.0918984 0.0888865 0.0925630 0.0573473 0.0000000 0.1048949 0.1048229 0.0890006 0.0602926 0.0869086 0.0332582 0.0561035 0.0154717 0.0523340 0.0641343 0.0631205 0.0895995 0.0924588 0.0885424 
Didelphidae_Didelphis_virginiana             0.1011698 0.1200027 0.0954283 0.1386055 0.0999188 0.1169008 0.0979768 0.0949658 0.1164552 0.1030047 0.0927535 0.1150787 0.1125107 0.0971579 0.1004045 0.1165268 0.1138641 0.1169147 0.1059300 0.1006579 0.1048949 0.0000000 0.0483848 0.1145299 0.0986454 0.1040135 0.1085263 0.0981439 0.1005442 0.1077059 0.1012097 0.0946839 0.1065910 0.1168929 0.1029403 
Marmosidae_Monodelphis_domestica             0.0994226 0.1113504 0.0895855 0.1315766 0.0953218 0.1102743 0.0904538 0.0880271 0.1151021 0.1031285 0.0866607 0.1105765 0.1069062 0.0883170 0.0976992 0.1119506 0.1088229 0.1076934 0.1076274 0.0955080 0.1048229 0.0483848 0.0000000 0.1104993 0.0932726 0.0951533 0.1074903 0.0919600 0.0972144 0.1062040 0.0992196 0.0864628 0.1091443 0.1097475 0.1038121 
Dasyuridae_Antechinus_stuartii               0.0833491 0.0820388 0.0719979 0.1153063 0.0872890 0.0166402 0.0747578 0.0792231 0.0943405 0.0885009 0.0767808 0.0077903 0.0194124 0.0783485 0.0811223 0.0081393 0.0162541 0.0193198 0.0916480 0.0810430 0.0890006 0.1145299 0.1104993 0.0000000 0.0816178 0.0816846 0.0905746 0.0784100 0.0862066 0.0920427 0.0883772 0.0777390 0.0908733 0.0162588 0.0890211 
Hypsiprymnodontidae_Hypsiprymnodon_moschatus 0.0552343 0.0819037 0.0548362 0.0605662 0.0308689 0.0832909 0.0513174 0.0512970 0.0406366 0.0749877 0.0515713 0.0802767 0.0768297 0.0506166 0.0541202 0.0818212 0.0808394 0.0793556 0.0784616 0.0292679 0.0602926 0.0986454 0.0932726 0.0816178 0.0000000 0.0786700 0.0634175 0.0275588 0.0596876 0.0639564 0.0597952 0.0510308 0.0786556 0.0822001 0.0759671 
Microbiotheriidae_Dromiciops_gliroides       0.0790231 0.0850807 0.0708860 0.1123628 0.0823978 0.0815800 0.0686300 0.0744483 0.0932634 0.0946523 0.0700336 0.0813518 0.0818254 0.0730139 0.0809801 0.0828735 0.0822944 0.0782177 0.0955074 0.0782499 0.0869086 0.1040135 0.0951533 0.0816846 0.0786700 0.0000000 0.0861650 0.0777090 0.0843137 0.0890738 0.0841277 0.0728855 0.0971797 0.0813619 0.0949460 
Pseudochiridae_Petauroides_volans            0.0660340 0.0953596 0.0669004 0.0898455 0.0671166 0.0926194 0.0603805 0.0604349 0.0717329 0.0907597 0.0604304 0.0925982 0.0912511 0.0645111 0.0551605 0.0942656 0.0931638 0.0906715 0.0959389 0.0596642 0.0332582 0.1085263 0.1074903 0.0905746 0.0634175 0.0861650 0.0000000 0.0583662 0.0299178 0.0549971 0.0632230 0.0631816 0.0928591 0.0923723 0.0917692 
Macropodidae_Wallabia_bicolor                0.0547878 0.0812624 0.0552582 0.0513404 0.0210689 0.0813266 0.0485427 0.0479869 0.0323633 0.0801254 0.0459877 0.0796280 0.0778886 0.0469731 0.0521285 0.0811797 0.0806364 0.0785365 0.0850967 0.0077450 0.0561035 0.0981439 0.0919600 0.0784100 0.0275588 0.0777090 0.0583662 0.0000000 0.0538405 0.0594509 0.0603007 0.0470284 0.0829879 0.0802693 0.0815037 
Pseudochiridae_Pseudocheirus_occidentalis    0.0624690 0.0890938 0.0640716 0.0869871 0.0631067 0.0870894 0.0597597 0.0575696 0.0706357 0.0858493 0.0576278 0.0876786 0.0862749 0.0625801 0.0554437 0.0901151 0.0865716 0.0852539 0.0906819 0.0553384 0.0154717 0.1005442 0.0972144 0.0862066 0.0596876 0.0843137 0.0299178 0.0538405 0.0000000 0.0486789 0.0600184 0.0608847 0.0881083 0.0884926 0.0857779 
Tarsipedidae_Tarsipes_rostratus              0.0652338 0.0939553 0.0667610 0.0948764 0.0681743 0.0935574 0.0595855 0.0565865 0.0783804 0.0924492 0.0579171 0.0915777 0.0896637 0.0576739 0.0539759 0.0927856 0.0922231 0.0880683 0.0961454 0.0610090 0.0523340 0.1077059 0.1062040 0.0920427 0.0639564 0.0890738 0.0549971 0.0594509 0.0486789 0.0000000 0.0626227 0.0572552 0.0940359 0.0945381 0.0938438 
Acrobatidae_Distoechurus_pennatus            0.0574665 0.0855889 0.0625619 0.0945506 0.0658817 0.0900172 0.0556224 0.0551166 0.0749627 0.0822179 0.0564371 0.0904323 0.0883614 0.0571126 0.0249601 0.0920695 0.0895457 0.0868254 0.0893563 0.0617889 0.0641343 0.1012097 0.0992196 0.0883772 0.0597952 0.0841277 0.0632230 0.0603007 0.0600184 0.0626227 0.0000000 0.0566674 0.0841998 0.0909863 0.0832014 
Phalangeridae_Phalanger_carmelitae           0.0451229 0.0758422 0.0478700 0.0829502 0.0560639 0.0816089 0.0150119 0.0069823 0.0661179 0.0798642 0.0097597 0.0803282 0.0803324 0.0019071 0.0529425 0.0816520 0.0813641 0.0767039 0.0852876 0.0499531 0.0631205 0.0946839 0.0864628 0.0777390 0.0510308 0.0728855 0.0631816 0.0470284 0.0608847 0.0572552 0.0566674 0.0000000 0.0814635 0.0818459 0.0817778 
Peramelidae_Peroryctes_raffrayana            0.0877397 0.0942290 0.0797282 0.1223757 0.0885634 0.0924730 0.0833237 0.0814052 0.1016390 0.0098197 0.0814566 0.0923364 0.0924377 0.0830153 0.0797840 0.0949240 0.0901761 0.0910678 0.0104891 0.0863197 0.0895995 0.1065910 0.1091443 0.0908733 0.0786556 0.0971797 0.0928591 0.0829879 0.0881083 0.0940359 0.0841998 0.0814635 0.0000000 0.0934067 0.0101437 
Dasyuridae_Dasyurus_geffroii                 0.0834916 0.0813242 0.0733341 0.1189743 0.0883423 0.0025613 0.0810685 0.0821966 0.0971552 0.0928205 0.0818857 0.0169242 0.0214877 0.0824893 0.0800335 0.0173087 0.0064646 0.0181743 0.0951347 0.0829868 0.0924588 0.1168929 0.1097475 0.0162588 0.0822001 0.0813619 0.0923723 0.0802693 0.0884926 0.0945381 0.0909863 0.0818459 0.0934067 0.0000000 0.0933419 
Peramelidae_Perameles_gunnii                 0.0859237 0.0952473 0.0783243 0.1191093 0.0865803 0.0928847 0.0823049 0.0812998 0.0983371 0.0003189 0.0810070 0.0903507 0.0895464 0.0824369 0.0771190 0.0928947 0.0896174 0.0889089 0.0110597 0.0849219 0.0885424 0.1029403 0.1038121 0.0890211 0.0759671 0.0949460 0.0917692 0.0815037 0.0857779 0.0938438 0.0832014 0.0817778 0.0101437 0.0933419 0.0000000 
