194
I0185_86_Accipitridae_Buteo_jamaicensis                   0.0000000 0.0477630 0.0380719 0.0493987 0.0473944 0.0665128 0.0326594 0.0383123 0.0559104 0.0798974 0.0326947 0.0534244 0.0484604 0.0536079 0.0487284 0.0339418 0.0177253 0.0488113 0.0247351 0.0485857 0.0290655 0.0522094 0.0259258 0.0266364 0.0250624 0.0416170 0.0279303 0.0683514 0.0573635 0.0613102 0.0288897 0.0456464 0.0477083 0.0466357 0.0482354 0.0407438 0.0596922 0.0486332 0.0563799 0.0491533 0.0645951 0.0479328 0.0453913 0.0816279 0.0642845 0.0746188 0.0578175 0.0736850 0.0455849 0.0449204 0.0355032 0.0501517 0.0259500 0.0439089 0.0444054 0.0491411 0.0403915 0.0329465 0.0271385 0.0478022 0.0457718 0.0295868 0.0297763 0.0658707 0.0457627 0.0549247 0.0411497 0.0264819 0.0337466 0.0632816 0.0527108 0.0367556 0.0699507 0.0559925 0.0512167 0.0460525 0.0337292 0.0295219 0.0451073 0.0386114 0.0078289 0.0293188 0.0409785 0.0460398 0.0523096 0.0552193 0.0250792 0.0208031 0.0514723 0.0665832 0.0437872 0.0389757 0.0352709 0.0247897 0.0486244 0.0498829 0.0720830 0.0256189 0.0562342 0.0286619 0.0221848 0.0269340 0.0383980 0.0474438 0.0499461 0.0410130 0.0311536 0.0289330 0.0323768 0.0440507 0.0646692 0.0310467 0.0424989 0.0617597 0.0302455 0.0234606 0.0534887 0.0462878 0.0263858 0.0533710 0.0553295 0.0420043 0.0243390 0.0178043 0.0257827 0.0519216 0.0393347 0.0384565 0.0537290 0.0258787 0.0671266 0.0308979 0.0386346 0.0238857 0.0442612 0.0736467 0.0553365 0.0317091 0.0578010 0.0322095 0.0423880 0.0364726 0.0244489 0.0294647 0.0245218 0.0414445 0.0297404 0.0641305 0.0510544 0.0366792 0.0265391 0.0524053 0.0613984 0.0446765 0.0462612 0.0233977 0.0284653 0.0310559 0.0282030 0.0275974 0.0315875 0.0439512 0.0469046 0.0414343 0.0559640 0.0333306 0.0413932 0.0503016 0.0496080 0.0314412 0.0797741 0.0304616 0.0394015 0.0292446 0.0541404 0.0503108 0.0596541 0.0253295 0.0176344 0.0253572 0.0292751 0.0554881 0.0273957 0.0590010 0.0573158 0.0511600 0.0467702 0.1332841 0.0505595 0.0628147 0.0573702 0.0386453 0.0414066 0.0458855 
I0187_115_Trogonidae_Trogon_elegans                       0.0477630 0.0000000 0.0588262 0.0691834 0.0198728 0.0794618 0.0538007 0.0584542 0.0725959 0.0909840 0.0537632 0.0723777 0.0636835 0.0705371 0.0678850 0.0562653 0.0405476 0.0662790 0.0468714 0.0655305 0.0513032 0.0705213 0.0472182 0.0497596 0.0479473 0.0611325 0.0493852 0.0802735 0.0769513 0.0791364 0.0513064 0.0648566 0.0669274 0.0662287 0.0681639 0.0607314 0.0768983 0.0675094 0.0752238 0.0669475 0.0844460 0.0677694 0.0649465 0.0994826 0.0827112 0.0925393 0.0763957 0.0881965 0.0622696 0.0662054 0.0566632 0.0683861 0.0481945 0.0639849 0.0638212 0.0688177 0.0605802 0.0536035 0.0494575 0.0653726 0.0659754 0.0521006 0.0514716 0.0852547 0.0653648 0.0731889 0.0627834 0.0489814 0.0549923 0.0819384 0.0719590 0.0555926 0.0821389 0.0768898 0.0691871 0.0641692 0.0556424 0.0517440 0.0646197 0.0537542 0.0486136 0.0512549 0.0620918 0.0648405 0.0690619 0.0708086 0.0481216 0.0445466 0.0691196 0.0860528 0.0638039 0.0586513 0.0558098 0.0461291 0.0695698 0.0700466 0.0851759 0.0480808 0.0750795 0.0496767 0.0477028 0.0485212 0.0580699 0.0631970 0.0689763 0.0601680 0.0517846 0.0501369 0.0533295 0.0648963 0.0828341 0.0538182 0.0631466 0.0813396 0.0526567 0.0460352 0.0724305 0.0665674 0.0490119 0.0720094 0.0761894 0.0628095 0.0477867 0.0512074 0.0475698 0.0703249 0.0594777 0.0592985 0.0743761 0.0484910 0.0830474 0.0525376 0.0582326 0.0459223 0.0632465 0.0852590 0.0739553 0.0523686 0.0769195 0.0541211 0.0627348 0.0564116 0.0462396 0.0523369 0.0457000 0.0607252 0.0516651 0.0835381 0.0668510 0.0571154 0.0478066 0.0683619 0.0828050 0.0645034 0.0651258 0.0452812 0.0512193 0.0542191 0.0502210 0.0503385 0.0528492 0.0644706 0.0667175 0.0616735 0.0754743 0.0555081 0.0593379 0.0705479 0.0677021 0.0534042 0.0974952 0.0540155 0.0607806 0.0496860 0.0729178 0.0681826 0.0785662 0.0472700 0.0486190 0.0472816 0.0517940 0.0777426 0.0502089 0.0770447 0.0763620 0.0693172 0.0658538 0.1476347 0.0686494 0.0805300 0.0764778 0.0599482 0.0588945 0.0651812 
I0188_135_Apodidae_Streptoprocne_zonaris                  0.0380719 0.0588262 0.0000000 0.0578936 0.0585120 0.0735743 0.0436037 0.0492964 0.0643388 0.0890252 0.0441709 0.0624421 0.0579459 0.0639634 0.0576304 0.0458908 0.0302976 0.0586758 0.0367248 0.0574408 0.0402905 0.0605658 0.0390387 0.0375456 0.0358049 0.0516681 0.0379011 0.0760520 0.0670270 0.0704334 0.0420092 0.0554744 0.0564347 0.0467023 0.0481805 0.0504248 0.0685049 0.0568174 0.0645689 0.0575709 0.0705987 0.0574713 0.0546658 0.0930040 0.0750860 0.0856545 0.0668027 0.0850121 0.0575409 0.0529146 0.0484906 0.0579315 0.0385030 0.0542288 0.0544063 0.0584587 0.0503547 0.0432133 0.0402086 0.0575497 0.0226131 0.0433391 0.0412989 0.0729134 0.0556486 0.0645739 0.0516843 0.0383122 0.0438829 0.0718076 0.0628780 0.0469200 0.0791888 0.0655292 0.0590496 0.0557910 0.0449505 0.0430836 0.0547531 0.0470561 0.0391522 0.0398631 0.0526107 0.0570455 0.0622443 0.0639514 0.0362788 0.0335181 0.0514803 0.0747521 0.0533541 0.0490794 0.0465013 0.0360652 0.0583746 0.0602125 0.0820537 0.0374722 0.0671960 0.0389311 0.0391283 0.0387330 0.0487691 0.0577642 0.0592143 0.0517464 0.0442596 0.0386737 0.0449211 0.0536173 0.0721947 0.0423684 0.0523254 0.0697098 0.0416031 0.0343306 0.0620113 0.0562369 0.0385761 0.0633272 0.0657561 0.0523178 0.0363075 0.0418262 0.0378757 0.0609550 0.0222932 0.0483909 0.0640917 0.0366014 0.0800981 0.0416896 0.0448799 0.0366612 0.0550375 0.0818524 0.0639896 0.0416517 0.0660208 0.0428527 0.0523608 0.0473499 0.0371479 0.0405787 0.0364109 0.0521055 0.0409490 0.0715063 0.0616923 0.0468323 0.0380358 0.0643009 0.0722439 0.0546386 0.0558341 0.0347800 0.0394657 0.0426066 0.0405718 0.0406207 0.0422059 0.0535524 0.0567702 0.0524464 0.0649209 0.0456152 0.0516387 0.0593543 0.0591567 0.0432186 0.0913318 0.0421956 0.0499576 0.0407869 0.0622515 0.0602981 0.0676266 0.0371227 0.0382465 0.0370812 0.0432625 0.0665359 0.0401063 0.0685449 0.0669227 0.0599059 0.0559246 0.1357528 0.0603586 0.0724700 0.0654378 0.0491230 0.0529235 0.0562797 
I0189_225_Eurylaimidae_Smithornis_rufolateralis           0.0493987 0.0691834 0.0578936 0.0000000 0.0678233 0.0801758 0.0535878 0.0582646 0.0751010 0.0955943 0.0542375 0.0498487 0.0680179 0.0710104 0.0391297 0.0562011 0.0412765 0.0396481 0.0481582 0.0390426 0.0522302 0.0414109 0.0482106 0.0494247 0.0484490 0.0606875 0.0499775 0.0837426 0.0527777 0.0564726 0.0520714 0.0374310 0.0385167 0.0654942 0.0662983 0.0599284 0.0537672 0.0386783 0.0750148 0.0386799 0.0818106 0.0393585 0.0366351 0.0972429 0.0829369 0.0938699 0.0532243 0.0933680 0.0658649 0.0634723 0.0575070 0.0397914 0.0500290 0.0611277 0.0362765 0.0393869 0.0604433 0.0537068 0.0503944 0.0392028 0.0643992 0.0523410 0.0521676 0.0838652 0.0369775 0.0751696 0.0623508 0.0488878 0.0540186 0.0823350 0.0734265 0.0567377 0.0843553 0.0758774 0.0407653 0.0372819 0.0566131 0.0521041 0.0367038 0.0560924 0.0505585 0.0524612 0.0598101 0.0662639 0.0712376 0.0725030 0.0481343 0.0451704 0.0693340 0.0843809 0.0625340 0.0573663 0.0570058 0.0489648 0.0688131 0.0705273 0.0882910 0.0493103 0.0763378 0.0507131 0.0501635 0.0506490 0.0593780 0.0674001 0.0674890 0.0619700 0.0549088 0.0505676 0.0565890 0.0614482 0.0821128 0.0538638 0.0632771 0.0809012 0.0531808 0.0471288 0.0434908 0.0670581 0.0494572 0.0487767 0.0755466 0.0595385 0.0479245 0.0520461 0.0498499 0.0311743 0.0582247 0.0561310 0.0745905 0.0485378 0.0879045 0.0543203 0.0571303 0.0486815 0.0653248 0.0892117 0.0712355 0.0528617 0.0359067 0.0548539 0.0637965 0.0585875 0.0485099 0.0523420 0.0484772 0.0625534 0.0528141 0.0819929 0.0721661 0.0574510 0.0497879 0.0731766 0.0810729 0.0421144 0.0377448 0.0473319 0.0513705 0.0540671 0.0506646 0.0514323 0.0529246 0.0620653 0.0645516 0.0633060 0.0749072 0.0554418 0.0621252 0.0414821 0.0399231 0.0535507 0.0992842 0.0536092 0.0604804 0.0524862 0.0324207 0.0454681 0.0782783 0.0488427 0.0488207 0.0490661 0.0527728 0.0773677 0.0517863 0.0543653 0.0531003 0.0469568 0.0228397 0.1440352 0.0454665 0.0588465 0.0528521 0.0600020 0.0629100 0.0480868 
I0190_295_Trogonidae_Apaloderma_aequatoriale              0.0473944 0.0198728 0.0585120 0.0678233 0.0000000 0.0783668 0.0526408 0.0576083 0.0719697 0.0898540 0.0528038 0.0713175 0.0649454 0.0694100 0.0675441 0.0543003 0.0403323 0.0661355 0.0465523 0.0652455 0.0496375 0.0704441 0.0463939 0.0486687 0.0470865 0.0607538 0.0484737 0.0791788 0.0752417 0.0770519 0.0505333 0.0645248 0.0664663 0.0656225 0.0680479 0.0602193 0.0759891 0.0676531 0.0734462 0.0668631 0.0827306 0.0671660 0.0640557 0.0983252 0.0813359 0.0916994 0.0744269 0.0865917 0.0619607 0.0652946 0.0559154 0.0677415 0.0476256 0.0645983 0.0632966 0.0684496 0.0600097 0.0533735 0.0496689 0.0652315 0.0646602 0.0515647 0.0510818 0.0827445 0.0641903 0.0715542 0.0618405 0.0485224 0.0539185 0.0797584 0.0704972 0.0546448 0.0810898 0.0758028 0.0694538 0.0646167 0.0545855 0.0511235 0.0641388 0.0536425 0.0477710 0.0501845 0.0619159 0.0641522 0.0689767 0.0706777 0.0472483 0.0443321 0.0688933 0.0851716 0.0627327 0.0587861 0.0549020 0.0459470 0.0682372 0.0683078 0.0833037 0.0475474 0.0730496 0.0485666 0.0470720 0.0479616 0.0580163 0.0623203 0.0681226 0.0594639 0.0515874 0.0488594 0.0521493 0.0645521 0.0815245 0.0528767 0.0622530 0.0799181 0.0517998 0.0457450 0.0713134 0.0651882 0.0481880 0.0709962 0.0748558 0.0625439 0.0473240 0.0506566 0.0468567 0.0694960 0.0592098 0.0587909 0.0734781 0.0475922 0.0813649 0.0516030 0.0582363 0.0453070 0.0620288 0.0844928 0.0727884 0.0526464 0.0755406 0.0527710 0.0613064 0.0555866 0.0458059 0.0514258 0.0452584 0.0604806 0.0502673 0.0819316 0.0664295 0.0564609 0.0469270 0.0677307 0.0818804 0.0644509 0.0644468 0.0448777 0.0503686 0.0536418 0.0502430 0.0493867 0.0516945 0.0637858 0.0652015 0.0608934 0.0740251 0.0536719 0.0595649 0.0693016 0.0669240 0.0516780 0.0965512 0.0529261 0.0596164 0.0496005 0.0720475 0.0677878 0.0775725 0.0464465 0.0478011 0.0465911 0.0507085 0.0763046 0.0489522 0.0757890 0.0754775 0.0688074 0.0655656 0.1465489 0.0682208 0.0797113 0.0748850 0.0589236 0.0581689 0.0637779 
I0191_344_Indicatoridae_Indicator_exilis                  0.0665128 0.0794618 0.0735743 0.0801758 0.0783668 0.0000000 0.0696395 0.0745806 0.0834477 0.0535634 0.0701999 0.0819144 0.0800153 0.0808959 0.0813792 0.0708354 0.0572900 0.0786393 0.0641626 0.0791745 0.0664675 0.0811891 0.0652402 0.0655438 0.0654909 0.0778366 0.0652994 0.0297214 0.0839299 0.0854054 0.0674656 0.0796067 0.0812924 0.0791923 0.0804204 0.0744722 0.0864177 0.0807372 0.0892078 0.0812172 0.0969208 0.0809350 0.0780968 0.1091934 0.1010630 0.1055391 0.0827793 0.1002779 0.0758977 0.0764067 0.0740447 0.0809740 0.0663962 0.0779516 0.0773772 0.0804220 0.0772796 0.0694319 0.0664176 0.0776179 0.0781642 0.0691180 0.0686934 0.0987588 0.0787596 0.0894899 0.0768689 0.0658461 0.0686330 0.0940621 0.0877357 0.0688615 0.0303689 0.0922641 0.0820728 0.0791461 0.0722733 0.0690996 0.0783555 0.0629761 0.0662289 0.0657771 0.0758138 0.0774072 0.0772934 0.0774497 0.0644713 0.0617723 0.0813495 0.0988939 0.0769066 0.0727687 0.0728490 0.0627137 0.0847527 0.0859919 0.0431750 0.0651920 0.0899928 0.0666464 0.0653555 0.0656130 0.0765337 0.0754091 0.0830409 0.0793355 0.0681179 0.0661452 0.0710518 0.0791539 0.0970004 0.0685600 0.0793388 0.0954753 0.0702112 0.0633244 0.0827301 0.0827168 0.0656181 0.0811491 0.0916853 0.0772563 0.0654140 0.0681366 0.0641805 0.0796175 0.0737646 0.0729052 0.0898119 0.0654854 0.0941434 0.0671178 0.0710936 0.0634855 0.0821618 0.0464916 0.0848774 0.0690948 0.0881805 0.0699087 0.0769453 0.0743819 0.0636550 0.0692774 0.0630908 0.0779738 0.0674120 0.0949580 0.0807909 0.0736184 0.0649327 0.0816910 0.0964768 0.0764113 0.0793451 0.0629445 0.0692314 0.0709246 0.0665091 0.0676298 0.0689670 0.0772016 0.0786482 0.0784701 0.0888810 0.0693115 0.0776309 0.0823599 0.0795561 0.0695688 0.1124734 0.0699966 0.0772370 0.0685014 0.0826424 0.0783313 0.0933770 0.0633654 0.0664275 0.0652006 0.0676691 0.0925925 0.0669494 0.0830863 0.0834344 0.0780611 0.0782874 0.1556838 0.0790211 0.0873400 0.0821821 0.0746442 0.0747857 0.0794635 
I0192_375_Musophagidae_Tauraco_macrorhynchus              0.0326594 0.0538007 0.0436037 0.0535878 0.0526408 0.0696395 0.0000000 0.0422076 0.0605680 0.0826635 0.0197091 0.0579232 0.0527761 0.0582770 0.0532166 0.0393179 0.0242679 0.0528907 0.0295030 0.0529776 0.0348224 0.0557995 0.0327496 0.0326767 0.0313834 0.0449615 0.0332252 0.0714857 0.0622697 0.0656033 0.0360641 0.0505824 0.0520836 0.0519824 0.0529583 0.0452069 0.0643243 0.0527674 0.0607433 0.0531660 0.0685164 0.0529396 0.0501834 0.0845317 0.0669601 0.0779836 0.0623495 0.0768581 0.0509881 0.0480464 0.0424715 0.0542399 0.0318890 0.0492537 0.0495795 0.0537143 0.0451986 0.0381952 0.0328282 0.0515102 0.0507650 0.0371705 0.0357637 0.0704827 0.0511628 0.0599271 0.0463803 0.0320076 0.0381266 0.0665808 0.0582497 0.0409220 0.0732582 0.0603964 0.0546615 0.0501941 0.0389590 0.0368811 0.0497321 0.0420735 0.0334894 0.0348055 0.0467676 0.0514400 0.0571762 0.0594405 0.0305363 0.0275518 0.0564318 0.0711900 0.0491285 0.0439441 0.0397700 0.0297214 0.0535745 0.0548682 0.0754704 0.0312965 0.0606975 0.0346120 0.0330177 0.0322436 0.0434745 0.0528929 0.0545779 0.0464537 0.0382213 0.0339391 0.0382148 0.0490103 0.0681250 0.0368044 0.0485372 0.0660033 0.0349475 0.0293277 0.0582816 0.0510453 0.0320224 0.0585628 0.0604324 0.0460987 0.0301567 0.0356004 0.0313811 0.0561492 0.0439306 0.0428441 0.0583490 0.0310939 0.0723056 0.0362392 0.0434669 0.0293645 0.0477745 0.0789634 0.0567106 0.0373167 0.0610723 0.0374924 0.0471835 0.0402741 0.0303076 0.0356299 0.0289671 0.0469352 0.0351822 0.0688448 0.0557723 0.0405627 0.0315748 0.0563281 0.0661263 0.0507717 0.0509922 0.0287910 0.0336909 0.0374306 0.0338609 0.0340626 0.0360695 0.0478265 0.0491296 0.0473245 0.0596772 0.0385779 0.0463489 0.0548406 0.0535638 0.0371112 0.0837925 0.0364304 0.0440739 0.0357579 0.0582352 0.0549867 0.0639041 0.0309700 0.0334553 0.0302352 0.0360416 0.0604543 0.0337782 0.0631047 0.0627045 0.0551485 0.0519217 0.1378888 0.0555057 0.0671658 0.0620959 0.0433461 0.0466982 0.0516714 
I0193_447_Columbidae_Treron_calvus                        0.0383123 0.0584542 0.0492964 0.0582646 0.0576083 0.0745806 0.0422076 0.0000000 0.0662012 0.0879981 0.0422082 0.0633576 0.0579462 0.0633646 0.0584620 0.0441850 0.0210098 0.0580140 0.0357918 0.0575238 0.0391981 0.0603143 0.0377331 0.0378230 0.0355045 0.0178064 0.0376670 0.0767921 0.0681276 0.0704363 0.0403158 0.0552118 0.0563891 0.0584484 0.0591797 0.0187640 0.0687225 0.0573428 0.0642391 0.0578020 0.0726112 0.0579287 0.0554787 0.0899823 0.0731205 0.0825650 0.0673736 0.0844840 0.0567716 0.0532473 0.0465366 0.0582788 0.0377325 0.0529355 0.0541347 0.0587040 0.0179413 0.0438198 0.0386835 0.0564748 0.0566794 0.0418951 0.0408649 0.0745094 0.0561831 0.0637447 0.0507012 0.0381166 0.0434153 0.0702128 0.0623485 0.0472157 0.0774161 0.0646962 0.0595788 0.0559538 0.0450933 0.0414737 0.0550445 0.0387232 0.0396590 0.0390402 0.0503604 0.0571777 0.0615813 0.0637660 0.0355559 0.0329435 0.0620010 0.0760388 0.0528740 0.0482323 0.0446057 0.0347735 0.0589428 0.0603901 0.0818305 0.0355960 0.0650634 0.0385632 0.0385096 0.0374012 0.0479054 0.0566372 0.0577290 0.0500904 0.0430804 0.0389583 0.0435963 0.0530593 0.0733588 0.0418625 0.0524792 0.0712616 0.0413988 0.0343776 0.0618648 0.0551564 0.0382198 0.0643208 0.0639695 0.0512377 0.0365349 0.0415140 0.0362949 0.0613552 0.0496444 0.0481239 0.0623744 0.0358384 0.0784574 0.0409664 0.0484648 0.0342788 0.0530710 0.0833463 0.0630143 0.0423229 0.0673765 0.0422266 0.0512789 0.0464214 0.0348819 0.0396803 0.0345088 0.0491648 0.0398273 0.0702109 0.0616953 0.0456844 0.0358504 0.0624506 0.0710103 0.0548715 0.0557967 0.0334959 0.0392366 0.0426666 0.0402097 0.0397377 0.0411586 0.0513724 0.0544553 0.0501403 0.0644036 0.0432740 0.0501793 0.0598857 0.0591246 0.0413546 0.0882095 0.0412955 0.0166188 0.0406785 0.0627395 0.0601883 0.0677470 0.0360556 0.0378055 0.0354027 0.0410920 0.0650681 0.0396905 0.0688537 0.0666931 0.0603167 0.0575389 0.1363914 0.0609322 0.0726269 0.0680836 0.0489297 0.0527983 0.0556177 
I0194_495_Alcedinidae_Alcedo_quadribrachys                0.0559104 0.0725959 0.0643388 0.0751010 0.0719697 0.0834477 0.0605680 0.0662012 0.0000000 0.0950731 0.0617410 0.0769355 0.0728016 0.0656043 0.0737881 0.0623978 0.0478523 0.0734381 0.0547915 0.0731774 0.0581079 0.0771826 0.0550377 0.0581734 0.0554142 0.0684992 0.0567719 0.0851554 0.0807958 0.0849037 0.0575538 0.0723049 0.0739138 0.0734918 0.0738718 0.0679348 0.0808937 0.0734942 0.0832902 0.0752098 0.0892784 0.0734137 0.0715879 0.1009756 0.0893559 0.0973248 0.0792252 0.0862463 0.0585284 0.0697763 0.0634492 0.0756251 0.0569279 0.0700633 0.0712147 0.0747698 0.0672653 0.0613015 0.0580666 0.0724019 0.0713936 0.0589943 0.0588799 0.0901997 0.0716075 0.0828805 0.0692153 0.0567744 0.0614669 0.0897834 0.0802436 0.0640525 0.0872981 0.0842251 0.0750295 0.0716580 0.0626167 0.0588902 0.0710613 0.0570869 0.0560739 0.0590039 0.0692786 0.0468420 0.0729943 0.0734498 0.0565699 0.0523800 0.0771809 0.0928551 0.0708214 0.0664975 0.0649894 0.0546714 0.0767862 0.0785936 0.0858540 0.0550338 0.0833422 0.0590781 0.0557675 0.0566385 0.0672621 0.0617302 0.0748404 0.0701416 0.0606108 0.0582950 0.0619195 0.0711643 0.0886378 0.0620485 0.0707503 0.0883229 0.0608923 0.0543842 0.0783466 0.0722665 0.0576189 0.0772185 0.0832740 0.0695479 0.0551666 0.0587970 0.0561435 0.0750417 0.0656821 0.0660694 0.0823711 0.0564589 0.0882765 0.0606932 0.0660787 0.0547601 0.0732841 0.0849861 0.0807218 0.0594988 0.0826915 0.0619070 0.0690531 0.0645936 0.0550279 0.0587205 0.0544240 0.0687319 0.0593898 0.0883572 0.0752903 0.0647181 0.0559562 0.0773380 0.0900911 0.0691677 0.0733626 0.0524712 0.0589535 0.0615397 0.0581432 0.0579407 0.0599947 0.0710698 0.0732649 0.0701572 0.0836358 0.0624438 0.0695006 0.0775223 0.0755871 0.0602802 0.1024117 0.0607410 0.0678073 0.0582000 0.0779356 0.0748452 0.0855516 0.0550244 0.0565008 0.0552440 0.0584452 0.0836025 0.0574277 0.0795670 0.0808376 0.0743354 0.0717540 0.1545006 0.0750578 0.0839130 0.0802792 0.0661491 0.0673386 0.0717958 
I0195_522_Ramphastidae_Buccanodon_duchaillui              0.0798974 0.0909840 0.0890252 0.0955943 0.0898540 0.0535634 0.0826635 0.0879981 0.0950731 0.0000000 0.0830597 0.0976241 0.0941698 0.0913574 0.0966217 0.0836551 0.0709466 0.0926093 0.0785129 0.0933305 0.0805887 0.0979639 0.0793214 0.0799156 0.0790799 0.0909905 0.0794530 0.0561728 0.0991501 0.1030581 0.0827859 0.0929341 0.0947520 0.0929031 0.0946555 0.0878782 0.1025769 0.0963535 0.1018081 0.0955259 0.1101492 0.0946849 0.0920585 0.1227426 0.1099056 0.1183046 0.0993379 0.1106476 0.0890935 0.0917497 0.0875947 0.0965223 0.0791843 0.0926143 0.0911014 0.0962406 0.0921177 0.0836560 0.0791461 0.0912380 0.0943675 0.0832342 0.0822151 0.1110272 0.0932118 0.1037269 0.0918714 0.0795817 0.0829040 0.1068642 0.1009272 0.0833458 0.0572511 0.1054588 0.0979445 0.0931249 0.0853299 0.0826960 0.0934743 0.0729169 0.0797583 0.0805740 0.0917361 0.0902276 0.0886034 0.0888239 0.0787372 0.0763455 0.0953624 0.1116996 0.0911316 0.0874367 0.0873522 0.0761518 0.0992427 0.1000810 0.0337295 0.0798131 0.1048277 0.0814860 0.0795853 0.0800843 0.0898130 0.0864521 0.0962849 0.0922339 0.0828473 0.0811133 0.0849438 0.0937586 0.1096409 0.0836382 0.0935396 0.1089837 0.0840957 0.0774796 0.0976057 0.0949292 0.0801844 0.0970426 0.1049399 0.0916115 0.0802237 0.0825395 0.0781449 0.0952265 0.0887555 0.0879308 0.1031923 0.0804193 0.1024907 0.0824582 0.0858402 0.0770510 0.0960769 0.0425013 0.0989373 0.0831311 0.1027429 0.0844026 0.0901512 0.0869825 0.0780056 0.0823809 0.0772758 0.0917809 0.0823378 0.1093504 0.0920518 0.0870445 0.0796119 0.0934249 0.1100582 0.0924053 0.0934380 0.0768885 0.0829229 0.0841151 0.0790362 0.0811575 0.0832821 0.0928189 0.0939905 0.0933859 0.1016677 0.0828235 0.0921051 0.0963734 0.0941402 0.0821962 0.1212071 0.0837544 0.0902842 0.0813676 0.0977756 0.0945061 0.1049357 0.0788156 0.0808393 0.0797569 0.0798585 0.1048104 0.0812469 0.1000084 0.1005039 0.0955793 0.0925479 0.1677660 0.0951119 0.1037449 0.0993030 0.0888065 0.0897255 0.0939635 
I0196_523_Musophagidae_Corythaeola_cristata               0.0326947 0.0537632 0.0441709 0.0542375 0.0528038 0.0701999 0.0197091 0.0422082 0.0617410 0.0830597 0.0000000 0.0590154 0.0543942 0.0594955 0.0538553 0.0388228 0.0241441 0.0541898 0.0291654 0.0537267 0.0339694 0.0562782 0.0321783 0.0320056 0.0300403 0.0453272 0.0326840 0.0720104 0.0631980 0.0662020 0.0358672 0.0511920 0.0530739 0.0528300 0.0536805 0.0452531 0.0650381 0.0536771 0.0603498 0.0536085 0.0673425 0.0531526 0.0509108 0.0865785 0.0690068 0.0789012 0.0635022 0.0788330 0.0505663 0.0479800 0.0424510 0.0548842 0.0315902 0.0488280 0.0504262 0.0546798 0.0448515 0.0374358 0.0323646 0.0528635 0.0521263 0.0370774 0.0353492 0.0692075 0.0510929 0.0602483 0.0465433 0.0317865 0.0385756 0.0661123 0.0583094 0.0412998 0.0729765 0.0601152 0.0553946 0.0503999 0.0387800 0.0366761 0.0498168 0.0429159 0.0335602 0.0335119 0.0475286 0.0512758 0.0581631 0.0602296 0.0299560 0.0274864 0.0572054 0.0703781 0.0476981 0.0439422 0.0392978 0.0293312 0.0535544 0.0552462 0.0762589 0.0310052 0.0615975 0.0339111 0.0331285 0.0318921 0.0430951 0.0529679 0.0541350 0.0457151 0.0383040 0.0334326 0.0376319 0.0493363 0.0680126 0.0360200 0.0475393 0.0652823 0.0343854 0.0285109 0.0583411 0.0500424 0.0316018 0.0591816 0.0600939 0.0467209 0.0302306 0.0352269 0.0309690 0.0564868 0.0449990 0.0433578 0.0583318 0.0304841 0.0735833 0.0359370 0.0433176 0.0290009 0.0488990 0.0791133 0.0572945 0.0365076 0.0626330 0.0367174 0.0468680 0.0405615 0.0293635 0.0343811 0.0290326 0.0463550 0.0347641 0.0674207 0.0567123 0.0402417 0.0309304 0.0574918 0.0661315 0.0512806 0.0516802 0.0277857 0.0326963 0.0365224 0.0328836 0.0340944 0.0359541 0.0479751 0.0497330 0.0469444 0.0595686 0.0378311 0.0463250 0.0563817 0.0552164 0.0364689 0.0853215 0.0357362 0.0445163 0.0346218 0.0584852 0.0561883 0.0630501 0.0300722 0.0324720 0.0297677 0.0355046 0.0602865 0.0336849 0.0637013 0.0631024 0.0557036 0.0516827 0.1382049 0.0564209 0.0678371 0.0623722 0.0428477 0.0478948 0.0511930 
I0197_832_Corvidae_Corvus_albus                           0.0534244 0.0723777 0.0624421 0.0498487 0.0713175 0.0819144 0.0579232 0.0633576 0.0769355 0.0976241 0.0590154 0.0000000 0.0715700 0.0753005 0.0472457 0.0614100 0.0455653 0.0467265 0.0521713 0.0472109 0.0558647 0.0490411 0.0537051 0.0541568 0.0534272 0.0657034 0.0554344 0.0829587 0.0294982 0.0325144 0.0559841 0.0463852 0.0477996 0.0701827 0.0715931 0.0648518 0.0303132 0.0467276 0.0785257 0.0484384 0.0844563 0.0479676 0.0449719 0.1018765 0.0872953 0.0968972 0.0282630 0.0963042 0.0687648 0.0678635 0.0625664 0.0478826 0.0536391 0.0665159 0.0441047 0.0481886 0.0641543 0.0592381 0.0550144 0.0462431 0.0685209 0.0560332 0.0565476 0.0858487 0.0458464 0.0790856 0.0661539 0.0542507 0.0582947 0.0844507 0.0770344 0.0609859 0.0836822 0.0804933 0.0497761 0.0458789 0.0613433 0.0565351 0.0455676 0.0591420 0.0538448 0.0565356 0.0649571 0.0696809 0.0752291 0.0748434 0.0530576 0.0501200 0.0735947 0.0876431 0.0666482 0.0622717 0.0605976 0.0525617 0.0730367 0.0750131 0.0898843 0.0526379 0.0805395 0.0558044 0.0550466 0.0542719 0.0633724 0.0689698 0.0707562 0.0660465 0.0575553 0.0556421 0.0598478 0.0670337 0.0851705 0.0588328 0.0678550 0.0837568 0.0571208 0.0517479 0.0507678 0.0696751 0.0540629 0.0353868 0.0803276 0.0650757 0.0534363 0.0564588 0.0541170 0.0479731 0.0630160 0.0606024 0.0785959 0.0530436 0.0906362 0.0574419 0.0623330 0.0521040 0.0687671 0.0894836 0.0764475 0.0573442 0.0562395 0.0589065 0.0670065 0.0628749 0.0529147 0.0564777 0.0519039 0.0662531 0.0564228 0.0863559 0.0757860 0.0620635 0.0532743 0.0764523 0.0847264 0.0333743 0.0456491 0.0507483 0.0556251 0.0583913 0.0559219 0.0558236 0.0573848 0.0668289 0.0691189 0.0655330 0.0790267 0.0605598 0.0646814 0.0496441 0.0478006 0.0581397 0.1030647 0.0580313 0.0648355 0.0574644 0.0505345 0.0317291 0.0803486 0.0531247 0.0534923 0.0532695 0.0576525 0.0820327 0.0556663 0.0289850 0.0288517 0.0134724 0.0460151 0.1502643 0.0317251 0.0334004 0.0279077 0.0651319 0.0657131 0.0522565 
I0198_937_Bucerotidae_Tockus_camurus                      0.0484604 0.0636835 0.0579459 0.0680179 0.0649454 0.0800153 0.0527761 0.0579462 0.0728016 0.0941698 0.0543942 0.0715700 0.0000000 0.0684509 0.0667507 0.0569190 0.0402011 0.0670052 0.0466494 0.0663950 0.0501093 0.0701441 0.0474066 0.0484106 0.0471681 0.0611148 0.0490946 0.0815502 0.0753256 0.0781169 0.0508194 0.0640014 0.0656653 0.0662209 0.0667699 0.0601411 0.0771873 0.0658291 0.0744812 0.0668669 0.0809492 0.0667942 0.0641707 0.0997020 0.0825766 0.0932559 0.0747568 0.0845127 0.0605254 0.0618541 0.0571621 0.0690154 0.0486445 0.0630239 0.0635827 0.0668313 0.0602675 0.0533425 0.0489996 0.0650679 0.0647941 0.0518184 0.0500905 0.0825267 0.0659011 0.0743186 0.0617322 0.0494567 0.0538401 0.0811325 0.0728475 0.0571712 0.0846188 0.0767608 0.0687748 0.0646104 0.0542186 0.0517708 0.0647953 0.0533411 0.0489220 0.0503263 0.0611750 0.0631629 0.0669388 0.0703413 0.0466668 0.0436774 0.0688532 0.0844553 0.0637057 0.0582865 0.0556670 0.0466431 0.0678720 0.0705692 0.0877245 0.0480301 0.0759963 0.0499905 0.0481625 0.0490903 0.0593605 0.0602032 0.0686760 0.0626024 0.0512931 0.0502503 0.0535713 0.0632716 0.0812934 0.0525269 0.0619115 0.0794354 0.0530052 0.0462713 0.0716901 0.0660968 0.0490166 0.0716750 0.0765347 0.0603700 0.0461390 0.0517674 0.0475766 0.0704303 0.0575416 0.0579408 0.0745848 0.0476276 0.0797273 0.0516332 0.0586231 0.0466705 0.0645449 0.0885207 0.0731114 0.0531369 0.0755678 0.0535328 0.0627952 0.0560693 0.0466033 0.0504033 0.0466767 0.0615391 0.0516113 0.0825004 0.0722363 0.0561985 0.0486743 0.0736013 0.0816337 0.0633946 0.0650851 0.0455471 0.0500727 0.0526967 0.0495583 0.0493104 0.0532061 0.0627545 0.0650414 0.0625009 0.0743513 0.0557328 0.0618900 0.0691478 0.0679200 0.0540880 0.0998062 0.0519265 0.0595463 0.0495570 0.0722218 0.0687634 0.0766097 0.0472197 0.0480228 0.0468743 0.0511297 0.0767086 0.0488407 0.0764414 0.0759461 0.0684553 0.0658621 0.1457512 0.0691877 0.0807251 0.0747728 0.0597977 0.0268663 0.0648276 
I0199_955_Meropidae_Merops_muelleri                       0.0536079 0.0705371 0.0639634 0.0710104 0.0694100 0.0808959 0.0582770 0.0633646 0.0656043 0.0913574 0.0594955 0.0753005 0.0684509 0.0000000 0.0717745 0.0614559 0.0448024 0.0702554 0.0530564 0.0695083 0.0569130 0.0732399 0.0529850 0.0543306 0.0523165 0.0670558 0.0547250 0.0810721 0.0785343 0.0813030 0.0568286 0.0685342 0.0695176 0.0694514 0.0711280 0.0663264 0.0800775 0.0707281 0.0803161 0.0697631 0.0877982 0.0703067 0.0677658 0.1004513 0.0874542 0.0973198 0.0776597 0.0863253 0.0623055 0.0684828 0.0624180 0.0717887 0.0548069 0.0695058 0.0670901 0.0719295 0.0659952 0.0590655 0.0551426 0.0682208 0.0701261 0.0574961 0.0571764 0.0887881 0.0677837 0.0783317 0.0681114 0.0547722 0.0592553 0.0846682 0.0787799 0.0606680 0.0824619 0.0842140 0.0720663 0.0680121 0.0606634 0.0576584 0.0671963 0.0569124 0.0548543 0.0568102 0.0676493 0.0618760 0.0693683 0.0706196 0.0537142 0.0491889 0.0736640 0.0899653 0.0685923 0.0649085 0.0615048 0.0531426 0.0749936 0.0755540 0.0861885 0.0539740 0.0801111 0.0560173 0.0537808 0.0550524 0.0636000 0.0595712 0.0751203 0.0662370 0.0573829 0.0562972 0.0610898 0.0703320 0.0880915 0.0587936 0.0701860 0.0865266 0.0581794 0.0509253 0.0752742 0.0704804 0.0547231 0.0752393 0.0832847 0.0682391 0.0524586 0.0579154 0.0538749 0.0723512 0.0652605 0.0641990 0.0829120 0.0539551 0.0857660 0.0586702 0.0636414 0.0519810 0.0697144 0.0857333 0.0790535 0.0590036 0.0780481 0.0598943 0.0667856 0.0634837 0.0528631 0.0573978 0.0520674 0.0660903 0.0577020 0.0878981 0.0731204 0.0630404 0.0542808 0.0746152 0.0894185 0.0671436 0.0686095 0.0516699 0.0561210 0.0596142 0.0555280 0.0544030 0.0579610 0.0696692 0.0719790 0.0675905 0.0798292 0.0607694 0.0673698 0.0730211 0.0709476 0.0588476 0.1031614 0.0588623 0.0658226 0.0560493 0.0753617 0.0701642 0.0835410 0.0532615 0.0548667 0.0533380 0.0565936 0.0831655 0.0549694 0.0770152 0.0791923 0.0722104 0.0686759 0.1541636 0.0703356 0.0830361 0.0775667 0.0657426 0.0629878 0.0703647 
I0200_988_Furnariidae_Furnarius_rufus                     0.0487284 0.0678850 0.0576304 0.0391297 0.0675441 0.0813792 0.0532166 0.0584620 0.0737881 0.0966217 0.0538553 0.0472457 0.0667507 0.0717745 0.0000000 0.0566246 0.0407257 0.0358713 0.0470840 0.0353575 0.0508409 0.0307423 0.0471330 0.0487078 0.0474793 0.0614599 0.0490246 0.0830028 0.0512815 0.0548117 0.0510834 0.0328345 0.0349668 0.0635372 0.0650274 0.0604186 0.0530592 0.0155773 0.0734007 0.0346376 0.0792186 0.0352494 0.0317283 0.0975863 0.0816205 0.0913426 0.0512061 0.0917511 0.0651740 0.0626310 0.0569100 0.0291211 0.0493720 0.0610273 0.0318892 0.0150223 0.0605478 0.0536133 0.0501624 0.0352731 0.0641553 0.0512148 0.0515092 0.0814757 0.0330805 0.0741971 0.0607650 0.0491937 0.0536845 0.0801215 0.0712100 0.0562175 0.0818709 0.0747258 0.0300538 0.0326473 0.0557889 0.0509703 0.0325447 0.0548415 0.0495372 0.0517378 0.0589362 0.0665537 0.0700548 0.0711759 0.0485351 0.0450202 0.0678456 0.0831221 0.0637418 0.0563695 0.0565791 0.0483475 0.0666502 0.0697493 0.0898073 0.0480834 0.0745366 0.0500608 0.0494130 0.0500443 0.0584546 0.0660452 0.0657085 0.0615259 0.0546345 0.0499124 0.0549124 0.0606325 0.0803960 0.0532448 0.0626200 0.0797753 0.0518744 0.0467331 0.0322532 0.0652479 0.0487113 0.0479399 0.0743400 0.0591631 0.0474219 0.0515146 0.0495483 0.0404996 0.0587501 0.0553155 0.0733099 0.0486840 0.0861169 0.0526831 0.0577352 0.0481490 0.0636673 0.0906366 0.0713403 0.0523697 0.0462805 0.0546573 0.0629169 0.0580504 0.0484861 0.0517914 0.0480494 0.0615363 0.0515673 0.0808392 0.0699379 0.0569441 0.0493293 0.0717624 0.0793510 0.0413829 0.0330665 0.0470725 0.0508125 0.0530380 0.0516198 0.0498569 0.0526701 0.0623214 0.0643794 0.0618393 0.0725891 0.0549814 0.0609953 0.0286478 0.0363000 0.0535975 0.0984603 0.0529090 0.0608318 0.0515993 0.0419986 0.0444134 0.0762742 0.0481439 0.0478683 0.0482937 0.0522017 0.0760227 0.0502865 0.0520003 0.0519689 0.0446897 0.0369458 0.1414776 0.0446006 0.0564572 0.0511955 0.0596294 0.0619845 0.0462525 
I0201_999_Scolopacidae_Tringa_solitaria                   0.0339418 0.0562653 0.0458908 0.0562011 0.0543003 0.0708354 0.0393179 0.0441850 0.0623978 0.0836551 0.0388228 0.0614100 0.0569190 0.0614559 0.0566246 0.0000000 0.0262939 0.0566123 0.0323431 0.0557337 0.0282734 0.0588264 0.0345308 0.0284029 0.0320933 0.0477927 0.0294041 0.0728042 0.0652475 0.0691462 0.0381707 0.0531643 0.0550824 0.0542313 0.0551576 0.0465587 0.0668796 0.0561256 0.0625576 0.0565854 0.0692219 0.0552164 0.0538245 0.0868903 0.0711136 0.0806663 0.0652872 0.0789932 0.0538817 0.0513914 0.0436003 0.0569304 0.0332467 0.0506842 0.0527163 0.0573201 0.0469616 0.0396109 0.0339000 0.0553902 0.0530312 0.0394890 0.0372550 0.0700440 0.0537821 0.0602693 0.0475820 0.0337886 0.0405940 0.0685654 0.0587722 0.0429348 0.0736740 0.0614413 0.0585569 0.0540162 0.0414148 0.0389448 0.0529536 0.0443602 0.0347157 0.0279221 0.0498375 0.0538433 0.0595673 0.0609782 0.0327814 0.0297087 0.0588033 0.0712369 0.0320632 0.0460710 0.0417546 0.0300110 0.0549552 0.0559392 0.0775773 0.0316559 0.0617476 0.0295894 0.0344257 0.0326236 0.0446510 0.0551058 0.0559775 0.0474110 0.0400162 0.0298729 0.0397945 0.0515922 0.0700138 0.0382451 0.0482750 0.0667167 0.0376133 0.0305322 0.0614513 0.0516817 0.0337748 0.0611394 0.0608290 0.0492677 0.0321319 0.0370438 0.0316726 0.0590972 0.0461072 0.0456638 0.0592542 0.0327784 0.0738201 0.0299998 0.0455308 0.0298233 0.0492972 0.0795876 0.0601249 0.0380832 0.0648546 0.0305528 0.0305068 0.0422210 0.0304382 0.0362261 0.0303583 0.0484176 0.0293835 0.0623463 0.0584240 0.0425746 0.0313944 0.0601146 0.0667250 0.0525455 0.0546815 0.0293711 0.0361157 0.0385823 0.0346832 0.0354775 0.0384089 0.0500310 0.0518246 0.0492428 0.0622589 0.0116710 0.0486584 0.0594900 0.0575770 0.0129478 0.0852382 0.0372211 0.0459361 0.0365477 0.0618144 0.0572010 0.0647518 0.0334593 0.0342792 0.0314141 0.0371746 0.0624290 0.0353542 0.0668236 0.0655006 0.0585163 0.0543219 0.1350879 0.0575792 0.0703889 0.0653558 0.0291928 0.0494950 0.0534178 
I0202_1066_Cathartidae_Cathartes_burrovianus              0.0177253 0.0405476 0.0302976 0.0412765 0.0403323 0.0572900 0.0242679 0.0210098 0.0478523 0.0709466 0.0241441 0.0455653 0.0402011 0.0448024 0.0407257 0.0262939 0.0000000 0.0404039 0.0170046 0.0397076 0.0210172 0.0433972 0.0182104 0.0187257 0.0169183 0.0277181 0.0197227 0.0596773 0.0500107 0.0524660 0.0214243 0.0374336 0.0392235 0.0399331 0.0410695 0.0271418 0.0510702 0.0401525 0.0475658 0.0403367 0.0562187 0.0398739 0.0375452 0.0733496 0.0564399 0.0671742 0.0501345 0.0649010 0.0378361 0.0363235 0.0279491 0.0414937 0.0179021 0.0351513 0.0369209 0.0408885 0.0267106 0.0249389 0.0200145 0.0391349 0.0384752 0.0223705 0.0217738 0.0573749 0.0379976 0.0462953 0.0328712 0.0190105 0.0258297 0.0537773 0.0443606 0.0285933 0.0609346 0.0475578 0.0425305 0.0379997 0.0266517 0.0222203 0.0368154 0.0296567 0.0190300 0.0210183 0.0333260 0.0386138 0.0431585 0.0469472 0.0172583 0.0031811 0.0447457 0.0588731 0.0350639 0.0306576 0.0274659 0.0169210 0.0410588 0.0418558 0.0632720 0.0179441 0.0475883 0.0203463 0.0181102 0.0194472 0.0304325 0.0393971 0.0424137 0.0337675 0.0239667 0.0203016 0.0244572 0.0354280 0.0569222 0.0235129 0.0344735 0.0546187 0.0230417 0.0155706 0.0447599 0.0382934 0.0187923 0.0463146 0.0467805 0.0333769 0.0169324 0.0212894 0.0180784 0.0435456 0.0311636 0.0299062 0.0454261 0.0176165 0.0586642 0.0226851 0.0301672 0.0162199 0.0353414 0.0662749 0.0463730 0.0238221 0.0488594 0.0243938 0.0339757 0.0284557 0.0163932 0.0218514 0.0162321 0.0343749 0.0215114 0.0542752 0.0438493 0.0285919 0.0187626 0.0451630 0.0536105 0.0370096 0.0384507 0.0154087 0.0202752 0.0238080 0.0201610 0.0196415 0.0232112 0.0347708 0.0370979 0.0349245 0.0475478 0.0255717 0.0349156 0.0434370 0.0414870 0.0235917 0.0719934 0.0229042 0.0261799 0.0223046 0.0456034 0.0418363 0.0512420 0.0170072 0.0184594 0.0168527 0.0215327 0.0481646 0.0198552 0.0512248 0.0500325 0.0428695 0.0384362 0.1230712 0.0422301 0.0544116 0.0500228 0.0307563 0.0331529 0.0375814 
I0203_1087_Tyrannidae_Hymenops_perspicillatus             0.0488113 0.0662790 0.0586758 0.0396481 0.0661355 0.0786393 0.0528907 0.0580140 0.0734381 0.0926093 0.0541898 0.0467265 0.0670052 0.0702554 0.0358713 0.0566123 0.0404039 0.0000000 0.0478871 0.0129822 0.0519830 0.0382682 0.0478968 0.0501626 0.0486135 0.0609022 0.0506022 0.0797365 0.0510021 0.0531719 0.0515593 0.0215680 0.0221132 0.0659509 0.0677556 0.0608877 0.0526335 0.0350903 0.0730808 0.0213867 0.0798374 0.0196499 0.0202617 0.0953904 0.0811841 0.0908177 0.0501828 0.0907757 0.0639428 0.0643051 0.0573649 0.0370146 0.0494664 0.0611248 0.0205357 0.0364979 0.0606332 0.0541302 0.0505120 0.0099917 0.0639415 0.0517600 0.0511042 0.0816186 0.0202682 0.0734173 0.0617870 0.0484117 0.0533556 0.0806889 0.0721844 0.0561684 0.0787872 0.0754528 0.0375779 0.0202613 0.0561254 0.0513646 0.0207586 0.0560472 0.0493865 0.0521506 0.0592409 0.0667776 0.0711687 0.0722260 0.0484015 0.0441072 0.0691023 0.0836917 0.0629562 0.0562246 0.0564008 0.0479597 0.0677970 0.0695566 0.0867399 0.0488743 0.0739468 0.0513144 0.0500242 0.0504053 0.0598911 0.0651561 0.0648951 0.0630476 0.0545294 0.0509398 0.0549225 0.0612437 0.0811589 0.0544672 0.0631919 0.0803999 0.0523231 0.0473821 0.0388152 0.0655843 0.0493258 0.0462591 0.0749746 0.0595093 0.0480790 0.0516669 0.0489727 0.0406618 0.0589992 0.0552832 0.0733678 0.0483915 0.0863102 0.0535289 0.0573097 0.0476315 0.0649136 0.0867838 0.0719670 0.0527008 0.0469143 0.0550219 0.0628462 0.0589669 0.0478864 0.0525041 0.0474132 0.0613948 0.0522173 0.0826922 0.0693074 0.0571579 0.0492613 0.0703002 0.0803635 0.0405138 0.0216170 0.0465219 0.0515579 0.0543767 0.0514596 0.0504926 0.0533183 0.0616204 0.0650939 0.0612853 0.0727628 0.0550825 0.0604988 0.0377767 0.0118207 0.0534063 0.0970106 0.0534681 0.0596839 0.0512698 0.0431036 0.0424126 0.0770196 0.0473297 0.0488541 0.0484984 0.0524249 0.0771038 0.0509209 0.0508058 0.0511607 0.0436618 0.0370774 0.1449922 0.0424991 0.0545384 0.0511227 0.0605858 0.0616126 0.0473591 
I0204_1174_Threskiornithidae_Harpiprion_caerulescens      0.0247351 0.0468714 0.0367248 0.0481582 0.0465523 0.0641626 0.0295030 0.0357918 0.0547915 0.0785129 0.0291654 0.0521713 0.0466494 0.0530564 0.0470840 0.0323431 0.0170046 0.0478871 0.0000000 0.0474279 0.0267057 0.0507479 0.0248496 0.0235477 0.0218163 0.0389609 0.0247658 0.0661327 0.0568970 0.0599779 0.0281309 0.0451116 0.0470301 0.0451853 0.0464853 0.0389385 0.0580302 0.0470174 0.0533080 0.0479532 0.0609147 0.0472829 0.0447367 0.0792385 0.0575374 0.0720780 0.0569249 0.0722250 0.0444535 0.0420609 0.0346681 0.0486597 0.0220169 0.0417946 0.0442321 0.0484140 0.0381118 0.0305523 0.0229752 0.0468346 0.0449020 0.0290428 0.0275760 0.0625981 0.0455515 0.0529236 0.0380846 0.0230654 0.0317733 0.0608983 0.0505516 0.0349473 0.0680072 0.0529995 0.0493276 0.0452124 0.0323511 0.0289940 0.0445443 0.0359137 0.0259373 0.0266620 0.0401443 0.0452926 0.0498980 0.0533895 0.0205058 0.0198004 0.0501047 0.0636124 0.0408976 0.0369335 0.0329278 0.0204761 0.0462412 0.0481382 0.0711998 0.0229568 0.0538205 0.0258698 0.0255050 0.0233409 0.0353828 0.0456832 0.0477782 0.0388966 0.0307236 0.0257381 0.0303363 0.0421809 0.0616619 0.0275115 0.0403773 0.0589859 0.0269885 0.0200850 0.0523636 0.0433368 0.0229803 0.0537475 0.0522231 0.0399607 0.0205689 0.0284428 0.0219871 0.0507059 0.0370828 0.0363430 0.0503036 0.0216354 0.0666959 0.0284017 0.0362269 0.0203205 0.0407287 0.0723334 0.0513920 0.0289157 0.0567296 0.0298091 0.0392343 0.0332958 0.0207597 0.0276483 0.0201931 0.0393568 0.0271679 0.0615777 0.0505255 0.0336793 0.0225612 0.0507205 0.0589781 0.0446322 0.0456699 0.0187580 0.0241820 0.0288799 0.0236988 0.0262308 0.0283898 0.0406396 0.0429399 0.0398416 0.0531114 0.0319158 0.0399134 0.0497335 0.0490488 0.0301228 0.0783856 0.0286873 0.0377543 0.0279260 0.0529939 0.0491188 0.0553230 0.0228654 0.0250588 0.0209342 0.0275624 0.0535215 0.0260047 0.0586518 0.0559551 0.0499013 0.0461539 0.1302841 0.0493105 0.0627957 0.0569671 0.0363589 0.0400945 0.0446751 
I0205_1183_Tyrannidae_Hirundinea_ferruginea               0.0485857 0.0655305 0.0574408 0.0390426 0.0652455 0.0791745 0.0529776 0.0575238 0.0731774 0.0933305 0.0537267 0.0472109 0.0663950 0.0695083 0.0353575 0.0557337 0.0397076 0.0129822 0.0474279 0.0000000 0.0510910 0.0377493 0.0472938 0.0489348 0.0479651 0.0602516 0.0493413 0.0797279 0.0516860 0.0534475 0.0508183 0.0206829 0.0217976 0.0652117 0.0664743 0.0598503 0.0536788 0.0346837 0.0721766 0.0205152 0.0784194 0.0196373 0.0199964 0.0950174 0.0799023 0.0893826 0.0514707 0.0907115 0.0633260 0.0629674 0.0560730 0.0370343 0.0485691 0.0598171 0.0199430 0.0356744 0.0603313 0.0526612 0.0494522 0.0133204 0.0637675 0.0506730 0.0504595 0.0806943 0.0204224 0.0727796 0.0609983 0.0484092 0.0533461 0.0785473 0.0713183 0.0553182 0.0798369 0.0745957 0.0376593 0.0203135 0.0547621 0.0506971 0.0204544 0.0548076 0.0491861 0.0511684 0.0583695 0.0651311 0.0700533 0.0715209 0.0481191 0.0431542 0.0679308 0.0827778 0.0621907 0.0553033 0.0552337 0.0467943 0.0673432 0.0686252 0.0874028 0.0481003 0.0734306 0.0500097 0.0491684 0.0489363 0.0590174 0.0649276 0.0642997 0.0618747 0.0529839 0.0493133 0.0536093 0.0603450 0.0797801 0.0536670 0.0622955 0.0793085 0.0521068 0.0465103 0.0390881 0.0647136 0.0483632 0.0470923 0.0738412 0.0586922 0.0475498 0.0514322 0.0484527 0.0403049 0.0580159 0.0543198 0.0725071 0.0474898 0.0857118 0.0525019 0.0566692 0.0471823 0.0644360 0.0880181 0.0700392 0.0520325 0.0464958 0.0546458 0.0623181 0.0577860 0.0470247 0.0514272 0.0469798 0.0607011 0.0518235 0.0810626 0.0687757 0.0566031 0.0484675 0.0695002 0.0796074 0.0406626 0.0210838 0.0458822 0.0507877 0.0530553 0.0501831 0.0496906 0.0519517 0.0606196 0.0637117 0.0603597 0.0720668 0.0546502 0.0602189 0.0373356 0.0140408 0.0533810 0.0953093 0.0522792 0.0589949 0.0505267 0.0425064 0.0431096 0.0757965 0.0460938 0.0483956 0.0478875 0.0512764 0.0766033 0.0502163 0.0520030 0.0512664 0.0448233 0.0365519 0.1432080 0.0431686 0.0555028 0.0514966 0.0602806 0.0609077 0.0474417 
