35
Burramyidae_Burramys_parvus                  0.0000000 0.0339932 0.0242477 0.0264166 0.0264681 0.0568471 0.0218071 0.0210138 0.0258933 0.0739845 0.0170587 0.0499409 0.0510970 0.0224854 0.0430249 0.0491124 0.0550948 0.0481579 0.0759614 0.0282892 0.0371424 0.0614361 0.0834881 0.0513076 0.0338442 0.0318129 0.0359277 0.0238792 0.0395709 0.0520108 0.0343901 0.0223385 0.0621288 0.0600294 0.0701447 
Notoryctidae_Notoryctes_typhlops             0.0339932 0.0000000 0.0405794 0.0452241 0.0430811 0.0550348 0.0399378 0.0410947 0.0425017 0.0578436 0.0352172 0.0482941 0.0499102 0.0418616 0.0470793 0.0493374 0.0520437 0.0488210 0.0594389 0.0465258 0.0559075 0.0639741 0.0748617 0.0513662 0.0499820 0.0405504 0.0552799 0.0401531 0.0525185 0.0744801 0.0525521 0.0415558 0.0548607 0.0556029 0.0556778 
Vombatidae_Lasiorhinus_latifrons             0.0242477 0.0405794 0.0000000 0.0243942 0.0239165 0.0553707 0.0247918 0.0233626 0.0238880 0.0738692 0.0199101 0.0519759 0.0491545 0.0248856 0.0440291 0.0515946 0.0536887 0.0487766 0.0709696 0.0250858 0.0392513 0.0710679 0.0875494 0.0506780 0.0318568 0.0319898 0.0363074 0.0224217 0.0410090 0.0477454 0.0336371 0.0254253 0.0665593 0.0570981 0.0691584 
Potoroidae_Bettongia_penicillata             0.0264166 0.0452241 0.0243942 0.0000000 0.0016274 0.0639819 0.0244251 0.0254188 0.0043811 0.0803452 0.0202275 0.0552937 0.0582144 0.0284816 0.0483399 0.0571066 0.0612785 0.0565491 0.0810564 0.0116663 0.0384402 0.0711412 0.0929769 0.0557899 0.0252188 0.0414044 0.0362051 0.0095779 0.0392088 0.0487128 0.0358283 0.0285753 0.0740824 0.0632332 0.0780069 
Potoroidae_Bettongia_lesueur                 0.0264681 0.0430811 0.0239165 0.0016274 0.0000000 0.0631108 0.0237050 0.0240759 0.0043801 0.0772724 0.0190417 0.0544790 0.0554986 0.0270699 0.0475676 0.0553484 0.0594471 0.0546642 0.0779211 0.0111742 0.0381317 0.0700605 0.0933044 0.0554568 0.0252162 0.0419125 0.0352007 0.0091160 0.0400185 0.0470823 0.0358750 0.0271222 0.0724884 0.0623697 0.0749453 
Dasyuridae_Dasyurus_maculatus                0.0568471 0.0550348 0.0553707 0.0639819 0.0631108 0.0000000 0.0590489 0.0615900 0.0638378 0.1028384 0.0496531 0.0095814 0.0126850 0.0615209 0.0866959 0.0092666 0.0035053 0.0127845 0.1049193 0.0633993 0.0796168 0.0866472 0.0987623 0.0104056 0.0764559 0.0477438 0.0775750 0.0570879 0.0796303 0.0934557 0.0733092 0.0639777 0.0930681 0.0024240 0.0998487 
Phalangeridae_Trichosurus_vulpecula          0.0218071 0.0399378 0.0247918 0.0244251 0.0237050 0.0590489 0.0000000 0.0097008 0.0234356 0.0727914 0.0084361 0.0542180 0.0559159 0.0116003 0.0412005 0.0542559 0.0568676 0.0517795 0.0806429 0.0261085 0.0367840 0.0628548 0.0911702 0.0547587 0.0317101 0.0390312 0.0341407 0.0218499 0.0374184 0.0450209 0.0334441 0.0123650 0.0678614 0.0580166 0.0713151 
Phalangeridae_Spilocuscus_maculatus          0.0210138 0.0410947 0.0233626 0.0254188 0.0240759 0.0615900 0.0097008 0.0000000 0.0240399 0.0715723 0.0045366 0.0545280 0.0543799 0.0052826 0.0432036 0.0545690 0.0597060 0.0518697 0.0772364 0.0272403 0.0352767 0.0685314 0.0929041 0.0546459 0.0287739 0.0390183 0.0306514 0.0225350 0.0356027 0.0471956 0.0338566 0.0059527 0.0649066 0.0613231 0.0707544 
Potoroidae_Aepyprymnus_rufescens             0.0258933 0.0425017 0.0238880 0.0043811 0.0043801 0.0638378 0.0234356 0.0240399 0.0000000 0.0757768 0.0185493 0.0554007 0.0565316 0.0259752 0.0473896 0.0573206 0.0639559 0.0556636 0.0739295 0.0108456 0.0379189 0.0680695 0.0855654 0.0568825 0.0246276 0.0424674 0.0365811 0.0086604 0.0391750 0.0499688 0.0354831 0.0265495 0.0706596 0.0631222 0.0735295 
Peramelidae_Perameles_nasuta                 0.0739845 0.0578436 0.0738692 0.0803452 0.0772724 0.1028384 0.0727914 0.0715723 0.0757768 0.0000000 0.0607690 0.1005010 0.0996862 0.0733926 0.0996756 0.0999540 0.0952337 0.1071854 0.0145172 0.0863627 0.0859376 0.0823571 0.1196260 0.0955615 0.1021100 0.0709141 0.0782473 0.0734428 0.0922257 0.1030887 0.0819011 0.0750588 0.0105385 0.1055148 0.0006672 
Phalangeridae_Strigocuscus_pelengensis       0.0170587 0.0352172 0.0199101 0.0202275 0.0190417 0.0496531 0.0084361 0.0045366 0.0185493 0.0607690 0.0000000 0.0439635 0.0443295 0.0057950 0.0244512 0.0444244 0.0469245 0.0403171 0.0609707 0.0221880 0.0307395 0.0519984 0.0697952 0.0448482 0.0234962 0.0348960 0.0287900 0.0186753 0.0273908 0.0395139 0.0275538 0.0064881 0.0604427 0.0500013 0.0587369 
Dasyuridae_Phascogale_tapoatafa              0.0499409 0.0482941 0.0519759 0.0552937 0.0544790 0.0095814 0.0542180 0.0545280 0.0554007 0.1005010 0.0439635 0.0000000 0.0115729 0.0569087 0.0844790 0.0016235 0.0086620 0.0112881 0.0966503 0.0575226 0.0725559 0.0749705 0.0946582 0.0042533 0.0740891 0.0463995 0.0729050 0.0515660 0.0736545 0.0892116 0.0696254 0.0571970 0.0856212 0.0105378 0.0957041 
Dasyuridae_Sminthopsis_macroura              0.0510970 0.0499102 0.0491545 0.0582144 0.0554986 0.0126850 0.0559159 0.0543799 0.0565316 0.0996862 0.0443295 0.0115729 0.0000000 0.0568341 0.0781769 0.0114142 0.0111278 0.0099494 0.0985823 0.0581580 0.0747839 0.0798518 0.0986570 0.0128387 0.0732566 0.0439376 0.0731682 0.0530350 0.0743826 0.0893375 0.0670734 0.0566487 0.0841565 0.0130309 0.0949053 
Phalangeridae_Phalanger_orientalis           0.0224854 0.0418616 0.0248856 0.0284816 0.0270699 0.0615209 0.0116003 0.0052826 0.0259752 0.0733926 0.0057950 0.0569087 0.0568341 0.0000000 0.0426664 0.0569511 0.0606675 0.0552412 0.0843837 0.0294633 0.0384436 0.0711023 0.0951937 0.0574630 0.0328754 0.0438125 0.0351230 0.0246144 0.0382748 0.0463386 0.0353338 0.0029548 0.0700979 0.0633119 0.0742942 
Acrobatidae_Acrobates_pygmaeus               0.0430249 0.0470793 0.0440291 0.0483399 0.0475676 0.0866959 0.0412005 0.0432036 0.0473896 0.0996756 0.0244512 0.0844790 0.0781769 0.0426664 0.0000000 0.0864913 0.0862765 0.0770879 0.1113078 0.0489242 0.0364471 0.0977695 0.1278503 0.0826744 0.0497409 0.0571158 0.0330103 0.0434123 0.0329465 0.0478605 0.0191793 0.0468395 0.0891492 0.0878259 0.0977232 
Dasyuridae_Phascogale_calura                 0.0491124 0.0493374 0.0515946 0.0571066 0.0553484 0.0092666 0.0542559 0.0545690 0.0573206 0.0999540 0.0444244 0.0016235 0.0114142 0.0569511 0.0864913 0.0000000 0.0083615 0.0111154 0.0961089 0.0584440 0.0757136 0.0762514 0.0954669 0.0041256 0.0735486 0.0468593 0.0738791 0.0524254 0.0762524 0.0885554 0.0712840 0.0572408 0.0861557 0.0102110 0.0951550 
Dasyuridae_Sarcophilus_harrisii              0.0550948 0.0520437 0.0536887 0.0612785 0.0594471 0.0035053 0.0568676 0.0597060 0.0639559 0.0952337 0.0469245 0.0086620 0.0111278 0.0606675 0.0862765 0.0083615 0.0000000 0.0111466 0.1002759 0.0621080 0.0768828 0.0790576 0.0959501 0.0099317 0.0743944 0.0461199 0.0775887 0.0563331 0.0779460 0.0936120 0.0730556 0.0630918 0.0893053 0.0042504 0.0924488 
Dasyuridae_Planigale_tenuirostris            0.0481579 0.0488210 0.0487766 0.0565491 0.0546642 0.0127845 0.0517795 0.0518697 0.0556636 0.1071854 0.0403171 0.0112881 0.0099494 0.0552412 0.0770879 0.0111154 0.0111466 0.0000000 0.1014916 0.0567773 0.0733486 0.0759143 0.0969189 0.0114662 0.0707707 0.0476347 0.0729679 0.0498828 0.0713330 0.0887756 0.0662622 0.0561929 0.0888172 0.0129715 0.1007364 
Peramelidae_Echymipera_kalubu                0.0759614 0.0594389 0.0709696 0.0810564 0.0779211 0.1049193 0.0806429 0.0772364 0.0739295 0.0145172 0.0609707 0.0966503 0.0985823 0.0843837 0.1113078 0.0961089 0.1002759 0.1014916 0.0000000 0.0866162 0.0841366 0.0918504 0.1142192 0.0965106 0.0991477 0.0619583 0.0786058 0.0744401 0.0908309 0.1059871 0.0858987 0.0834105 0.0113320 0.1066648 0.0134244 
Macropodidae_Dorcopsulus_vanheurni           0.0282892 0.0465258 0.0250858 0.0116663 0.0111742 0.0633993 0.0261085 0.0272403 0.0108456 0.0863627 0.0221880 0.0575226 0.0581580 0.0294633 0.0489242 0.0584440 0.0621080 0.0567773 0.0866162 0.0000000 0.0380619 0.0775746 0.0955606 0.0589436 0.0217931 0.0454843 0.0367658 0.0031257 0.0377798 0.0489620 0.0394082 0.0290327 0.0778998 0.0626599 0.0812364 
Pseudochiridae_Pseudochirulus_forbesi        0.0371424 0.0559075 0.0392513 0.0384402 0.0381317 0.0796168 0.0367840 0.0352767 0.0379189 0.0859376 0.0307395 0.0725559 0.0747839 0.0384436 0.0364471 0.0757136 0.0768828 0.0733486 0.0841366 0.0380619 0.0000000 0.0977877 0.1156915 0.0706154 0.0461738 0.0541194 0.0156338 0.0326397 0.0090564 0.0347612 0.0300714 0.0390502 0.0759557 0.0805776 0.0833233 
Didelphidae_Didelphis_virginiana             0.0614361 0.0639741 0.0710679 0.0711412 0.0700605 0.0866472 0.0628548 0.0685314 0.0680695 0.0823571 0.0519984 0.0749705 0.0798518 0.0711023 0.0977695 0.0762514 0.0790576 0.0759143 0.0918504 0.0775746 0.0977877 0.0000000 0.0289708 0.0747909 0.0958810 0.0547991 0.0925906 0.0697520 0.0942722 0.1037153 0.0858553 0.0710574 0.0725095 0.0865314 0.0790559 
Marmosidae_Monodelphis_domestica             0.0834881 0.0748617 0.0875494 0.0929769 0.0933044 0.0987623 0.0911702 0.0929041 0.0855654 0.1196260 0.0697952 0.0946582 0.0986570 0.0951937 0.1278503 0.0954669 0.0959501 0.0969189 0.1142192 0.0955606 0.1156915 0.0289708 0.0000000 0.0921053 0.1111263 0.0617328 0.1230877 0.0905541 0.1222299 0.1354977 0.1143124 0.0956117 0.1131075 0.1015477 0.1161769 
Dasyuridae_Antechinus_stuartii               0.0513076 0.0513662 0.0506780 0.0557899 0.0554568 0.0104056 0.0547587 0.0546459 0.0568825 0.0955615 0.0448482 0.0042533 0.0128387 0.0574630 0.0826744 0.0041256 0.0099317 0.0114662 0.0965106 0.0589436 0.0706154 0.0747909 0.0921053 0.0000000 0.0753178 0.0464169 0.0728403 0.0520503 0.0721230 0.0859220 0.0670920 0.0577914 0.0825008 0.0108955 0.0924806 
Hypsiprymnodontidae_Hypsiprymnodon_moschatus 0.0338442 0.0499820 0.0318568 0.0252188 0.0252162 0.0764559 0.0317101 0.0287739 0.0246276 0.1021100 0.0234962 0.0740891 0.0732566 0.0328754 0.0497409 0.0735486 0.0743944 0.0707707 0.0991477 0.0217931 0.0461738 0.0958810 0.1111263 0.0753178 0.0000000 0.0558799 0.0434044 0.0209382 0.0474165 0.0635162 0.0456326 0.0331751 0.0849674 0.0732846 0.1014087 
Microbiotheriidae_Dromiciops_gliroides       0.0318129 0.0405504 0.0319898 0.0414044 0.0419125 0.0477438 0.0390312 0.0390183 0.0424674 0.0709141 0.0348960 0.0463995 0.0439376 0.0438125 0.0571158 0.0468593 0.0461199 0.0476347 0.0619583 0.0454843 0.0541194 0.0547991 0.0617328 0.0464169 0.0558799 0.0000000 0.0552562 0.0403688 0.0525583 0.0711013 0.0463227 0.0446894 0.0577977 0.0487121 0.0674947 
Pseudochiridae_Petauroides_volans            0.0359277 0.0552799 0.0363074 0.0362051 0.0352007 0.0775750 0.0341407 0.0306514 0.0365811 0.0782473 0.0287900 0.0729050 0.0731682 0.0351230 0.0330103 0.0738791 0.0775887 0.0729679 0.0786058 0.0367658 0.0156338 0.0925906 0.1230877 0.0728403 0.0434044 0.0552562 0.0000000 0.0304536 0.0164388 0.0353077 0.0275517 0.0355542 0.0652878 0.0795285 0.0749030 
Macropodidae_Wallabia_bicolor                0.0238792 0.0401531 0.0224217 0.0095779 0.0091160 0.0570879 0.0218499 0.0225350 0.0086604 0.0734428 0.0186753 0.0515660 0.0530350 0.0246144 0.0434123 0.0524254 0.0563331 0.0498828 0.0744401 0.0031257 0.0326397 0.0697520 0.0905541 0.0520503 0.0209382 0.0403688 0.0304536 0.0000000 0.0343552 0.0433753 0.0334516 0.0241016 0.0675429 0.0573514 0.0694911 
Pseudochiridae_Pseudocheirus_occidentalis    0.0395709 0.0525185 0.0410090 0.0392088 0.0400185 0.0796303 0.0374184 0.0356027 0.0391750 0.0922257 0.0273908 0.0736545 0.0743826 0.0382748 0.0329465 0.0762524 0.0779460 0.0713330 0.0908309 0.0377798 0.0090564 0.0942722 0.1222299 0.0721230 0.0474165 0.0525583 0.0164388 0.0343552 0.0000000 0.0387063 0.0309604 0.0388607 0.0826035 0.0811725 0.0904306 
Tarsipedidae_Tarsipes_rostratus              0.0520108 0.0744801 0.0477454 0.0487128 0.0470823 0.0934557 0.0450209 0.0471956 0.0499688 0.1030887 0.0395139 0.0892116 0.0893375 0.0463386 0.0478605 0.0885554 0.0936120 0.0887756 0.1059871 0.0489620 0.0347612 0.1037153 0.1354977 0.0859220 0.0635162 0.0711013 0.0353077 0.0433753 0.0387063 0.0000000 0.0395862 0.0490134 0.0925130 0.0932872 0.1003054 
Acrobatidae_Distoechurus_pennatus            0.0343901 0.0525521 0.0336371 0.0358283 0.0358750 0.0733092 0.0334441 0.0338566 0.0354831 0.0819011 0.0275538 0.0696254 0.0670734 0.0353338 0.0191793 0.0712840 0.0730556 0.0662622 0.0858987 0.0394082 0.0300714 0.0858553 0.1143124 0.0670920 0.0456326 0.0463227 0.0275517 0.0334516 0.0309604 0.0395862 0.0000000 0.0390636 0.0752887 0.0715368 0.0787323 
Phalangeridae_Phalanger_carmelitae           0.0223385 0.0415558 0.0254253 0.0285753 0.0271222 0.0639777 0.0123650 0.0059527 0.0265495 0.0750588 0.0064881 0.0571970 0.0566487 0.0029548 0.0468395 0.0572408 0.0630918 0.0561929 0.0834105 0.0290327 0.0390502 0.0710574 0.0956117 0.0577914 0.0331751 0.0446894 0.0355542 0.0241016 0.0388607 0.0490134 0.0390636 0.0000000 0.0701017 0.0653215 0.0759548 
Peramelidae_Peroryctes_raffrayana            0.0621288 0.0548607 0.0665593 0.0740824 0.0724884 0.0930681 0.0678614 0.0649066 0.0706596 0.0105385 0.0604427 0.0856212 0.0841565 0.0700979 0.0891492 0.0861557 0.0893053 0.0888172 0.0113320 0.0778998 0.0759557 0.0725095 0.1131075 0.0825008 0.0849674 0.0577977 0.0652878 0.0675429 0.0826035 0.0925130 0.0752887 0.0701017 0.0000000 0.1001809 0.0100100 
Dasyuridae_Dasyurus_geffroii                 0.0600294 0.0556029 0.0570981 0.0632332 0.0623697 0.0024240 0.0580166 0.0613231 0.0631222 0.1055148 0.0500013 0.0105378 0.0130309 0.0633119 0.0878259 0.0102110 0.0042504 0.0129715 0.1066648 0.0626599 0.0805776 0.0865314 0.1015477 0.0108955 0.0732846 0.0487121 0.0795285 0.0573514 0.0811725 0.0932872 0.0715368 0.0653215 0.1001809 0.0000000 0.1024794 
Peramelidae_Perameles_gunnii                 0.0701447 0.0556778 0.0691584 0.0780069 0.0749453 0.0998487 0.0713151 0.0707544 0.0735295 0.0006672 0.0587369 0.0957041 0.0949053 0.0742942 0.0977232 0.0951550 0.0924488 0.1007364 0.0134244 0.0812364 0.0833233 0.0790559 0.1161769 0.0924806 0.1014087 0.0674947 0.0749030 0.0694911 0.0904306 0.1003054 0.0787323 0.0759548 0.0100100 0.1024794 0.0000000 
