37
Burramyidae_Burramys_parvus                  0.0000000 0.0498728 0.0431617 0.0380520 0.0381982 0.0431032 0.0293556 0.0283693 0.0376098 0.0521417 0.0506882 0.0278256 0.0439696 0.0613266 0.0281171 0.0390625 0.0410481 0.0595785 0.0456778 0.0522098 0.0409887 0.0383171 0.0744530 0.0713424 0.0543701 0.0406416 0.0522075 0.0369044 0.0395640 0.0457108 0.0453818 0.0381212 0.0506882 0.0277396 0.0553647 0.0612953 0.0529866 
Notoryctidae_Notoryctes_typhlops             0.0498728 0.0000000 0.0616504 0.0532433 0.0512183 0.0510441 0.0518654 0.0501500 0.0519559 0.0583425 0.0609752 0.0455380 0.0539550 0.0671425 0.0491029 0.0594737 0.0516175 0.0666756 0.0524685 0.0622393 0.0548406 0.0516227 0.0829636 0.0764896 0.0613487 0.0567115 0.0627992 0.0553846 0.0542527 0.0654450 0.0603453 0.0572989 0.0609752 0.0491029 0.0638612 0.0689627 0.0589073 
Vombatidae_Lasiorhinus_latifrons             0.0431617 0.0616504 0.0000000 0.0424644 0.0434848 0.0506020 0.0433127 0.0419983 0.0448571 0.0662118 0.0516105 0.0406933 0.0523251 0.0705765 0.0416111 0.0523328 0.0510124 0.0665450 0.0539721 0.0627705 0.0467178 0.0511725 0.0762499 0.0731293 0.0603407 0.0498415 0.0640441 0.0480548 0.0448464 0.0641166 0.0551343 0.0490127 0.0516105 0.0424411 0.0646472 0.0679926 0.0675070 
Potoroidae_Bettongia_penicillata             0.0380520 0.0532433 0.0424644 0.0000000 0.0028276 0.0451431 0.0343152 0.0366524 0.0073132 0.0545222 0.0438856 0.0322130 0.0457172 0.0627362 0.0353366 0.0442436 0.0425300 0.0614477 0.0456291 0.0559926 0.0116524 0.0394225 0.0715466 0.0673344 0.0529821 0.0228045 0.0518314 0.0413931 0.0110367 0.0516893 0.0475122 0.0408111 0.0438856 0.0361292 0.0552274 0.0644534 0.0569533 
Potoroidae_Bettongia_lesueur                 0.0381982 0.0512183 0.0434848 0.0028276 0.0000000 0.0425135 0.0329085 0.0363553 0.0080019 0.0542434 0.0413097 0.0315666 0.0426993 0.0600431 0.0347199 0.0439940 0.0409419 0.0600531 0.0414198 0.0553880 0.0106921 0.0400579 0.0712097 0.0661942 0.0511225 0.0229117 0.0520582 0.0407689 0.0100697 0.0511762 0.0455301 0.0413837 0.0413097 0.0355129 0.0549363 0.0627642 0.0559168 
Dasyuridae_Dasyurus_maculatus                0.0431032 0.0510441 0.0506020 0.0451431 0.0425135 0.0000000 0.0411245 0.0398105 0.0402460 0.0522368 0.0240751 0.0379930 0.0118640 0.0131340 0.0362399 0.0550203 0.0115810 0.0060908 0.0151281 0.0520796 0.0441428 0.0507416 0.0684384 0.0603873 0.0101823 0.0457773 0.0451544 0.0456877 0.0434739 0.0535464 0.0607920 0.0441490 0.0240751 0.0367814 0.0485558 0.0016887 0.0543268 
Phalangeridae_Trichosurus_vulpecula          0.0293556 0.0518654 0.0433127 0.0343152 0.0329085 0.0411245 0.0000000 0.0134554 0.0339042 0.0492469 0.0454209 0.0117984 0.0421241 0.0539798 0.0116457 0.0368486 0.0402876 0.0538333 0.0388408 0.0509339 0.0371813 0.0337908 0.0698589 0.0667949 0.0487194 0.0367745 0.0502729 0.0359126 0.0342028 0.0389900 0.0427900 0.0358881 0.0454209 0.0129871 0.0512293 0.0570230 0.0529933 
Phalangeridae_Spilocuscus_maculatus          0.0283693 0.0501500 0.0419983 0.0366524 0.0363553 0.0398105 0.0134554 0.0000000 0.0358118 0.0492799 0.0473725 0.0075189 0.0396583 0.0538012 0.0072099 0.0386010 0.0387207 0.0543770 0.0397458 0.0494438 0.0388284 0.0345954 0.0739030 0.0712628 0.0466606 0.0393225 0.0526976 0.0372606 0.0363097 0.0401587 0.0449797 0.0393456 0.0473725 0.0078777 0.0497155 0.0571386 0.0519727 
Potoroidae_Aepyprymnus_rufescens             0.0376098 0.0519559 0.0448571 0.0073132 0.0080019 0.0402460 0.0339042 0.0358118 0.0000000 0.0527305 0.0485049 0.0301882 0.0422309 0.0609498 0.0329926 0.0450402 0.0398688 0.0586230 0.0419915 0.0533601 0.0119860 0.0399000 0.0700516 0.0655465 0.0510726 0.0246203 0.0501826 0.0409509 0.0113707 0.0490634 0.0461964 0.0407373 0.0485049 0.0337729 0.0524543 0.0607652 0.0547254 
Peramelidae_Perameles_nasuta                 0.0521417 0.0583425 0.0662118 0.0545222 0.0542434 0.0522368 0.0492469 0.0492799 0.0527305 0.0000000 0.0586933 0.0455236 0.0567960 0.0698334 0.0482281 0.0559848 0.0531828 0.0658202 0.0569493 0.0130725 0.0531919 0.0577016 0.0785343 0.0730184 0.0660657 0.0554907 0.0650295 0.0584863 0.0535770 0.0684814 0.0633067 0.0546992 0.0586933 0.0482944 0.0123142 0.0683649 0.0039573 
Myrmecobiidae_Myrmecobius_fasciatus1         0.0506882 0.0609752 0.0516105 0.0438856 0.0413097 0.0240751 0.0454209 0.0473725 0.0485049 0.0586933 0.0000000 0.0457304 0.0227910 0.0202017 0.0456729 0.0646244 0.0226292 0.0260866 0.0149048 0.0538046 0.0484845 0.0752607 0.0615129 0.0735503 0.0193242 0.0545262 0.0475394 0.0560893 0.0468526 0.0613408 0.0753927 0.0456328 0.0000010 0.0456729 0.0558935 0.0253384 0.0566193 
Phalangeridae_Strigocuscus_pelengensis       0.0278256 0.0455380 0.0406933 0.0322130 0.0315666 0.0379930 0.0117984 0.0075189 0.0301882 0.0455236 0.0457304 0.0000000 0.0400094 0.0497607 0.0052726 0.0348474 0.0386135 0.0512884 0.0384525 0.0462250 0.0326215 0.0305219 0.0678481 0.0651183 0.0473657 0.0338422 0.0455367 0.0328188 0.0311181 0.0357379 0.0394374 0.0334991 0.0457304 0.0062799 0.0463856 0.0525417 0.0478037 
Dasyuridae_Phascogale_tapoatafa              0.0439696 0.0539550 0.0523251 0.0457172 0.0426993 0.0118640 0.0421241 0.0396583 0.0422309 0.0567960 0.0227910 0.0400094 0.0000000 0.0152886 0.0378479 0.0561867 0.0013861 0.0149143 0.0138719 0.0560194 0.0446072 0.0493091 0.0753840 0.0687240 0.0075925 0.0458802 0.0483131 0.0473512 0.0441166 0.0526292 0.0620223 0.0477980 0.0227910 0.0384398 0.0536767 0.0118551 0.0585198 
Dasyuridae_Sminthopsis_macroura              0.0613266 0.0671425 0.0705765 0.0627362 0.0600431 0.0131340 0.0539798 0.0538012 0.0609498 0.0698334 0.0202017 0.0497607 0.0152886 0.0000000 0.0521509 0.0677220 0.0152649 0.0157426 0.0120659 0.0700203 0.0623684 0.0672510 0.0844765 0.0737625 0.0136763 0.0653202 0.0636084 0.0582543 0.0604145 0.0779264 0.0748210 0.0644073 0.0202017 0.0521878 0.0707212 0.0159668 0.0716115 
Phalangeridae_Phalanger_orientalis           0.0281171 0.0491029 0.0416111 0.0353366 0.0347199 0.0362399 0.0116457 0.0072099 0.0329926 0.0482281 0.0456729 0.0052726 0.0378479 0.0521509 0.0000000 0.0367783 0.0363603 0.0520245 0.0364512 0.0478348 0.0362352 0.0317821 0.0698939 0.0664469 0.0445641 0.0378946 0.0471937 0.0351337 0.0336744 0.0395443 0.0414608 0.0358834 0.0456729 0.0018695 0.0482616 0.0544237 0.0507060 
Acrobatidae_Acrobates_pygmaeus               0.0390625 0.0594737 0.0523328 0.0442436 0.0439940 0.0550203 0.0368486 0.0386010 0.0450402 0.0559848 0.0646244 0.0348474 0.0561867 0.0677220 0.0367783 0.0000000 0.0529926 0.0687370 0.0568893 0.0570596 0.0446634 0.0383557 0.0811226 0.0829667 0.0636933 0.0451061 0.0606699 0.0359923 0.0437263 0.0425171 0.0436406 0.0240157 0.0646244 0.0371803 0.0564208 0.0703684 0.0583200 
Dasyuridae_Phascogale_calura                 0.0410481 0.0516175 0.0510124 0.0425300 0.0409419 0.0115810 0.0402876 0.0387207 0.0398688 0.0531828 0.0226292 0.0386135 0.0013861 0.0152649 0.0363603 0.0529926 0.0000000 0.0144807 0.0143473 0.0519657 0.0426676 0.0469871 0.0727665 0.0657185 0.0071400 0.0442836 0.0464821 0.0460083 0.0424399 0.0525290 0.0592169 0.0455464 0.0226292 0.0369109 0.0500383 0.0115729 0.0555098 
Dasyuridae_Sarcophilus_harrisii              0.0595785 0.0666756 0.0665450 0.0614477 0.0600531 0.0060908 0.0538333 0.0543770 0.0586230 0.0658202 0.0260866 0.0512884 0.0149143 0.0157426 0.0520245 0.0687370 0.0144807 0.0000000 0.0158793 0.0658518 0.0596870 0.0666085 0.0840662 0.0731136 0.0153025 0.0661537 0.0639054 0.0601940 0.0576866 0.0771320 0.0761232 0.0657648 0.0260866 0.0520623 0.0674028 0.0074958 0.0669806 
Dasyuridae_Planigale_tenuirostris            0.0456778 0.0524685 0.0539721 0.0456291 0.0414198 0.0151281 0.0388408 0.0397458 0.0419915 0.0569493 0.0149048 0.0384525 0.0138719 0.0120659 0.0364512 0.0568893 0.0143473 0.0158793 0.0000000 0.0558721 0.0476315 0.0484923 0.0715488 0.0626099 0.0131035 0.0462241 0.0449928 0.0433316 0.0471576 0.0509427 0.0637284 0.0469982 0.0149048 0.0364512 0.0544572 0.0140921 0.0591880 
Peramelidae_Echymipera_kalubu                0.0522098 0.0622393 0.0627705 0.0559926 0.0553880 0.0520796 0.0509339 0.0494438 0.0533601 0.0130725 0.0538046 0.0462250 0.0560194 0.0700203 0.0478348 0.0570596 0.0519657 0.0658518 0.0558721 0.0000000 0.0529095 0.0569511 0.0797122 0.0730081 0.0635619 0.0542840 0.0658860 0.0596733 0.0528273 0.0692494 0.0651006 0.0567566 0.0538046 0.0487619 0.0083239 0.0661406 0.0151125 
Macropodidae_Dorcopsulus_vanheurni           0.0409887 0.0548406 0.0467178 0.0116524 0.0106921 0.0441428 0.0371813 0.0388284 0.0119860 0.0531919 0.0484845 0.0326215 0.0446072 0.0623684 0.0362352 0.0446634 0.0426676 0.0596870 0.0476315 0.0529095 0.0000000 0.0407480 0.0754795 0.0705710 0.0532140 0.0254339 0.0542824 0.0435025 0.0050882 0.0516923 0.0483903 0.0420498 0.0484845 0.0370348 0.0523643 0.0622428 0.0551808 
Pseudochiridae_Pseudochirulus_forbesi        0.0383171 0.0516227 0.0511725 0.0394225 0.0400579 0.0507416 0.0337908 0.0345954 0.0399000 0.0577016 0.0752607 0.0305219 0.0493091 0.0672510 0.0317821 0.0383557 0.0469871 0.0666085 0.0484923 0.0569511 0.0407480 0.0000000 0.0836033 0.0819925 0.0558174 0.0450120 0.0566601 0.0229065 0.0385580 0.0142229 0.0379592 0.0390902 0.0752607 0.0325637 0.0578680 0.0685178 0.0595955 
Didelphidae_Didelphis_virginiana             0.0744530 0.0829636 0.0762499 0.0715466 0.0712097 0.0684384 0.0698589 0.0739030 0.0700516 0.0785343 0.0615129 0.0678481 0.0753840 0.0844765 0.0698939 0.0811226 0.0727665 0.0840662 0.0715488 0.0797122 0.0754795 0.0836033 0.0000000 0.0373760 0.0820081 0.0767110 0.0866927 0.0793750 0.0723750 0.0923537 0.0836333 0.0778441 0.0615129 0.0713598 0.0771491 0.0864421 0.0822506 
Marmosidae_Monodelphis_domestica             0.0713424 0.0764896 0.0731293 0.0673344 0.0661942 0.0603873 0.0667949 0.0712628 0.0655465 0.0730184 0.0735503 0.0651183 0.0687240 0.0737625 0.0664469 0.0829667 0.0657185 0.0731136 0.0626099 0.0730081 0.0705710 0.0819925 0.0373760 0.0000000 0.0695884 0.0718972 0.0766853 0.0765182 0.0686049 0.0986828 0.0817515 0.0788351 0.0735503 0.0678271 0.0688088 0.0732241 0.0769923 
Dasyuridae_Antechinus_stuartii               0.0543701 0.0613487 0.0603407 0.0529821 0.0511225 0.0101823 0.0487194 0.0466606 0.0510726 0.0660657 0.0193242 0.0473657 0.0075925 0.0136763 0.0445641 0.0636933 0.0071400 0.0153025 0.0131035 0.0635619 0.0532140 0.0558174 0.0820081 0.0695884 0.0000000 0.0559217 0.0569607 0.0548733 0.0509875 0.0633808 0.0688127 0.0578262 0.0193242 0.0460771 0.0639539 0.0142820 0.0676426 
Hypsiprymnodontidae_Hypsiprymnodon_moschatus 0.0406416 0.0567115 0.0498415 0.0228045 0.0229117 0.0457773 0.0367745 0.0393225 0.0246203 0.0554907 0.0545262 0.0338422 0.0458802 0.0653202 0.0378946 0.0451061 0.0442836 0.0661537 0.0462241 0.0542840 0.0254339 0.0450120 0.0767110 0.0718972 0.0559217 0.0000000 0.0548161 0.0448165 0.0237284 0.0565771 0.0543152 0.0428119 0.0545262 0.0386737 0.0533702 0.0679717 0.0565247 
Microbiotheriidae_Dromiciops_gliroides       0.0522075 0.0627992 0.0640441 0.0518314 0.0520582 0.0451544 0.0502729 0.0526976 0.0501826 0.0650295 0.0475394 0.0455367 0.0483131 0.0636084 0.0471937 0.0606699 0.0464821 0.0639054 0.0449928 0.0658860 0.0542824 0.0566601 0.0866927 0.0766853 0.0569607 0.0548161 0.0000000 0.0546395 0.0533367 0.0659451 0.0692130 0.0587422 0.0475394 0.0471937 0.0667906 0.0643480 0.0668183 
Pseudochiridae_Petauroides_volans            0.0369044 0.0553846 0.0480548 0.0413931 0.0407689 0.0456877 0.0359126 0.0372606 0.0409509 0.0584863 0.0560893 0.0328188 0.0473512 0.0582543 0.0351337 0.0359923 0.0460083 0.0601940 0.0433316 0.0596733 0.0435025 0.0229065 0.0793750 0.0765182 0.0548733 0.0448165 0.0546395 0.0000000 0.0409009 0.0234693 0.0360790 0.0383893 0.0560893 0.0351337 0.0589704 0.0609574 0.0609542 
Macropodidae_Wallabia_bicolor                0.0395640 0.0542527 0.0448464 0.0110367 0.0100697 0.0434739 0.0342028 0.0363097 0.0113707 0.0535770 0.0468526 0.0311181 0.0441166 0.0604145 0.0336744 0.0437263 0.0424399 0.0576866 0.0471576 0.0528273 0.0050882 0.0385580 0.0723750 0.0686049 0.0509875 0.0237284 0.0533367 0.0409009 0.0000000 0.0510770 0.0459620 0.0410644 0.0468526 0.0344647 0.0522943 0.0603296 0.0555478 
Pseudochiridae_Pseudocheirus_occidentalis    0.0457108 0.0654450 0.0641166 0.0516893 0.0511762 0.0535464 0.0389900 0.0401587 0.0490634 0.0684814 0.0613408 0.0357379 0.0526292 0.0779264 0.0395443 0.0425171 0.0525290 0.0771320 0.0509427 0.0692494 0.0516923 0.0142229 0.0923537 0.0986828 0.0633808 0.0565771 0.0659451 0.0234693 0.0510770 0.0000000 0.0495183 0.0486335 0.0613408 0.0407270 0.0691490 0.0815362 0.0677419 
Tarsipedidae_Tarsipes_rostratus              0.0453818 0.0603453 0.0551343 0.0475122 0.0455301 0.0607920 0.0427900 0.0449797 0.0461964 0.0633067 0.0753927 0.0394374 0.0620223 0.0748210 0.0414608 0.0436406 0.0592169 0.0761232 0.0637284 0.0651006 0.0483903 0.0379592 0.0836333 0.0817515 0.0688127 0.0543152 0.0692130 0.0360790 0.0459620 0.0495183 0.0000000 0.0456892 0.0753927 0.0423026 0.0655454 0.0770634 0.0646926 
Acrobatidae_Distoechurus_pennatus            0.0381212 0.0572989 0.0490127 0.0408111 0.0413837 0.0441490 0.0358881 0.0393456 0.0407373 0.0546992 0.0456328 0.0334991 0.0477980 0.0644073 0.0358834 0.0240157 0.0455464 0.0657648 0.0469982 0.0567566 0.0420498 0.0390902 0.0778441 0.0788351 0.0578262 0.0428119 0.0587422 0.0383893 0.0410644 0.0486335 0.0456892 0.0000000 0.0456328 0.0366820 0.0560680 0.0656302 0.0566189 
Myrmecobiidae_Myrmecobius_fasciatus2         0.0506882 0.0609752 0.0516105 0.0438856 0.0413097 0.0240751 0.0454209 0.0473725 0.0485049 0.0586933 0.0000010 0.0457304 0.0227910 0.0202017 0.0456729 0.0646244 0.0226292 0.0260866 0.0149048 0.0538046 0.0484845 0.0752607 0.0615129 0.0735503 0.0193242 0.0545262 0.0475394 0.0560893 0.0468526 0.0613408 0.0753927 0.0456328 0.0000000 0.0456729 0.0558935 0.0253384 0.0566193 
Phalangeridae_Phalanger_carmelitae           0.0277396 0.0491029 0.0424411 0.0361292 0.0355129 0.0367814 0.0129871 0.0078777 0.0337729 0.0482944 0.0456729 0.0062799 0.0384398 0.0521878 0.0018695 0.0371803 0.0369109 0.0520623 0.0364512 0.0487619 0.0370348 0.0325637 0.0713598 0.0678271 0.0460771 0.0386737 0.0471937 0.0351337 0.0344647 0.0407270 0.0423026 0.0366820 0.0456729 0.0000000 0.0492772 0.0548826 0.0507749 
Peramelidae_Peroryctes_raffrayana            0.0553647 0.0638612 0.0646472 0.0552274 0.0549363 0.0485558 0.0512293 0.0497155 0.0524543 0.0123142 0.0558935 0.0463856 0.0536767 0.0707212 0.0482616 0.0564208 0.0500383 0.0674028 0.0544572 0.0083239 0.0523643 0.0578680 0.0771491 0.0688088 0.0639539 0.0533702 0.0667906 0.0589704 0.0522943 0.0691490 0.0655454 0.0560680 0.0558935 0.0492772 0.0000000 0.0680323 0.0120086 
Dasyuridae_Dasyurus_geffroii                 0.0612953 0.0689627 0.0679926 0.0644534 0.0627642 0.0016887 0.0570230 0.0571386 0.0607652 0.0683649 0.0253384 0.0525417 0.0118551 0.0159668 0.0544237 0.0703684 0.0115729 0.0074958 0.0140921 0.0661406 0.0622428 0.0685178 0.0864421 0.0732241 0.0142820 0.0679717 0.0643480 0.0609574 0.0603296 0.0815362 0.0770634 0.0656302 0.0253384 0.0548826 0.0680323 0.0000000 0.0696367 
Peramelidae_Perameles_gunnii                 0.0529866 0.0589073 0.0675070 0.0569533 0.0559168 0.0543268 0.0529933 0.0519727 0.0547254 0.0039573 0.0566193 0.0478037 0.0585198 0.0716115 0.0507060 0.0583200 0.0555098 0.0669806 0.0591880 0.0151125 0.0551808 0.0595955 0.0822506 0.0769923 0.0676426 0.0565247 0.0668183 0.0609542 0.0555478 0.0677419 0.0646926 0.0566189 0.0566193 0.0507749 0.0120086 0.0696367 0.0000000 
