35
Burramyidae_Burramys_parvus                  0.0000000 0.0842062 0.0578371 0.0645863 0.0622417 0.0875570 0.0375523 0.0431940 0.0604555 0.0946729 0.0504703 0.0880063 0.0818143 0.0530461 0.0676553 0.0883789 0.0869847 0.0817477 0.0857678 0.0577048 0.0719891 0.1140903 0.1080118 0.0852627 0.0540722 0.0763780 0.0612444 0.0592041 0.0450756 0.0815014 0.0586583 0.0449282 0.0956796 0.0892028 0.0710072 
Notoryctidae_Notoryctes_typhlops             0.0842062 0.0000000 0.0858442 0.0958712 0.0937019 0.0912810 0.0552346 0.0757815 0.0935340 0.1027051 0.0821762 0.0963108 0.0917857 0.0856922 0.0963557 0.0939759 0.0936824 0.0900525 0.0953093 0.0908280 0.0994869 0.1158942 0.1128479 0.0916275 0.0815443 0.0873765 0.0887804 0.0934233 0.0634391 0.1105027 0.0951717 0.0782503 0.1056884 0.0988086 0.0735557 
Vombatidae_Lasiorhinus_latifrons             0.0578371 0.0858442 0.0000000 0.0700031 0.0686042 0.0840871 0.0386128 0.0478536 0.0684840 0.0988408 0.0543341 0.0879412 0.0849924 0.0538620 0.0698957 0.0860490 0.0843773 0.0804255 0.0890814 0.0648498 0.0748408 0.1154187 0.1120496 0.0873584 0.0577525 0.0804712 0.0675109 0.0656718 0.0751201 0.0834467 0.0634958 0.0473585 0.0970196 0.0849075 0.0697045 
Potoroidae_Bettongia_penicillata             0.0645863 0.0958712 0.0700031 0.0000000 0.0031246 0.0943045 0.0497417 0.0474052 0.0144868 0.1129516 0.0564250 0.0948279 0.0898670 0.0588328 0.0724564 0.0918464 0.0955042 0.0881314 0.1029655 0.0251163 0.0809788 0.1291291 0.1190949 0.0916024 0.0362828 0.0840980 0.0698787 0.0239044 0.0958297 0.0867732 0.0670360 0.0491118 0.1093211 0.0938997 0.0861945 
Potoroidae_Bettongia_lesueur                 0.0622417 0.0937019 0.0686042 0.0031246 0.0000000 0.0928329 0.0500437 0.0465460 0.0141816 0.1125756 0.0557333 0.0932391 0.0884262 0.0585499 0.0718221 0.0903764 0.0940220 0.0874651 0.1009176 0.0247521 0.0801388 0.1264809 0.1180917 0.0901128 0.0355684 0.0820397 0.0689458 0.0236075 0.1021557 0.0869798 0.0661766 0.0489701 0.1079813 0.0924254 0.0854585 
Dasyuridae_Dasyurus_maculatus                0.0875570 0.0912810 0.0840871 0.0943045 0.0928329 0.0000000 0.0584113 0.0750262 0.0929176 0.1063995 0.0793629 0.0137666 0.0151553 0.0818315 0.0938239 0.0138517 0.0037528 0.0153962 0.0970518 0.0905443 0.0989675 0.1263319 0.1195672 0.0129517 0.0759727 0.0810592 0.0886529 0.0907277 0.0542648 0.1041184 0.0915911 0.0711038 0.1028583 0.0054896 0.0819654 
Phalangeridae_Trichosurus_vulpecula          0.0375523 0.0552346 0.0386128 0.0497417 0.0500437 0.0584113 0.0000000 0.0109609 0.0454963 0.0644254 0.0106139 0.0590457 0.0573384 0.0121146 0.0464910 0.0598186 0.0604333 0.0555530 0.0647579 0.0443566 0.0434724 0.0817941 0.0766388 0.0564642 0.0362621 0.0507566 0.0400795 0.0466631 0.0262530 0.0620153 0.0372907 0.0105135 0.0671344 0.0609933 0.0654443 
Phalangeridae_Spilocuscus_maculatus          0.0431940 0.0757815 0.0478536 0.0474052 0.0465460 0.0750262 0.0109609 0.0000000 0.0466503 0.0861925 0.0130221 0.0754617 0.0713818 0.0154180 0.0526018 0.0738379 0.0756587 0.0705718 0.0775920 0.0454760 0.0530995 0.1005083 0.0975264 0.0719385 0.0382854 0.0681677 0.0454464 0.0458062 0.0251838 0.0591464 0.0463125 0.0056241 0.0847910 0.0762247 0.0604167 
Potoroidae_Aepyprymnus_rufescens             0.0604555 0.0935340 0.0684840 0.0144868 0.0141816 0.0929176 0.0454963 0.0466503 0.0000000 0.1058224 0.0545566 0.0921507 0.0884028 0.0568327 0.0713512 0.0900613 0.0941098 0.0858677 0.0982556 0.0227427 0.0788854 0.1204043 0.1150345 0.0906396 0.0327276 0.0821979 0.0676570 0.0227513 0.0598033 0.0826106 0.0637429 0.0479943 0.1039805 0.0925105 0.0780087 
Peramelidae_Perameles_nasuta                 0.0946729 0.1027051 0.0988408 0.1129516 0.1125756 0.1063995 0.0644254 0.0861925 0.1058224 0.0000000 0.0951741 0.1081474 0.1037875 0.0975154 0.1078991 0.1080533 0.1073907 0.1021901 0.0088423 0.1084214 0.1054139 0.1338892 0.1303050 0.1057973 0.0915949 0.0971997 0.1009168 0.1106015 0.0508259 0.1175029 0.1035373 0.0849369 0.0099876 0.1130471 0.0009739 
Phalangeridae_Strigocuscus_pelengensis       0.0504703 0.0821762 0.0543341 0.0564250 0.0557333 0.0793629 0.0106139 0.0130221 0.0545566 0.0951741 0.0000000 0.0841552 0.0777647 0.0087573 0.0622579 0.0824209 0.0796228 0.0734823 0.0881286 0.0518810 0.0596216 0.1137475 0.1085156 0.0800054 0.0470710 0.0763536 0.0524444 0.0522453 0.0296348 0.0698362 0.0534962 0.0118093 0.0935910 0.0813987 0.0617121 
Dasyuridae_Phascogale_tapoatafa              0.0880063 0.0963108 0.0879412 0.0948279 0.0932391 0.0137666 0.0590457 0.0754617 0.0921507 0.1081474 0.0841552 0.0000000 0.0183256 0.0855372 0.0920265 0.0011773 0.0129599 0.0186199 0.1001966 0.0881993 0.1027011 0.1262072 0.1192059 0.0064894 0.0756203 0.0876750 0.0916266 0.0874354 0.0706032 0.1056219 0.0915989 0.0741111 0.1042448 0.0158458 0.0863204 
Dasyuridae_Sminthopsis_macroura              0.0818143 0.0917857 0.0849924 0.0898670 0.0884262 0.0151553 0.0573384 0.0713818 0.0884028 0.1037875 0.0777647 0.0183256 0.0000000 0.0785677 0.0931240 0.0180044 0.0160371 0.0093940 0.0933424 0.0866773 0.0961758 0.1292213 0.1228684 0.0157391 0.0700039 0.0816270 0.0858806 0.0869633 0.0490877 0.1032771 0.0895055 0.0685042 0.0982200 0.0174714 0.0805254 
Phalangeridae_Phalanger_orientalis           0.0530461 0.0856922 0.0538620 0.0588328 0.0585499 0.0818315 0.0121146 0.0154180 0.0568327 0.0975154 0.0087573 0.0855372 0.0785677 0.0000000 0.0661626 0.0833783 0.0816900 0.0767151 0.0899486 0.0562818 0.0613023 0.1150170 0.1110216 0.0823502 0.0495284 0.0759197 0.0545502 0.0560588 0.0204895 0.0712301 0.0560661 0.0115742 0.0960519 0.0835035 0.0635747 
Acrobatidae_Acrobates_pygmaeus               0.0676553 0.0963557 0.0698957 0.0724564 0.0718221 0.0938239 0.0464910 0.0526018 0.0713512 0.1078991 0.0622579 0.0920265 0.0931240 0.0661626 0.0000000 0.0921383 0.0947829 0.0907836 0.1012561 0.0716063 0.0741911 0.1181986 0.1207474 0.0929480 0.0667475 0.0811162 0.0600333 0.0711990 0.0551544 0.0792517 0.0363634 0.0540161 0.1098380 0.0962219 0.0860115 
Dasyuridae_Phascogale_calura                 0.0883789 0.0939759 0.0860490 0.0918464 0.0903764 0.0138517 0.0598186 0.0738379 0.0900613 0.1080533 0.0824209 0.0011773 0.0180044 0.0833783 0.0921383 0.0000000 0.0130737 0.0181957 0.0998551 0.0848913 0.1013410 0.1264130 0.1189696 0.0065057 0.0734709 0.0853849 0.0908557 0.0860338 0.0723014 0.1044917 0.0899410 0.0732050 0.1043491 0.0158952 0.0869105 
Dasyuridae_Sarcophilus_harrisii              0.0869847 0.0936824 0.0843773 0.0955042 0.0940220 0.0037528 0.0604333 0.0756587 0.0941098 0.1073907 0.0796228 0.0129599 0.0160371 0.0816900 0.0947829 0.0130737 0.0000000 0.0165809 0.0983777 0.0912931 0.1011345 0.1282298 0.1209075 0.0127147 0.0770304 0.0838174 0.0907880 0.0919029 0.0590658 0.1055558 0.0914887 0.0714265 0.1033573 0.0050563 0.0848403 
Dasyuridae_Planigale_tenuirostris            0.0817477 0.0900525 0.0804255 0.0881314 0.0874651 0.0153962 0.0555530 0.0705718 0.0858677 0.1021901 0.0734823 0.0186199 0.0093940 0.0767151 0.0907836 0.0181957 0.0165809 0.0000000 0.0921693 0.0836129 0.0946332 0.1242906 0.1174087 0.0176270 0.0677798 0.0825352 0.0852760 0.0847345 0.0574118 0.1018449 0.0843620 0.0676044 0.0961861 0.0180539 0.0786057 
Peramelidae_Echymipera_kalubu                0.0857678 0.0953093 0.0890814 0.1029655 0.1009176 0.0970518 0.0647579 0.0775920 0.0982556 0.0088423 0.0881286 0.1001966 0.0933424 0.0899486 0.1012561 0.0998551 0.0983777 0.0921693 0.0000000 0.0989575 0.1012847 0.1231448 0.1226065 0.0954294 0.0845615 0.0877621 0.0955963 0.0995726 0.0507469 0.1077045 0.0950570 0.0769334 0.0089453 0.1024706 0.0056685 
Macropodidae_Dorcopsulus_vanheurni           0.0577048 0.0908280 0.0648498 0.0251163 0.0247521 0.0905443 0.0443566 0.0454760 0.0227427 0.1084214 0.0518810 0.0881993 0.0866773 0.0562818 0.0716063 0.0848913 0.0912931 0.0836129 0.0989575 0.0000000 0.0712031 0.1145848 0.1130381 0.0863004 0.0322958 0.0763601 0.0619918 0.0099538 0.0648771 0.0808358 0.0616910 0.0476497 0.1052942 0.0901181 0.0805340 
Pseudochiridae_Pseudochirulus_forbesi        0.0719891 0.0994869 0.0748408 0.0809788 0.0801388 0.0989675 0.0434724 0.0530995 0.0788854 0.1054139 0.0596216 0.1027011 0.0961758 0.0613023 0.0741911 0.1013410 0.1011345 0.0946332 0.1012847 0.0712031 0.0000000 0.1331327 0.1340217 0.1021596 0.0646975 0.0920165 0.0406483 0.0736727 0.0058369 0.0760822 0.0653587 0.0522059 0.1092064 0.1013454 0.0712588 
Didelphidae_Didelphis_virginiana             0.1140903 0.1158942 0.1154187 0.1291291 0.1264809 0.1263319 0.0817941 0.1005083 0.1204043 0.1338892 0.1137475 0.1262072 0.1292213 0.1150170 0.1181986 0.1264130 0.1282298 0.1242906 0.1231448 0.1145848 0.1331327 0.0000000 0.0257053 0.1276493 0.1054067 0.1129168 0.1207613 0.1192866 0.0745460 0.1374358 0.1216556 0.1024684 0.1314677 0.1324469 0.0988717 
Marmosidae_Monodelphis_domestica             0.1080118 0.1128479 0.1120496 0.1190949 0.1180917 0.1195672 0.0766388 0.0975264 0.1150345 0.1303050 0.1085156 0.1192059 0.1228684 0.1110216 0.1207474 0.1189696 0.1209075 0.1174087 0.1226065 0.1130381 0.1340217 0.0257053 0.0000000 0.1206232 0.1048420 0.1114416 0.1208178 0.1150213 0.0792567 0.1318264 0.1189554 0.0976850 0.1260698 0.1254992 0.1012165 
Dasyuridae_Antechinus_stuartii               0.0852627 0.0916275 0.0873584 0.0916024 0.0901128 0.0129517 0.0564642 0.0719385 0.0906396 0.1057973 0.0800054 0.0064894 0.0157391 0.0823502 0.0929480 0.0065057 0.0127147 0.0176270 0.0954294 0.0863004 0.1021596 0.1276493 0.1206232 0.0000000 0.0729992 0.0819417 0.0884799 0.0886421 0.0637326 0.1054771 0.0890310 0.0720743 0.1019324 0.0155662 0.0813961 
Hypsiprymnodontidae_Hypsiprymnodon_moschatus 0.0540722 0.0815443 0.0577525 0.0362828 0.0355684 0.0759727 0.0362621 0.0382854 0.0327276 0.0915949 0.0470710 0.0756203 0.0700039 0.0495284 0.0667475 0.0734709 0.0770304 0.0677798 0.0845615 0.0322958 0.0646975 0.1054067 0.1048420 0.0729992 0.0000000 0.0718212 0.0574649 0.0316733 0.0468907 0.0741874 0.0561729 0.0422749 0.0900584 0.0755228 0.0657656 
Microbiotheriidae_Dromiciops_gliroides       0.0763780 0.0873765 0.0804712 0.0840980 0.0820397 0.0810592 0.0507566 0.0681677 0.0821979 0.0971997 0.0763536 0.0876750 0.0816270 0.0759197 0.0811162 0.0853849 0.0838174 0.0825352 0.0877621 0.0763601 0.0920165 0.1129168 0.1114416 0.0819417 0.0718212 0.0000000 0.0825220 0.0796236 0.0570530 0.0998156 0.0797813 0.0696335 0.0951254 0.0866048 0.0686112 
Pseudochiridae_Petauroides_volans            0.0612444 0.0887804 0.0675109 0.0698787 0.0689458 0.0886529 0.0400795 0.0454464 0.0676570 0.1009168 0.0524444 0.0916266 0.0858806 0.0545502 0.0600333 0.0908557 0.0907880 0.0852760 0.0955963 0.0619918 0.0406483 0.1207613 0.1208178 0.0884799 0.0574649 0.0825220 0.0000000 0.0629087 0.0237589 0.0647964 0.0557341 0.0471115 0.1006165 0.0927922 0.0728178 
Macropodidae_Wallabia_bicolor                0.0592041 0.0934233 0.0656718 0.0239044 0.0236075 0.0907277 0.0466631 0.0458062 0.0227513 0.1106015 0.0522453 0.0874354 0.0869633 0.0560588 0.0711990 0.0860338 0.0919029 0.0847345 0.0995726 0.0099538 0.0736727 0.1192866 0.1150213 0.0886421 0.0316733 0.0796236 0.0629087 0.0000000 0.0685346 0.0808668 0.0629174 0.0478890 0.1070793 0.0903155 0.0830526 
Pseudochiridae_Pseudocheirus_occidentalis    0.0450756 0.0634391 0.0751201 0.0958297 0.1021557 0.0542648 0.0262530 0.0251838 0.0598033 0.0508259 0.0296348 0.0706032 0.0490877 0.0204895 0.0551544 0.0723014 0.0590658 0.0574118 0.0507469 0.0648771 0.0058369 0.0745460 0.0792567 0.0637326 0.0468907 0.0570530 0.0237589 0.0685346 0.0000000 0.0463174 0.0367266 0.0183315 0.0653998 0.0641615 0.0507095 
Tarsipedidae_Tarsipes_rostratus              0.0815014 0.1105027 0.0834467 0.0867732 0.0869798 0.1041184 0.0620153 0.0591464 0.0826106 0.1175029 0.0698362 0.1056219 0.1032771 0.0712301 0.0792517 0.1044917 0.1055558 0.1018449 0.1077045 0.0808358 0.0760822 0.1374358 0.1318264 0.1054771 0.0741874 0.0998156 0.0647964 0.0808668 0.0463174 0.0000000 0.0745763 0.0623492 0.1163035 0.1057048 0.0891386 
Acrobatidae_Distoechurus_pennatus            0.0586583 0.0951717 0.0634958 0.0670360 0.0661766 0.0915911 0.0372907 0.0463125 0.0637429 0.1035373 0.0534962 0.0915989 0.0895055 0.0560661 0.0363634 0.0899410 0.0914887 0.0843620 0.0950570 0.0616910 0.0653587 0.1216556 0.1189554 0.0890310 0.0561729 0.0797813 0.0557341 0.0629174 0.0367266 0.0745763 0.0000000 0.0499239 0.1046257 0.0923459 0.0706080 
Phalangeridae_Phalanger_carmelitae           0.0449282 0.0782503 0.0473585 0.0491118 0.0489701 0.0711038 0.0105135 0.0056241 0.0479943 0.0849369 0.0118093 0.0741111 0.0685042 0.0115742 0.0540161 0.0732050 0.0714265 0.0676044 0.0769334 0.0476497 0.0522059 0.1024684 0.0976850 0.0720743 0.0422749 0.0696335 0.0471115 0.0478890 0.0183315 0.0623492 0.0499239 0.0000000 0.0809000 0.0727121 0.0602695 
Peramelidae_Peroryctes_raffrayana            0.0956796 0.1056884 0.0970196 0.1093211 0.1079813 0.1028583 0.0671344 0.0847910 0.1039805 0.0099876 0.0935910 0.1042448 0.0982200 0.0960519 0.1098380 0.1043491 0.1033573 0.0961861 0.0089453 0.1052942 0.1092064 0.1314677 0.1260698 0.1019324 0.0900584 0.0951254 0.1006165 0.1070793 0.0653998 0.1163035 0.1046257 0.0809000 0.0000000 0.1083366 0.0085608 
Dasyuridae_Dasyurus_geffroii                 0.0892028 0.0988086 0.0849075 0.0938997 0.0924254 0.0054896 0.0609933 0.0762247 0.0925105 0.1130471 0.0813987 0.0158458 0.0174714 0.0835035 0.0962219 0.0158952 0.0050563 0.0180539 0.1024706 0.0901181 0.1013454 0.1324469 0.1254992 0.0155662 0.0755228 0.0866048 0.0927922 0.0903155 0.0641615 0.1057048 0.0923459 0.0727121 0.1083366 0.0000000 0.0855650 
Peramelidae_Perameles_gunnii                 0.0710072 0.0735557 0.0697045 0.0861945 0.0854585 0.0819654 0.0654443 0.0604167 0.0780087 0.0009739 0.0617121 0.0863204 0.0805254 0.0635747 0.0860115 0.0869105 0.0848403 0.0786057 0.0056685 0.0805340 0.0712588 0.0988717 0.1012165 0.0813961 0.0657656 0.0686112 0.0728178 0.0830526 0.0507095 0.0891386 0.0706080 0.0602695 0.0085608 0.0855650 0.0000000 
