35
Burramyidae_Burramys_parvus                  0.0000000 0.0934233 0.0705154 0.0754501 0.0817188 0.0892485 0.0779462 0.0910416 0.0756759 0.1225752 0.0755508 0.1116065 0.1030652 0.0929782 0.0648316 0.1099448 0.1083196 0.1029343 0.1128500 0.0708422 0.1009639 0.1123378 0.0825100 0.1108665 0.0639515 0.0829044 0.0954246 0.0706206 0.0987747 0.1002898 0.0791492 0.0959553 0.0981659 0.1069639 0.1219910 
Notoryctidae_Notoryctes_typhlops             0.0934233 0.0000000 0.0627126 0.0803987 0.0822912 0.0918163 0.0789770 0.0883554 0.0750960 0.1105005 0.0825304 0.1002686 0.1018155 0.0873463 0.0853137 0.1019090 0.1047691 0.0995541 0.0994095 0.0696920 0.0977895 0.1303521 0.0991462 0.1001525 0.0780193 0.0751255 0.0944046 0.0730621 0.0968528 0.1096224 0.0796878 0.0913631 0.1023548 0.0985788 0.1097878 
Vombatidae_Lasiorhinus_latifrons             0.0705154 0.0627126 0.0000000 0.0500943 0.0523197 0.0761494 0.0556092 0.0630775 0.0492579 0.1063523 0.0588953 0.0863643 0.0846882 0.0649167 0.0632073 0.0873301 0.0871409 0.0829839 0.0942069 0.0443841 0.0675418 0.1052681 0.0733693 0.0860571 0.0516990 0.0638287 0.0639861 0.0447453 0.0662321 0.0830379 0.0510732 0.0678991 0.0959933 0.0832724 0.1035996 
Potoroidae_Bettongia_penicillata             0.0754501 0.0803987 0.0500943 0.0000000 0.0042832 0.0912549 0.0641245 0.0743770 0.0106338 0.1225360 0.0620964 0.0978871 0.1033842 0.0764983 0.0776245 0.1023848 0.1030954 0.0985909 0.1087551 0.0183484 0.0774758 0.1166263 0.0906483 0.0996860 0.0370680 0.0734822 0.0726602 0.0170700 0.0761807 0.0902559 0.0595725 0.0772297 0.1052946 0.0990787 0.1191403 
Potoroidae_Bettongia_lesueur                 0.0817188 0.0822912 0.0523197 0.0042832 0.0000000 0.0937502 0.0669870 0.0767673 0.0130568 0.1177184 0.0630301 0.0998376 0.1045347 0.0779629 0.0794757 0.1045494 0.1064916 0.1019019 0.1050993 0.0188848 0.0792692 0.1232136 0.0925214 0.1017148 0.0394790 0.0795908 0.0729357 0.0191932 0.0792345 0.0965397 0.0597763 0.0782461 0.1009661 0.1022407 0.1162303 
Dasyuridae_Dasyurus_maculatus                0.0892485 0.0918163 0.0761494 0.0912549 0.0937502 0.0000000 0.0941756 0.1037044 0.0921190 0.1264340 0.1017222 0.0173576 0.0284432 0.1044231 0.1351577 0.0184552 0.0041074 0.0267412 0.1156834 0.0792547 0.1065444 0.1096140 0.1103597 0.0180721 0.0795270 0.0829821 0.1116955 0.0813719 0.1095921 0.1156568 0.1005972 0.1027596 0.1078001 0.0041143 0.1240611 
Phalangeridae_Trichosurus_vulpecula          0.0779462 0.0789770 0.0556092 0.0641245 0.0669870 0.0941756 0.0000000 0.0252119 0.0622132 0.1170942 0.0221191 0.1068250 0.0978848 0.0286947 0.0611992 0.1087095 0.1072922 0.0992384 0.1085389 0.0559404 0.0830650 0.1258417 0.0886846 0.1047548 0.0678534 0.0783127 0.0806723 0.0566841 0.0816361 0.0895154 0.0635955 0.0303651 0.1056946 0.1040294 0.1108854 
Phalangeridae_Spilocuscus_maculatus          0.0910416 0.0883554 0.0630775 0.0743770 0.0767673 0.1037044 0.0252119 0.0000000 0.0733569 0.1204693 0.0097673 0.1162012 0.1016233 0.0115945 0.0593996 0.1200966 0.1154758 0.1105875 0.1138314 0.0658436 0.0944303 0.1327715 0.0812095 0.1123187 0.0794100 0.0844017 0.0950750 0.0665452 0.0960920 0.1031169 0.0719803 0.0120811 0.1103963 0.1104079 0.1154313 
Potoroidae_Aepyprymnus_rufescens             0.0756759 0.0750960 0.0492579 0.0106338 0.0130568 0.0921190 0.0622132 0.0733569 0.0000000 0.1228747 0.0636072 0.1002036 0.1039450 0.0758123 0.0800074 0.1030038 0.1042647 0.0994798 0.1067694 0.0190221 0.0766538 0.1149696 0.0988651 0.1009003 0.0374856 0.0753529 0.0708725 0.0174133 0.0768542 0.0899952 0.0559668 0.0765294 0.1042018 0.0991095 0.1183324 
Peramelidae_Perameles_nasuta                 0.1225752 0.1105005 0.1063523 0.1225360 0.1177184 0.1264340 0.1170942 0.1204693 0.1228747 0.0000000 0.1051042 0.1498783 0.1424997 0.1251170 0.1075167 0.1484379 0.1519937 0.1419255 0.0212175 0.1112629 0.1457419 0.1475967 0.1253201 0.1500865 0.1155645 0.1145803 0.1477913 0.1137397 0.1477196 0.1484374 0.1224794 0.1272983 0.0370025 0.1504956 0.0029488 
Phalangeridae_Strigocuscus_pelengensis       0.0755508 0.0825304 0.0588953 0.0620964 0.0630301 0.1017222 0.0221191 0.0097673 0.0636072 0.1051042 0.0000000 0.1027276 0.0926288 0.0091139 0.0588064 0.1040038 0.1014473 0.0976734 0.1007261 0.0560715 0.0925081 0.1199851 0.0818686 0.1025081 0.0604383 0.0766134 0.0874082 0.0569380 0.0911182 0.0894218 0.0717795 0.0098099 0.0926423 0.1021822 0.0994078 
Dasyuridae_Phascogale_tapoatafa              0.1116065 0.1002686 0.0863643 0.0978871 0.0998376 0.0173576 0.1068250 0.1162012 0.1002036 0.1498783 0.1027276 0.0000000 0.0351364 0.1172037 0.1325014 0.0078508 0.0214701 0.0273840 0.1399712 0.0881597 0.1135365 0.1290263 0.1066678 0.0125335 0.0965106 0.0915344 0.1213433 0.0901612 0.1213586 0.1353984 0.1100636 0.1162351 0.1289882 0.0198659 0.1489876 
Dasyuridae_Sminthopsis_macroura              0.1030652 0.1018155 0.0846882 0.1033842 0.1045347 0.0284432 0.0978848 0.1016233 0.1039450 0.1424997 0.0926288 0.0351364 0.0000000 0.1029103 0.1185949 0.0359774 0.0324553 0.0304512 0.1305969 0.0899195 0.1138936 0.1307529 0.1105558 0.0295774 0.1024481 0.0950139 0.1218899 0.0931678 0.1231563 0.1337308 0.1078305 0.1024105 0.1212411 0.0302482 0.1396974 
Phalangeridae_Phalanger_orientalis           0.0929782 0.0873463 0.0649167 0.0764983 0.0779629 0.1044231 0.0286947 0.0115945 0.0758123 0.1251170 0.0091139 0.1172037 0.1029103 0.0000000 0.0633453 0.1199038 0.1150845 0.1097506 0.1182003 0.0672404 0.0938732 0.1377608 0.0847367 0.1101103 0.0819901 0.0870820 0.0930515 0.0703991 0.0982630 0.1069931 0.0767636 0.0031729 0.1126501 0.1111734 0.1203736 
Acrobatidae_Acrobates_pygmaeus               0.0648316 0.0853137 0.0632073 0.0776245 0.0794757 0.1351577 0.0611992 0.0593996 0.0800074 0.1075167 0.0588064 0.1325014 0.1185949 0.0633453 0.0000000 0.1305120 0.1365235 0.1309921 0.1009113 0.0724450 0.0887433 0.1112300 0.1124650 0.1340119 0.0725382 0.0891778 0.0847401 0.0682682 0.0830291 0.0716300 0.0333702 0.0667734 0.0965008 0.1351356 0.1040771 
Dasyuridae_Phascogale_calura                 0.1099448 0.1019090 0.0873301 0.1023848 0.1045494 0.0184552 0.1087095 0.1200966 0.1030038 0.1484379 0.1040038 0.0078508 0.0359774 0.1199038 0.1305120 0.0000000 0.0243335 0.0314213 0.1384974 0.0923879 0.1180061 0.1238075 0.1084445 0.0163502 0.0998648 0.0927731 0.1243214 0.0938523 0.1260696 0.1370563 0.1113020 0.1182859 0.1269951 0.0244052 0.1462180 
Dasyuridae_Sarcophilus_harrisii              0.1083196 0.1047691 0.0871409 0.1030954 0.1064916 0.0041074 0.1072922 0.1154758 0.1042647 0.1519937 0.1014473 0.0214701 0.0324553 0.1150845 0.1365235 0.0243335 0.0000000 0.0284646 0.1398539 0.0930951 0.1170287 0.1279257 0.1117199 0.0191529 0.0974458 0.0958694 0.1266099 0.0951698 0.1236675 0.1396299 0.1148575 0.1148853 0.1240131 0.0058676 0.1504242 
Dasyuridae_Planigale_tenuirostris            0.1029343 0.0995541 0.0829839 0.0985909 0.1019019 0.0267412 0.0992384 0.1105875 0.0994798 0.1419255 0.0976734 0.0273840 0.0304512 0.1097506 0.1309921 0.0314213 0.0284646 0.0000000 0.1303731 0.0894789 0.1153563 0.1321500 0.1181720 0.0251089 0.0970708 0.0873489 0.1227588 0.0927442 0.1195130 0.1322923 0.1091675 0.1117122 0.1213065 0.0287680 0.1431676 
Peramelidae_Echymipera_kalubu                0.1128500 0.0994095 0.0942069 0.1087551 0.1050993 0.1156834 0.1085389 0.1138314 0.1067694 0.0212175 0.1007261 0.1399712 0.1305969 0.1182003 0.1009113 0.1384974 0.1398539 0.1303731 0.0000000 0.0976550 0.1304227 0.1345994 0.1180139 0.1394265 0.1038342 0.1050508 0.1326798 0.0994245 0.1331137 0.1391874 0.1059625 0.1191900 0.0288578 0.1358738 0.0193327 
Macropodidae_Dorcopsulus_vanheurni           0.0708422 0.0696920 0.0443841 0.0183484 0.0188848 0.0792547 0.0559404 0.0658436 0.0190221 0.1112629 0.0560715 0.0881597 0.0899195 0.0672404 0.0724450 0.0923879 0.0930951 0.0894789 0.0976550 0.0000000 0.0679649 0.1062986 0.0841779 0.0888342 0.0318458 0.0735494 0.0667136 0.0052940 0.0676084 0.0801947 0.0503325 0.0682507 0.0933977 0.0875944 0.1070618 
Pseudochiridae_Pseudochirulus_forbesi        0.1009639 0.0977895 0.0675418 0.0774758 0.0792692 0.1065444 0.0830650 0.0944303 0.0766538 0.1457419 0.0925081 0.1135365 0.1138936 0.0938732 0.0887433 0.1180061 0.1170287 0.1153563 0.1304227 0.0679649 0.0000000 0.1397187 0.1446979 0.1116661 0.0762132 0.0915093 0.0442834 0.0688496 0.0161127 0.0806446 0.0620529 0.1003199 0.1353308 0.1112836 0.1395322 
Didelphidae_Didelphis_virginiana             0.1123378 0.1303521 0.1052681 0.1166263 0.1232136 0.1096140 0.1258417 0.1327715 0.1149696 0.1475967 0.1199851 0.1290263 0.1307529 0.1377608 0.1112300 0.1238075 0.1279257 0.1321500 0.1345994 0.1062986 0.1397187 0.0000000 0.0295075 0.1300045 0.1093122 0.1167215 0.1454986 0.1070542 0.1438694 0.1474218 0.1273358 0.1412371 0.1257501 0.1271083 0.1443229 
Marmosidae_Monodelphis_domestica             0.0825100 0.0991462 0.0733693 0.0906483 0.0925214 0.1103597 0.0886846 0.0812095 0.0988651 0.1253201 0.0818686 0.1066678 0.1105558 0.0847367 0.1124650 0.1084445 0.1117199 0.1181720 0.1180139 0.0841779 0.1446979 0.0295075 0.0000000 0.1129158 0.0831189 0.0858977 0.1376320 0.0863078 0.1453193 0.1237815 0.1124713 0.0850161 0.1119896 0.1114949 0.1203808 
Dasyuridae_Antechinus_stuartii               0.1108665 0.1001525 0.0860571 0.0996860 0.1017148 0.0180721 0.1047548 0.1123187 0.1009003 0.1500865 0.1025081 0.0125335 0.0295774 0.1101103 0.1340119 0.0163502 0.0191529 0.0251089 0.1394265 0.0888342 0.1116661 0.1300045 0.1129158 0.0000000 0.0985201 0.0921083 0.1219573 0.0910670 0.1210091 0.1384387 0.1103416 0.1090312 0.1267793 0.0175840 0.1492639 
Hypsiprymnodontidae_Hypsiprymnodon_moschatus 0.0639515 0.0780193 0.0516990 0.0370680 0.0394790 0.0795270 0.0678534 0.0794100 0.0374856 0.1155645 0.0604383 0.0965106 0.1024481 0.0819901 0.0725382 0.0998648 0.0974458 0.0970708 0.1038342 0.0318458 0.0762132 0.1093122 0.0831189 0.0985201 0.0000000 0.0778518 0.0743075 0.0310664 0.0733611 0.0828812 0.0586504 0.0844833 0.0983986 0.0954108 0.1135724 
Microbiotheriidae_Dromiciops_gliroides       0.0829044 0.0751255 0.0638287 0.0734822 0.0795908 0.0829821 0.0783127 0.0844017 0.0753529 0.1145803 0.0766134 0.0915344 0.0950139 0.0870820 0.0891778 0.0927731 0.0958694 0.0873489 0.1050508 0.0735494 0.0915093 0.1167215 0.0858977 0.0921083 0.0778518 0.0000000 0.0934057 0.0743577 0.0898603 0.0951958 0.0836091 0.0880549 0.1003616 0.0975157 0.1145677 
Pseudochiridae_Petauroides_volans            0.0954246 0.0944046 0.0639861 0.0726602 0.0729357 0.1116955 0.0806723 0.0950750 0.0708725 0.1477913 0.0874082 0.1213433 0.1218899 0.0930515 0.0847401 0.1243214 0.1266099 0.1227588 0.1326798 0.0667136 0.0442834 0.1454986 0.1376320 0.1219573 0.0743075 0.0934057 0.0000000 0.0674420 0.0393978 0.0751489 0.0613468 0.0978296 0.1315163 0.1218693 0.1445929 
Macropodidae_Wallabia_bicolor                0.0706206 0.0730621 0.0447453 0.0170700 0.0191932 0.0813719 0.0566841 0.0665452 0.0174133 0.1137397 0.0569380 0.0901612 0.0931678 0.0703991 0.0682682 0.0938523 0.0951698 0.0927442 0.0994245 0.0052940 0.0688496 0.1070542 0.0863078 0.0910670 0.0310664 0.0743577 0.0674420 0.0000000 0.0674386 0.0824959 0.0511566 0.0720068 0.0959825 0.0902818 0.1106596 
Pseudochiridae_Pseudocheirus_occidentalis    0.0987747 0.0968528 0.0662321 0.0761807 0.0792345 0.1095921 0.0816361 0.0960920 0.0768542 0.1477196 0.0911182 0.1213586 0.1231563 0.0982630 0.0830291 0.1260696 0.1236675 0.1195130 0.1331137 0.0676084 0.0161127 0.1438694 0.1453193 0.1210091 0.0733611 0.0898603 0.0393978 0.0674386 0.0000000 0.0773217 0.0589337 0.1015517 0.1377366 0.1180384 0.1455803 
Tarsipedidae_Tarsipes_rostratus              0.1002898 0.1096224 0.0830379 0.0902559 0.0965397 0.1156568 0.0895154 0.1031169 0.0899952 0.1484374 0.0894218 0.1353984 0.1337308 0.1069931 0.0716300 0.1370563 0.1396299 0.1322923 0.1391874 0.0801947 0.0806446 0.1474218 0.1237815 0.1384387 0.0828812 0.0951958 0.0751489 0.0824959 0.0773217 0.0000000 0.0729045 0.1122593 0.1356921 0.1352726 0.1460654 
Acrobatidae_Distoechurus_pennatus            0.0791492 0.0796878 0.0510732 0.0595725 0.0597763 0.1005972 0.0635955 0.0719803 0.0559668 0.1224794 0.0717795 0.1100636 0.1078305 0.0767636 0.0333702 0.1113020 0.1148575 0.1091675 0.1059625 0.0503325 0.0620529 0.1273358 0.1124713 0.1103416 0.0586504 0.0836091 0.0613468 0.0511566 0.0589337 0.0729045 0.0000000 0.0796865 0.1069026 0.1084300 0.1184436 
Phalangeridae_Phalanger_carmelitae           0.0959553 0.0913631 0.0678991 0.0772297 0.0782461 0.1027596 0.0303651 0.0120811 0.0765294 0.1272983 0.0098099 0.1162351 0.1024105 0.0031729 0.0667734 0.1182859 0.1148853 0.1117122 0.1191900 0.0682507 0.1003199 0.1412371 0.0850161 0.1090312 0.0844833 0.0880549 0.0978296 0.0720068 0.1015517 0.1122593 0.0796865 0.0000000 0.1183455 0.1102333 0.1207135 
Peramelidae_Peroryctes_raffrayana            0.0981659 0.1023548 0.0959933 0.1052946 0.1009661 0.1078001 0.1056946 0.1103963 0.1042018 0.0370025 0.0926423 0.1289882 0.1212411 0.1126501 0.0965008 0.1269951 0.1240131 0.1213065 0.0288578 0.0933977 0.1353308 0.1257501 0.1119896 0.1267793 0.0983986 0.1003616 0.1315163 0.0959825 0.1377366 0.1356921 0.1069026 0.1183455 0.0000000 0.1217454 0.0348581 
Dasyuridae_Dasyurus_geffroii                 0.1069639 0.0985788 0.0832724 0.0990787 0.1022407 0.0041143 0.1040294 0.1104079 0.0991095 0.1504956 0.1021822 0.0198659 0.0302482 0.1111734 0.1351356 0.0244052 0.0058676 0.0287680 0.1358738 0.0875944 0.1112836 0.1271083 0.1114949 0.0175840 0.0954108 0.0975157 0.1218693 0.0902818 0.1180384 0.1352726 0.1084300 0.1102333 0.1217454 0.0000000 0.1469466 
Peramelidae_Perameles_gunnii                 0.1219910 0.1097878 0.1035996 0.1191403 0.1162303 0.1240611 0.1108854 0.1154313 0.1183324 0.0029488 0.0994078 0.1489876 0.1396974 0.1203736 0.1040771 0.1462180 0.1504242 0.1431676 0.0193327 0.1070618 0.1395322 0.1443229 0.1203808 0.1492639 0.1135724 0.1145677 0.1445929 0.1106596 0.1455803 0.1460654 0.1184436 0.1207135 0.0348581 0.1469466 0.0000000 
