35
Burramyidae_Burramys_parvus                  0.0000000 0.0795217 0.0498993 0.0589646 0.0581996 0.1027384 0.0569413 0.0522415 0.0588731 0.1082295 0.0549846 0.0992038 0.1000857 0.0519261 0.0529648 0.0964832 0.1033241 0.0920347 0.1037468 0.0597722 0.1068724 0.0981315 0.0907331 0.0642198 0.0758252 0.0531607 0.0603638 0.0490384 0.0815472 0.0517328 0.0534812 0.0997710 0.1037247 0.1064404 0.0806494 
Notoryctidae_Notoryctes_typhlops             0.0795217 0.0000000 0.0813710 0.0990935 0.0983337 0.1120566 0.0920063 0.0908869 0.0997292 0.1201818 0.0916117 0.1092056 0.1115250 0.0909901 0.0947913 0.1059863 0.1120696 0.1008455 0.1135307 0.0996308 0.1227674 0.1104900 0.1017918 0.1004619 0.0880135 0.0959853 0.0995186 0.0893664 0.1235826 0.0913609 0.0925292 0.1075196 0.1138406 0.1201120 0.1338051 
Vombatidae_Lasiorhinus_latifrons             0.0498993 0.0813710 0.0000000 0.0677471 0.0662909 0.1044331 0.0680865 0.0655337 0.0672347 0.1057365 0.0669326 0.1035945 0.1081163 0.0638359 0.0640694 0.1000622 0.1051231 0.0957880 0.1023550 0.0702096 0.1098932 0.1001284 0.0913321 0.0680694 0.0794143 0.0615520 0.0675305 0.0610884 0.0902345 0.0617676 0.0651034 0.0981443 0.1047159 0.1054303 0.1127407 
Potoroidae_Bettongia_penicillata             0.0589646 0.0990935 0.0677471 0.0000000 0.0042789 0.1222628 0.0739395 0.0710012 0.0125455 0.1262039 0.0737622 0.1182184 0.1230347 0.0719969 0.0721252 0.1153147 0.1214636 0.1115440 0.1245729 0.0226262 0.1258135 0.1208941 0.1100731 0.0455691 0.0934006 0.0740433 0.0228017 0.0683596 0.1016931 0.0703886 0.0726094 0.1188907 0.1232568 0.1238608 0.1099176 
Potoroidae_Bettongia_lesueur                 0.0581996 0.0983337 0.0662909 0.0042789 0.0000000 0.1203701 0.0720715 0.0701380 0.0119689 0.1245295 0.0722013 0.1163516 0.1206527 0.0708314 0.0712584 0.1133802 0.1195702 0.1110459 0.1227989 0.0214449 0.1241114 0.1198268 0.1086352 0.0443827 0.0921288 0.0733055 0.0216121 0.0672805 0.1011223 0.0685404 0.0714558 0.1169228 0.1213884 0.1218401 0.1087232 
Dasyuridae_Dasyurus_maculatus                0.1027384 0.1120566 0.1044331 0.1222628 0.1203701 0.0000000 0.1207350 0.1174982 0.1213035 0.1384919 0.1190256 0.0210737 0.0373962 0.1158295 0.1091662 0.0193497 0.0069895 0.0287067 0.1356565 0.1218252 0.1492431 0.1345975 0.0216024 0.1239090 0.1065163 0.1159883 0.1232446 0.1111626 0.1374955 0.1091629 0.1166140 0.1286552 0.0077968 0.1385712 0.1970332 
Phalangeridae_Trichosurus_vulpecula          0.0569413 0.0920063 0.0680865 0.0739395 0.0720715 0.1207350 0.0000000 0.0298284 0.0758197 0.1185264 0.0327333 0.1178496 0.1175602 0.0300612 0.0713488 0.1141612 0.1201788 0.1120644 0.1158551 0.0748817 0.1219584 0.1195217 0.1100468 0.0771018 0.0892203 0.0722918 0.0759664 0.0679770 0.1038506 0.0705608 0.0315549 0.1147943 0.1210172 0.1180466 0.1099030 
Phalangeridae_Spilocuscus_maculatus          0.0522415 0.0908869 0.0655337 0.0710012 0.0701380 0.1174982 0.0298284 0.0000000 0.0724771 0.1222702 0.0112609 0.1119758 0.1129432 0.0103625 0.0680308 0.1098190 0.1167008 0.1046226 0.1163373 0.0724395 0.1238209 0.1166121 0.1039736 0.0751988 0.0887304 0.0700024 0.0722638 0.0641276 0.0996230 0.0672311 0.0106291 0.1125187 0.1175474 0.1212844 0.1078550 
Potoroidae_Aepyprymnus_rufescens             0.0588731 0.0997292 0.0672347 0.0125455 0.0119689 0.1213035 0.0758197 0.0724771 0.0000000 0.1253492 0.0749790 0.1179447 0.1230153 0.0738481 0.0744814 0.1158702 0.1211689 0.1149177 0.1219175 0.0225920 0.1246212 0.1204915 0.1119226 0.0468950 0.0932427 0.0742297 0.0236361 0.0683030 0.1028660 0.0707003 0.0747746 0.1173295 0.1223215 0.1231032 0.1096262 
Peramelidae_Perameles_nasuta                 0.1082295 0.1201818 0.1057365 0.1262039 0.1245295 0.1384919 0.1185264 0.1222702 0.1253492 0.0000000 0.1256736 0.1363246 0.1414643 0.1197170 0.1197621 0.1327445 0.1383974 0.1360473 0.0235894 0.1240153 0.1590050 0.1516010 0.1312394 0.1258171 0.1235153 0.1214640 0.1252061 0.1211516 0.1527109 0.1180882 0.1223578 0.0204797 0.1384477 0.0010890 0.1999071 
Phalangeridae_Strigocuscus_pelengensis       0.0549846 0.0916117 0.0669326 0.0737622 0.0722013 0.1190256 0.0327333 0.0112609 0.0749790 0.1256736 0.0000000 0.1143684 0.1155709 0.0101282 0.0715983 0.1122465 0.1193930 0.1063265 0.1207527 0.0740030 0.1223796 0.1169125 0.1064662 0.0755972 0.0886977 0.0732099 0.0743739 0.0663568 0.1028186 0.0723275 0.0109865 0.1172334 0.1190736 0.1249043 0.1144930 
Dasyuridae_Phascogale_tapoatafa              0.0992038 0.1092056 0.1035945 0.1182184 0.1163516 0.0210737 0.1178496 0.1119758 0.1179447 0.1363246 0.1143684 0.0000000 0.0351826 0.1119473 0.1083786 0.0026686 0.0213695 0.0259893 0.1322055 0.1180305 0.1452418 0.1333671 0.0117980 0.1216807 0.1032759 0.1179889 0.1179696 0.1111989 0.1370352 0.1080778 0.1123367 0.1260696 0.0213125 0.1347237 0.2011165 
Dasyuridae_Sminthopsis_macroura              0.1000857 0.1115250 0.1081163 0.1230347 0.1206527 0.0373962 0.1175602 0.1129432 0.1230153 0.1414643 0.1155709 0.0351826 0.0000000 0.1145144 0.1132164 0.0327500 0.0368926 0.0225033 0.1353439 0.1250104 0.1472875 0.1375549 0.0313758 0.1213552 0.1072791 0.1188480 0.1235713 0.1127779 0.1430505 0.1116769 0.1152875 0.1290116 0.0385843 0.1396095 0.1965775 
Phalangeridae_Phalanger_orientalis           0.0519261 0.0909901 0.0638359 0.0719969 0.0708314 0.1158295 0.0300612 0.0103625 0.0738481 0.1197170 0.0101282 0.1119473 0.1145144 0.0000000 0.0676265 0.1095215 0.1157848 0.1053056 0.1143453 0.0730460 0.1208145 0.1152265 0.1033188 0.0738018 0.0865472 0.0707476 0.0735824 0.0637920 0.0995362 0.0682352 0.0037506 0.1125502 0.1158817 0.1187861 0.1058662 
Acrobatidae_Acrobates_pygmaeus               0.0529648 0.0947913 0.0640694 0.0721252 0.0712584 0.1091662 0.0713488 0.0680308 0.0744814 0.1197621 0.0715983 0.1083786 0.1132164 0.0676265 0.0000000 0.1063600 0.1101339 0.1028318 0.1162245 0.0737917 0.1206085 0.1111227 0.1011518 0.0755486 0.0935345 0.0601441 0.0734836 0.0550683 0.0903537 0.0317008 0.0685946 0.1117685 0.1109244 0.1177755 0.0899700 
Dasyuridae_Phascogale_calura                 0.0964832 0.1059863 0.1000622 0.1153147 0.1133802 0.0193497 0.1141612 0.1098190 0.1158702 0.1327445 0.1122465 0.0026686 0.0327500 0.1095215 0.1063600 0.0000000 0.0196429 0.0246633 0.1283270 0.1159598 0.1427397 0.1310243 0.0093814 0.1179367 0.0994812 0.1146012 0.1153286 0.1074572 0.1329702 0.1048955 0.1099083 0.1226375 0.0195910 0.1310789 0.1919893 
Dasyuridae_Sarcophilus_harrisii              0.1033241 0.1120696 0.1051231 0.1214636 0.1195702 0.0069895 0.1201788 0.1167008 0.1211689 0.1383974 0.1193930 0.0213695 0.0368926 0.1157848 0.1101339 0.0196429 0.0000000 0.0291157 0.1347263 0.1218666 0.1481226 0.1338600 0.0213020 0.1239312 0.1063635 0.1172630 0.1232516 0.1119492 0.1406131 0.1101213 0.1173284 0.1292241 0.0094380 0.1376422 0.2024009 
Dasyuridae_Planigale_tenuirostris            0.0920347 0.1008455 0.0957880 0.1115440 0.1110459 0.0287067 0.1120644 0.1046226 0.1149177 0.1360473 0.1063265 0.0259893 0.0225033 0.1053056 0.1028318 0.0246633 0.0291157 0.0000000 0.1306776 0.1144072 0.1427644 0.1278219 0.0263374 0.1137968 0.0973050 0.1098035 0.1123228 0.1053278 0.1367202 0.1009923 0.1061617 0.1210829 0.0293591 0.1346518 0.1624948 
Peramelidae_Echymipera_kalubu                0.1037468 0.1135307 0.1023550 0.1245729 0.1227989 0.1356565 0.1158551 0.1163373 0.1219175 0.0235894 0.1207527 0.1322055 0.1353439 0.1143453 0.1162245 0.1283270 0.1347263 0.1306776 0.0000000 0.1214138 0.1540721 0.1446400 0.1264857 0.1210293 0.1172350 0.1158877 0.1235635 0.1175729 0.1507878 0.1118157 0.1166372 0.0157484 0.1348239 0.0237665 0.1982726 
Macropodidae_Dorcopsulus_vanheurni           0.0597722 0.0996308 0.0702096 0.0226262 0.0214449 0.1218252 0.0748817 0.0724395 0.0225920 0.1240153 0.0740030 0.1180305 0.1250104 0.0730460 0.0737917 0.1159598 0.1218666 0.1144072 0.1214138 0.0000000 0.1273775 0.1193192 0.1111029 0.0471952 0.0937525 0.0751311 0.0117458 0.0673407 0.1039081 0.0708953 0.0740347 0.1166886 0.1221780 0.1210409 0.1096715 
Didelphidae_Didelphis_virginiana             0.1068724 0.1227674 0.1098932 0.1258135 0.1241114 0.1492431 0.1219584 0.1238209 0.1246212 0.1590050 0.1223796 0.1452418 0.1472875 0.1208145 0.1206085 0.1427397 0.1481226 0.1427644 0.1540721 0.1273775 0.0000000 0.0465680 0.1353376 0.1260714 0.1176561 0.1211238 0.1255117 0.1162027 0.1522319 0.1227833 0.1221820 0.1515362 0.1481582 0.1577072 0.2063716 
Marmosidae_Monodelphis_domestica             0.0981315 0.1104900 0.1001284 0.1208941 0.1198268 0.1345975 0.1195217 0.1166121 0.1204915 0.1516010 0.1169125 0.1333671 0.1375549 0.1152265 0.1111227 0.1310243 0.1338600 0.1278219 0.1446400 0.1193192 0.0465680 0.0000000 0.1268061 0.1233194 0.1123838 0.1152671 0.1213314 0.1111456 0.1451477 0.1114015 0.1171284 0.1407758 0.1350697 0.1506543 0.2013587 
Dasyuridae_Antechinus_stuartii               0.0907331 0.1017918 0.0913321 0.1100731 0.1086352 0.0216024 0.1100468 0.1039736 0.1119226 0.1312394 0.1064662 0.0117980 0.0313758 0.1033188 0.1011518 0.0093814 0.0213020 0.0263374 0.1264857 0.1111029 0.1353376 0.1268061 0.0000000 0.1129639 0.0946266 0.1077821 0.1108595 0.1029155 0.1325230 0.1000251 0.1041439 0.1193681 0.0228002 0.1299620 0.1666179 
Hypsiprymnodontidae_Hypsiprymnodon_moschatus 0.0642198 0.1004619 0.0680694 0.0455691 0.0443827 0.1239090 0.0771018 0.0751988 0.0468950 0.1258171 0.0755972 0.1216807 0.1213552 0.0738018 0.0755486 0.1179367 0.1239312 0.1137968 0.1210293 0.0471952 0.1260714 0.1233194 0.1129639 0.0000000 0.0933419 0.0755246 0.0473592 0.0724937 0.1022504 0.0703057 0.0750016 0.1172474 0.1237981 0.1251539 0.1210064 
Microbiotheriidae_Dromiciops_gliroides       0.0758252 0.0880135 0.0794143 0.0934006 0.0921288 0.1065163 0.0892203 0.0887304 0.0932427 0.1235153 0.0886977 0.1032759 0.1072791 0.0865472 0.0935345 0.0994812 0.1063635 0.0973050 0.1172350 0.0937525 0.1176561 0.1123838 0.0946266 0.0933419 0.0000000 0.0869683 0.0941122 0.0862447 0.1137444 0.0903597 0.0861584 0.1155602 0.1062212 0.1219780 0.1530871 
Pseudochiridae_Petauroides_volans            0.0531607 0.0959853 0.0615520 0.0740433 0.0733055 0.1159883 0.0722918 0.0700024 0.0742297 0.1214640 0.0732099 0.1179889 0.1188480 0.0707476 0.0601441 0.1146012 0.1172630 0.1098035 0.1158877 0.0751311 0.1211238 0.1152671 0.1077821 0.0755246 0.0869683 0.0000000 0.0743940 0.0302438 0.0737948 0.0591087 0.0718314 0.1124362 0.1173582 0.1201566 0.0530509 
Macropodidae_Wallabia_bicolor                0.0603638 0.0995186 0.0675305 0.0228017 0.0216121 0.1232446 0.0759664 0.0722638 0.0236361 0.1252061 0.0743739 0.1179696 0.1235713 0.0735824 0.0734836 0.1153286 0.1232516 0.1123228 0.1235635 0.0117458 0.1255117 0.1213314 0.1108595 0.0473592 0.0941122 0.0743940 0.0000000 0.0679296 0.1039686 0.0692316 0.0745604 0.1192481 0.1234221 0.1221008 0.1077104 
Pseudochiridae_Pseudocheirus_occidentalis    0.0490384 0.0893664 0.0610884 0.0683596 0.0672805 0.1111626 0.0679770 0.0641276 0.0683030 0.1211516 0.0663568 0.1111989 0.1127779 0.0637920 0.0550683 0.1074572 0.1119492 0.1053278 0.1175729 0.0673407 0.1162027 0.1111456 0.1029155 0.0724937 0.0862447 0.0302438 0.0679296 0.0000000 0.0735885 0.0535165 0.0654110 0.1130375 0.1121747 0.1204932 0.0173577 
Tarsipedidae_Tarsipes_rostratus              0.0815472 0.1235826 0.0902345 0.1016931 0.1011223 0.1374955 0.1038506 0.0996230 0.1028660 0.1527109 0.1028186 0.1370352 0.1430505 0.0995362 0.0903537 0.1329702 0.1406131 0.1367202 0.1507878 0.1039081 0.1522319 0.1451477 0.1325230 0.1022504 0.1137444 0.0737948 0.1039686 0.0735885 0.0000000 0.0879513 0.0995518 0.1407080 0.1407019 0.1540491 0.1405314 
Acrobatidae_Distoechurus_pennatus            0.0517328 0.0913609 0.0617676 0.0703886 0.0685404 0.1091629 0.0705608 0.0672311 0.0707003 0.1180882 0.0723275 0.1080778 0.1116769 0.0682352 0.0317008 0.1048955 0.1101213 0.1009923 0.1118157 0.0708953 0.1227833 0.1114015 0.1000251 0.0703057 0.0903597 0.0591087 0.0692316 0.0535165 0.0879513 0.0000000 0.0681590 0.1067243 0.1103690 0.1167727 0.0900252 
Phalangeridae_Phalanger_carmelitae           0.0534812 0.0925292 0.0651034 0.0726094 0.0714558 0.1166140 0.0315549 0.0106291 0.0747746 0.1223578 0.0109865 0.1123367 0.1152875 0.0037506 0.0685946 0.1099083 0.1173284 0.1061617 0.1166372 0.0740347 0.1221820 0.1171284 0.1041439 0.0750016 0.0861584 0.0718314 0.0745604 0.0654110 0.0995518 0.0681590 0.0000000 0.1132688 0.1166385 0.1211156 0.1073301 
Peramelidae_Peroryctes_raffrayana            0.0997710 0.1075196 0.0981443 0.1188907 0.1169228 0.1286552 0.1147943 0.1125187 0.1173295 0.0204797 0.1172334 0.1260696 0.1290116 0.1125502 0.1117685 0.1226375 0.1292241 0.1210829 0.0157484 0.1166886 0.1515362 0.1407758 0.1193681 0.1172474 0.1155602 0.1124362 0.1192481 0.1130375 0.1407080 0.1067243 0.1132688 0.0000000 0.1286417 0.0203209 0.2032378 
Dasyuridae_Dasyurus_geffroii                 0.1037247 0.1138406 0.1047159 0.1232568 0.1213884 0.0077968 0.1210172 0.1175474 0.1223215 0.1384477 0.1190736 0.0213125 0.0385843 0.1158817 0.1109244 0.0195910 0.0094380 0.0293591 0.1348239 0.1221780 0.1481582 0.1350697 0.0228002 0.1237981 0.1062212 0.1173582 0.1234221 0.1121747 0.1407019 0.1103690 0.1166385 0.1286417 0.0000000 0.1377283 0.1977693 
Peramelidae_Perameles_gunnii                 0.1064404 0.1201120 0.1054303 0.1238608 0.1218401 0.1385712 0.1180466 0.1212844 0.1231032 0.0010890 0.1249043 0.1347237 0.1396095 0.1187861 0.1177755 0.1310789 0.1376422 0.1346518 0.0237665 0.1210409 0.1577072 0.1506543 0.1299620 0.1251539 0.1219780 0.1201566 0.1221008 0.1204932 0.1540491 0.1167727 0.1211156 0.0203209 0.1377283 0.0000000 0.1970806 
Pseudochiridae_Pseudochirulus_forbesi        0.0806494 0.1338051 0.1127407 0.1099176 0.1087232 0.1970332 0.1099030 0.1078550 0.1096262 0.1999071 0.1144930 0.2011165 0.1965775 0.1058662 0.0899700 0.1919893 0.2024009 0.1624948 0.1982726 0.1096715 0.2063716 0.2013587 0.1666179 0.1210064 0.1530871 0.0530509 0.1077104 0.0173577 0.1405314 0.0900252 0.1073301 0.2032378 0.1977693 0.1970806 0.0000000 
