35
Burramyidae_Burramys_parvus                  0.0000000 0.0805476 0.0530060 0.0703403 0.0720217 0.0636175 0.0442069 0.0486447 0.0686324 0.0832191 0.0523732 0.0650592 0.0607990 0.0443206 0.0627015 0.0595119 0.0651591 0.0786068 0.0759254 0.0713772 0.0999228 0.1012657 0.0670350 0.0590829 0.0629769 0.0670430 0.0714841 0.0434291 0.0839188 0.0705683 0.0736215 0.0595164 0.0556353 0.0596447 0.0501981 
Notoryctidae_Notoryctes_typhlops             0.0805476 0.0000000 0.0640632 0.0819233 0.0828976 0.0658906 0.0729187 0.0698426 0.0809879 0.0895248 0.0761582 0.0641759 0.0610983 0.0722330 0.0820094 0.0625276 0.0671838 0.0857687 0.0895788 0.0794579 0.0951628 0.0935359 0.0718919 0.0639487 0.0692243 0.0820297 0.0830285 0.0685946 0.0921602 0.0659668 0.0814144 0.0684310 0.0618243 0.0809277 0.0680406 
Vombatidae_Lasiorhinus_latifrons             0.0530060 0.0640632 0.0000000 0.0612064 0.0628839 0.0601353 0.0460942 0.0479323 0.0612937 0.0757630 0.0464839 0.0610004 0.0544430 0.0462129 0.0655105 0.0520920 0.0583501 0.0676702 0.0615768 0.0647689 0.0978014 0.0974148 0.0585057 0.0513001 0.0594631 0.0540726 0.0678885 0.0428168 0.0755170 0.0648139 0.0668838 0.0524454 0.0463974 0.0547833 0.0389471 
Potoroidae_Bettongia_penicillata             0.0703403 0.0819233 0.0612064 0.0000000 0.0071652 0.0738441 0.0608913 0.0637868 0.0119745 0.0875038 0.0627768 0.0694290 0.0771114 0.0617619 0.0700475 0.0594060 0.0755146 0.0868687 0.0208933 0.0669654 0.1168022 0.1076100 0.0323638 0.0661904 0.0642849 0.0213722 0.0706401 0.0592921 0.0934070 0.0757029 0.0845409 0.0672852 0.0562811 0.0615029 0.0487348 
Potoroidae_Bettongia_lesueur                 0.0720217 0.0828976 0.0628839 0.0071652 0.0000000 0.0738441 0.0608906 0.0637864 0.0136040 0.0906877 0.0636370 0.0703842 0.0771949 0.0634329 0.0699779 0.0613271 0.0756008 0.0894217 0.0249861 0.0686437 0.1132944 0.1067396 0.0340295 0.0687370 0.0661116 0.0255603 0.0726350 0.0609616 0.0923412 0.0775329 0.0853069 0.0649712 0.0552630 0.0626013 0.0498008 
Dasyuridae_Dasyurus_maculatus                0.0636175 0.0658906 0.0601353 0.0738441 0.0738441 0.0000000 0.0645742 0.0658352 0.0757808 0.0754383 0.0690407 0.0061068 0.0131426 0.0655768 0.0731565 0.0054966 0.0063326 0.0743708 0.0807649 0.0757964 0.1003134 0.0981912 0.0681833 0.0575707 0.0724040 0.0729941 0.0807341 0.0627078 0.0763956 0.0034897 0.0687596 0.0155226 0.0068545 0.0759902 0.0619236 
Phalangeridae_Trichosurus_vulpecula          0.0442069 0.0729187 0.0460942 0.0608913 0.0608906 0.0645742 0.0000000 0.0177192 0.0609339 0.0784178 0.0248535 0.0642117 0.0652616 0.0152394 0.0540738 0.0595799 0.0669185 0.0758549 0.0612558 0.0575984 0.0936839 0.0950457 0.0532248 0.0536123 0.0506908 0.0573556 0.0573319 0.0136107 0.0800052 0.0697311 0.0717313 0.0582809 0.0514432 0.0491610 0.0428766 
Phalangeridae_Spilocuscus_maculatus          0.0486447 0.0698426 0.0479323 0.0637868 0.0637864 0.0658352 0.0177192 0.0000000 0.0638314 0.0855763 0.0223221 0.0690641 0.0646810 0.0112167 0.0612036 0.0646713 0.0702446 0.0805950 0.0657437 0.0621526 0.0967017 0.0963205 0.0586804 0.0538552 0.0501606 0.0602996 0.0616648 0.0079938 0.0880335 0.0728213 0.0754554 0.0609475 0.0590844 0.0526356 0.0483111 
Potoroidae_Aepyprymnus_rufescens             0.0686324 0.0809879 0.0612937 0.0119745 0.0136040 0.0757808 0.0609339 0.0638314 0.0000000 0.0920789 0.0636827 0.0757646 0.0781077 0.0626410 0.0751588 0.0651152 0.0784836 0.0895503 0.0266281 0.0695330 0.1157692 0.1100812 0.0381349 0.0706611 0.0660250 0.0264098 0.0756914 0.0601688 0.0964491 0.0802454 0.0872235 0.0685374 0.0614525 0.0645928 0.0517729 
Peramelidae_Perameles_nasuta                 0.0832191 0.0895248 0.0757630 0.0875038 0.0906877 0.0754383 0.0784178 0.0855763 0.0920789 0.0000000 0.0818881 0.0707644 0.0689158 0.0808756 0.0866011 0.0700658 0.0753725 0.0123880 0.0901408 0.0885972 0.1280187 0.1241014 0.0805782 0.0766000 0.0802863 0.0823993 0.0796106 0.0785356 0.0134905 0.0779867 0.0010290 0.0671330 0.0647471 0.0697577 0.0682643 
Phalangeridae_Strigocuscus_pelengensis       0.0523732 0.0761582 0.0464839 0.0627768 0.0636370 0.0690407 0.0248535 0.0223221 0.0636827 0.0818881 0.0000000 0.0695430 0.0660160 0.0189643 0.0608581 0.0650305 0.0736678 0.0779524 0.0621840 0.0626957 0.0929663 0.0907447 0.0583079 0.0539976 0.0508966 0.0571586 0.0599311 0.0172832 0.0837732 0.0724718 0.0753391 0.0621693 0.0623920 0.0561225 0.0525789 
Dasyuridae_Phascogale_tapoatafa              0.0650592 0.0641759 0.0610004 0.0694290 0.0703842 0.0061068 0.0642117 0.0690641 0.0757646 0.0707644 0.0695430 0.0000000 0.0146444 0.0679208 0.0724125 0.0026400 0.0081374 0.0707653 0.0777666 0.0766201 0.1028710 0.0981094 0.0658936 0.0585624 0.0724119 0.0690217 0.0803097 0.0651724 0.0722902 0.0075225 0.0655518 0.0166292 0.0029265 0.0715288 0.0575774 
Dasyuridae_Sminthopsis_macroura              0.0607990 0.0610983 0.0544430 0.0771114 0.0771949 0.0131426 0.0652616 0.0646810 0.0781077 0.0689158 0.0660160 0.0146444 0.0000000 0.0635235 0.0738295 0.0154098 0.0126814 0.0637518 0.0821021 0.0708271 0.1004061 0.0945720 0.0716885 0.0575633 0.0701917 0.0726859 0.0756836 0.0607085 0.0697081 0.0138452 0.0602866 0.0066260 0.0147036 0.0694770 0.0576782 
Phalangeridae_Phalanger_orientalis           0.0443206 0.0722330 0.0462129 0.0617619 0.0634329 0.0655768 0.0152394 0.0112167 0.0626410 0.0808756 0.0189643 0.0679208 0.0635235 0.0000000 0.0584427 0.0624789 0.0699586 0.0759687 0.0604517 0.0593551 0.0954793 0.0949955 0.0559688 0.0546201 0.0490828 0.0582451 0.0544751 0.0047657 0.0850460 0.0707962 0.0727691 0.0584511 0.0577267 0.0523425 0.0470305 
Acrobatidae_Acrobates_pygmaeus               0.0627015 0.0820094 0.0655105 0.0700475 0.0699779 0.0731565 0.0540738 0.0612036 0.0751588 0.0866011 0.0608581 0.0724125 0.0738295 0.0584427 0.0000000 0.0681537 0.0750023 0.0844431 0.0764308 0.0651486 0.1131731 0.1090519 0.0692018 0.0677984 0.0615668 0.0722319 0.0668220 0.0566693 0.0822431 0.0796577 0.0802806 0.0610669 0.0573486 0.0531314 0.0199080 
Dasyuridae_Phascogale_calura                 0.0595119 0.0625276 0.0520920 0.0594060 0.0613271 0.0054966 0.0595799 0.0646713 0.0651152 0.0700658 0.0650305 0.0026400 0.0154098 0.0624789 0.0681537 0.0000000 0.0083572 0.0684473 0.0690554 0.0727552 0.1003436 0.0952300 0.0576061 0.0533765 0.0689416 0.0606000 0.0768601 0.0605871 0.0696095 0.0079859 0.0639144 0.0166429 0.0029372 0.0684607 0.0535716 
Dasyuridae_Sarcophilus_harrisii              0.0651591 0.0671838 0.0583501 0.0755146 0.0756008 0.0063326 0.0669185 0.0702446 0.0784836 0.0753725 0.0736678 0.0081374 0.0126814 0.0699586 0.0750023 0.0083572 0.0000000 0.0732577 0.0836607 0.0776873 0.1040728 0.1008726 0.0668591 0.0579493 0.0760960 0.0729688 0.0843290 0.0669703 0.0764130 0.0081598 0.0686020 0.0166818 0.0098141 0.0749667 0.0629707 
Peramelidae_Echymipera_kalubu                0.0786068 0.0857687 0.0676702 0.0868687 0.0894217 0.0743708 0.0758549 0.0805950 0.0895503 0.0123880 0.0779524 0.0707653 0.0637518 0.0759687 0.0844431 0.0684473 0.0732577 0.0000000 0.0890935 0.0853931 0.1110331 0.1056888 0.0808258 0.0715428 0.0786034 0.0804851 0.0840415 0.0759439 0.0107775 0.0755046 0.0128453 0.0645932 0.0664252 0.0738222 0.0659117 
Macropodidae_Dorcopsulus_vanheurni           0.0759254 0.0895788 0.0615768 0.0208933 0.0249861 0.0807649 0.0612558 0.0657437 0.0266281 0.0901408 0.0621840 0.0777666 0.0821021 0.0604517 0.0764308 0.0690554 0.0836607 0.0890935 0.0000000 0.0699792 0.1147752 0.1125660 0.0416748 0.0745216 0.0673077 0.0190073 0.0752632 0.0613267 0.0956630 0.0822435 0.0857432 0.0722210 0.0668761 0.0658343 0.0541677 
Pseudochiridae_Pseudochirulus_forbesi        0.0713772 0.0794579 0.0647689 0.0669654 0.0686437 0.0757964 0.0575984 0.0621526 0.0695330 0.0885972 0.0626957 0.0766201 0.0708271 0.0593551 0.0651486 0.0727552 0.0776873 0.0853931 0.0699792 0.0000000 0.1092279 0.1069237 0.0626986 0.0652037 0.0353571 0.0626472 0.0199036 0.0593355 0.0936263 0.0802004 0.0813500 0.0667575 0.0734963 0.0587094 0.0500194 
Didelphidae_Didelphis_virginiana             0.0999228 0.0951628 0.0978014 0.1168022 0.1132944 0.1003134 0.0936839 0.0967017 0.1157692 0.1280187 0.0929663 0.1028710 0.1004061 0.0954793 0.1131731 0.1003436 0.1040728 0.1110331 0.1147752 0.1092279 0.0000000 0.0470611 0.1072509 0.0924890 0.1005366 0.1130775 0.1133609 0.0953391 0.1217240 0.1045505 0.1060526 0.1040946 0.0917060 0.1059758 0.1021012 
Marmosidae_Monodelphis_domestica             0.1012657 0.0935359 0.0974148 0.1076100 0.1067396 0.0981912 0.0950457 0.0963205 0.1100812 0.1241014 0.0907447 0.0981094 0.0945720 0.0949955 0.1090519 0.0952300 0.1008726 0.1056888 0.1125660 0.1069237 0.0470611 0.0000000 0.0988704 0.0913240 0.1019407 0.1068422 0.1145063 0.0949649 0.1186997 0.0998306 0.1034616 0.0970254 0.0907165 0.1106046 0.1024540 
Hypsiprymnodontidae_Hypsiprymnodon_moschatus 0.0670350 0.0718919 0.0585057 0.0323638 0.0340295 0.0681833 0.0532248 0.0586804 0.0381349 0.0805782 0.0583079 0.0658936 0.0716885 0.0559688 0.0692018 0.0576061 0.0668591 0.0808258 0.0416748 0.0626986 0.1072509 0.0988704 0.0000000 0.0598515 0.0582351 0.0374578 0.0655696 0.0542248 0.0864719 0.0703750 0.0784117 0.0603847 0.0543172 0.0605611 0.0457216 
Microbiotheriidae_Dromiciops_gliroides       0.0590829 0.0639487 0.0513001 0.0661904 0.0687370 0.0575707 0.0536123 0.0538552 0.0706611 0.0766000 0.0539976 0.0585624 0.0575633 0.0546201 0.0677984 0.0533765 0.0579493 0.0715428 0.0745216 0.0652037 0.0924890 0.0913240 0.0598515 0.0000000 0.0574840 0.0642551 0.0647358 0.0510899 0.0763141 0.0641334 0.0670249 0.0527857 0.0462653 0.0548442 0.0481267 
Pseudochiridae_Petauroides_volans            0.0629769 0.0692243 0.0594631 0.0642849 0.0661116 0.0724040 0.0506908 0.0501606 0.0660250 0.0802863 0.0508966 0.0724119 0.0701917 0.0490828 0.0615668 0.0689416 0.0760960 0.0786034 0.0673077 0.0353571 0.1005366 0.1019407 0.0582351 0.0574840 0.0000000 0.0571269 0.0367834 0.0490663 0.0835123 0.0760969 0.0771192 0.0704430 0.0693161 0.0500513 0.0474398 
Macropodidae_Wallabia_bicolor                0.0670430 0.0820297 0.0540726 0.0213722 0.0255603 0.0729941 0.0573556 0.0602996 0.0264098 0.0823993 0.0571586 0.0690217 0.0726859 0.0582451 0.0722319 0.0606000 0.0729688 0.0804851 0.0190073 0.0626472 0.1130775 0.1068422 0.0374578 0.0642551 0.0571269 0.0000000 0.0716141 0.0574238 0.0881785 0.0745298 0.0780857 0.0641012 0.0576891 0.0567933 0.0429844 
Pseudochiridae_Pseudocheirus_occidentalis    0.0714841 0.0830285 0.0678885 0.0706401 0.0726350 0.0807341 0.0573319 0.0616648 0.0756914 0.0796106 0.0599311 0.0803097 0.0756836 0.0544751 0.0668220 0.0768601 0.0843290 0.0840415 0.0752632 0.0199036 0.1133609 0.1145063 0.0655696 0.0647358 0.0367834 0.0716141 0.0000000 0.0564248 0.0917351 0.0857232 0.0782526 0.0706017 0.0770239 0.0545457 0.0594830 
Phalangeridae_Phalanger_carmelitae           0.0434291 0.0685946 0.0428168 0.0592921 0.0609616 0.0627078 0.0136107 0.0079938 0.0601688 0.0785356 0.0172832 0.0651724 0.0607085 0.0047657 0.0566693 0.0605871 0.0669703 0.0759439 0.0613267 0.0593355 0.0953391 0.0949649 0.0542248 0.0510899 0.0490663 0.0574238 0.0564248 0.0000000 0.0820287 0.0680656 0.0709677 0.0549369 0.0556461 0.0492623 0.0449845 
Peramelidae_Peroryctes_raffrayana            0.0839188 0.0921602 0.0755170 0.0934070 0.0923412 0.0763956 0.0800052 0.0880335 0.0964491 0.0134905 0.0837732 0.0722902 0.0697081 0.0850460 0.0822431 0.0696095 0.0764130 0.0107775 0.0956630 0.0936263 0.1217240 0.1186997 0.0864719 0.0763141 0.0835123 0.0881785 0.0917351 0.0820287 0.0000000 0.0785502 0.0126173 0.0615882 0.0626608 0.0754145 0.0634683 
Dasyuridae_Dasyurus_geffroii                 0.0705683 0.0659668 0.0648139 0.0757029 0.0775329 0.0034897 0.0697311 0.0728213 0.0802454 0.0779867 0.0724718 0.0075225 0.0138452 0.0707962 0.0796577 0.0079859 0.0081598 0.0755046 0.0822435 0.0802004 0.1045505 0.0998306 0.0703750 0.0641334 0.0760969 0.0745298 0.0857232 0.0680656 0.0785502 0.0000000 0.0701975 0.0155535 0.0088504 0.0783868 0.0642335 
Peramelidae_Perameles_gunnii                 0.0736215 0.0814144 0.0668838 0.0845409 0.0853069 0.0687596 0.0717313 0.0754554 0.0872235 0.0010290 0.0753391 0.0655518 0.0602866 0.0727691 0.0802806 0.0639144 0.0686020 0.0128453 0.0857432 0.0813500 0.1060526 0.1034616 0.0784117 0.0670249 0.0771192 0.0780857 0.0782526 0.0709677 0.0126173 0.0701975 0.0000000 0.0586578 0.0613363 0.0730856 0.0639693 
Dasyuridae_Planigale_tenuirostris            0.0595164 0.0684310 0.0524454 0.0672852 0.0649712 0.0155226 0.0582809 0.0609475 0.0685374 0.0671330 0.0621693 0.0166292 0.0066260 0.0584511 0.0610669 0.0166429 0.0166818 0.0645932 0.0722210 0.0667575 0.1040946 0.0970254 0.0603847 0.0527857 0.0704430 0.0641012 0.0706017 0.0549369 0.0615882 0.0155535 0.0586578 0.0000000 0.0177974 0.0751873 0.0586354 
Dasyuridae_Antechinus_stuartii               0.0556353 0.0618243 0.0463974 0.0562811 0.0552630 0.0068545 0.0514432 0.0590844 0.0614525 0.0647471 0.0623920 0.0029265 0.0147036 0.0577267 0.0573486 0.0029372 0.0098141 0.0664252 0.0668761 0.0734963 0.0917060 0.0907165 0.0543172 0.0462653 0.0693161 0.0576891 0.0770239 0.0556461 0.0626608 0.0088504 0.0613363 0.0177974 0.0000000 0.0709097 0.0558253 
Tarsipedidae_Tarsipes_rostratus              0.0596447 0.0809277 0.0547833 0.0615029 0.0626013 0.0759902 0.0491610 0.0526356 0.0645928 0.0697577 0.0561225 0.0715288 0.0694770 0.0523425 0.0531314 0.0684607 0.0749667 0.0738222 0.0658343 0.0587094 0.1059758 0.1106046 0.0605611 0.0548442 0.0500513 0.0567933 0.0545457 0.0492623 0.0754145 0.0783868 0.0730856 0.0751873 0.0709097 0.0000000 0.0514902 
Acrobatidae_Distoechurus_pennatus            0.0501981 0.0680406 0.0389471 0.0487348 0.0498008 0.0619236 0.0428766 0.0483111 0.0517729 0.0682643 0.0525789 0.0575774 0.0576782 0.0470305 0.0199080 0.0535716 0.0629707 0.0659117 0.0541677 0.0500194 0.1021012 0.1024540 0.0457216 0.0481267 0.0474398 0.0429844 0.0594830 0.0449845 0.0634683 0.0642335 0.0639693 0.0586354 0.0558253 0.0514902 0.0000000 
