193
I0185_86_Accipitridae_Buteo_jamaicensis                   0.0000000 0.0312208 0.0321977 0.0297614 0.0426849 0.0312294 0.0372532 0.0260814 0.0319979 0.0475060 0.0407324 0.0243135 0.0440247 0.0316595 0.0296283 0.0413939 0.0266198 0.0148774 0.0434650 0.0195769 0.0419797 0.0229535 0.0225924 0.0214008 0.0181810 0.0320258 0.0211551 0.0405659 0.0462480 0.0499688 0.0207252 0.0426774 0.0444521 0.0366004 0.0362601 0.0319165 0.0487618 0.0434168 0.0437129 0.0433274 0.0504884 0.0442091 0.0414758 0.0699445 0.0590405 0.0587838 0.0481664 0.0406251 0.0297283 0.0339335 0.0277123 0.0437067 0.0417734 0.0201533 0.0337371 0.0418376 0.0436082 0.0326773 0.0252425 0.0211028 0.0359533 0.0381807 0.0237546 0.0228039 0.0529573 0.0410492 0.0410169 0.0338394 0.0216688 0.0246484 0.0474766 0.0415422 0.0267069 0.0398574 0.0429162 0.0437761 0.0424932 0.0289416 0.0240628 0.0417736 0.0386928 0.0048922 0.0219377 0.0326538 0.0305390 0.0377136 0.0326833 0.0194738 0.0170129 0.0394591 0.0505203 0.0326070 0.0312869 0.0253180 0.0195278 0.0374420 0.0285375 0.0390840 0.0379427 0.0187469 0.0417624 0.0214249 0.0168796 0.0206677 0.0318998 0.0281742 0.0491618 0.0312977 0.0248330 0.0207956 0.0261949 0.0338842 0.0493168 0.0245489 0.0344770 0.0494430 0.0232256 0.0180476 0.0443840 0.0399340 0.0222929 0.0476059 0.0421912 0.0346316 0.0188835 0.0138396 0.0200857 0.0429898 0.0309327 0.0298162 0.0416439 0.0203741 0.0394610 0.0239014 0.0245333 0.0186968 0.0334860 0.0399703 0.0397357 0.0250560 0.0484041 0.0237608 0.0337872 0.0280806 0.0182834 0.0240329 0.0184134 0.0350617 0.0225751 0.0567649 0.0386879 0.0289169 0.0205808 0.0401039 0.0477550 0.0404907 0.0425257 0.0177101 0.0227923 0.0253116 0.0230827 0.0217133 0.0245437 0.0303634 0.0338427 0.0348610 0.0425872 0.0266297 0.0338793 0.0432022 0.0250337 0.0650714 0.0236797 0.0308424 0.0453867 0.0422008 0.0479475 0.0203520 0.0140690 0.0198508 0.0234931 0.0462457 0.0219657 0.0509609 0.0475181 0.0429178 0.0400936 0.1068342 0.0416661 0.0494625 0.0477750 0.0301782 0.0285369 
I0186_111_Momotidae_Momotus_lessonii                      0.0312208 0.0000000 0.0406896 0.0407561 0.0480627 0.0398472 0.0449771 0.0349347 0.0401050 0.0456034 0.0470757 0.0324384 0.0486972 0.0395016 0.0344585 0.0481717 0.0370099 0.0254625 0.0496072 0.0293150 0.0484074 0.0320225 0.0322196 0.0314820 0.0291853 0.0397868 0.0321238 0.0476311 0.0525561 0.0558071 0.0322723 0.0488828 0.0496111 0.0460730 0.0457511 0.0388574 0.0542726 0.0492918 0.0525767 0.0492598 0.0586623 0.0510101 0.0480002 0.0777082 0.0675319 0.0678020 0.0537171 0.0474413 0.0314345 0.0432385 0.0358860 0.0500244 0.0480435 0.0306702 0.0433046 0.0481381 0.0502797 0.0401388 0.0349491 0.0315574 0.0447061 0.0482075 0.0332986 0.0334363 0.0592986 0.0477897 0.0501984 0.0438835 0.0310399 0.0342538 0.0549236 0.0518018 0.0357373 0.0457559 0.0527064 0.0501252 0.0486324 0.0372004 0.0334778 0.0484835 0.0456328 0.0314778 0.0320990 0.0424206 0.0295862 0.0440219 0.0406502 0.0303151 0.0274541 0.0486362 0.0598117 0.0408683 0.0408690 0.0338256 0.0292894 0.0471573 0.0322841 0.0487933 0.0443557 0.0292565 0.0508682 0.0315374 0.0305335 0.0296908 0.0400659 0.0329078 0.0553470 0.0393151 0.0327497 0.0306927 0.0355750 0.0433269 0.0580519 0.0339832 0.0440802 0.0587507 0.0333942 0.0286405 0.0507649 0.0466361 0.0323588 0.0536808 0.0529960 0.0443525 0.0292732 0.0339973 0.0305264 0.0474118 0.0414403 0.0394792 0.0517791 0.0297449 0.0461062 0.0332647 0.0348255 0.0288038 0.0404286 0.0470548 0.0463114 0.0354563 0.0539799 0.0340951 0.0414628 0.0382683 0.0290112 0.0328777 0.0289206 0.0426522 0.0322244 0.0641353 0.0452828 0.0393352 0.0300672 0.0468177 0.0576664 0.0456800 0.0487378 0.0280070 0.0326562 0.0348888 0.0331369 0.0322399 0.0337857 0.0398491 0.0415420 0.0421712 0.0514016 0.0360829 0.0403244 0.0500036 0.0345028 0.0743909 0.0328207 0.0399862 0.0495689 0.0488938 0.0567124 0.0304684 0.0312215 0.0294958 0.0333664 0.0551312 0.0322974 0.0558690 0.0526985 0.0486385 0.0459396 0.1123634 0.0490458 0.0545370 0.0530188 0.0404841 0.0357780 
I0187_115_Trogonidae_Trogon_elegans                       0.0321977 0.0406896 0.0000000 0.0417063 0.0512441 0.0139897 0.0472591 0.0363697 0.0402189 0.0557840 0.0500208 0.0346757 0.0517877 0.0421298 0.0396074 0.0493867 0.0382405 0.0275455 0.0511456 0.0310150 0.0496141 0.0346554 0.0332985 0.0341088 0.0317707 0.0411448 0.0336129 0.0504459 0.0553622 0.0579652 0.0334924 0.0502009 0.0514266 0.0481571 0.0482767 0.0411475 0.0578559 0.0513846 0.0538385 0.0509446 0.0602726 0.0516466 0.0488215 0.0768916 0.0667905 0.0680564 0.0559592 0.0516989 0.0382514 0.0446057 0.0383934 0.0519386 0.0496123 0.0320961 0.0448738 0.0486297 0.0514571 0.0412433 0.0370066 0.0334011 0.0444649 0.0485884 0.0357584 0.0353170 0.0617465 0.0489576 0.0507467 0.0449755 0.0333548 0.0359744 0.0569959 0.0516284 0.0374167 0.0496168 0.0550169 0.0520658 0.0496823 0.0385328 0.0359971 0.0497058 0.0482652 0.0322353 0.0339003 0.0442208 0.0401784 0.0459988 0.0432752 0.0313205 0.0305307 0.0510220 0.0595192 0.0434313 0.0422855 0.0367338 0.0311383 0.0478984 0.0391369 0.0487519 0.0473648 0.0315464 0.0515685 0.0335169 0.0333763 0.0318241 0.0408666 0.0396491 0.0564307 0.0408274 0.0349824 0.0333024 0.0374798 0.0454395 0.0591335 0.0360930 0.0453065 0.0585124 0.0352443 0.0313858 0.0514478 0.0482834 0.0340470 0.0554921 0.0551065 0.0455838 0.0314134 0.0354455 0.0328456 0.0511897 0.0435501 0.0412510 0.0537653 0.0321034 0.0495422 0.0361534 0.0368163 0.0309285 0.0424633 0.0500318 0.0494394 0.0373294 0.0570176 0.0356148 0.0438434 0.0388831 0.0306330 0.0351676 0.0302781 0.0445245 0.0338830 0.0649941 0.0475627 0.0399633 0.0321661 0.0495574 0.0592343 0.0481238 0.0495031 0.0293561 0.0345717 0.0379769 0.0349451 0.0339131 0.0361906 0.0416198 0.0437093 0.0443895 0.0529419 0.0373873 0.0426325 0.0503394 0.0363334 0.0746042 0.0354289 0.0408167 0.0522738 0.0502908 0.0578369 0.0320850 0.0331182 0.0323497 0.0353064 0.0569093 0.0346277 0.0594315 0.0552854 0.0507854 0.0478872 0.1164705 0.0498705 0.0566753 0.0560116 0.0411413 0.0377938 
I0188_135_Apodidae_Streptoprocne_zonaris                  0.0297614 0.0407561 0.0417063 0.0000000 0.0504521 0.0404796 0.0452038 0.0344781 0.0391350 0.0525042 0.0477680 0.0326695 0.0500229 0.0403462 0.0385602 0.0486898 0.0357699 0.0254399 0.0499226 0.0294905 0.0482092 0.0313899 0.0318605 0.0304368 0.0293145 0.0392234 0.0303668 0.0477780 0.0535111 0.0576460 0.0312827 0.0489153 0.0510132 0.0376666 0.0376863 0.0388826 0.0560799 0.0499586 0.0512670 0.0492654 0.0566404 0.0506488 0.0484127 0.0772248 0.0663637 0.0669766 0.0549770 0.0489047 0.0374503 0.0420121 0.0355880 0.0496191 0.0476623 0.0305380 0.0420653 0.0477411 0.0499459 0.0400080 0.0332265 0.0315624 0.0440508 0.0231876 0.0330154 0.0304404 0.0577440 0.0473259 0.0472114 0.0416322 0.0318306 0.0315060 0.0536569 0.0486852 0.0343136 0.0469566 0.0516744 0.0493919 0.0484661 0.0371139 0.0335352 0.0485790 0.0464421 0.0303203 0.0311290 0.0417683 0.0387022 0.0443114 0.0408720 0.0296901 0.0277521 0.0394897 0.0565894 0.0400830 0.0405931 0.0353331 0.0288541 0.0447570 0.0375265 0.0456496 0.0454457 0.0298256 0.0492492 0.0303805 0.0309265 0.0301812 0.0390019 0.0376038 0.0565078 0.0382758 0.0350296 0.0295537 0.0361738 0.0429785 0.0551029 0.0331650 0.0417937 0.0555055 0.0327553 0.0289585 0.0513656 0.0461220 0.0321343 0.0548087 0.0517816 0.0433160 0.0290675 0.0319254 0.0306581 0.0487481 0.0174883 0.0399471 0.0496678 0.0301026 0.0475448 0.0328984 0.0295523 0.0291140 0.0426293 0.0478107 0.0470906 0.0329702 0.0546079 0.0324192 0.0409117 0.0358987 0.0292937 0.0328778 0.0288234 0.0417230 0.0320287 0.0620941 0.0450498 0.0366989 0.0300860 0.0469051 0.0552426 0.0482238 0.0483180 0.0274276 0.0326308 0.0348118 0.0333571 0.0321638 0.0339822 0.0385527 0.0421410 0.0422497 0.0500702 0.0352390 0.0403483 0.0498119 0.0338160 0.0732278 0.0328487 0.0386811 0.0498323 0.0501666 0.0540270 0.0301346 0.0305610 0.0297470 0.0337049 0.0538261 0.0323002 0.0581254 0.0549244 0.0502390 0.0468369 0.1103366 0.0495103 0.0556303 0.0544952 0.0387733 0.0367740 
I0189_225_Eurylaimidae_Smithornis_rufolateralis           0.0426849 0.0480627 0.0512441 0.0504521 0.0000000 0.0501895 0.0540492 0.0467379 0.0476265 0.0623349 0.0553387 0.0443196 0.0345470 0.0510647 0.0499425 0.0299590 0.0471438 0.0370477 0.0300536 0.0407398 0.0281271 0.0439571 0.0426997 0.0433810 0.0409082 0.0475741 0.0438486 0.0557569 0.0364376 0.0416711 0.0422214 0.0291205 0.0308747 0.0560581 0.0563874 0.0462659 0.0393866 0.0317346 0.0621537 0.0301437 0.0669534 0.0320213 0.0282394 0.0832585 0.0774144 0.0756532 0.0386126 0.0590309 0.0472102 0.0497491 0.0461268 0.0326950 0.0286676 0.0424557 0.0526613 0.0283652 0.0309552 0.0472282 0.0461080 0.0429046 0.0337251 0.0576988 0.0444213 0.0439652 0.0674456 0.0285458 0.0595470 0.0543621 0.0428096 0.0436299 0.0637384 0.0599141 0.0453611 0.0549431 0.0637301 0.0316040 0.0293925 0.0463261 0.0446105 0.0287503 0.0539408 0.0432154 0.0433272 0.0522042 0.0497389 0.0552171 0.0521935 0.0421317 0.0399465 0.0579971 0.0682056 0.0506903 0.0511563 0.0455975 0.0412337 0.0560692 0.0470342 0.0574750 0.0537293 0.0418965 0.0592657 0.0424821 0.0433623 0.0424297 0.0512327 0.0476131 0.0573099 0.0506894 0.0449619 0.0418329 0.0469858 0.0536609 0.0675012 0.0442476 0.0549095 0.0669649 0.0446671 0.0410989 0.0319688 0.0530042 0.0425746 0.0384155 0.0637176 0.0545182 0.0411052 0.0451630 0.0421941 0.0224016 0.0511273 0.0508849 0.0621722 0.0421911 0.0583768 0.0460579 0.0452206 0.0412803 0.0503956 0.0547583 0.0549968 0.0455374 0.0286399 0.0454404 0.0513957 0.0471860 0.0409287 0.0437760 0.0406731 0.0503937 0.0437425 0.0720937 0.0549946 0.0479424 0.0425642 0.0560380 0.0677406 0.0307638 0.0292276 0.0399354 0.0448655 0.0458194 0.0443373 0.0430665 0.0452549 0.0487777 0.0508432 0.0504916 0.0603172 0.0460153 0.0490038 0.0311108 0.0451115 0.0835275 0.0437787 0.0471261 0.0237035 0.0342110 0.0658231 0.0417065 0.0428974 0.0410462 0.0433336 0.0648927 0.0433585 0.0403258 0.0379969 0.0334230 0.0166073 0.1208821 0.0335439 0.0396177 0.0375241 0.0500571 0.0479277 
I0190_295_Trogonidae_Apaloderma_aequatoriale              0.0312294 0.0398472 0.0139897 0.0404796 0.0501895 0.0000000 0.0464783 0.0356399 0.0392014 0.0549178 0.0487588 0.0334918 0.0496924 0.0399013 0.0389329 0.0477446 0.0374674 0.0268588 0.0500618 0.0301487 0.0481119 0.0334666 0.0326634 0.0336871 0.0302805 0.0395233 0.0330506 0.0492536 0.0532328 0.0559413 0.0325729 0.0483120 0.0501802 0.0466966 0.0472970 0.0396557 0.0557388 0.0500204 0.0530733 0.0495106 0.0584871 0.0501083 0.0476040 0.0762233 0.0659360 0.0672119 0.0538523 0.0499166 0.0371476 0.0432978 0.0371871 0.0504431 0.0479374 0.0308845 0.0437091 0.0474512 0.0502081 0.0402854 0.0360441 0.0324471 0.0429804 0.0473491 0.0346831 0.0338183 0.0599982 0.0478334 0.0495185 0.0438880 0.0325810 0.0348830 0.0551175 0.0503046 0.0360010 0.0487764 0.0538628 0.0504496 0.0480589 0.0376089 0.0347703 0.0484021 0.0470053 0.0317668 0.0332540 0.0428078 0.0397505 0.0456561 0.0420762 0.0304441 0.0293947 0.0497613 0.0586453 0.0422633 0.0411585 0.0355722 0.0304475 0.0464981 0.0379692 0.0474723 0.0460873 0.0307224 0.0501628 0.0329307 0.0320938 0.0314684 0.0399879 0.0388631 0.0543234 0.0398710 0.0350175 0.0322849 0.0360073 0.0443364 0.0582467 0.0353479 0.0444968 0.0577295 0.0339587 0.0298967 0.0498994 0.0465264 0.0332724 0.0532611 0.0536788 0.0444836 0.0302112 0.0346788 0.0315573 0.0507781 0.0413490 0.0406143 0.0527379 0.0323415 0.0487959 0.0350263 0.0361434 0.0302108 0.0417552 0.0488812 0.0480110 0.0364009 0.0544303 0.0350544 0.0435104 0.0383510 0.0298070 0.0346446 0.0297876 0.0423099 0.0325552 0.0631192 0.0465958 0.0391214 0.0316949 0.0481345 0.0587594 0.0471622 0.0481895 0.0282772 0.0337256 0.0365899 0.0339431 0.0326365 0.0358849 0.0407483 0.0424119 0.0425251 0.0519890 0.0363812 0.0408204 0.0483099 0.0354356 0.0740813 0.0348157 0.0393086 0.0514149 0.0492188 0.0564006 0.0315153 0.0325313 0.0310861 0.0349056 0.0552146 0.0331712 0.0575972 0.0532084 0.0489484 0.0467647 0.1151286 0.0487002 0.0549167 0.0541623 0.0398943 0.0369122 
I0191_344_Indicatoridae_Indicator_exilis                  0.0372532 0.0449771 0.0472591 0.0452038 0.0540492 0.0464783 0.0000000 0.0421281 0.0467525 0.0579760 0.0279579 0.0396417 0.0543001 0.0458860 0.0450988 0.0542078 0.0433531 0.0337555 0.0543225 0.0367230 0.0530924 0.0391408 0.0402106 0.0379756 0.0359739 0.0459715 0.0384644 0.0202919 0.0574859 0.0621262 0.0391178 0.0530127 0.0539334 0.0499630 0.0507092 0.0401992 0.0604485 0.0557134 0.0596209 0.0533492 0.0621566 0.0555016 0.0526585 0.0836353 0.0725453 0.0725421 0.0595968 0.0541687 0.0440859 0.0479727 0.0429861 0.0544630 0.0528527 0.0376425 0.0478863 0.0522716 0.0550458 0.0471492 0.0417833 0.0385377 0.0490034 0.0532380 0.0404139 0.0390527 0.0629651 0.0525171 0.0563501 0.0497777 0.0385601 0.0398461 0.0602656 0.0569039 0.0414571 0.0197766 0.0583195 0.0549721 0.0542153 0.0435719 0.0408326 0.0532528 0.0262963 0.0377997 0.0382355 0.0471081 0.0445745 0.0459820 0.0428601 0.0368240 0.0357724 0.0531577 0.0639393 0.0484256 0.0450043 0.0420948 0.0362458 0.0525209 0.0428077 0.0548024 0.0249903 0.0367612 0.0568664 0.0387278 0.0379117 0.0378782 0.0455020 0.0436540 0.0600215 0.0455965 0.0404465 0.0381413 0.0430833 0.0487809 0.0629729 0.0405349 0.0503723 0.0629931 0.0399890 0.0358649 0.0563445 0.0510259 0.0389628 0.0591775 0.0587888 0.0490052 0.0358842 0.0399630 0.0380201 0.0541669 0.0453153 0.0458151 0.0575881 0.0379786 0.0518190 0.0406098 0.0406355 0.0363521 0.0496923 0.0285433 0.0520525 0.0402515 0.0589592 0.0407996 0.0481155 0.0436585 0.0361672 0.0402973 0.0363801 0.0479838 0.0392469 0.0675813 0.0531725 0.0442208 0.0388227 0.0540058 0.0632685 0.0534816 0.0528172 0.0358666 0.0404708 0.0418001 0.0401870 0.0387440 0.0417484 0.0456332 0.0484912 0.0479972 0.0581835 0.0433527 0.0458457 0.0552219 0.0411062 0.0800117 0.0403271 0.0461593 0.0547069 0.0545628 0.0603009 0.0372488 0.0376182 0.0364410 0.0403985 0.0617841 0.0386981 0.0622154 0.0578625 0.0541140 0.0517348 0.1154396 0.0538323 0.0596513 0.0585610 0.0461741 0.0428164 
I0192_375_Musophagidae_Tauraco_macrorhynchus              0.0260814 0.0349347 0.0363697 0.0344781 0.0467379 0.0356399 0.0421281 0.0000000 0.0347714 0.0496066 0.0437651 0.0158894 0.0466238 0.0349500 0.0346193 0.0458588 0.0318131 0.0205785 0.0467042 0.0233962 0.0449357 0.0278386 0.0267018 0.0271911 0.0237199 0.0346754 0.0271305 0.0448273 0.0499177 0.0535262 0.0272940 0.0456467 0.0471831 0.0409155 0.0418547 0.0342423 0.0533331 0.0467006 0.0488346 0.0462021 0.0532599 0.0475964 0.0443233 0.0722488 0.0625166 0.0629851 0.0516658 0.0453689 0.0338718 0.0389281 0.0317545 0.0465653 0.0446137 0.0254550 0.0384538 0.0442423 0.0469786 0.0349686 0.0294744 0.0267008 0.0398342 0.0424366 0.0289743 0.0280746 0.0553153 0.0450380 0.0450449 0.0384942 0.0266838 0.0291032 0.0505795 0.0454525 0.0303235 0.0434491 0.0471849 0.0475764 0.0458369 0.0324554 0.0294590 0.0452757 0.0426122 0.0262970 0.0272652 0.0376392 0.0352896 0.0414057 0.0378588 0.0242517 0.0226956 0.0447096 0.0533419 0.0366710 0.0367593 0.0296669 0.0237983 0.0412047 0.0331138 0.0432885 0.0410587 0.0235470 0.0459618 0.0260517 0.0261965 0.0243829 0.0338664 0.0337212 0.0528214 0.0340216 0.0299444 0.0257414 0.0307047 0.0389779 0.0518876 0.0288598 0.0394255 0.0522293 0.0283431 0.0235748 0.0469774 0.0427579 0.0270708 0.0513481 0.0472935 0.0401038 0.0236692 0.0288429 0.0246896 0.0459431 0.0356178 0.0357405 0.0478447 0.0247724 0.0435243 0.0292689 0.0294533 0.0234738 0.0359734 0.0447028 0.0421969 0.0289699 0.0518071 0.0293527 0.0377129 0.0321405 0.0237365 0.0285186 0.0232053 0.0379337 0.0283663 0.0594599 0.0408614 0.0327587 0.0249909 0.0427790 0.0535956 0.0436098 0.0448150 0.0228584 0.0275638 0.0293312 0.0280487 0.0267077 0.0290650 0.0346507 0.0366917 0.0376756 0.0472859 0.0311358 0.0370308 0.0465787 0.0291934 0.0695586 0.0280984 0.0346344 0.0480538 0.0455965 0.0502752 0.0246425 0.0259248 0.0242745 0.0292417 0.0505044 0.0272114 0.0541380 0.0508101 0.0460745 0.0435121 0.1080853 0.0449743 0.0533787 0.0504934 0.0344804 0.0323392 
I0193_447_Columbidae_Treron_calvus                        0.0319979 0.0401050 0.0402189 0.0391350 0.0476265 0.0392014 0.0467525 0.0347714 0.0000000 0.0551627 0.0490564 0.0331882 0.0475374 0.0398302 0.0398404 0.0465567 0.0355611 0.0198215 0.0479889 0.0297234 0.0458251 0.0320381 0.0328775 0.0321212 0.0295579 0.0146214 0.0323235 0.0494685 0.0504291 0.0556317 0.0326572 0.0467265 0.0479917 0.0460995 0.0469091 0.0174403 0.0543221 0.0472793 0.0520269 0.0469722 0.0574489 0.0488973 0.0449309 0.0769691 0.0660677 0.0665755 0.0526763 0.0511613 0.0389022 0.0433228 0.0371192 0.0490814 0.0457497 0.0308888 0.0426623 0.0462544 0.0481486 0.0140772 0.0350950 0.0314103 0.0427001 0.0465477 0.0345345 0.0323367 0.0587863 0.0455860 0.0492018 0.0435126 0.0322309 0.0328913 0.0532576 0.0500875 0.0351557 0.0482606 0.0534546 0.0484402 0.0464139 0.0368994 0.0347897 0.0465246 0.0475247 0.0322393 0.0308147 0.0418075 0.0413184 0.0460971 0.0424961 0.0298293 0.0286796 0.0492241 0.0582614 0.0405605 0.0406101 0.0347449 0.0295870 0.0454848 0.0382213 0.0474115 0.0458513 0.0286536 0.0500998 0.0311806 0.0320096 0.0301132 0.0377989 0.0382576 0.0526064 0.0373657 0.0352898 0.0307819 0.0350667 0.0441416 0.0569114 0.0349174 0.0435506 0.0568649 0.0338989 0.0291784 0.0487774 0.0449389 0.0328504 0.0512085 0.0529333 0.0435054 0.0297529 0.0347851 0.0309345 0.0477967 0.0405624 0.0404514 0.0527631 0.0312231 0.0479469 0.0336201 0.0339564 0.0290562 0.0404291 0.0483490 0.0459122 0.0344574 0.0525217 0.0335492 0.0412736 0.0358584 0.0293046 0.0325197 0.0286555 0.0414560 0.0318486 0.0610878 0.0459281 0.0373944 0.0298682 0.0474557 0.0589953 0.0453476 0.0469103 0.0277360 0.0335271 0.0343921 0.0332972 0.0327275 0.0338478 0.0387382 0.0418854 0.0418217 0.0505963 0.0352345 0.0397630 0.0467699 0.0341239 0.0734737 0.0324330 0.0126298 0.0475010 0.0474441 0.0543196 0.0298637 0.0312561 0.0295225 0.0345621 0.0556603 0.0325748 0.0552757 0.0528510 0.0478884 0.0448347 0.1145688 0.0468630 0.0535678 0.0526370 0.0393900 0.0375925 
I0194_495_Alcedinidae_Alcedo_quadribrachys                0.0475060 0.0456034 0.0557840 0.0525042 0.0623349 0.0549178 0.0579760 0.0496066 0.0551627 0.0000000 0.0592332 0.0480066 0.0621501 0.0531525 0.0493459 0.0613230 0.0506882 0.0418002 0.0618645 0.0448636 0.0595229 0.0478253 0.0471840 0.0472459 0.0455995 0.0545776 0.0464355 0.0603576 0.0640854 0.0676204 0.0481850 0.0610650 0.0618971 0.0596512 0.0607177 0.0538595 0.0676132 0.0620844 0.0665757 0.0604892 0.0703277 0.0620871 0.0595587 0.0845223 0.0775385 0.0791171 0.0634733 0.0617082 0.0465243 0.0567145 0.0517788 0.0614706 0.0591733 0.0462639 0.0566305 0.0591333 0.0617939 0.0547711 0.0506166 0.0468740 0.0558947 0.0610899 0.0498666 0.0475325 0.0708412 0.0588707 0.0643293 0.0583812 0.0468126 0.0485103 0.0655592 0.0656372 0.0493748 0.0579799 0.0658272 0.0625263 0.0601999 0.0513363 0.0502909 0.0597801 0.0582258 0.0478138 0.0469884 0.0561160 0.0396425 0.0544249 0.0528517 0.0452506 0.0442385 0.0627111 0.0712023 0.0519356 0.0548098 0.0489941 0.0446167 0.0615348 0.0476841 0.0630128 0.0571500 0.0447448 0.0654826 0.0471307 0.0466179 0.0463145 0.0522226 0.0488094 0.0667948 0.0514258 0.0485933 0.0461702 0.0513970 0.0575356 0.0691727 0.0492112 0.0594826 0.0703971 0.0489898 0.0452897 0.0618878 0.0602122 0.0474189 0.0649725 0.0664288 0.0576525 0.0448713 0.0493670 0.0463258 0.0613807 0.0531741 0.0544177 0.0656031 0.0463523 0.0615397 0.0478552 0.0502308 0.0451080 0.0550737 0.0589374 0.0587164 0.0502973 0.0667827 0.0493051 0.0541534 0.0518492 0.0451066 0.0479837 0.0449608 0.0558711 0.0481131 0.0669337 0.0574711 0.0530480 0.0458690 0.0573674 0.0708760 0.0585425 0.0595090 0.0434096 0.0480696 0.0494527 0.0485673 0.0487259 0.0486134 0.0531199 0.0559182 0.0558520 0.0649342 0.0499513 0.0535006 0.0609187 0.0489871 0.0837755 0.0474835 0.0535923 0.0628477 0.0618779 0.0686909 0.0462785 0.0470487 0.0458236 0.0480405 0.0685969 0.0486302 0.0672070 0.0656633 0.0611778 0.0590113 0.1200771 0.0614130 0.0635614 0.0647521 0.0532274 0.0512021 
I0195_522_Ramphastidae_Buccanodon_duchaillui              0.0407324 0.0470757 0.0500208 0.0477680 0.0553387 0.0487588 0.0279579 0.0437651 0.0490564 0.0592332 0.0000000 0.0422707 0.0563659 0.0483294 0.0473952 0.0549290 0.0460127 0.0363328 0.0569199 0.0390706 0.0554539 0.0423692 0.0422640 0.0407316 0.0395200 0.0492096 0.0413527 0.0307603 0.0599043 0.0634975 0.0422218 0.0553218 0.0565603 0.0523408 0.0536960 0.0446314 0.0623690 0.0569751 0.0618889 0.0551182 0.0659616 0.0578682 0.0543186 0.0836808 0.0728785 0.0750697 0.0618830 0.0557477 0.0467506 0.0501442 0.0453600 0.0557951 0.0545702 0.0406993 0.0511331 0.0544365 0.0566273 0.0498550 0.0450159 0.0416426 0.0519080 0.0564695 0.0434980 0.0428960 0.0665131 0.0541228 0.0592577 0.0531793 0.0410319 0.0428927 0.0626671 0.0605049 0.0442053 0.0301510 0.0614097 0.0568896 0.0560269 0.0464477 0.0434120 0.0548231 0.0197269 0.0404888 0.0416725 0.0503078 0.0472689 0.0485663 0.0448491 0.0390424 0.0386598 0.0561045 0.0667778 0.0503362 0.0490006 0.0442175 0.0392882 0.0557206 0.0451214 0.0582670 0.0184290 0.0403286 0.0602083 0.0416800 0.0405730 0.0398820 0.0479230 0.0446881 0.0627525 0.0474341 0.0434829 0.0407454 0.0461817 0.0519107 0.0652653 0.0436599 0.0539779 0.0658182 0.0434628 0.0394665 0.0574269 0.0540276 0.0420649 0.0605074 0.0621647 0.0524946 0.0393139 0.0428927 0.0403024 0.0548397 0.0482802 0.0491745 0.0606304 0.0401234 0.0542863 0.0440658 0.0432180 0.0395662 0.0515953 0.0239766 0.0540744 0.0432265 0.0597708 0.0441619 0.0510128 0.0461751 0.0389464 0.0432304 0.0392685 0.0508131 0.0425291 0.0684519 0.0554638 0.0464673 0.0403962 0.0548324 0.0664098 0.0548988 0.0548648 0.0384482 0.0421661 0.0449335 0.0427509 0.0416927 0.0449425 0.0478083 0.0499463 0.0502308 0.0603799 0.0463458 0.0486033 0.0566207 0.0443851 0.0829150 0.0429064 0.0490463 0.0557115 0.0563115 0.0636435 0.0402871 0.0401185 0.0390033 0.0429524 0.0639032 0.0422291 0.0651606 0.0608225 0.0563484 0.0531044 0.1185455 0.0553803 0.0626080 0.0612270 0.0488928 0.0458382 
I0196_523_Musophagidae_Corythaeola_cristata               0.0243135 0.0324384 0.0346757 0.0326695 0.0443196 0.0334918 0.0396417 0.0158894 0.0331882 0.0480066 0.0422707 0.0000000 0.0449208 0.0336579 0.0324867 0.0440453 0.0299632 0.0185781 0.0448814 0.0224983 0.0431426 0.0257558 0.0251262 0.0246831 0.0224020 0.0328643 0.0246047 0.0420338 0.0479228 0.0520263 0.0246474 0.0433753 0.0456004 0.0381474 0.0393694 0.0325990 0.0513504 0.0457540 0.0467982 0.0444745 0.0516898 0.0451306 0.0424786 0.0711813 0.0606234 0.0599889 0.0496358 0.0434846 0.0318604 0.0373994 0.0297815 0.0456291 0.0426244 0.0231106 0.0361399 0.0422217 0.0458268 0.0334819 0.0283814 0.0246953 0.0375802 0.0404085 0.0264446 0.0260490 0.0535397 0.0428480 0.0429719 0.0358031 0.0244684 0.0269522 0.0478344 0.0438849 0.0295728 0.0419373 0.0450571 0.0455156 0.0434811 0.0302539 0.0269363 0.0428464 0.0405483 0.0246435 0.0251994 0.0345824 0.0327105 0.0394245 0.0357936 0.0220725 0.0212169 0.0418145 0.0511795 0.0345829 0.0333040 0.0276783 0.0220857 0.0394035 0.0309416 0.0413243 0.0392591 0.0218586 0.0437381 0.0249028 0.0239923 0.0227325 0.0327179 0.0318337 0.0504695 0.0322798 0.0278910 0.0240513 0.0284769 0.0364282 0.0505249 0.0270240 0.0367440 0.0508715 0.0253717 0.0221053 0.0459516 0.0404846 0.0254346 0.0503502 0.0458784 0.0366388 0.0214419 0.0268965 0.0231926 0.0442228 0.0335479 0.0329465 0.0445774 0.0231426 0.0421017 0.0267568 0.0282778 0.0216040 0.0340790 0.0428758 0.0394147 0.0275997 0.0504304 0.0273146 0.0359826 0.0300771 0.0216703 0.0263049 0.0215903 0.0366252 0.0257348 0.0570801 0.0400340 0.0307174 0.0234914 0.0415368 0.0509233 0.0416557 0.0429826 0.0205469 0.0257397 0.0276605 0.0262524 0.0246719 0.0273771 0.0325621 0.0349459 0.0368387 0.0455849 0.0289518 0.0349938 0.0449742 0.0271741 0.0671782 0.0258605 0.0330146 0.0466029 0.0445313 0.0493853 0.0226113 0.0243008 0.0222224 0.0271617 0.0479912 0.0253665 0.0531225 0.0495611 0.0439016 0.0414382 0.1061447 0.0441537 0.0509438 0.0493805 0.0333980 0.0305901 
I0197_832_Corvidae_Corvus_albus                           0.0440247 0.0486972 0.0517877 0.0500229 0.0345470 0.0496924 0.0543001 0.0466238 0.0475374 0.0621501 0.0563659 0.0449208 0.0000000 0.0516591 0.0502803 0.0335784 0.0469355 0.0374607 0.0346902 0.0419134 0.0332077 0.0436407 0.0432004 0.0429995 0.0421512 0.0476248 0.0435192 0.0566882 0.0209609 0.0248165 0.0422735 0.0346524 0.0351180 0.0556888 0.0561526 0.0463036 0.0238851 0.0353957 0.0611141 0.0341753 0.0662272 0.0362383 0.0327942 0.0834922 0.0730759 0.0742501 0.0217866 0.0588302 0.0498208 0.0515096 0.0458750 0.0369310 0.0336785 0.0433277 0.0528080 0.0326628 0.0347144 0.0471971 0.0469554 0.0438461 0.0365996 0.0571746 0.0445363 0.0434923 0.0661951 0.0327968 0.0586191 0.0545221 0.0440251 0.0448774 0.0631287 0.0604646 0.0456275 0.0553798 0.0632682 0.0365382 0.0334336 0.0476886 0.0447403 0.0335968 0.0553318 0.0441787 0.0424487 0.0527289 0.0497599 0.0566251 0.0520670 0.0429848 0.0405689 0.0584527 0.0675410 0.0514638 0.0507767 0.0462633 0.0414472 0.0562670 0.0483579 0.0573263 0.0546866 0.0420191 0.0590777 0.0429210 0.0441554 0.0430582 0.0509548 0.0487894 0.0599803 0.0500345 0.0451282 0.0428087 0.0469421 0.0540355 0.0654572 0.0457508 0.0555412 0.0670521 0.0452412 0.0417176 0.0354110 0.0538277 0.0437289 0.0281352 0.0633703 0.0534217 0.0415053 0.0464795 0.0423492 0.0356828 0.0508170 0.0510602 0.0630097 0.0434998 0.0578726 0.0444836 0.0452864 0.0416547 0.0504482 0.0559929 0.0563603 0.0466668 0.0401734 0.0447253 0.0519619 0.0478069 0.0409386 0.0442276 0.0411391 0.0502223 0.0443474 0.0715766 0.0543950 0.0486863 0.0432790 0.0561231 0.0689754 0.0239281 0.0339269 0.0410119 0.0459546 0.0465003 0.0453839 0.0437533 0.0457246 0.0503045 0.0524361 0.0505072 0.0592145 0.0465266 0.0485910 0.0348838 0.0454667 0.0814756 0.0449174 0.0470526 0.0354769 0.0236570 0.0647973 0.0423072 0.0440869 0.0427921 0.0444420 0.0657059 0.0439236 0.0254982 0.0211278 0.0096614 0.0331222 0.1223091 0.0237881 0.0242771 0.0213854 0.0504242 0.0486672 
I0198_937_Bucerotidae_Tockus_camurus                      0.0316595 0.0395016 0.0421298 0.0403462 0.0510647 0.0399013 0.0458860 0.0349500 0.0398302 0.0531525 0.0483294 0.0336579 0.0516591 0.0000000 0.0383628 0.0504219 0.0374113 0.0262761 0.0522072 0.0310377 0.0507266 0.0337628 0.0329481 0.0323237 0.0302485 0.0399718 0.0328465 0.0480141 0.0550181 0.0586906 0.0325600 0.0514705 0.0526660 0.0460567 0.0469031 0.0393688 0.0570190 0.0521204 0.0545523 0.0514296 0.0591726 0.0521077 0.0495025 0.0789993 0.0677910 0.0685307 0.0556582 0.0455042 0.0380529 0.0436308 0.0371868 0.0513852 0.0502130 0.0314473 0.0437375 0.0499478 0.0523477 0.0403855 0.0351592 0.0322120 0.0456890 0.0486608 0.0344498 0.0330691 0.0606513 0.0496359 0.0511550 0.0446459 0.0318893 0.0342836 0.0572500 0.0526770 0.0364532 0.0473221 0.0534583 0.0517889 0.0507233 0.0375468 0.0346763 0.0505824 0.0463116 0.0326097 0.0334745 0.0424301 0.0386859 0.0454497 0.0409234 0.0309814 0.0282844 0.0495092 0.0602693 0.0421900 0.0403560 0.0356977 0.0297726 0.0483191 0.0363393 0.0493143 0.0453643 0.0296082 0.0519381 0.0325412 0.0319266 0.0304986 0.0408729 0.0383949 0.0566225 0.0403161 0.0344211 0.0315942 0.0366190 0.0438155 0.0580337 0.0349643 0.0441051 0.0586475 0.0344694 0.0301811 0.0517710 0.0473158 0.0331554 0.0551446 0.0533544 0.0438308 0.0305496 0.0340953 0.0309803 0.0501803 0.0409677 0.0398339 0.0520421 0.0316933 0.0441908 0.0344895 0.0352721 0.0299500 0.0427967 0.0487089 0.0475770 0.0347562 0.0559716 0.0355982 0.0437421 0.0378212 0.0298077 0.0344518 0.0291582 0.0429315 0.0342856 0.0646884 0.0475457 0.0382850 0.0313299 0.0486483 0.0582864 0.0487288 0.0504990 0.0284275 0.0337767 0.0360795 0.0338245 0.0327351 0.0342154 0.0393680 0.0429795 0.0436548 0.0528342 0.0375606 0.0413175 0.0515172 0.0353275 0.0740159 0.0343655 0.0396699 0.0523561 0.0509032 0.0563419 0.0307014 0.0312503 0.0303820 0.0346641 0.0548036 0.0329879 0.0591995 0.0550893 0.0513825 0.0467671 0.1119190 0.0504344 0.0568531 0.0559046 0.0406152 0.0151810 
I0199_955_Meropidae_Merops_muelleri                       0.0296283 0.0344585 0.0396074 0.0385602 0.0499425 0.0389329 0.0450988 0.0346193 0.0398404 0.0493459 0.0473952 0.0324867 0.0502803 0.0383628 0.0000000 0.0486252 0.0354213 0.0258840 0.0499599 0.0294236 0.0483459 0.0325104 0.0318498 0.0307495 0.0290638 0.0404520 0.0310377 0.0473583 0.0531945 0.0567174 0.0315100 0.0490668 0.0503100 0.0455182 0.0449338 0.0390217 0.0549795 0.0501663 0.0514282 0.0495483 0.0574150 0.0504290 0.0474226 0.0762760 0.0653349 0.0663025 0.0535820 0.0466688 0.0327864 0.0422964 0.0356565 0.0499362 0.0474673 0.0294343 0.0419966 0.0473491 0.0512197 0.0402157 0.0343877 0.0306202 0.0427822 0.0452469 0.0325959 0.0320192 0.0585821 0.0477409 0.0480921 0.0425343 0.0307034 0.0328866 0.0540575 0.0485468 0.0350792 0.0458296 0.0505856 0.0502001 0.0487472 0.0374955 0.0331645 0.0485105 0.0456978 0.0302254 0.0317305 0.0413370 0.0340634 0.0425077 0.0395231 0.0292551 0.0281536 0.0481161 0.0574106 0.0404085 0.0403563 0.0339269 0.0288607 0.0444324 0.0322229 0.0465757 0.0449959 0.0287272 0.0490805 0.0318488 0.0310677 0.0295976 0.0391631 0.0326809 0.0548441 0.0385157 0.0337957 0.0310321 0.0351573 0.0426583 0.0561021 0.0334166 0.0430413 0.0559077 0.0331061 0.0287750 0.0509154 0.0465404 0.0318433 0.0531667 0.0505225 0.0427909 0.0287069 0.0327582 0.0294653 0.0493740 0.0394295 0.0393858 0.0509830 0.0299441 0.0464759 0.0332708 0.0336805 0.0286018 0.0400647 0.0470917 0.0467493 0.0340353 0.0549760 0.0329631 0.0419826 0.0367910 0.0284561 0.0330144 0.0278574 0.0430625 0.0320324 0.0626029 0.0453079 0.0385426 0.0299969 0.0471113 0.0554620 0.0461356 0.0483731 0.0273910 0.0326067 0.0346977 0.0326727 0.0316727 0.0336192 0.0382714 0.0408581 0.0430407 0.0506613 0.0352763 0.0409321 0.0493999 0.0343612 0.0727783 0.0330376 0.0400022 0.0512116 0.0484627 0.0538506 0.0297677 0.0305436 0.0291799 0.0331128 0.0539636 0.0317832 0.0566344 0.0539761 0.0492375 0.0460702 0.1087018 0.0479793 0.0542456 0.0538968 0.0394065 0.0355535 
I0200_988_Furnariidae_Furnarius_rufus                     0.0413939 0.0481717 0.0493867 0.0486898 0.0299590 0.0477446 0.0542078 0.0458588 0.0465567 0.0613230 0.0549290 0.0440453 0.0335784 0.0504219 0.0486252 0.0000000 0.0459417 0.0357426 0.0260412 0.0403194 0.0247874 0.0424659 0.0414452 0.0423937 0.0408829 0.0465491 0.0431065 0.0566869 0.0360876 0.0403331 0.0417203 0.0259435 0.0274063 0.0540835 0.0541149 0.0457283 0.0397703 0.0142010 0.0600801 0.0261216 0.0644831 0.0274591 0.0243672 0.0820590 0.0733781 0.0738559 0.0382517 0.0577752 0.0476164 0.0510470 0.0460824 0.0234682 0.0247453 0.0414570 0.0515211 0.0242044 0.0122664 0.0461884 0.0457105 0.0420347 0.0296349 0.0568727 0.0439476 0.0420487 0.0650389 0.0245984 0.0590971 0.0536873 0.0425925 0.0423925 0.0621103 0.0600346 0.0446082 0.0551766 0.0628224 0.0228752 0.0254098 0.0446896 0.0438899 0.0255419 0.0545777 0.0420415 0.0418493 0.0506422 0.0478917 0.0553106 0.0517025 0.0414297 0.0390212 0.0563519 0.0660446 0.0490734 0.0492448 0.0446276 0.0404356 0.0567512 0.0470969 0.0572237 0.0536344 0.0405981 0.0593036 0.0416540 0.0424743 0.0416449 0.0493259 0.0479471 0.0572652 0.0493410 0.0444207 0.0414335 0.0459202 0.0521794 0.0645220 0.0447270 0.0544402 0.0653371 0.0445669 0.0408217 0.0225204 0.0529941 0.0427798 0.0358384 0.0631306 0.0519025 0.0405775 0.0444082 0.0422234 0.0310437 0.0498149 0.0493625 0.0624999 0.0421310 0.0573519 0.0442060 0.0446226 0.0407303 0.0498212 0.0551079 0.0533728 0.0451301 0.0361030 0.0436958 0.0502749 0.0474197 0.0402332 0.0432088 0.0401260 0.0505399 0.0427807 0.0717851 0.0531961 0.0485201 0.0411129 0.0533400 0.0674666 0.0295691 0.0257538 0.0393136 0.0441379 0.0448591 0.0436558 0.0419816 0.0445425 0.0480803 0.0507192 0.0502964 0.0577873 0.0453644 0.0485213 0.0214520 0.0437567 0.0814485 0.0431841 0.0462275 0.0312996 0.0337925 0.0637013 0.0413007 0.0417928 0.0415742 0.0424918 0.0644920 0.0428478 0.0402810 0.0373614 0.0326240 0.0275935 0.1190823 0.0328943 0.0390269 0.0375135 0.0483803 0.0478540 
I0201_999_Scolopacidae_Tringa_solitaria                   0.0266198 0.0370099 0.0382405 0.0357699 0.0471438 0.0374674 0.0433531 0.0318131 0.0355611 0.0506882 0.0460127 0.0299632 0.0469355 0.0374113 0.0354213 0.0459417 0.0000000 0.0214347 0.0472179 0.0254602 0.0457739 0.0234910 0.0287157 0.0244191 0.0255367 0.0359188 0.0247289 0.0458058 0.0501658 0.0537210 0.0274942 0.0458200 0.0479334 0.0422818 0.0423321 0.0359885 0.0524005 0.0474245 0.0492755 0.0463666 0.0545658 0.0477988 0.0452992 0.0736174 0.0620387 0.0626669 0.0516535 0.0457129 0.0352524 0.0393808 0.0321180 0.0485108 0.0448848 0.0262662 0.0398685 0.0455628 0.0477146 0.0357937 0.0315861 0.0268276 0.0413307 0.0442850 0.0299780 0.0283446 0.0558304 0.0452512 0.0458047 0.0404161 0.0274574 0.0299863 0.0517021 0.0470283 0.0322379 0.0447176 0.0493957 0.0483579 0.0457292 0.0333275 0.0300027 0.0457638 0.0433319 0.0269494 0.0228094 0.0392855 0.0368943 0.0413932 0.0390354 0.0258130 0.0239185 0.0446179 0.0554010 0.0243797 0.0378478 0.0317218 0.0246093 0.0429113 0.0333079 0.0439148 0.0425953 0.0259420 0.0465112 0.0245793 0.0269591 0.0255951 0.0368984 0.0345885 0.0533517 0.0356921 0.0310611 0.0239260 0.0320122 0.0402377 0.0530352 0.0305434 0.0405318 0.0541398 0.0289905 0.0250414 0.0476323 0.0428050 0.0278801 0.0516753 0.0491958 0.0411343 0.0250966 0.0294463 0.0266039 0.0462809 0.0368915 0.0369709 0.0489845 0.0261753 0.0454347 0.0249222 0.0305852 0.0247499 0.0371051 0.0451962 0.0430951 0.0311299 0.0518323 0.0249495 0.0249209 0.0340370 0.0242317 0.0294677 0.0245449 0.0381836 0.0231873 0.0549506 0.0435883 0.0349400 0.0262743 0.0441650 0.0541002 0.0443024 0.0463714 0.0246604 0.0290722 0.0312453 0.0286288 0.0287319 0.0305437 0.0356992 0.0393123 0.0389390 0.0482184 0.0106245 0.0377565 0.0466250 0.0118544 0.0694463 0.0293881 0.0355153 0.0486663 0.0464053 0.0526588 0.0262962 0.0274396 0.0260179 0.0307924 0.0521031 0.0292403 0.0553636 0.0518951 0.0471646 0.0439011 0.1098421 0.0456642 0.0527692 0.0517567 0.0227133 0.0343526 
I0202_1066_Cathartidae_Cathartes_burrovianus              0.0148774 0.0254625 0.0275455 0.0254399 0.0370477 0.0268588 0.0337555 0.0205785 0.0198215 0.0418002 0.0363328 0.0185781 0.0374607 0.0262761 0.0258840 0.0357426 0.0214347 0.0000000 0.0370546 0.0143321 0.0352694 0.0171742 0.0167666 0.0167575 0.0134480 0.0224084 0.0164156 0.0363044 0.0416204 0.0453342 0.0166945 0.0364301 0.0379603 0.0318235 0.0322946 0.0227161 0.0438033 0.0375637 0.0396170 0.0368226 0.0447392 0.0378734 0.0349025 0.0653009 0.0550015 0.0542595 0.0429505 0.0362876 0.0249101 0.0299752 0.0222216 0.0385892 0.0352228 0.0151907 0.0285942 0.0351063 0.0381639 0.0228452 0.0203003 0.0162217 0.0302305 0.0335739 0.0186869 0.0184628 0.0468035 0.0351097 0.0356273 0.0291667 0.0161714 0.0192213 0.0427607 0.0363738 0.0216214 0.0350641 0.0390985 0.0384495 0.0356008 0.0232391 0.0193737 0.0356125 0.0340728 0.0154629 0.0169846 0.0272613 0.0261257 0.0319422 0.0273709 0.0143218 0.0036155 0.0348325 0.0450832 0.0280941 0.0263338 0.0202498 0.0139138 0.0325704 0.0228208 0.0332206 0.0333053 0.0141805 0.0365277 0.0162857 0.0151147 0.0148671 0.0262110 0.0235853 0.0431155 0.0252710 0.0196054 0.0158840 0.0211150 0.0290370 0.0437141 0.0192663 0.0300238 0.0439629 0.0182973 0.0132706 0.0379836 0.0338782 0.0172251 0.0418224 0.0388760 0.0298962 0.0136934 0.0174821 0.0153638 0.0367312 0.0263658 0.0250268 0.0380180 0.0150328 0.0348561 0.0192745 0.0200035 0.0134302 0.0266517 0.0359413 0.0326710 0.0199206 0.0423513 0.0192010 0.0287161 0.0226617 0.0134874 0.0189534 0.0132703 0.0293071 0.0174884 0.0509466 0.0324824 0.0234767 0.0151089 0.0337559 0.0443129 0.0344004 0.0360264 0.0121607 0.0180626 0.0209733 0.0178853 0.0164950 0.0193988 0.0247592 0.0278987 0.0296682 0.0383795 0.0207360 0.0283229 0.0370482 0.0199750 0.0612628 0.0191901 0.0217848 0.0379866 0.0365517 0.0424051 0.0146789 0.0149642 0.0140029 0.0186474 0.0411456 0.0168512 0.0465280 0.0421732 0.0371070 0.0340031 0.0985657 0.0360401 0.0443721 0.0420481 0.0256595 0.0223726 
I0203_1087_Tyrannidae_Hymenops_perspicillatus             0.0434650 0.0496072 0.0511456 0.0499226 0.0300536 0.0500618 0.0543225 0.0467042 0.0479889 0.0618645 0.0569199 0.0448814 0.0346902 0.0522072 0.0499599 0.0260412 0.0472179 0.0370546 0.0000000 0.0414229 0.0084993 0.0445666 0.0424410 0.0437117 0.0420421 0.0483775 0.0439708 0.0569036 0.0370741 0.0402767 0.0425338 0.0165432 0.0167403 0.0563331 0.0566073 0.0466187 0.0404183 0.0264824 0.0615812 0.0140751 0.0671369 0.0155793 0.0144260 0.0821107 0.0748765 0.0753188 0.0388974 0.0600765 0.0489582 0.0513507 0.0463035 0.0282552 0.0145854 0.0432958 0.0531635 0.0144422 0.0275234 0.0477825 0.0464580 0.0439100 0.0115634 0.0573061 0.0453633 0.0437659 0.0679105 0.0145488 0.0595128 0.0545632 0.0443478 0.0444743 0.0632105 0.0607034 0.0455197 0.0558993 0.0644483 0.0275027 0.0143673 0.0476996 0.0452028 0.0148504 0.0563337 0.0441544 0.0431627 0.0523636 0.0499941 0.0558670 0.0539938 0.0420794 0.0402468 0.0581654 0.0680002 0.0506015 0.0514807 0.0458586 0.0409619 0.0567099 0.0495309 0.0584164 0.0554943 0.0419974 0.0601133 0.0429058 0.0433546 0.0431152 0.0518275 0.0498697 0.0581058 0.0516080 0.0457604 0.0434030 0.0469113 0.0538744 0.0664084 0.0461448 0.0555719 0.0677235 0.0461851 0.0417057 0.0280874 0.0548568 0.0437077 0.0371815 0.0643426 0.0533579 0.0419664 0.0458449 0.0436381 0.0307591 0.0509174 0.0517188 0.0638512 0.0424748 0.0587726 0.0459681 0.0449447 0.0413750 0.0505205 0.0559884 0.0552281 0.0462198 0.0376126 0.0457016 0.0513856 0.0478783 0.0415324 0.0449347 0.0411641 0.0522917 0.0447529 0.0725875 0.0547736 0.0487495 0.0430591 0.0556055 0.0702133 0.0312509 0.0159279 0.0408519 0.0454680 0.0468369 0.0443442 0.0435846 0.0463281 0.0498642 0.0529540 0.0519370 0.0602932 0.0472551 0.0503568 0.0268769 0.0460968 0.0806887 0.0449493 0.0479849 0.0312151 0.0332937 0.0656321 0.0426356 0.0435714 0.0427655 0.0444306 0.0676348 0.0439738 0.0405843 0.0374522 0.0333406 0.0277242 0.1216261 0.0325684 0.0400869 0.0380149 0.0506362 0.0489736 
I0204_1174_Threskiornithidae_Harpiprion_caerulescens      0.0195769 0.0293150 0.0310150 0.0294905 0.0407398 0.0301487 0.0367230 0.0233962 0.0297234 0.0448636 0.0390706 0.0224983 0.0419134 0.0310377 0.0294236 0.0403194 0.0254602 0.0143321 0.0414229 0.0000000 0.0393818 0.0210171 0.0217396 0.0195197 0.0168183 0.0301083 0.0209050 0.0392615 0.0450161 0.0490820 0.0206804 0.0405756 0.0417525 0.0361476 0.0362114 0.0297377 0.0477822 0.0416879 0.0447508 0.0409809 0.0493498 0.0414849 0.0393827 0.0704186 0.0573736 0.0593163 0.0469636 0.0406694 0.0282949 0.0333545 0.0263516 0.0421273 0.0392604 0.0172163 0.0332903 0.0394526 0.0422333 0.0305643 0.0248139 0.0187939 0.0349624 0.0379855 0.0224952 0.0217004 0.0514072 0.0391050 0.0404016 0.0330388 0.0186864 0.0228124 0.0463557 0.0409874 0.0260518 0.0380925 0.0422472 0.0424268 0.0401228 0.0258719 0.0225372 0.0397531 0.0374812 0.0201984 0.0205504 0.0323204 0.0294182 0.0353445 0.0314029 0.0163483 0.0163867 0.0399037 0.0500824 0.0302870 0.0310775 0.0238942 0.0168740 0.0367346 0.0273465 0.0379944 0.0361357 0.0174939 0.0410957 0.0192118 0.0201456 0.0176023 0.0300893 0.0291499 0.0460176 0.0296940 0.0238042 0.0188290 0.0249085 0.0340737 0.0483158 0.0214108 0.0337018 0.0493212 0.0219466 0.0160102 0.0414710 0.0360027 0.0203632 0.0455966 0.0428132 0.0340046 0.0161465 0.0222660 0.0182044 0.0402451 0.0308367 0.0295507 0.0419594 0.0171077 0.0397647 0.0223223 0.0247887 0.0165715 0.0314797 0.0395880 0.0374668 0.0239034 0.0466008 0.0231640 0.0317045 0.0264514 0.0163144 0.0221157 0.0160158 0.0324198 0.0210744 0.0553973 0.0365205 0.0273310 0.0176454 0.0384934 0.0481944 0.0381640 0.0401534 0.0151901 0.0196886 0.0235796 0.0203554 0.0211151 0.0223568 0.0287756 0.0320308 0.0323700 0.0432270 0.0243164 0.0309576 0.0409428 0.0234237 0.0663529 0.0221329 0.0296213 0.0424464 0.0402328 0.0472316 0.0183003 0.0200001 0.0170642 0.0231694 0.0450350 0.0214945 0.0500863 0.0457327 0.0412844 0.0382598 0.1054541 0.0398696 0.0479296 0.0464622 0.0286787 0.0271074 
