40
Altingia               0.0000000 0.0197961 0.0160088 0.0084950 0.0176973 0.0249330 0.0103354 0.0380376 0.0130197 0.0103030 0.0323418 0.0090193 0.0280311 0.0101241 0.0167439 0.0146767 0.0280644 0.0275472 0.0179423 0.0024312 0.0287149 0.0093341 0.0252929 0.0251716 0.0247283 0.0252488 0.0186528 0.0203245 0.0226012 0.0141496 0.0097230 0.0171288 0.0230018 0.0244945 0.0336280 0.0160549 0.0246154 0.0234824 0.0229281 0.0179849 
Aphanopetalum          0.0197961 0.0000000 0.0229326 0.0167737 0.0239237 0.0299438 0.0180898 0.0370907 0.0210363 0.0192055 0.0321778 0.0182427 0.0228425 0.0185953 0.0236270 0.0223280 0.0285885 0.0352216 0.0249098 0.0198369 0.0229581 0.0181569 0.0303565 0.0302924 0.0301675 0.0296849 0.0255692 0.0148204 0.0294812 0.0214578 0.0184149 0.0235727 0.0281867 0.0322221 0.0336830 0.0234094 0.0192850 0.0296404 0.0295809 0.0253193 
Boykinia               0.0160088 0.0229326 0.0000000 0.0133559 0.0190194 0.0172800 0.0157260 0.0396873 0.0179830 0.0152232 0.0343124 0.0142797 0.0297806 0.0149702 0.0087355 0.0158843 0.0305538 0.0320875 0.0227745 0.0160688 0.0314469 0.0142507 0.0285619 0.0282927 0.0280535 0.0270607 0.0114869 0.0225790 0.0262372 0.0149688 0.0155350 0.0174640 0.0152310 0.0183019 0.0362271 0.0046117 0.0280379 0.0269736 0.0262701 0.0230772 
Cercidiphyllum         0.0084950 0.0167737 0.0133559 0.0000000 0.0146027 0.0216956 0.0068962 0.0348894 0.0093452 0.0065417 0.0295258 0.0057670 0.0243217 0.0067300 0.0135199 0.0121620 0.0253446 0.0255620 0.0153891 0.0084520 0.0255433 0.0057821 0.0226866 0.0225834 0.0218368 0.0223974 0.0155541 0.0170126 0.0190734 0.0115148 0.0064691 0.0138149 0.0198475 0.0221787 0.0305713 0.0138200 0.0214544 0.0205832 0.0197256 0.0156438 
Choristylis            0.0176973 0.0239237 0.0190194 0.0146027 0.0000000 0.0260100 0.0158563 0.0390060 0.0188072 0.0160935 0.0359427 0.0140193 0.0295279 0.0159167 0.0189740 0.0099184 0.0321650 0.0340651 0.0229482 0.0174935 0.0301697 0.0154159 0.0295967 0.0293164 0.0289170 0.0293648 0.0207738 0.0231469 0.0274925 0.0140988 0.0157321 0.0187892 0.0252840 0.0264835 0.0374410 0.0188935 0.0284073 0.0269251 0.0256440 0.0229340 
Chrysosplenium         0.0249330 0.0299438 0.0172800 0.0216956 0.0260100 0.0000000 0.0221737 0.0437435 0.0256726 0.0228572 0.0407018 0.0212238 0.0351561 0.0221391 0.0149191 0.0230809 0.0369443 0.0396936 0.0307785 0.0249503 0.0366954 0.0225613 0.0340199 0.0339469 0.0333494 0.0322943 0.0128956 0.0282975 0.0347516 0.0227599 0.0234362 0.0226962 0.0190355 0.0221138 0.0410325 0.0170124 0.0321734 0.0333493 0.0325449 0.0308565 
Corylopsis             0.0103354 0.0180898 0.0157260 0.0068962 0.0158563 0.0221737 0.0000000 0.0354687 0.0111069 0.0065364 0.0312946 0.0065341 0.0257286 0.0036510 0.0146829 0.0134068 0.0274592 0.0277259 0.0157563 0.0101967 0.0264345 0.0065551 0.0227993 0.0226948 0.0221777 0.0228749 0.0168673 0.0176212 0.0206414 0.0128925 0.0077513 0.0141885 0.0212091 0.0229550 0.0324629 0.0153270 0.0232657 0.0213042 0.0212728 0.0160118 
Crassula               0.0380376 0.0370907 0.0396873 0.0348894 0.0390060 0.0437435 0.0354687 0.0000000 0.0387047 0.0350307 0.0266444 0.0348957 0.0417883 0.0356334 0.0383611 0.0374505 0.0243157 0.0490108 0.0433234 0.0377174 0.0416241 0.0349246 0.0466952 0.0462905 0.0458488 0.0464959 0.0403334 0.0362171 0.0456795 0.0368367 0.0360623 0.0389125 0.0422364 0.0438212 0.0278536 0.0396395 0.0401805 0.0463209 0.0464472 0.0425773 
Daphniphyllum          0.0130197 0.0210363 0.0179830 0.0093452 0.0188072 0.0256726 0.0111069 0.0387047 0.0000000 0.0115398 0.0334851 0.0103703 0.0289508 0.0106876 0.0178324 0.0164356 0.0301005 0.0286302 0.0192470 0.0126252 0.0296157 0.0100446 0.0258171 0.0256915 0.0253213 0.0254200 0.0195537 0.0214517 0.0225626 0.0148437 0.0108675 0.0174622 0.0238295 0.0257277 0.0356027 0.0178161 0.0253690 0.0232774 0.0219369 0.0194080 
Disanthus              0.0103030 0.0192055 0.0152232 0.0065417 0.0160935 0.0228572 0.0065364 0.0350307 0.0115398 0.0000000 0.0310645 0.0066724 0.0258294 0.0061008 0.0149760 0.0131857 0.0272138 0.0273844 0.0162270 0.0105543 0.0263376 0.0068023 0.0239166 0.0237833 0.0232264 0.0237420 0.0168897 0.0185367 0.0210549 0.0128706 0.0079239 0.0147897 0.0210435 0.0227369 0.0321064 0.0151174 0.0233544 0.0219747 0.0210537 0.0168833 
Dudleya                0.0323418 0.0321778 0.0343124 0.0295258 0.0359427 0.0407018 0.0312946 0.0266444 0.0334851 0.0310645 0.0000000 0.0299102 0.0382076 0.0314307 0.0342114 0.0328130 0.0145727 0.0448315 0.0381877 0.0320321 0.0379906 0.0299608 0.0427716 0.0424871 0.0422223 0.0435538 0.0365694 0.0317591 0.0399668 0.0315438 0.0314408 0.0349229 0.0391077 0.0425126 0.0129342 0.0341842 0.0365800 0.0409726 0.0410581 0.0378333 
Exbucklandia           0.0090193 0.0182427 0.0142797 0.0057670 0.0140193 0.0212238 0.0065341 0.0348957 0.0103703 0.0066724 0.0299102 0.0000000 0.0253119 0.0066728 0.0138894 0.0118017 0.0259041 0.0255569 0.0148048 0.0093244 0.0262564 0.0059113 0.0219160 0.0218646 0.0213999 0.0219727 0.0157892 0.0176976 0.0188201 0.0109641 0.0050638 0.0141256 0.0201366 0.0215257 0.0308930 0.0135743 0.0215253 0.0204356 0.0193146 0.0153462 
Haloragis              0.0280311 0.0228425 0.0297806 0.0243217 0.0295279 0.0351561 0.0257286 0.0417883 0.0289508 0.0258294 0.0382076 0.0253119 0.0000000 0.0260985 0.0300021 0.0272894 0.0356723 0.0424862 0.0322528 0.0276555 0.0077726 0.0254649 0.0366643 0.0365228 0.0361424 0.0363608 0.0315627 0.0181438 0.0365390 0.0274237 0.0255393 0.0297355 0.0328594 0.0372739 0.0397598 0.0295023 0.0251884 0.0360975 0.0361196 0.0324409 
Hamamelis              0.0101241 0.0185953 0.0149702 0.0067300 0.0159167 0.0221391 0.0036510 0.0356334 0.0106876 0.0061008 0.0314307 0.0066728 0.0260985 0.0000000 0.0140296 0.0132321 0.0275040 0.0271308 0.0157349 0.0101424 0.0270883 0.0062800 0.0237661 0.0235953 0.0230289 0.0236756 0.0159986 0.0182864 0.0210701 0.0123679 0.0073604 0.0142978 0.0207628 0.0224370 0.0322876 0.0144498 0.0236489 0.0210659 0.0207205 0.0160536 
Heuchera               0.0167439 0.0236270 0.0087355 0.0135199 0.0189740 0.0149191 0.0146829 0.0383611 0.0178324 0.0149760 0.0342114 0.0138894 0.0300021 0.0140296 0.0000000 0.0155599 0.0311899 0.0320431 0.0225271 0.0162992 0.0308493 0.0141097 0.0284938 0.0281402 0.0279024 0.0268296 0.0090066 0.0224769 0.0263231 0.0151389 0.0153995 0.0164178 0.0139573 0.0155934 0.0351741 0.0084119 0.0272802 0.0256139 0.0254100 0.0235505 
Itea                   0.0146767 0.0223280 0.0158843 0.0121620 0.0099184 0.0230809 0.0134068 0.0374505 0.0164356 0.0131857 0.0328130 0.0118017 0.0272894 0.0132321 0.0155599 0.0000000 0.0301614 0.0304061 0.0196564 0.0143359 0.0291528 0.0124990 0.0263980 0.0262003 0.0259456 0.0260785 0.0177100 0.0211331 0.0238970 0.0109491 0.0131969 0.0170034 0.0218434 0.0242464 0.0353986 0.0156609 0.0262950 0.0246772 0.0243649 0.0201455 
Kalanchoe              0.0280644 0.0285885 0.0305538 0.0253446 0.0321650 0.0369443 0.0274592 0.0243157 0.0301005 0.0272138 0.0145727 0.0259041 0.0356723 0.0275040 0.0311899 0.0301614 0.0000000 0.0416285 0.0339273 0.0283453 0.0352385 0.0260333 0.0397989 0.0396764 0.0390156 0.0399736 0.0330416 0.0279728 0.0369741 0.0283910 0.0270887 0.0311010 0.0363712 0.0383027 0.0167672 0.0302730 0.0321601 0.0377791 0.0380392 0.0338108 
Lambertia              0.0275472 0.0352216 0.0320875 0.0255620 0.0340651 0.0396936 0.0277259 0.0490108 0.0286302 0.0273844 0.0448315 0.0255569 0.0424862 0.0271308 0.0320431 0.0304061 0.0416285 0.0000000 0.0296271 0.0280260 0.0428223 0.0265031 0.0400466 0.0398554 0.0396252 0.0398197 0.0330625 0.0358124 0.0182897 0.0294768 0.0264968 0.0321162 0.0378043 0.0399227 0.0466571 0.0317558 0.0404902 0.0252566 0.0247700 0.0303662 
Leea                   0.0179423 0.0249098 0.0227745 0.0153891 0.0229482 0.0307785 0.0157563 0.0433234 0.0192470 0.0162270 0.0381877 0.0148048 0.0322528 0.0157349 0.0225271 0.0196564 0.0339273 0.0296271 0.0000000 0.0180148 0.0338039 0.0155043 0.0304079 0.0300606 0.0298768 0.0307268 0.0245565 0.0261047 0.0223613 0.0198480 0.0158153 0.0224852 0.0289559 0.0303316 0.0394267 0.0221740 0.0299511 0.0243033 0.0242610 0.0094060 
Liquidambar            0.0024312 0.0198369 0.0160688 0.0084520 0.0174935 0.0249503 0.0101967 0.0377174 0.0126252 0.0105543 0.0320321 0.0093244 0.0276555 0.0101424 0.0162992 0.0143359 0.0283453 0.0280260 0.0180148 0.0000000 0.0287984 0.0091350 0.0246492 0.0246751 0.0242096 0.0248677 0.0183425 0.0205451 0.0225557 0.0142020 0.0098407 0.0168877 0.0222824 0.0242070 0.0335755 0.0160008 0.0246045 0.0233598 0.0229851 0.0179386 
Myriophyllum           0.0287149 0.0229581 0.0314469 0.0255433 0.0301697 0.0366954 0.0264345 0.0416241 0.0296157 0.0263376 0.0379906 0.0262564 0.0077726 0.0270883 0.0308493 0.0291528 0.0352385 0.0428223 0.0338039 0.0287984 0.0000000 0.0264182 0.0380326 0.0372074 0.0375539 0.0372147 0.0333949 0.0181343 0.0375893 0.0288173 0.0264819 0.0308360 0.0345084 0.0393998 0.0388326 0.0312955 0.0250730 0.0370753 0.0372783 0.0341550 
Mytilaria              0.0093341 0.0181569 0.0142507 0.0057821 0.0154159 0.0225613 0.0065551 0.0349246 0.0100446 0.0068023 0.0299608 0.0059113 0.0254649 0.0062800 0.0141097 0.0124990 0.0260333 0.0265031 0.0155043 0.0091350 0.0264182 0.0000000 0.0227492 0.0226460 0.0220967 0.0227311 0.0160447 0.0175091 0.0197985 0.0120434 0.0070277 0.0146461 0.0208339 0.0228950 0.0313885 0.0140644 0.0224118 0.0214513 0.0208780 0.0160765 
Paeonia_brownii        0.0252929 0.0303565 0.0285619 0.0226866 0.0295967 0.0340199 0.0227993 0.0466952 0.0258171 0.0239166 0.0427716 0.0219160 0.0366643 0.0237661 0.0284938 0.0263980 0.0397989 0.0400466 0.0304079 0.0246492 0.0380326 0.0227492 0.0000000 0.0016662 0.0024849 0.0032985 0.0298866 0.0307894 0.0336697 0.0260946 0.0233516 0.0287393 0.0338476 0.0358463 0.0444766 0.0286839 0.0350911 0.0339313 0.0336646 0.0311118 
Paeonia_californica    0.0251716 0.0302924 0.0282927 0.0225834 0.0293164 0.0339469 0.0226948 0.0462905 0.0256915 0.0237833 0.0424871 0.0218646 0.0365228 0.0235953 0.0281402 0.0262003 0.0396764 0.0398554 0.0300606 0.0246751 0.0372074 0.0226460 0.0016662 0.0000000 0.0028319 0.0034906 0.0295393 0.0304311 0.0336330 0.0255792 0.0233921 0.0284627 0.0337120 0.0353903 0.0444401 0.0284142 0.0344856 0.0339581 0.0337063 0.0308983 
Paeonia_suffruticosa   0.0247283 0.0301675 0.0280535 0.0218368 0.0289170 0.0333494 0.0221777 0.0458488 0.0253213 0.0232264 0.0422223 0.0213999 0.0361424 0.0230289 0.0279024 0.0259456 0.0390156 0.0396252 0.0298768 0.0242096 0.0375539 0.0220967 0.0024849 0.0028319 0.0000000 0.0031802 0.0291650 0.0307972 0.0334171 0.0256526 0.0231246 0.0281170 0.0334009 0.0355019 0.0437915 0.0280979 0.0344298 0.0335165 0.0335663 0.0307421 
Paeonia_tenuifolia     0.0252488 0.0296849 0.0270607 0.0223974 0.0293648 0.0322943 0.0228749 0.0464959 0.0254200 0.0237420 0.0435538 0.0219727 0.0363608 0.0236756 0.0268296 0.0260785 0.0399736 0.0398197 0.0307268 0.0248677 0.0372147 0.0227311 0.0032985 0.0034906 0.0031802 0.0000000 0.0284615 0.0306245 0.0341404 0.0260522 0.0238033 0.0282398 0.0318158 0.0342333 0.0442840 0.0269138 0.0338240 0.0343474 0.0336405 0.0313294 
Peltoboykinia          0.0186528 0.0255692 0.0114869 0.0155541 0.0207738 0.0128956 0.0168673 0.0403334 0.0195537 0.0168897 0.0365694 0.0157892 0.0315627 0.0159986 0.0090066 0.0177100 0.0330416 0.0330625 0.0245565 0.0183425 0.0333949 0.0160447 0.0298866 0.0295393 0.0291650 0.0284615 0.0000000 0.0243413 0.0283863 0.0169605 0.0170087 0.0173499 0.0148119 0.0177176 0.0373985 0.0112088 0.0278707 0.0273964 0.0267366 0.0252654 
Penthorum              0.0203245 0.0148204 0.0225790 0.0170126 0.0231469 0.0282975 0.0176212 0.0362171 0.0214517 0.0185367 0.0317591 0.0176976 0.0181438 0.0182864 0.0224769 0.0211331 0.0279728 0.0358124 0.0261047 0.0205451 0.0181343 0.0175091 0.0307894 0.0304311 0.0307972 0.0306245 0.0243413 0.0000000 0.0287635 0.0199605 0.0182289 0.0230814 0.0280163 0.0305829 0.0332008 0.0226056 0.0169209 0.0284436 0.0284747 0.0258447 
Platanus               0.0226012 0.0294812 0.0262372 0.0190734 0.0274925 0.0347516 0.0206414 0.0456795 0.0225626 0.0210549 0.0399668 0.0188201 0.0365390 0.0210701 0.0263231 0.0238970 0.0369741 0.0182897 0.0223613 0.0225557 0.0375893 0.0197985 0.0336697 0.0336330 0.0334171 0.0341404 0.0283863 0.0287635 0.0000000 0.0228967 0.0200890 0.0258207 0.0327666 0.0346276 0.0425715 0.0262521 0.0334173 0.0173988 0.0171956 0.0231960 
Pterostemon            0.0141496 0.0214578 0.0149688 0.0115148 0.0140988 0.0227599 0.0128925 0.0368367 0.0148437 0.0128706 0.0315438 0.0109641 0.0274237 0.0123679 0.0151389 0.0109491 0.0283910 0.0294768 0.0198480 0.0142020 0.0288173 0.0120434 0.0260946 0.0255792 0.0256526 0.0260522 0.0169605 0.0199605 0.0228967 0.0000000 0.0126703 0.0158326 0.0217357 0.0228644 0.0337839 0.0153327 0.0255469 0.0227474 0.0222487 0.0201106 
Rhodoleia              0.0097230 0.0184149 0.0155350 0.0064691 0.0157321 0.0234362 0.0077513 0.0360623 0.0108675 0.0079239 0.0314408 0.0050638 0.0255393 0.0073604 0.0153995 0.0131969 0.0270887 0.0264968 0.0158153 0.0098407 0.0264819 0.0070277 0.0233516 0.0233921 0.0231246 0.0238033 0.0170087 0.0182289 0.0200890 0.0126703 0.0000000 0.0154207 0.0218124 0.0233063 0.0320265 0.0150220 0.0228262 0.0216031 0.0209153 0.0161702 
Ribes                  0.0171288 0.0235727 0.0174640 0.0138149 0.0187892 0.0226962 0.0141885 0.0389125 0.0174622 0.0147897 0.0349229 0.0141256 0.0297355 0.0142978 0.0164178 0.0170034 0.0311010 0.0321162 0.0224852 0.0168877 0.0308360 0.0146461 0.0287393 0.0284627 0.0281170 0.0282398 0.0173499 0.0230814 0.0258207 0.0158326 0.0154207 0.0000000 0.0220862 0.0243955 0.0365678 0.0174946 0.0266897 0.0270715 0.0266289 0.0226029 
Saxifraga_integrifolia 0.0230018 0.0281867 0.0152310 0.0198475 0.0252840 0.0190355 0.0212091 0.0422364 0.0238295 0.0210435 0.0391077 0.0201366 0.0328594 0.0207628 0.0139573 0.0218434 0.0363712 0.0378043 0.0289559 0.0222824 0.0345084 0.0208339 0.0338476 0.0337120 0.0334009 0.0318158 0.0148119 0.0280163 0.0327666 0.0217357 0.0218124 0.0220862 0.0000000 0.0218704 0.0414164 0.0152923 0.0313927 0.0313602 0.0313385 0.0287534 
Saxifraga_mertensiana  0.0244945 0.0322221 0.0183019 0.0221787 0.0264835 0.0221138 0.0229550 0.0438212 0.0257277 0.0227369 0.0425126 0.0215257 0.0372739 0.0224370 0.0155934 0.0242464 0.0383027 0.0399227 0.0303316 0.0242070 0.0393998 0.0228950 0.0358463 0.0353903 0.0355019 0.0342333 0.0177176 0.0305829 0.0346276 0.0228644 0.0233063 0.0243955 0.0218704 0.0000000 0.0434401 0.0176214 0.0340066 0.0332933 0.0330531 0.0308025 
Sedum                  0.0336280 0.0336830 0.0362271 0.0305713 0.0374410 0.0410325 0.0324629 0.0278536 0.0356027 0.0321064 0.0129342 0.0308930 0.0397598 0.0322876 0.0351741 0.0353986 0.0167672 0.0466571 0.0394267 0.0335755 0.0388326 0.0313885 0.0444766 0.0444401 0.0437915 0.0442840 0.0373985 0.0332008 0.0425715 0.0337839 0.0320265 0.0365678 0.0414164 0.0434401 0.0000000 0.0361171 0.0377186 0.0442480 0.0442772 0.0386899 
Sullivantia            0.0160549 0.0234094 0.0046117 0.0138200 0.0188935 0.0170124 0.0153270 0.0396395 0.0178161 0.0151174 0.0341842 0.0135743 0.0295023 0.0144498 0.0084119 0.0156609 0.0302730 0.0317558 0.0221740 0.0160008 0.0312955 0.0140644 0.0286839 0.0284142 0.0280979 0.0269138 0.0112088 0.0226056 0.0262521 0.0153327 0.0150220 0.0174946 0.0152923 0.0176214 0.0361171 0.0000000 0.0277366 0.0267163 0.0259247 0.0230438 
Tetracarpaea           0.0246154 0.0192850 0.0280379 0.0214544 0.0284073 0.0321734 0.0232657 0.0401805 0.0253690 0.0233544 0.0365800 0.0215253 0.0251884 0.0236489 0.0272802 0.0262950 0.0321601 0.0404902 0.0299511 0.0246045 0.0250730 0.0224118 0.0350911 0.0344856 0.0344298 0.0338240 0.0278707 0.0169209 0.0334173 0.0255469 0.0228262 0.0266897 0.0313927 0.0340066 0.0377186 0.0277366 0.0000000 0.0332542 0.0328403 0.0301414 
Tetracentron           0.0234824 0.0296404 0.0269736 0.0205832 0.0269251 0.0333493 0.0213042 0.0463209 0.0232774 0.0219747 0.0409726 0.0204356 0.0360975 0.0210659 0.0256139 0.0246772 0.0377791 0.0252566 0.0243033 0.0233598 0.0370753 0.0214513 0.0339313 0.0339581 0.0335165 0.0343474 0.0273964 0.0284436 0.0173988 0.0227474 0.0216031 0.0270715 0.0313602 0.0332933 0.0442480 0.0267163 0.0332542 0.0000000 0.0057541 0.0243053 
Trochodendron          0.0229281 0.0295809 0.0262701 0.0197256 0.0256440 0.0325449 0.0212728 0.0464472 0.0219369 0.0210537 0.0410581 0.0193146 0.0361196 0.0207205 0.0254100 0.0243649 0.0380392 0.0247700 0.0242610 0.0229851 0.0372783 0.0208780 0.0336646 0.0337063 0.0335663 0.0336405 0.0267366 0.0284747 0.0171956 0.0222487 0.0209153 0.0266289 0.0313385 0.0330531 0.0442772 0.0259247 0.0328403 0.0057541 0.0000000 0.0242876 
Vitis                  0.0179849 0.0253193 0.0230772 0.0156438 0.0229340 0.0308565 0.0160118 0.0425773 0.0194080 0.0168833 0.0378333 0.0153462 0.0324409 0.0160536 0.0235505 0.0201455 0.0338108 0.0303662 0.0094060 0.0179386 0.0341550 0.0160765 0.0311118 0.0308983 0.0307421 0.0313294 0.0252654 0.0258447 0.0231960 0.0201106 0.0161702 0.0226029 0.0287534 0.0308025 0.0386899 0.0230438 0.0301414 0.0243053 0.0242876 0.0000000 
