37
Burramyidae_Burramys_parvus                  0.0000000 0.0824179 0.0545953 0.0600408 0.0614961 0.0959875 0.0453352 0.0463798 0.0558938 0.0795627 0.0402912 0.1109990 0.1098943 0.0392232 0.0551117 0.1051110 0.0988229 0.1331181 0.0796888 0.0526882 0.0574119 0.1538309 0.1481530 0.1134118 0.0613898 0.0616777 0.0494565 0.0534385 0.0652778 0.0936676 0.0515261 0.0394827 0.0732785 0.1171796 0.0791540 0.0904936 0.0904936 
Notoryctidae_Notoryctes_typhlops             0.0824179 0.0000000 0.0855993 0.1025492 0.1039497 0.1107728 0.0881111 0.0879069 0.0992330 0.0888889 0.0795573 0.1441695 0.1190411 0.0767618 0.0982050 0.1295245 0.1172040 0.1683078 0.1066116 0.0971350 0.1001434 0.1808107 0.1911739 0.1479245 0.1004506 0.0869560 0.0702690 0.1022925 0.1007465 0.1008611 0.0901935 0.0758842 0.0825584 0.0993718 0.0878081 0.0781846 0.0781846 
Vombatidae_Lasiorhinus_latifrons             0.0545953 0.0855993 0.0000000 0.0762757 0.0759729 0.0938724 0.0529960 0.0571081 0.0669531 0.0844882 0.0468499 0.1142569 0.1124326 0.0486747 0.0658095 0.1034332 0.0993518 0.1430923 0.0849345 0.0654154 0.0626542 0.1499594 0.1522201 0.1132642 0.0732990 0.0669360 0.0560128 0.0652716 0.0681232 0.0950752 0.0532311 0.0465907 0.0798257 0.1130098 0.0836415 0.0698809 0.0698809 
Potoroidae_Bettongia_penicillata             0.0600408 0.1025492 0.0762757 0.0000000 0.0082086 0.1090275 0.0636063 0.0629399 0.0160522 0.0997951 0.0643030 0.1423002 0.1249587 0.0623522 0.0744824 0.1270510 0.1119531 0.1604640 0.1010536 0.0300308 0.0807166 0.1800196 0.1868931 0.1339997 0.0506478 0.0834242 0.0675734 0.0334381 0.0853145 0.1014105 0.0745445 0.0624796 0.0965146 0.1307679 0.0996109 0.1477427 0.1477427 
Potoroidae_Bettongia_lesueur                 0.0614961 0.1039497 0.0759729 0.0082086 0.0000000 0.1096814 0.0638713 0.0638895 0.0152420 0.0980409 0.0638143 0.1438747 0.1240789 0.0619048 0.0741013 0.1283099 0.1132150 0.1679787 0.1007544 0.0279940 0.0808845 0.1926028 0.1966666 0.1356857 0.0506284 0.0841101 0.0682331 0.0310639 0.0850932 0.1037139 0.0751168 0.0612694 0.0943942 0.1306580 0.0975821 0.1179577 0.1179577 
Dasyuridae_Dasyurus_maculatus                0.0959875 0.1107728 0.0938724 0.1090275 0.1096814 0.0000000 0.0994376 0.0888597 0.1073855 0.1047097 0.0808630 0.0447614 0.0442260 0.0813229 0.0860422 0.0292906 0.0102755 0.0413297 0.1092199 0.1022710 0.1082779 0.1631407 0.1590294 0.0467325 0.1040098 0.0955992 0.0850264 0.1054795 0.1010198 0.1334697 0.0993627 0.0819635 0.0982964 0.0216839 0.1041804 0.0278816 0.0278816 
Phalangeridae_Trichosurus_vulpecula          0.0453352 0.0881111 0.0529960 0.0636063 0.0638713 0.0994376 0.0000000 0.0261567 0.0611902 0.0835833 0.0225867 0.1237330 0.1185706 0.0213565 0.0587814 0.1146664 0.1080359 0.1458430 0.0856803 0.0541217 0.0572994 0.1479958 0.1475318 0.1153926 0.0589128 0.0669494 0.0463189 0.0589765 0.0626598 0.0898118 0.0513312 0.0197796 0.0784394 0.1200739 0.0831634 0.1151943 0.1151943 
Phalangeridae_Spilocuscus_maculatus          0.0463798 0.0879069 0.0571081 0.0629399 0.0638895 0.0888597 0.0261567 0.0000000 0.0607546 0.0859586 0.0135814 0.1091876 0.1082131 0.0131364 0.0579740 0.1052166 0.0951472 0.1279702 0.0893597 0.0536771 0.0613507 0.1483635 0.1456542 0.1004576 0.0572438 0.0693949 0.0433125 0.0576303 0.0624276 0.0944829 0.0569822 0.0117768 0.0804278 0.1106679 0.0858887 0.0970208 0.0970208 
Potoroidae_Aepyprymnus_rufescens             0.0558938 0.0992330 0.0669531 0.0160522 0.0152420 0.1073855 0.0611902 0.0607546 0.0000000 0.0974893 0.0574095 0.1341267 0.1234900 0.0546697 0.0702015 0.1219714 0.1108690 0.1569344 0.0975298 0.0249822 0.0736446 0.1786470 0.1822666 0.1319197 0.0496767 0.0789124 0.0609121 0.0282339 0.0813494 0.1062284 0.0680761 0.0547737 0.0913809 0.1286998 0.0966793 0.1236012 0.1236012 
Peramelidae_Perameles_nasuta                 0.0795627 0.0888889 0.0844882 0.0997951 0.0980409 0.1047097 0.0835833 0.0859586 0.0974893 0.0000000 0.0775790 0.1312320 0.1185584 0.0761737 0.0861460 0.1178654 0.1055811 0.1449969 0.0173687 0.0875447 0.0987613 0.1643732 0.1778327 0.1331801 0.0945859 0.0784773 0.0864218 0.0894948 0.0985014 0.1174270 0.0896504 0.0756782 0.0184535 0.1082610 0.0010373 0.0693604 0.0693604 
Phalangeridae_Strigocuscus_pelengensis       0.0402912 0.0795573 0.0468499 0.0643030 0.0638143 0.0808630 0.0225867 0.0135814 0.0574095 0.0775790 0.0000000 0.0955632 0.0950239 0.0170320 0.0505737 0.0872337 0.0836492 0.1007684 0.0789254 0.0543842 0.0575515 0.1268610 0.1206896 0.0955036 0.0524551 0.0555596 0.0501458 0.0579956 0.0662897 0.0857399 0.0466300 0.0138979 0.0713750 0.1027640 0.0774067 0.0915131 0.0915131 
Dasyuridae_Phascogale_tapoatafa              0.1109990 0.1441695 0.1142569 0.1423002 0.1438747 0.0447614 0.1237330 0.1091876 0.1341267 0.1312320 0.0955632 0.0000000 0.0786911 0.0992565 0.1097353 0.0284228 0.0439960 0.0665037 0.1319183 0.1279639 0.1311686 0.1602211 0.1661177 0.0129380 0.1398770 0.1074068 0.0982109 0.1379159 0.1207820 0.1766398 0.1139648 0.0980329 0.1197151 0.0752340 0.1301526 0.0374738 0.0374738 
Dasyuridae_Sminthopsis_macroura              0.1098943 0.1190411 0.1124326 0.1249587 0.1240789 0.0442260 0.1185706 0.1082131 0.1234900 0.1185584 0.0950239 0.0786911 0.0000000 0.0984380 0.1024408 0.0530661 0.0428729 0.0463118 0.1274432 0.1181376 0.1288928 0.1976862 0.1948014 0.0822370 0.1235114 0.1047882 0.0911723 0.1213434 0.1171017 0.1406564 0.1175687 0.0960007 0.1112189 0.0492355 0.1189448 0.0472560 0.0472560 
Phalangeridae_Phalanger_orientalis           0.0392232 0.0767618 0.0486747 0.0623522 0.0619048 0.0813229 0.0213565 0.0131364 0.0546697 0.0761737 0.0170320 0.0992565 0.0984380 0.0000000 0.0517913 0.0885723 0.0867552 0.1015152 0.0784141 0.0521051 0.0542850 0.1315734 0.1239605 0.0984946 0.0511409 0.0594989 0.0458074 0.0560989 0.0643105 0.0884682 0.0488241 0.0070074 0.0694273 0.1018094 0.0758079 0.0970208 0.0970208 
Acrobatidae_Acrobates_pygmaeus               0.0551117 0.0982050 0.0658095 0.0744824 0.0741013 0.0860422 0.0587814 0.0579740 0.0702015 0.0861460 0.0505737 0.1097353 0.1024408 0.0517913 0.0000000 0.0938733 0.0906659 0.1071919 0.0874500 0.0634121 0.0651997 0.1483985 0.1437341 0.1107978 0.0703918 0.0694624 0.0515367 0.0661218 0.0662152 0.0944601 0.0392830 0.0505551 0.0843304 0.1018943 0.0857685 0.1338658 0.1338658 
Dasyuridae_Phascogale_calura                 0.1051110 0.1295245 0.1034332 0.1270510 0.1283099 0.0292906 0.1146664 0.1052166 0.1219714 0.1178654 0.0872337 0.0284228 0.0530661 0.0885723 0.0938733 0.0000000 0.0282326 0.0493443 0.1193692 0.1135398 0.1201497 0.1770759 0.1715501 0.0356645 0.1188696 0.1007328 0.0847099 0.1195918 0.1032126 0.1470096 0.1072488 0.0882302 0.1077361 0.0479626 0.1176404 0.0384278 0.0384278 
Dasyuridae_Sarcophilus_harrisii              0.0988229 0.1172040 0.0993518 0.1119531 0.1132150 0.0102755 0.1080359 0.0951472 0.1108690 0.1055811 0.0836492 0.0439960 0.0428729 0.0867552 0.0906659 0.0282326 0.0000000 0.0381795 0.1109934 0.1035757 0.1129354 0.1638266 0.1612080 0.0460288 0.1075344 0.0957913 0.0825996 0.1077300 0.1015907 0.1347523 0.1027541 0.0857927 0.0966752 0.0260590 0.1048492 0.0278816 0.0278816 
Dasyuridae_Planigale_tenuirostris            0.1331181 0.1683078 0.1430923 0.1604640 0.1679787 0.0413297 0.1458430 0.1279702 0.1569344 0.1449969 0.1007684 0.0665037 0.0463118 0.1015152 0.1071919 0.0493443 0.0381795 0.0000000 0.1565641 0.1398987 0.1495614 0.1883476 0.1905933 0.0689511 0.1564088 0.1253887 0.0883960 0.1592171 0.1150154 0.2029067 0.1288553 0.0992956 0.1317729 0.0771561 0.1444215 9.0000000 9.0000000 
Peramelidae_Echymipera_kalubu                0.0796888 0.1066116 0.0849345 0.1010536 0.1007544 0.1092199 0.0856803 0.0893597 0.0975298 0.0173687 0.0789254 0.1319183 0.1274432 0.0784141 0.0874500 0.1193692 0.1109934 0.1565641 0.0000000 0.0898760 0.0980372 0.1670901 0.1766909 0.1328050 0.0986295 0.0770903 0.0831494 0.0921007 0.1006970 0.1314580 0.0896737 0.0768199 0.0123808 0.1292842 0.0165283 0.0596174 0.0596174 
Macropodidae_Dorcopsulus_vanheurni           0.0526882 0.0971350 0.0654154 0.0300308 0.0279940 0.1022710 0.0541217 0.0536771 0.0249822 0.0875447 0.0543842 0.1279639 0.1181376 0.0521051 0.0634121 0.1135398 0.1035757 0.1398987 0.0898760 0.0000000 0.0685827 0.1691590 0.1694000 0.1184592 0.0410327 0.0717921 0.0572121 0.0098243 0.0728691 0.0964873 0.0640638 0.0509571 0.0840565 0.1250631 0.0871168 0.1063750 0.1063750 
Pseudochiridae_Pseudochirulus_forbesi        0.0574119 0.1001434 0.0626542 0.0807166 0.0808845 0.1082779 0.0572994 0.0613507 0.0736446 0.0987613 0.0575515 0.1311686 0.1288928 0.0542850 0.0651997 0.1201497 0.1129354 0.1495614 0.0980372 0.0685827 0.0000000 0.1716501 0.1641213 0.1303692 0.0748128 0.0786891 0.0316827 0.0694106 0.0313613 0.0902402 0.0584085 0.0542718 0.0911453 0.1276172 0.0979679 0.1762958 0.1762958 
Didelphidae_Didelphis_virginiana             0.1538309 0.1808107 0.1499594 0.1800196 0.1926028 0.1631407 0.1479958 0.1483635 0.1786470 0.1643732 0.1268610 0.1602211 0.1976862 0.1315734 0.1483985 0.1770759 0.1638266 0.1883476 0.1670901 0.1691590 0.1716501 0.0000000 0.0649295 0.1622294 0.1677688 0.1434097 0.1293855 0.1754373 0.1644426 0.2221807 0.1676787 0.1310084 0.1513404 0.2010674 0.1639265 0.1623409 0.1623409 
Marmosidae_Monodelphis_domestica             0.1481530 0.1911739 0.1522201 0.1868931 0.1966666 0.1590294 0.1475318 0.1456542 0.1822666 0.1778327 0.1206896 0.1661177 0.1948014 0.1239605 0.1437341 0.1715501 0.1612080 0.1905933 0.1766909 0.1694000 0.1641213 0.0649295 0.0000000 0.1691562 0.1682410 0.1501632 0.1302974 0.1710234 0.1518331 0.2231527 0.1597827 0.1222708 0.1672389 0.1963005 0.1751440 0.1554183 0.1554183 
Dasyuridae_Antechinus_stuartii               0.1134118 0.1479245 0.1132642 0.1339997 0.1356857 0.0467325 0.1153926 0.1004576 0.1319197 0.1331801 0.0955036 0.0129380 0.0822370 0.0984946 0.1107978 0.0356645 0.0460288 0.0689511 0.1328050 0.1184592 0.1303692 0.1622294 0.1691562 0.0000000 0.1329935 0.1097708 0.0953283 0.1290030 0.1211809 0.1706274 0.1129823 0.0971979 0.1215279 0.0796151 0.1320768 0.0330872 0.0330872 
Hypsiprymnodontidae_Hypsiprymnodon_moschatus 0.0613898 0.1004506 0.0732990 0.0506478 0.0506284 0.1040098 0.0589128 0.0572438 0.0496767 0.0945859 0.0524551 0.1398770 0.1235114 0.0511409 0.0703918 0.1188696 0.1075344 0.1564088 0.0986295 0.0410327 0.0748128 0.1677688 0.1682410 0.1329935 0.0000000 0.0772857 0.0574513 0.0445667 0.0748989 0.1022982 0.0737966 0.0499055 0.0870965 0.1250357 0.0941375 0.0967413 0.0967413 
Microbiotheriidae_Dromiciops_gliroides       0.0616777 0.0869560 0.0669360 0.0834242 0.0841101 0.0955992 0.0669494 0.0693949 0.0789124 0.0784773 0.0555596 0.1074068 0.1047882 0.0594989 0.0694624 0.1007328 0.0957913 0.1253887 0.0770903 0.0717921 0.0786891 0.1434097 0.1501632 0.1097708 0.0772857 0.0000000 0.0666044 0.0738878 0.0820574 0.1145211 0.0713494 0.0568372 0.0731636 0.1149584 0.0783722 0.0695793 0.0695793 
Pseudochiridae_Petauroides_volans            0.0494565 0.0702690 0.0560128 0.0675734 0.0682331 0.0850264 0.0463189 0.0433125 0.0609121 0.0864218 0.0501458 0.0982109 0.0911723 0.0458074 0.0515367 0.0847099 0.0825996 0.0883960 0.0831494 0.0572121 0.0316827 0.1293855 0.1302974 0.0953283 0.0574513 0.0666044 0.0000000 0.0596290 0.0402162 0.0599664 0.0483510 0.0449353 0.0825343 0.0835016 0.0863772 0.1856163 0.1856163 
Macropodidae_Wallabia_bicolor                0.0534385 0.1022925 0.0652716 0.0334381 0.0310639 0.1054795 0.0589765 0.0576303 0.0282339 0.0894948 0.0579956 0.1379159 0.1213434 0.0560989 0.0661218 0.1195918 0.1077300 0.1592171 0.0921007 0.0098243 0.0694106 0.1754373 0.1710234 0.1290030 0.0445667 0.0738878 0.0596290 0.0000000 0.0769993 0.0995534 0.0685129 0.0536366 0.0867401 0.1289660 0.0894202 0.0989342 0.0989342 
Pseudochiridae_Pseudocheirus_occidentalis    0.0652778 0.1007465 0.0681232 0.0853145 0.0850932 0.1010198 0.0626598 0.0624276 0.0813494 0.0985014 0.0662897 0.1207820 0.1171017 0.0643105 0.0662152 0.1032126 0.1015907 0.1150154 0.1006970 0.0728691 0.0313613 0.1644426 0.1518331 0.1211809 0.0748989 0.0820574 0.0402162 0.0769993 0.0000000 0.0938080 0.0654000 0.0640650 0.0922341 0.1203852 0.0979084 0.1916165 0.1916165 
Tarsipedidae_Tarsipes_rostratus              0.0936676 0.1008611 0.0950752 0.1014105 0.1037139 0.1334697 0.0898118 0.0944829 0.1062284 0.1174270 0.0857399 0.1766398 0.1406564 0.0884682 0.0944601 0.1470096 0.1347523 0.2029067 0.1314580 0.0964873 0.0902402 0.2221807 0.2231527 0.1706274 0.1022982 0.1145211 0.0599664 0.0995534 0.0938080 0.0000000 0.0869570 0.0882706 0.1101721 0.1183137 0.1163953 0.1891902 0.1891902 
Acrobatidae_Distoechurus_pennatus            0.0515261 0.0901935 0.0532311 0.0745445 0.0751168 0.0993627 0.0513312 0.0569822 0.0680761 0.0896504 0.0466300 0.1139648 0.1175687 0.0488241 0.0392830 0.1072488 0.1027541 0.1288553 0.0896737 0.0640638 0.0584085 0.1676787 0.1597827 0.1129823 0.0737966 0.0713494 0.0483510 0.0685129 0.0654000 0.0869570 0.0000000 0.0488503 0.0861161 0.1182808 0.0888792 0.1472125 0.1472125 
Phalangeridae_Phalanger_carmelitae           0.0394827 0.0758842 0.0465907 0.0624796 0.0612694 0.0819635 0.0197796 0.0117768 0.0547737 0.0756782 0.0138979 0.0980329 0.0960007 0.0070074 0.0505551 0.0882302 0.0857927 0.0992956 0.0768199 0.0509571 0.0542718 0.1310084 0.1222708 0.0971979 0.0499055 0.0568372 0.0449353 0.0536366 0.0640650 0.0882706 0.0488503 0.0000000 0.0694208 0.1035108 0.0752949 0.0915157 0.0915157 
Peramelidae_Peroryctes_raffrayana            0.0732785 0.0825584 0.0798257 0.0965146 0.0943942 0.0982964 0.0784394 0.0804278 0.0913809 0.0184535 0.0713750 0.1197151 0.1112189 0.0694273 0.0843304 0.1077361 0.0966752 0.1317729 0.0123808 0.0840565 0.0911453 0.1513404 0.1672389 0.1215279 0.0870965 0.0731636 0.0825343 0.0867401 0.0922341 0.1101721 0.0861161 0.0694208 0.0000000 0.1023728 0.0176278 0.0614127 0.0614127 
Dasyuridae_Dasyurus_geffroii                 0.1171796 0.0993718 0.1130098 0.1307679 0.1306580 0.0216839 0.1200739 0.1106679 0.1286998 0.1082610 0.1027640 0.0752340 0.0492355 0.1018094 0.1018943 0.0479626 0.0260590 0.0771561 0.1292842 0.1250631 0.1276172 0.2010674 0.1963005 0.0796151 0.1250357 0.1149584 0.0835016 0.1289660 0.1203852 0.1183137 0.1182808 0.1035108 0.1023728 0.0000000 0.1077305 0.0327572 0.0327572 
Peramelidae_Perameles_gunnii                 0.0791540 0.0878081 0.0836415 0.0996109 0.0975821 0.1041804 0.0831634 0.0858887 0.0966793 0.0010373 0.0774067 0.1301526 0.1189448 0.0758079 0.0857685 0.1176404 0.1048492 0.1444215 0.0165283 0.0871168 0.0979679 0.1639265 0.1751440 0.1320768 0.0941375 0.0783722 0.0863772 0.0894202 0.0979084 0.1163953 0.0888792 0.0752949 0.0176278 0.1077305 0.0000000 0.0704007 0.0704007 
Myrmecobiidae_Myrmecobius_fasciatus1         0.0904936 0.0781846 0.0698809 0.1477427 0.1179577 0.0278816 0.1151943 0.0970208 0.1236012 0.0693604 0.0915131 0.0374738 0.0472560 0.0970208 0.1338658 0.0384278 0.0278816 9.0000000 0.0596174 0.1063750 0.1762958 0.1623409 0.1554183 0.0330872 0.0967413 0.0695793 0.1856163 0.0989342 0.1916165 0.1891902 0.1472125 0.0915157 0.0614127 0.0327572 0.0704007 0.0000000 0.0000010 
Myrmecobiidae_Myrmecobius_fasciatus2         0.0904936 0.0781846 0.0698809 0.1477427 0.1179577 0.0278816 0.1151943 0.0970208 0.1236012 0.0693604 0.0915131 0.0374738 0.0472560 0.0970208 0.1338658 0.0384278 0.0278816 9.0000000 0.0596174 0.1063750 0.1762958 0.1623409 0.1554183 0.0330872 0.0967413 0.0695793 0.1856163 0.0989342 0.1916165 0.1891902 0.1472125 0.0915157 0.0614127 0.0327572 0.0704007 0.0000010 0.0000000 
