37
Burramyidae_Burramys_parvus                  0.0000000 0.1164289 0.0491041 0.0579834 0.0608367 0.0974609 0.0561175 0.0583966 0.0590473 0.1006619 0.0501712 0.0990737 0.1152968 0.0515746 0.0493295 0.1006369 0.1012969 0.1017873 0.1002257 0.0569487 0.0668625 0.1061165 0.0912722 0.0910602 0.0665668 0.0804503 0.0547646 0.0600370 0.0842849 0.1023440 0.0534054 0.0558513 0.1066619 0.0980248 0.1032430 0.8596992 0.8596992 
Notoryctidae_Notoryctes_typhlops             0.1164289 0.0000000 0.1110688 0.1268973 0.1309405 0.1363212 0.1170987 0.1245345 0.1273711 0.1353131 0.1187979 0.1355638 0.1434717 0.1263925 0.1108148 0.1369769 0.1351223 0.1295772 0.1328917 0.1270688 0.1307094 0.1704469 0.1434186 0.1273723 0.1383761 0.1212809 0.1218906 0.1308078 0.1544397 0.1673600 0.1271038 0.1254039 0.1410073 0.1341580 0.1396363 0.4992053 0.4992053 
Vombatidae_Lasiorhinus_latifrons             0.0491041 0.1110688 0.0000000 0.0655091 0.0702323 0.0947483 0.0552281 0.0610242 0.0640517 0.1030347 0.0577172 0.0909590 0.1024809 0.0599377 0.0549336 0.0915160 0.0978116 0.0968519 0.1032543 0.0651793 0.0760119 0.1053739 0.0856640 0.0864929 0.0774800 0.0786215 0.0585253 0.0620898 0.0922769 0.0993456 0.0614357 0.0581919 0.1094589 0.0959594 0.1083601 0.5907561 0.5907561 
Potoroidae_Bettongia_penicillata             0.0579834 0.1268973 0.0655091 0.0000000 0.0091574 0.1190504 0.0687920 0.0712253 0.0115748 0.1120039 0.0629148 0.1174826 0.1240698 0.0668061 0.0662885 0.1165836 0.1203064 0.1076754 0.1103109 0.0218739 0.0855899 0.1325254 0.1135383 0.1071555 0.0455494 0.1004639 0.0694641 0.0270313 0.0988269 0.1077672 0.0733944 0.0621125 0.1148564 0.1191426 0.1151139 0.5976867 0.5976867 
Potoroidae_Bettongia_lesueur                 0.0608367 0.1309405 0.0702323 0.0091574 0.0000000 0.1245226 0.0728962 0.0788068 0.0176334 0.1210796 0.0698971 0.1258782 0.1303585 0.0728979 0.0715312 0.1249743 0.1272051 0.1153402 0.1176005 0.0283880 0.0852751 0.1369005 0.1173032 0.1155096 0.0514896 0.1005947 0.0708263 0.0331657 0.1003175 0.1180291 0.0773358 0.0691455 0.1238332 0.1260287 0.1240789 0.6258412 0.6258412 
Dasyuridae_Dasyurus_maculatus                0.0974609 0.1363212 0.0947483 0.1190504 0.1245226 0.0000000 0.1102432 0.1180630 0.1167051 0.1269489 0.1106341 0.0204819 0.0409929 0.1119754 0.1078077 0.0217232 0.0069602 0.0377801 0.1265095 0.1211569 0.1154695 0.1517363 0.1284338 0.0225653 0.1339679 0.1143090 0.1011953 0.1162379 0.1427341 0.1563771 0.1209440 0.1167551 0.1311720 0.0046090 0.1288137 0.7213884 0.7213884 
Phalangeridae_Trichosurus_vulpecula          0.0561175 0.1170987 0.0552281 0.0687920 0.0728962 0.1102432 0.0000000 0.0307158 0.0678226 0.1043821 0.0286645 0.1015708 0.1107498 0.0308963 0.0612056 0.1006806 0.1112412 0.0998030 0.1013717 0.0706925 0.0799156 0.1244151 0.0970123 0.0993106 0.0811684 0.0817061 0.0619520 0.0691862 0.1023910 0.1074404 0.0692750 0.0344628 0.1067955 0.1087815 0.1064913 0.8550971 0.8550971 
Phalangeridae_Spilocuscus_maculatus          0.0583966 0.1245345 0.0610242 0.0712253 0.0788068 0.1180630 0.0307158 0.0000000 0.0705040 0.1087071 0.0163261 0.1119050 0.1167824 0.0169587 0.0634969 0.1109940 0.1184186 0.1088785 0.1062518 0.0702992 0.0806114 0.1165546 0.1026301 0.1011693 0.0901516 0.0836452 0.0588718 0.0696721 0.1044433 0.1057916 0.0690216 0.0276330 0.1128388 0.1154824 0.1110366 0.8465751 0.8465751 
Potoroidae_Aepyprymnus_rufescens             0.0590473 0.1273711 0.0640517 0.0115748 0.0176334 0.1167051 0.0678226 0.0705040 0.0000000 0.1113055 0.0637217 0.1151767 0.1207912 0.0647124 0.0649567 0.1142944 0.1179374 0.1088184 0.1096605 0.0204796 0.0859433 0.1274726 0.1142048 0.1050403 0.0466479 0.0994656 0.0646736 0.0269336 0.0944593 0.1077817 0.0691641 0.0608292 0.1141181 0.1167975 0.1143722 0.6813579 0.6813579 
Peramelidae_Perameles_nasuta                 0.1006619 0.1353131 0.1030347 0.1120039 0.1210796 0.1269489 0.1043821 0.1087071 0.1113055 0.0000000 0.1021549 0.1256343 0.1312472 0.1061116 0.1059638 0.1266912 0.1317469 0.1147557 0.0180048 0.1126921 0.1302056 0.1667603 0.1426026 0.1201334 0.1260245 0.1245073 0.1129088 0.1160990 0.1622090 0.1580574 0.1159656 0.1104104 0.0162510 0.1257357 0.0005780 0.1844595 0.1844595 
Phalangeridae_Strigocuscus_pelengensis       0.0501712 0.1187979 0.0577172 0.0629148 0.0698971 0.1106341 0.0286645 0.0163261 0.0637217 0.1021549 0.0000000 0.1043456 0.1114370 0.0054646 0.0594955 0.1034148 0.1125673 0.1046371 0.0986248 0.0669953 0.0756012 0.1171180 0.0985423 0.0979490 0.0808167 0.0827176 0.0563303 0.0662142 0.0929070 0.1009457 0.0620654 0.0224734 0.1057719 0.1107363 0.1043534 0.7774050 0.7774050 
Dasyuridae_Phascogale_tapoatafa              0.0990737 0.1355638 0.0909590 0.1174826 0.1258782 0.0204819 0.1015708 0.1119050 0.1151767 0.1256343 0.1043456 0.0000000 0.0339738 0.1059134 0.1063291 0.0028726 0.0212000 0.0294160 0.1259590 0.1195755 0.1180399 0.1504334 0.1220722 0.0101837 0.1346834 0.1123722 0.1008220 0.1105107 0.1415995 0.1586678 0.1179488 0.1126030 0.1271331 0.0217892 0.1263891 0.7117365 0.7117365 
Dasyuridae_Sminthopsis_macroura              0.1152968 0.1434717 0.1024809 0.1240698 0.1303585 0.0409929 0.1107498 0.1167824 0.1207912 0.1312472 0.1114370 0.0339738 0.0000000 0.1120166 0.1165900 0.0345758 0.0430984 0.0327777 0.1306069 0.1241592 0.1286777 0.1598145 0.1337680 0.0383313 0.1461979 0.1233951 0.1166630 0.1234355 0.1681841 0.1719239 0.1355755 0.1192606 0.1348784 0.0430774 0.1318985 0.6223649 0.6223649 
Phalangeridae_Phalanger_orientalis           0.0515746 0.1263925 0.0599377 0.0668061 0.0728979 0.1119754 0.0308963 0.0169587 0.0647124 0.1061116 0.0054646 0.1059134 0.1120166 0.0000000 0.0619549 0.1050166 0.1138471 0.1075518 0.1035255 0.0662560 0.0783756 0.1164566 0.1023802 0.1018575 0.0829629 0.0850648 0.0559546 0.0652800 0.0991904 0.1028640 0.0623207 0.0231525 0.1091719 0.1120730 0.1080666 0.8240013 0.8240013 
Acrobatidae_Acrobates_pygmaeus               0.0493295 0.1108148 0.0549336 0.0662885 0.0715312 0.1078077 0.0612056 0.0634969 0.0649567 0.1059638 0.0594955 0.1063291 0.1165900 0.0619549 0.0000000 0.1039319 0.1104647 0.1075963 0.1063951 0.0638836 0.0654830 0.1225557 0.0990075 0.0993120 0.0710842 0.0807615 0.0496801 0.0672292 0.0828508 0.0947719 0.0318488 0.0589112 0.1097746 0.1093124 0.1101499 0.7211240 0.7211240 
Dasyuridae_Phascogale_calura                 0.1006369 0.1369769 0.0915160 0.1165836 0.1249743 0.0217232 0.1006806 0.1109940 0.1142944 0.1266912 0.1034148 0.0028726 0.0345758 0.1050166 0.1039319 0.0000000 0.0217905 0.0314131 0.1243103 0.1186739 0.1170372 0.1510401 0.1226141 0.0119810 0.1336336 0.1129335 0.1014082 0.1115760 0.1399953 0.1592265 0.1169453 0.1116754 0.1270527 0.0230384 0.1274275 0.7117365 0.7117365 
Dasyuridae_Sarcophilus_harrisii              0.1012969 0.1351223 0.0978116 0.1203064 0.1272051 0.0069602 0.1112412 0.1184186 0.1179374 0.1317469 0.1125673 0.0212000 0.0430984 0.1138471 0.1104647 0.0217905 0.0000000 0.0379330 0.1287822 0.1246492 0.1203848 0.1545297 0.1256947 0.0220472 0.1376263 0.1172136 0.1055351 0.1197414 0.1499131 0.1578602 0.1236408 0.1193740 0.1335188 0.0057998 0.1323896 0.7391066 0.7391066 
Dasyuridae_Planigale_tenuirostris            0.1017873 0.1295772 0.0968519 0.1076754 0.1153402 0.0377801 0.0998030 0.1088785 0.1088184 0.1147557 0.1046371 0.0294160 0.0327777 0.1075518 0.1075963 0.0314131 0.0379330 0.0000000 0.1093031 0.1135293 0.1143006 0.1462209 0.1223959 0.0271486 0.1308267 0.1094257 0.1070155 0.1142762 0.1546989 0.1618490 0.1238544 0.1126133 0.1158485 0.0370119 0.1153296 0.6754608 0.6754608 
Peramelidae_Echymipera_kalubu                0.1002257 0.1328917 0.1032543 0.1103109 0.1176005 0.1265095 0.1013717 0.1062518 0.1096605 0.0180048 0.0986248 0.1259590 0.1306069 0.1035255 0.1063951 0.1243103 0.1287822 0.1093031 0.0000000 0.1096399 0.1259318 0.1625533 0.1402811 0.1192994 0.1225635 0.1194554 0.1124339 0.1134767 0.1489971 0.1543895 0.1157634 0.1101317 0.0196013 0.1253254 0.0177795 0.1637865 0.1637865 
Macropodidae_Dorcopsulus_vanheurni           0.0569487 0.1270688 0.0651793 0.0218739 0.0283880 0.1211569 0.0706925 0.0702992 0.0204796 0.1126921 0.0669953 0.1195755 0.1241592 0.0662560 0.0638836 0.1186739 0.1246492 0.1135293 0.1096399 0.0000000 0.0869851 0.1291931 0.1115353 0.1116771 0.0450705 0.0973166 0.0696089 0.0126325 0.1023872 0.1076434 0.0723129 0.0602039 0.1141413 0.1212476 0.1165085 0.5772469 0.5772469 
Pseudochiridae_Pseudochirulus_forbesi        0.0668625 0.1307094 0.0760119 0.0855899 0.0852751 0.1154695 0.0799156 0.0806114 0.0859433 0.1302056 0.0756012 0.1180399 0.1286777 0.0783756 0.0654830 0.1170372 0.1203848 0.1143006 0.1259318 0.0869851 0.0000000 0.1295884 0.1143809 0.1112594 0.0916362 0.1039367 0.0409311 0.0894269 0.0520628 0.1058926 0.0684656 0.0814325 0.1367431 0.1170396 0.1342105 0.6926775 0.6926775 
Didelphidae_Didelphis_virginiana             0.1061165 0.1704469 0.1053739 0.1325254 0.1369005 0.1517363 0.1244151 0.1165546 0.1274726 0.1667603 0.1171180 0.1504334 0.1598145 0.1164566 0.1225557 0.1510401 0.1545297 0.1462209 0.1625533 0.1291931 0.1295884 0.0000000 0.0625979 0.1407248 0.1521882 0.1296977 0.1186262 0.1317235 0.1810097 0.1541475 0.1278527 0.1134680 0.1701142 0.1501742 0.1695683 0.9158380 0.9158380 
Marmosidae_Monodelphis_domestica             0.0912722 0.1434186 0.0856640 0.1135383 0.1173032 0.1284338 0.0970123 0.1026301 0.1142048 0.1426026 0.0985423 0.1220722 0.1337680 0.1023802 0.0990075 0.1226141 0.1256947 0.1223959 0.1402811 0.1115353 0.1143809 0.0625979 0.0000000 0.1154822 0.1239752 0.1075133 0.1047625 0.1137219 0.1595059 0.1449507 0.1142364 0.0956541 0.1438764 0.1253651 0.1466098 0.6652200 0.6652200 
Dasyuridae_Antechinus_stuartii               0.0910602 0.1273723 0.0864929 0.1071555 0.1155096 0.0225653 0.0993106 0.1011693 0.1050403 0.1201334 0.0979490 0.0101837 0.0383313 0.1018575 0.0993120 0.0119810 0.0220472 0.0271486 0.1192994 0.1116771 0.1112594 0.1407248 0.1154822 0.0000000 0.1271145 0.1054441 0.0968521 0.1066859 0.1392626 0.1528801 0.1102916 0.1068354 0.1218911 0.0226423 0.1221600 0.6472705 0.6472705 
Hypsiprymnodontidae_Hypsiprymnodon_moschatus 0.0665668 0.1383761 0.0774800 0.0455494 0.0514896 0.1339679 0.0811684 0.0901516 0.0466479 0.1260245 0.0808167 0.1346834 0.1461979 0.0829629 0.0710842 0.1336336 0.1376263 0.1308267 0.1225635 0.0450705 0.0916362 0.1521882 0.1239752 0.1271145 0.0000000 0.1069104 0.0784710 0.0471077 0.1140470 0.1255585 0.0770823 0.0806270 0.1270224 0.1340492 0.1267468 0.7303185 0.7303185 
Microbiotheriidae_Dromiciops_gliroides       0.0804503 0.1212809 0.0786215 0.1004639 0.1005947 0.1143090 0.0817061 0.0836452 0.0994656 0.1245073 0.0827176 0.1123722 0.1233951 0.0850648 0.0807615 0.1129335 0.1172136 0.1094257 0.1194554 0.0973166 0.1039367 0.1296977 0.1075133 0.1054441 0.1069104 0.0000000 0.0850572 0.1011732 0.1241158 0.1281333 0.0959728 0.0877602 0.1263235 0.1153492 0.1263222 0.8057024 0.8057024 
Pseudochiridae_Petauroides_volans            0.0547646 0.1218906 0.0585253 0.0694641 0.0708263 0.1011953 0.0619520 0.0588718 0.0646736 0.1129088 0.0563303 0.1008220 0.1166630 0.0559546 0.0496801 0.1014082 0.1055351 0.1070155 0.1124339 0.0696089 0.0409311 0.1186262 0.1047625 0.0968521 0.0784710 0.0850572 0.0000000 0.0684832 0.0485254 0.0832661 0.0525657 0.0618605 0.1172083 0.1012975 0.1163174 0.7489835 0.7489835 
Macropodidae_Wallabia_bicolor                0.0600370 0.1308078 0.0620898 0.0270313 0.0331657 0.1162379 0.0691862 0.0696721 0.0269336 0.1160990 0.0662142 0.1105107 0.1234355 0.0652800 0.0672292 0.1115760 0.1197414 0.1142762 0.1134767 0.0126325 0.0894269 0.1317235 0.1137219 0.1066859 0.0471077 0.1011732 0.0684832 0.0000000 0.1069966 0.1022512 0.0758646 0.0552692 0.1188502 0.1185051 0.1193428 0.7552273 0.7552273 
Pseudochiridae_Pseudocheirus_occidentalis    0.0842849 0.1544397 0.0922769 0.0988269 0.1003175 0.1427341 0.1023910 0.1044433 0.0944593 0.1622090 0.0929070 0.1415995 0.1681841 0.0991904 0.0828508 0.1399953 0.1499131 0.1546989 0.1489971 0.1023872 0.0520628 0.1810097 0.1595059 0.1392626 0.1140470 0.1241158 0.0485254 0.1069966 0.0000000 0.1281516 0.0821818 0.1092248 0.1657185 0.1450007 0.1616295 0.6984209 0.6984209 
Tarsipedidae_Tarsipes_rostratus              0.1023440 0.1673600 0.0993456 0.1077672 0.1180291 0.1563771 0.1074404 0.1057916 0.1077817 0.1580574 0.1009457 0.1586678 0.1719239 0.1028640 0.0947719 0.1592265 0.1578602 0.1618490 0.1543895 0.1076434 0.1058926 0.1541475 0.1449507 0.1528801 0.1255585 0.1281333 0.0832661 0.1022512 0.1281516 0.0000000 0.1014012 0.1043603 0.1626217 0.1563502 0.1608102 1.1081217 1.1081217 
Acrobatidae_Distoechurus_pennatus            0.0534054 0.1271038 0.0614357 0.0733944 0.0773358 0.1209440 0.0692750 0.0690216 0.0691641 0.1159656 0.0620654 0.1179488 0.1355755 0.0623207 0.0318488 0.1169453 0.1236408 0.1238544 0.1157634 0.0723129 0.0684656 0.1278527 0.1142364 0.1102916 0.0770823 0.0959728 0.0525657 0.0758646 0.0821818 0.1014012 0.0000000 0.0637185 0.1228516 0.1224440 0.1201476 0.7845829 0.7845829 
Phalangeridae_Phalanger_carmelitae           0.0558513 0.1254039 0.0581919 0.0621125 0.0691455 0.1167551 0.0344628 0.0276330 0.0608292 0.1104104 0.0224734 0.1126030 0.1192606 0.0231525 0.0589112 0.1116754 0.1193740 0.1126133 0.1101317 0.0602039 0.0814325 0.1134680 0.0956541 0.1068354 0.0806270 0.0877602 0.0618605 0.0552692 0.1092248 0.1043603 0.0637185 0.0000000 0.1145390 0.1167733 0.1125093 0.8780340 0.8780340 
Peramelidae_Peroryctes_raffrayana            0.1066619 0.1410073 0.1094589 0.1148564 0.1238332 0.1311720 0.1067955 0.1128388 0.1141181 0.0162510 0.1057719 0.1271331 0.1348784 0.1091719 0.1097746 0.1270527 0.1335188 0.1158485 0.0196013 0.1141413 0.1367431 0.1701142 0.1438764 0.1218911 0.1270224 0.1263235 0.1172083 0.1188502 0.1657185 0.1626217 0.1228516 0.1145390 0.0000000 0.1288222 0.0154398 0.2049157 0.2049157 
Dasyuridae_Dasyurus_geffroii                 0.0980248 0.1341580 0.0959594 0.1191426 0.1260287 0.0046090 0.1087815 0.1154824 0.1167975 0.1257357 0.1107363 0.0217892 0.0430774 0.1120730 0.1093124 0.0230384 0.0057998 0.0370119 0.1253254 0.1212476 0.1170396 0.1501742 0.1253651 0.0226423 0.1340492 0.1153492 0.1012975 0.1185051 0.1450007 0.1563502 0.1224440 0.1167733 0.1288222 0.0000000 0.1276236 0.7321855 0.7321855 
Peramelidae_Perameles_gunnii                 0.1032430 0.1396363 0.1083601 0.1151139 0.1240789 0.1288137 0.1064913 0.1110366 0.1143722 0.0005780 0.1043534 0.1263891 0.1318985 0.1080666 0.1101499 0.1274275 0.1323896 0.1153296 0.0177795 0.1165085 0.1342105 0.1695683 0.1466098 0.1221600 0.1267468 0.1263222 0.1163174 0.1193428 0.1616295 0.1608102 0.1201476 0.1125093 0.0154398 0.1276236 0.0000000 0.1748495 0.1748495 
Thylacomyidae_Macrotis_lagotis1              0.8596992 0.4992053 0.5907561 0.5976867 0.6258412 0.7213884 0.8550971 0.8465751 0.6813579 0.1844595 0.7774050 0.7117365 0.6223649 0.8240013 0.7211240 0.7117365 0.7391066 0.6754608 0.1637865 0.5772469 0.6926775 0.9158380 0.6652200 0.6472705 0.7303185 0.8057024 0.7489835 0.7552273 0.6984209 1.1081217 0.7845829 0.8780340 0.2049157 0.7321855 0.1748495 0.0000000 0.0000010 
Thylacomyidae_Macrotis_lagotis2              0.8596992 0.4992053 0.5907561 0.5976867 0.6258412 0.7213884 0.8550971 0.8465751 0.6813579 0.1844595 0.7774050 0.7117365 0.6223649 0.8240013 0.7211240 0.7117365 0.7391066 0.6754608 0.1637865 0.5772469 0.6926775 0.9158380 0.6652200 0.6472705 0.7303185 0.8057024 0.7489835 0.7552273 0.6984209 1.1081217 0.7845829 0.8780340 0.2049157 0.7321855 0.1748495 0.0000010 0.0000000 
