35
Burramyidae_Burramys_parvus                  0.0000000 0.1055967 0.0735647 0.0733341 0.1107635 0.0650015 0.0645776 0.0777758 0.1194977 0.0657699 0.1064558 0.1036677 0.0656184 0.0685972 0.1038553 0.1103053 0.1045808 0.1184312 0.0688276 0.0723827 0.1186488 0.1161994 0.1064410 0.0736497 0.0888707 0.0702115 0.0723243 0.0741827 0.0951960 0.0798928 0.0660441 0.1197827 0.1094912 0.1170935 0.0556415 
Notoryctidae_Notoryctes_typhlops             0.1055967 0.0000000 0.1090431 0.1073726 0.1294626 0.1124573 0.1089567 0.1142012 0.1327741 0.1111544 0.1265440 0.1308998 0.1070119 0.1103895 0.1259463 0.1303212 0.1216958 0.1346512 0.1032946 0.1194806 0.1404268 0.1465651 0.1318522 0.1129880 0.1096047 0.1182008 0.1088956 0.1182651 0.1490872 0.1245780 0.1083134 0.1316266 0.1272128 0.1332381 0.0716129 
Potoroidae_Bettongia_penicillata             0.0735647 0.1090431 0.0000000 0.0041454 0.1182142 0.0795407 0.0798781 0.0173875 0.1278481 0.0792858 0.1185109 0.1159504 0.0796325 0.0819627 0.1167008 0.1193904 0.1157722 0.1275132 0.0253356 0.0820037 0.1366878 0.1431741 0.1164803 0.0513746 0.0989261 0.0790039 0.0285524 0.0842278 0.0973800 0.0915144 0.0791848 0.1261321 0.1174641 0.1274094 0.0612562 
Potoroidae_Bettongia_lesueur                 0.0733341 0.1073726 0.0041454 0.0000000 0.1164038 0.0799519 0.0802897 0.0177169 0.1264584 0.0797023 0.1166508 0.1129430 0.0800442 0.0829028 0.1149002 0.1167850 0.1130652 0.1261399 0.0257098 0.0820189 0.1371107 0.1422660 0.1146717 0.0508161 0.0976193 0.0802881 0.0295260 0.0841608 0.0992688 0.0920675 0.0795956 0.1255358 0.1148638 0.1260417 0.0607560 
Dasyuridae_Dasyurus_maculatus                0.1107635 0.1294626 0.1182142 0.1164038 0.0000000 0.1186362 0.1181547 0.1229825 0.1426043 0.1173620 0.0322167 0.0340663 0.1188133 0.1152857 0.0312337 0.0117154 0.0381106 0.1411237 0.1150241 0.1299430 0.1425786 0.1509994 0.0318630 0.1219307 0.1196719 0.1268909 0.1195313 0.1243111 0.1489145 0.1299602 0.1187310 0.1409022 0.0083307 0.1423865 0.0821075 
Phalangeridae_Trichosurus_vulpecula          0.0650015 0.1124573 0.0795407 0.0799519 0.1186362 0.0000000 0.0275129 0.0846987 0.1279802 0.0290750 0.1198642 0.1148710 0.0284492 0.0783267 0.1179505 0.1156017 0.1162834 0.1297790 0.0763686 0.0855008 0.1267593 0.1392597 0.1183904 0.0802011 0.0945379 0.0798817 0.0784955 0.0802555 0.1033610 0.0892181 0.0284206 0.1280596 0.1164291 0.1284751 0.0602350 
Phalangeridae_Spilocuscus_maculatus          0.0645776 0.1089567 0.0798781 0.0802897 0.1181547 0.0275129 0.0000000 0.0862385 0.1184776 0.0166395 0.1197267 0.1149436 0.0135370 0.0780262 0.1178106 0.1163899 0.1130654 0.1200239 0.0769597 0.0872134 0.1312616 0.1406732 0.1179052 0.0818602 0.0943447 0.0805868 0.0802073 0.0814755 0.1002247 0.0881088 0.0129469 0.1213824 0.1159217 0.1191381 0.0542189 
Potoroidae_Aepyprymnus_rufescens             0.0777758 0.1142012 0.0173875 0.0177169 0.1229825 0.0846987 0.0862385 0.0000000 0.1320506 0.0862112 0.1224021 0.1219763 0.0860524 0.0881426 0.1218089 0.1241091 0.1214983 0.1324593 0.0284060 0.0844812 0.1424445 0.1475977 0.1225927 0.0565432 0.1011397 0.0820141 0.0335446 0.0881524 0.1015220 0.0970206 0.0855925 0.1296341 0.1214186 0.1310312 0.0581767 
Peramelidae_Perameles_nasuta                 0.1194977 0.1327741 0.1278481 0.1264584 0.1426043 0.1279802 0.1184776 0.1320506 0.0000000 0.1205783 0.1475934 0.1411265 0.1188658 0.1274413 0.1480089 0.1443821 0.1425175 0.0202483 0.1253796 0.1408094 0.1612136 0.1750229 0.1481420 0.1277550 0.1252266 0.1332431 0.1295762 0.1335126 0.1512144 0.1381952 0.1203292 0.0216660 0.1441958 0.0011107 0.0873840 
Phalangeridae_Strigocuscus_pelengensis       0.0657699 0.1111544 0.0792858 0.0797023 0.1173620 0.0290750 0.0166395 0.0862112 0.1205783 0.0000000 0.1188558 0.1156160 0.0142525 0.0789329 0.1166208 0.1179485 0.1156167 0.1223888 0.0770151 0.0867288 0.1324285 0.1404063 0.1179058 0.0841346 0.0965735 0.0805526 0.0811393 0.0806625 0.1005729 0.0871509 0.0154292 0.1237466 0.1158632 0.1210364 0.0541062 
Dasyuridae_Phascogale_tapoatafa              0.1064558 0.1265440 0.1185109 0.1166508 0.0322167 0.1198642 0.1197267 0.1224021 0.1475934 0.1188558 0.0000000 0.0370335 0.1190757 0.1141362 0.0063938 0.0307784 0.0384947 0.1460994 0.1139172 0.1323332 0.1493369 0.1514426 0.0194310 0.1233906 0.1166039 0.1251432 0.1188741 0.1251014 0.1493061 0.1277628 0.1198059 0.1451368 0.0298070 0.1483152 0.0900801 
Dasyuridae_Sminthopsis_macroura              0.1036677 0.1308998 0.1159504 0.1129430 0.0340663 0.1148710 0.1149436 0.1219763 0.1411265 0.1156160 0.0370335 0.0000000 0.1151279 0.1179494 0.0363311 0.0341360 0.0297910 0.1375850 0.1121365 0.1298181 0.1410445 0.1456068 0.0363511 0.1202273 0.1154119 0.1272433 0.1157639 0.1258509 0.1517927 0.1293854 0.1146262 0.1398480 0.0319582 0.1404563 0.0812091 
Phalangeridae_Phalanger_orientalis           0.0656184 0.1070119 0.0796325 0.0800442 0.1188133 0.0284492 0.0135370 0.0860524 0.1188658 0.0142525 0.1190757 0.1151279 0.0000000 0.0766841 0.1167284 0.1170445 0.1138712 0.1228834 0.0782224 0.0833561 0.1310596 0.1386958 0.1181239 0.0839123 0.0961573 0.0795137 0.0810515 0.0793068 0.0996815 0.0869059 0.0066648 0.1234291 0.1161364 0.1199277 0.0550531 
Acrobatidae_Acrobates_pygmaeus               0.0685972 0.1103895 0.0819627 0.0829028 0.1152857 0.0783267 0.0780262 0.0881426 0.1274413 0.0789329 0.1141362 0.1179494 0.0766841 0.0000000 0.1118913 0.1179980 0.1155045 0.1284288 0.0811091 0.0719615 0.1350818 0.1336291 0.1161857 0.0861291 0.0996527 0.0699757 0.0848239 0.0732042 0.0919890 0.0438239 0.0776418 0.1273758 0.1167096 0.1270762 0.0619310 
Dasyuridae_Phascogale_calura                 0.1038553 0.1259463 0.1167008 0.1149002 0.0312337 0.1179505 0.1178106 0.1218089 0.1480089 0.1166208 0.0063938 0.0363311 0.1167284 0.1118913 0.0000000 0.0301020 0.0381783 0.1463369 0.1117126 0.1303999 0.1471256 0.1502121 0.0188101 0.1214349 0.1145252 0.1233948 0.1166802 0.1214340 0.1479893 0.1246102 0.1174528 0.1467803 0.0291357 0.1485492 0.0854194 
Dasyuridae_Sarcophilus_harrisii              0.1103053 0.1303212 0.1193904 0.1167850 0.0117154 0.1156017 0.1163899 0.1241091 0.1443821 0.1179485 0.0307784 0.0341360 0.1170445 0.1179980 0.0301020 0.0000000 0.0362989 0.1428189 0.1154720 0.1308881 0.1401786 0.1516515 0.0307441 0.1214621 0.1207247 0.1282541 0.1207708 0.1234290 0.1518767 0.1291142 0.1169624 0.1417858 0.0077735 0.1440795 0.0844491 
Dasyuridae_Planigale_tenuirostris            0.1045808 0.1216958 0.1157722 0.1130652 0.0381106 0.1162834 0.1130654 0.1214983 0.1425175 0.1156167 0.0384947 0.0297910 0.1138712 0.1155045 0.0381783 0.0362989 0.0000000 0.1413541 0.1103242 0.1264876 0.1445962 0.1512257 0.0387546 0.1178268 0.1153426 0.1197009 0.1149094 0.1221346 0.1488167 0.1265851 0.1133602 0.1418263 0.0359576 0.1421904 0.0806425 
Peramelidae_Echymipera_kalubu                0.1184312 0.1346512 0.1275132 0.1261399 0.1411237 0.1297790 0.1200239 0.1324593 0.0202483 0.1223888 0.1460994 0.1375850 0.1228834 0.1284288 0.1463369 0.1428189 0.1413541 0.0000000 0.1227800 0.1377979 0.1576078 0.1746197 0.1448236 0.1298026 0.1284801 0.1305755 0.1290911 0.1336206 0.1521855 0.1365214 0.1227614 0.0208682 0.1421752 0.0205788 0.0836739 
Macropodidae_Dorcopsulus_vanheurni           0.0688276 0.1032946 0.0253356 0.0257098 0.1150241 0.0763686 0.0769597 0.0284060 0.1253796 0.0770151 0.1139172 0.1121365 0.0782224 0.0811091 0.1117126 0.1154720 0.1103242 0.1227800 0.0000000 0.0745692 0.1343619 0.1410991 0.1128327 0.0454870 0.0933901 0.0708484 0.0158793 0.0779029 0.0934131 0.0860198 0.0766980 0.1214152 0.1135260 0.1244680 0.0583056 
Pseudochiridae_Pseudochirulus_forbesi        0.0723827 0.1194806 0.0820037 0.0820189 0.1299430 0.0855008 0.0872134 0.0844812 0.1408094 0.0867288 0.1323332 0.1298181 0.0833561 0.0719615 0.1303999 0.1308881 0.1264876 0.1377979 0.0745692 0.0000000 0.1366012 0.1519777 0.1291275 0.0838783 0.0995672 0.0350767 0.0781143 0.0217905 0.0805072 0.0768383 0.0823218 0.1372377 0.1277701 0.1412165 0.0686745 
Didelphidae_Didelphis_virginiana             0.1186488 0.1404268 0.1366878 0.1371107 0.1425786 0.1267593 0.1312616 0.1424445 0.1612136 0.1324285 0.1493369 0.1410445 0.1310596 0.1350818 0.1471256 0.1401786 0.1445962 0.1576078 0.1343619 0.1366012 0.0000000 0.0507816 0.1492006 0.1346499 0.1336927 0.1315161 0.1378704 0.1380675 0.1662390 0.1408131 0.1325930 0.1595100 0.1378650 0.1580622 0.0743019 
Marmosidae_Monodelphis_domestica             0.1161994 0.1465651 0.1431741 0.1422660 0.1509994 0.1392597 0.1406732 0.1475977 0.1750229 0.1404063 0.1514426 0.1456068 0.1386958 0.1336291 0.1502121 0.1516515 0.1512257 0.1746197 0.1410991 0.1519777 0.0507816 0.0000000 0.1530414 0.1442672 0.1332058 0.1391634 0.1454052 0.1464417 0.1743884 0.1483247 0.1402717 0.1749550 0.1489473 0.1751262 0.1023192 
Dasyuridae_Antechinus_stuartii               0.1064410 0.1318522 0.1164803 0.1146717 0.0318630 0.1183904 0.1179052 0.1225927 0.1481420 0.1179058 0.0194310 0.0363511 0.1181239 0.1161857 0.0188101 0.0307441 0.0387546 0.1448236 0.1128327 0.1291275 0.1492006 0.1530414 0.0000000 0.1225350 0.1156909 0.1217867 0.1164520 0.1238808 0.1477355 0.1250868 0.1180415 0.1464501 0.0288511 0.1474024 0.0847814 
Hypsiprymnodontidae_Hypsiprymnodon_moschatus 0.0736497 0.1129880 0.0513746 0.0508161 0.1219307 0.0802011 0.0818602 0.0565432 0.1277550 0.0841346 0.1233906 0.1202273 0.0839123 0.0861291 0.1214349 0.1214621 0.1178268 0.1298026 0.0454870 0.0838783 0.1346499 0.1442672 0.1225350 0.0000000 0.0986871 0.0807793 0.0523592 0.0885374 0.1113933 0.0944186 0.0834717 0.1283344 0.1187183 0.1276795 0.0657164 
Microbiotheriidae_Dromiciops_gliroides       0.0888707 0.1096047 0.0989261 0.0976193 0.1196719 0.0945379 0.0943447 0.1011397 0.1252266 0.0965735 0.1166039 0.1154119 0.0961573 0.0996527 0.1145252 0.1207247 0.1153426 0.1284801 0.0933901 0.0995672 0.1336927 0.1332058 0.1156909 0.0986871 0.0000000 0.1001071 0.0967072 0.1044623 0.1128452 0.1068506 0.0949086 0.1269727 0.1164550 0.1246546 0.0604199 
Pseudochiridae_Petauroides_volans            0.0702115 0.1182008 0.0790039 0.0802881 0.1268909 0.0798817 0.0805868 0.0820141 0.1332431 0.0805526 0.1251432 0.1272433 0.0795137 0.0699757 0.1233948 0.1282541 0.1197009 0.1305755 0.0708484 0.0350767 0.1315161 0.1391634 0.1217867 0.0807793 0.1001071 0.0000000 0.0725201 0.0344957 0.0806462 0.0734610 0.0790520 0.1332052 0.1258851 0.1341584 0.0631823 
Macropodidae_Wallabia_bicolor                0.0723243 0.1088956 0.0285524 0.0295260 0.1195313 0.0784955 0.0802073 0.0335446 0.1295762 0.0811393 0.1188741 0.1157639 0.0810515 0.0848239 0.1166802 0.1207708 0.1149094 0.1290911 0.0158793 0.0781143 0.1378704 0.1454052 0.1164520 0.0523592 0.0967072 0.0725201 0.0000000 0.0802009 0.0969446 0.0871960 0.0791551 0.1280184 0.1188446 0.1286051 0.0635799 
Pseudochiridae_Pseudocheirus_occidentalis    0.0741827 0.1182651 0.0842278 0.0841608 0.1243111 0.0802555 0.0814755 0.0881524 0.1335126 0.0806625 0.1251014 0.1258509 0.0793068 0.0732042 0.1214340 0.1234290 0.1221346 0.1336206 0.0779029 0.0217905 0.1380675 0.1464417 0.1238808 0.0885374 0.1044623 0.0344957 0.0802009 0.0000000 0.0801137 0.0760374 0.0795012 0.1322944 0.1215818 0.1337393 0.0674407 
Tarsipedidae_Tarsipes_rostratus              0.0951960 0.1490872 0.0973800 0.0992688 0.1489145 0.1033610 0.1002247 0.1015220 0.1512144 0.1005729 0.1493061 0.1517927 0.0996815 0.0919890 0.1479893 0.1518767 0.1488167 0.1521855 0.0934131 0.0805072 0.1662390 0.1743884 0.1477355 0.1113933 0.1128452 0.0806462 0.0969446 0.0801137 0.0000000 0.1015600 0.0999726 0.1516161 0.1502275 0.1529658 0.0794584 
Acrobatidae_Distoechurus_pennatus            0.0798928 0.1245780 0.0915144 0.0920675 0.1299602 0.0892181 0.0881088 0.0970206 0.1381952 0.0871509 0.1277628 0.1293854 0.0869059 0.0438239 0.1246102 0.1291142 0.1265851 0.1365214 0.0860198 0.0768383 0.1408131 0.1483247 0.1250868 0.0944186 0.1068506 0.0734610 0.0871960 0.0760374 0.1015600 0.0000000 0.0875941 0.1415240 0.1270221 0.1386739 0.0736235 
Phalangeridae_Phalanger_carmelitae           0.0660441 0.1083134 0.0791848 0.0795956 0.1187310 0.0284206 0.0129469 0.0855925 0.1203292 0.0154292 0.1198059 0.1146262 0.0066648 0.0776418 0.1174528 0.1169624 0.1133602 0.1227614 0.0766980 0.0823218 0.1325930 0.1402717 0.1180415 0.0834717 0.0949086 0.0790520 0.0791551 0.0795012 0.0999726 0.0875941 0.0000000 0.1224650 0.1160545 0.1201156 0.0528693 
Peramelidae_Peroryctes_raffrayana            0.1197827 0.1316266 0.1261321 0.1255358 0.1409022 0.1280596 0.1213824 0.1296341 0.0216660 0.1237466 0.1451368 0.1398480 0.1234291 0.1273758 0.1467803 0.1417858 0.1418263 0.0208682 0.1214152 0.1372377 0.1595100 0.1749550 0.1464501 0.1283344 0.1269727 0.1332052 0.1280184 0.1322944 0.1516161 0.1415240 0.1224650 0.0000000 0.1424016 0.0211316 0.0865137 
Dasyuridae_Dasyurus_geffroii                 0.1094912 0.1272128 0.1174641 0.1148638 0.0083307 0.1164291 0.1159217 0.1214186 0.1441958 0.1158632 0.0298070 0.0319582 0.1161364 0.1167096 0.0291357 0.0077735 0.0359576 0.1421752 0.1135260 0.1277701 0.1378650 0.1489473 0.0288511 0.1187183 0.1164550 0.1258851 0.1188446 0.1215818 0.1502275 0.1270221 0.1160545 0.1424016 0.0000000 0.1434383 0.0834394 
Peramelidae_Perameles_gunnii                 0.1170935 0.1332381 0.1274094 0.1260417 0.1423865 0.1284751 0.1191381 0.1310312 0.0011107 0.1210364 0.1483152 0.1404563 0.1199277 0.1270762 0.1485492 0.1440795 0.1421904 0.0205788 0.1244680 0.1412165 0.1580622 0.1751262 0.1474024 0.1276795 0.1246546 0.1341584 0.1286051 0.1337393 0.1529658 0.1386739 0.1201156 0.0211316 0.1434383 0.0000000 0.0852131 
Vombatidae_Lasiorhinus_latifrons             0.0556415 0.0716129 0.0612562 0.0607560 0.0821075 0.0602350 0.0542189 0.0581767 0.0873840 0.0541062 0.0900801 0.0812091 0.0550531 0.0619310 0.0854194 0.0844491 0.0806425 0.0836739 0.0583056 0.0686745 0.0743019 0.1023192 0.0847814 0.0657164 0.0604199 0.0631823 0.0635799 0.0674407 0.0794584 0.0736235 0.0528693 0.0865137 0.0834394 0.0852131 0.0000000 
