37
Burramyidae_Burramys_parvus                  0.0000000 0.1021785 0.1026856 0.1021785 0.0662210 0.0738265 0.0730820 0.0958818 0.0590994 0.0562966 0.0770731 0.1133460 0.0598995 0.0975819 0.0936484 0.0582346 0.0759459 0.0995934 0.0947628 0.1215188 0.0753048 0.0832546 0.1231172 0.1114170 0.0694921 0.0913375 0.0696663 0.0716069 0.0823563 0.0832247 0.0699240 0.0560011 0.1164203 0.0953831 0.1116328 0.0973099 0.0988456 
Thylacomyidae_Macrotis_lagotis1              0.1021785 0.0000000 0.1204322 0.0000010 0.0986641 0.1242501 0.1236320 0.1313838 0.1183340 0.1264071 0.1268841 0.0358538 0.1324711 0.1403540 0.1316536 0.1219798 0.1077523 0.1391158 0.1300449 0.0332929 0.1284284 0.1040507 0.1443307 0.1361526 0.1296687 0.1396759 0.1035595 0.1368808 0.1041579 0.1079742 0.1139474 0.1193074 0.0407117 0.1306556 0.0365565 9.0000000 9.0000000 
Notoryctidae_Notoryctes_typhlops             0.1026856 0.1204322 0.0000000 0.1204322 0.0966727 0.1085454 0.1061962 0.1149207 0.1015245 0.0969625 0.1113835 0.1312719 0.1018068 0.1160654 0.1161531 0.0994270 0.1112366 0.1218495 0.1122764 0.1346764 0.1110964 0.1141452 0.1473481 0.1317645 0.1031567 0.1111759 0.1020367 0.1068953 0.1158622 0.1213487 0.1091512 0.0959364 0.1309230 0.1144018 0.1287400 0.1159838 0.1188792 
Thylacomyidae_Macrotis_lagotis2              0.1021785 0.0000010 0.1204322 0.0000000 0.0986641 0.1242501 0.1236320 0.1313838 0.1183340 0.1264071 0.1268841 0.0358538 0.1324711 0.1403540 0.1316536 0.1219798 0.1077523 0.1391158 0.1300449 0.0332929 0.1284284 0.1040507 0.1443307 0.1361526 0.1296687 0.1396759 0.1035595 0.1368808 0.1041579 0.1079742 0.1139474 0.1193074 0.0407117 0.1306556 0.0365565 9.0000000 9.0000000 
Vombatidae_Lasiorhinus_latifrons             0.0662210 0.0986641 0.0966727 0.0986641 0.0000000 0.0727360 0.0740681 0.0894458 0.0618793 0.0614014 0.0779846 0.1083627 0.0674684 0.0896858 0.0913754 0.0631154 0.0775622 0.0939369 0.0886144 0.1132360 0.0765842 0.0889243 0.1198707 0.1060288 0.0714426 0.0893436 0.0730695 0.0721134 0.0897142 0.0954068 0.0745252 0.0608406 0.1094242 0.0893152 0.1067087 0.0894144 0.0905583 
Potoroidae_Bettongia_penicillata             0.0738265 0.1242501 0.1085454 0.1242501 0.0727360 0.0000000 0.0062630 0.0967506 0.0699470 0.0688421 0.0205567 0.1231098 0.0751429 0.0972108 0.1009702 0.0700565 0.0809852 0.0999962 0.0968397 0.1266468 0.0353506 0.0848329 0.1295007 0.1149012 0.0482720 0.0974490 0.0740622 0.0321790 0.0870836 0.0936447 0.0787197 0.0685792 0.1227959 0.0977627 0.1214338 0.0999228 0.0989380 
Potoroidae_Bettongia_lesueur                 0.0730820 0.1236320 0.1061962 0.1236320 0.0740681 0.0062630 0.0000000 0.0955958 0.0701787 0.0681200 0.0202703 0.1220811 0.0744278 0.0963820 0.1001038 0.0687439 0.0799232 0.0990531 0.0956896 0.1253394 0.0355690 0.0846593 0.1293413 0.1163654 0.0484500 0.0978324 0.0736385 0.0318619 0.0875009 0.0921824 0.0773183 0.0678290 0.1207419 0.0966121 0.1204100 0.0992313 0.0987223 
Dasyuridae_Dasyurus_maculatus                0.0958818 0.1313838 0.1149207 0.1313838 0.0894458 0.0967506 0.0955958 0.0000000 0.0938660 0.0905606 0.1006759 0.1177045 0.0970949 0.0215204 0.0327996 0.0923859 0.1059488 0.0226590 0.0077686 0.1253982 0.1037072 0.1103481 0.1339362 0.1226208 0.0936779 0.1004763 0.0967270 0.1017061 0.1112666 0.1154353 0.1009804 0.0900668 0.1198940 0.0057987 0.1166676 0.0249849 0.0175526 
Phalangeridae_Trichosurus_vulpecula          0.0590994 0.1183340 0.1015245 0.1183340 0.0618793 0.0699470 0.0701787 0.0938660 0.0000000 0.0215591 0.0778234 0.1138113 0.0268935 0.0954156 0.0954812 0.0235898 0.0729795 0.0977522 0.0936964 0.1220469 0.0785104 0.0791360 0.1194193 0.1090690 0.0663964 0.0923351 0.0654617 0.0742894 0.0818558 0.0867674 0.0703952 0.0212128 0.1151470 0.0937070 0.1121257 0.0918631 0.0952959 
Phalangeridae_Spilocuscus_maculatus          0.0562966 0.1264071 0.0969625 0.1264071 0.0614014 0.0688421 0.0681200 0.0905606 0.0215591 0.0000000 0.0743082 0.1115185 0.0146367 0.0936900 0.0932063 0.0104397 0.0713960 0.0945928 0.0916210 0.1203310 0.0757758 0.0768272 0.1153966 0.1060378 0.0642795 0.0883031 0.0657137 0.0725080 0.0803523 0.0869475 0.0691959 0.0077122 0.1141391 0.0913142 0.1100920 0.0901649 0.0932426 
Potoroidae_Aepyprymnus_rufescens             0.0770731 0.1268841 0.1113835 0.1268841 0.0779846 0.0205567 0.0202703 0.1006759 0.0778234 0.0743082 0.0000000 0.1242415 0.0782317 0.1019858 0.1057788 0.0748455 0.0847009 0.1025918 0.1011085 0.1282607 0.0373874 0.0893927 0.1336804 0.1222627 0.0525907 0.1016961 0.0769634 0.0333903 0.0914803 0.0971933 0.0829348 0.0733109 0.1252267 0.1017219 0.1227979 0.1052885 0.1057030 
Peramelidae_Perameles_nasuta                 0.1133460 0.0358538 0.1312719 0.0358538 0.1083627 0.1231098 0.1220811 0.1177045 0.1138113 0.1115185 0.1242415 0.0000000 0.1157980 0.1213222 0.1257171 0.1150147 0.1226931 0.1266148 0.1180132 0.0278461 0.1239758 0.1371677 0.1561987 0.1396509 0.1182406 0.1204494 0.1170314 0.1244804 0.1401969 0.1343221 0.1192580 0.1111385 0.0218504 0.1178416 0.0004807 0.1172989 0.1185922 
Phalangeridae_Strigocuscus_pelengensis       0.0598995 0.1324711 0.1018068 0.1324711 0.0674684 0.0751429 0.0744278 0.0970949 0.0268935 0.0146367 0.0782317 0.1157980 0.0000000 0.0981293 0.0971703 0.0151731 0.0770509 0.0988327 0.0965752 0.1228375 0.0792919 0.0813112 0.1226909 0.1106197 0.0680376 0.0952034 0.0703633 0.0765707 0.0834713 0.0905581 0.0724311 0.0130892 0.1182120 0.0975618 0.1140769 0.0965089 0.0979547 
Dasyuridae_Phascogale_tapoatafa              0.0975819 0.1403540 0.1160654 0.1403540 0.0896858 0.0972108 0.0963820 0.0215204 0.0954156 0.0936900 0.1019858 0.1213222 0.0981293 0.0000000 0.0329282 0.0959724 0.1068340 0.0040397 0.0211008 0.1266663 0.1042889 0.1106255 0.1368445 0.1235280 0.0939670 0.1032828 0.0963077 0.1016226 0.1122339 0.1155921 0.1021528 0.0932779 0.1232892 0.0213061 0.1202718 0.0274653 0.0081923 
Dasyuridae_Sminthopsis_macroura              0.0936484 0.1316536 0.1161531 0.1316536 0.0913754 0.1009702 0.1001038 0.0327996 0.0954812 0.0932063 0.1057788 0.1257171 0.0971703 0.0329282 0.0000000 0.0951554 0.1057412 0.0362009 0.0316132 0.1312734 0.1059941 0.1138778 0.1387947 0.1275428 0.0961869 0.1034773 0.1011639 0.1047025 0.1130950 0.1168721 0.1000624 0.0924574 0.1252491 0.0333945 0.1240064 0.0246636 0.0306030 
Phalangeridae_Phalanger_orientalis           0.0582346 0.1219798 0.0994270 0.1219798 0.0631154 0.0700565 0.0687439 0.0923859 0.0235898 0.0104397 0.0748455 0.1150147 0.0151731 0.0959724 0.0951554 0.0000000 0.0732227 0.0958876 0.0922354 0.1221644 0.0779819 0.0780812 0.1197412 0.1089363 0.0639915 0.0912211 0.0674513 0.0740717 0.0810235 0.0898359 0.0704227 0.0040706 0.1160528 0.0925221 0.1133345 0.0942711 0.0969850 
Acrobatidae_Acrobates_pygmaeus               0.0759459 0.1077523 0.1112366 0.1077523 0.0775622 0.0809852 0.0799232 0.1059488 0.0729795 0.0713960 0.0847009 0.1226931 0.0770509 0.1068340 0.1057412 0.0732227 0.0000000 0.1083850 0.1054098 0.1304659 0.0842018 0.0846273 0.1336472 0.1224863 0.0783445 0.1021655 0.0746144 0.0830031 0.0847807 0.0914138 0.0449639 0.0699240 0.1247175 0.1074118 0.1220025 0.1039714 0.1102282 
Dasyuridae_Phascogale_calura                 0.0995934 0.1391158 0.1218495 0.1391158 0.0939369 0.0999962 0.0990531 0.0226590 0.0977522 0.0945928 0.1025918 0.1266148 0.0988327 0.0040397 0.0362009 0.0958876 0.1083850 0.0000000 0.0208967 0.1333096 0.1110880 0.1143359 0.1410862 0.1284605 0.0982878 0.1114595 0.0985535 0.1075382 0.1172695 0.1122432 0.1048143 0.0939406 0.1293350 0.0224017 0.1253762 0.0287402 0.0117203 
Dasyuridae_Sarcophilus_harrisii              0.0947628 0.1300449 0.1122764 0.1300449 0.0886144 0.0968397 0.0956896 0.0077686 0.0936964 0.0916210 0.1011085 0.1180132 0.0965752 0.0211008 0.0316132 0.0922354 0.1054098 0.0208967 0.0000000 0.1248073 0.1041551 0.1084678 0.1342667 0.1224687 0.0922419 0.0980574 0.0975184 0.1024608 0.1107590 0.1129347 0.1001916 0.0902279 0.1200619 0.0082797 0.1166647 0.0277702 0.0194833 
Peramelidae_Echymipera_kalubu                0.1215188 0.0332929 0.1346764 0.0332929 0.1132360 0.1266468 0.1253394 0.1253982 0.1220469 0.1203310 0.1282607 0.0278461 0.1228375 0.1266663 0.1312734 0.1221644 0.1304659 0.1333096 0.1248073 0.0000000 0.1292085 0.1460520 0.1599075 0.1449865 0.1236044 0.1256293 0.1276470 0.1281762 0.1500097 0.1474180 0.1245958 0.1185854 0.0264045 0.1255624 0.0279239 0.1299140 0.1269069 
Macropodidae_Dorcopsulus_vanheurni           0.0753048 0.1284284 0.1110964 0.1284284 0.0765842 0.0353506 0.0355690 0.1037072 0.0785104 0.0757758 0.0373874 0.1239758 0.0792919 0.1042889 0.1059941 0.0779819 0.0842018 0.1110880 0.1041551 0.1292085 0.0000000 0.0926444 0.1321180 0.1229786 0.0530954 0.0999341 0.0805169 0.0141040 0.0902245 0.0978254 0.0809385 0.0752435 0.1251666 0.1043951 0.1226163 0.1041818 0.1069748 
Pseudochiridae_Pseudochirulus_forbesi        0.0832546 0.1040507 0.1141452 0.1040507 0.0889243 0.0848329 0.0846593 0.1103481 0.0791360 0.0768272 0.0893927 0.1371677 0.0813112 0.1106255 0.1138778 0.0780812 0.0846273 0.1143359 0.1084678 0.1460520 0.0926444 0.0000000 0.1495203 0.1357723 0.0870288 0.1154776 0.0451247 0.0893164 0.0383221 0.0876205 0.0798930 0.0753131 0.1375545 0.1107850 0.1352704 0.1188077 0.1188426 
Didelphidae_Didelphis_virginiana             0.1231172 0.1443307 0.1473481 0.1443307 0.1198707 0.1295007 0.1293413 0.1339362 0.1194193 0.1153966 0.1336804 0.1561987 0.1226909 0.1368445 0.1387947 0.1197412 0.1336472 0.1410862 0.1342667 0.1599075 0.1321180 0.1495203 0.0000000 0.0391734 0.1273279 0.1332506 0.1347578 0.1299304 0.1471691 0.1443971 0.1303439 0.1161942 0.1573254 0.1335305 0.1548693 0.1539120 0.1485158 
Marmosidae_Monodelphis_domestica             0.1114170 0.1361526 0.1317645 0.1361526 0.1060288 0.1149012 0.1163654 0.1226208 0.1090690 0.1060378 0.1222627 0.1396509 0.1106197 0.1235280 0.1275428 0.1089363 0.1224863 0.1284605 0.1224687 0.1449865 0.1229786 0.1357723 0.0391734 0.0000000 0.1125687 0.1222038 0.1205730 0.1200010 0.1307773 0.1333085 0.1183027 0.1057948 0.1395341 0.1210693 0.1389252 0.1337485 0.1268108 
Hypsiprymnodontidae_Hypsiprymnodon_moschatus 0.0694921 0.1296687 0.1031567 0.1296687 0.0714426 0.0482720 0.0484500 0.0936779 0.0663964 0.0642795 0.0525907 0.1182406 0.0680376 0.0939670 0.0961869 0.0639915 0.0783445 0.0982878 0.0922419 0.1236044 0.0530954 0.0870288 0.1273279 0.1125687 0.0000000 0.0946562 0.0726718 0.0498358 0.0885717 0.0964403 0.0765151 0.0631217 0.1180816 0.0925123 0.1165579 0.0937546 0.0932897 
Microbiotheriidae_Dromiciops_gliroides       0.0913375 0.1396759 0.1111759 0.1396759 0.0893436 0.0974490 0.0978324 0.1004763 0.0923351 0.0883031 0.1016961 0.1204494 0.0952034 0.1032828 0.1034773 0.0912211 0.1021655 0.1114595 0.0980574 0.1256293 0.0999341 0.1154776 0.1332506 0.1222038 0.0946562 0.0000000 0.1017966 0.0981083 0.1152993 0.1132289 0.1047308 0.0881445 0.1200695 0.1005620 0.1195307 0.1017988 0.1015084 
Pseudochiridae_Petauroides_volans            0.0696663 0.1035595 0.1020367 0.1035595 0.0730695 0.0740622 0.0736385 0.0967270 0.0654617 0.0657137 0.0769634 0.1170314 0.0703633 0.0963077 0.1011639 0.0674513 0.0746144 0.0985535 0.0975184 0.1276470 0.0805169 0.0451247 0.1347578 0.1205730 0.0726718 0.1017966 0.0000000 0.0760352 0.0450250 0.0763748 0.0707102 0.0657810 0.1232479 0.0964966 0.1156549 0.1025141 0.1026484 
Macropodidae_Wallabia_bicolor                0.0716069 0.1368808 0.1068953 0.1368808 0.0721134 0.0321790 0.0318619 0.1017061 0.0742894 0.0725080 0.0333903 0.1244804 0.0765707 0.1016226 0.1047025 0.0740717 0.0830031 0.1075382 0.1024608 0.1281762 0.0141040 0.0893164 0.1299304 0.1200010 0.0498358 0.0981083 0.0760352 0.0000000 0.0872784 0.0959002 0.0806175 0.0722507 0.1246099 0.1030207 0.1234479 0.1020460 0.1022143 
Pseudochiridae_Pseudocheirus_occidentalis    0.0823563 0.1041579 0.1158622 0.1041579 0.0897142 0.0870836 0.0875009 0.1112666 0.0818558 0.0803523 0.0914803 0.1401969 0.0834713 0.1122339 0.1130950 0.0810235 0.0847807 0.1172695 0.1107590 0.1500097 0.0902245 0.0383221 0.1471691 0.1307773 0.0885717 0.1152993 0.0450250 0.0872784 0.0000000 0.0877279 0.0817484 0.0784568 0.1450068 0.1121136 0.1384140 0.1191658 0.1205903 
Tarsipedidae_Tarsipes_rostratus              0.0832247 0.1079742 0.1213487 0.1079742 0.0954068 0.0936447 0.0921824 0.1154353 0.0867674 0.0869475 0.0971933 0.1343221 0.0905581 0.1155921 0.1168721 0.0898359 0.0914138 0.1122432 0.1129347 0.1474180 0.0978254 0.0876205 0.1443971 0.1333085 0.0964403 0.1132289 0.0763748 0.0959002 0.0877279 0.0000000 0.0861990 0.0874793 0.1395392 0.1145209 0.1332633 0.1187118 0.1213214 
Acrobatidae_Distoechurus_pennatus            0.0699240 0.1139474 0.1091512 0.1139474 0.0745252 0.0787197 0.0773183 0.1009804 0.0703952 0.0691959 0.0829348 0.1192580 0.0724311 0.1021528 0.1000624 0.0704227 0.0449639 0.1048143 0.1001916 0.1245958 0.0809385 0.0798930 0.1303439 0.1183027 0.0765151 0.1047308 0.0707102 0.0806175 0.0817484 0.0861990 0.0000000 0.0677496 0.1231719 0.1013689 0.1182182 0.1006340 0.1038797 
Phalangeridae_Phalanger_carmelitae           0.0560011 0.1193074 0.0959364 0.1193074 0.0608406 0.0685792 0.0678290 0.0900668 0.0212128 0.0077122 0.0733109 0.1111385 0.0130892 0.0932779 0.0924574 0.0040706 0.0699240 0.0939406 0.0902279 0.1185854 0.0752435 0.0753131 0.1161942 0.1057948 0.0631217 0.0881445 0.0657810 0.0722507 0.0784568 0.0874793 0.0677496 0.0000000 0.1128217 0.0905184 0.1094683 0.0901779 0.0933770 
Peramelidae_Peroryctes_raffrayana            0.1164203 0.0407117 0.1309230 0.0407117 0.1094242 0.1227959 0.1207419 0.1198940 0.1151470 0.1141391 0.1252267 0.0218504 0.1182120 0.1232892 0.1252491 0.1160528 0.1247175 0.1293350 0.1200619 0.0264045 0.1251666 0.1375545 0.1573254 0.1395341 0.1180816 0.1200695 0.1232479 0.1246099 0.1450068 0.1395392 0.1231719 0.1128217 0.0000000 0.1200644 0.0216417 0.1179713 0.1183004 
Dasyuridae_Dasyurus_geffroii                 0.0953831 0.1306556 0.1144018 0.1306556 0.0893152 0.0977627 0.0966121 0.0057987 0.0937070 0.0913142 0.1017219 0.1178416 0.0975618 0.0213061 0.0333945 0.0925221 0.1074118 0.0224017 0.0082797 0.1255624 0.1043951 0.1107850 0.1335305 0.1210693 0.0925123 0.1005620 0.0964966 0.1030207 0.1121136 0.1145209 0.1013689 0.0905184 0.1200644 0.0000000 0.1168222 0.0270396 0.0181953 
Peramelidae_Perameles_gunnii                 0.1116328 0.0365565 0.1287400 0.0365565 0.1067087 0.1214338 0.1204100 0.1166676 0.1121257 0.1100920 0.1227979 0.0004807 0.1140769 0.1202718 0.1240064 0.1133345 0.1220025 0.1253762 0.1166647 0.0279239 0.1226163 0.1352704 0.1548693 0.1389252 0.1165579 0.1195307 0.1156549 0.1234479 0.1384140 0.1332633 0.1182182 0.1094683 0.0216417 0.1168222 0.0000000 0.1152804 0.1162439 
Dasyuridae_Planigale_tenuirostris            0.0973099 9.0000000 0.1159838 9.0000000 0.0894144 0.0999228 0.0992313 0.0249849 0.0918631 0.0901649 0.1052885 0.1172989 0.0965089 0.0274653 0.0246636 0.0942711 0.1039714 0.0287402 0.0277702 0.1299140 0.1041818 0.1188077 0.1539120 0.1337485 0.0937546 0.1017988 0.1025141 0.1020460 0.1191658 0.1187118 0.1006340 0.0901779 0.1179713 0.0270396 0.1152804 0.0000000 0.0270165 
Dasyuridae_Antechinus_stuartii               0.0988456 9.0000000 0.1188792 9.0000000 0.0905583 0.0989380 0.0987223 0.0175526 0.0952959 0.0932426 0.1057030 0.1185922 0.0979547 0.0081923 0.0306030 0.0969850 0.1102282 0.0117203 0.0194833 0.1269069 0.1069748 0.1188426 0.1485158 0.1268108 0.0932897 0.1015084 0.1026484 0.1022143 0.1205903 0.1213214 0.1038797 0.0933770 0.1183004 0.0181953 0.1162439 0.0270165 0.0000000 
