37
Burramyidae_Burramys_parvus                  0.0000000 0.0727726 0.0532340 0.0695676 0.0768171 0.0893323 0.0425982 0.0467024 0.0766472 0.0843570 0.1726300 0.0403605 0.0797556 0.0807151 0.0498624 0.0516190 0.0800115 0.0836987 0.0765235 0.0833013 0.0653590 0.0647975 0.1013235 0.0807210 0.0642320 0.0696008 0.0564356 0.0610422 0.0609564 0.0612343 0.0555007 0.1726300 0.0503803 0.0877214 0.0883909 0.0819928 0.0555043 
Notoryctidae_Notoryctes_typhlops             0.0727726 0.0000000 0.0749409 0.0946249 0.0949201 0.0958591 0.0790146 0.0834653 0.0934338 0.1024696 0.1868661 0.0761593 0.0911416 0.0873506 0.0822437 0.0825073 0.0935187 0.0991763 0.0890796 0.0986490 0.0913201 0.0890439 0.1232324 0.0933054 0.0958531 0.0849128 0.0923425 0.0871514 0.0857200 0.0954663 0.0821820 0.1868661 0.0835330 0.1022093 0.0934808 0.1002883 0.0598959 
Vombatidae_Lasiorhinus_latifrons             0.0532340 0.0749409 0.0000000 0.0647746 0.0746910 0.0772503 0.0499861 0.0518169 0.0721515 0.0809639 0.1625920 0.0450268 0.0691910 0.0723396 0.0529550 0.0555425 0.0715957 0.0746612 0.0659339 0.0832953 0.0678914 0.0622212 0.1001630 0.0724168 0.0615515 0.0665911 0.0574072 0.0577438 0.0602096 0.0597895 0.0605115 0.1625920 0.0545274 0.0844177 0.0755084 0.0793979 0.0587806 
Potoroidae_Bettongia_penicillata             0.0695676 0.0946249 0.0647746 0.0000000 0.0098993 0.0925448 0.0664306 0.0714841 0.0167548 0.1021406 0.1862765 0.0666529 0.0878232 0.0860552 0.0714086 0.0716150 0.0884419 0.0913711 0.0828431 0.1018681 0.0256042 0.0783729 0.1236214 0.0864364 0.0356640 0.0808698 0.0762528 0.0159886 0.0742827 0.0812778 0.0715272 0.1862765 0.0730753 0.1018652 0.0913862 0.1003725 0.0759712 
Potoroidae_Bettongia_lesueur                 0.0768171 0.0949201 0.0746910 0.0098993 0.0000000 0.1036890 0.0731904 0.0779217 0.0097054 0.1137740 0.1861017 0.0662484 0.0954785 0.0948309 0.0781098 0.0808358 0.0871733 0.0909135 0.0833699 0.1142683 0.0202931 0.0864210 0.1324949 0.0851761 0.0451561 0.0876485 0.0842338 0.0232217 0.0811404 0.0842930 0.0804500 0.1861017 0.0806630 0.1153476 0.1025114 0.1118698 0.0836408 
Dasyuridae_Dasyurus_maculatus                0.0893323 0.0958591 0.0772503 0.0925448 0.1036890 0.0000000 0.0840281 0.0812554 0.1021877 0.0984964 0.1170581 0.0750862 0.0139715 0.0290386 0.0795624 0.0863877 0.0151210 0.0083118 0.0290305 0.1017643 0.0990044 0.0998579 0.1289419 0.0165140 0.0934873 0.0877152 0.0918032 0.0862203 0.0959816 0.0979095 0.0926267 0.1170581 0.0805437 0.1035868 0.0040041 0.0955568 0.0672575 
Phalangeridae_Trichosurus_vulpecula          0.0425982 0.0790146 0.0499861 0.0664306 0.0731904 0.0840281 0.0000000 0.0145420 0.0700560 0.0820948 0.1667561 0.0121924 0.0772037 0.0775253 0.0167433 0.0509884 0.0803256 0.0824067 0.0743412 0.0839363 0.0675395 0.0604993 0.1035392 0.0805539 0.0615372 0.0650210 0.0555581 0.0558654 0.0576716 0.0553964 0.0553228 0.1667561 0.0163625 0.0840654 0.0818850 0.0790103 0.0596451 
Phalangeridae_Spilocuscus_maculatus          0.0467024 0.0834653 0.0518169 0.0714841 0.0779217 0.0812554 0.0145420 0.0000000 0.0746956 0.0851546 0.1721341 0.0050584 0.0758511 0.0805384 0.0080953 0.0535646 0.0776554 0.0819205 0.0736661 0.0874998 0.0709603 0.0632075 0.1056079 0.0786585 0.0638270 0.0687039 0.0588620 0.0599388 0.0600193 0.0578703 0.0572510 0.1721341 0.0080585 0.0869986 0.0798171 0.0823544 0.0578112 
Potoroidae_Aepyprymnus_rufescens             0.0766472 0.0934338 0.0721515 0.0167548 0.0097054 0.1021877 0.0700560 0.0746956 0.0000000 0.1115930 0.1950527 0.0640596 0.0960935 0.0958665 0.0744638 0.0780015 0.0899409 0.0932423 0.0853757 0.1113424 0.0215617 0.0879540 0.1290753 0.0865731 0.0446472 0.0851812 0.0813258 0.0250936 0.0826339 0.0835894 0.0765145 0.1950527 0.0769895 0.1121376 0.1010580 0.1097028 0.0804442 
Peramelidae_Perameles_nasuta                 0.0843570 0.1024696 0.0809639 0.1021406 0.1137740 0.0984964 0.0820948 0.0851546 0.1115930 0.0000000 0.2123621 0.0815067 0.0979056 0.1019334 0.0878897 0.0908008 0.1001503 0.1018624 0.0973872 0.0117250 0.1068998 0.0979562 0.1319182 0.1014475 0.0972352 0.0890119 0.0915056 0.0945248 0.0972208 0.1008595 0.0927396 0.2123621 0.0897049 0.0131940 0.0999209 0.0016744 0.0657328 
Myrmecobiidae_Myrmecobius_fasciatus1         0.1726300 0.1868661 0.1625920 0.1862765 0.1861017 0.1170581 0.1667561 0.1721341 0.1950527 0.2123621 0.0000000 0.1666798 0.1050774 0.0982224 0.1704305 0.1716041 0.1125677 0.1198458 0.1006096 0.2304372 0.1774664 0.1949964 0.2470291 0.1053721 0.1878926 0.1691105 0.1756294 0.1708039 0.1773910 0.2066396 0.1740315 0.0000010 0.1759917 0.2377236 0.1157476 0.2109398 9.0000000 
Phalangeridae_Strigocuscus_pelengensis       0.0403605 0.0761593 0.0450268 0.0666529 0.0662484 0.0750862 0.0121924 0.0050584 0.0640596 0.0815067 0.1666798 0.0000000 0.0712948 0.0753156 0.0067902 0.0457707 0.0740065 0.0790462 0.0686679 0.0827530 0.0605387 0.0561352 0.1034345 0.0762074 0.0608402 0.0648850 0.0516305 0.0560226 0.0527139 0.0536697 0.0519223 0.1666798 0.0067895 0.0833954 0.0734202 0.0784522 0.0433883 
Dasyuridae_Phascogale_tapoatafa              0.0797556 0.0911416 0.0691910 0.0878232 0.0954785 0.0139715 0.0772037 0.0758511 0.0960935 0.0979056 0.1050774 0.0712948 0.0000000 0.0235695 0.0748813 0.0793131 0.0018799 0.0141138 0.0212700 0.1009645 0.0901628 0.0969454 0.1202348 0.0057847 0.0886471 0.0859008 0.0858438 0.0789004 0.0892745 0.0930172 0.0875333 0.1050774 0.0771646 0.1033050 0.0136415 0.0948483 0.0585113 
Dasyuridae_Sminthopsis_macroura              0.0807151 0.0873506 0.0723396 0.0860552 0.0948309 0.0290386 0.0775253 0.0805384 0.0958665 0.1019334 0.0982224 0.0753156 0.0235695 0.0000000 0.0781090 0.0831804 0.0257387 0.0311792 0.0162072 0.1014295 0.0903364 0.0946969 0.1253168 0.0272275 0.0884524 0.0851158 0.0852464 0.0789167 0.0923394 0.0955234 0.0887088 0.0982224 0.0809334 0.1044567 0.0290119 0.0993948 0.0678930 
Phalangeridae_Phalanger_orientalis           0.0498624 0.0822437 0.0529550 0.0714086 0.0781098 0.0795624 0.0167433 0.0080953 0.0744638 0.0878897 0.1704305 0.0067902 0.0748813 0.0781090 0.0000000 0.0530310 0.0769593 0.0803539 0.0717800 0.0906739 0.0719186 0.0644275 0.1099023 0.0784313 0.0641151 0.0701612 0.0586378 0.0618484 0.0622806 0.0615736 0.0595784 0.1704305 0.0018176 0.0906564 0.0785125 0.0851067 0.0576482 
Acrobatidae_Acrobates_pygmaeus               0.0516190 0.0825073 0.0555425 0.0716150 0.0808358 0.0863877 0.0509884 0.0535646 0.0780015 0.0908008 0.1716041 0.0457707 0.0793131 0.0831804 0.0530310 0.0000000 0.0779915 0.0859081 0.0758467 0.0937413 0.0749879 0.0583824 0.1068583 0.0839403 0.0714342 0.0750342 0.0518264 0.0653803 0.0560887 0.0598495 0.0349667 0.1716041 0.0539242 0.0940790 0.0879307 0.0895927 0.0591175 
Dasyuridae_Phascogale_calura                 0.0800115 0.0935187 0.0715957 0.0884419 0.0871733 0.0151210 0.0803256 0.0776554 0.0899409 0.1001503 0.1125677 0.0740065 0.0018799 0.0257387 0.0769593 0.0779915 0.0000000 0.0160808 0.0237315 0.1040982 0.0852055 0.0937976 0.1200713 0.0066629 0.0906968 0.0861350 0.0845882 0.0794296 0.0867615 0.0938707 0.0858742 0.1125677 0.0794474 0.1061616 0.0151054 0.0967194 0.0486464 
Dasyuridae_Sarcophilus_harrisii              0.0836987 0.0991763 0.0746612 0.0913711 0.0909135 0.0083118 0.0824067 0.0819205 0.0932423 0.1018624 0.1198458 0.0790462 0.0141138 0.0311792 0.0803539 0.0859081 0.0160808 0.0000000 0.0304147 0.1063709 0.0884553 0.0975447 0.1307765 0.0174951 0.0926398 0.0895169 0.0910456 0.0832161 0.0877616 0.0982968 0.0919144 0.1198458 0.0828460 0.1079271 0.0080607 0.0988900 0.0523854 
Dasyuridae_Planigale_tenuirostris            0.0765235 0.0890796 0.0659339 0.0828431 0.0833699 0.0290305 0.0743412 0.0736661 0.0853757 0.0973872 0.1006096 0.0686679 0.0212700 0.0162072 0.0717800 0.0758467 0.0237315 0.0304147 0.0000000 0.1004004 0.0806837 0.0857998 0.1191931 0.0273856 0.0876699 0.0840014 0.0787229 0.0766000 0.0817730 0.0933556 0.0833783 0.1006096 0.0747884 0.1018661 0.0276269 0.0940965 0.0527012 
Peramelidae_Echymipera_kalubu                0.0833013 0.0986490 0.0832953 0.1018681 0.1142683 0.1017643 0.0839363 0.0874998 0.1113424 0.0117250 0.2304372 0.0827530 0.1009645 0.1014295 0.0906739 0.0937413 0.1040982 0.1063709 0.1004004 0.0000000 0.1071311 0.0979995 0.1386676 0.1044856 0.0959230 0.0910642 0.0954358 0.0956134 0.0988394 0.1025423 0.0939211 0.2304372 0.0903016 0.0090614 0.1022736 0.0114191 0.0665888 
Macropodidae_Dorcopsulus_vanheurni           0.0653590 0.0913201 0.0678914 0.0256042 0.0202931 0.0990044 0.0675395 0.0709603 0.0215617 0.1068998 0.1774664 0.0605387 0.0901628 0.0903364 0.0719186 0.0749879 0.0852055 0.0884553 0.0806837 0.1071311 0.0000000 0.0844926 0.1232303 0.0818995 0.0435861 0.0829598 0.0786244 0.0129017 0.0785929 0.0821374 0.0755138 0.1774664 0.0744217 0.1076888 0.0978590 0.1051260 0.0768211 
Pseudochiridae_Pseudochirulus_forbesi        0.0647975 0.0890439 0.0622212 0.0783729 0.0864210 0.0998579 0.0604993 0.0632075 0.0879540 0.0979562 0.1949964 0.0561352 0.0969454 0.0946969 0.0644275 0.0583824 0.0937976 0.0975447 0.0857998 0.0979995 0.0844926 0.0000000 0.1137822 0.0958549 0.0771128 0.0823268 0.0293970 0.0727242 0.0182264 0.0540792 0.0621159 0.1949964 0.0645977 0.1006282 0.0989163 0.0958728 0.0721185 
Didelphidae_Didelphis_virginiana             0.1013235 0.1232324 0.1001630 0.1236214 0.1324949 0.1289419 0.1035392 0.1056079 0.1290753 0.1319182 0.2470291 0.1034345 0.1202348 0.1253168 0.1099023 0.1068583 0.1200713 0.1307765 0.1191931 0.1386676 0.1232303 0.1137822 0.0000000 0.1209017 0.1172841 0.1098567 0.1074466 0.1134430 0.1134343 0.1246917 0.1125921 0.2470291 0.1103533 0.1391998 0.1299056 0.1321247 0.0108316 
Dasyuridae_Antechinus_stuartii               0.0807210 0.0933054 0.0724168 0.0864364 0.0851761 0.0165140 0.0805539 0.0786585 0.0865731 0.1014475 0.1053721 0.0762074 0.0057847 0.0272275 0.0784313 0.0839403 0.0066629 0.0174951 0.0273856 0.1044856 0.0818995 0.0958549 0.1209017 0.0000000 0.0900532 0.0889926 0.0875458 0.0771431 0.0870214 0.0938025 0.0900628 0.1053721 0.0809485 0.1078637 0.0158268 0.0979846 0.0505508 
Hypsiprymnodontidae_Hypsiprymnodon_moschatus 0.0642320 0.0958531 0.0615515 0.0356640 0.0451561 0.0934873 0.0615372 0.0638270 0.0446472 0.0972352 0.1878926 0.0608402 0.0886471 0.0884524 0.0641151 0.0714342 0.0906968 0.0926398 0.0876699 0.0959230 0.0435861 0.0771128 0.1172841 0.0900532 0.0000000 0.0768617 0.0690078 0.0326656 0.0709723 0.0775313 0.0729259 0.1878926 0.0649715 0.0967352 0.0923214 0.0955134 0.0672229 
Microbiotheriidae_Dromiciops_gliroides       0.0696008 0.0849128 0.0665911 0.0808698 0.0876485 0.0877152 0.0650210 0.0687039 0.0851812 0.0890119 0.1691105 0.0648850 0.0859008 0.0851158 0.0701612 0.0750342 0.0861350 0.0895169 0.0840014 0.0910642 0.0829598 0.0823268 0.1098567 0.0889926 0.0768617 0.0000000 0.0759062 0.0736394 0.0802481 0.0849770 0.0750968 0.1691105 0.0708701 0.0902022 0.0874586 0.0881975 0.0641850 
Pseudochiridae_Petauroides_volans            0.0564356 0.0923425 0.0574072 0.0762528 0.0842338 0.0918032 0.0555581 0.0588620 0.0813258 0.0915056 0.1756294 0.0516305 0.0858438 0.0852464 0.0586378 0.0518264 0.0845882 0.0910456 0.0787229 0.0954358 0.0786244 0.0293970 0.1074466 0.0875458 0.0690078 0.0759062 0.0000000 0.0671405 0.0245974 0.0514410 0.0548162 0.1756294 0.0588200 0.0963576 0.0912553 0.0897722 0.0643627 
Macropodidae_Wallabia_bicolor                0.0610422 0.0871514 0.0577438 0.0159886 0.0232217 0.0862203 0.0558654 0.0599388 0.0250936 0.0945248 0.1708039 0.0560226 0.0789004 0.0789167 0.0618484 0.0653803 0.0794296 0.0832161 0.0766000 0.0956134 0.0129017 0.0727242 0.1134430 0.0771431 0.0326656 0.0736394 0.0671405 0.0000000 0.0676901 0.0732133 0.0669746 0.1708039 0.0638257 0.0946294 0.0843909 0.0933844 0.0709777 
Pseudochiridae_Pseudocheirus_occidentalis    0.0609564 0.0857200 0.0602096 0.0742827 0.0811404 0.0959816 0.0576716 0.0600193 0.0826339 0.0972208 0.1773910 0.0527139 0.0892745 0.0923394 0.0622806 0.0560887 0.0867615 0.0877616 0.0817730 0.0988394 0.0785929 0.0182264 0.1134343 0.0870214 0.0709723 0.0802481 0.0245974 0.0676901 0.0000000 0.0511167 0.0590369 0.1773910 0.0628180 0.1006378 0.0950549 0.0951410 0.0749861 
Tarsipedidae_Tarsipes_rostratus              0.0612343 0.0954663 0.0597895 0.0812778 0.0842930 0.0979095 0.0553964 0.0578703 0.0835894 0.1008595 0.2066396 0.0536697 0.0930172 0.0955234 0.0615736 0.0598495 0.0938707 0.0982968 0.0933556 0.1025423 0.0821374 0.0540792 0.1246917 0.0938025 0.0775313 0.0849770 0.0514410 0.0732133 0.0511167 0.0000000 0.0648217 0.2066396 0.0611361 0.1014483 0.0975019 0.0986232 0.0685614 
Acrobatidae_Distoechurus_pennatus            0.0555007 0.0821820 0.0605115 0.0715272 0.0804500 0.0926267 0.0553228 0.0572510 0.0765145 0.0927396 0.1740315 0.0519223 0.0875333 0.0887088 0.0595784 0.0349667 0.0858742 0.0919144 0.0833783 0.0939211 0.0755138 0.0621159 0.1125921 0.0900628 0.0729259 0.0750968 0.0548162 0.0669746 0.0590369 0.0648217 0.0000000 0.1740315 0.0597294 0.0938228 0.0935501 0.0919872 0.0666291 
Myrmecobiidae_Myrmecobius_fasciatus2         0.1726300 0.1868661 0.1625920 0.1862765 0.1861017 0.1170581 0.1667561 0.1721341 0.1950527 0.2123621 0.0000010 0.1666798 0.1050774 0.0982224 0.1704305 0.1716041 0.1125677 0.1198458 0.1006096 0.2304372 0.1774664 0.1949964 0.2470291 0.1053721 0.1878926 0.1691105 0.1756294 0.1708039 0.1773910 0.2066396 0.1740315 0.0000000 0.1759917 0.2377236 0.1157476 0.2109398 9.0000000 
Phalangeridae_Phalanger_carmelitae           0.0503803 0.0835330 0.0545274 0.0730753 0.0806630 0.0805437 0.0163625 0.0080585 0.0769895 0.0897049 0.1759917 0.0067895 0.0771646 0.0809334 0.0018176 0.0539242 0.0794474 0.0828460 0.0747884 0.0903016 0.0744217 0.0645977 0.1103533 0.0809485 0.0649715 0.0708701 0.0588200 0.0638257 0.0628180 0.0611361 0.0597294 0.1759917 0.0000000 0.0903255 0.0798147 0.0869033 0.0597246 
Peramelidae_Peroryctes_raffrayana            0.0877214 0.1022093 0.0844177 0.1018652 0.1153476 0.1035868 0.0840654 0.0869986 0.1121376 0.0131940 0.2377236 0.0833954 0.1033050 0.1044567 0.0906564 0.0940790 0.1061616 0.1079271 0.1018661 0.0090614 0.1076888 0.1006282 0.1391998 0.1078637 0.0967352 0.0902022 0.0963576 0.0946294 0.1006378 0.1014483 0.0938228 0.2377236 0.0903255 0.0000000 0.1038284 0.0122860 0.0670535 
Dasyuridae_Dasyurus_geffroii                 0.0883909 0.0934808 0.0755084 0.0913862 0.1025114 0.0040041 0.0818850 0.0798171 0.1010580 0.0999209 0.1157476 0.0734202 0.0136415 0.0290119 0.0785125 0.0879307 0.0151054 0.0080607 0.0276269 0.1022736 0.0978590 0.0989163 0.1299056 0.0158268 0.0923214 0.0874586 0.0912553 0.0843909 0.0950549 0.0975019 0.0935501 0.1157476 0.0798147 0.1038284 0.0000000 0.0969688 0.0699745 
Peramelidae_Perameles_gunnii                 0.0819928 0.1002883 0.0793979 0.1003725 0.1118698 0.0955568 0.0790103 0.0823544 0.1097028 0.0016744 0.2109398 0.0784522 0.0948483 0.0993948 0.0851067 0.0895927 0.0967194 0.0988900 0.0940965 0.0114191 0.1051260 0.0958728 0.1321247 0.0979846 0.0955134 0.0881975 0.0897722 0.0933844 0.0951410 0.0986232 0.0919872 0.2109398 0.0869033 0.0122860 0.0969688 0.0000000 0.0654779 
Marmosidae_Monodelphis_domestica             0.0555043 0.0598959 0.0587806 0.0759712 0.0836408 0.0672575 0.0596451 0.0578112 0.0804442 0.0657328 9.0000000 0.0433883 0.0585113 0.0678930 0.0576482 0.0591175 0.0486464 0.0523854 0.0527012 0.0665888 0.0768211 0.0721185 0.0108316 0.0505508 0.0672229 0.0641850 0.0643627 0.0709777 0.0749861 0.0685614 0.0666291 9.0000000 0.0597246 0.0670535 0.0699745 0.0654779 0.0000000 
