35
Burramyidae_Burramys_parvus                  0.0000000 0.0642802 0.0544833 0.0543164 0.0549159 0.0817980 0.0640370 0.0323261 0.0602557 0.0656954 0.0513560 0.0774322 0.0843277 0.0516795 0.0650228 0.0752042 0.0788995 0.0715033 0.0839945 0.0542217 0.0769098 0.0967362 0.1208182 0.0690196 0.0450008 0.0676634 0.0824933 0.0516236 0.0520327 0.0531793 0.0473673 0.0437701 0.0700797 0.0784636 0.0683068 
Notoryctidae_Notoryctes_typhlops             0.0642802 0.0000000 0.0798455 0.0775087 0.0774155 0.1020356 0.0891766 0.0688246 0.0863704 0.0834292 0.0899892 0.1017419 0.1073187 0.0918444 0.1017873 0.1016233 0.0978086 0.1032550 0.0979771 0.0878324 0.1187932 0.1121539 0.1437949 0.0910823 0.0830778 0.0768792 0.1382115 0.0809316 0.0888765 0.0877447 0.0811423 0.0794014 0.0963301 0.0978896 0.0886217 
Vombatidae_Lasiorhinus_latifrons             0.0544833 0.0798455 0.0000000 0.0780225 0.0784932 0.0845429 0.0964333 0.0592180 0.0833310 0.0755503 0.0792478 0.0787239 0.0902402 0.0785702 0.0936487 0.0775703 0.0820708 0.0876269 0.0933012 0.0785845 0.1087707 0.0962264 0.1228314 0.0789425 0.0721427 0.0765401 0.1093121 0.0723162 0.0740342 0.0769625 0.0670413 0.0707173 0.0800178 0.0812171 0.0773409 
Potoroidae_Bettongia_penicillata             0.0543164 0.0775087 0.0780225 0.0000000 0.0011188 0.1059265 0.0924466 0.0554810 0.0036207 0.0824428 0.0789632 0.1015155 0.1090228 0.0779326 0.0836565 0.1001712 0.1019741 0.0979893 0.1019004 0.0228105 0.0969403 0.1033076 0.1203175 0.0951579 0.0398802 0.0855840 0.0988075 0.0201640 0.0738792 0.0668489 0.0656990 0.0689263 0.0876597 0.1023394 0.0845156 
Potoroidae_Bettongia_lesueur                 0.0549159 0.0774155 0.0784932 0.0011188 0.0000000 0.1062076 0.0972736 0.0578942 0.0070766 0.0814217 0.0804051 0.1003725 0.1092866 0.0793832 0.0825801 0.1001638 0.1022805 0.0997952 0.1008025 0.0248405 0.1006437 0.1026632 0.1239919 0.0959719 0.0404916 0.0844624 0.1002384 0.0222628 0.0738110 0.0685127 0.0647463 0.0703382 0.0855258 0.1026415 0.0834941 
Dasyuridae_Dasyurus_maculatus                0.0817980 0.1020356 0.0845429 0.1059265 0.1062076 0.0000000 0.1277816 0.0848160 0.1136726 0.0949132 0.1057988 0.0235946 0.0273844 0.1098847 0.1201404 0.0228518 0.0023450 0.0224196 0.1138947 0.1044410 0.1293437 0.1114597 0.1429786 0.0184043 0.0934236 0.0938846 0.1419562 0.1028560 0.0973572 0.1028455 0.0952835 0.0985093 0.0980090 0.0011131 0.0981119 
Phalangeridae_Trichosurus_vulpecula          0.0640370 0.0891766 0.0964333 0.0924466 0.0972736 0.1277816 0.0000000 0.0451345 0.1046914 0.1085031 0.0411563 0.1240044 0.1333146 0.0409448 0.0946210 0.1225586 0.1245856 0.1187415 0.1236706 0.0926725 0.1133989 0.1392437 0.1686718 0.1022579 0.0871665 0.1148676 0.1242964 0.0907651 0.0984625 0.0879146 0.0826514 0.0345427 0.1177012 0.1238110 0.1096108 
Phalangeridae_Spilocuscus_maculatus          0.0323261 0.0688246 0.0592180 0.0554810 0.0578942 0.0848160 0.0451345 0.0000000 0.0632057 0.0643926 0.0237744 0.0806734 0.0866165 0.0222640 0.0662360 0.0784391 0.0819407 0.0776407 0.0755564 0.0545074 0.0820615 0.0945194 0.1167539 0.0735330 0.0508942 0.0656607 0.0835894 0.0562926 0.0539380 0.0514253 0.0433030 0.0134410 0.0724958 0.0814896 0.0683868 
Potoroidae_Aepyprymnus_rufescens             0.0602557 0.0863704 0.0833310 0.0036207 0.0070766 0.1136726 0.1046914 0.0632057 0.0000000 0.0888771 0.0844556 0.1092011 0.1168726 0.0822527 0.0860040 0.1089708 0.1096905 0.1058486 0.1083640 0.0269447 0.1069193 0.1068860 0.1271038 0.1034962 0.0460005 0.0910660 0.1066904 0.0243770 0.0801568 0.0744125 0.0707234 0.0730927 0.0943006 0.1100095 0.0910097 
Peramelidae_Perameles_nasuta                 0.0656954 0.0834292 0.0755503 0.0824428 0.0814217 0.0949132 0.1085031 0.0643926 0.0888771 0.0000000 0.0866857 0.0898693 0.0957555 0.0888451 0.1016467 0.0897434 0.0919462 0.0898984 0.0233262 0.0842823 0.1217736 0.1004468 0.1271005 0.0834733 0.0819424 0.0813397 0.1237698 0.0836372 0.0867984 0.0834973 0.0786785 0.0782467 0.0133667 0.0913719 0.0006362 
Phalangeridae_Strigocuscus_pelengensis       0.0513560 0.0899892 0.0792478 0.0789632 0.0804051 0.1057988 0.0411563 0.0237744 0.0844556 0.0866857 0.0000000 0.1012398 0.1079806 0.0117664 0.0802074 0.0987143 0.1025909 0.0939117 0.1019072 0.0776586 0.1044241 0.1197774 0.1430532 0.0891073 0.0733833 0.0914303 0.1060114 0.0798210 0.0707394 0.0738218 0.0677061 0.0036822 0.0997784 0.1020579 0.0894157 
Dasyuridae_Phascogale_tapoatafa              0.0774322 0.1017419 0.0787239 0.1015155 0.1003725 0.0235946 0.1240044 0.0806734 0.1092011 0.0898693 0.1012398 0.0000000 0.0244312 0.1043395 0.1137380 0.0005455 0.0229283 0.0216650 0.1054630 0.0990101 0.1250894 0.1137988 0.1410564 0.0060953 0.0912470 0.0856562 0.1376073 0.0961654 0.0902715 0.0982543 0.0905077 0.0931647 0.0929261 0.0214364 0.0930841 
Dasyuridae_Sminthopsis_macroura              0.0843277 0.1073187 0.0902402 0.1090228 0.1092866 0.0273844 0.1333146 0.0866165 0.1168726 0.0957555 0.1079806 0.0244312 0.0000000 0.1120514 0.1235056 0.0236831 0.0295344 0.0152289 0.1127828 0.1083544 0.1358095 0.1232774 0.1490588 0.0214528 0.0992883 0.1000285 0.1503097 0.1067623 0.1002525 0.1070086 0.0991026 0.1004965 0.0991753 0.0251877 0.0989805 
Phalangeridae_Phalanger_orientalis           0.0516795 0.0918444 0.0785702 0.0779326 0.0793832 0.1098847 0.0409448 0.0222640 0.0822527 0.0888451 0.0117664 0.1043395 0.1120514 0.0000000 0.0778917 0.1041168 0.1056306 0.0997790 0.1078521 0.0766598 0.1044172 0.1224090 0.1406107 0.0948287 0.0726052 0.0916778 0.1015186 0.0788913 0.0769217 0.0763831 0.0646413 0.0011070 0.1000615 0.1062173 0.0910672 
Acrobatidae_Acrobates_pygmaeus               0.0650228 0.1017873 0.0936487 0.0836565 0.0825801 0.1201404 0.0946210 0.0662360 0.0860040 0.1016467 0.0802074 0.1137380 0.1235056 0.0778917 0.0000000 0.1134814 0.1146231 0.1137161 0.1176738 0.0857776 0.0971981 0.1302717 0.1569136 0.1102089 0.0799636 0.0974056 0.0977087 0.0824987 0.0680312 0.0720604 0.0442420 0.0707037 0.1094779 0.1139133 0.1044858 
Dasyuridae_Phascogale_calura                 0.0752042 0.1016233 0.0775703 0.1001712 0.1001638 0.0228518 0.1225586 0.0784391 0.1089708 0.0897434 0.0987143 0.0005455 0.0236831 0.1041168 0.1134814 0.0000000 0.0221845 0.0193049 0.1053117 0.0988057 0.1223945 0.1124404 0.1395254 0.0046678 0.0900330 0.0844172 0.1321111 0.0972229 0.0868673 0.0946963 0.0892939 0.0929724 0.0927897 0.0206933 0.0929542 
Dasyuridae_Sarcophilus_harrisii              0.0788995 0.0978086 0.0820708 0.1019741 0.1022805 0.0023450 0.1245856 0.0819407 0.1096905 0.0919462 0.1025909 0.0229283 0.0295344 0.1056306 0.1146231 0.0221845 0.0000000 0.0231998 0.1108353 0.1005174 0.1251595 0.1083137 0.1403543 0.0191658 0.0895876 0.0905209 0.1407654 0.0989265 0.0922520 0.0986305 0.0923953 0.0955613 0.0961644 0.0012777 0.0951558 
Dasyuridae_Planigale_tenuirostris            0.0715033 0.1032550 0.0876269 0.0979893 0.0997952 0.0224196 0.1187415 0.0776407 0.1058486 0.0898984 0.0939117 0.0216650 0.0152289 0.0997790 0.1137161 0.0193049 0.0231998 0.0000000 0.1082628 0.0992007 0.1221926 0.1142994 0.1473249 0.0181293 0.0887745 0.0897008 0.1350314 0.0979484 0.0883561 0.0950994 0.0884176 0.0870650 0.0927579 0.0208403 0.0941199 
Peramelidae_Echymipera_kalubu                0.0839945 0.0979771 0.0933012 0.1019004 0.1008025 0.1138947 0.1236706 0.0755564 0.1083640 0.0233262 0.1019072 0.1054630 0.1127828 0.1078521 0.1176738 0.1053117 0.1108353 0.1082628 0.0000000 0.1036149 0.1356348 0.1150957 0.1427440 0.1000172 0.0971969 0.0949447 0.1428134 0.1018796 0.1023174 0.1009943 0.0895737 0.0955829 0.0155872 0.1101739 0.0253878 
Macropodidae_Dorcopsulus_vanheurni           0.0542217 0.0878324 0.0785845 0.0228105 0.0248405 0.1044410 0.0926725 0.0545074 0.0269447 0.0842823 0.0776586 0.0990101 0.1083544 0.0766598 0.0857776 0.0988057 0.1005174 0.0992007 0.1036149 0.0000000 0.1035188 0.1084125 0.1296437 0.0933320 0.0420571 0.0914423 0.1039858 0.0059619 0.0790762 0.0703226 0.0695293 0.0677155 0.0905223 0.1008893 0.0873420 
Pseudochiridae_Pseudochirulus_forbesi        0.0769098 0.1187932 0.1087707 0.0969403 0.1006437 0.1293437 0.1133989 0.0820615 0.1069193 0.1217736 0.1044241 0.1250894 0.1358095 0.1044172 0.0971981 0.1223945 0.1251595 0.1221926 0.1356348 0.1035188 0.0000000 0.1429539 0.1685705 0.1175077 0.0972841 0.1180666 0.0638861 0.1013723 0.0426146 0.0818700 0.0741026 0.0944675 0.1243218 0.1264730 0.1237055 
Didelphidae_Didelphis_virginiana             0.0967362 0.1121539 0.0962264 0.1033076 0.1026632 0.1114597 0.1392437 0.0945194 0.1068860 0.1004468 0.1197774 0.1137988 0.1232774 0.1224090 0.1302717 0.1124404 0.1083137 0.1142994 0.1150957 0.1084125 0.1429539 0.0000000 0.0399312 0.1087594 0.1065723 0.1040872 0.1536701 0.1054368 0.1088208 0.1116162 0.0994721 0.1099206 0.1079236 0.1099581 0.1046927 
Marmosidae_Monodelphis_domestica             0.1208182 0.1437949 0.1228314 0.1203175 0.1239919 0.1429786 0.1686718 0.1167539 0.1271038 0.1271005 0.1430532 0.1410564 0.1490588 0.1406107 0.1569136 0.1395254 0.1403543 0.1473249 0.1427440 0.1296437 0.1685705 0.0399312 0.0000000 0.1320955 0.1305908 0.1286131 0.1771838 0.1283706 0.1333508 0.1364974 0.1213465 0.1305580 0.1338582 0.1423148 0.1303565 
Dasyuridae_Antechinus_stuartii               0.0690196 0.0910823 0.0789425 0.0951579 0.0959719 0.0184043 0.1022579 0.0735330 0.1034962 0.0834733 0.0891073 0.0060953 0.0214528 0.0948287 0.1102089 0.0046678 0.0191658 0.0181293 0.1000172 0.0933320 0.1175077 0.1087594 0.1320955 0.0000000 0.0821338 0.0850197 0.1314639 0.0913598 0.0850169 0.0913552 0.0870422 0.0837699 0.0877612 0.0175901 0.0885357 
Hypsiprymnodontidae_Hypsiprymnodon_moschatus 0.0450008 0.0830778 0.0721427 0.0398802 0.0404916 0.0934236 0.0871665 0.0508942 0.0460005 0.0819424 0.0733833 0.0912470 0.0992883 0.0726052 0.0799636 0.0900330 0.0895876 0.0887745 0.0971969 0.0420571 0.0972841 0.1065723 0.1305908 0.0821338 0.0000000 0.0796933 0.0993810 0.0416072 0.0695597 0.0628202 0.0580246 0.0629017 0.0868031 0.0900416 0.0844663 
Microbiotheriidae_Dromiciops_gliroides       0.0676634 0.0768792 0.0765401 0.0855840 0.0844624 0.0938846 0.1148676 0.0656607 0.0910660 0.0813397 0.0914303 0.0856562 0.1000285 0.0916778 0.0974056 0.0844172 0.0905209 0.0897008 0.0949447 0.0914423 0.1180666 0.1040872 0.1286131 0.0850197 0.0796933 0.0000000 0.1188159 0.0886128 0.0836045 0.0775267 0.0753354 0.0780061 0.0865380 0.0913352 0.0842078 
Pseudochiridae_Petauroides_volans            0.0824933 0.1382115 0.1093121 0.0988075 0.1002384 0.1419562 0.1242964 0.0835894 0.1066904 0.1237698 0.1060114 0.1376073 0.1503097 0.1015186 0.0977087 0.1321111 0.1407654 0.1350314 0.1428134 0.1039858 0.0638861 0.1536701 0.1771838 0.1314639 0.0993810 0.1188159 0.0000000 0.1053619 0.0619803 0.0877736 0.0825249 0.0936257 0.1293980 0.1398680 0.1264517 
Macropodidae_Wallabia_bicolor                0.0516236 0.0809316 0.0723162 0.0201640 0.0222628 0.1028560 0.0907651 0.0562926 0.0243770 0.0836372 0.0798210 0.0961654 0.1067623 0.0788913 0.0824987 0.0972229 0.0989265 0.0979484 0.1018796 0.0059619 0.1013723 0.1054368 0.1283706 0.0913598 0.0416072 0.0886128 0.1053619 0.0000000 0.0759214 0.0678731 0.0647329 0.0698181 0.0897895 0.0993342 0.0867098 
Pseudochiridae_Pseudocheirus_occidentalis    0.0520327 0.0888765 0.0740342 0.0738792 0.0738110 0.0973572 0.0984625 0.0539380 0.0801568 0.0867984 0.0707394 0.0902715 0.1002525 0.0769217 0.0680312 0.0868673 0.0922520 0.0883561 0.1023174 0.0790762 0.0426146 0.1088208 0.1333508 0.0850169 0.0695597 0.0836045 0.0619803 0.0759214 0.0000000 0.0552194 0.0432467 0.0670088 0.0887189 0.0948400 0.0889447 
Tarsipedidae_Tarsipes_rostratus              0.0531793 0.0877447 0.0769625 0.0668489 0.0685127 0.1028455 0.0879146 0.0514253 0.0744125 0.0834973 0.0738218 0.0982543 0.1070086 0.0763831 0.0720604 0.0946963 0.0986305 0.0950994 0.1009943 0.0703226 0.0818700 0.1116162 0.1364974 0.0913552 0.0628202 0.0775267 0.0877736 0.0678731 0.0552194 0.0000000 0.0490381 0.0653906 0.0928618 0.0991697 0.0883609 
Acrobatidae_Distoechurus_pennatus            0.0473673 0.0811423 0.0670413 0.0656990 0.0647463 0.0952835 0.0826514 0.0433030 0.0707234 0.0786785 0.0677061 0.0905077 0.0991026 0.0646413 0.0442420 0.0892939 0.0923953 0.0884176 0.0895737 0.0695293 0.0741026 0.0994721 0.1213465 0.0870422 0.0580246 0.0753354 0.0825249 0.0647329 0.0432467 0.0490381 0.0000000 0.0544859 0.0825620 0.0918786 0.0808495 
Phalangeridae_Phalanger_carmelitae           0.0437701 0.0794014 0.0707173 0.0689263 0.0703382 0.0985093 0.0345427 0.0134410 0.0730927 0.0782467 0.0036822 0.0931647 0.1004965 0.0011070 0.0707037 0.0929724 0.0955613 0.0870650 0.0955829 0.0677155 0.0944675 0.1099206 0.1305580 0.0837699 0.0629017 0.0780061 0.0936257 0.0698181 0.0670088 0.0653906 0.0544859 0.0000000 0.0874621 0.0950147 0.0794975 
Peramelidae_Peroryctes_raffrayana            0.0700797 0.0963301 0.0800178 0.0876597 0.0855258 0.0980090 0.1177012 0.0724958 0.0943006 0.0133667 0.0997784 0.0929261 0.0991753 0.1000615 0.1094779 0.0927897 0.0961644 0.0927579 0.0155872 0.0905223 0.1243218 0.1079236 0.1338582 0.0877612 0.0868031 0.0865380 0.1293980 0.0897895 0.0887189 0.0928618 0.0825620 0.0874621 0.0000000 0.0954938 0.0182495 
Dasyuridae_Dasyurus_geffroii                 0.0784636 0.0978896 0.0812171 0.1023394 0.1026415 0.0011131 0.1238110 0.0814896 0.1100095 0.0913719 0.1020579 0.0214364 0.0251877 0.1062173 0.1139133 0.0206933 0.0012777 0.0208403 0.1101739 0.1008893 0.1264730 0.1099581 0.1423148 0.0175901 0.0900416 0.0913352 0.1398680 0.0993342 0.0948400 0.0991697 0.0918786 0.0950147 0.0954938 0.0000000 0.0945621 
Peramelidae_Perameles_gunnii                 0.0683068 0.0886217 0.0773409 0.0845156 0.0834941 0.0981119 0.1096108 0.0683868 0.0910097 0.0006362 0.0894157 0.0930841 0.0989805 0.0910672 0.1044858 0.0929542 0.0951558 0.0941199 0.0253878 0.0873420 0.1237055 0.1046927 0.1303565 0.0885357 0.0844663 0.0842078 0.1264517 0.0867098 0.0889447 0.0883609 0.0808495 0.0794975 0.0182495 0.0945621 0.0000000 
