43
croc_TJD307_ND4 0.0000000 0.0620535 0.0620535 0.0647807 0.0625069 0.0611047 0.0677865 0.0677865 0.0679827 0.0651012 0.0679193 0.0692245 0.0678699 0.0678847 0.0678799 0.0624085 0.0624085 0.0610209 0.0610209 0.0678079 0.0678079 0.0692014 0.0650881 0.0663852 0.0663852 0.0650374 0.0650374 0.0650374 0.0650374 0.0650374 0.0646948 0.0646948 0.0677980 0.0677980 0.0650374 0.0664237 0.0650279 0.0702656 0.0702656 0.0716718 0.0665075 0.0665075 0.0679283 
MVZ229220_ND4   0.0620535 0.0000000 0.0000010 0.0024442 0.0354954 0.0341746 0.0353275 0.0353275 0.0339550 0.0338981 0.0352119 0.0351820 0.0339018 0.0351950 0.0351927 0.0339276 0.0339276 0.0352142 0.0352142 0.0352180 0.0352180 0.0339254 0.0326467 0.0339018 0.0339018 0.0339069 0.0326234 0.0326234 0.0326234 0.0326632 0.0313467 0.0313467 0.0352127 0.0352127 0.0326234 0.0339202 0.0326184 0.0417177 0.0417177 0.0430425 0.0391009 0.0391009 0.0378162 
SDFIELD1167_ND4 0.0620535 0.0000010 0.0000000 0.0024442 0.0354954 0.0341746 0.0353275 0.0353275 0.0339550 0.0338981 0.0352119 0.0351820 0.0339018 0.0351950 0.0351927 0.0339276 0.0339276 0.0352142 0.0352142 0.0352180 0.0352180 0.0339254 0.0326467 0.0339018 0.0339018 0.0339069 0.0326234 0.0326234 0.0326234 0.0326632 0.0313467 0.0313467 0.0352127 0.0352127 0.0326234 0.0339202 0.0326184 0.0417177 0.0417177 0.0430425 0.0391009 0.0391009 0.0378162 
SDFIELD1343_ND4 0.0647807 0.0024442 0.0024442 0.0000000 0.0381094 0.0367816 0.0379307 0.0379307 0.0365469 0.0364854 0.0378063 0.0377742 0.0364894 0.0377881 0.0377856 0.0365173 0.0365173 0.0378088 0.0378088 0.0378130 0.0378130 0.0365149 0.0352319 0.0364894 0.0364894 0.0364950 0.0352065 0.0352065 0.0352065 0.0352496 0.0339254 0.0339254 0.0378073 0.0378073 0.0352065 0.0365094 0.0352012 0.0443398 0.0443398 0.0456711 0.0417114 0.0417114 0.0404224 
TJD273_ND4      0.0625069 0.0354954 0.0354954 0.0381094 0.0000000 0.0012191 0.0369228 0.0369228 0.0342165 0.0315584 0.0302790 0.0302527 0.0289728 0.0289796 0.0289777 0.0289949 0.0289949 0.0302805 0.0302805 0.0302837 0.0302837 0.0341865 0.0303007 0.0315618 0.0315618 0.0289777 0.0302790 0.0302790 0.0302790 0.0303162 0.0289979 0.0289979 0.0328751 0.0328751 0.0328751 0.0341805 0.0328694 0.0367742 0.0367742 0.0380949 0.0341625 0.0341625 0.0328780 
TJD300_ND4      0.0611047 0.0341746 0.0341746 0.0367816 0.0012191 0.0000000 0.0382220 0.0382220 0.0328981 0.0302495 0.0289728 0.0289476 0.0276706 0.0276771 0.0276753 0.0276917 0.0276917 0.0289742 0.0289742 0.0315667 0.0315667 0.0328694 0.0289935 0.0302527 0.0302527 0.0276753 0.0289728 0.0289728 0.0289728 0.0290083 0.0276946 0.0276946 0.0315618 0.0315618 0.0315618 0.0328636 0.0315563 0.0354510 0.0354510 0.0367677 0.0328463 0.0328463 0.0315646 
SDFIELD573_ND4  0.0677865 0.0353275 0.0353275 0.0379307 0.0369228 0.0382220 0.0000000 0.0000010 0.0250348 0.0249934 0.0237297 0.0262641 0.0249960 0.0237185 0.0237170 0.0250149 0.0250149 0.0237312 0.0237312 0.0237334 0.0237334 0.0224617 0.0263049 0.0249960 0.0249960 0.0224497 0.0237297 0.0237297 0.0237297 0.0224890 0.0224652 0.0224652 0.0262867 0.0262867 0.0237297 0.0262823 0.0249960 0.0301306 0.0301306 0.0314299 0.0275577 0.0275577 0.0262891 
SDFIELD574_ND4  0.0677865 0.0353275 0.0353275 0.0379307 0.0369228 0.0382220 0.0000010 0.0000000 0.0250348 0.0249934 0.0237297 0.0262641 0.0249960 0.0237185 0.0237170 0.0250149 0.0250149 0.0237312 0.0237312 0.0237334 0.0237334 0.0224617 0.0263049 0.0249960 0.0249960 0.0224497 0.0237297 0.0237297 0.0237297 0.0224890 0.0224652 0.0224652 0.0262867 0.0262867 0.0237297 0.0262823 0.0249960 0.0301306 0.0301306 0.0314299 0.0275577 0.0275577 0.0262891 
SDFIELD1158_ND4 0.0679827 0.0339550 0.0339550 0.0365469 0.0342165 0.0328981 0.0250348 0.0250348 0.0000000 0.0073568 0.0085967 0.0085896 0.0073575 0.0085928 0.0085922 0.0073629 0.0073629 0.0085972 0.0085972 0.0085980 0.0085980 0.0098381 0.0086024 0.0073575 0.0073575 0.0073586 0.0061271 0.0061271 0.0061271 0.0061344 0.0073636 0.0073636 0.0061271 0.0061271 0.0061271 0.0098366 0.0085954 0.0198368 0.0198368 0.0211055 0.0148121 0.0148121 0.0110601 
TJD458_ND4      0.0651012 0.0338981 0.0338981 0.0364854 0.0315584 0.0302495 0.0249934 0.0249934 0.0073568 0.0000000 0.0085830 0.0061123 0.0048866 0.0085791 0.0085786 0.0048901 0.0048901 0.0061178 0.0061178 0.0085843 0.0085843 0.0098224 0.0085888 0.0073458 0.0073458 0.0073470 0.0061174 0.0061174 0.0061174 0.0061247 0.0073519 0.0073519 0.0085830 0.0085830 0.0061174 0.0098209 0.0085817 0.0198048 0.0198048 0.0210714 0.0147883 0.0147883 0.0135480 
TJD434_ND4      0.0679193 0.0352119 0.0352119 0.0378063 0.0302790 0.0289728 0.0237297 0.0237297 0.0085967 0.0085830 0.0000000 0.0048820 0.0036585 0.0048889 0.0048886 0.0061225 0.0061225 0.0073531 0.0073531 0.0073537 0.0073537 0.0085896 0.0073575 0.0061180 0.0061180 0.0036634 0.0048911 0.0048911 0.0048911 0.0048969 0.0061230 0.0061230 0.0073526 0.0073526 0.0073526 0.0085883 0.0073515 0.0160465 0.0160465 0.0173044 0.0110605 0.0110605 0.0098258 
TJD455_ND4      0.0692245 0.0351820 0.0351820 0.0377742 0.0302527 0.0289476 0.0262641 0.0262641 0.0085896 0.0061123 0.0048820 0.0000000 0.0012160 0.0073432 0.0073427 0.0061174 0.0061174 0.0073470 0.0073470 0.0073476 0.0073476 0.0085825 0.0073514 0.0061129 0.0061129 0.0061139 0.0048870 0.0048870 0.0048870 0.0048929 0.0061179 0.0061179 0.0073465 0.0073465 0.0073465 0.0085812 0.0073454 0.0185405 0.0185405 0.0198036 0.0135367 0.0135367 0.0122989 
TJD457_ND4      0.0678699 0.0339018 0.0339018 0.0364894 0.0289728 0.0276706 0.0249960 0.0249960 0.0073575 0.0048866 0.0036585 0.0012160 0.0000000 0.0061152 0.0061148 0.0048906 0.0048906 0.0061183 0.0061183 0.0061189 0.0061189 0.0073514 0.0061221 0.0048870 0.0048870 0.0048878 0.0036628 0.0036628 0.0036628 0.0036672 0.0048911 0.0048911 0.0061179 0.0061179 0.0061179 0.0073503 0.0061170 0.0172927 0.0172927 0.0185531 0.0122978 0.0122978 0.0110615 
TJD438_ND4      0.0678847 0.0351950 0.0351950 0.0377881 0.0289796 0.0276771 0.0237185 0.0237185 0.0085928 0.0085791 0.0048889 0.0073432 0.0061152 0.0000000 0.0024370 0.0061197 0.0061197 0.0073497 0.0073497 0.0073504 0.0073504 0.0085857 0.0073542 0.0061152 0.0061152 0.0036617 0.0048889 0.0048889 0.0048889 0.0048947 0.0061202 0.0061202 0.0073492 0.0073492 0.0073492 0.0085844 0.0073481 0.0160391 0.0160391 0.0172964 0.0110554 0.0110554 0.0098213 
TJD439_ND4      0.0678799 0.0351927 0.0351927 0.0377856 0.0289777 0.0276753 0.0237170 0.0237170 0.0085922 0.0085786 0.0048886 0.0073427 0.0061148 0.0024370 0.0000000 0.0061193 0.0061193 0.0073493 0.0073493 0.0073499 0.0073499 0.0085852 0.0073537 0.0061148 0.0061148 0.0036615 0.0048886 0.0048886 0.0048886 0.0048944 0.0061199 0.0061199 0.0073488 0.0073488 0.0073488 0.0085838 0.0073477 0.0160381 0.0160381 0.0172953 0.0110547 0.0110547 0.0098207 
TJD358_ND4      0.0624085 0.0339276 0.0339276 0.0365173 0.0289949 0.0276917 0.0250149 0.0250149 0.0073629 0.0048901 0.0061225 0.0061174 0.0048906 0.0061197 0.0061193 0.0000000 0.0000010 0.0012193 0.0012193 0.0061234 0.0061234 0.0073568 0.0061265 0.0048906 0.0048906 0.0048914 0.0036655 0.0036655 0.0036655 0.0036699 0.0048946 0.0048946 0.0061224 0.0061224 0.0061224 0.0073557 0.0061215 0.0173054 0.0173054 0.0185668 0.0123068 0.0123068 0.0110697 
TJD359_ND4      0.0624085 0.0339276 0.0339276 0.0365173 0.0289949 0.0276917 0.0250149 0.0250149 0.0073629 0.0048901 0.0061225 0.0061174 0.0048906 0.0061197 0.0061193 0.0000010 0.0000000 0.0012193 0.0012193 0.0061234 0.0061234 0.0073568 0.0061265 0.0048906 0.0048906 0.0048914 0.0036655 0.0036655 0.0036655 0.0036699 0.0048946 0.0048946 0.0061224 0.0061224 0.0061224 0.0073557 0.0061215 0.0173054 0.0173054 0.0185668 0.0123068 0.0123068 0.0110697 
TJD369_ND4      0.0610209 0.0352142 0.0352142 0.0378088 0.0302805 0.0289742 0.0237312 0.0237312 0.0085972 0.0061178 0.0073531 0.0073470 0.0061183 0.0073497 0.0073493 0.0012193 0.0012193 0.0000000 0.0000010 0.0073542 0.0073542 0.0085901 0.0073580 0.0061183 0.0061183 0.0061193 0.0048914 0.0048914 0.0048914 0.0048972 0.0061234 0.0061234 0.0073530 0.0073530 0.0073530 0.0085888 0.0073519 0.0185571 0.0185571 0.0198213 0.0135488 0.0135488 0.0123099 
TJD377_ND4      0.0610209 0.0352142 0.0352142 0.0378088 0.0302805 0.0289742 0.0237312 0.0237312 0.0085972 0.0061178 0.0073531 0.0073470 0.0061183 0.0073497 0.0073493 0.0012193 0.0012193 0.0000010 0.0000000 0.0073542 0.0073542 0.0085901 0.0073580 0.0061183 0.0061183 0.0061193 0.0048914 0.0048914 0.0048914 0.0048972 0.0061234 0.0061234 0.0073530 0.0073530 0.0073530 0.0085888 0.0073519 0.0185571 0.0185571 0.0198213 0.0135488 0.0135488 0.0123099 
TJD460_ND4      0.0678079 0.0352180 0.0352180 0.0378130 0.0302837 0.0315667 0.0237334 0.0237334 0.0085980 0.0085843 0.0073537 0.0073476 0.0061189 0.0073504 0.0073499 0.0061234 0.0061234 0.0073542 0.0073542 0.0000000 0.0000010 0.0061162 0.0048897 0.0036585 0.0036585 0.0036599 0.0024370 0.0024370 0.0024370 0.0024400 0.0036623 0.0036623 0.0048864 0.0048864 0.0048864 0.0061153 0.0048857 0.0185589 0.0185589 0.0198232 0.0135501 0.0135501 0.0123110 
TJD462_ND4      0.0678079 0.0352180 0.0352180 0.0378130 0.0302837 0.0315667 0.0237334 0.0237334 0.0085980 0.0085843 0.0073537 0.0073476 0.0061189 0.0073504 0.0073499 0.0061234 0.0061234 0.0073542 0.0073542 0.0000010 0.0000000 0.0061162 0.0048897 0.0036585 0.0036585 0.0036599 0.0024370 0.0024370 0.0024370 0.0024400 0.0036623 0.0036623 0.0048864 0.0048864 0.0048864 0.0061153 0.0048857 0.0185589 0.0185589 0.0198232 0.0135501 0.0135501 0.0123110 
MVZ236191_ND4   0.0692014 0.0339254 0.0339254 0.0365149 0.0341865 0.0328694 0.0224617 0.0224617 0.0098381 0.0098224 0.0085896 0.0085825 0.0073514 0.0085857 0.0085852 0.0073568 0.0073568 0.0085901 0.0085901 0.0061162 0.0061162 0.0000000 0.0061194 0.0024370 0.0024370 0.0048857 0.0036612 0.0036612 0.0036612 0.0036656 0.0048889 0.0048889 0.0061153 0.0061153 0.0061153 0.0073471 0.0061143 0.0198202 0.0198202 0.0210877 0.0147997 0.0147997 0.0135584 
TJD459_ND4      0.0650881 0.0326467 0.0326467 0.0352319 0.0303007 0.0289935 0.0263049 0.0263049 0.0086024 0.0085888 0.0073575 0.0073514 0.0061221 0.0073542 0.0073537 0.0061265 0.0061265 0.0073580 0.0073580 0.0048897 0.0048897 0.0061194 0.0000000 0.0036612 0.0036612 0.0036618 0.0024392 0.0024392 0.0024392 0.0024421 0.0036642 0.0036642 0.0048889 0.0048889 0.0048889 0.0061184 0.0048882 0.0185686 0.0185686 0.0198336 0.0135572 0.0135572 0.0123174 
TJD464_ND4      0.0663852 0.0339018 0.0339018 0.0364894 0.0315618 0.0302527 0.0249960 0.0249960 0.0073575 0.0073458 0.0061180 0.0061129 0.0048870 0.0061152 0.0061148 0.0048906 0.0048906 0.0061183 0.0061183 0.0036585 0.0036585 0.0024370 0.0036612 0.0000000 0.0000010 0.0024359 0.0012175 0.0012175 0.0012175 0.0012190 0.0024370 0.0024370 0.0036585 0.0036585 0.0036585 0.0048842 0.0036585 0.0172927 0.0172927 0.0185531 0.0122978 0.0122978 0.0110615 
TJD465_ND4      0.0663852 0.0339018 0.0339018 0.0364894 0.0315618 0.0302527 0.0249960 0.0249960 0.0073575 0.0073458 0.0061180 0.0061129 0.0048870 0.0061152 0.0061148 0.0048906 0.0048906 0.0061183 0.0061183 0.0036585 0.0036585 0.0024370 0.0036612 0.0000010 0.0000000 0.0024359 0.0012175 0.0012175 0.0012175 0.0012190 0.0024370 0.0024370 0.0036585 0.0036585 0.0036585 0.0048842 0.0036585 0.0172927 0.0172927 0.0185531 0.0122978 0.0122978 0.0110615 
MVZ207642_ND4   0.0650374 0.0339069 0.0339069 0.0364950 0.0289777 0.0276753 0.0224497 0.0224497 0.0073586 0.0073470 0.0036634 0.0061139 0.0048878 0.0036617 0.0036615 0.0048914 0.0048914 0.0061193 0.0061193 0.0036599 0.0036599 0.0048857 0.0036618 0.0024359 0.0024359 0.0000000 0.0012175 0.0012175 0.0012175 0.0012190 0.0024370 0.0024370 0.0036585 0.0036585 0.0036585 0.0048849 0.0036585 0.0147920 0.0147920 0.0160465 0.0098183 0.0098183 0.0085860 
MVZ195628_ND4   0.0650374 0.0326234 0.0326234 0.0352065 0.0302790 0.0289728 0.0237297 0.0237297 0.0061271 0.0061174 0.0048911 0.0048870 0.0036628 0.0048889 0.0048886 0.0036655 0.0036655 0.0048914 0.0048914 0.0024370 0.0024370 0.0036612 0.0024392 0.0012175 0.0012175 0.0012175 0.0000000 0.0000010 0.0000010 0.0000010 0.0012175 0.0012175 0.0024370 0.0024370 0.0024370 0.0036607 0.0024370 0.0160465 0.0160465 0.0173044 0.0110605 0.0110605 0.0098258 
MVZ207643_ND4   0.0650374 0.0326234 0.0326234 0.0352065 0.0302790 0.0289728 0.0237297 0.0237297 0.0061271 0.0061174 0.0048911 0.0048870 0.0036628 0.0048889 0.0048886 0.0036655 0.0036655 0.0048914 0.0048914 0.0024370 0.0024370 0.0036612 0.0024392 0.0012175 0.0012175 0.0012175 0.0000010 0.0000000 0.0000010 0.0000010 0.0012175 0.0012175 0.0024370 0.0024370 0.0024370 0.0036607 0.0024370 0.0160465 0.0160465 0.0173044 0.0110605 0.0110605 0.0098258 
TJD454_ND4      0.0650374 0.0326234 0.0326234 0.0352065 0.0302790 0.0289728 0.0237297 0.0237297 0.0061271 0.0061174 0.0048911 0.0048870 0.0036628 0.0048889 0.0048886 0.0036655 0.0036655 0.0048914 0.0048914 0.0024370 0.0024370 0.0036612 0.0024392 0.0012175 0.0012175 0.0012175 0.0000010 0.0000010 0.0000000 0.0000010 0.0012161 0.0012175 0.0024370 0.0024370 0.0024370 0.0036607 0.0024370 0.0160465 0.0160465 0.0173044 0.0110605 0.0110605 0.0098258 
TJD456_ND4      0.0650374 0.0326632 0.0326632 0.0352496 0.0303162 0.0290083 0.0224890 0.0224890 0.0061344 0.0061247 0.0048969 0.0048929 0.0036672 0.0048947 0.0048944 0.0036699 0.0036699 0.0048972 0.0048972 0.0024400 0.0024400 0.0036656 0.0024421 0.0012190 0.0012190 0.0012190 0.0000010 0.0000010 0.0000010 0.0000000 0.0012190 0.0012190 0.0024400 0.0024400 0.0024400 0.0036650 0.0024400 0.0160658 0.0160658 0.0173253 0.0110738 0.0110738 0.0098376 
TJD452_ND4      0.0646948 0.0313467 0.0313467 0.0339254 0.0289979 0.0276946 0.0224652 0.0224652 0.0073636 0.0073519 0.0061230 0.0061179 0.0048911 0.0061202 0.0061199 0.0048946 0.0048946 0.0061234 0.0061234 0.0036623 0.0036623 0.0048889 0.0036642 0.0024370 0.0024370 0.0024370 0.0012175 0.0012175 0.0012161 0.0012190 0.0000000 0.0000010 0.0036618 0.0036618 0.0036618 0.0048882 0.0036612 0.0148020 0.0148020 0.0160573 0.0123080 0.0123080 0.0110707 
TJD453_ND4      0.0646948 0.0313467 0.0313467 0.0339254 0.0289979 0.0276946 0.0224652 0.0224652 0.0073636 0.0073519 0.0061230 0.0061179 0.0048911 0.0061202 0.0061199 0.0048946 0.0048946 0.0061234 0.0061234 0.0036623 0.0036623 0.0048889 0.0036642 0.0024370 0.0024370 0.0024370 0.0012175 0.0012175 0.0012175 0.0012190 0.0000010 0.0000000 0.0036618 0.0036618 0.0036618 0.0048882 0.0036612 0.0148020 0.0148020 0.0160573 0.0123080 0.0123080 0.0110707 
TJD445_ND4      0.0677980 0.0352127 0.0352127 0.0378073 0.0328751 0.0315618 0.0262867 0.0262867 0.0061271 0.0085830 0.0073526 0.0073465 0.0061179 0.0073492 0.0073488 0.0061224 0.0061224 0.0073530 0.0073530 0.0048864 0.0048864 0.0061153 0.0048889 0.0036585 0.0036585 0.0036585 0.0024370 0.0024370 0.0024370 0.0024400 0.0036618 0.0036618 0.0000000 0.0000010 0.0024370 0.0036607 0.0024370 0.0185561 0.0185561 0.0198202 0.0135480 0.0135480 0.0123091 
TJD497_ND4      0.0677980 0.0352127 0.0352127 0.0378073 0.0328751 0.0315618 0.0262867 0.0262867 0.0061271 0.0085830 0.0073526 0.0073465 0.0061179 0.0073492 0.0073488 0.0061224 0.0061224 0.0073530 0.0073530 0.0048864 0.0048864 0.0061153 0.0048889 0.0036585 0.0036585 0.0036585 0.0024370 0.0024370 0.0024370 0.0024400 0.0036618 0.0036618 0.0000010 0.0000000 0.0024370 0.0036607 0.0024370 0.0185561 0.0185561 0.0198202 0.0135480 0.0135480 0.0123091 
TJD447_ND4      0.0650374 0.0326234 0.0326234 0.0352065 0.0328751 0.0315618 0.0237297 0.0237297 0.0061271 0.0061174 0.0073526 0.0073465 0.0061179 0.0073492 0.0073488 0.0061224 0.0061224 0.0073530 0.0073530 0.0048864 0.0048864 0.0061153 0.0048889 0.0036585 0.0036585 0.0036585 0.0024370 0.0024370 0.0024370 0.0024400 0.0036618 0.0036618 0.0024370 0.0024370 0.0000000 0.0036607 0.0024370 0.0185561 0.0185561 0.0198202 0.0135480 0.0135480 0.0123091 
TJD444_ND4      0.0664237 0.0339202 0.0339202 0.0365094 0.0341805 0.0328636 0.0262823 0.0262823 0.0098366 0.0098209 0.0085883 0.0085812 0.0073503 0.0085844 0.0085838 0.0073557 0.0073557 0.0085888 0.0085888 0.0061153 0.0061153 0.0073471 0.0061184 0.0048842 0.0048842 0.0048849 0.0036607 0.0036607 0.0036607 0.0036650 0.0048882 0.0048882 0.0036607 0.0036607 0.0036607 0.0000000 0.0012175 0.0198170 0.0198170 0.0210843 0.0147974 0.0147974 0.0135563 
TJD449_ND4      0.0650279 0.0326184 0.0326184 0.0352012 0.0328694 0.0315563 0.0249960 0.0249960 0.0085954 0.0085817 0.0073515 0.0073454 0.0061170 0.0073481 0.0073477 0.0061215 0.0061215 0.0073519 0.0073519 0.0048857 0.0048857 0.0061143 0.0048882 0.0036585 0.0036585 0.0036585 0.0024370 0.0024370 0.0024370 0.0024400 0.0036612 0.0036612 0.0024370 0.0024370 0.0024370 0.0012175 0.0000000 0.0185531 0.0185531 0.0198170 0.0135459 0.0135459 0.0123072 
TJD433_ND4      0.0702656 0.0417177 0.0417177 0.0443398 0.0367742 0.0354510 0.0301306 0.0301306 0.0198368 0.0198048 0.0160465 0.0185405 0.0172927 0.0160391 0.0160381 0.0173054 0.0173054 0.0185571 0.0185571 0.0185589 0.0185589 0.0198202 0.0185686 0.0172927 0.0172927 0.0147920 0.0160465 0.0160465 0.0160465 0.0160658 0.0148020 0.0148020 0.0185561 0.0185561 0.0185561 0.0198170 0.0185531 0.0000000 0.0000010 0.0012175 0.0073383 0.0073383 0.0110492 
TJD436_ND4      0.0702656 0.0417177 0.0417177 0.0443398 0.0367742 0.0354510 0.0301306 0.0301306 0.0198368 0.0198048 0.0160465 0.0185405 0.0172927 0.0160391 0.0160381 0.0173054 0.0173054 0.0185571 0.0185571 0.0185589 0.0185589 0.0198202 0.0185686 0.0172927 0.0172927 0.0147920 0.0160465 0.0160465 0.0160465 0.0160658 0.0148020 0.0148020 0.0185561 0.0185561 0.0185561 0.0198170 0.0185531 0.0000010 0.0000000 0.0012175 0.0073383 0.0073383 0.0110492 
TJD430_ND4      0.0716718 0.0430425 0.0430425 0.0456711 0.0380949 0.0367677 0.0314299 0.0314299 0.0211055 0.0210714 0.0173044 0.0198036 0.0185531 0.0172964 0.0172953 0.0185668 0.0185668 0.0198213 0.0198213 0.0198232 0.0198232 0.0210877 0.0198336 0.0185531 0.0185531 0.0160465 0.0173044 0.0173044 0.0173044 0.0173253 0.0160573 0.0160573 0.0198202 0.0198202 0.0198202 0.0210843 0.0198170 0.0012175 0.0012175 0.0000000 0.0085730 0.0085730 0.0122935 
TJD431_ND4      0.0665075 0.0391009 0.0391009 0.0417114 0.0341625 0.0328463 0.0275577 0.0275577 0.0148121 0.0147883 0.0110605 0.0135367 0.0122978 0.0110554 0.0110547 0.0123068 0.0123068 0.0135488 0.0135488 0.0135501 0.0135501 0.0147997 0.0135572 0.0122978 0.0122978 0.0098183 0.0110605 0.0110605 0.0110605 0.0110738 0.0123080 0.0123080 0.0135480 0.0135480 0.0135480 0.0147974 0.0135459 0.0073383 0.0073383 0.0085730 0.0000000 0.0000010 0.0061117 
TJD432_ND4      0.0665075 0.0391009 0.0391009 0.0417114 0.0341625 0.0328463 0.0275577 0.0275577 0.0148121 0.0147883 0.0110605 0.0135367 0.0122978 0.0110554 0.0110547 0.0123068 0.0123068 0.0135488 0.0135488 0.0135501 0.0135501 0.0147997 0.0135572 0.0122978 0.0122978 0.0098183 0.0110605 0.0110605 0.0110605 0.0110738 0.0123080 0.0123080 0.0135480 0.0135480 0.0135480 0.0147974 0.0135459 0.0073383 0.0073383 0.0085730 0.0000010 0.0000000 0.0061117 
JFP_517_ND4     0.0679283 0.0378162 0.0378162 0.0404224 0.0328780 0.0315646 0.0262891 0.0262891 0.0110601 0.0135480 0.0098258 0.0122989 0.0110615 0.0098213 0.0098207 0.0110697 0.0110697 0.0123099 0.0123099 0.0123110 0.0123110 0.0135584 0.0123174 0.0110615 0.0110615 0.0085860 0.0098258 0.0098258 0.0098258 0.0098376 0.0110707 0.0110707 0.0123091 0.0123091 0.0123091 0.0135563 0.0123072 0.0110492 0.0110492 0.0122935 0.0061117 0.0061117 0.0000000 
