191
I0185_86_Accipitridae_Buteo_jamaicensis                   0.0000000 0.0318123 0.0314729 0.0304097 0.0430249 0.0309771 0.0417034 0.0230972 0.0306895 0.0401904 0.0434332 0.0219310 0.0470463 0.0301848 0.0330667 0.0406165 0.0270765 0.0146450 0.0441803 0.0205234 0.0411757 0.0206899 0.0431214 0.0185038 0.0215294 0.0195878 0.0300077 0.0224925 0.0455610 0.0544587 0.0569711 0.0220139 0.0398509 0.0429606 0.0375881 0.0381359 0.0295186 0.0535650 0.0404113 0.0411859 0.0415917 0.0502526 0.0429776 0.0411611 0.0669452 0.0608308 0.0534437 0.0445841 0.0302625 0.0354022 0.0274642 0.0427030 0.0383902 0.0211417 0.0323962 0.0401264 0.0426847 0.0316554 0.0247032 0.0227062 0.0422431 0.0326656 0.0233788 0.0216237 0.0500135 0.0382743 0.0392913 0.0348491 0.0208180 0.0253493 0.0407553 0.0252130 0.0449480 0.0439129 0.0426063 0.0405181 0.0258580 0.0236274 0.0398885 0.0447073 0.0230610 0.0059913 0.0219499 0.0310296 0.0310316 0.0314484 0.0326350 0.0193152 0.0163757 0.0407367 0.0492761 0.0311610 0.0301385 0.0246118 0.0200917 0.0274368 0.0390312 0.0421676 0.0413767 0.0215354 0.0176914 0.0203171 0.0292326 0.0291187 0.0391236 0.0294787 0.0235834 0.0221026 0.0301448 0.0343684 0.0478898 0.0240513 0.0346527 0.0479891 0.0217023 0.0188565 0.0488216 0.0343918 0.0220095 0.0498919 0.0456666 0.0331545 0.0191089 0.0145319 0.0185220 0.0430407 0.0299171 0.0297996 0.0411425 0.0215877 0.0436398 0.0230210 0.0257682 0.0178768 0.0281823 0.0431686 0.0379365 0.0232496 0.0463926 0.0245460 0.0318810 0.0263127 0.0181657 0.0205912 0.0174528 0.0306195 0.0224478 0.0452410 0.0397626 0.0257372 0.0193673 0.0421100 0.0397508 0.0400148 0.0182562 0.0226726 0.0231105 0.0243517 0.0225329 0.0319149 0.0332247 0.0303269 0.0411143 0.0254781 0.0301460 0.0437227 0.0443934 0.0253523 0.0641990 0.0222193 0.0298422 0.0436998 0.0457902 0.0436197 0.0186938 0.0137620 0.0190724 0.0235392 0.0452072 0.0216771 0.0550687 0.0524603 0.0451710 0.0409560 0.0969597 0.0462246 0.0564696 0.0557072 0.0302641 0.0276358 0.0415471 
I0186_111_Momotidae_Momotus_lessonii                      0.0318123 0.0000000 0.0418879 0.0402671 0.0525274 0.0414998 0.0484073 0.0333472 0.0404873 0.0408083 0.0496559 0.0323279 0.0561667 0.0391561 0.0383626 0.0496220 0.0352387 0.0253761 0.0536066 0.0322858 0.0511240 0.0305879 0.0525321 0.0282349 0.0321288 0.0304659 0.0393342 0.0332796 0.0519355 0.0635712 0.0665573 0.0321699 0.0496284 0.0528211 0.0473987 0.0484895 0.0379012 0.0627478 0.0511664 0.0525860 0.0519110 0.0609804 0.0531371 0.0513247 0.0760777 0.0716933 0.0632207 0.0530631 0.0314598 0.0457626 0.0378909 0.0518306 0.0482111 0.0314030 0.0416574 0.0499530 0.0522028 0.0413036 0.0352665 0.0333717 0.0523631 0.0426827 0.0345447 0.0320861 0.0605113 0.0476730 0.0503471 0.0458033 0.0320217 0.0346350 0.0511510 0.0348422 0.0514330 0.0540684 0.0519580 0.0506057 0.0354743 0.0338235 0.0502627 0.0509849 0.0315827 0.0321412 0.0322891 0.0400005 0.0314248 0.0416514 0.0404136 0.0291603 0.0270929 0.0518454 0.0586647 0.0396390 0.0386541 0.0357370 0.0312575 0.0330389 0.0503473 0.0489314 0.0524419 0.0327144 0.0317618 0.0316101 0.0390660 0.0332307 0.0473830 0.0398893 0.0334658 0.0330936 0.0399526 0.0434110 0.0579106 0.0353472 0.0454905 0.0585454 0.0320658 0.0299558 0.0576143 0.0432553 0.0326272 0.0590810 0.0544090 0.0421678 0.0298994 0.0337077 0.0298552 0.0527112 0.0399632 0.0393066 0.0513750 0.0316811 0.0527142 0.0334737 0.0350312 0.0299693 0.0399770 0.0486049 0.0481492 0.0333896 0.0563733 0.0343383 0.0412885 0.0347518 0.0290902 0.0309995 0.0289754 0.0401630 0.0321191 0.0534569 0.0486125 0.0363908 0.0308991 0.0515172 0.0489146 0.0504538 0.0297176 0.0337003 0.0337503 0.0340509 0.0328937 0.0426092 0.0430571 0.0390327 0.0523279 0.0345687 0.0391878 0.0538000 0.0544557 0.0346237 0.0750848 0.0321939 0.0395037 0.0531529 0.0556450 0.0545629 0.0295451 0.0316214 0.0299392 0.0333515 0.0544933 0.0317672 0.0630124 0.0613658 0.0546085 0.0496116 0.1029985 0.0557848 0.0650492 0.0635694 0.0400905 0.0364213 0.0521530 
I0187_115_Trogonidae_Trogon_elegans                       0.0314729 0.0418879 0.0000000 0.0407040 0.0519263 0.0132302 0.0510266 0.0342317 0.0402206 0.0496450 0.0537366 0.0324478 0.0538551 0.0415771 0.0430311 0.0491914 0.0365578 0.0260684 0.0522556 0.0312526 0.0502574 0.0331532 0.0520144 0.0295470 0.0333062 0.0308881 0.0399409 0.0331031 0.0543657 0.0608506 0.0641522 0.0335372 0.0487401 0.0518523 0.0479994 0.0487394 0.0382186 0.0611908 0.0486815 0.0527130 0.0505773 0.0608392 0.0514272 0.0507135 0.0772482 0.0719190 0.0614901 0.0546325 0.0398622 0.0451579 0.0390174 0.0509032 0.0476862 0.0319334 0.0427618 0.0497245 0.0512070 0.0406766 0.0358483 0.0335090 0.0507687 0.0424628 0.0356109 0.0315705 0.0608755 0.0465487 0.0505139 0.0450932 0.0327217 0.0349380 0.0519823 0.0360833 0.0546536 0.0542895 0.0508704 0.0489593 0.0363826 0.0350303 0.0481925 0.0539383 0.0320434 0.0321945 0.0333299 0.0411311 0.0418308 0.0416166 0.0422035 0.0309399 0.0280255 0.0511206 0.0610315 0.0406674 0.0406218 0.0352282 0.0312789 0.0374308 0.0505889 0.0518575 0.0528991 0.0329715 0.0326281 0.0322734 0.0393113 0.0380008 0.0471994 0.0397358 0.0341673 0.0330115 0.0410621 0.0441834 0.0588767 0.0359116 0.0454052 0.0594219 0.0332890 0.0307098 0.0559421 0.0431807 0.0336102 0.0575764 0.0563597 0.0434296 0.0307661 0.0343262 0.0309422 0.0519022 0.0401818 0.0401941 0.0518572 0.0327338 0.0532643 0.0349565 0.0367216 0.0301989 0.0393686 0.0524001 0.0476806 0.0342515 0.0543441 0.0353823 0.0428630 0.0352974 0.0301109 0.0320423 0.0296184 0.0415394 0.0339237 0.0536003 0.0489233 0.0359268 0.0310098 0.0503270 0.0490174 0.0499733 0.0305361 0.0349012 0.0345110 0.0347141 0.0340961 0.0433102 0.0446896 0.0414374 0.0526672 0.0359205 0.0409598 0.0526079 0.0530701 0.0360900 0.0746322 0.0333858 0.0395901 0.0522565 0.0541965 0.0556938 0.0305504 0.0316625 0.0305611 0.0350184 0.0543150 0.0331930 0.0619712 0.0588580 0.0525498 0.0493272 0.1068643 0.0546901 0.0634444 0.0628824 0.0412493 0.0387663 0.0506422 
I0188_135_Apodidae_Streptoprocne_zonaris                  0.0304097 0.0402671 0.0407040 0.0000000 0.0507234 0.0399869 0.0500363 0.0323676 0.0385068 0.0477229 0.0511978 0.0311742 0.0542788 0.0388009 0.0422124 0.0469809 0.0343592 0.0251346 0.0525188 0.0309199 0.0494849 0.0309063 0.0516301 0.0283358 0.0304003 0.0293148 0.0385158 0.0316106 0.0523730 0.0616154 0.0657200 0.0318039 0.0482465 0.0511176 0.0381706 0.0387553 0.0371678 0.0605662 0.0471787 0.0502216 0.0490916 0.0590031 0.0511644 0.0502528 0.0746764 0.0685921 0.0611772 0.0535043 0.0384377 0.0415017 0.0372108 0.0503691 0.0465768 0.0306238 0.0409838 0.0494251 0.0496421 0.0390207 0.0335967 0.0322939 0.0511655 0.0157357 0.0337668 0.0297228 0.0589879 0.0467616 0.0483236 0.0427797 0.0302579 0.0313094 0.0489657 0.0333633 0.0529053 0.0527270 0.0506256 0.0482165 0.0352736 0.0335385 0.0484840 0.0519877 0.0306605 0.0306237 0.0316574 0.0395179 0.0393125 0.0394165 0.0396673 0.0291351 0.0263908 0.0414481 0.0591486 0.0390765 0.0376062 0.0334994 0.0300146 0.0359350 0.0480313 0.0495194 0.0498451 0.0310434 0.0300544 0.0298877 0.0361820 0.0365928 0.0444667 0.0374202 0.0332812 0.0309891 0.0404995 0.0418210 0.0573782 0.0343636 0.0432049 0.0582405 0.0310289 0.0289353 0.0560080 0.0410510 0.0319388 0.0574727 0.0541656 0.0414092 0.0294970 0.0321772 0.0283062 0.0493774 0.0168257 0.0388267 0.0497385 0.0312318 0.0521067 0.0327683 0.0303175 0.0282201 0.0382567 0.0497841 0.0452875 0.0316253 0.0530091 0.0332780 0.0414178 0.0332466 0.0288113 0.0303256 0.0278987 0.0386308 0.0312316 0.0515833 0.0472998 0.0338472 0.0297797 0.0493127 0.0478924 0.0492184 0.0285771 0.0327079 0.0320939 0.0334937 0.0318613 0.0399691 0.0413492 0.0378474 0.0499977 0.0338718 0.0388321 0.0514159 0.0530892 0.0336117 0.0723081 0.0311088 0.0377145 0.0504341 0.0540356 0.0531251 0.0289941 0.0302812 0.0290238 0.0334189 0.0522103 0.0306256 0.0606300 0.0598905 0.0529619 0.0475159 0.1028177 0.0545594 0.0622516 0.0623012 0.0386866 0.0372366 0.0495850 
I0189_225_Eurylaimidae_Smithornis_rufolateralis           0.0430249 0.0525274 0.0519263 0.0507234 0.0000000 0.0518681 0.0623494 0.0441378 0.0510870 0.0579769 0.0625194 0.0437543 0.0396403 0.0526650 0.0546287 0.0314165 0.0469519 0.0368130 0.0328614 0.0431178 0.0306349 0.0428225 0.0327118 0.0409756 0.0431211 0.0416768 0.0501518 0.0433935 0.0648855 0.0464219 0.0483236 0.0431045 0.0306797 0.0321182 0.0576554 0.0590128 0.0500657 0.0451970 0.0308308 0.0642534 0.0331923 0.0708272 0.0328563 0.0312378 0.0841536 0.0806115 0.0461709 0.0640595 0.0504120 0.0547721 0.0489840 0.0315039 0.0289516 0.0438444 0.0525866 0.0304274 0.0319872 0.0519256 0.0465356 0.0449306 0.0316170 0.0527206 0.0448118 0.0425525 0.0709278 0.0287696 0.0598500 0.0560158 0.0428353 0.0458694 0.0619971 0.0470475 0.0640383 0.0642441 0.0320350 0.0303947 0.0476238 0.0447888 0.0306762 0.0634297 0.0421018 0.0440880 0.0437855 0.0509948 0.0532102 0.0515655 0.0534023 0.0420497 0.0386893 0.0614028 0.0706534 0.0513779 0.0500708 0.0455836 0.0428262 0.0476546 0.0607391 0.0614906 0.0623484 0.0433574 0.0445654 0.0436804 0.0501569 0.0478907 0.0584922 0.0500902 0.0460361 0.0439713 0.0524070 0.0546634 0.0689433 0.0469639 0.0567610 0.0695584 0.0445240 0.0414177 0.0366788 0.0549993 0.0443332 0.0429686 0.0661781 0.0534646 0.0426786 0.0459547 0.0424037 0.0230633 0.0515094 0.0506187 0.0622471 0.0439508 0.0647603 0.0452561 0.0458302 0.0415341 0.0508590 0.0618759 0.0586387 0.0443719 0.0257259 0.0470235 0.0540231 0.0461335 0.0416430 0.0436740 0.0414302 0.0508671 0.0447753 0.0639954 0.0585054 0.0465782 0.0423637 0.0618495 0.0360330 0.0308231 0.0421161 0.0452343 0.0460724 0.0465535 0.0453781 0.0529623 0.0553484 0.0509203 0.0635627 0.0462799 0.0500899 0.0330312 0.0336371 0.0468929 0.0855443 0.0445984 0.0500080 0.0233964 0.0392152 0.0664831 0.0416139 0.0439276 0.0424947 0.0446364 0.0642180 0.0438370 0.0468993 0.0431446 0.0379901 0.0176175 0.1128643 0.0395469 0.0487444 0.0465183 0.0524447 0.0501512 0.0421972 
I0190_295_Trogonidae_Apaloderma_aequatoriale              0.0309771 0.0414998 0.0132302 0.0399869 0.0518681 0.0000000 0.0507213 0.0339400 0.0397650 0.0493843 0.0529222 0.0319505 0.0539965 0.0400724 0.0415766 0.0482503 0.0364283 0.0257069 0.0514191 0.0311479 0.0498410 0.0325445 0.0515788 0.0288418 0.0334905 0.0302076 0.0394239 0.0333660 0.0539177 0.0606825 0.0637525 0.0324374 0.0478856 0.0512033 0.0478288 0.0488392 0.0384715 0.0603743 0.0481332 0.0521006 0.0499196 0.0610886 0.0507270 0.0501100 0.0779184 0.0720947 0.0607531 0.0548875 0.0394688 0.0456176 0.0375965 0.0507298 0.0468147 0.0314201 0.0427640 0.0491284 0.0503882 0.0404530 0.0344930 0.0327326 0.0505108 0.0417335 0.0344914 0.0312194 0.0607385 0.0456154 0.0505434 0.0450466 0.0323084 0.0343193 0.0520804 0.0350992 0.0534608 0.0540401 0.0505923 0.0485701 0.0358768 0.0341860 0.0474731 0.0539568 0.0316505 0.0318239 0.0328465 0.0409187 0.0421871 0.0409314 0.0420308 0.0298333 0.0275738 0.0505751 0.0611685 0.0408624 0.0399756 0.0351855 0.0306071 0.0376259 0.0506112 0.0514731 0.0535926 0.0324073 0.0326443 0.0315419 0.0386030 0.0382852 0.0465887 0.0387259 0.0335345 0.0323834 0.0410574 0.0435126 0.0589211 0.0351339 0.0453086 0.0591639 0.0326871 0.0298346 0.0557025 0.0431149 0.0329192 0.0565521 0.0557912 0.0431056 0.0304005 0.0336708 0.0299057 0.0516042 0.0394090 0.0396733 0.0514927 0.0318883 0.0531412 0.0346544 0.0357276 0.0292465 0.0386007 0.0519797 0.0473585 0.0334667 0.0542472 0.0349896 0.0424903 0.0345194 0.0291825 0.0313619 0.0287466 0.0411573 0.0333362 0.0539156 0.0484499 0.0356604 0.0305481 0.0499946 0.0478931 0.0494670 0.0295984 0.0335500 0.0339017 0.0342961 0.0333329 0.0425901 0.0444329 0.0409460 0.0520460 0.0357535 0.0407782 0.0522184 0.0519438 0.0354934 0.0744271 0.0333991 0.0387978 0.0520828 0.0532461 0.0556203 0.0297234 0.0313674 0.0300467 0.0340026 0.0540971 0.0324484 0.0614222 0.0588706 0.0520847 0.0488490 0.1059286 0.0540432 0.0629947 0.0618649 0.0408741 0.0377533 0.0497037 
I0191_344_Indicatoridae_Indicator_exilis                  0.0417034 0.0484073 0.0510266 0.0500363 0.0623494 0.0507213 0.0000000 0.0430330 0.0498077 0.0541123 0.0307768 0.0426575 0.0660814 0.0495959 0.0508519 0.0599444 0.0448259 0.0358017 0.0634501 0.0418436 0.0602671 0.0409136 0.0624902 0.0378585 0.0426642 0.0407105 0.0499844 0.0426952 0.0215374 0.0729170 0.0762798 0.0425685 0.0596406 0.0619144 0.0574991 0.0579971 0.0472564 0.0728824 0.0593509 0.0613782 0.0609171 0.0693198 0.0623854 0.0621131 0.0844562 0.0806890 0.0731624 0.0605926 0.0481434 0.0551403 0.0482154 0.0615620 0.0578965 0.0412945 0.0511970 0.0610224 0.0618315 0.0510295 0.0445979 0.0431211 0.0616758 0.0522474 0.0452513 0.0415159 0.0697993 0.0569991 0.0590925 0.0534049 0.0409271 0.0447082 0.0611749 0.0438566 0.0210497 0.0651841 0.0614249 0.0596899 0.0467704 0.0446428 0.0593003 0.0311009 0.0397686 0.0423373 0.0427867 0.0492560 0.0497980 0.0482252 0.0474300 0.0397593 0.0371717 0.0593473 0.0685623 0.0494066 0.0483757 0.0456791 0.0409799 0.0448889 0.0595553 0.0296868 0.0619614 0.0429749 0.0424271 0.0408505 0.0483853 0.0458107 0.0559182 0.0480846 0.0433846 0.0426794 0.0517948 0.0532897 0.0678273 0.0425615 0.0540626 0.0676921 0.0425395 0.0395584 0.0673312 0.0533621 0.0418774 0.0702433 0.0663875 0.0513661 0.0398446 0.0437006 0.0396316 0.0612472 0.0490533 0.0483556 0.0613216 0.0422318 0.0590434 0.0430417 0.0450088 0.0394691 0.0481528 0.0303717 0.0573040 0.0422767 0.0655053 0.0445440 0.0501586 0.0451309 0.0391566 0.0419053 0.0392227 0.0504609 0.0429376 0.0616618 0.0582450 0.0454173 0.0397856 0.0606039 0.0587350 0.0613303 0.0386480 0.0432056 0.0445398 0.0442253 0.0431787 0.0514683 0.0523874 0.0494215 0.0603835 0.0446671 0.0496758 0.0631017 0.0636712 0.0445208 0.0854744 0.0435480 0.0494403 0.0630256 0.0660558 0.0647750 0.0383767 0.0411807 0.0403698 0.0442633 0.0642410 0.0426701 0.0732285 0.0707398 0.0640505 0.0589572 0.1143090 0.0657206 0.0767028 0.0745233 0.0484163 0.0460693 0.0617533 
I0192_375_Musophagidae_Tauraco_macrorhynchus              0.0230972 0.0333472 0.0342317 0.0323676 0.0441378 0.0339400 0.0430330 0.0000000 0.0303100 0.0425203 0.0451961 0.0121320 0.0480767 0.0322533 0.0349156 0.0422841 0.0283441 0.0173952 0.0456189 0.0224751 0.0423509 0.0246371 0.0440014 0.0222169 0.0231449 0.0208080 0.0304746 0.0242308 0.0471047 0.0556682 0.0581966 0.0240057 0.0423802 0.0444194 0.0390297 0.0390636 0.0295980 0.0556967 0.0418221 0.0403867 0.0438918 0.0493132 0.0444435 0.0437988 0.0679249 0.0602462 0.0552362 0.0467202 0.0326308 0.0373935 0.0299816 0.0434722 0.0411253 0.0229398 0.0335671 0.0424390 0.0437649 0.0315979 0.0256284 0.0239655 0.0438592 0.0349272 0.0258787 0.0227032 0.0498222 0.0401052 0.0396693 0.0330102 0.0233455 0.0260164 0.0408931 0.0262489 0.0472405 0.0438263 0.0433419 0.0416273 0.0267769 0.0256562 0.0421962 0.0458384 0.0242233 0.0226693 0.0243825 0.0322925 0.0330366 0.0342862 0.0361582 0.0212616 0.0200467 0.0412002 0.0485456 0.0320459 0.0308219 0.0255271 0.0221426 0.0303486 0.0384783 0.0435550 0.0405532 0.0233108 0.0238539 0.0220056 0.0291702 0.0307482 0.0385406 0.0296885 0.0250279 0.0242746 0.0298490 0.0344118 0.0474665 0.0268847 0.0343562 0.0476695 0.0238579 0.0203764 0.0491715 0.0347552 0.0239497 0.0518879 0.0454241 0.0336635 0.0211802 0.0253698 0.0212379 0.0446987 0.0312614 0.0316305 0.0437606 0.0235285 0.0462626 0.0258736 0.0265603 0.0207296 0.0293059 0.0436099 0.0387587 0.0250737 0.0482701 0.0260737 0.0340769 0.0271724 0.0210444 0.0214594 0.0205270 0.0317446 0.0242773 0.0468395 0.0414195 0.0265014 0.0212542 0.0429514 0.0416185 0.0429846 0.0201123 0.0252034 0.0242102 0.0258907 0.0250594 0.0330167 0.0339839 0.0312189 0.0405260 0.0277163 0.0321590 0.0456324 0.0466274 0.0275369 0.0650781 0.0237736 0.0299081 0.0449903 0.0483597 0.0439480 0.0203012 0.0235154 0.0214903 0.0252305 0.0467120 0.0244033 0.0566993 0.0535044 0.0465170 0.0422715 0.0985498 0.0486094 0.0572024 0.0561328 0.0323955 0.0299726 0.0440263 
I0193_447_Columbidae_Treron_calvus                        0.0306895 0.0404873 0.0402206 0.0385068 0.0510870 0.0397650 0.0498077 0.0303100 0.0000000 0.0482154 0.0518758 0.0298768 0.0525404 0.0395581 0.0399131 0.0464018 0.0331363 0.0197290 0.0505345 0.0286887 0.0479527 0.0288358 0.0494057 0.0280389 0.0300305 0.0284782 0.0138719 0.0304318 0.0545196 0.0596132 0.0621613 0.0309738 0.0471869 0.0497647 0.0455715 0.0463956 0.0143362 0.0591995 0.0464380 0.0494953 0.0486862 0.0590436 0.0500942 0.0489073 0.0739435 0.0690242 0.0596833 0.0540221 0.0386862 0.0430256 0.0358010 0.0485899 0.0462972 0.0301034 0.0408567 0.0477939 0.0482928 0.0146405 0.0329822 0.0313573 0.0492707 0.0405962 0.0321159 0.0291747 0.0592282 0.0456091 0.0474546 0.0418217 0.0300690 0.0323458 0.0484586 0.0332983 0.0532362 0.0520813 0.0491793 0.0475678 0.0332358 0.0320855 0.0471332 0.0519564 0.0217622 0.0310398 0.0300982 0.0386755 0.0403243 0.0412064 0.0419482 0.0285125 0.0248306 0.0494856 0.0580125 0.0379661 0.0368912 0.0329010 0.0283149 0.0361877 0.0468411 0.0502288 0.0493111 0.0300556 0.0306072 0.0281143 0.0356685 0.0365371 0.0456817 0.0363500 0.0323347 0.0300437 0.0382332 0.0425970 0.0568416 0.0329242 0.0441121 0.0572425 0.0306339 0.0272482 0.0526513 0.0417327 0.0306659 0.0554859 0.0532500 0.0402606 0.0278413 0.0331391 0.0270986 0.0507225 0.0388158 0.0375501 0.0494124 0.0303880 0.0524319 0.0316767 0.0336258 0.0269284 0.0365437 0.0507920 0.0459825 0.0314406 0.0542719 0.0318704 0.0400152 0.0322663 0.0268597 0.0287641 0.0260874 0.0391753 0.0303280 0.0521273 0.0466947 0.0322398 0.0277400 0.0486228 0.0458355 0.0485094 0.0273566 0.0316208 0.0308875 0.0331506 0.0321807 0.0403434 0.0422707 0.0382746 0.0496206 0.0324856 0.0383151 0.0503046 0.0510266 0.0322882 0.0719300 0.0306752 0.0120097 0.0518099 0.0517939 0.0541657 0.0273976 0.0317468 0.0276775 0.0326491 0.0520764 0.0312600 0.0599277 0.0578829 0.0511360 0.0474340 0.1043418 0.0519544 0.0610719 0.0603187 0.0386790 0.0376911 0.0489589 
I0194_495_Alcedinidae_Alcedo_quadribrachys                0.0401904 0.0408083 0.0496450 0.0477229 0.0579769 0.0493843 0.0541123 0.0425203 0.0482154 0.0000000 0.0573664 0.0414488 0.0615710 0.0476695 0.0455805 0.0534610 0.0438759 0.0331915 0.0577661 0.0400877 0.0547568 0.0394883 0.0586573 0.0378342 0.0411380 0.0390561 0.0467837 0.0415256 0.0574699 0.0672102 0.0710808 0.0407962 0.0542912 0.0571231 0.0536631 0.0535743 0.0462996 0.0674921 0.0550149 0.0583339 0.0562704 0.0667179 0.0571512 0.0566552 0.0809668 0.0786080 0.0675180 0.0592734 0.0404543 0.0515578 0.0464292 0.0565712 0.0532688 0.0405699 0.0497990 0.0540430 0.0569317 0.0486435 0.0439977 0.0424242 0.0564317 0.0497415 0.0424837 0.0406443 0.0666059 0.0520521 0.0574086 0.0540771 0.0404615 0.0430229 0.0600012 0.0437218 0.0581496 0.0628105 0.0567024 0.0543060 0.0450154 0.0427170 0.0545430 0.0581561 0.0392948 0.0402240 0.0406371 0.0485334 0.0336306 0.0483094 0.0492251 0.0387476 0.0356595 0.0560702 0.0666024 0.0485072 0.0468771 0.0440228 0.0399225 0.0421883 0.0576689 0.0560065 0.0594723 0.0399870 0.0403963 0.0393374 0.0464474 0.0428613 0.0534613 0.0469917 0.0420840 0.0406179 0.0501709 0.0517197 0.0648795 0.0439906 0.0539831 0.0635721 0.0415204 0.0391906 0.0627484 0.0509353 0.0416970 0.0639794 0.0640394 0.0496535 0.0369923 0.0427539 0.0385827 0.0581147 0.0471487 0.0480743 0.0594473 0.0405954 0.0597814 0.0413086 0.0433678 0.0384307 0.0460291 0.0552207 0.0547940 0.0432082 0.0611146 0.0428884 0.0497451 0.0439585 0.0381162 0.0399416 0.0376221 0.0471902 0.0409299 0.0601027 0.0553987 0.0447419 0.0378692 0.0571270 0.0548338 0.0555016 0.0381115 0.0430155 0.0425987 0.0433146 0.0413616 0.0493456 0.0512026 0.0465072 0.0575406 0.0436521 0.0466059 0.0590626 0.0586366 0.0440405 0.0808258 0.0413959 0.0463655 0.0581326 0.0616094 0.0612026 0.0384221 0.0394603 0.0389956 0.0413155 0.0611971 0.0405464 0.0665521 0.0666986 0.0597316 0.0554257 0.1114967 0.0618349 0.0689063 0.0685413 0.0489195 0.0450043 0.0579477 
I0195_522_Ramphastidae_Buccanodon_duchaillui              0.0434332 0.0496559 0.0537366 0.0511978 0.0625194 0.0529222 0.0307768 0.0451961 0.0518758 0.0573664 0.0000000 0.0445071 0.0665813 0.0514797 0.0533995 0.0596711 0.0473855 0.0369538 0.0638217 0.0430355 0.0604929 0.0428252 0.0625537 0.0399052 0.0442445 0.0425816 0.0520433 0.0442898 0.0333347 0.0732030 0.0777253 0.0437340 0.0598909 0.0618042 0.0593216 0.0599729 0.0484454 0.0736222 0.0595268 0.0625838 0.0618765 0.0709382 0.0636568 0.0617440 0.0876707 0.0825364 0.0733798 0.0632306 0.0500006 0.0560163 0.0494653 0.0617456 0.0581910 0.0434298 0.0515255 0.0601729 0.0620616 0.0522949 0.0463729 0.0451098 0.0618796 0.0534540 0.0452077 0.0434531 0.0710388 0.0577393 0.0596198 0.0551255 0.0431945 0.0464171 0.0612271 0.0460583 0.0338326 0.0665521 0.0623968 0.0597922 0.0488050 0.0450598 0.0605048 0.0235180 0.0409307 0.0438922 0.0439363 0.0493593 0.0515068 0.0498836 0.0484917 0.0417015 0.0388729 0.0621490 0.0697785 0.0504503 0.0489701 0.0462735 0.0427272 0.0470987 0.0598914 0.0215057 0.0627235 0.0442381 0.0435489 0.0422747 0.0503018 0.0473091 0.0574886 0.0504959 0.0447992 0.0439641 0.0537951 0.0536341 0.0688140 0.0449690 0.0562169 0.0683605 0.0442558 0.0417839 0.0685951 0.0547078 0.0434890 0.0700145 0.0680325 0.0518911 0.0420725 0.0459577 0.0408749 0.0613748 0.0503472 0.0492218 0.0627732 0.0439940 0.0622330 0.0447970 0.0468729 0.0414046 0.0508873 0.0252561 0.0601674 0.0447560 0.0660795 0.0460780 0.0519658 0.0467240 0.0407841 0.0439937 0.0405715 0.0521603 0.0448037 0.0636729 0.0601065 0.0479745 0.0418704 0.0630359 0.0602396 0.0609308 0.0410123 0.0446620 0.0461470 0.0458205 0.0448254 0.0527842 0.0541473 0.0508324 0.0617631 0.0475893 0.0509407 0.0637644 0.0637133 0.0469747 0.0875960 0.0446050 0.0517511 0.0621972 0.0673239 0.0651068 0.0411128 0.0427579 0.0422613 0.0460164 0.0656352 0.0439849 0.0731507 0.0715660 0.0649510 0.0588874 0.1136982 0.0669885 0.0755295 0.0753745 0.0499042 0.0482673 0.0617500 
I0196_523_Musophagidae_Corythaeola_cristata               0.0219310 0.0323279 0.0324478 0.0311742 0.0437543 0.0319505 0.0426575 0.0121320 0.0298768 0.0414488 0.0445071 0.0000000 0.0474958 0.0306841 0.0334002 0.0410997 0.0271216 0.0167870 0.0439706 0.0217283 0.0414530 0.0234408 0.0439659 0.0212447 0.0224375 0.0203480 0.0297801 0.0233464 0.0466207 0.0552638 0.0586483 0.0231758 0.0412790 0.0434439 0.0382262 0.0375674 0.0278875 0.0555152 0.0409614 0.0412951 0.0423326 0.0483130 0.0435283 0.0423830 0.0672240 0.0599129 0.0554798 0.0450868 0.0313376 0.0355249 0.0292135 0.0430185 0.0401432 0.0222225 0.0321376 0.0413275 0.0429515 0.0308637 0.0249650 0.0230725 0.0429303 0.0330302 0.0249685 0.0219012 0.0486104 0.0388152 0.0390363 0.0326253 0.0221754 0.0252078 0.0398740 0.0254380 0.0465648 0.0432375 0.0430940 0.0407288 0.0254934 0.0247377 0.0405944 0.0455844 0.0230408 0.0219698 0.0233129 0.0303591 0.0318689 0.0330882 0.0345764 0.0207910 0.0196132 0.0401057 0.0482473 0.0316195 0.0290757 0.0246601 0.0211706 0.0288646 0.0379968 0.0426185 0.0400240 0.0224588 0.0223905 0.0211925 0.0286201 0.0290067 0.0382635 0.0289343 0.0241147 0.0230341 0.0301905 0.0331004 0.0463148 0.0258656 0.0341713 0.0464217 0.0227870 0.0202047 0.0490880 0.0340029 0.0229179 0.0514886 0.0450363 0.0322798 0.0205776 0.0236463 0.0205764 0.0436787 0.0303066 0.0296398 0.0436163 0.0229980 0.0443267 0.0249863 0.0263639 0.0203094 0.0292278 0.0437367 0.0383395 0.0243482 0.0469914 0.0251652 0.0330924 0.0263867 0.0202641 0.0210871 0.0195656 0.0308029 0.0236681 0.0454537 0.0407056 0.0261064 0.0204447 0.0422889 0.0412486 0.0416397 0.0194929 0.0239640 0.0234089 0.0248911 0.0240811 0.0325246 0.0334675 0.0302219 0.0409875 0.0264927 0.0313513 0.0444578 0.0453001 0.0261546 0.0642479 0.0228327 0.0286615 0.0443633 0.0481520 0.0430670 0.0197270 0.0222338 0.0208116 0.0247864 0.0466688 0.0233575 0.0566702 0.0533650 0.0461263 0.0413505 0.0985032 0.0482536 0.0573579 0.0565206 0.0311629 0.0287338 0.0429761 
I0197_832_Corvidae_Corvus_albus                           0.0470463 0.0561667 0.0538551 0.0542788 0.0396403 0.0539965 0.0660814 0.0480767 0.0525404 0.0615710 0.0665813 0.0474958 0.0000000 0.0556284 0.0571313 0.0373407 0.0508195 0.0399701 0.0389933 0.0459276 0.0374793 0.0459375 0.0405220 0.0444465 0.0465959 0.0462377 0.0519964 0.0464380 0.0704891 0.0258179 0.0280557 0.0473992 0.0383877 0.0385090 0.0613477 0.0625588 0.0508844 0.0253090 0.0379805 0.0675161 0.0387584 0.0751742 0.0398589 0.0382725 0.0892847 0.0854934 0.0256860 0.0691811 0.0542715 0.0581656 0.0526325 0.0401629 0.0365703 0.0471658 0.0555846 0.0369093 0.0394596 0.0530143 0.0492973 0.0488872 0.0384657 0.0560237 0.0486545 0.0454845 0.0746808 0.0354254 0.0638979 0.0596991 0.0462135 0.0498172 0.0669317 0.0497504 0.0688859 0.0689615 0.0399680 0.0375734 0.0506008 0.0487257 0.0376253 0.0682732 0.0433043 0.0479642 0.0470925 0.0542004 0.0555909 0.0544316 0.0571235 0.0447963 0.0425595 0.0636895 0.0744411 0.0556853 0.0528910 0.0491403 0.0453026 0.0529747 0.0642784 0.0657795 0.0658589 0.0469681 0.0473688 0.0454536 0.0518807 0.0527199 0.0616639 0.0525935 0.0485894 0.0470649 0.0558871 0.0568497 0.0720087 0.0504218 0.0604702 0.0720856 0.0480962 0.0454538 0.0412599 0.0569515 0.0468657 0.0296577 0.0707546 0.0557795 0.0456235 0.0494699 0.0449984 0.0404107 0.0544338 0.0538560 0.0670930 0.0466204 0.0672661 0.0479605 0.0494556 0.0444912 0.0535729 0.0655444 0.0617640 0.0483752 0.0414272 0.0488877 0.0569796 0.0490941 0.0444484 0.0460132 0.0437205 0.0544599 0.0475256 0.0683771 0.0626350 0.0496468 0.0450057 0.0654809 0.0254671 0.0377339 0.0446263 0.0492245 0.0478708 0.0499221 0.0475353 0.0572613 0.0590956 0.0542989 0.0672653 0.0496570 0.0547740 0.0408666 0.0390457 0.0502997 0.0895307 0.0470358 0.0506306 0.0398801 0.0254903 0.0684062 0.0444696 0.0478083 0.0451587 0.0488322 0.0689212 0.0467687 0.0284418 0.0232068 0.0102827 0.0377713 0.1159949 0.0259740 0.0282720 0.0264456 0.0556485 0.0534944 0.0437126 
I0198_937_Bucerotidae_Tockus_camurus                      0.0301848 0.0391561 0.0415771 0.0388009 0.0526650 0.0400724 0.0495959 0.0322533 0.0395581 0.0476695 0.0514797 0.0306841 0.0556284 0.0000000 0.0415472 0.0494075 0.0355387 0.0243250 0.0538731 0.0306887 0.0511347 0.0304578 0.0524912 0.0274509 0.0309454 0.0287854 0.0383618 0.0321059 0.0522440 0.0640181 0.0661956 0.0311280 0.0490181 0.0527978 0.0484806 0.0493280 0.0375016 0.0626795 0.0493269 0.0512247 0.0511941 0.0591513 0.0527754 0.0507485 0.0759266 0.0695407 0.0637882 0.0477676 0.0382824 0.0451382 0.0374730 0.0517959 0.0478871 0.0316857 0.0416075 0.0500370 0.0510711 0.0401057 0.0333822 0.0322830 0.0520664 0.0409276 0.0333070 0.0300607 0.0594403 0.0474382 0.0492857 0.0439335 0.0299862 0.0331442 0.0497016 0.0339091 0.0517031 0.0524260 0.0511024 0.0495117 0.0352940 0.0331357 0.0488971 0.0517519 0.0301450 0.0304010 0.0323168 0.0390768 0.0396262 0.0392712 0.0404249 0.0291740 0.0260218 0.0516640 0.0586070 0.0388340 0.0380137 0.0343647 0.0308062 0.0358810 0.0490757 0.0497606 0.0514953 0.0317615 0.0312729 0.0302343 0.0386798 0.0362187 0.0453143 0.0388832 0.0329492 0.0316677 0.0414553 0.0420811 0.0569027 0.0336578 0.0448494 0.0574076 0.0315718 0.0286222 0.0574717 0.0427849 0.0312282 0.0589240 0.0535302 0.0419535 0.0294281 0.0324458 0.0289134 0.0518668 0.0376749 0.0393201 0.0490889 0.0318428 0.0469286 0.0329747 0.0345466 0.0288669 0.0384018 0.0494748 0.0461742 0.0315496 0.0553877 0.0342590 0.0418526 0.0348843 0.0286696 0.0306508 0.0282730 0.0395393 0.0322520 0.0516076 0.0482375 0.0346712 0.0298332 0.0515108 0.0488676 0.0503352 0.0276721 0.0331100 0.0322273 0.0342331 0.0324723 0.0412928 0.0414009 0.0382638 0.0510466 0.0356640 0.0383645 0.0534359 0.0542131 0.0347613 0.0734219 0.0316496 0.0381832 0.0521976 0.0550662 0.0539323 0.0283211 0.0313533 0.0290553 0.0331673 0.0521290 0.0315842 0.0624621 0.0609793 0.0545264 0.0492657 0.1027422 0.0554447 0.0653838 0.0646174 0.0396153 0.0151382 0.0509688 
I0199_955_Meropidae_Merops_muelleri                       0.0330667 0.0383626 0.0430311 0.0422124 0.0546287 0.0415766 0.0508519 0.0349156 0.0399131 0.0455805 0.0533995 0.0334002 0.0571313 0.0415472 0.0000000 0.0496168 0.0379782 0.0271911 0.0537753 0.0324040 0.0514806 0.0315692 0.0522062 0.0298252 0.0339849 0.0316866 0.0416714 0.0345170 0.0532235 0.0645074 0.0677552 0.0347628 0.0504712 0.0534488 0.0488303 0.0491987 0.0391710 0.0640387 0.0489355 0.0523954 0.0520765 0.0601457 0.0535334 0.0520166 0.0740096 0.0709228 0.0635101 0.0544782 0.0376891 0.0455893 0.0393767 0.0525513 0.0485271 0.0326532 0.0439198 0.0511495 0.0510297 0.0415694 0.0373247 0.0347773 0.0527568 0.0442951 0.0361364 0.0330895 0.0602829 0.0484683 0.0511255 0.0451534 0.0336310 0.0364745 0.0518168 0.0373949 0.0539207 0.0530006 0.0517114 0.0512794 0.0371934 0.0355154 0.0499690 0.0538063 0.0337879 0.0334459 0.0340598 0.0424663 0.0385527 0.0429019 0.0422257 0.0312912 0.0283466 0.0509084 0.0594889 0.0423029 0.0403262 0.0369169 0.0331711 0.0342007 0.0494250 0.0520147 0.0522969 0.0345984 0.0346640 0.0330215 0.0402074 0.0344455 0.0482327 0.0410989 0.0353088 0.0347113 0.0406361 0.0450571 0.0585002 0.0375147 0.0465505 0.0588454 0.0348232 0.0314054 0.0585323 0.0448238 0.0338330 0.0610491 0.0540791 0.0428211 0.0316408 0.0357481 0.0318948 0.0541731 0.0413259 0.0404212 0.0498750 0.0332302 0.0532618 0.0347021 0.0375423 0.0310973 0.0414309 0.0518892 0.0495865 0.0342681 0.0567835 0.0356546 0.0434046 0.0366609 0.0308735 0.0336402 0.0309503 0.0419107 0.0338175 0.0543802 0.0484728 0.0380225 0.0317573 0.0515381 0.0505545 0.0509388 0.0314415 0.0353216 0.0361027 0.0360936 0.0349634 0.0442152 0.0447425 0.0414331 0.0518043 0.0372482 0.0397939 0.0526698 0.0542338 0.0371137 0.0719021 0.0352150 0.0395702 0.0551490 0.0569274 0.0552079 0.0310483 0.0335199 0.0319268 0.0347147 0.0525257 0.0341619 0.0642271 0.0628047 0.0561070 0.0521938 0.1044086 0.0571105 0.0654081 0.0649300 0.0422047 0.0387704 0.0519474 
I0200_988_Furnariidae_Furnarius_rufus                     0.0406165 0.0496220 0.0491914 0.0469809 0.0314165 0.0482503 0.0599444 0.0422841 0.0464018 0.0534610 0.0596711 0.0410997 0.0373407 0.0494075 0.0496168 0.0000000 0.0441657 0.0333468 0.0294185 0.0399355 0.0274597 0.0396288 0.0242876 0.0373520 0.0404604 0.0390687 0.0465767 0.0414344 0.0621625 0.0453068 0.0471844 0.0404310 0.0266490 0.0288926 0.0554989 0.0560121 0.0457325 0.0432066 0.0136007 0.0607080 0.0289549 0.0688090 0.0293778 0.0284393 0.0813974 0.0786752 0.0446893 0.0610507 0.0471941 0.0520270 0.0453818 0.0222919 0.0255771 0.0412739 0.0483625 0.0273133 0.0139008 0.0475539 0.0429686 0.0423940 0.0285276 0.0483229 0.0415182 0.0395454 0.0694055 0.0255488 0.0566927 0.0535951 0.0400731 0.0434812 0.0585385 0.0431934 0.0613280 0.0612174 0.0233405 0.0266180 0.0448365 0.0414213 0.0266262 0.0609255 0.0386101 0.0416440 0.0406031 0.0470906 0.0483696 0.0480527 0.0491408 0.0395592 0.0359295 0.0584601 0.0674634 0.0481314 0.0464189 0.0423171 0.0399143 0.0454814 0.0575591 0.0589513 0.0589188 0.0410390 0.0416208 0.0403410 0.0465457 0.0446030 0.0539946 0.0473782 0.0429531 0.0415285 0.0503436 0.0502393 0.0651622 0.0443372 0.0541586 0.0656032 0.0409387 0.0389988 0.0284709 0.0511740 0.0415885 0.0398931 0.0629639 0.0495346 0.0398860 0.0431837 0.0384446 0.0308860 0.0467719 0.0459215 0.0583423 0.0420134 0.0605428 0.0413366 0.0429108 0.0379234 0.0483235 0.0586776 0.0547834 0.0408721 0.0331652 0.0426879 0.0495525 0.0434682 0.0383892 0.0404798 0.0373412 0.0467144 0.0413105 0.0601634 0.0558745 0.0433399 0.0396908 0.0585454 0.0349499 0.0278079 0.0382090 0.0431586 0.0421949 0.0447174 0.0416099 0.0507458 0.0510384 0.0464050 0.0601234 0.0439718 0.0462609 0.0241461 0.0295950 0.0441049 0.0812125 0.0407653 0.0455723 0.0318242 0.0380341 0.0633312 0.0382062 0.0409151 0.0390007 0.0420119 0.0605279 0.0408820 0.0462081 0.0420953 0.0360890 0.0291254 0.1106485 0.0381459 0.0470231 0.0453430 0.0489628 0.0471304 0.0391066 
I0201_999_Scolopacidae_Tringa_solitaria                   0.0270765 0.0352387 0.0365578 0.0343592 0.0469519 0.0364283 0.0448259 0.0283441 0.0331363 0.0438759 0.0473855 0.0271216 0.0508195 0.0355387 0.0379782 0.0441657 0.0000000 0.0196989 0.0468548 0.0250104 0.0448062 0.0192296 0.0466364 0.0225770 0.0225705 0.0237907 0.0337213 0.0218182 0.0488776 0.0575305 0.0601690 0.0270780 0.0432820 0.0467948 0.0412454 0.0421813 0.0324591 0.0569672 0.0436330 0.0469312 0.0446553 0.0543187 0.0460202 0.0450491 0.0692283 0.0655674 0.0572995 0.0491210 0.0341859 0.0389870 0.0325932 0.0458456 0.0414646 0.0250865 0.0358158 0.0440520 0.0463854 0.0339446 0.0299732 0.0268108 0.0458618 0.0373696 0.0288885 0.0249800 0.0547164 0.0416556 0.0422465 0.0381001 0.0252021 0.0291114 0.0431465 0.0299219 0.0482837 0.0478570 0.0459505 0.0433375 0.0296865 0.0280522 0.0431913 0.0478500 0.0258605 0.0270173 0.0198141 0.0346885 0.0353802 0.0360500 0.0363777 0.0229530 0.0209910 0.0440003 0.0530956 0.0215804 0.0330353 0.0284764 0.0238383 0.0320132 0.0419697 0.0453444 0.0445873 0.0218669 0.0260243 0.0241725 0.0323948 0.0319495 0.0417904 0.0328603 0.0278928 0.0215350 0.0343444 0.0377131 0.0527153 0.0283711 0.0383017 0.0517715 0.0261665 0.0232882 0.0517128 0.0376682 0.0267016 0.0535704 0.0487260 0.0361004 0.0239017 0.0284730 0.0235216 0.0467497 0.0341658 0.0336477 0.0449269 0.0251622 0.0474973 0.0212848 0.0298472 0.0228853 0.0334255 0.0463488 0.0427753 0.0270135 0.0503374 0.0221945 0.0231406 0.0295122 0.0225517 0.0245342 0.0227135 0.0344502 0.0203813 0.0408836 0.0431005 0.0299692 0.0236832 0.0453278 0.0434029 0.0439875 0.0229500 0.0270054 0.0270442 0.0281362 0.0269433 0.0364997 0.0375135 0.0336870 0.0461989 0.0092323 0.0339193 0.0470682 0.0479161 0.0107038 0.0679366 0.0263161 0.0331495 0.0470320 0.0499503 0.0479043 0.0231082 0.0265342 0.0230706 0.0283431 0.0478045 0.0258920 0.0567480 0.0561476 0.0490433 0.0442339 0.0998587 0.0499555 0.0595834 0.0578946 0.0218525 0.0325877 0.0461288 
I0202_1066_Cathartidae_Cathartes_burrovianus              0.0146450 0.0253761 0.0260684 0.0251346 0.0368130 0.0257069 0.0358017 0.0173952 0.0197290 0.0331915 0.0369538 0.0167870 0.0399701 0.0243250 0.0271911 0.0333468 0.0196989 0.0000000 0.0370203 0.0147017 0.0347618 0.0154076 0.0365000 0.0130448 0.0152812 0.0138037 0.0214122 0.0162135 0.0395128 0.0473394 0.0502693 0.0154410 0.0328245 0.0363163 0.0327488 0.0325719 0.0209433 0.0465858 0.0335554 0.0367265 0.0350834 0.0453395 0.0364128 0.0346604 0.0625649 0.0561141 0.0471601 0.0385646 0.0237008 0.0303241 0.0215036 0.0359146 0.0319274 0.0153441 0.0265465 0.0333838 0.0358099 0.0223649 0.0189420 0.0169141 0.0359585 0.0270555 0.0175031 0.0150947 0.0458349 0.0315013 0.0348894 0.0286763 0.0154473 0.0184532 0.0357052 0.0193197 0.0390810 0.0387315 0.0358556 0.0331030 0.0195004 0.0174177 0.0333214 0.0381097 0.0167521 0.0151802 0.0156986 0.0247087 0.0253490 0.0264632 0.0269844 0.0139194 0.0027064 0.0354926 0.0446424 0.0242095 0.0234645 0.0189388 0.0139534 0.0212380 0.0336569 0.0360342 0.0362885 0.0158613 0.0147515 0.0140651 0.0227085 0.0221940 0.0316585 0.0237061 0.0173181 0.0160619 0.0247138 0.0277888 0.0428208 0.0184492 0.0292810 0.0431450 0.0157086 0.0130346 0.0415401 0.0279963 0.0158067 0.0425807 0.0401625 0.0263316 0.0134310 0.0170060 0.0128774 0.0366136 0.0241350 0.0236216 0.0363206 0.0154729 0.0374705 0.0167957 0.0201495 0.0124717 0.0223828 0.0362219 0.0322518 0.0169824 0.0398649 0.0180192 0.0260031 0.0197095 0.0123577 0.0145586 0.0118487 0.0251353 0.0157288 0.0385036 0.0340093 0.0196256 0.0130901 0.0359361 0.0326347 0.0337632 0.0122606 0.0171040 0.0174818 0.0187899 0.0167448 0.0272691 0.0278051 0.0240067 0.0366317 0.0190848 0.0239793 0.0374956 0.0376543 0.0186313 0.0604578 0.0162284 0.0207772 0.0373210 0.0394420 0.0393641 0.0130997 0.0153241 0.0130352 0.0178518 0.0385280 0.0159747 0.0478325 0.0449873 0.0381980 0.0340799 0.0913719 0.0397713 0.0491201 0.0485714 0.0245567 0.0218814 0.0360326 
I0203_1087_Tyrannidae_Hymenops_perspicillatus             0.0441803 0.0536066 0.0522556 0.0525188 0.0328614 0.0514191 0.0634501 0.0456189 0.0505345 0.0577661 0.0638217 0.0439706 0.0389933 0.0538731 0.0537753 0.0294185 0.0468548 0.0370203 0.0000000 0.0437373 0.0109333 0.0434157 0.0303915 0.0410266 0.0442197 0.0418627 0.0503085 0.0442867 0.0671293 0.0430575 0.0460885 0.0436041 0.0189397 0.0186086 0.0577225 0.0593750 0.0489997 0.0433744 0.0287155 0.0644108 0.0171351 0.0719459 0.0165079 0.0176614 0.0853125 0.0801654 0.0443187 0.0666517 0.0509244 0.0560365 0.0497513 0.0291220 0.0177410 0.0444272 0.0523938 0.0169385 0.0299476 0.0510213 0.0475168 0.0442924 0.0071545 0.0536447 0.0457589 0.0425922 0.0718091 0.0165371 0.0598155 0.0564075 0.0432273 0.0469989 0.0615428 0.0476422 0.0659798 0.0655404 0.0296914 0.0177896 0.0474311 0.0457487 0.0173775 0.0655645 0.0423687 0.0447487 0.0440496 0.0518979 0.0520914 0.0523172 0.0548534 0.0421772 0.0396810 0.0623597 0.0719569 0.0509902 0.0509948 0.0469869 0.0429598 0.0490922 0.0599338 0.0626362 0.0610747 0.0440508 0.0449658 0.0428663 0.0492094 0.0487373 0.0573100 0.0492542 0.0449860 0.0439967 0.0525690 0.0542617 0.0697685 0.0475469 0.0571424 0.0697089 0.0446466 0.0415634 0.0326786 0.0554551 0.0442148 0.0415224 0.0663816 0.0532675 0.0428015 0.0465076 0.0427356 0.0336093 0.0521169 0.0504332 0.0617836 0.0442938 0.0652585 0.0452366 0.0471967 0.0416894 0.0514215 0.0625796 0.0593067 0.0456225 0.0329070 0.0456459 0.0537623 0.0477148 0.0417513 0.0434274 0.0412665 0.0504849 0.0443248 0.0657140 0.0580654 0.0476704 0.0423910 0.0592808 0.0348273 0.0176591 0.0420906 0.0458152 0.0460534 0.0466822 0.0449751 0.0548081 0.0555672 0.0506023 0.0642065 0.0461525 0.0507540 0.0301435 0.0096772 0.0469804 0.0843673 0.0444602 0.0489735 0.0333358 0.0376733 0.0666803 0.0417907 0.0440895 0.0424168 0.0469086 0.0642311 0.0440030 0.0444627 0.0409481 0.0366238 0.0296234 0.1146768 0.0382988 0.0457073 0.0429594 0.0515840 0.0507682 0.0411309 
I0204_1174_Threskiornithidae_Harpiprion_caerulescens      0.0205234 0.0322858 0.0312526 0.0309199 0.0431178 0.0311479 0.0418436 0.0224751 0.0286887 0.0400877 0.0430355 0.0217283 0.0459276 0.0306887 0.0324040 0.0399355 0.0250104 0.0147017 0.0437373 0.0000000 0.0409109 0.0200306 0.0427533 0.0187849 0.0201166 0.0170249 0.0291289 0.0213568 0.0456445 0.0540782 0.0563472 0.0216467 0.0399521 0.0426663 0.0381108 0.0382179 0.0283188 0.0530859 0.0395166 0.0419334 0.0415458 0.0503318 0.0421401 0.0416568 0.0659569 0.0589242 0.0544768 0.0448669 0.0293870 0.0345066 0.0266737 0.0418423 0.0384540 0.0187030 0.0317859 0.0399100 0.0419464 0.0296935 0.0239678 0.0203223 0.0423078 0.0332404 0.0232522 0.0202932 0.0507171 0.0379567 0.0398173 0.0334112 0.0180754 0.0244399 0.0406564 0.0239799 0.0452942 0.0441738 0.0424782 0.0398841 0.0244128 0.0230551 0.0395643 0.0443636 0.0222633 0.0209070 0.0207798 0.0300142 0.0315678 0.0318943 0.0323797 0.0165354 0.0160100 0.0408689 0.0503300 0.0298106 0.0287402 0.0233453 0.0175058 0.0269147 0.0389839 0.0424477 0.0412035 0.0204731 0.0208485 0.0179280 0.0275125 0.0280090 0.0372635 0.0279676 0.0234485 0.0207044 0.0294151 0.0328165 0.0487286 0.0219601 0.0341761 0.0481522 0.0209789 0.0163971 0.0474730 0.0321709 0.0191948 0.0495378 0.0456424 0.0316980 0.0164445 0.0227543 0.0173191 0.0423856 0.0306416 0.0292216 0.0403337 0.0191696 0.0436374 0.0216656 0.0250986 0.0163724 0.0273939 0.0428754 0.0368397 0.0217986 0.0462124 0.0230781 0.0313091 0.0246454 0.0164909 0.0199438 0.0162195 0.0299194 0.0206307 0.0443731 0.0400120 0.0251474 0.0171194 0.0417819 0.0385176 0.0402107 0.0163052 0.0206248 0.0220907 0.0224064 0.0219962 0.0319311 0.0332039 0.0291694 0.0417266 0.0238736 0.0291626 0.0430403 0.0443109 0.0236653 0.0642489 0.0213753 0.0282995 0.0430099 0.0458237 0.0444002 0.0174222 0.0202034 0.0167875 0.0234841 0.0435023 0.0212227 0.0542190 0.0516485 0.0440100 0.0397465 0.0967974 0.0460657 0.0565082 0.0553368 0.0299494 0.0281131 0.0416025 
