37
Burramyidae_Burramys_parvus                  0.0000000 0.1227546 0.0938565 0.0942866 0.0914846 0.1427599 0.0807179 0.0804418 0.0968703 0.1351484 0.0731486 0.1295540 0.0761605 0.0834804 0.1411454 0.1380657 0.1277080 0.0949894 0.0875370 0.1601208 0.1672849 0.0804928 0.0798874 0.0963722 0.0981078 0.1108853 0.1000712 0.0818991 0.1327796 0.1426485 0.1358343 0.1365167 0.1365167 0.3518660 0.3063294 0.3118309 0.2518882 
Notoryctidae_Notoryctes_typhlops             0.1227546 0.0000000 0.1192619 0.1212687 0.1204738 0.1372063 0.1142035 0.1142797 0.1189625 0.1316611 0.1062803 0.1201400 0.1017421 0.1191695 0.1321069 0.1298783 0.1124367 0.1239479 0.1216030 0.1572531 0.1472308 0.1200751 0.1050068 0.1258960 0.1323923 0.1273110 0.1495008 0.1160862 0.1170660 0.1338671 0.1325630 0.1853990 0.1853990 0.2975914 0.2805745 0.3008078 0.2521389 
Vombatidae_Lasiorhinus_latifrons             0.0938565 0.1192619 0.0000000 0.1086678 0.1071134 0.1496365 0.0905097 0.0874524 0.1053572 0.1300632 0.0912473 0.1492730 0.0889994 0.0985502 0.1527241 0.1461191 0.1195199 0.1078328 0.0893855 0.1635842 0.1581284 0.0951435 0.0931649 0.1072786 0.0933600 0.1206090 0.1204915 0.0881791 0.1316751 0.1494140 0.1300638 9.0000000 9.0000000 0.3824317 0.3201597 0.3836034 0.2302917 
Potoroidae_Bettongia_penicillata             0.0942866 0.1212687 0.1086678 0.0000000 0.0072770 0.1171607 0.0780597 0.0788748 0.0130177 0.1460420 0.0824385 0.1216439 0.0912810 0.0910597 0.1158480 0.1140383 0.1296306 0.0352235 0.0825826 0.1513351 0.1466748 0.0601541 0.0791627 0.0395003 0.1032916 0.1120939 0.1139172 0.0803153 0.1381296 0.1157701 0.1481184 0.2255318 0.2255318 0.2497737 0.2123118 0.2347179 0.2470399 
Potoroidae_Bettongia_lesueur                 0.0914846 0.1204738 0.1071134 0.0072770 0.0000000 0.1164249 0.0774370 0.0784331 0.0161178 0.1446689 0.0820320 0.1207487 0.0930273 0.0858647 0.1138635 0.1121363 0.1265054 0.0352425 0.0809770 0.1513353 0.1461645 0.0596682 0.0774777 0.0390176 0.1028538 0.1077536 0.1105508 0.0820029 0.1359831 0.1149738 0.1467267 0.2287162 0.2287162 0.2463529 0.2052044 0.2334833 0.2458167 
Dasyuridae_Dasyurus_maculatus                0.1427599 0.1372063 0.1496365 0.1171607 0.1164249 0.0000000 0.1191992 0.1219890 0.1148236 0.1685910 0.1276410 0.0323745 0.1323043 0.1408840 0.0271285 0.0075469 0.1533878 0.1197742 0.1290896 0.1552453 0.1576020 0.1305669 0.1288914 0.1194439 0.1526205 0.1459778 0.1695849 0.1223441 0.1703420 0.0075648 0.1707435 0.2328969 0.2328969 0.0668935 0.0569194 0.0442976 0.3022170 
Phalangeridae_Trichosurus_vulpecula          0.0807179 0.1142035 0.0905097 0.0780597 0.0774370 0.1191992 0.0000000 0.0228760 0.0803018 0.1293682 0.0257675 0.1279365 0.0323213 0.0862716 0.1197755 0.1127523 0.1142290 0.0794189 0.0738347 0.1331089 0.1379937 0.0661428 0.0715696 0.0818761 0.0954407 0.1123034 0.1077479 0.0228511 0.1302876 0.1199010 0.1310586 0.2291791 0.2291791 0.2668460 0.2423131 0.2567326 0.2342636 
Phalangeridae_Spilocuscus_maculatus          0.0804418 0.1142797 0.0874524 0.0788748 0.0784331 0.1219890 0.0228760 0.0000000 0.0800813 0.1294875 0.0107273 0.1275719 0.0201381 0.0778449 0.1192239 0.1164570 0.1153703 0.0757479 0.0713569 0.1331528 0.1381385 0.0654353 0.0670000 0.0781758 0.0917277 0.1073842 0.0989056 0.0114379 0.1287784 0.1204130 0.1313245 0.2052905 0.2052905 0.2716752 0.2424405 0.2579813 0.2343714 
Potoroidae_Aepyprymnus_rufescens             0.0968703 0.1189625 0.1053572 0.0130177 0.0161178 0.1148236 0.0803018 0.0800813 0.0000000 0.1422975 0.0833461 0.1185986 0.0925348 0.0894896 0.1130354 0.1119027 0.1272692 0.0373567 0.0850495 0.1490180 0.1456559 0.0612170 0.0815004 0.0390968 0.1077616 0.1114950 0.1101285 0.0815242 0.1366343 0.1134438 0.1443263 0.2364230 0.2364230 0.2399443 0.2071953 0.2273348 0.2377654 
Peramelidae_Perameles_nasuta                 0.1351484 0.1316611 0.1300632 0.1460420 0.1446689 0.1685910 0.1293682 0.1294875 0.1422975 0.0000000 0.1234959 0.1571150 0.1202722 0.1308532 0.1664509 0.1638681 0.0313538 0.1455601 0.1362040 0.1860311 0.1854583 0.1385896 0.1311653 0.1460728 0.1415779 0.1518714 0.1608209 0.1303314 0.0429256 0.1640210 0.0044131 0.1839836 0.1839836 0.4723710 0.4128466 0.4707128 0.3298376 
Phalangeridae_Strigocuscus_pelengensis       0.0731486 0.1062803 0.0912473 0.0824385 0.0820320 0.1276410 0.0257675 0.0107273 0.0833461 0.1234959 0.0000000 0.1268546 0.0149843 0.0806683 0.1254975 0.1213426 0.1180502 0.0804867 0.0709645 0.1371119 0.1394388 0.0674004 0.0647119 0.0806158 0.0837074 0.1017955 0.1040667 0.0140410 0.1223514 0.1257754 0.1244755 0.0799728 0.0799728 0.2812100 0.2510709 0.2678563 0.2150573 
Dasyuridae_Phascogale_tapoatafa              0.1295540 0.1201400 0.1492730 0.1216439 0.1207487 0.0323745 0.1279365 0.1275719 0.1185986 0.1571150 0.1268546 0.0000000 0.1200990 0.1383081 0.0139294 0.0303819 0.1516759 0.1230111 0.1360995 0.1587379 0.1626031 0.1312471 0.1290512 0.1238298 0.1422236 0.1349526 0.1684563 0.1292357 0.1544839 0.0304782 0.1585922 0.0886053 0.0886053 0.0872039 0.0657206 0.0356935 0.2705874 
Phalangeridae_Phalanger_orientalis           0.0761605 0.1017421 0.0889994 0.0912810 0.0930273 0.1323043 0.0323213 0.0201381 0.0925348 0.1202722 0.0149843 0.1200990 0.0000000 0.0831341 0.1296595 0.1278915 0.1173588 0.0887189 0.0818108 0.1445306 0.1477924 0.0739721 0.0700551 0.0901878 0.0862761 0.0986929 0.1049887 0.0141821 0.1227303 0.1308053 0.1206808 0.0814038 0.0814038 0.3068774 0.2642125 0.2961242 0.2132854 
Acrobatidae_Acrobates_pygmaeus               0.0834804 0.1191695 0.0985502 0.0910597 0.0858647 0.1408840 0.0862716 0.0778449 0.0894896 0.1308532 0.0806683 0.1383081 0.0831341 0.0000000 0.1406971 0.1343835 0.1231693 0.0910362 0.0786839 0.1545618 0.1549406 0.0864242 0.0689034 0.0909332 0.0829083 0.0986099 0.0693143 0.0826523 0.1280848 0.1389191 0.1305834 0.1518534 0.1518534 0.3047698 0.2700203 0.3128857 0.2467338 
Dasyuridae_Phascogale_calura                 0.1411454 0.1321069 0.1527241 0.1158480 0.1138635 0.0271285 0.1197755 0.1192239 0.1130354 0.1664509 0.1254975 0.0139294 0.1296595 0.1406971 0.0000000 0.0245963 0.1532592 0.1161709 0.1301851 0.1514880 0.1528879 0.1266425 0.1302101 0.1175245 0.1520005 0.1472439 0.1727839 0.1214900 0.1666540 0.0252346 0.1687286 0.2314629 0.2314629 0.0750558 0.0627529 0.0275826 0.3163120 
Dasyuridae_Sarcophilus_harrisii              0.1380657 0.1298783 0.1461191 0.1140383 0.1121363 0.0075469 0.1127523 0.1164570 0.1119027 0.1638681 0.1213426 0.0303819 0.1278915 0.1343835 0.0245963 0.0000000 0.1470622 0.1149135 0.1241066 0.1509300 0.1520332 0.1282671 0.1212530 0.1151206 0.1472466 0.1427722 0.1641014 0.1180198 0.1642617 0.0066713 0.1661164 0.2328969 0.2328969 0.0617398 0.0520663 0.0389595 0.2933491 
Peramelidae_Echymipera_kalubu                0.1277080 0.1124367 0.1195199 0.1296306 0.1265054 0.1533878 0.1142290 0.1153703 0.1272692 0.0313538 0.1180502 0.1516759 0.1173588 0.1231693 0.1532592 0.1470622 0.0000000 0.1284245 0.1123896 0.1758418 0.1732042 0.1241751 0.1190952 0.1310526 0.1140757 0.1421629 0.1569794 0.1190006 0.0381725 0.1490545 0.0291701 9.0000000 9.0000000 0.3941953 0.3533409 0.4030805 0.2649661 
Macropodidae_Dorcopsulus_vanheurni           0.0949894 0.1239479 0.1078328 0.0352235 0.0352425 0.1197742 0.0794189 0.0757479 0.0373567 0.1455601 0.0804867 0.1230111 0.0887189 0.0910362 0.1161709 0.1149135 0.1284245 0.0000000 0.0844973 0.1582603 0.1508722 0.0672513 0.0826157 0.0219111 0.1053330 0.1106708 0.1104288 0.0805233 0.1388688 0.1172989 0.1493827 0.2758012 0.2758012 0.2600345 0.2212994 0.2431698 0.2572118 
Pseudochiridae_Pseudochirulus_forbesi        0.0875370 0.1216030 0.0893855 0.0825826 0.0809770 0.1290896 0.0738347 0.0713569 0.0850495 0.1362040 0.0709645 0.1360995 0.0818108 0.0786839 0.1301851 0.1241066 0.1123896 0.0844973 0.0000000 0.1421996 0.1388100 0.0798484 0.0475841 0.0829698 0.0413032 0.1029055 0.0982763 0.0754570 0.1345011 0.1277481 0.1366795 0.2139539 0.2139539 0.2915501 0.2558332 0.2833481 0.2588749 
Didelphidae_Didelphis_virginiana             0.1601208 0.1572531 0.1635842 0.1513351 0.1513353 0.1552453 0.1331089 0.1331528 0.1490180 0.1860311 0.1371119 0.1587379 0.1445306 0.1545618 0.1514880 0.1509300 0.1758418 0.1582603 0.1421996 0.0000000 0.0448826 0.1342676 0.1373067 0.1575108 0.1677577 0.1766917 0.1800769 0.1337871 0.1852006 0.1545495 0.1880059 0.2709610 0.2709610 0.3855417 0.3561527 0.3883752 0.3986705 
Marmosidae_Monodelphis_domestica             0.1672849 0.1472308 0.1581284 0.1466748 0.1461645 0.1576020 0.1379937 0.1381385 0.1456559 0.1854583 0.1394388 0.1626031 0.1477924 0.1549406 0.1528879 0.1520332 0.1732042 0.1508722 0.1388100 0.0448826 0.0000000 0.1377888 0.1389958 0.1515253 0.1627158 0.1750811 0.1848681 0.1375501 0.1893172 0.1577527 0.1874202 0.3017708 0.3017708 0.3808345 0.3829454 0.4079356 0.4052657 
Hypsiprymnodontidae_Hypsiprymnodon_moschatus 0.0804928 0.1200751 0.0951435 0.0601541 0.0596682 0.1305669 0.0661428 0.0654353 0.0612170 0.1385896 0.0674004 0.1312471 0.0739721 0.0864242 0.1266425 0.1282671 0.1241751 0.0672513 0.0798484 0.1342676 0.1377888 0.0000000 0.0751181 0.0701506 0.0996971 0.1075647 0.1030816 0.0679674 0.1348775 0.1306747 0.1413367 0.1769380 0.1769380 0.2889795 0.2474445 0.2698355 0.2511575 
Pseudochiridae_Petauroides_volans            0.0798874 0.1050068 0.0931649 0.0791627 0.0774777 0.1288914 0.0715696 0.0670000 0.0815004 0.1311653 0.0647119 0.1290512 0.0700551 0.0689034 0.1302101 0.1212530 0.1190952 0.0826157 0.0475841 0.1373067 0.1389958 0.0751181 0.0000000 0.0822497 0.0569802 0.0873074 0.0869920 0.0701224 0.1214040 0.1260829 0.1314941 0.1382657 0.1382657 0.2715245 0.2403814 0.2685418 0.2022100 
Macropodidae_Wallabia_bicolor                0.0963722 0.1258960 0.1072786 0.0395003 0.0390176 0.1194439 0.0818761 0.0781758 0.0390968 0.1460728 0.0806158 0.1238298 0.0901878 0.0909332 0.1175245 0.1151206 0.1310526 0.0219111 0.0829698 0.1575108 0.1515253 0.0701506 0.0822497 0.0000000 0.1035672 0.1105114 0.1094375 0.0807476 0.1420563 0.1182250 0.1488844 0.2372627 0.2372627 0.2669436 0.2303139 0.2489878 0.2674457 
Pseudochiridae_Pseudocheirus_occidentalis    0.0981078 0.1323923 0.0933600 0.1032916 0.1028538 0.1526205 0.0954407 0.0917277 0.1077616 0.1415779 0.0837074 0.1422236 0.0862761 0.0829083 0.1520005 0.1472466 0.1140757 0.1053330 0.0413032 0.1677577 0.1627158 0.0996971 0.0569802 0.1035672 0.0000000 0.1035516 0.1019042 0.0951053 0.1365108 0.1511254 0.1412525 0.4462326 0.4462326 0.3902227 0.3304122 0.3872302 0.2628185 
Tarsipedidae_Tarsipes_rostratus              0.1108853 0.1273110 0.1206090 0.1120939 0.1077536 0.1459778 0.1123034 0.1073842 0.1114950 0.1518714 0.1017955 0.1349526 0.0986929 0.0986099 0.1472439 0.1427722 0.1421629 0.1106708 0.1029055 0.1766917 0.1750811 0.1075647 0.0873074 0.1105114 0.1035516 0.0000000 0.1290958 0.1110728 0.1397695 0.1476186 0.1544228 0.1329286 0.1329286 0.3574014 0.3077178 0.3536899 0.2503572 
Acrobatidae_Distoechurus_pennatus            0.1000712 0.1495008 0.1204915 0.1139172 0.1105508 0.1695849 0.1077479 0.0989056 0.1101285 0.1608209 0.1040667 0.1684563 0.1049887 0.0693143 0.1727839 0.1641014 0.1569794 0.1104288 0.0982763 0.1800769 0.1848681 0.1030816 0.0869920 0.1094375 0.1019042 0.1290958 0.0000000 0.1041668 0.1602527 0.1709545 0.1621611 0.2270372 0.2270372 0.4508885 0.3656439 0.4436793 0.2974017 
Phalangeridae_Phalanger_carmelitae           0.0818991 0.1160862 0.0881791 0.0803153 0.0820029 0.1223441 0.0228511 0.0114379 0.0815242 0.1303314 0.0140410 0.1292357 0.0141821 0.0826523 0.1214900 0.1180198 0.1190006 0.0805233 0.0754570 0.1337871 0.1375501 0.0679674 0.0701224 0.0807476 0.0951053 0.1110728 0.1041668 0.0000000 0.1323490 0.1207704 0.1316131 0.2051339 0.2051339 0.2736446 0.2459051 0.2637177 0.2426897 
Peramelidae_Peroryctes_raffrayana            0.1327796 0.1170660 0.1316751 0.1381296 0.1359831 0.1703420 0.1302876 0.1287784 0.1366343 0.0429256 0.1223514 0.1544839 0.1227303 0.1280848 0.1666540 0.1642617 0.0381725 0.1388688 0.1345011 0.1852006 0.1893172 0.1348775 0.1214040 0.1420563 0.1365108 0.1397695 0.1602527 0.1323490 0.0000000 0.1664820 0.0447777 0.1414582 0.1414582 0.4484069 0.4040787 0.4617684 0.3143577 
Dasyuridae_Dasyurus_geffroii                 0.1426485 0.1338671 0.1494140 0.1157701 0.1149738 0.0075648 0.1199010 0.1204130 0.1134438 0.1640210 0.1257754 0.0304782 0.1308053 0.1389191 0.0252346 0.0066713 0.1490545 0.1172989 0.1277481 0.1545495 0.1577527 0.1306747 0.1260829 0.1182250 0.1511254 0.1476186 0.1709545 0.1207704 0.1664820 0.0000000 0.1662715 0.2488371 0.2488371 0.0669801 0.0561868 0.0409277 0.3014709 
Peramelidae_Perameles_gunnii                 0.1358343 0.1325630 0.1300638 0.1481184 0.1467267 0.1707435 0.1310586 0.1313245 0.1443263 0.0044131 0.1244755 0.1585922 0.1206808 0.1305834 0.1687286 0.1661164 0.0291701 0.1493827 0.1366795 0.1880059 0.1874202 0.1413367 0.1314941 0.1488844 0.1412525 0.1544228 0.1621611 0.1316131 0.0447777 0.1662715 0.0000000 0.1999337 0.1999337 0.4931840 0.4246773 0.4823323 0.3409746 
Thylacomyidae_Macrotis_lagotis1              0.1365167 0.1853990 9.0000000 0.2255318 0.2287162 0.2328969 0.2291791 0.2052905 0.2364230 0.1839836 0.0799728 0.0886053 0.0814038 0.1518534 0.2314629 0.2328969 9.0000000 0.2758012 0.2139539 0.2709610 0.3017708 0.1769380 0.1382657 0.2372627 0.4462326 0.1329286 0.2270372 0.2051339 0.1414582 0.2488371 0.1999337 0.0000000 0.0000010 0.2431128 0.1759958 0.2464838 0.2331999 
Thylacomyidae_Macrotis_lagotis2              0.1365167 0.1853990 9.0000000 0.2255318 0.2287162 0.2328969 0.2291791 0.2052905 0.2364230 0.1839836 0.0799728 0.0886053 0.0814038 0.1518534 0.2314629 0.2328969 9.0000000 0.2758012 0.2139539 0.2709610 0.3017708 0.1769380 0.1382657 0.2372627 0.4462326 0.1329286 0.2270372 0.2051339 0.1414582 0.2488371 0.1999337 0.0000010 0.0000000 0.2431128 0.1759958 0.2464838 0.2331999 
Dasyuridae_Sminthopsis_macroura              0.3518660 0.2975914 0.3824317 0.2497737 0.2463529 0.0668935 0.2668460 0.2716752 0.2399443 0.4723710 0.2812100 0.0872039 0.3068774 0.3047698 0.0750558 0.0617398 0.3941953 0.2600345 0.2915501 0.3855417 0.3808345 0.2889795 0.2715245 0.2669436 0.3902227 0.3574014 0.4508885 0.2736446 0.4484069 0.0669801 0.4931840 0.2431128 0.2431128 0.0000000 0.0635992 0.0746631 0.3450792 
Dasyuridae_Planigale_tenuirostris            0.3063294 0.2805745 0.3201597 0.2123118 0.2052044 0.0569194 0.2423131 0.2424405 0.2071953 0.4128466 0.2510709 0.0657206 0.2642125 0.2700203 0.0627529 0.0520663 0.3533409 0.2212994 0.2558332 0.3561527 0.3829454 0.2474445 0.2403814 0.2303139 0.3304122 0.3077178 0.3656439 0.2459051 0.4040787 0.0561868 0.4246773 0.1759958 0.1759958 0.0635992 0.0000000 0.0653977 0.2931266 
Dasyuridae_Antechinus_stuartii               0.3118309 0.3008078 0.3836034 0.2347179 0.2334833 0.0442976 0.2567326 0.2579813 0.2273348 0.4707128 0.2678563 0.0356935 0.2961242 0.3128857 0.0275826 0.0389595 0.4030805 0.2431698 0.2833481 0.3883752 0.4079356 0.2698355 0.2685418 0.2489878 0.3872302 0.3536899 0.4436793 0.2637177 0.4617684 0.0409277 0.4823323 0.2464838 0.2464838 0.0746631 0.0653977 0.0000000 0.3261207 
Microbiotheriidae_Dromiciops_gliroides       0.2518882 0.2521389 0.2302917 0.2470399 0.2458167 0.3022170 0.2342636 0.2343714 0.2377654 0.3298376 0.2150573 0.2705874 0.2132854 0.2467338 0.3163120 0.2933491 0.2649661 0.2572118 0.2588749 0.3986705 0.4052657 0.2511575 0.2022100 0.2674457 0.2628185 0.2503572 0.2974017 0.2426897 0.3143577 0.3014709 0.3409746 0.2331999 0.2331999 0.3450792 0.2931266 0.3261207 0.0000000 
