35
Burramyidae_Burramys_parvus                  0.0000000 0.1061746 0.0775374 0.0801602 0.0787915 0.1186375 0.0691272 0.0713063 0.0777708 0.1385677 0.0724702 0.1221573 0.1190776 0.0707777 0.0751276 0.1215515 0.1198563 0.1228511 0.1403119 0.0824008 0.0931292 0.1677889 0.1631840 0.1173907 0.0815817 0.0830415 0.0825547 0.0914197 0.0864544 0.0982823 0.0809450 0.0690908 0.1547537 0.1215773 0.1376105 
Notoryctidae_Notoryctes_typhlops             0.1061746 0.0000000 0.1113099 0.1177452 0.1183096 0.1220430 0.1079421 0.1069680 0.1197944 0.1510051 0.1021027 0.1259179 0.1244270 0.1070327 0.1206892 0.1245645 0.1220404 0.1228566 0.1547668 0.1276772 0.1265993 0.1820549 0.1734696 0.1218077 0.1190659 0.1068823 0.1171449 0.1385719 0.1196079 0.1591652 0.1201796 0.1064139 0.1665145 0.1232350 0.1494696 
Vombatidae_Lasiorhinus_latifrons             0.0775374 0.1113099 0.0000000 0.0971218 0.0957448 0.1209782 0.0804881 0.0817696 0.0940125 0.1521418 0.0810252 0.1265796 0.1201381 0.0834992 0.0929067 0.1253479 0.1259745 0.1280976 0.1495185 0.0994610 0.0994539 0.1744327 0.1653937 0.1217193 0.0909284 0.0995455 0.0936713 0.1079911 0.0906609 0.1265056 0.0963422 0.0810655 0.1695541 0.1239645 0.1487632 
Potoroidae_Bettongia_penicillata             0.0801602 0.1177452 0.0971218 0.0000000 0.0079923 0.1237655 0.0826486 0.0899672 0.0259155 0.1508567 0.0877653 0.1250583 0.1244203 0.0870387 0.0849615 0.1246234 0.1265516 0.1232958 0.1482285 0.0409338 0.0990083 0.1810278 0.1804393 0.1196559 0.0586395 0.1035123 0.0950936 0.0542815 0.0888885 0.1145386 0.0846230 0.0864596 0.1668305 0.1241423 0.1483101 
Potoroidae_Bettongia_lesueur                 0.0787915 0.1183096 0.0957448 0.0079923 0.0000000 0.1207581 0.0806084 0.0884827 0.0243371 0.1473904 0.0856769 0.1213945 0.1226704 0.0849966 0.0835779 0.1209579 0.1235130 0.1206433 0.1462759 0.0382045 0.0952412 0.1753965 0.1766959 0.1178550 0.0557405 0.1012522 0.0923509 0.0524491 0.0862930 0.1123453 0.0808459 0.0844218 0.1615081 0.1211229 0.1455564 
Dasyuridae_Dasyurus_maculatus                0.1186375 0.1220430 0.1209782 0.1237655 0.1207581 0.0000000 0.1115458 0.1176439 0.1189622 0.1531719 0.1139732 0.0265621 0.0361276 0.1164061 0.1218974 0.0245685 0.0093835 0.0381374 0.1506498 0.1265781 0.1361521 0.1899261 0.1828940 0.0207504 0.1205455 0.1143263 0.1352927 0.1360078 0.1281425 0.1562834 0.1335937 0.1145486 0.1635263 0.0070345 0.1502994 
Phalangeridae_Trichosurus_vulpecula          0.0691272 0.1079421 0.0804881 0.0826486 0.0806084 0.1115458 0.0000000 0.0263831 0.0812233 0.1371808 0.0274832 0.1158037 0.1123732 0.0264022 0.0775013 0.1143785 0.1139937 0.1138212 0.1301320 0.0853982 0.0908427 0.1712167 0.1660889 0.1108669 0.0839365 0.0924198 0.0872174 0.0920538 0.0842514 0.1101065 0.0846111 0.0248918 0.1524360 0.1139036 0.1336519 
Phalangeridae_Spilocuscus_maculatus          0.0713063 0.1069680 0.0817696 0.0899672 0.0884827 0.1176439 0.0263831 0.0000000 0.0866612 0.1364064 0.0198441 0.1194629 0.1168172 0.0141167 0.0787501 0.1179738 0.1175813 0.1189489 0.1377124 0.0939022 0.0966142 0.1670685 0.1644370 0.1146371 0.0840885 0.0933463 0.0915031 0.0982215 0.0899129 0.1104073 0.0840564 0.0136380 0.1578576 0.1193957 0.1343656 
Potoroidae_Aepyprymnus_rufescens             0.0777708 0.1197944 0.0940125 0.0259155 0.0243371 0.1189622 0.0812233 0.0866612 0.0000000 0.1430968 0.0844764 0.1200182 0.1198172 0.0825923 0.0818829 0.1195787 0.1189598 0.1199072 0.1407127 0.0406641 0.0983887 0.1763473 0.1762501 0.1179053 0.0562394 0.0995547 0.0924765 0.0455928 0.0914223 0.1118269 0.0832201 0.0820170 0.1601991 0.1193227 0.1400400 
Peramelidae_Perameles_nasuta                 0.1385677 0.1510051 0.1521418 0.1508567 0.1473904 0.1531719 0.1371808 0.1364064 0.1430968 0.0000000 0.1401945 0.1552948 0.1593142 0.1386588 0.1414080 0.1556927 0.1473953 0.1578477 0.0207880 0.1463899 0.1672625 0.2105059 0.2058902 0.1488913 0.1408389 0.1404263 0.1555512 0.1585545 0.1600612 0.1703996 0.1476347 0.1386741 0.0300557 0.1528028 0.0004828 
Phalangeridae_Strigocuscus_pelengensis       0.0724702 0.1021027 0.0810252 0.0877653 0.0856769 0.1139732 0.0274832 0.0198441 0.0844764 0.1401945 0.0000000 0.1156877 0.1144123 0.0173802 0.0794370 0.1149396 0.1151788 0.1150829 0.1381096 0.0899042 0.0958935 0.1671640 0.1644113 0.1101041 0.0822003 0.0938238 0.0925779 0.0955064 0.0858222 0.1151469 0.0842717 0.0163950 0.1592640 0.1156666 0.1373300 
Dasyuridae_Phascogale_tapoatafa              0.1221573 0.1259179 0.1265796 0.1250583 0.1213945 0.0265621 0.1158037 0.1194629 0.1200182 0.1552948 0.1156877 0.0000000 0.0403495 0.1155095 0.1207666 0.0075283 0.0250589 0.0398799 0.1547607 0.1237895 0.1424772 0.1924947 0.1856882 0.0192916 0.1221507 0.1195817 0.1382760 0.1337626 0.1362054 0.1543510 0.1318004 0.1130262 0.1637336 0.0261431 0.1502645 
Dasyuridae_Sminthopsis_macroura              0.1190776 0.1244270 0.1201381 0.1244203 0.1226704 0.0361276 0.1123732 0.1168172 0.1198172 0.1593142 0.1144123 0.0403495 0.0000000 0.1155925 0.1242647 0.0393114 0.0340952 0.0270422 0.1586407 0.1271266 0.1391898 0.1808141 0.1815168 0.0359556 0.1255993 0.1173322 0.1381002 0.1348562 0.1342081 0.1628788 0.1307890 0.1125093 0.1683887 0.0378105 0.1548472 
Phalangeridae_Phalanger_orientalis           0.0707777 0.1070327 0.0834992 0.0870387 0.0849966 0.1164061 0.0264022 0.0141167 0.0825923 0.1386588 0.0173802 0.1155095 0.1155925 0.0000000 0.0775258 0.1152778 0.1157297 0.1157406 0.1357657 0.0897614 0.0948419 0.1698407 0.1659042 0.1127745 0.0810816 0.0940117 0.0909559 0.0959297 0.0869425 0.1140060 0.0816194 0.0065186 0.1556018 0.1181491 0.1357310 
Acrobatidae_Acrobates_pygmaeus               0.0751276 0.1206892 0.0929067 0.0849615 0.0835779 0.1218974 0.0775013 0.0787501 0.0818829 0.1414080 0.0794370 0.1207666 0.1242647 0.0775258 0.0000000 0.1207578 0.1212109 0.1300838 0.1384364 0.0877426 0.0938678 0.1796110 0.1707015 0.1208123 0.0805560 0.0946880 0.0827557 0.0964026 0.0846528 0.1090688 0.0470548 0.0769633 0.1562753 0.1211457 0.1397914 
Dasyuridae_Phascogale_calura                 0.1215515 0.1245645 0.1253479 0.1246234 0.1209579 0.0245685 0.1143785 0.1179738 0.1195787 0.1556927 0.1149396 0.0075283 0.0393114 0.1152778 0.1207578 0.0000000 0.0240622 0.0387991 0.1552403 0.1246504 0.1427268 0.1957139 0.1871484 0.0173095 0.1217186 0.1174558 0.1379374 0.1339065 0.1363682 0.1543824 0.1316626 0.1128003 0.1635864 0.0241574 0.1506521 
Dasyuridae_Sarcophilus_harrisii              0.1198563 0.1220404 0.1259745 0.1265516 0.1235130 0.0093835 0.1139937 0.1175813 0.1189598 0.1473953 0.1151788 0.0250589 0.0340952 0.1157297 0.1212109 0.0240622 0.0000000 0.0348275 0.1519359 0.1252773 0.1400003 0.1910369 0.1820679 0.0207414 0.1219539 0.1155404 0.1358757 0.1353376 0.1308691 0.1506411 0.1328872 0.1138754 0.1604771 0.0108466 0.1447123 
Dasyuridae_Planigale_tenuirostris            0.1228511 0.1228566 0.1280976 0.1232958 0.1206433 0.0381374 0.1138212 0.1189489 0.1199072 0.1578477 0.1150829 0.0398799 0.0270422 0.1157406 0.1300838 0.0387991 0.0348275 0.0000000 0.1615181 0.1256914 0.1447213 0.1882610 0.1814885 0.0371222 0.1242338 0.1221729 0.1394824 0.1286449 0.1357624 0.1538714 0.1322830 0.1141843 0.1686921 0.0388213 0.1563551 
Peramelidae_Echymipera_kalubu                0.1403119 0.1547668 0.1495185 0.1482285 0.1462759 0.1506498 0.1301320 0.1377124 0.1407127 0.0207880 0.1381096 0.1547607 0.1586407 0.1357657 0.1384364 0.1552403 0.1519359 0.1615181 0.0000000 0.1461579 0.1645782 0.2197326 0.2110276 0.1490627 0.1426328 0.1423930 0.1544092 0.1579578 0.1565742 0.1798512 0.1489947 0.1357802 0.0280411 0.1530352 0.0197341 
Macropodidae_Dorcopsulus_vanheurni           0.0824008 0.1276772 0.0994610 0.0409338 0.0382045 0.1265781 0.0853982 0.0939022 0.0406641 0.1463899 0.0899042 0.1237895 0.1271266 0.0897614 0.0877426 0.1246504 0.1252773 0.1256914 0.1461579 0.0000000 0.1014181 0.1941171 0.1791209 0.1225725 0.0656131 0.1050754 0.0970460 0.0410305 0.0919296 0.1152236 0.0879273 0.0891772 0.1644771 0.1269674 0.1450483 
Pseudochiridae_Pseudochirulus_forbesi        0.0931292 0.1265993 0.0994539 0.0990083 0.0952412 0.1361521 0.0908427 0.0966142 0.0983887 0.1672625 0.0958935 0.1424772 0.1391898 0.0948419 0.0938678 0.1427268 0.1400003 0.1447213 0.1645782 0.1014181 0.0000000 0.1978528 0.1858031 0.1378442 0.1032380 0.1163909 0.0628504 0.1129936 0.0310842 0.1190616 0.0931534 0.0972087 0.1825350 0.1355923 0.1647792 
Didelphidae_Didelphis_virginiana             0.1677889 0.1820549 0.1744327 0.1810278 0.1753965 0.1899261 0.1712167 0.1670685 0.1763473 0.2105059 0.1671640 0.1924947 0.1808141 0.1698407 0.1796110 0.1957139 0.1910369 0.1882610 0.2197326 0.1941171 0.1978528 0.0000000 0.0741194 0.1920591 0.1767440 0.1728355 0.1920269 0.1990694 0.1877152 0.1964214 0.1811381 0.1690809 0.2223724 0.1922087 0.2082510 
Marmosidae_Monodelphis_domestica             0.1631840 0.1734696 0.1653937 0.1804393 0.1766959 0.1828940 0.1660889 0.1644370 0.1762501 0.2058902 0.1644113 0.1856882 0.1815168 0.1659042 0.1707015 0.1871484 0.1820679 0.1814885 0.2110276 0.1791209 0.1858031 0.0741194 0.0000000 0.1826222 0.1768361 0.1637185 0.1754649 0.1940542 0.1775738 0.2048810 0.1774718 0.1666378 0.2189161 0.1845087 0.2028443 
Dasyuridae_Antechinus_stuartii               0.1173907 0.1218077 0.1217193 0.1196559 0.1178550 0.0207504 0.1108669 0.1146371 0.1179053 0.1488913 0.1101041 0.0192916 0.0359556 0.1127745 0.1208123 0.0173095 0.0207414 0.0371222 0.1490627 0.1225725 0.1378442 0.1920591 0.1826222 0.0000000 0.1183825 0.1159312 0.1353473 0.1310956 0.1327600 0.1563098 0.1299878 0.1109097 0.1572535 0.0202885 0.1449730 
Hypsiprymnodontidae_Hypsiprymnodon_moschatus 0.0815817 0.1190659 0.0909284 0.0586395 0.0557405 0.1205455 0.0839365 0.0840885 0.0562394 0.1408389 0.0822003 0.1221507 0.1255993 0.0810816 0.0805560 0.1217186 0.1219539 0.1242338 0.1426328 0.0656131 0.1032380 0.1767440 0.1768361 0.1183825 0.0000000 0.1029729 0.0984332 0.0770875 0.0901928 0.1052400 0.0843025 0.0805144 0.1577344 0.1223244 0.1386283 
Microbiotheriidae_Dromiciops_gliroides       0.0830415 0.1068823 0.0995455 0.1035123 0.1012522 0.1143263 0.0924198 0.0933463 0.0995547 0.1404263 0.0938238 0.1195817 0.1173322 0.0940117 0.0946880 0.1174558 0.1155404 0.1221729 0.1423930 0.1050754 0.1163909 0.1728355 0.1637185 0.1159312 0.1029729 0.0000000 0.1073899 0.1105178 0.1114406 0.1310848 0.1018564 0.0921877 0.1522425 0.1165453 0.1374893 
Pseudochiridae_Petauroides_volans            0.0825547 0.1171449 0.0936713 0.0950936 0.0923509 0.1352927 0.0872174 0.0915031 0.0924765 0.1555512 0.0925779 0.1382760 0.1381002 0.0909559 0.0827557 0.1379374 0.1358757 0.1394824 0.1544092 0.0970460 0.0628504 0.1920269 0.1754649 0.1353473 0.0984332 0.1073899 0.0000000 0.1050556 0.0592415 0.1085695 0.0867619 0.0909646 0.1691243 0.1343175 0.1530423 
Macropodidae_Wallabia_bicolor                0.0914197 0.1385719 0.1079911 0.0542815 0.0524491 0.1360078 0.0920538 0.0982215 0.0455928 0.1585545 0.0955064 0.1337626 0.1348562 0.0959297 0.0964026 0.1339065 0.1353376 0.1286449 0.1579578 0.0410305 0.1129936 0.1990694 0.1940542 0.1310956 0.0770875 0.1105178 0.1050556 0.0000000 0.1045260 0.1094434 0.0996303 0.0953340 0.1754465 0.1356908 0.1577237 
Pseudochiridae_Pseudocheirus_occidentalis    0.0864544 0.1196079 0.0906609 0.0888885 0.0862930 0.1281425 0.0842514 0.0899129 0.0914223 0.1600612 0.0858222 0.1362054 0.1342081 0.0869425 0.0846528 0.1363682 0.1308691 0.1357624 0.1565742 0.0919296 0.0310842 0.1877152 0.1775738 0.1327600 0.0901928 0.1114406 0.0592415 0.1045260 0.0000000 0.1133882 0.0862654 0.0874744 0.1764066 0.1276237 0.1591171 
Tarsipedidae_Tarsipes_rostratus              0.0982823 0.1591652 0.1265056 0.1145386 0.1123453 0.1562834 0.1101065 0.1104073 0.1118269 0.1703996 0.1151469 0.1543510 0.1628788 0.1140060 0.1090688 0.1543824 0.1506411 0.1538714 0.1798512 0.1152236 0.1190616 0.1964214 0.2048810 0.1563098 0.1052400 0.1310848 0.1085695 0.1094434 0.1133882 0.0000000 0.1069589 0.1130395 0.1943680 0.1527639 0.1690600 
Acrobatidae_Distoechurus_pennatus            0.0809450 0.1201796 0.0963422 0.0846230 0.0808459 0.1335937 0.0846111 0.0840564 0.0832201 0.1476347 0.0842717 0.1318004 0.1307890 0.0816194 0.0470548 0.1316626 0.1328872 0.1322830 0.1489947 0.0879273 0.0931534 0.1811381 0.1774718 0.1299878 0.0843025 0.1018564 0.0867619 0.0996303 0.0862654 0.1069589 0.0000000 0.0803474 0.1637709 0.1326238 0.1490828 
Phalangeridae_Phalanger_carmelitae           0.0690908 0.1064139 0.0810655 0.0864596 0.0844218 0.1145486 0.0248918 0.0136380 0.0820170 0.1386741 0.0163950 0.1130262 0.1125093 0.0065186 0.0769633 0.1128003 0.1138754 0.1141843 0.1357802 0.0891772 0.0972087 0.1690809 0.1666378 0.1109097 0.0805144 0.0921877 0.0909646 0.0953340 0.0874744 0.1130395 0.0803474 0.0000000 0.1541605 0.1162781 0.1357455 
Peramelidae_Peroryctes_raffrayana            0.1547537 0.1665145 0.1695541 0.1668305 0.1615081 0.1635263 0.1524360 0.1578576 0.1601991 0.0300557 0.1592640 0.1637336 0.1683887 0.1556018 0.1562753 0.1635864 0.1604771 0.1686921 0.0280411 0.1644771 0.1825350 0.2223724 0.2189161 0.1572535 0.1577344 0.1522425 0.1691243 0.1754465 0.1764066 0.1943680 0.1637709 0.1541605 0.0000000 0.1621547 0.0291704 
Dasyuridae_Dasyurus_geffroii                 0.1215773 0.1232350 0.1239645 0.1241423 0.1211229 0.0070345 0.1139036 0.1193957 0.1193227 0.1528028 0.1156666 0.0261431 0.0378105 0.1181491 0.1211457 0.0241574 0.0108466 0.0388213 0.1530352 0.1269674 0.1355923 0.1922087 0.1845087 0.0202885 0.1223244 0.1165453 0.1343175 0.1356908 0.1276237 0.1527639 0.1326238 0.1162781 0.1621547 0.0000000 0.1499307 
Peramelidae_Perameles_gunnii                 0.1376105 0.1494696 0.1487632 0.1483101 0.1455564 0.1502994 0.1336519 0.1343656 0.1400400 0.0004828 0.1373300 0.1502645 0.1548472 0.1357310 0.1397914 0.1506521 0.1447123 0.1563551 0.0197341 0.1450483 0.1647792 0.2082510 0.2028443 0.1449730 0.1386283 0.1374893 0.1530423 0.1577237 0.1591171 0.1690600 0.1490828 0.1357455 0.0291704 0.1499307 0.0000000 
