37
Burramyidae_Burramys_parvus                  0.0000000 0.1264518 0.1241735 0.1264518 0.0726187 0.0771462 0.0824380 0.1251950 0.0837932 0.0802642 0.0794934 0.1254384 0.0853176 0.1490463 0.1460995 0.1032197 0.0784696 0.1249195 0.1243675 0.1162912 0.1280173 0.0748893 0.0872121 0.1279197 0.0799393 0.1095246 0.0787204 0.0836357 0.0872760 0.0941940 0.1279484 0.1214410 0.1247964 0.1465929 0.1465993 0.1100388 0.0924638 
Thylacomyidae_Macrotis_lagotis1              0.1264518 0.0000000 0.1434762 0.0000010 0.1211589 0.1275707 0.1294886 0.1689734 0.1197086 0.1319377 0.1383377 0.0602050 0.1568064 0.1635171 0.1755563 0.1469376 0.1200822 0.1587458 0.1692603 0.1602932 0.0590340 0.1278174 0.1328209 0.1616511 0.1165738 0.1302105 0.1322733 0.1284604 0.1299106 0.1329725 0.0574917 0.1664405 0.0598973 9.0000000 9.0000000 9.0000000 9.0000000 
Notoryctidae_Notoryctes_typhlops             0.1241735 0.1434762 0.0000000 0.1434762 0.0979215 0.1119163 0.1130968 0.1335887 0.1107554 0.1078223 0.1157885 0.1326928 0.1113141 0.1527068 0.1391602 0.1417538 0.1015016 0.1322879 0.1329179 0.1256819 0.1299861 0.1128550 0.1180637 0.1336022 0.1134733 0.1132016 0.1154299 0.1211507 0.1119609 0.1373649 0.1301846 0.1303375 0.1326294 0.1713478 0.1631261 0.1449082 0.1438386 
Thylacomyidae_Macrotis_lagotis2              0.1264518 0.0000010 0.1434762 0.0000000 0.1211589 0.1275707 0.1294886 0.1689734 0.1197086 0.1319377 0.1383377 0.0602050 0.1568064 0.1635171 0.1755563 0.1469376 0.1200822 0.1587458 0.1692603 0.1602932 0.0590340 0.1278174 0.1328209 0.1616511 0.1165738 0.1302105 0.1322733 0.1284604 0.1299106 0.1329725 0.0574917 0.1664405 0.0598973 9.0000000 9.0000000 9.0000000 9.0000000 
Vombatidae_Lasiorhinus_latifrons             0.0726187 0.1211589 0.0979215 0.1211589 0.0000000 0.0677616 0.0694221 0.0920396 0.0666020 0.0666384 0.0679338 0.0943014 0.0696887 0.1056480 0.1073986 0.0864696 0.0563120 0.0884280 0.0895746 0.0823992 0.0958281 0.0674247 0.0767157 0.0919890 0.0642927 0.0759039 0.0658276 0.0757039 0.0636246 0.0807031 0.0958976 0.0894477 0.0942224 0.1033281 0.1053995 0.0930189 0.0870434 
Potoroidae_Bettongia_penicillata             0.0771462 0.1275707 0.1119163 0.1275707 0.0677616 0.0000000 0.0068097 0.1143597 0.0748995 0.0747156 0.0168056 0.1105026 0.0773688 0.1310547 0.1240584 0.0962487 0.0678051 0.1156590 0.1144286 0.1079548 0.1104094 0.0273001 0.0848437 0.1152828 0.0525450 0.0897527 0.0756304 0.0349278 0.0745473 0.0927788 0.1137867 0.1104071 0.1103498 0.1398240 0.1349243 0.1116053 0.1030100 
Potoroidae_Bettongia_lesueur                 0.0824380 0.1294886 0.1130968 0.1294886 0.0694221 0.0068097 0.0000000 0.1167276 0.0739586 0.0723687 0.0193250 0.1131028 0.0782469 0.1322413 0.1271114 0.0973565 0.0703775 0.1172993 0.1167847 0.1104551 0.1132211 0.0299196 0.0870416 0.1176316 0.0542132 0.0902659 0.0784807 0.0350059 0.0773567 0.0906004 0.1170785 0.1127466 0.1128810 0.1407358 0.1361042 0.1121107 0.1057472 
Dasyuridae_Dasyurus_maculatus                0.1251950 0.1689734 0.1335887 0.1689734 0.0920396 0.1143597 0.1167276 0.0000000 0.1142386 0.1143996 0.1130100 0.1339821 0.1168300 0.0455292 0.0636345 0.1488156 0.1015216 0.0310988 0.0112008 0.0368353 0.1351186 0.1114247 0.1206977 0.0323864 0.1055918 0.1044992 0.1137182 0.1234734 0.1125048 0.1479708 0.1385216 0.0076794 0.1333954 0.1421514 0.1332683 0.1502493 0.1386025 
Phalangeridae_Trichosurus_vulpecula          0.0837932 0.1197086 0.1107554 0.1197086 0.0666020 0.0748995 0.0739586 0.1142386 0.0000000 0.0380703 0.0775903 0.1118786 0.0458932 0.1141243 0.1234081 0.0412492 0.0635275 0.1121205 0.1132748 0.1059287 0.1120835 0.0721529 0.0796388 0.1138315 0.0753106 0.0946623 0.0717774 0.0758623 0.0663894 0.0358574 0.1116531 0.1092462 0.1115028 0.1491817 0.1504698 0.0894420 0.0981393 
Phalangeridae_Spilocuscus_maculatus          0.0802642 0.1319377 0.1078223 0.1319377 0.0666384 0.0747156 0.0723687 0.1143996 0.0380703 0.0000000 0.0762840 0.1120475 0.0229853 0.1135046 0.1203334 0.0189460 0.0632007 0.1107655 0.1126857 0.1048912 0.1106481 0.0733238 0.0797656 0.1114264 0.0739804 0.0931173 0.0712788 0.0750538 0.0736673 0.0156397 0.1117620 0.1109886 0.1128364 0.1352199 0.1320612 0.0781315 0.0910521 
Potoroidae_Aepyprymnus_rufescens             0.0794934 0.1383377 0.1157885 0.1383377 0.0679338 0.0168056 0.0193250 0.1130100 0.0775903 0.0762840 0.0000000 0.1099621 0.0785379 0.1303751 0.1287806 0.0979948 0.0703015 0.1149762 0.1138186 0.1085829 0.1115234 0.0283435 0.0867046 0.1169213 0.0498924 0.0895738 0.0781843 0.0380085 0.0786202 0.0938280 0.1156101 0.1101671 0.1098105 0.1296710 0.1296051 0.1127827 0.0990546 
Peramelidae_Perameles_nasuta                 0.1254384 0.0602050 0.1326928 0.0602050 0.0943014 0.1105026 0.1131028 0.1339821 0.1118786 0.1120475 0.1099621 0.0000000 0.1193893 0.1475131 0.1507433 0.1505015 0.1019631 0.1301291 0.1294437 0.1258418 0.0228188 0.1110003 0.1161140 0.1356512 0.1019225 0.1093196 0.1088711 0.1190947 0.1111678 0.1462438 0.0220413 0.1302024 0.0013033 0.1495856 0.1479018 0.1386751 0.1335566 
Phalangeridae_Strigocuscus_pelengensis       0.0853176 0.1568064 0.1113141 0.1568064 0.0696887 0.0773688 0.0782469 0.1168300 0.0458932 0.0229853 0.0785379 0.1193893 0.0000000 0.1327432 0.1270219 0.0241915 0.0678002 0.1165292 0.1144715 0.1074511 0.1169587 0.0773962 0.0878725 0.1161281 0.0787638 0.0956699 0.0773507 0.0838026 0.0787404 0.0263098 0.1177469 0.1125230 0.1192677 0.1265556 0.1274327 0.0957283 0.0921645 
Dasyuridae_Phascogale_tapoatafa              0.1490463 0.1635171 0.1527068 0.1635171 0.1056480 0.1310547 0.1322413 0.0455292 0.1141243 0.1135046 0.1303751 0.1475131 0.1327432 0.0000000 0.0674953 0.1759363 0.1143664 0.0038064 0.0444245 0.0446524 0.1494268 0.1298029 0.1184686 0.0169497 0.1244600 0.1153639 0.1295454 0.1401317 0.1308528 0.1483217 0.1498948 0.0439045 0.1475623 0.1693307 0.1629945 0.1511556 0.1674674 
Dasyuridae_Sminthopsis_macroura              0.1460995 0.1755563 0.1391602 0.1755563 0.1073986 0.1240584 0.1271114 0.0636345 0.1234081 0.1203334 0.1287806 0.1507433 0.1270219 0.0674953 0.0000000 0.1727281 0.1158960 0.0509265 0.0621168 0.0480905 0.1484187 0.1253858 0.1306315 0.0541669 0.1268872 0.1186118 0.1270662 0.1312096 0.1251200 0.1573882 0.1490925 0.0606286 0.1499166 0.1770482 0.1674081 0.1614967 0.1618578 
Phalangeridae_Phalanger_orientalis           0.1032197 0.1469376 0.1417538 0.1469376 0.0864696 0.0962487 0.0973565 0.1488156 0.0412492 0.0189460 0.0979948 0.1505015 0.0241915 0.1759363 0.1727281 0.0000000 0.0827349 0.1504041 0.1444178 0.1397001 0.1480930 0.0967782 0.1054955 0.1495881 0.0928867 0.1257727 0.0955848 0.1029829 0.0927230 0.0105092 0.1510376 0.1430928 0.1500762 0.1490078 0.1544229 0.1245383 0.1164462 
Acrobatidae_Acrobates_pygmaeus               0.0784696 0.1200822 0.1015016 0.1200822 0.0563120 0.0678051 0.0703775 0.1015216 0.0635275 0.0632007 0.0703015 0.1019631 0.0678002 0.1143664 0.1158960 0.0827349 0.0000000 0.1004899 0.0996319 0.0923596 0.1040047 0.0663947 0.0634713 0.1042248 0.0628733 0.0831848 0.0538185 0.0715228 0.0401879 0.0779618 0.1011536 0.0984024 0.1025344 0.1132886 0.1164259 0.0705074 0.0723811 
Dasyuridae_Phascogale_calura                 0.1249195 0.1587458 0.1322879 0.1587458 0.0884280 0.1156590 0.1172993 0.0310988 0.1121205 0.1107655 0.1149762 0.1301291 0.1165292 0.0038064 0.0509265 0.1504041 0.1004899 0.0000000 0.0294715 0.0327959 0.1326012 0.1140237 0.1177396 0.0146393 0.1091432 0.1019918 0.1117239 0.1243764 0.1138254 0.1454969 0.1333868 0.0295340 0.1301668 0.1437576 0.1345811 0.1340377 0.1386649 
Dasyuridae_Sarcophilus_harrisii              0.1243675 0.1692603 0.1329179 0.1692603 0.0895746 0.1144286 0.1167847 0.0112008 0.1132748 0.1126857 0.1138186 0.1294437 0.1144715 0.0444245 0.0621168 0.1444178 0.0996319 0.0294715 0.0000000 0.0358021 0.1325918 0.1115081 0.1197510 0.0292359 0.1060906 0.1026353 0.1140219 0.1234965 0.1105545 0.1457423 0.1346462 0.0100942 0.1288715 0.1387276 0.1314078 0.1472656 0.1357877 
Dasyuridae_Planigale_tenuirostris            0.1162912 0.1602932 0.1256819 0.1602932 0.0823992 0.1079548 0.1104551 0.0368353 0.1059287 0.1048912 0.1085829 0.1258418 0.1074511 0.0446524 0.0480905 0.1397001 0.0923596 0.0327959 0.0358021 0.0000000 0.1258201 0.1070702 0.1145793 0.0334048 0.1033258 0.0987008 0.1057118 0.1179680 0.1042340 0.1392730 0.1277477 0.0352804 0.1259861 0.1324783 0.1251985 0.1344512 0.1260505 
Peramelidae_Echymipera_kalubu                0.1280173 0.0590340 0.1299861 0.0590340 0.0958281 0.1104094 0.1132211 0.1351186 0.1120835 0.1106481 0.1115234 0.0228188 0.1169587 0.1494268 0.1484187 0.1480930 0.1040047 0.1326012 0.1325918 0.1258201 0.0000000 0.1118437 0.1172971 0.1346499 0.1060620 0.1114270 0.1103303 0.1198537 0.1108075 0.1425546 0.0201552 0.1329703 0.0236322 0.1541799 0.1530823 0.1382900 0.1327058 
Macropodidae_Dorcopsulus_vanheurni           0.0748893 0.1278174 0.1128550 0.1278174 0.0674247 0.0273001 0.0299196 0.1114247 0.0721529 0.0733238 0.0283435 0.1110003 0.0773962 0.1298029 0.1253858 0.0967782 0.0663947 0.1140237 0.1115081 0.1070702 0.1118437 0.0000000 0.0834125 0.1158612 0.0494731 0.0888762 0.0759537 0.0241418 0.0721884 0.0915676 0.1148261 0.1075028 0.1107840 0.1328124 0.1310247 0.1117920 0.1037984 
Pseudochiridae_Pseudochirulus_forbesi        0.0872121 0.1328209 0.1180637 0.1328209 0.0767157 0.0848437 0.0870416 0.1206977 0.0796388 0.0797656 0.0867046 0.1161140 0.0878725 0.1184686 0.1306315 0.1054955 0.0634713 0.1177396 0.1197510 0.1145793 0.1172971 0.0834125 0.0000000 0.1203566 0.0853073 0.1007320 0.0325329 0.0907739 0.0711838 0.1005481 0.1174896 0.1180626 0.1165543 0.1457817 0.1419276 0.0244589 0.0684575 
Dasyuridae_Antechinus_stuartii               0.1279197 0.1616511 0.1336022 0.1616511 0.0919890 0.1152828 0.1176316 0.0323864 0.1138315 0.1114264 0.1169213 0.1356512 0.1161281 0.0169497 0.0541669 0.1495881 0.1042248 0.0146393 0.0292359 0.0334048 0.1346499 0.1158612 0.1203566 0.0000000 0.1122800 0.1049769 0.1135700 0.1252109 0.1130695 0.1431345 0.1359208 0.0308017 0.1357071 0.1525452 0.1419725 0.1340567 0.1390353 
Hypsiprymnodontidae_Hypsiprymnodon_moschatus 0.0799393 0.1165738 0.1134733 0.1165738 0.0642927 0.0525450 0.0542132 0.1055918 0.0753106 0.0739804 0.0498924 0.1019225 0.0787638 0.1244600 0.1268872 0.0928867 0.0628733 0.1091432 0.1060906 0.1033258 0.1060620 0.0494731 0.0853073 0.1122800 0.0000000 0.0904615 0.0749562 0.0593729 0.0729109 0.0917616 0.1084519 0.1028197 0.1024960 0.1218674 0.1235805 0.1084415 0.1025523 
Microbiotheriidae_Dromiciops_gliroides       0.1095246 0.1302105 0.1132016 0.1302105 0.0759039 0.0897527 0.0902659 0.1044992 0.0946623 0.0931173 0.0895738 0.1093196 0.0956699 0.1153639 0.1186118 0.1257727 0.0831848 0.1019918 0.1026353 0.0987008 0.1114270 0.0888762 0.1007320 0.1049769 0.0904615 0.0000000 0.0926004 0.0987995 0.0934083 0.1189570 0.1092280 0.0998132 0.1089593 0.1221328 0.1191034 0.1195081 0.1158210 
Pseudochiridae_Petauroides_volans            0.0787204 0.1322733 0.1154299 0.1322733 0.0658276 0.0756304 0.0784807 0.1137182 0.0717774 0.0712788 0.0781843 0.1088711 0.0773507 0.1295454 0.1270662 0.0955848 0.0538185 0.1117239 0.1140219 0.1057118 0.1103303 0.0759537 0.0325329 0.1135700 0.0749562 0.0926004 0.0000000 0.0830871 0.0620819 0.0904389 0.1113661 0.1117424 0.1087268 0.1303002 0.1259632 0.0416503 0.0595370 
Macropodidae_Wallabia_bicolor                0.0836357 0.1284604 0.1211507 0.1284604 0.0757039 0.0349278 0.0350059 0.1234734 0.0758623 0.0750538 0.0380085 0.1190947 0.0838026 0.1401317 0.1312096 0.1029829 0.0715228 0.1243764 0.1234965 0.1179680 0.1198537 0.0241418 0.0907739 0.1252109 0.0593729 0.0987995 0.0830871 0.0000000 0.0803183 0.0980719 0.1211272 0.1201106 0.1190141 0.1502181 0.1489343 0.1244233 0.1183835 
Acrobatidae_Distoechurus_pennatus            0.0872760 0.1299106 0.1119609 0.1299106 0.0636246 0.0745473 0.0773567 0.1125048 0.0663894 0.0736673 0.0786202 0.1111678 0.0787404 0.1308528 0.1251200 0.0927230 0.0401879 0.1138254 0.1105545 0.1042340 0.1108075 0.0721884 0.0711838 0.1130695 0.0729109 0.0934083 0.0620819 0.0803183 0.0000000 0.0877269 0.1092818 0.1085951 0.1106616 0.1281215 0.1234488 0.0869018 0.0824908 
Phalangeridae_Phalanger_carmelitae           0.0941940 0.1329725 0.1373649 0.1329725 0.0807031 0.0927788 0.0906004 0.1479708 0.0358574 0.0156397 0.0938280 0.1462438 0.0263098 0.1483217 0.1573882 0.0105092 0.0779618 0.1454969 0.1457423 0.1392730 0.1425546 0.0915676 0.1005481 0.1431345 0.0917616 0.1189570 0.0904389 0.0980719 0.0877269 0.0000000 0.1454344 0.1426124 0.1456082 0.1568680 0.1601082 0.1028742 0.1123371 
Peramelidae_Peroryctes_raffrayana            0.1279484 0.0574917 0.1301846 0.0574917 0.0958976 0.1137867 0.1170785 0.1385216 0.1116531 0.1117620 0.1156101 0.0220413 0.1177469 0.1498948 0.1490925 0.1510376 0.1011536 0.1333868 0.1346462 0.1277477 0.0201552 0.1148261 0.1174896 0.1359208 0.1084519 0.1092280 0.1113661 0.1211272 0.1092818 0.1454344 0.0000000 0.1346545 0.0228909 0.1566112 0.1547386 0.1406985 0.1326632 
Dasyuridae_Dasyurus_geffroii                 0.1214410 0.1664405 0.1303375 0.1664405 0.0894477 0.1104071 0.1127466 0.0076794 0.1092462 0.1109886 0.1101671 0.1302024 0.1125230 0.0439045 0.0606286 0.1430928 0.0984024 0.0295340 0.0100942 0.0352804 0.1329703 0.1075028 0.1180626 0.0308017 0.1028197 0.0998132 0.1117424 0.1201106 0.1085951 0.1426124 0.1346545 0.0000000 0.1296267 0.1392784 0.1318997 0.1465884 0.1334081 
Peramelidae_Perameles_gunnii                 0.1247964 0.0598973 0.1326294 0.0598973 0.0942224 0.1103498 0.1128810 0.1333954 0.1115028 0.1128364 0.1098105 0.0013033 0.1192677 0.1475623 0.1499166 0.1500762 0.1025344 0.1301668 0.1288715 0.1259861 0.0236322 0.1107840 0.1165543 0.1357071 0.1024960 0.1089593 0.1087268 0.1190141 0.1106616 0.1456082 0.0228909 0.1296267 0.0000000 0.1491586 0.1463233 0.1392646 0.1339001 
Didelphidae_Didelphis_virginiana             0.1465929 9.0000000 0.1713478 9.0000000 0.1033281 0.1398240 0.1407358 0.1421514 0.1491817 0.1352199 0.1296710 0.1495856 0.1265556 0.1693307 0.1770482 0.1490078 0.1132886 0.1437576 0.1387276 0.1324783 0.1541799 0.1328124 0.1457817 0.1525452 0.1218674 0.1221328 0.1303002 0.1502181 0.1281215 0.1568680 0.1566112 0.1392784 0.1491586 0.0000000 0.0460718 0.1539639 0.1513081 
Marmosidae_Monodelphis_domestica             0.1465993 9.0000000 0.1631261 9.0000000 0.1053995 0.1349243 0.1361042 0.1332683 0.1504698 0.1320612 0.1296051 0.1479018 0.1274327 0.1629945 0.1674081 0.1544229 0.1164259 0.1345811 0.1314078 0.1251985 0.1530823 0.1310247 0.1419276 0.1419725 0.1235805 0.1191034 0.1259632 0.1489343 0.1234488 0.1601082 0.1547386 0.1318997 0.1463233 0.0460718 0.0000000 0.1563859 0.1454838 
Pseudochiridae_Pseudocheirus_occidentalis    0.1100388 9.0000000 0.1449082 9.0000000 0.0930189 0.1116053 0.1121107 0.1502493 0.0894420 0.0781315 0.1127827 0.1386751 0.0957283 0.1511556 0.1614967 0.1245383 0.0705074 0.1340377 0.1472656 0.1344512 0.1382900 0.1117920 0.0244589 0.1340567 0.1084415 0.1195081 0.0416503 0.1244233 0.0869018 0.1028742 0.1406985 0.1465884 0.1392646 0.1539639 0.1563859 0.0000000 0.0808758 
Tarsipedidae_Tarsipes_rostratus              0.0924638 9.0000000 0.1438386 9.0000000 0.0870434 0.1030100 0.1057472 0.1386025 0.0981393 0.0910521 0.0990546 0.1335566 0.0921645 0.1674674 0.1618578 0.1164462 0.0723811 0.1386649 0.1357877 0.1260505 0.1327058 0.1037984 0.0684575 0.1390353 0.1025523 0.1158210 0.0595370 0.1183835 0.0824908 0.1123371 0.1326632 0.1334081 0.1339001 0.1513081 0.1454838 0.0808758 0.0000000 
