37
Burramyidae_Burramys_parvus                  0.0000000 0.0935726 0.0610471 0.0671917 0.0674876 0.1204674 0.0453914 0.0515372 0.0669532 0.0871677 0.0444543 0.1351742 0.1239831 0.0498905 0.0640147 0.1394585 0.1135684 0.1146848 0.1070516 0.0693499 0.0589918 0.1190917 0.1233551 0.1215591 0.0659660 0.0863618 0.0543053 0.0830993 0.0773605 0.0653138 0.0479863 0.0952170 0.1174454 0.0991411 0.1833969 0.1833969 0.0249599 
Notoryctidae_Notoryctes_typhlops             0.0935726 0.0000000 0.1014308 0.1130001 0.1095455 0.1492921 0.0964788 0.1018279 0.1075378 0.0908569 0.0956732 0.1712424 0.1513102 0.1059186 0.1026726 0.1687324 0.1437228 0.1306223 0.1169454 0.1033150 0.0956941 0.1445023 0.1314479 0.1497629 0.1075721 0.1158595 0.0876744 0.1306493 0.1216205 0.1039557 0.1010762 0.1055411 0.1480584 0.1066876 0.2301156 0.2301156 0.0477122 
Vombatidae_Lasiorhinus_latifrons             0.0610471 0.1014308 0.0000000 0.0783679 0.0763288 0.1133787 0.0566988 0.0616054 0.0791757 0.0962469 0.0542822 0.1395950 0.1149826 0.0636149 0.0687721 0.1430827 0.1069441 0.1052855 0.1143733 0.0721009 0.0662598 0.1235926 0.1242511 0.1186749 0.0832703 0.0970337 0.0585589 0.0899182 0.0849129 0.0712580 0.0599655 0.1042808 0.1084563 0.1071679 0.1542369 0.1542369 0.0379149 
Potoroidae_Bettongia_penicillata             0.0671917 0.1130001 0.0783679 0.0000000 0.0052882 0.1326032 0.0634626 0.0691690 0.0090356 0.0976795 0.0603759 0.1459284 0.1370768 0.0698558 0.0719060 0.1460483 0.1292091 0.1233804 0.1212701 0.0210753 0.0667728 0.1436970 0.1476066 0.1353887 0.0423787 0.0960314 0.0582407 0.0362167 0.0823678 0.0739853 0.0664888 0.1078662 0.1304555 0.1134272 0.2094457 0.2094457 0.0382397 
Potoroidae_Bettongia_lesueur                 0.0674876 0.1095455 0.0763288 0.0052882 0.0000000 0.1336147 0.0645838 0.0696854 0.0080980 0.1015755 0.0611027 0.1460448 0.1420991 0.0691065 0.0725810 0.1478092 0.1313413 0.1257035 0.1235225 0.0187858 0.0705779 0.1433735 0.1466733 0.1373900 0.0413554 0.1016291 0.0589681 0.0331347 0.0831616 0.0722821 0.0669336 0.1123027 0.1325419 0.1149238 0.2053001 0.2053001 0.0470312 
Dasyuridae_Dasyurus_maculatus                0.1204674 0.1492921 0.1133787 0.1326032 0.1336147 0.0000000 0.1112822 0.1171892 0.1308539 0.1128798 0.1061256 0.0147372 0.0250138 0.1176715 0.1269516 0.0154438 0.0041112 0.0145945 0.1470942 0.1182443 0.1277481 0.1615941 0.1656143 0.0146713 0.1253980 0.1303534 0.1153462 0.1520796 0.1477723 0.1317208 0.1103645 0.1252117 0.0011764 0.1334417 0.0600487 0.0600487 0.0732587 
Phalangeridae_Trichosurus_vulpecula          0.0453914 0.0964788 0.0566988 0.0634626 0.0645838 0.1112822 0.0000000 0.0141915 0.0652944 0.0785098 0.0124772 0.1349343 0.1187340 0.0145656 0.0563277 0.1351821 0.1107092 0.1019749 0.0952784 0.0574185 0.0528571 0.1265785 0.1265934 0.1200295 0.0665916 0.0855452 0.0455655 0.0781051 0.0640333 0.0598566 0.0132562 0.0848835 0.1101724 0.0898094 0.1929028 0.1929028 0.0253543 
Phalangeridae_Spilocuscus_maculatus          0.0515372 0.1018279 0.0616054 0.0691690 0.0696854 0.1171892 0.0141915 0.0000000 0.0709573 0.0841769 0.0081668 0.1403126 0.1270738 0.0087150 0.0650795 0.1421502 0.1146584 0.1061870 0.1026950 0.0644238 0.0615301 0.1282341 0.1336695 0.1234930 0.0713071 0.0929026 0.0527885 0.0868326 0.0713104 0.0642706 0.0078838 0.0919848 0.1160551 0.0969016 0.2091990 0.2091990 0.0331763 
Potoroidae_Aepyprymnus_rufescens             0.0669532 0.1075378 0.0791757 0.0090356 0.0080980 0.1308539 0.0652944 0.0709573 0.0000000 0.1010108 0.0613553 0.1437629 0.1356580 0.0709532 0.0738472 0.1447022 0.1258407 0.1231388 0.1248745 0.0197451 0.0710836 0.1484016 0.1529470 0.1317264 0.0384242 0.0990683 0.0614770 0.0362656 0.0853469 0.0724416 0.0676787 0.1132508 0.1285332 0.1159246 0.1965479 0.1965479 0.0496030 
Peramelidae_Perameles_nasuta                 0.0871677 0.0908569 0.0962469 0.0976795 0.1015755 0.1128798 0.0785098 0.0841769 0.1010108 0.0000000 0.0733023 0.1406043 0.1223477 0.0851222 0.0912581 0.1403401 0.1099472 0.1107643 0.0172207 0.1055913 0.0911567 0.1294317 0.1249176 0.1158882 0.1011403 0.1060122 0.0837242 0.1030515 0.1035003 0.1006004 0.0810159 0.0149706 0.1125214 0.0011652 9.0000000 9.0000000 0.0609377 
Phalangeridae_Strigocuscus_pelengensis       0.0444543 0.0956732 0.0542822 0.0603759 0.0611027 0.1061256 0.0124772 0.0081668 0.0613553 0.0733023 0.0000000 0.1346666 0.1203115 0.0073799 0.0566662 0.1356449 0.1069166 0.0996450 0.0928265 0.0549509 0.0541532 0.1207382 0.1223678 0.1162351 0.0625962 0.0806989 0.0471547 0.0784403 0.0651784 0.0570315 0.0060630 0.0812281 0.1052045 0.0870608 0.2211838 0.2211838 0.0258578 
Dasyuridae_Phascogale_tapoatafa              0.1351742 0.1712424 0.1395950 0.1459284 0.1460448 0.0147372 0.1349343 0.1403126 0.1437629 0.1406043 0.1346666 0.0000000 0.0241420 0.1417430 0.1492996 0.0024707 0.0127782 0.0189645 0.1703476 0.1325922 0.1470158 0.1895013 0.1899680 0.0057151 0.1431647 0.1531370 0.1378980 0.1593460 0.1682421 0.1533906 0.1388186 0.1561306 0.0133342 0.1583475 0.0655606 0.0655606 0.1397344 
Dasyuridae_Sminthopsis_macroura              0.1239831 0.1513102 0.1149826 0.1370768 0.1420991 0.0250138 0.1187340 0.1270738 0.1356580 0.1223477 0.1203115 0.0241420 0.0000000 0.1275929 0.1277770 0.0245197 0.0224954 0.0171864 0.1525375 0.1206686 0.1340791 0.1688198 0.1693278 0.0260159 0.1353148 0.1324940 0.1229601 0.1560046 0.1504102 0.1287047 0.1219500 0.1410334 0.0232854 0.1358393 0.0554287 0.0554287 0.0909613 
Phalangeridae_Phalanger_orientalis           0.0498905 0.1059186 0.0636149 0.0698558 0.0691065 0.1176715 0.0145656 0.0087150 0.0709532 0.0851222 0.0073799 0.1417430 0.1275929 0.0000000 0.0648230 0.1421042 0.1159754 0.1069688 0.1058537 0.0647638 0.0603001 0.1312705 0.1352472 0.1260205 0.0718290 0.0885931 0.0509276 0.0872601 0.0710231 0.0629385 0.0039908 0.0930597 0.1165222 0.0979398 0.2113927 0.2113927 0.0320970 
Acrobatidae_Acrobates_pygmaeus               0.0640147 0.1026726 0.0687721 0.0719060 0.0725810 0.1269516 0.0563277 0.0650795 0.0738472 0.0912581 0.0566662 0.1492996 0.1277770 0.0648230 0.0000000 0.1501618 0.1195206 0.1119169 0.1152494 0.0662305 0.0509283 0.1262446 0.1280206 0.1272358 0.0778760 0.0917479 0.0427830 0.0862729 0.0734009 0.0251221 0.0616441 0.1007318 0.1258048 0.1067763 0.2112215 0.2112215 0.0288623 
Dasyuridae_Phascogale_calura                 0.1394585 0.1687324 0.1430827 0.1460483 0.1478092 0.0154438 0.1351821 0.1421502 0.1447022 0.1403401 0.1356449 0.0024707 0.0245197 0.1421042 0.1501618 0.0000000 0.0129674 0.0192674 0.1731644 0.1314206 0.1472295 0.1944413 0.1926073 0.0057806 0.1441160 0.1527725 0.1373878 0.1587537 0.1651426 0.1535882 0.1390550 0.1558198 0.0139942 0.1593944 0.0736826 0.0736826 0.1391456 
Dasyuridae_Sarcophilus_harrisii              0.1135684 0.1437228 0.1069441 0.1292091 0.1313413 0.0041112 0.1107092 0.1146584 0.1258407 0.1099472 0.1069166 0.0127782 0.0224954 0.1159754 0.1195206 0.0129674 0.0000000 0.0136390 0.1442630 0.1146291 0.1250538 0.1605930 0.1592018 0.0131269 0.1251401 0.1279356 0.1127871 0.1475331 0.1434939 0.1241389 0.1097025 0.1221537 0.0032488 0.1298132 0.0556232 0.0556232 0.0716334 
Dasyuridae_Planigale_tenuirostris            0.1146848 0.1306223 0.1052855 0.1233804 0.1257035 0.0145945 0.1019749 0.1061870 0.1231388 0.1107643 0.0996450 0.0189645 0.0171864 0.1069688 0.1119169 0.0192674 0.0136390 0.0000000 0.1397238 0.1143628 0.1168986 0.1552314 0.1530024 0.0194308 0.1215215 0.1229174 0.1042494 0.1424612 0.1331739 0.1180924 0.1008720 0.1259880 0.0135979 0.1269345 0.0478438 0.0478438 0.0621992 
Peramelidae_Echymipera_kalubu                0.1070516 0.1169454 0.1143733 0.1212701 0.1235225 0.1470942 0.0952784 0.1026950 0.1248745 0.0172207 0.0928265 0.1703476 0.1525375 0.1058537 0.1152494 0.1731644 0.1442630 0.1397238 0.0000000 0.1149915 0.1081885 0.1535515 0.1510337 0.1537837 0.1261637 0.1233871 0.0993163 0.1366134 0.1225071 0.1196441 0.0994242 0.0163392 0.1468163 0.0206118 0.2278488 0.2278488 0.0604287 
Macropodidae_Dorcopsulus_vanheurni           0.0693499 0.1033150 0.0721009 0.0210753 0.0187858 0.1182443 0.0574185 0.0644238 0.0197451 0.1055913 0.0549509 0.1325922 0.1206686 0.0647638 0.0662305 0.1314206 0.1146291 0.1143628 0.1149915 0.0000000 0.0580089 0.1279468 0.1332562 0.1140844 0.0330063 0.1059799 0.0528789 0.0086140 0.0792070 0.0677866 0.0622248 0.1146298 0.1169136 0.1082033 9.0000000 9.0000000 0.0502813 
Pseudochiridae_Pseudochirulus_forbesi        0.0589918 0.0956941 0.0662598 0.0667728 0.0705779 0.1277481 0.0528571 0.0615301 0.0710836 0.0911567 0.0541532 0.1470158 0.1340791 0.0603001 0.0509283 0.1472295 0.1250538 0.1168986 0.1081885 0.0580089 0.0000000 0.1369979 0.1381586 0.1336137 0.0747112 0.0999341 0.0256425 0.0823084 0.0657916 0.0534117 0.0571245 0.0941948 0.1266167 0.1043725 0.1933035 0.1933035 0.0065214 
Didelphidae_Didelphis_virginiana             0.1190917 0.1445023 0.1235926 0.1436970 0.1433735 0.1615941 0.1265785 0.1282341 0.1484016 0.1294317 0.1207382 0.1895013 0.1688198 0.1312705 0.1262446 0.1944413 0.1605930 0.1552314 0.1535515 0.1279468 0.1369979 0.0000000 0.0350420 0.1693118 0.1422530 0.1375148 0.1233549 0.1562309 0.1477965 0.1345348 0.1260477 0.1364137 0.1624547 0.1456695 0.2271072 0.2271072 0.0891961 
Marmosidae_Monodelphis_domestica             0.1233551 0.1314479 0.1242511 0.1476066 0.1466733 0.1656143 0.1265934 0.1336695 0.1529470 0.1249176 0.1223678 0.1899680 0.1693278 0.1352472 0.1280206 0.1926073 0.1592018 0.1530024 0.1510337 0.1332562 0.1381586 0.0350420 0.0000000 0.1705151 0.1493966 0.1324612 0.1231391 0.1597323 0.1458101 0.1342841 0.1298107 0.1340729 0.1652983 0.1401800 0.2528449 0.2528449 0.0805878 
Dasyuridae_Antechinus_stuartii               0.1215591 0.1497629 0.1186749 0.1353887 0.1373900 0.0146713 0.1200295 0.1234930 0.1317264 0.1158882 0.1162351 0.0057151 0.0260159 0.1260205 0.1272358 0.0057806 0.0131269 0.0194308 0.1537837 0.1140844 0.1336137 0.1693118 0.1705151 0.0000000 0.1255510 0.1293845 0.1221484 0.1520802 0.1463824 0.1348955 0.1222724 0.1312714 0.0132425 0.1363818 0.0744354 0.0744354 0.0799371 
Hypsiprymnodontidae_Hypsiprymnodon_moschatus 0.0659660 0.1075721 0.0832703 0.0423787 0.0413554 0.1253980 0.0665916 0.0713071 0.0384242 0.1011403 0.0625962 0.1431647 0.1353148 0.0718290 0.0778760 0.1441160 0.1251401 0.1215215 0.1261637 0.0330063 0.0747112 0.1422530 0.1493966 0.1255510 0.0000000 0.0963911 0.0673758 0.0509470 0.0884864 0.0796148 0.0701946 0.1106606 0.1232986 0.1194585 0.2260568 0.2260568 0.0497260 
Microbiotheriidae_Dromiciops_gliroides       0.0863618 0.1158595 0.0970337 0.0960314 0.1016291 0.1303534 0.0855452 0.0929026 0.0990683 0.1060122 0.0806989 0.1531370 0.1324940 0.0885931 0.0917479 0.1527725 0.1279356 0.1229174 0.1233871 0.1059799 0.0999341 0.1375148 0.1324612 0.1293845 0.0963911 0.0000000 0.0810711 0.0963609 0.1147989 0.0991456 0.0887690 0.1232266 0.1300220 0.1067147 9.0000000 9.0000000 0.0721334 
Pseudochiridae_Petauroides_volans            0.0543053 0.0876744 0.0585589 0.0582407 0.0589681 0.1153462 0.0455655 0.0527885 0.0614770 0.0837242 0.0471547 0.1378980 0.1229601 0.0509276 0.0427830 0.1373878 0.1127871 0.1042494 0.0993163 0.0528789 0.0256425 0.1233549 0.1231391 0.1221484 0.0673758 0.0810711 0.0000000 0.0729717 0.0602693 0.0466021 0.0480430 0.0900029 0.1142714 0.0966857 0.1916555 0.1916555 0.0103111 
Macropodidae_Wallabia_bicolor                0.0830993 0.1306493 0.0899182 0.0362167 0.0331347 0.1520796 0.0781051 0.0868326 0.0362656 0.1030515 0.0784403 0.1593460 0.1560046 0.0872601 0.0862729 0.1587537 0.1475331 0.1424612 0.1366134 0.0086140 0.0823084 0.1562309 0.1597323 0.1520802 0.0509470 0.0963609 0.0729717 0.0000000 0.0963565 0.0881632 0.0830249 0.1117018 0.1498422 0.1307625 0.3563423 0.3563423 0.0461067 
Tarsipedidae_Tarsipes_rostratus              0.0773605 0.1216205 0.0849129 0.0823678 0.0831616 0.1477723 0.0640333 0.0713104 0.0853469 0.1035003 0.0651784 0.1682421 0.1504102 0.0710231 0.0734009 0.1651426 0.1434939 0.1331739 0.1225071 0.0792070 0.0657916 0.1477965 0.1458101 0.1463824 0.0884864 0.1147989 0.0602693 0.0963565 0.0000000 0.0738467 0.0694811 0.1123272 0.1439885 0.1155780 0.3348315 0.3348315 0.0340428 
Acrobatidae_Distoechurus_pennatus            0.0653138 0.1039557 0.0712580 0.0739853 0.0722821 0.1317208 0.0598566 0.0642706 0.0724416 0.1006004 0.0570315 0.1533906 0.1287047 0.0629385 0.0251221 0.1535882 0.1241389 0.1180924 0.1196441 0.0677866 0.0534117 0.1345348 0.1342841 0.1348955 0.0796148 0.0991456 0.0466021 0.0881632 0.0738467 0.0000000 0.0597761 0.1090773 0.1305476 0.1148516 0.1849330 0.1849330 0.0334354 
Phalangeridae_Phalanger_carmelitae           0.0479863 0.1010762 0.0599655 0.0664888 0.0669336 0.1103645 0.0132562 0.0078838 0.0676787 0.0810159 0.0060630 0.1388186 0.1219500 0.0039908 0.0616441 0.1390550 0.1097025 0.1008720 0.0994242 0.0622248 0.0571245 0.1260477 0.1298107 0.1222724 0.0701946 0.0887690 0.0480430 0.0830249 0.0694811 0.0597761 0.0000000 0.0859230 0.1110833 0.0934178 0.2036341 0.2036341 0.0291206 
Peramelidae_Peroryctes_raffrayana            0.0952170 0.1055411 0.1042808 0.1078662 0.1123027 0.1252117 0.0848835 0.0919848 0.1132508 0.0149706 0.0812281 0.1561306 0.1410334 0.0930597 0.1007318 0.1558198 0.1221537 0.1259880 0.0163392 0.1146298 0.0941948 0.1364137 0.1340729 0.1312714 0.1106606 0.1232266 0.0900029 0.1117018 0.1123272 0.1090773 0.0859230 0.0000000 0.1248061 0.0157242 9.0000000 9.0000000 0.0577168 
Dasyuridae_Dasyurus_geffroii                 0.1174454 0.1480584 0.1084563 0.1304555 0.1325419 0.0011764 0.1101724 0.1160551 0.1285332 0.1125214 0.1052045 0.0133342 0.0232854 0.1165222 0.1258048 0.0139942 0.0032488 0.0135979 0.1468163 0.1169136 0.1266167 0.1624547 0.1652983 0.0132425 0.1232986 0.1300220 0.1142714 0.1498422 0.1439885 0.1305476 0.1110833 0.1248061 0.0000000 0.1331906 0.0602983 0.0602983 0.0697577 
Peramelidae_Perameles_gunnii                 0.0991411 0.1066876 0.1071679 0.1134272 0.1149238 0.1334417 0.0898094 0.0969016 0.1159246 0.0011652 0.0870608 0.1583475 0.1358393 0.0979398 0.1067763 0.1593944 0.1298132 0.1269345 0.0206118 0.1082033 0.1043725 0.1456695 0.1401800 0.1363818 0.1194585 0.1067147 0.0966857 0.1307625 0.1155780 0.1148516 0.0934178 0.0157242 0.1331906 0.0000000 0.1956061 0.1956061 0.0648581 
Myrmecobiidae_Myrmecobius_fasciatus1         0.1833969 0.2301156 0.1542369 0.2094457 0.2053001 0.0600487 0.1929028 0.2091990 0.1965479 9.0000000 0.2211838 0.0655606 0.0554287 0.2113927 0.2112215 0.0736826 0.0556232 0.0478438 0.2278488 9.0000000 0.1933035 0.2271072 0.2528449 0.0744354 0.2260568 9.0000000 0.1916555 0.3563423 0.3348315 0.1849330 0.2036341 9.0000000 0.0602983 0.1956061 0.0000000 0.0000010 9.0000000 
Myrmecobiidae_Myrmecobius_fasciatus2         0.1833969 0.2301156 0.1542369 0.2094457 0.2053001 0.0600487 0.1929028 0.2091990 0.1965479 9.0000000 0.2211838 0.0655606 0.0554287 0.2113927 0.2112215 0.0736826 0.0556232 0.0478438 0.2278488 9.0000000 0.1933035 0.2271072 0.2528449 0.0744354 0.2260568 9.0000000 0.1916555 0.3563423 0.3348315 0.1849330 0.2036341 9.0000000 0.0602983 0.1956061 0.0000010 0.0000000 9.0000000 
Pseudochiridae_Pseudocheirus_occidentalis    0.0249599 0.0477122 0.0379149 0.0382397 0.0470312 0.0732587 0.0253543 0.0331763 0.0496030 0.0609377 0.0258578 0.1397344 0.0909613 0.0320970 0.0288623 0.1391456 0.0716334 0.0621992 0.0604287 0.0502813 0.0065214 0.0891961 0.0805878 0.0799371 0.0497260 0.0721334 0.0103111 0.0461067 0.0340428 0.0334354 0.0291206 0.0577168 0.0697577 0.0648581 9.0000000 9.0000000 0.0000000 
