37
Burramyidae_Burramys_parvus                  0.0000000 0.1205340 0.0772920 0.0729822 0.0752884 0.0963421 0.0472535 0.0969059 0.0722735 0.0994048 0.0780399 0.0982803 0.0991943 0.1344331 0.0832750 0.1000937 0.0948361 0.0997033 0.1063775 0.0706259 0.1287511 0.1191147 0.1192310 0.0999761 0.0838236 0.0996974 0.1004022 0.0682058 0.1413283 0.1169818 0.0766923 0.0952796 0.1036886 0.0937662 0.0998042 0.0464062 0.0464062 
Notoryctidae_Notoryctes_typhlops             0.1205340 0.0000000 0.1106270 0.1101272 0.1108332 0.1254202 0.0751485 0.1412449 0.1102568 0.1264766 0.1146435 0.1256133 0.1271120 0.1821203 0.1287740 0.1253676 0.1225134 0.1472617 0.1280978 0.1050721 0.1614841 0.1395992 0.1474499 0.1245113 0.1109983 0.1147364 0.1405915 0.1089995 0.1761593 0.1562790 0.1087515 0.1307373 0.1295174 0.1232111 0.1236687 0.0217436 0.0217436 
Vombatidae_Lasiorhinus_latifrons             0.0772920 0.1106270 0.0000000 0.0813201 0.0847510 0.0891413 0.0554638 0.1069501 0.0779874 0.1109434 0.0855750 0.0927610 0.0987424 0.1443747 0.0859188 0.0919061 0.0914427 0.1137713 0.1131306 0.0812586 0.1296799 0.1275135 0.1209860 0.0923215 0.0848447 0.0944008 0.1043093 0.0761120 0.1370258 0.1178426 0.0757753 0.1001532 0.1151093 0.0919474 0.1118090 0.0271572 0.0271572 
Potoroidae_Bettongia_penicillata             0.0729822 0.1101272 0.0813201 0.0000000 0.0075445 0.1015049 0.0582354 0.1074894 0.0152985 0.1091393 0.0787905 0.0999644 0.1069251 0.1422402 0.0800614 0.1001662 0.0983464 0.1108663 0.1085936 0.0238761 0.1352057 0.1240242 0.1331665 0.1033667 0.0479632 0.1027326 0.1063360 0.0230111 0.1433606 0.1241170 0.0748039 0.1034691 0.1134411 0.0984916 0.1092142 0.0431073 0.0431073 
Potoroidae_Bettongia_lesueur                 0.0752884 0.1108332 0.0847510 0.0075445 0.0000000 0.1044476 0.0613546 0.1106963 0.0174159 0.1126801 0.0797883 0.1028341 0.1098259 0.1443716 0.0813194 0.1031602 0.1012544 0.1160940 0.1126299 0.0242852 0.1355013 0.1264107 0.1366079 0.1064229 0.0502475 0.1045882 0.1086527 0.0242569 0.1463505 0.1233253 0.0762056 0.1038939 0.1171590 0.1013651 0.1134887 0.0500573 0.0500573 
Dasyuridae_Dasyurus_maculatus                0.0963421 0.1254202 0.0891413 0.1015049 0.1044476 0.0000000 0.0642188 0.1321596 0.0990921 0.1220859 0.1046421 0.0286329 0.0374973 0.1632768 0.1126445 0.0273049 0.0157283 0.0397491 0.1251921 0.1004821 0.1423943 0.1409574 0.1274343 0.0266469 0.1049030 0.1064438 0.1225349 0.0981980 0.1548305 0.1383237 0.0954867 0.1215317 0.1228048 0.0179319 0.1212340 0.0228809 0.0228809 
Phalangeridae_Trichosurus_vulpecula          0.0472535 0.0751485 0.0554638 0.0582354 0.0613546 0.0642188 0.0000000 0.0348050 0.0553793 0.0815428 0.0270609 0.0659124 0.0760880 0.0196232 0.0597184 0.0673662 0.0664583 0.0745579 0.0886209 0.0513716 0.0588248 0.0781787 0.0816896 0.0631840 0.0585440 0.0632760 0.0556741 0.0542551 0.0492382 0.0743482 0.0447766 0.0295456 0.0874937 0.0666999 0.0834408 0.0386373 0.0386373 
Phalangeridae_Spilocuscus_maculatus          0.0969059 0.1412449 0.1069501 0.1074894 0.1106963 0.1321596 0.0348050 0.0000000 0.1097434 0.1383902 0.0498940 0.1313372 0.1374330 0.0511766 0.1148372 0.1332290 0.1304607 0.1484459 0.1455169 0.1012291 0.1295535 0.1361313 0.1462025 0.1340259 0.1112093 0.1151645 0.0974904 0.1046681 0.1069477 0.1343360 0.0955399 0.0481841 0.1443257 0.1315105 0.1417689 0.0482943 0.0482943 
Potoroidae_Aepyprymnus_rufescens             0.0722735 0.1102568 0.0779874 0.0152985 0.0174159 0.0990921 0.0553793 0.1097434 0.0000000 0.1120137 0.0804378 0.0997566 0.1067649 0.1435894 0.0771379 0.1011780 0.0959804 0.1121569 0.1108381 0.0230689 0.1349402 0.1203872 0.1289642 0.1026232 0.0461719 0.1031795 0.1058513 0.0208004 0.1437687 0.1199110 0.0718152 0.1030114 0.1144045 0.0960861 0.1126363 0.0429854 0.0429854 
Peramelidae_Perameles_nasuta                 0.0994048 0.1264766 0.1109434 0.1091393 0.1126801 0.1220859 0.0815428 0.1383902 0.1120137 0.0000000 0.1248070 0.1266516 0.1315047 0.1814990 0.1325772 0.1285848 0.1224651 0.1494194 0.0250330 0.1053828 0.1661122 0.1463532 0.1400346 0.1267530 0.1101007 0.1187424 0.1312584 0.1087637 0.1719559 0.1503174 0.1126713 0.1293098 0.0197587 0.1260542 0.0059613 0.0286482 0.0286482 
Phalangeridae_Strigocuscus_pelengensis       0.0780399 0.1146435 0.0855750 0.0787905 0.0797883 0.1046421 0.0270609 0.0498940 0.0804378 0.1248070 0.0000000 0.0999049 0.1038688 0.0822846 0.0804322 0.1004884 0.0989554 0.1127516 0.1195788 0.0725154 0.1145690 0.1146522 0.1336962 0.1034252 0.0817363 0.1024441 0.1140941 0.0755998 0.1182561 0.1263985 0.0706097 0.0630170 0.1218733 0.1020557 0.1228824 0.0349008 0.0349008 
Dasyuridae_Phascogale_tapoatafa              0.0982803 0.1256133 0.0927610 0.0999644 0.1028341 0.0286329 0.0659124 0.1313372 0.0997566 0.1266516 0.0999049 0.0000000 0.0283799 0.1691322 0.1119138 0.0054580 0.0192716 0.0314273 0.1303492 0.1011839 0.1446420 0.1333666 0.1360083 0.0146481 0.1035668 0.1055781 0.1247431 0.1000111 0.1548954 0.1409403 0.0921757 0.1201973 0.1298700 0.0218706 0.1268557 0.0206353 0.0206353 
Dasyuridae_Sminthopsis_macroura              0.0991943 0.1271120 0.0987424 0.1069251 0.1098259 0.0374973 0.0760880 0.1374330 0.1067649 0.1315047 0.1038688 0.0283799 0.0000000 0.1740547 0.1191094 0.0270434 0.0278779 0.0278384 0.1356667 0.1035050 0.1471026 0.1395330 0.1353544 0.0287032 0.1085776 0.1119542 0.1313097 0.1022254 0.1653890 0.1430645 0.0967061 0.1252962 0.1341518 0.0314428 0.1312205 0.0248008 0.0248008 
Phalangeridae_Phalanger_orientalis           0.1344331 0.1821203 0.1443747 0.1422402 0.1443716 0.1632768 0.0196232 0.0511766 0.1435894 0.1814990 0.0822846 0.1691322 0.1740547 0.0000000 0.1354006 0.1701431 0.1642213 0.1689873 0.1796657 0.1318090 0.1519503 0.1710826 0.1763991 0.1714170 0.1376984 0.1490654 0.0864347 0.1350562 0.1390624 0.1256430 0.1303117 0.0223205 0.1890738 0.1697600 0.1764640 9.0000000 9.0000000 
Acrobatidae_Acrobates_pygmaeus               0.0832750 0.1287740 0.0859188 0.0800614 0.0813194 0.1126445 0.0597184 0.1148372 0.0771379 0.1325772 0.0804322 0.1119138 0.1191094 0.1354006 0.0000000 0.1094348 0.1070144 0.1101781 0.1285215 0.0711977 0.1355365 0.1276526 0.1315946 0.1128366 0.0821173 0.1130226 0.1004467 0.0691756 0.1587665 0.1204285 0.0497905 0.1020395 0.1351647 0.1090276 0.1321830 9.0000000 9.0000000 
Dasyuridae_Phascogale_calura                 0.1000937 0.1253676 0.0919061 0.1001662 0.1031602 0.0273049 0.0673662 0.1332290 0.1011780 0.1285848 0.1004884 0.0054580 0.0270434 0.1701431 0.1094348 0.0000000 0.0179635 0.0296271 0.1318137 0.1003652 0.1441071 0.1358162 0.1359531 0.0142185 0.1043576 0.1080335 0.1259061 0.0980967 0.1581228 0.1406882 0.0929753 0.1204224 0.1322214 0.0214502 0.1277212 0.0206353 0.0206353 
Dasyuridae_Sarcophilus_harrisii              0.0948361 0.1225134 0.0914427 0.0983464 0.1012544 0.0157283 0.0664583 0.1304607 0.0959804 0.1224651 0.0989554 0.0192716 0.0278779 0.1642213 0.1070144 0.0179635 0.0000000 0.0294759 0.1279092 0.0970377 0.1436634 0.1344537 0.1328524 0.0185759 0.1016742 0.1058182 0.1231921 0.0946879 0.1583386 0.1373430 0.0919563 0.1193828 0.1259486 0.0083863 0.1216384 0.0163313 0.0163313 
Dasyuridae_Planigale_tenuirostris            0.0997033 0.1472617 0.1137713 0.1108663 0.1160940 0.0397491 0.0745579 0.1484459 0.1121569 0.1494194 0.1127516 0.0314273 0.0278384 0.1689873 0.1101781 0.0296271 0.0294759 0.0000000 0.1482675 0.1083986 0.1644987 0.1527475 0.1445485 0.0335198 0.1173083 0.1275736 0.1364951 0.1036979 0.1878230 0.1581372 0.1144171 0.1318721 0.1508579 0.0336849 0.1494315 9.0000000 9.0000000 
Peramelidae_Echymipera_kalubu                0.1063775 0.1280978 0.1131306 0.1085936 0.1126299 0.1251921 0.0886209 0.1455169 0.1108381 0.0250330 0.1195788 0.1303492 0.1356667 0.1796657 0.1285215 0.1318137 0.1279092 0.1482675 0.0000000 0.1071289 0.1642839 0.1397748 0.1338513 0.1314581 0.1086885 0.1190736 0.1394421 0.1090707 0.1752573 0.1561530 0.1111604 0.1355795 0.0151490 0.1274828 0.0245616 0.0386793 0.0386793 
Macropodidae_Dorcopsulus_vanheurni           0.0706259 0.1050721 0.0812586 0.0238761 0.0242852 0.1004821 0.0513716 0.1012291 0.0230689 0.1053828 0.0725154 0.1011839 0.1035050 0.1318090 0.0711977 0.1003652 0.0970377 0.1083986 0.1071289 0.0000000 0.1289269 0.1152893 0.1249215 0.1025602 0.0409513 0.1020261 0.0983791 0.0141673 0.1403465 0.1157104 0.0683166 0.0950657 0.1105356 0.0971444 0.1048895 0.0453609 0.0453609 
Pseudochiridae_Pseudochirulus_forbesi        0.1287511 0.1614841 0.1296799 0.1352057 0.1355013 0.1423943 0.0588248 0.1295535 0.1349402 0.1661122 0.1145690 0.1446420 0.1471026 0.1519503 0.1355365 0.1441071 0.1436634 0.1644987 0.1642839 0.1289269 0.0000000 0.1696912 0.1646757 0.1502392 0.1338566 0.1476045 0.0917650 0.1293537 0.1126670 0.1101562 0.1208707 0.1149048 0.1707119 0.1445318 0.1639821 0.0786515 0.0786515 
Didelphidae_Didelphis_virginiana             0.1191147 0.1395992 0.1275135 0.1240242 0.1264107 0.1409574 0.0781787 0.1361313 0.1203872 0.1463532 0.1146522 0.1333666 0.1395330 0.1710826 0.1276526 0.1358162 0.1344537 0.1527475 0.1397748 0.1152893 0.1696912 0.0000000 0.0594928 0.1391148 0.1245735 0.1131880 0.1447054 0.1169245 0.1728277 0.1464692 0.1163913 0.1311096 0.1409801 0.1343756 0.1431324 0.0717822 0.0717822 
Marmosidae_Monodelphis_domestica             0.1192310 0.1474499 0.1209860 0.1331665 0.1366079 0.1274343 0.0816896 0.1462025 0.1289642 0.1400346 0.1336962 0.1360083 0.1353544 0.1763991 0.1315946 0.1359531 0.1328524 0.1445485 0.1338513 0.1249215 0.1646757 0.0594928 0.0000000 0.1382417 0.1311054 0.1243304 0.1368747 0.1236776 0.1714878 0.1501608 0.1233713 0.1356943 0.1365910 0.1325385 0.1384757 0.0749122 0.0749122 
Dasyuridae_Antechinus_stuartii               0.0999761 0.1245113 0.0923215 0.1033667 0.1064229 0.0266469 0.0631840 0.1340259 0.1026232 0.1267530 0.1034252 0.0146481 0.0287032 0.1714170 0.1128366 0.0142185 0.0185759 0.0335198 0.1314581 0.1025602 0.1502392 0.1391148 0.1382417 0.0000000 0.1048624 0.1096788 0.1285759 0.1001911 0.1605290 0.1429847 0.0933484 0.1213782 0.1297115 0.0221008 0.1266741 0.0207236 0.0207236 
Hypsiprymnodontidae_Hypsiprymnodon_moschatus 0.0838236 0.1109983 0.0848447 0.0479632 0.0502475 0.1049030 0.0585440 0.1112093 0.0461719 0.1101007 0.0817363 0.1035668 0.1085776 0.1376984 0.0821173 0.1043576 0.1016742 0.1173083 0.1086885 0.0409513 0.1338566 0.1245735 0.1311054 0.1048624 0.0000000 0.1066985 0.1087013 0.0448173 0.1422780 0.1216129 0.0712369 0.1050353 0.1104060 0.1030672 0.1074526 0.0459700 0.0459700 
Microbiotheriidae_Dromiciops_gliroides       0.0996974 0.1147364 0.0944008 0.1027326 0.1045882 0.1064438 0.0632760 0.1151645 0.1031795 0.1187424 0.1024441 0.1055781 0.1119542 0.1490654 0.1130226 0.1080335 0.1058182 0.1275736 0.1190736 0.1020261 0.1476045 0.1131880 0.1243304 0.1096788 0.1066985 0.0000000 0.1153483 0.1011376 0.1503777 0.1391301 0.0926995 0.1063883 0.1170929 0.1053850 0.1179661 0.0381132 0.0381132 
Pseudochiridae_Petauroides_volans            0.1004022 0.1405915 0.1043093 0.1063360 0.1086527 0.1225349 0.0556741 0.0974904 0.1058513 0.1312584 0.1140941 0.1247431 0.1313097 0.0864347 0.1004467 0.1259061 0.1231921 0.1364951 0.1394421 0.0983791 0.0917650 0.1447054 0.1368747 0.1285759 0.1087013 0.1153483 0.0000000 0.1013183 0.0680728 0.0998083 0.0981759 0.0877368 0.1392926 0.1259035 0.1330118 0.0690087 0.0690087 
Macropodidae_Wallabia_bicolor                0.0682058 0.1089995 0.0761120 0.0230111 0.0242569 0.0981980 0.0542551 0.1046681 0.0208004 0.1087637 0.0755998 0.1000111 0.1022254 0.1350562 0.0691756 0.0980967 0.0946879 0.1036979 0.1090707 0.0141673 0.1293537 0.1169245 0.1236776 0.1001911 0.0448173 0.1011376 0.1013183 0.0000000 0.1432681 0.1191610 0.0704959 0.0985228 0.1139699 0.0947926 0.1096444 0.0503188 0.0503188 
Pseudochiridae_Pseudocheirus_occidentalis    0.1413283 0.1761593 0.1370258 0.1433606 0.1463505 0.1548305 0.0492382 0.1069477 0.1437687 0.1719559 0.1182561 0.1548954 0.1653890 0.1390624 0.1587665 0.1581228 0.1583386 0.1878230 0.1752573 0.1403465 0.1126670 0.1728277 0.1714878 0.1605290 0.1422780 0.1503777 0.0680728 0.1432681 0.0000000 0.1249936 0.1304333 0.0961615 0.1766406 0.1607726 0.1673338 0.0554253 0.0554253 
Tarsipedidae_Tarsipes_rostratus              0.1169818 0.1562790 0.1178426 0.1241170 0.1233253 0.1383237 0.0743482 0.1343360 0.1199110 0.1503174 0.1263985 0.1409403 0.1430645 0.1256430 0.1204285 0.1406882 0.1373430 0.1581372 0.1561530 0.1157104 0.1101562 0.1464692 0.1501608 0.1429847 0.1216129 0.1391301 0.0998083 0.1191610 0.1249936 0.0000000 0.1101409 0.1197431 0.1547565 0.1398509 0.1503880 0.0762586 0.0762586 
Acrobatidae_Distoechurus_pennatus            0.0766923 0.1087515 0.0757753 0.0748039 0.0762056 0.0954867 0.0447766 0.0955399 0.0718152 0.1126713 0.0706097 0.0921757 0.0967061 0.1303117 0.0497905 0.0929753 0.0919563 0.1144171 0.1111604 0.0683166 0.1208707 0.1163913 0.1233713 0.0933484 0.0712369 0.0926995 0.0981759 0.0704959 0.1304333 0.1101409 0.0000000 0.0872776 0.1138603 0.0920502 0.1100526 0.0251808 0.0251808 
Phalangeridae_Phalanger_carmelitae           0.0952796 0.1307373 0.1001532 0.1034691 0.1038939 0.1215317 0.0295456 0.0481841 0.1030114 0.1293098 0.0630170 0.1201973 0.1252962 0.0223205 0.1020395 0.1204224 0.1193828 0.1318721 0.1355795 0.0950657 0.1149048 0.1311096 0.1356943 0.1213782 0.1050353 0.1063883 0.0877368 0.0985228 0.0961615 0.1197431 0.0872776 0.0000000 0.1339636 0.1220336 0.1329110 0.0722772 0.0722772 
Peramelidae_Peroryctes_raffrayana            0.1036886 0.1295174 0.1151093 0.1134411 0.1171590 0.1228048 0.0874937 0.1443257 0.1144045 0.0197587 0.1218733 0.1298700 0.1341518 0.1890738 0.1351647 0.1322214 0.1259486 0.1508579 0.0151490 0.1105356 0.1707119 0.1409801 0.1365910 0.1297115 0.1104060 0.1170929 0.1392926 0.1139699 0.1766406 0.1547565 0.1138603 0.1339636 0.0000000 0.1277292 0.0189937 0.0289996 0.0289996 
Dasyuridae_Dasyurus_geffroii                 0.0937662 0.1232111 0.0919474 0.0984916 0.1013651 0.0179319 0.0666999 0.1315105 0.0960861 0.1260542 0.1020557 0.0218706 0.0314428 0.1697600 0.1090276 0.0214502 0.0083863 0.0336849 0.1274828 0.0971444 0.1445318 0.1343756 0.1325385 0.0221008 0.1030672 0.1053850 0.1259035 0.0947926 0.1607726 0.1398509 0.0920502 0.1220336 0.1277292 0.0000000 0.1241912 0.0121165 0.0121165 
Peramelidae_Perameles_gunnii                 0.0998042 0.1236687 0.1118090 0.1092142 0.1134887 0.1212340 0.0834408 0.1417689 0.1126363 0.0059613 0.1228824 0.1268557 0.1312205 0.1764640 0.1321830 0.1277212 0.1216384 0.1494315 0.0245616 0.1048895 0.1639821 0.1431324 0.1384757 0.1266741 0.1074526 0.1179661 0.1330118 0.1096444 0.1673338 0.1503880 0.1100526 0.1329110 0.0189937 0.1241912 0.0000000 0.0317334 0.0317334 
Myrmecobiidae_Myrmecobius_fasciatus1         0.0464062 0.0217436 0.0271572 0.0431073 0.0500573 0.0228809 0.0386373 0.0482943 0.0429854 0.0286482 0.0349008 0.0206353 0.0248008 9.0000000 9.0000000 0.0206353 0.0163313 9.0000000 0.0386793 0.0453609 0.0786515 0.0717822 0.0749122 0.0207236 0.0459700 0.0381132 0.0690087 0.0503188 0.0554253 0.0762586 0.0251808 0.0722772 0.0289996 0.0121165 0.0317334 0.0000000 0.0000010 
Myrmecobiidae_Myrmecobius_fasciatus2         0.0464062 0.0217436 0.0271572 0.0431073 0.0500573 0.0228809 0.0386373 0.0482943 0.0429854 0.0286482 0.0349008 0.0206353 0.0248008 9.0000000 9.0000000 0.0206353 0.0163313 9.0000000 0.0386793 0.0453609 0.0786515 0.0717822 0.0749122 0.0207236 0.0459700 0.0381132 0.0690087 0.0503188 0.0554253 0.0762586 0.0251808 0.0722772 0.0289996 0.0121165 0.0317334 0.0000010 0.0000000 
