35
Burramyidae_Burramys_parvus                  0.0000000 0.0809144 0.0456965 0.0540693 0.0537316 0.0701070 0.0509100 0.0481831 0.0485226 0.0779111 0.0442139 0.0668476 0.0703476 0.0367955 0.0469870 0.0667591 0.0694463 0.0640106 0.0760606 0.0530800 0.0567374 0.0821636 0.0840557 0.0706220 0.0480797 0.0727545 0.0540956 0.0532563 0.0718994 0.0767364 0.0469733 0.0359942 0.0800115 0.0723986 0.0793087 
Notoryctidae_Notoryctes_typhlops             0.0809144 0.0000000 0.0760962 0.0916264 0.0901530 0.1018770 0.0859058 0.0908003 0.0885222 0.0979337 0.0844045 0.1000677 0.1043832 0.0765740 0.0800072 0.0984015 0.1011677 0.0988068 0.1015829 0.0962769 0.0911926 0.1018220 0.1083283 0.1020955 0.0931350 0.0976220 0.0931445 0.0949555 0.1150146 0.1103565 0.0871963 0.0769679 0.1039076 0.1048795 0.1000512 
Vombatidae_Lasiorhinus_latifrons             0.0456965 0.0760962 0.0000000 0.0607808 0.0594617 0.0708469 0.0584321 0.0584065 0.0576331 0.0806346 0.0542406 0.0727996 0.0727605 0.0473745 0.0565126 0.0712583 0.0727807 0.0677930 0.0785991 0.0600141 0.0609260 0.0805268 0.0822695 0.0745867 0.0564750 0.0697784 0.0596963 0.0606544 0.0794477 0.0810598 0.0548750 0.0453095 0.0829558 0.0760366 0.0810297 
Potoroidae_Bettongia_penicillata             0.0540693 0.0916264 0.0607808 0.0000000 0.0034559 0.0820980 0.0698060 0.0663933 0.0107155 0.0875905 0.0567936 0.0826495 0.0834026 0.0536454 0.0578045 0.0838351 0.0824385 0.0808440 0.0841978 0.0234895 0.0653945 0.0905953 0.0933581 0.0864875 0.0333681 0.0846012 0.0660244 0.0217873 0.0832396 0.0867949 0.0578412 0.0514461 0.0881423 0.0862349 0.0899531 
Potoroidae_Bettongia_lesueur                 0.0537316 0.0901530 0.0594617 0.0034559 0.0000000 0.0826085 0.0689256 0.0669619 0.0112512 0.0857290 0.0580869 0.0840336 0.0852645 0.0548902 0.0596138 0.0852195 0.0830064 0.0815414 0.0842944 0.0238420 0.0652983 0.0926882 0.0950258 0.0878928 0.0334191 0.0837257 0.0661224 0.0221791 0.0832083 0.0887829 0.0586273 0.0526792 0.0866611 0.0867561 0.0880069 
Dasyuridae_Dasyurus_maculatus                0.0701070 0.1018770 0.0708469 0.0820980 0.0826085 0.0000000 0.0846710 0.0844697 0.0796984 0.0947997 0.0744831 0.0105303 0.0186911 0.0697657 0.0760066 0.0110433 0.0034657 0.0151666 0.0918081 0.0807475 0.0840920 0.0904344 0.0954409 0.0110895 0.0777205 0.0816969 0.0842236 0.0801869 0.1003231 0.0987896 0.0737458 0.0696100 0.0945900 0.0036819 0.0946969 
Phalangeridae_Trichosurus_vulpecula          0.0509100 0.0859058 0.0584321 0.0698060 0.0689256 0.0846710 0.0000000 0.0177371 0.0631796 0.0912793 0.0280928 0.0819010 0.0839195 0.0250978 0.0651934 0.0830546 0.0853315 0.0786627 0.0867399 0.0650932 0.0740700 0.0902138 0.0903206 0.0851757 0.0617579 0.0806162 0.0662454 0.0647930 0.0898776 0.0903281 0.0654855 0.0234703 0.0911097 0.0874230 0.0923249 
Phalangeridae_Spilocuscus_maculatus          0.0481831 0.0908003 0.0584065 0.0663933 0.0669619 0.0844697 0.0177371 0.0000000 0.0591679 0.0901361 0.0224054 0.0841972 0.0858107 0.0159341 0.0626566 0.0849921 0.0849924 0.0822496 0.0860861 0.0606836 0.0665101 0.0911075 0.0877153 0.0885449 0.0579354 0.0828253 0.0659691 0.0616139 0.0844406 0.0896595 0.0631004 0.0147893 0.0900369 0.0881285 0.0922131 
Potoroidae_Aepyprymnus_rufescens             0.0485226 0.0885222 0.0576331 0.0107155 0.0112512 0.0796984 0.0631796 0.0591679 0.0000000 0.0852486 0.0533348 0.0802409 0.0802993 0.0486047 0.0556869 0.0801424 0.0801104 0.0761143 0.0823541 0.0201544 0.0608042 0.0916102 0.0891758 0.0839482 0.0282748 0.0775218 0.0620988 0.0186271 0.0805654 0.0839619 0.0556039 0.0464934 0.0845591 0.0830658 0.0869889 
Peramelidae_Perameles_nasuta                 0.0779111 0.0979337 0.0806346 0.0875905 0.0857290 0.0947997 0.0912793 0.0901361 0.0852486 0.0000000 0.0848261 0.0957055 0.0954821 0.0795084 0.0822489 0.0942761 0.0942527 0.0879333 0.0168240 0.0885391 0.0841456 0.1027350 0.1103643 0.0985516 0.0840535 0.0941446 0.0870178 0.0896692 0.1192086 0.1122936 0.0803050 0.0784588 0.0185429 0.0996054 0.0003910 
Phalangeridae_Strigocuscus_pelengensis       0.0442139 0.0844045 0.0542406 0.0567936 0.0580869 0.0744831 0.0280928 0.0224054 0.0533348 0.0848261 0.0000000 0.0736773 0.0765133 0.0098310 0.0547374 0.0757686 0.0748187 0.0746679 0.0816966 0.0558247 0.0621802 0.0853411 0.0890739 0.0783280 0.0528453 0.0764467 0.0613861 0.0549406 0.0783987 0.0789718 0.0548531 0.0093230 0.0869781 0.0786427 0.0868311 
Dasyuridae_Phascogale_tapoatafa              0.0668476 0.1000677 0.0727996 0.0826495 0.0840336 0.0105303 0.0819010 0.0841972 0.0802409 0.0957055 0.0736773 0.0000000 0.0184625 0.0692253 0.0778782 0.0032520 0.0094905 0.0140116 0.0922717 0.0837556 0.0864562 0.0917487 0.0955727 0.0048040 0.0786048 0.0809105 0.0855626 0.0821148 0.0986131 0.1011857 0.0766027 0.0690343 0.0935395 0.0118325 0.0961413 
Dasyuridae_Sminthopsis_macroura              0.0703476 0.1043832 0.0727605 0.0834026 0.0852645 0.0186911 0.0839195 0.0858107 0.0802993 0.0954821 0.0765133 0.0184625 0.0000000 0.0710644 0.0805466 0.0181467 0.0180723 0.0134293 0.0911064 0.0842696 0.0903510 0.0939002 0.0936968 0.0191688 0.0812256 0.0845016 0.0873537 0.0848627 0.1061696 0.1033915 0.0806492 0.0708678 0.0941106 0.0202381 0.0959711 
Phalangeridae_Phalanger_orientalis           0.0367955 0.0765740 0.0473745 0.0536454 0.0548902 0.0697657 0.0250978 0.0159341 0.0486047 0.0795084 0.0098310 0.0692253 0.0710644 0.0000000 0.0460675 0.0695414 0.0695897 0.0673753 0.0737055 0.0501566 0.0533526 0.0805449 0.0835691 0.0737024 0.0493252 0.0705793 0.0566910 0.0505388 0.0688079 0.0756330 0.0494570 0.0019909 0.0793242 0.0733170 0.0808744 
Acrobatidae_Acrobates_pygmaeus               0.0469870 0.0800072 0.0565126 0.0578045 0.0596138 0.0760066 0.0651934 0.0626566 0.0556869 0.0822489 0.0547374 0.0778782 0.0805466 0.0460675 0.0000000 0.0773133 0.0778693 0.0738038 0.0806412 0.0590006 0.0478901 0.0820256 0.0876026 0.0793385 0.0574268 0.0805804 0.0495449 0.0600474 0.0640743 0.0743691 0.0253305 0.0460972 0.0804573 0.0817433 0.0830371 
Dasyuridae_Phascogale_calura                 0.0667591 0.0984015 0.0712583 0.0838351 0.0852195 0.0110433 0.0830546 0.0849921 0.0801424 0.0942761 0.0757686 0.0032520 0.0181467 0.0695414 0.0773133 0.0000000 0.0105018 0.0148699 0.0908491 0.0839170 0.0856561 0.0912699 0.0944438 0.0057059 0.0792631 0.0799166 0.0849803 0.0832304 0.0989248 0.1014298 0.0764434 0.0694094 0.0920549 0.0123607 0.0946990 
Dasyuridae_Sarcophilus_harrisii              0.0694463 0.1011677 0.0727807 0.0824385 0.0830064 0.0034657 0.0853315 0.0849924 0.0801104 0.0942527 0.0748187 0.0094905 0.0180723 0.0695897 0.0778693 0.0105018 0.0000000 0.0148365 0.0912136 0.0811633 0.0850814 0.0920944 0.0960038 0.0105517 0.0774972 0.0807497 0.0839660 0.0810140 0.0994641 0.1000694 0.0747874 0.0693976 0.0941348 0.0045498 0.0942494 
Dasyuridae_Planigale_tenuirostris            0.0640106 0.0988068 0.0677930 0.0808440 0.0815414 0.0151666 0.0786627 0.0822496 0.0761143 0.0879333 0.0746679 0.0140116 0.0134293 0.0673753 0.0738038 0.0148699 0.0148365 0.0000000 0.0853105 0.0800145 0.0802659 0.0863889 0.0881220 0.0145874 0.0760699 0.0761346 0.0825926 0.0804993 0.1013234 0.0987045 0.0709911 0.0672719 0.0877526 0.0169686 0.0890859 
Peramelidae_Echymipera_kalubu                0.0760606 0.1015829 0.0785991 0.0841978 0.0842944 0.0918081 0.0867399 0.0860861 0.0823541 0.0168240 0.0816966 0.0922717 0.0911064 0.0737055 0.0806412 0.0908491 0.0912136 0.0853105 0.0000000 0.0860597 0.0846751 0.0940908 0.1025291 0.0950757 0.0820644 0.0933094 0.0843678 0.0862921 0.1115261 0.1086145 0.0789545 0.0717400 0.0153083 0.0960344 0.0178609 
Macropodidae_Dorcopsulus_vanheurni           0.0530800 0.0962769 0.0600141 0.0234895 0.0238420 0.0807475 0.0650932 0.0606836 0.0201544 0.0885391 0.0558247 0.0837556 0.0842696 0.0501566 0.0590006 0.0839170 0.0811633 0.0800145 0.0860597 0.0000000 0.0606759 0.0962066 0.0970423 0.0866797 0.0314385 0.0827886 0.0680549 0.0057298 0.0852582 0.0866145 0.0601369 0.0493548 0.0865229 0.0854957 0.0911973 
Pseudochiridae_Pseudochirulus_forbesi        0.0567374 0.0911926 0.0609260 0.0653945 0.0652983 0.0840920 0.0740700 0.0665101 0.0608042 0.0841456 0.0621802 0.0864562 0.0903510 0.0533526 0.0478901 0.0856561 0.0850814 0.0802659 0.0846751 0.0606759 0.0000000 0.0884642 0.0960676 0.0889624 0.0598680 0.0922279 0.0285958 0.0598524 0.0332583 0.0697852 0.0517953 0.0527115 0.0812775 0.0906659 0.0858862 
Didelphidae_Didelphis_virginiana             0.0821636 0.1018220 0.0805268 0.0905953 0.0926882 0.0904344 0.0902138 0.0911075 0.0916102 0.1027350 0.0853411 0.0917487 0.0939002 0.0805449 0.0820256 0.0912699 0.0920944 0.0863889 0.0940908 0.0962066 0.0884642 0.0000000 0.0252820 0.0913309 0.0929814 0.0938843 0.0894425 0.0931158 0.1187439 0.1125385 0.0809326 0.0781410 0.1035995 0.0921372 0.1028387 
Marmosidae_Monodelphis_domestica             0.0840557 0.1083283 0.0822695 0.0933581 0.0950258 0.0954409 0.0903206 0.0877153 0.0891758 0.1103643 0.0890739 0.0955727 0.0936968 0.0835691 0.0876026 0.0944438 0.0960038 0.0881220 0.1025291 0.0970423 0.0960676 0.0252820 0.0000000 0.0958962 0.0928490 0.0944630 0.0943963 0.0965928 0.1257448 0.1191565 0.0893252 0.0807550 0.1100812 0.0969800 0.1099872 
Dasyuridae_Antechinus_stuartii               0.0706220 0.1020955 0.0745867 0.0864875 0.0878928 0.0110895 0.0851757 0.0885449 0.0839482 0.0985516 0.0783280 0.0048040 0.0191688 0.0737024 0.0793385 0.0057059 0.0105517 0.0145874 0.0950757 0.0866797 0.0889624 0.0913309 0.0958962 0.0000000 0.0815091 0.0821346 0.0901517 0.0859522 0.1057974 0.1027344 0.0784732 0.0735375 0.0961975 0.0124209 0.0989761 
Hypsiprymnodontidae_Hypsiprymnodon_moschatus 0.0480797 0.0931350 0.0564750 0.0333681 0.0334191 0.0777205 0.0617579 0.0579354 0.0282748 0.0840535 0.0528453 0.0786048 0.0812256 0.0493252 0.0574268 0.0792631 0.0774972 0.0760699 0.0820644 0.0314385 0.0598680 0.0929814 0.0928490 0.0815091 0.0000000 0.0780958 0.0647509 0.0319446 0.0781124 0.0843711 0.0570181 0.0472100 0.0843913 0.0809331 0.0858807 
Microbiotheriidae_Dromiciops_gliroides       0.0727545 0.0976220 0.0697784 0.0846012 0.0837257 0.0816969 0.0806162 0.0828253 0.0775218 0.0941446 0.0764467 0.0809105 0.0845016 0.0705793 0.0805804 0.0799166 0.0807497 0.0761346 0.0933094 0.0827886 0.0922279 0.0938843 0.0944630 0.0821346 0.0780958 0.0000000 0.0847775 0.0838720 0.1081410 0.1084859 0.0773820 0.0700969 0.0969424 0.0823401 0.0960574 
Pseudochiridae_Petauroides_volans            0.0540956 0.0931445 0.0596963 0.0660244 0.0661224 0.0842236 0.0662454 0.0659691 0.0620988 0.0870178 0.0613861 0.0855626 0.0873537 0.0566910 0.0495449 0.0849803 0.0839660 0.0825926 0.0843678 0.0680549 0.0285958 0.0894425 0.0943963 0.0901517 0.0647509 0.0847775 0.0000000 0.0684884 0.0417370 0.0683721 0.0527703 0.0548823 0.0897517 0.0896791 0.0884347 
Macropodidae_Wallabia_bicolor                0.0532563 0.0949555 0.0606544 0.0217873 0.0221791 0.0801869 0.0647930 0.0616139 0.0186271 0.0896692 0.0549406 0.0821148 0.0848627 0.0505388 0.0600474 0.0832304 0.0810140 0.0804993 0.0862921 0.0057298 0.0598524 0.0931158 0.0965928 0.0859522 0.0319446 0.0838720 0.0684884 0.0000000 0.0856269 0.0870713 0.0588109 0.0492764 0.0871740 0.0853327 0.0905922 
Pseudochiridae_Pseudocheirus_occidentalis    0.0718994 0.1150146 0.0794477 0.0832396 0.0832083 0.1003231 0.0898776 0.0844406 0.0805654 0.1192086 0.0783987 0.0986131 0.1061696 0.0688079 0.0640743 0.0989248 0.0994641 0.1013234 0.1115261 0.0852582 0.0332583 0.1187439 0.1257448 0.1057974 0.0781124 0.1081410 0.0417370 0.0856269 0.0000000 0.0837051 0.0710909 0.0679937 0.1170479 0.1045129 0.1214596 
Tarsipedidae_Tarsipes_rostratus              0.0767364 0.1103565 0.0810598 0.0867949 0.0887829 0.0987896 0.0903281 0.0896595 0.0839619 0.1122936 0.0789718 0.1011857 0.1033915 0.0756330 0.0743691 0.1014298 0.1000694 0.0987045 0.1086145 0.0866145 0.0697852 0.1125385 0.1191565 0.1027344 0.0843711 0.1084859 0.0683721 0.0870713 0.0837051 0.0000000 0.0710671 0.0746135 0.1116777 0.1023388 0.1133844 
Acrobatidae_Distoechurus_pennatus            0.0469733 0.0871963 0.0548750 0.0578412 0.0586273 0.0737458 0.0654855 0.0631004 0.0556039 0.0803050 0.0548531 0.0766027 0.0806492 0.0494570 0.0253305 0.0764434 0.0747874 0.0709911 0.0789545 0.0601369 0.0517953 0.0809326 0.0893252 0.0784732 0.0570181 0.0773820 0.0527703 0.0588109 0.0710909 0.0710671 0.0000000 0.0494163 0.0781965 0.0791391 0.0809132 
Phalangeridae_Phalanger_carmelitae           0.0359942 0.0769679 0.0453095 0.0514461 0.0526792 0.0696100 0.0234703 0.0147893 0.0464934 0.0784588 0.0093230 0.0690343 0.0708678 0.0019909 0.0460972 0.0694094 0.0693976 0.0672719 0.0717400 0.0493548 0.0527115 0.0781410 0.0807550 0.0735375 0.0472100 0.0700969 0.0548823 0.0492764 0.0679937 0.0746135 0.0494163 0.0000000 0.0783045 0.0731141 0.0798092 
Peramelidae_Peroryctes_raffrayana            0.0800115 0.1039076 0.0829558 0.0881423 0.0866611 0.0945900 0.0911097 0.0900369 0.0845591 0.0185429 0.0869781 0.0935395 0.0941106 0.0793242 0.0804573 0.0920549 0.0941348 0.0877526 0.0153083 0.0865229 0.0812775 0.1035995 0.1100812 0.0961975 0.0843913 0.0969424 0.0897517 0.0871740 0.1170479 0.1116777 0.0781965 0.0783045 0.0000000 0.0989918 0.0198998 
Dasyuridae_Dasyurus_geffroii                 0.0723986 0.1048795 0.0760366 0.0862349 0.0867561 0.0036819 0.0874230 0.0881285 0.0830658 0.0996054 0.0786427 0.0118325 0.0202381 0.0733170 0.0817433 0.0123607 0.0045498 0.0169686 0.0960344 0.0854957 0.0906659 0.0921372 0.0969800 0.0124209 0.0809331 0.0823401 0.0896791 0.0853327 0.1045129 0.1023388 0.0791391 0.0731141 0.0989918 0.0000000 0.0995844 
Peramelidae_Perameles_gunnii                 0.0793087 0.1000512 0.0810297 0.0899531 0.0880069 0.0946969 0.0923249 0.0922131 0.0869889 0.0003910 0.0868311 0.0961413 0.0959711 0.0808744 0.0830371 0.0946990 0.0942494 0.0890859 0.0178609 0.0911973 0.0858862 0.1028387 0.1099872 0.0989761 0.0858807 0.0960574 0.0884347 0.0905922 0.1214596 0.1133844 0.0809132 0.0798092 0.0198998 0.0995844 0.0000000 
