35
Burramyidae_Burramys_parvus                  0.0000000 0.0592968 0.0392286 0.0391827 0.0387351 0.0599305 0.0403515 0.0446864 0.0499227 0.0716581 0.0364068 0.0638092 0.0653698 0.0501668 0.0445361 0.0626553 0.0619059 0.0626642 0.0525183 0.0357293 0.0368229 0.0760570 0.0682996 0.0655648 0.0430835 0.0509157 0.0376802 0.0339688 0.0364458 0.0519881 0.0417502 0.0489318 0.0513859 0.0636391 0.0681704 
Notoryctidae_Notoryctes_typhlops             0.0592968 0.0000000 0.0487749 0.0590814 0.0590696 0.0658364 0.0596106 0.0640462 0.0675109 0.0690067 0.0535658 0.0699574 0.0685534 0.0693797 0.0607281 0.0692420 0.0664255 0.0665444 0.0529063 0.0573392 0.0564896 0.0768523 0.0692328 0.0703977 0.0635671 0.0536913 0.0578002 0.0509111 0.0554954 0.0652348 0.0637516 0.0666422 0.0512002 0.0687868 0.0672384 
Vombatidae_Lasiorhinus_latifrons             0.0392286 0.0487749 0.0000000 0.0402662 0.0404431 0.0560204 0.0443464 0.0487753 0.0462495 0.0616590 0.0350952 0.0559140 0.0590989 0.0494866 0.0437558 0.0550182 0.0579415 0.0553161 0.0418599 0.0376478 0.0377063 0.0675121 0.0612139 0.0562231 0.0422413 0.0453985 0.0388278 0.0297691 0.0360469 0.0487954 0.0428132 0.0480067 0.0413175 0.0598700 0.0583885 
Potoroidae_Bettongia_penicillata             0.0391827 0.0590814 0.0402662 0.0000000 0.0025036 0.0679600 0.0429871 0.0477710 0.0184664 0.0701987 0.0389197 0.0699129 0.0731627 0.0543104 0.0408222 0.0692312 0.0700560 0.0681060 0.0505742 0.0138339 0.0343254 0.0764916 0.0706812 0.0700812 0.0258891 0.0521130 0.0349493 0.0099133 0.0321143 0.0495375 0.0390980 0.0513401 0.0486527 0.0709837 0.0672870 
Potoroidae_Bettongia_lesueur                 0.0387351 0.0590696 0.0404431 0.0025036 0.0000000 0.0675566 0.0429536 0.0476017 0.0186629 0.0688069 0.0395116 0.0694846 0.0727220 0.0538664 0.0411887 0.0685480 0.0696249 0.0674200 0.0505367 0.0133691 0.0349597 0.0763432 0.0711222 0.0693828 0.0258017 0.0512233 0.0336472 0.0095694 0.0317404 0.0494155 0.0390574 0.0513794 0.0478939 0.0705172 0.0657188 
Dasyuridae_Dasyurus_maculatus                0.0599305 0.0658364 0.0560204 0.0679600 0.0675566 0.0000000 0.0610639 0.0624574 0.0708537 0.0698231 0.0516481 0.0119485 0.0167448 0.0672090 0.0622525 0.0108027 0.0033865 0.0138335 0.0523378 0.0655577 0.0657941 0.0751580 0.0715081 0.0114893 0.0724840 0.0655449 0.0652867 0.0547585 0.0633958 0.0659215 0.0697629 0.0651688 0.0525437 0.0029033 0.0665237 
Phalangeridae_Trichosurus_vulpecula          0.0403515 0.0596106 0.0443464 0.0429871 0.0429536 0.0610639 0.0000000 0.0196872 0.0515697 0.0687952 0.0177262 0.0649967 0.0660999 0.0212463 0.0436757 0.0642852 0.0635529 0.0640206 0.0497444 0.0427610 0.0386351 0.0774061 0.0678362 0.0642149 0.0486144 0.0556653 0.0415058 0.0373236 0.0381787 0.0513188 0.0453194 0.0193079 0.0499724 0.0645965 0.0652437 
Phalangeridae_Spilocuscus_maculatus          0.0446864 0.0640462 0.0487753 0.0477710 0.0476017 0.0624574 0.0196872 0.0000000 0.0513347 0.0693272 0.0120521 0.0665448 0.0674345 0.0133667 0.0447656 0.0653976 0.0647104 0.0665241 0.0525330 0.0486744 0.0445335 0.0804958 0.0717451 0.0669548 0.0544897 0.0616962 0.0462519 0.0402791 0.0429938 0.0551265 0.0471120 0.0120841 0.0513302 0.0652944 0.0662299 
Potoroidae_Aepyprymnus_rufescens             0.0499227 0.0675109 0.0462495 0.0184664 0.0186629 0.0708537 0.0515697 0.0513347 0.0000000 0.0707462 0.0399584 0.0712813 0.0763942 0.0567116 0.0451137 0.0702549 0.0732055 0.0710535 0.0511456 0.0240575 0.0466122 0.0801482 0.0749304 0.0706440 0.0372331 0.0638788 0.0466964 0.0109337 0.0434193 0.0497948 0.0501706 0.0551549 0.0489739 0.0734481 0.0678299 
Peramelidae_Perameles_nasuta                 0.0716581 0.0690067 0.0616590 0.0701987 0.0688069 0.0698231 0.0687952 0.0693272 0.0707462 0.0000000 0.0548683 0.0738048 0.0725853 0.0762462 0.0678428 0.0711762 0.0709140 0.0679514 0.0109337 0.0671214 0.0667074 0.0855430 0.0799713 0.0716455 0.0700663 0.0698025 0.0691492 0.0488040 0.0645931 0.0669744 0.0758832 0.0740840 0.0110175 0.0717646 0.0034733 
Phalangeridae_Strigocuscus_pelengensis       0.0364068 0.0535658 0.0350952 0.0389197 0.0395116 0.0516481 0.0177262 0.0120521 0.0399584 0.0548683 0.0000000 0.0556560 0.0563203 0.0126466 0.0378896 0.0540699 0.0535287 0.0521103 0.0497259 0.0397458 0.0364471 0.0639064 0.0549394 0.0559104 0.0426630 0.0504137 0.0367336 0.0391287 0.0351210 0.0504324 0.0390264 0.0114661 0.0496259 0.0545097 0.0507499 
Dasyuridae_Phascogale_tapoatafa              0.0638092 0.0699574 0.0559140 0.0699129 0.0694846 0.0119485 0.0649967 0.0665448 0.0712813 0.0738048 0.0556560 0.0000000 0.0195699 0.0708979 0.0623510 0.0035411 0.0132910 0.0154698 0.0542174 0.0673081 0.0695676 0.0778968 0.0748324 0.0093351 0.0739545 0.0659409 0.0679955 0.0556285 0.0658857 0.0681308 0.0720880 0.0687892 0.0564917 0.0141757 0.0703304 
Dasyuridae_Sminthopsis_macroura              0.0653698 0.0685534 0.0590989 0.0731627 0.0727220 0.0167448 0.0660999 0.0674345 0.0763942 0.0725853 0.0563203 0.0195699 0.0000000 0.0717606 0.0674691 0.0183671 0.0176111 0.0129483 0.0539086 0.0693567 0.0698603 0.0812409 0.0764581 0.0192981 0.0757687 0.0679507 0.0695924 0.0581268 0.0689363 0.0718442 0.0745624 0.0695738 0.0559432 0.0181896 0.0691991 
Phalangeridae_Phalanger_orientalis           0.0501668 0.0693797 0.0494866 0.0543104 0.0538664 0.0672090 0.0212463 0.0133667 0.0567116 0.0762462 0.0126466 0.0708979 0.0717606 0.0000000 0.0492608 0.0691716 0.0692983 0.0684495 0.0553753 0.0541703 0.0493727 0.0831748 0.0748530 0.0709404 0.0580986 0.0656208 0.0504884 0.0414624 0.0480169 0.0564800 0.0518147 0.0038889 0.0538916 0.0706804 0.0720675 
Acrobatidae_Acrobates_pygmaeus               0.0445361 0.0607281 0.0437558 0.0408222 0.0411887 0.0622525 0.0436757 0.0447656 0.0451137 0.0678428 0.0378896 0.0623510 0.0674691 0.0492608 0.0000000 0.0606278 0.0645933 0.0615585 0.0504923 0.0403060 0.0382301 0.0790949 0.0698022 0.0622287 0.0464179 0.0583420 0.0383702 0.0305871 0.0349653 0.0473716 0.0281489 0.0484837 0.0489404 0.0652583 0.0636358 
Dasyuridae_Phascogale_calura                 0.0626553 0.0692420 0.0550182 0.0692312 0.0685480 0.0108027 0.0642852 0.0653976 0.0702549 0.0711762 0.0540699 0.0035411 0.0183671 0.0691716 0.0606278 0.0000000 0.0118008 0.0136773 0.0525064 0.0665457 0.0676412 0.0780392 0.0736871 0.0085203 0.0723815 0.0642242 0.0668001 0.0549281 0.0639633 0.0673861 0.0703686 0.0671154 0.0547224 0.0126004 0.0678271 
Dasyuridae_Sarcophilus_harrisii              0.0619059 0.0664255 0.0579415 0.0700560 0.0696249 0.0033865 0.0635529 0.0647104 0.0732055 0.0709140 0.0535287 0.0132910 0.0176111 0.0692983 0.0645933 0.0118008 0.0000000 0.0140080 0.0540871 0.0674424 0.0670638 0.0762262 0.0730368 0.0131711 0.0746131 0.0673337 0.0673815 0.0555852 0.0649378 0.0673445 0.0726025 0.0672159 0.0540451 0.0047107 0.0675530 
Dasyuridae_Planigale_tenuirostris            0.0626642 0.0665444 0.0553161 0.0681060 0.0674200 0.0138335 0.0640206 0.0665241 0.0710535 0.0679514 0.0521103 0.0154698 0.0129483 0.0684495 0.0615585 0.0136773 0.0140080 0.0000000 0.0500245 0.0665041 0.0655312 0.0789200 0.0733120 0.0142443 0.0727849 0.0618585 0.0651168 0.0544937 0.0619433 0.0668762 0.0691746 0.0667282 0.0514068 0.0144094 0.0642243 
Peramelidae_Echymipera_kalubu                0.0525183 0.0529063 0.0418599 0.0505742 0.0505367 0.0523378 0.0497444 0.0525330 0.0511456 0.0109337 0.0497259 0.0542174 0.0539086 0.0553753 0.0504923 0.0525064 0.0540871 0.0500245 0.0000000 0.0491901 0.0502081 0.0612669 0.0597178 0.0535482 0.0529572 0.0495410 0.0491259 0.0471450 0.0460022 0.0634146 0.0563868 0.0531426 0.0063470 0.0547776 0.0083797 
Macropodidae_Dorcopsulus_vanheurni           0.0357293 0.0573392 0.0376478 0.0138339 0.0133691 0.0655577 0.0427610 0.0486744 0.0240575 0.0671214 0.0397458 0.0673081 0.0693567 0.0541703 0.0403060 0.0665457 0.0674424 0.0665041 0.0491901 0.0000000 0.0334365 0.0739832 0.0683967 0.0676559 0.0234829 0.0511414 0.0346200 0.0049508 0.0323777 0.0488236 0.0388628 0.0518546 0.0471877 0.0681063 0.0650603 
Pseudochiridae_Pseudochirulus_forbesi        0.0368229 0.0564896 0.0377063 0.0343254 0.0349597 0.0657941 0.0386351 0.0445335 0.0466122 0.0667074 0.0364471 0.0695676 0.0698603 0.0493727 0.0382301 0.0676412 0.0670638 0.0655312 0.0502081 0.0334365 0.0000000 0.0760937 0.0695688 0.0679634 0.0399757 0.0528695 0.0182695 0.0301633 0.0096828 0.0419446 0.0377531 0.0478696 0.0477135 0.0677609 0.0642553 
Didelphidae_Didelphis_virginiana             0.0760570 0.0768523 0.0675121 0.0764916 0.0763432 0.0751580 0.0774061 0.0804958 0.0801482 0.0855430 0.0639064 0.0778968 0.0812409 0.0831748 0.0790949 0.0780392 0.0762262 0.0789200 0.0612669 0.0739832 0.0760937 0.0000000 0.0315604 0.0788199 0.0811421 0.0713080 0.0761198 0.0573081 0.0731880 0.0700495 0.0827591 0.0814641 0.0610972 0.0787393 0.0825197 
Marmosidae_Monodelphis_domestica             0.0682996 0.0692328 0.0612139 0.0706812 0.0711222 0.0715081 0.0678362 0.0717451 0.0749304 0.0799713 0.0549394 0.0748324 0.0764581 0.0748530 0.0698022 0.0736871 0.0730368 0.0733120 0.0597178 0.0683967 0.0695688 0.0315604 0.0000000 0.0758763 0.0740549 0.0648044 0.0707252 0.0497211 0.0662885 0.0640342 0.0750680 0.0735717 0.0579858 0.0752185 0.0763084 
Dasyuridae_Antechinus_stuartii               0.0655648 0.0703977 0.0562231 0.0700812 0.0693828 0.0114893 0.0642149 0.0669548 0.0706440 0.0716455 0.0559104 0.0093351 0.0192981 0.0709404 0.0622287 0.0085203 0.0131711 0.0142443 0.0535482 0.0676559 0.0679634 0.0788199 0.0758763 0.0000000 0.0737888 0.0674301 0.0675930 0.0555646 0.0652326 0.0693285 0.0701460 0.0688456 0.0552678 0.0142127 0.0685902 
Hypsiprymnodontidae_Hypsiprymnodon_moschatus 0.0430835 0.0635671 0.0422413 0.0258891 0.0258017 0.0724840 0.0486144 0.0544897 0.0372331 0.0700663 0.0426630 0.0739545 0.0757687 0.0580986 0.0464179 0.0723815 0.0746131 0.0727849 0.0529572 0.0234829 0.0399757 0.0811421 0.0740549 0.0737888 0.0000000 0.0571661 0.0400064 0.0198432 0.0381355 0.0518742 0.0448855 0.0559986 0.0509668 0.0763483 0.0671912 
Microbiotheriidae_Dromiciops_gliroides       0.0509157 0.0536913 0.0453985 0.0521130 0.0512233 0.0655449 0.0556653 0.0616962 0.0638788 0.0698025 0.0504137 0.0659409 0.0679507 0.0656208 0.0583420 0.0642242 0.0673337 0.0618585 0.0495410 0.0511414 0.0528695 0.0713080 0.0648044 0.0674301 0.0571661 0.0000000 0.0518973 0.0473890 0.0492391 0.0608538 0.0586109 0.0642939 0.0502204 0.0682565 0.0665737 
Pseudochiridae_Petauroides_volans            0.0376802 0.0578002 0.0388278 0.0349493 0.0336472 0.0652867 0.0415058 0.0462519 0.0466964 0.0691492 0.0367336 0.0679955 0.0695924 0.0504884 0.0383702 0.0668001 0.0673815 0.0651168 0.0491259 0.0346200 0.0182695 0.0761198 0.0707252 0.0675930 0.0400064 0.0518973 0.0000000 0.0313464 0.0164021 0.0417945 0.0374745 0.0485428 0.0475489 0.0691295 0.0651026 
Macropodidae_Wallabia_bicolor                0.0339688 0.0509111 0.0297691 0.0099133 0.0095694 0.0547585 0.0373236 0.0402791 0.0109337 0.0488040 0.0391287 0.0556285 0.0581268 0.0414624 0.0305871 0.0549281 0.0555852 0.0544937 0.0471450 0.0049508 0.0301633 0.0573081 0.0497211 0.0555646 0.0198432 0.0473890 0.0313464 0.0000000 0.0295248 0.0470981 0.0349980 0.0396442 0.0443965 0.0561771 0.0468367 
Pseudochiridae_Pseudocheirus_occidentalis    0.0364458 0.0554954 0.0360469 0.0321143 0.0317404 0.0633958 0.0381787 0.0429938 0.0434193 0.0645931 0.0351210 0.0658857 0.0689363 0.0480169 0.0349653 0.0639633 0.0649378 0.0619433 0.0460022 0.0323777 0.0096828 0.0731880 0.0662885 0.0652326 0.0381355 0.0492391 0.0164021 0.0295248 0.0000000 0.0386303 0.0339675 0.0465775 0.0439059 0.0657908 0.0617260 
Tarsipedidae_Tarsipes_rostratus              0.0519881 0.0652348 0.0487954 0.0495375 0.0494155 0.0659215 0.0513188 0.0551265 0.0497948 0.0669744 0.0504324 0.0681308 0.0718442 0.0564800 0.0473716 0.0673861 0.0673445 0.0668762 0.0634146 0.0488236 0.0419446 0.0700495 0.0640342 0.0693285 0.0518742 0.0608538 0.0417945 0.0470981 0.0386303 0.0000000 0.0507916 0.0546589 0.0618178 0.0669452 0.0625473 
Acrobatidae_Distoechurus_pennatus            0.0417502 0.0637516 0.0428132 0.0390980 0.0390574 0.0697629 0.0453194 0.0471120 0.0501706 0.0758832 0.0390264 0.0720880 0.0745624 0.0518147 0.0281489 0.0703686 0.0726025 0.0691746 0.0563868 0.0388628 0.0377531 0.0827591 0.0750680 0.0701460 0.0448855 0.0586109 0.0374745 0.0349980 0.0339675 0.0507916 0.0000000 0.0503435 0.0536789 0.0741466 0.0710433 
Phalangeridae_Phalanger_carmelitae           0.0489318 0.0666422 0.0480067 0.0513401 0.0513794 0.0651688 0.0193079 0.0120841 0.0551549 0.0740840 0.0114661 0.0687892 0.0695738 0.0038889 0.0484837 0.0671154 0.0672159 0.0667282 0.0531426 0.0518546 0.0478696 0.0814641 0.0735717 0.0688456 0.0559986 0.0642939 0.0485428 0.0396442 0.0465775 0.0546589 0.0503435 0.0000000 0.0519367 0.0684622 0.0700503 
Peramelidae_Peroryctes_raffrayana            0.0513859 0.0512002 0.0413175 0.0486527 0.0478939 0.0525437 0.0499724 0.0513302 0.0489739 0.0110175 0.0496259 0.0564917 0.0559432 0.0538916 0.0489404 0.0547224 0.0540451 0.0514068 0.0063470 0.0471877 0.0477135 0.0610972 0.0579858 0.0552678 0.0509668 0.0502204 0.0475489 0.0443965 0.0439059 0.0618178 0.0536789 0.0519367 0.0000000 0.0544623 0.0082650 
Dasyuridae_Dasyurus_geffroii                 0.0636391 0.0687868 0.0598700 0.0709837 0.0705172 0.0029033 0.0645965 0.0652944 0.0734481 0.0717646 0.0545097 0.0141757 0.0181896 0.0706804 0.0652583 0.0126004 0.0047107 0.0144094 0.0547776 0.0681063 0.0677609 0.0787393 0.0752185 0.0142127 0.0763483 0.0682565 0.0691295 0.0561771 0.0657908 0.0669452 0.0741466 0.0684622 0.0544623 0.0000000 0.0695435 
Peramelidae_Perameles_gunnii                 0.0681704 0.0672384 0.0583885 0.0672870 0.0657188 0.0665237 0.0652437 0.0662299 0.0678299 0.0034733 0.0507499 0.0703304 0.0691991 0.0720675 0.0636358 0.0678271 0.0675530 0.0642243 0.0083797 0.0650603 0.0642553 0.0825197 0.0763084 0.0685902 0.0671912 0.0665737 0.0651026 0.0468367 0.0617260 0.0625473 0.0710433 0.0700503 0.0082650 0.0695435 0.0000000 
