35
Burramyidae_Burramys_parvus                  0.0000000 0.0537097 0.0330771 0.0356361 0.0367445 0.0528507 0.0266376 0.0264535 0.0367048 0.0543067 0.0246696 0.0529409 0.0541146 0.0264760 0.0367220 0.0529833 0.0526247 0.0523626 0.0572274 0.0345674 0.0365361 0.0518011 0.0523499 0.0523768 0.0355462 0.0498263 0.0289684 0.0326574 0.0353694 0.0479239 0.0405860 0.0269001 0.0463755 0.0511930 0.0546088 
Notoryctidae_Notoryctes_typhlops             0.0537097 0.0000000 0.0592947 0.0656313 0.0678274 0.0737628 0.0529940 0.0589773 0.0664636 0.0734518 0.0502462 0.0738686 0.0717376 0.0541356 0.0626399 0.0739318 0.0740821 0.0718592 0.0752484 0.0607951 0.0667509 0.0726803 0.0711211 0.0727340 0.0629406 0.0687657 0.0584751 0.0599292 0.0645866 0.0751600 0.0656158 0.0526323 0.0598632 0.0719080 0.0728096 
Vombatidae_Lasiorhinus_latifrons             0.0330771 0.0592947 0.0000000 0.0426040 0.0440479 0.0555639 0.0322980 0.0347071 0.0440562 0.0606502 0.0288700 0.0573337 0.0568992 0.0333539 0.0407300 0.0579480 0.0572905 0.0562292 0.0634048 0.0393566 0.0442144 0.0551813 0.0578607 0.0575173 0.0398343 0.0498840 0.0373637 0.0384928 0.0416488 0.0533557 0.0430237 0.0328570 0.0521207 0.0555415 0.0601011 
Potoroidae_Bettongia_penicillata             0.0356361 0.0656313 0.0426040 0.0000000 0.0041057 0.0644787 0.0351383 0.0366712 0.0090417 0.0671995 0.0347610 0.0652179 0.0673216 0.0368151 0.0463138 0.0646945 0.0650913 0.0652226 0.0694212 0.0156585 0.0492354 0.0608452 0.0593894 0.0647527 0.0236284 0.0580261 0.0412992 0.0137894 0.0447662 0.0547106 0.0479342 0.0365937 0.0596106 0.0635929 0.0666452 
Potoroidae_Bettongia_lesueur                 0.0367445 0.0678274 0.0440479 0.0041057 0.0000000 0.0657681 0.0369911 0.0388324 0.0100028 0.0670522 0.0357194 0.0659353 0.0671750 0.0386896 0.0469667 0.0654102 0.0663851 0.0654247 0.0698663 0.0173750 0.0498840 0.0630191 0.0617906 0.0655022 0.0244958 0.0581290 0.0416476 0.0150152 0.0462155 0.0556650 0.0482737 0.0384556 0.0604583 0.0648767 0.0664969 
Dasyuridae_Dasyurus_maculatus                0.0528507 0.0737628 0.0555639 0.0644787 0.0657681 0.0000000 0.0502409 0.0536702 0.0647001 0.0649526 0.0493597 0.0125847 0.0211065 0.0511352 0.0623858 0.0125939 0.0043449 0.0162689 0.0699845 0.0613394 0.0634694 0.0653369 0.0670309 0.0127059 0.0610272 0.0619839 0.0591866 0.0604940 0.0643189 0.0706325 0.0641826 0.0501855 0.0574295 0.0025029 0.0643982 
Phalangeridae_Trichosurus_vulpecula          0.0266376 0.0529940 0.0322980 0.0351383 0.0369911 0.0502409 0.0000000 0.0120018 0.0367071 0.0562621 0.0113556 0.0506316 0.0550154 0.0120578 0.0384620 0.0500457 0.0505891 0.0523220 0.0581332 0.0336188 0.0365493 0.0537834 0.0524555 0.0506866 0.0364134 0.0477338 0.0298818 0.0313666 0.0370249 0.0460329 0.0389443 0.0114642 0.0438199 0.0492104 0.0559377 
Phalangeridae_Spilocuscus_maculatus          0.0264535 0.0589773 0.0347071 0.0366712 0.0388324 0.0536702 0.0120018 0.0000000 0.0385617 0.0567671 0.0075258 0.0551336 0.0570937 0.0082614 0.0399230 0.0546195 0.0542568 0.0549462 0.0606725 0.0343067 0.0408951 0.0547258 0.0542904 0.0543280 0.0364424 0.0489225 0.0328957 0.0326546 0.0394301 0.0481951 0.0411129 0.0082245 0.0478847 0.0519292 0.0562268 
Potoroidae_Aepyprymnus_rufescens             0.0367048 0.0664636 0.0440562 0.0090417 0.0100028 0.0647001 0.0367071 0.0385617 0.0000000 0.0686196 0.0360617 0.0651552 0.0673543 0.0387069 0.0467119 0.0646280 0.0647383 0.0644670 0.0696554 0.0172437 0.0508070 0.0619819 0.0627965 0.0643549 0.0251112 0.0592402 0.0421965 0.0158621 0.0467779 0.0555256 0.0478697 0.0384727 0.0598471 0.0635190 0.0680595 
Peramelidae_Perameles_nasuta                 0.0543067 0.0734518 0.0606502 0.0671995 0.0670522 0.0649526 0.0562621 0.0567671 0.0686196 0.0000000 0.0505412 0.0662082 0.0662872 0.0546064 0.0645140 0.0662629 0.0655734 0.0655837 0.0168960 0.0633651 0.0712272 0.0686898 0.0730324 0.0645581 0.0651307 0.0675811 0.0611026 0.0612614 0.0676141 0.0763750 0.0654535 0.0542595 0.0104240 0.0643452 0.0009061 
Phalangeridae_Strigocuscus_pelengensis       0.0246696 0.0502462 0.0288700 0.0347610 0.0357194 0.0493597 0.0113556 0.0075258 0.0360617 0.0505412 0.0000000 0.0494244 0.0516311 0.0078060 0.0359717 0.0488321 0.0500302 0.0494742 0.0536879 0.0331926 0.0331038 0.0514094 0.0509374 0.0493336 0.0351352 0.0449246 0.0281422 0.0312110 0.0331869 0.0441801 0.0367695 0.0075215 0.0376341 0.0480253 0.0502183 
Dasyuridae_Phascogale_tapoatafa              0.0529409 0.0738686 0.0573337 0.0652179 0.0659353 0.0125847 0.0506316 0.0551336 0.0651552 0.0662082 0.0494244 0.0000000 0.0208849 0.0508938 0.0627581 0.0027325 0.0123527 0.0170304 0.0714831 0.0622771 0.0635559 0.0673945 0.0687964 0.0069583 0.0611212 0.0644057 0.0571034 0.0602900 0.0638511 0.0715383 0.0648470 0.0499448 0.0623097 0.0111549 0.0656515 
Dasyuridae_Sminthopsis_macroura              0.0541146 0.0717376 0.0568992 0.0673216 0.0671750 0.0211065 0.0550154 0.0570937 0.0673543 0.0662872 0.0516311 0.0208849 0.0000000 0.0540175 0.0622558 0.0209005 0.0213634 0.0157539 0.0719554 0.0638573 0.0633787 0.0645523 0.0692549 0.0205902 0.0628463 0.0632457 0.0604127 0.0617910 0.0616762 0.0726096 0.0646343 0.0534298 0.0577209 0.0206074 0.0657297 
Phalangeridae_Phalanger_orientalis           0.0264760 0.0541356 0.0333539 0.0368151 0.0386896 0.0511352 0.0120578 0.0082614 0.0387069 0.0546064 0.0078060 0.0508938 0.0540175 0.0000000 0.0386560 0.0503047 0.0521238 0.0525308 0.0587725 0.0352317 0.0348771 0.0542392 0.0536941 0.0509508 0.0381070 0.0462464 0.0306273 0.0323990 0.0356814 0.0471831 0.0394455 0.0028956 0.0435417 0.0494636 0.0542820 
Acrobatidae_Acrobates_pygmaeus               0.0367220 0.0626399 0.0407300 0.0463138 0.0469667 0.0623858 0.0384620 0.0399230 0.0467119 0.0645140 0.0359717 0.0627581 0.0622558 0.0386560 0.0000000 0.0622335 0.0621097 0.0624893 0.0676089 0.0422603 0.0422199 0.0621170 0.0583574 0.0627245 0.0437240 0.0585754 0.0359508 0.0424396 0.0382713 0.0530432 0.0229379 0.0375286 0.0598064 0.0609277 0.0645406 
Dasyuridae_Phascogale_calura                 0.0529833 0.0739318 0.0579480 0.0646945 0.0654102 0.0125939 0.0500457 0.0546195 0.0646280 0.0662629 0.0488321 0.0027325 0.0209005 0.0503047 0.0622335 0.0000000 0.0123618 0.0167894 0.0715429 0.0617566 0.0630289 0.0671570 0.0679746 0.0069634 0.0605236 0.0644057 0.0565829 0.0597688 0.0633217 0.0715982 0.0637454 0.0493601 0.0615232 0.0111630 0.0657057 
Dasyuridae_Sarcophilus_harrisii              0.0526247 0.0740821 0.0572905 0.0650913 0.0663851 0.0043449 0.0505891 0.0542568 0.0647383 0.0655734 0.0500302 0.0123527 0.0213634 0.0521238 0.0621097 0.0123618 0.0000000 0.0175485 0.0715130 0.0622298 0.0650339 0.0674224 0.0688248 0.0134352 0.0620504 0.0629090 0.0595072 0.0608145 0.0656290 0.0713568 0.0639323 0.0511648 0.0593012 0.0043434 0.0650179 
Dasyuridae_Planigale_tenuirostris            0.0523626 0.0718592 0.0562292 0.0652226 0.0654247 0.0162689 0.0523220 0.0549462 0.0644670 0.0655837 0.0494742 0.0170304 0.0157539 0.0525308 0.0624893 0.0167894 0.0175485 0.0000000 0.0721101 0.0611584 0.0626187 0.0654395 0.0684272 0.0160466 0.0599855 0.0632175 0.0579379 0.0597230 0.0624028 0.0690248 0.0636486 0.0516915 0.0602654 0.0160155 0.0649439 
Peramelidae_Echymipera_kalubu                0.0572274 0.0752484 0.0634048 0.0694212 0.0698663 0.0699845 0.0581332 0.0606725 0.0696554 0.0168960 0.0536879 0.0714831 0.0719554 0.0587725 0.0676089 0.0715429 0.0715130 0.0721101 0.0000000 0.0664212 0.0727320 0.0728564 0.0738224 0.0705373 0.0686986 0.0704782 0.0632124 0.0643019 0.0691069 0.0771876 0.0682563 0.0587223 0.0107343 0.0699553 0.0161781 
Macropodidae_Dorcopsulus_vanheurni           0.0345674 0.0607951 0.0393566 0.0156585 0.0173750 0.0613394 0.0336188 0.0343067 0.0172437 0.0633651 0.0331926 0.0622771 0.0638573 0.0352317 0.0422603 0.0617566 0.0622298 0.0611584 0.0664212 0.0000000 0.0473019 0.0596300 0.0613794 0.0606138 0.0238927 0.0530567 0.0393996 0.0057544 0.0444741 0.0530201 0.0433856 0.0344729 0.0555004 0.0610304 0.0628162 
Pseudochiridae_Pseudochirulus_forbesi        0.0365361 0.0667509 0.0442144 0.0492354 0.0498840 0.0634694 0.0365493 0.0408951 0.0508070 0.0712272 0.0331038 0.0635559 0.0633787 0.0348771 0.0422199 0.0630289 0.0650339 0.0626187 0.0727320 0.0473019 0.0000000 0.0652051 0.0643052 0.0635695 0.0447694 0.0599474 0.0236566 0.0458628 0.0113329 0.0502378 0.0477420 0.0353090 0.0604341 0.0632290 0.0706620 
Didelphidae_Didelphis_virginiana             0.0518011 0.0726803 0.0551813 0.0608452 0.0630191 0.0653369 0.0537834 0.0547258 0.0619819 0.0686898 0.0514094 0.0673945 0.0645523 0.0542392 0.0621170 0.0671570 0.0674224 0.0654395 0.0728564 0.0596300 0.0652051 0.0000000 0.0247899 0.0658135 0.0595261 0.0625717 0.0578913 0.0588699 0.0617140 0.0705696 0.0646643 0.0524364 0.0584080 0.0640713 0.0680959 
Marmosidae_Monodelphis_domestica             0.0523499 0.0711211 0.0578607 0.0593894 0.0617906 0.0670309 0.0524555 0.0542904 0.0627965 0.0730324 0.0509374 0.0687964 0.0692549 0.0536941 0.0583574 0.0679746 0.0688248 0.0684272 0.0738224 0.0613794 0.0643052 0.0247899 0.0000000 0.0677151 0.0635486 0.0616539 0.0570967 0.0593945 0.0605863 0.0715758 0.0628242 0.0527161 0.0597713 0.0657623 0.0724668 
Dasyuridae_Antechinus_stuartii               0.0523768 0.0727340 0.0575173 0.0647527 0.0655022 0.0127059 0.0506866 0.0543280 0.0643549 0.0645581 0.0493336 0.0069583 0.0205902 0.0509508 0.0627245 0.0069634 0.0134352 0.0160466 0.0705373 0.0606138 0.0635695 0.0658135 0.0677151 0.0000000 0.0585333 0.0648710 0.0560789 0.0588729 0.0634154 0.0700135 0.0637573 0.0497005 0.0599429 0.0117452 0.0639715 
Hypsiprymnodontidae_Hypsiprymnodon_moschatus 0.0355462 0.0629406 0.0398343 0.0236284 0.0244958 0.0610272 0.0364134 0.0364424 0.0251112 0.0651307 0.0351352 0.0611212 0.0628463 0.0381070 0.0437240 0.0605236 0.0620504 0.0599855 0.0686986 0.0238927 0.0447694 0.0595261 0.0635486 0.0585333 0.0000000 0.0556108 0.0394952 0.0225533 0.0441277 0.0552690 0.0460372 0.0378767 0.0569842 0.0603463 0.0654657 
Microbiotheriidae_Dromiciops_gliroides       0.0498263 0.0687657 0.0498840 0.0580261 0.0581290 0.0619839 0.0477338 0.0489225 0.0592402 0.0675811 0.0449246 0.0644057 0.0632457 0.0462464 0.0585754 0.0644057 0.0629090 0.0632175 0.0704782 0.0530567 0.0599474 0.0625717 0.0616539 0.0648710 0.0556108 0.0000000 0.0509276 0.0514095 0.0552531 0.0644024 0.0589202 0.0461426 0.0558608 0.0616628 0.0669817 
Pseudochiridae_Petauroides_volans            0.0289684 0.0584751 0.0373637 0.0412992 0.0416476 0.0591866 0.0298818 0.0328957 0.0421965 0.0611026 0.0281422 0.0571034 0.0604127 0.0306273 0.0359508 0.0565829 0.0595072 0.0579379 0.0632124 0.0393996 0.0236566 0.0578913 0.0570967 0.0560789 0.0394952 0.0509276 0.0000000 0.0368906 0.0207114 0.0443143 0.0381892 0.0301600 0.0516342 0.0571697 0.0605267 
Macropodidae_Wallabia_bicolor                0.0326574 0.0599292 0.0384928 0.0137894 0.0150152 0.0604940 0.0313666 0.0326546 0.0158621 0.0612614 0.0312110 0.0602900 0.0617910 0.0323990 0.0424396 0.0597688 0.0608145 0.0597230 0.0643019 0.0057544 0.0458628 0.0588699 0.0593945 0.0588729 0.0225533 0.0514095 0.0368906 0.0000000 0.0419434 0.0521188 0.0416887 0.0319381 0.0543058 0.0596161 0.0607137 
Pseudochiridae_Pseudocheirus_occidentalis    0.0353694 0.0645866 0.0416488 0.0447662 0.0462155 0.0643189 0.0370249 0.0394301 0.0467779 0.0676141 0.0331869 0.0638511 0.0616762 0.0356814 0.0382713 0.0633217 0.0656290 0.0624028 0.0691069 0.0444741 0.0113329 0.0617140 0.0605863 0.0634154 0.0441277 0.0552531 0.0207114 0.0419434 0.0000000 0.0484605 0.0433000 0.0354794 0.0549544 0.0638132 0.0670518 
Tarsipedidae_Tarsipes_rostratus              0.0479239 0.0751600 0.0533557 0.0547106 0.0556650 0.0706325 0.0460329 0.0481951 0.0555256 0.0763750 0.0441801 0.0715383 0.0726096 0.0471831 0.0530432 0.0715982 0.0713568 0.0690248 0.0771876 0.0530201 0.0502378 0.0705696 0.0715758 0.0700135 0.0552690 0.0644024 0.0443143 0.0521188 0.0484605 0.0000000 0.0575402 0.0472331 0.0671875 0.0703063 0.0758008 
Acrobatidae_Distoechurus_pennatus            0.0405860 0.0656158 0.0430237 0.0479342 0.0482737 0.0641826 0.0389443 0.0411129 0.0478697 0.0654535 0.0367695 0.0648470 0.0646343 0.0394455 0.0229379 0.0637454 0.0639323 0.0636486 0.0682563 0.0433856 0.0477420 0.0646643 0.0628242 0.0637573 0.0460372 0.0589202 0.0381892 0.0416887 0.0433000 0.0575402 0.0000000 0.0389026 0.0605849 0.0627203 0.0654805 
Phalangeridae_Phalanger_carmelitae           0.0269001 0.0526323 0.0328570 0.0365937 0.0384556 0.0501855 0.0114642 0.0082245 0.0384727 0.0542595 0.0075215 0.0499448 0.0534298 0.0028956 0.0375286 0.0493601 0.0511648 0.0516915 0.0587223 0.0344729 0.0353090 0.0524364 0.0527161 0.0497005 0.0378767 0.0461426 0.0301600 0.0319381 0.0354794 0.0472331 0.0389026 0.0000000 0.0417413 0.0485301 0.0539374 
Peramelidae_Peroryctes_raffrayana            0.0463755 0.0598632 0.0521207 0.0596106 0.0604583 0.0574295 0.0438199 0.0478847 0.0598471 0.0104240 0.0376341 0.0623097 0.0577209 0.0435417 0.0598064 0.0615232 0.0593012 0.0602654 0.0107343 0.0555004 0.0604341 0.0584080 0.0597713 0.0599429 0.0569842 0.0558608 0.0516342 0.0543058 0.0549544 0.0671875 0.0605849 0.0417413 0.0000000 0.0584941 0.0095200 
Dasyuridae_Dasyurus_geffroii                 0.0511930 0.0719080 0.0555415 0.0635929 0.0648767 0.0025029 0.0492104 0.0519292 0.0635190 0.0643452 0.0480253 0.0111549 0.0206074 0.0494636 0.0609277 0.0111630 0.0043434 0.0160155 0.0699553 0.0610304 0.0632290 0.0640713 0.0657623 0.0117452 0.0603463 0.0616628 0.0571697 0.0596161 0.0638132 0.0703063 0.0627203 0.0485301 0.0584941 0.0000000 0.0637917 
Peramelidae_Perameles_gunnii                 0.0546088 0.0728096 0.0601011 0.0666452 0.0664969 0.0643982 0.0559377 0.0562268 0.0680595 0.0009061 0.0502183 0.0656515 0.0657297 0.0542820 0.0645406 0.0657057 0.0650179 0.0649439 0.0161781 0.0628162 0.0706620 0.0680959 0.0724668 0.0639715 0.0654657 0.0669817 0.0605267 0.0607137 0.0670518 0.0758008 0.0654805 0.0539374 0.0095200 0.0637917 0.0000000 
