35
Burramyidae_Burramys_parvus                  0.0000000 0.0998877 0.0331586 0.0414894 0.0432954 0.0465689 0.0395357 0.0351392 0.0404215 0.0429369 0.0372355 0.0461019 0.0494843 0.0339629 0.0271381 0.0509489 0.0467125 0.0469078 0.0462419 0.0426485 0.0543318 0.0495046 0.0522492 0.0562719 0.0526762 0.0358160 0.0478622 0.0423149 0.0376108 0.0402034 0.0344689 0.0288450 0.0447308 0.0474918 0.0440708 
Notoryctidae_Notoryctes_typhlops             0.0998877 0.0000000 0.1015259 0.1206801 0.1188990 0.1091164 0.1167561 0.1104484 0.1186675 0.1004538 0.1012331 0.1088350 0.1145457 0.1173157 0.1003661 0.1162912 0.1081444 0.1113299 0.1060753 0.1244894 0.1338224 0.1145658 0.1160978 0.1193395 0.1388601 0.0918861 0.1122502 0.1210212 0.1087247 0.1152105 0.1075883 0.1086641 0.1027875 0.1112729 0.1022452 
Vombatidae_Lasiorhinus_latifrons             0.0331586 0.1015259 0.0000000 0.0436586 0.0443739 0.0455881 0.0436145 0.0387399 0.0417332 0.0418629 0.0440458 0.0454494 0.0455216 0.0462359 0.0322375 0.0520193 0.0463490 0.0490268 0.0463003 0.0465145 0.0586386 0.0474925 0.0495008 0.0561687 0.0620822 0.0352144 0.0506912 0.0435402 0.0440890 0.0455503 0.0352335 0.0389473 0.0433784 0.0474269 0.0438570 
Potoroidae_Bettongia_penicillata             0.0414894 0.1206801 0.0436586 0.0000000 0.0045925 0.0549993 0.0546536 0.0485720 0.0080960 0.0553068 0.0530240 0.0521713 0.0480284 0.0550202 0.0407755 0.0605895 0.0540877 0.0559117 0.0595233 0.0253721 0.0710003 0.0555490 0.0580423 0.0653617 0.0468728 0.0478109 0.0630290 0.0253611 0.0541391 0.0551809 0.0468956 0.0465048 0.0564121 0.0561865 0.0576254 
Potoroidae_Bettongia_lesueur                 0.0432954 0.1188990 0.0443739 0.0045925 0.0000000 0.0554130 0.0550887 0.0486644 0.0101653 0.0564431 0.0543665 0.0525775 0.0494649 0.0561247 0.0411509 0.0610147 0.0544976 0.0560246 0.0589182 0.0278907 0.0700375 0.0563192 0.0581332 0.0651353 0.0495864 0.0482342 0.0635330 0.0275757 0.0542428 0.0559420 0.0466544 0.0472382 0.0565024 0.0566018 0.0580445 
Dasyuridae_Dasyurus_maculatus                0.0465689 0.1091164 0.0455881 0.0549993 0.0554130 0.0000000 0.0594248 0.0530595 0.0550471 0.0490968 0.0538739 0.0113947 0.0157682 0.0584106 0.0459082 0.0194972 0.0043183 0.0186060 0.0522731 0.0597286 0.0743995 0.0497858 0.0518074 0.0241968 0.0709298 0.0376836 0.0637949 0.0562587 0.0554846 0.0575650 0.0514350 0.0494261 0.0502920 0.0034519 0.0504135 
Phalangeridae_Trichosurus_vulpecula          0.0395357 0.1167561 0.0436145 0.0546536 0.0550887 0.0594248 0.0000000 0.0226757 0.0523395 0.0531998 0.0315834 0.0578871 0.0512865 0.0365282 0.0409552 0.0661167 0.0591451 0.0600556 0.0581519 0.0587129 0.0645260 0.0629910 0.0634848 0.0688610 0.0707989 0.0487765 0.0604154 0.0559693 0.0525877 0.0540854 0.0468119 0.0288319 0.0536875 0.0602862 0.0541728 
Phalangeridae_Spilocuscus_maculatus          0.0351392 0.1104484 0.0387399 0.0485720 0.0486644 0.0530595 0.0226757 0.0000000 0.0474198 0.0496418 0.0193066 0.0526109 0.0558174 0.0204428 0.0304968 0.0599077 0.0525406 0.0540770 0.0516673 0.0523021 0.0507649 0.0568411 0.0580604 0.0627646 0.0701125 0.0408966 0.0494951 0.0475805 0.0397892 0.0496759 0.0406313 0.0125337 0.0487000 0.0542241 0.0499029 
Potoroidae_Aepyprymnus_rufescens             0.0404215 0.1186675 0.0417332 0.0080960 0.0101653 0.0550471 0.0523395 0.0474198 0.0000000 0.0533508 0.0501214 0.0522168 0.0455543 0.0543941 0.0414516 0.0596267 0.0541346 0.0558771 0.0581906 0.0235242 0.0702889 0.0549089 0.0580828 0.0643855 0.0469231 0.0467569 0.0623416 0.0241165 0.0537093 0.0528315 0.0466143 0.0458880 0.0545999 0.0562023 0.0556423 
Peramelidae_Perameles_nasuta                 0.0429369 0.1004538 0.0418629 0.0553068 0.0564431 0.0490968 0.0531998 0.0496418 0.0533508 0.0000000 0.0504067 0.0474436 0.0497891 0.0435295 0.0417730 0.0495752 0.0488792 0.0501732 0.0110722 0.0542721 0.0678215 0.0499757 0.0524860 0.0559646 0.0605205 0.0368322 0.0635046 0.0550053 0.0528684 0.0560648 0.0476479 0.0428037 0.0073075 0.0500590 0.0009614 
Phalangeridae_Strigocuscus_pelengensis       0.0372355 0.1012331 0.0440458 0.0530240 0.0543665 0.0538739 0.0315834 0.0193066 0.0501214 0.0504067 0.0000000 0.0555077 0.0469404 0.0277422 0.0391550 0.0613660 0.0541818 0.0579653 0.0566417 0.0532524 0.0572786 0.0623660 0.0623813 0.0642441 0.0713884 0.0482298 0.0570255 0.0512271 0.0430188 0.0571080 0.0479793 0.0165083 0.0537632 0.0550461 0.0548045 
Dasyuridae_Phascogale_tapoatafa              0.0461019 0.1088350 0.0454494 0.0521713 0.0525775 0.0113947 0.0578871 0.0526109 0.0522168 0.0474436 0.0555077 0.0000000 0.0144807 0.0565339 0.0448023 0.0101655 0.0104623 0.0171950 0.0507688 0.0558120 0.0753191 0.0504859 0.0506553 0.0186050 0.0689763 0.0377014 0.0634857 0.0537366 0.0559563 0.0563884 0.0516781 0.0482650 0.0486752 0.0119570 0.0492634 
Dasyuridae_Sminthopsis_macroura              0.0494843 0.1145457 0.0455216 0.0480284 0.0494649 0.0157682 0.0512865 0.0558174 0.0455543 0.0497891 0.0469404 0.0144807 0.0000000 0.0503650 0.0512492 0.0140126 0.0148863 0.0191265 0.0498281 0.0489375 0.0551396 0.0556288 0.0580021 0.0132663 0.0537760 0.0398289 0.0615209 0.0499912 0.0605433 0.0675064 0.0619650 0.0498505 0.0496752 0.0157740 0.0512079 
Phalangeridae_Phalanger_orientalis           0.0339629 0.1173157 0.0462359 0.0550202 0.0561247 0.0584106 0.0365282 0.0204428 0.0543941 0.0435295 0.0277422 0.0565339 0.0503650 0.0000000 0.0396074 0.0616191 0.0574365 0.0589005 0.0581391 0.0559945 0.0685787 0.0637213 0.0628049 0.0665032 0.0726022 0.0505696 0.0599822 0.0545923 0.0497011 0.0534301 0.0455096 0.0152886 0.0520620 0.0596059 0.0548794 
Acrobatidae_Acrobates_pygmaeus               0.0271381 0.1003661 0.0322375 0.0407755 0.0411509 0.0459082 0.0409552 0.0304968 0.0414516 0.0417730 0.0391550 0.0448023 0.0512492 0.0396074 0.0000000 0.0518111 0.0450181 0.0488616 0.0449851 0.0439769 0.0493477 0.0472297 0.0469824 0.0554936 0.0578705 0.0322871 0.0397639 0.0416296 0.0304870 0.0347981 0.0206246 0.0330357 0.0412042 0.0470913 0.0422356 
Dasyuridae_Phascogale_calura                 0.0509489 0.1162912 0.0520193 0.0605895 0.0610147 0.0194972 0.0661167 0.0599077 0.0596267 0.0495752 0.0613660 0.0101655 0.0140126 0.0616191 0.0518111 0.0000000 0.0179078 0.0239303 0.0561334 0.0626311 0.0795016 0.0580787 0.0580388 0.0197862 0.0767071 0.0453059 0.0710765 0.0611762 0.0603086 0.0633309 0.0580233 0.0546419 0.0553507 0.0200505 0.0545902 
Dasyuridae_Sarcophilus_harrisii              0.0467125 0.1081444 0.0463490 0.0540877 0.0544976 0.0043183 0.0591451 0.0525406 0.0541346 0.0488792 0.0541818 0.0104623 0.0148863 0.0574365 0.0450181 0.0179078 0.0000000 0.0171851 0.0516622 0.0580997 0.0743850 0.0517514 0.0512020 0.0225601 0.0702613 0.0383058 0.0636300 0.0553352 0.0558718 0.0565848 0.0505197 0.0491828 0.0496845 0.0048853 0.0498485 
Dasyuridae_Planigale_tenuirostris            0.0469078 0.1113299 0.0490268 0.0559117 0.0560246 0.0186060 0.0600556 0.0540770 0.0558771 0.0501732 0.0579653 0.0171950 0.0191265 0.0589005 0.0488616 0.0239303 0.0171851 0.0000000 0.0531442 0.0592374 0.0789175 0.0496889 0.0493815 0.0300441 0.0727075 0.0409254 0.0640517 0.0580208 0.0546717 0.0599194 0.0557113 0.0482863 0.0503183 0.0192135 0.0511567 
Peramelidae_Echymipera_kalubu                0.0462419 0.1060753 0.0463003 0.0595233 0.0589182 0.0522731 0.0581519 0.0516673 0.0581906 0.0110722 0.0566417 0.0507688 0.0498281 0.0581391 0.0449851 0.0561334 0.0516622 0.0531442 0.0000000 0.0614438 0.0717777 0.0523937 0.0555898 0.0598857 0.0760496 0.0399582 0.0653809 0.0605028 0.0550514 0.0586495 0.0505280 0.0508278 0.0088646 0.0531214 0.0102315 
Macropodidae_Dorcopsulus_vanheurni           0.0426485 0.1244894 0.0465145 0.0253721 0.0278907 0.0597286 0.0587129 0.0523021 0.0235242 0.0542721 0.0532524 0.0558120 0.0489375 0.0559945 0.0439769 0.0626311 0.0580997 0.0592374 0.0614438 0.0000000 0.0727150 0.0600341 0.0600706 0.0671465 0.0536856 0.0534515 0.0642030 0.0113600 0.0559000 0.0589214 0.0498062 0.0487585 0.0579742 0.0602368 0.0584639 
Pseudochiridae_Pseudochirulus_forbesi        0.0543318 0.1338224 0.0586386 0.0710003 0.0700375 0.0743995 0.0645260 0.0507649 0.0702889 0.0678215 0.0572786 0.0753191 0.0551396 0.0685787 0.0493477 0.0795016 0.0743850 0.0789175 0.0717777 0.0727150 0.0000000 0.0752798 0.0767027 0.0835505 0.0906179 0.0655362 0.0571293 0.0724137 0.0338725 0.0597745 0.0569613 0.0610039 0.0695555 0.0760246 0.0712152 
Didelphidae_Didelphis_virginiana             0.0495046 0.1145658 0.0474925 0.0555490 0.0563192 0.0497858 0.0629910 0.0568411 0.0549089 0.0499757 0.0623660 0.0504859 0.0556288 0.0637213 0.0472297 0.0580787 0.0517514 0.0496889 0.0523937 0.0600341 0.0752798 0.0000000 0.0159997 0.0621522 0.0715293 0.0420232 0.0664759 0.0589446 0.0585192 0.0609126 0.0532937 0.0539964 0.0506303 0.0518581 0.0512174 
Marmosidae_Monodelphis_domestica             0.0522492 0.1160978 0.0495008 0.0580423 0.0581332 0.0518074 0.0634848 0.0580604 0.0580828 0.0524860 0.0623813 0.0506553 0.0580021 0.0628049 0.0469824 0.0580388 0.0512020 0.0493815 0.0555898 0.0600706 0.0767027 0.0159997 0.0000000 0.0638660 0.0733305 0.0437006 0.0675573 0.0600330 0.0608096 0.0603088 0.0551505 0.0533761 0.0523259 0.0529970 0.0534066 
Dasyuridae_Antechinus_stuartii               0.0562719 0.1193395 0.0561687 0.0653617 0.0651353 0.0241968 0.0688610 0.0627646 0.0643855 0.0559646 0.0642441 0.0186050 0.0132663 0.0665032 0.0554936 0.0197862 0.0225601 0.0300441 0.0598857 0.0671465 0.0835505 0.0621522 0.0638660 0.0000000 0.0817533 0.0508576 0.0761426 0.0656484 0.0683339 0.0684198 0.0634251 0.0593058 0.0584726 0.0247472 0.0586173 
Hypsiprymnodontidae_Hypsiprymnodon_moschatus 0.0526762 0.1388601 0.0620822 0.0468728 0.0495864 0.0709298 0.0707989 0.0701125 0.0469231 0.0605205 0.0713884 0.0689763 0.0537760 0.0726022 0.0578705 0.0767071 0.0702613 0.0727075 0.0760496 0.0536856 0.0906179 0.0715293 0.0733305 0.0817533 0.0000000 0.0629281 0.0811250 0.0516635 0.0698664 0.0724885 0.0656828 0.0650839 0.0697742 0.0728318 0.0743306 
Microbiotheriidae_Dromiciops_gliroides       0.0358160 0.0918861 0.0352144 0.0478109 0.0482342 0.0376836 0.0487765 0.0408966 0.0467569 0.0368322 0.0482298 0.0377014 0.0398289 0.0505696 0.0322871 0.0453059 0.0383058 0.0409254 0.0399582 0.0534515 0.0655362 0.0420232 0.0437006 0.0508576 0.0629281 0.0000000 0.0530571 0.0508969 0.0440635 0.0452039 0.0399373 0.0426498 0.0380257 0.0390423 0.0381362 
Pseudochiridae_Petauroides_volans            0.0478622 0.1122502 0.0506912 0.0630290 0.0635330 0.0637949 0.0604154 0.0494951 0.0623416 0.0635046 0.0570255 0.0634857 0.0615209 0.0599822 0.0397639 0.0710765 0.0636300 0.0640517 0.0653809 0.0642030 0.0571293 0.0664759 0.0675573 0.0761426 0.0811250 0.0530571 0.0000000 0.0630399 0.0387042 0.0535699 0.0462150 0.0520350 0.0633367 0.0660775 0.0625527 
Macropodidae_Wallabia_bicolor                0.0423149 0.1210212 0.0435402 0.0253611 0.0275757 0.0562587 0.0559693 0.0475805 0.0241165 0.0550053 0.0512271 0.0537366 0.0499912 0.0545923 0.0416296 0.0611762 0.0553352 0.0580208 0.0605028 0.0113600 0.0724137 0.0589446 0.0600330 0.0656484 0.0516635 0.0508969 0.0630399 0.0000000 0.0536440 0.0564681 0.0474691 0.0470730 0.0576616 0.0574176 0.0571830 
Pseudochiridae_Pseudocheirus_occidentalis    0.0376108 0.1087247 0.0440890 0.0541391 0.0542428 0.0554846 0.0525877 0.0397892 0.0537093 0.0528684 0.0430188 0.0559563 0.0605433 0.0497011 0.0304870 0.0603086 0.0558718 0.0546717 0.0550514 0.0559000 0.0338725 0.0585192 0.0608096 0.0683339 0.0698664 0.0440635 0.0387042 0.0536440 0.0000000 0.0432751 0.0387502 0.0436038 0.0552014 0.0574410 0.0527981 
Tarsipedidae_Tarsipes_rostratus              0.0402034 0.1152105 0.0455503 0.0551809 0.0559420 0.0575650 0.0540854 0.0496759 0.0528315 0.0560648 0.0571080 0.0563884 0.0675064 0.0534301 0.0347981 0.0633309 0.0565848 0.0599194 0.0586495 0.0589214 0.0597745 0.0609126 0.0603088 0.0684198 0.0724885 0.0452039 0.0535699 0.0564681 0.0432751 0.0000000 0.0411455 0.0471416 0.0568279 0.0591049 0.0560225 
Acrobatidae_Distoechurus_pennatus            0.0344689 0.1075883 0.0352335 0.0468956 0.0466544 0.0514350 0.0468119 0.0406313 0.0466143 0.0476479 0.0479793 0.0516781 0.0619650 0.0455096 0.0206246 0.0580233 0.0505197 0.0557113 0.0505280 0.0498062 0.0569613 0.0532937 0.0551505 0.0634251 0.0656828 0.0399373 0.0462150 0.0474691 0.0387502 0.0411455 0.0000000 0.0398531 0.0477542 0.0526161 0.0487072 
Phalangeridae_Phalanger_carmelitae           0.0288450 0.1086641 0.0389473 0.0465048 0.0472382 0.0494261 0.0288319 0.0125337 0.0458880 0.0428037 0.0165083 0.0482650 0.0498505 0.0152886 0.0330357 0.0546419 0.0491828 0.0482863 0.0508278 0.0487585 0.0610039 0.0539964 0.0533761 0.0593058 0.0650839 0.0426498 0.0520350 0.0470730 0.0436038 0.0471416 0.0398531 0.0000000 0.0463592 0.0506136 0.0476887 
Peramelidae_Peroryctes_raffrayana            0.0447308 0.1027875 0.0433784 0.0564121 0.0565024 0.0502920 0.0536875 0.0487000 0.0545999 0.0073075 0.0537632 0.0486752 0.0496752 0.0520620 0.0412042 0.0553507 0.0496845 0.0503183 0.0088646 0.0579742 0.0695555 0.0506303 0.0523259 0.0584726 0.0697742 0.0380257 0.0633367 0.0576616 0.0552014 0.0568279 0.0477542 0.0463592 0.0000000 0.0515069 0.0069955 
Dasyuridae_Dasyurus_geffroii                 0.0474918 0.1112729 0.0474269 0.0561865 0.0566018 0.0034519 0.0602862 0.0542241 0.0562023 0.0500590 0.0550461 0.0119570 0.0157740 0.0596059 0.0470913 0.0200505 0.0048853 0.0192135 0.0531214 0.0602368 0.0760246 0.0518581 0.0529970 0.0247472 0.0728318 0.0390423 0.0660775 0.0574176 0.0574410 0.0591049 0.0526161 0.0506136 0.0515069 0.0000000 0.0516012 
Peramelidae_Perameles_gunnii                 0.0440708 0.1022452 0.0438570 0.0576254 0.0580445 0.0504135 0.0541728 0.0499029 0.0556423 0.0009614 0.0548045 0.0492634 0.0512079 0.0548794 0.0422356 0.0545902 0.0498485 0.0511567 0.0102315 0.0584639 0.0712152 0.0512174 0.0534066 0.0586173 0.0743306 0.0381362 0.0625527 0.0571830 0.0527981 0.0560225 0.0487072 0.0476887 0.0069955 0.0516012 0.0000000 
