35
Burramyidae_Burramys_parvus                  0.0000000 0.1027077 0.0747233 0.1021381 0.1022534 0.1068388 0.0514744 0.0831243 0.1034927 0.1059243 0.0798612 0.1070992 0.1190531 0.0916196 0.0471403 0.1048037 0.1115715 0.1022313 0.1292045 0.0992866 0.0813873 0.1085032 0.1231614 0.1041494 0.1225366 0.1044461 0.0809651 0.1221457 0.0814531 0.1260629 0.0825564 0.0621318 0.1188883 0.1115078 0.1108204 
Notoryctidae_Notoryctes_typhlops             0.1027077 0.0000000 0.1454256 0.1722848 0.1786546 0.1604547 0.1246676 0.1446461 0.1742142 0.1563251 0.1341926 0.1565273 0.1659257 0.1524458 0.1131236 0.1566655 0.1614020 0.1531915 0.1951446 0.1637097 0.1341224 0.1554467 0.1785081 0.1570207 0.1839818 0.1453874 0.1354163 0.1863327 0.1282001 0.1745591 0.1437645 0.1276390 0.1568996 0.1648499 0.1597225 
Vombatidae_Lasiorhinus_latifrons             0.0747233 0.1454256 0.0000000 0.0804441 0.0791457 0.0918206 0.0728724 0.0649215 0.0835886 0.0846377 0.0653831 0.0931480 0.1009835 0.0753478 0.0607784 0.0908890 0.0955387 0.0883879 0.1062184 0.0797263 0.0633605 0.0964779 0.1154912 0.0895544 0.1018264 0.0834016 0.0587863 0.0981238 0.0572377 0.0882049 0.0699865 0.0789693 0.0862698 0.0954988 0.0923971 
Potoroidae_Bettongia_penicillata             0.1021381 0.1722848 0.0804441 0.0000000 0.0100749 0.1035228 0.0872035 0.0772585 0.0282429 0.0918938 0.0789918 0.1119537 0.1171261 0.0876511 0.0837100 0.1095788 0.1057895 0.1043529 0.1104720 0.0407488 0.0747889 0.1134254 0.1297207 0.1083343 0.0889453 0.0961305 0.0740798 0.0670694 0.0691002 0.0982821 0.0866266 0.0931123 0.0818786 0.1087361 0.1001315 
Potoroidae_Bettongia_lesueur                 0.1022534 0.1786546 0.0791457 0.0100749 0.0000000 0.0954735 0.0790257 0.0737089 0.0185083 0.0884330 0.0771654 0.1064909 0.1121045 0.0819057 0.0831667 0.1030382 0.0979448 0.0994914 0.0974176 0.0444732 0.0726818 0.1094149 0.1329628 0.1008160 0.0893833 0.0900131 0.0694788 0.0682947 0.0656598 0.0947401 0.0826447 0.0865271 0.0758112 0.1012796 0.0961950 
Dasyuridae_Dasyurus_maculatus                0.1068388 0.1604547 0.0918206 0.1035228 0.0954735 0.0000000 0.1042688 0.0972968 0.1096206 0.0987115 0.0921154 0.0252984 0.0313945 0.1043021 0.0943790 0.0229114 0.0101034 0.0241946 0.1200468 0.1043799 0.0854791 0.1143594 0.1262191 0.0217990 0.1237865 0.1014614 0.0847004 0.1275814 0.0767298 0.1199393 0.0946416 0.1164143 0.0910303 0.0061246 0.1060931 
Phalangeridae_Trichosurus_vulpecula          0.0514744 0.1246676 0.0728724 0.0872035 0.0790257 0.1042688 0.0000000 0.0240270 0.0817412 0.0839489 0.0163361 0.1015705 0.1080338 0.0295626 0.0596701 0.0978018 0.1052989 0.0993846 0.1091820 0.0824130 0.0695413 0.0901131 0.1100654 0.0978926 0.0958046 0.0995773 0.0650176 0.1078622 0.0596597 0.1085472 0.0732960 0.0286697 0.0935703 0.1081798 0.0924374 
Phalangeridae_Spilocuscus_maculatus          0.0831243 0.1446461 0.0649215 0.0772585 0.0737089 0.0972968 0.0240270 0.0000000 0.0787224 0.0789377 0.0139046 0.1005889 0.1026206 0.0204938 0.0596441 0.0982385 0.0988747 0.0921688 0.1050891 0.0797033 0.0631056 0.1011573 0.1271034 0.0960024 0.1013659 0.0855009 0.0601663 0.0998043 0.0537042 0.0827026 0.0700973 0.0207454 0.0812445 0.1033527 0.0905397 
Potoroidae_Aepyprymnus_rufescens             0.1034927 0.1742142 0.0835886 0.0282429 0.0185083 0.1096206 0.0817412 0.0787224 0.0000000 0.0953232 0.0767765 0.1132392 0.1192677 0.0871065 0.0858245 0.1100636 0.1119502 0.1063546 0.1000309 0.0431844 0.0784848 0.1171645 0.1292104 0.1095753 0.0882719 0.0978695 0.0749385 0.0516341 0.0766516 0.1086989 0.0875949 0.0961899 0.0961184 0.1149701 0.1015891 
Peramelidae_Perameles_nasuta                 0.1059243 0.1563251 0.0846377 0.0918938 0.0884330 0.0987115 0.0839489 0.0789377 0.0953232 0.0000000 0.0820967 0.1038192 0.1074560 0.0859014 0.0833174 0.1003459 0.1021220 0.0957593 0.0324653 0.0896835 0.0771704 0.1039488 0.1205156 0.1014348 0.1179199 0.1034753 0.0798078 0.1116246 0.0819172 0.1087616 0.0853436 0.0843581 0.0285052 0.0995711 0.0000010 
Phalangeridae_Strigocuscus_pelengensis       0.0798612 0.1341926 0.0653831 0.0789918 0.0771654 0.0921154 0.0163361 0.0139046 0.0767765 0.0820967 0.0000000 0.0953979 0.0975194 0.0173717 0.0524020 0.0930095 0.0929638 0.0856104 0.1058656 0.0750129 0.0586821 0.0975728 0.1208742 0.0893198 0.0912832 0.0879630 0.0559250 0.0922098 0.0504176 0.0820019 0.0626062 0.0151700 0.0842096 0.0975240 0.0901248 
Dasyuridae_Phascogale_tapoatafa              0.1070992 0.1565273 0.0931480 0.1119537 0.1064909 0.0252984 0.1015705 0.1005889 0.1132392 0.1038192 0.0953979 0.0000000 0.0300827 0.1104869 0.0953732 0.0033294 0.0313698 0.0216227 0.1214353 0.1073236 0.0890614 0.1190635 0.1308182 0.0112535 0.1277972 0.1028113 0.0912362 0.1291908 0.0812276 0.1247836 0.0975237 0.1155244 0.0986511 0.0294694 0.1121272 
Dasyuridae_Sminthopsis_macroura              0.1190531 0.1659257 0.1009835 0.1171261 0.1121045 0.0313945 0.1080338 0.1026206 0.1192677 0.1074560 0.0975194 0.0300827 0.0000000 0.1088337 0.1013964 0.0276630 0.0326953 0.0203877 0.1256873 0.1107869 0.0951814 0.1213113 0.1354915 0.0247791 0.1315323 0.1084017 0.0975406 0.1365219 0.0828416 0.1266815 0.1046657 0.1172168 0.0973389 0.0344224 0.1142133 
Phalangeridae_Phalanger_orientalis           0.0916196 0.1524458 0.0753478 0.0876511 0.0819057 0.1043021 0.0295626 0.0204938 0.0871065 0.0859014 0.0173717 0.1104869 0.1088337 0.0000000 0.0671622 0.1074370 0.1035672 0.1006717 0.1128809 0.0865784 0.0713082 0.1105458 0.1324433 0.1039604 0.1083853 0.0930324 0.0700938 0.1070791 0.0620906 0.0877087 0.0749549 0.0109822 0.0868716 0.1095200 0.0981863 
Acrobatidae_Acrobates_pygmaeus               0.0471403 0.1131236 0.0607784 0.0837100 0.0831667 0.0943790 0.0596701 0.0596441 0.0858245 0.0833174 0.0524020 0.0953732 0.1013964 0.0671622 0.0000000 0.0917247 0.0980513 0.0924531 0.1165953 0.0788198 0.0499315 0.0879062 0.1039441 0.0901119 0.0921618 0.0906900 0.0484358 0.1094392 0.0449482 0.0812486 0.0488034 0.0691459 0.0865347 0.0979824 0.0886521 
Dasyuridae_Phascogale_calura                 0.1048037 0.1566655 0.0908890 0.1095788 0.1030382 0.0229114 0.0978018 0.0982385 0.1100636 0.1003459 0.0930095 0.0033294 0.0276630 0.1074370 0.0917247 0.0000000 0.0289350 0.0190852 0.1178012 0.1042476 0.0861531 0.1148935 0.1267321 0.0089696 0.1259793 0.1005446 0.0875599 0.1265072 0.0767840 0.1200255 0.0945242 0.1126220 0.0943633 0.0270548 0.1089889 
Dasyuridae_Sarcophilus_harrisii              0.1115715 0.1614020 0.0955387 0.1057895 0.0979448 0.0101034 0.1052989 0.0988747 0.1119502 0.1021220 0.0929638 0.0313698 0.0326953 0.1035672 0.0980513 0.0289350 0.0000000 0.0268738 0.1226053 0.1058909 0.0862671 0.1168036 0.1277433 0.0260388 0.1269755 0.1031918 0.0877027 0.1299529 0.0777524 0.1185933 0.1012267 0.1165673 0.0921530 0.0129543 0.1084481 
Dasyuridae_Planigale_tenuirostris            0.1022313 0.1531915 0.0883879 0.1043529 0.0994914 0.0241946 0.0993846 0.0921688 0.1063546 0.0957593 0.0856104 0.0216227 0.0203877 0.1006717 0.0924531 0.0190852 0.0268738 0.0000000 0.1174510 0.0986914 0.0810634 0.1122106 0.1250047 0.0184628 0.1213913 0.0946872 0.0807731 0.1238692 0.0709774 0.1192397 0.0941665 0.1126022 0.0901789 0.0287277 0.1048783 
Peramelidae_Echymipera_kalubu                0.1292045 0.1951446 0.1062184 0.1104720 0.0974176 0.1200468 0.1091820 0.1050891 0.1000309 0.0324653 0.1058656 0.1214353 0.1256873 0.1128809 0.1165953 0.1178012 0.1226053 0.1174510 0.0000000 0.1119846 0.0931557 0.1190058 0.1425401 0.1200175 0.1388302 0.1201850 0.0961224 0.1283825 0.0966398 0.1321967 0.1076071 0.1240545 0.0326161 0.1244088 0.0333969 
Macropodidae_Dorcopsulus_vanheurni           0.0992866 0.1637097 0.0797263 0.0407488 0.0444732 0.1043799 0.0824130 0.0797033 0.0431844 0.0896835 0.0750129 0.1073236 0.1107869 0.0865784 0.0788198 0.1042476 0.1058909 0.0986914 0.1119846 0.0000000 0.0735077 0.1143120 0.1221599 0.1052541 0.0874961 0.0933252 0.0727904 0.0521264 0.0626864 0.0874183 0.0865673 0.0918105 0.0763014 0.1103267 0.0982150 
Pseudochiridae_Pseudochirulus_forbesi        0.0813873 0.1341224 0.0633605 0.0747889 0.0726818 0.0854791 0.0695413 0.0631056 0.0784848 0.0771704 0.0586821 0.0890614 0.0951814 0.0713082 0.0499315 0.0861531 0.0862671 0.0810634 0.0931557 0.0735077 0.0000000 0.0939258 0.1105806 0.0834553 0.0909860 0.0806706 0.0271137 0.0944661 0.0164736 0.0755942 0.0563183 0.0766907 0.0767631 0.0905568 0.0817493 
Didelphidae_Didelphis_virginiana             0.1085032 0.1554467 0.0964779 0.1134254 0.1094149 0.1143594 0.0901131 0.1011573 0.1171645 0.1039488 0.0975728 0.1190635 0.1213113 0.1105458 0.0879062 0.1148935 0.1168036 0.1122106 0.1190058 0.1143120 0.0939258 0.0000000 0.0589404 0.1149721 0.1377363 0.0988885 0.0883535 0.1385557 0.0900046 0.1314539 0.1037322 0.1062932 0.1134334 0.1224472 0.1042249 
Marmosidae_Monodelphis_domestica             0.1231614 0.1785081 0.1154912 0.1297207 0.1329628 0.1262191 0.1100654 0.1271034 0.1292104 0.1205156 0.1208742 0.1308182 0.1354915 0.1324433 0.1039441 0.1267321 0.1277433 0.1250047 0.1425401 0.1221599 0.1105806 0.0589404 0.0000000 0.1270552 0.1467960 0.1179748 0.1083647 0.1447320 0.0993128 0.1414876 0.1269054 0.1203964 0.1154238 0.1324177 0.1313260 
Dasyuridae_Antechinus_stuartii               0.1041494 0.1570207 0.0895544 0.1083343 0.1008160 0.0217990 0.0978926 0.0960024 0.1095753 0.1014348 0.0893198 0.0112535 0.0247791 0.1039604 0.0901119 0.0089696 0.0260388 0.0184628 0.1200175 0.1052541 0.0834553 0.1149721 0.1270552 0.0000000 0.1240501 0.0975001 0.0853586 0.1269550 0.0742939 0.1179900 0.0947445 0.1091338 0.0966802 0.0247662 0.1083760 
Hypsiprymnodontidae_Hypsiprymnodon_moschatus 0.1225366 0.1839818 0.1018264 0.0889453 0.0893833 0.1237865 0.0958046 0.1013659 0.0882719 0.1179199 0.0912832 0.1277972 0.1315323 0.1083853 0.0921618 0.1259793 0.1269755 0.1213913 0.1388302 0.0874961 0.0909860 0.1377363 0.1467960 0.1240501 0.0000000 0.1064679 0.0929945 0.0955093 0.0951493 0.1323549 0.1095923 0.1090086 0.1270553 0.1276735 0.1214512 
Microbiotheriidae_Dromiciops_gliroides       0.1044461 0.1453874 0.0834016 0.0961305 0.0900131 0.1014614 0.0995773 0.0855009 0.0978695 0.1034753 0.0879630 0.1028113 0.1084017 0.0930324 0.0906900 0.1005446 0.1031918 0.0946872 0.1201850 0.0933252 0.0806706 0.0988885 0.1179748 0.0975001 0.1064679 0.0000000 0.0821223 0.1129737 0.0750397 0.1100377 0.0918964 0.1004496 0.1018200 0.1070116 0.1083200 
Pseudochiridae_Petauroides_volans            0.0809651 0.1354163 0.0587863 0.0740798 0.0694788 0.0847004 0.0650176 0.0601663 0.0749385 0.0798078 0.0559250 0.0912362 0.0975406 0.0700938 0.0484358 0.0875599 0.0877027 0.0807731 0.0961224 0.0727904 0.0271137 0.0883535 0.1083647 0.0853586 0.0929945 0.0821223 0.0000000 0.0897732 0.0279999 0.0729865 0.0551796 0.0782781 0.0783714 0.0919723 0.0845327 
Macropodidae_Wallabia_bicolor                0.1221457 0.1863327 0.0981238 0.0670694 0.0682947 0.1275814 0.1078622 0.0998043 0.0516341 0.1116246 0.0922098 0.1291908 0.1365219 0.1070791 0.1094392 0.1265072 0.1299529 0.1238692 0.1283825 0.0521264 0.0944661 0.1385557 0.1447320 0.1269550 0.0955093 0.1129737 0.0897732 0.0000000 0.0882365 0.1178503 0.1062489 0.1203250 0.1206757 0.1324570 0.1171572 
Pseudochiridae_Pseudocheirus_occidentalis    0.0814531 0.1282001 0.0572377 0.0691002 0.0656598 0.0767298 0.0596597 0.0537042 0.0766516 0.0819172 0.0504176 0.0812276 0.0828416 0.0620906 0.0449482 0.0767840 0.0777524 0.0709774 0.0966398 0.0626864 0.0164736 0.0900046 0.0993128 0.0742939 0.0951493 0.0750397 0.0279999 0.0882365 0.0000000 0.0748678 0.0523772 0.0654885 0.0842806 0.0793794 0.0848800 
Tarsipedidae_Tarsipes_rostratus              0.1260629 0.1745591 0.0882049 0.0982821 0.0947401 0.1199393 0.1085472 0.0827026 0.1086989 0.1087616 0.0820019 0.1247836 0.1266815 0.0877087 0.0812486 0.1200255 0.1185933 0.1192397 0.1321967 0.0874183 0.0755942 0.1314539 0.1414876 0.1179900 0.1323549 0.1100377 0.0729865 0.1178503 0.0748678 0.0000000 0.0775984 0.1017990 0.1208673 0.1223015 0.1113924 
Acrobatidae_Distoechurus_pennatus            0.0825564 0.1437645 0.0699865 0.0866266 0.0826447 0.0946416 0.0732960 0.0700973 0.0875949 0.0853436 0.0626062 0.0975237 0.1046657 0.0749549 0.0488034 0.0945242 0.1012267 0.0941665 0.1076071 0.0865673 0.0563183 0.1037322 0.1269054 0.0947445 0.1095923 0.0918964 0.0551796 0.1062489 0.0523772 0.0775984 0.0000000 0.0801952 0.0869661 0.0982484 0.0907144 
Phalangeridae_Phalanger_carmelitae           0.0621318 0.1276390 0.0789693 0.0931123 0.0865271 0.1164143 0.0286697 0.0207454 0.0961899 0.0843581 0.0151700 0.1155244 0.1172168 0.0109822 0.0691459 0.1126220 0.1165673 0.1126022 0.1240545 0.0918105 0.0766907 0.1062932 0.1203964 0.1091338 0.1090086 0.1004496 0.0782781 0.1203250 0.0654885 0.1017990 0.0801952 0.0000000 0.0937027 0.1202195 0.1019481 
Peramelidae_Peroryctes_raffrayana            0.1188883 0.1568996 0.0862698 0.0818786 0.0758112 0.0910303 0.0935703 0.0812445 0.0961184 0.0285052 0.0842096 0.0986511 0.0973389 0.0868716 0.0865347 0.0943633 0.0921530 0.0901789 0.0326161 0.0763014 0.0767631 0.1134334 0.1154238 0.0966802 0.1270553 0.1018200 0.0783714 0.1206757 0.0842806 0.1208673 0.0869661 0.0937027 0.0000000 0.0953624 0.0289539 
Dasyuridae_Dasyurus_geffroii                 0.1115078 0.1648499 0.0954988 0.1087361 0.1012796 0.0061246 0.1081798 0.1033527 0.1149701 0.0995711 0.0975240 0.0294694 0.0344224 0.1095200 0.0979824 0.0270548 0.0129543 0.0287277 0.1244088 0.1103267 0.0905568 0.1224472 0.1324177 0.0247662 0.1276735 0.1070116 0.0919723 0.1324570 0.0793794 0.1223015 0.0982484 0.1202195 0.0953624 0.0000000 0.1083870 
Peramelidae_Perameles_gunnii                 0.1108204 0.1597225 0.0923971 0.1001315 0.0961950 0.1060931 0.0924374 0.0905397 0.1015891 0.0000010 0.0901248 0.1121272 0.1142133 0.0981863 0.0886521 0.1089889 0.1084481 0.1048783 0.0333969 0.0982150 0.0817493 0.1042249 0.1313260 0.1083760 0.1214512 0.1083200 0.0845327 0.1171572 0.0848800 0.1113924 0.0907144 0.1019481 0.0289539 0.1083870 0.0000000 
