37
Burramyidae_Burramys_parvus                  0.0000000 0.1211859 0.0857752 0.0792239 0.0742038 0.1218237 0.0780814 0.0684288 0.0805657 0.1208420 0.3399585 0.0773707 0.1195924 0.1242349 0.0733077 0.0596005 0.1202412 0.1233112 0.1166488 0.1175130 0.0755030 0.0909429 0.1226917 0.1355335 0.1230842 0.0758085 0.1061203 0.0688492 0.0785435 0.0781819 0.0973762 0.0839429 0.3399585 0.0724388 0.1151028 0.1213197 0.1197641 
Notoryctidae_Notoryctes_typhlops             0.1211859 0.0000000 0.1146169 0.1113342 0.1079699 0.1299072 0.1194615 0.1138601 0.1177095 0.1231501 0.1476627 0.1148144 0.1306850 0.1279017 0.1189067 0.1094603 0.1296732 0.1302418 0.1250719 0.1223010 0.1095923 0.1275770 0.1240083 0.1526041 0.1279474 0.1133364 0.1161653 0.1157857 0.1129707 0.1095808 0.1313676 0.1118954 0.1476627 0.1181465 0.1211563 0.1289138 0.1215118 
Vombatidae_Lasiorhinus_latifrons             0.0857752 0.1146169 0.0000000 0.0818044 0.0750639 0.1151666 0.0801562 0.0752188 0.0860528 0.1144236 0.1773041 0.0770406 0.1134747 0.1136072 0.0815591 0.0668572 0.1134295 0.1148056 0.1103173 0.1114721 0.0793136 0.0955443 0.1179930 0.1419838 0.1139147 0.0784284 0.0958313 0.0769531 0.0818205 0.0761945 0.0938659 0.0830066 0.1773041 0.0802195 0.1122065 0.1146919 0.1126173 
Potoroidae_Bettongia_penicillata             0.0792239 0.1113342 0.0818044 0.0000000 0.0107783 0.1109833 0.0730267 0.0706093 0.0205101 0.1155544 0.1684242 0.0685151 0.1082430 0.1110249 0.0745361 0.0639985 0.1078935 0.1106213 0.1053093 0.1159270 0.0378677 0.0831834 0.1074022 0.1329084 0.1070710 0.0532462 0.0963604 0.0665946 0.0373339 0.0669036 0.0870914 0.0719981 0.1684242 0.0740031 0.1171087 0.1100541 0.1140874 
Potoroidae_Bettongia_lesueur                 0.0742038 0.1079699 0.0750639 0.0107783 0.0000000 0.1013089 0.0662339 0.0636300 0.0224345 0.1071709 0.1031928 0.0659000 0.0998701 0.1015310 0.0691174 0.0643670 0.0988931 0.1009641 0.0967376 0.1088335 0.0334793 0.0798359 0.1003367 0.1264620 0.0984632 0.0474021 0.0923170 0.0652860 0.0335746 0.0611187 0.0785828 0.0675360 0.1031928 0.0690328 0.1104400 0.1004108 0.1062498 
Dasyuridae_Dasyurus_maculatus                0.1218237 0.1299072 0.1151666 0.1109833 0.1013089 0.0000000 0.1062300 0.1049578 0.1091636 0.1222844 0.0430868 0.1013430 0.0273162 0.0325986 0.1107892 0.0983555 0.0273071 0.0093367 0.0364365 0.1231660 0.1021533 0.1225681 0.1115959 0.1453927 0.0257643 0.1026196 0.1122273 0.1032502 0.1060932 0.1019674 0.1161349 0.1088955 0.0430868 0.1110793 0.1283812 0.0071485 0.1220699 
Phalangeridae_Trichosurus_vulpecula          0.0780814 0.1194615 0.0801562 0.0730267 0.0662339 0.1062300 0.0000000 0.0282950 0.0746232 0.1107064 0.1431447 0.0366863 0.1064726 0.1081584 0.0334620 0.0632353 0.1067043 0.1071349 0.1052650 0.1125417 0.0705394 0.0837255 0.1049675 0.1301348 0.1075813 0.0684256 0.0976160 0.0670438 0.0720559 0.0690555 0.0867785 0.0716147 0.1431447 0.0334068 0.1117122 0.1057657 0.1109886 
Phalangeridae_Spilocuscus_maculatus          0.0684288 0.1138601 0.0752188 0.0706093 0.0636300 0.1049578 0.0282950 0.0000000 0.0730380 0.1055285 0.1659148 0.0296340 0.1055159 0.1076866 0.0132258 0.0549071 0.1062464 0.1058591 0.1034140 0.1052264 0.0670165 0.0776083 0.1087973 0.1281345 0.1066819 0.0695551 0.0967353 0.0637523 0.0684681 0.0658566 0.0824413 0.0639208 0.1659148 0.0125539 0.1032943 0.1044909 0.1054636 
Potoroidae_Aepyprymnus_rufescens             0.0805657 0.1177095 0.0860528 0.0205101 0.0224345 0.1091636 0.0746232 0.0730380 0.0000000 0.1169118 0.1272153 0.0744825 0.1060030 0.1079656 0.0785113 0.0687523 0.1056680 0.1080256 0.1031526 0.1154574 0.0409967 0.0921608 0.1093835 0.1388562 0.1044071 0.0584911 0.1018709 0.0780720 0.0396949 0.0706221 0.0864232 0.0744512 0.1272153 0.0775804 0.1170428 0.1073229 0.1163297 
Peramelidae_Perameles_nasuta                 0.1208420 0.1231501 0.1144236 0.1155544 0.1071709 0.1222844 0.1107064 0.1055285 0.1169118 0.0000000 0.1009585 0.1053452 0.1220026 0.1199597 0.1094419 0.1010867 0.1199471 0.1245048 0.1172331 0.0202353 0.1130167 0.1268247 0.1120480 0.1493486 0.1230134 0.1076891 0.1158752 0.1133066 0.1115995 0.1078572 0.1244836 0.1123175 0.1009585 0.1108989 0.0243948 0.1197822 0.0025032 
Myrmecobiidae_Myrmecobius_fasciatus1         0.3399585 0.1476627 0.1773041 0.1684242 0.1031928 0.0430868 0.1431447 0.1659148 0.1272153 0.1009585 0.0000000 0.1348941 0.0414063 0.0315841 0.1787250 9.0000000 0.0390195 0.0451427 0.0343473 0.1315436 0.1159543 0.2346017 0.1359947 0.1463172 0.0352320 0.1073426 0.1235918 0.1565506 0.1596702 0.1071778 0.1262804 0.1438492 0.0000010 0.1791030 0.1642230 0.0432133 0.0990589 
Phalangeridae_Strigocuscus_pelengensis       0.0773707 0.1148144 0.0770406 0.0685151 0.0659000 0.1013430 0.0366863 0.0296340 0.0744825 0.1053452 0.1348941 0.0000000 0.1023045 0.1014708 0.0304466 0.0584211 0.1021528 0.1030906 0.0976299 0.1072844 0.0707340 0.0807620 0.1031178 0.1205117 0.1034707 0.0670869 0.0963734 0.0651235 0.0699048 0.0670358 0.0820389 0.0685281 0.1348941 0.0303499 0.1035757 0.1016545 0.1048568 
Dasyuridae_Phascogale_tapoatafa              0.1195924 0.1306850 0.1134747 0.1082430 0.0998701 0.0273162 0.1064726 0.1055159 0.1060030 0.1220026 0.0414063 0.1023045 0.0000000 0.0324067 0.1110561 0.0965778 0.0046609 0.0266962 0.0319973 0.1250601 0.1014009 0.1251317 0.1086489 0.1426517 0.0123134 0.1043795 0.1107765 0.1050755 0.1025277 0.1059903 0.1187082 0.1093863 0.0414063 0.1113478 0.1294037 0.0264011 0.1217886 
Dasyuridae_Sminthopsis_macroura              0.1242349 0.1279017 0.1136072 0.1110249 0.1015310 0.0325986 0.1081584 0.1076866 0.1079656 0.1199597 0.0315841 0.1014708 0.0324067 0.0000000 0.1127472 0.0988579 0.0327350 0.0329849 0.0269369 0.1238511 0.1005921 0.1241081 0.1080408 0.1446037 0.0305182 0.1089611 0.1141772 0.1061585 0.1041841 0.1056599 0.1146300 0.1124701 0.0315841 0.1126182 0.1306376 0.0323667 0.1197575 
Phalangeridae_Phalanger_orientalis           0.0733077 0.1189067 0.0815591 0.0745361 0.0691174 0.1107892 0.0334620 0.0132258 0.0785113 0.1094419 0.1787250 0.0304466 0.1110561 0.1127472 0.0000000 0.0592485 0.1117292 0.1117091 0.1100486 0.1112029 0.0735473 0.0839388 0.1113871 0.1305569 0.1134633 0.0740496 0.1017468 0.0692934 0.0731773 0.0719660 0.0879481 0.0709895 0.1787250 0.0055738 0.1097591 0.1103332 0.1097866 
Acrobatidae_Acrobates_pygmaeus               0.0596005 0.1094603 0.0668572 0.0639985 0.0643670 0.0983555 0.0632353 0.0549071 0.0687523 0.1010867 9.0000000 0.0584211 0.0965778 0.0988579 0.0592485 0.0000000 0.0962645 0.0980167 0.0980108 0.1000146 0.0643876 0.0617845 0.1003891 0.1296443 0.0960293 0.0674729 0.0922619 0.0539503 0.0652603 0.0566802 0.0771312 0.0424914 9.0000000 0.0587080 0.1014616 0.0957030 0.1014736 
Dasyuridae_Phascogale_calura                 0.1202412 0.1296732 0.1134295 0.1078935 0.0988931 0.0273071 0.1067043 0.1062464 0.1056680 0.1199471 0.0390195 0.1021528 0.0046609 0.0327350 0.1117292 0.0962645 0.0000000 0.0266873 0.0330502 0.1231352 0.0999726 0.1240421 0.1069601 0.1428601 0.0126076 0.1033424 0.1094897 0.1042369 0.1026078 0.1038646 0.1174727 0.1100444 0.0390195 0.1120201 0.1279893 0.0263743 0.1195667 
Dasyuridae_Sarcophilus_harrisii              0.1233112 0.1302418 0.1148056 0.1106213 0.1009641 0.0093367 0.1071349 0.1058591 0.1080256 0.1245048 0.0451427 0.1030906 0.0266962 0.0329849 0.1117091 0.0980167 0.0266873 0.0000000 0.0364932 0.1258073 0.1026976 0.1230727 0.1122914 0.1471524 0.0251396 0.1039029 0.1122626 0.1046932 0.1057197 0.1020127 0.1157442 0.1111780 0.0451427 0.1119990 0.1303712 0.0081022 0.1242787 
Dasyuridae_Planigale_tenuirostris            0.1166488 0.1250719 0.1103173 0.1053093 0.0967376 0.0364365 0.1052650 0.1034140 0.1031526 0.1172331 0.0343473 0.0976299 0.0319973 0.0269369 0.1100486 0.0980108 0.0330502 0.0364932 0.0000000 0.1177729 0.0949410 0.1210876 0.1062383 0.1422793 0.0332088 0.1042907 0.1140694 0.0987929 0.1006635 0.1012641 0.1156203 0.1077019 0.0343473 0.1094598 0.1273537 0.0351299 0.1165373 
Peramelidae_Echymipera_kalubu                0.1175130 0.1223010 0.1114721 0.1159270 0.1088335 0.1231660 0.1125417 0.1052264 0.1154574 0.0202353 0.1315436 0.1072844 0.1250601 0.1238511 0.1112029 0.1000146 0.1231352 0.1258073 0.1177729 0.0000000 0.1093477 0.1264670 0.1196038 0.1477324 0.1236110 0.1070413 0.1142164 0.1120527 0.1115626 0.1068467 0.1238881 0.1095929 0.1315436 0.1113773 0.0204038 0.1220606 0.0191724 
Macropodidae_Dorcopsulus_vanheurni           0.0755030 0.1095923 0.0793136 0.0378677 0.0334793 0.1021533 0.0705394 0.0670165 0.0409967 0.1130167 0.1159543 0.0707340 0.1014009 0.1005921 0.0735473 0.0643876 0.0999726 0.1026976 0.0949410 0.1093477 0.0000000 0.0827560 0.1043334 0.1349755 0.0995061 0.0527915 0.0952219 0.0665986 0.0206476 0.0665851 0.0860505 0.0710161 0.1159543 0.0730238 0.1120052 0.1020785 0.1116214 
Pseudochiridae_Pseudochirulus_forbesi        0.0909429 0.1275770 0.0955443 0.0831834 0.0798359 0.1225681 0.0837255 0.0776083 0.0921608 0.1268247 0.2346017 0.0807620 0.1251317 0.1241081 0.0839388 0.0617845 0.1240421 0.1230727 0.1210876 0.1264670 0.0827560 0.0000000 0.1293025 0.1444108 0.1264268 0.0864256 0.1058635 0.0456455 0.0789866 0.0405062 0.0868577 0.0759304 0.2346017 0.0846769 0.1201140 0.1220623 0.1253165 
Didelphidae_Didelphis_virginiana             0.1226917 0.1240083 0.1179930 0.1074022 0.1003367 0.1115959 0.1049675 0.1087973 0.1093835 0.1120480 0.1359947 0.1031178 0.1086489 0.1080408 0.1113871 0.1003891 0.1069601 0.1122914 0.1062383 0.1196038 0.1043334 0.1293025 0.0000000 0.0481507 0.1061240 0.0998014 0.1050474 0.1078036 0.1056708 0.1007629 0.1221539 0.1090640 0.1359947 0.1118938 0.1219027 0.1090575 0.1133094 
Marmosidae_Monodelphis_domestica             0.1355335 0.1526041 0.1419838 0.1329084 0.1264620 0.1453927 0.1301348 0.1281345 0.1388562 0.1493486 0.1463172 0.1205117 0.1426517 0.1446037 0.1305569 0.1296443 0.1428601 0.1471524 0.1422793 0.1477324 0.1349755 0.1444108 0.0481507 0.0000000 0.1429932 0.1304228 0.1354249 0.1280730 0.1300337 0.1288108 0.1390875 0.1311216 0.1463172 0.1313199 0.1493037 0.1437525 0.1474950 
Dasyuridae_Antechinus_stuartii               0.1230842 0.1279474 0.1139147 0.1070710 0.0984632 0.0257643 0.1075813 0.1066819 0.1044071 0.1230134 0.0352320 0.1034707 0.0123134 0.0305182 0.1134633 0.0960293 0.0126076 0.0251396 0.0332088 0.1236110 0.0995061 0.1264268 0.1061240 0.1429932 0.0000000 0.1037435 0.1085892 0.1073197 0.1021510 0.1063083 0.1171161 0.1069509 0.0352320 0.1137553 0.1293641 0.0254941 0.1221763 
Hypsiprymnodontidae_Hypsiprymnodon_moschatus 0.0758085 0.1133364 0.0784284 0.0532462 0.0474021 0.1026196 0.0684256 0.0695551 0.0584911 0.1076891 0.1073426 0.0670869 0.1043795 0.1089611 0.0740496 0.0674729 0.1033424 0.1039029 0.1042907 0.1070413 0.0527915 0.0864256 0.0998014 0.1304228 0.1037435 0.0000000 0.0913856 0.0689593 0.0516438 0.0675403 0.0824368 0.0702424 0.1073426 0.0727497 0.1082658 0.1020164 0.1068355 
Microbiotheriidae_Dromiciops_gliroides       0.1061203 0.1161653 0.0958313 0.0963604 0.0923170 0.1122273 0.0976160 0.0967353 0.1018709 0.1158752 0.1235918 0.0963734 0.1107765 0.1141772 0.1017468 0.0922619 0.1094897 0.1122626 0.1140694 0.1142164 0.0952219 0.1058635 0.1050474 0.1354249 0.1085892 0.0913856 0.0000000 0.0959849 0.0945986 0.0954547 0.1064800 0.0951539 0.1235918 0.1011287 0.1141151 0.1146317 0.1152471 
Pseudochiridae_Petauroides_volans            0.0688492 0.1157857 0.0769531 0.0665946 0.0652860 0.1032502 0.0670438 0.0637523 0.0780720 0.1133066 0.1565506 0.0651235 0.1050755 0.1061585 0.0692934 0.0539503 0.1042369 0.1046932 0.0987929 0.1120527 0.0665986 0.0456455 0.1078036 0.1280730 0.1073197 0.0689593 0.0959849 0.0000000 0.0656584 0.0334199 0.0693505 0.0639091 0.1565506 0.0683626 0.1082375 0.1030989 0.1130162 
Macropodidae_Wallabia_bicolor                0.0785435 0.1129707 0.0818205 0.0373339 0.0335746 0.1060932 0.0720559 0.0684681 0.0396949 0.1115995 0.1596702 0.0699048 0.1025277 0.1041841 0.0731773 0.0652603 0.1026078 0.1057197 0.1006635 0.1115626 0.0206476 0.0789866 0.1056708 0.1300337 0.1021510 0.0516438 0.0945986 0.0656584 0.0000000 0.0667123 0.0863702 0.0707075 0.1596702 0.0730306 0.1091349 0.1047133 0.1105324 
Pseudochiridae_Pseudocheirus_occidentalis    0.0781819 0.1095808 0.0761945 0.0669036 0.0611187 0.1019674 0.0690555 0.0658566 0.0706221 0.1078572 0.1071778 0.0670358 0.1059903 0.1056599 0.0719660 0.0566802 0.1038646 0.1020127 0.1012641 0.1068467 0.0665851 0.0405062 0.1007629 0.1288108 0.1063083 0.0675403 0.0954547 0.0334199 0.0667123 0.0000000 0.0672153 0.0651143 0.1071778 0.0710825 0.1116116 0.1016871 0.1073036 
Tarsipedidae_Tarsipes_rostratus              0.0973762 0.1313676 0.0938659 0.0870914 0.0785828 0.1161349 0.0867785 0.0824413 0.0864232 0.1244836 0.1262804 0.0820389 0.1187082 0.1146300 0.0879481 0.0771312 0.1174727 0.1157442 0.1156203 0.1238881 0.0860505 0.0868577 0.1221539 0.1390875 0.1171161 0.0824368 0.1064800 0.0693505 0.0863702 0.0672153 0.0000000 0.0840921 0.1262804 0.0873519 0.1241573 0.1141888 0.1235075 
Acrobatidae_Distoechurus_pennatus            0.0839429 0.1118954 0.0830066 0.0719981 0.0675360 0.1088955 0.0716147 0.0639208 0.0744512 0.1123175 0.1438492 0.0685281 0.1093863 0.1124701 0.0709895 0.0424914 0.1100444 0.1111780 0.1077019 0.1095929 0.0710161 0.0759304 0.1090640 0.1311216 0.1069509 0.0702424 0.0951539 0.0639091 0.0707075 0.0651143 0.0840921 0.0000000 0.1438492 0.0684690 0.1072106 0.1092664 0.1103828 
Myrmecobiidae_Myrmecobius_fasciatus2         0.3399585 0.1476627 0.1773041 0.1684242 0.1031928 0.0430868 0.1431447 0.1659148 0.1272153 0.1009585 0.0000010 0.1348941 0.0414063 0.0315841 0.1787250 9.0000000 0.0390195 0.0451427 0.0343473 0.1315436 0.1159543 0.2346017 0.1359947 0.1463172 0.0352320 0.1073426 0.1235918 0.1565506 0.1596702 0.1071778 0.1262804 0.1438492 0.0000000 0.1791030 0.1642230 0.0432133 0.0990589 
Phalangeridae_Phalanger_carmelitae           0.0724388 0.1181465 0.0802195 0.0740031 0.0690328 0.1110793 0.0334068 0.0125539 0.0775804 0.1108989 0.1791030 0.0303499 0.1113478 0.1126182 0.0055738 0.0587080 0.1120201 0.1119990 0.1094598 0.1113773 0.0730238 0.0846769 0.1118938 0.1313199 0.1137553 0.0727497 0.1011287 0.0683626 0.0730306 0.0710825 0.0873519 0.0684690 0.1791030 0.0000000 0.1100343 0.1106244 0.1108110 
Peramelidae_Peroryctes_raffrayana            0.1151028 0.1211563 0.1122065 0.1171087 0.1104400 0.1283812 0.1117122 0.1032943 0.1170428 0.0243948 0.1642230 0.1035757 0.1294037 0.1306376 0.1097591 0.1014616 0.1279893 0.1303712 0.1273537 0.0204038 0.1120052 0.1201140 0.1219027 0.1493037 0.1293641 0.1082658 0.1141151 0.1082375 0.1091349 0.1116116 0.1241573 0.1072106 0.1642230 0.1100343 0.0000000 0.1274445 0.0225607 
Dasyuridae_Dasyurus_geffroii                 0.1213197 0.1289138 0.1146919 0.1100541 0.1004108 0.0071485 0.1057657 0.1044909 0.1073229 0.1197822 0.0432133 0.1016545 0.0264011 0.0323667 0.1103332 0.0957030 0.0263743 0.0081022 0.0351299 0.1220606 0.1020785 0.1220623 0.1090575 0.1437525 0.0254941 0.1020164 0.1146317 0.1030989 0.1047133 0.1016871 0.1141888 0.1092664 0.0432133 0.1106244 0.1274445 0.0000000 0.1195806 
Peramelidae_Perameles_gunnii                 0.1197641 0.1215118 0.1126173 0.1140874 0.1062498 0.1220699 0.1109886 0.1054636 0.1163297 0.0025032 0.0990589 0.1048568 0.1217886 0.1197575 0.1097866 0.1014736 0.1195667 0.1242787 0.1165373 0.0191724 0.1116214 0.1253165 0.1133094 0.1474950 0.1221763 0.1068355 0.1152471 0.1130162 0.1105324 0.1073036 0.1235075 0.1103828 0.0990589 0.1108110 0.0225607 0.1195806 0.0000000 
