35
Burramyidae_Burramys_parvus                  0.0000000 0.1043658 0.0964486 0.1454023 0.0870059 0.1435384 0.0784837 0.0740627 0.1012762 0.1252961 0.0734705 0.1438794 0.1610292 0.0807729 0.1042427 0.1448379 0.1441593 0.1464474 0.1250430 0.0636048 0.0944060 0.1298967 0.1424266 0.1350703 0.0973755 0.0769725 0.0983492 0.0649920 0.0857823 0.1153452 0.1032778 0.0780573 0.1335328 0.1403467 0.1207834 
Notoryctidae_Notoryctes_typhlops             0.1043658 0.0000000 0.1148182 0.1290081 0.1088833 0.1427925 0.1046735 0.1020917 0.1087989 0.1110587 0.1036816 0.1417198 0.1577532 0.1068591 0.1324540 0.1427241 0.1422951 0.1473492 0.1252509 0.1108492 0.1250119 0.1388142 0.1499049 0.1359109 0.1265795 0.1011346 0.1292436 0.1121055 0.0988086 0.1475825 0.1215550 0.1040846 0.1243466 0.1391445 0.1234284 
Vombatidae_Lasiorhinus_latifrons             0.0964486 0.1148182 0.0000000 0.1475022 0.0859575 0.1141758 0.0792705 0.0736388 0.0807217 0.1133341 0.0748335 0.1162595 0.1257173 0.0828122 0.1080035 0.1171637 0.1130162 0.1210662 0.1120438 0.0755830 0.0992875 0.1268325 0.1310626 0.1087746 0.0934027 0.0848324 0.0948300 0.0866717 0.0796313 0.1296491 0.1021048 0.0813828 0.1224233 0.1122454 0.1135233 
Potoroidae_Bettongia_penicillata             0.1454023 0.1290081 0.1475022 0.0000000 0.0683653 0.1805796 0.1378587 0.1304490 0.0784165 0.1721782 0.1279690 0.1933603 0.2069320 0.1358975 0.1762144 0.1917078 0.1810480 0.1983041 0.1812742 0.0547727 0.1621957 0.1939319 0.2129846 0.1860880 0.1189321 0.1073655 0.1592967 0.0828432 0.1766330 0.1844762 0.1651610 0.1325161 0.2109523 0.1811171 0.1756910 
Potoroidae_Bettongia_lesueur                 0.0870059 0.1088833 0.0859575 0.0683653 0.0000000 0.1266933 0.0798141 0.0717969 0.0298653 0.1129788 0.0708704 0.1323035 0.1454732 0.0770708 0.1082196 0.1315250 0.1263347 0.1312887 0.1217833 0.0260435 0.0940370 0.1469267 0.1603604 0.1259738 0.0507882 0.0891262 0.0956068 0.0257663 0.0830348 0.1250133 0.0988533 0.0743287 0.1324886 0.1243299 0.1177781 
Dasyuridae_Dasyurus_maculatus                0.1435384 0.1427925 0.1141758 0.1805796 0.1266933 0.0000000 0.1249746 0.1195584 0.1293180 0.1331650 0.1189849 0.0283231 0.0438296 0.1228795 0.1589290 0.0289369 0.0100611 0.0433439 0.1343882 0.1145053 0.1397928 0.1660625 0.1805078 0.0262603 0.1380627 0.1109286 0.1440707 0.1286344 0.1360378 0.1736169 0.1391798 0.1197732 0.1486777 0.0090813 0.1316231 
Phalangeridae_Trichosurus_vulpecula          0.0784837 0.1046735 0.0792705 0.1378587 0.0798141 0.1249746 0.0000000 0.0218573 0.0906329 0.1133575 0.0201084 0.1255476 0.1409459 0.0261441 0.0920584 0.1250840 0.1246314 0.1252760 0.1158260 0.0719011 0.0870877 0.1346191 0.1436108 0.1196976 0.0903764 0.0781650 0.0920528 0.0784313 0.0741498 0.1150385 0.0856015 0.0239476 0.1221041 0.1203982 0.1114818 
Phalangeridae_Spilocuscus_maculatus          0.0740627 0.1020917 0.0736388 0.1304490 0.0717969 0.1195584 0.0218573 0.0000000 0.0830356 0.1050564 0.0088679 0.1253692 0.1380007 0.0159005 0.0893164 0.1248852 0.1207216 0.1244036 0.1086621 0.0600291 0.0835785 0.1274346 0.1407392 0.1162031 0.0787146 0.0727430 0.0844556 0.0687210 0.0673176 0.1150062 0.0834655 0.0137171 0.1123667 0.1178360 0.1051244 
Potoroidae_Aepyprymnus_rufescens             0.1012762 0.1087989 0.0807217 0.0784165 0.0298653 0.1293180 0.0906329 0.0830356 0.0000000 0.1094613 0.0819560 0.1368060 0.1474359 0.0896067 0.1128573 0.1360117 0.1295741 0.1362818 0.1238374 0.0298648 0.1002168 0.1450207 0.1601697 0.1311910 0.0695667 0.0930320 0.1021496 0.0443290 0.0888105 0.1324200 0.1084932 0.0867661 0.1377271 0.1272680 0.1153598 
Peramelidae_Perameles_nasuta                 0.1252961 0.1110587 0.1133341 0.1721782 0.1129788 0.1331650 0.1133575 0.1050564 0.1094613 0.0000000 0.1017904 0.1387898 0.1536005 0.1090505 0.1394645 0.1413317 0.1341007 0.1329428 0.0190260 0.0967517 0.1306622 0.1526823 0.1608876 0.1316086 0.1294494 0.0988429 0.1337385 0.1070260 0.1279494 0.1500209 0.1252007 0.1066231 0.0234740 0.1309250 0.0021537 
Phalangeridae_Strigocuscus_pelengensis       0.0734705 0.1036816 0.0748335 0.1279690 0.0708704 0.1189849 0.0201084 0.0088679 0.0819560 0.1017904 0.0000000 0.1232667 0.1373453 0.0117277 0.0866517 0.1234850 0.1201031 0.1245905 0.1041745 0.0613695 0.0813296 0.1290812 0.1391974 0.1152290 0.0813384 0.0715357 0.0863758 0.0682727 0.0673484 0.1112502 0.0824231 0.0096466 0.1093261 0.1158879 0.1015061 
Dasyuridae_Phascogale_tapoatafa              0.1438794 0.1417198 0.1162595 0.1933603 0.1323035 0.0283231 0.1255476 0.1253692 0.1368060 0.1387898 0.1232667 0.0000000 0.0489405 0.1290965 0.1639798 0.0034768 0.0293438 0.0451105 0.1344269 0.1190521 0.1425434 0.1675005 0.1764364 0.0153683 0.1478763 0.1105268 0.1456295 0.1313017 0.1367395 0.1728004 0.1470327 0.1259411 0.1493467 0.0256539 0.1371161 
Dasyuridae_Sminthopsis_macroura              0.1610292 0.1577532 0.1257173 0.2069320 0.1454732 0.0438296 0.1409459 0.1380007 0.1474359 0.1536005 0.1373453 0.0489405 0.0000000 0.1398238 0.1750636 0.0495920 0.0452765 0.0388489 0.1540206 0.1344215 0.1619857 0.1804854 0.1871706 0.0437102 0.1636141 0.1274835 0.1687885 0.1502579 0.1503478 0.1928327 0.1536431 0.1382513 0.1722152 0.0444463 0.1523859 
Phalangeridae_Phalanger_orientalis           0.0807729 0.1068591 0.0828122 0.1358975 0.0770708 0.1228795 0.0261441 0.0159005 0.0896067 0.1090505 0.0117277 0.1290965 0.1398238 0.0000000 0.0951664 0.1286335 0.1242669 0.1292880 0.1124388 0.0676975 0.0823293 0.1300882 0.1453759 0.1209610 0.0854312 0.0777377 0.0897560 0.0737670 0.0682090 0.1156546 0.0849649 0.0039630 0.1154713 0.1214742 0.1097703 
Acrobatidae_Acrobates_pygmaeus               0.1042427 0.1324540 0.1080035 0.1762144 0.1082196 0.1589290 0.0920584 0.0893164 0.1128573 0.1394645 0.0866517 0.1639798 0.1750636 0.0951664 0.0000000 0.1641688 0.1601126 0.1659320 0.1444940 0.0966609 0.0831566 0.1642055 0.1686903 0.1531478 0.1156219 0.1001238 0.0881635 0.1059162 0.0848791 0.1100226 0.0543496 0.0922580 0.1488162 0.1544645 0.1415048 
Dasyuridae_Phascogale_calura                 0.1448379 0.1427241 0.1171637 0.1917078 0.1315250 0.0289369 0.1250840 0.1248852 0.1360117 0.1413317 0.1234850 0.0034768 0.0495920 0.1286335 0.1641688 0.0000000 0.0299601 0.0458002 0.1376228 0.1183598 0.1426788 0.1686836 0.1775281 0.0148604 0.1480378 0.1123286 0.1457923 0.1314183 0.1365971 0.1729757 0.1471940 0.1254765 0.1494494 0.0262584 0.1403184 
Dasyuridae_Sarcophilus_harrisii              0.1441593 0.1422951 0.1130162 0.1810480 0.1263347 0.0100611 0.1246314 0.1207216 0.1295741 0.1341007 0.1201031 0.0293438 0.0452765 0.1242669 0.1601126 0.0299601 0.0000000 0.0413339 0.1339050 0.1157088 0.1416585 0.1659826 0.1810265 0.0261917 0.1407287 0.1089570 0.1481543 0.1283554 0.1343471 0.1718784 0.1403184 0.1211471 0.1499172 0.0111071 0.1317226 
Dasyuridae_Planigale_tenuirostris            0.1464474 0.1473492 0.1210662 0.1983041 0.1312887 0.0433439 0.1252760 0.1244036 0.1362818 0.1329428 0.1245905 0.0451105 0.0388489 0.1292880 0.1659320 0.0458002 0.0413339 0.0000000 0.1339854 0.1228064 0.1421545 0.1791763 0.1959913 0.0405513 0.1509083 0.1136082 0.1547349 0.1341697 0.1341948 0.1772009 0.1441864 0.1259366 0.1425186 0.0409519 0.1347916 
Peramelidae_Echymipera_kalubu                0.1250430 0.1252509 0.1120438 0.1812742 0.1217833 0.1343882 0.1158260 0.1086621 0.1238374 0.0190260 0.1041745 0.1344269 0.1540206 0.1124388 0.1444940 0.1376228 0.1339050 0.1339854 0.0000000 0.1031660 0.1319939 0.1570820 0.1665507 0.1299594 0.1342782 0.1131265 0.1338152 0.1117684 0.1196324 0.1527393 0.1273955 0.1094226 0.0155901 0.1308489 0.0195988 
Macropodidae_Dorcopsulus_vanheurni           0.0636048 0.1108492 0.0755830 0.0547727 0.0260435 0.1145053 0.0719011 0.0600291 0.0298648 0.0967517 0.0613695 0.1190521 0.1344215 0.0676975 0.0966609 0.1183598 0.1157088 0.1228064 0.1031660 0.0000000 0.0795595 0.1214718 0.1239597 0.1114337 0.0466585 0.0902730 0.0819327 0.0123472 0.0594600 0.1042872 0.0896141 0.0647674 0.1041503 0.1143692 0.1009975 
Pseudochiridae_Pseudochirulus_forbesi        0.0944060 0.1250119 0.0992875 0.1621957 0.0940370 0.1397928 0.0870877 0.0835785 0.1002168 0.1306622 0.0813296 0.1425434 0.1619857 0.0823293 0.0831566 0.1426788 0.1416585 0.1421545 0.1319939 0.0795595 0.0000000 0.1465372 0.1633829 0.1317258 0.0983244 0.0960525 0.0566515 0.0880176 0.0292890 0.0849504 0.0782717 0.0810495 0.1288743 0.1372664 0.1314334 
Didelphidae_Didelphis_virginiana             0.1298967 0.1388142 0.1268325 0.1939319 0.1469267 0.1660625 0.1346191 0.1274346 0.1450207 0.1526823 0.1290812 0.1675005 0.1804854 0.1300882 0.1642055 0.1686836 0.1659826 0.1791763 0.1570820 0.1214718 0.1465372 0.0000000 0.0605388 0.1618545 0.1579066 0.1073418 0.1400108 0.1378070 0.1400939 0.1699119 0.1555149 0.1252038 0.1660046 0.1634737 0.1564864 
Marmosidae_Monodelphis_domestica             0.1424266 0.1499049 0.1310626 0.2129846 0.1603604 0.1805078 0.1436108 0.1407392 0.1601697 0.1608876 0.1391974 0.1764364 0.1871706 0.1453759 0.1686903 0.1775281 0.1810265 0.1959913 0.1665507 0.1239597 0.1633829 0.0605388 0.0000000 0.1716549 0.1703086 0.1211476 0.1605403 0.1366941 0.1418744 0.1807091 0.1616528 0.1419722 0.1710381 0.1771663 0.1715674 
Dasyuridae_Antechinus_stuartii               0.1350703 0.1359109 0.1087746 0.1860880 0.1259738 0.0262603 0.1196976 0.1162031 0.1311910 0.1316086 0.1152290 0.0153683 0.0437102 0.1209610 0.1531478 0.0148604 0.0261917 0.0405513 0.1299594 0.1114337 0.1317258 0.1618545 0.1716549 0.0000000 0.1414944 0.1055954 0.1398832 0.1224810 0.1270238 0.1655060 0.1392379 0.1178725 0.1427308 0.0246809 0.1323105 
Hypsiprymnodontidae_Hypsiprymnodon_moschatus 0.0973755 0.1265795 0.0934027 0.1189321 0.0507882 0.1380627 0.0903764 0.0787146 0.0695667 0.1294494 0.0813384 0.1478763 0.1636141 0.0854312 0.1156219 0.1480378 0.1407287 0.1509083 0.1342782 0.0466585 0.0983244 0.1579066 0.1703086 0.1414944 0.0000000 0.0993879 0.1045337 0.0497971 0.0896578 0.1339218 0.1104639 0.0839866 0.1377437 0.1399528 0.1298992 
Microbiotheriidae_Dromiciops_gliroides       0.0769725 0.1011346 0.0848324 0.1073655 0.0891262 0.1109286 0.0781650 0.0727430 0.0930320 0.0988429 0.0715357 0.1105268 0.1274835 0.0777377 0.1001238 0.1123286 0.1089570 0.1136082 0.1131265 0.0902730 0.0960525 0.1073418 0.1211476 0.1055954 0.0993879 0.0000000 0.0954714 0.0891786 0.0699581 0.1095200 0.1006452 0.0761556 0.1036621 0.1043655 0.1069834 
Pseudochiridae_Petauroides_volans            0.0983492 0.1292436 0.0948300 0.1592967 0.0956068 0.1440707 0.0920528 0.0844556 0.1021496 0.1337385 0.0863758 0.1456295 0.1687885 0.0897560 0.0881635 0.1457923 0.1481543 0.1547349 0.1338152 0.0819327 0.0566515 0.1400108 0.1605403 0.1398832 0.1045337 0.0954714 0.0000000 0.0935890 0.0478233 0.0939573 0.0822609 0.0870182 0.1275689 0.1463514 0.1332184 
Macropodidae_Wallabia_bicolor                0.0649920 0.1121055 0.0866717 0.0828432 0.0257663 0.1286344 0.0784313 0.0687210 0.0443290 0.1070260 0.0682727 0.1313017 0.1502579 0.0737670 0.1059162 0.1314183 0.1283554 0.1341697 0.1117684 0.0123472 0.0880176 0.1378070 0.1366941 0.1224810 0.0497971 0.0891786 0.0935890 0.0000000 0.0754133 0.1151811 0.0966251 0.0722812 0.1152065 0.1247679 0.1105772 
Pseudochiridae_Pseudocheirus_occidentalis    0.0857823 0.0988086 0.0796313 0.1766330 0.0830348 0.1360378 0.0741498 0.0673176 0.0888105 0.1279494 0.0673484 0.1367395 0.1503478 0.0682090 0.0848791 0.1365971 0.1343471 0.1341948 0.1196324 0.0594600 0.0292890 0.1400939 0.1418744 0.1270238 0.0896578 0.0699581 0.0478233 0.0754133 0.0000000 0.0959836 0.0740232 0.0666611 0.1211229 0.1343751 0.1240732 
Tarsipedidae_Tarsipes_rostratus              0.1153452 0.1475825 0.1296491 0.1844762 0.1250133 0.1736169 0.1150385 0.1150062 0.1324200 0.1500209 0.1112502 0.1728004 0.1928327 0.1156546 0.1100226 0.1729757 0.1718784 0.1772009 0.1527393 0.1042872 0.0849504 0.1699119 0.1807091 0.1655060 0.1339218 0.1095200 0.0939573 0.1151811 0.0959836 0.0000000 0.1065198 0.1124971 0.1510899 0.1678537 0.1489724 
Acrobatidae_Distoechurus_pennatus            0.1032778 0.1215550 0.1021048 0.1651610 0.0988533 0.1391798 0.0856015 0.0834655 0.1084932 0.1252007 0.0824231 0.1470327 0.1536431 0.0849649 0.0543496 0.1471940 0.1403184 0.1441864 0.1273955 0.0896141 0.0782717 0.1555149 0.1616528 0.1392379 0.1104639 0.1006452 0.0822609 0.0966251 0.0740232 0.1065198 0.0000000 0.0836780 0.1316106 0.1368628 0.1253997 
Phalangeridae_Phalanger_carmelitae           0.0780573 0.1040846 0.0813828 0.1325161 0.0743287 0.1197732 0.0239476 0.0137171 0.0867661 0.1066231 0.0096466 0.1259411 0.1382513 0.0039630 0.0922580 0.1254765 0.1211471 0.1259366 0.1094226 0.0647674 0.0810495 0.1252038 0.1419722 0.1178725 0.0839866 0.0761556 0.0870182 0.0722812 0.0666611 0.1124971 0.0836780 0.0000000 0.1129195 0.1183757 0.1067926 
Peramelidae_Peroryctes_raffrayana            0.1335328 0.1243466 0.1224233 0.2109523 0.1324886 0.1486777 0.1221041 0.1123667 0.1377271 0.0234740 0.1093261 0.1493467 0.1722152 0.1154713 0.1488162 0.1494494 0.1499172 0.1425186 0.0155901 0.1041503 0.1288743 0.1660046 0.1710381 0.1427308 0.1377437 0.1036621 0.1275689 0.1152065 0.1211229 0.1510899 0.1316106 0.1129195 0.0000000 0.1462749 0.0236680 
Dasyuridae_Dasyurus_geffroii                 0.1403467 0.1391445 0.1122454 0.1811171 0.1243299 0.0090813 0.1203982 0.1178360 0.1272680 0.1309250 0.1158879 0.0256539 0.0444463 0.1214742 0.1544645 0.0262584 0.0111071 0.0409519 0.1308489 0.1143692 0.1372664 0.1634737 0.1771663 0.0246809 0.1399528 0.1043655 0.1463514 0.1247679 0.1343751 0.1678537 0.1368628 0.1183757 0.1462749 0.0000000 0.1286934 
Peramelidae_Perameles_gunnii                 0.1207834 0.1234284 0.1135233 0.1756910 0.1177781 0.1316231 0.1114818 0.1051244 0.1153598 0.0021537 0.1015061 0.1371161 0.1523859 0.1097703 0.1415048 0.1403184 0.1317226 0.1347916 0.0195988 0.1009975 0.1314334 0.1564864 0.1715674 0.1323105 0.1298992 0.1069834 0.1332184 0.1105772 0.1240732 0.1489724 0.1253997 0.1067926 0.0236680 0.1286934 0.0000000 
