35
Notoryctidae_Notoryctes_typhlops             0.0000000 0.0827000 0.0920075 0.0887097 0.0992431 0.0900191 0.0966794 0.0905500 0.1024716 0.0944267 0.0952372 0.1110251 0.0981854 0.0969419 0.0953940 0.0969262 0.0876253 0.1032182 0.1367499 0.1386480 0.0984265 0.0930956 0.0787716 0.0994931 0.0823162 0.0965004 0.0876856 0.0854209 0.0929424 0.0994570 0.0979050 0.1076769 0.0668946 0.0630081 0.0995622 
Vombatidae_Lasiorhinus_latifrons             0.0827000 0.0000000 0.0519639 0.0534513 0.0690234 0.0473608 0.0576987 0.0566141 0.0751189 0.0569200 0.0657030 0.0809816 0.0552796 0.0675883 0.0664657 0.0562292 0.0534279 0.0597940 0.0949528 0.0899267 0.0719479 0.0588321 0.0548708 0.0607328 0.0436296 0.0533610 0.0476770 0.0530706 0.0525220 0.0717874 0.0677464 0.0784944 0.0452488 0.0503823 0.0903509 
Potoroidae_Bettongia_penicillata             0.0920075 0.0519639 0.0000000 0.0007177 0.0675039 0.0464507 0.0558705 0.0176156 0.0708317 0.0558981 0.0658884 0.0795943 0.0558299 0.0678383 0.0666237 0.0637046 0.0224571 0.0652042 0.0981307 0.0925211 0.0697606 0.0400797 0.0572471 0.0620147 0.0192943 0.0508411 0.0485270 0.0526522 0.0520428 0.0629148 0.0687782 0.0737188 0.0518227 0.0510116 0.0902898 
Potoroidae_Bettongia_lesueur                 0.0887097 0.0534513 0.0007177 0.0000000 0.0705937 0.0467697 0.0539265 0.0163280 0.0720677 0.0547651 0.0666257 0.0817835 0.0554824 0.0692524 0.0663676 0.0637046 0.0202296 0.0666841 0.0979065 0.0923124 0.0704606 0.0407676 0.0563189 0.0595386 0.0179723 0.0518145 0.0479402 0.0542146 0.0527471 0.0651304 0.0684740 0.0746651 0.0517892 0.0531275 0.0901449 
Dasyuridae_Dasyurus_maculatus                0.0992431 0.0690234 0.0675039 0.0705937 0.0000000 0.0720391 0.0791736 0.0789015 0.0847663 0.0771581 0.0164793 0.0375087 0.0814023 0.0149482 0.0073697 0.0084914 0.0719057 0.0874185 0.1041783 0.1003568 0.0203452 0.0821461 0.0704616 0.0850453 0.0628296 0.0727891 0.0712986 0.0789137 0.0770248 0.0821918 0.0074060 0.0882619 0.0698545 0.0765834 0.1049680 
Phalangeridae_Trichosurus_vulpecula          0.0900191 0.0473608 0.0464507 0.0467697 0.0720391 0.0000000 0.0260112 0.0513876 0.0780516 0.0264282 0.0664840 0.0823563 0.0263588 0.0682689 0.0678507 0.0602291 0.0467793 0.0617160 0.0980809 0.0943510 0.0734996 0.0567433 0.0570856 0.0570345 0.0386893 0.0483941 0.0435106 0.0527138 0.0229295 0.0757834 0.0699464 0.0807371 0.0400399 0.0490087 0.0887204 
Phalangeridae_Spilocuscus_maculatus          0.0966794 0.0576987 0.0558705 0.0539265 0.0791736 0.0260112 0.0000000 0.0587092 0.0838429 0.0194884 0.0734190 0.0855366 0.0223428 0.0753063 0.0748320 0.0730099 0.0546037 0.0695118 0.1117909 0.1088654 0.0799135 0.0634412 0.0622835 0.0630037 0.0471305 0.0544681 0.0466611 0.0584762 0.0210713 0.0821876 0.0769325 0.0865757 0.0345965 0.0414505 0.0851389 
Potoroidae_Aepyprymnus_rufescens             0.0905500 0.0566141 0.0176156 0.0163280 0.0789015 0.0513876 0.0587092 0.0000000 0.0772166 0.0594974 0.0749481 0.0904133 0.0594314 0.0775507 0.0745737 0.0714912 0.0245745 0.0667221 0.1006329 0.0973848 0.0807341 0.0422946 0.0571530 0.0627795 0.0193973 0.0527821 0.0527331 0.0581843 0.0559089 0.0727883 0.0767774 0.0798105 0.0558432 0.0561979 0.0968630 
Peramelidae_Perameles_nasuta                 0.1024716 0.0751189 0.0708317 0.0720677 0.0847663 0.0780516 0.0838429 0.0772166 0.0000000 0.0819555 0.0833402 0.0962405 0.0861082 0.0833636 0.0810360 0.0839482 0.0707910 0.0894917 0.1189178 0.1172878 0.0899085 0.0814756 0.0696083 0.0892369 0.0675771 0.0752286 0.0733078 0.0822778 0.0798910 0.0117590 0.0823116 0.0000010 0.0831119 0.0764219 0.0231972 
Phalangeridae_Strigocuscus_pelengensis       0.0944267 0.0569200 0.0558981 0.0547651 0.0771581 0.0264282 0.0194884 0.0594974 0.0819555 0.0000000 0.0714861 0.0877492 0.0214330 0.0733537 0.0728995 0.0692370 0.0548144 0.0677469 0.1020138 0.1004594 0.0770488 0.0633703 0.0613580 0.0629343 0.0465324 0.0549092 0.0452570 0.0592526 0.0216524 0.0858790 0.0741336 0.0837110 0.0353951 0.0422391 0.0857279 
Dasyuridae_Phascogale_tapoatafa              0.0952372 0.0657030 0.0658884 0.0666257 0.0164793 0.0664840 0.0734190 0.0749481 0.0833402 0.0714861 0.0000000 0.0326726 0.0758240 0.0040376 0.0143717 0.0117868 0.0668125 0.0852416 0.1038586 0.1009842 0.0090606 0.0772592 0.0684533 0.0819383 0.0579944 0.0700504 0.0654836 0.0741589 0.0730610 0.0801444 0.0144257 0.0868944 0.0688997 0.0744050 0.1033259 
Dasyuridae_Sminthopsis_macroura              0.1110251 0.0809816 0.0795943 0.0817835 0.0375087 0.0823563 0.0855366 0.0904133 0.0962405 0.0877492 0.0326726 0.0000000 0.0905884 0.0317302 0.0352642 0.0252075 0.0798081 0.1019382 0.1189289 0.1119794 0.0379049 0.0937686 0.0832899 0.0953890 0.0720753 0.0825872 0.0828661 0.0879678 0.0886883 0.0998117 0.0354500 0.1006613 0.0883850 0.0888179 0.1207222 
Phalangeridae_Phalanger_orientalis           0.0981854 0.0552796 0.0558299 0.0554824 0.0814023 0.0263588 0.0223428 0.0594314 0.0861082 0.0214330 0.0758240 0.0905884 0.0000000 0.0775712 0.0770867 0.0734084 0.0563796 0.0717109 0.1084427 0.1008334 0.0815399 0.0648884 0.0637966 0.0643940 0.0464438 0.0558316 0.0475718 0.0583548 0.0116457 0.0870168 0.0776468 0.0904974 0.0362284 0.0461517 0.0921709 
Dasyuridae_Phascogale_calura                 0.0969419 0.0675883 0.0678383 0.0692524 0.0149482 0.0682689 0.0753063 0.0775507 0.0833636 0.0733537 0.0040376 0.0317302 0.0775712 0.0000000 0.0128675 0.0117499 0.0695746 0.0877711 0.1048874 0.1017772 0.0089934 0.0798488 0.0697461 0.0836096 0.0614627 0.0729442 0.0690945 0.0759156 0.0748340 0.0814858 0.0129321 0.0868852 0.0722585 0.0778792 0.1055186 
Dasyuridae_Sarcophilus_harrisii              0.0953940 0.0664657 0.0666237 0.0663676 0.0073697 0.0678507 0.0748320 0.0745737 0.0810360 0.0728995 0.0143717 0.0352642 0.0770867 0.0128675 0.0000000 0.0106678 0.0675919 0.0846789 0.1041848 0.1003635 0.0181787 0.0761339 0.0662009 0.0789500 0.0586749 0.0716254 0.0670264 0.0746268 0.0727312 0.0751914 0.0040199 0.0837763 0.0664971 0.0679490 0.0979275 
Dasyuridae_Planigale_tenuirostris            0.0969262 0.0562292 0.0637046 0.0637046 0.0084914 0.0602291 0.0730099 0.0714912 0.0839482 0.0692370 0.0117868 0.0252075 0.0734084 0.0117499 0.0106678 0.0000000 0.0691826 0.0790636 0.1011594 0.0966592 0.0151052 0.0755481 0.0665625 0.0858632 0.0573214 0.0634444 0.0719872 0.0705094 0.0676225 0.0769942 0.0117663 0.0906155 0.0670766 0.0767448 0.1085089 
Macropodidae_Dorcopsulus_vanheurni           0.0876253 0.0534279 0.0224571 0.0202296 0.0719057 0.0467793 0.0546037 0.0245745 0.0707910 0.0548144 0.0668125 0.0798081 0.0563796 0.0695746 0.0675919 0.0691826 0.0000000 0.0636955 0.0891055 0.0898949 0.0746171 0.0368885 0.0537913 0.0597701 0.0124575 0.0486833 0.0440075 0.0503888 0.0536122 0.0638011 0.0695889 0.0736840 0.0516599 0.0477680 0.0956489 
Pseudochiridae_Pseudochirulus_forbesi        0.1032182 0.0597940 0.0652042 0.0666841 0.0874185 0.0617160 0.0695118 0.0667221 0.0894917 0.0677469 0.0852416 0.1019382 0.0717109 0.0877711 0.0846789 0.0790636 0.0636955 0.0000000 0.1194207 0.1181392 0.0937203 0.0665940 0.0645137 0.0553763 0.0542389 0.0251718 0.0519748 0.0540810 0.0672588 0.0798569 0.0870055 0.0913666 0.0521889 0.0423555 0.0967410 
Didelphidae_Didelphis_virginiana             0.1367499 0.0949528 0.0981307 0.0979065 0.1041783 0.0980809 0.1117909 0.1006329 0.1189178 0.1020138 0.1038586 0.1189289 0.1084427 0.1048874 0.1041848 0.1011594 0.0891055 0.1194207 0.0000000 0.0570389 0.1094302 0.1008377 0.0906723 0.1190408 0.0876255 0.0997386 0.1033741 0.1018165 0.1046653 0.0942920 0.1077663 0.1233123 0.0936976 0.0962921 0.1391932 
Marmosidae_Monodelphis_domestica             0.1386480 0.0899267 0.0925211 0.0923124 0.1003568 0.0943510 0.1088654 0.0973848 0.1172878 0.1004594 0.1009842 0.1119794 0.1008334 0.1017772 0.1003635 0.0966592 0.0898949 0.1181392 0.0570389 0.0000000 0.1071217 0.0995238 0.0933066 0.1202268 0.0818655 0.0983998 0.0985741 0.0996002 0.0997269 0.1123048 0.1038352 0.1216716 0.0910272 0.0887742 0.1445204 
Dasyuridae_Antechinus_stuartii               0.0984265 0.0719479 0.0697606 0.0704606 0.0203452 0.0734996 0.0799135 0.0807341 0.0899085 0.0770488 0.0090606 0.0379049 0.0815399 0.0089934 0.0181787 0.0151052 0.0746171 0.0937203 0.1094302 0.1071217 0.0000000 0.0849144 0.0738810 0.0867297 0.0655059 0.0794420 0.0726356 0.0806708 0.0795327 0.0871314 0.0182089 0.0937305 0.0775360 0.0816591 0.1115540 
Hypsiprymnodontidae_Hypsiprymnodon_moschatus 0.0930956 0.0588321 0.0400797 0.0407676 0.0821461 0.0567433 0.0634412 0.0422946 0.0814756 0.0633703 0.0772592 0.0937686 0.0648884 0.0798488 0.0761339 0.0755481 0.0368885 0.0665940 0.1008377 0.0995238 0.0849144 0.0000000 0.0610595 0.0651397 0.0299037 0.0513875 0.0542551 0.0557586 0.0613655 0.0761436 0.0800230 0.0842021 0.0552844 0.0537348 0.1009313 
Microbiotheriidae_Dromiciops_gliroides       0.0787716 0.0548708 0.0572471 0.0563189 0.0704616 0.0570856 0.0622835 0.0571530 0.0696083 0.0613580 0.0684533 0.0832899 0.0637966 0.0697461 0.0662009 0.0665625 0.0537913 0.0645137 0.0906723 0.0933066 0.0738810 0.0610595 0.0000000 0.0688012 0.0491556 0.0546210 0.0585423 0.0606648 0.0601682 0.0604888 0.0681631 0.0717880 0.0552148 0.0501324 0.0811114 
Pseudochiridae_Petauroides_volans            0.0994931 0.0607328 0.0620147 0.0595386 0.0850453 0.0570345 0.0630037 0.0627795 0.0892369 0.0629343 0.0819383 0.0953890 0.0643940 0.0836096 0.0789500 0.0858632 0.0597701 0.0553763 0.1190408 0.1202268 0.0867297 0.0651397 0.0688012 0.0000000 0.0519889 0.0406236 0.0496268 0.0535007 0.0624026 0.0814655 0.0829138 0.0917269 0.0513130 0.0452151 0.0954357 
Macropodidae_Wallabia_bicolor                0.0823162 0.0436296 0.0192943 0.0179723 0.0628296 0.0386893 0.0471305 0.0193973 0.0675771 0.0465324 0.0579944 0.0720753 0.0464438 0.0614627 0.0586749 0.0573214 0.0124575 0.0542389 0.0876255 0.0818655 0.0655059 0.0299037 0.0491556 0.0519889 0.0000000 0.0420775 0.0388788 0.0452173 0.0436993 0.0606322 0.0607027 0.0704834 0.0430463 0.0433161 0.0887199 
Pseudochiridae_Pseudocheirus_occidentalis    0.0965004 0.0533610 0.0508411 0.0518145 0.0727891 0.0483941 0.0544681 0.0527821 0.0752286 0.0549092 0.0700504 0.0825872 0.0558316 0.0729442 0.0716254 0.0634444 0.0486833 0.0251718 0.0997386 0.0983998 0.0794420 0.0513875 0.0546210 0.0406236 0.0420775 0.0000000 0.0356383 0.0441374 0.0508898 0.0702473 0.0730940 0.0754074 0.0378987 0.0285101 0.0791116 
Tarsipedidae_Tarsipes_rostratus              0.0876856 0.0476770 0.0485270 0.0479402 0.0712986 0.0435106 0.0466611 0.0527331 0.0733078 0.0452570 0.0654836 0.0828661 0.0475718 0.0690945 0.0670264 0.0719872 0.0440075 0.0519748 0.1033741 0.0985741 0.0726356 0.0542551 0.0585423 0.0496268 0.0388788 0.0356383 0.0000000 0.0392488 0.0448002 0.0652613 0.0691595 0.0747504 0.0363075 0.0316409 0.0827732 
Acrobatidae_Distoechurus_pennatus            0.0854209 0.0530706 0.0526522 0.0542146 0.0789137 0.0527138 0.0584762 0.0581843 0.0822778 0.0592526 0.0741589 0.0879678 0.0583548 0.0759156 0.0746268 0.0705094 0.0503888 0.0540810 0.1018165 0.0996002 0.0806708 0.0557586 0.0606648 0.0535007 0.0452173 0.0441374 0.0392488 0.0000000 0.0540706 0.0708123 0.0768100 0.0822593 0.0500095 0.0317168 0.0975108 
Phalangeridae_Phalanger_carmelitae           0.0929424 0.0525220 0.0520428 0.0527471 0.0770248 0.0229295 0.0210713 0.0559089 0.0798910 0.0216524 0.0730610 0.0886883 0.0116457 0.0748340 0.0727312 0.0676225 0.0536122 0.0672588 0.1046653 0.0997269 0.0795327 0.0613655 0.0601682 0.0624026 0.0436993 0.0508898 0.0448002 0.0540706 0.0000000 0.0768979 0.0740811 0.0843175 0.0370338 0.0450015 0.0907086 
Peramelidae_Peroryctes_raffrayana            0.0994570 0.0717874 0.0629148 0.0651304 0.0821918 0.0757834 0.0821876 0.0727883 0.0117590 0.0858790 0.0801444 0.0998117 0.0870168 0.0814858 0.0751914 0.0769942 0.0638011 0.0798569 0.0942920 0.1123048 0.0871314 0.0761436 0.0604888 0.0814655 0.0606322 0.0702473 0.0652613 0.0708123 0.0768979 0.0000000 0.0765523 0.0107801 0.0737316 0.0641112 0.0159512 
Dasyuridae_Dasyurus_geffroii                 0.0979050 0.0677464 0.0687782 0.0684740 0.0074060 0.0699464 0.0769325 0.0767774 0.0823116 0.0741336 0.0144257 0.0354500 0.0776468 0.0129321 0.0040199 0.0117663 0.0695889 0.0870055 0.1077663 0.1038352 0.0182089 0.0800230 0.0681631 0.0829138 0.0607027 0.0730940 0.0691595 0.0768100 0.0740811 0.0765523 0.0000000 0.0860399 0.0689121 0.0723770 0.1006118 
Peramelidae_Perameles_gunnii                 0.1076769 0.0784944 0.0737188 0.0746651 0.0882619 0.0807371 0.0865757 0.0798105 0.0000010 0.0837110 0.0868944 0.1006613 0.0904974 0.0868852 0.0837763 0.0906155 0.0736840 0.0913666 0.1233123 0.1216716 0.0937305 0.0842021 0.0717880 0.0917269 0.0704834 0.0754074 0.0747504 0.0822593 0.0843175 0.0107801 0.0860399 0.0000000 0.0847697 0.0792909 0.0220988 
Burramyidae_Burramys_parvus                  0.0668946 0.0452488 0.0518227 0.0517892 0.0698545 0.0400399 0.0345965 0.0558432 0.0831119 0.0353951 0.0688997 0.0883850 0.0362284 0.0722585 0.0664971 0.0670766 0.0516599 0.0521889 0.0936976 0.0910272 0.0775360 0.0552844 0.0552148 0.0513130 0.0430463 0.0378987 0.0363075 0.0500095 0.0370338 0.0737316 0.0689121 0.0847697 0.0000000 0.0409143 0.0843560 
Acrobatidae_Acrobates_pygmaeus               0.0630081 0.0503823 0.0510116 0.0531275 0.0765834 0.0490087 0.0414505 0.0561979 0.0764219 0.0422391 0.0744050 0.0888179 0.0461517 0.0778792 0.0679490 0.0767448 0.0477680 0.0423555 0.0962921 0.0887742 0.0816591 0.0537348 0.0501324 0.0452151 0.0433161 0.0285101 0.0316409 0.0317168 0.0450015 0.0641112 0.0723770 0.0792909 0.0409143 0.0000000 0.0809767 
Peramelidae_Echymipera_kalubu                0.0995622 0.0903509 0.0902898 0.0901449 0.1049680 0.0887204 0.0851389 0.0968630 0.0231972 0.0857279 0.1033259 0.1207222 0.0921709 0.1055186 0.0979275 0.1085089 0.0956489 0.0967410 0.1391932 0.1445204 0.1115540 0.1009313 0.0811114 0.0954357 0.0887199 0.0791116 0.0827732 0.0975108 0.0907086 0.0159512 0.1006118 0.0220988 0.0843560 0.0809767 0.0000000 
