35
Burramyidae_Burramys_parvus                  0.0000000 0.0422449 0.0254398 0.0240815 0.0335346 0.0348182 0.0251369 0.0276345 0.0379357 0.0489968 0.0270192 0.0383989 0.0365063 0.0259662 0.0321675 0.0372672 0.0378017 0.0395915 0.0481698 0.0390684 0.0362230 0.0524938 0.0486327 0.0383326 0.0281233 0.0455148 0.0292253 0.0246074 0.0325797 0.0403758 0.0313489 0.0268640 0.0501465 0.0348671 0.0503614 
Notoryctidae_Notoryctes_typhlops             0.0422449 0.0000000 0.0370738 0.0402003 0.0500867 0.0457256 0.0363787 0.0431783 0.0513605 0.0516643 0.0419686 0.0494203 0.0478615 0.0394874 0.0420550 0.0482834 0.0504796 0.0475631 0.0516768 0.0522806 0.0526095 0.0613150 0.0554365 0.0492933 0.0400035 0.0474211 0.0458824 0.0403916 0.0556255 0.0518855 0.0445459 0.0401051 0.0530595 0.0477578 0.0537404 
Vombatidae_Lasiorhinus_latifrons             0.0254398 0.0370738 0.0000000 0.0237384 0.0316061 0.0288995 0.0223764 0.0278805 0.0346453 0.0400582 0.0245340 0.0328630 0.0297394 0.0241923 0.0282702 0.0314746 0.0307089 0.0317731 0.0396421 0.0359560 0.0371293 0.0464210 0.0407582 0.0320850 0.0248392 0.0362995 0.0293284 0.0231986 0.0352284 0.0368752 0.0282473 0.0253613 0.0414418 0.0289371 0.0411723 
Potoroidae_Bettongia_penicillata             0.0240815 0.0402003 0.0237384 0.0000000 0.0129798 0.0331789 0.0230505 0.0259543 0.0203969 0.0412199 0.0263520 0.0361410 0.0351468 0.0231726 0.0286221 0.0347300 0.0363841 0.0367969 0.0426533 0.0248102 0.0396642 0.0464496 0.0438368 0.0357716 0.0197549 0.0412164 0.0276404 0.0113586 0.0345360 0.0353941 0.0278276 0.0243345 0.0422702 0.0339809 0.0419651 
Potoroidae_Bettongia_lesueur                 0.0335346 0.0500867 0.0316061 0.0129798 0.0000000 0.0430697 0.0323327 0.0357156 0.0136357 0.0516149 0.0341825 0.0450220 0.0440207 0.0324862 0.0391412 0.0435456 0.0477332 0.0469246 0.0509400 0.0286772 0.0503451 0.0588177 0.0563099 0.0450983 0.0291911 0.0516581 0.0379328 0.0196363 0.0457728 0.0468588 0.0381576 0.0336438 0.0511888 0.0439454 0.0523547 
Dasyuridae_Dasyurus_maculatus                0.0348182 0.0457256 0.0288995 0.0331789 0.0430697 0.0000000 0.0331475 0.0363149 0.0431580 0.0435371 0.0373811 0.0100080 0.0084721 0.0340565 0.0355480 0.0081528 0.0043378 0.0094647 0.0468934 0.0477837 0.0464964 0.0537151 0.0534658 0.0082164 0.0362211 0.0448039 0.0381269 0.0347892 0.0450084 0.0456823 0.0361247 0.0352222 0.0459046 0.0029752 0.0462586 
Phalangeridae_Trichosurus_vulpecula          0.0251369 0.0363787 0.0223764 0.0230505 0.0323327 0.0331475 0.0000000 0.0137155 0.0364109 0.0397130 0.0106833 0.0383202 0.0354760 0.0107006 0.0247971 0.0361652 0.0363633 0.0368182 0.0392748 0.0359183 0.0352681 0.0460217 0.0422743 0.0360906 0.0238250 0.0404733 0.0255512 0.0235397 0.0320894 0.0349825 0.0257982 0.0115615 0.0418998 0.0332304 0.0408291 
Phalangeridae_Spilocuscus_maculatus          0.0276345 0.0431783 0.0278805 0.0259543 0.0357156 0.0363149 0.0137155 0.0000000 0.0399513 0.0466323 0.0069278 0.0413696 0.0385361 0.0053770 0.0283821 0.0392084 0.0383613 0.0398293 0.0454049 0.0420375 0.0398230 0.0497586 0.0440421 0.0392953 0.0275040 0.0460637 0.0284419 0.0265221 0.0356321 0.0413947 0.0286876 0.0060203 0.0474888 0.0376466 0.0452771 
Potoroidae_Aepyprymnus_rufescens             0.0379357 0.0513605 0.0346453 0.0203969 0.0136357 0.0431580 0.0364109 0.0399513 0.0000000 0.0525335 0.0381492 0.0450996 0.0452518 0.0358806 0.0403695 0.0432313 0.0491100 0.0482667 0.0525821 0.0309746 0.0499130 0.0600892 0.0579498 0.0452388 0.0314320 0.0520232 0.0395260 0.0235589 0.0454571 0.0484711 0.0397635 0.0370263 0.0504845 0.0447919 0.0528319 
Peramelidae_Perameles_nasuta                 0.0489968 0.0516643 0.0400582 0.0412199 0.0516149 0.0435371 0.0397130 0.0466323 0.0525335 0.0000000 0.0438807 0.0467314 0.0468933 0.0410090 0.0469757 0.0452427 0.0484809 0.0503277 0.0108910 0.0541807 0.0559403 0.0610738 0.0585069 0.0448579 0.0464250 0.0531542 0.0461370 0.0414385 0.0610860 0.0552864 0.0442816 0.0418743 0.0113896 0.0440202 0.0006093 
Phalangeridae_Strigocuscus_pelengensis       0.0270192 0.0419686 0.0245340 0.0263520 0.0341825 0.0373811 0.0106833 0.0069278 0.0381492 0.0438807 0.0000000 0.0412831 0.0382417 0.0040206 0.0277243 0.0389200 0.0410224 0.0396637 0.0446175 0.0366316 0.0354296 0.0477703 0.0425195 0.0391467 0.0263718 0.0434939 0.0285381 0.0250644 0.0329471 0.0402480 0.0263136 0.0046198 0.0479187 0.0374328 0.0456726 
Dasyuridae_Phascogale_tapoatafa              0.0383989 0.0494203 0.0328630 0.0361410 0.0450220 0.0100080 0.0383202 0.0413696 0.0450996 0.0467314 0.0412831 0.0000000 0.0116190 0.0377744 0.0389924 0.0023779 0.0123102 0.0142520 0.0485181 0.0502917 0.0496939 0.0571340 0.0585567 0.0054449 0.0399879 0.0468666 0.0423507 0.0374156 0.0477686 0.0485723 0.0376855 0.0389386 0.0471748 0.0112871 0.0495158 
Dasyuridae_Sminthopsis_macroura              0.0365063 0.0478615 0.0297394 0.0351468 0.0440207 0.0084721 0.0354760 0.0385361 0.0452518 0.0468933 0.0382417 0.0116190 0.0000000 0.0349363 0.0387210 0.0103687 0.0112726 0.0084798 0.0494558 0.0503981 0.0498159 0.0571099 0.0552403 0.0104573 0.0378291 0.0461235 0.0409667 0.0364091 0.0474344 0.0474991 0.0381547 0.0364583 0.0496595 0.0091144 0.0500512 
Phalangeridae_Phalanger_orientalis           0.0259662 0.0394874 0.0241923 0.0231726 0.0324862 0.0340565 0.0107006 0.0053770 0.0358806 0.0410090 0.0040206 0.0377744 0.0349363 0.0000000 0.0277163 0.0356153 0.0373600 0.0362006 0.0417352 0.0361305 0.0372594 0.0447085 0.0394509 0.0355625 0.0246041 0.0404821 0.0263888 0.0229662 0.0330392 0.0372616 0.0266072 0.0002963 0.0440277 0.0341424 0.0428058 
Acrobatidae_Acrobates_pygmaeus               0.0321675 0.0420550 0.0282702 0.0286221 0.0391412 0.0355480 0.0247971 0.0283821 0.0403695 0.0469757 0.0277243 0.0389924 0.0387210 0.0277163 0.0000000 0.0366997 0.0377296 0.0367137 0.0472444 0.0400112 0.0380467 0.0512936 0.0452997 0.0378647 0.0308368 0.0430888 0.0259723 0.0288488 0.0375270 0.0382465 0.0177080 0.0292615 0.0493939 0.0355961 0.0474612 
Dasyuridae_Phascogale_calura                 0.0372672 0.0482834 0.0314746 0.0347300 0.0435456 0.0081528 0.0361652 0.0392084 0.0432313 0.0452427 0.0389200 0.0023779 0.0103687 0.0356153 0.0366997 0.0000000 0.0105276 0.0121736 0.0478257 0.0487662 0.0474183 0.0555394 0.0560701 0.0045306 0.0385029 0.0457432 0.0401389 0.0359905 0.0455037 0.0470477 0.0362618 0.0367830 0.0467171 0.0094154 0.0478909 
Dasyuridae_Sarcophilus_harrisii              0.0378017 0.0504796 0.0307089 0.0363841 0.0477332 0.0043378 0.0363633 0.0383613 0.0491100 0.0484809 0.0410224 0.0123102 0.0112726 0.0373600 0.0377296 0.0105276 0.0000000 0.0117343 0.0498879 0.0536932 0.0511383 0.0577229 0.0572514 0.0102911 0.0409485 0.0484087 0.0412307 0.0390884 0.0476060 0.0503522 0.0393026 0.0391354 0.0494355 0.0060508 0.0471091 
Dasyuridae_Planigale_tenuirostris            0.0395915 0.0475631 0.0317731 0.0367969 0.0469246 0.0094647 0.0368182 0.0398293 0.0482667 0.0503277 0.0396637 0.0142520 0.0084798 0.0362006 0.0367137 0.0121736 0.0117343 0.0000000 0.0529139 0.0524950 0.0511128 0.0552743 0.0553526 0.0126138 0.0400687 0.0471951 0.0433948 0.0391505 0.0482890 0.0499653 0.0392377 0.0375256 0.0532198 0.0101551 0.0531011 
Peramelidae_Echymipera_kalubu                0.0481698 0.0516768 0.0396421 0.0426533 0.0509400 0.0468934 0.0392748 0.0454049 0.0525821 0.0108910 0.0446175 0.0485181 0.0494558 0.0417352 0.0472444 0.0478257 0.0498879 0.0529139 0.0000000 0.0547176 0.0559990 0.0592901 0.0572727 0.0470865 0.0467055 0.0519917 0.0463445 0.0417664 0.0593095 0.0544939 0.0446202 0.0425231 0.0103810 0.0473831 0.0111230 
Macropodidae_Dorcopsulus_vanheurni           0.0390684 0.0522806 0.0359560 0.0248102 0.0286772 0.0477837 0.0359183 0.0420375 0.0309746 0.0541807 0.0366316 0.0502917 0.0503981 0.0361305 0.0400112 0.0487662 0.0536932 0.0524950 0.0547176 0.0000000 0.0505875 0.0609178 0.0560273 0.0495215 0.0309274 0.0515564 0.0409329 0.0200736 0.0481366 0.0500537 0.0400869 0.0376762 0.0551195 0.0486662 0.0547792 
Pseudochiridae_Pseudochirulus_forbesi        0.0362230 0.0526095 0.0371293 0.0396642 0.0503451 0.0464964 0.0352681 0.0398230 0.0499130 0.0559403 0.0354296 0.0496939 0.0498159 0.0372594 0.0380467 0.0474183 0.0511383 0.0511128 0.0559990 0.0505875 0.0000000 0.0590629 0.0561227 0.0482730 0.0375870 0.0536607 0.0248423 0.0373285 0.0178434 0.0463482 0.0350272 0.0380359 0.0577475 0.0485559 0.0587602 
Didelphidae_Didelphis_virginiana             0.0524938 0.0613150 0.0464210 0.0464496 0.0588177 0.0537151 0.0460217 0.0497586 0.0600892 0.0610738 0.0477703 0.0571340 0.0571099 0.0447085 0.0512936 0.0555394 0.0577229 0.0552743 0.0592901 0.0609178 0.0590629 0.0000000 0.0210535 0.0570420 0.0510751 0.0542211 0.0517541 0.0474054 0.0621383 0.0578149 0.0472725 0.0454810 0.0625446 0.0546510 0.0625808 
Marmosidae_Monodelphis_domestica             0.0486327 0.0554365 0.0407582 0.0438368 0.0563099 0.0534658 0.0422743 0.0440421 0.0579498 0.0585069 0.0425195 0.0585567 0.0552403 0.0394509 0.0452997 0.0560701 0.0572514 0.0553526 0.0572727 0.0560273 0.0561227 0.0210535 0.0000000 0.0566196 0.0466924 0.0513868 0.0448047 0.0445222 0.0545645 0.0550041 0.0458129 0.0410146 0.0624930 0.0540197 0.0594809 
Dasyuridae_Antechinus_stuartii               0.0383326 0.0492933 0.0320850 0.0357716 0.0450983 0.0082164 0.0360906 0.0392953 0.0452388 0.0448579 0.0391467 0.0054449 0.0104573 0.0355625 0.0378647 0.0045306 0.0102911 0.0126138 0.0470865 0.0495215 0.0482730 0.0570420 0.0566196 0.0000000 0.0400322 0.0470101 0.0414981 0.0373322 0.0480215 0.0465416 0.0383360 0.0367524 0.0460094 0.0094832 0.0471791 
Hypsiprymnodontidae_Hypsiprymnodon_moschatus 0.0281233 0.0400035 0.0248392 0.0197549 0.0291911 0.0362211 0.0238250 0.0275040 0.0314320 0.0464250 0.0263718 0.0399879 0.0378291 0.0246041 0.0308368 0.0385029 0.0409485 0.0400687 0.0467055 0.0309274 0.0375870 0.0510751 0.0466924 0.0400322 0.0000000 0.0429534 0.0287961 0.0198684 0.0349314 0.0392831 0.0301020 0.0257843 0.0462397 0.0385247 0.0471612 
Microbiotheriidae_Dromiciops_gliroides       0.0455148 0.0474211 0.0362995 0.0412164 0.0516581 0.0448039 0.0404733 0.0460637 0.0520232 0.0531542 0.0434939 0.0468666 0.0461235 0.0404821 0.0430888 0.0457432 0.0484087 0.0471951 0.0519917 0.0515564 0.0536607 0.0542211 0.0513868 0.0470101 0.0429534 0.0000000 0.0440847 0.0394872 0.0557883 0.0531334 0.0459141 0.0411591 0.0525034 0.0444973 0.0553157 
Pseudochiridae_Petauroides_volans            0.0292253 0.0458824 0.0293284 0.0276404 0.0379328 0.0381269 0.0255512 0.0284419 0.0395260 0.0461370 0.0285381 0.0423507 0.0409667 0.0263888 0.0259723 0.0401389 0.0412307 0.0433948 0.0463445 0.0409329 0.0248423 0.0517541 0.0448047 0.0414981 0.0287961 0.0440847 0.0000000 0.0278159 0.0209021 0.0335457 0.0273315 0.0275528 0.0492885 0.0388938 0.0491452 
Macropodidae_Wallabia_bicolor                0.0246074 0.0403916 0.0231986 0.0113586 0.0196363 0.0347892 0.0235397 0.0265221 0.0235589 0.0414385 0.0250644 0.0374156 0.0364091 0.0229662 0.0288488 0.0359905 0.0390884 0.0391505 0.0417664 0.0200736 0.0373285 0.0474054 0.0445222 0.0373322 0.0198684 0.0394872 0.0278159 0.0000000 0.0327273 0.0359519 0.0276956 0.0241345 0.0429125 0.0355692 0.0425697 
Pseudochiridae_Pseudocheirus_occidentalis    0.0325797 0.0556255 0.0352284 0.0345360 0.0457728 0.0450084 0.0320894 0.0356321 0.0454571 0.0610860 0.0329471 0.0477686 0.0474344 0.0330392 0.0375270 0.0455037 0.0476060 0.0482890 0.0593095 0.0481366 0.0178434 0.0621383 0.0545645 0.0480215 0.0349314 0.0557883 0.0209021 0.0327273 0.0000000 0.0421316 0.0366067 0.0339965 0.0601612 0.0472440 0.0600593 
Tarsipedidae_Tarsipes_rostratus              0.0403758 0.0518855 0.0368752 0.0353941 0.0468588 0.0456823 0.0349825 0.0413947 0.0484711 0.0552864 0.0402480 0.0485723 0.0474991 0.0372616 0.0382465 0.0470477 0.0503522 0.0499653 0.0544939 0.0500537 0.0463482 0.0578149 0.0550041 0.0465416 0.0392831 0.0531334 0.0335457 0.0359519 0.0421316 0.0000000 0.0399137 0.0378694 0.0545402 0.0473461 0.0569645 
Acrobatidae_Distoechurus_pennatus            0.0313489 0.0445459 0.0282473 0.0278276 0.0381576 0.0361247 0.0257982 0.0286876 0.0397635 0.0442816 0.0263136 0.0376855 0.0381547 0.0266072 0.0177080 0.0362618 0.0393026 0.0392377 0.0446202 0.0400869 0.0350272 0.0472725 0.0458129 0.0383360 0.0301020 0.0459141 0.0273315 0.0276956 0.0366067 0.0399137 0.0000000 0.0274401 0.0470542 0.0365645 0.0462592 
Phalangeridae_Phalanger_carmelitae           0.0268640 0.0401051 0.0253613 0.0243345 0.0336438 0.0352222 0.0115615 0.0060203 0.0370263 0.0418743 0.0046198 0.0389386 0.0364583 0.0002963 0.0292615 0.0367830 0.0391354 0.0375256 0.0425231 0.0376762 0.0380359 0.0454810 0.0410146 0.0367524 0.0257843 0.0411591 0.0275528 0.0241345 0.0339965 0.0378694 0.0274401 0.0000000 0.0449005 0.0353106 0.0434113 
Peramelidae_Peroryctes_raffrayana            0.0501465 0.0530595 0.0414418 0.0422702 0.0511888 0.0459046 0.0418998 0.0474888 0.0504845 0.0113896 0.0479187 0.0471748 0.0496595 0.0440277 0.0493939 0.0467171 0.0494355 0.0532198 0.0103810 0.0551195 0.0577475 0.0625446 0.0624930 0.0460094 0.0462397 0.0525034 0.0492885 0.0429125 0.0601612 0.0545402 0.0470542 0.0449005 0.0000000 0.0475773 0.0124146 
Dasyuridae_Dasyurus_geffroii                 0.0348671 0.0477578 0.0289371 0.0339809 0.0439454 0.0029752 0.0332304 0.0376466 0.0447919 0.0440202 0.0374328 0.0112871 0.0091144 0.0341424 0.0355961 0.0094154 0.0060508 0.0101551 0.0473831 0.0486662 0.0485559 0.0546510 0.0540197 0.0094832 0.0385247 0.0444973 0.0388938 0.0355692 0.0472440 0.0473461 0.0365645 0.0353106 0.0475773 0.0000000 0.0471080 
Peramelidae_Perameles_gunnii                 0.0503614 0.0537404 0.0411723 0.0419651 0.0523547 0.0462586 0.0408291 0.0452771 0.0528319 0.0006093 0.0456726 0.0495158 0.0500512 0.0428058 0.0474612 0.0478909 0.0471091 0.0531011 0.0111230 0.0547792 0.0587602 0.0625808 0.0594809 0.0471791 0.0471612 0.0553157 0.0491452 0.0425697 0.0600593 0.0569645 0.0462592 0.0434113 0.0124146 0.0471080 0.0000000 
