169
I0185_86_Accipitridae_Buteo_jamaicensis                0.0000000 0.0360852 0.0372189 0.0372191 0.0424719 0.0362870 0.0301363 0.0337184 0.0464783 0.0481312 0.0284214 0.0431771 0.0407350 0.0412703 0.0409174 0.0333276 0.0182536 0.0387398 0.0231536 0.0389340 0.0282481 0.0439585 0.0245051 0.0245804 0.0241078 0.0364912 0.0263829 0.0501542 0.0517178 0.0259797 0.0404052 0.0397137 0.0425923 0.0424660 0.0335940 0.0488997 0.0416296 0.0406390 0.0423698 0.0380399 0.0739051 0.0785183 0.0467093 0.0562926 0.0352746 0.0399936 0.0320351 0.0431373 0.0398357 0.0256427 0.0363835 0.0375012 0.0409155 0.0348680 0.0328675 0.0278412 0.0397315 0.0421310 0.0284802 0.0264335 0.0386893 0.0268949 0.0304481 0.0327539 0.0626646 0.0434405 0.0400672 0.0291950 0.0282175 0.0388570 0.0283250 0.0069863 0.0270866 0.0350139 0.0361932 0.0406147 0.0254588 0.0201726 0.0440850 0.0372075 0.0335592 0.0303058 0.0232194 0.0327785 0.0482897 0.0222452 0.0263554 0.0207302 0.0237600 0.0358495 0.0360215 0.0276555 0.0247537 0.0342460 0.0369385 0.0302843 0.0268881 0.0229759 0.0458574 0.0275702 0.0440772 0.0506675 0.0605730 0.0348272 0.0233430 0.0165596 0.0233709 0.0448668 0.0356296 0.0329196 0.0598437 0.0253370 0.0561829 0.0298148 0.0320935 0.0218025 0.0357312 0.0484784 0.0302537 0.0471649 0.0307620 0.0379931 0.0335583 0.0226158 0.0257352 0.0219306 0.0378338 0.0274434 0.0445947 0.0346337 0.0241322 0.0463998 0.0684216 0.0361709 0.0388188 0.0216175 0.0276868 0.0274817 0.0272995 0.0254074 0.0266988 0.0388955 0.0417858 0.0401219 0.0322160 0.0439107 0.0399311 0.0302345 0.0837453 0.0264255 0.0339620 0.0444882 0.0264571 0.0176849 0.0231586 0.0281923 0.0661432 0.0241520 0.0466582 0.0460750 0.0426563 0.0431345 0.1326736 0.0407758 0.0494006 0.0475299 0.0398691 0.0322310 0.0406551 
I0186_111_Momotidae_Momotus_lessonii                   0.0360852 0.0000000 0.0498829 0.0473810 0.0536089 0.0483580 0.0424640 0.0464645 0.0469346 0.0563570 0.0409154 0.0542633 0.0523620 0.0474543 0.0531518 0.0467752 0.0318092 0.0506051 0.0367103 0.0504977 0.0410367 0.0559527 0.0368403 0.0384483 0.0379777 0.0493875 0.0396023 0.0593525 0.0613104 0.0397170 0.0512015 0.0509088 0.0532974 0.0526119 0.0468562 0.0594729 0.0533141 0.0515929 0.0529534 0.0488364 0.0842687 0.0893553 0.0561620 0.0676399 0.0375458 0.0517512 0.0445301 0.0538419 0.0503656 0.0382028 0.0494108 0.0487457 0.0521580 0.0483924 0.0448242 0.0412525 0.0512026 0.0521302 0.0412758 0.0398610 0.0493086 0.0402229 0.0431860 0.0439995 0.0750864 0.0545584 0.0514879 0.0421136 0.0411069 0.0498483 0.0397409 0.0369812 0.0396669 0.0477139 0.0374299 0.0499397 0.0394349 0.0333024 0.0543812 0.0479470 0.0457334 0.0437623 0.0367140 0.0386806 0.0580405 0.0361707 0.0402640 0.0385170 0.0377702 0.0496062 0.0493070 0.0407440 0.0390807 0.0470937 0.0498774 0.0437554 0.0412140 0.0369006 0.0566489 0.0407094 0.0557489 0.0601165 0.0735238 0.0473793 0.0363718 0.0403429 0.0366572 0.0573429 0.0471342 0.0459996 0.0725093 0.0387881 0.0646793 0.0425018 0.0443000 0.0366300 0.0480095 0.0591448 0.0420007 0.0589483 0.0433213 0.0482299 0.0467750 0.0373520 0.0387963 0.0365789 0.0492494 0.0402954 0.0570269 0.0485268 0.0378148 0.0581378 0.0800524 0.0474975 0.0497434 0.0357731 0.0415694 0.0404869 0.0405159 0.0393912 0.0404318 0.0513244 0.0538038 0.0515224 0.0451916 0.0554143 0.0510856 0.0424648 0.0952570 0.0385474 0.0470834 0.0558895 0.0399732 0.0386208 0.0379645 0.0414033 0.0782993 0.0384631 0.0561960 0.0562697 0.0533951 0.0548176 0.1419734 0.0523644 0.0601304 0.0561300 0.0517203 0.0442986 0.0522113 
I0187_115_Trogonidae_Trogon_elegans                    0.0372189 0.0498829 0.0000000 0.0500432 0.0580207 0.0168831 0.0443916 0.0478165 0.0586244 0.0616892 0.0438997 0.0583986 0.0557289 0.0543951 0.0557557 0.0475110 0.0336321 0.0539969 0.0386010 0.0543033 0.0432443 0.0588538 0.0390423 0.0399522 0.0399389 0.0496385 0.0416397 0.0634463 0.0645215 0.0414333 0.0554416 0.0541727 0.0565020 0.0562683 0.0474060 0.0638296 0.0557904 0.0551696 0.0570112 0.0533323 0.0882004 0.0937010 0.0604039 0.0705586 0.0492357 0.0538463 0.0464340 0.0573754 0.0542143 0.0402230 0.0509797 0.0528390 0.0552031 0.0494783 0.0483017 0.0437038 0.0548117 0.0548459 0.0430139 0.0423687 0.0524024 0.0418607 0.0450711 0.0467503 0.0782216 0.0583110 0.0547159 0.0442439 0.0427672 0.0533895 0.0419407 0.0387235 0.0415940 0.0502270 0.0498406 0.0551613 0.0418033 0.0350910 0.0578339 0.0503693 0.0487421 0.0449804 0.0380964 0.0476360 0.0613323 0.0379115 0.0413548 0.0400143 0.0393201 0.0504888 0.0503649 0.0423827 0.0400107 0.0484276 0.0522030 0.0447414 0.0436363 0.0386007 0.0597773 0.0427807 0.0584309 0.0642901 0.0765681 0.0494308 0.0391822 0.0425077 0.0384425 0.0601578 0.0504139 0.0488540 0.0761901 0.0404304 0.0679015 0.0446125 0.0466310 0.0375562 0.0502142 0.0607974 0.0444589 0.0614825 0.0452463 0.0514116 0.0492727 0.0377441 0.0402231 0.0375225 0.0522399 0.0426796 0.0594562 0.0510094 0.0395796 0.0610650 0.0835926 0.0514800 0.0538564 0.0376850 0.0433489 0.0419129 0.0421655 0.0397060 0.0417940 0.0533203 0.0558256 0.0541971 0.0471593 0.0571644 0.0544635 0.0449686 0.0983116 0.0410696 0.0481997 0.0596699 0.0414472 0.0411154 0.0391606 0.0435445 0.0829373 0.0390971 0.0601235 0.0598399 0.0570549 0.0575174 0.1427367 0.0550871 0.0638575 0.0610887 0.0540700 0.0469950 0.0546125 
I0188_135_Apodidae_Streptoprocne_zonaris               0.0372191 0.0473810 0.0500432 0.0000000 0.0536738 0.0484252 0.0421810 0.0436670 0.0567332 0.0579557 0.0413109 0.0550662 0.0527554 0.0524447 0.0511600 0.0448410 0.0316363 0.0506355 0.0347112 0.0508759 0.0396140 0.0554131 0.0360694 0.0357320 0.0357867 0.0463376 0.0383637 0.0590805 0.0620358 0.0391252 0.0502409 0.0503347 0.0422523 0.0424039 0.0433630 0.0603521 0.0519113 0.0507179 0.0527579 0.0494020 0.0829396 0.0883833 0.0571645 0.0683324 0.0480780 0.0490304 0.0444150 0.0539393 0.0499419 0.0367232 0.0476714 0.0481235 0.0506187 0.0449870 0.0419275 0.0392813 0.0505124 0.0219855 0.0409787 0.0365892 0.0490506 0.0380973 0.0390742 0.0411082 0.0740936 0.0547837 0.0514036 0.0408100 0.0408679 0.0495836 0.0387126 0.0376260 0.0386596 0.0463371 0.0478949 0.0511498 0.0369995 0.0342269 0.0437971 0.0465357 0.0447989 0.0405032 0.0351613 0.0451893 0.0588308 0.0340895 0.0382532 0.0387068 0.0346495 0.0467340 0.0465146 0.0399323 0.0374995 0.0456641 0.0482858 0.0400744 0.0401437 0.0353089 0.0571992 0.0381900 0.0552534 0.0621063 0.0726359 0.0471698 0.0351868 0.0406658 0.0350726 0.0560686 0.0197982 0.0447493 0.0707658 0.0368815 0.0642421 0.0408016 0.0373800 0.0346120 0.0465445 0.0560159 0.0391248 0.0567122 0.0408405 0.0467560 0.0442948 0.0348982 0.0365814 0.0348407 0.0480020 0.0386551 0.0569234 0.0449584 0.0354279 0.0574508 0.0782852 0.0475138 0.0491821 0.0331548 0.0381898 0.0384430 0.0392753 0.0385544 0.0393386 0.0481953 0.0496969 0.0492782 0.0429378 0.0532968 0.0507736 0.0409060 0.0938247 0.0371180 0.0442922 0.0564143 0.0372963 0.0392582 0.0362185 0.0407052 0.0769665 0.0376932 0.0568059 0.0562273 0.0539805 0.0529744 0.1398323 0.0532351 0.0601523 0.0559131 0.0494261 0.0447015 0.0500647 
I0189_225_Eurylaimidae_Smithornis_rufolateralis        0.0424719 0.0536089 0.0580207 0.0536738 0.0000000 0.0563636 0.0500409 0.0532236 0.0629440 0.0653358 0.0476391 0.0415386 0.0594930 0.0603216 0.0348227 0.0560755 0.0387966 0.0335659 0.0444399 0.0335602 0.0480192 0.0373263 0.0435753 0.0446159 0.0450836 0.0556992 0.0468410 0.0472812 0.0507214 0.0465243 0.0334012 0.0332194 0.0604895 0.0593804 0.0535784 0.0473176 0.0351263 0.0346059 0.0353402 0.0326682 0.0914398 0.0977880 0.0450284 0.0735976 0.0531694 0.0572265 0.0511612 0.0364793 0.0333955 0.0465995 0.0521867 0.0319355 0.0349565 0.0541806 0.0525951 0.0485465 0.0339291 0.0592697 0.0471951 0.0467674 0.0331468 0.0467844 0.0489800 0.0511432 0.0815117 0.0368016 0.0338836 0.0493327 0.0470785 0.0329490 0.0452538 0.0439283 0.0473759 0.0523392 0.0522450 0.0568815 0.0444073 0.0409269 0.0609660 0.0548825 0.0506886 0.0503615 0.0451416 0.0503709 0.0654004 0.0433839 0.0476868 0.0452375 0.0442646 0.0538055 0.0550971 0.0476105 0.0456832 0.0538051 0.0539750 0.0496572 0.0476603 0.0444045 0.0400025 0.0481751 0.0434110 0.0497698 0.0803456 0.0511326 0.0442608 0.0469424 0.0444571 0.0287733 0.0533872 0.0518253 0.0785665 0.0452026 0.0724859 0.0487026 0.0505608 0.0441573 0.0549307 0.0633439 0.0499292 0.0316455 0.0517727 0.0562109 0.0528138 0.0445258 0.0474074 0.0443671 0.0557453 0.0482416 0.0634372 0.0527731 0.0455614 0.0644484 0.0855212 0.0360821 0.0328912 0.0435002 0.0472067 0.0483420 0.0482110 0.0449821 0.0479353 0.0569052 0.0584791 0.0587341 0.0543443 0.0372606 0.0339824 0.0511589 0.1036638 0.0472597 0.0541796 0.0290081 0.0464672 0.0450112 0.0444538 0.0488292 0.0854846 0.0445876 0.0450217 0.0448088 0.0408009 0.0220064 0.1453990 0.0415699 0.0473296 0.0451249 0.0595131 0.0518147 0.0400948 
I0190_295_Trogonidae_Apaloderma_aequatoriale           0.0362870 0.0483580 0.0168831 0.0484252 0.0563636 0.0000000 0.0419538 0.0459051 0.0572742 0.0606490 0.0411641 0.0563305 0.0537425 0.0529267 0.0539349 0.0460262 0.0318035 0.0517739 0.0367675 0.0520307 0.0420756 0.0570806 0.0382838 0.0386938 0.0384442 0.0485362 0.0400297 0.0616772 0.0632580 0.0399044 0.0532655 0.0518133 0.0542157 0.0539976 0.0459039 0.0620952 0.0548648 0.0527426 0.0550245 0.0513936 0.0867877 0.0922539 0.0585966 0.0684008 0.0476212 0.0524319 0.0448739 0.0555829 0.0524301 0.0391320 0.0494381 0.0514387 0.0534328 0.0480207 0.0466564 0.0422666 0.0528157 0.0537524 0.0414355 0.0407110 0.0508380 0.0407437 0.0439940 0.0456300 0.0764370 0.0564179 0.0534094 0.0425825 0.0413769 0.0517899 0.0404289 0.0376593 0.0411818 0.0490036 0.0487804 0.0531727 0.0388504 0.0335341 0.0558627 0.0498704 0.0472484 0.0439422 0.0361866 0.0464386 0.0609763 0.0358587 0.0401076 0.0386954 0.0377255 0.0488990 0.0488328 0.0409543 0.0386444 0.0477116 0.0503733 0.0438565 0.0421047 0.0374555 0.0581365 0.0416614 0.0570056 0.0624070 0.0753300 0.0484653 0.0374422 0.0410058 0.0365311 0.0590003 0.0486777 0.0472652 0.0744155 0.0389565 0.0661307 0.0433053 0.0449938 0.0356970 0.0484280 0.0594399 0.0434375 0.0600973 0.0442053 0.0499605 0.0479726 0.0363691 0.0387733 0.0360216 0.0511134 0.0416670 0.0592978 0.0494887 0.0377895 0.0595380 0.0813800 0.0495479 0.0523805 0.0355239 0.0410121 0.0399950 0.0406897 0.0385088 0.0399575 0.0523961 0.0542725 0.0533352 0.0451809 0.0554336 0.0525844 0.0434480 0.0964912 0.0393940 0.0468139 0.0585619 0.0396716 0.0397988 0.0378645 0.0418534 0.0807666 0.0378501 0.0587716 0.0587244 0.0555987 0.0559957 0.1416659 0.0536794 0.0623099 0.0598379 0.0526168 0.0456236 0.0534719 
I0192_375_Musophagidae_Tauraco_macrorhynchus           0.0301363 0.0424640 0.0443916 0.0421810 0.0500409 0.0419538 0.0000000 0.0379888 0.0533930 0.0557053 0.0187858 0.0510552 0.0482972 0.0481787 0.0478672 0.0382838 0.0255338 0.0467876 0.0290732 0.0472387 0.0330384 0.0525135 0.0312869 0.0296625 0.0288240 0.0406186 0.0314198 0.0567336 0.0584666 0.0332657 0.0479685 0.0475251 0.0485307 0.0481556 0.0382556 0.0569686 0.0479518 0.0482849 0.0501490 0.0457592 0.0781892 0.0838248 0.0532328 0.0654229 0.0409451 0.0464155 0.0388754 0.0508307 0.0469601 0.0303388 0.0429497 0.0446975 0.0465633 0.0391429 0.0391723 0.0331126 0.0473960 0.0476608 0.0348301 0.0315843 0.0457138 0.0330759 0.0360772 0.0385953 0.0673369 0.0512158 0.0476431 0.0351676 0.0352022 0.0460600 0.0343557 0.0306287 0.0316775 0.0419509 0.0432646 0.0482325 0.0305843 0.0279116 0.0501723 0.0417765 0.0403337 0.0352939 0.0289668 0.0399787 0.0551805 0.0279530 0.0316419 0.0315378 0.0293183 0.0422115 0.0421737 0.0349466 0.0306586 0.0381902 0.0439766 0.0357865 0.0327268 0.0280556 0.0528561 0.0323533 0.0514293 0.0586934 0.0659900 0.0414367 0.0292137 0.0341273 0.0283104 0.0525712 0.0415591 0.0403248 0.0652767 0.0306724 0.0616817 0.0345480 0.0366751 0.0274669 0.0403006 0.0531821 0.0357975 0.0540612 0.0344956 0.0424736 0.0391831 0.0278519 0.0314686 0.0272489 0.0434922 0.0322369 0.0509852 0.0399264 0.0292862 0.0518880 0.0728614 0.0447348 0.0463059 0.0271736 0.0327264 0.0326473 0.0328643 0.0324590 0.0323259 0.0444370 0.0466647 0.0457197 0.0374186 0.0502918 0.0477460 0.0360207 0.0882100 0.0321985 0.0379823 0.0519786 0.0315700 0.0329408 0.0292431 0.0347544 0.0713993 0.0314897 0.0541245 0.0539911 0.0498700 0.0505832 0.1365124 0.0487363 0.0565842 0.0537750 0.0453192 0.0400350 0.0473399 
I0193_447_Columbidae_Treron_calvus                     0.0337184 0.0464645 0.0478165 0.0436670 0.0532236 0.0459051 0.0379888 0.0000000 0.0548517 0.0582811 0.0376512 0.0527073 0.0499797 0.0499627 0.0509193 0.0421009 0.0243141 0.0490103 0.0323560 0.0497952 0.0375077 0.0544681 0.0349133 0.0331688 0.0334638 0.0157919 0.0350889 0.0583371 0.0596887 0.0375899 0.0498677 0.0500782 0.0504448 0.0504611 0.0139927 0.0589556 0.0508325 0.0506356 0.0528538 0.0485285 0.0815285 0.0865396 0.0556257 0.0660931 0.0444425 0.0492163 0.0426367 0.0534930 0.0495986 0.0343270 0.0473720 0.0476905 0.0506413 0.0153996 0.0409206 0.0366248 0.0500089 0.0487947 0.0399307 0.0348796 0.0484380 0.0359455 0.0391327 0.0407728 0.0716953 0.0529672 0.0509881 0.0389736 0.0395399 0.0491601 0.0253593 0.0344397 0.0360678 0.0466932 0.0462646 0.0513922 0.0342599 0.0311319 0.0505766 0.0450480 0.0449695 0.0387641 0.0329040 0.0422414 0.0574864 0.0310072 0.0348948 0.0359333 0.0327160 0.0436654 0.0432996 0.0379094 0.0336185 0.0421982 0.0473080 0.0388693 0.0369402 0.0325523 0.0558466 0.0355497 0.0534822 0.0596192 0.0695744 0.0457964 0.0328399 0.0388102 0.0327418 0.0566008 0.0427818 0.0446543 0.0683851 0.0338245 0.0639808 0.0385129 0.0395376 0.0308413 0.0432899 0.0556232 0.0385868 0.0570270 0.0389762 0.0445952 0.0428339 0.0314946 0.0355226 0.0313166 0.0460711 0.0364471 0.0557519 0.0435048 0.0332776 0.0561635 0.0762417 0.0464852 0.0483567 0.0309552 0.0362296 0.0362196 0.0357452 0.0364144 0.0354087 0.0490650 0.0501223 0.0482975 0.0408667 0.0525222 0.0503517 0.0387913 0.0902910 0.0355394 0.0129032 0.0550258 0.0340419 0.0365182 0.0322335 0.0385833 0.0746481 0.0354834 0.0557412 0.0555598 0.0516066 0.0536063 0.1380292 0.0500304 0.0579144 0.0547855 0.0483169 0.0430420 0.0509318 
I0194_495_Alcedinidae_Alcedo_quadribrachys             0.0464783 0.0469346 0.0586244 0.0567332 0.0629440 0.0572742 0.0533930 0.0548517 0.0000000 0.0642355 0.0525866 0.0632111 0.0634998 0.0569565 0.0623270 0.0574847 0.0424707 0.0604186 0.0485031 0.0607142 0.0526536 0.0652269 0.0467316 0.0494721 0.0497478 0.0578917 0.0501805 0.0660366 0.0693026 0.0516325 0.0613120 0.0603180 0.0624920 0.0621407 0.0546500 0.0666325 0.0627389 0.0610988 0.0628865 0.0585376 0.0912541 0.0966753 0.0641377 0.0768222 0.0468960 0.0609984 0.0554171 0.0642766 0.0603275 0.0492157 0.0589182 0.0590458 0.0609209 0.0561312 0.0560521 0.0528792 0.0607800 0.0599262 0.0524772 0.0498861 0.0593270 0.0509458 0.0535303 0.0540671 0.0845554 0.0639840 0.0605496 0.0513403 0.0522107 0.0600049 0.0484016 0.0478889 0.0517855 0.0583212 0.0384684 0.0596912 0.0502451 0.0453929 0.0630916 0.0592155 0.0564591 0.0548332 0.0481813 0.0498994 0.0656002 0.0466504 0.0510528 0.0478224 0.0484694 0.0575249 0.0573230 0.0516583 0.0498816 0.0577954 0.0601907 0.0540731 0.0517171 0.0489511 0.0653798 0.0512412 0.0634012 0.0677250 0.0821517 0.0581136 0.0483712 0.0519860 0.0487783 0.0662788 0.0559941 0.0563638 0.0810656 0.0495726 0.0733214 0.0539850 0.0548716 0.0482876 0.0586151 0.0670350 0.0526594 0.0663309 0.0539252 0.0611692 0.0568530 0.0485189 0.0493127 0.0486082 0.0581401 0.0521521 0.0653685 0.0574391 0.0487539 0.0666426 0.0892306 0.0572737 0.0596291 0.0472295 0.0513188 0.0505046 0.0515667 0.0498201 0.0505590 0.0604358 0.0626931 0.0600154 0.0567392 0.0640219 0.0604163 0.0533339 0.1040460 0.0495262 0.0555370 0.0645549 0.0507076 0.0489658 0.0482712 0.0506196 0.0882853 0.0484782 0.0625577 0.0645189 0.0619956 0.0641908 0.1456677 0.0612558 0.0671123 0.0641685 0.0625423 0.0558140 0.0606942 
I0195_522_Ramphastidae_Buccanodon_duchaillui           0.0481312 0.0563570 0.0616892 0.0579557 0.0653358 0.0606490 0.0557053 0.0582811 0.0642355 0.0000000 0.0537829 0.0645731 0.0617514 0.0629378 0.0627286 0.0568563 0.0436997 0.0614732 0.0501794 0.0613959 0.0537537 0.0655614 0.0490709 0.0500855 0.0513247 0.0593952 0.0516015 0.0681456 0.0719787 0.0520718 0.0618165 0.0611696 0.0656152 0.0645577 0.0572989 0.0686626 0.0639867 0.0612674 0.0631746 0.0601782 0.0920664 0.0987939 0.0668615 0.0771079 0.0572491 0.0618467 0.0555890 0.0648519 0.0609073 0.0515233 0.0577843 0.0597731 0.0628759 0.0589784 0.0585059 0.0533340 0.0611710 0.0622465 0.0530063 0.0519201 0.0594239 0.0528030 0.0543640 0.0561956 0.0863599 0.0654100 0.0622449 0.0528991 0.0532749 0.0598273 0.0457388 0.0505702 0.0527117 0.0574214 0.0557935 0.0569531 0.0510296 0.0461100 0.0656688 0.0558515 0.0560454 0.0563910 0.0506289 0.0537363 0.0235070 0.0487764 0.0518790 0.0500864 0.0504440 0.0591830 0.0610724 0.0511883 0.0506600 0.0591761 0.0588879 0.0546325 0.0535850 0.0503909 0.0683939 0.0528401 0.0650902 0.0711509 0.0851641 0.0569773 0.0494996 0.0517925 0.0499625 0.0666389 0.0585355 0.0554566 0.0834417 0.0506594 0.0732682 0.0544317 0.0556554 0.0493807 0.0597429 0.0689676 0.0542173 0.0681753 0.0557571 0.0567908 0.0571722 0.0503221 0.0518117 0.0495028 0.0605126 0.0532815 0.0680685 0.0575024 0.0506192 0.0690050 0.0905372 0.0604779 0.0604824 0.0502416 0.0519998 0.0532684 0.0530895 0.0513383 0.0537771 0.0620455 0.0612247 0.0620803 0.0560447 0.0647849 0.0616910 0.0528714 0.1059648 0.0517101 0.0589046 0.0666070 0.0518456 0.0493498 0.0494269 0.0530531 0.0880325 0.0506503 0.0655612 0.0669508 0.0642793 0.0658593 0.1444774 0.0636721 0.0702502 0.0654262 0.0608005 0.0550069 0.0610173 
I0196_523_Musophagidae_Corythaeola_cristata            0.0284214 0.0409154 0.0438997 0.0413109 0.0476391 0.0411641 0.0187858 0.0376512 0.0525866 0.0537829 0.0000000 0.0501005 0.0464292 0.0454449 0.0464749 0.0375760 0.0242198 0.0447951 0.0272881 0.0446674 0.0325554 0.0493976 0.0298513 0.0287734 0.0275563 0.0404222 0.0310436 0.0556754 0.0565236 0.0330044 0.0461097 0.0446466 0.0461364 0.0462989 0.0377658 0.0554802 0.0464361 0.0463361 0.0479981 0.0436634 0.0770226 0.0827327 0.0522656 0.0641316 0.0405310 0.0454341 0.0378354 0.0487038 0.0449395 0.0295372 0.0421972 0.0426966 0.0460085 0.0387229 0.0369787 0.0319317 0.0456805 0.0464050 0.0339231 0.0306814 0.0436080 0.0314246 0.0350872 0.0361781 0.0661448 0.0487566 0.0451692 0.0338105 0.0344196 0.0441656 0.0338438 0.0292621 0.0310642 0.0412945 0.0420521 0.0468939 0.0299675 0.0258638 0.0479121 0.0406034 0.0399071 0.0345422 0.0278385 0.0391981 0.0534441 0.0268344 0.0305604 0.0311991 0.0275902 0.0405843 0.0406149 0.0348361 0.0298865 0.0363708 0.0434426 0.0342033 0.0326088 0.0269161 0.0510000 0.0311749 0.0493587 0.0568532 0.0648412 0.0414069 0.0277359 0.0332303 0.0274069 0.0503061 0.0405544 0.0397455 0.0639053 0.0294771 0.0599368 0.0343072 0.0359778 0.0268089 0.0388025 0.0532299 0.0338765 0.0532377 0.0347501 0.0411398 0.0377450 0.0275294 0.0305280 0.0265942 0.0421875 0.0311563 0.0512394 0.0388129 0.0282438 0.0523196 0.0714432 0.0427192 0.0441921 0.0255481 0.0314796 0.0315898 0.0314820 0.0317278 0.0314488 0.0449030 0.0461132 0.0441571 0.0366734 0.0482043 0.0461595 0.0348562 0.0864827 0.0308693 0.0380184 0.0500810 0.0292565 0.0317290 0.0280521 0.0332777 0.0695136 0.0305978 0.0523047 0.0527117 0.0487892 0.0480700 0.1376639 0.0463502 0.0553974 0.0524500 0.0432825 0.0391792 0.0461312 
I0197_832_Corvidae_Corvus_albus                        0.0431771 0.0542633 0.0583986 0.0550662 0.0415386 0.0563305 0.0510552 0.0527073 0.0632111 0.0645731 0.0501005 0.0000000 0.0593709 0.0591094 0.0399882 0.0554162 0.0392416 0.0379197 0.0453297 0.0380323 0.0489288 0.0437954 0.0448405 0.0453142 0.0456735 0.0557694 0.0474087 0.0278525 0.0297518 0.0468770 0.0381867 0.0381213 0.0607087 0.0598083 0.0535009 0.0285700 0.0402257 0.0386378 0.0407716 0.0362198 0.0901324 0.0957917 0.0253527 0.0736457 0.0532585 0.0576864 0.0526640 0.0420601 0.0375555 0.0457789 0.0537224 0.0362175 0.0403430 0.0547273 0.0536480 0.0488427 0.0377139 0.0596829 0.0481481 0.0476780 0.0371212 0.0466092 0.0494503 0.0524074 0.0818976 0.0428782 0.0381714 0.0497861 0.0477697 0.0371401 0.0463864 0.0442842 0.0484147 0.0531671 0.0536511 0.0579512 0.0461466 0.0416043 0.0608213 0.0560304 0.0511924 0.0520365 0.0454820 0.0512914 0.0653403 0.0431102 0.0479648 0.0462996 0.0453142 0.0552766 0.0555831 0.0482498 0.0466879 0.0547145 0.0551820 0.0502377 0.0485209 0.0449332 0.0444701 0.0478055 0.0304329 0.0324739 0.0801133 0.0526839 0.0454166 0.0482605 0.0443807 0.0431913 0.0544574 0.0519246 0.0791194 0.0460637 0.0728597 0.0503341 0.0513329 0.0433202 0.0555566 0.0656144 0.0505452 0.0465419 0.0513750 0.0568613 0.0542968 0.0440310 0.0468160 0.0435655 0.0575453 0.0487919 0.0633254 0.0560618 0.0459898 0.0636358 0.0871692 0.0278298 0.0365860 0.0440960 0.0476278 0.0483080 0.0482511 0.0463104 0.0479865 0.0570686 0.0599169 0.0594910 0.0538964 0.0431568 0.0378018 0.0513204 0.1009359 0.0471922 0.0540056 0.0429968 0.0464443 0.0459326 0.0454805 0.0493031 0.0862594 0.0456676 0.0259195 0.0257870 0.0141721 0.0410242 0.1472228 0.0284824 0.0283762 0.0257662 0.0588748 0.0517349 0.0437363 
I0198_937_Bucerotidae_Tockus_camurus                   0.0407350 0.0523620 0.0557289 0.0527554 0.0594930 0.0537425 0.0482972 0.0499797 0.0634998 0.0617514 0.0464292 0.0593709 0.0000000 0.0566986 0.0581758 0.0501831 0.0354514 0.0564789 0.0415489 0.0569182 0.0463008 0.0623136 0.0415817 0.0428657 0.0419887 0.0524571 0.0446301 0.0652500 0.0680940 0.0455898 0.0564254 0.0556544 0.0590491 0.0588020 0.0504850 0.0657804 0.0592359 0.0555393 0.0595204 0.0547568 0.0910348 0.0954821 0.0633755 0.0664721 0.0504562 0.0563926 0.0492734 0.0608370 0.0553372 0.0426693 0.0532917 0.0543719 0.0585177 0.0514232 0.0496617 0.0453312 0.0566186 0.0569407 0.0462565 0.0444897 0.0551752 0.0443529 0.0473381 0.0494485 0.0805812 0.0612420 0.0564642 0.0466967 0.0459963 0.0550272 0.0430064 0.0420494 0.0444728 0.0530246 0.0525454 0.0570257 0.0435516 0.0350068 0.0596083 0.0508803 0.0512723 0.0487552 0.0414479 0.0487464 0.0617143 0.0405381 0.0443108 0.0433889 0.0416515 0.0528007 0.0525284 0.0465217 0.0436279 0.0524578 0.0536732 0.0487020 0.0447117 0.0413302 0.0631831 0.0439954 0.0613993 0.0678975 0.0789112 0.0532318 0.0415329 0.0452614 0.0414705 0.0614047 0.0517589 0.0510180 0.0771066 0.0431011 0.0633868 0.0470975 0.0492559 0.0405624 0.0529621 0.0630478 0.0476733 0.0642379 0.0480112 0.0518335 0.0508083 0.0412921 0.0433940 0.0406866 0.0543899 0.0455906 0.0631881 0.0517353 0.0421530 0.0647216 0.0849745 0.0541280 0.0558172 0.0403737 0.0448147 0.0448479 0.0452250 0.0444536 0.0454556 0.0552717 0.0571202 0.0565967 0.0488309 0.0607342 0.0574026 0.0469779 0.0993390 0.0440267 0.0505770 0.0619126 0.0444665 0.0427062 0.0416338 0.0447728 0.0836279 0.0436101 0.0609720 0.0635672 0.0587641 0.0601518 0.1452471 0.0582949 0.0655919 0.0630239 0.0549857 0.0223887 0.0572612 
I0199_955_Meropidae_Merops_muelleri                    0.0412703 0.0474543 0.0543951 0.0524447 0.0603216 0.0529267 0.0481787 0.0499627 0.0569565 0.0629378 0.0454449 0.0591094 0.0566986 0.0000000 0.0581822 0.0507074 0.0356543 0.0559449 0.0417849 0.0553197 0.0454586 0.0608417 0.0423561 0.0440880 0.0430476 0.0530079 0.0442890 0.0632863 0.0652118 0.0452961 0.0571355 0.0561593 0.0575359 0.0574362 0.0504918 0.0637170 0.0582939 0.0570250 0.0594048 0.0549053 0.0876883 0.0927782 0.0603915 0.0729061 0.0452544 0.0561721 0.0497789 0.0598331 0.0559536 0.0436241 0.0553899 0.0546991 0.0571407 0.0517865 0.0508034 0.0472393 0.0558673 0.0568481 0.0469615 0.0451490 0.0541309 0.0450493 0.0472661 0.0497362 0.0793257 0.0602321 0.0561226 0.0476383 0.0465886 0.0547757 0.0433162 0.0430455 0.0451854 0.0540036 0.0475520 0.0571797 0.0448674 0.0378258 0.0575109 0.0526220 0.0523638 0.0488044 0.0420591 0.0446028 0.0627518 0.0402302 0.0453577 0.0441604 0.0424155 0.0548155 0.0546473 0.0465315 0.0435169 0.0518491 0.0553635 0.0491037 0.0464584 0.0417588 0.0610189 0.0459728 0.0588878 0.0635063 0.0775626 0.0537049 0.0426223 0.0468681 0.0415860 0.0626832 0.0535409 0.0515052 0.0766059 0.0429536 0.0694380 0.0478322 0.0480121 0.0408385 0.0517422 0.0651100 0.0479273 0.0649640 0.0487142 0.0522099 0.0525973 0.0418883 0.0439797 0.0409943 0.0538889 0.0455889 0.0602342 0.0523859 0.0435290 0.0605006 0.0848436 0.0522053 0.0558530 0.0406451 0.0451755 0.0454213 0.0458364 0.0436962 0.0452709 0.0570763 0.0578899 0.0558545 0.0494738 0.0587851 0.0554900 0.0481952 0.0969783 0.0443009 0.0508660 0.0619440 0.0442069 0.0440803 0.0428267 0.0443931 0.0821824 0.0428406 0.0598460 0.0607833 0.0578015 0.0599529 0.1438982 0.0552921 0.0641714 0.0601217 0.0552476 0.0503445 0.0568928 
I0200_988_Furnariidae_Furnarius_rufus                  0.0409174 0.0531518 0.0557557 0.0511600 0.0348227 0.0539349 0.0478672 0.0509193 0.0623270 0.0627286 0.0464749 0.0399882 0.0581758 0.0581822 0.0000000 0.0531923 0.0371345 0.0293102 0.0413980 0.0298960 0.0465097 0.0270349 0.0425483 0.0425177 0.0429229 0.0531378 0.0439865 0.0453455 0.0479148 0.0447344 0.0297712 0.0303675 0.0573615 0.0569479 0.0514574 0.0477148 0.0140226 0.0305893 0.0326882 0.0293617 0.0900077 0.0954430 0.0429332 0.0702741 0.0507155 0.0558125 0.0497018 0.0263870 0.0296676 0.0433022 0.0512900 0.0282322 0.0137716 0.0525970 0.0509095 0.0453681 0.0295724 0.0565224 0.0454409 0.0446725 0.0292241 0.0452612 0.0467013 0.0498653 0.0790511 0.0260342 0.0306046 0.0465548 0.0455817 0.0291161 0.0429046 0.0418069 0.0457819 0.0509570 0.0511268 0.0559774 0.0433711 0.0384429 0.0585007 0.0525068 0.0502604 0.0479507 0.0431049 0.0492738 0.0629333 0.0414008 0.0455236 0.0439471 0.0431080 0.0524672 0.0523327 0.0458284 0.0438352 0.0521966 0.0527032 0.0484538 0.0461295 0.0422534 0.0286204 0.0454009 0.0401282 0.0490475 0.0779696 0.0507942 0.0427941 0.0450624 0.0428927 0.0370291 0.0503627 0.0503579 0.0767980 0.0425497 0.0693248 0.0476185 0.0490814 0.0413783 0.0544450 0.0621545 0.0479407 0.0393157 0.0497568 0.0542331 0.0508563 0.0422494 0.0440988 0.0417486 0.0535774 0.0461210 0.0617705 0.0523067 0.0430547 0.0627737 0.0834894 0.0343581 0.0293289 0.0415409 0.0455248 0.0454933 0.0453578 0.0434992 0.0462977 0.0544901 0.0572158 0.0559467 0.0517795 0.0259780 0.0299927 0.0492619 0.1011303 0.0449239 0.0524484 0.0371969 0.0439992 0.0436413 0.0421754 0.0467523 0.0829793 0.0426852 0.0437600 0.0436061 0.0398006 0.0347227 0.1443131 0.0382600 0.0457266 0.0434138 0.0565332 0.0493123 0.0401393 
I0201_999_Scolopacidae_Tringa_solitaria                0.0333276 0.0467752 0.0475110 0.0448410 0.0560755 0.0460262 0.0382838 0.0421009 0.0574847 0.0568563 0.0375760 0.0554162 0.0501831 0.0507074 0.0531923 0.0000000 0.0291337 0.0504064 0.0323767 0.0509493 0.0309863 0.0561397 0.0351511 0.0296585 0.0339238 0.0447355 0.0311761 0.0604680 0.0629775 0.0376824 0.0519194 0.0516345 0.0523653 0.0520208 0.0423151 0.0610342 0.0526693 0.0513401 0.0534954 0.0491409 0.0816248 0.0865613 0.0573299 0.0680337 0.0457830 0.0500033 0.0425419 0.0557339 0.0507722 0.0346264 0.0471378 0.0489034 0.0527580 0.0440832 0.0422783 0.0369267 0.0514816 0.0490299 0.0385949 0.0358093 0.0503695 0.0366169 0.0401266 0.0404025 0.0716982 0.0548755 0.0512347 0.0392568 0.0384288 0.0505552 0.0382406 0.0342808 0.0292740 0.0456038 0.0469369 0.0511245 0.0354163 0.0297771 0.0532680 0.0287236 0.0438265 0.0397812 0.0326157 0.0443443 0.0575707 0.0313244 0.0312701 0.0360472 0.0333961 0.0446708 0.0446359 0.0384408 0.0302538 0.0404582 0.0473809 0.0392240 0.0378809 0.0326904 0.0567569 0.0362881 0.0546323 0.0616657 0.0698071 0.0452513 0.0327306 0.0384666 0.0325377 0.0580590 0.0428289 0.0442908 0.0699419 0.0354791 0.0638375 0.0318774 0.0398320 0.0310029 0.0440878 0.0572556 0.0387514 0.0601469 0.0330249 0.0295935 0.0430366 0.0320307 0.0354611 0.0314268 0.0474928 0.0294582 0.0548330 0.0441034 0.0337952 0.0561899 0.0775331 0.0475955 0.0506574 0.0314955 0.0369239 0.0374721 0.0366706 0.0362090 0.0366060 0.0490481 0.0504798 0.0493394 0.0133415 0.0552860 0.0520561 0.0151383 0.0911900 0.0361920 0.0427817 0.0580623 0.0350470 0.0368152 0.0334434 0.0376497 0.0759117 0.0358160 0.0572235 0.0578586 0.0534186 0.0556605 0.1433015 0.0529454 0.0604113 0.0575955 0.0305631 0.0426671 0.0521580 
I0202_1066_Cathartidae_Cathartes_burrovianus           0.0182536 0.0318092 0.0336321 0.0316363 0.0387966 0.0318035 0.0255338 0.0243141 0.0424707 0.0436997 0.0242198 0.0392416 0.0354514 0.0356543 0.0371345 0.0291337 0.0000000 0.0350322 0.0184381 0.0352566 0.0239364 0.0399487 0.0192271 0.0204525 0.0192950 0.0291673 0.0213087 0.0451379 0.0467246 0.0216757 0.0357505 0.0352105 0.0378497 0.0379285 0.0269705 0.0452769 0.0370654 0.0358232 0.0383405 0.0339420 0.0687826 0.0744278 0.0418916 0.0528848 0.0295496 0.0360302 0.0277750 0.0392255 0.0352115 0.0204790 0.0320567 0.0334977 0.0367215 0.0280105 0.0276479 0.0234672 0.0357302 0.0370900 0.0241443 0.0215908 0.0344867 0.0221441 0.0262083 0.0278474 0.0579204 0.0387202 0.0362910 0.0247788 0.0239061 0.0342720 0.0234189 0.0194385 0.0223893 0.0306333 0.0315233 0.0363776 0.0205353 0.0046085 0.0385986 0.0325403 0.0291717 0.0266525 0.0181385 0.0280098 0.0436311 0.0175290 0.0219818 0.0207192 0.0191401 0.0316466 0.0315382 0.0235944 0.0210134 0.0289855 0.0322443 0.0256481 0.0230699 0.0185583 0.0414694 0.0226033 0.0399627 0.0467729 0.0567233 0.0307469 0.0188893 0.0229884 0.0183267 0.0412553 0.0314934 0.0290433 0.0562678 0.0204650 0.0505223 0.0247835 0.0275834 0.0169395 0.0313175 0.0419503 0.0252298 0.0427594 0.0259352 0.0329202 0.0298980 0.0178208 0.0211513 0.0173326 0.0338766 0.0231071 0.0410260 0.0305475 0.0193335 0.0425678 0.0628300 0.0324037 0.0347472 0.0173202 0.0226254 0.0229491 0.0231511 0.0209491 0.0227511 0.0348479 0.0366869 0.0357389 0.0279897 0.0384883 0.0360872 0.0258760 0.0782558 0.0217756 0.0262998 0.0410624 0.0218370 0.0209471 0.0185070 0.0232865 0.0618696 0.0201805 0.0430211 0.0421929 0.0384941 0.0388315 0.1272762 0.0367098 0.0448820 0.0424663 0.0352760 0.0279509 0.0358566 
I0203_1087_Tyrannidae_Hymenops_perspicillatus          0.0387398 0.0506051 0.0539969 0.0506355 0.0335659 0.0517739 0.0467876 0.0490103 0.0604186 0.0614732 0.0447951 0.0379197 0.0564789 0.0559449 0.0293102 0.0504064 0.0350322 0.0000000 0.0404550 0.0095838 0.0439783 0.0324177 0.0401969 0.0407062 0.0418365 0.0518936 0.0420629 0.0438542 0.0464320 0.0425506 0.0175708 0.0172160 0.0562441 0.0548330 0.0490162 0.0442674 0.0294326 0.0159149 0.0172719 0.0165564 0.0860648 0.0934177 0.0398494 0.0712297 0.0484075 0.0552192 0.0481892 0.0316743 0.0165119 0.0411189 0.0499391 0.0163458 0.0293895 0.0502105 0.0497499 0.0445814 0.0078165 0.0554067 0.0438060 0.0428944 0.0163006 0.0435347 0.0452902 0.0482621 0.0782769 0.0314550 0.0172741 0.0455827 0.0439746 0.0163677 0.0421789 0.0398483 0.0428974 0.0494831 0.0499459 0.0545740 0.0417389 0.0371001 0.0568330 0.0516954 0.0476852 0.0458344 0.0402226 0.0474423 0.0623712 0.0392104 0.0431486 0.0419144 0.0414091 0.0515057 0.0521910 0.0441039 0.0414220 0.0512517 0.0516655 0.0470950 0.0440961 0.0408743 0.0330757 0.0439941 0.0381101 0.0450306 0.0771088 0.0491411 0.0407001 0.0436437 0.0405887 0.0363703 0.0499944 0.0481304 0.0757981 0.0412849 0.0695822 0.0454002 0.0479777 0.0397357 0.0513054 0.0627568 0.0462372 0.0380862 0.0477282 0.0517576 0.0510264 0.0406708 0.0432200 0.0397461 0.0529181 0.0446808 0.0587792 0.0509737 0.0413246 0.0600924 0.0827069 0.0320428 0.0170925 0.0404268 0.0442976 0.0448270 0.0439465 0.0418392 0.0442339 0.0548595 0.0557835 0.0557859 0.0497455 0.0320946 0.0101548 0.0471086 0.0986660 0.0436267 0.0500614 0.0358974 0.0426871 0.0419613 0.0405098 0.0441723 0.0836118 0.0405822 0.0408465 0.0413960 0.0371383 0.0343672 0.1419767 0.0356508 0.0432786 0.0407659 0.0554318 0.0485435 0.0384505 
I0204_1174_Threskiornithidae_Harpiprion_caerulescens   0.0231536 0.0367103 0.0386010 0.0347112 0.0444399 0.0367675 0.0290732 0.0323560 0.0485031 0.0501794 0.0272881 0.0453297 0.0415489 0.0417849 0.0413980 0.0323767 0.0184381 0.0404550 0.0000000 0.0409729 0.0274183 0.0454474 0.0239924 0.0235594 0.0202317 0.0346397 0.0257408 0.0518463 0.0536694 0.0269007 0.0416415 0.0414128 0.0417817 0.0421551 0.0320501 0.0513750 0.0418966 0.0419630 0.0443639 0.0403415 0.0694828 0.0785917 0.0482976 0.0590830 0.0358028 0.0389999 0.0326485 0.0452331 0.0407037 0.0212719 0.0366988 0.0392437 0.0411981 0.0338267 0.0314675 0.0240172 0.0406617 0.0403970 0.0287324 0.0251385 0.0401030 0.0222465 0.0292243 0.0308151 0.0632462 0.0447277 0.0420843 0.0276932 0.0288853 0.0399735 0.0283997 0.0239569 0.0261203 0.0355111 0.0375483 0.0420070 0.0210783 0.0205558 0.0431658 0.0362077 0.0344451 0.0294239 0.0200168 0.0332841 0.0486744 0.0205396 0.0252401 0.0255600 0.0205321 0.0349979 0.0344416 0.0280183 0.0241705 0.0315524 0.0374659 0.0270268 0.0267093 0.0195514 0.0474096 0.0228347 0.0457316 0.0527537 0.0613102 0.0360078 0.0192036 0.0278544 0.0201055 0.0465816 0.0338991 0.0343985 0.0600545 0.0209322 0.0558070 0.0291419 0.0303676 0.0187743 0.0339253 0.0464065 0.0284309 0.0483536 0.0295412 0.0377293 0.0335263 0.0193462 0.0243614 0.0188383 0.0366112 0.0271050 0.0465973 0.0341927 0.0206094 0.0480961 0.0672644 0.0384098 0.0404996 0.0184270 0.0233903 0.0258940 0.0238040 0.0251613 0.0258851 0.0377219 0.0395514 0.0383318 0.0310982 0.0446026 0.0419112 0.0292216 0.0842500 0.0251950 0.0323388 0.0464706 0.0242125 0.0260819 0.0194100 0.0281148 0.0656727 0.0246980 0.0487949 0.0482094 0.0450187 0.0445387 0.1364047 0.0428712 0.0508467 0.0485916 0.0394014 0.0332914 0.0410565 
I0205_1183_Tyrannidae_Hirundinea_ferruginea            0.0389340 0.0504977 0.0543033 0.0508759 0.0335602 0.0520307 0.0472387 0.0497952 0.0607142 0.0613959 0.0446674 0.0380323 0.0569182 0.0553197 0.0298960 0.0509493 0.0352566 0.0095838 0.0409729 0.0000000 0.0441774 0.0328994 0.0405720 0.0413660 0.0423260 0.0525003 0.0428013 0.0442692 0.0462547 0.0429354 0.0179662 0.0173044 0.0557422 0.0553653 0.0496031 0.0449407 0.0298033 0.0154053 0.0173024 0.0164397 0.0871663 0.0930819 0.0410504 0.0714694 0.0483616 0.0552133 0.0482864 0.0319787 0.0164348 0.0421900 0.0510803 0.0164023 0.0295753 0.0515645 0.0502041 0.0444572 0.0099255 0.0553132 0.0441755 0.0432491 0.0163301 0.0443900 0.0452893 0.0486813 0.0785068 0.0317424 0.0172989 0.0461801 0.0441403 0.0163717 0.0426682 0.0406312 0.0437027 0.0502823 0.0505522 0.0546100 0.0422763 0.0376501 0.0569444 0.0526701 0.0486564 0.0460386 0.0412048 0.0469442 0.0622759 0.0391283 0.0436004 0.0422376 0.0416813 0.0509285 0.0516730 0.0446437 0.0417640 0.0512432 0.0517240 0.0474669 0.0443734 0.0411365 0.0336440 0.0444006 0.0380180 0.0457255 0.0773776 0.0497942 0.0410825 0.0438768 0.0408490 0.0358476 0.0502938 0.0488932 0.0758286 0.0414023 0.0698747 0.0456263 0.0474939 0.0398080 0.0522910 0.0618003 0.0467265 0.0385594 0.0476514 0.0518210 0.0502145 0.0410251 0.0431775 0.0402723 0.0526007 0.0448537 0.0597902 0.0510621 0.0417097 0.0611777 0.0831652 0.0324101 0.0170693 0.0405233 0.0447593 0.0447750 0.0444022 0.0422023 0.0441730 0.0550871 0.0557582 0.0558574 0.0497404 0.0324300 0.0107928 0.0475257 0.0981895 0.0435969 0.0506532 0.0353758 0.0427700 0.0420076 0.0409823 0.0442357 0.0829251 0.0409710 0.0412773 0.0420019 0.0374174 0.0340356 0.1410473 0.0357092 0.0444230 0.0413978 0.0558842 0.0486789 0.0390985 
I0206_1192_Laridae_Chroicocephalus_cirrocephalus       0.0282481 0.0410367 0.0432443 0.0396140 0.0480192 0.0420756 0.0330384 0.0375077 0.0526536 0.0537537 0.0325554 0.0489288 0.0463008 0.0454586 0.0465097 0.0309863 0.0239364 0.0439783 0.0274183 0.0441774 0.0000000 0.0490963 0.0291626 0.0248157 0.0281326 0.0395542 0.0270011 0.0555302 0.0568444 0.0321434 0.0450902 0.0445995 0.0457195 0.0459003 0.0375962 0.0551944 0.0464296 0.0454543 0.0467389 0.0428214 0.0777638 0.0821375 0.0519440 0.0618716 0.0398440 0.0433797 0.0372050 0.0483761 0.0436565 0.0295425 0.0410356 0.0426919 0.0455715 0.0387010 0.0360523 0.0315740 0.0444022 0.0448289 0.0330414 0.0308583 0.0433842 0.0313203 0.0350076 0.0352774 0.0663128 0.0484884 0.0449635 0.0336198 0.0333412 0.0439372 0.0332519 0.0287103 0.0088811 0.0405014 0.0412259 0.0466061 0.0298119 0.0260617 0.0475836 0.0347948 0.0396501 0.0339179 0.0275584 0.0371733 0.0534473 0.0261405 0.0262509 0.0307146 0.0276548 0.0394878 0.0392334 0.0326099 0.0255504 0.0373690 0.0424621 0.0345679 0.0322337 0.0269300 0.0509135 0.0313162 0.0496741 0.0560591 0.0647450 0.0412533 0.0273729 0.0327848 0.0278190 0.0499598 0.0383352 0.0393987 0.0635442 0.0293182 0.0608369 0.0114478 0.0353609 0.0261803 0.0397768 0.0515483 0.0331630 0.0528042 0.0194987 0.0354959 0.0376030 0.0267224 0.0298023 0.0264896 0.0418389 0.0126767 0.0503958 0.0389675 0.0277998 0.0516907 0.0716879 0.0423817 0.0438468 0.0261442 0.0312913 0.0313081 0.0312278 0.0319031 0.0315356 0.0429440 0.0447609 0.0435675 0.0300023 0.0481753 0.0448571 0.0280342 0.0869871 0.0298954 0.0376709 0.0500963 0.0294122 0.0312337 0.0279309 0.0341749 0.0693999 0.0309804 0.0524955 0.0518264 0.0483454 0.0486948 0.1372233 0.0472405 0.0538838 0.0526114 0.0379999 0.0373885 0.0451350 
I0207_1193_Thamnophilidae_Thamnophilus_ruficapillus    0.0439585 0.0559527 0.0588538 0.0554131 0.0373263 0.0570806 0.0525135 0.0544681 0.0652269 0.0655614 0.0493976 0.0437954 0.0623136 0.0608417 0.0270349 0.0561397 0.0399487 0.0324177 0.0454474 0.0328994 0.0490963 0.0000000 0.0453746 0.0456573 0.0470224 0.0564534 0.0473183 0.0491014 0.0507308 0.0479267 0.0324072 0.0330348 0.0631594 0.0624931 0.0547534 0.0500699 0.0269613 0.0331666 0.0351424 0.0312526 0.0917503 0.0967882 0.0465096 0.0745741 0.0536507 0.0593214 0.0530481 0.0148372 0.0328003 0.0468725 0.0537670 0.0308467 0.0269378 0.0561667 0.0544300 0.0498809 0.0326581 0.0606882 0.0489742 0.0483984 0.0312365 0.0478024 0.0506141 0.0528617 0.0821752 0.0139353 0.0333812 0.0504348 0.0487797 0.0320839 0.0463862 0.0454702 0.0487289 0.0536017 0.0538979 0.0591010 0.0469393 0.0417892 0.0640156 0.0560792 0.0526557 0.0518661 0.0466121 0.0518302 0.0660388 0.0447803 0.0488249 0.0472491 0.0468079 0.0558577 0.0565919 0.0488912 0.0466640 0.0552946 0.0558148 0.0512913 0.0495365 0.0462354 0.0292500 0.0485967 0.0437754 0.0511452 0.0806596 0.0536000 0.0449658 0.0483747 0.0457265 0.0391840 0.0546607 0.0531522 0.0791981 0.0468532 0.0745289 0.0503370 0.0529036 0.0454203 0.0564824 0.0660592 0.0510458 0.0417086 0.0525644 0.0582375 0.0547088 0.0458948 0.0477074 0.0455850 0.0574812 0.0495423 0.0655372 0.0550885 0.0468372 0.0659675 0.0852992 0.0381518 0.0318835 0.0451786 0.0489549 0.0495652 0.0495639 0.0468183 0.0496796 0.0590695 0.0608197 0.0596928 0.0549623 0.0290858 0.0331801 0.0521155 0.1029660 0.0480778 0.0558506 0.0395076 0.0483881 0.0470068 0.0453306 0.0497663 0.0859951 0.0458990 0.0464247 0.0468419 0.0433679 0.0370947 0.1464439 0.0422548 0.0492662 0.0460811 0.0593694 0.0533126 0.0423454 
