169
I0185_86_Accipitridae_Buteo_jamaicensis                0.0000000 0.0371368 0.0382387 0.0383573 0.0436193 0.0372988 0.0310714 0.0346932 0.0477357 0.0499157 0.0293326 0.0443318 0.0418280 0.0423504 0.0420322 0.0343577 0.0189068 0.0397948 0.0239408 0.0400183 0.0291940 0.0450971 0.0252971 0.0254101 0.0248567 0.0375383 0.0272503 0.0513338 0.0528623 0.0265228 0.0415438 0.0408320 0.0436627 0.0436069 0.0345671 0.0500510 0.0427619 0.0417091 0.0435043 0.0391530 0.0747301 0.0793898 0.0478965 0.0575324 0.0362632 0.0412222 0.0329636 0.0442878 0.0409838 0.0264722 0.0374714 0.0385687 0.0420139 0.0358830 0.0338734 0.0287184 0.0408564 0.0432626 0.0293913 0.0272759 0.0398652 0.0277808 0.0313784 0.0337576 0.0637714 0.0445891 0.0411718 0.0301034 0.0291147 0.0399706 0.0292023 0.0072074 0.0279712 0.0360841 0.0372481 0.0418044 0.0262853 0.0210624 0.0452043 0.0386815 0.0345929 0.0312557 0.0240098 0.0337487 0.0497891 0.0230011 0.0272361 0.0214277 0.0245803 0.0369609 0.0371148 0.0285661 0.0255909 0.0353265 0.0380419 0.0312873 0.0277767 0.0237530 0.0470222 0.0284928 0.0452452 0.0519359 0.0617337 0.0358519 0.0241693 0.0171859 0.0242019 0.0460280 0.0366897 0.0339313 0.0611863 0.0261794 0.0573241 0.0307403 0.0331016 0.0225501 0.0367784 0.0497924 0.0312205 0.0485489 0.0317242 0.0395413 0.0346104 0.0233925 0.0265839 0.0226805 0.0389054 0.0283350 0.0457375 0.0357386 0.0249251 0.0474916 0.0695172 0.0371906 0.0399071 0.0223830 0.0285556 0.0283795 0.0281898 0.0262373 0.0275581 0.0400645 0.0429308 0.0412169 0.0332511 0.0450632 0.0410056 0.0312200 0.0845874 0.0273176 0.0349745 0.0456185 0.0273029 0.0183727 0.0239335 0.0291244 0.0672590 0.0249503 0.0481993 0.0472521 0.0438231 0.0439713 0.1334328 0.0419084 0.0505446 0.0488571 0.0410306 0.0332072 0.0416594 
I0186_111_Momotidae_Momotus_lessonii                   0.0371368 0.0000000 0.0510575 0.0486635 0.0548642 0.0495256 0.0436028 0.0476311 0.0482575 0.0582460 0.0420310 0.0554817 0.0535670 0.0486709 0.0543789 0.0479711 0.0327947 0.0517757 0.0377756 0.0516734 0.0422454 0.0571643 0.0378778 0.0395503 0.0389818 0.0506215 0.0407264 0.0605650 0.0624232 0.0404298 0.0524081 0.0521405 0.0544522 0.0538441 0.0480587 0.0606882 0.0545478 0.0527665 0.0541083 0.0500900 0.0848976 0.0900192 0.0574120 0.0688510 0.0386383 0.0531545 0.0456544 0.0550657 0.0516202 0.0392901 0.0506487 0.0499270 0.0533574 0.0496165 0.0459861 0.0423619 0.0524441 0.0533393 0.0424227 0.0409416 0.0505837 0.0413590 0.0442854 0.0451257 0.0760760 0.0557486 0.0526823 0.0432651 0.0422336 0.0510561 0.0408435 0.0376922 0.0408097 0.0489515 0.0385368 0.0512301 0.0405485 0.0345853 0.0555474 0.0496290 0.0469556 0.0449413 0.0377825 0.0397811 0.0596159 0.0372416 0.0414036 0.0395685 0.0389032 0.0508938 0.0505510 0.0418735 0.0402064 0.0483280 0.0511340 0.0449965 0.0423531 0.0379817 0.0578610 0.0418868 0.0569607 0.0614513 0.0745937 0.0485710 0.0374838 0.0414783 0.0377756 0.0585625 0.0483547 0.0472094 0.0737729 0.0399037 0.0659070 0.0436356 0.0455160 0.0377032 0.0492378 0.0605654 0.0431348 0.0604250 0.0444689 0.0499782 0.0479673 0.0384340 0.0399136 0.0376335 0.0504567 0.0414281 0.0582564 0.0498021 0.0389124 0.0593086 0.0809946 0.0486611 0.0509379 0.0368512 0.0426961 0.0416551 0.0416695 0.0405086 0.0415419 0.0526234 0.0550644 0.0527457 0.0464294 0.0566894 0.0522418 0.0436546 0.0958342 0.0396917 0.0483097 0.0571099 0.0410705 0.0397807 0.0390433 0.0425715 0.0793128 0.0395541 0.0578387 0.0575285 0.0546619 0.0556335 0.1425046 0.0536068 0.0613225 0.0575173 0.0530271 0.0454289 0.0532959 
I0187_115_Trogonidae_Trogon_elegans                    0.0382387 0.0510575 0.0000000 0.0512603 0.0592117 0.0174986 0.0454786 0.0489202 0.0599209 0.0635511 0.0449753 0.0595590 0.0568888 0.0554928 0.0569339 0.0486750 0.0345960 0.0550978 0.0396474 0.0554484 0.0444101 0.0600446 0.0400860 0.0410341 0.0409038 0.0507784 0.0427186 0.0645919 0.0655829 0.0420743 0.0566459 0.0553763 0.0575894 0.0574693 0.0485225 0.0649889 0.0569754 0.0562701 0.0581580 0.0545506 0.0887742 0.0942241 0.0615572 0.0716772 0.0503064 0.0551989 0.0475102 0.0585870 0.0554540 0.0412774 0.0521656 0.0539835 0.0563432 0.0506328 0.0494756 0.0448186 0.0559846 0.0559972 0.0441102 0.0434220 0.0536875 0.0429854 0.0461606 0.0479157 0.0791022 0.0595206 0.0558689 0.0453532 0.0438571 0.0545479 0.0429702 0.0394160 0.0426720 0.0514436 0.0510022 0.0563941 0.0428655 0.0363850 0.0589365 0.0520354 0.0499228 0.0461009 0.0391235 0.0487527 0.0628292 0.0389269 0.0424363 0.0410331 0.0404129 0.0517024 0.0515226 0.0434656 0.0410834 0.0496170 0.0534133 0.0459572 0.0447247 0.0396440 0.0608991 0.0439143 0.0595921 0.0655366 0.0775532 0.0505801 0.0402932 0.0436254 0.0395277 0.0613396 0.0515872 0.0500274 0.0774289 0.0415220 0.0690069 0.0457315 0.0477880 0.0385879 0.0513450 0.0621364 0.0456140 0.0628551 0.0463847 0.0531290 0.0504681 0.0387842 0.0412898 0.0385456 0.0533877 0.0437904 0.0606346 0.0522766 0.0406170 0.0621553 0.0844287 0.0526184 0.0550209 0.0387433 0.0444084 0.0430343 0.0432973 0.0407541 0.0428579 0.0545709 0.0569799 0.0553648 0.0483658 0.0583637 0.0555852 0.0461514 0.0988321 0.0422066 0.0493499 0.0607988 0.0424930 0.0422878 0.0402040 0.0447285 0.0838279 0.0401347 0.0618102 0.0610314 0.0582894 0.0582899 0.1431474 0.0562856 0.0649323 0.0624685 0.0552802 0.0481103 0.0556294 
I0188_135_Apodidae_Streptoprocne_zonaris               0.0383573 0.0486635 0.0512603 0.0000000 0.0550126 0.0496574 0.0433623 0.0448343 0.0581423 0.0598713 0.0424650 0.0563677 0.0539715 0.0537057 0.0524349 0.0460943 0.0326741 0.0519028 0.0357691 0.0521731 0.0408408 0.0566956 0.0371370 0.0368518 0.0368111 0.0475657 0.0395348 0.0603867 0.0632456 0.0398303 0.0515592 0.0516778 0.0434015 0.0436090 0.0445421 0.0616777 0.0532178 0.0519775 0.0540433 0.0507582 0.0838057 0.0892756 0.0584980 0.0696139 0.0492727 0.0503990 0.0456249 0.0552648 0.0513019 0.0378257 0.0489203 0.0493930 0.0518610 0.0462227 0.0431245 0.0403970 0.0518393 0.0227640 0.0421601 0.0376674 0.0504506 0.0392189 0.0401726 0.0423056 0.0752634 0.0560519 0.0527375 0.0419513 0.0420386 0.0508994 0.0398154 0.0383865 0.0398458 0.0475900 0.0491173 0.0524757 0.0381009 0.0355734 0.0449914 0.0482567 0.0460282 0.0416770 0.0362638 0.0464232 0.0604450 0.0351533 0.0394035 0.0397788 0.0357439 0.0479926 0.0477475 0.0411019 0.0386050 0.0469496 0.0495577 0.0412451 0.0412896 0.0363918 0.0585258 0.0393188 0.0565887 0.0635185 0.0738349 0.0483925 0.0362942 0.0418459 0.0361915 0.0574042 0.0205160 0.0459496 0.0721377 0.0379825 0.0654952 0.0419822 0.0385548 0.0356657 0.0477850 0.0573883 0.0402927 0.0582523 0.0420470 0.0485073 0.0454508 0.0359768 0.0376972 0.0359067 0.0492051 0.0398387 0.0582191 0.0461577 0.0365071 0.0587108 0.0794277 0.0487471 0.0505042 0.0342233 0.0392790 0.0396037 0.0404201 0.0396964 0.0404787 0.0494812 0.0509494 0.0505073 0.0442115 0.0546184 0.0520528 0.0421092 0.0947045 0.0382628 0.0455136 0.0577067 0.0383900 0.0404767 0.0372866 0.0419044 0.0781413 0.0388192 0.0585975 0.0575670 0.0553613 0.0538810 0.1401740 0.0545520 0.0614121 0.0573608 0.0507529 0.0458909 0.0511655 
I0189_225_Eurylaimidae_Smithornis_rufolateralis        0.0436193 0.0548642 0.0592117 0.0550126 0.0000000 0.0575441 0.0512475 0.0544041 0.0642979 0.0672865 0.0488380 0.0426627 0.0607437 0.0615571 0.0358530 0.0573112 0.0398916 0.0345459 0.0456131 0.0345688 0.0492999 0.0383702 0.0447133 0.0458060 0.0461536 0.0568669 0.0480039 0.0484752 0.0518841 0.0472158 0.0344059 0.0342198 0.0616373 0.0605940 0.0547586 0.0485048 0.0361562 0.0356014 0.0363552 0.0336845 0.0920435 0.0983370 0.0462105 0.0746396 0.0543616 0.0585986 0.0523446 0.0375458 0.0344397 0.0477846 0.0534272 0.0329044 0.0359913 0.0553909 0.0538264 0.0497049 0.0349625 0.0604789 0.0484143 0.0479427 0.0341987 0.0479654 0.0501341 0.0523374 0.0824760 0.0378500 0.0348916 0.0504730 0.0482883 0.0339537 0.0463234 0.0446547 0.0485985 0.0535954 0.0534512 0.0581694 0.0455839 0.0424123 0.0621263 0.0567033 0.0519325 0.0516076 0.0463193 0.0515253 0.0669780 0.0445530 0.0489173 0.0463263 0.0454642 0.0550972 0.0563690 0.0488169 0.0468550 0.0550527 0.0552320 0.0509057 0.0488805 0.0455720 0.0411079 0.0494183 0.0445973 0.0510750 0.0814311 0.0523313 0.0454717 0.0481282 0.0456849 0.0296632 0.0546115 0.0530794 0.0798386 0.0463900 0.0735287 0.0498981 0.0518410 0.0453382 0.0561647 0.0646378 0.0511742 0.0327296 0.0530588 0.0580857 0.0540367 0.0457309 0.0486365 0.0455604 0.0569520 0.0494689 0.0646398 0.0540371 0.0467461 0.0655638 0.0864471 0.0371178 0.0338892 0.0446893 0.0483683 0.0495765 0.0494045 0.0461494 0.0491387 0.0582159 0.0596887 0.0599259 0.0556118 0.0383776 0.0349713 0.0524084 0.1042248 0.0485044 0.0553911 0.0299024 0.0476351 0.0462561 0.0456159 0.0500884 0.0864458 0.0457378 0.0465447 0.0459764 0.0419588 0.0225701 0.1455354 0.0427467 0.0484854 0.0464116 0.0607358 0.0530333 0.0410712 
I0190_295_Trogonidae_Apaloderma_aequatoriale           0.0372988 0.0495256 0.0174986 0.0496574 0.0575441 0.0000000 0.0429988 0.0469760 0.0585449 0.0624798 0.0422067 0.0575171 0.0548765 0.0540217 0.0551035 0.0471492 0.0327384 0.0528912 0.0377767 0.0531905 0.0432225 0.0582716 0.0393006 0.0397622 0.0393958 0.0496528 0.0410688 0.0628421 0.0643245 0.0405217 0.0544911 0.0529941 0.0553196 0.0552035 0.0469870 0.0632561 0.0560392 0.0538515 0.0561847 0.0526135 0.0873793 0.0927719 0.0597490 0.0695134 0.0486794 0.0537704 0.0459441 0.0568173 0.0536814 0.0401452 0.0506041 0.0525869 0.0545893 0.0491334 0.0477944 0.0433378 0.0540128 0.0548906 0.0425207 0.0417160 0.0520961 0.0418427 0.0450472 0.0467443 0.0772943 0.0576305 0.0545699 0.0436564 0.0424596 0.0529752 0.0414436 0.0383425 0.0422628 0.0501851 0.0499364 0.0544085 0.0398783 0.0347892 0.0569965 0.0515122 0.0483940 0.0450392 0.0371949 0.0475577 0.0624686 0.0368287 0.0411500 0.0396873 0.0387882 0.0501047 0.0499797 0.0420406 0.0396783 0.0488796 0.0515545 0.0450404 0.0431700 0.0384816 0.0592787 0.0427497 0.0581851 0.0636324 0.0762517 0.0495935 0.0385101 0.0421011 0.0375686 0.0601501 0.0498271 0.0484120 0.0755841 0.0400122 0.0672354 0.0444104 0.0461089 0.0366778 0.0495600 0.0607603 0.0445583 0.0614451 0.0453301 0.0516617 0.0491653 0.0373784 0.0397969 0.0370044 0.0522523 0.0427601 0.0604461 0.0507329 0.0387964 0.0606066 0.0821868 0.0506990 0.0535457 0.0365361 0.0420481 0.0410649 0.0417872 0.0395378 0.0409805 0.0536486 0.0554432 0.0544891 0.0463451 0.0566142 0.0537142 0.0445726 0.0969546 0.0404727 0.0479212 0.0596800 0.0406817 0.0409416 0.0388765 0.0429859 0.0816544 0.0388762 0.0604372 0.0599123 0.0568086 0.0567881 0.1421039 0.0548780 0.0634016 0.0612061 0.0538033 0.0467137 0.0545197 
I0192_375_Musophagidae_Tauraco_macrorhynchus           0.0310714 0.0436028 0.0454786 0.0433623 0.0512475 0.0429988 0.0000000 0.0390107 0.0546362 0.0575735 0.0194382 0.0522406 0.0494141 0.0492985 0.0490472 0.0393490 0.0263432 0.0478876 0.0299712 0.0483652 0.0340684 0.0536729 0.0322175 0.0305997 0.0296568 0.0416672 0.0323576 0.0578938 0.0595398 0.0338497 0.0491644 0.0487087 0.0496257 0.0493228 0.0392864 0.0581172 0.0491134 0.0493919 0.0513273 0.0469559 0.0789747 0.0845510 0.0544084 0.0665666 0.0420071 0.0477234 0.0398821 0.0520143 0.0481739 0.0312572 0.0440644 0.0458129 0.0476808 0.0401979 0.0402318 0.0340886 0.0485397 0.0488016 0.0358431 0.0325099 0.0469581 0.0340696 0.0370756 0.0396613 0.0683340 0.0523884 0.0487917 0.0361647 0.0362078 0.0472434 0.0353041 0.0312864 0.0326413 0.0430677 0.0443966 0.0494911 0.0315320 0.0290385 0.0512897 0.0433343 0.0414534 0.0363108 0.0298719 0.0410588 0.0567468 0.0288219 0.0326026 0.0324473 0.0302734 0.0433883 0.0433118 0.0359917 0.0316037 0.0393178 0.0451099 0.0368688 0.0336953 0.0289438 0.0540277 0.0333564 0.0525954 0.0599484 0.0670786 0.0425095 0.0301612 0.0351279 0.0292322 0.0537614 0.0426755 0.0414139 0.0665360 0.0316135 0.0628051 0.0355521 0.0377534 0.0283336 0.0413800 0.0544959 0.0368295 0.0554644 0.0355174 0.0440965 0.0402826 0.0287350 0.0324180 0.0281026 0.0445957 0.0332109 0.0521655 0.0410671 0.0301964 0.0530034 0.0738321 0.0458320 0.0474426 0.0280576 0.0336963 0.0336427 0.0338488 0.0334341 0.0332736 0.0456648 0.0478645 0.0468478 0.0385125 0.0515056 0.0488526 0.0370953 0.0888131 0.0331781 0.0390362 0.0531117 0.0324895 0.0339785 0.0301379 0.0358046 0.0724241 0.0324476 0.0557085 0.0551652 0.0510879 0.0514052 0.1369899 0.0499395 0.0577084 0.0551315 0.0465212 0.0410762 0.0483672 
I0193_447_Columbidae_Treron_calvus                     0.0346932 0.0476311 0.0489202 0.0448343 0.0544041 0.0469760 0.0390107 0.0000000 0.0560936 0.0601138 0.0386718 0.0538702 0.0511008 0.0510588 0.0520772 0.0432189 0.0251059 0.0501063 0.0333021 0.0509270 0.0385897 0.0556174 0.0358999 0.0341544 0.0343522 0.0163615 0.0360832 0.0594540 0.0607518 0.0382171 0.0510588 0.0512561 0.0514990 0.0515915 0.0145038 0.0600814 0.0519881 0.0517490 0.0540062 0.0497315 0.0821306 0.0871738 0.0567841 0.0672574 0.0454761 0.0505014 0.0436914 0.0546517 0.0508358 0.0352825 0.0485195 0.0488311 0.0517611 0.0159682 0.0419504 0.0376303 0.0511870 0.0499017 0.0409973 0.0358304 0.0496723 0.0369478 0.0401437 0.0418216 0.0725621 0.0541384 0.0521242 0.0399953 0.0405881 0.0503158 0.0261400 0.0350796 0.0370852 0.0478410 0.0473937 0.0525626 0.0352508 0.0323300 0.0516555 0.0466325 0.0460937 0.0398100 0.0338452 0.0433015 0.0589669 0.0319331 0.0358802 0.0368857 0.0337110 0.0448469 0.0444573 0.0389432 0.0345825 0.0433551 0.0484650 0.0399926 0.0379365 0.0335145 0.0569798 0.0365811 0.0546463 0.0608679 0.0705558 0.0469057 0.0338317 0.0398524 0.0337433 0.0577392 0.0438579 0.0457710 0.0695582 0.0348198 0.0651226 0.0395383 0.0406175 0.0317590 0.0444078 0.0569146 0.0396344 0.0583921 0.0400440 0.0462114 0.0439660 0.0324413 0.0365241 0.0322481 0.0471713 0.0374740 0.0568957 0.0446796 0.0342274 0.0572526 0.0770758 0.0475718 0.0495074 0.0319130 0.0372403 0.0372471 0.0367591 0.0374171 0.0363908 0.0502921 0.0512693 0.0494086 0.0420197 0.0536901 0.0514539 0.0398889 0.0908313 0.0365666 0.0133932 0.0561339 0.0349951 0.0375970 0.0331691 0.0396542 0.0756145 0.0364693 0.0573393 0.0567028 0.0528056 0.0544139 0.1385339 0.0511923 0.0590303 0.0561172 0.0494949 0.0440944 0.0519584 
I0194_495_Alcedinidae_Alcedo_quadribrachys             0.0477357 0.0482575 0.0599209 0.0581423 0.0642979 0.0585449 0.0546362 0.0560936 0.0000000 0.0662455 0.0538422 0.0645422 0.0647491 0.0582898 0.0636339 0.0588195 0.0436295 0.0616447 0.0497506 0.0620045 0.0540622 0.0665091 0.0479153 0.0507387 0.0509238 0.0591653 0.0514035 0.0672854 0.0704969 0.0524074 0.0626255 0.0616262 0.0636996 0.0634445 0.0558839 0.0679208 0.0640509 0.0623359 0.0641341 0.0599181 0.0918679 0.0974202 0.0654497 0.0780418 0.0481100 0.0624738 0.0566729 0.0655682 0.0616728 0.0504542 0.0602429 0.0603542 0.0621627 0.0573984 0.0573331 0.0541923 0.0620933 0.0611873 0.0537798 0.0511032 0.0607364 0.0522541 0.0547162 0.0553136 0.0855140 0.0653001 0.0617967 0.0526315 0.0535039 0.0613212 0.0495645 0.0486672 0.0531171 0.0596468 0.0396391 0.0610551 0.0515410 0.0470030 0.0643282 0.0610865 0.0578031 0.0561308 0.0494243 0.0511717 0.0672625 0.0478717 0.0523332 0.0490187 0.0497743 0.0588931 0.0586680 0.0529460 0.0511517 0.0592012 0.0615124 0.0554511 0.0529904 0.0502282 0.0666347 0.0525768 0.0647176 0.0691326 0.0832188 0.0594184 0.0496759 0.0532503 0.0500949 0.0675677 0.0572885 0.0576589 0.0823754 0.0508689 0.0745905 0.0553164 0.0562168 0.0495373 0.0599389 0.0684898 0.0539459 0.0678764 0.0552634 0.0631290 0.0581859 0.0497729 0.0506116 0.0498350 0.0594317 0.0535200 0.0666315 0.0588363 0.0499948 0.0678609 0.0902563 0.0585628 0.0609146 0.0485096 0.0525798 0.0518187 0.0528992 0.0510976 0.0518147 0.0618352 0.0639256 0.0613220 0.0581217 0.0653923 0.0616371 0.0546766 0.1046512 0.0508650 0.0567825 0.0658505 0.0519603 0.0502511 0.0494930 0.0519207 0.0892286 0.0497359 0.0644172 0.0658457 0.0633686 0.0650627 0.1458997 0.0625965 0.0683532 0.0656304 0.0639372 0.0570717 0.0617565 
I0195_522_Ramphastidae_Buccanodon_duchaillui           0.0499157 0.0582460 0.0635511 0.0598713 0.0672865 0.0624798 0.0575735 0.0601138 0.0662455 0.0000000 0.0556512 0.0665392 0.0636383 0.0648673 0.0646376 0.0587258 0.0453661 0.0633466 0.0519668 0.0633263 0.0556513 0.0674641 0.0508138 0.0518943 0.0529788 0.0612679 0.0534256 0.0700490 0.0738656 0.0533230 0.0637580 0.0630949 0.0673827 0.0663919 0.0591333 0.0706463 0.0659481 0.0631270 0.0650821 0.0621759 0.0935528 0.1003207 0.0688706 0.0789086 0.0590889 0.0639262 0.0574545 0.0667898 0.0629006 0.0532783 0.0596431 0.0616681 0.0647368 0.0608470 0.0603586 0.0551355 0.0631243 0.0640273 0.0548780 0.0536680 0.0614386 0.0546840 0.0561291 0.0579830 0.0881429 0.0673534 0.0641462 0.0547298 0.0551350 0.0617572 0.0473465 0.0518438 0.0545475 0.0592288 0.0575740 0.0587784 0.0528500 0.0479646 0.0674993 0.0579427 0.0578817 0.0582732 0.0523962 0.0555531 0.0246055 0.0505278 0.0537193 0.0518063 0.0522742 0.0610723 0.0629434 0.0529169 0.0524989 0.0611042 0.0607485 0.0565351 0.0554192 0.0521605 0.0702846 0.0547155 0.0670052 0.0732220 0.0870532 0.0587825 0.0513228 0.0535668 0.0517995 0.0685911 0.0603280 0.0572960 0.0855524 0.0524911 0.0751056 0.0562535 0.0575635 0.0511601 0.0616332 0.0709213 0.0560186 0.0703405 0.0576011 0.0589451 0.0590392 0.0521347 0.0536498 0.0512973 0.0624407 0.0551001 0.0700829 0.0594455 0.0523753 0.0709076 0.0923789 0.0623758 0.0623899 0.0520604 0.0537925 0.0551739 0.0549061 0.0531045 0.0556205 0.0640170 0.0630594 0.0640138 0.0579700 0.0667757 0.0635696 0.0547366 0.1074656 0.0535776 0.0608026 0.0685918 0.0536602 0.0511900 0.0511893 0.0548860 0.0897668 0.0523944 0.0679284 0.0689451 0.0662796 0.0672847 0.1454591 0.0656303 0.0721948 0.0675326 0.0627495 0.0568541 0.0627103 
I0196_523_Musophagidae_Corythaeola_cristata            0.0293326 0.0420310 0.0449753 0.0424650 0.0488380 0.0422067 0.0194382 0.0386718 0.0538422 0.0556512 0.0000000 0.0512810 0.0475486 0.0466178 0.0476340 0.0386240 0.0250095 0.0458918 0.0281499 0.0457736 0.0335454 0.0505841 0.0307551 0.0296946 0.0283936 0.0415059 0.0319959 0.0568640 0.0576111 0.0335933 0.0472831 0.0458322 0.0472469 0.0474610 0.0388040 0.0566770 0.0475846 0.0474210 0.0491368 0.0448190 0.0779233 0.0835651 0.0534543 0.0653183 0.0415397 0.0467219 0.0388514 0.0498832 0.0461322 0.0304277 0.0433113 0.0437905 0.0471327 0.0397740 0.0380384 0.0328835 0.0468330 0.0475449 0.0349197 0.0315958 0.0448134 0.0324004 0.0360744 0.0372508 0.0671785 0.0499191 0.0462853 0.0348120 0.0354058 0.0453229 0.0347907 0.0298954 0.0320282 0.0424078 0.0431850 0.0481178 0.0309004 0.0269520 0.0490498 0.0421197 0.0410147 0.0355644 0.0287258 0.0402712 0.0550353 0.0276798 0.0315022 0.0321021 0.0285085 0.0417246 0.0417455 0.0358693 0.0307887 0.0374703 0.0445723 0.0352535 0.0335773 0.0277768 0.0521834 0.0321431 0.0505349 0.0580884 0.0659081 0.0424897 0.0286598 0.0342356 0.0283141 0.0514852 0.0416581 0.0408035 0.0651511 0.0304105 0.0610560 0.0352906 0.0370351 0.0276621 0.0398693 0.0545660 0.0348787 0.0546521 0.0357770 0.0426908 0.0388200 0.0284077 0.0314547 0.0274422 0.0432814 0.0321112 0.0523801 0.0399360 0.0291316 0.0534329 0.0724457 0.0437904 0.0453258 0.0263875 0.0324271 0.0325511 0.0324407 0.0326753 0.0324055 0.0461337 0.0472972 0.0452784 0.0377416 0.0494107 0.0472651 0.0359057 0.0871744 0.0318188 0.0390815 0.0512052 0.0301422 0.0327299 0.0289225 0.0343035 0.0705573 0.0315233 0.0539133 0.0539226 0.0499798 0.0488729 0.1381008 0.0475500 0.0565483 0.0537971 0.0444551 0.0402173 0.0472109 
I0197_832_Corvidae_Corvus_albus                        0.0443318 0.0554817 0.0595590 0.0563677 0.0426627 0.0575171 0.0522406 0.0538702 0.0645422 0.0665392 0.0512810 0.0000000 0.0605830 0.0602732 0.0410563 0.0566214 0.0403483 0.0389452 0.0464728 0.0390898 0.0502154 0.0448996 0.0459621 0.0464906 0.0467311 0.0569487 0.0485941 0.0287598 0.0306689 0.0475525 0.0392656 0.0392009 0.0617994 0.0609777 0.0546856 0.0295031 0.0413000 0.0396923 0.0418428 0.0373009 0.0906912 0.0963617 0.0262060 0.0747733 0.0544164 0.0590464 0.0538452 0.0431552 0.0386548 0.0469130 0.0549291 0.0372379 0.0414173 0.0559059 0.0548619 0.0499918 0.0387840 0.0608584 0.0493467 0.0488457 0.0382422 0.0477713 0.0505681 0.0536128 0.0827628 0.0440005 0.0392380 0.0509184 0.0489457 0.0382030 0.0474705 0.0450015 0.0496496 0.0543747 0.0548547 0.0592083 0.0472980 0.0431106 0.0619515 0.0577890 0.0523916 0.0532251 0.0466245 0.0524490 0.0669049 0.0442483 0.0491588 0.0474190 0.0465016 0.0565536 0.0567936 0.0494202 0.0478794 0.0559552 0.0564117 0.0514840 0.0497451 0.0460668 0.0455804 0.0490276 0.0313653 0.0335137 0.0810881 0.0538337 0.0466216 0.0494591 0.0455721 0.0442933 0.0556464 0.0531064 0.0803343 0.0472297 0.0739513 0.0515422 0.0526160 0.0444582 0.0567836 0.0669444 0.0517634 0.0478488 0.0526229 0.0587077 0.0555421 0.0451902 0.0480065 0.0447077 0.0587711 0.0500442 0.0645417 0.0573558 0.0471423 0.0647339 0.0880505 0.0287070 0.0376201 0.0452810 0.0487731 0.0495217 0.0494417 0.0474746 0.0491679 0.0583274 0.0610620 0.0607247 0.0551716 0.0443062 0.0388216 0.0525660 0.1015282 0.0484129 0.0552023 0.0440928 0.0475793 0.0471687 0.0466441 0.0505303 0.0871670 0.0468122 0.0270025 0.0266553 0.0147130 0.0418031 0.1474727 0.0293952 0.0292768 0.0267014 0.0600907 0.0528986 0.0447584 
I0198_937_Bucerotidae_Tockus_camurus                   0.0418280 0.0535670 0.0568888 0.0539715 0.0607437 0.0548765 0.0494141 0.0511008 0.0647491 0.0636383 0.0475486 0.0605830 0.0000000 0.0578827 0.0593787 0.0513717 0.0364435 0.0576438 0.0426276 0.0580855 0.0474858 0.0635245 0.0426359 0.0440011 0.0430143 0.0535778 0.0457463 0.0664356 0.0691333 0.0462343 0.0576526 0.0569127 0.0601193 0.0599910 0.0516106 0.0669421 0.0604263 0.0566896 0.0607043 0.0559916 0.0916198 0.0961229 0.0645485 0.0676725 0.0515254 0.0577672 0.0504105 0.0620241 0.0566233 0.0437492 0.0544603 0.0555808 0.0596915 0.0525505 0.0508029 0.0464273 0.0578443 0.0580960 0.0474079 0.0455607 0.0564513 0.0455044 0.0483992 0.0506056 0.0814530 0.0624045 0.0577083 0.0478302 0.0471224 0.0562562 0.0440149 0.0427460 0.0456607 0.0542362 0.0537266 0.0582431 0.0446464 0.0363017 0.0607102 0.0526314 0.0524260 0.0499193 0.0424989 0.0498577 0.0632830 0.0415951 0.0454361 0.0444392 0.0427854 0.0540051 0.0536949 0.0476738 0.0446854 0.0536688 0.0548454 0.0499513 0.0458362 0.0424157 0.0643289 0.0451293 0.0626034 0.0690658 0.0798529 0.0543587 0.0426390 0.0463896 0.0425878 0.0626039 0.0529381 0.0521491 0.0782864 0.0442186 0.0646249 0.0482355 0.0504309 0.0416204 0.0541790 0.0644003 0.0487993 0.0656853 0.0491859 0.0536481 0.0519493 0.0423768 0.0445069 0.0417436 0.0555483 0.0467557 0.0642856 0.0529075 0.0432458 0.0658214 0.0857792 0.0552907 0.0570169 0.0414687 0.0459463 0.0459958 0.0463650 0.0455583 0.0465928 0.0565436 0.0582822 0.0577735 0.0500352 0.0619526 0.0585511 0.0481881 0.0998851 0.0451247 0.0516923 0.0630714 0.0455122 0.0438597 0.0427074 0.0458912 0.0845044 0.0447000 0.0626813 0.0647705 0.0600199 0.0609350 0.1454886 0.0595059 0.0667158 0.0643732 0.0562820 0.0231700 0.0583034 
I0199_955_Meropidae_Merops_muelleri                    0.0423504 0.0486709 0.0554928 0.0537057 0.0615571 0.0540217 0.0492985 0.0510588 0.0582898 0.0648673 0.0466178 0.0602732 0.0578827 0.0000000 0.0593958 0.0519004 0.0366820 0.0570743 0.0428764 0.0564667 0.0466670 0.0620604 0.0434667 0.0452229 0.0440930 0.0541400 0.0454454 0.0643966 0.0662552 0.0459598 0.0583073 0.0573461 0.0586325 0.0586515 0.0516355 0.0649139 0.0594749 0.0581638 0.0605495 0.0561228 0.0881839 0.0933337 0.0615456 0.0740536 0.0463164 0.0575385 0.0509001 0.0610692 0.0571837 0.0447038 0.0566050 0.0558557 0.0583432 0.0529272 0.0519785 0.0483819 0.0570684 0.0580741 0.0480948 0.0462260 0.0553991 0.0462223 0.0483213 0.0509094 0.0801618 0.0613987 0.0573279 0.0487710 0.0477032 0.0559292 0.0443607 0.0437277 0.0463499 0.0551961 0.0487594 0.0584244 0.0459882 0.0392691 0.0586258 0.0543850 0.0535657 0.0499453 0.0431337 0.0457216 0.0643102 0.0413061 0.0465037 0.0452308 0.0435572 0.0561003 0.0558948 0.0476612 0.0446451 0.0531430 0.0565698 0.0503815 0.0476258 0.0428545 0.0621828 0.0471689 0.0600524 0.0647020 0.0785025 0.0548767 0.0437943 0.0480016 0.0427243 0.0638467 0.0547643 0.0526400 0.0777503 0.0440892 0.0705767 0.0489646 0.0491698 0.0418909 0.0529626 0.0664095 0.0490961 0.0663848 0.0498879 0.0540435 0.0538222 0.0429755 0.0450963 0.0420448 0.0550754 0.0467446 0.0613941 0.0536249 0.0446134 0.0615859 0.0856244 0.0533488 0.0570184 0.0417439 0.0462939 0.0465708 0.0470223 0.0448108 0.0464212 0.0583343 0.0590418 0.0570424 0.0507280 0.0600340 0.0565799 0.0494348 0.0974654 0.0454834 0.0520228 0.0630952 0.0453070 0.0452651 0.0439113 0.0455849 0.0830487 0.0439579 0.0615095 0.0620075 0.0590361 0.0607169 0.1441584 0.0564341 0.0652456 0.0614498 0.0565264 0.0514722 0.0579546 
I0200_988_Furnariidae_Furnarius_rufus                  0.0420322 0.0543789 0.0569339 0.0524349 0.0358530 0.0551035 0.0490472 0.0520772 0.0636339 0.0646376 0.0476340 0.0410563 0.0593787 0.0593958 0.0000000 0.0543871 0.0381574 0.0302145 0.0425151 0.0308307 0.0477343 0.0278786 0.0436543 0.0436659 0.0439593 0.0542933 0.0451102 0.0464738 0.0490207 0.0454081 0.0306958 0.0313191 0.0585123 0.0581429 0.0526245 0.0488462 0.0145376 0.0315020 0.0336534 0.0303050 0.0906152 0.0960696 0.0440408 0.0714374 0.0518749 0.0571358 0.0508452 0.0272306 0.0306189 0.0444290 0.0524818 0.0291193 0.0142874 0.0537730 0.0520626 0.0464987 0.0305093 0.0577423 0.0465989 0.0457890 0.0301811 0.0464245 0.0478278 0.0510362 0.0799394 0.0268610 0.0315242 0.0476466 0.0467327 0.0300386 0.0439454 0.0425181 0.0469316 0.0521532 0.0522932 0.0572705 0.0445204 0.0398292 0.0596620 0.0542020 0.0514706 0.0491421 0.0442458 0.0504239 0.0644351 0.0424905 0.0466838 0.0450160 0.0442899 0.0537206 0.0535604 0.0469798 0.0449541 0.0534553 0.0539030 0.0496967 0.0473174 0.0433809 0.0295199 0.0466007 0.0412534 0.0503076 0.0789554 0.0519307 0.0440028 0.0462123 0.0440767 0.0380534 0.0515701 0.0515587 0.0779494 0.0436838 0.0704064 0.0487543 0.0502796 0.0424948 0.0556372 0.0634473 0.0491148 0.0404965 0.0509822 0.0560239 0.0520725 0.0434045 0.0452502 0.0428702 0.0547445 0.0472889 0.0629953 0.0535489 0.0441890 0.0639071 0.0843401 0.0353608 0.0302364 0.0426947 0.0466594 0.0466734 0.0465520 0.0446023 0.0474425 0.0557627 0.0583757 0.0571440 0.0530236 0.0268440 0.0309033 0.0504876 0.1016717 0.0461021 0.0536664 0.0382199 0.0451334 0.0448503 0.0432813 0.0479161 0.0839151 0.0437822 0.0452564 0.0447227 0.0408820 0.0354717 0.1448951 0.0393537 0.0468350 0.0446569 0.0577008 0.0504549 0.0411050 
I0201_999_Scolopacidae_Tringa_solitaria                0.0343577 0.0479711 0.0486750 0.0460943 0.0573112 0.0471492 0.0393490 0.0432189 0.0588195 0.0587258 0.0386240 0.0566214 0.0513717 0.0519004 0.0543871 0.0000000 0.0300650 0.0515539 0.0333693 0.0521349 0.0319926 0.0573450 0.0361471 0.0306160 0.0348696 0.0458812 0.0321303 0.0616531 0.0640491 0.0383372 0.0531477 0.0528705 0.0534713 0.0532397 0.0434467 0.0622238 0.0538697 0.0525069 0.0546674 0.0503769 0.0823656 0.0873112 0.0585543 0.0692354 0.0469308 0.0513341 0.0436332 0.0569688 0.0520243 0.0356430 0.0483337 0.0500832 0.0539084 0.0452464 0.0434156 0.0379869 0.0527103 0.0502174 0.0396936 0.0368388 0.0516412 0.0377068 0.0411853 0.0415076 0.0727048 0.0560881 0.0524238 0.0403385 0.0395086 0.0517827 0.0392654 0.0349707 0.0302172 0.0467833 0.0480942 0.0523885 0.0364495 0.0309836 0.0544311 0.0299831 0.0450045 0.0408887 0.0336189 0.0454762 0.0591758 0.0322840 0.0322413 0.0370578 0.0344556 0.0459276 0.0458479 0.0395390 0.0312205 0.0416682 0.0485903 0.0403750 0.0389485 0.0336942 0.0579575 0.0373751 0.0558287 0.0629868 0.0708898 0.0464010 0.0337577 0.0395482 0.0335707 0.0592454 0.0439809 0.0454687 0.0711922 0.0365333 0.0649812 0.0328659 0.0409541 0.0319693 0.0453038 0.0585783 0.0398436 0.0615596 0.0340637 0.0309253 0.0442151 0.0330238 0.0365008 0.0324008 0.0486662 0.0304222 0.0561244 0.0453177 0.0348110 0.0573874 0.0784449 0.0487209 0.0518563 0.0324942 0.0379575 0.0385629 0.0377541 0.0372605 0.0376602 0.0502875 0.0516541 0.0505107 0.0139092 0.0565564 0.0532195 0.0157625 0.0919546 0.0372801 0.0439442 0.0591877 0.0360444 0.0379718 0.0344439 0.0388026 0.0768527 0.0368655 0.0588911 0.0590734 0.0546813 0.0564862 0.1434576 0.0541676 0.0615402 0.0589902 0.0316032 0.0437688 0.0532267 
I0202_1066_Cathartidae_Cathartes_burrovianus           0.0189068 0.0327947 0.0345960 0.0326741 0.0398916 0.0327384 0.0263432 0.0251059 0.0436295 0.0453661 0.0250095 0.0403483 0.0364435 0.0366820 0.0381574 0.0300650 0.0000000 0.0360240 0.0190946 0.0362589 0.0247681 0.0410307 0.0198832 0.0211676 0.0199378 0.0300614 0.0220363 0.0462822 0.0478167 0.0221393 0.0367931 0.0362407 0.0388865 0.0390161 0.0278119 0.0464276 0.0381264 0.0368432 0.0394066 0.0349795 0.0697062 0.0753639 0.0430035 0.0541014 0.0304334 0.0371500 0.0286418 0.0403315 0.0362722 0.0211790 0.0330132 0.0344859 0.0377687 0.0288952 0.0285289 0.0242472 0.0367701 0.0381607 0.0249472 0.0223005 0.0355490 0.0229090 0.0270299 0.0287413 0.0589851 0.0397869 0.0373150 0.0255754 0.0246971 0.0352925 0.0241718 0.0199329 0.0231454 0.0315769 0.0324809 0.0374477 0.0212424 0.0048403 0.0396527 0.0338710 0.0300805 0.0275042 0.0187845 0.0288810 0.0450495 0.0181446 0.0227275 0.0214201 0.0198352 0.0326517 0.0325082 0.0243863 0.0217345 0.0299514 0.0332059 0.0265336 0.0238476 0.0192097 0.0425865 0.0233952 0.0410505 0.0480266 0.0578560 0.0316733 0.0195802 0.0237801 0.0190081 0.0423527 0.0324713 0.0299551 0.0575239 0.0211758 0.0516611 0.0255857 0.0284825 0.0175506 0.0322751 0.0431267 0.0260671 0.0440259 0.0267867 0.0342995 0.0308535 0.0184615 0.0218709 0.0179462 0.0348511 0.0238929 0.0420916 0.0315264 0.0200038 0.0436348 0.0639201 0.0333614 0.0357572 0.0179545 0.0233855 0.0237238 0.0239413 0.0216533 0.0235186 0.0359102 0.0377380 0.0367584 0.0289073 0.0395741 0.0370876 0.0267428 0.0791423 0.0225345 0.0271603 0.0421463 0.0225732 0.0216961 0.0191581 0.0240850 0.0629449 0.0208659 0.0444891 0.0433395 0.0395994 0.0396132 0.1280439 0.0377761 0.0459771 0.0436991 0.0363330 0.0288112 0.0367721 
I0203_1087_Tyrannidae_Hymenops_perspicillatus          0.0397948 0.0517757 0.0550978 0.0519028 0.0345459 0.0528912 0.0478876 0.0501063 0.0616447 0.0633466 0.0458918 0.0389452 0.0576438 0.0570743 0.0302145 0.0515539 0.0360240 0.0000000 0.0415174 0.0099525 0.0451568 0.0333598 0.0412175 0.0418159 0.0428192 0.0530185 0.0431323 0.0449178 0.0474558 0.0431699 0.0181929 0.0178349 0.0573486 0.0559980 0.0501431 0.0453348 0.0303319 0.0164806 0.0178780 0.0171615 0.0866124 0.0939963 0.0408760 0.0723108 0.0494931 0.0565249 0.0492894 0.0326332 0.0171206 0.0421681 0.0511060 0.0169256 0.0302826 0.0513163 0.0509054 0.0456750 0.0081308 0.0565722 0.0449276 0.0439560 0.0169113 0.0446522 0.0463363 0.0494313 0.0791646 0.0324033 0.0178879 0.0466559 0.0450754 0.0169584 0.0432131 0.0405261 0.0440055 0.0506657 0.0510996 0.0558208 0.0428327 0.0384356 0.0579524 0.0533410 0.0488399 0.0469705 0.0412736 0.0485508 0.0638780 0.0402697 0.0442716 0.0429507 0.0425402 0.0527500 0.0533791 0.0451951 0.0425103 0.0524730 0.0528423 0.0482825 0.0452303 0.0419403 0.0340361 0.0451444 0.0391524 0.0461711 0.0780568 0.0502702 0.0418378 0.0447442 0.0417128 0.0373623 0.0511706 0.0493004 0.0769873 0.0423860 0.0706371 0.0465047 0.0491830 0.0408027 0.0524546 0.0640531 0.0473930 0.0392558 0.0489043 0.0534644 0.0522348 0.0417742 0.0443431 0.0408091 0.0540596 0.0458169 0.0598920 0.0522053 0.0424021 0.0611494 0.0835946 0.0329633 0.0176951 0.0415290 0.0454380 0.0459635 0.0450949 0.0429105 0.0453455 0.0561185 0.0569395 0.0569300 0.0509432 0.0330783 0.0105347 0.0482779 0.0991446 0.0447638 0.0512172 0.0368762 0.0437665 0.0431263 0.0415739 0.0453069 0.0844850 0.0416333 0.0422404 0.0424486 0.0381669 0.0350874 0.1424172 0.0366484 0.0443348 0.0419350 0.0566162 0.0496301 0.0393937 
I0204_1174_Threskiornithidae_Harpiprion_caerulescens   0.0239408 0.0377756 0.0396474 0.0357691 0.0456131 0.0377767 0.0299712 0.0333021 0.0497506 0.0519668 0.0281499 0.0464728 0.0426276 0.0428764 0.0425151 0.0333693 0.0190946 0.0415174 0.0000000 0.0420608 0.0283326 0.0465779 0.0247614 0.0243595 0.0208829 0.0356383 0.0265846 0.0530129 0.0547717 0.0274467 0.0427710 0.0425489 0.0428190 0.0432617 0.0330040 0.0525383 0.0430102 0.0430387 0.0454980 0.0414774 0.0703130 0.0794521 0.0494466 0.0603162 0.0367884 0.0401950 0.0336005 0.0463921 0.0418478 0.0219867 0.0377463 0.0403198 0.0422797 0.0348203 0.0324190 0.0248030 0.0417786 0.0414708 0.0296376 0.0259388 0.0412778 0.0229970 0.0300834 0.0317589 0.0643173 0.0458609 0.0431963 0.0285649 0.0297936 0.0410759 0.0292768 0.0245297 0.0269735 0.0365440 0.0386255 0.0431718 0.0218034 0.0214551 0.0442402 0.0376121 0.0354734 0.0303301 0.0207059 0.0342716 0.0501789 0.0212423 0.0260743 0.0263622 0.0212656 0.0360552 0.0354622 0.0289146 0.0249808 0.0325716 0.0385417 0.0279303 0.0275584 0.0202303 0.0485477 0.0236204 0.0468568 0.0540118 0.0624494 0.0370250 0.0199003 0.0287542 0.0208336 0.0477233 0.0349035 0.0354085 0.0613682 0.0216597 0.0569567 0.0300375 0.0313180 0.0194343 0.0349257 0.0476914 0.0293348 0.0496948 0.0304712 0.0392353 0.0345549 0.0200236 0.0251742 0.0195011 0.0376351 0.0279832 0.0477842 0.0352548 0.0213145 0.0492272 0.0683005 0.0394467 0.0415949 0.0190959 0.0241586 0.0267484 0.0246153 0.0259846 0.0267077 0.0388517 0.0406544 0.0393729 0.0320946 0.0457591 0.0429821 0.0301755 0.0850284 0.0260447 0.0333220 0.0475614 0.0249871 0.0269790 0.0200873 0.0290282 0.0667326 0.0255068 0.0503642 0.0493902 0.0461931 0.0453304 0.1369318 0.0440157 0.0519622 0.0499060 0.0405141 0.0342595 0.0420308 
I0205_1183_Tyrannidae_Hirundinea_ferruginea            0.0400183 0.0516734 0.0554484 0.0521731 0.0345688 0.0531905 0.0483652 0.0509270 0.0620045 0.0633263 0.0457736 0.0390898 0.0580855 0.0564667 0.0308307 0.0521349 0.0362589 0.0099525 0.0420608 0.0000000 0.0453784 0.0338719 0.0416210 0.0425016 0.0433480 0.0536395 0.0438943 0.0453686 0.0473209 0.0435837 0.0186067 0.0179376 0.0568913 0.0565737 0.0507698 0.0460390 0.0307344 0.0159595 0.0179172 0.0170514 0.0877510 0.0937118 0.0421307 0.0725990 0.0494770 0.0565645 0.0494235 0.0329564 0.0170525 0.0432841 0.0522939 0.0169916 0.0304978 0.0527228 0.0513885 0.0455701 0.0103184 0.0564997 0.0453324 0.0443400 0.0169571 0.0455462 0.0463712 0.0498737 0.0794231 0.0327118 0.0179221 0.0472762 0.0452727 0.0169760 0.0437280 0.0413231 0.0448414 0.0515028 0.0517501 0.0558617 0.0433963 0.0390060 0.0580902 0.0543791 0.0498549 0.0472118 0.0422938 0.0480703 0.0638385 0.0402127 0.0447536 0.0432716 0.0428346 0.0522107 0.0529085 0.0457773 0.0428640 0.0524837 0.0529368 0.0486935 0.0455348 0.0422383 0.0346468 0.0455679 0.0390970 0.0468991 0.0783921 0.0509591 0.0422485 0.0450170 0.0419985 0.0368691 0.0515125 0.0500996 0.0770771 0.0425218 0.0709669 0.0467472 0.0487207 0.0409010 0.0534620 0.0631228 0.0479042 0.0397771 0.0488489 0.0535893 0.0514263 0.0421508 0.0443192 0.0413574 0.0537716 0.0460127 0.0609456 0.0523317 0.0428248 0.0622577 0.0840815 0.0333463 0.0176832 0.0416437 0.0458984 0.0459288 0.0455583 0.0432940 0.0452912 0.0563819 0.0569753 0.0570289 0.0509747 0.0334383 0.0112052 0.0487285 0.0987548 0.0447525 0.0518409 0.0363693 0.0438658 0.0431962 0.0420721 0.0453965 0.0838449 0.0420438 0.0427187 0.0430981 0.0384811 0.0347816 0.1415803 0.0367422 0.0455174 0.0426111 0.0571046 0.0497974 0.0400665 
I0206_1192_Laridae_Chroicocephalus_cirrocephalus       0.0291940 0.0422454 0.0444101 0.0408408 0.0492999 0.0432225 0.0340684 0.0385897 0.0540622 0.0556513 0.0335454 0.0502154 0.0474858 0.0466670 0.0477343 0.0319926 0.0247681 0.0451568 0.0283326 0.0453784 0.0000000 0.0503412 0.0300968 0.0256703 0.0290018 0.0407039 0.0279037 0.0568146 0.0580510 0.0328075 0.0463300 0.0458685 0.0468870 0.0471387 0.0386972 0.0564736 0.0476686 0.0466438 0.0479762 0.0440641 0.0787428 0.0830832 0.0532372 0.0631613 0.0409268 0.0447046 0.0382999 0.0496447 0.0449060 0.0304918 0.0422574 0.0438829 0.0467529 0.0398368 0.0371584 0.0325689 0.0456529 0.0460806 0.0341030 0.0318210 0.0446709 0.0323302 0.0360558 0.0363840 0.0674632 0.0497237 0.0461953 0.0346578 0.0343916 0.0451857 0.0342620 0.0293699 0.0092499 0.0416856 0.0424363 0.0479005 0.0307631 0.0271990 0.0488051 0.0362530 0.0408363 0.0349700 0.0284597 0.0382705 0.0550521 0.0270111 0.0271400 0.0316586 0.0286038 0.0406673 0.0403996 0.0336568 0.0264124 0.0385712 0.0436771 0.0356989 0.0332468 0.0278216 0.0521349 0.0323379 0.0509424 0.0574110 0.0658865 0.0424272 0.0283188 0.0338445 0.0287823 0.0512286 0.0395119 0.0405502 0.0649164 0.0302842 0.0620550 0.0119040 0.0364697 0.0270627 0.0409200 0.0529748 0.0342180 0.0542851 0.0202395 0.0370186 0.0387244 0.0276174 0.0307664 0.0273880 0.0430216 0.0131869 0.0516506 0.0401498 0.0287121 0.0529118 0.0727605 0.0435386 0.0450721 0.0270372 0.0322543 0.0323145 0.0322481 0.0329023 0.0325272 0.0442116 0.0459988 0.0447698 0.0310331 0.0494555 0.0460578 0.0290175 0.0878793 0.0308647 0.0388016 0.0513021 0.0303467 0.0322886 0.0288451 0.0352425 0.0705448 0.0319652 0.0542380 0.0531046 0.0496354 0.0495917 0.1379261 0.0485072 0.0551217 0.0540583 0.0391438 0.0384825 0.0462663 
I0207_1193_Thamnophilidae_Thamnophilus_ruficapillus    0.0450971 0.0571643 0.0600446 0.0566956 0.0383702 0.0582716 0.0536729 0.0556174 0.0665091 0.0674641 0.0505841 0.0448996 0.0635245 0.0620604 0.0278786 0.0573450 0.0410307 0.0333598 0.0465779 0.0338719 0.0503412 0.0000000 0.0464955 0.0467875 0.0480900 0.0576207 0.0484843 0.0502341 0.0518144 0.0485601 0.0333741 0.0340293 0.0642593 0.0636713 0.0559279 0.0511760 0.0278043 0.0341120 0.0361376 0.0322317 0.0921884 0.0973121 0.0476372 0.0755803 0.0547817 0.0606651 0.0541819 0.0153820 0.0337960 0.0480140 0.0549292 0.0317797 0.0277820 0.0573518 0.0556219 0.0510222 0.0336457 0.0618703 0.0501510 0.0495198 0.0322466 0.0489910 0.0517054 0.0540589 0.0830064 0.0144504 0.0343499 0.0515719 0.0499500 0.0330457 0.0474196 0.0461716 0.0499183 0.0547684 0.0551024 0.0603468 0.0480931 0.0432523 0.0651128 0.0577813 0.0538436 0.0530221 0.0477637 0.0529870 0.0675262 0.0459065 0.0500101 0.0483311 0.0480111 0.0571067 0.0577974 0.0500358 0.0477981 0.0565283 0.0569888 0.0524993 0.0507202 0.0473817 0.0301637 0.0497973 0.0449233 0.0524012 0.0815912 0.0547103 0.0461563 0.0494937 0.0469492 0.0402076 0.0558457 0.0543068 0.0803282 0.0480205 0.0754611 0.0514837 0.0541620 0.0465571 0.0576569 0.0673087 0.0522397 0.0429309 0.0537741 0.0600528 0.0558871 0.0470707 0.0488799 0.0467348 0.0586188 0.0507424 0.0667458 0.0563056 0.0479935 0.0670399 0.0861409 0.0391604 0.0328399 0.0463723 0.0500904 0.0507633 0.0507526 0.0479419 0.0508568 0.0603500 0.0619778 0.0608091 0.0561967 0.0300116 0.0341382 0.0533758 0.1033342 0.0492820 0.0570769 0.0405131 0.0495090 0.0482235 0.0464455 0.0509875 0.0868411 0.0470173 0.0479270 0.0479908 0.0445080 0.0378290 0.1467575 0.0433729 0.0503592 0.0473313 0.0605736 0.0544436 0.0433386 
