35
Burramyidae_Burramys_parvus                  0.0000000 0.1017261 0.0575855 0.0537799 0.0476551 0.0687352 0.0324985 0.0509391 0.0355138 0.0707469 0.0708473 0.0343354 0.0519397 0.0720469 0.0703588 0.0683086 0.0845465 0.0453773 0.0454536 0.0928517 0.1152558 0.0681151 0.0466893 0.0553126 0.0396940 0.0447937 0.0908909 0.0524181 0.0346770 0.0859480 0.0687059 0.0821537 0.0328091 0.0860331 0.0404101 
Notoryctidae_Notoryctes_typhlops             0.1017261 0.0000000 0.1184225 0.1211818 0.1143861 0.1289165 0.1062850 0.1205752 0.1055871 0.1279056 0.1331815 0.1076683 0.1223178 0.1319591 0.1290588 0.1244016 0.1361669 0.1137342 0.1177087 0.1362117 0.1663976 0.1315238 0.1172761 0.1178838 0.1129917 0.1125041 0.1398588 0.1228552 0.1055507 0.1422739 0.1284645 0.1292470 0.1137488 0.1452551 0.1227761 
Vombatidae_Lasiorhinus_latifrons             0.0575855 0.1184225 0.0000000 0.0798578 0.0754376 0.0976626 0.0642435 0.0795130 0.0686568 0.0964375 0.0980537 0.0673251 0.0824517 0.0980465 0.1002368 0.0952461 0.1058198 0.0717659 0.0766399 0.1106865 0.1307473 0.0951893 0.0707776 0.0799898 0.0704986 0.0710461 0.1120392 0.0850990 0.0662804 0.1097978 0.0967391 0.1039152 0.0655234 0.1089381 0.0732885 
Potoroidae_Bettongia_penicillata             0.0537799 0.1211818 0.0798578 0.0000000 0.0050954 0.0949517 0.0586397 0.0152764 0.0614333 0.0966006 0.0963131 0.0588578 0.0694776 0.0977472 0.0984823 0.0938873 0.0994411 0.0274514 0.0668905 0.1041836 0.1243710 0.0950085 0.0444595 0.0747742 0.0622840 0.0251594 0.1196011 0.0726525 0.0595901 0.0978884 0.0954551 0.1003589 0.0546988 0.0966425 0.0603989 
Potoroidae_Bettongia_lesueur                 0.0476551 0.1143861 0.0754376 0.0050954 0.0000000 0.0837237 0.0525428 0.0150414 0.0548406 0.0847797 0.0844917 0.0513828 0.0613377 0.0862162 0.0873048 0.0841409 0.0852783 0.0278717 0.0610913 0.1046186 0.1214290 0.0840129 0.0411211 0.0678787 0.0559036 0.0258823 0.1156346 0.0629805 0.0517788 0.0782783 0.0844116 0.0855788 0.0439643 0.0757446 0.0487002 
Dasyuridae_Dasyurus_maculatus                0.0687352 0.1289165 0.0976626 0.0949517 0.0837237 0.0000000 0.0728448 0.0910439 0.0759223 0.0173711 0.0222735 0.0751053 0.0897239 0.0192542 0.0098662 0.0213381 0.1030065 0.0864241 0.0872361 0.1072081 0.1363263 0.0198439 0.0867906 0.0797627 0.0806986 0.0880353 0.1596433 0.0942583 0.0745249 0.0993684 0.0031002 0.0988134 0.0715287 0.0987439 0.0779727 
Phalangeridae_Trichosurus_vulpecula          0.0324985 0.1062850 0.0642435 0.0586397 0.0525428 0.0728448 0.0000000 0.0552926 0.0183478 0.0757864 0.0749224 0.0181382 0.0586366 0.0774800 0.0749986 0.0729643 0.0843930 0.0480886 0.0491548 0.0962244 0.1218324 0.0732217 0.0488713 0.0601681 0.0398333 0.0470253 0.0967172 0.0578386 0.0184927 0.0860688 0.0723102 0.0827431 0.0161460 0.0828563 0.0408746 
Potoroidae_Aepyprymnus_rufescens             0.0509391 0.1205752 0.0795130 0.0152764 0.0150414 0.0910439 0.0552926 0.0000000 0.0584262 0.0899013 0.0918648 0.0563615 0.0670377 0.0923636 0.0940026 0.0893370 0.1006019 0.0278469 0.0656674 0.1042771 0.1257313 0.0910818 0.0426293 0.0759359 0.0585086 0.0255008 0.1156181 0.0706325 0.0566462 0.0979342 0.0925174 0.1005311 0.0511827 0.0972881 0.0556855 
Phalangeridae_Strigocuscus_pelengensis       0.0355138 0.1055871 0.0686568 0.0614333 0.0548406 0.0759223 0.0183478 0.0584262 0.0000000 0.0774088 0.0763012 0.0139190 0.0622091 0.0803304 0.0782989 0.0734889 0.0892806 0.0524308 0.0508310 0.0942611 0.1187730 0.0763458 0.0552960 0.0640357 0.0429840 0.0521499 0.1084028 0.0609800 0.0146945 0.0922085 0.0753775 0.0869538 0.0168764 0.0894049 0.0473538 
Dasyuridae_Phascogale_tapoatafa              0.0707469 0.1279056 0.0964375 0.0966006 0.0847797 0.0173711 0.0757864 0.0899013 0.0774088 0.0000000 0.0247898 0.0771495 0.0931677 0.0039377 0.0196137 0.0214270 0.1014043 0.0880647 0.0857044 0.1061116 0.1380059 0.0110074 0.0860914 0.0824252 0.0786371 0.0874038 0.1623988 0.0953099 0.0770350 0.0988233 0.0177950 0.0995776 0.0734051 0.0976521 0.0747517 
Dasyuridae_Sminthopsis_macroura              0.0708473 0.1331815 0.0980537 0.0963131 0.0844917 0.0222735 0.0749224 0.0918648 0.0763012 0.0247898 0.0000000 0.0776775 0.0941000 0.0255603 0.0254077 0.0226953 0.1032628 0.0861672 0.0874508 0.1119220 0.1394705 0.0244153 0.0871243 0.0816179 0.0823206 0.0879529 0.1615412 0.0974730 0.0770889 0.1027530 0.0231122 0.1013679 0.0728540 0.1007353 0.0782706 
Phalangeridae_Phalanger_orientalis           0.0343354 0.1076683 0.0673251 0.0588578 0.0513828 0.0751053 0.0181382 0.0563615 0.0139190 0.0771495 0.0776775 0.0000000 0.0611243 0.0783601 0.0768138 0.0722581 0.0896640 0.0508971 0.0520446 0.0943163 0.1215406 0.0754765 0.0525644 0.0631261 0.0412942 0.0502084 0.1065746 0.0602761 0.0034738 0.0908140 0.0750731 0.0869054 0.0151967 0.0884620 0.0420684 
Acrobatidae_Acrobates_pygmaeus               0.0519397 0.1223178 0.0824517 0.0694776 0.0613377 0.0897239 0.0586366 0.0670377 0.0622091 0.0931677 0.0941000 0.0611243 0.0000000 0.0951083 0.0922483 0.0928909 0.1052431 0.0584946 0.0620970 0.1069492 0.1343431 0.0890228 0.0644264 0.0735857 0.0543855 0.0624457 0.1084288 0.0369748 0.0606118 0.1056910 0.0902333 0.1021822 0.0592126 0.1046851 0.0548292 
Dasyuridae_Phascogale_calura                 0.0720469 0.1319591 0.0980465 0.0977472 0.0862162 0.0192542 0.0774800 0.0923636 0.0803304 0.0039377 0.0255603 0.0783601 0.0951083 0.0000000 0.0197842 0.0218964 0.1020498 0.0880078 0.0870794 0.1091235 0.1399100 0.0115635 0.0850682 0.0821075 0.0803781 0.0878629 0.1656177 0.0972924 0.0782422 0.0997963 0.0184623 0.0996986 0.0738263 0.0986791 0.0751691 
Dasyuridae_Sarcophilus_harrisii              0.0703588 0.1290588 0.1002368 0.0984823 0.0873048 0.0098662 0.0749986 0.0940026 0.0782989 0.0196137 0.0254077 0.0768138 0.0922483 0.0197842 0.0000000 0.0245304 0.1067283 0.0889047 0.0864987 0.1061483 0.1384979 0.0196556 0.0864536 0.0797889 0.0793876 0.0886518 0.1576143 0.0950676 0.0762240 0.1028680 0.0074913 0.1019925 0.0765662 0.1035136 0.0774483 
Dasyuridae_Planigale_tenuirostris            0.0683086 0.1244016 0.0952461 0.0938873 0.0841409 0.0213381 0.0729643 0.0893370 0.0734889 0.0214270 0.0226953 0.0722581 0.0928909 0.0218964 0.0245304 0.0000000 0.1040057 0.0834132 0.0863844 0.1105209 0.1369077 0.0240285 0.0872303 0.0781867 0.0816303 0.0835927 0.1650633 0.0971344 0.0727675 0.1014014 0.0213536 0.1019329 0.0721635 0.1025817 0.0760970 
Peramelidae_Echymipera_kalubu                0.0845465 0.1361669 0.1058198 0.0994411 0.0852783 0.1030065 0.0843930 0.1006019 0.0892806 0.1014043 0.1032628 0.0896640 0.1052431 0.1020498 0.1067283 0.1040057 0.0000000 0.0895307 0.0935883 0.1161483 0.1450004 0.1049914 0.0995171 0.0916127 0.0878934 0.0930816 0.1776146 0.1059374 0.0889789 0.0188009 0.1021970 0.0221863 0.0928308 0.0237469 0.0953763 
Macropodidae_Dorcopsulus_vanheurni           0.0453773 0.1137342 0.0717659 0.0274514 0.0278717 0.0864241 0.0480886 0.0278469 0.0524308 0.0880647 0.0861672 0.0508971 0.0584946 0.0880078 0.0889047 0.0834132 0.0895307 0.0000000 0.0603678 0.0996660 0.1181005 0.0862794 0.0374378 0.0648622 0.0530327 0.0123906 0.1069197 0.0639319 0.0517297 0.0862250 0.0864656 0.0874681 0.0453363 0.0853796 0.0490622 
Pseudochiridae_Pseudochirulus_forbesi        0.0454536 0.1177087 0.0766399 0.0668905 0.0610913 0.0872361 0.0491548 0.0656674 0.0508310 0.0857044 0.0874508 0.0520446 0.0620970 0.0870794 0.0864987 0.0863844 0.0935883 0.0603678 0.0000000 0.1074455 0.1303771 0.0840315 0.0627819 0.0710498 0.0310583 0.0594287 0.0872732 0.0603882 0.0523384 0.0958534 0.0851205 0.0888286 0.0491920 0.0926327 0.0227807 
Didelphidae_Didelphis_virginiana             0.0928517 0.1362117 0.1106865 0.1041836 0.1046186 0.1072081 0.0962244 0.1042771 0.0942611 0.1061116 0.1119220 0.0943163 0.1069492 0.1091235 0.1061483 0.1105209 0.1161483 0.0996660 0.1074455 0.0000000 0.0611620 0.1105761 0.1044533 0.0911552 0.0968466 0.0989972 0.1730426 0.1095801 0.0930648 0.1127098 0.1080743 0.1146685 0.0911239 0.1123253 0.0972275 
Marmosidae_Monodelphis_domestica             0.1152558 0.1663976 0.1307473 0.1243710 0.1214290 0.1363263 0.1218324 0.1257313 0.1187730 0.1380059 0.1394705 0.1215406 0.1343431 0.1399100 0.1384979 0.1369077 0.1450004 0.1181005 0.1303771 0.0611620 0.0000000 0.1411538 0.1238184 0.1169654 0.1207456 0.1203795 0.1840810 0.1361098 0.1202296 0.1486654 0.1376198 0.1405005 0.1241830 0.1480454 0.1307913 
Dasyuridae_Antechinus_stuartii               0.0681151 0.1315238 0.0951893 0.0950085 0.0840129 0.0198439 0.0732217 0.0910818 0.0763458 0.0110074 0.0244153 0.0754765 0.0890228 0.0115635 0.0196556 0.0240285 0.1049914 0.0862794 0.0840315 0.1105761 0.1411538 0.0000000 0.0839346 0.0807219 0.0765653 0.0851885 0.1568329 0.0928231 0.0753549 0.0985846 0.0190607 0.1016869 0.0696725 0.0980466 0.0722132 
Hypsiprymnodontidae_Hypsiprymnodon_moschatus 0.0466893 0.1172761 0.0707776 0.0444595 0.0411211 0.0867906 0.0488713 0.0426293 0.0552960 0.0860914 0.0871243 0.0525644 0.0644264 0.0850682 0.0864536 0.0872303 0.0995171 0.0374378 0.0627819 0.1044533 0.1238184 0.0839346 0.0000000 0.0701652 0.0529243 0.0357550 0.1062426 0.0689499 0.0520702 0.0965816 0.0846628 0.0960884 0.0434468 0.0940949 0.0539561 
Microbiotheriidae_Dromiciops_gliroides       0.0553126 0.1178838 0.0799898 0.0747742 0.0678787 0.0797627 0.0601681 0.0759359 0.0640357 0.0824252 0.0816179 0.0631261 0.0735857 0.0821075 0.0797889 0.0781867 0.0916127 0.0648622 0.0710498 0.0911552 0.1169654 0.0807219 0.0701652 0.0000000 0.0649699 0.0644243 0.1169137 0.0778239 0.0626072 0.0961617 0.0784377 0.0878098 0.0642569 0.0933736 0.0689728 
Pseudochiridae_Petauroides_volans            0.0396940 0.1129917 0.0704986 0.0622840 0.0559036 0.0806986 0.0398333 0.0585086 0.0429840 0.0786371 0.0823206 0.0412942 0.0543855 0.0803781 0.0793876 0.0816303 0.0878934 0.0530327 0.0310583 0.0968466 0.1207456 0.0765653 0.0529243 0.0649699 0.0000000 0.0531871 0.0897408 0.0528217 0.0411893 0.0893328 0.0776906 0.0850646 0.0358807 0.0868038 0.0234104 
Macropodidae_Wallabia_bicolor                0.0447937 0.1125041 0.0710461 0.0251594 0.0258823 0.0880353 0.0470253 0.0255008 0.0521499 0.0874038 0.0879529 0.0502084 0.0624457 0.0878629 0.0886518 0.0835927 0.0930816 0.0123906 0.0594287 0.0989972 0.1203795 0.0851885 0.0357550 0.0644243 0.0531871 0.0000000 0.1059225 0.0659490 0.0509633 0.0924911 0.0871222 0.0920430 0.0452430 0.0900280 0.0503449 
Tarsipedidae_Tarsipes_rostratus              0.0908909 0.1398588 0.1120392 0.1196011 0.1156346 0.1596433 0.0967172 0.1156181 0.1084028 0.1623988 0.1615412 0.1065746 0.1084288 0.1656177 0.1576143 0.1650633 0.1776146 0.1069197 0.0872732 0.1730426 0.1840810 0.1568329 0.1062426 0.1169137 0.0897408 0.1059225 0.0000000 0.1119610 0.1070077 0.1898888 0.1574821 0.1705693 0.1025400 0.1993883 0.0942715 
Acrobatidae_Distoechurus_pennatus            0.0524181 0.1228552 0.0850990 0.0726525 0.0629805 0.0942583 0.0578386 0.0706325 0.0609800 0.0953099 0.0974730 0.0602761 0.0369748 0.0972924 0.0950676 0.0971344 0.1059374 0.0639319 0.0603882 0.1095801 0.1361098 0.0928231 0.0689499 0.0778239 0.0528217 0.0659490 0.1119610 0.0000000 0.0597650 0.1018983 0.0930471 0.1003820 0.0526714 0.1002728 0.0497249 
Phalangeridae_Phalanger_carmelitae           0.0346770 0.1055507 0.0662804 0.0595901 0.0517788 0.0745249 0.0184927 0.0566462 0.0146945 0.0770350 0.0770889 0.0034738 0.0606118 0.0782422 0.0762240 0.0727675 0.0889789 0.0517297 0.0523384 0.0930648 0.1202296 0.0753549 0.0520702 0.0626072 0.0411893 0.0509633 0.1070077 0.0597650 0.0000000 0.0894511 0.0744931 0.0862254 0.0141671 0.0870872 0.0409108 
Peramelidae_Peroryctes_raffrayana            0.0859480 0.1422739 0.1097978 0.0978884 0.0782783 0.0993684 0.0860688 0.0979342 0.0922085 0.0988233 0.1027530 0.0908140 0.1056910 0.0997963 0.1028680 0.1014014 0.0188009 0.0862250 0.0958534 0.1127098 0.1486654 0.0985846 0.0965816 0.0961617 0.0893328 0.0924911 0.1898888 0.1018983 0.0894511 0.0000000 0.1004165 0.0242289 0.0905534 0.0246728 0.0933063 
Dasyuridae_Dasyurus_geffroii                 0.0687059 0.1284645 0.0967391 0.0954551 0.0844116 0.0031002 0.0723102 0.0925174 0.0753775 0.0177950 0.0231122 0.0750731 0.0902333 0.0184623 0.0074913 0.0213536 0.1021970 0.0864656 0.0851205 0.1080743 0.1376198 0.0190607 0.0846628 0.0784377 0.0776906 0.0871222 0.1574821 0.0930471 0.0744931 0.1004165 0.0000000 0.0980585 0.0706656 0.0986259 0.0761084 
Peramelidae_Perameles_gunnii                 0.0821537 0.1292470 0.1039152 0.1003589 0.0855788 0.0988134 0.0827431 0.1005311 0.0869538 0.0995776 0.1013679 0.0869054 0.1021822 0.0996986 0.1019925 0.1019329 0.0221863 0.0874681 0.0888286 0.1146685 0.1405005 0.1016869 0.0960884 0.0878098 0.0850646 0.0920430 0.1705693 0.1003820 0.0862254 0.0242289 0.0980585 0.0000000 0.0865272 0.0024159 0.0942365 
Phalangeridae_Spilocuscus_maculatus          0.0328091 0.1137488 0.0655234 0.0546988 0.0439643 0.0715287 0.0161460 0.0511827 0.0168764 0.0734051 0.0728540 0.0151967 0.0592126 0.0738263 0.0765662 0.0721635 0.0928308 0.0453363 0.0491920 0.0911239 0.1241830 0.0696725 0.0434468 0.0642569 0.0358807 0.0452430 0.1025400 0.0526714 0.0141671 0.0905534 0.0706656 0.0865272 0.0000000 0.0839847 0.0431234 
Peramelidae_Perameles_nasuta                 0.0860331 0.1452551 0.1089381 0.0966425 0.0757446 0.0987439 0.0828563 0.0972881 0.0894049 0.0976521 0.1007353 0.0884620 0.1046851 0.0986791 0.1035136 0.1025817 0.0237469 0.0853796 0.0926327 0.1123253 0.1480454 0.0980466 0.0940949 0.0933736 0.0868038 0.0900280 0.1993883 0.1002728 0.0870872 0.0246728 0.0986259 0.0024159 0.0839847 0.0000000 0.0922075 
Pseudochiridae_Pseudocheirus_occidentalis    0.0404101 0.1227761 0.0732885 0.0603989 0.0487002 0.0779727 0.0408746 0.0556855 0.0473538 0.0747517 0.0782706 0.0420684 0.0548292 0.0751691 0.0774483 0.0760970 0.0953763 0.0490622 0.0227807 0.0972275 0.1307913 0.0722132 0.0539561 0.0689728 0.0234104 0.0503449 0.0942715 0.0497249 0.0409108 0.0933063 0.0761084 0.0942365 0.0431234 0.0922075 0.0000000 
