35
Burramyidae_Burramys_parvus                  0.0000000 0.0745330 0.0522145 0.0387136 0.0473584 0.0731964 0.0343254 0.0330734 0.0495263 0.0761697 0.0332240 0.0699256 0.0636397 0.0336320 0.0445081 0.0723150 0.0694694 0.0669274 0.0789765 0.0502914 0.0371397 0.0946469 0.0917692 0.0711189 0.0532834 0.0579772 0.0447240 0.0499778 0.0518570 0.0447259 0.0411212 0.0886673 0.0689631 0.0803425 0.0432688 
Notoryctidae_Notoryctes_typhlops             0.0745330 0.0000000 0.0744766 0.0629478 0.0796617 0.0787071 0.0540972 0.0552370 0.0831266 0.0881174 0.0565413 0.0817823 0.0736056 0.0560133 0.0772426 0.0830927 0.0802019 0.0723705 0.0863033 0.0817289 0.0757880 0.1036813 0.0976785 0.0816520 0.0857986 0.0752374 0.0787793 0.0812118 0.0784541 0.0735917 0.0723485 0.0974625 0.0812259 0.0905579 0.0757743 
Vombatidae_Lasiorhinus_latifrons             0.0522145 0.0744766 0.0000000 0.0459935 0.0608526 0.0709079 0.0397019 0.0409732 0.0622147 0.0701383 0.0414939 0.0715595 0.0658313 0.0414608 0.0491375 0.0728303 0.0656405 0.0664904 0.0740115 0.0633782 0.0437868 0.0977081 0.0891468 0.0693990 0.0649327 0.0535308 0.0556629 0.0625718 0.0651260 0.0582767 0.0501741 0.0799709 0.0696481 0.0732429 0.0552727 
Potoroidae_Bettongia_penicillata             0.0387136 0.0629478 0.0459935 0.0000000 0.0027463 0.0627768 0.0396748 0.0385052 0.0092169 0.0703052 0.0406746 0.0651269 0.0600501 0.0403950 0.0388475 0.0670425 0.0631400 0.0596773 0.0719844 0.0168446 0.0350972 0.0832463 0.0819914 0.0653501 0.0250244 0.0491815 0.0396872 0.0143804 0.0486079 0.0456702 0.0379123 0.0792243 0.0615898 0.0725671 0.0440867 
Potoroidae_Bettongia_lesueur                 0.0473584 0.0796617 0.0608526 0.0027463 0.0000000 0.0793584 0.0402097 0.0378997 0.0091056 0.0859945 0.0412383 0.0780148 0.0703687 0.0405962 0.0529747 0.0776317 0.0724204 0.0725334 0.0859441 0.0167187 0.0507216 0.1065864 0.1005834 0.0774165 0.0280246 0.0661503 0.0495556 0.0158071 0.0569823 0.0520233 0.0548244 0.0977040 0.0770825 0.0873315 0.0555558 
Dasyuridae_Dasyurus_maculatus                0.0731964 0.0787071 0.0709079 0.0627768 0.0793584 0.0000000 0.0554890 0.0551397 0.0839338 0.0853551 0.0570853 0.0239621 0.0258136 0.0578493 0.0706689 0.0233914 0.0112783 0.0277166 0.0877677 0.0841036 0.0680591 0.1059752 0.0969728 0.0231374 0.0819875 0.0719043 0.0742357 0.0830226 0.0801508 0.0751501 0.0686016 0.0999452 0.0070900 0.0886551 0.0717489 
Phalangeridae_Trichosurus_vulpecula          0.0343254 0.0540972 0.0397019 0.0396748 0.0402097 0.0554890 0.0000000 0.0107443 0.0412118 0.0602191 0.0117737 0.0589682 0.0558129 0.0113520 0.0333937 0.0632409 0.0575556 0.0557849 0.0633064 0.0400118 0.0289858 0.0785411 0.0735879 0.0601393 0.0426051 0.0440414 0.0356293 0.0393039 0.0438587 0.0390631 0.0113272 0.0682949 0.0551640 0.0643419 0.0321866 
Phalangeridae_Spilocuscus_maculatus          0.0330734 0.0552370 0.0409732 0.0385052 0.0378997 0.0551397 0.0107443 0.0000000 0.0381634 0.0621071 0.0058847 0.0628708 0.0542932 0.0052999 0.0288796 0.0614364 0.0562927 0.0544458 0.0634071 0.0385899 0.0288603 0.0804739 0.0764757 0.0591499 0.0388490 0.0461917 0.0337412 0.0368338 0.0434029 0.0351837 0.0053030 0.0686163 0.0562574 0.0650706 0.0326139 
Potoroidae_Aepyprymnus_rufescens             0.0495263 0.0831266 0.0622147 0.0092169 0.0091056 0.0839338 0.0412118 0.0381634 0.0000000 0.0888161 0.0419567 0.0814460 0.0759025 0.0412663 0.0562635 0.0838900 0.0774093 0.0751355 0.0900548 0.0182694 0.0530020 0.1088846 0.1016167 0.0814923 0.0310723 0.0686584 0.0514395 0.0162007 0.0588983 0.0536414 0.0556707 0.0985791 0.0806591 0.0918966 0.0565013 
Peramelidae_Perameles_nasuta                 0.0761697 0.0881174 0.0701383 0.0703052 0.0859945 0.0853551 0.0602191 0.0621071 0.0888161 0.0000000 0.0615469 0.0813458 0.0744626 0.0620737 0.0767298 0.0812084 0.0783976 0.0771801 0.0096898 0.0896747 0.0649103 0.1117963 0.1048294 0.0802923 0.0929978 0.0733970 0.0817723 0.0905987 0.0833234 0.0770681 0.0736709 0.0103287 0.0825246 0.0005093 0.0763908 
Phalangeridae_Strigocuscus_pelengensis       0.0332240 0.0565413 0.0414939 0.0406746 0.0412383 0.0570853 0.0117737 0.0058847 0.0419567 0.0615469 0.0000000 0.0621967 0.0573621 0.0043304 0.0325658 0.0648967 0.0594544 0.0563434 0.0643970 0.0418047 0.0293891 0.0816366 0.0780891 0.0625008 0.0419710 0.0464467 0.0362485 0.0392632 0.0449771 0.0414565 0.0040390 0.0713018 0.0574575 0.0654821 0.0327457 
Dasyuridae_Phascogale_tapoatafa              0.0699256 0.0817823 0.0715595 0.0651269 0.0780148 0.0239621 0.0589682 0.0628708 0.0814460 0.0813458 0.0621967 0.0000000 0.0243993 0.0610849 0.0700919 0.0020776 0.0207230 0.0260614 0.0808453 0.0825644 0.0667168 0.1080864 0.0952634 0.0079214 0.0826005 0.0716110 0.0744941 0.0819957 0.0787950 0.0737138 0.0711705 0.0924687 0.0219614 0.0817429 0.0740327 
Dasyuridae_Sminthopsis_macroura              0.0636397 0.0736056 0.0658313 0.0600501 0.0703687 0.0258136 0.0558129 0.0542932 0.0759025 0.0744626 0.0573621 0.0243993 0.0000000 0.0580757 0.0659105 0.0243776 0.0231990 0.0170651 0.0763025 0.0761778 0.0628411 0.1005986 0.0892727 0.0227258 0.0790331 0.0626606 0.0659544 0.0754924 0.0721023 0.0724176 0.0691315 0.0882297 0.0247497 0.0778018 0.0668370 
Phalangeridae_Phalanger_orientalis           0.0336320 0.0560133 0.0414608 0.0403950 0.0405962 0.0578493 0.0113520 0.0052999 0.0412663 0.0620737 0.0043304 0.0610849 0.0580757 0.0000000 0.0334409 0.0653627 0.0603054 0.0589533 0.0651735 0.0411435 0.0305597 0.0811033 0.0757366 0.0629141 0.0429535 0.0462865 0.0343488 0.0390846 0.0439154 0.0394284 0.0037995 0.0709805 0.0568182 0.0662160 0.0318601 
Acrobatidae_Acrobates_pygmaeus               0.0445081 0.0772426 0.0491375 0.0388475 0.0529747 0.0706689 0.0333937 0.0288796 0.0562635 0.0767298 0.0325658 0.0700919 0.0659105 0.0334409 0.0000000 0.0740991 0.0664676 0.0664745 0.0794993 0.0582683 0.0391645 0.0927372 0.0893518 0.0717173 0.0570069 0.0549536 0.0424876 0.0582916 0.0506083 0.0327976 0.0406745 0.0898328 0.0694120 0.0813339 0.0405909 
Dasyuridae_Phascogale_calura                 0.0723150 0.0830927 0.0728303 0.0670425 0.0776317 0.0233914 0.0632409 0.0614364 0.0838900 0.0812084 0.0648967 0.0020776 0.0243776 0.0653627 0.0740991 0.0000000 0.0202684 0.0266125 0.0835210 0.0848793 0.0709495 0.1093935 0.0964791 0.0082009 0.0865011 0.0729587 0.0765007 0.0833625 0.0790449 0.0771914 0.0749904 0.0969355 0.0208469 0.0854789 0.0738698 
Dasyuridae_Sarcophilus_harrisii              0.0694694 0.0802019 0.0656405 0.0631400 0.0724204 0.0112783 0.0575556 0.0562927 0.0774093 0.0783976 0.0594544 0.0207230 0.0231990 0.0603054 0.0664676 0.0202684 0.0000000 0.0237392 0.0813717 0.0777581 0.0657808 0.1041776 0.0926757 0.0200107 0.0802249 0.0682134 0.0713378 0.0764676 0.0756251 0.0709102 0.0699001 0.0922691 0.0106246 0.0821422 0.0683311 
Dasyuridae_Planigale_tenuirostris            0.0669274 0.0723705 0.0664904 0.0596773 0.0725334 0.0277166 0.0557849 0.0544458 0.0751355 0.0771801 0.0563434 0.0260614 0.0170651 0.0589533 0.0664745 0.0266125 0.0237392 0.0000000 0.0784332 0.0790942 0.0640161 0.1102592 0.0941991 0.0249436 0.0839371 0.0622769 0.0685332 0.0797337 0.0747510 0.0693130 0.0721628 0.0905021 0.0249723 0.0795232 0.0710630 
Peramelidae_Echymipera_kalubu                0.0789765 0.0863033 0.0740115 0.0719844 0.0859441 0.0877677 0.0633064 0.0634071 0.0900548 0.0096898 0.0643970 0.0808453 0.0763025 0.0651735 0.0794993 0.0835210 0.0813717 0.0784332 0.0000000 0.0906806 0.0677072 0.1106285 0.1044223 0.0825391 0.0938502 0.0754153 0.0833361 0.0915209 0.0862873 0.0791394 0.0775503 0.0107304 0.0830241 0.0102454 0.0767362 
Macropodidae_Dorcopsulus_vanheurni           0.0502914 0.0817289 0.0633782 0.0168446 0.0167187 0.0841036 0.0400118 0.0385899 0.0182694 0.0896747 0.0418047 0.0825644 0.0761778 0.0411435 0.0582683 0.0848793 0.0777581 0.0790942 0.0906806 0.0000000 0.0547716 0.1109940 0.1024213 0.0834023 0.0307524 0.0686518 0.0538413 0.0066391 0.0620617 0.0550504 0.0559441 0.1013336 0.0798022 0.0935480 0.0546669 
Pseudochiridae_Pseudochirulus_forbesi        0.0371397 0.0757880 0.0437868 0.0350972 0.0507216 0.0680591 0.0289858 0.0288603 0.0530020 0.0649103 0.0293891 0.0667168 0.0628411 0.0305597 0.0391645 0.0709495 0.0657808 0.0640161 0.0677072 0.0547716 0.0000000 0.0870980 0.0824487 0.0687743 0.0558357 0.0485041 0.0305219 0.0526137 0.0456031 0.0388957 0.0391980 0.0767846 0.0677903 0.0689814 0.0223425 
Didelphidae_Didelphis_virginiana             0.0946469 0.1036813 0.0977081 0.0832463 0.1065864 0.1059752 0.0785411 0.0804739 0.1088846 0.1117963 0.0816366 0.1080864 0.1005986 0.0811033 0.0927372 0.1093935 0.1041776 0.1102592 0.1106285 0.1109940 0.0870980 0.0000000 0.0391830 0.1076892 0.1101700 0.0870451 0.1022970 0.1084683 0.1059570 0.0969009 0.0964836 0.1233923 0.1064487 0.1136710 0.1025766 
Marmosidae_Monodelphis_domestica             0.0917692 0.0976785 0.0891468 0.0819914 0.1005834 0.0969728 0.0735879 0.0764757 0.1016167 0.1048294 0.0780891 0.0952634 0.0892727 0.0757366 0.0893518 0.0964791 0.0926757 0.0941991 0.1044223 0.1024213 0.0824487 0.0391830 0.0000000 0.0964471 0.1029956 0.0851723 0.0933728 0.1020063 0.0988693 0.0930564 0.0920566 0.1181496 0.0954491 0.1076896 0.0929087 
Dasyuridae_Antechinus_stuartii               0.0711189 0.0816520 0.0693990 0.0653501 0.0774165 0.0231374 0.0601393 0.0591499 0.0814923 0.0802923 0.0625008 0.0079214 0.0227258 0.0629141 0.0717173 0.0082009 0.0200107 0.0249436 0.0825391 0.0834023 0.0687743 0.1076892 0.0964471 0.0000000 0.0867872 0.0693118 0.0743018 0.0821340 0.0793193 0.0756707 0.0726034 0.0959661 0.0216986 0.0837134 0.0731002 
Hypsiprymnodontidae_Hypsiprymnodon_moschatus 0.0532834 0.0857986 0.0649327 0.0250244 0.0280246 0.0819875 0.0426051 0.0388490 0.0310723 0.0929978 0.0419710 0.0826005 0.0790331 0.0429535 0.0570069 0.0865011 0.0802249 0.0839371 0.0938502 0.0307524 0.0558357 0.1101700 0.1029956 0.0867872 0.0000000 0.0690931 0.0526595 0.0310901 0.0617317 0.0574878 0.0563812 0.1028553 0.0838632 0.0965483 0.0546023 
Microbiotheriidae_Dromiciops_gliroides       0.0579772 0.0752374 0.0535308 0.0491815 0.0661503 0.0719043 0.0440414 0.0461917 0.0686584 0.0733970 0.0464467 0.0716110 0.0626606 0.0462865 0.0549536 0.0729587 0.0682134 0.0622769 0.0754153 0.0686518 0.0485041 0.0870451 0.0851723 0.0693118 0.0690931 0.0000000 0.0611017 0.0700240 0.0683853 0.0592047 0.0557538 0.0841527 0.0725221 0.0750562 0.0556254 
Pseudochiridae_Petauroides_volans            0.0447240 0.0787793 0.0556629 0.0396872 0.0495556 0.0742357 0.0356293 0.0337412 0.0514395 0.0817723 0.0362485 0.0744941 0.0659544 0.0343488 0.0424876 0.0765007 0.0713378 0.0685332 0.0833361 0.0538413 0.0305219 0.1022970 0.0933728 0.0743018 0.0526595 0.0611017 0.0000000 0.0535114 0.0428651 0.0474041 0.0486040 0.0938500 0.0750082 0.0853372 0.0266826 
Macropodidae_Wallabia_bicolor                0.0499778 0.0812118 0.0625718 0.0143804 0.0158071 0.0830226 0.0393039 0.0368338 0.0162007 0.0905987 0.0392632 0.0819957 0.0754924 0.0390846 0.0582916 0.0833625 0.0764676 0.0797337 0.0915209 0.0066391 0.0526137 0.1084683 0.1020063 0.0821340 0.0310901 0.0700240 0.0535114 0.0000000 0.0610956 0.0539874 0.0540510 0.1024637 0.0808085 0.0932775 0.0534927 
Tarsipedidae_Tarsipes_rostratus              0.0518570 0.0784541 0.0651260 0.0486079 0.0569823 0.0801508 0.0438587 0.0434029 0.0588983 0.0833234 0.0449771 0.0787950 0.0721023 0.0439154 0.0506083 0.0790449 0.0756251 0.0747510 0.0862873 0.0620617 0.0456031 0.1059570 0.0988693 0.0793193 0.0617317 0.0683853 0.0428651 0.0610956 0.0000000 0.0547301 0.0566956 0.0940534 0.0780746 0.0875647 0.0447650 
Acrobatidae_Distoechurus_pennatus            0.0447259 0.0735917 0.0582767 0.0456702 0.0520233 0.0751501 0.0390631 0.0351837 0.0536414 0.0770681 0.0414565 0.0737138 0.0724176 0.0394284 0.0327976 0.0771914 0.0709102 0.0693130 0.0791394 0.0550504 0.0388957 0.0969009 0.0930564 0.0756707 0.0574878 0.0592047 0.0474041 0.0539874 0.0547301 0.0000000 0.0510791 0.0891318 0.0751171 0.0813150 0.0428165 
Phalangeridae_Phalanger_carmelitae           0.0411212 0.0723485 0.0501741 0.0379123 0.0548244 0.0686016 0.0113272 0.0053030 0.0556707 0.0736709 0.0040390 0.0711705 0.0691315 0.0037995 0.0406745 0.0749904 0.0699001 0.0721628 0.0775503 0.0559441 0.0391980 0.0964836 0.0920566 0.0726034 0.0563812 0.0557538 0.0486040 0.0540510 0.0566956 0.0510791 0.0000000 0.0858956 0.0674002 0.0774368 0.0458823 
Peramelidae_Peroryctes_raffrayana            0.0886673 0.0974625 0.0799709 0.0792243 0.0977040 0.0999452 0.0682949 0.0686163 0.0985791 0.0103287 0.0713018 0.0924687 0.0882297 0.0709805 0.0898328 0.0969355 0.0922691 0.0905021 0.0107304 0.1013336 0.0767846 0.1233923 0.1181496 0.0959661 0.1028553 0.0841527 0.0938500 0.1024637 0.0940534 0.0891318 0.0858956 0.0000000 0.0954502 0.0110240 0.0862196 
Dasyuridae_Dasyurus_geffroii                 0.0689631 0.0812259 0.0696481 0.0615898 0.0770825 0.0070900 0.0551640 0.0562574 0.0806591 0.0825246 0.0574575 0.0219614 0.0247497 0.0568182 0.0694120 0.0208469 0.0106246 0.0249723 0.0830241 0.0798022 0.0677903 0.1064487 0.0954491 0.0216986 0.0838632 0.0725221 0.0750082 0.0808085 0.0780746 0.0751171 0.0674002 0.0954502 0.0000000 0.0838474 0.0743911 
Peramelidae_Perameles_gunnii                 0.0803425 0.0905579 0.0732429 0.0725671 0.0873315 0.0886551 0.0643419 0.0650706 0.0918966 0.0005093 0.0654821 0.0817429 0.0778018 0.0662160 0.0813339 0.0854789 0.0821422 0.0795232 0.0102454 0.0935480 0.0689814 0.1136710 0.1076896 0.0837134 0.0965483 0.0750562 0.0853372 0.0932775 0.0875647 0.0813150 0.0774368 0.0110240 0.0838474 0.0000000 0.0801279 
Pseudochiridae_Pseudocheirus_occidentalis    0.0432688 0.0757743 0.0552727 0.0440867 0.0555558 0.0717489 0.0321866 0.0326139 0.0565013 0.0763908 0.0327457 0.0740327 0.0668370 0.0318601 0.0405909 0.0738698 0.0683311 0.0710630 0.0767362 0.0546669 0.0223425 0.1025766 0.0929087 0.0731002 0.0546023 0.0556254 0.0266826 0.0534927 0.0447650 0.0428165 0.0458823 0.0862196 0.0743911 0.0801279 0.0000000 
