35
Burramyidae_Burramys_parvus                  0.0000000 0.1176120 0.0842701 0.0939441 0.1001122 0.1381554 0.0804893 0.0804544 0.0946557 0.1750598 0.0836337 0.1269431 0.1583783 0.0704668 0.0822035 0.1306632 0.1304101 0.1256155 0.1544191 0.0914183 0.0849490 0.1508125 0.1391376 0.1258415 0.0916801 0.1118333 0.0803437 0.0926799 0.0806119 0.1082812 0.0948050 0.0681231 0.1546284 0.1394199 0.1742145 
Notoryctidae_Notoryctes_typhlops             0.1176120 0.0000000 0.1248077 0.1241842 0.1310411 0.1614854 0.1301372 0.1324601 0.1305480 0.1732145 0.1315549 0.1452604 0.1781878 0.1221416 0.1254961 0.1489246 0.1521349 0.1455370 0.1626331 0.1263260 0.1243103 0.1761968 0.1556052 0.1463868 0.1291836 0.1278891 0.1197899 0.1262866 0.1207112 0.1531363 0.1300672 0.1154316 0.1637873 0.1603218 0.1723530 
Vombatidae_Lasiorhinus_latifrons             0.0842701 0.1248077 0.0000000 0.1028213 0.0993707 0.1373974 0.0953969 0.0949182 0.0974824 0.1674291 0.0966835 0.1260643 0.1614779 0.0864410 0.0893100 0.1294372 0.1305885 0.1314158 0.1399383 0.0955236 0.0939240 0.1582566 0.1378170 0.1260463 0.1042552 0.1123100 0.0924988 0.0938212 0.0914957 0.1161014 0.1018870 0.0831970 0.1418961 0.1393236 0.1666446 
Potoroidae_Bettongia_penicillata             0.0939441 0.1241842 0.1028213 0.0000000 0.0076954 0.1460989 0.0957894 0.1002199 0.0204032 0.1744907 0.0998118 0.1352683 0.1698898 0.0905512 0.0947440 0.1365813 0.1376535 0.1350147 0.1624109 0.0326436 0.0997802 0.1711118 0.1544141 0.1374365 0.0582843 0.1213385 0.0915917 0.0342528 0.0921457 0.1186188 0.1065213 0.0871011 0.1625526 0.1469062 0.1736382 
Potoroidae_Bettongia_lesueur                 0.1001122 0.1310411 0.0993707 0.0076954 0.0000000 0.1545812 0.1021056 0.1076085 0.0176318 0.1814801 0.1081957 0.1433060 0.1802472 0.0960508 0.0917267 0.1446772 0.1471044 0.1441646 0.1565905 0.0338905 0.0990262 0.1773478 0.1549605 0.1459287 0.0634093 0.1296602 0.0967395 0.0309421 0.0964165 0.1147790 0.1087614 0.0939525 0.1573273 0.1557424 0.1801317 
Dasyuridae_Dasyurus_maculatus                0.1381554 0.1614854 0.1373974 0.1460989 0.1545812 0.0000000 0.1481658 0.1397707 0.1513722 0.1866533 0.1428205 0.0372294 0.0768991 0.1391502 0.1479504 0.0403294 0.0147243 0.0553400 0.1829532 0.1441048 0.1454487 0.1821066 0.1656266 0.0385110 0.1536130 0.1505025 0.1395670 0.1493619 0.1425975 0.1662954 0.1580966 0.1361332 0.1800654 0.0170353 0.1854977 
Phalangeridae_Trichosurus_vulpecula          0.0804893 0.1301372 0.0953969 0.0957894 0.1021056 0.1481658 0.0000000 0.0485811 0.1034517 0.1778651 0.0514462 0.1342454 0.1718836 0.0397865 0.0926569 0.1363619 0.1403776 0.1334211 0.1632179 0.0978786 0.0976023 0.1726177 0.1536931 0.1368835 0.1002651 0.1225170 0.0904687 0.0995808 0.0920955 0.1180897 0.1023902 0.0408437 0.1643173 0.1499336 0.1775949 
Phalangeridae_Spilocuscus_maculatus          0.0804544 0.1324601 0.0949182 0.1002199 0.1076085 0.1397707 0.0485811 0.0000000 0.1065765 0.1608839 0.0210578 0.1271540 0.1499277 0.0256224 0.0931002 0.1305204 0.1395576 0.1318404 0.1642760 0.0905149 0.0965129 0.1577815 0.1376204 0.1289711 0.1053935 0.1201713 0.0906353 0.1004149 0.0935273 0.1178468 0.1019668 0.0250782 0.1646626 0.1365482 0.1610077 
Potoroidae_Aepyprymnus_rufescens             0.0946557 0.1305480 0.0974824 0.0204032 0.0176318 0.1513722 0.1034517 0.1065765 0.0000000 0.1833056 0.1074399 0.1390363 0.1735705 0.0934128 0.0903190 0.1417783 0.1421984 0.1418807 0.1565272 0.0331223 0.0985372 0.1729608 0.1508990 0.1407339 0.0626815 0.1260219 0.0969298 0.0296511 0.0962787 0.1140234 0.1081990 0.0905966 0.1561620 0.1516279 0.1819223 
Peramelidae_Perameles_nasuta                 0.1750598 0.1732145 0.1674291 0.1744907 0.1814801 0.1866533 0.1778651 0.1608839 0.1833056 0.0000000 0.1517796 0.1856611 0.2174661 0.1687977 0.1748760 0.1864407 0.1897947 0.1850710 0.0481153 0.1504335 0.1736231 0.1910212 0.1809513 0.1854494 0.1841683 0.1666929 0.1720188 0.1725651 0.1660840 0.1972001 0.1661045 0.1678588 0.0515560 0.1874924 0.0016236 
Phalangeridae_Strigocuscus_pelengensis       0.0836337 0.1315549 0.0966835 0.0998118 0.1081957 0.1428205 0.0514462 0.0210578 0.1074399 0.1517796 0.0000000 0.1307094 0.1525811 0.0270613 0.0949598 0.1342715 0.1442115 0.1354450 0.1659177 0.0848046 0.0980223 0.1520555 0.1357955 0.1327402 0.1045937 0.1192320 0.0885294 0.1008368 0.0926513 0.1186293 0.1012162 0.0263205 0.1666360 0.1428595 0.1511163 
Dasyuridae_Phascogale_tapoatafa              0.1269431 0.1452604 0.1260643 0.1352683 0.1433060 0.0372294 0.1342454 0.1271540 0.1390363 0.1856611 0.1307094 0.0000000 0.0592002 0.1260637 0.1397666 0.0054331 0.0372276 0.0423097 0.1756969 0.1347709 0.1374152 0.1758685 0.1551242 0.0129349 0.1400793 0.1420328 0.1319650 0.1400365 0.1319203 0.1627749 0.1465289 0.1233988 0.1804985 0.0406452 0.1849909 
Dasyuridae_Sminthopsis_macroura              0.1583783 0.1781878 0.1614779 0.1698898 0.1802472 0.0768991 0.1718836 0.1499277 0.1735705 0.2174661 0.1525811 0.0592002 0.0000000 0.1568687 0.1641930 0.0595571 0.0779838 0.0506205 0.2095112 0.1503455 0.1682454 0.1952767 0.1779924 0.0651142 0.1788445 0.1736628 0.1630746 0.1723485 0.1598141 0.1930397 0.1773237 0.1555660 0.2178560 0.0729592 0.2172228 
Phalangeridae_Phalanger_orientalis           0.0704668 0.1221416 0.0864410 0.0905512 0.0960508 0.1391502 0.0397865 0.0256224 0.0934128 0.1687977 0.0270613 0.1260637 0.1568687 0.0000000 0.0829179 0.1287154 0.1316947 0.1236485 0.1550467 0.0896662 0.0867961 0.1593818 0.1411681 0.1253409 0.0960018 0.1140232 0.0805660 0.0904529 0.0795476 0.1076980 0.0907290 0.0054194 0.1542178 0.1403029 0.1684812 
Acrobatidae_Acrobates_pygmaeus               0.0822035 0.1254961 0.0893100 0.0947440 0.0917267 0.1479504 0.0926569 0.0931002 0.0903190 0.1748760 0.0949598 0.1397666 0.1641930 0.0829179 0.0000000 0.1436692 0.1394480 0.1355366 0.1436414 0.0900069 0.0786265 0.1641365 0.1396521 0.1390433 0.0987679 0.1197323 0.0779631 0.0848750 0.0786149 0.0939586 0.0593282 0.0837657 0.1443435 0.1487255 0.1745457 
Dasyuridae_Phascogale_calura                 0.1306632 0.1489246 0.1294372 0.1365813 0.1446772 0.0403294 0.1363619 0.1305204 0.1417783 0.1864407 0.1342715 0.0054331 0.0595571 0.1287154 0.1436692 0.0000000 0.0397947 0.0455017 0.1771419 0.1381141 0.1402036 0.1779554 0.1561423 0.0159361 0.1432348 0.1431318 0.1353902 0.1428808 0.1349958 0.1677750 0.1479112 0.1261124 0.1811782 0.0433696 0.1857657 
Dasyuridae_Sarcophilus_harrisii              0.1304101 0.1521349 0.1305885 0.1376535 0.1471044 0.0147243 0.1403776 0.1395576 0.1421984 0.1897947 0.1442115 0.0372276 0.0779838 0.1316947 0.1394480 0.0397947 0.0000000 0.0521943 0.1772566 0.1391818 0.1401898 0.1769513 0.1612932 0.0381856 0.1447052 0.1434873 0.1320838 0.1422204 0.1336732 0.1588964 0.1496416 0.1295758 0.1741304 0.0132937 0.1902288 
Dasyuridae_Planigale_tenuirostris            0.1256155 0.1455370 0.1314158 0.1350147 0.1441646 0.0553400 0.1334211 0.1318404 0.1418807 0.1850710 0.1354450 0.0423097 0.0506205 0.1236485 0.1355366 0.0455017 0.0521943 0.0000000 0.1747706 0.1368104 0.1389836 0.1853826 0.1598507 0.0439831 0.1402286 0.1428296 0.1335161 0.1385910 0.1317194 0.1560465 0.1451374 0.1213656 0.1748576 0.0535767 0.1848551 
Peramelidae_Echymipera_kalubu                0.1544191 0.1626331 0.1399383 0.1624109 0.1565905 0.1829532 0.1632179 0.1642760 0.1565272 0.0481153 0.1659177 0.1756969 0.2095112 0.1550467 0.1436414 0.1771419 0.1772566 0.1747706 0.0000000 0.1552027 0.1518603 0.1956164 0.1786046 0.1747865 0.1691136 0.1684849 0.1548707 0.1498233 0.1493420 0.1686630 0.1529539 0.1553155 0.0286741 0.1852747 0.0474420 
Macropodidae_Dorcopsulus_vanheurni           0.0914183 0.1263260 0.0955236 0.0326436 0.0338905 0.1441048 0.0978786 0.0905149 0.0331223 0.1504335 0.0848046 0.1347709 0.1503455 0.0896662 0.0900069 0.1381141 0.1391818 0.1368104 0.1552027 0.0000000 0.0961526 0.1399496 0.1401855 0.1377795 0.0600826 0.1137313 0.0921119 0.0177055 0.0941992 0.1118652 0.1020054 0.0856464 0.1525948 0.1394359 0.1496594 
Pseudochiridae_Pseudochirulus_forbesi        0.0849490 0.1243103 0.0939240 0.0997802 0.0990262 0.1454487 0.0976023 0.0965129 0.0985372 0.1736231 0.0980223 0.1374152 0.1682454 0.0867961 0.0786265 0.1402036 0.1401898 0.1389836 0.1518603 0.0961526 0.0000000 0.1656122 0.1438361 0.1375282 0.1030674 0.1201377 0.0472309 0.0942642 0.0287058 0.0908372 0.0865259 0.0866167 0.1522412 0.1486375 0.1719310 
Didelphidae_Didelphis_virginiana             0.1508125 0.1761968 0.1582566 0.1711118 0.1773478 0.1821066 0.1726177 0.1577815 0.1729608 0.1910212 0.1520555 0.1758685 0.1952767 0.1593818 0.1641365 0.1779554 0.1769513 0.1853826 0.1956164 0.1399496 0.1656122 0.0000000 0.0638766 0.1786760 0.1776046 0.1631222 0.1565015 0.1690202 0.1564917 0.1933061 0.1674901 0.1579689 0.2050472 0.1810811 0.1906624 
Marmosidae_Monodelphis_domestica             0.1391376 0.1556052 0.1378170 0.1544141 0.1549605 0.1656266 0.1536931 0.1376204 0.1508990 0.1809513 0.1357955 0.1551242 0.1779924 0.1411681 0.1396521 0.1561423 0.1612932 0.1598507 0.1786046 0.1401855 0.1438361 0.0638766 0.0000000 0.1561707 0.1542641 0.1347496 0.1393632 0.1499164 0.1406907 0.1700703 0.1460682 0.1386690 0.1768770 0.1628394 0.1791843 
Dasyuridae_Antechinus_stuartii               0.1258415 0.1463868 0.1260463 0.1374365 0.1459287 0.0385110 0.1368835 0.1289711 0.1407339 0.1854494 0.1327402 0.0129349 0.0651142 0.1253409 0.1390433 0.0159361 0.0381856 0.0439831 0.1747865 0.1377795 0.1375282 0.1786760 0.1561707 0.0000000 0.1439610 0.1398315 0.1323315 0.1427039 0.1313029 0.1651313 0.1491860 0.1226665 0.1786052 0.0427827 0.1857041 
Hypsiprymnodontidae_Hypsiprymnodon_moschatus 0.0916801 0.1291836 0.1042552 0.0582843 0.0634093 0.1536130 0.1002651 0.1053935 0.0626815 0.1841683 0.1045937 0.1400793 0.1788445 0.0960018 0.0987679 0.1432348 0.1447052 0.1402286 0.1691136 0.0600826 0.1030674 0.1776046 0.1542641 0.1439610 0.0000000 0.1239689 0.0938787 0.0603770 0.0945607 0.1288119 0.1052821 0.0951240 0.1704834 0.1552343 0.1827774 
Microbiotheriidae_Dromiciops_gliroides       0.1118333 0.1278891 0.1123100 0.1213385 0.1296602 0.1505025 0.1225170 0.1201713 0.1260219 0.1666929 0.1192320 0.1420328 0.1736628 0.1140232 0.1197323 0.1431318 0.1434873 0.1428296 0.1684849 0.1137313 0.1201377 0.1631222 0.1347496 0.1398315 0.1239689 0.0000000 0.1137299 0.1243233 0.1130834 0.1522528 0.1207965 0.1080169 0.1690399 0.1537445 0.1656897 
Pseudochiridae_Petauroides_volans            0.0803437 0.1197899 0.0924988 0.0915917 0.0967395 0.1395670 0.0904687 0.0906353 0.0969298 0.1720188 0.0885294 0.1319650 0.1630746 0.0805660 0.0779631 0.1353902 0.1320838 0.1335161 0.1548707 0.0921119 0.0472309 0.1565015 0.1393632 0.1323315 0.0938787 0.1137299 0.0000000 0.0911909 0.0410915 0.0938491 0.0793915 0.0790370 0.1580420 0.1423102 0.1712282 
Macropodidae_Wallabia_bicolor                0.0926799 0.1262866 0.0938212 0.0342528 0.0309421 0.1493619 0.0995808 0.1004149 0.0296511 0.1725651 0.1008368 0.1400365 0.1723485 0.0904529 0.0848750 0.1428808 0.1422204 0.1385910 0.1498233 0.0177055 0.0942642 0.1690202 0.1499164 0.1427039 0.0603770 0.1243233 0.0911909 0.0000000 0.0939419 0.1065852 0.1032185 0.0878623 0.1470541 0.1494412 0.1707551 
Pseudochiridae_Pseudocheirus_occidentalis    0.0806119 0.1207112 0.0914957 0.0921457 0.0964165 0.1425975 0.0920955 0.0935273 0.0962787 0.1660840 0.0926513 0.1319203 0.1598141 0.0795476 0.0786149 0.1349958 0.1336732 0.1317194 0.1493420 0.0941992 0.0287058 0.1564917 0.1406907 0.1313029 0.0945607 0.1130834 0.0410915 0.0939419 0.0000000 0.0925511 0.0836679 0.0793933 0.1484515 0.1421830 0.1647358 
Tarsipedidae_Tarsipes_rostratus              0.1082812 0.1531363 0.1161014 0.1186188 0.1147790 0.1662954 0.1180897 0.1178468 0.1140234 0.1972001 0.1186293 0.1627749 0.1930397 0.1076980 0.0939586 0.1677750 0.1588964 0.1560465 0.1686630 0.1118652 0.0908372 0.1933061 0.1700703 0.1651313 0.1288119 0.1522528 0.0938491 0.1065852 0.0925511 0.0000000 0.1101605 0.1074856 0.1682763 0.1714989 0.1962234 
Acrobatidae_Distoechurus_pennatus            0.0948050 0.1300672 0.1018870 0.1065213 0.1087614 0.1580966 0.1023902 0.1019668 0.1081990 0.1661045 0.1012162 0.1465289 0.1773237 0.0907290 0.0593282 0.1479112 0.1496416 0.1451374 0.1529539 0.1020054 0.0865259 0.1674901 0.1460682 0.1491860 0.1052821 0.1207965 0.0793915 0.1032185 0.0836679 0.1101605 0.0000000 0.0919265 0.1527534 0.1595631 0.1647060 
Phalangeridae_Phalanger_carmelitae           0.0681231 0.1154316 0.0831970 0.0871011 0.0939525 0.1361332 0.0408437 0.0250782 0.0905966 0.1678588 0.0263205 0.1233988 0.1555660 0.0054194 0.0837657 0.1261124 0.1295758 0.1213656 0.1553155 0.0856464 0.0866167 0.1579689 0.1386690 0.1226665 0.0951240 0.1080169 0.0790370 0.0878623 0.0793933 0.1074856 0.0919265 0.0000000 0.1548350 0.1376003 0.1675333 
Peramelidae_Peroryctes_raffrayana            0.1546284 0.1637873 0.1418961 0.1625526 0.1573273 0.1800654 0.1643173 0.1646626 0.1561620 0.0515560 0.1666360 0.1804985 0.2178560 0.1542178 0.1443435 0.1811782 0.1741304 0.1748576 0.0286741 0.1525948 0.1522412 0.2050472 0.1768770 0.1786052 0.1704834 0.1690399 0.1580420 0.1470541 0.1484515 0.1682763 0.1527534 0.1548350 0.0000000 0.1818406 0.0506404 
Dasyuridae_Dasyurus_geffroii                 0.1394199 0.1603218 0.1393236 0.1469062 0.1557424 0.0170353 0.1499336 0.1365482 0.1516279 0.1874924 0.1428595 0.0406452 0.0729592 0.1403029 0.1487255 0.0433696 0.0132937 0.0535767 0.1852747 0.1394359 0.1486375 0.1810811 0.1628394 0.0427827 0.1552343 0.1537445 0.1423102 0.1494412 0.1421830 0.1714989 0.1595631 0.1376003 0.1818406 0.0000000 0.1884168 
Peramelidae_Perameles_gunnii                 0.1742145 0.1723530 0.1666446 0.1736382 0.1801317 0.1854977 0.1775949 0.1610077 0.1819223 0.0016236 0.1511163 0.1849909 0.2172228 0.1684812 0.1745457 0.1857657 0.1902288 0.1848551 0.0474420 0.1496594 0.1719310 0.1906624 0.1791843 0.1857041 0.1827774 0.1656897 0.1712282 0.1707551 0.1647358 0.1962234 0.1647060 0.1675333 0.0506404 0.1884168 0.0000000 
