35
Burramyidae_Burramys_parvus                  0.0000000 0.0903804 0.0619597 0.0628330 0.0618747 0.1008597 0.0818263 0.0840246 0.0612869 0.0951528 0.0753731 0.0926505 0.0988172 0.0804688 0.0673523 0.0920795 0.0975142 0.0951361 0.0930293 0.0667300 0.1020732 0.1291794 0.1268968 0.0955358 0.0671471 0.0844101 0.0774748 0.0634856 0.0908799 0.0706434 0.0674356 0.1071713 0.0986447 0.0994155 0.0959263 
Notoryctidae_Notoryctes_typhlops             0.0903804 0.0000000 0.0636159 0.0604456 0.0627980 0.0898411 0.0796417 0.0808334 0.0632618 0.0793542 0.0699290 0.0857984 0.0899773 0.0690309 0.0607134 0.0851990 0.0882457 0.0855535 0.0798326 0.0657798 0.1088439 0.1228685 0.1187207 0.0884036 0.0627049 0.0684578 0.0806283 0.0615949 0.0955452 0.0694511 0.0706060 0.0883566 0.0789650 0.0932947 0.0783796 
Vombatidae_Lasiorhinus_latifrons             0.0619597 0.0636159 0.0000000 0.0417606 0.0408742 0.0726461 0.0586257 0.0599195 0.0412751 0.0719581 0.0471380 0.0657239 0.0712631 0.0606439 0.0470019 0.0651592 0.0715909 0.0696173 0.0674615 0.0444062 0.0853686 0.1040321 0.1007621 0.0669498 0.0466625 0.0580300 0.0511968 0.0411966 0.0756320 0.0476666 0.0471215 0.0829518 0.0699497 0.0734740 0.0720043 
Potoroidae_Bettongia_penicillata             0.0628330 0.0604456 0.0417606 0.0000000 0.0032419 0.0783336 0.0554404 0.0570019 0.0081696 0.0695577 0.0501667 0.0676208 0.0725862 0.0553849 0.0400404 0.0675406 0.0762170 0.0715645 0.0641210 0.0136661 0.0820957 0.1040319 0.1021823 0.0734129 0.0258695 0.0617761 0.0537274 0.0103523 0.0774550 0.0483612 0.0490650 0.0802369 0.0674454 0.0775085 0.0687125 
Potoroidae_Bettongia_lesueur                 0.0618747 0.0627980 0.0408742 0.0032419 0.0000000 0.0784471 0.0559834 0.0575581 0.0073525 0.0724239 0.0508550 0.0687664 0.0731780 0.0559274 0.0410523 0.0686847 0.0763276 0.0715340 0.0673874 0.0140866 0.0832096 0.1073218 0.1029257 0.0741613 0.0250235 0.0608230 0.0548172 0.0095251 0.0790367 0.0477890 0.0496062 0.0796843 0.0701924 0.0776201 0.0720380 
Dasyuridae_Dasyurus_maculatus                0.1008597 0.0898411 0.0726461 0.0783336 0.0784471 0.0000000 0.0877144 0.0815494 0.0799518 0.0811478 0.0776486 0.0192538 0.0254312 0.0833154 0.0735054 0.0179672 0.0086064 0.0270822 0.0780882 0.0792200 0.1193715 0.1178962 0.1121550 0.0180056 0.0767004 0.0741456 0.0797899 0.0758710 0.1126401 0.0762025 0.0791401 0.1062720 0.0836918 0.0053106 0.0806822 
Phalangeridae_Trichosurus_vulpecula          0.0818263 0.0796417 0.0586257 0.0554404 0.0559834 0.0877144 0.0000000 0.0277196 0.0563813 0.0893230 0.0295780 0.0761973 0.0816893 0.0351799 0.0632071 0.0773246 0.0867143 0.0786356 0.0839690 0.0547813 0.1019082 0.1133405 0.0998586 0.0826323 0.0575649 0.0757550 0.0629981 0.0510891 0.0980152 0.0632440 0.0662553 0.0403552 0.0870133 0.0869479 0.0894834 
Phalangeridae_Spilocuscus_maculatus          0.0840246 0.0808334 0.0599195 0.0570019 0.0575581 0.0815494 0.0277196 0.0000000 0.0584358 0.0810237 0.0285530 0.0757794 0.0820022 0.0282269 0.0633746 0.0764568 0.0800375 0.0786985 0.0797286 0.0577896 0.0981622 0.1173075 0.1014682 0.0829790 0.0586659 0.0766753 0.0624053 0.0556034 0.0944200 0.0639998 0.0647935 0.0232388 0.0838977 0.0809109 0.0811059 
Potoroidae_Aepyprymnus_rufescens             0.0612869 0.0632618 0.0412751 0.0081696 0.0073525 0.0799518 0.0563813 0.0584358 0.0000000 0.0748923 0.0520910 0.0718121 0.0739660 0.0562552 0.0419522 0.0696575 0.0783715 0.0743893 0.0693378 0.0153760 0.0819334 0.1091520 0.1039878 0.0762112 0.0267563 0.0623691 0.0537168 0.0120518 0.0808412 0.0478336 0.0500313 0.0806610 0.0717110 0.0785798 0.0740452 
Peramelidae_Perameles_nasuta                 0.0951528 0.0793542 0.0719581 0.0695577 0.0724239 0.0811478 0.0893230 0.0810237 0.0748923 0.0000000 0.0848771 0.0797781 0.0831205 0.0815532 0.0717335 0.0808151 0.0801220 0.0881049 0.0131675 0.0742098 0.1190370 0.1134364 0.1115492 0.0842589 0.0799414 0.0687908 0.0893639 0.0714799 0.1076391 0.0748636 0.0803656 0.1054189 0.0176067 0.0835885 0.0012064 
Phalangeridae_Strigocuscus_pelengensis       0.0753731 0.0699290 0.0471380 0.0501667 0.0508550 0.0776486 0.0295780 0.0285530 0.0520910 0.0848771 0.0000000 0.0664680 0.0742247 0.0219224 0.0463212 0.0664207 0.0778392 0.0650330 0.0809136 0.0496682 0.0993807 0.1103283 0.0892889 0.0709107 0.0526837 0.0667466 0.0510563 0.0476404 0.0920427 0.0506522 0.0541271 0.0453795 0.0825832 0.0758117 0.0849480 
Dasyuridae_Phascogale_tapoatafa              0.0926505 0.0857984 0.0657239 0.0676208 0.0687664 0.0192538 0.0761973 0.0757794 0.0718121 0.0797781 0.0664680 0.0000000 0.0187364 0.0775176 0.0657582 0.0036301 0.0179792 0.0204433 0.0768334 0.0700688 0.1150176 0.1125138 0.1090406 0.0103495 0.0703745 0.0713226 0.0760353 0.0689492 0.1068851 0.0731148 0.0718893 0.1008501 0.0829449 0.0193053 0.0794162 
Dasyuridae_Sminthopsis_macroura              0.0988172 0.0899773 0.0712631 0.0725862 0.0731780 0.0254312 0.0816893 0.0820022 0.0739660 0.0831205 0.0742247 0.0187364 0.0000000 0.0802016 0.0700664 0.0178653 0.0254640 0.0204447 0.0779714 0.0734436 0.1154023 0.1155851 0.1130569 0.0179707 0.0726744 0.0738061 0.0787768 0.0723290 0.1101906 0.0776947 0.0735716 0.1012537 0.0808139 0.0250549 0.0827609 
Phalangeridae_Phalanger_orientalis           0.0804688 0.0690309 0.0606439 0.0553849 0.0559274 0.0833154 0.0351799 0.0282269 0.0562552 0.0815532 0.0219224 0.0775176 0.0802016 0.0000000 0.0556026 0.0775677 0.0801792 0.0776941 0.0836417 0.0546150 0.0957093 0.1152184 0.1027966 0.0812628 0.0584480 0.0781176 0.0635763 0.0534675 0.0895542 0.0573046 0.0641280 0.0241387 0.0833650 0.0852339 0.0815938 
Acrobatidae_Acrobates_pygmaeus               0.0673523 0.0607134 0.0470019 0.0400404 0.0410523 0.0735054 0.0632071 0.0633746 0.0419522 0.0717335 0.0463212 0.0657582 0.0700664 0.0556026 0.0000000 0.0662709 0.0703142 0.0614508 0.0726335 0.0450203 0.0803395 0.1005846 0.0952089 0.0730936 0.0493011 0.0629285 0.0472996 0.0409526 0.0719554 0.0445408 0.0277171 0.0798318 0.0750713 0.0726690 0.0708758 
Dasyuridae_Phascogale_calura                 0.0920795 0.0851990 0.0651592 0.0675406 0.0686847 0.0179672 0.0773246 0.0764568 0.0696575 0.0808151 0.0664207 0.0036301 0.0178653 0.0775677 0.0662709 0.0000000 0.0171269 0.0213842 0.0757152 0.0689303 0.1131710 0.1097881 0.1097680 0.0085972 0.0692770 0.0712768 0.0744106 0.0678477 0.1049426 0.0731995 0.0719481 0.0996922 0.0839959 0.0175826 0.0804542 
Dasyuridae_Sarcophilus_harrisii              0.0975142 0.0882457 0.0715909 0.0762170 0.0763276 0.0086064 0.0867143 0.0800375 0.0783715 0.0801220 0.0778392 0.0179792 0.0254640 0.0801792 0.0703142 0.0171269 0.0000000 0.0266336 0.0792848 0.0765451 0.1167451 0.1140513 0.1065123 0.0170927 0.0758850 0.0721006 0.0794001 0.0743308 0.1112327 0.0774087 0.0770651 0.1052901 0.0838698 0.0086549 0.0796567 
Dasyuridae_Planigale_tenuirostris            0.0951361 0.0855535 0.0696173 0.0715645 0.0715340 0.0270822 0.0786356 0.0786985 0.0743893 0.0881049 0.0650330 0.0204433 0.0204447 0.0776941 0.0614508 0.0213842 0.0266336 0.0000000 0.0836661 0.0733317 0.1121388 0.1162879 0.1079260 0.0221197 0.0704112 0.0730592 0.0776192 0.0706237 0.1101522 0.0742771 0.0709797 0.0953741 0.0886320 0.0266887 0.0883904 
Peramelidae_Echymipera_kalubu                0.0930293 0.0798326 0.0674615 0.0641210 0.0673874 0.0780882 0.0839690 0.0797286 0.0693378 0.0131675 0.0809136 0.0768334 0.0779714 0.0836417 0.0726335 0.0757152 0.0792848 0.0836661 0.0000000 0.0707116 0.1197221 0.1089069 0.1084028 0.0805239 0.0726259 0.0654810 0.0834471 0.0663899 0.1069975 0.0748570 0.0768505 0.1052836 0.0128158 0.0799805 0.0136173 
Macropodidae_Dorcopsulus_vanheurni           0.0667300 0.0657798 0.0444062 0.0136661 0.0140866 0.0792200 0.0547813 0.0577896 0.0153760 0.0742098 0.0496682 0.0700688 0.0734436 0.0546150 0.0450203 0.0689303 0.0765451 0.0733317 0.0707116 0.0000000 0.0856801 0.1092707 0.1052166 0.0755027 0.0264569 0.0615678 0.0534555 0.0057828 0.0824506 0.0487539 0.0507093 0.0783175 0.0741057 0.0778435 0.0754539 
Pseudochiridae_Pseudochirulus_forbesi        0.1020732 0.1088439 0.0853686 0.0820957 0.0832096 0.1193715 0.1019082 0.0981622 0.0819334 0.1190370 0.0993807 0.1150176 0.1154023 0.0957093 0.0803395 0.1131710 0.1167451 0.1121388 0.1197221 0.0856801 0.0000000 0.1534836 0.1484979 0.1199215 0.0850737 0.1035652 0.0712228 0.0812518 0.0318734 0.0697309 0.0836960 0.1205443 0.1211257 0.1189377 0.1173786 
Didelphidae_Didelphis_virginiana             0.1291794 0.1228685 0.1040321 0.1040319 0.1073218 0.1178962 0.1133405 0.1173075 0.1091520 0.1134364 0.1103283 0.1125138 0.1155851 0.1152184 0.1005846 0.1097881 0.1140513 0.1162879 0.1089069 0.1092707 0.1534836 0.0000000 0.0360045 0.1157122 0.1039132 0.1102263 0.1118718 0.1051344 0.1465965 0.1086556 0.1074924 0.1408088 0.1109601 0.1177590 0.1121114 
Marmosidae_Monodelphis_domestica             0.1268968 0.1187207 0.1007621 0.1021823 0.1029257 0.1121550 0.0998586 0.1014682 0.1039878 0.1115492 0.0892889 0.1090406 0.1130569 0.1027966 0.0952089 0.1097680 0.1065123 0.1079260 0.1084028 0.1052166 0.1484979 0.0360045 0.0000000 0.1177301 0.0992784 0.1022918 0.1023594 0.0983956 0.1404845 0.1015417 0.1075709 0.1248092 0.1091877 0.1102901 0.1118205 
Dasyuridae_Antechinus_stuartii               0.0955358 0.0884036 0.0669498 0.0734129 0.0741613 0.0180056 0.0826323 0.0829790 0.0762112 0.0842589 0.0709107 0.0103495 0.0179707 0.0812628 0.0730936 0.0085972 0.0170927 0.0221197 0.0805239 0.0755027 0.1199215 0.1157122 0.1177301 0.0000000 0.0745720 0.0770903 0.0792061 0.0743361 0.1124056 0.0823800 0.0769502 0.1053067 0.0853836 0.0181220 0.0838303 
Hypsiprymnodontidae_Hypsiprymnodon_moschatus 0.0671471 0.0627049 0.0466625 0.0258695 0.0250235 0.0767004 0.0575649 0.0586659 0.0267563 0.0799414 0.0526837 0.0703745 0.0726744 0.0584480 0.0493011 0.0692770 0.0758850 0.0704112 0.0726259 0.0264569 0.0850737 0.1039132 0.0992784 0.0745720 0.0000000 0.0622158 0.0534135 0.0221290 0.0835819 0.0473478 0.0524958 0.0808833 0.0738305 0.0770771 0.0790911 
Microbiotheriidae_Dromiciops_gliroides       0.0844101 0.0684578 0.0580300 0.0617761 0.0608230 0.0741456 0.0757550 0.0766753 0.0623691 0.0687908 0.0667466 0.0713226 0.0738061 0.0781176 0.0629285 0.0712768 0.0721006 0.0730592 0.0654810 0.0615678 0.1035652 0.1102263 0.1022918 0.0770903 0.0622158 0.0000000 0.0725488 0.0558916 0.0978693 0.0641107 0.0662102 0.0975405 0.0676933 0.0743267 0.0689480 
Pseudochiridae_Petauroides_volans            0.0774748 0.0806283 0.0511968 0.0537274 0.0548172 0.0797899 0.0629981 0.0624053 0.0537168 0.0893639 0.0510563 0.0760353 0.0787768 0.0635763 0.0472996 0.0744106 0.0794001 0.0776192 0.0834471 0.0534555 0.0712228 0.1118718 0.1023594 0.0792061 0.0534135 0.0725488 0.0000000 0.0512805 0.0642361 0.0447843 0.0494578 0.0862455 0.0865761 0.0795626 0.0883922 
Macropodidae_Wallabia_bicolor                0.0634856 0.0615949 0.0411966 0.0103523 0.0095251 0.0758710 0.0510891 0.0556034 0.0120518 0.0714799 0.0476404 0.0689492 0.0723290 0.0534675 0.0409526 0.0678477 0.0743308 0.0706237 0.0663899 0.0057828 0.0812518 0.1051344 0.0983956 0.0743361 0.0221290 0.0558916 0.0512805 0.0000000 0.0782555 0.0458879 0.0475824 0.0717749 0.0697972 0.0743859 0.0716936 
Pseudochiridae_Pseudocheirus_occidentalis    0.0908799 0.0955452 0.0756320 0.0774550 0.0790367 0.1126401 0.0980152 0.0944200 0.0808412 0.1076391 0.0920427 0.1068851 0.1101906 0.0895542 0.0719554 0.1049426 0.1112327 0.1101522 0.1069975 0.0824506 0.0318734 0.1465965 0.1404845 0.1124056 0.0835819 0.0978693 0.0642361 0.0782555 0.0000000 0.0646167 0.0759443 0.1206119 0.1101471 0.1156473 0.1059555 
Tarsipedidae_Tarsipes_rostratus              0.0706434 0.0694511 0.0476666 0.0483612 0.0477890 0.0762025 0.0632440 0.0639998 0.0478336 0.0748636 0.0506522 0.0731148 0.0776947 0.0573046 0.0445408 0.0731995 0.0774087 0.0742771 0.0748570 0.0487539 0.0697309 0.1086556 0.1015417 0.0823800 0.0473478 0.0641107 0.0447843 0.0458879 0.0646167 0.0000000 0.0444881 0.0800307 0.0772617 0.0797832 0.0739537 
Acrobatidae_Distoechurus_pennatus            0.0674356 0.0706060 0.0471215 0.0490650 0.0496062 0.0791401 0.0662553 0.0647935 0.0500313 0.0803656 0.0541271 0.0718893 0.0735716 0.0641280 0.0277171 0.0719481 0.0770651 0.0709797 0.0768505 0.0507093 0.0836960 0.1074924 0.1075709 0.0769502 0.0524958 0.0662102 0.0494578 0.0475824 0.0759443 0.0444881 0.0000000 0.0856743 0.0780127 0.0782446 0.0793744 
Phalangeridae_Phalanger_carmelitae           0.1071713 0.0883566 0.0829518 0.0802369 0.0796843 0.1062720 0.0403552 0.0232388 0.0806610 0.1054189 0.0453795 0.1008501 0.1012537 0.0241387 0.0798318 0.0996922 0.1052901 0.0953741 0.1052836 0.0783175 0.1205443 0.1408088 0.1248092 0.1053067 0.0808833 0.0975405 0.0862455 0.0717749 0.1206119 0.0800307 0.0856743 0.0000000 0.1089948 0.1085706 0.1055361 
Peramelidae_Peroryctes_raffrayana            0.0986447 0.0789650 0.0699497 0.0674454 0.0701924 0.0836918 0.0870133 0.0838977 0.0717110 0.0176067 0.0825832 0.0829449 0.0808139 0.0833650 0.0750713 0.0839959 0.0838698 0.0886320 0.0128158 0.0741057 0.1211257 0.1109601 0.1091877 0.0853836 0.0738305 0.0676933 0.0865761 0.0697972 0.1101471 0.0772617 0.0780127 0.1089948 0.0000000 0.0862091 0.0180286 
Dasyuridae_Dasyurus_geffroii                 0.0994155 0.0932947 0.0734740 0.0775085 0.0776201 0.0053106 0.0869479 0.0809109 0.0785798 0.0835885 0.0758117 0.0193053 0.0250549 0.0852339 0.0726690 0.0175826 0.0086549 0.0266887 0.0799805 0.0778435 0.1189377 0.1177590 0.1102901 0.0181220 0.0770771 0.0743267 0.0795626 0.0743859 0.1156473 0.0797832 0.0782446 0.1085706 0.0862091 0.0000000 0.0831202 
Peramelidae_Perameles_gunnii                 0.0959263 0.0783796 0.0720043 0.0687125 0.0720380 0.0806822 0.0894834 0.0811059 0.0740452 0.0012064 0.0849480 0.0794162 0.0827609 0.0815938 0.0708758 0.0804542 0.0796567 0.0883904 0.0136173 0.0754539 0.1173786 0.1121114 0.1118205 0.0838303 0.0790911 0.0689480 0.0883922 0.0716936 0.1059555 0.0739537 0.0793744 0.1055361 0.0180286 0.0831202 0.0000000 
