35
Burramyidae_Burramys_parvus                  0.0000000 0.0811534 0.0617673 0.0904553 0.0895635 0.0650857 0.0463473 0.0655081 0.0974276 0.1032840 0.0572352 0.0796143 0.0960836 0.0693454 0.0599045 0.0820179 0.0846291 0.0922796 0.1041139 0.0894850 0.0603396 0.1198406 0.0929819 0.0777259 0.0877093 0.0921792 0.0555599 0.0892358 0.0688026 0.0632140 0.0596185 0.0635228 0.1071647 0.0664378 0.0997193 
Notoryctidae_Notoryctes_typhlops             0.0811534 0.0000000 0.0832647 0.1029210 0.1001729 0.0781581 0.0792637 0.1047826 0.1055173 0.0832814 0.0955054 0.0797546 0.1009308 0.1145743 0.0899004 0.0801055 0.0791547 0.0970396 0.0970378 0.0963846 0.0918342 0.1143536 0.0885436 0.0770304 0.1053484 0.0931181 0.0911599 0.0964785 0.0998462 0.0999322 0.0836648 0.1013169 0.0804744 0.0813133 0.0862050 
Vombatidae_Lasiorhinus_latifrons             0.0617673 0.0832647 0.0000000 0.1079675 0.1087092 0.0657152 0.0629556 0.0785143 0.1103267 0.1048312 0.0678243 0.0869528 0.1013880 0.0801851 0.0750572 0.0872438 0.0901344 0.1007554 0.1072596 0.1003146 0.0617981 0.1275224 0.0988071 0.0806327 0.1018616 0.0858930 0.0569756 0.1000884 0.0739646 0.0707105 0.0732637 0.0804504 0.1067176 0.0648358 0.1013207 
Potoroidae_Bettongia_penicillata             0.0904553 0.1029210 0.1079675 0.0000000 0.0050695 0.0796629 0.0908742 0.0934246 0.0189321 0.1047497 0.1021048 0.0925566 0.1074518 0.1179305 0.0818104 0.0944341 0.0984709 0.1246775 0.1153090 0.0289959 0.0928900 0.1500132 0.1222041 0.0898204 0.0535895 0.1205498 0.0898737 0.0256921 0.0803675 0.0783999 0.0769675 0.1150708 0.1046159 0.0805565 0.1061763 
Potoroidae_Bettongia_lesueur                 0.0895635 0.1001729 0.1087092 0.0050695 0.0000000 0.0814229 0.0923834 0.0933956 0.0199246 0.1039271 0.1012785 0.0940628 0.1073683 0.1183352 0.0821418 0.0960012 0.0986628 0.1232979 0.1151439 0.0289156 0.0943421 0.1476294 0.1221869 0.0926318 0.0527790 0.1210278 0.0893399 0.0266977 0.0825209 0.0776570 0.0760444 0.1153967 0.1046612 0.0823217 0.1040188 
Dasyuridae_Dasyurus_maculatus                0.0650857 0.0781581 0.0657152 0.0796629 0.0814229 0.0000000 0.0629295 0.0968870 0.0856737 0.0708339 0.0759680 0.0139569 0.0369583 0.0997662 0.0700880 0.0139380 0.0088852 0.0260921 0.0773475 0.0785038 0.0727505 0.0985907 0.0684156 0.0123200 0.0815272 0.0737462 0.0653857 0.0768227 0.0865560 0.0829228 0.0669965 0.0879897 0.0680811 0.0087989 0.0732279 
Phalangeridae_Trichosurus_vulpecula          0.0463473 0.0792637 0.0629556 0.0908742 0.0923834 0.0629295 0.0000000 0.0426371 0.0953411 0.1037271 0.0310306 0.0801216 0.0971035 0.0477677 0.0609611 0.0832236 0.0850259 0.1000741 0.1092118 0.0909590 0.0617378 0.1249119 0.0979362 0.0772710 0.0849810 0.0903123 0.0529284 0.0881017 0.0648851 0.0634419 0.0559355 0.0386159 0.1053373 0.0628657 0.1004834 
Phalangeridae_Spilocuscus_maculatus          0.0655081 0.1047826 0.0785143 0.0934246 0.0933956 0.0968870 0.0426371 0.0000000 0.0998142 0.1059481 0.0202785 0.0899546 0.1125883 0.0180985 0.0769528 0.0938500 0.0919241 0.1106019 0.1173998 0.0945588 0.0795142 0.1367886 0.1176359 0.0897129 0.0904816 0.1057787 0.0760999 0.0922098 0.0983678 0.0921974 0.0720510 0.0125137 0.1047589 0.0967748 0.1054283 
Potoroidae_Aepyprymnus_rufescens             0.0974276 0.1055173 0.1103267 0.0189321 0.0199246 0.0856737 0.0953411 0.0998142 0.0000000 0.1124698 0.1044677 0.0988779 0.1110140 0.1244154 0.0838232 0.0991690 0.1040719 0.1252892 0.1218080 0.0295223 0.0977699 0.1544948 0.1252729 0.0965060 0.0593052 0.1262971 0.0928145 0.0279261 0.0917839 0.0807940 0.0789737 0.1219255 0.1094916 0.0856440 0.1101717 
Peramelidae_Perameles_nasuta                 0.1032840 0.0832814 0.1048312 0.1047497 0.1039271 0.0708339 0.1037271 0.1059481 0.1124698 0.0000000 0.1086468 0.0750841 0.0962433 0.1356525 0.0926106 0.0761911 0.0783608 0.0901242 0.0278885 0.1072638 0.1087606 0.1338407 0.1085394 0.0732201 0.1040860 0.1076535 0.1000955 0.1041823 0.0886615 0.0857024 0.0896392 0.1311184 0.0172309 0.0714016 0.0010884 
Phalangeridae_Strigocuscus_pelengensis       0.0572352 0.0955054 0.0678243 0.1021048 0.1012785 0.0759680 0.0310306 0.0202785 0.1044677 0.1086468 0.0000000 0.0868385 0.1044746 0.0268031 0.0721564 0.0898112 0.0889178 0.1117020 0.1166200 0.1009025 0.0705170 0.1372846 0.1104575 0.0863540 0.0919967 0.1009117 0.0656771 0.0957490 0.0887093 0.0788088 0.0689988 0.0181906 0.1112897 0.0758048 0.1072440 
Dasyuridae_Phascogale_tapoatafa              0.0796143 0.0797546 0.0869528 0.0925566 0.0940628 0.0139569 0.0801216 0.0899546 0.0988779 0.0750841 0.0868385 0.0000000 0.0331442 0.1125893 0.0794747 0.0040665 0.0162317 0.0250167 0.0823439 0.0951715 0.0935081 0.1246166 0.0933089 0.0056878 0.0914315 0.0918315 0.0798082 0.0919419 0.0813332 0.0807235 0.0782075 0.1085171 0.0782645 0.0145183 0.0764807 
Dasyuridae_Sminthopsis_macroura              0.0960836 0.1009308 0.1013880 0.1074518 0.1073683 0.0369583 0.0971035 0.1125883 0.1110140 0.0962433 0.1044746 0.0331442 0.0000000 0.1324946 0.0949116 0.0342485 0.0356052 0.0265448 0.0961603 0.1089388 0.1084706 0.1454564 0.1115693 0.0327944 0.1047157 0.1113800 0.0956090 0.1063077 0.1046659 0.0955521 0.0949098 0.1283655 0.0970892 0.0387982 0.0955354 
Phalangeridae_Phalanger_orientalis           0.0693454 0.1145743 0.0801851 0.1179305 0.1183352 0.0997662 0.0477677 0.0180985 0.1244154 0.1356525 0.0268031 0.1125893 0.1324946 0.0000000 0.0861636 0.1156749 0.1157754 0.1484553 0.1397827 0.1169674 0.0828061 0.1550025 0.1267705 0.1104172 0.1075991 0.1228479 0.0780188 0.1136357 0.1092013 0.0976092 0.0856748 0.0079393 0.1390377 0.0996524 0.1310113 
Acrobatidae_Acrobates_pygmaeus               0.0599045 0.0899004 0.0750572 0.0818104 0.0821418 0.0700880 0.0609611 0.0769528 0.0838232 0.0926106 0.0721564 0.0794747 0.0949116 0.0861636 0.0000000 0.0797578 0.0848620 0.0956079 0.0999366 0.0762304 0.0668527 0.1182516 0.0950086 0.0753668 0.0762472 0.0986415 0.0593856 0.0744714 0.0721823 0.0641576 0.0372218 0.0857915 0.0916473 0.0701891 0.0902010 
Dasyuridae_Phascogale_calura                 0.0820179 0.0801055 0.0872438 0.0944341 0.0960012 0.0139380 0.0832236 0.0938500 0.0991690 0.0761911 0.0898112 0.0040665 0.0342485 0.1156749 0.0797578 0.0000000 0.0167597 0.0250054 0.0825990 0.0969143 0.0945586 0.1248644 0.0936187 0.0067255 0.0931541 0.0912558 0.0794988 0.0936195 0.0821001 0.0817008 0.0798931 0.1122258 0.0785159 0.0144986 0.0767526 
Dasyuridae_Sarcophilus_harrisii              0.0846291 0.0791547 0.0901344 0.0984709 0.0986628 0.0088852 0.0850259 0.0919241 0.1040719 0.0783608 0.0889178 0.0162317 0.0356052 0.1157754 0.0848620 0.0167597 0.0000000 0.0241781 0.0821321 0.0960766 0.0980149 0.1304237 0.0982535 0.0163793 0.0946260 0.0965926 0.0804367 0.0948655 0.0834983 0.0835879 0.0837528 0.1129692 0.0806734 0.0077498 0.0788215 
Dasyuridae_Planigale_tenuirostris            0.0922796 0.0970396 0.1007554 0.1246775 0.1232979 0.0260921 0.1000741 0.1106019 0.1252892 0.0901242 0.1117020 0.0250167 0.0265448 0.1484553 0.0956079 0.0250054 0.0241781 0.0000000 0.1024406 0.1189020 0.1206795 0.1525872 0.1130633 0.0250248 0.1196959 0.1154420 0.1055414 0.1156601 0.0969312 0.0983894 0.0974187 0.1496742 0.0974805 0.0277208 0.0921796 
Peramelidae_Echymipera_kalubu                0.1041139 0.0970378 0.1072596 0.1153090 0.1151439 0.0773475 0.1092118 0.1173998 0.1218080 0.0278885 0.1166200 0.0823439 0.0961603 0.1397827 0.0999366 0.0825990 0.0821321 0.1024406 0.0000000 0.1151822 0.1138857 0.1337116 0.1135615 0.0794128 0.1107503 0.1189733 0.1050952 0.1136699 0.0974415 0.0931318 0.1010307 0.1357955 0.0284468 0.0779052 0.0263894 
Macropodidae_Dorcopsulus_vanheurni           0.0894850 0.0963846 0.1003146 0.0289959 0.0289156 0.0785038 0.0909590 0.0945588 0.0295223 0.1072638 0.1009025 0.0951715 0.1089388 0.1169674 0.0762304 0.0969143 0.0960766 0.1189020 0.1151822 0.0000000 0.0896350 0.1399955 0.1191776 0.0908265 0.0547733 0.1206630 0.0877665 0.0114874 0.0864578 0.0756481 0.0719153 0.1148260 0.1054594 0.0784769 0.1042003 
Pseudochiridae_Pseudochirulus_forbesi        0.0603396 0.0918342 0.0617981 0.0928900 0.0943421 0.0727505 0.0617378 0.0795142 0.0977699 0.1087606 0.0705170 0.0935081 0.1084706 0.0828061 0.0668527 0.0945586 0.0980149 0.1206795 0.1138857 0.0896350 0.0000000 0.1334505 0.1041937 0.0892716 0.0821499 0.0996763 0.0407789 0.0872147 0.0298760 0.0605642 0.0636243 0.0821795 0.1088162 0.0732542 0.1062300 
Didelphidae_Didelphis_virginiana             0.1198406 0.1143536 0.1275224 0.1500132 0.1476294 0.0985907 0.1249119 0.1367886 0.1544948 0.1338407 0.1372846 0.1246166 0.1454564 0.1550025 0.1182516 0.1248644 0.1304237 0.1525872 0.1337116 0.1399955 0.1334505 0.0000000 0.0505920 0.1202756 0.1457188 0.1227656 0.1221266 0.1389899 0.1165899 0.1136418 0.1101423 0.1572877 0.1360995 0.1012807 0.1322263 
Marmosidae_Monodelphis_domestica             0.0929819 0.0885436 0.0988071 0.1222041 0.1221869 0.0684156 0.0979362 0.1176359 0.1252729 0.1085394 0.1104575 0.0933089 0.1115693 0.1267705 0.0950086 0.0936187 0.0982535 0.1130633 0.1135615 0.1191776 0.1041937 0.0505920 0.0000000 0.0878574 0.1190598 0.0908348 0.0976051 0.1178060 0.0975482 0.0866133 0.0896985 0.1255207 0.1114703 0.0720772 0.1061462 
Dasyuridae_Antechinus_stuartii               0.0777259 0.0770304 0.0806327 0.0898204 0.0926318 0.0123200 0.0772710 0.0897129 0.0965060 0.0732201 0.0863540 0.0056878 0.0327944 0.1104172 0.0753668 0.0067255 0.0163793 0.0250248 0.0794128 0.0908265 0.0892716 0.1202756 0.0878574 0.0000000 0.0863836 0.0894272 0.0765812 0.0874830 0.0799160 0.0786464 0.0745918 0.1059782 0.0764022 0.0128829 0.0735890 
Hypsiprymnodontidae_Hypsiprymnodon_moschatus 0.0877093 0.1053484 0.1018616 0.0535895 0.0527790 0.0815272 0.0849810 0.0904816 0.0593052 0.1040860 0.0919967 0.0914315 0.1047157 0.1075991 0.0762472 0.0931541 0.0946260 0.1196959 0.1107503 0.0547733 0.0821499 0.1457188 0.1190598 0.0863836 0.0000000 0.1196097 0.0838625 0.0516387 0.0786180 0.0781442 0.0684890 0.1070979 0.1044711 0.0836402 0.1019194 
Microbiotheriidae_Dromiciops_gliroides       0.0921792 0.0931181 0.0858930 0.1205498 0.1210278 0.0737462 0.0903123 0.1057787 0.1262971 0.1076535 0.1009117 0.0918315 0.1113800 0.1228479 0.0986415 0.0912558 0.0965926 0.1154420 0.1189733 0.1206630 0.0996763 0.1227656 0.0908348 0.0894272 0.1196097 0.0000000 0.0910648 0.1178576 0.0909182 0.0939591 0.0995162 0.1186827 0.1125155 0.0750776 0.1077191 
Pseudochiridae_Petauroides_volans            0.0555599 0.0911599 0.0569756 0.0898737 0.0893399 0.0653857 0.0529284 0.0760999 0.0928145 0.1000955 0.0656771 0.0798082 0.0956090 0.0780188 0.0593856 0.0794988 0.0804367 0.1055414 0.1050952 0.0877665 0.0407789 0.1221266 0.0976051 0.0765812 0.0838625 0.0910648 0.0000000 0.0851194 0.0607479 0.0610318 0.0605775 0.0706045 0.1027590 0.0660097 0.0978577 
Macropodidae_Wallabia_bicolor                0.0892358 0.0964785 0.1000884 0.0256921 0.0266977 0.0768227 0.0881017 0.0922098 0.0279261 0.1041823 0.0957490 0.0919419 0.1063077 0.1136357 0.0744714 0.0936195 0.0948655 0.1156601 0.1136699 0.0114874 0.0872147 0.1389899 0.1178060 0.0874830 0.0516387 0.1178576 0.0851194 0.0000000 0.0833935 0.0730341 0.0711395 0.1115698 0.1023630 0.0767963 0.1013841 
Pseudochiridae_Pseudocheirus_occidentalis    0.0688026 0.0998462 0.0739646 0.0803675 0.0825209 0.0865560 0.0648851 0.0983678 0.0917839 0.0886615 0.0887093 0.0813332 0.1046659 0.1092013 0.0721823 0.0821001 0.0834983 0.0969312 0.0974415 0.0864578 0.0298760 0.1165899 0.0975482 0.0799160 0.0786180 0.0909182 0.0607479 0.0833935 0.0000000 0.0792559 0.0582213 0.0935371 0.0878747 0.0864423 0.0895716 
Tarsipedidae_Tarsipes_rostratus              0.0632140 0.0999322 0.0707105 0.0783999 0.0776570 0.0829228 0.0634419 0.0921974 0.0807940 0.0857024 0.0788088 0.0807235 0.0955521 0.0976092 0.0641576 0.0817008 0.0835879 0.0983894 0.0931318 0.0756481 0.0605642 0.1136418 0.0866133 0.0786464 0.0781442 0.0939591 0.0610318 0.0730341 0.0792559 0.0000000 0.0630723 0.0858568 0.0827407 0.0836696 0.0840705 
Acrobatidae_Distoechurus_pennatus            0.0596185 0.0836648 0.0732637 0.0769675 0.0760444 0.0669965 0.0559355 0.0720510 0.0789737 0.0896392 0.0689988 0.0782075 0.0949098 0.0856748 0.0372218 0.0798931 0.0837528 0.0974187 0.1010307 0.0719153 0.0636243 0.1101423 0.0896985 0.0745918 0.0684890 0.0995162 0.0605775 0.0711395 0.0582213 0.0630723 0.0000000 0.0797721 0.0932493 0.0662849 0.0898128 
Phalangeridae_Phalanger_carmelitae           0.0635228 0.1013169 0.0804504 0.1150708 0.1153967 0.0879897 0.0386159 0.0125137 0.1219255 0.1311184 0.0181906 0.1085171 0.1283655 0.0079393 0.0857915 0.1122258 0.1129692 0.1496742 0.1357955 0.1148260 0.0821795 0.1572877 0.1255207 0.1059782 0.1070979 0.1186827 0.0706045 0.1115698 0.0935371 0.0858568 0.0797721 0.0000000 0.1342883 0.0878934 0.1269466 
Peramelidae_Peroryctes_raffrayana            0.1071647 0.0804744 0.1067176 0.1046159 0.1046612 0.0680811 0.1053373 0.1047589 0.1094916 0.0172309 0.1112897 0.0782645 0.0970892 0.1390377 0.0916473 0.0785159 0.0806734 0.0974805 0.0284468 0.1054594 0.1088162 0.1360995 0.1114703 0.0764022 0.1044711 0.1125155 0.1027590 0.1023630 0.0878747 0.0827407 0.0932493 0.1342883 0.0000000 0.0686527 0.0170657 
Dasyuridae_Dasyurus_geffroii                 0.0664378 0.0813133 0.0648358 0.0805565 0.0823217 0.0087989 0.0628657 0.0967748 0.0856440 0.0714016 0.0758048 0.0145183 0.0387982 0.0996524 0.0701891 0.0144986 0.0077498 0.0277208 0.0779052 0.0784769 0.0732542 0.1012807 0.0720772 0.0128829 0.0836402 0.0750776 0.0660097 0.0767963 0.0864423 0.0836696 0.0662849 0.0878934 0.0686527 0.0000000 0.0737825 
Peramelidae_Perameles_gunnii                 0.0997193 0.0862050 0.1013207 0.1061763 0.1040188 0.0732279 0.1004834 0.1054283 0.1101717 0.0010884 0.1072440 0.0764807 0.0955354 0.1310113 0.0902010 0.0767526 0.0788215 0.0921796 0.0263894 0.1042003 0.1062300 0.1322263 0.1061462 0.0735890 0.1019194 0.1077191 0.0978577 0.1013841 0.0895716 0.0840705 0.0898128 0.1269466 0.0170657 0.0737825 0.0000000 
