39
Burramyidae_Burramys_parvus                  0.0000000 0.1170653 0.0783440 0.0571800 0.0561742 0.1068054 0.0424617 0.0456869 0.0582947 0.1366816 0.0433615 0.1007871 0.1196809 0.0424438 0.0783343 0.1068050 0.1068278 0.1123865 0.1362630 0.0511592 0.0835325 0.1389124 0.1196782 0.1005839 0.0579133 0.1061152 0.0784978 0.0531848 0.0420579 0.0862727 0.0659092 0.0487365 0.1327275 0.1044261 0.1380404 0.0821982 0.0821982 0.1936885 0.1936885 
Notoryctidae_Notoryctes_typhlops             0.1170653 0.0000000 0.1083790 0.1247013 0.1211230 0.1299501 0.1098005 0.1153662 0.1156293 0.1457788 0.1140358 0.1270345 0.1368908 0.1217756 0.1393345 0.1295324 0.1270673 0.1366450 0.1364431 0.1077259 0.1406926 0.1570277 0.1452757 0.1261386 0.1278736 0.1191174 0.1391746 0.1148676 0.1108932 0.1408160 0.1296356 0.1227972 0.1414429 0.1304181 0.1465029 0.0602420 0.0602420 0.1882955 0.1882955 
Vombatidae_Lasiorhinus_latifrons             0.0783440 0.1083790 0.0000000 0.0881549 0.0844891 0.1121487 0.0702954 0.0718634 0.0819536 0.1472073 0.0736345 0.1079953 0.1238810 0.0728093 0.0994740 0.1180993 0.1062149 0.1123356 0.1467547 0.0722388 0.1066950 0.1353067 0.1217833 0.1089332 0.0928299 0.1056133 0.1025801 0.0780641 0.0599596 0.1105509 0.0913533 0.0760161 0.1471302 0.1126052 0.1477936 0.0447297 0.0447297 0.1990125 0.1990125 
Potoroidae_Bettongia_penicillata             0.0571800 0.1247013 0.0881549 0.0000000 0.0010524 0.1192500 0.0566611 0.0573756 0.0078622 0.1350713 0.0609569 0.1052491 0.1271694 0.0581104 0.0902713 0.1181839 0.1194005 0.1234883 0.1303597 0.0175958 0.0862698 0.1500797 0.1383405 0.1130811 0.0436118 0.1211525 0.0786935 0.0187334 0.0465329 0.0857035 0.0763669 0.0612895 0.1377259 0.1212502 0.1346582 0.0987959 0.0987959 0.1801165 0.1801165 
Potoroidae_Bettongia_lesueur                 0.0561742 0.1211230 0.0844891 0.0010524 0.0000000 0.1176532 0.0545017 0.0536770 0.0071917 0.1388223 0.0586657 0.1048627 0.1236145 0.0559299 0.0865053 0.1175480 0.1176997 0.1227050 0.1325847 0.0161238 0.0883422 0.1506813 0.1351019 0.1106185 0.0424052 0.1190185 0.0798556 0.0164539 0.0520842 0.0865253 0.0729657 0.0589803 0.1388024 0.1186938 0.1382362 0.0863283 0.0863283 0.1737315 0.1737315 
Dasyuridae_Dasyurus_maculatus                0.1068054 0.1299501 0.1121487 0.1192500 0.1176532 0.0000000 0.0987195 0.1013553 0.1184677 0.1304884 0.1003936 0.0117636 0.0228611 0.1050153 0.1393653 0.0130756 0.0048706 0.0195415 0.1247887 0.1007717 0.1439740 0.1549975 0.1458223 0.0137052 0.1199782 0.1091261 0.1323106 0.1140414 0.0944188 0.1437011 0.1243732 0.1096388 0.1247637 0.0052627 0.1308966 0.0128124 0.0128124 0.1776811 0.1776811 
Phalangeridae_Trichosurus_vulpecula          0.0424617 0.1098005 0.0702954 0.0566611 0.0545017 0.0987195 0.0000000 0.0133897 0.0568514 0.1284268 0.0131546 0.0933737 0.1120702 0.0131357 0.0761880 0.1007248 0.0979990 0.1059746 0.1251775 0.0512520 0.0824550 0.1470019 0.1266814 0.0961059 0.0668151 0.1061443 0.0755768 0.0534828 0.0482454 0.0813434 0.0614717 0.0152287 0.1272021 0.1013725 0.1266765 0.0715468 0.0715468 0.1731611 0.1731611 
Phalangeridae_Spilocuscus_maculatus          0.0456869 0.1153662 0.0718634 0.0573756 0.0536770 0.1013553 0.0133897 0.0000000 0.0577407 0.1353244 0.0069549 0.1023373 0.1164139 0.0078037 0.0758622 0.1085663 0.1006786 0.1120500 0.1320729 0.0480653 0.0811436 0.1453715 0.1190635 0.1040319 0.0600637 0.1067238 0.0760355 0.0501524 0.0481546 0.0850280 0.0614244 0.0092956 0.1331404 0.1032519 0.1345214 0.0481084 0.0481084 0.1776864 0.1776864 
Potoroidae_Aepyprymnus_rufescens             0.0582947 0.1156293 0.0819536 0.0078622 0.0071917 0.1184677 0.0568514 0.0577407 0.0000000 0.1368069 0.0606910 0.1065107 0.1240669 0.0578934 0.0836910 0.1176409 0.1177370 0.1186221 0.1352177 0.0167437 0.0880710 0.1556429 0.1364171 0.1125788 0.0410242 0.1201193 0.0852092 0.0193159 0.0516811 0.0848220 0.0739617 0.0610332 0.1378776 0.1175867 0.1367333 0.0930307 0.0930307 0.1848311 0.1848311 
Peramelidae_Perameles_nasuta                 0.1366816 0.1457788 0.1472073 0.1350713 0.1388223 0.1304884 0.1284268 0.1353244 0.1368069 0.0000000 0.1347870 0.1291041 0.1499257 0.1345005 0.1675607 0.1343696 0.1310891 0.1347781 0.0115065 0.1263533 0.1738775 0.1702778 0.1601610 0.1317485 0.1484439 0.1383890 0.1610467 0.1366100 0.1281813 0.1661723 0.1396063 0.1368373 0.0115307 0.1280842 0.0005908 0.0842671 0.0842671 0.0580972 0.0580972 
Phalangeridae_Strigocuscus_pelengensis       0.0433615 0.1140358 0.0736345 0.0609569 0.0586657 0.1003936 0.0131546 0.0069549 0.0606910 0.1347870 0.0000000 0.0979295 0.1130071 0.0062217 0.0763310 0.1033167 0.0971055 0.1073825 0.1326314 0.0525443 0.0861034 0.1398322 0.1193412 0.1001976 0.0689188 0.1063783 0.0775214 0.0548019 0.0466760 0.0832320 0.0645971 0.0076866 0.1357046 0.1018464 0.1343062 0.0490146 0.0490146 0.1940918 0.1940918 
Dasyuridae_Phascogale_tapoatafa              0.1007871 0.1270345 0.1079953 0.1052491 0.1048627 0.0117636 0.0933737 0.1023373 0.1065107 0.1291041 0.0979295 0.0000000 0.0189947 0.1027826 0.1332993 0.0042451 0.0120543 0.0147384 0.1222169 0.0919282 0.1397176 0.1530350 0.1367007 0.0059048 0.1099527 0.1052339 0.1237432 0.1048132 0.0832741 0.1358585 0.1201360 0.1076803 0.1241441 0.0125232 0.1298008 0.0128124 0.0128124 0.1664101 0.1664101 
Dasyuridae_Sminthopsis_macroura              0.1196809 0.1368908 0.1238810 0.1271694 0.1236145 0.0228611 0.1120702 0.1164139 0.1240669 0.1499257 0.1130071 0.0189947 0.0000000 0.1200480 0.1457797 0.0205205 0.0220357 0.0169331 0.1456956 0.1033799 0.1464130 0.1621212 0.1547894 0.0201483 0.1256042 0.1243261 0.1405030 0.1166802 0.0997570 0.1409543 0.1303448 0.1246672 0.1482104 0.0248833 0.1505929 0.0263293 0.0263293 0.1828665 0.1828665 
Phalangeridae_Phalanger_orientalis           0.0424438 0.1217756 0.0728093 0.0581104 0.0559299 0.1050153 0.0131357 0.0078037 0.0578934 0.1345005 0.0062217 0.1027826 0.1200480 0.0000000 0.0779093 0.1087603 0.1025947 0.1125227 0.1340908 0.0501007 0.0841638 0.1443135 0.1245832 0.1041599 0.0627013 0.1123799 0.0783254 0.0537284 0.0494738 0.0828177 0.0626447 0.0030725 0.1343074 0.1054419 0.1339028 0.0555390 0.0555390 0.1828291 0.1828291 
Acrobatidae_Acrobates_pygmaeus               0.0783343 0.1393345 0.0994740 0.0902713 0.0865053 0.1393653 0.0761880 0.0758622 0.0836910 0.1675607 0.0763310 0.1332993 0.1457797 0.0779093 0.0000000 0.1389577 0.1369695 0.1496324 0.1652907 0.0816763 0.0973054 0.1746027 0.1534238 0.1334638 0.0938583 0.1306181 0.0870685 0.0854590 0.0667954 0.0917507 0.0415841 0.0793167 0.1711341 0.1366470 0.1680390 0.0779900 0.0779900 0.1960686 0.1960686 
Dasyuridae_Phascogale_calura                 0.1068050 0.1295324 0.1180993 0.1181839 0.1175480 0.0130756 0.1007248 0.1085663 0.1176409 0.1343696 0.1033167 0.0042451 0.0205205 0.1087603 0.1389577 0.0000000 0.0133746 0.0168940 0.1277596 0.1021049 0.1463079 0.1584111 0.1442342 0.0073111 0.1213156 0.1064231 0.1326822 0.1154341 0.0943588 0.1428290 0.1265200 0.1134316 0.1304755 0.0129342 0.1344874 0.0128124 0.0128124 0.1756861 0.1756861 
Dasyuridae_Sarcophilus_harrisii              0.1068278 0.1270673 0.1062149 0.1194005 0.1176997 0.0048706 0.0979990 0.1006786 0.1177370 0.1310891 0.0971055 0.0120543 0.0220357 0.1025947 0.1369695 0.0133746 0.0000000 0.0175236 0.1271750 0.1017092 0.1439828 0.1506000 0.1415424 0.0133811 0.1182768 0.1089209 0.1307234 0.1124996 0.0972670 0.1387060 0.1280420 0.1072752 0.1292160 0.0045463 0.1313949 0.0092023 0.0092023 0.1683547 0.1683547 
Dasyuridae_Planigale_tenuirostris            0.1123865 0.1366450 0.1123356 0.1234883 0.1227050 0.0195415 0.1059746 0.1120500 0.1186221 0.1347781 0.1073825 0.0147384 0.0169331 0.1125227 0.1496324 0.0168940 0.0175236 0.0000000 0.1311291 0.1055269 0.1421755 0.1533683 0.1434717 0.0164197 0.1221021 0.1147106 0.1338562 0.1153936 0.0885984 0.1420278 0.1287866 0.1179640 0.1260862 0.0194815 0.1360068 0.0121589 0.0121589 0.2050347 0.2050347 
Peramelidae_Echymipera_kalubu                0.1362630 0.1364431 0.1467547 0.1303597 0.1325847 0.1247887 0.1251775 0.1320729 0.1352177 0.0115065 0.1326314 0.1222169 0.1456956 0.1340908 0.1652907 0.1277596 0.1271750 0.1311291 0.0000000 0.1258043 0.1692791 0.1731756 0.1539842 0.1260136 0.1469021 0.1357065 0.1528105 0.1324515 0.1225795 0.1571282 0.1361302 0.1364246 0.0094572 0.1243138 0.0119017 0.0519661 0.0519661 0.0603914 0.0603914 
Macropodidae_Dorcopsulus_vanheurni           0.0511592 0.1077259 0.0722388 0.0175958 0.0161238 0.1007717 0.0512520 0.0480653 0.0167437 0.1263533 0.0525443 0.0919282 0.1033799 0.0501007 0.0816763 0.1021049 0.1017092 0.1055269 0.1258043 0.0000000 0.0750460 0.1358409 0.1223118 0.0937408 0.0306050 0.1103383 0.0785413 0.0068129 0.0460022 0.0906177 0.0642948 0.0531232 0.1292889 0.1002933 0.1262008 0.0388243 0.0388243 0.1810308 0.1810308 
Pseudochiridae_Pseudochirulus_forbesi        0.0835325 0.1406926 0.1066950 0.0862698 0.0883422 0.1439740 0.0824550 0.0811436 0.0880710 0.1738775 0.0861034 0.1397176 0.1464130 0.0841638 0.0973054 0.1463079 0.1439828 0.1421755 0.1692791 0.0750460 0.0000000 0.1726545 0.1596790 0.1352709 0.0940347 0.1445670 0.0315591 0.0765110 0.0078259 0.0821640 0.0853208 0.0895599 0.1725639 0.1418448 0.1732638 0.1238632 0.1238632 0.2734182 0.2734182 
Didelphidae_Didelphis_virginiana             0.1389124 0.1570277 0.1353067 0.1500797 0.1506813 0.1549975 0.1470019 0.1453715 0.1556429 0.1702778 0.1398322 0.1530350 0.1621212 0.1443135 0.1746027 0.1584111 0.1506000 0.1533683 0.1731756 0.1358409 0.1726545 0.0000000 0.0275489 0.1513537 0.1557036 0.1331203 0.1673211 0.1435960 0.1203327 0.1733699 0.1495559 0.1485242 0.1772345 0.1492117 0.1718334 0.0934870 0.0934870 0.2282393 0.2282393 
Marmosidae_Monodelphis_domestica             0.1196782 0.1452757 0.1217833 0.1383405 0.1351019 0.1458223 0.1266814 0.1190635 0.1364171 0.1601610 0.1193412 0.1367007 0.1547894 0.1245832 0.1534238 0.1442342 0.1415424 0.1434717 0.1539842 0.1223118 0.1596790 0.0275489 0.0000000 0.1404782 0.1357300 0.1221982 0.1453780 0.1277897 0.1109498 0.1549519 0.1314983 0.1267675 0.1611562 0.1369340 0.1607170 0.0756238 0.0756238 0.2199007 0.2199007 
Dasyuridae_Antechinus_stuartii               0.1005839 0.1261386 0.1089332 0.1130811 0.1106185 0.0137052 0.0961059 0.1040319 0.1125788 0.1317485 0.1001976 0.0059048 0.0201483 0.1041599 0.1334638 0.0073111 0.0133811 0.0164197 0.1260136 0.0937408 0.1352709 0.1513537 0.1404782 0.0000000 0.1123114 0.1019529 0.1226168 0.1076672 0.0823316 0.1364246 0.1218028 0.1089295 0.1271878 0.0139124 0.1311832 0.0168474 0.0168474 0.1681775 0.1681775 
Hypsiprymnodontidae_Hypsiprymnodon_moschatus 0.0579133 0.1278736 0.0928299 0.0436118 0.0424052 0.1199782 0.0668151 0.0600637 0.0410242 0.1484439 0.0689188 0.1099527 0.1256042 0.0627013 0.0938583 0.1213156 0.1182768 0.1221021 0.1469021 0.0306050 0.0940347 0.1557036 0.1357300 0.1123114 0.0000000 0.1315226 0.0961619 0.0331816 0.0589052 0.0982843 0.0771381 0.0666851 0.1497776 0.1165542 0.1461093 0.1645515 0.1645515 0.1736289 0.1736289 
Microbiotheriidae_Dromiciops_gliroides       0.1061152 0.1191174 0.1056133 0.1211525 0.1190185 0.1091261 0.1061443 0.1067238 0.1201193 0.1383890 0.1063783 0.1052339 0.1243261 0.1123799 0.1306181 0.1064231 0.1089209 0.1147106 0.1357065 0.1103383 0.1445670 0.1331203 0.1221982 0.1019529 0.1315226 0.0000000 0.1308142 0.1211034 0.0990494 0.1433023 0.1219054 0.1134913 0.1275758 0.1072132 0.1420115 0.0589066 0.0589066 0.1968849 0.1968849 
Pseudochiridae_Petauroides_volans            0.0784978 0.1391746 0.1025801 0.0786935 0.0798556 0.1323106 0.0755768 0.0760355 0.0852092 0.1610467 0.0775214 0.1237432 0.1405030 0.0783254 0.0870685 0.1326822 0.1307234 0.1338562 0.1528105 0.0785413 0.0315591 0.1673211 0.1453780 0.1226168 0.0961619 0.1308142 0.0000000 0.0790652 0.0149288 0.0765932 0.0715326 0.0804671 0.1585817 0.1328083 0.1612402 0.1130187 0.1130187 0.2542276 0.2542276 
Macropodidae_Wallabia_bicolor                0.0531848 0.1148676 0.0780641 0.0187334 0.0164539 0.1140414 0.0534828 0.0501524 0.0193159 0.1366100 0.0548019 0.1048132 0.1166802 0.0537284 0.0854590 0.1154341 0.1124996 0.1153936 0.1324515 0.0068129 0.0765110 0.1435960 0.1277897 0.1076672 0.0331816 0.1211034 0.0790652 0.0000000 0.0457819 0.0901904 0.0659443 0.0567850 0.1373234 0.1122367 0.1366739 0.0327693 0.0327693 0.1837065 0.1837065 
Pseudochiridae_Pseudocheirus_occidentalis    0.0420579 0.1108932 0.0599596 0.0465329 0.0520842 0.0944188 0.0482454 0.0481546 0.0516811 0.1281813 0.0466760 0.0832741 0.0997570 0.0494738 0.0667954 0.0943588 0.0972670 0.0885984 0.1225795 0.0460022 0.0078259 0.1203327 0.1109498 0.0823316 0.0589052 0.0990494 0.0149288 0.0457819 0.0000000 0.0495102 0.0422082 0.0517120 0.1237419 0.0930788 0.1299826 0.1237525 0.1237525 9.0000000 9.0000000 
Tarsipedidae_Tarsipes_rostratus              0.0862727 0.1408160 0.1105509 0.0857035 0.0865253 0.1437011 0.0813434 0.0850280 0.0848220 0.1661723 0.0832320 0.1358585 0.1409543 0.0828177 0.0917507 0.1428290 0.1387060 0.1420278 0.1571282 0.0906177 0.0821640 0.1733699 0.1549519 0.1364246 0.0982843 0.1433023 0.0765932 0.0901904 0.0495102 0.0000000 0.0793317 0.0859311 0.1710874 0.1425694 0.1666705 0.1170307 0.1170307 0.2098549 0.2098549 
Acrobatidae_Distoechurus_pennatus            0.0659092 0.1296356 0.0913533 0.0763669 0.0729657 0.1243732 0.0614717 0.0614244 0.0739617 0.1396063 0.0645971 0.1201360 0.1303448 0.0626447 0.0415841 0.1265200 0.1280420 0.1287866 0.1361302 0.0642948 0.0853208 0.1495559 0.1314983 0.1218028 0.0771381 0.1219054 0.0715326 0.0659443 0.0422082 0.0793317 0.0000000 0.0634319 0.1370355 0.1271408 0.1379717 0.0775575 0.0775575 0.2053879 0.2053879 
Phalangeridae_Phalanger_carmelitae           0.0487365 0.1227972 0.0760161 0.0612895 0.0589803 0.1096388 0.0152287 0.0092956 0.0610332 0.1368373 0.0076866 0.1076803 0.1246672 0.0030725 0.0793167 0.1134316 0.1072752 0.1179640 0.1364246 0.0531232 0.0895599 0.1485242 0.1267675 0.1089295 0.0666851 0.1134913 0.0804671 0.0567850 0.0517120 0.0859311 0.0634319 0.0000000 0.1369018 0.1094442 0.1363639 0.0552206 0.0552206 0.1863198 0.1863198 
Peramelidae_Peroryctes_raffrayana            0.1327275 0.1414429 0.1471302 0.1377259 0.1388024 0.1247637 0.1272021 0.1331404 0.1378776 0.0115307 0.1357046 0.1241441 0.1482104 0.1343074 0.1711341 0.1304755 0.1292160 0.1260862 0.0094572 0.1292889 0.1725639 0.1772345 0.1611562 0.1271878 0.1497776 0.1275758 0.1585817 0.1373234 0.1237419 0.1710874 0.1370355 0.1369018 0.0000000 0.1231963 0.0113295 0.0377592 0.0377592 0.0725246 0.0725246 
Dasyuridae_Dasyurus_geffroii                 0.1044261 0.1304181 0.1126052 0.1212502 0.1186938 0.0052627 0.1013725 0.1032519 0.1175867 0.1280842 0.1018464 0.0125232 0.0248833 0.1054419 0.1366470 0.0129342 0.0045463 0.0194815 0.1243138 0.1002933 0.1418448 0.1492117 0.1369340 0.0139124 0.1165542 0.1072132 0.1328083 0.1122367 0.0930788 0.1425694 0.1271408 0.1094442 0.1231963 0.0000000 0.1284979 0.0128124 0.0128124 0.1655342 0.1655342 
Peramelidae_Perameles_gunnii                 0.1380404 0.1465029 0.1477936 0.1346582 0.1382362 0.1308966 0.1266765 0.1345214 0.1367333 0.0005908 0.1343062 0.1298008 0.1505929 0.1339028 0.1680390 0.1344874 0.1313949 0.1360068 0.0119017 0.1262008 0.1732638 0.1718334 0.1607170 0.1311832 0.1461093 0.1420115 0.1612402 0.1366739 0.1299826 0.1666705 0.1379717 0.1363639 0.0113295 0.1284979 0.0000000 0.0866395 0.0866395 0.0579935 0.0579935 
Myrmecobiidae_Myrmecobius_fasciatus1         0.0821982 0.0602420 0.0447297 0.0987959 0.0863283 0.0128124 0.0715468 0.0481084 0.0930307 0.0842671 0.0490146 0.0128124 0.0263293 0.0555390 0.0779900 0.0128124 0.0092023 0.0121589 0.0519661 0.0388243 0.1238632 0.0934870 0.0756238 0.0168474 0.1645515 0.0589066 0.1130187 0.0327693 0.1237525 0.1170307 0.0775575 0.0552206 0.0377592 0.0128124 0.0866395 0.0000000 0.0000010 9.0000000 9.0000000 
Myrmecobiidae_Myrmecobius_fasciatus2         0.0821982 0.0602420 0.0447297 0.0987959 0.0863283 0.0128124 0.0715468 0.0481084 0.0930307 0.0842671 0.0490146 0.0128124 0.0263293 0.0555390 0.0779900 0.0128124 0.0092023 0.0121589 0.0519661 0.0388243 0.1238632 0.0934870 0.0756238 0.0168474 0.1645515 0.0589066 0.1130187 0.0327693 0.1237525 0.1170307 0.0775575 0.0552206 0.0377592 0.0128124 0.0866395 0.0000010 0.0000000 9.0000000 9.0000000 
Thylacomyidae_Macrotis_lagotis1              0.1936885 0.1882955 0.1990125 0.1801165 0.1737315 0.1776811 0.1731611 0.1776864 0.1848311 0.0580972 0.1940918 0.1664101 0.1828665 0.1828291 0.1960686 0.1756861 0.1683547 0.2050347 0.0603914 0.1810308 0.2734182 0.2282393 0.2199007 0.1681775 0.1736289 0.1968849 0.2542276 0.1837065 9.0000000 0.2098549 0.2053879 0.1863198 0.0725246 0.1655342 0.0579935 9.0000000 9.0000000 0.0000000 0.0000010 
Thylacomyidae_Macrotis_lagotis2              0.1936885 0.1882955 0.1990125 0.1801165 0.1737315 0.1776811 0.1731611 0.1776864 0.1848311 0.0580972 0.1940918 0.1664101 0.1828665 0.1828291 0.1960686 0.1756861 0.1683547 0.2050347 0.0603914 0.1810308 0.2734182 0.2282393 0.2199007 0.1681775 0.1736289 0.1968849 0.2542276 0.1837065 9.0000000 0.2098549 0.2053879 0.1863198 0.0725246 0.1655342 0.0579935 9.0000000 9.0000000 0.0000010 0.0000000 
