43
croc_TJD307_ND4 0.0000000 0.0760752 0.0760752 0.0777049 0.0774541 0.0753864 0.0870307 0.0870307 0.0847599 0.0798012 0.0840955 0.0858231 0.0838215 0.0828049 0.0843889 0.0771404 0.0771404 0.0752248 0.0752248 0.0843082 0.0843082 0.0855764 0.0804113 0.0815341 0.0815341 0.0803092 0.0803092 0.0803092 0.0803092 0.0803092 0.0803092 0.0803092 0.0830314 0.0830314 0.0803092 0.0820221 0.0800867 0.0859325 0.0859325 0.0878719 0.0818054 0.0818054 0.0846841 
MVZ229220_ND4   0.0760752 0.0000000 0.0000010 0.0002040 0.0405590 0.0388704 0.0422187 0.0422187 0.0393662 0.0387932 0.0406551 0.0405137 0.0388688 0.0393127 0.0407738 0.0389713 0.0389713 0.0405833 0.0405833 0.0408972 0.0408972 0.0388540 0.0376371 0.0388688 0.0388688 0.0391931 0.0375739 0.0375739 0.0375739 0.0376247 0.0362605 0.0362605 0.0403289 0.0403289 0.0375739 0.0390652 0.0374313 0.0479795 0.0479795 0.0496348 0.0451280 0.0451280 0.0442942 
SDFIELD1167_ND4 0.0760752 0.0000010 0.0000000 0.0002040 0.0405590 0.0388704 0.0422187 0.0422187 0.0393662 0.0387932 0.0406551 0.0405137 0.0388688 0.0393127 0.0407738 0.0389713 0.0389713 0.0405833 0.0405833 0.0408972 0.0408972 0.0388540 0.0376371 0.0388688 0.0388688 0.0391931 0.0375739 0.0375739 0.0375739 0.0376247 0.0362605 0.0362605 0.0403289 0.0403289 0.0375739 0.0390652 0.0374313 0.0479795 0.0479795 0.0496348 0.0451280 0.0451280 0.0442942 
SDFIELD1343_ND4 0.0777049 0.0002040 0.0002040 0.0000000 0.0420480 0.0403564 0.0437629 0.0437629 0.0408679 0.0402781 0.0421470 0.0420029 0.0403566 0.0408133 0.0422702 0.0404604 0.0404604 0.0420723 0.0420723 0.0423987 0.0423987 0.0403413 0.0391383 0.0403566 0.0403566 0.0406911 0.0390738 0.0390738 0.0390738 0.0391265 0.0377749 0.0377749 0.0418106 0.0418106 0.0390738 0.0405605 0.0389279 0.0494633 0.0494633 0.0511244 0.0466174 0.0466174 0.0458049 
TJD273_ND4      0.0774541 0.0405590 0.0405590 0.0420480 0.0000000 0.0001002 0.0440059 0.0440059 0.0399016 0.0363082 0.0348838 0.0350086 0.0333185 0.0318001 0.0333290 0.0334834 0.0334834 0.0351485 0.0351485 0.0350090 0.0350090 0.0397582 0.0351019 0.0363801 0.0363801 0.0333626 0.0350398 0.0350398 0.0350398 0.0350885 0.0336742 0.0336742 0.0378763 0.0378763 0.0380833 0.0395206 0.0378689 0.0423550 0.0423550 0.0440077 0.0394459 0.0394459 0.0385161 
TJD300_ND4      0.0753864 0.0388704 0.0388704 0.0403564 0.0001002 0.0000000 0.0457419 0.0457419 0.0381785 0.0345998 0.0331623 0.0332800 0.0315780 0.0300339 0.0315896 0.0317372 0.0317372 0.0334149 0.0334149 0.0366927 0.0366927 0.0380373 0.0333715 0.0346684 0.0346684 0.0316214 0.0333110 0.0333110 0.0333110 0.0333576 0.0319219 0.0319219 0.0361717 0.0361717 0.0363697 0.0378113 0.0361644 0.0406491 0.0406491 0.0422904 0.0377389 0.0377389 0.0367837 
SDFIELD573_ND4  0.0870307 0.0422187 0.0422187 0.0437629 0.0440059 0.0457419 0.0000000 0.0000010 0.0289912 0.0284977 0.0268677 0.0303425 0.0285589 0.0251806 0.0269580 0.0286571 0.0286571 0.0268140 0.0268140 0.0269757 0.0269757 0.0247469 0.0306718 0.0285589 0.0285589 0.0250363 0.0270026 0.0270026 0.0270026 0.0250949 0.0253307 0.0253307 0.0301968 0.0301968 0.0270026 0.0303302 0.0285589 0.0348878 0.0348878 0.0365485 0.0318465 0.0318465 0.0307433 
SDFIELD574_ND4  0.0870307 0.0422187 0.0422187 0.0437629 0.0440059 0.0457419 0.0000010 0.0000000 0.0289912 0.0284977 0.0268677 0.0303425 0.0285589 0.0251806 0.0269580 0.0286571 0.0286571 0.0268140 0.0268140 0.0269757 0.0269757 0.0247469 0.0306718 0.0285589 0.0285589 0.0250363 0.0270026 0.0270026 0.0270026 0.0250949 0.0253307 0.0253307 0.0301968 0.0301968 0.0270026 0.0303302 0.0285589 0.0348878 0.0348878 0.0365485 0.0318465 0.0318465 0.0307433 
SDFIELD1158_ND4 0.0847599 0.0393662 0.0393662 0.0408679 0.0399016 0.0381785 0.0289912 0.0289912 0.0000000 0.0006698 0.0008011 0.0008007 0.0006699 0.0007938 0.0008013 0.0006702 0.0006702 0.0008010 0.0008010 0.0008015 0.0008015 0.0009388 0.0008016 0.0006699 0.0006699 0.0006704 0.0005459 0.0005459 0.0005459 0.0005459 0.0006706 0.0006706 0.0005457 0.0005457 0.0005459 0.0009384 0.0008004 0.0178730 0.0178730 0.0215117 0.0015849 0.0015849 0.0010857 
TJD458_ND4      0.0798012 0.0387932 0.0387932 0.0402781 0.0363082 0.0345998 0.0284977 0.0284977 0.0006698 0.0000000 0.0007999 0.0005451 0.0004276 0.0007926 0.0008001 0.0004275 0.0004275 0.0005449 0.0005449 0.0008003 0.0008003 0.0009373 0.0008003 0.0006689 0.0006689 0.0006695 0.0005451 0.0005451 0.0005451 0.0005462 0.0006696 0.0006696 0.0007992 0.0007992 0.0005451 0.0009369 0.0007992 0.0024896 0.0024896 0.0209451 0.0015817 0.0015817 0.0014061 
TJD434_ND4      0.0840955 0.0406551 0.0406551 0.0421470 0.0348838 0.0331623 0.0268677 0.0268677 0.0008011 0.0007999 0.0000000 0.0004277 0.0003143 0.0004247 0.0004281 0.0005456 0.0005456 0.0006700 0.0006700 0.0006704 0.0006704 0.0008007 0.0006704 0.0005454 0.0005454 0.0003146 0.0004281 0.0004281 0.0004281 0.0004282 0.0005459 0.0005459 0.0006696 0.0006696 0.0006699 0.0008003 0.0006696 0.0017756 0.0017756 0.0019886 0.0010839 0.0010839 0.0009396 
TJD455_ND4      0.0858231 0.0405137 0.0405137 0.0420029 0.0350086 0.0332800 0.0303425 0.0303425 0.0008007 0.0005451 0.0004277 0.0000000 0.0001002 0.0006639 0.0006700 0.0005453 0.0005453 0.0006697 0.0006697 0.0006701 0.0006701 0.0008003 0.0006702 0.0005452 0.0005452 0.0005456 0.0004279 0.0004279 0.0004279 0.0004280 0.0005457 0.0005457 0.0006693 0.0006693 0.0006696 0.0007999 0.0006693 0.0022243 0.0022243 0.0173304 0.0014045 0.0014045 0.0012410 
TJD457_ND4      0.0838215 0.0388688 0.0388688 0.0403566 0.0333185 0.0315780 0.0285589 0.0285589 0.0006699 0.0004276 0.0003143 0.0001002 0.0000000 0.0005420 0.0005455 0.0004278 0.0004278 0.0005453 0.0005453 0.0005456 0.0005456 0.0006696 0.0005457 0.0004276 0.0004276 0.0004279 0.0003144 0.0003144 0.0003144 0.0003145 0.0004280 0.0004280 0.0005450 0.0005450 0.0005452 0.0006693 0.0005450 0.0019870 0.0019870 0.0022242 0.0012384 0.0012384 0.0010853 
TJD438_ND4      0.0828049 0.0393127 0.0393127 0.0408133 0.0318001 0.0300339 0.0251806 0.0251806 0.0007938 0.0007926 0.0004247 0.0006639 0.0005420 0.0000000 0.0002042 0.0005422 0.0005422 0.0006641 0.0006641 0.0006645 0.0006645 0.0007933 0.0006646 0.0005420 0.0005420 0.0003123 0.0004249 0.0004249 0.0004249 0.0004249 0.0005425 0.0005425 0.0006637 0.0006637 0.0006640 0.0007930 0.0006637 0.0017508 0.0017508 0.0019574 0.0010728 0.0010728 0.0009306 
TJD439_ND4      0.0843889 0.0407738 0.0407738 0.0422702 0.0333290 0.0315896 0.0269580 0.0269580 0.0008013 0.0008001 0.0004281 0.0006700 0.0005455 0.0002042 0.0000000 0.0005457 0.0005457 0.0006701 0.0006701 0.0006705 0.0006705 0.0008008 0.0006706 0.0005455 0.0005455 0.0003146 0.0004282 0.0004282 0.0004282 0.0004282 0.0005460 0.0005460 0.0006697 0.0006697 0.0006700 0.0008005 0.0006697 0.0017763 0.0017763 0.0019894 0.0010841 0.0010841 0.0009399 
TJD358_ND4      0.0771404 0.0389713 0.0389713 0.0404604 0.0334834 0.0317372 0.0286571 0.0286571 0.0006702 0.0004275 0.0005456 0.0005453 0.0004278 0.0005422 0.0005457 0.0000000 0.0000010 0.0001003 0.0001003 0.0005458 0.0005458 0.0006698 0.0005459 0.0004278 0.0004278 0.0004281 0.0003145 0.0003145 0.0003145 0.0003146 0.0004281 0.0004281 0.0005452 0.0005452 0.0005454 0.0006695 0.0005451 0.0019882 0.0019882 0.0022262 0.0012390 0.0012390 0.0010858 
TJD359_ND4      0.0771404 0.0389713 0.0389713 0.0404604 0.0334834 0.0317372 0.0286571 0.0286571 0.0006702 0.0004275 0.0005456 0.0005453 0.0004278 0.0005422 0.0005457 0.0000010 0.0000000 0.0001003 0.0001003 0.0005458 0.0005458 0.0006698 0.0005459 0.0004278 0.0004278 0.0004281 0.0003145 0.0003145 0.0003145 0.0003146 0.0004281 0.0004281 0.0005452 0.0005452 0.0005454 0.0006695 0.0005451 0.0019882 0.0019882 0.0022262 0.0012390 0.0012390 0.0010858 
TJD369_ND4      0.0752248 0.0405833 0.0405833 0.0420723 0.0351485 0.0334149 0.0268140 0.0268140 0.0008010 0.0005449 0.0006700 0.0006697 0.0005453 0.0006641 0.0006701 0.0001003 0.0001003 0.0000000 0.0000010 0.0006703 0.0006703 0.0008005 0.0006704 0.0005453 0.0005453 0.0005457 0.0004281 0.0004281 0.0004281 0.0004281 0.0005458 0.0005458 0.0006695 0.0006695 0.0006698 0.0008002 0.0006695 0.0022260 0.0022260 0.0175922 0.0014051 0.0014051 0.0012414 
TJD377_ND4      0.0752248 0.0405833 0.0405833 0.0420723 0.0351485 0.0334149 0.0268140 0.0268140 0.0008010 0.0005449 0.0006700 0.0006697 0.0005453 0.0006641 0.0006701 0.0001003 0.0001003 0.0000010 0.0000000 0.0006703 0.0006703 0.0008005 0.0006704 0.0005453 0.0005453 0.0005457 0.0004281 0.0004281 0.0004281 0.0004281 0.0005458 0.0005458 0.0006695 0.0006695 0.0006698 0.0008002 0.0006695 0.0022260 0.0022260 0.0175922 0.0014051 0.0014051 0.0012414 
TJD460_ND4      0.0843082 0.0408972 0.0408972 0.0423987 0.0350090 0.0366927 0.0269757 0.0269757 0.0008015 0.0008003 0.0006704 0.0006701 0.0005456 0.0006645 0.0006705 0.0005458 0.0005458 0.0006703 0.0006703 0.0000000 0.0000010 0.0005455 0.0004282 0.0003144 0.0003144 0.0003146 0.0002047 0.0002047 0.0002047 0.0002047 0.0003146 0.0003146 0.0004277 0.0004277 0.0004279 0.0005453 0.0004277 0.0022284 0.0022284 0.0181514 0.0014061 0.0014061 0.0012423 
TJD462_ND4      0.0843082 0.0408972 0.0408972 0.0423987 0.0350090 0.0366927 0.0269757 0.0269757 0.0008015 0.0008003 0.0006704 0.0006701 0.0005456 0.0006645 0.0006705 0.0005458 0.0005458 0.0006703 0.0006703 0.0000010 0.0000000 0.0005455 0.0004282 0.0003144 0.0003144 0.0003146 0.0002047 0.0002047 0.0002047 0.0002047 0.0003146 0.0003146 0.0004277 0.0004277 0.0004279 0.0005453 0.0004277 0.0022284 0.0022284 0.0181514 0.0014061 0.0014061 0.0012423 
MVZ236191_ND4   0.0855764 0.0388540 0.0388540 0.0403413 0.0397582 0.0380373 0.0247469 0.0247469 0.0009388 0.0009373 0.0008007 0.0008003 0.0006696 0.0007933 0.0008008 0.0006698 0.0006698 0.0008005 0.0008005 0.0005455 0.0005455 0.0000000 0.0005455 0.0002045 0.0002045 0.0004278 0.0003144 0.0003144 0.0003144 0.0003144 0.0004279 0.0004279 0.0005449 0.0005449 0.0005451 0.0006691 0.0005448 0.0174406 0.0174406 0.0213428 0.0015837 0.0015837 0.0014078 
TJD459_ND4      0.0804113 0.0376371 0.0376371 0.0391383 0.0351019 0.0333715 0.0306718 0.0306718 0.0008016 0.0008003 0.0006704 0.0006702 0.0005457 0.0006646 0.0006706 0.0005459 0.0005459 0.0006704 0.0006704 0.0004282 0.0004282 0.0005455 0.0000000 0.0003144 0.0003144 0.0003146 0.0002047 0.0002047 0.0002047 0.0002047 0.0003147 0.0003147 0.0004278 0.0004278 0.0004279 0.0005453 0.0004277 0.0022287 0.0022287 0.0181928 0.0014063 0.0014063 0.0012425 
TJD464_ND4      0.0815341 0.0388688 0.0388688 0.0403566 0.0363801 0.0346684 0.0285589 0.0285589 0.0006699 0.0006689 0.0005454 0.0005452 0.0004276 0.0005420 0.0005455 0.0004278 0.0004278 0.0005453 0.0005453 0.0003144 0.0003144 0.0002045 0.0003144 0.0000000 0.0000010 0.0002045 0.0001002 0.0001002 0.0001002 0.0001002 0.0002046 0.0002046 0.0003141 0.0003141 0.0003142 0.0004274 0.0003140 0.0019870 0.0019870 0.0022242 0.0012384 0.0012384 0.0010853 
TJD465_ND4      0.0815341 0.0388688 0.0388688 0.0403566 0.0363801 0.0346684 0.0285589 0.0285589 0.0006699 0.0006689 0.0005454 0.0005452 0.0004276 0.0005420 0.0005455 0.0004278 0.0004278 0.0005453 0.0005453 0.0003144 0.0003144 0.0002045 0.0003144 0.0000010 0.0000000 0.0002045 0.0001002 0.0001002 0.0001002 0.0001002 0.0002046 0.0002046 0.0003141 0.0003141 0.0003142 0.0004274 0.0003140 0.0019870 0.0019870 0.0022242 0.0012384 0.0012384 0.0010853 
MVZ207642_ND4   0.0803092 0.0391931 0.0391931 0.0406911 0.0333626 0.0316214 0.0250363 0.0250363 0.0006704 0.0006695 0.0003146 0.0005456 0.0004279 0.0003123 0.0003146 0.0004281 0.0004281 0.0005457 0.0005457 0.0003146 0.0003146 0.0004278 0.0003146 0.0002045 0.0002045 0.0000000 0.0001003 0.0001003 0.0001003 0.0001003 0.0002047 0.0002047 0.0003143 0.0003143 0.0003144 0.0004277 0.0003143 0.0015822 0.0015822 0.0017765 0.0009382 0.0009382 0.0008017 
MVZ195628_ND4   0.0803092 0.0375739 0.0375739 0.0390738 0.0350398 0.0333110 0.0270026 0.0270026 0.0005459 0.0005451 0.0004281 0.0004279 0.0003144 0.0004249 0.0004282 0.0003145 0.0003145 0.0004281 0.0004281 0.0002047 0.0002047 0.0003144 0.0002047 0.0001002 0.0001002 0.0001003 0.0000000 0.0000010 0.0000010 0.0000010 0.0001003 0.0001003 0.0002045 0.0002045 0.0002046 0.0003143 0.0002045 0.0017765 0.0017765 0.0019898 0.0010843 0.0010843 0.0009400 
MVZ207643_ND4   0.0803092 0.0375739 0.0375739 0.0390738 0.0350398 0.0333110 0.0270026 0.0270026 0.0005459 0.0005451 0.0004281 0.0004279 0.0003144 0.0004249 0.0004282 0.0003145 0.0003145 0.0004281 0.0004281 0.0002047 0.0002047 0.0003144 0.0002047 0.0001002 0.0001002 0.0001003 0.0000010 0.0000000 0.0000010 0.0000010 0.0001003 0.0001003 0.0002045 0.0002045 0.0002046 0.0003143 0.0002045 0.0017765 0.0017765 0.0019898 0.0010843 0.0010843 0.0009400 
TJD454_ND4      0.0803092 0.0375739 0.0375739 0.0390738 0.0350398 0.0333110 0.0270026 0.0270026 0.0005459 0.0005451 0.0004281 0.0004279 0.0003144 0.0004249 0.0004282 0.0003145 0.0003145 0.0004281 0.0004281 0.0002047 0.0002047 0.0003144 0.0002047 0.0001002 0.0001002 0.0001003 0.0000010 0.0000010 0.0000000 0.0000010 0.0001003 0.0001003 0.0002045 0.0002045 0.0002046 0.0003143 0.0002045 0.0017765 0.0017765 0.0019898 0.0010843 0.0010843 0.0009400 
TJD456_ND4      0.0803092 0.0376247 0.0376247 0.0391265 0.0350885 0.0333576 0.0250949 0.0250949 0.0005459 0.0005462 0.0004282 0.0004280 0.0003145 0.0004249 0.0004282 0.0003146 0.0003146 0.0004281 0.0004281 0.0002047 0.0002047 0.0003144 0.0002047 0.0001002 0.0001002 0.0001003 0.0000010 0.0000010 0.0000010 0.0000000 0.0001003 0.0001003 0.0002045 0.0002045 0.0002046 0.0003143 0.0002045 0.0017769 0.0017769 0.0019901 0.0010844 0.0010844 0.0009401 
TJD452_ND4      0.0803092 0.0362605 0.0362605 0.0377749 0.0336742 0.0319219 0.0253307 0.0253307 0.0006706 0.0006696 0.0005459 0.0005457 0.0004280 0.0005425 0.0005460 0.0004281 0.0004281 0.0005458 0.0005458 0.0003146 0.0003146 0.0004279 0.0003147 0.0002046 0.0002046 0.0002047 0.0001003 0.0001003 0.0001003 0.0001003 0.0000000 0.0000010 0.0003143 0.0003143 0.0003144 0.0004277 0.0003143 0.0015841 0.0015841 0.0017788 0.0012399 0.0012399 0.0010866 
TJD453_ND4      0.0803092 0.0362605 0.0362605 0.0377749 0.0336742 0.0319219 0.0253307 0.0253307 0.0006706 0.0006696 0.0005459 0.0005457 0.0004280 0.0005425 0.0005460 0.0004281 0.0004281 0.0005458 0.0005458 0.0003146 0.0003146 0.0004279 0.0003147 0.0002046 0.0002046 0.0002047 0.0001003 0.0001003 0.0001003 0.0001003 0.0000010 0.0000000 0.0003143 0.0003143 0.0003144 0.0004277 0.0003143 0.0015841 0.0015841 0.0017788 0.0012399 0.0012399 0.0010866 
TJD445_ND4      0.0830314 0.0403289 0.0403289 0.0418106 0.0378763 0.0361717 0.0301968 0.0301968 0.0005457 0.0007992 0.0006696 0.0006693 0.0005450 0.0006637 0.0006697 0.0005452 0.0005452 0.0006695 0.0006695 0.0004277 0.0004277 0.0005449 0.0004278 0.0003141 0.0003141 0.0003143 0.0002045 0.0002045 0.0002045 0.0002045 0.0003143 0.0003143 0.0000000 0.0000010 0.0002045 0.0003141 0.0002044 0.0022233 0.0022233 0.0167399 0.0014039 0.0014039 0.0012405 
TJD497_ND4      0.0830314 0.0403289 0.0403289 0.0418106 0.0378763 0.0361717 0.0301968 0.0301968 0.0005457 0.0007992 0.0006696 0.0006693 0.0005450 0.0006637 0.0006697 0.0005452 0.0005452 0.0006695 0.0006695 0.0004277 0.0004277 0.0005449 0.0004278 0.0003141 0.0003141 0.0003143 0.0002045 0.0002045 0.0002045 0.0002045 0.0003143 0.0003143 0.0000010 0.0000000 0.0002045 0.0003141 0.0002044 0.0022233 0.0022233 0.0167399 0.0014039 0.0014039 0.0012405 
TJD447_ND4      0.0803092 0.0375739 0.0375739 0.0390738 0.0380833 0.0363697 0.0270026 0.0270026 0.0005459 0.0005451 0.0006699 0.0006696 0.0005452 0.0006640 0.0006700 0.0005454 0.0005454 0.0006698 0.0006698 0.0004279 0.0004279 0.0005451 0.0004279 0.0003142 0.0003142 0.0003144 0.0002046 0.0002046 0.0002046 0.0002046 0.0003144 0.0003144 0.0002045 0.0002045 0.0000000 0.0003143 0.0002045 0.0022254 0.0022254 0.0174567 0.0014048 0.0014048 0.0012412 
TJD444_ND4      0.0820221 0.0390652 0.0390652 0.0405605 0.0395206 0.0378113 0.0303302 0.0303302 0.0009384 0.0009369 0.0008003 0.0007999 0.0006693 0.0007930 0.0008005 0.0006695 0.0006695 0.0008002 0.0008002 0.0005453 0.0005453 0.0006691 0.0005453 0.0004274 0.0004274 0.0004277 0.0003143 0.0003143 0.0003143 0.0003143 0.0004277 0.0004277 0.0003141 0.0003141 0.0003143 0.0000000 0.0001002 0.0166901 0.0166901 0.0211418 0.0015827 0.0015827 0.0014069 
TJD449_ND4      0.0800867 0.0374313 0.0374313 0.0389279 0.0378689 0.0361644 0.0285589 0.0285589 0.0008004 0.0007992 0.0006696 0.0006693 0.0005450 0.0006637 0.0006697 0.0005451 0.0005451 0.0006695 0.0006695 0.0004277 0.0004277 0.0005448 0.0004277 0.0003140 0.0003140 0.0003143 0.0002045 0.0002045 0.0002045 0.0002045 0.0003143 0.0003143 0.0002044 0.0002044 0.0002045 0.0001002 0.0000000 0.0022232 0.0022232 0.0166901 0.0014039 0.0014039 0.0012404 
TJD433_ND4      0.0859325 0.0479795 0.0479795 0.0494633 0.0423550 0.0406491 0.0348878 0.0348878 0.0178730 0.0024896 0.0017756 0.0022243 0.0019870 0.0017508 0.0017763 0.0019882 0.0019882 0.0022260 0.0022260 0.0022284 0.0022284 0.0174406 0.0022287 0.0019870 0.0019870 0.0015822 0.0017765 0.0017765 0.0017765 0.0017769 0.0015841 0.0015841 0.0022233 0.0022233 0.0022254 0.0166901 0.0022232 0.0000000 0.0000010 0.0001002 0.0006683 0.0006683 0.0010823 
TJD436_ND4      0.0859325 0.0479795 0.0479795 0.0494633 0.0423550 0.0406491 0.0348878 0.0348878 0.0178730 0.0024896 0.0017756 0.0022243 0.0019870 0.0017508 0.0017763 0.0019882 0.0019882 0.0022260 0.0022260 0.0022284 0.0022284 0.0174406 0.0022287 0.0019870 0.0019870 0.0015822 0.0017765 0.0017765 0.0017765 0.0017769 0.0015841 0.0015841 0.0022233 0.0022233 0.0022254 0.0166901 0.0022232 0.0000010 0.0000000 0.0001002 0.0006683 0.0006683 0.0010823 
TJD430_ND4      0.0878719 0.0496348 0.0496348 0.0511244 0.0440077 0.0422904 0.0365485 0.0365485 0.0215117 0.0209451 0.0019886 0.0173304 0.0022242 0.0019574 0.0019894 0.0022262 0.0022262 0.0175922 0.0175922 0.0181514 0.0181514 0.0213428 0.0181928 0.0022242 0.0022242 0.0017765 0.0019898 0.0019898 0.0019898 0.0019901 0.0017788 0.0017788 0.0167399 0.0167399 0.0174567 0.0211418 0.0166901 0.0001002 0.0001002 0.0000000 0.0007987 0.0007987 0.0012373 
TJD431_ND4      0.0818054 0.0451280 0.0451280 0.0466174 0.0394459 0.0377389 0.0318465 0.0318465 0.0015849 0.0015817 0.0010839 0.0014045 0.0012384 0.0010728 0.0010841 0.0012390 0.0012390 0.0014051 0.0014051 0.0014061 0.0014061 0.0015837 0.0014063 0.0012384 0.0012384 0.0009382 0.0010843 0.0010843 0.0010843 0.0010844 0.0012399 0.0012399 0.0014039 0.0014039 0.0014048 0.0015827 0.0014039 0.0006683 0.0006683 0.0007987 0.0000000 0.0000010 0.0005451 
TJD432_ND4      0.0818054 0.0451280 0.0451280 0.0466174 0.0394459 0.0377389 0.0318465 0.0318465 0.0015849 0.0015817 0.0010839 0.0014045 0.0012384 0.0010728 0.0010841 0.0012390 0.0012390 0.0014051 0.0014051 0.0014061 0.0014061 0.0015837 0.0014063 0.0012384 0.0012384 0.0009382 0.0010843 0.0010843 0.0010843 0.0010844 0.0012399 0.0012399 0.0014039 0.0014039 0.0014048 0.0015827 0.0014039 0.0006683 0.0006683 0.0007987 0.0000010 0.0000000 0.0005451 
JFP_517_ND4     0.0846841 0.0442942 0.0442942 0.0458049 0.0385161 0.0367837 0.0307433 0.0307433 0.0010857 0.0014061 0.0009396 0.0012410 0.0010853 0.0009306 0.0009399 0.0010858 0.0010858 0.0012414 0.0012414 0.0012423 0.0012423 0.0014078 0.0012425 0.0010853 0.0010853 0.0008017 0.0009400 0.0009400 0.0009400 0.0009401 0.0010866 0.0010866 0.0012405 0.0012405 0.0012412 0.0014069 0.0012404 0.0010823 0.0010823 0.0012373 0.0005451 0.0005451 0.0000000 
