35
Burramyidae_Burramys_parvus                  0.0000000 0.0729337 0.0558455 0.0560196 0.0566464 0.0793236 0.0645764 0.0351340 0.0611935 0.0668377 0.0528356 0.0759966 0.0816003 0.0536971 0.0654095 0.0741097 0.0767826 0.0708761 0.0819226 0.0560352 0.0756562 0.0921471 0.1104314 0.0686167 0.0475956 0.0676667 0.0797841 0.0544636 0.0537441 0.0551349 0.0497292 0.0464290 0.0698722 0.0767545 0.0684543 
Notoryctidae_Notoryctes_typhlops             0.0729337 0.0000000 0.0873757 0.0857381 0.0858340 0.1086727 0.0968067 0.0771784 0.0940496 0.0922786 0.0976119 0.1091380 0.1139249 0.0993849 0.1084615 0.1089567 0.1049337 0.1101221 0.1058639 0.0959337 0.1252448 0.1190454 0.1484652 0.0986480 0.0912579 0.0851597 0.1426757 0.0893153 0.0963366 0.0955452 0.0888719 0.0876223 0.1047379 0.1049591 0.0971176 
Vombatidae_Lasiorhinus_latifrons             0.0558455 0.0873757 0.0000000 0.0759702 0.0764829 0.0805475 0.0904069 0.0595502 0.0802613 0.0747276 0.0763522 0.0762876 0.0853418 0.0760122 0.0881181 0.0753058 0.0786209 0.0832862 0.0885315 0.0765372 0.1011811 0.0911972 0.1116007 0.0763778 0.0711741 0.0744641 0.1007630 0.0721100 0.0725869 0.0753255 0.0663836 0.0694700 0.0770894 0.0780379 0.0752950 
Potoroidae_Bettongia_penicillata             0.0560196 0.0857381 0.0759702 0.0000000 0.0058874 0.0990780 0.0883393 0.0566208 0.0118635 0.0812580 0.0765999 0.0959067 0.1018409 0.0765001 0.0808878 0.0947912 0.0957222 0.0924333 0.0964487 0.0255705 0.0916628 0.0969622 0.1102737 0.0904415 0.0422172 0.0826275 0.0927140 0.0236698 0.0725325 0.0663925 0.0658596 0.0688398 0.0843009 0.0963915 0.0819109 
Potoroidae_Bettongia_lesueur                 0.0566464 0.0858340 0.0764829 0.0058874 0.0000000 0.0994634 0.0924012 0.0588140 0.0138447 0.0803296 0.0779312 0.0948462 0.1022192 0.0778395 0.0798857 0.0946353 0.0961205 0.0940066 0.0954469 0.0275930 0.0948228 0.0965792 0.1132618 0.0913020 0.0428379 0.0816034 0.0939938 0.0257393 0.0723645 0.0679250 0.0649468 0.0701325 0.0824257 0.0967866 0.0809695 
Dasyuridae_Dasyurus_maculatus                0.0793236 0.1086727 0.0805475 0.0990780 0.0994634 0.0000000 0.1160053 0.0811872 0.1051854 0.0914390 0.0980243 0.0263650 0.0300476 0.1020515 0.1099040 0.0256156 0.0098655 0.0253615 0.1052764 0.0979460 0.1175459 0.1037228 0.1276175 0.0213138 0.0889729 0.0889451 0.1265888 0.0973799 0.0918026 0.0965965 0.0900911 0.0929606 0.0921593 0.0058832 0.0927922 
Phalangeridae_Trichosurus_vulpecula          0.0645764 0.0968067 0.0904069 0.0883393 0.0924012 0.1160053 0.0000000 0.0470362 0.0981192 0.1022968 0.0431370 0.1134710 0.1205981 0.0432360 0.0890071 0.1122937 0.1132617 0.1083926 0.1131571 0.0887183 0.1051276 0.1258398 0.1475826 0.0955820 0.0837464 0.1057501 0.1130256 0.0879621 0.0929993 0.0847657 0.0795333 0.0371476 0.1074360 0.1132208 0.1018973 
Phalangeridae_Spilocuscus_maculatus          0.0351340 0.0771784 0.0595502 0.0566208 0.0588140 0.0811872 0.0470362 0.0000000 0.0633056 0.0652965 0.0263656 0.0780351 0.0828416 0.0250199 0.0656346 0.0761689 0.0786866 0.0752641 0.0738692 0.0558180 0.0793260 0.0897203 0.1066022 0.0720037 0.0526181 0.0654115 0.0801021 0.0581583 0.0551587 0.0532458 0.0453830 0.0171281 0.0710857 0.0786584 0.0680168 
Potoroidae_Aepyprymnus_rufescens             0.0611935 0.0940496 0.0802613 0.0118635 0.0138447 0.1051854 0.0981192 0.0633056 0.0000000 0.0866326 0.0810953 0.1020085 0.1080240 0.0800077 0.0826443 0.1017796 0.1018113 0.0985846 0.1016370 0.0296187 0.0996127 0.0996470 0.1153619 0.0971638 0.0478423 0.0870115 0.0988924 0.0277784 0.0776538 0.0727192 0.0700382 0.0722737 0.0896461 0.1024736 0.0872099 
Peramelidae_Perameles_nasuta                 0.0668377 0.0922786 0.0747276 0.0812580 0.0803296 0.0914390 0.1022968 0.0652965 0.0866326 0.0000000 0.0841427 0.0872656 0.0923299 0.0862808 0.0964619 0.0871143 0.0888216 0.0866735 0.0265158 0.0828979 0.1139310 0.0966276 0.1174095 0.0817035 0.0808839 0.0802457 0.1145555 0.0832997 0.0843697 0.0822294 0.0776909 0.0774793 0.0172002 0.0886313 0.0033549 
Phalangeridae_Strigocuscus_pelengensis       0.0528356 0.0976119 0.0763522 0.0765999 0.0779312 0.0980243 0.0431370 0.0263656 0.0810953 0.0841427 0.0000000 0.0946853 0.0999625 0.0159259 0.0772004 0.0926398 0.0952851 0.0884054 0.0953432 0.0756022 0.0974338 0.1098066 0.1270211 0.0846461 0.0721391 0.0867770 0.0980032 0.0782354 0.0695873 0.0725443 0.0668489 0.0124234 0.0931029 0.0953085 0.0854105 
Dasyuridae_Phascogale_tapoatafa              0.0759966 0.1091380 0.0762876 0.0959067 0.0948462 0.0263650 0.1134710 0.0780351 0.1020085 0.0872656 0.0946853 0.0000000 0.0272598 0.0979112 0.1049399 0.0032612 0.0256746 0.0246901 0.0986371 0.0939112 0.1146373 0.1058077 0.1262439 0.0135439 0.0875500 0.0822853 0.1236976 0.0923104 0.0860796 0.0932570 0.0862904 0.0889034 0.0881878 0.0242594 0.0887030 
Dasyuridae_Sminthopsis_macroura              0.0816003 0.1139249 0.0853418 0.1018409 0.1022192 0.0300476 0.1205981 0.0828416 0.1080240 0.0923299 0.0999625 0.0272598 0.0000000 0.1039815 0.1128353 0.0265017 0.0321940 0.0186341 0.1046711 0.1012973 0.1229630 0.1133767 0.1325159 0.0243073 0.0939668 0.0940920 0.1334614 0.1007317 0.0943330 0.1002121 0.0934462 0.0947599 0.0933711 0.0279087 0.0936776 
Phalangeridae_Phalanger_orientalis           0.0536971 0.0993849 0.0760122 0.0765001 0.0778395 0.1020515 0.0432360 0.0250199 0.0800077 0.0862808 0.0159259 0.0979112 0.1039815 0.0000000 0.0755961 0.0977076 0.0984625 0.0937020 0.1008344 0.0755145 0.0982582 0.1128836 0.1263189 0.0895785 0.0717601 0.0873175 0.0952562 0.0781911 0.0755067 0.0753753 0.0645322 0.0059243 0.0938247 0.0993973 0.0870549 
Acrobatidae_Acrobates_pygmaeus               0.0654095 0.1084615 0.0881181 0.0808878 0.0798857 0.1099040 0.0890071 0.0656346 0.0826443 0.0964619 0.0772004 0.1049399 0.1128353 0.0755961 0.0000000 0.1046922 0.1053346 0.1046267 0.1079210 0.0829078 0.0921080 0.1183399 0.1385046 0.1018034 0.0775568 0.0912437 0.0920326 0.0807071 0.0676775 0.0715569 0.0462758 0.0696281 0.1007827 0.1052962 0.0973132 
Dasyuridae_Phascogale_calura                 0.0741097 0.1089567 0.0753058 0.0947912 0.0946353 0.0256156 0.1122937 0.0761689 0.1017796 0.0871143 0.0926398 0.0032612 0.0265017 0.0977076 0.1046922 0.0000000 0.0249276 0.0223730 0.0984669 0.0937030 0.1124650 0.1046861 0.1250120 0.0128304 0.0865228 0.0812392 0.1193847 0.0931315 0.0832817 0.0903494 0.0852730 0.0887226 0.0880324 0.0235185 0.0885523 
Dasyuridae_Sarcophilus_harrisii              0.0767826 0.1049337 0.0786209 0.0957222 0.0961205 0.0098655 0.1132617 0.0786866 0.1018113 0.0888216 0.0952851 0.0256746 0.0321940 0.0984625 0.1053346 0.0249276 0.0000000 0.0260975 0.1026451 0.0946079 0.1141572 0.1010162 0.1253475 0.0220049 0.0856889 0.0860517 0.1254167 0.0940372 0.0876171 0.0930308 0.0875900 0.0904067 0.0905021 0.0065427 0.0902258 
Dasyuridae_Planigale_tenuirostris            0.0708761 0.1101221 0.0832862 0.0924333 0.0940066 0.0253615 0.1083926 0.0752641 0.0985846 0.0866735 0.0884054 0.0246901 0.0186341 0.0937020 0.1046267 0.0223730 0.0260975 0.0000000 0.1004903 0.0934089 0.1115513 0.1054994 0.1303236 0.0212198 0.0852446 0.0857066 0.1206147 0.0933888 0.0846725 0.0901475 0.0844577 0.0834774 0.0879003 0.0238024 0.0891074 
Peramelidae_Echymipera_kalubu                0.0819226 0.1058639 0.0885315 0.0964487 0.0954469 0.1052764 0.1131571 0.0738692 0.1016370 0.0265158 0.0953432 0.0986371 0.1046711 0.1008344 0.1079210 0.0984669 0.1026451 0.1004903 0.0000000 0.0979190 0.1234621 0.1070063 0.1277521 0.0940649 0.0922657 0.0899926 0.1279581 0.0972568 0.0964214 0.0959892 0.0858014 0.0909500 0.0189261 0.1026086 0.0281625 
Macropodidae_Dorcopsulus_vanheurni           0.0560352 0.0959337 0.0765372 0.0255705 0.0275930 0.0979460 0.0887183 0.0558180 0.0296187 0.0828979 0.0756022 0.0939112 0.1012973 0.0755145 0.0829078 0.0937030 0.0946079 0.0934089 0.0979190 0.0000000 0.0973480 0.1014665 0.1177027 0.0891092 0.0444494 0.0876469 0.0969821 0.0139215 0.0771349 0.0696459 0.0693508 0.0678543 0.0866915 0.0952757 0.0843008 
Pseudochiridae_Pseudochirulus_forbesi        0.0756562 0.1252448 0.1011811 0.0916628 0.0948228 0.1175459 0.1051276 0.0793260 0.0996127 0.1139310 0.0974338 0.1146373 0.1229630 0.0982582 0.0921080 0.1124650 0.1141572 0.1115513 0.1234621 0.0973480 0.0000000 0.1285238 0.1477834 0.1083446 0.0924316 0.1089680 0.0641399 0.0960915 0.0454170 0.0798752 0.0731478 0.0901792 0.1135896 0.1156033 0.1138478 
Didelphidae_Didelphis_virginiana             0.0921471 0.1190454 0.0911972 0.0969622 0.0965792 0.1037228 0.1258398 0.0897203 0.0996470 0.0966276 0.1098066 0.1058077 0.1133767 0.1128836 0.1183399 0.1046861 0.1010162 0.1054994 0.1070063 0.1014665 0.1285238 0.0000000 0.0420974 0.1016480 0.0999743 0.0978605 0.1360408 0.0997903 0.1011752 0.1040027 0.0942466 0.1028412 0.1006845 0.1027555 0.0986849 
Marmosidae_Monodelphis_domestica             0.1104314 0.1484652 0.1116007 0.1102737 0.1132618 0.1276175 0.1475826 0.1066022 0.1153619 0.1174095 0.1270211 0.1262439 0.1325159 0.1263189 0.1385046 0.1250120 0.1253475 0.1303236 0.1277521 0.1177027 0.1477834 0.0420974 0.0000000 0.1193194 0.1186801 0.1164137 0.1524943 0.1175586 0.1201162 0.1233013 0.1110085 0.1181066 0.1199214 0.1275037 0.1183461 
Dasyuridae_Antechinus_stuartii               0.0686167 0.0986480 0.0763778 0.0904415 0.0913020 0.0213138 0.0955820 0.0720037 0.0971638 0.0817035 0.0846461 0.0135439 0.0243073 0.0895785 0.1018034 0.0128304 0.0220049 0.0212198 0.0940649 0.0891092 0.1083446 0.1016480 0.1193194 0.0000000 0.0799257 0.0819444 0.1186953 0.0883858 0.0817471 0.0872948 0.0831859 0.0806412 0.0840471 0.0205593 0.0850608 
Hypsiprymnodontidae_Hypsiprymnodon_moschatus 0.0475956 0.0912579 0.0711741 0.0422172 0.0428379 0.0889729 0.0837464 0.0526181 0.0478423 0.0808839 0.0721391 0.0875500 0.0939668 0.0717601 0.0775568 0.0865228 0.0856889 0.0852446 0.0922657 0.0444494 0.0924316 0.0999743 0.1186801 0.0799257 0.0000000 0.0778806 0.0935434 0.0446662 0.0693516 0.0631112 0.0589347 0.0633985 0.0836441 0.0864347 0.0819363 
Microbiotheriidae_Dromiciops_gliroides       0.0676667 0.0851597 0.0744641 0.0826275 0.0816034 0.0889451 0.1057501 0.0654115 0.0870115 0.0802457 0.0867770 0.0822853 0.0940920 0.0873175 0.0912437 0.0812392 0.0860517 0.0857066 0.0899926 0.0876469 0.1089680 0.0978605 0.1164137 0.0819444 0.0778806 0.0000000 0.1086953 0.0862055 0.0807474 0.0761295 0.0735403 0.0760099 0.0829999 0.0870996 0.0815454 
Pseudochiridae_Petauroides_volans            0.0797841 0.1426757 0.1007630 0.0927140 0.0939938 0.1265888 0.1130256 0.0801021 0.0988924 0.1145555 0.0980032 0.1236976 0.1334614 0.0952562 0.0920326 0.1193847 0.1254167 0.1206147 0.1279581 0.0969821 0.0641399 0.1360408 0.1524943 0.1186953 0.0935434 0.1086953 0.0000000 0.0989191 0.0623612 0.0844889 0.0798506 0.0889152 0.1164614 0.1253712 0.1149735 
Macropodidae_Wallabia_bicolor                0.0544636 0.0893153 0.0721100 0.0236698 0.0257393 0.0973799 0.0879621 0.0581583 0.0277784 0.0832997 0.0782354 0.0923104 0.1007317 0.0781911 0.0807071 0.0931315 0.0940372 0.0933888 0.0972568 0.0139215 0.0960915 0.0997903 0.1175586 0.0883858 0.0446662 0.0862055 0.0989191 0.0000000 0.0750272 0.0682152 0.0657788 0.0704456 0.0868939 0.0947893 0.0847010 
Pseudochiridae_Pseudocheirus_occidentalis    0.0537441 0.0963366 0.0725869 0.0725325 0.0723645 0.0918026 0.0929993 0.0551587 0.0776538 0.0843697 0.0695873 0.0860796 0.0943330 0.0755067 0.0676775 0.0832817 0.0876171 0.0846725 0.0964214 0.0771349 0.0454170 0.1011752 0.1201162 0.0817471 0.0693516 0.0807474 0.0623612 0.0750272 0.0000000 0.0567545 0.0455787 0.0670403 0.0849434 0.0899946 0.0853762 
Tarsipedidae_Tarsipes_rostratus              0.0551349 0.0955452 0.0753255 0.0663925 0.0679250 0.0965965 0.0847657 0.0532458 0.0727192 0.0822294 0.0725443 0.0932570 0.1002121 0.0753753 0.0715569 0.0903494 0.0930308 0.0901475 0.0959892 0.0696459 0.0798752 0.1040027 0.1233013 0.0872948 0.0631112 0.0761295 0.0844889 0.0682152 0.0567545 0.0000000 0.0513810 0.0659992 0.0888119 0.0937731 0.0852533 
Acrobatidae_Distoechurus_pennatus            0.0497292 0.0888719 0.0663836 0.0658596 0.0649468 0.0900911 0.0795333 0.0453830 0.0700382 0.0776909 0.0668489 0.0862904 0.0934462 0.0645322 0.0462758 0.0852730 0.0875900 0.0844577 0.0858014 0.0693508 0.0731478 0.0942466 0.1110085 0.0831859 0.0589347 0.0735403 0.0798506 0.0657788 0.0455787 0.0513810 0.0000000 0.0556781 0.0795480 0.0875592 0.0784253 
Phalangeridae_Phalanger_carmelitae           0.0464290 0.0876223 0.0694700 0.0688398 0.0701325 0.0929606 0.0371476 0.0171281 0.0722737 0.0774793 0.0124234 0.0889034 0.0947599 0.0059243 0.0696281 0.0887226 0.0904067 0.0834774 0.0909500 0.0678543 0.0901792 0.1028412 0.1181066 0.0806412 0.0633985 0.0760099 0.0889152 0.0704456 0.0670403 0.0659992 0.0556781 0.0000000 0.0837306 0.0903745 0.0775454 
Peramelidae_Peroryctes_raffrayana            0.0698722 0.1047379 0.0770894 0.0843009 0.0824257 0.0921593 0.1074360 0.0710857 0.0896461 0.0172002 0.0931029 0.0881878 0.0933711 0.0938247 0.1007827 0.0880324 0.0905021 0.0879003 0.0189261 0.0866915 0.1135896 0.1006845 0.1199214 0.0840471 0.0836441 0.0829999 0.1164614 0.0868939 0.0849434 0.0888119 0.0795480 0.0837306 0.0000000 0.0904050 0.0213011 
Dasyuridae_Dasyurus_geffroii                 0.0767545 0.1049591 0.0780379 0.0963915 0.0967866 0.0058832 0.1132208 0.0786584 0.1024736 0.0886313 0.0953085 0.0242594 0.0279087 0.0993973 0.1052962 0.0235185 0.0065427 0.0238024 0.1026086 0.0952757 0.1156033 0.1027555 0.1275037 0.0205593 0.0864347 0.0870996 0.1253712 0.0947893 0.0899946 0.0937731 0.0875592 0.0903745 0.0904050 0.0000000 0.0900363 
Peramelidae_Perameles_gunnii                 0.0684543 0.0971176 0.0752950 0.0819109 0.0809695 0.0927922 0.1018973 0.0680168 0.0872099 0.0033549 0.0854105 0.0887030 0.0936776 0.0870549 0.0973132 0.0885523 0.0902258 0.0891074 0.0281625 0.0843008 0.1138478 0.0986849 0.1183461 0.0850608 0.0819363 0.0815454 0.1149735 0.0847010 0.0853762 0.0852533 0.0784253 0.0775454 0.0213011 0.0900363 0.0000000 
