61
AF337128_Lampropeltis_alterna    0.0000000 0.0048213 0.2484952 0.2235633 0.2045203 0.1990366 0.2173396 0.1960191 0.1874835 0.1976985 0.0828922 0.0996658 0.0892637 0.0892484 0.1913130 0.1464293 0.1517409 0.1880051 0.1894246 0.2510402 0.2387035 0.2387035 0.2387035 0.2312346 0.1861138 0.2044729 0.2092073 0.2120868 0.2396816 0.2351967 0.2285620 0.2351001 0.2387035 0.1864273 0.1770821 0.1757001 0.1757001 0.1895614 0.1819674 0.1843266 0.2308842 0.2022368 0.2475275 0.1952067 0.2432933 0.2092529 0.1987979 0.1908801 0.2040048 0.1749322 0.1865508 0.1886575 0.1880342 0.1866887 0.1717033 0.1735031 0.1425716 0.1756166 0.1695293 0.2321085 0.2429331 
AF337134_Lampropeltis_triangulum 0.0048213 0.0000000 0.2489298 0.2162039 0.1991721 0.1999820 0.2098164 0.1927225 0.1856722 0.1987843 0.0841594 0.0939620 0.0898766 0.0898999 0.1960371 0.1448297 0.1501398 0.1826699 0.1840719 0.2591203 0.2465119 0.2465119 0.2465119 0.2388562 0.1808144 0.2004775 0.2051787 0.2079956 0.2459380 0.2429514 0.2418770 0.2411322 0.2465119 0.1811175 0.1724354 0.1710677 0.1710677 0.1850693 0.1850541 0.1874726 0.2297267 0.1995933 0.2399166 0.1904476 0.2439955 0.2019427 0.1953060 0.1874901 0.1967468 0.1732813 0.1812349 0.1832392 0.1826981 0.1841387 0.1717564 0.1743803 0.1460095 0.1706588 0.1646857 0.2317762 0.2399485 
AF471040_Lycodon_zawi            0.2484952 0.2489298 0.0000000 0.2358813 0.2495986 0.2750740 0.2801945 0.2855707 0.2710493 0.2080669 0.2369752 0.2340493 0.2270627 0.2248795 0.2413047 0.1749608 0.1695305 0.1778426 0.1791489 0.1209072 0.1103056 0.1103056 0.1103056 0.1200730 0.1721218 0.2377880 0.2290702 0.2257662 0.1177157 0.1199962 0.1121620 0.1163229 0.1103056 0.1777574 0.2224915 0.2210261 0.2210261 0.1901938 0.1813507 0.1910008 0.1437763 0.1702514 0.1711477 0.1693842 0.1939707 0.1974003 0.2030818 0.1938139 0.2017049 0.1867508 0.1765067 0.1765863 0.1805208 0.2369539 0.1568991 0.1955748 0.1788899 0.1910942 0.1845907 0.0090299 0.2861050 
AF471062_Dipsadoboa_unicolor     0.2235633 0.2162039 0.2358813 0.0000000 0.2418424 0.2841763 0.2780636 0.2376398 0.1930336 0.2090793 0.2307979 0.2366958 0.2195511 0.2304362 0.2367373 0.2032345 0.2221758 0.1925640 0.1940063 0.2354025 0.2283705 0.2283705 0.2283705 0.2207418 0.2019232 0.2304643 0.2381100 0.2414453 0.2133326 0.2165032 0.2304415 0.2120600 0.2283705 0.1927587 0.2107142 0.2092224 0.2092224 0.2254628 0.2320742 0.2354797 0.2574082 0.2394748 0.2250793 0.2348095 0.2321617 0.2029481 0.2204434 0.2156942 0.2089989 0.2143376 0.1931935 0.1954451 0.1925939 0.2784630 0.2101495 0.2090863 0.1968157 0.2127583 0.2109713 0.2298890 0.2696254 
AF471065_Dasypeltis_atra         0.2045203 0.1991721 0.2495986 0.2418424 0.0000000 0.2959341 0.2858146 0.2276000 0.2031754 0.2143540 0.1801498 0.1985284 0.1915672 0.1842214 0.2688598 0.1998539 0.2125345 0.2124462 0.2138824 0.2742449 0.2664825 0.2664825 0.2664825 0.2830302 0.2045338 0.2249715 0.2250915 0.2266651 0.2806731 0.2687173 0.2430911 0.2712296 0.2664825 0.2149369 0.2170044 0.2155453 0.2155453 0.2063914 0.2338753 0.2331234 0.2651293 0.2130978 0.2544298 0.2220448 0.2539227 0.1958351 0.2003596 0.1989354 0.1951900 0.2148585 0.2124462 0.2135236 0.2124771 0.2319687 0.1820831 0.2081397 0.1958748 0.2281260 0.2261856 0.2171321 0.2648890 
Ahaetulla_prasina_CDS1130        0.1990366 0.1999820 0.2750740 0.2841763 0.2959341 0.0000000 0.0272421 0.1254034 0.1902442 0.1671364 0.2059372 0.2112492 0.2553533 0.2609055 0.1153035 0.1172676 0.2157520 0.1183251 0.1183251 0.1353598 0.1989021 0.1259837 0.1259837 0.1256110 0.1211088 0.1198863 0.1204101 0.1201084 0.1346568 0.1268072 0.1281792 0.1332102 0.1259837 0.1154850 0.1215587 0.1901283 0.1208590 0.1216154 0.2160279 0.2228727 0.1268865 0.1102440 0.0488990 0.1174982 0.1556897 0.1767422 0.1240554 0.1973015 0.1150464 0.1190596 0.1155672 0.1169016 0.1830693 0.1264057 0.1053617 0.1153011 0.1114037 0.1083361 0.1591055 0.1223583 0.1372263 
Ahaetulla_prasina_RMB3042        0.2173396 0.2098164 0.2801945 0.2780636 0.2858146 0.0272421 0.0000000 0.1443049 0.2002342 0.1820746 0.2098090 0.2174184 0.2396249 0.2344642 0.1037729 0.1462036 0.2408266 0.1371063 0.1364182 0.1568651 0.2204146 0.1519417 0.1519417 0.1458220 0.1330905 0.1485697 0.1518159 0.1523300 0.1522519 0.1495099 0.1306206 0.1513172 0.1519417 0.1340937 0.1433174 0.2050021 0.1427502 0.1365472 0.2512194 0.2594641 0.1462492 0.1441854 0.1280869 0.1427012 0.2204948 0.1881871 0.1373623 0.1926570 0.1365172 0.1498344 0.1334061 0.1346117 0.1908159 0.1570311 0.1034763 0.1383414 0.1068022 0.1264002 0.1717898 0.1268592 0.1372683 
Boiga_cynodon_CDS4400            0.1960191 0.1927225 0.2855707 0.2376398 0.2276000 0.1254034 0.1443049 0.0000000 0.1001534 0.1691692 0.1868569 0.1926344 0.2032213 0.2072601 0.0993656 0.1068565 0.1947245 0.1140684 0.1126744 0.1358457 0.1827153 0.1284798 0.1284798 0.1291539 0.1173121 0.1144302 0.1148060 0.1143842 0.1231216 0.1293600 0.1214071 0.1253709 0.1284798 0.1135585 0.1105900 0.1510022 0.1100682 0.1110929 0.2126442 0.2149241 0.1314469 0.1314049 0.1062939 0.1169000 0.1476806 0.1512250 0.1051475 0.1408126 0.1099996 0.1347737 0.1128590 0.1126908 0.1571339 0.1174538 0.0992505 0.1186861 0.0896956 0.1209523 0.1674495 0.1423964 0.1324145 
Boiga_dendrophila_CDS1575        0.1874835 0.1856722 0.2710493 0.1930336 0.2031754 0.1902442 0.2002342 0.1001534 0.0000000 0.1537018 0.1635139 0.1635251 0.1829870 0.1646556 0.1256544 0.1813711 0.1762450 0.1398086 0.1366796 0.1901017 0.1873683 0.1873683 0.1873683 0.1911128 0.1536384 0.1340039 0.1395266 0.1398037 0.1896027 0.1842604 0.1641554 0.1901527 0.1873683 0.1370281 0.1379102 0.1369817 0.1370647 0.1483105 0.1852733 0.1815933 0.2442787 0.2124937 0.2697199 0.1598871 0.1522471 0.1324668 0.1238631 0.1285078 0.1325136 0.2135951 0.1350713 0.1347426 0.1359356 0.1526162 0.1834090 0.1443502 0.1054064 0.1385841 0.1394388 0.2524405 0.2221976 
Ptyas_luzonensis_RMB4445         0.1976985 0.1987843 0.2080669 0.2090793 0.2143540 0.1671364 0.1820746 0.1691692 0.1537018 0.0000000 0.1780262 0.1916626 0.1791324 0.1724572 0.0940867 0.1517938 0.1971252 0.1231166 0.1200092 0.1664031 0.1595053 0.1595053 0.1595053 0.1643751 0.1198574 0.1552803 0.1533164 0.1527442 0.1639682 0.1553479 0.1356483 0.1619294 0.1595053 0.1186635 0.1213503 0.1204738 0.1205441 0.1496762 0.1831713 0.1796092 0.1937051 0.2017586 0.2743137 0.1466146 0.1502331 0.1304167 0.1322889 0.1306133 0.1281324 0.2247371 0.1181028 0.1186966 0.1179770 0.1735083 0.1160803 0.1476730 0.0927498 0.1437594 0.1413457 0.1941556 0.2032119 
FJ627818_Pituophis_deppei        0.0828922 0.0841594 0.2369752 0.2307979 0.1801498 0.2059372 0.2098090 0.1868569 0.1635139 0.1780262 0.0000000 0.0564777 0.0911086 0.0843799 0.1769549 0.1493547 0.1576029 0.1598310 0.1598310 0.2601136 0.2580494 0.2580494 0.2580494 0.2593697 0.1757269 0.2011152 0.1985396 0.2001121 0.2634757 0.2608852 0.2373641 0.2616644 0.2580494 0.1618331 0.1792545 0.1776662 0.1776662 0.1701423 0.2004521 0.1973717 0.2241116 0.1842747 0.2093379 0.1848164 0.2063761 0.1697623 0.1760963 0.1795867 0.1694117 0.1751547 0.1598543 0.1598543 0.1584027 0.1749805 0.1715069 0.1703349 0.1468015 0.1884532 0.1874814 0.2272119 0.2144556 
FJ627819_Pituophis_catenifer     0.0996658 0.0939620 0.2340493 0.2366958 0.1985284 0.2112492 0.2174184 0.1926344 0.1635251 0.1916626 0.0564777 0.0000000 0.0913962 0.0921592 0.2026845 0.1611394 0.1660697 0.1765969 0.1780085 0.2710109 0.2678464 0.2678464 0.2678464 0.2771977 0.1872422 0.2114258 0.2149913 0.2164902 0.2640082 0.2675181 0.2372756 0.2623190 0.2678464 0.1799936 0.1830508 0.1815987 0.1815987 0.1611414 0.1991369 0.1985578 0.2467389 0.2011140 0.2133188 0.1886909 0.2168159 0.1758031 0.1857557 0.1890784 0.1775935 0.1854682 0.1780336 0.1780336 0.1766245 0.1978505 0.1737986 0.1914905 0.1400290 0.1810516 0.1801517 0.2163592 0.2061746 
GU073440_Pantherophis_bairdi     0.0892637 0.0898766 0.2270627 0.2195511 0.1915672 0.2553533 0.2396249 0.2032213 0.1829870 0.1791324 0.0911086 0.0913962 0.0000000 0.0465114 0.2321443 0.1321498 0.1659846 0.1816936 0.1816936 0.2644318 0.2559642 0.2559642 0.2559642 0.2567242 0.1960317 0.1794983 0.1845999 0.1842624 0.2513515 0.2505505 0.2637626 0.2429029 0.2559642 0.1868323 0.1635115 0.1617933 0.1617933 0.1588699 0.1906171 0.1871173 0.2079685 0.1685532 0.1589661 0.1579805 0.1589661 0.1860446 0.1846167 0.1748212 0.1812879 0.1609680 0.1799274 0.1824440 0.1799625 0.1819730 0.1428430 0.1680943 0.1557141 0.1742918 0.1732073 0.2165567 0.2405768 
GU073446_Pantherophis_obsoletus  0.0892484 0.0898999 0.2248795 0.2304362 0.1842214 0.2609055 0.2344642 0.2072601 0.1646556 0.1724572 0.0843799 0.0921592 0.0465114 0.0000000 0.1648464 0.1225532 0.1464690 0.1706633 0.1706633 0.2383285 0.2355014 0.2355014 0.2355014 0.2393427 0.1904471 0.1467242 0.1512759 0.1543557 0.2348481 0.2354519 0.2406848 0.2294398 0.2355014 0.1730565 0.1869924 0.1851465 0.1851465 0.1520791 0.1689157 0.1656663 0.2027936 0.1576049 0.1571266 0.1414616 0.1571266 0.1872798 0.1789565 0.1779828 0.1869943 0.1525460 0.1689635 0.1711887 0.1689954 0.1708726 0.1290088 0.1611328 0.1383641 0.1738294 0.1727524 0.2192783 0.2430130 
Gonyosoma_oxycephala_RMB11702    0.1913130 0.1960371 0.2413047 0.2367373 0.2688598 0.1153035 0.1037729 0.0993656 0.1256544 0.0940867 0.1769549 0.2026845 0.2321443 0.1648464 0.0000000 0.0814595 0.2015191 0.0783480 0.0777708 0.0951780 0.1408060 0.0935306 0.0935306 0.0932199 0.0785606 0.0874415 0.0870037 0.0871923 0.0904247 0.0903511 0.0933360 0.0926229 0.0935306 0.0759509 0.0831424 0.1203483 0.0825306 0.0895077 0.2109324 0.2081711 0.1151547 0.0899776 0.0280941 0.0804417 0.0600123 0.1170980 0.0803829 0.1133487 0.0794714 0.0997653 0.0765620 0.0767012 0.1133759 0.0910851 0.0874205 0.0801549 0.0739654 0.0798405 0.1163654 0.1091593 0.1072971 
JF827672.Dinodon.rufozonatum     0.1464293 0.1448297 0.1749608 0.2032345 0.1998539 0.1172676 0.1462036 0.1068565 0.1813711 0.1517938 0.1493547 0.1611394 0.1321498 0.1225532 0.0814595 0.0000000 0.0696838 0.0816357 0.0822371 0.1178651 0.1997258 0.1156913 0.1156913 0.1162361 0.0823854 0.0885002 0.0890347 0.0889889 0.1122578 0.1067700 0.1070819 0.1128094 0.1156913 0.0817591 0.0962225 0.1574326 0.0955892 0.0943064 0.1255459 0.1222786 0.1071063 0.0958379 0.0757027 0.0936505 0.1692278 0.1280547 0.0849219 0.1280929 0.0818347 0.0873819 0.0810258 0.0810258 0.1302343 0.0918650 0.0464936 0.0825770 0.0654376 0.0808784 0.1202921 0.0939886 0.1127069 
AB008539.Dinodon.semicarinatus   0.1517409 0.1501398 0.1695305 0.2221758 0.2125345 0.2157520 0.2408266 0.1947245 0.1762450 0.1971252 0.1576029 0.1660697 0.1659846 0.1464690 0.2015191 0.0696838 0.0000000 0.1388704 0.1400566 0.2118253 0.2007691 0.2007691 0.2007691 0.2111515 0.1531841 0.1482708 0.1527611 0.1534085 0.1963008 0.1948624 0.2004500 0.1921393 0.2007691 0.1432785 0.1603906 0.1591009 0.1591009 0.1555084 0.1237165 0.1224372 0.1753699 0.1500139 0.1665300 0.1614785 0.1670487 0.1332708 0.1372741 0.1352015 0.1323443 0.1602372 0.1376635 0.1388052 0.1388880 0.1596018 0.1050870 0.1345943 0.1371549 0.1295189 0.1256927 0.1634161 0.2417997 
Lycodon_alcalai_RMB9036          0.1880051 0.1826699 0.1778426 0.1925640 0.2124462 0.1183251 0.1371063 0.1140684 0.1398086 0.1231166 0.1598310 0.1765969 0.1816936 0.1706633 0.0783480 0.0816357 0.1388704 0.0000000 0.0003079 0.1028374 0.1409944 0.1010272 0.1010272 0.1029329 0.0132784 0.0876437 0.0887578 0.0877905 0.1031571 0.0999526 0.0958672 0.1044151 0.1010272 0.0021782 0.0638425 0.0843551 0.0633989 0.0892211 0.1542159 0.1604165 0.1016698 0.1049160 0.0889773 0.0899782 0.1268171 0.0635851 0.0479785 0.0603375 0.0486108 0.1064774 0.0009284 0.0009347 0.0007508 0.0932925 0.0678983 0.0894078 0.0678731 0.0889945 0.1169292 0.1026842 0.1175072 
Lycodon_alcalai_RMB9542          0.1894246 0.1840719 0.1791489 0.1940063 0.2138824 0.1183251 0.1364182 0.1126744 0.1366796 0.1200092 0.1598310 0.1780085 0.1816936 0.1706633 0.0777708 0.0822371 0.1400566 0.0003079 0.0000000 0.1000877 0.1350474 0.0983411 0.0983411 0.1013261 0.0133579 0.0859638 0.0870553 0.0861054 0.1015297 0.0984232 0.0937556 0.1027702 0.0983411 0.0018309 0.0628009 0.0821626 0.0623680 0.0901490 0.1524948 0.1586256 0.1008607 0.1055523 0.0898822 0.0903860 0.1260756 0.0622273 0.0473338 0.0590861 0.0479540 0.1071099 0.0006070 0.0006111 0.0003667 0.0919677 0.0678983 0.0902353 0.0676449 0.0898346 0.1173754 0.1026842 0.1175072 
Lycodon_aulicus_205000           0.2510402 0.2591203 0.1209072 0.2354025 0.2742449 0.1353598 0.1568651 0.1358457 0.1901017 0.1664031 0.2601136 0.2710109 0.2644318 0.2383285 0.0951780 0.1178651 0.2118253 0.1028374 0.1000877 0.0000000 0.0140398 0.0114437 0.0114437 0.0191559 0.1036659 0.1230999 0.1223716 0.1197770 0.0169576 0.0191474 0.0170223 0.0170728 0.0114465 0.1000044 0.1085385 0.1482450 0.1080270 0.1138263 0.1982931 0.2088225 0.0934227 0.1050036 0.0865512 0.0927274 0.1196515 0.1419254 0.1033000 0.1345094 0.1050749 0.1168339 0.0987968 0.0985128 0.1360665 0.1220142 0.0865776 0.1066249 0.0827579 0.1106132 0.1472652 0.0648608 0.1298894 
Lycodon_aulicus_CDS4621          0.2387035 0.2465119 0.1103056 0.2283705 0.2664825 0.1989021 0.2204146 0.1827153 0.1873683 0.1595053 0.2580494 0.2678464 0.2559642 0.2355014 0.1408060 0.1997258 0.2007691 0.1409944 0.1350474 0.0140398 0.0000000 0.0000010 0.0000010 0.0207337 0.1399801 0.1758605 0.1713943 0.1682048 0.0201001 0.0215975 0.0187681 0.0193520 0.0000010 0.1343780 0.1478541 0.1461399 0.1470038 0.1543762 0.1884146 0.1985536 0.1326150 0.1669283 0.1933099 0.1283372 0.1163213 0.1394462 0.1330650 0.1302494 0.1390486 0.2032302 0.1342273 0.1349785 0.1348042 0.1720553 0.1766862 0.1415813 0.1077024 0.1465843 0.1416038 0.0901867 0.2724373 
Lycodon_aulicus_CDS658           0.2387035 0.2465119 0.1103056 0.2283705 0.2664825 0.1259837 0.1519417 0.1284798 0.1873683 0.1595053 0.2580494 0.2678464 0.2559642 0.2355014 0.0935306 0.1156913 0.2007691 0.1010272 0.0983411 0.0114437 0.0000010 0.0000000 0.0000010 0.0170696 0.1017834 0.1197239 0.1180128 0.1159939 0.0162037 0.0177457 0.0158430 0.0159937 0.0000010 0.0982754 0.1073199 0.1461399 0.1068114 0.1108575 0.1884146 0.1985536 0.0836872 0.1015884 0.0841473 0.0916250 0.1163213 0.1394462 0.0996042 0.1302494 0.1024955 0.1219249 0.0981905 0.0984402 0.1348042 0.1186271 0.0839455 0.1046463 0.0764717 0.1072424 0.1416038 0.0588867 0.1253705 
Lycodon_aulicus_RMB4347          0.2387035 0.2465119 0.1103056 0.2283705 0.2664825 0.1259837 0.1519417 0.1284798 0.1873683 0.1595053 0.2580494 0.2678464 0.2559642 0.2355014 0.0935306 0.1156913 0.2007691 0.1010272 0.0983411 0.0114437 0.0000010 0.0000010 0.0000000 0.0170696 0.1017834 0.1197239 0.1180128 0.1159939 0.0162037 0.0177457 0.0158430 0.0159937 0.0000010 0.0982754 0.1073199 0.1461399 0.1068114 0.1108575 0.1884146 0.1985536 0.0836872 0.1015884 0.0841473 0.0916250 0.1163213 0.1394462 0.0996042 0.1302494 0.1024955 0.1219249 0.0981905 0.0984402 0.1348042 0.1186271 0.0839455 0.1046463 0.0764717 0.1072424 0.1416038 0.0588867 0.1253705 
Lycodon_aulicus_RMB8785          0.2312346 0.2388562 0.1200730 0.2207418 0.2830302 0.1256110 0.1458220 0.1291539 0.1911128 0.1643751 0.2593697 0.2771977 0.2567242 0.2393427 0.0932199 0.1162361 0.2111515 0.1029329 0.1013261 0.0191559 0.0207337 0.0170696 0.0170696 0.0000000 0.1028276 0.1236673 0.1218799 0.1198603 0.0113222 0.0070660 0.0170754 0.0105317 0.0170739 0.1027138 0.1109153 0.1514470 0.1104010 0.1160185 0.1940869 0.2044081 0.0918414 0.1028894 0.0864604 0.0926002 0.1208391 0.1462531 0.1088617 0.1428690 0.1081209 0.1189897 0.1011444 0.1014139 0.1387760 0.1192621 0.0872783 0.1039076 0.0786955 0.1050939 0.1370265 0.0687184 0.1331332 
Lycodon_bibonius_RMB5709         0.1861138 0.1808144 0.1721218 0.2019232 0.2045338 0.1211088 0.1330905 0.1173121 0.1536384 0.1198574 0.1757269 0.1872422 0.1960317 0.1904471 0.0785606 0.0823854 0.1531841 0.0132784 0.0133579 0.1036659 0.1399801 0.1017834 0.1017834 0.1028276 0.0000000 0.0862502 0.0887319 0.0873653 0.1025952 0.0999534 0.0917118 0.1042666 0.1017834 0.0135878 0.0602747 0.0780794 0.0598504 0.0947961 0.1695003 0.1762270 0.1089951 0.1071751 0.0904792 0.0934164 0.1210014 0.0647457 0.0503310 0.0632132 0.0489432 0.1121637 0.0132363 0.0130024 0.0159272 0.0907366 0.0718384 0.0919370 0.0677717 0.0931069 0.1222173 0.0996384 0.1248564 
Lycodon_butleri_8066             0.2044729 0.2004775 0.2377880 0.2304643 0.2249715 0.1198863 0.1485697 0.1144302 0.1340039 0.1552803 0.2011152 0.2114258 0.1794983 0.1467242 0.0874415 0.0885002 0.1482708 0.0876437 0.0859638 0.1230999 0.1758605 0.1197239 0.1197239 0.1236673 0.0862502 0.0000000 0.0039380 0.0042694 0.1213370 0.1202329 0.1071929 0.1230767 0.1196788 0.0863543 0.0920859 0.1275574 0.0915983 0.0880669 0.0811331 0.0739813 0.1272381 0.1210724 0.0998472 0.1010917 0.1466578 0.1284319 0.0884997 0.1218639 0.0912811 0.1038095 0.0850026 0.0851647 0.1193268 0.0893145 0.0440624 0.0911881 0.0582775 0.0931533 0.1354362 0.1090895 0.1197806 
Lycodon_butleri_9136             0.2092073 0.2051787 0.2290702 0.2381100 0.2250915 0.1204101 0.1518159 0.1148060 0.1395266 0.1533164 0.1985396 0.2149913 0.1845999 0.1512759 0.0870037 0.0890347 0.1527611 0.0887578 0.0870553 0.1223716 0.1713943 0.1180128 0.1180128 0.1218799 0.0887319 0.0039380 0.0000000 0.0008930 0.1190689 0.1197138 0.1073160 0.1213073 0.1179692 0.0868353 0.0945735 0.1308862 0.0940901 0.0919061 0.0816832 0.0745310 0.1284437 0.1251452 0.1046432 0.1035041 0.1503591 0.1299266 0.0899450 0.1233955 0.0937565 0.1048110 0.0855017 0.0851940 0.1208936 0.0890613 0.0447984 0.0926940 0.0583226 0.0929443 0.1340057 0.1079452 0.1237955 
Lycodon_butleri_9421             0.2120868 0.2079956 0.2257662 0.2414453 0.2266651 0.1201084 0.1523300 0.1143842 0.1398037 0.1527442 0.2001121 0.2164902 0.1842624 0.1543557 0.0871923 0.0889889 0.1534085 0.0877905 0.0861054 0.1197770 0.1682048 0.1159939 0.1159939 0.1198603 0.0873653 0.0042694 0.0008930 0.0000000 0.1174136 0.1176870 0.1056326 0.1192950 0.1159509 0.0858955 0.0931306 0.1287559 0.0926465 0.0914730 0.0807987 0.0752606 0.1293765 0.1253629 0.1055492 0.1030551 0.1489058 0.1269125 0.0895691 0.1230612 0.0917860 0.1055375 0.0845591 0.0842914 0.1196006 0.0880409 0.0441935 0.0916610 0.0576869 0.0919026 0.1324551 0.1058151 0.1239446 
Lycodon_capucinus_5725           0.2396816 0.2459380 0.1177157 0.2133326 0.2806731 0.1346568 0.1522519 0.1231216 0.1896027 0.1639682 0.2634757 0.2640082 0.2513515 0.2348481 0.0904247 0.1122578 0.1963008 0.1031571 0.1015297 0.0169576 0.0201001 0.0162037 0.0162037 0.0113222 0.1025952 0.1213370 0.1190689 0.1174136 0.0000000 0.0129308 0.0174662 0.0006022 0.0161995 0.1017478 0.1059532 0.1444155 0.1054415 0.1129838 0.1880806 0.2018997 0.0921335 0.1022269 0.0843992 0.0914644 0.1165042 0.1427828 0.1052441 0.1361824 0.1052623 0.1176998 0.1013072 0.1013072 0.1405596 0.1160361 0.0812220 0.1025913 0.0788331 0.1034776 0.1354916 0.0646945 0.1304957 
Lycodon_capucinus_9277           0.2351967 0.2429514 0.1199962 0.2165032 0.2687173 0.1268072 0.1495099 0.1293600 0.1842604 0.1553479 0.2608852 0.2675181 0.2505505 0.2354519 0.0903511 0.1067700 0.1948624 0.0999526 0.0984232 0.0191474 0.0215975 0.0177457 0.0177457 0.0070660 0.0999534 0.1202329 0.1197138 0.1176870 0.0129308 0.0000000 0.0166661 0.0121100 0.0177411 0.0981890 0.1053091 0.1427447 0.1048010 0.1118591 0.1901049 0.2003366 0.0883569 0.0986017 0.0833890 0.0904976 0.1141503 0.1336852 0.1002499 0.1285988 0.1011733 0.1180803 0.0977739 0.0980210 0.1331921 0.1156701 0.0825120 0.1008297 0.0757296 0.1041505 0.1355770 0.0646772 0.1302825 
Lycodon_capucinus_9695           0.2285620 0.2418770 0.1121620 0.2304415 0.2430911 0.1281792 0.1306206 0.1214071 0.1641554 0.1356483 0.2373641 0.2372756 0.2637626 0.2406848 0.0933360 0.1070819 0.2004500 0.0958672 0.0937556 0.0170223 0.0187681 0.0158430 0.0158430 0.0170754 0.0917118 0.1071929 0.1073160 0.1056326 0.0174662 0.0166661 0.0000000 0.0165787 0.0158384 0.0940345 0.0979374 0.1324284 0.0973853 0.0994299 0.1810685 0.1911013 0.0804639 0.0856316 0.0582925 0.0767454 0.0850946 0.1345988 0.0987604 0.1333328 0.0993010 0.1072629 0.0932804 0.0932804 0.1300779 0.1039285 0.0880461 0.0851656 0.0760287 0.0927746 0.1229303 0.0653973 0.1240581 
Lycodon_capucinus_DSM1325L       0.2351001 0.2411322 0.1163229 0.2120600 0.2712296 0.1332102 0.1513172 0.1253709 0.1901527 0.1619294 0.2616644 0.2623190 0.2429029 0.2294398 0.0926229 0.1128094 0.1921393 0.1044151 0.1027702 0.0170728 0.0193520 0.0159937 0.0159937 0.0105317 0.1042666 0.1230767 0.1213073 0.1192950 0.0006022 0.0121100 0.0165787 0.0000000 0.0159897 0.1025099 0.1070634 0.1454252 0.1065557 0.1130470 0.1871343 0.2005866 0.0915653 0.1003323 0.0834605 0.0900969 0.1152227 0.1457220 0.1063345 0.1364770 0.1084608 0.1181464 0.1020706 0.1023463 0.1403274 0.1165740 0.0833933 0.1022960 0.0800314 0.1043063 0.1354956 0.0651550 0.1317840 
Lycodon_capucinus_RMB9060        0.2387035 0.2465119 0.1103056 0.2283705 0.2664825 0.1259837 0.1519417 0.1284798 0.1873683 0.1595053 0.2580494 0.2678464 0.2559642 0.2355014 0.0935306 0.1156913 0.2007691 0.1010272 0.0983411 0.0114465 0.0000010 0.0000010 0.0000010 0.0170739 0.1017834 0.1196788 0.1179692 0.1159509 0.0161995 0.0177411 0.0158384 0.0159897 0.0000000 0.0982400 0.1072801 0.1461399 0.1067718 0.1108986 0.1884146 0.1985536 0.0836872 0.1015884 0.0841473 0.0915931 0.1162243 0.1393645 0.0995680 0.1301751 0.1024955 0.1219249 0.0981552 0.0984046 0.1347267 0.1181039 0.0839455 0.1046084 0.0764386 0.1072030 0.1415208 0.0588867 0.1253705 
Lycodon_chrysoprateros_RMB6394   0.1864273 0.1811175 0.1777574 0.1927587 0.2149369 0.1154850 0.1340937 0.1135585 0.1370281 0.1186635 0.1618331 0.1799936 0.1868323 0.1730565 0.0759509 0.0817591 0.1432785 0.0021782 0.0018309 0.1000044 0.1343780 0.0982754 0.0982754 0.1027138 0.0135878 0.0863543 0.0868353 0.0858955 0.1017478 0.0981890 0.0940345 0.1025099 0.0982400 0.0000000 0.0617008 0.0803274 0.0612736 0.0898966 0.1528978 0.1590548 0.1020259 0.1057209 0.0896861 0.0903271 0.1243376 0.0607945 0.0464581 0.0577116 0.0471016 0.1068030 0.0024245 0.0024407 0.0025660 0.0910584 0.0706163 0.0896506 0.0672323 0.0887901 0.1152874 0.1019340 0.1182844 
Lycodon_dumereli_ACD4146         0.1770821 0.1724354 0.2224915 0.2107142 0.2170044 0.1215587 0.1433174 0.1105900 0.1379102 0.1213503 0.1792545 0.1830508 0.1635115 0.1869924 0.0831424 0.0962225 0.1603906 0.0638425 0.0628009 0.1085385 0.1478541 0.1073199 0.1073199 0.1109153 0.0602747 0.0920859 0.0945735 0.0931306 0.1059532 0.1053091 0.0979374 0.1070634 0.1072801 0.0617008 0.0000000 0.0003707 0.0003053 0.0983245 0.1738216 0.1759832 0.1184858 0.1161027 0.0970043 0.1001326 0.1266459 0.0711237 0.0585973 0.0723181 0.0544273 0.0972213 0.0611904 0.0607491 0.0807835 0.0998213 0.0691686 0.0982937 0.0726625 0.0952947 0.1262856 0.1138320 0.1198967 
Lycodon_dumereli_CDS1927         0.1757001 0.1710677 0.2210261 0.2092224 0.2155453 0.1901283 0.2050021 0.1510022 0.1369817 0.1204738 0.1776662 0.1815987 0.1617933 0.1851465 0.1203483 0.1574326 0.1591009 0.0843551 0.0821626 0.1482450 0.1461399 0.1461399 0.1461399 0.1514470 0.0780794 0.1275574 0.1308862 0.1287559 0.1444155 0.1427447 0.1324284 0.1454252 0.1461399 0.0803274 0.0003707 0.0000000 0.0000010 0.1322434 0.1724925 0.1746436 0.2013253 0.1942947 0.2356986 0.1384985 0.1266459 0.0705443 0.0732031 0.0717359 0.0677104 0.1526216 0.0795425 0.0790365 0.0801894 0.1380077 0.1334733 0.1337775 0.1034763 0.1289163 0.1272008 0.1992655 0.2656890 
Lycodon_dumereli_RMB4393         0.1757001 0.1710677 0.2210261 0.2092224 0.2155453 0.1208590 0.1427502 0.1100682 0.1370647 0.1205441 0.1776662 0.1815987 0.1617933 0.1851465 0.0825306 0.0955892 0.1591009 0.0633989 0.0623680 0.1080270 0.1470038 0.1068114 0.1068114 0.1104010 0.0598504 0.0915983 0.0940901 0.0926465 0.1054415 0.1048010 0.0973853 0.1065557 0.1067718 0.0612736 0.0003053 0.0000010 0.0000000 0.0978296 0.1724925 0.1746436 0.1178204 0.1154422 0.0970043 0.0996322 0.1266459 0.0705122 0.0581696 0.0717030 0.0540079 0.0966001 0.0607643 0.0603212 0.0801519 0.0993295 0.0683172 0.0988095 0.0732639 0.0958075 0.1271270 0.1130990 0.1189968 
Lycodon_effraensis_DSM927L       0.1895614 0.1850693 0.1901938 0.2254628 0.2063914 0.1216154 0.1365472 0.1110929 0.1483105 0.1496762 0.1701423 0.1611414 0.1588699 0.1520791 0.0895077 0.0943064 0.1555084 0.0892211 0.0901490 0.1138263 0.1543762 0.1108575 0.1108575 0.1160185 0.0947961 0.0880669 0.0919061 0.0914730 0.1129838 0.1118591 0.0994299 0.1130470 0.1108986 0.0898966 0.0983245 0.1322434 0.0978296 0.0000000 0.1526043 0.1531651 0.1131024 0.0927576 0.0766309 0.0851409 0.1009785 0.1221071 0.0938970 0.1236200 0.0928451 0.0765332 0.0893116 0.0895036 0.1206435 0.0935236 0.0686155 0.0953070 0.0693441 0.1005066 0.1326080 0.1067131 0.1114581 
Lycodon_fasciatus_234875         0.1819674 0.1850541 0.1813507 0.2320742 0.2338753 0.2160279 0.2512194 0.2126442 0.1852733 0.1831713 0.2004521 0.1991369 0.1906171 0.1689157 0.2109324 0.1255459 0.1237165 0.1542159 0.1524948 0.1982931 0.1884146 0.1884146 0.1884146 0.1940869 0.1695003 0.0811331 0.0816832 0.0807987 0.1880806 0.1901049 0.1810685 0.1871343 0.1884146 0.1528978 0.1738216 0.1724925 0.1724925 0.1526043 0.0000000 0.0047477 0.1762809 0.1764243 0.2161180 0.1734340 0.2290451 0.1396203 0.1421783 0.1407085 0.1472580 0.1468459 0.1500187 0.1513650 0.1512887 0.1802378 0.0831627 0.1743911 0.1394153 0.1640471 0.1582041 0.1532870 0.2699011 
Lycodon_fasciatus_234957         0.1843266 0.1874726 0.1910008 0.2354797 0.2331234 0.2228727 0.2594641 0.2149241 0.1815933 0.1796092 0.1973717 0.1985578 0.1871173 0.1656663 0.2081711 0.1222786 0.1224372 0.1604165 0.1586256 0.2088225 0.1985536 0.1985536 0.1985536 0.2044081 0.1762270 0.0739813 0.0745310 0.0752606 0.2018997 0.2003366 0.1911013 0.2005866 0.1985536 0.1590548 0.1759832 0.1746436 0.1746436 0.1531651 0.0047477 0.0000000 0.1799341 0.1767581 0.2206740 0.1678624 0.2339894 0.1463742 0.1391068 0.1477856 0.1462005 0.1484595 0.1560779 0.1575451 0.1573861 0.1811582 0.0778472 0.1683921 0.1373939 0.1607283 0.1645956 0.1585417 0.2717258 
Lycodon_jara_235387              0.2308842 0.2297267 0.1437763 0.2574082 0.2651293 0.1268865 0.1462492 0.1314469 0.2442787 0.1937051 0.2241116 0.2467389 0.2079685 0.2027936 0.1151547 0.1071063 0.1753699 0.1016698 0.1008607 0.0934227 0.1326150 0.0836872 0.0836872 0.0918414 0.1089951 0.1272381 0.1284437 0.1293765 0.0921335 0.0883569 0.0804639 0.0915653 0.0836872 0.1020259 0.1184858 0.2013253 0.1178204 0.1131024 0.1762809 0.1799341 0.0000000 0.0999588 0.0773417 0.0999498 0.2016693 0.1875592 0.1156278 0.1895220 0.1145625 0.1260761 0.1010150 0.1013621 0.1666518 0.1269781 0.0720718 0.1267490 0.0946462 0.1307475 0.2256333 0.0751344 0.1293200 
Lycodon_laoensis_258659          0.2022368 0.1995933 0.1702514 0.2394748 0.2130978 0.1102440 0.1441854 0.1314049 0.2124937 0.2017586 0.1842747 0.2011140 0.1685532 0.1576049 0.0899776 0.0958379 0.1500139 0.1049160 0.1055523 0.1050036 0.1669283 0.1015884 0.1015884 0.1028894 0.1071751 0.1210724 0.1251452 0.1253629 0.1022269 0.0986017 0.0856316 0.1003323 0.1015884 0.1057209 0.1161027 0.1942947 0.1154422 0.0927576 0.1764243 0.1767581 0.0999588 0.0000000 0.0049636 0.0092192 0.0038215 0.1861659 0.1151273 0.1859329 0.1124236 0.0981376 0.1055606 0.1059390 0.1719478 0.1192200 0.0700882 0.1074205 0.0704347 0.1130834 0.1748861 0.0898211 0.1104804 
Lycodon_laoensis_262186          0.2475275 0.2399166 0.1711477 0.2250793 0.2544298 0.0488990 0.1280869 0.1062939 0.2697199 0.2743137 0.2093379 0.2133188 0.1589661 0.1571266 0.0280941 0.0757027 0.1665300 0.0889773 0.0898822 0.0865512 0.1933099 0.0841473 0.0841473 0.0864604 0.0904792 0.0998472 0.1046432 0.1055492 0.0843992 0.0833890 0.0582925 0.0834605 0.0841473 0.0896861 0.0970043 0.2356986 0.0970043 0.0766309 0.2161180 0.2206740 0.0773417 0.0049636 0.0000000 0.0030894 0.0077940 0.2153292 0.0953910 0.2045178 0.0940030 0.0776714 0.0907994 0.0907994 0.2073467 0.1005398 0.0106292 0.0972606 0.0233997 0.0978972 0.2088785 0.0600355 0.0372598 
Lycodon_laoensis_8481            0.1952067 0.1904476 0.1693842 0.2348095 0.2220448 0.1174982 0.1427012 0.1169000 0.1598871 0.1466146 0.1848164 0.1886909 0.1579805 0.1414616 0.0804417 0.0936505 0.1614785 0.0899782 0.0903860 0.0927274 0.1283372 0.0916250 0.0916250 0.0926002 0.0934164 0.1010917 0.1035041 0.1030551 0.0914644 0.0904976 0.0767454 0.0900969 0.0915931 0.0903271 0.1001326 0.1384985 0.0996322 0.0851409 0.1734340 0.1678624 0.0999498 0.0092192 0.0030894 0.0000000 0.0086791 0.1314341 0.0971683 0.1332069 0.0958731 0.0976915 0.0902238 0.0904191 0.1232303 0.1050728 0.0655438 0.0933177 0.0662563 0.0971781 0.1331714 0.0873818 0.1105809 
Lycodon_laoensis_DSM902L         0.2432933 0.2439955 0.1939707 0.2321617 0.2539227 0.1556897 0.2204948 0.1476806 0.1522471 0.1502331 0.2063761 0.2168159 0.1589661 0.1571266 0.0600123 0.1692278 0.1670487 0.1268171 0.1260756 0.1196515 0.1163213 0.1163213 0.1163213 0.1208391 0.1210014 0.1466578 0.1503591 0.1489058 0.1165042 0.1141503 0.0850946 0.1152227 0.1162243 0.1243376 0.1266459 0.1266459 0.1266459 0.1009785 0.2290451 0.2339894 0.2016693 0.0038215 0.0077940 0.0086791 0.0000000 0.1263744 0.1237178 0.1186039 0.1253958 0.1696105 0.1259195 0.1259195 0.1234798 0.1378621 9.0000000 0.1368958 0.0587464 0.1368233 0.1303818 0.1863442 0.1095610 
Lycodon_muelleri_CDS5256         0.2092529 0.2019427 0.1974003 0.2029481 0.1958351 0.1767422 0.1881871 0.1512250 0.1324668 0.1304167 0.1697623 0.1758031 0.1860446 0.1872798 0.1170980 0.1280547 0.1332708 0.0635851 0.0622273 0.1419254 0.1394462 0.1394462 0.1394462 0.1462531 0.0647457 0.1284319 0.1299266 0.1269125 0.1427828 0.1336852 0.1345988 0.1457220 0.1393645 0.0607945 0.0711237 0.0705443 0.0705122 0.1221071 0.1396203 0.1463742 0.1875592 0.1861659 0.2153292 0.1314341 0.1263744 0.0000000 0.0206708 0.0215035 0.0040655 0.1545566 0.0608017 0.0602231 0.0607050 0.1228596 0.1322276 0.1263852 0.0967335 0.1187659 0.1180145 0.1878318 0.2555245 
Lycodon_muelleri_DLSUD031        0.1987979 0.1953060 0.2030818 0.2204434 0.2003596 0.1240554 0.1373623 0.1051475 0.1238631 0.1322889 0.1760963 0.1857557 0.1846167 0.1789565 0.0803829 0.0849219 0.1372741 0.0479785 0.0473338 0.1033000 0.1330650 0.0996042 0.0996042 0.1088617 0.0503310 0.0884997 0.0899450 0.0895691 0.1052441 0.1002499 0.0987604 0.1063345 0.0995680 0.0464581 0.0585973 0.0732031 0.0581696 0.0938970 0.1421783 0.1391068 0.1156278 0.1151273 0.0953910 0.0971683 0.1237178 0.0206708 0.0000000 0.0044538 0.0160015 0.1011373 0.0464611 0.0463844 0.0588518 0.0946597 0.0716148 0.0958725 0.0732790 0.0910484 0.1216562 0.1095477 0.1164274 
Lycodon_muelleri_RMB10605        0.1908801 0.1874901 0.1938139 0.2156942 0.1989354 0.1973015 0.1926570 0.1408126 0.1285078 0.1306133 0.1795867 0.1890784 0.1748212 0.1779828 0.1133487 0.1280929 0.1352015 0.0603375 0.0590861 0.1345094 0.1302494 0.1302494 0.1302494 0.1428690 0.0632132 0.1218639 0.1233955 0.1230612 0.1361824 0.1285988 0.1333328 0.1364770 0.1301751 0.0577116 0.0723181 0.0717359 0.0717030 0.1236200 0.1407085 0.1477856 0.1895220 0.1859329 0.2045178 0.1332069 0.1186039 0.0215035 0.0044538 0.0000000 0.0215866 0.1571049 0.0577180 0.0577028 0.0576267 0.1317541 0.1395390 0.1296661 0.1027131 0.1216798 0.1190364 0.1810277 0.2489921 
Lycodon_muelleri_RMB9788         0.2040048 0.1967468 0.2017049 0.2089989 0.1951900 0.1150464 0.1365172 0.1099996 0.1325136 0.1281324 0.1694117 0.1775935 0.1812879 0.1869943 0.0794714 0.0818347 0.1323443 0.0486108 0.0479540 0.1050749 0.1390486 0.1024955 0.1024955 0.1081209 0.0489432 0.0912811 0.0937565 0.0917860 0.1052623 0.1011733 0.0993010 0.1084608 0.1024955 0.0471016 0.0544273 0.0677104 0.0540079 0.0928451 0.1472580 0.1462005 0.1145625 0.1124236 0.0940030 0.0958731 0.1253958 0.0040655 0.0160015 0.0215866 0.0000000 0.0971229 0.0471046 0.0466196 0.0603320 0.0898574 0.0697552 0.0959457 0.0701772 0.0923326 0.1225424 0.1111612 0.1172018 
Lycodon_effraensis_9670          0.1749322 0.1732813 0.1867508 0.2143376 0.2148585 0.1190596 0.1498344 0.1347737 0.2135951 0.2247371 0.1751547 0.1854682 0.1609680 0.1525460 0.0997653 0.0873819 0.1602372 0.1064774 0.1071099 0.1168339 0.2032302 0.1219249 0.1219249 0.1189897 0.1121637 0.1038095 0.1048110 0.1055375 0.1176998 0.1180803 0.1072629 0.1181464 0.1219249 0.1068030 0.0972213 0.1526216 0.0966001 0.0765332 0.1468459 0.1484595 0.1260761 0.0981376 0.0776714 0.0976915 0.1696105 0.1545566 0.1011373 0.1571049 0.0971229 0.0000000 0.1058343 0.1062115 0.1760754 0.1133554 0.0648434 0.1069668 0.0727324 0.1051245 0.1564333 0.0977221 0.1037476 
Lycodon_sp_RMB5948               0.1865508 0.1812349 0.1765067 0.1931935 0.2124462 0.1155672 0.1334061 0.1128590 0.1350713 0.1181028 0.1598543 0.1780336 0.1799274 0.1689635 0.0765620 0.0810258 0.1376635 0.0009284 0.0006070 0.0987968 0.1342273 0.0981905 0.0981905 0.1011444 0.0132363 0.0850026 0.0855017 0.0845591 0.1013072 0.0977739 0.0932804 0.1020706 0.0981552 0.0024245 0.0611904 0.0795425 0.0607643 0.0893116 0.1500187 0.1560779 0.1010150 0.1055606 0.0907994 0.0902238 0.1259195 0.0608017 0.0464611 0.0577180 0.0471046 0.1058343 0.0000000 0.0000010 0.0010915 0.0903493 0.0670505 0.0885910 0.0665679 0.0881869 0.1142975 0.1019796 0.1166085 
Lycodon_sp_RMB5965               0.1886575 0.1832392 0.1765863 0.1954451 0.2135236 0.1169016 0.1346117 0.1126908 0.1347426 0.1186966 0.1598543 0.1780336 0.1824440 0.1711887 0.0767012 0.0810258 0.1388052 0.0009347 0.0006111 0.0985128 0.1349785 0.0984402 0.0984402 0.1014139 0.0130024 0.0851647 0.0851940 0.0842914 0.1013072 0.0980210 0.0932804 0.1023463 0.0984046 0.0024407 0.0607491 0.0790365 0.0603212 0.0895036 0.1513650 0.1575451 0.1013621 0.1059390 0.0907994 0.0904191 0.1259195 0.0602231 0.0463844 0.0577028 0.0466196 0.1062115 0.0000010 0.0000000 0.0011003 0.0899891 0.0676367 0.0893295 0.0666235 0.0889263 0.1157369 0.1015338 0.1159213 
Lycodon_sp_RMB5991               0.1880342 0.1826981 0.1805208 0.1925939 0.2124771 0.1830693 0.1908159 0.1571339 0.1359356 0.1179770 0.1584027 0.1766245 0.1799625 0.1689954 0.1133759 0.1302343 0.1388880 0.0007508 0.0003667 0.1360665 0.1348042 0.1348042 0.1348042 0.1387760 0.0159272 0.1193268 0.1208936 0.1196006 0.1405596 0.1331921 0.1300779 0.1403274 0.1347267 0.0025660 0.0807835 0.0801894 0.0801519 0.1206435 0.1512887 0.1573861 0.1666518 0.1719478 0.2073467 0.1232303 0.1234798 0.0607050 0.0588518 0.0576267 0.0603320 0.1760754 0.0010915 0.0011003 0.0000000 0.1232137 0.1390933 0.1190752 0.0955226 0.1187043 0.1150738 0.1766630 0.2653741 
Lycodon_stormi_JAM7487           0.1866887 0.1841387 0.2369539 0.2784630 0.2319687 0.1264057 0.1570311 0.1174538 0.1526162 0.1735083 0.1749805 0.1978505 0.1819730 0.1708726 0.0910851 0.0918650 0.1596018 0.0932925 0.0919677 0.1220142 0.1720553 0.1186271 0.1186271 0.1192621 0.0907366 0.0893145 0.0890613 0.0880409 0.1160361 0.1156701 0.1039285 0.1165740 0.1181039 0.0910584 0.0998213 0.1380077 0.0993295 0.0935236 0.1802378 0.1811582 0.1269781 0.1192200 0.1005398 0.1050728 0.1378621 0.1228596 0.0946597 0.1317541 0.0898574 0.1133554 0.0903493 0.0899891 0.1232137 0.0000000 0.0836749 0.0970195 0.0735983 0.0974536 0.1318627 0.1194230 0.1184493 
Lycodon_subcinctus_4199          0.1717033 0.1717564 0.1568991 0.2101495 0.1820831 0.1053617 0.1034763 0.0992505 0.1834090 0.1160803 0.1715069 0.1737986 0.1428430 0.1290088 0.0874205 0.0464936 0.1050870 0.0678983 0.0678983 0.0865776 0.1766862 0.0839455 0.0839455 0.0872783 0.0718384 0.0440624 0.0447984 0.0441935 0.0812220 0.0825120 0.0880461 0.0833933 0.0839455 0.0706163 0.0691686 0.1334733 0.0683172 0.0686155 0.0831627 0.0778472 0.0720718 0.0700882 0.0106292 0.0655438 9.0000000 0.1322276 0.0716148 0.1395390 0.0697552 0.0648434 0.0670505 0.0676367 0.1390933 0.0836749 0.0000000 0.0681277 0.0598068 0.0639932 0.1272985 0.0748854 0.1065025 
Lycodon_subcinctus_5016          0.1735031 0.1743803 0.1955748 0.2090863 0.2081397 0.1153011 0.1383414 0.1186861 0.1443502 0.1476730 0.1703349 0.1914905 0.1680943 0.1611328 0.0801549 0.0825770 0.1345943 0.0894078 0.0902353 0.1066249 0.1415813 0.1046463 0.1046463 0.1039076 0.0919370 0.0911881 0.0926940 0.0916610 0.1025913 0.1008297 0.0851656 0.1022960 0.1046084 0.0896506 0.0982937 0.1337775 0.0988095 0.0953070 0.1743911 0.1683921 0.1267490 0.1074205 0.0972606 0.0933177 0.1368958 0.1263852 0.0958725 0.1296661 0.0959457 0.1069668 0.0885910 0.0893295 0.1190752 0.0970195 0.0681277 0.0000000 0.0301089 0.0240220 0.0322525 0.0949237 0.1149361 
Lycodon_subcinctus_DSM1449L      0.1425716 0.1460095 0.1788899 0.1968157 0.1958748 0.1114037 0.1068022 0.0896956 0.1054064 0.0927498 0.1468015 0.1400290 0.1557141 0.1383641 0.0739654 0.0654376 0.1371549 0.0678731 0.0676449 0.0827579 0.1077024 0.0764717 0.0764717 0.0786955 0.0677717 0.0582775 0.0583226 0.0576869 0.0788331 0.0757296 0.0760287 0.0800314 0.0764386 0.0672323 0.0726625 0.1034763 0.0732639 0.0693441 0.1394153 0.1373939 0.0946462 0.0704347 0.0233997 0.0662563 0.0587464 0.0967335 0.0732790 0.1027131 0.0701772 0.0727324 0.0665679 0.0666235 0.0955226 0.0735983 0.0598068 0.0301089 0.0000000 0.0294241 0.0392422 0.0875974 0.0999754 
Lycodon_subcinctus_RMB3097       0.1756166 0.1706588 0.1910942 0.2127583 0.2281260 0.1083361 0.1264002 0.1209523 0.1385841 0.1437594 0.1884532 0.1810516 0.1742918 0.1738294 0.0798405 0.0808784 0.1295189 0.0889945 0.0898346 0.1106132 0.1465843 0.1072424 0.1072424 0.1050939 0.0931069 0.0931533 0.0929443 0.0919026 0.1034776 0.1041505 0.0927746 0.1043063 0.1072030 0.0887901 0.0952947 0.1289163 0.0958075 0.1005066 0.1640471 0.1607283 0.1307475 0.1130834 0.0978972 0.0971781 0.1368233 0.1187659 0.0910484 0.1216798 0.0923326 0.1051245 0.0881869 0.0889263 0.1187043 0.0974536 0.0639932 0.0240220 0.0294241 0.0000000 0.0021992 0.0951663 0.1099743 
Lycodon_subcinctus_RMB7585       0.1695293 0.1646857 0.1845907 0.2109713 0.2261856 0.1591055 0.1717898 0.1674495 0.1394388 0.1413457 0.1874814 0.1801517 0.1732073 0.1727524 0.1163654 0.1202921 0.1256927 0.1169292 0.1173754 0.1472652 0.1416038 0.1416038 0.1416038 0.1370265 0.1222173 0.1354362 0.1340057 0.1324551 0.1354916 0.1355770 0.1229303 0.1354956 0.1415208 0.1152874 0.1262856 0.1272008 0.1271270 0.1326080 0.1582041 0.1645956 0.2256333 0.1748861 0.2088785 0.1331714 0.1303818 0.1180145 0.1216562 0.1190364 0.1225424 0.1564333 0.1142975 0.1157369 0.1150738 0.1318627 0.1272985 0.0322525 0.0392422 0.0021992 0.0000000 0.1539710 0.2176926 
Lycodon_zawi_239944              0.2321085 0.2317762 0.0090299 0.2298890 0.2171321 0.1223583 0.1268592 0.1423964 0.2524405 0.1941556 0.2272119 0.2163592 0.2165567 0.2192783 0.1091593 0.0939886 0.1634161 0.1026842 0.1026842 0.0648608 0.0901867 0.0588867 0.0588867 0.0687184 0.0996384 0.1090895 0.1079452 0.1058151 0.0646945 0.0646772 0.0653973 0.0651550 0.0588867 0.1019340 0.1138320 0.1992655 0.1130990 0.1067131 0.1532870 0.1585417 0.0751344 0.0898211 0.0600355 0.0873818 0.1863442 0.1878318 0.1095477 0.1810277 0.1111612 0.0977221 0.1019796 0.1015338 0.1766630 0.1194230 0.0748854 0.0949237 0.0875974 0.0951663 0.1539710 0.0000000 0.1274451 
Oligodon_maculatus_RMB11713      0.2429331 0.2399485 0.2861050 0.2696254 0.2648890 0.1372263 0.1372683 0.1324145 0.2221976 0.2032119 0.2144556 0.2061746 0.2405768 0.2430130 0.1072971 0.1127069 0.2417997 0.1175072 0.1175072 0.1298894 0.2724373 0.1253705 0.1253705 0.1331332 0.1248564 0.1197806 0.1237955 0.1239446 0.1304957 0.1302825 0.1240581 0.1317840 0.1253705 0.1182844 0.1198967 0.2656890 0.1189968 0.1114581 0.2699011 0.2717258 0.1293200 0.1104804 0.0372598 0.1105809 0.1095610 0.2555245 0.1164274 0.2489921 0.1172018 0.1037476 0.1166085 0.1159213 0.2653741 0.1184493 0.1065025 0.1149361 0.0999754 0.1099743 0.2176926 0.1274451 0.0000000 
