35
Burramyidae_Burramys_parvus                  0.0000000 0.0702096 0.0532215 0.0558511 0.0593227 0.0719356 0.0672160 0.0524052 0.0507682 0.0713131 0.0704618 0.0716261 0.0620215 0.0736647 0.0416370 0.0653459 0.0664444 0.0713812 0.0574860 0.0522338 0.0537700 0.0691727 0.0692174 0.0626935 0.0460638 0.0664356 0.0442940 0.0497854 0.0472968 0.0726808 0.0403807 0.0706977 0.0817431 0.0685421 0.0674284 
Notoryctidae_Notoryctes_typhlops             0.0702096 0.0000000 0.0781996 0.0844470 0.0860513 0.0969515 0.0984443 0.0879215 0.0827175 0.0875404 0.1096645 0.0879586 0.0850498 0.1159510 0.0762104 0.0852133 0.0931556 0.0918555 0.0953058 0.0809245 0.0960265 0.1011765 0.1026231 0.0866751 0.0672000 0.0784135 0.0837905 0.0829485 0.0707452 0.1172487 0.0773762 0.1118734 0.1100232 0.0945385 0.1057175 
Vombatidae_Lasiorhinus_latifrons             0.0532215 0.0781996 0.0000000 0.0574281 0.0610396 0.0817285 0.0692101 0.0536765 0.0517809 0.0729170 0.0828731 0.0619073 0.0709471 0.0844668 0.0536046 0.0727579 0.0767329 0.0813663 0.0766431 0.0511140 0.0734480 0.0826859 0.0814369 0.0703295 0.0570315 0.0728023 0.0556261 0.0559939 0.0685409 0.0897296 0.0535414 0.0806242 0.0760884 0.0787691 0.0877753 
Potoroidae_Bettongia_penicillata             0.0558511 0.0844470 0.0574281 0.0000000 0.0065400 0.0939992 0.0703408 0.0607432 0.0137770 0.0894142 0.0853398 0.0780163 0.0837540 0.0866748 0.0551684 0.0855169 0.0909145 0.0923265 0.0809953 0.0209741 0.0789214 0.0897238 0.0909166 0.0849674 0.0369971 0.0853267 0.0590292 0.0220621 0.0673723 0.0957542 0.0570186 0.0820932 0.0886257 0.0916415 0.0907311 
Potoroidae_Bettongia_lesueur                 0.0593227 0.0860513 0.0610396 0.0065400 0.0000000 0.0957229 0.0680120 0.0679530 0.0167249 0.0928181 0.0910418 0.0750297 0.0838588 0.0928344 0.0574683 0.0888152 0.0932655 0.0939860 0.0802507 0.0237724 0.0812676 0.0931280 0.0949407 0.0851595 0.0397821 0.0834425 0.0638365 0.0255979 0.0708401 0.1017883 0.0612804 0.0887572 0.0888685 0.0939731 0.0908059 
Dasyuridae_Dasyurus_maculatus                0.0719356 0.0969515 0.0817285 0.0939992 0.0957229 0.0000000 0.1020519 0.1028392 0.0890699 0.1053502 0.1098905 0.0210664 0.0207877 0.1131894 0.0785430 0.0247381 0.0046305 0.0224909 0.0830446 0.0905684 0.0960823 0.0954166 0.0959713 0.0166333 0.0788270 0.0868490 0.0845664 0.0926174 0.0933821 0.1146910 0.0828859 0.1093852 0.0971297 0.0035014 0.0925546 
Phalangeridae_Trichosurus_vulpecula          0.0672160 0.0984443 0.0692101 0.0703408 0.0680120 0.1020519 0.0000000 0.0377441 0.0678909 0.0828732 0.0382320 0.0642939 0.0891930 0.0370279 0.0617646 0.0983664 0.0974842 0.0943628 0.0896676 0.0693067 0.0895443 0.0983783 0.0988344 0.0922189 0.0672656 0.0824103 0.0691011 0.0712135 0.0852311 0.1050530 0.0697631 0.0338590 0.0832155 0.1002917 0.0999917 
Phalangeridae_Spilocuscus_maculatus          0.0524052 0.0879215 0.0536765 0.0607432 0.0679530 0.1028392 0.0377441 0.0000000 0.0582347 0.0926489 0.0111298 0.0962882 0.0934399 0.0089264 0.0634293 0.0982747 0.0981422 0.0964940 0.0805898 0.0593880 0.0809578 0.0809644 0.0933987 0.0914368 0.0658894 0.0918765 0.0611594 0.0583392 0.0713632 0.0746740 0.0607848 0.0084633 0.0937094 0.0979417 0.0918722 
Potoroidae_Aepyprymnus_rufescens             0.0507682 0.0827175 0.0517809 0.0137770 0.0167249 0.0890699 0.0678909 0.0582347 0.0000000 0.0932670 0.0820147 0.0719739 0.0761851 0.0831800 0.0531741 0.0770459 0.0846042 0.0870616 0.0772192 0.0200753 0.0733850 0.0913329 0.0923698 0.0786139 0.0390280 0.0843847 0.0565046 0.0207689 0.0686930 0.0919122 0.0570171 0.0784416 0.0815071 0.0846549 0.0853140 
Peramelidae_Perameles_nasuta                 0.0713131 0.0875404 0.0729170 0.0894142 0.0928181 0.1053502 0.0828732 0.0926489 0.0932670 0.0000000 0.0868610 0.1011699 0.0975831 0.0933023 0.0703673 0.0944551 0.1030156 0.1038466 0.0172560 0.0868235 0.1004183 0.0993898 0.0987586 0.0903139 0.0870573 0.0768340 0.0838105 0.0848586 0.0947103 0.1222320 0.0804389 0.0888805 0.0349004 0.1039171 0.0196510 
Phalangeridae_Strigocuscus_pelengensis       0.0704618 0.1096645 0.0828731 0.0853398 0.0910418 0.1098905 0.0382320 0.0111298 0.0820147 0.0868610 0.0000000 0.0861386 0.1020399 0.0122027 0.0764825 0.1027049 0.1020981 0.0997948 0.0913895 0.0849364 0.1035999 0.0985764 0.1078552 0.1010449 0.0820070 0.1050881 0.0807841 0.0873785 0.1088756 0.1092860 0.0846976 0.0109663 0.0842599 0.1059135 0.1010968 
Dasyuridae_Phascogale_tapoatafa              0.0716261 0.0879586 0.0619073 0.0780163 0.0750297 0.0210664 0.0642939 0.0962882 0.0719739 0.1011699 0.0861386 0.0000000 0.0184186 0.0865737 0.0752378 0.0159806 0.0186151 0.0276394 0.0799305 0.0779942 0.0923226 0.0981252 0.1039529 0.0118840 0.0718479 0.0901540 0.0831182 0.0768914 0.0964560 0.1053552 0.0770153 0.0844239 0.0918517 0.0190402 0.0906965 
Dasyuridae_Sminthopsis_macroura              0.0620215 0.0850498 0.0709471 0.0837540 0.0838588 0.0207877 0.0891930 0.0934399 0.0761851 0.0975831 0.1020399 0.0184186 0.0000000 0.1075783 0.0678450 0.0258985 0.0192761 0.0203622 0.0762764 0.0781232 0.0847125 0.0893956 0.0920160 0.0177608 0.0680342 0.0762843 0.0701185 0.0810597 0.0805524 0.1015833 0.0679470 0.1038883 0.0933845 0.0190354 0.0876971 
Phalangeridae_Phalanger_orientalis           0.0736647 0.1159510 0.0844668 0.0866748 0.0928344 0.1131894 0.0370279 0.0089264 0.0831800 0.0933023 0.0122027 0.0865737 0.1075783 0.0000000 0.0777683 0.1090891 0.1055103 0.1067398 0.0981861 0.0839188 0.1040923 0.1003380 0.1079366 0.1046020 0.0853580 0.1081938 0.0852639 0.0867914 0.1097141 0.1099052 0.0871725 0.0024378 0.0895379 0.1091712 0.1079955 
Acrobatidae_Acrobates_pygmaeus               0.0416370 0.0762104 0.0536046 0.0551684 0.0574683 0.0785430 0.0617646 0.0634293 0.0531741 0.0703673 0.0764825 0.0752378 0.0678450 0.0777683 0.0000000 0.0701163 0.0754622 0.0812353 0.0602988 0.0518259 0.0493967 0.0726640 0.0795383 0.0657797 0.0431253 0.0610420 0.0363749 0.0549077 0.0332119 0.0619314 0.0228903 0.0732862 0.0768552 0.0770736 0.0724471 
Dasyuridae_Phascogale_calura                 0.0653459 0.0852133 0.0727579 0.0855169 0.0888152 0.0247381 0.0983664 0.0982747 0.0770459 0.0944551 0.1027049 0.0159806 0.0258985 0.1090891 0.0701163 0.0000000 0.0221966 0.0335465 0.0823695 0.0771879 0.0868216 0.0954910 0.1022014 0.0144262 0.0690367 0.0797665 0.0739651 0.0802773 0.0834800 0.1076933 0.0716915 0.1053371 0.0989828 0.0228469 0.0921082 
Dasyuridae_Sarcophilus_harrisii              0.0664444 0.0931556 0.0767329 0.0909145 0.0932655 0.0046305 0.0974842 0.0981422 0.0846042 0.1030156 0.1020981 0.0186151 0.0192761 0.1055103 0.0754622 0.0221966 0.0000000 0.0225714 0.0821435 0.0860995 0.0931635 0.0918256 0.0960016 0.0150962 0.0753446 0.0844454 0.0796655 0.0869222 0.0899581 0.1073552 0.0779506 0.1017790 0.0945242 0.0035331 0.0892622 
Dasyuridae_Planigale_tenuirostris            0.0713812 0.0918555 0.0813663 0.0923265 0.0939860 0.0224909 0.0943628 0.0964940 0.0870616 0.1038466 0.0997948 0.0276394 0.0203622 0.1067398 0.0812353 0.0335465 0.0225714 0.0000000 0.0791304 0.0891250 0.0993943 0.0891348 0.0978986 0.0251871 0.0782830 0.0938355 0.0814201 0.0924806 0.1059937 0.1029588 0.0786207 0.1027005 0.0966012 0.0203922 0.0911904 
Peramelidae_Echymipera_kalubu                0.0574860 0.0953058 0.0766431 0.0809953 0.0802507 0.0830446 0.0896676 0.0805898 0.0772192 0.0172560 0.0913895 0.0799305 0.0762764 0.0981861 0.0602988 0.0823695 0.0821435 0.0791304 0.0000000 0.0748716 0.0811766 0.0806592 0.0804952 0.0761255 0.0652913 0.0616993 0.0731194 0.0785080 0.0659051 0.1003517 0.0683648 0.0978660 0.0289173 0.0822241 0.0248142 
Macropodidae_Dorcopsulus_vanheurni           0.0522338 0.0809245 0.0511140 0.0209741 0.0237724 0.0905684 0.0693067 0.0593880 0.0200753 0.0868235 0.0849364 0.0779942 0.0781232 0.0839188 0.0518259 0.0771879 0.0860995 0.0891250 0.0748716 0.0000000 0.0767793 0.0856091 0.0857903 0.0809999 0.0378684 0.0814458 0.0583600 0.0129234 0.0585254 0.0958886 0.0550593 0.0799456 0.0777732 0.0861270 0.0845413 
Pseudochiridae_Pseudochirulus_forbesi        0.0537700 0.0960265 0.0734480 0.0789214 0.0812676 0.0960823 0.0895443 0.0809578 0.0733850 0.1004183 0.1035999 0.0923226 0.0847125 0.1040923 0.0493967 0.0868216 0.0931635 0.0993943 0.0811766 0.0767793 0.0000000 0.0918727 0.0960378 0.0861603 0.0620286 0.0889051 0.0298333 0.0730677 0.0086265 0.0707602 0.0461045 0.0998848 0.0892459 0.0944013 0.0938066 
Didelphidae_Didelphis_virginiana             0.0691727 0.1011765 0.0826859 0.0897238 0.0931280 0.0954166 0.0983783 0.0809644 0.0913329 0.0993898 0.0985764 0.0981252 0.0893956 0.1003380 0.0726640 0.0954910 0.0918256 0.0891348 0.0806592 0.0856091 0.0918727 0.0000000 0.0335702 0.0835392 0.0760746 0.0881100 0.0784701 0.0852579 0.0898870 0.0921411 0.0771233 0.0977544 0.1041796 0.0923636 0.0910470 
Marmosidae_Monodelphis_domestica             0.0692174 0.1026231 0.0814369 0.0909166 0.0949407 0.0959713 0.0988344 0.0933987 0.0923698 0.0987586 0.1078552 0.1039529 0.0920160 0.1079366 0.0795383 0.1022014 0.0960016 0.0978986 0.0804952 0.0857903 0.0960378 0.0335702 0.0000000 0.0955437 0.0802504 0.0904881 0.0817779 0.0851836 0.0934032 0.0954634 0.0830473 0.1060079 0.1056972 0.0977142 0.0906509 
Dasyuridae_Antechinus_stuartii               0.0626935 0.0866751 0.0703295 0.0849674 0.0851595 0.0166333 0.0922189 0.0914368 0.0786139 0.0903139 0.1010449 0.0118840 0.0177608 0.1046020 0.0657797 0.0144262 0.0150962 0.0251871 0.0761255 0.0809999 0.0861603 0.0835392 0.0955437 0.0000000 0.0683230 0.0754293 0.0718826 0.0823393 0.0851439 0.0992835 0.0680312 0.1009627 0.0891080 0.0161828 0.0847644 
Hypsiprymnodontidae_Hypsiprymnodon_moschatus 0.0460638 0.0672000 0.0570315 0.0369971 0.0397821 0.0788270 0.0672656 0.0658894 0.0390280 0.0870573 0.0820070 0.0718479 0.0680342 0.0853580 0.0431253 0.0690367 0.0753446 0.0782830 0.0652913 0.0378684 0.0620286 0.0760746 0.0802504 0.0683230 0.0000000 0.0682373 0.0464810 0.0383870 0.0551435 0.0754856 0.0426282 0.0819950 0.0880521 0.0747693 0.0749015 
Microbiotheriidae_Dromiciops_gliroides       0.0664356 0.0784135 0.0728023 0.0853267 0.0834425 0.0868490 0.0824103 0.0918765 0.0843847 0.0768340 0.1050881 0.0901540 0.0762843 0.1081938 0.0610420 0.0797665 0.0844454 0.0938355 0.0616993 0.0814458 0.0889051 0.0881100 0.0904881 0.0754293 0.0682373 0.0000000 0.0705569 0.0828456 0.0791410 0.1069824 0.0672842 0.1046534 0.0810630 0.0868070 0.0726466 
Pseudochiridae_Petauroides_volans            0.0442940 0.0837905 0.0556261 0.0590292 0.0638365 0.0845664 0.0691011 0.0611594 0.0565046 0.0838105 0.0807841 0.0831182 0.0701185 0.0852639 0.0363749 0.0739651 0.0796655 0.0814201 0.0731194 0.0583600 0.0298333 0.0784701 0.0817779 0.0718826 0.0464810 0.0705569 0.0000000 0.0562905 0.0191070 0.0609588 0.0374102 0.0826481 0.0791543 0.0816439 0.0822517 
Macropodidae_Wallabia_bicolor                0.0497854 0.0829485 0.0559939 0.0220621 0.0255979 0.0926174 0.0712135 0.0583392 0.0207689 0.0848586 0.0873785 0.0768914 0.0810597 0.0867914 0.0549077 0.0802773 0.0869222 0.0924806 0.0785080 0.0129234 0.0730677 0.0852579 0.0851836 0.0823393 0.0383870 0.0828456 0.0562905 0.0000000 0.0564021 0.0907350 0.0561458 0.0821829 0.0789149 0.0882904 0.0895645 
Pseudochiridae_Pseudocheirus_occidentalis    0.0472968 0.0707452 0.0685409 0.0673723 0.0708401 0.0933821 0.0852311 0.0713632 0.0686930 0.0947103 0.1088756 0.0964560 0.0805524 0.1097141 0.0332119 0.0834800 0.0899581 0.1059937 0.0659051 0.0585254 0.0086265 0.0898870 0.0934032 0.0851439 0.0551435 0.0791410 0.0191070 0.0564021 0.0000000 0.0678234 0.0327739 0.1057796 0.0732948 0.0931237 0.0867758 
Tarsipedidae_Tarsipes_rostratus              0.0726808 0.1172487 0.0897296 0.0957542 0.1017883 0.1146910 0.1050530 0.0746740 0.0919122 0.1222320 0.1092860 0.1053552 0.1015833 0.1099052 0.0619314 0.1076933 0.1073552 0.1029588 0.1003517 0.0958886 0.0707602 0.0921411 0.0954634 0.0992835 0.0754856 0.1069824 0.0609588 0.0907350 0.0678234 0.0000000 0.0644277 0.1063306 0.1144278 0.1107042 0.1146636 
Acrobatidae_Distoechurus_pennatus            0.0403807 0.0773762 0.0535414 0.0570186 0.0612804 0.0828859 0.0697631 0.0607848 0.0570171 0.0804389 0.0846976 0.0770153 0.0679470 0.0871725 0.0228903 0.0716915 0.0779506 0.0786207 0.0683648 0.0550593 0.0461045 0.0771233 0.0830473 0.0680312 0.0426282 0.0672842 0.0374102 0.0561458 0.0327739 0.0644277 0.0000000 0.0818704 0.0789651 0.0793399 0.0780834 
Phalangeridae_Phalanger_carmelitae           0.0706977 0.1118734 0.0806242 0.0820932 0.0887572 0.1093852 0.0338590 0.0084633 0.0784416 0.0888805 0.0109663 0.0844239 0.1038883 0.0024378 0.0732862 0.1053371 0.1017790 0.1027005 0.0978660 0.0799456 0.0998848 0.0977544 0.1060079 0.1009627 0.0819950 0.1046534 0.0826481 0.0821829 0.1057796 0.1063306 0.0818704 0.0000000 0.0878883 0.1054351 0.1067037 
Peramelidae_Peroryctes_raffrayana            0.0817431 0.1100232 0.0760884 0.0886257 0.0888685 0.0971297 0.0832155 0.0937094 0.0815071 0.0349004 0.0842599 0.0918517 0.0933845 0.0895379 0.0768552 0.0989828 0.0945242 0.0966012 0.0289173 0.0777732 0.0892459 0.1041796 0.1056972 0.0891080 0.0880521 0.0810630 0.0791543 0.0789149 0.0732948 0.1144278 0.0789651 0.0878883 0.0000000 0.0942088 0.0491911 
Dasyuridae_Dasyurus_geffroii                 0.0685421 0.0945385 0.0787691 0.0916415 0.0939731 0.0035014 0.1002917 0.0979417 0.0846549 0.1039171 0.1059135 0.0190402 0.0190354 0.1091712 0.0770736 0.0228469 0.0035331 0.0203922 0.0822241 0.0861270 0.0944013 0.0923636 0.0977142 0.0161828 0.0747693 0.0868070 0.0816439 0.0882904 0.0931237 0.1107042 0.0793399 0.1054351 0.0942088 0.0000000 0.0916897 
Peramelidae_Perameles_gunnii                 0.0674284 0.1057175 0.0877753 0.0907311 0.0908059 0.0925546 0.0999917 0.0918722 0.0853140 0.0196510 0.1010968 0.0906965 0.0876971 0.1079955 0.0724471 0.0921082 0.0892622 0.0911904 0.0248142 0.0845413 0.0938066 0.0910470 0.0906509 0.0847644 0.0749015 0.0726466 0.0822517 0.0895645 0.0867758 0.1146636 0.0780834 0.1067037 0.0491911 0.0916897 0.0000000 
