35
Burramyidae_Burramys_parvus                  0.0000000 0.0873132 0.0500465 0.0417260 0.0442177 0.0630834 0.0280894 0.0411053 0.0418607 0.0550470 0.0401976 0.0619681 0.0660002 0.0356144 0.0396526 0.0631094 0.0630087 0.0599418 0.0611249 0.0342658 0.0372161 0.0763429 0.0706913 0.0587643 0.0456363 0.0532202 0.0527226 0.0357496 0.0435163 0.0498950 0.0429940 0.0411939 0.0582793 0.0624756 0.0596029 
Notoryctidae_Notoryctes_typhlops             0.0873132 0.0000000 0.0978812 0.0900699 0.0908234 0.0895046 0.0768830 0.0931408 0.0857397 0.0866440 0.0907221 0.0908759 0.0978845 0.0849787 0.0890001 0.0909126 0.0913616 0.0883639 0.0837672 0.0830775 0.0913339 0.1133903 0.1003943 0.0865044 0.0911752 0.0866395 0.1014224 0.0822042 0.0866874 0.1022878 0.0918203 0.0931621 0.0832401 0.0907774 0.0854325 
Vombatidae_Lasiorhinus_latifrons             0.0500465 0.0978812 0.0000000 0.0544515 0.0561920 0.0724515 0.0392864 0.0500359 0.0540954 0.0611560 0.0494395 0.0704321 0.0751330 0.0483620 0.0492780 0.0706616 0.0711320 0.0663137 0.0678161 0.0489904 0.0541949 0.0850501 0.0864928 0.0677947 0.0581702 0.0583698 0.0717036 0.0481355 0.0556830 0.0639398 0.0516039 0.0502862 0.0689697 0.0717789 0.0654025 
Potoroidae_Bettongia_penicillata             0.0417260 0.0900699 0.0544515 0.0000000 0.0022441 0.0667130 0.0370746 0.0513206 0.0096837 0.0551694 0.0495491 0.0661626 0.0708697 0.0448264 0.0464146 0.0661313 0.0655047 0.0621347 0.0604133 0.0173810 0.0451044 0.0862631 0.0829404 0.0618302 0.0342964 0.0574822 0.0570371 0.0182902 0.0455234 0.0566978 0.0462646 0.0484144 0.0571541 0.0660957 0.0600068 
Potoroidae_Bettongia_lesueur                 0.0442177 0.0908234 0.0561920 0.0022441 0.0000000 0.0668275 0.0384828 0.0529581 0.0114812 0.0576115 0.0511085 0.0662772 0.0709905 0.0463718 0.0479978 0.0662993 0.0656167 0.0628790 0.0621197 0.0185628 0.0466472 0.0882482 0.0848883 0.0619367 0.0356985 0.0591452 0.0576863 0.0194930 0.0482308 0.0584049 0.0478274 0.0499924 0.0584499 0.0662101 0.0617241 
Dasyuridae_Dasyurus_maculatus                0.0630834 0.0895046 0.0724515 0.0667130 0.0668275 0.0000000 0.0541964 0.0660639 0.0679870 0.0624873 0.0651982 0.0112327 0.0210732 0.0597420 0.0661750 0.0126990 0.0025882 0.0176982 0.0670987 0.0610484 0.0652322 0.0881581 0.0809844 0.0112709 0.0673193 0.0614450 0.0794238 0.0595639 0.0693391 0.0736977 0.0697390 0.0641319 0.0597961 0.0025872 0.0662916 
Phalangeridae_Trichosurus_vulpecula          0.0280894 0.0768830 0.0392864 0.0370746 0.0384828 0.0541964 0.0000000 0.0155646 0.0352726 0.0409410 0.0140517 0.0526219 0.0577373 0.0124027 0.0289869 0.0526641 0.0541654 0.0488444 0.0464859 0.0290534 0.0328014 0.0736589 0.0688216 0.0474500 0.0365760 0.0416713 0.0454860 0.0294725 0.0313501 0.0414806 0.0339711 0.0153182 0.0440263 0.0536252 0.0449943 
Phalangeridae_Spilocuscus_maculatus          0.0411053 0.0931408 0.0500359 0.0513206 0.0529581 0.0660639 0.0155646 0.0000000 0.0495236 0.0500818 0.0112053 0.0655037 0.0721663 0.0135730 0.0409094 0.0665456 0.0659830 0.0601501 0.0575186 0.0428255 0.0442714 0.0864151 0.0811182 0.0614802 0.0478048 0.0548753 0.0615752 0.0434502 0.0465315 0.0517418 0.0444168 0.0128185 0.0563173 0.0654387 0.0559916 
Potoroidae_Aepyprymnus_rufescens             0.0418607 0.0857397 0.0540954 0.0096837 0.0114812 0.0679870 0.0352726 0.0495236 0.0000000 0.0553466 0.0486220 0.0674323 0.0733425 0.0431317 0.0454446 0.0674235 0.0667658 0.0634304 0.0595594 0.0170060 0.0443879 0.0880750 0.0809776 0.0619478 0.0339015 0.0580953 0.0552524 0.0171381 0.0457398 0.0538380 0.0463113 0.0474700 0.0568168 0.0673641 0.0596427 
Peramelidae_Perameles_nasuta                 0.0550470 0.0866440 0.0611560 0.0551694 0.0576115 0.0624873 0.0409410 0.0500818 0.0553466 0.0000000 0.0517042 0.0625024 0.0673630 0.0458428 0.0563695 0.0623312 0.0606258 0.0627061 0.0140037 0.0490266 0.0557169 0.0785875 0.0766186 0.0594392 0.0533751 0.0569300 0.0723069 0.0481681 0.0590394 0.0628601 0.0573051 0.0502971 0.0150779 0.0618350 0.0006875 
Phalangeridae_Strigocuscus_pelengensis       0.0401976 0.0907221 0.0494395 0.0495491 0.0511085 0.0651982 0.0140517 0.0112053 0.0486220 0.0517042 0.0000000 0.0640572 0.0701017 0.0124783 0.0400205 0.0652256 0.0651188 0.0590924 0.0593494 0.0407071 0.0424448 0.0826289 0.0769698 0.0602124 0.0470013 0.0522088 0.0585362 0.0418059 0.0456508 0.0518901 0.0432295 0.0113969 0.0567194 0.0645757 0.0567578 
Dasyuridae_Phascogale_tapoatafa              0.0619681 0.0908759 0.0704321 0.0661626 0.0662772 0.0112327 0.0526219 0.0655037 0.0674323 0.0625024 0.0640572 0.0000000 0.0206636 0.0603105 0.0616338 0.0025946 0.0112317 0.0168255 0.0688149 0.0594292 0.0652370 0.0894230 0.0797986 0.0039340 0.0667652 0.0614742 0.0820750 0.0595887 0.0678200 0.0725065 0.0663081 0.0619222 0.0610630 0.0112281 0.0668621 
Dasyuridae_Sminthopsis_macroura              0.0660002 0.0978845 0.0751330 0.0708697 0.0709905 0.0210732 0.0577373 0.0721663 0.0733425 0.0673630 0.0701017 0.0206636 0.0000000 0.0661795 0.0721855 0.0222702 0.0210608 0.0133575 0.0727579 0.0635619 0.0716877 0.0945719 0.0876869 0.0191237 0.0726413 0.0675198 0.0862201 0.0631659 0.0787378 0.0801527 0.0770326 0.0683600 0.0688097 0.0202677 0.0702520 
Phalangeridae_Phalanger_orientalis           0.0356144 0.0849787 0.0483620 0.0448264 0.0463718 0.0597420 0.0124027 0.0135730 0.0431317 0.0458428 0.0124783 0.0603105 0.0661795 0.0000000 0.0368610 0.0614146 0.0596738 0.0549111 0.0559635 0.0382206 0.0387099 0.0826560 0.0762733 0.0560745 0.0432725 0.0497398 0.0535756 0.0388227 0.0408921 0.0461616 0.0397131 0.0096645 0.0531636 0.0597078 0.0523703 
Acrobatidae_Acrobates_pygmaeus               0.0396526 0.0890001 0.0492780 0.0464146 0.0479978 0.0661750 0.0289869 0.0409094 0.0454446 0.0563695 0.0400205 0.0616338 0.0721855 0.0368610 0.0000000 0.0639073 0.0666543 0.0637403 0.0628565 0.0384551 0.0391075 0.0793599 0.0736673 0.0595439 0.0472177 0.0550900 0.0525000 0.0387828 0.0448393 0.0439844 0.0232733 0.0407645 0.0605113 0.0661110 0.0625234 
Dasyuridae_Phascogale_calura                 0.0631094 0.0909126 0.0706616 0.0661313 0.0662993 0.0126990 0.0526641 0.0665456 0.0674235 0.0623312 0.0652256 0.0025946 0.0222702 0.0614146 0.0639073 0.0000000 0.0126931 0.0180987 0.0688603 0.0594229 0.0663846 0.0888368 0.0798573 0.0046083 0.0667876 0.0621089 0.0835071 0.0596365 0.0698578 0.0719720 0.0686196 0.0636110 0.0614887 0.0126937 0.0669055 
Dasyuridae_Sarcophilus_harrisii              0.0630087 0.0913616 0.0711320 0.0655047 0.0656167 0.0025882 0.0541654 0.0659830 0.0667658 0.0606258 0.0651188 0.0112317 0.0210608 0.0596738 0.0666543 0.0126931 0.0000000 0.0176951 0.0670166 0.0598900 0.0651544 0.0874155 0.0808711 0.0112699 0.0672370 0.0614046 0.0800326 0.0573718 0.0677548 0.0736008 0.0702154 0.0640554 0.0591834 0.0025872 0.0650785 
Dasyuridae_Planigale_tenuirostris            0.0599418 0.0883639 0.0663137 0.0621347 0.0628790 0.0176982 0.0488444 0.0601501 0.0634304 0.0627061 0.0590924 0.0168255 0.0133575 0.0549111 0.0637403 0.0180987 0.0176951 0.0000000 0.0668965 0.0577266 0.0614903 0.0863689 0.0811142 0.0150768 0.0629396 0.0629804 0.0788615 0.0570388 0.0692415 0.0688172 0.0692965 0.0605743 0.0623233 0.0176844 0.0647676 
Peramelidae_Echymipera_kalubu                0.0611249 0.0837672 0.0678161 0.0604133 0.0621197 0.0670987 0.0464859 0.0575186 0.0595594 0.0140037 0.0593494 0.0688149 0.0727579 0.0559635 0.0628565 0.0688603 0.0670166 0.0668965 0.0000000 0.0540732 0.0635766 0.0838240 0.0772624 0.0655388 0.0609691 0.0590480 0.0773138 0.0553575 0.0664624 0.0666898 0.0651635 0.0563600 0.0140594 0.0664786 0.0136704 
Macropodidae_Dorcopsulus_vanheurni           0.0342658 0.0830775 0.0489904 0.0173810 0.0185628 0.0610484 0.0290534 0.0428255 0.0170060 0.0490266 0.0407071 0.0594292 0.0635619 0.0382206 0.0384551 0.0594229 0.0598900 0.0577266 0.0540732 0.0000000 0.0387223 0.0813549 0.0740236 0.0557685 0.0306431 0.0491107 0.0498341 0.0065845 0.0382805 0.0487165 0.0412402 0.0411706 0.0530670 0.0604570 0.0536302 
Pseudochiridae_Pseudochirulus_forbesi        0.0372161 0.0913339 0.0541949 0.0451044 0.0466472 0.0652322 0.0328014 0.0442714 0.0443879 0.0557169 0.0424448 0.0652370 0.0716877 0.0387099 0.0391075 0.0663846 0.0651544 0.0614903 0.0635766 0.0387223 0.0000000 0.0790194 0.0709535 0.0608777 0.0474706 0.0555810 0.0326500 0.0400582 0.0116266 0.0431629 0.0409123 0.0443225 0.0627444 0.0646245 0.0595321 
Didelphidae_Didelphis_virginiana             0.0763429 0.1133903 0.0850501 0.0862631 0.0882482 0.0881581 0.0736589 0.0864151 0.0880750 0.0785875 0.0826289 0.0894230 0.0945719 0.0826560 0.0793599 0.0888368 0.0874155 0.0863689 0.0838240 0.0813549 0.0790194 0.0000000 0.0277190 0.0889137 0.0889771 0.0815498 0.1038604 0.0800755 0.0912856 0.0861960 0.0849992 0.0873035 0.0848884 0.0868370 0.0813761 
Marmosidae_Monodelphis_domestica             0.0706913 0.1003943 0.0864928 0.0829404 0.0848883 0.0809844 0.0688216 0.0811182 0.0809776 0.0766186 0.0769698 0.0797986 0.0876869 0.0762733 0.0736673 0.0798573 0.0808711 0.0811142 0.0772624 0.0740236 0.0709535 0.0277190 0.0000000 0.0780878 0.0824777 0.0754082 0.0957729 0.0726924 0.0809842 0.0807105 0.0785908 0.0822135 0.0769203 0.0790849 0.0783311 
Dasyuridae_Antechinus_stuartii               0.0587643 0.0865044 0.0677947 0.0618302 0.0619367 0.0112709 0.0474500 0.0614802 0.0619478 0.0594392 0.0602124 0.0039340 0.0191237 0.0560745 0.0595439 0.0046083 0.0112699 0.0150768 0.0655388 0.0557685 0.0608777 0.0889137 0.0780878 0.0000000 0.0613132 0.0569560 0.0749538 0.0552862 0.0618745 0.0691616 0.0647517 0.0593044 0.0591646 0.0112663 0.0635781 
Hypsiprymnodontidae_Hypsiprymnodon_moschatus 0.0456363 0.0911752 0.0581702 0.0342964 0.0356985 0.0673193 0.0365760 0.0478048 0.0339015 0.0533751 0.0470013 0.0667652 0.0726413 0.0432725 0.0472177 0.0667876 0.0672370 0.0629396 0.0609691 0.0306431 0.0474706 0.0889771 0.0824777 0.0613132 0.0000000 0.0594839 0.0569580 0.0317755 0.0507415 0.0570461 0.0521065 0.0464899 0.0600987 0.0667005 0.0594934 
Microbiotheriidae_Dromiciops_gliroides       0.0532202 0.0866395 0.0583698 0.0574822 0.0591452 0.0614450 0.0416713 0.0548753 0.0580953 0.0569300 0.0522088 0.0614742 0.0675198 0.0497398 0.0550900 0.0621089 0.0614046 0.0629804 0.0590480 0.0491107 0.0555810 0.0815498 0.0754082 0.0569560 0.0594839 0.0000000 0.0691538 0.0500634 0.0554286 0.0630722 0.0570690 0.0523799 0.0587374 0.0608324 0.0599542 
Pseudochiridae_Petauroides_volans            0.0527226 0.1014224 0.0717036 0.0570371 0.0576863 0.0794238 0.0454860 0.0615752 0.0552524 0.0723069 0.0585362 0.0820750 0.0862201 0.0535756 0.0525000 0.0835071 0.0800326 0.0788615 0.0773138 0.0498341 0.0326500 0.1038604 0.0957729 0.0749538 0.0569580 0.0691538 0.0000000 0.0513491 0.0248971 0.0558884 0.0557688 0.0599211 0.0771592 0.0793735 0.0783110 
Macropodidae_Wallabia_bicolor                0.0357496 0.0822042 0.0481355 0.0182902 0.0194930 0.0595639 0.0294725 0.0434502 0.0171381 0.0481681 0.0418059 0.0595887 0.0631659 0.0388227 0.0387828 0.0596365 0.0573718 0.0570388 0.0553575 0.0065845 0.0400582 0.0800755 0.0726924 0.0552862 0.0317755 0.0500634 0.0513491 0.0000000 0.0394151 0.0491792 0.0420423 0.0417754 0.0533252 0.0589779 0.0528398 
Pseudochiridae_Pseudocheirus_occidentalis    0.0435163 0.0866874 0.0556830 0.0455234 0.0482308 0.0693391 0.0313501 0.0465315 0.0457398 0.0590394 0.0456508 0.0678200 0.0787378 0.0408921 0.0448393 0.0698578 0.0677548 0.0692415 0.0664624 0.0382805 0.0116266 0.0912856 0.0809842 0.0618745 0.0507415 0.0554286 0.0248971 0.0394151 0.0000000 0.0470961 0.0422348 0.0487409 0.0658464 0.0685244 0.0622347 
Tarsipedidae_Tarsipes_rostratus              0.0498950 0.1022878 0.0639398 0.0566978 0.0584049 0.0736977 0.0414806 0.0517418 0.0538380 0.0628601 0.0518901 0.0725065 0.0801527 0.0461616 0.0439844 0.0719720 0.0736008 0.0688172 0.0666898 0.0487165 0.0431629 0.0861960 0.0807105 0.0691616 0.0570461 0.0630722 0.0558884 0.0491792 0.0470961 0.0000000 0.0510243 0.0527705 0.0666126 0.0730436 0.0658350 
Acrobatidae_Distoechurus_pennatus            0.0429940 0.0918203 0.0516039 0.0462646 0.0478274 0.0697390 0.0339711 0.0444168 0.0463113 0.0573051 0.0432295 0.0663081 0.0770326 0.0397131 0.0232733 0.0686196 0.0702154 0.0692965 0.0651635 0.0412402 0.0409123 0.0849992 0.0785908 0.0647517 0.0521065 0.0570690 0.0557688 0.0420423 0.0422348 0.0510243 0.0000000 0.0436351 0.0634227 0.0696714 0.0647892 
Phalangeridae_Phalanger_carmelitae           0.0411939 0.0931621 0.0502862 0.0484144 0.0499924 0.0641319 0.0153182 0.0128185 0.0474700 0.0502971 0.0113969 0.0619222 0.0683600 0.0096645 0.0407645 0.0636110 0.0640554 0.0605743 0.0563600 0.0411706 0.0443225 0.0873035 0.0822135 0.0593044 0.0464899 0.0523799 0.0599211 0.0417754 0.0487409 0.0527705 0.0436351 0.0000000 0.0565669 0.0640946 0.0559297 
Peramelidae_Peroryctes_raffrayana            0.0582793 0.0832401 0.0689697 0.0571541 0.0584499 0.0597961 0.0440263 0.0563173 0.0568168 0.0150779 0.0567194 0.0610630 0.0688097 0.0531636 0.0605113 0.0614887 0.0591834 0.0623233 0.0140594 0.0530670 0.0627444 0.0848884 0.0769203 0.0591646 0.0600987 0.0587374 0.0771592 0.0533252 0.0658464 0.0666126 0.0634227 0.0565669 0.0000000 0.0597932 0.0149869 
Dasyuridae_Dasyurus_geffroii                 0.0624756 0.0907774 0.0717789 0.0660957 0.0662101 0.0025872 0.0536252 0.0654387 0.0673641 0.0618350 0.0645757 0.0112281 0.0202677 0.0597078 0.0661110 0.0126937 0.0025872 0.0176844 0.0664786 0.0604570 0.0646245 0.0868370 0.0790849 0.0112663 0.0667005 0.0608324 0.0793735 0.0589779 0.0685244 0.0730436 0.0696714 0.0640946 0.0597932 0.0000000 0.0656727 
Peramelidae_Perameles_gunnii                 0.0596029 0.0854325 0.0654025 0.0600068 0.0617241 0.0662916 0.0449943 0.0559916 0.0596427 0.0006875 0.0567578 0.0668621 0.0702520 0.0523703 0.0625234 0.0669055 0.0650785 0.0647676 0.0136704 0.0536302 0.0595321 0.0813761 0.0783311 0.0635781 0.0594934 0.0599542 0.0783110 0.0528398 0.0622347 0.0658350 0.0647892 0.0559297 0.0149869 0.0656727 0.0000000 
