35
Burramyidae_Burramys_parvus                  0.0000000 0.0895555 0.0563017 0.0652560 0.0700922 0.0759792 0.0478556 0.0489684 0.0584463 0.0649843 0.0528793 0.0821444 0.0877880 0.0494974 0.0515655 0.0820293 0.0773909 0.0835950 0.0904828 0.0708695 0.0614220 0.1391196 0.1262790 0.0836389 0.0639948 0.0674047 0.0518898 0.0599547 0.0341526 0.0803617 0.0626152 0.0525583 0.0756223 0.0813017 0.0949382 
Notoryctidae_Notoryctes_typhlops             0.0895555 0.0000000 0.0893994 0.0986248 0.1012912 0.0849313 0.0846365 0.0989232 0.0935392 0.0724229 0.0929668 0.0964498 0.0959792 0.0861683 0.0908145 0.0952790 0.0864525 0.0937770 0.0991945 0.1022120 0.0960242 0.1609384 0.1371688 0.0924316 0.0986797 0.0800849 0.0898826 0.0906029 0.0965658 0.1136610 0.0990771 0.0910193 0.0704946 0.0894189 0.1022246 
Vombatidae_Lasiorhinus_latifrons             0.0563017 0.0893994 0.0000000 0.0682765 0.0720957 0.0798168 0.0596188 0.0673817 0.0624683 0.0683785 0.0638769 0.0865180 0.0925806 0.0589965 0.0628996 0.0852205 0.0808271 0.0880121 0.0937743 0.0740519 0.0740773 0.1393109 0.1246446 0.0873518 0.0668916 0.0705509 0.0642424 0.0627972 0.0386565 0.0902087 0.0722158 0.0620149 0.0787847 0.0841688 0.0950350 
Potoroidae_Bettongia_penicillata             0.0652560 0.0986248 0.0682765 0.0000000 0.0090233 0.0921147 0.0663961 0.0721714 0.0139147 0.0702912 0.0713607 0.1009679 0.1039345 0.0665876 0.0697904 0.1012673 0.0927214 0.0995663 0.0963654 0.0380387 0.0795111 0.1482784 0.1413060 0.1018950 0.0439225 0.0792205 0.0652604 0.0282314 0.0451317 0.0911409 0.0765326 0.0702364 0.0724602 0.0949565 0.1016007 
Potoroidae_Bettongia_lesueur                 0.0700922 0.1012912 0.0720957 0.0090233 0.0000000 0.0963609 0.0686702 0.0807609 0.0165880 0.0758319 0.0798141 0.1065675 0.1107231 0.0729931 0.0747126 0.1039778 0.0975810 0.1059440 0.0999321 0.0412524 0.0802171 0.1526368 0.1428066 0.1057054 0.0491761 0.0848282 0.0684817 0.0324942 0.0487919 0.0960161 0.0821148 0.0769231 0.0830214 0.0992415 0.1062881 
Dasyuridae_Dasyurus_maculatus                0.0759792 0.0849313 0.0798168 0.0921147 0.0963609 0.0000000 0.0753429 0.0854130 0.0850864 0.0711592 0.0838194 0.0134161 0.0240450 0.0789283 0.0845448 0.0135051 0.0026269 0.0199657 0.1029449 0.0968224 0.0907648 0.1562966 0.1384073 0.0152127 0.0947071 0.0763591 0.0813363 0.0831487 0.0785057 0.1122578 0.0912260 0.0841788 0.0785559 0.0035870 0.1021967 
Phalangeridae_Trichosurus_vulpecula          0.0478556 0.0846365 0.0596188 0.0663961 0.0686702 0.0753429 0.0000000 0.0274421 0.0601212 0.0653138 0.0240048 0.0830347 0.0857896 0.0251567 0.0521576 0.0789434 0.0745977 0.0796134 0.0913352 0.0710718 0.0646821 0.1493134 0.1303208 0.0808054 0.0663454 0.0726341 0.0592021 0.0594180 0.0459099 0.0822163 0.0608295 0.0256670 0.0714305 0.0785717 0.0949840 
Phalangeridae_Spilocuscus_maculatus          0.0489684 0.0989232 0.0673817 0.0721714 0.0807609 0.0854130 0.0274421 0.0000000 0.0673885 0.0698088 0.0146179 0.0898657 0.0951297 0.0189508 0.0637961 0.0893073 0.0840843 0.0907014 0.0972415 0.0797904 0.0693698 0.1403885 0.1451678 0.0892940 0.0700674 0.0763996 0.0546883 0.0649100 0.0489185 0.0931789 0.0720288 0.0164791 0.0774796 0.0885404 0.1017522 
Potoroidae_Aepyprymnus_rufescens             0.0584463 0.0935392 0.0624683 0.0139147 0.0165880 0.0850864 0.0601212 0.0673885 0.0000000 0.0711827 0.0659452 0.0950139 0.0974388 0.0613130 0.0659345 0.0931885 0.0858624 0.0949360 0.0950236 0.0325778 0.0720688 0.1478962 0.1317473 0.0948955 0.0397322 0.0758862 0.0613271 0.0233377 0.0476523 0.0897844 0.0727573 0.0648778 0.0764231 0.0890643 0.1019835 
Peramelidae_Perameles_nasuta                 0.0649843 0.0724229 0.0683785 0.0702912 0.0758319 0.0711592 0.0653138 0.0698088 0.0711827 0.0000000 0.0688551 0.0830064 0.0782640 0.0658305 0.0672633 0.0813991 0.0711377 0.0828591 0.0126395 0.0843215 0.0713544 0.1447667 0.1167137 0.0782309 0.0710127 0.0721953 0.0660811 0.0707411 0.0641737 0.0929109 0.0692528 0.0689688 0.0110500 0.0730096 0.0004528 
Phalangeridae_Strigocuscus_pelengensis       0.0528793 0.0929668 0.0638769 0.0713607 0.0798141 0.0838194 0.0240048 0.0146179 0.0659452 0.0688551 0.0000000 0.0908523 0.0949205 0.0135954 0.0554767 0.0879121 0.0824962 0.0886283 0.0939053 0.0785523 0.0671909 0.1586522 0.1386865 0.0896541 0.0678073 0.0765124 0.0598627 0.0645190 0.0388714 0.0865036 0.0677320 0.0132241 0.0708844 0.0872464 0.0979059 
Dasyuridae_Phascogale_tapoatafa              0.0821444 0.0964498 0.0865180 0.1009679 0.1065675 0.0134161 0.0830347 0.0898657 0.0950139 0.0830064 0.0908523 0.0000000 0.0273521 0.0867250 0.0927814 0.0033532 0.0131945 0.0224621 0.1097355 0.1070572 0.0964247 0.1654440 0.1472283 0.0104198 0.1032296 0.0853665 0.0887266 0.0928862 0.0821854 0.1242159 0.0964573 0.0923956 0.0907810 0.0149601 0.1096723 
Dasyuridae_Sminthopsis_macroura              0.0877880 0.0959792 0.0925806 0.1039345 0.1107231 0.0240450 0.0857896 0.0951297 0.0974388 0.0782640 0.0949205 0.0273521 0.0000000 0.0893850 0.0918962 0.0270979 0.0215305 0.0184389 0.1106651 0.1100494 0.0998630 0.1623943 0.1444436 0.0253139 0.1031776 0.0861739 0.0891997 0.0958700 0.0806589 0.1215360 0.0976157 0.0934752 0.0870197 0.0244528 0.1121368 
Phalangeridae_Phalanger_orientalis           0.0494974 0.0861683 0.0589965 0.0665876 0.0729931 0.0789283 0.0251567 0.0189508 0.0613130 0.0658305 0.0135954 0.0867250 0.0893850 0.0000000 0.0514855 0.0847284 0.0776733 0.0852369 0.0917689 0.0718146 0.0620995 0.1487567 0.1302580 0.0843832 0.0631841 0.0697834 0.0575238 0.0591870 0.0402997 0.0818980 0.0627083 0.0049873 0.0671844 0.0821954 0.0967826 
Acrobatidae_Acrobates_pygmaeus               0.0515655 0.0908145 0.0628996 0.0697904 0.0747126 0.0845448 0.0521576 0.0637961 0.0659345 0.0672633 0.0554767 0.0927814 0.0918962 0.0514855 0.0000000 0.0876889 0.0844830 0.0903141 0.0954693 0.0747670 0.0589533 0.1516458 0.1311365 0.0869476 0.0700082 0.0710089 0.0529731 0.0647786 0.0300887 0.0751010 0.0366979 0.0547024 0.0749151 0.0871224 0.0948016 
Dasyuridae_Phascogale_calura                 0.0820293 0.0952790 0.0852205 0.1012673 0.1039778 0.0135051 0.0789434 0.0893073 0.0931885 0.0813991 0.0879121 0.0033532 0.0270979 0.0847284 0.0876889 0.0000000 0.0121493 0.0226848 0.1076772 0.1057260 0.0945993 0.1610112 0.1438038 0.0094811 0.1007682 0.0845479 0.0867122 0.0918279 0.0789630 0.1209445 0.0938426 0.0899635 0.0888269 0.0138813 0.1081117 
Dasyuridae_Sarcophilus_harrisii              0.0773909 0.0864525 0.0808271 0.0927214 0.0975810 0.0026269 0.0745977 0.0840843 0.0858624 0.0711377 0.0824962 0.0131945 0.0215305 0.0776733 0.0844830 0.0121493 0.0000000 0.0188791 0.1014418 0.0987146 0.0904349 0.1533849 0.1340726 0.0138960 0.0944550 0.0755699 0.0800603 0.0841375 0.0816048 0.1104668 0.0897721 0.0823372 0.0776052 0.0029610 0.1006833 
Dasyuridae_Planigale_tenuirostris            0.0835950 0.0937770 0.0880121 0.0995663 0.1059440 0.0199657 0.0796134 0.0907014 0.0949360 0.0828591 0.0886283 0.0224621 0.0184389 0.0852369 0.0903141 0.0226848 0.0188791 0.0000000 0.1115130 0.1062224 0.0973707 0.1641696 0.1454744 0.0212742 0.0965816 0.0834799 0.0864954 0.0912952 0.0762237 0.1247795 0.0939320 0.0907198 0.0855812 0.0199860 0.1118676 
Peramelidae_Echymipera_kalubu                0.0904828 0.0991945 0.0937743 0.0963654 0.0999321 0.1029449 0.0913352 0.0972415 0.0950236 0.0126395 0.0939053 0.1097355 0.1106651 0.0917689 0.0954693 0.1076772 0.1014418 0.1115130 0.0000000 0.1056593 0.1008948 0.1671192 0.1505797 0.1067395 0.0978101 0.0936802 0.0882096 0.0940059 0.0743836 0.1172197 0.1021189 0.0941490 0.0114302 0.1051899 0.0170975 
Macropodidae_Dorcopsulus_vanheurni           0.0708695 0.1022120 0.0740519 0.0380387 0.0412524 0.0968224 0.0710718 0.0797904 0.0325778 0.0843215 0.0785523 0.1070572 0.1100494 0.0718146 0.0747670 0.1057260 0.0987146 0.1062224 0.1056593 0.0000000 0.0858201 0.1630329 0.1454331 0.1062698 0.0493756 0.0845172 0.0746533 0.0144994 0.0595896 0.0970842 0.0845039 0.0757051 0.0895223 0.1020910 0.1103375 
Pseudochiridae_Pseudochirulus_forbesi        0.0614220 0.0960242 0.0740773 0.0795111 0.0802171 0.0907648 0.0646821 0.0693698 0.0720688 0.0713544 0.0671909 0.0964247 0.0998630 0.0620995 0.0589533 0.0945993 0.0904349 0.0973707 0.1008948 0.0858201 0.0000000 0.1713758 0.1444639 0.0933443 0.0735423 0.0815050 0.0457722 0.0725379 0.0100775 0.0790278 0.0647450 0.0665365 0.0790021 0.0943810 0.1070010 
Didelphidae_Didelphis_virginiana             0.1391196 0.1609384 0.1393109 0.1482784 0.1526368 0.1562966 0.1493134 0.1403885 0.1478962 0.1447667 0.1586522 0.1654440 0.1623943 0.1487567 0.1516458 0.1610112 0.1533849 0.1641696 0.1671192 0.1630329 0.1713758 0.0000000 0.0620516 0.1578233 0.1585520 0.1389680 0.1468740 0.1505005 0.1093452 0.1724528 0.1604764 0.1497874 0.1307345 0.1556016 0.1676113 
Marmosidae_Monodelphis_domestica             0.1262790 0.1371688 0.1246446 0.1413060 0.1428066 0.1384073 0.1303208 0.1451678 0.1317473 0.1167137 0.1386865 0.1472283 0.1444436 0.1302580 0.1311365 0.1438038 0.1340726 0.1454744 0.1505797 0.1454331 0.1444639 0.0620516 0.0000000 0.1414857 0.1372668 0.1230358 0.1381724 0.1334652 0.1100885 0.1614098 0.1386869 0.1318177 0.1250658 0.1395872 0.1538168 
Dasyuridae_Antechinus_stuartii               0.0836389 0.0924316 0.0873518 0.1018950 0.1057054 0.0152127 0.0808054 0.0892940 0.0948955 0.0782309 0.0896541 0.0104198 0.0253139 0.0843832 0.0869476 0.0094811 0.0138960 0.0212742 0.1067395 0.1062698 0.0933443 0.1578233 0.1414857 0.0000000 0.0996176 0.0814862 0.0836396 0.0911449 0.0746276 0.1181629 0.0924918 0.0899264 0.0863732 0.0148702 0.1071652 
Hypsiprymnodontidae_Hypsiprymnodon_moschatus 0.0639948 0.0986797 0.0668916 0.0439225 0.0491761 0.0947071 0.0663454 0.0700674 0.0397322 0.0710127 0.0678073 0.1032296 0.1031776 0.0631841 0.0700082 0.1007682 0.0944550 0.0965816 0.0978101 0.0493756 0.0735423 0.1585520 0.1372668 0.0996176 0.0000000 0.0779012 0.0636704 0.0385252 0.0403593 0.0916375 0.0759275 0.0668842 0.0745278 0.0970232 0.1023534 
Microbiotheriidae_Dromiciops_gliroides       0.0674047 0.0800849 0.0705509 0.0792205 0.0848282 0.0763591 0.0726341 0.0763996 0.0758862 0.0721953 0.0765124 0.0853665 0.0861739 0.0697834 0.0710089 0.0845479 0.0755699 0.0834799 0.0936802 0.0845172 0.0815050 0.1389680 0.1230358 0.0814862 0.0779012 0.0000000 0.0692011 0.0705517 0.0561603 0.0941090 0.0816018 0.0737548 0.0772623 0.0793368 0.0984739 
Pseudochiridae_Petauroides_volans            0.0518898 0.0898826 0.0642424 0.0652604 0.0684817 0.0813363 0.0592021 0.0546883 0.0613271 0.0660811 0.0598627 0.0887266 0.0891997 0.0575238 0.0529731 0.0867122 0.0800603 0.0864954 0.0882096 0.0746533 0.0457722 0.1468740 0.1381724 0.0836396 0.0636704 0.0692011 0.0000000 0.0610063 0.0234997 0.0707208 0.0615396 0.0594598 0.0716734 0.0837451 0.0962895 
Macropodidae_Wallabia_bicolor                0.0599547 0.0906029 0.0627972 0.0282314 0.0324942 0.0831487 0.0594180 0.0649100 0.0233377 0.0707411 0.0645190 0.0928862 0.0958700 0.0591870 0.0647786 0.0918279 0.0841375 0.0912952 0.0940059 0.0144994 0.0725379 0.1505005 0.1334652 0.0911449 0.0385252 0.0705517 0.0610063 0.0000000 0.0449487 0.0901266 0.0739115 0.0630489 0.0746137 0.0876083 0.0994119 
Pseudochiridae_Pseudocheirus_occidentalis    0.0341526 0.0965658 0.0386565 0.0451317 0.0487919 0.0785057 0.0459099 0.0489185 0.0476523 0.0641737 0.0388714 0.0821854 0.0806589 0.0402997 0.0300887 0.0789630 0.0816048 0.0762237 0.0743836 0.0595896 0.0100775 0.1093452 0.1100885 0.0746276 0.0403593 0.0561603 0.0234997 0.0449487 0.0000000 0.0535143 0.0321896 0.0438815 0.0738525 0.0863028 0.0731366 
Tarsipedidae_Tarsipes_rostratus              0.0803617 0.1136610 0.0902087 0.0911409 0.0960161 0.1122578 0.0822163 0.0931789 0.0897844 0.0929109 0.0865036 0.1242159 0.1215360 0.0818980 0.0751010 0.1209445 0.1104668 0.1247795 0.1172197 0.0970842 0.0790278 0.1724528 0.1614098 0.1181629 0.0916375 0.0941090 0.0707208 0.0901266 0.0535143 0.0000000 0.0831075 0.0846774 0.0989209 0.1137736 0.1212267 
Acrobatidae_Distoechurus_pennatus            0.0626152 0.0990771 0.0722158 0.0765326 0.0821148 0.0912260 0.0608295 0.0720288 0.0727573 0.0692528 0.0677320 0.0964573 0.0976157 0.0627083 0.0366979 0.0938426 0.0897721 0.0939320 0.1021189 0.0845039 0.0647450 0.1604764 0.1386869 0.0924918 0.0759275 0.0816018 0.0615396 0.0739115 0.0321896 0.0831075 0.0000000 0.0668738 0.0810826 0.0945986 0.1049151 
Phalangeridae_Phalanger_carmelitae           0.0525583 0.0910193 0.0620149 0.0702364 0.0769231 0.0841788 0.0256670 0.0164791 0.0648778 0.0689688 0.0132241 0.0923956 0.0934752 0.0049873 0.0547024 0.0899635 0.0823372 0.0907198 0.0941490 0.0757051 0.0665365 0.1497874 0.1318177 0.0899264 0.0668842 0.0737548 0.0594598 0.0630489 0.0438815 0.0846774 0.0668738 0.0000000 0.0708045 0.0875708 0.0992526 
Peramelidae_Peroryctes_raffrayana            0.0756223 0.0704946 0.0787847 0.0724602 0.0830214 0.0785559 0.0714305 0.0774796 0.0764231 0.0110500 0.0708844 0.0907810 0.0870197 0.0671844 0.0749151 0.0888269 0.0776052 0.0855812 0.0114302 0.0895223 0.0790021 0.1307345 0.1250658 0.0863732 0.0745278 0.0772623 0.0716734 0.0746137 0.0738525 0.0989209 0.0810826 0.0708045 0.0000000 0.0798513 0.0140888 
Dasyuridae_Dasyurus_geffroii                 0.0813017 0.0894189 0.0841688 0.0949565 0.0992415 0.0035870 0.0785717 0.0885404 0.0890643 0.0730096 0.0872464 0.0149601 0.0244528 0.0821954 0.0871224 0.0138813 0.0029610 0.0199860 0.1051899 0.1020910 0.0943810 0.1556016 0.1395872 0.0148702 0.0970232 0.0793368 0.0837451 0.0876083 0.0863028 0.1137736 0.0945986 0.0875708 0.0798513 0.0000000 0.1044434 
Peramelidae_Perameles_gunnii                 0.0949382 0.1022246 0.0950350 0.1016007 0.1062881 0.1021967 0.0949840 0.1017522 0.1019835 0.0004528 0.0979059 0.1096723 0.1121368 0.0967826 0.0948016 0.1081117 0.1006833 0.1118676 0.0170975 0.1103375 0.1070010 0.1676113 0.1538168 0.1071652 0.1023534 0.0984739 0.0962895 0.0994119 0.0731366 0.1212267 0.1049151 0.0992526 0.0140888 0.1044434 0.0000000 
