35
Burramyidae_Burramys_parvus                  0.0000000 0.0913368 0.0566861 0.0608298 0.0619670 0.0883340 0.0491865 0.0484645 0.0588320 0.0843627 0.0437991 0.0875835 0.0843095 0.0489577 0.0579306 0.0882064 0.0827613 0.0911164 0.0910186 0.0605067 0.1008893 0.1038394 0.0876496 0.0555333 0.0952249 0.0567956 0.0617229 0.0574581 0.0736779 0.0619661 0.0448314 0.0937659 0.0857066 0.0882217 0.0502599 
Notoryctidae_Notoryctes_typhlops             0.0913368 0.0000000 0.0855781 0.0908920 0.0930222 0.1008188 0.0844252 0.0845960 0.0909645 0.0977539 0.0803136 0.1030018 0.1019900 0.0842087 0.0917135 0.1035444 0.0984150 0.1140559 0.1013236 0.0948309 0.1181968 0.1280405 0.1026324 0.0872948 0.1170753 0.0898949 0.0973560 0.0948875 0.1073723 0.0942510 0.0803646 0.1078288 0.1015799 0.0974326 0.0848742 
Vombatidae_Lasiorhinus_latifrons             0.0566861 0.0855781 0.0000000 0.0660619 0.0671950 0.0846379 0.0544610 0.0517910 0.0635735 0.0809180 0.0471525 0.0885328 0.0878703 0.0508119 0.0579384 0.0890265 0.0815602 0.0882820 0.0819111 0.0657538 0.0985225 0.1078790 0.0864626 0.0578817 0.0948941 0.0596372 0.0683249 0.0586261 0.0727606 0.0633377 0.0492162 0.0894716 0.0844404 0.0817534 0.0539207 
Potoroidae_Bettongia_penicillata             0.0608298 0.0908920 0.0660619 0.0000000 0.0046315 0.0862648 0.0581212 0.0577888 0.0122051 0.0906396 0.0527690 0.0910638 0.0900496 0.0582299 0.0659901 0.0920821 0.0838716 0.0931057 0.0961004 0.0267661 0.1100737 0.1165144 0.0899808 0.0407520 0.1003341 0.0601931 0.0281306 0.0666104 0.0797869 0.0688938 0.0543812 0.1008669 0.0871716 0.0929830 0.0596202 
Potoroidae_Bettongia_lesueur                 0.0619670 0.0930222 0.0671950 0.0046315 0.0000000 0.0891511 0.0592131 0.0588964 0.0131599 0.0932654 0.0538624 0.0940082 0.0929559 0.0593239 0.0662700 0.0950160 0.0867405 0.0958807 0.0987097 0.0264291 0.1133011 0.1176269 0.0929202 0.0417968 0.1029825 0.0613071 0.0277875 0.0684682 0.0817198 0.0692007 0.0547357 0.1043293 0.0900680 0.0955764 0.0601906 
Dasyuridae_Dasyurus_maculatus                0.0883340 0.1008188 0.0846379 0.0862648 0.0891511 0.0000000 0.0823856 0.0822448 0.0863158 0.0968178 0.0756396 0.0233061 0.0288260 0.0814028 0.0895724 0.0248979 0.0093674 0.0319580 0.1001893 0.0922842 0.1171891 0.1252886 0.0239955 0.0837235 0.1152153 0.0897432 0.0942654 0.0869060 0.1057578 0.0947487 0.0775962 0.1062176 0.0081089 0.0970375 0.0841019 
Phalangeridae_Trichosurus_vulpecula          0.0491865 0.0844252 0.0544610 0.0581212 0.0592131 0.0823856 0.0000000 0.0254664 0.0586485 0.0813409 0.0208357 0.0849165 0.0839380 0.0239798 0.0550353 0.0850037 0.0810020 0.0875878 0.0851586 0.0607819 0.0968077 0.1034086 0.0854434 0.0531212 0.0951510 0.0546042 0.0637298 0.0605333 0.0730901 0.0589516 0.0219403 0.0955741 0.0838411 0.0828883 0.0540754 
Phalangeridae_Spilocuscus_maculatus          0.0484645 0.0845960 0.0517910 0.0577888 0.0588964 0.0822448 0.0254664 0.0000000 0.0564911 0.0831124 0.0121139 0.0836343 0.0829832 0.0165658 0.0557836 0.0840631 0.0784503 0.0862359 0.0852867 0.0608282 0.0997938 0.1059607 0.0836524 0.0531909 0.0937806 0.0524084 0.0630693 0.0577662 0.0687436 0.0586764 0.0129540 0.0944093 0.0821023 0.0846235 0.0477948 
Potoroidae_Aepyprymnus_rufescens             0.0588320 0.0909645 0.0635735 0.0122051 0.0131599 0.0863158 0.0586485 0.0564911 0.0000000 0.0916096 0.0511082 0.0907255 0.0893024 0.0568971 0.0646472 0.0917288 0.0835664 0.0927488 0.0952799 0.0240422 0.1094616 0.1158021 0.0896467 0.0385245 0.1004268 0.0588668 0.0247018 0.0665068 0.0790606 0.0678237 0.0531142 0.1016362 0.0868521 0.0930018 0.0605732 
Peramelidae_Perameles_nasuta                 0.0843627 0.0977539 0.0809180 0.0906396 0.0932654 0.0968178 0.0813409 0.0831124 0.0916096 0.0000000 0.0788807 0.1053521 0.0969522 0.0831951 0.0890542 0.1053356 0.0940768 0.1074810 0.0155023 0.0972211 0.1137801 0.1173292 0.1023252 0.0834105 0.1141656 0.0855109 0.0974819 0.0902249 0.1052294 0.0913293 0.0788044 0.0185095 0.0976854 0.0019180 0.0833330 
Phalangeridae_Strigocuscus_pelengensis       0.0437991 0.0803136 0.0471525 0.0527690 0.0538624 0.0756396 0.0208357 0.0121139 0.0511082 0.0788807 0.0000000 0.0792911 0.0771574 0.0100884 0.0514438 0.0793972 0.0719166 0.0803465 0.0820871 0.0557693 0.0924723 0.0988254 0.0789303 0.0492619 0.0895497 0.0503364 0.0583498 0.0531256 0.0653333 0.0554478 0.0062526 0.0920989 0.0755103 0.0797742 0.0449118 
Dasyuridae_Phascogale_tapoatafa              0.0875835 0.1030018 0.0885328 0.0910638 0.0940082 0.0233061 0.0849165 0.0836343 0.0907255 0.1053521 0.0792911 0.0000000 0.0256481 0.0859285 0.0921307 0.0059301 0.0186075 0.0305048 0.1081508 0.0964466 0.1223688 0.1305447 0.0133865 0.0885283 0.1225845 0.0911668 0.0975921 0.0912729 0.1081907 0.0952024 0.0804379 0.1138867 0.0209353 0.1053116 0.0884280 
Dasyuridae_Sminthopsis_macroura              0.0843095 0.1019900 0.0878703 0.0900496 0.0929559 0.0288260 0.0839380 0.0829832 0.0893024 0.0969522 0.0771574 0.0256481 0.0000000 0.0829476 0.0877526 0.0269034 0.0240759 0.0254621 0.1002851 0.0945803 0.1210984 0.1260686 0.0270259 0.0854626 0.1208849 0.0905479 0.0957259 0.0936676 0.1067652 0.0945478 0.0783317 0.1048649 0.0264261 0.0966388 0.0904373 
Phalangeridae_Phalanger_orientalis           0.0489577 0.0842087 0.0508119 0.0582299 0.0593239 0.0814028 0.0239798 0.0165658 0.0568971 0.0831951 0.0100884 0.0859285 0.0829476 0.0000000 0.0533661 0.0850824 0.0784309 0.0868386 0.0861780 0.0597772 0.0980390 0.1047090 0.0856543 0.0513768 0.0917747 0.0539917 0.0623144 0.0570901 0.0687972 0.0579936 0.0052600 0.0961694 0.0820647 0.0847074 0.0494474 
Acrobatidae_Acrobates_pygmaeus               0.0579306 0.0917135 0.0579384 0.0659901 0.0662700 0.0895724 0.0550353 0.0557836 0.0646472 0.0890542 0.0514438 0.0921307 0.0877526 0.0533661 0.0000000 0.0924643 0.0848610 0.0929948 0.0930339 0.0636234 0.1022978 0.1106091 0.0915646 0.0578418 0.1061107 0.0511811 0.0675781 0.0566303 0.0719486 0.0399162 0.0517106 0.1019343 0.0885620 0.0902075 0.0555367 
Dasyuridae_Phascogale_calura                 0.0882064 0.1035444 0.0890265 0.0920821 0.0950160 0.0248979 0.0850037 0.0840631 0.0917288 0.1053356 0.0793972 0.0059301 0.0269034 0.0850824 0.0924643 0.0000000 0.0201903 0.0323795 0.1076538 0.0974655 0.1227164 0.1299919 0.0149633 0.0887054 0.1230041 0.0930207 0.0990291 0.0928554 0.1080079 0.0958345 0.0805394 0.1138718 0.0225218 0.1048292 0.0892729 
Dasyuridae_Sarcophilus_harrisii              0.0827613 0.0984150 0.0815602 0.0838716 0.0867405 0.0093674 0.0810020 0.0784503 0.0835664 0.0940768 0.0719166 0.0186075 0.0240759 0.0784309 0.0848610 0.0201903 0.0000000 0.0258591 0.0979793 0.0889039 0.1137017 0.1207684 0.0199471 0.0803673 0.1120736 0.0863529 0.0908819 0.0852185 0.1008301 0.0891853 0.0738846 0.1041831 0.0068322 0.0943447 0.0839147 
Dasyuridae_Planigale_tenuirostris            0.0911164 0.1140559 0.0882820 0.0931057 0.0958807 0.0319580 0.0875878 0.0862359 0.0927488 0.1074810 0.0803465 0.0305048 0.0254621 0.0868386 0.0929948 0.0323795 0.0258591 0.0000000 0.1102981 0.0988786 0.1215791 0.1343399 0.0301319 0.0931521 0.1245830 0.0942334 0.0992319 0.0932104 0.1129735 0.1011331 0.0830312 0.1131447 0.0284889 0.1065692 0.0883629 
Peramelidae_Echymipera_kalubu                0.0910186 0.1013236 0.0819111 0.0961004 0.0987097 0.1001893 0.0851586 0.0852867 0.0952799 0.0155023 0.0820871 0.1081508 0.1002851 0.0861780 0.0930339 0.1076538 0.0979793 0.1102981 0.0000000 0.1012162 0.1210509 0.1257530 0.1042363 0.0876387 0.1183275 0.0897476 0.1015837 0.0949459 0.1065964 0.0963874 0.0818399 0.0191137 0.1010733 0.0148738 0.0863400 
Macropodidae_Dorcopsulus_vanheurni           0.0605067 0.0948309 0.0657538 0.0267661 0.0264291 0.0922842 0.0607819 0.0608282 0.0240422 0.0972211 0.0557693 0.0964466 0.0945803 0.0597772 0.0636234 0.0974655 0.0889039 0.0988786 0.1012162 0.0000000 0.1159288 0.1195222 0.0952811 0.0421610 0.1043632 0.0631870 0.0099988 0.0670598 0.0785502 0.0691957 0.0569855 0.1056505 0.0922950 0.0984460 0.0616079 
Didelphidae_Didelphis_virginiana             0.1008893 0.1181968 0.0985225 0.1100737 0.1133011 0.1171891 0.0968077 0.0997938 0.1094616 0.1137801 0.0924723 0.1223688 0.1210984 0.0980390 0.1022978 0.1227164 0.1137017 0.1215791 0.1210509 0.1159288 0.0000000 0.0473125 0.1221589 0.0981558 0.1337302 0.0982650 0.1164088 0.1139144 0.1175437 0.1066600 0.0948839 0.1332401 0.1173811 0.1150599 0.1232505 
Marmosidae_Monodelphis_domestica             0.1038394 0.1280405 0.1078790 0.1165144 0.1176269 0.1252886 0.1034086 0.1059607 0.1158021 0.1173292 0.0988254 0.1305447 0.1260686 0.1047090 0.1106091 0.1299919 0.1207684 0.1343399 0.1257530 0.1195222 0.0473125 0.0000000 0.1289230 0.1067012 0.1380538 0.1092211 0.1212119 0.1225323 0.1219339 0.1157866 0.1013387 0.1325648 0.1227558 0.1202376 0.1272183 
Dasyuridae_Antechinus_stuartii               0.0876496 0.1026324 0.0864626 0.0899808 0.0929202 0.0239955 0.0854434 0.0836524 0.0896467 0.1023252 0.0789303 0.0133865 0.0270259 0.0856543 0.0915646 0.0149633 0.0199471 0.0301319 0.1042363 0.0952811 0.1221589 0.1289230 0.0000000 0.0874463 0.1187912 0.0879871 0.0960881 0.0910632 0.1068614 0.0950836 0.0809666 0.1100060 0.0216214 0.1027776 0.0884044 
Hypsiprymnodontidae_Hypsiprymnodon_moschatus 0.0555333 0.0872948 0.0578817 0.0407520 0.0417968 0.0837235 0.0531212 0.0531909 0.0385245 0.0834105 0.0492619 0.0885283 0.0854626 0.0513768 0.0578418 0.0887054 0.0803673 0.0931521 0.0876387 0.0421610 0.0981558 0.1067012 0.0874463 0.0000000 0.0989359 0.0579879 0.0446480 0.0645575 0.0740020 0.0621749 0.0502020 0.0921167 0.0836748 0.0849595 0.0566048 
Microbiotheriidae_Dromiciops_gliroides       0.0952249 0.1170753 0.0948941 0.1003341 0.1029825 0.1152153 0.0951510 0.0937806 0.1004268 0.1141656 0.0895497 0.1225845 0.1208849 0.0917747 0.1061107 0.1230041 0.1120736 0.1245830 0.1183275 0.1043632 0.1337302 0.1380538 0.1187912 0.0989359 0.0000000 0.1020482 0.1027520 0.1006062 0.1212692 0.1074995 0.0881459 0.1239178 0.1150219 0.1167391 0.0721859 
Pseudochiridae_Petauroides_volans            0.0567956 0.0898949 0.0596372 0.0601931 0.0613071 0.0897432 0.0546042 0.0524084 0.0588668 0.0855109 0.0503364 0.0911668 0.0905479 0.0539917 0.0511811 0.0930207 0.0863529 0.0942334 0.0897476 0.0631870 0.0982650 0.1092211 0.0879871 0.0579879 0.1020482 0.0000000 0.0650643 0.0354960 0.0661839 0.0538749 0.0512631 0.0977071 0.0896772 0.0878924 0.0311378 
Macropodidae_Wallabia_bicolor                0.0617229 0.0973560 0.0683249 0.0281306 0.0277875 0.0942654 0.0637298 0.0630693 0.0247018 0.0974819 0.0583498 0.0975921 0.0957259 0.0623144 0.0675781 0.0990291 0.0908819 0.0992319 0.1015837 0.0099988 0.1164088 0.1212119 0.0960881 0.0446480 0.1027520 0.0650643 0.0000000 0.0710223 0.0809715 0.0719207 0.0603309 0.1063115 0.0942765 0.0996503 0.0648606 
Pseudochiridae_Pseudocheirus_occidentalis    0.0574581 0.0948875 0.0586261 0.0666104 0.0684682 0.0869060 0.0605333 0.0577662 0.0665068 0.0902249 0.0531256 0.0912729 0.0936676 0.0570901 0.0566303 0.0928554 0.0852185 0.0932104 0.0949459 0.0670598 0.1139144 0.1225323 0.0910632 0.0645575 0.1006062 0.0354960 0.0710223 0.0000000 0.0645833 0.0591494 0.0547454 0.1024452 0.0877114 0.0910445 0.0183075 
Tarsipedidae_Tarsipes_rostratus              0.0736779 0.1073723 0.0727606 0.0797869 0.0817198 0.1057578 0.0730901 0.0687436 0.0790606 0.1052294 0.0653333 0.1081907 0.1067652 0.0687972 0.0719486 0.1080079 0.1008301 0.1129735 0.1065964 0.0785502 0.1175437 0.1219339 0.1068614 0.0740020 0.1212692 0.0661839 0.0809715 0.0645833 0.0000000 0.0719359 0.0674893 0.1119980 0.1035118 0.1067137 0.0644146 
Acrobatidae_Distoechurus_pennatus            0.0619661 0.0942510 0.0633377 0.0688938 0.0692007 0.0947487 0.0589516 0.0586764 0.0678237 0.0913293 0.0554478 0.0952024 0.0945478 0.0579936 0.0399162 0.0958345 0.0891853 0.1011331 0.0963874 0.0691957 0.1066600 0.1157866 0.0950836 0.0621749 0.1074995 0.0538749 0.0719207 0.0591494 0.0719359 0.0000000 0.0563229 0.1044979 0.0929116 0.0931573 0.0556843 
Phalangeridae_Phalanger_carmelitae           0.0448314 0.0803646 0.0492162 0.0543812 0.0547357 0.0775962 0.0219403 0.0129540 0.0531142 0.0788044 0.0062526 0.0804379 0.0783317 0.0052600 0.0517106 0.0805394 0.0738846 0.0830312 0.0818399 0.0569855 0.0948839 0.1013387 0.0809666 0.0502020 0.0881459 0.0512631 0.0603309 0.0547454 0.0674893 0.0563229 0.0000000 0.0913039 0.0774641 0.0803811 0.0471170 
Peramelidae_Peroryctes_raffrayana            0.0937659 0.1078288 0.0894716 0.1008669 0.1043293 0.1062176 0.0955741 0.0944093 0.1016362 0.0185095 0.0920989 0.1138867 0.1048649 0.0961694 0.1019343 0.1138718 0.1041831 0.1131447 0.0191137 0.1056505 0.1332401 0.1325648 0.1100060 0.0921167 0.1239178 0.0977071 0.1063115 0.1024452 0.1119980 0.1044979 0.0913039 0.0000000 0.1072211 0.0173246 0.0965063 
Dasyuridae_Dasyurus_geffroii                 0.0857066 0.1015799 0.0844404 0.0871716 0.0900680 0.0081089 0.0838411 0.0821023 0.0868521 0.0976854 0.0755103 0.0209353 0.0264261 0.0820647 0.0885620 0.0225218 0.0068322 0.0284889 0.1010733 0.0922950 0.1173811 0.1227558 0.0216214 0.0836748 0.1150219 0.0896772 0.0942765 0.0877114 0.1035118 0.0929116 0.0774641 0.1072211 0.0000000 0.0978896 0.0838608 
Peramelidae_Perameles_gunnii                 0.0882217 0.0974326 0.0817534 0.0929830 0.0955764 0.0970375 0.0828883 0.0846235 0.0930018 0.0019180 0.0797742 0.1053116 0.0966388 0.0847074 0.0902075 0.1048292 0.0943447 0.1065692 0.0148738 0.0984460 0.1150599 0.1202376 0.1027776 0.0849595 0.1167391 0.0878924 0.0996503 0.0910445 0.1067137 0.0931573 0.0803811 0.0173246 0.0978896 0.0000000 0.0838772 
Pseudochiridae_Pseudochirulus_forbesi        0.0502599 0.0848742 0.0539207 0.0596202 0.0601906 0.0841019 0.0540754 0.0477948 0.0605732 0.0833330 0.0449118 0.0884280 0.0904373 0.0494474 0.0555367 0.0892729 0.0839147 0.0883629 0.0863400 0.0616079 0.1232505 0.1272183 0.0884044 0.0566048 0.0721859 0.0311378 0.0648606 0.0183075 0.0644146 0.0556843 0.0471170 0.0965063 0.0838608 0.0838772 0.0000000 
