37
Burramyidae_Burramys_parvus                  0.0000000 0.0395255 0.0278322 0.0301644 0.0304823 0.0364116 0.0204794 0.0234798 0.0305386 0.0381774 0.0202929 0.0326188 0.0349960 0.0214730 0.0308910 0.0344768 0.0311653 0.0397039 0.0298636 0.0301222 0.0422221 0.0446295 0.0315252 0.0297999 0.0271323 0.0289690 0.0278728 0.0314914 0.0303166 0.0220105 0.0383204 0.0332609 0.0383322 0.2301864 0.2301864 0.0354980 0.0353852 
Notoryctidae_Notoryctes_typhlops             0.0395255 0.0000000 0.0345813 0.0403162 0.0410123 0.0389141 0.0328101 0.0381530 0.0413356 0.0399508 0.0323151 0.0330401 0.0351856 0.0347543 0.0425087 0.0368050 0.0326056 0.0405603 0.0408930 0.0370122 0.0423693 0.0455321 0.0320875 0.0412741 0.0349431 0.0397579 0.0357470 0.0399001 0.0391806 0.0355644 0.0400813 0.0356846 0.0403253 0.2874042 0.2874042 0.0394197 0.0396670 
Vombatidae_Lasiorhinus_latifrons             0.0278322 0.0345813 0.0000000 0.0320870 0.0328386 0.0304149 0.0227507 0.0266294 0.0331146 0.0339662 0.0232687 0.0261630 0.0279617 0.0241487 0.0312733 0.0285593 0.0262230 0.0356324 0.0322178 0.0284815 0.0353995 0.0383186 0.0238775 0.0319770 0.0259015 0.0313482 0.0267789 0.0318490 0.0300660 0.0251019 0.0354951 0.0276386 0.0344696 0.2016921 0.2016921 0.0305687 0.0333390 
Potoroidae_Bettongia_penicillata             0.0301644 0.0403162 0.0320870 0.0000000 0.0027972 0.0385776 0.0242271 0.0291211 0.0053221 0.0395162 0.0237176 0.0337750 0.0351257 0.0256167 0.0341283 0.0367651 0.0316421 0.0417021 0.0113944 0.0306307 0.0430056 0.0443758 0.0324498 0.0189300 0.0281789 0.0104528 0.0284800 0.0335085 0.0320495 0.0258014 0.0391587 0.0363097 0.0400221 0.2917166 0.2917166 0.0365348 0.0365955 
Potoroidae_Bettongia_lesueur                 0.0304823 0.0410123 0.0328386 0.0027972 0.0000000 0.0397370 0.0241550 0.0294428 0.0053122 0.0404773 0.0242924 0.0343249 0.0356777 0.0263482 0.0336102 0.0373636 0.0313486 0.0422357 0.0108469 0.0309310 0.0430653 0.0457926 0.0330032 0.0196258 0.0291555 0.0098994 0.0290125 0.0342478 0.0317512 0.0264977 0.0392829 0.0374677 0.0410400 0.2953271 0.2953271 0.0380974 0.0361081 
Dasyuridae_Dasyurus_maculatus                0.0364116 0.0389141 0.0304149 0.0385776 0.0397370 0.0000000 0.0315480 0.0352773 0.0391692 0.0394696 0.0315057 0.0054090 0.0122829 0.0322802 0.0386670 0.0062533 0.0025787 0.0431505 0.0402360 0.0372586 0.0414407 0.0440036 0.0043434 0.0398761 0.0334178 0.0386762 0.0343315 0.0414477 0.0373951 0.0328380 0.0404163 0.0026599 0.0398291 0.2595745 0.2595745 0.0127729 0.0378326 
Phalangeridae_Trichosurus_vulpecula          0.0204794 0.0328101 0.0227507 0.0242271 0.0241550 0.0315480 0.0000000 0.0084888 0.0249635 0.0323841 0.0067851 0.0281721 0.0293759 0.0078664 0.0255249 0.0305639 0.0271971 0.0354739 0.0253079 0.0224822 0.0344264 0.0365329 0.0265018 0.0249023 0.0186149 0.0238142 0.0200140 0.0254460 0.0236362 0.0083704 0.0340926 0.0293536 0.0329309 0.2223087 0.2223087 0.0310814 0.0290148 
Phalangeridae_Spilocuscus_maculatus          0.0234798 0.0381530 0.0266294 0.0291211 0.0294428 0.0352773 0.0084888 0.0000000 0.0295015 0.0368754 0.0054366 0.0317397 0.0323950 0.0055585 0.0301329 0.0320550 0.0292458 0.0398312 0.0303126 0.0263381 0.0398586 0.0410987 0.0298633 0.0296523 0.0230860 0.0285817 0.0236362 0.0292314 0.0275995 0.0068278 0.0381582 0.0330912 0.0374546 0.2388049 0.2388049 0.0348592 0.0352640 
Potoroidae_Aepyprymnus_rufescens             0.0305386 0.0413356 0.0331146 0.0053221 0.0053122 0.0391692 0.0249635 0.0295015 0.0000000 0.0397064 0.0249319 0.0337572 0.0350557 0.0263965 0.0328632 0.0372020 0.0316253 0.0408112 0.0106948 0.0309999 0.0433604 0.0447725 0.0328504 0.0183605 0.0291892 0.0097365 0.0292726 0.0326301 0.0308111 0.0265462 0.0387122 0.0368997 0.0402693 0.2906184 0.2906184 0.0370772 0.0363740 
Peramelidae_Perameles_nasuta                 0.0381774 0.0399508 0.0339662 0.0395162 0.0404773 0.0394696 0.0323841 0.0368754 0.0397064 0.0000000 0.0315510 0.0311986 0.0332713 0.0339125 0.0385478 0.0341211 0.0312298 0.0096540 0.0381613 0.0375523 0.0427432 0.0468052 0.0303151 0.0407407 0.0326174 0.0372878 0.0343639 0.0392036 0.0373143 0.0346788 0.0092213 0.0364999 0.0008210 0.1122780 0.1122780 0.0386480 0.0392462 
Phalangeridae_Strigocuscus_pelengensis       0.0202929 0.0323151 0.0232687 0.0237176 0.0242924 0.0315057 0.0067851 0.0054366 0.0249319 0.0315510 0.0000000 0.0275942 0.0284276 0.0041390 0.0274333 0.0300247 0.0263782 0.0346134 0.0250848 0.0231522 0.0360199 0.0379595 0.0257821 0.0249145 0.0195807 0.0240010 0.0205507 0.0255274 0.0252283 0.0050167 0.0328831 0.0294173 0.0316727 0.2097513 0.2097513 0.0315061 0.0320165 
Dasyuridae_Phascogale_tapoatafa              0.0326188 0.0330401 0.0261630 0.0337750 0.0343249 0.0054090 0.0281721 0.0317397 0.0337572 0.0311986 0.0275942 0.0000000 0.0117789 0.0290880 0.0356648 0.0024339 0.0055840 0.0343249 0.0352199 0.0337034 0.0322906 0.0361168 0.0027753 0.0353637 0.0299302 0.0338246 0.0309362 0.0351355 0.0334999 0.0298729 0.0321329 0.0054086 0.0315795 9.0000000 9.0000000 0.0116180 0.0323691 
Dasyuridae_Sminthopsis_macroura              0.0349960 0.0351856 0.0279617 0.0351257 0.0356777 0.0122829 0.0293759 0.0323950 0.0350557 0.0332713 0.0284276 0.0117789 0.0000000 0.0305626 0.0360303 0.0134163 0.0124620 0.0355639 0.0365464 0.0338674 0.0335894 0.0374562 0.0102928 0.0362480 0.0307373 0.0349329 0.0310593 0.0372331 0.0360092 0.0313527 0.0336064 0.0119093 0.0336536 9.0000000 9.0000000 0.0087570 0.0346623 
Phalangeridae_Phalanger_orientalis           0.0214730 0.0347543 0.0241487 0.0256167 0.0263482 0.0322802 0.0078664 0.0055585 0.0263965 0.0339125 0.0041390 0.0290880 0.0305626 0.0000000 0.0269703 0.0315789 0.0277049 0.0360158 0.0263256 0.0246882 0.0364837 0.0383849 0.0276284 0.0261589 0.0209085 0.0254248 0.0222002 0.0266944 0.0254459 0.0027914 0.0354738 0.0306794 0.0344151 0.2175749 0.2175749 0.0318932 0.0331000 
Acrobatidae_Acrobates_pygmaeus               0.0308910 0.0425087 0.0312733 0.0341283 0.0336102 0.0386670 0.0255249 0.0301329 0.0328632 0.0385478 0.0274333 0.0356648 0.0360303 0.0269703 0.0000000 0.0388411 0.0341668 0.0405364 0.0336376 0.0295345 0.0454735 0.0472401 0.0343150 0.0323744 0.0265519 0.0327440 0.0272290 0.0333277 0.0164241 0.0279055 0.0395615 0.0368296 0.0395440 0.2437009 0.2437009 0.0378957 0.0389475 
Dasyuridae_Phascogale_calura                 0.0344768 0.0368050 0.0285593 0.0367651 0.0373636 0.0062533 0.0305639 0.0320550 0.0372020 0.0341211 0.0300247 0.0024339 0.0134163 0.0315789 0.0388411 0.0000000 0.0064434 0.0373288 0.0383541 0.0357153 0.0350024 0.0393144 0.0035816 0.0386789 0.0313215 0.0366961 0.0326705 0.0382751 0.0361712 0.0324382 0.0347163 0.0062527 0.0345579 9.0000000 9.0000000 0.0129727 0.0359366 
Dasyuridae_Sarcophilus_harrisii              0.0311653 0.0326056 0.0262230 0.0316421 0.0313486 0.0025787 0.0271971 0.0292458 0.0316253 0.0312298 0.0263782 0.0055840 0.0124620 0.0277049 0.0341668 0.0064434 0.0000000 0.0330443 0.0334991 0.0330991 0.0323215 0.0348148 0.0045175 0.0344938 0.0299865 0.0321107 0.0303252 0.0351087 0.0324479 0.0280719 0.0304603 0.0032731 0.0316088 9.0000000 9.0000000 0.0113113 0.0303059 
Peramelidae_Echymipera_kalubu                0.0397039 0.0405603 0.0356324 0.0417021 0.0422357 0.0431505 0.0354739 0.0398312 0.0408112 0.0096540 0.0346134 0.0343249 0.0355639 0.0360158 0.0405364 0.0373288 0.0330443 0.0000000 0.0401236 0.0406562 0.0445211 0.0478870 0.0327609 0.0424759 0.0349955 0.0397128 0.0367875 0.0396189 0.0403483 0.0371837 0.0091790 0.0397319 0.0099929 0.1308578 0.1308578 0.0433623 0.0425748 
Macropodidae_Dorcopsulus_vanheurni           0.0298636 0.0408930 0.0322178 0.0113944 0.0108469 0.0402360 0.0253079 0.0303126 0.0106948 0.0381613 0.0250848 0.0352199 0.0365464 0.0263256 0.0336376 0.0383541 0.0334991 0.0401236 0.0000000 0.0317770 0.0449250 0.0464585 0.0342925 0.0200102 0.0279073 0.0024927 0.0304553 0.0346910 0.0313928 0.0268937 0.0382233 0.0379599 0.0391074 0.2673835 0.2673835 0.0386758 0.0376829 
Pseudochiridae_Pseudochirulus_forbesi        0.0301222 0.0370122 0.0284815 0.0306307 0.0309310 0.0372586 0.0224822 0.0263381 0.0309999 0.0375523 0.0231522 0.0337034 0.0338674 0.0246882 0.0295345 0.0357153 0.0330991 0.0406562 0.0317770 0.0000000 0.0386535 0.0415402 0.0321718 0.0317088 0.0141670 0.0312563 0.0092122 0.0268163 0.0271395 0.0256159 0.0381760 0.0347885 0.0379072 0.2139180 0.2139180 0.0369374 0.0368928 
Didelphidae_Didelphis_virginiana             0.0422221 0.0423693 0.0353995 0.0430056 0.0430653 0.0414407 0.0344264 0.0398586 0.0433604 0.0427432 0.0360199 0.0322906 0.0335894 0.0364837 0.0454735 0.0350024 0.0323215 0.0445211 0.0449250 0.0386535 0.0000000 0.0172772 0.0314740 0.0458461 0.0352698 0.0437907 0.0377622 0.0425145 0.0423856 0.0379889 0.0422977 0.0369824 0.0431012 0.3726406 0.3726406 0.0414896 0.0407768 
Marmosidae_Monodelphis_domestica             0.0446295 0.0455321 0.0383186 0.0443758 0.0457926 0.0440036 0.0365329 0.0410987 0.0447725 0.0468052 0.0379595 0.0361168 0.0374562 0.0383849 0.0472401 0.0393144 0.0348148 0.0478870 0.0464585 0.0415402 0.0172772 0.0000000 0.0344891 0.0475908 0.0374854 0.0453558 0.0391594 0.0437730 0.0440175 0.0394178 0.0460088 0.0403674 0.0478373 0.3862263 0.3862263 0.0431072 0.0427064 
Dasyuridae_Antechinus_stuartii               0.0315252 0.0320875 0.0238775 0.0324498 0.0330032 0.0043434 0.0265018 0.0298633 0.0328504 0.0303151 0.0257821 0.0027753 0.0102928 0.0276284 0.0343150 0.0035816 0.0045175 0.0327609 0.0342925 0.0321718 0.0314740 0.0344891 0.0000000 0.0342441 0.0283983 0.0330516 0.0294118 0.0349927 0.0325820 0.0284129 0.0310263 0.0043430 0.0306904 9.0000000 9.0000000 0.0101624 0.0306471 
Hypsiprymnodontidae_Hypsiprymnodon_moschatus 0.0297999 0.0412741 0.0319770 0.0189300 0.0196258 0.0398761 0.0249023 0.0296523 0.0183605 0.0407407 0.0249145 0.0353637 0.0362480 0.0261589 0.0323744 0.0386789 0.0344938 0.0424759 0.0200102 0.0317088 0.0458461 0.0475908 0.0342441 0.0000000 0.0291521 0.0194729 0.0305794 0.0359488 0.0323459 0.0266950 0.0414502 0.0376358 0.0413269 0.2425101 0.2425101 0.0372865 0.0369758 
Pseudochiridae_Petauroides_volans            0.0271323 0.0349431 0.0259015 0.0281789 0.0291555 0.0334178 0.0186149 0.0230860 0.0291892 0.0326174 0.0195807 0.0299302 0.0307373 0.0209085 0.0265519 0.0313215 0.0299865 0.0349955 0.0279073 0.0141670 0.0352698 0.0374854 0.0283983 0.0291521 0.0000000 0.0270829 0.0121183 0.0217035 0.0247629 0.0218692 0.0342039 0.0309515 0.0331165 0.2305354 0.2305354 0.0325136 0.0336768 
Macropodidae_Wallabia_bicolor                0.0289690 0.0397579 0.0313482 0.0104528 0.0098994 0.0386762 0.0238142 0.0285817 0.0097365 0.0372878 0.0240010 0.0338246 0.0349329 0.0254248 0.0327440 0.0366961 0.0321107 0.0397128 0.0024927 0.0312563 0.0437907 0.0453558 0.0330516 0.0194729 0.0270829 0.0000000 0.0295512 0.0340499 0.0306812 0.0256018 0.0378401 0.0363917 0.0382838 0.2795601 0.2795601 0.0375539 0.0360772 
Pseudochiridae_Pseudocheirus_occidentalis    0.0278728 0.0357470 0.0267789 0.0284800 0.0290125 0.0343315 0.0200140 0.0236362 0.0292726 0.0343639 0.0205507 0.0309362 0.0310593 0.0222002 0.0272290 0.0326705 0.0303252 0.0367875 0.0304553 0.0092122 0.0377622 0.0391594 0.0294118 0.0305794 0.0121183 0.0295512 0.0000000 0.0252914 0.0246816 0.0227426 0.0345469 0.0323003 0.0347352 0.2042876 0.2042876 0.0330060 0.0357144 
Tarsipedidae_Tarsipes_rostratus              0.0314914 0.0399001 0.0318490 0.0335085 0.0342478 0.0414477 0.0254460 0.0292314 0.0326301 0.0392036 0.0255274 0.0351355 0.0372331 0.0266944 0.0333277 0.0382751 0.0351087 0.0396189 0.0346910 0.0268163 0.0425145 0.0437730 0.0349927 0.0359488 0.0217035 0.0340499 0.0252914 0.0000000 0.0302749 0.0276667 0.0401738 0.0389381 0.0397644 0.2750962 0.2750962 0.0412546 0.0399924 
Acrobatidae_Distoechurus_pennatus            0.0303166 0.0391806 0.0300660 0.0320495 0.0317512 0.0373951 0.0236362 0.0275995 0.0308111 0.0373143 0.0252283 0.0334999 0.0360092 0.0254459 0.0164241 0.0361712 0.0324479 0.0403483 0.0313928 0.0271395 0.0423856 0.0440175 0.0325820 0.0323459 0.0247629 0.0306812 0.0246816 0.0302749 0.0000000 0.0259818 0.0385123 0.0355656 0.0378649 0.2395657 0.2395657 0.0382448 0.0381989 
Phalangeridae_Phalanger_carmelitae           0.0220105 0.0355644 0.0251019 0.0258014 0.0264977 0.0328380 0.0083704 0.0068278 0.0265462 0.0346788 0.0050167 0.0298729 0.0313527 0.0027914 0.0279055 0.0324382 0.0280719 0.0371837 0.0268937 0.0256159 0.0379889 0.0394178 0.0284129 0.0266950 0.0218692 0.0256018 0.0227426 0.0276667 0.0259818 0.0000000 0.0362563 0.0316405 0.0352293 0.2175749 0.2175749 0.0321663 0.0337846 
Peramelidae_Peroryctes_raffrayana            0.0383204 0.0400813 0.0354951 0.0391587 0.0392829 0.0404163 0.0340926 0.0381582 0.0387122 0.0092213 0.0328831 0.0321329 0.0336064 0.0354738 0.0395615 0.0347163 0.0304603 0.0091790 0.0382233 0.0381760 0.0422977 0.0460088 0.0310263 0.0414502 0.0342039 0.0378401 0.0345469 0.0401738 0.0385123 0.0362563 0.0000000 0.0369842 0.0092094 0.1375605 0.1375605 0.0390353 0.0395865 
Dasyuridae_Dasyurus_geffroii                 0.0332609 0.0356846 0.0276386 0.0363097 0.0374677 0.0026599 0.0293536 0.0330912 0.0368997 0.0364999 0.0294173 0.0054086 0.0119093 0.0306794 0.0368296 0.0062527 0.0032731 0.0397319 0.0379599 0.0347885 0.0369824 0.0403674 0.0043430 0.0376358 0.0309515 0.0363917 0.0323003 0.0389381 0.0355656 0.0316405 0.0369842 0.0000000 0.0368601 0.2120671 0.2120671 0.0126189 0.0350448 
Peramelidae_Perameles_gunnii                 0.0383322 0.0403253 0.0344696 0.0400221 0.0410400 0.0398291 0.0329309 0.0374546 0.0402693 0.0008210 0.0316727 0.0315795 0.0336536 0.0344151 0.0395440 0.0345579 0.0316088 0.0099929 0.0391074 0.0379072 0.0431012 0.0478373 0.0306904 0.0413269 0.0331165 0.0382838 0.0347352 0.0397644 0.0378649 0.0352293 0.0092094 0.0368601 0.0000000 0.1114698 0.1114698 0.0390385 0.0397921 
Thylacomyidae_Macrotis_lagotis1              0.2301864 0.2874042 0.2016921 0.2917166 0.2953271 0.2595745 0.2223087 0.2388049 0.2906184 0.1122780 0.2097513 9.0000000 9.0000000 0.2175749 0.2437009 9.0000000 9.0000000 0.1308578 0.2673835 0.2139180 0.3726406 0.3862263 9.0000000 0.2425101 0.2305354 0.2795601 0.2042876 0.2750962 0.2395657 0.2175749 0.1375605 0.2120671 0.1114698 0.0000000 0.0000010 0.2379499 0.2659895 
Thylacomyidae_Macrotis_lagotis2              0.2301864 0.2874042 0.2016921 0.2917166 0.2953271 0.2595745 0.2223087 0.2388049 0.2906184 0.1122780 0.2097513 9.0000000 9.0000000 0.2175749 0.2437009 9.0000000 9.0000000 0.1308578 0.2673835 0.2139180 0.3726406 0.3862263 9.0000000 0.2425101 0.2305354 0.2795601 0.2042876 0.2750962 0.2395657 0.2175749 0.1375605 0.2120671 0.1114698 0.0000010 0.0000000 0.2379499 0.2659895 
Dasyuridae_Planigale_tenuirostris            0.0354980 0.0394197 0.0305687 0.0365348 0.0380974 0.0127729 0.0310814 0.0348592 0.0370772 0.0386480 0.0315061 0.0116180 0.0087570 0.0318932 0.0378957 0.0129727 0.0113113 0.0433623 0.0386758 0.0369374 0.0414896 0.0431072 0.0101624 0.0372865 0.0325136 0.0375539 0.0330060 0.0412546 0.0382448 0.0321663 0.0390353 0.0126189 0.0390385 0.2379499 0.2379499 0.0000000 0.0329927 
Microbiotheriidae_Dromiciops_gliroides       0.0353852 0.0396670 0.0333390 0.0365955 0.0361081 0.0378326 0.0290148 0.0352640 0.0363740 0.0392462 0.0320165 0.0323691 0.0346623 0.0331000 0.0389475 0.0359366 0.0303059 0.0425748 0.0376829 0.0368928 0.0407768 0.0427064 0.0306471 0.0369758 0.0336768 0.0360772 0.0357144 0.0399924 0.0381989 0.0337846 0.0395865 0.0350448 0.0397921 0.2659895 0.2659895 0.0329927 0.0000000 
