35
Burramyidae_Burramys_parvus                  0.0000000 0.0736122 0.0669829 0.0580484 0.0601206 0.1115568 0.0428629 0.0395781 0.1044509 0.0459545 0.0996783 0.0421171 0.0466967 0.1048278 0.1057205 0.0868622 0.0973875 0.0487948 0.1159177 0.0913057 0.0914577 0.0544088 0.0753912 0.0441943 0.0527570 0.0500460 0.0666869 0.0518374 0.0425835 0.1021180 0.1093159 0.0756898 0.0622438 0.1238790 0.0522696 
Notoryctidae_Notoryctes_typhlops             0.0736122 0.0000000 0.0823512 0.0937193 0.0932554 0.1136200 0.0802476 0.0803677 0.1037554 0.0866784 0.0977544 0.0755202 0.0742627 0.1019239 0.1097562 0.0845819 0.0958264 0.0788855 0.1046515 0.0914868 0.0914524 0.0840874 0.0837200 0.0740958 0.0818965 0.0727902 0.0993487 0.0784466 0.0773463 0.0983942 0.1117936 0.0815488 0.0907302 0.1209226 0.0809285 
Vombatidae_Lasiorhinus_latifrons             0.0669829 0.0823512 0.0000000 0.0803322 0.0823416 0.0980149 0.0645091 0.0615546 0.1046338 0.0608752 0.0846155 0.0615369 0.0647587 0.0951429 0.0927432 0.0784136 0.0992766 0.0681910 0.1223252 0.1081643 0.0823164 0.0741404 0.0689280 0.0673448 0.0717746 0.0707683 0.0959135 0.0734520 0.0613066 0.1004748 0.0958985 0.0899240 0.0866939 0.1059326 0.0777567 
Potoroidae_Bettongia_penicillata             0.0580484 0.0937193 0.0803322 0.0000000 0.0030662 0.1228986 0.0548253 0.0545068 0.1188424 0.0568204 0.1132581 0.0549778 0.0586045 0.1138826 0.1178589 0.0972195 0.1114421 0.0188163 0.1197000 0.0963836 0.0975245 0.0366610 0.0861327 0.0605843 0.0217532 0.0667180 0.0883343 0.0677422 0.0559477 0.1175142 0.1197884 0.0844358 0.0112270 0.1327901 0.0704334 
Potoroidae_Bettongia_lesueur                 0.0601206 0.0932554 0.0823416 0.0030662 0.0000000 0.1234048 0.0554570 0.0551296 0.1164086 0.0568093 0.1130046 0.0566636 0.0603273 0.1135263 0.1183388 0.0954597 0.1092651 0.0183689 0.1214575 0.0958741 0.0970206 0.0362277 0.0844568 0.0604934 0.0213037 0.0643628 0.0879396 0.0678130 0.0576216 0.1146056 0.1202791 0.0826484 0.0117783 0.1322160 0.0689146 
Dasyuridae_Dasyurus_maculatus                0.1115568 0.1136200 0.0980149 0.1228986 0.1234048 0.0000000 0.1112290 0.1054143 0.1324558 0.1043349 0.0389811 0.1073352 0.1070907 0.0223742 0.0104566 0.0372394 0.1286357 0.1112077 0.1511065 0.1299007 0.0137674 0.1131875 0.1006792 0.1049056 0.1130989 0.1062401 0.1253271 0.1141121 0.1076961 0.1342774 0.0067387 0.1081195 0.1304793 0.0250699 0.1163685 
Phalangeridae_Trichosurus_vulpecula          0.0428629 0.0802476 0.0645091 0.0548253 0.0554570 0.1112290 0.0000000 0.0162345 0.1026015 0.0222024 0.1013676 0.0195791 0.0430290 0.1000131 0.1046512 0.0856826 0.0938454 0.0462291 0.1088413 0.0855279 0.0905275 0.0560714 0.0703353 0.0435606 0.0483575 0.0492863 0.0672432 0.0506264 0.0195475 0.0996284 0.1076882 0.0676918 0.0608921 0.1191463 0.0556833 
Phalangeridae_Spilocuscus_maculatus          0.0395781 0.0803677 0.0615546 0.0545068 0.0551296 0.1054143 0.0162345 0.0000000 0.0989810 0.0118246 0.0948131 0.0089625 0.0428558 0.0960636 0.0990689 0.0819092 0.0894550 0.0446085 0.1044474 0.0829160 0.0863384 0.0541126 0.0677670 0.0428818 0.0466969 0.0486228 0.0691123 0.0498551 0.0089492 0.0965488 0.1020194 0.0641981 0.0611444 0.1159407 0.0524800 
Peramelidae_Perameles_nasuta                 0.1044509 0.1037554 0.1046338 0.1188424 0.1164086 0.1324558 0.1026015 0.0989810 0.0000000 0.1045703 0.1317694 0.0967484 0.0999196 0.1226051 0.1301890 0.1127050 0.0176078 0.1065930 0.1109939 0.0965908 0.1165227 0.1088301 0.1046168 0.1102342 0.1076013 0.1080595 0.1211472 0.1124540 0.0968337 0.0226425 0.1318103 0.0018087 0.1244781 0.1474605 0.1205298 
Phalangeridae_Strigocuscus_pelengensis       0.0459545 0.0866784 0.0608752 0.0568204 0.0568093 0.1043349 0.0222024 0.0118246 0.1045703 0.0000000 0.0923898 0.0117815 0.0469504 0.1066467 0.0974846 0.0894805 0.0965387 0.0500802 0.1158613 0.0956711 0.0983814 0.0579786 0.0748445 0.0486400 0.0529537 0.0531711 0.0775721 0.0548340 0.0122416 0.1025896 0.1014943 0.0692807 0.0623659 0.1119024 0.0560193 
Dasyuridae_Sminthopsis_macroura              0.0996783 0.0977544 0.0846155 0.1132581 0.1130046 0.0389811 0.1013676 0.0948131 0.1317694 0.0923898 0.0000000 0.0993797 0.0983439 0.0373344 0.0341790 0.0209407 0.1219156 0.0998468 0.1507109 0.1283273 0.0293802 0.1035686 0.0863183 0.1014026 0.1031788 0.0987616 0.1275421 0.1023275 0.0997561 0.1298202 0.0348154 0.1138453 0.1201908 0.0405537 0.1095944 
Phalangeridae_Phalanger_orientalis           0.0421171 0.0755202 0.0615369 0.0549778 0.0566636 0.1073352 0.0195791 0.0089625 0.0967484 0.0117815 0.0993797 0.0000000 0.0406660 0.0999002 0.1021772 0.0850186 0.0892052 0.0470973 0.1020131 0.0781210 0.0897764 0.0562276 0.0706127 0.0428346 0.0492017 0.0479981 0.0684214 0.0487516 0.0026401 0.0933211 0.1051513 0.0621027 0.0590581 0.1203110 0.0512337 
Acrobatidae_Acrobates_pygmaeus               0.0466967 0.0742627 0.0647587 0.0586045 0.0603273 0.1070907 0.0430290 0.0428558 0.0999196 0.0469504 0.0983439 0.0406660 0.0000000 0.0993235 0.1037887 0.0872963 0.0916817 0.0485345 0.1101103 0.0890181 0.0918754 0.0547888 0.0719745 0.0411960 0.0518313 0.0464277 0.0623418 0.0261057 0.0411338 0.0960317 0.1061220 0.0709145 0.0607274 0.1164424 0.0498721 
Dasyuridae_Phascogale_calura                 0.1048278 0.1019239 0.0951429 0.1138826 0.1135263 0.0223742 0.1000131 0.0960636 0.1226051 0.1066467 0.0373344 0.0999002 0.0993235 0.0000000 0.0198048 0.0340379 0.1140859 0.1028612 0.1287517 0.1089059 0.0061608 0.1051970 0.0924078 0.0985270 0.1061610 0.0945505 0.1209075 0.1036458 0.0995164 0.1228634 0.0198605 0.0932231 0.1201683 0.0087368 0.1091640 
Dasyuridae_Sarcophilus_harrisii              0.1057205 0.1097562 0.0927432 0.1178589 0.1183388 0.0104566 0.1046512 0.0990689 0.1301890 0.0974846 0.0341790 0.1021772 0.1037887 0.0198048 0.0000000 0.0315429 0.1228035 0.1059766 0.1426577 0.1236113 0.0118422 0.1083496 0.0930298 0.1018173 0.1063807 0.0997624 0.1197600 0.1079853 0.1025471 0.1331023 0.0081194 0.1058995 0.1264807 0.0215350 0.1127669 
Dasyuridae_Planigale_tenuirostris            0.0868622 0.0845819 0.0784136 0.0972195 0.0954597 0.0372394 0.0856826 0.0819092 0.1127050 0.0894805 0.0209407 0.0850186 0.0872963 0.0340379 0.0315429 0.0000000 0.1045736 0.0846893 0.1189219 0.0967025 0.0262486 0.0889255 0.0774127 0.0893076 0.0873062 0.0845827 0.1116870 0.0875906 0.0846879 0.1113871 0.0339052 0.0881282 0.1086330 0.0399800 0.0977745 
Peramelidae_Echymipera_kalubu                0.0973875 0.0958264 0.0992766 0.1114421 0.1092651 0.1286357 0.0938454 0.0894550 0.0176078 0.0965387 0.1219156 0.0892052 0.0916817 0.1140859 0.1228035 0.1045736 0.0000000 0.0977039 0.1070791 0.0904108 0.1057868 0.1037529 0.0953716 0.1042372 0.0986996 0.1013479 0.1136406 0.1053255 0.0892818 0.0196364 0.1264748 0.0139399 0.1149841 0.1354889 0.1126339 
Macropodidae_Dorcopsulus_vanheurni           0.0487948 0.0788855 0.0681910 0.0188163 0.0183689 0.1112077 0.0462291 0.0446085 0.1065930 0.0500802 0.0998468 0.0470973 0.0485345 0.1028612 0.1059766 0.0846893 0.0977039 0.0000000 0.1021227 0.0834078 0.0914775 0.0286331 0.0711976 0.0515257 0.0071066 0.0520674 0.0768458 0.0557734 0.0470103 0.1040818 0.1077912 0.0733378 0.0229102 0.1199283 0.0587094 
Didelphidae_Didelphis_virginiana             0.1159177 0.1046515 0.1223252 0.1197000 0.1214575 0.1511065 0.1088413 0.1044474 0.1109939 0.1158613 0.1507109 0.1020131 0.1101103 0.1287517 0.1426577 0.1189219 0.1070791 0.1021227 0.0000000 0.0514799 0.1260858 0.1107697 0.1106241 0.1112078 0.1083039 0.1122071 0.1260910 0.1076497 0.1058696 0.1033617 0.1447770 0.1117520 0.1129330 0.1489771 0.1120773 
Marmosidae_Monodelphis_domestica             0.0913057 0.0914868 0.1081643 0.0963836 0.0958741 0.1299007 0.0855279 0.0829160 0.0965908 0.0956711 0.1283273 0.0781210 0.0890181 0.1089059 0.1236113 0.0967025 0.0904108 0.0834078 0.0514799 0.0000000 0.1010439 0.0960045 0.0922898 0.0968902 0.0881057 0.0954110 0.1073622 0.0894001 0.0816213 0.0934794 0.1240425 0.0969872 0.0880415 0.1261099 0.0894373 
Dasyuridae_Antechinus_stuartii               0.0914577 0.0914524 0.0823164 0.0975245 0.0970206 0.0137674 0.0905275 0.0863384 0.1165227 0.0983814 0.0293802 0.0897764 0.0918754 0.0061608 0.0118422 0.0262486 0.1057868 0.0914775 0.1260858 0.1010439 0.0000000 0.0955828 0.0846332 0.0864465 0.0947082 0.0804266 0.1018358 0.0939656 0.0904112 0.1195943 0.0125008 0.0964791 0.1052667 0.0083719 0.0935806 
Hypsiprymnodontidae_Hypsiprymnodon_moschatus 0.0544088 0.0840874 0.0741404 0.0366610 0.0362277 0.1131875 0.0560714 0.0541126 0.1088301 0.0579786 0.1035686 0.0562276 0.0547888 0.1051970 0.1083496 0.0889255 0.1037529 0.0286331 0.1107697 0.0960045 0.0955828 0.0000000 0.0765023 0.0588247 0.0296357 0.0604676 0.0827041 0.0612561 0.0550617 0.1090144 0.1109919 0.0745943 0.0395479 0.1261021 0.0665582 
Microbiotheriidae_Dromiciops_gliroides       0.0753912 0.0837200 0.0689280 0.0861327 0.0844568 0.1006792 0.0703353 0.0677670 0.1046168 0.0748445 0.0863183 0.0706127 0.0719745 0.0924078 0.0930298 0.0774127 0.0953716 0.0711976 0.1106241 0.0922898 0.0846332 0.0765023 0.0000000 0.0751611 0.0741749 0.0763137 0.0983948 0.0827715 0.0704769 0.1031788 0.0971462 0.0788447 0.0929557 0.1059161 0.0859232 
Pseudochiridae_Petauroides_volans            0.0441943 0.0740958 0.0673448 0.0605843 0.0604934 0.1049056 0.0435606 0.0428818 0.1102342 0.0486400 0.1014026 0.0428346 0.0411960 0.0985270 0.1018173 0.0893076 0.1042372 0.0515257 0.1112078 0.0968902 0.0864465 0.0588247 0.0751611 0.0000000 0.0537037 0.0262984 0.0541722 0.0492816 0.0433030 0.1091805 0.1054056 0.0802641 0.0626138 0.1164577 0.0271667 
Macropodidae_Wallabia_bicolor                0.0527570 0.0818965 0.0717746 0.0217532 0.0213037 0.1130989 0.0483575 0.0466969 0.1076013 0.0529537 0.1031788 0.0492017 0.0518313 0.1061610 0.1063807 0.0873062 0.0986996 0.0071066 0.1083039 0.0881057 0.0947082 0.0296357 0.0741749 0.0537037 0.0000000 0.0558726 0.0766726 0.0579647 0.0491100 0.1052195 0.1096711 0.0707585 0.0275729 0.1210023 0.0613836 
Pseudochiridae_Pseudocheirus_occidentalis    0.0500460 0.0727902 0.0707683 0.0667180 0.0643628 0.1062401 0.0492863 0.0486228 0.1080595 0.0531711 0.0987616 0.0479981 0.0464277 0.0945505 0.0997624 0.0845827 0.1013479 0.0520674 0.1122071 0.0954110 0.0804266 0.0604676 0.0763137 0.0262984 0.0558726 0.0000000 0.0584272 0.0537097 0.0480455 0.1035711 0.1046244 0.0705267 0.0679996 0.1105455 0.0148720 
Tarsipedidae_Tarsipes_rostratus              0.0666869 0.0993487 0.0959135 0.0883343 0.0879396 0.1253271 0.0672432 0.0691123 0.1211472 0.0775721 0.1275421 0.0684214 0.0623418 0.1209075 0.1197600 0.1116870 0.1136406 0.0768458 0.1260910 0.1073622 0.1018358 0.0827041 0.0983948 0.0541722 0.0766726 0.0584272 0.0000000 0.0664439 0.0688912 0.1178423 0.1255268 0.0900668 0.0923849 0.1361242 0.0620503 
Acrobatidae_Distoechurus_pennatus            0.0518374 0.0784466 0.0734520 0.0677422 0.0678130 0.1141121 0.0506264 0.0498551 0.1124540 0.0548340 0.1023275 0.0487516 0.0261057 0.1036458 0.1079853 0.0875906 0.1053255 0.0557734 0.1076497 0.0894001 0.0939656 0.0612561 0.0827715 0.0492816 0.0579647 0.0537097 0.0664439 0.0000000 0.0492186 0.1114787 0.1143578 0.0796953 0.0745165 0.1239399 0.0581991 
Phalangeridae_Phalanger_carmelitae           0.0425835 0.0773463 0.0613066 0.0559477 0.0576216 0.1076961 0.0195475 0.0089492 0.0968337 0.0122416 0.0997561 0.0026401 0.0411338 0.0995164 0.1025471 0.0846879 0.0892818 0.0470103 0.1058696 0.0816213 0.0904112 0.0550617 0.0704769 0.0433030 0.0491100 0.0480455 0.0688912 0.0492186 0.0000000 0.0952892 0.1055159 0.0631572 0.0601562 0.1197769 0.0511915 
Peramelidae_Peroryctes_raffrayana            0.1021180 0.0983942 0.1004748 0.1175142 0.1146056 0.1342774 0.0996284 0.0965488 0.0226425 0.1025896 0.1298202 0.0933211 0.0960317 0.1228634 0.1331023 0.1113871 0.0196364 0.1040818 0.1033617 0.0934794 0.1195943 0.1090144 0.1031788 0.1091805 0.1052195 0.1035711 0.1178423 0.1114787 0.0952892 0.0000000 0.1347410 0.0140690 0.1215070 0.1464974 0.1136123 
Dasyuridae_Dasyurus_geffroii                 0.1093159 0.1117936 0.0958985 0.1197884 0.1202791 0.0067387 0.1076882 0.1020194 0.1318103 0.1014943 0.0348154 0.1051513 0.1061220 0.0198605 0.0081194 0.0339052 0.1264748 0.1077912 0.1447770 0.1240425 0.0125008 0.1109919 0.0971462 0.1054056 0.1096711 0.1046244 0.1255268 0.1143578 0.1055159 0.1347410 0.0000000 0.1076022 0.1286323 0.0221596 0.1169269 
Peramelidae_Perameles_gunnii                 0.0756898 0.0815488 0.0899240 0.0844358 0.0826484 0.1081195 0.0676918 0.0641981 0.0018087 0.0692807 0.1138453 0.0621027 0.0709145 0.0932231 0.1058995 0.0881282 0.0139399 0.0733378 0.1117520 0.0969872 0.0964791 0.0745943 0.0788447 0.0802641 0.0707585 0.0705267 0.0900668 0.0796953 0.0631572 0.0140690 0.1076022 0.0000000 0.0838829 0.1182919 0.0706145 
Potoroidae_Aepyprymnus_rufescens             0.0622438 0.0907302 0.0866939 0.0112270 0.0117783 0.1304793 0.0608921 0.0611444 0.1244781 0.0623659 0.1201908 0.0590581 0.0607274 0.1201683 0.1264807 0.1086330 0.1149841 0.0229102 0.1129330 0.0880415 0.1052667 0.0395479 0.0929557 0.0626138 0.0275729 0.0679996 0.0923849 0.0745165 0.0601562 0.1215070 0.1286323 0.0838829 0.0000000 0.1342377 0.0710185 
Dasyuridae_Phascogale_tapoatafa              0.1238790 0.1209226 0.1059326 0.1327901 0.1322160 0.0250699 0.1191463 0.1159407 0.1474605 0.1119024 0.0405537 0.1203110 0.1164424 0.0087368 0.0215350 0.0399800 0.1354889 0.1199283 0.1489771 0.1261099 0.0083719 0.1261021 0.1059161 0.1164577 0.1210023 0.1105455 0.1361242 0.1239399 0.1197769 0.1464974 0.0221596 0.1182919 0.1342377 0.0000000 0.1181351 
Pseudochiridae_Pseudochirulus_forbesi        0.0522696 0.0809285 0.0777567 0.0704334 0.0689146 0.1163685 0.0556833 0.0524800 0.1205298 0.0560193 0.1095944 0.0512337 0.0498721 0.1091640 0.1127669 0.0977745 0.1126339 0.0587094 0.1120773 0.0894373 0.0935806 0.0665582 0.0859232 0.0271667 0.0613836 0.0148720 0.0620503 0.0581991 0.0511915 0.1136123 0.1169269 0.0706145 0.0710185 0.1181351 0.0000000 
