37
Burramyidae_Burramys_parvus                  0.0000000 0.0540939 0.0324212 0.0369817 0.0384131 0.0504384 0.0246069 0.0278144 0.0348447 0.0537405 0.0259286 0.0495356 0.0506212 0.0296030 0.0329640 0.0516638 0.0502560 0.0471716 0.0479158 0.0394452 0.0446863 0.0621872 0.0546533 0.0463043 0.0346161 0.0369271 0.0339123 0.0387087 0.0371615 0.0470217 0.0379871 0.0274333 0.0512400 0.0523185 0.0552745 0.0809870 0.0809870 
Notoryctidae_Notoryctes_typhlops             0.0540939 0.0000000 0.0485457 0.0591407 0.0596257 0.0639426 0.0465402 0.0518094 0.0582071 0.0608496 0.0493854 0.0606996 0.0620253 0.0533895 0.0555966 0.0617418 0.0662518 0.0550217 0.0591113 0.0591110 0.0645590 0.0738311 0.0704660 0.0614860 0.0578817 0.0529938 0.0520850 0.0583779 0.0550867 0.0657306 0.0622501 0.0497343 0.0614606 0.0665002 0.0642195 0.1110343 0.1110343 
Vombatidae_Lasiorhinus_latifrons             0.0324212 0.0485457 0.0000000 0.0416203 0.0419946 0.0435463 0.0282492 0.0308883 0.0368446 0.0516835 0.0308675 0.0411631 0.0430105 0.0347297 0.0370524 0.0421602 0.0433322 0.0409652 0.0489066 0.0408933 0.0461055 0.0591230 0.0541837 0.0414280 0.0356813 0.0370664 0.0308800 0.0393932 0.0365842 0.0510063 0.0410032 0.0331918 0.0475151 0.0446649 0.0532291 0.0008017 0.0008017 
Potoroidae_Bettongia_penicillata             0.0369817 0.0591407 0.0416203 0.0000000 0.0017819 0.0562406 0.0342284 0.0348362 0.0054517 0.0641162 0.0370238 0.0540769 0.0543965 0.0394116 0.0386409 0.0550483 0.0568294 0.0508890 0.0614789 0.0191039 0.0514743 0.0763481 0.0686740 0.0537368 0.0257373 0.0434409 0.0383027 0.0165343 0.0455076 0.0536690 0.0452013 0.0371376 0.0614434 0.0581612 0.0638108 0.0848106 0.0848106 
Potoroidae_Bettongia_lesueur                 0.0384131 0.0596257 0.0419946 0.0017819 0.0000000 0.0561812 0.0346034 0.0355531 0.0069642 0.0652007 0.0374280 0.0540962 0.0544159 0.0401668 0.0401419 0.0550679 0.0568501 0.0513913 0.0619600 0.0204839 0.0521964 0.0774722 0.0689857 0.0537785 0.0271534 0.0430744 0.0390287 0.0178785 0.0459303 0.0540951 0.0467281 0.0378702 0.0618242 0.0581824 0.0638347 0.0771352 0.0771352 
Dasyuridae_Dasyurus_maculatus                0.0504384 0.0639426 0.0435463 0.0562406 0.0561812 0.0000000 0.0461066 0.0476246 0.0547511 0.0647414 0.0478395 0.0078261 0.0108764 0.0516812 0.0521681 0.0083613 0.0023269 0.0160383 0.0607887 0.0570638 0.0609082 0.0743091 0.0681869 0.0082973 0.0542413 0.0542930 0.0493639 0.0559562 0.0497999 0.0638563 0.0564364 0.0492487 0.0623878 0.0014737 0.0646310 0.0653317 0.0653317 
Phalangeridae_Trichosurus_vulpecula          0.0246069 0.0465402 0.0282492 0.0342284 0.0346034 0.0461066 0.0000000 0.0107714 0.0304142 0.0504141 0.0127387 0.0451669 0.0452317 0.0139057 0.0300381 0.0465503 0.0462104 0.0408524 0.0474043 0.0353126 0.0402202 0.0591920 0.0526590 0.0440245 0.0299051 0.0326354 0.0292299 0.0338410 0.0336535 0.0412940 0.0357506 0.0122864 0.0484388 0.0471602 0.0506368 0.0753570 0.0753570 
Phalangeridae_Spilocuscus_maculatus          0.0278144 0.0518094 0.0308883 0.0348362 0.0355531 0.0476246 0.0107714 0.0000000 0.0309559 0.0560312 0.0079573 0.0476000 0.0481955 0.0080798 0.0308497 0.0489854 0.0489400 0.0414213 0.0513966 0.0366300 0.0446554 0.0644249 0.0586310 0.0464163 0.0326018 0.0362262 0.0300149 0.0354794 0.0371230 0.0415341 0.0367039 0.0064531 0.0539368 0.0494849 0.0551069 0.0835217 0.0835217 
Potoroidae_Aepyprymnus_rufescens             0.0348447 0.0582071 0.0368446 0.0054517 0.0069642 0.0547511 0.0304142 0.0309559 0.0000000 0.0642252 0.0330923 0.0526028 0.0537287 0.0348383 0.0375631 0.0535783 0.0549418 0.0496305 0.0606022 0.0167679 0.0493088 0.0755681 0.0683438 0.0522728 0.0233353 0.0424022 0.0361669 0.0149078 0.0416095 0.0498460 0.0423023 0.0325997 0.0611516 0.0566664 0.0634613 0.0771352 0.0771352 
Peramelidae_Perameles_nasuta                 0.0537405 0.0608496 0.0516835 0.0641162 0.0652007 0.0647414 0.0504141 0.0560312 0.0642252 0.0000000 0.0533713 0.0644370 0.0642153 0.0553014 0.0544693 0.0641164 0.0649419 0.0634828 0.0099270 0.0671802 0.0650872 0.0764147 0.0744948 0.0619551 0.0612954 0.0544010 0.0547415 0.0649848 0.0594255 0.0703655 0.0642189 0.0533962 0.0104604 0.0670326 0.0005763 0.0655831 0.0655831 
Phalangeridae_Strigocuscus_pelengensis       0.0259286 0.0493854 0.0308675 0.0370238 0.0374280 0.0478395 0.0127387 0.0079573 0.0330923 0.0533713 0.0000000 0.0478324 0.0479687 0.0089057 0.0327654 0.0491140 0.0487203 0.0428581 0.0496445 0.0385323 0.0455604 0.0645048 0.0601984 0.0469408 0.0326131 0.0372667 0.0325074 0.0380727 0.0352742 0.0432852 0.0380557 0.0074970 0.0509118 0.0496500 0.0533526 0.0686803 0.0686803 
Dasyuridae_Phascogale_tapoatafa              0.0495356 0.0606996 0.0411631 0.0540769 0.0540962 0.0078261 0.0451669 0.0476000 0.0526028 0.0644370 0.0478324 0.0000000 0.0096428 0.0511953 0.0507757 0.0003505 0.0079552 0.0142864 0.0606244 0.0548573 0.0604117 0.0719631 0.0645692 0.0045439 0.0529116 0.0505970 0.0485310 0.0542389 0.0500941 0.0646690 0.0547182 0.0491222 0.0626230 0.0083294 0.0644503 0.0635248 0.0635248 
Dasyuridae_Sminthopsis_macroura              0.0506212 0.0620253 0.0430105 0.0543965 0.0544159 0.0108764 0.0452317 0.0481955 0.0537287 0.0642153 0.0479687 0.0096428 0.0000000 0.0514530 0.0511108 0.0102071 0.0116555 0.0112016 0.0617362 0.0559887 0.0607882 0.0719180 0.0649415 0.0117707 0.0528682 0.0518945 0.0481690 0.0557812 0.0506005 0.0658228 0.0546765 0.0497640 0.0643869 0.0117783 0.0647496 0.0673057 0.0673057 
Phalangeridae_Phalanger_orientalis           0.0296030 0.0533895 0.0347297 0.0394116 0.0401668 0.0516812 0.0139057 0.0080798 0.0348383 0.0553014 0.0089057 0.0511953 0.0514530 0.0000000 0.0337252 0.0525660 0.0525559 0.0441294 0.0530403 0.0390553 0.0466664 0.0663245 0.0606994 0.0502815 0.0350256 0.0399883 0.0332959 0.0379685 0.0385493 0.0456308 0.0394553 0.0027778 0.0551931 0.0531518 0.0561537 0.0596184 0.0596184 
Acrobatidae_Acrobates_pygmaeus               0.0329640 0.0555966 0.0370524 0.0386409 0.0401419 0.0521681 0.0300381 0.0308497 0.0375631 0.0544693 0.0327654 0.0507757 0.0511108 0.0337252 0.0000000 0.0517762 0.0531038 0.0441820 0.0515036 0.0416657 0.0414739 0.0648198 0.0596607 0.0486124 0.0362158 0.0424085 0.0319282 0.0396830 0.0329893 0.0433482 0.0189243 0.0322362 0.0567362 0.0540267 0.0554867 0.1010970 0.1010970 
Dasyuridae_Phascogale_calura                 0.0516638 0.0617418 0.0421602 0.0550483 0.0550679 0.0083613 0.0465503 0.0489854 0.0535783 0.0641164 0.0491140 0.0003505 0.0102071 0.0525660 0.0517762 0.0000000 0.0085140 0.0146184 0.0612200 0.0558274 0.0622014 0.0716902 0.0651287 0.0050409 0.0542777 0.0514003 0.0495672 0.0552193 0.0513491 0.0656740 0.0560984 0.0508684 0.0625645 0.0086675 0.0645998 0.0600038 0.0600038 
Dasyuridae_Sarcophilus_harrisii              0.0502560 0.0662518 0.0433322 0.0568294 0.0568501 0.0023269 0.0462104 0.0489400 0.0549418 0.0649419 0.0487203 0.0079552 0.0116555 0.0525559 0.0531038 0.0085140 0.0000000 0.0163758 0.0609546 0.0584525 0.0611497 0.0740016 0.0689006 0.0088703 0.0548186 0.0537171 0.0496002 0.0574299 0.0505200 0.0644497 0.0566532 0.0501321 0.0621880 0.0027545 0.0647985 0.0546350 0.0546350 
Dasyuridae_Planigale_tenuirostris            0.0471716 0.0550217 0.0409652 0.0508890 0.0513913 0.0160383 0.0408524 0.0414213 0.0496305 0.0634828 0.0428581 0.0142864 0.0112016 0.0441294 0.0441820 0.0146184 0.0163758 0.0000000 0.0593921 0.0513807 0.0542864 0.0689465 0.0646669 0.0146996 0.0497680 0.0463129 0.0422962 0.0504124 0.0431274 0.0583190 0.0512147 0.0415976 0.0612378 0.0160462 0.0604593 9.0000000 9.0000000 
Peramelidae_Echymipera_kalubu                0.0479158 0.0591113 0.0489066 0.0614789 0.0619600 0.0607887 0.0474043 0.0513966 0.0606022 0.0099270 0.0496445 0.0606244 0.0617362 0.0530403 0.0515036 0.0612200 0.0609546 0.0593921 0.0000000 0.0632032 0.0622514 0.0707769 0.0676270 0.0593777 0.0563306 0.0521334 0.0508898 0.0613257 0.0545104 0.0679922 0.0584694 0.0509300 0.0067262 0.0631462 0.0091562 0.0595605 0.0595605 
Macropodidae_Dorcopsulus_vanheurni           0.0394452 0.0591110 0.0408933 0.0191039 0.0204839 0.0570638 0.0353126 0.0366300 0.0167679 0.0671802 0.0385323 0.0548573 0.0559887 0.0390553 0.0416657 0.0558274 0.0584525 0.0513807 0.0632032 0.0000000 0.0522171 0.0749443 0.0686435 0.0553528 0.0264587 0.0445278 0.0371437 0.0042916 0.0446712 0.0545243 0.0449226 0.0375161 0.0628852 0.0594506 0.0662839 0.0928331 0.0928331 
Pseudochiridae_Pseudochirulus_forbesi        0.0446863 0.0645590 0.0461055 0.0514743 0.0521964 0.0609082 0.0402202 0.0446554 0.0493088 0.0650872 0.0455604 0.0604117 0.0607882 0.0466664 0.0414739 0.0622014 0.0611497 0.0542864 0.0622514 0.0522171 0.0000000 0.0741773 0.0659733 0.0604054 0.0471372 0.0544005 0.0206118 0.0507608 0.0110921 0.0526313 0.0469082 0.0442824 0.0644001 0.0625512 0.0674149 0.1119398 0.1119398 
Didelphidae_Didelphis_virginiana             0.0621872 0.0738311 0.0591230 0.0763481 0.0774722 0.0743091 0.0591920 0.0644249 0.0755681 0.0764147 0.0645048 0.0719631 0.0719180 0.0663245 0.0648198 0.0716902 0.0740016 0.0689465 0.0707769 0.0749443 0.0741773 0.0000000 0.0163055 0.0723352 0.0686014 0.0632627 0.0637678 0.0753429 0.0683882 0.0790799 0.0726484 0.0641082 0.0737760 0.0755582 0.0762463 0.0914929 0.0914929 
Marmosidae_Monodelphis_domestica             0.0546533 0.0704660 0.0541837 0.0686740 0.0689857 0.0681869 0.0526590 0.0586310 0.0683438 0.0744948 0.0601984 0.0645692 0.0649415 0.0606994 0.0596607 0.0651287 0.0689006 0.0646669 0.0676270 0.0686435 0.0659733 0.0163055 0.0000000 0.0656021 0.0630412 0.0583730 0.0592675 0.0688626 0.0604554 0.0722297 0.0661487 0.0585543 0.0698464 0.0702911 0.0740068 0.0851762 0.0851762 
Dasyuridae_Antechinus_stuartii               0.0463043 0.0614860 0.0414280 0.0537368 0.0537785 0.0082973 0.0440245 0.0464163 0.0522728 0.0619551 0.0469408 0.0045439 0.0117707 0.0502815 0.0486124 0.0050409 0.0088703 0.0146996 0.0593777 0.0553528 0.0604054 0.0723352 0.0656021 0.0000000 0.0526718 0.0505268 0.0475793 0.0542019 0.0503473 0.0615581 0.0530523 0.0478792 0.0601299 0.0094754 0.0624226 0.0648172 0.0648172 
Hypsiprymnodontidae_Hypsiprymnodon_moschatus 0.0346161 0.0578817 0.0356813 0.0257373 0.0271534 0.0542413 0.0299051 0.0326018 0.0233353 0.0612954 0.0326131 0.0529116 0.0528682 0.0350256 0.0362158 0.0542777 0.0548186 0.0497680 0.0563306 0.0264587 0.0471372 0.0686014 0.0630412 0.0526718 0.0000000 0.0402857 0.0366506 0.0256451 0.0400172 0.0479204 0.0398118 0.0342224 0.0585664 0.0552722 0.0606006 0.0848106 0.0848106 
Microbiotheriidae_Dromiciops_gliroides       0.0369271 0.0529938 0.0370664 0.0434409 0.0430744 0.0542930 0.0326354 0.0362262 0.0424022 0.0544010 0.0372667 0.0505970 0.0518945 0.0399883 0.0424085 0.0514003 0.0537171 0.0463129 0.0521334 0.0445278 0.0544005 0.0632627 0.0583730 0.0505268 0.0402857 0.0000000 0.0405906 0.0434144 0.0445056 0.0561471 0.0464711 0.0384148 0.0546136 0.0555295 0.0548059 0.0874020 0.0874020 
Pseudochiridae_Petauroides_volans            0.0339123 0.0520850 0.0308800 0.0383027 0.0390287 0.0493639 0.0292299 0.0300149 0.0361669 0.0547415 0.0325074 0.0485310 0.0481690 0.0332959 0.0319282 0.0495672 0.0496002 0.0422962 0.0508898 0.0371437 0.0206118 0.0637678 0.0592675 0.0475793 0.0366506 0.0405906 0.0000000 0.0367055 0.0135739 0.0379474 0.0367758 0.0321033 0.0526728 0.0505999 0.0569048 0.0767106 0.0767106 
Macropodidae_Wallabia_bicolor                0.0387087 0.0583779 0.0393932 0.0165343 0.0178785 0.0559562 0.0338410 0.0354794 0.0149078 0.0649848 0.0380727 0.0542389 0.0557812 0.0379685 0.0396830 0.0552193 0.0574299 0.0504124 0.0613257 0.0042916 0.0507608 0.0753429 0.0688626 0.0542019 0.0256451 0.0434144 0.0367055 0.0000000 0.0449581 0.0513666 0.0438096 0.0364103 0.0611135 0.0587756 0.0640826 0.1011849 0.1011849 
Pseudochiridae_Pseudocheirus_occidentalis    0.0371615 0.0550867 0.0365842 0.0455076 0.0459303 0.0497999 0.0336535 0.0371230 0.0416095 0.0594255 0.0352742 0.0500941 0.0506005 0.0385493 0.0329893 0.0513491 0.0505200 0.0431274 0.0545104 0.0446712 0.0110921 0.0683882 0.0604554 0.0503473 0.0400172 0.0445056 0.0135739 0.0449581 0.0000000 0.0426243 0.0398307 0.0349247 0.0551872 0.0521623 0.0607536 0.1357083 0.1357083 
Tarsipedidae_Tarsipes_rostratus              0.0470217 0.0657306 0.0510063 0.0536690 0.0540951 0.0638563 0.0412940 0.0415341 0.0498460 0.0703655 0.0432852 0.0646690 0.0658228 0.0456308 0.0433482 0.0656740 0.0644497 0.0583190 0.0679922 0.0545243 0.0526313 0.0790799 0.0722297 0.0615581 0.0479204 0.0561471 0.0379474 0.0513666 0.0426243 0.0000000 0.0520344 0.0443972 0.0663604 0.0653163 0.0724639 0.0965025 0.0965025 
Acrobatidae_Distoechurus_pennatus            0.0379871 0.0622501 0.0410032 0.0452013 0.0467281 0.0564364 0.0357506 0.0367039 0.0423023 0.0642189 0.0380557 0.0547182 0.0546765 0.0394553 0.0189243 0.0560984 0.0566532 0.0512147 0.0584694 0.0449226 0.0469082 0.0726484 0.0661487 0.0530523 0.0398118 0.0464711 0.0367758 0.0438096 0.0398307 0.0520344 0.0000000 0.0379502 0.0625405 0.0579636 0.0639976 0.0810397 0.0810397 
Phalangeridae_Phalanger_carmelitae           0.0274333 0.0497343 0.0331918 0.0371376 0.0378702 0.0492487 0.0122864 0.0064531 0.0325997 0.0533962 0.0074970 0.0491222 0.0497640 0.0027778 0.0322362 0.0508684 0.0501321 0.0415976 0.0509300 0.0375161 0.0442824 0.0641082 0.0585543 0.0478792 0.0342224 0.0384148 0.0321033 0.0364103 0.0349247 0.0443972 0.0379502 0.0000000 0.0520571 0.0514429 0.0536581 0.0737298 0.0737298 
Peramelidae_Peroryctes_raffrayana            0.0512400 0.0614606 0.0475151 0.0614434 0.0618242 0.0623878 0.0484388 0.0539368 0.0611516 0.0104604 0.0509118 0.0626230 0.0643869 0.0551931 0.0567362 0.0625645 0.0621880 0.0612378 0.0067262 0.0628852 0.0644001 0.0737760 0.0698464 0.0601299 0.0585664 0.0546136 0.0526728 0.0611135 0.0551872 0.0663604 0.0625405 0.0520571 0.0000000 0.0650012 0.0105227 0.0437832 0.0437832 
Dasyuridae_Dasyurus_geffroii                 0.0523185 0.0665002 0.0446649 0.0581612 0.0581824 0.0014737 0.0471602 0.0494849 0.0566664 0.0670326 0.0496500 0.0083294 0.0117783 0.0531518 0.0540267 0.0086675 0.0027545 0.0160462 0.0631462 0.0594506 0.0625512 0.0755582 0.0702911 0.0094754 0.0552722 0.0555295 0.0505999 0.0587756 0.0521623 0.0653163 0.0579636 0.0514429 0.0650012 0.0000000 0.0669991 0.0558023 0.0558023 
Peramelidae_Perameles_gunnii                 0.0552745 0.0642195 0.0532291 0.0638108 0.0638347 0.0646310 0.0506368 0.0551069 0.0634613 0.0005763 0.0533526 0.0644503 0.0647496 0.0561537 0.0554867 0.0645998 0.0647985 0.0604593 0.0091562 0.0662839 0.0674149 0.0762463 0.0740068 0.0624226 0.0606006 0.0548059 0.0569048 0.0640826 0.0607536 0.0724639 0.0639976 0.0536581 0.0105227 0.0669991 0.0000000 0.0665109 0.0665109 
Vombatidae_Vombatus_ursinus1                 0.0809870 0.1110343 0.0008017 0.0848106 0.0771352 0.0653317 0.0753570 0.0835217 0.0771352 0.0655831 0.0686803 0.0635248 0.0673057 0.0596184 0.1010970 0.0600038 0.0546350 9.0000000 0.0595605 0.0928331 0.1119398 0.0914929 0.0851762 0.0648172 0.0848106 0.0874020 0.0767106 0.1011849 0.1357083 0.0965025 0.0810397 0.0737298 0.0437832 0.0558023 0.0665109 0.0000000 0.0000010 
Vombatidae_Vombatus_ursinus2                 0.0809870 0.1110343 0.0008017 0.0848106 0.0771352 0.0653317 0.0753570 0.0835217 0.0771352 0.0655831 0.0686803 0.0635248 0.0673057 0.0596184 0.1010970 0.0600038 0.0546350 9.0000000 0.0595605 0.0928331 0.1119398 0.0914929 0.0851762 0.0648172 0.0848106 0.0874020 0.0767106 0.1011849 0.1357083 0.0965025 0.0810397 0.0737298 0.0437832 0.0558023 0.0665109 0.0000010 0.0000000 
