37
Burramyidae_Burramys_parvus                  0.0000000 0.1259117 0.0818459 0.0840301 0.0836190 0.1250056 0.0625685 0.0698389 0.0846602 0.1275304 0.0691404 0.1231825 0.1298675 0.0692180 0.1244359 0.1233325 0.1182987 0.1252988 0.0806191 0.0904898 0.1233580 0.0842842 0.0865926 0.0784739 0.0847654 0.1205000 0.0725674 0.0706145 0.1356862 0.1243660 0.1290697 0.0599404 0.1423294 0.1343377 0.0720229 0.1674696 0.1674696 
Notoryctidae_Notoryctes_typhlops             0.1259117 0.0000000 0.1378780 0.1462353 0.1461785 0.1577691 0.1281347 0.1215011 0.1456345 0.1557416 0.1223037 0.1571131 0.1621255 0.1234130 0.1561749 0.1588720 0.1522065 0.1590617 0.1400645 0.1373424 0.1551222 0.1482978 0.1204425 0.1360435 0.1364632 0.1816213 0.1286327 0.1241699 0.1612015 0.1549890 0.1561860 0.1133123 0.1724880 0.1548415 0.1140460 0.1706511 0.1706511 
Vombatidae_Lasiorhinus_latifrons             0.0818459 0.1378780 0.0000000 0.1023803 0.1015134 0.1300265 0.0785686 0.0790536 0.1049008 0.1318464 0.0826040 0.1254511 0.1262849 0.0820375 0.1254373 0.1288016 0.1202795 0.1320338 0.0983281 0.1000318 0.1233426 0.1082256 0.0982443 0.0961564 0.0947946 0.1316706 0.0906422 0.0825201 0.1388108 0.1268733 0.1325960 0.0734455 0.1556303 0.1408651 0.0703956 0.1344272 0.1344272 
Potoroidae_Bettongia_penicillata             0.0840301 0.1462353 0.1023803 0.0000000 0.0033616 0.1471113 0.0852637 0.0909719 0.0215081 0.1398167 0.0906657 0.1445088 0.1487951 0.0898777 0.1446437 0.1463828 0.1376504 0.1425260 0.0356501 0.1030037 0.1426623 0.0560173 0.1057981 0.0364317 0.0973960 0.1462051 0.0896538 0.0900412 0.1467613 0.1485289 0.1415069 0.0735597 0.1605188 0.1445857 0.0775231 0.1707791 0.1707791 
Potoroidae_Bettongia_lesueur                 0.0836190 0.1461785 0.1015134 0.0033616 0.0000000 0.1465746 0.0852247 0.0912139 0.0217881 0.1383006 0.0909547 0.1446339 0.1489142 0.0901205 0.1447690 0.1467062 0.1377970 0.1418297 0.0368473 0.1024027 0.1419302 0.0566662 0.1058123 0.0376474 0.0961199 0.1438896 0.0900042 0.0910062 0.1451337 0.1479895 0.1399782 0.0734711 0.1604211 0.1455555 0.0773530 0.1707791 0.1707791 
Dasyuridae_Dasyurus_maculatus                0.1250056 0.1577691 0.1300265 0.1471113 0.1465746 0.0000000 0.1306883 0.1303311 0.1432547 0.1434504 0.1314431 0.0327047 0.0497041 0.1290714 0.0334191 0.0158562 0.0464804 0.1494127 0.1449839 0.1400756 0.0328257 0.1504199 0.1258141 0.1443502 0.1391143 0.1653583 0.1330835 0.1283199 0.1525310 0.0116042 0.1429523 0.1252482 0.1813742 0.1717119 0.1310239 0.0585899 0.0585899 
Phalangeridae_Trichosurus_vulpecula          0.0625685 0.1281347 0.0785686 0.0852637 0.0852247 0.1306883 0.0000000 0.0329937 0.0832905 0.1348877 0.0334124 0.1267713 0.1287225 0.0327408 0.1273540 0.1287088 0.1220278 0.1345410 0.0822212 0.0841572 0.1254732 0.0865375 0.0899980 0.0830821 0.0779386 0.1226929 0.0741761 0.0324156 0.1416062 0.1288471 0.1366019 0.0651850 0.1401696 0.1336318 0.0697968 0.1500002 0.1500002 
Phalangeridae_Spilocuscus_maculatus          0.0698389 0.1215011 0.0790536 0.0909719 0.0912139 0.1303311 0.0329937 0.0000000 0.0902029 0.1254566 0.0215448 0.1243840 0.1282228 0.0193896 0.1249338 0.1267713 0.1189683 0.1255706 0.0876301 0.0892275 0.1247603 0.0905888 0.0899548 0.0870587 0.0838983 0.1260855 0.0770039 0.0185479 0.1316810 0.1290191 0.1270484 0.0665213 0.1476702 0.1356235 0.0714109 0.1461560 0.1461560 
Potoroidae_Aepyprymnus_rufescens             0.0846602 0.1456345 0.1049008 0.0215081 0.0217881 0.1432547 0.0832905 0.0902029 0.0000000 0.1379085 0.0902184 0.1430679 0.1466636 0.0898950 0.1431967 0.1428171 0.1348840 0.1406949 0.0343392 0.0992700 0.1406538 0.0555150 0.1066925 0.0348331 0.0936422 0.1435323 0.0886272 0.0907775 0.1435614 0.1450135 0.1395789 0.0765433 0.1669479 0.1503493 0.0816098 0.1733549 0.1733549 
Peramelidae_Perameles_nasuta                 0.1275304 0.1557416 0.1318464 0.1398167 0.1383006 0.1434504 0.1348877 0.1254566 0.1379085 0.0000000 0.1280524 0.1417624 0.1446715 0.1257738 0.1425951 0.1414736 0.1384379 0.0220045 0.1318100 0.1390934 0.1383863 0.1474321 0.1306751 0.1351584 0.1337253 0.1617542 0.1283366 0.1274263 0.0299004 0.1412710 0.0007837 0.1313136 0.1868486 0.1666783 0.1360054 0.1372035 0.1372035 
Phalangeridae_Strigocuscus_pelengensis       0.0691404 0.1223037 0.0826040 0.0906657 0.0909547 0.1314431 0.0334124 0.0215448 0.0902184 0.1280524 0.0000000 0.1243964 0.1312213 0.0178829 0.1254315 0.1319091 0.1224149 0.1298725 0.0862135 0.0885505 0.1252016 0.0912553 0.0925104 0.0856538 0.0843198 0.1265551 0.0739185 0.0173208 0.1344748 0.1310489 0.1294920 0.0633008 0.1502550 0.1355087 0.0713072 0.1592822 0.1592822 
Dasyuridae_Phascogale_tapoatafa              0.1231825 0.1571131 0.1254511 0.1445088 0.1446339 0.0327047 0.1267713 0.1243840 0.1430679 0.1417624 0.1243964 0.0000000 0.0440698 0.1258108 0.0048081 0.0286723 0.0397959 0.1448040 0.1404151 0.1363606 0.0135453 0.1445974 0.1220905 0.1364903 0.1353409 0.1633769 0.1291497 0.1246131 0.1476820 0.0306155 0.1403889 0.1190945 0.1794253 0.1627369 0.1317160 0.0373527 0.0373527 
Dasyuridae_Sminthopsis_macroura              0.1298675 0.1621255 0.1262849 0.1487951 0.1489142 0.0497041 0.1287225 0.1282228 0.1466636 0.1446715 0.1312213 0.0440698 0.0000000 0.1273956 0.0438759 0.0510424 0.0297919 0.1449624 0.1415771 0.1445728 0.0442223 0.1504576 0.1295635 0.1398235 0.1453846 0.1691682 0.1343351 0.1270717 0.1496000 0.0487697 0.1427452 0.1275746 0.1774945 0.1695404 0.1294794 0.0514411 0.0514411 
Phalangeridae_Phalanger_orientalis           0.0692180 0.1234130 0.0820375 0.0898777 0.0901205 0.1290714 0.0327408 0.0193896 0.0898950 0.1257738 0.0178829 0.1258108 0.1273956 0.0000000 0.1263676 0.1282157 0.1195921 0.1264424 0.0859106 0.0897095 0.1233838 0.0916823 0.0909956 0.0853565 0.0855640 0.1268063 0.0760880 0.0071209 0.1320528 0.1286707 0.1273754 0.0635168 0.1453019 0.1342398 0.0687075 0.1469216 0.1469216 
Dasyuridae_Phascogale_calura                 0.1244359 0.1561749 0.1254373 0.1446437 0.1447690 0.0334191 0.1273540 0.1249338 0.1431967 0.1425951 0.1254315 0.0048081 0.0438759 0.1263676 0.0000000 0.0290720 0.0397676 0.1460186 0.1409781 0.1383614 0.0132800 0.1452726 0.1242200 0.1370372 0.1368690 0.1656591 0.1289548 0.1256133 0.1485426 0.0313181 0.1412175 0.1197734 0.1793278 0.1624051 0.1360319 0.0325992 0.0325992 
Dasyuridae_Sarcophilus_harrisii              0.1233325 0.1588720 0.1288016 0.1463828 0.1467062 0.0158562 0.1287088 0.1267713 0.1428171 0.1414736 0.1319091 0.0286723 0.0510424 0.1282157 0.0290720 0.0000000 0.0443805 0.1431164 0.1434991 0.1385680 0.0291255 0.1465669 0.1225404 0.1413922 0.1359131 0.1680531 0.1303181 0.1270853 0.1479192 0.0152975 0.1408276 0.1263306 0.1812698 0.1703500 0.1236532 0.0524847 0.0524847 
Dasyuridae_Planigale_tenuirostris            0.1182987 0.1522065 0.1202795 0.1376504 0.1377970 0.0464804 0.1220278 0.1189683 0.1348840 0.1384379 0.1224149 0.0397959 0.0297919 0.1195921 0.0397676 0.0443805 0.0000000 0.1412811 0.1352222 0.1315002 0.0406933 0.1428668 0.1177374 0.1321993 0.1326757 0.1611643 0.1248443 0.1181093 0.1466212 0.0460649 0.1379459 0.1108505 0.1723978 0.1589985 0.1155854 0.0437249 0.0437249 
Peramelidae_Echymipera_kalubu                0.1252988 0.1590617 0.1320338 0.1425260 0.1418297 0.1494127 0.1345410 0.1255706 0.1406949 0.0220045 0.1298725 0.1448040 0.1449624 0.1264424 0.1460186 0.1431164 0.1412811 0.0000000 0.1365673 0.1396421 0.1444665 0.1493303 0.1285907 0.1381481 0.1347240 0.1595521 0.1279231 0.1292729 0.0261493 0.1455731 0.0223301 0.1321788 0.1767038 0.1632052 0.1405292 0.1375044 0.1375044 
Macropodidae_Dorcopsulus_vanheurni           0.0806191 0.1400645 0.0983281 0.0356501 0.0368473 0.1449839 0.0822212 0.0876301 0.0343392 0.1318100 0.0862135 0.1404151 0.1415771 0.0859106 0.1409781 0.1434991 0.1352222 0.1365673 0.0000000 0.0984817 0.1396128 0.0507267 0.1036432 0.0120248 0.0936413 0.1366344 0.0856447 0.0863874 0.1386715 0.1443041 0.1333133 0.0780097 0.1682849 0.1538575 0.0803926 0.1635890 0.1635890 
Pseudochiridae_Pseudochirulus_forbesi        0.0904898 0.1373424 0.1000318 0.1030037 0.1024027 0.1400756 0.0841572 0.0892275 0.0992700 0.1390934 0.0885505 0.1363606 0.1445728 0.0897095 0.1383614 0.1385680 0.1315002 0.1396421 0.0984817 0.0000000 0.1387264 0.1045891 0.1061574 0.0976491 0.0293328 0.1212665 0.0885518 0.0913760 0.1457241 0.1374915 0.1407767 0.0720317 0.1600977 0.1464164 0.0452900 0.1559177 0.1559177 
Dasyuridae_Antechinus_stuartii               0.1233580 0.1551222 0.1233426 0.1426623 0.1419302 0.0328257 0.1254732 0.1247603 0.1406538 0.1383863 0.1252016 0.0135453 0.0442223 0.1233838 0.0132800 0.0291255 0.0406933 0.1444665 0.1396128 0.1387264 0.0000000 0.1444068 0.1267841 0.1374193 0.1377875 0.1673941 0.1284605 0.1231545 0.1483965 0.0316027 0.1371969 0.1238511 0.1796105 0.1656956 0.1289470 0.0369921 0.0369921 
Hypsiprymnodontidae_Hypsiprymnodon_moschatus 0.0842842 0.1482978 0.1082256 0.0560173 0.0566662 0.1504199 0.0865375 0.0905888 0.0555150 0.1474321 0.0912553 0.1445974 0.1504576 0.0916823 0.1452726 0.1465669 0.1428668 0.1493303 0.0507267 0.1045891 0.1444068 0.0000000 0.1109922 0.0519706 0.1017082 0.1463540 0.0927479 0.0929432 0.1551334 0.1500233 0.1491777 0.0820069 0.1677194 0.1575070 0.0934817 0.1643824 0.1643824 
Microbiotheriidae_Dromiciops_gliroides       0.0865926 0.1204425 0.0982443 0.1057981 0.1058123 0.1258141 0.0899980 0.0899548 0.1066925 0.1306751 0.0925104 0.1220905 0.1295635 0.0909956 0.1242200 0.1225404 0.1177374 0.1285907 0.1036432 0.1061574 0.1267841 0.1109922 0.0000000 0.1040355 0.1018033 0.1337508 0.0926301 0.0917702 0.1353696 0.1243176 0.1313433 0.0832577 0.1403651 0.1295463 0.0835517 0.1455644 0.1455644 
Macropodidae_Wallabia_bicolor                0.0784739 0.1360435 0.0961564 0.0364317 0.0376474 0.1443502 0.0830821 0.0870587 0.0348331 0.1351584 0.0856538 0.1364903 0.1398235 0.0853565 0.1370372 0.1413922 0.1321993 0.1381481 0.0120248 0.0976491 0.1374193 0.0519706 0.1040355 0.0000000 0.0934530 0.1368090 0.0870186 0.0869399 0.1416128 0.1419614 0.1368324 0.0774271 0.1620929 0.1468149 0.0829185 0.1562228 0.1562228 
Pseudochiridae_Pseudocheirus_occidentalis    0.0847654 0.1364632 0.0947946 0.0973960 0.0961199 0.1391143 0.0779386 0.0838983 0.0936422 0.1337253 0.0843198 0.1353409 0.1453846 0.0855640 0.1368690 0.1359131 0.1326757 0.1347240 0.0936413 0.0293328 0.1377875 0.1017082 0.1018033 0.0934530 0.0000000 0.1186514 0.0847156 0.0863235 0.1384292 0.1365273 0.1353758 0.0705609 0.1617298 0.1461302 0.0399236 0.1570308 0.1570308 
Tarsipedidae_Tarsipes_rostratus              0.1205000 0.1816213 0.1316706 0.1462051 0.1438896 0.1653583 0.1226929 0.1260855 0.1435323 0.1617542 0.1265551 0.1633769 0.1691682 0.1268063 0.1656591 0.1680531 0.1611643 0.1595521 0.1366344 0.1212665 0.1673941 0.1463540 0.1337508 0.1368090 0.1186514 0.0000000 0.1261291 0.1286602 0.1677769 0.1653296 0.1616559 0.1159490 0.1968282 0.1725312 0.1030022 0.1479761 0.1479761 
Acrobatidae_Distoechurus_pennatus            0.0725674 0.1286327 0.0906422 0.0896538 0.0900042 0.1330835 0.0741761 0.0770039 0.0886272 0.1283366 0.0739185 0.1291497 0.1343351 0.0760880 0.1289548 0.1303181 0.1248443 0.1279231 0.0856447 0.0885518 0.1284605 0.0927479 0.0926301 0.0870186 0.0847156 0.1261291 0.0000000 0.0760875 0.1338170 0.1316662 0.1286701 0.0425660 0.1377902 0.1294029 0.0683612 0.1607521 0.1607521 
Phalangeridae_Phalanger_carmelitae           0.0706145 0.1241699 0.0825201 0.0900412 0.0910062 0.1283199 0.0324156 0.0185479 0.0907775 0.1274263 0.0173208 0.1246131 0.1270717 0.0071209 0.1256133 0.1270853 0.1181093 0.1292729 0.0863874 0.0913760 0.1231545 0.0929432 0.0917702 0.0869399 0.0863235 0.1286602 0.0760875 0.0000000 0.1337298 0.1279198 0.1290385 0.0667341 0.1475431 0.1344985 0.0691842 0.1504401 0.1504401 
Peramelidae_Peroryctes_raffrayana            0.1356862 0.1612015 0.1388108 0.1467613 0.1451337 0.1525310 0.1416062 0.1316810 0.1435614 0.0299004 0.1344748 0.1476820 0.1496000 0.1320528 0.1485426 0.1479192 0.1466212 0.0261493 0.1386715 0.1457241 0.1483965 0.1551334 0.1353696 0.1416128 0.1384292 0.1677769 0.1338170 0.1337298 0.0000000 0.1491569 0.0296631 0.1330404 0.1759083 0.1665372 0.1335218 0.1472879 0.1472879 
Dasyuridae_Dasyurus_geffroii                 0.1243660 0.1549890 0.1268733 0.1485289 0.1479895 0.0116042 0.1288471 0.1290191 0.1450135 0.1412710 0.1310489 0.0306155 0.0487697 0.1286707 0.0313181 0.0152975 0.0460649 0.1455731 0.1443041 0.1374915 0.0316027 0.1500233 0.1243176 0.1419614 0.1365273 0.1653296 0.1316662 0.1279198 0.1491569 0.0000000 0.1398979 0.1252333 0.1823309 0.1700082 0.1253263 0.0530809 0.0530809 
Peramelidae_Perameles_gunnii                 0.1290697 0.1561860 0.1325960 0.1415069 0.1399782 0.1429523 0.1366019 0.1270484 0.1395789 0.0007837 0.1294920 0.1403889 0.1427452 0.1273754 0.1412175 0.1408276 0.1379459 0.0223301 0.1333133 0.1407767 0.1371969 0.1491777 0.1313433 0.1368324 0.1353758 0.1616559 0.1286701 0.1290385 0.0296631 0.1398979 0.0000000 0.1329931 0.1863026 0.1669368 0.1357189 0.1357659 0.1357659 
Acrobatidae_Acrobates_pygmaeus               0.0599404 0.1133123 0.0734455 0.0735597 0.0734711 0.1252482 0.0651850 0.0665213 0.0765433 0.1313136 0.0633008 0.1190945 0.1275746 0.0635168 0.1197734 0.1263306 0.1108505 0.1321788 0.0780097 0.0720317 0.1238511 0.0820069 0.0832577 0.0774271 0.0705609 0.1159490 0.0425660 0.0667341 0.1330404 0.1252333 0.1329931 0.0000000 0.1445171 0.1317260 0.0576246 0.1500037 0.1500037 
Didelphidae_Didelphis_virginiana             0.1423294 0.1724880 0.1556303 0.1605188 0.1604211 0.1813742 0.1401696 0.1476702 0.1669479 0.1868486 0.1502550 0.1794253 0.1774945 0.1453019 0.1793278 0.1812698 0.1723978 0.1767038 0.1682849 0.1600977 0.1796105 0.1677194 0.1403651 0.1620929 0.1617298 0.1968282 0.1377902 0.1475431 0.1759083 0.1823309 0.1863026 0.1445171 0.0000000 0.0669704 0.1632969 0.1788399 0.1788399 
Marmosidae_Monodelphis_domestica             0.1343377 0.1548415 0.1408651 0.1445857 0.1455555 0.1717119 0.1336318 0.1356235 0.1503493 0.1666783 0.1355087 0.1627369 0.1695404 0.1342398 0.1624051 0.1703500 0.1589985 0.1632052 0.1538575 0.1464164 0.1656956 0.1575070 0.1295463 0.1468149 0.1461302 0.1725312 0.1294029 0.1344985 0.1665372 0.1700082 0.1669368 0.1317260 0.0669704 0.0000000 0.1354929 0.1504678 0.1504678 
Pseudochiridae_Petauroides_volans            0.0720229 0.1140460 0.0703956 0.0775231 0.0773530 0.1310239 0.0697968 0.0714109 0.0816098 0.1360054 0.0713072 0.1317160 0.1294794 0.0687075 0.1360319 0.1236532 0.1155854 0.1405292 0.0803926 0.0452900 0.1289470 0.0934817 0.0835517 0.0829185 0.0399236 0.1030022 0.0683612 0.0691842 0.1335218 0.1253263 0.1357189 0.0576246 0.1632969 0.1354929 0.0000000 0.1576614 0.1576614 
Myrmecobiidae_Myrmecobius_fasciatus1         0.1674696 0.1706511 0.1344272 0.1707791 0.1707791 0.0585899 0.1500002 0.1461560 0.1733549 0.1372035 0.1592822 0.0373527 0.0514411 0.1469216 0.0325992 0.0524847 0.0437249 0.1375044 0.1635890 0.1559177 0.0369921 0.1643824 0.1455644 0.1562228 0.1570308 0.1479761 0.1607521 0.1504401 0.1472879 0.0530809 0.1357659 0.1500037 0.1788399 0.1504678 0.1576614 0.0000000 0.0000010 
Myrmecobiidae_Myrmecobius_fasciatus2         0.1674696 0.1706511 0.1344272 0.1707791 0.1707791 0.0585899 0.1500002 0.1461560 0.1733549 0.1372035 0.1592822 0.0373527 0.0514411 0.1469216 0.0325992 0.0524847 0.0437249 0.1375044 0.1635890 0.1559177 0.0369921 0.1643824 0.1455644 0.1562228 0.1570308 0.1479761 0.1607521 0.1504401 0.1472879 0.0530809 0.1357659 0.1500037 0.1788399 0.1504678 0.1576614 0.0000010 0.0000000 
