35
Burramyidae_Burramys_parvus                  0.0000000 0.1185338 0.0717660 0.0775310 0.0802619 0.1123295 0.0664448 0.0772917 0.0817561 0.1212482 0.0788554 0.1148453 0.1162222 0.0820810 0.0807316 0.1156278 0.1146337 0.1157222 0.0765861 0.1040189 0.1303244 0.1230229 0.1112878 0.0818681 0.0925144 0.0900313 0.0744634 0.0889315 0.1315719 0.0920172 0.0809500 0.1138265 0.1215725 0.1577135 0.1513101 
Notoryctidae_Notoryctes_typhlops             0.1185338 0.0000000 0.0986934 0.1021682 0.0987740 0.1097325 0.0989909 0.1105707 0.1068578 0.1176377 0.1112610 0.1153267 0.1162718 0.1140466 0.0992993 0.1163261 0.1136573 0.1188555 0.1017853 0.1238757 0.1146907 0.1089087 0.1075786 0.1076559 0.0890095 0.1060477 0.0990401 0.1058400 0.1444533 0.1130891 0.1133299 0.1117167 0.1178594 0.1177703 0.1177149 
Vombatidae_Lasiorhinus_latifrons             0.0717660 0.0986934 0.0000000 0.0606113 0.0611758 0.0935849 0.0593734 0.0683659 0.0625467 0.0951681 0.0677333 0.0983266 0.0953344 0.0706952 0.0606323 0.0970647 0.0956726 0.0981052 0.0600342 0.0864301 0.1161115 0.1057408 0.0924349 0.0702072 0.0751440 0.0720960 0.0571830 0.0691613 0.1110767 0.0787366 0.0688393 0.0939352 0.0967187 0.1164846 0.1122609 
Potoroidae_Bettongia_penicillata             0.0775310 0.1021682 0.0606113 0.0000000 0.0093846 0.0952822 0.0577304 0.0706415 0.0165981 0.0989162 0.0712311 0.1013335 0.0983005 0.0725018 0.0592286 0.0995444 0.0985428 0.0995243 0.0288940 0.0814465 0.1105895 0.1049100 0.0955806 0.0504770 0.0836881 0.0703119 0.0259966 0.0649889 0.1095755 0.0745602 0.0723573 0.0978952 0.1003908 0.1188047 0.1133943 
Potoroidae_Bettongia_lesueur                 0.0802619 0.0987740 0.0611758 0.0093846 0.0000000 0.0952076 0.0582077 0.0707991 0.0202575 0.0987083 0.0737368 0.1032019 0.0981377 0.0733536 0.0589932 0.1009089 0.0989993 0.1003013 0.0320109 0.0837574 0.1111135 0.1074151 0.0962310 0.0540957 0.0858345 0.0719814 0.0282162 0.0657386 0.1075942 0.0715191 0.0730709 0.0983907 0.1006713 0.1220390 0.1151615 
Dasyuridae_Dasyurus_maculatus                0.1123295 0.1097325 0.0935849 0.0952822 0.0952076 0.0000000 0.0912039 0.0992063 0.1009087 0.1113363 0.1026331 0.0217538 0.0287389 0.1022054 0.0927445 0.0225858 0.0067132 0.0292780 0.0975562 0.1148758 0.1188452 0.1146570 0.0184158 0.0982206 0.0894130 0.1066503 0.0926637 0.1020670 0.1404456 0.1123202 0.1018812 0.0055832 0.1126217 0.1317792 0.1262100 
Phalangeridae_Trichosurus_vulpecula          0.0664448 0.0989909 0.0593734 0.0577304 0.0582077 0.0912039 0.0000000 0.0287248 0.0604582 0.0975490 0.0283235 0.0964632 0.0938710 0.0318267 0.0561158 0.0971911 0.0917947 0.0966817 0.0557852 0.0821433 0.1065030 0.1027036 0.0968626 0.0593707 0.0743007 0.0648166 0.0517415 0.0649488 0.1001920 0.0684091 0.0303260 0.0929915 0.0969101 0.1131214 0.1105263 
Phalangeridae_Spilocuscus_maculatus          0.0772917 0.1105707 0.0683659 0.0706415 0.0707991 0.0992063 0.0287248 0.0000000 0.0738422 0.1118541 0.0320622 0.1055611 0.1000915 0.0144525 0.0641975 0.1053171 0.1018148 0.1040708 0.0676845 0.0907316 0.1190676 0.1153154 0.1060623 0.0729368 0.0857485 0.0767140 0.0632215 0.0748469 0.1159614 0.0825046 0.0139530 0.1020335 0.1124023 0.1328519 0.1281482 
Potoroidae_Aepyprymnus_rufescens             0.0817561 0.1068578 0.0625467 0.0165981 0.0202575 0.1009087 0.0604582 0.0738422 0.0000000 0.1025721 0.0739771 0.1062233 0.1026877 0.0768173 0.0633791 0.1048785 0.1038628 0.1021200 0.0292652 0.0861467 0.1147971 0.1076388 0.1024497 0.0549094 0.0877453 0.0736449 0.0256474 0.0663137 0.1124465 0.0777314 0.0761230 0.1032008 0.1044681 0.1209771 0.1152767 
Peramelidae_Perameles_nasuta                 0.1212482 0.1176377 0.0951681 0.0989162 0.0987083 0.1113363 0.0975490 0.1118541 0.1025721 0.0000000 0.1082316 0.1174663 0.1137359 0.1148280 0.0994458 0.1155742 0.1151939 0.1145978 0.1003571 0.1222675 0.1151309 0.1148636 0.1102772 0.1101211 0.0900449 0.1111893 0.0946261 0.1106228 0.1535802 0.1182673 0.1134037 0.1143785 0.0022793 0.0315348 0.0269300 
Phalangeridae_Strigocuscus_pelengensis       0.0788554 0.1112610 0.0677333 0.0712311 0.0737368 0.1026331 0.0283235 0.0320622 0.0739771 0.1082316 0.0000000 0.1080867 0.1038395 0.0344813 0.0668032 0.1073498 0.1052932 0.1074580 0.0682420 0.0943238 0.1179727 0.1154238 0.1097161 0.0753354 0.0860820 0.0794770 0.0649325 0.0784307 0.1159449 0.0858276 0.0330038 0.1055081 0.1079681 0.1267856 0.1216050 
Dasyuridae_Phascogale_tapoatafa              0.1148453 0.1153267 0.0983266 0.1013335 0.1032019 0.0217538 0.0964632 0.1055611 0.1062233 0.1174663 0.1080867 0.0000000 0.0303375 0.1091061 0.0994609 0.0067393 0.0194775 0.0341644 0.1018402 0.1209091 0.1218557 0.1185552 0.0113254 0.1038606 0.0935203 0.1102079 0.0980271 0.1087637 0.1465184 0.1159206 0.1082670 0.0222240 0.1191355 0.1381019 0.1348284 
Dasyuridae_Sminthopsis_macroura              0.1162222 0.1162718 0.0953344 0.0983005 0.0981377 0.0287389 0.0938710 0.1000915 0.1026877 0.1137359 0.1038395 0.0303375 0.0000000 0.1045994 0.0964808 0.0312097 0.0276391 0.0260169 0.1022697 0.1171570 0.1204063 0.1169467 0.0288858 0.0992812 0.0902553 0.1119253 0.0974512 0.1093033 0.1419325 0.1163695 0.1032281 0.0300465 0.1159251 0.1324466 0.1293387 
Phalangeridae_Phalanger_orientalis           0.0820810 0.1140466 0.0706952 0.0725018 0.0733536 0.1022054 0.0318267 0.0144525 0.0768173 0.1148280 0.0344813 0.1091061 0.1045994 0.0000000 0.0703042 0.1088682 0.1053208 0.1064779 0.0701411 0.0964456 0.1252999 0.1195971 0.1091277 0.0791559 0.0891916 0.0783352 0.0664339 0.0799741 0.1166442 0.0854744 0.0082816 0.1050762 0.1157507 0.1364320 0.1316949 
Acrobatidae_Acrobates_pygmaeus               0.0807316 0.0992993 0.0606323 0.0592286 0.0589932 0.0927445 0.0561158 0.0641975 0.0633791 0.0994458 0.0668032 0.0994609 0.0964808 0.0703042 0.0000000 0.0982459 0.0956072 0.0983489 0.0584786 0.0743701 0.1149311 0.1050877 0.0979756 0.0694357 0.0779794 0.0593975 0.0560151 0.0576429 0.0974709 0.0537943 0.0687039 0.0952824 0.0994383 0.1193150 0.1118236 
Dasyuridae_Phascogale_calura                 0.1156278 0.1163261 0.0970647 0.0995444 0.1009089 0.0225858 0.0971911 0.1053171 0.1048785 0.1155742 0.1073498 0.0067393 0.0312097 0.1088682 0.0982459 0.0000000 0.0210914 0.0342325 0.1000489 0.1201186 0.1254992 0.1212067 0.0125937 0.1040608 0.0927016 0.1098618 0.0957433 0.1079103 0.1465358 0.1146482 0.1080291 0.0230609 0.1172889 0.1368282 0.1335491 
Dasyuridae_Sarcophilus_harrisii              0.1146337 0.1136573 0.0956726 0.0985428 0.0989993 0.0067132 0.0917947 0.1018148 0.1038628 0.1151939 0.1052932 0.0194775 0.0276391 0.1053208 0.0956072 0.0210914 0.0000000 0.0293781 0.1000222 0.1180604 0.1201374 0.1159198 0.0180487 0.0995785 0.0895159 0.1083741 0.0957909 0.1062868 0.1434467 0.1126015 0.1045132 0.0071143 0.1163960 0.1345832 0.1305841 
Dasyuridae_Planigale_tenuirostris            0.1157222 0.1188555 0.0981052 0.0995243 0.1003013 0.0292780 0.0966817 0.1040708 0.1021200 0.1145978 0.1074580 0.0341644 0.0260169 0.1064779 0.0983489 0.0342325 0.0293781 0.0000000 0.1030617 0.1182954 0.1273900 0.1201002 0.0314193 0.1030678 0.0935593 0.1083749 0.0982392 0.1027160 0.1461175 0.1166523 0.1064196 0.0315901 0.1152894 0.1364569 0.1293605 
Macropodidae_Dorcopsulus_vanheurni           0.0765861 0.1017853 0.0600342 0.0288940 0.0320109 0.0975562 0.0557852 0.0676845 0.0292652 0.1003571 0.0682420 0.1018402 0.1022697 0.0701411 0.0584786 0.1000489 0.1000222 0.1030617 0.0000000 0.0840182 0.1102359 0.0979268 0.0991884 0.0493464 0.0802947 0.0688187 0.0121618 0.0646629 0.1082026 0.0762725 0.0703837 0.0974143 0.1008239 0.1201560 0.1144588 
Pseudochiridae_Pseudochirulus_forbesi        0.1040189 0.1238757 0.0864301 0.0814465 0.0837574 0.1148758 0.0821433 0.0907316 0.0861467 0.1222675 0.0943238 0.1209091 0.1171570 0.0964456 0.0743701 0.1201186 0.1180604 0.1182954 0.0840182 0.0000000 0.1370154 0.1304279 0.1192238 0.0886646 0.1040230 0.0582959 0.0798855 0.0333479 0.1090025 0.0906509 0.0945550 0.1172479 0.1238481 0.1225456 0.1175075 
Didelphidae_Didelphis_virginiana             0.1303244 0.1146907 0.1161115 0.1105895 0.1111135 0.1188452 0.1065030 0.1190676 0.1147971 0.1151309 0.1179727 0.1218557 0.1204063 0.1252999 0.1149311 0.1254992 0.1201374 0.1273900 0.1102359 0.1370154 0.0000000 0.0507800 0.1222152 0.1173072 0.1046414 0.1231938 0.1066968 0.1207597 0.1617379 0.1321100 0.1230401 0.1218792 0.1153138 0.1186110 0.1136956 
Marmosidae_Monodelphis_domestica             0.1230229 0.1089087 0.1057408 0.1049100 0.1074151 0.1146570 0.1027036 0.1153154 0.1076388 0.1148636 0.1154238 0.1185552 0.1169467 0.1195971 0.1050877 0.1212067 0.1159198 0.1201002 0.0979268 0.1304279 0.0507800 0.0000000 0.1156146 0.1084153 0.0994411 0.1198018 0.0997878 0.1153027 0.1524405 0.1211038 0.1168747 0.1176599 0.1155579 0.1259090 0.1168291 
Dasyuridae_Antechinus_stuartii               0.1112878 0.1075786 0.0924349 0.0955806 0.0962310 0.0184158 0.0968626 0.1060623 0.1024497 0.1102772 0.1097161 0.0113254 0.0288858 0.1091277 0.0979756 0.0125937 0.0180487 0.0314193 0.0991884 0.1192238 0.1222152 0.1156146 0.0000000 0.1015252 0.0932258 0.1079972 0.0956280 0.1065905 0.1414569 0.1105041 0.1088521 0.0201598 0.1126298 0.1346981 0.1307079 
Hypsiprymnodontidae_Hypsiprymnodon_moschatus 0.0818681 0.1076559 0.0702072 0.0504770 0.0540957 0.0982206 0.0593707 0.0729368 0.0549094 0.1101211 0.0753354 0.1038606 0.0992812 0.0791559 0.0694357 0.1040608 0.0995785 0.1030678 0.0493464 0.0886646 0.1173072 0.1084153 0.1015252 0.0000000 0.0863620 0.0756409 0.0472606 0.0730797 0.1144844 0.0814991 0.0771541 0.1008962 0.1107666 0.1209840 0.1186003 
Microbiotheriidae_Dromiciops_gliroides       0.0925144 0.0890095 0.0751440 0.0836881 0.0858345 0.0894130 0.0743007 0.0857485 0.0877453 0.0900449 0.0860820 0.0935203 0.0902553 0.0891916 0.0779794 0.0927016 0.0895159 0.0935593 0.0802947 0.1040230 0.1046414 0.0994411 0.0932258 0.0863620 0.0000000 0.0873412 0.0788785 0.0857493 0.1292257 0.0945569 0.0872011 0.0896860 0.0911086 0.1023605 0.0995921 
Pseudochiridae_Petauroides_volans            0.0900313 0.1060477 0.0720960 0.0703119 0.0719814 0.1066503 0.0648166 0.0767140 0.0736449 0.1111893 0.0794770 0.1102079 0.1119253 0.0783352 0.0593975 0.1098618 0.1083741 0.1083749 0.0688187 0.0582959 0.1231938 0.1198018 0.1079972 0.0756409 0.0873412 0.0000000 0.0666700 0.0426384 0.0931046 0.0793516 0.0776538 0.1085408 0.1117282 0.1265986 0.1235349 
Macropodidae_Wallabia_bicolor                0.0744634 0.0990401 0.0571830 0.0259966 0.0282162 0.0926637 0.0517415 0.0632215 0.0256474 0.0946261 0.0649325 0.0980271 0.0974512 0.0664339 0.0560151 0.0957433 0.0957909 0.0982392 0.0121618 0.0798855 0.1066968 0.0997878 0.0956280 0.0472606 0.0788785 0.0666700 0.0000000 0.0611942 0.1062169 0.0726000 0.0660181 0.0941753 0.0953222 0.1124002 0.1079657 
Pseudochiridae_Pseudocheirus_occidentalis    0.0889315 0.1058400 0.0691613 0.0649889 0.0657386 0.1020670 0.0649488 0.0748469 0.0663137 0.1106228 0.0784307 0.1087637 0.1093033 0.0799741 0.0576429 0.1079103 0.1062868 0.1027160 0.0646629 0.0333479 0.1207597 0.1153027 0.1065905 0.0730797 0.0857493 0.0426384 0.0611942 0.0000000 0.0966217 0.0753084 0.0777026 0.1049779 0.1120677 0.1298784 0.1207459 
Tarsipedidae_Tarsipes_rostratus              0.1315719 0.1444533 0.1110767 0.1095755 0.1075942 0.1404456 0.1001920 0.1159614 0.1124465 0.1535802 0.1159449 0.1465184 0.1419325 0.1166442 0.0974709 0.1465358 0.1434467 0.1461175 0.1082026 0.1090025 0.1617379 0.1524405 0.1414569 0.1144844 0.1292257 0.0931046 0.1062169 0.0966217 0.0000000 0.1102432 0.1156731 0.1431874 0.1549047 0.1691284 0.1592604 
Acrobatidae_Distoechurus_pennatus            0.0920172 0.1130891 0.0787366 0.0745602 0.0715191 0.1123202 0.0684091 0.0825046 0.0777314 0.1182673 0.0858276 0.1159206 0.1163695 0.0854744 0.0537943 0.1146482 0.1126015 0.1166523 0.0762725 0.0906509 0.1321100 0.1211038 0.1105041 0.0814991 0.0945569 0.0793516 0.0726000 0.0753084 0.1102432 0.0000000 0.0842515 0.1138201 0.1190300 0.1441351 0.1396849 
Phalangeridae_Phalanger_carmelitae           0.0809500 0.1133299 0.0688393 0.0723573 0.0730709 0.1018812 0.0303260 0.0139530 0.0761230 0.1134037 0.0330038 0.1082670 0.1032281 0.0082816 0.0687039 0.1080291 0.1045132 0.1064196 0.0703837 0.0945550 0.1230401 0.1168747 0.1088521 0.0771541 0.0872011 0.0776538 0.0660181 0.0777026 0.1156731 0.0842515 0.0000000 0.1047277 0.1143760 0.1360684 0.1313659 
Dasyuridae_Dasyurus_geffroii                 0.1138265 0.1117167 0.0939352 0.0978952 0.0983907 0.0055832 0.0929915 0.1020335 0.1032008 0.1143785 0.1055081 0.0222240 0.0300465 0.1050762 0.0952824 0.0230609 0.0071143 0.0315901 0.0974143 0.1172479 0.1218792 0.1176599 0.0201598 0.1008962 0.0896860 0.1085408 0.0941753 0.1049779 0.1431874 0.1138201 0.1047277 0.0000000 0.1155977 0.1338691 0.1281848 
Peramelidae_Perameles_gunnii                 0.1215725 0.1178594 0.0967187 0.1003908 0.1006713 0.1126217 0.0969101 0.1124023 0.1044681 0.0022793 0.1079681 0.1191355 0.1159251 0.1157507 0.0994383 0.1172889 0.1163960 0.1152894 0.1008239 0.1238481 0.1153138 0.1155579 0.1126298 0.1107666 0.0911086 0.1117282 0.0953222 0.1120677 0.1549047 0.1190300 0.1143760 0.1155977 0.0000000 0.0310440 0.0251777 
Peramelidae_Echymipera_kalubu                0.1577135 0.1177703 0.1164846 0.1188047 0.1220390 0.1317792 0.1131214 0.1328519 0.1209771 0.0315348 0.1267856 0.1381019 0.1324466 0.1364320 0.1193150 0.1368282 0.1345832 0.1364569 0.1201560 0.1225456 0.1186110 0.1259090 0.1346981 0.1209840 0.1023605 0.1265986 0.1124002 0.1298784 0.1691284 0.1441351 0.1360684 0.1338691 0.0310440 0.0000000 0.0240803 
Peramelidae_Peroryctes_raffrayana            0.1513101 0.1177149 0.1122609 0.1133943 0.1151615 0.1262100 0.1105263 0.1281482 0.1152767 0.0269300 0.1216050 0.1348284 0.1293387 0.1316949 0.1118236 0.1335491 0.1305841 0.1293605 0.1144588 0.1175075 0.1136956 0.1168291 0.1307079 0.1186003 0.0995921 0.1235349 0.1079657 0.1207459 0.1592604 0.1396849 0.1313659 0.1281848 0.0251777 0.0240803 0.0000000 
