35
Burramyidae_Burramys_parvus                  0.0000000 0.0429771 0.0498072 0.0481418 0.0844714 0.0365057 0.0436258 0.1042635 0.0426923 0.0805815 0.0903044 0.0400968 0.0498086 0.0824664 0.0841113 0.0743767 0.1012621 0.0465975 0.0656592 0.1059758 0.1081984 0.0828696 0.0512449 0.0635209 0.0539985 0.0414683 0.0749229 0.0511048 0.0384676 0.1106235 0.0837198 0.1021771 0.1023778 0.0462536 0.0800747 
Vombatidae_Lasiorhinus_latifrons             0.0429771 0.0000000 0.0557440 0.0540262 0.0922959 0.0493279 0.0505943 0.1008557 0.0598949 0.0852630 0.0982980 0.0544737 0.0582611 0.0874062 0.0894873 0.0811777 0.0950026 0.0541289 0.0727819 0.1070307 0.1104351 0.0893872 0.0573140 0.0659328 0.0642192 0.0504153 0.0820740 0.0598671 0.0526796 0.1050020 0.0889692 0.0988289 0.1085643 0.0536870 0.0872514 
Potoroidae_Bettongia_penicillata             0.0498072 0.0557440 0.0000000 0.0055795 0.1010603 0.0569778 0.0112933 0.1204294 0.0692170 0.1003382 0.1039919 0.0611820 0.0625828 0.1013007 0.0989353 0.0856541 0.1180675 0.0228482 0.0794853 0.1158024 0.1171418 0.1024521 0.0472151 0.0797198 0.0704500 0.0212649 0.0888468 0.0659442 0.0583892 0.1289610 0.0989165 0.1194335 0.1237176 0.0728384 0.1026818 
Potoroidae_Bettongia_lesueur                 0.0481418 0.0540262 0.0055795 0.0000000 0.1003308 0.0547375 0.0122694 0.1189147 0.0671309 0.0996150 0.1006782 0.0600032 0.0603186 0.1005686 0.0969412 0.0836415 0.1165790 0.0238606 0.0794528 0.1144625 0.1164041 0.1017141 0.0466766 0.0785088 0.0675242 0.0232482 0.0880783 0.0647160 0.0561519 0.1274176 0.0969224 0.1179417 0.1210486 0.0714081 0.0999279 
Dasyuridae_Dasyurus_maculatus                0.0844714 0.0922959 0.1010603 0.1003308 0.0000000 0.0934300 0.0976600 0.1454991 0.1070399 0.0263277 0.0382089 0.0965287 0.1073917 0.0269785 0.0108510 0.0280643 0.1452029 0.1004914 0.1119939 0.1470089 0.1469150 0.0271109 0.0995469 0.1021633 0.1042184 0.0961208 0.1247991 0.1075211 0.0940340 0.1520265 0.0094335 0.1461082 0.1527851 0.1225088 0.1517254 
Phalangeridae_Trichosurus_vulpecula          0.0365057 0.0493279 0.0569778 0.0547375 0.0934300 0.0000000 0.0523650 0.1075625 0.0205481 0.0900415 0.0980313 0.0186382 0.0551135 0.0891011 0.0937360 0.0807657 0.1034677 0.0553465 0.0652547 0.1073857 0.1062632 0.0931346 0.0597150 0.0703250 0.0608328 0.0505257 0.0753907 0.0550483 0.0172324 0.1150791 0.0925992 0.1054299 0.1127917 0.0205910 0.0889094 
Potoroidae_Aepyprymnus_rufescens             0.0436258 0.0505943 0.0112933 0.0122694 0.0976600 0.0523650 0.0000000 0.1147127 0.0635339 0.0956738 0.0966894 0.0557460 0.0580059 0.0965831 0.0942965 0.0809993 0.1117801 0.0193430 0.0719364 0.1118921 0.1134253 0.0977013 0.0445055 0.0789977 0.0657253 0.0187595 0.0841065 0.0623560 0.0537781 0.1217591 0.0942778 0.1124449 0.1138015 0.0674269 0.0953498 
Peramelidae_Perameles_nasuta                 0.1042635 0.1008557 0.1204294 0.1189147 0.1454991 0.1075625 0.1147127 0.0000000 0.1370198 0.1401993 0.1473532 0.1101797 0.1087176 0.1429662 0.1431534 0.1293994 0.0190662 0.1173327 0.1289441 0.1592334 0.1482599 0.1419863 0.1221114 0.1168434 0.1185900 0.1117786 0.1335000 0.1164959 0.1058528 0.0234946 0.1454237 0.0014166 0.1544223 0.1237930 0.1568809 
Phalangeridae_Strigocuscus_pelengensis       0.0426923 0.0598949 0.0692170 0.0671309 0.1070399 0.0205481 0.0635339 0.1370198 0.0000000 0.0962871 0.1179045 0.0123429 0.0643829 0.1016440 0.1117082 0.0936358 0.1318932 0.0678546 0.0853388 0.1257052 0.1377185 0.1033706 0.0670291 0.0849157 0.0748513 0.0614717 0.0942985 0.0662979 0.0096375 0.1455069 0.1068764 0.1330874 0.1176380 0.0180056 0.1052138 
Dasyuridae_Phascogale_tapoatafa              0.0805815 0.0852630 0.1003382 0.0996150 0.0263277 0.0900415 0.0956738 0.1401993 0.0962871 0.0000000 0.0388801 0.0940223 0.1008115 0.0079971 0.0257536 0.0277122 0.1379196 0.0971938 0.1094924 0.1442582 0.1466198 0.0099657 0.0981057 0.0985934 0.0987150 0.0910053 0.1207538 0.1008814 0.0909800 0.1447663 0.0262632 0.1388126 0.1461353 0.1176032 0.1442524 
Dasyuridae_Sminthopsis_macroura              0.0903044 0.0982980 0.1039919 0.1006782 0.0382089 0.0980313 0.0966894 0.1473532 0.1179045 0.0388801 0.0000000 0.1025418 0.1061907 0.0402462 0.0375224 0.0279180 0.1442323 0.0967430 0.1170832 0.1550443 0.1493405 0.0373040 0.1016569 0.1097202 0.1138685 0.0970970 0.1285126 0.1104312 0.0995358 0.1527062 0.0391262 0.1451426 0.1650792 0.1329571 0.1627477 
Phalangeridae_Phalanger_orientalis           0.0400968 0.0544737 0.0611820 0.0600032 0.0965287 0.0186382 0.0557460 0.1101797 0.0123429 0.0940223 0.1025418 0.0000000 0.0594075 0.0962767 0.0967487 0.0856868 0.1050085 0.0564043 0.0756894 0.1054109 0.1077623 0.0977265 0.0605562 0.0713912 0.0664712 0.0526353 0.0830837 0.0595788 0.0038960 0.1179854 0.0955534 0.1078903 0.1148636 0.0158022 0.0925601 
Acrobatidae_Acrobates_pygmaeus               0.0498086 0.0582611 0.0625828 0.0603186 0.1073917 0.0551135 0.0580059 0.1087176 0.0643829 0.1008115 0.1061907 0.0594075 0.0000000 0.0995158 0.1059178 0.0924659 0.1052716 0.0583550 0.0716784 0.1173818 0.1184042 0.1044470 0.0599372 0.0797461 0.0593756 0.0550680 0.0761850 0.0385768 0.0566676 0.1159409 0.1067379 0.1068764 0.1121998 0.0712974 0.0848681 
Dasyuridae_Phascogale_calura                 0.0824664 0.0874062 0.1013007 0.1005686 0.0269785 0.0891011 0.0965831 0.1429662 0.1016440 0.0079971 0.0402462 0.0962767 0.0995158 0.0000000 0.0263779 0.0284417 0.1416120 0.0974674 0.1077190 0.1510431 0.1525919 0.0114745 0.1003367 0.1007412 0.1009676 0.0931239 0.1205861 0.0986548 0.0930086 0.1485609 0.0269119 0.1426518 0.1522290 0.1198272 0.1470885 
Dasyuridae_Sarcophilus_harrisii              0.0841113 0.0894873 0.0989353 0.0969412 0.0108510 0.0937360 0.0942965 0.1431534 0.1117082 0.0257536 0.0375224 0.0967487 0.1059178 0.0263779 0.0000000 0.0258184 0.1418017 0.0970962 0.1147714 0.1487152 0.1474184 0.0276085 0.0975549 0.1003249 0.1051700 0.0927780 0.1282106 0.1034982 0.0941700 0.1516163 0.0093760 0.1428380 0.1456748 0.1227645 0.1531500 
Dasyuridae_Planigale_tenuirostris            0.0743767 0.0811777 0.0856541 0.0836415 0.0280643 0.0807657 0.0809993 0.1293994 0.0936358 0.0277122 0.0279180 0.0856868 0.0924659 0.0284417 0.0258184 0.0000000 0.1287715 0.0817632 0.1024775 0.1441510 0.1430355 0.0311679 0.0844536 0.0926090 0.0954892 0.0782959 0.1161136 0.0936114 0.0838107 0.1373697 0.0268929 0.1283747 0.1383165 0.1059057 0.1373033 
Peramelidae_Echymipera_kalubu                0.1012621 0.0950026 0.1180675 0.1165790 0.1452029 0.1034677 0.1117801 0.0190662 0.1318932 0.1379196 0.1442323 0.1050085 0.1052716 0.1416120 0.1418017 0.1287715 0.0000000 0.1148583 0.1215209 0.1546666 0.1443034 0.1398853 0.1196985 0.1132064 0.1131997 0.1087054 0.1262575 0.1119718 0.1016873 0.0251596 0.1441797 0.0188584 0.1605556 0.1209661 0.1441737 
Macropodidae_Dorcopsulus_vanheurni           0.0465975 0.0541289 0.0228482 0.0238606 0.1004914 0.0553465 0.0193430 0.1173327 0.0678546 0.0971938 0.0967430 0.0564043 0.0583550 0.0974674 0.0970962 0.0817632 0.1148583 0.0000000 0.0762801 0.1165221 0.1181965 0.0991879 0.0463164 0.0793435 0.0669538 0.0108631 0.0857422 0.0638169 0.0567609 0.1245484 0.0971157 0.1157347 0.1128269 0.0692784 0.0913991 
Pseudochiridae_Pseudochirulus_forbesi        0.0656592 0.0727819 0.0794853 0.0794528 0.1119939 0.0652547 0.0719364 0.1289441 0.0853388 0.1094924 0.1170832 0.0756894 0.0716784 0.1077190 0.1147714 0.1024775 0.1215209 0.0762801 0.0000000 0.1320583 0.1390168 0.1114582 0.0789997 0.0965180 0.0500862 0.0696584 0.0237678 0.0755597 0.0723723 0.1318508 0.1151404 0.1260602 0.1377782 0.0902848 0.0815514 
Didelphidae_Didelphis_virginiana             0.1059758 0.1070307 0.1158024 0.1144625 0.1470089 0.1073857 0.1118921 0.1592334 0.1257052 0.1442582 0.1550443 0.1054109 0.1173818 0.1510431 0.1487152 0.1441510 0.1546666 0.1165221 0.1320583 0.0000000 0.0360082 0.1475474 0.1199257 0.1071177 0.1199687 0.1099099 0.1447136 0.1147698 0.1042400 0.1623089 0.1482296 0.1579867 0.1799720 0.1321839 0.1682990 
Marmosidae_Monodelphis_domestica             0.1081984 0.1104351 0.1171418 0.1164041 0.1469150 0.1062632 0.1134253 0.1482599 0.1377185 0.1466198 0.1493405 0.1077623 0.1184042 0.1525919 0.1474184 0.1430355 0.1443034 0.1181965 0.1390168 0.0360082 0.0000000 0.1487750 0.1225905 0.1099020 0.1251573 0.1107037 0.1457657 0.1147942 0.1053424 0.1512598 0.1482654 0.1452373 0.1806589 0.1347773 0.1694824 
Dasyuridae_Antechinus_stuartii               0.0828696 0.0893872 0.1024521 0.1017141 0.0271109 0.0931346 0.0977013 0.1419863 0.1033706 0.0099657 0.0373040 0.0977265 0.1044470 0.0114745 0.0276085 0.0311679 0.1398853 0.0991879 0.1114582 0.1475474 0.1487750 0.0000000 0.1007638 0.0999320 0.1022787 0.0928238 0.1220871 0.1026625 0.0941756 0.1448015 0.0281270 0.1415784 0.1525586 0.1235435 0.1505562 
Hypsiprymnodontidae_Hypsiprymnodon_moschatus 0.0512449 0.0573140 0.0472151 0.0466766 0.0995469 0.0597150 0.0445055 0.1221114 0.0670291 0.0981057 0.1016569 0.0605562 0.0599372 0.1003367 0.0975549 0.0844536 0.1196985 0.0463164 0.0789997 0.1199257 0.1225905 0.1007638 0.0000000 0.0776037 0.0681173 0.0439282 0.0904743 0.0673047 0.0594458 0.1297460 0.0994993 0.1197856 0.1232228 0.0796911 0.1095900 
Microbiotheriidae_Dromiciops_gliroides       0.0635209 0.0659328 0.0797198 0.0785088 0.1021633 0.0703250 0.0789977 0.1168434 0.0849157 0.0985934 0.1097202 0.0713912 0.0797461 0.1007412 0.1003249 0.0926090 0.1132064 0.0793435 0.0965180 0.1071177 0.1099020 0.0999320 0.0776037 0.0000000 0.0821103 0.0773303 0.1046735 0.0798713 0.0681140 0.1223739 0.1014344 0.1155438 0.1176624 0.0797638 0.1186424 
Pseudochiridae_Petauroides_volans            0.0539985 0.0642192 0.0704500 0.0675242 0.1042184 0.0608328 0.0657253 0.1185900 0.0748513 0.0987150 0.1138685 0.0664712 0.0593756 0.1009676 0.1051700 0.0954892 0.1131997 0.0669538 0.0500862 0.1199687 0.1251573 0.1022787 0.0681173 0.0821103 0.0000000 0.0618260 0.0553106 0.0620464 0.0629287 0.1237186 0.1047128 0.1163028 0.1308942 0.0840802 0.0782499 
Macropodidae_Wallabia_bicolor                0.0414683 0.0504153 0.0212649 0.0232482 0.0961208 0.0505257 0.0187595 0.1117786 0.0614717 0.0910053 0.0970970 0.0526353 0.0550680 0.0931239 0.0927780 0.0782959 0.1087054 0.0108631 0.0696584 0.1099099 0.1107037 0.0928238 0.0439282 0.0773303 0.0618260 0.0000000 0.0784700 0.0571026 0.0519359 0.1195940 0.0927953 0.1095633 0.1089150 0.0627144 0.0874957 
Pseudochiridae_Pseudocheirus_occidentalis    0.0749229 0.0820740 0.0888468 0.0880783 0.1247991 0.0753907 0.0841065 0.1335000 0.0942985 0.1207538 0.1285126 0.0830837 0.0761850 0.1205861 0.1282106 0.1161136 0.1262575 0.0857422 0.0237678 0.1447136 0.1457657 0.1220871 0.0904743 0.1046735 0.0553106 0.0784700 0.0000000 0.0794228 0.0783944 0.1363678 0.1278785 0.1317003 0.1633775 0.1046170 0.0967227 
Acrobatidae_Distoechurus_pennatus            0.0511048 0.0598671 0.0659442 0.0647160 0.1075211 0.0550483 0.0623560 0.1164959 0.0662979 0.1008814 0.1104312 0.0595788 0.0385768 0.0986548 0.1034982 0.0936114 0.1119718 0.0638169 0.0755597 0.1147698 0.1147942 0.1026625 0.0673047 0.0798713 0.0620464 0.0571026 0.0794228 0.0000000 0.0586494 0.1221728 0.1061123 0.1141756 0.1113803 0.0720986 0.0899964 
Phalangeridae_Phalanger_carmelitae           0.0384676 0.0526796 0.0583892 0.0561519 0.0940340 0.0172324 0.0537781 0.1058528 0.0096375 0.0909800 0.0995358 0.0038960 0.0566676 0.0930086 0.0941700 0.0838107 0.1016873 0.0567609 0.0723723 0.1042400 0.1053424 0.0941756 0.0594458 0.0681140 0.0629287 0.0519359 0.0783944 0.0586494 0.0000000 0.1133760 0.0938298 0.1037435 0.1084944 0.0116161 0.0898116 
Peramelidae_Peroryctes_raffrayana            0.1106235 0.1050020 0.1289610 0.1274176 0.1520265 0.1150791 0.1217591 0.0234946 0.1455069 0.1447663 0.1527062 0.1179854 0.1159409 0.1485609 0.1516163 0.1373697 0.0251596 0.1245484 0.1318508 0.1623089 0.1512598 0.1448015 0.1297460 0.1223739 0.1237186 0.1195940 0.1363678 0.1221728 0.1133760 0.0000000 0.1521189 0.0227125 0.1681901 0.1360081 0.1611869 
Dasyuridae_Dasyurus_geffroii                 0.0837198 0.0889692 0.0989165 0.0969224 0.0094335 0.0925992 0.0942778 0.1454237 0.1068764 0.0262632 0.0391262 0.0955534 0.1067379 0.0269119 0.0093760 0.0268929 0.1441797 0.0971157 0.1151404 0.1482296 0.1482654 0.0281270 0.0994993 0.1014344 0.1047128 0.0927953 0.1278785 0.1061123 0.0938298 0.1521189 0.0000000 0.1450820 0.1496339 0.1197404 0.1536422 
Peramelidae_Perameles_gunnii                 0.1021771 0.0988289 0.1194335 0.1179417 0.1461082 0.1054299 0.1124449 0.0014166 0.1330874 0.1388126 0.1451426 0.1078903 0.1068764 0.1426518 0.1428380 0.1283747 0.0188584 0.1157347 0.1260602 0.1579867 0.1452373 0.1415784 0.1197856 0.1155438 0.1163028 0.1095633 0.1317003 0.1141756 0.1037435 0.0227125 0.1450820 0.0000000 0.1517628 0.1209090 0.1512558 
Notoryctidae_Notoryctes_typhlops             0.1023778 0.1085643 0.1237176 0.1210486 0.1527851 0.1127917 0.1138015 0.1544223 0.1176380 0.1461353 0.1650792 0.1148636 0.1121998 0.1522290 0.1456748 0.1383165 0.1605556 0.1128269 0.1377782 0.1799720 0.1806589 0.1525586 0.1232228 0.1176624 0.1308942 0.1089150 0.1633775 0.1113803 0.1084944 0.1681901 0.1496339 0.1517628 0.0000000 0.1171830 0.1459114 
Phalangeridae_Spilocuscus_maculatus          0.0462536 0.0536870 0.0728384 0.0714081 0.1225088 0.0205910 0.0674269 0.1237930 0.0180056 0.1176032 0.1329571 0.0158022 0.0712974 0.1198272 0.1227645 0.1059057 0.1209661 0.0692784 0.0902848 0.1321839 0.1347773 0.1235435 0.0796911 0.0797638 0.0840802 0.0627144 0.1046170 0.0720986 0.0116161 0.1360081 0.1197404 0.1209090 0.1171830 0.0000000 0.0934569 
Tarsipedidae_Tarsipes_rostratus              0.0800747 0.0872514 0.1026818 0.0999279 0.1517254 0.0889094 0.0953498 0.1568809 0.1052138 0.1442524 0.1627477 0.0925601 0.0848681 0.1470885 0.1531500 0.1373033 0.1441737 0.0913991 0.0815514 0.1682990 0.1694824 0.1505562 0.1095900 0.1186424 0.0782499 0.0874957 0.0967227 0.0899964 0.0898116 0.1611869 0.1536422 0.1512558 0.1459114 0.0934569 0.0000000 
