35
Burramyidae_Burramys_parvus                  0.0000000 0.0339368 0.0211662 0.0209838 0.0212517 0.0435878 0.0164912 0.0189192 0.0208985 0.0431421 0.0191570 0.0493161 0.0484905 0.0184230 0.0173868 0.0485149 0.0441443 0.0452900 0.0460394 0.0201313 0.0192442 0.0605833 0.0553433 0.0474089 0.0233048 0.0353061 0.0206995 0.0210392 0.0192656 0.0313482 0.0171780 0.0184611 0.0462063 0.0430352 0.0415487 
Notoryctidae_Notoryctes_typhlops             0.0339368 0.0000000 0.0391620 0.0401632 0.0405717 0.0645344 0.0344011 0.0369146 0.0394931 0.0603004 0.0368953 0.0640408 0.0631951 0.0369397 0.0349337 0.0628660 0.0631747 0.0640762 0.0613014 0.0378288 0.0370058 0.0916215 0.0833582 0.0633836 0.0402707 0.0465132 0.0390751 0.0402684 0.0394606 0.0511106 0.0337897 0.0384077 0.0613457 0.0626915 0.0591398 
Vombatidae_Lasiorhinus_latifrons             0.0211662 0.0391620 0.0000000 0.0285146 0.0284597 0.0534438 0.0247076 0.0266397 0.0302307 0.0499851 0.0264121 0.0562397 0.0537882 0.0254688 0.0240391 0.0533893 0.0527996 0.0527545 0.0493742 0.0281416 0.0264449 0.0610166 0.0560547 0.0526681 0.0307034 0.0370486 0.0270632 0.0294581 0.0284699 0.0387615 0.0243715 0.0261829 0.0514262 0.0515342 0.0480132 
Potoroidae_Bettongia_penicillata             0.0209838 0.0401632 0.0285146 0.0000000 0.0032089 0.0557831 0.0237262 0.0260368 0.0057933 0.0553799 0.0253904 0.0600797 0.0575434 0.0249407 0.0231940 0.0569696 0.0566470 0.0565877 0.0544486 0.0098793 0.0248739 0.0687433 0.0668696 0.0561346 0.0150104 0.0413622 0.0260543 0.0100823 0.0247848 0.0374797 0.0234379 0.0250295 0.0549902 0.0548673 0.0531354 
Potoroidae_Bettongia_lesueur                 0.0212517 0.0405717 0.0284597 0.0032089 0.0000000 0.0563799 0.0239717 0.0262783 0.0057101 0.0541444 0.0256167 0.0614819 0.0584386 0.0251636 0.0240722 0.0582577 0.0565646 0.0575570 0.0543237 0.0093891 0.0252516 0.0720902 0.0674600 0.0569944 0.0153677 0.0410782 0.0257722 0.0096881 0.0247299 0.0378529 0.0239371 0.0252521 0.0545936 0.0554280 0.0519732 
Dasyuridae_Dasyurus_maculatus                0.0435878 0.0645344 0.0534438 0.0557831 0.0563799 0.0000000 0.0472465 0.0503378 0.0550425 0.0788183 0.0517184 0.0084481 0.0129073 0.0497258 0.0476942 0.0088709 0.0034684 0.0126726 0.0731753 0.0507685 0.0509906 0.1062231 0.0997809 0.0094681 0.0544199 0.0595950 0.0519238 0.0545661 0.0540454 0.0723363 0.0494922 0.0518531 0.0774874 0.0025466 0.0770037 
Phalangeridae_Trichosurus_vulpecula          0.0164912 0.0344011 0.0247076 0.0237262 0.0239717 0.0472465 0.0000000 0.0082593 0.0233933 0.0446001 0.0089452 0.0504769 0.0480217 0.0077139 0.0183964 0.0483907 0.0457089 0.0472213 0.0458753 0.0220006 0.0192930 0.0668692 0.0616457 0.0467675 0.0239284 0.0336630 0.0210284 0.0233712 0.0187658 0.0346686 0.0198167 0.0086133 0.0462647 0.0463197 0.0438876 
Phalangeridae_Spilocuscus_maculatus          0.0189192 0.0369146 0.0266397 0.0260368 0.0262783 0.0503378 0.0082593 0.0000000 0.0253774 0.0496433 0.0041415 0.0521062 0.0535485 0.0032618 0.0216173 0.0517740 0.0500785 0.0516156 0.0511225 0.0256495 0.0222028 0.0711987 0.0649538 0.0518675 0.0284991 0.0373387 0.0221908 0.0259693 0.0217040 0.0359619 0.0220161 0.0039928 0.0530920 0.0502871 0.0496622 
Potoroidae_Aepyprymnus_rufescens             0.0208985 0.0394931 0.0302307 0.0057933 0.0057101 0.0550425 0.0233933 0.0253774 0.0000000 0.0539003 0.0252402 0.0606351 0.0584685 0.0251248 0.0228181 0.0581868 0.0574922 0.0564672 0.0545890 0.0085926 0.0244864 0.0680333 0.0658819 0.0569080 0.0142871 0.0419690 0.0259363 0.0088882 0.0241152 0.0372526 0.0235576 0.0255049 0.0545220 0.0556951 0.0523510 
Peramelidae_Perameles_nasuta                 0.0431421 0.0603004 0.0499851 0.0553799 0.0541444 0.0788183 0.0446001 0.0496433 0.0539003 0.0000000 0.0505515 0.0892475 0.0768621 0.0501139 0.0500698 0.0865554 0.0783863 0.0755447 0.0074804 0.0518733 0.0462110 0.0951859 0.0786337 0.0844546 0.0559780 0.0536153 0.0507041 0.0514125 0.0518370 0.0673343 0.0475913 0.0517906 0.0079090 0.0797700 0.0002369 
Phalangeridae_Strigocuscus_pelengensis       0.0191570 0.0368953 0.0264121 0.0253904 0.0256167 0.0517184 0.0089452 0.0041415 0.0252402 0.0505515 0.0000000 0.0532020 0.0510505 0.0037468 0.0213557 0.0513586 0.0499959 0.0527979 0.0498775 0.0246462 0.0224454 0.0710259 0.0639185 0.0507006 0.0272184 0.0375850 0.0228823 0.0251030 0.0229562 0.0368236 0.0225099 0.0045716 0.0528172 0.0507144 0.0491112 
Dasyuridae_Phascogale_tapoatafa              0.0493161 0.0640408 0.0562397 0.0600797 0.0614819 0.0084481 0.0504769 0.0521062 0.0606351 0.0892475 0.0532020 0.0000000 0.0137711 0.0532291 0.0543325 0.0026143 0.0083329 0.0127093 0.0828108 0.0566975 0.0569023 0.1087630 0.1032609 0.0066927 0.0601969 0.0645621 0.0578337 0.0601755 0.0601246 0.0754166 0.0551061 0.0555541 0.0889634 0.0089477 0.0886625 
Dasyuridae_Sminthopsis_macroura              0.0484905 0.0631951 0.0537882 0.0575434 0.0584386 0.0129073 0.0480217 0.0535485 0.0584685 0.0768621 0.0510505 0.0137711 0.0000000 0.0525055 0.0496323 0.0130397 0.0134571 0.0111543 0.0711917 0.0532242 0.0532675 0.1053729 0.0944159 0.0123597 0.0564123 0.0623760 0.0558985 0.0574302 0.0580807 0.0763791 0.0494557 0.0548506 0.0745838 0.0131274 0.0755686 
Phalangeridae_Phalanger_orientalis           0.0184230 0.0369397 0.0254688 0.0249407 0.0251636 0.0497258 0.0077139 0.0032618 0.0251248 0.0501139 0.0037468 0.0532291 0.0525055 0.0000000 0.0213533 0.0506753 0.0489942 0.0516318 0.0503117 0.0253091 0.0223374 0.0691180 0.0629773 0.0493888 0.0273642 0.0364872 0.0216616 0.0254508 0.0221801 0.0351436 0.0220535 0.0020175 0.0516848 0.0493760 0.0486036 
Acrobatidae_Acrobates_pygmaeus               0.0173868 0.0349337 0.0240391 0.0231940 0.0240722 0.0476942 0.0183964 0.0216173 0.0228181 0.0500698 0.0213557 0.0543325 0.0496323 0.0213533 0.0000000 0.0513007 0.0480772 0.0489349 0.0531430 0.0213344 0.0190486 0.0632412 0.0546563 0.0490827 0.0233212 0.0357922 0.0198962 0.0223757 0.0192902 0.0291434 0.0123027 0.0220609 0.0533187 0.0471207 0.0482614 
Dasyuridae_Phascogale_calura                 0.0485149 0.0628660 0.0533893 0.0569696 0.0582577 0.0088709 0.0483907 0.0517740 0.0581868 0.0865554 0.0513586 0.0026143 0.0130397 0.0506753 0.0513007 0.0000000 0.0082657 0.0128711 0.0785365 0.0537963 0.0532031 0.1010572 0.0965001 0.0062889 0.0577169 0.0611520 0.0546323 0.0580359 0.0582548 0.0745549 0.0526446 0.0528643 0.0834292 0.0087710 0.0842469 
Dasyuridae_Sarcophilus_harrisii              0.0441443 0.0631747 0.0527996 0.0566470 0.0565646 0.0034684 0.0457089 0.0500785 0.0574922 0.0783863 0.0499959 0.0083329 0.0134571 0.0489942 0.0480772 0.0082657 0.0000000 0.0134414 0.0715771 0.0514451 0.0508055 0.1060374 0.0977695 0.0088711 0.0558984 0.0595637 0.0524698 0.0552720 0.0536241 0.0750072 0.0498772 0.0517630 0.0760239 0.0028784 0.0773339 
Dasyuridae_Planigale_tenuirostris            0.0452900 0.0640762 0.0527545 0.0565877 0.0575570 0.0126726 0.0472213 0.0516156 0.0564672 0.0755447 0.0527979 0.0127093 0.0111543 0.0516318 0.0489349 0.0128711 0.0134414 0.0000000 0.0714166 0.0539618 0.0513708 0.1050614 0.0984752 0.0125287 0.0562856 0.0641939 0.0533041 0.0579706 0.0545083 0.0777494 0.0495088 0.0526005 0.0728360 0.0131347 0.0752422 
Peramelidae_Echymipera_kalubu                0.0460394 0.0613014 0.0493742 0.0544486 0.0543237 0.0731753 0.0458753 0.0511225 0.0545890 0.0074804 0.0498775 0.0828108 0.0711917 0.0503117 0.0531430 0.0785365 0.0715771 0.0714166 0.0000000 0.0513576 0.0480557 0.0995531 0.0800114 0.0797381 0.0575239 0.0552409 0.0532322 0.0517371 0.0544219 0.0716747 0.0503364 0.0529150 0.0059943 0.0730694 0.0075770 
Macropodidae_Dorcopsulus_vanheurni           0.0201313 0.0378288 0.0281416 0.0098793 0.0093891 0.0507685 0.0220006 0.0256495 0.0085926 0.0518733 0.0246462 0.0566975 0.0532242 0.0253091 0.0213344 0.0537963 0.0514451 0.0539618 0.0513576 0.0000000 0.0241414 0.0686303 0.0632845 0.0533943 0.0142390 0.0400536 0.0250062 0.0046621 0.0229771 0.0346033 0.0220587 0.0254422 0.0521856 0.0507750 0.0501172 
Pseudochiridae_Pseudochirulus_forbesi        0.0192442 0.0370058 0.0264449 0.0248739 0.0252516 0.0509906 0.0192930 0.0222028 0.0244864 0.0462110 0.0224454 0.0569023 0.0532675 0.0223374 0.0190486 0.0532031 0.0508055 0.0513708 0.0480557 0.0241414 0.0000000 0.0711934 0.0702564 0.0529691 0.0259052 0.0387292 0.0139546 0.0248547 0.0064491 0.0304586 0.0201404 0.0223598 0.0487025 0.0495122 0.0453979 
Didelphidae_Didelphis_virginiana             0.0605833 0.0916215 0.0610166 0.0687433 0.0720902 0.1062231 0.0668692 0.0711987 0.0680333 0.0951859 0.0710259 0.1087630 0.1053729 0.0691180 0.0632412 0.1010572 0.1060374 0.1050614 0.0995531 0.0686303 0.0711934 0.0000000 0.0184426 0.1066554 0.0761959 0.0780274 0.0708642 0.0679591 0.0790721 0.0868332 0.0702736 0.0720444 0.0940212 0.1040863 0.0948132 
Marmosidae_Monodelphis_domestica             0.0553433 0.0833582 0.0560547 0.0668696 0.0674600 0.0997809 0.0616457 0.0649538 0.0658819 0.0786337 0.0639185 0.1032609 0.0944159 0.0629773 0.0546563 0.0965001 0.0977695 0.0984752 0.0800114 0.0632845 0.0702564 0.0184426 0.0000000 0.0958818 0.0711620 0.0650919 0.0664651 0.0628337 0.0738053 0.0778049 0.0632853 0.0631022 0.0804124 0.0991482 0.0772888 
Dasyuridae_Antechinus_stuartii               0.0474089 0.0633836 0.0526681 0.0561346 0.0569944 0.0094681 0.0467675 0.0518675 0.0569080 0.0844546 0.0507006 0.0066927 0.0123597 0.0493888 0.0490827 0.0062889 0.0088711 0.0125287 0.0797381 0.0533943 0.0529691 0.1066554 0.0958818 0.0000000 0.0568923 0.0584113 0.0550224 0.0561658 0.0550747 0.0736924 0.0511319 0.0518609 0.0840438 0.0087733 0.0819777 
Hypsiprymnodontidae_Hypsiprymnodon_moschatus 0.0233048 0.0402707 0.0307034 0.0150104 0.0153677 0.0544199 0.0239284 0.0284991 0.0142871 0.0559780 0.0272184 0.0601969 0.0564123 0.0273642 0.0233212 0.0577169 0.0558984 0.0562856 0.0575239 0.0142390 0.0259052 0.0761959 0.0711620 0.0568923 0.0000000 0.0417372 0.0258079 0.0155188 0.0249157 0.0381097 0.0249427 0.0280798 0.0584231 0.0544348 0.0546431 
Microbiotheriidae_Dromiciops_gliroides       0.0353061 0.0465132 0.0370486 0.0413622 0.0410782 0.0595950 0.0336630 0.0373387 0.0419690 0.0536153 0.0375850 0.0645621 0.0623760 0.0364872 0.0357922 0.0611520 0.0595637 0.0641939 0.0552409 0.0400536 0.0387292 0.0780274 0.0650919 0.0584113 0.0417372 0.0000000 0.0385842 0.0396238 0.0398356 0.0520014 0.0398119 0.0366872 0.0561107 0.0597936 0.0530602 
Pseudochiridae_Petauroides_volans            0.0206995 0.0390751 0.0270632 0.0260543 0.0257722 0.0519238 0.0210284 0.0221908 0.0259363 0.0507041 0.0228823 0.0578337 0.0558985 0.0216616 0.0198962 0.0546323 0.0524698 0.0533041 0.0532322 0.0250062 0.0139546 0.0708642 0.0664651 0.0550224 0.0258079 0.0385842 0.0000000 0.0263823 0.0132949 0.0319956 0.0209670 0.0217170 0.0527144 0.0513520 0.0493347 
Macropodidae_Wallabia_bicolor                0.0210392 0.0402684 0.0294581 0.0100823 0.0096881 0.0545661 0.0233712 0.0259693 0.0088882 0.0514125 0.0251030 0.0601755 0.0574302 0.0254508 0.0223757 0.0580359 0.0552720 0.0579706 0.0517371 0.0046621 0.0248547 0.0679591 0.0628337 0.0561658 0.0155188 0.0396238 0.0263823 0.0000000 0.0237331 0.0367155 0.0237058 0.0258395 0.0512897 0.0545526 0.0497560 
Pseudochiridae_Pseudocheirus_occidentalis    0.0192656 0.0394606 0.0284699 0.0247848 0.0247299 0.0540454 0.0187658 0.0217040 0.0241152 0.0518370 0.0229562 0.0601246 0.0580807 0.0221801 0.0192902 0.0582548 0.0536241 0.0545083 0.0544219 0.0229771 0.0064491 0.0790721 0.0738053 0.0550747 0.0249157 0.0398356 0.0132949 0.0237331 0.0000000 0.0308625 0.0186745 0.0227294 0.0540195 0.0526711 0.0525059 
Tarsipedidae_Tarsipes_rostratus              0.0313482 0.0511106 0.0387615 0.0374797 0.0378529 0.0723363 0.0346686 0.0359619 0.0372526 0.0673343 0.0368236 0.0754166 0.0763791 0.0351436 0.0291434 0.0745549 0.0750072 0.0777494 0.0716747 0.0346033 0.0304586 0.0868332 0.0778049 0.0736924 0.0381097 0.0520014 0.0319956 0.0367155 0.0308625 0.0000000 0.0281864 0.0354732 0.0719381 0.0717730 0.0647080 
Acrobatidae_Distoechurus_pennatus            0.0171780 0.0337897 0.0243715 0.0234379 0.0239371 0.0494922 0.0198167 0.0220161 0.0235576 0.0475913 0.0225099 0.0551061 0.0494557 0.0220535 0.0123027 0.0526446 0.0498772 0.0495088 0.0503364 0.0220587 0.0201404 0.0702736 0.0632853 0.0511319 0.0249427 0.0398119 0.0209670 0.0237058 0.0186745 0.0281864 0.0000000 0.0226870 0.0516233 0.0483591 0.0469864 
Phalangeridae_Phalanger_carmelitae           0.0184611 0.0384077 0.0261829 0.0250295 0.0252521 0.0518531 0.0086133 0.0039928 0.0255049 0.0517906 0.0045716 0.0555541 0.0548506 0.0020175 0.0220609 0.0528643 0.0517630 0.0526005 0.0529150 0.0254422 0.0223598 0.0720444 0.0631022 0.0518609 0.0280798 0.0366872 0.0217170 0.0258395 0.0227294 0.0354732 0.0226870 0.0000000 0.0537115 0.0511999 0.0505352 
Peramelidae_Peroryctes_raffrayana            0.0462063 0.0613457 0.0514262 0.0549902 0.0545936 0.0774874 0.0462647 0.0530920 0.0545220 0.0079090 0.0528172 0.0889634 0.0745838 0.0516848 0.0533187 0.0834292 0.0760239 0.0728360 0.0059943 0.0521856 0.0487025 0.0940212 0.0804124 0.0840438 0.0584231 0.0561107 0.0527144 0.0512897 0.0540195 0.0719381 0.0516233 0.0537115 0.0000000 0.0778831 0.0079951 
Dasyuridae_Dasyurus_geffroii                 0.0430352 0.0626915 0.0515342 0.0548673 0.0554280 0.0025466 0.0463197 0.0502871 0.0556951 0.0797700 0.0507144 0.0089477 0.0131274 0.0493760 0.0471207 0.0087710 0.0028784 0.0131347 0.0730694 0.0507750 0.0495122 0.1040863 0.0991482 0.0087733 0.0544348 0.0597936 0.0513520 0.0545526 0.0526711 0.0717730 0.0483591 0.0511999 0.0778831 0.0000000 0.0784093 
Peramelidae_Perameles_gunnii                 0.0415487 0.0591398 0.0480132 0.0531354 0.0519732 0.0770037 0.0438876 0.0496622 0.0523510 0.0002369 0.0491112 0.0886625 0.0755686 0.0486036 0.0482614 0.0842469 0.0773339 0.0752422 0.0075770 0.0501172 0.0453979 0.0948132 0.0772888 0.0819777 0.0546431 0.0530602 0.0493347 0.0497560 0.0525059 0.0647080 0.0469864 0.0505352 0.0079951 0.0784093 0.0000000 
