35
Burramyidae_Burramys_parvus                  0.0000000 0.1544179 0.0990982 0.1169390 0.1186466 0.1736883 0.0887437 0.0886404 0.1274074 0.1756025 0.0938496 0.1801105 0.1764178 0.0905429 0.1103802 0.1853889 0.1717268 0.1785098 0.1533794 0.1290218 0.1165485 0.1866646 0.1865786 0.1702365 0.1333905 0.1420707 0.1079029 0.1227208 0.1061478 0.2658751 0.0984138 0.0935814 0.1601063 0.1725141 0.1745812 
Notoryctidae_Notoryctes_typhlops             0.1544179 0.0000000 0.1494192 0.1798002 0.1815900 0.1899141 0.1547743 0.1596861 0.1990710 0.1947694 0.1662603 0.1930658 0.1900407 0.1572115 0.1729780 0.1939118 0.1855985 0.1823080 0.1701180 0.1933247 0.1700978 0.2032378 0.1884088 0.1851361 0.1965083 0.1693560 0.1597429 0.1876312 0.1665947 0.3168163 0.1625941 0.1660291 0.1782501 0.1835270 0.1927490 
Vombatidae_Lasiorhinus_latifrons             0.0990982 0.1494192 0.0000000 0.1271534 0.1282642 0.1668834 0.1079773 0.1076644 0.1371139 0.1873258 0.1111171 0.1805314 0.1721234 0.1043676 0.1199195 0.1806937 0.1668342 0.1724642 0.1563082 0.1390549 0.1234975 0.1906545 0.1827859 0.1675936 0.1376693 0.1443053 0.1117213 0.1354766 0.1147928 0.2707640 0.1141760 0.1067223 0.1711374 0.1682028 0.1868031 
Potoroidae_Bettongia_penicillata             0.1169390 0.1798002 0.1271534 0.0000000 0.0043307 0.2093813 0.1103780 0.1208378 0.0318166 0.1869348 0.1151911 0.2204258 0.2234384 0.1087998 0.1128264 0.2270067 0.2071689 0.2180270 0.1610982 0.0487478 0.1163568 0.2056608 0.2035863 0.2101533 0.0615173 0.1681340 0.1129375 0.0452321 0.1084945 0.3170138 0.1128462 0.1148365 0.1743751 0.2083680 0.1856315 
Potoroidae_Bettongia_lesueur                 0.1186466 0.1815900 0.1282642 0.0043307 0.0000000 0.2127004 0.1121471 0.1213310 0.0329282 0.1885151 0.1165741 0.2237897 0.2268009 0.1102718 0.1150355 0.2297832 0.2095612 0.2196025 0.1631023 0.0492368 0.1192026 0.2074638 0.2077014 0.2129378 0.0623667 0.1718696 0.1141387 0.0460805 0.1115969 0.3236705 0.1158300 0.1159327 0.1759201 0.2110392 0.1872102 
Dasyuridae_Dasyurus_maculatus                0.1736883 0.1899141 0.1668834 0.2093813 0.2127004 0.0000000 0.1912212 0.1929236 0.2259841 0.2564088 0.2007064 0.0332934 0.0447944 0.1892426 0.2003396 0.0338091 0.0176591 0.0398413 0.2207545 0.2248735 0.2043059 0.2316974 0.2200704 0.0290343 0.2288490 0.1658944 0.1866399 0.2207556 0.1938222 0.3373458 0.1909539 0.1951895 0.2386534 0.0155081 0.2551941 
Phalangeridae_Trichosurus_vulpecula          0.0887437 0.1547743 0.1079773 0.1103780 0.1121471 0.1912212 0.0000000 0.0374746 0.1184828 0.1808748 0.0421546 0.2018071 0.2010513 0.0350323 0.1107776 0.2055455 0.1917540 0.1967418 0.1565868 0.1238243 0.1091918 0.1932489 0.1943631 0.1969537 0.1249241 0.1550336 0.1031720 0.1159863 0.1024356 0.2884105 0.1018859 0.0360871 0.1648808 0.1914572 0.1792462 
Phalangeridae_Spilocuscus_maculatus          0.0886404 0.1596861 0.1076644 0.1208378 0.1213310 0.1929236 0.0374746 0.0000000 0.1311229 0.1907809 0.0341845 0.1996776 0.1987787 0.0269197 0.1142606 0.2061073 0.1878606 0.1959362 0.1574181 0.1278274 0.1127798 0.1934590 0.1965828 0.1921266 0.1313321 0.1651584 0.1007661 0.1226619 0.1046842 0.2879582 0.1006110 0.0220613 0.1670736 0.1892320 0.1891151 
Potoroidae_Aepyprymnus_rufescens             0.1274074 0.1990710 0.1371139 0.0318166 0.0329282 0.2259841 0.1184828 0.1311229 0.0000000 0.1988121 0.1256664 0.2338772 0.2351682 0.1207064 0.1306573 0.2371526 0.2209721 0.2325292 0.1723539 0.0393198 0.1308784 0.2284237 0.2240839 0.2268622 0.0650020 0.1868466 0.1310179 0.0370545 0.1222101 0.3218977 0.1269771 0.1250183 0.1883562 0.2222935 0.1962308 
Peramelidae_Perameles_nasuta                 0.1756025 0.1947694 0.1873258 0.1869348 0.1885151 0.2564088 0.1808748 0.1907809 0.1988121 0.0000000 0.1921771 0.2596558 0.2550791 0.1843315 0.1817919 0.2706611 0.2537198 0.2595923 0.0416784 0.2004637 0.1927099 0.2404518 0.2471026 0.2572620 0.1998588 0.2196485 0.1916585 0.1924157 0.1821488 0.3985710 0.1717704 0.1890685 0.0455537 0.2516375 0.0018166 
Phalangeridae_Strigocuscus_pelengensis       0.0938496 0.1662603 0.1111171 0.1151911 0.1165741 0.2007064 0.0421546 0.0341845 0.1256664 0.1921771 0.0000000 0.2113909 0.2101929 0.0275982 0.1119975 0.2179723 0.1994592 0.2074920 0.1611029 0.1294266 0.1142124 0.2003318 0.2000800 0.2045198 0.1277349 0.1642736 0.1071335 0.1235974 0.1046267 0.2967024 0.0999974 0.0297427 0.1723717 0.2009367 0.1902254 
Dasyuridae_Phascogale_tapoatafa              0.1801105 0.1930658 0.1805314 0.2204258 0.2237897 0.0332934 0.2018071 0.1996776 0.2338772 0.2596558 0.2113909 0.0000000 0.0364142 0.1967565 0.2158165 0.0133957 0.0275024 0.0330053 0.2248923 0.2396120 0.2106703 0.2444747 0.2288709 0.0174887 0.2364124 0.1726482 0.1917484 0.2304760 0.1993915 0.3389816 0.2027598 0.2016641 0.2425578 0.0337530 0.2582491 
Dasyuridae_Sminthopsis_macroura              0.1764178 0.1900407 0.1721234 0.2234384 0.2268009 0.0447944 0.2010513 0.1987787 0.2351682 0.2550791 0.2101929 0.0364142 0.0000000 0.1979447 0.2158151 0.0376630 0.0375636 0.0252211 0.2241944 0.2421712 0.2105526 0.2382677 0.2240353 0.0346223 0.2392787 0.1698463 0.1893244 0.2316798 0.1993633 0.3390997 0.2001471 0.2021074 0.2411024 0.0413581 0.2531914 
Phalangeridae_Phalanger_orientalis           0.0905429 0.1572115 0.1043676 0.1087998 0.1102718 0.1892426 0.0350323 0.0269197 0.1207064 0.1843315 0.0275982 0.1967565 0.1979447 0.0000000 0.1064701 0.2044396 0.1856837 0.1904328 0.1559847 0.1197077 0.1071461 0.1851765 0.1901600 0.1892733 0.1274426 0.1554758 0.0991333 0.1154426 0.0986301 0.2949546 0.0958006 0.0139443 0.1619975 0.1868236 0.1824272 
Acrobatidae_Acrobates_pygmaeus               0.1103802 0.1729780 0.1199195 0.1128264 0.1150355 0.2003396 0.1107776 0.1142606 0.1306573 0.1817919 0.1119975 0.2158165 0.2158151 0.1064701 0.0000000 0.2227579 0.1964891 0.2082772 0.1597428 0.1353921 0.1100687 0.2045873 0.2061230 0.2094518 0.1336515 0.1639262 0.1018132 0.1284690 0.1053949 0.2869187 0.0628937 0.1106172 0.1657075 0.1987218 0.1828560 
Dasyuridae_Phascogale_calura                 0.1853889 0.1939118 0.1806937 0.2270067 0.2297832 0.0338091 0.2055455 0.2061073 0.2371526 0.2706611 0.2179723 0.0133957 0.0376630 0.2044396 0.2227579 0.0000000 0.0298060 0.0355442 0.2346503 0.2475030 0.2168555 0.2495442 0.2350714 0.0175441 0.2457316 0.1756570 0.1944119 0.2384496 0.2067229 0.3453927 0.2081454 0.2076128 0.2523113 0.0346591 0.2687962 
Dasyuridae_Sarcophilus_harrisii              0.1717268 0.1855985 0.1668342 0.2071689 0.2095612 0.0176591 0.1917540 0.1878606 0.2209721 0.2537198 0.1994592 0.0275024 0.0375636 0.1856837 0.1964891 0.0298060 0.0000000 0.0332898 0.2179752 0.2228284 0.2012483 0.2290280 0.2235790 0.0223048 0.2206185 0.1632352 0.1827523 0.2142793 0.1876218 0.3409400 0.1867444 0.1912252 0.2354563 0.0165561 0.2525005 
Dasyuridae_Planigale_tenuirostris            0.1785098 0.1823080 0.1724642 0.2180270 0.2196025 0.0398413 0.1967418 0.1959362 0.2325292 0.2595923 0.2074920 0.0330053 0.0252211 0.1904328 0.2082772 0.0355442 0.0332898 0.0000000 0.2155402 0.2375281 0.2073561 0.2358488 0.2147804 0.0329233 0.2341628 0.1672689 0.1905706 0.2254210 0.1998906 0.3208268 0.2016769 0.1925701 0.2424946 0.0386889 0.2550975 
Peramelidae_Echymipera_kalubu                0.1533794 0.1701180 0.1563082 0.1610982 0.1631023 0.2207545 0.1565868 0.1574181 0.1723539 0.0416784 0.1611029 0.2248923 0.2241944 0.1559847 0.1597428 0.2346503 0.2179752 0.2155402 0.0000000 0.1712317 0.1625339 0.2195429 0.2168100 0.2182023 0.1744062 0.1896420 0.1630722 0.1657782 0.1568172 0.3638436 0.1535657 0.1590236 0.0282195 0.2167329 0.0420747 
Macropodidae_Dorcopsulus_vanheurni           0.1290218 0.1933247 0.1390549 0.0487478 0.0492368 0.2248735 0.1238243 0.1278274 0.0393198 0.2004637 0.1294266 0.2396120 0.2421712 0.1197077 0.1353921 0.2475030 0.2228284 0.2375281 0.1712317 0.0000000 0.1275248 0.2207641 0.2244898 0.2322488 0.0638274 0.1851260 0.1300936 0.0177167 0.1221216 0.3188040 0.1291289 0.1241472 0.1833968 0.2248413 0.1985028 
Pseudochiridae_Pseudochirulus_forbesi        0.1165485 0.1700978 0.1234975 0.1163568 0.1192026 0.2043059 0.1091918 0.1127798 0.1308784 0.1927099 0.1142124 0.2106703 0.2105526 0.1071461 0.1100687 0.2168555 0.2012483 0.2073561 0.1625339 0.1275248 0.0000000 0.2064782 0.2088645 0.2068108 0.1336586 0.1678678 0.0575157 0.1248592 0.0256552 0.2845203 0.0964945 0.1096741 0.1775904 0.2047311 0.1950835 
Didelphidae_Didelphis_virginiana             0.1866646 0.2032378 0.1906545 0.2056608 0.2074638 0.2316974 0.1932489 0.1934590 0.2284237 0.2404518 0.2003318 0.2444747 0.2382677 0.1851765 0.2045873 0.2495442 0.2290280 0.2358488 0.2195429 0.2207641 0.2064782 0.0000000 0.0515548 0.2378795 0.2296274 0.1928765 0.1986293 0.2152707 0.1953106 0.4385409 0.1927582 0.1929948 0.2204129 0.2296770 0.2405023 
Marmosidae_Monodelphis_domestica             0.1865786 0.1884088 0.1827859 0.2035863 0.2077014 0.2200704 0.1943631 0.1965828 0.2240839 0.2471026 0.2000800 0.2288709 0.2240353 0.1901600 0.2061230 0.2350714 0.2235790 0.2147804 0.2168100 0.2244898 0.2088645 0.0515548 0.0000000 0.2229976 0.2301865 0.1893203 0.1960463 0.2155935 0.1988319 0.4170221 0.1951325 0.1980427 0.2333310 0.2256414 0.2478372 
Dasyuridae_Antechinus_stuartii               0.1702365 0.1851361 0.1675936 0.2101533 0.2129378 0.0290343 0.1969537 0.1921266 0.2268622 0.2572620 0.2045198 0.0174887 0.0346223 0.1892733 0.2094518 0.0175441 0.0223048 0.0329233 0.2182023 0.2322488 0.2068108 0.2378795 0.2229976 0.0000000 0.2314177 0.1613416 0.1824462 0.2252128 0.1924211 0.3243119 0.1948690 0.1964981 0.2408881 0.0275602 0.2549430 
Hypsiprymnodontidae_Hypsiprymnodon_moschatus 0.1333905 0.1965083 0.1376693 0.0615173 0.0623667 0.2288490 0.1249241 0.1313321 0.0650020 0.1998588 0.1277349 0.2364124 0.2392787 0.1274426 0.1336515 0.2457316 0.2206185 0.2341628 0.1744062 0.0638274 0.1336586 0.2296274 0.2301865 0.2314177 0.0000000 0.1874701 0.1306359 0.0604468 0.1239719 0.3110265 0.1206887 0.1313471 0.1888920 0.2264257 0.1995916 
Microbiotheriidae_Dromiciops_gliroides       0.1420707 0.1693560 0.1443053 0.1681340 0.1718696 0.1658944 0.1550336 0.1651584 0.1868466 0.2196485 0.1642736 0.1726482 0.1698463 0.1554758 0.1639262 0.1756570 0.1632352 0.1672689 0.1896420 0.1851260 0.1678678 0.1928765 0.1893203 0.1613416 0.1874701 0.0000000 0.1566587 0.1774660 0.1582162 0.2903676 0.1616083 0.1613487 0.2031622 0.1659333 0.2174796 
Pseudochiridae_Petauroides_volans            0.1079029 0.1597429 0.1117213 0.1129375 0.1141387 0.1866399 0.1031720 0.1007661 0.1310179 0.1916585 0.1071335 0.1917484 0.1893244 0.0991333 0.1018132 0.1944119 0.1827523 0.1905706 0.1630722 0.1300936 0.0575157 0.1986293 0.1960463 0.1824462 0.1306359 0.1566587 0.0000000 0.1251188 0.0471205 0.2300747 0.0937037 0.1037680 0.1749627 0.1885377 0.1945371 
Macropodidae_Wallabia_bicolor                0.1227208 0.1876312 0.1354766 0.0452321 0.0460805 0.2207556 0.1159863 0.1226619 0.0370545 0.1924157 0.1235974 0.2304760 0.2316798 0.1154426 0.1284690 0.2384496 0.2142793 0.2254210 0.1657782 0.0177167 0.1248592 0.2152707 0.2155935 0.2252128 0.0604468 0.1774660 0.1251188 0.0000000 0.1194308 0.3036470 0.1191872 0.1190501 0.1762354 0.2184947 0.1892464 
Pseudochiridae_Pseudocheirus_occidentalis    0.1061478 0.1665947 0.1147928 0.1084945 0.1115969 0.1938222 0.1024356 0.1046842 0.1222101 0.1821488 0.1046267 0.1993915 0.1993633 0.0986301 0.1053949 0.2067229 0.1876218 0.1998906 0.1568172 0.1221216 0.0256552 0.1953106 0.1988319 0.1924211 0.1239719 0.1582162 0.0471205 0.1194308 0.0000000 0.2593512 0.0881957 0.1033244 0.1673653 0.1924742 0.1835704 
Tarsipedidae_Tarsipes_rostratus              0.2658751 0.3168163 0.2707640 0.3170138 0.3236705 0.3373458 0.2884105 0.2879582 0.3218977 0.3985710 0.2967024 0.3389816 0.3390997 0.2949546 0.2869187 0.3453927 0.3409400 0.3208268 0.3638436 0.3188040 0.2845203 0.4385409 0.4170221 0.3243119 0.3110265 0.2903676 0.2300747 0.3036470 0.2593512 0.0000000 0.2573462 0.2943870 0.3668303 0.3377367 0.4002867 
Acrobatidae_Distoechurus_pennatus            0.0984138 0.1625941 0.1141760 0.1128462 0.1158300 0.1909539 0.1018859 0.1006110 0.1269771 0.1717704 0.0999974 0.2027598 0.2001471 0.0958006 0.0628937 0.2081454 0.1867444 0.2016769 0.1535657 0.1291289 0.0964945 0.1927582 0.1951325 0.1948690 0.1206887 0.1616083 0.0937037 0.1191872 0.0881957 0.2573462 0.0000000 0.0999132 0.1618649 0.1910271 0.1737875 
Phalangeridae_Phalanger_carmelitae           0.0935814 0.1660291 0.1067223 0.1148365 0.1159327 0.1951895 0.0360871 0.0220613 0.1250183 0.1890685 0.0297427 0.2016641 0.2021074 0.0139443 0.1106172 0.2076128 0.1912252 0.1925701 0.1590236 0.1241472 0.1096741 0.1929948 0.1980427 0.1964981 0.1313471 0.1613487 0.1037680 0.1190501 0.1033244 0.2943870 0.0999132 0.0000000 0.1687745 0.1944801 0.1871656 
Peramelidae_Peroryctes_raffrayana            0.1601063 0.1782501 0.1711374 0.1743751 0.1759201 0.2386534 0.1648808 0.1670736 0.1883562 0.0455537 0.1723717 0.2425578 0.2411024 0.1619975 0.1657075 0.2523113 0.2354563 0.2424946 0.0282195 0.1833968 0.1775904 0.2204129 0.2333310 0.2408881 0.1888920 0.2031622 0.1749627 0.1762354 0.1673653 0.3668303 0.1618649 0.1687745 0.0000000 0.2323015 0.0463623 
Dasyuridae_Dasyurus_geffroii                 0.1725141 0.1835270 0.1682028 0.2083680 0.2110392 0.0155081 0.1914572 0.1892320 0.2222935 0.2516375 0.2009367 0.0337530 0.0413581 0.1868236 0.1987218 0.0346591 0.0165561 0.0386889 0.2167329 0.2248413 0.2047311 0.2296770 0.2256414 0.0275602 0.2264257 0.1659333 0.1885377 0.2184947 0.1924742 0.3377367 0.1910271 0.1944801 0.2323015 0.0000000 0.2504203 
Peramelidae_Perameles_gunnii                 0.1745812 0.1927490 0.1868031 0.1856315 0.1872102 0.2551941 0.1792462 0.1891151 0.1962308 0.0018166 0.1902254 0.2582491 0.2531914 0.1824272 0.1828560 0.2687962 0.2525005 0.2550975 0.0420747 0.1985028 0.1950835 0.2405023 0.2478372 0.2549430 0.1995916 0.2174796 0.1945371 0.1892464 0.1835704 0.4002867 0.1737875 0.1871656 0.0463623 0.2504203 0.0000000 
