35
Burramyidae_Burramys_parvus                  0.0000000 0.1501834 0.0754864 0.0696821 0.0713998 0.0987069 0.0632885 0.0843728 0.0770084 0.1217379 0.0673155 0.0940085 0.1041985 0.0687267 0.0687528 0.1196118 0.0719059 0.0723539 0.1308303 0.1272367 0.0693559 0.1085825 0.0745335 0.0733874 0.0716767 0.0878175 0.0797518 0.0684920 0.1171618 0.0980534 0.1219656 0.0966942 0.0866774 0.1000520 0.0944664 
Notoryctidae_Notoryctes_typhlops             0.1501834 0.0000000 0.1177575 0.1333357 0.1381628 0.1458096 0.1209365 0.1369263 0.1361004 0.1460401 0.1343771 0.1451886 0.1521231 0.1303237 0.1289215 0.1503357 0.1373705 0.1287307 0.1737154 0.1754813 0.1356734 0.1495837 0.1327963 0.1408929 0.1274988 0.1641132 0.1311133 0.1370654 0.1392638 0.1435564 0.1466165 0.1329612 0.1281849 0.1402800 0.1339283 
Vombatidae_Lasiorhinus_latifrons             0.0754864 0.1177575 0.0000000 0.0801341 0.0805307 0.0973783 0.0690950 0.0838069 0.0801940 0.1119698 0.0788038 0.0903134 0.0981087 0.0730811 0.0790142 0.1088616 0.0791302 0.0747054 0.1260669 0.1204539 0.0757435 0.1054765 0.0822653 0.0821228 0.0784865 0.0997985 0.0783446 0.0763000 0.1099585 0.0988688 0.1112068 0.0886738 0.0830908 0.0953274 0.0891521 
Potoroidae_Bettongia_penicillata             0.0696821 0.1333357 0.0801341 0.0000000 0.0039445 0.1056776 0.0708393 0.0830345 0.0162785 0.1236714 0.0795734 0.1018128 0.1085766 0.0738333 0.0777769 0.1263567 0.0281063 0.0733913 0.1353833 0.1338363 0.0444115 0.1183723 0.0843822 0.0292055 0.0724801 0.0996777 0.0847493 0.0784584 0.1199740 0.1084540 0.1246944 0.0940154 0.0863880 0.0948762 0.0876554 
Potoroidae_Bettongia_lesueur                 0.0713998 0.1381628 0.0805307 0.0039445 0.0000000 0.1039549 0.0709185 0.0831295 0.0156870 0.1241855 0.0804354 0.0996621 0.1077713 0.0738659 0.0793829 0.1273340 0.0281262 0.0746076 0.1382901 0.1367760 0.0458069 0.1179008 0.0852616 0.0298588 0.0725244 0.1005810 0.0851979 0.0784947 0.1223707 0.1071944 0.1252109 0.0916422 0.0840558 0.0938387 0.0879159 
Dasyuridae_Dasyurus_maculatus                0.0987069 0.1458096 0.0973783 0.1056776 0.1039549 0.0000000 0.0987412 0.1137250 0.1066991 0.1218089 0.1071441 0.0208541 0.0328506 0.1006149 0.1073092 0.1232499 0.1062375 0.1056618 0.1245356 0.1224532 0.1049703 0.1087241 0.1152320 0.1116410 0.1047948 0.1276729 0.1073093 0.1050799 0.1201984 0.0115069 0.1211143 0.0222220 0.0088794 0.0325944 0.0221601 
Phalangeridae_Trichosurus_vulpecula          0.0632885 0.1209365 0.0690950 0.0708393 0.0709185 0.0987412 0.0000000 0.0373495 0.0740463 0.1150397 0.0282786 0.0967259 0.1069130 0.0234040 0.0679979 0.1144382 0.0688160 0.0623015 0.1271594 0.1316064 0.0738237 0.1053636 0.0718024 0.0711342 0.0628726 0.0953575 0.0705686 0.0279863 0.1129567 0.0986095 0.1142127 0.0951444 0.0882930 0.0990701 0.0925269 
Phalangeridae_Spilocuscus_maculatus          0.0843728 0.1369263 0.0838069 0.0830345 0.0831295 0.1137250 0.0373495 0.0000000 0.0820708 0.1264341 0.0379953 0.1088006 0.1176208 0.0286008 0.0853939 0.1294138 0.0841267 0.0771076 0.1394461 0.1447400 0.0865485 0.1182942 0.0906177 0.0845558 0.0764133 0.1097765 0.0868757 0.0376188 0.1248104 0.1121461 0.1274189 0.1083498 0.1031578 0.1126609 0.1095324 
Potoroidae_Aepyprymnus_rufescens             0.0770084 0.1361004 0.0801940 0.0162785 0.0156870 0.1066991 0.0740463 0.0820708 0.0000000 0.1222372 0.0808065 0.1015336 0.1118735 0.0734032 0.0829089 0.1269192 0.0294138 0.0771080 0.1351095 0.1340544 0.0458641 0.1168287 0.0878502 0.0311515 0.0769358 0.1028846 0.0843561 0.0772242 0.1234171 0.1084913 0.1236015 0.0911446 0.0835583 0.0977582 0.0877610 
Peramelidae_Perameles_nasuta                 0.1217379 0.1460401 0.1119698 0.1236714 0.1241855 0.1218089 0.1150397 0.1264341 0.1222372 0.0000000 0.1189742 0.1176869 0.1264321 0.1103109 0.1172420 0.0214773 0.1186582 0.1152997 0.1473484 0.1489881 0.1179865 0.1316833 0.1240882 0.1243325 0.1135755 0.1429495 0.1220200 0.1197969 0.0207406 0.1196288 0.0011290 0.1025196 0.0981702 0.1060633 0.1024933 
Phalangeridae_Strigocuscus_pelengensis       0.0673155 0.1343771 0.0788038 0.0795734 0.0804354 0.1071441 0.0282786 0.0379953 0.0808065 0.1189742 0.0000000 0.1051797 0.1135364 0.0218772 0.0729136 0.1211215 0.0807517 0.0671596 0.1345755 0.1364006 0.0810540 0.1166189 0.0798726 0.0815673 0.0683767 0.1009702 0.0784110 0.0228540 0.1167322 0.1079398 0.1198812 0.1055934 0.0965588 0.1104250 0.1038479 
Dasyuridae_Phascogale_tapoatafa              0.0940085 0.1451886 0.0903134 0.1018128 0.0996621 0.0208541 0.0967259 0.1088006 0.1015336 0.1176869 0.1051797 0.0000000 0.0274036 0.1006345 0.1064153 0.1144644 0.1023627 0.1003435 0.1266780 0.1207353 0.1029260 0.0997593 0.1107322 0.1081855 0.1009471 0.1210175 0.1077663 0.1050782 0.1160171 0.0195486 0.1169810 0.0049077 0.0169887 0.0309052 0.0137218 
Dasyuridae_Sminthopsis_macroura              0.1041985 0.1521231 0.0981087 0.1085766 0.1077713 0.0328506 0.1069130 0.1176208 0.1118735 0.1264321 0.1135364 0.0274036 0.0000000 0.1073374 0.1121658 0.1239833 0.1062787 0.1062490 0.1304796 0.1288869 0.1107314 0.1154551 0.1124048 0.1136493 0.1055415 0.1260118 0.1126095 0.1133159 0.1233494 0.0315280 0.1265697 0.0299040 0.0260326 0.0292751 0.0344241 
Phalangeridae_Phalanger_orientalis           0.0687267 0.1303237 0.0730811 0.0738333 0.0738659 0.1006149 0.0234040 0.0286008 0.0734032 0.1103109 0.0218772 0.1006345 0.1073374 0.0000000 0.0704314 0.1149292 0.0721254 0.0617164 0.1289722 0.1348270 0.0744513 0.1104752 0.0741075 0.0735771 0.0607692 0.0932929 0.0737361 0.0151688 0.1126631 0.0997092 0.1111661 0.0948285 0.0879401 0.1003482 0.0963025 
Acrobatidae_Acrobates_pygmaeus               0.0687528 0.1289215 0.0790142 0.0777769 0.0793829 0.1073092 0.0679979 0.0853939 0.0829089 0.1172420 0.0729136 0.1064153 0.1121658 0.0704314 0.0000000 0.1164292 0.0802889 0.0598251 0.1323588 0.1292304 0.0754732 0.1169525 0.0670047 0.0835021 0.0582839 0.0853229 0.0411453 0.0762409 0.1154370 0.1087580 0.1178780 0.1002708 0.0912867 0.1047750 0.1013454 
Peramelidae_Echymipera_kalubu                0.1196118 0.1503357 0.1088616 0.1263567 0.1273340 0.1232499 0.1144382 0.1294138 0.1269192 0.0214773 0.1211215 0.1144644 0.1239833 0.1149292 0.1164292 0.0000000 0.1218930 0.1227063 0.1510491 0.1471831 0.1195882 0.1331923 0.1234268 0.1257818 0.1178376 0.1407575 0.1223308 0.1226295 0.0183837 0.1190394 0.0202509 0.1017273 0.0987649 0.1058528 0.0996857 
Macropodidae_Dorcopsulus_vanheurni           0.0719059 0.1373705 0.0791302 0.0281063 0.0281262 0.1062375 0.0688160 0.0841267 0.0294138 0.1186582 0.0807517 0.1023627 0.1062787 0.0721254 0.0802889 0.1218930 0.0000000 0.0687934 0.1327805 0.1333700 0.0437029 0.1151981 0.0816842 0.0118314 0.0690597 0.1022905 0.0816576 0.0759212 0.1179803 0.1068237 0.1200046 0.0912337 0.0849204 0.0971084 0.0905468 
Pseudochiridae_Pseudochirulus_forbesi        0.0723539 0.1287307 0.0747054 0.0733913 0.0746076 0.1056618 0.0623015 0.0771076 0.0771080 0.1152997 0.0671596 0.1003435 0.1062490 0.0617164 0.0598251 0.1227063 0.0687934 0.0000000 0.1255720 0.1311996 0.0755612 0.1161590 0.0437313 0.0718517 0.0211630 0.0823176 0.0667704 0.0681573 0.1166662 0.1062901 0.1158860 0.0959080 0.0896919 0.1034131 0.0974046 
Didelphidae_Didelphis_virginiana             0.1308303 0.1737154 0.1260669 0.1353833 0.1382901 0.1245356 0.1271594 0.1394461 0.1351095 0.1473484 0.1345755 0.1266780 0.1304796 0.1289722 0.1323588 0.1510491 0.1327805 0.1255720 0.0000000 0.0411673 0.1344038 0.1300979 0.1402781 0.1387126 0.1261081 0.1497866 0.1294204 0.1349493 0.1474434 0.1232330 0.1484117 0.1250511 0.1148737 0.1236054 0.1203688 
Marmosidae_Monodelphis_domestica             0.1272367 0.1754813 0.1204539 0.1338363 0.1367760 0.1224532 0.1316064 0.1447400 0.1340544 0.1489881 0.1364006 0.1207353 0.1288869 0.1348270 0.1292304 0.1471831 0.1333700 0.1311996 0.0411673 0.0000000 0.1282310 0.1315625 0.1445215 0.1365418 0.1297333 0.1512439 0.1236971 0.1398847 0.1470829 0.1194277 0.1487750 0.1193586 0.1116944 0.1221509 0.1183796 
Hypsiprymnodontidae_Hypsiprymnodon_moschatus 0.0693559 0.1356734 0.0757435 0.0444115 0.0458069 0.1049703 0.0738237 0.0865485 0.0458641 0.1179865 0.0810540 0.1029260 0.1107314 0.0744513 0.0754732 0.1195882 0.0437029 0.0755612 0.1344038 0.1282310 0.0000000 0.1099889 0.0871542 0.0466821 0.0750885 0.0940786 0.0836343 0.0788619 0.1155940 0.1077137 0.1189849 0.1008470 0.0944527 0.1063226 0.0976274 
Microbiotheriidae_Dromiciops_gliroides       0.1085825 0.1495837 0.1054765 0.1183723 0.1179008 0.1087241 0.1053636 0.1182942 0.1168287 0.1316833 0.1166189 0.0997593 0.1154551 0.1104752 0.1169525 0.1331923 0.1151981 0.1161590 0.1300979 0.1315625 0.1099889 0.0000000 0.1279240 0.1190280 0.1182693 0.1308542 0.1224153 0.1109815 0.1325002 0.1071867 0.1321480 0.1013173 0.1009856 0.1140760 0.1060933 
Pseudochiridae_Petauroides_volans            0.0745335 0.1327963 0.0822653 0.0843822 0.0852616 0.1152320 0.0718024 0.0906177 0.0878502 0.1240882 0.0798726 0.1107322 0.1124048 0.0741075 0.0670047 0.1234268 0.0816842 0.0437313 0.1402781 0.1445215 0.0871542 0.1279240 0.0000000 0.0843288 0.0406733 0.0845041 0.0741766 0.0788281 0.1212899 0.1126074 0.1246613 0.1106939 0.1033300 0.1164237 0.1109866 
Macropodidae_Wallabia_bicolor                0.0733874 0.1408929 0.0821228 0.0292055 0.0298588 0.1116410 0.0711342 0.0845558 0.0311515 0.1243325 0.0815673 0.1081855 0.1136493 0.0735771 0.0835021 0.1257818 0.0118314 0.0718517 0.1387126 0.1365418 0.0466821 0.1190280 0.0843288 0.0000000 0.0725129 0.1034380 0.0857226 0.0787108 0.1218709 0.1121569 0.1257030 0.0965252 0.0894874 0.1046208 0.0940665 
Pseudochiridae_Pseudocheirus_occidentalis    0.0716767 0.1274988 0.0784865 0.0724801 0.0725244 0.1047948 0.0628726 0.0764133 0.0769358 0.1135755 0.0683767 0.1009471 0.1055415 0.0607692 0.0582839 0.1178376 0.0690597 0.0211630 0.1261081 0.1297333 0.0750885 0.1182693 0.0406733 0.0725129 0.0000000 0.0763710 0.0615139 0.0692237 0.1159878 0.1049623 0.1141576 0.0993371 0.0904195 0.1073712 0.0994441 
Tarsipedidae_Tarsipes_rostratus              0.0878175 0.1641132 0.0997985 0.0996777 0.1005810 0.1276729 0.0953575 0.1097765 0.1028846 0.1429495 0.1009702 0.1210175 0.1260118 0.0932929 0.0853229 0.1407575 0.1022905 0.0823176 0.1497866 0.1512439 0.0940786 0.1308542 0.0845041 0.1034380 0.0763710 0.0000000 0.0883188 0.1012008 0.1382028 0.1250126 0.1437018 0.1205706 0.1142967 0.1251723 0.1205000 
Acrobatidae_Distoechurus_pennatus            0.0797518 0.1311133 0.0783446 0.0847493 0.0851979 0.1073093 0.0705686 0.0868757 0.0843561 0.1220200 0.0784110 0.1077663 0.1126095 0.0737361 0.0411453 0.1223308 0.0816576 0.0667704 0.1294204 0.1236971 0.0836343 0.1224153 0.0741766 0.0857226 0.0615139 0.0883188 0.0000000 0.0767663 0.1222580 0.1074919 0.1217779 0.1009226 0.0938628 0.1069496 0.1019279 
Phalangeridae_Phalanger_carmelitae           0.0684920 0.1370654 0.0763000 0.0784584 0.0784947 0.1050799 0.0279863 0.0376188 0.0772242 0.1197969 0.0228540 0.1050782 0.1133159 0.0151688 0.0762409 0.1226295 0.0759212 0.0681573 0.1349493 0.1398847 0.0788619 0.1109815 0.0788281 0.0787108 0.0692237 0.1012008 0.0767663 0.0000000 0.1218439 0.1079049 0.1207952 0.1061922 0.0988406 0.1104466 0.1060574 
Peramelidae_Peroryctes_raffrayana            0.1171618 0.1392638 0.1099585 0.1199740 0.1223707 0.1201984 0.1129567 0.1248104 0.1234171 0.0207406 0.1167322 0.1160171 0.1233494 0.1126631 0.1154370 0.0183837 0.1179803 0.1166662 0.1474434 0.1470829 0.1155940 0.1325002 0.1212899 0.1218709 0.1159878 0.1382028 0.1222580 0.1218439 0.0000000 0.1189802 0.0219925 0.1010541 0.0954634 0.1054663 0.1007244 
Dasyuridae_Dasyurus_geffroii                 0.0980534 0.1435564 0.0988688 0.1084540 0.1071944 0.0115069 0.0986095 0.1121461 0.1084913 0.1196288 0.1079398 0.0195486 0.0315280 0.0997092 0.1087580 0.1190394 0.1068237 0.1062901 0.1232330 0.1194277 0.1077137 0.1071867 0.1126074 0.1121569 0.1049623 0.1250126 0.1074919 0.1079049 0.1189802 0.0000000 0.1189319 0.0222686 0.0099047 0.0326901 0.0243761 
Peramelidae_Perameles_gunnii                 0.1219656 0.1466165 0.1112068 0.1246944 0.1252109 0.1211143 0.1142127 0.1274189 0.1236015 0.0011290 0.1198812 0.1169810 0.1265697 0.1111661 0.1178780 0.0202509 0.1200046 0.1158860 0.1484117 0.1487750 0.1189849 0.1321480 0.1246613 0.1257030 0.1141576 0.1437018 0.1217779 0.1207952 0.0219925 0.1189319 0.0000000 0.1027403 0.0983795 0.1067807 0.1031874 
Dasyuridae_Phascogale_calura                 0.0966942 0.1329612 0.0886738 0.0940154 0.0916422 0.0222220 0.0951444 0.1083498 0.0911446 0.1025196 0.1055934 0.0049077 0.0299040 0.0948285 0.1002708 0.1017273 0.0912337 0.0959080 0.1250511 0.1193586 0.1008470 0.1013173 0.1106939 0.0965252 0.0993371 0.1205706 0.1009226 0.1061922 0.1010541 0.0222686 0.1027403 0.0000000 0.0190479 0.0320251 0.0158061 
Dasyuridae_Sarcophilus_harrisii              0.0866774 0.1281849 0.0830908 0.0863880 0.0840558 0.0088794 0.0882930 0.1031578 0.0835583 0.0981702 0.0965588 0.0169887 0.0260326 0.0879401 0.0912867 0.0987649 0.0849204 0.0896919 0.1148737 0.1116944 0.0944527 0.1009856 0.1033300 0.0894874 0.0904195 0.1142967 0.0938628 0.0988406 0.0954634 0.0099047 0.0983795 0.0190479 0.0000000 0.0292011 0.0200023 
Dasyuridae_Planigale_tenuirostris            0.1000520 0.1402800 0.0953274 0.0948762 0.0938387 0.0325944 0.0990701 0.1126609 0.0977582 0.1060633 0.1104250 0.0309052 0.0292751 0.1003482 0.1047750 0.1058528 0.0971084 0.1034131 0.1236054 0.1221509 0.1063226 0.1140760 0.1164237 0.1046208 0.1073712 0.1251723 0.1069496 0.1104466 0.1054663 0.0326901 0.1067807 0.0320251 0.0292011 0.0000000 0.0330551 
Dasyuridae_Antechinus_stuartii               0.0944664 0.1339283 0.0891521 0.0876554 0.0879159 0.0221601 0.0925269 0.1095324 0.0877610 0.1024933 0.1038479 0.0137218 0.0344241 0.0963025 0.1013454 0.0996857 0.0905468 0.0974046 0.1203688 0.1183796 0.0976274 0.1060933 0.1109866 0.0940665 0.0994441 0.1205000 0.1019279 0.1060574 0.1007244 0.0243761 0.1031874 0.0158061 0.0200023 0.0330551 0.0000000 
