35
Burramyidae_Burramys_parvus                  0.0000000 0.0847813 0.0463020 0.0519877 0.0430568 0.0629390 0.0342975 0.0368988 0.0489214 0.0766662 0.0335128 0.0645048 0.0661157 0.0417211 0.0539665 0.0641143 0.0640189 0.0657936 0.0745055 0.0457895 0.0813570 0.0819749 0.0841209 0.0640227 0.0465494 0.0511354 0.0419605 0.0454405 0.0511221 0.0516575 0.0471776 0.0406560 0.0694374 0.0627580 0.0793350 
Notoryctidae_Notoryctes_typhlops             0.0847813 0.0000000 0.0925213 0.1066449 0.1020825 0.1076177 0.0903867 0.0918155 0.1108502 0.1364479 0.0872645 0.1056185 0.1098883 0.0959612 0.0949975 0.1062327 0.1091031 0.1134690 0.1298604 0.1097080 0.1265881 0.1366960 0.1477906 0.1085372 0.1136576 0.0948169 0.0888124 0.1101214 0.1061901 0.1129771 0.1026027 0.0936139 0.1329710 0.1082023 0.1385753 
Vombatidae_Lasiorhinus_latifrons             0.0463020 0.0925213 0.0000000 0.0661829 0.0540367 0.0655420 0.0468520 0.0473015 0.0598724 0.0833935 0.0439078 0.0682271 0.0698270 0.0528076 0.0612009 0.0678286 0.0666113 0.0720627 0.0808750 0.0614588 0.0876544 0.0923117 0.0941706 0.0669229 0.0579270 0.0591008 0.0524589 0.0587830 0.0584266 0.0654598 0.0529994 0.0516817 0.0796215 0.0661371 0.0829339 
Potoroidae_Bettongia_penicillata             0.0519877 0.1066449 0.0661829 0.0000000 0.0083728 0.0818715 0.0558093 0.0575177 0.0155131 0.0965595 0.0549312 0.0849407 0.0831515 0.0620223 0.0766902 0.0835623 0.0807309 0.0898954 0.0977149 0.0217434 0.1094267 0.1125826 0.1136130 0.0856359 0.0357303 0.0774165 0.0729910 0.0238545 0.0823174 0.0718869 0.0674572 0.0607818 0.0986062 0.0819981 0.1006979 
Potoroidae_Bettongia_lesueur                 0.0430568 0.1020825 0.0540367 0.0083728 0.0000000 0.0697296 0.0432163 0.0473102 0.0075834 0.0831934 0.0443272 0.0734838 0.0733452 0.0511376 0.0633209 0.0722078 0.0691777 0.0767912 0.0859891 0.0153048 0.0922173 0.1014128 0.1028937 0.0741573 0.0282513 0.0640990 0.0575399 0.0160361 0.0649515 0.0624177 0.0538462 0.0500053 0.0839067 0.0703294 0.0879431 
Dasyuridae_Dasyurus_maculatus                0.0629390 0.1076177 0.0655420 0.0818715 0.0697296 0.0000000 0.0581040 0.0602574 0.0760530 0.0928892 0.0562852 0.0135427 0.0203744 0.0657794 0.0799098 0.0142716 0.0043609 0.0214199 0.0903999 0.0729380 0.1056987 0.1011883 0.1045515 0.0133807 0.0744768 0.0594156 0.0583977 0.0736941 0.0771405 0.0728700 0.0683710 0.0645657 0.0861011 0.0027927 0.0955652 
Phalangeridae_Trichosurus_vulpecula          0.0342975 0.0903867 0.0468520 0.0558093 0.0432163 0.0581040 0.0000000 0.0143146 0.0477188 0.0723287 0.0121661 0.0585012 0.0613192 0.0158544 0.0477193 0.0581273 0.0588046 0.0649127 0.0701204 0.0485199 0.0758197 0.0825410 0.0849710 0.0571513 0.0472158 0.0528008 0.0351653 0.0476274 0.0473574 0.0510658 0.0450602 0.0150729 0.0637221 0.0572070 0.0754287 
Phalangeridae_Spilocuscus_maculatus          0.0368988 0.0918155 0.0473015 0.0575177 0.0473102 0.0602574 0.0143146 0.0000000 0.0499818 0.0746377 0.0042828 0.0607171 0.0619129 0.0062387 0.0485145 0.0603321 0.0605970 0.0663725 0.0741186 0.0494764 0.0804567 0.0891319 0.0909719 0.0609559 0.0456310 0.0535900 0.0373531 0.0496336 0.0527882 0.0539910 0.0471847 0.0055324 0.0696479 0.0590979 0.0798028 
Potoroidae_Aepyprymnus_rufescens             0.0489214 0.1108502 0.0598724 0.0155131 0.0075834 0.0760530 0.0477188 0.0499818 0.0000000 0.0879855 0.0469963 0.0769435 0.0744669 0.0537473 0.0678880 0.0760195 0.0746351 0.0802482 0.0889442 0.0179738 0.0943034 0.1060185 0.1083819 0.0768500 0.0318475 0.0699472 0.0572372 0.0187310 0.0688963 0.0668644 0.0584850 0.0526170 0.0851719 0.0766497 0.0927223 
Peramelidae_Perameles_nasuta                 0.0766662 0.1364479 0.0833935 0.0965595 0.0831934 0.0928892 0.0723287 0.0746377 0.0879855 0.0000000 0.0709986 0.0944416 0.0910947 0.0777773 0.0959121 0.0959787 0.0942096 0.0977368 0.0097634 0.0925342 0.1208974 0.1090376 0.1169717 0.0981180 0.0907164 0.0785718 0.0687702 0.0870260 0.0938950 0.0961782 0.0828452 0.0755774 0.0105614 0.0949319 0.0009479 
Phalangeridae_Strigocuscus_pelengensis       0.0335128 0.0872645 0.0439078 0.0549312 0.0443272 0.0562852 0.0121661 0.0042828 0.0469963 0.0709986 0.0000000 0.0571344 0.0591631 0.0065365 0.0443320 0.0567634 0.0566289 0.0618892 0.0687501 0.0467560 0.0750918 0.0875838 0.0903055 0.0568318 0.0436116 0.0508996 0.0332472 0.0468122 0.0488031 0.0478942 0.0423163 0.0058102 0.0640463 0.0550931 0.0760666 
Dasyuridae_Phascogale_tapoatafa              0.0645048 0.1056185 0.0682271 0.0849407 0.0734838 0.0135427 0.0585012 0.0607171 0.0769435 0.0944416 0.0571344 0.0000000 0.0212284 0.0662972 0.0830153 0.0017684 0.0135346 0.0226541 0.0920141 0.0757083 0.1092985 0.0998208 0.1029962 0.0055714 0.0737915 0.0644842 0.0615987 0.0775589 0.0808916 0.0774287 0.0725828 0.0642841 0.0879643 0.0135257 0.0971157 
Dasyuridae_Sminthopsis_macroura              0.0661157 0.1098883 0.0698270 0.0831515 0.0733452 0.0203744 0.0613192 0.0619129 0.0744669 0.0910947 0.0591631 0.0212284 0.0000000 0.0679025 0.0844263 0.0232922 0.0209297 0.0208307 0.0891368 0.0783560 0.1134023 0.1073018 0.1124374 0.0225006 0.0766650 0.0662139 0.0645426 0.0788194 0.0854428 0.0805531 0.0717538 0.0658718 0.0847025 0.0209215 0.0951156 
Phalangeridae_Phalanger_orientalis           0.0417211 0.0959612 0.0528076 0.0620223 0.0511376 0.0657794 0.0158544 0.0062387 0.0537473 0.0777773 0.0065365 0.0662972 0.0679025 0.0000000 0.0545126 0.0659019 0.0661237 0.0726730 0.0771458 0.0561478 0.0856237 0.0959357 0.0969580 0.0661447 0.0515723 0.0622820 0.0410906 0.0550048 0.0557269 0.0589516 0.0497538 0.0010678 0.0717477 0.0645868 0.0828986 
Acrobatidae_Acrobates_pygmaeus               0.0539665 0.0949975 0.0612009 0.0766902 0.0633209 0.0799098 0.0477193 0.0485145 0.0678880 0.0959121 0.0443320 0.0830153 0.0844263 0.0545126 0.0000000 0.0817460 0.0802952 0.0868458 0.0910921 0.0704677 0.0860797 0.1083995 0.1044316 0.0824259 0.0640457 0.0681089 0.0506178 0.0695242 0.0519537 0.0652032 0.0336199 0.0533790 0.0892520 0.0797397 0.0978002 
Dasyuridae_Phascogale_calura                 0.0641143 0.1062327 0.0678286 0.0835623 0.0722078 0.0142716 0.0581273 0.0603321 0.0760195 0.0959787 0.0567634 0.0017684 0.0232922 0.0659019 0.0817460 0.0000000 0.0142629 0.0235878 0.0934516 0.0752606 0.1093583 0.0993482 0.1030093 0.0061032 0.0733740 0.0641222 0.0606800 0.0771374 0.0804045 0.0778359 0.0713482 0.0638931 0.0896767 0.0142531 0.0985829 
Dasyuridae_Sarcophilus_harrisii              0.0640189 0.1091031 0.0666113 0.0807309 0.0691777 0.0043609 0.0588046 0.0605970 0.0746351 0.0942096 0.0566289 0.0135346 0.0209297 0.0661237 0.0802952 0.0142629 0.0000000 0.0220044 0.0907726 0.0710293 0.1064247 0.1057994 0.1068182 0.0138467 0.0734844 0.0609175 0.0611183 0.0735368 0.0789981 0.0744034 0.0711869 0.0649086 0.0875702 0.0040336 0.0967748 
Dasyuridae_Planigale_tenuirostris            0.0657936 0.1134690 0.0720627 0.0898954 0.0767912 0.0214199 0.0649127 0.0663725 0.0802482 0.0977368 0.0618892 0.0226541 0.0208307 0.0726730 0.0868458 0.0235878 0.0220044 0.0000000 0.0966758 0.0825229 0.1130574 0.1068541 0.1116777 0.0223178 0.0807234 0.0640975 0.0643971 0.0823012 0.0849406 0.0812518 0.0719569 0.0709727 0.0931242 0.0213802 0.1001038 
Peramelidae_Echymipera_kalubu                0.0745055 0.1298604 0.0808750 0.0977149 0.0859891 0.0903999 0.0701204 0.0741186 0.0889442 0.0097634 0.0687501 0.0920141 0.0891368 0.0771458 0.0910921 0.0934516 0.0907726 0.0966758 0.0000000 0.0906515 0.1214391 0.1128566 0.1184963 0.0964826 0.0893304 0.0752465 0.0662756 0.0858944 0.0965060 0.0913226 0.0819429 0.0749987 0.0091544 0.0919262 0.0103545 
Macropodidae_Dorcopsulus_vanheurni           0.0457895 0.1097080 0.0614588 0.0217434 0.0153048 0.0729380 0.0485199 0.0494764 0.0179738 0.0925342 0.0467560 0.0757083 0.0783560 0.0561478 0.0704677 0.0752606 0.0710293 0.0825229 0.0906515 0.0000000 0.1001694 0.1055694 0.1080423 0.0759091 0.0315628 0.0696757 0.0632223 0.0094098 0.0754775 0.0664446 0.0622331 0.0548887 0.0932607 0.0731021 0.0964741 
Pseudochiridae_Pseudochirulus_forbesi        0.0813570 0.1265881 0.0876544 0.1094267 0.0922173 0.1056987 0.0758197 0.0804567 0.0943034 0.1208974 0.0750918 0.1092985 0.1134023 0.0856237 0.0860797 0.1093583 0.1064247 0.1130574 0.1214391 0.1001694 0.0000000 0.1412547 0.1383700 0.1048145 0.0999167 0.0971387 0.0471309 0.0942243 0.0131273 0.0853285 0.0873044 0.0842788 0.1112362 0.1063413 0.1237280 
Didelphidae_Didelphis_virginiana             0.0819749 0.1366960 0.0923117 0.1125826 0.1014128 0.1011883 0.0825410 0.0891319 0.1060185 0.1090376 0.0875838 0.0998208 0.1073018 0.0959357 0.1083995 0.0993482 0.1057994 0.1068541 0.1128566 0.1055694 0.1412547 0.0000000 0.0285586 0.0969213 0.1006854 0.0910929 0.0855845 0.1046189 0.1106702 0.1011206 0.0976104 0.0936562 0.0971349 0.1018542 0.1140480 
Marmosidae_Monodelphis_domestica             0.0841209 0.1477906 0.0941706 0.1136130 0.1028937 0.1045515 0.0849710 0.0909719 0.1083819 0.1169717 0.0903055 0.1029962 0.1124374 0.0969580 0.1044316 0.1030093 0.1068182 0.1116777 0.1184963 0.1080423 0.1383700 0.0285586 0.0000000 0.0993881 0.1055125 0.0969047 0.0833899 0.1072656 0.1120353 0.1038023 0.0941569 0.0946706 0.1084281 0.1042637 0.1197768 
Dasyuridae_Antechinus_stuartii               0.0640227 0.1085372 0.0669229 0.0856359 0.0741573 0.0133807 0.0571513 0.0609559 0.0768500 0.0981180 0.0568318 0.0055714 0.0225006 0.0661447 0.0824259 0.0061032 0.0138467 0.0223178 0.0964826 0.0759091 0.1048145 0.0969213 0.0993881 0.0000000 0.0723993 0.0649203 0.0590357 0.0778400 0.0760549 0.0762067 0.0732218 0.0645313 0.0880079 0.0133640 0.1003424 
Hypsiprymnodontidae_Hypsiprymnodon_moschatus 0.0465494 0.1136576 0.0579270 0.0357303 0.0282513 0.0744768 0.0472158 0.0456310 0.0318475 0.0907164 0.0436116 0.0737915 0.0766650 0.0515723 0.0640457 0.0733740 0.0734844 0.0807234 0.0893304 0.0315628 0.0999167 0.1006854 0.1055125 0.0723993 0.0000000 0.0649385 0.0544375 0.0312969 0.0696664 0.0656753 0.0584934 0.0504536 0.0850084 0.0750760 0.0936631 
Microbiotheriidae_Dromiciops_gliroides       0.0511354 0.0948169 0.0591008 0.0774165 0.0640990 0.0594156 0.0528008 0.0535900 0.0699472 0.0785718 0.0508996 0.0644842 0.0662139 0.0622820 0.0681089 0.0641222 0.0609175 0.0640975 0.0752465 0.0696757 0.0971387 0.0910929 0.0969047 0.0649203 0.0649385 0.0000000 0.0530533 0.0700681 0.0718418 0.0699894 0.0579259 0.0602842 0.0725222 0.0611721 0.0815788 
Pseudochiridae_Petauroides_volans            0.0419605 0.0888124 0.0524589 0.0729910 0.0575399 0.0583977 0.0351653 0.0373531 0.0572372 0.0687702 0.0332472 0.0615987 0.0645426 0.0410906 0.0506178 0.0606800 0.0611183 0.0643971 0.0662756 0.0632223 0.0471309 0.0855845 0.0833899 0.0590357 0.0544375 0.0530533 0.0000000 0.0621959 0.0117738 0.0415890 0.0406995 0.0400663 0.0710715 0.0589451 0.0687814 
Macropodidae_Wallabia_bicolor                0.0454405 0.1101214 0.0587830 0.0238545 0.0160361 0.0736941 0.0476274 0.0496336 0.0187310 0.0870260 0.0468122 0.0775589 0.0788194 0.0550048 0.0695242 0.0771374 0.0735368 0.0823012 0.0858944 0.0094098 0.0942243 0.1046189 0.1072656 0.0778400 0.0312969 0.0700681 0.0621959 0.0000000 0.0680507 0.0626347 0.0598494 0.0542182 0.0873967 0.0751168 0.0908952 
Pseudochiridae_Pseudocheirus_occidentalis    0.0511221 0.1061901 0.0584266 0.0823174 0.0649515 0.0771405 0.0473574 0.0527882 0.0688963 0.0938950 0.0488031 0.0808916 0.0854428 0.0557269 0.0519537 0.0804045 0.0789981 0.0849406 0.0965060 0.0754775 0.0131273 0.1106702 0.1120353 0.0760549 0.0696664 0.0718418 0.0117738 0.0680507 0.0000000 0.0547575 0.0612551 0.0552386 0.0894007 0.0766053 0.0946532 
Tarsipedidae_Tarsipes_rostratus              0.0516575 0.1129771 0.0654598 0.0718869 0.0624177 0.0728700 0.0510658 0.0539910 0.0668644 0.0961782 0.0478942 0.0774287 0.0805531 0.0589516 0.0652032 0.0778359 0.0744034 0.0812518 0.0913226 0.0664446 0.0853285 0.1011206 0.1038023 0.0762067 0.0656753 0.0699894 0.0415890 0.0626347 0.0547575 0.0000000 0.0555607 0.0577970 0.0837092 0.0738456 0.0987862 
Acrobatidae_Distoechurus_pennatus            0.0471776 0.1026027 0.0529994 0.0674572 0.0538462 0.0683710 0.0450602 0.0471847 0.0584850 0.0828452 0.0423163 0.0725828 0.0717538 0.0497538 0.0336199 0.0713482 0.0711869 0.0719569 0.0819429 0.0622331 0.0873044 0.0976104 0.0941569 0.0732218 0.0584934 0.0579259 0.0406995 0.0598494 0.0612551 0.0555607 0.0000000 0.0490174 0.0724035 0.0705970 0.0853232 
Phalangeridae_Phalanger_carmelitae           0.0406560 0.0936139 0.0516817 0.0607818 0.0500053 0.0645657 0.0150729 0.0055324 0.0526170 0.0755774 0.0058102 0.0642841 0.0658718 0.0010678 0.0533790 0.0638931 0.0649086 0.0709727 0.0749987 0.0548887 0.0842788 0.0936562 0.0946706 0.0645313 0.0504536 0.0602842 0.0400663 0.0542182 0.0552386 0.0577970 0.0490174 0.0000000 0.0697275 0.0633818 0.0811316 
Peramelidae_Peroryctes_raffrayana            0.0694374 0.1329710 0.0796215 0.0986062 0.0839067 0.0861011 0.0637221 0.0696479 0.0851719 0.0105614 0.0640463 0.0879643 0.0847025 0.0717477 0.0892520 0.0896767 0.0875702 0.0931242 0.0091544 0.0932607 0.1112362 0.0971349 0.1084281 0.0880079 0.0850084 0.0725222 0.0710715 0.0873967 0.0894007 0.0837092 0.0724035 0.0697275 0.0000000 0.0874730 0.0107957 
Dasyuridae_Dasyurus_geffroii                 0.0627580 0.1082023 0.0661371 0.0819981 0.0703294 0.0027927 0.0572070 0.0590979 0.0766497 0.0949319 0.0550931 0.0135257 0.0209215 0.0645868 0.0797397 0.0142531 0.0040336 0.0213802 0.0919262 0.0731021 0.1063413 0.1018542 0.1042637 0.0133640 0.0750760 0.0611721 0.0589451 0.0751168 0.0766053 0.0738456 0.0705970 0.0633818 0.0874730 0.0000000 0.0971038 
Peramelidae_Perameles_gunnii                 0.0793350 0.1385753 0.0829339 0.1006979 0.0879431 0.0955652 0.0754287 0.0798028 0.0927223 0.0009479 0.0760666 0.0971157 0.0951156 0.0828986 0.0978002 0.0985829 0.0967748 0.1001038 0.0103545 0.0964741 0.1237280 0.1140480 0.1197768 0.1003424 0.0936631 0.0815788 0.0687814 0.0908952 0.0946532 0.0987862 0.0853232 0.0811316 0.0107957 0.0971038 0.0000000 
