37
Burramyidae_Burramys_parvus                  0.0000000 0.0929645 0.0798011 0.0697047 0.0699392 0.1086555 0.0535395 0.0516228 0.0687831 0.0957323 0.1274563 0.0515389 0.1101044 0.1224372 0.0511662 0.0714951 0.1026129 0.1203814 0.1182591 0.0978060 0.0749075 0.0716024 0.1435450 0.1421065 0.1210279 0.0744705 0.0982579 0.0690226 0.0724272 0.1062978 0.0850971 0.0695406 0.1274563 0.0504837 0.1001613 0.1212125 0.0990621 
Notoryctidae_Notoryctes_typhlops             0.0929645 0.0000000 0.1156205 0.0985680 0.0944904 0.1288104 0.0962936 0.0919798 0.0958657 0.1076716 0.1570012 0.0853460 0.1348829 0.1321697 0.0898701 0.1120959 0.1292289 0.1321580 0.1344580 0.1171077 0.1015795 0.0976051 0.1582728 0.1509160 0.1367669 0.1056452 0.1171256 0.1045393 0.1007137 0.1612791 0.1139182 0.1072856 0.1570012 0.0898255 0.1162938 0.1350184 0.1106052 
Vombatidae_Lasiorhinus_latifrons             0.0798011 0.1156205 0.0000000 0.0774438 0.0792506 0.1261040 0.0796225 0.0765096 0.0818928 0.1224567 0.1204078 0.0753931 0.1285266 0.1409031 0.0759215 0.0964501 0.1265478 0.1343570 0.1367849 0.1184361 0.0852908 0.0961106 0.1486979 0.1470522 0.1339438 0.0908451 0.1197450 0.0890044 0.0821809 0.1514704 0.1041680 0.0893404 0.1204078 0.0773548 0.1179975 0.1342106 0.1272770 
Potoroidae_Bettongia_penicillata             0.0697047 0.0985680 0.0774438 0.0000000 0.0048728 0.1117771 0.0625711 0.0663401 0.0126069 0.1001140 0.1070647 0.0585063 0.1135165 0.1254814 0.0636774 0.0802425 0.1060350 0.1232750 0.1173314 0.1048249 0.0202995 0.0728824 0.1388599 0.1342626 0.1177931 0.0399996 0.0959226 0.0762048 0.0191718 0.1203887 0.0881415 0.0741402 0.1070647 0.0650457 0.1001321 0.1266000 0.1068135 
Potoroidae_Bettongia_lesueur                 0.0699392 0.0944904 0.0792506 0.0048728 0.0000000 0.1046120 0.0599903 0.0658788 0.0137837 0.0994373 0.0981299 0.0573429 0.1058151 0.1195065 0.0625759 0.0800096 0.1014421 0.1196850 0.1059698 0.1034509 0.0186211 0.0739612 0.1380481 0.1320316 0.1133927 0.0401639 0.0962960 0.0747771 0.0174830 0.1187809 0.0840522 0.0754095 0.0981299 0.0639469 0.0994247 0.1226280 0.1044285 
Dasyuridae_Dasyurus_maculatus                0.1086555 0.1288104 0.1261040 0.1117771 0.1046120 0.0000000 0.1014664 0.0983303 0.0991482 0.1278732 0.0507966 0.0935878 0.0262764 0.0297823 0.0887556 0.1380687 0.0260618 0.0135259 0.0356092 0.1292269 0.1083579 0.1275210 0.1767867 0.1511989 0.0229203 0.1147148 0.1101875 0.1127296 0.1068861 0.1288309 0.1538735 0.1116561 0.0507966 0.0901129 0.1181437 0.0037131 0.1357690 
Phalangeridae_Trichosurus_vulpecula          0.0535395 0.0962936 0.0796225 0.0625711 0.0599903 0.1014664 0.0000000 0.0235259 0.0614205 0.0890034 0.1136928 0.0210276 0.1042084 0.1063929 0.0203719 0.0669603 0.1001285 0.1074526 0.0991484 0.0944741 0.0674131 0.0622349 0.1326277 0.1314904 0.1088450 0.0668135 0.0933737 0.0659835 0.0619662 0.0891668 0.0792360 0.0648558 0.1136928 0.0227516 0.0911584 0.1111790 0.0983914 
Phalangeridae_Spilocuscus_maculatus          0.0516228 0.0919798 0.0765096 0.0663401 0.0658788 0.0983303 0.0235259 0.0000000 0.0645896 0.0894287 0.1148102 0.0131115 0.0976255 0.1048861 0.0123755 0.0697933 0.0955002 0.1078824 0.1004792 0.0915613 0.0701024 0.0632889 0.1402529 0.1395878 0.1031937 0.0707184 0.0970444 0.0680859 0.0657302 0.0922910 0.0833403 0.0707837 0.1148102 0.0135265 0.0890002 0.1108330 0.0961886 
Potoroidae_Aepyprymnus_rufescens             0.0687831 0.0958657 0.0818928 0.0126069 0.0137837 0.0991482 0.0614205 0.0645896 0.0000000 0.0966389 0.1163588 0.0548772 0.1027902 0.1203342 0.0593558 0.0815226 0.0979087 0.1167863 0.1062274 0.1000620 0.0208001 0.0728665 0.1349064 0.1296660 0.1121972 0.0428140 0.0923474 0.0750606 0.0196762 0.1125099 0.0854671 0.0741467 0.1163588 0.0607086 0.0950873 0.1186420 0.1023387 
Peramelidae_Perameles_nasuta                 0.0957323 0.1076716 0.1224567 0.1001140 0.0994373 0.1278732 0.0890034 0.0894287 0.0966389 0.0000000 0.1369286 0.0838271 0.1372095 0.1348590 0.0869910 0.1016223 0.1292447 0.1277798 0.1436526 0.0224043 0.0970804 0.1066896 0.1504250 0.1410741 0.1437496 0.1014574 0.1197034 0.1072701 0.0982848 0.1614328 0.1172010 0.0992453 0.1369286 0.0869219 0.0206565 0.1309856 0.0066509 
Myrmecobiidae_Myrmecobius_fasciatus1         0.1274563 0.1570012 0.1204078 0.1070647 0.0981299 0.0507966 0.1136928 0.1148102 0.1163588 0.1369286 0.0000000 0.1094448 0.0469146 0.0421306 0.1089765 0.1568777 0.0468633 0.0553426 0.0314424 0.1258562 0.1146857 0.2096879 0.1516677 0.1829371 0.0399350 0.1389115 0.1112782 0.1385683 0.1079650 0.1534614 0.1968831 0.1078548 0.0000010 0.1089765 0.1219831 0.0539049 0.1375554 
Phalangeridae_Strigocuscus_pelengensis       0.0515389 0.0853460 0.0753931 0.0585063 0.0573429 0.0935878 0.0210276 0.0131115 0.0548772 0.0838271 0.1094448 0.0000000 0.0976050 0.0982617 0.0091865 0.0641789 0.0948457 0.1035602 0.0959151 0.0873273 0.0591897 0.0565997 0.1313596 0.1279928 0.1037444 0.0612660 0.0849887 0.0609779 0.0563679 0.0820611 0.0736906 0.0612893 0.1094448 0.0109492 0.0843392 0.1036368 0.0900416 
Dasyuridae_Phascogale_tapoatafa              0.1101044 0.1348829 0.1285266 0.1135165 0.1058151 0.0262764 0.1042084 0.0976255 0.1027902 0.1372095 0.0469146 0.0976050 0.0000000 0.0342806 0.0916455 0.1413346 0.0029883 0.0333951 0.0321277 0.1362133 0.1095153 0.1268320 0.1907041 0.1697211 0.0166911 0.1150092 0.1172368 0.1174604 0.1079550 0.1272104 0.1595709 0.1206272 0.0469146 0.0931278 0.1275306 0.0262783 0.1443944 
Dasyuridae_Sminthopsis_macroura              0.1224372 0.1321697 0.1409031 0.1254814 0.1195065 0.0297823 0.1063929 0.1048861 0.1203342 0.1348590 0.0421306 0.0982617 0.0342806 0.0000000 0.1010701 0.1360341 0.0346428 0.0298193 0.0279787 0.1379555 0.1235830 0.1347073 0.1720955 0.1529093 0.0285235 0.1321817 0.1276651 0.1168916 0.1198073 0.1953282 0.1486896 0.1275921 0.0421306 0.1010566 0.1348156 0.0298535 0.1411139 
Phalangeridae_Phalanger_orientalis           0.0511662 0.0898701 0.0759215 0.0636774 0.0625759 0.0887556 0.0203719 0.0123755 0.0593558 0.0869910 0.1089765 0.0091865 0.0916455 0.1010701 0.0000000 0.0661826 0.0885679 0.1034262 0.0905708 0.0886554 0.0653042 0.0580392 0.1319251 0.1296130 0.0980755 0.0678921 0.0863119 0.0640859 0.0606781 0.0902319 0.0762330 0.0644139 0.1089765 0.0031932 0.0861915 0.1056107 0.0935818 
Acrobatidae_Acrobates_pygmaeus               0.0714951 0.1120959 0.0964501 0.0802425 0.0800096 0.1380687 0.0669603 0.0697933 0.0815226 0.1016223 0.1568777 0.0641789 0.1413346 0.1360341 0.0661826 0.0000000 0.1323981 0.1380457 0.1483091 0.1062868 0.0806337 0.0706391 0.1543379 0.1632351 0.1421193 0.0823300 0.1123583 0.0656663 0.0793588 0.0968718 0.0806000 0.0417138 0.1568777 0.0667244 0.1011644 0.1385261 0.1077417 
Dasyuridae_Phascogale_calura                 0.1026129 0.1292289 0.1265478 0.1060350 0.1014421 0.0260618 0.1001285 0.0955002 0.0979087 0.1292447 0.0468633 0.0948457 0.0029883 0.0346428 0.0885679 0.1323981 0.0000000 0.0329400 0.0336907 0.1264762 0.1049264 0.1204035 0.1849509 0.1629192 0.0159163 0.1112803 0.1131434 0.1143654 0.1039777 0.1265331 0.1515622 0.1143774 0.0468633 0.0899450 0.1197794 0.0260635 0.1372397 
Dasyuridae_Sarcophilus_harrisii              0.1203814 0.1321580 0.1343570 0.1232750 0.1196850 0.0135259 0.1074526 0.1078824 0.1167863 0.1277798 0.0553426 0.1035602 0.0333951 0.0298193 0.1034262 0.1380457 0.0329400 0.0000000 0.0374798 0.1308360 0.1193672 0.1342656 0.1718995 0.1519331 0.0322129 0.1340038 0.1280352 0.1208253 0.1154585 0.1910320 0.1537111 0.1303841 0.0553426 0.1034116 0.1303296 0.0138097 0.1323600 
Dasyuridae_Planigale_tenuirostris            0.1182591 0.1344580 0.1367849 0.1173314 0.1059698 0.0356092 0.0991484 0.1004792 0.1062274 0.1436526 0.0314424 0.0959151 0.0321277 0.0279787 0.0905708 0.1483091 0.0336907 0.0374798 0.0000000 0.1422557 0.1200193 0.1271093 0.1857160 0.1570691 0.0304720 0.1192001 0.1150502 0.1114550 0.1193564 0.1294362 0.1662120 0.1233245 0.0314424 0.0905708 0.1362385 0.0330509 0.1520772 
Peramelidae_Echymipera_kalubu                0.0978060 0.1171077 0.1184361 0.1048249 0.1034509 0.1292269 0.0944741 0.0915613 0.1000620 0.0224043 0.1258562 0.0873273 0.1362133 0.1379555 0.0886554 0.1062868 0.1264762 0.1308360 0.1422557 0.0000000 0.0988276 0.1080360 0.1547514 0.1439703 0.1400353 0.1010035 0.1237572 0.1123144 0.0991049 0.1634549 0.1234424 0.1053448 0.1258562 0.0901179 0.0139398 0.1294948 0.0264577 
Macropodidae_Dorcopsulus_vanheurni           0.0749075 0.1015795 0.0852908 0.0202995 0.0186211 0.1083579 0.0674131 0.0701024 0.0208001 0.0970804 0.1146857 0.0591897 0.1095153 0.1235830 0.0653042 0.0806337 0.1049264 0.1193672 0.1200193 0.0988276 0.0000000 0.0747771 0.1453435 0.1394103 0.1179055 0.0445875 0.0998692 0.0790772 0.0087685 0.1186629 0.0890522 0.0760619 0.1146857 0.0666813 0.0947579 0.1216751 0.1027619 
Pseudochiridae_Pseudochirulus_forbesi        0.0716024 0.0976051 0.0961106 0.0728824 0.0739612 0.1275210 0.0622349 0.0632889 0.0728665 0.1066896 0.2096879 0.0565997 0.1268320 0.1347073 0.0580392 0.0706391 0.1204035 0.1342656 0.1271093 0.1080360 0.0747771 0.0000000 0.1620270 0.1634009 0.1272541 0.0830967 0.1067971 0.0413195 0.0710878 0.0307484 0.0701074 0.0715278 0.2096879 0.0594165 0.1054398 0.1351649 0.1123245 
Didelphidae_Didelphis_virginiana             0.1435450 0.1582728 0.1486979 0.1388599 0.1380481 0.1767867 0.1326277 0.1402529 0.1349064 0.1504250 0.1516677 0.1313596 0.1907041 0.1720955 0.1319251 0.1543379 0.1849509 0.1718995 0.1857160 0.1547514 0.1453435 0.1620270 0.0000000 0.0703073 0.1858114 0.1475000 0.1648329 0.1520736 0.1397461 0.2260784 0.1622479 0.1493932 0.1516677 0.1342445 0.1450580 0.1746596 0.1603032 
Marmosidae_Monodelphis_domestica             0.1421065 0.1509160 0.1470522 0.1342626 0.1320316 0.1511989 0.1314904 0.1395878 0.1296660 0.1410741 0.1829371 0.1279928 0.1697211 0.1529093 0.1296130 0.1632351 0.1629192 0.1519331 0.1570691 0.1439703 0.1394103 0.1634009 0.0703073 0.0000000 0.1556584 0.1415818 0.1524065 0.1505219 0.1358808 0.2491069 0.1636657 0.1553481 0.1829371 0.1322397 0.1306326 0.1511729 0.1520221 
Dasyuridae_Antechinus_stuartii               0.1210279 0.1367669 0.1339438 0.1177931 0.1133927 0.0229203 0.1088450 0.1031937 0.1121972 0.1437496 0.0399350 0.1037444 0.0166911 0.0285235 0.0980755 0.1421193 0.0159163 0.0322129 0.0304720 0.1400353 0.1179055 0.1272541 0.1858114 0.1556584 0.0000000 0.1245747 0.1250480 0.1222522 0.1130170 0.1605462 0.1544192 0.1282675 0.0399350 0.1012241 0.1368251 0.0293631 0.1502349 
Hypsiprymnodontidae_Hypsiprymnodon_moschatus 0.0744705 0.1056452 0.0908451 0.0399996 0.0401639 0.1147148 0.0668135 0.0707184 0.0428140 0.1014574 0.1389115 0.0612660 0.1150092 0.1321817 0.0678921 0.0823300 0.1112803 0.1340038 0.1192001 0.1010035 0.0445875 0.0830967 0.1475000 0.1415818 0.1245747 0.0000000 0.1007076 0.0820555 0.0414306 0.1323374 0.1005954 0.0785459 0.1389115 0.0692548 0.0962074 0.1346341 0.1052721 
Microbiotheriidae_Dromiciops_gliroides       0.0982579 0.1171256 0.1197450 0.0959226 0.0962960 0.1101875 0.0933737 0.0970444 0.0923474 0.1197034 0.1112782 0.0849887 0.1172368 0.1276651 0.0863119 0.1123583 0.1131434 0.1280352 0.1150502 0.1237572 0.0998692 0.1067971 0.1648329 0.1524065 0.1250480 0.1007076 0.0000000 0.1034399 0.0981523 0.1593639 0.1313897 0.1089788 0.1112782 0.0860436 0.1221258 0.1267133 0.1255957 
Pseudochiridae_Petauroides_volans            0.0690226 0.1045393 0.0890044 0.0762048 0.0747771 0.1127296 0.0659835 0.0680859 0.0750606 0.1072701 0.1385683 0.0609779 0.1174604 0.1168916 0.0640859 0.0656663 0.1143654 0.1208253 0.1114550 0.1123144 0.0790772 0.0413195 0.1520736 0.1505219 0.1222522 0.0820555 0.1034399 0.0000000 0.0746002 0.0514411 0.0656519 0.0700512 0.1385683 0.0640123 0.1064337 0.1199719 0.1140313 
Macropodidae_Wallabia_bicolor                0.0724272 0.1007137 0.0821809 0.0191718 0.0174830 0.1068861 0.0619662 0.0657302 0.0196762 0.0982848 0.1079650 0.0563679 0.1079550 0.1198073 0.0606781 0.0793588 0.1039777 0.1154585 0.1193564 0.0991049 0.0087685 0.0710878 0.1397461 0.1358808 0.1130170 0.0414306 0.0981523 0.0746002 0.0000000 0.1178748 0.0850523 0.0745471 0.1079650 0.0620480 0.0948610 0.1180198 0.1039848 
Pseudochiridae_Pseudocheirus_occidentalis    0.1062978 0.1612791 0.1514704 0.1203887 0.1187809 0.1288309 0.0891668 0.0922910 0.1125099 0.1614328 0.1534614 0.0820611 0.1272104 0.1953282 0.0902319 0.0968718 0.1265331 0.1910320 0.1294362 0.1634549 0.1186629 0.0307484 0.2260784 0.2491069 0.1605462 0.1323374 0.1593639 0.0514411 0.1178748 0.0000000 0.1145447 0.1109206 0.1534614 0.0929939 0.1636319 0.2056873 0.1595161 
Tarsipedidae_Tarsipes_rostratus              0.0850971 0.1139182 0.1041680 0.0881415 0.0840522 0.1538735 0.0792360 0.0833403 0.0854671 0.1172010 0.1968831 0.0736906 0.1595709 0.1486896 0.0762330 0.0806000 0.1515622 0.1537111 0.1662120 0.1234424 0.0890522 0.0701074 0.1622479 0.1636657 0.1544192 0.1005954 0.1313897 0.0656519 0.0850523 0.1145447 0.0000000 0.0834864 0.1968831 0.0776947 0.1201623 0.1521727 0.1217760 
Acrobatidae_Distoechurus_pennatus            0.0695406 0.1072856 0.0893404 0.0741402 0.0754095 0.1116561 0.0648558 0.0707837 0.0741467 0.0992453 0.1078548 0.0612893 0.1206272 0.1275921 0.0644139 0.0417138 0.1143774 0.1303841 0.1233245 0.1053448 0.0760619 0.0715278 0.1493932 0.1553481 0.1282675 0.0785459 0.1089788 0.0700512 0.0745471 0.1109206 0.0834864 0.0000000 0.1078548 0.0657867 0.1003250 0.1276499 0.1044627 
Myrmecobiidae_Myrmecobius_fasciatus2         0.1274563 0.1570012 0.1204078 0.1070647 0.0981299 0.0507966 0.1136928 0.1148102 0.1163588 0.1369286 0.0000010 0.1094448 0.0469146 0.0421306 0.1089765 0.1568777 0.0468633 0.0553426 0.0314424 0.1258562 0.1146857 0.2096879 0.1516677 0.1829371 0.0399350 0.1389115 0.1112782 0.1385683 0.1079650 0.1534614 0.1968831 0.1078548 0.0000000 0.1089765 0.1219831 0.0539049 0.1375554 
Phalangeridae_Phalanger_carmelitae           0.0504837 0.0898255 0.0773548 0.0650457 0.0639469 0.0901129 0.0227516 0.0135265 0.0607086 0.0869219 0.1089765 0.0109492 0.0931278 0.1010566 0.0031932 0.0667244 0.0899450 0.1034116 0.0905708 0.0901179 0.0666813 0.0594165 0.1342445 0.1322397 0.1012241 0.0692548 0.0860436 0.0640123 0.0620480 0.0929939 0.0776947 0.0657867 0.1089765 0.0000000 0.0877461 0.1064542 0.0935065 
Peramelidae_Peroryctes_raffrayana            0.1001613 0.1162938 0.1179975 0.1001321 0.0994247 0.1181437 0.0911584 0.0890002 0.0950873 0.0206565 0.1219831 0.0843392 0.1275306 0.1348156 0.0861915 0.1011644 0.1197794 0.1303296 0.1362385 0.0139398 0.0947579 0.1054398 0.1450580 0.1306326 0.1368251 0.0962074 0.1221258 0.1064337 0.0948610 0.1636319 0.1201623 0.1003250 0.1219831 0.0877461 0.0000000 0.1289553 0.0201496 
Dasyuridae_Dasyurus_geffroii                 0.1212125 0.1350184 0.1342106 0.1266000 0.1226280 0.0037131 0.1111790 0.1108330 0.1186420 0.1309856 0.0539049 0.1036368 0.0262783 0.0298535 0.1056107 0.1385261 0.0260635 0.0138097 0.0330509 0.1294948 0.1216751 0.1351649 0.1746596 0.1511729 0.0293631 0.1346341 0.1267133 0.1199719 0.1180198 0.2056873 0.1521727 0.1276499 0.0539049 0.1064542 0.1289553 0.0000000 0.1360216 
Peramelidae_Perameles_gunnii                 0.0990621 0.1106052 0.1272770 0.1068135 0.1044285 0.1357690 0.0983914 0.0961886 0.1023387 0.0066509 0.1375554 0.0900416 0.1443944 0.1411139 0.0935818 0.1077417 0.1372397 0.1323600 0.1520772 0.0264577 0.1027619 0.1123245 0.1603032 0.1520221 0.1502349 0.1052721 0.1255957 0.1140313 0.1039848 0.1595161 0.1217760 0.1044627 0.1375554 0.0935065 0.0201496 0.1360216 0.0000000 
