192
I0185_86_Accipitridae_Buteo_jamaicensis                   0.0000000 0.0441816 0.0506605 0.0418336 0.0529566 0.0474086 0.0669458 0.0398932 0.0395576 0.0622964 0.0689928 0.0362630 0.0531843 0.0472857 0.0554631 0.0355538 0.0195020 0.0570833 0.0265960 0.0556569 0.0299742 0.0574532 0.0282117 0.0293022 0.0262192 0.0418822 0.0297079 0.0743840 0.0607124 0.0645782 0.0284331 0.0528065 0.0567602 0.0472374 0.0492085 0.0411940 0.0642982 0.0539133 0.0650331 0.0544020 0.0726076 0.0570243 0.0538863 0.0926326 0.0830984 0.0887253 0.0603052 0.0421417 0.0515056 0.0334579 0.0560481 0.0507794 0.0297557 0.0478452 0.0529755 0.0559341 0.0428748 0.0386196 0.0300340 0.0557621 0.0450208 0.0300883 0.0328176 0.0723274 0.0528822 0.0592351 0.0471650 0.0290031 0.0382635 0.0654077 0.0570937 0.0423610 0.0702513 0.0602849 0.0563850 0.0530277 0.0353496 0.0300742 0.0540908 0.0694636 0.0283216 0.0080302 0.0294257 0.0463994 0.0449693 0.0452325 0.0465972 0.0265249 0.0221785 0.0503607 0.0747726 0.0460782 0.0457531 0.0395268 0.0256430 0.0552714 0.0369818 0.0574813 0.0708751 0.0263766 0.0602854 0.0296224 0.0223265 0.0270204 0.0416532 0.0421613 0.0517229 0.0416903 0.0339520 0.0297272 0.0390749 0.0482872 0.0721927 0.0331530 0.0493652 0.0698358 0.0308224 0.0251336 0.0563722 0.0491840 0.0310863 0.0566380 0.0623076 0.0590547 0.0470104 0.0266863 0.0188525 0.0266256 0.0527757 0.0411667 0.0424060 0.0563046 0.0299712 0.0314840 0.0432888 0.0255410 0.0412794 0.0710229 0.0582498 0.0379081 0.0589759 0.0323049 0.0461587 0.0366278 0.0249852 0.0302680 0.0249377 0.0432423 0.0299001 0.0568667 0.0344357 0.0265640 0.0646651 0.0505598 0.0532146 0.0223808 0.0292714 0.0313926 0.0324516 0.0327049 0.0328078 0.0478445 0.0512529 0.0446273 0.0642144 0.0354869 0.0450370 0.0565480 0.0578562 0.0335743 0.0935802 0.0311310 0.0412294 0.0344898 0.0555446 0.0531140 0.0659173 0.0277481 0.0186710 0.0257215 0.0332413 0.0628515 0.0318794 0.0604901 0.0589676 0.0499446 0.0504913 0.1399503 0.0537430 0.0607713 0.0440698 0.0411050 
I0186_111_Momotidae_Momotus_lessonii                      0.0441816 0.0000000 0.0614051 0.0562797 0.0650705 0.0576287 0.0769571 0.0527540 0.0536586 0.0613995 0.0785915 0.0508742 0.0668560 0.0575302 0.0685857 0.0518019 0.0370628 0.0681492 0.0441442 0.0683567 0.0478424 0.0695648 0.0454135 0.0466489 0.0438477 0.0552987 0.0465524 0.0828161 0.0736783 0.0770208 0.0460990 0.0652711 0.0686331 0.0617868 0.0645393 0.0544129 0.0778487 0.0659728 0.0790363 0.0669566 0.0901399 0.0692388 0.0651703 0.1051155 0.0979060 0.1033104 0.0734050 0.0449338 0.0666723 0.0516774 0.0685729 0.0632945 0.0464902 0.0633480 0.0657865 0.0684579 0.0561083 0.0532895 0.0463273 0.0678208 0.0605389 0.0477340 0.0481113 0.0884561 0.0654606 0.0723341 0.0624318 0.0456256 0.0538531 0.0787139 0.0711096 0.0554078 0.0790385 0.0784356 0.0683314 0.0653217 0.0506286 0.0473633 0.0659997 0.0801008 0.0409862 0.0447737 0.0472079 0.0621848 0.0463323 0.0580156 0.0590618 0.0427937 0.0398121 0.0646945 0.0910838 0.0593574 0.0611317 0.0543472 0.0425695 0.0694740 0.0482477 0.0709766 0.0812364 0.0431240 0.0731677 0.0462937 0.0436168 0.0443539 0.0554084 0.0507731 0.0656954 0.0555504 0.0480283 0.0466277 0.0546222 0.0640228 0.0894793 0.0501140 0.0654335 0.0868468 0.0479736 0.0418655 0.0681759 0.0639079 0.0476957 0.0688955 0.0766553 0.0774839 0.0625285 0.0438548 0.0480245 0.0431859 0.0648476 0.0555052 0.0578288 0.0748087 0.0467986 0.0495871 0.0555698 0.0427114 0.0575612 0.0793802 0.0708669 0.0516637 0.0707810 0.0496454 0.0590424 0.0530057 0.0430655 0.0467397 0.0416061 0.0587234 0.0473713 0.0677973 0.0505468 0.0440640 0.0832343 0.0645046 0.0661884 0.0401297 0.0456599 0.0483860 0.0486677 0.0491416 0.0490969 0.0619962 0.0645743 0.0602317 0.0784000 0.0506043 0.0609203 0.0692609 0.0692073 0.0487652 0.1088853 0.0469179 0.0533062 0.0508109 0.0666381 0.0674078 0.0839094 0.0458706 0.0441185 0.0422579 0.0497750 0.0810481 0.0483533 0.0727907 0.0721807 0.0635861 0.0629439 0.1539546 0.0677716 0.0739466 0.0584577 0.0527865 
I0187_115_Trogonidae_Trogon_elegans                       0.0506605 0.0614051 0.0000000 0.0627825 0.0731713 0.0197228 0.0775997 0.0569896 0.0591277 0.0774026 0.0820562 0.0568156 0.0724004 0.0658559 0.0752856 0.0568223 0.0434300 0.0764306 0.0514802 0.0758147 0.0541275 0.0750564 0.0515623 0.0539293 0.0513159 0.0625034 0.0536836 0.0838164 0.0804172 0.0839068 0.0525040 0.0735128 0.0768358 0.0679968 0.0711015 0.0614863 0.0832938 0.0723708 0.0865040 0.0745710 0.0973869 0.0767703 0.0734250 0.1039746 0.0969256 0.1019792 0.0785204 0.0614391 0.0719933 0.0571258 0.0745957 0.0708036 0.0523609 0.0725369 0.0735725 0.0747474 0.0629087 0.0584136 0.0531641 0.0752509 0.0658858 0.0541488 0.0543691 0.0957321 0.0729310 0.0783451 0.0693512 0.0536103 0.0615554 0.0835212 0.0785102 0.0580194 0.0800778 0.0840922 0.0743069 0.0728730 0.0579428 0.0543465 0.0734433 0.0807973 0.0501919 0.0515442 0.0536261 0.0699780 0.0653766 0.0686725 0.0691274 0.0495640 0.0465395 0.0701562 0.0949602 0.0620939 0.0699843 0.0608420 0.0496187 0.0766286 0.0612026 0.0782174 0.0824436 0.0500582 0.0797624 0.0538457 0.0503766 0.0521423 0.0613898 0.0633233 0.0711890 0.0623424 0.0530748 0.0541195 0.0600861 0.0726151 0.0939781 0.0575306 0.0729168 0.0925724 0.0556327 0.0498466 0.0748263 0.0688479 0.0551680 0.0748742 0.0807393 0.0833060 0.0702945 0.0514395 0.0536264 0.0501316 0.0718295 0.0629154 0.0664758 0.0806749 0.0538285 0.0563354 0.0598691 0.0498327 0.0628699 0.0818935 0.0769970 0.0565078 0.0766742 0.0560774 0.0623356 0.0578523 0.0495670 0.0536143 0.0483749 0.0634445 0.0540864 0.0675012 0.0549411 0.0519795 0.0883949 0.0713931 0.0743054 0.0474463 0.0537481 0.0555415 0.0544854 0.0564742 0.0553577 0.0675059 0.0708934 0.0647607 0.0853094 0.0555090 0.0663129 0.0747258 0.0763168 0.0539883 0.1070298 0.0539357 0.0605625 0.0566983 0.0751985 0.0744282 0.0894462 0.0525985 0.0518265 0.0492123 0.0550259 0.0863454 0.0549062 0.0789463 0.0779397 0.0704406 0.0678545 0.1613162 0.0747179 0.0803712 0.0619453 0.0605311 
I0188_135_Apodidae_Streptoprocne_zonaris                  0.0418336 0.0562797 0.0627825 0.0000000 0.0646518 0.0603451 0.0791247 0.0523630 0.0503702 0.0747351 0.0810116 0.0491129 0.0654463 0.0598953 0.0678571 0.0470902 0.0348819 0.0689332 0.0399620 0.0676333 0.0440202 0.0684638 0.0434597 0.0427954 0.0399614 0.0527184 0.0431058 0.0857611 0.0721720 0.0757772 0.0441899 0.0638537 0.0681773 0.0462562 0.0486194 0.0521457 0.0757849 0.0656386 0.0758562 0.0656061 0.0847115 0.0682644 0.0648629 0.1031485 0.0946279 0.0997402 0.0720181 0.0553592 0.0610923 0.0497639 0.0677904 0.0624621 0.0426051 0.0606414 0.0647144 0.0675308 0.0530680 0.0483134 0.0429702 0.0679529 0.0216199 0.0461247 0.0434507 0.0848166 0.0638360 0.0702128 0.0584979 0.0426991 0.0484112 0.0765327 0.0689199 0.0506919 0.0823674 0.0738572 0.0672811 0.0636856 0.0472639 0.0454869 0.0649516 0.0815724 0.0393542 0.0421604 0.0428777 0.0592798 0.0573785 0.0565620 0.0591281 0.0400558 0.0386319 0.0492885 0.0877662 0.0573403 0.0579305 0.0521577 0.0397446 0.0670130 0.0512839 0.0688170 0.0830755 0.0390177 0.0715598 0.0428796 0.0417531 0.0416705 0.0516467 0.0524719 0.0609775 0.0526012 0.0476242 0.0439773 0.0521753 0.0620014 0.0836722 0.0475094 0.0596378 0.0827288 0.0439945 0.0384023 0.0679140 0.0600813 0.0434878 0.0687381 0.0728276 0.0731818 0.0601084 0.0407478 0.0454795 0.0420223 0.0637821 0.0222111 0.0557334 0.0688125 0.0432283 0.0454016 0.0461979 0.0400910 0.0542855 0.0815639 0.0679303 0.0485271 0.0704128 0.0466695 0.0565274 0.0491884 0.0392014 0.0422682 0.0392606 0.0544634 0.0430002 0.0689100 0.0471749 0.0416158 0.0769293 0.0626279 0.0651172 0.0365865 0.0428999 0.0433926 0.0440234 0.0478827 0.0452555 0.0584331 0.0618548 0.0550794 0.0754640 0.0474052 0.0565711 0.0683085 0.0702101 0.0451040 0.1055692 0.0432903 0.0516144 0.0459178 0.0660569 0.0662249 0.0800203 0.0426141 0.0418508 0.0390963 0.0475905 0.0747318 0.0466868 0.0712258 0.0702354 0.0622594 0.0620637 0.1509118 0.0660667 0.0723528 0.0546183 0.0533364 
I0189_225_Eurylaimidae_Smithornis_rufolateralis           0.0529566 0.0650705 0.0731713 0.0646518 0.0000000 0.0692761 0.0875283 0.0640055 0.0615125 0.0843662 0.0903649 0.0608216 0.0465295 0.0676946 0.0432676 0.0596945 0.0458797 0.0448773 0.0520363 0.0428319 0.0549417 0.0435292 0.0544325 0.0553547 0.0537196 0.0637957 0.0550591 0.0954316 0.0529344 0.0571603 0.0543076 0.0393297 0.0436327 0.0688777 0.0710081 0.0630249 0.0569076 0.0418277 0.0884090 0.0410616 0.0977567 0.0432861 0.0402201 0.1126740 0.1052490 0.1091250 0.0536063 0.0641794 0.0738078 0.0597149 0.0429952 0.0374887 0.0555090 0.0694056 0.0398570 0.0432023 0.0651600 0.0627460 0.0548951 0.0441156 0.0678506 0.0561809 0.0581709 0.0967520 0.0392914 0.0782900 0.0699283 0.0538537 0.0615848 0.0883905 0.0779198 0.0652057 0.0917719 0.0844766 0.0423227 0.0397553 0.0602904 0.0561411 0.0400697 0.0891883 0.0492810 0.0540924 0.0546554 0.0672409 0.0676221 0.0685807 0.0676553 0.0516870 0.0501182 0.0714170 0.0986133 0.0683898 0.0680962 0.0630756 0.0515807 0.0762883 0.0616878 0.0778982 0.0918085 0.0520335 0.0801480 0.0536669 0.0529691 0.0537670 0.0639133 0.0630238 0.0724021 0.0642248 0.0586113 0.0541327 0.0643209 0.0698499 0.0960130 0.0594112 0.0717291 0.0934674 0.0573565 0.0521560 0.0423629 0.0720121 0.0557630 0.0490164 0.0533143 0.0835183 0.0684010 0.0529062 0.0565225 0.0529302 0.0301117 0.0646838 0.0638482 0.0802452 0.0550640 0.0561300 0.0653753 0.0520091 0.0669126 0.0905817 0.0789896 0.0621224 0.0333436 0.0576871 0.0682588 0.0612315 0.0517279 0.0546065 0.0510934 0.0664551 0.0549357 0.0766592 0.0597599 0.0528172 0.0875532 0.0438610 0.0406256 0.0486459 0.0553809 0.0562656 0.0563371 0.0590398 0.0577328 0.0706368 0.0732890 0.0668795 0.0867376 0.0593455 0.0673278 0.0438023 0.0449058 0.0572636 0.1167569 0.0555862 0.0631082 0.0601679 0.0318648 0.0470795 0.0915476 0.0554208 0.0524058 0.0518335 0.0579582 0.0873412 0.0581601 0.0518776 0.0514907 0.0446631 0.0234644 0.1593866 0.0471935 0.0525509 0.0655222 0.0623146 
I0190_295_Trogonidae_Apaloderma_aequatoriale              0.0474086 0.0576287 0.0197228 0.0603451 0.0692761 0.0000000 0.0751061 0.0541558 0.0566481 0.0748258 0.0791822 0.0535136 0.0685848 0.0628932 0.0713096 0.0540420 0.0405146 0.0716375 0.0486744 0.0719872 0.0512278 0.0720457 0.0492507 0.0509443 0.0478750 0.0586443 0.0513190 0.0800441 0.0762469 0.0810479 0.0492390 0.0690737 0.0718885 0.0648759 0.0673042 0.0584904 0.0797350 0.0691090 0.0829590 0.0705919 0.0925670 0.0717011 0.0690899 0.1012448 0.0948889 0.1003958 0.0754038 0.0590297 0.0690924 0.0540468 0.0710093 0.0668601 0.0489990 0.0683831 0.0685716 0.0711473 0.0601405 0.0549250 0.0500189 0.0707459 0.0630999 0.0504897 0.0514179 0.0916348 0.0689091 0.0762732 0.0671490 0.0504778 0.0578028 0.0803308 0.0759112 0.0549059 0.0760701 0.0797990 0.0703746 0.0681801 0.0545290 0.0506034 0.0698059 0.0796333 0.0457571 0.0482257 0.0509671 0.0664628 0.0619135 0.0649287 0.0651512 0.0471657 0.0441585 0.0672525 0.0909124 0.0588923 0.0661492 0.0581413 0.0464382 0.0740819 0.0579639 0.0754663 0.0800536 0.0474088 0.0775743 0.0505264 0.0474805 0.0490643 0.0580574 0.0604251 0.0689248 0.0583186 0.0500073 0.0508548 0.0580421 0.0688635 0.0901906 0.0547397 0.0693621 0.0892270 0.0521370 0.0469677 0.0712196 0.0657515 0.0521811 0.0713384 0.0774870 0.0793478 0.0670755 0.0490891 0.0501385 0.0474743 0.0683939 0.0594508 0.0628646 0.0770554 0.0507690 0.0531586 0.0575885 0.0469229 0.0592036 0.0795781 0.0730595 0.0529965 0.0734171 0.0535533 0.0594468 0.0545293 0.0468399 0.0510059 0.0458024 0.0615503 0.0513545 0.0643945 0.0517451 0.0493284 0.0848690 0.0681913 0.0699267 0.0444874 0.0507445 0.0522568 0.0507136 0.0532598 0.0519984 0.0654819 0.0683922 0.0632311 0.0820901 0.0532249 0.0629159 0.0712560 0.0720528 0.0509123 0.1038128 0.0514289 0.0577531 0.0540230 0.0718920 0.0706810 0.0860438 0.0492427 0.0490198 0.0465879 0.0520278 0.0824841 0.0513837 0.0753010 0.0745647 0.0665312 0.0647857 0.1566336 0.0709598 0.0758438 0.0600001 0.0575336 
I0191_344_Indicatoridae_Indicator_exilis                  0.0669458 0.0769571 0.0775997 0.0791247 0.0875283 0.0751061 0.0000000 0.0735903 0.0762773 0.0880133 0.0490990 0.0719414 0.0883302 0.0811598 0.0904431 0.0732455 0.0613262 0.0947173 0.0673909 0.0930972 0.0693550 0.0923221 0.0692028 0.0702882 0.0673809 0.0800885 0.0693691 0.0345794 0.0957400 0.0997181 0.0684492 0.0899847 0.0937235 0.0825642 0.0868135 0.0795541 0.0993155 0.0891480 0.1050991 0.0904128 0.1132871 0.0923827 0.0895906 0.1220629 0.1125605 0.1185794 0.0943983 0.0782032 0.0892395 0.0733040 0.0917531 0.0877885 0.0687510 0.0875849 0.0892191 0.0896325 0.0814567 0.0743085 0.0687531 0.0926507 0.0826573 0.0699449 0.0730760 0.1129436 0.0874552 0.0986281 0.0878143 0.0699347 0.0777393 0.1009040 0.0971904 0.0718951 0.0300370 0.1003762 0.0909882 0.0884217 0.0736927 0.0699119 0.0888342 0.0491287 0.0576691 0.0676182 0.0692602 0.0848197 0.0790934 0.0760674 0.0745115 0.0669038 0.0638937 0.0852464 0.1115964 0.0783591 0.0845338 0.0793394 0.0667642 0.0953033 0.0721176 0.0984568 0.0495665 0.0664635 0.1000493 0.0700245 0.0675684 0.0680803 0.0772597 0.0767646 0.0833018 0.0772172 0.0690641 0.0700826 0.0784118 0.0875790 0.1113818 0.0725583 0.0892392 0.1094453 0.0711434 0.0661785 0.0920405 0.0822785 0.0724282 0.0900571 0.0960283 0.0989717 0.0859869 0.0691640 0.0693091 0.0675345 0.0885037 0.0772692 0.0813974 0.0966510 0.0706855 0.0718816 0.0755220 0.0670156 0.0787738 0.0489187 0.0914183 0.0721313 0.0927772 0.0716762 0.0778701 0.0731409 0.0663744 0.0692363 0.0656525 0.0778560 0.0704899 0.0823204 0.0730000 0.0682400 0.1047731 0.0862584 0.0899701 0.0638931 0.0712752 0.0699043 0.0706764 0.0720477 0.0724071 0.0839471 0.0873672 0.0792662 0.1048737 0.0713436 0.0811023 0.0917238 0.0947643 0.0693167 0.1223839 0.0698537 0.0800520 0.0725114 0.0911765 0.0898606 0.1071170 0.0688735 0.0690239 0.0669565 0.0707933 0.1039333 0.0715054 0.0947690 0.0926735 0.0864036 0.0832038 0.1755131 0.0900812 0.0953146 0.0776768 0.0758052 
I0192_375_Musophagidae_Tauraco_macrorhynchus              0.0398932 0.0527540 0.0569896 0.0523630 0.0640055 0.0541558 0.0735903 0.0000000 0.0487097 0.0700885 0.0769996 0.0255975 0.0644379 0.0587425 0.0666007 0.0469377 0.0330280 0.0685830 0.0394108 0.0667247 0.0424494 0.0669527 0.0433642 0.0425955 0.0385427 0.0516402 0.0421970 0.0800869 0.0720783 0.0752950 0.0438125 0.0634399 0.0657821 0.0583625 0.0605362 0.0515099 0.0747936 0.0649873 0.0772602 0.0653999 0.0857375 0.0674258 0.0643681 0.0967925 0.0906983 0.0963049 0.0712114 0.0529502 0.0613677 0.0490903 0.0657043 0.0614997 0.0409141 0.0602518 0.0640597 0.0672503 0.0531123 0.0476045 0.0413545 0.0665210 0.0565703 0.0458235 0.0435850 0.0848844 0.0633694 0.0695165 0.0597294 0.0411556 0.0499682 0.0750693 0.0673923 0.0488044 0.0759131 0.0747956 0.0657075 0.0635862 0.0471702 0.0457190 0.0641255 0.0777376 0.0394554 0.0411907 0.0420288 0.0583470 0.0559101 0.0589547 0.0602761 0.0376800 0.0366706 0.0611884 0.0847943 0.0546516 0.0572046 0.0500851 0.0369958 0.0660668 0.0505266 0.0672450 0.0790486 0.0378237 0.0695796 0.0414994 0.0408633 0.0381348 0.0509908 0.0526732 0.0619269 0.0511509 0.0454979 0.0421924 0.0506542 0.0609529 0.0833391 0.0453478 0.0613551 0.0824544 0.0431362 0.0371986 0.0665198 0.0599350 0.0426499 0.0661875 0.0728833 0.0732789 0.0589670 0.0391314 0.0439390 0.0382940 0.0629878 0.0518374 0.0545105 0.0704058 0.0420684 0.0436178 0.0510444 0.0377271 0.0522272 0.0779161 0.0656684 0.0462267 0.0695839 0.0442729 0.0540798 0.0477964 0.0374004 0.0424044 0.0362243 0.0536358 0.0420795 0.0631680 0.0450342 0.0384416 0.0785338 0.0621815 0.0646018 0.0344626 0.0418968 0.0434453 0.0425986 0.0461703 0.0435306 0.0575955 0.0609782 0.0549858 0.0765877 0.0459159 0.0563295 0.0666505 0.0685185 0.0437311 0.1005601 0.0434704 0.0503396 0.0459745 0.0662985 0.0637356 0.0792329 0.0414143 0.0413504 0.0378766 0.0465885 0.0784873 0.0451996 0.0708098 0.0701929 0.0617420 0.0621253 0.1502782 0.0643591 0.0720331 0.0539736 0.0528436 
I0193_447_Columbidae_Treron_calvus                        0.0395576 0.0536586 0.0591277 0.0503702 0.0615125 0.0566481 0.0762773 0.0487097 0.0000000 0.0733890 0.0797480 0.0459807 0.0623686 0.0574026 0.0645840 0.0454559 0.0279955 0.0654589 0.0365950 0.0645260 0.0399318 0.0644168 0.0407250 0.0402234 0.0377716 0.0182636 0.0404046 0.0820948 0.0685899 0.0730112 0.0419699 0.0604553 0.0650173 0.0559571 0.0566465 0.0174202 0.0725082 0.0625738 0.0738076 0.0629959 0.0833558 0.0652237 0.0618063 0.0989491 0.0894165 0.0948789 0.0687030 0.0522304 0.0591623 0.0467791 0.0639317 0.0592567 0.0390805 0.0585521 0.0614547 0.0641809 0.0194155 0.0475291 0.0396451 0.0644235 0.0533143 0.0437938 0.0428112 0.0829638 0.0614717 0.0664760 0.0566764 0.0401240 0.0474517 0.0740312 0.0658052 0.0502281 0.0793939 0.0717250 0.0634168 0.0605871 0.0459316 0.0436238 0.0620728 0.0785983 0.0288936 0.0401605 0.0395524 0.0568284 0.0561796 0.0557305 0.0560837 0.0364414 0.0356117 0.0585843 0.0836927 0.0545603 0.0549822 0.0487920 0.0366814 0.0640633 0.0483412 0.0650384 0.0810268 0.0374389 0.0671199 0.0400536 0.0393007 0.0388872 0.0499103 0.0515141 0.0594276 0.0505733 0.0451134 0.0405799 0.0491497 0.0584764 0.0810389 0.0443871 0.0578058 0.0794071 0.0418707 0.0366134 0.0641601 0.0581624 0.0411811 0.0652755 0.0706680 0.0710102 0.0568658 0.0373061 0.0431665 0.0374771 0.0619022 0.0492843 0.0531456 0.0671083 0.0402350 0.0418047 0.0508346 0.0363473 0.0525370 0.0789369 0.0646225 0.0477653 0.0671881 0.0424480 0.0548957 0.0472087 0.0359219 0.0404593 0.0352756 0.0520133 0.0405912 0.0646419 0.0447543 0.0380626 0.0752236 0.0586431 0.0617010 0.0337088 0.0400951 0.0419840 0.0407163 0.0455396 0.0435037 0.0559921 0.0582015 0.0532289 0.0730368 0.0442260 0.0529578 0.0638212 0.0667391 0.0425223 0.1011566 0.0419588 0.0159633 0.0448605 0.0647905 0.0621648 0.0770651 0.0395804 0.0389283 0.0360721 0.0455510 0.0735433 0.0445179 0.0685802 0.0679351 0.0589876 0.0599898 0.1476873 0.0623766 0.0679977 0.0523170 0.0509413 
I0194_495_Alcedinidae_Alcedo_quadribrachys                0.0622964 0.0613995 0.0774026 0.0747351 0.0843662 0.0748258 0.0880133 0.0700885 0.0733890 0.0000000 0.0925520 0.0699045 0.0846532 0.0764248 0.0875054 0.0704559 0.0554358 0.0818054 0.0631335 0.0841717 0.0638206 0.0874623 0.0642477 0.0643600 0.0631453 0.0753648 0.0645948 0.0952503 0.0908371 0.0952990 0.0636930 0.0838347 0.0828316 0.0786044 0.0822025 0.0748298 0.0946563 0.0865590 0.0995658 0.0840171 0.1067963 0.0848616 0.0818106 0.1192904 0.1132128 0.1169572 0.0910371 0.0650018 0.0847433 0.0687123 0.0880510 0.0811149 0.0643119 0.0835096 0.0820930 0.0880133 0.0764532 0.0710413 0.0649351 0.0820215 0.0770311 0.0657322 0.0675241 0.1067236 0.0830212 0.0922088 0.0794444 0.0645354 0.0722875 0.0956353 0.0912092 0.0688635 0.0922374 0.0962452 0.0876951 0.0829221 0.0686025 0.0652419 0.0845322 0.0928930 0.0573804 0.0628118 0.0638277 0.0824131 0.0500791 0.0763105 0.0762071 0.0625987 0.0591184 0.0823778 0.1068051 0.0754902 0.0808337 0.0753812 0.0618409 0.0889017 0.0659163 0.0919257 0.0930859 0.0621257 0.0932573 0.0638602 0.0621031 0.0626322 0.0732702 0.0689960 0.0807202 0.0733206 0.0660424 0.0647256 0.0736874 0.0827295 0.1048504 0.0680607 0.0819045 0.1045907 0.0664225 0.0615022 0.0881787 0.0789323 0.0681685 0.0875026 0.0925589 0.0949192 0.0828284 0.0624914 0.0645207 0.0618979 0.0847074 0.0734696 0.0771296 0.0914279 0.0667652 0.0659741 0.0724253 0.0612522 0.0741176 0.0914513 0.0898358 0.0686011 0.0905051 0.0664728 0.0758705 0.0689998 0.0612293 0.0642526 0.0607296 0.0754233 0.0644006 0.0849706 0.0678934 0.0616594 0.0983818 0.0835256 0.0830394 0.0581478 0.0667644 0.0651857 0.0668085 0.0680335 0.0656406 0.0803681 0.0849273 0.0767124 0.0989663 0.0685847 0.0781374 0.0886678 0.0829732 0.0669933 0.1251574 0.0645510 0.0751133 0.0683996 0.0862836 0.0856864 0.1001623 0.0633668 0.0629038 0.0622720 0.0660736 0.0974050 0.0673466 0.0888924 0.0899359 0.0821273 0.0811493 0.1707520 0.0857767 0.0917201 0.0758432 0.0711936 
I0195_522_Ramphastidae_Buccanodon_duchaillui              0.0689928 0.0785915 0.0820562 0.0810116 0.0903649 0.0791822 0.0490990 0.0769996 0.0797480 0.0925520 0.0000000 0.0762418 0.0905073 0.0837541 0.0951943 0.0755662 0.0637642 0.0977728 0.0699720 0.0959414 0.0714059 0.0950896 0.0713566 0.0717492 0.0694824 0.0827572 0.0715410 0.0531252 0.0974550 0.1016366 0.0708291 0.0932851 0.0970078 0.0850606 0.0886306 0.0821309 0.1018309 0.0928422 0.1083120 0.0933224 0.1151077 0.0958426 0.0925847 0.1272854 0.1184716 0.1227364 0.0967184 0.0814294 0.0906887 0.0751543 0.0957534 0.0902297 0.0716833 0.0900168 0.0919815 0.0936628 0.0835616 0.0752568 0.0705843 0.0960725 0.0858110 0.0715798 0.0756164 0.1144843 0.0916585 0.1016126 0.0896094 0.0718551 0.0794986 0.1048781 0.1011639 0.0743774 0.0502694 0.1028302 0.0944101 0.0922887 0.0748960 0.0717496 0.0920625 0.0341789 0.0609319 0.0698033 0.0705781 0.0887089 0.0816045 0.0789739 0.0783288 0.0689701 0.0663960 0.0877737 0.1136877 0.0811577 0.0878352 0.0815414 0.0695824 0.0976390 0.0753974 0.1007538 0.0331815 0.0690008 0.1034963 0.0715206 0.0691956 0.0707030 0.0798850 0.0791562 0.0866719 0.0798101 0.0725649 0.0715595 0.0806091 0.0907607 0.1128751 0.0756506 0.0907007 0.1110877 0.0734740 0.0679668 0.0943589 0.0839375 0.0743868 0.0935805 0.0986772 0.1009156 0.0895072 0.0708388 0.0710219 0.0698448 0.0909311 0.0798114 0.0827534 0.0985589 0.0728143 0.0730789 0.0783622 0.0695363 0.0806875 0.0376272 0.0940153 0.0739834 0.0964634 0.0742690 0.0816708 0.0770841 0.0684267 0.0719846 0.0680415 0.0809821 0.0716529 0.0865133 0.0766675 0.0691696 0.1057482 0.0896659 0.0929994 0.0661671 0.0729123 0.0729043 0.0718265 0.0732829 0.0733520 0.0871368 0.0905090 0.0812802 0.1071330 0.0752169 0.0832066 0.0945987 0.0978742 0.0723287 0.1276625 0.0720045 0.0834570 0.0756264 0.0938965 0.0922121 0.1080937 0.0708384 0.0693637 0.0695130 0.0739945 0.1047692 0.0731880 0.0961377 0.0957670 0.0879094 0.0875146 0.1786246 0.0927247 0.0982249 0.0799797 0.0779212 
I0196_523_Musophagidae_Corythaeola_cristata               0.0362630 0.0508742 0.0568156 0.0491129 0.0608216 0.0535136 0.0719414 0.0255975 0.0459807 0.0699045 0.0762418 0.0000000 0.0624121 0.0549559 0.0647656 0.0436528 0.0296173 0.0657381 0.0354876 0.0644097 0.0385070 0.0652123 0.0380354 0.0385835 0.0342684 0.0489122 0.0386368 0.0781387 0.0691845 0.0718225 0.0401617 0.0609058 0.0643363 0.0547575 0.0573841 0.0481592 0.0717991 0.0624842 0.0737153 0.0631776 0.0815124 0.0654979 0.0623054 0.0970965 0.0895820 0.0946673 0.0683432 0.0508279 0.0594100 0.0448633 0.0642900 0.0599604 0.0380602 0.0561663 0.0610052 0.0654896 0.0496854 0.0453333 0.0381621 0.0644202 0.0530149 0.0414217 0.0409115 0.0805061 0.0609742 0.0670285 0.0551836 0.0372378 0.0447727 0.0732504 0.0651721 0.0475945 0.0760007 0.0697940 0.0642356 0.0610889 0.0432784 0.0418055 0.0617367 0.0766867 0.0365121 0.0372994 0.0381885 0.0546215 0.0540124 0.0541287 0.0562481 0.0342808 0.0331376 0.0574286 0.0807484 0.0522289 0.0534480 0.0471913 0.0336404 0.0632571 0.0467558 0.0655382 0.0778600 0.0338451 0.0681479 0.0376294 0.0361689 0.0345162 0.0470714 0.0492318 0.0576614 0.0474862 0.0417450 0.0382992 0.0477690 0.0568344 0.0797093 0.0409694 0.0575391 0.0782016 0.0387057 0.0334968 0.0640908 0.0563581 0.0385203 0.0641202 0.0697516 0.0681544 0.0550933 0.0352473 0.0405842 0.0351084 0.0599373 0.0488161 0.0507951 0.0653489 0.0386207 0.0400463 0.0478136 0.0341239 0.0499372 0.0767772 0.0640935 0.0439636 0.0670699 0.0402969 0.0514201 0.0434224 0.0338624 0.0383619 0.0330295 0.0503713 0.0385360 0.0616169 0.0421521 0.0351133 0.0737321 0.0594022 0.0620654 0.0308506 0.0376081 0.0404834 0.0397260 0.0427297 0.0403974 0.0542743 0.0585007 0.0514520 0.0726297 0.0424215 0.0527717 0.0647837 0.0661628 0.0407905 0.0997856 0.0392892 0.0476141 0.0411670 0.0637375 0.0627051 0.0753494 0.0370677 0.0372132 0.0340020 0.0419199 0.0726434 0.0417507 0.0673239 0.0673711 0.0587060 0.0582881 0.1469212 0.0632120 0.0694261 0.0505779 0.0490049 
I0197_832_Corvidae_Corvus_albus                           0.0531843 0.0668560 0.0724004 0.0654463 0.0465295 0.0685848 0.0883302 0.0644379 0.0623686 0.0846532 0.0905073 0.0624121 0.0000000 0.0707555 0.0497002 0.0600958 0.0463006 0.0488138 0.0524806 0.0479107 0.0563631 0.0499340 0.0556128 0.0569541 0.0542702 0.0640357 0.0551085 0.0948783 0.0300379 0.0343352 0.0542158 0.0454395 0.0490729 0.0697438 0.0715303 0.0641295 0.0326675 0.0478636 0.0882154 0.0464318 0.0972011 0.0487923 0.0446710 0.1151517 0.1053796 0.1110685 0.0296232 0.0664725 0.0747536 0.0597404 0.0494049 0.0434262 0.0557111 0.0690671 0.0448838 0.0487358 0.0650723 0.0628907 0.0550842 0.0477428 0.0686167 0.0572476 0.0590601 0.0966686 0.0456429 0.0816496 0.0717133 0.0558071 0.0626865 0.0879434 0.0800095 0.0648842 0.0917669 0.0860179 0.0485615 0.0453324 0.0607086 0.0567987 0.0455606 0.0912030 0.0493593 0.0542465 0.0559194 0.0666605 0.0681598 0.0677590 0.0682926 0.0522546 0.0506249 0.0722847 0.1002047 0.0702869 0.0678132 0.0643204 0.0523814 0.0791691 0.0625010 0.0811443 0.0928511 0.0535590 0.0831404 0.0550320 0.0537752 0.0550223 0.0649140 0.0642489 0.0723771 0.0648907 0.0600415 0.0567936 0.0648816 0.0690086 0.0971153 0.0600949 0.0740511 0.0955938 0.0568610 0.0526533 0.0483626 0.0719385 0.0571935 0.0353777 0.0325729 0.0847156 0.0685700 0.0530753 0.0570906 0.0548024 0.0469174 0.0653253 0.0649091 0.0813623 0.0548031 0.0584452 0.0666841 0.0529805 0.0673112 0.0927933 0.0805540 0.0626819 0.0513811 0.0599172 0.0703308 0.0610507 0.0522856 0.0556232 0.0515751 0.0667679 0.0562248 0.0763208 0.0599058 0.0543670 0.0900308 0.0304122 0.0453902 0.0494788 0.0554260 0.0570579 0.0569007 0.0597384 0.0593286 0.0722895 0.0742686 0.0682511 0.0872252 0.0605853 0.0689420 0.0489982 0.0495760 0.0583714 0.1174478 0.0573000 0.0638234 0.0608771 0.0478551 0.0319887 0.0917654 0.0562866 0.0534824 0.0525939 0.0597721 0.0887375 0.0582134 0.0296670 0.0285942 0.0142232 0.0440802 0.1624675 0.0323121 0.0292294 0.0681205 0.0642269 
I0198_937_Bucerotidae_Tockus_camurus                      0.0472857 0.0575302 0.0658559 0.0598953 0.0676946 0.0628932 0.0811598 0.0587425 0.0574026 0.0764248 0.0837541 0.0549559 0.0707555 0.0000000 0.0737187 0.0556237 0.0404920 0.0719922 0.0479903 0.0717085 0.0507546 0.0732900 0.0499823 0.0506768 0.0479208 0.0598311 0.0505158 0.0880808 0.0765350 0.0811726 0.0491775 0.0695041 0.0721144 0.0657242 0.0677558 0.0587605 0.0812860 0.0709694 0.0836445 0.0697606 0.0935722 0.0726793 0.0696648 0.1065199 0.0984654 0.1035689 0.0773913 0.0585416 0.0705020 0.0543982 0.0721018 0.0671825 0.0492112 0.0664660 0.0695499 0.0730413 0.0597776 0.0565945 0.0492467 0.0720367 0.0638149 0.0507680 0.0515216 0.0920027 0.0693608 0.0779184 0.0669005 0.0498011 0.0563058 0.0824975 0.0759725 0.0568001 0.0838878 0.0817245 0.0720215 0.0688796 0.0539333 0.0506158 0.0694442 0.0842408 0.0450612 0.0475008 0.0498010 0.0649848 0.0616219 0.0619433 0.0625439 0.0470625 0.0438325 0.0682242 0.0945382 0.0611665 0.0642050 0.0574268 0.0458050 0.0747504 0.0557622 0.0768019 0.0847449 0.0477359 0.0789331 0.0492245 0.0462780 0.0473531 0.0594875 0.0583825 0.0690398 0.0593246 0.0532181 0.0495686 0.0591437 0.0670612 0.0921913 0.0539812 0.0697662 0.0903471 0.0522733 0.0464451 0.0711760 0.0650982 0.0518121 0.0738417 0.0785326 0.0807302 0.0655263 0.0474808 0.0502755 0.0472027 0.0684905 0.0592626 0.0606961 0.0769102 0.0499739 0.0520919 0.0597450 0.0466062 0.0604241 0.0838246 0.0743511 0.0558334 0.0744021 0.0532782 0.0610635 0.0557504 0.0461389 0.0496049 0.0456065 0.0615339 0.0506022 0.0706041 0.0542547 0.0478491 0.0838687 0.0684117 0.0697596 0.0441800 0.0505950 0.0510534 0.0518370 0.0517742 0.0528171 0.0668388 0.0677752 0.0630978 0.0829359 0.0541792 0.0644458 0.0727742 0.0746058 0.0516988 0.1090486 0.0505232 0.0581971 0.0545877 0.0710752 0.0717435 0.0869111 0.0499611 0.0472695 0.0468819 0.0536319 0.0823666 0.0519935 0.0758423 0.0754960 0.0674945 0.0661781 0.1576456 0.0718898 0.0776664 0.0613778 0.0254544 
I0200_988_Furnariidae_Furnarius_rufus                     0.0554631 0.0685857 0.0752856 0.0678571 0.0432676 0.0713096 0.0904431 0.0666007 0.0645840 0.0875054 0.0951943 0.0647656 0.0497002 0.0737187 0.0000000 0.0633481 0.0492924 0.0412776 0.0558157 0.0396360 0.0596798 0.0335325 0.0581590 0.0583398 0.0568488 0.0654898 0.0586080 0.0996188 0.0547602 0.0599539 0.0569715 0.0379808 0.0413165 0.0719101 0.0732082 0.0652373 0.0587017 0.0185407 0.0888586 0.0389196 0.0983774 0.0411839 0.0373055 0.1120225 0.1063330 0.1089755 0.0550755 0.0667585 0.0768001 0.0632445 0.0332934 0.0359533 0.0586653 0.0735542 0.0380434 0.0182606 0.0670889 0.0666359 0.0583041 0.0409795 0.0704868 0.0598478 0.0622173 0.0970700 0.0380231 0.0811667 0.0734765 0.0573428 0.0653251 0.0884997 0.0810158 0.0680828 0.0944554 0.0858425 0.0331863 0.0376939 0.0640814 0.0594086 0.0383549 0.0949060 0.0520499 0.0568578 0.0587672 0.0717135 0.0712456 0.0720040 0.0708159 0.0551441 0.0540581 0.0744824 0.0995343 0.0704503 0.0716742 0.0670348 0.0553418 0.0784441 0.0663344 0.0809118 0.0966929 0.0558247 0.0826098 0.0574213 0.0572772 0.0576083 0.0681326 0.0662707 0.0763388 0.0675293 0.0620759 0.0588911 0.0671130 0.0736718 0.0977600 0.0614536 0.0743110 0.0948920 0.0606713 0.0556684 0.0317459 0.0755180 0.0589057 0.0516677 0.0573073 0.0854034 0.0726163 0.0557238 0.0597562 0.0570104 0.0423496 0.0678600 0.0682642 0.0807747 0.0571306 0.0611960 0.0671757 0.0552331 0.0703757 0.0957204 0.0818146 0.0668224 0.0480152 0.0613173 0.0726120 0.0648039 0.0543813 0.0585332 0.0546024 0.0697923 0.0588075 0.0785351 0.0619873 0.0574050 0.0908746 0.0464176 0.0378851 0.0521680 0.0576259 0.0605786 0.0597033 0.0628248 0.0616873 0.0734062 0.0761521 0.0705569 0.0876390 0.0631811 0.0717861 0.0321468 0.0421172 0.0612869 0.1151430 0.0590437 0.0650396 0.0628914 0.0438974 0.0487539 0.0928892 0.0578218 0.0559752 0.0551497 0.0608573 0.0890969 0.0620596 0.0551377 0.0539724 0.0473368 0.0417650 0.1585616 0.0487932 0.0552995 0.0698866 0.0677386 
I0201_999_Scolopacidae_Tringa_solitaria                   0.0355538 0.0518019 0.0568223 0.0470902 0.0596945 0.0540420 0.0732455 0.0469377 0.0454559 0.0704559 0.0755662 0.0436528 0.0600958 0.0556237 0.0633481 0.0000000 0.0287146 0.0642597 0.0349708 0.0636410 0.0299192 0.0637349 0.0380884 0.0328169 0.0349749 0.0473619 0.0323127 0.0791817 0.0676159 0.0716120 0.0386695 0.0604706 0.0637132 0.0547092 0.0556586 0.0468676 0.0710214 0.0613375 0.0706172 0.0617401 0.0792752 0.0641276 0.0611217 0.0957727 0.0867066 0.0923347 0.0669210 0.0500212 0.0579767 0.0440069 0.0627832 0.0578880 0.0365661 0.0568701 0.0607003 0.0634198 0.0490378 0.0454546 0.0373962 0.0630422 0.0516972 0.0407503 0.0405737 0.0788345 0.0605620 0.0655617 0.0547468 0.0373029 0.0455496 0.0711678 0.0651962 0.0488530 0.0760139 0.0660986 0.0632870 0.0599277 0.0411711 0.0407073 0.0615532 0.0764543 0.0355138 0.0362452 0.0285030 0.0554811 0.0531506 0.0531313 0.0545892 0.0346207 0.0325904 0.0574139 0.0797772 0.0348607 0.0536566 0.0457194 0.0339561 0.0619707 0.0464431 0.0641434 0.0778304 0.0329299 0.0666667 0.0321821 0.0349877 0.0360918 0.0469607 0.0500771 0.0574530 0.0478600 0.0424156 0.0325484 0.0460728 0.0565773 0.0783213 0.0412286 0.0558486 0.0764235 0.0386957 0.0339912 0.0629054 0.0547196 0.0380394 0.0641505 0.0685853 0.0650145 0.0553570 0.0344583 0.0398818 0.0352401 0.0594676 0.0471233 0.0505145 0.0629917 0.0377550 0.0318160 0.0486882 0.0341597 0.0472129 0.0772793 0.0630654 0.0448203 0.0651554 0.0329754 0.0360856 0.0435567 0.0334407 0.0364383 0.0331672 0.0494030 0.0295589 0.0629444 0.0422558 0.0356951 0.0706348 0.0584763 0.0613573 0.0310364 0.0375117 0.0386133 0.0389705 0.0415508 0.0400268 0.0542624 0.0571008 0.0509259 0.0695891 0.0143672 0.0514177 0.0629368 0.0652190 0.0152110 0.0971734 0.0380856 0.0470339 0.0419296 0.0622758 0.0612108 0.0734510 0.0367751 0.0366887 0.0338527 0.0412674 0.0687411 0.0406505 0.0679489 0.0669742 0.0575609 0.0576073 0.1442345 0.0614728 0.0680561 0.0328632 0.0491327 
I0202_1066_Cathartidae_Cathartes_burrovianus              0.0195020 0.0370628 0.0434300 0.0348819 0.0458797 0.0405146 0.0613262 0.0330280 0.0279955 0.0554358 0.0637642 0.0296173 0.0463006 0.0404920 0.0492924 0.0287146 0.0000000 0.0499944 0.0188880 0.0484527 0.0229973 0.0500040 0.0224214 0.0222573 0.0190479 0.0322852 0.0226899 0.0673711 0.0539153 0.0578919 0.0231337 0.0456840 0.0486695 0.0401059 0.0411256 0.0317047 0.0565955 0.0467840 0.0580380 0.0467208 0.0679481 0.0493140 0.0463384 0.0850800 0.0764818 0.0812583 0.0537155 0.0358440 0.0455512 0.0285861 0.0485537 0.0436139 0.0220955 0.0417137 0.0460542 0.0495586 0.0324202 0.0304398 0.0221359 0.0487541 0.0383518 0.0247599 0.0254246 0.0675031 0.0459485 0.0526101 0.0402408 0.0216429 0.0310605 0.0582770 0.0509885 0.0342270 0.0642434 0.0538013 0.0490615 0.0451141 0.0278533 0.0249126 0.0462672 0.0641598 0.0220603 0.0194711 0.0218162 0.0398116 0.0379973 0.0388449 0.0402829 0.0184103 0.0044967 0.0432633 0.0686668 0.0390828 0.0389896 0.0313324 0.0181976 0.0490071 0.0309683 0.0507670 0.0655458 0.0184213 0.0534639 0.0220276 0.0192264 0.0201465 0.0338619 0.0349760 0.0450247 0.0345973 0.0273150 0.0225636 0.0318475 0.0418834 0.0660135 0.0262816 0.0417664 0.0641218 0.0234679 0.0176095 0.0484041 0.0427555 0.0238420 0.0497521 0.0553766 0.0524717 0.0400030 0.0187499 0.0235429 0.0196497 0.0449481 0.0338782 0.0359414 0.0497956 0.0228184 0.0245704 0.0361753 0.0186187 0.0337965 0.0648931 0.0511747 0.0300724 0.0516180 0.0251867 0.0391129 0.0294182 0.0176306 0.0225349 0.0171200 0.0366856 0.0228010 0.0502409 0.0278403 0.0197126 0.0582463 0.0429166 0.0464975 0.0152372 0.0217306 0.0242116 0.0239878 0.0253959 0.0253297 0.0409240 0.0440653 0.0381056 0.0569348 0.0283430 0.0379414 0.0491461 0.0500386 0.0256771 0.0863235 0.0236713 0.0305223 0.0270509 0.0486284 0.0459265 0.0610531 0.0211496 0.0197090 0.0181376 0.0273634 0.0564799 0.0243791 0.0535020 0.0518111 0.0434218 0.0442553 0.1340474 0.0464855 0.0545314 0.0366190 0.0339503 
I0203_1087_Tyrannidae_Hymenops_perspicillatus             0.0570833 0.0681492 0.0764306 0.0689332 0.0448773 0.0716375 0.0947173 0.0685830 0.0654589 0.0818054 0.0977728 0.0657381 0.0488138 0.0719922 0.0412776 0.0642597 0.0499944 0.0000000 0.0574024 0.0157709 0.0612365 0.0425612 0.0596960 0.0602295 0.0580250 0.0670144 0.0606850 0.1017303 0.0536916 0.0583533 0.0580074 0.0246336 0.0233069 0.0731159 0.0753692 0.0669968 0.0576430 0.0392470 0.0918850 0.0229637 0.1020871 0.0228396 0.0233120 0.1155378 0.1081813 0.1121501 0.0536394 0.0678225 0.0779657 0.0636708 0.0407914 0.0224602 0.0592943 0.0736894 0.0239585 0.0411498 0.0685820 0.0683551 0.0590667 0.0108474 0.0728369 0.0610432 0.0618011 0.1014264 0.0224149 0.0834946 0.0760429 0.0598056 0.0679180 0.0923296 0.0839008 0.0705270 0.0973248 0.0896718 0.0420303 0.0231758 0.0637927 0.0606336 0.0240421 0.0958725 0.0539085 0.0587022 0.0606301 0.0715425 0.0698124 0.0744336 0.0734174 0.0563858 0.0544008 0.0758555 0.1037282 0.0736754 0.0723282 0.0680630 0.0564062 0.0822458 0.0667298 0.0831635 0.0990524 0.0570036 0.0853412 0.0592914 0.0573477 0.0582767 0.0680276 0.0674005 0.0782587 0.0678490 0.0625414 0.0608799 0.0679903 0.0736499 0.0997882 0.0639256 0.0768067 0.0993595 0.0611638 0.0565462 0.0403179 0.0769261 0.0602361 0.0498807 0.0555413 0.0882341 0.0724025 0.0570401 0.0612030 0.0583197 0.0428347 0.0698745 0.0682465 0.0848635 0.0591331 0.0627862 0.0690733 0.0567221 0.0716476 0.0985156 0.0835079 0.0678746 0.0488427 0.0631860 0.0727378 0.0648966 0.0565200 0.0598655 0.0559524 0.0713539 0.0608199 0.0793617 0.0630797 0.0581378 0.0944581 0.0464568 0.0241270 0.0531050 0.0597601 0.0615636 0.0602313 0.0645412 0.0624149 0.0746710 0.0780638 0.0724380 0.0913539 0.0642026 0.0745430 0.0416640 0.0140369 0.0621235 0.1186445 0.0605046 0.0665570 0.0651060 0.0442432 0.0473954 0.0970690 0.0600681 0.0569346 0.0556315 0.0615262 0.0913892 0.0634649 0.0517559 0.0531311 0.0468340 0.0429792 0.1644135 0.0473478 0.0527342 0.0712206 0.0670180 
I0204_1174_Threskiornithidae_Harpiprion_caerulescens      0.0265960 0.0441442 0.0514802 0.0399620 0.0520363 0.0486744 0.0673909 0.0394108 0.0365950 0.0631335 0.0699720 0.0354876 0.0524806 0.0479903 0.0558157 0.0349708 0.0188880 0.0574024 0.0000000 0.0557945 0.0285851 0.0569952 0.0273005 0.0268195 0.0229395 0.0382217 0.0274525 0.0734338 0.0602548 0.0637496 0.0281785 0.0524396 0.0556011 0.0470284 0.0478295 0.0381245 0.0643117 0.0540573 0.0650966 0.0540383 0.0724830 0.0566679 0.0529481 0.0925863 0.0799775 0.0885659 0.0605329 0.0431722 0.0503336 0.0348537 0.0556911 0.0506194 0.0251113 0.0483643 0.0525909 0.0561051 0.0393602 0.0361102 0.0253328 0.0558637 0.0445645 0.0313293 0.0314522 0.0728897 0.0527369 0.0585358 0.0462116 0.0254161 0.0363941 0.0653654 0.0578139 0.0401350 0.0703608 0.0598416 0.0558656 0.0523550 0.0335387 0.0313847 0.0537864 0.0699579 0.0272748 0.0270351 0.0277914 0.0460966 0.0459987 0.0455899 0.0464042 0.0223279 0.0222854 0.0502011 0.0744713 0.0448293 0.0452329 0.0373378 0.0220947 0.0544733 0.0383891 0.0570468 0.0718247 0.0247978 0.0597620 0.0273848 0.0265454 0.0243851 0.0389904 0.0417731 0.0492014 0.0397034 0.0335752 0.0278632 0.0387471 0.0486076 0.0717620 0.0298543 0.0469797 0.0699022 0.0287861 0.0218000 0.0558799 0.0472670 0.0282462 0.0566090 0.0613514 0.0591443 0.0473342 0.0226947 0.0306494 0.0237346 0.0523912 0.0395038 0.0426218 0.0550137 0.0253383 0.0301940 0.0428269 0.0223162 0.0403162 0.0714359 0.0566736 0.0361786 0.0576241 0.0315854 0.0452212 0.0349507 0.0208666 0.0283845 0.0207384 0.0420476 0.0283516 0.0569551 0.0337413 0.0237981 0.0639057 0.0499506 0.0533410 0.0201287 0.0250433 0.0302218 0.0271835 0.0330741 0.0315971 0.0467064 0.0499513 0.0432372 0.0643676 0.0345127 0.0423253 0.0563642 0.0579101 0.0324608 0.0939854 0.0295167 0.0375429 0.0321064 0.0556631 0.0539790 0.0670344 0.0266955 0.0272874 0.0226906 0.0334783 0.0621648 0.0320120 0.0593314 0.0589140 0.0496225 0.0504664 0.1397732 0.0543984 0.0608764 0.0423450 0.0417173 
I0205_1183_Tyrannidae_Hirundinea_ferruginea               0.0556569 0.0683567 0.0758147 0.0676333 0.0428319 0.0719872 0.0930972 0.0667247 0.0645260 0.0841717 0.0959414 0.0644097 0.0479107 0.0717085 0.0396360 0.0636410 0.0484527 0.0157709 0.0557945 0.0000000 0.0599834 0.0412173 0.0583882 0.0588789 0.0560606 0.0661252 0.0586924 0.1007718 0.0517541 0.0572845 0.0573686 0.0220285 0.0223108 0.0716345 0.0738871 0.0659912 0.0564652 0.0379015 0.0914489 0.0208552 0.1022970 0.0210610 0.0209167 0.1131457 0.1069626 0.1109915 0.0526529 0.0671947 0.0774469 0.0626005 0.0399547 0.0201048 0.0586740 0.0722841 0.0218834 0.0399648 0.0677739 0.0678160 0.0585930 0.0161207 0.0716019 0.0601154 0.0607808 0.1014127 0.0208588 0.0822076 0.0754546 0.0581720 0.0667434 0.0904052 0.0818480 0.0695689 0.0968147 0.0886467 0.0405067 0.0210660 0.0641355 0.0598330 0.0214524 0.0956410 0.0537685 0.0570181 0.0591343 0.0705792 0.0703011 0.0729450 0.0727741 0.0553284 0.0527371 0.0754665 0.1030169 0.0722679 0.0705745 0.0660310 0.0548740 0.0809713 0.0655143 0.0815396 0.0969618 0.0556904 0.0840329 0.0580687 0.0559045 0.0568037 0.0673474 0.0667903 0.0780147 0.0671963 0.0613579 0.0593219 0.0666215 0.0733997 0.1000221 0.0620420 0.0761092 0.0987636 0.0600263 0.0548269 0.0393179 0.0770933 0.0583148 0.0493817 0.0550139 0.0871980 0.0713074 0.0554890 0.0603610 0.0569346 0.0414352 0.0675612 0.0668165 0.0842377 0.0577022 0.0611257 0.0684357 0.0550683 0.0707287 0.0978163 0.0819446 0.0661401 0.0480191 0.0620931 0.0727214 0.0640555 0.0549681 0.0582433 0.0546074 0.0711771 0.0592797 0.0788659 0.0622579 0.0560039 0.0933161 0.0452955 0.0219767 0.0518167 0.0575921 0.0595588 0.0594895 0.0628731 0.0618080 0.0736381 0.0767791 0.0718776 0.0902384 0.0631955 0.0728117 0.0397837 0.0157140 0.0613639 0.1174305 0.0595688 0.0657156 0.0630816 0.0437920 0.0464369 0.0960030 0.0584150 0.0561892 0.0546876 0.0611143 0.0899506 0.0621777 0.0503451 0.0517453 0.0453842 0.0409263 0.1660567 0.0466361 0.0520084 0.0705581 0.0662915 
