37
Peramelidae_Isoodon_obesulus1                0.0000000 0.1253006 0.1285331 0.1295835 0.1383989 0.1382993 0.1289743 0.1145003 0.1201007 0.1338350 0.1366204 0.1108461 0.1300949 0.1126120 0.1290673 0.1078159 0.1240919 0.1249862 0.1300810 0.1299313 0.1310875 0.1599113 0.1646495 0.1162734 0.1275536 0.1356440 0.1064473 0.1375998 0.1308883 0.1683287 0.1387033 0.1319479 0.1276271 0.0000010 0.1143729 0.1203555 0.1353571 
Burramyidae_Burramys_parvus                  0.1253006 0.0000000 0.0780560 0.0774931 0.0670898 0.0700917 0.0936056 0.0486142 0.0561413 0.0663840 0.0933247 0.0483139 0.0988362 0.0959069 0.0534234 0.0586068 0.0957980 0.0970847 0.0906249 0.0915697 0.0656671 0.0629675 0.1182379 0.1216128 0.0965881 0.0615712 0.0680685 0.0565168 0.0681784 0.0620591 0.0751468 0.0586227 0.0640807 0.1253006 0.0928959 0.0979632 0.0907229 
Notoryctidae_Notoryctes_typhlops             0.1285331 0.0780560 0.0000000 0.0817641 0.0921010 0.0923721 0.1024805 0.0697285 0.0732846 0.0914603 0.0991772 0.0676931 0.1076515 0.1053247 0.0699563 0.0698808 0.1113062 0.1021600 0.1138452 0.0980256 0.0891048 0.0834168 0.1234112 0.1268838 0.1093409 0.0833600 0.0814477 0.0772770 0.0877123 0.0837741 0.0955911 0.0732484 0.0761666 0.1285331 0.0983333 0.1076474 0.0902038 
Vombatidae_Lasiorhinus_latifrons             0.1295835 0.0774931 0.0817641 0.0000000 0.0821725 0.0829111 0.0966628 0.0581631 0.0606772 0.0834623 0.1004145 0.0538623 0.1068414 0.1071845 0.0547021 0.0602186 0.1091230 0.0972108 0.1077913 0.0985392 0.0793882 0.0721371 0.1188980 0.1219073 0.1070174 0.0701516 0.0714109 0.0658210 0.0750714 0.0700337 0.0905637 0.0628331 0.0625813 0.1295835 0.0993101 0.1017979 0.0998577 
Potoroidae_Bettongia_penicillata             0.1383989 0.0670898 0.0921010 0.0821725 0.0000000 0.0035798 0.1103384 0.0626486 0.0669401 0.0108767 0.1128421 0.0599650 0.1147487 0.1100721 0.0636100 0.0669343 0.1188999 0.1106053 0.1214260 0.1079543 0.0300460 0.0759926 0.1361503 0.1361035 0.1189825 0.0583981 0.0755840 0.0656152 0.0293663 0.0716252 0.0903347 0.0717265 0.0696879 0.1383989 0.1086344 0.1148621 0.1020548 
Potoroidae_Bettongia_lesueur                 0.1382993 0.0700917 0.0923721 0.0829111 0.0035798 0.0000000 0.1073137 0.0632407 0.0657293 0.0133791 0.1128058 0.0609301 0.1127515 0.1087081 0.0641758 0.0670376 0.1168686 0.1083088 0.1201534 0.1078701 0.0307181 0.0765725 0.1384162 0.1375287 0.1165864 0.0593534 0.0778064 0.0672092 0.0300245 0.0739647 0.0912223 0.0708640 0.0708042 0.1382993 0.1094351 0.1134070 0.1021494 
Dasyuridae_Dasyurus_maculatus                0.1289743 0.0936056 0.1024805 0.0966628 0.1103384 0.1073137 0.0000000 0.0862702 0.0878799 0.1179313 0.1134866 0.0848843 0.0332172 0.0467216 0.0842993 0.0891567 0.0302762 0.0139688 0.0330348 0.1065130 0.1130770 0.1011468 0.1254144 0.1268478 0.0257526 0.0979827 0.0919181 0.0929199 0.1084565 0.1005031 0.1151741 0.0894084 0.0925117 0.1289743 0.1115540 0.0099300 0.1029180 
Phalangeridae_Trichosurus_vulpecula          0.1145003 0.0486142 0.0697285 0.0581631 0.0626486 0.0632407 0.0862702 0.0000000 0.0199579 0.0615944 0.0893841 0.0173664 0.0965051 0.0949971 0.0168470 0.0451862 0.1000751 0.0869866 0.0983579 0.0875415 0.0604319 0.0555891 0.1121579 0.1157116 0.0959384 0.0555784 0.0621679 0.0460116 0.0596050 0.0529498 0.0744705 0.0471796 0.0224250 0.1145003 0.0914937 0.0906938 0.0849621 
Phalangeridae_Spilocuscus_maculatus          0.1201007 0.0561413 0.0732846 0.0606772 0.0669401 0.0657293 0.0878799 0.0199579 0.0000000 0.0681442 0.0899289 0.0167221 0.0987906 0.0967921 0.0136903 0.0468872 0.0959730 0.0897526 0.0961322 0.0884247 0.0653181 0.0588986 0.1118920 0.1152965 0.0934199 0.0568228 0.0669020 0.0481125 0.0630837 0.0572438 0.0762413 0.0483505 0.0174523 0.1201007 0.0912908 0.0938747 0.0882996 
Potoroidae_Aepyprymnus_rufescens             0.1338350 0.0663840 0.0914603 0.0834623 0.0108767 0.0133791 0.1179313 0.0615944 0.0681442 0.0000000 0.1142132 0.0596690 0.1231324 0.1177100 0.0651134 0.0688869 0.1282786 0.1182590 0.1218692 0.1110606 0.0281217 0.0764990 0.1386446 0.1419515 0.1263233 0.0551134 0.0818244 0.0655668 0.0265222 0.0722131 0.0919575 0.0718475 0.0708372 0.1338350 0.1107696 0.1228126 0.1085897 
Peramelidae_Perameles_nasuta                 0.1366204 0.0933247 0.0991772 0.1004145 0.1128421 0.1128058 0.1134866 0.0893841 0.0899289 0.1142132 0.0000000 0.0857969 0.1206889 0.1227206 0.0850297 0.0907937 0.1168156 0.1177524 0.1151149 0.0191202 0.1086308 0.1011895 0.1435414 0.1459916 0.1147506 0.1051813 0.0947389 0.0920141 0.1056108 0.0988660 0.1154452 0.0911442 0.0931284 0.1366204 0.0203588 0.1181336 0.0018731 
Phalangeridae_Strigocuscus_pelengensis       0.1108461 0.0483139 0.0676931 0.0538623 0.0599650 0.0609301 0.0848843 0.0173664 0.0167221 0.0596690 0.0857969 0.0000000 0.0934469 0.0928575 0.0126019 0.0387970 0.0984173 0.0865733 0.0935698 0.0839491 0.0603018 0.0535585 0.1069331 0.1115972 0.0929060 0.0460301 0.0576719 0.0449148 0.0592265 0.0549583 0.0726809 0.0431162 0.0187540 0.1108461 0.0863808 0.0904157 0.0842596 
Dasyuridae_Phascogale_tapoatafa              0.1300949 0.0988362 0.1076515 0.1068414 0.1147487 0.1127515 0.0332172 0.0965051 0.0987906 0.1231324 0.1206889 0.0934469 0.0000000 0.0354818 0.0961427 0.0961997 0.0056385 0.0356612 0.0397225 0.1154884 0.1186719 0.1123531 0.1299897 0.1323708 0.0236850 0.1075957 0.0938239 0.1012868 0.1150132 0.1084462 0.1155322 0.1000354 0.1011550 0.1300949 0.1183506 0.0380351 0.1044696 
Dasyuridae_Sminthopsis_macroura              0.1126120 0.0959069 0.1053247 0.1071845 0.1100721 0.1087081 0.0467216 0.0949971 0.0967921 0.1177100 0.1227206 0.0928575 0.0354818 0.0000000 0.0924136 0.0954046 0.0311228 0.0472871 0.0342763 0.1192244 0.1151419 0.1112429 0.1233201 0.1271918 0.0427074 0.1087844 0.0909518 0.0990630 0.1115331 0.1064812 0.1119188 0.0989725 0.0993019 0.1126120 0.1225152 0.0500953 0.1041329 
Phalangeridae_Phalanger_orientalis           0.1290673 0.0534234 0.0699563 0.0547021 0.0636100 0.0641758 0.0842993 0.0168470 0.0136903 0.0651134 0.0850297 0.0126019 0.0961427 0.0924136 0.0000000 0.0441006 0.0972063 0.0863075 0.0956131 0.0831034 0.0626422 0.0533753 0.1092168 0.1135047 0.0943619 0.0554323 0.0624216 0.0453394 0.0593639 0.0526304 0.0706993 0.0458884 0.0095364 0.1290673 0.0856728 0.0908907 0.0829673 
Acrobatidae_Acrobates_pygmaeus               0.1078159 0.0586068 0.0698808 0.0602186 0.0669343 0.0670376 0.0891567 0.0451862 0.0468872 0.0688869 0.0907937 0.0387970 0.0961997 0.0954046 0.0441006 0.0000000 0.0967708 0.0912369 0.0947926 0.0899367 0.0650334 0.0556480 0.1136277 0.1181007 0.0917132 0.0580786 0.0628744 0.0448967 0.0641006 0.0540001 0.0732715 0.0317757 0.0506204 0.1078159 0.0933180 0.0943493 0.0878165 
Dasyuridae_Phascogale_calura                 0.1240919 0.0957980 0.1113062 0.1091230 0.1188999 0.1168686 0.0302762 0.1000751 0.0959730 0.1282786 0.1168156 0.0984173 0.0056385 0.0311228 0.0972063 0.0967708 0.0000000 0.0324907 0.0391555 0.1156232 0.1223061 0.1109477 0.1321118 0.1346265 0.0244672 0.1090259 0.0909968 0.1039894 0.1193072 0.1092186 0.1159052 0.1015506 0.0966147 0.1240919 0.1157832 0.0345832 0.0965026 
Dasyuridae_Sarcophilus_harrisii              0.1249862 0.0970847 0.1021600 0.0972108 0.1106053 0.1083088 0.0139688 0.0869866 0.0897526 0.1182590 0.1177524 0.0865733 0.0356612 0.0472871 0.0863075 0.0912369 0.0324907 0.0000000 0.0322317 0.1107063 0.1134895 0.1040542 0.1286170 0.1297304 0.0258429 0.1010337 0.0911783 0.0947214 0.1103041 0.1019555 0.1163537 0.0929696 0.0937459 0.1249862 0.1157024 0.0179833 0.1060986 
Dasyuridae_Planigale_tenuirostris            0.1300810 0.0906249 0.1138452 0.1077913 0.1214260 0.1201534 0.0330348 0.0983579 0.0961322 0.1218692 0.1151149 0.0935698 0.0397225 0.0342763 0.0956131 0.0947926 0.0391555 0.0322317 0.0000000 0.1167058 0.1248109 0.1148382 0.1394722 0.1406688 0.0255286 0.0974485 0.0896512 0.0995349 0.1229169 0.1082152 0.1148500 0.0980782 0.0959817 0.1300810 0.1186749 0.0389076 0.1009341 
Peramelidae_Echymipera_kalubu                0.1299313 0.0915697 0.0980256 0.0985392 0.1079543 0.1078701 0.1065130 0.0875415 0.0884247 0.1110606 0.0191202 0.0839491 0.1154884 0.1192244 0.0831034 0.0899367 0.1156232 0.1107063 0.1167058 0.0000000 0.1025613 0.0969954 0.1484130 0.1437054 0.1118665 0.1025013 0.0892782 0.0900521 0.0999776 0.0957759 0.1138732 0.0885440 0.0912536 0.1299313 0.0195465 0.1123903 0.0165551 
Macropodidae_Dorcopsulus_vanheurni           0.1310875 0.0656671 0.0891048 0.0793882 0.0300460 0.0307181 0.1130770 0.0604319 0.0653181 0.0281217 0.1086308 0.0603018 0.1186719 0.1151419 0.0626422 0.0650334 0.1223061 0.1134895 0.1248109 0.1025613 0.0000000 0.0722325 0.1333210 0.1345399 0.1193993 0.0553446 0.0780623 0.0652934 0.0094655 0.0689409 0.0892999 0.0662682 0.0695497 0.1310875 0.1061982 0.1163859 0.0984189 
Pseudochiridae_Pseudochirulus_forbesi        0.1599113 0.0629675 0.0834168 0.0721371 0.0759926 0.0765725 0.1011468 0.0555891 0.0588986 0.0764990 0.1011895 0.0535585 0.1123531 0.1112429 0.0533753 0.0556480 0.1109477 0.1040542 0.1148382 0.0969954 0.0722325 0.0000000 0.1346672 0.1288174 0.1076090 0.0682605 0.0764564 0.0297475 0.0733337 0.0250788 0.0721377 0.0571628 0.0600747 0.1599113 0.1025667 0.1083570 0.0942889 
Didelphidae_Didelphis_virginiana             0.1646495 0.1182379 0.1234112 0.1188980 0.1361503 0.1384162 0.1254144 0.1121579 0.1118920 0.1386446 0.1435414 0.1069331 0.1299897 0.1233201 0.1092168 0.1136277 0.1321118 0.1286170 0.1394722 0.1484130 0.1333210 0.1346672 0.0000000 0.0633171 0.1323426 0.1305536 0.1064892 0.1236184 0.1290305 0.1298280 0.1331831 0.1193536 0.1158798 0.1646495 0.1480709 0.1324044 0.1310455 
Marmosidae_Monodelphis_domestica             0.1162734 0.1216128 0.1268838 0.1219073 0.1361035 0.1375287 0.1268478 0.1157116 0.1152965 0.1419515 0.1459916 0.1115972 0.1323708 0.1271918 0.1135047 0.1181007 0.1346265 0.1297304 0.1406688 0.1437054 0.1345399 0.1288174 0.0633171 0.0000000 0.1371541 0.1283333 0.1113447 0.1199192 0.1305854 0.1287630 0.1296454 0.1194722 0.1173809 0.1162734 0.1440939 0.1326322 0.1358409 
Dasyuridae_Antechinus_stuartii               0.1275536 0.0965881 0.1093409 0.1070174 0.1189825 0.1165864 0.0257526 0.0959384 0.0934199 0.1263233 0.1147506 0.0929060 0.0236850 0.0427074 0.0943619 0.0917132 0.0244672 0.0258429 0.0255286 0.1118665 0.1193993 0.1076090 0.1323426 0.1371541 0.0000000 0.1020004 0.0866257 0.0997981 0.1165864 0.1065903 0.1118129 0.0999295 0.0938948 0.1275536 0.1141816 0.0314636 0.0937093 
Hypsiprymnodontidae_Hypsiprymnodon_moschatus 0.1356440 0.0615712 0.0833600 0.0701516 0.0583981 0.0593534 0.0979827 0.0555784 0.0568228 0.0551134 0.1051813 0.0460301 0.1075957 0.1087844 0.0554323 0.0580786 0.1090259 0.1010337 0.0974485 0.1025013 0.0553446 0.0682605 0.1305536 0.1283333 0.1020004 0.0000000 0.0772074 0.0627120 0.0547327 0.0652303 0.0834537 0.0584423 0.0611639 0.1356440 0.1056821 0.1051677 0.1026055 
Microbiotheriidae_Dromiciops_gliroides       0.1064473 0.0680685 0.0814477 0.0714109 0.0755840 0.0778064 0.0919181 0.0621679 0.0669020 0.0818244 0.0947389 0.0576719 0.0938239 0.0909518 0.0624216 0.0628744 0.0909968 0.0911783 0.0896512 0.0892782 0.0780623 0.0764564 0.1064892 0.1113447 0.0866257 0.0772074 0.0000000 0.0694874 0.0767554 0.0748802 0.0861254 0.0712651 0.0697352 0.1064473 0.0916645 0.0950638 0.0848415 
Pseudochiridae_Petauroides_volans            0.1375998 0.0565168 0.0772770 0.0658210 0.0656152 0.0672092 0.0929199 0.0460116 0.0481125 0.0655668 0.0920141 0.0449148 0.1012868 0.0990630 0.0453394 0.0448967 0.1039894 0.0947214 0.0995349 0.0900521 0.0652934 0.0297475 0.1236184 0.1199192 0.0997981 0.0627120 0.0694874 0.0000000 0.0644028 0.0273281 0.0647127 0.0494067 0.0521746 0.1375998 0.0948260 0.1000043 0.0884392 
Macropodidae_Wallabia_bicolor                0.1308883 0.0681784 0.0877123 0.0750714 0.0293663 0.0300245 0.1084565 0.0596050 0.0630837 0.0265222 0.1056108 0.0592265 0.1150132 0.1115331 0.0593639 0.0641006 0.1193072 0.1103041 0.1229169 0.0999776 0.0094655 0.0733337 0.1290305 0.1305854 0.1165864 0.0547327 0.0767554 0.0644028 0.0000000 0.0690478 0.0864447 0.0640439 0.0672336 0.1308883 0.1031742 0.1129048 0.0976923 
Pseudochiridae_Pseudocheirus_occidentalis    0.1683287 0.0620591 0.0837741 0.0700337 0.0716252 0.0739647 0.1005031 0.0529498 0.0572438 0.0722131 0.0988660 0.0549583 0.1084462 0.1064812 0.0526304 0.0540001 0.1092186 0.1019555 0.1082152 0.0957759 0.0689409 0.0250788 0.1298280 0.1287630 0.1065903 0.0652303 0.0748802 0.0273281 0.0690478 0.0000000 0.0720733 0.0554573 0.0592994 0.1683287 0.0991066 0.1061926 0.0984296 
Tarsipedidae_Tarsipes_rostratus              0.1387033 0.0751468 0.0955911 0.0905637 0.0903347 0.0912223 0.1151741 0.0744705 0.0762413 0.0919575 0.1154452 0.0726809 0.1155322 0.1119188 0.0706993 0.0732715 0.1159052 0.1163537 0.1148500 0.1138732 0.0892999 0.0721377 0.1331831 0.1296454 0.1118129 0.0834537 0.0861254 0.0647127 0.0864447 0.0720733 0.0000000 0.0737945 0.0797478 0.1387033 0.1151462 0.1191278 0.1070188 
Acrobatidae_Distoechurus_pennatus            0.1319479 0.0586227 0.0732484 0.0628331 0.0717265 0.0708640 0.0894084 0.0471796 0.0483505 0.0718475 0.0911442 0.0431162 0.1000354 0.0989725 0.0458884 0.0317757 0.1015506 0.0929696 0.0980782 0.0885440 0.0662682 0.0571628 0.1193536 0.1194722 0.0999295 0.0584423 0.0712651 0.0494067 0.0640439 0.0554573 0.0737945 0.0000000 0.0535183 0.1319479 0.0921307 0.0949490 0.0862037 
Phalangeridae_Phalanger_carmelitae           0.1276271 0.0640807 0.0761666 0.0625813 0.0696879 0.0708042 0.0925117 0.0224250 0.0174523 0.0708372 0.0931284 0.0187540 0.1011550 0.0993019 0.0095364 0.0506204 0.0966147 0.0937459 0.0959817 0.0912536 0.0695497 0.0600747 0.1158798 0.1173809 0.0938948 0.0611639 0.0697352 0.0521746 0.0672336 0.0592994 0.0797478 0.0535183 0.0000000 0.1276271 0.0941955 0.0974536 0.0941584 
Peramelidae_Isoodon_obesulus2                0.0000010 0.1253006 0.1285331 0.1295835 0.1383989 0.1382993 0.1289743 0.1145003 0.1201007 0.1338350 0.1366204 0.1108461 0.1300949 0.1126120 0.1290673 0.1078159 0.1240919 0.1249862 0.1300810 0.1299313 0.1310875 0.1599113 0.1646495 0.1162734 0.1275536 0.1356440 0.1064473 0.1375998 0.1308883 0.1683287 0.1387033 0.1319479 0.1276271 0.0000000 0.1143729 0.1203555 0.1353571 
Peramelidae_Peroryctes_raffrayana            0.1143729 0.0928959 0.0983333 0.0993101 0.1086344 0.1094351 0.1115540 0.0914937 0.0912908 0.1107696 0.0203588 0.0863808 0.1183506 0.1225152 0.0856728 0.0933180 0.1157832 0.1157024 0.1186749 0.0195465 0.1061982 0.1025667 0.1480709 0.1440939 0.1141816 0.1056821 0.0916645 0.0948260 0.1031742 0.0991066 0.1151462 0.0921307 0.0941955 0.1143729 0.0000000 0.1179900 0.0173474 
Dasyuridae_Dasyurus_geffroii                 0.1203555 0.0979632 0.1076474 0.1017979 0.1148621 0.1134070 0.0099300 0.0906938 0.0938747 0.1228126 0.1181336 0.0904157 0.0380351 0.0500953 0.0908907 0.0943493 0.0345832 0.0179833 0.0389076 0.1123903 0.1163859 0.1083570 0.1324044 0.1326322 0.0314636 0.1051677 0.0950638 0.1000043 0.1129048 0.1061926 0.1191278 0.0949490 0.0974536 0.1203555 0.1179900 0.0000000 0.1038666 
Peramelidae_Perameles_gunnii                 0.1353571 0.0907229 0.0902038 0.0998577 0.1020548 0.1021494 0.1029180 0.0849621 0.0882996 0.1085897 0.0018731 0.0842596 0.1044696 0.1041329 0.0829673 0.0878165 0.0965026 0.1060986 0.1009341 0.0165551 0.0984189 0.0942889 0.1310455 0.1358409 0.0937093 0.1026055 0.0848415 0.0884392 0.0976923 0.0984296 0.1070188 0.0862037 0.0941584 0.1353571 0.0173474 0.1038666 0.0000000 
