35
Burramyidae_Burramys_parvus                  0.0000000 0.1115047 0.0673500 0.0833283 0.0848798 0.1196892 0.0571803 0.0671975 0.0826533 0.1247195 0.0627918 0.1206205 0.1223946 0.0638294 0.0746099 0.1183560 0.1351878 0.1284357 0.0729991 0.0802070 0.1039551 0.1273886 0.1154708 0.0767037 0.0881376 0.0707281 0.0748832 0.0779919 0.0904827 0.0707413 0.0697903 0.1263252 0.1233585 0.1277972 0.1246373 
Notoryctidae_Notoryctes_typhlops             0.1115047 0.0000000 0.1149008 0.1258286 0.1285963 0.1459466 0.1067947 0.1160521 0.1238137 0.1395015 0.1154500 0.1461110 0.1403785 0.1153502 0.1178150 0.1437628 0.1599968 0.1558393 0.1189134 0.1310810 0.1270035 0.1165390 0.1439967 0.1214358 0.1164423 0.1240660 0.1251881 0.1334892 0.1452844 0.1165812 0.1187357 0.1379566 0.1441224 0.1560579 0.1525770 
Vombatidae_Lasiorhinus_latifrons             0.0673500 0.1149008 0.0000000 0.0831181 0.0863348 0.1214081 0.0667401 0.0733430 0.0851837 0.1202251 0.0714696 0.1236074 0.1282373 0.0720072 0.0821297 0.1213401 0.1387494 0.1280048 0.0755034 0.0845752 0.1081755 0.1257700 0.1181225 0.0812717 0.0881821 0.0769811 0.0787768 0.0863584 0.1003480 0.0768284 0.0761760 0.1204679 0.1210621 0.1265980 0.1246083 
Potoroidae_Bettongia_penicillata             0.0833283 0.1258286 0.0831181 0.0000000 0.0052138 0.1320274 0.0752868 0.0860227 0.0170678 0.1294187 0.0822822 0.1331941 0.1463745 0.0818785 0.0935987 0.1305658 0.1495771 0.1381742 0.0249440 0.0968396 0.1281748 0.1497248 0.1301475 0.0499492 0.1045547 0.0876207 0.0244796 0.0955339 0.1121701 0.0851108 0.0851425 0.1287797 0.1312185 0.1364553 0.1342452 
Potoroidae_Bettongia_lesueur                 0.0848798 0.1285963 0.0863348 0.0052138 0.0000000 0.1342020 0.0779539 0.0885509 0.0181916 0.1309700 0.0850690 0.1360371 0.1483427 0.0846499 0.0961384 0.1333861 0.1510010 0.1414366 0.0274454 0.0998606 0.1283069 0.1529852 0.1323518 0.0514284 0.1067437 0.0911239 0.0271522 0.0977700 0.1140753 0.0884260 0.0879697 0.1321314 0.1338947 0.1395329 0.1372449 
Dasyuridae_Dasyurus_maculatus                0.1196892 0.1459466 0.1214081 0.1320274 0.1342020 0.0000000 0.1189878 0.1277727 0.1329548 0.1549884 0.1246663 0.0272936 0.0555508 0.1242742 0.1216561 0.0251132 0.0469903 0.1578307 0.1217956 0.1375720 0.1239551 0.1540914 0.0250976 0.1309842 0.1197887 0.1290427 0.1258841 0.1382032 0.1479995 0.1179162 0.1274681 0.1515454 0.1520802 0.0069723 0.0045619 
Phalangeridae_Trichosurus_vulpecula          0.0571803 0.1067947 0.0667401 0.0752868 0.0779539 0.1189878 0.0000000 0.0327964 0.0714832 0.1229514 0.0298704 0.1174974 0.1204234 0.0284676 0.0722974 0.1161614 0.1330387 0.1270868 0.0669969 0.0751655 0.0993992 0.1229722 0.1148983 0.0703249 0.0885895 0.0692247 0.0696442 0.0746196 0.0887930 0.0706421 0.0348289 0.1225279 0.1218055 0.1240905 0.1214577 
Phalangeridae_Spilocuscus_maculatus          0.0671975 0.1160521 0.0733430 0.0860227 0.0885509 0.1277727 0.0327964 0.0000000 0.0813788 0.1359065 0.0241771 0.1298562 0.1316873 0.0215395 0.0834746 0.1273293 0.1450993 0.1376446 0.0766270 0.0871986 0.1014151 0.1277895 0.1274943 0.0811731 0.0959807 0.0819172 0.0783570 0.0896648 0.0995102 0.0787125 0.0285136 0.1383063 0.1317427 0.1342145 0.1322117 
Potoroidae_Aepyprymnus_rufescens             0.0826533 0.1238137 0.0851837 0.0170678 0.0181916 0.1329548 0.0714832 0.0813788 0.0000000 0.1311104 0.0800385 0.1319171 0.1477417 0.0781204 0.0947241 0.1297574 0.1494391 0.1413733 0.0287615 0.0924447 0.1249247 0.1476755 0.1297281 0.0532091 0.1030758 0.0861922 0.0281693 0.0921426 0.1080931 0.0852143 0.0821243 0.1305489 0.1339015 0.1406595 0.1369737 
Peramelidae_Perameles_nasuta                 0.1247195 0.1395015 0.1202251 0.1294187 0.1309700 0.1549884 0.1229514 0.1359065 0.1311104 0.0000000 0.1301422 0.1579200 0.1621307 0.1294295 0.1296814 0.1547621 0.1745879 0.0245318 0.1261725 0.1385241 0.1324888 0.1743796 0.1504776 0.1289983 0.1282444 0.1291732 0.1329420 0.1329108 0.1412848 0.1281079 0.1369549 0.0230654 0.0024715 0.1633004 0.1648572 
Phalangeridae_Strigocuscus_pelengensis       0.0627918 0.1154500 0.0714696 0.0822822 0.0850690 0.1246663 0.0298704 0.0241771 0.0800385 0.1301422 0.0000000 0.1252384 0.1320672 0.0154298 0.0770512 0.1228867 0.1392970 0.1361005 0.0733527 0.0843128 0.1087279 0.1341544 0.1214601 0.0765686 0.0927451 0.0788342 0.0763137 0.0838556 0.0932571 0.0736141 0.0216233 0.1304007 0.1280007 0.1306886 0.1287494 
Dasyuridae_Phascogale_tapoatafa              0.1206205 0.1461110 0.1236074 0.1331941 0.1360371 0.0272936 0.1174974 0.1298562 0.1319171 0.1579200 0.1252384 0.0000000 0.0473907 0.1267098 0.1237527 0.0036764 0.0454783 0.1569334 0.1252735 0.1356521 0.1224252 0.1497582 0.0118105 0.1331161 0.1225317 0.1311430 0.1315245 0.1385691 0.1490713 0.1192731 0.1298522 0.1545242 0.1541658 0.0265215 0.0275783 
Dasyuridae_Sminthopsis_macroura              0.1223946 0.1403785 0.1282373 0.1463745 0.1483427 0.0555508 0.1204234 0.1316873 0.1477417 0.1621307 0.1320672 0.0473907 0.0000000 0.1316800 0.1293194 0.0464257 0.0534760 0.1434391 0.1335295 0.1414088 0.1468958 0.1763538 0.0448501 0.1451947 0.1167202 0.1262427 0.1369887 0.1475826 0.1462631 0.1223079 0.1331075 0.1516293 0.1479123 0.0627273 0.0597681 
Phalangeridae_Phalanger_orientalis           0.0638294 0.1153502 0.0720072 0.0818785 0.0846499 0.1242742 0.0284676 0.0215395 0.0781204 0.1294295 0.0154298 0.1267098 0.1316800 0.0000000 0.0763019 0.1245032 0.1420342 0.1340339 0.0734004 0.0838994 0.1060259 0.1309307 0.1231369 0.0770286 0.0927750 0.0771167 0.0765037 0.0829294 0.0968831 0.0734008 0.0129598 0.1319925 0.1272392 0.1298892 0.1278417 
Acrobatidae_Acrobates_pygmaeus               0.0746099 0.1178150 0.0821297 0.0935987 0.0961384 0.1216561 0.0722974 0.0834746 0.0947241 0.1296814 0.0770512 0.1237527 0.1293194 0.0763019 0.0000000 0.1210852 0.1377165 0.1363716 0.0860475 0.0823352 0.1216642 0.1386972 0.1192820 0.0900911 0.0986421 0.0784184 0.0884628 0.0842427 0.0977691 0.0452058 0.0816901 0.1286759 0.1305690 0.1283717 0.1256783 
Dasyuridae_Phascogale_calura                 0.1183560 0.1437628 0.1213401 0.1305658 0.1333861 0.0251132 0.1161614 0.1273293 0.1297574 0.1547621 0.1228867 0.0036764 0.0464257 0.1245032 0.1210852 0.0000000 0.0433053 0.1535868 0.1225917 0.1334339 0.1187917 0.1468836 0.0099590 0.1314081 0.1201974 0.1289547 0.1285995 0.1364963 0.1463938 0.1168823 0.1276465 0.1518772 0.1515105 0.0247505 0.0252341 
Dasyuridae_Planigale_tenuirostris            0.1351878 0.1599968 0.1387494 0.1495771 0.1510010 0.0469903 0.1330387 0.1450993 0.1494391 0.1745879 0.1392970 0.0454783 0.0534760 0.1420342 0.1377165 0.0433053 0.0000000 0.1784294 0.1383446 0.1583957 0.1615581 0.1890783 0.0433172 0.1471499 0.1359201 0.1428049 0.1440072 0.1557923 0.1581905 0.1357028 0.1450844 0.1694998 0.1664125 0.0472682 0.0477719 
Peramelidae_Echymipera_kalubu                0.1284357 0.1558393 0.1280048 0.1381742 0.1414366 0.1578307 0.1270868 0.1376446 0.1413733 0.0245318 0.1361005 0.1569334 0.1434391 0.1340339 0.1363716 0.1535868 0.1784294 0.0000000 0.1304067 0.1492069 0.1361430 0.1635810 0.1514195 0.1344766 0.1305419 0.1397192 0.1396965 0.1509695 0.1513054 0.1319133 0.1411174 0.0203539 0.0244304 0.1681664 0.1669181 
Macropodidae_Dorcopsulus_vanheurni           0.0729991 0.1189134 0.0755034 0.0249440 0.0274454 0.1217956 0.0669969 0.0766270 0.0287615 0.1261725 0.0733527 0.1252735 0.1335295 0.0734004 0.0860475 0.1225917 0.1383446 0.1304067 0.0000000 0.0913463 0.1171323 0.1379732 0.1211376 0.0438246 0.0959408 0.0809141 0.0101392 0.0893755 0.1023653 0.0787517 0.0781530 0.1257496 0.1233532 0.1286396 0.1255940 
Pseudochiridae_Pseudochirulus_forbesi        0.0802070 0.1310810 0.0845752 0.0968396 0.0998606 0.1375720 0.0751655 0.0871986 0.0924447 0.1385241 0.0843128 0.1356521 0.1414088 0.0838994 0.0823352 0.1334339 0.1583957 0.1492069 0.0913463 0.0000000 0.1079084 0.1325955 0.1343553 0.0895312 0.1076907 0.0497561 0.0954039 0.0297827 0.0880832 0.0760374 0.0870036 0.1379786 0.1416391 0.1481354 0.1430438 
Didelphidae_Didelphis_virginiana             0.1039551 0.1270035 0.1081755 0.1281748 0.1283069 0.1239551 0.0993992 0.1014151 0.1249247 0.1324888 0.1087279 0.1224252 0.1468958 0.1060259 0.1216642 0.1187917 0.1615581 0.1361430 0.1171323 0.1079084 0.0000000 0.0368075 0.1248970 0.1163129 0.0915377 0.1039341 0.1208427 0.1108155 0.1228325 0.1065763 0.1074305 0.1333284 0.1416201 0.1398131 0.1386381 
Marmosidae_Monodelphis_domestica             0.1273886 0.1165390 0.1257700 0.1497248 0.1529852 0.1540914 0.1229722 0.1277895 0.1476755 0.1743796 0.1341544 0.1497582 0.1763538 0.1309307 0.1386972 0.1468836 0.1890783 0.1635810 0.1379732 0.1325955 0.0368075 0.0000000 0.1521561 0.1452779 0.1150389 0.1240618 0.1414739 0.1437155 0.1456292 0.1333458 0.1332081 0.1869330 0.1680580 0.1797647 0.1772271 
Dasyuridae_Antechinus_stuartii               0.1154708 0.1439967 0.1181225 0.1301475 0.1323518 0.0250976 0.1148983 0.1274943 0.1297281 0.1504776 0.1214601 0.0118105 0.0448501 0.1231369 0.1192820 0.0099590 0.0433172 0.1514195 0.1211376 0.1343553 0.1248970 0.1521561 0.0000000 0.1294588 0.1166059 0.1283796 0.1273637 0.1345193 0.1461841 0.1147267 0.1280838 0.1478596 0.1480547 0.0241153 0.0248628 
Hypsiprymnodontidae_Hypsiprymnodon_moschatus 0.0767037 0.1214358 0.0812717 0.0499492 0.0514284 0.1309842 0.0703249 0.0811731 0.0532091 0.1289983 0.0765686 0.1331161 0.1451947 0.0770286 0.0900911 0.1314081 0.1471499 0.1344766 0.0438246 0.0895312 0.1163129 0.1452779 0.1294588 0.0000000 0.1018362 0.0846244 0.0464829 0.0910905 0.1012740 0.0816966 0.0821200 0.1299979 0.1285760 0.1397686 0.1358142 
Microbiotheriidae_Dromiciops_gliroides       0.0881376 0.1164423 0.0881821 0.1045547 0.1067437 0.1197887 0.0885895 0.0959807 0.1030758 0.1282444 0.0927451 0.1225317 0.1167202 0.0927750 0.0986421 0.1201974 0.1359201 0.1305419 0.0959408 0.1076907 0.0915377 0.1150389 0.1166059 0.1018362 0.0000000 0.1017614 0.1025552 0.1058492 0.1151637 0.0993777 0.0981633 0.1289388 0.1267439 0.1278713 0.1268346 
Pseudochiridae_Petauroides_volans            0.0707281 0.1240660 0.0769811 0.0876207 0.0911239 0.1290427 0.0692247 0.0819172 0.0861922 0.1291732 0.0788342 0.1311430 0.1262427 0.0771167 0.0784184 0.1289547 0.1428049 0.1397192 0.0809141 0.0497561 0.1039341 0.1240618 0.1283796 0.0846244 0.1017614 0.0000000 0.0841133 0.0476754 0.0772221 0.0723986 0.0810197 0.1296173 0.1309413 0.1372704 0.1320212 
Macropodidae_Wallabia_bicolor                0.0748832 0.1251881 0.0787768 0.0244796 0.0271522 0.1258841 0.0696442 0.0783570 0.0281693 0.1329420 0.0763137 0.1315245 0.1369887 0.0765037 0.0884628 0.1285995 0.1440072 0.1396965 0.0101392 0.0954039 0.1208427 0.1414739 0.1273637 0.0464829 0.1025552 0.0841133 0.0000000 0.0938460 0.1060722 0.0814474 0.0807627 0.1325280 0.1308649 0.1337670 0.1298885 
Pseudochiridae_Pseudocheirus_occidentalis    0.0779919 0.1334892 0.0863584 0.0955339 0.0977700 0.1382032 0.0746196 0.0896648 0.0921426 0.1329108 0.0838556 0.1385691 0.1475826 0.0829294 0.0842427 0.1364963 0.1557923 0.1509695 0.0893755 0.0297827 0.1108155 0.1437155 0.1345193 0.0910905 0.1058492 0.0476754 0.0938460 0.0000000 0.0879175 0.0764008 0.0866477 0.1331069 0.1421854 0.1472758 0.1452973 
Tarsipedidae_Tarsipes_rostratus              0.0904827 0.1452844 0.1003480 0.1121701 0.1140753 0.1479995 0.0887930 0.0995102 0.1080931 0.1412848 0.0932571 0.1490713 0.1462631 0.0968831 0.0977691 0.1463938 0.1581905 0.1513054 0.1023653 0.0880832 0.1228325 0.1456292 0.1461841 0.1012740 0.1151637 0.0772221 0.1060722 0.0879175 0.0000000 0.0917090 0.0976460 0.1396942 0.1434620 0.1559751 0.1525566 
Acrobatidae_Distoechurus_pennatus            0.0707413 0.1165812 0.0768284 0.0851108 0.0884260 0.1179162 0.0706421 0.0787125 0.0852143 0.1281079 0.0736141 0.1192731 0.1223079 0.0734008 0.0452058 0.1168823 0.1357028 0.1319133 0.0787517 0.0760374 0.1065763 0.1333458 0.1147267 0.0816966 0.0993777 0.0723986 0.0814474 0.0764008 0.0917090 0.0000000 0.0789076 0.1275415 0.1258852 0.1198228 0.1188491 
Phalangeridae_Phalanger_carmelitae           0.0697903 0.1187357 0.0761760 0.0851425 0.0879697 0.1274681 0.0348289 0.0285136 0.0821243 0.1369549 0.0216233 0.1298522 0.1331075 0.0129598 0.0816901 0.1276465 0.1450844 0.1411174 0.0781530 0.0870036 0.1074305 0.1332081 0.1280838 0.0821200 0.0981633 0.0810197 0.0807627 0.0866477 0.0976460 0.0789076 0.0000000 0.1385032 0.1323295 0.1312436 0.1296059 
Peramelidae_Peroryctes_raffrayana            0.1263252 0.1379566 0.1204679 0.1287797 0.1321314 0.1515454 0.1225279 0.1383063 0.1305489 0.0230654 0.1304007 0.1545242 0.1516293 0.1319925 0.1286759 0.1518772 0.1694998 0.0203539 0.1257496 0.1379786 0.1333284 0.1869330 0.1478596 0.1299979 0.1289388 0.1296173 0.1325280 0.1331069 0.1396942 0.1275415 0.1385032 0.0000000 0.0246990 0.1617444 0.1619555 
Peramelidae_Perameles_gunnii                 0.1233585 0.1441224 0.1210621 0.1312185 0.1338947 0.1520802 0.1218055 0.1317427 0.1339015 0.0024715 0.1280007 0.1541658 0.1479123 0.1272392 0.1305690 0.1515105 0.1664125 0.0244304 0.1233532 0.1416391 0.1416201 0.1680580 0.1480547 0.1285760 0.1267439 0.1309413 0.1308649 0.1421854 0.1434620 0.1258852 0.1323295 0.0246990 0.0000000 0.1581806 0.1583096 
Dasyuridae_Sarcophilus_harrisii              0.1277972 0.1560579 0.1265980 0.1364553 0.1395329 0.0069723 0.1240905 0.1342145 0.1406595 0.1633004 0.1306886 0.0265215 0.0627273 0.1298892 0.1283717 0.0247505 0.0472682 0.1681664 0.1286396 0.1481354 0.1398131 0.1797647 0.0241153 0.1397686 0.1278713 0.1372704 0.1337670 0.1472758 0.1559751 0.1198228 0.1312436 0.1617444 0.1581806 0.0000000 0.0062879 
Dasyuridae_Dasyurus_geffroii                 0.1246373 0.1525770 0.1246083 0.1342452 0.1372449 0.0045619 0.1214577 0.1322117 0.1369737 0.1648572 0.1287494 0.0275783 0.0597681 0.1278417 0.1256783 0.0252341 0.0477719 0.1669181 0.1255940 0.1430438 0.1386381 0.1772271 0.0248628 0.1358142 0.1268346 0.1320212 0.1298885 0.1452973 0.1525566 0.1188491 0.1296059 0.1619555 0.1583096 0.0062879 0.0000000 
