35
Burramyidae_Burramys_parvus                  0.0000000 0.0874220 0.0868733 0.1349103 0.0775281 0.1308608 0.0695403 0.0655271 0.0914140 0.1152481 0.0646863 0.1325709 0.1484632 0.0715616 0.0898185 0.1336257 0.1317693 0.1344676 0.1138779 0.0522910 0.0847225 0.1184367 0.1290353 0.1238078 0.0868473 0.0640214 0.0881895 0.0552675 0.0700030 0.1036480 0.0927280 0.0689984 0.1127605 0.1279533 0.1097613 
Notoryctidae_Notoryctes_typhlops             0.0874220 0.0000000 0.0971912 0.1114486 0.0916880 0.1228571 0.0881388 0.0856625 0.0917396 0.0955306 0.0869150 0.1233484 0.1365934 0.0897142 0.1086433 0.1241215 0.1227439 0.1280490 0.1072719 0.0932243 0.1064098 0.1190239 0.1281470 0.1174768 0.1067164 0.0851017 0.1098186 0.0943591 0.0828953 0.1263308 0.1036101 0.0872967 0.1074991 0.1196883 0.1057868 
Vombatidae_Lasiorhinus_latifrons             0.0868733 0.0971912 0.0000000 0.1380740 0.0769168 0.1022656 0.0700610 0.0649537 0.0715230 0.1031593 0.0658249 0.1049858 0.1135197 0.0734224 0.0929692 0.1059724 0.1013584 0.1096840 0.1007074 0.0633042 0.0886559 0.1147565 0.1175934 0.0979077 0.0837580 0.0711712 0.0840450 0.0756850 0.0646976 0.1175145 0.0916349 0.0719597 0.1035656 0.1005036 0.1024507 
Potoroidae_Bettongia_penicillata             0.1349103 0.1114486 0.1380740 0.0000000 0.0608258 0.1676021 0.1277843 0.1206840 0.0701818 0.1629762 0.1180390 0.1834761 0.1962496 0.1255331 0.1595498 0.1813873 0.1687400 0.1889364 0.1712009 0.0454518 0.1522589 0.1837253 0.2012406 0.1754237 0.1087287 0.0927259 0.1481429 0.0737412 0.1518944 0.1729843 0.1544052 0.1221687 0.1867510 0.1688509 0.1649023 
Potoroidae_Bettongia_lesueur                 0.0775281 0.0916880 0.0769168 0.0608258 0.0000000 0.1145030 0.0706702 0.0632415 0.0248034 0.1037427 0.0623272 0.1214098 0.1336052 0.0678750 0.0933105 0.1205046 0.1143827 0.1201465 0.1109739 0.0199935 0.0838793 0.1352458 0.1472104 0.1149523 0.0431143 0.0750198 0.0849279 0.0204994 0.0673097 0.1128682 0.0882555 0.0652945 0.1125896 0.1124154 0.1073796 
Dasyuridae_Dasyurus_maculatus                0.1308608 0.1228571 0.1022656 0.1676021 0.1145030 0.0000000 0.1125013 0.1076219 0.1165755 0.1211478 0.1063467 0.0231681 0.0369142 0.1102452 0.1402836 0.0237497 0.0078493 0.0366631 0.1213425 0.0976657 0.1268911 0.1528017 0.1658587 0.0213423 0.1246311 0.0944125 0.1303607 0.1137993 0.1143050 0.1588869 0.1267902 0.1072859 0.1264219 0.0070486 0.1184704 
Phalangeridae_Trichosurus_vulpecula          0.0695403 0.0881388 0.0700610 0.1277843 0.0706702 0.1125013 0.0000000 0.0176628 0.0808958 0.1037932 0.0161958 0.1140443 0.1282067 0.0212596 0.0780449 0.1133588 0.1123865 0.1141652 0.1048687 0.0599161 0.0772757 0.1227087 0.1302892 0.1082016 0.0802384 0.0652163 0.0815306 0.0675355 0.0598939 0.1033244 0.0755050 0.0193639 0.1035235 0.1082278 0.1007944 
Phalangeridae_Spilocuscus_maculatus          0.0655271 0.0856625 0.0649537 0.1206840 0.0632415 0.1076219 0.0176628 0.0000000 0.0739872 0.0958818 0.0069237 0.1145610 0.1259879 0.0126079 0.0756283 0.1138411 0.1090368 0.1138464 0.0982401 0.0493386 0.0741949 0.1158629 0.1277294 0.1053407 0.0692536 0.0604222 0.0745377 0.0588150 0.0541288 0.1030921 0.0735417 0.0108038 0.0948640 0.1062402 0.0949228 
Potoroidae_Aepyprymnus_rufescens             0.0914140 0.0917396 0.0715230 0.0701818 0.0248034 0.1165755 0.0808958 0.0739872 0.0000000 0.0999841 0.0728531 0.1253592 0.1346181 0.0798660 0.0976712 0.1244311 0.1171172 0.1240658 0.1127786 0.0232198 0.0898216 0.1331440 0.1469965 0.1195526 0.0608864 0.0788125 0.0911232 0.0369255 0.0725675 0.1202901 0.0978262 0.0771708 0.1172277 0.1149709 0.1046566 
Peramelidae_Perameles_nasuta                 0.1152481 0.0955306 0.1031593 0.1629762 0.1037427 0.1211478 0.1037932 0.0958818 0.0999841 0.0000000 0.0922603 0.1277041 0.1414638 0.0992123 0.1243656 0.1301241 0.1221556 0.1218983 0.0155559 0.0825809 0.1197171 0.1410139 0.1489244 0.1204788 0.1187601 0.0839485 0.1224116 0.0953004 0.1061397 0.1384035 0.1150276 0.0968669 0.0171065 0.1190246 0.0016790 
Phalangeridae_Strigocuscus_pelengensis       0.0646863 0.0869150 0.0658249 0.1180390 0.0623272 0.1063467 0.0161958 0.0069237 0.0728531 0.0922603 0.0000000 0.1115565 0.1244899 0.0092151 0.0735600 0.1115747 0.1076935 0.1131616 0.0934300 0.0505593 0.0717714 0.1165347 0.1253827 0.1035551 0.0716554 0.0591362 0.0759395 0.0583599 0.0535402 0.0991617 0.0723026 0.0075312 0.0911548 0.1035831 0.0909859 
Dasyuridae_Phascogale_tapoatafa              0.1325709 0.1233484 0.1049858 0.1834761 0.1214098 0.0231681 0.1140443 0.1145610 0.1253592 0.1277041 0.1115565 0.0000000 0.0416636 0.1172929 0.1465173 0.0026529 0.0241105 0.0384494 0.1220849 0.1026905 0.1304071 0.1551378 0.1621738 0.0121237 0.1359610 0.0945709 0.1330937 0.1173494 0.1160014 0.1595230 0.1347472 0.1142443 0.1272641 0.0208081 0.1248860 
Dasyuridae_Sminthopsis_macroura              0.1484632 0.1365934 0.1135197 0.1962496 0.1336052 0.0369142 0.1282067 0.1259879 0.1346181 0.1414638 0.1244899 0.0416636 0.0000000 0.1271763 0.1559909 0.0422439 0.0384160 0.0326846 0.1402927 0.1160277 0.1481470 0.1662482 0.1722221 0.0367013 0.1494581 0.1091360 0.1540847 0.1345729 0.1275980 0.1777027 0.1408926 0.1255645 0.1479976 0.0374892 0.1389963 
Phalangeridae_Phalanger_orientalis           0.0715616 0.0897142 0.0734224 0.1255331 0.0678750 0.1102452 0.0212596 0.0126079 0.0798660 0.0992123 0.0092151 0.1172929 0.1271763 0.0000000 0.0807070 0.1165984 0.1117487 0.1177608 0.1012602 0.0560555 0.0725728 0.1176128 0.1314838 0.1091374 0.0753118 0.0645867 0.0790345 0.0631633 0.0547146 0.1033465 0.0746396 0.0030302 0.0972516 0.1090572 0.0987833 
Acrobatidae_Acrobates_pygmaeus               0.0898185 0.1086433 0.0929692 0.1595498 0.0933105 0.1402836 0.0780449 0.0756283 0.0976712 0.1243656 0.0735600 0.1465173 0.1559909 0.0807070 0.0000000 0.1464718 0.1417986 0.1470112 0.1270115 0.0778658 0.0707048 0.1454560 0.1487997 0.1357164 0.0993959 0.0807369 0.0748967 0.0888835 0.0665817 0.0952105 0.0446034 0.0780636 0.1239034 0.1362843 0.1243724 
Dasyuridae_Phascogale_calura                 0.1336257 0.1241215 0.1059724 0.1813873 0.1205046 0.0237497 0.1133588 0.1138411 0.1244311 0.1301241 0.1115747 0.0026529 0.0422439 0.1165984 0.1464718 0.0000000 0.0246984 0.0390316 0.1251453 0.1018658 0.1303512 0.1560572 0.1629964 0.0117263 0.1359223 0.0961399 0.1330558 0.1172633 0.1157636 0.1594420 0.1347091 0.1135571 0.1271217 0.0213731 0.1279621 
Dasyuridae_Sarcophilus_harrisii              0.1317693 0.1227439 0.1013584 0.1687400 0.1143827 0.0078493 0.1123865 0.1090368 0.1171172 0.1221556 0.1076935 0.0241105 0.0384160 0.1117487 0.1417986 0.0246984 0.0000000 0.0348884 0.1205769 0.0988676 0.1284403 0.1524704 0.1661774 0.0213148 0.1275346 0.0927971 0.1345479 0.1134889 0.1130422 0.1573121 0.1282335 0.1087706 0.1271986 0.0086987 0.1186376 
Dasyuridae_Planigale_tenuirostris            0.1344676 0.1280490 0.1096840 0.1889364 0.1201465 0.0366631 0.1141652 0.1138464 0.1240658 0.1218983 0.1131616 0.0384494 0.0326846 0.1177608 0.1470112 0.0390316 0.0348884 0.0000000 0.1215141 0.1060869 0.1292931 0.1656172 0.1798465 0.0342744 0.1384566 0.0969478 0.1411053 0.1200885 0.1140971 0.1630952 0.1316140 0.1146923 0.1222437 0.0344526 0.1227121 
Peramelidae_Echymipera_kalubu                0.1138779 0.1072719 0.1007074 0.1712009 0.1109739 0.1213425 0.1048687 0.0982401 0.1127786 0.0155559 0.0934300 0.1220849 0.1402927 0.1012602 0.1270115 0.1251453 0.1205769 0.1215141 0.0000000 0.0881772 0.1198366 0.1441206 0.1524463 0.1174844 0.1223333 0.0968361 0.1209561 0.0989742 0.1010565 0.1396871 0.1158389 0.0983783 0.0111995 0.1176292 0.0156894 
Macropodidae_Dorcopsulus_vanheurni           0.0522910 0.0932243 0.0633042 0.0454518 0.0199935 0.0976657 0.0599161 0.0493386 0.0232198 0.0825809 0.0505593 0.1026905 0.1160277 0.0560555 0.0778658 0.1018658 0.0988676 0.1060869 0.0881772 0.0000000 0.0665000 0.1055771 0.1070249 0.0955246 0.0370963 0.0761528 0.0682674 0.0091728 0.0480721 0.0884111 0.0754741 0.0534289 0.0892724 0.0976021 0.0860729 
Pseudochiridae_Pseudochirulus_forbesi        0.0847225 0.1064098 0.0886559 0.1522589 0.0838793 0.1268911 0.0772757 0.0741949 0.0898216 0.1197171 0.0717714 0.1304071 0.1481470 0.0725728 0.0707048 0.1303512 0.1284403 0.1292931 0.1198366 0.0665000 0.0000000 0.1346061 0.1496335 0.1199394 0.0874111 0.0811201 0.0487630 0.0764268 0.0218146 0.0753783 0.0691625 0.0713530 0.1097491 0.1243182 0.1192876 
Didelphidae_Didelphis_virginiana             0.1184367 0.1190239 0.1147565 0.1837253 0.1352458 0.1528017 0.1227087 0.1158629 0.1331440 0.1410139 0.1165347 0.1551378 0.1662482 0.1176128 0.1454560 0.1560572 0.1524704 0.1656172 0.1441206 0.1055771 0.1346061 0.0000000 0.0524255 0.1492157 0.1449348 0.0911366 0.1266494 0.1241367 0.1196041 0.1566670 0.1427311 0.1128890 0.1441839 0.1500666 0.1434100 
Marmosidae_Monodelphis_domestica             0.1290353 0.1281470 0.1175934 0.2012406 0.1472104 0.1658587 0.1302892 0.1277294 0.1469965 0.1489244 0.1253827 0.1621738 0.1722221 0.1314838 0.1487997 0.1629964 0.1661774 0.1798465 0.1524463 0.1070249 0.1496335 0.0524255 0.0000000 0.1568122 0.1554338 0.1031318 0.1452891 0.1223966 0.1201837 0.1661766 0.1483839 0.1282276 0.1481295 0.1622913 0.1575829 
Dasyuridae_Antechinus_stuartii               0.1238078 0.1174768 0.0979077 0.1754237 0.1149523 0.0213423 0.1082016 0.1053407 0.1195526 0.1204788 0.1035551 0.0121237 0.0367013 0.1091374 0.1357164 0.0117263 0.0213148 0.0342744 0.1174844 0.0955246 0.1199394 0.1492157 0.1568122 0.0000000 0.1291378 0.0899392 0.1277020 0.1087504 0.1073778 0.1524340 0.1269469 0.1061758 0.1213738 0.0199515 0.1201648 
Hypsiprymnodontidae_Hypsiprymnodon_moschatus 0.0868473 0.1067164 0.0837580 0.1087287 0.0431143 0.1246311 0.0802384 0.0692536 0.0608864 0.1187601 0.0716554 0.1359610 0.1494581 0.0753118 0.0993959 0.1359223 0.1275346 0.1384566 0.1223333 0.0370963 0.0874111 0.1449348 0.1554338 0.1291378 0.0000000 0.0836914 0.0924675 0.0413590 0.0728083 0.1211403 0.0986391 0.0738403 0.1169993 0.1269503 0.1177472 
Microbiotheriidae_Dromiciops_gliroides       0.0640214 0.0851017 0.0711712 0.0927259 0.0750198 0.0944125 0.0652163 0.0604222 0.0788125 0.0839485 0.0591362 0.0945709 0.1091360 0.0645867 0.0807369 0.0961399 0.0927971 0.0969478 0.0968361 0.0761528 0.0811201 0.0911366 0.1031318 0.0899392 0.0836914 0.0000000 0.0803246 0.0751033 0.0577947 0.0925875 0.0852961 0.0631967 0.0890888 0.0883950 0.0910151 
Pseudochiridae_Petauroides_volans            0.0881895 0.1098186 0.0840450 0.1481429 0.0849279 0.1303607 0.0815306 0.0745377 0.0911232 0.1224116 0.0759395 0.1330937 0.1540847 0.0790345 0.0748967 0.1330558 0.1345479 0.1411053 0.1209561 0.0682674 0.0487630 0.1266494 0.1452891 0.1277020 0.0924675 0.0803246 0.0000000 0.0814918 0.0372383 0.0833629 0.0725293 0.0764269 0.1083449 0.1327152 0.1208712 
Macropodidae_Wallabia_bicolor                0.0552675 0.0943591 0.0756850 0.0737412 0.0204994 0.1137993 0.0675355 0.0588150 0.0369255 0.0953004 0.0583599 0.1173494 0.1345729 0.0631633 0.0888835 0.1172633 0.1134889 0.1200885 0.0989742 0.0091728 0.0764268 0.1241367 0.1223966 0.1087504 0.0413590 0.0751033 0.0814918 0.0000000 0.0618093 0.1011920 0.0843300 0.0618399 0.0983693 0.1099448 0.0976896 
Pseudochiridae_Pseudocheirus_occidentalis    0.0700030 0.0828953 0.0646976 0.1518944 0.0673097 0.1143050 0.0598939 0.0541288 0.0725675 0.1061397 0.0535402 0.1160014 0.1275980 0.0547146 0.0665817 0.1157636 0.1130422 0.1140971 0.1010565 0.0480721 0.0218146 0.1196041 0.1201837 0.1073778 0.0728083 0.0577947 0.0372383 0.0618093 0.0000000 0.0790579 0.0601077 0.0533181 0.1021502 0.1129969 0.1046568 
Tarsipedidae_Tarsipes_rostratus              0.1036480 0.1263308 0.1175145 0.1729843 0.1128682 0.1588869 0.1033244 0.1030921 0.1202901 0.1384035 0.0991617 0.1595230 0.1777027 0.1033465 0.0952105 0.1594420 0.1573121 0.1630952 0.1396871 0.0884111 0.0753783 0.1566670 0.1661766 0.1524340 0.1211403 0.0925875 0.0833629 0.1011920 0.0790579 0.0000000 0.0960921 0.1003582 0.1291353 0.1535306 0.1361125 
Acrobatidae_Distoechurus_pennatus            0.0927280 0.1036101 0.0916349 0.1544052 0.0882555 0.1267902 0.0755050 0.0735417 0.0978262 0.1150276 0.0723026 0.1347472 0.1408926 0.0746396 0.0446034 0.1347091 0.1282335 0.1316140 0.1158389 0.0754741 0.0691625 0.1427311 0.1483839 0.1269469 0.0986391 0.0852961 0.0725293 0.0843300 0.0601077 0.0960921 0.0000000 0.0734185 0.1131960 0.1247291 0.1141104 
Phalangeridae_Phalanger_carmelitae           0.0689984 0.0872967 0.0719597 0.1221687 0.0652945 0.1072859 0.0193639 0.0108038 0.0771708 0.0968669 0.0075312 0.1142443 0.1255645 0.0030302 0.0780636 0.1135571 0.1087706 0.1146923 0.0983783 0.0534289 0.0713530 0.1128890 0.1282276 0.1061758 0.0738403 0.0631967 0.0764269 0.0618399 0.0533181 0.1003582 0.0734185 0.0000000 0.0947274 0.1061021 0.0959390 
Peramelidae_Peroryctes_raffrayana            0.1127605 0.1074991 0.1035656 0.1867510 0.1125896 0.1264219 0.1035235 0.0948640 0.1172277 0.0171065 0.0911548 0.1272641 0.1479976 0.0972516 0.1239034 0.1271217 0.1271986 0.1222437 0.0111995 0.0892724 0.1097491 0.1441839 0.1481295 0.1213738 0.1169993 0.0890888 0.1083449 0.0983693 0.1021502 0.1291353 0.1131960 0.0947274 0.0000000 0.1236781 0.0174150 
Dasyuridae_Dasyurus_geffroii                 0.1279533 0.1196883 0.1005036 0.1688509 0.1124154 0.0070486 0.1082278 0.1062402 0.1149709 0.1190246 0.1035831 0.0208081 0.0374892 0.1090572 0.1362843 0.0213731 0.0086987 0.0344526 0.1176292 0.0976021 0.1243182 0.1500666 0.1622913 0.0199515 0.1269503 0.0883950 0.1327152 0.1099448 0.1129969 0.1535306 0.1247291 0.1061021 0.1236781 0.0000000 0.1157170 
Peramelidae_Perameles_gunnii                 0.1097613 0.1057868 0.1024507 0.1649023 0.1073796 0.1184704 0.1007944 0.0949228 0.1046566 0.0016790 0.0909859 0.1248860 0.1389963 0.0987833 0.1243724 0.1279621 0.1186376 0.1227121 0.0156894 0.0860729 0.1192876 0.1434100 0.1575829 0.1201648 0.1177472 0.0910151 0.1208712 0.0976896 0.1046568 0.1361125 0.1141104 0.0959390 0.0174150 0.1157170 0.0000000 
