35
Burramyidae_Burramys_parvus                  0.0000000 0.0758050 0.0620458 0.0765471 0.0635970 0.0796038 0.0546375 0.0438303 0.0704983 0.0718385 0.0538647 0.0770697 0.0770275 0.0462607 0.0464194 0.0759460 0.0810957 0.0736580 0.0721233 0.0678640 0.0509115 0.0830246 0.0775503 0.0799725 0.0589914 0.0791733 0.0455680 0.0686245 0.0511035 0.0742838 0.0506284 0.0422721 0.0800036 0.0817561 0.0698204 
Notoryctidae_Notoryctes_typhlops             0.0758050 0.0000000 0.0901893 0.1125346 0.0992371 0.1040142 0.0900045 0.0783118 0.1078047 0.0917916 0.0902695 0.1000712 0.1007543 0.0795998 0.0858985 0.0996454 0.1056108 0.0964620 0.0928021 0.1021171 0.0862463 0.1054755 0.1034876 0.1025106 0.0936437 0.0986831 0.0791425 0.1014081 0.0856590 0.1110926 0.0889430 0.0763440 0.1014943 0.1050400 0.0904029 
Vombatidae_Lasiorhinus_latifrons             0.0620458 0.0901893 0.0000000 0.0891770 0.0886612 0.0966019 0.0616761 0.0590527 0.0909886 0.0830515 0.0610072 0.0953317 0.0968713 0.0610221 0.0655131 0.0953316 0.0985553 0.0950034 0.0825418 0.0799213 0.0728837 0.1019187 0.0990361 0.0960608 0.0823218 0.0870462 0.0611716 0.0783336 0.0679398 0.1017602 0.0716262 0.0590263 0.0909740 0.0979996 0.0818367 
Potoroidae_Bettongia_penicillata             0.0765471 0.1125346 0.0891770 0.0000000 0.0217632 0.1097138 0.0849367 0.0745440 0.0236320 0.0955414 0.0836960 0.1028460 0.1054547 0.0776262 0.0790778 0.1036886 0.1112852 0.1016197 0.0969689 0.0377827 0.0875446 0.1097817 0.1060920 0.1036822 0.0595698 0.1119672 0.0784803 0.0343653 0.0840233 0.1061424 0.0839086 0.0746660 0.1038421 0.1113038 0.0945606 
Potoroidae_Bettongia_lesueur                 0.0635970 0.0992371 0.0886612 0.0217632 0.0000000 0.0951859 0.0742924 0.0597848 0.0247229 0.0841916 0.0736630 0.0910063 0.0912773 0.0618599 0.0645627 0.0918185 0.0966601 0.0847206 0.0843714 0.0392356 0.0732152 0.0979028 0.0927183 0.0923427 0.0461880 0.1005892 0.0657867 0.0368878 0.0700751 0.0914723 0.0681113 0.0610549 0.0912596 0.0970372 0.0832936 
Dasyuridae_Dasyurus_maculatus                0.0796038 0.1040142 0.0966019 0.1097138 0.0951859 0.0000000 0.0934946 0.0766575 0.1063730 0.0945541 0.0936357 0.0225296 0.0273887 0.0815574 0.0834434 0.0235456 0.0079226 0.0279570 0.0959652 0.1004978 0.0877314 0.1013158 0.0990731 0.0243814 0.0932955 0.1012547 0.0821456 0.1008440 0.0855960 0.1047468 0.0847210 0.0802631 0.0993513 0.0079467 0.0927888 
Phalangeridae_Trichosurus_vulpecula          0.0546375 0.0900045 0.0616761 0.0849367 0.0742924 0.0934946 0.0000000 0.0323382 0.0794340 0.0845612 0.0337594 0.0897039 0.0879515 0.0361927 0.0614981 0.0901032 0.0958257 0.0853958 0.0860782 0.0818160 0.0650413 0.0968564 0.0966175 0.0915906 0.0751344 0.0889261 0.0587530 0.0794940 0.0622369 0.0868573 0.0655426 0.0322394 0.0909351 0.0953763 0.0836288 
Phalangeridae_Spilocuscus_maculatus          0.0438303 0.0783118 0.0590527 0.0745440 0.0597848 0.0766575 0.0323382 0.0000000 0.0715609 0.0714536 0.0283551 0.0741686 0.0717494 0.0136004 0.0483625 0.0741859 0.0784970 0.0687807 0.0726128 0.0664319 0.0519776 0.0840960 0.0804992 0.0778398 0.0599207 0.0767720 0.0467286 0.0653251 0.0501339 0.0726557 0.0528931 0.0122505 0.0764288 0.0788237 0.0702774 
Potoroidae_Aepyprymnus_rufescens             0.0704983 0.1078047 0.0909886 0.0236320 0.0247229 0.1063730 0.0794340 0.0715609 0.0000000 0.0906888 0.0774494 0.0998007 0.1022506 0.0750611 0.0724750 0.1004001 0.1065526 0.0979303 0.0934134 0.0346626 0.0831396 0.1064156 0.1006261 0.1011706 0.0558892 0.1064756 0.0740157 0.0314893 0.0812375 0.1026107 0.0775539 0.0725036 0.1002149 0.1070379 0.0905638 
Peramelidae_Perameles_nasuta                 0.0718385 0.0917916 0.0830515 0.0955414 0.0841916 0.0945541 0.0845612 0.0714536 0.0906888 0.0000000 0.0850656 0.0917013 0.0913069 0.0742034 0.0744496 0.0901834 0.0956034 0.0857958 0.0146785 0.0856737 0.0786917 0.0967832 0.0931387 0.0951905 0.0785990 0.0952884 0.0696979 0.0857015 0.0778231 0.0934839 0.0790453 0.0726866 0.0215743 0.0950357 0.0022939 
Phalangeridae_Strigocuscus_pelengensis       0.0538647 0.0902695 0.0610072 0.0836960 0.0736630 0.0936357 0.0337594 0.0283551 0.0774494 0.0850656 0.0000000 0.0893603 0.0888120 0.0322408 0.0615492 0.0886381 0.0963791 0.0837231 0.0863025 0.0765656 0.0661467 0.0985581 0.0917052 0.0930133 0.0715099 0.0874659 0.0579383 0.0759372 0.0618966 0.0875124 0.0649095 0.0279510 0.0947481 0.0955435 0.0842291 
Dasyuridae_Phascogale_tapoatafa              0.0770697 0.1000712 0.0953317 0.1028460 0.0910063 0.0225296 0.0897039 0.0741686 0.0998007 0.0917013 0.0893603 0.0000000 0.0259623 0.0786385 0.0809812 0.0049305 0.0235334 0.0257769 0.0924250 0.0966660 0.0856332 0.1002673 0.0955959 0.0103119 0.0887114 0.0965048 0.0795748 0.0966119 0.0842556 0.1048741 0.0835253 0.0758006 0.0978088 0.0253234 0.0899566 
Dasyuridae_Sminthopsis_macroura              0.0770275 0.1007543 0.0968713 0.1054547 0.0912773 0.0273887 0.0879515 0.0717494 0.1022506 0.0913069 0.0888120 0.0259623 0.0000000 0.0750428 0.0795115 0.0263403 0.0287124 0.0203016 0.0927222 0.0970209 0.0850711 0.0961226 0.0934380 0.0296523 0.0882519 0.0992951 0.0798653 0.0961340 0.0833474 0.1033742 0.0824661 0.0749248 0.0965883 0.0291864 0.0895772 
Phalangeridae_Phalanger_orientalis           0.0462607 0.0795998 0.0610221 0.0776262 0.0618599 0.0815574 0.0361927 0.0136004 0.0750611 0.0742034 0.0322408 0.0786385 0.0750428 0.0000000 0.0493437 0.0782792 0.0841921 0.0725968 0.0745677 0.0678292 0.0530233 0.0861696 0.0825716 0.0823308 0.0593842 0.0808654 0.0473594 0.0682438 0.0507681 0.0761845 0.0538162 0.0072279 0.0787664 0.0837486 0.0722669 
Acrobatidae_Acrobates_pygmaeus               0.0464194 0.0858985 0.0655131 0.0790778 0.0645627 0.0834434 0.0614981 0.0483625 0.0724750 0.0744496 0.0615492 0.0809812 0.0795115 0.0493437 0.0000000 0.0813003 0.0857555 0.0736751 0.0762138 0.0694420 0.0518074 0.0828092 0.0823889 0.0846176 0.0639209 0.0854878 0.0438599 0.0695289 0.0494199 0.0757589 0.0292804 0.0485516 0.0808097 0.0852399 0.0739423 
Dasyuridae_Phascogale_calura                 0.0759460 0.0996454 0.0953316 0.1036886 0.0918185 0.0235456 0.0901032 0.0741859 0.1004001 0.0901834 0.0886381 0.0049305 0.0263403 0.0782792 0.0813003 0.0000000 0.0242040 0.0261229 0.0911829 0.0974698 0.0852839 0.1002568 0.0936195 0.0113137 0.0887323 0.0961434 0.0788731 0.0974123 0.0835685 0.1044444 0.0828297 0.0758182 0.0965267 0.0246117 0.0884439 
Dasyuridae_Sarcophilus_harrisii              0.0810957 0.1056108 0.0985553 0.1112852 0.0966601 0.0079226 0.0958257 0.0784970 0.1065526 0.0956034 0.0963791 0.0235334 0.0287124 0.0841921 0.0857555 0.0242040 0.0000000 0.0282700 0.0962541 0.1020707 0.0904702 0.1036073 0.1005393 0.0250438 0.0943244 0.1036592 0.0844093 0.1028078 0.0890953 0.1071022 0.0875330 0.0828903 0.1004448 0.0092718 0.0938364 
Dasyuridae_Planigale_tenuirostris            0.0736580 0.0964620 0.0950034 0.1016197 0.0847206 0.0279570 0.0853958 0.0687807 0.0979303 0.0857958 0.0837231 0.0257769 0.0203016 0.0725968 0.0736751 0.0261229 0.0282700 0.0000000 0.0860422 0.0921044 0.0808750 0.0985687 0.0921808 0.0279708 0.0832586 0.0969436 0.0755005 0.0921982 0.0787550 0.0987708 0.0791699 0.0718137 0.0941535 0.0283782 0.0845203 
Peramelidae_Echymipera_kalubu                0.0721233 0.0928021 0.0825418 0.0969689 0.0843714 0.0959652 0.0860782 0.0726128 0.0934134 0.0146785 0.0863025 0.0924250 0.0927222 0.0745677 0.0762138 0.0911829 0.0962541 0.0860422 0.0000000 0.0894851 0.0782151 0.0984177 0.0947243 0.0954498 0.0810716 0.0981309 0.0692522 0.0891058 0.0769360 0.0935370 0.0801402 0.0738197 0.0177211 0.0964475 0.0149940 
Macropodidae_Dorcopsulus_vanheurni           0.0678640 0.1021171 0.0799213 0.0377827 0.0392356 0.1004978 0.0818160 0.0664319 0.0346626 0.0856737 0.0765656 0.0966660 0.0970209 0.0678292 0.0694420 0.0974698 0.1020707 0.0921044 0.0894851 0.0000000 0.0760425 0.1029614 0.0953314 0.0974687 0.0498139 0.1001323 0.0676506 0.0127778 0.0746981 0.1003617 0.0727909 0.0662144 0.0957999 0.1020342 0.0847571 
Pseudochiridae_Pseudochirulus_forbesi        0.0509115 0.0862463 0.0728837 0.0875446 0.0732152 0.0877314 0.0650413 0.0519776 0.0831396 0.0786917 0.0661467 0.0856332 0.0850711 0.0530233 0.0518074 0.0852839 0.0904702 0.0808750 0.0782151 0.0760425 0.0000000 0.0910190 0.0865900 0.0876721 0.0688327 0.0893941 0.0287105 0.0753758 0.0182242 0.0742734 0.0547500 0.0515323 0.0846764 0.0902930 0.0774130 
Didelphidae_Didelphis_virginiana             0.0830246 0.1054755 0.1019187 0.1097817 0.0979028 0.1013158 0.0968564 0.0840960 0.1064156 0.0967832 0.0985581 0.1002673 0.0961226 0.0861696 0.0828092 0.1002568 0.1036073 0.0985687 0.0984177 0.1029614 0.0910190 0.0000000 0.0329749 0.1040326 0.0913760 0.1022358 0.0827831 0.1015905 0.0901248 0.1112857 0.0841473 0.0853124 0.1035848 0.1027042 0.0965920 
Marmosidae_Monodelphis_domestica             0.0775503 0.1034876 0.0990361 0.1060920 0.0927183 0.0990731 0.0966175 0.0804992 0.1006261 0.0931387 0.0917052 0.0955959 0.0934380 0.0825716 0.0823889 0.0936195 0.1005393 0.0921808 0.0947243 0.0953314 0.0865900 0.0329749 0.0000000 0.0982955 0.0888281 0.0993624 0.0813398 0.0938860 0.0856715 0.1098672 0.0809796 0.0813341 0.0993386 0.0993128 0.0918302 
Dasyuridae_Antechinus_stuartii               0.0799725 0.1025106 0.0960608 0.1036822 0.0923427 0.0243814 0.0915906 0.0778398 0.1011706 0.0951905 0.0930133 0.0103119 0.0296523 0.0823308 0.0846176 0.0113137 0.0250438 0.0279708 0.0954498 0.0974687 0.0876721 0.1040326 0.0982955 0.0000000 0.0904733 0.1004182 0.0812543 0.0984411 0.0863357 0.1080105 0.0864208 0.0794799 0.1008139 0.0272066 0.0937837 
Hypsiprymnodontidae_Hypsiprymnodon_moschatus 0.0589914 0.0936437 0.0823218 0.0595698 0.0461880 0.0932955 0.0751344 0.0599207 0.0558892 0.0785990 0.0715099 0.0887114 0.0882519 0.0593842 0.0639209 0.0887323 0.0943244 0.0832586 0.0810716 0.0498139 0.0688327 0.0913760 0.0888281 0.0904733 0.0000000 0.0951401 0.0596961 0.0511207 0.0675662 0.0905863 0.0668064 0.0604575 0.0858679 0.0942809 0.0773105 
Microbiotheriidae_Dromiciops_gliroides       0.0791733 0.0986831 0.0870462 0.1119672 0.1005892 0.1012547 0.0889261 0.0767720 0.1064756 0.0952884 0.0874659 0.0965048 0.0992951 0.0808654 0.0854878 0.0961434 0.1036592 0.0969436 0.0981309 0.1001323 0.0893941 0.1022358 0.0993624 0.1004182 0.0951401 0.0000000 0.0825068 0.1014719 0.0872167 0.1111885 0.0856340 0.0788491 0.1052061 0.1026930 0.0952584 
Pseudochiridae_Petauroides_volans            0.0455680 0.0791425 0.0611716 0.0784803 0.0657867 0.0821456 0.0587530 0.0467286 0.0740157 0.0696979 0.0579383 0.0795748 0.0798653 0.0473594 0.0438599 0.0788731 0.0844093 0.0755005 0.0692522 0.0676506 0.0287105 0.0827831 0.0813398 0.0812543 0.0596961 0.0825068 0.0000000 0.0674318 0.0276396 0.0675547 0.0465858 0.0455205 0.0770533 0.0827094 0.0688021 
Macropodidae_Wallabia_bicolor                0.0686245 0.1014081 0.0783336 0.0343653 0.0368878 0.1008440 0.0794940 0.0653251 0.0314893 0.0857015 0.0759372 0.0966119 0.0961340 0.0682438 0.0695289 0.0974123 0.1028078 0.0921982 0.0891058 0.0127778 0.0753758 0.1015905 0.0938860 0.0984411 0.0511207 0.1014719 0.0674318 0.0000000 0.0728622 0.0982045 0.0739727 0.0666350 0.0944414 0.1018813 0.0847883 
Pseudochiridae_Pseudocheirus_occidentalis    0.0511035 0.0856590 0.0679398 0.0840233 0.0700751 0.0855960 0.0622369 0.0501339 0.0812375 0.0778231 0.0618966 0.0842556 0.0833474 0.0507681 0.0494199 0.0835685 0.0890953 0.0787550 0.0769360 0.0746981 0.0182242 0.0901248 0.0856715 0.0863357 0.0675662 0.0872167 0.0276396 0.0728622 0.0000000 0.0715185 0.0535809 0.0492696 0.0850068 0.0889162 0.0765492 
Tarsipedidae_Tarsipes_rostratus              0.0742838 0.1110926 0.1017602 0.1061424 0.0914723 0.1047468 0.0868573 0.0726557 0.1026107 0.0934839 0.0875124 0.1048741 0.1033742 0.0761845 0.0757589 0.1044444 0.1071022 0.0987708 0.0935370 0.1003617 0.0742734 0.1112857 0.1098672 0.1080105 0.0905863 0.1111885 0.0675547 0.0982045 0.0715185 0.0000000 0.0737704 0.0737850 0.0997988 0.1061171 0.0932866 
Acrobatidae_Distoechurus_pennatus            0.0506284 0.0889430 0.0716262 0.0839086 0.0681113 0.0847210 0.0655426 0.0528931 0.0775539 0.0790453 0.0649095 0.0835253 0.0824661 0.0538162 0.0292804 0.0828297 0.0875330 0.0791699 0.0801402 0.0727909 0.0547500 0.0841473 0.0809796 0.0864208 0.0668064 0.0856340 0.0465858 0.0739727 0.0535809 0.0737704 0.0000000 0.0530646 0.0846487 0.0886746 0.0777600 
Phalangeridae_Phalanger_carmelitae           0.0422721 0.0763440 0.0590263 0.0746660 0.0610549 0.0802631 0.0322394 0.0122505 0.0725036 0.0726866 0.0279510 0.0758006 0.0749248 0.0072279 0.0485516 0.0758182 0.0828903 0.0718137 0.0738197 0.0662144 0.0515323 0.0853124 0.0813341 0.0794799 0.0604575 0.0788491 0.0455205 0.0666350 0.0492696 0.0737850 0.0530646 0.0000000 0.0772643 0.0824437 0.0707319 
Peramelidae_Peroryctes_raffrayana            0.0800036 0.1014943 0.0909740 0.1038421 0.0912596 0.0993513 0.0909351 0.0764288 0.1002149 0.0215743 0.0947481 0.0978088 0.0965883 0.0787664 0.0808097 0.0965267 0.1004448 0.0941535 0.0177211 0.0957999 0.0846764 0.1035848 0.0993386 0.1008139 0.0858679 0.1052061 0.0770533 0.0944414 0.0850068 0.0997988 0.0846487 0.0772643 0.0000000 0.0998317 0.0212151 
Dasyuridae_Dasyurus_geffroii                 0.0817561 0.1050400 0.0979996 0.1113038 0.0970372 0.0079467 0.0953763 0.0788237 0.1070379 0.0950357 0.0955435 0.0253234 0.0291864 0.0837486 0.0852399 0.0246117 0.0092718 0.0283782 0.0964475 0.1020342 0.0902930 0.1027042 0.0993128 0.0272066 0.0942809 0.1026930 0.0827094 0.1018813 0.0889162 0.1061171 0.0886746 0.0824437 0.0998317 0.0000000 0.0932676 
Peramelidae_Perameles_gunnii                 0.0698204 0.0904029 0.0818367 0.0945606 0.0832936 0.0927888 0.0836288 0.0702774 0.0905638 0.0022939 0.0842291 0.0899566 0.0895772 0.0722669 0.0739423 0.0884439 0.0938364 0.0845203 0.0149940 0.0847571 0.0774130 0.0965920 0.0918302 0.0937837 0.0773105 0.0952584 0.0688021 0.0847883 0.0765492 0.0932866 0.0777600 0.0707319 0.0212151 0.0932676 0.0000000 
