35
Burramyidae_Burramys_parvus                  0.0000000 0.0849762 0.0484476 0.0630340 0.0633375 0.0881902 0.0478580 0.0486512 0.0601718 0.0868723 0.0488266 0.0873471 0.0909276 0.0505469 0.0574276 0.0896133 0.0853520 0.0878093 0.0860227 0.0517558 0.0596876 0.1012156 0.0943920 0.0836906 0.0614681 0.0596663 0.0597992 0.0480725 0.0530983 0.0665524 0.0629428 0.0491993 0.0917598 0.0862272 0.0855392 
Notoryctidae_Notoryctes_typhlops             0.0849762 0.0000000 0.0803371 0.1091895 0.1120554 0.1151335 0.0863481 0.0893923 0.1058232 0.1170477 0.0890337 0.1096544 0.1157392 0.0875951 0.0957256 0.1082714 0.1104769 0.1172348 0.1178753 0.0914449 0.0959253 0.1300790 0.1215540 0.0998689 0.1008374 0.0812741 0.0956100 0.0933647 0.0857851 0.0938356 0.1044362 0.0866529 0.1205043 0.1099043 0.1174952 
Vombatidae_Lasiorhinus_latifrons             0.0484476 0.0803371 0.0000000 0.0679020 0.0698666 0.0759148 0.0487320 0.0477244 0.0603323 0.0800117 0.0472995 0.0758200 0.0806395 0.0490518 0.0564951 0.0728438 0.0758725 0.0760478 0.0807165 0.0526979 0.0591054 0.0866589 0.0863662 0.0703264 0.0661216 0.0545916 0.0529326 0.0543166 0.0526659 0.0609363 0.0618996 0.0488954 0.0827805 0.0723335 0.0807304 
Potoroidae_Bettongia_penicillata             0.0630340 0.1091895 0.0679020 0.0000000 0.0072177 0.1040365 0.0682662 0.0677542 0.0178080 0.0984614 0.0677493 0.1061502 0.1060888 0.0673222 0.0774282 0.1071640 0.1010968 0.1041790 0.0996080 0.0206596 0.0773587 0.1132880 0.1109956 0.0998860 0.0520940 0.0754506 0.0768034 0.0215269 0.0656892 0.0819002 0.0806604 0.0683233 0.1051197 0.1012831 0.0976863 
Potoroidae_Bettongia_lesueur                 0.0633375 0.1120554 0.0698666 0.0072177 0.0000000 0.1076448 0.0694015 0.0676832 0.0208746 0.0989721 0.0688946 0.1082966 0.1087960 0.0684504 0.0785934 0.1093332 0.1045249 0.1064068 0.0986529 0.0230755 0.0785229 0.1109788 0.1114897 0.1020425 0.0543581 0.0746210 0.0793220 0.0235886 0.0669001 0.0830867 0.0811568 0.0694499 0.1056289 0.1048672 0.0981916 
Dasyuridae_Dasyurus_maculatus                0.0881902 0.1151335 0.0759148 0.1040365 0.1076448 0.0000000 0.0818964 0.0900486 0.1047603 0.1105083 0.0877684 0.0283074 0.0373636 0.0895171 0.0983801 0.0279499 0.0124472 0.0327911 0.1108503 0.0945451 0.0959992 0.1210808 0.1201848 0.0239961 0.1044784 0.0792759 0.0944420 0.0890205 0.0875336 0.0986530 0.1044030 0.0892686 0.1104501 0.0083696 0.1081247 
Phalangeridae_Trichosurus_vulpecula          0.0478580 0.0863481 0.0487320 0.0682662 0.0694015 0.0818964 0.0000000 0.0210837 0.0673844 0.0845124 0.0182501 0.0851174 0.0878076 0.0195607 0.0583283 0.0845010 0.0852007 0.0846139 0.0850810 0.0538977 0.0577432 0.0977362 0.0943943 0.0816674 0.0668617 0.0597258 0.0578888 0.0543720 0.0500132 0.0590590 0.0624946 0.0195057 0.0889600 0.0820899 0.0832366 
Phalangeridae_Spilocuscus_maculatus          0.0486512 0.0893923 0.0477244 0.0677542 0.0676832 0.0900486 0.0210837 0.0000000 0.0647578 0.0887182 0.0109123 0.0905559 0.0917988 0.0102701 0.0566104 0.0899772 0.0906038 0.0924120 0.0913089 0.0594246 0.0595276 0.0980302 0.0902015 0.0864993 0.0652116 0.0598457 0.0601057 0.0539234 0.0525445 0.0613765 0.0614452 0.0102416 0.0902609 0.0881733 0.0872539 
Potoroidae_Aepyprymnus_rufescens             0.0601718 0.1058232 0.0603323 0.0178080 0.0208746 0.1047603 0.0673844 0.0647578 0.0000000 0.0962587 0.0668395 0.1054114 0.1073896 0.0669914 0.0743259 0.1034134 0.1031237 0.1020414 0.0973397 0.0232088 0.0758194 0.1111925 0.1079745 0.0998541 0.0546887 0.0744935 0.0732545 0.0236964 0.0672681 0.0824611 0.0768705 0.0667942 0.1035281 0.1019839 0.0976041 
Peramelidae_Perameles_nasuta                 0.0868723 0.1170477 0.0800117 0.0984614 0.0989721 0.1105083 0.0845124 0.0887182 0.0962587 0.0000000 0.0890526 0.1070685 0.1124826 0.0894907 0.0996916 0.1114785 0.1095471 0.1022179 0.0194561 0.0853926 0.0990224 0.1357545 0.1225388 0.1050985 0.1064794 0.0869222 0.0982703 0.0886328 0.0898376 0.1037346 0.1044749 0.0893370 0.0207778 0.1084038 0.0029500 
Phalangeridae_Strigocuscus_pelengensis       0.0488266 0.0890337 0.0472995 0.0677493 0.0688946 0.0877684 0.0182501 0.0109123 0.0668395 0.0890526 0.0000000 0.0882213 0.0908013 0.0073866 0.0589274 0.0862378 0.0876270 0.0890249 0.0915298 0.0600450 0.0600069 0.0989525 0.0905873 0.0841131 0.0663078 0.0600453 0.0603145 0.0536869 0.0535329 0.0624423 0.0625130 0.0073659 0.0910656 0.0858804 0.0879365 
Dasyuridae_Phascogale_tapoatafa              0.0873471 0.1096544 0.0758200 0.1061502 0.1082966 0.0283074 0.0851174 0.0905559 0.1054114 0.1070685 0.0882213 0.0000000 0.0330153 0.0893184 0.0981098 0.0059148 0.0219361 0.0300667 0.1074920 0.0916182 0.0921922 0.1200620 0.1189502 0.0112080 0.1087033 0.0776703 0.0952163 0.0916202 0.0857488 0.0968127 0.1015808 0.0890692 0.1076836 0.0234769 0.1047751 
Dasyuridae_Sminthopsis_macroura              0.0909276 0.1157392 0.0806395 0.1060888 0.1087960 0.0373636 0.0878076 0.0917988 0.1073896 0.1124826 0.0908013 0.0330153 0.0000000 0.0920869 0.1018569 0.0332852 0.0328077 0.0311610 0.1138092 0.0969556 0.0994358 0.1254884 0.1193373 0.0298218 0.1056810 0.0776661 0.0991121 0.0910363 0.0882745 0.1027006 0.1079088 0.0917091 0.1134460 0.0334655 0.1110824 
Phalangeridae_Phalanger_orientalis           0.0505469 0.0875951 0.0490518 0.0673222 0.0684504 0.0895171 0.0195607 0.0102701 0.0669914 0.0894907 0.0073866 0.0893184 0.0920869 0.0000000 0.0573909 0.0873269 0.0893743 0.0903951 0.0916002 0.0609683 0.0584665 0.0999091 0.0910811 0.0838581 0.0665358 0.0605574 0.0609056 0.0534769 0.0532758 0.0621056 0.0621925 0.0038461 0.0912750 0.0876410 0.0869671 
Acrobatidae_Acrobates_pygmaeus               0.0574276 0.0957256 0.0564951 0.0774282 0.0785934 0.0983801 0.0583283 0.0566104 0.0743259 0.0996916 0.0589274 0.0981098 0.1018569 0.0573909 0.0000000 0.0983023 0.0961108 0.0982902 0.0994824 0.0644296 0.0538497 0.1009581 0.1021100 0.0950714 0.0765983 0.0699784 0.0531322 0.0628018 0.0504530 0.0579236 0.0331432 0.0577952 0.1033015 0.0942581 0.0991049 
Dasyuridae_Phascogale_calura                 0.0896133 0.1082714 0.0728438 0.1071640 0.1093332 0.0279499 0.0845010 0.0899772 0.1034134 0.1114785 0.0862378 0.0059148 0.0332852 0.0873269 0.0983023 0.0000000 0.0215423 0.0314850 0.1102523 0.0934095 0.0916178 0.1178572 0.1167628 0.0102276 0.1082334 0.0763455 0.0938654 0.0924703 0.0858733 0.0955227 0.1024440 0.0870816 0.1114200 0.0225279 0.1090462 
Dasyuridae_Sarcophilus_harrisii              0.0853520 0.1104769 0.0758725 0.1010968 0.1045249 0.0124472 0.0852007 0.0906038 0.1031237 0.1095471 0.0876270 0.0219361 0.0328077 0.0893743 0.0961108 0.0215423 0.0000000 0.0287920 0.1099231 0.0875954 0.0931109 0.1157997 0.1156080 0.0192137 0.1042005 0.0757953 0.0922850 0.0866393 0.0839178 0.0957204 0.0999921 0.0891265 0.1094887 0.0089082 0.1072061 
Dasyuridae_Planigale_tenuirostris            0.0878093 0.1172348 0.0760478 0.1041790 0.1064068 0.0327911 0.0846139 0.0924120 0.1020414 0.1022179 0.0890249 0.0300667 0.0311610 0.0903951 0.0982902 0.0314850 0.0287920 0.0000000 0.1020312 0.0912919 0.0976779 0.1162305 0.1150400 0.0277988 0.1054958 0.0778954 0.0956530 0.0901889 0.0876350 0.1024096 0.1027019 0.0902838 0.1012430 0.0282042 0.0998931 
Peramelidae_Echymipera_kalubu                0.0860227 0.1178753 0.0807165 0.0996080 0.0986529 0.1108503 0.0850810 0.0913089 0.0973397 0.0194561 0.0915298 0.1074920 0.1138092 0.0916002 0.0994824 0.1102523 0.1099231 0.1020312 0.0000000 0.0880062 0.0981804 0.1336545 0.1215068 0.1052818 0.1052726 0.0851136 0.0952932 0.0877549 0.0866243 0.1037236 0.1064925 0.0933365 0.0156842 0.1095073 0.0191873 
Macropodidae_Dorcopsulus_vanheurni           0.0517558 0.0914449 0.0526979 0.0206596 0.0230755 0.0945451 0.0538977 0.0594246 0.0232088 0.0853926 0.0600450 0.0916182 0.0969556 0.0609683 0.0644296 0.0934095 0.0875954 0.0912919 0.0880062 0.0000000 0.0644592 0.1035646 0.0983647 0.0853355 0.0458056 0.0599735 0.0623204 0.0085787 0.0540509 0.0718801 0.0700762 0.0601447 0.0922308 0.0905073 0.0871804 
Pseudochiridae_Pseudochirulus_forbesi        0.0596876 0.0959253 0.0591054 0.0773587 0.0785229 0.0959992 0.0577432 0.0595276 0.0758194 0.0990224 0.0600069 0.0921922 0.0994358 0.0584665 0.0538497 0.0916178 0.0931109 0.0976779 0.0981804 0.0644592 0.0000000 0.1132992 0.1060679 0.0884328 0.0754166 0.0689750 0.0412574 0.0638940 0.0219853 0.0556428 0.0647242 0.0600887 0.1035349 0.0925732 0.0985452 
Didelphidae_Didelphis_virginiana             0.1012156 0.1300790 0.0866589 0.1132880 0.1109788 0.1210808 0.0977362 0.0980302 0.1111925 0.1357545 0.0989525 0.1200620 0.1254884 0.0999091 0.1009581 0.1178572 0.1157997 0.1162305 0.1336545 0.1035646 0.1132992 0.0000000 0.0465526 0.1201116 0.1067458 0.0953441 0.1035639 0.0987665 0.1064040 0.1081885 0.1130596 0.0996049 0.1414084 0.1136303 0.1340498 
Marmosidae_Monodelphis_domestica             0.0943920 0.1215540 0.0863662 0.1109956 0.1114897 0.1201848 0.0943943 0.0902015 0.1079745 0.1225388 0.0905873 0.1189502 0.1193373 0.0910811 0.1021100 0.1167628 0.1156080 0.1150400 0.1215068 0.0983647 0.1060679 0.0465526 0.0000000 0.1114217 0.1092406 0.0914427 0.0998261 0.0956136 0.0997438 0.1076836 0.1104870 0.0894450 0.1284660 0.1143668 0.1221335 
Dasyuridae_Antechinus_stuartii               0.0836906 0.0998689 0.0703264 0.0998860 0.1020425 0.0239961 0.0816674 0.0864993 0.0998541 0.1050985 0.0841131 0.0112080 0.0298218 0.0838581 0.0950714 0.0102276 0.0192137 0.0277988 0.1052818 0.0853355 0.0884328 0.1201116 0.1114217 0.0000000 0.1019253 0.0723617 0.0902179 0.0868844 0.0810347 0.0964429 0.0988537 0.0836196 0.1020762 0.0191322 0.1030003 
Hypsiprymnodontidae_Hypsiprymnodon_moschatus 0.0614681 0.1008374 0.0661216 0.0520940 0.0543581 0.1044784 0.0668617 0.0652116 0.0546887 0.1064794 0.0663078 0.1087033 0.1056810 0.0665358 0.0765983 0.1082334 0.1042005 0.1054958 0.1052726 0.0458056 0.0754166 0.1067458 0.1092406 0.1019253 0.0000000 0.0750598 0.0777591 0.0387804 0.0705395 0.0796532 0.0791112 0.0675351 0.1108142 0.0996481 0.1048146 
Microbiotheriidae_Dromiciops_gliroides       0.0596663 0.0812741 0.0545916 0.0754506 0.0746210 0.0792759 0.0597258 0.0598457 0.0744935 0.0869222 0.0600453 0.0776703 0.0776661 0.0605574 0.0699784 0.0763455 0.0757953 0.0778954 0.0851136 0.0599735 0.0689750 0.0953441 0.0914427 0.0723617 0.0750598 0.0000000 0.0660997 0.0612125 0.0622169 0.0750967 0.0772708 0.0616626 0.0913414 0.0746621 0.0856504 
Pseudochiridae_Petauroides_volans            0.0597992 0.0956100 0.0529326 0.0768034 0.0793220 0.0944420 0.0578888 0.0601057 0.0732545 0.0982703 0.0603145 0.0952163 0.0991121 0.0609056 0.0531322 0.0938654 0.0922850 0.0956530 0.0952932 0.0623204 0.0412574 0.1035639 0.0998261 0.0902179 0.0777591 0.0660997 0.0000000 0.0631613 0.0351980 0.0493281 0.0633261 0.0607627 0.1004703 0.0910393 0.0969544 
Macropodidae_Wallabia_bicolor                0.0480725 0.0933647 0.0543166 0.0215269 0.0235886 0.0890205 0.0543720 0.0539234 0.0236964 0.0886328 0.0536869 0.0916202 0.0910363 0.0534769 0.0628018 0.0924703 0.0866393 0.0901889 0.0877549 0.0085787 0.0638940 0.0987665 0.0956136 0.0868844 0.0387804 0.0612125 0.0631613 0.0000000 0.0538718 0.0688059 0.0659626 0.0544706 0.0927879 0.0863962 0.0894022 
Pseudochiridae_Pseudocheirus_occidentalis    0.0530983 0.0857851 0.0526659 0.0656892 0.0669001 0.0875336 0.0500132 0.0525445 0.0672681 0.0898376 0.0535329 0.0857488 0.0882745 0.0532758 0.0504530 0.0858733 0.0839178 0.0876350 0.0866243 0.0540509 0.0219853 0.1064040 0.0997438 0.0810347 0.0705395 0.0622169 0.0351980 0.0538718 0.0000000 0.0457284 0.0556512 0.0537767 0.0907304 0.0833742 0.0885724 
Tarsipedidae_Tarsipes_rostratus              0.0665524 0.0938356 0.0609363 0.0819002 0.0830867 0.0986530 0.0590590 0.0613765 0.0824611 0.1037346 0.0624423 0.0968127 0.1027006 0.0621056 0.0579236 0.0955227 0.0957204 0.1024096 0.1037236 0.0718801 0.0556428 0.1081885 0.1076836 0.0964429 0.0796532 0.0750967 0.0493281 0.0688059 0.0457284 0.0000000 0.0642749 0.0625101 0.1091768 0.0973611 0.1044717 
Acrobatidae_Distoechurus_pennatus            0.0629428 0.1044362 0.0618996 0.0806604 0.0811568 0.1044030 0.0624946 0.0614452 0.0768705 0.1044749 0.0625130 0.1015808 0.1079088 0.0621925 0.0331432 0.1024440 0.0999921 0.1027019 0.1064925 0.0700762 0.0647242 0.1130596 0.1104870 0.0988537 0.0791112 0.0772708 0.0633261 0.0659626 0.0556512 0.0642749 0.0000000 0.0613344 0.1088197 0.0987476 0.1046613 
Phalangeridae_Phalanger_carmelitae           0.0491993 0.0866529 0.0488954 0.0683233 0.0694499 0.0892686 0.0195057 0.0102416 0.0667942 0.0893370 0.0073659 0.0890692 0.0917091 0.0038461 0.0577952 0.0870816 0.0891265 0.0902838 0.0933365 0.0601447 0.0600887 0.0996049 0.0894450 0.0836196 0.0675351 0.0616626 0.0607627 0.0544706 0.0537767 0.0625101 0.0613344 0.0000000 0.0908911 0.0873975 0.0873009 
Peramelidae_Peroryctes_raffrayana            0.0917598 0.1205043 0.0827805 0.1051197 0.1056289 0.1104501 0.0889600 0.0902609 0.1035281 0.0207778 0.0910656 0.1076836 0.1134460 0.0912750 0.1033015 0.1114200 0.1094887 0.1012430 0.0156842 0.0922308 0.1035349 0.1414084 0.1284660 0.1020762 0.1108142 0.0913414 0.1004703 0.0927879 0.0907304 0.1091768 0.1088197 0.0908911 0.0000000 0.1090905 0.0205513 
Dasyuridae_Dasyurus_geffroii                 0.0862272 0.1099043 0.0723335 0.1012831 0.1048672 0.0083696 0.0820899 0.0881733 0.1019839 0.1084038 0.0858804 0.0234769 0.0334655 0.0876410 0.0942581 0.0225279 0.0089082 0.0282042 0.1095073 0.0905073 0.0925732 0.1136303 0.1143668 0.0191322 0.0996481 0.0746621 0.0910393 0.0863962 0.0833742 0.0973611 0.0987476 0.0873975 0.1090905 0.0000000 0.1067867 
Peramelidae_Perameles_gunnii                 0.0855392 0.1174952 0.0807304 0.0976863 0.0981916 0.1081247 0.0832366 0.0872539 0.0976041 0.0029500 0.0879365 0.1047751 0.1110824 0.0869671 0.0991049 0.1090462 0.1072061 0.0998931 0.0191873 0.0871804 0.0985452 0.1340498 0.1221335 0.1030003 0.1048146 0.0856504 0.0969544 0.0894022 0.0885724 0.1044717 0.1046613 0.0873009 0.0205513 0.1067867 0.0000000 
