35
Burramyidae_Burramys_parvus                  0.0000000 0.0614506 0.0398177 0.0432249 0.0406623 0.0597530 0.0229877 0.0356257 0.0402335 0.0862138 0.0280801 0.0495432 0.0614272 0.0305896 0.0448578 0.0493718 0.0607167 0.0531184 0.0795953 0.0414466 0.0447347 0.0821054 0.0604649 0.0513383 0.0431300 0.0494132 0.0406909 0.0386140 0.0418253 0.0567819 0.0491130 0.0315101 0.0789850 0.0557602 0.0862609 
Notoryctidae_Notoryctes_typhlops             0.0614506 0.0000000 0.0655922 0.0714551 0.0701805 0.0754010 0.0544066 0.0646266 0.0703621 0.1019373 0.0583413 0.0604636 0.0741755 0.0632081 0.0700076 0.0621092 0.0749531 0.0697968 0.0956169 0.0713897 0.0677053 0.0980346 0.0783462 0.0688218 0.0698466 0.0658257 0.0699233 0.0669909 0.0679363 0.0865109 0.0782731 0.0633193 0.0925994 0.0683042 0.1003865 
Vombatidae_Lasiorhinus_latifrons             0.0398177 0.0655922 0.0000000 0.0501132 0.0484720 0.0583580 0.0388393 0.0480173 0.0488107 0.0822288 0.0400937 0.0508711 0.0613705 0.0425019 0.0541872 0.0511287 0.0593175 0.0552918 0.0752039 0.0487267 0.0484334 0.0823366 0.0633554 0.0523162 0.0511918 0.0559155 0.0473565 0.0463914 0.0490886 0.0636642 0.0586800 0.0426010 0.0759183 0.0553523 0.0823019 
Potoroidae_Bettongia_penicillata             0.0432249 0.0714551 0.0501132 0.0000000 0.0008798 0.0698593 0.0406026 0.0489343 0.0033188 0.0991278 0.0436268 0.0616604 0.0704561 0.0454157 0.0524057 0.0618837 0.0696943 0.0644359 0.0917545 0.0103316 0.0496151 0.0931696 0.0764458 0.0655871 0.0294012 0.0603093 0.0477970 0.0076917 0.0542799 0.0603041 0.0582565 0.0463742 0.0909464 0.0659896 0.0987093 
Potoroidae_Bettongia_lesueur                 0.0406623 0.0701805 0.0484720 0.0008798 0.0000000 0.0686479 0.0375396 0.0454664 0.0028808 0.0983234 0.0401590 0.0595718 0.0682954 0.0410721 0.0507505 0.0593373 0.0685167 0.0616459 0.0914947 0.0091900 0.0492522 0.0885706 0.0725948 0.0643153 0.0281458 0.0591800 0.0469657 0.0068699 0.0530342 0.0584991 0.0585556 0.0420150 0.0906837 0.0633852 0.0979047 
Dasyuridae_Dasyurus_maculatus                0.0597530 0.0754010 0.0583580 0.0698593 0.0686479 0.0000000 0.0571609 0.0603960 0.0653481 0.0945723 0.0544704 0.0042987 0.0099752 0.0594188 0.0709989 0.0042935 0.0016164 0.0105293 0.0847385 0.0633683 0.0662792 0.0925152 0.0771372 0.0051777 0.0662462 0.0654334 0.0634426 0.0634688 0.0657766 0.0796194 0.0753838 0.0586252 0.0858236 0.0014522 0.0941584 
Phalangeridae_Trichosurus_vulpecula          0.0229877 0.0544066 0.0388393 0.0406026 0.0375396 0.0571609 0.0000000 0.0135574 0.0397576 0.0770970 0.0075429 0.0523081 0.0584725 0.0073838 0.0383461 0.0526975 0.0574759 0.0525386 0.0750248 0.0402294 0.0402850 0.0752385 0.0572581 0.0532756 0.0412918 0.0453810 0.0355615 0.0363448 0.0373354 0.0526124 0.0451891 0.0078962 0.0740374 0.0563151 0.0772128 
Phalangeridae_Spilocuscus_maculatus          0.0356257 0.0646266 0.0480173 0.0489343 0.0454664 0.0603960 0.0135574 0.0000000 0.0480913 0.0907168 0.0043459 0.0555237 0.0620572 0.0046921 0.0496481 0.0549278 0.0613533 0.0570249 0.0889316 0.0480398 0.0477339 0.0872368 0.0668771 0.0564197 0.0505714 0.0527168 0.0428504 0.0452311 0.0476109 0.0620406 0.0577595 0.0051653 0.0859400 0.0601478 0.0903000 
Potoroidae_Aepyprymnus_rufescens             0.0402335 0.0703621 0.0488107 0.0033188 0.0028808 0.0653481 0.0397576 0.0480913 0.0000000 0.0983905 0.0425968 0.0573193 0.0680562 0.0433211 0.0532994 0.0575041 0.0652292 0.0627353 0.0920827 0.0097524 0.0470665 0.0898148 0.0730696 0.0611483 0.0330822 0.0584004 0.0465255 0.0084121 0.0511880 0.0597596 0.0588356 0.0451122 0.0907397 0.0618981 0.0979331 
Peramelidae_Perameles_nasuta                 0.0862138 0.1019373 0.0822288 0.0991278 0.0983234 0.0945723 0.0770970 0.0907168 0.0983905 0.0000000 0.0796268 0.0879909 0.1005131 0.0878844 0.0993804 0.0871501 0.0925186 0.0922431 0.0068497 0.0953998 0.0894196 0.1099034 0.0910726 0.0917944 0.0917461 0.0907525 0.0904970 0.0921381 0.0886001 0.1022386 0.1015608 0.0885235 0.0061408 0.0877320 0.0003521 
Phalangeridae_Strigocuscus_pelengensis       0.0280801 0.0583413 0.0400937 0.0436268 0.0401590 0.0544704 0.0075429 0.0043459 0.0425968 0.0796268 0.0000000 0.0500519 0.0570114 0.0020801 0.0439671 0.0499038 0.0554341 0.0532405 0.0782159 0.0414484 0.0383875 0.0812720 0.0598163 0.0527505 0.0439509 0.0478187 0.0347208 0.0398074 0.0393847 0.0498111 0.0522982 0.0023807 0.0775713 0.0528125 0.0796330 
Dasyuridae_Phascogale_tapoatafa              0.0495432 0.0604636 0.0508711 0.0616604 0.0595718 0.0042987 0.0523081 0.0555237 0.0573193 0.0879909 0.0500519 0.0000000 0.0079519 0.0522844 0.0586349 0.0005734 0.0048402 0.0067788 0.0789029 0.0567546 0.0592132 0.0840730 0.0695292 0.0023878 0.0583275 0.0580389 0.0579261 0.0549392 0.0614332 0.0724973 0.0660984 0.0523979 0.0813575 0.0043002 0.0885768 
Dasyuridae_Sminthopsis_macroura              0.0614272 0.0741755 0.0613705 0.0704561 0.0682954 0.0099752 0.0584725 0.0620572 0.0680562 0.1005131 0.0570114 0.0079519 0.0000000 0.0615470 0.0727878 0.0079352 0.0108487 0.0075995 0.0926828 0.0648682 0.0671362 0.0954827 0.0774375 0.0104355 0.0698847 0.0670912 0.0655316 0.0641243 0.0698862 0.0794206 0.0769656 0.0607500 0.0942417 0.0104162 0.1000950 
Phalangeridae_Phalanger_orientalis           0.0305896 0.0632081 0.0425019 0.0454157 0.0410721 0.0594188 0.0073838 0.0046921 0.0433211 0.0878844 0.0020801 0.0522844 0.0615470 0.0000000 0.0479999 0.0530213 0.0603755 0.0570543 0.0856764 0.0441647 0.0424531 0.0821081 0.0624973 0.0555542 0.0470061 0.0503602 0.0380390 0.0412767 0.0426583 0.0540176 0.0545718 0.0007214 0.0841312 0.0572684 0.0879315 
Acrobatidae_Acrobates_pygmaeus               0.0448578 0.0700076 0.0541872 0.0524057 0.0507505 0.0709989 0.0383461 0.0496481 0.0532994 0.0993804 0.0439671 0.0586349 0.0727878 0.0479999 0.0000000 0.0589287 0.0714107 0.0668414 0.0931836 0.0551063 0.0434610 0.0862416 0.0699407 0.0648782 0.0535310 0.0577439 0.0431164 0.0517901 0.0469311 0.0605009 0.0348882 0.0489696 0.0926807 0.0648466 0.0989118 
Dasyuridae_Phascogale_calura                 0.0493718 0.0621092 0.0511287 0.0618837 0.0593373 0.0042935 0.0526975 0.0549278 0.0575041 0.0871501 0.0499038 0.0005734 0.0079352 0.0530213 0.0589287 0.0000000 0.0048339 0.0067682 0.0790926 0.0560957 0.0589791 0.0841179 0.0699472 0.0023859 0.0586432 0.0583091 0.0577293 0.0543384 0.0612239 0.0717756 0.0658658 0.0535285 0.0805879 0.0044325 0.0872753 
Dasyuridae_Sarcophilus_harrisii              0.0607167 0.0749531 0.0593175 0.0696943 0.0685167 0.0016164 0.0574759 0.0613533 0.0652292 0.0925186 0.0554341 0.0048402 0.0108487 0.0603755 0.0714107 0.0048339 0.0000000 0.0101598 0.0822224 0.0641853 0.0658327 0.0908794 0.0766445 0.0056358 0.0670165 0.0650243 0.0644055 0.0642164 0.0652950 0.0796222 0.0744200 0.0595841 0.0832857 0.0019828 0.0921064 
Dasyuridae_Planigale_tenuirostris            0.0531184 0.0697968 0.0552918 0.0644359 0.0616459 0.0105293 0.0525386 0.0570249 0.0627353 0.0922431 0.0532405 0.0067788 0.0075995 0.0570543 0.0668414 0.0067682 0.0101598 0.0000000 0.0818092 0.0579982 0.0608907 0.0914359 0.0737245 0.0078076 0.0646498 0.0646401 0.0616902 0.0586341 0.0624925 0.0759335 0.0712430 0.0571585 0.0868247 0.0094492 0.0922076 
Peramelidae_Echymipera_kalubu                0.0795953 0.0956169 0.0752039 0.0917545 0.0914947 0.0847385 0.0750248 0.0889316 0.0920827 0.0068497 0.0782159 0.0789029 0.0926828 0.0856764 0.0931836 0.0790926 0.0822224 0.0818092 0.0000000 0.0905902 0.0848664 0.1063508 0.0889042 0.0846152 0.0921601 0.0867726 0.0848400 0.0867790 0.0819864 0.1015957 0.0992103 0.0863674 0.0035517 0.0790543 0.0068586 
Macropodidae_Dorcopsulus_vanheurni           0.0414466 0.0713897 0.0487267 0.0103316 0.0091900 0.0633683 0.0402294 0.0480398 0.0097524 0.0953998 0.0414484 0.0567546 0.0648682 0.0441647 0.0551063 0.0560957 0.0641853 0.0579982 0.0905902 0.0000000 0.0482732 0.0892129 0.0724511 0.0598733 0.0308745 0.0576056 0.0493712 0.0016352 0.0507731 0.0585339 0.0584181 0.0455480 0.0902919 0.0618015 0.0949829 
Pseudochiridae_Pseudochirulus_forbesi        0.0447347 0.0677053 0.0484334 0.0496151 0.0492522 0.0662792 0.0402850 0.0477339 0.0470665 0.0894196 0.0383875 0.0592132 0.0671362 0.0424531 0.0434610 0.0589791 0.0658327 0.0608907 0.0848664 0.0482732 0.0000000 0.0878937 0.0709651 0.0615721 0.0537911 0.0570658 0.0183984 0.0463811 0.0061348 0.0511305 0.0525507 0.0425205 0.0843370 0.0652862 0.0890060 
Didelphidae_Didelphis_virginiana             0.0821054 0.0980346 0.0823366 0.0931696 0.0885706 0.0925152 0.0752385 0.0872368 0.0898148 0.1099034 0.0812720 0.0840730 0.0954827 0.0821081 0.0862416 0.0841179 0.0908794 0.0914359 0.1063508 0.0892129 0.0878937 0.0000000 0.0239251 0.0877412 0.0898123 0.0835646 0.0889079 0.0839194 0.0893069 0.0948117 0.0997279 0.0821850 0.1051674 0.0881887 0.1100097 
Marmosidae_Monodelphis_domestica             0.0604649 0.0783462 0.0633554 0.0764458 0.0725948 0.0771372 0.0572581 0.0668771 0.0730696 0.0910726 0.0598163 0.0695292 0.0774375 0.0624973 0.0699407 0.0699472 0.0766445 0.0737245 0.0889042 0.0724511 0.0709651 0.0239251 0.0000000 0.0695233 0.0751401 0.0668759 0.0688315 0.0690295 0.0697762 0.0744173 0.0782818 0.0626063 0.0869768 0.0757848 0.0916758 
Dasyuridae_Antechinus_stuartii               0.0513383 0.0688218 0.0523162 0.0655871 0.0643153 0.0051777 0.0532756 0.0564197 0.0611483 0.0917944 0.0527505 0.0023878 0.0104355 0.0555542 0.0648782 0.0023859 0.0056358 0.0078076 0.0846152 0.0598733 0.0615721 0.0877412 0.0695233 0.0000000 0.0611898 0.0623185 0.0593145 0.0586236 0.0627549 0.0751238 0.0705632 0.0556534 0.0854215 0.0053628 0.0923477 
Hypsiprymnodontidae_Hypsiprymnodon_moschatus 0.0431300 0.0698466 0.0511918 0.0294012 0.0281458 0.0662462 0.0412918 0.0505714 0.0330822 0.0917461 0.0439509 0.0583275 0.0698847 0.0470061 0.0535310 0.0586432 0.0670165 0.0646498 0.0921601 0.0308745 0.0537911 0.0898123 0.0751401 0.0611898 0.0000000 0.0546031 0.0497283 0.0254313 0.0536283 0.0652411 0.0613716 0.0479539 0.0887038 0.0642283 0.0913320 
Microbiotheriidae_Dromiciops_gliroides       0.0494132 0.0658257 0.0559155 0.0603093 0.0591800 0.0654334 0.0453810 0.0527168 0.0584004 0.0907525 0.0478187 0.0580389 0.0670912 0.0503602 0.0577439 0.0583091 0.0650243 0.0646401 0.0867726 0.0576056 0.0570658 0.0835646 0.0668759 0.0623185 0.0546031 0.0000000 0.0552201 0.0569276 0.0590702 0.0704783 0.0671061 0.0513911 0.0851064 0.0612007 0.0913469 
Pseudochiridae_Petauroides_volans            0.0406909 0.0699233 0.0473565 0.0477970 0.0469657 0.0634426 0.0355615 0.0428504 0.0465255 0.0904970 0.0347208 0.0579261 0.0655316 0.0380390 0.0431164 0.0577293 0.0644055 0.0616902 0.0848400 0.0493712 0.0183984 0.0889079 0.0688315 0.0593145 0.0497283 0.0552201 0.0000000 0.0483271 0.0170390 0.0510480 0.0505133 0.0385364 0.0841695 0.0621670 0.0900380 
Macropodidae_Wallabia_bicolor                0.0386140 0.0669909 0.0463914 0.0076917 0.0068699 0.0634688 0.0363448 0.0452311 0.0084121 0.0921381 0.0398074 0.0549392 0.0641243 0.0412767 0.0517901 0.0543384 0.0642164 0.0586341 0.0867790 0.0016352 0.0463811 0.0839194 0.0690295 0.0586236 0.0254313 0.0569276 0.0483271 0.0000000 0.0496625 0.0555927 0.0559757 0.0426532 0.0883476 0.0618625 0.0921443 
Pseudochiridae_Pseudocheirus_occidentalis    0.0418253 0.0679363 0.0490886 0.0542799 0.0530342 0.0657766 0.0373354 0.0476109 0.0511880 0.0886001 0.0393847 0.0614332 0.0698862 0.0426583 0.0469311 0.0612239 0.0652950 0.0624925 0.0819864 0.0507731 0.0061348 0.0893069 0.0697762 0.0627549 0.0536283 0.0590702 0.0170390 0.0496625 0.0000000 0.0544733 0.0532528 0.0427528 0.0804697 0.0651951 0.0881864 
Tarsipedidae_Tarsipes_rostratus              0.0567819 0.0865109 0.0636642 0.0603041 0.0584991 0.0796194 0.0526124 0.0620406 0.0597596 0.1022386 0.0498111 0.0724973 0.0794206 0.0540176 0.0605009 0.0717756 0.0796222 0.0759335 0.1015957 0.0585339 0.0511305 0.0948117 0.0744173 0.0751238 0.0652411 0.0704783 0.0510480 0.0555927 0.0544733 0.0000000 0.0664623 0.0549999 0.1005272 0.0765841 0.1017667 
Acrobatidae_Distoechurus_pennatus            0.0491130 0.0782731 0.0586800 0.0582565 0.0585556 0.0753838 0.0451891 0.0577595 0.0588356 0.1015608 0.0522982 0.0660984 0.0769656 0.0545718 0.0348882 0.0658658 0.0744200 0.0712430 0.0992103 0.0584181 0.0525507 0.0997279 0.0782818 0.0705632 0.0613716 0.0671061 0.0505133 0.0559757 0.0532528 0.0664623 0.0000000 0.0550809 0.0977452 0.0680731 0.1011353 
Phalangeridae_Phalanger_carmelitae           0.0315101 0.0633193 0.0426010 0.0463742 0.0420150 0.0586252 0.0078962 0.0051653 0.0451122 0.0885235 0.0023807 0.0523979 0.0607500 0.0007214 0.0489696 0.0535285 0.0595841 0.0571585 0.0863674 0.0455480 0.0425205 0.0821850 0.0626063 0.0556534 0.0479539 0.0513911 0.0385364 0.0426532 0.0427528 0.0549999 0.0550809 0.0000000 0.0843617 0.0564624 0.0880700 
Peramelidae_Peroryctes_raffrayana            0.0789850 0.0925994 0.0759183 0.0909464 0.0906837 0.0858236 0.0740374 0.0859400 0.0907397 0.0061408 0.0775713 0.0813575 0.0942417 0.0841312 0.0926807 0.0805879 0.0832857 0.0868247 0.0035517 0.0902919 0.0843370 0.1051674 0.0869768 0.0854215 0.0887038 0.0851064 0.0841695 0.0883476 0.0804697 0.1005272 0.0977452 0.0843617 0.0000000 0.0806009 0.0058034 
Dasyuridae_Dasyurus_geffroii                 0.0557602 0.0683042 0.0553523 0.0659896 0.0633852 0.0014522 0.0563151 0.0601478 0.0618981 0.0877320 0.0528125 0.0043002 0.0104162 0.0572684 0.0648466 0.0044325 0.0019828 0.0094492 0.0790543 0.0618015 0.0652862 0.0881887 0.0757848 0.0053628 0.0642283 0.0612007 0.0621670 0.0618625 0.0651951 0.0765841 0.0680731 0.0564624 0.0806009 0.0000000 0.0878592 
Peramelidae_Perameles_gunnii                 0.0862609 0.1003865 0.0823019 0.0987093 0.0979047 0.0941584 0.0772128 0.0903000 0.0979331 0.0003521 0.0796330 0.0885768 0.1000950 0.0879315 0.0989118 0.0872753 0.0921064 0.0922076 0.0068586 0.0949829 0.0890060 0.1100097 0.0916758 0.0923477 0.0913320 0.0913469 0.0900380 0.0921443 0.0881864 0.1017667 0.1011353 0.0880700 0.0058034 0.0878592 0.0000000 
