35
Burramyidae_Burramys_parvus                  0.0000000 0.0668744 0.0495704 0.0679109 0.0680235 0.0709915 0.0341060 0.0551497 0.0683966 0.0703198 0.0528416 0.0709056 0.0787962 0.0605127 0.0311993 0.0694332 0.0740866 0.0677580 0.0850201 0.0661801 0.0539284 0.0716513 0.0814658 0.0691033 0.0804924 0.0689761 0.0539227 0.0799797 0.0541518 0.0838195 0.0546408 0.0409263 0.0792426 0.0740573 0.0730894 
Notoryctidae_Notoryctes_typhlops             0.0668744 0.0000000 0.0946987 0.1129474 0.1170321 0.1047357 0.0808358 0.0942927 0.1133463 0.1029931 0.0874361 0.1021534 0.1080691 0.0992216 0.0735989 0.1022841 0.1051898 0.0997642 0.1270264 0.1073261 0.0873250 0.1008342 0.1160710 0.1025315 0.1190880 0.0948864 0.0886631 0.1203425 0.0843115 0.1142693 0.0940794 0.0821799 0.1036702 0.1076145 0.1044874 
Vombatidae_Lasiorhinus_latifrons             0.0495704 0.0946987 0.0000000 0.0537429 0.0529209 0.0611065 0.0482950 0.0432894 0.0555405 0.0566539 0.0435272 0.0620257 0.0671666 0.0501529 0.0402340 0.0605158 0.0635754 0.0588195 0.0704288 0.0533419 0.0423168 0.0639900 0.0764917 0.0597193 0.0674615 0.0556298 0.0393412 0.0646876 0.0385064 0.0592156 0.0467656 0.0520034 0.0577774 0.0635479 0.0614921 
Potoroidae_Bettongia_penicillata             0.0679109 0.1129474 0.0537429 0.0000000 0.0067891 0.0690035 0.0579642 0.0515990 0.0189025 0.0614114 0.0525805 0.0745290 0.0779601 0.0584396 0.0554773 0.0729378 0.0704690 0.0694519 0.0733601 0.0273537 0.0499580 0.0753341 0.0857846 0.0721487 0.0589644 0.0639691 0.0495438 0.0444763 0.0462281 0.0655287 0.0579426 0.0614904 0.0547133 0.0725133 0.0665433 
Potoroidae_Bettongia_lesueur                 0.0680235 0.1170321 0.0529209 0.0067891 0.0000000 0.0637047 0.0526098 0.0492877 0.0124460 0.0592040 0.0515095 0.0709192 0.0746514 0.0548633 0.0552882 0.0686342 0.0653217 0.0662458 0.0648507 0.0298747 0.0486132 0.0727917 0.0881593 0.0672040 0.0593610 0.0599236 0.0465264 0.0453093 0.0440881 0.0632893 0.0553653 0.0574124 0.0507848 0.0675906 0.0638859 
Dasyuridae_Dasyurus_maculatus                0.0709915 0.1047357 0.0611065 0.0690035 0.0637047 0.0000000 0.0687821 0.0645058 0.0726423 0.0660560 0.0610524 0.0169963 0.0210774 0.0690586 0.0622619 0.0153936 0.0067947 0.0162241 0.0796031 0.0695943 0.0567801 0.0756603 0.0838314 0.0146470 0.0818717 0.0674521 0.0563356 0.0838723 0.0510738 0.0795816 0.0627813 0.0762028 0.0608504 0.0041210 0.0706516 
Phalangeridae_Trichosurus_vulpecula          0.0341060 0.0808358 0.0482950 0.0579642 0.0526098 0.0687821 0.0000000 0.0160450 0.0540573 0.0555400 0.0108960 0.0668764 0.0708681 0.0196615 0.0396127 0.0644236 0.0694680 0.0652537 0.0715236 0.0547577 0.0459180 0.0595391 0.0725927 0.0646162 0.0632373 0.0655885 0.0431606 0.0702119 0.0394824 0.0713559 0.0485625 0.0190620 0.0619985 0.0713129 0.0608775 
Phalangeridae_Spilocuscus_maculatus          0.0551497 0.0942927 0.0432894 0.0515990 0.0492877 0.0645058 0.0160450 0.0000000 0.0523044 0.0525848 0.0093340 0.0666412 0.0677762 0.0137583 0.0394863 0.0650775 0.0655570 0.0610102 0.0694027 0.0532905 0.0419344 0.0671336 0.0843923 0.0636771 0.0670590 0.0568731 0.0401163 0.0657034 0.0359032 0.0551817 0.0468236 0.0138157 0.0541451 0.0685624 0.0598986 
Potoroidae_Aepyprymnus_rufescens             0.0683966 0.1133463 0.0555405 0.0189025 0.0124460 0.0726423 0.0540573 0.0523044 0.0000000 0.0633829 0.0509529 0.0750193 0.0788984 0.0577857 0.0565223 0.0729315 0.0741340 0.0702899 0.0662125 0.0288972 0.0521698 0.0775050 0.0851519 0.0726683 0.0583980 0.0648106 0.0499051 0.0342483 0.0510392 0.0721149 0.0583113 0.0630898 0.0638833 0.0762208 0.0670735 
Peramelidae_Perameles_nasuta                 0.0703198 0.1029931 0.0566539 0.0614114 0.0592040 0.0660560 0.0555400 0.0525848 0.0633829 0.0000000 0.0546266 0.0694211 0.0717652 0.0572857 0.0550843 0.0671162 0.0684367 0.0639327 0.0217778 0.0600384 0.0514473 0.0691956 0.0803143 0.0679525 0.0780061 0.0691554 0.0532960 0.0735506 0.0546142 0.0725133 0.0568700 0.0557490 0.0191506 0.0666411 0.0000010 
Phalangeridae_Strigocuscus_pelengensis       0.0528416 0.0874361 0.0435272 0.0525805 0.0515095 0.0610524 0.0108960 0.0093340 0.0509529 0.0546266 0.0000000 0.0631392 0.0643620 0.0116263 0.0347721 0.0615526 0.0615908 0.0566585 0.0697374 0.0499748 0.0389663 0.0646538 0.0799322 0.0591601 0.0604501 0.0582718 0.0372445 0.0607077 0.0336732 0.0546355 0.0417375 0.0100905 0.0560030 0.0646451 0.0595599 
Dasyuridae_Phascogale_tapoatafa              0.0709056 0.1021534 0.0620257 0.0745290 0.0709192 0.0169963 0.0668764 0.0666412 0.0750193 0.0694211 0.0631392 0.0000000 0.0201892 0.0730643 0.0628142 0.0022392 0.0210561 0.0144782 0.0805503 0.0715147 0.0590146 0.0788549 0.0869857 0.0075633 0.0843547 0.0683691 0.0606845 0.0848658 0.0540320 0.0828609 0.0647173 0.0755338 0.0658816 0.0198023 0.0747022 
Dasyuridae_Sminthopsis_macroura              0.0787962 0.1080691 0.0671666 0.0779601 0.0746514 0.0210774 0.0708681 0.0677762 0.0788984 0.0717652 0.0643620 0.0201892 0.0000000 0.0717738 0.0665414 0.0185666 0.0219203 0.0136309 0.0831686 0.0737085 0.0629939 0.0801914 0.0899121 0.0166224 0.0866099 0.0721346 0.0647611 0.0895078 0.0551601 0.0841335 0.0693240 0.0763664 0.0651099 0.0231066 0.0758395 
Phalangeridae_Phalanger_orientalis           0.0605127 0.0992216 0.0501529 0.0584396 0.0548633 0.0690586 0.0196615 0.0137583 0.0577857 0.0572857 0.0116263 0.0730643 0.0717738 0.0000000 0.0443203 0.0710653 0.0685383 0.0664007 0.0744831 0.0577540 0.0473131 0.0732140 0.0875313 0.0688137 0.0715435 0.0616803 0.0465921 0.0703291 0.0414489 0.0584077 0.0499021 0.0073355 0.0579205 0.0725451 0.0649503 
Acrobatidae_Acrobates_pygmaeus               0.0311993 0.0735989 0.0402340 0.0554773 0.0552882 0.0622619 0.0396127 0.0394863 0.0565223 0.0550843 0.0347721 0.0628142 0.0665414 0.0443203 0.0000000 0.0604342 0.0646338 0.0607543 0.0760889 0.0522768 0.0331185 0.0578445 0.0684095 0.0594517 0.0605715 0.0596118 0.0322595 0.0712863 0.0298584 0.0534242 0.0324800 0.0456245 0.0573087 0.0645958 0.0582634 
Dasyuridae_Phascogale_calura                 0.0694332 0.1022841 0.0605158 0.0729378 0.0686342 0.0153936 0.0644236 0.0650775 0.0729315 0.0671162 0.0615526 0.0022392 0.0185666 0.0710653 0.0604342 0.0000000 0.0194228 0.0127814 0.0781582 0.0694767 0.0571048 0.0760968 0.0842662 0.0060288 0.0832318 0.0667986 0.0582459 0.0831073 0.0510871 0.0797242 0.0627407 0.0736351 0.0630383 0.0181807 0.0726238 
Dasyuridae_Sarcophilus_harrisii              0.0740866 0.1051898 0.0635754 0.0704690 0.0653217 0.0067947 0.0694680 0.0655570 0.0741340 0.0684367 0.0615908 0.0210561 0.0219203 0.0685383 0.0646338 0.0194228 0.0000000 0.0179956 0.0812779 0.0706068 0.0572954 0.0772329 0.0848874 0.0174695 0.0839434 0.0685545 0.0583208 0.0854085 0.0517742 0.0788202 0.0672117 0.0762255 0.0616688 0.0087103 0.0721617 
Dasyuridae_Planigale_tenuirostris            0.0677580 0.0997642 0.0588195 0.0694519 0.0662458 0.0162241 0.0652537 0.0610102 0.0702899 0.0639327 0.0566585 0.0144782 0.0136309 0.0664007 0.0607543 0.0127814 0.0179956 0.0000000 0.0773918 0.0657678 0.0536694 0.0741669 0.0828450 0.0123673 0.0800033 0.0627806 0.0537062 0.0812633 0.0472209 0.0789512 0.0623797 0.0735100 0.0601741 0.0192620 0.0696204 
Peramelidae_Echymipera_kalubu                0.0850201 0.1270264 0.0704288 0.0733601 0.0648507 0.0796031 0.0715236 0.0694027 0.0662125 0.0217778 0.0697374 0.0805503 0.0831686 0.0744831 0.0760889 0.0781582 0.0812779 0.0773918 0.0000000 0.0743419 0.0614681 0.0784434 0.0941208 0.0796077 0.0911019 0.0792791 0.0636332 0.0840150 0.0642139 0.0876956 0.0712934 0.0808286 0.0219111 0.0824987 0.0223026 
Macropodidae_Dorcopsulus_vanheurni           0.0661801 0.1073261 0.0533419 0.0273537 0.0298747 0.0695943 0.0547577 0.0532905 0.0288972 0.0600384 0.0499748 0.0715147 0.0737085 0.0577540 0.0522768 0.0694767 0.0706068 0.0657678 0.0743419 0.0000000 0.0492105 0.0761385 0.0811987 0.0701650 0.0581905 0.0622600 0.0488510 0.0347282 0.0420649 0.0585540 0.0580597 0.0605600 0.0510654 0.0736100 0.0654169 
Pseudochiridae_Pseudochirulus_forbesi        0.0539284 0.0873250 0.0423168 0.0499580 0.0486132 0.0567801 0.0459180 0.0419344 0.0521698 0.0514473 0.0389663 0.0590146 0.0629939 0.0473131 0.0331185 0.0571048 0.0572954 0.0536694 0.0614681 0.0492105 0.0000000 0.0621907 0.0731440 0.0553688 0.0602198 0.0534653 0.0181614 0.0622455 0.0110836 0.0504620 0.0376478 0.0503125 0.0512476 0.0601769 0.0541527 
Didelphidae_Didelphis_virginiana             0.0716513 0.1008342 0.0639900 0.0753341 0.0727917 0.0756603 0.0595391 0.0671336 0.0775050 0.0691956 0.0646538 0.0788549 0.0801914 0.0732140 0.0578445 0.0760968 0.0772329 0.0741669 0.0784434 0.0761385 0.0621907 0.0000000 0.0390698 0.0762292 0.0906136 0.0654997 0.0588359 0.0908818 0.0600171 0.0877107 0.0690178 0.0696047 0.0756391 0.0811138 0.0689981 
Marmosidae_Monodelphis_domestica             0.0814658 0.1160710 0.0764917 0.0857846 0.0881593 0.0838314 0.0725927 0.0843923 0.0851519 0.0803143 0.0799322 0.0869857 0.0899121 0.0875313 0.0684095 0.0842662 0.0848874 0.0828450 0.0941208 0.0811987 0.0731440 0.0390698 0.0000000 0.0844800 0.0966359 0.0782827 0.0720092 0.0948169 0.0661766 0.0942224 0.0842370 0.0789446 0.0771074 0.0880723 0.0870249 
Dasyuridae_Antechinus_stuartii               0.0691033 0.1025315 0.0597193 0.0721487 0.0672040 0.0146470 0.0646162 0.0636771 0.0726683 0.0679525 0.0591601 0.0075633 0.0166224 0.0688137 0.0594517 0.0060288 0.0174695 0.0123673 0.0796077 0.0701650 0.0553688 0.0762292 0.0844800 0.0000000 0.0819668 0.0648372 0.0568794 0.0833883 0.0494454 0.0782417 0.0629584 0.0714095 0.0646012 0.0166384 0.0722814 
Hypsiprymnodontidae_Hypsiprymnodon_moschatus 0.0804924 0.1190880 0.0674615 0.0589644 0.0593610 0.0818717 0.0632373 0.0670590 0.0583980 0.0780061 0.0604501 0.0843547 0.0866099 0.0715435 0.0605715 0.0832318 0.0839434 0.0800033 0.0911019 0.0581905 0.0602198 0.0906136 0.0966359 0.0819668 0.0000000 0.0703942 0.0616618 0.0629928 0.0631526 0.0871017 0.0726790 0.0713306 0.0836356 0.0844481 0.0800558 
Microbiotheriidae_Dromiciops_gliroides       0.0689761 0.0948864 0.0556298 0.0639691 0.0599236 0.0674521 0.0655885 0.0568731 0.0648106 0.0691554 0.0582718 0.0683691 0.0721346 0.0616803 0.0596118 0.0667986 0.0685545 0.0627806 0.0792791 0.0622600 0.0534653 0.0654997 0.0782827 0.0648372 0.0703942 0.0000000 0.0546541 0.0742496 0.0501006 0.0734886 0.0610686 0.0658768 0.0683269 0.0711788 0.0718002 
Pseudochiridae_Petauroides_volans            0.0539227 0.0886631 0.0393412 0.0495438 0.0465264 0.0563356 0.0431606 0.0401163 0.0499051 0.0532960 0.0372445 0.0606845 0.0647611 0.0465921 0.0322595 0.0582459 0.0583208 0.0537062 0.0636332 0.0488510 0.0181614 0.0588359 0.0720092 0.0568794 0.0616618 0.0546541 0.0000000 0.0592487 0.0188109 0.0487463 0.0369801 0.0514850 0.0523947 0.0611938 0.0561827 
Macropodidae_Wallabia_bicolor                0.0799797 0.1203425 0.0646876 0.0444763 0.0453093 0.0838723 0.0702119 0.0657034 0.0342483 0.0735506 0.0607077 0.0848658 0.0895078 0.0703291 0.0712863 0.0831073 0.0854085 0.0812633 0.0840150 0.0347282 0.0622455 0.0908818 0.0948169 0.0833883 0.0629928 0.0742496 0.0592487 0.0000000 0.0580920 0.0773108 0.0701433 0.0777860 0.0793257 0.0870965 0.0768853 
Pseudochiridae_Pseudocheirus_occidentalis    0.0541518 0.0843115 0.0385064 0.0462281 0.0440881 0.0510738 0.0394824 0.0359032 0.0510392 0.0546142 0.0336732 0.0540320 0.0551601 0.0414489 0.0298584 0.0510871 0.0517742 0.0472209 0.0642139 0.0420649 0.0110836 0.0600171 0.0661766 0.0494454 0.0631526 0.0501006 0.0188109 0.0580920 0.0000000 0.0500524 0.0351939 0.0432189 0.0562618 0.0528703 0.0565130 
Tarsipedidae_Tarsipes_rostratus              0.0838195 0.1142693 0.0592156 0.0655287 0.0632893 0.0795816 0.0713559 0.0551817 0.0721149 0.0725133 0.0546355 0.0828609 0.0841335 0.0584077 0.0534242 0.0797242 0.0788202 0.0789512 0.0876956 0.0585540 0.0504620 0.0877107 0.0942224 0.0782417 0.0871017 0.0734886 0.0487463 0.0773108 0.0500524 0.0000000 0.0518011 0.0667819 0.0803645 0.0811993 0.0741665 
Acrobatidae_Distoechurus_pennatus            0.0546408 0.0940794 0.0467656 0.0579426 0.0553653 0.0627813 0.0485625 0.0468236 0.0583113 0.0568700 0.0417375 0.0647173 0.0693240 0.0499021 0.0324800 0.0627407 0.0672117 0.0623797 0.0712934 0.0580597 0.0376478 0.0690178 0.0842370 0.0629584 0.0726790 0.0610686 0.0369801 0.0701433 0.0351939 0.0518011 0.0000000 0.0527870 0.0581959 0.0651756 0.0602180 
Phalangeridae_Phalanger_carmelitae           0.0409263 0.0821799 0.0520034 0.0614904 0.0574124 0.0762028 0.0190620 0.0138157 0.0630898 0.0557490 0.0100905 0.0755338 0.0763664 0.0073355 0.0456245 0.0736351 0.0762255 0.0735100 0.0808286 0.0605600 0.0503125 0.0696047 0.0789446 0.0714095 0.0713306 0.0658768 0.0514850 0.0777860 0.0432189 0.0667819 0.0527870 0.0000000 0.0619013 0.0786244 0.0667880 
Peramelidae_Peroryctes_raffrayana            0.0792426 0.1036702 0.0577774 0.0547133 0.0507848 0.0608504 0.0619985 0.0541451 0.0638833 0.0191506 0.0560030 0.0658816 0.0651099 0.0579205 0.0573087 0.0630383 0.0616688 0.0601741 0.0219111 0.0510654 0.0512476 0.0756391 0.0771074 0.0646012 0.0836356 0.0683269 0.0523947 0.0793257 0.0562618 0.0803645 0.0581959 0.0619013 0.0000000 0.0637935 0.0194369 
Dasyuridae_Dasyurus_geffroii                 0.0740573 0.1076145 0.0635479 0.0725133 0.0675906 0.0041210 0.0713129 0.0685624 0.0762208 0.0666411 0.0646451 0.0198023 0.0231066 0.0725451 0.0645958 0.0181807 0.0087103 0.0192620 0.0824987 0.0736100 0.0601769 0.0811138 0.0880723 0.0166384 0.0844481 0.0711788 0.0611938 0.0870965 0.0528703 0.0811993 0.0651756 0.0786244 0.0637935 0.0000000 0.0721331 
Peramelidae_Perameles_gunnii                 0.0730894 0.1044874 0.0614921 0.0665433 0.0638859 0.0706516 0.0608775 0.0598986 0.0670735 0.0000010 0.0595599 0.0747022 0.0758395 0.0649503 0.0582634 0.0726238 0.0721617 0.0696204 0.0223026 0.0654169 0.0541527 0.0689981 0.0870249 0.0722814 0.0800558 0.0718002 0.0561827 0.0768853 0.0565130 0.0741665 0.0602180 0.0667880 0.0194369 0.0721331 0.0000000 
