35
Burramyidae_Burramys_parvus                  0.0000000 0.0602372 0.0483424 0.0462347 0.0458941 0.0680575 0.0388894 0.0422102 0.0528995 0.0570386 0.0422582 0.0731502 0.0725582 0.0411902 0.0460572 0.0728028 0.0702096 0.0641972 0.0589014 0.0484834 0.0481037 0.0729108 0.0739442 0.0722499 0.0450294 0.0540427 0.0501929 0.0469975 0.0489631 0.0594903 0.0507899 0.0408161 0.0562197 0.0717009 0.0591111 
Notoryctidae_Notoryctes_typhlops             0.0602372 0.0000000 0.0572390 0.0601147 0.0609402 0.0653658 0.0545539 0.0579339 0.0668232 0.0544848 0.0563692 0.0687780 0.0706167 0.0567376 0.0579783 0.0682512 0.0673658 0.0668245 0.0573228 0.0629452 0.0628913 0.0704883 0.0686966 0.0696894 0.0562930 0.0535636 0.0612596 0.0650318 0.0616728 0.0716082 0.0494029 0.0555967 0.0539783 0.0697252 0.0563729 
Vombatidae_Lasiorhinus_latifrons             0.0483424 0.0572390 0.0000000 0.0460420 0.0466364 0.0628926 0.0400302 0.0418361 0.0536919 0.0507777 0.0421662 0.0661807 0.0636674 0.0442843 0.0445323 0.0652599 0.0629249 0.0609829 0.0536460 0.0489982 0.0478818 0.0667538 0.0645591 0.0657493 0.0442653 0.0483851 0.0462887 0.0499997 0.0431603 0.0591530 0.0529589 0.0424693 0.0491093 0.0647641 0.0522335 
Potoroidae_Bettongia_penicillata             0.0462347 0.0601147 0.0460420 0.0000000 0.0024326 0.0668166 0.0372521 0.0398068 0.0198656 0.0497212 0.0411303 0.0710944 0.0708009 0.0418200 0.0414380 0.0694768 0.0700228 0.0646217 0.0538286 0.0192115 0.0432922 0.0675315 0.0676127 0.0707658 0.0224464 0.0473093 0.0420350 0.0249196 0.0382623 0.0585189 0.0373660 0.0404634 0.0487991 0.0717376 0.0516373 
Potoroidae_Bettongia_lesueur                 0.0458941 0.0609402 0.0466364 0.0024326 0.0000000 0.0665681 0.0368563 0.0391986 0.0172622 0.0509744 0.0406767 0.0703051 0.0703398 0.0399344 0.0439640 0.0694217 0.0696200 0.0645033 0.0544490 0.0177539 0.0460762 0.0704641 0.0703885 0.0694233 0.0238883 0.0504078 0.0443977 0.0230842 0.0413909 0.0611055 0.0368498 0.0395234 0.0507276 0.0710797 0.0525992 
Dasyuridae_Dasyurus_maculatus                0.0680575 0.0653658 0.0628926 0.0668166 0.0665681 0.0000000 0.0546731 0.0568466 0.0746768 0.0682516 0.0580116 0.0170582 0.0170387 0.0580680 0.0607538 0.0165753 0.0037510 0.0180527 0.0652725 0.0689764 0.0704938 0.0742650 0.0731619 0.0159185 0.0589422 0.0557993 0.0698782 0.0704183 0.0682497 0.0687724 0.0406516 0.0554401 0.0650092 0.0037285 0.0690482 
Phalangeridae_Trichosurus_vulpecula          0.0388894 0.0545539 0.0400302 0.0372521 0.0368563 0.0546731 0.0000000 0.0135003 0.0437127 0.0464927 0.0139449 0.0567342 0.0573134 0.0134246 0.0402879 0.0553946 0.0570816 0.0536896 0.0481596 0.0384681 0.0417681 0.0643044 0.0631317 0.0565993 0.0331651 0.0404677 0.0403650 0.0407308 0.0395257 0.0522995 0.0331852 0.0122812 0.0459717 0.0580068 0.0482014 
Phalangeridae_Spilocuscus_maculatus          0.0422102 0.0579339 0.0418361 0.0398068 0.0391986 0.0568466 0.0135003 0.0000000 0.0467119 0.0513686 0.0100606 0.0620080 0.0582629 0.0100151 0.0423095 0.0616792 0.0604580 0.0575769 0.0519394 0.0413839 0.0468439 0.0646359 0.0651758 0.0613387 0.0354249 0.0445730 0.0452051 0.0436968 0.0426782 0.0549351 0.0400321 0.0080350 0.0492452 0.0613049 0.0530495 
Potoroidae_Aepyprymnus_rufescens             0.0528995 0.0668232 0.0536919 0.0198656 0.0172622 0.0746768 0.0437127 0.0467119 0.0000000 0.0575048 0.0474667 0.0769416 0.0769810 0.0474087 0.0496843 0.0754115 0.0765365 0.0719126 0.0606499 0.0257231 0.0513616 0.0775091 0.0781488 0.0757792 0.0332175 0.0558910 0.0508462 0.0185111 0.0485855 0.0679278 0.0484611 0.0469727 0.0573612 0.0780221 0.0595100 
Peramelidae_Perameles_nasuta                 0.0570386 0.0544848 0.0507777 0.0497212 0.0509744 0.0682516 0.0464927 0.0513686 0.0575048 0.0000000 0.0494781 0.0686325 0.0656016 0.0504622 0.0517201 0.0674551 0.0679201 0.0650838 0.0093562 0.0534309 0.0570864 0.0668412 0.0665532 0.0670245 0.0509059 0.0485149 0.0549591 0.0539193 0.0547444 0.0690215 0.0387446 0.0496040 0.0084944 0.0701527 0.0012826 
Phalangeridae_Strigocuscus_pelengensis       0.0422582 0.0563692 0.0421662 0.0411303 0.0406767 0.0580116 0.0139449 0.0100606 0.0474667 0.0494781 0.0000000 0.0612761 0.0578220 0.0076365 0.0421257 0.0607030 0.0605867 0.0558652 0.0499279 0.0415396 0.0441386 0.0637731 0.0613212 0.0616332 0.0355617 0.0433991 0.0431939 0.0431802 0.0418098 0.0539589 0.0342827 0.0061122 0.0467096 0.0614974 0.0494525 
Dasyuridae_Phascogale_tapoatafa              0.0731502 0.0687780 0.0661807 0.0710944 0.0703051 0.0170582 0.0567342 0.0620080 0.0769416 0.0686325 0.0612761 0.0000000 0.0200682 0.0617026 0.0647228 0.0031178 0.0162916 0.0177476 0.0649950 0.0715913 0.0721720 0.0757824 0.0741094 0.0084516 0.0611763 0.0600012 0.0712521 0.0745644 0.0671340 0.0707604 0.0513839 0.0603744 0.0647694 0.0175783 0.0692826 
Dasyuridae_Sminthopsis_macroura              0.0725582 0.0706167 0.0636674 0.0708009 0.0703398 0.0170387 0.0573134 0.0582629 0.0769810 0.0656016 0.0578220 0.0200682 0.0000000 0.0604071 0.0618533 0.0189590 0.0171747 0.0158142 0.0651158 0.0710643 0.0724534 0.0756994 0.0764987 0.0217978 0.0593886 0.0595411 0.0688343 0.0730896 0.0665185 0.0703198 0.0509597 0.0585594 0.0637989 0.0189070 0.0674343 
Phalangeridae_Phalanger_orientalis           0.0411902 0.0567376 0.0442843 0.0418200 0.0399344 0.0580680 0.0134246 0.0100151 0.0474087 0.0504622 0.0076365 0.0617026 0.0604071 0.0000000 0.0438626 0.0611048 0.0615532 0.0579248 0.0516417 0.0423679 0.0452613 0.0661814 0.0649099 0.0612762 0.0356832 0.0460709 0.0449617 0.0441416 0.0430394 0.0551573 0.0387518 0.0018675 0.0489623 0.0624597 0.0517105 
Acrobatidae_Acrobates_pygmaeus               0.0460572 0.0579783 0.0445323 0.0414380 0.0439640 0.0607538 0.0402879 0.0423095 0.0496843 0.0517201 0.0421257 0.0647228 0.0618533 0.0438626 0.0000000 0.0638909 0.0624720 0.0599034 0.0524881 0.0473184 0.0421218 0.0679993 0.0676372 0.0649067 0.0439746 0.0481467 0.0386820 0.0469102 0.0393256 0.0535363 0.0230252 0.0417066 0.0514954 0.0636345 0.0523905 
Dasyuridae_Phascogale_calura                 0.0728028 0.0682512 0.0652599 0.0694768 0.0694217 0.0165753 0.0553946 0.0616792 0.0754115 0.0674551 0.0607030 0.0031178 0.0189590 0.0611048 0.0638909 0.0000000 0.0151959 0.0163109 0.0642127 0.0706919 0.0713228 0.0757772 0.0738303 0.0069554 0.0614351 0.0600272 0.0698514 0.0735583 0.0674193 0.0713021 0.0508144 0.0598089 0.0644946 0.0164805 0.0679012 
Dasyuridae_Sarcophilus_harrisii              0.0702096 0.0673658 0.0629249 0.0700228 0.0696200 0.0037510 0.0570816 0.0604580 0.0765365 0.0679201 0.0605867 0.0162916 0.0171747 0.0615532 0.0624720 0.0151959 0.0000000 0.0166050 0.0655153 0.0720080 0.0710011 0.0754311 0.0737931 0.0172993 0.0619160 0.0607322 0.0695349 0.0732660 0.0664546 0.0704007 0.0461979 0.0596921 0.0646815 0.0046004 0.0692291 
Dasyuridae_Planigale_tenuirostris            0.0641972 0.0668245 0.0609829 0.0646217 0.0645033 0.0180527 0.0536896 0.0575769 0.0719126 0.0650838 0.0558652 0.0177476 0.0158142 0.0579248 0.0599034 0.0163109 0.0166050 0.0000000 0.0636562 0.0680158 0.0636776 0.0737202 0.0741129 0.0199408 0.0582118 0.0588935 0.0641543 0.0674525 0.0620036 0.0672547 0.0526687 0.0564356 0.0634515 0.0187113 0.0652593 
Peramelidae_Echymipera_kalubu                0.0589014 0.0573228 0.0536460 0.0538286 0.0544490 0.0652725 0.0481596 0.0519394 0.0606499 0.0093562 0.0499279 0.0649950 0.0651158 0.0516417 0.0524881 0.0642127 0.0655153 0.0636562 0.0000000 0.0567819 0.0576285 0.0654914 0.0656551 0.0646959 0.0518486 0.0487629 0.0566664 0.0566664 0.0551223 0.0698673 0.0394604 0.0509143 0.0064352 0.0674993 0.0101420 
Macropodidae_Dorcopsulus_vanheurni           0.0484834 0.0629452 0.0489982 0.0192115 0.0177539 0.0689764 0.0384681 0.0413839 0.0257231 0.0534309 0.0415396 0.0715913 0.0710643 0.0423679 0.0473184 0.0706919 0.0720080 0.0680158 0.0567819 0.0000000 0.0496926 0.0721578 0.0716820 0.0717418 0.0241832 0.0493882 0.0469576 0.0191083 0.0445081 0.0624202 0.0475665 0.0409745 0.0529839 0.0726851 0.0550502 
Pseudochiridae_Pseudochirulus_forbesi        0.0481037 0.0628913 0.0478818 0.0432922 0.0460762 0.0704938 0.0417681 0.0468439 0.0513616 0.0570864 0.0441386 0.0721720 0.0724534 0.0452613 0.0421218 0.0713228 0.0710011 0.0636776 0.0576285 0.0496926 0.0000000 0.0698558 0.0725939 0.0730712 0.0456724 0.0511766 0.0280526 0.0478374 0.0176024 0.0528488 0.0394185 0.0453860 0.0551540 0.0725111 0.0585559 
Didelphidae_Didelphis_virginiana             0.0729108 0.0704883 0.0667538 0.0675315 0.0704641 0.0742650 0.0643044 0.0646359 0.0775091 0.0668412 0.0637731 0.0757824 0.0756994 0.0661814 0.0679993 0.0757772 0.0754311 0.0737202 0.0654914 0.0721578 0.0698558 0.0000000 0.0245154 0.0783661 0.0660496 0.0639562 0.0711454 0.0708627 0.0644983 0.0824483 0.0616308 0.0647827 0.0639652 0.0786077 0.0660764 
Marmosidae_Monodelphis_domestica             0.0739442 0.0686966 0.0645591 0.0676127 0.0703885 0.0731619 0.0631317 0.0651758 0.0781488 0.0665532 0.0613212 0.0741094 0.0764987 0.0649099 0.0676372 0.0738303 0.0737931 0.0741129 0.0656551 0.0716820 0.0725939 0.0245154 0.0000000 0.0758557 0.0661352 0.0627644 0.0704745 0.0736890 0.0671844 0.0806820 0.0576593 0.0632883 0.0630696 0.0780490 0.0666135 
Dasyuridae_Antechinus_stuartii               0.0722499 0.0696894 0.0657493 0.0707658 0.0694233 0.0159185 0.0565993 0.0613387 0.0757792 0.0670245 0.0616332 0.0084516 0.0217978 0.0612762 0.0649067 0.0069554 0.0172993 0.0199408 0.0646959 0.0717418 0.0730712 0.0783661 0.0758557 0.0000000 0.0609200 0.0598527 0.0703683 0.0750002 0.0673733 0.0713849 0.0569019 0.0597263 0.0645299 0.0181490 0.0684168 
Hypsiprymnodontidae_Hypsiprymnodon_moschatus 0.0450294 0.0562930 0.0442653 0.0224464 0.0238883 0.0589422 0.0331651 0.0354249 0.0332175 0.0509059 0.0355617 0.0611763 0.0593886 0.0356832 0.0439746 0.0614351 0.0619160 0.0582118 0.0518486 0.0241832 0.0456724 0.0660496 0.0661352 0.0609200 0.0000000 0.0462518 0.0442563 0.0285707 0.0449118 0.0585010 0.0279664 0.0336513 0.0513936 0.0619323 0.0519443 
Microbiotheriidae_Dromiciops_gliroides       0.0540427 0.0535636 0.0483851 0.0473093 0.0504078 0.0557993 0.0404677 0.0445730 0.0558910 0.0485149 0.0433991 0.0600012 0.0595411 0.0460709 0.0481467 0.0600272 0.0607322 0.0588935 0.0487629 0.0493882 0.0511766 0.0639562 0.0627644 0.0598527 0.0462518 0.0000000 0.0495107 0.0511680 0.0483742 0.0588704 0.0381085 0.0441417 0.0479991 0.0613971 0.0490313 
Pseudochiridae_Petauroides_volans            0.0501929 0.0612596 0.0462887 0.0420350 0.0443977 0.0698782 0.0403650 0.0452051 0.0508462 0.0549591 0.0431939 0.0712521 0.0688343 0.0449617 0.0386820 0.0698514 0.0695349 0.0641543 0.0566664 0.0469576 0.0280526 0.0711454 0.0704745 0.0703683 0.0442563 0.0495107 0.0000000 0.0470628 0.0258359 0.0491050 0.0357141 0.0435382 0.0551177 0.0704594 0.0560126 
Macropodidae_Wallabia_bicolor                0.0469975 0.0650318 0.0499997 0.0249196 0.0230842 0.0704183 0.0407308 0.0436968 0.0185111 0.0539193 0.0431802 0.0745644 0.0730896 0.0441416 0.0469102 0.0735583 0.0732660 0.0674525 0.0566664 0.0191083 0.0478374 0.0708627 0.0736890 0.0750002 0.0285707 0.0511680 0.0470628 0.0000000 0.0463674 0.0635893 0.0493367 0.0425542 0.0525402 0.0745143 0.0552380 
Pseudochiridae_Pseudocheirus_occidentalis    0.0489631 0.0616728 0.0431603 0.0382623 0.0413909 0.0682497 0.0395257 0.0426782 0.0485855 0.0547444 0.0418098 0.0671340 0.0665185 0.0430394 0.0393256 0.0674193 0.0664546 0.0620036 0.0551223 0.0445081 0.0176024 0.0644983 0.0671844 0.0673733 0.0449118 0.0483742 0.0258359 0.0463674 0.0000000 0.0491347 0.0343278 0.0418222 0.0535581 0.0690165 0.0555389 
Tarsipedidae_Tarsipes_rostratus              0.0594903 0.0716082 0.0591530 0.0585189 0.0611055 0.0687724 0.0522995 0.0549351 0.0679278 0.0690215 0.0539589 0.0707604 0.0703198 0.0551573 0.0535363 0.0713021 0.0704007 0.0672547 0.0698673 0.0624202 0.0528488 0.0824483 0.0806820 0.0713849 0.0585010 0.0588704 0.0491050 0.0635893 0.0491347 0.0000000 0.0376442 0.0541040 0.0681572 0.0715583 0.0693996 
Acrobatidae_Distoechurus_pennatus            0.0507899 0.0494029 0.0529589 0.0373660 0.0368498 0.0406516 0.0331852 0.0400321 0.0484611 0.0387446 0.0342827 0.0513839 0.0509597 0.0387518 0.0230252 0.0508144 0.0461979 0.0526687 0.0394604 0.0475665 0.0394185 0.0616308 0.0576593 0.0569019 0.0279664 0.0381085 0.0357141 0.0493367 0.0343278 0.0376442 0.0000000 0.0384860 0.0366641 0.0464269 0.0409466 
Phalangeridae_Phalanger_carmelitae           0.0408161 0.0555967 0.0424693 0.0404634 0.0395234 0.0554401 0.0122812 0.0080350 0.0469727 0.0496040 0.0061122 0.0603744 0.0585594 0.0018675 0.0417066 0.0598089 0.0596921 0.0564356 0.0509143 0.0409745 0.0453860 0.0647827 0.0632883 0.0597263 0.0336513 0.0441417 0.0435382 0.0425542 0.0418222 0.0541040 0.0384860 0.0000000 0.0478204 0.0605935 0.0509817 
Peramelidae_Peroryctes_raffrayana            0.0562197 0.0539783 0.0491093 0.0487991 0.0507276 0.0650092 0.0459717 0.0492452 0.0573612 0.0084944 0.0467096 0.0647694 0.0637989 0.0489623 0.0514954 0.0644946 0.0646815 0.0634515 0.0064352 0.0529839 0.0551540 0.0639652 0.0630696 0.0645299 0.0513936 0.0479991 0.0551177 0.0525402 0.0535581 0.0681572 0.0366641 0.0478204 0.0000000 0.0671957 0.0094081 
Dasyuridae_Dasyurus_geffroii                 0.0717009 0.0697252 0.0647641 0.0717376 0.0710797 0.0037285 0.0580068 0.0613049 0.0780221 0.0701527 0.0614974 0.0175783 0.0189070 0.0624597 0.0636345 0.0164805 0.0046004 0.0187113 0.0674993 0.0726851 0.0725111 0.0786077 0.0780490 0.0181490 0.0619323 0.0613971 0.0704594 0.0745143 0.0690165 0.0715583 0.0464269 0.0605935 0.0671957 0.0000000 0.0709857 
Peramelidae_Perameles_gunnii                 0.0591111 0.0563729 0.0522335 0.0516373 0.0525992 0.0690482 0.0482014 0.0530495 0.0595100 0.0012826 0.0494525 0.0692826 0.0674343 0.0517105 0.0523905 0.0679012 0.0692291 0.0652593 0.0101420 0.0550502 0.0585559 0.0660764 0.0666135 0.0684168 0.0519443 0.0490313 0.0560126 0.0552380 0.0555389 0.0693996 0.0409466 0.0509817 0.0094081 0.0709857 0.0000000 
