35
Burramyidae_Burramys_parvus                  0.0000000 0.0961755 0.0689310 0.0774626 0.0760603 0.1095953 0.0698086 0.0634399 0.0747225 0.1017428 0.0717170 0.1123720 0.1132915 0.0619591 0.0716529 0.1106553 0.1053252 0.1084580 0.0967201 0.0681891 0.0735790 0.1327020 0.1680376 0.1110746 0.0709832 0.0789859 0.0671550 0.0661795 0.0717728 0.0756936 0.0701907 0.0669161 0.1030435 0.1063747 0.1015410 
Notoryctidae_Notoryctes_typhlops             0.0961755 0.0000000 0.1042981 0.1180175 0.1184128 0.1391328 0.1208879 0.1121851 0.1202930 0.1185457 0.1227541 0.1386433 0.1396732 0.1106206 0.1193221 0.1403026 0.1350215 0.1338703 0.1148252 0.1139751 0.1249462 0.1498322 0.1977656 0.1375736 0.1129776 0.1085312 0.1232725 0.1107294 0.1225127 0.1265790 0.1255574 0.1179481 0.1194025 0.1362931 0.1204910 
Vombatidae_Lasiorhinus_latifrons             0.0689310 0.1042981 0.0000000 0.0836365 0.0838950 0.1213574 0.0843465 0.0741293 0.0842872 0.1055251 0.0854602 0.1169917 0.1213498 0.0762814 0.0828535 0.1166661 0.1169287 0.1149297 0.1043196 0.0762926 0.0858839 0.1375536 0.1762338 0.1186937 0.0795629 0.0899377 0.0825054 0.0776788 0.0797164 0.0927783 0.0926705 0.0818893 0.1093497 0.1207354 0.1051214 
Potoroidae_Bettongia_penicillata             0.0774626 0.1180175 0.0836365 0.0000000 0.0066884 0.1338138 0.0881290 0.0788645 0.0174310 0.1176032 0.0896115 0.1332662 0.1276442 0.0785732 0.0840046 0.1311837 0.1269327 0.1289100 0.1188109 0.0304994 0.0833970 0.1542852 0.1838962 0.1289818 0.0528743 0.1073162 0.0790821 0.0312084 0.0805840 0.0907495 0.0886511 0.0846681 0.1187807 0.1314363 0.1191522 
Potoroidae_Bettongia_lesueur                 0.0760603 0.1184128 0.0838950 0.0066884 0.0000000 0.1350633 0.0867763 0.0773546 0.0164836 0.1192013 0.0882053 0.1345072 0.1288587 0.0769977 0.0831222 0.1310861 0.1281276 0.1308665 0.1183835 0.0289722 0.0830300 0.1546655 0.1845368 0.1295036 0.0528518 0.1063648 0.0787016 0.0297464 0.0794892 0.0898736 0.0870509 0.0831513 0.1219466 0.1326657 0.1199409 
Dasyuridae_Dasyurus_maculatus                0.1095953 0.1391328 0.1213574 0.1338138 0.1350633 0.0000000 0.1360723 0.1233395 0.1336479 0.1387865 0.1353474 0.0318682 0.0454812 0.1244222 0.1289944 0.0328020 0.0067942 0.0406305 0.1398192 0.1289129 0.1248741 0.1661462 0.1913374 0.0335653 0.1309460 0.1282269 0.1263592 0.1293997 0.1242968 0.1425014 0.1309843 0.1292892 0.1459257 0.0062759 0.1394386 
Phalangeridae_Trichosurus_vulpecula          0.0698086 0.1208879 0.0843465 0.0881290 0.0867763 0.1360723 0.0000000 0.0415783 0.0883841 0.1181854 0.0375336 0.1383604 0.1387156 0.0423329 0.0835601 0.1356986 0.1322405 0.1333815 0.1175348 0.0777794 0.0817905 0.1541313 0.1823848 0.1383328 0.0825137 0.1045522 0.0773364 0.0785345 0.0800202 0.0977034 0.0883824 0.0322975 0.1258031 0.1334753 0.1181041 
Phalangeridae_Spilocuscus_maculatus          0.0634399 0.1121851 0.0741293 0.0788645 0.0773546 0.1233395 0.0415783 0.0000000 0.0800542 0.1054653 0.0323545 0.1247980 0.1263799 0.0141114 0.0754083 0.1214707 0.1197011 0.1218767 0.1077451 0.0674794 0.0791177 0.1394400 0.1617776 0.1240843 0.0754133 0.0987933 0.0758952 0.0703103 0.0717450 0.0879915 0.0803127 0.0274481 0.1112501 0.1208365 0.1088147 
Potoroidae_Aepyprymnus_rufescens             0.0747225 0.1202930 0.0842872 0.0174310 0.0164836 0.1336479 0.0883841 0.0800542 0.0000000 0.1183231 0.0890161 0.1356857 0.1300999 0.0797663 0.0821048 0.1336020 0.1267615 0.1308404 0.1183518 0.0289743 0.0838440 0.1537259 0.1803748 0.1313197 0.0550541 0.1076343 0.0774639 0.0302554 0.0770143 0.0916946 0.0872642 0.0847326 0.1195749 0.1312686 0.1211581 
Peramelidae_Perameles_nasuta                 0.1017428 0.1185457 0.1055251 0.1176032 0.1192013 0.1387865 0.1181854 0.1054653 0.1183231 0.0000000 0.1177219 0.1356543 0.1376870 0.1010946 0.1129784 0.1375704 0.1329610 0.1346314 0.0188260 0.1144361 0.1237529 0.1447810 0.1890652 0.1410268 0.1175868 0.1115032 0.1157343 0.1144012 0.1195589 0.1203075 0.1193233 0.1131179 0.0222541 0.1373620 0.0020991 
Phalangeridae_Strigocuscus_pelengensis       0.0717170 0.1227541 0.0854602 0.0896115 0.0882053 0.1353474 0.0375336 0.0323545 0.0890161 0.1177219 0.0000000 0.1377579 0.1412052 0.0314454 0.0821091 0.1340919 0.1321838 0.1345841 0.1173348 0.0745005 0.0888382 0.1529244 0.1706361 0.1377296 0.0839243 0.1057901 0.0839421 0.0790314 0.0805551 0.0997694 0.0894697 0.0153677 0.1229153 0.1327479 0.1187209 
Dasyuridae_Phascogale_tapoatafa              0.1123720 0.1386433 0.1169917 0.1332662 0.1345072 0.0318682 0.1383604 0.1247980 0.1356857 0.1356543 0.1377579 0.0000000 0.0409702 0.1258888 0.1306618 0.0053286 0.0264734 0.0396941 0.1343183 0.1349024 0.1295124 0.1636740 0.1881275 0.0154325 0.1328369 0.1265901 0.1302374 0.1329148 0.1264227 0.1414813 0.1342583 0.1327810 0.1388779 0.0312288 0.1372714 
Dasyuridae_Sminthopsis_macroura              0.1132915 0.1396732 0.1213498 0.1276442 0.1288587 0.0454812 0.1387156 0.1263799 0.1300999 0.1376870 0.1412052 0.0409702 0.0000000 0.1283383 0.1258076 0.0394995 0.0413696 0.0327167 0.1428757 0.1298755 0.1281439 0.1650563 0.1962048 0.0401363 0.1267557 0.1252987 0.1281906 0.1256524 0.1262162 0.1327012 0.1329398 0.1360301 0.1406258 0.0448213 0.1391411 
Phalangeridae_Phalanger_orientalis           0.0619591 0.1106206 0.0762814 0.0785732 0.0769977 0.1244222 0.0423329 0.0141114 0.0797663 0.1010946 0.0314454 0.1258888 0.1283383 0.0000000 0.0782326 0.1225449 0.1200437 0.1213572 0.1058556 0.0675817 0.0799136 0.1377720 0.1630658 0.1251607 0.0756712 0.0971691 0.0767237 0.0716934 0.0725160 0.0908574 0.0787563 0.0207576 0.1062317 0.1219070 0.1053926 
Acrobatidae_Acrobates_pygmaeus               0.0716529 0.1193221 0.0828535 0.0840046 0.0831222 0.1289944 0.0835601 0.0754083 0.0821048 0.1129784 0.0821091 0.1306618 0.1258076 0.0782326 0.0000000 0.1291051 0.1251289 0.1269447 0.1122441 0.0681462 0.0708748 0.1456916 0.1672902 0.1324892 0.0761643 0.1014800 0.0674342 0.0718752 0.0682173 0.0785864 0.0465883 0.0830762 0.1162928 0.1256464 0.1163856 
Dasyuridae_Phascogale_calura                 0.1106553 0.1403026 0.1166661 0.1311837 0.1310861 0.0328020 0.1356986 0.1214707 0.1336020 0.1375704 0.1340919 0.0053286 0.0394995 0.1225449 0.1291051 0.0000000 0.0280002 0.0390892 0.1377588 0.1322423 0.1292072 0.1642568 0.1860653 0.0148760 0.1323711 0.1261501 0.1292250 0.1318080 0.1259762 0.1397335 0.1325356 0.1293789 0.1422320 0.0321598 0.1389666 
Dasyuridae_Sarcophilus_harrisii              0.1053252 0.1350215 0.1169287 0.1269327 0.1281276 0.0067942 0.1322405 0.1197011 0.1267615 0.1329610 0.1321838 0.0264734 0.0413696 0.1200437 0.1251289 0.0280002 0.0000000 0.0361046 0.1352403 0.1241001 0.1204796 0.1612499 0.1876133 0.0303085 0.1270800 0.1244610 0.1224917 0.1248683 0.1193695 0.1377874 0.1279312 0.1255569 0.1401709 0.0072549 0.1348559 
Dasyuridae_Planigale_tenuirostris            0.1084580 0.1338703 0.1149297 0.1289100 0.1308665 0.0406305 0.1333815 0.1218767 0.1308404 0.1346314 0.1345841 0.0396941 0.0327167 0.1213572 0.1269447 0.0390892 0.0361046 0.0000000 0.1358002 0.1261735 0.1269545 0.1630680 0.1906585 0.0389561 0.1275050 0.1215137 0.1287084 0.1266049 0.1261461 0.1354424 0.1315954 0.1289112 0.1417916 0.0400418 0.1357449 
Peramelidae_Echymipera_kalubu                0.0967201 0.1148252 0.1043196 0.1188109 0.1183835 0.1398192 0.1175348 0.1077451 0.1183518 0.0188260 0.1173348 0.1343183 0.1428757 0.1058556 0.1122441 0.1377588 0.1352403 0.1358002 0.0000000 0.1127480 0.1186554 0.1405359 0.1821482 0.1425720 0.1152432 0.1090051 0.1121133 0.1091314 0.1139651 0.1228951 0.1197217 0.1136824 0.0154384 0.1379669 0.0217484 
Macropodidae_Dorcopsulus_vanheurni           0.0681891 0.1139751 0.0762926 0.0304994 0.0289722 0.1289129 0.0777794 0.0674794 0.0289743 0.1144361 0.0745005 0.1349024 0.1298755 0.0675817 0.0681462 0.1322423 0.1241001 0.1261735 0.1127480 0.0000000 0.0782875 0.1491566 0.1654409 0.1303591 0.0469739 0.0987294 0.0714214 0.0095769 0.0717337 0.0833951 0.0750360 0.0720561 0.1177869 0.1254009 0.1151633 
Pseudochiridae_Pseudochirulus_forbesi        0.0735790 0.1249462 0.0858839 0.0833970 0.0830300 0.1248741 0.0817905 0.0791177 0.0838440 0.1237529 0.0888382 0.1295124 0.1281439 0.0799136 0.0708748 0.1292072 0.1204796 0.1269545 0.1186554 0.0782875 0.0000000 0.1501593 0.1833823 0.1301434 0.0775017 0.1072329 0.0410608 0.0783640 0.0226799 0.0713125 0.0727333 0.0835325 0.1256365 0.1227670 0.1228161 
Didelphidae_Didelphis_virginiana             0.1327020 0.1498322 0.1375536 0.1542852 0.1546655 0.1661462 0.1541313 0.1394400 0.1537259 0.1447810 0.1529244 0.1636740 0.1650563 0.1377720 0.1456916 0.1642568 0.1612499 0.1630680 0.1405359 0.1491566 0.1501593 0.0000000 0.0966108 0.1684442 0.1483689 0.1349110 0.1558653 0.1475118 0.1544244 0.1629400 0.1564668 0.1458112 0.1412807 0.1651501 0.1444111 
Marmosidae_Monodelphis_domestica             0.1680376 0.1977656 0.1762338 0.1838962 0.1845368 0.1913374 0.1823848 0.1617776 0.1803748 0.1890652 0.1706361 0.1881275 0.1962048 0.1630658 0.1672902 0.1860653 0.1876133 0.1906585 0.1821482 0.1654409 0.1833823 0.0966108 0.0000000 0.1927811 0.1720253 0.1733054 0.1916677 0.1660833 0.1869346 0.1880322 0.1822745 0.1643348 0.2033683 0.1904243 0.1813593 
Dasyuridae_Antechinus_stuartii               0.1110746 0.1375736 0.1186937 0.1289818 0.1295036 0.0335653 0.1383328 0.1240843 0.1313197 0.1410268 0.1377296 0.0154325 0.0401363 0.1251607 0.1324892 0.0148760 0.0303085 0.0389561 0.1425720 0.1303591 0.1301434 0.1684442 0.1927811 0.0000000 0.1299778 0.1270130 0.1301735 0.1298651 0.1271393 0.1390181 0.1333560 0.1326248 0.1446384 0.0340836 0.1421756 
Hypsiprymnodontidae_Hypsiprymnodon_moschatus 0.0709832 0.1129776 0.0795629 0.0528743 0.0528518 0.1309460 0.0825137 0.0754133 0.0550541 0.1175868 0.0839243 0.1328369 0.1267557 0.0756712 0.0761643 0.1323711 0.1270800 0.1275050 0.1152432 0.0469739 0.0775017 0.1483689 0.1720253 0.1299778 0.0000000 0.0995035 0.0738804 0.0448710 0.0772017 0.0835571 0.0829995 0.0806551 0.1170622 0.1268465 0.1179961 
Microbiotheriidae_Dromiciops_gliroides       0.0789859 0.1085312 0.0899377 0.1073162 0.1063648 0.1282269 0.1045522 0.0987933 0.1076343 0.1115032 0.1057901 0.1265901 0.1252987 0.0971691 0.1014800 0.1261501 0.1244610 0.1215137 0.1090051 0.0987294 0.1072329 0.1349110 0.1733054 0.1270130 0.0995035 0.0000000 0.1066197 0.0983660 0.1113299 0.1174359 0.1077898 0.1014961 0.1154317 0.1252209 0.1124273 
Pseudochiridae_Petauroides_volans            0.0671550 0.1232725 0.0825054 0.0790821 0.0787016 0.1263592 0.0773364 0.0758952 0.0774639 0.1157343 0.0839421 0.1302374 0.1281906 0.0767237 0.0674342 0.1292250 0.1224917 0.1287084 0.1121133 0.0714214 0.0410608 0.1558653 0.1916677 0.1301735 0.0738804 0.1066197 0.0000000 0.0727250 0.0382288 0.0680054 0.0706448 0.0775714 0.1193005 0.1230000 0.1179138 
Macropodidae_Wallabia_bicolor                0.0661795 0.1107294 0.0776788 0.0312084 0.0297464 0.1293997 0.0785345 0.0703103 0.0302554 0.1144012 0.0790314 0.1329148 0.1256524 0.0716934 0.0718752 0.1318080 0.1248683 0.1266049 0.1091314 0.0095769 0.0783640 0.1475118 0.1660833 0.1298651 0.0448710 0.0983660 0.0727250 0.0000000 0.0724036 0.0837136 0.0780787 0.0753588 0.1155310 0.1260403 0.1130448 
Pseudochiridae_Pseudocheirus_occidentalis    0.0717728 0.1225127 0.0797164 0.0805840 0.0794892 0.1242968 0.0800202 0.0717450 0.0770143 0.1195589 0.0805551 0.1264227 0.1262162 0.0725160 0.0682173 0.1259762 0.1193695 0.1261461 0.1139651 0.0717337 0.0226799 0.1544244 0.1869346 0.1271393 0.0772017 0.1113299 0.0382288 0.0724036 0.0000000 0.0684035 0.0698939 0.0780222 0.1244206 0.1219821 0.1192588 
Tarsipedidae_Tarsipes_rostratus              0.0756936 0.1265790 0.0927783 0.0907495 0.0898736 0.1425014 0.0977034 0.0879915 0.0916946 0.1203075 0.0997694 0.1414813 0.1327012 0.0908574 0.0785864 0.1397335 0.1377874 0.1354424 0.1228951 0.0833951 0.0713125 0.1629400 0.1880322 0.1390181 0.0835571 0.1174359 0.0680054 0.0837136 0.0684035 0.0000000 0.0819737 0.0969018 0.1210817 0.1402729 0.1244709 
Acrobatidae_Distoechurus_pennatus            0.0701907 0.1255574 0.0926705 0.0886511 0.0870509 0.1309843 0.0883824 0.0803127 0.0872642 0.1193233 0.0894697 0.1342583 0.1329398 0.0787563 0.0465883 0.1325356 0.1279312 0.1315954 0.1197217 0.0750360 0.0727333 0.1564668 0.1822745 0.1333560 0.0829995 0.1077898 0.0706448 0.0780787 0.0698939 0.0819737 0.0000000 0.0843618 0.1235512 0.1280217 0.1212698 
Phalangeridae_Phalanger_carmelitae           0.0669161 0.1179481 0.0818893 0.0846681 0.0831513 0.1292892 0.0322975 0.0274481 0.0847326 0.1131179 0.0153677 0.1327810 0.1360301 0.0207576 0.0830762 0.1293789 0.1255569 0.1289112 0.1136824 0.0720561 0.0835325 0.1458112 0.1643348 0.1326248 0.0806551 0.1014961 0.0775714 0.0753588 0.0780222 0.0969018 0.0843618 0.0000000 0.1183400 0.1267395 0.1150485 
Peramelidae_Peroryctes_raffrayana            0.1030435 0.1194025 0.1093497 0.1187807 0.1219466 0.1459257 0.1258031 0.1112501 0.1195749 0.0222541 0.1229153 0.1388779 0.1406258 0.1062317 0.1162928 0.1422320 0.1401709 0.1417916 0.0154384 0.1177869 0.1256365 0.1412807 0.2033683 0.1446384 0.1170622 0.1154317 0.1193005 0.1155310 0.1244206 0.1210817 0.1235512 0.1183400 0.0000000 0.1442982 0.0247515 
Dasyuridae_Dasyurus_geffroii                 0.1063747 0.1362931 0.1207354 0.1314363 0.1326657 0.0062759 0.1334753 0.1208365 0.1312686 0.1373620 0.1327479 0.0312288 0.0448213 0.1219070 0.1256464 0.0321598 0.0072549 0.0400418 0.1379669 0.1254009 0.1227670 0.1651501 0.1904243 0.0340836 0.1268465 0.1252209 0.1230000 0.1260403 0.1219821 0.1402729 0.1280217 0.1267395 0.1442982 0.0000000 0.1388192 
Peramelidae_Perameles_gunnii                 0.1015410 0.1204910 0.1051214 0.1191522 0.1199409 0.1394386 0.1181041 0.1088147 0.1211581 0.0020991 0.1187209 0.1372714 0.1391411 0.1053926 0.1163856 0.1389666 0.1348559 0.1357449 0.0217484 0.1151633 0.1228161 0.1444111 0.1813593 0.1421756 0.1179961 0.1124273 0.1179138 0.1130448 0.1192588 0.1244709 0.1212698 0.1150485 0.0247515 0.1388192 0.0000000 
