35
Burramyidae_Burramys_parvus                  0.0000000 0.3096831 0.2581502 0.2486857 0.2686646 0.2912183 0.2248600 0.2163361 0.2560789 0.2117141 0.2135559 0.2878002 0.2958236 0.2214111 0.2424733 0.3113441 0.2989490 0.2954447 0.3084577 0.2621379 0.2554791 0.3473716 0.2692488 0.3901013 0.2477746 0.2919006 0.2429955 0.2469628 0.2519081 0.3531092 0.2308308 0.2242414 0.3833376 0.3011432 0.2049534 
Notoryctidae_Notoryctes_typhlops             0.3096831 0.0000000 0.1259991 0.1375096 0.1489644 0.1251625 0.1150970 0.1113887 0.1388671 0.2100811 0.1099263 0.1247460 0.1264887 0.1202948 0.1402493 0.1028611 0.1285093 0.1183274 0.1937890 0.1406611 0.1326519 0.1671017 0.1628582 0.1045919 0.1377083 0.1571562 0.1246132 0.1355759 0.1198349 0.1857949 0.1367867 0.1194809 0.1764544 0.1337601 0.2072590 
Vombatidae_Lasiorhinus_latifrons             0.2581502 0.1259991 0.0000000 0.1012937 0.1174181 0.1233844 0.0911759 0.0939219 0.1050869 0.1894841 0.0958037 0.1145711 0.1235731 0.1062565 0.0953615 0.0952160 0.1280096 0.1154918 0.1677766 0.1055429 0.1017986 0.1538731 0.1395185 0.1046439 0.1031659 0.1416674 0.0924096 0.1017781 0.0934519 0.1473242 0.0957309 0.1053531 0.1627871 0.1283754 0.1869592 
Potoroidae_Bettongia_penicillata             0.2486857 0.1375096 0.1012937 0.0000000 0.0194559 0.1409270 0.0899090 0.0892785 0.0186164 0.2100378 0.0926534 0.1320408 0.1374328 0.1014720 0.0939035 0.1001325 0.1415047 0.1204006 0.1775212 0.0309376 0.1094861 0.1593131 0.1494285 0.1165257 0.0520248 0.1674756 0.0962858 0.0293412 0.0943945 0.1587949 0.0896414 0.0988611 0.1704132 0.1423096 0.2074584 
Potoroidae_Bettongia_lesueur                 0.2686646 0.1489644 0.1174181 0.0194559 0.0000000 0.1591892 0.1073760 0.1045142 0.0178117 0.2348356 0.1084595 0.1525175 0.1586555 0.1188810 0.1095129 0.1213103 0.1611438 0.1417119 0.2000921 0.0318645 0.1265168 0.1738136 0.1676722 0.1396367 0.0646388 0.1889138 0.1117946 0.0308460 0.1084457 0.1795708 0.1058800 0.1161345 0.1826910 0.1621730 0.2328440 
Dasyuridae_Dasyurus_maculatus                0.2912183 0.1251625 0.1233844 0.1409270 0.1591892 0.0000000 0.1201148 0.1202742 0.1429282 0.1996429 0.1228834 0.0170709 0.0266288 0.1358440 0.1346533 0.0140435 0.0074410 0.0194953 0.1848944 0.1458414 0.1327144 0.1577700 0.1475524 0.0144531 0.1412178 0.1464190 0.1180777 0.1359698 0.1219842 0.1818617 0.1181423 0.1329194 0.1695523 0.0082762 0.1988324 
Phalangeridae_Trichosurus_vulpecula          0.2248600 0.1150970 0.0911759 0.0899090 0.1073760 0.1201148 0.0000000 0.0332233 0.0938631 0.1873831 0.0337387 0.1121050 0.1191093 0.0397541 0.0808297 0.0832279 0.1213403 0.1048587 0.1618215 0.0928870 0.0971356 0.1527436 0.1371867 0.0985923 0.0833962 0.1512783 0.0773863 0.0842255 0.0801544 0.1444599 0.0823481 0.0391854 0.1618746 0.1209073 0.1822744 
Phalangeridae_Spilocuscus_maculatus          0.2163361 0.1113887 0.0939219 0.0892785 0.1045142 0.1202742 0.0332233 0.0000000 0.0893668 0.1834487 0.0114997 0.1121324 0.1204209 0.0190552 0.0782818 0.0813830 0.1191582 0.1093990 0.1585400 0.0874769 0.0944511 0.1415924 0.1270954 0.1053411 0.0828799 0.1417548 0.0742431 0.0810967 0.0854529 0.1416558 0.0768235 0.0169026 0.1539630 0.1210863 0.1798164 
Potoroidae_Aepyprymnus_rufescens             0.2560789 0.1388671 0.1050869 0.0186164 0.0178117 0.1429282 0.0938631 0.0893668 0.0000000 0.2105389 0.0964923 0.1368571 0.1423170 0.1023263 0.0979788 0.1066928 0.1433828 0.1276231 0.1831876 0.0266699 0.1122713 0.1618184 0.1572835 0.1257664 0.0563939 0.1712975 0.0992987 0.0248026 0.0962664 0.1624235 0.0947169 0.0997427 0.1674080 0.1485997 0.2094788 
Peramelidae_Perameles_nasuta                 0.2117141 0.2100811 0.1894841 0.2100378 0.2348356 0.1996429 0.1873831 0.1834487 0.2105389 0.0000000 0.1888770 0.1952224 0.1931227 0.1967025 0.1961585 0.1583218 0.2015577 0.1827416 0.0242770 0.2174056 0.1923614 0.2213823 0.1973691 0.1537932 0.2098759 0.1858278 0.1794551 0.2131138 0.1805789 0.2648287 0.1841560 0.1987428 0.0253135 0.2060631 0.0004519 
Phalangeridae_Strigocuscus_pelengensis       0.2135559 0.1099263 0.0958037 0.0926534 0.1084595 0.1228834 0.0337387 0.0114997 0.0964923 0.1888770 0.0000000 0.1162816 0.1234052 0.0201818 0.0811055 0.0878192 0.1210593 0.1109925 0.1649545 0.0948016 0.0958558 0.1415621 0.1281106 0.1045354 0.0875387 0.1392937 0.0802195 0.0863104 0.0846902 0.1432393 0.0828819 0.0188370 0.1640391 0.1238837 0.1850843 
Dasyuridae_Phascogale_tapoatafa              0.2878002 0.1247460 0.1145711 0.1320408 0.1525175 0.0170709 0.1121050 0.1121324 0.1368571 0.1952224 0.1162816 0.0000000 0.0211495 0.1273523 0.1262205 0.0038072 0.0170569 0.0177779 0.1765007 0.1424678 0.1284618 0.1559342 0.1459012 0.0092117 0.1311824 0.1415757 0.1120649 0.1327765 0.1175133 0.1745056 0.1116231 0.1244305 0.1632084 0.0198799 0.1946695 
Dasyuridae_Sminthopsis_macroura              0.2958236 0.1264887 0.1235731 0.1374328 0.1586555 0.0266288 0.1191093 0.1204209 0.1423170 0.1931227 0.1234052 0.0211495 0.0000000 0.1328371 0.1332739 0.0175759 0.0266208 0.0194125 0.1799033 0.1468579 0.1365190 0.1579537 0.1434695 0.0200290 0.1392995 0.1460961 0.1222851 0.1363517 0.1253488 0.1809367 0.1178137 0.1320727 0.1648536 0.0277398 0.1916606 
Phalangeridae_Phalanger_orientalis           0.2214111 0.1202948 0.1062565 0.1014720 0.1188810 0.1358440 0.0397541 0.0190552 0.1023263 0.1967025 0.0201818 0.1273523 0.1328371 0.0000000 0.0924276 0.0961918 0.1339592 0.1252816 0.1690247 0.1017214 0.1054761 0.1474467 0.1375581 0.1119007 0.0955962 0.1549571 0.0860940 0.0936888 0.0912151 0.1522290 0.0941525 0.0089404 0.1718484 0.1358106 0.1923939 
Acrobatidae_Acrobates_pygmaeus               0.2424733 0.1402493 0.0953615 0.0939035 0.1095129 0.1346533 0.0808297 0.0782818 0.0979788 0.1961585 0.0811055 0.1262205 0.1332739 0.0924276 0.0000000 0.0921151 0.1365669 0.1217429 0.1767070 0.0971982 0.0870261 0.1538085 0.1405201 0.1192516 0.0897711 0.1590339 0.0761959 0.0899105 0.0735208 0.1493106 0.0491619 0.0897223 0.1679887 0.1371231 0.1949368 
Dasyuridae_Phascogale_calura                 0.3113441 0.1028611 0.0952160 0.1001325 0.1213103 0.0140435 0.0832279 0.0813830 0.1066928 0.1583218 0.0878192 0.0038072 0.0175759 0.0961918 0.0921151 0.0000000 0.0140270 0.0154719 0.1444020 0.1115573 0.1110083 0.1224174 0.1112166 0.0050213 0.1029379 0.1252741 0.0926181 0.1049612 0.0945233 0.1534511 0.0858329 0.0940489 0.1318901 0.0159213 0.1595902 
Dasyuridae_Sarcophilus_harrisii              0.2989490 0.1285093 0.1280096 0.1415047 0.1611438 0.0074410 0.1213403 0.1191582 0.1433828 0.2015577 0.1210593 0.0170569 0.0266208 0.1339592 0.1365669 0.0140270 0.0000000 0.0205476 0.1853091 0.1487528 0.1360408 0.1580244 0.1505855 0.0165206 0.1422162 0.1546877 0.1207492 0.1407796 0.1253707 0.1823837 0.1207485 0.1317296 0.1709471 0.0111709 0.2006305 
Dasyuridae_Planigale_tenuirostris            0.2954447 0.1183274 0.1154918 0.1204006 0.1417119 0.0194953 0.1048587 0.1093990 0.1276231 0.1827416 0.1109925 0.0177779 0.0194125 0.1252816 0.1217429 0.0154719 0.0205476 0.0000000 0.1678657 0.1276681 0.1254539 0.1495760 0.1312132 0.0136266 0.1227922 0.1424868 0.1098507 0.1211234 0.1120107 0.1738478 0.1060884 0.1226718 0.1532732 0.0211866 0.1804057 
Peramelidae_Echymipera_kalubu                0.3084577 0.1937890 0.1677766 0.1775212 0.2000921 0.1848944 0.1618215 0.1585400 0.1831876 0.0242770 0.1649545 0.1765007 0.1799033 0.1690247 0.1767070 0.1444020 0.1853091 0.1678657 0.0000000 0.1890475 0.1805688 0.1954268 0.1727644 0.1394660 0.1779587 0.2023603 0.1628551 0.1820652 0.1626845 0.2350524 0.1707973 0.1652198 0.0226523 0.1854927 0.0252884 
Macropodidae_Dorcopsulus_vanheurni           0.2621379 0.1406611 0.1055429 0.0309376 0.0318645 0.1458414 0.0928870 0.0874769 0.0266699 0.2174056 0.0948016 0.1424678 0.1468579 0.1017214 0.0971982 0.1115573 0.1487528 0.1276681 0.1890475 0.0000000 0.1181689 0.1674939 0.1689722 0.1356771 0.0564051 0.1728518 0.0969657 0.0090203 0.0994051 0.1682701 0.0909355 0.0989420 0.1709444 0.1500009 0.2183530 
Pseudochiridae_Pseudochirulus_forbesi        0.2554791 0.1326519 0.1017986 0.1094861 0.1265168 0.1327144 0.0971356 0.0944511 0.1122713 0.1923614 0.0958558 0.1284618 0.1365190 0.1054761 0.0870261 0.1110083 0.1360408 0.1254539 0.1805688 0.1181689 0.0000000 0.1663745 0.1555292 0.1227124 0.1027668 0.1585207 0.0590685 0.1095853 0.0324023 0.1436384 0.0850406 0.1070775 0.1710631 0.1372515 0.1887997 
Didelphidae_Didelphis_virginiana             0.3473716 0.1671017 0.1538731 0.1593131 0.1738136 0.1577700 0.1527436 0.1415924 0.1618184 0.2213823 0.1415621 0.1559342 0.1579537 0.1474467 0.1538085 0.1224174 0.1580244 0.1495760 0.1954268 0.1674939 0.1663745 0.0000000 0.0559058 0.1241792 0.1580534 0.1863275 0.1519984 0.1653647 0.1486298 0.2176436 0.1541446 0.1457486 0.1805621 0.1604551 0.2201214 
Marmosidae_Monodelphis_domestica             0.2692488 0.1628582 0.1395185 0.1494285 0.1676722 0.1475524 0.1371867 0.1270954 0.1572835 0.1973691 0.1281106 0.1459012 0.1434695 0.1375581 0.1405201 0.1112166 0.1505855 0.1312132 0.1727644 0.1689722 0.1555292 0.0559058 0.0000000 0.1362404 0.1487468 0.1709894 0.1364793 0.1564328 0.1410936 0.2082928 0.1378982 0.1350541 0.1746577 0.1489860 0.1870201 
Dasyuridae_Antechinus_stuartii               0.3901013 0.1045919 0.1046439 0.1165257 0.1396367 0.0144531 0.0985923 0.1053411 0.1257664 0.1537932 0.1045354 0.0092117 0.0200290 0.1119007 0.1192516 0.0050213 0.0165206 0.0136266 0.1394660 0.1356771 0.1227124 0.1241792 0.1362404 0.0000000 0.1107847 0.1460391 0.0997678 0.1271957 0.1082610 0.1371090 0.1024649 0.1090348 0.1242323 0.0165640 0.1534538 
Hypsiprymnodontidae_Hypsiprymnodon_moschatus 0.2477746 0.1377083 0.1031659 0.0520248 0.0646388 0.1412178 0.0833962 0.0828799 0.0563939 0.2098759 0.0875387 0.1311824 0.1392995 0.0955962 0.0897711 0.1029379 0.1422162 0.1227922 0.1779587 0.0564051 0.1027668 0.1580534 0.1487468 0.1107847 0.0000000 0.1638697 0.0872637 0.0502866 0.0841277 0.1529862 0.0854524 0.0956615 0.1786382 0.1441345 0.2009287 
Microbiotheriidae_Dromiciops_gliroides       0.2919006 0.1571562 0.1416674 0.1674756 0.1889138 0.1464190 0.1512783 0.1417548 0.1712975 0.1858278 0.1392937 0.1415757 0.1460961 0.1549571 0.1590339 0.1252741 0.1546877 0.1424868 0.2023603 0.1728518 0.1585207 0.1863275 0.1709894 0.1460391 0.1638697 0.0000000 0.1416610 0.1672723 0.1460786 0.2309485 0.1513933 0.1541863 0.2071223 0.1537856 0.1834720 
Pseudochiridae_Petauroides_volans            0.2429955 0.1246132 0.0924096 0.0962858 0.1117946 0.1180777 0.0773863 0.0742431 0.0992987 0.1794551 0.0802195 0.1120649 0.1222851 0.0860940 0.0761959 0.0926181 0.1207492 0.1098507 0.1628551 0.0969657 0.0590685 0.1519984 0.1364793 0.0997678 0.0872637 0.1416610 0.0000000 0.0927399 0.0476385 0.1307713 0.0760957 0.0868833 0.1476201 0.1211000 0.1788302 
Macropodidae_Wallabia_bicolor                0.2469628 0.1355759 0.1017781 0.0293412 0.0308460 0.1359698 0.0842255 0.0810967 0.0248026 0.2131138 0.0863104 0.1327765 0.1363517 0.0936888 0.0899105 0.1049612 0.1407796 0.1211234 0.1820652 0.0090203 0.1095853 0.1653647 0.1564328 0.1271957 0.0502866 0.1672723 0.0927399 0.0000000 0.0890629 0.1584004 0.0858240 0.0911548 0.1658904 0.1414535 0.2071316 
Pseudochiridae_Pseudocheirus_occidentalis    0.2519081 0.1198349 0.0934519 0.0943945 0.1084457 0.1219842 0.0801544 0.0854529 0.0962664 0.1805789 0.0846902 0.1175133 0.1253488 0.0912151 0.0735208 0.0945233 0.1253707 0.1120107 0.1626845 0.0994051 0.0324023 0.1486298 0.1410936 0.1082610 0.0841277 0.1460786 0.0476385 0.0890629 0.0000000 0.1281289 0.0781278 0.0922131 0.1535358 0.1271104 0.1746891 
Tarsipedidae_Tarsipes_rostratus              0.3531092 0.1857949 0.1473242 0.1587949 0.1795708 0.1818617 0.1444599 0.1416558 0.1624235 0.2648287 0.1432393 0.1745056 0.1809367 0.1522290 0.1493106 0.1534511 0.1823837 0.1738478 0.2350524 0.1682701 0.1436384 0.2176436 0.2082928 0.1371090 0.1529862 0.2309485 0.1307713 0.1584004 0.1281289 0.0000000 0.1410429 0.1514798 0.2086210 0.1821952 0.2574280 
Acrobatidae_Distoechurus_pennatus            0.2308308 0.1367867 0.0957309 0.0896414 0.1058800 0.1181423 0.0823481 0.0768235 0.0947169 0.1841560 0.0828819 0.1116231 0.1178137 0.0941525 0.0491619 0.0858329 0.1207485 0.1060884 0.1707973 0.0909355 0.0850406 0.1541446 0.1378982 0.1024649 0.0854524 0.1513933 0.0760957 0.0858240 0.0781278 0.1410429 0.0000000 0.0928369 0.1579833 0.1218984 0.1850451 
Phalangeridae_Phalanger_carmelitae           0.2242414 0.1194809 0.1053531 0.0988611 0.1161345 0.1329194 0.0391854 0.0169026 0.0997427 0.1987428 0.0188370 0.1244305 0.1320727 0.0089404 0.0897223 0.0940489 0.1317296 0.1226718 0.1652198 0.0989420 0.1070775 0.1457486 0.1350541 0.1090348 0.0956615 0.1541863 0.0868833 0.0911548 0.0922131 0.1514798 0.0928369 0.0000000 0.1701214 0.1334349 0.1942654 
Peramelidae_Peroryctes_raffrayana            0.3833376 0.1764544 0.1627871 0.1704132 0.1826910 0.1695523 0.1618746 0.1539630 0.1674080 0.0253135 0.1640391 0.1632084 0.1648536 0.1718484 0.1679887 0.1318901 0.1709471 0.1532732 0.0226523 0.1709444 0.1710631 0.1805621 0.1746577 0.1242323 0.1786382 0.2071223 0.1476201 0.1658904 0.1535358 0.2086210 0.1579833 0.1701214 0.0000000 0.1710029 0.0262625 
Dasyuridae_Dasyurus_geffroii                 0.3011432 0.1337601 0.1283754 0.1423096 0.1621730 0.0082762 0.1209073 0.1210863 0.1485997 0.2060631 0.1238837 0.0198799 0.0277398 0.1358106 0.1371231 0.0159213 0.0111709 0.0211866 0.1854927 0.1500009 0.1372515 0.1604551 0.1489860 0.0165640 0.1441345 0.1537856 0.1211000 0.1414535 0.1271104 0.1821952 0.1218984 0.1334349 0.1710029 0.0000000 0.2060519 
Peramelidae_Perameles_gunnii                 0.2049534 0.2072590 0.1869592 0.2074584 0.2328440 0.1988324 0.1822744 0.1798164 0.2094788 0.0004519 0.1850843 0.1946695 0.1916606 0.1923939 0.1949368 0.1595902 0.2006305 0.1804057 0.0252884 0.2183530 0.1887997 0.2201214 0.1870201 0.1534538 0.2009287 0.1834720 0.1788302 0.2071316 0.1746891 0.2574280 0.1850451 0.1942654 0.0262625 0.2060519 0.0000000 
