35
Burramyidae_Burramys_parvus                  0.0000000 0.0545122 0.0297508 0.0212327 0.0246031 0.0413682 0.0132701 0.0190192 0.0241574 0.0617626 0.0148737 0.0356287 0.0392549 0.0155110 0.0261512 0.0368291 0.0419095 0.0648792 0.0228112 0.0299076 0.0516201 0.0372673 0.0472942 0.0152759 0.0461641 0.0256767 0.0210816 0.0333894 0.0502369 0.0281684 0.0141301 0.0652341 0.0424476 0.0586499 0.0421715 
Notoryctidae_Notoryctes_typhlops             0.0545122 0.0000000 0.0465222 0.0458076 0.0525325 0.0553437 0.0389508 0.0539479 0.0487351 0.0794290 0.0414710 0.0513845 0.0522244 0.0446885 0.0586816 0.0514453 0.0573409 0.0821020 0.0532776 0.0528104 0.0980285 0.0750262 0.0626548 0.0385255 0.0718212 0.0545874 0.0453029 0.0609400 0.0882880 0.0574695 0.0429467 0.0860458 0.0596236 0.0759759 0.0522102 
Vombatidae_Lasiorhinus_latifrons             0.0297508 0.0465222 0.0000000 0.0368363 0.0431086 0.0441013 0.0233230 0.0319486 0.0410200 0.0556967 0.0249831 0.0393576 0.0419208 0.0450757 0.0341057 0.0393009 0.0409815 0.0568542 0.0381508 0.0343122 0.0660703 0.0471644 0.0431673 0.0255519 0.0654699 0.0376051 0.0335517 0.0374982 0.0754466 0.0792965 0.0496171 0.0556133 0.0422187 0.0555051 0.0415158 
Potoroidae_Bettongia_penicillata             0.0212327 0.0458076 0.0368363 0.0000000 0.0020632 0.0623193 0.0269546 0.0329505 0.0046521 0.0782241 0.0240774 0.0558905 0.0553952 0.0514285 0.0293388 0.0558200 0.0606084 0.0771207 0.0093338 0.0422975 0.0832355 0.0643831 0.0637508 0.0143533 0.0806295 0.0411213 0.0089840 0.0338622 0.0826307 0.0949749 0.0587904 0.0759752 0.0611908 0.0779850 0.0527248 
Potoroidae_Bettongia_lesueur                 0.0246031 0.0525325 0.0431086 0.0020632 0.0000000 0.0684740 0.0316121 0.0392031 0.0060917 0.0798154 0.0295510 0.0632203 0.0597581 0.0572887 0.0362148 0.0622440 0.0668041 0.0799931 0.0111695 0.0509637 0.0877517 0.0717329 0.0697425 0.0165019 0.0866732 0.0450841 0.0107550 0.0393113 0.0883554 0.1005994 0.0644227 0.0779963 0.0683845 0.0795862 0.0604426 
Dasyuridae_Dasyurus_maculatus                0.0413682 0.0553437 0.0441013 0.0623193 0.0684740 0.0000000 0.0481723 0.0605818 0.0686213 0.0736480 0.0506438 0.0055839 0.0118496 0.0757414 0.0540821 0.0058484 0.0026839 0.0868813 0.0690188 0.0620712 0.0880426 0.0704677 0.0072789 0.0528174 0.0847642 0.0548587 0.0645946 0.0608759 0.1002265 0.1075179 0.0807412 0.0833671 0.0024655 0.0734119 0.0083613 
Phalangeridae_Trichosurus_vulpecula          0.0132701 0.0389508 0.0233230 0.0269546 0.0316121 0.0481723 0.0000000 0.0085065 0.0310262 0.0566705 0.0070722 0.0452133 0.0517673 0.0194426 0.0189481 0.0451691 0.0486049 0.0619575 0.0275371 0.0286910 0.0588533 0.0458304 0.0534432 0.0195295 0.0672507 0.0286301 0.0245836 0.0204730 0.0590323 0.0639671 0.0225851 0.0604998 0.0462238 0.0574844 0.0488580 
Phalangeridae_Spilocuscus_maculatus          0.0190192 0.0539479 0.0319486 0.0329505 0.0392031 0.0605818 0.0085065 0.0000000 0.0359876 0.0688834 0.0045149 0.0566474 0.0572629 0.0185503 0.0293370 0.0565906 0.0609322 0.0771778 0.0323589 0.0373445 0.0701293 0.0509818 0.0641666 0.0208039 0.0805119 0.0378324 0.0309935 0.0314599 0.0746906 0.0818915 0.0203464 0.0734029 0.0585693 0.0707200 0.0626522 
Potoroidae_Aepyprymnus_rufescens             0.0241574 0.0487351 0.0410200 0.0046521 0.0060917 0.0686213 0.0310262 0.0359876 0.0000000 0.0764122 0.0316416 0.0634034 0.0608927 0.0530857 0.0328257 0.0614124 0.0659924 0.0763551 0.0103331 0.0485549 0.0842036 0.0672819 0.0688424 0.0158851 0.0837794 0.0404868 0.0102831 0.0380949 0.0802409 0.0938211 0.0600336 0.0732783 0.0685322 0.0761778 0.0629563 
Peramelidae_Perameles_nasuta                 0.0617626 0.0794290 0.0556967 0.0782241 0.0798154 0.0736480 0.0566705 0.0688834 0.0764122 0.0000000 0.0563789 0.0722801 0.0798051 0.0802418 0.0605689 0.0723559 0.0772625 0.0096167 0.0822888 0.0783810 0.1121177 0.0791993 0.0795840 0.0677528 0.0970062 0.0691660 0.0786597 0.0647509 0.1104642 0.1266729 0.0866084 0.0079101 0.0734007 0.0007866 0.0703226 
Phalangeridae_Strigocuscus_pelengensis       0.0148737 0.0414710 0.0249831 0.0240774 0.0295510 0.0506438 0.0070722 0.0045149 0.0316416 0.0563789 0.0000000 0.0495499 0.0492104 0.0126401 0.0209477 0.0494978 0.0521354 0.0608270 0.0308926 0.0280898 0.0607523 0.0418759 0.0543080 0.0179312 0.0572376 0.0300891 0.0290982 0.0221924 0.0647059 0.0808463 0.0135861 0.0592940 0.0495808 0.0562899 0.0533485 
Dasyuridae_Phascogale_tapoatafa              0.0356287 0.0513845 0.0393576 0.0558905 0.0632203 0.0055839 0.0452133 0.0566474 0.0634034 0.0722801 0.0495499 0.0000000 0.0106994 0.0692985 0.0507161 0.0013956 0.0058281 0.0810131 0.0597433 0.0573940 0.0851590 0.0664550 0.0043564 0.0457120 0.0820197 0.0508368 0.0573506 0.0575019 0.0967651 0.1001913 0.0766243 0.0799960 0.0066628 0.0720456 0.0056100 
Dasyuridae_Sminthopsis_macroura              0.0392549 0.0522244 0.0419208 0.0553952 0.0597581 0.0118496 0.0517673 0.0572629 0.0608927 0.0798051 0.0492104 0.0106994 0.0000000 0.0731123 0.0516329 0.0103480 0.0107869 0.0853697 0.0652909 0.0579089 0.0832803 0.0590086 0.0111180 0.0455059 0.0829427 0.0514350 0.0608583 0.0567669 0.1033375 0.1107326 0.0780907 0.0873820 0.0125918 0.0817415 0.0072262 
Phalangeridae_Phalanger_orientalis           0.0155110 0.0446885 0.0450757 0.0514285 0.0572887 0.0757414 0.0194426 0.0185503 0.0530857 0.0802418 0.0126401 0.0692985 0.0731123 0.0000000 0.0207161 0.0681545 0.0760080 0.0835618 0.0503420 0.0451266 0.0941213 0.0727912 0.0750444 0.0356141 0.0947207 0.0449438 0.0469907 0.0227185 0.0745914 0.0962865 0.0020295 0.0878292 0.0736380 0.0800039 0.0749517 
Acrobatidae_Acrobates_pygmaeus               0.0261512 0.0586816 0.0341057 0.0293388 0.0362148 0.0540821 0.0189481 0.0293370 0.0328257 0.0605689 0.0209477 0.0507161 0.0516329 0.0207161 0.0000000 0.0493081 0.0545557 0.0655239 0.0357945 0.0211806 0.0687327 0.0569957 0.0557466 0.0227969 0.0608394 0.0208271 0.0294348 0.0194983 0.0421763 0.0126314 0.0217028 0.0673703 0.0568499 0.0573412 0.0474541 
Dasyuridae_Phascogale_calura                 0.0368291 0.0514453 0.0393009 0.0558200 0.0622440 0.0058484 0.0451691 0.0565906 0.0614124 0.0723559 0.0494978 0.0013956 0.0103480 0.0681545 0.0493081 0.0000000 0.0060936 0.0811046 0.0597610 0.0574548 0.0861917 0.0664312 0.0046050 0.0456974 0.0819593 0.0489167 0.0553810 0.0560907 0.0943260 0.1003053 0.0754602 0.0800809 0.0069414 0.0721211 0.0059316 
Dasyuridae_Sarcophilus_harrisii              0.0419095 0.0573409 0.0409815 0.0606084 0.0668041 0.0026839 0.0486049 0.0609322 0.0659924 0.0772625 0.0521354 0.0058281 0.0107869 0.0760080 0.0545557 0.0060936 0.0000000 0.0875330 0.0673566 0.0635596 0.0883064 0.0708076 0.0072474 0.0512872 0.0840078 0.0552401 0.0649168 0.0598165 0.1048577 0.1101961 0.0809805 0.0828944 0.0031335 0.0758694 0.0083165 
Peramelidae_Echymipera_kalubu                0.0648792 0.0821020 0.0568542 0.0771207 0.0799931 0.0868813 0.0619575 0.0771778 0.0763551 0.0096167 0.0608270 0.0810131 0.0853697 0.0835618 0.0655239 0.0811046 0.0875330 0.0000000 0.0835336 0.0854991 0.1101626 0.0892638 0.0856462 0.0693523 0.0998450 0.0807423 0.0785740 0.0721087 0.1228717 0.1306851 0.0903007 0.0099145 0.0844508 0.0095916 0.0839257 
Macropodidae_Dorcopsulus_vanheurni           0.0228112 0.0532776 0.0381508 0.0093338 0.0111695 0.0690188 0.0275371 0.0323589 0.0103331 0.0822888 0.0308926 0.0597433 0.0652909 0.0503420 0.0357945 0.0597610 0.0673566 0.0835336 0.0000000 0.0432664 0.0826380 0.0727444 0.0681499 0.0142051 0.0831064 0.0413121 0.0050659 0.0393748 0.0801275 0.0920482 0.0550631 0.0803244 0.0669616 0.0820467 0.0602527 
Pseudochiridae_Pseudochirulus_forbesi        0.0299076 0.0528104 0.0343122 0.0422975 0.0509637 0.0620712 0.0286910 0.0373445 0.0485549 0.0783810 0.0280898 0.0573940 0.0579089 0.0451266 0.0211806 0.0574548 0.0635596 0.0854991 0.0432664 0.0000000 0.0886128 0.0655456 0.0651115 0.0327185 0.0785627 0.0118805 0.0367411 0.0064524 0.0585534 0.0598869 0.0522716 0.0844502 0.0641366 0.0782400 0.0584050 
Didelphidae_Didelphis_virginiana             0.0516201 0.0980285 0.0660703 0.0832355 0.0877517 0.0880426 0.0588533 0.0701293 0.0842036 0.1121177 0.0607523 0.0851590 0.0832803 0.0941213 0.0687327 0.0861917 0.0883064 0.1101626 0.0826380 0.0886128 0.0000000 0.0206970 0.0838550 0.0691902 0.0979789 0.0871598 0.0820342 0.0757836 0.1235294 0.1292501 0.0970705 0.1132998 0.0889013 0.1115173 0.0788870 
Marmosidae_Monodelphis_domestica             0.0372673 0.0750262 0.0471644 0.0643831 0.0717329 0.0704677 0.0458304 0.0509818 0.0672819 0.0791993 0.0418759 0.0664550 0.0590086 0.0727912 0.0569957 0.0664312 0.0708076 0.0892638 0.0727444 0.0655456 0.0206970 0.0000000 0.0680682 0.0538262 0.0748329 0.0622655 0.0704351 0.0634508 0.1127707 0.1049130 0.0756407 0.0862388 0.0733395 0.0798326 0.0619596 
Dasyuridae_Antechinus_stuartii               0.0472942 0.0626548 0.0431673 0.0637508 0.0697425 0.0072789 0.0534432 0.0641666 0.0688424 0.0795840 0.0543080 0.0043564 0.0111180 0.0750444 0.0557466 0.0046050 0.0072474 0.0856462 0.0681499 0.0651115 0.0838550 0.0680682 0.0000000 0.0529551 0.0783530 0.0562157 0.0636004 0.0659109 0.1043511 0.1077238 0.0812767 0.0825325 0.0081629 0.0782697 0.0083467 
Hypsiprymnodontidae_Hypsiprymnodon_moschatus 0.0152759 0.0385255 0.0255519 0.0143533 0.0165019 0.0528174 0.0195295 0.0208039 0.0158851 0.0677528 0.0179312 0.0457120 0.0455059 0.0356141 0.0227969 0.0456974 0.0512872 0.0693523 0.0142051 0.0327185 0.0691902 0.0538262 0.0529551 0.0000000 0.0706349 0.0318540 0.0129097 0.0292207 0.0633120 0.0800014 0.0397770 0.0730126 0.0508008 0.0675261 0.0466831 
Microbiotheriidae_Dromiciops_gliroides       0.0461641 0.0718212 0.0654699 0.0806295 0.0866732 0.0847642 0.0672507 0.0805119 0.0837794 0.0970062 0.0572376 0.0820197 0.0829427 0.0947207 0.0608394 0.0819593 0.0840078 0.0998450 0.0831064 0.0785627 0.0979789 0.0748329 0.0783530 0.0706349 0.0000000 0.0795462 0.0817298 0.0716372 0.1053762 0.1367402 0.0999735 0.1060995 0.0856422 0.0968820 0.0748807 
Pseudochiridae_Petauroides_volans            0.0256767 0.0545874 0.0376051 0.0411213 0.0450841 0.0548587 0.0286301 0.0378324 0.0404868 0.0691660 0.0300891 0.0508368 0.0514350 0.0449438 0.0208271 0.0489167 0.0552401 0.0807423 0.0413121 0.0118805 0.0871598 0.0622655 0.0562157 0.0318540 0.0795462 0.0000000 0.0365061 0.0114055 0.0512237 0.0687437 0.0525935 0.0771298 0.0567065 0.0700917 0.0533839 
Macropodidae_Wallabia_bicolor                0.0210816 0.0453029 0.0335517 0.0089840 0.0107550 0.0645946 0.0245836 0.0309935 0.0102831 0.0786597 0.0290982 0.0573506 0.0608583 0.0469907 0.0294348 0.0553810 0.0649168 0.0785740 0.0050659 0.0367411 0.0820342 0.0704351 0.0636004 0.0129097 0.0817298 0.0365061 0.0000000 0.0319551 0.0753539 0.0836224 0.0537401 0.0769568 0.0625493 0.0784282 0.0619638 
Pseudochiridae_Pseudocheirus_occidentalis    0.0333894 0.0609400 0.0374982 0.0338622 0.0393113 0.0608759 0.0204730 0.0314599 0.0380949 0.0647509 0.0221924 0.0575019 0.0567669 0.0227185 0.0194983 0.0560907 0.0598165 0.0721087 0.0393748 0.0064524 0.0757836 0.0634508 0.0659109 0.0292207 0.0716372 0.0114055 0.0319551 0.0000000 0.0421513 0.0255273 0.0237582 0.0749717 0.0591702 0.0617363 0.0600522 
Tarsipedidae_Tarsipes_rostratus              0.0502369 0.0882880 0.0754466 0.0826307 0.0883554 0.1002265 0.0590323 0.0746906 0.0802409 0.1104642 0.0647059 0.0967651 0.1033375 0.0745914 0.0421763 0.0943260 0.1048577 0.1228717 0.0801275 0.0585534 0.1235294 0.1127707 0.1043511 0.0633120 0.1053762 0.0512237 0.0753539 0.0421513 0.0000000 0.0930843 0.0901338 0.1176590 0.1046851 0.1076431 0.0924872 
Acrobatidae_Distoechurus_pennatus            0.0281684 0.0574695 0.0792965 0.0949749 0.1005994 0.1075179 0.0639671 0.0818915 0.0938211 0.1266729 0.0808463 0.1001913 0.1107326 0.0962865 0.0126314 0.1003053 0.1101961 0.1306851 0.0920482 0.0598869 0.1292501 0.1049130 0.1077238 0.0800014 0.1367402 0.0687437 0.0836224 0.0255273 0.0930843 0.0000000 0.1064844 0.1255692 0.1120786 0.1250364 0.1213807 
Phalangeridae_Phalanger_carmelitae           0.0141301 0.0429467 0.0496171 0.0587904 0.0644227 0.0807412 0.0225851 0.0203464 0.0600336 0.0866084 0.0135861 0.0766243 0.0780907 0.0020295 0.0217028 0.0754602 0.0809805 0.0903007 0.0550631 0.0522716 0.0970705 0.0756407 0.0812767 0.0397770 0.0999735 0.0525935 0.0537401 0.0237582 0.0901338 0.1064844 0.0000000 0.0942039 0.0786307 0.0863631 0.0827457 
Peramelidae_Peroryctes_raffrayana            0.0652341 0.0860458 0.0556133 0.0759752 0.0779963 0.0833671 0.0604998 0.0734029 0.0732783 0.0079101 0.0592940 0.0799960 0.0873820 0.0878292 0.0673703 0.0800809 0.0828944 0.0099145 0.0803244 0.0844502 0.1132998 0.0862388 0.0825325 0.0730126 0.1060995 0.0771298 0.0769568 0.0749717 0.1176590 0.1255692 0.0942039 0.0000000 0.0800584 0.0079066 0.0810708 
Dasyuridae_Dasyurus_geffroii                 0.0424476 0.0596236 0.0422187 0.0611908 0.0683845 0.0024655 0.0462238 0.0585693 0.0685322 0.0734007 0.0495808 0.0066628 0.0125918 0.0736380 0.0568499 0.0069414 0.0031335 0.0844508 0.0669616 0.0641366 0.0889013 0.0733395 0.0081629 0.0508008 0.0856422 0.0567065 0.0625493 0.0591702 0.1046851 0.1120786 0.0786307 0.0800584 0.0000000 0.0731657 0.0091239 
Peramelidae_Perameles_gunnii                 0.0586499 0.0759759 0.0555051 0.0779850 0.0795862 0.0734119 0.0574844 0.0707200 0.0761778 0.0007866 0.0562899 0.0720456 0.0817415 0.0800039 0.0573412 0.0721211 0.0758694 0.0095916 0.0820467 0.0782400 0.1115173 0.0798326 0.0782697 0.0675261 0.0968820 0.0700917 0.0784282 0.0617363 0.1076431 0.1250364 0.0863631 0.0079066 0.0731657 0.0000000 0.0701263 
Dasyuridae_Planigale_tenuirostris            0.0421715 0.0522102 0.0415158 0.0527248 0.0604426 0.0083613 0.0488580 0.0626522 0.0629563 0.0703226 0.0533485 0.0056100 0.0072262 0.0749517 0.0474541 0.0059316 0.0083165 0.0839257 0.0602527 0.0584050 0.0788870 0.0619596 0.0083467 0.0466831 0.0748807 0.0533839 0.0619638 0.0600522 0.0924872 0.1213807 0.0827457 0.0810708 0.0091239 0.0701263 0.0000000 
