35
Burramyidae_Burramys_parvus                  0.0000000 0.0627107 0.0458365 0.0513916 0.0503991 0.0710780 0.0457990 0.0420729 0.0495717 0.0666755 0.0473322 0.0728000 0.0730892 0.0411883 0.0474177 0.0718903 0.0682789 0.0702340 0.0635313 0.0449975 0.0484283 0.0855163 0.1055575 0.0716034 0.0468475 0.0518388 0.0443550 0.0439983 0.0475656 0.0500396 0.0465699 0.0442248 0.0685841 0.0689190 0.0662650 
Notoryctidae_Notoryctes_typhlops             0.0627107 0.0000000 0.0680561 0.0767456 0.0769349 0.0893308 0.0780991 0.0728475 0.0781330 0.0768702 0.0797056 0.0888317 0.0891280 0.0719192 0.0775874 0.0900430 0.0866816 0.0859730 0.0743390 0.0737295 0.0813870 0.0951533 0.1216680 0.0881868 0.0731220 0.0704482 0.0799201 0.0723136 0.0800847 0.0823277 0.0817167 0.0762546 0.0781286 0.0878498 0.0776788 
Vombatidae_Lasiorhinus_latifrons             0.0458365 0.0680561 0.0000000 0.0552788 0.0553844 0.0783746 0.0554353 0.0492114 0.0556910 0.0691044 0.0565783 0.0755800 0.0782675 0.0506419 0.0548500 0.0754914 0.0754909 0.0742504 0.0682412 0.0504281 0.0565059 0.0880614 0.1101969 0.0766287 0.0526182 0.0589750 0.0543123 0.0515819 0.0528027 0.0611188 0.0611968 0.0541248 0.0724555 0.0782179 0.0684705 
Potoroidae_Bettongia_penicillata             0.0513916 0.0767456 0.0552788 0.0000000 0.0045483 0.0862132 0.0579138 0.0521402 0.0118120 0.0764619 0.0592539 0.0857405 0.0819539 0.0519930 0.0555655 0.0844323 0.0818863 0.0828322 0.0773354 0.0204635 0.0551163 0.0982497 0.1149958 0.0829118 0.0352564 0.0702652 0.0521596 0.0210984 0.0534861 0.0597665 0.0585275 0.0558647 0.0784741 0.0847881 0.0772276 
Potoroidae_Bettongia_lesueur                 0.0503991 0.0769349 0.0553844 0.0045483 0.0000000 0.0867500 0.0568553 0.0510640 0.0111575 0.0774756 0.0582480 0.0862734 0.0824817 0.0508570 0.0548665 0.0841241 0.0824086 0.0839034 0.0769393 0.0194172 0.0547995 0.0983375 0.1151391 0.0830285 0.0352975 0.0695148 0.0518390 0.0200880 0.0527191 0.0590614 0.0574441 0.0547776 0.0805290 0.0853202 0.0776592 
Dasyuridae_Dasyurus_maculatus                0.0710780 0.0893308 0.0783746 0.0862132 0.0867500 0.0000000 0.0868765 0.0797357 0.0862051 0.0894935 0.0873039 0.0213627 0.0303075 0.0805378 0.0833761 0.0220599 0.0045910 0.0273041 0.0899428 0.0825160 0.0809674 0.1041804 0.1180063 0.0224996 0.0840258 0.0823571 0.0815430 0.0833896 0.0808603 0.0919452 0.0846935 0.0832067 0.0951970 0.0042590 0.0895019 
Phalangeridae_Trichosurus_vulpecula          0.0457990 0.0780991 0.0554353 0.0579138 0.0568553 0.0868765 0.0000000 0.0276303 0.0579404 0.0764651 0.0250704 0.0879420 0.0879380 0.0281055 0.0548970 0.0865666 0.0844030 0.0847189 0.0760955 0.0506853 0.0535803 0.0976169 0.1127942 0.0876820 0.0538433 0.0678260 0.0506861 0.0514647 0.0527672 0.0635861 0.0578768 0.0216042 0.0823504 0.0851265 0.0763064 
Phalangeridae_Spilocuscus_maculatus          0.0420729 0.0728475 0.0492114 0.0521402 0.0510640 0.0797357 0.0276303 0.0000000 0.0528953 0.0692257 0.0217424 0.0803822 0.0812128 0.0095615 0.0499099 0.0785615 0.0773535 0.0785508 0.0704734 0.0443611 0.0521201 0.0889264 0.1022626 0.0797362 0.0497096 0.0643892 0.0498975 0.0465408 0.0475936 0.0578595 0.0528396 0.0184079 0.0737154 0.0780355 0.0711035 
Potoroidae_Aepyprymnus_rufescens             0.0495717 0.0781330 0.0556910 0.0118120 0.0111575 0.0862051 0.0579404 0.0528953 0.0000000 0.0769146 0.0589144 0.0874116 0.0836248 0.0527509 0.0543387 0.0861044 0.0818783 0.0842750 0.0769214 0.0193910 0.0554192 0.0977763 0.1123662 0.0845822 0.0366866 0.0703815 0.0510053 0.0204055 0.0512924 0.0601479 0.0576764 0.0558572 0.0789175 0.0847800 0.0784696 
Peramelidae_Perameles_nasuta                 0.0666755 0.0768702 0.0691044 0.0764619 0.0774756 0.0894935 0.0764651 0.0692257 0.0769146 0.0000000 0.0769949 0.0875651 0.0886859 0.0663480 0.0739480 0.0888724 0.0859667 0.0872779 0.0128178 0.0742796 0.0803758 0.0927123 0.1167442 0.0906918 0.0764347 0.0733622 0.0753745 0.0744511 0.0786140 0.0783135 0.0777493 0.0738150 0.0152542 0.0887627 0.0014350 
Phalangeridae_Strigocuscus_pelengensis       0.0473322 0.0797056 0.0565783 0.0592539 0.0582480 0.0873039 0.0250704 0.0217424 0.0589144 0.0769949 0.0000000 0.0884433 0.0902468 0.0211458 0.0541841 0.0865233 0.0852334 0.0864140 0.0767163 0.0490945 0.0585059 0.0972122 0.1070319 0.0884453 0.0552574 0.0688912 0.0551816 0.0523914 0.0535166 0.0654411 0.0588496 0.0103558 0.0814050 0.0855367 0.0773504 
Dasyuridae_Phascogale_tapoatafa              0.0728000 0.0888317 0.0755800 0.0857405 0.0862734 0.0213627 0.0879420 0.0803822 0.0874116 0.0875651 0.0884433 0.0000000 0.0272979 0.0811870 0.0842157 0.0036057 0.0177810 0.0266306 0.0867034 0.0859992 0.0835156 0.1027913 0.1157912 0.0103655 0.0849858 0.0811094 0.0838207 0.0854936 0.0819344 0.0910851 0.0865469 0.0851081 0.0905089 0.0209753 0.0882120 
Dasyuridae_Sminthopsis_macroura              0.0730892 0.0891280 0.0782675 0.0819539 0.0824817 0.0303075 0.0879380 0.0812128 0.0836248 0.0886859 0.0902468 0.0272979 0.0000000 0.0824485 0.0808332 0.0263276 0.0276029 0.0219494 0.0917230 0.0826475 0.0823364 0.1031245 0.1208872 0.0266735 0.0807873 0.0800608 0.0823658 0.0805339 0.0814562 0.0850610 0.0854389 0.0868506 0.0917030 0.0298882 0.0891364 
Phalangeridae_Phalanger_orientalis           0.0411883 0.0719192 0.0506419 0.0519930 0.0508570 0.0805378 0.0281055 0.0095615 0.0527509 0.0663480 0.0211458 0.0811870 0.0824485 0.0000000 0.0517228 0.0793567 0.0776745 0.0783243 0.0694153 0.0444670 0.0527412 0.0882558 0.1026475 0.0805209 0.0499337 0.0634549 0.0505099 0.0475039 0.0481554 0.0597336 0.0519375 0.0139845 0.0707453 0.0788264 0.0688310 
Acrobatidae_Acrobates_pygmaeus               0.0474177 0.0775874 0.0548500 0.0555655 0.0548665 0.0833761 0.0548970 0.0499099 0.0543387 0.0739480 0.0541841 0.0842157 0.0808332 0.0517228 0.0000000 0.0833321 0.0808495 0.0817990 0.0733019 0.0448627 0.0467152 0.0927151 0.1050258 0.0851591 0.0501567 0.0662560 0.0444461 0.0476746 0.0451948 0.0517127 0.0311607 0.0547854 0.0768997 0.0811253 0.0756710 
Dasyuridae_Phascogale_calura                 0.0718903 0.0900430 0.0754914 0.0844323 0.0841241 0.0220599 0.0865666 0.0785615 0.0861044 0.0888724 0.0865233 0.0036057 0.0263276 0.0793567 0.0833321 0.0000000 0.0188215 0.0262439 0.0888159 0.0845894 0.0834683 0.1032196 0.1150409 0.0099986 0.0848845 0.0810529 0.0833477 0.0849254 0.0818240 0.0902026 0.0855780 0.0832676 0.0930484 0.0216705 0.0893617 
Dasyuridae_Sarcophilus_harrisii              0.0682789 0.0866816 0.0754909 0.0818863 0.0824086 0.0045910 0.0844030 0.0773535 0.0818783 0.0859667 0.0852334 0.0177810 0.0276029 0.0776745 0.0808495 0.0188215 0.0000000 0.0242923 0.0872048 0.0794228 0.0780687 0.1011010 0.1153511 0.0202901 0.0814971 0.0799106 0.0790180 0.0804451 0.0776657 0.0888825 0.0827247 0.0807762 0.0916851 0.0049126 0.0867697 
Dasyuridae_Planigale_tenuirostris            0.0702340 0.0859730 0.0742504 0.0828322 0.0839034 0.0273041 0.0847189 0.0785508 0.0842750 0.0872779 0.0864140 0.0266306 0.0219494 0.0783243 0.0817990 0.0262439 0.0242923 0.0000000 0.0873774 0.0807580 0.0820387 0.1024563 0.1172127 0.0260261 0.0817110 0.0777188 0.0828525 0.0814195 0.0819815 0.0875270 0.0849738 0.0826382 0.0927796 0.0269138 0.0873702 
Peramelidae_Echymipera_kalubu                0.0635313 0.0743390 0.0682412 0.0773354 0.0769393 0.0899428 0.0760955 0.0704734 0.0769214 0.0128178 0.0767163 0.0867034 0.0917230 0.0694153 0.0733019 0.0888159 0.0872048 0.0873774 0.0000000 0.0729059 0.0769782 0.0899128 0.1138831 0.0914844 0.0748430 0.0714705 0.0729404 0.0709924 0.0746838 0.0800185 0.0779631 0.0741462 0.0106061 0.0889063 0.0147014 
Macropodidae_Dorcopsulus_vanheurni           0.0449975 0.0737295 0.0504281 0.0204635 0.0194172 0.0825160 0.0506853 0.0443611 0.0193910 0.0742796 0.0490945 0.0859992 0.0826475 0.0444670 0.0448627 0.0845894 0.0794228 0.0807580 0.0729059 0.0000000 0.0514420 0.0946950 0.1038994 0.0830143 0.0311284 0.0643114 0.0468002 0.0064539 0.0476057 0.0544946 0.0494407 0.0472655 0.0776460 0.0801936 0.0740851 
Pseudochiridae_Pseudochirulus_forbesi        0.0484283 0.0813870 0.0565059 0.0551163 0.0547995 0.0809674 0.0535803 0.0521201 0.0554192 0.0803758 0.0585059 0.0835156 0.0823364 0.0527412 0.0467152 0.0834683 0.0780687 0.0820387 0.0769782 0.0514420 0.0000000 0.0956545 0.1141920 0.0836345 0.0508181 0.0698031 0.0273549 0.0517481 0.0153339 0.0468713 0.0480645 0.0550641 0.0825940 0.0795672 0.0794684 
Didelphidae_Didelphis_virginiana             0.0855163 0.0951533 0.0880614 0.0982497 0.0983375 0.1041804 0.0976169 0.0889264 0.0977763 0.0927123 0.0972122 0.1027913 0.1031245 0.0882558 0.0927151 0.1032196 0.1011010 0.1024563 0.0899128 0.0946950 0.0956545 0.0000000 0.0647769 0.1054305 0.0938324 0.0862589 0.0988020 0.0939922 0.0993882 0.1028603 0.0995413 0.0930031 0.0920017 0.1039446 0.0917015 
Marmosidae_Monodelphis_domestica             0.1055575 0.1216680 0.1101969 0.1149958 0.1151391 0.1180063 0.1127942 0.1022626 0.1123662 0.1167442 0.1070319 0.1157912 0.1208872 0.1026475 0.1050258 0.1150409 0.1153511 0.1172127 0.1138831 0.1038994 0.1141920 0.0647769 0.0000000 0.1183861 0.1073893 0.1088114 0.1174263 0.1049449 0.1164870 0.1165683 0.1154614 0.1033818 0.1245397 0.1177888 0.1132124 
Dasyuridae_Antechinus_stuartii               0.0716034 0.0881868 0.0766287 0.0829118 0.0830285 0.0224996 0.0876820 0.0797362 0.0845822 0.0906918 0.0884453 0.0103655 0.0266735 0.0805209 0.0851591 0.0099986 0.0202901 0.0260261 0.0914844 0.0830143 0.0836345 0.1054305 0.1183861 0.0000000 0.0829360 0.0812441 0.0835880 0.0833723 0.0820832 0.0891491 0.0856610 0.0847461 0.0943577 0.0228441 0.0910324 
Hypsiprymnodontidae_Hypsiprymnodon_moschatus 0.0468475 0.0731220 0.0526182 0.0352564 0.0352975 0.0840258 0.0538433 0.0497096 0.0366866 0.0764347 0.0552574 0.0849858 0.0807873 0.0499337 0.0501567 0.0848845 0.0814971 0.0817110 0.0748430 0.0311284 0.0508181 0.0938324 0.1073893 0.0829360 0.0000000 0.0648326 0.0485348 0.0299622 0.0509565 0.0547578 0.0546053 0.0530289 0.0770797 0.0813674 0.0763857 
Microbiotheriidae_Dromiciops_gliroides       0.0518388 0.0704482 0.0589750 0.0702652 0.0695148 0.0823571 0.0678260 0.0643892 0.0703815 0.0733622 0.0688912 0.0811094 0.0800608 0.0634549 0.0662560 0.0810529 0.0799106 0.0777188 0.0714705 0.0643114 0.0698031 0.0862589 0.1088114 0.0812441 0.0648326 0.0000000 0.0693080 0.0644236 0.0728678 0.0763905 0.0705505 0.0660923 0.0769004 0.0804488 0.0735036 
Pseudochiridae_Petauroides_volans            0.0443550 0.0799201 0.0543123 0.0521596 0.0518390 0.0815430 0.0506861 0.0498975 0.0510053 0.0753745 0.0551816 0.0838207 0.0823658 0.0505099 0.0444461 0.0833477 0.0790180 0.0828525 0.0729404 0.0468002 0.0273549 0.0988020 0.1174263 0.0835880 0.0485348 0.0693080 0.0000000 0.0480506 0.0255970 0.0449220 0.0466655 0.0510034 0.0789355 0.0792945 0.0764652 
Macropodidae_Wallabia_bicolor                0.0439983 0.0723136 0.0515819 0.0210984 0.0200880 0.0833896 0.0514647 0.0465408 0.0204055 0.0744511 0.0523914 0.0854936 0.0805339 0.0475039 0.0476746 0.0849254 0.0804451 0.0814195 0.0709924 0.0064539 0.0517481 0.0939922 0.1049449 0.0833723 0.0299622 0.0644236 0.0480506 0.0000000 0.0481560 0.0550874 0.0517379 0.0498069 0.0763170 0.0811441 0.0733508 
Pseudochiridae_Pseudocheirus_occidentalis    0.0475656 0.0800847 0.0528027 0.0534861 0.0527191 0.0808603 0.0527672 0.0475936 0.0512924 0.0786140 0.0535166 0.0819344 0.0814562 0.0481554 0.0451948 0.0818240 0.0776657 0.0819815 0.0746838 0.0476057 0.0153339 0.0993882 0.1164870 0.0820832 0.0509565 0.0728678 0.0255970 0.0481560 0.0000000 0.0452761 0.0463327 0.0516646 0.0828839 0.0793213 0.0778186 
Tarsipedidae_Tarsipes_rostratus              0.0500396 0.0823277 0.0611188 0.0597665 0.0590614 0.0919452 0.0635861 0.0578595 0.0601479 0.0783135 0.0654411 0.0910851 0.0850610 0.0597336 0.0517127 0.0902026 0.0888825 0.0875270 0.0800185 0.0544946 0.0468713 0.1028603 0.1165683 0.0891491 0.0547578 0.0763905 0.0449220 0.0550874 0.0452761 0.0000000 0.0539730 0.0634475 0.0795933 0.0904749 0.0807559 
Acrobatidae_Distoechurus_pennatus            0.0465699 0.0817167 0.0611968 0.0585275 0.0574441 0.0846935 0.0578768 0.0528396 0.0576764 0.0777493 0.0588496 0.0865469 0.0854389 0.0519375 0.0311607 0.0855780 0.0827247 0.0849738 0.0779631 0.0494407 0.0480645 0.0995413 0.1154614 0.0856610 0.0546053 0.0705505 0.0466655 0.0517379 0.0463327 0.0539730 0.0000000 0.0554097 0.0816541 0.0824481 0.0786911 
Phalangeridae_Phalanger_carmelitae           0.0442248 0.0762546 0.0541248 0.0558647 0.0547776 0.0832067 0.0216042 0.0184079 0.0558572 0.0738150 0.0103558 0.0851081 0.0868506 0.0139845 0.0547854 0.0832676 0.0807762 0.0826382 0.0741462 0.0472655 0.0550641 0.0930031 0.1033818 0.0847461 0.0530289 0.0660923 0.0510034 0.0498069 0.0516646 0.0634475 0.0554097 0.0000000 0.0782783 0.0814795 0.0747760 
Peramelidae_Peroryctes_raffrayana            0.0685841 0.0781286 0.0724555 0.0784741 0.0805290 0.0951970 0.0823504 0.0737154 0.0789175 0.0152542 0.0814050 0.0905089 0.0917030 0.0707453 0.0768997 0.0930484 0.0916851 0.0927796 0.0106061 0.0776460 0.0825940 0.0920017 0.1245397 0.0943577 0.0770797 0.0769004 0.0789355 0.0763170 0.0828839 0.0795933 0.0816541 0.0782783 0.0000000 0.0943511 0.0169414 
Dasyuridae_Dasyurus_geffroii                 0.0689190 0.0878498 0.0782179 0.0847881 0.0853202 0.0042590 0.0851265 0.0780355 0.0847800 0.0887627 0.0855367 0.0209753 0.0298882 0.0788264 0.0811253 0.0216705 0.0049126 0.0269138 0.0889063 0.0801936 0.0795672 0.1039446 0.1177888 0.0228441 0.0813674 0.0804488 0.0792945 0.0811441 0.0793213 0.0904749 0.0824481 0.0814795 0.0943511 0.0000000 0.0893180 
Peramelidae_Perameles_gunnii                 0.0662650 0.0776788 0.0684705 0.0772276 0.0776592 0.0895019 0.0763064 0.0711035 0.0784696 0.0014350 0.0773504 0.0882120 0.0891364 0.0688310 0.0756710 0.0893617 0.0867697 0.0873702 0.0147014 0.0740851 0.0794684 0.0917015 0.1132124 0.0910324 0.0763857 0.0735036 0.0764652 0.0733508 0.0778186 0.0807559 0.0786911 0.0747760 0.0169414 0.0893180 0.0000000 
