35
Burramyidae_Burramys_parvus                  0.0000000 0.1087201 0.0841398 0.0894628 0.0973078 0.1036460 0.0917616 0.1051997 0.0898228 0.1371346 0.0897659 0.1256767 0.1182802 0.1072615 0.0790825 0.1240986 0.1224019 0.1171476 0.1277107 0.0843690 0.1157857 0.1269660 0.0963756 0.1250535 0.0771197 0.0969460 0.1114812 0.0841219 0.1133901 0.1150873 0.0931917 0.1110004 0.1126680 0.1210592 0.1369011 
Notoryctidae_Notoryctes_typhlops             0.1087201 0.0000000 0.0767835 0.0958082 0.0990876 0.1082922 0.0946680 0.1043576 0.0902306 0.1273719 0.0983704 0.1165620 0.1190883 0.1033295 0.0988934 0.1183536 0.1211369 0.1152212 0.1161010 0.0841670 0.1136730 0.1461739 0.1132011 0.1165649 0.0933547 0.0901266 0.1110083 0.0878674 0.1128194 0.1260718 0.0950856 0.1082074 0.1186095 0.1148153 0.1268887 
Vombatidae_Lasiorhinus_latifrons             0.0841398 0.0767835 0.0000000 0.0626156 0.0659014 0.0911954 0.0687147 0.0767568 0.0617727 0.1218354 0.0727207 0.1014977 0.1004470 0.0787483 0.0771747 0.1025748 0.1023388 0.0973801 0.1098844 0.0560501 0.0817130 0.1206493 0.0885426 0.1012897 0.0642969 0.0772724 0.0785685 0.0564935 0.0801670 0.0980771 0.0636146 0.0824218 0.1113257 0.0982556 0.1195632 
Potoroidae_Bettongia_penicillata             0.0894628 0.0958082 0.0626156 0.0000000 0.0061109 0.1069936 0.0783439 0.0891450 0.0147276 0.1385463 0.0766922 0.1133560 0.1199717 0.0916059 0.0911752 0.1180383 0.1187977 0.1138424 0.1250056 0.0247834 0.0929563 0.1319484 0.1044220 0.1153867 0.0476092 0.0878494 0.0879973 0.0231574 0.0911804 0.1060462 0.0732674 0.0929348 0.1209336 0.1147004 0.1355172 
Potoroidae_Bettongia_lesueur                 0.0973078 0.0990876 0.0659014 0.0061109 0.0000000 0.1110557 0.0823362 0.0929200 0.0181298 0.1351260 0.0787524 0.1167289 0.1226310 0.0942587 0.0949970 0.1216962 0.1238037 0.1187193 0.1230533 0.0257671 0.0960834 0.1401522 0.1083730 0.1188782 0.0510243 0.0955658 0.0894169 0.0262026 0.0957059 0.1141319 0.0743538 0.0951479 0.1181158 0.1194431 0.1341365 
Dasyuridae_Dasyurus_maculatus                0.1036460 0.1082922 0.0911954 0.1069936 0.1110557 0.0000000 0.1098912 0.1196647 0.1080654 0.1427294 0.1170966 0.0236795 0.0377809 0.1203245 0.1408800 0.0250995 0.0058557 0.0350140 0.1321978 0.0943178 0.1224278 0.1253268 0.1212190 0.0245893 0.0947536 0.0984378 0.1295490 0.0967637 0.1253488 0.1326702 0.1164192 0.1190594 0.1235422 0.0058660 0.1407897 
Phalangeridae_Trichosurus_vulpecula          0.0917616 0.0946680 0.0687147 0.0783439 0.0823362 0.1098912 0.0000000 0.0332905 0.0763276 0.1332338 0.0300738 0.1222694 0.1140305 0.0376221 0.0757235 0.1242049 0.1226211 0.1142287 0.1249320 0.0691884 0.0985318 0.1411023 0.1025586 0.1203205 0.0821684 0.0929382 0.0968681 0.0700727 0.0967676 0.1050057 0.0777214 0.0398122 0.1213493 0.1194324 0.1273512 
Phalangeridae_Spilocuscus_maculatus          0.1051997 0.1043576 0.0767568 0.0891450 0.0929200 0.1196647 0.0332905 0.0000000 0.0881225 0.1367800 0.0138493 0.1320116 0.1180730 0.0159683 0.0736493 0.1359196 0.1312574 0.1259572 0.1304424 0.0798046 0.1102807 0.1485722 0.0957582 0.1283423 0.0942061 0.0995342 0.1122162 0.0806195 0.1118600 0.1188202 0.0866396 0.0166903 0.1261912 0.1262091 0.1320031 
Potoroidae_Aepyprymnus_rufescens             0.0898228 0.0902306 0.0617727 0.0147276 0.0181298 0.1080654 0.0763276 0.0881225 0.0000000 0.1393348 0.0783152 0.1158405 0.1206752 0.0908881 0.0935188 0.1187499 0.1201180 0.1148420 0.1233567 0.0256855 0.0921868 0.1305643 0.1122697 0.1167155 0.0481530 0.0899753 0.0861596 0.0236364 0.0920061 0.1059404 0.0693684 0.0921925 0.1201729 0.1148433 0.1351422 
Peramelidae_Perameles_nasuta                 0.1371346 0.1273719 0.1218354 0.1385463 0.1351260 0.1427294 0.1332338 0.1367800 0.1393348 0.0000000 0.1210928 0.1647416 0.1588210 0.1411037 0.1190725 0.1633889 0.1669875 0.1578333 0.0284121 0.1272625 0.1616949 0.1622038 0.1340994 0.1651369 0.1316673 0.1298941 0.1648522 0.1294409 0.1634615 0.1624834 0.1388058 0.1440868 0.0474622 0.1655720 0.0041767 
Phalangeridae_Strigocuscus_pelengensis       0.0897659 0.0983704 0.0727207 0.0766922 0.0787524 0.1170966 0.0300738 0.0138493 0.0783152 0.1210928 0.0000000 0.1178490 0.1086283 0.0130124 0.0737570 0.1192233 0.1166171 0.1126197 0.1167362 0.0698013 0.1083590 0.1348344 0.0962174 0.1178060 0.0746631 0.0915638 0.1045410 0.0708458 0.1068568 0.1055810 0.0867230 0.0139612 0.1087111 0.1173518 0.1156178 
Dasyuridae_Phascogale_tapoatafa              0.1256767 0.1165620 0.1014977 0.1133560 0.1167289 0.0236795 0.1222694 0.1320116 0.1158405 0.1647416 0.1178490 0.0000000 0.0454912 0.1328841 0.1381394 0.0109580 0.0287062 0.0355855 0.1554862 0.1031564 0.1289730 0.1441686 0.1175063 0.0172223 0.1118654 0.1069573 0.1384387 0.1054733 0.1365928 0.1510898 0.1255866 0.1324380 0.1440957 0.0267343 0.1642526 
Dasyuridae_Sminthopsis_macroura              0.1182802 0.1190883 0.1004470 0.1199717 0.1226310 0.0377809 0.1140305 0.1180730 0.1206752 0.1588210 0.1086283 0.0454912 0.0000000 0.1193354 0.1284591 0.0465145 0.0423186 0.0394465 0.1474527 0.1058293 0.1303828 0.1467283 0.1227520 0.0388967 0.1188069 0.1112512 0.1404995 0.1094794 0.1394825 0.1505306 0.1242590 0.1193018 0.1374930 0.0396811 0.1563795 
Phalangeridae_Phalanger_orientalis           0.1072615 0.1033295 0.0787483 0.0916059 0.0942587 0.1203245 0.0376221 0.0159683 0.0908881 0.1411037 0.0130124 0.1328841 0.1193354 0.0000000 0.0775556 0.1356171 0.1307213 0.1251127 0.1345690 0.0814402 0.1095627 0.1530811 0.0987822 0.1259366 0.0970240 0.1022515 0.1098706 0.0849366 0.1139004 0.1228239 0.0916368 0.0045352 0.1283437 0.1268762 0.1367183 
Acrobatidae_Acrobates_pygmaeus               0.0790825 0.0988934 0.0771747 0.0911752 0.0949970 0.1408800 0.0757235 0.0736493 0.0935188 0.1190725 0.0737570 0.1381394 0.1284591 0.0775556 0.0000000 0.1365434 0.1416420 0.1371151 0.1137999 0.0858942 0.1013349 0.1211721 0.1224791 0.1396295 0.0862108 0.1015365 0.1000204 0.0822013 0.0963643 0.0864539 0.0465405 0.0814978 0.1097074 0.1407146 0.1162894 
Dasyuridae_Phascogale_calura                 0.1240986 0.1183536 0.1025748 0.1180383 0.1216962 0.0250995 0.1242049 0.1359196 0.1187499 0.1633889 0.1192233 0.0109580 0.0465145 0.1356171 0.1365434 0.0000000 0.0322793 0.0404435 0.1540556 0.1076154 0.1334415 0.1389654 0.1190935 0.0222064 0.1153547 0.1083174 0.1415608 0.1094205 0.1412751 0.1527723 0.1268563 0.1345406 0.1421782 0.0323915 0.1616101 
Dasyuridae_Sarcophilus_harrisii              0.1224019 0.1211369 0.1023388 0.1187977 0.1238037 0.0058557 0.1226211 0.1312574 0.1201180 0.1669875 0.1166171 0.0287062 0.0423186 0.1307213 0.1416420 0.0322793 0.0000000 0.0368841 0.1555387 0.1083412 0.1325156 0.1430007 0.1221087 0.0257726 0.1128255 0.1112331 0.1441420 0.1107239 0.1388991 0.1553960 0.1303704 0.1310482 0.1392855 0.0082450 0.1657199 
Dasyuridae_Planigale_tenuirostris            0.1171476 0.1152212 0.0973801 0.1138424 0.1187193 0.0350140 0.1142287 0.1259572 0.1148420 0.1578333 0.1126197 0.0355855 0.0394465 0.1251127 0.1371151 0.0404435 0.0368841 0.0000000 0.1461849 0.1042396 0.1307347 0.1470772 0.1269393 0.0328680 0.1123309 0.1019930 0.1402159 0.1078549 0.1351613 0.1482590 0.1246534 0.1277615 0.1363494 0.0372636 0.1589280 
Peramelidae_Echymipera_kalubu                0.1277107 0.1161010 0.1098844 0.1250056 0.1230533 0.1321978 0.1249320 0.1304424 0.1233567 0.0284121 0.1167362 0.1554862 0.1474527 0.1345690 0.1137999 0.1540556 0.1555387 0.1461849 0.0000000 0.1136476 0.1468741 0.1501237 0.1288707 0.1551247 0.1200879 0.1209381 0.1500670 0.1152325 0.1486582 0.1541880 0.1222686 0.1361495 0.0379790 0.1515457 0.0261771 
Macropodidae_Dorcopsulus_vanheurni           0.0843690 0.0841670 0.0560501 0.0247834 0.0257671 0.0943178 0.0691884 0.0798046 0.0256855 0.1272625 0.0698013 0.1031564 0.1058293 0.0814402 0.0858942 0.1076154 0.1083412 0.1042396 0.1136476 0.0000000 0.0823852 0.1213519 0.0982330 0.1040100 0.0413638 0.0877645 0.0812333 0.0074644 0.0816994 0.0952896 0.0628691 0.0829636 0.1087817 0.1026183 0.1233926 
Pseudochiridae_Pseudochirulus_forbesi        0.1157857 0.1136730 0.0817130 0.0929563 0.0960834 0.1224278 0.0985318 0.1102807 0.0921868 0.1616949 0.1083590 0.1289730 0.1303828 0.1095627 0.1013349 0.1334415 0.1325156 0.1307347 0.1468741 0.0823852 0.0000000 0.1542900 0.1506580 0.1273404 0.0911991 0.1069876 0.0559273 0.0834549 0.0218381 0.0958853 0.0759473 0.1168535 0.1503624 0.1267495 0.1558872 
Didelphidae_Didelphis_virginiana             0.1269660 0.1461739 0.1206493 0.1319484 0.1401522 0.1253268 0.1411023 0.1485722 0.1305643 0.1622038 0.1348344 0.1441686 0.1467283 0.1530811 0.1211721 0.1389654 0.1430007 0.1470772 0.1501237 0.1213519 0.1542900 0.0000000 0.0426926 0.1451575 0.1243241 0.1316881 0.1622358 0.1222469 0.1581105 0.1615974 0.1424585 0.1571016 0.1406862 0.1422923 0.1595814 
Marmosidae_Monodelphis_domestica             0.0963756 0.1132011 0.0885426 0.1044220 0.1083730 0.1212190 0.1025586 0.0957582 0.1122697 0.1340994 0.0962174 0.1175063 0.1227520 0.0987822 0.1224791 0.1190935 0.1221087 0.1269393 0.1288707 0.0982330 0.1506580 0.0426926 0.0000000 0.1230674 0.0973738 0.0998228 0.1484288 0.1004572 0.1484705 0.1330872 0.1227557 0.0993589 0.1234042 0.1220926 0.1310376 
Dasyuridae_Antechinus_stuartii               0.1250535 0.1165649 0.1012897 0.1153867 0.1188782 0.0245893 0.1203205 0.1283423 0.1167155 0.1651369 0.1178060 0.0172223 0.0388967 0.1259366 0.1396295 0.0222064 0.0257726 0.0328680 0.1551247 0.1040100 0.1273404 0.1451575 0.1230674 0.0000000 0.1140250 0.1075145 0.1389776 0.1065844 0.1364322 0.1543501 0.1260706 0.1253266 0.1420952 0.0238143 0.1646515 
Hypsiprymnodontidae_Hypsiprymnodon_moschatus 0.0771197 0.0933547 0.0642969 0.0476092 0.0510243 0.0947536 0.0821684 0.0942061 0.0481530 0.1316673 0.0746631 0.1118654 0.1188069 0.0970240 0.0862108 0.1153547 0.1128255 0.1123309 0.1200879 0.0413638 0.0911991 0.1243241 0.0973738 0.1140250 0.0000000 0.0923952 0.0894810 0.0404667 0.0878331 0.0982386 0.0720931 0.1002414 0.1142842 0.1108051 0.1300810 
Microbiotheriidae_Dromiciops_gliroides       0.0969460 0.0901266 0.0772724 0.0878494 0.0955658 0.0984378 0.0929382 0.0995342 0.0899753 0.1298941 0.0915638 0.1069573 0.1112512 0.1022515 0.1015365 0.1083174 0.1112331 0.1019930 0.1209381 0.0877645 0.1069876 0.1316881 0.0998228 0.1075145 0.0923952 0.0000000 0.1092809 0.0887820 0.1049880 0.1100914 0.0984573 0.1038898 0.1157310 0.1128840 0.1305934 
Pseudochiridae_Petauroides_volans            0.1114812 0.1110083 0.0785685 0.0879973 0.0894169 0.1295490 0.0968681 0.1122162 0.0861596 0.1648522 0.1045410 0.1384387 0.1404995 0.1098706 0.1000204 0.1415608 0.1441420 0.1402159 0.1500670 0.0812333 0.0559273 0.1622358 0.1484288 0.1389776 0.0894810 0.1092809 0.0000000 0.0820982 0.0499568 0.0903136 0.0755485 0.1157286 0.1475416 0.1393171 0.1618273 
Macropodidae_Wallabia_bicolor                0.0841219 0.0878674 0.0564935 0.0231574 0.0262026 0.0967637 0.0700727 0.0806195 0.0236364 0.1294409 0.0708458 0.1054733 0.1094794 0.0849366 0.0822013 0.1094205 0.1107239 0.1078549 0.1152325 0.0074644 0.0834549 0.1222469 0.1004572 0.1065844 0.0404667 0.0887820 0.0820982 0.0000000 0.0815742 0.0978441 0.0638613 0.0871299 0.1111282 0.1056304 0.1267318 
Pseudochiridae_Pseudocheirus_occidentalis    0.1133901 0.1128194 0.0801670 0.0911804 0.0957059 0.1253488 0.0967676 0.1118600 0.0920061 0.1634615 0.1068568 0.1365928 0.1394825 0.1139004 0.0963643 0.1412751 0.1388991 0.1351613 0.1486582 0.0816994 0.0218381 0.1581105 0.1484705 0.1364322 0.0878331 0.1049880 0.0499568 0.0815742 0.0000000 0.0919345 0.0723541 0.1180228 0.1523333 0.1333777 0.1612263 
Tarsipedidae_Tarsipes_rostratus              0.1150873 0.1260718 0.0980771 0.1060462 0.1141319 0.1326702 0.1050057 0.1188202 0.1059404 0.1624834 0.1055810 0.1510898 0.1505306 0.1228239 0.0864539 0.1527723 0.1553960 0.1482590 0.1541880 0.0952896 0.0958853 0.1615974 0.1330872 0.1543501 0.0982386 0.1100914 0.0903136 0.0978441 0.0919345 0.0000000 0.0876315 0.1290636 0.1495186 0.1511656 0.1608799 
Acrobatidae_Distoechurus_pennatus            0.0931917 0.0950856 0.0636146 0.0732674 0.0743538 0.1164192 0.0777214 0.0866396 0.0693684 0.1388058 0.0867230 0.1255866 0.1242590 0.0916368 0.0465405 0.1268563 0.1303704 0.1246534 0.1222686 0.0628691 0.0759473 0.1424585 0.1227557 0.1260706 0.0720931 0.0984573 0.0755485 0.0638613 0.0723541 0.0876315 0.0000000 0.0953079 0.1226095 0.1239616 0.1350686 
Phalangeridae_Phalanger_carmelitae           0.1110004 0.1082074 0.0824218 0.0929348 0.0951479 0.1190594 0.0398122 0.0166903 0.0921925 0.1440868 0.0139612 0.1324380 0.1193018 0.0045352 0.0814978 0.1345406 0.1310482 0.1277615 0.1361495 0.0829636 0.1168535 0.1571016 0.0993589 0.1253266 0.1002414 0.1038898 0.1157286 0.0871299 0.1180228 0.1290636 0.0953079 0.0000000 0.1345694 0.1263987 0.1377699 
Peramelidae_Peroryctes_raffrayana            0.1126680 0.1186095 0.1113257 0.1209336 0.1181158 0.1235422 0.1213493 0.1261912 0.1201729 0.0474622 0.1087111 0.1440957 0.1374930 0.1283437 0.1097074 0.1421782 0.1392855 0.1363494 0.0379790 0.1087817 0.1503624 0.1406862 0.1234042 0.1420952 0.1142842 0.1157310 0.1475416 0.1111282 0.1523333 0.1495186 0.1226095 0.1345694 0.0000000 0.1371497 0.0450919 
Dasyuridae_Dasyurus_geffroii                 0.1210592 0.1148153 0.0982556 0.1147004 0.1194431 0.0058660 0.1194324 0.1262091 0.1148433 0.1655720 0.1173518 0.0267343 0.0396811 0.1268762 0.1407146 0.0323915 0.0082450 0.0372636 0.1515457 0.1026183 0.1267495 0.1422923 0.1220926 0.0238143 0.1108051 0.1128840 0.1393171 0.1056304 0.1333777 0.1511656 0.1239616 0.1263987 0.1371497 0.0000000 0.1623570 
Peramelidae_Perameles_gunnii                 0.1369011 0.1268887 0.1195632 0.1355172 0.1341365 0.1407897 0.1273512 0.1320031 0.1351422 0.0041767 0.1156178 0.1642526 0.1563795 0.1367183 0.1162894 0.1616101 0.1657199 0.1589280 0.0261771 0.1233926 0.1558872 0.1595814 0.1310376 0.1646515 0.1300810 0.1305934 0.1618273 0.1267318 0.1612263 0.1608799 0.1350686 0.1377699 0.0450919 0.1623570 0.0000000 
