35
Burramyidae_Burramys_parvus                  0.0000000 0.1211578 0.0873372 0.0952702 0.0969148 0.1166006 0.0771715 0.0767742 0.0936236 0.1409606 0.0719689 0.1184732 0.1078207 0.0759261 0.0812863 0.1178714 0.1155295 0.1073010 0.1394068 0.0807924 0.0872388 0.1474020 0.1344962 0.1143599 0.0887641 0.1106772 0.0849373 0.0777183 0.0846484 0.1084279 0.0824501 0.0758680 0.1404150 0.1137887 0.1350723 
Notoryctidae_Notoryctes_typhlops             0.1211578 0.0000000 0.1138733 0.1193487 0.1201268 0.1316596 0.1191966 0.1183711 0.1181675 0.1273648 0.1129736 0.1389181 0.1262736 0.1164128 0.1160172 0.1380551 0.1299582 0.1292407 0.1335107 0.1105313 0.1291034 0.1720394 0.1547014 0.1365501 0.1252856 0.1201223 0.1300706 0.1052677 0.1330700 0.1541010 0.1153395 0.1163147 0.1345367 0.1282635 0.1267275 
Vombatidae_Lasiorhinus_latifrons             0.0873372 0.1138733 0.0000000 0.0925836 0.0933309 0.1085331 0.0769914 0.0710700 0.0918322 0.1178569 0.0706213 0.1137916 0.1065282 0.0729671 0.0872651 0.1161127 0.1116753 0.1095237 0.1230811 0.0768875 0.0941221 0.1426339 0.1264755 0.1150417 0.0979609 0.0958909 0.0866988 0.0715717 0.0879098 0.1082802 0.0846899 0.0729111 0.1202378 0.1086234 0.1164951 
Potoroidae_Bettongia_penicillata             0.0952702 0.1193487 0.0925836 0.0000000 0.0088348 0.1245778 0.0816153 0.0845989 0.0296371 0.1299721 0.0790666 0.1315193 0.1221423 0.0802900 0.0803562 0.1298445 0.1225066 0.1227140 0.1351652 0.0411111 0.0915723 0.1608652 0.1457632 0.1231116 0.0683454 0.1081215 0.0911223 0.0384008 0.0906363 0.1079752 0.0820676 0.0819451 0.1385530 0.1207627 0.1284167 
Potoroidae_Bettongia_lesueur                 0.0969148 0.1201268 0.0933309 0.0088348 0.0000000 0.1263285 0.0832378 0.0836082 0.0303347 0.1297228 0.0815556 0.1343016 0.1219376 0.0810274 0.0810941 0.1316092 0.1232740 0.1236110 0.1359302 0.0395354 0.0904988 0.1594191 0.1478514 0.1258461 0.0682481 0.1069922 0.0927797 0.0368270 0.0923135 0.1087536 0.0828061 0.0826824 0.1394091 0.1234836 0.1291840 
Dasyuridae_Dasyurus_maculatus                0.1166006 0.1316596 0.1085331 0.1245778 0.1263285 0.0000000 0.1170841 0.1133336 0.1228305 0.1309491 0.1128017 0.0376408 0.0412201 0.1133336 0.1217465 0.0344613 0.0152324 0.0447773 0.1351586 0.1152438 0.1298195 0.1603481 0.1558359 0.0301217 0.1315035 0.1106772 0.1198673 0.1104397 0.1255207 0.1374187 0.1161187 0.1132401 0.1241116 0.0089096 0.1285203 
Phalangeridae_Trichosurus_vulpecula          0.0771715 0.1191966 0.0769914 0.0816153 0.0832378 0.1170841 0.0000000 0.0324108 0.0852472 0.1291177 0.0276146 0.1166013 0.1044931 0.0301001 0.0848576 0.1160113 0.1121387 0.1030031 0.1326126 0.0725452 0.0916344 0.1520239 0.1330390 0.1162042 0.0911795 0.1112013 0.0827619 0.0689551 0.0875694 0.1113608 0.0812968 0.0301175 0.1323113 0.1104000 0.1273797 
Phalangeridae_Spilocuscus_maculatus          0.0767742 0.1183711 0.0710700 0.0845989 0.0836082 0.1133336 0.0324108 0.0000000 0.0864615 0.1340389 0.0132205 0.1141856 0.1065954 0.0136919 0.0775510 0.1145743 0.1075552 0.1068892 0.1382309 0.0740041 0.0891392 0.1455106 0.1337633 0.1143686 0.0915802 0.0975908 0.0797222 0.0678472 0.0856320 0.1094395 0.0792459 0.0129856 0.1370422 0.1096218 0.1330484 
Potoroidae_Aepyprymnus_rufescens             0.0936236 0.1181675 0.0918322 0.0296371 0.0303347 0.1228305 0.0852472 0.0864615 0.0000000 0.1275284 0.0818635 0.1297480 0.1184961 0.0821270 0.0874052 0.1270924 0.1188204 0.1206747 0.1354079 0.0335926 0.0945184 0.1646223 0.1496905 0.1213635 0.0643413 0.1111763 0.0939746 0.0308715 0.0926041 0.1041533 0.0813240 0.0837906 0.1382898 0.1190214 0.1297448 
Peramelidae_Perameles_nasuta                 0.1409606 0.1273648 0.1178569 0.1299721 0.1297228 0.1309491 0.1291177 0.1340389 0.1275284 0.0000000 0.1288345 0.1444014 0.1242705 0.1294856 0.1220082 0.1371723 0.1318020 0.1288285 0.0240505 0.1305753 0.1547159 0.1807169 0.1656291 0.1337673 0.1341581 0.1178669 0.1478432 0.1228610 0.1453992 0.1549312 0.1089802 0.1293645 0.0192795 0.1315490 0.0014924 
Phalangeridae_Strigocuscus_pelengensis       0.0719689 0.1129736 0.0706213 0.0790666 0.0815556 0.1128017 0.0276146 0.0132205 0.0818635 0.1288345 0.0000000 0.1107344 0.1040646 0.0110860 0.0720147 0.1110507 0.1078834 0.1024005 0.1328389 0.0668370 0.0795540 0.1444887 0.1321269 0.1101747 0.0870177 0.1011127 0.0715550 0.0619803 0.0763010 0.1057382 0.0729141 0.0103755 0.1303266 0.1080637 0.1272713 
Dasyuridae_Phascogale_tapoatafa              0.1184732 0.1389181 0.1137916 0.1315193 0.1343016 0.0376408 0.1166013 0.1141856 0.1297480 0.1444014 0.1107344 0.0000000 0.0453485 0.1161157 0.1203021 0.0068118 0.0346059 0.0476879 0.1433397 0.1205610 0.1283094 0.1568766 0.1598286 0.0228024 0.1335355 0.1202583 0.1143597 0.1128224 0.1234859 0.1433770 0.1199413 0.1160189 0.1325480 0.0338056 0.1406280 
Dasyuridae_Sminthopsis_macroura              0.1078207 0.1262736 0.1065282 0.1221423 0.1219376 0.0412201 0.1044931 0.1065954 0.1184961 0.1242705 0.1040646 0.0453485 0.0000000 0.1075277 0.1166765 0.0420728 0.0382574 0.0246274 0.1292880 0.1105160 0.1263673 0.1432961 0.1454488 0.0360604 0.1254744 0.1059568 0.1157257 0.1020325 0.1189906 0.1356768 0.1092620 0.1074404 0.1156982 0.0374477 0.1247076 
Phalangeridae_Phalanger_orientalis           0.0759261 0.1164128 0.0729671 0.0802900 0.0810274 0.1133336 0.0301001 0.0136919 0.0821270 0.1294856 0.0110860 0.1161157 0.1075277 0.0000000 0.0775510 0.1155345 0.1084974 0.1055852 0.1322612 0.0698197 0.0854826 0.1460682 0.1343045 0.1153328 0.0872014 0.0985220 0.0771255 0.0653515 0.0837831 0.1064845 0.0775420 0.0020112 0.1324360 0.1086756 0.1271080 
Acrobatidae_Acrobates_pygmaeus               0.0812863 0.1160172 0.0872651 0.0803562 0.0810941 0.1217465 0.0848576 0.0775510 0.0874052 0.1220082 0.0720147 0.1203021 0.1166765 0.0775510 0.0000000 0.1196942 0.1206618 0.1112160 0.1284230 0.0772183 0.0832770 0.1465741 0.1351157 0.1198161 0.0887505 0.1021012 0.0795490 0.0718354 0.0790546 0.0952897 0.0463291 0.0749510 0.1319257 0.1189197 0.1205219 
Dasyuridae_Phascogale_calura                 0.1178714 0.1380551 0.1161127 0.1298445 0.1316092 0.0344613 0.1160113 0.1145743 0.1270924 0.1371723 0.1110507 0.0068118 0.0420728 0.1155345 0.1196942 0.0000000 0.0315315 0.0438622 0.1395415 0.1170646 0.1286577 0.1574060 0.1586456 0.0198339 0.1308455 0.1160139 0.1168099 0.1093953 0.1241709 0.1431195 0.1193322 0.1154387 0.1288472 0.0307433 0.1338391 
Dasyuridae_Sarcophilus_harrisii              0.1155295 0.1299582 0.1116753 0.1225066 0.1232740 0.0152324 0.1121387 0.1075552 0.1188204 0.1318020 0.1078834 0.0346059 0.0382574 0.1084974 0.1206618 0.0315315 0.0000000 0.0419727 0.1334930 0.1122845 0.1286478 0.1573750 0.1510585 0.0271065 0.1284028 0.1085717 0.1196568 0.1074966 0.1248568 0.1362209 0.1150525 0.1084084 0.1227937 0.0116834 0.1308294 
Dasyuridae_Planigale_tenuirostris            0.1073010 0.1292407 0.1095237 0.1227140 0.1236110 0.0447773 0.1030031 0.1068892 0.1206747 0.1288285 0.1024005 0.0476879 0.0246274 0.1055852 0.1112160 0.0438622 0.0419727 0.0000000 0.1319817 0.1136664 0.1322843 0.1550320 0.1536121 0.0398214 0.1289744 0.1021126 0.1215231 0.1055870 0.1246907 0.1404035 0.1140013 0.1044884 0.1250230 0.0400983 0.1282106 
Peramelidae_Echymipera_kalubu                0.1394068 0.1335107 0.1230811 0.1351652 0.1359302 0.1351586 0.1326126 0.1382309 0.1354079 0.0240505 0.1328389 0.1433397 0.1292880 0.1322612 0.1284230 0.1395415 0.1334930 0.1319817 0.0000000 0.1314879 0.1542337 0.1725453 0.1556228 0.1384247 0.1391937 0.1212046 0.1503142 0.1227150 0.1474128 0.1591871 0.1144882 0.1321503 0.0168833 0.1342595 0.0274717 
Macropodidae_Dorcopsulus_vanheurni           0.0807924 0.1105313 0.0768875 0.0411111 0.0395354 0.1152438 0.0725452 0.0740041 0.0335926 0.1305753 0.0668370 0.1205610 0.1105160 0.0698197 0.0772183 0.1170646 0.1122845 0.1136664 0.1314879 0.0000000 0.0870383 0.1591228 0.1421995 0.1142713 0.0576361 0.0982864 0.0869995 0.0089525 0.0844208 0.0979226 0.0757429 0.0714342 0.1291000 0.1124704 0.1259018 
Pseudochiridae_Pseudochirulus_forbesi        0.0872388 0.1291034 0.0941221 0.0915723 0.0904988 0.1298195 0.0916344 0.0891392 0.0945184 0.1547159 0.0795540 0.1283094 0.1263673 0.0854826 0.0832770 0.1286577 0.1286478 0.1322843 0.1542337 0.0870383 0.0000000 0.1485947 0.1418207 0.1289777 0.1057258 0.1193685 0.0337128 0.0838866 0.0169041 0.0904229 0.0735258 0.0854132 0.1564134 0.1268014 0.1492182 
Didelphidae_Didelphis_virginiana             0.1474020 0.1720394 0.1426339 0.1608652 0.1594191 0.1603481 0.1520239 0.1455106 0.1646223 0.1807169 0.1444887 0.1568766 0.1432961 0.1460682 0.1465741 0.1574060 0.1573750 0.1550320 0.1725453 0.1591228 0.1485947 0.0000000 0.0443613 0.1513940 0.1655909 0.1342632 0.1408516 0.1475211 0.1459424 0.1585462 0.1383294 0.1459338 0.1818114 0.1564504 0.1726637 
Marmosidae_Monodelphis_domestica             0.1344962 0.1547014 0.1264755 0.1457632 0.1478514 0.1558359 0.1330390 0.1337633 0.1496905 0.1656291 0.1321269 0.1598286 0.1454488 0.1343045 0.1351157 0.1586456 0.1510585 0.1536121 0.1556228 0.1421995 0.1418207 0.0443613 0.0000000 0.1533258 0.1478289 0.1125466 0.1336110 0.1305445 0.1397276 0.1497041 0.1273798 0.1341724 0.1665033 0.1504198 0.1594235 
Dasyuridae_Antechinus_stuartii               0.1143599 0.1365501 0.1150417 0.1231116 0.1258461 0.0301217 0.1162042 0.1143686 0.1213635 0.1337673 0.1101747 0.0228024 0.0360604 0.1153328 0.1198161 0.0198339 0.0271065 0.0398214 0.1384247 0.1142713 0.1289777 0.1513940 0.1533258 0.0000000 0.1294824 0.1120167 0.1168137 0.1098494 0.1206455 0.1384886 0.1162123 0.1152368 0.1231220 0.0263324 0.1335997 
Hypsiprymnodontidae_Hypsiprymnodon_moschatus 0.0887641 0.1252856 0.0979609 0.0683454 0.0682481 0.1315035 0.0911795 0.0915802 0.0643413 0.1341581 0.0870177 0.1335355 0.1254744 0.0872014 0.0887505 0.1308455 0.1284028 0.1289744 0.1391937 0.0576361 0.1057258 0.1655909 0.1478289 0.1294824 0.0000000 0.1125368 0.1002098 0.0516114 0.0978172 0.1160982 0.0870022 0.0906303 0.1349203 0.1286240 0.1355094 
Microbiotheriidae_Dromiciops_gliroides       0.1106772 0.1201223 0.0958909 0.1081215 0.1069922 0.1106772 0.1112013 0.0975908 0.1111763 0.1178669 0.1011127 0.1202583 0.1059568 0.0985220 0.1021012 0.1160139 0.1085717 0.1021126 0.1212046 0.0982864 0.1193685 0.1342632 0.1125466 0.1120167 0.1125368 0.0000000 0.1127784 0.0939758 0.1175196 0.1247307 0.1015752 0.0984412 0.1175356 0.1074360 0.1156217 
Pseudochiridae_Petauroides_volans            0.0849373 0.1300706 0.0866988 0.0911223 0.0927797 0.1198673 0.0827619 0.0797222 0.0939746 0.1478432 0.0715550 0.1143597 0.1157257 0.0771255 0.0795490 0.1168099 0.1196568 0.1215231 0.1503142 0.0869995 0.0337128 0.1408516 0.1336110 0.1168137 0.1002098 0.1127784 0.0000000 0.0833141 0.0284996 0.0875742 0.0709689 0.0770655 0.1465428 0.1165094 0.1444566 
Macropodidae_Wallabia_bicolor                0.0777183 0.1052677 0.0715717 0.0384008 0.0368270 0.1104397 0.0689551 0.0678472 0.0308715 0.1228610 0.0619803 0.1128224 0.1020325 0.0653515 0.0718354 0.1093953 0.1074966 0.1055870 0.1227150 0.0089525 0.0838866 0.1475211 0.1305445 0.1098494 0.0516114 0.0939758 0.0833141 0.0000000 0.0788673 0.1016529 0.0687298 0.0669627 0.1212473 0.1076739 0.1198873 
Pseudochiridae_Pseudocheirus_occidentalis    0.0846484 0.1330700 0.0879098 0.0906363 0.0923135 0.1255207 0.0875694 0.0856320 0.0926041 0.1453992 0.0763010 0.1234859 0.1189906 0.0837831 0.0790546 0.1241709 0.1248568 0.1246907 0.1474128 0.0844208 0.0169041 0.1459424 0.1397276 0.1206455 0.0978172 0.1175196 0.0284996 0.0788673 0.0000000 0.0889267 0.0703692 0.0837164 0.1468384 0.1200288 0.1404191 
Tarsipedidae_Tarsipes_rostratus              0.1084279 0.1541010 0.1082802 0.1079752 0.1087536 0.1374187 0.1113608 0.1094395 0.1041533 0.1549312 0.1057382 0.1433770 0.1356768 0.1064845 0.0952897 0.1431195 0.1362209 0.1404035 0.1591871 0.0979226 0.0904229 0.1585462 0.1497041 0.1384886 0.1160982 0.1247307 0.0875742 0.1016529 0.0889267 0.0000000 0.0946700 0.1083018 0.1574490 0.1359722 0.1475751 
Acrobatidae_Distoechurus_pennatus            0.0824501 0.1153395 0.0846899 0.0820676 0.0828061 0.1161187 0.0812968 0.0792459 0.0813240 0.1089802 0.0729141 0.1199413 0.1092620 0.0775420 0.0463291 0.1193322 0.1150525 0.1140013 0.1144882 0.0757429 0.0735258 0.1383294 0.1273798 0.1162123 0.0870022 0.1015752 0.0709689 0.0687298 0.0703692 0.0946700 0.0000000 0.0774825 0.1131520 0.1133178 0.1068542 
Phalangeridae_Phalanger_carmelitae           0.0758680 0.1163147 0.0729111 0.0819451 0.0826824 0.1132401 0.0301175 0.0129856 0.0837906 0.1293645 0.0103755 0.1160189 0.1074404 0.0020112 0.0749510 0.1154387 0.1084084 0.1044884 0.1321503 0.0714342 0.0854132 0.1459338 0.1341724 0.1152368 0.0906303 0.0984412 0.0770655 0.0669627 0.0837164 0.1083018 0.0774825 0.0000000 0.1323113 0.1085864 0.1270014 
Peramelidae_Peroryctes_raffrayana            0.1404150 0.1345367 0.1202378 0.1385530 0.1394091 0.1241116 0.1323113 0.1370422 0.1382898 0.0192795 0.1303266 0.1325480 0.1156982 0.1324360 0.1319257 0.1288472 0.1227937 0.1250230 0.0168833 0.1291000 0.1564134 0.1818114 0.1665033 0.1231220 0.1349203 0.1175356 0.1465428 0.1212473 0.1468384 0.1574490 0.1131520 0.1323113 0.0000000 0.1236441 0.0193888 
Dasyuridae_Dasyurus_geffroii                 0.1137887 0.1282635 0.1086234 0.1207627 0.1234836 0.0089096 0.1104000 0.1096218 0.1190214 0.1315490 0.1080637 0.0338056 0.0374477 0.1086756 0.1189197 0.0307433 0.0116834 0.0400983 0.1342595 0.1124704 0.1268014 0.1564504 0.1504198 0.0263324 0.1286240 0.1074360 0.1165094 0.1076739 0.1200288 0.1359722 0.1133178 0.1085864 0.1236441 0.0000000 0.1296102 
Peramelidae_Perameles_gunnii                 0.1350723 0.1267275 0.1164951 0.1284167 0.1291840 0.1285203 0.1273797 0.1330484 0.1297448 0.0014924 0.1272713 0.1406280 0.1247076 0.1271080 0.1205219 0.1338391 0.1308294 0.1282106 0.0274717 0.1259018 0.1492182 0.1726637 0.1594235 0.1335997 0.1355094 0.1156217 0.1444566 0.1198873 0.1404191 0.1475751 0.1068542 0.1270014 0.0193888 0.1296102 0.0000000 
