51
Betula_platyphylla          0.0000000 0.0173683 0.0521786 0.0411298 0.0531181 0.0304654 0.1128360 0.0384600 0.0455912 0.0489887 0.0379473 0.0524365 0.1101327 0.0303203 0.0611104 0.0614492 0.0596216 0.0629641 0.0594664 0.0606919 0.0593788 0.0609048 0.0616429 0.0592559 0.0626514 0.0626556 0.0443416 0.0507526 0.0312536 0.0266628 0.0550351 0.0401007 0.0707537 0.0563049 0.0614472 0.1038833 0.0570356 0.0716451 0.1042600 0.0966540 0.0682338 0.0674285 0.0559310 0.0601531 0.0730433 0.0643534 0.0778238 0.1252560 0.5812206 0.5344181 0.5598602 
Carpinus_betulus            0.0173683 0.0000000 0.0529082 0.0450159 0.0607724 0.0353126 0.1149489 0.0439322 0.0491541 0.0509779 0.0409710 0.0546917 0.1138386 0.0340946 0.0641328 0.0643424 0.0626514 0.0656904 0.0624932 0.0637019 0.0624035 0.0638004 0.0644890 0.0622809 0.0653705 0.0653749 0.0486098 0.0522763 0.0348545 0.0305944 0.0572115 0.0437112 0.0706086 0.0582088 0.0641946 0.1013048 0.0580117 0.0794777 0.1016846 0.0903946 0.0710336 0.0702051 0.0567617 0.0633237 0.0809062 0.0644390 0.0857769 0.1218837 0.5520416 0.5032148 0.5167965 
Castanea_sativa             0.0521786 0.0529082 0.0000000 0.0589286 0.0124714 0.0488543 0.1172543 0.0555216 0.0618116 0.0424052 0.0534031 0.0079897 0.1163543 0.0514469 0.0650121 0.0645986 0.0667488 0.0673187 0.0669076 0.0648352 0.0668089 0.0673564 0.0652786 0.0667047 0.0669957 0.0670003 0.0629773 0.0079299 0.0488054 0.0546141 0.0117588 0.0548065 0.0830382 0.0657314 0.0672973 0.1032824 0.0619949 0.0852603 0.1019820 0.0965918 0.0677773 0.0669564 0.0604984 0.0680421 0.0853331 0.0707402 0.0929970 0.1215832 0.6384527 0.6145577 0.6073982 
Casuarina_equisetifolia     0.0411298 0.0450159 0.0589286 0.0000000 0.0582792 0.0487007 0.1087221 0.0530818 0.0554800 0.0587825 0.0506492 0.0589870 0.1169622 0.0471677 0.0708987 0.0722665 0.0704689 0.0726167 0.0715832 0.0711846 0.0697490 0.0714774 0.0722073 0.0710240 0.0728047 0.0728047 0.0579841 0.0535696 0.0476780 0.0469573 0.0606751 0.0492133 0.0674741 0.0604776 0.0626113 0.0432234 0.0576666 0.0883390 0.0432234 0.0432234 0.0532506 0.0557805 0.0570689 0.0601616 0.0884191 0.0630860 0.0936740 0.1298792 0.8492291 0.9078562 0.8091138 
Chrysolepis_sempervirens    0.0531181 0.0607724 0.0124714 0.0582792 0.0000000 0.0560227 0.0727410 0.0617373 0.0394852 0.0545896 0.0572739 0.0139846 0.0966482 0.0629592 0.0647143 0.0664054 0.0665560 0.0669584 0.0669671 0.0650932 0.0667049 0.0666336 0.0678284 0.0662230 0.0673018 0.0673018 0.0656972 0.0142061 0.0551468 0.0655161 0.0182632 0.0671432 0.2028776 0.0881580 0.0896421 0.0551532 0.0818139 0.0848849 0.0455639 0.0455639 0.0447589 0.0471934 0.0804447 0.0883862 0.0863886 0.0935251 0.0925886 0.0893277 0.8546580 0.7056957 0.7318400 
Comptonia_peregrina         0.0304654 0.0353126 0.0488543 0.0487007 0.0560227 0.0000000 0.0963236 0.0372084 0.0393286 0.0423111 0.0341971 0.0505302 0.1099927 0.0057929 0.0533896 0.0533791 0.0547540 0.0555106 0.0543798 0.0547713 0.0537480 0.0552019 0.0535432 0.0538722 0.0553182 0.0555106 0.0413308 0.0468324 0.0291552 0.0335253 0.0504812 0.0369428 0.0430207 0.0422266 0.0442440 0.0597928 0.0396986 0.0654675 0.0519643 0.0519643 0.0419633 0.0443583 0.0383480 0.0417646 0.0681714 0.0454982 0.0714668 0.1174440 0.8051311 0.7153114 0.7569216 
Cucumis_sativus             0.1128360 0.1149489 0.1172543 0.1087221 0.0727410 0.0963236 0.0000000 0.1162684 0.1164617 0.0983957 0.1131707 0.1175011 0.1084364 0.1107956 0.1052429 0.1059299 0.1070043 0.1057794 0.1050267 0.1035528 0.1067671 0.1087566 0.1035218 0.1057041 0.1051443 0.1047862 0.1167089 0.1027413 0.1086656 0.0969427 0.1196243 0.1314808 0.1288940 0.0959547 0.0971140 0.1305460 0.0917828 0.0702138 0.1252705 0.1271053 0.0966618 0.0951030 0.0923715 0.0971384 0.0720845 0.1008166 0.0802760 0.1108804 1.0230189 1.0702123 1.0179956 
Cyclocarya_paliurus         0.0384600 0.0439322 0.0555216 0.0530818 0.0617373 0.0372084 0.1162684 0.0000000 0.0184773 0.0538440 0.0058912 0.0583783 0.1175782 0.0384367 0.0656237 0.0650420 0.0672378 0.0673384 0.0668087 0.0651318 0.0672667 0.0681959 0.0656881 0.0666040 0.0670125 0.0671846 0.0153373 0.0536291 0.0218032 0.0424516 0.0588439 0.0092252 0.0652726 0.0572231 0.0583758 0.0945369 0.0558727 0.0726907 0.0948853 0.0892768 0.0650570 0.0642590 0.0551970 0.0574962 0.0741016 0.0624264 0.0802621 0.1284968 0.2721686 0.2197226 0.2605922 
Engelhardia_fenzelii        0.0455912 0.0491541 0.0618116 0.0554800 0.0394852 0.0393286 0.1164617 0.0184773 0.0000000 0.0565671 0.0154763 0.0614053 0.1128984 0.0436519 0.0715564 0.0723770 0.0734633 0.0726930 0.0716979 0.0704330 0.0726103 0.0747164 0.0716077 0.0717200 0.0721119 0.0721180 0.0219136 0.0568004 0.0204215 0.0420368 0.0642515 0.0185041 0.1069131 0.0666551 0.0675280 0.1085065 0.0668469 0.0441677 0.1089072 0.0996881 0.0664594 0.0668869 0.0638909 0.0683849 0.0450308 0.0767266 0.0526777 0.1245562 0.0507763 0.0153933 0.0429737 
Fagus_grandifolia           0.0489887 0.0509779 0.0424052 0.0587825 0.0545896 0.0423111 0.0983957 0.0538440 0.0565671 0.0000000 0.0510165 0.0429282 0.1088440 0.0436865 0.0622353 0.0612524 0.0631211 0.0635770 0.0625009 0.0617382 0.0634108 0.0637484 0.0608976 0.0622671 0.0633188 0.0631516 0.0584896 0.0438321 0.0483025 0.0497192 0.0449192 0.0477258 0.0702862 0.0557012 0.0578971 0.1029010 0.0520404 0.0749258 0.1007362 0.0954734 0.0582931 0.0587552 0.0523752 0.0578262 0.0763276 0.0598369 0.0811135 0.1224054 0.9346924 0.7931474 0.8605833 
Juglans_nigra               0.0379473 0.0409710 0.0534031 0.0506492 0.0572739 0.0341971 0.1131707 0.0058912 0.0154763 0.0510165 0.0000000 0.0562760 0.1114291 0.0360422 0.0635775 0.0630453 0.0655088 0.0656976 0.0646300 0.0630998 0.0655364 0.0664379 0.0635487 0.0644297 0.0653823 0.0655507 0.0148710 0.0524841 0.0181596 0.0401971 0.0579266 0.0075317 0.0694910 0.0553407 0.0576751 0.0967703 0.0548178 0.0695443 0.0956347 0.0905389 0.0617605 0.0610087 0.0529665 0.0568261 0.0709203 0.0613983 0.0769344 0.1186863 0.2678202 0.2186543 0.2607976 
Lithocarpus_henryi          0.0524365 0.0546917 0.0079897 0.0589870 0.0139846 0.0505302 0.1175011 0.0583783 0.0614053 0.0429282 0.0562760 0.0000000 0.1152936 0.0523267 0.0651768 0.0655864 0.0661318 0.0673356 0.0671338 0.0649937 0.0661927 0.0665021 0.0652420 0.0669219 0.0672485 0.0672533 0.0641503 0.0104669 0.0509031 0.0550819 0.0134259 0.0562679 0.0837360 0.0650647 0.0659135 0.1095308 0.0605434 0.0864632 0.1121434 0.0999543 0.0648399 0.0652836 0.0610126 0.0671357 0.0858090 0.0698557 0.0935167 0.1215906 0.7444576 0.7203079 0.7007686 
Lotus_japonicus             0.1101327 0.1138386 0.1163543 0.1169622 0.0966482 0.1099927 0.1084364 0.1175782 0.1128984 0.1088440 0.1114291 0.1152936 0.0000000 0.1131689 0.1067363 0.1069567 0.1050325 0.1075443 0.1055607 0.1064502 0.1041459 0.1063509 0.1044972 0.1051559 0.1075443 0.1075443 0.1176620 0.1133637 0.1098690 0.1077355 0.1191598 0.0925138 0.0442251 0.1093827 0.1049281 0.0519475 0.0940504 0.1025281 0.0442251 0.0442251 0.1009780 0.1027604 0.0947748 0.1031999 0.1017176 0.1069419 0.1086934 0.1179810 9.0000000 9.0000000 9.0000000 
Morella_cerifera            0.0303203 0.0340946 0.0514469 0.0471677 0.0629592 0.0057929 0.1107956 0.0384367 0.0436519 0.0436865 0.0360422 0.0523267 0.1131689 0.0000000 0.0585801 0.0579286 0.0580737 0.0601739 0.0589708 0.0590172 0.0574685 0.0589776 0.0578196 0.0583267 0.0603999 0.0606389 0.0437126 0.0474292 0.0311311 0.0342420 0.0533022 0.0417891 0.0459784 0.0401438 0.0484051 0.0711719 0.0413702 0.0932479 0.0711719 0.0711719 0.0497643 0.0538713 0.0412186 0.0437506 0.0946184 0.0452387 0.1000586 0.1459017 0.8423970 0.7592857 0.7930649 
Nothofagus_alessandri       0.0611104 0.0641328 0.0650121 0.0708987 0.0647143 0.0533896 0.1052429 0.0656237 0.0715564 0.0622353 0.0635775 0.0651768 0.1067363 0.0585801 0.0000000 0.0086398 0.0161815 0.0060140 0.0161404 0.0045157 0.0165619 0.0172175 0.0087401 0.0156480 0.0055667 0.0055613 0.0662886 0.0607170 0.0575889 0.0551994 0.0645657 0.0637927 0.0158702 0.0174660 0.0154445 0.0228391 0.0132973 0.0170554 0.0204005 0.0106164 0.0154113 0.0148746 0.0110209 0.0128330 0.0191488 0.0158365 0.0228123 0.1114136 0.7265096 0.6959609 0.6965136 
Nothofagus_antarctica       0.0614492 0.0643424 0.0645986 0.0722665 0.0664054 0.0533791 0.1059299 0.0650420 0.0723770 0.0612524 0.0630453 0.0655864 0.1069567 0.0579286 0.0086398 0.0000000 0.0169771 0.0103401 0.0163036 0.0090759 0.0179876 0.0186907 0.0030634 0.0161105 0.0098780 0.0098680 0.0663699 0.0607160 0.0583642 0.0579039 0.0655827 0.0630822 0.0119926 0.0172395 0.0129651 0.0082310 0.0045342 0.0191384 0.0058692 0.0094439 0.0104979 0.0099834 0.0033771 0.0108914 0.0201937 0.0081637 0.0244171 0.1183748 0.6866986 0.6596146 0.6526791 
Nothofagus_cunninghamii     0.0596216 0.0626514 0.0667488 0.0704689 0.0665560 0.0547540 0.1070043 0.0672378 0.0734633 0.0631211 0.0655088 0.0661318 0.1050325 0.0580737 0.0161815 0.0169771 0.0000000 0.0170756 0.0059576 0.0162862 0.0033778 0.0026422 0.0171650 0.0060946 0.0168912 0.0168728 0.0698724 0.0619615 0.0594206 0.0578334 0.0682455 0.0625075 0.0228271 0.0089285 0.0225552 0.0209275 0.0175611 0.0346204 0.0184490 0.0121557 0.0190741 0.0185219 0.0160665 0.0203338 0.0357401 0.0198124 0.0407314 0.1087188 0.6893802 0.6798129 0.6683484 
Nothofagus_fusca            0.0629641 0.0656904 0.0673187 0.0726167 0.0669584 0.0555106 0.1057794 0.0673384 0.0726930 0.0635770 0.0656976 0.0673356 0.1075443 0.0601739 0.0060140 0.0103401 0.0170756 0.0000000 0.0171777 0.0037721 0.0171240 0.0181178 0.0102935 0.0163447 0.0004304 0.0007174 0.0683239 0.0630425 0.0589557 0.0567994 0.0671986 0.0645453 0.0147134 0.0180498 0.0151332 0.0154618 0.0130454 0.0196196 0.0179644 0.0035136 0.0144120 0.0138803 0.0103638 0.0135225 0.0217306 0.0161398 0.0254193 0.1114862 0.7061185 0.6837409 0.6761845 
Nothofagus_glauca           0.0594664 0.0624932 0.0669076 0.0715832 0.0669671 0.0543798 0.1050267 0.0668087 0.0716979 0.0625009 0.0646300 0.0671338 0.1055607 0.0589708 0.0161404 0.0163036 0.0059576 0.0171777 0.0000000 0.0157947 0.0065798 0.0070366 0.0174913 0.0010258 0.0166893 0.0167109 0.0686296 0.0618766 0.0586420 0.0575668 0.0678579 0.0619367 0.0213904 0.0035018 0.0213068 0.0183743 0.0169781 0.0327434 0.0184493 0.0121668 0.0175600 0.0170085 0.0149798 0.0196181 0.0338650 0.0200188 0.0383229 0.1094483 0.6816217 0.6594797 0.6607082 
Nothofagus_gunnii           0.0606919 0.0637019 0.0648352 0.0711846 0.0650932 0.0547713 0.1035528 0.0651318 0.0704330 0.0617382 0.0630998 0.0649937 0.1064502 0.0590172 0.0045157 0.0090759 0.0162862 0.0037721 0.0157947 0.0000000 0.0166659 0.0176547 0.0091894 0.0153036 0.0033325 0.0033293 0.0653384 0.0603004 0.0563246 0.0558318 0.0648715 0.0619898 0.0143960 0.0174097 0.0149168 0.0154937 0.0130153 0.0191310 0.0130878 0.0011664 0.0134540 0.0129257 0.0103149 0.0123225 0.0212415 0.0155849 0.0249304 0.1115185 0.7094399 0.6836137 0.6842332 
Nothofagus_menziesii        0.0593788 0.0624035 0.0668089 0.0697490 0.0667049 0.0537480 0.1067671 0.0672667 0.0726103 0.0634108 0.0655364 0.0661927 0.1041459 0.0574685 0.0165619 0.0179876 0.0033778 0.0171240 0.0065798 0.0166659 0.0000000 0.0047329 0.0181682 0.0064201 0.0169390 0.0169205 0.0700196 0.0622459 0.0592777 0.0575593 0.0681041 0.0625485 0.0244588 0.0098921 0.0236568 0.0222567 0.0191037 0.0363121 0.0197663 0.0134305 0.0195989 0.0190439 0.0175662 0.0214168 0.0374402 0.0213861 0.0424639 0.1087099 0.6874728 0.6863055 0.6663846 
Nothofagus_moorei           0.0609048 0.0638004 0.0673564 0.0714774 0.0666336 0.0552019 0.1087566 0.0681959 0.0747164 0.0637484 0.0664379 0.0665021 0.1063509 0.0589776 0.0172175 0.0186907 0.0026422 0.0181178 0.0070366 0.0176547 0.0047329 0.0000000 0.0185277 0.0071724 0.0179305 0.0182562 0.0709654 0.0628206 0.0603155 0.0584795 0.0688659 0.0637903 0.0241153 0.0103644 0.0234213 0.0247274 0.0188709 0.0346790 0.0248292 0.0184189 0.0205852 0.0200198 0.0170690 0.0217309 0.0358006 0.0208749 0.0408003 0.1095109 0.7006471 0.6911315 0.6795386 
Nothofagus_nitida           0.0616429 0.0644890 0.0652786 0.0722073 0.0678284 0.0535432 0.1035218 0.0656881 0.0716077 0.0608976 0.0635487 0.0652420 0.1044972 0.0578196 0.0087401 0.0030634 0.0171650 0.0102935 0.0174913 0.0091894 0.0181682 0.0185277 0.0000000 0.0169945 0.0098337 0.0098237 0.0670072 0.0614627 0.0589804 0.0579255 0.0662652 0.0639148 0.0124052 0.0187777 0.0130198 0.0094237 0.0027754 0.0191730 0.0070557 0.0106435 0.0105009 0.0099863 0.0040386 0.0111604 0.0202304 0.0072621 0.0249857 0.1128157 0.7139862 0.6873378 0.6797214 
Nothofagus_obliqua          0.0592559 0.0622809 0.0667047 0.0710240 0.0662230 0.0538722 0.1057041 0.0666040 0.0717200 0.0622671 0.0644297 0.0669219 0.1051559 0.0583267 0.0156480 0.0161105 0.0060946 0.0163447 0.0010258 0.0153036 0.0064201 0.0071724 0.0169945 0.0000000 0.0161936 0.0162145 0.0684237 0.0616666 0.0582743 0.0570537 0.0676552 0.0619840 0.0206292 0.0037193 0.0202542 0.0171307 0.0167182 0.0310759 0.0197179 0.0134095 0.0170625 0.0165131 0.0144912 0.0191018 0.0321897 0.0195037 0.0366207 0.1094483 0.6817383 0.6595908 0.6608191 
Nothofagus_solandri         0.0626514 0.0653705 0.0669957 0.0728047 0.0673018 0.0553182 0.1051443 0.0670125 0.0721119 0.0633188 0.0653823 0.0672485 0.1075443 0.0603999 0.0055667 0.0098780 0.0168912 0.0004304 0.0166893 0.0033325 0.0169390 0.0179305 0.0098337 0.0161936 0.0000000 0.0002868 0.0676678 0.0627170 0.0586549 0.0569788 0.0665546 0.0640518 0.0136918 0.0172953 0.0149077 0.0154746 0.0123340 0.0191081 0.0155359 0.0011688 0.0144169 0.0138849 0.0096737 0.0128079 0.0212160 0.0154011 0.0249002 0.1114862 0.7014822 0.6791092 0.6715926 
Nothofagus_truncata         0.0626556 0.0653749 0.0670003 0.0728047 0.0673018 0.0555106 0.1047862 0.0671846 0.0721180 0.0631516 0.0655507 0.0672533 0.1075443 0.0606389 0.0055613 0.0098680 0.0168728 0.0007174 0.0167109 0.0033293 0.0169205 0.0182562 0.0098237 0.0162145 0.0002868 0.0000000 0.0678409 0.0627214 0.0585029 0.0569788 0.0665591 0.0643175 0.0143705 0.0168006 0.0153891 0.0167128 0.0128072 0.0196196 0.0143009 0.0000010 0.0149167 0.0143823 0.0101329 0.0127876 0.0217306 0.0153757 0.0254193 0.1114862 0.6976744 0.6752778 0.6677851 
Platycarya_strobilacea      0.0443416 0.0486098 0.0629773 0.0579841 0.0656972 0.0413308 0.1167089 0.0153373 0.0219136 0.0584896 0.0148710 0.0641503 0.1176620 0.0437126 0.0662886 0.0663699 0.0698724 0.0683239 0.0686296 0.0653384 0.0700196 0.0709654 0.0670072 0.0684237 0.0676678 0.0678409 0.0000000 0.0608653 0.0276577 0.0461304 0.0660935 0.0177780 0.0745008 0.0605080 0.0622684 0.1056659 0.0603076 0.0753535 0.1060685 0.0966002 0.0669801 0.0661666 0.0584136 0.0618151 0.0767883 0.0676282 0.0830376 0.1273947 0.3965627 0.3344179 0.3732033 
Quercus_rubra               0.0507526 0.0522763 0.0079299 0.0535696 0.0142061 0.0468324 0.1027413 0.0536291 0.0568004 0.0438321 0.0524841 0.0104669 0.1133637 0.0474292 0.0607170 0.0607160 0.0619615 0.0630425 0.0618766 0.0603004 0.0622459 0.0628206 0.0614627 0.0616666 0.0627170 0.0627214 0.0608653 0.0000000 0.0490136 0.0520209 0.0132886 0.0510446 0.0803663 0.0638259 0.0655160 0.0997013 0.0618184 0.0854472 0.0984395 0.0932393 0.0660761 0.0664662 0.0601071 0.0666591 0.0848006 0.0677844 0.0924165 0.1186718 0.6992756 0.6572565 0.6757032 
Rhoiptelea_chiliantha       0.0312536 0.0348545 0.0488054 0.0476780 0.0551468 0.0291552 0.1086656 0.0218032 0.0204215 0.0483025 0.0181596 0.0509031 0.1098690 0.0311311 0.0575889 0.0583642 0.0594206 0.0589557 0.0586420 0.0563246 0.0592777 0.0603155 0.0589804 0.0582743 0.0586549 0.0585029 0.0276577 0.0490136 0.0000000 0.0341025 0.0525457 0.0223478 0.0666949 0.0533120 0.0562203 0.0897211 0.0532984 0.0692479 0.0885283 0.0783611 0.0586432 0.0578943 0.0513236 0.0545701 0.0719810 0.0600530 0.0766029 0.1181478 0.3977269 0.3515935 0.3812507 
Ticodendron_incognitum      0.0266628 0.0305944 0.0546141 0.0469573 0.0655161 0.0335253 0.0969427 0.0424516 0.0420368 0.0497192 0.0401971 0.0550819 0.1077355 0.0342420 0.0551994 0.0579039 0.0578334 0.0567994 0.0575668 0.0558318 0.0575593 0.0584795 0.0579255 0.0570537 0.0569788 0.0569788 0.0461304 0.0520209 0.0341025 0.0000000 0.0560071 0.0433531 0.0568891 0.0506773 0.0516876 0.0421103 0.0468368 0.0774437 0.0334261 0.0334261 0.0409490 0.0433732 0.0455005 0.0491121 0.0802570 0.0521868 0.0849893 0.1151246 0.9521088 0.9163133 0.8730529 
Trigonobalanus_verticellata 0.0550351 0.0572115 0.0117588 0.0606751 0.0182632 0.0504812 0.1196243 0.0588439 0.0642515 0.0449192 0.0579266 0.0134259 0.1191598 0.0533022 0.0645657 0.0655827 0.0682455 0.0671986 0.0678579 0.0648715 0.0681041 0.0688659 0.0662652 0.0676552 0.0665546 0.0665591 0.0660935 0.0132886 0.0525457 0.0560071 0.0000000 0.0594430 0.0826072 0.0658560 0.0666153 0.1064336 0.0623860 0.0818205 0.1052675 0.0978624 0.0684488 0.0682649 0.0606238 0.0660627 0.0818850 0.0705659 0.0880304 0.1242985 0.6995642 0.7072491 0.6942003 
Carya_illinoinensis         0.0401007 0.0437112 0.0548065 0.0492133 0.0671432 0.0369428 0.1314808 0.0092252 0.0185041 0.0477258 0.0075317 0.0562679 0.0925138 0.0417891 0.0637927 0.0630822 0.0625075 0.0645453 0.0619367 0.0619898 0.0625485 0.0637903 0.0639148 0.0619840 0.0640518 0.0643175 0.0177780 0.0510446 0.0223478 0.0433531 0.0594430 0.0000000 0.0658975 0.0516704 0.0556440 0.0965583 0.0520516 0.0660649 0.0968995 0.0882227 0.0611551 0.0603866 0.0504404 0.0547714 0.0674468 0.0581132 0.0735004 0.0860467 0.2619632 0.1994890 0.2447705 
Nothofagus_aequilateralis   0.0707537 0.0706086 0.0830382 0.0674741 0.2028776 0.0430207 0.1288940 0.0652726 0.1069131 0.0702862 0.0694910 0.0837360 0.0442251 0.0459784 0.0158702 0.0119926 0.0228271 0.0147134 0.0213904 0.0143960 0.0244588 0.0241153 0.0124052 0.0206292 0.0136918 0.0143705 0.0745008 0.0803663 0.0666949 0.0568891 0.0826072 0.0658975 0.0000000 0.0210031 0.0008645 0.0034990 0.0140452 0.0118377 0.0058729 0.0143032 0.0070709 0.0023333 0.0120005 0.0044293 0.0118377 0.0141497 0.0118377 0.0286809 0.7496450 0.6910360 0.7026998 
Nothofagus_alpina           0.0563049 0.0582088 0.0657314 0.0604776 0.0881580 0.0422266 0.0959547 0.0572231 0.0666551 0.0557012 0.0553407 0.0650647 0.1093827 0.0401438 0.0174660 0.0172395 0.0089285 0.0180498 0.0035018 0.0174097 0.0098921 0.0103644 0.0187777 0.0037193 0.0172953 0.0168006 0.0605080 0.0638259 0.0533120 0.0506773 0.0658560 0.0516704 0.0210031 0.0000000 0.0232192 0.0196570 0.0191120 0.0360801 0.0171700 0.0109190 0.0221204 0.0215477 0.0169590 0.0209548 0.0372167 0.0205355 0.0417269 0.0954255 0.6207415 0.5666937 0.5860180 
Nothofagus_balansae         0.0614472 0.0641946 0.0672973 0.0626113 0.0896421 0.0442440 0.0971140 0.0583758 0.0675280 0.0578971 0.0576751 0.0659135 0.1049281 0.0484051 0.0154445 0.0129651 0.0225552 0.0151332 0.0213068 0.0149168 0.0236568 0.0234213 0.0130198 0.0202542 0.0149077 0.0153891 0.0622684 0.0655160 0.0562203 0.0516876 0.0666153 0.0556440 0.0008645 0.0232192 0.0000000 0.0011643 0.0144185 0.0104175 0.0058749 0.0155107 0.0056815 0.0051913 0.0124909 0.0063151 0.0099086 0.0180426 0.0139567 0.0917992 0.7552256 0.6965968 0.7082340 
Nothofagus_baumanniae       0.1038833 0.1013048 0.1032824 0.0432234 0.0551532 0.0597928 0.1305460 0.0945369 0.1085065 0.1029010 0.0967703 0.1095308 0.0519475 0.0711719 0.0228391 0.0082310 0.0209275 0.0154618 0.0183743 0.0154937 0.0222567 0.0247274 0.0094237 0.0171307 0.0154746 0.0167128 0.1056659 0.0997013 0.0897211 0.0421103 0.1064336 0.0965583 0.0034990 0.0196570 0.0011643 0.0000000 0.0093940 0.0086927 0.0070537 0.0166988 0.0058804 0.0011643 0.0070236 0.0082447 0.0086927 0.0178181 0.0086927 0.0360898 0.4677127 0.4478099 0.4517216 
Nothofagus_betuloides       0.0570356 0.0580117 0.0619949 0.0576666 0.0818139 0.0396986 0.0917828 0.0558727 0.0668469 0.0520404 0.0548178 0.0605434 0.0940504 0.0413702 0.0132973 0.0045342 0.0175611 0.0130454 0.0169781 0.0130153 0.0191037 0.0188709 0.0027754 0.0167182 0.0123340 0.0128072 0.0603076 0.0618184 0.0532984 0.0468368 0.0623860 0.0520516 0.0140452 0.0191120 0.0144185 0.0093940 0.0000000 0.0217731 0.0094307 0.0130406 0.0109658 0.0104501 0.0045157 0.0128151 0.0228403 0.0079389 0.0276328 0.0823265 0.6995325 0.6506099 0.6528515 
Nothofagus_brassii          0.0716451 0.0794777 0.0852603 0.0883390 0.0848849 0.0654675 0.0702138 0.0726907 0.0441677 0.0749258 0.0695443 0.0864632 0.1025281 0.0932479 0.0170554 0.0191384 0.0346204 0.0196196 0.0327434 0.0191310 0.0363121 0.0346790 0.0191730 0.0310759 0.0191081 0.0196196 0.0753535 0.0854472 0.0692479 0.0774437 0.0818205 0.0660649 0.0118377 0.0360801 0.0104175 0.0086927 0.0217731 0.0000000 0.0000010 0.0000010 0.0036194 0.0058047 0.0186381 0.0034392 0.0039290 0.0260644 0.0074118 0.0863346 0.8523326 0.7393337 0.7593400 
Nothofagus_carrii           0.1042600 0.1016846 0.1019820 0.0432234 0.0455639 0.0519643 0.1252705 0.0948853 0.1089072 0.1007362 0.0956347 0.1121434 0.0442251 0.0711719 0.0204005 0.0058692 0.0184490 0.0179644 0.0184493 0.0130878 0.0197663 0.0248292 0.0070557 0.0197179 0.0155359 0.0143009 0.1060685 0.0984395 0.0885283 0.0334261 0.1052675 0.0968995 0.0058729 0.0171700 0.0058749 0.0070537 0.0094307 0.0000010 0.0000000 0.0143009 0.0106913 0.0058749 0.0070568 0.0011698 0.0000010 0.0154162 0.0000010 0.0286809 0.4696481 0.4496962 0.4536103 
Nothofagus_cliffortioides   0.0966540 0.0903946 0.0965918 0.0432234 0.0455639 0.0519643 0.1271053 0.0892768 0.0996881 0.0954734 0.0905389 0.0999543 0.0442251 0.0711719 0.0106164 0.0094439 0.0121557 0.0035136 0.0121668 0.0011664 0.0134305 0.0184189 0.0106435 0.0134095 0.0011688 0.0000010 0.0966002 0.0932393 0.0783611 0.0334261 0.0978624 0.0882227 0.0143032 0.0109190 0.0155107 0.0166988 0.0130406 0.0000010 0.0143009 0.0000000 0.0204904 0.0155107 0.0106362 0.0155221 0.0000010 0.0190811 0.0000010 0.0286809 0.4279673 0.4075815 0.4117399 
Nothofagus_codonandra       0.0682338 0.0710336 0.0677773 0.0532506 0.0447589 0.0419633 0.0966618 0.0650570 0.0664594 0.0582931 0.0617605 0.0648399 0.1009780 0.0497643 0.0154113 0.0104979 0.0190741 0.0144120 0.0175600 0.0134540 0.0195989 0.0205852 0.0105009 0.0170625 0.0144169 0.0149167 0.0669801 0.0660761 0.0586432 0.0409490 0.0684488 0.0611551 0.0070709 0.0221204 0.0056815 0.0058804 0.0109658 0.0036194 0.0106913 0.0204904 0.0000000 0.0042518 0.0090377 0.0090623 0.0043502 0.0218079 0.0109879 0.0861447 0.5028073 0.4832649 0.4869673 
Nothofagus_discoidea        0.0674285 0.0702051 0.0669564 0.0557805 0.0471934 0.0443583 0.0951030 0.0642590 0.0668869 0.0587552 0.0610087 0.0652836 0.1027604 0.0538713 0.0148746 0.0099834 0.0185219 0.0138803 0.0170085 0.0129257 0.0190439 0.0200198 0.0099863 0.0165131 0.0138849 0.0143823 0.0661666 0.0664662 0.0578943 0.0433732 0.0682649 0.0603866 0.0023333 0.0215477 0.0051913 0.0011643 0.0104501 0.0058047 0.0058749 0.0155107 0.0042518 0.0000000 0.0085340 0.0090363 0.0072781 0.0212444 0.0139711 0.0878806 0.4682903 0.4483726 0.4522850 
Nothofagus_dombeyi          0.0559310 0.0567617 0.0604984 0.0570689 0.0804447 0.0383480 0.0923715 0.0551970 0.0638909 0.0523752 0.0529665 0.0610126 0.0947748 0.0412186 0.0110209 0.0033771 0.0160665 0.0103638 0.0149798 0.0103149 0.0175662 0.0170690 0.0040386 0.0144912 0.0096737 0.0101329 0.0584136 0.0601071 0.0513236 0.0455005 0.0606238 0.0504404 0.0120005 0.0169590 0.0124909 0.0070236 0.0045157 0.0186381 0.0070568 0.0106362 0.0090377 0.0085340 0.0000000 0.0109060 0.0196923 0.0067573 0.0239127 0.0833370 0.6859008 0.6260430 0.6394692 
Nothofagus_grandis          0.0601531 0.0633237 0.0680421 0.0601616 0.0883862 0.0417646 0.0971384 0.0574962 0.0683849 0.0578262 0.0568261 0.0671357 0.1031999 0.0437506 0.0128330 0.0108914 0.0203338 0.0135225 0.0196181 0.0123225 0.0214168 0.0217309 0.0111604 0.0191018 0.0128079 0.0127876 0.0618151 0.0666591 0.0545701 0.0491121 0.0660627 0.0547714 0.0044293 0.0209548 0.0063151 0.0082447 0.0128151 0.0034392 0.0011698 0.0155221 0.0090623 0.0090363 0.0109060 0.0000000 0.0034356 0.0156167 0.0079205 0.0863216 0.7341441 0.6754612 0.6872244 
Nothofagus_perryi           0.0730433 0.0809062 0.0853331 0.0884191 0.0863886 0.0681714 0.0720845 0.0741016 0.0450308 0.0763276 0.0709203 0.0858090 0.1017176 0.0946184 0.0191488 0.0201937 0.0357401 0.0217306 0.0338650 0.0212415 0.0374402 0.0358006 0.0202304 0.0321897 0.0212160 0.0217306 0.0767883 0.0848006 0.0719810 0.0802570 0.0818850 0.0674468 0.0118377 0.0372167 0.0099086 0.0086927 0.0228403 0.0039290 0.0000010 0.0000010 0.0043502 0.0072781 0.0196923 0.0034356 0.0000000 0.0266206 0.0064236 0.0874985 0.8523326 0.7393337 0.7593400 
Nothofagus_pumilio          0.0643534 0.0644390 0.0707402 0.0630860 0.0935251 0.0454982 0.1008166 0.0624264 0.0767266 0.0598369 0.0613983 0.0698557 0.1069419 0.0452387 0.0158365 0.0081637 0.0198124 0.0161398 0.0200188 0.0155849 0.0213861 0.0208749 0.0072621 0.0195037 0.0154011 0.0153757 0.0676282 0.0677844 0.0600530 0.0521868 0.0705659 0.0581132 0.0141497 0.0205355 0.0180426 0.0178181 0.0079389 0.0260644 0.0154162 0.0190811 0.0218079 0.0212444 0.0067573 0.0156167 0.0266206 0.0000000 0.0314897 0.0954334 0.7335367 0.6732420 0.6866116 
Nothofagus_resinosa         0.0778238 0.0857769 0.0929970 0.0936740 0.0925886 0.0714668 0.0802760 0.0802621 0.0526777 0.0811135 0.0769344 0.0935167 0.1086934 0.1000586 0.0228123 0.0244171 0.0407314 0.0254193 0.0383229 0.0249304 0.0424639 0.0408003 0.0249857 0.0366207 0.0249002 0.0254193 0.0830376 0.0924165 0.0766029 0.0849893 0.0880304 0.0735004 0.0118377 0.0417269 0.0139567 0.0086927 0.0276328 0.0074118 0.0000010 0.0000010 0.0109879 0.0139711 0.0239127 0.0079205 0.0064236 0.0314897 0.0000000 0.0940953 0.8523326 0.7393337 0.7593400 
Phaseolous_vulgaris         0.1252560 0.1218837 0.1215832 0.1298792 0.0893277 0.1174440 0.1108804 0.1284968 0.1245562 0.1224054 0.1186863 0.1215906 0.1179810 0.1459017 0.1114136 0.1183748 0.1087188 0.1114862 0.1094483 0.1115185 0.1087099 0.1095109 0.1128157 0.1094483 0.1114862 0.1114862 0.1273947 0.1186718 0.1181478 0.1151246 0.1242985 0.0860467 0.0286809 0.0954255 0.0917992 0.0360898 0.0823265 0.0863346 0.0286809 0.0286809 0.0861447 0.0878806 0.0833370 0.0863216 0.0874985 0.0954334 0.0940953 0.0000000 9.0000000 9.0000000 9.0000000 
Alfaroa_williamsii          0.5812206 0.5520416 0.6384527 0.8492291 0.8546580 0.8051311 1.0230189 0.2721686 0.0507763 0.9346924 0.2678202 0.7444576 9.0000000 0.8423970 0.7265096 0.6866986 0.6893802 0.7061185 0.6816217 0.7094399 0.6874728 0.7006471 0.7139862 0.6817383 0.7014822 0.6976744 0.3965627 0.6992756 0.3977269 0.9521088 0.6995642 0.2619632 0.7496450 0.6207415 0.7552256 0.4677127 0.6995325 0.8523326 0.4696481 0.4279673 0.5028073 0.4682903 0.6859008 0.7341441 0.8523326 0.7335367 0.8523326 9.0000000 0.0000000 0.1487103 0.0620601 
Alfaropsis_roxburghiana     0.5344181 0.5032148 0.6145577 0.9078562 0.7056957 0.7153114 1.0702123 0.2197226 0.0153933 0.7931474 0.2186543 0.7203079 9.0000000 0.7592857 0.6959609 0.6596146 0.6798129 0.6837409 0.6594797 0.6836137 0.6863055 0.6911315 0.6873378 0.6595908 0.6791092 0.6752778 0.3344179 0.6572565 0.3515935 0.9163133 0.7072491 0.1994890 0.6910360 0.5666937 0.6965968 0.4478099 0.6506099 0.7393337 0.4496962 0.4075815 0.4832649 0.4483726 0.6260430 0.6754612 0.7393337 0.6732420 0.7393337 9.0000000 0.1487103 0.0000000 0.1229871 
Oreomunnea_mexicana         0.5598602 0.5167965 0.6073982 0.8091138 0.7318400 0.7569216 1.0179956 0.2605922 0.0429737 0.8605833 0.2607976 0.7007686 9.0000000 0.7930649 0.6965136 0.6526791 0.6683484 0.6761845 0.6607082 0.6842332 0.6663846 0.6795386 0.6797214 0.6608191 0.6715926 0.6677851 0.3732033 0.6757032 0.3812507 0.8730529 0.6942003 0.2447705 0.7026998 0.5860180 0.7082340 0.4517216 0.6528515 0.7593400 0.4536103 0.4117399 0.4869673 0.4522850 0.6394692 0.6872244 0.7593400 0.6866116 0.7593400 9.0000000 0.0620601 0.1229871 0.0000000 
