37
Burramyidae_Burramys_parvus                  0.0000000 0.1459236 0.0983733 0.1013632 0.1010205 0.1714710 0.0789195 0.0851335 0.0991296 0.1495115 0.0795342 0.1671512 0.0803101 0.1394874 0.1635570 0.1368942 0.1177186 0.1111433 0.2168708 0.1604154 0.1194831 0.1394419 0.1075052 0.0981618 0.1094807 0.1045547 0.0816345 0.1450612 0.1669444 0.1519205 0.1667391 0.1680909 0.1664414 0.1751269 0.1256583 0.1966651 0.1966651 
Notoryctidae_Notoryctes_typhlops             0.1459236 0.0000000 0.1198300 0.1401655 0.1388614 0.1577660 0.1180238 0.1249870 0.1402111 0.1482624 0.1254170 0.1597067 0.1252760 0.1826670 0.1551489 0.1380401 0.1678525 0.1393050 0.2188805 0.1542749 0.1575214 0.1398434 0.1431127 0.1461216 0.1446203 0.1461160 0.1218452 0.1442950 0.1582573 0.1499808 0.1529000 0.1556655 0.1588204 0.1588723 0.1572494 0.2307322 0.2307322 
Vombatidae_Lasiorhinus_latifrons             0.0983733 0.1198300 0.0000000 0.0894649 0.0877429 0.1412842 0.0709659 0.0755967 0.0880764 0.1165088 0.0784438 0.1394533 0.0752174 0.1227767 0.1349241 0.1083706 0.1024230 0.0897629 0.1808453 0.1210885 0.1058729 0.1095841 0.0854824 0.0868039 0.0846987 0.0973344 0.0740613 0.1164643 0.1391897 0.1195333 0.1294905 0.1279173 0.1293362 0.1341723 0.1093291 0.1630941 0.1630941 
Potoroidae_Bettongia_penicillata             0.1013632 0.1401655 0.0894649 0.0000000 0.0073058 0.1573361 0.0732023 0.0742266 0.0176980 0.1305355 0.0783678 0.1557466 0.0747200 0.1259450 0.1510409 0.1233214 0.0471615 0.0897844 0.2002129 0.1389188 0.0631805 0.1245698 0.0920955 0.0287354 0.0918826 0.1025737 0.0770820 0.1261104 0.1556741 0.1305233 0.1524646 0.1525375 0.1514191 0.1613121 0.1211508 0.1885531 0.1885531 
Potoroidae_Bettongia_lesueur                 0.1010205 0.1388614 0.0877429 0.0073058 0.0000000 0.1568692 0.0728586 0.0751702 0.0172726 0.1277102 0.0783161 0.1557986 0.0763704 0.1254458 0.1509967 0.1220511 0.0466310 0.0948239 0.1997644 0.1415007 0.0651006 0.1243378 0.0942354 0.0297792 0.0960253 0.1032957 0.0777337 0.1258730 0.1550650 0.1277062 0.1525747 0.1509656 0.1502112 0.1614080 0.1197789 0.1885531 0.1885531 
Dasyuridae_Dasyurus_maculatus                0.1714710 0.1577660 0.1412842 0.1573361 0.1568692 0.0000000 0.1511375 0.1504724 0.1504668 0.1526314 0.1522454 0.0442104 0.1443119 0.1944396 0.0106229 0.1424383 0.1821124 0.1573403 0.2222926 0.1775701 0.1724997 0.1501780 0.1494261 0.1543079 0.1516006 0.1586647 0.1467753 0.1515377 0.0115311 0.1558897 0.0250471 0.0231921 0.0349299 0.0283142 0.1858381 0.0905598 0.0905598 
Phalangeridae_Trichosurus_vulpecula          0.0789195 0.1180238 0.0709659 0.0732023 0.0728586 0.1511375 0.0000000 0.0318978 0.0714402 0.1236435 0.0276578 0.1443406 0.0302797 0.1168721 0.1446370 0.1141669 0.0941510 0.0840488 0.1933147 0.1305305 0.0936386 0.1067030 0.0797458 0.0710526 0.0837371 0.0850643 0.0293258 0.1221443 0.1479851 0.1259427 0.1427792 0.1448767 0.1416725 0.1504382 0.0926383 0.2140389 0.2140389 
Phalangeridae_Spilocuscus_maculatus          0.0851335 0.1249870 0.0755967 0.0742266 0.0751702 0.1504724 0.0318978 0.0000000 0.0694969 0.1299163 0.0192897 0.1521638 0.0204473 0.1197695 0.1448573 0.1215854 0.0915387 0.0820716 0.1966844 0.1399344 0.0981680 0.1151063 0.0777306 0.0725953 0.0834311 0.0872606 0.0205026 0.1284146 0.1472846 0.1325754 0.1473319 0.1511925 0.1471448 0.1567018 0.0961349 0.2230296 0.2230296 
Potoroidae_Aepyprymnus_rufescens             0.0991296 0.1402111 0.0880764 0.0176980 0.0172726 0.1504668 0.0714402 0.0694969 0.0000000 0.1271350 0.0744180 0.1495358 0.0729176 0.1245736 0.1436859 0.1213829 0.0457888 0.0936834 0.2001969 0.1418047 0.0642625 0.1256681 0.0910477 0.0285206 0.0922783 0.0992838 0.0723459 0.1299515 0.1496149 0.1278284 0.1433981 0.1418056 0.1422014 0.1518162 0.1157317 0.1809802 0.1809802 
Peramelidae_Perameles_nasuta                 0.1495115 0.1482624 0.1165088 0.1305355 0.1277102 0.1526314 0.1236435 0.1299163 0.1271350 0.0000000 0.1282630 0.1503809 0.1241952 0.1863787 0.1485366 0.0252019 0.1527904 0.1490892 0.2119381 0.1474985 0.1481009 0.1320620 0.1374910 0.1326372 0.1472771 0.1520191 0.1237722 0.0327891 0.1537447 0.0038659 0.1463351 0.1457293 0.1471517 0.1582211 0.1771612 0.1860605 0.1860605 
Phalangeridae_Strigocuscus_pelengensis       0.0795342 0.1254170 0.0784438 0.0783678 0.0783161 0.1522454 0.0276578 0.0192897 0.0744180 0.1282630 0.0000000 0.1522248 0.0143330 0.1135226 0.1484432 0.1198087 0.0926158 0.0862496 0.1988066 0.1376111 0.0961645 0.1134843 0.0794748 0.0730873 0.0860430 0.0851945 0.0129291 0.1258795 0.1483261 0.1311042 0.1474629 0.1513825 0.1490740 0.1564740 0.1014327 0.2176417 0.2176417 
Dasyuridae_Sminthopsis_macroura              0.1671512 0.1597067 0.1394533 0.1557466 0.1557986 0.0442104 0.1443406 0.1521638 0.1495358 0.1503809 0.1522248 0.0000000 0.1448639 0.1889754 0.0424484 0.1402488 0.1763966 0.1511445 0.2318722 0.1713360 0.1729846 0.1516996 0.1455427 0.1566705 0.1475998 0.1579714 0.1468437 0.1541043 0.0435778 0.1546054 0.0303777 0.0308565 0.0274488 0.0350207 0.1796343 0.0972419 0.0972419 
Phalangeridae_Phalanger_orientalis           0.0803101 0.1252760 0.0752174 0.0747200 0.0763704 0.1443119 0.0302797 0.0204473 0.0729176 0.1241952 0.0143330 0.1448639 0.0000000 0.1147836 0.1390020 0.1160841 0.0873440 0.0829000 0.1912979 0.1323579 0.0955104 0.1084644 0.0800412 0.0717326 0.0835195 0.0819766 0.0076398 0.1206524 0.1382141 0.1267923 0.1356596 0.1393747 0.1376601 0.1466252 0.0978447 0.2129014 0.2129014 
Acrobatidae_Acrobates_pygmaeus               0.1394874 0.1826670 0.1227767 0.1259450 0.1254458 0.1944396 0.1168721 0.1197695 0.1245736 0.1863787 0.1135226 0.1889754 0.1147836 0.0000000 0.1918321 0.1752001 0.1533647 0.1119270 0.2260596 0.1839956 0.1467750 0.1588108 0.1076938 0.1274136 0.1151142 0.0872252 0.1145978 0.1781089 0.1914057 0.1906715 0.1569054 0.1571749 0.1571943 0.1562195 0.1129796 0.2381432 0.2381432 
Dasyuridae_Sarcophilus_harrisii              0.1635570 0.1551489 0.1349241 0.1510409 0.1509967 0.0106229 0.1446370 0.1448573 0.1436859 0.1485366 0.1484432 0.0424484 0.1390020 0.1918321 0.0000000 0.1383948 0.1747469 0.1526377 0.2268843 0.1714765 0.1634019 0.1430039 0.1440517 0.1480182 0.1464063 0.1555161 0.1405888 0.1483382 0.0102747 0.1517514 0.0231840 0.0213368 0.0297065 0.0245702 0.1809026 0.0962974 0.0962974 
Peramelidae_Echymipera_kalubu                0.1368942 0.1380401 0.1083706 0.1233214 0.1220511 0.1424383 0.1141669 0.1215854 0.1213829 0.0252019 0.1198087 0.1402488 0.1160841 0.1752001 0.1383948 0.0000000 0.1458857 0.1409775 0.1996406 0.1370436 0.1435249 0.1236068 0.1329671 0.1253070 0.1375344 0.1422914 0.1167342 0.0231837 0.1432234 0.0257491 0.1373252 0.1373888 0.1382965 0.1468375 0.1632569 0.2029064 0.2029064 
Macropodidae_Dorcopsulus_vanheurni           0.1177186 0.1678525 0.1024230 0.0471615 0.0466310 0.1821124 0.0941510 0.0915387 0.0457888 0.1527904 0.0926158 0.1763966 0.0873440 0.1533647 0.1747469 0.1458857 0.0000000 0.1149928 0.2213931 0.1634229 0.0709939 0.1426839 0.1117352 0.0318958 0.1120694 0.1177780 0.0924306 0.1527493 0.1794466 0.1531600 0.1828595 0.1827573 0.1809892 0.1992385 0.1543325 0.2044003 0.2044003 
Pseudochiridae_Pseudochirulus_forbesi        0.1111433 0.1393050 0.0897629 0.0897844 0.0948239 0.1573403 0.0840488 0.0820716 0.0936834 0.1490892 0.0862496 0.1511445 0.0829000 0.1119270 0.1526377 0.1409775 0.1149928 0.0000000 0.2023333 0.1414332 0.1152275 0.1250700 0.0495661 0.0971999 0.0206520 0.0921411 0.0849008 0.1454938 0.1504734 0.1528798 0.1519426 0.1545303 0.1503190 0.1665491 0.0971628 0.2627648 0.2627648 
Didelphidae_Didelphis_virginiana             0.2168708 0.2188805 0.1808453 0.2002129 0.1997644 0.2222926 0.1933147 0.1966844 0.2001969 0.2119381 0.1988066 0.2318722 0.1912979 0.2260596 0.2268843 0.1996406 0.2213931 0.2023333 0.0000000 0.0812889 0.2201209 0.1887953 0.2048706 0.2016835 0.2036339 0.2089675 0.1870046 0.2064117 0.2339199 0.2141350 0.2041632 0.2063593 0.2092254 0.2124915 0.2001584 0.2574916 0.2574916 
Marmosidae_Monodelphis_domestica             0.1604154 0.1542749 0.1210885 0.1389188 0.1415007 0.1775701 0.1305305 0.1399344 0.1418047 0.1474985 0.1376111 0.1713360 0.1323579 0.1839956 0.1714765 0.1370436 0.1634229 0.1414332 0.0812889 0.0000000 0.1539924 0.1396342 0.1422330 0.1402114 0.1410801 0.1531348 0.1291105 0.1468284 0.1748910 0.1501407 0.1782451 0.1823284 0.1773796 0.1875734 0.1676086 0.2927156 0.2927156 
Hypsiprymnodontidae_Hypsiprymnodon_moschatus 0.1194831 0.1575214 0.1058729 0.0631805 0.0651006 0.1724997 0.0936386 0.0981680 0.0642625 0.1481009 0.0961645 0.1729846 0.0955104 0.1467750 0.1634019 0.1435249 0.0709939 0.1152275 0.2201209 0.1539924 0.0000000 0.1481548 0.1050903 0.0577886 0.1092467 0.1144824 0.0963582 0.1503678 0.1714137 0.1495761 0.1730059 0.1700245 0.1738203 0.1816511 0.1473231 0.2071261 0.2071261 
Microbiotheriidae_Dromiciops_gliroides       0.1394419 0.1398434 0.1095841 0.1245698 0.1243378 0.1501780 0.1067030 0.1151063 0.1256681 0.1320620 0.1134843 0.1516996 0.1084644 0.1588108 0.1430039 0.1236068 0.1426839 0.1250700 0.1887953 0.1396342 0.1481548 0.0000000 0.1188378 0.1172929 0.1280882 0.1306168 0.1094077 0.1256705 0.1479071 0.1357653 0.1351058 0.1412142 0.1360697 0.1487072 0.1538905 0.1852426 0.1852426 
Pseudochiridae_Petauroides_volans            0.1075052 0.1431127 0.0854824 0.0920955 0.0942354 0.1494261 0.0797458 0.0777306 0.0910477 0.1374910 0.0794748 0.1455427 0.0800412 0.1076938 0.1440517 0.1329671 0.1117352 0.0495661 0.2048706 0.1422330 0.1050903 0.1188378 0.0000000 0.0888074 0.0462074 0.0862020 0.0776498 0.1375196 0.1450482 0.1408782 0.1414502 0.1416893 0.1457457 0.1524316 0.0905126 0.2316511 0.2316511 
Macropodidae_Wallabia_bicolor                0.0981618 0.1461216 0.0868039 0.0287354 0.0297792 0.1543079 0.0710526 0.0725953 0.0285206 0.1326372 0.0730873 0.1566705 0.0717326 0.1274136 0.1480182 0.1253070 0.0318958 0.0971999 0.2016835 0.1402114 0.0577886 0.1172929 0.0888074 0.0000000 0.0930477 0.0986967 0.0722227 0.1336687 0.1561780 0.1333220 0.1483804 0.1487255 0.1495739 0.1601921 0.1188307 0.1962498 0.1962498 
Pseudochiridae_Pseudocheirus_occidentalis    0.1094807 0.1446203 0.0846987 0.0918826 0.0960253 0.1516006 0.0837371 0.0834311 0.0922783 0.1472771 0.0860430 0.1475998 0.0835195 0.1151142 0.1464063 0.1375344 0.1120694 0.0206520 0.2036339 0.1410801 0.1092467 0.1280882 0.0462074 0.0930477 0.0000000 0.0906400 0.0857035 0.1476677 0.1480609 0.1507131 0.1489706 0.1515717 0.1521846 0.1634054 0.0992774 0.2561749 0.2561749 
Acrobatidae_Distoechurus_pennatus            0.1045547 0.1461160 0.0973344 0.1025737 0.1032957 0.1586647 0.0850643 0.0872606 0.0992838 0.1520191 0.0851945 0.1579714 0.0819766 0.0872252 0.1555161 0.1422914 0.1177780 0.0921411 0.2089675 0.1531348 0.1144824 0.1306168 0.0862020 0.0986967 0.0906400 0.0000000 0.0845196 0.1446086 0.1554344 0.1567517 0.1651728 0.1654578 0.1653806 0.1706517 0.1129846 0.2598973 0.2598973 
Phalangeridae_Phalanger_carmelitae           0.0816345 0.1218452 0.0740613 0.0770820 0.0777337 0.1467753 0.0293258 0.0205026 0.0723459 0.1237722 0.0129291 0.1468437 0.0076398 0.1145978 0.1405888 0.1167342 0.0924306 0.0849008 0.1870046 0.1291105 0.0963582 0.1094077 0.0776498 0.0722227 0.0857035 0.0845196 0.0000000 0.1244592 0.1412297 0.1250903 0.1385611 0.1422876 0.1409969 0.1475897 0.0969473 0.2218179 0.2218179 
Peramelidae_Peroryctes_raffrayana            0.1450612 0.1442950 0.1164643 0.1261104 0.1258730 0.1515377 0.1221443 0.1284146 0.1299515 0.0327891 0.1258795 0.1541043 0.1206524 0.1781089 0.1483382 0.0231837 0.1527493 0.1454938 0.2064117 0.1468284 0.1503678 0.1256705 0.1375196 0.1336687 0.1476677 0.1446086 0.1244592 0.0000000 0.1528998 0.0343165 0.1486116 0.1486830 0.1474172 0.1573130 0.1731101 0.2052187 0.2052187 
Dasyuridae_Dasyurus_geffroii                 0.1669444 0.1582573 0.1391897 0.1556741 0.1550650 0.0115311 0.1479851 0.1472846 0.1496149 0.1537447 0.1483261 0.0435778 0.1382141 0.1914057 0.0102747 0.1432234 0.1794466 0.1504734 0.2339199 0.1748910 0.1714137 0.1479071 0.1450482 0.1561780 0.1480609 0.1554344 0.1412297 0.1528998 0.0000000 0.1569276 0.0248446 0.0218302 0.0321583 0.0268596 0.1824656 0.0962974 0.0962974 
Peramelidae_Perameles_gunnii                 0.1519205 0.1499808 0.1195333 0.1305233 0.1277062 0.1558897 0.1259427 0.1325754 0.1278284 0.0038659 0.1311042 0.1546054 0.1267923 0.1906715 0.1517514 0.0257491 0.1531600 0.1528798 0.2141350 0.1501407 0.1495761 0.1357653 0.1408782 0.1333220 0.1507131 0.1567517 0.1250903 0.0343165 0.1569276 0.0000000 0.1501919 0.1495900 0.1515720 0.1622440 0.1801246 0.1860605 0.1860605 
Dasyuridae_Phascogale_tapoatafa              0.1667391 0.1529000 0.1294905 0.1524646 0.1525747 0.0250471 0.1427792 0.1473319 0.1433981 0.1463351 0.1474629 0.0303777 0.1356596 0.1569054 0.0231840 0.1373252 0.1828595 0.1519426 0.2041632 0.1782451 0.1730059 0.1351058 0.1414502 0.1483804 0.1489706 0.1651728 0.1385611 0.1486116 0.0248446 0.1501919 0.0000000 0.0046430 0.0283476 0.0106474 0.1796155 0.1203210 0.1203210 
Dasyuridae_Phascogale_calura                 0.1680909 0.1556655 0.1279173 0.1525375 0.1509656 0.0231921 0.1448767 0.1511925 0.1418056 0.1457293 0.1513825 0.0308565 0.1393747 0.1571749 0.0213368 0.1373888 0.1827573 0.1545303 0.2063593 0.1823284 0.1700245 0.1412142 0.1416893 0.1487255 0.1515717 0.1654578 0.1422876 0.1486830 0.0218302 0.1495900 0.0046430 0.0000000 0.0269796 0.0100547 0.1830618 0.1203210 0.1203210 
Dasyuridae_Planigale_tenuirostris            0.1664414 0.1588204 0.1293362 0.1514191 0.1502112 0.0349299 0.1416725 0.1471448 0.1422014 0.1471517 0.1490740 0.0274488 0.1376601 0.1571943 0.0297065 0.1382965 0.1809892 0.1503190 0.2092254 0.1773796 0.1738203 0.1360697 0.1457457 0.1495739 0.1521846 0.1653806 0.1409969 0.1474172 0.0321583 0.1515720 0.0283476 0.0269796 0.0000000 0.0298509 0.1878148 0.0982786 0.0982786 
Dasyuridae_Antechinus_stuartii               0.1751269 0.1588723 0.1341723 0.1613121 0.1614080 0.0283142 0.1504382 0.1567018 0.1518162 0.1582211 0.1564740 0.0350207 0.1466252 0.1562195 0.0245702 0.1468375 0.1992385 0.1665491 0.2124915 0.1875734 0.1816511 0.1487072 0.1524316 0.1601921 0.1634054 0.1706517 0.1475897 0.1573130 0.0268596 0.1622440 0.0106474 0.0100547 0.0298509 0.0000000 0.1922326 0.1441177 0.1441177 
Tarsipedidae_Tarsipes_rostratus              0.1256583 0.1572494 0.1093291 0.1211508 0.1197789 0.1858381 0.0926383 0.0961349 0.1157317 0.1771612 0.1014327 0.1796343 0.0978447 0.1129796 0.1809026 0.1632569 0.1543325 0.0971628 0.2001584 0.1676086 0.1473231 0.1538905 0.0905126 0.1188307 0.0992774 0.1129846 0.0969473 0.1731101 0.1824656 0.1801246 0.1796155 0.1830618 0.1878148 0.1922326 0.0000000 0.2721225 0.2721225 
Myrmecobiidae_Myrmecobius_fasciatus1         0.1966651 0.2307322 0.1630941 0.1885531 0.1885531 0.0905598 0.2140389 0.2230296 0.1809802 0.1860605 0.2176417 0.0972419 0.2129014 0.2381432 0.0962974 0.2029064 0.2044003 0.2627648 0.2574916 0.2927156 0.2071261 0.1852426 0.2316511 0.1962498 0.2561749 0.2598973 0.2218179 0.2052187 0.0962974 0.1860605 0.1203210 0.1203210 0.0982786 0.1441177 0.2721225 0.0000000 0.0000010 
Myrmecobiidae_Myrmecobius_fasciatus2         0.1966651 0.2307322 0.1630941 0.1885531 0.1885531 0.0905598 0.2140389 0.2230296 0.1809802 0.1860605 0.2176417 0.0972419 0.2129014 0.2381432 0.0962974 0.2029064 0.2044003 0.2627648 0.2574916 0.2927156 0.2071261 0.1852426 0.2316511 0.1962498 0.2561749 0.2598973 0.2218179 0.2052187 0.0962974 0.1860605 0.1203210 0.1203210 0.0982786 0.1441177 0.2721225 0.0000010 0.0000000 
