37
Burramyidae_Burramys_parvus                  0.0000000 0.0504231 0.0438869 0.0435541 0.0427097 0.0458813 0.0344090 0.0299470 0.0447320 0.0507641 0.0299101 0.0459334 0.0468425 0.0380683 0.0389182 0.0465670 0.0462709 0.0457087 0.0505777 0.0388762 0.0390195 0.0578330 0.0435316 0.0332566 0.0450804 0.0312698 0.0379260 0.0353453 0.0430288 0.0367497 0.0347068 0.0481243 0.0449718 0.0539342 0.0446462 0.0278545 0.0278545 
Notoryctidae_Notoryctes_typhlops             0.0504231 0.0000000 0.0810137 0.0659382 0.0651723 0.0545845 0.0530297 0.0500613 0.0664761 0.0589763 0.0484568 0.0569788 0.0552923 0.0539692 0.0629422 0.0565738 0.0546891 0.0522533 0.0576362 0.0649084 0.0595423 0.0625085 0.0543352 0.0570278 0.0505798 0.0541431 0.0652992 0.0529031 0.0621193 0.0575591 0.0504047 0.0574748 0.0550236 0.0599588 0.0431877 0.0395513 0.0395513 
Vombatidae_Lasiorhinus_latifrons             0.0438869 0.0810137 0.0000000 0.0526078 0.0531431 0.0631556 0.0494974 0.0419448 0.0587502 0.0686404 0.0400538 0.0600936 0.0678688 0.0541289 0.0507162 0.0626508 0.0640543 0.0670248 0.0733355 0.0480492 0.0540237 0.0861051 0.0564427 0.0455577 0.0692748 0.0414884 0.0500033 0.0521739 0.0725441 0.0513439 0.0467021 0.0688663 0.0632658 0.0742817 0.0667236 9.0000000 9.0000000 
Potoroidae_Bettongia_penicillata             0.0435541 0.0659382 0.0526078 0.0000000 0.0049272 0.0611366 0.0514631 0.0463562 0.0142973 0.0684342 0.0457419 0.0622048 0.0660182 0.0523633 0.0515842 0.0621365 0.0621987 0.0624652 0.0694628 0.0233743 0.0557261 0.0746549 0.0601438 0.0408799 0.0577922 0.0478408 0.0230672 0.0530712 0.0612217 0.0524948 0.0490373 0.0679776 0.0621783 0.0721798 0.0619033 0.0506359 0.0506359 
Potoroidae_Bettongia_lesueur                 0.0427097 0.0651723 0.0531431 0.0049272 0.0000000 0.0612602 0.0508759 0.0454258 0.0154944 0.0695501 0.0441039 0.0623109 0.0658258 0.0517296 0.0510018 0.0625664 0.0620098 0.0626082 0.0705831 0.0237031 0.0547752 0.0750525 0.0596180 0.0409209 0.0589886 0.0475254 0.0227935 0.0520170 0.0606004 0.0515716 0.0484243 0.0691218 0.0623043 0.0733044 0.0612843 0.0508081 0.0508081 
Dasyuridae_Dasyurus_maculatus                0.0458813 0.0545845 0.0631556 0.0611366 0.0612602 0.0000000 0.0564958 0.0493383 0.0626690 0.0590200 0.0482515 0.0117128 0.0188540 0.0577142 0.0509907 0.0126006 0.0043534 0.0170059 0.0623887 0.0580331 0.0536348 0.0691242 0.0111721 0.0524835 0.0495444 0.0483468 0.0573673 0.0508797 0.0595081 0.0525687 0.0545984 0.0606479 0.0017353 0.0617596 0.0552945 0.0380172 0.0380172 
Phalangeridae_Trichosurus_vulpecula          0.0344090 0.0530297 0.0494974 0.0514631 0.0508759 0.0564958 0.0000000 0.0195545 0.0510562 0.0594337 0.0197436 0.0572010 0.0603736 0.0270599 0.0450388 0.0575297 0.0572243 0.0555738 0.0596773 0.0466834 0.0449665 0.0618605 0.0551602 0.0393980 0.0474985 0.0393135 0.0466655 0.0416900 0.0551989 0.0448295 0.0236880 0.0571126 0.0561946 0.0623938 0.0546066 0.0370639 0.0370639 
Phalangeridae_Spilocuscus_maculatus          0.0299470 0.0500613 0.0419448 0.0463562 0.0454258 0.0493383 0.0195545 0.0000000 0.0452646 0.0576172 0.0106625 0.0496520 0.0530444 0.0191637 0.0416966 0.0501130 0.0500847 0.0480191 0.0560111 0.0407169 0.0409827 0.0596367 0.0473076 0.0347305 0.0463575 0.0343678 0.0400377 0.0358949 0.0477326 0.0401084 0.0155925 0.0550551 0.0490432 0.0591634 0.0477623 0.0334944 0.0334944 
Potoroidae_Aepyprymnus_rufescens             0.0447320 0.0664761 0.0587502 0.0142973 0.0154944 0.0626690 0.0510562 0.0452646 0.0000000 0.0703378 0.0453171 0.0634087 0.0665734 0.0532085 0.0511314 0.0637237 0.0634048 0.0637690 0.0720342 0.0248311 0.0565475 0.0751004 0.0610565 0.0407487 0.0616375 0.0470430 0.0242194 0.0519646 0.0625124 0.0513962 0.0498316 0.0703031 0.0630609 0.0739681 0.0607159 0.0468368 0.0468368 
Peramelidae_Perameles_nasuta                 0.0507641 0.0589763 0.0686404 0.0684342 0.0695501 0.0590200 0.0594337 0.0576172 0.0703378 0.0000000 0.0554320 0.0587792 0.0609655 0.0624695 0.0595235 0.0594446 0.0594608 0.0578909 0.0104757 0.0654797 0.0596284 0.0713980 0.0569741 0.0594408 0.0564433 0.0541993 0.0637776 0.0581283 0.0623873 0.0592576 0.0596277 0.0101175 0.0594074 0.0002957 0.0542148 0.0420562 0.0420562 
Phalangeridae_Strigocuscus_pelengensis       0.0299101 0.0484568 0.0400538 0.0457419 0.0441039 0.0482515 0.0197436 0.0106625 0.0453171 0.0554320 0.0000000 0.0495537 0.0529802 0.0170193 0.0403538 0.0500197 0.0496827 0.0480685 0.0545311 0.0400754 0.0399633 0.0588830 0.0457404 0.0330571 0.0480262 0.0342043 0.0397541 0.0342490 0.0471346 0.0387983 0.0134952 0.0532098 0.0482892 0.0570173 0.0476362 0.0340428 0.0340428 
Dasyuridae_Phascogale_tapoatafa              0.0459334 0.0569788 0.0600936 0.0622048 0.0623109 0.0117128 0.0572010 0.0496520 0.0634087 0.0587792 0.0495537 0.0000000 0.0188716 0.0581239 0.0513870 0.0031951 0.0123283 0.0173095 0.0617899 0.0584522 0.0539987 0.0675933 0.0073307 0.0531760 0.0517552 0.0493603 0.0577704 0.0522755 0.0584839 0.0519931 0.0540278 0.0593536 0.0123203 0.0618401 0.0557709 0.0392438 0.0392438 
Dasyuridae_Sminthopsis_macroura              0.0468425 0.0552923 0.0678688 0.0660182 0.0658258 0.0188540 0.0603736 0.0530444 0.0665734 0.0609655 0.0529802 0.0188716 0.0000000 0.0610066 0.0548820 0.0197718 0.0197893 0.0163384 0.0643187 0.0625890 0.0558841 0.0684855 0.0186622 0.0553576 0.0523435 0.0512387 0.0619177 0.0511586 0.0590944 0.0535290 0.0574821 0.0612824 0.0185756 0.0636843 0.0534088 0.0385881 0.0385881 
Phalangeridae_Phalanger_orientalis           0.0380683 0.0539692 0.0541289 0.0523633 0.0517296 0.0577142 0.0270599 0.0191637 0.0532085 0.0624695 0.0170193 0.0581239 0.0610066 0.0000000 0.0485228 0.0584546 0.0581354 0.0562821 0.0639259 0.0481741 0.0474389 0.0665313 0.0557182 0.0417741 0.0567919 0.0416651 0.0488179 0.0395599 0.0559705 0.0475759 0.0118725 0.0620586 0.0574601 0.0646186 0.0563450 0.0377211 0.0377211 
Acrobatidae_Acrobates_pygmaeus               0.0389182 0.0629422 0.0507162 0.0515842 0.0510018 0.0509907 0.0450388 0.0416966 0.0511314 0.0595235 0.0403538 0.0513870 0.0548820 0.0485228 0.0000000 0.0520327 0.0520387 0.0514430 0.0603396 0.0473847 0.0430019 0.0676678 0.0503050 0.0428481 0.0549071 0.0357732 0.0464217 0.0403018 0.0435485 0.0271296 0.0459305 0.0597326 0.0513675 0.0624021 0.0529147 0.0386521 0.0386521 
Dasyuridae_Phascogale_calura                 0.0465670 0.0565738 0.0626508 0.0621365 0.0625664 0.0126006 0.0575297 0.0501130 0.0637237 0.0594446 0.0500197 0.0031951 0.0197718 0.0584546 0.0520327 0.0000000 0.0135172 0.0173099 0.0624518 0.0590986 0.0543080 0.0692512 0.0079212 0.0535003 0.0524411 0.0500017 0.0580975 0.0525606 0.0599259 0.0523117 0.0546678 0.0596721 0.0132100 0.0624991 0.0583336 0.0392874 0.0392874 
Dasyuridae_Sarcophilus_harrisii              0.0462709 0.0546891 0.0640543 0.0621987 0.0620098 0.0043534 0.0572243 0.0500847 0.0634048 0.0594608 0.0496827 0.0123283 0.0197893 0.0581354 0.0520387 0.0135172 0.0000000 0.0173451 0.0628333 0.0584506 0.0527031 0.0685808 0.0117828 0.0528890 0.0488847 0.0481025 0.0577834 0.0497947 0.0599500 0.0516544 0.0550072 0.0607658 0.0055262 0.0622007 0.0535150 0.0386452 0.0386452 
Dasyuridae_Planigale_tenuirostris            0.0457087 0.0522533 0.0670248 0.0624652 0.0626082 0.0170059 0.0555738 0.0480191 0.0637690 0.0578909 0.0480685 0.0173095 0.0163384 0.0562821 0.0514430 0.0173099 0.0173451 0.0000000 0.0610674 0.0578689 0.0529825 0.0665583 0.0163608 0.0530791 0.0531200 0.0489087 0.0567920 0.0494029 0.0580773 0.0514591 0.0535912 0.0584087 0.0170286 0.0590417 0.0530205 0.0332675 0.0332675 
Peramelidae_Echymipera_kalubu                0.0505777 0.0576362 0.0733355 0.0694628 0.0705831 0.0623887 0.0596773 0.0560111 0.0720342 0.0104757 0.0545311 0.0617899 0.0643187 0.0639259 0.0603396 0.0624518 0.0628333 0.0610674 0.0000000 0.0661856 0.0620016 0.0744924 0.0593547 0.0608801 0.0587379 0.0562935 0.0644935 0.0600035 0.0613115 0.0616359 0.0616994 0.0082508 0.0621209 0.0105958 0.0583966 0.0404030 0.0404030 
Macropodidae_Dorcopsulus_vanheurni           0.0388762 0.0649084 0.0480492 0.0233743 0.0237031 0.0580331 0.0466834 0.0407169 0.0248311 0.0654797 0.0400754 0.0584522 0.0625890 0.0481741 0.0473847 0.0590986 0.0584506 0.0578689 0.0661856 0.0000000 0.0502986 0.0703329 0.0560756 0.0374285 0.0548978 0.0427582 0.0078780 0.0481561 0.0539669 0.0486373 0.0449460 0.0638964 0.0577681 0.0688832 0.0573664 0.0455640 0.0455640 
Pseudochiridae_Pseudochirulus_forbesi        0.0390195 0.0595423 0.0540237 0.0557261 0.0547752 0.0536348 0.0449665 0.0409827 0.0565475 0.0596284 0.0399633 0.0539987 0.0558841 0.0474389 0.0430019 0.0543080 0.0527031 0.0529825 0.0620016 0.0502986 0.0000000 0.0691930 0.0516195 0.0451458 0.0558306 0.0241011 0.0496386 0.0151566 0.0413631 0.0430133 0.0434881 0.0583543 0.0540258 0.0633358 0.0523099 0.0328889 0.0328889 
Marmosidae_Monodelphis_domestica             0.0578330 0.0625085 0.0861051 0.0746549 0.0750525 0.0691242 0.0618605 0.0596367 0.0751004 0.0713980 0.0588830 0.0675933 0.0684855 0.0665313 0.0676678 0.0692512 0.0685808 0.0665583 0.0744924 0.0703329 0.0691930 0.0000000 0.0673113 0.0649235 0.0608384 0.0630452 0.0689819 0.0623881 0.0704294 0.0663815 0.0637762 0.0689577 0.0681721 0.0757966 0.0208703 0.0406092 0.0406092 
Dasyuridae_Antechinus_stuartii               0.0435316 0.0543352 0.0564427 0.0601438 0.0596180 0.0111721 0.0551602 0.0473076 0.0610565 0.0569741 0.0457404 0.0073307 0.0186622 0.0557182 0.0503050 0.0079212 0.0117828 0.0163608 0.0593547 0.0560756 0.0516195 0.0673113 0.0000000 0.0495415 0.0516281 0.0479499 0.0547551 0.0507256 0.0560194 0.0496196 0.0520353 0.0572231 0.0117810 0.0597552 0.0561589 0.0374546 0.0374546 
Hypsiprymnodontidae_Hypsiprymnodon_moschatus 0.0332566 0.0570278 0.0455577 0.0408799 0.0409209 0.0524835 0.0393980 0.0347305 0.0407487 0.0594408 0.0330571 0.0531760 0.0553576 0.0417741 0.0428481 0.0535003 0.0528890 0.0530791 0.0608801 0.0374285 0.0451458 0.0649235 0.0495415 0.0000000 0.0509969 0.0376844 0.0368234 0.0428355 0.0528371 0.0441823 0.0389694 0.0591142 0.0528400 0.0628669 0.0531032 0.0385171 0.0385171 
Microbiotheriidae_Dromiciops_gliroides       0.0450804 0.0505798 0.0692748 0.0577922 0.0589886 0.0495444 0.0474985 0.0463575 0.0616375 0.0564433 0.0480262 0.0517552 0.0523435 0.0567919 0.0549071 0.0524411 0.0488847 0.0531200 0.0587379 0.0548978 0.0558306 0.0608384 0.0516281 0.0509969 0.0000000 0.0484218 0.0559457 0.0542713 0.0594835 0.0521204 0.0525645 0.0569927 0.0499211 0.0585342 0.0445957 0.0318612 0.0318612 
Pseudochiridae_Petauroides_volans            0.0312698 0.0541431 0.0414884 0.0478408 0.0475254 0.0483468 0.0393135 0.0343678 0.0470430 0.0541993 0.0342043 0.0493603 0.0512387 0.0416651 0.0357732 0.0500017 0.0481025 0.0489087 0.0562935 0.0427582 0.0241011 0.0630452 0.0479499 0.0376844 0.0484218 0.0000000 0.0424285 0.0226009 0.0363559 0.0355470 0.0379357 0.0529733 0.0483931 0.0573224 0.0484897 0.0341564 0.0341564 
Macropodidae_Wallabia_bicolor                0.0379260 0.0652992 0.0500033 0.0230672 0.0227935 0.0573673 0.0466655 0.0400377 0.0242194 0.0637776 0.0397541 0.0577704 0.0619177 0.0488179 0.0464217 0.0580975 0.0577834 0.0567920 0.0644935 0.0078780 0.0496386 0.0689819 0.0547551 0.0368234 0.0559457 0.0424285 0.0000000 0.0481198 0.0535722 0.0480030 0.0455899 0.0628411 0.0571020 0.0671908 0.0585218 0.0436512 0.0436512 
Pseudochiridae_Pseudocheirus_occidentalis    0.0353453 0.0529031 0.0521739 0.0530712 0.0520170 0.0508797 0.0416900 0.0358949 0.0519646 0.0581283 0.0342490 0.0522755 0.0511586 0.0395599 0.0403018 0.0525606 0.0497947 0.0494029 0.0600035 0.0481561 0.0151566 0.0623881 0.0507256 0.0428355 0.0542713 0.0226009 0.0481198 0.0000000 0.0416605 0.0370023 0.0361279 0.0557190 0.0502007 0.0604342 0.0478575 0.0314668 0.0314668 
Tarsipedidae_Tarsipes_rostratus              0.0430288 0.0621193 0.0725441 0.0612217 0.0606004 0.0595081 0.0551989 0.0477326 0.0625124 0.0623873 0.0471346 0.0584839 0.0590944 0.0559705 0.0435485 0.0599259 0.0599500 0.0580773 0.0613115 0.0539669 0.0413631 0.0704294 0.0560194 0.0528371 0.0594835 0.0363559 0.0535722 0.0416605 0.0000000 0.0424937 0.0519781 0.0602280 0.0592087 0.0653832 0.0451831 0.0361687 0.0361687 
Acrobatidae_Distoechurus_pennatus            0.0367497 0.0575591 0.0513439 0.0524948 0.0515716 0.0525687 0.0448295 0.0401084 0.0513962 0.0592576 0.0387983 0.0519931 0.0535290 0.0475759 0.0271296 0.0523117 0.0516544 0.0514591 0.0616359 0.0486373 0.0430133 0.0663815 0.0496196 0.0441823 0.0521204 0.0355470 0.0480030 0.0370023 0.0424937 0.0000000 0.0427410 0.0581254 0.0516372 0.0626874 0.0523945 0.0366770 0.0366770 
Phalangeridae_Phalanger_carmelitae           0.0347068 0.0504047 0.0467021 0.0490373 0.0484243 0.0545984 0.0236880 0.0155925 0.0498316 0.0596277 0.0134952 0.0540278 0.0574821 0.0118725 0.0459305 0.0546678 0.0550072 0.0535912 0.0616994 0.0449460 0.0434881 0.0637762 0.0520353 0.0389694 0.0525645 0.0379357 0.0455899 0.0361279 0.0519781 0.0427410 0.0000000 0.0584767 0.0543451 0.0630347 0.0543948 0.0376950 0.0376950 
Peramelidae_Peroryctes_raffrayana            0.0481243 0.0574748 0.0688663 0.0679776 0.0691218 0.0606479 0.0571126 0.0550551 0.0703031 0.0101175 0.0532098 0.0593536 0.0612824 0.0620586 0.0597326 0.0596721 0.0607658 0.0584087 0.0082508 0.0638964 0.0583543 0.0689577 0.0572231 0.0591142 0.0569927 0.0529733 0.0628411 0.0557190 0.0602280 0.0581254 0.0584767 0.0000000 0.0599835 0.0100653 0.0552531 0.0392870 0.0392870 
Dasyuridae_Dasyurus_geffroii                 0.0449718 0.0550236 0.0632658 0.0621783 0.0623043 0.0017353 0.0561946 0.0490432 0.0630609 0.0594074 0.0482892 0.0123203 0.0185756 0.0574601 0.0513675 0.0132100 0.0055262 0.0170286 0.0621209 0.0577681 0.0540258 0.0681721 0.0117810 0.0528400 0.0499211 0.0483931 0.0571020 0.0502007 0.0592087 0.0516372 0.0543451 0.0599835 0.0000000 0.0621696 0.0553555 0.0373843 0.0373843 
Peramelidae_Perameles_gunnii                 0.0539342 0.0599588 0.0742817 0.0721798 0.0733044 0.0617596 0.0623938 0.0591634 0.0739681 0.0002957 0.0570173 0.0618401 0.0636843 0.0646186 0.0624021 0.0624991 0.0622007 0.0590417 0.0105958 0.0688832 0.0633358 0.0757966 0.0597552 0.0628669 0.0585342 0.0573224 0.0671908 0.0604342 0.0653832 0.0626874 0.0630347 0.0100653 0.0621696 0.0000000 0.0569776 0.0441046 0.0441046 
Didelphidae_Didelphis_virginiana             0.0446462 0.0431877 0.0667236 0.0619033 0.0612843 0.0552945 0.0546066 0.0477623 0.0607159 0.0542148 0.0476362 0.0557709 0.0534088 0.0563450 0.0529147 0.0583336 0.0535150 0.0530205 0.0583966 0.0573664 0.0523099 0.0208703 0.0561589 0.0531032 0.0445957 0.0484897 0.0585218 0.0478575 0.0451831 0.0523945 0.0543948 0.0552531 0.0553555 0.0569776 0.0000000 0.0424094 0.0424094 
Vombatidae_Vombatus_ursinus1                 0.0278545 0.0395513 9.0000000 0.0506359 0.0508081 0.0380172 0.0370639 0.0334944 0.0468368 0.0420562 0.0340428 0.0392438 0.0385881 0.0377211 0.0386521 0.0392874 0.0386452 0.0332675 0.0404030 0.0455640 0.0328889 0.0406092 0.0374546 0.0385171 0.0318612 0.0341564 0.0436512 0.0314668 0.0361687 0.0366770 0.0376950 0.0392870 0.0373843 0.0441046 0.0424094 0.0000000 0.0000010 
Vombatidae_Vombatus_ursinus2                 0.0278545 0.0395513 9.0000000 0.0506359 0.0508081 0.0380172 0.0370639 0.0334944 0.0468368 0.0420562 0.0340428 0.0392438 0.0385881 0.0377211 0.0386521 0.0392874 0.0386452 0.0332675 0.0404030 0.0455640 0.0328889 0.0406092 0.0374546 0.0385171 0.0318612 0.0341564 0.0436512 0.0314668 0.0361687 0.0366770 0.0376950 0.0392870 0.0373843 0.0441046 0.0424094 0.0000010 0.0000000 
