35
Burramyidae_Burramys_parvus                  0.0000000 0.1063006 0.0808407 0.0907055 0.0907997 0.1087815 0.0642296 0.0712627 0.0929767 0.1037975 0.0654611 0.1101041 0.1159107 0.0693747 0.0884562 0.1106841 0.1104737 0.1072792 0.1157162 0.0765012 0.0945457 0.1242088 0.1318939 0.1140236 0.0882963 0.0937642 0.0959397 0.0800450 0.0835142 0.1209796 0.0861393 0.0708775 0.1229766 0.1054443 0.1097196 
Notoryctidae_Notoryctes_typhlops             0.1063006 0.0000000 0.1102833 0.1206496 0.1243881 0.1239432 0.1080725 0.1150339 0.1207826 0.1293367 0.1056224 0.1199129 0.1282299 0.1110517 0.1184122 0.1197655 0.1294919 0.1233129 0.1392235 0.1115663 0.1354410 0.1536130 0.1517843 0.1226609 0.1168462 0.1149300 0.1378983 0.1136209 0.1282678 0.1722991 0.1244461 0.1117044 0.1437079 0.1240461 0.1305716 
Vombatidae_Lasiorhinus_latifrons             0.0808407 0.1102833 0.0000000 0.0960446 0.0973320 0.1093133 0.0710891 0.0791398 0.0956105 0.0996008 0.0742621 0.1146792 0.1092571 0.0767914 0.0859820 0.1146502 0.1088469 0.1098628 0.1094090 0.0834752 0.1035230 0.1270165 0.1328029 0.1139446 0.0863385 0.0947383 0.1085315 0.0824510 0.0967423 0.1268978 0.0926245 0.0760981 0.1147144 0.1078553 0.1043413 
Potoroidae_Bettongia_penicillata             0.0907055 0.1206496 0.0960446 0.0000000 0.0084899 0.1232803 0.0870721 0.0943741 0.0296481 0.1162383 0.0886253 0.1289527 0.1286731 0.0952771 0.1070711 0.1289174 0.1247873 0.1239858 0.1272118 0.0348556 0.1152353 0.1426990 0.1558750 0.1283760 0.0664360 0.1121811 0.1196570 0.0359360 0.1050637 0.1441097 0.1080594 0.0945227 0.1406128 0.1211667 0.1219505 
Potoroidae_Bettongia_lesueur                 0.0907997 0.1243881 0.0973320 0.0084899 0.0000000 0.1247004 0.0860033 0.0945237 0.0306289 0.1190878 0.0876212 0.1316368 0.1301144 0.0954278 0.1072479 0.1315330 0.1262168 0.1246692 0.1307333 0.0349082 0.1142240 0.1463864 0.1568166 0.1297569 0.0665687 0.1123186 0.1186415 0.0350182 0.1052352 0.1416872 0.1094909 0.0946719 0.1439909 0.1225815 0.1247610 
Dasyuridae_Dasyurus_maculatus                0.1087815 0.1239432 0.1093133 0.1232803 0.1247004 0.0000000 0.1077376 0.1208644 0.1259463 0.1136967 0.1129140 0.0294273 0.0377354 0.1144103 0.1296012 0.0299076 0.0116505 0.0323970 0.1191774 0.1101284 0.1346641 0.1504097 0.1622514 0.0273162 0.1179783 0.1119224 0.1406256 0.1104205 0.1275345 0.1632006 0.1296989 0.1171418 0.1323626 0.0080184 0.1161527 
Phalangeridae_Trichosurus_vulpecula          0.0642296 0.1080725 0.0710891 0.0870721 0.0860033 0.1077376 0.0000000 0.0282977 0.0874798 0.0965284 0.0260211 0.1153635 0.1098038 0.0301221 0.0770019 0.1152760 0.1078841 0.1114966 0.1066066 0.0729420 0.0857698 0.1272310 0.1386272 0.1152899 0.0802205 0.0895548 0.0929865 0.0737164 0.0750222 0.1062697 0.0787857 0.0276746 0.1174926 0.1080741 0.1021668 
Phalangeridae_Spilocuscus_maculatus          0.0712627 0.1150339 0.0791398 0.0943741 0.0945237 0.1208644 0.0282977 0.0000000 0.0935807 0.1076493 0.0163216 0.1262887 0.1210461 0.0187005 0.0830274 0.1262545 0.1203911 0.1195728 0.1176490 0.0828877 0.0961729 0.1339475 0.1417485 0.1243303 0.0885503 0.0924931 0.0999972 0.0831039 0.0843694 0.1089716 0.0877027 0.0168100 0.1277549 0.1193853 0.1121751 
Potoroidae_Aepyprymnus_rufescens             0.0929767 0.1207826 0.0956105 0.0296481 0.0306289 0.1259463 0.0874798 0.0935807 0.0000000 0.1169367 0.0851463 0.1292300 0.1289180 0.0923779 0.1021896 0.1291944 0.1274766 0.1239234 0.1282289 0.0325702 0.1135584 0.1434926 0.1566691 0.1279564 0.0637374 0.1080221 0.1192588 0.0356740 0.1051387 0.1349214 0.1073181 0.0927509 0.1423035 0.1232110 0.1224365 
Peramelidae_Perameles_nasuta                 0.1037975 0.1293367 0.0996008 0.1162383 0.1190878 0.1136967 0.0965284 0.1076493 0.1169367 0.0000000 0.0994255 0.1195763 0.1145905 0.1044202 0.1117649 0.1188341 0.1197872 0.1121036 0.0198649 0.1068349 0.1254666 0.1446462 0.1465375 0.1168695 0.1092249 0.1087111 0.1330812 0.1091368 0.1168589 0.1475978 0.1147958 0.1047636 0.0192378 0.1158730 0.0019117 
Phalangeridae_Strigocuscus_pelengensis       0.0654611 0.1056224 0.0742621 0.0886253 0.0876212 0.1129140 0.0260211 0.0163216 0.0851463 0.0994255 0.0000000 0.1189974 0.1136848 0.0181478 0.0761189 0.1189656 0.1135302 0.1120032 0.1090091 0.0747274 0.0873149 0.1283981 0.1374002 0.1166483 0.0798228 0.0871872 0.0935794 0.0763748 0.0747158 0.1113421 0.0790238 0.0162448 0.1199931 0.1112898 0.1032320 
Dasyuridae_Phascogale_tapoatafa              0.1101041 0.1199129 0.1146792 0.1289527 0.1316368 0.0294273 0.1153635 0.1262887 0.1292300 0.1195763 0.1189974 0.0000000 0.0436121 0.1209616 0.1277083 0.0044133 0.0313788 0.0348614 0.1258765 0.1142815 0.1404828 0.1587843 0.1671006 0.0154151 0.1237630 0.1137936 0.1444003 0.1175506 0.1311109 0.1702762 0.1291224 0.1237143 0.1397573 0.0280633 0.1227297 
Dasyuridae_Sminthopsis_macroura              0.1159107 0.1282299 0.1092571 0.1286731 0.1301144 0.0377354 0.1098038 0.1210461 0.1289180 0.1145905 0.1136848 0.0436121 0.0000000 0.1146211 0.1293859 0.0441110 0.0407108 0.0307917 0.1207019 0.1159640 0.1337228 0.1541570 0.1632670 0.0415897 0.1219712 0.1160775 0.1400963 0.1174573 0.1263778 0.1672669 0.1344799 0.1174042 0.1333103 0.0373305 0.1176498 
Phalangeridae_Phalanger_orientalis           0.0693747 0.1110517 0.0767914 0.0952771 0.0954278 0.1144103 0.0301221 0.0187005 0.0923779 0.1044202 0.0181478 0.1209616 0.1146211 0.0000000 0.0862177 0.1209299 0.1151237 0.1155496 0.1151601 0.0820466 0.0935272 0.1326182 0.1424294 0.1190469 0.0859794 0.0921922 0.0967238 0.0822598 0.0819975 0.1120445 0.0884969 0.0080584 0.1251745 0.1129387 0.1085755 
Acrobatidae_Acrobates_pygmaeus               0.0884562 0.1184122 0.0859820 0.1070711 0.1072479 0.1296012 0.0770019 0.0830274 0.1021896 0.1117649 0.0761189 0.1277083 0.1293859 0.0862177 0.0000000 0.1276969 0.1291684 0.1285254 0.1204863 0.0912681 0.0916780 0.1385595 0.1473190 0.1309565 0.0960283 0.1049137 0.0935615 0.0937635 0.0834133 0.1135234 0.0463399 0.0832714 0.1322540 0.1254548 0.1149113 
Dasyuridae_Phascogale_calura                 0.1106841 0.1197655 0.1146502 0.1289174 0.1315330 0.0299076 0.1152760 0.1262545 0.1291944 0.1188341 0.1189656 0.0044133 0.0441110 0.1209299 0.1276969 0.0000000 0.0318621 0.0353617 0.1251891 0.1154316 0.1404417 0.1580474 0.1657577 0.0144913 0.1251092 0.1136943 0.1444010 0.1175204 0.1310418 0.1700814 0.1303018 0.1236815 0.1403165 0.0285430 0.1214371 
Dasyuridae_Sarcophilus_harrisii              0.1104737 0.1294919 0.1088469 0.1247873 0.1262168 0.0116505 0.1078841 0.1203911 0.1274766 0.1197872 0.1135302 0.0313788 0.0407108 0.1151237 0.1291684 0.0318621 0.0000000 0.0349969 0.1253395 0.1115605 0.1368910 0.1545687 0.1651596 0.0302617 0.1204541 0.1120357 0.1406369 0.1118571 0.1276776 0.1617382 0.1312904 0.1178604 0.1372631 0.0125917 0.1220994 
Dasyuridae_Planigale_tenuirostris            0.1072792 0.1233129 0.1098628 0.1239858 0.1246692 0.0323970 0.1114966 0.1195728 0.1239234 0.1121036 0.1120032 0.0348614 0.0307917 0.1155496 0.1285254 0.0353617 0.0349969 0.0000000 0.1184826 0.1118468 0.1308805 0.1561015 0.1555867 0.0361179 0.1226929 0.1107081 0.1395262 0.1118868 0.1207782 0.1626436 0.1289764 0.1180120 0.1298017 0.0314234 0.1147394 
Peramelidae_Echymipera_kalubu                0.1157162 0.1392235 0.1094090 0.1272118 0.1307333 0.1191774 0.1066066 0.1176490 0.1282289 0.0198649 0.1090091 0.1258765 0.1207019 0.1151601 0.1204863 0.1251891 0.1253395 0.1184826 0.0000000 0.1168697 0.1348104 0.1521746 0.1614151 0.1247458 0.1200401 0.1183313 0.1430556 0.1178744 0.1265688 0.1608211 0.1227443 0.1146047 0.0203478 0.1213528 0.0205035 
Macropodidae_Dorcopsulus_vanheurni           0.0765012 0.1115663 0.0834752 0.0348556 0.0349082 0.1101284 0.0729420 0.0828877 0.0325702 0.1068349 0.0747274 0.1142815 0.1159640 0.0820466 0.0912681 0.1154316 0.1115605 0.1118468 0.1168697 0.0000000 0.1017927 0.1315895 0.1412157 0.1141627 0.0473442 0.0939873 0.1062029 0.0135421 0.0922331 0.1194314 0.0915417 0.0813381 0.1269807 0.1074680 0.1127494 
Pseudochiridae_Pseudochirulus_forbesi        0.0945457 0.1354410 0.1035230 0.1152353 0.1142240 0.1346641 0.0857698 0.0961729 0.1135584 0.1254666 0.0873149 0.1404828 0.1337228 0.0935272 0.0916780 0.1404417 0.1368910 0.1308805 0.1348104 0.1017927 0.0000000 0.1473971 0.1570048 0.1396323 0.1004352 0.1144523 0.0660261 0.1032261 0.0233420 0.1112378 0.0922681 0.0939013 0.1407331 0.1327095 0.1296560 
Didelphidae_Didelphis_virginiana             0.1242088 0.1536130 0.1270165 0.1426990 0.1463864 0.1504097 0.1272310 0.1339475 0.1434926 0.1446462 0.1283981 0.1587843 0.1541570 0.1326182 0.1385595 0.1580474 0.1545687 0.1561015 0.1521746 0.1315895 0.1473971 0.0000000 0.0427331 0.1565769 0.1350601 0.1271098 0.1555926 0.1359513 0.1424242 0.1885204 0.1376630 0.1343533 0.1639941 0.1499956 0.1496422 
Marmosidae_Monodelphis_domestica             0.1318939 0.1517843 0.1328029 0.1558750 0.1568166 0.1622514 0.1386272 0.1417485 0.1566691 0.1465375 0.1374002 0.1671006 0.1632670 0.1424294 0.1473190 0.1657577 0.1651596 0.1555867 0.1614151 0.1412157 0.1570048 0.0427331 0.0000000 0.1645503 0.1434469 0.1346609 0.1610236 0.1422050 0.1481643 0.2006414 0.1457328 0.1433926 0.1738604 0.1584820 0.1542033 
Dasyuridae_Antechinus_stuartii               0.1140236 0.1226609 0.1139446 0.1283760 0.1297569 0.0273162 0.1152899 0.1243303 0.1279564 0.1168695 0.1166483 0.0154151 0.0415897 0.1190469 0.1309565 0.0144913 0.0302617 0.0361179 0.1247458 0.1141627 0.1396323 0.1565769 0.1645503 0.0000000 0.1240130 0.1139241 0.1421345 0.1157202 0.1297406 0.1675649 0.1261656 0.1219467 0.1413903 0.0258336 0.1194547 
Hypsiprymnodontidae_Hypsiprymnodon_moschatus 0.0882963 0.1168462 0.0863385 0.0664360 0.0665687 0.1179783 0.0802205 0.0885503 0.0637374 0.1092249 0.0798228 0.1237630 0.1219712 0.0859794 0.0960283 0.1251092 0.1204541 0.1226929 0.1200401 0.0473442 0.1004352 0.1350601 0.1434469 0.1240130 0.0000000 0.1000951 0.1107743 0.0520240 0.0937575 0.1236712 0.0969334 0.0863561 0.1332609 0.1181172 0.1144777 
Microbiotheriidae_Dromiciops_gliroides       0.0937642 0.1149300 0.0947383 0.1121811 0.1123186 0.1119224 0.0895548 0.0924931 0.1080221 0.1087111 0.0871872 0.1137936 0.1160775 0.0921922 0.1049137 0.1136943 0.1120357 0.1107081 0.1183313 0.0939873 0.1144523 0.1271098 0.1346609 0.1139241 0.1000951 0.0000000 0.1169376 0.0939996 0.1063551 0.1353967 0.1069515 0.0938155 0.1244789 0.1104111 0.1127271 
Pseudochiridae_Petauroides_volans            0.0959397 0.1378983 0.1085315 0.1196570 0.1186415 0.1406256 0.0929865 0.0999972 0.1192588 0.1330812 0.0935794 0.1444003 0.1400963 0.0967238 0.0935615 0.1444010 0.1406369 0.1395262 0.1430556 0.1062029 0.0660261 0.1555926 0.1610236 0.1421345 0.1107743 0.1169376 0.0000000 0.1053216 0.0521858 0.1010394 0.0933145 0.0971325 0.1475406 0.1365748 0.1370765 
Macropodidae_Wallabia_bicolor                0.0800450 0.1136209 0.0824510 0.0359360 0.0350182 0.1104205 0.0737164 0.0831039 0.0356740 0.1091368 0.0763748 0.1175506 0.1174573 0.0822598 0.0937635 0.1175204 0.1118571 0.1118868 0.1178744 0.0135421 0.1032261 0.1359513 0.1422050 0.1157202 0.0520240 0.0939996 0.1053216 0.0000000 0.0956506 0.1211748 0.0940174 0.0804595 0.1292618 0.1077536 0.1150329 
Pseudochiridae_Pseudocheirus_occidentalis    0.0835142 0.1282678 0.0967423 0.1050637 0.1052352 0.1275345 0.0750222 0.0843694 0.1051387 0.1168589 0.0747158 0.1311109 0.1263778 0.0819975 0.0834133 0.1310418 0.1276776 0.1207782 0.1265688 0.0922331 0.0233420 0.1424242 0.1481643 0.1297406 0.0937575 0.1063551 0.0521858 0.0956506 0.0000000 0.0890524 0.0842100 0.0824041 0.1265901 0.1245661 0.1171482 
Tarsipedidae_Tarsipes_rostratus              0.1209796 0.1722991 0.1268978 0.1441097 0.1416872 0.1632006 0.1062697 0.1089716 0.1349214 0.1475978 0.1113421 0.1702762 0.1672669 0.1120445 0.1135234 0.1700814 0.1617382 0.1626436 0.1608211 0.1194314 0.1112378 0.1885204 0.2006414 0.1675649 0.1236712 0.1353967 0.1010394 0.1211748 0.0890524 0.0000000 0.1094792 0.1101419 0.1635919 0.1585859 0.1521495 
Acrobatidae_Distoechurus_pennatus            0.0861393 0.1244461 0.0926245 0.1080594 0.1094909 0.1296989 0.0787857 0.0877027 0.1073181 0.1147958 0.0790238 0.1291224 0.1344799 0.0884969 0.0463399 0.1303018 0.1312904 0.1289764 0.1227443 0.0915417 0.0922681 0.1376630 0.1457328 0.1261656 0.0969334 0.1069515 0.0933145 0.0940174 0.0842100 0.1094792 0.0000000 0.0866599 0.1334506 0.1244633 0.1178052 
Phalangeridae_Phalanger_carmelitae           0.0708775 0.1117044 0.0760981 0.0945227 0.0946719 0.1171418 0.0276746 0.0168100 0.0927509 0.1047636 0.0162448 0.1237143 0.1174042 0.0080584 0.0832714 0.1236815 0.1178604 0.1180120 0.1146047 0.0813381 0.0939013 0.1343533 0.1433926 0.1219467 0.0863561 0.0938155 0.0971325 0.0804595 0.0824041 0.1101419 0.0866599 0.0000000 0.1248530 0.1156721 0.1089029 
Peramelidae_Peroryctes_raffrayana            0.1229766 0.1437079 0.1147144 0.1406128 0.1439909 0.1323626 0.1174926 0.1277549 0.1423035 0.0192378 0.1199931 0.1397573 0.1333103 0.1251745 0.1322540 0.1403165 0.1372631 0.1298017 0.0203478 0.1269807 0.1407331 0.1639941 0.1738604 0.1413903 0.1332609 0.1244789 0.1475406 0.1292618 0.1265901 0.1635919 0.1334506 0.1248530 0.0000000 0.1348906 0.0193570 
Dasyuridae_Dasyurus_geffroii                 0.1054443 0.1240461 0.1078553 0.1211667 0.1225815 0.0080184 0.1080741 0.1193853 0.1232110 0.1158730 0.1112898 0.0280633 0.0373305 0.1129387 0.1254548 0.0285430 0.0125917 0.0314234 0.1213528 0.1074680 0.1327095 0.1499956 0.1584820 0.0258336 0.1181172 0.1104111 0.1365748 0.1077536 0.1245661 0.1585859 0.1244633 0.1156721 0.1348906 0.0000000 0.1182803 
Peramelidae_Perameles_gunnii                 0.1097196 0.1305716 0.1043413 0.1219505 0.1247610 0.1161527 0.1021668 0.1121751 0.1224365 0.0019117 0.1032320 0.1227297 0.1176498 0.1085755 0.1149113 0.1214371 0.1220994 0.1147394 0.0205035 0.1127494 0.1296560 0.1496422 0.1542033 0.1194547 0.1144777 0.1127271 0.1370765 0.1150329 0.1171482 0.1521495 0.1178052 0.1089029 0.0193570 0.1182803 0.0000000 
