35
Burramyidae_Burramys_parvus                  0.0000000 0.0683069 0.0534851 0.0531482 0.0547882 0.0826454 0.0509451 0.0609126 0.0487419 0.0716842 0.0567822 0.0876956 0.0895639 0.0565775 0.0527251 0.0877347 0.0823127 0.0728045 0.0788811 0.0498292 0.0667992 0.0877787 0.0882158 0.0864553 0.0762877 0.0895631 0.0494127 0.0492870 0.0716130 0.0793997 0.0724834 0.0804459 0.0795572 0.0809286 0.0720324 
Notoryctidae_Notoryctes_typhlops             0.0683069 0.0000000 0.0641120 0.0759908 0.0774350 0.0939948 0.0727764 0.0919401 0.0717038 0.0745734 0.0794488 0.0944535 0.1030218 0.0792094 0.0798376 0.0944974 0.0919957 0.0865235 0.0838300 0.0742045 0.0840844 0.1032337 0.1020381 0.0941559 0.1012226 0.0925868 0.0672491 0.0727353 0.0906940 0.0994209 0.1029501 0.1086424 0.0863286 0.0921630 0.0778440 
Vombatidae_Lasiorhinus_latifrons             0.0534851 0.0641120 0.0000000 0.0661426 0.0741986 0.0825182 0.0652967 0.0775322 0.0547343 0.0792816 0.0744497 0.0857352 0.0979898 0.0731211 0.0714858 0.0847429 0.0824724 0.0795762 0.0810698 0.0583299 0.0782794 0.1008970 0.1036533 0.0840764 0.0946824 0.0757586 0.0617132 0.0569357 0.0789315 0.0827413 0.0841270 0.0930802 0.0865584 0.0825724 0.0799054 
Potoroidae_Bettongia_penicillata             0.0531482 0.0759908 0.0661426 0.0000000 0.0311650 0.0987933 0.0777512 0.0890331 0.0223727 0.1002778 0.0835297 0.1057323 0.1184983 0.0876742 0.0831115 0.1052268 0.0985787 0.0954632 0.0812301 0.0291709 0.0835576 0.1188562 0.1181113 0.1029779 0.0847642 0.1032909 0.0718440 0.0293758 0.0861719 0.0949088 0.0743860 0.1098361 0.1074261 0.0977147 0.0979483 
Potoroidae_Bettongia_lesueur                 0.0547882 0.0774350 0.0741986 0.0311650 0.0000000 0.1087003 0.0884909 0.0988516 0.0351111 0.1049915 0.0912115 0.1131804 0.1204823 0.0981338 0.0827373 0.1131411 0.1094790 0.1018274 0.0851344 0.0415976 0.0908860 0.1174745 0.1170691 0.1119824 0.0825953 0.1143932 0.0751609 0.0409945 0.0925860 0.1112965 0.0697683 0.1197168 0.1127897 0.1078627 0.1036231 
Dasyuridae_Dasyurus_maculatus                0.0826454 0.0939948 0.0825182 0.0987933 0.1087003 0.0000000 0.0936709 0.1139397 0.0925722 0.1046650 0.1022120 0.0210913 0.0410504 0.1098352 0.1038865 0.0206767 0.0041432 0.0240517 0.0991216 0.0879510 0.1148657 0.1278530 0.1340206 0.0218575 0.1258882 0.1072322 0.1037955 0.0871466 0.1142656 0.1241093 0.1063844 0.1305904 0.1125278 0.0046765 0.1033403 
Phalangeridae_Trichosurus_vulpecula          0.0509451 0.0727764 0.0652967 0.0777512 0.0884909 0.0936709 0.0000000 0.0330196 0.0703146 0.0948958 0.0296645 0.1000145 0.1142844 0.0318420 0.0778342 0.0999896 0.0920473 0.0907416 0.0861633 0.0735725 0.0917521 0.1196064 0.1147881 0.0963543 0.0968929 0.0960613 0.0812929 0.0721072 0.0917905 0.0919075 0.0850780 0.0539282 0.1061691 0.0936751 0.0920252 
Phalangeridae_Spilocuscus_maculatus          0.0609126 0.0919401 0.0775322 0.0890331 0.0988516 0.1139397 0.0330196 0.0000000 0.0833541 0.1072634 0.0331175 0.1213565 0.1314932 0.0209962 0.0944034 0.1214026 0.1136058 0.1081760 0.0992818 0.0853886 0.1020619 0.1296053 0.1175620 0.1177296 0.0980261 0.0978879 0.0872781 0.0837650 0.1085617 0.1052415 0.0977961 0.0342330 0.1184204 0.1128114 0.1067124 
Potoroidae_Aepyprymnus_rufescens             0.0487419 0.0717038 0.0547343 0.0223727 0.0351111 0.0925722 0.0703146 0.0833541 0.0000000 0.0911342 0.0751172 0.0968399 0.1082393 0.0778491 0.0761336 0.0957244 0.0909541 0.0868678 0.0816098 0.0173961 0.0818969 0.1107969 0.1084319 0.0926678 0.0793586 0.0912080 0.0699559 0.0180914 0.0860253 0.0932010 0.0772676 0.1024838 0.0992705 0.0921313 0.0901825 
Peramelidae_Perameles_nasuta                 0.0716842 0.0745734 0.0792816 0.1002778 0.1049915 0.1046650 0.0948958 0.1072634 0.0911342 0.0000000 0.1042420 0.1122233 0.1160620 0.1079329 0.0962413 0.1112323 0.1049378 0.0904019 0.0157372 0.0945921 0.1092290 0.1189711 0.1210429 0.1077958 0.1154588 0.1068023 0.0955651 0.0935215 0.1133256 0.1207455 0.1044499 0.1239378 0.0230089 0.1049507 0.0011048 
Phalangeridae_Strigocuscus_pelengensis       0.0567822 0.0794488 0.0744497 0.0835297 0.0912115 0.1022120 0.0296645 0.0331175 0.0751172 0.1042420 0.0000000 0.1087552 0.1192319 0.0239038 0.0858748 0.1087602 0.1021809 0.0960759 0.0936276 0.0756336 0.0972876 0.1240868 0.1225448 0.1066149 0.1029167 0.1055945 0.0855073 0.0785122 0.0986287 0.1037599 0.0893322 0.0534825 0.1115068 0.1019770 0.1017213 
Dasyuridae_Phascogale_tapoatafa              0.0876956 0.0944535 0.0857352 0.1057323 0.1131804 0.0210913 0.1000145 0.1213565 0.0968399 0.1122233 0.1087552 0.0000000 0.0495852 0.1123332 0.1095807 0.0036200 0.0206321 0.0262095 0.1091536 0.0957167 0.1185819 0.1304842 0.1356195 0.0095400 0.1331730 0.1148513 0.1091119 0.0947112 0.1201692 0.1272306 0.1119328 0.1387980 0.1174647 0.0224585 0.1136285 
Dasyuridae_Sminthopsis_macroura              0.0895639 0.1030218 0.0979898 0.1184983 0.1204823 0.0410504 0.1142844 0.1314932 0.1082393 0.1160620 0.1192319 0.0495852 0.0000000 0.1244609 0.1083398 0.0498811 0.0412392 0.0408985 0.1113569 0.1074003 0.1323718 0.1336334 0.1379255 0.0474827 0.1465347 0.1305631 0.1113203 0.1066078 0.1279092 0.1467727 0.1162043 0.1492489 0.1245339 0.0428528 0.1163189 
Phalangeridae_Phalanger_orientalis           0.0565775 0.0792094 0.0731211 0.0876742 0.0981338 0.1098352 0.0318420 0.0209962 0.0778491 0.1079329 0.0239038 0.1123332 0.1244609 0.0000000 0.0881745 0.1123521 0.1086227 0.1028797 0.1002057 0.0827803 0.1010859 0.1245597 0.1262608 0.1090592 0.0946051 0.0960224 0.0926313 0.0857016 0.1063840 0.1056584 0.0941485 0.0144058 0.1100919 0.1086061 0.1061489 
Acrobatidae_Acrobates_pygmaeus               0.0527251 0.0798376 0.0714858 0.0831115 0.0827373 0.1038865 0.0778342 0.0944034 0.0761336 0.0962413 0.0858748 0.1095807 0.1083398 0.0881745 0.0000000 0.1100662 0.1028162 0.1007924 0.0829139 0.0717621 0.0811720 0.1138436 0.1130513 0.1060678 0.1134809 0.1063304 0.0554204 0.0721269 0.0798013 0.0933134 0.0517485 0.1139235 0.1016927 0.1026091 0.0933269 
Dasyuridae_Phascogale_calura                 0.0877347 0.0944974 0.0847429 0.1052268 0.1131411 0.0206767 0.0999896 0.1214026 0.0957244 0.1112323 0.1087602 0.0036200 0.0498811 0.1123521 0.1100662 0.0000000 0.0206294 0.0279790 0.1073496 0.0948679 0.1181071 0.1298665 0.1359399 0.0095021 0.1337730 0.1137400 0.1108314 0.0932972 0.1190361 0.1269772 0.1119875 0.1388946 0.1177251 0.0235436 0.1127087 
Dasyuridae_Sarcophilus_harrisii              0.0823127 0.0919957 0.0824724 0.0985787 0.1094790 0.0041432 0.0920473 0.1136058 0.0909541 0.1049378 0.1021809 0.0206321 0.0412392 0.1086227 0.1028162 0.0206294 0.0000000 0.0234606 0.0971773 0.0893428 0.1139332 0.1293135 0.1349666 0.0195624 0.1247749 0.1064735 0.1052187 0.0870092 0.1122436 0.1247995 0.1053146 0.1301431 0.1127774 0.0057283 0.1035983 
Dasyuridae_Planigale_tenuirostris            0.0728045 0.0865235 0.0795762 0.0954632 0.1018274 0.0240517 0.0907416 0.1081760 0.0868678 0.0904019 0.0960759 0.0262095 0.0408985 0.1028797 0.1007924 0.0279790 0.0234606 0.0000000 0.0852923 0.0874081 0.1083769 0.1199570 0.1280535 0.0267913 0.1221019 0.1037583 0.1023988 0.0856600 0.1112169 0.1191321 0.1009970 0.1276698 0.1031220 0.0222496 0.0890347 
Peramelidae_Echymipera_kalubu                0.0788811 0.0838300 0.0810698 0.0812301 0.0851344 0.0991216 0.0861633 0.0992818 0.0816098 0.0157372 0.0936276 0.1091536 0.1113569 0.1002057 0.0829139 0.1073496 0.0971773 0.0852923 0.0000000 0.0790857 0.0981965 0.1126822 0.1207765 0.1065877 0.1044574 0.1178872 0.0772024 0.0777402 0.1009761 0.1127453 0.0959810 0.1253155 0.0202112 0.0980321 0.0157092 
Macropodidae_Dorcopsulus_vanheurni           0.0498292 0.0742045 0.0583299 0.0291709 0.0415976 0.0879510 0.0735725 0.0853886 0.0173961 0.0945921 0.0756336 0.0957167 0.1074003 0.0827803 0.0717621 0.0948679 0.0893428 0.0874081 0.0790857 0.0000000 0.0831221 0.1101134 0.1145679 0.0934279 0.0808247 0.0957079 0.0747238 0.0069341 0.0857678 0.0934913 0.0723485 0.1059052 0.1008464 0.0864127 0.0920064 
Pseudochiridae_Pseudochirulus_forbesi        0.0667992 0.0840844 0.0782794 0.0835576 0.0908860 0.1148657 0.0917521 0.1020619 0.0818969 0.1092290 0.0972876 0.1185819 0.1323718 0.1010859 0.0811720 0.1181071 0.1139332 0.1083769 0.0981965 0.0831221 0.0000000 0.1327572 0.1299642 0.1175435 0.1179887 0.1220328 0.0534793 0.0806594 0.0293414 0.0848405 0.0692117 0.1217760 0.1144317 0.1155248 0.1054520 
Didelphidae_Didelphis_virginiana             0.0877787 0.1032337 0.1008970 0.1188562 0.1174745 0.1278530 0.1196064 0.1296053 0.1107969 0.1189711 0.1240868 0.1304842 0.1336334 0.1245597 0.1138436 0.1298665 0.1293135 0.1199570 0.1126822 0.1101134 0.1327572 0.0000000 0.0594430 0.1290865 0.1376658 0.1241400 0.1095515 0.1108871 0.1298084 0.1466897 0.1226987 0.1456606 0.1193393 0.1275814 0.1177155 
Marmosidae_Monodelphis_domestica             0.0882158 0.1020381 0.1036533 0.1181113 0.1170691 0.1340206 0.1147881 0.1175620 0.1084319 0.1210429 0.1225448 0.1356195 0.1379255 0.1262608 0.1130513 0.1359399 0.1349666 0.1280535 0.1207765 0.1145679 0.1299642 0.0594430 0.0000000 0.1345912 0.1307694 0.1086519 0.1103967 0.1133603 0.1399726 0.1483372 0.1252436 0.1380870 0.1202972 0.1313599 0.1168288 
Dasyuridae_Antechinus_stuartii               0.0864553 0.0941559 0.0840764 0.1029779 0.1119824 0.0218575 0.0963543 0.1177296 0.0926678 0.1077958 0.1066149 0.0095400 0.0474827 0.1090592 0.1060678 0.0095021 0.0195624 0.0267913 0.1065877 0.0934279 0.1175435 0.1290865 0.1345912 0.0000000 0.1308712 0.1115033 0.1087273 0.0918985 0.1162116 0.1253754 0.1129063 0.1352357 0.1147838 0.0213864 0.1088020 
Hypsiprymnodontidae_Hypsiprymnodon_moschatus 0.0762877 0.1012226 0.0946824 0.0847642 0.0825953 0.1258882 0.0968929 0.0980261 0.0793586 0.1154588 0.1029167 0.1331730 0.1465347 0.0946051 0.1134809 0.1337730 0.1247749 0.1221019 0.1044574 0.0808247 0.1179887 0.1376658 0.1307694 0.1308712 0.0000000 0.1058913 0.1032992 0.0796299 0.1225431 0.1193834 0.1093024 0.1172829 0.1302245 0.1269623 0.1210615 
Microbiotheriidae_Dromiciops_gliroides       0.0895631 0.0925868 0.0757586 0.1032909 0.1143932 0.1072322 0.0960613 0.0978879 0.0912080 0.1068023 0.1055945 0.1148513 0.1305631 0.0960224 0.1063304 0.1137400 0.1064735 0.1037583 0.1178872 0.0957079 0.1220328 0.1241400 0.1086519 0.1115033 0.1058913 0.0000000 0.1039027 0.0937090 0.1232956 0.1158093 0.1169929 0.1177709 0.1218270 0.1078586 0.1140318 
Pseudochiridae_Petauroides_volans            0.0494127 0.0672491 0.0617132 0.0718440 0.0751609 0.1037955 0.0812929 0.0872781 0.0699559 0.0955651 0.0855073 0.1091119 0.1113203 0.0926313 0.0554204 0.1108314 0.1052187 0.1023988 0.0772024 0.0747238 0.0534793 0.1095515 0.1103967 0.1087273 0.1032992 0.1039027 0.0000000 0.0703264 0.0550614 0.0786944 0.0695951 0.1096629 0.0983404 0.1042704 0.0910892 
Macropodidae_Wallabia_bicolor                0.0492870 0.0727353 0.0569357 0.0293758 0.0409945 0.0871466 0.0721072 0.0837650 0.0180914 0.0935215 0.0785122 0.0947112 0.1066078 0.0857016 0.0721269 0.0932972 0.0870092 0.0856600 0.0777402 0.0069341 0.0806594 0.1108871 0.1133603 0.0918985 0.0796299 0.0937090 0.0703264 0.0000000 0.0830722 0.0919487 0.0710567 0.1050724 0.1021414 0.0855455 0.0904436 
Pseudochiridae_Pseudocheirus_occidentalis    0.0716130 0.0906940 0.0789315 0.0861719 0.0925860 0.1142656 0.0917905 0.1085617 0.0860253 0.1133256 0.0986287 0.1201692 0.1279092 0.1063840 0.0798013 0.1190361 0.1122436 0.1112169 0.1009761 0.0857678 0.0293414 0.1298084 0.1399726 0.1162116 0.1225431 0.1232956 0.0550614 0.0830722 0.0000000 0.0847457 0.0653946 0.1215113 0.1186337 0.1165293 0.1092101 
Tarsipedidae_Tarsipes_rostratus              0.0793997 0.0994209 0.0827413 0.0949088 0.1112965 0.1241093 0.0919075 0.1052415 0.0932010 0.1207455 0.1037599 0.1272306 0.1467727 0.1056584 0.0933134 0.1269772 0.1247995 0.1191321 0.1127453 0.0934913 0.0848405 0.1466897 0.1483372 0.1253754 0.1193834 0.1158093 0.0786944 0.0919487 0.0847457 0.0000000 0.0841385 0.1298889 0.1343320 0.1240652 0.1159461 
Acrobatidae_Distoechurus_pennatus            0.0724834 0.1029501 0.0841270 0.0743860 0.0697683 0.1063844 0.0850780 0.0977961 0.0772676 0.1044499 0.0893322 0.1119328 0.1162043 0.0941485 0.0517485 0.1119875 0.1053146 0.1009970 0.0959810 0.0723485 0.0692117 0.1226987 0.1252436 0.1129063 0.1093024 0.1169929 0.0695951 0.0710567 0.0653946 0.0841385 0.0000000 0.1227560 0.1117725 0.1053012 0.1021964 
Phalangeridae_Phalanger_carmelitae           0.0804459 0.1086424 0.0930802 0.1098361 0.1197168 0.1305904 0.0539282 0.0342330 0.1024838 0.1239378 0.0534825 0.1387980 0.1492489 0.0144058 0.1139235 0.1388946 0.1301431 0.1276698 0.1253155 0.1059052 0.1217760 0.1456606 0.1380870 0.1352357 0.1172829 0.1177709 0.1096629 0.1050724 0.1215113 0.1298889 0.1227560 0.0000000 0.1329282 0.1302411 0.1260865 
Peramelidae_Peroryctes_raffrayana            0.0795572 0.0863286 0.0865584 0.1074261 0.1127897 0.1125278 0.1061691 0.1184204 0.0992705 0.0230089 0.1115068 0.1174647 0.1245339 0.1100919 0.1016927 0.1177251 0.1127774 0.1031220 0.0202112 0.1008464 0.1144317 0.1193393 0.1202972 0.1147838 0.1302245 0.1218270 0.0983404 0.1021414 0.1186337 0.1343320 0.1117725 0.1329282 0.0000000 0.1115239 0.0227808 
Dasyuridae_Dasyurus_geffroii                 0.0809286 0.0921630 0.0825724 0.0977147 0.1078627 0.0046765 0.0936751 0.1128114 0.0921313 0.1049507 0.1019770 0.0224585 0.0428528 0.1086061 0.1026091 0.0235436 0.0057283 0.0222496 0.0980321 0.0864127 0.1155248 0.1275814 0.1313599 0.0213864 0.1269623 0.1078586 0.1042704 0.0855455 0.1165293 0.1240652 0.1053012 0.1302411 0.1115239 0.0000000 0.1036097 
Peramelidae_Perameles_gunnii                 0.0720324 0.0778440 0.0799054 0.0979483 0.1036231 0.1033403 0.0920252 0.1067124 0.0901825 0.0011048 0.1017213 0.1136285 0.1163189 0.1061489 0.0933269 0.1127087 0.1035983 0.0890347 0.0157092 0.0920064 0.1054520 0.1177155 0.1168288 0.1088020 0.1210615 0.1140318 0.0910892 0.0904436 0.1092101 0.1159461 0.1021964 0.1260865 0.0227808 0.1036097 0.0000000 
