35
Burramyidae_Burramys_parvus                  0.0000000 0.1527503 0.0572329 0.0590159 0.0576627 0.0891499 0.0588680 0.0580578 0.0550951 0.1001297 0.0538327 0.0912184 0.0867922 0.0535746 0.0544484 0.0911931 0.0953332 0.0896442 0.1014049 0.0574470 0.0758868 0.1061862 0.0934859 0.1027076 0.0660251 0.0824215 0.0523307 0.0487082 0.0725757 0.0608084 0.0675138 0.0551987 0.1099958 0.0862713 0.0944333 
Notoryctidae_Notoryctes_typhlops             0.1527503 0.0000000 0.1498908 0.1615040 0.1194829 0.0991373 0.1635569 0.1573351 0.1566240 0.1547725 0.1710671 0.1445335 0.1369696 0.1593248 0.1541986 0.1425799 0.1463408 0.0888468 0.1614797 0.1536440 0.1895361 0.1730184 0.1738652 0.1511770 0.1790517 0.1584936 0.0913008 0.0996019 0.1797499 0.1669315 0.1614586 0.1618847 0.1609136 0.0958723 0.1538217 
Vombatidae_Lasiorhinus_latifrons             0.0572329 0.1498908 0.0000000 0.0766514 0.0741059 0.0864436 0.0833221 0.0735902 0.0750215 0.1014789 0.0701748 0.0930544 0.0844141 0.0761556 0.0779806 0.0929515 0.0928063 0.0818843 0.1074723 0.0666460 0.1042851 0.1197337 0.1126475 0.0963267 0.0889965 0.0925278 0.0531550 0.0595924 0.0892405 0.0878933 0.0746103 0.0783270 0.1063485 0.0832632 0.0989274 
Potoroidae_Bettongia_penicillata             0.0590159 0.1615040 0.0766514 0.0000000 0.0094170 0.1058505 0.0841353 0.0832442 0.0160847 0.1231088 0.0780871 0.1065617 0.1024154 0.0825614 0.0795243 0.1073138 0.1123356 0.1049397 0.1325421 0.0348086 0.1057028 0.1292193 0.1217015 0.1121196 0.0548040 0.1070592 0.0576477 0.0309026 0.0921629 0.0880384 0.0846655 0.0846469 0.1316716 0.1058007 0.1221386 
Potoroidae_Bettongia_lesueur                 0.0576627 0.1194829 0.0741059 0.0094170 0.0000000 0.1046667 0.0834716 0.0814611 0.0126231 0.1232267 0.0796979 0.1045500 0.0988582 0.0818124 0.0810915 0.1044218 0.1089786 0.1026418 0.1280983 0.0350198 0.1026502 0.1331337 0.1245628 0.1027231 0.0562428 0.1052777 0.0566956 0.0314696 0.0839264 0.0878033 0.0869169 0.0840127 0.1278140 0.1046178 0.1224927 
Dasyuridae_Dasyurus_maculatus                0.0891499 0.0991373 0.0864436 0.1058505 0.1046667 0.0000000 0.1123238 0.1069776 0.1012045 0.0901656 0.1126278 0.0224544 0.0258116 0.1128736 0.1059234 0.0211093 0.0093731 0.0246798 0.0932718 0.0985972 0.1311447 0.1043398 0.1165918 0.0285861 0.1222802 0.0798281 0.0790247 0.0915359 0.1116075 0.1059053 0.1065446 0.1152345 0.0958706 0.0043482 0.0892061 
Phalangeridae_Trichosurus_vulpecula          0.0588680 0.1635569 0.0833221 0.0841353 0.0834716 0.1123238 0.0000000 0.0236005 0.0769252 0.1107910 0.0299153 0.1018188 0.1017191 0.0224805 0.0893665 0.1033323 0.1114725 0.1083152 0.1231216 0.0736387 0.1012213 0.1339617 0.1243767 0.1190330 0.0884631 0.1114007 0.0545127 0.0697000 0.0862513 0.0980120 0.0854623 0.0237025 0.1132152 0.1089303 0.1114539 
Phalangeridae_Spilocuscus_maculatus          0.0580578 0.1573351 0.0735902 0.0832442 0.0814611 0.1069776 0.0236005 0.0000000 0.0781660 0.1039407 0.0191146 0.0986122 0.1003068 0.0127369 0.0830582 0.1002201 0.1076989 0.1010812 0.1182961 0.0735481 0.0962174 0.1303572 0.1218096 0.1184157 0.0844484 0.1061637 0.0457388 0.0650618 0.0710970 0.0917944 0.0791840 0.0139383 0.1081224 0.1035327 0.1052234 
Potoroidae_Aepyprymnus_rufescens             0.0550951 0.1566240 0.0750215 0.0160847 0.0126231 0.1012045 0.0769252 0.0781660 0.0000000 0.1155643 0.0746648 0.0993531 0.0934343 0.0768083 0.0764756 0.0992405 0.1048873 0.0982206 0.1287738 0.0312192 0.0979405 0.1278950 0.1208233 0.1117915 0.0536345 0.1002027 0.0538011 0.0266297 0.0826904 0.0839734 0.0773277 0.0789062 0.1218270 0.1012129 0.1163916 
Peramelidae_Perameles_nasuta                 0.1001297 0.1547725 0.1014789 0.1231088 0.1232267 0.0901656 0.1107910 0.1039407 0.1155643 0.0000000 0.1136766 0.0959491 0.0906178 0.1075050 0.1093190 0.0927466 0.0935002 0.0895362 0.0239427 0.1115950 0.1415072 0.1221192 0.1255424 0.1047997 0.1275139 0.1014661 0.0841132 0.1059872 0.1276718 0.1295643 0.1100801 0.1098105 0.0158020 0.0869863 0.0017639 
Phalangeridae_Strigocuscus_pelengensis       0.0538327 0.1710671 0.0701748 0.0780871 0.0796979 0.1126278 0.0299153 0.0191146 0.0746648 0.1136766 0.0000000 0.1013017 0.1022339 0.0158694 0.0800165 0.1039423 0.1110499 0.1045591 0.1300752 0.0730183 0.0879177 0.1373649 0.1195949 0.1195473 0.0840113 0.1109324 0.0521909 0.0649610 0.0831376 0.0896647 0.0750517 0.0172319 0.1233371 0.1089374 0.1163569 
Dasyuridae_Phascogale_tapoatafa              0.0912184 0.1445335 0.0930544 0.1065617 0.1045500 0.0224544 0.1018188 0.0986122 0.0993531 0.0959491 0.1013017 0.0000000 0.0273137 0.1024051 0.1046055 0.0023173 0.0221808 0.0320262 0.1104724 0.1023955 0.1232416 0.1073136 0.1148514 0.0246536 0.1179879 0.0863429 0.0775735 0.0907320 0.1117719 0.1074018 0.1021180 0.1045519 0.1020772 0.0204811 0.0979143 
Dasyuridae_Sminthopsis_macroura              0.0867922 0.1369696 0.0844141 0.1024154 0.0988582 0.0258116 0.1017191 0.1003068 0.0934343 0.0906178 0.1022339 0.0273137 0.0000000 0.1022505 0.1006200 0.0272919 0.0266173 0.0225587 0.0999724 0.0939635 0.1231788 0.1095306 0.1142268 0.0429942 0.1169115 0.0840879 0.0754621 0.0844827 0.1126077 0.1048958 0.0980597 0.1044451 0.0980099 0.0218382 0.0925803 
Phalangeridae_Phalanger_orientalis           0.0535746 0.1593248 0.0761556 0.0825614 0.0818124 0.1128736 0.0224805 0.0127369 0.0768083 0.1075050 0.0158694 0.1024051 0.1022505 0.0000000 0.0822599 0.1039171 0.1120525 0.1087532 0.1224134 0.0721722 0.0962153 0.1313583 0.1204165 0.1197472 0.0836163 0.1075365 0.0516701 0.0664016 0.0787019 0.0927880 0.0760391 0.0011592 0.1135755 0.1095468 0.1081135 
Acrobatidae_Acrobates_pygmaeus               0.0544484 0.1541986 0.0779806 0.0795243 0.0810915 0.1059234 0.0893665 0.0830582 0.0764756 0.1093190 0.0800165 0.1046055 0.1006200 0.0822599 0.0000000 0.1044804 0.1096268 0.1004213 0.1099900 0.0691027 0.0953970 0.1262816 0.1201302 0.1160377 0.0796727 0.1088241 0.0509952 0.0633220 0.0858600 0.0687309 0.0421138 0.0844779 0.1144030 0.1025119 0.1056821 
Dasyuridae_Phascogale_calura                 0.0911931 0.1425799 0.0929515 0.1073138 0.1044218 0.0211093 0.1033323 0.1002201 0.0992405 0.0927466 0.1039423 0.0023173 0.0272919 0.1039171 0.1044804 0.0000000 0.0221637 0.0305389 0.1079727 0.1022773 0.1239548 0.1054844 0.1139525 0.0233850 0.1178413 0.0862876 0.0772848 0.0906262 0.1116771 0.1056094 0.1019988 0.1060651 0.0994393 0.0191448 0.0946388 
Dasyuridae_Sarcophilus_harrisii              0.0953332 0.1463408 0.0928063 0.1123356 0.1089786 0.0093731 0.1114725 0.1076989 0.1048873 0.0935002 0.1110499 0.0221808 0.0266173 0.1120525 0.1096268 0.0221637 0.0000000 0.0247254 0.1054356 0.1054871 0.1267340 0.1107430 0.1224134 0.0401855 0.1282774 0.0830977 0.0799959 0.0942460 0.1146264 0.1116226 0.1045011 0.1142196 0.0986398 0.0074807 0.0945390 
Dasyuridae_Planigale_tenuirostris            0.0896442 0.0888468 0.0818843 0.1049397 0.1026418 0.0246798 0.1083152 0.1010812 0.0982206 0.0895362 0.1045591 0.0320262 0.0225587 0.1087532 0.1004213 0.0305389 0.0247254 0.0000000 0.0914578 0.0949073 0.1275929 0.1114996 0.1147408 0.0379041 0.1173669 0.0819079 0.0774270 0.0875747 0.1061541 0.1039934 0.1027804 0.1114359 0.0952238 0.0218720 0.0902812 
Peramelidae_Echymipera_kalubu                0.1014049 0.1614797 0.1074723 0.1325421 0.1280983 0.0932718 0.1231216 0.1182961 0.1287738 0.0239427 0.1300752 0.1104724 0.0999724 0.1224134 0.1099900 0.1079727 0.1054356 0.0914578 0.0000000 0.1172480 0.1511939 0.1282940 0.1331588 0.1127762 0.1279617 0.1128180 0.0831600 0.1067363 0.1403863 0.1301069 0.1187664 0.1247199 0.0236990 0.0901100 0.0200087 
Macropodidae_Dorcopsulus_vanheurni           0.0574470 0.1536440 0.0666460 0.0348086 0.0350198 0.0985972 0.0736387 0.0735481 0.0312192 0.1115950 0.0730183 0.1023955 0.0939635 0.0721722 0.0691027 0.1022773 0.1054871 0.0949073 0.1172480 0.0000000 0.0930965 0.1244888 0.1157052 0.1078068 0.0495800 0.0983103 0.0524139 0.0121594 0.0797190 0.0779494 0.0703685 0.0743744 0.1189868 0.0970669 0.1087800 
Pseudochiridae_Pseudochirulus_forbesi        0.0758868 0.1895361 0.1042851 0.1057028 0.1026502 0.1311447 0.1012213 0.0962174 0.0979405 0.1415072 0.0879177 0.1232416 0.1231788 0.0962153 0.0953970 0.1239548 0.1267340 0.1275929 0.1511939 0.0930965 0.0000000 0.1576010 0.1482653 0.1387201 0.1024992 0.1343380 0.0501648 0.0906464 0.0491557 0.0880097 0.0918137 0.0983652 0.1476064 0.1285398 0.1429494 
Didelphidae_Didelphis_virginiana             0.1061862 0.1730184 0.1197337 0.1292193 0.1331337 0.1043398 0.1339617 0.1303572 0.1278950 0.1221192 0.1373649 0.1073136 0.1095306 0.1313583 0.1262816 0.1054844 0.1107430 0.1114996 0.1282940 0.1244888 0.1576010 0.0000000 0.0470141 0.1116680 0.1311494 0.1057155 0.1013720 0.1192943 0.1420594 0.1425960 0.1257637 0.1331555 0.1224374 0.1010198 0.1204741 
Marmosidae_Monodelphis_domestica             0.0934859 0.1738652 0.1126475 0.1217015 0.1245628 0.1165918 0.1243767 0.1218096 0.1208233 0.1255424 0.1195949 0.1148514 0.1142268 0.1204165 0.1201302 0.1139525 0.1224134 0.1147408 0.1331588 0.1157052 0.1482653 0.0470141 0.0000000 0.1218672 0.1306333 0.1089215 0.0967251 0.1134827 0.1296170 0.1320401 0.1234750 0.1229025 0.1257610 0.1132420 0.1247494 
Dasyuridae_Antechinus_stuartii               0.1027076 0.1511770 0.0963267 0.1121196 0.1027231 0.0285861 0.1190330 0.1184157 0.1117915 0.1047997 0.1195473 0.0246536 0.0429942 0.1197472 0.1160377 0.0233850 0.0401855 0.0379041 0.1127762 0.1078068 0.1387201 0.1116680 0.1218672 0.0000000 0.1211050 0.0927665 0.0847787 0.0917799 0.1337042 0.1200562 0.1186903 0.1219459 0.1132354 0.0265749 0.1023952 
Hypsiprymnodontidae_Hypsiprymnodon_moschatus 0.0660251 0.1790517 0.0889965 0.0548040 0.0562428 0.1222802 0.0884631 0.0844484 0.0536345 0.1275139 0.0840113 0.1179879 0.1169115 0.0836163 0.0796727 0.1178413 0.1282774 0.1173669 0.1279617 0.0495800 0.1024992 0.1311494 0.1306333 0.1211050 0.0000000 0.1143339 0.0591683 0.0447801 0.0961050 0.0873385 0.0867173 0.0857268 0.1340309 0.1206116 0.1244839 
Microbiotheriidae_Dromiciops_gliroides       0.0824215 0.1584936 0.0925278 0.1070592 0.1052777 0.0798281 0.1114007 0.1061637 0.1002027 0.1014661 0.1109324 0.0863429 0.0840879 0.1075365 0.1088241 0.0862876 0.0830977 0.0819079 0.1128180 0.0983103 0.1343380 0.1057155 0.1089215 0.0927665 0.1143339 0.0000000 0.0807390 0.0902240 0.1267485 0.1225242 0.1108454 0.1101104 0.1066740 0.0766820 0.0989990 
Pseudochiridae_Petauroides_volans            0.0523307 0.0913008 0.0531550 0.0576477 0.0566956 0.0790247 0.0545127 0.0457388 0.0538011 0.0841132 0.0521909 0.0775735 0.0754621 0.0516701 0.0509952 0.0772848 0.0799959 0.0774270 0.0831600 0.0524139 0.0501648 0.1013720 0.0967251 0.0847787 0.0591683 0.0807390 0.0000000 0.0447116 0.0344411 0.0496761 0.0524598 0.0534629 0.0883924 0.0761022 0.0809933 
Macropodidae_Wallabia_bicolor                0.0487082 0.0996019 0.0595924 0.0309026 0.0314696 0.0915359 0.0697000 0.0650618 0.0266297 0.1059872 0.0649610 0.0907320 0.0844827 0.0664016 0.0633220 0.0906262 0.0942460 0.0875747 0.1067363 0.0121594 0.0906464 0.1192943 0.1134827 0.0917799 0.0447801 0.0902240 0.0447116 0.0000000 0.0688355 0.0688406 0.0660662 0.0686054 0.1097415 0.0900256 0.1045887 
Pseudochiridae_Pseudocheirus_occidentalis    0.0725757 0.1797499 0.0892405 0.0921629 0.0839264 0.1116075 0.0862513 0.0710970 0.0826904 0.1276718 0.0831376 0.1117719 0.1126077 0.0787019 0.0858600 0.1116771 0.1146264 0.1061541 0.1403863 0.0797190 0.0491557 0.1420594 0.1296170 0.1337042 0.0961050 0.1267485 0.0344411 0.0688355 0.0000000 0.0786437 0.0791751 0.0803228 0.1289264 0.1076216 0.1312707 
Tarsipedidae_Tarsipes_rostratus              0.0608084 0.1669315 0.0878933 0.0880384 0.0878033 0.1059053 0.0980120 0.0917944 0.0839734 0.1295643 0.0896647 0.1074018 0.1048958 0.0927880 0.0687309 0.1056094 0.1116226 0.1039934 0.1301069 0.0779494 0.0880097 0.1425960 0.1320401 0.1200562 0.0873385 0.1225242 0.0496761 0.0688406 0.0786437 0.0000000 0.0714043 0.0942696 0.1355938 0.1025759 0.1282401 
Acrobatidae_Distoechurus_pennatus            0.0675138 0.1614586 0.0746103 0.0846655 0.0869169 0.1065446 0.0854623 0.0791840 0.0773277 0.1100801 0.0750517 0.1021180 0.0980597 0.0760391 0.0421138 0.1019988 0.1045011 0.1027804 0.1187664 0.0703685 0.0918137 0.1257637 0.1234750 0.1186903 0.0867173 0.1108454 0.0524598 0.0660662 0.0791751 0.0714043 0.0000000 0.0782310 0.1150636 0.1032436 0.1109465 
Phalangeridae_Phalanger_carmelitae           0.0551987 0.1618847 0.0783270 0.0846469 0.0840127 0.1152345 0.0237025 0.0139383 0.0789062 0.1098105 0.0172319 0.1045519 0.1044451 0.0011592 0.0844779 0.1060651 0.1142196 0.1114359 0.1247199 0.0743744 0.0983652 0.1331555 0.1229025 0.1219459 0.0857268 0.1101104 0.0534629 0.0686054 0.0803228 0.0942696 0.0782310 0.0000000 0.1159051 0.1118377 0.1104882 
Peramelidae_Peroryctes_raffrayana            0.1099958 0.1609136 0.1063485 0.1316716 0.1278140 0.0958706 0.1132152 0.1081224 0.1218270 0.0158020 0.1233371 0.1020772 0.0980099 0.1135755 0.1144030 0.0994393 0.0986398 0.0952238 0.0236990 0.1189868 0.1476064 0.1224374 0.1257610 0.1132354 0.1340309 0.1066740 0.0883924 0.1097415 0.1289264 0.1355938 0.1150636 0.1159051 0.0000000 0.0926330 0.0169818 
Dasyuridae_Dasyurus_geffroii                 0.0862713 0.0958723 0.0832632 0.1058007 0.1046178 0.0043482 0.1089303 0.1035327 0.1012129 0.0869863 0.1089374 0.0204811 0.0218382 0.1095468 0.1025119 0.0191448 0.0074807 0.0218720 0.0901100 0.0970669 0.1285398 0.1010198 0.1132420 0.0265749 0.1206116 0.0766820 0.0761022 0.0900256 0.1076216 0.1025759 0.1032436 0.1118377 0.0926330 0.0000000 0.0860232 
Peramelidae_Perameles_gunnii                 0.0944333 0.1538217 0.0989274 0.1221386 0.1224927 0.0892061 0.1114539 0.1052234 0.1163916 0.0017639 0.1163569 0.0979143 0.0925803 0.1081135 0.1056821 0.0946388 0.0945390 0.0902812 0.0200087 0.1087800 0.1429494 0.1204741 0.1247494 0.1023952 0.1244839 0.0989990 0.0809933 0.1045887 0.1312707 0.1282401 0.1109465 0.1104882 0.0169818 0.0860232 0.0000000 
