35
Burramyidae_Burramys_parvus                  0.0000000 0.0797911 0.0244467 0.0327580 0.0335893 0.0292852 0.0168600 0.0232910 0.0382617 0.0381208 0.0148703 0.0293385 0.0301794 0.0213840 0.0292994 0.0293256 0.0283897 0.0283004 0.0466171 0.0323577 0.0389642 0.0670860 0.0616382 0.0313264 0.0413962 0.0274229 0.0255036 0.0298868 0.0354774 0.0339713 0.0398931 0.0219686 0.0381107 0.0293451 0.0369846 
Notoryctidae_Notoryctes_typhlops             0.0797911 0.0000000 0.0830791 0.0972665 0.0975743 0.0790714 0.0795970 0.0959541 0.1008255 0.0811404 0.0775215 0.0792774 0.0801900 0.0953415 0.0964834 0.0792401 0.0785641 0.0776330 0.0869364 0.0928421 0.1054355 0.1116604 0.1062090 0.0786707 0.1056098 0.0844445 0.0912316 0.0910744 0.0999567 0.1049111 0.1118909 0.0952709 0.0865249 0.0808620 0.0818680 
Vombatidae_Lasiorhinus_latifrons             0.0244467 0.0830791 0.0000000 0.0387808 0.0401253 0.0355730 0.0251551 0.0323765 0.0442799 0.0412492 0.0214458 0.0356168 0.0360036 0.0298538 0.0378876 0.0360393 0.0356239 0.0363489 0.0499016 0.0387370 0.0443755 0.0679287 0.0595951 0.0381592 0.0456075 0.0342548 0.0333262 0.0375846 0.0393681 0.0439192 0.0472397 0.0298278 0.0427058 0.0370579 0.0409415 
Potoroidae_Bettongia_penicillata             0.0327580 0.0972665 0.0387808 0.0000000 0.0037549 0.0447384 0.0343840 0.0454942 0.0089660 0.0507871 0.0302621 0.0442829 0.0451632 0.0445678 0.0460218 0.0442630 0.0438300 0.0442680 0.0600470 0.0097101 0.0558177 0.0815293 0.0733219 0.0455586 0.0255097 0.0424883 0.0418217 0.0084282 0.0498660 0.0537105 0.0530304 0.0445292 0.0516935 0.0453362 0.0507323 
Potoroidae_Bettongia_lesueur                 0.0335893 0.0975743 0.0401253 0.0037549 0.0000000 0.0435691 0.0347548 0.0458624 0.0093650 0.0526940 0.0311433 0.0445963 0.0454738 0.0443366 0.0483886 0.0450445 0.0446135 0.0451284 0.0615834 0.0101394 0.0561671 0.0834974 0.0724314 0.0463433 0.0258858 0.0429472 0.0421929 0.0088528 0.0502273 0.0545316 0.0565225 0.0442983 0.0530928 0.0456475 0.0525999 
Dasyuridae_Dasyurus_maculatus                0.0292852 0.0790714 0.0355730 0.0447384 0.0435691 0.0000000 0.0318057 0.0417493 0.0493533 0.0370692 0.0277530 0.0033304 0.0071345 0.0384830 0.0447566 0.0045935 0.0033369 0.0068648 0.0467998 0.0438374 0.0549926 0.0657285 0.0580136 0.0075866 0.0506396 0.0342047 0.0401593 0.0421643 0.0487823 0.0531325 0.0566540 0.0384500 0.0376984 0.0029155 0.0372174 
Phalangeridae_Trichosurus_vulpecula          0.0168600 0.0795970 0.0251551 0.0343840 0.0347548 0.0318057 0.0000000 0.0103740 0.0388625 0.0364522 0.0072484 0.0309158 0.0326752 0.0103127 0.0343002 0.0309024 0.0323017 0.0318480 0.0456938 0.0320079 0.0404707 0.0680608 0.0600078 0.0338869 0.0424507 0.0290794 0.0271506 0.0314889 0.0381942 0.0364935 0.0444771 0.0103039 0.0377292 0.0327958 0.0362036 
Phalangeridae_Spilocuscus_maculatus          0.0232910 0.0959541 0.0323765 0.0454942 0.0458624 0.0417493 0.0103740 0.0000000 0.0490736 0.0493709 0.0054961 0.0400012 0.0410948 0.0081469 0.0407956 0.0405457 0.0405700 0.0400575 0.0613047 0.0434847 0.0434772 0.0868488 0.0761595 0.0432265 0.0562822 0.0370636 0.0386552 0.0426479 0.0441974 0.0448875 0.0555742 0.0081400 0.0497307 0.0424850 0.0477295 
Potoroidae_Aepyprymnus_rufescens             0.0382617 0.1008255 0.0442799 0.0089660 0.0093650 0.0493533 0.0388625 0.0490736 0.0000000 0.0567269 0.0352889 0.0493631 0.0507233 0.0470405 0.0528584 0.0497818 0.0493802 0.0501274 0.0671659 0.0137556 0.0622779 0.0873522 0.0769340 0.0510120 0.0310823 0.0473713 0.0474273 0.0132371 0.0555395 0.0590412 0.0601980 0.0457321 0.0580279 0.0509200 0.0571005 
Peramelidae_Perameles_nasuta                 0.0381208 0.0811404 0.0412492 0.0507871 0.0526940 0.0370692 0.0364522 0.0493709 0.0567269 0.0000000 0.0331421 0.0376210 0.0360108 0.0483370 0.0496428 0.0376040 0.0361640 0.0363008 0.0158874 0.0494354 0.0619612 0.0730580 0.0659384 0.0407214 0.0580337 0.0429921 0.0465308 0.0486478 0.0575432 0.0571715 0.0587367 0.0482947 0.0107903 0.0371785 0.0008470 
Phalangeridae_Strigocuscus_pelengensis       0.0148703 0.0775215 0.0214458 0.0302621 0.0311433 0.0277530 0.0072484 0.0054961 0.0352889 0.0331421 0.0000000 0.0277594 0.0286371 0.0060125 0.0287271 0.0272932 0.0273393 0.0276373 0.0407589 0.0298237 0.0360842 0.0645611 0.0559736 0.0297896 0.0394391 0.0253042 0.0244501 0.0277544 0.0326294 0.0319379 0.0378489 0.0060073 0.0353228 0.0287441 0.0320353 
Dasyuridae_Phascogale_tapoatafa              0.0293385 0.0792774 0.0356168 0.0442829 0.0445963 0.0033304 0.0309158 0.0400012 0.0493631 0.0376210 0.0277594 0.0000000 0.0062983 0.0379301 0.0443756 0.0012464 0.0041817 0.0059484 0.0488951 0.0438463 0.0550031 0.0668349 0.0591287 0.0041927 0.0497206 0.0342122 0.0401676 0.0417115 0.0487920 0.0521949 0.0547751 0.0378976 0.0382419 0.0037600 0.0377578 
Dasyuridae_Sminthopsis_macroura              0.0301794 0.0801900 0.0360036 0.0451632 0.0454738 0.0071345 0.0326752 0.0410948 0.0507233 0.0360108 0.0286371 0.0062983 0.0000000 0.0384367 0.0452103 0.0075820 0.0071631 0.0059392 0.0486744 0.0456562 0.0548138 0.0691726 0.0604983 0.0097716 0.0501046 0.0356202 0.0419590 0.0439774 0.0501628 0.0510531 0.0556590 0.0384038 0.0381925 0.0075772 0.0376600 
Phalangeridae_Phalanger_orientalis           0.0213840 0.0953415 0.0298538 0.0445678 0.0443366 0.0384830 0.0103127 0.0081469 0.0470405 0.0483370 0.0060125 0.0379301 0.0384367 0.0000000 0.0374178 0.0384719 0.0384945 0.0394074 0.0595248 0.0419755 0.0420703 0.0863113 0.0737522 0.0411174 0.0546630 0.0356046 0.0361025 0.0406698 0.0411312 0.0451686 0.0525275 0.0010640 0.0504037 0.0397951 0.0486914 
Acrobatidae_Acrobates_pygmaeus               0.0292994 0.0964834 0.0378876 0.0460218 0.0483886 0.0447566 0.0343002 0.0407956 0.0528584 0.0496428 0.0287271 0.0443756 0.0452103 0.0374178 0.0000000 0.0443556 0.0434098 0.0446253 0.0588564 0.0471726 0.0434426 0.0787730 0.0727623 0.0466453 0.0546323 0.0439417 0.0324929 0.0435542 0.0419342 0.0366141 0.0299334 0.0361673 0.0508725 0.0448507 0.0490539 
Dasyuridae_Phascogale_calura                 0.0293256 0.0792401 0.0360393 0.0442630 0.0450445 0.0045935 0.0309024 0.0405457 0.0497818 0.0376040 0.0272932 0.0012464 0.0075820 0.0384719 0.0443556 0.0000000 0.0045998 0.0073451 0.0488717 0.0438057 0.0549780 0.0667894 0.0591013 0.0046171 0.0496983 0.0336677 0.0401498 0.0416929 0.0487697 0.0521711 0.0547502 0.0384389 0.0387357 0.0050289 0.0377411 
Dasyuridae_Sarcophilus_harrisii              0.0283897 0.0785641 0.0356239 0.0438300 0.0446135 0.0033369 0.0323017 0.0405700 0.0493802 0.0361640 0.0273393 0.0041817 0.0071631 0.0384945 0.0434098 0.0045998 0.0000000 0.0073410 0.0478662 0.0443709 0.0546058 0.0672392 0.0585953 0.0076033 0.0502539 0.0342535 0.0406802 0.0422291 0.0478715 0.0512629 0.0542575 0.0384614 0.0372221 0.0037674 0.0368172 
Dasyuridae_Planigale_tenuirostris            0.0283004 0.0776330 0.0363489 0.0442680 0.0451284 0.0068648 0.0318480 0.0400575 0.0501274 0.0363008 0.0276373 0.0059484 0.0059392 0.0394074 0.0446253 0.0073451 0.0073410 0.0000000 0.0475465 0.0448000 0.0517732 0.0698986 0.0622459 0.0101364 0.0504252 0.0352361 0.0408279 0.0429690 0.0462662 0.0510190 0.0564091 0.0393765 0.0368550 0.0073409 0.0367058 
Peramelidae_Echymipera_kalubu                0.0466171 0.0869364 0.0499016 0.0600470 0.0615834 0.0467998 0.0456938 0.0613047 0.0671659 0.0158874 0.0407589 0.0488951 0.0486744 0.0595248 0.0588564 0.0488717 0.0478662 0.0475465 0.0000000 0.0571403 0.0700311 0.0841089 0.0771048 0.0516937 0.0703063 0.0521934 0.0549099 0.0562633 0.0657182 0.0646925 0.0707973 0.0594707 0.0164535 0.0484317 0.0150845 
Macropodidae_Dorcopsulus_vanheurni           0.0323577 0.0928421 0.0387370 0.0097101 0.0101394 0.0438374 0.0320079 0.0434847 0.0137556 0.0494354 0.0298237 0.0438463 0.0456562 0.0419755 0.0471726 0.0438057 0.0443709 0.0448000 0.0571403 0.0000000 0.0541623 0.0811346 0.0703795 0.0459882 0.0259945 0.0406045 0.0409700 0.0042005 0.0487243 0.0537533 0.0547906 0.0419392 0.0492911 0.0448987 0.0489164 
Pseudochiridae_Pseudochirulus_forbesi        0.0389642 0.1054355 0.0443755 0.0558177 0.0561671 0.0549926 0.0404707 0.0434772 0.0622779 0.0619612 0.0360842 0.0550031 0.0548138 0.0420703 0.0434426 0.0549780 0.0546058 0.0517732 0.0700311 0.0541623 0.0000000 0.0925282 0.0855885 0.0564014 0.0609613 0.0506933 0.0269992 0.0545509 0.0173894 0.0451206 0.0544368 0.0420343 0.0610457 0.0561103 0.0601478 
Didelphidae_Didelphis_virginiana             0.0670860 0.1116604 0.0679287 0.0815293 0.0834974 0.0657285 0.0680608 0.0868488 0.0873522 0.0730580 0.0645611 0.0668349 0.0691726 0.0863113 0.0787730 0.0667894 0.0672392 0.0698986 0.0841089 0.0811346 0.0925282 0.0000000 0.0536949 0.0703454 0.0858293 0.0714345 0.0771836 0.0789678 0.0859231 0.0885769 0.0914857 0.0862363 0.0747451 0.0683921 0.0713285 
Marmosidae_Monodelphis_domestica             0.0616382 0.1062090 0.0595951 0.0733219 0.0724314 0.0580136 0.0600078 0.0761595 0.0769340 0.0659384 0.0559736 0.0591287 0.0604983 0.0737522 0.0727623 0.0591013 0.0585953 0.0622459 0.0771048 0.0703795 0.0855885 0.0536949 0.0000000 0.0636067 0.0768025 0.0649070 0.0695005 0.0714271 0.0832467 0.0836071 0.0843718 0.0736879 0.0695365 0.0596986 0.0643654 
Dasyuridae_Antechinus_stuartii               0.0313264 0.0786707 0.0381592 0.0455586 0.0463433 0.0075866 0.0338869 0.0432265 0.0510120 0.0407214 0.0297896 0.0041927 0.0097716 0.0411174 0.0466453 0.0046171 0.0076033 0.0101364 0.0516937 0.0459882 0.0564014 0.0703454 0.0636067 0.0000000 0.0510293 0.0367364 0.0423652 0.0438413 0.0501154 0.0530841 0.0567616 0.0410819 0.0409267 0.0080372 0.0403648 
Hypsiprymnodontidae_Hypsiprymnodon_moschatus 0.0413962 0.1056098 0.0456075 0.0255097 0.0258858 0.0506396 0.0424507 0.0562822 0.0310823 0.0580337 0.0394391 0.0497206 0.0501046 0.0546630 0.0546323 0.0496983 0.0502539 0.0504252 0.0703063 0.0259945 0.0609613 0.0858293 0.0768025 0.0510293 0.0000000 0.0505860 0.0506309 0.0249838 0.0589292 0.0613088 0.0652930 0.0546163 0.0607800 0.0517204 0.0577722 
Microbiotheriidae_Dromiciops_gliroides       0.0274229 0.0844445 0.0342548 0.0424883 0.0429472 0.0342047 0.0290794 0.0370636 0.0473713 0.0429921 0.0253042 0.0342122 0.0356202 0.0356046 0.0439417 0.0336677 0.0342535 0.0352361 0.0521934 0.0406045 0.0506933 0.0714345 0.0649070 0.0367364 0.0505860 0.0000000 0.0408244 0.0414826 0.0461098 0.0499573 0.0558760 0.0355734 0.0434808 0.0352214 0.0416336 
Pseudochiridae_Petauroides_volans            0.0255036 0.0912316 0.0333262 0.0418217 0.0421929 0.0401593 0.0271506 0.0386552 0.0474273 0.0465308 0.0244501 0.0401676 0.0419590 0.0361025 0.0324929 0.0401498 0.0406802 0.0408279 0.0549099 0.0409700 0.0269992 0.0771836 0.0695005 0.0423652 0.0506309 0.0408244 0.0000000 0.0398351 0.0244800 0.0350450 0.0430232 0.0360715 0.0471658 0.0411967 0.0460812 
Macropodidae_Wallabia_bicolor                0.0298868 0.0910744 0.0375846 0.0084282 0.0088528 0.0421643 0.0314889 0.0426479 0.0132371 0.0486478 0.0277544 0.0417115 0.0439774 0.0406698 0.0435542 0.0416929 0.0422291 0.0429690 0.0562633 0.0042005 0.0545509 0.0789678 0.0714271 0.0438413 0.0249838 0.0414826 0.0398351 0.0000000 0.0480495 0.0510396 0.0519509 0.0406346 0.0483781 0.0432194 0.0481930 
Pseudochiridae_Pseudocheirus_occidentalis    0.0354774 0.0999567 0.0393681 0.0498660 0.0502273 0.0487823 0.0381942 0.0441974 0.0555395 0.0575432 0.0326294 0.0487920 0.0501628 0.0411312 0.0419342 0.0487697 0.0478715 0.0462662 0.0657182 0.0487243 0.0173894 0.0859231 0.0832467 0.0501154 0.0589292 0.0461098 0.0244800 0.0480495 0.0000000 0.0430348 0.0510178 0.0410953 0.0574358 0.0503588 0.0566415 
Tarsipedidae_Tarsipes_rostratus              0.0339713 0.1049111 0.0439192 0.0537105 0.0545316 0.0531325 0.0364935 0.0448875 0.0590412 0.0571715 0.0319379 0.0521949 0.0510531 0.0451686 0.0366141 0.0521711 0.0512629 0.0510190 0.0646925 0.0537533 0.0451206 0.0885769 0.0836071 0.0530841 0.0613088 0.0499573 0.0350450 0.0510396 0.0430348 0.0000000 0.0495965 0.0451295 0.0564448 0.0532922 0.0559188 
Acrobatidae_Distoechurus_pennatus            0.0398931 0.1118909 0.0472397 0.0530304 0.0565225 0.0566540 0.0444771 0.0555742 0.0601980 0.0587367 0.0378489 0.0547751 0.0556590 0.0525275 0.0299334 0.0547502 0.0542575 0.0564091 0.0707973 0.0547906 0.0544368 0.0914857 0.0843718 0.0567616 0.0652930 0.0558760 0.0430232 0.0519509 0.0510178 0.0495965 0.0000000 0.0512021 0.0631118 0.0568238 0.0591257 
Phalangeridae_Phalanger_carmelitae           0.0219686 0.0952709 0.0298278 0.0445292 0.0442983 0.0384500 0.0103039 0.0081400 0.0457321 0.0482947 0.0060073 0.0378976 0.0384038 0.0010640 0.0361673 0.0384389 0.0384614 0.0393765 0.0594707 0.0419392 0.0420343 0.0862363 0.0736879 0.0410819 0.0546163 0.0355734 0.0360715 0.0406346 0.0410953 0.0451295 0.0512021 0.0000000 0.0503584 0.0397659 0.0486495 
Peramelidae_Peroryctes_raffrayana            0.0381107 0.0865249 0.0427058 0.0516935 0.0530928 0.0376984 0.0377292 0.0497307 0.0580279 0.0107903 0.0353228 0.0382419 0.0381925 0.0504037 0.0508725 0.0387357 0.0372221 0.0368550 0.0164535 0.0492911 0.0610457 0.0747451 0.0695365 0.0409267 0.0607800 0.0434808 0.0471658 0.0483781 0.0574358 0.0564448 0.0631118 0.0503584 0.0000000 0.0382994 0.0102194 
Dasyuridae_Dasyurus_geffroii                 0.0293451 0.0808620 0.0370579 0.0453362 0.0456475 0.0029155 0.0327958 0.0424850 0.0509200 0.0371785 0.0287441 0.0037600 0.0075772 0.0397951 0.0448507 0.0050289 0.0037674 0.0073409 0.0484317 0.0448987 0.0561103 0.0683921 0.0596986 0.0080372 0.0517204 0.0352214 0.0411967 0.0432194 0.0503588 0.0532922 0.0568238 0.0397659 0.0382994 0.0000000 0.0373249 
Peramelidae_Perameles_gunnii                 0.0369846 0.0818680 0.0409415 0.0507323 0.0525999 0.0372174 0.0362036 0.0477295 0.0571005 0.0008470 0.0320353 0.0377578 0.0376600 0.0486914 0.0490539 0.0377411 0.0368172 0.0367058 0.0150845 0.0489164 0.0601478 0.0713285 0.0643654 0.0403648 0.0577722 0.0416336 0.0460812 0.0481930 0.0566415 0.0559188 0.0591257 0.0486495 0.0102194 0.0373249 0.0000000 
