35
Burramyidae_Burramys_parvus                  0.0000000 0.2356981 0.1702247 0.1585612 0.1601023 0.1858399 0.1698456 0.1365489 0.1863253 0.1711518 0.1706890 0.1772321 0.1930228 0.1476779 0.1675139 0.1612340 0.1746750 0.1962178 0.1446919 0.1800343 0.1722260 0.1859084 0.1631844 0.1567109 0.1691995 0.1535095 0.1412977 0.1676145 0.1908722 0.0994508 0.1761443 0.1663027 0.1904744 0.1839947 0.1117541 
Notoryctidae_Notoryctes_typhlops             0.2356981 0.0000000 0.2713361 0.2576733 0.2540170 0.2767111 0.2613267 0.2296219 0.2711530 0.2678479 0.2536076 0.2384836 0.2963809 0.2416126 0.2503058 0.2531909 0.2600983 0.2763746 0.2409737 0.2452929 0.2535246 0.2597605 0.2541625 0.2520642 0.2670687 0.1577553 0.2356800 0.2360889 0.2156374 0.1858552 0.2830727 0.2566523 0.2717319 0.3055419 0.1794936 
Vombatidae_Lasiorhinus_latifrons             0.1702247 0.2713361 0.0000000 0.1130728 0.1123167 0.1556138 0.0962112 0.1551918 0.1891792 0.1107467 0.1846551 0.1787253 0.1062984 0.1330567 0.1808578 0.1565473 0.1630795 0.2148047 0.1443932 0.1646155 0.1966638 0.1934421 0.1809514 0.0931680 0.1037384 0.2167034 0.1490693 0.1643652 0.2853180 0.1036618 0.1060151 0.1586113 0.1933772 0.1053572 0.1300802 
Potoroidae_Bettongia_penicillata             0.1585612 0.2576733 0.1130728 0.0000000 0.0047622 0.1441050 0.1008110 0.0618144 0.1981634 0.1159179 0.2137707 0.1884213 0.1129086 0.1654764 0.2127762 0.1996357 0.2000745 0.2095600 0.0819930 0.1368091 0.1705296 0.2252174 0.2060835 0.0698019 0.0990372 0.1866719 0.0807255 0.1260517 0.2610599 0.1057864 0.1093311 0.1997566 0.2008116 0.1045543 0.1206767 
Potoroidae_Bettongia_lesueur                 0.1601023 0.2540170 0.1123167 0.0047622 0.0000000 0.1420192 0.0974827 0.0614821 0.1958949 0.1125914 0.2107822 0.1857717 0.1102408 0.1606552 0.2098126 0.1968804 0.1982836 0.2082478 0.0815457 0.1339292 0.1693968 0.2220944 0.2035096 0.0678191 0.0967451 0.1820748 0.0803565 0.1232465 0.2578880 0.1029477 0.1067836 0.1969894 0.1987257 0.1028396 0.1190978 
Dasyuridae_Dasyurus_maculatus                0.1858399 0.2767111 0.1556138 0.1441050 0.1420192 0.0000000 0.1461601 0.1863500 0.2187446 0.1658945 0.0881489 0.1151502 0.1616364 0.2059843 0.0873365 0.0873571 0.1156022 0.2386534 0.1927161 0.1999965 0.2062949 0.2162803 0.0811467 0.1312250 0.1344112 0.2276893 0.1923251 0.1927415 0.3166298 0.1480534 0.1601706 0.0883136 0.2182289 0.1562566 0.1273058 
Phalangeridae_Trichosurus_vulpecula          0.1698456 0.2613267 0.0962112 0.1008110 0.0974827 0.1461601 0.0000000 0.1247088 0.1992754 0.0498434 0.1885314 0.1757235 0.0512719 0.1393520 0.1860235 0.1728710 0.1786603 0.2163040 0.1184890 0.1377328 0.1961152 0.2196692 0.1855311 0.0781255 0.0912101 0.1940369 0.1142301 0.1344742 0.2705062 0.1101807 0.0469491 0.1845538 0.2013521 0.0469677 0.1186038 
Potoroidae_Aepyprymnus_rufescens             0.1365489 0.2296219 0.1551918 0.0618144 0.0614821 0.1863500 0.1247088 0.0000000 0.1393258 0.1365413 0.1400671 0.1217085 0.1472507 0.1039828 0.1377971 0.1274251 0.1268747 0.1581757 0.0341478 0.1013880 0.1352668 0.1578355 0.1304117 0.1063303 0.1365722 0.1736558 0.0326087 0.0847612 0.2490547 0.1097672 0.1419299 0.1304051 0.1429061 0.1380651 0.1025785 
Peramelidae_Perameles_nasuta                 0.1863253 0.2711530 0.1891792 0.1981634 0.1958949 0.2187446 0.1992754 0.1393258 0.0000000 0.2150796 0.1626619 0.1639096 0.2269255 0.1392505 0.1608278 0.1534439 0.1683251 0.0458447 0.1416347 0.1381349 0.1608431 0.1681202 0.1627619 0.1688699 0.1952777 0.2277209 0.1377951 0.1385475 0.2862810 0.1439509 0.2167406 0.1505907 0.0018673 0.2223337 0.0232333 
Phalangeridae_Strigocuscus_pelengensis       0.1711518 0.2678479 0.1107467 0.1159179 0.1125914 0.1658945 0.0498434 0.1365413 0.2150796 0.0000000 0.2024913 0.1812704 0.0362212 0.1530696 0.1995528 0.1812965 0.1786921 0.2370733 0.1303187 0.1558239 0.2086789 0.2280647 0.1950079 0.1042870 0.1090025 0.2202841 0.1294157 0.1449605 0.2687674 0.1251155 0.0174429 0.1917300 0.2239462 0.0213886 0.1330137 
Dasyuridae_Phascogale_tapoatafa              0.1706890 0.2536076 0.1846551 0.2137707 0.2107822 0.0881489 0.1885314 0.1400671 0.1626619 0.2024913 0.0000000 0.0606797 0.2089762 0.1366321 0.0054704 0.0388635 0.0478264 0.1807138 0.1412498 0.1536776 0.1695987 0.1607398 0.0176728 0.1804151 0.1925747 0.2153111 0.1384502 0.1525011 0.3067007 0.1483632 0.2041752 0.0420602 0.1637351 0.2065106 0.1227494 
Dasyuridae_Sminthopsis_macroura              0.1772321 0.2384836 0.1787253 0.1884213 0.1857717 0.1151502 0.1757235 0.1217085 0.1639096 0.1812704 0.0606797 0.0000000 0.1932453 0.1345670 0.0599085 0.0504613 0.0431609 0.1786536 0.1262888 0.1455041 0.1687578 0.1696510 0.0571717 0.1682257 0.1688289 0.2143271 0.1259094 0.1471678 0.2926866 0.1450861 0.1902016 0.0560691 0.1657766 0.1840559 0.1240809 
Phalangeridae_Phalanger_orientalis           0.1930228 0.2963809 0.1062984 0.1129086 0.1102408 0.1616364 0.0512719 0.1472507 0.2269255 0.0362212 0.2089762 0.1932453 0.0000000 0.1582612 0.2060657 0.1892521 0.1931376 0.2486472 0.1376193 0.1582300 0.2119051 0.2466175 0.2056171 0.1004969 0.1068446 0.2267761 0.1380187 0.1499364 0.2953756 0.1243653 0.0280266 0.1972966 0.2289644 0.0402751 0.1520309 
Acrobatidae_Acrobates_pygmaeus               0.1476779 0.2416126 0.1330567 0.1654764 0.1606552 0.2059843 0.1393520 0.1039828 0.1392505 0.1530696 0.1366321 0.1345670 0.1582612 0.0000000 0.1352357 0.1237519 0.1265521 0.1642076 0.0910577 0.1021647 0.1487653 0.1466585 0.1342956 0.1450655 0.1471965 0.1767169 0.0897604 0.0994560 0.2477290 0.0688487 0.1581759 0.1254136 0.1443016 0.1617561 0.1228912 
Dasyuridae_Phascogale_calura                 0.1675139 0.2503058 0.1808578 0.2127762 0.2098126 0.0873365 0.1860235 0.1377971 0.1608278 0.1995528 0.0054704 0.0599085 0.2060657 0.1352357 0.0000000 0.0374789 0.0464136 0.1792588 0.1389643 0.1513400 0.1721885 0.1606069 0.0163801 0.1782926 0.1914002 0.2121700 0.1362419 0.1504684 0.3026045 0.1456733 0.2027286 0.0420250 0.1615214 0.2040895 0.1228265 
Dasyuridae_Sarcophilus_harrisii              0.1612340 0.2531909 0.1565473 0.1996357 0.1968804 0.0873571 0.1728710 0.1274251 0.1534439 0.1812965 0.0388635 0.0504613 0.1892521 0.1237519 0.0374789 0.0000000 0.0298163 0.1737634 0.1284613 0.1493260 0.1703982 0.1434587 0.0355234 0.1692156 0.1730036 0.2158635 0.1286540 0.1429622 0.2989470 0.1435599 0.1863342 0.0134246 0.1544841 0.1845863 0.1209982 
Dasyuridae_Planigale_tenuirostris            0.1746750 0.2600983 0.1630795 0.2000745 0.1982836 0.1156022 0.1786603 0.1268747 0.1683251 0.1786921 0.0478264 0.0431609 0.1931376 0.1265521 0.0464136 0.0298163 0.0000000 0.1856429 0.1246200 0.1545821 0.1789463 0.1587801 0.0451704 0.1796063 0.1826372 0.2200869 0.1300121 0.1508429 0.3154201 0.1475354 0.1864841 0.0335855 0.1673460 0.1835053 0.1276943 
Peramelidae_Echymipera_kalubu                0.1962178 0.2763746 0.2148047 0.2095600 0.2082478 0.2386534 0.2163040 0.1581757 0.0458447 0.2370733 0.1807138 0.1786536 0.2486472 0.1642076 0.1792588 0.1737634 0.1856429 0.0000000 0.1624492 0.1610749 0.1684010 0.1827675 0.1798257 0.2007891 0.2190458 0.2437991 0.1561561 0.1568901 0.3055373 0.1532489 0.2414642 0.1753241 0.0457810 0.2492943 0.0181863 
Macropodidae_Dorcopsulus_vanheurni           0.1446919 0.2409737 0.1443932 0.0819930 0.0815457 0.1927161 0.1184890 0.0341478 0.1416347 0.1303187 0.1412498 0.1262888 0.1376193 0.0910577 0.1389643 0.1284613 0.1246200 0.1624492 0.0000000 0.0898396 0.1449071 0.1687742 0.1344631 0.1040876 0.1389721 0.1836428 0.0122694 0.0803331 0.2606814 0.1062510 0.1338791 0.1332631 0.1462668 0.1324323 0.1185442 
Pseudochiridae_Pseudochirulus_forbesi        0.1800343 0.2452929 0.1646155 0.1368091 0.1339292 0.1999965 0.1377328 0.1013880 0.1381349 0.1558239 0.1536776 0.1455041 0.1582300 0.1021647 0.1513400 0.1493260 0.1545821 0.1610749 0.0898396 0.0000000 0.1421928 0.1722815 0.1470248 0.1381211 0.1431760 0.1622768 0.0878992 0.0204979 0.2551424 0.0984148 0.1574124 0.1514976 0.1448681 0.1554237 0.1265142 
Didelphidae_Didelphis_virginiana             0.1722260 0.2535246 0.1966638 0.1705296 0.1693968 0.2062949 0.1961152 0.1352668 0.1608431 0.2086789 0.1695987 0.1687578 0.2119051 0.1487653 0.1721885 0.1703982 0.1789463 0.1684010 0.1449071 0.1421928 0.0000000 0.0893007 0.1679791 0.1644885 0.1702374 0.2250854 0.1371528 0.1398859 0.2928131 0.1334816 0.2073763 0.1685925 0.1644055 0.2116457 0.1397829 
Marmosidae_Monodelphis_domestica             0.1859084 0.2597605 0.1934421 0.2252174 0.2220944 0.2162803 0.2196692 0.1578355 0.1681202 0.2280647 0.1607398 0.1696510 0.2466175 0.1466585 0.1606069 0.1434587 0.1587801 0.1827675 0.1687742 0.1722815 0.0893007 0.0000000 0.1606316 0.1888648 0.1902343 0.2353792 0.1609167 0.1666235 0.3070740 0.1587264 0.2369046 0.1464295 0.1723114 0.2367648 0.1361166 
Dasyuridae_Antechinus_stuartii               0.1631844 0.2541625 0.1809514 0.2060835 0.2035096 0.0811467 0.1855311 0.1304117 0.1627619 0.1950079 0.0176728 0.0571717 0.2056171 0.1342956 0.0163801 0.0355234 0.0451704 0.1798257 0.1344631 0.1470248 0.1679791 0.1606316 0.0000000 0.1719146 0.1850135 0.2028725 0.1319571 0.1429063 0.2847139 0.1418080 0.1998679 0.0407653 0.1627981 0.1965007 0.1259790 
Hypsiprymnodontidae_Hypsiprymnodon_moschatus 0.1567109 0.2520642 0.0931680 0.0698019 0.0678191 0.1312250 0.0781255 0.1063303 0.1688699 0.1042870 0.1804151 0.1682257 0.1004969 0.1450655 0.1782926 0.1692156 0.1796063 0.2007891 0.1040876 0.1381211 0.1644885 0.1888648 0.1719146 0.0000000 0.0908376 0.1844555 0.0997435 0.1374431 0.2577878 0.1023411 0.1000243 0.1760994 0.1771452 0.0956898 0.1102711 
Microbiotheriidae_Dromiciops_gliroides       0.1691995 0.2670687 0.1037384 0.0990372 0.0967451 0.1344112 0.0912101 0.1365722 0.1952777 0.1090025 0.1925747 0.1688289 0.1068446 0.1471965 0.1914002 0.1730036 0.1826372 0.2190458 0.1389721 0.1431760 0.1702374 0.1902343 0.1850135 0.0908376 0.0000000 0.1916526 0.1344879 0.1360122 0.2864287 0.1051455 0.1045060 0.1840410 0.1978400 0.0960228 0.1310712 
Pseudochiridae_Petauroides_volans            0.1535095 0.1577553 0.2167034 0.1866719 0.1820748 0.2276893 0.1940369 0.1736558 0.2277209 0.2202841 0.2153111 0.2143271 0.2267761 0.1767169 0.2121700 0.2158635 0.2200869 0.2437991 0.1836428 0.1622768 0.2250854 0.2353792 0.2028725 0.1844555 0.1916526 0.0000000 0.1773440 0.1619889 0.1299908 0.1308760 0.2278567 0.2178284 0.2326401 0.2289177 0.1625802 
Macropodidae_Wallabia_bicolor                0.1412977 0.2356800 0.1490693 0.0807255 0.0803565 0.1923251 0.1142301 0.0326087 0.1377951 0.1294157 0.1384502 0.1259094 0.1380187 0.0897604 0.1362419 0.1286540 0.1300121 0.1561561 0.0122694 0.0878992 0.1371528 0.1609167 0.1319571 0.0997435 0.1344879 0.1773440 0.0000000 0.0781512 0.2529719 0.1022186 0.1341332 0.1342754 0.1427629 0.1338863 0.1155181 
Pseudochiridae_Pseudocheirus_occidentalis    0.1676145 0.2360889 0.1643652 0.1260517 0.1232465 0.1927415 0.1344742 0.0847612 0.1385475 0.1449605 0.1525011 0.1471678 0.1499364 0.0994560 0.1504684 0.1429622 0.1508429 0.1568901 0.0803331 0.0204979 0.1398859 0.1666235 0.1429063 0.1374431 0.1360122 0.1619889 0.0781512 0.0000000 0.2584595 0.0974253 0.1477908 0.1474762 0.1433430 0.1492499 0.1252000 
Tarsipedidae_Tarsipes_rostratus              0.1908722 0.2156374 0.2853180 0.2610599 0.2578880 0.3166298 0.2705062 0.2490547 0.2862810 0.2687674 0.3067007 0.2926866 0.2953756 0.2477290 0.3026045 0.2989470 0.3154201 0.3055373 0.2606814 0.2551424 0.2928131 0.3070740 0.2847139 0.2577878 0.2864287 0.1299908 0.2529719 0.2584595 0.0000000 0.1912531 0.2850383 0.2995408 0.2898218 0.3020891 0.2083333 
Acrobatidae_Distoechurus_pennatus            0.0994508 0.1858552 0.1036618 0.1057864 0.1029477 0.1480534 0.1101807 0.1097672 0.1439509 0.1251155 0.1483632 0.1450861 0.1243653 0.0688487 0.1456733 0.1435599 0.1475354 0.1532489 0.1062510 0.0984148 0.1334816 0.1587264 0.1418080 0.1023411 0.1051455 0.1308760 0.1022186 0.0974253 0.1912531 0.0000000 0.1213741 0.1425531 0.1455574 0.1186253 0.1314723 
Phalangeridae_Phalanger_carmelitae           0.1761443 0.2830727 0.1060151 0.1093311 0.1067836 0.1601706 0.0469491 0.1419299 0.2167406 0.0174429 0.2041752 0.1902016 0.0280266 0.1581759 0.2027286 0.1863342 0.1864841 0.2414642 0.1338791 0.1574124 0.2073763 0.2369046 0.1998679 0.1000243 0.1045060 0.2278567 0.1341332 0.1477908 0.2850383 0.1213741 0.0000000 0.1941988 0.2236291 0.0127919 0.1424472 
Dasyuridae_Dasyurus_geffroii                 0.1663027 0.2566523 0.1586113 0.1997566 0.1969894 0.0883136 0.1845538 0.1304051 0.1505907 0.1917300 0.0420602 0.0560691 0.1972966 0.1254136 0.0420250 0.0134246 0.0335855 0.1753241 0.1332631 0.1514976 0.1685925 0.1464295 0.0407653 0.1760994 0.1840410 0.2178284 0.1342754 0.1474762 0.2995408 0.1425531 0.1941988 0.0000000 0.1515309 0.1971731 0.1236686 
Peramelidae_Perameles_gunnii                 0.1904744 0.2717319 0.1933772 0.2008116 0.1987257 0.2182289 0.2013521 0.1429061 0.0018673 0.2239462 0.1637351 0.1657766 0.2289644 0.1443016 0.1615214 0.1544841 0.1673460 0.0457810 0.1462668 0.1448681 0.1644055 0.1723114 0.1627981 0.1771452 0.1978400 0.2326401 0.1427629 0.1433430 0.2898218 0.1455574 0.2236291 0.1515309 0.0000000 0.2230925 0.0221874 
Phalangeridae_Spilocuscus_maculatus          0.1839947 0.3055419 0.1053572 0.1045543 0.1028396 0.1562566 0.0469677 0.1380651 0.2223337 0.0213886 0.2065106 0.1840559 0.0402751 0.1617561 0.2040895 0.1845863 0.1835053 0.2492943 0.1324323 0.1554237 0.2116457 0.2367648 0.1965007 0.0956898 0.0960228 0.2289177 0.1338863 0.1492499 0.3020891 0.1186253 0.0127919 0.1971731 0.2230925 0.0000000 0.1440981 
Peramelidae_Peroryctes_raffrayana            0.1117541 0.1794936 0.1300802 0.1206767 0.1190978 0.1273058 0.1186038 0.1025785 0.0232333 0.1330137 0.1227494 0.1240809 0.1520309 0.1228912 0.1228265 0.1209982 0.1276943 0.0181863 0.1185442 0.1265142 0.1397829 0.1361166 0.1259790 0.1102711 0.1310712 0.1625802 0.1155181 0.1252000 0.2083333 0.1314723 0.1424472 0.1236686 0.0221874 0.1440981 0.0000000 
