35
Burramyidae_Burramys_parvus                  0.0000000 0.0970490 0.1056573 0.0996111 0.1305830 0.0802751 0.0851255 0.0996957 0.1848336 0.0944004 0.1504169 0.1438582 0.0822831 0.0938635 0.1499545 0.1515905 0.1420965 0.1815632 0.0943824 0.0935943 0.1501697 0.0941049 0.1332104 0.0885228 0.0936493 0.0995124 0.0969736 0.0857438 0.1838959 0.1295096 0.1847513 0.0836418 0.0887292 0.1058860 0.1402123 
Vombatidae_Lasiorhinus_latifrons             0.0970490 0.0000000 0.0931934 0.0871776 0.1035895 0.0696918 0.0773534 0.0835298 0.1410580 0.0847004 0.1264502 0.1136273 0.0761454 0.0829648 0.1248124 0.1235528 0.1172285 0.1372206 0.0792878 0.0761412 0.1228675 0.0734787 0.0977374 0.0723716 0.0767466 0.0834156 0.0806050 0.0758459 0.1413641 0.1009748 0.1453530 0.0695294 0.0737324 0.0910997 0.1234172 
Potoroidae_Bettongia_penicillata             0.1056573 0.0931934 0.0000000 0.0016383 0.1304305 0.0763202 0.0814220 0.0145766 0.1670546 0.0872701 0.1574545 0.1476331 0.0790035 0.0912417 0.1538514 0.1527559 0.1462129 0.1632729 0.0289265 0.0850997 0.1545422 0.0438497 0.1214600 0.0797148 0.0262542 0.0899965 0.0881473 0.0814843 0.1662727 0.1300721 0.1679084 0.0839920 0.0957547 0.1188307 0.1309125 
Potoroidae_Bettongia_lesueur                 0.0996111 0.0871776 0.0016383 0.0000000 0.1255530 0.0726675 0.0785113 0.0077297 0.1609814 0.0837946 0.1539844 0.1429976 0.0735679 0.0844819 0.1503218 0.1493541 0.1419855 0.1575223 0.0244112 0.0793574 0.1505800 0.0386779 0.1167893 0.0728964 0.0221696 0.0830398 0.0813781 0.0782431 0.1601873 0.1252014 0.1613907 0.0776691 0.0850209 0.1092899 0.1210126 
Dasyuridae_Dasyurus_maculatus                0.1305830 0.1035895 0.1304305 0.1255530 0.0000000 0.0973947 0.1090188 0.1210917 0.1441490 0.1178612 0.0025181 0.0132203 0.1065838 0.1081318 0.0026415 0.0015374 0.0139388 0.1478419 0.1200714 0.1117849 0.0024510 0.1090393 0.1021532 0.1091182 0.1179411 0.1210166 0.1114720 0.1064969 0.1438185 0.0010554 0.1466457 0.0893508 0.1006580 0.1252830 0.1420962 
Phalangeridae_Trichosurus_vulpecula          0.0802751 0.0696918 0.0763202 0.0726675 0.0973947 0.0000000 0.0183560 0.0690939 0.1399377 0.0331092 0.1164852 0.1101380 0.0168186 0.0742831 0.1161302 0.1191290 0.1095507 0.1387777 0.0651968 0.0678690 0.1133607 0.0622086 0.0953156 0.0642177 0.0634457 0.0751047 0.0734873 0.0189554 0.1384331 0.0984595 0.1371189 0.0728758 0.0800936 0.1028396 0.1293090 
Phalangeridae_Spilocuscus_maculatus          0.0851255 0.0773534 0.0814220 0.0785113 0.1090188 0.0183560 0.0000000 0.0761890 0.1467617 0.0293814 0.1284589 0.1216991 0.0122241 0.0778202 0.1281490 0.1281966 0.1200442 0.1500978 0.0693283 0.0701225 0.1256670 0.0689253 0.1057379 0.0685678 0.0687852 0.0767247 0.0764345 0.0137629 0.1479723 0.1104660 0.1453851 0.0787364 0.0895633 0.1118515 0.1362487 
Potoroidae_Aepyprymnus_rufescens             0.0996957 0.0835298 0.0145766 0.0077297 0.1210917 0.0690939 0.0761890 0.0000000 0.1550082 0.0796947 0.1465335 0.1368712 0.0728685 0.0803023 0.1424199 0.1444016 0.1307977 0.1492284 0.0232852 0.0804535 0.1418797 0.0377430 0.1144523 0.0704241 0.0207887 0.0839492 0.0806888 0.0754069 0.1530212 0.1225273 0.1515173 0.0733088 0.0792357 0.1088345 0.1174512 
Peramelidae_Perameles_nasuta                 0.1848336 0.1410580 0.1670546 0.1609814 0.1441490 0.1399377 0.1467617 0.1550082 0.0000000 0.1679692 0.1813075 0.1674554 0.1431329 0.1463737 0.1809741 0.1794089 0.1815589 0.0251809 0.1509224 0.1383660 0.1825808 0.1456808 0.1371910 0.1303400 0.1462439 0.1470880 0.1423668 0.1462721 0.0244280 0.1400495 0.0009489 0.0980000 0.1322919 0.1460278 0.1036498 
Phalangeridae_Strigocuscus_pelengensis       0.0944004 0.0847004 0.0872701 0.0837946 0.1178612 0.0331092 0.0293814 0.0796947 0.1679692 0.0000000 0.1407662 0.1328921 0.0251967 0.0849322 0.1419092 0.1378103 0.1320756 0.1705167 0.0762973 0.0784818 0.1394486 0.0749895 0.1093377 0.0738760 0.0759550 0.0816040 0.0820893 0.0245430 0.1695444 0.1181997 0.1687462 0.0898491 0.1029975 0.1264630 0.1702320 
Dasyuridae_Phascogale_tapoatafa              0.1504169 0.1264502 0.1574545 0.1539844 0.0025181 0.1164852 0.1284589 0.1465335 0.1813075 0.1407662 0.0000000 0.0202798 0.1254088 0.1304729 0.0005664 0.0114191 0.0167369 0.1841584 0.1419068 0.1337001 0.0018114 0.1339497 0.1302271 0.1310515 0.1392908 0.1424739 0.1352872 0.1274156 0.1786364 0.0022019 0.1812401 0.0887854 0.0922245 0.1176411 0.1428274 
Dasyuridae_Sminthopsis_macroura              0.1438582 0.1136273 0.1476331 0.1429976 0.0132203 0.1101380 0.1216991 0.1368712 0.1674554 0.1328921 0.0202798 0.0000000 0.1201711 0.1241595 0.0202836 0.0227956 0.0150830 0.1759463 0.1331029 0.1253531 0.0180182 0.1234186 0.1160290 0.1264068 0.1311014 0.1355104 0.1310868 0.1191592 0.1692688 0.0115414 0.1755655 0.0778635 0.0952937 0.1144608 0.1348454 
Phalangeridae_Phalanger_orientalis           0.0822831 0.0761454 0.0790035 0.0735679 0.1065838 0.0168186 0.0122241 0.0728685 0.1431329 0.0251967 0.1254088 0.1201711 0.0000000 0.0741857 0.1260583 0.1264207 0.1166323 0.1431964 0.0648159 0.0671861 0.1225608 0.0650009 0.0990320 0.0662100 0.0651610 0.0753036 0.0760482 0.0023675 0.1435882 0.1080116 0.1406954 0.0749426 0.0840184 0.1036989 0.1280454 
Acrobatidae_Acrobates_pygmaeus               0.0938635 0.0829648 0.0912417 0.0844819 0.1081318 0.0742831 0.0778202 0.0803023 0.1463737 0.0849322 0.1304729 0.1241595 0.0741857 0.0000000 0.1303529 0.1309654 0.1238288 0.1498134 0.0758385 0.0604087 0.1317689 0.0718766 0.1002735 0.0556814 0.0756509 0.0660307 0.0402721 0.0788730 0.1481575 0.1080921 0.1458541 0.0774050 0.0827940 0.1032391 0.1132546 
Dasyuridae_Phascogale_calura                 0.1499545 0.1248124 0.1538514 0.1503218 0.0026415 0.1161302 0.1281490 0.1424199 0.1809741 0.1419092 0.0005664 0.0202836 0.1260583 0.1303529 0.0000000 0.0119915 0.0152634 0.1834562 0.1403744 0.1329275 0.0017363 0.1333772 0.1279693 0.1293489 0.1377782 0.1417233 0.1331205 0.1269420 0.1788251 0.0023051 0.1808480 0.0873029 0.0930109 0.1207592 0.1442613 
Dasyuridae_Sarcophilus_harrisii              0.1515905 0.1235528 0.1527559 0.1493541 0.0015374 0.1191290 0.1281966 0.1444016 0.1794089 0.1378103 0.0114191 0.0227956 0.1264207 0.1309654 0.0119915 0.0000000 0.0184295 0.1835656 0.1397576 0.1326141 0.0097153 0.1297873 0.1314767 0.1299579 0.1374553 0.1411213 0.1347405 0.1282029 0.1820141 0.0016052 0.1861270 0.0856471 0.0998547 0.1217107 0.1346548 
Dasyuridae_Planigale_tenuirostris            0.1420965 0.1172285 0.1462129 0.1419855 0.0139388 0.1095507 0.1200442 0.1307977 0.1815589 0.1320756 0.0167369 0.0150830 0.1166323 0.1238288 0.0152634 0.0184295 0.0000000 0.1816043 0.1292552 0.1260952 0.0156512 0.1237253 0.1189220 0.1233903 0.1280164 0.1342187 0.1264084 0.1176075 0.1826363 0.0128114 0.1795284 0.0747156 0.0822423 0.1121876 0.1390389 
Peramelidae_Echymipera_kalubu                0.1815632 0.1372206 0.1632729 0.1575223 0.1478419 0.1387777 0.1500978 0.1492284 0.0251809 0.1705167 0.1841584 0.1759463 0.1431964 0.1498134 0.1834562 0.1835656 0.1816043 0.0000000 0.1486065 0.1407810 0.1833644 0.1452927 0.1352841 0.1321008 0.1438009 0.1524069 0.1406369 0.1484130 0.0212527 0.1417535 0.0245408 0.0954445 0.1426605 0.1559201 0.1009786 
Macropodidae_Dorcopsulus_vanheurni           0.0943824 0.0792878 0.0289265 0.0244112 0.1200714 0.0651968 0.0693283 0.0232852 0.1509224 0.0762973 0.1419068 0.1331029 0.0648159 0.0758385 0.1403744 0.1397576 0.1292552 0.1486065 0.0000000 0.0700903 0.1409418 0.0338020 0.1099860 0.0650008 0.0011951 0.0736422 0.0731285 0.0673982 0.1500619 0.1198348 0.1517030 0.0695540 0.0796794 0.1003930 0.1140783 
Pseudochiridae_Pseudochirulus_forbesi        0.0935943 0.0761412 0.0850997 0.0793574 0.1117849 0.0678690 0.0701225 0.0804535 0.1383660 0.0784818 0.1337001 0.1253531 0.0671861 0.0604087 0.1329275 0.1326141 0.1260952 0.1407810 0.0700903 0.0000000 0.1292308 0.0645175 0.1069234 0.0287587 0.0683407 0.0197200 0.0641264 0.0698343 0.1409285 0.1099080 0.1403669 0.0707720 0.0766403 0.0964742 0.0964248 
Dasyuridae_Antechinus_stuartii               0.1501697 0.1228675 0.1545422 0.1505800 0.0024510 0.1133607 0.1256670 0.1418797 0.1825808 0.1394486 0.0018114 0.0180182 0.1225608 0.1317689 0.0017363 0.0097153 0.0156512 0.1833644 0.1409418 0.1292308 0.0000000 0.1333308 0.1304615 0.1291719 0.1382962 0.1390893 0.1316234 0.1225192 0.1840628 0.0021417 0.1819097 0.0795902 0.0897007 0.1184147 0.1426018 
Hypsiprymnodontidae_Hypsiprymnodon_moschatus 0.0941049 0.0734787 0.0438497 0.0386779 0.1090393 0.0622086 0.0689253 0.0377430 0.1456808 0.0749895 0.1339497 0.1234186 0.0650009 0.0718766 0.1333772 0.1297873 0.1237253 0.1452927 0.0338020 0.0645175 0.1333308 0.0000000 0.1059318 0.0614719 0.0302979 0.0715342 0.0718595 0.0670954 0.1466277 0.1087559 0.1457153 0.0671002 0.0743181 0.0956998 0.1096636 
Microbiotheriidae_Dromiciops_gliroides       0.1332104 0.0977374 0.1214600 0.1167893 0.1021532 0.0953156 0.1057379 0.1144523 0.1371910 0.1093377 0.1302271 0.1160290 0.0990320 0.1002735 0.1279693 0.1314767 0.1189220 0.1352841 0.1099860 0.1069234 0.1304615 0.1059318 0.0000000 0.1002445 0.1064667 0.1155004 0.1039136 0.1030444 0.1393387 0.1057081 0.1371734 0.0634753 0.0779649 0.0999559 0.1369265 
Pseudochiridae_Petauroides_volans            0.0885228 0.0723716 0.0797148 0.0728964 0.1091182 0.0642177 0.0685678 0.0704241 0.1303400 0.0738760 0.1310515 0.1264068 0.0662100 0.0556814 0.1293489 0.1299579 0.1233903 0.1321008 0.0650008 0.0287587 0.1291719 0.0614719 0.1002445 0.0000000 0.0635940 0.0336649 0.0610370 0.0671940 0.1318335 0.1109558 0.1336341 0.0702467 0.0763358 0.0980398 0.0899444 
Macropodidae_Wallabia_bicolor                0.0936493 0.0767466 0.0262542 0.0221696 0.1179411 0.0634457 0.0687852 0.0207887 0.1462439 0.0759550 0.1392908 0.1311014 0.0651610 0.0756509 0.1377782 0.1374553 0.1280164 0.1438009 0.0011951 0.0683407 0.1382962 0.0302979 0.1064667 0.0635940 0.0000000 0.0741655 0.0732378 0.0672328 0.1446736 0.1177141 0.1463080 0.0678690 0.0777855 0.0987879 0.1108175 
Pseudochiridae_Pseudocheirus_occidentalis    0.0995124 0.0834156 0.0899965 0.0830398 0.1210166 0.0751047 0.0767247 0.0839492 0.1470880 0.0816040 0.1424739 0.1355104 0.0753036 0.0660307 0.1417233 0.1411213 0.1342187 0.1524069 0.0736422 0.0197200 0.1390893 0.0715342 0.1155004 0.0336649 0.0741655 0.0000000 0.0692752 0.0776074 0.1523845 0.1208441 0.1464159 0.0856686 0.0893836 0.1115339 0.1183826 
Acrobatidae_Distoechurus_pennatus            0.0969736 0.0806050 0.0881473 0.0813781 0.1114720 0.0734873 0.0764345 0.0806888 0.1423668 0.0820893 0.1352872 0.1310868 0.0760482 0.0402721 0.1331205 0.1347405 0.1264084 0.1406369 0.0731285 0.0641264 0.1316234 0.0718595 0.1039136 0.0610370 0.0732378 0.0692752 0.0000000 0.0772800 0.1441607 0.1109879 0.1410455 0.0881859 0.0969160 0.1155539 0.1147924 
Phalangeridae_Phalanger_carmelitae           0.0857438 0.0758459 0.0814843 0.0782431 0.1064969 0.0189554 0.0137629 0.0754069 0.1462721 0.0245430 0.1274156 0.1191592 0.0023675 0.0788730 0.1269420 0.1282029 0.1176075 0.1484130 0.0673982 0.0698343 0.1225192 0.0670954 0.1030444 0.0671940 0.0672328 0.0776074 0.0772800 0.0000000 0.1486114 0.1088317 0.1458393 0.0771159 0.0884979 0.1084173 0.1326809 
Peramelidae_Peroryctes_raffrayana            0.1838959 0.1413641 0.1662727 0.1601873 0.1438185 0.1384331 0.1479723 0.1530212 0.0244280 0.1695444 0.1786364 0.1692688 0.1435882 0.1481575 0.1788251 0.1820141 0.1826363 0.0212527 0.1500619 0.1409285 0.1840628 0.1466277 0.1393387 0.1318335 0.1446736 0.1523845 0.1441607 0.1486114 0.0000000 0.1430685 0.0217172 0.0968665 0.1336687 0.1469196 0.1066677 
Dasyuridae_Dasyurus_geffroii                 0.1295096 0.1009748 0.1300721 0.1252014 0.0010554 0.0984595 0.1104660 0.1225273 0.1400495 0.1181997 0.0022019 0.0115414 0.1080116 0.1080921 0.0023051 0.0016052 0.0128114 0.1417535 0.1198348 0.1099080 0.0021417 0.1087559 0.1057081 0.1109558 0.1177141 0.1208441 0.1109879 0.1088317 0.1430685 0.0000000 0.1417840 0.0843518 0.0962080 0.1195893 0.1411436 
Peramelidae_Perameles_gunnii                 0.1847513 0.1453530 0.1679084 0.1613907 0.1466457 0.1371189 0.1453851 0.1515173 0.0009489 0.1687462 0.1812401 0.1755655 0.1406954 0.1458541 0.1808480 0.1861270 0.1795284 0.0245408 0.1517030 0.1403669 0.1819097 0.1457153 0.1371734 0.1336341 0.1463080 0.1464159 0.1410455 0.1458393 0.0217172 0.1417840 0.0000000 0.0979180 0.1280943 0.1446286 0.1007519 
Notoryctidae_Notoryctes_typhlops             0.0836418 0.0695294 0.0839920 0.0776691 0.0893508 0.0728758 0.0787364 0.0733088 0.0980000 0.0898491 0.0887854 0.0778635 0.0749426 0.0774050 0.0873029 0.0856471 0.0747156 0.0954445 0.0695540 0.0707720 0.0795902 0.0671002 0.0634753 0.0702467 0.0678690 0.0856686 0.0881859 0.0771159 0.0968665 0.0843518 0.0979180 0.0000000 0.0794048 0.0879469 0.1415317 
Didelphidae_Didelphis_virginiana             0.0887292 0.0737324 0.0957547 0.0850209 0.1006580 0.0800936 0.0895633 0.0792357 0.1322919 0.1029975 0.0922245 0.0952937 0.0840184 0.0827940 0.0930109 0.0998547 0.0822423 0.1426605 0.0796794 0.0766403 0.0897007 0.0743181 0.0779649 0.0763358 0.0777855 0.0893836 0.0969160 0.0884979 0.1336687 0.0962080 0.1280943 0.0794048 0.0000000 0.0185897 0.1679537 
Marmosidae_Monodelphis_domestica             0.1058860 0.0910997 0.1188307 0.1092899 0.1252830 0.1028396 0.1118515 0.1088345 0.1460278 0.1264630 0.1176411 0.1144608 0.1036989 0.1032391 0.1207592 0.1217107 0.1121876 0.1559201 0.1003930 0.0964742 0.1184147 0.0956998 0.0999559 0.0980398 0.0987879 0.1115339 0.1155539 0.1084173 0.1469196 0.1195893 0.1446286 0.0879469 0.0185897 0.0000000 0.1696393 
Tarsipedidae_Tarsipes_rostratus              0.1402123 0.1234172 0.1309125 0.1210126 0.1420962 0.1293090 0.1362487 0.1174512 0.1036498 0.1702320 0.1428274 0.1348454 0.1280454 0.1132546 0.1442613 0.1346548 0.1390389 0.1009786 0.1140783 0.0964248 0.1426018 0.1096636 0.1369265 0.0899444 0.1108175 0.1183826 0.1147924 0.1326809 0.1066677 0.1411436 0.1007519 0.1415317 0.1679537 0.1696393 0.0000000 
