35
Burramyidae_Burramys_parvus                  0.0000000 0.0641597 0.0583539 0.0517960 0.0536120 0.0912401 0.0394664 0.0368293 0.0870569 0.0422256 0.0826909 0.0391008 0.0427816 0.0872798 0.0871169 0.0735115 0.0820412 0.0444559 0.0950344 0.0777651 0.0795338 0.0488168 0.0650249 0.0404157 0.0477592 0.0455941 0.0587056 0.0469371 0.0395168 0.0850356 0.0897743 0.0654385 0.0530846 0.0977841 0.0450916 
Notoryctidae_Notoryctes_typhlops             0.0641597 0.0000000 0.0698371 0.0787276 0.0783686 0.0922981 0.0690602 0.0694693 0.0870195 0.0737981 0.0814427 0.0656674 0.0643804 0.0851252 0.0896781 0.0722302 0.0811697 0.0681990 0.0867787 0.0779046 0.0794400 0.0717003 0.0714529 0.0641822 0.0704642 0.0630008 0.0824118 0.0675416 0.0670517 0.0822688 0.0912522 0.0696786 0.0747420 0.0962657 0.0671269 
Vombatidae_Lasiorhinus_latifrons             0.0583539 0.0698371 0.0000000 0.0683745 0.0699300 0.0809148 0.0564631 0.0545781 0.0864408 0.0539507 0.0710953 0.0545300 0.0565681 0.0791692 0.0769847 0.0663940 0.0825066 0.0595129 0.0995779 0.0898225 0.0713551 0.0637975 0.0598280 0.0584213 0.0622871 0.0613681 0.0796271 0.0634729 0.0544408 0.0829622 0.0794828 0.0757125 0.0718404 0.0853369 0.0650916 
Potoroidae_Bettongia_penicillata             0.0517960 0.0787276 0.0683745 0.0000000 0.0030622 0.0978006 0.0490623 0.0490948 0.0970505 0.0507199 0.0908719 0.0494692 0.0520188 0.0928155 0.0945292 0.0802288 0.0920041 0.0181817 0.0970723 0.0811212 0.0834721 0.0340742 0.0730296 0.0534550 0.0208668 0.0587655 0.0746040 0.0593876 0.0503619 0.0955761 0.0957811 0.0722831 0.0102160 0.1039829 0.0596538 
Potoroidae_Bettongia_lesueur                 0.0536120 0.0783686 0.0699300 0.0030622 0.0000000 0.0980306 0.0495906 0.0496186 0.0952162 0.0507377 0.0905746 0.0509373 0.0534773 0.0925346 0.0947503 0.0788716 0.0902281 0.0177558 0.0984090 0.0805233 0.0830658 0.0336699 0.0717142 0.0534520 0.0204430 0.0568855 0.0742628 0.0594515 0.0517968 0.0932852 0.0960060 0.0707637 0.0106979 0.1034305 0.0584969 
Dasyuridae_Dasyurus_maculatus                0.0912401 0.0922981 0.0809148 0.0978006 0.0980306 0.0000000 0.0903430 0.0866379 0.1044317 0.0863360 0.0361081 0.0879935 0.0873348 0.0212400 0.0101789 0.0344962 0.1018745 0.0904938 0.1171362 0.1042216 0.0136298 0.0914109 0.0828574 0.0853127 0.0918482 0.0865866 0.0989388 0.0921565 0.0883756 0.1049058 0.0066216 0.0878978 0.1020009 0.0222658 0.0919839 
Phalangeridae_Trichosurus_vulpecula          0.0394664 0.0690602 0.0564631 0.0490623 0.0495906 0.0903430 0.0000000 0.0156212 0.0859166 0.0210396 0.0834760 0.0187549 0.0393057 0.0833057 0.0857086 0.0725158 0.0794637 0.0422924 0.0882126 0.0723670 0.0782737 0.0502819 0.0615101 0.0397343 0.0440941 0.0448078 0.0585969 0.0457519 0.0187331 0.0830574 0.0878998 0.0584910 0.0519249 0.0942664 0.0479367 
Phalangeridae_Spilocuscus_maculatus          0.0368293 0.0694693 0.0545781 0.0490948 0.0496186 0.0866379 0.0156212 0.0000000 0.0837234 0.0115088 0.0792396 0.0088076 0.0394480 0.0806638 0.0820698 0.0698311 0.0764642 0.0410568 0.0858468 0.0709304 0.0752665 0.0489229 0.0596112 0.0393824 0.0428101 0.0444849 0.0604915 0.0453637 0.0087976 0.0813358 0.0842296 0.0562017 0.0524813 0.0924493 0.0455563 
Peramelidae_Perameles_nasuta                 0.0870569 0.0870195 0.0864408 0.0970505 0.0952162 0.1044317 0.0859166 0.0837234 0.0000000 0.0874477 0.1040245 0.0821235 0.0839270 0.0985286 0.1027515 0.0917541 0.0169601 0.0888661 0.0916985 0.0818492 0.0962221 0.0902002 0.0866643 0.0908447 0.0896795 0.0898449 0.0983215 0.0927163 0.0820834 0.0215332 0.1039814 0.0017071 0.1001880 0.1142291 0.0972051 
Phalangeridae_Strigocuscus_pelengensis       0.0422256 0.0737981 0.0539507 0.0507199 0.0507377 0.0863360 0.0210396 0.0115088 0.0874477 0.0000000 0.0777644 0.0114934 0.0427200 0.0878748 0.0811982 0.0749072 0.0811578 0.0457044 0.0932057 0.0801201 0.0835233 0.0520405 0.0649341 0.0440628 0.0480319 0.0480189 0.0667968 0.0493162 0.0119476 0.0851304 0.0842605 0.0598155 0.0531022 0.0896921 0.0481712 
Dasyuridae_Sminthopsis_macroura              0.0826909 0.0814427 0.0710953 0.0908719 0.0905746 0.0361081 0.0834760 0.0792396 0.1040245 0.0777644 0.0000000 0.0825827 0.0812303 0.0346648 0.0319119 0.0199411 0.0973390 0.0821085 0.1164532 0.1025800 0.0282745 0.0844587 0.0725213 0.0831641 0.0844620 0.0813591 0.1003743 0.0839325 0.0829699 0.1020154 0.0324567 0.0922595 0.0952110 0.0354893 0.0878154 
Phalangeridae_Phalanger_orientalis           0.0391008 0.0656674 0.0545300 0.0494692 0.0509373 0.0879935 0.0187549 0.0088076 0.0821235 0.0114934 0.0825827 0.0000000 0.0375724 0.0834846 0.0843852 0.0723116 0.0763290 0.0432967 0.0838212 0.0671446 0.0779633 0.0507226 0.0619371 0.0393860 0.0450830 0.0439856 0.0599749 0.0444165 0.0026258 0.0788209 0.0865510 0.0543638 0.0508606 0.0955877 0.0444978 
Acrobatidae_Acrobates_pygmaeus               0.0427816 0.0643804 0.0565681 0.0520188 0.0534773 0.0873348 0.0393057 0.0394480 0.0839270 0.0427200 0.0812303 0.0375724 0.0000000 0.0827937 0.0851921 0.0735857 0.0775780 0.0442165 0.0902776 0.0754603 0.0790001 0.0490344 0.0627187 0.0378389 0.0469585 0.0424518 0.0547558 0.0246623 0.0379882 0.0801551 0.0868535 0.0613770 0.0520060 0.0929683 0.0433338 
Dasyuridae_Phascogale_calura                 0.0872798 0.0851252 0.0791692 0.0928155 0.0925346 0.0212400 0.0833057 0.0806638 0.0985286 0.0878748 0.0346648 0.0834846 0.0827937 0.0000000 0.0189062 0.0315732 0.0924528 0.0855053 0.1031970 0.0901631 0.0061756 0.0868455 0.0771752 0.0818790 0.0878705 0.0790967 0.0970770 0.0856974 0.0833829 0.0981011 0.0189514 0.0778209 0.0959174 0.0079380 0.0877679 
Dasyuridae_Sarcophilus_harrisii              0.0871169 0.0896781 0.0769847 0.0945292 0.0947503 0.0101789 0.0857086 0.0820698 0.1027515 0.0811982 0.0319119 0.0843852 0.0851921 0.0189062 0.0000000 0.0295535 0.0976830 0.0868587 0.1115436 0.0998618 0.0117520 0.0881881 0.0772375 0.0832187 0.0872166 0.0819263 0.0952582 0.0880280 0.0847698 0.1042040 0.0079523 0.0865625 0.0994210 0.0192174 0.0896095 
Dasyuridae_Planigale_tenuirostris            0.0735115 0.0722302 0.0663940 0.0802288 0.0788716 0.0344962 0.0725158 0.0698311 0.0917541 0.0749072 0.0199411 0.0723116 0.0735857 0.0315732 0.0295535 0.0000000 0.0859118 0.0716347 0.0946295 0.0797899 0.0253336 0.0743582 0.0657727 0.0749505 0.0735890 0.0715459 0.0902129 0.0734637 0.0722199 0.0901601 0.0315597 0.0731741 0.0864995 0.0345037 0.0785620 
Peramelidae_Echymipera_kalubu                0.0820412 0.0811697 0.0825066 0.0920041 0.0902281 0.1018745 0.0794637 0.0764642 0.0169601 0.0811578 0.0973390 0.0763290 0.0775780 0.0924528 0.0976830 0.0859118 0.0000000 0.0827044 0.0890112 0.0772158 0.0885572 0.0866944 0.0800750 0.0864668 0.0835183 0.0847725 0.0931848 0.0873555 0.0762919 0.0187305 0.1004262 0.0129095 0.0929174 0.1055713 0.0911283 
Macropodidae_Dorcopsulus_vanheurni           0.0444559 0.0681990 0.0595129 0.0181817 0.0177558 0.0904938 0.0422924 0.0410568 0.0888661 0.0457044 0.0821085 0.0432967 0.0442165 0.0855053 0.0868587 0.0716347 0.0827044 0.0000000 0.0840839 0.0712629 0.0791838 0.0271553 0.0618141 0.0465078 0.0070238 0.0470598 0.0663565 0.0501921 0.0432453 0.0867209 0.0880803 0.0637822 0.0205952 0.0952884 0.0503592 
Didelphidae_Didelphis_virginiana             0.0950344 0.0867787 0.0995779 0.0970723 0.0984090 0.1171362 0.0882126 0.0858468 0.0916985 0.0932057 0.1164532 0.0838212 0.0902776 0.1031970 0.1115436 0.0946295 0.0890112 0.0840839 0.0000000 0.0452473 0.1025612 0.0910470 0.0908030 0.0910698 0.0887351 0.0914807 0.1016994 0.0886801 0.0866758 0.0856555 0.1130205 0.0923274 0.1014738 0.1282597 0.1000069 
Marmosidae_Monodelphis_domestica             0.0777651 0.0779046 0.0898225 0.0811212 0.0805233 0.1042216 0.0723670 0.0709304 0.0818492 0.0801201 0.1025800 0.0671446 0.0754603 0.0901631 0.0998618 0.0797899 0.0772158 0.0712629 0.0452473 0.0000000 0.0860923 0.0811926 0.0780155 0.0817285 0.0748168 0.0803432 0.0892104 0.0759449 0.0699058 0.0789600 0.1002205 0.0822275 0.0811713 0.1114855 0.0821937 
Dasyuridae_Antechinus_stuartii               0.0795338 0.0794400 0.0713551 0.0834721 0.0830658 0.0136298 0.0782737 0.0752665 0.0962221 0.0835233 0.0282745 0.0779633 0.0790001 0.0061756 0.0117520 0.0253336 0.0885572 0.0791838 0.1025612 0.0860923 0.0000000 0.0818587 0.0734141 0.0749645 0.0816241 0.0706169 0.0861471 0.0807928 0.0785752 0.0977982 0.0124039 0.0817950 0.0879854 0.0078694 0.0788489 
Hypsiprymnodontidae_Hypsiprymnodon_moschatus 0.0488168 0.0717003 0.0637975 0.0340742 0.0336699 0.0914109 0.0502819 0.0489229 0.0902002 0.0520405 0.0844587 0.0507226 0.0490344 0.0868455 0.0881881 0.0743582 0.0866944 0.0271553 0.0910470 0.0811926 0.0818587 0.0000000 0.0658048 0.0522286 0.0280338 0.0537888 0.0703584 0.0544010 0.0497451 0.0898302 0.0899703 0.0644358 0.0347529 0.0993754 0.0563600 
Microbiotheriidae_Dromiciops_gliroides       0.0650249 0.0714529 0.0598280 0.0730296 0.0717142 0.0828574 0.0615101 0.0596112 0.0866643 0.0649341 0.0725213 0.0619371 0.0627187 0.0771752 0.0772375 0.0657727 0.0800750 0.0618141 0.0908030 0.0780155 0.0734141 0.0658048 0.0000000 0.0650878 0.0642234 0.0658825 0.0818190 0.0706651 0.0619010 0.0852519 0.0803085 0.0672771 0.0762742 0.0849951 0.0711556 
Pseudochiridae_Petauroides_volans            0.0404157 0.0641822 0.0584213 0.0534550 0.0534520 0.0853127 0.0397343 0.0393824 0.0908447 0.0440628 0.0831641 0.0393860 0.0378389 0.0818790 0.0832187 0.0749505 0.0864668 0.0465078 0.0910698 0.0817285 0.0749645 0.0522286 0.0650878 0.0000000 0.0483077 0.0250039 0.0483815 0.0446969 0.0397999 0.0894274 0.0858468 0.0686426 0.0531526 0.0921069 0.0242765 
Macropodidae_Wallabia_bicolor                0.0477592 0.0704642 0.0622871 0.0208668 0.0204430 0.0918482 0.0440941 0.0428101 0.0896795 0.0480319 0.0844620 0.0450830 0.0469585 0.0878705 0.0872166 0.0735890 0.0835183 0.0070238 0.0887351 0.0748168 0.0816241 0.0280338 0.0642234 0.0483077 0.0000000 0.0502941 0.0663199 0.0519951 0.0450294 0.0875725 0.0894364 0.0615812 0.0246125 0.0959171 0.0524581 
Pseudochiridae_Pseudocheirus_occidentalis    0.0455941 0.0630008 0.0613681 0.0587655 0.0568855 0.0865866 0.0448078 0.0444849 0.0898449 0.0480189 0.0813591 0.0439856 0.0424518 0.0790967 0.0819263 0.0715459 0.0847725 0.0470598 0.0914807 0.0803432 0.0706169 0.0537888 0.0658825 0.0250039 0.0502941 0.0000000 0.0518746 0.0484873 0.0439755 0.0857525 0.0855502 0.0609557 0.0575464 0.0879642 0.0134176 
Tarsipedidae_Tarsipes_rostratus              0.0587056 0.0824118 0.0796271 0.0746040 0.0742628 0.0989388 0.0585969 0.0604915 0.0983215 0.0667968 0.1003743 0.0599749 0.0547558 0.0970770 0.0952582 0.0902129 0.0931848 0.0663565 0.1016994 0.0892104 0.0861471 0.0703584 0.0818190 0.0483815 0.0663199 0.0518746 0.0000000 0.0579527 0.0603747 0.0953679 0.0994354 0.0765787 0.0761833 0.1061197 0.0531002 
Acrobatidae_Distoechurus_pennatus            0.0469371 0.0675416 0.0634729 0.0593876 0.0594515 0.0921565 0.0457519 0.0453637 0.0927163 0.0493162 0.0839325 0.0444165 0.0246623 0.0856974 0.0880280 0.0734637 0.0873555 0.0501921 0.0886801 0.0759449 0.0807928 0.0544010 0.0706651 0.0446969 0.0519951 0.0484873 0.0579527 0.0000000 0.0448247 0.0909987 0.0926486 0.0684540 0.0628699 0.0979350 0.0499963 
Phalangeridae_Phalanger_carmelitae           0.0395168 0.0670517 0.0544408 0.0503619 0.0517968 0.0883756 0.0187331 0.0087976 0.0820834 0.0119476 0.0829699 0.0026258 0.0379882 0.0833829 0.0847698 0.0722199 0.0762919 0.0432453 0.0866758 0.0699058 0.0785752 0.0497451 0.0619010 0.0397999 0.0450294 0.0439755 0.0603747 0.0448247 0.0000000 0.0802620 0.0869345 0.0552816 0.0518141 0.0954575 0.0444864 
Peramelidae_Peroryctes_raffrayana            0.0850356 0.0822688 0.0829622 0.0955761 0.0932852 0.1049058 0.0830574 0.0813358 0.0215332 0.0851304 0.1020154 0.0788209 0.0801551 0.0981011 0.1042040 0.0901601 0.0187305 0.0867209 0.0856555 0.0789600 0.0977982 0.0898302 0.0852519 0.0894274 0.0875725 0.0857525 0.0953679 0.0909987 0.0802620 0.0000000 0.1054373 0.0129339 0.0974032 0.1129696 0.0916626 
Dasyuridae_Dasyurus_geffroii                 0.0897743 0.0912522 0.0794828 0.0957811 0.0960060 0.0066216 0.0878998 0.0842296 0.1039814 0.0842605 0.0324567 0.0865510 0.0868535 0.0189514 0.0079523 0.0315597 0.1004262 0.0880803 0.1130205 0.1002205 0.0124039 0.0899703 0.0803085 0.0858468 0.0894364 0.0855502 0.0994354 0.0926486 0.0869345 0.1054373 0.0000000 0.0878567 0.1008351 0.0197586 0.0925486 
Peramelidae_Perameles_gunnii                 0.0654385 0.0696786 0.0757125 0.0722831 0.0707637 0.0878978 0.0584910 0.0562017 0.0017071 0.0598155 0.0922595 0.0543638 0.0613770 0.0778209 0.0865625 0.0731741 0.0129095 0.0637822 0.0923274 0.0822275 0.0817950 0.0644358 0.0672771 0.0686426 0.0615812 0.0609557 0.0765787 0.0684540 0.0552816 0.0129339 0.0878567 0.0000000 0.0781152 0.1048114 0.0659981 
Potoroidae_Aepyprymnus_rufescens             0.0530846 0.0747420 0.0718404 0.0102160 0.0106979 0.1020009 0.0519249 0.0524813 0.1001880 0.0531022 0.0952110 0.0508606 0.0520060 0.0959174 0.0994210 0.0864995 0.0929174 0.0205952 0.1014738 0.0811713 0.0879854 0.0347529 0.0762742 0.0531526 0.0246125 0.0575464 0.0761833 0.0628699 0.0518141 0.0974032 0.1008351 0.0781152 0.0000000 0.1049938 0.0600742 
Dasyuridae_Phascogale_tapoatafa              0.0977841 0.0962657 0.0853369 0.1039829 0.1034305 0.0222658 0.0942664 0.0924493 0.1142291 0.0896921 0.0354893 0.0955877 0.0929683 0.0079380 0.0192174 0.0345037 0.1055713 0.0952884 0.1282597 0.1114855 0.0078694 0.0993754 0.0849951 0.0921069 0.0959171 0.0879642 0.1061197 0.0979350 0.0954575 0.1129696 0.0197586 0.1048114 0.1049938 0.0000000 0.0936828 
Pseudochiridae_Pseudochirulus_forbesi        0.0450916 0.0671269 0.0650916 0.0596538 0.0584969 0.0919839 0.0479367 0.0455563 0.0972051 0.0481712 0.0878154 0.0444978 0.0433338 0.0877679 0.0896095 0.0785620 0.0911283 0.0503592 0.1000069 0.0821937 0.0788489 0.0563600 0.0711556 0.0242765 0.0524581 0.0134176 0.0531002 0.0499963 0.0444864 0.0916626 0.0925486 0.0659981 0.0600742 0.0936828 0.0000000 
