35
Burramyidae_Burramys_parvus                  0.0000000 0.0487736 0.0381454 0.0441255 0.0438989 0.1128843 0.0266157 0.0341469 0.0441792 0.0857716 0.0295549 0.1156439 0.0978207 0.0324500 0.0345017 0.1113915 0.1145729 0.1178528 0.0788218 0.0483391 0.0386002 0.1038244 0.1319536 0.1112117 0.0246574 0.0658138 0.0344510 0.0391671 0.0245827 0.0557942 0.0435916 0.0302335 0.0850574 0.1177492 0.0894852 
Notoryctidae_Notoryctes_typhlops             0.0487736 0.0000000 0.0664831 0.0738817 0.0717923 0.1209523 0.0647673 0.0888328 0.0764265 0.0955750 0.0763480 0.1200881 0.1126751 0.0739746 0.0741029 0.1189965 0.1173038 0.1304725 0.0883773 0.0805509 0.0875707 0.1228015 0.1468879 0.1147931 0.0520305 0.0781260 0.0781696 0.0754549 0.0881744 0.0957154 0.0824554 0.0749793 0.0872458 0.1196979 0.0995840 
Vombatidae_Lasiorhinus_latifrons             0.0381454 0.0664831 0.0000000 0.0530266 0.0547721 0.1066129 0.0428737 0.0651510 0.0612917 0.0917062 0.0530268 0.1102099 0.0878152 0.0540880 0.0588666 0.1057730 0.1060064 0.1053219 0.0820281 0.0654312 0.0598615 0.1177322 0.1404970 0.0987891 0.0346469 0.0757664 0.0565493 0.0493779 0.0421694 0.0879955 0.0634193 0.0474457 0.0878992 0.1084153 0.0957366 
Potoroidae_Bettongia_penicillata             0.0441255 0.0738817 0.0530266 0.0000000 0.0028544 0.1213765 0.0522689 0.0820407 0.0053685 0.1030862 0.0616854 0.1248780 0.1009818 0.0697470 0.0570089 0.1220773 0.1216384 0.1237148 0.0971070 0.0145682 0.0702612 0.1216036 0.1500581 0.1147994 0.0216072 0.0817157 0.0518228 0.0091016 0.0599098 0.0773801 0.0691371 0.0655536 0.1121061 0.1241198 0.1042817 
Potoroidae_Bettongia_lesueur                 0.0438989 0.0717923 0.0547721 0.0028544 0.0000000 0.1245076 0.0562245 0.0853148 0.0059748 0.1064274 0.0648282 0.1250742 0.1000573 0.0730410 0.0632012 0.1222454 0.1247927 0.1251203 0.0982023 0.0162197 0.0714100 0.1200844 0.1486143 0.1157490 0.0221857 0.0856828 0.0575199 0.0100764 0.0637244 0.0824464 0.0731639 0.0687799 0.1125576 0.1272665 0.1073760 
Dasyuridae_Dasyurus_maculatus                0.1128843 0.1209523 0.1066129 0.1213765 0.1245076 0.0000000 0.1218787 0.1329123 0.1273589 0.1601586 0.1275090 0.0103258 0.0141182 0.1274835 0.1293095 0.0100754 0.0035404 0.0245776 0.1434877 0.1188353 0.1284891 0.1545786 0.1507683 0.0089387 0.1082406 0.1101093 0.1292329 0.1191368 0.1414849 0.1496111 0.1364671 0.1233379 0.1627306 0.0026867 0.1477960 
Phalangeridae_Trichosurus_vulpecula          0.0266157 0.0647673 0.0428737 0.0522689 0.0562245 0.1218787 0.0000000 0.0125574 0.0530083 0.1084008 0.0106300 0.1277452 0.1106640 0.0105787 0.0337435 0.1246471 0.1233649 0.1313122 0.0969660 0.0563170 0.0415958 0.0981162 0.1238233 0.1197744 0.0314567 0.0735674 0.0369123 0.0469232 0.0266449 0.0682273 0.0544943 0.0097936 0.1041441 0.1236980 0.1052801 
Phalangeridae_Spilocuscus_maculatus          0.0341469 0.0888328 0.0651510 0.0820407 0.0853148 0.1329123 0.0125574 0.0000000 0.0817242 0.1183590 0.0061079 0.1378447 0.1169842 0.0055720 0.0507996 0.1382452 0.1339683 0.1463888 0.1162800 0.0888294 0.0493343 0.1170133 0.1300243 0.1329129 0.0492356 0.1022202 0.0564558 0.0774702 0.0318603 0.0920026 0.0689716 0.0055415 0.1167891 0.1296615 0.1208701 
Potoroidae_Aepyprymnus_rufescens             0.0441792 0.0764265 0.0612917 0.0053685 0.0059748 0.1273589 0.0530083 0.0817242 0.0000000 0.1089962 0.0615245 0.1303700 0.1057682 0.0690463 0.0641625 0.1256781 0.1268771 0.1318845 0.0971129 0.0154604 0.0696824 0.1225660 0.1488056 0.1215857 0.0216525 0.0865496 0.0565501 0.0097030 0.0594068 0.0777922 0.0694404 0.0647140 0.1150728 0.1301495 0.1061127 
Peramelidae_Perameles_nasuta                 0.0857716 0.0955750 0.0917062 0.1030862 0.1064274 0.1601586 0.1084008 0.1183590 0.1089962 0.0000000 0.1064022 0.1588696 0.1514065 0.1072496 0.1069099 0.1677696 0.1616052 0.1801160 0.0042355 0.1285307 0.1189337 0.1456976 0.1999185 0.1517483 0.0927273 0.1212328 0.1055299 0.0995786 0.1076851 0.1149359 0.1057817 0.1085991 0.0061511 0.1578924 0.0000010 
Phalangeridae_Strigocuscus_pelengensis       0.0295549 0.0763480 0.0530268 0.0616854 0.0648282 0.1275090 0.0106300 0.0061079 0.0615245 0.1064022 0.0000000 0.1290063 0.1118126 0.0058645 0.0434889 0.1285235 0.1292579 0.1356729 0.0968226 0.0645595 0.0485762 0.1217602 0.1300794 0.1219368 0.0437173 0.0835369 0.0448941 0.0565229 0.0272317 0.0727439 0.0577514 0.0050585 0.1026112 0.1262467 0.1031015 
Dasyuridae_Phascogale_tapoatafa              0.1156439 0.1200881 0.1102099 0.1248780 0.1250742 0.0103258 0.1277452 0.1378447 0.1303700 0.1588696 0.1290063 0.0000000 0.0118536 0.1287601 0.1361895 0.0027301 0.0103472 0.0217306 0.1425994 0.1224968 0.1332771 0.1549407 0.1572377 0.0057263 0.1060747 0.1217015 0.1341000 0.1258121 0.1432683 0.1521405 0.1298402 0.1265604 0.1642898 0.0101416 0.1446575 
Dasyuridae_Sminthopsis_macroura              0.0978207 0.1126751 0.0878152 0.1009818 0.1000573 0.0141182 0.1106640 0.1169842 0.1057682 0.1514065 0.1118126 0.0118536 0.0000000 0.1123190 0.1220690 0.0121067 0.0150693 0.0121915 0.1285646 0.0982883 0.1159336 0.1458521 0.1458260 0.0103628 0.0883896 0.1110810 0.1164913 0.1006210 0.1227992 0.1379858 0.1198821 0.1092846 0.1521378 0.0148010 0.1330179 
Phalangeridae_Phalanger_orientalis           0.0324500 0.0739746 0.0540880 0.0697470 0.0730410 0.1274835 0.0105787 0.0055720 0.0690463 0.1072496 0.0058645 0.1287601 0.1123190 0.0000000 0.0428498 0.1297825 0.1280388 0.1402617 0.1001848 0.0678339 0.0564772 0.1223999 0.1291807 0.1236050 0.0406451 0.0857232 0.0516792 0.0641955 0.0304328 0.0747246 0.0605970 0.0015357 0.1027047 0.1272972 0.1096276 
Acrobatidae_Acrobates_pygmaeus               0.0345017 0.0741029 0.0588666 0.0570089 0.0632012 0.1293095 0.0337435 0.0507996 0.0641625 0.1069099 0.0434889 0.1361895 0.1220690 0.0428498 0.0000000 0.1329827 0.1277015 0.1461157 0.0975833 0.0725647 0.0519959 0.1197718 0.1471252 0.1324739 0.0383450 0.0848711 0.0464739 0.0586460 0.0378080 0.0671199 0.0208418 0.0398030 0.1083448 0.1270450 0.1049132 
Dasyuridae_Phascogale_calura                 0.1113915 0.1189965 0.1057730 0.1220773 0.1222454 0.0100754 0.1246471 0.1382452 0.1256781 0.1677696 0.1285235 0.0027301 0.0121067 0.1297825 0.1329827 0.0000000 0.0113382 0.0220355 0.1457596 0.1143879 0.1279592 0.1567382 0.1503878 0.0059196 0.1057821 0.1159255 0.1320667 0.1218283 0.1450904 0.1537937 0.1339968 0.1255255 0.1704238 0.0108691 0.1500575 
Dasyuridae_Sarcophilus_harrisii              0.1145729 0.1173038 0.1060064 0.1216384 0.1247927 0.0035404 0.1233649 0.1339683 0.1268771 0.1616052 0.1292579 0.0103472 0.0150693 0.1280388 0.1277015 0.0113382 0.0000000 0.0262597 0.1450310 0.1212602 0.1299160 0.1551170 0.1548491 0.0089778 0.1063656 0.1156438 0.1276012 0.1245052 0.1446380 0.1472671 0.1299553 0.1238578 0.1683706 0.0030331 0.1493398 
Dasyuridae_Planigale_tenuirostris            0.1178528 0.1304725 0.1053219 0.1237148 0.1251203 0.0245776 0.1313122 0.1463888 0.1318845 0.1801160 0.1356729 0.0217306 0.0121915 0.1402617 0.1461157 0.0220355 0.0262597 0.0000000 0.1533266 0.1242648 0.1398810 0.1672309 0.1788000 0.0187378 0.1143180 0.1424432 0.1332064 0.1208302 0.1532569 0.1592887 0.1348382 0.1355536 0.1811052 0.0248592 0.1550613 
Peramelidae_Echymipera_kalubu                0.0788218 0.0883773 0.0820281 0.0971070 0.0982023 0.1434877 0.0969660 0.1162800 0.0971129 0.0042355 0.0968226 0.1425994 0.1285646 0.1001848 0.0975833 0.1457596 0.1450310 0.1533266 0.0000000 0.1121883 0.1114166 0.1413136 0.1777918 0.1352233 0.0788109 0.0983000 0.1009407 0.0933330 0.1000626 0.1137403 0.1054914 0.0992995 0.0031129 0.1433126 0.0069212 
Macropodidae_Dorcopsulus_vanheurni           0.0483391 0.0805509 0.0654312 0.0145682 0.0162197 0.1188353 0.0563170 0.0888294 0.0154604 0.1285307 0.0645595 0.1224968 0.0982883 0.0678339 0.0725647 0.1143879 0.1212602 0.1242648 0.1121883 0.0000000 0.0768287 0.1347802 0.1496948 0.1094155 0.0276727 0.0884828 0.0684771 0.0094128 0.0747880 0.0952436 0.0884439 0.0647159 0.1330555 0.1247307 0.1190704 
Pseudochiridae_Pseudochirulus_forbesi        0.0386002 0.0875707 0.0598615 0.0702612 0.0714100 0.1284891 0.0415958 0.0493343 0.0696824 0.1189337 0.0485762 0.1332771 0.1159336 0.0564772 0.0519959 0.1279592 0.1299160 0.1398810 0.1114166 0.0768287 0.0000000 0.1344518 0.1460661 0.1272512 0.0490165 0.0950740 0.0278092 0.0708894 0.0112020 0.0594056 0.0639230 0.0545501 0.1190677 0.1271987 0.1216305 
Didelphidae_Didelphis_virginiana             0.1038244 0.1228015 0.1177322 0.1216036 0.1200844 0.1545786 0.0981162 0.1170133 0.1225660 0.1456976 0.1217602 0.1549407 0.1458521 0.1223999 0.1197718 0.1567382 0.1551170 0.1672309 0.1413136 0.1347802 0.1344518 0.0000000 0.0325076 0.1530692 0.1121240 0.1233111 0.1302379 0.1270943 0.1246351 0.1379748 0.1306428 0.1183713 0.1409457 0.1584451 0.1478133 
Marmosidae_Monodelphis_domestica             0.1319536 0.1468879 0.1404970 0.1500581 0.1486143 0.1507683 0.1238233 0.1300243 0.1488056 0.1999185 0.1300794 0.1572377 0.1458260 0.1291807 0.1471252 0.1503878 0.1548491 0.1788000 0.1777918 0.1496948 0.1460661 0.0325076 0.0000000 0.1476566 0.1269321 0.1428560 0.1570775 0.1536356 0.1563587 0.1624684 0.1581503 0.1250303 0.1978481 0.1526124 0.1860281 
Dasyuridae_Antechinus_stuartii               0.1112117 0.1147931 0.0987891 0.1147994 0.1157490 0.0089387 0.1197744 0.1329129 0.1215857 0.1517483 0.1219368 0.0057263 0.0103628 0.1236050 0.1324739 0.0059196 0.0089778 0.0187378 0.1352233 0.1094155 0.1272512 0.1530692 0.1476566 0.0000000 0.1018901 0.1146533 0.1264186 0.1147805 0.1419146 0.1481883 0.1283884 0.1195225 0.1588128 0.0087617 0.1385123 
Hypsiprymnodontidae_Hypsiprymnodon_moschatus 0.0246574 0.0520305 0.0346469 0.0216072 0.0221857 0.1082406 0.0314567 0.0492356 0.0216525 0.0927273 0.0437173 0.1060747 0.0883896 0.0406451 0.0383450 0.1057821 0.1063656 0.1143180 0.0788109 0.0276727 0.0490165 0.1121240 0.1269321 0.1018901 0.0000000 0.0684909 0.0339560 0.0201381 0.0372576 0.0611673 0.0451151 0.0408286 0.0909676 0.1090142 0.0901993 
Microbiotheriidae_Dromiciops_gliroides       0.0658138 0.0781260 0.0757664 0.0817157 0.0856828 0.1101093 0.0735674 0.1022202 0.0865496 0.1212328 0.0835369 0.1217015 0.1110810 0.0857232 0.0848711 0.1159255 0.1156438 0.1424432 0.0983000 0.0884828 0.0950740 0.1233111 0.1428560 0.1146533 0.0684909 0.0000000 0.0837207 0.0829482 0.0761266 0.1077292 0.1044430 0.0815402 0.1151451 0.1116774 0.1086273 
Pseudochiridae_Petauroides_volans            0.0344510 0.0781696 0.0565493 0.0518228 0.0575199 0.1292329 0.0369123 0.0564558 0.0565501 0.1055299 0.0448941 0.1341000 0.1164913 0.0516792 0.0464739 0.1320667 0.1276012 0.1332064 0.1009407 0.0684771 0.0278092 0.1302379 0.1570775 0.1264186 0.0339560 0.0837207 0.0000000 0.0588663 0.0190362 0.0494697 0.0524385 0.0482315 0.1077096 0.1290491 0.1121040 
Macropodidae_Wallabia_bicolor                0.0391671 0.0754549 0.0493779 0.0091016 0.0100764 0.1191368 0.0469232 0.0774702 0.0097030 0.0995786 0.0565229 0.1258121 0.1006210 0.0641955 0.0586460 0.1218283 0.1245052 0.1208302 0.0933330 0.0094128 0.0708894 0.1270943 0.1536356 0.1147805 0.0201381 0.0829482 0.0588663 0.0000000 0.0470030 0.0822454 0.0722127 0.0600598 0.1048937 0.1240124 0.1016288 
Pseudochiridae_Pseudocheirus_occidentalis    0.0245827 0.0881744 0.0421694 0.0599098 0.0637244 0.1414849 0.0266449 0.0318603 0.0594068 0.1076851 0.0272317 0.1432683 0.1227992 0.0304328 0.0378080 0.1450904 0.1446380 0.1532569 0.1000626 0.0747880 0.0112020 0.1246351 0.1563587 0.1419146 0.0372576 0.0761266 0.0190362 0.0470030 0.0000000 0.0508170 0.0385435 0.0299654 0.1145633 0.1391774 0.1092767 
Tarsipedidae_Tarsipes_rostratus              0.0557942 0.0957154 0.0879955 0.0773801 0.0824464 0.1496111 0.0682273 0.0920026 0.0777922 0.1149359 0.0727439 0.1521405 0.1379858 0.0747246 0.0671199 0.1537937 0.1472671 0.1592887 0.1137403 0.0952436 0.0594056 0.1379748 0.1624684 0.1481883 0.0611673 0.1077292 0.0494697 0.0822454 0.0508170 0.0000000 0.0791295 0.0725856 0.1219927 0.1464784 0.1193554 
Acrobatidae_Distoechurus_pennatus            0.0435916 0.0824554 0.0634193 0.0691371 0.0731639 0.1364671 0.0544943 0.0689716 0.0694404 0.1057817 0.0577514 0.1298402 0.1198821 0.0605970 0.0208418 0.1339968 0.1299553 0.1348382 0.1054914 0.0884439 0.0639230 0.1306428 0.1581503 0.1283884 0.0451151 0.1044430 0.0524385 0.0722127 0.0385435 0.0791295 0.0000000 0.0565408 0.1061743 0.1352701 0.1108207 
Phalangeridae_Phalanger_carmelitae           0.0302335 0.0749793 0.0474457 0.0655536 0.0687799 0.1233379 0.0097936 0.0055415 0.0647140 0.1085991 0.0050585 0.1265604 0.1092846 0.0015357 0.0398030 0.1255255 0.1238578 0.1355536 0.0992995 0.0647159 0.0545501 0.1183713 0.1250303 0.1195225 0.0408286 0.0815402 0.0482315 0.0600598 0.0299654 0.0725856 0.0565408 0.0000000 0.1042705 0.1231369 0.1076668 
Peramelidae_Peroryctes_raffrayana            0.0850574 0.0872458 0.0878992 0.1121061 0.1125576 0.1627306 0.1041441 0.1167891 0.1150728 0.0061511 0.1026112 0.1642898 0.1521378 0.1027047 0.1083448 0.1704238 0.1683706 0.1811052 0.0031129 0.1330555 0.1190677 0.1409457 0.1978481 0.1588128 0.0909676 0.1151451 0.1077096 0.1048937 0.1145633 0.1219927 0.1061743 0.1042705 0.0000000 0.1633147 0.0061620 
Dasyuridae_Dasyurus_geffroii                 0.1177492 0.1196979 0.1084153 0.1241198 0.1272665 0.0026867 0.1236980 0.1296615 0.1301495 0.1578924 0.1262467 0.0101416 0.0148010 0.1272972 0.1270450 0.0108691 0.0030331 0.0248592 0.1433126 0.1247307 0.1271987 0.1584451 0.1526124 0.0087617 0.1090142 0.1116774 0.1290491 0.1240124 0.1391774 0.1464784 0.1352701 0.1231369 0.1633147 0.0000000 0.1476273 
Peramelidae_Perameles_gunnii                 0.0894852 0.0995840 0.0957366 0.1042817 0.1073760 0.1477960 0.1052801 0.1208701 0.1061127 0.0000010 0.1031015 0.1446575 0.1330179 0.1096276 0.1049132 0.1500575 0.1493398 0.1550613 0.0069212 0.1190704 0.1216305 0.1478133 0.1860281 0.1385123 0.0901993 0.1086273 0.1121040 0.1016288 0.1092767 0.1193554 0.1108207 0.1076668 0.0061620 0.1476273 0.0000000 
