35
Burramyidae_Burramys_parvus                  0.0000000 0.0915175 0.0750289 0.0617868 0.0648196 0.1146914 0.0698942 0.0746263 0.0651495 0.1157697 0.0693201 0.1152303 0.1213247 0.0730748 0.0610482 0.1149378 0.1184425 0.1149131 0.1112756 0.0658442 0.0665472 0.0615120 0.1302161 0.1143012 0.0606649 0.0962613 0.0652709 0.0616380 0.0553732 0.0766804 0.0700276 0.0697723 0.1150658 0.1167188 0.1169872 
Notoryctidae_Notoryctes_typhlops             0.0915175 0.0000000 0.0995571 0.1082271 0.1130069 0.1187505 0.1142877 0.1157362 0.1135263 0.1300555 0.1133957 0.1224753 0.1378954 0.1181459 0.0911493 0.1234837 0.1229641 0.1290071 0.1232880 0.1152407 0.1049360 0.0707731 0.1412025 0.1219774 0.1134656 0.1073950 0.1086866 0.1123452 0.0920539 0.1168687 0.1018315 0.1144856 0.1236883 0.1222643 0.1300004 
Vombatidae_Lasiorhinus_latifrons             0.0750289 0.0995571 0.0000000 0.0926466 0.0962047 0.1259261 0.0940184 0.1005116 0.0981022 0.1231767 0.0966608 0.1266600 0.1353236 0.1006443 0.0799989 0.1278302 0.1265764 0.1304977 0.1141508 0.0948812 0.0889059 0.0758345 0.1410257 0.1290839 0.0862395 0.0979810 0.0896778 0.0902696 0.0790772 0.0962380 0.0926028 0.0964613 0.1152394 0.1259455 0.1239444 
Potoroidae_Bettongia_penicillata             0.0617868 0.1082271 0.0926466 0.0000000 0.0019802 0.1361581 0.0818584 0.0870038 0.0073184 0.1262701 0.0808549 0.1378223 0.1427470 0.0831049 0.0786687 0.1389018 0.1362285 0.1295472 0.1248800 0.0213312 0.0850143 0.0789853 0.1399290 0.1367438 0.0353392 0.1064537 0.0855967 0.0192200 0.0790417 0.0991363 0.0874863 0.0811447 0.1280810 0.1349949 0.1284953 
Potoroidae_Bettongia_lesueur                 0.0648196 0.1130069 0.0962047 0.0019802 0.0000000 0.1398251 0.0930569 0.1015042 0.0088337 0.1293705 0.0934653 0.1413992 0.1443031 0.0968752 0.0815106 0.1423807 0.1416336 0.1345350 0.1293698 0.0274950 0.0930023 0.0788986 0.1509542 0.1402539 0.0408863 0.1135557 0.0954830 0.0221254 0.0825926 0.1007584 0.0914004 0.0945188 0.1315783 0.1393871 0.1317811 
Dasyuridae_Dasyurus_maculatus                0.1146914 0.1187505 0.1259261 0.1361581 0.1398251 0.0000000 0.1371396 0.1379168 0.1409552 0.1456923 0.1316278 0.0157936 0.0354136 0.1416870 0.1196993 0.0157859 0.0065787 0.0354921 0.1389371 0.1411185 0.1359690 0.0798089 0.1638920 0.0164325 0.1378239 0.1217550 0.1332823 0.1413698 0.1225458 0.1266125 0.1347981 0.1366600 0.1426731 0.0046872 0.1457775 
Phalangeridae_Trichosurus_vulpecula          0.0698942 0.1142877 0.0940184 0.0818584 0.0930569 0.1371396 0.0000000 0.0252591 0.0952649 0.1373331 0.0221996 0.1400748 0.1452172 0.0252663 0.0809373 0.1401477 0.1405183 0.1368967 0.1328666 0.0925267 0.0893614 0.0796661 0.1548380 0.1393193 0.0831448 0.1086954 0.0739564 0.0898900 0.0774841 0.0911111 0.0909564 0.0223840 0.1371511 0.1386151 0.1388489 
Phalangeridae_Spilocuscus_maculatus          0.0746263 0.1157362 0.1005116 0.0870038 0.1015042 0.1379168 0.0252591 0.0000000 0.1008948 0.1456131 0.0099796 0.1415317 0.1510841 0.0116058 0.0849623 0.1420618 0.1427060 0.1392142 0.1408062 0.1022765 0.0899301 0.0797867 0.1557392 0.1424678 0.0907285 0.1147092 0.0783807 0.0994140 0.0810143 0.0969123 0.0996135 0.0091806 0.1417745 0.1393201 0.1466559 
Potoroidae_Aepyprymnus_rufescens             0.0651495 0.1135263 0.0981022 0.0073184 0.0088337 0.1409552 0.0952649 0.1008948 0.0000000 0.1305713 0.0962589 0.1410868 0.1429974 0.0987050 0.0801249 0.1420652 0.1417809 0.1345436 0.1313804 0.0265462 0.0923838 0.0796813 0.1509779 0.1399924 0.0423734 0.1158487 0.0960445 0.0223499 0.0827543 0.1007908 0.0912109 0.0951302 0.1344782 0.1395421 0.1329830 
Peramelidae_Perameles_nasuta                 0.1157697 0.1300555 0.1231767 0.1262701 0.1293705 0.1456923 0.1373331 0.1456131 0.1305713 0.0000000 0.1379198 0.1462462 0.1447451 0.1439133 0.1193150 0.1465573 0.1468278 0.1422135 0.0254240 0.1275033 0.1292305 0.0831851 0.1660029 0.1466687 0.1262052 0.1282631 0.1287233 0.1262577 0.1199553 0.1275397 0.1289333 0.1412369 0.0255442 0.1457466 0.0006218 
Phalangeridae_Strigocuscus_pelengensis       0.0693201 0.1133957 0.0966608 0.0808549 0.0934653 0.1316278 0.0221996 0.0099796 0.0962589 0.1379198 0.0000000 0.1356459 0.1444332 0.0097657 0.0784338 0.1352616 0.1355623 0.1343867 0.1324481 0.0952586 0.0834182 0.0769133 0.1486594 0.1361170 0.0860126 0.1097735 0.0723175 0.0921668 0.0731863 0.0920259 0.0916626 0.0082326 0.1337466 0.1336219 0.1387696 
Dasyuridae_Phascogale_tapoatafa              0.1152303 0.1224753 0.1266600 0.1378223 0.1413992 0.0157936 0.1400748 0.1415317 0.1410868 0.1462462 0.1356459 0.0000000 0.0358712 0.1453527 0.1223650 0.0020572 0.0172943 0.0363878 0.1403235 0.1454416 0.1371874 0.0804115 0.1650602 0.0086331 0.1366005 0.1258766 0.1340159 0.1405596 0.1227427 0.1327146 0.1365646 0.1407248 0.1428405 0.0172851 0.1463289 
Dasyuridae_Sminthopsis_macroura              0.1213247 0.1378954 0.1353236 0.1427470 0.1443031 0.0354136 0.1452172 0.1510841 0.1429974 0.1447451 0.1444332 0.0358712 0.0000000 0.1537730 0.1280484 0.0357693 0.0382707 0.0202039 0.1510983 0.1461940 0.1411527 0.1041812 0.1830198 0.0347931 0.1401037 0.1401383 0.1428886 0.1428826 0.1281513 0.1310624 0.1383579 0.1486659 0.1526825 0.0367083 0.1449224 
Phalangeridae_Phalanger_orientalis           0.0730748 0.1181459 0.1006443 0.0831049 0.0968752 0.1416870 0.0252663 0.0116058 0.0987050 0.1439133 0.0097657 0.1453527 0.1537730 0.0000000 0.0853732 0.1458570 0.1442092 0.1388522 0.1385543 0.0993084 0.0893524 0.0798420 0.1499940 0.1451493 0.0870193 0.1148486 0.0762818 0.0956746 0.0786009 0.0955454 0.0955951 0.0027252 0.1412261 0.1417896 0.1450787 
Acrobatidae_Acrobates_pygmaeus               0.0610482 0.0911493 0.0799989 0.0786687 0.0815106 0.1196993 0.0809373 0.0849623 0.0801249 0.1193150 0.0784338 0.1223650 0.1280484 0.0853732 0.0000000 0.1224659 0.1224773 0.1220343 0.1168137 0.0827585 0.0661777 0.0656513 0.1393289 0.1218627 0.0715371 0.0929059 0.0649251 0.0783193 0.0557019 0.0777512 0.0304307 0.0818427 0.1183071 0.1233976 0.1205604 
Dasyuridae_Phascogale_calura                 0.1149378 0.1234837 0.1278302 0.1389018 0.1423807 0.0157859 0.1401477 0.1420618 0.1420652 0.1465573 0.1352616 0.0020572 0.0357693 0.1458570 0.1224659 0.0000000 0.0183345 0.0359179 0.1410935 0.1464267 0.1359155 0.0817959 0.1661357 0.0084070 0.1385250 0.1255397 0.1336497 0.1415415 0.1224248 0.1323261 0.1357289 0.1407963 0.1434306 0.0177980 0.1471046 
Dasyuridae_Sarcophilus_harrisii              0.1184425 0.1229641 0.1265764 0.1362285 0.1416336 0.0065787 0.1405183 0.1427060 0.1417809 0.1468278 0.1355623 0.0172943 0.0382707 0.1442092 0.1224773 0.0183345 0.0000000 0.0361159 0.1399893 0.1433762 0.1361890 0.0812936 0.1674258 0.0182682 0.1392565 0.1248843 0.1354899 0.1424712 0.1239651 0.1272725 0.1357155 0.1395816 0.1446810 0.0053962 0.1469081 
Dasyuridae_Planigale_tenuirostris            0.1149131 0.1290071 0.1304977 0.1295472 0.1345350 0.0354921 0.1368967 0.1392142 0.1345436 0.1422135 0.1343867 0.0363878 0.0202039 0.1388522 0.1220343 0.0359179 0.0361159 0.0000000 0.1469695 0.1386771 0.1348502 0.0862597 0.1770411 0.0360622 0.1318266 0.1283036 0.1313662 0.1337177 0.1235645 0.1171164 0.1299760 0.1357162 0.1505090 0.0343648 0.1430896 
Peramelidae_Echymipera_kalubu                0.1112756 0.1232880 0.1141508 0.1248800 0.1293698 0.1389371 0.1328666 0.1408062 0.1313804 0.0254240 0.1324481 0.1403235 0.1510983 0.1385543 0.1168137 0.1410935 0.1399893 0.1469695 0.0000000 0.1266032 0.1257867 0.0748570 0.1555923 0.1396978 0.1262921 0.1158069 0.1263716 0.1269433 0.1184090 0.1298025 0.1296571 0.1348968 0.0141585 0.1385974 0.0243722 
Macropodidae_Dorcopsulus_vanheurni           0.0658442 0.1152407 0.0948812 0.0213312 0.0274950 0.1411185 0.0925267 0.1022765 0.0265462 0.1275033 0.0952586 0.1454416 0.1461940 0.0993084 0.0827585 0.1464267 0.1433762 0.1386771 0.1266032 0.0000000 0.0899231 0.0773465 0.1574638 0.1435148 0.0427429 0.1146501 0.0957897 0.0101553 0.0837370 0.0958423 0.0935492 0.0956417 0.1302567 0.1413846 0.1288293 
Pseudochiridae_Pseudochirulus_forbesi        0.0665472 0.1049360 0.0889059 0.0850143 0.0930023 0.1359690 0.0893614 0.0899301 0.0923838 0.1292305 0.0834182 0.1371874 0.1411527 0.0893524 0.0661777 0.1359155 0.1361890 0.1348502 0.1257867 0.0899231 0.0000000 0.0728653 0.1417751 0.1341241 0.0826431 0.0987549 0.0360135 0.0871031 0.0166252 0.0724748 0.0779545 0.0858432 0.1273592 0.1367639 0.1317140 
Didelphidae_Didelphis_virginiana             0.0615120 0.0707731 0.0758345 0.0789853 0.0788986 0.0798089 0.0796661 0.0797867 0.0796813 0.0831851 0.0769133 0.0804115 0.1041812 0.0798420 0.0656513 0.0817959 0.0812936 0.0862597 0.0748570 0.0773465 0.0728653 0.0000000 0.0209464 0.0842204 0.0731391 0.0789099 0.0756832 0.0763223 0.0633393 0.0881361 0.0756250 0.0787901 0.0808315 0.0817578 0.0861495 
Marmosidae_Monodelphis_domestica             0.1302161 0.1412025 0.1410257 0.1399290 0.1509542 0.1638920 0.1548380 0.1557392 0.1509779 0.1660029 0.1486594 0.1650602 0.1830198 0.1499940 0.1393289 0.1661357 0.1674258 0.1770411 0.1555923 0.1574638 0.1417751 0.0209464 0.0000000 0.1691055 0.1471875 0.1414967 0.1456434 0.1505309 0.1334254 0.1484210 0.1504997 0.1459016 0.1626306 0.1661533 0.1688946 
Dasyuridae_Antechinus_stuartii               0.1143012 0.1219774 0.1290839 0.1367438 0.1402539 0.0164325 0.1393193 0.1424678 0.1399924 0.1466687 0.1361170 0.0086331 0.0347931 0.1451493 0.1218627 0.0084070 0.0182682 0.0360622 0.1396978 0.1435148 0.1341241 0.0842204 0.1691055 0.0000000 0.1359708 0.1265479 0.1321493 0.1382270 0.1206375 0.1305178 0.1339372 0.1402581 0.1441726 0.0184858 0.1464571 
Hypsiprymnodontidae_Hypsiprymnodon_moschatus 0.0606649 0.1134656 0.0862395 0.0353392 0.0408863 0.1378239 0.0831448 0.0907285 0.0423734 0.1262052 0.0860126 0.1366005 0.1401037 0.0870193 0.0715371 0.1385250 0.1392565 0.1318266 0.1262921 0.0427429 0.0826431 0.0731391 0.1471875 0.1359708 0.0000000 0.1090453 0.0859993 0.0408589 0.0729566 0.0907056 0.0810058 0.0839045 0.1261968 0.1403169 0.1268720 
Microbiotheriidae_Dromiciops_gliroides       0.0962613 0.1073950 0.0979810 0.1064537 0.1135557 0.1217550 0.1086954 0.1147092 0.1158487 0.1282631 0.1097735 0.1258766 0.1401383 0.1148486 0.0929059 0.1255397 0.1248843 0.1283036 0.1158069 0.1146501 0.0987549 0.0789099 0.1414967 0.1265479 0.1090453 0.0000000 0.1065223 0.1132227 0.0942313 0.1120336 0.1056837 0.1118840 0.1194155 0.1232618 0.1284529 
Pseudochiridae_Petauroides_volans            0.0652709 0.1086866 0.0896778 0.0855967 0.0954830 0.1332823 0.0739564 0.0783807 0.0960445 0.1287233 0.0723175 0.1340159 0.1428886 0.0762818 0.0649251 0.1336497 0.1354899 0.1313662 0.1263716 0.0957897 0.0360135 0.0756832 0.1456434 0.1321493 0.0859993 0.1065223 0.0000000 0.0911229 0.0280572 0.0704952 0.0776384 0.0737672 0.1276396 0.1366638 0.1305232 
Macropodidae_Wallabia_bicolor                0.0616380 0.1123452 0.0902696 0.0192200 0.0221254 0.1413698 0.0898900 0.0994140 0.0223499 0.1262577 0.0921668 0.1405596 0.1428826 0.0956746 0.0783193 0.1415415 0.1424712 0.1337177 0.1269433 0.0101553 0.0871031 0.0763223 0.1505309 0.1382270 0.0408589 0.1132227 0.0911229 0.0000000 0.0784371 0.0957969 0.0869582 0.0928425 0.1292744 0.1404927 0.1283428 
Pseudochiridae_Pseudocheirus_occidentalis    0.0553732 0.0920539 0.0790772 0.0790417 0.0825926 0.1225458 0.0774841 0.0810143 0.0827543 0.1199553 0.0731863 0.1227427 0.1281513 0.0786009 0.0557019 0.1224248 0.1239651 0.1235645 0.1184090 0.0837370 0.0166252 0.0633393 0.1334254 0.1206375 0.0729566 0.0942313 0.0280572 0.0784371 0.0000000 0.0709932 0.0669117 0.0771912 0.1194341 0.1254340 0.1226329 
Tarsipedidae_Tarsipes_rostratus              0.0766804 0.1168687 0.0962380 0.0991363 0.1007584 0.1266125 0.0911111 0.0969123 0.1007908 0.1275397 0.0920259 0.1327146 0.1310624 0.0955454 0.0777512 0.1323261 0.1272725 0.1171164 0.1298025 0.0958423 0.0724748 0.0881361 0.1484210 0.1305178 0.0907056 0.1120336 0.0704952 0.0957969 0.0709932 0.0000000 0.0896374 0.0906618 0.1351529 0.1266183 0.1279300 
Acrobatidae_Distoechurus_pennatus            0.0700276 0.1018315 0.0926028 0.0874863 0.0914004 0.1347981 0.0909564 0.0996135 0.0912109 0.1289333 0.0916626 0.1365646 0.1383579 0.0955951 0.0304307 0.1357289 0.1357155 0.1299760 0.1296571 0.0935492 0.0779545 0.0756250 0.1504997 0.1339372 0.0810058 0.1056837 0.0776384 0.0869582 0.0669117 0.0896374 0.0000000 0.0930733 0.1290635 0.1357543 0.1299995 
Phalangeridae_Phalanger_carmelitae           0.0697723 0.1144856 0.0964613 0.0811447 0.0945188 0.1366600 0.0223840 0.0091806 0.0951302 0.1412369 0.0082326 0.1407248 0.1486659 0.0027252 0.0818427 0.1407963 0.1395816 0.1357162 0.1348968 0.0956417 0.0858432 0.0787901 0.1459016 0.1402581 0.0839045 0.1118840 0.0737672 0.0928425 0.0771912 0.0906618 0.0930733 0.0000000 0.1376807 0.1367651 0.1422873 
Peramelidae_Peroryctes_raffrayana            0.1150658 0.1236883 0.1152394 0.1280810 0.1315783 0.1426731 0.1371511 0.1417745 0.1344782 0.0255442 0.1337466 0.1428405 0.1526825 0.1412261 0.1183071 0.1434306 0.1446810 0.1505090 0.0141585 0.1302567 0.1273592 0.0808315 0.1626306 0.1441726 0.1261968 0.1194155 0.1276396 0.1292744 0.1194341 0.1351529 0.1290635 0.1376807 0.0000000 0.1441433 0.0242361 
Dasyuridae_Dasyurus_geffroii                 0.1167188 0.1222643 0.1259455 0.1349949 0.1393871 0.0046872 0.1386151 0.1393201 0.1395421 0.1457466 0.1336219 0.0172851 0.0367083 0.1417896 0.1233976 0.0177980 0.0053962 0.0343648 0.1385974 0.1413846 0.1367639 0.0817578 0.1661533 0.0184858 0.1403169 0.1232618 0.1366638 0.1404927 0.1254340 0.1266183 0.1357543 0.1367651 0.1441433 0.0000000 0.1458315 
Peramelidae_Perameles_gunnii                 0.1169872 0.1300004 0.1239444 0.1284953 0.1317811 0.1457775 0.1388489 0.1466559 0.1329830 0.0006218 0.1387696 0.1463289 0.1449224 0.1450787 0.1205604 0.1471046 0.1469081 0.1430896 0.0243722 0.1288293 0.1317140 0.0861495 0.1688946 0.1464571 0.1268720 0.1284529 0.1305232 0.1283428 0.1226329 0.1279300 0.1299995 0.1422873 0.0242361 0.1458315 0.0000000 
