35
Burramyidae_Burramys_parvus                  0.0000000 0.0935286 0.0853445 0.0759335 0.0781303 0.1031092 0.0528378 0.0590215 0.0711826 0.1185203 0.0604013 0.1053985 0.1041650 0.0596385 0.0642047 0.1049311 0.1004582 0.1059543 0.1200531 0.0701479 0.0748647 0.1242139 0.1199797 0.1006821 0.0697477 0.1047042 0.0671310 0.0684572 0.0725079 0.0879327 0.0660580 0.0599389 0.1118117 0.1018773 0.1164426 
Notoryctidae_Notoryctes_typhlops             0.0935286 0.0000000 0.0958975 0.0924251 0.0943927 0.1023525 0.0815055 0.0825397 0.0887964 0.1048529 0.0834169 0.1020733 0.0961815 0.0840974 0.0875217 0.1012441 0.1001276 0.0968050 0.1087825 0.0910183 0.0946722 0.1292101 0.1209852 0.0983626 0.0896340 0.1087131 0.0898601 0.0902750 0.0914562 0.1105582 0.0873709 0.0848233 0.0995826 0.1014152 0.1061297 
Vombatidae_Lasiorhinus_latifrons             0.0853445 0.0958975 0.0000000 0.0752584 0.0774885 0.1011782 0.0626805 0.0685865 0.0722307 0.1045717 0.0706595 0.1012358 0.0984114 0.0683378 0.0752746 0.0993723 0.0975141 0.0969452 0.1061797 0.0730491 0.0808685 0.1224437 0.1205480 0.0982598 0.0701228 0.0955583 0.0732971 0.0719624 0.0806771 0.0955540 0.0726516 0.0689295 0.0998264 0.0999644 0.1036505 
Potoroidae_Bettongia_penicillata             0.0759335 0.0924251 0.0752584 0.0000000 0.0064083 0.0949794 0.0533221 0.0581859 0.0113648 0.1098582 0.0602031 0.0979759 0.0931701 0.0603249 0.0591170 0.0953547 0.0936199 0.0928655 0.1137632 0.0190466 0.0657031 0.1207845 0.1154896 0.0931750 0.0335975 0.1007332 0.0583100 0.0188427 0.0624377 0.0838142 0.0585499 0.0613740 0.1044119 0.0934523 0.1090149 
Potoroidae_Bettongia_lesueur                 0.0781303 0.0943927 0.0774885 0.0064083 0.0000000 0.0965688 0.0546572 0.0587605 0.0116363 0.1135234 0.0614192 0.0995859 0.0951532 0.0602964 0.0601797 0.0962413 0.0952040 0.0948970 0.1163103 0.0209925 0.0684628 0.1236895 0.1156524 0.0947606 0.0341900 0.1027863 0.0603119 0.0213479 0.0637958 0.0867250 0.0596040 0.0619840 0.1069156 0.0950374 0.1126534 
Dasyuridae_Dasyurus_maculatus                0.1031092 0.1023525 0.1011782 0.0949794 0.0965688 0.0000000 0.0828081 0.0856323 0.0940269 0.1062687 0.0891258 0.0204057 0.0263833 0.0884105 0.0921942 0.0201230 0.0066562 0.0261231 0.1074817 0.0926637 0.0976509 0.1275533 0.1215356 0.0168426 0.0902009 0.1004645 0.0905953 0.0910435 0.0917610 0.1105758 0.0933877 0.0897436 0.1024514 0.0069114 0.1063626 
Phalangeridae_Trichosurus_vulpecula          0.0528378 0.0815055 0.0626805 0.0533221 0.0546572 0.0828081 0.0000000 0.0151323 0.0506484 0.0917427 0.0182264 0.0838170 0.0830416 0.0160328 0.0474720 0.0809200 0.0792683 0.0830598 0.0929514 0.0485332 0.0577765 0.0983149 0.0941284 0.0779578 0.0490412 0.0863494 0.0511773 0.0472082 0.0547479 0.0713871 0.0467411 0.0163016 0.0869920 0.0815605 0.0906268 
Phalangeridae_Spilocuscus_maculatus          0.0590215 0.0825397 0.0685865 0.0581859 0.0587605 0.0856323 0.0151323 0.0000000 0.0550768 0.0951540 0.0159613 0.0871620 0.0858612 0.0133334 0.0515426 0.0850010 0.0843685 0.0859242 0.0971716 0.0542050 0.0638522 0.0990986 0.0963404 0.0822621 0.0531846 0.0919477 0.0548828 0.0529026 0.0589452 0.0743999 0.0514745 0.0128027 0.0896888 0.0855678 0.0940816 
Potoroidae_Aepyprymnus_rufescens             0.0711826 0.0887964 0.0722307 0.0113648 0.0116363 0.0940269 0.0506484 0.0550768 0.0000000 0.1078455 0.0579867 0.0954696 0.0926342 0.0562956 0.0562543 0.0935794 0.0926765 0.0916718 0.1105973 0.0173238 0.0617662 0.1198267 0.1121158 0.0915329 0.0296670 0.0994769 0.0560701 0.0181972 0.0604121 0.0823401 0.0557669 0.0579528 0.1020514 0.0916995 0.1070207 
Peramelidae_Perameles_nasuta                 0.1185203 0.1048529 0.1045717 0.1098582 0.1135234 0.1062687 0.0917427 0.0951540 0.1078455 0.0000000 0.0993687 0.1075579 0.1031996 0.0994137 0.1021486 0.1065195 0.1072494 0.1006943 0.0147404 0.1086287 0.1098416 0.1342934 0.1269669 0.1031580 0.1035416 0.1152989 0.1003220 0.1051650 0.1041796 0.1209553 0.1006130 0.1003623 0.0115973 0.1082861 0.0010190 
Phalangeridae_Strigocuscus_pelengensis       0.0604013 0.0834169 0.0706595 0.0602031 0.0614192 0.0891258 0.0182264 0.0159613 0.0579867 0.0993687 0.0000000 0.0896283 0.0875460 0.0120682 0.0537337 0.0877920 0.0870544 0.0873793 0.1020228 0.0554743 0.0646930 0.1052321 0.0990914 0.0851419 0.0556951 0.0916575 0.0595399 0.0542387 0.0595908 0.0776304 0.0562982 0.0118037 0.0938979 0.0882806 0.0985068 
Dasyuridae_Phascogale_tapoatafa              0.1053985 0.1020733 0.1012358 0.0979759 0.0995859 0.0204057 0.0838170 0.0871620 0.0954696 0.1075579 0.0896283 0.0000000 0.0274861 0.0898828 0.0925740 0.0068893 0.0178925 0.0281380 0.1091801 0.0945371 0.1005523 0.1285897 0.1237054 0.0132173 0.0913049 0.1051150 0.0937674 0.0921604 0.0949336 0.1122876 0.0939733 0.0908086 0.1018192 0.0200894 0.1073667 
Dasyuridae_Sminthopsis_macroura              0.1041650 0.0961815 0.0984114 0.0931701 0.0951532 0.0263833 0.0830416 0.0858612 0.0926342 0.1031996 0.0875460 0.0274861 0.0000000 0.0877460 0.0914992 0.0271995 0.0249045 0.0168646 0.1067049 0.0924361 0.0988853 0.1245064 0.1220272 0.0243880 0.0883016 0.1000064 0.0931345 0.0912083 0.0934231 0.1132181 0.0920738 0.0896232 0.1006315 0.0266234 0.1033025 
Phalangeridae_Phalanger_orientalis           0.0596385 0.0840974 0.0683378 0.0603249 0.0602964 0.0884105 0.0160328 0.0133334 0.0562956 0.0994137 0.0120682 0.0898828 0.0877460 0.0000000 0.0527820 0.0885911 0.0870491 0.0882226 0.1005354 0.0551902 0.0657207 0.1043147 0.0986211 0.0854115 0.0550209 0.0931252 0.0578436 0.0540798 0.0610777 0.0772432 0.0540552 0.0030376 0.0935342 0.0875708 0.0979092 
Acrobatidae_Acrobates_pygmaeus               0.0642047 0.0875217 0.0752746 0.0591170 0.0601797 0.0921942 0.0474720 0.0515426 0.0562543 0.1021486 0.0537337 0.0925740 0.0914992 0.0527820 0.0000000 0.0932803 0.0902476 0.0923375 0.1027366 0.0538168 0.0622773 0.1147954 0.1100193 0.0893365 0.0563250 0.0964445 0.0512969 0.0530278 0.0576666 0.0725827 0.0293744 0.0542487 0.0965225 0.0909780 0.1014223 
Dasyuridae_Phascogale_calura                 0.1049311 0.1012441 0.0993723 0.0953547 0.0962413 0.0201230 0.0809200 0.0850010 0.0935794 0.1065195 0.0877920 0.0068893 0.0271995 0.0885911 0.0932803 0.0000000 0.0176137 0.0275607 0.1076955 0.0926698 0.1001183 0.1288163 0.1240606 0.0129508 0.0887136 0.1021245 0.0926198 0.0895828 0.0945763 0.1110016 0.0939429 0.0893320 0.1008064 0.0198076 0.1066241 
Dasyuridae_Sarcophilus_harrisii              0.1004582 0.1001276 0.0975141 0.0936199 0.0952040 0.0066562 0.0792683 0.0843685 0.0926765 0.1072494 0.0870544 0.0178925 0.0249045 0.0870491 0.0902476 0.0176137 0.0000000 0.0240490 0.1091742 0.0913371 0.0983914 0.1249481 0.1193836 0.0154477 0.0878485 0.0983604 0.0910358 0.0897412 0.0925070 0.1099381 0.0904662 0.0877203 0.1041102 0.0068883 0.1077061 
Dasyuridae_Planigale_tenuirostris            0.1059543 0.0968050 0.0969452 0.0928655 0.0948970 0.0261231 0.0830598 0.0859242 0.0916718 0.1006943 0.0873793 0.0281380 0.0168646 0.0882226 0.0923375 0.0275607 0.0240490 0.0000000 0.1056647 0.0925544 0.0971421 0.1289033 0.1253571 0.0226608 0.0885267 0.0985219 0.0923247 0.0891941 0.0916242 0.1116585 0.0919959 0.0894345 0.0992662 0.0266603 0.1003453 
Peramelidae_Echymipera_kalubu                0.1200531 0.1087825 0.1061797 0.1137632 0.1163103 0.1074817 0.0929514 0.0971716 0.1105973 0.0147404 0.1020228 0.1091801 0.1067049 0.1005354 0.1027366 0.1076955 0.1091742 0.1056647 0.0000000 0.1113525 0.1109585 0.1402591 0.1333400 0.1043192 0.1066066 0.1171016 0.1040147 0.1077068 0.1054980 0.1233879 0.1021732 0.1012854 0.0118359 0.1094714 0.0144391 
Macropodidae_Dorcopsulus_vanheurni           0.0701479 0.0910183 0.0730491 0.0190466 0.0209925 0.0926637 0.0485332 0.0542050 0.0173238 0.1086287 0.0554743 0.0945371 0.0924361 0.0551902 0.0538168 0.0926698 0.0913371 0.0925544 0.1113525 0.0000000 0.0640148 0.1179963 0.1087507 0.0912815 0.0302717 0.0975892 0.0544516 0.0077135 0.0600493 0.0803286 0.0557305 0.0557852 0.1023452 0.0918675 0.1077633 
Pseudochiridae_Pseudochirulus_forbesi        0.0748647 0.0946722 0.0808685 0.0657031 0.0684628 0.0976509 0.0577765 0.0638522 0.0617662 0.1098416 0.0646930 0.1005523 0.0988853 0.0657207 0.0622773 0.1001183 0.0983914 0.0971421 0.1109585 0.0640148 0.0000000 0.1248069 0.1200294 0.0942496 0.0639124 0.1007561 0.0337992 0.0643429 0.0210210 0.0741334 0.0649424 0.0674556 0.1055215 0.0953495 0.1086938 
Didelphidae_Didelphis_virginiana             0.1242139 0.1292101 0.1224437 0.1207845 0.1236895 0.1275533 0.0983149 0.0990986 0.1198267 0.1342934 0.1052321 0.1285897 0.1245064 0.1043147 0.1147954 0.1288163 0.1249481 0.1289033 0.1402591 0.1179963 0.1248069 0.0000000 0.0348689 0.1241064 0.1112226 0.1291806 0.1169730 0.1199924 0.1240712 0.1316823 0.1134269 0.1025377 0.1320445 0.1297295 0.1337294 
Marmosidae_Monodelphis_domestica             0.1199797 0.1209852 0.1205480 0.1154896 0.1156524 0.1215356 0.0941284 0.0963404 0.1121158 0.1269669 0.0990914 0.1237054 0.1220272 0.0986211 0.1100193 0.1240606 0.1193836 0.1253571 0.1333400 0.1087507 0.1200294 0.0348689 0.0000000 0.1207654 0.1071847 0.1276122 0.1089442 0.1098966 0.1176746 0.1302330 0.1071870 0.0992711 0.1238794 0.1225145 0.1266247 
Dasyuridae_Antechinus_stuartii               0.1006821 0.0983626 0.0982598 0.0931750 0.0947606 0.0168426 0.0779578 0.0822621 0.0915329 0.1031580 0.0851419 0.0132173 0.0243880 0.0854115 0.0893365 0.0129508 0.0154477 0.0226608 0.1043192 0.0912815 0.0942496 0.1241064 0.1207654 0.0000000 0.0890448 0.0995994 0.0890852 0.0899910 0.0889265 0.1071980 0.0900304 0.0870198 0.0980268 0.0170967 0.1032612 
Hypsiprymnodontidae_Hypsiprymnodon_moschatus 0.0697477 0.0896340 0.0701228 0.0335975 0.0341900 0.0902009 0.0490412 0.0531846 0.0296670 0.1035416 0.0556951 0.0913049 0.0883016 0.0550209 0.0563250 0.0887136 0.0878485 0.0885267 0.1066066 0.0302717 0.0639124 0.1112226 0.1071847 0.0890448 0.0000000 0.0989384 0.0556578 0.0298035 0.0598977 0.0815885 0.0545261 0.0564286 0.0981655 0.0879260 0.1027506 
Microbiotheriidae_Dromiciops_gliroides       0.1047042 0.1087131 0.0955583 0.1007332 0.1027863 0.1004645 0.0863494 0.0919477 0.0994769 0.1152989 0.0916575 0.1051150 0.1000064 0.0931252 0.0964445 0.1021245 0.0983604 0.0985219 0.1171016 0.0975892 0.1007561 0.1291806 0.1276122 0.0995994 0.0989384 0.0000000 0.0977819 0.0964145 0.0975164 0.1200942 0.0920364 0.0926980 0.1128446 0.1000834 0.1153829 
Pseudochiridae_Petauroides_volans            0.0671310 0.0898601 0.0732971 0.0583100 0.0603119 0.0905953 0.0511773 0.0548828 0.0560701 0.1003220 0.0595399 0.0937674 0.0931345 0.0578436 0.0512969 0.0926198 0.0910358 0.0923247 0.1040147 0.0544516 0.0337992 0.1169730 0.1089442 0.0890852 0.0556578 0.0977819 0.0000000 0.0540833 0.0316256 0.0629085 0.0527358 0.0593581 0.0965174 0.0905720 0.0992474 
Macropodidae_Wallabia_bicolor                0.0684572 0.0902750 0.0719624 0.0188427 0.0213479 0.0910435 0.0472082 0.0529026 0.0181972 0.1051650 0.0542387 0.0921604 0.0912083 0.0540798 0.0530278 0.0895828 0.0897412 0.0891941 0.1077068 0.0077135 0.0643429 0.1199924 0.1098966 0.0899910 0.0298035 0.0964145 0.0540833 0.0000000 0.0597333 0.0803573 0.0549384 0.0544760 0.0997858 0.0895709 0.1043316 
Pseudochiridae_Pseudocheirus_occidentalis    0.0725079 0.0914562 0.0806771 0.0624377 0.0637958 0.0917610 0.0547479 0.0589452 0.0604121 0.1041796 0.0595908 0.0949336 0.0934231 0.0610777 0.0576666 0.0945763 0.0925070 0.0916242 0.1054980 0.0600493 0.0210210 0.1240712 0.1176746 0.0889265 0.0598977 0.0975164 0.0316256 0.0597333 0.0000000 0.0685992 0.0628478 0.0628103 0.0991580 0.0894342 0.1030954 
Tarsipedidae_Tarsipes_rostratus              0.0879327 0.1105582 0.0955540 0.0838142 0.0867250 0.1105758 0.0713871 0.0743999 0.0823401 0.1209553 0.0776304 0.1122876 0.1132181 0.0772432 0.0725827 0.1110016 0.1099381 0.1116585 0.1233879 0.0803286 0.0741334 0.1316823 0.1302330 0.1071980 0.0815885 0.1200942 0.0629085 0.0803573 0.0685992 0.0000000 0.0752868 0.0771072 0.1167564 0.1111972 0.1203236 
Acrobatidae_Distoechurus_pennatus            0.0660580 0.0873709 0.0726516 0.0585499 0.0596040 0.0933877 0.0467411 0.0514745 0.0557669 0.1006130 0.0562982 0.0939733 0.0920738 0.0540552 0.0293744 0.0939429 0.0904662 0.0919959 0.1021732 0.0557305 0.0649424 0.1134269 0.1071870 0.0900304 0.0545261 0.0920364 0.0527358 0.0549384 0.0628478 0.0752868 0.0000000 0.0549292 0.0953429 0.0918875 0.0998470 
Phalangeridae_Phalanger_carmelitae           0.0599389 0.0848233 0.0689295 0.0613740 0.0619840 0.0897436 0.0163016 0.0128027 0.0579528 0.1003623 0.0118037 0.0908086 0.0896232 0.0030376 0.0542487 0.0893320 0.0877203 0.0894345 0.1012854 0.0557852 0.0674556 0.1025377 0.0992711 0.0870198 0.0564286 0.0926980 0.0593581 0.0544760 0.0628103 0.0771072 0.0549292 0.0000000 0.0951630 0.0896345 0.0988616 
Peramelidae_Peroryctes_raffrayana            0.1118117 0.0995826 0.0998264 0.1044119 0.1069156 0.1024514 0.0869920 0.0896888 0.1020514 0.0115973 0.0938979 0.1018192 0.1006315 0.0935342 0.0965225 0.1008064 0.1041102 0.0992662 0.0118359 0.1023452 0.1055215 0.1320445 0.1238794 0.0980268 0.0981655 0.1128446 0.0965174 0.0997858 0.0991580 0.1167564 0.0953429 0.0951630 0.0000000 0.1044490 0.0110582 
Dasyuridae_Dasyurus_geffroii                 0.1018773 0.1014152 0.0999644 0.0934523 0.0950374 0.0069114 0.0815605 0.0855678 0.0916995 0.1082861 0.0882806 0.0200894 0.0266234 0.0875708 0.0909780 0.0198076 0.0068883 0.0266603 0.1094714 0.0918675 0.0953495 0.1297295 0.1225145 0.0170967 0.0879260 0.1000834 0.0905720 0.0895709 0.0894342 0.1111972 0.0918875 0.0896345 0.1044490 0.0000000 0.1083708 
Peramelidae_Perameles_gunnii                 0.1164426 0.1061297 0.1036505 0.1090149 0.1126534 0.1063626 0.0906268 0.0940816 0.1070207 0.0010190 0.0985068 0.1073667 0.1033025 0.0979092 0.1014223 0.1066241 0.1077061 0.1003453 0.0144391 0.1077633 0.1086938 0.1337294 0.1266247 0.1032612 0.1027506 0.1153829 0.0992474 0.1043316 0.1030954 0.1203236 0.0998470 0.0988616 0.0110582 0.1083708 0.0000000 
