35
Burramyidae_Burramys_parvus                  0.0000000 0.0542165 0.0505168 0.0497516 0.0478287 0.0727323 0.0388949 0.0433929 0.0484537 0.0746919 0.0416604 0.0728553 0.0751061 0.0449596 0.0442136 0.0728662 0.0748091 0.0814324 0.0714508 0.0444303 0.0484903 0.0702595 0.0703102 0.0689236 0.0419862 0.0556231 0.0485902 0.0430598 0.0523906 0.0697256 0.0505288 0.0465565 0.0763212 0.0729452 0.0736659 
Notoryctidae_Notoryctes_typhlops             0.0542165 0.0000000 0.0611461 0.0660538 0.0632219 0.0887516 0.0550658 0.0593065 0.0642560 0.0760409 0.0569697 0.0858537 0.0886609 0.0604097 0.0595226 0.0859485 0.0884991 0.0949978 0.0744934 0.0621757 0.0659686 0.0782322 0.0786335 0.0845532 0.0574654 0.0660228 0.0631725 0.0599974 0.0632409 0.0841591 0.0629462 0.0618820 0.0770373 0.0890586 0.0777860 
Vombatidae_Lasiorhinus_latifrons             0.0505168 0.0611461 0.0000000 0.0598142 0.0571939 0.0832322 0.0506312 0.0542246 0.0590077 0.0819292 0.0522527 0.0830525 0.0875684 0.0562011 0.0551280 0.0831729 0.0857649 0.0952274 0.0774011 0.0559326 0.0618847 0.0813755 0.0769822 0.0792899 0.0508058 0.0653654 0.0590946 0.0528715 0.0623565 0.0758437 0.0585215 0.0569764 0.0845290 0.0850588 0.0825660 
Potoroidae_Bettongia_penicillata             0.0497516 0.0660538 0.0598142 0.0000000 0.0047143 0.0823259 0.0487646 0.0514798 0.0137534 0.0798523 0.0510840 0.0832245 0.0867659 0.0544855 0.0524648 0.0833132 0.0825335 0.0916020 0.0774506 0.0207181 0.0591817 0.0822804 0.0778011 0.0807921 0.0345826 0.0634662 0.0539331 0.0200145 0.0604882 0.0727449 0.0578471 0.0555388 0.0856091 0.0815483 0.0809635 
Potoroidae_Bettongia_lesueur                 0.0478287 0.0632219 0.0571939 0.0047143 0.0000000 0.0804089 0.0463031 0.0489931 0.0121004 0.0789040 0.0485947 0.0813912 0.0851746 0.0519712 0.0497224 0.0815068 0.0806112 0.0900095 0.0752778 0.0182864 0.0566370 0.0794129 0.0755773 0.0791723 0.0322627 0.0611110 0.0514222 0.0178278 0.0565512 0.0712381 0.0555293 0.0530166 0.0819152 0.0796401 0.0800125 
Dasyuridae_Dasyurus_maculatus                0.0727323 0.0887516 0.0832322 0.0823259 0.0804089 0.0000000 0.0749275 0.0793717 0.0830146 0.1046263 0.0761090 0.0202782 0.0282671 0.0801582 0.0756100 0.0203029 0.0054202 0.0321597 0.1007320 0.0780909 0.0874185 0.0951402 0.0973494 0.0188649 0.0765049 0.0817591 0.0828578 0.0779267 0.0885064 0.1021055 0.0825615 0.0804133 0.1080828 0.0035851 0.1029484 
Phalangeridae_Trichosurus_vulpecula          0.0388949 0.0550658 0.0506312 0.0487646 0.0463031 0.0749275 0.0000000 0.0171009 0.0482134 0.0747786 0.0154692 0.0741478 0.0764431 0.0187516 0.0477505 0.0739135 0.0758432 0.0837629 0.0692214 0.0440725 0.0529191 0.0712260 0.0723755 0.0713267 0.0428786 0.0586204 0.0505681 0.0427602 0.0541701 0.0708823 0.0507126 0.0196944 0.0745760 0.0742353 0.0741014 
Phalangeridae_Spilocuscus_maculatus          0.0433929 0.0593065 0.0542246 0.0514798 0.0489931 0.0793717 0.0171009 0.0000000 0.0528869 0.0769584 0.0098112 0.0773428 0.0800003 0.0135215 0.0494863 0.0780123 0.0799441 0.0874844 0.0719358 0.0486879 0.0567978 0.0758464 0.0750979 0.0735036 0.0464314 0.0604110 0.0544431 0.0468076 0.0565212 0.0735123 0.0541328 0.0139774 0.0778729 0.0792457 0.0765731 
Potoroidae_Aepyprymnus_rufescens             0.0484537 0.0642560 0.0590077 0.0137534 0.0121004 0.0830146 0.0482134 0.0528869 0.0000000 0.0793544 0.0511116 0.0843031 0.0864592 0.0547856 0.0501449 0.0844237 0.0838728 0.0913853 0.0768878 0.0212211 0.0561106 0.0810928 0.0773230 0.0802269 0.0340814 0.0637700 0.0539370 0.0200279 0.0574960 0.0755732 0.0561226 0.0558401 0.0833721 0.0825310 0.0817223 
Peramelidae_Perameles_nasuta                 0.0746919 0.0760409 0.0819292 0.0798523 0.0789040 0.1046263 0.0747786 0.0769584 0.0793544 0.0000000 0.0755851 0.1068509 0.1058127 0.0775612 0.0797054 0.1060257 0.1057205 0.1124658 0.0154767 0.0778586 0.0863169 0.0970759 0.0931383 0.1024342 0.0741487 0.0835285 0.0848924 0.0761419 0.0837440 0.1024917 0.0839762 0.0777993 0.0183917 0.1055512 0.0048607 
Phalangeridae_Strigocuscus_pelengensis       0.0416604 0.0569697 0.0522527 0.0510840 0.0485947 0.0761090 0.0154692 0.0098112 0.0511116 0.0755851 0.0000000 0.0756929 0.0777034 0.0105025 0.0502863 0.0757994 0.0763798 0.0867595 0.0697525 0.0466574 0.0555565 0.0737596 0.0735544 0.0719708 0.0435865 0.0590175 0.0537229 0.0447851 0.0560860 0.0719629 0.0536442 0.0107211 0.0762266 0.0757038 0.0746282 
Dasyuridae_Phascogale_tapoatafa              0.0728553 0.0858537 0.0830525 0.0832245 0.0813912 0.0202782 0.0741478 0.0773428 0.0843031 0.1068509 0.0756929 0.0000000 0.0240248 0.0800578 0.0774061 0.0031392 0.0196287 0.0326987 0.1018953 0.0791622 0.0861896 0.0920323 0.0971820 0.0092283 0.0762913 0.0796927 0.0821630 0.0789482 0.0872926 0.0999540 0.0848767 0.0803125 0.1083647 0.0202613 0.1052449 
Dasyuridae_Sminthopsis_macroura              0.0751061 0.0886609 0.0875684 0.0867659 0.0851746 0.0282671 0.0764431 0.0800003 0.0864592 0.1058127 0.0777034 0.0240248 0.0000000 0.0821023 0.0761451 0.0250410 0.0278869 0.0286567 0.1011756 0.0819305 0.0886198 0.0955954 0.0993520 0.0228836 0.0806320 0.0829849 0.0846174 0.0804480 0.0893846 0.1041482 0.0856647 0.0823583 0.1082645 0.0277381 0.1037448 
Phalangeridae_Phalanger_orientalis           0.0449596 0.0604097 0.0562011 0.0544855 0.0519712 0.0801582 0.0187516 0.0135215 0.0547856 0.0775612 0.0105025 0.0800578 0.0821023 0.0000000 0.0521288 0.0801392 0.0813696 0.0908503 0.0730932 0.0505409 0.0566998 0.0766946 0.0747802 0.0765922 0.0469252 0.0621032 0.0543921 0.0497578 0.0570212 0.0746819 0.0547942 0.0044840 0.0791724 0.0806628 0.0768585 
Acrobatidae_Acrobates_pygmaeus               0.0442136 0.0595226 0.0551280 0.0524648 0.0497224 0.0756100 0.0477505 0.0494863 0.0501449 0.0797054 0.0502863 0.0774061 0.0761451 0.0521288 0.0000000 0.0774189 0.0769236 0.0797482 0.0746506 0.0465622 0.0457869 0.0751441 0.0737385 0.0734527 0.0443170 0.0593890 0.0441845 0.0466588 0.0444568 0.0668451 0.0329619 0.0533172 0.0795217 0.0745125 0.0770436 
Dasyuridae_Phascogale_calura                 0.0728662 0.0859485 0.0831729 0.0833132 0.0815068 0.0203029 0.0739135 0.0780123 0.0844237 0.1060257 0.0757994 0.0031392 0.0250410 0.0801392 0.0774189 0.0000000 0.0201428 0.0332412 0.1014037 0.0792745 0.0863133 0.0917920 0.0973262 0.0101741 0.0763988 0.0788418 0.0819609 0.0790602 0.0873935 0.1013447 0.0856506 0.0804263 0.1081776 0.0207752 0.1041047 
Dasyuridae_Sarcophilus_harrisii              0.0748091 0.0884991 0.0857649 0.0825335 0.0806112 0.0054202 0.0758432 0.0799441 0.0838728 0.1057205 0.0763798 0.0196287 0.0278869 0.0813696 0.0769236 0.0201428 0.0000000 0.0331407 0.1010909 0.0792541 0.0883713 0.0944894 0.0987416 0.0186971 0.0782878 0.0822888 0.0828639 0.0790907 0.0895452 0.1035684 0.0838039 0.0816259 0.1084907 0.0049593 0.1037173 
Dasyuridae_Planigale_tenuirostris            0.0814324 0.0949978 0.0952274 0.0916020 0.0900095 0.0321597 0.0837629 0.0874844 0.0913853 0.1124658 0.0867595 0.0326987 0.0286567 0.0908503 0.0797482 0.0332412 0.0331407 0.0000000 0.1085282 0.0870668 0.0936960 0.1038047 0.1086190 0.0326526 0.0843945 0.0896467 0.0887324 0.0850706 0.0941978 0.1091013 0.0909859 0.0910787 0.1169908 0.0329509 0.1090022 
Peramelidae_Echymipera_kalubu                0.0714508 0.0744934 0.0774011 0.0774506 0.0752778 0.1007320 0.0692214 0.0719358 0.0768878 0.0154767 0.0697525 0.1018953 0.1011756 0.0730932 0.0746506 0.1014037 0.1010909 0.1085282 0.0000000 0.0737424 0.0815751 0.0924584 0.0885860 0.0975400 0.0688914 0.0766862 0.0772723 0.0723019 0.0803249 0.0975256 0.0800104 0.0729950 0.0125416 0.1013246 0.0149698 
Macropodidae_Dorcopsulus_vanheurni           0.0444303 0.0621757 0.0559326 0.0207181 0.0182864 0.0780909 0.0440725 0.0486879 0.0212211 0.0778586 0.0466574 0.0791622 0.0819305 0.0505409 0.0465622 0.0792745 0.0792541 0.0870668 0.0737424 0.0000000 0.0542396 0.0784689 0.0754654 0.0763266 0.0315834 0.0616056 0.0506528 0.0074857 0.0546164 0.0690275 0.0534630 0.0521448 0.0802014 0.0782548 0.0781005 
Pseudochiridae_Pseudochirulus_forbesi        0.0484903 0.0659686 0.0618847 0.0591817 0.0566370 0.0874185 0.0529191 0.0567978 0.0561106 0.0863169 0.0555565 0.0861896 0.0886198 0.0566998 0.0457869 0.0863133 0.0883713 0.0936960 0.0815751 0.0542396 0.0000000 0.0833812 0.0819347 0.0843637 0.0517080 0.0704470 0.0329207 0.0520720 0.0164381 0.0597029 0.0515189 0.0595026 0.0906726 0.0866274 0.0859342 
Didelphidae_Didelphis_virginiana             0.0702595 0.0782322 0.0813755 0.0822804 0.0794129 0.0951402 0.0712260 0.0758464 0.0810928 0.0970759 0.0737596 0.0920323 0.0955954 0.0766946 0.0751441 0.0917920 0.0944894 0.1038047 0.0924584 0.0784689 0.0833812 0.0000000 0.0309475 0.0891225 0.0735045 0.0779812 0.0795053 0.0760151 0.0824416 0.1041692 0.0820489 0.0772503 0.0982918 0.0947429 0.0957481 
Marmosidae_Monodelphis_domestica             0.0703102 0.0786335 0.0769822 0.0778011 0.0755773 0.0973494 0.0723755 0.0750979 0.0773230 0.0931383 0.0735544 0.0971820 0.0993520 0.0747802 0.0737385 0.0973262 0.0987416 0.1086190 0.0885860 0.0754654 0.0819347 0.0309475 0.0000000 0.0923383 0.0698620 0.0746384 0.0782172 0.0739993 0.0815356 0.0994867 0.0809534 0.0753652 0.0946469 0.0986693 0.0906680 
Dasyuridae_Antechinus_stuartii               0.0689236 0.0845532 0.0792899 0.0807921 0.0791723 0.0188649 0.0713267 0.0735036 0.0802269 0.1024342 0.0719708 0.0092283 0.0228836 0.0765922 0.0734527 0.0101741 0.0186971 0.0326526 0.0975400 0.0763266 0.0843637 0.0891225 0.0923383 0.0000000 0.0731544 0.0791147 0.0800208 0.0757977 0.0845758 0.0968514 0.0810802 0.0765441 0.1044012 0.0188490 0.1001286 
Hypsiprymnodontidae_Hypsiprymnodon_moschatus 0.0419862 0.0574654 0.0508058 0.0345826 0.0322627 0.0765049 0.0428786 0.0464314 0.0340814 0.0741487 0.0435865 0.0762913 0.0806320 0.0469252 0.0443170 0.0763988 0.0782878 0.0843945 0.0688914 0.0315834 0.0517080 0.0735045 0.0698620 0.0731544 0.0000000 0.0586178 0.0492752 0.0305945 0.0535571 0.0668704 0.0500783 0.0479586 0.0753561 0.0757597 0.0737850 
Microbiotheriidae_Dromiciops_gliroides       0.0556231 0.0660228 0.0653654 0.0634662 0.0611110 0.0817591 0.0586204 0.0604110 0.0637700 0.0835285 0.0590175 0.0796927 0.0829849 0.0621032 0.0593890 0.0788418 0.0822888 0.0896467 0.0766862 0.0616056 0.0704470 0.0779812 0.0746384 0.0791147 0.0586178 0.0000000 0.0645675 0.0607208 0.0700104 0.0891013 0.0674882 0.0622977 0.0830276 0.0819762 0.0824266 
Pseudochiridae_Petauroides_volans            0.0485902 0.0631725 0.0590946 0.0539331 0.0514222 0.0828578 0.0505681 0.0544431 0.0539370 0.0848924 0.0537229 0.0821630 0.0846174 0.0543921 0.0441845 0.0819609 0.0828639 0.0887324 0.0772723 0.0506528 0.0329207 0.0795053 0.0782172 0.0800208 0.0492752 0.0645675 0.0000000 0.0498942 0.0328721 0.0558761 0.0477010 0.0565958 0.0830678 0.0824214 0.0850700 
Macropodidae_Wallabia_bicolor                0.0430598 0.0599974 0.0528715 0.0200145 0.0178278 0.0779267 0.0427602 0.0468076 0.0200279 0.0761419 0.0447851 0.0789482 0.0804480 0.0497578 0.0466588 0.0790602 0.0790907 0.0850706 0.0723019 0.0074857 0.0520720 0.0760151 0.0739993 0.0757977 0.0305945 0.0607208 0.0498942 0.0000000 0.0534315 0.0685003 0.0521652 0.0496911 0.0789408 0.0780911 0.0762869 
Pseudochiridae_Pseudocheirus_occidentalis    0.0523906 0.0632409 0.0623565 0.0604882 0.0565512 0.0885064 0.0541701 0.0565212 0.0574960 0.0837440 0.0560860 0.0872926 0.0893846 0.0570212 0.0444568 0.0873935 0.0895452 0.0941978 0.0803249 0.0546164 0.0164381 0.0824416 0.0815356 0.0845758 0.0535571 0.0700104 0.0328721 0.0534315 0.0000000 0.0580345 0.0511646 0.0594106 0.0867807 0.0876579 0.0842959 
Tarsipedidae_Tarsipes_rostratus              0.0697256 0.0841591 0.0758437 0.0727449 0.0712381 0.1021055 0.0708823 0.0735123 0.0755732 0.1024917 0.0719629 0.0999540 0.1041482 0.0746819 0.0668451 0.1013447 0.1035684 0.1091013 0.0975256 0.0690275 0.0597029 0.1041692 0.0994867 0.0968514 0.0668704 0.0891013 0.0558761 0.0685003 0.0580345 0.0000000 0.0658573 0.0755132 0.1040753 0.1026834 0.1020094 
Acrobatidae_Distoechurus_pennatus            0.0505288 0.0629462 0.0585215 0.0578471 0.0555293 0.0825615 0.0507126 0.0541328 0.0561226 0.0839762 0.0536442 0.0848767 0.0856647 0.0547942 0.0329619 0.0856506 0.0838039 0.0909859 0.0800104 0.0534630 0.0515189 0.0820489 0.0809534 0.0810802 0.0500783 0.0674882 0.0477010 0.0521652 0.0511646 0.0658573 0.0000000 0.0552816 0.0864725 0.0811472 0.0833363 
Phalangeridae_Phalanger_carmelitae           0.0465565 0.0618820 0.0569764 0.0555388 0.0530166 0.0804133 0.0196944 0.0139774 0.0558401 0.0777993 0.0107211 0.0803125 0.0823583 0.0044840 0.0533172 0.0804263 0.0816259 0.0910787 0.0729950 0.0521448 0.0595026 0.0772503 0.0753652 0.0765441 0.0479586 0.0622977 0.0565958 0.0496911 0.0594106 0.0755132 0.0552816 0.0000000 0.0794191 0.0802815 0.0770965 
Peramelidae_Peroryctes_raffrayana            0.0763212 0.0770373 0.0845290 0.0856091 0.0819152 0.1080828 0.0745760 0.0778729 0.0833721 0.0183917 0.0762266 0.1083647 0.1082645 0.0791724 0.0795217 0.1081776 0.1084907 0.1169908 0.0125416 0.0802014 0.0906726 0.0982918 0.0946469 0.1044012 0.0753561 0.0830276 0.0830678 0.0789408 0.0867807 0.1040753 0.0864725 0.0794191 0.0000000 0.1087131 0.0188019 
Dasyuridae_Dasyurus_geffroii                 0.0729452 0.0890586 0.0850588 0.0815483 0.0796401 0.0035851 0.0742353 0.0792457 0.0825310 0.1055512 0.0757038 0.0202613 0.0277381 0.0806628 0.0745125 0.0207752 0.0049593 0.0329509 0.1013246 0.0782548 0.0866274 0.0947429 0.0986693 0.0188490 0.0757597 0.0819762 0.0824214 0.0780911 0.0876579 0.1026834 0.0811472 0.0802815 0.1087131 0.0000000 0.1038709 
Peramelidae_Perameles_gunnii                 0.0736659 0.0777860 0.0825660 0.0809635 0.0800125 0.1029484 0.0741014 0.0765731 0.0817223 0.0048607 0.0746282 0.1052449 0.1037448 0.0768585 0.0770436 0.1041047 0.1037173 0.1090022 0.0149698 0.0781005 0.0859342 0.0957481 0.0906680 0.1001286 0.0737850 0.0824266 0.0850700 0.0762869 0.0842959 0.1020094 0.0833363 0.0770965 0.0188019 0.1038709 0.0000000 
