35
Burramyidae_Burramys_parvus                  0.0000000 0.0339535 0.0235270 0.0233823 0.0235964 0.0400061 0.0191031 0.0214654 0.0233548 0.0396091 0.0215703 0.0432693 0.0427844 0.0209716 0.0201581 0.0427736 0.0403927 0.0411670 0.0411383 0.0225754 0.0218602 0.0479810 0.0457246 0.0423862 0.0256698 0.0347067 0.0233985 0.0234486 0.0222611 0.0323043 0.0199209 0.0210413 0.0412192 0.0396976 0.0385806 
Notoryctidae_Notoryctes_typhlops             0.0339535 0.0000000 0.0376739 0.0382280 0.0384456 0.0513755 0.0343181 0.0362247 0.0379138 0.0492558 0.0358995 0.0513385 0.0505216 0.0360944 0.0351199 0.0506339 0.0508858 0.0512621 0.0495377 0.0366461 0.0364768 0.0603009 0.0576045 0.0509467 0.0386919 0.0423831 0.0381117 0.0382894 0.0388845 0.0451292 0.0342268 0.0370242 0.0497257 0.0505578 0.0484601 
Vombatidae_Lasiorhinus_latifrons             0.0235270 0.0376739 0.0000000 0.0298282 0.0297874 0.0458151 0.0266985 0.0283420 0.0312294 0.0437705 0.0279478 0.0473199 0.0458733 0.0273251 0.0264132 0.0458476 0.0455774 0.0455210 0.0433000 0.0295084 0.0282490 0.0485514 0.0463815 0.0457118 0.0318265 0.0361352 0.0290611 0.0306131 0.0304679 0.0377329 0.0266382 0.0279567 0.0444056 0.0448793 0.0425753 
Potoroidae_Bettongia_penicillata             0.0233823 0.0382280 0.0298282 0.0000000 0.0041601 0.0469692 0.0257219 0.0276822 0.0073792 0.0464350 0.0270474 0.0491808 0.0477833 0.0267343 0.0256377 0.0476491 0.0474362 0.0475509 0.0458474 0.0121649 0.0269240 0.0519091 0.0510974 0.0474057 0.0178217 0.0389331 0.0281721 0.0124189 0.0273848 0.0367665 0.0257322 0.0268162 0.0461354 0.0465304 0.0451947 
Potoroidae_Bettongia_lesueur                 0.0235964 0.0384456 0.0297874 0.0041601 0.0000000 0.0472059 0.0259490 0.0279189 0.0072682 0.0457751 0.0272729 0.0497532 0.0481821 0.0269575 0.0263683 0.0481928 0.0473574 0.0479600 0.0457624 0.0115960 0.0272391 0.0532018 0.0513103 0.0479046 0.0181626 0.0387274 0.0278898 0.0119597 0.0273341 0.0369975 0.0261978 0.0270390 0.0459382 0.0467526 0.0445564 
Dasyuridae_Dasyurus_maculatus                0.0400061 0.0513755 0.0458151 0.0469692 0.0472059 0.0000000 0.0422966 0.0444115 0.0467415 0.0565696 0.0446171 0.0105202 0.0154821 0.0436409 0.0431917 0.0110154 0.0044957 0.0152635 0.0542666 0.0442479 0.0446136 0.0648120 0.0628849 0.0117263 0.0468070 0.0489430 0.0456926 0.0461786 0.0474822 0.0549646 0.0439599 0.0448664 0.0560852 0.0033229 0.0555583 
Phalangeridae_Trichosurus_vulpecula          0.0191031 0.0343181 0.0266985 0.0257219 0.0259490 0.0422966 0.0000000 0.0103119 0.0254431 0.0404862 0.0110756 0.0441129 0.0424067 0.0096584 0.0210607 0.0429229 0.0414762 0.0423981 0.0410554 0.0241175 0.0218875 0.0506867 0.0485622 0.0422247 0.0260801 0.0336943 0.0236722 0.0253737 0.0218124 0.0346702 0.0223731 0.0107140 0.0413451 0.0418026 0.0399250 
Phalangeridae_Spilocuscus_maculatus          0.0214654 0.0362247 0.0283420 0.0276822 0.0279189 0.0444115 0.0103119 0.0000000 0.0272258 0.0432966 0.0053348 0.0452170 0.0456501 0.0042341 0.0241610 0.0450750 0.0442621 0.0450387 0.0440100 0.0273777 0.0246250 0.0526699 0.0502547 0.0453093 0.0299482 0.0363711 0.0248160 0.0277242 0.0246230 0.0357680 0.0244181 0.0051559 0.0449834 0.0443792 0.0432541 
Potoroidae_Aepyprymnus_rufescens             0.0233548 0.0379138 0.0312294 0.0073792 0.0072682 0.0467415 0.0254431 0.0272258 0.0000000 0.0458028 0.0269977 0.0495843 0.0482170 0.0269569 0.0253503 0.0483294 0.0479513 0.0476432 0.0459622 0.0107023 0.0266301 0.0516317 0.0507458 0.0480358 0.0170989 0.0394263 0.0281371 0.0110646 0.0269216 0.0367157 0.0259432 0.0272969 0.0459914 0.0470424 0.0448539 
Peramelidae_Perameles_nasuta                 0.0396091 0.0492558 0.0437705 0.0464350 0.0457751 0.0565696 0.0404862 0.0432966 0.0458028 0.0000000 0.0434539 0.0601315 0.0555214 0.0434318 0.0442263 0.0591962 0.0562940 0.0553194 0.0093895 0.0445529 0.0418155 0.0613091 0.0556411 0.0588104 0.0473321 0.0461782 0.0448360 0.0444421 0.0457529 0.0524772 0.0426434 0.0444088 0.0098879 0.0568631 0.0003159 
Phalangeridae_Strigocuscus_pelengensis       0.0215703 0.0358995 0.0279478 0.0270474 0.0272729 0.0446171 0.0110756 0.0053348 0.0269977 0.0434539 0.0000000 0.0454600 0.0440938 0.0048432 0.0238548 0.0444512 0.0437695 0.0452116 0.0430020 0.0264398 0.0247179 0.0519348 0.0492594 0.0442396 0.0287991 0.0361910 0.0253200 0.0268921 0.0257144 0.0361276 0.0248112 0.0058757 0.0444866 0.0441214 0.0425848 
Dasyuridae_Phascogale_tapoatafa              0.0432693 0.0513385 0.0473199 0.0491808 0.0497532 0.0105202 0.0441129 0.0452170 0.0495843 0.0601315 0.0454600 0.0000000 0.0163672 0.0455012 0.0467699 0.0034072 0.0104033 0.0152551 0.0579156 0.0474010 0.0476408 0.0658241 0.0641795 0.0084706 0.0498133 0.0512061 0.0487527 0.0491226 0.0503545 0.0564262 0.0468638 0.0467730 0.0600712 0.0110888 0.0597571 
Dasyuridae_Sminthopsis_macroura              0.0427844 0.0505216 0.0458733 0.0477833 0.0481821 0.0154821 0.0424067 0.0456501 0.0482170 0.0555214 0.0440938 0.0163672 0.0000000 0.0448424 0.0441508 0.0156152 0.0160967 0.0135900 0.0531174 0.0453751 0.0455643 0.0642578 0.0609963 0.0149445 0.0478019 0.0500225 0.0475845 0.0473447 0.0494532 0.0564048 0.0438511 0.0460927 0.0546232 0.0157121 0.0547154 
Phalangeridae_Phalanger_orientalis           0.0209716 0.0360944 0.0273251 0.0267343 0.0269575 0.0436409 0.0096584 0.0042341 0.0269569 0.0434318 0.0048432 0.0455012 0.0448424 0.0000000 0.0238536 0.0441384 0.0432818 0.0447313 0.0433991 0.0269770 0.0246964 0.0514256 0.0489613 0.0435928 0.0289076 0.0355269 0.0242495 0.0271756 0.0250005 0.0349883 0.0244045 0.0026486 0.0441477 0.0434657 0.0425094 
Acrobatidae_Acrobates_pygmaeus               0.0201581 0.0351199 0.0264132 0.0256377 0.0263683 0.0431917 0.0210607 0.0241610 0.0253503 0.0442263 0.0238548 0.0467699 0.0441508 0.0238536 0.0000000 0.0451365 0.0434671 0.0439791 0.0457112 0.0238523 0.0218749 0.0498083 0.0460920 0.0441917 0.0259492 0.0355250 0.0227641 0.0248805 0.0224825 0.0308319 0.0149442 0.0244711 0.0457323 0.0428818 0.0431259 
Dasyuridae_Phascogale_calura                 0.0427736 0.0506339 0.0458476 0.0476491 0.0481928 0.0110154 0.0429229 0.0450750 0.0483294 0.0591962 0.0444512 0.0034072 0.0156152 0.0441384 0.0451365 0.0000000 0.0103367 0.0154523 0.0562812 0.0459019 0.0458157 0.0631715 0.0618748 0.0079977 0.0485143 0.0495725 0.0470989 0.0480215 0.0495289 0.0558687 0.0455601 0.0453773 0.0581396 0.0108974 0.0581047 
Dasyuridae_Sarcophilus_harrisii              0.0403927 0.0508858 0.0455774 0.0474362 0.0473574 0.0044957 0.0414762 0.0442621 0.0479513 0.0562940 0.0437695 0.0104033 0.0160967 0.0432818 0.0434671 0.0103367 0.0000000 0.0161079 0.0536071 0.0446906 0.0447143 0.0648695 0.0623497 0.0110682 0.0475670 0.0491467 0.0461102 0.0466202 0.0473098 0.0560414 0.0442247 0.0448377 0.0554607 0.0037506 0.0555802 
Dasyuridae_Planigale_tenuirostris            0.0411670 0.0512621 0.0455210 0.0475509 0.0479600 0.0152635 0.0423981 0.0450387 0.0476432 0.0553194 0.0452116 0.0152551 0.0135900 0.0447313 0.0439791 0.0154523 0.0161079 0.0000000 0.0535643 0.0460569 0.0449286 0.0645672 0.0624980 0.0151638 0.0478347 0.0510982 0.0464985 0.0480268 0.0476989 0.0572994 0.0440435 0.0453712 0.0541208 0.0157475 0.0549447 
Peramelidae_Echymipera_kalubu                0.0411383 0.0495377 0.0433000 0.0458474 0.0457624 0.0542666 0.0410554 0.0440100 0.0459622 0.0093895 0.0430020 0.0579156 0.0531174 0.0433991 0.0457112 0.0562812 0.0536071 0.0535643 0.0000000 0.0441547 0.0427611 0.0622365 0.0559417 0.0568953 0.0479065 0.0466599 0.0460547 0.0444302 0.0471545 0.0540790 0.0440998 0.0448110 0.0076267 0.0542156 0.0094974 
Macropodidae_Dorcopsulus_vanheurni           0.0225754 0.0366461 0.0295084 0.0121649 0.0115960 0.0442479 0.0241175 0.0273777 0.0107023 0.0445529 0.0264398 0.0474010 0.0453751 0.0269770 0.0238523 0.0459019 0.0446906 0.0460569 0.0441547 0.0000000 0.0262263 0.0515586 0.0494536 0.0459403 0.0169622 0.0379804 0.0272106 0.0059959 0.0257739 0.0345695 0.0244389 0.0270574 0.0445945 0.0442489 0.0435086 
Pseudochiridae_Pseudochirulus_forbesi        0.0218602 0.0364768 0.0282490 0.0269240 0.0272391 0.0446136 0.0218875 0.0246250 0.0266301 0.0418155 0.0247179 0.0476408 0.0455643 0.0246964 0.0218749 0.0458157 0.0447143 0.0449286 0.0427611 0.0262263 0.0000000 0.0531230 0.0527410 0.0457550 0.0281270 0.0375028 0.0167510 0.0269033 0.0083220 0.0318099 0.0228288 0.0247572 0.0430251 0.0438561 0.0412659 
Didelphidae_Didelphis_virginiana             0.0479810 0.0603009 0.0485514 0.0519091 0.0532018 0.0648120 0.0506867 0.0526699 0.0516317 0.0613091 0.0519348 0.0658241 0.0642578 0.0514256 0.0498083 0.0631715 0.0648695 0.0645672 0.0622365 0.0515586 0.0531230 0.0000000 0.0209084 0.0651271 0.0552779 0.0551998 0.0535101 0.0515606 0.0573277 0.0591721 0.0527195 0.0524399 0.0608586 0.0640385 0.0607567 
Marmosidae_Monodelphis_domestica             0.0457246 0.0576045 0.0463815 0.0510974 0.0513103 0.0628849 0.0485622 0.0502547 0.0507458 0.0556411 0.0492594 0.0641795 0.0609963 0.0489613 0.0460920 0.0618748 0.0623497 0.0624980 0.0559417 0.0494536 0.0527410 0.0209084 0.0000000 0.0619453 0.0533294 0.0504452 0.0516257 0.0495238 0.0553828 0.0558422 0.0498608 0.0489803 0.0563975 0.0625152 0.0548621 
Dasyuridae_Antechinus_stuartii               0.0423862 0.0509467 0.0457118 0.0474057 0.0479046 0.0117263 0.0422247 0.0453093 0.0480358 0.0588104 0.0442396 0.0084706 0.0149445 0.0435928 0.0441917 0.0079977 0.0110682 0.0151638 0.0568953 0.0459403 0.0457550 0.0651271 0.0619453 0.0000000 0.0483803 0.0485976 0.0474657 0.0474078 0.0482581 0.0554397 0.0449104 0.0449999 0.0586378 0.0109325 0.0575821 
Hypsiprymnodontidae_Hypsiprymnodon_moschatus 0.0256698 0.0386919 0.0318265 0.0178217 0.0181626 0.0468070 0.0260801 0.0299482 0.0170989 0.0473321 0.0287991 0.0498133 0.0478019 0.0289076 0.0259492 0.0485143 0.0475670 0.0478347 0.0479065 0.0169622 0.0281270 0.0552779 0.0533294 0.0483803 0.0000000 0.0395340 0.0282176 0.0183239 0.0276360 0.0375940 0.0272314 0.0295244 0.0483141 0.0468085 0.0464624 
Microbiotheriidae_Dromiciops_gliroides       0.0347067 0.0423831 0.0361352 0.0389331 0.0387274 0.0489430 0.0336943 0.0363711 0.0394263 0.0461782 0.0361910 0.0512061 0.0500225 0.0355269 0.0355250 0.0495725 0.0491467 0.0510982 0.0466599 0.0379804 0.0375028 0.0551998 0.0504452 0.0485976 0.0395340 0.0000000 0.0376327 0.0377369 0.0389718 0.0456790 0.0381054 0.0357316 0.0471092 0.0491562 0.0456551 
Pseudochiridae_Petauroides_volans            0.0233985 0.0381117 0.0290611 0.0281721 0.0278898 0.0456926 0.0236722 0.0248160 0.0281371 0.0448360 0.0253200 0.0487527 0.0475845 0.0242495 0.0227641 0.0470989 0.0461102 0.0464985 0.0460547 0.0272106 0.0167510 0.0535101 0.0516257 0.0474657 0.0282176 0.0376327 0.0000000 0.0284378 0.0163276 0.0332204 0.0237498 0.0243230 0.0458402 0.0453967 0.0439422 
Macropodidae_Wallabia_bicolor                0.0234486 0.0382894 0.0306131 0.0124189 0.0119597 0.0461786 0.0253737 0.0277242 0.0110646 0.0444421 0.0268921 0.0491226 0.0473447 0.0271756 0.0248805 0.0480215 0.0466202 0.0480268 0.0444302 0.0059959 0.0269033 0.0515606 0.0495238 0.0474078 0.0183239 0.0377369 0.0284378 0.0000000 0.0265028 0.0362332 0.0259963 0.0275237 0.0442265 0.0461658 0.0434519 
Pseudochiridae_Pseudocheirus_occidentalis    0.0222611 0.0388845 0.0304679 0.0273848 0.0273341 0.0474822 0.0218124 0.0246230 0.0269216 0.0457529 0.0257144 0.0503545 0.0494532 0.0250005 0.0224825 0.0495289 0.0473098 0.0476989 0.0471545 0.0257739 0.0083220 0.0573277 0.0553828 0.0482581 0.0276360 0.0389718 0.0163276 0.0265028 0.0000000 0.0325547 0.0217032 0.0255331 0.0467395 0.0467735 0.0460919 
Tarsipedidae_Tarsipes_rostratus              0.0323043 0.0451292 0.0377329 0.0367665 0.0369975 0.0549646 0.0346702 0.0357680 0.0367157 0.0524772 0.0361276 0.0564262 0.0564048 0.0349883 0.0308319 0.0558687 0.0560414 0.0572994 0.0540790 0.0345695 0.0318099 0.0591721 0.0558422 0.0554397 0.0375940 0.0456790 0.0332204 0.0362332 0.0325547 0.0000000 0.0299623 0.0350784 0.0543005 0.0547420 0.0512442 
Acrobatidae_Distoechurus_pennatus            0.0199209 0.0342268 0.0266382 0.0257322 0.0261978 0.0439599 0.0223731 0.0244181 0.0259432 0.0426434 0.0248112 0.0468638 0.0438511 0.0244045 0.0149442 0.0455601 0.0442247 0.0440435 0.0440998 0.0244389 0.0228288 0.0527195 0.0498608 0.0449104 0.0272314 0.0381054 0.0237498 0.0259963 0.0217032 0.0299623 0.0000000 0.0250012 0.0447862 0.0433611 0.0422836 
Phalangeridae_Phalanger_carmelitae           0.0210413 0.0370242 0.0279567 0.0268162 0.0270390 0.0448664 0.0107140 0.0051559 0.0272969 0.0444088 0.0058757 0.0467730 0.0460927 0.0026486 0.0244711 0.0453773 0.0448377 0.0453712 0.0448110 0.0270574 0.0247572 0.0524399 0.0489803 0.0449999 0.0295244 0.0357316 0.0243230 0.0275237 0.0255331 0.0350784 0.0250012 0.0000000 0.0452688 0.0445421 0.0436216 
Peramelidae_Peroryctes_raffrayana            0.0412192 0.0497257 0.0444056 0.0461354 0.0459382 0.0560852 0.0413451 0.0449834 0.0459914 0.0098879 0.0444866 0.0600712 0.0546232 0.0441477 0.0457323 0.0581396 0.0554607 0.0541208 0.0076267 0.0445945 0.0430251 0.0608586 0.0563975 0.0586378 0.0483141 0.0471092 0.0458402 0.0442265 0.0467395 0.0543005 0.0447862 0.0452688 0.0000000 0.0561981 0.0099904 
Dasyuridae_Dasyurus_geffroii                 0.0396976 0.0505578 0.0448793 0.0465304 0.0467526 0.0033229 0.0418026 0.0443792 0.0470424 0.0568631 0.0441214 0.0110888 0.0157121 0.0434657 0.0428818 0.0108974 0.0037506 0.0157475 0.0542156 0.0442489 0.0438561 0.0640385 0.0625152 0.0109325 0.0468085 0.0491562 0.0453967 0.0461658 0.0467735 0.0547420 0.0433611 0.0445421 0.0561981 0.0000000 0.0560207 
Peramelidae_Perameles_gunnii                 0.0385806 0.0484601 0.0425753 0.0451947 0.0445564 0.0555583 0.0399250 0.0432541 0.0448539 0.0003159 0.0425848 0.0597571 0.0547154 0.0425094 0.0431259 0.0581047 0.0555802 0.0549447 0.0094974 0.0435086 0.0412659 0.0607567 0.0548621 0.0575821 0.0464624 0.0456551 0.0439422 0.0434519 0.0460919 0.0512442 0.0422836 0.0436216 0.0099904 0.0560207 0.0000000 
