35
Burramyidae_Burramys_parvus                  0.0000000 0.0419371 0.0300648 0.0333112 0.0330870 0.0451356 0.0283334 0.0303910 0.0325799 0.0624307 0.0284902 0.0407805 0.0426186 0.0280679 0.0339720 0.0421352 0.0430820 0.0425556 0.0578205 0.0298696 0.0281033 0.0537350 0.0564578 0.0420895 0.0306994 0.0328893 0.0273506 0.0292351 0.0309727 0.0397768 0.0345645 0.0260244 0.0612799 0.0439505 0.0588356 
Notoryctidae_Notoryctes_typhlops             0.0419371 0.0000000 0.0353981 0.0399439 0.0404087 0.0481880 0.0381588 0.0418443 0.0375560 0.0668007 0.0388833 0.0467829 0.0468611 0.0404034 0.0408929 0.0460918 0.0468914 0.0473459 0.0570100 0.0374345 0.0376208 0.0593839 0.0603567 0.0472883 0.0388773 0.0382473 0.0374623 0.0366671 0.0391682 0.0463920 0.0445813 0.0377483 0.0623503 0.0466910 0.0588485 
Vombatidae_Lasiorhinus_latifrons             0.0300648 0.0353981 0.0000000 0.0299250 0.0301359 0.0382532 0.0268871 0.0305051 0.0282147 0.0636558 0.0281720 0.0365176 0.0365132 0.0277385 0.0320931 0.0358151 0.0381260 0.0370860 0.0515695 0.0273750 0.0266613 0.0515650 0.0513198 0.0372425 0.0295864 0.0313662 0.0281937 0.0281332 0.0319751 0.0376899 0.0345587 0.0255563 0.0560253 0.0386622 0.0526780 
Potoroidae_Bettongia_penicillata             0.0333112 0.0399439 0.0299250 0.0000000 0.0018600 0.0479110 0.0306445 0.0337259 0.0050508 0.0680447 0.0308807 0.0467569 0.0470597 0.0313520 0.0342103 0.0476267 0.0471953 0.0450190 0.0559485 0.0102682 0.0302159 0.0574443 0.0550810 0.0486420 0.0203189 0.0345413 0.0281928 0.0107284 0.0330841 0.0378074 0.0344561 0.0300665 0.0590763 0.0483041 0.0578224 
Potoroidae_Bettongia_lesueur                 0.0330870 0.0404087 0.0301359 0.0018600 0.0000000 0.0479863 0.0318220 0.0335052 0.0062460 0.0675238 0.0308244 0.0473488 0.0468910 0.0311198 0.0351827 0.0482283 0.0477904 0.0460175 0.0550772 0.0114795 0.0302260 0.0575915 0.0560618 0.0492783 0.0211117 0.0347734 0.0290901 0.0115939 0.0340922 0.0388193 0.0352268 0.0302938 0.0586726 0.0489109 0.0571547 
Dasyuridae_Dasyurus_maculatus                0.0451356 0.0481880 0.0382532 0.0479110 0.0479863 0.0000000 0.0403194 0.0445743 0.0448950 0.0775768 0.0413852 0.0108750 0.0155397 0.0424788 0.0422662 0.0102902 0.0065643 0.0170684 0.0636221 0.0444819 0.0410346 0.0596926 0.0624273 0.0103188 0.0453926 0.0448166 0.0402365 0.0448972 0.0436658 0.0438313 0.0462099 0.0411829 0.0683328 0.0046557 0.0644456 
Phalangeridae_Trichosurus_vulpecula          0.0283334 0.0381588 0.0268871 0.0306445 0.0318220 0.0403194 0.0000000 0.0147713 0.0291726 0.0628423 0.0145966 0.0392426 0.0415027 0.0125315 0.0302821 0.0400506 0.0406210 0.0403190 0.0509696 0.0272736 0.0254025 0.0518638 0.0527627 0.0407335 0.0281380 0.0301415 0.0255757 0.0266804 0.0282655 0.0346062 0.0309802 0.0108301 0.0542232 0.0397213 0.0522551 
Phalangeridae_Spilocuscus_maculatus          0.0303910 0.0418443 0.0305051 0.0337259 0.0335052 0.0445743 0.0147713 0.0000000 0.0326877 0.0619541 0.0121126 0.0426673 0.0447328 0.0071906 0.0327888 0.0429990 0.0440829 0.0439167 0.0515519 0.0298111 0.0274416 0.0552982 0.0562240 0.0418496 0.0322524 0.0336374 0.0280814 0.0298510 0.0316234 0.0388539 0.0328789 0.0072626 0.0548277 0.0431433 0.0531488 
Potoroidae_Aepyprymnus_rufescens             0.0325799 0.0375560 0.0282147 0.0050508 0.0062460 0.0448950 0.0291726 0.0326877 0.0000000 0.0651375 0.0307935 0.0450076 0.0450482 0.0301087 0.0331564 0.0453463 0.0449324 0.0427443 0.0535151 0.0092440 0.0289845 0.0563416 0.0554434 0.0463339 0.0194302 0.0325270 0.0271909 0.0097156 0.0327512 0.0374767 0.0343734 0.0288259 0.0569404 0.0455420 0.0544651 
Peramelidae_Perameles_nasuta                 0.0624307 0.0668007 0.0636558 0.0680447 0.0675238 0.0775768 0.0628423 0.0619541 0.0651375 0.0000000 0.0598943 0.0775186 0.0761430 0.0613577 0.0663238 0.0758392 0.0786224 0.0780307 0.0132785 0.0625345 0.0601442 0.0824227 0.0850703 0.0748215 0.0623669 0.0648459 0.0602314 0.0632370 0.0667912 0.0727142 0.0646015 0.0587542 0.0150234 0.0787690 0.0010347 
Phalangeridae_Strigocuscus_pelengensis       0.0284902 0.0388833 0.0281720 0.0308807 0.0308244 0.0413852 0.0145966 0.0121126 0.0307935 0.0598943 0.0000000 0.0405757 0.0415798 0.0099035 0.0301892 0.0408915 0.0414968 0.0411781 0.0483713 0.0285614 0.0285521 0.0472368 0.0523197 0.0397606 0.0301466 0.0313887 0.0279658 0.0279632 0.0326055 0.0372344 0.0314591 0.0069838 0.0506668 0.0407565 0.0507911 
Dasyuridae_Phascogale_tapoatafa              0.0407805 0.0467829 0.0365176 0.0467569 0.0473488 0.0108750 0.0392426 0.0426673 0.0450076 0.0775186 0.0405757 0.0000000 0.0134774 0.0410919 0.0414428 0.0031526 0.0084840 0.0144274 0.0624850 0.0430585 0.0407230 0.0586823 0.0607337 0.0052549 0.0442666 0.0442770 0.0399275 0.0442805 0.0430557 0.0419663 0.0450430 0.0388136 0.0670960 0.0106541 0.0642435 
Dasyuridae_Sminthopsis_macroura              0.0426186 0.0468611 0.0365132 0.0470597 0.0468910 0.0155397 0.0415027 0.0447328 0.0450482 0.0761430 0.0415798 0.0134774 0.0000000 0.0433858 0.0433826 0.0126882 0.0138578 0.0139814 0.0623052 0.0428929 0.0414429 0.0573809 0.0593599 0.0141772 0.0445998 0.0452979 0.0413593 0.0442818 0.0443675 0.0455356 0.0473342 0.0413444 0.0675770 0.0155174 0.0630954 
Phalangeridae_Phalanger_orientalis           0.0280679 0.0404034 0.0277385 0.0313520 0.0311198 0.0424788 0.0125315 0.0071906 0.0301087 0.0613577 0.0099035 0.0410919 0.0433858 0.0000000 0.0302353 0.0413952 0.0425308 0.0416339 0.0499302 0.0279440 0.0269661 0.0536108 0.0557245 0.0405485 0.0301385 0.0307658 0.0266789 0.0280065 0.0318700 0.0375326 0.0306201 0.0037731 0.0531846 0.0423549 0.0509723 
Acrobatidae_Acrobates_pygmaeus               0.0339720 0.0408929 0.0320931 0.0342103 0.0351827 0.0422662 0.0302821 0.0327888 0.0331564 0.0663238 0.0301892 0.0414428 0.0433826 0.0302353 0.0000000 0.0407598 0.0425679 0.0416874 0.0571624 0.0321329 0.0289132 0.0571000 0.0598901 0.0404413 0.0336452 0.0362868 0.0287295 0.0314701 0.0323191 0.0353340 0.0228174 0.0279811 0.0598444 0.0418632 0.0573862 
Dasyuridae_Phascogale_calura                 0.0421352 0.0460918 0.0358151 0.0476267 0.0482283 0.0102902 0.0400506 0.0429990 0.0453463 0.0758392 0.0408915 0.0031526 0.0126882 0.0413952 0.0407598 0.0000000 0.0084967 0.0142304 0.0613766 0.0431685 0.0405456 0.0596668 0.0606153 0.0050697 0.0446023 0.0443532 0.0402487 0.0441054 0.0434038 0.0417985 0.0453705 0.0391319 0.0658449 0.0108689 0.0622558 
Dasyuridae_Sarcophilus_harrisii              0.0430820 0.0468914 0.0381260 0.0471953 0.0477904 0.0065643 0.0406210 0.0440829 0.0449324 0.0786224 0.0414968 0.0084840 0.0138578 0.0425308 0.0425679 0.0084967 0.0000000 0.0154906 0.0641936 0.0429994 0.0410871 0.0606073 0.0612334 0.0093240 0.0456826 0.0451792 0.0407907 0.0441671 0.0434670 0.0428499 0.0470347 0.0407157 0.0690606 0.0063592 0.0647924 
Dasyuridae_Planigale_tenuirostris            0.0425556 0.0473459 0.0370860 0.0450190 0.0460175 0.0170684 0.0403190 0.0439167 0.0427443 0.0780307 0.0411781 0.0144274 0.0139814 0.0416339 0.0416874 0.0142304 0.0154906 0.0000000 0.0618492 0.0406659 0.0407544 0.0583264 0.0589090 0.0138420 0.0435393 0.0436156 0.0407556 0.0421368 0.0432955 0.0441179 0.0455225 0.0404702 0.0663357 0.0172579 0.0630686 
Peramelidae_Echymipera_kalubu                0.0578205 0.0570100 0.0515695 0.0559485 0.0550772 0.0636221 0.0509696 0.0515519 0.0535151 0.0132785 0.0483713 0.0624850 0.0623052 0.0499302 0.0571624 0.0613766 0.0641936 0.0618492 0.0000000 0.0519890 0.0513657 0.0691844 0.0728591 0.0612733 0.0526241 0.0538374 0.0516412 0.0519785 0.0557123 0.0591098 0.0564507 0.0476227 0.0088310 0.0639849 0.0112328 
Macropodidae_Dorcopsulus_vanheurni           0.0298696 0.0374345 0.0273750 0.0102682 0.0114795 0.0444819 0.0272736 0.0298111 0.0092440 0.0625345 0.0285614 0.0430585 0.0428929 0.0279440 0.0321329 0.0431685 0.0429994 0.0406659 0.0519890 0.0000000 0.0270691 0.0556524 0.0544932 0.0439282 0.0180730 0.0323575 0.0270294 0.0064897 0.0309567 0.0352048 0.0321538 0.0268374 0.0557571 0.0438446 0.0528695 
Pseudochiridae_Pseudochirulus_forbesi        0.0281033 0.0376208 0.0266613 0.0302159 0.0302260 0.0410346 0.0254025 0.0274416 0.0289845 0.0601442 0.0285521 0.0407230 0.0414429 0.0269661 0.0289132 0.0405456 0.0410871 0.0407544 0.0513657 0.0270691 0.0000000 0.0530928 0.0543220 0.0409875 0.0261309 0.0318492 0.0115691 0.0275845 0.0120810 0.0247897 0.0284664 0.0247659 0.0537906 0.0406752 0.0514468 
Didelphidae_Didelphis_virginiana             0.0537350 0.0593839 0.0515650 0.0574443 0.0575915 0.0596926 0.0518638 0.0552982 0.0563416 0.0824227 0.0472368 0.0586823 0.0573809 0.0536108 0.0571000 0.0596668 0.0606073 0.0583264 0.0691844 0.0556524 0.0530928 0.0000000 0.0305593 0.0589865 0.0550592 0.0533976 0.0536678 0.0542810 0.0555226 0.0593305 0.0565858 0.0501493 0.0736273 0.0578811 0.0724925 
Marmosidae_Monodelphis_domestica             0.0564578 0.0603567 0.0513198 0.0550810 0.0560618 0.0624273 0.0527627 0.0562240 0.0554434 0.0850703 0.0523197 0.0607337 0.0593599 0.0557245 0.0598901 0.0606153 0.0612334 0.0589090 0.0728591 0.0544932 0.0543220 0.0305593 0.0000000 0.0606481 0.0561176 0.0529601 0.0537675 0.0539672 0.0576471 0.0602909 0.0585968 0.0527859 0.0752664 0.0602906 0.0758158 
Dasyuridae_Antechinus_stuartii               0.0420895 0.0472883 0.0372425 0.0486420 0.0492783 0.0103188 0.0407335 0.0418496 0.0463339 0.0748215 0.0397606 0.0052549 0.0141772 0.0405485 0.0404413 0.0050697 0.0093240 0.0138420 0.0612733 0.0439282 0.0409875 0.0589865 0.0606481 0.0000000 0.0456026 0.0445135 0.0406882 0.0450752 0.0433183 0.0427314 0.0455382 0.0386978 0.0644321 0.0106965 0.0613770 
Hypsiprymnodontidae_Hypsiprymnodon_moschatus 0.0306994 0.0388773 0.0295864 0.0203189 0.0211117 0.0453926 0.0281380 0.0322524 0.0194302 0.0623669 0.0301466 0.0442666 0.0445998 0.0301385 0.0336452 0.0446023 0.0456826 0.0435393 0.0526241 0.0180730 0.0261309 0.0550592 0.0561176 0.0456026 0.0000000 0.0334636 0.0267647 0.0186638 0.0323283 0.0377820 0.0351208 0.0281657 0.0571630 0.0452704 0.0539013 
Microbiotheriidae_Dromiciops_gliroides       0.0328893 0.0382473 0.0313662 0.0345413 0.0347734 0.0448166 0.0301415 0.0336374 0.0325270 0.0648459 0.0313887 0.0442770 0.0452979 0.0307658 0.0362868 0.0443532 0.0451792 0.0436156 0.0538374 0.0323575 0.0318492 0.0533976 0.0529601 0.0445135 0.0334636 0.0000000 0.0317414 0.0307553 0.0352951 0.0404457 0.0370850 0.0289637 0.0581017 0.0454586 0.0551974 
Pseudochiridae_Petauroides_volans            0.0273506 0.0374623 0.0281937 0.0281928 0.0290901 0.0402365 0.0255757 0.0280814 0.0271909 0.0602314 0.0279658 0.0399275 0.0413593 0.0266789 0.0287295 0.0402487 0.0407907 0.0407556 0.0516412 0.0270294 0.0115691 0.0536678 0.0537675 0.0406882 0.0267647 0.0317414 0.0000000 0.0268922 0.0165305 0.0240148 0.0284685 0.0244979 0.0531384 0.0408433 0.0517291 
Macropodidae_Wallabia_bicolor                0.0292351 0.0366671 0.0281332 0.0107284 0.0115939 0.0448972 0.0266804 0.0298510 0.0097156 0.0632370 0.0279632 0.0442805 0.0442818 0.0280065 0.0314701 0.0441054 0.0441671 0.0421368 0.0519785 0.0064897 0.0275845 0.0542810 0.0539672 0.0450752 0.0186638 0.0307553 0.0268922 0.0000000 0.0302704 0.0344917 0.0321691 0.0266870 0.0559484 0.0437541 0.0529334 
Pseudochiridae_Pseudocheirus_occidentalis    0.0309727 0.0391682 0.0319751 0.0330841 0.0340922 0.0436658 0.0282655 0.0316234 0.0327512 0.0667912 0.0326055 0.0430557 0.0443675 0.0318700 0.0323191 0.0434038 0.0434670 0.0432955 0.0557123 0.0309567 0.0120810 0.0555226 0.0576471 0.0433183 0.0323283 0.0352951 0.0165305 0.0302704 0.0000000 0.0290838 0.0326249 0.0295455 0.0591649 0.0438096 0.0567027 
Tarsipedidae_Tarsipes_rostratus              0.0397768 0.0463920 0.0376899 0.0378074 0.0388193 0.0438313 0.0346062 0.0388539 0.0374767 0.0727142 0.0372344 0.0419663 0.0455356 0.0375326 0.0353340 0.0417985 0.0428499 0.0441179 0.0591098 0.0352048 0.0247897 0.0593305 0.0602909 0.0427314 0.0377820 0.0404457 0.0240148 0.0344917 0.0290838 0.0000000 0.0377689 0.0348086 0.0629626 0.0434182 0.0613396 
Acrobatidae_Distoechurus_pennatus            0.0345645 0.0445813 0.0345587 0.0344561 0.0352268 0.0462099 0.0309802 0.0328789 0.0343734 0.0646015 0.0314591 0.0450430 0.0473342 0.0306201 0.0228174 0.0453705 0.0470347 0.0455225 0.0564507 0.0321538 0.0284664 0.0565858 0.0585968 0.0455382 0.0351208 0.0370850 0.0284685 0.0321691 0.0326249 0.0377689 0.0000000 0.0290163 0.0598340 0.0458197 0.0584779 
Phalangeridae_Phalanger_carmelitae           0.0260244 0.0377483 0.0255563 0.0300665 0.0302938 0.0411829 0.0108301 0.0072626 0.0288259 0.0587542 0.0069838 0.0388136 0.0413444 0.0037731 0.0279811 0.0391319 0.0407157 0.0404702 0.0476227 0.0268374 0.0247659 0.0501493 0.0527859 0.0386978 0.0281657 0.0289637 0.0244979 0.0266870 0.0295455 0.0348086 0.0290163 0.0000000 0.0503467 0.0405364 0.0489034 
Peramelidae_Peroryctes_raffrayana            0.0612799 0.0623503 0.0560253 0.0590763 0.0586726 0.0683328 0.0542232 0.0548277 0.0569404 0.0150234 0.0506668 0.0670960 0.0675770 0.0531846 0.0598444 0.0658449 0.0690606 0.0663357 0.0088310 0.0557571 0.0537906 0.0736273 0.0752664 0.0644321 0.0571630 0.0581017 0.0531384 0.0559484 0.0591649 0.0629626 0.0598340 0.0503467 0.0000000 0.0685156 0.0132651 
Dasyuridae_Dasyurus_geffroii                 0.0439505 0.0466910 0.0386622 0.0483041 0.0489109 0.0046557 0.0397213 0.0431433 0.0455420 0.0787690 0.0407565 0.0106541 0.0155174 0.0423549 0.0418632 0.0108689 0.0063592 0.0172579 0.0639849 0.0438446 0.0406752 0.0578811 0.0602906 0.0106965 0.0452704 0.0454586 0.0408433 0.0437541 0.0438096 0.0434182 0.0458197 0.0405364 0.0685156 0.0000000 0.0643526 
Peramelidae_Perameles_gunnii                 0.0588356 0.0588485 0.0526780 0.0578224 0.0571547 0.0644456 0.0522551 0.0531488 0.0544651 0.0010347 0.0507911 0.0642435 0.0630954 0.0509723 0.0573862 0.0622558 0.0647924 0.0630686 0.0112328 0.0528695 0.0514468 0.0724925 0.0758158 0.0613770 0.0539013 0.0551974 0.0517291 0.0529334 0.0567027 0.0613396 0.0584779 0.0489034 0.0132651 0.0643526 0.0000000 
