35
Burramyidae_Burramys_parvus                  0.0000000 0.0339836 0.0237886 0.0290241 0.0296646 0.0333424 0.0271735 0.0209927 0.0298992 0.0371971 0.0212025 0.0351270 0.0323539 0.0214948 0.0222565 0.0339887 0.0336877 0.0315910 0.0369515 0.0290839 0.0277246 0.0502060 0.0447684 0.0327200 0.0297176 0.0359342 0.0263326 0.0257724 0.0242216 0.0311939 0.0250679 0.0213189 0.0370705 0.0331998 0.0374588 
Notoryctidae_Notoryctes_typhlops             0.0339836 0.0000000 0.0330718 0.0417423 0.0418734 0.0408370 0.0387313 0.0337407 0.0423656 0.0388528 0.0349494 0.0425648 0.0400737 0.0339805 0.0345276 0.0406564 0.0407200 0.0396255 0.0394351 0.0414661 0.0415884 0.0519344 0.0470921 0.0400836 0.0422113 0.0407106 0.0393104 0.0386653 0.0363642 0.0428369 0.0382393 0.0336041 0.0392408 0.0405227 0.0391026 
Vombatidae_Lasiorhinus_latifrons             0.0237886 0.0330718 0.0000000 0.0295054 0.0301551 0.0329591 0.0266446 0.0238585 0.0310501 0.0366126 0.0247534 0.0355633 0.0328153 0.0235796 0.0234663 0.0337491 0.0341107 0.0323206 0.0367165 0.0302995 0.0295336 0.0468056 0.0452969 0.0327929 0.0319804 0.0340415 0.0284700 0.0272580 0.0263798 0.0327025 0.0269758 0.0230783 0.0374903 0.0331415 0.0368635 
Potoroidae_Bettongia_penicillata             0.0290241 0.0417423 0.0295054 0.0000000 0.0037330 0.0432828 0.0320732 0.0284787 0.0088033 0.0452243 0.0302317 0.0451684 0.0419203 0.0293237 0.0294959 0.0425662 0.0438080 0.0422710 0.0461705 0.0142256 0.0356095 0.0543123 0.0498472 0.0416550 0.0257858 0.0401320 0.0321053 0.0113001 0.0323796 0.0391035 0.0334326 0.0294556 0.0461531 0.0431463 0.0454664 
Potoroidae_Bettongia_lesueur                 0.0296646 0.0418734 0.0301551 0.0037330 0.0000000 0.0437623 0.0319361 0.0291042 0.0083011 0.0453259 0.0310588 0.0457106 0.0423836 0.0299607 0.0304548 0.0430368 0.0442940 0.0429931 0.0461299 0.0146773 0.0364945 0.0536280 0.0495257 0.0421176 0.0257408 0.0407359 0.0327909 0.0117147 0.0328028 0.0393236 0.0336508 0.0300936 0.0462049 0.0436245 0.0456067 
Dasyuridae_Dasyurus_maculatus                0.0333424 0.0408370 0.0329591 0.0432828 0.0437623 0.0000000 0.0372814 0.0338965 0.0438708 0.0431077 0.0340766 0.0115400 0.0141517 0.0334285 0.0334684 0.0114142 0.0049859 0.0136681 0.0426480 0.0416290 0.0395147 0.0530480 0.0492121 0.0104494 0.0415778 0.0415056 0.0387891 0.0391814 0.0361046 0.0423937 0.0363683 0.0335616 0.0445368 0.0022636 0.0435195 
Phalangeridae_Trichosurus_vulpecula          0.0271735 0.0387313 0.0266446 0.0320732 0.0319361 0.0372814 0.0000000 0.0153340 0.0312867 0.0413396 0.0156134 0.0404569 0.0353982 0.0155035 0.0248096 0.0385149 0.0376846 0.0355261 0.0408914 0.0317241 0.0315114 0.0487341 0.0497860 0.0376252 0.0335764 0.0390232 0.0272840 0.0289569 0.0275197 0.0294078 0.0304237 0.0153227 0.0422323 0.0374930 0.0414136 
Phalangeridae_Spilocuscus_maculatus          0.0209927 0.0337407 0.0238585 0.0284787 0.0291042 0.0338965 0.0153340 0.0000000 0.0292094 0.0365400 0.0069230 0.0362721 0.0329164 0.0061436 0.0227958 0.0340509 0.0335888 0.0326904 0.0359866 0.0284919 0.0276729 0.0501329 0.0449255 0.0331395 0.0306239 0.0339087 0.0253783 0.0252967 0.0242040 0.0295148 0.0262870 0.0058477 0.0365987 0.0337556 0.0366158 
Potoroidae_Aepyprymnus_rufescens             0.0298992 0.0423656 0.0310501 0.0088033 0.0083011 0.0438708 0.0312867 0.0292094 0.0000000 0.0460759 0.0299940 0.0461635 0.0421998 0.0292353 0.0298989 0.0435280 0.0442334 0.0428962 0.0468181 0.0150230 0.0368833 0.0552019 0.0509934 0.0431129 0.0256773 0.0414552 0.0335049 0.0129735 0.0333265 0.0390439 0.0342405 0.0293574 0.0466491 0.0433945 0.0463177 
Peramelidae_Perameles_nasuta                 0.0371971 0.0388528 0.0366126 0.0452243 0.0453259 0.0431077 0.0413396 0.0365400 0.0460759 0.0000000 0.0358061 0.0463259 0.0420019 0.0366281 0.0376034 0.0432683 0.0443404 0.0424255 0.0082305 0.0468444 0.0440010 0.0586339 0.0524351 0.0425376 0.0472259 0.0441134 0.0412659 0.0432759 0.0384351 0.0449933 0.0404891 0.0364275 0.0088349 0.0436424 0.0000010 
Phalangeridae_Strigocuscus_pelengensis       0.0212025 0.0349494 0.0247534 0.0302317 0.0310588 0.0340766 0.0156134 0.0069230 0.0299940 0.0358061 0.0000000 0.0370590 0.0332806 0.0059119 0.0234908 0.0344128 0.0339394 0.0330449 0.0350764 0.0302420 0.0282978 0.0504490 0.0463544 0.0339559 0.0309541 0.0353021 0.0264166 0.0268318 0.0242834 0.0292620 0.0249840 0.0057593 0.0363549 0.0339085 0.0358609 
Dasyuridae_Phascogale_tapoatafa              0.0351270 0.0425648 0.0355633 0.0451684 0.0457106 0.0115400 0.0404569 0.0362721 0.0461635 0.0463259 0.0370590 0.0000000 0.0144815 0.0363164 0.0358676 0.0044480 0.0121928 0.0144508 0.0454460 0.0443713 0.0416787 0.0568390 0.0520734 0.0065118 0.0452256 0.0448686 0.0410565 0.0418528 0.0384868 0.0457464 0.0387523 0.0359341 0.0473365 0.0110686 0.0467686 
Dasyuridae_Sminthopsis_macroura              0.0323539 0.0400737 0.0328153 0.0419203 0.0423836 0.0141517 0.0353982 0.0329164 0.0421998 0.0420019 0.0332806 0.0144815 0.0000000 0.0334536 0.0316857 0.0136882 0.0146147 0.0096713 0.0417024 0.0408004 0.0380196 0.0546285 0.0502160 0.0133259 0.0420891 0.0401840 0.0377951 0.0378454 0.0349421 0.0402062 0.0354304 0.0332605 0.0435860 0.0138595 0.0424152 
Phalangeridae_Phalanger_orientalis           0.0214948 0.0339805 0.0235796 0.0293237 0.0299607 0.0334285 0.0155035 0.0061436 0.0292353 0.0366281 0.0059119 0.0363164 0.0334536 0.0000000 0.0228118 0.0336123 0.0337803 0.0325520 0.0362471 0.0293379 0.0274004 0.0485302 0.0445699 0.0333438 0.0301912 0.0346129 0.0252479 0.0259664 0.0239013 0.0283946 0.0247504 0.0021215 0.0370288 0.0334508 0.0368706 
Acrobatidae_Acrobates_pygmaeus               0.0222565 0.0345276 0.0234663 0.0294959 0.0304548 0.0334684 0.0248096 0.0227958 0.0298989 0.0376034 0.0234908 0.0358676 0.0316857 0.0228118 0.0000000 0.0331215 0.0338267 0.0326902 0.0372464 0.0292562 0.0245329 0.0483445 0.0432078 0.0336933 0.0311555 0.0358071 0.0223372 0.0263515 0.0212464 0.0280050 0.0156704 0.0229497 0.0368607 0.0331590 0.0378887 
Dasyuridae_Phascogale_calura                 0.0339887 0.0406564 0.0337491 0.0425662 0.0430368 0.0114142 0.0385149 0.0340509 0.0435280 0.0432683 0.0344128 0.0044480 0.0136882 0.0336123 0.0331215 0.0000000 0.0118705 0.0134884 0.0424700 0.0419842 0.0395073 0.0532494 0.0493947 0.0061730 0.0431040 0.0421293 0.0389518 0.0393437 0.0364498 0.0430996 0.0361293 0.0335809 0.0445282 0.0108302 0.0436799 
Dasyuridae_Sarcophilus_harrisii              0.0336877 0.0407200 0.0341107 0.0438080 0.0442940 0.0049859 0.0376846 0.0335888 0.0442334 0.0443404 0.0339394 0.0121928 0.0146147 0.0337803 0.0338267 0.0118705 0.0000000 0.0149219 0.0438835 0.0421530 0.0400343 0.0536873 0.0494761 0.0109059 0.0419316 0.0422301 0.0389759 0.0396969 0.0359691 0.0432782 0.0365470 0.0335867 0.0454463 0.0047009 0.0447726 
Dasyuridae_Planigale_tenuirostris            0.0315910 0.0396255 0.0323206 0.0422710 0.0429931 0.0136681 0.0355261 0.0326904 0.0428962 0.0424255 0.0330449 0.0144508 0.0096713 0.0325520 0.0326902 0.0134884 0.0149219 0.0000000 0.0417926 0.0406410 0.0384396 0.0544082 0.0489544 0.0125665 0.0421349 0.0413104 0.0376185 0.0375248 0.0358259 0.0395960 0.0364154 0.0327063 0.0441520 0.0132041 0.0428603 
Peramelidae_Echymipera_kalubu                0.0369515 0.0394351 0.0367165 0.0461705 0.0461299 0.0426480 0.0408914 0.0359866 0.0468181 0.0082305 0.0350764 0.0454460 0.0417024 0.0362471 0.0372464 0.0424700 0.0438835 0.0417926 0.0000000 0.0464345 0.0428770 0.0581622 0.0527673 0.0417498 0.0472828 0.0442500 0.0409778 0.0436754 0.0383661 0.0459426 0.0402033 0.0360474 0.0083800 0.0428209 0.0082049 
Macropodidae_Dorcopsulus_vanheurni           0.0290839 0.0414661 0.0302995 0.0142256 0.0146773 0.0416290 0.0317241 0.0284919 0.0150230 0.0468444 0.0302420 0.0443713 0.0408004 0.0293379 0.0292562 0.0419842 0.0421530 0.0406410 0.0464345 0.0000000 0.0355965 0.0546942 0.0495550 0.0414306 0.0238455 0.0399737 0.0338899 0.0088234 0.0332111 0.0399514 0.0327000 0.0294705 0.0460297 0.0414915 0.0470969 
Pseudochiridae_Pseudochirulus_forbesi        0.0277246 0.0415884 0.0295336 0.0356095 0.0364945 0.0395147 0.0315114 0.0276729 0.0368833 0.0440010 0.0282978 0.0416787 0.0380196 0.0274004 0.0245329 0.0395073 0.0400343 0.0384396 0.0428770 0.0355965 0.0000000 0.0544725 0.0488760 0.0387450 0.0368136 0.0408504 0.0186059 0.0319745 0.0123554 0.0299645 0.0267906 0.0278513 0.0437313 0.0393738 0.0440733 
Didelphidae_Didelphis_virginiana             0.0502060 0.0519344 0.0468056 0.0543123 0.0536280 0.0530480 0.0487341 0.0501329 0.0552019 0.0586339 0.0504490 0.0568390 0.0546285 0.0485302 0.0483445 0.0532494 0.0536873 0.0544082 0.0581622 0.0546942 0.0544725 0.0000000 0.0217766 0.0530056 0.0571610 0.0539148 0.0529034 0.0523508 0.0520552 0.0536287 0.0483858 0.0484950 0.0589109 0.0534491 0.0588809 
Marmosidae_Monodelphis_domestica             0.0447684 0.0470921 0.0452969 0.0498472 0.0495257 0.0492121 0.0497860 0.0449255 0.0509934 0.0524351 0.0463544 0.0520734 0.0502160 0.0445699 0.0432078 0.0493947 0.0494761 0.0489544 0.0527673 0.0495550 0.0488760 0.0217766 0.0000000 0.0489518 0.0526039 0.0482517 0.0479925 0.0459486 0.0460170 0.0509773 0.0471131 0.0447187 0.0525098 0.0488617 0.0524984 
Dasyuridae_Antechinus_stuartii               0.0327200 0.0400836 0.0327929 0.0416550 0.0421176 0.0104494 0.0376252 0.0331395 0.0431129 0.0425376 0.0339559 0.0065118 0.0133259 0.0333438 0.0336933 0.0061730 0.0109059 0.0125665 0.0417498 0.0414306 0.0387450 0.0530056 0.0489518 0.0000000 0.0418540 0.0408946 0.0375257 0.0385797 0.0351811 0.0431429 0.0370738 0.0331578 0.0436058 0.0098610 0.0429624 
Hypsiprymnodontidae_Hypsiprymnodon_moschatus 0.0297176 0.0422113 0.0319804 0.0257858 0.0257408 0.0415778 0.0335764 0.0306239 0.0256773 0.0472259 0.0309541 0.0452256 0.0420891 0.0301912 0.0311555 0.0431040 0.0419316 0.0421349 0.0472828 0.0238455 0.0368136 0.0571610 0.0526039 0.0418540 0.0000000 0.0432567 0.0349026 0.0224797 0.0342641 0.0410229 0.0343925 0.0298207 0.0478226 0.0415983 0.0474661 
Microbiotheriidae_Dromiciops_gliroides       0.0359342 0.0407106 0.0340415 0.0401320 0.0407359 0.0415056 0.0390232 0.0339087 0.0414552 0.0441134 0.0353021 0.0448686 0.0401840 0.0346129 0.0358071 0.0421293 0.0422301 0.0413104 0.0442500 0.0399737 0.0408504 0.0539148 0.0482517 0.0408946 0.0432567 0.0000000 0.0390241 0.0367593 0.0370463 0.0423321 0.0373766 0.0349171 0.0441868 0.0408618 0.0443936 
Pseudochiridae_Petauroides_volans            0.0263326 0.0393104 0.0284700 0.0321053 0.0327909 0.0387891 0.0272840 0.0253783 0.0335049 0.0412659 0.0264166 0.0410565 0.0377951 0.0252479 0.0223372 0.0389518 0.0389759 0.0376185 0.0409778 0.0338899 0.0186059 0.0529034 0.0479925 0.0375257 0.0349026 0.0390241 0.0000000 0.0291609 0.0132983 0.0264437 0.0249445 0.0255454 0.0421684 0.0386477 0.0416817 
Macropodidae_Wallabia_bicolor                0.0257724 0.0386653 0.0272580 0.0113001 0.0117147 0.0391814 0.0289569 0.0252967 0.0129735 0.0432759 0.0268318 0.0418528 0.0378454 0.0259664 0.0263515 0.0393437 0.0396969 0.0375248 0.0436754 0.0088234 0.0319745 0.0523508 0.0459486 0.0385797 0.0224797 0.0367593 0.0291609 0.0000000 0.0291867 0.0351491 0.0293107 0.0260995 0.0431741 0.0390239 0.0434851 
Pseudochiridae_Pseudocheirus_occidentalis    0.0242216 0.0363642 0.0263798 0.0323796 0.0328028 0.0361046 0.0275197 0.0242040 0.0333265 0.0384351 0.0242834 0.0384868 0.0349421 0.0239013 0.0212464 0.0364498 0.0359691 0.0358259 0.0383661 0.0332111 0.0123554 0.0520552 0.0460170 0.0351811 0.0342641 0.0370463 0.0132983 0.0291867 0.0000000 0.0259316 0.0238356 0.0243811 0.0389273 0.0359721 0.0387224 
Tarsipedidae_Tarsipes_rostratus              0.0311939 0.0428369 0.0327025 0.0391035 0.0393236 0.0423937 0.0294078 0.0295148 0.0390439 0.0449933 0.0292620 0.0457464 0.0402062 0.0283946 0.0280050 0.0430996 0.0432782 0.0395960 0.0459426 0.0399514 0.0299645 0.0536287 0.0509773 0.0431429 0.0410229 0.0423321 0.0264437 0.0351491 0.0259316 0.0000000 0.0268616 0.0291918 0.0460981 0.0418883 0.0452021 
Acrobatidae_Distoechurus_pennatus            0.0250679 0.0382393 0.0269758 0.0334326 0.0336508 0.0363683 0.0304237 0.0262870 0.0342405 0.0404891 0.0249840 0.0387523 0.0354304 0.0247504 0.0156704 0.0361293 0.0365470 0.0364154 0.0402033 0.0327000 0.0267906 0.0483858 0.0471131 0.0370738 0.0343925 0.0373766 0.0249445 0.0293107 0.0238356 0.0268616 0.0000000 0.0254196 0.0407683 0.0365748 0.0407598 
Phalangeridae_Phalanger_carmelitae           0.0213189 0.0336041 0.0230783 0.0294556 0.0300936 0.0335616 0.0153227 0.0058477 0.0293574 0.0364275 0.0057593 0.0359341 0.0332605 0.0021215 0.0229497 0.0335809 0.0335867 0.0327063 0.0360474 0.0294705 0.0278513 0.0484950 0.0447187 0.0331578 0.0298207 0.0349171 0.0255454 0.0260995 0.0243811 0.0291918 0.0254196 0.0000000 0.0368272 0.0334208 0.0365036 
Peramelidae_Peroryctes_raffrayana            0.0370705 0.0392408 0.0374903 0.0461531 0.0462049 0.0445368 0.0422323 0.0365987 0.0466491 0.0088349 0.0363549 0.0473365 0.0435860 0.0370288 0.0368607 0.0445282 0.0454463 0.0441520 0.0083800 0.0460297 0.0437313 0.0589109 0.0525098 0.0436058 0.0478226 0.0441868 0.0421684 0.0431741 0.0389273 0.0460981 0.0407683 0.0368272 0.0000000 0.0443936 0.0088223 
Dasyuridae_Dasyurus_geffroii                 0.0331998 0.0405227 0.0331415 0.0431463 0.0436245 0.0022636 0.0374930 0.0337556 0.0433945 0.0436424 0.0339085 0.0110686 0.0138595 0.0334508 0.0331590 0.0108302 0.0047009 0.0132041 0.0428209 0.0414915 0.0393738 0.0534491 0.0488617 0.0098610 0.0415983 0.0408618 0.0386477 0.0390239 0.0359721 0.0418883 0.0365748 0.0334208 0.0443936 0.0000000 0.0440309 
Peramelidae_Perameles_gunnii                 0.0374588 0.0391026 0.0368635 0.0454664 0.0456067 0.0435195 0.0414136 0.0366158 0.0463177 0.0000010 0.0358609 0.0467686 0.0424152 0.0368706 0.0378887 0.0436799 0.0447726 0.0428603 0.0082049 0.0470969 0.0440733 0.0588809 0.0524984 0.0429624 0.0474661 0.0443936 0.0416817 0.0434851 0.0387224 0.0452021 0.0407598 0.0365036 0.0088223 0.0440309 0.0000000 
