192
I0185_86_Accipitridae_Buteo_jamaicensis                   0.0000000 0.0454834 0.0426536 0.0429402 0.0519269 0.0437095 0.0338875 0.0408240 0.0625311 0.0595029 0.0334137 0.0545692 0.0465439 0.0496931 0.0524454 0.0373031 0.0192977 0.0528794 0.0264628 0.0523508 0.0549186 0.0275742 0.0292368 0.0251677 0.0416978 0.0298121 0.0582051 0.0612937 0.0634050 0.0290638 0.0516260 0.0517455 0.0482411 0.0488535 0.0389971 0.0614465 0.0537516 0.0627924 0.0525227 0.0700326 0.0552328 0.0499838 0.0912899 0.0736050 0.0824961 0.0591474 0.0630982 0.0428109 0.0555855 0.0341968 0.0539235 0.0505051 0.0277675 0.0456775 0.0507421 0.0534596 0.0396618 0.0372203 0.0296907 0.0532320 0.0475061 0.0304807 0.0305683 0.0724057 0.0492805 0.0587043 0.0433356 0.0278026 0.0367507 0.0657334 0.0589120 0.0378657 0.0578060 0.0604237 0.0539528 0.0515636 0.0334823 0.0306807 0.0501733 0.0573281 0.0323806 0.0068496 0.0302908 0.0419281 0.0422028 0.0454613 0.0458822 0.0257377 0.0215123 0.0496005 0.0691937 0.0496859 0.0411964 0.0364271 0.0248269 0.0518657 0.0380144 0.0554417 0.0568314 0.0257614 0.0609210 0.0242927 0.0265299 0.0432459 0.0405665 0.0514863 0.0452191 0.0332022 0.0294331 0.0364368 0.0462252 0.0684249 0.0319585 0.0656493 0.0325437 0.0240507 0.0555052 0.0485439 0.0291251 0.0555443 0.0596098 0.0428307 0.0258411 0.0193003 0.0251192 0.0535705 0.0414027 0.0413582 0.0574836 0.0267223 0.0330758 0.0374998 0.0240076 0.0463761 0.0612101 0.0599053 0.0331146 0.0577780 0.0324020 0.0471876 0.0387850 0.0241342 0.0292162 0.0244090 0.0467886 0.0301711 0.0649447 0.0501177 0.0394116 0.0274005 0.0540202 0.0645746 0.0492275 0.0511086 0.0227087 0.0293585 0.0321500 0.0307007 0.0289715 0.0328774 0.0468874 0.0475197 0.0473473 0.0635385 0.0364815 0.0462859 0.0572804 0.0523848 0.0344975 0.0892159 0.0292444 0.0389915 0.0328066 0.0541795 0.0542250 0.0661525 0.0257054 0.0191664 0.0253489 0.0312640 0.0608243 0.0290729 0.0590863 0.0602184 0.0521802 0.0494615 0.0539778 0.0644413 0.0615045 0.0441160 0.0392133 0.0514955 
I0186_111_Momotidae_Momotus_lessonii                      0.0454834 0.0000000 0.0553775 0.0583660 0.0638832 0.0553167 0.0506232 0.0536594 0.0596666 0.0698331 0.0499471 0.0661457 0.0571993 0.0529046 0.0641806 0.0498997 0.0375057 0.0636603 0.0450179 0.0630308 0.0685499 0.0445406 0.0474952 0.0437369 0.0547390 0.0466081 0.0697163 0.0719779 0.0727277 0.0484577 0.0639407 0.0623812 0.0620945 0.0625251 0.0524574 0.0732308 0.0654123 0.0765733 0.0637990 0.0826352 0.0655790 0.0616986 0.1004961 0.0844241 0.0927198 0.0689053 0.0763462 0.0434188 0.0679887 0.0523008 0.0668175 0.0621058 0.0470348 0.0595488 0.0622251 0.0640627 0.0533593 0.0524630 0.0491316 0.0647618 0.0622716 0.0486783 0.0469343 0.0847966 0.0603891 0.0710752 0.0603269 0.0469695 0.0514722 0.0783059 0.0722229 0.0528314 0.0673241 0.0787930 0.0666302 0.0617376 0.0494743 0.0493050 0.0616802 0.0679137 0.0463560 0.0460752 0.0475799 0.0573388 0.0417696 0.0595794 0.0585568 0.0447210 0.0403278 0.0626440 0.0832606 0.0611137 0.0569550 0.0526861 0.0433909 0.0669377 0.0475298 0.0701029 0.0686633 0.0429441 0.0725237 0.0467150 0.0459945 0.0589315 0.0499634 0.0644244 0.0611915 0.0489032 0.0471372 0.0525111 0.0605387 0.0819331 0.0502203 0.0813449 0.0513264 0.0437102 0.0668097 0.0611413 0.0482664 0.0659241 0.0785294 0.0576799 0.0445273 0.0493429 0.0441686 0.0660575 0.0579384 0.0557582 0.0766900 0.0457272 0.0491302 0.0528653 0.0430321 0.0589853 0.0706645 0.0709430 0.0493241 0.0701021 0.0485950 0.0592011 0.0548784 0.0428926 0.0474733 0.0428270 0.0614354 0.0467442 0.0795290 0.0636588 0.0552841 0.0459618 0.0637921 0.0845757 0.0605231 0.0628907 0.0417420 0.0474968 0.0514793 0.0498112 0.0478132 0.0479353 0.0619690 0.0614000 0.0626464 0.0762066 0.0492243 0.0610112 0.0678491 0.0636454 0.0479394 0.0985898 0.0475714 0.0527600 0.0491255 0.0655033 0.0629247 0.0788678 0.0438563 0.0469543 0.0436036 0.0487392 0.0801843 0.0477332 0.0685258 0.0699301 0.0632939 0.0619022 0.0627450 0.0744512 0.0706209 0.0590077 0.0522410 0.0681045 
I0187_115_Trogonidae_Trogon_elegans                       0.0426536 0.0553775 0.0000000 0.0571623 0.0631499 0.0189636 0.0473405 0.0537328 0.0722782 0.0687418 0.0466745 0.0658942 0.0574375 0.0601791 0.0635323 0.0503458 0.0368147 0.0616188 0.0420225 0.0616935 0.0658979 0.0423674 0.0454765 0.0417766 0.0549771 0.0447752 0.0683833 0.0709742 0.0718387 0.0451197 0.0625403 0.0607668 0.0609328 0.0617017 0.0511432 0.0705998 0.0650567 0.0735322 0.0622838 0.0813534 0.0634013 0.0600056 0.1010702 0.0855791 0.0932705 0.0688813 0.0743289 0.0533920 0.0658529 0.0498853 0.0650218 0.0609572 0.0444920 0.0588682 0.0600211 0.0648054 0.0531835 0.0518704 0.0461031 0.0617881 0.0604738 0.0463468 0.0444509 0.0833995 0.0581812 0.0700396 0.0574554 0.0446551 0.0496374 0.0765077 0.0706750 0.0525006 0.0664297 0.0762013 0.0649473 0.0610650 0.0480400 0.0466859 0.0601381 0.0694055 0.0459652 0.0437508 0.0459290 0.0554031 0.0550675 0.0590794 0.0590053 0.0423254 0.0393404 0.0619813 0.0809247 0.0614856 0.0549042 0.0494585 0.0407168 0.0651536 0.0519212 0.0686744 0.0679650 0.0416758 0.0724985 0.0440343 0.0428902 0.0574577 0.0553044 0.0641952 0.0593616 0.0467991 0.0456383 0.0514282 0.0597233 0.0785159 0.0482183 0.0785823 0.0478112 0.0416519 0.0662288 0.0607011 0.0458569 0.0648228 0.0749890 0.0559762 0.0431122 0.0477116 0.0423775 0.0649942 0.0555749 0.0540817 0.0741287 0.0427584 0.0479445 0.0502557 0.0407915 0.0578653 0.0705131 0.0704047 0.0483750 0.0689640 0.0476257 0.0577181 0.0518104 0.0407850 0.0451287 0.0410044 0.0599421 0.0450603 0.0776363 0.0614119 0.0532484 0.0431933 0.0635508 0.0812448 0.0594021 0.0614140 0.0401575 0.0444448 0.0477228 0.0468420 0.0447739 0.0465429 0.0599683 0.0589904 0.0601065 0.0740736 0.0484748 0.0601458 0.0678460 0.0615036 0.0465778 0.0979572 0.0458239 0.0525719 0.0478212 0.0661183 0.0641001 0.0776681 0.0416514 0.0450806 0.0408895 0.0463833 0.0783944 0.0455429 0.0690475 0.0696929 0.0624546 0.0602777 0.0634108 0.0741131 0.0720629 0.0571575 0.0514242 0.0658924 
I0188_135_Apodidae_Streptoprocne_zonaris                  0.0429402 0.0583660 0.0571623 0.0000000 0.0630803 0.0587939 0.0463659 0.0506258 0.0761427 0.0693836 0.0457951 0.0659386 0.0593820 0.0627703 0.0655872 0.0491863 0.0351236 0.0651717 0.0417084 0.0653196 0.0664653 0.0430956 0.0419071 0.0396253 0.0507901 0.0425787 0.0692797 0.0712396 0.0742135 0.0456419 0.0638599 0.0631246 0.0464341 0.0479580 0.0479939 0.0714285 0.0669816 0.0762844 0.0645182 0.0803192 0.0663362 0.0617164 0.0998061 0.0829174 0.0915624 0.0693697 0.0767038 0.0557735 0.0637254 0.0504677 0.0662339 0.0622645 0.0422354 0.0590907 0.0622443 0.0656083 0.0494107 0.0473685 0.0438996 0.0660838 0.0228388 0.0465097 0.0406238 0.0836487 0.0610311 0.0718379 0.0560662 0.0426592 0.0467407 0.0771509 0.0715179 0.0463478 0.0684977 0.0716953 0.0660984 0.0630991 0.0476408 0.0465892 0.0618777 0.0676655 0.0445791 0.0437132 0.0438669 0.0558514 0.0552209 0.0584404 0.0580947 0.0400174 0.0381140 0.0472052 0.0810445 0.0595007 0.0549901 0.0478408 0.0411388 0.0650343 0.0514063 0.0684888 0.0679440 0.0400339 0.0739183 0.0439776 0.0414950 0.0544873 0.0549056 0.0620603 0.0567891 0.0474584 0.0425060 0.0495649 0.0594377 0.0786243 0.0463875 0.0774287 0.0446719 0.0396267 0.0676676 0.0585052 0.0444798 0.0667935 0.0712392 0.0570369 0.0407040 0.0468116 0.0410683 0.0651570 0.0225148 0.0555704 0.0692581 0.0415364 0.0455552 0.0419333 0.0395495 0.0556871 0.0714922 0.0688609 0.0431318 0.0688645 0.0454601 0.0568220 0.0501581 0.0392391 0.0421675 0.0400464 0.0583350 0.0428935 0.0724941 0.0632183 0.0511067 0.0413322 0.0663916 0.0776713 0.0599132 0.0630843 0.0386339 0.0452638 0.0460212 0.0457723 0.0452897 0.0457257 0.0578501 0.0572817 0.0587282 0.0771075 0.0482594 0.0571201 0.0697574 0.0647847 0.0460938 0.0983780 0.0418506 0.0486119 0.0428723 0.0660180 0.0650414 0.0770656 0.0413118 0.0440055 0.0401033 0.0470717 0.0727966 0.0454881 0.0688544 0.0715383 0.0627575 0.0611951 0.0648901 0.0746595 0.0715491 0.0560311 0.0533575 0.0641768 
I0189_225_Eurylaimidae_Smithornis_rufolateralis           0.0519269 0.0638832 0.0631499 0.0630803 0.0000000 0.0641827 0.0555278 0.0612894 0.0820656 0.0757472 0.0556954 0.0465872 0.0643670 0.0668719 0.0391211 0.0582889 0.0447445 0.0377648 0.0520943 0.0378807 0.0400119 0.0511507 0.0529925 0.0503584 0.0614394 0.0532486 0.0748282 0.0516729 0.0534282 0.0542685 0.0371058 0.0368973 0.0685315 0.0689087 0.0582102 0.0529200 0.0399734 0.0807539 0.0372154 0.0875464 0.0392386 0.0349775 0.1055484 0.0891437 0.0952975 0.0495032 0.0812601 0.0610021 0.0685069 0.0590678 0.0399190 0.0365194 0.0529093 0.0648325 0.0349443 0.0390877 0.0594761 0.0603308 0.0541800 0.0383302 0.0657383 0.0552778 0.0516974 0.0899627 0.0343310 0.0751788 0.0661363 0.0525494 0.0593042 0.0842094 0.0754726 0.0590343 0.0744850 0.0820581 0.0394192 0.0364822 0.0581680 0.0555556 0.0362157 0.0732402 0.0521112 0.0521259 0.0538188 0.0615008 0.0617777 0.0653798 0.0648497 0.0518483 0.0474015 0.0699531 0.0871315 0.0679732 0.0609658 0.0573197 0.0500810 0.0700217 0.0597537 0.0738034 0.0740308 0.0506540 0.0774420 0.0537092 0.0519640 0.0637642 0.0613685 0.0715092 0.0666316 0.0558275 0.0536635 0.0595819 0.0662629 0.0863845 0.0567611 0.0843272 0.0566669 0.0499950 0.0411238 0.0689777 0.0537043 0.0472473 0.0816783 0.0628991 0.0516763 0.0549252 0.0511543 0.0301315 0.0615123 0.0601724 0.0807294 0.0519295 0.0555270 0.0565282 0.0496950 0.0656731 0.0759703 0.0751012 0.0569762 0.0321907 0.0555350 0.0651969 0.0606160 0.0510400 0.0536254 0.0501940 0.0685144 0.0541082 0.0810172 0.0703704 0.0603877 0.0518581 0.0719539 0.0882315 0.0407144 0.0358402 0.0487030 0.0533153 0.0585482 0.0555529 0.0538568 0.0559392 0.0655672 0.0652690 0.0689546 0.0800151 0.0577863 0.0677588 0.0424146 0.0374225 0.0557351 0.1032924 0.0544028 0.0598260 0.0543498 0.0298709 0.0455798 0.0847845 0.0514855 0.0533295 0.0509256 0.0566227 0.0845303 0.0542591 0.0487303 0.0507437 0.0439813 0.0216032 0.0453917 0.0546145 0.0533193 0.0636139 0.0599317 0.0497716 
I0190_295_Trogonidae_Apaloderma_aequatoriale              0.0437095 0.0553167 0.0189636 0.0587939 0.0641827 0.0000000 0.0474291 0.0543837 0.0730598 0.0696126 0.0468038 0.0663877 0.0573292 0.0608416 0.0650792 0.0504587 0.0370618 0.0635728 0.0428662 0.0626698 0.0664314 0.0431941 0.0461775 0.0423160 0.0549504 0.0454653 0.0685957 0.0717687 0.0727931 0.0459067 0.0628579 0.0626782 0.0622480 0.0628568 0.0515690 0.0721631 0.0658421 0.0756448 0.0628511 0.0828586 0.0644310 0.0616506 0.1028040 0.0866447 0.0937450 0.0693663 0.0760263 0.0538625 0.0663183 0.0500213 0.0664742 0.0613416 0.0450062 0.0589866 0.0616173 0.0650729 0.0537123 0.0523420 0.0467496 0.0634941 0.0612595 0.0467000 0.0450923 0.0848337 0.0598956 0.0709233 0.0580943 0.0456076 0.0507039 0.0780357 0.0723106 0.0532234 0.0662301 0.0774873 0.0658744 0.0619836 0.0489398 0.0471420 0.0620249 0.0688407 0.0468388 0.0449485 0.0468227 0.0559833 0.0554604 0.0596183 0.0598525 0.0430511 0.0391345 0.0628239 0.0836372 0.0622167 0.0547256 0.0506807 0.0415129 0.0659119 0.0523032 0.0696109 0.0680741 0.0417996 0.0728852 0.0448511 0.0434916 0.0577766 0.0550598 0.0654189 0.0596041 0.0475587 0.0461885 0.0519724 0.0597319 0.0808258 0.0498869 0.0807532 0.0492652 0.0418201 0.0675015 0.0619233 0.0471306 0.0656303 0.0766394 0.0556997 0.0433252 0.0476987 0.0426702 0.0650941 0.0569065 0.0548203 0.0753122 0.0438879 0.0487604 0.0514663 0.0414074 0.0579866 0.0714486 0.0708752 0.0493211 0.0696550 0.0482379 0.0590168 0.0524099 0.0407730 0.0460987 0.0415135 0.0615502 0.0456873 0.0775642 0.0616522 0.0538688 0.0433734 0.0629815 0.0824536 0.0603351 0.0629924 0.0405418 0.0456237 0.0488854 0.0480715 0.0458187 0.0472580 0.0610064 0.0602651 0.0615317 0.0758968 0.0489116 0.0611909 0.0693091 0.0636251 0.0476614 0.0992322 0.0464515 0.0532030 0.0486096 0.0669332 0.0644229 0.0782417 0.0426298 0.0463341 0.0419569 0.0471647 0.0787986 0.0462904 0.0694652 0.0707617 0.0634478 0.0614136 0.0636228 0.0752474 0.0728172 0.0574425 0.0513790 0.0661387 
I0192_375_Musophagidae_Tauraco_macrorhynchus              0.0338875 0.0506232 0.0473405 0.0463659 0.0555278 0.0474291 0.0000000 0.0438957 0.0682612 0.0645975 0.0196973 0.0583634 0.0528559 0.0543680 0.0564250 0.0398241 0.0257153 0.0558489 0.0321333 0.0557951 0.0590453 0.0342746 0.0348674 0.0315913 0.0440979 0.0339472 0.0632329 0.0649515 0.0665590 0.0371769 0.0542691 0.0538233 0.0509038 0.0516166 0.0418128 0.0647843 0.0579652 0.0673986 0.0553935 0.0734998 0.0569055 0.0532400 0.0935434 0.0751804 0.0845607 0.0613410 0.0688929 0.0479818 0.0557075 0.0407648 0.0586880 0.0538510 0.0336861 0.0523008 0.0541247 0.0571292 0.0425837 0.0408808 0.0350538 0.0558324 0.0507474 0.0377272 0.0341542 0.0762735 0.0520361 0.0632039 0.0496786 0.0341615 0.0409536 0.0689653 0.0628944 0.0408404 0.0614271 0.0669984 0.0577225 0.0543428 0.0378647 0.0381197 0.0539326 0.0627256 0.0379326 0.0347143 0.0356491 0.0491647 0.0481824 0.0526939 0.0518199 0.0324300 0.0288954 0.0525640 0.0746360 0.0520907 0.0474326 0.0402098 0.0309297 0.0571105 0.0443231 0.0609454 0.0629454 0.0303835 0.0648605 0.0337401 0.0327449 0.0475956 0.0478608 0.0545408 0.0499001 0.0394283 0.0338939 0.0412274 0.0535677 0.0732203 0.0382103 0.0715634 0.0376411 0.0310364 0.0586137 0.0509483 0.0361065 0.0583898 0.0658621 0.0498144 0.0325879 0.0379066 0.0324980 0.0578248 0.0453603 0.0479889 0.0644770 0.0322741 0.0376161 0.0412512 0.0317549 0.0480654 0.0664711 0.0610729 0.0376070 0.0625290 0.0375207 0.0486783 0.0427700 0.0309861 0.0343551 0.0306685 0.0504619 0.0341978 0.0687683 0.0550947 0.0437794 0.0334022 0.0568834 0.0715587 0.0531936 0.0548603 0.0295231 0.0348938 0.0367546 0.0367990 0.0367633 0.0373069 0.0498632 0.0485020 0.0508864 0.0672396 0.0384796 0.0501420 0.0617349 0.0554452 0.0366918 0.0912112 0.0341175 0.0430762 0.0377183 0.0581400 0.0572761 0.0707884 0.0325414 0.0359944 0.0314045 0.0386641 0.0678187 0.0370045 0.0625553 0.0638982 0.0558039 0.0528768 0.0568825 0.0663485 0.0655519 0.0473222 0.0467261 0.0566825 
I0193_447_Columbidae_Treron_calvus                        0.0408240 0.0536594 0.0537328 0.0506258 0.0612894 0.0543837 0.0438957 0.0000000 0.0716777 0.0696816 0.0427360 0.0627403 0.0567851 0.0580072 0.0622132 0.0461310 0.0247855 0.0612886 0.0388719 0.0608391 0.0641283 0.0403860 0.0406576 0.0384582 0.0193548 0.0407903 0.0681273 0.0680632 0.0703621 0.0432866 0.0610675 0.0593349 0.0574141 0.0583786 0.0165267 0.0686911 0.0626242 0.0716117 0.0605296 0.0780261 0.0624617 0.0592017 0.0977705 0.0825905 0.0881104 0.0653658 0.0734109 0.0539950 0.0627252 0.0482081 0.0626770 0.0599004 0.0400219 0.0565752 0.0588104 0.0612049 0.0177803 0.0466035 0.0411489 0.0607683 0.0551496 0.0450200 0.0395960 0.0808035 0.0574025 0.0678606 0.0552019 0.0408131 0.0479505 0.0721082 0.0680681 0.0460762 0.0665702 0.0714892 0.0628650 0.0600788 0.0436460 0.0451224 0.0591936 0.0663892 0.0368523 0.0409682 0.0412291 0.0535118 0.0535616 0.0565631 0.0575919 0.0387732 0.0355899 0.0586525 0.0778409 0.0566640 0.0525641 0.0463794 0.0381602 0.0622059 0.0498858 0.0665490 0.0666553 0.0376274 0.0699642 0.0416055 0.0397042 0.0519414 0.0530247 0.0607390 0.0537564 0.0456435 0.0406278 0.0480908 0.0559176 0.0760919 0.0444155 0.0758179 0.0457590 0.0378845 0.0629734 0.0564447 0.0429972 0.0628465 0.0709488 0.0535613 0.0388559 0.0448415 0.0386556 0.0629122 0.0503127 0.0519396 0.0690573 0.0392910 0.0436869 0.0456714 0.0373600 0.0540047 0.0691674 0.0657060 0.0439156 0.0657550 0.0429529 0.0540821 0.0478108 0.0370940 0.0408932 0.0376175 0.0562362 0.0408743 0.0735513 0.0582421 0.0490885 0.0406647 0.0601111 0.0771159 0.0575288 0.0601087 0.0366011 0.0427586 0.0443422 0.0434791 0.0417763 0.0429076 0.0562337 0.0549211 0.0560631 0.0710336 0.0443310 0.0559738 0.0648636 0.0608982 0.0426767 0.0948489 0.0415932 0.0160535 0.0432658 0.0632694 0.0615611 0.0747162 0.0387544 0.0419733 0.0385653 0.0456501 0.0733075 0.0420825 0.0661307 0.0671314 0.0599612 0.0570994 0.0612888 0.0707747 0.0691916 0.0533161 0.0516712 0.0622568 
I0194_495_Alcedinidae_Alcedo_quadribrachys                0.0625311 0.0596666 0.0722782 0.0761427 0.0820656 0.0730598 0.0682612 0.0716777 0.0000000 0.0840003 0.0675278 0.0831886 0.0755002 0.0690108 0.0812805 0.0667225 0.0575476 0.0804688 0.0622606 0.0804531 0.0850011 0.0604907 0.0633607 0.0608756 0.0724119 0.0636664 0.0826628 0.0859669 0.0882962 0.0653997 0.0804591 0.0796706 0.0796102 0.0786729 0.0694248 0.0882741 0.0817645 0.0914917 0.0807948 0.0965623 0.0824777 0.0786015 0.1156458 0.0998100 0.1087640 0.0833152 0.0913823 0.0601411 0.0842558 0.0701043 0.0834080 0.0790380 0.0640363 0.0767511 0.0779962 0.0809382 0.0700912 0.0707413 0.0662228 0.0811437 0.0775256 0.0665116 0.0625991 0.0987244 0.0777304 0.0836129 0.0757815 0.0632339 0.0677046 0.0913420 0.0869283 0.0695992 0.0819045 0.0937565 0.0825830 0.0787088 0.0670004 0.0671891 0.0790623 0.0823000 0.0600711 0.0630782 0.0650260 0.0741986 0.0485825 0.0763221 0.0733765 0.0623055 0.0583684 0.0782873 0.0975438 0.0763492 0.0739094 0.0688281 0.0618205 0.0816848 0.0626495 0.0840686 0.0824673 0.0615000 0.0858774 0.0642455 0.0625526 0.0748667 0.0654631 0.0793863 0.0770375 0.0667861 0.0647638 0.0692098 0.0783488 0.0970595 0.0673166 0.0960786 0.0680635 0.0606508 0.0837426 0.0791350 0.0657928 0.0805054 0.0943011 0.0753682 0.0623710 0.0674670 0.0618441 0.0807167 0.0744699 0.0726685 0.0921955 0.0632276 0.0668703 0.0698835 0.0610556 0.0762108 0.0856090 0.0861949 0.0666965 0.0874891 0.0669399 0.0743445 0.0729219 0.0611069 0.0645622 0.0612299 0.0767811 0.0647210 0.0940211 0.0792072 0.0724196 0.0626514 0.0793184 0.0988968 0.0760446 0.0795083 0.0595534 0.0648617 0.0682109 0.0666946 0.0646766 0.0644692 0.0776617 0.0788259 0.0776745 0.0916287 0.0654859 0.0771166 0.0847857 0.0796925 0.0639604 0.1133028 0.0650558 0.0707926 0.0670917 0.0830078 0.0810758 0.0937289 0.0613020 0.0644563 0.0594173 0.0647862 0.0945565 0.0644582 0.0825173 0.0868311 0.0801431 0.0782389 0.0806141 0.0886879 0.0883519 0.0734526 0.0700302 0.0813045 
I0195_522_Ramphastidae_Buccanodon_duchaillui              0.0595029 0.0698331 0.0687418 0.0693836 0.0757472 0.0696126 0.0645975 0.0696816 0.0840003 0.0000000 0.0646434 0.0779114 0.0715128 0.0728983 0.0777223 0.0660583 0.0522473 0.0766075 0.0585776 0.0763457 0.0791494 0.0590293 0.0601345 0.0566842 0.0704710 0.0608711 0.0434960 0.0829116 0.0862842 0.0602442 0.0753858 0.0755944 0.0741196 0.0755002 0.0657561 0.0825290 0.0798602 0.0890127 0.0764288 0.0957027 0.0771957 0.0745205 0.1147112 0.0992901 0.1075018 0.0809407 0.0863937 0.0667653 0.0792230 0.0660310 0.0784930 0.0739307 0.0605359 0.0723995 0.0736278 0.0781933 0.0670022 0.0668329 0.0621431 0.0774048 0.0731718 0.0616710 0.0572019 0.0968375 0.0738527 0.0859124 0.0735132 0.0607721 0.0647443 0.0913808 0.0863794 0.0663979 0.0445176 0.0899195 0.0785739 0.0755774 0.0634842 0.0620513 0.0751657 0.0273672 0.0524354 0.0597192 0.0627125 0.0693596 0.0671601 0.0668567 0.0638238 0.0579381 0.0547796 0.0750336 0.0947764 0.0742088 0.0687237 0.0655506 0.0578531 0.0817705 0.0650567 0.0849135 0.0250186 0.0587147 0.0884522 0.0593387 0.0592777 0.0713234 0.0639625 0.0765906 0.0734236 0.0626821 0.0606039 0.0673116 0.0730705 0.0945274 0.0636277 0.0916954 0.0645497 0.0566168 0.0795956 0.0746322 0.0623432 0.0783452 0.0885977 0.0706649 0.0591888 0.0626130 0.0587356 0.0776444 0.0689678 0.0688990 0.0871983 0.0596076 0.0641037 0.0655537 0.0581030 0.0739559 0.0332382 0.0852635 0.0627570 0.0808893 0.0630774 0.0725712 0.0681227 0.0578459 0.0615310 0.0582657 0.0740620 0.0613152 0.0874872 0.0762686 0.0693475 0.0589203 0.0767695 0.0957619 0.0734205 0.0746658 0.0560931 0.0610201 0.0647340 0.0624304 0.0606029 0.0612429 0.0742105 0.0735749 0.0742596 0.0886148 0.0646380 0.0740830 0.0820092 0.0761720 0.0637075 0.1151547 0.0622132 0.0680215 0.0632417 0.0779427 0.0777733 0.0922546 0.0588972 0.0601906 0.0559321 0.0624802 0.0911725 0.0596329 0.0803913 0.0833119 0.0760120 0.0736422 0.0780375 0.0865547 0.0844771 0.0710132 0.0660790 0.0782441 
I0196_523_Musophagidae_Corythaeola_cristata               0.0334137 0.0499471 0.0466745 0.0457951 0.0556954 0.0468038 0.0196973 0.0427360 0.0675278 0.0646434 0.0000000 0.0580976 0.0514757 0.0532823 0.0560627 0.0391876 0.0250416 0.0558111 0.0311299 0.0560520 0.0584884 0.0338808 0.0333129 0.0307343 0.0438161 0.0333038 0.0632405 0.0642690 0.0666828 0.0361435 0.0546839 0.0554429 0.0509780 0.0518590 0.0403108 0.0648481 0.0573013 0.0680761 0.0561246 0.0746864 0.0571940 0.0535106 0.0937060 0.0746771 0.0842861 0.0611666 0.0679238 0.0475782 0.0560832 0.0406035 0.0584324 0.0540426 0.0334132 0.0519430 0.0540380 0.0572064 0.0423190 0.0405886 0.0349731 0.0560859 0.0510495 0.0370025 0.0339791 0.0769688 0.0516643 0.0638267 0.0495150 0.0332303 0.0409470 0.0689170 0.0632283 0.0408902 0.0614377 0.0657283 0.0577410 0.0549925 0.0376644 0.0370220 0.0543343 0.0622486 0.0367345 0.0336102 0.0348435 0.0486736 0.0472971 0.0518592 0.0519218 0.0310204 0.0278245 0.0520715 0.0735582 0.0517851 0.0474192 0.0401455 0.0299444 0.0566761 0.0433967 0.0617477 0.0620271 0.0300584 0.0651434 0.0338768 0.0317664 0.0462586 0.0475521 0.0536431 0.0483974 0.0376193 0.0334925 0.0412285 0.0527920 0.0725017 0.0376066 0.0704621 0.0368739 0.0299562 0.0587538 0.0506474 0.0346688 0.0589947 0.0639301 0.0486879 0.0315634 0.0375485 0.0311898 0.0572864 0.0447346 0.0476802 0.0627224 0.0321972 0.0368599 0.0400641 0.0305112 0.0487901 0.0658304 0.0605144 0.0369891 0.0613851 0.0365639 0.0489226 0.0415551 0.0299066 0.0334095 0.0301059 0.0497060 0.0330847 0.0681569 0.0543240 0.0427296 0.0326316 0.0566070 0.0702999 0.0530325 0.0548067 0.0283147 0.0343471 0.0366648 0.0363628 0.0348360 0.0364223 0.0494571 0.0483643 0.0502479 0.0679122 0.0383861 0.0494503 0.0601325 0.0552692 0.0366332 0.0898508 0.0334012 0.0420803 0.0363575 0.0575767 0.0568406 0.0699066 0.0310096 0.0355217 0.0306959 0.0376031 0.0664606 0.0352294 0.0622337 0.0644460 0.0558791 0.0533917 0.0562426 0.0668777 0.0652240 0.0468485 0.0456649 0.0566149 
I0197_832_Corvidae_Corvus_albus                           0.0545692 0.0661457 0.0658942 0.0659386 0.0465872 0.0663877 0.0583634 0.0627403 0.0831886 0.0779114 0.0580976 0.0000000 0.0670062 0.0682096 0.0461841 0.0598616 0.0493080 0.0437403 0.0552588 0.0443445 0.0502394 0.0548638 0.0551511 0.0530078 0.0639930 0.0563019 0.0779812 0.0282509 0.0308777 0.0572619 0.0451023 0.0441239 0.0703983 0.0700585 0.0607518 0.0297735 0.0473581 0.0824655 0.0451460 0.0897391 0.0461759 0.0431841 0.1069618 0.0915717 0.0993115 0.0257266 0.0824016 0.0634443 0.0721995 0.0609601 0.0482757 0.0438827 0.0564179 0.0685090 0.0438127 0.0460166 0.0621789 0.0628743 0.0577937 0.0452592 0.0684129 0.0578118 0.0529471 0.0926566 0.0416726 0.0763827 0.0678873 0.0563591 0.0615020 0.0860645 0.0774777 0.0620694 0.0774180 0.0862268 0.0485893 0.0438713 0.0588170 0.0581676 0.0434553 0.0762905 0.0540992 0.0551977 0.0580311 0.0649523 0.0655226 0.0696091 0.0676449 0.0542030 0.0500782 0.0708747 0.0895231 0.0709167 0.0644431 0.0599654 0.0536823 0.0717076 0.0631497 0.0752239 0.0769600 0.0531274 0.0780239 0.0562500 0.0560628 0.0654478 0.0646395 0.0719696 0.0678803 0.0580301 0.0561517 0.0607011 0.0693644 0.0883681 0.0595981 0.0876372 0.0603359 0.0534836 0.0490856 0.0710818 0.0570202 0.0334140 0.0855007 0.0658710 0.0556846 0.0577607 0.0546093 0.0481280 0.0643081 0.0643626 0.0846693 0.0557733 0.0591025 0.0593630 0.0539660 0.0679353 0.0791796 0.0782431 0.0598969 0.0513375 0.0581485 0.0665728 0.0629715 0.0538509 0.0565433 0.0540406 0.0681190 0.0566215 0.0828248 0.0710484 0.0629458 0.0562411 0.0719008 0.0924745 0.0308146 0.0447380 0.0529416 0.0563072 0.0600593 0.0597123 0.0557384 0.0596215 0.0684780 0.0680167 0.0681239 0.0821399 0.0591612 0.0676291 0.0511214 0.0435964 0.0573302 0.1068758 0.0569441 0.0613986 0.0574691 0.0473266 0.0313057 0.0856736 0.0541661 0.0563860 0.0540619 0.0581881 0.0887647 0.0559440 0.0261882 0.0279066 0.0124843 0.0438749 0.0314565 0.0309012 0.0295542 0.0657516 0.0621261 0.0528806 
I0198_937_Bucerotidae_Tockus_camurus                      0.0465439 0.0571993 0.0574375 0.0593820 0.0643670 0.0573292 0.0528559 0.0567851 0.0755002 0.0715128 0.0514757 0.0670062 0.0000000 0.0605618 0.0657342 0.0538125 0.0398191 0.0646872 0.0458443 0.0650112 0.0682672 0.0453642 0.0481231 0.0443085 0.0562917 0.0474234 0.0720116 0.0724734 0.0742535 0.0491863 0.0647986 0.0643699 0.0640801 0.0632572 0.0536413 0.0725195 0.0680766 0.0786262 0.0654052 0.0857819 0.0659611 0.0630165 0.1031177 0.0870380 0.0939951 0.0697813 0.0708406 0.0552848 0.0685969 0.0532557 0.0668183 0.0637578 0.0477595 0.0621937 0.0627478 0.0661623 0.0546760 0.0559408 0.0495125 0.0656530 0.0629034 0.0509114 0.0472257 0.0873774 0.0619382 0.0742732 0.0618671 0.0480621 0.0539492 0.0808909 0.0745538 0.0543249 0.0709317 0.0785651 0.0664022 0.0635437 0.0520066 0.0505758 0.0633151 0.0689262 0.0476512 0.0471681 0.0499269 0.0592824 0.0564395 0.0603394 0.0603980 0.0451260 0.0418577 0.0644618 0.0854101 0.0631985 0.0585666 0.0528530 0.0446438 0.0695467 0.0537608 0.0721513 0.0701299 0.0451381 0.0759307 0.0474721 0.0460734 0.0597251 0.0568380 0.0669045 0.0612248 0.0490478 0.0488250 0.0543072 0.0627044 0.0838862 0.0517166 0.0826456 0.0520440 0.0441067 0.0680459 0.0649063 0.0497954 0.0667959 0.0779584 0.0593180 0.0461532 0.0500080 0.0456161 0.0658662 0.0581330 0.0585396 0.0757513 0.0459643 0.0509089 0.0534732 0.0445782 0.0623424 0.0727091 0.0723496 0.0504379 0.0700436 0.0510273 0.0617089 0.0554934 0.0442282 0.0479330 0.0445012 0.0643777 0.0484716 0.0794666 0.0648670 0.0568112 0.0465964 0.0676152 0.0823215 0.0613831 0.0635227 0.0435738 0.0478885 0.0519463 0.0508284 0.0479464 0.0498192 0.0645032 0.0609662 0.0652179 0.0784312 0.0529135 0.0637424 0.0689139 0.0641458 0.0507038 0.1009790 0.0486348 0.0549040 0.0498791 0.0663760 0.0653934 0.0824101 0.0446688 0.0476849 0.0444219 0.0503299 0.0790545 0.0482218 0.0695427 0.0720773 0.0644042 0.0616341 0.0653375 0.0746684 0.0733401 0.0599534 0.0232745 0.0658628 
I0199_955_Meropidae_Merops_muelleri                       0.0496931 0.0529046 0.0601791 0.0627703 0.0668719 0.0608416 0.0543680 0.0580072 0.0690108 0.0728983 0.0532823 0.0682096 0.0605618 0.0000000 0.0662939 0.0543344 0.0434590 0.0654816 0.0502541 0.0659512 0.0698603 0.0497032 0.0522986 0.0487650 0.0590842 0.0507672 0.0713300 0.0740299 0.0758131 0.0527880 0.0663397 0.0654029 0.0656097 0.0662712 0.0563273 0.0749795 0.0693655 0.0762620 0.0664414 0.0842622 0.0682475 0.0658014 0.1022594 0.0894425 0.0962795 0.0708164 0.0787636 0.0516384 0.0709308 0.0568467 0.0680108 0.0653217 0.0507344 0.0630851 0.0652478 0.0670103 0.0570842 0.0587711 0.0530947 0.0667303 0.0641669 0.0535460 0.0516267 0.0860593 0.0632759 0.0718233 0.0632741 0.0514587 0.0567010 0.0798834 0.0750270 0.0576744 0.0706183 0.0818765 0.0682309 0.0642610 0.0547495 0.0538755 0.0643733 0.0717634 0.0486533 0.0498996 0.0518203 0.0612688 0.0534253 0.0626880 0.0615892 0.0497911 0.0450252 0.0656309 0.0841599 0.0655894 0.0600466 0.0554546 0.0477101 0.0693604 0.0518898 0.0725151 0.0718621 0.0475889 0.0743779 0.0512329 0.0498651 0.0619148 0.0509780 0.0663398 0.0643110 0.0535468 0.0518803 0.0559890 0.0647255 0.0832215 0.0550890 0.0810674 0.0564737 0.0479686 0.0683376 0.0656491 0.0528887 0.0686833 0.0808575 0.0610088 0.0492187 0.0546420 0.0492142 0.0677861 0.0614640 0.0597876 0.0807910 0.0504445 0.0543652 0.0560474 0.0475200 0.0637674 0.0738849 0.0733215 0.0553546 0.0737397 0.0540943 0.0636028 0.0598689 0.0475606 0.0512813 0.0478393 0.0646860 0.0515878 0.0821793 0.0660451 0.0599556 0.0505049 0.0669430 0.0876904 0.0644120 0.0659762 0.0476587 0.0523641 0.0541298 0.0534089 0.0518637 0.0526461 0.0651579 0.0639089 0.0656746 0.0762114 0.0528150 0.0652064 0.0705125 0.0659975 0.0518782 0.1016603 0.0521826 0.0568888 0.0539892 0.0683308 0.0673758 0.0797711 0.0493212 0.0520417 0.0480751 0.0530592 0.0836544 0.0522515 0.0702141 0.0725712 0.0654632 0.0641816 0.0669037 0.0768723 0.0752434 0.0616357 0.0551994 0.0690281 
I0200_988_Furnariidae_Furnarius_rufus                     0.0524454 0.0641806 0.0635323 0.0655872 0.0391211 0.0650792 0.0564250 0.0622132 0.0812805 0.0777223 0.0560627 0.0461841 0.0657342 0.0662939 0.0000000 0.0595797 0.0468567 0.0343123 0.0531204 0.0339583 0.0302786 0.0522038 0.0542853 0.0516109 0.0622040 0.0542890 0.0779420 0.0510970 0.0532579 0.0555408 0.0340654 0.0337171 0.0697937 0.0695975 0.0586017 0.0531743 0.0168930 0.0786325 0.0344606 0.0871750 0.0360330 0.0324276 0.1057707 0.0918621 0.0975593 0.0495431 0.0807117 0.0607489 0.0694877 0.0597833 0.0291357 0.0332306 0.0553139 0.0656617 0.0325254 0.0144902 0.0600446 0.0619897 0.0565674 0.0348872 0.0677028 0.0561774 0.0531385 0.0891074 0.0314184 0.0736241 0.0652765 0.0543658 0.0585004 0.0836132 0.0749708 0.0605250 0.0769468 0.0840144 0.0299888 0.0332385 0.0579658 0.0564854 0.0330228 0.0754704 0.0535715 0.0528330 0.0556841 0.0626732 0.0631662 0.0677888 0.0666062 0.0531224 0.0485599 0.0696610 0.0877406 0.0696163 0.0615289 0.0581811 0.0516426 0.0695506 0.0615402 0.0722333 0.0758727 0.0513428 0.0754119 0.0541960 0.0544401 0.0653410 0.0619029 0.0711743 0.0677803 0.0566278 0.0547156 0.0602532 0.0674318 0.0848043 0.0584956 0.0851594 0.0582408 0.0516142 0.0300875 0.0702948 0.0546399 0.0467929 0.0830945 0.0632794 0.0525282 0.0554444 0.0525699 0.0395882 0.0633766 0.0610236 0.0817413 0.0527772 0.0576283 0.0559934 0.0514593 0.0662922 0.0788810 0.0757087 0.0577204 0.0428897 0.0567349 0.0665551 0.0632785 0.0518950 0.0550733 0.0519745 0.0695817 0.0553295 0.0833503 0.0701897 0.0629476 0.0540596 0.0721949 0.0900458 0.0404680 0.0335453 0.0503939 0.0544937 0.0589686 0.0577653 0.0532583 0.0577364 0.0664815 0.0664683 0.0700148 0.0784037 0.0592345 0.0694553 0.0302978 0.0336974 0.0571230 0.1047289 0.0549150 0.0600412 0.0552660 0.0393786 0.0453430 0.0835828 0.0531337 0.0542555 0.0527532 0.0577036 0.0857173 0.0541120 0.0493051 0.0502421 0.0441191 0.0366581 0.0452428 0.0545943 0.0534299 0.0654108 0.0596264 0.0491174 
I0201_999_Scolopacidae_Tringa_solitaria                   0.0373031 0.0498997 0.0503458 0.0491863 0.0582889 0.0504587 0.0398241 0.0461310 0.0667225 0.0660583 0.0391876 0.0598616 0.0538125 0.0543344 0.0595797 0.0000000 0.0296765 0.0576987 0.0354293 0.0582072 0.0619043 0.0368161 0.0314942 0.0339654 0.0466537 0.0299276 0.0640450 0.0662945 0.0686452 0.0400990 0.0569821 0.0569572 0.0538841 0.0544566 0.0435310 0.0668446 0.0602424 0.0669345 0.0581925 0.0751715 0.0599598 0.0563329 0.0934698 0.0761854 0.0856161 0.0630054 0.0710983 0.0491171 0.0592277 0.0444829 0.0609965 0.0560930 0.0367531 0.0533785 0.0562000 0.0596614 0.0446294 0.0430278 0.0386246 0.0581492 0.0530394 0.0405892 0.0377990 0.0782329 0.0538125 0.0634469 0.0508618 0.0374296 0.0424160 0.0688908 0.0654040 0.0433059 0.0620744 0.0681591 0.0607749 0.0566885 0.0406559 0.0408782 0.0558067 0.0641535 0.0399437 0.0376831 0.0286090 0.0501017 0.0491490 0.0550213 0.0534160 0.0353353 0.0319054 0.0550694 0.0750461 0.0339238 0.0490531 0.0431285 0.0333020 0.0580913 0.0467063 0.0614240 0.0642993 0.0327080 0.0660780 0.0389479 0.0353496 0.0492925 0.0485905 0.0569936 0.0502990 0.0424565 0.0308837 0.0426177 0.0545238 0.0742141 0.0411357 0.0722876 0.0394397 0.0332155 0.0621327 0.0530537 0.0383699 0.0593716 0.0669460 0.0510655 0.0353977 0.0413752 0.0342647 0.0601569 0.0482549 0.0503077 0.0643284 0.0364016 0.0308738 0.0429834 0.0328705 0.0496156 0.0679945 0.0616995 0.0399056 0.0636066 0.0301234 0.0314896 0.0449236 0.0330339 0.0367955 0.0332216 0.0518774 0.0275785 0.0621791 0.0562498 0.0458315 0.0361986 0.0583059 0.0725862 0.0540251 0.0573022 0.0320054 0.0378785 0.0396845 0.0405817 0.0392299 0.0379938 0.0524411 0.0520148 0.0525011 0.0674722 0.0127109 0.0512754 0.0637780 0.0575206 0.0130665 0.0904548 0.0369885 0.0453025 0.0389041 0.0607829 0.0576405 0.0707348 0.0345002 0.0390369 0.0339003 0.0406063 0.0688991 0.0394532 0.0636933 0.0657503 0.0575393 0.0556661 0.0571725 0.0679868 0.0664542 0.0301569 0.0470211 0.0601348 
I0202_1066_Cathartidae_Cathartes_burrovianus              0.0192977 0.0375057 0.0368147 0.0351236 0.0447445 0.0370618 0.0257153 0.0247855 0.0575476 0.0522473 0.0250416 0.0493080 0.0398191 0.0434590 0.0468567 0.0296765 0.0000000 0.0467880 0.0185555 0.0463856 0.0480439 0.0200519 0.0217275 0.0175338 0.0295941 0.0218472 0.0510177 0.0555074 0.0572030 0.0231567 0.0449418 0.0457697 0.0411560 0.0422882 0.0262164 0.0551258 0.0478902 0.0586480 0.0459673 0.0649982 0.0475330 0.0432937 0.0853396 0.0662668 0.0763092 0.0525219 0.0554771 0.0359383 0.0490385 0.0279223 0.0476727 0.0440241 0.0203376 0.0399249 0.0442045 0.0477140 0.0284921 0.0299540 0.0225032 0.0466421 0.0407030 0.0245540 0.0242007 0.0668887 0.0429297 0.0540725 0.0383599 0.0209573 0.0294999 0.0598374 0.0534398 0.0302524 0.0504862 0.0544033 0.0478492 0.0448945 0.0264967 0.0247551 0.0443846 0.0500865 0.0268178 0.0194010 0.0222244 0.0359251 0.0354996 0.0386103 0.0399898 0.0186126 0.0042971 0.0429591 0.0641196 0.0420207 0.0348001 0.0294128 0.0165859 0.0466645 0.0311402 0.0506798 0.0499553 0.0183745 0.0555634 0.0200576 0.0195609 0.0362151 0.0357713 0.0445749 0.0376058 0.0258056 0.0214780 0.0292761 0.0396881 0.0638345 0.0244159 0.0618033 0.0247713 0.0165683 0.0489361 0.0408163 0.0216294 0.0493687 0.0539534 0.0363960 0.0169793 0.0235335 0.0171010 0.0461006 0.0339668 0.0352687 0.0511971 0.0196955 0.0246226 0.0299487 0.0161980 0.0383414 0.0534230 0.0534784 0.0255125 0.0520591 0.0247631 0.0383302 0.0314435 0.0164837 0.0216582 0.0164414 0.0402383 0.0221867 0.0600472 0.0433556 0.0319708 0.0196101 0.0459516 0.0593152 0.0420388 0.0447507 0.0150445 0.0218562 0.0257750 0.0249555 0.0212036 0.0257356 0.0408795 0.0401740 0.0409084 0.0587785 0.0284188 0.0407975 0.0509295 0.0463870 0.0265895 0.0830784 0.0215355 0.0270239 0.0254874 0.0479371 0.0473324 0.0607357 0.0181178 0.0214412 0.0183486 0.0246331 0.0554159 0.0216361 0.0530710 0.0541249 0.0458154 0.0428181 0.0472618 0.0582289 0.0564868 0.0365796 0.0326432 0.0477497 
I0203_1087_Tyrannidae_Hymenops_perspicillatus             0.0528794 0.0636603 0.0616188 0.0651717 0.0377648 0.0635728 0.0558489 0.0612886 0.0804688 0.0766075 0.0558111 0.0437403 0.0646872 0.0654816 0.0343123 0.0576987 0.0467880 0.0000000 0.0525426 0.0107420 0.0374647 0.0522903 0.0546337 0.0512530 0.0620625 0.0547759 0.0765102 0.0492463 0.0508372 0.0557724 0.0199681 0.0190825 0.0693462 0.0695205 0.0580648 0.0509423 0.0359915 0.0796850 0.0182827 0.0885629 0.0190291 0.0171082 0.1027078 0.0887669 0.0954563 0.0475033 0.0814046 0.0608501 0.0697899 0.0599916 0.0367985 0.0192611 0.0546518 0.0675246 0.0178513 0.0340417 0.0597339 0.0609011 0.0560633 0.0090473 0.0666886 0.0565964 0.0531325 0.0909245 0.0170407 0.0740255 0.0675659 0.0542044 0.0590254 0.0835984 0.0755123 0.0595969 0.0750864 0.0840261 0.0363614 0.0181909 0.0576330 0.0568667 0.0180392 0.0752477 0.0522489 0.0537566 0.0552067 0.0639070 0.0634196 0.0666980 0.0658329 0.0527748 0.0485914 0.0691218 0.0885545 0.0679555 0.0628823 0.0577310 0.0511137 0.0703483 0.0599428 0.0733628 0.0744534 0.0511475 0.0754448 0.0545198 0.0538361 0.0644982 0.0614730 0.0713648 0.0664922 0.0560603 0.0550726 0.0593154 0.0691057 0.0858864 0.0585008 0.0856947 0.0569680 0.0512948 0.0352198 0.0696357 0.0557048 0.0440507 0.0835147 0.0648928 0.0533268 0.0570917 0.0520183 0.0391376 0.0633717 0.0615225 0.0820376 0.0526499 0.0571306 0.0566850 0.0510701 0.0653849 0.0763164 0.0754225 0.0576762 0.0412458 0.0565177 0.0653516 0.0621883 0.0507419 0.0551634 0.0512522 0.0680311 0.0551118 0.0826859 0.0689731 0.0613451 0.0539608 0.0702405 0.0895619 0.0388679 0.0187821 0.0506293 0.0545508 0.0588661 0.0576612 0.0544081 0.0570533 0.0659071 0.0647418 0.0685459 0.0796024 0.0571438 0.0671980 0.0382552 0.0097280 0.0556242 0.1020762 0.0559510 0.0593718 0.0566083 0.0390309 0.0429751 0.0842364 0.0522189 0.0548500 0.0528051 0.0568199 0.0859493 0.0550082 0.0467971 0.0484770 0.0416316 0.0356736 0.0429845 0.0516697 0.0509560 0.0634148 0.0595458 0.0490423 
I0204_1174_Threskiornithidae_Harpiprion_caerulescens      0.0264628 0.0450179 0.0420225 0.0417084 0.0520943 0.0428662 0.0321333 0.0388719 0.0622606 0.0585776 0.0311299 0.0552588 0.0458443 0.0502541 0.0531204 0.0354293 0.0185555 0.0525426 0.0000000 0.0524366 0.0551893 0.0273379 0.0274633 0.0217669 0.0395646 0.0280829 0.0579551 0.0614244 0.0636443 0.0299957 0.0513135 0.0515719 0.0475291 0.0479696 0.0371682 0.0615977 0.0544225 0.0624749 0.0525127 0.0699292 0.0544663 0.0497964 0.0880150 0.0670881 0.0800274 0.0581658 0.0630624 0.0417922 0.0535951 0.0345931 0.0546358 0.0502692 0.0230459 0.0456894 0.0500627 0.0543832 0.0381031 0.0356418 0.0245741 0.0528604 0.0456235 0.0314146 0.0302101 0.0719563 0.0489833 0.0589543 0.0436465 0.0232640 0.0355696 0.0648953 0.0591264 0.0361780 0.0561663 0.0594968 0.0544059 0.0513649 0.0316577 0.0312756 0.0506310 0.0575541 0.0331524 0.0269552 0.0293069 0.0433019 0.0426490 0.0461958 0.0462189 0.0210035 0.0212911 0.0486214 0.0689059 0.0473655 0.0420858 0.0351482 0.0206446 0.0519893 0.0379983 0.0566698 0.0565913 0.0240539 0.0607776 0.0279691 0.0227894 0.0418109 0.0426468 0.0497728 0.0443671 0.0331053 0.0279245 0.0351173 0.0466357 0.0679813 0.0274932 0.0657036 0.0320757 0.0205972 0.0548511 0.0449284 0.0254305 0.0552902 0.0582901 0.0439575 0.0210153 0.0316671 0.0218365 0.0538091 0.0406769 0.0428969 0.0563076 0.0219896 0.0314948 0.0372557 0.0205201 0.0427917 0.0605464 0.0572784 0.0315012 0.0583768 0.0306577 0.0443423 0.0368730 0.0205887 0.0267274 0.0204388 0.0440115 0.0286639 0.0656720 0.0499576 0.0381184 0.0231141 0.0523180 0.0639249 0.0488195 0.0507843 0.0196492 0.0249872 0.0303329 0.0265531 0.0287870 0.0312081 0.0459289 0.0452081 0.0451702 0.0627601 0.0347401 0.0447956 0.0579896 0.0520328 0.0324624 0.0868694 0.0270715 0.0374149 0.0314893 0.0542180 0.0535488 0.0654458 0.0236874 0.0289775 0.0214984 0.0305104 0.0601724 0.0289587 0.0595974 0.0602021 0.0526000 0.0488119 0.0533258 0.0639924 0.0619598 0.0424706 0.0399669 0.0528788 
I0205_1183_Tyrannidae_Hirundinea_ferruginea               0.0523508 0.0630308 0.0616935 0.0653196 0.0378807 0.0626698 0.0557951 0.0608391 0.0804531 0.0763457 0.0560520 0.0443445 0.0650112 0.0659512 0.0339583 0.0582072 0.0463856 0.0107420 0.0524366 0.0000000 0.0377533 0.0520774 0.0536347 0.0512905 0.0619154 0.0545882 0.0769542 0.0496639 0.0514203 0.0556392 0.0196029 0.0191660 0.0693711 0.0692588 0.0578999 0.0508451 0.0361975 0.0796800 0.0174332 0.0880601 0.0185875 0.0167744 0.1039110 0.0890801 0.0959069 0.0477838 0.0812107 0.0609653 0.0689337 0.0599806 0.0362884 0.0190899 0.0544573 0.0668612 0.0177825 0.0346618 0.0593631 0.0604593 0.0560087 0.0112809 0.0664408 0.0568951 0.0528081 0.0903520 0.0171817 0.0740285 0.0680980 0.0538315 0.0586708 0.0836153 0.0763579 0.0595888 0.0743506 0.0831845 0.0361829 0.0176875 0.0569657 0.0567307 0.0179534 0.0752648 0.0529844 0.0534050 0.0551083 0.0635103 0.0628915 0.0672540 0.0664550 0.0524587 0.0485000 0.0691997 0.0879557 0.0690119 0.0622624 0.0583568 0.0511116 0.0705245 0.0596743 0.0734752 0.0745616 0.0509584 0.0760367 0.0537433 0.0534342 0.0639513 0.0614607 0.0718340 0.0659652 0.0552512 0.0545135 0.0595723 0.0684300 0.0853413 0.0579433 0.0857236 0.0573806 0.0511925 0.0359380 0.0694069 0.0551916 0.0454075 0.0827994 0.0641114 0.0529529 0.0570735 0.0516931 0.0394801 0.0631300 0.0609918 0.0816375 0.0524493 0.0569033 0.0569680 0.0507792 0.0649027 0.0766265 0.0749144 0.0570352 0.0421130 0.0572616 0.0663323 0.0618702 0.0507019 0.0544072 0.0511742 0.0680655 0.0550763 0.0839191 0.0693221 0.0609940 0.0537413 0.0706525 0.0892113 0.0388444 0.0185482 0.0506449 0.0545195 0.0584494 0.0575438 0.0544293 0.0568047 0.0655919 0.0654406 0.0682706 0.0790707 0.0574772 0.0676396 0.0374153 0.0108018 0.0561922 0.1022503 0.0553801 0.0586020 0.0558547 0.0393973 0.0437598 0.0840334 0.0519435 0.0545495 0.0521058 0.0563016 0.0865438 0.0546090 0.0480630 0.0485096 0.0416999 0.0355584 0.0436395 0.0523639 0.0511506 0.0641130 0.0594749 0.0485680 
