35
Burramyidae_Burramys_parvus                  0.0000000 0.1062337 0.0776230 0.0804693 0.0790555 0.1188383 0.0690488 0.0710756 0.0780936 0.1387587 0.0723002 0.1227554 0.1198082 0.0704567 0.0751980 0.1224787 0.1201120 0.1224183 0.1408467 0.0826138 0.0933216 0.1698035 0.1631755 0.1177090 0.0821733 0.0829063 0.0833195 0.0916817 0.0876554 0.1037629 0.0813425 0.0687584 0.1555648 0.1219449 0.1381418 
Notoryctidae_Notoryctes_typhlops             0.1062337 0.0000000 0.1112600 0.1183486 0.1189418 0.1230981 0.1082666 0.1074808 0.1204302 0.1521320 0.1022855 0.1271737 0.1255377 0.1075076 0.1214226 0.1261493 0.1230270 0.1232319 0.1558653 0.1281034 0.1279334 0.1860468 0.1747488 0.1227653 0.1201650 0.1067224 0.1182543 0.1388481 0.1223942 0.1687998 0.1211776 0.1067354 0.1672872 0.1244188 0.1505585 
Vombatidae_Lasiorhinus_latifrons             0.0776230 0.1112600 0.0000000 0.0977473 0.0962546 0.1219438 0.0807174 0.0820146 0.0946331 0.1518657 0.0810306 0.1276057 0.1210169 0.0837063 0.0934024 0.1267789 0.1266634 0.1275189 0.1503163 0.0998759 0.1003340 0.1771284 0.1665642 0.1224860 0.0918453 0.0991133 0.0945193 0.1087210 0.0924847 0.1336728 0.0972117 0.0811717 0.1698014 0.1249051 0.1491701 
Potoroidae_Bettongia_penicillata             0.0804693 0.1183486 0.0977473 0.0000000 0.0080168 0.1243911 0.0829558 0.0903511 0.0260912 0.1511849 0.0881439 0.1263341 0.1252843 0.0872824 0.0853722 0.1259886 0.1271787 0.1234210 0.1491083 0.0413094 0.1003087 0.1840529 0.1816074 0.1202984 0.0592544 0.1038101 0.0964421 0.0547402 0.0909609 0.1218151 0.0851657 0.0867204 0.1671542 0.1248736 0.1494493 
Potoroidae_Bettongia_lesueur                 0.0790555 0.1189418 0.0962546 0.0080168 0.0000000 0.1214831 0.0808606 0.0888339 0.0244705 0.1475469 0.0859966 0.1227380 0.1237031 0.0851884 0.0839205 0.1223883 0.1242431 0.1209242 0.1470901 0.0385138 0.0964985 0.1783225 0.1778317 0.1186509 0.0562598 0.1016548 0.0935806 0.0528614 0.0883799 0.1191912 0.0813417 0.0846300 0.1619057 0.1219509 0.1465818 
Dasyuridae_Dasyurus_maculatus                0.1188383 0.1230981 0.1219438 0.1243911 0.1214831 0.0000000 0.1122377 0.1184420 0.1194994 0.1539859 0.1147446 0.0265089 0.0361147 0.1168384 0.1226811 0.0245393 0.0093261 0.0378002 0.1523929 0.1271096 0.1380850 0.1939681 0.1849943 0.0206529 0.1217359 0.1149261 0.1371720 0.1363937 0.1310118 0.1661444 0.1347916 0.1149986 0.1655367 0.0070056 0.1518793 
Phalangeridae_Trichosurus_vulpecula          0.0690488 0.1082666 0.0807174 0.0829558 0.0808606 0.1122377 0.0000000 0.0264114 0.0815636 0.1367851 0.0275018 0.1165144 0.1132215 0.0263781 0.0777701 0.1154219 0.1144389 0.1133179 0.1306219 0.0854397 0.0912005 0.1736103 0.1665719 0.1112796 0.0843221 0.0922102 0.0880903 0.0921825 0.0856594 0.1164895 0.0850095 0.0248578 0.1522238 0.1146806 0.1340613 
Phalangeridae_Spilocuscus_maculatus          0.0710756 0.1074808 0.0820146 0.0903511 0.0888339 0.1184420 0.0264114 0.0000000 0.0870719 0.1365876 0.0197939 0.1203862 0.1177905 0.0140894 0.0791304 0.1192446 0.1182388 0.1187679 0.1386842 0.0940976 0.0970766 0.1697481 0.1652534 0.1150596 0.0845316 0.0929479 0.0924654 0.0985880 0.0916284 0.1169179 0.0844620 0.0135975 0.1586578 0.1202654 0.1352346 
Potoroidae_Aepyprymnus_rufescens             0.0780936 0.1204302 0.0946331 0.0260912 0.0244705 0.1194994 0.0815636 0.0870719 0.0000000 0.1433261 0.0848876 0.1211376 0.1205749 0.0828736 0.0822863 0.1207847 0.1194680 0.1197619 0.1415169 0.0410414 0.0998596 0.1787804 0.1775813 0.1185066 0.0567436 0.1001625 0.0938411 0.0459757 0.0935048 0.1182194 0.0839323 0.0823131 0.1608025 0.1199508 0.1410521 
Peramelidae_Perameles_nasuta                 0.1387587 0.1521320 0.1518657 0.1511849 0.1475469 0.1539859 0.1367851 0.1365876 0.1433261 0.0000000 0.1404309 0.1565747 0.1609370 0.1387106 0.1418367 0.1570724 0.1482807 0.1582283 0.0208160 0.1460798 0.1682121 0.2155285 0.2080219 0.1497782 0.1417634 0.1406635 0.1563145 0.1577212 0.1623161 0.1792580 0.1483851 0.1385541 0.0301423 0.1538879 0.0004828 
Phalangeridae_Strigocuscus_pelengensis       0.0723002 0.1022855 0.0810306 0.0881439 0.0859966 0.1147446 0.0275018 0.0197939 0.0848876 0.1404309 0.0000000 0.1161856 0.1151721 0.0173121 0.0797939 0.1159837 0.1156786 0.1144905 0.1389006 0.0899783 0.0964898 0.1696328 0.1650244 0.1106017 0.0826840 0.0936570 0.0936515 0.0957297 0.0875305 0.1214689 0.0847729 0.0163291 0.1596747 0.1163921 0.1379892 
Dasyuridae_Phascogale_tapoatafa              0.1227554 0.1271737 0.1276057 0.1263341 0.1227380 0.0265089 0.1165144 0.1203862 0.1211376 0.1565747 0.1161856 0.0000000 0.0404551 0.1162311 0.1217175 0.0075132 0.0250240 0.0395262 0.1562900 0.1249162 0.1449564 0.1968915 0.1881009 0.0192255 0.1238410 0.1205209 0.1406939 0.1347176 0.1396244 0.1648235 0.1334801 0.1137319 0.1658878 0.0261216 0.1520894 
Dasyuridae_Sminthopsis_macroura              0.1198082 0.1255377 0.1210169 0.1252843 0.1237031 0.0361147 0.1132215 0.1177905 0.1205749 0.1609370 0.1151721 0.0404551 0.0000000 0.1163135 0.1253033 0.0394138 0.0341024 0.0268225 0.1606328 0.1281904 0.1414683 0.1852878 0.1848482 0.0359405 0.1272276 0.1183767 0.1403181 0.1355750 0.1378460 0.1736600 0.1323771 0.1131775 0.1710527 0.0378636 0.1571290 
Phalangeridae_Phalanger_orientalis           0.0704567 0.1075076 0.0837063 0.0872824 0.0851884 0.1168384 0.0263781 0.0140894 0.0828736 0.1387106 0.0173121 0.1162311 0.1163135 0.0000000 0.0776825 0.1162148 0.1161342 0.1153841 0.1365463 0.0898472 0.0952805 0.1727986 0.1670752 0.1129549 0.0814560 0.0934372 0.0916548 0.0960811 0.0884293 0.1201963 0.0820576 0.0064960 0.1561106 0.1186435 0.1365387 
Acrobatidae_Acrobates_pygmaeus               0.0751980 0.1214226 0.0934024 0.0853722 0.0839205 0.1226811 0.0777701 0.0791304 0.0822863 0.1418367 0.0797939 0.1217175 0.1253033 0.0776825 0.0000000 0.1219434 0.1218012 0.1296008 0.1397642 0.0881263 0.0947403 0.1822799 0.1716749 0.1215296 0.0813225 0.0947970 0.0837116 0.0969649 0.0860536 0.1153475 0.0471879 0.0770773 0.1575999 0.1222791 0.1410866 
Dasyuridae_Phascogale_calura                 0.1224787 0.1261493 0.1267789 0.1259886 0.1223883 0.0245393 0.1154219 0.1192446 0.1207847 0.1570724 0.1159837 0.0075132 0.0394138 0.1162148 0.1219434 0.0000000 0.0240295 0.0384298 0.1572488 0.1258728 0.1453860 0.2000196 0.1897074 0.0172585 0.1234946 0.1187109 0.1405638 0.1348640 0.1398174 0.1655082 0.1333715 0.1137162 0.1661035 0.0241762 0.1528737 
Dasyuridae_Sarcophilus_harrisii              0.1201120 0.1230270 0.1266634 0.1271787 0.1242431 0.0093261 0.1144389 0.1182388 0.1194680 0.1482807 0.1156786 0.0250240 0.0341024 0.1161342 0.1218012 0.0240295 0.0000000 0.0345202 0.1530970 0.1259442 0.1417770 0.1951807 0.1842800 0.0206257 0.1230723 0.1161214 0.1376310 0.1356988 0.1335037 0.1601759 0.1340396 0.1142977 0.1621887 0.0107945 0.1463326 
Dasyuridae_Planigale_tenuirostris            0.1224183 0.1232319 0.1275189 0.1234210 0.1209242 0.0378002 0.1133179 0.1187679 0.1197619 0.1582283 0.1144905 0.0395262 0.0268225 0.1153841 0.1296008 0.0384298 0.0345202 0.0000000 0.1617211 0.1256008 0.1459000 0.1907232 0.1825875 0.0366888 0.1248402 0.1221756 0.1410575 0.1277302 0.1379143 0.1621743 0.1328805 0.1136796 0.1695933 0.0385151 0.1566307 
Peramelidae_Echymipera_kalubu                0.1408467 0.1558653 0.1503163 0.1491083 0.1470901 0.1523929 0.1306219 0.1386842 0.1415169 0.0208160 0.1389006 0.1562900 0.1606328 0.1365463 0.1397642 0.1572488 0.1530970 0.1617211 0.0000000 0.1464290 0.1665319 0.2256251 0.2142309 0.1505272 0.1444424 0.1430091 0.1559042 0.1581053 0.1598796 0.1903243 0.1508623 0.1363970 0.0281384 0.1546348 0.0198457 
Macropodidae_Dorcopsulus_vanheurni           0.0826138 0.1281034 0.0998759 0.0413094 0.0385138 0.1271096 0.0854397 0.0940976 0.0410414 0.1460798 0.0899783 0.1249162 0.1281904 0.0898472 0.0881263 0.1258728 0.1259442 0.1256008 0.1464290 0.0000000 0.1027846 0.1966873 0.1796586 0.1232021 0.0662666 0.1052721 0.0982260 0.0413241 0.0938402 0.1223370 0.0884713 0.0892827 0.1642204 0.1276070 0.1456487 
Pseudochiridae_Pseudochirulus_forbesi        0.0933216 0.1279334 0.1003340 0.1003087 0.0964985 0.1380850 0.0912005 0.0970766 0.0998596 0.1682121 0.0964898 0.1449564 0.1414683 0.0952805 0.0947403 0.1453860 0.1417770 0.1459000 0.1665319 0.1027846 0.0000000 0.2019003 0.1873475 0.1397762 0.1047619 0.1168910 0.0633319 0.1145931 0.0316272 0.1262686 0.0943076 0.0976742 0.1848617 0.1377712 0.1667068 
Didelphidae_Didelphis_virginiana             0.1698035 0.1860468 0.1771284 0.1840529 0.1783225 0.1939681 0.1736103 0.1697481 0.1787804 0.2155285 0.1696328 0.1968915 0.1852878 0.1727986 0.1822799 0.2000196 0.1951807 0.1907232 0.2256251 0.1966873 0.2019003 0.0000000 0.0760149 0.1955368 0.1801869 0.1749206 0.1958896 0.2012428 0.1932647 0.2102939 0.1851465 0.1717625 0.2277069 0.1970984 0.2142016 
Marmosidae_Monodelphis_domestica             0.1631755 0.1747488 0.1665642 0.1816074 0.1778317 0.1849943 0.1665719 0.1652534 0.1775813 0.2080219 0.1650244 0.1881009 0.1848482 0.1670752 0.1716749 0.1897074 0.1842800 0.1825875 0.2142309 0.1796586 0.1873475 0.0760149 0.0000000 0.1840625 0.1791517 0.1637795 0.1769109 0.1950417 0.1815404 0.2186786 0.1790664 0.1675692 0.2220208 0.1870305 0.2063878 
Dasyuridae_Antechinus_stuartii               0.1177090 0.1227653 0.1224860 0.1202984 0.1186509 0.0206529 0.1112796 0.1150596 0.1185066 0.1497782 0.1106017 0.0192255 0.0359405 0.1129549 0.1215296 0.0172585 0.0206257 0.0366888 0.1505272 0.1232021 0.1397762 0.1955368 0.1840625 0.0000000 0.1194635 0.1163376 0.1371630 0.1315468 0.1357858 0.1661019 0.1312178 0.1111111 0.1592567 0.0202400 0.1465136 
Hypsiprymnodontidae_Hypsiprymnodon_moschatus 0.0821733 0.1201650 0.0918453 0.0592544 0.0562598 0.1217359 0.0843221 0.0845316 0.0567436 0.1417634 0.0826840 0.1238410 0.1272276 0.0814560 0.0813225 0.1234946 0.1230723 0.1248402 0.1444424 0.0662666 0.1047619 0.1801869 0.1791517 0.1194635 0.0000000 0.1037057 0.0999763 0.0779803 0.0920234 0.1118323 0.0851294 0.0808688 0.1596041 0.1237541 0.1403572 
Microbiotheriidae_Dromiciops_gliroides       0.0829063 0.1067224 0.0991133 0.1038101 0.1016548 0.1149261 0.0922102 0.0929479 0.1001625 0.1406635 0.0936570 0.1205209 0.1183767 0.0934372 0.0947970 0.1187109 0.1161214 0.1221756 0.1430091 0.1052721 0.1168910 0.1749206 0.1637795 0.1163376 0.1037057 0.0000000 0.1082927 0.1109229 0.1132157 0.1386589 0.1025314 0.0916046 0.1527526 0.1173923 0.1382127 
Pseudochiridae_Petauroides_volans            0.0833195 0.1182543 0.0945193 0.0964421 0.0935806 0.1371720 0.0880903 0.0924654 0.0938411 0.1563145 0.0936515 0.1406939 0.1403181 0.0916548 0.0837116 0.1405638 0.1376310 0.1410575 0.1559042 0.0982260 0.0633319 0.1958896 0.1769109 0.1371630 0.0999763 0.1082927 0.0000000 0.1064659 0.0603845 0.1156279 0.0877702 0.0916308 0.1708372 0.1364957 0.1544695 
Macropodidae_Wallabia_bicolor                0.0916817 0.1388481 0.1087210 0.0547402 0.0528614 0.1363937 0.0921825 0.0985880 0.0459757 0.1577212 0.0957297 0.1347176 0.1355750 0.0960811 0.0969649 0.1348640 0.1356988 0.1277302 0.1581053 0.0413241 0.1145931 0.2012428 0.1950417 0.1315468 0.0779803 0.1109229 0.1064659 0.0000000 0.1067492 0.1159171 0.1002055 0.0955072 0.1750252 0.1362143 0.1580053 
Pseudochiridae_Pseudocheirus_occidentalis    0.0876554 0.1223942 0.0924847 0.0909609 0.0883799 0.1310118 0.0856594 0.0916284 0.0935048 0.1623161 0.0875305 0.1396244 0.1378460 0.0884293 0.0860536 0.1398174 0.1335037 0.1379143 0.1598796 0.0938402 0.0316272 0.1932647 0.1815404 0.1357858 0.0920234 0.1132157 0.0603845 0.1067492 0.0000000 0.1201911 0.0879477 0.0889320 0.1799133 0.1307423 0.1624633 
Tarsipedidae_Tarsipes_rostratus              0.1037629 0.1687998 0.1336728 0.1218151 0.1191912 0.1661444 0.1164895 0.1169179 0.1182194 0.1792580 0.1214689 0.1648235 0.1736600 0.1201963 0.1153475 0.1655082 0.1601759 0.1621743 0.1903243 0.1223370 0.1262686 0.2102939 0.2186786 0.1661019 0.1118323 0.1386589 0.1156279 0.1159171 0.1201911 0.0000000 0.1130715 0.1190417 0.2050434 0.1623546 0.1791442 
Acrobatidae_Distoechurus_pennatus            0.0813425 0.1211776 0.0972117 0.0851657 0.0813417 0.1347916 0.0850095 0.0844620 0.0839323 0.1483851 0.0847729 0.1334801 0.1323771 0.0820576 0.0471879 0.1333715 0.1340396 0.1328805 0.1508623 0.0884713 0.0943076 0.1851465 0.1790664 0.1312178 0.0851294 0.1025314 0.0877702 0.1002055 0.0879477 0.1130715 0.0000000 0.0807812 0.1655397 0.1341149 0.1508332 
Phalangeridae_Phalanger_carmelitae           0.0687584 0.1067354 0.0811717 0.0867204 0.0846300 0.1149986 0.0248578 0.0135975 0.0823131 0.1385541 0.0163291 0.1137319 0.1131775 0.0064960 0.0770773 0.1137162 0.1142977 0.1136796 0.1363970 0.0892827 0.0976742 0.1717625 0.1675692 0.1111111 0.0808688 0.0916046 0.0916308 0.0955072 0.0889320 0.1190417 0.0807812 0.0000000 0.1543795 0.1167901 0.1363881 
Peramelidae_Peroryctes_raffrayana            0.1555648 0.1672872 0.1698014 0.1671542 0.1619057 0.1655367 0.1522238 0.1586578 0.1608025 0.0301423 0.1596747 0.1658878 0.1710527 0.1561106 0.1575999 0.1661035 0.1621887 0.1695933 0.0281384 0.1642204 0.1848617 0.2277069 0.2220208 0.1592567 0.1596041 0.1527526 0.1708372 0.1750252 0.1799133 0.2050434 0.1655397 0.1543795 0.0000000 0.1643144 0.0292689 
Dasyuridae_Dasyurus_geffroii                 0.1219449 0.1244188 0.1249051 0.1248736 0.1219509 0.0070056 0.1146806 0.1202654 0.1199508 0.1538879 0.1163921 0.0261216 0.0378636 0.1186435 0.1222791 0.0241762 0.0107945 0.0385151 0.1546348 0.1276070 0.1377712 0.1970984 0.1870305 0.0202400 0.1237541 0.1173923 0.1364957 0.1362143 0.1307423 0.1623546 0.1341149 0.1167901 0.1643144 0.0000000 0.1515806 
Peramelidae_Perameles_gunnii                 0.1381418 0.1505585 0.1491701 0.1494493 0.1465818 0.1518793 0.1340613 0.1352346 0.1410521 0.0004828 0.1379892 0.1520894 0.1571290 0.1365387 0.1410866 0.1528737 0.1463326 0.1566307 0.0198457 0.1456487 0.1667068 0.2142016 0.2063878 0.1465136 0.1403572 0.1382127 0.1544695 0.1580053 0.1624633 0.1791442 0.1508332 0.1363881 0.0292689 0.1515806 0.0000000 
