35
Burramyidae_Burramys_parvus                  0.0000000 0.0746366 0.0482963 0.0522871 0.0522677 0.0845553 0.0377432 0.0346042 0.0526292 0.0794074 0.0352221 0.0822416 0.0393239 0.0482500 0.0829050 0.0848974 0.0871968 0.0785951 0.0527447 0.0528627 0.1163329 0.0980925 0.0836196 0.0571954 0.0847892 0.0488332 0.0519364 0.0515269 0.0782568 0.0533489 0.0385348 0.0789193 0.0864248 0.0805844 0.0706307 
Notoryctidae_Notoryctes_typhlops             0.0746366 0.0000000 0.0695177 0.0807789 0.0791908 0.0931920 0.0678722 0.0694419 0.0810597 0.0841077 0.0708005 0.0928891 0.0734686 0.0759078 0.0929490 0.0936029 0.0941549 0.0821493 0.0844634 0.0808654 0.1420825 0.1230774 0.0944169 0.0896732 0.0996091 0.0824633 0.0833572 0.0824201 0.1081544 0.0808756 0.0730155 0.0808732 0.0960507 0.0849985 0.0834676 
Vombatidae_Lasiorhinus_latifrons             0.0482963 0.0695177 0.0000000 0.0574992 0.0557719 0.0894173 0.0467090 0.0472496 0.0572198 0.0771247 0.0465418 0.0875396 0.0510679 0.0541712 0.0886587 0.0885016 0.0901399 0.0791025 0.0616642 0.0564112 0.1176133 0.0971560 0.0877860 0.0643145 0.0782462 0.0544601 0.0560067 0.0551167 0.0831743 0.0558034 0.0502403 0.0758992 0.0922219 0.0782868 0.0749430 
Potoroidae_Bettongia_penicillata             0.0522871 0.0807789 0.0574992 0.0000000 0.0060882 0.0971649 0.0488772 0.0467320 0.0120373 0.0870010 0.0479027 0.0927835 0.0508646 0.0559337 0.0925389 0.0970339 0.0992181 0.0853800 0.0209464 0.0620032 0.1259623 0.1131642 0.0956042 0.0371711 0.0895980 0.0594074 0.0222908 0.0608341 0.0852290 0.0586777 0.0484868 0.0830697 0.0981620 0.0881964 0.0832337 
Potoroidae_Bettongia_lesueur                 0.0522677 0.0791908 0.0557719 0.0060882 0.0000000 0.0979916 0.0492571 0.0467561 0.0130253 0.0870138 0.0486655 0.0918130 0.0512468 0.0555235 0.0924542 0.0960428 0.0973083 0.0853886 0.0219788 0.0593470 0.1255057 0.1105164 0.0946064 0.0371321 0.0864837 0.0584255 0.0230569 0.0598464 0.0850102 0.0582714 0.0488663 0.0821756 0.0980837 0.0882036 0.0801079 
Dasyuridae_Dasyurus_maculatus                0.0845553 0.0931920 0.0894173 0.0971649 0.0979916 0.0000000 0.0801635 0.0827939 0.0964823 0.1020236 0.0824028 0.0218376 0.0861488 0.0918474 0.0218852 0.0091020 0.0302049 0.1000699 0.0958624 0.0960487 0.1422916 0.1301541 0.0246887 0.1012656 0.1115334 0.0954158 0.0937590 0.0937917 0.1297343 0.0946564 0.0842707 0.1013373 0.0061460 0.1028195 0.0247676 
Phalangeridae_Trichosurus_vulpecula          0.0377432 0.0678722 0.0467090 0.0488772 0.0492571 0.0801635 0.0000000 0.0157579 0.0481752 0.0746235 0.0169033 0.0780314 0.0191176 0.0462669 0.0790985 0.0814224 0.0838066 0.0763590 0.0493786 0.0486667 0.1113347 0.0988551 0.0802840 0.0541738 0.0794448 0.0485864 0.0494075 0.0469298 0.0753364 0.0492181 0.0184178 0.0747560 0.0824604 0.0757850 0.0691392 
Phalangeridae_Spilocuscus_maculatus          0.0346042 0.0694419 0.0472496 0.0467320 0.0467561 0.0827939 0.0157579 0.0000000 0.0472117 0.0763253 0.0081430 0.0806547 0.0097058 0.0483552 0.0817405 0.0844720 0.0858066 0.0775519 0.0499856 0.0501462 0.1170633 0.1004555 0.0834130 0.0551940 0.0797670 0.0469573 0.0483053 0.0472734 0.0748845 0.0512419 0.0090384 0.0743431 0.0849146 0.0775045 0.0708510 
Potoroidae_Aepyprymnus_rufescens             0.0526292 0.0810597 0.0572198 0.0120373 0.0130253 0.0964823 0.0481752 0.0472117 0.0000000 0.0840779 0.0479144 0.0921634 0.0505524 0.0580149 0.0923334 0.0954362 0.0985892 0.0828855 0.0220339 0.0612858 0.1303935 0.1134373 0.0953508 0.0372220 0.0892292 0.0598581 0.0231333 0.0613226 0.0847146 0.0579739 0.0481740 0.0801302 0.0974788 0.0852696 0.0796259 
Peramelidae_Perameles_nasuta                 0.0794074 0.0841077 0.0771247 0.0870010 0.0870138 0.1020236 0.0746235 0.0763253 0.0840779 0.0000000 0.0755265 0.0978441 0.0800165 0.0811639 0.0980841 0.1029176 0.1031617 0.0199518 0.0903272 0.0896565 0.1361514 0.1190734 0.0999080 0.0899882 0.1048531 0.0871744 0.0858269 0.0874651 0.1079733 0.0833625 0.0781908 0.0173905 0.1049644 0.0003170 0.0919875 
Phalangeridae_Strigocuscus_pelengensis       0.0352221 0.0708005 0.0465418 0.0479027 0.0486655 0.0824028 0.0169033 0.0081430 0.0479144 0.0755265 0.0000000 0.0786065 0.0107697 0.0475864 0.0796738 0.0840930 0.0852507 0.0764365 0.0499819 0.0497860 0.1157568 0.0985405 0.0814496 0.0540636 0.0783985 0.0461059 0.0478072 0.0468666 0.0774522 0.0508720 0.0100959 0.0731593 0.0845335 0.0766672 0.0689269 
Dasyuridae_Phascogale_tapoatafa              0.0822416 0.0928891 0.0875396 0.0927835 0.0918130 0.0218376 0.0780314 0.0806547 0.0921634 0.0978441 0.0786065 0.0000000 0.0848511 0.0891237 0.0032019 0.0203815 0.0277461 0.0962051 0.0906471 0.0910699 0.1404124 0.1276804 0.0108829 0.0956409 0.1127377 0.0918794 0.0869644 0.0911593 0.1271040 0.0927383 0.0821226 0.0966687 0.0210993 0.0986133 0.0222186 
Phalangeridae_Phalanger_orientalis           0.0393239 0.0734686 0.0510679 0.0508646 0.0512468 0.0861488 0.0191176 0.0097058 0.0505524 0.0800165 0.0107697 0.0848511 0.0000000 0.0517449 0.0859612 0.0882837 0.0903158 0.0813243 0.0526267 0.0535670 0.1202766 0.1035106 0.0877071 0.0566251 0.0840827 0.0495205 0.0520830 0.0514422 0.0818282 0.0554550 0.0031775 0.0775462 0.0887322 0.0811922 0.0739977 
Acrobatidae_Acrobates_pygmaeus               0.0482500 0.0759078 0.0541712 0.0559337 0.0555235 0.0918474 0.0462669 0.0483552 0.0580149 0.0811639 0.0475864 0.0891237 0.0517449 0.0000000 0.0897914 0.0934982 0.0907161 0.0825151 0.0588927 0.0518850 0.1187670 0.1039735 0.0911839 0.0614041 0.0886055 0.0515980 0.0588284 0.0517480 0.0724247 0.0333250 0.0509047 0.0805297 0.0930470 0.0823614 0.0784442 
Dasyuridae_Phascogale_calura                 0.0829050 0.0929490 0.0886587 0.0925389 0.0924542 0.0218852 0.0790985 0.0817405 0.0923334 0.0980841 0.0796738 0.0032019 0.0859612 0.0897914 0.0000000 0.0200784 0.0289135 0.0960368 0.0899259 0.0922136 0.1401326 0.1290456 0.0105618 0.0962549 0.1130317 0.0921340 0.0869601 0.0922868 0.1283763 0.0929889 0.0832131 0.0973997 0.0211452 0.0988749 0.0237270 
Dasyuridae_Sarcophilus_harrisii              0.0848974 0.0936029 0.0885016 0.0970339 0.0960428 0.0091020 0.0814224 0.0844720 0.0954362 0.1029176 0.0840930 0.0203815 0.0882837 0.0934982 0.0200784 0.0000000 0.0301176 0.1001368 0.0944153 0.0932729 0.1407627 0.1292440 0.0235435 0.1001952 0.1117211 0.0957468 0.0901599 0.0937743 0.1297129 0.0950296 0.0859498 0.1021713 0.0074300 0.1037087 0.0207030 
Dasyuridae_Planigale_tenuirostris            0.0871968 0.0941549 0.0901399 0.0992181 0.0973083 0.0302049 0.0838066 0.0858066 0.0985892 0.1031617 0.0852507 0.0277461 0.0903158 0.0907161 0.0289135 0.0301176 0.0000000 0.1007626 0.0966450 0.0928680 0.1476785 0.1325285 0.0314176 0.1026058 0.1160229 0.0934100 0.0904514 0.0935395 0.1296502 0.0937721 0.0888075 0.1030312 0.0309139 0.1039986 0.0223139 
Peramelidae_Echymipera_kalubu                0.0785951 0.0821493 0.0791025 0.0853800 0.0853886 0.1000699 0.0763590 0.0775519 0.0828855 0.0199518 0.0764365 0.0962051 0.0813243 0.0825151 0.0960368 0.1001368 0.1007626 0.0000000 0.0884345 0.0891311 0.1341482 0.1195978 0.1003189 0.0891479 0.1063425 0.0863627 0.0846764 0.0879751 0.1124886 0.0860425 0.0799272 0.0149588 0.1031598 0.0202702 0.0899489 
Macropodidae_Dorcopsulus_vanheurni           0.0527447 0.0844634 0.0616642 0.0209464 0.0219788 0.0958624 0.0493786 0.0499856 0.0220339 0.0903272 0.0499819 0.0906471 0.0526267 0.0588927 0.0899259 0.0944153 0.0966450 0.0884345 0.0000000 0.0625614 0.1306292 0.1172337 0.0923140 0.0377294 0.0907492 0.0612907 0.0109065 0.0609628 0.0868353 0.0613409 0.0502369 0.0885334 0.0959357 0.0915363 0.0800103 
Pseudochiridae_Pseudochirulus_forbesi        0.0528627 0.0808654 0.0564112 0.0620032 0.0593470 0.0960487 0.0486667 0.0501462 0.0612858 0.0896565 0.0497860 0.0910699 0.0535670 0.0518850 0.0922136 0.0932729 0.0928680 0.0891311 0.0625614 0.0000000 0.1275905 0.1114657 0.0932310 0.0684707 0.0933850 0.0337475 0.0626281 0.0171298 0.0712537 0.0548248 0.0519142 0.0872004 0.0974954 0.0908575 0.0809817 
Didelphidae_Didelphis_virginiana             0.1163329 0.1420825 0.1176133 0.1259623 0.1255057 0.1422916 0.1113347 0.1170633 0.1303935 0.1361514 0.1157568 0.1404124 0.1202766 0.1187670 0.1401326 0.1407627 0.1476785 0.1341482 0.1306292 0.1275905 0.0000000 0.0708483 0.1414950 0.1373410 0.1444017 0.1197857 0.1257635 0.1264836 0.1524385 0.1261517 0.1191304 0.1333691 0.1422419 0.1369991 0.1208034 
Marmosidae_Monodelphis_domestica             0.0980925 0.1230774 0.0971560 0.1131642 0.1105164 0.1301541 0.0988551 0.1004555 0.1134373 0.1190734 0.0985405 0.1276804 0.1035106 0.1039735 0.1290456 0.1292440 0.1325285 0.1195978 0.1172337 0.1114657 0.0708483 0.0000000 0.1304637 0.1179678 0.1247271 0.1009424 0.1084792 0.1093203 0.1293758 0.1075594 0.1033542 0.1171210 0.1305242 0.1198780 0.1011178 
Dasyuridae_Antechinus_stuartii               0.0836196 0.0944169 0.0877860 0.0956042 0.0946064 0.0246887 0.0802840 0.0834130 0.0953508 0.0999080 0.0814496 0.0108829 0.0877071 0.0911839 0.0105618 0.0235435 0.0314176 0.1003189 0.0923140 0.0932310 0.1414950 0.1304637 0.0000000 0.0983338 0.1148872 0.0934883 0.0891520 0.0941272 0.1275836 0.0934097 0.0849074 0.1001615 0.0242845 0.1007778 0.0240386 
Hypsiprymnodontidae_Hypsiprymnodon_moschatus 0.0571954 0.0896732 0.0643145 0.0371711 0.0371321 0.1012656 0.0541738 0.0551940 0.0372220 0.0899882 0.0540636 0.0956409 0.0566251 0.0614041 0.0962549 0.1001952 0.1026058 0.0891479 0.0377294 0.0684707 0.1373410 0.1179678 0.0983338 0.0000000 0.0942895 0.0654216 0.0374618 0.0685525 0.0890240 0.0650231 0.0541870 0.0865170 0.1017530 0.0911986 0.0833513 
Microbiotheriidae_Dromiciops_gliroides       0.0847892 0.0996091 0.0782462 0.0895980 0.0864837 0.1115334 0.0794448 0.0797670 0.0892292 0.1048531 0.0783985 0.1127377 0.0840827 0.0886055 0.1130317 0.1117211 0.1160229 0.1063425 0.0907492 0.0933850 0.1444017 0.1247271 0.1148872 0.0942895 0.0000000 0.0930726 0.0891490 0.0926365 0.1234840 0.0908538 0.0841121 0.1026684 0.1147071 0.1058220 0.0989731 
Pseudochiridae_Petauroides_volans            0.0488332 0.0824633 0.0544601 0.0594074 0.0584255 0.0954158 0.0485864 0.0469573 0.0598581 0.0871744 0.0461059 0.0918794 0.0495205 0.0515980 0.0921340 0.0957468 0.0934100 0.0863627 0.0612907 0.0337475 0.1197857 0.1009424 0.0934883 0.0654216 0.0930726 0.0000000 0.0587619 0.0309306 0.0709847 0.0541864 0.0487182 0.0843411 0.0968747 0.0880445 0.0812347 
Macropodidae_Wallabia_bicolor                0.0519364 0.0833572 0.0560067 0.0222908 0.0230569 0.0937590 0.0494075 0.0483053 0.0231333 0.0858269 0.0478072 0.0869644 0.0520830 0.0588284 0.0869601 0.0901599 0.0904514 0.0846764 0.0109065 0.0626281 0.1257635 0.1084792 0.0891520 0.0374618 0.0891490 0.0587619 0.0000000 0.0589903 0.0868052 0.0608340 0.0494849 0.0826798 0.0932861 0.0867553 0.0795991 
Pseudochiridae_Pseudocheirus_occidentalis    0.0515269 0.0824201 0.0551167 0.0608341 0.0598464 0.0937917 0.0469298 0.0472734 0.0613226 0.0874651 0.0468666 0.0911593 0.0514422 0.0517480 0.0922868 0.0937743 0.0935395 0.0879751 0.0609628 0.0171298 0.1264836 0.1093203 0.0941272 0.0685525 0.0926365 0.0309306 0.0589903 0.0000000 0.0672285 0.0531224 0.0505957 0.0863006 0.0966513 0.0883623 0.0852927 
Tarsipedidae_Tarsipes_rostratus              0.0782568 0.1081544 0.0831743 0.0852290 0.0850102 0.1297343 0.0753364 0.0748845 0.0847146 0.1079733 0.0774522 0.1271040 0.0818282 0.0724247 0.1283763 0.1297129 0.1296502 0.1124886 0.0868353 0.0712537 0.1524385 0.1293758 0.1275836 0.0890240 0.1234840 0.0709847 0.0868052 0.0672285 0.0000000 0.0773121 0.0808288 0.1082657 0.1317056 0.1092255 0.1287869 
Acrobatidae_Distoechurus_pennatus            0.0533489 0.0808756 0.0558034 0.0586777 0.0582714 0.0946564 0.0492181 0.0512419 0.0579739 0.0833625 0.0508720 0.0927383 0.0554550 0.0333250 0.0929889 0.0950296 0.0937721 0.0860425 0.0613409 0.0548248 0.1261517 0.1075594 0.0934097 0.0650231 0.0908538 0.0541864 0.0608340 0.0531224 0.0773121 0.0000000 0.0545981 0.0831736 0.0945527 0.0845549 0.0819640 
Phalangeridae_Phalanger_carmelitae           0.0385348 0.0730155 0.0502403 0.0484868 0.0488663 0.0842707 0.0184178 0.0090384 0.0481740 0.0781908 0.0100959 0.0821226 0.0031775 0.0509047 0.0832131 0.0859498 0.0888075 0.0799272 0.0502369 0.0519142 0.1191304 0.1033542 0.0849074 0.0541870 0.0841121 0.0487182 0.0494849 0.0505957 0.0808288 0.0545981 0.0000000 0.0762072 0.0863937 0.0793614 0.0721726 
Peramelidae_Peroryctes_raffrayana            0.0789193 0.0808732 0.0758992 0.0830697 0.0821756 0.1013373 0.0747560 0.0743431 0.0801302 0.0173905 0.0731593 0.0966687 0.0775462 0.0805297 0.0973997 0.1021713 0.1030312 0.0149588 0.0885334 0.0872004 0.1333691 0.1171210 0.1001615 0.0865170 0.1026684 0.0843411 0.0826798 0.0863006 0.1082657 0.0831736 0.0762072 0.0000000 0.1047776 0.0177409 0.0904999 
Dasyuridae_Dasyurus_geffroii                 0.0864248 0.0960507 0.0922219 0.0981620 0.0980837 0.0061460 0.0824604 0.0849146 0.0974788 0.1049644 0.0845335 0.0210993 0.0887322 0.0930470 0.0211452 0.0074300 0.0309139 0.1031598 0.0959357 0.0974954 0.1422419 0.1305242 0.0242845 0.1017530 0.1147071 0.0968747 0.0932861 0.0966513 0.1317056 0.0945527 0.0863937 0.1047776 0.0000000 0.1057644 0.0237631 
Peramelidae_Perameles_gunnii                 0.0805844 0.0849985 0.0782868 0.0881964 0.0882036 0.1028195 0.0757850 0.0775045 0.0852696 0.0003170 0.0766672 0.0986133 0.0811922 0.0823614 0.0988749 0.1037087 0.1039986 0.0202702 0.0915363 0.0908575 0.1369991 0.1198780 0.1007778 0.0911986 0.1058220 0.0880445 0.0867553 0.0883623 0.1092255 0.0845549 0.0793614 0.0177409 0.1057644 0.0000000 0.0930648 
Dasyuridae_Sminthopsis_macroura              0.0706307 0.0834676 0.0749430 0.0832337 0.0801079 0.0247676 0.0691392 0.0708510 0.0796259 0.0919875 0.0689269 0.0222186 0.0739977 0.0784442 0.0237270 0.0207030 0.0223139 0.0899489 0.0800103 0.0809817 0.1208034 0.1011178 0.0240386 0.0833513 0.0989731 0.0812347 0.0795991 0.0852927 0.1287869 0.0819640 0.0721726 0.0904999 0.0237631 0.0930648 0.0000000 
