35
Burramyidae_Burramys_parvus                  0.0000000 0.0904494 0.0666385 0.0563294 0.0578096 0.0921107 0.0566226 0.0481568 0.0603121 0.1148645 0.0466355 0.0987409 0.1066241 0.0538553 0.0514487 0.1124674 0.0990340 0.0988907 0.1059586 0.0521017 0.0581880 0.1363341 0.1308607 0.0940606 0.0639980 0.0658288 0.0558756 0.0519416 0.0595149 0.0587214 0.0529053 0.1088086 0.0948431 0.1143476 0.0866688 
Notoryctidae_Notoryctes_typhlops             0.0904494 0.0000000 0.1098144 0.1082238 0.1093829 0.1178338 0.1043004 0.0975613 0.1111829 0.1355467 0.0969873 0.1262593 0.1425206 0.1033679 0.1121019 0.1407166 0.1347009 0.1352710 0.1265496 0.1068884 0.1013021 0.1623383 0.1618532 0.1221100 0.1191359 0.0813727 0.0998536 0.1029373 0.0972158 0.1166693 0.1058776 0.1323698 0.1202872 0.1356159 0.1341534 
Vombatidae_Lasiorhinus_latifrons             0.0666385 0.1098144 0.0000000 0.0929512 0.0905836 0.1076599 0.0881503 0.0810471 0.0959863 0.1380096 0.0813471 0.1113275 0.1193344 0.0843410 0.0849972 0.1271446 0.1148760 0.1185978 0.1237603 0.0907183 0.0823664 0.1524151 0.1469265 0.1104567 0.0927312 0.0806050 0.0796559 0.0878485 0.0834401 0.0940574 0.0844385 0.1247072 0.1060506 0.1380919 0.1030760 
Potoroidae_Bettongia_penicillata             0.0563294 0.1082238 0.0929512 0.0000000 0.0064656 0.1084028 0.0730150 0.0656879 0.0105941 0.1210811 0.0652662 0.1236532 0.1186014 0.0670751 0.0683621 0.1412894 0.1216948 0.1225131 0.1204091 0.0166652 0.0769012 0.1515049 0.1494090 0.1167636 0.0344288 0.0832172 0.0751523 0.0181780 0.0809595 0.0685554 0.0691966 0.1252194 0.1119350 0.1216447 0.0795691 
Potoroidae_Bettongia_lesueur                 0.0578096 0.1093829 0.0905836 0.0064656 0.0000000 0.1077240 0.0755694 0.0650638 0.0110389 0.1207690 0.0640221 0.1216959 0.1151328 0.0684235 0.0686695 0.1420442 0.1191075 0.1189695 0.1192731 0.0182229 0.0807109 0.1516587 0.1501658 0.1154206 0.0337460 0.0824376 0.0754769 0.0184568 0.0848769 0.0709407 0.0705867 0.1240712 0.1106829 0.1213332 0.0828175 
Dasyuridae_Dasyurus_maculatus                0.0921107 0.1178338 0.1076599 0.1084028 0.1077240 0.0000000 0.1026459 0.0935814 0.1088091 0.1258462 0.0982639 0.0174079 0.0321173 0.1002515 0.0996362 0.0240928 0.0103887 0.0249668 0.1179691 0.1054359 0.1018273 0.1605677 0.1396314 0.0136389 0.1232770 0.0837909 0.0953738 0.1067567 0.1008284 0.1085976 0.0998690 0.1235061 0.0062669 0.1265408 0.1317990 
Phalangeridae_Trichosurus_vulpecula          0.0566226 0.1043004 0.0881503 0.0730150 0.0755694 0.1026459 0.0000000 0.0150075 0.0759868 0.1236462 0.0161359 0.1177546 0.1175159 0.0177506 0.0660163 0.1341116 0.1231375 0.1142780 0.1191424 0.0718220 0.0739672 0.1645714 0.1617323 0.1116143 0.0822142 0.0816367 0.0679110 0.0714179 0.0727461 0.0678294 0.0175588 0.1233428 0.1053487 0.1243571 0.0905442 
Phalangeridae_Spilocuscus_maculatus          0.0481568 0.0975613 0.0810471 0.0656879 0.0650638 0.0935814 0.0150075 0.0000000 0.0663996 0.1081409 0.0067386 0.1063987 0.1056130 0.0068590 0.0612937 0.1234849 0.1081272 0.1008232 0.1037088 0.0636016 0.0661938 0.1450695 0.1390802 0.1015935 0.0732231 0.0686617 0.0600666 0.0610868 0.0653355 0.0618050 0.0074876 0.1103992 0.0942719 0.1081447 0.0697463 
Potoroidae_Aepyprymnus_rufescens             0.0603121 0.1111829 0.0959863 0.0105941 0.0110389 0.1088091 0.0759868 0.0663996 0.0000000 0.1271215 0.0670658 0.1247813 0.1198382 0.0687963 0.0725632 0.1439973 0.1215254 0.1197977 0.1237294 0.0198282 0.0848054 0.1488909 0.1528259 0.1191935 0.0369800 0.0838456 0.0778892 0.0198300 0.0858517 0.0743736 0.0709314 0.1299855 0.1123610 0.1277081 0.0818371 
Peramelidae_Perameles_nasuta                 0.1148645 0.1355467 0.1380096 0.1210811 0.1207690 0.1258462 0.1236462 0.1081409 0.1271215 0.0000000 0.1075359 0.1441421 0.1451466 0.1148863 0.1219273 0.1658849 0.1385300 0.1398688 0.0134397 0.1293317 0.1337584 0.1812345 0.1741905 0.1423476 0.1332073 0.1057705 0.1282957 0.1263189 0.1393407 0.1248722 0.1129073 0.0134699 0.1266745 0.0003307 0.1494859 
Phalangeridae_Strigocuscus_pelengensis       0.0466355 0.0969873 0.0813471 0.0652662 0.0640221 0.0982639 0.0161359 0.0067386 0.0670658 0.1075359 0.0000000 0.1136950 0.1089118 0.0069138 0.0605644 0.1267275 0.1130170 0.1048028 0.1042031 0.0640495 0.0641349 0.1421453 0.1381715 0.1059056 0.0706432 0.0681058 0.0595828 0.0612114 0.0627027 0.0596671 0.0067356 0.1109971 0.0982726 0.1084600 0.0736500 
Dasyuridae_Phascogale_tapoatafa              0.0987409 0.1262593 0.1113275 0.1236532 0.1216959 0.0174079 0.1177546 0.1063987 0.1247813 0.1441421 0.1136950 0.0000000 0.0406602 0.1151738 0.1119109 0.0097612 0.0219966 0.0293510 0.1263472 0.1172667 0.1102368 0.1697364 0.1463697 0.0087823 0.1364119 0.0961537 0.1047608 0.1189218 0.1061495 0.1181311 0.1148549 0.1354971 0.0203362 0.1442465 0.1541901 
Dasyuridae_Sminthopsis_macroura              0.1066241 0.1425206 0.1193344 0.1186014 0.1151328 0.0321173 0.1175159 0.1056130 0.1198382 0.1451466 0.1089118 0.0406602 0.0000000 0.1132123 0.1102869 0.0510871 0.0387377 0.0293350 0.1444997 0.1167197 0.1225071 0.1785335 0.1658464 0.0348385 0.1348012 0.1042030 0.1134994 0.1173524 0.1232906 0.1151675 0.1141846 0.1470302 0.0322653 0.1444562 0.1431961 
Phalangeridae_Phalanger_orientalis           0.0538553 0.1033679 0.0843410 0.0670751 0.0684235 0.1002515 0.0177506 0.0068590 0.0687963 0.1148863 0.0069138 0.1151738 0.1132123 0.0000000 0.0646778 0.1336098 0.1163476 0.1069896 0.1110459 0.0659508 0.0701600 0.1539664 0.1484705 0.1094145 0.0767396 0.0736906 0.0639144 0.0634436 0.0692760 0.0655979 0.0025623 0.1172299 0.1020222 0.1149683 0.0800645 
Acrobatidae_Acrobates_pygmaeus               0.0514487 0.1121019 0.0849972 0.0683621 0.0686695 0.0996362 0.0660163 0.0612937 0.0725632 0.1219273 0.0605644 0.1119109 0.1102869 0.0646778 0.0000000 0.1249787 0.1077206 0.1032074 0.1107893 0.0622718 0.0627821 0.1515464 0.1461236 0.1052230 0.0755365 0.0794510 0.0568903 0.0626097 0.0585612 0.0311097 0.0631698 0.1196475 0.1003021 0.1206560 0.0741663 
Dasyuridae_Phascogale_calura                 0.1124674 0.1407166 0.1271446 0.1412894 0.1420442 0.0240928 0.1341116 0.1234849 0.1439973 0.1658849 0.1267275 0.0097612 0.0510871 0.1336098 0.1249787 0.0000000 0.0247696 0.0311584 0.1421603 0.1338869 0.1230869 0.1850820 0.1627405 0.0140278 0.1465967 0.1124400 0.1189033 0.1355627 0.1187640 0.1299669 0.1333580 0.1510936 0.0268977 0.1660779 0.1717444 
Dasyuridae_Sarcophilus_harrisii              0.0990340 0.1347009 0.1148760 0.1216948 0.1191075 0.0103887 0.1231375 0.1081272 0.1215254 0.1385300 0.1130170 0.0219966 0.0387377 0.1163476 0.1077206 0.0247696 0.0000000 0.0280346 0.1297283 0.1195392 0.1124665 0.1660812 0.1546148 0.0189921 0.1282141 0.0944465 0.1070971 0.1195007 0.1095385 0.1144642 0.1165579 0.1362005 0.0106375 0.1393000 0.1484013 
Dasyuridae_Planigale_tenuirostris            0.0988907 0.1352710 0.1185978 0.1225131 0.1189695 0.0249668 0.1142780 0.1008232 0.1197977 0.1398688 0.1048028 0.0293510 0.0293350 0.1069896 0.1032074 0.0311584 0.0280346 0.0000000 0.1378466 0.1136289 0.1115979 0.1743023 0.1596891 0.0252987 0.1300592 0.0967534 0.1061454 0.1162064 0.1108565 0.1070796 0.1087637 0.1419723 0.0241315 0.1409020 0.1316577 
Peramelidae_Echymipera_kalubu                0.1059586 0.1265496 0.1237603 0.1204091 0.1192731 0.1179691 0.1191424 0.1037088 0.1237294 0.0134397 0.1042031 0.1263472 0.1444997 0.1110459 0.1107893 0.1421603 0.1297283 0.1378466 0.0000000 0.1232993 0.1177171 0.1712968 0.1630662 0.1281377 0.1261018 0.0953572 0.1167753 0.1222921 0.1236468 0.1190325 0.1094824 0.0097851 0.1187638 0.0134313 0.1431664 
Macropodidae_Dorcopsulus_vanheurni           0.0521017 0.1068884 0.0907183 0.0166652 0.0182229 0.1054359 0.0718220 0.0636016 0.0198282 0.1293317 0.0640495 0.1172667 0.1167197 0.0659508 0.0622718 0.1338869 0.1195392 0.1136289 0.1232993 0.0000000 0.0767451 0.1458477 0.1432722 0.1108753 0.0341723 0.0811682 0.0701944 0.0073380 0.0782444 0.0659947 0.0670255 0.1291567 0.1077362 0.1293386 0.0781756 
Pseudochiridae_Pseudochirulus_forbesi        0.0581880 0.1013021 0.0823664 0.0769012 0.0807109 0.1018273 0.0739672 0.0661938 0.0848054 0.1337584 0.0641349 0.1102368 0.1225071 0.0701600 0.0627821 0.1230869 0.1124665 0.1115979 0.1177171 0.0767451 0.0000000 0.1506665 0.1450045 0.1025966 0.0856224 0.0801056 0.0233024 0.0735097 0.0123286 0.0651102 0.0697094 0.1257555 0.1059431 0.1338253 0.0708617 
Didelphidae_Didelphis_virginiana             0.1363341 0.1623383 0.1524151 0.1515049 0.1516587 0.1605677 0.1645714 0.1450695 0.1488909 0.1812345 0.1421453 0.1697364 0.1785335 0.1539664 0.1515464 0.1850820 0.1660812 0.1743023 0.1712968 0.1458477 0.1506665 0.0000000 0.0433462 0.1651488 0.1668445 0.1308696 0.1488279 0.1397747 0.1530066 0.1545922 0.1521984 0.1797104 0.1586687 0.1805612 0.1725863 
Marmosidae_Monodelphis_domestica             0.1308607 0.1618532 0.1469265 0.1494090 0.1501658 0.1396314 0.1617323 0.1390802 0.1528259 0.1741905 0.1381715 0.1463697 0.1658464 0.1484705 0.1461236 0.1627405 0.1546148 0.1596891 0.1630662 0.1432722 0.1450045 0.0433462 0.0000000 0.1434534 0.1635477 0.1251142 0.1350236 0.1425397 0.1404215 0.1503819 0.1462862 0.1670227 0.1458515 0.1731186 0.1569941 
Dasyuridae_Antechinus_stuartii               0.0940606 0.1221100 0.1104567 0.1167636 0.1154206 0.0136389 0.1116143 0.1015935 0.1191935 0.1423476 0.1059056 0.0087823 0.0348385 0.1094145 0.1052230 0.0140278 0.0189921 0.0252987 0.1281377 0.1108753 0.1025966 0.1651488 0.1434534 0.0000000 0.1300317 0.0909659 0.0983056 0.1131174 0.1000128 0.1130477 0.1086400 0.1359718 0.0168883 0.1424482 0.1449104 
Hypsiprymnodontidae_Hypsiprymnodon_moschatus 0.0639980 0.1191359 0.0927312 0.0344288 0.0337460 0.1232770 0.0822142 0.0732231 0.0369800 0.1332073 0.0706432 0.1364119 0.1348012 0.0767396 0.0755365 0.1465967 0.1282141 0.1300592 0.1261018 0.0341723 0.0856224 0.1668445 0.1635477 0.1300317 0.0000000 0.0898478 0.0775046 0.0339059 0.0854543 0.0807496 0.0783656 0.1311941 0.1225441 0.1338242 0.0981817 
Microbiotheriidae_Dromiciops_gliroides       0.0658288 0.0813727 0.0806050 0.0832172 0.0824376 0.0837909 0.0816367 0.0686617 0.0838456 0.1057705 0.0681058 0.0961537 0.1042030 0.0736906 0.0794510 0.1124400 0.0944465 0.0967534 0.0953572 0.0811682 0.0801056 0.1308696 0.1251142 0.0909659 0.0898478 0.0000000 0.0671323 0.0797755 0.0747335 0.0808602 0.0724913 0.1019422 0.0836900 0.1063217 0.0994112 
Pseudochiridae_Petauroides_volans            0.0558756 0.0998536 0.0796559 0.0751523 0.0754769 0.0953738 0.0679110 0.0600666 0.0778892 0.1282957 0.0595828 0.1047608 0.1134994 0.0639144 0.0568903 0.1189033 0.1070971 0.1061454 0.1167753 0.0701944 0.0233024 0.1488279 0.1350236 0.0983056 0.0775046 0.0671323 0.0000000 0.0730748 0.0224889 0.0595426 0.0619796 0.1245818 0.1011691 0.1283438 0.0727099 
Macropodidae_Wallabia_bicolor                0.0519416 0.1029373 0.0878485 0.0181780 0.0184568 0.1067567 0.0714179 0.0610868 0.0198300 0.1263189 0.0612114 0.1189218 0.1173524 0.0634436 0.0626097 0.1355627 0.1195007 0.1162064 0.1222921 0.0073380 0.0735097 0.1397747 0.1425397 0.1131174 0.0339059 0.0797755 0.0730748 0.0000000 0.0744887 0.0642703 0.0650431 0.1258803 0.1072487 0.1265123 0.0761131 
Pseudochiridae_Pseudocheirus_occidentalis    0.0595149 0.0972158 0.0834401 0.0809595 0.0848769 0.1008284 0.0727461 0.0653355 0.0858517 0.1393407 0.0627027 0.1061495 0.1232906 0.0692760 0.0585612 0.1187640 0.1095385 0.1108565 0.1236468 0.0782444 0.0123286 0.1530066 0.1404215 0.1000128 0.0854543 0.0747335 0.0224889 0.0744887 0.0000000 0.0621254 0.0688537 0.1313225 0.1043132 0.1394272 0.0683353 
Acrobatidae_Distoechurus_pennatus            0.0587214 0.1166693 0.0940574 0.0685554 0.0709407 0.1085976 0.0678294 0.0618050 0.0743736 0.1248722 0.0596671 0.1181311 0.1151675 0.0655979 0.0311097 0.1299669 0.1144642 0.1070796 0.1190325 0.0659947 0.0651102 0.1545922 0.1503819 0.1130477 0.0807496 0.0808602 0.0595426 0.0642703 0.0621254 0.0000000 0.0639963 0.1268949 0.1049285 0.1233624 0.0798154 
Phalangeridae_Phalanger_carmelitae           0.0529053 0.1058776 0.0844385 0.0691966 0.0705867 0.0998690 0.0175588 0.0074876 0.0709314 0.1129073 0.0067356 0.1148549 0.1141846 0.0025623 0.0631698 0.1333580 0.1165579 0.1087637 0.1094824 0.0670255 0.0697094 0.1521984 0.1462862 0.1086400 0.0783656 0.0724913 0.0619796 0.0650431 0.0688537 0.0639963 0.0000000 0.1159164 0.1016454 0.1129247 0.0805499 
Peramelidae_Peroryctes_raffrayana            0.1088086 0.1323698 0.1247072 0.1252194 0.1240712 0.1235061 0.1233428 0.1103992 0.1299855 0.0134699 0.1109971 0.1354971 0.1470302 0.1172299 0.1196475 0.1510936 0.1362005 0.1419723 0.0097851 0.1291567 0.1257555 0.1797104 0.1670227 0.1359718 0.1311941 0.1019422 0.1245818 0.1258803 0.1313225 0.1268949 0.1159164 0.0000000 0.1249708 0.0134645 0.1472939 
Dasyuridae_Dasyurus_geffroii                 0.0948431 0.1202872 0.1060506 0.1119350 0.1106829 0.0062669 0.1053487 0.0942719 0.1123610 0.1266745 0.0982726 0.0203362 0.0322653 0.1020222 0.1003021 0.0268977 0.0106375 0.0241315 0.1187638 0.1077362 0.1059431 0.1586687 0.1458515 0.0168883 0.1225441 0.0836900 0.1011691 0.1072487 0.1043132 0.1049285 0.1016454 0.1249708 0.0000000 0.1273772 0.1352818 
Peramelidae_Perameles_gunnii                 0.1143476 0.1356159 0.1380919 0.1216447 0.1213332 0.1265408 0.1243571 0.1081447 0.1277081 0.0003307 0.1084600 0.1442465 0.1444562 0.1149683 0.1206560 0.1660779 0.1393000 0.1409020 0.0134313 0.1293386 0.1338253 0.1805612 0.1731186 0.1424482 0.1338242 0.1063217 0.1283438 0.1265123 0.1394272 0.1233624 0.1129247 0.0134645 0.1273772 0.0000000 0.1506123 
Tarsipedidae_Tarsipes_rostratus              0.0866688 0.1341534 0.1030760 0.0795691 0.0828175 0.1317990 0.0905442 0.0697463 0.0818371 0.1494859 0.0736500 0.1541901 0.1431961 0.0800645 0.0741663 0.1717444 0.1484013 0.1316577 0.1431664 0.0781756 0.0708617 0.1725863 0.1569941 0.1449104 0.0981817 0.0994112 0.0727099 0.0761131 0.0683353 0.0798154 0.0805499 0.1472939 0.1352818 0.1506123 0.0000000 
