35
Burramyidae_Burramys_parvus                  0.0000000 0.0925425 0.0475690 0.0682959 0.0686962 0.0978837 0.0494357 0.0509002 0.0646843 0.0947760 0.0507168 0.0959115 0.0985199 0.0534528 0.0610255 0.0986708 0.0947183 0.0977336 0.0941200 0.0504839 0.0650134 0.1113530 0.1051067 0.0917587 0.0670234 0.0651739 0.0648346 0.0493634 0.0558142 0.0747139 0.0687394 0.0516293 0.1003675 0.0959721 0.0933811 
Notoryctidae_Notoryctes_typhlops             0.0925425 0.0000000 0.0840289 0.1185104 0.1216020 0.1254844 0.0941339 0.0980923 0.1145321 0.1257966 0.0968077 0.1186636 0.1241836 0.0955922 0.1037433 0.1169645 0.1207072 0.1295509 0.1265937 0.0948699 0.1052208 0.1397706 0.1329483 0.1075330 0.1106884 0.0891501 0.1050331 0.1020533 0.0931941 0.1053424 0.1145329 0.0946046 0.1297629 0.1201304 0.1255255 
Vombatidae_Lasiorhinus_latifrons             0.0475690 0.0840289 0.0000000 0.0713933 0.0736639 0.0802616 0.0477830 0.0467818 0.0617394 0.0840494 0.0460868 0.0793147 0.0832460 0.0486078 0.0568096 0.0757466 0.0806234 0.0809274 0.0846686 0.0477625 0.0611533 0.0911565 0.0928626 0.0727899 0.0701803 0.0559823 0.0528076 0.0552485 0.0519843 0.0642770 0.0644666 0.0484527 0.0873111 0.0764129 0.0849644 
Potoroidae_Bettongia_penicillata             0.0682959 0.1185104 0.0713933 0.0000000 0.0012809 0.1135269 0.0747578 0.0745794 0.0039757 0.1095756 0.0740650 0.1152174 0.1140465 0.0739415 0.0840667 0.1162663 0.1108435 0.1146830 0.1107731 0.0039019 0.0850286 0.1236554 0.1228862 0.1076553 0.0538902 0.0829947 0.0843245 0.0053219 0.0710303 0.0916586 0.0888364 0.0752992 0.1169524 0.1108797 0.1085278 
Potoroidae_Bettongia_lesueur                 0.0686962 0.1216020 0.0736639 0.0012809 0.0000000 0.1174385 0.0760308 0.0743873 0.0051793 0.1099673 0.0753505 0.1173504 0.1169004 0.0752167 0.0853077 0.1184148 0.1145590 0.1170728 0.1094902 0.0046599 0.0862738 0.1207434 0.1232576 0.1098127 0.0568493 0.0818496 0.0872011 0.0063610 0.0724940 0.0929141 0.0892756 0.0765656 0.1173234 0.1147980 0.1089163 
Dasyuridae_Dasyurus_maculatus                0.0978837 0.1254844 0.0802616 0.1135269 0.1174385 0.0000000 0.0903054 0.1003364 0.1140459 0.1196200 0.0969841 0.0119790 0.0330295 0.0996891 0.1074299 0.0116836 0.0024701 0.0258258 0.1196404 0.0981823 0.1062370 0.1324655 0.1344270 0.0067466 0.1151557 0.0886294 0.1046589 0.0979360 0.0979250 0.1101780 0.1154589 0.0994402 0.1193424 0.0015370 0.1167521 
Phalangeridae_Trichosurus_vulpecula          0.0494357 0.0941339 0.0477830 0.0747578 0.0760308 0.0903054 0.0000000 0.0052373 0.0734385 0.0925696 0.0040807 0.0934851 0.0948987 0.0045673 0.0618912 0.0927187 0.0945001 0.0937799 0.0932076 0.0535992 0.0623679 0.1073278 0.1055780 0.0887384 0.0738921 0.0651811 0.0624744 0.0579126 0.0516847 0.0652801 0.0679278 0.0045426 0.0978028 0.0907917 0.0909225 
Phalangeridae_Spilocuscus_maculatus          0.0509002 0.0980923 0.0467818 0.0745794 0.0743873 0.1003364 0.0052373 0.0000000 0.0705991 0.0979890 0.0020698 0.1004185 0.1001411 0.0019236 0.0600974 0.0996946 0.1014378 0.1034866 0.1009381 0.0611372 0.0648019 0.1085261 0.1014194 0.0949551 0.0719587 0.0657689 0.0655221 0.0576969 0.0552312 0.0683967 0.0669225 0.0019163 0.0995516 0.0984207 0.0961876 
Potoroidae_Aepyprymnus_rufescens             0.0646843 0.1145321 0.0617394 0.0039757 0.0051793 0.1140459 0.0734385 0.0705991 0.0000000 0.1067561 0.0725803 0.1141021 0.1150644 0.0732262 0.0802557 0.1117608 0.1129420 0.1117725 0.1077425 0.0046766 0.0831128 0.1208317 0.1189312 0.1073393 0.0571254 0.0816479 0.0797981 0.0063917 0.0729930 0.0919983 0.0841872 0.0730414 0.1148910 0.1113859 0.1081729 
Peramelidae_Perameles_nasuta                 0.0947760 0.1257966 0.0840494 0.1095756 0.1099673 0.1196200 0.0925696 0.0979890 0.1067561 0.0000000 0.0974468 0.1149357 0.1190759 0.0987332 0.1089402 0.1198516 0.1192086 0.1107791 0.0044909 0.0875340 0.1098709 0.1455532 0.1335410 0.1121460 0.1162097 0.0950300 0.1102342 0.0961952 0.1002925 0.1166840 0.1170781 0.0986206 0.0050700 0.1177565 0.0004846 
Phalangeridae_Strigocuscus_pelengensis       0.0507168 0.0968077 0.0460868 0.0740650 0.0753505 0.0969841 0.0040807 0.0020698 0.0725803 0.0974468 0.0000000 0.0968181 0.0981295 0.0013096 0.0625728 0.0945315 0.0971530 0.0988161 0.1004252 0.0611367 0.0648920 0.1086498 0.1013943 0.0916380 0.0730355 0.0658077 0.0651434 0.0568648 0.0560634 0.0696338 0.0677902 0.0013049 0.0998587 0.0950487 0.0963487 
Dasyuridae_Phascogale_tapoatafa              0.0959115 0.1186636 0.0793147 0.1152174 0.1173504 0.0119790 0.0934851 0.1004185 0.1141021 0.1149357 0.0968181 0.0000000 0.0239026 0.0988473 0.1074825 0.0010540 0.0057461 0.0177826 0.1151459 0.0941892 0.1008706 0.1318896 0.1316785 0.0021051 0.1190764 0.0860666 0.1043310 0.1000068 0.0944773 0.1073849 0.1108611 0.0986003 0.1154835 0.0066847 0.1122697 
Dasyuridae_Sminthopsis_macroura              0.0985199 0.1241836 0.0832460 0.1140465 0.1169004 0.0330295 0.0948987 0.1001411 0.1150644 0.1190759 0.0981295 0.0239026 0.0000000 0.1002578 0.1088219 0.0247485 0.0237227 0.0211809 0.1201528 0.0987867 0.1075982 0.1353699 0.1309374 0.0135514 0.1148321 0.0844171 0.1075408 0.0983596 0.0958033 0.1124437 0.1168259 0.0999368 0.1198646 0.0255244 0.1172872 
Phalangeridae_Phalanger_orientalis           0.0534528 0.0955922 0.0486078 0.0739415 0.0752167 0.0996891 0.0045673 0.0019236 0.0732262 0.0987332 0.0013096 0.0988473 0.1002578 0.0000000 0.0608686 0.0964718 0.0998654 0.1010109 0.1010586 0.0628880 0.0631701 0.1105045 0.1023213 0.0917413 0.0737146 0.0665324 0.0662383 0.0569393 0.0560557 0.0692213 0.0676737 0.0006441 0.1007145 0.0977683 0.0955581 
Acrobatidae_Acrobates_pygmaeus               0.0610255 0.1037433 0.0568096 0.0840667 0.0853077 0.1074299 0.0618912 0.0600974 0.0802557 0.1089402 0.0625728 0.1074825 0.1088219 0.0608686 0.0000000 0.1076298 0.1052734 0.1084051 0.1086180 0.0649345 0.0568227 0.1101225 0.1124490 0.1023577 0.0840473 0.0762180 0.0558535 0.0673224 0.0517506 0.0629254 0.0238687 0.0615731 0.1133404 0.1031403 0.1074733 
Dasyuridae_Phascogale_calura                 0.0986708 0.1169645 0.0757466 0.1162663 0.1184148 0.0116836 0.0927187 0.0996946 0.1117608 0.1198516 0.0945315 0.0010540 0.0247485 0.0964718 0.1076298 0.0000000 0.0056549 0.0222435 0.1181167 0.0959512 0.1003264 0.1292734 0.1293005 0.0019048 0.1184621 0.0845543 0.1027058 0.1009256 0.0946519 0.1058247 0.1119909 0.0962305 0.1195705 0.0062282 0.1169467 
Dasyuridae_Sarcophilus_harrisii              0.0947183 0.1207072 0.0806234 0.1108435 0.1145590 0.0024701 0.0945001 0.1014378 0.1129420 0.1192086 0.0971530 0.0057461 0.0237227 0.0998654 0.1052734 0.0056549 0.0000000 0.0143511 0.1192878 0.0909617 0.1030864 0.1273943 0.1298491 0.0044083 0.1156172 0.0847567 0.1022785 0.0956564 0.0934054 0.1070161 0.1106588 0.0996152 0.1189302 0.0016493 0.1163862 
Dasyuridae_Planigale_tenuirostris            0.0977336 0.1295509 0.0809274 0.1146830 0.1170728 0.0258258 0.0937799 0.1034866 0.1117725 0.1107791 0.0988161 0.0177826 0.0211809 0.1010109 0.1084051 0.0222435 0.0143511 0.0000000 0.1106259 0.0949035 0.1085323 0.1280143 0.1296471 0.0110336 0.1172202 0.0875193 0.1065152 0.0998817 0.0977264 0.1150536 0.1138604 0.1009391 0.1096631 0.0130993 0.1083345 
Peramelidae_Echymipera_kalubu                0.0941200 0.1265937 0.0846686 0.1107731 0.1094902 0.1196404 0.0932076 0.1009381 0.1077425 0.0044909 0.1004252 0.1151459 0.1201528 0.1010586 0.1086180 0.1181167 0.1192878 0.1106259 0.0000000 0.0904250 0.1088285 0.1433433 0.1324067 0.1121312 0.1148234 0.0928976 0.1069493 0.0949167 0.0966683 0.1166414 0.1190236 0.1032047 0.0032744 0.1186534 0.0043526 
Macropodidae_Dorcopsulus_vanheurni           0.0504839 0.0948699 0.0477625 0.0039019 0.0046599 0.0981823 0.0535992 0.0611372 0.0046766 0.0875340 0.0611367 0.0941892 0.0987867 0.0628880 0.0649345 0.0959512 0.0909617 0.0949035 0.0904250 0.0000000 0.0664002 0.1074010 0.1035742 0.0871327 0.0419500 0.0608544 0.0634337 0.0013119 0.0520724 0.0763664 0.0727875 0.0618945 0.0951898 0.0941813 0.0896290 
Pseudochiridae_Pseudochirulus_forbesi        0.0650134 0.1052208 0.0611533 0.0850286 0.0862738 0.1062370 0.0623679 0.0648019 0.0831128 0.1098709 0.0648920 0.1008706 0.1075982 0.0631701 0.0568227 0.1003264 0.1030864 0.1085323 0.1088285 0.0664002 0.0000000 0.1235617 0.1178621 0.0958264 0.0846254 0.0762207 0.0397807 0.0695628 0.0059556 0.0608567 0.0710251 0.0654654 0.1147306 0.1026713 0.1083564 
Didelphidae_Didelphis_virginiana             0.1113530 0.1397706 0.0911565 0.1236554 0.1207434 0.1324655 0.1073278 0.1085261 0.1208317 0.1455532 0.1086498 0.1318896 0.1353699 0.1105045 0.1101225 0.1292734 0.1273943 0.1280143 0.1433433 0.1074010 0.1235617 0.0000000 0.0468968 0.1298421 0.1171701 0.1060652 0.1129879 0.1084933 0.1164386 0.1193721 0.1233891 0.1102074 0.1516096 0.1245961 0.1435064 
Marmosidae_Monodelphis_domestica             0.1051067 0.1329483 0.0928626 0.1228862 0.1232576 0.1344270 0.1055780 0.1014194 0.1189312 0.1335410 0.1013943 0.1316785 0.1309374 0.1023213 0.1124490 0.1293005 0.1298491 0.1296471 0.1324067 0.1035742 0.1178621 0.0468968 0.0000000 0.1228377 0.1217830 0.1037140 0.1107654 0.1065819 0.1112327 0.1213900 0.1230832 0.1004359 0.1403088 0.1283216 0.1329204 
Dasyuridae_Antechinus_stuartii               0.0917587 0.1075330 0.0727899 0.1076553 0.1098127 0.0067466 0.0887384 0.0949551 0.1073393 0.1121460 0.0916380 0.0021051 0.0135514 0.0917413 0.1023577 0.0019048 0.0044083 0.0110336 0.1121312 0.0871327 0.0958264 0.1298421 0.1228377 0.0000000 0.1110414 0.0793042 0.0980414 0.0940908 0.0882941 0.1060442 0.1074498 0.0915126 0.1088292 0.0044036 0.1098798 
Hypsiprymnodontidae_Hypsiprymnodon_moschatus 0.0670234 0.1106884 0.0701803 0.0538902 0.0568493 0.1151557 0.0738921 0.0719587 0.0571254 0.1162097 0.0730355 0.1190764 0.1148321 0.0737146 0.0840473 0.1184621 0.1156172 0.1172202 0.1148234 0.0419500 0.0846254 0.1171701 0.1217830 0.1110414 0.0000000 0.0835751 0.0867819 0.0350547 0.0780001 0.0899359 0.0879104 0.0750725 0.1209368 0.1099656 0.1142156 
Microbiotheriidae_Dromiciops_gliroides       0.0651739 0.0891501 0.0559823 0.0829947 0.0818496 0.0886294 0.0651811 0.0657689 0.0816479 0.0950300 0.0658077 0.0860666 0.0844171 0.0665324 0.0762180 0.0845543 0.0847567 0.0875193 0.0928976 0.0608544 0.0762207 0.1060652 0.1037140 0.0793042 0.0835751 0.0000000 0.0726087 0.0668475 0.0675038 0.0849700 0.0858938 0.0680520 0.1004417 0.0834080 0.0938459 
Pseudochiridae_Petauroides_volans            0.0648346 0.1050331 0.0528076 0.0843245 0.0872011 0.1046589 0.0624744 0.0655221 0.0797981 0.1102342 0.0651434 0.1043310 0.1075408 0.0662383 0.0558535 0.1027058 0.1022785 0.1065152 0.1069493 0.0634337 0.0397807 0.1129879 0.1107654 0.0980414 0.0867819 0.0726087 0.0000000 0.0685990 0.0289888 0.0520141 0.0704000 0.0662371 0.1127190 0.1011185 0.1079132 
Macropodidae_Wallabia_bicolor                0.0493634 0.1020533 0.0552485 0.0053219 0.0063610 0.0979360 0.0579126 0.0576969 0.0063917 0.0961952 0.0568648 0.1000068 0.0983596 0.0569393 0.0673224 0.1009256 0.0956564 0.0998817 0.0949167 0.0013119 0.0695628 0.1084933 0.1065819 0.0940908 0.0350547 0.0668475 0.0685990 0.0000000 0.0561806 0.0768199 0.0719802 0.0583706 0.1008657 0.0952714 0.0969853 
Pseudochiridae_Pseudocheirus_occidentalis    0.0558142 0.0931941 0.0519843 0.0710303 0.0724940 0.0979250 0.0516847 0.0552312 0.0729930 0.1002925 0.0560634 0.0944773 0.0958033 0.0560557 0.0517506 0.0946519 0.0934054 0.0977264 0.0966683 0.0520724 0.0059556 0.1164386 0.1112327 0.0882941 0.0780001 0.0675038 0.0289888 0.0561806 0.0000000 0.0466935 0.0597940 0.0569201 0.1009899 0.0929779 0.0982679 
Tarsipedidae_Tarsipes_rostratus              0.0747139 0.1053424 0.0642770 0.0916586 0.0929141 0.1101780 0.0652801 0.0683967 0.0919983 0.1166840 0.0696338 0.1073849 0.1124437 0.0692213 0.0629254 0.1058247 0.1070161 0.1150536 0.1166414 0.0763664 0.0608567 0.1193721 0.1213900 0.1060442 0.0899359 0.0849700 0.0520141 0.0768199 0.0466935 0.0000000 0.0715616 0.0699296 0.1227616 0.1091513 0.1166568 
Acrobatidae_Distoechurus_pennatus            0.0687394 0.1145329 0.0644666 0.0888364 0.0892756 0.1154589 0.0679278 0.0669225 0.0841872 0.1170781 0.0677902 0.1108611 0.1168259 0.0676737 0.0238687 0.1119909 0.1106588 0.1138604 0.1190236 0.0727875 0.0710251 0.1233891 0.1230832 0.1074498 0.0879104 0.0858938 0.0704000 0.0719802 0.0597940 0.0715616 0.0000000 0.0667634 0.1219796 0.1094539 0.1163826 
Phalangeridae_Phalanger_carmelitae           0.0516293 0.0946046 0.0484527 0.0752992 0.0765656 0.0994402 0.0045426 0.0019163 0.0730414 0.0986206 0.0013049 0.0986003 0.0999368 0.0006441 0.0615731 0.0962305 0.0996152 0.1009391 0.1032047 0.0618945 0.0654654 0.1102074 0.1004359 0.0915126 0.0750725 0.0680520 0.0662371 0.0583706 0.0569201 0.0699296 0.0667634 0.0000000 0.1002023 0.0975242 0.0960709 
Peramelidae_Peroryctes_raffrayana            0.1003675 0.1297629 0.0873111 0.1169524 0.1173234 0.1193424 0.0978028 0.0995516 0.1148910 0.0050700 0.0998587 0.1154835 0.1198646 0.1007145 0.1133404 0.1195705 0.1189302 0.1096631 0.0032744 0.0951898 0.1147306 0.1516096 0.1403088 0.1088292 0.1209368 0.1004417 0.1127190 0.1008657 0.1009899 0.1227616 0.1219796 0.1002023 0.0000000 0.1183400 0.0049305 
Dasyuridae_Dasyurus_geffroii                 0.0959721 0.1201304 0.0764129 0.1108797 0.1147980 0.0015370 0.0907917 0.0984207 0.1113859 0.1177565 0.0950487 0.0066847 0.0255244 0.0977683 0.1031403 0.0062282 0.0016493 0.0130993 0.1186534 0.0941813 0.1026713 0.1245961 0.1283216 0.0044036 0.1099656 0.0834080 0.1011185 0.0952714 0.0929779 0.1091513 0.1094539 0.0975242 0.1183400 0.0000000 0.1157543 
Peramelidae_Perameles_gunnii                 0.0933811 0.1255255 0.0849644 0.1085278 0.1089163 0.1167521 0.0909225 0.0961876 0.1081729 0.0004846 0.0963487 0.1122697 0.1172872 0.0955581 0.1074733 0.1169467 0.1163862 0.1083345 0.0043526 0.0896290 0.1083564 0.1435064 0.1329204 0.1098798 0.1142156 0.0938459 0.1079132 0.0969853 0.0982679 0.1166568 0.1163826 0.0960709 0.0049305 0.1157543 0.0000000 
