35
Burramyidae_Burramys_parvus                  0.0000000 0.0708090 0.0551520 0.0609144 0.0654196 0.0361760 0.0425332 0.0558492 0.0927043 0.0498000 0.0855720 0.0784141 0.0409638 0.0637569 0.0856918 0.0826843 0.0771284 0.0988130 0.0643478 0.0775226 0.0924649 0.0872823 0.0831561 0.0569231 0.0609349 0.0700535 0.0604109 0.0660352 0.0761933 0.0622302 0.0413934 0.0899617 0.0837398 0.0952136 0.0784574 
Notoryctidae_Notoryctes_typhlops             0.0708090 0.0000000 0.0715074 0.0779345 0.0835112 0.0638437 0.0663120 0.0756349 0.0947774 0.0716816 0.0952251 0.0871522 0.0663990 0.0823878 0.0953601 0.0932903 0.0864820 0.0979628 0.0837998 0.0920482 0.1062120 0.1005784 0.0926105 0.0782419 0.0661559 0.0948108 0.0766141 0.0829183 0.0979848 0.0786614 0.0654986 0.0923002 0.0948803 0.0970649 0.0885339 
Vombatidae_Lasiorhinus_latifrons             0.0551520 0.0715074 0.0000000 0.0631831 0.0662917 0.0433358 0.0480537 0.0592909 0.0915477 0.0499203 0.0856504 0.0752275 0.0440447 0.0643927 0.0857674 0.0857081 0.0784543 0.0939677 0.0648911 0.0807807 0.0929174 0.0884274 0.0839779 0.0596154 0.0648233 0.0726776 0.0638239 0.0688775 0.0768674 0.0663758 0.0434042 0.0870762 0.0858896 0.0938092 0.0809410 
Potoroidae_Bettongia_penicillata             0.0609144 0.0779345 0.0631831 0.0000000 0.0055156 0.0476669 0.0535595 0.0095989 0.1025677 0.0556564 0.0943721 0.0865920 0.0518841 0.0671468 0.0946469 0.0917825 0.0855455 0.1093276 0.0236807 0.0837629 0.0980583 0.0996546 0.0922500 0.0372901 0.0750398 0.0778827 0.0219922 0.0625849 0.0837394 0.0706040 0.0522145 0.1030377 0.0933534 0.1067628 0.0902661 
Potoroidae_Bettongia_lesueur                 0.0654196 0.0835112 0.0662917 0.0055156 0.0000000 0.0506921 0.0578370 0.0132189 0.1053802 0.0588344 0.0978852 0.0885879 0.0548126 0.0723669 0.0981730 0.0952208 0.0877162 0.1128296 0.0275521 0.0865161 0.1000080 0.1029528 0.0957870 0.0398717 0.0798103 0.0826398 0.0263781 0.0664925 0.0893607 0.0751708 0.0564651 0.1059785 0.0940049 0.1096151 0.0933606 
Phalangeridae_Trichosurus_vulpecula          0.0361760 0.0638437 0.0433358 0.0476669 0.0506921 0.0000000 0.0164797 0.0441705 0.0850265 0.0200604 0.0740300 0.0652801 0.0149357 0.0526774 0.0741274 0.0728114 0.0634145 0.0899610 0.0519714 0.0695018 0.0823166 0.0771060 0.0703610 0.0465439 0.0544266 0.0592654 0.0502306 0.0562487 0.0628595 0.0521046 0.0154120 0.0828372 0.0729572 0.0867332 0.0693473 
Phalangeridae_Spilocuscus_maculatus          0.0425332 0.0663120 0.0480537 0.0535595 0.0578370 0.0164797 0.0000000 0.0494006 0.0909869 0.0138457 0.0777055 0.0688418 0.0091051 0.0581460 0.0771271 0.0764347 0.0701092 0.0944994 0.0587177 0.0731186 0.0867357 0.0819253 0.0755006 0.0509957 0.0613087 0.0654601 0.0550206 0.0637591 0.0717023 0.0563371 0.0095845 0.0888898 0.0778882 0.0928238 0.0713374 
Potoroidae_Aepyprymnus_rufescens             0.0558492 0.0756349 0.0592909 0.0095989 0.0132189 0.0441705 0.0494006 0.0000000 0.1016358 0.0538973 0.0908815 0.0845147 0.0483144 0.0667873 0.0911437 0.0896847 0.0819097 0.1070119 0.0231392 0.0826774 0.0938318 0.0948078 0.0901801 0.0343767 0.0709354 0.0766793 0.0209044 0.0604523 0.0819107 0.0666003 0.0486609 0.0994610 0.0912430 0.1058123 0.0870536 
Peramelidae_Perameles_nasuta                 0.0927043 0.0947774 0.0915477 0.1025677 0.1053802 0.0850265 0.0909869 0.1016358 0.0000000 0.0954560 0.1048003 0.0941759 0.0867050 0.1034990 0.1049517 0.1007949 0.0990353 0.0192115 0.1038230 0.1277074 0.1249566 0.1194435 0.0997671 0.0987155 0.0868778 0.1162358 0.1018123 0.1194570 0.1115930 0.0982619 0.0857625 0.0160264 0.1001898 0.0014993 0.0962799 
Phalangeridae_Strigocuscus_pelengensis       0.0498000 0.0716816 0.0499203 0.0556564 0.0588344 0.0200604 0.0138457 0.0538973 0.0954560 0.0000000 0.0824861 0.0752555 0.0116869 0.0616559 0.0826024 0.0811405 0.0766691 0.0986939 0.0618818 0.0759658 0.0926311 0.0875311 0.0776893 0.0552632 0.0637783 0.0706609 0.0583156 0.0670522 0.0755779 0.0611275 0.0122041 0.0934770 0.0826923 0.0972529 0.0752675 
Dasyuridae_Phascogale_tapoatafa              0.0855720 0.0952251 0.0856504 0.0943721 0.0978852 0.0740300 0.0777055 0.0908815 0.1048003 0.0824861 0.0000000 0.0227118 0.0741400 0.0943462 0.0039474 0.0204140 0.0252977 0.1094908 0.0981164 0.1096329 0.1124384 0.1005798 0.0121711 0.0929769 0.0798499 0.1029095 0.0942856 0.0975464 0.1094881 0.0870661 0.0743613 0.1025800 0.0215005 0.1068070 0.0209256 
Dasyuridae_Sminthopsis_macroura              0.0784141 0.0871522 0.0752275 0.0865920 0.0885879 0.0652801 0.0688418 0.0845147 0.0941759 0.0752555 0.0227118 0.0000000 0.0653191 0.0880763 0.0216534 0.0210767 0.0109706 0.0976293 0.0887687 0.0981194 0.1041796 0.0916803 0.0235075 0.0836812 0.0715749 0.0969103 0.0863755 0.0910824 0.0971139 0.0815854 0.0655860 0.0937349 0.0211086 0.0961420 0.0210295 
Phalangeridae_Phalanger_orientalis           0.0409638 0.0663990 0.0440447 0.0518841 0.0548126 0.0149357 0.0091051 0.0483144 0.0867050 0.0116869 0.0741400 0.0653191 0.0000000 0.0559184 0.0742380 0.0728751 0.0653628 0.0899114 0.0558485 0.0727214 0.0859920 0.0810415 0.0717828 0.0502082 0.0576116 0.0643939 0.0520202 0.0600693 0.0685904 0.0545090 0.0055187 0.0841656 0.0743132 0.0884225 0.0677786 
Acrobatidae_Acrobates_pygmaeus               0.0637569 0.0823878 0.0643927 0.0671468 0.0723669 0.0526774 0.0581460 0.0667873 0.1034990 0.0616559 0.0943462 0.0880763 0.0559184 0.0000000 0.0963158 0.0942307 0.0800729 0.1073404 0.0729340 0.0813365 0.1035811 0.1004100 0.0930675 0.0683328 0.0721046 0.0756565 0.0709648 0.0698546 0.0728941 0.0432747 0.0544351 0.0977201 0.0989003 0.1052685 0.0951487 
Dasyuridae_Phascogale_calura                 0.0856918 0.0953601 0.0857674 0.0946469 0.0981730 0.0741274 0.0771271 0.0911437 0.1049517 0.0826024 0.0039474 0.0216534 0.0742380 0.0963158 0.0000000 0.0204352 0.0241707 0.1074694 0.0969552 0.1097972 0.1127878 0.0999787 0.0111554 0.0931828 0.0794137 0.1022961 0.0944868 0.0991571 0.1103416 0.0882364 0.0744591 0.1020528 0.0215229 0.1069617 0.0203251 
Dasyuridae_Sarcophilus_harrisii              0.0826843 0.0932903 0.0857081 0.0917825 0.0952208 0.0728114 0.0764347 0.0896847 0.1007949 0.0811405 0.0204140 0.0210767 0.0728751 0.0942307 0.0204352 0.0000000 0.0224066 0.1076905 0.0969550 0.1080209 0.1061146 0.0943165 0.0185189 0.0917011 0.0784776 0.1028031 0.0930556 0.0981074 0.1060932 0.0852534 0.0731031 0.0993630 0.0069865 0.1027922 0.0033704 
Dasyuridae_Planigale_tenuirostris            0.0771284 0.0864820 0.0784543 0.0855455 0.0877162 0.0634145 0.0701092 0.0819097 0.0990353 0.0766691 0.0252977 0.0109706 0.0653628 0.0800729 0.0241707 0.0224066 0.0000000 0.0991695 0.0868191 0.0990236 0.1028828 0.0910147 0.0241629 0.0834653 0.0689266 0.0982686 0.0857852 0.0875451 0.0994465 0.0804589 0.0651394 0.0936609 0.0224438 0.1008896 0.0194142 
Peramelidae_Echymipera_kalubu                0.0988130 0.0979628 0.0939677 0.1093276 0.1128296 0.0899610 0.0944994 0.1070119 0.0192115 0.0986939 0.1094908 0.0976293 0.0899114 0.1073404 0.1074694 0.1076905 0.0991695 0.0000000 0.1106458 0.1338595 0.1279232 0.1219550 0.1045448 0.1051702 0.0918989 0.1188935 0.1085787 0.1273534 0.1158455 0.1038797 0.0889599 0.0115574 0.1063349 0.0186717 0.1051109 
Macropodidae_Dorcopsulus_vanheurni           0.0643478 0.0837998 0.0648911 0.0236807 0.0275521 0.0519714 0.0587177 0.0231392 0.1038230 0.0618818 0.0981164 0.0887687 0.0558485 0.0729340 0.0969552 0.0969550 0.0868191 0.1106458 0.0000000 0.0908759 0.1020874 0.1070907 0.0943693 0.0408772 0.0801106 0.0855534 0.0154085 0.0695266 0.0916111 0.0776121 0.0551931 0.1044047 0.0985780 0.1079044 0.0948510 
Pseudochiridae_Pseudochirulus_forbesi        0.0775226 0.0920482 0.0807807 0.0837629 0.0865161 0.0695018 0.0731186 0.0826774 0.1277074 0.0759658 0.1096329 0.0981194 0.0727214 0.0813365 0.1097972 0.1080209 0.0990236 0.1338595 0.0908759 0.0000000 0.1139611 0.1091500 0.1090045 0.0794757 0.0860511 0.0687581 0.0855866 0.0442313 0.0755210 0.0800465 0.0729583 0.1241480 0.1076655 0.1293133 0.1074163 
Didelphidae_Didelphis_virginiana             0.0924649 0.1062120 0.0929174 0.0980583 0.1000080 0.0823166 0.0867357 0.0938318 0.1249566 0.0926311 0.1124384 0.1041796 0.0859920 0.1035811 0.1127878 0.1061146 0.1028828 0.1279232 0.1020874 0.1139611 0.0000000 0.0422422 0.1110053 0.0981562 0.0941412 0.1145624 0.0989424 0.1115937 0.1227599 0.0996732 0.0893193 0.1157093 0.1078775 0.1265984 0.1018468 
Marmosidae_Monodelphis_domestica             0.0872823 0.1005784 0.0884274 0.0996546 0.1029528 0.0771060 0.0819253 0.0948078 0.1194435 0.0875311 0.1005798 0.0916803 0.0810415 0.1004100 0.0999787 0.0943165 0.0910147 0.1219550 0.1070907 0.1091500 0.0422422 0.0000000 0.0993250 0.0979740 0.0830783 0.1009829 0.1030726 0.1006717 0.1115404 0.0945829 0.0840381 0.1157086 0.0966097 0.1199599 0.0919387 
Dasyuridae_Antechinus_stuartii               0.0831561 0.0926105 0.0839779 0.0922500 0.0957870 0.0703610 0.0755006 0.0901801 0.0997671 0.0776893 0.0121711 0.0235075 0.0717828 0.0930675 0.0111554 0.0185189 0.0241629 0.1045448 0.0943693 0.1090045 0.1110053 0.0993250 0.0000000 0.0908241 0.0772452 0.1015924 0.0919567 0.0972322 0.1076737 0.0867948 0.0721392 0.0984909 0.0206845 0.1014745 0.0187564 
Hypsiprymnodontidae_Hypsiprymnodon_moschatus 0.0569231 0.0782419 0.0596154 0.0372901 0.0398717 0.0465439 0.0509957 0.0343767 0.0987155 0.0552632 0.0929769 0.0836812 0.0502082 0.0683328 0.0931828 0.0917011 0.0834653 0.1051702 0.0408772 0.0794757 0.0981562 0.0979740 0.0908241 0.0000000 0.0721206 0.0771495 0.0391171 0.0663398 0.0827516 0.0700426 0.0505477 0.0980518 0.0919032 0.1022257 0.0884472 
Microbiotheriidae_Dromiciops_gliroides       0.0609349 0.0661559 0.0648233 0.0750398 0.0798103 0.0544266 0.0613087 0.0709354 0.0868778 0.0637783 0.0798499 0.0715749 0.0576116 0.0721046 0.0794137 0.0784776 0.0689266 0.0918989 0.0801106 0.0860511 0.0941412 0.0830783 0.0772452 0.0721206 0.0000000 0.0829519 0.0764536 0.0782885 0.0857169 0.0717401 0.0578285 0.0851505 0.0800376 0.0891646 0.0752854 
Pseudochiridae_Petauroides_volans            0.0700535 0.0948108 0.0726776 0.0778827 0.0826398 0.0592654 0.0654601 0.0766793 0.1162358 0.0706609 0.1029095 0.0969103 0.0643939 0.0756565 0.1022961 0.1028031 0.0982686 0.1188935 0.0855534 0.0687581 0.1145624 0.1009829 0.1015924 0.0771495 0.0829519 0.0000000 0.0806556 0.0543698 0.0753072 0.0736821 0.0646139 0.1135436 0.1053281 0.1169655 0.0986992 
Macropodidae_Wallabia_bicolor                0.0604109 0.0766141 0.0638239 0.0219922 0.0263781 0.0502306 0.0550206 0.0209044 0.1018123 0.0583156 0.0942856 0.0863755 0.0520202 0.0709648 0.0944868 0.0930556 0.0857852 0.1085787 0.0154085 0.0855866 0.0989424 0.1030726 0.0919567 0.0391171 0.0764536 0.0806556 0.0000000 0.0673920 0.0885100 0.0719841 0.0524151 0.1018089 0.0946476 0.1057861 0.0907297 
Pseudochiridae_Pseudocheirus_occidentalis    0.0660352 0.0829183 0.0688775 0.0625849 0.0664925 0.0562487 0.0637591 0.0604523 0.1194570 0.0670522 0.0975464 0.0910824 0.0600693 0.0698546 0.0991571 0.0981074 0.0875451 0.1273534 0.0695266 0.0442313 0.1115937 0.1006717 0.0972322 0.0663398 0.0782885 0.0543698 0.0673920 0.0000000 0.0685225 0.0684065 0.0606006 0.1150254 0.0974778 0.1221360 0.0929640 
Tarsipedidae_Tarsipes_rostratus              0.0761933 0.0979848 0.0768674 0.0837394 0.0893607 0.0628595 0.0717023 0.0819107 0.1115930 0.0755779 0.1094881 0.0971139 0.0685904 0.0728941 0.1103416 0.1060932 0.0994465 0.1158455 0.0916111 0.0755210 0.1227599 0.1115404 0.1076737 0.0827516 0.0857169 0.0753072 0.0885100 0.0685225 0.0000000 0.0700061 0.0688492 0.1119856 0.1110218 0.1156553 0.1061147 
Acrobatidae_Distoechurus_pennatus            0.0622302 0.0786614 0.0663758 0.0706040 0.0751708 0.0521046 0.0563371 0.0666003 0.0982619 0.0611275 0.0870661 0.0815854 0.0545090 0.0432747 0.0882364 0.0852534 0.0804589 0.1038797 0.0776121 0.0800465 0.0996732 0.0945829 0.0867948 0.0700426 0.0717401 0.0736821 0.0719841 0.0684065 0.0700061 0.0000000 0.0548462 0.0954276 0.0896709 0.1000393 0.0870883 
Phalangeridae_Phalanger_carmelitae           0.0413934 0.0654986 0.0434042 0.0522145 0.0564651 0.0154120 0.0095845 0.0486609 0.0857625 0.0122041 0.0743613 0.0655860 0.0055187 0.0544351 0.0744591 0.0731031 0.0651394 0.0889599 0.0551931 0.0729583 0.0893193 0.0840381 0.0721392 0.0505477 0.0578285 0.0646139 0.0524151 0.0606006 0.0688492 0.0548462 0.0000000 0.0832506 0.0745341 0.0875915 0.0689777 
Peramelidae_Peroryctes_raffrayana            0.0899617 0.0923002 0.0870762 0.1030377 0.1059785 0.0828372 0.0888898 0.0994610 0.0160264 0.0934770 0.1025800 0.0937349 0.0841656 0.0977201 0.1020528 0.0993630 0.0936609 0.0115574 0.1044047 0.1241480 0.1157093 0.1157086 0.0984909 0.0980518 0.0851505 0.1135436 0.1018089 0.1150254 0.1119856 0.0954276 0.0832506 0.0000000 0.0965611 0.0154906 0.0953623 
Dasyuridae_Dasyurus_geffroii                 0.0837398 0.0948803 0.0858896 0.0933534 0.0940049 0.0729572 0.0778882 0.0912430 0.1001898 0.0826923 0.0215005 0.0211086 0.0743132 0.0989003 0.0215229 0.0069865 0.0224438 0.1063349 0.0985780 0.1076655 0.1078775 0.0966097 0.0206845 0.0919032 0.0800376 0.1053281 0.0946476 0.0974778 0.1110218 0.0896709 0.0745341 0.0965611 0.0000000 0.1021874 0.0028058 
Peramelidae_Perameles_gunnii                 0.0952136 0.0970649 0.0938092 0.1067628 0.1096151 0.0867332 0.0928238 0.1058123 0.0014993 0.0972529 0.1068070 0.0961420 0.0884225 0.1052685 0.1069617 0.1027922 0.1008896 0.0186717 0.1079044 0.1293133 0.1265984 0.1199599 0.1014745 0.1022257 0.0891646 0.1169655 0.1057861 0.1221360 0.1156553 0.1000393 0.0875915 0.0154906 0.1021874 0.0000000 0.0983981 
Dasyuridae_Dasyurus_maculatus                0.0784574 0.0885339 0.0809410 0.0902661 0.0933606 0.0693473 0.0713374 0.0870536 0.0962799 0.0752675 0.0209256 0.0210295 0.0677786 0.0951487 0.0203251 0.0033704 0.0194142 0.1051109 0.0948510 0.1074163 0.1018468 0.0919387 0.0187564 0.0884472 0.0752854 0.0986992 0.0907297 0.0929640 0.1061147 0.0870883 0.0689777 0.0953623 0.0028058 0.0983981 0.0000000 
