35
Burramyidae_Burramys_parvus                  0.0000000 0.1065053 0.0714484 0.0751582 0.0733634 0.0974678 0.0558761 0.0533823 0.0753830 0.0982155 0.0621484 0.0899925 0.0941532 0.0607144 0.0615228 0.0906536 0.0965807 0.0924359 0.0981074 0.0714728 0.0614629 0.1222290 0.1155475 0.0896273 0.0627390 0.0800746 0.0560259 0.0664570 0.0541085 0.0836998 0.0679301 0.0589827 0.1119538 0.0976000 0.1010095 
Notoryctidae_Notoryctes_typhlops             0.1065053 0.0000000 0.1022374 0.1173300 0.1131289 0.1168829 0.1080463 0.1058632 0.1193464 0.1218354 0.1137708 0.1122606 0.1215348 0.1122223 0.1047125 0.1126701 0.1193213 0.1094342 0.1194755 0.1150188 0.1087022 0.1469656 0.1408539 0.1129536 0.1020352 0.1123854 0.1077803 0.1114610 0.1022068 0.1256703 0.1126989 0.1124527 0.1289505 0.1176566 0.1237058 
Vombatidae_Lasiorhinus_latifrons             0.0714484 0.1022374 0.0000000 0.0829825 0.0815252 0.0960380 0.0708270 0.0666027 0.0815437 0.0986088 0.0742585 0.0858913 0.0928963 0.0718447 0.0727760 0.0870734 0.0927694 0.0912594 0.0964184 0.0789188 0.0765019 0.1174933 0.1095668 0.0819197 0.0695358 0.0759321 0.0702570 0.0759991 0.0703109 0.0974374 0.0828100 0.0717918 0.1135368 0.0949406 0.1004413 
Potoroidae_Bettongia_penicillata             0.0751582 0.1173300 0.0829825 0.0000000 0.0037798 0.1077248 0.0703479 0.0651778 0.0137568 0.1022222 0.0785703 0.1041780 0.1043311 0.0764887 0.0729666 0.1016963 0.1060526 0.1034576 0.1053403 0.0266287 0.0798865 0.1355070 0.1280112 0.1033075 0.0452859 0.0944283 0.0713058 0.0248247 0.0656999 0.1010388 0.0802695 0.0767111 0.1140949 0.1081019 0.1121518 
Potoroidae_Bettongia_lesueur                 0.0733634 0.1131289 0.0815252 0.0037798 0.0000000 0.1070562 0.0688547 0.0645464 0.0118783 0.1029094 0.0756961 0.1023003 0.1046358 0.0747024 0.0720726 0.1010660 0.1053615 0.1014081 0.1052572 0.0241900 0.0787874 0.1348507 0.1272811 0.1008520 0.0435885 0.0924735 0.0707866 0.0223773 0.0646550 0.1000466 0.0794587 0.0749287 0.1139212 0.1063923 0.1121393 
Dasyuridae_Dasyurus_maculatus                0.0974678 0.1168829 0.0960380 0.1077248 0.1070562 0.0000000 0.1005988 0.0996800 0.1064596 0.1120461 0.1085420 0.0173775 0.0366981 0.1060919 0.0957996 0.0202075 0.0104956 0.0319644 0.1118632 0.1068248 0.1062056 0.1274401 0.1238735 0.0188006 0.0975724 0.1008523 0.1017241 0.1043031 0.1011190 0.1228556 0.1063384 0.1022869 0.1262798 0.0076538 0.1151206 
Phalangeridae_Trichosurus_vulpecula          0.0558761 0.1080463 0.0708270 0.0703479 0.0688547 0.1005988 0.0000000 0.0210105 0.0715131 0.0932117 0.0269545 0.0917983 0.0960407 0.0243169 0.0656191 0.0925538 0.0994564 0.0925330 0.0938973 0.0694355 0.0689565 0.1160790 0.1082166 0.0920056 0.0627284 0.0826811 0.0598460 0.0647214 0.0587997 0.0818997 0.0725730 0.0231312 0.1078127 0.1000195 0.0962541 
Phalangeridae_Spilocuscus_maculatus          0.0533823 0.1058632 0.0666027 0.0651778 0.0645464 0.0996800 0.0210105 0.0000000 0.0661162 0.0887997 0.0144983 0.0943017 0.0963753 0.0124142 0.0605209 0.0919993 0.0996257 0.0951768 0.0914745 0.0635909 0.0581272 0.1155822 0.1013989 0.0920277 0.0538094 0.0802962 0.0504354 0.0590156 0.0550107 0.0812059 0.0643779 0.0111057 0.1067066 0.0988219 0.0887946 
Potoroidae_Aepyprymnus_rufescens             0.0753830 0.1193464 0.0815437 0.0137568 0.0118783 0.1064596 0.0715131 0.0661162 0.0000000 0.1048134 0.0785628 0.1031227 0.1060925 0.0763591 0.0735171 0.1024806 0.1052634 0.1044434 0.1073667 0.0257368 0.0805533 0.1343538 0.1272170 0.1023344 0.0457258 0.0976321 0.0728717 0.0233024 0.0674820 0.1008825 0.0794694 0.0765838 0.1164218 0.1064045 0.1139721 
Peramelidae_Perameles_nasuta                 0.0982155 0.1218354 0.0986088 0.1022222 0.1029094 0.1120461 0.0932117 0.0887997 0.1048134 0.0000000 0.0975919 0.1061643 0.1117970 0.0953815 0.0962011 0.1029537 0.1125617 0.1088196 0.0210978 0.1020210 0.0994023 0.1394265 0.1256126 0.1067887 0.0904610 0.1036763 0.0977185 0.0966874 0.0962930 0.1242311 0.1009488 0.0950108 0.0320937 0.1136130 0.0030775 
Phalangeridae_Strigocuscus_pelengensis       0.0621484 0.1137708 0.0742585 0.0785703 0.0756961 0.1085420 0.0269545 0.0144983 0.0785628 0.0975919 0.0000000 0.0993308 0.1017654 0.0141313 0.0710194 0.0982654 0.1057681 0.0949263 0.1026848 0.0758022 0.0696627 0.1251920 0.1165730 0.0967652 0.0668688 0.0888215 0.0644303 0.0723773 0.0620098 0.0874522 0.0781897 0.0129629 0.1157809 0.1076654 0.1027940 
Dasyuridae_Phascogale_tapoatafa              0.0899925 0.1122606 0.0858913 0.1041780 0.1023003 0.0173775 0.0917983 0.0943017 0.1031227 0.1061643 0.0993308 0.0000000 0.0295607 0.0976078 0.0880893 0.0036732 0.0157640 0.0258056 0.1034639 0.1019704 0.0974114 0.1235899 0.1161526 0.0096292 0.0868829 0.0893070 0.0908690 0.0987987 0.0922112 0.1054441 0.0975096 0.0943735 0.1152908 0.0167497 0.1068219 
Dasyuridae_Sminthopsis_macroura              0.0941532 0.1215348 0.0928963 0.1043311 0.1046358 0.0366981 0.0960407 0.0963753 0.1060925 0.1117970 0.1017654 0.0295607 0.0000000 0.1002169 0.0911050 0.0292805 0.0358631 0.0219530 0.1105444 0.1061264 0.1019608 0.1245899 0.1195531 0.0299073 0.0958962 0.0956538 0.1000923 0.1034035 0.0952766 0.1170713 0.1026539 0.0982581 0.1229289 0.0359204 0.1146903 
Phalangeridae_Phalanger_orientalis           0.0607144 0.1122223 0.0718447 0.0764887 0.0747024 0.1060919 0.0243169 0.0124142 0.0763591 0.0953815 0.0141313 0.0976078 0.1002169 0.0000000 0.0706258 0.0960212 0.1029448 0.0961107 0.1019773 0.0733218 0.0692597 0.1249285 0.1131213 0.0964204 0.0655401 0.0880032 0.0642043 0.0705239 0.0613822 0.0856768 0.0757012 0.0056324 0.1139619 0.1043075 0.1005150 
Acrobatidae_Acrobates_pygmaeus               0.0615228 0.1047125 0.0727760 0.0729666 0.0720726 0.0957996 0.0656191 0.0605209 0.0735171 0.0962011 0.0710194 0.0880893 0.0911050 0.0706258 0.0000000 0.0878988 0.0922627 0.0853620 0.0974797 0.0702862 0.0569927 0.1168776 0.1092052 0.0863666 0.0652740 0.0788029 0.0545130 0.0679189 0.0500615 0.0707797 0.0296221 0.0699285 0.1076137 0.0937186 0.1036008 
Dasyuridae_Phascogale_calura                 0.0906536 0.1126701 0.0870734 0.1016963 0.1010660 0.0202075 0.0925538 0.0919993 0.1024806 0.1029537 0.0982654 0.0036732 0.0292805 0.0960212 0.0878988 0.0000000 0.0187308 0.0257838 0.1014644 0.1011044 0.0958047 0.1168340 0.1137511 0.0108773 0.0873885 0.0896564 0.0928830 0.0981641 0.0896422 0.1032869 0.0969589 0.0937047 0.1119106 0.0201914 0.1048060 
Dasyuridae_Sarcophilus_harrisii              0.0965807 0.1193213 0.0927694 0.1060526 0.1053615 0.0104956 0.0994564 0.0996257 0.1052634 0.1125617 0.1057681 0.0157640 0.0358631 0.1029448 0.0922627 0.0187308 0.0000000 0.0293338 0.1110726 0.1055868 0.1039408 0.1265725 0.1224887 0.0166466 0.0956921 0.0975535 0.0995299 0.1030448 0.1006249 0.1201270 0.1041386 0.1002037 0.1268163 0.0097857 0.1137524 
Dasyuridae_Planigale_tenuirostris            0.0924359 0.1094342 0.0912594 0.1034576 0.1014081 0.0319644 0.0925330 0.0951768 0.1044434 0.1088196 0.0949263 0.0258056 0.0219530 0.0961107 0.0853620 0.0257838 0.0293338 0.0000000 0.1054145 0.1032030 0.0997011 0.1228228 0.1198087 0.0262920 0.0924996 0.0906280 0.0953016 0.0987036 0.0938503 0.1112404 0.0999723 0.0941317 0.1209568 0.0309575 0.1115164 
Peramelidae_Echymipera_kalubu                0.0981074 0.1194755 0.0964184 0.1053403 0.1052572 0.1118632 0.0938973 0.0914745 0.1073667 0.0210978 0.1026848 0.1034639 0.1105444 0.1019773 0.0974797 0.1014644 0.1110726 0.1054145 0.0000000 0.1054881 0.1048327 0.1391949 0.1292815 0.1057222 0.0970836 0.1030109 0.1004764 0.1015999 0.0932056 0.1242831 0.1039389 0.1001920 0.0287909 0.1129437 0.0223001 
Macropodidae_Dorcopsulus_vanheurni           0.0714728 0.1150188 0.0789188 0.0266287 0.0241900 0.1068248 0.0694355 0.0635909 0.0257368 0.1020210 0.0758022 0.1019704 0.1061264 0.0733218 0.0702862 0.1011044 0.1055868 0.1032030 0.1054881 0.0000000 0.0774655 0.1340925 0.1261958 0.1012867 0.0426948 0.0920873 0.0696372 0.0093541 0.0655169 0.0965649 0.0773570 0.0742630 0.1146717 0.1064562 0.1107038 
Pseudochiridae_Pseudochirulus_forbesi        0.0614629 0.1087022 0.0765019 0.0798865 0.0787874 0.1062056 0.0689565 0.0581272 0.0805533 0.0994023 0.0696627 0.0974114 0.1019608 0.0692597 0.0569927 0.0958047 0.1039408 0.0997011 0.1048327 0.0774655 0.0000000 0.1194850 0.1145669 0.0967864 0.0703018 0.0861359 0.0314455 0.0749588 0.0153367 0.0666110 0.0638106 0.0687690 0.1120818 0.1045700 0.1073160 
Didelphidae_Didelphis_virginiana             0.1222290 0.1469656 0.1174933 0.1355070 0.1348507 0.1274401 0.1160790 0.1155822 0.1343538 0.1394265 0.1251920 0.1235899 0.1245899 0.1249285 0.1168776 0.1168340 0.1265725 0.1228228 0.1391949 0.1340925 0.1194850 0.0000000 0.0477717 0.1193309 0.1233278 0.1173861 0.1211280 0.1292304 0.1155115 0.1397234 0.1270790 0.1232838 0.1584671 0.1265710 0.1364323 
Marmosidae_Monodelphis_domestica             0.1155475 0.1408539 0.1095668 0.1280112 0.1272811 0.1238735 0.1082166 0.1013989 0.1272170 0.1256126 0.1165730 0.1161526 0.1195531 0.1131213 0.1092052 0.1137511 0.1224887 0.1198087 0.1292815 0.1261958 0.1145669 0.0477717 0.0000000 0.1149351 0.1138056 0.1157076 0.1112628 0.1218353 0.1079436 0.1374287 0.1212999 0.1115443 0.1424972 0.1219223 0.1287460 
Dasyuridae_Antechinus_stuartii               0.0896273 0.1129536 0.0819197 0.1033075 0.1008520 0.0188006 0.0920056 0.0920277 0.1023344 0.1067887 0.0967652 0.0096292 0.0299073 0.0964204 0.0863666 0.0108773 0.0166466 0.0262920 0.1057222 0.1012867 0.0967864 0.1193309 0.1149351 0.0000000 0.0868652 0.0918855 0.0931219 0.0977485 0.0889510 0.1046398 0.0973537 0.0939473 0.1160716 0.0181893 0.1093249 
Hypsiprymnodontidae_Hypsiprymnodon_moschatus 0.0627390 0.1020352 0.0695358 0.0452859 0.0435885 0.0975724 0.0627284 0.0538094 0.0457258 0.0904610 0.0668688 0.0868829 0.0958962 0.0655401 0.0652740 0.0873885 0.0956921 0.0924996 0.0970836 0.0426948 0.0703018 0.1233278 0.1138056 0.0868652 0.0000000 0.0828369 0.0609579 0.0390110 0.0575081 0.0879385 0.0711209 0.0654717 0.1022957 0.0977053 0.0986863 
Microbiotheriidae_Dromiciops_gliroides       0.0800746 0.1123854 0.0759321 0.0944283 0.0924735 0.1008523 0.0826811 0.0802962 0.0976321 0.1036763 0.0888215 0.0893070 0.0956538 0.0880032 0.0788029 0.0896564 0.0975535 0.0906280 0.1030109 0.0920873 0.0861359 0.1173861 0.1157076 0.0918855 0.0828369 0.0000000 0.0823289 0.0889356 0.0753058 0.0990772 0.0914933 0.0865085 0.1176210 0.0995221 0.1027586 
Pseudochiridae_Petauroides_volans            0.0560259 0.1077803 0.0702570 0.0713058 0.0707866 0.1017241 0.0598460 0.0504354 0.0728717 0.0977185 0.0644303 0.0908690 0.1000923 0.0642043 0.0545130 0.0928830 0.0995299 0.0953016 0.1004764 0.0696372 0.0314455 0.1211280 0.1112628 0.0931219 0.0609579 0.0823289 0.0000000 0.0662701 0.0258521 0.0661879 0.0583854 0.0634505 0.1062587 0.1000342 0.1072303 
Macropodidae_Wallabia_bicolor                0.0664570 0.1114610 0.0759991 0.0248247 0.0223773 0.1043031 0.0647214 0.0590156 0.0233024 0.0966874 0.0723773 0.0987987 0.1034035 0.0705239 0.0679189 0.0981641 0.1030448 0.0987036 0.1015999 0.0093541 0.0749588 0.1292304 0.1218353 0.0977485 0.0390110 0.0889356 0.0662701 0.0000000 0.0630205 0.0948268 0.0737727 0.0714485 0.1100551 0.1041846 0.1057808 
Pseudochiridae_Pseudocheirus_occidentalis    0.0541085 0.1022068 0.0703109 0.0656999 0.0646550 0.1011190 0.0587997 0.0550107 0.0674820 0.0962930 0.0620098 0.0922112 0.0952766 0.0613822 0.0500615 0.0896422 0.1006249 0.0938503 0.0932056 0.0655169 0.0153367 0.1155115 0.1079436 0.0889510 0.0575081 0.0753058 0.0258521 0.0630205 0.0000000 0.0654768 0.0545273 0.0602286 0.1057080 0.0998202 0.0992757 
Tarsipedidae_Tarsipes_rostratus              0.0836998 0.1256703 0.0974374 0.1010388 0.1000466 0.1228556 0.0818997 0.0812059 0.1008825 0.1242311 0.0874522 0.1054441 0.1170713 0.0856768 0.0707797 0.1032869 0.1201270 0.1112404 0.1242831 0.0965649 0.0666110 0.1397234 0.1374287 0.1046398 0.0879385 0.0990772 0.0661879 0.0948268 0.0654768 0.0000000 0.0770283 0.0871443 0.1304945 0.1219115 0.1295674 
Acrobatidae_Distoechurus_pennatus            0.0679301 0.1126989 0.0828100 0.0802695 0.0794587 0.1063384 0.0725730 0.0643779 0.0794694 0.1009488 0.0781897 0.0975096 0.1026539 0.0757012 0.0296221 0.0969589 0.1041386 0.0999723 0.1039389 0.0773570 0.0638106 0.1270790 0.1212999 0.0973537 0.0711209 0.0914933 0.0583854 0.0737727 0.0545273 0.0770283 0.0000000 0.0760771 0.1132168 0.1054652 0.1071536 
Phalangeridae_Phalanger_carmelitae           0.0589827 0.1124527 0.0717918 0.0767111 0.0749287 0.1022869 0.0231312 0.0111057 0.0765838 0.0950108 0.0129629 0.0943735 0.0982581 0.0056324 0.0699285 0.0937047 0.1002037 0.0941317 0.1001920 0.0742630 0.0687690 0.1232838 0.1115443 0.0939473 0.0654717 0.0865085 0.0634505 0.0714485 0.0602286 0.0871443 0.0760771 0.0000000 0.1146156 0.1008706 0.0993790 
Peramelidae_Peroryctes_raffrayana            0.1119538 0.1289505 0.1135368 0.1140949 0.1139212 0.1262798 0.1078127 0.1067066 0.1164218 0.0320937 0.1157809 0.1152908 0.1229289 0.1139619 0.1076137 0.1119106 0.1268163 0.1209568 0.0287909 0.1146717 0.1120818 0.1584671 0.1424972 0.1160716 0.1022957 0.1176210 0.1062587 0.1100551 0.1057080 0.1304945 0.1132168 0.1146156 0.0000000 0.1273350 0.0326936 
Dasyuridae_Dasyurus_geffroii                 0.0976000 0.1176566 0.0949406 0.1081019 0.1063923 0.0076538 0.1000195 0.0988219 0.1064045 0.1136130 0.1076654 0.0167497 0.0359204 0.1043075 0.0937186 0.0201914 0.0097857 0.0309575 0.1129437 0.1064562 0.1045700 0.1265710 0.1219223 0.0181893 0.0977053 0.0995221 0.1000342 0.1041846 0.0998202 0.1219115 0.1054652 0.1008706 0.1273350 0.0000000 0.1170924 
Peramelidae_Perameles_gunnii                 0.1010095 0.1237058 0.1004413 0.1121518 0.1121393 0.1151206 0.0962541 0.0887946 0.1139721 0.0030775 0.1027940 0.1068219 0.1146903 0.1005150 0.1036008 0.1048060 0.1137524 0.1115164 0.0223001 0.1107038 0.1073160 0.1364323 0.1287460 0.1093249 0.0986863 0.1027586 0.1072303 0.1057808 0.0992757 0.1295674 0.1071536 0.0993790 0.0326936 0.1170924 0.0000000 
