39
Burramyidae_Burramys_parvus                  0.0000000 0.1368944 0.0595253 0.1368944 0.0452635 0.0379590 0.0377298 0.0564077 0.0311613 0.0332109 0.0381650 0.0660155 0.0467159 0.0318066 0.0532017 0.0605344 0.0315224 0.0457642 0.0555256 0.0564221 0.0572142 0.0658852 0.0353547 0.0467347 0.0654656 0.0592431 0.0537041 0.0380964 0.0539150 0.0457386 0.0362289 0.0319605 0.0496534 0.0403185 0.0467159 0.0346287 0.0639199 0.0556808 0.0665019 
Thylacomyidae_Macrotis_lagotis1              0.1368944 0.0000000 0.1322846 0.0000010 0.1420797 0.1261342 0.1213786 0.1260833 0.1227720 0.1256286 0.1299606 0.0397396 9.0000000 0.1384636 0.1176004 0.1291664 0.1301827 0.1396994 0.1248487 0.1187806 0.1453076 0.0410645 0.1275633 0.2056059 0.1623412 0.1561540 0.1174903 0.1210508 0.1377642 0.1847869 0.1289929 9.0000000 0.1508622 0.1454918 9.0000000 0.1334004 0.0502770 0.1163748 0.0395008 
Notoryctidae_Notoryctes_typhlops             0.0595253 0.1322846 0.0000000 0.1322846 0.0560345 0.0632892 0.0618228 0.0652654 0.0565449 0.0595528 0.0586621 0.0697367 0.0325453 0.0578844 0.0631393 0.0673634 0.0613673 0.0678468 0.0644176 0.0642602 0.0664851 0.0663940 0.0560913 0.0676197 0.0720235 0.0680163 0.0634789 0.0642465 0.0591184 0.0671489 0.0587205 0.0523993 0.0694439 0.0630901 0.0325453 0.0625910 0.0673051 0.0656975 0.0698205 
Thylacomyidae_Macrotis_lagotis2              0.1368944 0.0000010 0.1322846 0.0000000 0.1420797 0.1261342 0.1213786 0.1260833 0.1227720 0.1256286 0.1299606 0.0397396 9.0000000 0.1384636 0.1176004 0.1291664 0.1301827 0.1396994 0.1248487 0.1187806 0.1453076 0.0410645 0.1275633 0.2056059 0.1623412 0.1561540 0.1174903 0.1210508 0.1377642 0.1847869 0.1289929 9.0000000 0.1508622 0.1454918 9.0000000 0.1334004 0.0502770 0.1163748 0.0395008 
Vombatidae_Lasiorhinus_latifrons             0.0452635 0.1420797 0.0560345 0.1420797 0.0000000 0.0493583 0.0479599 0.0577063 0.0422797 0.0436475 0.0466829 0.0693032 0.0263596 0.0436992 0.0558056 0.0618836 0.0435929 0.0534536 0.0595929 0.0556039 0.0573840 0.0691957 0.0432190 0.0549175 0.0642075 0.0600538 0.0565834 0.0513913 0.0540486 0.0540197 0.0453569 0.0379046 0.0580882 0.0492578 0.0263596 0.0453360 0.0686721 0.0579806 0.0694740 
Potoroidae_Bettongia_penicillata             0.0379590 0.1261342 0.0632892 0.1261342 0.0493583 0.0000000 0.0013221 0.0615568 0.0377594 0.0383863 0.0089239 0.0654200 0.0449513 0.0396852 0.0559278 0.0641366 0.0387460 0.0507737 0.0607016 0.0616284 0.0620887 0.0638857 0.0171930 0.0485590 0.0696856 0.0661590 0.0585415 0.0328373 0.0600048 0.0458901 0.0180556 0.0345000 0.0504422 0.0446559 0.0449513 0.0405259 0.0656334 0.0622733 0.0652756 
Potoroidae_Bettongia_lesueur                 0.0377298 0.1213786 0.0618228 0.1213786 0.0479599 0.0013221 0.0000000 0.0607712 0.0369181 0.0369350 0.0081987 0.0665699 0.0407114 0.0388370 0.0555794 0.0626378 0.0378957 0.0492991 0.0602546 0.0608136 0.0617964 0.0644173 0.0159971 0.0491150 0.0697371 0.0649435 0.0575023 0.0322820 0.0594349 0.0461334 0.0162875 0.0361790 0.0505679 0.0433245 0.0407114 0.0396368 0.0657590 0.0611111 0.0663795 
Dasyuridae_Dasyurus_maculatus                0.0564077 0.1260833 0.0652654 0.1260833 0.0577063 0.0615568 0.0607712 0.0000000 0.0531646 0.0551713 0.0605108 0.0642439 0.0101244 0.0542681 0.0127476 0.0209188 0.0560447 0.0690004 0.0137517 0.0057604 0.0190847 0.0622554 0.0541057 0.0693845 0.0711322 0.0685810 0.0143373 0.0619360 0.0558860 0.0657020 0.0589065 0.0487993 0.0713449 0.0617077 0.0101244 0.0584576 0.0616976 0.0062205 0.0643847 
Phalangeridae_Trichosurus_vulpecula          0.0311613 0.1227720 0.0565449 0.1227720 0.0422797 0.0377594 0.0369181 0.0531646 0.0000000 0.0141015 0.0375785 0.0627699 0.0375580 0.0137860 0.0505226 0.0572734 0.0138061 0.0448649 0.0532003 0.0528997 0.0545914 0.0614240 0.0353466 0.0461357 0.0675722 0.0611977 0.0518307 0.0418420 0.0536850 0.0444514 0.0362669 0.0339817 0.0475527 0.0385963 0.0375580 0.0156639 0.0615188 0.0541918 0.0621886 
Phalangeridae_Spilocuscus_maculatus          0.0332109 0.1256286 0.0595528 0.1256286 0.0436475 0.0383863 0.0369350 0.0551713 0.0141015 0.0000000 0.0385684 0.0662341 0.0288112 0.0079966 0.0547102 0.0599942 0.0088993 0.0455900 0.0570891 0.0549282 0.0580698 0.0651199 0.0346357 0.0466090 0.0674922 0.0596024 0.0557304 0.0401316 0.0548174 0.0454802 0.0355718 0.0347768 0.0494825 0.0393356 0.0288112 0.0104437 0.0647413 0.0559845 0.0659883 
Potoroidae_Aepyprymnus_rufescens             0.0381650 0.1299606 0.0586621 0.1299606 0.0466829 0.0089239 0.0081987 0.0605108 0.0375785 0.0385684 0.0000000 0.0652801 0.0434551 0.0392007 0.0554358 0.0619671 0.0382530 0.0477254 0.0595500 0.0602431 0.0596134 0.0648598 0.0165267 0.0484694 0.0704151 0.0643630 0.0573699 0.0313978 0.0590521 0.0474126 0.0184485 0.0356993 0.0492814 0.0431980 0.0434551 0.0399846 0.0651791 0.0601687 0.0653190 
Peramelidae_Perameles_nasuta                 0.0660155 0.0397396 0.0697367 0.0397396 0.0693032 0.0654200 0.0665699 0.0642439 0.0627699 0.0662341 0.0652801 0.0000000 0.0408702 0.0651348 0.0626635 0.0709508 0.0655704 0.0778396 0.0649166 0.0645788 0.0640965 0.0123127 0.0615393 0.0788795 0.0751934 0.0725370 0.0641098 0.0706678 0.0648056 0.0747708 0.0654053 0.0573864 0.0784068 0.0661030 0.0408702 0.0673434 0.0125305 0.0637156 0.0007599 
Myrmecobiidae_Myrmecobius_fasciatus1         0.0467159 9.0000000 0.0325453 9.0000000 0.0263596 0.0449513 0.0407114 0.0101244 0.0375580 0.0288112 0.0434551 0.0408702 0.0000000 0.0292959 0.0101282 0.0180175 0.0316993 0.0383522 0.0101282 0.0075899 0.0100380 0.0292610 0.0237385 0.0528975 0.0432521 0.0376389 0.0128467 0.0778953 0.0332865 0.0499027 0.0210928 0.0524864 0.0506936 0.0376996 0.0000010 0.0317096 0.0236020 0.0101277 0.0417338 
Phalangeridae_Strigocuscus_pelengensis       0.0318066 0.1384636 0.0578844 0.1384636 0.0436992 0.0396852 0.0388370 0.0542681 0.0137860 0.0079966 0.0392007 0.0651348 0.0292959 0.0000000 0.0525938 0.0582127 0.0072033 0.0448400 0.0546611 0.0530984 0.0558675 0.0643872 0.0360485 0.0476888 0.0649897 0.0590819 0.0538101 0.0429114 0.0541032 0.0454171 0.0370056 0.0337289 0.0481539 0.0399673 0.0292959 0.0087660 0.0646762 0.0549145 0.0649678 
Dasyuridae_Phascogale_tapoatafa              0.0532017 0.1176004 0.0631393 0.1176004 0.0558056 0.0559278 0.0555794 0.0127476 0.0505226 0.0547102 0.0554358 0.0626635 0.0101282 0.0525938 0.0000000 0.0184227 0.0544097 0.0656197 0.0051390 0.0130160 0.0154040 0.0603200 0.0502931 0.0666978 0.0697804 0.0642296 0.0069934 0.0574539 0.0535803 0.0618637 0.0548067 0.0451157 0.0673731 0.0592507 0.0101282 0.0568948 0.0603591 0.0134880 0.0630308 
Dasyuridae_Sminthopsis_macroura              0.0605344 0.1291664 0.0673634 0.1291664 0.0618836 0.0641366 0.0626378 0.0209188 0.0572734 0.0599942 0.0619671 0.0709508 0.0180175 0.0582127 0.0184227 0.0000000 0.0608546 0.0709665 0.0193279 0.0203971 0.0171058 0.0693127 0.0545770 0.0692030 0.0736430 0.0718765 0.0191483 0.0636605 0.0608267 0.0673667 0.0593489 0.0491358 0.0695974 0.0636017 0.0180175 0.0633342 0.0694161 0.0222315 0.0711376 
Phalangeridae_Phalanger_orientalis           0.0315224 0.1301827 0.0613673 0.1301827 0.0435929 0.0387460 0.0378957 0.0560447 0.0138061 0.0088993 0.0382530 0.0655704 0.0316993 0.0072033 0.0544097 0.0608546 0.0000000 0.0458707 0.0567184 0.0551698 0.0578043 0.0654111 0.0351685 0.0471451 0.0662118 0.0611229 0.0553387 0.0407145 0.0563450 0.0457859 0.0366783 0.0348099 0.0481977 0.0392908 0.0316993 0.0037689 0.0647754 0.0562339 0.0653803 
Acrobatidae_Acrobates_pygmaeus               0.0457642 0.1396994 0.0678468 0.1396994 0.0534536 0.0507737 0.0492991 0.0690004 0.0448649 0.0455900 0.0477254 0.0778396 0.0383522 0.0448400 0.0656197 0.0709665 0.0458707 0.0000000 0.0681125 0.0680894 0.0715702 0.0770846 0.0469279 0.0523846 0.0786616 0.0720066 0.0663646 0.0518327 0.0633649 0.0489967 0.0479275 0.0405165 0.0520118 0.0308933 0.0383522 0.0470566 0.0778794 0.0676202 0.0777323 
Dasyuridae_Phascogale_calura                 0.0555256 0.1248487 0.0644176 0.1248487 0.0595929 0.0607016 0.0602546 0.0137517 0.0532003 0.0570891 0.0595500 0.0649166 0.0101282 0.0546611 0.0051390 0.0193279 0.0567184 0.0681125 0.0000000 0.0140151 0.0170495 0.0626075 0.0539096 0.0694338 0.0715295 0.0673241 0.0083679 0.0616648 0.0543147 0.0650774 0.0586645 0.0480485 0.0702383 0.0617503 0.0101282 0.0591633 0.0629517 0.0137019 0.0649827 
Dasyuridae_Sarcophilus_harrisii              0.0564221 0.1187806 0.0642602 0.1187806 0.0556039 0.0616284 0.0608136 0.0057604 0.0528997 0.0549282 0.0602431 0.0645788 0.0075899 0.0530984 0.0130160 0.0203971 0.0551698 0.0680894 0.0140151 0.0000000 0.0176363 0.0631907 0.0544455 0.0693727 0.0694942 0.0669771 0.0140778 0.0613208 0.0559261 0.0650762 0.0583325 0.0495779 0.0694263 0.0629681 0.0075899 0.0576027 0.0633532 0.0054390 0.0646952 
Dasyuridae_Planigale_tenuirostris            0.0572142 0.1453076 0.0664851 0.1453076 0.0573840 0.0620887 0.0617964 0.0190847 0.0545914 0.0580698 0.0596134 0.0640965 0.0100380 0.0558675 0.0154040 0.0171058 0.0578043 0.0715702 0.0170495 0.0176363 0.0000000 0.0629170 0.0549292 0.0669308 0.0695980 0.0663889 0.0168225 0.0615693 0.0569922 0.0646170 0.0583691 0.0467240 0.0690773 0.0622538 0.0100380 0.0605104 0.0611284 0.0191324 0.0646238 
Peramelidae_Echymipera_kalubu                0.0658852 0.0410645 0.0663940 0.0410645 0.0691957 0.0638857 0.0644173 0.0622554 0.0614240 0.0651199 0.0648598 0.0123127 0.0292610 0.0643872 0.0603200 0.0693127 0.0654111 0.0770846 0.0626075 0.0631907 0.0629170 0.0000000 0.0614363 0.0772373 0.0761660 0.0704434 0.0620894 0.0701717 0.0638142 0.0719339 0.0640296 0.0558458 0.0750605 0.0647561 0.0292610 0.0671801 0.0106206 0.0623632 0.0127199 
Macropodidae_Dorcopsulus_vanheurni           0.0353547 0.1275633 0.0560913 0.1275633 0.0432190 0.0171930 0.0159971 0.0541057 0.0353466 0.0346357 0.0165267 0.0615393 0.0237385 0.0360485 0.0502931 0.0545770 0.0351685 0.0469279 0.0539096 0.0544455 0.0549292 0.0614363 0.0000000 0.0437668 0.0634401 0.0594866 0.0507068 0.0261894 0.0555129 0.0449726 0.0078301 0.0335603 0.0511234 0.0397842 0.0237385 0.0368700 0.0619664 0.0538743 0.0615169 
Pseudochiridae_Pseudochirulus_forbesi        0.0467347 0.2056059 0.0676197 0.2056059 0.0549175 0.0485590 0.0491150 0.0693845 0.0461357 0.0466090 0.0484694 0.0788795 0.0528975 0.0476888 0.0666978 0.0692030 0.0471451 0.0523846 0.0694338 0.0693727 0.0669308 0.0772373 0.0437668 0.0000000 0.0765203 0.0730830 0.0656940 0.0514783 0.0674857 0.0261009 0.0444199 0.0096717 0.0469943 0.0470117 0.0528975 0.0498249 0.0772378 0.0686614 0.0784870 
Didelphidae_Didelphis_virginiana             0.0654656 0.1623412 0.0720235 0.1623412 0.0642075 0.0696856 0.0697371 0.0711322 0.0675722 0.0674922 0.0704151 0.0751934 0.0432521 0.0649897 0.0697804 0.0736430 0.0662118 0.0786616 0.0715295 0.0694942 0.0695980 0.0761660 0.0634401 0.0765203 0.0000000 0.0237163 0.0692657 0.0721595 0.0619493 0.0753808 0.0662526 0.0541325 0.0790701 0.0680021 0.0432521 0.0685497 0.0764066 0.0692889 0.0758992 
Marmosidae_Monodelphis_domestica             0.0592431 0.1561540 0.0680163 0.1561540 0.0600538 0.0661590 0.0649435 0.0685810 0.0611977 0.0596024 0.0643630 0.0725370 0.0376389 0.0590819 0.0642296 0.0718765 0.0611229 0.0720066 0.0673241 0.0669771 0.0663889 0.0704434 0.0594866 0.0730830 0.0237163 0.0000000 0.0662183 0.0657519 0.0587698 0.0684499 0.0615416 0.0515134 0.0732377 0.0625825 0.0376389 0.0627097 0.0719690 0.0655447 0.0727113 
Dasyuridae_Antechinus_stuartii               0.0537041 0.1174903 0.0634789 0.1174903 0.0565834 0.0585415 0.0575023 0.0143373 0.0518307 0.0557304 0.0573699 0.0641098 0.0128467 0.0538101 0.0069934 0.0191483 0.0553387 0.0663646 0.0083679 0.0140778 0.0168225 0.0620894 0.0507068 0.0656940 0.0692657 0.0662183 0.0000000 0.0586558 0.0529819 0.0610679 0.0556471 0.0450106 0.0680605 0.0603421 0.0128467 0.0578036 0.0619470 0.0145744 0.0639019 
Hypsiprymnodontidae_Hypsiprymnodon_moschatus 0.0380964 0.1210508 0.0642465 0.1210508 0.0513913 0.0328373 0.0322820 0.0619360 0.0418420 0.0401316 0.0313978 0.0706678 0.0778953 0.0429114 0.0574539 0.0636605 0.0407145 0.0518327 0.0616648 0.0613208 0.0615693 0.0701717 0.0261894 0.0514783 0.0721595 0.0657519 0.0586558 0.0000000 0.0636336 0.0527307 0.0275929 0.0386900 0.0545515 0.0447103 0.0778953 0.0427854 0.0701052 0.0606624 0.0695889 
Microbiotheriidae_Dromiciops_gliroides       0.0539150 0.1377642 0.0591184 0.1377642 0.0540486 0.0600048 0.0594349 0.0558860 0.0536850 0.0548174 0.0590521 0.0648056 0.0332865 0.0541032 0.0535803 0.0608267 0.0563450 0.0633649 0.0543147 0.0559261 0.0569922 0.0638142 0.0555129 0.0674857 0.0619493 0.0587698 0.0529819 0.0636336 0.0000000 0.0630346 0.0595276 0.0482103 0.0682322 0.0585524 0.0332865 0.0575404 0.0606272 0.0554076 0.0657615 
Pseudochiridae_Petauroides_volans            0.0457386 0.1847869 0.0671489 0.1847869 0.0540197 0.0458901 0.0461334 0.0657020 0.0444514 0.0454802 0.0474126 0.0747708 0.0499027 0.0454171 0.0618637 0.0673667 0.0457859 0.0489967 0.0650774 0.0650762 0.0646170 0.0719339 0.0449726 0.0261009 0.0753808 0.0684499 0.0610679 0.0527307 0.0630346 0.0000000 0.0453416 0.0165787 0.0458043 0.0426111 0.0499027 0.0472937 0.0729293 0.0656018 0.0748261 
Macropodidae_Wallabia_bicolor                0.0362289 0.1289929 0.0587205 0.1289929 0.0453569 0.0180556 0.0162875 0.0589065 0.0362669 0.0355718 0.0184485 0.0654053 0.0210928 0.0370056 0.0548067 0.0593489 0.0366783 0.0479275 0.0586645 0.0583325 0.0583691 0.0640296 0.0078301 0.0444199 0.0662526 0.0615416 0.0556471 0.0275929 0.0595276 0.0453416 0.0000000 0.0336557 0.0511548 0.0404359 0.0210928 0.0383915 0.0649765 0.0582136 0.0654458 
Pseudochiridae_Pseudocheirus_occidentalis    0.0319605 9.0000000 0.0523993 9.0000000 0.0379046 0.0345000 0.0361790 0.0487993 0.0339817 0.0347768 0.0356993 0.0573864 0.0524864 0.0337289 0.0451157 0.0491358 0.0348099 0.0405165 0.0480485 0.0495779 0.0467240 0.0558458 0.0335603 0.0096717 0.0541325 0.0515134 0.0450106 0.0386900 0.0482103 0.0165787 0.0336557 0.0000000 0.0352961 0.0318327 0.0524864 0.0361765 0.0563887 0.0483004 0.0579156 
Tarsipedidae_Tarsipes_rostratus              0.0496534 0.1508622 0.0694439 0.1508622 0.0580882 0.0504422 0.0505679 0.0713449 0.0475527 0.0494825 0.0492814 0.0784068 0.0506936 0.0481539 0.0673731 0.0695974 0.0481977 0.0520118 0.0702383 0.0694263 0.0690773 0.0750605 0.0511234 0.0469943 0.0790701 0.0732377 0.0680605 0.0545515 0.0682322 0.0458043 0.0511548 0.0352961 0.0000000 0.0462137 0.0506936 0.0500911 0.0786398 0.0711094 0.0782321 
Acrobatidae_Distoechurus_pennatus            0.0403185 0.1454918 0.0630901 0.1454918 0.0492578 0.0446559 0.0433245 0.0617077 0.0385963 0.0393356 0.0431980 0.0661030 0.0376996 0.0399673 0.0592507 0.0636017 0.0392908 0.0308933 0.0617503 0.0629681 0.0622538 0.0647561 0.0397842 0.0470117 0.0680021 0.0625825 0.0603421 0.0447103 0.0585524 0.0426111 0.0404359 0.0318327 0.0462137 0.0000000 0.0376996 0.0401537 0.0641515 0.0624441 0.0652694 
Myrmecobiidae_Myrmecobius_fasciatus2         0.0467159 9.0000000 0.0325453 9.0000000 0.0263596 0.0449513 0.0407114 0.0101244 0.0375580 0.0288112 0.0434551 0.0408702 0.0000010 0.0292959 0.0101282 0.0180175 0.0316993 0.0383522 0.0101282 0.0075899 0.0100380 0.0292610 0.0237385 0.0528975 0.0432521 0.0376389 0.0128467 0.0778953 0.0332865 0.0499027 0.0210928 0.0524864 0.0506936 0.0376996 0.0000000 0.0317096 0.0236020 0.0101277 0.0417338 
Phalangeridae_Phalanger_carmelitae           0.0346287 0.1334004 0.0625910 0.1334004 0.0453360 0.0405259 0.0396368 0.0584576 0.0156639 0.0104437 0.0399846 0.0673434 0.0317096 0.0087660 0.0568948 0.0633342 0.0037689 0.0470566 0.0591633 0.0576027 0.0605104 0.0671801 0.0368700 0.0498249 0.0685497 0.0627097 0.0578036 0.0427854 0.0575404 0.0472937 0.0383915 0.0361765 0.0500911 0.0401537 0.0317096 0.0000000 0.0666446 0.0584394 0.0672006 
Peramelidae_Peroryctes_raffrayana            0.0639199 0.0502770 0.0673051 0.0502770 0.0686721 0.0656334 0.0657590 0.0616976 0.0615188 0.0647413 0.0651791 0.0125305 0.0236020 0.0646762 0.0603591 0.0694161 0.0647754 0.0778794 0.0629517 0.0633532 0.0611284 0.0106206 0.0619664 0.0772378 0.0764066 0.0719690 0.0619470 0.0701052 0.0606272 0.0729293 0.0649765 0.0563887 0.0786398 0.0641515 0.0236020 0.0666446 0.0000000 0.0614301 0.0124066 
Dasyuridae_Dasyurus_geffroii                 0.0556808 0.1163748 0.0656975 0.1163748 0.0579806 0.0622733 0.0611111 0.0062205 0.0541918 0.0559845 0.0601687 0.0637156 0.0101277 0.0549145 0.0134880 0.0222315 0.0562339 0.0676202 0.0137019 0.0054390 0.0191324 0.0623632 0.0538743 0.0686614 0.0692889 0.0655447 0.0145744 0.0606624 0.0554076 0.0656018 0.0582136 0.0483004 0.0711094 0.0624441 0.0101277 0.0584394 0.0614301 0.0000000 0.0638572 
Peramelidae_Perameles_gunnii                 0.0665019 0.0395008 0.0698205 0.0395008 0.0694740 0.0652756 0.0663795 0.0643847 0.0621886 0.0659883 0.0653190 0.0007599 0.0417338 0.0649678 0.0630308 0.0711376 0.0653803 0.0777323 0.0649827 0.0646952 0.0646238 0.0127199 0.0615169 0.0784870 0.0758992 0.0727113 0.0639019 0.0695889 0.0657615 0.0748261 0.0654458 0.0579156 0.0782321 0.0652694 0.0417338 0.0672006 0.0124066 0.0638572 0.0000000 
