35
Burramyidae_Burramys_parvus                  0.0000000 0.0975641 0.1049038 0.0990587 0.1361320 0.0811497 0.0863967 0.0988491 0.1868887 0.0939495 0.1458288 0.1424838 0.0835895 0.0976069 0.1454579 0.1475151 0.1335800 0.1745419 0.0933722 0.0934727 0.1392473 0.0933209 0.1275698 0.0886414 0.0927722 0.0991455 0.0966293 0.0869569 0.1859845 0.1350504 0.1678321 0.1159567 0.1217631 0.1358016 0.1800339 
Vombatidae_Lasiorhinus_latifrons             0.0975641 0.0000000 0.0933611 0.0869458 0.1095391 0.0716836 0.0792797 0.0842501 0.1292714 0.0856311 0.1231032 0.1141066 0.0778878 0.0869282 0.1217601 0.1202678 0.1110899 0.1200476 0.0799883 0.0773919 0.1147696 0.0747786 0.0954398 0.0739181 0.0776000 0.0840723 0.0813729 0.0779287 0.1307364 0.1070598 0.1226870 0.1019433 0.1055446 0.1177885 0.1598981 
Potoroidae_Bettongia_penicillata             0.1049038 0.0933611 0.0000000 0.0093231 0.1353943 0.0770943 0.0824356 0.0206259 0.1644072 0.0870502 0.1514348 0.1454527 0.0801559 0.0947563 0.1486257 0.1477860 0.1379617 0.1523818 0.0343537 0.0851397 0.1435328 0.0477893 0.1165709 0.0803179 0.0316996 0.0898050 0.0879489 0.0825343 0.1640358 0.1351672 0.1504404 0.1177137 0.1297453 0.1479106 0.1672857 
Potoroidae_Bettongia_lesueur                 0.0990587 0.0869458 0.0093231 0.0000000 0.1300030 0.0737818 0.0797022 0.0167725 0.1556318 0.0842300 0.1472981 0.1401841 0.0751561 0.0882383 0.1444663 0.1437724 0.1330608 0.1441577 0.0301499 0.0797465 0.1387385 0.0432239 0.1117579 0.0741848 0.0279043 0.0835122 0.0816042 0.0795216 0.1552546 0.1297827 0.1418929 0.1110917 0.1179679 0.1376407 0.1561965 
Dasyuridae_Dasyurus_maculatus                0.1361320 0.1095391 0.1353943 0.1300030 0.0000000 0.1031112 0.1156484 0.1257406 0.1520567 0.1236055 0.0151634 0.0224260 0.1128340 0.1195606 0.0156762 0.0106367 0.0218971 0.1480603 0.1237650 0.1160975 0.0137348 0.1134226 0.1060579 0.1140592 0.1215272 0.1261130 0.1163486 0.1132587 0.1517727 0.0079475 0.1390029 0.1247155 0.1358463 0.1556490 0.1789545 
Phalangeridae_Trichosurus_vulpecula          0.0811497 0.0716836 0.0770943 0.0737818 0.1031112 0.0000000 0.0240400 0.0701703 0.1323983 0.0382665 0.1133005 0.1094005 0.0226295 0.0778886 0.1130092 0.1160722 0.1030081 0.1248204 0.0665019 0.0692169 0.1049700 0.0637541 0.0922233 0.0660352 0.0648928 0.0759669 0.0740822 0.0246183 0.1310387 0.1038615 0.1176125 0.1034919 0.1104284 0.1288531 0.1616696 
Phalangeridae_Spilocuscus_maculatus          0.0863967 0.0792797 0.0824356 0.0797022 0.1156484 0.0240400 0.0000000 0.0774630 0.1402566 0.0350558 0.1251705 0.1213110 0.0190320 0.0821167 0.1249082 0.1258628 0.1137154 0.1367539 0.0708946 0.0715277 0.1171635 0.0704027 0.1024909 0.0706279 0.0703867 0.0776567 0.0776390 0.0201501 0.1416256 0.1166634 0.1259239 0.1126761 0.1231661 0.1411303 0.1746687 
Potoroidae_Aepyprymnus_rufescens             0.0988491 0.0842501 0.0206259 0.0167725 0.1257406 0.0701703 0.0774630 0.0000000 0.1502020 0.0803727 0.1406586 0.1342781 0.0741446 0.0841379 0.1373212 0.1393172 0.1228459 0.1362537 0.0288706 0.0805203 0.1307413 0.0421272 0.1096609 0.0718010 0.0263892 0.0839852 0.0807341 0.0767125 0.1480810 0.1268623 0.1324219 0.1044490 0.1112133 0.1361298 0.1506187 
Peramelidae_Perameles_nasuta                 0.1868887 0.1292714 0.1644072 0.1556318 0.1520567 0.1323983 0.1402566 0.1502020 0.0000000 0.1625865 0.1625304 0.1617002 0.1358970 0.1416376 0.1619111 0.1722085 0.2008451 0.0196415 0.1430040 0.1278973 0.1992338 0.1374518 0.1299765 0.1212882 0.1383525 0.1399641 0.1353762 0.1417484 0.0197603 0.1469149 0.0006938 0.1233431 0.1934521 0.1950954 0.1305983 
Phalangeridae_Strigocuscus_pelengensis       0.0939495 0.0856311 0.0870502 0.0842300 0.1236055 0.0382665 0.0350558 0.0803727 0.1625865 0.0000000 0.1358167 0.1311032 0.0310168 0.0887300 0.1369030 0.1335503 0.1232443 0.1575507 0.0767306 0.0788458 0.1284901 0.0755458 0.1053243 0.0751689 0.0764081 0.0819144 0.0824440 0.0304756 0.1643592 0.1237590 0.1478680 0.1296940 0.1416029 0.1616425 0.2240250 
Dasyuridae_Phascogale_tapoatafa              0.1458288 0.1231032 0.1514348 0.1472981 0.0151634 0.1133005 0.1251705 0.1406586 0.1625304 0.1358167 0.0000000 0.0273892 0.1220150 0.1317274 0.0041727 0.0191343 0.0219177 0.1597903 0.1354369 0.1284899 0.0096922 0.1283921 0.1241430 0.1263697 0.1333696 0.1375252 0.1305101 0.1245131 0.1598035 0.0140865 0.1603272 0.1274939 0.1309623 0.1507613 0.1832689 
Dasyuridae_Sminthopsis_macroura              0.1424838 0.1141066 0.1454527 0.1401841 0.0224260 0.1094005 0.1213110 0.1342781 0.1617002 0.1311032 0.0273892 0.0000000 0.1194502 0.1277928 0.0273913 0.0297344 0.0211742 0.1637341 0.1299813 0.1231707 0.0231991 0.1212126 0.1137637 0.1243814 0.1283207 0.1335361 0.1287365 0.1190438 0.1648076 0.0211898 0.1587085 0.1125960 0.1301423 0.1445543 0.1734082 
Phalangeridae_Phalanger_orientalis           0.0835895 0.0778878 0.0801559 0.0751561 0.1128340 0.0226295 0.0190320 0.0741446 0.1358970 0.0310168 0.1220150 0.1194502 0.0000000 0.0783685 0.1226068 0.1235993 0.1102007 0.1290957 0.0667072 0.0686703 0.1140116 0.0667035 0.0962342 0.0682768 0.0669838 0.0760712 0.0768086 0.0117744 0.1365545 0.1138324 0.1212035 0.1069932 0.1155542 0.1311087 0.1618646 
Acrobatidae_Acrobates_pygmaeus               0.0976069 0.0869282 0.0947563 0.0882383 0.1195606 0.0778886 0.0821167 0.0841379 0.1416376 0.0887300 0.1317274 0.1277928 0.0783685 0.0000000 0.1320223 0.1321206 0.1217582 0.1380921 0.0793122 0.0653286 0.1268245 0.0756425 0.1007309 0.0610887 0.0790414 0.0710420 0.0474774 0.0828936 0.1430598 0.1191805 0.1277566 0.1070226 0.1121176 0.1277777 0.1436437 
Dasyuridae_Phascogale_calura                 0.1454579 0.1217601 0.1486257 0.1444663 0.0156762 0.1130092 0.1249082 0.1373212 0.1619111 0.1369030 0.0041727 0.0273913 0.1226068 0.1320223 0.0000000 0.0195804 0.0207299 0.1584752 0.1344008 0.1280124 0.0094280 0.1281413 0.1224058 0.1251164 0.1323437 0.1370735 0.1288864 0.1239994 0.1592562 0.0145873 0.1597491 0.1266618 0.1326875 0.1542603 0.1846365 
Dasyuridae_Sarcophilus_harrisii              0.1475151 0.1202678 0.1477860 0.1437724 0.0106367 0.1160722 0.1258628 0.1393172 0.1722085 0.1335503 0.0191343 0.0297344 0.1235993 0.1321206 0.0195804 0.0000000 0.0236665 0.1692428 0.1342552 0.1280146 0.0169275 0.1254263 0.1256712 0.1259348 0.1321751 0.1367426 0.1302438 0.1257181 0.1761060 0.0109155 0.1650315 0.1221264 0.1363425 0.1518951 0.1730089 
Dasyuridae_Planigale_tenuirostris            0.1335800 0.1110899 0.1379617 0.1330608 0.0218971 0.1030081 0.1137154 0.1228459 0.2008451 0.1232443 0.0219177 0.0211742 0.1102007 0.1217582 0.0207299 0.0236665 0.0000000 0.2007067 0.1204845 0.1178221 0.0210391 0.1152573 0.1106434 0.1153819 0.1194818 0.1260323 0.1190105 0.1115488 0.2025428 0.0211051 0.1981779 0.1065038 0.1148951 0.1363289 0.1763525 
Peramelidae_Echymipera_kalubu                0.1745419 0.1200476 0.1523818 0.1441577 0.1480603 0.1248204 0.1367539 0.1362537 0.0196415 0.1575507 0.1597903 0.1637341 0.1290957 0.1380921 0.1584752 0.1692428 0.2007067 0.0000000 0.1337944 0.1242519 0.1995213 0.1305955 0.1225831 0.1174573 0.1301621 0.1382797 0.1271690 0.1366445 0.0165891 0.1407652 0.0182127 0.1095613 0.1941250 0.1968993 0.1176762 
Macropodidae_Dorcopsulus_vanheurni           0.0933722 0.0799883 0.0343537 0.0301499 0.1237650 0.0665019 0.0708946 0.0288706 0.1430040 0.0767306 0.1354369 0.1299813 0.0667072 0.0793122 0.1344008 0.1342552 0.1204845 0.1337944 0.0000000 0.0709056 0.1289038 0.0383159 0.1048577 0.0664880 0.0073475 0.0742290 0.0737271 0.0691205 0.1421844 0.1235585 0.1309814 0.1005609 0.1103362 0.1265611 0.1478587 
Pseudochiridae_Pseudochirulus_forbesi        0.0934727 0.0773919 0.0851397 0.0797465 0.1160975 0.0692169 0.0715277 0.0805203 0.1278973 0.0788458 0.1284899 0.1231707 0.0686703 0.0653286 0.1280124 0.1280146 0.1178221 0.1242519 0.0709056 0.0000000 0.1191149 0.0660973 0.1022225 0.0338330 0.0693549 0.0251433 0.0658941 0.0711918 0.1315308 0.1143772 0.1185612 0.1024364 0.1065293 0.1230436 0.1275302 
Dasyuridae_Antechinus_stuartii               0.1392473 0.1147696 0.1435328 0.1387385 0.0137348 0.1049700 0.1171635 0.1307413 0.1992338 0.1284901 0.0096922 0.0231991 0.1140116 0.1268245 0.0094280 0.0169275 0.0210391 0.1995213 0.1289038 0.1191149 0.0000000 0.1219153 0.1197349 0.1190532 0.1267953 0.1288670 0.1219113 0.1143792 0.2008401 0.0127025 0.1979374 0.1102844 0.1235080 0.1420010 0.1744745 
Hypsiprymnodontidae_Hypsiprymnodon_moschatus 0.0933209 0.0747786 0.0477893 0.0432239 0.1134226 0.0637541 0.0704027 0.0421272 0.1374518 0.0755458 0.1283921 0.1212126 0.0667035 0.0756425 0.1281413 0.1254263 0.1152573 0.1305955 0.0383159 0.0660973 0.1219153 0.0000000 0.1012677 0.0634870 0.0350156 0.0725241 0.0724056 0.0687485 0.1393804 0.1131168 0.1262415 0.0967880 0.1035950 0.1208108 0.1413013 
Microbiotheriidae_Dromiciops_gliroides       0.1275698 0.0954398 0.1165709 0.1117579 0.1060579 0.0922233 0.1024909 0.1096609 0.1299765 0.1053243 0.1241430 0.1137637 0.0962342 0.1007309 0.1224058 0.1256712 0.1106434 0.1225831 0.1048577 0.1022225 0.1197349 0.1012677 0.0000000 0.0965606 0.1018205 0.1104716 0.0998533 0.1001383 0.1328904 0.1090481 0.1183242 0.0900887 0.1051201 0.1230620 0.1735830 
Pseudochiridae_Petauroides_volans            0.0886414 0.0739181 0.0803179 0.0741848 0.1140592 0.0660352 0.0706279 0.0718010 0.1212882 0.0751689 0.1263697 0.1243814 0.0682768 0.0610887 0.1251164 0.1259348 0.1153819 0.1174573 0.0664880 0.0338330 0.1190532 0.0634870 0.0965606 0.0000000 0.0651463 0.0384388 0.0632335 0.0694089 0.1234224 0.1154441 0.1143690 0.1012103 0.1059820 0.1239741 0.1197683 
Macropodidae_Wallabia_bicolor                0.0927722 0.0776000 0.0316996 0.0279043 0.1215272 0.0648928 0.0703867 0.0263892 0.1383525 0.0764081 0.1333696 0.1283207 0.0669838 0.0790414 0.1323437 0.1321751 0.1194818 0.1301621 0.0073475 0.0693549 0.1267953 0.0350156 0.1018205 0.0651463 0.0000000 0.0746761 0.0737149 0.0689909 0.1373736 0.1213300 0.1264836 0.0972380 0.1070057 0.1235328 0.1421658 
Pseudochiridae_Pseudocheirus_occidentalis    0.0991455 0.0840723 0.0898050 0.0835122 0.1261130 0.0759669 0.0776567 0.0839852 0.1399641 0.0819144 0.1375252 0.1335361 0.0760712 0.0710420 0.1370735 0.1367426 0.1260323 0.1382797 0.0742290 0.0251433 0.1288670 0.0725241 0.1104716 0.0384388 0.0746761 0.0000000 0.0707608 0.0783134 0.1454935 0.1256948 0.1263253 0.1210400 0.1225020 0.1414354 0.1552377 
Acrobatidae_Distoechurus_pennatus            0.0966293 0.0813729 0.0879489 0.0816042 0.1163486 0.0740822 0.0776390 0.0807341 0.1353762 0.0824440 0.1305101 0.1287365 0.0768086 0.0474774 0.1288864 0.1302438 0.1190105 0.1271690 0.0737271 0.0658941 0.1219113 0.0724056 0.0998533 0.0632335 0.0737149 0.0707608 0.0000000 0.0781761 0.1373396 0.1157101 0.1216236 0.1223076 0.1302004 0.1435062 0.1481336 
Phalangeridae_Phalanger_carmelitae           0.0869569 0.0779287 0.0825343 0.0795216 0.1132587 0.0246183 0.0201501 0.0767125 0.1417484 0.0304756 0.1245131 0.1190438 0.0117744 0.0828936 0.1239994 0.1257181 0.1115488 0.1366445 0.0691205 0.0711918 0.1143792 0.0687485 0.1001383 0.0694089 0.0689909 0.0783134 0.0781761 0.0000000 0.1447955 0.1149907 0.1282915 0.1107167 0.1215943 0.1370788 0.1693845 
Peramelidae_Peroryctes_raffrayana            0.1859845 0.1307364 0.1640358 0.1552546 0.1517727 0.1310387 0.1416256 0.1480810 0.0197603 0.1643592 0.1598035 0.1648076 0.1365545 0.1430598 0.1592562 0.1761060 0.2025428 0.0165891 0.1421844 0.1315308 0.2008401 0.1393804 0.1328904 0.1234224 0.1373736 0.1454935 0.1373396 0.1447955 0.0000000 0.1524265 0.0163200 0.1234361 0.1958525 0.1978254 0.1379501 
Dasyuridae_Dasyurus_geffroii                 0.1350504 0.1070598 0.1351672 0.1297827 0.0079475 0.1038615 0.1166634 0.1268623 0.1469149 0.1237590 0.0140865 0.0211898 0.1138324 0.1191805 0.0145873 0.0109155 0.0211051 0.1407652 0.1235585 0.1143772 0.0127025 0.1131168 0.1090481 0.1154441 0.1213300 0.1256948 0.1157101 0.1149907 0.1524265 0.0000000 0.1331833 0.1190650 0.1307775 0.1495103 0.1772285 
Peramelidae_Perameles_gunnii                 0.1678321 0.1226870 0.1504404 0.1418929 0.1390029 0.1176125 0.1259239 0.1324219 0.0006938 0.1478680 0.1603272 0.1587085 0.1212035 0.1277566 0.1597491 0.1650315 0.1981779 0.0182127 0.1309814 0.1185612 0.1979374 0.1262415 0.1183242 0.1143690 0.1264836 0.1263253 0.1216236 0.1282915 0.0163200 0.1331833 0.0000000 0.1031885 0.1495004 0.1603558 0.1062026 
Notoryctidae_Notoryctes_typhlops             0.1159567 0.1019433 0.1177137 0.1110917 0.1247155 0.1034919 0.1126761 0.1044490 0.1233431 0.1296940 0.1274939 0.1125960 0.1069932 0.1070226 0.1266618 0.1221264 0.1065038 0.1095613 0.1005609 0.1024364 0.1102844 0.0967880 0.0900887 0.1012103 0.0972380 0.1210400 0.1223076 0.1107167 0.1234361 0.1190650 0.1031885 0.0000000 0.1122560 0.1196878 0.1827227 
Didelphidae_Didelphis_virginiana             0.1217631 0.1055446 0.1297453 0.1179679 0.1358463 0.1104284 0.1231661 0.1112133 0.1934521 0.1416029 0.1309623 0.1301423 0.1155542 0.1121176 0.1326875 0.1363425 0.1148951 0.1941250 0.1103362 0.1065293 0.1235080 0.1035950 0.1051201 0.1059820 0.1070057 0.1225020 0.1302004 0.1215943 0.1958525 0.1307775 0.1495004 0.1122560 0.0000000 0.0378595 0.2106692 
Marmosidae_Monodelphis_domestica             0.1358016 0.1177885 0.1479106 0.1376407 0.1556490 0.1288531 0.1411303 0.1361298 0.1950954 0.1616425 0.1507613 0.1445543 0.1311087 0.1277777 0.1542603 0.1518951 0.1363289 0.1968993 0.1265611 0.1230436 0.1420010 0.1208108 0.1230620 0.1239741 0.1235328 0.1414354 0.1435062 0.1370788 0.1978254 0.1495103 0.1603558 0.1196878 0.0378595 0.0000000 0.2109967 
Tarsipedidae_Tarsipes_rostratus              0.1800339 0.1598981 0.1672857 0.1561965 0.1789545 0.1616696 0.1746687 0.1506187 0.1305983 0.2240250 0.1832689 0.1734082 0.1618646 0.1436437 0.1846365 0.1730089 0.1763525 0.1176762 0.1478587 0.1275302 0.1744745 0.1413013 0.1735830 0.1197683 0.1421658 0.1552377 0.1481336 0.1693845 0.1379501 0.1772285 0.1062026 0.1827227 0.2106692 0.2109967 0.0000000 
