169
I0185_86_Accipitridae_Buteo_jamaicensis                0.0000000 0.0374052 0.0385628 0.0386128 0.0440450 0.0376134 0.0312675 0.0349479 0.0481934 0.0498647 0.0294854 0.0447502 0.0422288 0.0428188 0.0424366 0.0345846 0.0189579 0.0401635 0.0240321 0.0403654 0.0293013 0.0455666 0.0254143 0.0255063 0.0249826 0.0378452 0.0273718 0.0519532 0.0535131 0.0268012 0.0418904 0.0411764 0.0441377 0.0440043 0.0348323 0.0506670 0.0431583 0.0420938 0.0439073 0.0394359 0.0763972 0.0811903 0.0483963 0.0582901 0.0365531 0.0415206 0.0332205 0.0447298 0.0413104 0.0266044 0.0377350 0.0388851 0.0424315 0.0361595 0.0340763 0.0288853 0.0412028 0.0436759 0.0295549 0.0274253 0.0401531 0.0278965 0.0315772 0.0339764 0.0648856 0.0450494 0.0415234 0.0302675 0.0292780 0.0402928 0.0293617 0.0072301 0.0281020 0.0363383 0.0375205 0.0421148 0.0264049 0.0209153 0.0456988 0.0385816 0.0348193 0.0314289 0.0240878 0.0339746 0.0500365 0.0230831 0.0273433 0.0215101 0.0246575 0.0372050 0.0373694 0.0287038 0.0256918 0.0355339 0.0383159 0.0314303 0.0278882 0.0238401 0.0475158 0.0286152 0.0456626 0.0524870 0.0627650 0.0361270 0.0242412 0.0171954 0.0242605 0.0464654 0.0369607 0.0341549 0.0620469 0.0262857 0.0581669 0.0308946 0.0333433 0.0226224 0.0370463 0.0503235 0.0313957 0.0489991 0.0319000 0.0394273 0.0348107 0.0234637 0.0267024 0.0227594 0.0392201 0.0284645 0.0462029 0.0359520 0.0250306 0.0480350 0.0708937 0.0375106 0.0402430 0.0224358 0.0287050 0.0285111 0.0283296 0.0263594 0.0276843 0.0403386 0.0433301 0.0415685 0.0334436 0.0455170 0.0413844 0.0313737 0.0866078 0.0274196 0.0352052 0.0460717 0.0274290 0.0183745 0.0240268 0.0292421 0.0685218 0.0250554 0.0484191 0.0477385 0.0442264 0.0446017 0.1374931 0.0422720 0.0511601 0.0493107 0.0413395 0.0334229 0.0421006 
I0186_111_Momotidae_Momotus_lessonii                   0.0374052 0.0000000 0.0516256 0.0490990 0.0554947 0.0500683 0.0439972 0.0480969 0.0486545 0.0583138 0.0423851 0.0561434 0.0542064 0.0492132 0.0550367 0.0484465 0.0329795 0.0523804 0.0380349 0.0522733 0.0425092 0.0579000 0.0381496 0.0398379 0.0392950 0.0511592 0.0410378 0.0614023 0.0633566 0.0409382 0.0529845 0.0527061 0.0551728 0.0544665 0.0485285 0.0615634 0.0551811 0.0533688 0.0547743 0.0505547 0.0870607 0.0922877 0.0581300 0.0699319 0.0389187 0.0536481 0.0461214 0.0557279 0.0521420 0.0395791 0.0511778 0.0504562 0.0539942 0.0501133 0.0464125 0.0427196 0.0530148 0.0539767 0.0427683 0.0412935 0.0510885 0.0416574 0.0447180 0.0455743 0.0776451 0.0564620 0.0532793 0.0436127 0.0425868 0.0516001 0.0411520 0.0381319 0.0411036 0.0494429 0.0387848 0.0517171 0.0408433 0.0344785 0.0562997 0.0496381 0.0473939 0.0453313 0.0380306 0.0400659 0.0600606 0.0374783 0.0417081 0.0398975 0.0391365 0.0513970 0.0510613 0.0422130 0.0405001 0.0487545 0.0516718 0.0453385 0.0426725 0.0382338 0.0586114 0.0421866 0.0576689 0.0622048 0.0760878 0.0490749 0.0377107 0.0417897 0.0379879 0.0592834 0.0488309 0.0476633 0.0750913 0.0401755 0.0668821 0.0439833 0.0459595 0.0379426 0.0497089 0.0613115 0.0435229 0.0611372 0.0448478 0.0499751 0.0484184 0.0386881 0.0402012 0.0378951 0.0509816 0.0417344 0.0590236 0.0502742 0.0391748 0.0601236 0.0828470 0.0491808 0.0514833 0.0370716 0.0430411 0.0419573 0.0419803 0.0408104 0.0418606 0.0531426 0.0557134 0.0533131 0.0468471 0.0573774 0.0528655 0.0440031 0.0983850 0.0399382 0.0487391 0.0577851 0.0413864 0.0400151 0.0393214 0.0428820 0.0810266 0.0398431 0.0582433 0.0582325 0.0552781 0.0565583 0.1470660 0.0542147 0.0621991 0.0581681 0.0535493 0.0458656 0.0539809 
I0187_115_Trogonidae_Trogon_elegans                    0.0385628 0.0516256 0.0000000 0.0518099 0.0600394 0.0175241 0.0459595 0.0494662 0.0607000 0.0638110 0.0454434 0.0604019 0.0576735 0.0563226 0.0577068 0.0491998 0.0348448 0.0558666 0.0399671 0.0561926 0.0447728 0.0609019 0.0404288 0.0413733 0.0412935 0.0513770 0.0431089 0.0656118 0.0666494 0.0426695 0.0573558 0.0560753 0.0584440 0.0581993 0.0490569 0.0660268 0.0577245 0.0570434 0.0589569 0.0551849 0.0911294 0.0967404 0.0624791 0.0729266 0.0509339 0.0557843 0.0480682 0.0593888 0.0561102 0.0416471 0.0527755 0.0546711 0.0571325 0.0512054 0.0499708 0.0452509 0.0567185 0.0567432 0.0445314 0.0438644 0.0542795 0.0433421 0.0466638 0.0484037 0.0808506 0.0603649 0.0565975 0.0457830 0.0442732 0.0552397 0.0433857 0.0399048 0.0430721 0.0520325 0.0515617 0.0570798 0.0432658 0.0363029 0.0598159 0.0521103 0.0504837 0.0465601 0.0394442 0.0492890 0.0634433 0.0392518 0.0428150 0.0414130 0.0407164 0.0522715 0.0521208 0.0438832 0.0414428 0.0501141 0.0540529 0.0463469 0.0451448 0.0399637 0.0618213 0.0443057 0.0604030 0.0664933 0.0792011 0.0511875 0.0406011 0.0440072 0.0398024 0.0621734 0.0521820 0.0506016 0.0788770 0.0418549 0.0701795 0.0461477 0.0483462 0.0388792 0.0519487 0.0629975 0.0460445 0.0637354 0.0468293 0.0532287 0.0510039 0.0390682 0.0416408 0.0388491 0.0540409 0.0441796 0.0615088 0.0528363 0.0409676 0.0631076 0.0864991 0.0532874 0.0557284 0.0390302 0.0448404 0.0434010 0.0436653 0.0411030 0.0432490 0.0551796 0.0577543 0.0560454 0.0488538 0.0591741 0.0563423 0.0465765 0.1015694 0.0425242 0.0498612 0.0616616 0.0428829 0.0425810 0.0405371 0.0450960 0.0857751 0.0404697 0.0622994 0.0618935 0.0590444 0.0593460 0.1477878 0.0570130 0.0660208 0.0632812 0.0559436 0.0486480 0.0564668 
I0188_135_Apodidae_Streptoprocne_zonaris               0.0386128 0.0490990 0.0518099 0.0000000 0.0556324 0.0501759 0.0437150 0.0452401 0.0588064 0.0599629 0.0428016 0.0570388 0.0546405 0.0544049 0.0530364 0.0464863 0.0328341 0.0524678 0.0359992 0.0527225 0.0410578 0.0574010 0.0373907 0.0370587 0.0370659 0.0480370 0.0397837 0.0611688 0.0641503 0.0403392 0.0520577 0.0521766 0.0437819 0.0439235 0.0449421 0.0625171 0.0537955 0.0525161 0.0546435 0.0511980 0.0857657 0.0913571 0.0592030 0.0707019 0.0498075 0.0508390 0.0460602 0.0559048 0.0517689 0.0380822 0.0494038 0.0498741 0.0524661 0.0466429 0.0434443 0.0407143 0.0523599 0.0228090 0.0424930 0.0379323 0.0508906 0.0394827 0.0405122 0.0426095 0.0767021 0.0567638 0.0532632 0.0422761 0.0423696 0.0513752 0.0401071 0.0388174 0.0400940 0.0480526 0.0496095 0.0529884 0.0383464 0.0354486 0.0453837 0.0482074 0.0464513 0.0419888 0.0364575 0.0468133 0.0608905 0.0353402 0.0396535 0.0401076 0.0359297 0.0484367 0.0481964 0.0413935 0.0388773 0.0473081 0.0500519 0.0415322 0.0415909 0.0366056 0.0592376 0.0396017 0.0572145 0.0643237 0.0752373 0.0488944 0.0365084 0.0421429 0.0363711 0.0580479 0.0205462 0.0463965 0.0733423 0.0382316 0.0665117 0.0422665 0.0388343 0.0358828 0.0482292 0.0580859 0.0405637 0.0588992 0.0423140 0.0484691 0.0458537 0.0361770 0.0379248 0.0361290 0.0497077 0.0400597 0.0589400 0.0465825 0.0367336 0.0594657 0.0811076 0.0492464 0.0509842 0.0343817 0.0395728 0.0398579 0.0407193 0.0399619 0.0407554 0.0499299 0.0514871 0.0510098 0.0445386 0.0552613 0.0526075 0.0424166 0.0970465 0.0384749 0.0458941 0.0583855 0.0386475 0.0407065 0.0375335 0.0421977 0.0797176 0.0390721 0.0589295 0.0582512 0.0559441 0.0547393 0.1446486 0.0551554 0.0622616 0.0579718 0.0511953 0.0463292 0.0518024 
I0189_225_Eurylaimidae_Smithornis_rufolateralis        0.0440450 0.0554947 0.0600394 0.0556324 0.0000000 0.0583666 0.0518307 0.0551205 0.0652094 0.0675778 0.0493498 0.0430185 0.0616029 0.0625290 0.0361136 0.0580949 0.0402286 0.0347872 0.0460591 0.0347863 0.0497424 0.0386856 0.0451397 0.0462423 0.0466518 0.0577015 0.0485201 0.0489499 0.0524671 0.0479423 0.0346116 0.0344348 0.0626002 0.0614498 0.0555022 0.0490276 0.0364168 0.0358517 0.0366026 0.0338633 0.0945168 0.1010218 0.0466367 0.0760775 0.0550715 0.0593271 0.0530043 0.0378251 0.0346224 0.0482865 0.0540474 0.0331049 0.0362577 0.0561357 0.0544782 0.0502813 0.0351733 0.0613774 0.0488955 0.0484597 0.0343854 0.0484629 0.0507294 0.0529891 0.0843246 0.0381577 0.0351067 0.0510749 0.0487801 0.0341548 0.0468655 0.0452876 0.0490912 0.0542410 0.0540905 0.0589059 0.0460095 0.0423716 0.0631012 0.0568324 0.0525164 0.0521741 0.0467590 0.0521289 0.0676797 0.0449571 0.0494026 0.0468648 0.0458632 0.0557540 0.0570763 0.0493322 0.0473453 0.0557239 0.0559111 0.0514413 0.0493678 0.0460123 0.0414641 0.0499367 0.0449630 0.0515267 0.0831876 0.0529638 0.0458969 0.0486209 0.0460762 0.0298128 0.0553162 0.0536852 0.0813911 0.0468346 0.0749537 0.0504156 0.0524736 0.0457554 0.0568717 0.0656540 0.0517321 0.0328819 0.0536233 0.0582349 0.0547081 0.0461362 0.0491309 0.0459825 0.0577025 0.0499686 0.0656600 0.0546871 0.0472063 0.0666486 0.0885511 0.0373950 0.0340992 0.0450799 0.0488832 0.0500947 0.0499436 0.0466078 0.0496481 0.0589538 0.0605530 0.0607659 0.0563260 0.0386559 0.0352152 0.0530183 0.1071353 0.0489774 0.0560925 0.0300466 0.0481257 0.0466558 0.0460629 0.0505879 0.0885094 0.0461943 0.0466852 0.0463984 0.0422786 0.0227718 0.1506250 0.0430801 0.0489974 0.0467921 0.0616009 0.0536623 0.0415007 
I0190_295_Trogonidae_Apaloderma_aequatoriale           0.0376134 0.0500683 0.0175241 0.0501759 0.0583666 0.0000000 0.0434498 0.0474983 0.0593212 0.0627473 0.0426313 0.0583196 0.0556459 0.0548279 0.0558445 0.0476742 0.0329630 0.0535997 0.0380888 0.0538730 0.0435797 0.0590938 0.0396520 0.0400902 0.0397694 0.0502446 0.0414601 0.0638291 0.0653863 0.0411113 0.0551458 0.0536589 0.0561082 0.0558846 0.0475026 0.0642659 0.0567956 0.0545768 0.0569445 0.0532102 0.0896945 0.0952667 0.0606443 0.0707366 0.0492872 0.0543313 0.0464842 0.0575658 0.0542938 0.0405255 0.0512070 0.0532537 0.0553349 0.0497008 0.0482910 0.0437651 0.0546884 0.0556549 0.0429295 0.0421579 0.0526809 0.0422039 0.0455568 0.0472484 0.0790153 0.0584349 0.0552708 0.0440936 0.0428651 0.0536200 0.0418410 0.0388263 0.0426617 0.0507729 0.0504905 0.0550651 0.0402326 0.0347132 0.0578203 0.0516082 0.0489560 0.0455020 0.0374792 0.0480688 0.0630774 0.0371348 0.0415346 0.0400607 0.0390789 0.0506570 0.0505632 0.0424338 0.0400399 0.0493909 0.0521755 0.0454436 0.0435749 0.0387943 0.0601648 0.0431596 0.0589775 0.0645783 0.0779160 0.0502062 0.0388084 0.0424803 0.0378340 0.0610208 0.0504157 0.0489777 0.0770174 0.0403554 0.0683983 0.0448180 0.0466574 0.0369673 0.0501258 0.0616119 0.0449979 0.0623181 0.0457699 0.0517557 0.0496865 0.0376574 0.0401566 0.0373032 0.0528941 0.0431420 0.0613543 0.0512861 0.0391296 0.0615379 0.0842010 0.0513160 0.0542297 0.0368094 0.0424548 0.0414308 0.0421486 0.0398844 0.0413644 0.0542477 0.0561784 0.0551770 0.0468229 0.0573917 0.0544291 0.0450104 0.0996745 0.0408009 0.0484295 0.0605482 0.0410698 0.0412251 0.0392082 0.0433588 0.0835609 0.0391994 0.0609293 0.0607651 0.0575692 0.0578214 0.1468373 0.0555828 0.0644483 0.0620263 0.0544594 0.0472398 0.0553203 
I0192_375_Musophagidae_Tauraco_macrorhynchus           0.0312675 0.0439972 0.0459595 0.0437150 0.0518307 0.0434498 0.0000000 0.0393439 0.0552881 0.0576626 0.0194878 0.0528535 0.0500181 0.0499408 0.0495890 0.0396825 0.0264782 0.0484415 0.0301396 0.0489093 0.0342453 0.0543598 0.0324257 0.0307556 0.0298464 0.0420810 0.0325602 0.0586952 0.0604331 0.0342823 0.0496709 0.0492157 0.0502428 0.0498564 0.0396277 0.0589579 0.0496550 0.0499529 0.0519179 0.0473914 0.0808717 0.0866447 0.0551103 0.0676594 0.0424237 0.0481279 0.0402914 0.0526346 0.0486472 0.0314555 0.0444959 0.0462919 0.0482238 0.0405503 0.0405726 0.0343259 0.0490808 0.0493574 0.0361091 0.0327410 0.0473728 0.0342757 0.0373952 0.0399950 0.0696715 0.0530381 0.0493123 0.0364176 0.0364880 0.0477091 0.0355764 0.0316077 0.0328475 0.0434929 0.0448070 0.0499654 0.0317007 0.0289060 0.0519471 0.0432738 0.0418181 0.0365703 0.0300190 0.0414044 0.0571460 0.0289745 0.0327923 0.0326782 0.0304075 0.0437518 0.0436978 0.0362229 0.0317845 0.0395746 0.0455710 0.0371058 0.0339005 0.0290896 0.0547193 0.0335507 0.0532245 0.0607221 0.0683388 0.0429427 0.0303113 0.0353659 0.0293565 0.0543885 0.0430681 0.0418020 0.0676378 0.0317962 0.0638037 0.0357830 0.0380708 0.0284743 0.0417433 0.0551583 0.0371086 0.0561088 0.0357395 0.0440301 0.0405922 0.0288692 0.0326110 0.0282526 0.0450418 0.0334071 0.0527906 0.0414083 0.0303587 0.0536903 0.0754363 0.0463318 0.0479509 0.0281827 0.0339117 0.0338423 0.0340703 0.0336470 0.0334831 0.0460473 0.0483525 0.0473249 0.0388004 0.0521121 0.0494255 0.0373456 0.0911855 0.0333691 0.0393371 0.0537597 0.0326953 0.0341513 0.0303134 0.0360158 0.0739169 0.0326408 0.0560941 0.0558761 0.0516494 0.0522476 0.1414198 0.0504729 0.0585401 0.0557401 0.0469470 0.0414655 0.0489760 
I0193_447_Columbidae_Treron_calvus                     0.0349479 0.0480969 0.0494662 0.0452401 0.0551205 0.0474983 0.0393439 0.0000000 0.0567761 0.0602670 0.0389804 0.0545332 0.0517180 0.0517551 0.0527239 0.0436035 0.0252168 0.0507126 0.0335182 0.0515333 0.0388417 0.0563616 0.0361480 0.0343566 0.0346177 0.0163870 0.0363430 0.0603302 0.0616754 0.0387252 0.0516126 0.0518477 0.0521840 0.0522011 0.0145149 0.0609914 0.0526047 0.0523723 0.0546790 0.0502329 0.0841916 0.0893609 0.0575367 0.0683483 0.0459978 0.0510040 0.0441643 0.0553603 0.0513535 0.0355531 0.0490349 0.0493665 0.0524146 0.0159801 0.0423432 0.0379315 0.0517647 0.0505120 0.0413594 0.0361240 0.0501885 0.0372203 0.0405253 0.0422206 0.0740843 0.0548349 0.0527474 0.0403280 0.0409452 0.0508919 0.0262706 0.0355052 0.0373633 0.0483625 0.0478896 0.0531978 0.0354786 0.0322157 0.0523372 0.0466292 0.0465881 0.0401384 0.0340709 0.0437267 0.0594712 0.0321148 0.0361338 0.0372044 0.0339015 0.0452404 0.0448431 0.0392655 0.0348261 0.0436700 0.0489863 0.0402761 0.0382397 0.0337203 0.0577678 0.0368391 0.0553135 0.0616560 0.0719730 0.0474254 0.0340441 0.0401796 0.0339238 0.0585202 0.0443081 0.0462481 0.0707680 0.0350354 0.0661904 0.0398426 0.0410034 0.0319419 0.0448087 0.0576643 0.0399660 0.0591735 0.0403485 0.0461952 0.0443534 0.0326188 0.0367848 0.0324443 0.0476757 0.0377345 0.0576684 0.0450813 0.0344656 0.0580677 0.0788632 0.0481138 0.0500585 0.0320748 0.0375108 0.0375094 0.0370271 0.0377126 0.0366577 0.0508060 0.0518884 0.0499538 0.0423459 0.0543888 0.0520970 0.0401918 0.0932431 0.0368025 0.0133843 0.0568816 0.0352364 0.0378311 0.0333841 0.0399569 0.0772145 0.0367457 0.0577403 0.0574668 0.0534240 0.0553529 0.1430441 0.0517833 0.0598863 0.0567551 0.0500117 0.0445464 0.0526610 
I0194_495_Alcedinidae_Alcedo_quadribrachys             0.0481934 0.0486545 0.0607000 0.0588064 0.0652094 0.0593212 0.0552881 0.0567761 0.0000000 0.0664651 0.0544642 0.0654227 0.0657488 0.0591041 0.0645644 0.0595558 0.0440171 0.0625382 0.0502580 0.0628588 0.0545534 0.0675202 0.0484003 0.0512616 0.0514725 0.0599557 0.0519578 0.0683524 0.0716419 0.0532228 0.0634807 0.0624498 0.0646919 0.0643361 0.0565993 0.0689830 0.0649515 0.0632212 0.0650789 0.0606062 0.0943560 0.0999451 0.0664093 0.0794602 0.0486403 0.0632292 0.0574207 0.0665367 0.0624655 0.0509824 0.0610098 0.0611466 0.0630742 0.0581478 0.0580351 0.0547799 0.0629398 0.0620486 0.0543797 0.0516853 0.0614628 0.0527873 0.0554563 0.0559764 0.0874690 0.0662591 0.0626555 0.0531720 0.0541003 0.0621271 0.0501116 0.0493443 0.0536509 0.0604265 0.0398992 0.0618244 0.0520491 0.0469880 0.0653354 0.0612734 0.0585258 0.0567928 0.0498952 0.0517059 0.0678649 0.0483141 0.0528910 0.0495353 0.0502132 0.0596149 0.0593843 0.0535198 0.0516984 0.0598754 0.0623443 0.0560205 0.0535660 0.0507150 0.0676561 0.0531178 0.0656154 0.0701187 0.0850507 0.0601939 0.0501480 0.0538255 0.0505322 0.0685455 0.0580200 0.0583808 0.0839715 0.0513531 0.0759161 0.0558873 0.0569427 0.0500097 0.0606846 0.0694963 0.0545595 0.0688453 0.0558536 0.0633340 0.0588802 0.0502468 0.0511102 0.0503416 0.0602289 0.0540244 0.0676788 0.0595395 0.0504940 0.0689395 0.0924286 0.0593260 0.0617364 0.0489412 0.0531289 0.0523279 0.0534320 0.0516073 0.0523418 0.0626035 0.0648959 0.0621343 0.0588098 0.0663321 0.0625303 0.0552745 0.1075882 0.0513366 0.0574822 0.0667878 0.0525018 0.0507280 0.0500072 0.0524699 0.0913922 0.0502160 0.0648860 0.0667895 0.0642066 0.0662787 0.1509925 0.0634343 0.0694556 0.0665011 0.0647491 0.0578082 0.0627780 
I0195_522_Ramphastidae_Buccanodon_duchaillui           0.0498647 0.0583138 0.0638110 0.0599629 0.0675778 0.0627473 0.0576626 0.0602670 0.0664651 0.0000000 0.0556765 0.0667736 0.0638851 0.0651902 0.0649069 0.0588269 0.0452671 0.0635998 0.0519423 0.0635423 0.0556287 0.0678115 0.0507818 0.0518461 0.0530295 0.0614550 0.0533853 0.0704331 0.0743279 0.0535933 0.0639638 0.0632948 0.0678132 0.0667195 0.0592794 0.0710121 0.0661882 0.0633655 0.0653323 0.0622904 0.0950505 0.1019884 0.0691392 0.0796081 0.0592570 0.0640481 0.0575471 0.0670766 0.0630413 0.0533174 0.0597679 0.0618584 0.0650381 0.0610441 0.0604990 0.0551853 0.0633126 0.0643363 0.0548762 0.0537274 0.0615640 0.0546469 0.0562540 0.0581193 0.0892660 0.0676539 0.0643953 0.0547265 0.0551462 0.0619061 0.0473097 0.0520558 0.0545592 0.0593972 0.0576905 0.0589026 0.0528042 0.0476646 0.0678974 0.0577338 0.0579997 0.0583572 0.0523787 0.0555933 0.0243711 0.0504832 0.0536801 0.0518232 0.0522042 0.0612351 0.0631548 0.0529465 0.0524543 0.0611552 0.0609167 0.0565376 0.0554574 0.0521419 0.0707148 0.0546988 0.0672884 0.0735804 0.0880782 0.0589412 0.0512535 0.0535650 0.0517262 0.0688643 0.0605297 0.0573797 0.0863532 0.0524357 0.0756950 0.0562738 0.0576675 0.0510909 0.0617697 0.0713644 0.0560997 0.0706472 0.0576675 0.0587598 0.0591540 0.0520733 0.0536181 0.0512554 0.0625906 0.0551065 0.0703946 0.0595232 0.0523681 0.0713120 0.0936327 0.0625739 0.0625779 0.0519970 0.0537877 0.0551410 0.0549431 0.0531188 0.0556215 0.0642051 0.0632890 0.0641684 0.0580230 0.0670714 0.0638113 0.0547323 0.1094372 0.0535282 0.0609050 0.0688613 0.0536449 0.0510883 0.0511512 0.0549161 0.0910000 0.0524083 0.0678920 0.0692199 0.0664884 0.0678856 0.1493946 0.0658712 0.0725973 0.0677173 0.0628775 0.0569068 0.0630295 
I0196_523_Musophagidae_Corythaeola_cristata            0.0294854 0.0423851 0.0454434 0.0428016 0.0493498 0.0426313 0.0194878 0.0389804 0.0544642 0.0556765 0.0000000 0.0518584 0.0480745 0.0471456 0.0481360 0.0389422 0.0251142 0.0463786 0.0282878 0.0462496 0.0337281 0.0511485 0.0309394 0.0298280 0.0285413 0.0418725 0.0321808 0.0576216 0.0584266 0.0340054 0.0477413 0.0462443 0.0477776 0.0479377 0.0391162 0.0574363 0.0480793 0.0479299 0.0496789 0.0452166 0.0796561 0.0855107 0.0541057 0.0663352 0.0419636 0.0470947 0.0392114 0.0504302 0.0465545 0.0306173 0.0437130 0.0442182 0.0476437 0.0401089 0.0382993 0.0330983 0.0473076 0.0480564 0.0351620 0.0318006 0.0451934 0.0325682 0.0363596 0.0375001 0.0684161 0.0504921 0.0467506 0.0350216 0.0356687 0.0457381 0.0350404 0.0301906 0.0322089 0.0428084 0.0435549 0.0485792 0.0310541 0.0267938 0.0496173 0.0420523 0.0413680 0.0357872 0.0288506 0.0405833 0.0553574 0.0278110 0.0316682 0.0323171 0.0286117 0.0420568 0.0420785 0.0361002 0.0309719 0.0376809 0.0450077 0.0354576 0.0337706 0.0279049 0.0527951 0.0323191 0.0510842 0.0588284 0.0670913 0.0429074 0.0287747 0.0344409 0.0284132 0.0520330 0.0420120 0.0411928 0.0661800 0.0305539 0.0620060 0.0355194 0.0373394 0.0277848 0.0401798 0.0552040 0.0351151 0.0552389 0.0359996 0.0426290 0.0390944 0.0285266 0.0316292 0.0275676 0.0436804 0.0322889 0.0530291 0.0402453 0.0292741 0.0541197 0.0739437 0.0442422 0.0457647 0.0264886 0.0326116 0.0327363 0.0326371 0.0328790 0.0325748 0.0465073 0.0477753 0.0456958 0.0380155 0.0499434 0.0477849 0.0361332 0.0893890 0.0319819 0.0393600 0.0517835 0.0303046 0.0328875 0.0290692 0.0344867 0.0719460 0.0317057 0.0542286 0.0545589 0.0505285 0.0496368 0.1426091 0.0480039 0.0573183 0.0543759 0.0448400 0.0405702 0.0477393 
I0197_832_Corvidae_Corvus_albus                        0.0447502 0.0561434 0.0604019 0.0570388 0.0430185 0.0583196 0.0528535 0.0545332 0.0654227 0.0667736 0.0518584 0.0000000 0.0614476 0.0612319 0.0414090 0.0573639 0.0406725 0.0392576 0.0469341 0.0393843 0.0506546 0.0453271 0.0464128 0.0469244 0.0472327 0.0577272 0.0490831 0.0288722 0.0308117 0.0482753 0.0395405 0.0394798 0.0627809 0.0618454 0.0553774 0.0296340 0.0416407 0.0399883 0.0421800 0.0375157 0.0931275 0.0989558 0.0262831 0.0761469 0.0551224 0.0597555 0.0545269 0.0435446 0.0388971 0.0474017 0.0555977 0.0375087 0.0417714 0.0566417 0.0555121 0.0505657 0.0390583 0.0617665 0.0498456 0.0493695 0.0384760 0.0482557 0.0511841 0.0542639 0.0846501 0.0443983 0.0395238 0.0515136 0.0494481 0.0384635 0.0479935 0.0456305 0.0501310 0.0550476 0.0555043 0.0599790 0.0477666 0.0430513 0.0629223 0.0579540 0.0530044 0.0538483 0.0470715 0.0530476 0.0675809 0.0446444 0.0496578 0.0479226 0.0469134 0.0572335 0.0575265 0.0499555 0.0483525 0.0566272 0.0571104 0.0520284 0.0502249 0.0465184 0.0460260 0.0495191 0.0315183 0.0336506 0.0828734 0.0545283 0.0470598 0.0499589 0.0459602 0.0446689 0.0563929 0.0537574 0.0819051 0.0476885 0.0753357 0.0520592 0.0532419 0.0448503 0.0574824 0.0679917 0.0523398 0.0482843 0.0531582 0.0588654 0.0561973 0.0455884 0.0484749 0.0451121 0.0595384 0.0505116 0.0655202 0.0580629 0.0476078 0.0657736 0.0902101 0.0288375 0.0378890 0.0456692 0.0492862 0.0500265 0.0499596 0.0479461 0.0496612 0.0590696 0.0619882 0.0615226 0.0558263 0.0447110 0.0391328 0.0531473 0.1042868 0.0488779 0.0558676 0.0444709 0.0480520 0.0475723 0.0470915 0.0510324 0.0892278 0.0472749 0.0269143 0.0267332 0.0147114 0.0423635 0.1524746 0.0295208 0.0294062 0.0267429 0.0608939 0.0535358 0.0452483 
I0198_937_Bucerotidae_Tockus_camurus                   0.0422288 0.0542064 0.0576735 0.0546405 0.0616029 0.0556459 0.0500181 0.0517180 0.0657488 0.0638851 0.0480745 0.0614476 0.0000000 0.0587515 0.0602395 0.0519668 0.0367408 0.0584630 0.0430318 0.0589115 0.0479436 0.0644958 0.0430567 0.0443983 0.0434441 0.0543068 0.0462313 0.0675201 0.0703569 0.0469780 0.0584032 0.0576389 0.0611114 0.0608622 0.0522573 0.0680854 0.0612961 0.0574458 0.0615844 0.0566791 0.0940753 0.0986531 0.0655738 0.0687826 0.0522074 0.0584511 0.0510585 0.0629871 0.0573064 0.0441986 0.0551853 0.0562863 0.0605825 0.0532251 0.0514068 0.0469554 0.0586172 0.0589561 0.0479292 0.0460646 0.0571622 0.0459351 0.0490137 0.0512182 0.0833121 0.0633934 0.0584459 0.0483348 0.0476529 0.0569735 0.0444999 0.0433422 0.0460892 0.0549409 0.0543959 0.0590289 0.0450992 0.0362323 0.0616992 0.0526733 0.0531181 0.0504906 0.0429122 0.0504468 0.0638725 0.0419812 0.0458855 0.0449182 0.0431446 0.0546941 0.0543954 0.0481875 0.0451697 0.0543056 0.0555926 0.0504556 0.0462914 0.0428071 0.0653745 0.0455712 0.0635055 0.0702050 0.0816307 0.0551311 0.0430371 0.0468729 0.0429520 0.0635060 0.0536178 0.0528450 0.0798298 0.0446412 0.0656104 0.0487383 0.0510745 0.0419998 0.0548149 0.0653736 0.0493739 0.0666457 0.0497035 0.0537102 0.0525862 0.0427566 0.0449402 0.0421371 0.0562798 0.0472058 0.0653362 0.0535672 0.0436507 0.0669091 0.0879255 0.0560433 0.0577784 0.0418229 0.0463940 0.0464477 0.0468481 0.0460397 0.0470528 0.0572388 0.0591518 0.0585385 0.0505756 0.0628891 0.0593939 0.0486502 0.1026258 0.0455741 0.0523150 0.0640240 0.0460163 0.0442462 0.0431140 0.0463523 0.0865034 0.0451656 0.0632011 0.0657860 0.0608376 0.0621034 0.1505284 0.0603375 0.0678517 0.0652934 0.0569175 0.0232215 0.0592301 
I0199_955_Meropidae_Merops_muelleri                    0.0428188 0.0492132 0.0563226 0.0544049 0.0625290 0.0548279 0.0499408 0.0517551 0.0591041 0.0651902 0.0471456 0.0612319 0.0587515 0.0000000 0.0603083 0.0525900 0.0369959 0.0579640 0.0433311 0.0573208 0.0471180 0.0630438 0.0439205 0.0457006 0.0445812 0.0549422 0.0459317 0.0655624 0.0674901 0.0467326 0.0591913 0.0582017 0.0596125 0.0595221 0.0523348 0.0660551 0.0603852 0.0590433 0.0615301 0.0568801 0.0907369 0.0959276 0.0625657 0.0754841 0.0469118 0.0582739 0.0516226 0.0619937 0.0579923 0.0452249 0.0573876 0.0566761 0.0592240 0.0536688 0.0526432 0.0489595 0.0578986 0.0589434 0.0486971 0.0468007 0.0561427 0.0467041 0.0490010 0.0515747 0.0820976 0.0624117 0.0581602 0.0493754 0.0483027 0.0567419 0.0448863 0.0444125 0.0468483 0.0559809 0.0493171 0.0592506 0.0464957 0.0392091 0.0596044 0.0545393 0.0542897 0.0505720 0.0435871 0.0462160 0.0650078 0.0417077 0.0470151 0.0457710 0.0439841 0.0568398 0.0566369 0.0482321 0.0451290 0.0537607 0.0573842 0.0509156 0.0481420 0.0432885 0.0631948 0.0476771 0.0609940 0.0658053 0.0803238 0.0556658 0.0442265 0.0485836 0.0431258 0.0648725 0.0555305 0.0534016 0.0793796 0.0445262 0.0719197 0.0495270 0.0498415 0.0423376 0.0536442 0.0675309 0.0496946 0.0674421 0.0504700 0.0541626 0.0545122 0.0434161 0.0455959 0.0424998 0.0558475 0.0472397 0.0624184 0.0543501 0.0451109 0.0626440 0.0878504 0.0541313 0.0578707 0.0421481 0.0468184 0.0470898 0.0475279 0.0453015 0.0469129 0.0591302 0.0599698 0.0578555 0.0513375 0.0609459 0.0574742 0.0499942 0.1003730 0.0459394 0.0527001 0.0640996 0.0458036 0.0457146 0.0443909 0.0460495 0.0851161 0.0444102 0.0621033 0.0629756 0.0599119 0.0619460 0.1494256 0.0573085 0.0664502 0.0623823 0.0572618 0.0521525 0.0589104 
I0200_988_Furnariidae_Furnarius_rufus                  0.0424366 0.0550367 0.0577068 0.0530364 0.0361136 0.0558445 0.0495890 0.0527239 0.0645644 0.0649069 0.0481360 0.0414090 0.0602395 0.0603083 0.0000000 0.0551021 0.0384902 0.0303797 0.0429048 0.0309943 0.0481804 0.0280247 0.0440696 0.0440685 0.0444220 0.0550412 0.0455731 0.0469379 0.0495635 0.0461065 0.0308578 0.0314841 0.0593947 0.0589577 0.0532935 0.0494133 0.0145551 0.0316895 0.0338671 0.0304387 0.0930397 0.0986059 0.0444624 0.0727091 0.0525372 0.0578336 0.0514962 0.0273645 0.0307633 0.0448794 0.0531276 0.0292699 0.0143024 0.0544825 0.0527136 0.0470000 0.0306608 0.0585599 0.0470786 0.0462953 0.0303109 0.0468943 0.0483896 0.0516737 0.0817518 0.0270035 0.0317085 0.0481948 0.0472199 0.0301904 0.0444267 0.0431105 0.0474308 0.0528115 0.0529370 0.0579946 0.0449375 0.0397964 0.0605935 0.0543511 0.0520949 0.0496823 0.0446578 0.0510115 0.0651489 0.0428817 0.0471534 0.0455242 0.0446773 0.0543690 0.0542067 0.0474844 0.0454198 0.0540620 0.0545973 0.0502161 0.0477846 0.0437860 0.0296746 0.0470675 0.0415666 0.0507580 0.0806868 0.0526188 0.0443870 0.0466807 0.0444417 0.0383463 0.0522033 0.0521921 0.0794870 0.0440836 0.0717138 0.0492875 0.0509068 0.0428703 0.0563579 0.0644099 0.0496751 0.0408291 0.0515331 0.0561809 0.0526912 0.0437762 0.0456875 0.0432625 0.0554860 0.0477638 0.0639401 0.0542165 0.0446087 0.0649363 0.0864007 0.0356201 0.0304013 0.0430538 0.0471463 0.0471397 0.0470043 0.0450683 0.0479380 0.0564291 0.0592303 0.0578968 0.0536687 0.0269576 0.0310827 0.0510467 0.1045108 0.0465431 0.0542973 0.0385187 0.0455724 0.0452269 0.0436996 0.0484188 0.0858778 0.0442250 0.0453853 0.0451552 0.0412194 0.0359001 0.1497287 0.0396459 0.0473410 0.0450111 0.0585095 0.0510649 0.0415554 
I0201_999_Scolopacidae_Tringa_solitaria                0.0345846 0.0484465 0.0491998 0.0464863 0.0580949 0.0476742 0.0396825 0.0436035 0.0595558 0.0588269 0.0389422 0.0573639 0.0519668 0.0525900 0.0551021 0.0000000 0.0302265 0.0522035 0.0335745 0.0527754 0.0321344 0.0581416 0.0364194 0.0307576 0.0351214 0.0463459 0.0323210 0.0625712 0.0650803 0.0388492 0.0537697 0.0534955 0.0542149 0.0538651 0.0438383 0.0631919 0.0545424 0.0531381 0.0553649 0.0509033 0.0843833 0.0894303 0.0593495 0.0703541 0.0474416 0.0518426 0.0441011 0.0577295 0.0525973 0.0358957 0.0488443 0.0506631 0.0546370 0.0456740 0.0437860 0.0382730 0.0533383 0.0507731 0.0400133 0.0371132 0.0522207 0.0379520 0.0415837 0.0418707 0.0741557 0.0568590 0.0530588 0.0406565 0.0398368 0.0523784 0.0395983 0.0353719 0.0303688 0.0472743 0.0486065 0.0529496 0.0367020 0.0308522 0.0551607 0.0297794 0.0454360 0.0412234 0.0338096 0.0459097 0.0595963 0.0324759 0.0324163 0.0373559 0.0346329 0.0463159 0.0462495 0.0398408 0.0313794 0.0419325 0.0490968 0.0406602 0.0392459 0.0338905 0.0587677 0.0376208 0.0565442 0.0638248 0.0722626 0.0469038 0.0339545 0.0398712 0.0337399 0.0600625 0.0443961 0.0459236 0.0724305 0.0367785 0.0660401 0.0330329 0.0413467 0.0321406 0.0456869 0.0593478 0.0401658 0.0624028 0.0342418 0.0307104 0.0445838 0.0332049 0.0367541 0.0325879 0.0491637 0.0305450 0.0567821 0.0457144 0.0350310 0.0581385 0.0802345 0.0493036 0.0524632 0.0326561 0.0382425 0.0388379 0.0380152 0.0375326 0.0379152 0.0508095 0.0522848 0.0510521 0.0138613 0.0572981 0.0539021 0.0157165 0.0942607 0.0375146 0.0443068 0.0600533 0.0363007 0.0381779 0.0346641 0.0390393 0.0785353 0.0371227 0.0593332 0.0598792 0.0553247 0.0574811 0.1483109 0.0548376 0.0625048 0.0596968 0.0316920 0.0441953 0.0539581 
I0202_1066_Cathartidae_Cathartes_burrovianus           0.0189579 0.0329795 0.0348448 0.0328341 0.0402286 0.0329630 0.0264782 0.0252168 0.0440171 0.0452671 0.0251142 0.0406725 0.0367408 0.0369959 0.0384902 0.0302265 0.0000000 0.0363093 0.0191327 0.0365418 0.0248324 0.0414050 0.0199440 0.0212202 0.0200023 0.0302477 0.0221050 0.0467614 0.0483502 0.0223491 0.0370619 0.0365072 0.0392271 0.0393179 0.0279636 0.0469170 0.0384231 0.0371135 0.0397282 0.0351840 0.0711620 0.0769686 0.0433989 0.0547572 0.0306379 0.0373816 0.0288233 0.0406617 0.0365134 0.0212482 0.0332376 0.0347269 0.0380765 0.0290504 0.0286700 0.0243420 0.0370387 0.0384602 0.0250545 0.0223998 0.0357596 0.0229660 0.0271849 0.0288940 0.0599614 0.0401485 0.0375958 0.0256896 0.0248068 0.0355327 0.0242758 0.0200772 0.0232296 0.0317858 0.0326789 0.0377098 0.0212995 0.0047835 0.0400179 0.0337374 0.0302661 0.0276379 0.0188209 0.0290317 0.0452180 0.0181837 0.0228004 0.0214956 0.0198669 0.0328368 0.0327042 0.0244813 0.0218042 0.0300689 0.0334392 0.0266185 0.0239217 0.0192560 0.0429762 0.0234588 0.0413955 0.0484463 0.0587599 0.0318979 0.0196164 0.0238558 0.0190226 0.0427236 0.0326716 0.0301305 0.0583064 0.0212329 0.0523280 0.0256883 0.0286504 0.0175786 0.0324583 0.0435327 0.0261769 0.0444051 0.0268970 0.0341493 0.0310028 0.0184876 0.0219433 0.0179842 0.0351118 0.0239699 0.0424991 0.0317028 0.0200592 0.0440739 0.0650836 0.0335959 0.0360188 0.0179760 0.0234665 0.0238079 0.0240232 0.0217293 0.0235919 0.0361316 0.0380393 0.0370298 0.0290434 0.0399145 0.0373942 0.0268521 0.0809413 0.0225901 0.0272712 0.0425182 0.0226440 0.0217393 0.0192018 0.0241543 0.0640658 0.0209320 0.0446357 0.0437168 0.0398981 0.0401448 0.1319130 0.0380552 0.0464789 0.0440506 0.0365729 0.0289776 0.0371286 
I0203_1087_Tyrannidae_Hymenops_perspicillatus          0.0401635 0.0523804 0.0558666 0.0524678 0.0347872 0.0535997 0.0484415 0.0507126 0.0625382 0.0635998 0.0463786 0.0392576 0.0584630 0.0579640 0.0303797 0.0522035 0.0363093 0.0000000 0.0419045 0.0099477 0.0455382 0.0335787 0.0416117 0.0421713 0.0432670 0.0537311 0.0435626 0.0453905 0.0480072 0.0438269 0.0182228 0.0178595 0.0581957 0.0567397 0.0507511 0.0458408 0.0305013 0.0165035 0.0179078 0.0171746 0.0889406 0.0964762 0.0412620 0.0736454 0.0501144 0.0572075 0.0499172 0.0328264 0.0171305 0.0425886 0.0516968 0.0169573 0.0304606 0.0519784 0.0514934 0.0461734 0.0081174 0.0573794 0.0453723 0.0444247 0.0169253 0.0450767 0.0468911 0.0499923 0.0809205 0.0326012 0.0179169 0.0471625 0.0455374 0.0169813 0.0436615 0.0410825 0.0444346 0.0512531 0.0516971 0.0565197 0.0432261 0.0383933 0.0588293 0.0534872 0.0493925 0.0474601 0.0416446 0.0490983 0.0645475 0.0406123 0.0446908 0.0433930 0.0428965 0.0533521 0.0540325 0.0456776 0.0429152 0.0530617 0.0534854 0.0487684 0.0456484 0.0423282 0.0342647 0.0455745 0.0394588 0.0466018 0.0797468 0.0508801 0.0421894 0.0451943 0.0420454 0.0376401 0.0517994 0.0498534 0.0784567 0.0427568 0.0719771 0.0469763 0.0497630 0.0411502 0.0530954 0.0650351 0.0478962 0.0395403 0.0494105 0.0536044 0.0528328 0.0421157 0.0447582 0.0411660 0.0547560 0.0462600 0.0607952 0.0528259 0.0427958 0.0621143 0.0855705 0.0332026 0.0177279 0.0418723 0.0458682 0.0464231 0.0455344 0.0433312 0.0457893 0.0567976 0.0577521 0.0576845 0.0515498 0.0332822 0.0105370 0.0487959 0.1018963 0.0451755 0.0517945 0.0371486 0.0441852 0.0434745 0.0419485 0.0457350 0.0864761 0.0420266 0.0423588 0.0428584 0.0384709 0.0355110 0.1471111 0.0369282 0.0447947 0.0422669 0.0573682 0.0502414 0.0397890 
I0204_1174_Threskiornithidae_Harpiprion_caerulescens   0.0240321 0.0380349 0.0399671 0.0359992 0.0460591 0.0380888 0.0301396 0.0335182 0.0502580 0.0519423 0.0282878 0.0469341 0.0430318 0.0433311 0.0429048 0.0335745 0.0191327 0.0419045 0.0000000 0.0424421 0.0284245 0.0470742 0.0248692 0.0244310 0.0209573 0.0359016 0.0266867 0.0536600 0.0554782 0.0277287 0.0431351 0.0429058 0.0432646 0.0436560 0.0332149 0.0532026 0.0434025 0.0434289 0.0459352 0.0417883 0.0718546 0.0812403 0.0500000 0.0611317 0.0370925 0.0404521 0.0338588 0.0468594 0.0421806 0.0220607 0.0380362 0.0406565 0.0426864 0.0350558 0.0326065 0.0249029 0.0421316 0.0418562 0.0297990 0.0260653 0.0415797 0.0230645 0.0302960 0.0319514 0.0654429 0.0463479 0.0435810 0.0286973 0.0299560 0.0414155 0.0294217 0.0247339 0.0270870 0.0368297 0.0388972 0.0435262 0.0218572 0.0213003 0.0447063 0.0375047 0.0357214 0.0304994 0.0207523 0.0344824 0.0504077 0.0212984 0.0261676 0.0264954 0.0213007 0.0362913 0.0357000 0.0290539 0.0250673 0.0327109 0.0388400 0.0280326 0.0276775 0.0202791 0.0490845 0.0236858 0.0473240 0.0546031 0.0634895 0.0373242 0.0199337 0.0288832 0.0208601 0.0482050 0.0351484 0.0356675 0.0622282 0.0217113 0.0577619 0.0301815 0.0315312 0.0194714 0.0351575 0.0481416 0.0294835 0.0501908 0.0306150 0.0391135 0.0347472 0.0200614 0.0252615 0.0195419 0.0379204 0.0280933 0.0482523 0.0354677 0.0213724 0.0497705 0.0696501 0.0397940 0.0419515 0.0191201 0.0242449 0.0268530 0.0246901 0.0260924 0.0268203 0.0390969 0.0409920 0.0396856 0.0322609 0.0462254 0.0433958 0.0303058 0.0870758 0.0261256 0.0335041 0.0480736 0.0250849 0.0270547 0.0201279 0.0291438 0.0679889 0.0256098 0.0506031 0.0499122 0.0466291 0.0460105 0.1412940 0.0444061 0.0526202 0.0503700 0.0408200 0.0344977 0.0424950 
I0205_1183_Tyrannidae_Hirundinea_ferruginea            0.0403654 0.0522733 0.0561926 0.0527225 0.0347863 0.0538730 0.0489093 0.0515333 0.0628588 0.0635423 0.0462496 0.0393843 0.0589115 0.0573208 0.0309943 0.0527754 0.0365418 0.0099477 0.0424421 0.0000000 0.0457525 0.0340878 0.0420071 0.0428567 0.0437827 0.0543580 0.0443304 0.0458198 0.0478297 0.0442283 0.0186336 0.0179542 0.0576927 0.0573030 0.0513630 0.0465364 0.0308907 0.0159756 0.0179409 0.0170549 0.0900845 0.0961406 0.0425057 0.0739025 0.0500727 0.0572175 0.0500226 0.0331461 0.0170546 0.0437004 0.0528895 0.0170181 0.0306626 0.0533889 0.0519653 0.0460480 0.0103058 0.0572727 0.0457611 0.0447982 0.0169591 0.0459703 0.0468976 0.0504313 0.0811786 0.0329029 0.0179444 0.0477874 0.0457162 0.0169887 0.0441647 0.0418800 0.0452705 0.0520884 0.0523342 0.0565666 0.0437791 0.0389602 0.0589566 0.0545066 0.0504083 0.0476814 0.0426605 0.0485864 0.0644699 0.0405334 0.0451635 0.0437268 0.0431799 0.0527691 0.0535184 0.0462494 0.0432713 0.0530588 0.0535632 0.0491682 0.0459423 0.0426084 0.0348617 0.0459971 0.0393718 0.0473215 0.0800562 0.0515658 0.0425890 0.0454394 0.0423194 0.0371109 0.0521154 0.0506516 0.0785179 0.0428806 0.0722799 0.0472158 0.0492716 0.0412300 0.0541173 0.0640595 0.0484087 0.0400390 0.0493369 0.0536859 0.0519994 0.0424842 0.0447183 0.0417136 0.0544389 0.0464406 0.0618372 0.0529240 0.0432018 0.0632275 0.0860656 0.0335860 0.0177058 0.0419745 0.0463357 0.0463727 0.0459954 0.0437131 0.0457267 0.0570443 0.0577409 0.0577758 0.0515554 0.0336329 0.0112010 0.0492396 0.1014064 0.0451509 0.0524138 0.0366136 0.0442726 0.0435263 0.0424420 0.0458129 0.0858107 0.0424324 0.0428164 0.0434830 0.0387639 0.0351727 0.1461743 0.0369985 0.0459829 0.0429202 0.0578465 0.0503881 0.0404671 
I0206_1192_Laridae_Chroicocephalus_cirrocephalus       0.0293013 0.0425092 0.0447728 0.0410578 0.0497424 0.0435797 0.0342453 0.0388417 0.0545534 0.0556287 0.0337281 0.0506546 0.0479436 0.0471180 0.0481804 0.0321344 0.0248324 0.0455382 0.0284245 0.0457525 0.0000000 0.0508352 0.0302246 0.0257278 0.0291237 0.0409860 0.0279935 0.0574663 0.0587540 0.0331247 0.0466953 0.0462122 0.0473332 0.0475227 0.0389502 0.0571400 0.0480788 0.0470412 0.0483781 0.0443516 0.0803566 0.0848417 0.0537731 0.0640051 0.0412602 0.0449793 0.0385704 0.0500998 0.0452312 0.0306234 0.0425349 0.0442217 0.0471931 0.0400979 0.0373461 0.0327306 0.0460002 0.0464326 0.0342588 0.0319769 0.0449665 0.0324492 0.0362731 0.0365648 0.0685691 0.0502268 0.0465581 0.0348238 0.0345624 0.0455143 0.0344384 0.0296152 0.0092226 0.0419890 0.0426958 0.0482627 0.0308808 0.0269994 0.0492677 0.0360636 0.0411070 0.0351452 0.0285503 0.0384979 0.0553365 0.0270912 0.0272108 0.0318202 0.0286690 0.0409177 0.0406481 0.0338052 0.0264862 0.0387248 0.0440028 0.0358384 0.0333849 0.0279084 0.0526964 0.0324622 0.0514143 0.0580067 0.0669685 0.0427545 0.0283924 0.0339796 0.0288439 0.0517001 0.0397410 0.0408369 0.0657722 0.0303798 0.0629765 0.0118758 0.0366941 0.0271327 0.0411910 0.0534614 0.0343789 0.0547930 0.0202325 0.0368190 0.0389488 0.0276880 0.0308853 0.0274640 0.0433277 0.0131529 0.0521454 0.0403870 0.0288156 0.0534588 0.0741582 0.0439049 0.0454166 0.0271033 0.0324040 0.0324435 0.0323787 0.0330619 0.0326567 0.0444942 0.0463760 0.0450995 0.0311354 0.0499159 0.0464494 0.0290855 0.0898688 0.0309830 0.0390076 0.0518129 0.0304631 0.0323882 0.0289436 0.0354133 0.0717836 0.0321045 0.0544347 0.0536391 0.0500655 0.0502855 0.1421246 0.0489243 0.0557596 0.0545397 0.0393687 0.0387322 0.0467089 
I0207_1193_Thamnophilidae_Thamnophilus_ruficapillus    0.0455666 0.0579000 0.0609019 0.0574010 0.0386856 0.0590938 0.0543598 0.0563616 0.0675202 0.0678115 0.0511485 0.0453271 0.0644958 0.0630438 0.0280247 0.0581416 0.0414050 0.0335787 0.0470742 0.0340878 0.0508352 0.0000000 0.0469816 0.0472886 0.0486387 0.0584446 0.0490135 0.0508066 0.0524515 0.0493589 0.0335716 0.0342379 0.0653343 0.0646466 0.0566933 0.0518229 0.0279439 0.0343377 0.0363854 0.0323820 0.0947510 0.0999322 0.0481381 0.0770931 0.0555396 0.0614596 0.0549257 0.0153930 0.0339874 0.0485491 0.0556544 0.0319641 0.0279235 0.0581514 0.0563346 0.0516488 0.0338412 0.0628247 0.0507133 0.0501187 0.0323954 0.0495120 0.0523983 0.0547446 0.0849423 0.0144609 0.0345775 0.0522045 0.0505116 0.0332458 0.0479964 0.0468439 0.0504741 0.0555068 0.0557831 0.0611850 0.0486033 0.0432457 0.0662304 0.0580153 0.0545273 0.0536852 0.0482598 0.0536329 0.0683243 0.0463732 0.0505444 0.0489185 0.0484829 0.0578542 0.0585906 0.0506193 0.0483322 0.0572332 0.0577716 0.0531061 0.0512722 0.0478781 0.0303118 0.0503439 0.0453120 0.0529236 0.0834380 0.0554771 0.0466055 0.0500760 0.0473720 0.0405540 0.0566114 0.0550359 0.0819622 0.0485123 0.0770393 0.0520732 0.0548839 0.0470342 0.0584387 0.0684432 0.0528660 0.0433018 0.0544044 0.0602947 0.0566289 0.0475306 0.0493993 0.0472149 0.0594911 0.0512826 0.0678095 0.0570575 0.0485065 0.0681801 0.0882509 0.0395130 0.0330325 0.0467983 0.0506622 0.0513270 0.0513314 0.0484760 0.0514159 0.0611528 0.0629292 0.0617287 0.0569491 0.0301675 0.0343652 0.0539951 0.1063240 0.0497838 0.0577870 0.0408799 0.0500644 0.0486936 0.0469346 0.0515439 0.0889639 0.0475259 0.0481247 0.0484840 0.0449068 0.0383316 0.1517403 0.0437577 0.0509685 0.0477610 0.0614538 0.0551801 0.0438327 
