35
Burramyidae_Burramys_parvus                  0.0000000 0.1048521 0.1281125 0.0676036 0.0691643 0.1096557 0.0496213 0.0526616 0.0680532 0.0884815 0.0927875 0.1050504 0.0974256 0.0702419 0.0746505 0.1035859 0.1086219 0.0935552 0.0995691 0.0650236 0.0749019 0.1119554 0.1028421 0.0990604 0.0716909 0.0659972 0.0621811 0.0752910 0.0435917 0.0624466 0.0460628 0.0576208 0.0949291 0.1020347 0.0940782 
Notoryctidae_Notoryctes_typhlops             0.1048521 0.0000000 0.1762437 0.1350962 0.1373589 0.1590680 0.1151406 0.1177811 0.1343265 0.1324053 0.1669345 0.1531948 0.1587629 0.1399305 0.1316543 0.1531572 0.1513153 0.1500903 0.1407950 0.1310950 0.1399446 0.1634268 0.1487703 0.1467184 0.1457717 0.1186891 0.1336401 0.1393895 0.1098790 0.1239895 0.1114935 0.1263728 0.1369418 0.1563229 0.1343869 
Vombatidae_Lasiorhinus_latifrons             0.1281125 0.1762437 0.0000000 0.1406764 0.1416896 0.1830805 0.1215411 0.1359879 0.1346833 0.1591610 0.1622893 0.1752627 0.1761754 0.1458786 0.1456789 0.1733187 0.1842374 0.1638212 0.1727288 0.1343248 0.1589789 0.1714055 0.1629616 0.1731316 0.1558613 0.1322892 0.1254393 0.1489779 0.1208394 0.1426434 0.1249213 0.1299726 0.1619738 0.1744379 0.1638740 
Potoroidae_Bettongia_penicillata             0.0676036 0.1350962 0.1406764 0.0000000 0.0011774 0.1355153 0.0629599 0.0743291 0.0215538 0.0997134 0.1138692 0.1230179 0.1266962 0.0941269 0.0946130 0.1231446 0.1305361 0.1172240 0.1187848 0.0317825 0.0983250 0.1306458 0.1166200 0.1197813 0.0759395 0.0874897 0.0870104 0.0359690 0.0676480 0.0797278 0.0674262 0.0778080 0.1112117 0.1254393 0.1089318 
Potoroidae_Bettongia_lesueur                 0.0691643 0.1373589 0.1416896 0.0011774 0.0000000 0.1367534 0.0651867 0.0757763 0.0225279 0.0946538 0.1141538 0.1252095 0.1278138 0.0946697 0.0956820 0.1253234 0.1339882 0.1203037 0.1135751 0.0292871 0.0996198 0.1285823 0.1135530 0.1230266 0.0758135 0.0910024 0.0873890 0.0362100 0.0699757 0.0824919 0.0674799 0.0784515 0.1060699 0.1264311 0.1041763 
Dasyuridae_Dasyurus_maculatus                0.1096557 0.1590680 0.1830805 0.1355153 0.1367534 0.0000000 0.1135209 0.1197797 0.1329369 0.1112265 0.1718581 0.0323208 0.0389378 0.1400358 0.1288959 0.0335494 0.0112236 0.0356321 0.1264694 0.1156750 0.1334152 0.1546340 0.1396919 0.0299101 0.1490295 0.1120669 0.1280590 0.1340649 0.1043672 0.1241140 0.1087350 0.1276643 0.1196162 0.0010596 0.1219503 
Phalangeridae_Trichosurus_vulpecula          0.0496213 0.1151406 0.1215411 0.0629599 0.0651867 0.1135209 0.0000000 0.0287599 0.0636769 0.0886781 0.0617858 0.1040211 0.1077347 0.0447412 0.0802802 0.1022639 0.1128826 0.1036869 0.0999029 0.0627766 0.0779714 0.1070510 0.0973890 0.1020926 0.0784053 0.0711342 0.0682811 0.0714268 0.0499152 0.0656805 0.0493178 0.0265190 0.0962779 0.1069986 0.0945853 
Phalangeridae_Spilocuscus_maculatus          0.0526616 0.1177811 0.1359879 0.0743291 0.0757763 0.1197797 0.0287599 0.0000000 0.0755214 0.0897332 0.0508111 0.1130745 0.1112630 0.0221075 0.0840843 0.1103878 0.1201629 0.1074128 0.1024870 0.0704159 0.0734079 0.1086473 0.1038502 0.1123289 0.0744214 0.0790664 0.0732863 0.0766553 0.0527830 0.0724084 0.0595252 0.0304344 0.0961239 0.1127794 0.0979397 
Potoroidae_Aepyprymnus_rufescens             0.0680532 0.1343265 0.1346833 0.0215538 0.0225279 0.1329369 0.0636769 0.0755214 0.0000000 0.1021123 0.1148488 0.1215187 0.1240971 0.0935683 0.0963804 0.1216519 0.1339831 0.1205671 0.1170725 0.0287156 0.0961371 0.1274428 0.1162167 0.1183911 0.0754327 0.0882336 0.0864025 0.0328521 0.0654796 0.0867627 0.0685220 0.0773257 0.1096052 0.1245138 0.1094763 
Peramelidae_Perameles_nasuta                 0.0884815 0.1324053 0.1591610 0.0997134 0.0946538 0.1112265 0.0886781 0.0897332 0.1021123 0.0000000 0.1299885 0.1045369 0.1105180 0.1129031 0.1026048 0.1029362 0.1113450 0.0979342 0.0188141 0.0953014 0.1069720 0.1105975 0.1065385 0.1043820 0.1070007 0.0843584 0.1110579 0.1056738 0.0857190 0.1032557 0.0845213 0.1037411 0.0152882 0.1091768 0.0000010 
Phalangeridae_Strigocuscus_pelengensis       0.0927875 0.1669345 0.1622893 0.1138692 0.1141538 0.1718581 0.0617858 0.0508111 0.1148488 0.1299885 0.0000000 0.1607228 0.1619508 0.0541247 0.1367099 0.1597137 0.1715008 0.1542783 0.1472067 0.1105517 0.1192877 0.1594735 0.1543595 0.1609329 0.0912822 0.1164950 0.1181782 0.1185676 0.0953311 0.1122146 0.1010148 0.0585947 0.1428220 0.1638351 0.1349578 
Dasyuridae_Phascogale_tapoatafa              0.1050504 0.1531948 0.1752627 0.1230179 0.1252095 0.0323208 0.1040211 0.1130745 0.1215187 0.1045369 0.1607228 0.0000000 0.0323135 0.1311102 0.1232637 0.0006680 0.0288343 0.0300716 0.1166864 0.1085464 0.1304788 0.1553698 0.1401674 0.0024343 0.1309200 0.1018069 0.1289700 0.1218045 0.0999269 0.1210270 0.1023602 0.1217514 0.1128196 0.0300871 0.1142958 
Dasyuridae_Sminthopsis_macroura              0.0974256 0.1587629 0.1761754 0.1266962 0.1278138 0.0389378 0.1077347 0.1112630 0.1240971 0.1105180 0.1619508 0.0323135 0.0000000 0.1274719 0.1265299 0.0321262 0.0360009 0.0332228 0.1258634 0.1109073 0.1275504 0.1505226 0.1366599 0.0342487 0.1312207 0.1036972 0.1275869 0.1214973 0.0974514 0.1180340 0.1038245 0.1172180 0.1199769 0.0360486 0.1185052 
Phalangeridae_Phalanger_orientalis           0.0702419 0.1399305 0.1458786 0.0941269 0.0946697 0.1400358 0.0447412 0.0221075 0.0935683 0.1129031 0.0541247 0.1311102 0.1274719 0.0000000 0.1056090 0.1294344 0.1395368 0.1263109 0.1260554 0.0893680 0.0980114 0.1306246 0.1264903 0.1287924 0.0907754 0.0872657 0.0935732 0.0937862 0.0726436 0.0903887 0.0746507 0.0163902 0.1211304 0.1350677 0.1172874 
Acrobatidae_Acrobates_pygmaeus               0.0746505 0.1316543 0.1456789 0.0946130 0.0956820 0.1288959 0.0802802 0.0840843 0.0963804 0.1026048 0.1367099 0.1232637 0.1265299 0.1056090 0.0000000 0.1234025 0.1311295 0.1214009 0.1198967 0.0920522 0.1063612 0.1336538 0.1211078 0.1194792 0.1127583 0.0887923 0.0781421 0.1062031 0.0673705 0.0813965 0.0578010 0.0933323 0.1132939 0.1242084 0.1166807 
Dasyuridae_Phascogale_calura                 0.1035859 0.1531572 0.1733187 0.1231446 0.1253234 0.0335494 0.1022639 0.1103878 0.1216519 0.1029362 0.1597137 0.0006680 0.0321262 0.1294344 0.1234025 0.0000000 0.0300550 0.0322138 0.1170346 0.1087470 0.1270393 0.1523885 0.1365203 0.0094268 0.1310077 0.1003266 0.1299660 0.1219374 0.0983668 0.1202934 0.1009265 0.1201792 0.1131787 0.0313324 0.1125976 
Dasyuridae_Sarcophilus_harrisii              0.1086219 0.1513153 0.1842374 0.1305361 0.1339882 0.0112236 0.1128826 0.1201629 0.1339831 0.1113450 0.1715008 0.0288343 0.0360009 0.1395368 0.1311295 0.0300550 0.0000000 0.0332988 0.1286592 0.1183875 0.1335434 0.1577681 0.1386197 0.0285282 0.1459562 0.1083360 0.1330343 0.1316190 0.1035213 0.1253017 0.1078094 0.1267755 0.1217600 0.0106445 0.1229082 
Dasyuridae_Planigale_tenuirostris            0.0935552 0.1500903 0.1638212 0.1172240 0.1203037 0.0356321 0.1036869 0.1074128 0.1205671 0.0979342 0.1542783 0.0300716 0.0332228 0.1263109 0.1214009 0.0322138 0.0332988 0.0000000 0.1090475 0.1048549 0.1103087 0.1470174 0.1264614 0.0347838 0.1252172 0.1001299 0.1209560 0.1181860 0.0901061 0.1141176 0.0967707 0.1172776 0.1069589 0.0316288 0.1076368 
Peramelidae_Echymipera_kalubu                0.0995691 0.1407950 0.1727288 0.1187848 0.1135751 0.1264694 0.0999029 0.1024870 0.1170725 0.0188141 0.1472067 0.1166864 0.1258634 0.1260554 0.1198967 0.1170346 0.1286592 0.1090475 0.0000000 0.1086396 0.1280813 0.1266649 0.1205841 0.1178318 0.1200050 0.1049987 0.1250191 0.1202142 0.0941010 0.1156080 0.0974290 0.1167973 0.0122076 0.1263383 0.0197447 
Macropodidae_Dorcopsulus_vanheurni           0.0650236 0.1310950 0.1343248 0.0317825 0.0292871 0.1156750 0.0627766 0.0704159 0.0287156 0.0953014 0.1105517 0.1085464 0.1109073 0.0893680 0.0920522 0.1087470 0.1183875 0.1048549 0.1086396 0.0000000 0.0922746 0.1221956 0.1101590 0.1065137 0.0647498 0.0828803 0.0815221 0.0157333 0.0620374 0.0809714 0.0622831 0.0767276 0.1009877 0.1071476 0.1047696 
Pseudochiridae_Pseudochirulus_forbesi        0.0749019 0.1399446 0.1589789 0.0983250 0.0996198 0.1334152 0.0779714 0.0734079 0.0961371 0.1069720 0.1192877 0.1304788 0.1275504 0.0980114 0.1063612 0.1270393 0.1335434 0.1103087 0.1280813 0.0922746 0.0000000 0.1385366 0.1268752 0.1251329 0.0977721 0.0947812 0.0729881 0.0978885 0.0367470 0.0818683 0.0792565 0.0873479 0.1262768 0.1264808 0.1277286 
Didelphidae_Didelphis_virginiana             0.1119554 0.1634268 0.1714055 0.1306458 0.1285823 0.1546340 0.1070510 0.1086473 0.1274428 0.1105975 0.1594735 0.1553698 0.1505226 0.1306246 0.1336538 0.1523885 0.1577681 0.1470174 0.1266649 0.1221956 0.1385366 0.0000000 0.0425235 0.1527263 0.1289881 0.1063700 0.1258393 0.1364328 0.1050019 0.1189610 0.1111018 0.1219804 0.1189357 0.1445333 0.1195777 
Marmosidae_Monodelphis_domestica             0.1028421 0.1487703 0.1629616 0.1166200 0.1135530 0.1396919 0.0973890 0.1038502 0.1162167 0.1065385 0.1543595 0.1401674 0.1366599 0.1264903 0.1211078 0.1365203 0.1386197 0.1264614 0.1205841 0.1101590 0.1268752 0.0425235 0.0000000 0.1330737 0.1244058 0.1000329 0.1178542 0.1216106 0.0950350 0.1141660 0.0994053 0.1100132 0.1129292 0.1328847 0.1156495 
Dasyuridae_Antechinus_stuartii               0.0990604 0.1467184 0.1731316 0.1197813 0.1230266 0.0299101 0.1020926 0.1123289 0.1183911 0.1043820 0.1609329 0.0024343 0.0342487 0.1287924 0.1194792 0.0094268 0.0285282 0.0347838 0.1178318 0.1065137 0.1251329 0.1527263 0.1330737 0.0000000 0.1285651 0.1013143 0.1251990 0.1186513 0.0996430 0.1212181 0.0963110 0.1167756 0.1137973 0.0276496 0.1142681 
Hypsiprymnodontidae_Hypsiprymnodon_moschatus 0.0716909 0.1457717 0.1558613 0.0759395 0.0758135 0.1490295 0.0784053 0.0744214 0.0754327 0.1070007 0.0912822 0.1309200 0.1312207 0.0907754 0.1127583 0.1310077 0.1459562 0.1252172 0.1200050 0.0647498 0.0977721 0.1289881 0.1244058 0.1285651 0.0000000 0.0938385 0.0995096 0.0719826 0.0765842 0.0987338 0.0797649 0.0838810 0.1188008 0.1390174 0.1150618 
Microbiotheriidae_Dromiciops_gliroides       0.0659972 0.1186891 0.1322892 0.0874897 0.0910024 0.1120669 0.0711342 0.0790664 0.0882336 0.0843584 0.1164950 0.1018069 0.1036972 0.0872657 0.0887923 0.1003266 0.1083360 0.1001299 0.1049987 0.0828803 0.0947812 0.1063700 0.1000329 0.1013143 0.0938385 0.0000000 0.0895248 0.0904352 0.0671781 0.0857074 0.0649119 0.0779401 0.0994711 0.1049388 0.0911955 
Pseudochiridae_Petauroides_volans            0.0621811 0.1336401 0.1254393 0.0870104 0.0873890 0.1280590 0.0682811 0.0732863 0.0864025 0.1110579 0.1181782 0.1289700 0.1275869 0.0935732 0.0781421 0.1299660 0.1330343 0.1209560 0.1250191 0.0815221 0.0729881 0.1258393 0.1178542 0.1251990 0.0995096 0.0895248 0.0000000 0.0950603 0.0450307 0.0665207 0.0643899 0.0811620 0.1168896 0.1251807 0.1128583 
Macropodidae_Wallabia_bicolor                0.0752910 0.1393895 0.1489779 0.0359690 0.0362100 0.1340649 0.0714268 0.0766553 0.0328521 0.1056738 0.1185676 0.1218045 0.1214973 0.0937862 0.1062031 0.1219374 0.1316190 0.1181860 0.1202142 0.0157333 0.0978885 0.1364328 0.1216106 0.1186513 0.0719826 0.0904352 0.0950603 0.0000000 0.0727339 0.0913108 0.0756647 0.0827702 0.1142763 0.1244063 0.1141811 
Pseudochiridae_Pseudocheirus_occidentalis    0.0435917 0.1098790 0.1208394 0.0676480 0.0699757 0.1043672 0.0499152 0.0527830 0.0654796 0.0857190 0.0953311 0.0999269 0.0974514 0.0726436 0.0673705 0.0983668 0.1035213 0.0901061 0.0941010 0.0620374 0.0367470 0.1050019 0.0950350 0.0996430 0.0765842 0.0671781 0.0450307 0.0727339 0.0000000 0.0474420 0.0471607 0.0608386 0.0913447 0.0995398 0.0863874 
Tarsipedidae_Tarsipes_rostratus              0.0624466 0.1239895 0.1426434 0.0797278 0.0824919 0.1241140 0.0656805 0.0724084 0.0867627 0.1032557 0.1122146 0.1210270 0.1180340 0.0903887 0.0813965 0.1202934 0.1253017 0.1141176 0.1156080 0.0809714 0.0818683 0.1189610 0.1141660 0.1212181 0.0987338 0.0857074 0.0665207 0.0913108 0.0474420 0.0000000 0.0598885 0.0767901 0.1110451 0.1179770 0.1147639 
Acrobatidae_Distoechurus_pennatus            0.0460628 0.1114935 0.1249213 0.0674262 0.0674799 0.1087350 0.0493178 0.0595252 0.0685220 0.0845213 0.1010148 0.1023602 0.1038245 0.0746507 0.0578010 0.1009265 0.1078094 0.0967707 0.0974290 0.0622831 0.0792565 0.1111018 0.0994053 0.0963110 0.0797649 0.0649119 0.0643899 0.0756647 0.0471607 0.0598885 0.0000000 0.0610785 0.0928197 0.1029884 0.0930096 
Phalangeridae_Phalanger_carmelitae           0.0576208 0.1263728 0.1299726 0.0778080 0.0784515 0.1276643 0.0265190 0.0304344 0.0773257 0.1037411 0.0585947 0.1217514 0.1172180 0.0163902 0.0933323 0.1201792 0.1267755 0.1172776 0.1167973 0.0767276 0.0873479 0.1219804 0.1100132 0.1167756 0.0838810 0.0779401 0.0811620 0.0827702 0.0608386 0.0767901 0.0610785 0.0000000 0.1093873 0.1207862 0.1103170 
Peramelidae_Peroryctes_raffrayana            0.0949291 0.1369418 0.1619738 0.1112117 0.1060699 0.1196162 0.0962779 0.0961239 0.1096052 0.0152882 0.1428220 0.1128196 0.1199769 0.1211304 0.1132939 0.1131787 0.1217600 0.1069589 0.0122076 0.1009877 0.1262768 0.1189357 0.1129292 0.1137973 0.1188008 0.0994711 0.1168896 0.1142763 0.0913447 0.1110451 0.0928197 0.1093873 0.0000000 0.1176398 0.0150097 
Dasyuridae_Dasyurus_geffroii                 0.1020347 0.1563229 0.1744379 0.1254393 0.1264311 0.0010596 0.1069986 0.1127794 0.1245138 0.1091768 0.1638351 0.0300871 0.0360486 0.1350677 0.1242084 0.0313324 0.0106445 0.0316288 0.1263383 0.1071476 0.1264808 0.1445333 0.1328847 0.0276496 0.1390174 0.1049388 0.1251807 0.1244063 0.0995398 0.1179770 0.1029884 0.1207862 0.1176398 0.0000000 0.1102573 
Peramelidae_Perameles_gunnii                 0.0940782 0.1343869 0.1638740 0.1089318 0.1041763 0.1219503 0.0945853 0.0979397 0.1094763 0.0000010 0.1349578 0.1142958 0.1185052 0.1172874 0.1166807 0.1125976 0.1229082 0.1076368 0.0197447 0.1047696 0.1277286 0.1195777 0.1156495 0.1142681 0.1150618 0.0911955 0.1128583 0.1141811 0.0863874 0.1147639 0.0930096 0.1103170 0.0150097 0.1102573 0.0000000 
