35
Burramyidae_Burramys_parvus                  0.0000000 0.1245828 0.0774979 0.0824322 0.0833027 0.1273318 0.0715231 0.0771736 0.0846815 0.1284655 0.0835725 0.1366910 0.1358119 0.0791320 0.0862405 0.1422163 0.1270967 0.1367154 0.1220551 0.0778241 0.0859833 0.1247252 0.1345363 0.1231935 0.0771421 0.1063276 0.0759577 0.0760767 0.0810493 0.1253754 0.0864534 0.0801448 0.1578628 0.1266712 0.1293815 
Notoryctidae_Notoryctes_typhlops             0.1245828 0.0000000 0.1226552 0.1363400 0.1398178 0.1701832 0.1268127 0.1320794 0.1362452 0.1752309 0.1373745 0.1792126 0.1800648 0.1314683 0.1382741 0.1831501 0.1747954 0.1818171 0.1635962 0.1303550 0.1329844 0.1796233 0.1762227 0.1751057 0.1346225 0.1401724 0.1321204 0.1331914 0.1359714 0.1693465 0.1478641 0.1313990 0.1899825 0.1746946 0.1760836 
Vombatidae_Lasiorhinus_latifrons             0.0774979 0.1226552 0.0000000 0.0884568 0.0904298 0.1293078 0.0768764 0.0804043 0.0912585 0.1441398 0.0882643 0.1390728 0.1401170 0.0809352 0.0875047 0.1420669 0.1308224 0.1389789 0.1266621 0.0858770 0.0868445 0.1372931 0.1414424 0.1302197 0.0844579 0.0995803 0.0794024 0.0872164 0.0835746 0.1224423 0.0969241 0.0820141 0.1500265 0.1333710 0.1442066 
Potoroidae_Bettongia_penicillata             0.0824322 0.1363400 0.0884568 0.0000000 0.0097180 0.1492742 0.0813070 0.0853406 0.0172003 0.1470555 0.0915262 0.1601048 0.1577902 0.0850154 0.0935500 0.1634880 0.1499556 0.1552937 0.1309874 0.0281683 0.0957822 0.1543671 0.1583048 0.1532271 0.0583845 0.1198450 0.0890496 0.0296730 0.0907858 0.1288463 0.1052734 0.0875060 0.1555429 0.1504734 0.1453247 
Potoroidae_Bettongia_lesueur                 0.0833027 0.1398178 0.0904298 0.0097180 0.0000000 0.1480561 0.0820896 0.0866023 0.0182661 0.1483890 0.0924760 0.1596421 0.1599453 0.0875761 0.0942759 0.1629601 0.1497460 0.1559675 0.1343075 0.0308477 0.0962807 0.1529081 0.1605702 0.1517966 0.0602446 0.1207023 0.0901963 0.0315740 0.0921543 0.1282763 0.1036766 0.0890873 0.1592235 0.1501890 0.1466033 
Dasyuridae_Dasyurus_maculatus                0.1273318 0.1701832 0.1293078 0.1492742 0.1480561 0.0000000 0.1381206 0.1413458 0.1497107 0.1701270 0.1497853 0.0357838 0.0540109 0.1416115 0.1515169 0.0388341 0.0175799 0.0508417 0.1496962 0.1371582 0.1389267 0.1845607 0.1824246 0.0314317 0.1442583 0.1453326 0.1352900 0.1416796 0.1385775 0.1784900 0.1609508 0.1393764 0.1804477 0.0114246 0.1710913 
Phalangeridae_Trichosurus_vulpecula          0.0715231 0.1268127 0.0768764 0.0813070 0.0820896 0.1381206 0.0000000 0.0189950 0.0824999 0.1413607 0.0262892 0.1492701 0.1515425 0.0207614 0.0884965 0.1537906 0.1397088 0.1509206 0.1231554 0.0780820 0.0898080 0.1343221 0.1392122 0.1357391 0.0798300 0.1055203 0.0813270 0.0768504 0.0832710 0.1156829 0.0947398 0.0214408 0.1481138 0.1405241 0.1437133 
Phalangeridae_Spilocuscus_maculatus          0.0771736 0.1320794 0.0804043 0.0853406 0.0866023 0.1413458 0.0189950 0.0000000 0.0878508 0.1412421 0.0181184 0.1544551 0.1572918 0.0143709 0.0917995 0.1590437 0.1429443 0.1567331 0.1226906 0.0821010 0.0939445 0.1423278 0.1446465 0.1411479 0.0838963 0.1100764 0.0833164 0.0809155 0.0860609 0.1162582 0.0946669 0.0143517 0.1478381 0.1438058 0.1438676 
Potoroidae_Aepyprymnus_rufescens             0.0846815 0.1362452 0.0912585 0.0172003 0.0182661 0.1497107 0.0824999 0.0878508 0.0000000 0.1470227 0.0940769 0.1602084 0.1619449 0.0897385 0.0925472 0.1635306 0.1523686 0.1601708 0.1365173 0.0312221 0.0953386 0.1555143 0.1566533 0.1529827 0.0567957 0.1216735 0.0902916 0.0323574 0.0908253 0.1281994 0.1041019 0.0912524 0.1596800 0.1527795 0.1469398 
Peramelidae_Perameles_nasuta                 0.1284655 0.1752309 0.1441398 0.1470555 0.1483890 0.1701270 0.1413607 0.1412421 0.1470227 0.0000000 0.1458716 0.1847478 0.1884813 0.1428022 0.1515671 0.1883588 0.1696332 0.1835112 0.0315429 0.1408224 0.1460284 0.1902692 0.1875499 0.1698950 0.1463281 0.1523770 0.1401712 0.1386732 0.1437676 0.1758762 0.1633129 0.1442609 0.0499277 0.1684157 0.0000010 
Phalangeridae_Strigocuscus_pelengensis       0.0835725 0.1373745 0.0882643 0.0915262 0.0924760 0.1497853 0.0262892 0.0181184 0.0940769 0.1458716 0.0000000 0.1630542 0.1651552 0.0192062 0.0955496 0.1663399 0.1504482 0.1604847 0.1264674 0.0889133 0.1022982 0.1503802 0.1510008 0.1466418 0.0905131 0.1154975 0.0921452 0.0882155 0.0922699 0.1262161 0.1019173 0.0191930 0.1516082 0.1505927 0.1483250 
Dasyuridae_Phascogale_tapoatafa              0.1366910 0.1792126 0.1390728 0.1601048 0.1596421 0.0357838 0.1492701 0.1544551 0.1602084 0.1847478 0.1630542 0.0000000 0.0572148 0.1548154 0.1606439 0.0088786 0.0364587 0.0536951 0.1614990 0.1498913 0.1492800 0.1894443 0.1941690 0.0187148 0.1554283 0.1499774 0.1416701 0.1534260 0.1477724 0.1857999 0.1678257 0.1540001 0.1952544 0.0394879 0.1843636 
Dasyuridae_Sminthopsis_macroura              0.1358119 0.1800648 0.1401170 0.1577902 0.1599453 0.0540109 0.1515425 0.1572918 0.1619449 0.1884813 0.1651552 0.0572148 0.0000000 0.1535865 0.1631178 0.0568438 0.0551189 0.0411066 0.1661497 0.1507200 0.1495507 0.1955984 0.2034617 0.0538387 0.1590314 0.1538911 0.1459699 0.1548306 0.1461862 0.1891566 0.1718809 0.1547180 0.1966322 0.0565817 0.1880638 
Phalangeridae_Phalanger_orientalis           0.0791320 0.1314683 0.0809352 0.0850154 0.0875761 0.1416115 0.0207614 0.0143709 0.0897385 0.1428022 0.0192062 0.1548154 0.1535865 0.0000000 0.0921281 0.1582731 0.1435758 0.1542202 0.1254553 0.0851543 0.0952803 0.1424383 0.1453329 0.1394310 0.0864880 0.1115923 0.0869115 0.0835108 0.0883426 0.1208087 0.0963455 0.0043821 0.1502101 0.1445043 0.1452255 
Acrobatidae_Acrobates_pygmaeus               0.0862405 0.1382741 0.0875047 0.0935500 0.0942759 0.1515169 0.0884965 0.0917995 0.0925472 0.1515671 0.0955496 0.1606439 0.1631178 0.0921281 0.0000000 0.1667122 0.1540101 0.1611642 0.1387676 0.0884671 0.0859817 0.1573711 0.1611547 0.1507206 0.0950029 0.1218700 0.0824107 0.0883302 0.0831928 0.1216449 0.0532333 0.0933993 0.1643884 0.1524714 0.1534387 
Dasyuridae_Phascogale_calura                 0.1422163 0.1831501 0.1420669 0.1634880 0.1629601 0.0388341 0.1537906 0.1590437 0.1635306 0.1883588 0.1663399 0.0088786 0.0568438 0.1582731 0.1667122 0.0000000 0.0391249 0.0545288 0.1654805 0.1525972 0.1515038 0.1934727 0.1978206 0.0218549 0.1591324 0.1531708 0.1454197 0.1561564 0.1505643 0.1903282 0.1729843 0.1574461 0.1983028 0.0433866 0.1879460 
Dasyuridae_Sarcophilus_harrisii              0.1270967 0.1747954 0.1308224 0.1499556 0.1497460 0.0175799 0.1397088 0.1429443 0.1523686 0.1696332 0.1504482 0.0364587 0.0551189 0.1435758 0.1540101 0.0391249 0.0000000 0.0515713 0.1503281 0.1393019 0.1391237 0.1860657 0.1840749 0.0297757 0.1472276 0.1473994 0.1354927 0.1447894 0.1397410 0.1806524 0.1620285 0.1438063 0.1810882 0.0181111 0.1700293 
Dasyuridae_Planigale_tenuirostris            0.1367154 0.1818171 0.1389789 0.1552937 0.1559675 0.0508417 0.1509206 0.1567331 0.1601708 0.1835112 0.1604847 0.0536951 0.0411066 0.1542202 0.1611642 0.0545288 0.0515713 0.0000000 0.1614339 0.1457923 0.1458135 0.1999493 0.2028440 0.0517816 0.1529614 0.1539347 0.1466573 0.1504230 0.1470604 0.1913375 0.1715584 0.1535665 0.1921173 0.0537957 0.1834684 
Peramelidae_Echymipera_kalubu                0.1220551 0.1635962 0.1266621 0.1309874 0.1343075 0.1496962 0.1231554 0.1226906 0.1365173 0.0315429 0.1264674 0.1614990 0.1661497 0.1254553 0.1387676 0.1654805 0.1503281 0.1614339 0.0000000 0.1254678 0.1330713 0.1712326 0.1728113 0.1470376 0.1353482 0.1338554 0.1265860 0.1265414 0.1293643 0.1594432 0.1460057 0.1261982 0.0362398 0.1485895 0.0317779 
Macropodidae_Dorcopsulus_vanheurni           0.0778241 0.1303550 0.0858770 0.0281683 0.0308477 0.1371582 0.0780820 0.0821010 0.0312221 0.1408224 0.0889133 0.1498913 0.1507200 0.0851543 0.0884671 0.1525972 0.1393019 0.1457923 0.1254678 0.0000000 0.0889913 0.1496474 0.1527668 0.1452787 0.0530275 0.1129307 0.0826443 0.0133894 0.0857190 0.1222961 0.0967783 0.0858561 0.1511315 0.1391435 0.1407178 
Pseudochiridae_Pseudochirulus_forbesi        0.0859833 0.1329844 0.0868445 0.0957822 0.0962807 0.1389267 0.0898080 0.0939445 0.0953386 0.1460284 0.1022982 0.1492800 0.1495507 0.0952803 0.0859817 0.1515038 0.1391237 0.1458135 0.1330713 0.0889913 0.0000000 0.1453804 0.1548839 0.1433428 0.0910696 0.1220538 0.0394668 0.0904480 0.0178100 0.1116401 0.0947665 0.0965579 0.1649501 0.1384228 0.1467208 
Didelphidae_Didelphis_virginiana             0.1247252 0.1796233 0.1372931 0.1543671 0.1529081 0.1845607 0.1343221 0.1423278 0.1555143 0.1902692 0.1503802 0.1894443 0.1955984 0.1424383 0.1573711 0.1934727 0.1860657 0.1999493 0.1712326 0.1496474 0.1453804 0.0000000 0.0616315 0.1864188 0.1583588 0.1413159 0.1431072 0.1511050 0.1393030 0.1806080 0.1614136 0.1464601 0.1909143 0.1859212 0.1911654 
Marmosidae_Monodelphis_domestica             0.1345363 0.1762227 0.1414424 0.1583048 0.1605702 0.1824246 0.1392122 0.1446465 0.1566533 0.1875499 0.1510008 0.1941690 0.2034617 0.1453329 0.1611547 0.1978206 0.1840749 0.2028440 0.1728113 0.1527668 0.1548839 0.0616315 0.0000000 0.1870759 0.1582438 0.1505667 0.1450037 0.1538906 0.1481039 0.1952601 0.1661741 0.1460221 0.1975646 0.1842957 0.1912290 
Dasyuridae_Antechinus_stuartii               0.1231935 0.1751057 0.1302197 0.1532271 0.1517966 0.0314317 0.1357391 0.1411479 0.1529827 0.1698950 0.1466418 0.0187148 0.0538387 0.1394310 0.1507206 0.0218549 0.0297757 0.0517816 0.1470376 0.1452787 0.1433428 0.1864188 0.1870759 0.0000000 0.1513823 0.1390450 0.1415500 0.1472724 0.1422780 0.1629641 0.1653669 0.1390945 0.1716075 0.0349113 0.1696349 
Hypsiprymnodontidae_Hypsiprymnodon_moschatus 0.0771421 0.1346225 0.0844579 0.0583845 0.0602446 0.1442583 0.0798300 0.0838963 0.0567957 0.1463281 0.0905131 0.1554283 0.1590314 0.0864880 0.0950029 0.1591324 0.1472276 0.1529614 0.1353482 0.0530275 0.0910696 0.1583588 0.1582438 0.1513823 0.0000000 0.1174297 0.0915082 0.0523202 0.0903660 0.1318041 0.1048791 0.0871837 0.1602483 0.1465085 0.1444263 
Microbiotheriidae_Dromiciops_gliroides       0.1063276 0.1401724 0.0995803 0.1198450 0.1207023 0.1453326 0.1055203 0.1100764 0.1216735 0.1523770 0.1154975 0.1499774 0.1538911 0.1115923 0.1218700 0.1531708 0.1473994 0.1539347 0.1338554 0.1129307 0.1220538 0.1413159 0.1505667 0.1390450 0.1174297 0.0000000 0.1103857 0.1135303 0.1121227 0.1534267 0.1370588 0.1125276 0.1599571 0.1470621 0.1517998 
Pseudochiridae_Petauroides_volans            0.0759577 0.1321204 0.0794024 0.0890496 0.0901963 0.1352900 0.0813270 0.0833164 0.0902916 0.1401712 0.0921452 0.1416701 0.1459699 0.0869115 0.0824107 0.1454197 0.1354927 0.1466573 0.1265860 0.0826443 0.0394668 0.1431072 0.1450037 0.1415500 0.0915082 0.1103857 0.0000000 0.0840378 0.0350656 0.1005801 0.0964277 0.0876424 0.1488920 0.1332685 0.1400174 
Macropodidae_Wallabia_bicolor                0.0760767 0.1331914 0.0872164 0.0296730 0.0315740 0.1416796 0.0768504 0.0809155 0.0323574 0.1386732 0.0882155 0.1534260 0.1548306 0.0835108 0.0883302 0.1561564 0.1447894 0.1504230 0.1265414 0.0133894 0.0904480 0.1511050 0.1538906 0.1472724 0.0523202 0.1135303 0.0840378 0.0000000 0.0857142 0.1222111 0.0954421 0.0842131 0.1493376 0.1436689 0.1397718 
Pseudochiridae_Pseudocheirus_occidentalis    0.0810493 0.1359714 0.0835746 0.0907858 0.0921543 0.1385775 0.0832710 0.0860609 0.0908253 0.1437676 0.0922699 0.1477724 0.1461862 0.0883426 0.0831928 0.1505643 0.1397410 0.1470604 0.1293643 0.0857190 0.0178100 0.1393030 0.1481039 0.1422780 0.0903660 0.1121227 0.0350656 0.0857142 0.0000000 0.1012808 0.0941408 0.0891031 0.1539513 0.1385338 0.1446533 
Tarsipedidae_Tarsipes_rostratus              0.1253754 0.1693465 0.1224423 0.1288463 0.1282763 0.1784900 0.1156829 0.1162582 0.1281994 0.1758762 0.1262161 0.1857999 0.1891566 0.1208087 0.1216449 0.1903282 0.1806524 0.1913375 0.1594432 0.1222961 0.1116401 0.1806080 0.1952601 0.1629641 0.1318041 0.1534267 0.1005801 0.1222111 0.1012808 0.0000000 0.1353357 0.1215609 0.1804896 0.1804257 0.1794883 
Acrobatidae_Distoechurus_pennatus            0.0864534 0.1478641 0.0969241 0.1052734 0.1036766 0.1609508 0.0947398 0.0946669 0.1041019 0.1633129 0.1019173 0.1678257 0.1718809 0.0963455 0.0532333 0.1729843 0.1620285 0.1715584 0.1460057 0.0967783 0.0947665 0.1614136 0.1661741 0.1653669 0.1048791 0.1370588 0.0964277 0.0954421 0.0941408 0.1353357 0.0000000 0.0971256 0.1765718 0.1611805 0.1645457 
Phalangeridae_Phalanger_carmelitae           0.0801448 0.1313990 0.0820141 0.0875060 0.0890873 0.1393764 0.0214408 0.0143517 0.0912524 0.1442609 0.0191930 0.1540001 0.1547180 0.0043821 0.0933993 0.1574461 0.1438063 0.1535665 0.1261982 0.0858561 0.0965579 0.1464601 0.1460221 0.1390945 0.0871837 0.1125276 0.0876424 0.0842131 0.0891031 0.1215609 0.0971256 0.0000000 0.1516375 0.1446761 0.1466122 
Peramelidae_Peroryctes_raffrayana            0.1578628 0.1899825 0.1500265 0.1555429 0.1592235 0.1804477 0.1481138 0.1478381 0.1596800 0.0499277 0.1516082 0.1952544 0.1966322 0.1502101 0.1643884 0.1983028 0.1810882 0.1921173 0.0362398 0.1511315 0.1649501 0.1909143 0.1975646 0.1716075 0.1602483 0.1599571 0.1488920 0.1493376 0.1539513 0.1804896 0.1765718 0.1516375 0.0000000 0.1794289 0.0498377 
Dasyuridae_Dasyurus_geffroii                 0.1266712 0.1746946 0.1333710 0.1504734 0.1501890 0.0114246 0.1405241 0.1438058 0.1527795 0.1684157 0.1505927 0.0394879 0.0565817 0.1445043 0.1524714 0.0433866 0.0181111 0.0537957 0.1485895 0.1391435 0.1384228 0.1859212 0.1842957 0.0349113 0.1465085 0.1470621 0.1332685 0.1436689 0.1385338 0.1804257 0.1611805 0.1446761 0.1794289 0.0000000 0.1684263 
Peramelidae_Perameles_gunnii                 0.1293815 0.1760836 0.1442066 0.1453247 0.1466033 0.1710913 0.1437133 0.1438676 0.1469398 0.0000010 0.1483250 0.1843636 0.1880638 0.1452255 0.1534387 0.1879460 0.1700293 0.1834684 0.0317779 0.1407178 0.1467208 0.1911654 0.1912290 0.1696349 0.1444263 0.1517998 0.1400174 0.1397718 0.1446533 0.1794883 0.1645457 0.1466122 0.0498377 0.1684263 0.0000000 
