35
Burramyidae_Burramys_parvus                  0.0000000 0.0469134 0.0380095 0.0361792 0.0372767 0.0554954 0.0208150 0.0298479 0.0394502 0.0601204 0.0229896 0.0604770 0.0688929 0.0297049 0.0325895 0.0563594 0.0557769 0.0611110 0.0598679 0.0342199 0.0354491 0.0682955 0.0653585 0.0564284 0.0367496 0.0484770 0.0349024 0.0366440 0.0462246 0.0686701 0.0363746 0.0305956 0.0684605 0.0567635 0.0587392 
Notoryctidae_Notoryctes_typhlops             0.0469134 0.0000000 0.0492890 0.0501845 0.0505584 0.0615174 0.0325009 0.0464557 0.0526344 0.0655065 0.0336649 0.0659754 0.0727946 0.0467112 0.0461176 0.0625447 0.0615644 0.0668924 0.0635860 0.0469715 0.0464134 0.0722066 0.0693765 0.0625887 0.0519424 0.0508585 0.0468788 0.0509884 0.0632850 0.0870980 0.0495448 0.0469488 0.0689624 0.0630662 0.0634462 
Vombatidae_Lasiorhinus_latifrons             0.0380095 0.0492890 0.0000000 0.0399494 0.0400648 0.0538172 0.0269759 0.0366287 0.0417724 0.0559411 0.0303616 0.0587948 0.0670457 0.0380423 0.0391770 0.0549723 0.0541003 0.0612334 0.0552749 0.0362352 0.0404864 0.0693363 0.0658988 0.0561079 0.0401805 0.0479375 0.0407337 0.0413853 0.0513181 0.0757362 0.0381144 0.0378107 0.0662824 0.0560606 0.0550698 
Potoroidae_Bettongia_penicillata             0.0361792 0.0501845 0.0399494 0.0000000 0.0026817 0.0557667 0.0257585 0.0308572 0.0088679 0.0616656 0.0280548 0.0604849 0.0670912 0.0309039 0.0323310 0.0564180 0.0563102 0.0599761 0.0620712 0.0136832 0.0359125 0.0709809 0.0665413 0.0581268 0.0263040 0.0497468 0.0355847 0.0180556 0.0460272 0.0698133 0.0339342 0.0318200 0.0701531 0.0570626 0.0611063 
Potoroidae_Bettongia_lesueur                 0.0372767 0.0505584 0.0400648 0.0026817 0.0000000 0.0568824 0.0260330 0.0307636 0.0088593 0.0626168 0.0283335 0.0619828 0.0684982 0.0308107 0.0331998 0.0577996 0.0574270 0.0614048 0.0634936 0.0141087 0.0362721 0.0715714 0.0663363 0.0595351 0.0264560 0.0503827 0.0354881 0.0177872 0.0453723 0.0698558 0.0342985 0.0317239 0.0709919 0.0584365 0.0622635 
Dasyuridae_Dasyurus_maculatus                0.0554954 0.0615174 0.0538172 0.0557667 0.0568824 0.0000000 0.0301628 0.0561627 0.0586034 0.0696354 0.0346280 0.0140568 0.0296195 0.0560921 0.0574293 0.0124280 0.0028196 0.0223452 0.0691227 0.0528254 0.0563890 0.0810564 0.0772137 0.0135234 0.0554487 0.0648070 0.0569021 0.0593636 0.0761780 0.1015467 0.0586657 0.0558452 0.0786345 0.0032219 0.0681818 
Phalangeridae_Trichosurus_vulpecula          0.0208150 0.0325009 0.0269759 0.0257585 0.0260330 0.0301628 0.0000000 0.0108029 0.0283319 0.0358521 0.0127526 0.0327304 0.0439176 0.0088660 0.0197072 0.0310761 0.0290246 0.0382841 0.0366444 0.0237455 0.0242795 0.0485814 0.0448484 0.0312826 0.0229650 0.0316937 0.0240337 0.0276320 0.0394221 0.0617946 0.0215551 0.0086011 0.0429677 0.0307399 0.0363878 
Phalangeridae_Spilocuscus_maculatus          0.0298479 0.0464557 0.0366287 0.0308572 0.0307636 0.0561627 0.0108029 0.0000000 0.0325638 0.0593748 0.0060571 0.0590736 0.0648901 0.0074931 0.0281586 0.0557431 0.0559503 0.0595836 0.0596341 0.0281791 0.0337436 0.0668316 0.0665516 0.0548447 0.0333943 0.0451626 0.0326606 0.0317602 0.0435674 0.0680074 0.0338446 0.0062643 0.0681961 0.0579246 0.0589377 
Potoroidae_Aepyprymnus_rufescens             0.0394502 0.0526344 0.0417724 0.0088679 0.0088593 0.0586034 0.0283319 0.0325638 0.0000000 0.0657490 0.0306462 0.0634648 0.0709363 0.0326189 0.0331316 0.0593596 0.0596733 0.0637622 0.0653939 0.0151061 0.0379045 0.0741764 0.0699235 0.0610175 0.0277167 0.0515938 0.0380742 0.0202145 0.0493489 0.0729270 0.0354606 0.0335485 0.0712525 0.0601835 0.0644251 
Peramelidae_Perameles_nasuta                 0.0601204 0.0655065 0.0559411 0.0616656 0.0626168 0.0696354 0.0358521 0.0593748 0.0657490 0.0000000 0.0384152 0.0750093 0.0847487 0.0598770 0.0598695 0.0707550 0.0689005 0.0769117 0.0125199 0.0606767 0.0641974 0.0785988 0.0787261 0.0702258 0.0600258 0.0634526 0.0628435 0.0642979 0.0777030 0.1027018 0.0618019 0.0598777 0.0155944 0.0702055 0.0004132 
Phalangeridae_Strigocuscus_pelengensis       0.0229896 0.0336649 0.0303616 0.0280548 0.0283335 0.0346280 0.0127526 0.0060571 0.0306462 0.0384152 0.0000000 0.0366078 0.0493727 0.0046994 0.0215527 0.0343896 0.0334627 0.0424293 0.0391252 0.0271460 0.0276828 0.0535170 0.0498159 0.0351217 0.0252088 0.0362185 0.0254304 0.0293196 0.0425857 0.0639762 0.0263365 0.0044362 0.0437183 0.0352199 0.0394839 
Dasyuridae_Phascogale_tapoatafa              0.0604770 0.0659754 0.0587948 0.0604849 0.0619828 0.0140568 0.0327304 0.0590736 0.0634648 0.0750093 0.0366078 0.0000000 0.0342875 0.0584696 0.0615087 0.0021659 0.0135947 0.0240952 0.0748367 0.0570299 0.0594458 0.0845083 0.0812011 0.0057003 0.0601631 0.0666349 0.0610426 0.0640128 0.0866765 0.1140554 0.0609924 0.0584704 0.0863047 0.0149839 0.0732024 
Dasyuridae_Sminthopsis_macroura              0.0688929 0.0727946 0.0670457 0.0670912 0.0684982 0.0296195 0.0439176 0.0648901 0.0709363 0.0847487 0.0493727 0.0342875 0.0000000 0.0660216 0.0692025 0.0317761 0.0296135 0.0253211 0.0826617 0.0638698 0.0676877 0.0915788 0.0895168 0.0318657 0.0671394 0.0736397 0.0696577 0.0670941 0.0981351 0.1230309 0.0691494 0.0660223 0.0945912 0.0321073 0.0823583 
Phalangeridae_Phalanger_orientalis           0.0297049 0.0467112 0.0380423 0.0309039 0.0308107 0.0560921 0.0088660 0.0074931 0.0326189 0.0598770 0.0046994 0.0584696 0.0660216 0.0000000 0.0282693 0.0554257 0.0558808 0.0593679 0.0595449 0.0287030 0.0337675 0.0677444 0.0677273 0.0548418 0.0343629 0.0456153 0.0330052 0.0325199 0.0461649 0.0695734 0.0329905 0.0015923 0.0688496 0.0578445 0.0593455 
Acrobatidae_Acrobates_pygmaeus               0.0325895 0.0461176 0.0391770 0.0323310 0.0331998 0.0574293 0.0197072 0.0281586 0.0331316 0.0598695 0.0215527 0.0615087 0.0692025 0.0282693 0.0000000 0.0578267 0.0577166 0.0610289 0.0588802 0.0303479 0.0314061 0.0681530 0.0659670 0.0587229 0.0336875 0.0478728 0.0305935 0.0360918 0.0450170 0.0654074 0.0230873 0.0289433 0.0665791 0.0579602 0.0579344 
Dasyuridae_Phascogale_calura                 0.0563594 0.0625447 0.0549723 0.0564180 0.0577996 0.0124280 0.0310761 0.0557431 0.0593596 0.0707550 0.0343896 0.0021659 0.0317761 0.0554257 0.0578267 0.0000000 0.0120007 0.0237956 0.0702063 0.0537495 0.0568201 0.0814751 0.0779223 0.0050990 0.0565116 0.0631669 0.0578318 0.0595856 0.0774757 0.1025225 0.0582647 0.0554264 0.0801482 0.0132850 0.0695410 
Dasyuridae_Sarcophilus_harrisii              0.0557769 0.0615644 0.0541003 0.0563102 0.0574270 0.0028196 0.0290246 0.0559503 0.0596733 0.0689005 0.0334627 0.0135947 0.0296135 0.0558808 0.0577166 0.0120007 0.0000000 0.0223196 0.0678990 0.0533679 0.0566689 0.0804965 0.0766674 0.0130930 0.0562219 0.0642546 0.0571862 0.0596533 0.0775330 0.1030419 0.0589501 0.0556339 0.0774387 0.0040379 0.0674770 
Dasyuridae_Planigale_tenuirostris            0.0611110 0.0668924 0.0612334 0.0599761 0.0614048 0.0223452 0.0382841 0.0595836 0.0637622 0.0769117 0.0424293 0.0240952 0.0253211 0.0593679 0.0610289 0.0237956 0.0223196 0.0000000 0.0748460 0.0584817 0.0596934 0.0817912 0.0813232 0.0233621 0.0601431 0.0658948 0.0608797 0.0630597 0.0855883 0.1057825 0.0619417 0.0588552 0.0846256 0.0241653 0.0743998 
Peramelidae_Echymipera_kalubu                0.0598679 0.0635860 0.0552749 0.0620712 0.0634936 0.0691227 0.0366444 0.0596341 0.0653939 0.0125199 0.0391252 0.0748367 0.0826617 0.0595449 0.0588802 0.0702063 0.0678990 0.0748460 0.0000000 0.0589568 0.0637106 0.0767911 0.0782972 0.0695850 0.0595223 0.0630366 0.0624198 0.0651776 0.0797259 0.1028934 0.0611935 0.0595456 0.0148561 0.0696674 0.0124616 
Macropodidae_Dorcopsulus_vanheurni           0.0342199 0.0469715 0.0362352 0.0136832 0.0141087 0.0528254 0.0237455 0.0281791 0.0151061 0.0606767 0.0271460 0.0570299 0.0638698 0.0287030 0.0303479 0.0537495 0.0533679 0.0584817 0.0589568 0.0000000 0.0329695 0.0693905 0.0635145 0.0557361 0.0236363 0.0457456 0.0340560 0.0111297 0.0432369 0.0655310 0.0328815 0.0296231 0.0693392 0.0543790 0.0590568 
Pseudochiridae_Pseudochirulus_forbesi        0.0354491 0.0464134 0.0404864 0.0359125 0.0362721 0.0563890 0.0242795 0.0337436 0.0379045 0.0641974 0.0276828 0.0594458 0.0676877 0.0337675 0.0314061 0.0568201 0.0566689 0.0596934 0.0637106 0.0329695 0.0000000 0.0683833 0.0641572 0.0572259 0.0345764 0.0485034 0.0190912 0.0379406 0.0198769 0.0586765 0.0327379 0.0330870 0.0728916 0.0571555 0.0627363 
Didelphidae_Didelphis_virginiana             0.0682955 0.0722066 0.0693363 0.0709809 0.0715714 0.0810564 0.0485814 0.0668316 0.0741764 0.0785988 0.0535170 0.0845083 0.0915788 0.0677444 0.0681530 0.0814751 0.0804965 0.0817912 0.0767911 0.0693905 0.0683833 0.0000000 0.0258693 0.0827441 0.0699237 0.0672725 0.0702062 0.0740160 0.0917433 0.1201444 0.0684213 0.0674838 0.0867239 0.0819068 0.0770632 
Marmosidae_Monodelphis_domestica             0.0653585 0.0693765 0.0658988 0.0665413 0.0663363 0.0772137 0.0448484 0.0665516 0.0699235 0.0787261 0.0498159 0.0812011 0.0895168 0.0677273 0.0659670 0.0779223 0.0766674 0.0813232 0.0782972 0.0635145 0.0641572 0.0258693 0.0000000 0.0791899 0.0648025 0.0642381 0.0672421 0.0683341 0.0820043 0.1082649 0.0656926 0.0674694 0.0891797 0.0777742 0.0780154 
Dasyuridae_Antechinus_stuartii               0.0564284 0.0625887 0.0561079 0.0581268 0.0595351 0.0135234 0.0312826 0.0548447 0.0610175 0.0702258 0.0351217 0.0057003 0.0318657 0.0548418 0.0587229 0.0050990 0.0130930 0.0233621 0.0695850 0.0557361 0.0572259 0.0827441 0.0791899 0.0000000 0.0577247 0.0646573 0.0587038 0.0605097 0.0777677 0.0983290 0.0584841 0.0548424 0.0775512 0.0145980 0.0689541 
Hypsiprymnodontidae_Hypsiprymnodon_moschatus 0.0367496 0.0519424 0.0401805 0.0263040 0.0264560 0.0554487 0.0229650 0.0333943 0.0277167 0.0600258 0.0252088 0.0601631 0.0671394 0.0343629 0.0336875 0.0565116 0.0562219 0.0601431 0.0595223 0.0236363 0.0345764 0.0699237 0.0648025 0.0577247 0.0000000 0.0482651 0.0345240 0.0273296 0.0467880 0.0722567 0.0367806 0.0341308 0.0697384 0.0569682 0.0598011 
Microbiotheriidae_Dromiciops_gliroides       0.0484770 0.0508585 0.0479375 0.0497468 0.0503827 0.0648070 0.0316937 0.0451626 0.0515938 0.0634526 0.0362185 0.0666349 0.0736397 0.0456153 0.0478728 0.0631669 0.0642546 0.0658948 0.0630366 0.0457456 0.0485034 0.0672725 0.0642381 0.0646573 0.0482651 0.0000000 0.0468127 0.0501737 0.0614768 0.0852967 0.0492526 0.0453825 0.0715651 0.0661439 0.0620611 
Pseudochiridae_Petauroides_volans            0.0349024 0.0468788 0.0407337 0.0355847 0.0354881 0.0569021 0.0240337 0.0326606 0.0380742 0.0628435 0.0254304 0.0610426 0.0696577 0.0330052 0.0305935 0.0578318 0.0571862 0.0608797 0.0624198 0.0340560 0.0190912 0.0702062 0.0672421 0.0587038 0.0345240 0.0468127 0.0000000 0.0378343 0.0278546 0.0606024 0.0335697 0.0323192 0.0695558 0.0581791 0.0612038 
Macropodidae_Wallabia_bicolor                0.0366440 0.0509884 0.0413853 0.0180556 0.0177872 0.0593636 0.0276320 0.0317602 0.0202145 0.0642979 0.0293196 0.0640128 0.0670941 0.0325199 0.0360918 0.0595856 0.0596533 0.0630597 0.0651776 0.0111297 0.0379406 0.0740160 0.0683341 0.0605097 0.0273296 0.0501737 0.0378343 0.0000000 0.0498504 0.0732269 0.0391055 0.0331995 0.0750815 0.0606600 0.0634073 
Pseudochiridae_Pseudocheirus_occidentalis    0.0462246 0.0632850 0.0513181 0.0460272 0.0453723 0.0761780 0.0394221 0.0435674 0.0493489 0.0777030 0.0425857 0.0866765 0.0981351 0.0461649 0.0450170 0.0774757 0.0775330 0.0855883 0.0797259 0.0432369 0.0198769 0.0917433 0.0820043 0.0777677 0.0467880 0.0614768 0.0278546 0.0498504 0.0000000 0.0588646 0.0451658 0.0449935 0.0854360 0.0784141 0.0783848 
Tarsipedidae_Tarsipes_rostratus              0.0686701 0.0870980 0.0757362 0.0698133 0.0698558 0.1015467 0.0617946 0.0680074 0.0729270 0.1027018 0.0639762 0.1140554 0.1230309 0.0695734 0.0654074 0.1025225 0.1030419 0.1057825 0.1028934 0.0655310 0.0586765 0.1201444 0.1082649 0.0983290 0.0722567 0.0852967 0.0606024 0.0732269 0.0588646 0.0000000 0.0662932 0.0699800 0.1021164 0.1040038 0.1031781 
Acrobatidae_Distoechurus_pennatus            0.0363746 0.0495448 0.0381144 0.0339342 0.0342985 0.0586657 0.0215551 0.0338446 0.0354606 0.0618019 0.0263365 0.0609924 0.0691494 0.0329905 0.0230873 0.0582647 0.0589501 0.0619417 0.0611935 0.0328815 0.0327379 0.0684213 0.0656926 0.0584841 0.0367806 0.0492526 0.0335697 0.0391055 0.0451658 0.0662932 0.0000000 0.0332120 0.0720263 0.0594421 0.0607092 
Phalangeridae_Phalanger_carmelitae           0.0305956 0.0469488 0.0378107 0.0318200 0.0317239 0.0558452 0.0086011 0.0062643 0.0335485 0.0598777 0.0044362 0.0584704 0.0660223 0.0015923 0.0289433 0.0554264 0.0556339 0.0588552 0.0595456 0.0296231 0.0330870 0.0674838 0.0674694 0.0548424 0.0341308 0.0453825 0.0323192 0.0331995 0.0449935 0.0699800 0.0332120 0.0000000 0.0694864 0.0575962 0.0593462 
Peramelidae_Peroryctes_raffrayana            0.0684605 0.0689624 0.0662824 0.0701531 0.0709919 0.0786345 0.0429677 0.0681961 0.0712525 0.0155944 0.0437183 0.0863047 0.0945912 0.0688496 0.0665791 0.0801482 0.0774387 0.0846256 0.0148561 0.0693392 0.0728916 0.0867239 0.0891797 0.0775512 0.0697384 0.0715651 0.0695558 0.0750815 0.0854360 0.1021164 0.0720263 0.0694864 0.0000000 0.0790139 0.0155731 
Dasyuridae_Dasyurus_geffroii                 0.0567635 0.0630662 0.0560606 0.0570626 0.0584365 0.0032219 0.0307399 0.0579246 0.0601835 0.0702055 0.0352199 0.0149839 0.0321073 0.0578445 0.0579602 0.0132850 0.0040379 0.0241653 0.0696674 0.0543790 0.0571555 0.0819068 0.0777742 0.0145980 0.0569682 0.0661439 0.0581791 0.0606600 0.0784141 0.1040038 0.0594421 0.0575962 0.0790139 0.0000000 0.0687268 
Peramelidae_Perameles_gunnii                 0.0587392 0.0634462 0.0550698 0.0611063 0.0622635 0.0681818 0.0363878 0.0589377 0.0644251 0.0004132 0.0394839 0.0732024 0.0823583 0.0593455 0.0579344 0.0695410 0.0674770 0.0743998 0.0124616 0.0590568 0.0627363 0.0770632 0.0780154 0.0689541 0.0598011 0.0620611 0.0612038 0.0634073 0.0783848 0.1031781 0.0607092 0.0593462 0.0155731 0.0687268 0.0000000 
