35
Burramyidae_Burramys_parvus                  0.0000000 0.0701276 0.0414668 0.0582983 0.0598826 0.0541873 0.0339117 0.0379928 0.0567790 0.0690662 0.0415176 0.0551328 0.0508461 0.0339595 0.0486472 0.0501658 0.0564450 0.0664907 0.0644419 0.0604391 0.0932205 0.0915999 0.0547544 0.0476762 0.0514960 0.0552463 0.0589860 0.0330205 0.0706036 0.0600868 0.0624404 0.0509222 0.0475546 0.0517893 0.0418979 
Notoryctidae_Notoryctes_typhlops             0.0701276 0.0000000 0.0528351 0.0715192 0.0721532 0.0569629 0.0624204 0.0591489 0.0704515 0.0768087 0.0651761 0.0548664 0.0516265 0.0615659 0.0683277 0.0539752 0.0586644 0.0753436 0.0795622 0.0702806 0.0869248 0.0830327 0.0606517 0.0536816 0.0589587 0.0705268 0.0718421 0.0579463 0.0806414 0.0561201 0.0713869 0.0604765 0.0540253 0.0754526 0.0610244 
Vombatidae_Lasiorhinus_latifrons             0.0414668 0.0528351 0.0000000 0.0488701 0.0504339 0.0498299 0.0349264 0.0365727 0.0490587 0.0608163 0.0347857 0.0503846 0.0446267 0.0349691 0.0504096 0.0428367 0.0492488 0.0549978 0.0491883 0.0527897 0.0888597 0.0865016 0.0455357 0.0396043 0.0470567 0.0419051 0.0542810 0.0317232 0.0612047 0.0534518 0.0549823 0.0436793 0.0382740 0.0469721 0.0306523 
Potoroidae_Bettongia_penicillata             0.0582983 0.0715192 0.0488701 0.0000000 0.0030482 0.0637123 0.0495627 0.0522991 0.0055827 0.0730499 0.0509808 0.0591899 0.0665450 0.0503732 0.0562537 0.0506173 0.0667412 0.0766132 0.0118451 0.0556081 0.1124045 0.0995465 0.0220649 0.0546120 0.0540209 0.0121814 0.0576338 0.0480112 0.0822653 0.0651107 0.0739355 0.0594199 0.0485210 0.0543112 0.0408099 
Potoroidae_Bettongia_lesueur                 0.0598826 0.0721532 0.0504339 0.0030482 0.0000000 0.0635280 0.0496765 0.0522167 0.0065623 0.0760618 0.0518846 0.0599614 0.0664194 0.0519438 0.0564038 0.0523548 0.0666072 0.0791191 0.0153751 0.0572007 0.1077133 0.0983749 0.0235985 0.0570032 0.0557068 0.0157926 0.0594961 0.0495794 0.0811097 0.0667568 0.0744511 0.0569677 0.0474829 0.0555063 0.0419239 
Dasyuridae_Dasyurus_maculatus                0.0541873 0.0569629 0.0498299 0.0637123 0.0635280 0.0000000 0.0551171 0.0564556 0.0658452 0.0644869 0.0599147 0.0026695 0.0066446 0.0562055 0.0620467 0.0024385 0.0028766 0.0646773 0.0708930 0.0671791 0.0946609 0.0896727 0.0571191 0.0482222 0.0629541 0.0622237 0.0711186 0.0532843 0.0655063 0.0014447 0.0600701 0.0087352 0.0031953 0.0690928 0.0536704 
Phalangeridae_Trichosurus_vulpecula          0.0339117 0.0624204 0.0349264 0.0495627 0.0496765 0.0551171 0.0000000 0.0093001 0.0495935 0.0647527 0.0149600 0.0544712 0.0554146 0.0076244 0.0406707 0.0502453 0.0580672 0.0639595 0.0501600 0.0470611 0.0865458 0.0858279 0.0413360 0.0428630 0.0396893 0.0458688 0.0455213 0.0065670 0.0672330 0.0594433 0.0608191 0.0498485 0.0434339 0.0412860 0.0346579 
Phalangeridae_Spilocuscus_maculatus          0.0379928 0.0591489 0.0365727 0.0522991 0.0522167 0.0564556 0.0093001 0.0000000 0.0522792 0.0719154 0.0126805 0.0593962 0.0548010 0.0051334 0.0470775 0.0554445 0.0616544 0.0687321 0.0542817 0.0515060 0.0893858 0.0865393 0.0466584 0.0431236 0.0390101 0.0486150 0.0496608 0.0034336 0.0751739 0.0625099 0.0644735 0.0524768 0.0512737 0.0447755 0.0401134 
Potoroidae_Aepyprymnus_rufescens             0.0567790 0.0704515 0.0490587 0.0055827 0.0065623 0.0658452 0.0495935 0.0522792 0.0000000 0.0775429 0.0518973 0.0656265 0.0674378 0.0512549 0.0613756 0.0565516 0.0699811 0.0792676 0.0168639 0.0579804 0.1109186 0.1013791 0.0275261 0.0589783 0.0554882 0.0165663 0.0625106 0.0488853 0.0852842 0.0696631 0.0765891 0.0607371 0.0539520 0.0575951 0.0438996 
Peramelidae_Perameles_nasuta                 0.0690662 0.0768087 0.0608163 0.0730499 0.0760618 0.0644869 0.0647527 0.0719154 0.0775429 0.0000000 0.0682517 0.0586659 0.0574228 0.0674991 0.0701995 0.0586752 0.0647293 0.0061971 0.0762848 0.0751760 0.1209513 0.1132814 0.0651905 0.0629915 0.0664338 0.0676667 0.0677209 0.0649239 0.0068624 0.0654971 0.0004320 0.0565678 0.0553672 0.0602605 0.0589591 
Phalangeridae_Strigocuscus_pelengensis       0.0415176 0.0651761 0.0347857 0.0509808 0.0518846 0.0599147 0.0149600 0.0126805 0.0518973 0.0682517 0.0000000 0.0603962 0.0563246 0.0100963 0.0480546 0.0563368 0.0654615 0.0660663 0.0506108 0.0515616 0.0854410 0.0807597 0.0458050 0.0428382 0.0392230 0.0451169 0.0473579 0.0088621 0.0711555 0.0626251 0.0644913 0.0538752 0.0548712 0.0485188 0.0445937 
Dasyuridae_Phascogale_tapoatafa              0.0551328 0.0548664 0.0503846 0.0591899 0.0599614 0.0026695 0.0544712 0.0593962 0.0656265 0.0586659 0.0603962 0.0000000 0.0076202 0.0582626 0.0602750 0.0010922 0.0038303 0.0600278 0.0678563 0.0677871 0.0971754 0.0899005 0.0549815 0.0489667 0.0631323 0.0582316 0.0700757 0.0554534 0.0603205 0.0033334 0.0557752 0.0095602 0.0012680 0.0644724 0.0493967 
Dasyuridae_Sminthopsis_macroura              0.0508461 0.0516265 0.0446267 0.0665450 0.0664194 0.0066446 0.0554146 0.0548010 0.0674378 0.0574228 0.0563246 0.0076202 0.0000000 0.0536285 0.0619852 0.0082970 0.0065205 0.0537437 0.0716119 0.0612825 0.0940130 0.0847739 0.0604116 0.0475507 0.0600961 0.0612616 0.0653339 0.0508046 0.0581772 0.0070624 0.0510174 0.0030942 0.0080547 0.0618326 0.0488344 
Phalangeridae_Phalanger_orientalis           0.0339595 0.0615659 0.0349691 0.0503732 0.0519438 0.0562055 0.0076244 0.0051334 0.0512549 0.0674991 0.0100963 0.0582626 0.0536285 0.0000000 0.0446946 0.0532972 0.0613641 0.0643141 0.0492543 0.0488352 0.0884485 0.0856534 0.0440572 0.0437924 0.0380573 0.0466882 0.0426917 0.0019330 0.0724807 0.0604483 0.0620697 0.0499959 0.0499389 0.0445451 0.0388812 
Acrobatidae_Acrobates_pygmaeus               0.0486472 0.0683277 0.0504096 0.0562537 0.0564038 0.0620467 0.0406707 0.0470775 0.0613756 0.0701995 0.0480546 0.0602750 0.0619852 0.0446946 0.0000000 0.0571486 0.0653495 0.0719823 0.0629816 0.0516545 0.1043838 0.0987516 0.0563166 0.0528831 0.0486093 0.0585632 0.0526232 0.0428822 0.0685779 0.0671630 0.0673776 0.0515533 0.0485018 0.0441358 0.0119281 
Dasyuridae_Phascogale_calura                 0.0501658 0.0539752 0.0428367 0.0506173 0.0523548 0.0024385 0.0502453 0.0554445 0.0565516 0.0586752 0.0563368 0.0010922 0.0082970 0.0532972 0.0571486 0.0000000 0.0039716 0.0592319 0.0604858 0.0642888 0.0950431 0.0873532 0.0479811 0.0444047 0.0607154 0.0514461 0.0670947 0.0513372 0.0593376 0.0036479 0.0549563 0.0095411 0.0012709 0.0616701 0.0456601 
Dasyuridae_Sarcophilus_harrisii              0.0564450 0.0586644 0.0492488 0.0667412 0.0666072 0.0028766 0.0580672 0.0616544 0.0699811 0.0647293 0.0654615 0.0038303 0.0065205 0.0613641 0.0653495 0.0039716 0.0000000 0.0646115 0.0753125 0.0701594 0.0996817 0.0934705 0.0570879 0.0491127 0.0683899 0.0636749 0.0758492 0.0582563 0.0667561 0.0038312 0.0602236 0.0096068 0.0048593 0.0679769 0.0548003 
Peramelidae_Echymipera_kalubu                0.0664907 0.0753436 0.0549978 0.0766132 0.0791191 0.0646773 0.0639595 0.0687321 0.0792676 0.0061971 0.0660663 0.0600278 0.0537437 0.0643141 0.0719823 0.0592319 0.0646115 0.0000000 0.0792375 0.0740107 0.1044616 0.0960345 0.0695135 0.0599164 0.0680353 0.0694559 0.0726965 0.0640938 0.0050510 0.0645088 0.0061019 0.0562901 0.0586641 0.0671002 0.0580400 
Macropodidae_Dorcopsulus_vanheurni           0.0644419 0.0795622 0.0491883 0.0118451 0.0153751 0.0708930 0.0501600 0.0542817 0.0168639 0.0762848 0.0506108 0.0678563 0.0716119 0.0492543 0.0629816 0.0604858 0.0753125 0.0792375 0.0000000 0.0588993 0.1097990 0.1053909 0.0311203 0.0628847 0.0573445 0.0103240 0.0626131 0.0500611 0.0849479 0.0719094 0.0753757 0.0642629 0.0594005 0.0587702 0.0460869 
Pseudochiridae_Pseudochirulus_forbesi        0.0604391 0.0702806 0.0527897 0.0556081 0.0572007 0.0671791 0.0470611 0.0515060 0.0579804 0.0751760 0.0515616 0.0677871 0.0612825 0.0488352 0.0516545 0.0642888 0.0701594 0.0740107 0.0588993 0.0000000 0.1040977 0.0991370 0.0508151 0.0541985 0.0249334 0.0513046 0.0112048 0.0486705 0.0817212 0.0712600 0.0708077 0.0590102 0.0665687 0.0507215 0.0419923 
Didelphidae_Didelphis_virginiana             0.0932205 0.0869248 0.0888597 0.1124045 0.1077133 0.0946609 0.0865458 0.0893858 0.1109186 0.1209513 0.0854410 0.0971754 0.0940130 0.0884485 0.1043838 0.0950431 0.0996817 0.1044616 0.1097990 0.1040977 0.0000000 0.0359741 0.0997780 0.0836437 0.0934176 0.1068542 0.1062301 0.0881474 0.1162163 0.0985682 0.0992245 0.1003232 0.0865414 0.1039860 0.0985011 
Marmosidae_Monodelphis_domestica             0.0915999 0.0830327 0.0865016 0.0995465 0.0983749 0.0896727 0.0858279 0.0865393 0.1013791 0.1132814 0.0807597 0.0899005 0.0847739 0.0856534 0.0987516 0.0873532 0.0934705 0.0960345 0.1053909 0.0991370 0.0359741 0.0000000 0.0896285 0.0812478 0.0925641 0.0978436 0.1045464 0.0853478 0.1099054 0.0913254 0.0942186 0.0894740 0.0834822 0.1077759 0.0969210 
Hypsiprymnodontidae_Hypsiprymnodon_moschatus 0.0547544 0.0606517 0.0455357 0.0220649 0.0235985 0.0571191 0.0413360 0.0466584 0.0275261 0.0651905 0.0458050 0.0549815 0.0604116 0.0440572 0.0563166 0.0479811 0.0570879 0.0695135 0.0311203 0.0508151 0.0997780 0.0896285 0.0000000 0.0477615 0.0474259 0.0267156 0.0519216 0.0424555 0.0740897 0.0589811 0.0667861 0.0512385 0.0456487 0.0524367 0.0369468 
Microbiotheriidae_Dromiciops_gliroides       0.0476762 0.0536816 0.0396043 0.0546120 0.0570032 0.0482222 0.0428630 0.0431236 0.0589783 0.0629915 0.0428382 0.0489667 0.0475507 0.0437924 0.0528831 0.0444047 0.0491127 0.0599164 0.0628847 0.0541985 0.0836437 0.0812478 0.0477615 0.0000000 0.0460070 0.0521359 0.0522311 0.0404067 0.0635876 0.0539826 0.0561735 0.0444373 0.0382388 0.0470110 0.0400065 
Pseudochiridae_Petauroides_volans            0.0514960 0.0589587 0.0470567 0.0540209 0.0557068 0.0629541 0.0396893 0.0390101 0.0554882 0.0664338 0.0392230 0.0631323 0.0600961 0.0380573 0.0486093 0.0607154 0.0683899 0.0680353 0.0573445 0.0249334 0.0934176 0.0925641 0.0474259 0.0460070 0.0000000 0.0465305 0.0254708 0.0379263 0.0721004 0.0663191 0.0662201 0.0625906 0.0619780 0.0418482 0.0394837 
Macropodidae_Wallabia_bicolor                0.0552463 0.0705268 0.0419051 0.0121814 0.0157926 0.0622237 0.0458688 0.0486150 0.0165663 0.0676667 0.0451169 0.0582316 0.0612616 0.0466882 0.0585632 0.0514461 0.0636749 0.0694559 0.0103240 0.0513046 0.1068542 0.0978436 0.0267156 0.0521359 0.0465305 0.0000000 0.0585564 0.0457771 0.0762452 0.0631280 0.0667299 0.0556605 0.0497048 0.0491511 0.0346723 
Pseudochiridae_Pseudocheirus_occidentalis    0.0589860 0.0718421 0.0542810 0.0576338 0.0594961 0.0711186 0.0455213 0.0496608 0.0625106 0.0677209 0.0473579 0.0700757 0.0653339 0.0426917 0.0526232 0.0670947 0.0758492 0.0726965 0.0626131 0.0112048 0.1062301 0.1045464 0.0519216 0.0522311 0.0254708 0.0585564 0.0000000 0.0444839 0.0796937 0.0748711 0.0677667 0.0615630 0.0692365 0.0458866 0.0510223 
Phalangeridae_Phalanger_carmelitae           0.0330205 0.0579463 0.0317232 0.0480112 0.0495794 0.0532843 0.0065670 0.0034336 0.0488853 0.0649239 0.0088621 0.0554534 0.0508046 0.0019330 0.0428822 0.0513372 0.0582563 0.0640938 0.0500611 0.0486705 0.0881474 0.0853478 0.0424555 0.0404067 0.0379263 0.0457771 0.0444839 0.0000000 0.0690661 0.0576663 0.0600496 0.0463883 0.0477702 0.0413620 0.0367956 
Peramelidae_Peroryctes_raffrayana            0.0706036 0.0806414 0.0612047 0.0822653 0.0811097 0.0655063 0.0672330 0.0751739 0.0852842 0.0068624 0.0711555 0.0603205 0.0581772 0.0724807 0.0685779 0.0593376 0.0667561 0.0050510 0.0849479 0.0817212 0.1162163 0.1099054 0.0740897 0.0635876 0.0721004 0.0762452 0.0796937 0.0690661 0.0000000 0.0663315 0.0060229 0.0525902 0.0541842 0.0676777 0.0551356 
Dasyuridae_Dasyurus_geffroii                 0.0600868 0.0561201 0.0534518 0.0651107 0.0667568 0.0014447 0.0594433 0.0625099 0.0696631 0.0654971 0.0626251 0.0033334 0.0070624 0.0604483 0.0671630 0.0036479 0.0038312 0.0645088 0.0719094 0.0712600 0.0985682 0.0913254 0.0589811 0.0539826 0.0663191 0.0631280 0.0748711 0.0576663 0.0663315 0.0000000 0.0601698 0.0087170 0.0042772 0.0713986 0.0557965 
Peramelidae_Perameles_gunnii                 0.0624404 0.0713869 0.0549823 0.0739355 0.0744511 0.0600701 0.0608191 0.0644735 0.0765891 0.0004320 0.0644913 0.0557752 0.0510174 0.0620697 0.0673776 0.0549563 0.0602236 0.0061019 0.0753757 0.0708077 0.0992245 0.0942186 0.0667861 0.0561735 0.0662201 0.0667299 0.0677667 0.0600496 0.0060229 0.0601698 0.0000000 0.0506541 0.0538709 0.0664896 0.0565992 
Dasyuridae_Planigale_tenuirostris            0.0509222 0.0604765 0.0436793 0.0594199 0.0569677 0.0087352 0.0498485 0.0524768 0.0607371 0.0565678 0.0538752 0.0095602 0.0030942 0.0499959 0.0515533 0.0095411 0.0096068 0.0562901 0.0642629 0.0590102 0.1003232 0.0894740 0.0512385 0.0444373 0.0625906 0.0556605 0.0615630 0.0463883 0.0525902 0.0087170 0.0506541 0.0000000 0.0104741 0.0674878 0.0498770 
Dasyuridae_Antechinus_stuartii               0.0475546 0.0540253 0.0382740 0.0485210 0.0474829 0.0031953 0.0434339 0.0512737 0.0539520 0.0553672 0.0548712 0.0012680 0.0080547 0.0499389 0.0485018 0.0012709 0.0048593 0.0586641 0.0594005 0.0665687 0.0865414 0.0834822 0.0456487 0.0382388 0.0619780 0.0497048 0.0692365 0.0477702 0.0541842 0.0042772 0.0538709 0.0104741 0.0000000 0.0637526 0.0477499 
Tarsipedidae_Tarsipes_rostratus              0.0517893 0.0754526 0.0469721 0.0543112 0.0555063 0.0690928 0.0412860 0.0447755 0.0575951 0.0602605 0.0485188 0.0644724 0.0618326 0.0445451 0.0441358 0.0616701 0.0679769 0.0671002 0.0587702 0.0507215 0.1039860 0.1077759 0.0524367 0.0470110 0.0418482 0.0491511 0.0458866 0.0413620 0.0676777 0.0713986 0.0664896 0.0674878 0.0637526 0.0000000 0.0432846 
Acrobatidae_Distoechurus_pennatus            0.0418979 0.0610244 0.0306523 0.0408099 0.0419239 0.0536704 0.0346579 0.0401134 0.0438996 0.0589591 0.0445937 0.0493967 0.0488344 0.0388812 0.0119281 0.0456601 0.0548003 0.0580400 0.0460869 0.0419923 0.0985011 0.0969210 0.0369468 0.0400065 0.0394837 0.0346723 0.0510223 0.0367956 0.0551356 0.0557965 0.0565992 0.0498770 0.0477499 0.0432846 0.0000000 
