35
Burramyidae_Burramys_parvus                  0.0000000 0.0853059 0.0602584 0.0705903 0.0846907 0.2165018 0.0517515 0.0614450 0.0792727 0.0989465 0.0605687 0.2208222 0.1988487 0.0603597 0.0843193 0.1981517 0.2284833 0.2268688 0.1155866 0.0651565 0.0667113 0.1733478 0.2467357 0.1947322 0.0920234 0.0910629 0.0661485 0.0743269 0.0655301 0.1222252 0.0686135 0.0630190 0.1111137 0.2255643 0.1023321 
Notoryctidae_Notoryctes_typhlops             0.0853059 0.0000000 0.0876990 0.0931276 0.1064398 0.2200155 0.1064255 0.0951102 0.0984293 0.1167215 0.0996206 0.2224671 0.1835597 0.0961266 0.1316392 0.1898017 0.2279987 0.2388904 0.1239913 0.0905634 0.1024287 0.1913528 0.2601693 0.1996418 0.1170200 0.1070380 0.0953050 0.0956647 0.1079254 0.1527141 0.1160999 0.0989215 0.1161491 0.2244140 0.1180239 
Vombatidae_Lasiorhinus_latifrons             0.0602584 0.0876990 0.0000000 0.0617853 0.0714844 0.2114400 0.0668831 0.0658746 0.0629978 0.1084210 0.0664096 0.2170153 0.1785312 0.0596823 0.0783372 0.1877768 0.2174913 0.2304368 0.1172488 0.0528130 0.0676567 0.1820674 0.2255385 0.1907115 0.0759148 0.0795725 0.0646752 0.0603551 0.0647433 0.1101758 0.0853344 0.0632353 0.1136804 0.2131795 0.1095752 
Potoroidae_Bettongia_penicillata             0.0705903 0.0931276 0.0617853 0.0000000 0.0069101 0.2276751 0.0797995 0.0727027 0.0086990 0.1119716 0.0754916 0.2350106 0.2033613 0.0766895 0.0937246 0.2084169 0.2281207 0.2501191 0.1181817 0.0188245 0.0769642 0.1927691 0.2402893 0.2050844 0.0571826 0.1001794 0.0666935 0.0198733 0.0716670 0.1257114 0.0838738 0.0827525 0.1182759 0.2287437 0.1131456 
Potoroidae_Bettongia_lesueur                 0.0846907 0.1064398 0.0714844 0.0069101 0.0000000 0.2404206 0.0875427 0.0837146 0.0119941 0.1261207 0.0833643 0.2449718 0.2186199 0.0866364 0.1048404 0.2197782 0.2440556 0.2654337 0.1288003 0.0231758 0.0890108 0.2026773 0.2554672 0.2166928 0.0658158 0.1094691 0.0786248 0.0223654 0.0825646 0.1373268 0.0953766 0.0882370 0.1314837 0.2415716 0.1272890 
Dasyuridae_Dasyurus_maculatus                0.2165018 0.2200155 0.2114400 0.2276751 0.2404206 0.0000000 0.2152712 0.2214108 0.2295254 0.2366709 0.2255403 0.0135324 0.0231008 0.2187216 0.2492767 0.0169204 0.0071193 0.0298343 0.2426380 0.2250719 0.2240934 0.2560960 0.2789084 0.0150156 0.2505772 0.2260588 0.2141710 0.2314514 0.2116915 0.2677732 0.2447903 0.2285341 0.2329492 0.0057005 0.2379667 
Phalangeridae_Trichosurus_vulpecula          0.0517515 0.1064255 0.0668831 0.0797995 0.0875427 0.2152712 0.0000000 0.0156362 0.0763962 0.1199346 0.0139960 0.2250904 0.1930552 0.0143827 0.0929410 0.1992173 0.2181332 0.2408047 0.1290256 0.0731568 0.0653570 0.1747173 0.2490048 0.1971172 0.0963249 0.0985560 0.0648877 0.0804774 0.0697901 0.1169990 0.0867126 0.0145116 0.1280389 0.2188372 0.1189841 
Phalangeridae_Spilocuscus_maculatus          0.0614450 0.0951102 0.0658746 0.0727027 0.0837146 0.2214108 0.0156362 0.0000000 0.0769643 0.1134737 0.0064275 0.2298366 0.1947984 0.0098176 0.0858129 0.2016208 0.2271459 0.2391552 0.1264960 0.0768445 0.0681266 0.1730511 0.2590653 0.2052608 0.0936392 0.0968470 0.0667065 0.0761264 0.0771208 0.1172877 0.0767000 0.0108231 0.1233316 0.2218570 0.1125151 
Potoroidae_Aepyprymnus_rufescens             0.0792727 0.0984293 0.0629978 0.0086990 0.0119941 0.2295254 0.0763962 0.0769643 0.0000000 0.1157174 0.0777418 0.2338666 0.2085757 0.0734225 0.1000240 0.2083364 0.2328553 0.2570895 0.1184239 0.0167219 0.0849099 0.1882933 0.2478788 0.2069132 0.0512842 0.1072965 0.0753500 0.0180781 0.0785985 0.1291152 0.0860605 0.0782257 0.1209712 0.2332953 0.1168874 
Peramelidae_Perameles_nasuta                 0.0989465 0.1167215 0.1084210 0.1119716 0.1261207 0.2366709 0.1199346 0.1134737 0.1157174 0.0000000 0.1208295 0.2268034 0.1969515 0.1154491 0.1442957 0.2078939 0.2351350 0.2410268 0.0112966 0.1066709 0.1174240 0.1963382 0.2325521 0.2007128 0.1316258 0.1209593 0.1063220 0.1162666 0.1211935 0.1632865 0.1342183 0.1200768 0.0103866 0.2334616 0.0006579 
Phalangeridae_Strigocuscus_pelengensis       0.0605687 0.0996206 0.0664096 0.0754916 0.0833643 0.2255403 0.0139960 0.0064275 0.0777418 0.1208295 0.0000000 0.2310807 0.1948259 0.0069282 0.0871634 0.2100586 0.2195189 0.2255127 0.1374547 0.0754641 0.0664273 0.1754797 0.2581752 0.2072645 0.0984061 0.0975115 0.0681114 0.0811153 0.0745957 0.1210414 0.0827342 0.0072671 0.1322085 0.2232185 0.1199374 
Dasyuridae_Phascogale_tapoatafa              0.2208222 0.2224671 0.2170153 0.2350106 0.2449718 0.0135324 0.2250904 0.2298366 0.2338666 0.2268034 0.2310807 0.0000000 0.0238351 0.2213966 0.2566449 0.0035607 0.0156300 0.0388740 0.2368632 0.2309599 0.2312722 0.2666844 0.2717381 0.0086627 0.2552016 0.2297772 0.2219572 0.2349738 0.2201207 0.2668034 0.2500234 0.2271294 0.2245855 0.0140898 0.2280865 
Dasyuridae_Sminthopsis_macroura              0.1988487 0.1835597 0.1785312 0.2033613 0.2186199 0.0231008 0.1930552 0.1947984 0.2085757 0.1969515 0.1948259 0.0238351 0.0000000 0.1828227 0.2261326 0.0265848 0.0256533 0.0273694 0.2175396 0.2024908 0.1976824 0.2586553 0.2633692 0.0219959 0.2277671 0.2011629 0.1903079 0.1965735 0.1866155 0.2494081 0.2142618 0.1942673 0.2049542 0.0212119 0.1957982 
Phalangeridae_Phalanger_orientalis           0.0603597 0.0961266 0.0596823 0.0766895 0.0866364 0.2187216 0.0143827 0.0098176 0.0734225 0.1154491 0.0069282 0.2213966 0.1828227 0.0000000 0.0840350 0.1987065 0.2159500 0.2338319 0.1332547 0.0657920 0.0699307 0.1740214 0.2504022 0.1980992 0.0886025 0.0883174 0.0685554 0.0746693 0.0723683 0.1151680 0.0849883 0.0029618 0.1309643 0.2136323 0.1145044 
Acrobatidae_Acrobates_pygmaeus               0.0843193 0.1316392 0.0783372 0.0937246 0.1048404 0.2492767 0.0929410 0.0858129 0.1000240 0.1442957 0.0871634 0.2566449 0.2261326 0.0840350 0.0000000 0.2318630 0.2496779 0.2647550 0.1509054 0.0949859 0.0805960 0.2120464 0.2657739 0.2373984 0.0959776 0.1226759 0.0610781 0.0983096 0.0721155 0.1229153 0.0453956 0.0856696 0.1480678 0.2575975 0.1445749 
Dasyuridae_Phascogale_calura                 0.1981517 0.1898017 0.1877768 0.2084169 0.2197782 0.0169204 0.1992173 0.2016208 0.2083364 0.2078939 0.2100586 0.0035607 0.0265848 0.1987065 0.2318630 0.0000000 0.0189203 0.0423093 0.2228251 0.2034655 0.2108138 0.2615232 0.2684110 0.0108790 0.2361159 0.2057354 0.1935019 0.2117917 0.1947960 0.2459694 0.2224316 0.2053819 0.2103271 0.0168769 0.2093778 
Dasyuridae_Sarcophilus_harrisii              0.2284833 0.2279987 0.2174913 0.2281207 0.2440556 0.0071193 0.2181332 0.2271459 0.2328553 0.2351350 0.2195189 0.0156300 0.0256533 0.2159500 0.2496779 0.0189203 0.0000000 0.0352495 0.2410681 0.2254151 0.2331169 0.2668143 0.2807011 0.0176907 0.2632432 0.2290761 0.2203274 0.2301020 0.2226476 0.2745581 0.2526560 0.2256605 0.2331498 0.0064076 0.2364200 
Dasyuridae_Planigale_tenuirostris            0.2268688 0.2388904 0.2304368 0.2501191 0.2654337 0.0298343 0.2408047 0.2391552 0.2570895 0.2410268 0.2255127 0.0388740 0.0273694 0.2338319 0.2647550 0.0423093 0.0352495 0.0000000 0.2427033 0.2494588 0.2374258 0.2858887 0.3370032 0.0330918 0.2769437 0.2273359 0.2342193 0.2471076 0.2303802 0.2932646 0.2710144 0.2452523 0.2460300 0.0316828 0.2415841 
Peramelidae_Echymipera_kalubu                0.1155866 0.1239913 0.1172488 0.1181817 0.1288003 0.2426380 0.1290256 0.1264960 0.1184239 0.0112966 0.1374547 0.2368632 0.2175396 0.1332547 0.1509054 0.2228251 0.2410681 0.2427033 0.0000000 0.1106115 0.1279054 0.2042395 0.2472311 0.2273503 0.1385841 0.1326833 0.1188271 0.1190081 0.1306287 0.1770122 0.1394603 0.1381436 0.0099794 0.2411296 0.0112972 
Macropodidae_Dorcopsulus_vanheurni           0.0651565 0.0905634 0.0528130 0.0188245 0.0231758 0.2250719 0.0731568 0.0768445 0.0167219 0.1066709 0.0754641 0.2309599 0.2024908 0.0657920 0.0949859 0.2034655 0.2254151 0.2494588 0.1106115 0.0000000 0.0770971 0.1782070 0.2339664 0.2065604 0.0445230 0.0925992 0.0725230 0.0086625 0.0699068 0.1226981 0.0804247 0.0702971 0.1120253 0.2243325 0.1078245 
Pseudochiridae_Pseudochirulus_forbesi        0.0667113 0.1024287 0.0676567 0.0769642 0.0890108 0.2240934 0.0653570 0.0681266 0.0849099 0.1174240 0.0664273 0.2312722 0.1976824 0.0699307 0.0805960 0.2108138 0.2331169 0.2374258 0.1279054 0.0770971 0.0000000 0.1798495 0.2284842 0.2059958 0.0910502 0.0931550 0.0239455 0.0753235 0.0157729 0.0903705 0.0793167 0.0714165 0.1243408 0.2305735 0.1185621 
Didelphidae_Didelphis_virginiana             0.1733478 0.1913528 0.1820674 0.1927691 0.2026773 0.2560960 0.1747173 0.1730511 0.1882933 0.1963382 0.1754797 0.2666844 0.2586553 0.1740214 0.2120464 0.2615232 0.2668143 0.2858887 0.2042395 0.1782070 0.1798495 0.0000000 0.1106159 0.2479463 0.1991400 0.1904545 0.1909177 0.1852824 0.1823616 0.2148628 0.1989331 0.1807690 0.1935885 0.2652546 0.1990686 
Marmosidae_Monodelphis_domestica             0.2467357 0.2601693 0.2255385 0.2402893 0.2554672 0.2789084 0.2490048 0.2590653 0.2478788 0.2325521 0.2581752 0.2717381 0.2633692 0.2504022 0.2657739 0.2684110 0.2807011 0.3370032 0.2472311 0.2339664 0.2284842 0.1106159 0.0000000 0.2507324 0.2818003 0.2295479 0.2127872 0.2373138 0.2389866 0.2449057 0.2466524 0.2596963 0.2389076 0.2766033 0.2343201 
Dasyuridae_Antechinus_stuartii               0.1947322 0.1996418 0.1907115 0.2050844 0.2166928 0.0150156 0.1971172 0.2052608 0.2069132 0.2007128 0.2072645 0.0086627 0.0219959 0.1980992 0.2373984 0.0108790 0.0176907 0.0330918 0.2273503 0.2065604 0.2059958 0.2479463 0.2507324 0.0000000 0.2322062 0.2084829 0.1958865 0.2115519 0.2003792 0.2505272 0.2226967 0.2034009 0.2149272 0.0145478 0.2047787 
Hypsiprymnodontidae_Hypsiprymnodon_moschatus 0.0920234 0.1170200 0.0759148 0.0571826 0.0658158 0.2505772 0.0963249 0.0936392 0.0512842 0.1316258 0.0984061 0.2552016 0.2277671 0.0886025 0.0959776 0.2361159 0.2632432 0.2769437 0.1385841 0.0445230 0.0910502 0.1991400 0.2818003 0.2322062 0.0000000 0.1210299 0.0903096 0.0487692 0.0832793 0.1445218 0.1041956 0.0937981 0.1450891 0.2605930 0.1328083 
Microbiotheriidae_Dromiciops_gliroides       0.0910629 0.1070380 0.0795725 0.1001794 0.1094691 0.2260588 0.0985560 0.0968470 0.1072965 0.1209593 0.0975115 0.2297772 0.2011629 0.0883174 0.1226759 0.2057354 0.2290761 0.2273359 0.1326833 0.0925992 0.0931550 0.1904545 0.2295479 0.2084829 0.1210299 0.0000000 0.1021248 0.0985070 0.0888954 0.1535315 0.1170013 0.0934783 0.1259948 0.2292366 0.1219661 
Pseudochiridae_Petauroides_volans            0.0661485 0.0953050 0.0646752 0.0666935 0.0786248 0.2141710 0.0648877 0.0667065 0.0753500 0.1063220 0.0681114 0.2219572 0.1903079 0.0685554 0.0610781 0.1935019 0.2203274 0.2342193 0.1188271 0.0725230 0.0239455 0.1909177 0.2127872 0.1958865 0.0903096 0.1021248 0.0000000 0.0770056 0.0262237 0.0776968 0.0647024 0.0722006 0.1223752 0.2234765 0.1074810 
Macropodidae_Wallabia_bicolor                0.0743269 0.0956647 0.0603551 0.0198733 0.0223654 0.2314514 0.0804774 0.0761264 0.0180781 0.1162666 0.0811153 0.2349738 0.1965735 0.0746693 0.0983096 0.2117917 0.2301020 0.2471076 0.1190081 0.0086625 0.0753235 0.1852824 0.2373138 0.2115519 0.0487692 0.0985070 0.0770056 0.0000000 0.0768149 0.1296412 0.0809195 0.0797171 0.1203529 0.2321960 0.1174335 
Pseudochiridae_Pseudocheirus_occidentalis    0.0655301 0.1079254 0.0647433 0.0716670 0.0825646 0.2116915 0.0697901 0.0771208 0.0785985 0.1211935 0.0745957 0.2201207 0.1866155 0.0723683 0.0721155 0.1947960 0.2226476 0.2303802 0.1306287 0.0699068 0.0157729 0.1823616 0.2389866 0.2003792 0.0832793 0.0888954 0.0262237 0.0768149 0.0000000 0.0855255 0.0727689 0.0772082 0.1283656 0.2230040 0.1223503 
Tarsipedidae_Tarsipes_rostratus              0.1222252 0.1527141 0.1101758 0.1257114 0.1373268 0.2677732 0.1169990 0.1172877 0.1291152 0.1632865 0.1210414 0.2668034 0.2494081 0.1151680 0.1229153 0.2459694 0.2745581 0.2932646 0.1770122 0.1226981 0.0903705 0.2148628 0.2449057 0.2505272 0.1445218 0.1535315 0.0776968 0.1296412 0.0855255 0.0000000 0.1249099 0.1215760 0.1727270 0.2779694 0.1645901 
Acrobatidae_Distoechurus_pennatus            0.0686135 0.1160999 0.0853344 0.0838738 0.0953766 0.2447903 0.0867126 0.0767000 0.0860605 0.1342183 0.0827342 0.2500234 0.2142618 0.0849883 0.0453956 0.2224316 0.2526560 0.2710144 0.1394603 0.0804247 0.0793167 0.1989331 0.2466524 0.2226967 0.1041956 0.1170013 0.0647024 0.0809195 0.0727689 0.1249099 0.0000000 0.0864972 0.1408383 0.2574865 0.1344765 
Phalangeridae_Phalanger_carmelitae           0.0630190 0.0989215 0.0632353 0.0827525 0.0882370 0.2285341 0.0145116 0.0108231 0.0782257 0.1200768 0.0072671 0.2271294 0.1942673 0.0029618 0.0856696 0.2053819 0.2256605 0.2452523 0.1381436 0.0702971 0.0714165 0.1807690 0.2596963 0.2034009 0.0937981 0.0934783 0.0722006 0.0797171 0.0772082 0.1215760 0.0864972 0.0000000 0.1383924 0.2232724 0.1191262 
Peramelidae_Peroryctes_raffrayana            0.1111137 0.1161491 0.1136804 0.1182759 0.1314837 0.2329492 0.1280389 0.1233316 0.1209712 0.0103866 0.1322085 0.2245855 0.2049542 0.1309643 0.1480678 0.2103271 0.2331498 0.2460300 0.0099794 0.1120253 0.1243408 0.1935885 0.2389076 0.2149272 0.1450891 0.1259948 0.1223752 0.1203529 0.1283656 0.1727270 0.1408383 0.1383924 0.0000000 0.2314747 0.0113906 
Dasyuridae_Dasyurus_geffroii                 0.2255643 0.2244140 0.2131795 0.2287437 0.2415716 0.0057005 0.2188372 0.2218570 0.2332953 0.2334616 0.2232185 0.0140898 0.0212119 0.2136323 0.2575975 0.0168769 0.0064076 0.0316828 0.2411296 0.2243325 0.2305735 0.2652546 0.2766033 0.0145478 0.2605930 0.2292366 0.2234765 0.2321960 0.2230040 0.2779694 0.2574865 0.2232724 0.2314747 0.0000000 0.2347430 
Peramelidae_Perameles_gunnii                 0.1023321 0.1180239 0.1095752 0.1131456 0.1272890 0.2379667 0.1189841 0.1125151 0.1168874 0.0006579 0.1199374 0.2280865 0.1957982 0.1145044 0.1445749 0.2093778 0.2364200 0.2415841 0.0112972 0.1078245 0.1185621 0.1990686 0.2343201 0.2047787 0.1328083 0.1219661 0.1074810 0.1174335 0.1223503 0.1645901 0.1344765 0.1191262 0.0113906 0.2347430 0.0000000 
