35
Burramyidae_Burramys_parvus                  0.0000000 0.1062431 0.0583538 0.0599202 0.0577437 0.0924443 0.0410939 0.0489375 0.0611840 0.0972695 0.0492240 0.0960340 0.1231939 0.0489813 0.0644392 0.0936480 0.0908273 0.0887605 0.0924164 0.0652889 0.0782980 0.1195137 0.1725285 0.0881921 0.0623714 0.1035945 0.0685218 0.0686920 0.0707585 0.0905432 0.0678070 0.0495027 0.0919597 0.0879280 0.0947524 
Notoryctidae_Notoryctes_typhlops             0.1062431 0.0000000 0.0922622 0.1051851 0.1057972 0.1114028 0.0969567 0.1067793 0.1090722 0.1234534 0.1017629 0.1112407 0.1464228 0.1070825 0.1137917 0.1105880 0.1126578 0.1137296 0.1192912 0.1187487 0.1309478 0.1448526 0.2040776 0.1083002 0.1131824 0.1195296 0.1254328 0.1203032 0.1219678 0.1501751 0.1199813 0.1075648 0.1129396 0.1094071 0.1217909 
Vombatidae_Lasiorhinus_latifrons             0.0583538 0.0922622 0.0000000 0.0576574 0.0568878 0.0929549 0.0449570 0.0527712 0.0597051 0.0957754 0.0470796 0.0974149 0.1398723 0.0508275 0.0620437 0.0938505 0.0940376 0.0867849 0.0898050 0.0630185 0.0682939 0.1093305 0.1565219 0.0931520 0.0672770 0.0925806 0.0616892 0.0665605 0.0610249 0.0916656 0.0615516 0.0513431 0.0890036 0.0889872 0.0941819 
Potoroidae_Bettongia_penicillata             0.0599202 0.1051851 0.0576574 0.0000000 0.0028167 0.1002136 0.0523350 0.0575753 0.0132310 0.1056264 0.0561057 0.1039311 0.1336833 0.0618980 0.0635123 0.1002451 0.1012831 0.0973607 0.0977983 0.0200339 0.0778942 0.1315557 0.1783498 0.0958070 0.0383523 0.1011870 0.0694767 0.0245767 0.0655541 0.0935295 0.0697247 0.0636539 0.1011337 0.0975758 0.1028298 
Potoroidae_Bettongia_lesueur                 0.0577437 0.1057972 0.0568878 0.0028167 0.0000000 0.0992779 0.0502507 0.0554432 0.0126295 0.1030897 0.0539605 0.1014427 0.1336089 0.0597334 0.0636567 0.0977890 0.1003407 0.0944844 0.0953334 0.0181950 0.0755266 0.1313143 0.1770048 0.0933541 0.0363855 0.1002132 0.0671923 0.0226899 0.0633450 0.0910359 0.0674718 0.0614915 0.0986155 0.0966507 0.1003126 
Dasyuridae_Dasyurus_maculatus                0.0924443 0.1114028 0.0929549 0.1002136 0.0992779 0.0000000 0.0863854 0.0933198 0.1021088 0.1100717 0.0844129 0.0276671 0.0620415 0.0928058 0.1109743 0.0274998 0.0103707 0.0300768 0.1058198 0.1108089 0.1165530 0.1270670 0.1784841 0.0265032 0.1041307 0.1062692 0.0960370 0.1103580 0.1031951 0.1330853 0.1110267 0.0932131 0.1024293 0.0068947 0.1073572 
Phalangeridae_Trichosurus_vulpecula          0.0410939 0.0969567 0.0449570 0.0523350 0.0502507 0.0863854 0.0000000 0.0205787 0.0568525 0.0891593 0.0183593 0.0883093 0.1148214 0.0242154 0.0537747 0.0868228 0.0847497 0.0798846 0.0829512 0.0575531 0.0647849 0.1079033 0.1564628 0.0843818 0.0572741 0.0901568 0.0530656 0.0630332 0.0565181 0.0766285 0.0558733 0.0235784 0.0840872 0.0811306 0.0865531 
Phalangeridae_Spilocuscus_maculatus          0.0489375 0.1067793 0.0527712 0.0575753 0.0554432 0.0933198 0.0205787 0.0000000 0.0636723 0.0937582 0.0093068 0.0940879 0.1327394 0.0126821 0.0628379 0.0942114 0.0930260 0.0860370 0.0875548 0.0611174 0.0758402 0.1121342 0.1717026 0.0897998 0.0642383 0.0952809 0.0621418 0.0667492 0.0633559 0.0893648 0.0634434 0.0109281 0.0886069 0.0879910 0.0912542 
Potoroidae_Aepyprymnus_rufescens             0.0611840 0.1090722 0.0597051 0.0132310 0.0126295 0.1021088 0.0568525 0.0636723 0.0000000 0.1084147 0.0599679 0.1053170 0.1467494 0.0637505 0.0669689 0.1016266 0.1025192 0.0945345 0.1032647 0.0230277 0.0820199 0.1281807 0.1786918 0.0972027 0.0427847 0.1009092 0.0720597 0.0263870 0.0695049 0.0956960 0.0714526 0.0656278 0.1030130 0.0988134 0.1056147 
Peramelidae_Perameles_nasuta                 0.0972695 0.1234534 0.0957754 0.1056264 0.1030897 0.1100717 0.0891593 0.0937582 0.1084147 0.0000000 0.0914318 0.1153754 0.1528392 0.0954136 0.1125343 0.1126551 0.1121240 0.1090687 0.0165143 0.1108669 0.1217429 0.1335214 0.1768326 0.1083222 0.1023453 0.1185415 0.1041346 0.1128777 0.1060574 0.1374356 0.1081286 0.0971348 0.0148340 0.1102969 0.0005707 
Phalangeridae_Strigocuscus_pelengensis       0.0492240 0.1017629 0.0470796 0.0561057 0.0539605 0.0844129 0.0183593 0.0093068 0.0599679 0.0914318 0.0000000 0.0893042 0.1271259 0.0128066 0.0621214 0.0858125 0.0840745 0.0816802 0.0866901 0.0567513 0.0680240 0.1122247 0.1699633 0.0828496 0.0640960 0.0917983 0.0550799 0.0621873 0.0567497 0.0815336 0.0631020 0.0110427 0.0870730 0.0784032 0.0887299 
Dasyuridae_Phascogale_tapoatafa              0.0960340 0.1112407 0.0974149 0.1039311 0.1014427 0.0276671 0.0883093 0.0940879 0.1053170 0.1153754 0.0893042 0.0000000 0.0611971 0.0978513 0.1100713 0.0110632 0.0277075 0.0273457 0.1109896 0.1127280 0.1197898 0.1251871 0.1752778 0.0173191 0.1079375 0.1147824 0.0989469 0.1150551 0.1089194 0.1365111 0.1126285 0.0956175 0.1073079 0.0259517 0.1125439 
Dasyuridae_Sminthopsis_macroura              0.1231939 0.1464228 0.1398723 0.1336833 0.1336089 0.0620415 0.1148214 0.1327394 0.1467494 0.1528392 0.1271259 0.0611971 0.0000000 0.1366089 0.1432660 0.0547594 0.0620267 0.0451615 0.1456189 0.1465909 0.1634466 0.1659466 0.2558828 0.0539923 0.1411383 0.1485491 0.1393705 0.1507056 0.1484984 0.1856105 0.1394813 0.1370867 0.1456283 0.0572184 0.1505191 
Phalangeridae_Phalanger_orientalis           0.0489813 0.1070825 0.0508275 0.0618980 0.0597334 0.0928058 0.0242154 0.0126821 0.0637505 0.0954136 0.0128066 0.0978513 0.1366089 0.0000000 0.0642282 0.0963303 0.0938234 0.0888240 0.0882157 0.0640688 0.0711478 0.1101391 0.1689172 0.0926597 0.0657322 0.0947603 0.0626862 0.0683856 0.0640890 0.0883285 0.0612961 0.0028173 0.0901585 0.0887724 0.0927408 
Acrobatidae_Acrobates_pygmaeus               0.0644392 0.1137917 0.0620437 0.0635123 0.0636567 0.1109743 0.0537747 0.0628379 0.0669689 0.1125343 0.0621214 0.1100713 0.1432660 0.0642282 0.0000000 0.1094621 0.1107614 0.1030246 0.1029202 0.0714697 0.0781302 0.1200007 0.1782291 0.1038531 0.0768508 0.1063620 0.0659336 0.0766237 0.0667895 0.0857886 0.0418450 0.0655080 0.1042172 0.1068508 0.1102740 
Dasyuridae_Phascogale_calura                 0.0936480 0.1105880 0.0938505 0.1002451 0.0977890 0.0274998 0.0868228 0.0942114 0.1016266 0.1126551 0.0858125 0.0110632 0.0547594 0.0963303 0.1094621 0.0000000 0.0275396 0.0263804 0.1084563 0.1089723 0.1151112 0.1228748 0.1707741 0.0117314 0.1066379 0.1136483 0.0961793 0.1105023 0.1038516 0.1315638 0.1130917 0.0941028 0.1065642 0.0251883 0.1098466 
Dasyuridae_Sarcophilus_harrisii              0.0908273 0.1126578 0.0940376 0.1012831 0.1003407 0.0103707 0.0847497 0.0930260 0.1025192 0.1121240 0.0840745 0.0277075 0.0620267 0.0938234 0.1107614 0.0275396 0.0000000 0.0308721 0.1078261 0.1119455 0.1154760 0.1291346 0.1785712 0.0265588 0.1043137 0.1074611 0.0973280 0.1115017 0.1033745 0.1305349 0.1121265 0.0929190 0.1043529 0.0092577 0.1093082 
Dasyuridae_Planigale_tenuirostris            0.0887605 0.1137296 0.0867849 0.0973607 0.0944844 0.0300768 0.0798846 0.0860370 0.0945345 0.1090687 0.0816802 0.0273457 0.0451615 0.0888240 0.1030246 0.0263804 0.0308721 0.0000000 0.1070064 0.1055285 0.1074834 0.1315405 0.1749555 0.0272469 0.1065560 0.1112879 0.0939606 0.1067850 0.0986963 0.1308723 0.1023869 0.0871122 0.1042758 0.0263459 0.1073848 
Peramelidae_Echymipera_kalubu                0.0924164 0.1192912 0.0898050 0.0977983 0.0953334 0.1058198 0.0829512 0.0875548 0.1032647 0.0165143 0.0866901 0.1109896 0.1456189 0.0882157 0.1029202 0.1084563 0.1078261 0.1070064 0.0000000 0.1050149 0.1168140 0.1289826 0.1720495 0.1038698 0.0956884 0.1161989 0.1019289 0.1073181 0.1015449 0.1274544 0.1044016 0.0899438 0.0111685 0.1060339 0.0152501 
Macropodidae_Dorcopsulus_vanheurni           0.0652889 0.1187487 0.0630185 0.0200339 0.0181950 0.1108089 0.0575531 0.0611174 0.0230277 0.1108669 0.0567513 0.1127280 0.1465909 0.0640688 0.0714697 0.1089723 0.1119455 0.1055285 0.1050149 0.0000000 0.0831388 0.1382827 0.1858160 0.1063554 0.0414819 0.1064428 0.0761977 0.0104060 0.0729415 0.1004617 0.0749859 0.0658212 0.1063321 0.1080735 0.1082065 
Pseudochiridae_Pseudochirulus_forbesi        0.0782980 0.1309478 0.0682939 0.0778942 0.0755266 0.1165530 0.0647849 0.0758402 0.0820199 0.1217429 0.0680240 0.1197898 0.1634466 0.0711478 0.0781302 0.1151112 0.1154760 0.1074834 0.1168140 0.0831388 0.0000000 0.1341939 0.1565190 0.1102851 0.0829544 0.1175587 0.0365379 0.0886832 0.0213171 0.0728003 0.0702936 0.0723010 0.1168997 0.1128884 0.1188277 
Didelphidae_Didelphis_virginiana             0.1195137 0.1448526 0.1093305 0.1315557 0.1313143 0.1270670 0.1079033 0.1121342 0.1281807 0.1335214 0.1122247 0.1251871 0.1659466 0.1101391 0.1200007 0.1228748 0.1291346 0.1315405 0.1289826 0.1382827 0.1341939 0.0000000 0.0654727 0.1223792 0.1345389 0.1359821 0.1260076 0.1430415 0.1239877 0.1417012 0.1232605 0.1061449 0.1255746 0.1251968 0.1308036 
Marmosidae_Monodelphis_domestica             0.1725285 0.2040776 0.1565219 0.1783498 0.1770048 0.1784841 0.1564628 0.1717026 0.1786918 0.1768326 0.1699633 0.1752778 0.2558828 0.1689172 0.1782291 0.1707741 0.1785712 0.1749555 0.1720495 0.1858160 0.1565190 0.0654727 0.0000000 0.1712308 0.1758641 0.1772909 0.1763098 0.1914727 0.1761144 0.1993657 0.1789056 0.1665910 0.1711302 0.1757822 0.1733139 
Dasyuridae_Antechinus_stuartii               0.0881921 0.1083002 0.0931520 0.0958070 0.0933541 0.0265032 0.0843818 0.0897998 0.0972027 0.1083222 0.0828496 0.0173191 0.0539923 0.0926597 0.1038531 0.0117314 0.0265588 0.0272469 0.1038698 0.1063554 0.1102851 0.1223792 0.1712308 0.0000000 0.1003562 0.1099348 0.0923714 0.1056403 0.1000478 0.1297880 0.1071632 0.0904276 0.1029626 0.0254378 0.1062180 
Hypsiprymnodontidae_Hypsiprymnodon_moschatus 0.0623714 0.1131824 0.0672770 0.0383523 0.0363855 0.1041307 0.0572741 0.0642383 0.0427847 0.1023453 0.0640960 0.1079375 0.1411383 0.0657322 0.0768508 0.1066379 0.1043137 0.1065560 0.0956884 0.0414819 0.0829544 0.1345389 0.1758641 0.1003562 0.0000000 0.1019496 0.0766779 0.0466310 0.0739000 0.0996649 0.0738565 0.0674886 0.0963148 0.0995133 0.0995736 
Microbiotheriidae_Dromiciops_gliroides       0.1035945 0.1195296 0.0925806 0.1011870 0.1002132 0.1062692 0.0901568 0.0952809 0.1009092 0.1185415 0.0917983 0.1147824 0.1485491 0.0947603 0.1063620 0.1136483 0.1074611 0.1112879 0.1161989 0.1064428 0.1175587 0.1359821 0.1772909 0.1099348 0.1019496 0.0000000 0.1123149 0.1130745 0.1117297 0.1345879 0.1086999 0.0966164 0.1138207 0.1043122 0.1160818 
Pseudochiridae_Petauroides_volans            0.0685218 0.1254328 0.0616892 0.0694767 0.0671923 0.0960370 0.0530656 0.0621418 0.0720597 0.1041346 0.0550799 0.0989469 0.1393705 0.0626862 0.0659336 0.0961793 0.0973280 0.0939606 0.1019289 0.0761977 0.0365379 0.1260076 0.1763098 0.0923714 0.0766779 0.1123149 0.0000000 0.0792145 0.0308432 0.0681890 0.0670345 0.0619367 0.1010185 0.0937222 0.1023478 
Macropodidae_Wallabia_bicolor                0.0686920 0.1203032 0.0665605 0.0245767 0.0226899 0.1103580 0.0630332 0.0667492 0.0263870 0.1128777 0.0621873 0.1150551 0.1507056 0.0683856 0.0766237 0.1105023 0.1115017 0.1067850 0.1073181 0.0104060 0.0886832 0.1430415 0.1914727 0.1056403 0.0466310 0.1130745 0.0792145 0.0000000 0.0780436 0.1087166 0.0804061 0.0701454 0.1065161 0.1076027 0.1103654 
Pseudochiridae_Pseudocheirus_occidentalis    0.0707585 0.1219678 0.0610249 0.0655541 0.0633450 0.1031951 0.0565181 0.0633559 0.0695049 0.1060574 0.0567497 0.1089194 0.1484984 0.0640890 0.0667895 0.1038516 0.1033745 0.0986963 0.1015449 0.0729415 0.0213171 0.1239877 0.1761144 0.1000478 0.0739000 0.1117297 0.0308432 0.0780436 0.0000000 0.0668982 0.0664024 0.0645774 0.1013859 0.0997022 0.1032453 
Tarsipedidae_Tarsipes_rostratus              0.0905432 0.1501751 0.0916656 0.0935295 0.0910359 0.1330853 0.0766285 0.0893648 0.0956960 0.1374356 0.0815336 0.1365111 0.1856105 0.0883285 0.0857886 0.1315638 0.1305349 0.1308723 0.1274544 0.1004617 0.0728003 0.1417012 0.1993657 0.1297880 0.0996649 0.1345879 0.0681890 0.1087166 0.0668982 0.0000000 0.0919666 0.0866680 0.1318018 0.1277208 0.1342417 
Acrobatidae_Distoechurus_pennatus            0.0678070 0.1199813 0.0615516 0.0697247 0.0674718 0.1110267 0.0558733 0.0634434 0.0714526 0.1081286 0.0631020 0.1126285 0.1394813 0.0612961 0.0418450 0.1130917 0.1121265 0.1023869 0.1044016 0.0749859 0.0702936 0.1232605 0.1789056 0.1071632 0.0738565 0.1086999 0.0670345 0.0804061 0.0664024 0.0919666 0.0000000 0.0638404 0.1042323 0.1075874 0.1053825 
Phalangeridae_Phalanger_carmelitae           0.0495027 0.1075648 0.0513431 0.0636539 0.0614915 0.0932131 0.0235784 0.0109281 0.0656278 0.0971348 0.0110427 0.0956175 0.1370867 0.0028173 0.0655080 0.0941028 0.0929190 0.0871122 0.0899438 0.0658212 0.0723010 0.1061449 0.1665910 0.0904276 0.0674886 0.0966164 0.0619367 0.0701454 0.0645774 0.0866680 0.0638404 0.0000000 0.0919851 0.0878904 0.0944674 
Peramelidae_Peroryctes_raffrayana            0.0919597 0.1129396 0.0890036 0.1011337 0.0986155 0.1024293 0.0840872 0.0886069 0.1030130 0.0148340 0.0870730 0.1073079 0.1456283 0.0901585 0.1042172 0.1065642 0.1043529 0.1042758 0.0111685 0.1063321 0.1168997 0.1255746 0.1711302 0.1029626 0.0963148 0.1138207 0.1010185 0.1065161 0.1013859 0.1318018 0.1042323 0.0919851 0.0000000 0.1025639 0.0130431 
Dasyuridae_Dasyurus_geffroii                 0.0879280 0.1094071 0.0889872 0.0975758 0.0966507 0.0068947 0.0811306 0.0879910 0.0988134 0.1102969 0.0784032 0.0259517 0.0572184 0.0887724 0.1068508 0.0251883 0.0092577 0.0263459 0.1060339 0.1080735 0.1128884 0.1251968 0.1757822 0.0254378 0.0995133 0.1043122 0.0937222 0.1076027 0.0997022 0.1277208 0.1075874 0.0878904 0.1025639 0.0000000 0.1074990 
Peramelidae_Perameles_gunnii                 0.0947524 0.1217909 0.0941819 0.1028298 0.1003126 0.1073572 0.0865531 0.0912542 0.1056147 0.0005707 0.0887299 0.1125439 0.1505191 0.0927408 0.1102740 0.1098466 0.1093082 0.1073848 0.0152501 0.1082065 0.1188277 0.1308036 0.1733139 0.1062180 0.0995736 0.1160818 0.1023478 0.1103654 0.1032453 0.1342417 0.1053825 0.0944674 0.0130431 0.1074990 0.0000000 
