37
Burramyidae_Burramys_parvus                  0.0000000 0.0879143 0.0516438 0.0595064 0.0613778 0.1035306 0.0414808 0.0428425 0.0542089 0.0836422 0.0357513 0.1051154 0.1237779 0.0346136 0.0525895 0.1119007 0.1050993 0.1212293 0.0835915 0.0498030 0.0555615 0.1449211 0.1412748 0.1078002 0.0614408 0.0603673 0.0464018 0.0506467 0.0650531 0.1019419 0.0484568 0.0346546 0.0762078 0.1337632 0.0831596 0.1061882 0.1061882 
Notoryctidae_Notoryctes_typhlops             0.0879143 0.0000000 0.0939045 0.1174684 0.1196296 0.1260666 0.0966969 0.0970659 0.1129386 0.0985275 0.0849720 0.1381900 0.1375753 0.0818583 0.1109193 0.1427411 0.1290041 0.1530292 0.1226418 0.1086485 0.1120655 0.1736668 0.1858690 0.1422153 0.1151945 0.0960699 0.0733456 0.1159134 0.1115244 0.1106747 0.0999413 0.0813501 0.0907297 0.1098775 0.0972095 0.0947276 0.0947276 
Vombatidae_Lasiorhinus_latifrons             0.0516438 0.0939045 0.0000000 0.0806426 0.0803679 0.1022914 0.0503118 0.0555976 0.0682685 0.0918141 0.0433504 0.1084398 0.1281203 0.0451101 0.0666525 0.1108754 0.1067311 0.1291288 0.0921130 0.0657416 0.0613479 0.1418887 0.1462309 0.1077464 0.0769429 0.0678591 0.0544424 0.0654417 0.0676374 0.1030143 0.0508322 0.0424618 0.0861824 0.1293186 0.0907756 0.0818030 0.0818030 
Potoroidae_Bettongia_penicillata             0.0595064 0.1174684 0.0806426 0.0000000 0.0060219 0.1231081 0.0642332 0.0636273 0.0124461 0.1126235 0.0647907 0.1348987 0.1470216 0.0631324 0.0782399 0.1396944 0.1217839 0.1454830 0.1140741 0.0254310 0.0858772 0.1718143 0.1786808 0.1263620 0.0495977 0.0909510 0.0703284 0.0289793 0.0912539 0.1130713 0.0792970 0.0634431 0.1088211 0.1549341 0.1124263 0.1791323 0.1791323 
Potoroidae_Bettongia_lesueur                 0.0613778 0.1196296 0.0803679 0.0060219 0.0000000 0.1238698 0.0646929 0.0648615 0.0117450 0.1100922 0.0642535 0.1367603 0.1452975 0.0626333 0.0777874 0.1411978 0.1232566 0.1520225 0.1133411 0.0233837 0.0862723 0.1843577 0.1890111 0.1281984 0.0496591 0.0920080 0.0713452 0.0265034 0.0910521 0.1163043 0.0801814 0.0619036 0.1057672 0.1545805 0.1095332 0.1374027 0.1374027 
Dasyuridae_Dasyurus_maculatus                0.1035306 0.1260666 0.1022914 0.1231081 0.1238698 0.0000000 0.1090407 0.0953791 0.1206263 0.1181247 0.0849383 0.0397821 0.0402198 0.0854605 0.0927384 0.0248604 0.0076728 0.0351622 0.1235595 0.1127458 0.1217062 0.1547845 0.1518097 0.0418263 0.1162609 0.1044078 0.0917829 0.1168567 0.1102662 0.1560665 0.1094348 0.0869256 0.1098490 0.0173791 0.1175291 0.0249362 0.0249362 
Phalangeridae_Trichosurus_vulpecula          0.0414808 0.0966969 0.0503118 0.0642332 0.0646929 0.1090407 0.0000000 0.0215278 0.0614056 0.0898610 0.0180663 0.1165964 0.1368869 0.0169508 0.0576025 0.1231852 0.1163771 0.1322940 0.0923721 0.0516503 0.0550796 0.1387573 0.1395927 0.1081249 0.0583854 0.0675396 0.0424794 0.0576837 0.0610443 0.0952052 0.0486075 0.0153105 0.0835807 0.1388642 0.0893578 0.1374027 0.1374027 
Phalangeridae_Spilocuscus_maculatus          0.0428425 0.0970659 0.0555976 0.0636273 0.0648615 0.0953791 0.0215278 0.0000000 0.0610000 0.0934688 0.0102249 0.1033230 0.1233333 0.0098468 0.0565482 0.1122116 0.1009743 0.1166974 0.0975505 0.0512568 0.0601411 0.1401898 0.1396019 0.0944011 0.0564040 0.0711395 0.0393784 0.0561411 0.0607537 0.1019163 0.0558916 0.0086038 0.0865648 0.1261409 0.0934358 0.1144695 0.1144695 
Potoroidae_Aepyprymnus_rufescens             0.0542089 0.1129386 0.0682685 0.0124461 0.0117450 0.1206263 0.0614056 0.0610000 0.0000000 0.1094203 0.0561262 0.1273451 0.1444171 0.0533482 0.0730367 0.1332771 0.1202928 0.1425180 0.1086864 0.0204907 0.0764693 0.1708262 0.1748418 0.1254132 0.0486184 0.0849130 0.0615221 0.0236643 0.0860153 0.1199162 0.0706182 0.0534286 0.1015160 0.1515851 0.1083600 0.1452141 0.1452141 
Peramelidae_Perameles_nasuta                 0.0836422 0.0985275 0.0918141 0.1126235 0.1100922 0.1181247 0.0898610 0.0934688 0.1094203 0.0000000 0.0825052 0.1251332 0.1372927 0.0806687 0.0937063 0.1284704 0.1145954 0.1319801 0.0135082 0.0955186 0.1090831 0.1554337 0.1717585 0.1273495 0.1061010 0.0828397 0.0943833 0.0981420 0.1094710 0.1345013 0.0987498 0.0805342 0.0145200 0.1237988 0.0007209 0.0769408 0.0769408 
Phalangeridae_Strigocuscus_pelengensis       0.0357513 0.0849720 0.0433504 0.0647907 0.0642535 0.0849383 0.0180663 0.0102249 0.0561262 0.0825052 0.0000000 0.0895452 0.1046476 0.0132470 0.0476458 0.0898882 0.0863948 0.0893930 0.0839004 0.0518867 0.0550407 0.1178827 0.1132307 0.0894360 0.0500615 0.0532229 0.0476824 0.0561830 0.0655757 0.0904015 0.0430640 0.0103919 0.0747593 0.1149398 0.0824118 0.1120635 0.1120635 
Dasyuridae_Phascogale_tapoatafa              0.1051154 0.1381900 0.1084398 0.1348987 0.1367603 0.0397821 0.1165964 0.1033230 0.1273451 0.1251332 0.0895452 0.0000000 0.0741281 0.0932224 0.1034088 0.0241796 0.0390787 0.0592413 0.1258481 0.1200106 0.1237612 0.1517561 0.1596275 0.0102653 0.1343041 0.1021839 0.0925241 0.1298421 0.1119500 0.1676932 0.1068699 0.0921698 0.1142956 0.0705116 0.1247394 0.0370619 0.0370619 
Dasyuridae_Sminthopsis_macroura              0.1237779 0.1375753 0.1281203 0.1470216 0.1452975 0.0402198 0.1368869 0.1233333 0.1444171 0.1372927 0.1046476 0.0741281 0.0000000 0.1093778 0.1140584 0.0501645 0.0387475 0.0399139 0.1492751 0.1363651 0.1505483 0.1897006 0.1886877 0.0778696 0.1451115 0.1183930 0.1012012 0.1405111 0.1327302 0.1661278 0.1350017 0.1071775 0.1275712 0.0461945 0.1379668 0.0509219 0.0509219 
Phalangeridae_Phalanger_orientalis           0.0346136 0.0818583 0.0451101 0.0631324 0.0626333 0.0854605 0.0169508 0.0098468 0.0533482 0.0806687 0.0132470 0.0932224 0.1093778 0.0000000 0.0491972 0.0916638 0.0903012 0.0906031 0.0833187 0.0495194 0.0514956 0.1235019 0.1173204 0.0924366 0.0489049 0.0584671 0.0425446 0.0543831 0.0634754 0.0943944 0.0457075 0.0049639 0.0720882 0.1142555 0.0802650 0.1144695 0.1144695 
Acrobatidae_Acrobates_pygmaeus               0.0525895 0.1109193 0.0666525 0.0782399 0.0777874 0.0927384 0.0576025 0.0565482 0.0730367 0.0937063 0.0476458 0.1034088 0.1140584 0.0491972 0.0000000 0.0986113 0.0952904 0.0959744 0.0951246 0.0633689 0.0651658 0.1380071 0.1356028 0.1044777 0.0731967 0.0708999 0.0487159 0.0667833 0.0653418 0.1034465 0.0351967 0.0475661 0.0917732 0.1146965 0.0932997 0.1643931 0.1643931 
Dasyuridae_Phascogale_calura                 0.1119007 0.1427411 0.1108754 0.1396944 0.1411978 0.0248604 0.1231852 0.1122116 0.1332771 0.1284704 0.0898882 0.0241796 0.0501645 0.0916638 0.0986113 0.0000000 0.0238565 0.0427827 0.1300694 0.1221858 0.1307671 0.1693218 0.1648009 0.0311707 0.1295820 0.1078171 0.0882575 0.1294711 0.1084802 0.1650423 0.1143886 0.0919267 0.1164156 0.0450246 0.1283709 0.0383827 0.0383827 
Dasyuridae_Sarcophilus_harrisii              0.1050993 0.1290041 0.1067311 0.1217839 0.1232566 0.0076728 0.1163771 0.1009743 0.1202928 0.1145954 0.0863948 0.0390787 0.0387475 0.0903012 0.0952904 0.0238565 0.0000000 0.0322306 0.1208275 0.1105759 0.1231766 0.1554591 0.1539092 0.0411449 0.1166959 0.1025805 0.0864443 0.1156125 0.1078151 0.1504684 0.1096987 0.0897819 0.1039451 0.0215476 0.1138307 0.0249362 0.0249362 
Dasyuridae_Planigale_tenuirostris            0.1212293 0.1530292 0.1291288 0.1454830 0.1520225 0.0351622 0.1322940 0.1166974 0.1425180 0.1319801 0.0893930 0.0592413 0.0399139 0.0906031 0.0959744 0.0427827 0.0322306 0.0000000 0.1422634 0.1264048 0.1360682 0.1709059 0.1730598 0.0618273 0.1416281 0.1142646 0.0795424 0.1435041 0.1017514 0.1827438 0.1163703 0.0881183 0.1204243 0.0687308 0.1317216 9.0000000 9.0000000 
Peramelidae_Echymipera_kalubu                0.0835915 0.1226418 0.0921130 0.1140741 0.1133411 0.1235595 0.0923721 0.0975505 0.1086864 0.0135082 0.0839004 0.1258481 0.1492751 0.0833187 0.0951246 0.1300694 0.1208275 0.1422634 0.0000000 0.0982021 0.1076681 0.1584146 0.1708605 0.1270214 0.1110013 0.0806446 0.0904050 0.1011587 0.1119254 0.1543200 0.0982710 0.0816977 0.0093478 0.1531622 0.0127838 0.0620845 0.0620845 
Macropodidae_Dorcopsulus_vanheurni           0.0498030 0.1086485 0.0657416 0.0254310 0.0233837 0.1127458 0.0516503 0.0512568 0.0204907 0.0955186 0.0518867 0.1200106 0.1363651 0.0495194 0.0633689 0.1221858 0.1105759 0.1264048 0.0982021 0.0000000 0.0699061 0.1605228 0.1613421 0.1100976 0.0375147 0.0744300 0.0565594 0.0072614 0.0746290 0.1051120 0.0645073 0.0479843 0.0907283 0.1455973 0.0950044 0.1181882 0.1181882 
Pseudochiridae_Pseudochirulus_forbesi        0.0555615 0.1120655 0.0613479 0.0858772 0.0862723 0.1217062 0.0550796 0.0601411 0.0764693 0.1090831 0.0550407 0.1237612 0.1505483 0.0514956 0.0651658 0.1307671 0.1231766 0.1360682 0.1076681 0.0699061 0.0000000 0.1612516 0.1561528 0.1232887 0.0782992 0.0817877 0.0268261 0.0708636 0.0263764 0.0974543 0.0564706 0.0513721 0.0996682 0.1502274 0.1080944 0.2181017 0.2181017 
Didelphidae_Didelphis_virginiana             0.1449211 0.1736668 0.1418887 0.1718143 0.1843577 0.1547845 0.1387573 0.1401898 0.1708262 0.1554337 0.1178827 0.1517561 0.1897006 0.1235019 0.1380071 0.1693218 0.1554591 0.1709059 0.1584146 0.1605228 0.1612516 0.0000000 0.0595746 0.1541030 0.1615570 0.1364136 0.1209983 0.1668377 0.1515929 0.2140511 0.1572626 0.1238848 0.1424191 0.1931783 0.1559593 0.2029704 0.2029704 
Marmosidae_Monodelphis_domestica             0.1412748 0.1858690 0.1462309 0.1786808 0.1890111 0.1518097 0.1395927 0.1396019 0.1748418 0.1717585 0.1132307 0.1596275 0.1886877 0.1173204 0.1356028 0.1648009 0.1539092 0.1730598 0.1708605 0.1613421 0.1561528 0.0595746 0.0000000 0.1630033 0.1613644 0.1443283 0.1240784 0.1630586 0.1410567 0.2151264 0.1516589 0.1164502 0.1600729 0.1895471 0.1699347 0.2063011 0.2063011 
Dasyuridae_Antechinus_stuartii               0.1078002 0.1422153 0.1077464 0.1263620 0.1281984 0.0418263 0.1081249 0.0944011 0.1254132 0.1273495 0.0894360 0.0102653 0.0778696 0.0924366 0.1044777 0.0311707 0.0411449 0.0618273 0.1270214 0.1100976 0.1232887 0.1541030 0.1630033 0.0000000 0.1266808 0.1048182 0.0897334 0.1204821 0.1122488 0.1614235 0.1059925 0.0912933 0.1163965 0.0749758 0.1269466 0.0313559 0.0313559 
Hypsiprymnodontidae_Hypsiprymnodon_moschatus 0.0614408 0.1151945 0.0769429 0.0495977 0.0496591 0.1162609 0.0583854 0.0564040 0.0486184 0.1061010 0.0500615 0.1343041 0.1451115 0.0489049 0.0731967 0.1295820 0.1166959 0.1416281 0.1110013 0.0375147 0.0782992 0.1615570 0.1613644 0.1266808 0.0000000 0.0833699 0.0569106 0.0416784 0.0772939 0.1143649 0.0781921 0.0472848 0.0962011 0.1468902 0.1055517 0.1134768 0.1134768 
Microbiotheriidae_Dromiciops_gliroides       0.0603673 0.0960699 0.0678591 0.0909510 0.0920080 0.1044078 0.0675396 0.0711395 0.0849130 0.0828397 0.0532229 0.1021839 0.1183930 0.0584671 0.0708999 0.1078171 0.1025805 0.1142646 0.0806446 0.0744300 0.0817877 0.1364136 0.1443283 0.1048182 0.0833699 0.0000000 0.0686301 0.0771197 0.0864543 0.1301339 0.0734866 0.0550406 0.0766682 0.1326393 0.0827900 0.0773491 0.0773491 
Pseudochiridae_Petauroides_volans            0.0464018 0.0733456 0.0544424 0.0703284 0.0713452 0.0917829 0.0424794 0.0393784 0.0615221 0.0943833 0.0476824 0.0925241 0.1012012 0.0425446 0.0487159 0.0882575 0.0864443 0.0795424 0.0904050 0.0565594 0.0268261 0.1209983 0.1240784 0.0897334 0.0569106 0.0686301 0.0000000 0.0596424 0.0357057 0.0584886 0.0450731 0.0413177 0.0894970 0.0904924 0.0944005 0.2330378 0.2330378 
Macropodidae_Wallabia_bicolor                0.0506467 0.1159134 0.0654417 0.0289793 0.0265034 0.1168567 0.0576837 0.0561411 0.0236643 0.0981420 0.0561830 0.1298421 0.1405111 0.0543831 0.0667833 0.1294711 0.1156125 0.1435041 0.1011587 0.0072614 0.0708636 0.1668377 0.1630586 0.1204821 0.0416784 0.0771197 0.0596424 0.0000000 0.0800369 0.1091647 0.0700383 0.0512171 0.0942774 0.1508234 0.0981039 0.1086843 0.1086843 
Pseudochiridae_Pseudocheirus_occidentalis    0.0650531 0.1115244 0.0676374 0.0912539 0.0910521 0.1102662 0.0610443 0.0607537 0.0860153 0.1094710 0.0655757 0.1119500 0.1327302 0.0634754 0.0653418 0.1084802 0.1078151 0.1017514 0.1119254 0.0746290 0.0263764 0.1515929 0.1410567 0.1122488 0.0772939 0.0864543 0.0357057 0.0800369 0.0000000 0.1002517 0.0645210 0.0632268 0.1015702 0.1384217 0.1086479 0.2423925 0.2423925 
Tarsipedidae_Tarsipes_rostratus              0.1019419 0.1106747 0.1030143 0.1130713 0.1163043 0.1560665 0.0952052 0.1019163 0.1199162 0.1345013 0.0904015 0.1676932 0.1661278 0.0943944 0.1034465 0.1650423 0.1504684 0.1827438 0.1543200 0.1051120 0.0974543 0.2140511 0.2151264 0.1614235 0.1143649 0.1301339 0.0584886 0.1091647 0.1002517 0.0000000 0.0926483 0.0949734 0.1250533 0.1346690 0.1333214 0.2486433 0.2486433 
Acrobatidae_Distoechurus_pennatus            0.0484568 0.0999413 0.0508322 0.0792970 0.0801814 0.1094348 0.0486075 0.0558916 0.0706182 0.0987498 0.0430640 0.1068699 0.1350017 0.0457075 0.0351967 0.1143886 0.1096987 0.1163703 0.0982710 0.0645073 0.0564706 0.1572626 0.1516589 0.1059925 0.0781921 0.0734866 0.0450731 0.0700383 0.0645210 0.0926483 0.0000000 0.0456078 0.0945368 0.1359479 0.0977870 0.1826141 0.1826141 
Phalangeridae_Phalanger_carmelitae           0.0346546 0.0813501 0.0424618 0.0634431 0.0619036 0.0869256 0.0153105 0.0086038 0.0534286 0.0805342 0.0103919 0.0921698 0.1071775 0.0049639 0.0475661 0.0919267 0.0897819 0.0881183 0.0816977 0.0479843 0.0513721 0.1238848 0.1164502 0.0912933 0.0472848 0.0550406 0.0413177 0.0512171 0.0632268 0.0949734 0.0456078 0.0000000 0.0724447 0.1181536 0.0801000 0.1069692 0.1069692 
Peramelidae_Peroryctes_raffrayana            0.0762078 0.0907297 0.0861824 0.1088211 0.1057672 0.1098490 0.0835807 0.0865648 0.1015160 0.0145200 0.0747593 0.1142956 0.1275712 0.0720882 0.0917732 0.1164156 0.1039451 0.1204243 0.0093478 0.0907283 0.0996682 0.1424191 0.1600729 0.1163965 0.0962011 0.0766682 0.0894970 0.0942774 0.1015702 0.1250533 0.0945368 0.0724447 0.0000000 0.1161639 0.0138039 0.0650108 0.0650108 
Dasyuridae_Dasyurus_geffroii                 0.1337632 0.1098775 0.1293186 0.1549341 0.1545805 0.0173791 0.1388642 0.1261409 0.1515851 0.1237988 0.1149398 0.0705116 0.0461945 0.1142555 0.1146965 0.0450246 0.0215476 0.0687308 0.1531622 0.1455973 0.1502274 0.1931783 0.1895471 0.0749758 0.1468902 0.1326393 0.0904924 0.1508234 0.1384217 0.1346690 0.1359479 0.1181536 0.1161639 0.0000000 0.1231975 0.0310084 0.0310084 
Peramelidae_Perameles_gunnii                 0.0831596 0.0972095 0.0907756 0.1124263 0.1095332 0.1175291 0.0893578 0.0934358 0.1083600 0.0007209 0.0824118 0.1247394 0.1379668 0.0802650 0.0932997 0.1283709 0.1138307 0.1317216 0.0127838 0.0950044 0.1080944 0.1559593 0.1699347 0.1269466 0.1055517 0.0827900 0.0944005 0.0981039 0.1086479 0.1333214 0.0977870 0.0801000 0.0138039 0.1231975 0.0000000 0.0769408 0.0769408 
Myrmecobiidae_Myrmecobius_fasciatus1         0.1061882 0.0947276 0.0818030 0.1791323 0.1374027 0.0249362 0.1374027 0.1144695 0.1452141 0.0769408 0.1120635 0.0370619 0.0509219 0.1144695 0.1643931 0.0383827 0.0249362 9.0000000 0.0620845 0.1181882 0.2181017 0.2029704 0.2063011 0.0313559 0.1134768 0.0773491 0.2330378 0.1086843 0.2423925 0.2486433 0.1826141 0.1069692 0.0650108 0.0310084 0.0769408 0.0000000 0.0000010 
Myrmecobiidae_Myrmecobius_fasciatus2         0.1061882 0.0947276 0.0818030 0.1791323 0.1374027 0.0249362 0.1374027 0.1144695 0.1452141 0.0769408 0.1120635 0.0370619 0.0509219 0.1144695 0.1643931 0.0383827 0.0249362 9.0000000 0.0620845 0.1181882 0.2181017 0.2029704 0.2063011 0.0313559 0.1134768 0.0773491 0.2330378 0.1086843 0.2423925 0.2486433 0.1826141 0.1069692 0.0650108 0.0310084 0.0769408 0.0000010 0.0000000 
