35
Burramyidae_Burramys_parvus                  0.0000000 0.0562767 0.0420695 0.0620085 0.0613738 0.0451191 0.0323354 0.0448792 0.0665091 0.0719070 0.0391339 0.0548563 0.0650958 0.0469794 0.0417960 0.0565553 0.0582762 0.0532115 0.0708657 0.0610552 0.0415042 0.0796566 0.0632454 0.0537169 0.0601769 0.0634424 0.0382918 0.0611050 0.0478039 0.0437878 0.0419874 0.0433424 0.0746813 0.0460349 0.0683861 
Notoryctidae_Notoryctes_typhlops             0.0562767 0.0000000 0.0563054 0.0699117 0.0681359 0.0545712 0.0549895 0.0708412 0.0714306 0.0584330 0.0647894 0.0553286 0.0684624 0.0767362 0.0625635 0.0557239 0.0551352 0.0587918 0.0666908 0.0657075 0.0630356 0.0768656 0.0609358 0.0536402 0.0717557 0.0647709 0.0623150 0.0659653 0.0691176 0.0690311 0.0589319 0.0685286 0.0563432 0.0566905 0.0597651 
Vombatidae_Lasiorhinus_latifrons             0.0420695 0.0563054 0.0000000 0.0720149 0.0726928 0.0446493 0.0427737 0.0524425 0.0733183 0.0712745 0.0457415 0.0587073 0.0673401 0.0531505 0.0513267 0.0590839 0.0608657 0.0562109 0.0715855 0.0671230 0.0417201 0.0831089 0.0660718 0.0547794 0.0683255 0.0580388 0.0388218 0.0672089 0.0501590 0.0479388 0.0506707 0.0536574 0.0725508 0.0441357 0.0681073 
Potoroidae_Bettongia_penicillata             0.0620085 0.0699117 0.0720149 0.0000000 0.0036407 0.0548019 0.0623895 0.0627699 0.0133986 0.0722121 0.0685977 0.0632164 0.0717775 0.0784354 0.0563964 0.0645148 0.0672509 0.0702021 0.0780357 0.0203603 0.0631626 0.0989919 0.0826393 0.0614355 0.0374021 0.0818323 0.0608490 0.0180610 0.0554006 0.0537473 0.0535132 0.0771713 0.0722375 0.0553325 0.0723706 
Potoroidae_Bettongia_lesueur                 0.0613738 0.0681359 0.0726928 0.0036407 0.0000000 0.0560070 0.0634319 0.0626931 0.0140969 0.0719030 0.0680102 0.0642345 0.0718650 0.0786674 0.0566105 0.0655700 0.0673584 0.0699669 0.0781626 0.0203010 0.0642410 0.0975965 0.0827831 0.0634008 0.0368239 0.0821228 0.0606435 0.0187709 0.0571040 0.0531845 0.0529096 0.0773600 0.0724592 0.0565389 0.0711131 
Dasyuridae_Dasyurus_maculatus                0.0451191 0.0545712 0.0446493 0.0548019 0.0560070 0.0000000 0.0436716 0.0654939 0.0585588 0.0497753 0.0518558 0.0099602 0.0258189 0.0669223 0.0488082 0.0099493 0.0063649 0.0163962 0.0532663 0.0537446 0.0499674 0.0657357 0.0470205 0.0088111 0.0558381 0.0511759 0.0450450 0.0526721 0.0595860 0.0570630 0.0470541 0.0595818 0.0479123 0.0063108 0.0508331 
Phalangeridae_Trichosurus_vulpecula          0.0323354 0.0549895 0.0427737 0.0623895 0.0634319 0.0436716 0.0000000 0.0294590 0.0653144 0.0722570 0.0214405 0.0552582 0.0657569 0.0325148 0.0424543 0.0574180 0.0586228 0.0577398 0.0743781 0.0622912 0.0424651 0.0832289 0.0668076 0.0533830 0.0581942 0.0623311 0.0365491 0.0605492 0.0450885 0.0438655 0.0394515 0.0264640 0.0733357 0.0436509 0.0690797 
Phalangeridae_Spilocuscus_maculatus          0.0448792 0.0708412 0.0524425 0.0627699 0.0626931 0.0654939 0.0294590 0.0000000 0.0666484 0.0715629 0.0142897 0.0606906 0.0742520 0.0129096 0.0521208 0.0631620 0.0621199 0.0641050 0.0782541 0.0633005 0.0534462 0.0882712 0.0780765 0.0605178 0.0605907 0.0710766 0.0513342 0.0619449 0.0656597 0.0620684 0.0494916 0.0089975 0.0705526 0.0654603 0.0707365 
Potoroidae_Aepyprymnus_rufescens             0.0665091 0.0714306 0.0733183 0.0133986 0.0140969 0.0585588 0.0653144 0.0666484 0.0000000 0.0773491 0.0700076 0.0671586 0.0741625 0.0822351 0.0575600 0.0674963 0.0707210 0.0701490 0.0820074 0.0207171 0.0661570 0.1018347 0.0843526 0.0657015 0.0410215 0.0852837 0.0626292 0.0195976 0.0626292 0.0551927 0.0547311 0.0812761 0.0754718 0.0585304 0.0748705 
Peramelidae_Perameles_nasuta                 0.0719070 0.0584330 0.0712745 0.0722121 0.0719030 0.0497753 0.0722570 0.0715629 0.0773491 0.0000000 0.0740046 0.0525065 0.0659388 0.0909812 0.0645197 0.0534182 0.0547997 0.0539158 0.0199713 0.0737752 0.0749099 0.0898054 0.0743358 0.0514105 0.0717873 0.0752786 0.0689054 0.0718595 0.0612752 0.0597531 0.0636342 0.0887775 0.0124519 0.0501807 0.0007894 
Phalangeridae_Strigocuscus_pelengensis       0.0391339 0.0647894 0.0457415 0.0685977 0.0680102 0.0518558 0.0214405 0.0142897 0.0700076 0.0740046 0.0000000 0.0588072 0.0693538 0.0186765 0.0493087 0.0607264 0.0601634 0.0631296 0.0779867 0.0675926 0.0476678 0.0884192 0.0737051 0.0586012 0.0619045 0.0680092 0.0446529 0.0645666 0.0599013 0.0532591 0.0476692 0.0127681 0.0757807 0.0518003 0.0722349 
Dasyuridae_Phascogale_tapoatafa              0.0548563 0.0553286 0.0587073 0.0632164 0.0642345 0.0099602 0.0552582 0.0606906 0.0671586 0.0525065 0.0588072 0.0000000 0.0230677 0.0751813 0.0548024 0.0029106 0.0115222 0.0154457 0.0564484 0.0644725 0.0637789 0.0823761 0.0632813 0.0040563 0.0623331 0.0631333 0.0545787 0.0624479 0.0558789 0.0553409 0.0546459 0.0730349 0.0547645 0.0103606 0.0528736 
Dasyuridae_Sminthopsis_macroura              0.0650958 0.0684624 0.0673401 0.0717775 0.0718650 0.0258189 0.0657569 0.0742520 0.0741625 0.0659388 0.0693538 0.0230677 0.0000000 0.0863641 0.0644044 0.0238127 0.0247793 0.0163636 0.0647974 0.0724927 0.0727754 0.0946157 0.0747002 0.0228703 0.0701994 0.0754289 0.0643337 0.0708463 0.0708778 0.0648065 0.0651011 0.0844203 0.0665992 0.0270841 0.0647507 
Phalangeridae_Phalanger_orientalis           0.0469794 0.0767362 0.0531505 0.0784354 0.0786674 0.0669223 0.0325148 0.0129096 0.0822351 0.0909812 0.0186765 0.0751813 0.0863641 0.0000000 0.0579134 0.0770870 0.0770907 0.0811895 0.0917955 0.0774250 0.0551947 0.0989601 0.0835204 0.0737751 0.0715832 0.0815052 0.0521815 0.0756000 0.0728233 0.0651927 0.0583842 0.0056512 0.0931372 0.0668888 0.0869201 
Acrobatidae_Acrobates_pygmaeus               0.0417960 0.0625635 0.0513267 0.0563964 0.0566105 0.0488082 0.0424543 0.0521208 0.0575600 0.0645197 0.0493087 0.0548024 0.0644044 0.0579134 0.0000000 0.0551155 0.0586510 0.0559097 0.0682072 0.0523996 0.0460584 0.0789733 0.0649405 0.0521201 0.0523596 0.0683989 0.0411823 0.0515127 0.0503051 0.0444926 0.0264531 0.0580691 0.0639296 0.0487908 0.0621996 
Dasyuridae_Phascogale_calura                 0.0565553 0.0557239 0.0590839 0.0645148 0.0655700 0.0099493 0.0574180 0.0631620 0.0674963 0.0534182 0.0607264 0.0029106 0.0238127 0.0770870 0.0551155 0.0000000 0.0118967 0.0154307 0.0567711 0.0657106 0.0646194 0.0827167 0.0636272 0.0047917 0.0635617 0.0629882 0.0545496 0.0636475 0.0565166 0.0561661 0.0558754 0.0753823 0.0551367 0.0103493 0.0531992 
Dasyuridae_Sarcophilus_harrisii              0.0582762 0.0551352 0.0608657 0.0672509 0.0673584 0.0063649 0.0586228 0.0621199 0.0707210 0.0547997 0.0601634 0.0115222 0.0247793 0.0770907 0.0586510 0.0118967 0.0000000 0.0149666 0.0563556 0.0652888 0.0668168 0.0860087 0.0667378 0.0116433 0.0644719 0.0666846 0.0553167 0.0646125 0.0575821 0.0575334 0.0584906 0.0758443 0.0564816 0.0055601 0.0544897 
Dasyuridae_Planigale_tenuirostris            0.0532115 0.0587918 0.0562109 0.0702021 0.0699669 0.0163962 0.0577398 0.0641050 0.0701490 0.0539158 0.0631296 0.0154457 0.0163636 0.0811895 0.0559097 0.0154307 0.0149666 0.0000000 0.0585660 0.0673736 0.0673403 0.0821404 0.0639127 0.0154716 0.0677290 0.0663186 0.0600637 0.0656010 0.0594110 0.0582814 0.0573892 0.0814454 0.0581029 0.0173889 0.0537462 
Peramelidae_Echymipera_kalubu                0.0708657 0.0666908 0.0715855 0.0780357 0.0781626 0.0532663 0.0743781 0.0782541 0.0820074 0.0199713 0.0779867 0.0564484 0.0647974 0.0917955 0.0682072 0.0567711 0.0563556 0.0585660 0.0000000 0.0775108 0.0767033 0.0886069 0.0762434 0.0546175 0.0750643 0.0811670 0.0709319 0.0768122 0.0669705 0.0634969 0.0699862 0.0902301 0.0203988 0.0536426 0.0187108 
Macropodidae_Dorcopsulus_vanheurni           0.0610552 0.0657075 0.0671230 0.0203603 0.0203010 0.0537446 0.0622912 0.0633005 0.0207171 0.0737752 0.0675926 0.0644725 0.0724927 0.0774250 0.0523996 0.0657106 0.0652888 0.0673736 0.0775108 0.0000000 0.0607790 0.0928683 0.0805227 0.0617398 0.0377897 0.0816125 0.0592725 0.0081492 0.0590818 0.0516863 0.0499428 0.0766580 0.0727956 0.0537188 0.0708832 
Pseudochiridae_Pseudochirulus_forbesi        0.0415042 0.0630356 0.0417201 0.0631626 0.0642410 0.0499674 0.0424651 0.0534462 0.0661570 0.0749099 0.0476678 0.0637789 0.0727754 0.0551947 0.0460584 0.0646194 0.0668168 0.0673403 0.0767033 0.0607790 0.0000000 0.0874665 0.0700745 0.0610818 0.0561853 0.0677938 0.0280198 0.0596002 0.0213831 0.0414940 0.0443315 0.0552083 0.0751023 0.0503399 0.0723654 
Didelphidae_Didelphis_virginiana             0.0796566 0.0768656 0.0831089 0.0989919 0.0975965 0.0657357 0.0832289 0.0882712 0.1018347 0.0898054 0.0884192 0.0823761 0.0946157 0.0989601 0.0789733 0.0827167 0.0860087 0.0821404 0.0886069 0.0928683 0.0874665 0.0000000 0.0351235 0.0800731 0.0963217 0.0824079 0.0801690 0.0922710 0.0779001 0.0755195 0.0746242 0.1013771 0.0917963 0.0673239 0.0876715 
Marmosidae_Monodelphis_domestica             0.0632454 0.0609358 0.0660718 0.0826393 0.0827831 0.0470205 0.0668076 0.0780765 0.0843526 0.0743358 0.0737051 0.0632813 0.0747002 0.0835204 0.0649405 0.0636272 0.0667378 0.0639127 0.0762434 0.0805227 0.0700745 0.0351235 0.0000000 0.0599055 0.0802284 0.0623927 0.0659391 0.0799199 0.0663345 0.0590725 0.0620866 0.0833862 0.0763126 0.0493722 0.0718609 
Dasyuridae_Antechinus_stuartii               0.0537169 0.0536402 0.0547794 0.0614355 0.0634008 0.0088111 0.0533830 0.0605178 0.0657015 0.0514105 0.0586012 0.0040563 0.0228703 0.0737751 0.0521201 0.0047917 0.0116433 0.0154716 0.0546175 0.0617398 0.0610818 0.0800731 0.0599055 0.0000000 0.0591460 0.0617025 0.0526286 0.0595989 0.0551651 0.0541739 0.0522986 0.0712393 0.0537192 0.0092134 0.0510427 
Hypsiprymnodontidae_Hypsiprymnodon_moschatus 0.0601769 0.0717557 0.0683255 0.0374021 0.0368239 0.0558381 0.0581942 0.0605907 0.0410215 0.0717873 0.0619045 0.0623331 0.0701994 0.0715832 0.0523596 0.0635617 0.0644719 0.0677290 0.0750643 0.0377897 0.0561853 0.0963217 0.0802284 0.0591460 0.0000000 0.0809225 0.0570439 0.0358048 0.0541913 0.0530163 0.0474914 0.0717797 0.0723986 0.0572149 0.0695351 
Microbiotheriidae_Dromiciops_gliroides       0.0634424 0.0647709 0.0580388 0.0818323 0.0821228 0.0511759 0.0623311 0.0710766 0.0852837 0.0752786 0.0680092 0.0631333 0.0754289 0.0815052 0.0683989 0.0629882 0.0666846 0.0663186 0.0811670 0.0816125 0.0677938 0.0824079 0.0623927 0.0617025 0.0809225 0.0000000 0.0620918 0.0798951 0.0628658 0.0642854 0.0696705 0.0794768 0.0786989 0.0520995 0.0743021 
Pseudochiridae_Petauroides_volans            0.0382918 0.0623150 0.0388218 0.0608490 0.0606435 0.0450450 0.0365491 0.0513342 0.0626292 0.0689054 0.0446529 0.0545787 0.0643337 0.0521815 0.0411823 0.0545496 0.0553167 0.0600637 0.0709319 0.0592725 0.0280198 0.0801690 0.0659391 0.0526286 0.0570439 0.0620918 0.0000000 0.0576509 0.0421151 0.0419010 0.0423321 0.0476444 0.0706840 0.0454921 0.0665890 
Macropodidae_Wallabia_bicolor                0.0611050 0.0659653 0.0672089 0.0180610 0.0187709 0.0526721 0.0605492 0.0619449 0.0195976 0.0718595 0.0645666 0.0624479 0.0708463 0.0756000 0.0515127 0.0636475 0.0646125 0.0656010 0.0768122 0.0081492 0.0596002 0.0922710 0.0799199 0.0595989 0.0358048 0.0798951 0.0576509 0.0000000 0.0575818 0.0500041 0.0496500 0.0747782 0.0708940 0.0526466 0.0691811 
Pseudochiridae_Pseudocheirus_occidentalis    0.0478039 0.0691176 0.0501590 0.0554006 0.0571040 0.0595860 0.0450885 0.0656597 0.0626292 0.0612752 0.0599013 0.0558789 0.0708778 0.0728233 0.0503051 0.0565166 0.0575821 0.0594110 0.0669705 0.0590818 0.0213831 0.0779001 0.0663345 0.0551651 0.0541913 0.0628658 0.0421151 0.0575818 0.0000000 0.0544665 0.0409498 0.0630017 0.0608160 0.0595476 0.0618445 
Tarsipedidae_Tarsipes_rostratus              0.0437878 0.0690311 0.0479388 0.0537473 0.0531845 0.0570630 0.0438655 0.0620684 0.0551927 0.0597531 0.0532591 0.0553409 0.0648065 0.0651927 0.0444926 0.0561661 0.0575334 0.0582814 0.0634969 0.0516863 0.0414940 0.0755195 0.0590725 0.0541739 0.0530163 0.0642854 0.0419010 0.0500041 0.0544665 0.0000000 0.0440764 0.0578851 0.0576902 0.0575524 0.0579283 
Acrobatidae_Distoechurus_pennatus            0.0419874 0.0589319 0.0506707 0.0535132 0.0529096 0.0470541 0.0394515 0.0494916 0.0547311 0.0636342 0.0476692 0.0546459 0.0651011 0.0583842 0.0264531 0.0558754 0.0584906 0.0573892 0.0699862 0.0499428 0.0443315 0.0746242 0.0620866 0.0522986 0.0474914 0.0696705 0.0423321 0.0496500 0.0409498 0.0440764 0.0000000 0.0547927 0.0661088 0.0465778 0.0630170 
Phalangeridae_Phalanger_carmelitae           0.0433424 0.0685286 0.0536574 0.0771713 0.0773600 0.0595818 0.0264640 0.0089975 0.0812761 0.0887775 0.0127681 0.0730349 0.0844203 0.0056512 0.0580691 0.0753823 0.0758443 0.0814454 0.0902301 0.0766580 0.0552083 0.1013771 0.0833862 0.0712393 0.0717797 0.0794768 0.0476444 0.0747782 0.0630017 0.0578851 0.0547927 0.0000000 0.0908285 0.0595527 0.0849966 
Peramelidae_Peroryctes_raffrayana            0.0746813 0.0563432 0.0725508 0.0722375 0.0724592 0.0479123 0.0733357 0.0705526 0.0754718 0.0124519 0.0757807 0.0547645 0.0665992 0.0931372 0.0639296 0.0551367 0.0564816 0.0581029 0.0203988 0.0727956 0.0751023 0.0917963 0.0763126 0.0537192 0.0723986 0.0786989 0.0706840 0.0708940 0.0608160 0.0576902 0.0661088 0.0908285 0.0000000 0.0483204 0.0123239 
Dasyuridae_Dasyurus_geffroii                 0.0460349 0.0566905 0.0441357 0.0553325 0.0565389 0.0063108 0.0436509 0.0654603 0.0585304 0.0501807 0.0518003 0.0103606 0.0270841 0.0668888 0.0487908 0.0103493 0.0055601 0.0173889 0.0536426 0.0537188 0.0503399 0.0673239 0.0493722 0.0092134 0.0572149 0.0520995 0.0454921 0.0526466 0.0595476 0.0575524 0.0465778 0.0595527 0.0483204 0.0000000 0.0512101 
Peramelidae_Perameles_gunnii                 0.0683861 0.0597651 0.0681073 0.0723706 0.0711131 0.0508331 0.0690797 0.0707365 0.0748705 0.0007894 0.0722349 0.0528736 0.0647507 0.0869201 0.0621996 0.0531992 0.0544897 0.0537462 0.0187108 0.0708832 0.0723654 0.0876715 0.0718609 0.0510427 0.0695351 0.0743021 0.0665890 0.0691811 0.0618445 0.0579283 0.0630170 0.0849966 0.0123239 0.0512101 0.0000000 
