35
Burramyidae_Burramys_parvus                  0.0000000 0.0958827 0.0681322 0.0738868 0.0774324 0.1133784 0.0623316 0.0693722 0.0741992 0.1162745 0.0677806 0.1009474 0.1087906 0.0621577 0.0716442 0.1027564 0.1116626 0.1040533 0.1064502 0.0767719 0.0713037 0.1157541 0.1214382 0.1043633 0.0662976 0.0958032 0.0751576 0.0667350 0.0692219 0.0824332 0.0760984 0.0636460 0.1044302 0.1082370 0.1190682 
Notoryctidae_Notoryctes_typhlops             0.0958827 0.0000000 0.0905510 0.1024132 0.1062927 0.1188208 0.0957036 0.1179973 0.0996214 0.1145383 0.0995279 0.1056299 0.1093650 0.0956466 0.1061598 0.1064579 0.1137910 0.1056246 0.1079063 0.1074093 0.1008288 0.1258453 0.1304231 0.1103791 0.0942968 0.0936797 0.1094307 0.0946080 0.0972790 0.1095999 0.1041630 0.0965698 0.1067733 0.1133616 0.1188219 
Vombatidae_Lasiorhinus_latifrons             0.0681322 0.0905510 0.0000000 0.0742290 0.0778219 0.0937643 0.0679509 0.0770521 0.0699110 0.0970561 0.0692146 0.0813457 0.0876704 0.0659868 0.0741411 0.0825168 0.0919761 0.0821168 0.0913488 0.0733768 0.0767735 0.1074740 0.1104818 0.0815395 0.0636217 0.0808347 0.0828498 0.0633979 0.0754773 0.0817743 0.0759264 0.0660344 0.0921066 0.0903060 0.1001701 
Potoroidae_Bettongia_penicillata             0.0738868 0.1024132 0.0742290 0.0000000 0.0063324 0.1148660 0.0655205 0.0930224 0.0162758 0.1169334 0.0723189 0.1064356 0.1088824 0.0701865 0.0843545 0.1082326 0.1120731 0.1052037 0.1112663 0.0373881 0.0804427 0.1210249 0.1250014 0.1049455 0.0449140 0.0962353 0.0837209 0.0293384 0.0811228 0.0862803 0.0866641 0.0702392 0.1117891 0.1107445 0.1206428 
Potoroidae_Bettongia_lesueur                 0.0774324 0.1062927 0.0778219 0.0063324 0.0000000 0.1199863 0.0693776 0.0953214 0.0188750 0.1219066 0.0755334 0.1109969 0.1138430 0.0733378 0.0872727 0.1127532 0.1170342 0.1103273 0.1157811 0.0404905 0.0844761 0.1255190 0.1303847 0.1102929 0.0491569 0.1006463 0.0874111 0.0320272 0.0844189 0.0906232 0.0919432 0.0733933 0.1168716 0.1156844 0.1257416 
Dasyuridae_Dasyurus_maculatus                0.1133784 0.1188208 0.0937643 0.1148660 0.1199863 0.0000000 0.1128128 0.1467586 0.1153878 0.1322426 0.1158688 0.0294039 0.0398206 0.1166532 0.1212136 0.0307334 0.0201412 0.0351968 0.1246649 0.1194666 0.1156670 0.1337695 0.1383565 0.0304816 0.1083838 0.1101297 0.1231316 0.1044288 0.1170264 0.1199082 0.1221814 0.1176301 0.1254034 0.0181245 0.1379153 
Phalangeridae_Trichosurus_vulpecula          0.0623316 0.0957036 0.0679509 0.0655205 0.0693776 0.1128128 0.0000000 0.0399487 0.0612133 0.1103247 0.0295963 0.1014063 0.1059728 0.0279249 0.0702873 0.1036074 0.1090738 0.0983299 0.1020854 0.0657873 0.0690316 0.1112712 0.1190468 0.1026900 0.0563532 0.0910492 0.0750026 0.0550162 0.0692498 0.0755506 0.0727121 0.0263114 0.1032167 0.1060822 0.1160275 
Phalangeridae_Spilocuscus_maculatus          0.0693722 0.1179973 0.0770521 0.0930224 0.0953214 0.1467586 0.0399487 0.0000000 0.0838808 0.1291222 0.0204572 0.1295068 0.1382762 0.0156500 0.0801360 0.1331836 0.1377797 0.1278969 0.1237930 0.0770960 0.0785970 0.1370322 0.1552138 0.1384399 0.0756561 0.1090833 0.0782224 0.0764990 0.0792154 0.1002458 0.0882170 0.0162247 0.1213278 0.1289623 0.1349510 
Potoroidae_Aepyprymnus_rufescens             0.0741992 0.0996214 0.0699110 0.0162758 0.0188750 0.1153878 0.0612133 0.0838808 0.0000000 0.1131782 0.0665854 0.1019066 0.1073046 0.0640222 0.0801938 0.1046205 0.1100297 0.1042145 0.1066723 0.0356667 0.0769282 0.1198248 0.1210919 0.1028719 0.0416017 0.0955968 0.0816462 0.0262301 0.0775563 0.0841963 0.0815126 0.0640706 0.1065364 0.1091153 0.1166513 
Peramelidae_Perameles_nasuta                 0.1162745 0.1145383 0.0970561 0.1169334 0.1219066 0.1322426 0.1103247 0.1291222 0.1131782 0.0000000 0.1145819 0.1196241 0.1201300 0.1098654 0.1217334 0.1216067 0.1313622 0.1163880 0.0239111 0.1185869 0.1234010 0.1473075 0.1421325 0.1182787 0.1065129 0.1087126 0.1297898 0.1085333 0.1171492 0.1219460 0.1191948 0.1108762 0.0255794 0.1252568 0.0022903 
Phalangeridae_Strigocuscus_pelengensis       0.0677806 0.0995279 0.0692146 0.0723189 0.0755334 0.1158688 0.0295963 0.0204572 0.0665854 0.1145819 0.0000000 0.1051739 0.1076711 0.0133529 0.0751801 0.1080320 0.1144280 0.1010524 0.1055072 0.0682218 0.0710928 0.1164255 0.1240527 0.1074995 0.0602017 0.0905844 0.0813968 0.0586441 0.0716414 0.0779229 0.0747443 0.0127317 0.1046159 0.1080914 0.1168454 
Dasyuridae_Phascogale_tapoatafa              0.1009474 0.1056299 0.0813457 0.1064356 0.1109969 0.0294039 0.1014063 0.1295068 0.1019066 0.1196241 0.1051739 0.0000000 0.0284198 0.1045022 0.1044824 0.0034256 0.0205532 0.0224340 0.1103165 0.1098146 0.1040231 0.1228112 0.1285536 0.0075621 0.0974104 0.1006815 0.1119395 0.0954183 0.1027722 0.1081205 0.1062132 0.1062723 0.1124035 0.0228808 0.1221104 
Dasyuridae_Sminthopsis_macroura              0.1087906 0.1093650 0.0876704 0.1088824 0.1138430 0.0398206 0.1059728 0.1382762 0.1073046 0.1201300 0.1076711 0.0284198 0.0000000 0.1090600 0.1108607 0.0307183 0.0320849 0.0214927 0.1156561 0.1131972 0.1073185 0.1259787 0.1331837 0.0291270 0.1016795 0.1004564 0.1164079 0.1001328 0.1105573 0.1109192 0.1118757 0.1091980 0.1188152 0.0354895 0.1238781 
Phalangeridae_Phalanger_orientalis           0.0621577 0.0956466 0.0659868 0.0701865 0.0733378 0.1166532 0.0279249 0.0156500 0.0640222 0.1098654 0.0133529 0.1045022 0.1090600 0.0000000 0.0711677 0.1067570 0.1135223 0.1018864 0.1030792 0.0688413 0.0659063 0.1168784 0.1227886 0.1070811 0.0594623 0.0897861 0.0767316 0.0587398 0.0686787 0.0764523 0.0728078 0.0041909 0.1013919 0.1091146 0.1145862 
Acrobatidae_Acrobates_pygmaeus               0.0716442 0.1061598 0.0741411 0.0843545 0.0872727 0.1212136 0.0702873 0.0801360 0.0801938 0.1217334 0.0751801 0.1044824 0.1108607 0.0711677 0.0000000 0.1063554 0.1167571 0.1063396 0.1156398 0.0851199 0.0702833 0.1237704 0.1322539 0.1049144 0.0742252 0.1001541 0.0778668 0.0729087 0.0668798 0.0765520 0.0371631 0.0719943 0.1153449 0.1144912 0.1249941 
Dasyuridae_Phascogale_calura                 0.1027564 0.1064579 0.0825168 0.1082326 0.1127532 0.0307334 0.1036074 0.1331836 0.1046205 0.1216067 0.1080320 0.0034256 0.0307183 0.1067570 0.1063554 0.0000000 0.0222347 0.0243086 0.1121412 0.1108206 0.1072969 0.1234035 0.1291106 0.0095484 0.0988744 0.1024859 0.1137095 0.0965669 0.1066181 0.1106136 0.1083088 0.1085132 0.1143579 0.0248715 0.1239931 
Dasyuridae_Sarcophilus_harrisii              0.1116626 0.1137910 0.0919761 0.1120731 0.1170342 0.0201412 0.1090738 0.1377797 0.1100297 0.1313622 0.1144280 0.0205532 0.0320849 0.1135223 0.1167571 0.0222347 0.0000000 0.0282163 0.1212659 0.1163101 0.1150232 0.1340917 0.1393826 0.0242169 0.1039666 0.1096691 0.1231362 0.1010959 0.1165674 0.1169082 0.1206929 0.1136160 0.1239900 0.0123475 0.1342245 
Dasyuridae_Planigale_tenuirostris            0.1040533 0.1056246 0.0821168 0.1052037 0.1103273 0.0351968 0.0983299 0.1278969 0.1042145 0.1163880 0.1010524 0.0224340 0.0214927 0.1018864 0.1063396 0.0243086 0.0282163 0.0000000 0.1099264 0.1101516 0.1041202 0.1187044 0.1223675 0.0250941 0.0955367 0.0980741 0.1116494 0.0960197 0.1044952 0.1049019 0.1082564 0.1015894 0.1123224 0.0300099 0.1197409 
Peramelidae_Echymipera_kalubu                0.1064502 0.1079063 0.0913488 0.1112663 0.1157811 0.1246649 0.1020854 0.1237930 0.1066723 0.0239111 0.1055072 0.1103165 0.1156561 0.1030792 0.1156398 0.1121412 0.1212659 0.1099264 0.0000000 0.1125199 0.1104789 0.1352544 0.1357806 0.1086324 0.0992344 0.1018302 0.1212341 0.1017492 0.1085100 0.1161031 0.1112823 0.1039883 0.0164234 0.1172260 0.0265978 
Macropodidae_Dorcopsulus_vanheurni           0.0767719 0.1074093 0.0733768 0.0373881 0.0404905 0.1194666 0.0657873 0.0770960 0.0356667 0.1185869 0.0682218 0.1098146 0.1131972 0.0688413 0.0851199 0.1108206 0.1163101 0.1101516 0.1125199 0.0000000 0.0817880 0.1232760 0.1309776 0.1087093 0.0448526 0.0982020 0.0820057 0.0175761 0.0820937 0.0910060 0.0874218 0.0681565 0.1122429 0.1145540 0.1202116 
Pseudochiridae_Pseudochirulus_forbesi        0.0713037 0.1008288 0.0767735 0.0804427 0.0844761 0.1156670 0.0690316 0.0785970 0.0769282 0.1234010 0.0710928 0.1040231 0.1073185 0.0659063 0.0702833 0.1072969 0.1150232 0.1041202 0.1104789 0.0817880 0.0000000 0.1260822 0.1278217 0.1077010 0.0721991 0.0973594 0.0400177 0.0701248 0.0191843 0.0662095 0.0707743 0.0666863 0.1121502 0.1106245 0.1242476 
Didelphidae_Didelphis_virginiana             0.1157541 0.1258453 0.1074740 0.1210249 0.1255190 0.1337695 0.1112712 0.1370322 0.1198248 0.1473075 0.1164255 0.1228112 0.1259787 0.1168784 0.1237704 0.1234035 0.1340917 0.1187044 0.1352544 0.1232760 0.1260822 0.0000000 0.0472548 0.1229913 0.1149595 0.1084057 0.1327693 0.1082733 0.1265718 0.1279813 0.1210353 0.1165846 0.1361025 0.1320840 0.1460706 
Marmosidae_Monodelphis_domestica             0.1214382 0.1304231 0.1104818 0.1250014 0.1303847 0.1383565 0.1190468 0.1552138 0.1210919 0.1421325 0.1240527 0.1285536 0.1331837 0.1227886 0.1322539 0.1291106 0.1393826 0.1223675 0.1357806 0.1309776 0.1278217 0.0472548 0.0000000 0.1223208 0.1235316 0.1130889 0.1374985 0.1183573 0.1302763 0.1370409 0.1289775 0.1215541 0.1321890 0.1374601 0.1480881 
Dasyuridae_Antechinus_stuartii               0.1043633 0.1103791 0.0815395 0.1049455 0.1102929 0.0304816 0.1026900 0.1384399 0.1028719 0.1182787 0.1074995 0.0075621 0.0291270 0.1070811 0.1049144 0.0095484 0.0242169 0.0250941 0.1086324 0.1087093 0.1077010 0.1229913 0.1223208 0.0000000 0.0990431 0.1039988 0.1174783 0.0954604 0.1071595 0.1071225 0.1061306 0.1090260 0.1115285 0.0234922 0.1214195 
Hypsiprymnodontidae_Hypsiprymnodon_moschatus 0.0662976 0.0942968 0.0636217 0.0449140 0.0491569 0.1083838 0.0563532 0.0756561 0.0416017 0.1065129 0.0602017 0.0974104 0.1016795 0.0594623 0.0742252 0.0988744 0.1039666 0.0955367 0.0992344 0.0448526 0.0721991 0.1149595 0.1235316 0.0990431 0.0000000 0.0873400 0.0805598 0.0338895 0.0712953 0.0800564 0.0774062 0.0587871 0.0986696 0.1014285 0.1092164 
Microbiotheriidae_Dromiciops_gliroides       0.0958032 0.0936797 0.0808347 0.0962353 0.1006463 0.1101297 0.0910492 0.1090833 0.0955968 0.1087126 0.0905844 0.1006815 0.1004564 0.0897861 0.1001541 0.1024859 0.1096691 0.0980741 0.1018302 0.0982020 0.0973594 0.1084057 0.1130889 0.1039988 0.0873400 0.0000000 0.1075726 0.0870243 0.0978319 0.1023860 0.1027690 0.0907178 0.1003927 0.1032421 0.1099165 
Pseudochiridae_Petauroides_volans            0.0751576 0.1094307 0.0828498 0.0837209 0.0874111 0.1231316 0.0750026 0.0782224 0.0816462 0.1297898 0.0813968 0.1119395 0.1164079 0.0767316 0.0778668 0.1137095 0.1231362 0.1116494 0.1212341 0.0820057 0.0400177 0.1327693 0.1374985 0.1174783 0.0805598 0.1075726 0.0000000 0.0753221 0.0382439 0.0752800 0.0791638 0.0766589 0.1211669 0.1194584 0.1322942 
Macropodidae_Wallabia_bicolor                0.0667350 0.0946080 0.0633979 0.0293384 0.0320272 0.1044288 0.0550162 0.0764990 0.0262301 0.1085333 0.0586441 0.0954183 0.1001328 0.0587398 0.0729087 0.0965669 0.1010959 0.0960197 0.1017492 0.0175761 0.0701248 0.1082733 0.1183573 0.0954604 0.0338895 0.0870243 0.0753221 0.0000000 0.0699642 0.0784814 0.0740644 0.0580679 0.1003631 0.0998114 0.1105203 
Pseudochiridae_Pseudocheirus_occidentalis    0.0692219 0.0972790 0.0754773 0.0811228 0.0844189 0.1170264 0.0692498 0.0792154 0.0775563 0.1171492 0.0716414 0.1027722 0.1105573 0.0686787 0.0668798 0.1066181 0.1165674 0.1044952 0.1085100 0.0820937 0.0191843 0.1265718 0.1302763 0.1071595 0.0712953 0.0978319 0.0382439 0.0699642 0.0000000 0.0648224 0.0672529 0.0694995 0.1108347 0.1125379 0.1208621 
Tarsipedidae_Tarsipes_rostratus              0.0824332 0.1095999 0.0817743 0.0862803 0.0906232 0.1199082 0.0755506 0.1002458 0.0841963 0.1219460 0.0779229 0.1081205 0.1109192 0.0764523 0.0765520 0.1106136 0.1169082 0.1049019 0.1161031 0.0910060 0.0662095 0.1279813 0.1370409 0.1071225 0.0800564 0.1023860 0.0752800 0.0784814 0.0648224 0.0000000 0.0756585 0.0753285 0.1146014 0.1158266 0.1281732 
Acrobatidae_Distoechurus_pennatus            0.0760984 0.1041630 0.0759264 0.0866641 0.0919432 0.1221814 0.0727121 0.0882170 0.0815126 0.1191948 0.0747443 0.1062132 0.1118757 0.0728078 0.0371631 0.1083088 0.1206929 0.1082564 0.1112823 0.0874218 0.0707743 0.1210353 0.1289775 0.1061306 0.0774062 0.1027690 0.0791638 0.0740644 0.0672529 0.0756585 0.0000000 0.0736107 0.1109487 0.1167555 0.1241265 
Phalangeridae_Phalanger_carmelitae           0.0636460 0.0965698 0.0660344 0.0702392 0.0733933 0.1176301 0.0263114 0.0162247 0.0640706 0.1108762 0.0127317 0.1062723 0.1091980 0.0041909 0.0719943 0.1085132 0.1136160 0.1015894 0.1039883 0.0681565 0.0666863 0.1165846 0.1215541 0.1090260 0.0587871 0.0907178 0.0766589 0.0580679 0.0694995 0.0753285 0.0736107 0.0000000 0.1031592 0.1100346 0.1155765 
Peramelidae_Peroryctes_raffrayana            0.1044302 0.1067733 0.0921066 0.1117891 0.1168716 0.1254034 0.1032167 0.1213278 0.1065364 0.0255794 0.1046159 0.1124035 0.1188152 0.1013919 0.1153449 0.1143579 0.1239900 0.1123224 0.0164234 0.1122429 0.1121502 0.1361025 0.1321890 0.1115285 0.0986696 0.1003927 0.1211669 0.1003631 0.1108347 0.1146014 0.1109487 0.1031592 0.0000000 0.1189128 0.0271412 
Dasyuridae_Dasyurus_geffroii                 0.1082370 0.1133616 0.0903060 0.1107445 0.1156844 0.0181245 0.1060822 0.1289623 0.1091153 0.1252568 0.1080914 0.0228808 0.0354895 0.1091146 0.1144912 0.0248715 0.0123475 0.0300099 0.1172260 0.1145540 0.1106245 0.1320840 0.1374601 0.0234922 0.1014285 0.1032421 0.1194584 0.0998114 0.1125379 0.1158266 0.1167555 0.1100346 0.1189128 0.0000000 0.1300398 
Peramelidae_Perameles_gunnii                 0.1190682 0.1188219 0.1001701 0.1206428 0.1257416 0.1379153 0.1160275 0.1349510 0.1166513 0.0022903 0.1168454 0.1221104 0.1238781 0.1145862 0.1249941 0.1239931 0.1342245 0.1197409 0.0265978 0.1202116 0.1242476 0.1460706 0.1480881 0.1214195 0.1092164 0.1099165 0.1322942 0.1105203 0.1208621 0.1281732 0.1241265 0.1155765 0.0271412 0.1300398 0.0000000 
