35
Burramyidae_Burramys_parvus                  0.0000000 0.1531257 0.0860771 0.1214608 0.1095616 0.1160131 0.0683965 0.0702582 0.1285506 0.1319258 0.0322513 0.1269832 0.1151680 0.0730181 0.0960028 0.1246178 0.1149763 0.0997859 0.1493905 0.1181007 0.0923418 0.0623640 0.1411488 0.1204799 0.1349440 0.1214937 0.0839924 0.1368413 0.0899986 0.1229682 0.0894263 0.0794747 0.1264010 0.1115959 0.1381025 
Notoryctidae_Notoryctes_typhlops             0.1531257 0.0000000 0.1442515 0.2009983 0.1932986 0.1516772 0.1423470 0.1500400 0.1996888 0.1632036 0.1085651 0.1703025 0.1604062 0.1466464 0.1377483 0.1660727 0.1568393 0.1562738 0.1793920 0.1799628 0.1620883 0.1236454 0.1663318 0.1668725 0.2053966 0.1583047 0.1526652 0.2027922 0.1377636 0.1609666 0.1463476 0.1568170 0.1666168 0.1530611 0.1724038 
Vombatidae_Lasiorhinus_latifrons             0.0860771 0.1442515 0.0000000 0.1297873 0.1130648 0.1087212 0.0694989 0.0785258 0.1270870 0.1240551 0.0466552 0.1171876 0.1045061 0.0789939 0.0941626 0.1158598 0.1114389 0.0944692 0.1369910 0.1076496 0.0936209 0.0711201 0.1280662 0.1111442 0.1200098 0.1090295 0.0838121 0.1289584 0.0878296 0.1156220 0.0885117 0.0839627 0.1192402 0.1074228 0.1330164 
Potoroidae_Bettongia_penicillata             0.1214608 0.2009983 0.1297873 0.0000000 0.0179940 0.1688732 0.1127221 0.1179752 0.0448311 0.1762584 0.0600604 0.1774536 0.1651922 0.1216800 0.1002094 0.1753082 0.1728946 0.1567431 0.1857166 0.0457832 0.1232670 0.0772060 0.1692112 0.1729444 0.1126281 0.1714405 0.1208402 0.0680908 0.1249025 0.1594719 0.1248603 0.1304047 0.1707218 0.1616021 0.1774645 
Potoroidae_Bettongia_lesueur                 0.1095616 0.1932986 0.1130648 0.0179940 0.0000000 0.1534242 0.0984009 0.1046147 0.0472171 0.1606156 0.0512590 0.1639628 0.1514955 0.1081964 0.0938231 0.1602178 0.1583177 0.1425020 0.1704283 0.0437067 0.1111261 0.0697705 0.1565654 0.1582491 0.0973507 0.1592609 0.1052628 0.0682882 0.1132118 0.1386722 0.1075600 0.1171441 0.1597709 0.1479258 0.1620187 
Dasyuridae_Dasyurus_maculatus                0.1160131 0.1516772 0.1087212 0.1688732 0.1534242 0.0000000 0.1176641 0.1119766 0.1778470 0.1352317 0.0705982 0.0401670 0.0496653 0.1177551 0.1323559 0.0377052 0.0159449 0.0405202 0.1549357 0.1561462 0.1260706 0.0643573 0.1421596 0.0315508 0.1808838 0.1261998 0.1174748 0.1862201 0.1062262 0.1458205 0.1235766 0.1277365 0.1381286 0.0122768 0.1370251 
Phalangeridae_Trichosurus_vulpecula          0.0683965 0.1423470 0.0694989 0.1127221 0.0984009 0.1176641 0.0000000 0.0309161 0.1146696 0.1234312 0.0221700 0.1289733 0.1158410 0.0333969 0.0836539 0.1249750 0.1173366 0.0974003 0.1354184 0.1078664 0.0826813 0.0722806 0.1398383 0.1190239 0.1194867 0.1202507 0.0789737 0.1214298 0.0795387 0.1106565 0.0804434 0.0343443 0.1206004 0.1116863 0.1246909 
Phalangeridae_Spilocuscus_maculatus          0.0702582 0.1500400 0.0785258 0.1179752 0.1046147 0.1119766 0.0309161 0.0000000 0.1249494 0.1276008 0.0076163 0.1275790 0.1176368 0.0201964 0.0911136 0.1244056 0.1157103 0.1029633 0.1411184 0.1153011 0.0834511 0.0639579 0.1412222 0.1167361 0.1234882 0.1264154 0.0808857 0.1342603 0.0810800 0.1103392 0.0835667 0.0252825 0.1266320 0.1076852 0.1304555 
Potoroidae_Aepyprymnus_rufescens             0.1285506 0.1996888 0.1270870 0.0448311 0.0472171 0.1778470 0.1146696 0.1249494 0.0000000 0.1769597 0.0638539 0.1883396 0.1694545 0.1260064 0.1010351 0.1858103 0.1822231 0.1629510 0.1900205 0.0494024 0.1304696 0.0821870 0.1711891 0.1828152 0.1078614 0.1826277 0.1188625 0.0526766 0.1280999 0.1663447 0.1201405 0.1351216 0.1778065 0.1750412 0.1757563 
Peramelidae_Perameles_nasuta                 0.1319258 0.1632036 0.1240551 0.1762584 0.1606156 0.1352317 0.1234312 0.1276008 0.1769597 0.0000000 0.0500642 0.1514953 0.1376650 0.1295447 0.1397011 0.1484978 0.1414358 0.1286660 0.0294465 0.1612613 0.1482932 0.0601698 0.1613080 0.1460460 0.1852244 0.1468690 0.1346812 0.1874954 0.1363069 0.1744431 0.1304341 0.1388183 0.0206597 0.1342680 0.0000010 
Phalangeridae_Strigocuscus_pelengensis       0.0322513 0.1085651 0.0466552 0.0600604 0.0512590 0.0705982 0.0221700 0.0076163 0.0638539 0.0500642 0.0000000 0.0822661 0.0690094 0.0083268 0.0401640 0.0802079 0.0729103 0.0362040 0.0683684 0.0474495 0.0514398 0.0615882 0.0738676 0.0763646 0.0740473 0.0777175 0.0411274 0.0747259 0.0380438 0.0533994 0.0429135 0.0166280 0.0342862 0.0726246 0.0654527 
Dasyuridae_Phascogale_tapoatafa              0.1269832 0.1703025 0.1171876 0.1774536 0.1639628 0.0401670 0.1289733 0.1275790 0.1883396 0.1514953 0.0822661 0.0000000 0.0570088 0.1323268 0.1499677 0.0097479 0.0367647 0.0528625 0.1699521 0.1672334 0.1444053 0.0707420 0.1594152 0.0209689 0.1919318 0.1400922 0.1371780 0.1950122 0.1240744 0.1580784 0.1383096 0.1436379 0.1507934 0.0355173 0.1506956 
Dasyuridae_Sminthopsis_macroura              0.1151680 0.1604062 0.1045061 0.1651922 0.1514955 0.0496653 0.1158410 0.1176368 0.1694545 0.1376650 0.0690094 0.0570088 0.0000000 0.1188898 0.1370702 0.0551245 0.0520159 0.0353391 0.1566293 0.1515340 0.1242916 0.0588902 0.1355563 0.0492966 0.1719730 0.1309241 0.1205212 0.1762324 0.1048669 0.1502256 0.1197058 0.1293487 0.1410966 0.0473112 0.1395534 
Phalangeridae_Phalanger_orientalis           0.0730181 0.1466464 0.0789939 0.1216800 0.1081964 0.1177551 0.0333969 0.0201964 0.1260064 0.1295447 0.0083268 0.1323268 0.1188898 0.0000000 0.0915575 0.1277561 0.1204562 0.0947739 0.1432123 0.1141982 0.0869574 0.0666571 0.1456542 0.1205472 0.1249548 0.1234063 0.0800344 0.1335241 0.0828504 0.1046408 0.0839093 0.0119039 0.1260083 0.1140692 0.1341487 
Acrobatidae_Acrobates_pygmaeus               0.0960028 0.1377483 0.0941626 0.1002094 0.0938231 0.1323559 0.0836539 0.0911136 0.1010351 0.1397011 0.0401640 0.1499677 0.1370702 0.0915575 0.0000000 0.1437224 0.1372615 0.1282082 0.1498085 0.0941007 0.0900635 0.0629843 0.1362948 0.1404757 0.1329414 0.1322856 0.0805040 0.1140034 0.0916689 0.1123216 0.0468783 0.0959598 0.1372848 0.1287398 0.1455713 
Dasyuridae_Phascogale_calura                 0.1246178 0.1660727 0.1158598 0.1753082 0.1602178 0.0377052 0.1249750 0.1244056 0.1858103 0.1484978 0.0802079 0.0097479 0.0551245 0.1277561 0.1437224 0.0000000 0.0339187 0.0529030 0.1653171 0.1634753 0.1403538 0.0694699 0.1568534 0.0173796 0.1883587 0.1362658 0.1314768 0.1935763 0.1217793 0.1561256 0.1337451 0.1382450 0.1483320 0.0319575 0.1491297 
Dasyuridae_Sarcophilus_harrisii              0.1149763 0.1568393 0.1114389 0.1728946 0.1583177 0.0159449 0.1173366 0.1157103 0.1822231 0.1414358 0.0729103 0.0367647 0.0520159 0.1204562 0.1372615 0.0339187 0.0000000 0.0474476 0.1580190 0.1643868 0.1322001 0.0626557 0.1481239 0.0279826 0.1874680 0.1229216 0.1264834 0.1887487 0.1162746 0.1546453 0.1324287 0.1300622 0.1420879 0.0083887 0.1442737 
Dasyuridae_Planigale_tenuirostris            0.0997859 0.1562738 0.0944692 0.1567431 0.1425020 0.0405202 0.0974003 0.1029633 0.1629510 0.1286660 0.0362040 0.0528625 0.0353391 0.0947739 0.1282082 0.0529030 0.0474476 0.0000000 0.1440977 0.1454917 0.1202098 0.0362811 0.1319743 0.0481286 0.1577863 0.1122993 0.1121469 0.1622335 0.1148328 0.1216892 0.1153375 0.1139097 0.1384949 0.0412650 0.1265506 
Peramelidae_Echymipera_kalubu                0.1493905 0.1793920 0.1369910 0.1857166 0.1704283 0.1549357 0.1354184 0.1411184 0.1900205 0.0294465 0.0683684 0.1699521 0.1566293 0.1432123 0.1498085 0.1653171 0.1580190 0.1440977 0.0000000 0.1712456 0.1552460 0.0718833 0.1624039 0.1663611 0.1870683 0.1522798 0.1472911 0.1998229 0.1420724 0.1762160 0.1428208 0.1509301 0.0308579 0.1522981 0.0250357 
Macropodidae_Dorcopsulus_vanheurni           0.1181007 0.1799628 0.1076496 0.0457832 0.0437067 0.1561462 0.1078664 0.1153011 0.0494024 0.1612613 0.0474495 0.1672334 0.1515340 0.1141982 0.0941007 0.1634753 0.1643868 0.1454917 0.1712456 0.0000000 0.1228802 0.0647190 0.1472067 0.1605979 0.1040498 0.1623268 0.1074185 0.0363946 0.1146417 0.1449713 0.1088544 0.1233892 0.1584879 0.1550927 0.1580047 
Pseudochiridae_Pseudochirulus_forbesi        0.0923418 0.1620883 0.0936209 0.1232670 0.1111261 0.1260706 0.0826813 0.0834511 0.1304696 0.1482932 0.0514398 0.1444053 0.1242916 0.0869574 0.0900635 0.1403538 0.1322001 0.1202098 0.1552460 0.1228802 0.0000000 0.0741127 0.1415486 0.1350089 0.1318747 0.1350996 0.0434673 0.1416079 0.0226017 0.0911393 0.0875252 0.0922255 0.1448958 0.1217009 0.1505562 
Didelphidae_Didelphis_virginiana             0.0623640 0.1236454 0.0711201 0.0772060 0.0697705 0.0643573 0.0722806 0.0639579 0.0821870 0.0601698 0.0615882 0.0707420 0.0588902 0.0666571 0.0629843 0.0694699 0.0626557 0.0362811 0.0718833 0.0647190 0.0741127 0.0000000 0.0310407 0.0690365 0.1035738 0.0715930 0.0676617 0.0958101 0.0527749 0.0768479 0.0671055 0.0767475 0.0427900 0.0622697 0.0700047 
Marmosidae_Monodelphis_domestica             0.1411488 0.1663318 0.1280662 0.1692112 0.1565654 0.1421596 0.1398383 0.1412222 0.1711891 0.1613080 0.0738676 0.1594152 0.1355563 0.1456542 0.1362948 0.1568534 0.1481239 0.1319743 0.1624039 0.1472067 0.1415486 0.0310407 0.0000000 0.1548242 0.1835826 0.1475224 0.1272944 0.1747577 0.1282951 0.1559289 0.1373759 0.1480943 0.1544183 0.1411819 0.1611408 
Dasyuridae_Antechinus_stuartii               0.1204799 0.1668725 0.1111442 0.1729444 0.1582491 0.0315508 0.1190239 0.1167361 0.1828152 0.1460460 0.0763646 0.0209689 0.0492966 0.1205472 0.1404757 0.0173796 0.0279826 0.0481286 0.1663611 0.1605979 0.1350089 0.0690365 0.1548242 0.0000000 0.1840439 0.1340747 0.1295098 0.1879299 0.1178119 0.1524488 0.1295877 0.1315230 0.1456203 0.0259125 0.1493497 
Hypsiprymnodontidae_Hypsiprymnodon_moschatus 0.1349440 0.2053966 0.1200098 0.1126281 0.0973507 0.1808838 0.1194867 0.1234882 0.1078614 0.1852244 0.0740473 0.1919318 0.1719730 0.1249548 0.1329414 0.1883587 0.1874680 0.1577863 0.1870683 0.1040498 0.1318747 0.1035738 0.1835826 0.1840439 0.0000000 0.1813780 0.1202936 0.1235039 0.1274146 0.1619312 0.1269213 0.1332368 0.1910434 0.1772848 0.1767801 
Microbiotheriidae_Dromiciops_gliroides       0.1214937 0.1583047 0.1090295 0.1714405 0.1592609 0.1261998 0.1202507 0.1264154 0.1826277 0.1468690 0.0777175 0.1400922 0.1309241 0.1234063 0.1322856 0.1362658 0.1229216 0.1122993 0.1522798 0.1623268 0.1350996 0.0715930 0.1475224 0.1340747 0.1813780 0.0000000 0.1235394 0.1830683 0.1238887 0.1559202 0.1284772 0.1318634 0.1440836 0.1193429 0.1478015 
Pseudochiridae_Petauroides_volans            0.0839924 0.1526652 0.0838121 0.1208402 0.1052628 0.1174748 0.0789737 0.0808857 0.1188625 0.1346812 0.0411274 0.1371780 0.1205212 0.0800344 0.0805040 0.1314768 0.1264834 0.1121469 0.1472911 0.1074185 0.0434673 0.0676617 0.1272944 0.1295098 0.1202936 0.1235394 0.0000000 0.1273496 0.0378803 0.0828677 0.0679620 0.0880509 0.1300144 0.1172676 0.1349591 
Macropodidae_Wallabia_bicolor                0.1368413 0.2027922 0.1289584 0.0680908 0.0682882 0.1862201 0.1214298 0.1342603 0.0526766 0.1874954 0.0747259 0.1950122 0.1762324 0.1335241 0.1140034 0.1935763 0.1887487 0.1622335 0.1998229 0.0363946 0.1416079 0.0958101 0.1747577 0.1879299 0.1235039 0.1830683 0.1273496 0.0000000 0.1323971 0.1676473 0.1331063 0.1427082 0.1850016 0.1833849 0.1867866 
Pseudochiridae_Pseudocheirus_occidentalis    0.0899986 0.1377636 0.0878296 0.1249025 0.1132118 0.1062262 0.0795387 0.0810800 0.1280999 0.1363069 0.0380438 0.1240744 0.1048669 0.0828504 0.0916689 0.1217793 0.1162746 0.1148328 0.1420724 0.1146417 0.0226017 0.0527749 0.1282951 0.1178119 0.1274146 0.1238887 0.0378803 0.1323971 0.0000000 0.0854229 0.0806875 0.0906554 0.1359904 0.1065795 0.1274265 
Tarsipedidae_Tarsipes_rostratus              0.1229682 0.1609666 0.1156220 0.1594719 0.1386722 0.1458205 0.1106565 0.1103392 0.1663447 0.1744431 0.0533994 0.1580784 0.1502256 0.1046408 0.1123216 0.1561256 0.1546453 0.1216892 0.1762160 0.1449713 0.0911393 0.0768479 0.1559289 0.1524488 0.1619312 0.1559202 0.0828677 0.1676473 0.0854229 0.0000000 0.1026646 0.1194539 0.1696936 0.1472890 0.1685378 
Acrobatidae_Distoechurus_pennatus            0.0894263 0.1463476 0.0885117 0.1248603 0.1075600 0.1235766 0.0804434 0.0835667 0.1201405 0.1304341 0.0429135 0.1383096 0.1197058 0.0839093 0.0468783 0.1337451 0.1324287 0.1153375 0.1428208 0.1088544 0.0875252 0.0671055 0.1373759 0.1295877 0.1269213 0.1284772 0.0679620 0.1331063 0.0806875 0.1026646 0.0000000 0.0906887 0.1259759 0.1240632 0.1332858 
Phalangeridae_Phalanger_carmelitae           0.0794747 0.1568170 0.0839627 0.1304047 0.1171441 0.1277365 0.0343443 0.0252825 0.1351216 0.1388183 0.0166280 0.1436379 0.1293487 0.0119039 0.0959598 0.1382450 0.1300622 0.1139097 0.1509301 0.1233892 0.0922255 0.0767475 0.1480943 0.1315230 0.1332368 0.1318634 0.0880509 0.1427082 0.0906554 0.1194539 0.0906887 0.0000000 0.1344128 0.1231859 0.1444968 
Peramelidae_Peroryctes_raffrayana            0.1264010 0.1666168 0.1192402 0.1707218 0.1597709 0.1381286 0.1206004 0.1266320 0.1778065 0.0206597 0.0342862 0.1507934 0.1410966 0.1260083 0.1372848 0.1483320 0.1420879 0.1384949 0.0308579 0.1584879 0.1448958 0.0427900 0.1544183 0.1456203 0.1910434 0.1440836 0.1300144 0.1850016 0.1359904 0.1696936 0.1259759 0.1344128 0.0000000 0.1362043 0.0197286 
Dasyuridae_Dasyurus_geffroii                 0.1115959 0.1530611 0.1074228 0.1616021 0.1479258 0.0122768 0.1116863 0.1076852 0.1750412 0.1342680 0.0726246 0.0355173 0.0473112 0.1140692 0.1287398 0.0319575 0.0083887 0.0412650 0.1522981 0.1550927 0.1217009 0.0622697 0.1411819 0.0259125 0.1772848 0.1193429 0.1172676 0.1833849 0.1065795 0.1472890 0.1240632 0.1231859 0.1362043 0.0000000 0.1390003 
Peramelidae_Perameles_gunnii                 0.1381025 0.1724038 0.1330164 0.1774645 0.1620187 0.1370251 0.1246909 0.1304555 0.1757563 0.0000010 0.0654527 0.1506956 0.1395534 0.1341487 0.1455713 0.1491297 0.1442737 0.1265506 0.0250357 0.1580047 0.1505562 0.0700047 0.1611408 0.1493497 0.1767801 0.1478015 0.1349591 0.1867866 0.1274265 0.1685378 0.1332858 0.1444968 0.0197286 0.1390003 0.0000000 
