35
Burramyidae_Burramys_parvus                  0.0000000 0.0498796 0.0327269 0.0359062 0.0350078 0.0489315 0.0246053 0.0250625 0.0331522 0.0551796 0.0230151 0.0524789 0.0532974 0.0257527 0.0338062 0.0525800 0.0509680 0.0501222 0.0563143 0.0295949 0.0339368 0.0571248 0.0522808 0.0505956 0.0353977 0.0371805 0.0288928 0.0302385 0.0311503 0.0516244 0.0317146 0.0258965 0.0544154 0.0509853 0.0549944 
Notoryctidae_Notoryctes_typhlops             0.0498796 0.0000000 0.0493496 0.0601958 0.0606968 0.0602210 0.0502106 0.0534558 0.0587263 0.0621734 0.0514526 0.0654473 0.0655547 0.0526447 0.0579344 0.0645477 0.0614003 0.0624179 0.0645346 0.0565108 0.0580490 0.0733390 0.0681095 0.0626708 0.0594039 0.0492897 0.0531440 0.0572448 0.0557315 0.0769676 0.0573117 0.0534695 0.0626535 0.0611326 0.0634648 
Vombatidae_Lasiorhinus_latifrons             0.0327269 0.0493496 0.0000000 0.0402664 0.0407187 0.0464227 0.0315510 0.0326623 0.0368001 0.0522522 0.0310278 0.0503724 0.0516449 0.0327698 0.0381275 0.0496937 0.0484530 0.0467305 0.0547771 0.0355733 0.0388738 0.0567026 0.0514608 0.0482766 0.0382087 0.0365446 0.0347229 0.0357010 0.0376026 0.0549207 0.0370360 0.0331128 0.0530928 0.0477366 0.0529198 
Potoroidae_Bettongia_penicillata             0.0359062 0.0601958 0.0402664 0.0000000 0.0029650 0.0535898 0.0350345 0.0358013 0.0111661 0.0624907 0.0350451 0.0570896 0.0572856 0.0372038 0.0404111 0.0571641 0.0557055 0.0562532 0.0623683 0.0175822 0.0442847 0.0672199 0.0603251 0.0552712 0.0311188 0.0469103 0.0403818 0.0189782 0.0402593 0.0618792 0.0388288 0.0364050 0.0620515 0.0557253 0.0639573 
Potoroidae_Bettongia_lesueur                 0.0350078 0.0606968 0.0407187 0.0029650 0.0000000 0.0536029 0.0348024 0.0353478 0.0103853 0.0635281 0.0340879 0.0581159 0.0583124 0.0365154 0.0401676 0.0581920 0.0562216 0.0570723 0.0631612 0.0173740 0.0436296 0.0672362 0.0605919 0.0562986 0.0313117 0.0476329 0.0397050 0.0185557 0.0400704 0.0615377 0.0385899 0.0361707 0.0625940 0.0562418 0.0647772 
Dasyuridae_Dasyurus_maculatus                0.0489315 0.0602210 0.0464227 0.0535898 0.0536029 0.0000000 0.0470419 0.0480432 0.0532495 0.0628597 0.0451904 0.0135336 0.0189548 0.0485944 0.0542353 0.0125717 0.0035314 0.0181627 0.0630054 0.0506153 0.0552625 0.0615416 0.0600434 0.0122854 0.0564931 0.0441968 0.0490268 0.0539491 0.0522554 0.0729094 0.0525873 0.0489447 0.0640486 0.0029686 0.0643499 
Phalangeridae_Trichosurus_vulpecula          0.0246053 0.0502106 0.0315510 0.0350345 0.0348024 0.0470419 0.0000000 0.0104110 0.0308469 0.0543421 0.0100686 0.0500669 0.0506032 0.0118026 0.0322150 0.0499015 0.0485728 0.0451920 0.0544545 0.0286204 0.0349494 0.0605444 0.0528420 0.0491335 0.0335179 0.0352849 0.0282193 0.0301081 0.0319231 0.0488959 0.0310114 0.0111783 0.0543296 0.0485888 0.0550911 
Phalangeridae_Spilocuscus_maculatus          0.0250625 0.0534558 0.0326623 0.0358013 0.0353478 0.0480432 0.0104110 0.0000000 0.0321751 0.0544820 0.0059817 0.0511522 0.0511440 0.0069526 0.0327248 0.0509871 0.0490983 0.0457080 0.0557849 0.0303629 0.0363637 0.0620901 0.0537565 0.0492146 0.0357585 0.0360632 0.0286696 0.0312409 0.0328742 0.0499076 0.0310442 0.0063591 0.0554264 0.0496020 0.0554634 
Potoroidae_Aepyprymnus_rufescens             0.0331522 0.0587263 0.0368001 0.0111661 0.0103853 0.0532495 0.0308469 0.0321751 0.0000000 0.0606254 0.0316963 0.0572038 0.0574680 0.0331242 0.0387371 0.0570439 0.0553573 0.0546494 0.0602683 0.0135537 0.0401401 0.0655863 0.0587617 0.0551547 0.0267651 0.0441632 0.0369417 0.0152450 0.0363835 0.0578614 0.0367370 0.0323568 0.0596871 0.0553769 0.0606754 
Peramelidae_Perameles_nasuta                 0.0551796 0.0621734 0.0522522 0.0624907 0.0635281 0.0628597 0.0543421 0.0544820 0.0606254 0.0000000 0.0526993 0.0678356 0.0678319 0.0538168 0.0610956 0.0674100 0.0640585 0.0651549 0.0141372 0.0571088 0.0647820 0.0740663 0.0643049 0.0665800 0.0630129 0.0544554 0.0573511 0.0592093 0.0622200 0.0820109 0.0581405 0.0541747 0.0120139 0.0637972 0.0009673 
Phalangeridae_Strigocuscus_pelengensis       0.0230151 0.0514526 0.0310278 0.0350451 0.0340879 0.0451904 0.0100686 0.0059817 0.0316963 0.0526993 0.0000000 0.0494630 0.0492156 0.0068064 0.0315940 0.0490280 0.0464352 0.0446324 0.0552519 0.0295036 0.0346666 0.0604408 0.0530558 0.0478224 0.0359205 0.0363098 0.0274400 0.0307794 0.0318548 0.0505687 0.0302477 0.0061789 0.0539594 0.0468263 0.0529744 
Dasyuridae_Phascogale_tapoatafa              0.0524789 0.0654473 0.0503724 0.0570896 0.0581159 0.0135336 0.0500669 0.0511522 0.0572038 0.0678356 0.0494630 0.0000000 0.0227205 0.0531723 0.0582477 0.0042780 0.0149577 0.0221107 0.0684426 0.0552461 0.0592423 0.0661628 0.0640923 0.0089296 0.0602532 0.0480035 0.0535868 0.0582575 0.0559751 0.0767066 0.0555458 0.0530232 0.0690828 0.0133721 0.0695668 
Dasyuridae_Sminthopsis_macroura              0.0532974 0.0655547 0.0516449 0.0572856 0.0583124 0.0189548 0.0506032 0.0511440 0.0574680 0.0678319 0.0492156 0.0227205 0.0000000 0.0531642 0.0572208 0.0221315 0.0198157 0.0169185 0.0684458 0.0557706 0.0589705 0.0672287 0.0636550 0.0229682 0.0607984 0.0469580 0.0521439 0.0585613 0.0562030 0.0772702 0.0562386 0.0524940 0.0699811 0.0189773 0.0693027 
Phalangeridae_Phalanger_orientalis           0.0257527 0.0526447 0.0327698 0.0372038 0.0365154 0.0485944 0.0118026 0.0069526 0.0331242 0.0538168 0.0068064 0.0531723 0.0531642 0.0000000 0.0338991 0.0530083 0.0501441 0.0475213 0.0566823 0.0308640 0.0368726 0.0614420 0.0548489 0.0514035 0.0358256 0.0377153 0.0287708 0.0317561 0.0336188 0.0520549 0.0324128 0.0027840 0.0563141 0.0506518 0.0550277 
Acrobatidae_Acrobates_pygmaeus               0.0338062 0.0579344 0.0381275 0.0404111 0.0401676 0.0542353 0.0322150 0.0327248 0.0387371 0.0610956 0.0315940 0.0582477 0.0572208 0.0338991 0.0000000 0.0573353 0.0557030 0.0533877 0.0622111 0.0356999 0.0378162 0.0675204 0.0608720 0.0562268 0.0410132 0.0438297 0.0315186 0.0376392 0.0336861 0.0524044 0.0208631 0.0335728 0.0605923 0.0558198 0.0625160 
Dasyuridae_Phascogale_calura                 0.0525800 0.0645477 0.0496937 0.0571641 0.0581920 0.0125717 0.0499015 0.0509871 0.0570439 0.0674100 0.0490280 0.0042780 0.0221315 0.0530083 0.0573353 0.0000000 0.0139891 0.0212861 0.0680178 0.0550840 0.0585917 0.0646640 0.0618036 0.0077811 0.0600954 0.0478304 0.0531879 0.0576131 0.0550727 0.0770910 0.0553837 0.0528596 0.0683467 0.0126028 0.0691193 
Dasyuridae_Sarcophilus_harrisii              0.0509680 0.0614003 0.0484530 0.0557055 0.0562216 0.0035314 0.0485728 0.0490983 0.0553573 0.0640585 0.0464352 0.0149577 0.0198157 0.0501441 0.0557030 0.0139891 0.0000000 0.0192413 0.0641784 0.0522244 0.0561744 0.0642753 0.0624698 0.0143158 0.0586837 0.0459575 0.0513617 0.0556038 0.0539194 0.0748423 0.0541728 0.0500052 0.0652556 0.0039166 0.0653144 
Dasyuridae_Planigale_tenuirostris            0.0501222 0.0624179 0.0467305 0.0562532 0.0570723 0.0181627 0.0451920 0.0457080 0.0546494 0.0651549 0.0446324 0.0221107 0.0169185 0.0475213 0.0533877 0.0212861 0.0192413 0.0000000 0.0642149 0.0514478 0.0546476 0.0662830 0.0640673 0.0202206 0.0570019 0.0441107 0.0503800 0.0526946 0.0521589 0.0710034 0.0531204 0.0479727 0.0661609 0.0185988 0.0659697 
Peramelidae_Echymipera_kalubu                0.0563143 0.0645346 0.0547771 0.0623683 0.0631612 0.0630054 0.0544545 0.0557849 0.0602683 0.0141372 0.0552519 0.0684426 0.0684458 0.0566823 0.0622111 0.0680178 0.0641784 0.0642149 0.0000000 0.0559871 0.0645782 0.0743063 0.0667008 0.0667227 0.0636494 0.0551594 0.0589761 0.0583761 0.0625961 0.0837509 0.0590342 0.0567547 0.0111801 0.0639176 0.0140174 
Macropodidae_Dorcopsulus_vanheurni           0.0295949 0.0565108 0.0355733 0.0175822 0.0173740 0.0506153 0.0286204 0.0303629 0.0135537 0.0571088 0.0295036 0.0552461 0.0557706 0.0308640 0.0356999 0.0550840 0.0522244 0.0514478 0.0559871 0.0000000 0.0382707 0.0645479 0.0577629 0.0526695 0.0256202 0.0419438 0.0339518 0.0059172 0.0347012 0.0529244 0.0342237 0.0303275 0.0560362 0.0527376 0.0577657 
Pseudochiridae_Pseudochirulus_forbesi        0.0339368 0.0580490 0.0388738 0.0442847 0.0436296 0.0552625 0.0349494 0.0363637 0.0401401 0.0647820 0.0346666 0.0592423 0.0589705 0.0368726 0.0378162 0.0585917 0.0561744 0.0546476 0.0645782 0.0382707 0.0000000 0.0640276 0.0559683 0.0580579 0.0427538 0.0467092 0.0203424 0.0386748 0.0110661 0.0540246 0.0356738 0.0369964 0.0636557 0.0561763 0.0649630 
Didelphidae_Didelphis_virginiana             0.0571248 0.0733390 0.0567026 0.0672199 0.0672362 0.0615416 0.0605444 0.0620901 0.0655863 0.0740663 0.0604408 0.0661628 0.0672287 0.0614420 0.0675204 0.0646640 0.0642753 0.0662830 0.0743063 0.0645479 0.0640276 0.0000000 0.0237877 0.0659100 0.0662500 0.0572025 0.0590018 0.0646798 0.0616419 0.0856079 0.0623417 0.0615580 0.0756484 0.0632230 0.0757255 
Marmosidae_Monodelphis_domestica             0.0522808 0.0681095 0.0514608 0.0603251 0.0605919 0.0600434 0.0528420 0.0537565 0.0587617 0.0643049 0.0530558 0.0640923 0.0636550 0.0548489 0.0608720 0.0618036 0.0624698 0.0640673 0.0667008 0.0577629 0.0559683 0.0237877 0.0000000 0.0609488 0.0606607 0.0533467 0.0509004 0.0573953 0.0539664 0.0776832 0.0586654 0.0544006 0.0650066 0.0616662 0.0657000 
Dasyuridae_Antechinus_stuartii               0.0505956 0.0626708 0.0482766 0.0552712 0.0562986 0.0122854 0.0491335 0.0492146 0.0551547 0.0665800 0.0478224 0.0089296 0.0229682 0.0514035 0.0562268 0.0077811 0.0143158 0.0202206 0.0667227 0.0526695 0.0580579 0.0659100 0.0609488 0.0000000 0.0581792 0.0472318 0.0526189 0.0553909 0.0549895 0.0750192 0.0527127 0.0510977 0.0667556 0.0128883 0.0680244 
Hypsiprymnodontidae_Hypsiprymnodon_moschatus 0.0353977 0.0594039 0.0382087 0.0311188 0.0313117 0.0564931 0.0335179 0.0357585 0.0267651 0.0630129 0.0359205 0.0602532 0.0607984 0.0358256 0.0410132 0.0600954 0.0586837 0.0570019 0.0636494 0.0256202 0.0427538 0.0662500 0.0606607 0.0581792 0.0000000 0.0444082 0.0363347 0.0270166 0.0384651 0.0584359 0.0378623 0.0354639 0.0626002 0.0584314 0.0642561 
Microbiotheriidae_Dromiciops_gliroides       0.0371805 0.0492897 0.0365446 0.0469103 0.0476329 0.0441968 0.0352849 0.0360632 0.0441632 0.0544554 0.0363098 0.0480035 0.0469580 0.0377153 0.0438297 0.0478304 0.0459575 0.0441107 0.0551594 0.0419438 0.0467092 0.0572025 0.0533467 0.0472318 0.0444082 0.0000000 0.0406258 0.0426404 0.0438820 0.0611390 0.0433297 0.0373956 0.0552712 0.0449095 0.0552562 
Pseudochiridae_Petauroides_volans            0.0288928 0.0531440 0.0347229 0.0403818 0.0397050 0.0490268 0.0282193 0.0286696 0.0369417 0.0573511 0.0274400 0.0535868 0.0521439 0.0287708 0.0315186 0.0531879 0.0513617 0.0503800 0.0589761 0.0339518 0.0203424 0.0590018 0.0509004 0.0526189 0.0363347 0.0406258 0.0000000 0.0357883 0.0179983 0.0486806 0.0298883 0.0289013 0.0589075 0.0511155 0.0588200 
Macropodidae_Wallabia_bicolor                0.0302385 0.0572448 0.0357010 0.0189782 0.0185557 0.0539491 0.0301081 0.0312409 0.0152450 0.0592093 0.0307794 0.0582575 0.0585613 0.0317561 0.0376392 0.0576131 0.0556038 0.0526946 0.0583761 0.0059172 0.0386748 0.0646798 0.0573953 0.0553909 0.0270166 0.0426404 0.0357883 0.0000000 0.0361840 0.0545804 0.0358866 0.0314404 0.0570602 0.0561375 0.0596062 
Pseudochiridae_Pseudocheirus_occidentalis    0.0311503 0.0557315 0.0376026 0.0402593 0.0400704 0.0522554 0.0319231 0.0328742 0.0363835 0.0622200 0.0318548 0.0559751 0.0562030 0.0336188 0.0336861 0.0550727 0.0539194 0.0521589 0.0625961 0.0347012 0.0110661 0.0616419 0.0539664 0.0549895 0.0384651 0.0438820 0.0179983 0.0361840 0.0000000 0.0493883 0.0319748 0.0330701 0.0624214 0.0531732 0.0637477 
Tarsipedidae_Tarsipes_rostratus              0.0516244 0.0769676 0.0549207 0.0618792 0.0615377 0.0729094 0.0488959 0.0499076 0.0578614 0.0820109 0.0505687 0.0767066 0.0772702 0.0520549 0.0524044 0.0770910 0.0748423 0.0710034 0.0837509 0.0529244 0.0540246 0.0856079 0.0776832 0.0750192 0.0584359 0.0611390 0.0486806 0.0545804 0.0493883 0.0000000 0.0530378 0.0517514 0.0833571 0.0743145 0.0818627 
Acrobatidae_Distoechurus_pennatus            0.0317146 0.0573117 0.0370360 0.0388288 0.0385899 0.0525873 0.0310114 0.0310442 0.0367370 0.0581405 0.0302477 0.0555458 0.0562386 0.0324128 0.0208631 0.0553837 0.0541728 0.0531204 0.0590342 0.0342237 0.0356738 0.0623417 0.0586654 0.0527127 0.0378623 0.0433297 0.0298883 0.0358866 0.0319748 0.0530378 0.0000000 0.0325266 0.0578720 0.0537276 0.0604273 
Phalangeridae_Phalanger_carmelitae           0.0258965 0.0534695 0.0331128 0.0364050 0.0361707 0.0489447 0.0111783 0.0063591 0.0323568 0.0541747 0.0061789 0.0530232 0.0524940 0.0027840 0.0335728 0.0528596 0.0500052 0.0479727 0.0567547 0.0303275 0.0369964 0.0615580 0.0544006 0.0510977 0.0354639 0.0373956 0.0289013 0.0314404 0.0330701 0.0517514 0.0325266 0.0000000 0.0564194 0.0505112 0.0551384 
Peramelidae_Peroryctes_raffrayana            0.0544154 0.0626535 0.0530928 0.0620515 0.0625940 0.0640486 0.0543296 0.0554264 0.0596871 0.0120139 0.0539594 0.0690828 0.0699811 0.0563141 0.0605923 0.0683467 0.0652556 0.0661609 0.0111801 0.0560362 0.0636557 0.0756484 0.0650066 0.0667556 0.0626002 0.0552712 0.0589075 0.0570602 0.0624214 0.0833571 0.0578720 0.0564194 0.0000000 0.0649878 0.0121974 
Dasyuridae_Dasyurus_geffroii                 0.0509853 0.0611326 0.0477366 0.0557253 0.0562418 0.0029686 0.0485888 0.0496020 0.0553769 0.0637972 0.0468263 0.0133721 0.0189773 0.0506518 0.0558198 0.0126028 0.0039166 0.0185988 0.0639176 0.0527376 0.0561763 0.0632230 0.0616662 0.0128883 0.0584314 0.0449095 0.0511155 0.0561375 0.0531732 0.0743145 0.0537276 0.0505112 0.0649878 0.0000000 0.0653186 
Peramelidae_Perameles_gunnii                 0.0549944 0.0634648 0.0529198 0.0639573 0.0647772 0.0643499 0.0550911 0.0554634 0.0606754 0.0009673 0.0529744 0.0695668 0.0693027 0.0550277 0.0625160 0.0691193 0.0653144 0.0659697 0.0140174 0.0577657 0.0649630 0.0757255 0.0657000 0.0680244 0.0642561 0.0552562 0.0588200 0.0596062 0.0637477 0.0818627 0.0604273 0.0551384 0.0121974 0.0653186 0.0000000 
