37
Burramyidae_Burramys_parvus                  0.0000000 0.0640521 0.0347738 0.0465679 0.0469728 0.0555673 0.0403688 0.0367405 0.0486075 0.0501723 0.0366108 0.0574448 0.0590463 0.0387485 0.0428295 0.0598232 0.0542770 0.0575735 0.0572335 0.0463736 0.0504607 0.0662798 0.0690198 0.0570268 0.0461666 0.0507553 0.0382581 0.0438498 0.0599251 0.0463251 0.0363700 0.0606594 0.0559207 0.0557292 0.0097759 0.0510980 0.0097759 
Notoryctidae_Notoryctes_typhlops             0.0640521 0.0000000 0.0569695 0.0728945 0.0707964 0.0688758 0.0701795 0.0676124 0.0749135 0.0648649 0.0699591 0.0687816 0.0709116 0.0695774 0.0710930 0.0716033 0.0691123 0.0740417 0.0688998 0.0747074 0.0729036 0.0713828 0.0753857 0.0682023 0.0710097 0.0694130 0.0651150 0.0730554 0.0828885 0.0735476 0.0678290 0.0736927 0.0698623 0.0685934 0.0096952 0.0782552 0.0096952 
Vombatidae_Lasiorhinus_latifrons             0.0347738 0.0569695 0.0000000 0.0422469 0.0413504 0.0531135 0.0442152 0.0408035 0.0449875 0.0450085 0.0421628 0.0561331 0.0575839 0.0419264 0.0439299 0.0581108 0.0519071 0.0563824 0.0507309 0.0425717 0.0481771 0.0599879 0.0645109 0.0529796 0.0470267 0.0449404 0.0381426 0.0426851 0.0570097 0.0467933 0.0408268 0.0544253 0.0534908 0.0479653 0.0154212 0.0515082 0.0154212 
Potoroidae_Bettongia_penicillata             0.0465679 0.0728945 0.0422469 0.0000000 0.0017940 0.0664600 0.0534418 0.0494505 0.0089277 0.0612993 0.0497758 0.0703995 0.0720565 0.0507826 0.0524149 0.0724651 0.0651744 0.0726850 0.0677286 0.0188285 0.0586466 0.0734299 0.0795152 0.0703500 0.0339325 0.0579923 0.0513969 0.0181786 0.0711804 0.0557995 0.0496060 0.0709318 0.0664515 0.0657436 0.0038350 0.0509238 0.0038350 
Potoroidae_Bettongia_lesueur                 0.0469728 0.0707964 0.0413504 0.0017940 0.0000000 0.0666294 0.0525004 0.0485160 0.0086845 0.0603795 0.0505508 0.0705855 0.0719477 0.0498145 0.0514573 0.0726531 0.0654026 0.0721179 0.0667086 0.0188550 0.0580003 0.0726434 0.0790713 0.0701846 0.0336173 0.0560412 0.0506330 0.0185061 0.0701833 0.0548046 0.0486433 0.0695914 0.0663215 0.0648403 0.0052206 0.0512572 0.0052206 
Dasyuridae_Dasyurus_maculatus                0.0555673 0.0688758 0.0531135 0.0664600 0.0666294 0.0000000 0.0616532 0.0599120 0.0693179 0.0607072 0.0607788 0.0093851 0.0140358 0.0623078 0.0618868 0.0111980 0.0028885 0.0162884 0.0666413 0.0703030 0.0673052 0.0718093 0.0756144 0.0083651 0.0667855 0.0597411 0.0568398 0.0683632 0.0727404 0.0675760 0.0591229 0.0656131 0.0026948 0.0674931 0.0025116 0.0680777 0.0025116 
Phalangeridae_Trichosurus_vulpecula          0.0403688 0.0701795 0.0442152 0.0534418 0.0525004 0.0616532 0.0000000 0.0144378 0.0549424 0.0569016 0.0161717 0.0626737 0.0634954 0.0160395 0.0456100 0.0650747 0.0602928 0.0626192 0.0641710 0.0498535 0.0557410 0.0724594 0.0768779 0.0633294 0.0525027 0.0539125 0.0448866 0.0482303 0.0628031 0.0490713 0.0137167 0.0644652 0.0612315 0.0628935 0.0066683 0.0458521 0.0066683 
Phalangeridae_Spilocuscus_maculatus          0.0367405 0.0676124 0.0408035 0.0494505 0.0485160 0.0599120 0.0144378 0.0000000 0.0516435 0.0555961 0.0073603 0.0598009 0.0619599 0.0057768 0.0446304 0.0634726 0.0587325 0.0616896 0.0621348 0.0474944 0.0528961 0.0679575 0.0719790 0.0611010 0.0500204 0.0521861 0.0444608 0.0459033 0.0616335 0.0489078 0.0048871 0.0634686 0.0605975 0.0605041 0.0081660 0.0457304 0.0081660 
Potoroidae_Aepyprymnus_rufescens             0.0486075 0.0749135 0.0449875 0.0089277 0.0086845 0.0693179 0.0549424 0.0516435 0.0000000 0.0626377 0.0516380 0.0736584 0.0749222 0.0515471 0.0521340 0.0763982 0.0694339 0.0751315 0.0688954 0.0184908 0.0589415 0.0767413 0.0824623 0.0729034 0.0338336 0.0608764 0.0529002 0.0187648 0.0747669 0.0573534 0.0503430 0.0709496 0.0700353 0.0670432 0.0080955 0.0512938 0.0080955 
Peramelidae_Perameles_nasuta                 0.0501723 0.0648649 0.0450085 0.0612993 0.0603795 0.0607072 0.0569016 0.0555961 0.0626377 0.0000000 0.0554036 0.0622303 0.0626085 0.0570569 0.0580632 0.0634265 0.0611452 0.0622007 0.0097795 0.0613085 0.0603519 0.0700285 0.0753148 0.0607677 0.0628274 0.0527730 0.0517477 0.0601955 0.0717757 0.0604550 0.0548574 0.0115289 0.0622410 0.0006594 0.0132691 0.0731742 0.0132691 
Phalangeridae_Strigocuscus_pelengensis       0.0366108 0.0699591 0.0421628 0.0497758 0.0505508 0.0607788 0.0161717 0.0073603 0.0516380 0.0554036 0.0000000 0.0603647 0.0628608 0.0063519 0.0438989 0.0644375 0.0597828 0.0627174 0.0629453 0.0489617 0.0540173 0.0697739 0.0754935 0.0629462 0.0507712 0.0538018 0.0439843 0.0469701 0.0617467 0.0495708 0.0054256 0.0645295 0.0610274 0.0615125 0.0039479 0.0432771 0.0039479 
Dasyuridae_Phascogale_tapoatafa              0.0574448 0.0687816 0.0561331 0.0703995 0.0705855 0.0093851 0.0626737 0.0598009 0.0736584 0.0622303 0.0603647 0.0000000 0.0151239 0.0626708 0.0646924 0.0014845 0.0101333 0.0179344 0.0676815 0.0758921 0.0716874 0.0739017 0.0786413 0.0036864 0.0701727 0.0640944 0.0618848 0.0726082 0.0741367 0.0697572 0.0594089 0.0683143 0.0103734 0.0672465 0.0052328 0.0730218 0.0052328 
Dasyuridae_Sminthopsis_macroura              0.0590463 0.0709116 0.0575839 0.0720565 0.0719477 0.0140358 0.0634954 0.0619599 0.0749222 0.0626085 0.0628608 0.0151239 0.0000000 0.0639975 0.0646049 0.0171943 0.0153592 0.0133529 0.0676198 0.0745216 0.0710852 0.0731093 0.0783506 0.0159280 0.0696588 0.0650253 0.0617545 0.0729823 0.0775851 0.0694022 0.0608113 0.0689870 0.0150352 0.0684722 0.0038073 0.0659678 0.0038073 
Phalangeridae_Phalanger_orientalis           0.0387485 0.0695774 0.0419264 0.0507826 0.0498145 0.0623078 0.0160395 0.0057768 0.0515471 0.0570569 0.0063519 0.0626708 0.0639975 0.0000000 0.0440480 0.0662488 0.0609731 0.0638254 0.0650292 0.0486686 0.0553479 0.0703617 0.0755775 0.0640426 0.0507854 0.0547177 0.0448465 0.0470171 0.0640457 0.0486363 0.0016071 0.0643778 0.0625901 0.0634358 0.0081819 0.0449469 0.0081819 
Acrobatidae_Acrobates_pygmaeus               0.0428295 0.0710930 0.0439299 0.0524149 0.0514573 0.0618868 0.0456100 0.0446304 0.0521340 0.0580632 0.0438989 0.0646924 0.0646049 0.0440480 0.0000000 0.0671085 0.0612684 0.0622321 0.0615992 0.0518780 0.0438965 0.0722990 0.0781846 0.0650352 0.0529384 0.0551250 0.0366591 0.0494745 0.0562021 0.0197221 0.0418725 0.0654657 0.0625692 0.0617119 0.0151535 0.0415947 0.0151535 
Dasyuridae_Phascogale_calura                 0.0598232 0.0716033 0.0581108 0.0724651 0.0726531 0.0111980 0.0650747 0.0634726 0.0763982 0.0634265 0.0644375 0.0014845 0.0171943 0.0662488 0.0671085 0.0000000 0.0116538 0.0205470 0.0695863 0.0767749 0.0734728 0.0752888 0.0796650 0.0049314 0.0726836 0.0648386 0.0632202 0.0739599 0.0759145 0.0725813 0.0630161 0.0709579 0.0119027 0.0692030 0.0052328 0.0729974 0.0052328 
Dasyuridae_Sarcophilus_harrisii              0.0542770 0.0691123 0.0519071 0.0651744 0.0654026 0.0028885 0.0602928 0.0587325 0.0694339 0.0611452 0.0597828 0.0101333 0.0153592 0.0609731 0.0612684 0.0116538 0.0000000 0.0171444 0.0656744 0.0697481 0.0666873 0.0718886 0.0755977 0.0088454 0.0662332 0.0597562 0.0561906 0.0679040 0.0721480 0.0671795 0.0578357 0.0659312 0.0028692 0.0668547 0.0025116 0.0671104 0.0025116 
Dasyuridae_Planigale_tenuirostris            0.0575735 0.0740417 0.0563824 0.0726850 0.0721179 0.0162884 0.0626192 0.0616896 0.0751315 0.0622007 0.0627174 0.0179344 0.0133529 0.0638254 0.0622321 0.0205470 0.0171444 0.0000000 0.0679228 0.0740556 0.0704880 0.0733836 0.0814338 0.0174289 0.0697582 0.0629042 0.0602936 0.0723326 0.0748466 0.0687923 0.0601420 0.0705106 0.0167897 0.0688717 0.0052540 0.0626393 0.0052540 
Peramelidae_Echymipera_kalubu                0.0572335 0.0688998 0.0507309 0.0677286 0.0667086 0.0666413 0.0641710 0.0621348 0.0688954 0.0097795 0.0629453 0.0676815 0.0676198 0.0650292 0.0615992 0.0695863 0.0656744 0.0679228 0.0000000 0.0674293 0.0699118 0.0711220 0.0764279 0.0666947 0.0660957 0.0574319 0.0591299 0.0660892 0.0757212 0.0671054 0.0629005 0.0138561 0.0665420 0.0108822 0.0132294 0.0752477 0.0132294 
Macropodidae_Dorcopsulus_vanheurni           0.0463736 0.0747074 0.0425717 0.0188285 0.0188550 0.0703030 0.0498535 0.0474944 0.0184908 0.0613085 0.0489617 0.0758921 0.0745216 0.0486686 0.0518780 0.0767749 0.0697481 0.0740556 0.0674293 0.0000000 0.0579029 0.0751609 0.0828594 0.0727711 0.0325145 0.0578276 0.0497450 0.0057922 0.0706090 0.0564918 0.0471163 0.0690870 0.0702575 0.0632035 0.0038340 0.0555004 0.0038340 
Pseudochiridae_Pseudochirulus_forbesi        0.0504607 0.0729036 0.0481771 0.0586466 0.0580003 0.0673052 0.0557410 0.0528961 0.0589415 0.0603519 0.0540173 0.0716874 0.0710852 0.0553479 0.0438965 0.0734728 0.0666873 0.0704880 0.0699118 0.0579029 0.0000000 0.0771688 0.0839980 0.0703768 0.0605776 0.0621265 0.0279957 0.0554784 0.0538945 0.0460532 0.0526756 0.0696800 0.0676663 0.0638226 0.0171095 0.0152537 0.0171095 
Didelphidae_Didelphis_virginiana             0.0662798 0.0713828 0.0599879 0.0734299 0.0726434 0.0718093 0.0724594 0.0679575 0.0767413 0.0700285 0.0697739 0.0739017 0.0731093 0.0703617 0.0722990 0.0752888 0.0718886 0.0733836 0.0711220 0.0751609 0.0771688 0.0000000 0.0198854 0.0749213 0.0697233 0.0666555 0.0693301 0.0721587 0.0864192 0.0741360 0.0690420 0.0791186 0.0709532 0.0719692 0.0149511 0.0770353 0.0149511 
Marmosidae_Monodelphis_domestica             0.0690198 0.0753857 0.0645109 0.0795152 0.0790713 0.0756144 0.0768779 0.0719790 0.0824623 0.0753148 0.0754935 0.0786413 0.0783506 0.0755775 0.0781846 0.0796650 0.0755977 0.0814338 0.0764279 0.0828594 0.0839980 0.0198854 0.0000000 0.0804004 0.0758449 0.0744748 0.0730948 0.0800451 0.0919685 0.0801187 0.0733469 0.0841655 0.0756247 0.0764152 0.0147469 0.0837549 0.0147469 
Dasyuridae_Antechinus_stuartii               0.0570268 0.0682023 0.0529796 0.0703500 0.0701846 0.0083651 0.0633294 0.0611010 0.0729034 0.0607677 0.0629462 0.0036864 0.0159280 0.0640426 0.0650352 0.0049314 0.0088454 0.0174289 0.0666947 0.0727711 0.0703768 0.0749213 0.0804004 0.0000000 0.0687919 0.0623429 0.0600214 0.0708278 0.0711872 0.0706915 0.0603667 0.0668848 0.0091009 0.0659558 0.0022460 0.0727616 0.0022460 
Hypsiprymnodontidae_Hypsiprymnodon_moschatus 0.0461666 0.0710097 0.0470267 0.0339325 0.0336173 0.0667855 0.0525027 0.0500204 0.0338336 0.0628274 0.0507712 0.0701727 0.0696588 0.0507854 0.0529384 0.0726836 0.0662332 0.0697582 0.0660957 0.0325145 0.0605776 0.0697233 0.0758449 0.0687919 0.0000000 0.0593228 0.0527502 0.0320584 0.0747747 0.0565389 0.0488565 0.0679966 0.0662876 0.0663524 0.0025049 0.0552561 0.0025049 
Microbiotheriidae_Dromiciops_gliroides       0.0507553 0.0694130 0.0449404 0.0579923 0.0560412 0.0597411 0.0539125 0.0521861 0.0608764 0.0527730 0.0538018 0.0640944 0.0650253 0.0547177 0.0551250 0.0648386 0.0597562 0.0629042 0.0574319 0.0578276 0.0621265 0.0666555 0.0744748 0.0623429 0.0593228 0.0000000 0.0510830 0.0567939 0.0683694 0.0583172 0.0524058 0.0616862 0.0601585 0.0561454 0.0070415 0.0753175 0.0070415 
Pseudochiridae_Petauroides_volans            0.0382581 0.0651150 0.0381426 0.0513969 0.0506330 0.0568398 0.0448866 0.0444608 0.0529002 0.0517477 0.0439843 0.0618848 0.0617545 0.0448465 0.0366591 0.0632202 0.0561906 0.0602936 0.0591299 0.0497450 0.0279957 0.0693301 0.0730948 0.0600214 0.0527502 0.0510830 0.0000000 0.0474994 0.0406904 0.0409528 0.0423788 0.0613104 0.0572579 0.0559040 0.0151111 0.0278720 0.0151111 
Macropodidae_Wallabia_bicolor                0.0438498 0.0730554 0.0426851 0.0181786 0.0185061 0.0683632 0.0482303 0.0459033 0.0187648 0.0601955 0.0469701 0.0726082 0.0729823 0.0470171 0.0494745 0.0739599 0.0679040 0.0723326 0.0660892 0.0057922 0.0554784 0.0721587 0.0800451 0.0708278 0.0320584 0.0567939 0.0474994 0.0000000 0.0695829 0.0542730 0.0455118 0.0674016 0.0676747 0.0628929 0.0038340 0.0586462 0.0038340 
Tarsipedidae_Tarsipes_rostratus              0.0599251 0.0828885 0.0570097 0.0711804 0.0701833 0.0727404 0.0628031 0.0616335 0.0747669 0.0717757 0.0617467 0.0741367 0.0775851 0.0640457 0.0562021 0.0759145 0.0721480 0.0748466 0.0757212 0.0706090 0.0538945 0.0864192 0.0919685 0.0711872 0.0747747 0.0683694 0.0406904 0.0695829 0.0000000 0.0600532 0.0613254 0.0772667 0.0730723 0.0767004 0.0188756 0.0645447 0.0188756 
Acrobatidae_Distoechurus_pennatus            0.0463251 0.0735476 0.0467933 0.0557995 0.0548046 0.0675760 0.0490713 0.0489078 0.0573534 0.0604550 0.0495708 0.0697572 0.0694022 0.0486363 0.0197221 0.0725813 0.0671795 0.0687923 0.0671054 0.0564918 0.0460532 0.0741360 0.0801187 0.0706915 0.0565389 0.0583172 0.0409528 0.0542730 0.0600532 0.0000000 0.0463998 0.0689535 0.0684266 0.0660241 0.0154043 0.0474330 0.0154043 
Phalangeridae_Phalanger_carmelitae           0.0363700 0.0678290 0.0408268 0.0496060 0.0486433 0.0591229 0.0137167 0.0048871 0.0503430 0.0548574 0.0054256 0.0594089 0.0608113 0.0016071 0.0418725 0.0630161 0.0578357 0.0601420 0.0629005 0.0471163 0.0526756 0.0690420 0.0733469 0.0603667 0.0488565 0.0524058 0.0423788 0.0455118 0.0613254 0.0463998 0.0000000 0.0624505 0.0594383 0.0613207 0.0081819 0.0431815 0.0081819 
Peramelidae_Peroryctes_raffrayana            0.0606594 0.0736927 0.0544253 0.0709318 0.0695914 0.0656131 0.0644652 0.0634686 0.0709496 0.0115289 0.0645295 0.0683143 0.0689870 0.0643778 0.0654657 0.0709579 0.0659312 0.0705106 0.0138561 0.0690870 0.0696800 0.0791186 0.0841655 0.0668848 0.0679966 0.0616862 0.0613104 0.0674016 0.0772667 0.0689535 0.0624505 0.0000000 0.0657197 0.0129889 0.0070149 0.0758149 0.0070149 
Dasyuridae_Dasyurus_geffroii                 0.0559207 0.0698623 0.0534908 0.0664515 0.0663215 0.0026948 0.0612315 0.0605975 0.0700353 0.0622410 0.0610274 0.0103734 0.0150352 0.0625901 0.0625692 0.0119027 0.0028692 0.0167897 0.0665420 0.0702575 0.0676663 0.0709532 0.0756247 0.0091009 0.0662876 0.0601585 0.0572579 0.0676747 0.0730723 0.0684266 0.0594383 0.0657197 0.0000000 0.0677244 0.0025116 0.0694545 0.0025116 
Peramelidae_Perameles_gunnii                 0.0557292 0.0685934 0.0479653 0.0657436 0.0648403 0.0674931 0.0628935 0.0605041 0.0670432 0.0006594 0.0615125 0.0672465 0.0684722 0.0634358 0.0617119 0.0692030 0.0668547 0.0688717 0.0108822 0.0632035 0.0638226 0.0719692 0.0764152 0.0659558 0.0663524 0.0561454 0.0559040 0.0628929 0.0767004 0.0660241 0.0613207 0.0129889 0.0677244 0.0000000 0.0119621 0.0719587 0.0119621 
Myrmecobiidae_Myrmecobius_fasciatus1         0.0097759 0.0096952 0.0154212 0.0038350 0.0052206 0.0025116 0.0066683 0.0081660 0.0080955 0.0132691 0.0039479 0.0052328 0.0038073 0.0081819 0.0151535 0.0052328 0.0025116 0.0052540 0.0132294 0.0038340 0.0171095 0.0149511 0.0147469 0.0022460 0.0025049 0.0070415 0.0151111 0.0038340 0.0188756 0.0154043 0.0081819 0.0070149 0.0025116 0.0119621 0.0000000 0.0151640 0.0000010 
Pseudochiridae_Pseudocheirus_occidentalis    0.0510980 0.0782552 0.0515082 0.0509238 0.0512572 0.0680777 0.0458521 0.0457304 0.0512938 0.0731742 0.0432771 0.0730218 0.0659678 0.0449469 0.0415947 0.0729974 0.0671104 0.0626393 0.0752477 0.0555004 0.0152537 0.0770353 0.0837549 0.0727616 0.0552561 0.0753175 0.0278720 0.0586462 0.0645447 0.0474330 0.0431815 0.0758149 0.0694545 0.0719587 0.0151640 0.0000000 0.0151640 
Myrmecobiidae_Myrmecobius_fasciatus2         0.0097759 0.0096952 0.0154212 0.0038350 0.0052206 0.0025116 0.0066683 0.0081660 0.0080955 0.0132691 0.0039479 0.0052328 0.0038073 0.0081819 0.0151535 0.0052328 0.0025116 0.0052540 0.0132294 0.0038340 0.0171095 0.0149511 0.0147469 0.0022460 0.0025049 0.0070415 0.0151111 0.0038340 0.0188756 0.0154043 0.0081819 0.0070149 0.0025116 0.0119621 0.0000010 0.0151640 0.0000000 
