35
Burramyidae_Burramys_parvus                  0.0000000 0.0915808 0.0488119 0.0686386 0.0705743 0.0564242 0.0486234 0.0678108 0.0786560 0.0396894 0.0553706 0.0701590 0.0469570 0.0553255 0.0622808 0.0524114 0.0540949 0.0717744 0.0579020 0.0737115 0.0917501 0.1040402 0.0597485 0.0649030 0.0601555 0.0551079 0.0568060 0.0883502 0.0452185 0.0459603 0.0565380 0.0720718 0.0549780 0.0729918 0.0847996 
Notoryctidae_Notoryctes_typhlops             0.0915808 0.0000000 0.0862075 0.1134176 0.1156458 0.0997586 0.0870722 0.1140584 0.1028062 0.0867731 0.1041303 0.1243488 0.0921040 0.1078809 0.1140373 0.0981900 0.0977363 0.0955196 0.1060322 0.1164776 0.1365962 0.1550023 0.1095484 0.1170726 0.0915805 0.0998391 0.1025376 0.1321524 0.0939647 0.0907549 0.1015410 0.0931803 0.1018243 0.1282400 0.1072044 
Vombatidae_Lasiorhinus_latifrons             0.0488119 0.0862075 0.0000000 0.0620504 0.0639065 0.0593378 0.0456975 0.0614311 0.0637187 0.0427322 0.0512340 0.0689706 0.0491320 0.0523348 0.0583917 0.0551231 0.0599758 0.0627098 0.0538604 0.0689551 0.0936633 0.1064597 0.0585271 0.0664645 0.0539212 0.0546968 0.0529289 0.0904459 0.0489747 0.0481125 0.0580044 0.0622621 0.0568502 0.0740183 0.0692764 
Potoroidae_Bettongia_penicillata             0.0686386 0.1134176 0.0620504 0.0000000 0.0056539 0.0809387 0.0648017 0.0139684 0.0856135 0.0585762 0.0777067 0.0959176 0.0683518 0.0748899 0.0835507 0.0767531 0.0792142 0.0809926 0.0275111 0.0821837 0.1134199 0.1243258 0.0822520 0.0530372 0.0813946 0.0668718 0.0235608 0.1018966 0.0639175 0.0672183 0.0811068 0.0825376 0.0774466 0.0858521 0.0934743 
Potoroidae_Bettongia_lesueur                 0.0705743 0.1156458 0.0639065 0.0056539 0.0000000 0.0811689 0.0648497 0.0154856 0.0868015 0.0596073 0.0778364 0.0962644 0.0684556 0.0759163 0.0837973 0.0768771 0.0795018 0.0820025 0.0291330 0.0831892 0.1122431 0.1229042 0.0824906 0.0539676 0.0814619 0.0696171 0.0251288 0.1052497 0.0649038 0.0673195 0.0813380 0.0835604 0.0775218 0.0892074 0.0948163 
Dasyuridae_Dasyurus_maculatus                0.0564242 0.0997586 0.0593378 0.0809387 0.0811689 0.0000000 0.0657571 0.0806668 0.0810121 0.0586789 0.0158847 0.0190266 0.0647646 0.0729842 0.0182216 0.0054313 0.0184602 0.0746493 0.0748596 0.0872294 0.0924689 0.0917827 0.0145153 0.0828182 0.0641314 0.0648056 0.0678914 0.1234777 0.0607879 0.0630058 0.0043410 0.0736011 0.0830577 0.0956471 0.0891768 
Phalangeridae_Trichosurus_vulpecula          0.0486234 0.0870722 0.0456975 0.0648017 0.0648497 0.0657571 0.0000000 0.0632852 0.0759957 0.0179019 0.0635873 0.0781632 0.0181712 0.0593647 0.0719952 0.0617291 0.0571131 0.0675607 0.0577525 0.0708507 0.0977154 0.1135828 0.0695180 0.0638201 0.0622658 0.0568826 0.0550002 0.0923007 0.0505526 0.0173719 0.0658885 0.0707553 0.0185190 0.0748541 0.0815332 
Potoroidae_Aepyprymnus_rufescens             0.0678108 0.1140584 0.0614311 0.0139684 0.0154856 0.0806668 0.0632852 0.0000000 0.0859585 0.0588614 0.0795692 0.0947828 0.0669799 0.0719620 0.0826465 0.0762722 0.0760243 0.0825710 0.0263952 0.0831516 0.1154761 0.1251024 0.0820129 0.0514835 0.0789490 0.0691515 0.0208925 0.1067599 0.0627219 0.0657864 0.0808391 0.0841593 0.0714106 0.0835090 0.0892989 
Peramelidae_Perameles_nasuta                 0.0786560 0.1028062 0.0637187 0.0856135 0.0868015 0.0810121 0.0759957 0.0859585 0.0000000 0.0744672 0.0832833 0.1035316 0.0799685 0.0797925 0.0917291 0.0827267 0.0821865 0.0147071 0.0813948 0.0964523 0.1103024 0.1263610 0.0907868 0.0883445 0.0723532 0.0813637 0.0739977 0.1258065 0.0773583 0.0786487 0.0844390 0.0007557 0.0872787 0.0954686 0.0169403 
Phalangeridae_Strigocuscus_pelengensis       0.0396894 0.0867731 0.0427322 0.0585762 0.0596073 0.0586789 0.0179019 0.0588614 0.0744672 0.0000000 0.0534330 0.0680206 0.0099619 0.0581655 0.0605848 0.0531888 0.0563516 0.0688321 0.0507168 0.0686673 0.0948301 0.1057473 0.0581166 0.0555890 0.0586154 0.0487586 0.0479301 0.0811533 0.0427011 0.0091622 0.0586525 0.0691032 0.0170921 0.0712534 0.0761266 
Dasyuridae_Phascogale_tapoatafa              0.0553706 0.1041303 0.0512340 0.0777067 0.0778364 0.0158847 0.0635873 0.0795692 0.0832833 0.0534330 0.0000000 0.0207140 0.0626351 0.0741401 0.0044761 0.0123923 0.0187300 0.0769578 0.0727494 0.0838955 0.0908279 0.0901617 0.0067617 0.0811135 0.0577459 0.0638907 0.0714640 0.1187430 0.0585608 0.0608509 0.0159145 0.0758834 0.0814607 0.1018399 0.0895407 
Dasyuridae_Sminthopsis_macroura              0.0701590 0.1243488 0.0689706 0.0959176 0.0962644 0.0190266 0.0781632 0.0947828 0.1035316 0.0680206 0.0207140 0.0000000 0.0731790 0.0830884 0.0219252 0.0155774 0.0156386 0.0965127 0.0893087 0.1003154 0.1124903 0.1208249 0.0216405 0.0921498 0.0783331 0.0764341 0.0844716 0.1253733 0.0732525 0.0718451 0.0179080 0.0958383 0.0922106 0.1101259 0.1122637 
Phalangeridae_Phalanger_orientalis           0.0469570 0.0921040 0.0491320 0.0683518 0.0684556 0.0647646 0.0181712 0.0669799 0.0799685 0.0099619 0.0626351 0.0731790 0.0000000 0.0651795 0.0709941 0.0581354 0.0591201 0.0729978 0.0586816 0.0754020 0.0976973 0.1127614 0.0685224 0.0638044 0.0650044 0.0595633 0.0558513 0.0912513 0.0488637 0.0021099 0.0648946 0.0735324 0.0157648 0.0760196 0.0859308 
Acrobatidae_Acrobates_pygmaeus               0.0553255 0.1078809 0.0523348 0.0748899 0.0759163 0.0729842 0.0593647 0.0719620 0.0797925 0.0581655 0.0741401 0.0830884 0.0651795 0.0000000 0.0758303 0.0699199 0.0688244 0.0745926 0.0620569 0.0701384 0.0990594 0.1088015 0.0742134 0.0785918 0.0771262 0.0572978 0.0605858 0.0910709 0.0324360 0.0640171 0.0716697 0.0767734 0.0710684 0.0706178 0.0829087 
Dasyuridae_Phascogale_calura                 0.0622808 0.1140373 0.0583917 0.0835507 0.0837973 0.0182216 0.0719952 0.0826465 0.0917291 0.0605848 0.0044761 0.0219252 0.0709941 0.0758303 0.0000000 0.0147333 0.0232922 0.0872613 0.0743343 0.0885921 0.0987880 0.0980449 0.0067606 0.0898995 0.0647489 0.0710788 0.0728733 0.1276853 0.0654385 0.0691119 0.0182559 0.0862022 0.0893148 0.1056547 0.0971445 
Dasyuridae_Sarcophilus_harrisii              0.0524114 0.0981900 0.0551231 0.0767531 0.0768771 0.0054313 0.0617291 0.0762722 0.0827267 0.0531888 0.0123923 0.0155774 0.0581354 0.0699199 0.0147333 0.0000000 0.0155380 0.0760411 0.0704619 0.0856336 0.0894252 0.0887761 0.0122454 0.0786643 0.0600558 0.0633397 0.0665940 0.1183967 0.0568547 0.0564498 0.0054411 0.0749949 0.0772110 0.0975257 0.0910416 
Dasyuridae_Planigale_tenuirostris            0.0540949 0.0977363 0.0599758 0.0792142 0.0795018 0.0184602 0.0571131 0.0760243 0.0821865 0.0563516 0.0187300 0.0156386 0.0591201 0.0688244 0.0232922 0.0155380 0.0000000 0.0747971 0.0726830 0.0911011 0.0976884 0.1068791 0.0245925 0.0747840 0.0625813 0.0715692 0.0709246 0.1163128 0.0521459 0.0570299 0.0140942 0.0768686 0.0709637 0.1050385 0.0871836 
Peramelidae_Echymipera_kalubu                0.0717744 0.0955196 0.0627098 0.0809926 0.0820025 0.0746493 0.0675607 0.0825710 0.0147071 0.0688321 0.0769578 0.0965127 0.0729978 0.0745926 0.0872613 0.0760411 0.0747971 0.0000000 0.0768163 0.0896916 0.1028978 0.1152760 0.0844635 0.0823899 0.0688596 0.0750977 0.0723804 0.1196524 0.0726218 0.0718300 0.0776098 0.0129217 0.0833846 0.0938667 0.0125721 
Macropodidae_Dorcopsulus_vanheurni           0.0579020 0.1060322 0.0538604 0.0275111 0.0291330 0.0748596 0.0577525 0.0263952 0.0813948 0.0507168 0.0727494 0.0893087 0.0586816 0.0620569 0.0743343 0.0704619 0.0726830 0.0768163 0.0000000 0.0802580 0.1050165 0.1229796 0.0761150 0.0442357 0.0742052 0.0668839 0.0118258 0.0973479 0.0598043 0.0575843 0.0748248 0.0754965 0.0677280 0.0848739 0.0855171 
Pseudochiridae_Pseudochirulus_forbesi        0.0737115 0.1164776 0.0689551 0.0821837 0.0831892 0.0872294 0.0708507 0.0831516 0.0964523 0.0686673 0.0838955 0.1003154 0.0754020 0.0701384 0.0885921 0.0856336 0.0911011 0.0896916 0.0802580 0.0000000 0.1212612 0.1331419 0.0871952 0.0792522 0.0797907 0.0372569 0.0793790 0.0954390 0.0632144 0.0751215 0.0874131 0.0884633 0.0852115 0.0310134 0.0993397 
Didelphidae_Didelphis_virginiana             0.0917501 0.1365962 0.0936633 0.1134199 0.1122431 0.0924689 0.0977154 0.1154761 0.1103024 0.0948301 0.0908279 0.1124903 0.0976973 0.0990594 0.0987880 0.0894252 0.0976884 0.1028978 0.1050165 0.1212612 0.0000000 0.0420064 0.0952614 0.1165813 0.0920044 0.0952382 0.1005228 0.1423848 0.0938640 0.0961714 0.0926698 0.1008429 0.1105956 0.1252180 0.1199441 
Marmosidae_Monodelphis_domestica             0.1040402 0.1550023 0.1064597 0.1243258 0.1229042 0.0917827 0.1135828 0.1251024 0.1263610 0.1057473 0.0901617 0.1208249 0.1127614 0.1088015 0.0980449 0.0887761 0.1068791 0.1152760 0.1229796 0.1331419 0.0420064 0.0000000 0.0917208 0.1337653 0.1107116 0.1035675 0.1173403 0.1428717 0.1084339 0.1109891 0.0919807 0.1144735 0.1319257 0.1380367 0.1353939 
Dasyuridae_Antechinus_stuartii               0.0597485 0.1095484 0.0585271 0.0822520 0.0824906 0.0145153 0.0695180 0.0820129 0.0907868 0.0581166 0.0067617 0.0216405 0.0685224 0.0742134 0.0067606 0.0122454 0.0245925 0.0844635 0.0761150 0.0871952 0.0952614 0.0917208 0.0000000 0.0870446 0.0634588 0.0686511 0.0745752 0.1201968 0.0603514 0.0666942 0.0145421 0.0844523 0.0889408 0.1034082 0.0982523 
Hypsiprymnodontidae_Hypsiprymnodon_moschatus 0.0649030 0.1170726 0.0664645 0.0530372 0.0539676 0.0828182 0.0638201 0.0514835 0.0883445 0.0555890 0.0811135 0.0921498 0.0638044 0.0785918 0.0898995 0.0786643 0.0747840 0.0823899 0.0442357 0.0792522 0.1165813 0.1337653 0.0870446 0.0000000 0.0793889 0.0649742 0.0445086 0.1073477 0.0638132 0.0627038 0.0801608 0.0858349 0.0663127 0.0815672 0.0896615 
Microbiotheriidae_Dromiciops_gliroides       0.0601555 0.0915805 0.0539212 0.0813946 0.0814619 0.0641314 0.0622658 0.0789490 0.0723532 0.0586154 0.0577459 0.0783331 0.0650044 0.0771262 0.0647489 0.0600558 0.0625813 0.0688596 0.0742052 0.0797907 0.0920044 0.1107116 0.0634588 0.0793889 0.0000000 0.0608833 0.0725991 0.1009134 0.0596261 0.0647692 0.0615442 0.0682353 0.0750119 0.0872963 0.0802520 
Pseudochiridae_Petauroides_volans            0.0551079 0.0998391 0.0546968 0.0668718 0.0696171 0.0648056 0.0568826 0.0691515 0.0813637 0.0487586 0.0638907 0.0764341 0.0595633 0.0572978 0.0710788 0.0633397 0.0715692 0.0750977 0.0668839 0.0372569 0.0952382 0.1035675 0.0686511 0.0649742 0.0608833 0.0000000 0.0620769 0.0683414 0.0455715 0.0593524 0.0675464 0.0747273 0.0690758 0.0321326 0.0835353 
Macropodidae_Wallabia_bicolor                0.0568060 0.1025376 0.0529289 0.0235608 0.0251288 0.0678914 0.0550002 0.0208925 0.0739977 0.0479301 0.0714640 0.0844716 0.0558513 0.0605858 0.0728733 0.0665940 0.0709246 0.0723804 0.0118258 0.0793790 0.1005228 0.1173403 0.0745752 0.0445086 0.0725991 0.0620769 0.0000000 0.0970767 0.0560534 0.0548058 0.0706145 0.0698946 0.0636921 0.0815426 0.0808631 
Tarsipedidae_Tarsipes_rostratus              0.0883502 0.1321524 0.0904459 0.1018966 0.1052497 0.1234777 0.0923007 0.1067599 0.1258065 0.0811533 0.1187430 0.1253733 0.0912513 0.0910709 0.1276853 0.1183967 0.1163128 0.1196524 0.0973479 0.0954390 0.1423848 0.1428717 0.1201968 0.1073477 0.1009134 0.0683414 0.0970767 0.0000000 0.0809521 0.0898504 0.1234129 0.1191381 0.0994065 0.0940881 0.1321268 
Acrobatidae_Distoechurus_pennatus            0.0452185 0.0939647 0.0489747 0.0639175 0.0649038 0.0607879 0.0505526 0.0627219 0.0773583 0.0427011 0.0585608 0.0732525 0.0488637 0.0324360 0.0654385 0.0568547 0.0521459 0.0726218 0.0598043 0.0632144 0.0938640 0.1084339 0.0603514 0.0638132 0.0596261 0.0455715 0.0560534 0.0809521 0.0000000 0.0478664 0.0582433 0.0713389 0.0543421 0.0660865 0.0843654 
Phalangeridae_Phalanger_carmelitae           0.0459603 0.0907549 0.0481125 0.0672183 0.0673195 0.0630058 0.0173719 0.0657864 0.0786487 0.0091622 0.0608509 0.0718451 0.0021099 0.0640171 0.0691119 0.0564498 0.0570299 0.0718300 0.0575843 0.0751215 0.0961714 0.1109891 0.0666942 0.0627038 0.0647692 0.0593524 0.0548058 0.0898504 0.0478664 0.0000000 0.0631311 0.0723529 0.0148147 0.0756921 0.0845191 
Dasyuridae_Dasyurus_geffroii                 0.0565380 0.1015410 0.0580044 0.0811068 0.0813380 0.0043410 0.0658885 0.0808391 0.0844390 0.0586525 0.0159145 0.0179080 0.0648946 0.0716697 0.0182559 0.0054411 0.0140942 0.0776098 0.0748248 0.0874131 0.0926698 0.0919807 0.0145421 0.0801608 0.0615442 0.0675464 0.0706145 0.1234129 0.0582433 0.0631311 0.0000000 0.0765639 0.0830067 0.0955909 0.0913068 
Peramelidae_Perameles_gunnii                 0.0720718 0.0931803 0.0622621 0.0825376 0.0835604 0.0736011 0.0707553 0.0841593 0.0007557 0.0691032 0.0758834 0.0958383 0.0735324 0.0767734 0.0862022 0.0749949 0.0768686 0.0129217 0.0754965 0.0884633 0.1008429 0.1144735 0.0844523 0.0858349 0.0682353 0.0747273 0.0698946 0.1191381 0.0713389 0.0723529 0.0765639 0.0000000 0.0852908 0.0935700 0.0160806 
Phalangeridae_Spilocuscus_maculatus          0.0549780 0.1018243 0.0568502 0.0774466 0.0775218 0.0830577 0.0185190 0.0714106 0.0872787 0.0170921 0.0814607 0.0922106 0.0157648 0.0710684 0.0893148 0.0772110 0.0709637 0.0833846 0.0677280 0.0852115 0.1105956 0.1319257 0.0889408 0.0663127 0.0750119 0.0690758 0.0636921 0.0994065 0.0543421 0.0148147 0.0830067 0.0852908 0.0000000 0.0778896 0.0840604 
Pseudochiridae_Pseudocheirus_occidentalis    0.0729918 0.1282400 0.0740183 0.0858521 0.0892074 0.0956471 0.0748541 0.0835090 0.0954686 0.0712534 0.1018399 0.1101259 0.0760196 0.0706178 0.1056547 0.0975257 0.1050385 0.0938667 0.0848739 0.0310134 0.1252180 0.1380367 0.1034082 0.0815672 0.0872963 0.0321326 0.0815426 0.0940881 0.0660865 0.0756921 0.0955909 0.0935700 0.0778896 0.0000000 0.0910537 
Peramelidae_Peroryctes_raffrayana            0.0847996 0.1072044 0.0692764 0.0934743 0.0948163 0.0891768 0.0815332 0.0892989 0.0169403 0.0761266 0.0895407 0.1122637 0.0859308 0.0829087 0.0971445 0.0910416 0.0871836 0.0125721 0.0855171 0.0993397 0.1199441 0.1353939 0.0982523 0.0896615 0.0802520 0.0835353 0.0808631 0.1321268 0.0843654 0.0845191 0.0913068 0.0160806 0.0840604 0.0910537 0.0000000 
