35
Burramyidae_Burramys_parvus                  0.0000000 0.0568964 0.0319995 0.0320785 0.0321677 0.0657803 0.0265054 0.0313661 0.0301857 0.0979737 0.0323748 0.0660708 0.0714046 0.0335172 0.0427222 0.0653472 0.0652643 0.0564658 0.1000469 0.0271547 0.0442130 0.0633763 0.0686098 0.0657787 0.0354656 0.0417383 0.0262455 0.0358292 0.0633480 0.0374953 0.0335432 0.0950969 0.0670464 0.0965340 0.0855488 
Notoryctidae_Notoryctes_typhlops             0.0568964 0.0000000 0.0597182 0.0656485 0.0653238 0.1009594 0.0614399 0.0673197 0.0639099 0.1172662 0.0636172 0.0990440 0.1015833 0.0698990 0.0769650 0.0994650 0.1001452 0.0905545 0.1177585 0.0589444 0.0816606 0.0841040 0.0897503 0.0987856 0.0678938 0.0692026 0.0596914 0.0728251 0.1003802 0.0628653 0.0710373 0.1072528 0.1022409 0.1198353 0.1521388 
Vombatidae_Lasiorhinus_latifrons             0.0319995 0.0597182 0.0000000 0.0417223 0.0421703 0.0694471 0.0358084 0.0383573 0.0411277 0.1004617 0.0394648 0.0679909 0.0710736 0.0414372 0.0512567 0.0672663 0.0689249 0.0579565 0.1071672 0.0349568 0.0539689 0.0670373 0.0709986 0.0654033 0.0435913 0.0454105 0.0336834 0.0428680 0.0726524 0.0436834 0.0425870 0.0993107 0.0707115 0.1007909 0.0831708 
Potoroidae_Bettongia_penicillata             0.0320785 0.0656485 0.0417223 0.0000000 0.0033188 0.0811315 0.0381992 0.0435085 0.0088833 0.1130261 0.0428030 0.0796315 0.0854292 0.0448068 0.0501528 0.0788202 0.0805691 0.0699463 0.1131692 0.0151265 0.0524896 0.0777194 0.0815157 0.0836283 0.0302779 0.0563882 0.0127631 0.0426130 0.0723804 0.0451668 0.0447931 0.1048467 0.0837210 0.1133703 0.0987503 
Potoroidae_Bettongia_lesueur                 0.0321677 0.0653238 0.0421703 0.0033188 0.0000000 0.0792093 0.0382137 0.0439992 0.0091205 0.1113691 0.0424743 0.0772882 0.0854235 0.0444576 0.0507078 0.0776893 0.0799607 0.0689597 0.1114328 0.0154098 0.0508096 0.0760780 0.0809907 0.0818455 0.0313683 0.0546175 0.0130301 0.0427089 0.0707127 0.0462058 0.0452709 0.1031440 0.0831021 0.1116187 0.0998194 
Dasyuridae_Dasyurus_maculatus                0.0657803 0.1009594 0.0694471 0.0811315 0.0792093 0.0000000 0.0692419 0.0773066 0.0822312 0.1391917 0.0798512 0.0087773 0.0149249 0.0788121 0.0912512 0.0080804 0.0023429 0.0098430 0.1389388 0.0720056 0.0932206 0.0993601 0.1111875 0.0083796 0.0824628 0.0768722 0.0716876 0.0793552 0.1140342 0.0839708 0.0829437 0.1305416 0.0029398 0.1372914 0.1631101 
Phalangeridae_Trichosurus_vulpecula          0.0265054 0.0614399 0.0358084 0.0381992 0.0382137 0.0692419 0.0000000 0.0128488 0.0364774 0.1028324 0.0134902 0.0686072 0.0762366 0.0120513 0.0473746 0.0701322 0.0709981 0.0591631 0.1049314 0.0313695 0.0454457 0.0720513 0.0734101 0.0707725 0.0384880 0.0420773 0.0301435 0.0380240 0.0662617 0.0412529 0.0132705 0.0962385 0.0716568 0.1027110 0.0776885 
Phalangeridae_Spilocuscus_maculatus          0.0313661 0.0673197 0.0383573 0.0435085 0.0439992 0.0773066 0.0128488 0.0000000 0.0421309 0.1106147 0.0101751 0.0748005 0.0821587 0.0119237 0.0520432 0.0763963 0.0785671 0.0653163 0.1117939 0.0380522 0.0513390 0.0847112 0.0850649 0.0772329 0.0451960 0.0515735 0.0359779 0.0439450 0.0745314 0.0484092 0.0107224 0.1036314 0.0792145 0.1096063 0.0897884 
Potoroidae_Aepyprymnus_rufescens             0.0301857 0.0639099 0.0411277 0.0088833 0.0091205 0.0822312 0.0364774 0.0421309 0.0000000 0.1059988 0.0414120 0.0789006 0.0859042 0.0426011 0.0486452 0.0793036 0.0823200 0.0706468 0.1062836 0.0139121 0.0507718 0.0765284 0.0821048 0.0840989 0.0304399 0.0548072 0.0113385 0.0417122 0.0675410 0.0464083 0.0442264 0.0988086 0.0837838 0.1063300 0.0963619 
Peramelidae_Perameles_nasuta                 0.0979737 0.1172662 0.1004617 0.1130261 0.1113691 0.1391917 0.1028324 0.1106147 0.1059988 0.0000000 0.1062435 0.1397368 0.1432041 0.1065721 0.1349229 0.1402037 0.1409616 0.1287423 0.0129660 0.1040063 0.1316530 0.1225773 0.1383472 0.1420681 0.1189095 0.1138983 0.1014061 0.1139040 0.1521883 0.1259563 0.1106833 0.0109539 0.1393130 0.0003797 0.2541776 
Phalangeridae_Strigocuscus_pelengensis       0.0323748 0.0636172 0.0394648 0.0428030 0.0424743 0.0798512 0.0134902 0.0101751 0.0414120 0.1062435 0.0000000 0.0800325 0.0847964 0.0098837 0.0486813 0.0804142 0.0786504 0.0699963 0.1068398 0.0373982 0.0515684 0.0784959 0.0790068 0.0818325 0.0420327 0.0480478 0.0371656 0.0423247 0.0670284 0.0441591 0.0096424 0.0990643 0.0824292 0.1051992 0.0746202 
Dasyuridae_Phascogale_tapoatafa              0.0660708 0.0990440 0.0679909 0.0796315 0.0772882 0.0087773 0.0686072 0.0748005 0.0789006 0.1397368 0.0800325 0.0000000 0.0140817 0.0781189 0.0957420 0.0021277 0.0083010 0.0090265 0.1382959 0.0677528 0.0937207 0.1020353 0.1120659 0.0044110 0.0789525 0.0773655 0.0661412 0.0807773 0.1178626 0.0866060 0.0822494 0.1306723 0.0099090 0.1370672 0.1625758 
Dasyuridae_Sminthopsis_macroura              0.0714046 0.1015833 0.0710736 0.0854292 0.0854235 0.0149249 0.0762366 0.0821587 0.0859042 0.1432041 0.0847964 0.0140817 0.0000000 0.0842701 0.0952090 0.0132983 0.0133437 0.0100204 0.1423421 0.0766563 0.1032398 0.1033845 0.1167015 0.0132170 0.0873309 0.0821480 0.0749784 0.0843802 0.1168816 0.0896659 0.0885083 0.1350925 0.0156606 0.1410516 0.1773859 
Phalangeridae_Phalanger_orientalis           0.0335172 0.0698990 0.0414372 0.0448068 0.0444576 0.0788121 0.0120513 0.0119237 0.0426011 0.1065721 0.0098837 0.0781189 0.0842701 0.0000000 0.0514115 0.0784979 0.0800781 0.0680411 0.1071447 0.0370182 0.0517389 0.0772969 0.0764281 0.0793679 0.0416312 0.0477145 0.0372144 0.0460142 0.0748468 0.0456028 0.0039194 0.1004721 0.0807157 0.1055537 0.0725695 
Acrobatidae_Acrobates_pygmaeus               0.0427222 0.0769650 0.0512567 0.0501528 0.0507078 0.0912512 0.0473746 0.0520432 0.0486452 0.1349229 0.0486813 0.0957420 0.0952090 0.0514115 0.0000000 0.0932605 0.0920121 0.0839771 0.1292121 0.0478409 0.0586601 0.0914790 0.0987344 0.0944006 0.0543415 0.0684236 0.0464669 0.0486332 0.0734423 0.0253882 0.0546843 0.1233519 0.0934094 0.1342461 0.1028018 
Dasyuridae_Phascogale_calura                 0.0653472 0.0994650 0.0672663 0.0788202 0.0776893 0.0080804 0.0701322 0.0763963 0.0793036 0.1402037 0.0804142 0.0021277 0.0132983 0.0784979 0.0932605 0.0000000 0.0076131 0.0087683 0.1396133 0.0681698 0.0941229 0.1003841 0.1124848 0.0037787 0.0781340 0.0777752 0.0665303 0.0799301 0.1171885 0.0843563 0.0826287 0.1311307 0.0091959 0.1374604 0.1586594 
Dasyuridae_Sarcophilus_harrisii              0.0652643 0.1001452 0.0689249 0.0805691 0.0799607 0.0023429 0.0709981 0.0785671 0.0823200 0.1409616 0.0786504 0.0083010 0.0133437 0.0800781 0.0920121 0.0076131 0.0000000 0.0085892 0.1406592 0.0726217 0.0940054 0.0965379 0.1103017 0.0079291 0.0819164 0.0771825 0.0715477 0.0788035 0.1136525 0.0821511 0.0842530 0.1327075 0.0033458 0.1390141 0.1646340 
Dasyuridae_Planigale_tenuirostris            0.0564658 0.0905545 0.0579565 0.0699463 0.0689597 0.0098430 0.0591631 0.0653163 0.0706468 0.1287423 0.0699963 0.0090265 0.0100204 0.0680411 0.0839771 0.0087683 0.0085892 0.0000000 0.1264751 0.0607683 0.0825158 0.0904888 0.1049058 0.0093177 0.0723467 0.0714578 0.0606196 0.0724631 0.1013461 0.0721744 0.0721337 0.1212584 0.0098062 0.1276567 0.1642137 
Peramelidae_Echymipera_kalubu                0.1000469 0.1177585 0.1071672 0.1131692 0.1114328 0.1389388 0.1049314 0.1117939 0.1062836 0.0129660 0.1068398 0.1382959 0.1423421 0.1071447 0.1292121 0.1396133 0.1406592 0.1264751 0.0000000 0.1049942 0.1344021 0.1239320 0.1379204 0.1407320 0.1192329 0.1171895 0.1031756 0.1199637 0.1586824 0.1221960 0.1105935 0.0099159 0.1406283 0.0128267 0.2529893 
Macropodidae_Dorcopsulus_vanheurni           0.0271547 0.0589444 0.0349568 0.0151265 0.0154098 0.0720056 0.0313695 0.0380522 0.0139121 0.1040063 0.0373982 0.0677528 0.0766563 0.0370182 0.0478409 0.0681698 0.0726217 0.0607683 0.1049942 0.0000000 0.0454607 0.0671794 0.0718086 0.0718177 0.0245446 0.0482560 0.0062321 0.0393508 0.0662223 0.0413411 0.0388454 0.0955476 0.0744510 0.1033658 0.0864319 
Pseudochiridae_Pseudochirulus_forbesi        0.0442130 0.0816606 0.0539689 0.0524896 0.0508096 0.0932206 0.0454457 0.0513390 0.0507718 0.1316530 0.0515684 0.0937207 0.1032398 0.0517389 0.0586601 0.0941229 0.0940054 0.0825158 0.1344021 0.0454607 0.0000000 0.0961688 0.1013100 0.0961283 0.0575773 0.0683131 0.0483785 0.0161581 0.0687068 0.0513958 0.0530350 0.1262846 0.0945869 0.1337161 0.0531130 
Didelphidae_Didelphis_virginiana             0.0633763 0.0841040 0.0670373 0.0777194 0.0760780 0.0993601 0.0720513 0.0847112 0.0765284 0.1225773 0.0784959 0.1020353 0.1033845 0.0772969 0.0914790 0.1003841 0.0965379 0.0904888 0.1239320 0.0671794 0.0961688 0.0000000 0.0244852 0.1012016 0.0802576 0.0687255 0.0696000 0.0873291 0.1185284 0.0775999 0.0807497 0.1194948 0.0996558 0.1206910 0.1564647 
Marmosidae_Monodelphis_domestica             0.0686098 0.0897503 0.0709986 0.0815157 0.0809907 0.1111875 0.0734101 0.0850649 0.0821048 0.1383472 0.0790068 0.1120659 0.1167015 0.0764281 0.0987344 0.1124848 0.1103017 0.1049058 0.1379204 0.0718086 0.1013100 0.0244852 0.0000000 0.1132236 0.0811594 0.0703208 0.0749659 0.0925520 0.1204833 0.0807988 0.0793618 0.1314652 0.1113877 0.1375512 0.1515232 
Dasyuridae_Antechinus_stuartii               0.0657787 0.0987856 0.0654033 0.0836283 0.0818455 0.0083796 0.0707725 0.0772329 0.0840989 0.1420681 0.0818325 0.0044110 0.0132170 0.0793679 0.0944006 0.0037787 0.0079291 0.0093177 0.1407320 0.0718177 0.0961283 0.1012016 0.1132236 0.0000000 0.0816401 0.0749629 0.0694535 0.0793712 0.1218778 0.0852476 0.0835788 0.1321138 0.0095349 0.1392704 0.1625191 
Hypsiprymnodontidae_Hypsiprymnodon_moschatus 0.0354656 0.0678938 0.0435913 0.0302779 0.0313683 0.0824628 0.0384880 0.0451960 0.0304399 0.1189095 0.0420327 0.0789525 0.0873309 0.0416312 0.0543415 0.0781340 0.0819164 0.0723467 0.1192329 0.0245446 0.0575773 0.0802576 0.0811594 0.0816401 0.0000000 0.0578736 0.0252173 0.0484353 0.0762083 0.0463499 0.0447929 0.1116260 0.0832706 0.1187452 0.0943319 
Microbiotheriidae_Dromiciops_gliroides       0.0417383 0.0692026 0.0454105 0.0563882 0.0546175 0.0768722 0.0420773 0.0515735 0.0548072 0.1138983 0.0480478 0.0773655 0.0821480 0.0477145 0.0684236 0.0777752 0.0771825 0.0714578 0.1171895 0.0482560 0.0683131 0.0687255 0.0703208 0.0749629 0.0578736 0.0000000 0.0494623 0.0586895 0.0920860 0.0548354 0.0491414 0.1057248 0.0797098 0.1133434 0.1100293 
Macropodidae_Wallabia_bicolor                0.0262455 0.0596914 0.0336834 0.0127631 0.0130301 0.0716876 0.0301435 0.0359779 0.0113385 0.1014061 0.0371656 0.0661412 0.0749784 0.0372144 0.0464669 0.0665303 0.0715477 0.0606196 0.1031756 0.0062321 0.0483785 0.0696000 0.0749659 0.0694535 0.0252173 0.0494623 0.0000000 0.0388757 0.0650851 0.0423890 0.0383178 0.0944606 0.0741547 0.1012524 0.0912305 
Pseudochiridae_Pseudocheirus_occidentalis    0.0358292 0.0728251 0.0428680 0.0426130 0.0427089 0.0793552 0.0380240 0.0439450 0.0417122 0.1139040 0.0423247 0.0807773 0.0843802 0.0460142 0.0486332 0.0799301 0.0788035 0.0724631 0.1199637 0.0393508 0.0161581 0.0873291 0.0925520 0.0793712 0.0484353 0.0586895 0.0388757 0.0000000 0.0551073 0.0444163 0.0472602 0.1113571 0.0801704 0.1178769 0.0468438 
Tarsipedidae_Tarsipes_rostratus              0.0633480 0.1003802 0.0726524 0.0723804 0.0707127 0.1140342 0.0662617 0.0745314 0.0675410 0.1521883 0.0670284 0.1178626 0.1168816 0.0748468 0.0734423 0.1171885 0.1136525 0.1013461 0.1586824 0.0662223 0.0687068 0.1185284 0.1204833 0.1218778 0.0762083 0.0920860 0.0650851 0.0551073 0.0000000 0.0675980 0.0765100 0.1437155 0.1157511 0.1567162 0.1284332 
Acrobatidae_Distoechurus_pennatus            0.0374953 0.0628653 0.0436834 0.0451668 0.0462058 0.0839708 0.0412529 0.0484092 0.0464083 0.1259563 0.0441591 0.0866060 0.0896659 0.0456028 0.0253882 0.0843563 0.0821511 0.0721744 0.1221960 0.0413411 0.0513958 0.0775999 0.0807988 0.0852476 0.0463499 0.0548354 0.0423890 0.0444163 0.0675980 0.0000000 0.0483624 0.1160712 0.0848713 0.1267008 0.0870987 
Phalangeridae_Phalanger_carmelitae           0.0335432 0.0710373 0.0425870 0.0447931 0.0452709 0.0829437 0.0132705 0.0107224 0.0442264 0.1106833 0.0096424 0.0822494 0.0885083 0.0039194 0.0546843 0.0826287 0.0842530 0.0721337 0.1105935 0.0388454 0.0530350 0.0807497 0.0793618 0.0835788 0.0447929 0.0491414 0.0383178 0.0472602 0.0765100 0.0483624 0.0000000 0.1032314 0.0848774 0.1095788 0.0807432 
Peramelidae_Peroryctes_raffrayana            0.0950969 0.1072528 0.0993107 0.1048467 0.1031440 0.1305416 0.0962385 0.1036314 0.0988086 0.0109539 0.0990643 0.1306723 0.1350925 0.1004721 0.1233519 0.1311307 0.1327075 0.1212584 0.0099159 0.0955476 0.1262846 0.1194948 0.1314652 0.1321138 0.1116260 0.1057248 0.0944606 0.1113571 0.1437155 0.1160712 0.1032314 0.0000000 0.1326024 0.0109006 0.2286794 
Dasyuridae_Dasyurus_geffroii                 0.0670464 0.1022409 0.0707115 0.0837210 0.0831021 0.0029398 0.0716568 0.0792145 0.0837838 0.1393130 0.0824292 0.0099090 0.0156606 0.0807157 0.0934094 0.0091959 0.0033458 0.0098062 0.1406283 0.0744510 0.0945869 0.0996558 0.1113877 0.0095349 0.0832706 0.0797098 0.0741547 0.0801704 0.1157511 0.0848713 0.0848774 0.1326024 0.0000000 0.1382421 0.1658556 
Peramelidae_Perameles_gunnii                 0.0965340 0.1198353 0.1007909 0.1133703 0.1116187 0.1372914 0.1027110 0.1096063 0.1063300 0.0003797 0.1051992 0.1370672 0.1410516 0.1055537 0.1342461 0.1374604 0.1390141 0.1276567 0.0128267 0.1033658 0.1337161 0.1206910 0.1375512 0.1392704 0.1187452 0.1133434 0.1012524 0.1178769 0.1567162 0.1267008 0.1095788 0.0109006 0.1382421 0.0000000 0.2541206 
Pseudochiridae_Petauroides_volans            0.0855488 0.1521388 0.0831708 0.0987503 0.0998194 0.1631101 0.0776885 0.0897884 0.0963619 0.2541776 0.0746202 0.1625758 0.1773859 0.0725695 0.1028018 0.1586594 0.1646340 0.1642137 0.2529893 0.0864319 0.0531130 0.1564647 0.1515232 0.1625191 0.0943319 0.1100293 0.0912305 0.0468438 0.1284332 0.0870987 0.0807432 0.2286794 0.1658556 0.2541206 0.0000000 
