35
Burramyidae_Burramys_parvus                  0.0000000 0.0390441 0.0246790 0.0264270 0.0264568 0.0416079 0.0186663 0.0199845 0.0245150 0.0483682 0.0192633 0.0393263 0.0427876 0.0196386 0.0271643 0.0401301 0.0393306 0.0433291 0.0470488 0.0237184 0.0382679 0.0464934 0.0390880 0.0414038 0.0269289 0.0261370 0.0359894 0.0228121 0.0350269 0.0437314 0.0306889 0.0193623 0.0471577 0.0396953 0.0485433 
Notoryctidae_Notoryctes_typhlops             0.0390441 0.0000000 0.0378337 0.0478642 0.0473320 0.0470271 0.0407817 0.0413748 0.0448477 0.0555464 0.0422066 0.0448638 0.0469252 0.0408320 0.0472818 0.0454190 0.0454148 0.0468035 0.0554729 0.0426023 0.0612896 0.0609846 0.0518900 0.0461076 0.0469588 0.0401761 0.0583582 0.0415894 0.0574891 0.0630415 0.0518040 0.0399283 0.0564687 0.0452588 0.0559269 
Vombatidae_Lasiorhinus_latifrons             0.0246790 0.0378337 0.0000000 0.0333122 0.0331131 0.0406776 0.0250204 0.0269693 0.0310989 0.0462253 0.0267451 0.0391838 0.0403338 0.0258341 0.0313879 0.0399893 0.0378856 0.0435256 0.0470695 0.0294986 0.0429630 0.0494132 0.0428764 0.0402091 0.0315241 0.0276551 0.0433608 0.0285870 0.0397068 0.0462374 0.0351742 0.0257833 0.0471520 0.0390091 0.0466853 
Potoroidae_Bettongia_penicillata             0.0264270 0.0478642 0.0333122 0.0000000 0.0026532 0.0487069 0.0277501 0.0289572 0.0083025 0.0527993 0.0279878 0.0468248 0.0487710 0.0282867 0.0335895 0.0481921 0.0460513 0.0508613 0.0500645 0.0131942 0.0440200 0.0544328 0.0474780 0.0487105 0.0244615 0.0359608 0.0422343 0.0123089 0.0390282 0.0495775 0.0386995 0.0274879 0.0524605 0.0469781 0.0529455 
Potoroidae_Bettongia_lesueur                 0.0264568 0.0473320 0.0331131 0.0026532 0.0000000 0.0490604 0.0270334 0.0284896 0.0073826 0.0520541 0.0272833 0.0471717 0.0491232 0.0275867 0.0331144 0.0480041 0.0463964 0.0509563 0.0498717 0.0122664 0.0432938 0.0548603 0.0473282 0.0485221 0.0244934 0.0357620 0.0422836 0.0109150 0.0384858 0.0499844 0.0387472 0.0267900 0.0516612 0.0473264 0.0522055 
Dasyuridae_Dasyurus_maculatus                0.0416079 0.0470271 0.0406776 0.0487069 0.0490604 0.0000000 0.0428294 0.0435039 0.0471926 0.0558328 0.0424293 0.0097151 0.0139130 0.0421859 0.0496247 0.0115713 0.0033299 0.0145366 0.0566553 0.0443528 0.0573207 0.0556332 0.0491405 0.0109149 0.0472798 0.0406435 0.0555158 0.0439309 0.0516997 0.0635608 0.0519686 0.0423802 0.0566299 0.0024382 0.0562402 
Phalangeridae_Trichosurus_vulpecula          0.0186663 0.0407817 0.0250204 0.0277501 0.0270334 0.0428294 0.0000000 0.0099864 0.0250497 0.0467145 0.0114244 0.0410427 0.0419195 0.0099330 0.0271964 0.0418694 0.0402430 0.0444220 0.0459099 0.0252381 0.0379354 0.0454719 0.0403823 0.0423748 0.0277895 0.0278079 0.0363249 0.0245619 0.0343520 0.0423578 0.0327293 0.0099144 0.0464847 0.0411545 0.0469042 
Phalangeridae_Spilocuscus_maculatus          0.0199845 0.0413748 0.0269693 0.0289572 0.0284896 0.0435039 0.0099864 0.0000000 0.0265168 0.0468740 0.0056404 0.0414240 0.0425641 0.0053757 0.0274836 0.0422537 0.0409236 0.0456462 0.0462356 0.0261983 0.0403079 0.0473063 0.0388228 0.0424841 0.0291951 0.0285609 0.0376589 0.0247975 0.0357103 0.0427825 0.0330720 0.0058181 0.0465301 0.0418201 0.0472100 
Potoroidae_Aepyprymnus_rufescens             0.0245150 0.0448477 0.0310989 0.0083025 0.0073826 0.0471926 0.0250497 0.0265168 0.0000000 0.0506370 0.0260644 0.0434799 0.0462270 0.0258931 0.0321412 0.0443012 0.0443043 0.0480076 0.0496437 0.0102053 0.0430288 0.0521287 0.0441185 0.0453322 0.0228190 0.0331441 0.0415849 0.0097689 0.0404596 0.0489406 0.0380671 0.0251033 0.0508194 0.0452236 0.0511340 
Peramelidae_Perameles_nasuta                 0.0483682 0.0555464 0.0462253 0.0527993 0.0520541 0.0558328 0.0467145 0.0468740 0.0506370 0.0000000 0.0469929 0.0542132 0.0567988 0.0456540 0.0531834 0.0544731 0.0533502 0.0579743 0.0102027 0.0480599 0.0583792 0.0615387 0.0542840 0.0535526 0.0529794 0.0472369 0.0572070 0.0470980 0.0540938 0.0653029 0.0582264 0.0455845 0.0086643 0.0540195 0.0004433 
Phalangeridae_Strigocuscus_pelengensis       0.0192633 0.0422066 0.0267451 0.0279878 0.0272833 0.0424293 0.0114244 0.0056404 0.0260644 0.0469929 0.0000000 0.0412407 0.0425325 0.0072008 0.0277752 0.0420523 0.0398791 0.0447592 0.0467673 0.0252093 0.0399903 0.0480693 0.0394948 0.0421732 0.0277122 0.0285388 0.0367945 0.0235732 0.0350781 0.0433330 0.0336234 0.0076434 0.0480104 0.0407702 0.0474664 
Dasyuridae_Phascogale_tapoatafa              0.0393263 0.0448638 0.0391838 0.0468248 0.0471717 0.0097151 0.0410427 0.0414240 0.0434799 0.0542132 0.0412407 0.0000000 0.0127191 0.0401666 0.0474981 0.0024344 0.0071692 0.0135022 0.0556078 0.0420740 0.0566945 0.0542989 0.0478062 0.0053697 0.0444319 0.0391427 0.0542025 0.0419497 0.0521839 0.0598201 0.0506219 0.0398247 0.0554729 0.0080949 0.0546285 
Dasyuridae_Sminthopsis_macroura              0.0427876 0.0469252 0.0403338 0.0487710 0.0491232 0.0139130 0.0419195 0.0425641 0.0462270 0.0567988 0.0425325 0.0127191 0.0000000 0.0412756 0.0483881 0.0141420 0.0126989 0.0109994 0.0570757 0.0442270 0.0563892 0.0546518 0.0482057 0.0139324 0.0471513 0.0418320 0.0562207 0.0446413 0.0513437 0.0625349 0.0523165 0.0414543 0.0590004 0.0127232 0.0571995 
Phalangeridae_Phalanger_orientalis           0.0196386 0.0408320 0.0258341 0.0282867 0.0275867 0.0421859 0.0099330 0.0053757 0.0258931 0.0456540 0.0072008 0.0401666 0.0412756 0.0000000 0.0270939 0.0409692 0.0396521 0.0443802 0.0448782 0.0245905 0.0373756 0.0459272 0.0374549 0.0417031 0.0275552 0.0265889 0.0366265 0.0231864 0.0332548 0.0417379 0.0331445 0.0015443 0.0460618 0.0405370 0.0458456 
Acrobatidae_Acrobates_pygmaeus               0.0271643 0.0472818 0.0313879 0.0335895 0.0331144 0.0496247 0.0271964 0.0274836 0.0321412 0.0531834 0.0277752 0.0474981 0.0483881 0.0270939 0.0000000 0.0480447 0.0469252 0.0521290 0.0527538 0.0304980 0.0404574 0.0526458 0.0469915 0.0470967 0.0331554 0.0358090 0.0370560 0.0290697 0.0359555 0.0447715 0.0235343 0.0267920 0.0525461 0.0478679 0.0534637 
Dasyuridae_Phascogale_calura                 0.0401301 0.0454190 0.0399893 0.0481921 0.0480041 0.0115713 0.0418694 0.0422537 0.0443012 0.0544731 0.0420523 0.0024344 0.0141420 0.0409692 0.0480447 0.0000000 0.0096922 0.0152980 0.0558671 0.0428892 0.0569552 0.0545606 0.0475386 0.0065107 0.0452542 0.0399705 0.0538987 0.0427670 0.0518939 0.0607134 0.0514730 0.0406247 0.0557615 0.0099354 0.0548867 
Dasyuridae_Sarcophilus_harrisii              0.0393306 0.0454148 0.0378856 0.0460513 0.0463964 0.0033299 0.0402430 0.0409236 0.0443043 0.0533502 0.0398791 0.0071692 0.0126989 0.0396521 0.0469252 0.0096922 0.0000000 0.0132321 0.0541971 0.0417971 0.0548743 0.0533893 0.0470419 0.0092676 0.0444007 0.0378371 0.0527574 0.0414068 0.0497558 0.0606768 0.0492452 0.0398326 0.0546779 0.0017676 0.0537703 
Dasyuridae_Planigale_tenuirostris            0.0433291 0.0468035 0.0435256 0.0508613 0.0509563 0.0145366 0.0444220 0.0456462 0.0480076 0.0579743 0.0447592 0.0135022 0.0109994 0.0443802 0.0521290 0.0152980 0.0132321 0.0000000 0.0584320 0.0471462 0.0591257 0.0582491 0.0514337 0.0145109 0.0505960 0.0430463 0.0606117 0.0475316 0.0531405 0.0657619 0.0559059 0.0445878 0.0604614 0.0132595 0.0585832 
Peramelidae_Echymipera_kalubu                0.0470488 0.0554729 0.0470695 0.0500645 0.0498717 0.0566553 0.0459099 0.0462356 0.0496437 0.0102027 0.0467673 0.0556078 0.0570757 0.0448782 0.0527538 0.0558671 0.0541971 0.0584320 0.0000000 0.0480795 0.0560441 0.0626827 0.0547754 0.0558952 0.0523983 0.0488413 0.0546540 0.0471399 0.0542964 0.0650813 0.0570308 0.0448103 0.0100261 0.0548669 0.0105838 
Macropodidae_Dorcopsulus_vanheurni           0.0237184 0.0426023 0.0294986 0.0131942 0.0122664 0.0443528 0.0252381 0.0261983 0.0102053 0.0480599 0.0252093 0.0420740 0.0442270 0.0245905 0.0304980 0.0428892 0.0417971 0.0471462 0.0480795 0.0000000 0.0415403 0.0524505 0.0448455 0.0435440 0.0196231 0.0339013 0.0394806 0.0037987 0.0381702 0.0475407 0.0363602 0.0242989 0.0492592 0.0427003 0.0485092 
Pseudochiridae_Pseudochirulus_forbesi        0.0382679 0.0612896 0.0429630 0.0440200 0.0432938 0.0573207 0.0379354 0.0403079 0.0430288 0.0583792 0.0399903 0.0566945 0.0563892 0.0373756 0.0404574 0.0569552 0.0548743 0.0591257 0.0560441 0.0415403 0.0000000 0.0626379 0.0575498 0.0574835 0.0431867 0.0456509 0.0251313 0.0400850 0.0107868 0.0512100 0.0447547 0.0379085 0.0566104 0.0558609 0.0584896 
Didelphidae_Didelphis_virginiana             0.0464934 0.0609846 0.0494132 0.0544328 0.0548603 0.0556332 0.0454719 0.0473063 0.0521287 0.0615387 0.0480693 0.0542989 0.0546518 0.0459272 0.0526458 0.0545606 0.0533893 0.0582491 0.0626827 0.0524505 0.0626379 0.0000000 0.0192408 0.0550513 0.0543784 0.0460168 0.0635557 0.0514444 0.0580868 0.0655652 0.0560577 0.0461250 0.0616637 0.0540930 0.0618643 
Marmosidae_Monodelphis_domestica             0.0390880 0.0518900 0.0428764 0.0474780 0.0473282 0.0491405 0.0403823 0.0388228 0.0441185 0.0542840 0.0394948 0.0478062 0.0482057 0.0374549 0.0469915 0.0475386 0.0470419 0.0514337 0.0547754 0.0448455 0.0575498 0.0192408 0.0000000 0.0486040 0.0461086 0.0390199 0.0576965 0.0436130 0.0533192 0.0597258 0.0503662 0.0376399 0.0538703 0.0474123 0.0548574 
Dasyuridae_Antechinus_stuartii               0.0414038 0.0461076 0.0402091 0.0487105 0.0485221 0.0109149 0.0423748 0.0424841 0.0453322 0.0535526 0.0421732 0.0053697 0.0139324 0.0417031 0.0470967 0.0065107 0.0092676 0.0145109 0.0558952 0.0435440 0.0574835 0.0550513 0.0486040 0.0000000 0.0457552 0.0396423 0.0552207 0.0434057 0.0512414 0.0608729 0.0523718 0.0413706 0.0554520 0.0092853 0.0540656 
Hypsiprymnodontidae_Hypsiprymnodon_moschatus 0.0269289 0.0469588 0.0315241 0.0244615 0.0244934 0.0472798 0.0277895 0.0291951 0.0228190 0.0529794 0.0277122 0.0444319 0.0471513 0.0275552 0.0331554 0.0452542 0.0444007 0.0505960 0.0523983 0.0196231 0.0431867 0.0543784 0.0461086 0.0457552 0.0000000 0.0357174 0.0416993 0.0187481 0.0395318 0.0481630 0.0382784 0.0272528 0.0529027 0.0453172 0.0531241 
Microbiotheriidae_Dromiciops_gliroides       0.0261370 0.0401761 0.0276551 0.0359608 0.0357620 0.0406435 0.0278079 0.0285609 0.0331441 0.0472369 0.0285388 0.0391427 0.0418320 0.0265889 0.0358090 0.0399705 0.0378371 0.0430463 0.0488413 0.0339013 0.0456509 0.0460168 0.0390199 0.0396423 0.0357174 0.0000000 0.0460213 0.0316321 0.0394962 0.0506990 0.0373373 0.0267858 0.0477655 0.0387236 0.0475900 
Pseudochiridae_Petauroides_volans            0.0359894 0.0583582 0.0433608 0.0422343 0.0422836 0.0555158 0.0363249 0.0376589 0.0415849 0.0572070 0.0367945 0.0542025 0.0562207 0.0366265 0.0370560 0.0538987 0.0527574 0.0606117 0.0546540 0.0394806 0.0251313 0.0635557 0.0576965 0.0552207 0.0416993 0.0460213 0.0000000 0.0374960 0.0191594 0.0478531 0.0398946 0.0363062 0.0546086 0.0537165 0.0573259 
Macropodidae_Wallabia_bicolor                0.0228121 0.0415894 0.0285870 0.0123089 0.0109150 0.0439309 0.0245619 0.0247975 0.0097689 0.0470980 0.0235732 0.0419497 0.0446413 0.0231864 0.0290697 0.0427670 0.0414068 0.0475316 0.0471399 0.0037987 0.0400850 0.0514444 0.0436130 0.0434057 0.0187481 0.0316321 0.0374960 0.0000000 0.0368522 0.0463417 0.0346817 0.0229064 0.0477545 0.0423108 0.0473186 
Pseudochiridae_Pseudocheirus_occidentalis    0.0350269 0.0574891 0.0397068 0.0390282 0.0384858 0.0516997 0.0343520 0.0357103 0.0404596 0.0540938 0.0350781 0.0521839 0.0513437 0.0332548 0.0359555 0.0518939 0.0497558 0.0531405 0.0542964 0.0381702 0.0107868 0.0580868 0.0533192 0.0512414 0.0395318 0.0394962 0.0191594 0.0368522 0.0000000 0.0468027 0.0391232 0.0338112 0.0523336 0.0501848 0.0541815 
Tarsipedidae_Tarsipes_rostratus              0.0437314 0.0630415 0.0462374 0.0495775 0.0499844 0.0635608 0.0423578 0.0427825 0.0489406 0.0653029 0.0433330 0.0598201 0.0625349 0.0417379 0.0447715 0.0607134 0.0606768 0.0657619 0.0650813 0.0475407 0.0512100 0.0655652 0.0597258 0.0608729 0.0481630 0.0506990 0.0478531 0.0463417 0.0468027 0.0000000 0.0448764 0.0411407 0.0666075 0.0616739 0.0652723 
Acrobatidae_Distoechurus_pennatus            0.0306889 0.0518040 0.0351742 0.0386995 0.0387472 0.0519686 0.0327293 0.0330720 0.0380671 0.0582264 0.0336234 0.0506219 0.0523165 0.0331445 0.0235343 0.0514730 0.0492452 0.0559059 0.0570308 0.0363602 0.0447547 0.0560577 0.0503662 0.0523718 0.0382784 0.0373373 0.0398946 0.0346817 0.0391232 0.0448764 0.0000000 0.0328250 0.0581729 0.0501982 0.0585990 
Phalangeridae_Phalanger_carmelitae           0.0193623 0.0399283 0.0257833 0.0274879 0.0267900 0.0423802 0.0099144 0.0058181 0.0251033 0.0455845 0.0076434 0.0398247 0.0414543 0.0015443 0.0267920 0.0406247 0.0398326 0.0445878 0.0448103 0.0242989 0.0379085 0.0461250 0.0376399 0.0413706 0.0272528 0.0267858 0.0363062 0.0229064 0.0338112 0.0411407 0.0328250 0.0000000 0.0459910 0.0407168 0.0457763 
Peramelidae_Peroryctes_raffrayana            0.0471577 0.0564687 0.0471520 0.0524605 0.0516612 0.0566299 0.0464847 0.0465301 0.0508194 0.0086643 0.0480104 0.0554729 0.0590004 0.0460618 0.0525461 0.0557615 0.0546779 0.0604614 0.0100261 0.0492592 0.0566104 0.0616637 0.0538703 0.0554520 0.0529027 0.0477655 0.0546086 0.0477545 0.0523336 0.0666075 0.0581729 0.0459910 0.0000000 0.0547952 0.0088603 
Dasyuridae_Dasyurus_geffroii                 0.0396953 0.0452588 0.0390091 0.0469781 0.0473264 0.0024382 0.0411545 0.0418201 0.0452236 0.0540195 0.0407702 0.0080949 0.0127232 0.0405370 0.0478679 0.0099354 0.0017676 0.0132595 0.0548669 0.0427003 0.0558609 0.0540930 0.0474123 0.0092853 0.0453172 0.0387236 0.0537165 0.0423108 0.0501848 0.0616739 0.0501982 0.0407168 0.0547952 0.0000000 0.0544366 
Peramelidae_Perameles_gunnii                 0.0485433 0.0559269 0.0466853 0.0529455 0.0522055 0.0562402 0.0469042 0.0472100 0.0511340 0.0004433 0.0474664 0.0546285 0.0571995 0.0458456 0.0534637 0.0548867 0.0537703 0.0585832 0.0105838 0.0485092 0.0584896 0.0618643 0.0548574 0.0540656 0.0531241 0.0475900 0.0573259 0.0473186 0.0541815 0.0652723 0.0585990 0.0457763 0.0088603 0.0544366 0.0000000 
