35
Burramyidae_Burramys_parvus                  0.0000000 0.1071412 0.0567891 0.0695605 0.0681808 0.1064242 0.0491873 0.0501994 0.0684714 0.1072850 0.0460312 0.1070795 0.1084477 0.0492955 0.0724919 0.1064589 0.1048725 0.1031384 0.1058978 0.0628055 0.0676866 0.0873521 0.1210178 0.1074060 0.0597141 0.0847918 0.0547892 0.0642896 0.0723232 0.0986965 0.0697903 0.0494399 0.0976336 0.1027343 0.0992122 
Notoryctidae_Notoryctes_typhlops             0.1071412 0.0000000 0.1017096 0.1152306 0.1151929 0.1368938 0.1072689 0.1075221 0.1118124 0.1266304 0.1059853 0.1351198 0.1373003 0.1057114 0.1264079 0.1334638 0.1333399 0.1306055 0.1318735 0.1097218 0.1156458 0.1245777 0.1517923 0.1346190 0.1089680 0.1081944 0.1062227 0.1164126 0.1228912 0.1536223 0.1233398 0.1077737 0.1284641 0.1328781 0.1241632 
Vombatidae_Lasiorhinus_latifrons             0.0567891 0.1017096 0.0000000 0.0794090 0.0780443 0.1079873 0.0565427 0.0563050 0.0755505 0.0981253 0.0513308 0.1085774 0.1093142 0.0540869 0.0726809 0.1059989 0.1064324 0.1029650 0.0903213 0.0682101 0.0661978 0.0924337 0.1265483 0.1088209 0.0660598 0.0746312 0.0551598 0.0711417 0.0709177 0.1048652 0.0684059 0.0533362 0.0895586 0.1043000 0.0947268 
Potoroidae_Bettongia_penicillata             0.0695605 0.1152306 0.0794090 0.0000000 0.0026979 0.1231455 0.0707378 0.0703380 0.0127905 0.1219612 0.0667397 0.1236058 0.1194356 0.0680473 0.0854535 0.1219023 0.1199415 0.1181214 0.1198458 0.0209598 0.0889543 0.1075650 0.1395933 0.1260406 0.0466236 0.1029510 0.0717526 0.0241054 0.0946445 0.1186788 0.0855364 0.0673173 0.1063946 0.1192677 0.1124233 
Potoroidae_Bettongia_lesueur                 0.0681808 0.1151929 0.0780443 0.0026979 0.0000000 0.1242819 0.0693912 0.0698996 0.0119500 0.1194563 0.0662884 0.1247388 0.1200613 0.0676114 0.0844870 0.1230824 0.1210644 0.1176023 0.1158580 0.0196310 0.0875474 0.1070231 0.1389560 0.1260514 0.0441827 0.1003843 0.0713077 0.0227160 0.0932426 0.1178154 0.0845651 0.0668816 0.1059205 0.1203893 0.1120003 
Dasyuridae_Dasyurus_maculatus                0.1064242 0.1368938 0.1079873 0.1231455 0.1242819 0.0000000 0.1070710 0.1099031 0.1226880 0.1415832 0.1018508 0.0168465 0.0234213 0.1024849 0.1244867 0.0153391 0.0068885 0.0247689 0.1375575 0.1152193 0.1191399 0.1251550 0.1576713 0.0167990 0.1140064 0.1119191 0.1085325 0.1155647 0.1250725 0.1621241 0.1223836 0.1063450 0.1263758 0.0042736 0.1325291 
Phalangeridae_Trichosurus_vulpecula          0.0491873 0.1072689 0.0565427 0.0707378 0.0693912 0.1070710 0.0000000 0.0171913 0.0674551 0.1037951 0.0157600 0.1061235 0.1075727 0.0168338 0.0657681 0.1040948 0.1046019 0.1044003 0.1003660 0.0599542 0.0650436 0.0954442 0.1317507 0.1061783 0.0613380 0.0869249 0.0555084 0.0615098 0.0713697 0.0991650 0.0627827 0.0172173 0.0963939 0.1039472 0.1025400 
Phalangeridae_Spilocuscus_maculatus          0.0501994 0.1075221 0.0563050 0.0703380 0.0698996 0.1099031 0.0171913 0.0000000 0.0693995 0.1064622 0.0072782 0.1100346 0.1113616 0.0089985 0.0664086 0.1079893 0.1074149 0.1063093 0.1031015 0.0609759 0.0657793 0.0961914 0.1334636 0.1101365 0.0610678 0.0866578 0.0539057 0.0633880 0.0697841 0.0969869 0.0620275 0.0084946 0.0938220 0.1067616 0.1011720 
Potoroidae_Aepyprymnus_rufescens             0.0684714 0.1118124 0.0755505 0.0127905 0.0119500 0.1226880 0.0674551 0.0693995 0.0000000 0.1151568 0.0652471 0.1241618 0.1193986 0.0666413 0.0825572 0.1224980 0.1194445 0.1168192 0.1116815 0.0168264 0.0862105 0.1032359 0.1435384 0.1243174 0.0410942 0.0998850 0.0695060 0.0191353 0.0908150 0.1150787 0.0839534 0.0663718 0.1014582 0.1187873 0.1091951 
Peramelidae_Perameles_nasuta                 0.1072850 0.1266304 0.0981253 0.1219612 0.1194563 0.1415832 0.1037951 0.1064622 0.1151568 0.0000000 0.1029339 0.1374363 0.1472231 0.1046566 0.1439136 0.1365355 0.1441837 0.1408979 0.0129635 0.1132540 0.1275668 0.0925541 0.1506089 0.1381600 0.1129052 0.1109914 0.1103326 0.1146768 0.1355954 0.1790820 0.1381846 0.1086517 0.0112616 0.1389899 0.0008293 
Phalangeridae_Strigocuscus_pelengensis       0.0460312 0.1059853 0.0513308 0.0667397 0.0662884 0.1018508 0.0157600 0.0072782 0.0652471 0.1029339 0.0000000 0.1011081 0.1023905 0.0075287 0.0635459 0.0990618 0.0994516 0.0983926 0.1004715 0.0561949 0.0609629 0.0896120 0.1269548 0.1002923 0.0580498 0.0828798 0.0501311 0.0574866 0.0663472 0.0948623 0.0607172 0.0070321 0.0900544 0.0993206 0.0975216 
Dasyuridae_Phascogale_tapoatafa              0.1070795 0.1351198 0.1085774 0.1236058 0.1247388 0.0168465 0.1061235 0.1100346 0.1241618 0.1374363 0.1011081 0.0000000 0.0215580 0.1046383 0.1255204 0.0035856 0.0161859 0.0230671 0.1334992 0.1157045 0.1231887 0.1275002 0.1543130 0.0108978 0.1154372 0.1131295 0.1122585 0.1160498 0.1277775 0.1597701 0.1202656 0.1090882 0.1285466 0.0150097 0.1335231 
Dasyuridae_Sminthopsis_macroura              0.1084477 0.1373003 0.1093142 0.1194356 0.1200613 0.0234213 0.1075727 0.1113616 0.1193986 0.1472231 0.1023905 0.0215580 0.0000000 0.1049639 0.1261300 0.0218909 0.0233068 0.0166006 0.1448403 0.1133181 0.1216904 0.1255792 0.1600510 0.0248362 0.1160783 0.1137616 0.1125876 0.1136548 0.1276562 0.1542521 0.1212138 0.1090272 0.1297452 0.0213781 0.1347078 
Phalangeridae_Phalanger_orientalis           0.0492955 0.1057114 0.0540869 0.0680473 0.0676114 0.1024849 0.0168338 0.0089985 0.0666413 0.1046566 0.0075287 0.1046383 0.1049639 0.0000000 0.0647130 0.1035011 0.1006509 0.1031532 0.1013067 0.0591749 0.0621100 0.0928364 0.1299202 0.1052039 0.0587016 0.0846432 0.0521299 0.0615656 0.0682286 0.0954362 0.0621640 0.0038331 0.0913057 0.0999980 0.0996256 
Acrobatidae_Acrobates_pygmaeus               0.0724919 0.1264079 0.0726809 0.0854535 0.0844870 0.1244867 0.0657681 0.0664086 0.0825572 0.1439136 0.0635459 0.1255204 0.1261300 0.0647130 0.0000000 0.1223643 0.1234464 0.1214857 0.1416067 0.0750880 0.0756934 0.1128878 0.1526309 0.1262021 0.0743562 0.0967403 0.0660674 0.0776824 0.0819476 0.1052205 0.0405011 0.0650509 0.1161109 0.1212490 0.1202334 
Dasyuridae_Phascogale_calura                 0.1064589 0.1334638 0.1059989 0.1219023 0.1230824 0.0153391 0.1040948 0.1079893 0.1224980 0.1365355 0.0990618 0.0035856 0.0218909 0.1035011 0.1223643 0.0000000 0.0147003 0.0206865 0.1326146 0.1140941 0.1205043 0.1286473 0.1556522 0.0095551 0.1147899 0.1113384 0.1096304 0.1144347 0.1255510 0.1591770 0.1175800 0.1059623 0.1285685 0.0135556 0.1335452 
Dasyuridae_Sarcophilus_harrisii              0.1048725 0.1333399 0.1064324 0.1199415 0.1210644 0.0068885 0.1046019 0.1074149 0.1194445 0.1441837 0.0994516 0.0161859 0.0233068 0.1006509 0.1234464 0.0147003 0.0000000 0.0235885 0.1388861 0.1136047 0.1192600 0.1244317 0.1562182 0.0145908 0.1139359 0.1087008 0.1079796 0.1139446 0.1249205 0.1589442 0.1207140 0.1044833 0.1253074 0.0051959 0.1307681 
Dasyuridae_Planigale_tenuirostris            0.1031384 0.1306055 0.1029650 0.1181214 0.1176023 0.0247689 0.1044003 0.1063093 0.1168192 0.1408979 0.0983926 0.0230671 0.0166006 0.1031532 0.1214857 0.0206865 0.0235885 0.0000000 0.1367555 0.1083946 0.1161067 0.1190827 0.1552128 0.0232354 0.1105653 0.1116722 0.1061844 0.1098707 0.1219606 0.1545211 0.1191513 0.1047813 0.1236055 0.0222678 0.1278309 
Peramelidae_Echymipera_kalubu                0.1058978 0.1318735 0.0903213 0.1198458 0.1158580 0.1375575 0.1003660 0.1031015 0.1116815 0.0129635 0.1004715 0.1334992 0.1448403 0.1013067 0.1416067 0.1326146 0.1388861 0.1367555 0.0000000 0.1106275 0.1223020 0.0877004 0.1544376 0.1332288 0.1087136 0.1116884 0.1059453 0.1120351 0.1327236 0.1832176 0.1351583 0.1052383 0.0091607 0.1350094 0.0129506 
Macropodidae_Dorcopsulus_vanheurni           0.0628055 0.1097218 0.0682101 0.0209598 0.0196310 0.1152193 0.0599542 0.0609759 0.0168264 0.1132540 0.0561949 0.1157045 0.1133181 0.0591749 0.0750880 0.1140941 0.1136047 0.1083946 0.1106275 0.0000000 0.0794230 0.1003489 0.1349750 0.1173022 0.0335601 0.0905426 0.0646757 0.0066902 0.0854795 0.1086398 0.0755554 0.0584536 0.1007811 0.1114354 0.1062108 
Pseudochiridae_Pseudochirulus_forbesi        0.0676866 0.1156458 0.0661978 0.0889543 0.0875474 0.1191399 0.0650436 0.0657793 0.0862105 0.1275668 0.0609629 0.1231887 0.1216904 0.0621100 0.0756934 0.1205043 0.1192600 0.1161067 0.1223020 0.0794230 0.0000000 0.1087403 0.1482713 0.1195819 0.0767537 0.0954466 0.0309017 0.0792113 0.0308933 0.0944654 0.0746028 0.0627041 0.1094271 0.1170709 0.1155600 
Didelphidae_Didelphis_virginiana             0.0873521 0.1245777 0.0924337 0.1075650 0.1070231 0.1251550 0.0954442 0.0961914 0.1032359 0.0925541 0.0896120 0.1275002 0.1255792 0.0928364 0.1128878 0.1286473 0.1244317 0.1190827 0.0877004 0.1003489 0.1087403 0.0000000 0.0275561 0.1272609 0.1007448 0.0977884 0.0987553 0.1011664 0.1205700 0.1516029 0.1019407 0.0915669 0.1058217 0.1208600 0.1144538 
Marmosidae_Monodelphis_domestica             0.1210178 0.1517923 0.1265483 0.1395933 0.1389560 0.1576713 0.1317507 0.1334636 0.1435384 0.1506089 0.1269548 0.1543130 0.1600510 0.1299202 0.1526309 0.1556522 0.1562182 0.1552128 0.1544376 0.1349750 0.1482713 0.0275561 0.0000000 0.1520503 0.1318203 0.1208171 0.1370925 0.1375787 0.1605943 0.1909395 0.1457760 0.1293541 0.1402513 0.1521081 0.1448577 
Dasyuridae_Antechinus_stuartii               0.1074060 0.1346190 0.1088209 0.1260406 0.1260514 0.0167990 0.1061783 0.1101365 0.1243174 0.1381600 0.1002923 0.0108978 0.0248362 0.1052039 0.1262021 0.0095551 0.0145908 0.0232354 0.1332288 0.1173022 0.1195819 0.1272609 0.1520503 0.0000000 0.1149095 0.1138910 0.1104956 0.1164817 0.1265395 0.1606776 0.1215303 0.1091771 0.1273113 0.0143368 0.1338038 
Hypsiprymnodontidae_Hypsiprymnodon_moschatus 0.0597141 0.1089680 0.0660598 0.0466236 0.0441827 0.1140064 0.0613380 0.0610678 0.0410942 0.1129052 0.0580498 0.1154372 0.1160783 0.0587016 0.0743562 0.1147899 0.1139359 0.1105653 0.1087136 0.0335601 0.0767537 0.1007448 0.1318203 0.1149095 0.0000000 0.0898569 0.0662421 0.0356347 0.0824146 0.1051140 0.0760323 0.0576457 0.1004013 0.1113183 0.1064245 
Microbiotheriidae_Dromiciops_gliroides       0.0847918 0.1081944 0.0746312 0.1029510 0.1003843 0.1119191 0.0869249 0.0866578 0.0998850 0.1109914 0.0828798 0.1131295 0.1137616 0.0846432 0.0967403 0.1113384 0.1087008 0.1116722 0.1116884 0.0905426 0.0954466 0.0977884 0.1208171 0.1138910 0.0898569 0.0000000 0.0807239 0.0935477 0.0996087 0.1336512 0.0968762 0.0821379 0.1080078 0.1107415 0.1083095 
Pseudochiridae_Petauroides_volans            0.0547892 0.1062227 0.0551598 0.0717526 0.0713077 0.1085325 0.0555084 0.0539057 0.0695060 0.1103326 0.0501311 0.1122585 0.1125876 0.0521299 0.0660674 0.1096304 0.1079796 0.1061844 0.1059453 0.0646757 0.0309017 0.0987553 0.1370925 0.1104956 0.0662421 0.0807239 0.0000000 0.0662622 0.0356683 0.0861608 0.0619040 0.0527197 0.0952055 0.1058228 0.1022766 
Macropodidae_Wallabia_bicolor                0.0642896 0.1164126 0.0711417 0.0241054 0.0227160 0.1155647 0.0615098 0.0633880 0.0191353 0.1146768 0.0574866 0.1160498 0.1136548 0.0615656 0.0776824 0.1144347 0.1139446 0.1098707 0.1120351 0.0066902 0.0792113 0.1011664 0.1375787 0.1164817 0.0356347 0.0935477 0.0662622 0.0000000 0.0857917 0.1103904 0.0762917 0.0608405 0.1019062 0.1117699 0.1073985 
Pseudochiridae_Pseudocheirus_occidentalis    0.0723232 0.1228912 0.0709177 0.0946445 0.0932426 0.1250725 0.0713697 0.0697841 0.0908150 0.1355954 0.0663472 0.1277775 0.1276562 0.0682286 0.0819476 0.1255510 0.1249205 0.1219606 0.1327236 0.0854795 0.0308933 0.1205700 0.1605943 0.1265395 0.0824146 0.0996087 0.0356683 0.0857917 0.0000000 0.1031323 0.0812353 0.0692909 0.1156834 0.1226902 0.1204621 
Tarsipedidae_Tarsipes_rostratus              0.0986965 0.1536223 0.1048652 0.1186788 0.1178154 0.1621241 0.0991650 0.0969869 0.1150787 0.1790820 0.0948623 0.1597701 0.1542521 0.0954362 0.1052205 0.1591770 0.1589442 0.1545211 0.1832176 0.1086398 0.0944654 0.1516029 0.1909395 0.1606776 0.1051140 0.1336512 0.0861608 0.1103904 0.1031323 0.0000000 0.0964968 0.0998553 0.1452197 0.1573354 0.1477412 
Acrobatidae_Distoechurus_pennatus            0.0697903 0.1233398 0.0684059 0.0855364 0.0845651 0.1223836 0.0627827 0.0620275 0.0839534 0.1381846 0.0607172 0.1202656 0.1212138 0.0621640 0.0405011 0.1175800 0.1207140 0.1191513 0.1351583 0.0755554 0.0746028 0.1019407 0.1457760 0.1215303 0.0760323 0.0968762 0.0619040 0.0762917 0.0812353 0.0964968 0.0000000 0.0620083 0.1129096 0.1185141 0.1174948 
Phalangeridae_Phalanger_carmelitae           0.0494399 0.1077737 0.0533362 0.0673173 0.0668816 0.1063450 0.0172173 0.0084946 0.0663718 0.1086517 0.0070321 0.1090882 0.1090272 0.0038331 0.0650509 0.1059623 0.1044833 0.1047813 0.1052383 0.0584536 0.0627041 0.0915669 0.1293541 0.1091771 0.0576457 0.0821379 0.0527197 0.0608405 0.0692909 0.0998553 0.0620083 0.0000000 0.0934728 0.1038294 0.1018964 
Peramelidae_Peroryctes_raffrayana            0.0976336 0.1284641 0.0895586 0.1063946 0.1059205 0.1263758 0.0963939 0.0938220 0.1014582 0.0112616 0.0900544 0.1285466 0.1297452 0.0913057 0.1161109 0.1285685 0.1253074 0.1236055 0.0091607 0.1007811 0.1094271 0.1058217 0.1402513 0.1273113 0.1004013 0.1080078 0.0952055 0.1019062 0.1156834 0.1452197 0.1129096 0.0934728 0.0000000 0.1235707 0.0129124 
Dasyuridae_Dasyurus_geffroii                 0.1027343 0.1328781 0.1043000 0.1192677 0.1203893 0.0042736 0.1039472 0.1067616 0.1187873 0.1389899 0.0993206 0.0150097 0.0213781 0.0999980 0.1212490 0.0135556 0.0051959 0.0222678 0.1350094 0.1114354 0.1170709 0.1208600 0.1521081 0.0143368 0.1113183 0.1107415 0.1058228 0.1117699 0.1226902 0.1573354 0.1185141 0.1038294 0.1235707 0.0000000 0.1285027 
Peramelidae_Perameles_gunnii                 0.0992122 0.1241632 0.0947268 0.1124233 0.1120003 0.1325291 0.1025400 0.1011720 0.1091951 0.0008293 0.0975216 0.1335231 0.1347078 0.0996256 0.1202334 0.1335452 0.1307681 0.1278309 0.0129506 0.1062108 0.1155600 0.1144538 0.1448577 0.1338038 0.1064245 0.1083095 0.1022766 0.1073985 0.1204621 0.1477412 0.1174948 0.1018964 0.0129124 0.1285027 0.0000000 
