35
Burramyidae_Burramys_parvus                  0.0000000 0.1098561 0.0479959 0.0572968 0.0545923 0.1067965 0.0431821 0.0594240 0.0528406 0.0960510 0.0541674 0.0895615 0.1049701 0.0545691 0.0658353 0.0850207 0.1045355 0.1013084 0.0960067 0.0659895 0.0680020 0.1080624 0.1161302 0.0972692 0.0628500 0.0831470 0.0551162 0.0698362 0.0710512 0.0837619 0.0725106 0.0557568 0.1073973 0.0994437 0.0968685 
Notoryctidae_Notoryctes_typhlops             0.1098561 0.0000000 0.0794956 0.0916964 0.0893332 0.1116320 0.0834574 0.0895211 0.0840416 0.0823623 0.0900805 0.1061398 0.1025952 0.0910767 0.1031942 0.1034028 0.1125594 0.0988045 0.0808862 0.0817848 0.1021924 0.1097519 0.1396290 0.1070456 0.0857150 0.0824816 0.1009985 0.0889780 0.1056277 0.1261312 0.1040729 0.0895895 0.0928567 0.1039500 0.0825377 
Vombatidae_Lasiorhinus_latifrons             0.0479959 0.0794956 0.0000000 0.0531011 0.0481668 0.0813307 0.0418972 0.0467555 0.0475815 0.0832975 0.0416641 0.0811970 0.0857238 0.0441123 0.0578771 0.0770012 0.0823958 0.0722231 0.0775969 0.0486889 0.0641310 0.0849970 0.1122756 0.0771673 0.0505397 0.0598159 0.0543635 0.0537374 0.0574515 0.0763323 0.0564057 0.0427791 0.0906640 0.0771224 0.0818979 
Potoroidae_Bettongia_penicillata             0.0572968 0.0916964 0.0531011 0.0000000 0.0091360 0.0990369 0.0413736 0.0507663 0.0136153 0.0975990 0.0464625 0.0971723 0.1026156 0.0488060 0.0573289 0.0946477 0.0976622 0.0914772 0.0964656 0.0245581 0.0610015 0.1060418 0.1289978 0.0976710 0.0361115 0.0664639 0.0583750 0.0263677 0.0594980 0.0725141 0.0633776 0.0482280 0.1127526 0.0956110 0.0954610 
Potoroidae_Bettongia_lesueur                 0.0545923 0.0893332 0.0481668 0.0091360 0.0000000 0.0937062 0.0397145 0.0482349 0.0135674 0.0935802 0.0433175 0.0918304 0.0972621 0.0463209 0.0554365 0.0893843 0.0923818 0.0862710 0.0910118 0.0237708 0.0606004 0.1047214 0.1272980 0.0922599 0.0338809 0.0672524 0.0585524 0.0255538 0.0591949 0.0711844 0.0614373 0.0464954 0.1084239 0.0903720 0.0917484 
Dasyuridae_Dasyurus_maculatus                0.1067965 0.1116320 0.0813307 0.0990369 0.0937062 0.0000000 0.0805755 0.0883365 0.0906769 0.0908083 0.0904372 0.0239608 0.0319538 0.0906854 0.0997207 0.0225230 0.0117875 0.0257614 0.0912423 0.0912461 0.1157458 0.1056666 0.1202408 0.0181140 0.0961306 0.0876335 0.1059829 0.0927203 0.1109835 0.1232805 0.0996667 0.0878879 0.1072385 0.0092524 0.0895255 
Phalangeridae_Trichosurus_vulpecula          0.0431821 0.0834574 0.0418972 0.0413736 0.0397145 0.0805755 0.0000000 0.0195828 0.0378079 0.0739395 0.0159662 0.0833453 0.0851052 0.0168268 0.0468631 0.0810501 0.0811540 0.0763573 0.0751629 0.0411554 0.0573332 0.0855608 0.1107765 0.0820238 0.0389552 0.0588488 0.0473785 0.0433355 0.0548378 0.0698296 0.0509490 0.0155823 0.0892526 0.0783182 0.0727164 
Phalangeridae_Spilocuscus_maculatus          0.0594240 0.0895211 0.0467555 0.0507663 0.0482349 0.0883365 0.0195828 0.0000000 0.0446743 0.0810523 0.0113114 0.0870693 0.0898363 0.0129043 0.0556879 0.0853669 0.0875849 0.0847494 0.0813019 0.0490023 0.0612581 0.0919073 0.1180794 0.0853149 0.0489827 0.0636452 0.0537539 0.0522004 0.0575902 0.0727969 0.0551352 0.0129636 0.0928724 0.0839917 0.0814030 
Potoroidae_Aepyprymnus_rufescens             0.0528406 0.0840416 0.0475815 0.0136153 0.0135674 0.0906769 0.0378079 0.0446743 0.0000000 0.0866186 0.0419750 0.0907628 0.0943707 0.0442890 0.0516992 0.0883572 0.0893929 0.0862718 0.0859120 0.0215286 0.0577000 0.1010823 0.1227178 0.0892002 0.0278892 0.0606176 0.0547638 0.0239420 0.0567480 0.0722817 0.0543266 0.0444526 0.0999507 0.0874254 0.0850113 
Peramelidae_Perameles_nasuta                 0.0960510 0.0823623 0.0832975 0.0975990 0.0935802 0.0908083 0.0739395 0.0810523 0.0866186 0.0000000 0.0833359 0.0917125 0.0970183 0.0804745 0.0958785 0.0881686 0.0938226 0.0871528 0.0124638 0.0857298 0.0975103 0.0997843 0.1315987 0.0901551 0.0842889 0.0810017 0.0897577 0.0954764 0.0971903 0.1146425 0.0872656 0.0791823 0.0216678 0.0884923 0.0006029 
Phalangeridae_Strigocuscus_pelengensis       0.0541674 0.0900805 0.0416641 0.0464625 0.0433175 0.0904372 0.0159662 0.0113114 0.0419750 0.0833359 0.0000000 0.0880746 0.0921869 0.0093112 0.0487820 0.0848281 0.0896474 0.0809941 0.0815447 0.0447965 0.0579563 0.0924145 0.1162848 0.0849283 0.0477719 0.0618173 0.0470727 0.0478407 0.0563978 0.0711261 0.0524106 0.0093566 0.0930517 0.0857987 0.0832981 
Dasyuridae_Phascogale_tapoatafa              0.0895615 0.1061398 0.0811970 0.0971723 0.0918304 0.0239608 0.0833453 0.0870693 0.0907628 0.0917125 0.0880746 0.0000000 0.0322614 0.0890912 0.0942028 0.0048784 0.0244875 0.0260063 0.0917223 0.0921804 0.1085479 0.1059140 0.1196740 0.0141429 0.0917381 0.0815558 0.0998354 0.0931852 0.1033379 0.1225594 0.1001114 0.0878805 0.1045174 0.0237958 0.0935699 
Dasyuridae_Sminthopsis_macroura              0.1049701 0.1025952 0.0857238 0.1026156 0.0972621 0.0319538 0.0851052 0.0898363 0.0943707 0.0970183 0.0921869 0.0322614 0.0000000 0.0908013 0.1035221 0.0335488 0.0345423 0.0271370 0.0952529 0.0984582 0.1114047 0.1127447 0.1253404 0.0263594 0.0992857 0.0865726 0.1047317 0.1029045 0.1026154 0.1158274 0.1058609 0.0896005 0.1079018 0.0324805 0.0971155 
Phalangeridae_Phalanger_orientalis           0.0545691 0.0910767 0.0441123 0.0488060 0.0463209 0.0906854 0.0168268 0.0129043 0.0442890 0.0804745 0.0093112 0.0890912 0.0908013 0.0000000 0.0536087 0.0855120 0.0899133 0.0818208 0.0809197 0.0457967 0.0594388 0.0899025 0.1192566 0.0877542 0.0485471 0.0624177 0.0504822 0.0488907 0.0575981 0.0747763 0.0556662 0.0035894 0.0918211 0.0861594 0.0810161 
Acrobatidae_Acrobates_pygmaeus               0.0658353 0.1031942 0.0578771 0.0573289 0.0554365 0.0997207 0.0468631 0.0556879 0.0516992 0.0958785 0.0487820 0.0942028 0.1035221 0.0536087 0.0000000 0.0906842 0.0978890 0.0946358 0.0923603 0.0546611 0.0618426 0.1027171 0.1222569 0.0925464 0.0558290 0.0795605 0.0526915 0.0562815 0.0615447 0.0797210 0.0297458 0.0523222 0.1034047 0.0975548 0.0942470 
Dasyuridae_Phascogale_calura                 0.0850207 0.1034028 0.0770012 0.0946477 0.0893843 0.0225230 0.0810501 0.0853669 0.0883572 0.0881686 0.0848281 0.0048784 0.0335488 0.0855120 0.0906842 0.0000000 0.0230543 0.0244741 0.0867959 0.0897223 0.1059287 0.1047071 0.1211952 0.0141163 0.0912595 0.0793989 0.0960208 0.0911558 0.1021553 0.1202267 0.0964765 0.0836057 0.1015501 0.0223695 0.0893737 
Dasyuridae_Sarcophilus_harrisii              0.1045355 0.1125594 0.0823958 0.0976622 0.0923818 0.0117875 0.0811540 0.0875849 0.0893929 0.0938226 0.0896474 0.0244875 0.0345423 0.0899133 0.0978890 0.0230543 0.0000000 0.0277478 0.0959504 0.0961673 0.1111939 0.1025917 0.1210618 0.0186714 0.0942653 0.0858588 0.1015322 0.0977804 0.1090231 0.1185232 0.0960126 0.0871452 0.1124370 0.0111083 0.0942701 
Dasyuridae_Planigale_tenuirostris            0.1013084 0.0988045 0.0722231 0.0914772 0.0862710 0.0257614 0.0763573 0.0847494 0.0862718 0.0871528 0.0809941 0.0260063 0.0271370 0.0818208 0.0946358 0.0244741 0.0277478 0.0000000 0.0893234 0.0874641 0.1083801 0.1007599 0.1136431 0.0245557 0.0910816 0.0771964 0.0958769 0.0911655 0.0955047 0.1157450 0.0957752 0.0800402 0.1006081 0.0255858 0.0910542 
Peramelidae_Echymipera_kalubu                0.0960067 0.0808862 0.0775969 0.0964656 0.0910118 0.0912423 0.0751629 0.0813019 0.0859120 0.0124638 0.0815447 0.0917223 0.0952529 0.0809197 0.0923603 0.0867959 0.0959504 0.0893234 0.0000000 0.0851127 0.0982783 0.0973498 0.1288648 0.0896045 0.0836567 0.0792404 0.0918033 0.0915271 0.0996652 0.1095868 0.0888248 0.0794970 0.0192724 0.0917818 0.0115454 
Macropodidae_Dorcopsulus_vanheurni           0.0659895 0.0817848 0.0486889 0.0245581 0.0237708 0.0912461 0.0411554 0.0490023 0.0215286 0.0857298 0.0447965 0.0921804 0.0984582 0.0457967 0.0546611 0.0897223 0.0961673 0.0874641 0.0851127 0.0000000 0.0592025 0.0976293 0.1220119 0.0940699 0.0380319 0.0723907 0.0587558 0.0132092 0.0563515 0.0757007 0.0627518 0.0459700 0.0986912 0.0923213 0.0833730 
Pseudochiridae_Pseudochirulus_forbesi        0.0680020 0.1021924 0.0641310 0.0610015 0.0606004 0.1157458 0.0573332 0.0612581 0.0577000 0.0975103 0.0579563 0.1085479 0.1114047 0.0594388 0.0618426 0.1059287 0.1111939 0.1083801 0.0982783 0.0592025 0.0000000 0.1071099 0.1377168 0.1113613 0.0653067 0.0818838 0.0278062 0.0656673 0.0155970 0.0710048 0.0622209 0.0588219 0.1101650 0.1092518 0.0956982 
Didelphidae_Didelphis_virginiana             0.1080624 0.1097519 0.0849970 0.1060418 0.1047214 0.1056666 0.0855608 0.0919073 0.1010823 0.0997843 0.0924145 0.1059140 0.1127447 0.0899025 0.1027171 0.1047071 0.1025917 0.1007599 0.0973498 0.0976293 0.1071099 0.0000000 0.0463834 0.1023251 0.1034340 0.0890730 0.0962649 0.1009623 0.1072458 0.1228181 0.1111560 0.0868590 0.1119089 0.1015902 0.1015498 
Marmosidae_Monodelphis_domestica             0.1161302 0.1396290 0.1122756 0.1289978 0.1272980 0.1202408 0.1107765 0.1180794 0.1227178 0.1315987 0.1162848 0.1196740 0.1253404 0.1192566 0.1222569 0.1211952 0.1210618 0.1136431 0.1288648 0.1220119 0.1377168 0.0463834 0.0000000 0.1135061 0.1292409 0.1179806 0.1281175 0.1267057 0.1332545 0.1391732 0.1361324 0.1160433 0.1364291 0.1198136 0.1300942 
Dasyuridae_Antechinus_stuartii               0.0972692 0.1070456 0.0771673 0.0976710 0.0922599 0.0181140 0.0820238 0.0853149 0.0892002 0.0901551 0.0849283 0.0141429 0.0263594 0.0877542 0.0925464 0.0141163 0.0186714 0.0245557 0.0896045 0.0940699 0.1113613 0.1023251 0.1135061 0.0000000 0.0941896 0.0805941 0.0990192 0.0955978 0.1059670 0.1198438 0.0949909 0.0852937 0.1056214 0.0179655 0.0922689 
Hypsiprymnodontidae_Hypsiprymnodon_moschatus 0.0628500 0.0857150 0.0505397 0.0361115 0.0338809 0.0961306 0.0389552 0.0489827 0.0278892 0.0842889 0.0477719 0.0917381 0.0992857 0.0485471 0.0558290 0.0912595 0.0942653 0.0910816 0.0836567 0.0380319 0.0653067 0.1034340 0.1292409 0.0941896 0.0000000 0.0671069 0.0608611 0.0386175 0.0663330 0.0799238 0.0569794 0.0472118 0.1000396 0.0906267 0.0827242 
Microbiotheriidae_Dromiciops_gliroides       0.0831470 0.0824816 0.0598159 0.0664639 0.0672524 0.0876335 0.0588488 0.0636452 0.0606176 0.0810017 0.0618173 0.0815558 0.0865726 0.0624177 0.0795605 0.0793989 0.0858588 0.0771964 0.0792404 0.0723907 0.0818838 0.0890730 0.1179806 0.0805941 0.0671069 0.0000000 0.0771665 0.0695236 0.0858551 0.0986794 0.0774128 0.0635182 0.0891307 0.0842524 0.0800657 
Pseudochiridae_Petauroides_volans            0.0551162 0.1009985 0.0543635 0.0583750 0.0585524 0.1059829 0.0473785 0.0537539 0.0547638 0.0897577 0.0470727 0.0998354 0.1047317 0.0504822 0.0526915 0.0960208 0.1015322 0.0958769 0.0918033 0.0587558 0.0278062 0.0962649 0.1281175 0.0990192 0.0608611 0.0771665 0.0000000 0.0602645 0.0289746 0.0666921 0.0546045 0.0484004 0.1003034 0.0984976 0.0907298 
Macropodidae_Wallabia_bicolor                0.0698362 0.0889780 0.0537374 0.0263677 0.0255538 0.0927203 0.0433355 0.0522004 0.0239420 0.0954764 0.0478407 0.0931852 0.1029045 0.0488907 0.0562815 0.0911558 0.0977804 0.0911655 0.0915271 0.0132092 0.0656673 0.1009623 0.1267057 0.0955978 0.0386175 0.0695236 0.0602645 0.0000000 0.0629892 0.0748514 0.0629068 0.0490804 0.1071855 0.0919571 0.0935365 
Pseudochiridae_Pseudocheirus_occidentalis    0.0710512 0.1056277 0.0574515 0.0594980 0.0591949 0.1109835 0.0548378 0.0575902 0.0567480 0.0971903 0.0563978 0.1033379 0.1026154 0.0575981 0.0615447 0.1021553 0.1090231 0.0955047 0.0996652 0.0563515 0.0155970 0.1072458 0.1332545 0.1059670 0.0663330 0.0858551 0.0289746 0.0629892 0.0000000 0.0771017 0.0592151 0.0571017 0.1112707 0.1023462 0.0984815 
Tarsipedidae_Tarsipes_rostratus              0.0837619 0.1261312 0.0763323 0.0725141 0.0711844 0.1232805 0.0698296 0.0727969 0.0722817 0.1146425 0.0711261 0.1225594 0.1158274 0.0747763 0.0797210 0.1202267 0.1185232 0.1157450 0.1095868 0.0757007 0.0710048 0.1228181 0.1391732 0.1198438 0.0799238 0.0986794 0.0666921 0.0748514 0.0771017 0.0000000 0.0814295 0.0750761 0.1274353 0.1153202 0.1153440 
Acrobatidae_Distoechurus_pennatus            0.0725106 0.1040729 0.0564057 0.0633776 0.0614373 0.0996667 0.0509490 0.0551352 0.0543266 0.0872656 0.0524106 0.1001114 0.1058609 0.0556662 0.0297458 0.0964765 0.0960126 0.0957752 0.0888248 0.0627518 0.0622209 0.1111560 0.1361324 0.0949909 0.0569794 0.0774128 0.0546045 0.0629068 0.0592151 0.0814295 0.0000000 0.0542973 0.1049670 0.0952531 0.0858935 
Phalangeridae_Phalanger_carmelitae           0.0557568 0.0895895 0.0427791 0.0482280 0.0464954 0.0878879 0.0155823 0.0129636 0.0444526 0.0791823 0.0093566 0.0878805 0.0896005 0.0035894 0.0523222 0.0836057 0.0871452 0.0800402 0.0794970 0.0459700 0.0588219 0.0868590 0.1160433 0.0852937 0.0472118 0.0635182 0.0484004 0.0490804 0.0571017 0.0750761 0.0542973 0.0000000 0.0922713 0.0835770 0.0787841 
Peramelidae_Peroryctes_raffrayana            0.1073973 0.0928567 0.0906640 0.1127526 0.1084239 0.1072385 0.0892526 0.0928724 0.0999507 0.0216678 0.0930517 0.1045174 0.1079018 0.0918211 0.1034047 0.1015501 0.1124370 0.1006081 0.0192724 0.0986912 0.1101650 0.1119089 0.1364291 0.1056214 0.1000396 0.0891307 0.1003034 0.1071855 0.1112707 0.1274353 0.1049670 0.0922713 0.0000000 0.1068088 0.0215007 
Dasyuridae_Dasyurus_geffroii                 0.0994437 0.1039500 0.0771224 0.0956110 0.0903720 0.0092524 0.0783182 0.0839917 0.0874254 0.0884923 0.0857987 0.0237958 0.0324805 0.0861594 0.0975548 0.0223695 0.0111083 0.0255858 0.0917818 0.0923213 0.1092518 0.1015902 0.1198136 0.0179655 0.0906267 0.0842524 0.0984976 0.0919571 0.1023462 0.1153202 0.0952531 0.0835770 0.1068088 0.0000000 0.0900746 
Peramelidae_Perameles_gunnii                 0.0968685 0.0825377 0.0818979 0.0954610 0.0917484 0.0895255 0.0727164 0.0814030 0.0850113 0.0006029 0.0832981 0.0935699 0.0971155 0.0810161 0.0942470 0.0893737 0.0942701 0.0910542 0.0115454 0.0833730 0.0956982 0.1015498 0.1300942 0.0922689 0.0827242 0.0800657 0.0907298 0.0935365 0.0984815 0.1153440 0.0858935 0.0787841 0.0215007 0.0900746 0.0000000 
