74
Cladotanytarsus_atridorsum_To81     0.0000000 0.0173026 0.1707733 0.1613380 0.1622974 0.1587513 0.1613030 0.1626228 0.1592126 0.1588682 0.1603045 0.1582601 0.1594743 0.1610162 0.1628330 0.1620885 0.1592853 0.1643594 0.1632834 0.1686953 0.1721785 0.1693935 0.1607103 0.1629379 0.1510701 0.1593561 0.1607968 0.1478775 0.1489850 0.1513614 0.1688379 0.1710878 0.1675022 0.1569547 0.1657224 0.1654975 0.1577244 0.1723824 0.1734872 0.1807193 0.1540841 0.1636501 0.1733179 0.1625070 0.1644813 0.1592374 0.1627861 0.1796255 0.1220620 0.1673951 0.1572638 0.1646144 0.1650764 0.1654838 0.1622223 0.1727610 0.1608153 0.1632478 0.1628668 0.1636734 0.1530657 0.1600394 0.1534967 0.1629981 0.1292354 0.1501655 0.1501222 0.1561992 0.1489601 0.1769444 0.1551707 0.1287400 0.1577082 0.1229850 
Cladotanytarsus_pallidus_To02       0.0173026 0.0000000 0.1651883 0.1594692 0.1613063 0.1578330 0.1606591 0.1622844 0.1603354 0.1596647 0.1614290 0.1605153 0.1586260 0.1609658 0.1610892 0.1641511 0.1616377 0.1654158 0.1634100 0.1689164 0.1672950 0.1645853 0.1631798 0.1624892 0.1512507 0.1592360 0.1600850 0.1469345 0.1495719 0.1506018 0.1681172 0.1729554 0.1663398 0.1575288 0.1689559 0.1641339 0.1535500 0.1745343 0.1755353 0.1818180 0.1503036 0.1643614 0.1718643 0.1656334 0.1656352 0.1613993 0.1584036 0.1764407 0.1227719 0.1633587 0.1610876 0.1661227 0.1665888 0.1669938 0.1635731 0.1733315 0.1598972 0.1612607 0.1593528 0.1592602 0.1508997 0.1608567 0.1523908 0.1621151 0.1339217 0.1493381 0.1459851 0.1582428 0.1500254 0.1813366 0.1540781 0.1282200 0.1585813 0.1251745 
Krenopsectra_acuta_To392            0.1707733 0.1651883 0.0000000 0.1000509 0.1068657 0.0750775 0.0769328 0.0921467 0.1013394 0.1006493 0.1009272 0.1002576 0.1068319 0.1075903 0.1055487 0.0984224 0.0980630 0.0953877 0.1036570 0.0947689 0.1040942 0.1039490 0.0959089 0.0974465 0.0997855 0.0978226 0.0985870 0.1009874 0.1017086 0.0700596 0.1023751 0.1085817 0.0983894 0.1000451 0.1148431 0.0937966 0.0991609 0.0972734 0.0971284 0.1058683 0.0740181 0.0997047 0.1061556 0.0993191 0.0985596 0.1024122 0.0963062 0.1365699 0.0851156 0.0903674 0.1033179 0.1027823 0.1028328 0.1036914 0.1076855 0.1065694 0.1296942 0.1300768 0.1329758 0.1382646 0.1169367 0.1469680 0.1393618 0.1409942 0.1216894 0.1272568 0.1252486 0.1215837 0.1352472 0.1613461 0.1477378 0.1517662 0.1588625 0.1546357 
Micropsectra_appendica_To133        0.1613380 0.1594692 0.1000509 0.0000000 0.0783200 0.0936898 0.0968056 0.0961838 0.0814260 0.0828966 0.0822533 0.0816197 0.0850222 0.0857008 0.0873852 0.0869235 0.0841846 0.0841459 0.0816759 0.0760275 0.0845961 0.0832145 0.0691503 0.0791981 0.0742882 0.0784709 0.0779060 0.0767893 0.0775063 0.0940930 0.0767236 0.0908262 0.0735151 0.0922254 0.0982819 0.0754531 0.0982496 0.0704018 0.0713037 0.0838980 0.1018079 0.0689845 0.0833346 0.0728919 0.0689056 0.0711993 0.0739334 0.1065681 0.0931333 0.0799636 0.0839735 0.0878386 0.0866780 0.0869043 0.0908935 0.0882520 0.1298841 0.1313669 0.1318413 0.1354315 0.1155157 0.1344693 0.1341502 0.1315806 0.1226233 0.1312201 0.1278731 0.1304549 0.1318843 0.1650375 0.1601721 0.1584794 0.1487582 0.1452989 
Micropsectra_atrofasciata_IS27      0.1622974 0.1613063 0.1068657 0.0783200 0.0000000 0.1039285 0.1054506 0.1020045 0.0945609 0.0967471 0.0955025 0.0963403 0.1006934 0.1008360 0.1008747 0.1015907 0.0994672 0.0981570 0.0906799 0.0893653 0.0967164 0.0954096 0.0603026 0.0945880 0.0874438 0.0930859 0.0921364 0.0870844 0.0884689 0.0969785 0.0714223 0.1085920 0.0639678 0.1038288 0.1154423 0.0926878 0.1096972 0.0702511 0.0704413 0.0834731 0.1050105 0.0639183 0.0788682 0.0695690 0.0648240 0.0699004 0.0687052 0.1335310 0.1041472 0.0912812 0.0942061 0.0923542 0.0933768 0.0932207 0.0964104 0.0982693 0.1301266 0.1315379 0.1334786 0.1335389 0.1129560 0.1354153 0.1310111 0.1287192 0.1231461 0.1202322 0.1301761 0.1222861 0.1241385 0.1586883 0.1487652 0.1637005 0.1415223 0.1437236 
Micropsectra_attenuata_To131        0.1587513 0.1578330 0.0750775 0.0936898 0.1039285 0.0000000 0.0023222 0.0973114 0.1025337 0.1004877 0.1012868 0.1026800 0.1018579 0.1026056 0.1025487 0.1044743 0.1037506 0.1019140 0.1006624 0.0950162 0.0959560 0.0945441 0.0967998 0.1034999 0.0960465 0.1008915 0.1013703 0.0982239 0.1001922 0.0623486 0.0939355 0.0985563 0.0977976 0.1005923 0.1159424 0.0908491 0.0968622 0.0922675 0.0932839 0.1005812 0.0630438 0.0933764 0.1001223 0.0918710 0.0923272 0.0946993 0.0935194 0.1220143 0.0577391 0.0901658 0.0997770 0.0966438 0.0973008 0.0983508 0.1076963 0.1078075 0.1215613 0.1222418 0.1251243 0.1298228 0.1236042 0.1398087 0.1233343 0.1290297 0.1145792 0.1237111 0.1272129 0.1202341 0.1231320 0.1568144 0.1524366 0.1475927 0.1477699 0.1497933 
Micropsectra_attenuata_To302        0.1613030 0.1606591 0.0769328 0.0968056 0.1054506 0.0023222 0.0000000 0.0981480 0.1041075 0.1020476 0.1033352 0.1037516 0.1029715 0.1037220 0.1040356 0.1070510 0.1056819 0.1040979 0.1019747 0.0963020 0.0989601 0.0975420 0.0974351 0.1049744 0.0983631 0.1023934 0.1028717 0.1005561 0.1025625 0.0632683 0.0952022 0.1021957 0.0981996 0.1044239 0.1196998 0.0926263 0.0979734 0.0950704 0.0961013 0.1049630 0.0639953 0.0949139 0.1031789 0.0939049 0.0931879 0.0963879 0.0948770 0.1269657 0.0578277 0.0907004 0.1023885 0.1001604 0.1002141 0.1013316 0.1102162 0.1102706 0.1249048 0.1251202 0.1282930 0.1320181 0.1258299 0.1420252 0.1245746 0.1324787 0.1144633 0.1272616 0.1284544 0.1200746 0.1244464 0.1592673 0.1571055 0.1520844 0.1496104 0.1552862 
Micropsectra_borealis_NO41          0.1626228 0.1622844 0.0921467 0.0961838 0.1020045 0.0973114 0.0981480 0.0000000 0.0932339 0.0939122 0.0939735 0.0949549 0.0999308 0.0999517 0.1006054 0.0941213 0.0938062 0.0937123 0.0889805 0.0996921 0.0929258 0.0927990 0.0836601 0.0934967 0.0908252 0.0911453 0.0912041 0.0889836 0.0929089 0.0871845 0.0948843 0.1075862 0.0964177 0.0835375 0.0970502 0.0887089 0.0921895 0.0847919 0.0847351 0.0890928 0.0887219 0.0792888 0.0839967 0.0856591 0.0783911 0.0889263 0.0850848 0.1105169 0.0923271 0.0873197 0.0951997 0.0894538 0.0897106 0.0894516 0.0926964 0.1024297 0.1312904 0.1314067 0.1344586 0.1340734 0.1149547 0.1375648 0.1233950 0.1387340 0.1222754 0.1205478 0.1253624 0.1207953 0.1232258 0.1506907 0.1504741 0.1470504 0.1412667 0.1484406 
Micropsectra_contracta_To06         0.1592126 0.1603354 0.1013394 0.0814260 0.0945609 0.1025337 0.1041075 0.0932339 0.0000000 0.0025401 0.0007756 0.0023398 0.0546380 0.0549349 0.0544446 0.0501986 0.0485514 0.0502190 0.0677382 0.0854506 0.0790089 0.0787518 0.0744812 0.0319804 0.0488582 0.0309184 0.0308558 0.0484118 0.0505445 0.0885955 0.0871104 0.1045235 0.0860916 0.0914067 0.1050894 0.0629470 0.1021888 0.0839680 0.0845694 0.1127319 0.0959685 0.0822171 0.1115933 0.0828051 0.0843943 0.0853260 0.0834244 0.0951900 0.0910361 0.0762755 0.0963966 0.0947023 0.0943243 0.0953771 0.0949793 0.0994772 0.1203162 0.1208584 0.1237018 0.1335896 0.1109916 0.1317901 0.1345319 0.1261935 0.1122197 0.1183355 0.1267240 0.1263662 0.1318514 0.1557729 0.1556593 0.1445256 0.1556103 0.1370654 
Micropsectra_contracta_To356        0.1588682 0.1596647 0.1006493 0.0828966 0.0967471 0.1004877 0.1020476 0.0939122 0.0025401 0.0000000 0.0031282 0.0041169 0.0538666 0.0541608 0.0533251 0.0501219 0.0481957 0.0491921 0.0667956 0.0852030 0.0775676 0.0773118 0.0753367 0.0325849 0.0495076 0.0315240 0.0314452 0.0493950 0.0512681 0.0878300 0.0877033 0.1066892 0.0858771 0.0923695 0.1065194 0.0629380 0.1009040 0.0856647 0.0862706 0.1131166 0.0959084 0.0844410 0.1129206 0.0842562 0.0866294 0.0864885 0.0845300 0.0968344 0.0918176 0.0747433 0.0961922 0.0960631 0.0951384 0.0961961 0.0959765 0.1016783 0.1197563 0.1202531 0.1238924 0.1333069 0.1120131 0.1318829 0.1350388 0.1271216 0.1121427 0.1193700 0.1261154 0.1252170 0.1302376 0.1550937 0.1571913 0.1444944 0.1552590 0.1388577 
Micropsectra_contracta_To357        0.1603045 0.1614290 0.1009272 0.0822533 0.0955025 0.1012868 0.1033352 0.0939735 0.0007756 0.0031282 0.0000000 0.0033161 0.0542078 0.0545031 0.0539019 0.0504193 0.0482680 0.0502740 0.0670890 0.0857357 0.0785673 0.0783111 0.0745715 0.0321663 0.0493424 0.0311281 0.0310503 0.0488935 0.0510348 0.0877542 0.0875066 0.1050029 0.0856028 0.0917993 0.1055626 0.0628243 0.1015841 0.0847514 0.0853556 0.1132195 0.0957291 0.0823233 0.1113996 0.0832257 0.0848103 0.0854033 0.0835512 0.0963788 0.0909226 0.0755134 0.0965979 0.0950802 0.0941584 0.0952121 0.0957213 0.0986893 0.1203282 0.1212025 0.1240350 0.1336943 0.1118659 0.1328509 0.1344005 0.1262724 0.1122820 0.1194857 0.1266194 0.1263984 0.1313923 0.1552344 0.1568382 0.1446491 0.1569027 0.1377614 
Micropsectra_contracta_To358        0.1582601 0.1605153 0.1002576 0.0816197 0.0963403 0.1026800 0.1037516 0.0949549 0.0023398 0.0041169 0.0033161 0.0000000 0.0550887 0.0553861 0.0545363 0.0514568 0.0495210 0.0500263 0.0680842 0.0841371 0.0785201 0.0782985 0.0741579 0.0330913 0.0492456 0.0325397 0.0324581 0.0501709 0.0514602 0.0878414 0.0886439 0.1053707 0.0852434 0.0941463 0.1095645 0.0616550 0.1006858 0.0842341 0.0848377 0.1123365 0.0947549 0.0836970 0.1121932 0.0824402 0.0858793 0.0869353 0.0847105 0.0969942 0.0892628 0.0754994 0.0974920 0.0962919 0.0953638 0.0964245 0.0975986 0.0989319 0.1214435 0.1219055 0.1249418 0.1338889 0.1127759 0.1325149 0.1355430 0.1274420 0.1134851 0.1204198 0.1272201 0.1248469 0.1322031 0.1560734 0.1549646 0.1450095 0.1584349 0.1369680 
Micropsectra_insignilobus_To182     0.1594743 0.1586260 0.1068319 0.0850222 0.1006934 0.1018579 0.1029715 0.0999308 0.0546380 0.0538666 0.0542078 0.0550887 0.0000000 0.0019184 0.0088775 0.0615566 0.0594002 0.0614831 0.0730663 0.0856979 0.0803015 0.0798068 0.0886870 0.0561812 0.0582925 0.0545335 0.0538171 0.0582859 0.0606500 0.0913723 0.0939462 0.1112577 0.0969399 0.1066224 0.1205672 0.0760146 0.1073720 0.0900302 0.0910314 0.1122157 0.0960615 0.0848843 0.1090573 0.0861431 0.0879933 0.0893619 0.0904055 0.1166829 0.0934213 0.0827878 0.0964338 0.0957320 0.0954664 0.0965138 0.0977183 0.1050789 0.1355329 0.1378726 0.1424604 0.1442093 0.1221951 0.1486751 0.1394264 0.1448882 0.1171952 0.1302986 0.1295213 0.1295671 0.1361937 0.1547776 0.1516557 0.1613581 0.1558719 0.1552052 
Micropsectra_insignilobus_To184     0.1610162 0.1609658 0.1075903 0.0857008 0.1008360 0.1026056 0.1037220 0.0999517 0.0549349 0.0541608 0.0545031 0.0553861 0.0019184 0.0000000 0.0092774 0.0621382 0.0596770 0.0620685 0.0724542 0.0867563 0.0799671 0.0794731 0.0891244 0.0567508 0.0594581 0.0545032 0.0543794 0.0594463 0.0615294 0.0920745 0.0937508 0.1126748 0.0980024 0.1056524 0.1220389 0.0756876 0.1083778 0.0901516 0.0911547 0.1136298 0.0951495 0.0849971 0.1104453 0.0862585 0.0881110 0.0885584 0.0908430 0.1180962 0.0955036 0.0821386 0.0972451 0.0967845 0.0965178 0.0961485 0.0977382 0.1055772 0.1373238 0.1372797 0.1425927 0.1460734 0.1222510 0.1490671 0.1412774 0.1467729 0.1193624 0.1320563 0.1308001 0.1296281 0.1379911 0.1559793 0.1514575 0.1632414 0.1582354 0.1571836 
Micropsectra_insignilobus_To31      0.1628330 0.1610892 0.1055487 0.0873852 0.1008747 0.1025487 0.1040356 0.1006054 0.0544446 0.0533251 0.0539019 0.0545363 0.0088775 0.0092774 0.0000000 0.0619613 0.0608938 0.0630328 0.0749997 0.0882440 0.0844678 0.0839634 0.0887774 0.0588006 0.0597582 0.0568256 0.0563928 0.0603542 0.0633064 0.0919121 0.0940130 0.1121551 0.0977901 0.1058256 0.1200208 0.0751872 0.1076951 0.0900749 0.0910801 0.1103210 0.0982436 0.0877062 0.1123525 0.0877165 0.0908577 0.0917381 0.0913340 0.1134722 0.0940209 0.0830573 0.0976061 0.0961118 0.0963861 0.0974401 0.1002562 0.1070952 0.1351827 0.1374899 0.1429603 0.1471315 0.1256899 0.1459304 0.1376253 0.1458916 0.1226541 0.1312427 0.1311526 0.1277061 0.1369853 0.1533033 0.1518871 0.1623685 0.1584496 0.1529744 
Micropsectra_junci_To154            0.1620885 0.1641511 0.0984224 0.0869235 0.1015907 0.1044743 0.1070510 0.0941213 0.0501986 0.0501219 0.0504193 0.0514568 0.0615566 0.0621382 0.0619613 0.0000000 0.0044826 0.0163935 0.0731483 0.0813636 0.0811810 0.0812926 0.0862702 0.0534384 0.0521637 0.0527803 0.0529326 0.0493681 0.0525793 0.0963202 0.0922271 0.1076000 0.0903961 0.0989534 0.1126258 0.0719875 0.1109156 0.0825739 0.0831678 0.1060419 0.0963136 0.0850587 0.1119116 0.0860610 0.0865505 0.0877268 0.0889769 0.1180674 0.1084684 0.0865429 0.1014797 0.0921003 0.0917957 0.0926304 0.0993073 0.1002087 0.1282613 0.1296516 0.1316008 0.1340520 0.1176484 0.1423312 0.1433231 0.1315247 0.1213970 0.1242490 0.1319600 0.1275635 0.1459523 0.1530113 0.1564624 0.1552780 0.1633157 0.1504433 
Micropsectra_junci_To157            0.1592853 0.1616377 0.0980630 0.0841846 0.0994672 0.1037506 0.1056819 0.0938062 0.0485514 0.0481957 0.0482680 0.0495210 0.0594002 0.0596770 0.0608938 0.0044826 0.0000000 0.0134749 0.0702811 0.0801171 0.0792800 0.0793895 0.0837503 0.0519138 0.0503985 0.0519779 0.0515999 0.0481866 0.0519115 0.0952977 0.0908437 0.1086604 0.0866223 0.0969099 0.1130622 0.0696234 0.1081292 0.0813537 0.0819470 0.1069799 0.0957216 0.0824398 0.1111958 0.0842617 0.0838619 0.0837760 0.0859289 0.1161560 0.1084684 0.0830230 0.0971528 0.0884046 0.0877229 0.0889217 0.0937778 0.0964669 0.1279707 0.1288779 0.1302249 0.1338331 0.1188120 0.1433848 0.1413280 0.1299574 0.1200837 0.1230222 0.1305353 0.1273244 0.1454867 0.1494047 0.1551346 0.1507832 0.1596407 0.1475510 
Micropsectra_junci_To54             0.1643594 0.1654158 0.0953877 0.0841459 0.0981570 0.1019140 0.1040979 0.0937123 0.0502190 0.0491921 0.0502740 0.0500263 0.0614831 0.0620685 0.0630328 0.0163935 0.0134749 0.0000000 0.0722999 0.0799145 0.0783821 0.0790951 0.0826574 0.0532277 0.0493402 0.0527920 0.0529443 0.0471854 0.0502890 0.0960501 0.0927981 0.1104225 0.0889473 0.0971320 0.1144885 0.0681088 0.1095688 0.0857094 0.0863121 0.1140547 0.0940119 0.0831981 0.1134344 0.0842588 0.0845263 0.0894370 0.0876527 0.1182175 0.1048073 0.0813058 0.1007803 0.0911332 0.0912269 0.0924389 0.0969720 0.0954454 0.1272196 0.1276910 0.1315817 0.1315717 0.1158723 0.1435275 0.1388965 0.1316496 0.1184349 0.1208901 0.1319592 0.1251323 0.1433582 0.1491952 0.1525809 0.1563912 0.1611557 0.1484128 
Micropsectra_kurobemaculata_To07    0.1632834 0.1634100 0.1036570 0.0816759 0.0906799 0.1006624 0.1019747 0.0889805 0.0677382 0.0667956 0.0670890 0.0680842 0.0730663 0.0724542 0.0749997 0.0731483 0.0702811 0.0722999 0.0000000 0.0778303 0.0765720 0.0764026 0.0783421 0.0722026 0.0657166 0.0701493 0.0699527 0.0667553 0.0703459 0.0844987 0.0821769 0.0998184 0.0842851 0.0931949 0.1053540 0.0728947 0.1040244 0.0811193 0.0817167 0.1014090 0.0914728 0.0772537 0.0995284 0.0785140 0.0778832 0.0806615 0.0776192 0.1163837 0.0978487 0.0714435 0.0870251 0.0906529 0.0902830 0.0899206 0.0901861 0.0899791 0.1323384 0.1315314 0.1351111 0.1434534 0.1119890 0.1309235 0.1286686 0.1382756 0.1153675 0.1253562 0.1285721 0.1172481 0.1271471 0.1572848 0.1555502 0.1541687 0.1480763 0.1406246 
Micropsectra_lacustris_AT16         0.1686953 0.1689164 0.0947689 0.0760275 0.0893653 0.0950162 0.0963020 0.0996921 0.0854506 0.0852030 0.0857357 0.0841371 0.0856979 0.0867563 0.0882440 0.0813636 0.0801171 0.0799145 0.0778303 0.0000000 0.0912448 0.0910743 0.0761863 0.0776786 0.0794455 0.0761863 0.0750179 0.0808892 0.0834774 0.0974662 0.0829345 0.1076189 0.0812327 0.1010266 0.1161206 0.0801986 0.1109318 0.0781388 0.0790735 0.0978611 0.0972103 0.0802447 0.0987394 0.0806827 0.0803428 0.0869200 0.0832465 0.1259172 0.0936601 0.0705000 0.0883979 0.0899168 0.0894036 0.0904333 0.0942741 0.0934721 0.1297385 0.1304158 0.1321983 0.1479716 0.1151694 0.1417732 0.1321520 0.1443002 0.1247282 0.1310991 0.1298911 0.1208592 0.1331441 0.1601458 0.1616525 0.1658138 0.1594243 0.1612479 
Micropsectra_lindrothi_IS48         0.1721785 0.1672950 0.1040942 0.0845961 0.0967164 0.0959560 0.0989601 0.0929258 0.0790089 0.0775676 0.0785673 0.0785201 0.0803015 0.0799671 0.0844678 0.0811810 0.0792800 0.0783821 0.0765720 0.0912448 0.0000000 0.0019508 0.0829448 0.0777885 0.0748827 0.0762081 0.0756547 0.0737166 0.0779918 0.0969086 0.0940064 0.0872564 0.0888808 0.0964263 0.1001517 0.0736109 0.1029032 0.0856201 0.0862260 0.0887677 0.0971585 0.0895257 0.0949579 0.0873420 0.0894280 0.0908596 0.0858689 0.1101975 0.0945303 0.0769906 0.1011010 0.1036494 0.1031977 0.1029830 0.1067483 0.1032905 0.1262055 0.1261562 0.1315818 0.1382345 0.1127714 0.1357449 0.1248001 0.1301708 0.1152948 0.1158572 0.1205169 0.1175319 0.1275608 0.1637004 0.1649595 0.1590948 0.1481856 0.1466722 
Micropsectra_lindrothi_To361        0.1693935 0.1645853 0.1039490 0.0832145 0.0954096 0.0945441 0.0975420 0.0927990 0.0787518 0.0773118 0.0783111 0.0782985 0.0798068 0.0794731 0.0839634 0.0812926 0.0793895 0.0790951 0.0764026 0.0910743 0.0019508 0.0000000 0.0821774 0.0768921 0.0747131 0.0753121 0.0747641 0.0735472 0.0778226 0.0955192 0.0929013 0.0871359 0.0883040 0.0967419 0.1000062 0.0729685 0.1030426 0.0849010 0.0855064 0.0875779 0.0957095 0.0886174 0.0932579 0.0862245 0.0888260 0.0906289 0.0855634 0.1094025 0.0915901 0.0768199 0.0996122 0.1031766 0.1027244 0.1025105 0.1058867 0.1022185 0.1264670 0.1264169 0.1318632 0.1376281 0.1115537 0.1339415 0.1250660 0.1296662 0.1140246 0.1141347 0.1203204 0.1170389 0.1257574 0.1633285 0.1639668 0.1571704 0.1471295 0.1436618 
Micropsectra_logani_To188           0.1607103 0.1631798 0.0959089 0.0691503 0.0603026 0.0967998 0.0974351 0.0836601 0.0744812 0.0753367 0.0745715 0.0741579 0.0886870 0.0891244 0.0887774 0.0862702 0.0837503 0.0826574 0.0783421 0.0761863 0.0829448 0.0821774 0.0000000 0.0748985 0.0722102 0.0733557 0.0728955 0.0736980 0.0766277 0.0880256 0.0610647 0.0943345 0.0512183 0.0963541 0.1037121 0.0796485 0.1010399 0.0609232 0.0617891 0.0730890 0.0974298 0.0549985 0.0692881 0.0558802 0.0547201 0.0596104 0.0621515 0.1065139 0.0883260 0.0794810 0.0983424 0.0949529 0.0945723 0.0953025 0.0997519 0.1006150 0.1289788 0.1303820 0.1328577 0.1358795 0.1058020 0.1313414 0.1279400 0.1282058 0.1204650 0.1172030 0.1265443 0.1231211 0.1203433 0.1572834 0.1472519 0.1499552 0.1461683 0.1429694 
Micropsectra_notescens_To315        0.1629379 0.1624892 0.0974465 0.0791981 0.0945880 0.1034999 0.1049744 0.0934967 0.0319804 0.0325849 0.0321663 0.0330913 0.0561812 0.0567508 0.0588006 0.0534384 0.0519138 0.0532277 0.0722026 0.0776786 0.0777885 0.0768921 0.0748985 0.0000000 0.0463686 0.0013593 0.0013575 0.0459095 0.0479906 0.0876401 0.0852702 0.1012620 0.0842219 0.0961210 0.1095535 0.0672691 0.1043211 0.0813655 0.0819540 0.1045030 0.0941198 0.0802021 0.1028966 0.0786368 0.0820659 0.0854926 0.0831150 0.1040303 0.1019967 0.0744554 0.0937283 0.0940709 0.0942984 0.0948511 0.0960839 0.0989128 0.1282995 0.1290994 0.1345647 0.1343701 0.1149952 0.1366494 0.1344846 0.1331216 0.1211418 0.1227010 0.1280853 0.1325050 0.1315927 0.1561163 0.1558096 0.1509238 0.1562274 0.1405089 
Micropsectra_notescens_To324        0.1510701 0.1512507 0.0997855 0.0742882 0.0874438 0.0960465 0.0983631 0.0908252 0.0488582 0.0495076 0.0493424 0.0492456 0.0582925 0.0594581 0.0597582 0.0521637 0.0503985 0.0493402 0.0657166 0.0794455 0.0748827 0.0747131 0.0722102 0.0463686 0.0000000 0.0456991 0.0458593 0.0049070 0.0063538 0.0906026 0.0800355 0.0959426 0.0806783 0.1013995 0.1190179 0.0665691 0.1011005 0.0754311 0.0763686 0.0955161 0.0939788 0.0765390 0.0982836 0.0771543 0.0786940 0.0809589 0.0810500 0.1023815 0.0965236 0.0771653 0.0907512 0.0888649 0.0888972 0.0897397 0.0887439 0.0898252 0.1217260 0.1220556 0.1274912 0.1304117 0.1054908 0.1293311 0.1266742 0.1246357 0.1190923 0.1141026 0.1162851 0.1187353 0.1223429 0.1485912 0.1500238 0.1475104 0.1537717 0.1431574 
Micropsectra_notescens_To351        0.1593561 0.1592360 0.0978226 0.0784709 0.0930859 0.1008915 0.1023934 0.0911453 0.0309184 0.0315240 0.0311281 0.0325397 0.0545335 0.0545032 0.0568256 0.0527803 0.0519779 0.0527920 0.0701493 0.0761863 0.0762081 0.0753121 0.0733557 0.0013593 0.0456991 0.0000000 0.0003871 0.0452411 0.0467901 0.0866126 0.0833739 0.1032768 0.0840314 0.0939424 0.1090944 0.0653163 0.1017339 0.0806604 0.0812505 0.1054679 0.0932081 0.0800590 0.1038573 0.0781788 0.0816212 0.0843158 0.0809449 0.1035871 0.1022506 0.0741159 0.0926881 0.0929015 0.0926354 0.0936801 0.0952093 0.0973327 0.1272709 0.1275142 0.1329566 0.1321626 0.1128809 0.1352754 0.1326613 0.1320804 0.1189551 0.1223342 0.1255739 0.1311423 0.1295238 0.1549619 0.1551612 0.1476943 0.1535930 0.1384079 
Micropsectra_notescens_To352        0.1607968 0.1600850 0.0985870 0.0779060 0.0921364 0.1013703 0.1028717 0.0912041 0.0308558 0.0314452 0.0310503 0.0324581 0.0538171 0.0543794 0.0563928 0.0529326 0.0515999 0.0529443 0.0699527 0.0750179 0.0756547 0.0747641 0.0728955 0.0013575 0.0458593 0.0003871 0.0000000 0.0454012 0.0475048 0.0870031 0.0831308 0.1025616 0.0832112 0.0939966 0.1083609 0.0651364 0.1026432 0.0808168 0.0814063 0.1047512 0.0936093 0.0796010 0.1031414 0.0773759 0.0811593 0.0833865 0.0800509 0.1028896 0.1011026 0.0732590 0.0924084 0.0926210 0.0923559 0.0933965 0.0945360 0.0977812 0.1270174 0.1278180 0.1326806 0.1322208 0.1136411 0.1355455 0.1327971 0.1318122 0.1196425 0.1229291 0.1266442 0.1316816 0.1295271 0.1563649 0.1544230 0.1487837 0.1543519 0.1394499 
Micropsectra_notescens_To353        0.1478775 0.1469345 0.1009874 0.0767893 0.0870844 0.0982239 0.1005561 0.0889836 0.0484118 0.0493950 0.0488935 0.0501709 0.0582859 0.0594463 0.0603542 0.0493681 0.0481866 0.0471854 0.0667553 0.0808892 0.0737166 0.0735472 0.0736980 0.0459095 0.0049070 0.0452411 0.0454012 0.0000000 0.0055292 0.0900913 0.0803935 0.0975871 0.0808294 0.0981629 0.1149266 0.0673666 0.0982060 0.0786374 0.0795901 0.1000029 0.0962193 0.0791464 0.1025944 0.0807166 0.0816268 0.0827978 0.0817206 0.1054158 0.0990040 0.0807395 0.0909750 0.0898499 0.0902098 0.0907268 0.0905657 0.0894305 0.1225055 0.1225322 0.1263876 0.1303359 0.1048013 0.1307718 0.1262509 0.1245518 0.1189065 0.1132974 0.1187724 0.1214655 0.1223395 0.1523921 0.1471681 0.1486108 0.1515352 0.1418530 
Micropsectra_notescens_To354        0.1489850 0.1495719 0.1017086 0.0775063 0.0884689 0.1001922 0.1025625 0.0929089 0.0505445 0.0512681 0.0510348 0.0514602 0.0606500 0.0615294 0.0633064 0.0525793 0.0519115 0.0502890 0.0703459 0.0834774 0.0779918 0.0778226 0.0766277 0.0479906 0.0063538 0.0467901 0.0475048 0.0055292 0.0000000 0.0910429 0.0837340 0.0974801 0.0839038 0.1036704 0.1231160 0.0695717 0.1031049 0.0813618 0.0823354 0.1021376 0.0969277 0.0816475 0.1042652 0.0819804 0.0838567 0.0864427 0.0834399 0.1076255 0.1044297 0.0833891 0.0925034 0.0910756 0.0910860 0.0916078 0.0925321 0.0912934 0.1261532 0.1256164 0.1294368 0.1314791 0.1045943 0.1309904 0.1311528 0.1289349 0.1221649 0.1147634 0.1197764 0.1237778 0.1240421 0.1567527 0.1528676 0.1472019 0.1560330 0.1477774 
Micropsectra_oberaarensis_To336     0.1513614 0.1506018 0.0700596 0.0940930 0.0969785 0.0623486 0.0632683 0.0871845 0.0885955 0.0878300 0.0877542 0.0878414 0.0913723 0.0920745 0.0919121 0.0963202 0.0952977 0.0960501 0.0844987 0.0974662 0.0969086 0.0955192 0.0880256 0.0876401 0.0906026 0.0866126 0.0870031 0.0900913 0.0910429 0.0000000 0.0915177 0.1056433 0.0931578 0.0997835 0.1124914 0.0909593 0.0937298 0.0932100 0.0938312 0.1009981 0.0248369 0.0922567 0.0971521 0.0946165 0.0914790 0.0956215 0.0953146 0.1269243 0.0670502 0.0828147 0.0984489 0.0981922 0.0977025 0.0986673 0.1042420 0.1067606 0.1325541 0.1335796 0.1371083 0.1364958 0.1173152 0.1377924 0.1361311 0.1352175 0.1131940 0.1200179 0.1284460 0.1186835 0.1279201 0.1575190 0.1459295 0.1485324 0.1519704 0.1452639 
Micropsectra_pallidula_To74         0.1688379 0.1681172 0.1023751 0.0767236 0.0714223 0.0939355 0.0952022 0.0948843 0.0871104 0.0877033 0.0875066 0.0886439 0.0939462 0.0937508 0.0940130 0.0922271 0.0908437 0.0927981 0.0821769 0.0829345 0.0940064 0.0929013 0.0610647 0.0852702 0.0800355 0.0833739 0.0831308 0.0803935 0.0837340 0.0915177 0.0000000 0.1024792 0.0692955 0.0954114 0.1064945 0.0889977 0.1050331 0.0649821 0.0648537 0.0768710 0.0944459 0.0621869 0.0767495 0.0631466 0.0613054 0.0646948 0.0621243 0.1157109 0.0873299 0.0831116 0.0932052 0.0976133 0.0972689 0.0976348 0.0930440 0.0966231 0.1337287 0.1337782 0.1346546 0.1326645 0.1092408 0.1340456 0.1270329 0.1347840 0.1215326 0.1165765 0.1281452 0.1331672 0.1188665 0.1624664 0.1517295 0.1596737 0.1490039 0.1426161 
Micropsectra_pharetrophora_To12     0.1710878 0.1729554 0.1085817 0.0908262 0.1085920 0.0985563 0.1021957 0.1075862 0.1045235 0.1066892 0.1050029 0.1053707 0.1112577 0.1126748 0.1121551 0.1076000 0.1086604 0.1104225 0.0998184 0.1076189 0.0872564 0.0871359 0.0943345 0.1012620 0.0959426 0.1032768 0.1025616 0.0975871 0.0974801 0.1056433 0.1024792 0.0000000 0.0833510 0.1032050 0.1022521 0.0970927 0.1171646 0.0943176 0.0943176 0.0914224 0.0997730 0.0936586 0.0896953 0.0953123 0.0933205 0.1037645 0.1007638 0.1050301 0.0747493 0.0876965 0.0959608 0.1010062 0.1023572 0.1010062 0.1028663 0.1223558 0.1290447 0.1286740 0.1297706 0.1421172 0.1192999 0.1341750 0.1311277 0.1414852 0.1438498 0.1267202 0.1395407 0.1383091 0.1436794 0.1722831 0.1594545 0.1319005 0.1550517 0.1559572 
Micropsectra_polita_To181           0.1675022 0.1663398 0.0983894 0.0735151 0.0639678 0.0977976 0.0981996 0.0964177 0.0860916 0.0858771 0.0856028 0.0852434 0.0969399 0.0980024 0.0977901 0.0903961 0.0866223 0.0889473 0.0842851 0.0812327 0.0888808 0.0883040 0.0512183 0.0842219 0.0806783 0.0840314 0.0832112 0.0808294 0.0839038 0.0931578 0.0692955 0.0833510 0.0000000 0.0961636 0.1070676 0.0831282 0.1052752 0.0681898 0.0694154 0.0730847 0.0951817 0.0651449 0.0727137 0.0667443 0.0648403 0.0695448 0.0689415 0.1137786 0.0861484 0.0821390 0.0977231 0.0925751 0.0924840 0.0930384 0.0991458 0.1006019 0.1290039 0.1300225 0.1328447 0.1275350 0.1091564 0.1358923 0.1163231 0.1279535 0.1140186 0.1157118 0.1257357 0.1180103 0.1305906 0.1450629 0.1611785 0.1466893 0.1412580 0.1459963 
Micropsectra_radialis_NO44          0.1569547 0.1575288 0.1000451 0.0922254 0.1038288 0.1005923 0.1044239 0.0835375 0.0914067 0.0923695 0.0917993 0.0941463 0.1066224 0.1056524 0.1058256 0.0989534 0.0969099 0.0971320 0.0931949 0.1010266 0.0964263 0.0967419 0.0963541 0.0961210 0.1013995 0.0939424 0.0939966 0.0981629 0.1036704 0.0997835 0.0954114 0.1032050 0.0961636 0.0000000 0.0054010 0.0878065 0.1016208 0.0907357 0.0910020 0.1030226 0.0985348 0.0923886 0.1036702 0.0950677 0.0932809 0.0928283 0.0910834 0.1266138 0.0947865 0.0949275 0.0994731 0.0995321 0.0987936 0.0989379 0.0992630 0.1020210 0.1232259 0.1224353 0.1219798 0.1321737 0.1207963 0.1242055 0.1253839 0.1380082 0.1120846 0.1159125 0.1270075 0.1207430 0.1282160 0.1523028 0.1542615 0.1429963 0.1465612 0.1394104 
Micropsectra_radialis_To37          0.1657224 0.1689559 0.1148431 0.0982819 0.1154423 0.1159424 0.1196998 0.0970502 0.1050894 0.1065194 0.1055626 0.1095645 0.1205672 0.1220389 0.1200208 0.1126258 0.1130622 0.1144885 0.1053540 0.1161206 0.1001517 0.1000062 0.1037121 0.1095535 0.1190179 0.1090944 0.1083609 0.1149266 0.1231160 0.1124914 0.1064945 0.1022521 0.1070676 0.0054010 0.0000000 0.1036220 0.1077521 0.1034134 0.1034134 0.1026892 0.1132984 0.1041642 0.1007278 0.1046820 0.1037206 0.1055231 0.1046178 0.1243702 0.0933859 0.1108993 0.1093270 0.1131318 0.1133595 0.1131318 0.1108901 0.1246465 0.1365514 0.1376351 0.1333452 0.1503020 0.1244848 0.1285325 0.1327781 0.1578129 0.1343618 0.1203375 0.1313817 0.1475127 0.1433927 0.1710353 0.1654401 0.1393787 0.1555156 0.1482279 
Micropsectra_recurvata_IS22         0.1654975 0.1641339 0.0937966 0.0754531 0.0926878 0.0908491 0.0926263 0.0887089 0.0629470 0.0629380 0.0628243 0.0616550 0.0760146 0.0756876 0.0751872 0.0719875 0.0696234 0.0681088 0.0728947 0.0801986 0.0736109 0.0729685 0.0796485 0.0672691 0.0665691 0.0653163 0.0651364 0.0673666 0.0695717 0.0909593 0.0889977 0.0970927 0.0831282 0.0878065 0.1036220 0.0000000 0.1011784 0.0816541 0.0826189 0.0995332 0.0914321 0.0817000 0.1021647 0.0791849 0.0849904 0.0838917 0.0834070 0.0786264 0.0870071 0.0766298 0.0892693 0.0843281 0.0828122 0.0831015 0.0875224 0.0926638 0.1195950 0.1175303 0.1211850 0.1335334 0.1089969 0.1295186 0.1254948 0.1279871 0.1132957 0.1165384 0.1183718 0.1214212 0.1304942 0.1462999 0.1499290 0.1417327 0.1548931 0.1343886 
Micropsectra_roseiventris_To84      0.1577244 0.1535500 0.0991609 0.0982496 0.1096972 0.0968622 0.0979734 0.0921895 0.1021888 0.1009040 0.1015841 0.1006858 0.1073720 0.1083778 0.1076951 0.1109156 0.1081292 0.1095688 0.1040244 0.1109318 0.1029032 0.1030426 0.1010399 0.1043211 0.1011005 0.1017339 0.1026432 0.0982060 0.1031049 0.0937298 0.1050331 0.1171646 0.1052752 0.1016208 0.1077521 0.1011784 0.0000000 0.1009308 0.1016340 0.0986405 0.0973120 0.0947972 0.0953184 0.0959277 0.0968236 0.1039009 0.0992697 0.1288293 0.0901523 0.0980469 0.1116641 0.1081910 0.1071437 0.1086752 0.1103506 0.1259922 0.1268597 0.1274168 0.1302088 0.1300033 0.1175992 0.1426168 0.1311965 0.1312719 0.1148812 0.1197844 0.1284290 0.1212917 0.1209341 0.1587218 0.1598417 0.1461702 0.1507963 0.1412047 
Micropsectra_schrankelae_To43       0.1723824 0.1745343 0.0972734 0.0704018 0.0702511 0.0922675 0.0950704 0.0847919 0.0839680 0.0856647 0.0847514 0.0842341 0.0900302 0.0901516 0.0900749 0.0825739 0.0813537 0.0857094 0.0811193 0.0781388 0.0856201 0.0849010 0.0609232 0.0813655 0.0754311 0.0806604 0.0808168 0.0786374 0.0813618 0.0932100 0.0649821 0.0943176 0.0681898 0.0907357 0.1034134 0.0816541 0.1009308 0.0000000 0.0005811 0.0054990 0.0950930 0.0287759 0.0350202 0.0303899 0.0296076 0.0414290 0.0347890 0.1175604 0.0842398 0.0794021 0.0846203 0.0814131 0.0815135 0.0820488 0.0842679 0.0901937 0.1253615 0.1261958 0.1317987 0.1271179 0.1144814 0.1273400 0.1264140 0.1266160 0.1281423 0.1209380 0.1254881 0.1271518 0.1317328 0.1595249 0.1561044 0.1599815 0.1416007 0.1427952 
Micropsectra_schrankelae_To44       0.1734872 0.1755353 0.0971284 0.0713037 0.0704413 0.0932839 0.0961013 0.0847351 0.0845694 0.0862706 0.0853556 0.0848377 0.0910314 0.0911547 0.0910801 0.0831678 0.0819470 0.0863121 0.0817167 0.0790735 0.0862260 0.0855064 0.0617891 0.0819540 0.0763686 0.0812505 0.0814063 0.0795901 0.0823354 0.0938312 0.0648537 0.0943176 0.0694154 0.0910020 0.1034134 0.0826189 0.1016340 0.0005811 0.0000000 0.0054990 0.0957921 0.0294790 0.0350202 0.0311343 0.0303126 0.0413509 0.0349540 0.1175604 0.0842398 0.0799928 0.0858907 0.0826703 0.0827724 0.0833095 0.0855354 0.0903815 0.1261080 0.1269446 0.1327651 0.1280332 0.1148911 0.1282816 0.1267819 0.1275362 0.1285186 0.1212958 0.1263990 0.1279933 0.1321052 0.1603824 0.1563721 0.1610770 0.1419859 0.1436985 
Micropsectra_schrankelae_To47       0.1807193 0.1818180 0.1058683 0.0838980 0.0834731 0.1005812 0.1049630 0.0890928 0.1127319 0.1131166 0.1132195 0.1123365 0.1122157 0.1136298 0.1103210 0.1060419 0.1069799 0.1140547 0.1014090 0.0978611 0.0887677 0.0875779 0.0730890 0.1045030 0.0955161 0.1054679 0.1047512 0.1000029 0.1021376 0.1009981 0.0768710 0.0914224 0.0730847 0.1030226 0.1026892 0.0995332 0.0986405 0.0054990 0.0054990 0.0000000 0.1020650 0.0373393 0.0348877 0.0361655 0.0374609 0.0534052 0.0449745 0.1154353 0.0829652 0.0943454 0.0928969 0.0894575 0.0907073 0.0894575 0.0921724 0.1051894 0.1282016 0.1285335 0.1311621 0.1307614 0.1137795 0.1237309 0.1229163 0.1350637 0.1509084 0.1214185 0.1228974 0.1405493 0.1475107 0.1647987 0.1550112 0.1408545 0.1385489 0.1427358 
Micropsectra_seguyi_To334           0.1540841 0.1503036 0.0740181 0.1018079 0.1050105 0.0630438 0.0639953 0.0887219 0.0959685 0.0959084 0.0957291 0.0947549 0.0960615 0.0951495 0.0982436 0.0963136 0.0957216 0.0940119 0.0914728 0.0972103 0.0971585 0.0957095 0.0974298 0.0941198 0.0939788 0.0932081 0.0936093 0.0962193 0.0969277 0.0248369 0.0944459 0.0997730 0.0951817 0.0985348 0.1132984 0.0914321 0.0973120 0.0950930 0.0957921 0.1020650 0.0000000 0.0952244 0.1019335 0.0934121 0.0941479 0.0966962 0.0961067 0.1241950 0.0628881 0.0840536 0.0943451 0.0966460 0.0965154 0.0967710 0.1002573 0.1038012 0.1333872 0.1329436 0.1351670 0.1381011 0.1153345 0.1339247 0.1355444 0.1410343 0.1077324 0.1236625 0.1297229 0.1192524 0.1255555 0.1595311 0.1449345 0.1483880 0.1487264 0.1493494 
Micropsectra_sofiae_Soe11           0.1636501 0.1643614 0.0997047 0.0689845 0.0639183 0.0933764 0.0949139 0.0792888 0.0822171 0.0844410 0.0823233 0.0836970 0.0848843 0.0849971 0.0877062 0.0850587 0.0824398 0.0831981 0.0772537 0.0802447 0.0895257 0.0886174 0.0549985 0.0802021 0.0765390 0.0800590 0.0796010 0.0791464 0.0816475 0.0922567 0.0621869 0.0936586 0.0651449 0.0923886 0.1041642 0.0817000 0.0947972 0.0287759 0.0294790 0.0373393 0.0952244 0.0000000 0.0041689 0.0159106 0.0041250 0.0373619 0.0344592 0.1205582 0.0834186 0.0741858 0.0870457 0.0827238 0.0829225 0.0831481 0.0840194 0.0928852 0.1281928 0.1281074 0.1342408 0.1312740 0.1141479 0.1331538 0.1240392 0.1302022 0.1184419 0.1189044 0.1247011 0.1249202 0.1275577 0.1547322 0.1563768 0.1566479 0.1399972 0.1482300 
Micropsectra_sofiae_Soe12           0.1733179 0.1718643 0.1061556 0.0833346 0.0788682 0.1001223 0.1031789 0.0839967 0.1115933 0.1129206 0.1113996 0.1121932 0.1090573 0.1104453 0.1123525 0.1119116 0.1111958 0.1134344 0.0995284 0.0987394 0.0949579 0.0932579 0.0692881 0.1028966 0.0982836 0.1038573 0.1031414 0.1025944 0.1042652 0.0971521 0.0767495 0.0896953 0.0727137 0.1036702 0.1007278 0.1021647 0.0953184 0.0350202 0.0350202 0.0348877 0.1019335 0.0041689 0.0000000 0.0177775 0.0044658 0.0492075 0.0461938 0.1163618 0.0809112 0.0897522 0.0957837 0.0941722 0.0945670 0.0932915 0.0965904 0.1137457 0.1316212 0.1304330 0.1315373 0.1330339 0.1150657 0.1363287 0.1194683 0.1366476 0.1307697 0.1198539 0.1227990 0.1383020 0.1455805 0.1561886 0.1565940 0.1473684 0.1409540 0.1491006 
Micropsectra_sofiae_To145           0.1625070 0.1656334 0.0993191 0.0728919 0.0695690 0.0918710 0.0939049 0.0856591 0.0828051 0.0842562 0.0832257 0.0824402 0.0861431 0.0862585 0.0877165 0.0860610 0.0842617 0.0842588 0.0785140 0.0806827 0.0873420 0.0862245 0.0558802 0.0786368 0.0771543 0.0781788 0.0773759 0.0807166 0.0819804 0.0946165 0.0631466 0.0953123 0.0667443 0.0950677 0.1046820 0.0791849 0.0959277 0.0303899 0.0311343 0.0361655 0.0934121 0.0159106 0.0177775 0.0000000 0.0165297 0.0385463 0.0357228 0.1197657 0.0840070 0.0755610 0.0858973 0.0832144 0.0834151 0.0836417 0.0837512 0.0893537 0.1274393 0.1279239 0.1326425 0.1301942 0.1165836 0.1343151 0.1268499 0.1304298 0.1187914 0.1184806 0.1290983 0.1302426 0.1279447 0.1632985 0.1548099 0.1581372 0.1364321 0.1473058 
Micropsectra_sofiae_To166           0.1644813 0.1656352 0.0985596 0.0689056 0.0648240 0.0923272 0.0931879 0.0783911 0.0843943 0.0866294 0.0848103 0.0858793 0.0879933 0.0881110 0.0908577 0.0865505 0.0838619 0.0845263 0.0778832 0.0803428 0.0894280 0.0888260 0.0547201 0.0820659 0.0786940 0.0816212 0.0811593 0.0816268 0.0838567 0.0914790 0.0613054 0.0933205 0.0648403 0.0932809 0.1037206 0.0849904 0.0968236 0.0296076 0.0303126 0.0374609 0.0941479 0.0041250 0.0044658 0.0165297 0.0000000 0.0387086 0.0352924 0.1199407 0.0847043 0.0752737 0.0888499 0.0837698 0.0839701 0.0841946 0.0848229 0.0934245 0.1281055 0.1280207 0.1334156 0.1308372 0.1153992 0.1329867 0.1251470 0.1294263 0.1180074 0.1186092 0.1246337 0.1263926 0.1270847 0.1539576 0.1568324 0.1561648 0.1378795 0.1469435 
Micropsectra_sp_To350               0.1592374 0.1613993 0.1024122 0.0711993 0.0699004 0.0946993 0.0963879 0.0889263 0.0853260 0.0864885 0.0854033 0.0869353 0.0893619 0.0885584 0.0917381 0.0877268 0.0837760 0.0894370 0.0806615 0.0869200 0.0908596 0.0906289 0.0596104 0.0854926 0.0809589 0.0843158 0.0833865 0.0827978 0.0864427 0.0956215 0.0646948 0.1037645 0.0695448 0.0928283 0.1055231 0.0838917 0.1039009 0.0414290 0.0413509 0.0534052 0.0966962 0.0373619 0.0492075 0.0385463 0.0387086 0.0000000 0.0375043 0.1186156 0.0884627 0.0814952 0.0850626 0.0831997 0.0839224 0.0832390 0.0854634 0.0960733 0.1267151 0.1264943 0.1311275 0.1316321 0.1137597 0.1391739 0.1239910 0.1263624 0.1241925 0.1203724 0.1240555 0.1332826 0.1332585 0.1570657 0.1516423 0.1627144 0.1398152 0.1433381 
Micropsectra_sp_To378               0.1627861 0.1584036 0.0963062 0.0739334 0.0687052 0.0935194 0.0948770 0.0850848 0.0834244 0.0845300 0.0835512 0.0847105 0.0904055 0.0908430 0.0913340 0.0889769 0.0859289 0.0876527 0.0776192 0.0832465 0.0858689 0.0855634 0.0621515 0.0831150 0.0810500 0.0809449 0.0800509 0.0817206 0.0834399 0.0953146 0.0621243 0.1007638 0.0689415 0.0910834 0.1046178 0.0834070 0.0992697 0.0347890 0.0349540 0.0449745 0.0961067 0.0344592 0.0461938 0.0357228 0.0352924 0.0375043 0.0000000 0.1248092 0.0864151 0.0780670 0.0841674 0.0815519 0.0806891 0.0813559 0.0842656 0.0897992 0.1293339 0.1292461 0.1328304 0.1355776 0.1183725 0.1372735 0.1215607 0.1295656 0.1250096 0.1256954 0.1232695 0.1308019 0.1265128 0.1617258 0.1553836 0.1606516 0.1465028 0.1397112 
Micropsectra_sp_To383               0.1796255 0.1764407 0.1365699 0.1065681 0.1335310 0.1220143 0.1269657 0.1105169 0.0951900 0.0968344 0.0963788 0.0969942 0.1166829 0.1180962 0.1134722 0.1180674 0.1161560 0.1182175 0.1163837 0.1259172 0.1101975 0.1094025 0.1065139 0.1040303 0.1023815 0.1035871 0.1028896 0.1054158 0.1076255 0.1269243 0.1157109 0.1050301 0.1137786 0.1266138 0.1243702 0.0786264 0.1288293 0.1175604 0.1175604 0.1154353 0.1241950 0.1205582 0.1163618 0.1197657 0.1199407 0.1186156 0.1248092 0.0000000 0.0988297 0.1138530 0.1167298 0.1232841 0.1248821 0.1234035 0.1193353 0.1357832 0.1340044 0.1356909 0.1304041 0.1508785 0.1285359 0.1362460 0.1448553 0.1496729 0.1543220 0.1503203 0.1397002 0.1579311 0.1670619 0.1772283 0.1584151 0.1448423 0.1574889 0.1585170 
Micropsectra_sp_To391               0.1220620 0.1227719 0.0851156 0.0931333 0.1041472 0.0577391 0.0578277 0.0923271 0.0910361 0.0918176 0.0909226 0.0892628 0.0934213 0.0955036 0.0940209 0.1084684 0.1084684 0.1048073 0.0978487 0.0936601 0.0945303 0.0915901 0.0883260 0.1019967 0.0965236 0.1022506 0.1011026 0.0990040 0.1044297 0.0670502 0.0873299 0.0747493 0.0861484 0.0947865 0.0933859 0.0870071 0.0901523 0.0842398 0.0842398 0.0829652 0.0628881 0.0834186 0.0809112 0.0840070 0.0847043 0.0884627 0.0864151 0.0988297 0.0000000 0.0829613 0.0946659 0.0968235 0.0953327 0.0953327 0.1045125 0.1149535 0.1135367 0.1126231 0.1146969 0.1165456 0.1040068 0.1040967 0.1034223 0.1213167 0.1401948 0.1134711 0.1113268 0.1223348 0.1306382 0.1461391 0.1252412 0.1185340 0.1270316 0.1447720 
Parapsectra_mendli_To335            0.1673951 0.1633587 0.0903674 0.0799636 0.0912812 0.0901658 0.0907004 0.0873197 0.0762755 0.0747433 0.0755134 0.0754994 0.0827878 0.0821386 0.0830573 0.0865429 0.0830230 0.0813058 0.0714435 0.0705000 0.0769906 0.0768199 0.0794810 0.0744554 0.0771653 0.0741159 0.0732590 0.0807395 0.0833891 0.0828147 0.0831116 0.0876965 0.0821390 0.0949275 0.1108993 0.0766298 0.0980469 0.0794021 0.0799928 0.0943454 0.0840536 0.0741858 0.0897522 0.0755610 0.0752737 0.0814952 0.0780670 0.1138530 0.0829613 0.0000000 0.0902218 0.0895969 0.0898138 0.0886526 0.0945317 0.0836273 0.1209278 0.1201811 0.1275624 0.1323689 0.1092274 0.1407515 0.1229721 0.1330158 0.1111429 0.1210400 0.1296838 0.1178505 0.1275694 0.1389736 0.1508664 0.1493568 0.1523153 0.1470065 
Parapsectra_nana_To135              0.1572638 0.1610876 0.1033179 0.0839735 0.0942061 0.0997770 0.1023885 0.0951997 0.0963966 0.0961922 0.0965979 0.0974920 0.0964338 0.0972451 0.0976061 0.1014797 0.0971528 0.1007803 0.0870251 0.0883979 0.1011010 0.0996122 0.0983424 0.0937283 0.0907512 0.0926881 0.0924084 0.0909750 0.0925034 0.0984489 0.0932052 0.0959608 0.0977231 0.0994731 0.1093270 0.0892693 0.1116641 0.0846203 0.0858907 0.0928969 0.0943451 0.0870457 0.0957837 0.0858973 0.0888499 0.0850626 0.0841674 0.1167298 0.0946659 0.0902218 0.0000000 0.0329430 0.0326846 0.0331863 0.0328202 0.0612593 0.1314062 0.1330285 0.1339469 0.1389322 0.1155071 0.1322678 0.1310925 0.1350564 0.1233238 0.1191800 0.1305955 0.1273655 0.1263684 0.1611378 0.1498277 0.1604521 0.1484644 0.1397705 
