35
Burramyidae_Burramys_parvus                  0.0000000 0.1433697 0.0821779 0.0851501 0.0856901 0.1140194 0.0765692 0.0751916 0.0870162 0.1152379 0.0889582 0.1149625 0.1261435 0.0827691 0.0920752 0.1215729 0.1136390 0.1086278 0.1178782 0.1105860 0.0837105 0.1595496 0.1538157 0.1187839 0.0867733 0.1086939 0.0723669 0.0868695 0.0625577 0.0823502 0.0850125 0.0993533 0.1182105 0.1118533 0.1194468 
Notoryctidae_Notoryctes_typhlops             0.1433697 0.0000000 0.1160998 0.1286509 0.1286804 0.1371862 0.1281507 0.1264419 0.1256312 0.1455705 0.1530855 0.1365880 0.1437102 0.1425714 0.1341914 0.1378700 0.1370382 0.1246370 0.1470937 0.1800943 0.1319585 0.1994915 0.1913846 0.1287182 0.1246694 0.1336155 0.1252019 0.1265104 0.1243345 0.1234515 0.1270397 0.1580708 0.1463718 0.1351373 0.1429104 
Vombatidae_Lasiorhinus_latifrons             0.0821779 0.1160998 0.0000000 0.0719555 0.0724777 0.0975893 0.0671766 0.0675641 0.0715596 0.1012855 0.0894097 0.1011775 0.1047927 0.0768025 0.0791516 0.1037761 0.0958290 0.0963401 0.1066626 0.0888876 0.0749026 0.1516536 0.1551253 0.1038525 0.0769396 0.0862867 0.0683815 0.0708761 0.0609348 0.0849886 0.0757502 0.0917523 0.1043066 0.0937674 0.1004510 
Potoroidae_Bettongia_penicillata             0.0851501 0.1286509 0.0719555 0.0000000 0.0019112 0.1048219 0.0692578 0.0646038 0.0137138 0.1046894 0.0867568 0.1034463 0.1189210 0.0718420 0.0779303 0.1131309 0.1051753 0.1010372 0.1168925 0.0301071 0.0770968 0.1600915 0.1506236 0.1131748 0.0411127 0.0961272 0.0652536 0.0187097 0.0544801 0.0754366 0.0755562 0.0868250 0.1170269 0.1023925 0.1113510 
Potoroidae_Bettongia_lesueur                 0.0856901 0.1286804 0.0724777 0.0019112 0.0000000 0.1035303 0.0697818 0.0651252 0.0137113 0.1046369 0.0874173 0.1033942 0.1182269 0.0729603 0.0784651 0.1124511 0.1045059 0.1024170 0.1174490 0.0316340 0.0776259 0.1607501 0.1524410 0.1125638 0.0410814 0.0967267 0.0657804 0.0186954 0.0544521 0.0762293 0.0766369 0.0873675 0.1169692 0.1017251 0.1119013 
Dasyuridae_Dasyurus_maculatus                0.1140194 0.1371862 0.0975893 0.1048219 0.1035303 0.0000000 0.0996147 0.0993830 0.1047201 0.1153095 0.1262094 0.0168826 0.0256017 0.1063543 0.1131142 0.0202529 0.0087588 0.0215513 0.1201878 0.1370655 0.1074878 0.1768241 0.1577406 0.0254106 0.1055754 0.1035017 0.0990097 0.1047446 0.0920898 0.0924163 0.1086988 0.1208163 0.1213609 0.0092749 0.1167717 
Phalangeridae_Trichosurus_vulpecula          0.0765692 0.1281507 0.0671766 0.0692578 0.0697818 0.0996147 0.0000000 0.0228758 0.0716173 0.1041206 0.0405102 0.0939826 0.1066923 0.0275173 0.0692365 0.1052539 0.0972482 0.0942856 0.1202720 0.0937831 0.0698880 0.1517888 0.1502532 0.0999785 0.0693797 0.0948689 0.0609229 0.0720210 0.0473404 0.0634400 0.0678299 0.0412917 0.1134219 0.0988539 0.1141850 
Phalangeridae_Spilocuscus_maculatus          0.0751916 0.1264419 0.0675641 0.0646038 0.0651252 0.0993830 0.0228758 0.0000000 0.0664772 0.1021096 0.0344629 0.0948027 0.1081898 0.0226670 0.0683472 0.1050062 0.0969554 0.0957577 0.1123437 0.0857602 0.0679693 0.1550418 0.1487706 0.1019740 0.0676829 0.0942718 0.0584485 0.0651033 0.0474090 0.0688422 0.0671466 0.0359192 0.1054920 0.0986235 0.1089659 
Potoroidae_Aepyprymnus_rufescens             0.0870162 0.1256312 0.0715596 0.0137138 0.0137113 0.1047201 0.0716173 0.0664772 0.0000000 0.1083164 0.0895047 0.1055396 0.1188036 0.0755953 0.0769963 0.1130204 0.1050728 0.1029563 0.1189159 0.0293167 0.0782799 0.1612669 0.1521577 0.1124118 0.0438271 0.0973491 0.0664128 0.0197496 0.0589292 0.0746453 0.0754556 0.0893994 0.1184079 0.1022398 0.1126489 
Peramelidae_Perameles_nasuta                 0.1152379 0.1455705 0.1012855 0.1046894 0.1046369 0.1153095 0.1041206 0.1021096 0.1083164 0.0000000 0.1317007 0.1167172 0.1143411 0.1129598 0.1118532 0.1191923 0.1115923 0.1172753 0.0334732 0.1258163 0.1065732 0.1592067 0.1572947 0.1192360 0.1042488 0.1029404 0.0969578 0.1034465 0.0942835 0.0922142 0.1039843 0.1339346 0.0389226 0.1129300 0.0032073 
Phalangeridae_Strigocuscus_pelengensis       0.0889582 0.1530855 0.0894097 0.0867568 0.0874173 0.1262094 0.0405102 0.0344629 0.0895047 0.1317007 0.0000000 0.1209574 0.1357550 0.0297423 0.0970118 0.1302661 0.1233236 0.1170792 0.1423816 0.0868899 0.0901604 0.1751006 0.1732527 0.1283484 0.0880114 0.1234198 0.0800871 0.0891712 0.0690214 0.0926861 0.0949107 0.0472555 0.1376555 0.1229147 0.1363451 
Dasyuridae_Phascogale_tapoatafa              0.1149625 0.1365880 0.1011775 0.1034463 0.1033942 0.0168826 0.0939826 0.0948027 0.1055396 0.1167172 0.1209574 0.0000000 0.0307750 0.1019252 0.1146895 0.0021289 0.0135360 0.0260694 0.1188147 0.1295477 0.1075432 0.1736083 0.1611712 0.0141470 0.1090131 0.1025886 0.0961819 0.1049443 0.0927257 0.0852629 0.1093528 0.1179539 0.1244617 0.0152998 0.1150262 
Dasyuridae_Sminthopsis_macroura              0.1261435 0.1437102 0.1047927 0.1189210 0.1182269 0.0256017 0.1066923 0.1081898 0.1188036 0.1143411 0.1357550 0.0307750 0.0000000 0.1137208 0.1229046 0.0334366 0.0214958 0.0298385 0.1229403 0.1582862 0.1147924 0.1797582 0.1686201 0.0339470 0.1203251 0.1063188 0.1084487 0.1194787 0.1043125 0.0942016 0.1182690 0.1295166 0.1261363 0.0226013 0.1173726 
Phalangeridae_Phalanger_orientalis           0.0827691 0.1425714 0.0768025 0.0718420 0.0729603 0.1063543 0.0275173 0.0226670 0.0755953 0.1129598 0.0297423 0.1019252 0.1137208 0.0000000 0.0806226 0.1111370 0.1025782 0.1008067 0.1272633 0.0834833 0.0792997 0.1621186 0.1557982 0.1080597 0.0763513 0.1063899 0.0666329 0.0753057 0.0568169 0.0811774 0.0777513 0.0311395 0.1194248 0.1041412 0.1196617 
Acrobatidae_Acrobates_pygmaeus               0.0920752 0.1341914 0.0791516 0.0779303 0.0784651 0.1131142 0.0692365 0.0683472 0.0769963 0.1118532 0.0970118 0.1146895 0.1229046 0.0806226 0.0000000 0.1204424 0.1123441 0.1115319 0.1213598 0.1026733 0.0708849 0.1603111 0.1510957 0.1188685 0.0811782 0.1048398 0.0581849 0.0765380 0.0587871 0.0700840 0.0482548 0.0922588 0.1214931 0.1110870 0.1153563 
Dasyuridae_Phascogale_calura                 0.1215729 0.1378700 0.1037761 0.1131309 0.1124511 0.0202529 0.1052539 0.1050062 0.1130204 0.1191923 0.1302661 0.0021289 0.0334366 0.1111370 0.1204424 0.0000000 0.0182483 0.0282408 0.1246566 0.1484675 0.1132266 0.1805644 0.1674178 0.0177936 0.1155603 0.1081587 0.1016760 0.1136820 0.0959425 0.0982209 0.1148156 0.1243500 0.1253812 0.0193312 0.1219493 
Dasyuridae_Sarcophilus_harrisii              0.1136390 0.1370382 0.0958290 0.1051753 0.1045059 0.0087588 0.0972482 0.0969554 0.1050728 0.1115923 0.1233236 0.0135360 0.0214958 0.1025782 0.1123441 0.0182483 0.0000000 0.0196620 0.1171157 0.1322081 0.1044062 0.1764518 0.1601328 0.0231991 0.1054268 0.1037886 0.0960829 0.1056657 0.0884585 0.0945008 0.1077116 0.1177118 0.1193011 0.0083079 0.1130882 
Dasyuridae_Planigale_tenuirostris            0.1086278 0.1246370 0.0963401 0.1010372 0.1024170 0.0215513 0.0942856 0.0957577 0.1029563 0.1172753 0.1170792 0.0260694 0.0298385 0.1008067 0.1115319 0.0282408 0.0196620 0.0000000 0.1198119 0.1303966 0.1039417 0.1750961 0.1612530 0.0313510 0.1069972 0.1015922 0.0978199 0.1017352 0.0951760 0.0797555 0.1061116 0.1175269 0.1183992 0.0185046 0.1151042 
Peramelidae_Echymipera_kalubu                0.1178782 0.1470937 0.1066626 0.1168925 0.1174490 0.1201878 0.1202720 0.1123437 0.1189159 0.0334732 0.1423816 0.1188147 0.1229403 0.1272633 0.1213598 0.1246566 0.1171157 0.1198119 0.0000000 0.1529976 0.1089252 0.1678077 0.1649820 0.1246350 0.1163469 0.1065474 0.1008687 0.1151249 0.0972365 0.1115324 0.1149502 0.1417368 0.0362663 0.1171757 0.0322265 
Macropodidae_Dorcopsulus_vanheurni           0.1105860 0.1800943 0.0888876 0.0301071 0.0316340 0.1370655 0.0937831 0.0857602 0.0293167 0.1258163 0.0868899 0.1295477 0.1582862 0.0834833 0.1026733 0.1484675 0.1322081 0.1303966 0.1529976 0.0000000 0.1038912 0.1900401 0.1725578 0.1532379 0.0618061 0.1410416 0.0855044 0.0200354 0.0662341 0.1148200 0.0931053 0.0889029 0.1396286 0.1305327 0.1406377 
Pseudochiridae_Pseudochirulus_forbesi        0.0837105 0.1319585 0.0749026 0.0770968 0.0776259 0.1074878 0.0698880 0.0679693 0.0782799 0.1065732 0.0901604 0.1075432 0.1147924 0.0792997 0.0708849 0.1132266 0.1044062 0.1039417 0.1089252 0.1038912 0.0000000 0.1510868 0.1563265 0.1080392 0.0750787 0.1028212 0.0299888 0.0774504 0.0228341 0.0581669 0.0646329 0.0919963 0.1144047 0.1041245 0.1079485 
Didelphidae_Didelphis_virginiana             0.1595496 0.1994915 0.1516536 0.1600915 0.1607501 0.1768241 0.1517888 0.1550418 0.1612669 0.1592067 0.1751006 0.1736083 0.1797582 0.1621186 0.1603111 0.1805644 0.1764518 0.1750961 0.1678077 0.1900401 0.1510868 0.0000000 0.0689121 0.1744866 0.1599928 0.1738855 0.1424841 0.1604385 0.1364045 0.1538654 0.1459900 0.1824533 0.1627710 0.1784619 0.1673860 
Marmosidae_Monodelphis_domestica             0.1538157 0.1913846 0.1551253 0.1506236 0.1524410 0.1577406 0.1502532 0.1487706 0.1521577 0.1572947 0.1732527 0.1611712 0.1686201 0.1557982 0.1510957 0.1674178 0.1601328 0.1612530 0.1649820 0.1725578 0.1563265 0.0689121 0.0000000 0.1566044 0.1525193 0.1584584 0.1390299 0.1525711 0.1373634 0.1443922 0.1445925 0.1765355 0.1609870 0.1591501 0.1633361 
Dasyuridae_Antechinus_stuartii               0.1187839 0.1287182 0.1038525 0.1131748 0.1125638 0.0254106 0.0999785 0.1019740 0.1124118 0.1192360 0.1283484 0.0141470 0.0339470 0.1080597 0.1188685 0.0177936 0.0231991 0.0313510 0.1246350 0.1532379 0.1080392 0.1744866 0.1566044 0.0000000 0.1103082 0.1010913 0.0994830 0.1114735 0.0975926 0.0912397 0.1107349 0.1241496 0.1300522 0.0233087 0.1199091 
Hypsiprymnodontidae_Hypsiprymnodon_moschatus 0.0867733 0.1246694 0.0769396 0.0411127 0.0410814 0.1055754 0.0693797 0.0676829 0.0438271 0.1042488 0.0880114 0.1090131 0.1203251 0.0763513 0.0811782 0.1155603 0.1054268 0.1069972 0.1163469 0.0618061 0.0750787 0.1599928 0.1525193 0.1103082 0.0000000 0.0958477 0.0654694 0.0441884 0.0554317 0.0748383 0.0786884 0.0920158 0.1173656 0.1058088 0.1096572 
Microbiotheriidae_Dromiciops_gliroides       0.1086939 0.1336155 0.0862867 0.0961272 0.0967267 0.1035017 0.0948689 0.0942718 0.0973491 0.1029404 0.1234198 0.1025886 0.1063188 0.1063899 0.1048398 0.1081587 0.1037886 0.1015922 0.1065474 0.1410416 0.1028212 0.1738855 0.1584584 0.1010913 0.0958477 0.0000000 0.0912095 0.0971669 0.0851192 0.0782849 0.0979678 0.1222808 0.1114220 0.1018090 0.1077625 
Pseudochiridae_Petauroides_volans            0.0723669 0.1252019 0.0683815 0.0652536 0.0657804 0.0990097 0.0609229 0.0584485 0.0664128 0.0969578 0.0800871 0.0961819 0.1084487 0.0666329 0.0581849 0.1016760 0.0960829 0.0978199 0.1008687 0.0855044 0.0299888 0.1424841 0.1390299 0.0994830 0.0654694 0.0912095 0.0000000 0.0667186 0.0228951 0.0515747 0.0537769 0.0811180 0.1046250 0.0969900 0.0993370 
Macropodidae_Wallabia_bicolor                0.0868695 0.1265104 0.0708761 0.0187097 0.0186954 0.1047446 0.0720210 0.0651033 0.0197496 0.1034465 0.0891712 0.1049443 0.1194787 0.0753057 0.0765380 0.1136820 0.1056657 0.1017352 0.1151249 0.0200354 0.0774504 0.1604385 0.1525711 0.1114735 0.0441884 0.0971669 0.0667186 0.0000000 0.0586576 0.0735967 0.0758380 0.0910900 0.1134931 0.1027712 0.1102149 
Pseudochiridae_Pseudocheirus_occidentalis    0.0625577 0.1243345 0.0609348 0.0544801 0.0544521 0.0920898 0.0473404 0.0474090 0.0589292 0.0942835 0.0690214 0.0927257 0.1043125 0.0568169 0.0587871 0.0959425 0.0884585 0.0951760 0.0972365 0.0662341 0.0228341 0.1364045 0.1373634 0.0975926 0.0554317 0.0851192 0.0228951 0.0586576 0.0000000 0.0397478 0.0538576 0.0721021 0.1036577 0.0892074 0.0915388 
Tarsipedidae_Tarsipes_rostratus              0.0823502 0.1234515 0.0849886 0.0754366 0.0762293 0.0924163 0.0634400 0.0688422 0.0746453 0.0922142 0.0926861 0.0852629 0.0942016 0.0811774 0.0700840 0.0982209 0.0945008 0.0797555 0.1115324 0.1148200 0.0581669 0.1538654 0.1443922 0.0912397 0.0748383 0.0782849 0.0515747 0.0735967 0.0397478 0.0000000 0.0664533 0.1014880 0.0986752 0.0962613 0.1086902 
Acrobatidae_Distoechurus_pennatus            0.0850125 0.1270397 0.0757502 0.0755562 0.0766369 0.1086988 0.0678299 0.0671466 0.0754556 0.1039843 0.0949107 0.1093528 0.1182690 0.0777513 0.0482548 0.1148156 0.1077116 0.1061116 0.1149502 0.0931053 0.0646329 0.1459900 0.1445925 0.1107349 0.0786884 0.0979678 0.0537769 0.0758380 0.0538576 0.0664533 0.0000000 0.0930391 0.1147939 0.1074381 0.1087155 
Phalangeridae_Phalanger_carmelitae           0.0993533 0.1580708 0.0917523 0.0868250 0.0873675 0.1208163 0.0412917 0.0359192 0.0893994 0.1339346 0.0472555 0.1179539 0.1295166 0.0311395 0.0922588 0.1243500 0.1177118 0.1175269 0.1417368 0.0889029 0.0919963 0.1824533 0.1765355 0.1241496 0.0920158 0.1222808 0.0811180 0.0910900 0.0721021 0.1014880 0.0930391 0.0000000 0.1373601 0.1173532 0.1387084 
Peramelidae_Peroryctes_raffrayana            0.1182105 0.1463718 0.1043066 0.1170269 0.1169692 0.1213609 0.1134219 0.1054920 0.1184079 0.0389226 0.1376555 0.1244617 0.1261363 0.1194248 0.1214931 0.1253812 0.1193011 0.1183992 0.0362663 0.1396286 0.1144047 0.1627710 0.1609870 0.1300522 0.1173656 0.1114220 0.1046250 0.1134931 0.1036577 0.0986752 0.1147939 0.1373601 0.0000000 0.1206793 0.0389670 
Dasyuridae_Dasyurus_geffroii                 0.1118533 0.1351373 0.0937674 0.1023925 0.1017251 0.0092749 0.0988539 0.0986235 0.1022398 0.1129300 0.1229147 0.0152998 0.0226013 0.1041412 0.1110870 0.0193312 0.0083079 0.0185046 0.1171757 0.1305327 0.1041245 0.1784619 0.1591501 0.0233087 0.1058088 0.1018090 0.0969900 0.1027712 0.0892074 0.0962613 0.1074381 0.1173532 0.1206793 0.0000000 0.1138753 
Peramelidae_Perameles_gunnii                 0.1194468 0.1429104 0.1004510 0.1113510 0.1119013 0.1167717 0.1141850 0.1089659 0.1126489 0.0032073 0.1363451 0.1150262 0.1173726 0.1196617 0.1153563 0.1219493 0.1130882 0.1151042 0.0322265 0.1406377 0.1079485 0.1673860 0.1633361 0.1199091 0.1096572 0.1077625 0.0993370 0.1102149 0.0915388 0.1086902 0.1087155 0.1387084 0.0389670 0.1138753 0.0000000 
