35
Burramyidae_Burramys_parvus                  0.0000000 0.0944264 0.0551422 0.0676922 0.0698535 0.0814587 0.0462686 0.0488309 0.0652284 0.0948698 0.0514620 0.0798432 0.0832294 0.0488605 0.0590306 0.0826651 0.0840569 0.0800156 0.0865889 0.0586313 0.0664695 0.1122135 0.1048836 0.0837052 0.0761650 0.0844386 0.0422890 0.0608211 0.0571481 0.0755441 0.0630383 0.0506096 0.0873285 0.0963145 0.0615085 
Notoryctidae_Notoryctes_typhlops             0.0944264 0.0000000 0.0951639 0.1115211 0.1137320 0.1142626 0.0996259 0.0990444 0.1110903 0.1073494 0.1004143 0.1095558 0.1109807 0.1003345 0.1060324 0.1116623 0.1157146 0.1170327 0.1029401 0.1029256 0.1130362 0.1359998 0.1285531 0.1151369 0.1098071 0.1121817 0.0992624 0.1093770 0.1071718 0.1096180 0.1041127 0.1003121 0.1073763 0.1059578 0.0737438 
Vombatidae_Lasiorhinus_latifrons             0.0551422 0.0951639 0.0000000 0.0726006 0.0751834 0.0910395 0.0576863 0.0573364 0.0733468 0.0997882 0.0604374 0.0898917 0.0856758 0.0543860 0.0707379 0.0901056 0.0929252 0.0920395 0.0975315 0.0652070 0.0774924 0.1216973 0.1081938 0.0924953 0.0871521 0.0924632 0.0703257 0.0689773 0.0724303 0.0989189 0.0767630 0.0566592 0.0992102 0.1020943 0.0628553 
Potoroidae_Bettongia_penicillata             0.0676922 0.1115211 0.0726006 0.0000000 0.0097739 0.0933536 0.0562808 0.0513159 0.0148384 0.1081148 0.0575876 0.0945613 0.0949202 0.0513916 0.0826745 0.0977262 0.0955266 0.0891228 0.1027947 0.0213239 0.0745121 0.1230334 0.1106902 0.0992742 0.0528238 0.0918961 0.0620897 0.0226795 0.0732790 0.1030102 0.0799413 0.0530997 0.1084477 0.1085529 0.0677520 
Potoroidae_Bettongia_lesueur                 0.0698535 0.1137320 0.0751834 0.0097739 0.0000000 0.0928878 0.0601400 0.0551029 0.0192581 0.1138749 0.0628764 0.0952532 0.0962376 0.0551830 0.0849557 0.0984115 0.0971605 0.0927611 0.1068055 0.0247447 0.0788202 0.1254724 0.1131188 0.1005867 0.0566672 0.0957305 0.0695652 0.0252376 0.0769761 0.1073864 0.0800203 0.0569090 0.1141515 0.1140770 0.0696630 
Dasyuridae_Dasyurus_maculatus                0.0814587 0.1142626 0.0910395 0.0933536 0.0928878 0.0000000 0.0824883 0.0786799 0.0900912 0.1035226 0.0858104 0.0191418 0.0285256 0.0802398 0.0980715 0.0191814 0.0055637 0.0252072 0.1012574 0.0875357 0.0983879 0.1253672 0.1120557 0.0192595 0.1084615 0.1022809 0.0807879 0.0870282 0.0940342 0.1132949 0.0992545 0.0827384 0.1024168 0.1062304 0.0050912 
Phalangeridae_Trichosurus_vulpecula          0.0462686 0.0996259 0.0576863 0.0562808 0.0601400 0.0824883 0.0000000 0.0149747 0.0569337 0.0929108 0.0227727 0.0837170 0.0836988 0.0154773 0.0622156 0.0864286 0.0855912 0.0793814 0.0885634 0.0494252 0.0603247 0.1106415 0.1052280 0.0883349 0.0728121 0.0832193 0.0486424 0.0523238 0.0565248 0.0827389 0.0638212 0.0174192 0.0910540 0.0939811 0.0642364 
Phalangeridae_Spilocuscus_maculatus          0.0488309 0.0990444 0.0573364 0.0513159 0.0551029 0.0786799 0.0149747 0.0000000 0.0518628 0.0912031 0.0136959 0.0818674 0.0819170 0.0059348 0.0646718 0.0845479 0.0817140 0.0793737 0.0903643 0.0468420 0.0613795 0.1117848 0.1056421 0.0856895 0.0735950 0.0812599 0.0474985 0.0494961 0.0563674 0.0811671 0.0647420 0.0077900 0.0897223 0.0923274 0.0619866 
Potoroidae_Aepyprymnus_rufescens             0.0652284 0.1110903 0.0733468 0.0148384 0.0192581 0.0900912 0.0569337 0.0518628 0.0000000 0.1006764 0.0583824 0.0916433 0.0919810 0.0519400 0.0772796 0.0938970 0.0925547 0.0844441 0.1019699 0.0230662 0.0769976 0.1234277 0.1106648 0.0963384 0.0498671 0.0934590 0.0620587 0.0225363 0.0717873 0.1032474 0.0769281 0.0548197 0.1054553 0.0999973 0.0658657 
Peramelidae_Perameles_nasuta                 0.0948698 0.1073494 0.0997882 0.1081148 0.1138749 0.1035226 0.0929108 0.0912031 0.1006764 0.0000000 0.0904231 0.1047514 0.1041897 0.0924784 0.1093582 0.1079075 0.1068426 0.0989878 0.0200618 0.0975217 0.1068875 0.1263810 0.1259802 0.1094673 0.1217169 0.1060426 0.0918177 0.1031278 0.0991405 0.1270725 0.1087122 0.0931692 0.0207038 0.0062845 0.0731372 
Phalangeridae_Strigocuscus_pelengensis       0.0514620 0.1004143 0.0604374 0.0575876 0.0628764 0.0858104 0.0227727 0.0136959 0.0583824 0.0904231 0.0000000 0.0886183 0.0854639 0.0093569 0.0680672 0.0914216 0.0880543 0.0865781 0.0881606 0.0523404 0.0638839 0.1105651 0.1031642 0.0913235 0.0775857 0.0786492 0.0477908 0.0565398 0.0571820 0.0809295 0.0733190 0.0112707 0.0895786 0.0920972 0.0605624 
Dasyuridae_Phascogale_tapoatafa              0.0798432 0.1095558 0.0898917 0.0945613 0.0952532 0.0191418 0.0837170 0.0818674 0.0916433 0.1047514 0.0886183 0.0000000 0.0285743 0.0821792 0.0954803 0.0055401 0.0212103 0.0275109 0.0999869 0.0895467 0.0952178 0.1234996 0.1137784 0.0127991 0.1100767 0.1020771 0.0768269 0.0878063 0.0909126 0.1154071 0.0973903 0.0846917 0.1017867 0.1067281 0.0174410 
Dasyuridae_Sminthopsis_macroura              0.0832294 0.1109807 0.0856758 0.0949202 0.0962376 0.0285256 0.0836988 0.0819170 0.0919810 0.1041897 0.0854639 0.0285743 0.0000000 0.0804294 0.0936247 0.0292446 0.0291777 0.0236533 0.1014625 0.0873726 0.1019375 0.1200270 0.1120842 0.0287512 0.1035647 0.1030896 0.0867313 0.0878879 0.0959035 0.1184761 0.0979904 0.0829319 0.1040188 0.1075704 0.0223080 
Phalangeridae_Phalanger_orientalis           0.0488605 0.1003345 0.0543860 0.0513916 0.0551830 0.0802398 0.0154773 0.0059348 0.0519400 0.0924784 0.0093569 0.0821792 0.0804294 0.0000000 0.0647734 0.0848688 0.0833017 0.0788772 0.0909206 0.0469115 0.0603065 0.1085714 0.1046703 0.0834886 0.0724694 0.0800410 0.0476146 0.0483930 0.0546711 0.0780813 0.0666335 0.0031739 0.0915882 0.0935579 0.0635610 
Acrobatidae_Acrobates_pygmaeus               0.0590306 0.1060324 0.0707379 0.0826745 0.0849557 0.0980715 0.0622156 0.0646718 0.0772796 0.1093582 0.0680672 0.0954803 0.0936247 0.0647734 0.0000000 0.0977105 0.1009978 0.0953197 0.1027470 0.0732320 0.0721083 0.1095248 0.1092676 0.0994552 0.0748481 0.0856746 0.0548266 0.0745688 0.0628732 0.0751898 0.0446948 0.0666702 0.1034746 0.1069186 0.0717594 
Dasyuridae_Phascogale_calura                 0.0826651 0.1116623 0.0901056 0.0977262 0.0984115 0.0191814 0.0864286 0.0845479 0.0938970 0.1079075 0.0914216 0.0055401 0.0292446 0.0848688 0.0977105 0.0000000 0.0222618 0.0274640 0.1032924 0.0923194 0.0966345 0.1239163 0.1156046 0.0128251 0.1132007 0.1037047 0.0799838 0.0901312 0.0923506 0.1174348 0.1001621 0.0874071 0.1052266 0.1097851 0.0174251 
Dasyuridae_Sarcophilus_harrisii              0.0840569 0.1157146 0.0929252 0.0955266 0.0971605 0.0055637 0.0855912 0.0817140 0.0925547 0.1068426 0.0880543 0.0212103 0.0291777 0.0833017 0.1009978 0.0222618 0.0000000 0.0264353 0.1035148 0.0905630 0.1002994 0.1289978 0.1159341 0.0203336 0.1112047 0.1029597 0.0835303 0.0890645 0.0959294 0.1164051 0.1013139 0.0858339 0.1045197 0.1103707 0.0051071 
Dasyuridae_Planigale_tenuirostris            0.0800156 0.1170327 0.0920395 0.0891228 0.0927611 0.0252072 0.0793814 0.0793737 0.0844441 0.0989878 0.0865781 0.0275109 0.0236533 0.0788772 0.0953197 0.0274640 0.0264353 0.0000000 0.0969726 0.0850989 0.0951800 0.1152661 0.1042903 0.0258727 0.1074023 0.0990939 0.0728089 0.0857685 0.0910058 0.1107756 0.0950707 0.0801669 0.0964217 0.1013552 0.0206352 
Peramelidae_Echymipera_kalubu                0.0865889 0.1029401 0.0975315 0.1027947 0.1068055 0.1012574 0.0885634 0.0903643 0.1019699 0.0200618 0.0881606 0.0999869 0.1014625 0.0909206 0.1027470 0.1032924 0.1035148 0.0969726 0.0000000 0.0967002 0.1010494 0.1175990 0.1186895 0.1040095 0.1148446 0.1033365 0.0826707 0.1017485 0.0962223 0.1167828 0.1030327 0.0922248 0.0157799 0.0257907 0.0682403 
Macropodidae_Dorcopsulus_vanheurni           0.0586313 0.1029256 0.0652070 0.0213239 0.0247447 0.0875357 0.0494252 0.0468420 0.0230662 0.0975217 0.0523404 0.0895467 0.0873726 0.0469115 0.0732320 0.0923194 0.0905630 0.0850989 0.0967002 0.0000000 0.0694463 0.1180502 0.1092269 0.0953152 0.0478046 0.0899294 0.0563295 0.0093785 0.0634531 0.1027000 0.0738132 0.0480260 0.1007327 0.0988591 0.0643808 
Pseudochiridae_Pseudochirulus_forbesi        0.0664695 0.1130362 0.0774924 0.0745121 0.0788202 0.0983879 0.0603247 0.0613795 0.0769976 0.1068875 0.0638839 0.0952178 0.1019375 0.0603065 0.0721083 0.0966345 0.1002994 0.0951800 0.1010494 0.0694463 0.0000000 0.1149276 0.1163665 0.0987696 0.0968755 0.0924720 0.0365938 0.0753258 0.0241103 0.0855268 0.0712566 0.0626901 0.1046769 0.1087222 0.0748376 
Didelphidae_Didelphis_virginiana             0.1122135 0.1359998 0.1216973 0.1230334 0.1254724 0.1253672 0.1106415 0.1117848 0.1234277 0.1263810 0.1105651 0.1234996 0.1200270 0.1085714 0.1095248 0.1239163 0.1289978 0.1152661 0.1175990 0.1180502 0.1149276 0.0000000 0.0301147 0.1295360 0.1262288 0.1103550 0.0931353 0.1223504 0.1105261 0.1245599 0.1116221 0.1107566 0.1210875 0.1279947 0.0880295 
Marmosidae_Monodelphis_domestica             0.1048836 0.1285531 0.1081938 0.1106902 0.1131188 0.1120557 0.1052280 0.1056421 0.1106648 0.1259802 0.1031642 0.1137784 0.1120842 0.1046703 0.1092676 0.1156046 0.1159341 0.1042903 0.1186895 0.1092269 0.1163665 0.0301147 0.0000000 0.1198988 0.1179790 0.1067993 0.0894451 0.1108493 0.1156295 0.1190416 0.1078263 0.1060920 0.1213365 0.1275545 0.0755928 
Dasyuridae_Antechinus_stuartii               0.0837052 0.1151369 0.0924953 0.0992742 0.1005867 0.0192595 0.0883349 0.0856895 0.0963384 0.1094673 0.0913235 0.0127991 0.0287512 0.0834886 0.0994552 0.0128251 0.0203336 0.0258727 0.1040095 0.0953152 0.0987696 0.1295360 0.1198988 0.0000000 0.1159709 0.1043716 0.0837674 0.0938831 0.0941890 0.1186688 0.1030582 0.0866618 0.1065267 0.1116339 0.0174229 
Hypsiprymnodontidae_Hypsiprymnodon_moschatus 0.0761650 0.1098071 0.0871521 0.0528238 0.0566672 0.1084615 0.0728121 0.0735950 0.0498671 0.1217169 0.0775857 0.1100767 0.1035647 0.0724694 0.0748481 0.1132007 0.1112047 0.1074023 0.1148446 0.0478046 0.0968755 0.1262288 0.1179790 0.1159709 0.0000000 0.1173852 0.0710899 0.0343511 0.0921108 0.0971673 0.0913500 0.0743473 0.1257168 0.1172275 0.0675639 
Microbiotheriidae_Dromiciops_gliroides       0.0844386 0.1121817 0.0924632 0.0918961 0.0957305 0.1022809 0.0832193 0.0812599 0.0934590 0.1060426 0.0786492 0.1020771 0.1030896 0.0800410 0.0856746 0.1037047 0.1029597 0.0990939 0.1033365 0.0899294 0.0924720 0.1103550 0.1067993 0.1043716 0.1173852 0.0000000 0.0709223 0.0946699 0.0896606 0.1160753 0.1008953 0.0821307 0.1035287 0.1073125 0.0653197 
Pseudochiridae_Petauroides_volans            0.0422890 0.0992624 0.0703257 0.0620897 0.0695652 0.0807879 0.0486424 0.0474985 0.0620587 0.0918177 0.0477908 0.0768269 0.0867313 0.0476146 0.0548266 0.0799838 0.0835303 0.0728089 0.0826707 0.0563295 0.0365938 0.0931353 0.0894451 0.0837674 0.0710899 0.0709223 0.0000000 0.0596935 0.0377080 0.0766736 0.0579261 0.0507167 0.0862507 0.0885240 0.0401519 
Macropodidae_Wallabia_bicolor                0.0608211 0.1093770 0.0689773 0.0226795 0.0252376 0.0870282 0.0523238 0.0494961 0.0225363 0.1031278 0.0565398 0.0878063 0.0878879 0.0483930 0.0745688 0.0901312 0.0890645 0.0857685 0.1017485 0.0093785 0.0753258 0.1223504 0.1108493 0.0938831 0.0343511 0.0946699 0.0596935 0.0000000 0.0699513 0.0828184 0.0757381 0.0507697 0.1057041 0.0994469 0.0609518 
Pseudochiridae_Pseudocheirus_occidentalis    0.0571481 0.1071718 0.0724303 0.0732790 0.0769761 0.0940342 0.0565248 0.0563674 0.0717873 0.0991405 0.0571820 0.0909126 0.0959035 0.0546711 0.0628732 0.0923506 0.0959294 0.0910058 0.0962223 0.0634531 0.0241103 0.1105261 0.1156295 0.0941890 0.0921108 0.0896606 0.0377080 0.0699513 0.0000000 0.0888794 0.0650475 0.0571116 0.0985203 0.1025182 0.0687352 
Tarsipedidae_Tarsipes_rostratus              0.0755441 0.1096180 0.0989189 0.1030102 0.1073864 0.1132949 0.0827389 0.0811671 0.1032474 0.1270725 0.0809295 0.1154071 0.1184761 0.0780813 0.0751898 0.1174348 0.1164051 0.1107756 0.1167828 0.1027000 0.0855268 0.1245599 0.1190416 0.1186688 0.0971673 0.1160753 0.0766736 0.0828184 0.0888794 0.0000000 0.0893039 0.0796702 0.1198790 0.1282379 0.0522528 
Acrobatidae_Distoechurus_pennatus            0.0630383 0.1041127 0.0767630 0.0799413 0.0800203 0.0992545 0.0638212 0.0647420 0.0769281 0.1087122 0.0733190 0.0973903 0.0979904 0.0666335 0.0446948 0.1001621 0.1013139 0.0950707 0.1030327 0.0738132 0.0712566 0.1116221 0.1078263 0.1030582 0.0913500 0.1008953 0.0579261 0.0757381 0.0650475 0.0893039 0.0000000 0.0679522 0.1059630 0.1114843 0.0744483 
Phalangeridae_Phalanger_carmelitae           0.0506096 0.1003121 0.0566592 0.0530997 0.0569090 0.0827384 0.0174192 0.0077900 0.0548197 0.0931692 0.0112707 0.0846917 0.0829319 0.0031739 0.0666702 0.0874071 0.0858339 0.0801669 0.0922248 0.0480260 0.0626901 0.1107566 0.1060920 0.0866618 0.0743473 0.0821307 0.0507167 0.0507697 0.0571116 0.0796702 0.0679522 0.0000000 0.0936013 0.0948793 0.0654127 
Peramelidae_Peroryctes_raffrayana            0.0873285 0.1073763 0.0992102 0.1084477 0.1141515 0.1024168 0.0910540 0.0897223 0.1054553 0.0207038 0.0895786 0.1017867 0.1040188 0.0915882 0.1034746 0.1052266 0.1045197 0.0964217 0.0157799 0.1007327 0.1046769 0.1210875 0.1213365 0.1065267 0.1257168 0.1035287 0.0862507 0.1057041 0.0985203 0.1198790 0.1059630 0.0936013 0.0000000 0.0257409 0.0695722 
Peramelidae_Perameles_gunnii                 0.0963145 0.1059578 0.1020943 0.1085529 0.1140770 0.1062304 0.0939811 0.0923274 0.0999973 0.0062845 0.0920972 0.1067281 0.1075704 0.0935579 0.1069186 0.1097851 0.1103707 0.1013552 0.0257907 0.0988591 0.1087222 0.1279947 0.1275545 0.1116339 0.1172275 0.1073125 0.0885240 0.0994469 0.1025182 0.1282379 0.1114843 0.0948793 0.0257409 0.0000000 0.0717790 
Dasyuridae_Dasyurus_geffroii                 0.0615085 0.0737438 0.0628553 0.0677520 0.0696630 0.0050912 0.0642364 0.0619866 0.0658657 0.0731372 0.0605624 0.0174410 0.0223080 0.0635610 0.0717594 0.0174251 0.0051071 0.0206352 0.0682403 0.0643808 0.0748376 0.0880295 0.0755928 0.0174229 0.0675639 0.0653197 0.0401519 0.0609518 0.0687352 0.0522528 0.0744483 0.0654127 0.0695722 0.0717790 0.0000000 
