35
Burramyidae_Burramys_parvus                  0.0000000 0.0419722 0.0244179 0.0326004 0.0327992 0.0442577 0.0249553 0.0255450 0.0311134 0.0431809 0.0254992 0.0436863 0.0451367 0.0264112 0.0295461 0.0448106 0.0427801 0.0444019 0.0426538 0.0254336 0.0307273 0.0492958 0.0466681 0.0417743 0.0319229 0.0308255 0.0309763 0.0252841 0.0282183 0.0342766 0.0322920 0.0257632 0.0454647 0.0433592 0.0424183 
Notoryctidae_Notoryctes_typhlops             0.0419722 0.0000000 0.0384392 0.0529360 0.0541852 0.0552903 0.0426180 0.0443108 0.0512776 0.0556497 0.0438136 0.0527693 0.0551673 0.0432569 0.0465261 0.0522009 0.0530886 0.0567565 0.0556777 0.0425666 0.0467553 0.0608539 0.0580161 0.0483402 0.0494495 0.0403749 0.0470668 0.0460801 0.0433500 0.0463934 0.0505292 0.0428837 0.0572298 0.0530171 0.0553859 
Vombatidae_Lasiorhinus_latifrons             0.0244179 0.0384392 0.0000000 0.0335560 0.0344400 0.0370336 0.0244599 0.0241733 0.0299893 0.0385613 0.0239578 0.0368132 0.0387402 0.0247406 0.0280103 0.0355048 0.0368915 0.0374289 0.0386858 0.0245886 0.0292733 0.0411667 0.0414700 0.0341824 0.0328415 0.0273608 0.0265894 0.0273355 0.0269980 0.0303372 0.0305914 0.0246875 0.0398678 0.0354355 0.0387012 
Potoroidae_Bettongia_penicillata             0.0326004 0.0529360 0.0335560 0.0000000 0.0039965 0.0513838 0.0349787 0.0349533 0.0097286 0.0486061 0.0347798 0.0522179 0.0519014 0.0346306 0.0391343 0.0527255 0.0499344 0.0519809 0.0488755 0.0105930 0.0391256 0.0549054 0.0542878 0.0490932 0.0275074 0.0383857 0.0392065 0.0116887 0.0344286 0.0416366 0.0406835 0.0351676 0.0516566 0.0501532 0.0479978 
Potoroidae_Bettongia_lesueur                 0.0327992 0.0541852 0.0344400 0.0039965 0.0000000 0.0529827 0.0355031 0.0349043 0.0113693 0.0488115 0.0353102 0.0531044 0.0530694 0.0351545 0.0396588 0.0536204 0.0514398 0.0529785 0.0484276 0.0117997 0.0396500 0.0538245 0.0545076 0.0499900 0.0286212 0.0379776 0.0403722 0.0127722 0.0350414 0.0421709 0.0408950 0.0356902 0.0518572 0.0517492 0.0481996 
Dasyuridae_Dasyurus_maculatus                0.0442577 0.0552903 0.0370336 0.0513838 0.0529827 0.0000000 0.0411827 0.0452654 0.0514819 0.0536526 0.0439719 0.0152034 0.0197939 0.0449213 0.0486214 0.0150448 0.0067977 0.0177105 0.0534576 0.0440568 0.0476383 0.0579198 0.0581730 0.0128644 0.0516931 0.0401843 0.0473490 0.0447108 0.0452175 0.0491904 0.0513644 0.0448496 0.0536734 0.0045998 0.0522321 
Phalangeridae_Trichosurus_vulpecula          0.0249553 0.0426180 0.0244599 0.0349787 0.0355031 0.0411827 0.0000000 0.0114041 0.0344107 0.0422433 0.0098522 0.0425455 0.0435742 0.0105579 0.0298233 0.0423077 0.0425852 0.0428683 0.0422819 0.0263731 0.0297000 0.0476159 0.0466513 0.0406730 0.0343246 0.0307724 0.0299852 0.0282652 0.0266790 0.0306650 0.0319221 0.0105373 0.0444515 0.0412483 0.0414210 
Phalangeridae_Spilocuscus_maculatus          0.0255450 0.0443108 0.0241733 0.0349533 0.0349043 0.0452654 0.0114041 0.0000000 0.0334295 0.0443717 0.0059699 0.0454151 0.0457909 0.0056289 0.0292337 0.0452005 0.0454377 0.0468088 0.0453231 0.0290945 0.0306863 0.0482353 0.0450515 0.0432452 0.0337282 0.0310866 0.0312623 0.0282558 0.0280116 0.0319433 0.0316301 0.0056181 0.0451877 0.0443767 0.0434784 
Potoroidae_Aepyprymnus_rufescens             0.0311134 0.0512776 0.0299893 0.0097286 0.0113693 0.0514819 0.0344107 0.0334295 0.0000000 0.0475436 0.0342054 0.0516562 0.0522969 0.0343688 0.0375814 0.0508252 0.0506565 0.0507276 0.0478323 0.0118368 0.0382424 0.0537061 0.0527247 0.0488550 0.0287232 0.0378073 0.0373640 0.0128162 0.0351434 0.0417203 0.0388121 0.0342979 0.0509124 0.0502487 0.0479273 
Peramelidae_Perameles_nasuta                 0.0431809 0.0556497 0.0385613 0.0486061 0.0488115 0.0536526 0.0422433 0.0443717 0.0475436 0.0000000 0.0441842 0.0519430 0.0540281 0.0445756 0.0487875 0.0539335 0.0530430 0.0503545 0.0104971 0.0400799 0.0486997 0.0633753 0.0584418 0.0508067 0.0521627 0.0431237 0.0488261 0.0441471 0.0458306 0.0512128 0.0511616 0.0445276 0.0112548 0.0527208 0.0016255 
Phalangeridae_Strigocuscus_pelengensis       0.0254992 0.0438136 0.0239578 0.0347798 0.0353102 0.0439719 0.0098522 0.0059699 0.0342054 0.0441842 0.0000000 0.0440232 0.0450562 0.0040471 0.0301772 0.0431955 0.0437815 0.0450235 0.0451722 0.0291349 0.0307370 0.0484209 0.0449707 0.0419807 0.0341201 0.0310121 0.0311231 0.0279647 0.0283464 0.0323031 0.0319799 0.0040393 0.0453109 0.0430794 0.0435834 
Dasyuridae_Phascogale_tapoatafa              0.0436863 0.0527693 0.0368132 0.0522179 0.0531044 0.0152034 0.0425455 0.0454151 0.0516562 0.0519430 0.0440232 0.0000000 0.0175266 0.0447010 0.0484060 0.0032638 0.0118235 0.0162249 0.0518403 0.0427012 0.0457413 0.0573805 0.0573706 0.0060763 0.0534647 0.0392721 0.0474571 0.0457758 0.0442110 0.0482356 0.0498392 0.0446296 0.0523021 0.0126758 0.0506173 
Dasyuridae_Sminthopsis_macroura              0.0451367 0.0551673 0.0387402 0.0519014 0.0530694 0.0197939 0.0435742 0.0457909 0.0522969 0.0540281 0.0450562 0.0175266 0.0000000 0.0457188 0.0497341 0.0176840 0.0174195 0.0167798 0.0541954 0.0447129 0.0487623 0.0592621 0.0572596 0.0157771 0.0517991 0.0391508 0.0490783 0.0452588 0.0451439 0.0506067 0.0524478 0.0456230 0.0544236 0.0178048 0.0529872 
Phalangeridae_Phalanger_orientalis           0.0264112 0.0432569 0.0247406 0.0346306 0.0351545 0.0449213 0.0105579 0.0056289 0.0343688 0.0445756 0.0040471 0.0447010 0.0457188 0.0000000 0.0294877 0.0438359 0.0447279 0.0457874 0.0452511 0.0296987 0.0300403 0.0488321 0.0453206 0.0418836 0.0342831 0.0313099 0.0315029 0.0279160 0.0283041 0.0321835 0.0318827 0.0021183 0.0454874 0.0440336 0.0431156 
Acrobatidae_Acrobates_pygmaeus               0.0295461 0.0465261 0.0280103 0.0391343 0.0396588 0.0486214 0.0298233 0.0292337 0.0375814 0.0487875 0.0301772 0.0484060 0.0497341 0.0294877 0.0000000 0.0485435 0.0474422 0.0491272 0.0483974 0.0308923 0.0277287 0.0488484 0.0498097 0.0466178 0.0388005 0.0354768 0.0276403 0.0322719 0.0268029 0.0299099 0.0176000 0.0297261 0.0504901 0.0467541 0.0481696 
Dasyuridae_Phascogale_calura                 0.0448106 0.0522009 0.0355048 0.0527255 0.0536204 0.0150448 0.0423077 0.0452005 0.0508252 0.0539335 0.0431955 0.0032638 0.0176840 0.0438359 0.0485435 0.0000000 0.0116378 0.0169849 0.0530568 0.0434924 0.0455293 0.0565433 0.0565335 0.0055562 0.0533154 0.0387254 0.0468993 0.0462143 0.0443707 0.0477046 0.0503213 0.0437654 0.0539547 0.0121955 0.0524916 
Dasyuridae_Sarcophilus_harrisii              0.0427801 0.0530886 0.0368915 0.0499344 0.0514398 0.0067977 0.0425852 0.0454377 0.0506565 0.0530430 0.0437815 0.0118235 0.0174195 0.0447279 0.0474422 0.0116378 0.0000000 0.0155660 0.0528903 0.0409767 0.0461458 0.0555793 0.0559826 0.0103133 0.0514676 0.0384229 0.0461643 0.0435329 0.0432949 0.0476494 0.0491844 0.0446568 0.0530634 0.0048841 0.0516708 
Dasyuridae_Planigale_tenuirostris            0.0444019 0.0567565 0.0374289 0.0519809 0.0529785 0.0177105 0.0428683 0.0468088 0.0507276 0.0503545 0.0450235 0.0162249 0.0167798 0.0457874 0.0491272 0.0169849 0.0155660 0.0000000 0.0502189 0.0429358 0.0487987 0.0564766 0.0564766 0.0149514 0.0527382 0.0398868 0.0482966 0.0456253 0.0453317 0.0513079 0.0510293 0.0457874 0.0500630 0.0153064 0.0492491 
Peramelidae_Echymipera_kalubu                0.0426538 0.0556777 0.0386858 0.0488755 0.0484276 0.0534576 0.0422819 0.0453231 0.0478323 0.0104971 0.0451722 0.0518403 0.0541954 0.0452511 0.0483974 0.0530568 0.0528903 0.0502189 0.0000000 0.0410249 0.0479972 0.0622063 0.0577314 0.0506128 0.0513470 0.0421848 0.0472507 0.0435410 0.0442795 0.0510231 0.0517102 0.0461096 0.0085252 0.0528782 0.0102970 
Macropodidae_Dorcopsulus_vanheurni           0.0254336 0.0425666 0.0245886 0.0105930 0.0117997 0.0440568 0.0263731 0.0290945 0.0118368 0.0400799 0.0291349 0.0427012 0.0447129 0.0296987 0.0308923 0.0434924 0.0409767 0.0429358 0.0410249 0.0000000 0.0310901 0.0472313 0.0455084 0.0398704 0.0229478 0.0291221 0.0302902 0.0044776 0.0270182 0.0346962 0.0335415 0.0293321 0.0431098 0.0423476 0.0407019 
Pseudochiridae_Pseudochirulus_forbesi        0.0307273 0.0467553 0.0292733 0.0391256 0.0396500 0.0476383 0.0297000 0.0306863 0.0382424 0.0486997 0.0307370 0.0457413 0.0487623 0.0300403 0.0277287 0.0455293 0.0461458 0.0487987 0.0479972 0.0310901 0.0000000 0.0542946 0.0516741 0.0436416 0.0384045 0.0351487 0.0218103 0.0328439 0.0121418 0.0289081 0.0329113 0.0308759 0.0507391 0.0460982 0.0480923 
Didelphidae_Didelphis_virginiana             0.0492958 0.0608539 0.0411667 0.0549054 0.0538245 0.0579198 0.0476159 0.0482353 0.0537061 0.0633753 0.0484209 0.0573805 0.0592621 0.0488321 0.0488484 0.0565433 0.0555793 0.0564766 0.0622063 0.0472313 0.0542946 0.0000000 0.0242159 0.0569237 0.0519715 0.0467589 0.0506266 0.0485968 0.0529309 0.0526211 0.0541190 0.0487287 0.0658472 0.0546581 0.0623777 
Marmosidae_Monodelphis_domestica             0.0466681 0.0580161 0.0414700 0.0542878 0.0545076 0.0581730 0.0466513 0.0450515 0.0527247 0.0584418 0.0449707 0.0573706 0.0572596 0.0453206 0.0498097 0.0565335 0.0559826 0.0564766 0.0577314 0.0455084 0.0516741 0.0242159 0.0000000 0.0538087 0.0535930 0.0454610 0.0493393 0.0476287 0.0504097 0.0529457 0.0537061 0.0445939 0.0611700 0.0555817 0.0579307 
Dasyuridae_Antechinus_stuartii               0.0417743 0.0483402 0.0341824 0.0490932 0.0499900 0.0128644 0.0406730 0.0432452 0.0488550 0.0508067 0.0419807 0.0060763 0.0157771 0.0418836 0.0466178 0.0055562 0.0103133 0.0149514 0.0506128 0.0398704 0.0436416 0.0569237 0.0538087 0.0000000 0.0500533 0.0366238 0.0448660 0.0432892 0.0416262 0.0477248 0.0483576 0.0418159 0.0496230 0.0103043 0.0496280 
Hypsiprymnodontidae_Hypsiprymnodon_moschatus 0.0319229 0.0494495 0.0328415 0.0275074 0.0286212 0.0516931 0.0343246 0.0337282 0.0287232 0.0521627 0.0341201 0.0534647 0.0517991 0.0342831 0.0388005 0.0533154 0.0514676 0.0527382 0.0513470 0.0229478 0.0384045 0.0519715 0.0535930 0.0500533 0.0000000 0.0383365 0.0397880 0.0207494 0.0370964 0.0406530 0.0400086 0.0348195 0.0541956 0.0494795 0.0511221 
Microbiotheriidae_Dromiciops_gliroides       0.0308255 0.0403749 0.0273608 0.0383857 0.0379776 0.0401843 0.0307724 0.0310866 0.0378073 0.0431237 0.0310121 0.0392721 0.0391508 0.0313099 0.0354768 0.0387254 0.0384229 0.0398868 0.0421848 0.0291221 0.0351487 0.0467589 0.0454610 0.0366238 0.0383365 0.0000000 0.0340667 0.0317262 0.0328208 0.0383811 0.0389904 0.0318852 0.0452988 0.0380161 0.0424635 
Pseudochiridae_Petauroides_volans            0.0309763 0.0470668 0.0265894 0.0392065 0.0403722 0.0473490 0.0299852 0.0312623 0.0373640 0.0488261 0.0311231 0.0474571 0.0490783 0.0315029 0.0276403 0.0468993 0.0461643 0.0482966 0.0472507 0.0302902 0.0218103 0.0506266 0.0493393 0.0448660 0.0397880 0.0340667 0.0000000 0.0327851 0.0191748 0.0259393 0.0326047 0.0314701 0.0498232 0.0457894 0.0479760 
Macropodidae_Wallabia_bicolor                0.0252841 0.0460801 0.0273355 0.0116887 0.0127722 0.0447108 0.0282652 0.0282558 0.0128162 0.0441471 0.0279647 0.0457758 0.0452588 0.0279160 0.0322719 0.0462143 0.0435329 0.0456253 0.0435410 0.0044776 0.0328439 0.0485968 0.0476287 0.0432892 0.0207494 0.0317262 0.0327851 0.0000000 0.0287166 0.0354945 0.0337990 0.0284517 0.0461199 0.0435017 0.0442655 
Pseudochiridae_Pseudocheirus_occidentalis    0.0282183 0.0433500 0.0269980 0.0344286 0.0350414 0.0452175 0.0266790 0.0280116 0.0351434 0.0458306 0.0283464 0.0442110 0.0451439 0.0283041 0.0268029 0.0443707 0.0432949 0.0453317 0.0442795 0.0270182 0.0121418 0.0529309 0.0504097 0.0416262 0.0370964 0.0328208 0.0191748 0.0287166 0.0000000 0.0246365 0.0294323 0.0285964 0.0462262 0.0432017 0.0451051 
Tarsipedidae_Tarsipes_rostratus              0.0342766 0.0463934 0.0303372 0.0416366 0.0421709 0.0491904 0.0306650 0.0319433 0.0417203 0.0512128 0.0323031 0.0482356 0.0506067 0.0321835 0.0299099 0.0477046 0.0476494 0.0513079 0.0510231 0.0346962 0.0289081 0.0526211 0.0529457 0.0477248 0.0406530 0.0383811 0.0259393 0.0354945 0.0246365 0.0000000 0.0330115 0.0324399 0.0537106 0.0486054 0.0511998 
Acrobatidae_Distoechurus_pennatus            0.0322920 0.0505292 0.0305914 0.0406835 0.0408950 0.0513644 0.0319221 0.0316301 0.0388121 0.0511616 0.0319799 0.0498392 0.0524478 0.0318827 0.0176000 0.0503213 0.0491844 0.0510293 0.0517102 0.0335415 0.0329113 0.0541190 0.0537061 0.0483576 0.0400086 0.0389904 0.0326047 0.0337990 0.0294323 0.0330115 0.0000000 0.0315167 0.0531582 0.0488262 0.0508309 
Phalangeridae_Phalanger_carmelitae           0.0257632 0.0428837 0.0246875 0.0351676 0.0356902 0.0448496 0.0105373 0.0056181 0.0342979 0.0445276 0.0040393 0.0446296 0.0456230 0.0021183 0.0297261 0.0437654 0.0446568 0.0457874 0.0461096 0.0293321 0.0308759 0.0487287 0.0445939 0.0418159 0.0348195 0.0318852 0.0314701 0.0284517 0.0285964 0.0324399 0.0315167 0.0000000 0.0453895 0.0439633 0.0433406 
Peramelidae_Peroryctes_raffrayana            0.0454647 0.0572298 0.0398678 0.0516566 0.0518572 0.0536734 0.0444515 0.0451877 0.0509124 0.0112548 0.0453109 0.0523021 0.0544236 0.0454874 0.0504901 0.0539547 0.0530634 0.0500630 0.0085252 0.0431098 0.0507391 0.0658472 0.0611700 0.0496230 0.0541956 0.0452988 0.0498232 0.0461199 0.0462262 0.0537106 0.0531582 0.0453895 0.0000000 0.0530817 0.0110804 
Dasyuridae_Dasyurus_geffroii                 0.0433592 0.0530171 0.0354355 0.0501532 0.0517492 0.0045998 0.0412483 0.0443767 0.0502487 0.0527208 0.0430794 0.0126758 0.0178048 0.0440336 0.0467541 0.0121955 0.0048841 0.0153064 0.0528782 0.0423476 0.0460982 0.0546581 0.0555817 0.0103043 0.0494795 0.0380161 0.0457894 0.0435017 0.0432017 0.0486054 0.0488262 0.0439633 0.0530817 0.0000000 0.0516521 
Peramelidae_Perameles_gunnii                 0.0424183 0.0553859 0.0387012 0.0479978 0.0481996 0.0522321 0.0414210 0.0434784 0.0479273 0.0016255 0.0435834 0.0506173 0.0529872 0.0431156 0.0481696 0.0524916 0.0516708 0.0492491 0.0102970 0.0407019 0.0480923 0.0623777 0.0579307 0.0496280 0.0511221 0.0424635 0.0479760 0.0442655 0.0451051 0.0511998 0.0508309 0.0433406 0.0110804 0.0516521 0.0000000 
