35
Burramyidae_Burramys_parvus                  0.0000000 0.0999802 0.0618447 0.0637133 0.0631083 0.0983543 0.0678810 0.0641420 0.0683095 0.0962989 0.0658387 0.1116846 0.0997611 0.0642587 0.0689392 0.1071897 0.0983747 0.1004846 0.1028913 0.0705309 0.0747504 0.1229117 0.1148332 0.1060427 0.0776911 0.0837650 0.0684246 0.0737499 0.0923613 0.0653007 0.0631507 0.1002659 0.1030124 0.0539507 0.0734158 
Notoryctidae_Notoryctes_typhlops             0.0999802 0.0000000 0.0990921 0.1070168 0.1058297 0.1162985 0.1047706 0.1041754 0.1112408 0.1052604 0.1070517 0.1238486 0.1201321 0.1058113 0.1060570 0.1233595 0.1168466 0.1199146 0.1136691 0.1079713 0.1080287 0.1356868 0.1307726 0.1187814 0.1102551 0.0987085 0.1033148 0.1110323 0.1256705 0.0933886 0.1050546 0.1187368 0.1130944 0.0677504 0.0794248 
Vombatidae_Lasiorhinus_latifrons             0.0618447 0.0990921 0.0000000 0.0688009 0.0676742 0.0943027 0.0719139 0.0656211 0.0709724 0.0934279 0.0689674 0.1064964 0.0947464 0.0673171 0.0689852 0.1037983 0.0943529 0.0950458 0.1010568 0.0726593 0.0791511 0.1177620 0.1133579 0.1038256 0.0771956 0.0783171 0.0711420 0.0698500 0.0941208 0.0687773 0.0666502 0.0961970 0.1006928 0.0548475 0.0687027 
Potoroidae_Bettongia_penicillata             0.0637133 0.1070168 0.0688009 0.0000000 0.0033042 0.1039450 0.0723386 0.0660410 0.0160073 0.0961115 0.0674336 0.1126164 0.1092134 0.0671590 0.0750054 0.1107854 0.1022630 0.1050084 0.1107005 0.0319132 0.0791115 0.1231836 0.1126125 0.1097537 0.0619959 0.0877727 0.0763678 0.0338608 0.0945213 0.0701347 0.0651534 0.1052773 0.1070329 0.0486606 0.0703927 
Potoroidae_Bettongia_lesueur                 0.0631083 0.1058297 0.0676742 0.0033042 0.0000000 0.1043529 0.0711834 0.0649296 0.0142465 0.0965180 0.0663273 0.1130393 0.1096158 0.0660415 0.0732393 0.1111933 0.1026721 0.1047665 0.1110969 0.0309605 0.0783725 0.1222533 0.1122772 0.1102188 0.0613021 0.0876409 0.0751846 0.0333339 0.0932168 0.0696098 0.0640450 0.1056847 0.1085483 0.0496594 0.0712412 
Dasyuridae_Dasyurus_maculatus                0.0983543 0.1162985 0.0943027 0.1039450 0.1043529 0.0000000 0.1087367 0.1000333 0.1106044 0.1141642 0.1021507 0.0230133 0.0239273 0.1021425 0.0978688 0.0224972 0.0066787 0.0248995 0.1182383 0.1064564 0.1079978 0.1342840 0.1260871 0.0202479 0.1127154 0.0898017 0.1022491 0.1089935 0.1200835 0.0883082 0.1009138 0.0054297 0.1211478 0.0762420 0.0829028 
Phalangeridae_Trichosurus_vulpecula          0.0678810 0.1047706 0.0719139 0.0723386 0.0711834 0.1087367 0.0000000 0.0272955 0.0761271 0.0999683 0.0318180 0.1177153 0.1119223 0.0299775 0.0746538 0.1167154 0.1082031 0.1127841 0.1086834 0.0758656 0.0826481 0.1254207 0.1227209 0.1130979 0.0783956 0.0924493 0.0773548 0.0766234 0.0988344 0.0715393 0.0286176 0.1097120 0.1072063 0.0580709 0.0773348 
Phalangeridae_Spilocuscus_maculatus          0.0641420 0.1041754 0.0656211 0.0660410 0.0649296 0.1000333 0.0272955 0.0000000 0.0727834 0.0947095 0.0150121 0.1090046 0.1023257 0.0104924 0.0711920 0.1061115 0.0995037 0.1039675 0.1049739 0.0704829 0.0772544 0.1201692 0.1180156 0.1053640 0.0755321 0.0898047 0.0740926 0.0712784 0.0925185 0.0652203 0.0117508 0.1009766 0.1014394 0.0475845 0.0679560 
Potoroidae_Aepyprymnus_rufescens             0.0683095 0.1112408 0.0709724 0.0160073 0.0142465 0.1106044 0.0761271 0.0727834 0.0000000 0.1012807 0.0737641 0.1189120 0.1148020 0.0730182 0.0804488 0.1172537 0.1089616 0.1124119 0.1131935 0.0363511 0.0827942 0.1318698 0.1211121 0.1166604 0.0646030 0.0940133 0.0784333 0.0396925 0.0981937 0.0769809 0.0709885 0.1120724 0.1134910 0.0527052 0.0746795 
Peramelidae_Perameles_nasuta                 0.0962989 0.1052604 0.0934279 0.0961115 0.0965180 0.1141642 0.0999683 0.0947095 0.1012807 0.0000000 0.0956770 0.1241153 0.1156606 0.0962760 0.0952962 0.1203954 0.1138647 0.1165670 0.0234425 0.1049038 0.0986586 0.1266793 0.1233657 0.1167974 0.1097204 0.0984341 0.1024054 0.1038286 0.1218161 0.0876183 0.0944726 0.1126039 0.0018471 0.0648573 0.0236538 
Phalangeridae_Strigocuscus_pelengensis       0.0658387 0.1070517 0.0689674 0.0674336 0.0663273 0.1021507 0.0318180 0.0150121 0.0737641 0.0956770 0.0000000 0.1080964 0.1038957 0.0163509 0.0701748 0.1071786 0.1010703 0.1048894 0.1039326 0.0693081 0.0785325 0.1206689 0.1178031 0.1050762 0.0761546 0.0901295 0.0769705 0.0732881 0.0951246 0.0674512 0.0176532 0.1029399 0.1019906 0.0491509 0.0688189 
Dasyuridae_Phascogale_tapoatafa              0.1116846 0.1238486 0.1064964 0.1126164 0.1130393 0.0230133 0.1177153 0.1090046 0.1189120 0.1241153 0.1080964 0.0000000 0.0291317 0.1108442 0.1098010 0.0085483 0.0235264 0.0290412 0.1280593 0.1154637 0.1195901 0.1447442 0.1351510 0.0093832 0.1236511 0.0993623 0.1132445 0.1204928 0.1290130 0.0979571 0.1083361 0.0216712 0.1315163 0.0895631 0.0962248 
Dasyuridae_Sminthopsis_macroura              0.0997611 0.1201321 0.0947464 0.1092134 0.1096158 0.0239273 0.1119223 0.1023257 0.1148020 0.1156606 0.1038957 0.0291317 0.0000000 0.1054927 0.0985024 0.0301974 0.0239710 0.0201731 0.1177794 0.1124393 0.1088160 0.1351379 0.1334007 0.0256575 0.1171119 0.0932887 0.1059968 0.1150262 0.1220845 0.0903734 0.1041912 0.0226537 0.1219511 0.0779697 0.0862948 
Phalangeridae_Phalanger_orientalis           0.0642587 0.1058113 0.0673171 0.0671590 0.0660415 0.1021425 0.0299775 0.0104924 0.0730182 0.0962760 0.0163509 0.1108442 0.1054927 0.0000000 0.0723524 0.1088723 0.1016110 0.1064561 0.1051308 0.0714345 0.0773325 0.1249296 0.1203953 0.1076165 0.0770925 0.0895819 0.0759278 0.0718639 0.0946267 0.0664362 0.0045706 0.1031423 0.1028101 0.0453261 0.0690493 
Acrobatidae_Acrobates_pygmaeus               0.0689392 0.1060570 0.0689852 0.0750054 0.0732393 0.0978688 0.0746538 0.0711920 0.0804488 0.0952962 0.0701748 0.1098010 0.0985024 0.0723524 0.0000000 0.1057090 0.0984688 0.0992482 0.1036182 0.0799911 0.0622794 0.1253624 0.1188903 0.1030992 0.0817551 0.0882570 0.0673843 0.0793139 0.0817590 0.0455367 0.0708748 0.0999530 0.1025866 0.0434433 0.0646722 
Dasyuridae_Phascogale_calura                 0.1071897 0.1233595 0.1037983 0.1107854 0.1111933 0.0224972 0.1167154 0.1061115 0.1172537 0.1203954 0.1071786 0.0085483 0.0301974 0.1088723 0.1057090 0.0000000 0.0221105 0.0311828 0.1236689 0.1135450 0.1180339 0.1404602 0.1345178 0.0099253 0.1202997 0.0978277 0.1120530 0.1165581 0.1224903 0.0947211 0.1065371 0.0212194 0.1270464 0.0845329 0.0842315 
Dasyuridae_Sarcophilus_harrisii              0.0983747 0.1168466 0.0943529 0.1022630 0.1026721 0.0066787 0.1082031 0.0995037 0.1089616 0.1138647 0.1010703 0.0235264 0.0239710 0.1016110 0.0984688 0.0221105 0.0000000 0.0239949 0.1179100 0.1048397 0.1071347 0.1332973 0.1248395 0.0207399 0.1109828 0.0887784 0.1036455 0.1073632 0.1194865 0.0863885 0.1003310 0.0067052 0.1219109 0.0750130 0.0798040 
Dasyuridae_Planigale_tenuirostris            0.1004846 0.1199146 0.0950458 0.1050084 0.1047665 0.0248995 0.1127841 0.1039675 0.1124119 0.1165670 0.1048894 0.0290412 0.0201731 0.1064561 0.0992482 0.0311828 0.0239949 0.0000000 0.1215505 0.1075099 0.1094583 0.1410552 0.1342935 0.0273739 0.1135066 0.0928401 0.1054801 0.1125456 0.1231742 0.0899228 0.1056706 0.0244480 0.1234683 0.0688779 0.0797543 
Peramelidae_Echymipera_kalubu                0.1028913 0.1136691 0.1010568 0.1107005 0.1110969 0.1182383 0.1086834 0.1049739 0.1131935 0.0234425 0.1039326 0.1280593 0.1177794 0.1051308 0.1036182 0.1236689 0.1179100 0.1215505 0.0000000 0.1138289 0.1044654 0.1403790 0.1301608 0.1230632 0.1180284 0.1031966 0.1094264 0.1150327 0.1270387 0.0984122 0.1044819 0.1185200 0.0229540 0.0617316 0.0195747 
Macropodidae_Dorcopsulus_vanheurni           0.0705309 0.1079713 0.0726593 0.0319132 0.0309605 0.1064564 0.0758656 0.0704829 0.0363511 0.1049038 0.0693081 0.1154637 0.1124393 0.0714345 0.0799911 0.1135450 0.1048397 0.1075099 0.1138289 0.0000000 0.0814149 0.1272897 0.1184330 0.1124624 0.0668072 0.0902213 0.0791197 0.0229482 0.0965456 0.0726177 0.0704239 0.1078354 0.1151791 0.0582803 0.0759269 
Pseudochiridae_Pseudochirulus_forbesi        0.0747504 0.1080287 0.0791511 0.0791115 0.0783725 0.1079978 0.0826481 0.0772544 0.0827942 0.0986586 0.0785325 0.1195901 0.1088160 0.0773325 0.0622794 0.1180339 0.1071347 0.1094583 0.1044654 0.0814149 0.0000000 0.1294832 0.1217376 0.1160745 0.0873722 0.0941437 0.0499290 0.0838632 0.0854345 0.0577033 0.0761542 0.1090752 0.1078203 0.0186677 0.0683195 
Didelphidae_Didelphis_virginiana             0.1229117 0.1356868 0.1177620 0.1231836 0.1222533 0.1342840 0.1254207 0.1201692 0.1318698 0.1266793 0.1206689 0.1447442 0.1351379 0.1249296 0.1253624 0.1404602 0.1332973 0.1410552 0.1403790 0.1272897 0.1294832 0.0000000 0.0377286 0.1410003 0.1336723 0.1121666 0.1237971 0.1271484 0.1505969 0.1112121 0.1237421 0.1344158 0.1384026 0.0835816 0.0866694 
Marmosidae_Monodelphis_domestica             0.1148332 0.1307726 0.1133579 0.1126125 0.1122772 0.1260871 0.1227209 0.1180156 0.1211121 0.1233657 0.1178031 0.1351510 0.1334007 0.1203953 0.1188903 0.1345178 0.1248395 0.1342935 0.1301608 0.1184330 0.1217376 0.0377286 0.0000000 0.1364827 0.1269767 0.1046932 0.1193003 0.1180553 0.1417188 0.1026993 0.1192738 0.1264927 0.1297522 0.0785734 0.0829752 
Dasyuridae_Antechinus_stuartii               0.1060427 0.1187814 0.1038256 0.1097537 0.1102188 0.0202479 0.1130979 0.1053640 0.1166604 0.1167974 0.1050762 0.0093832 0.0256575 0.1076165 0.1030992 0.0099253 0.0207399 0.0273739 0.1230632 0.1124624 0.1160745 0.1410003 0.1364827 0.0000000 0.1209670 0.0983456 0.1094442 0.1161157 0.1227396 0.0908554 0.1052907 0.0198397 0.1250274 0.0807277 0.0867880 
Hypsiprymnodontidae_Hypsiprymnodon_moschatus 0.0776911 0.1102551 0.0771956 0.0619959 0.0613021 0.1127154 0.0783956 0.0755321 0.0646030 0.1097204 0.0761546 0.1236511 0.1171119 0.0770925 0.0817551 0.1202997 0.1109828 0.1135066 0.1180284 0.0668072 0.0873722 0.1336723 0.1269767 0.1209670 0.0000000 0.0941380 0.0833416 0.0710191 0.1031539 0.0775644 0.0770707 0.1142283 0.1190460 0.0717040 0.0913472 
Microbiotheriidae_Dromiciops_gliroides       0.0837650 0.0987085 0.0783171 0.0877727 0.0876409 0.0898017 0.0924493 0.0898047 0.0940133 0.0984341 0.0901295 0.0993623 0.0932887 0.0895819 0.0882570 0.0978277 0.0887784 0.0928401 0.1031966 0.0902213 0.0941437 0.1121666 0.1046932 0.0983456 0.0941380 0.0000000 0.0898151 0.0921438 0.1098548 0.0769025 0.0884887 0.0905538 0.1021932 0.0555956 0.0643548 
Pseudochiridae_Petauroides_volans            0.0684246 0.1033148 0.0711420 0.0763678 0.0751846 0.1022491 0.0773548 0.0740926 0.0784333 0.1024054 0.0769705 0.1132445 0.1059968 0.0759278 0.0673843 0.1120530 0.1036455 0.1054801 0.1094264 0.0791197 0.0499290 0.1237971 0.1193003 0.1094442 0.0833416 0.0898151 0.0000000 0.0820247 0.0812004 0.0594636 0.0733243 0.1036240 0.1091645 0.0186660 0.0629424 
Macropodidae_Wallabia_bicolor                0.0737499 0.1110323 0.0698500 0.0338608 0.0333339 0.1089935 0.0766234 0.0712784 0.0396925 0.1038286 0.0732881 0.1204928 0.1150262 0.0718639 0.0793139 0.1165581 0.1073632 0.1125456 0.1150327 0.0229482 0.0838632 0.1271484 0.1180553 0.1161157 0.0710191 0.0921438 0.0820247 0.0000000 0.0987992 0.0700841 0.0708464 0.1103955 0.1148103 0.0481119 0.0707782 
Tarsipedidae_Tarsipes_rostratus              0.0923613 0.1256705 0.0941208 0.0945213 0.0932168 0.1200835 0.0988344 0.0925185 0.0981937 0.1218161 0.0951246 0.1290130 0.1220845 0.0946267 0.0817590 0.1224903 0.1194865 0.1231742 0.1270387 0.0965456 0.0854345 0.1505969 0.1417188 0.1227396 0.1031539 0.1098548 0.0812004 0.0987992 0.0000000 0.0756567 0.0925584 0.1227058 0.1297427 0.0592190 0.0875786 
Acrobatidae_Distoechurus_pennatus            0.0653007 0.0933886 0.0687773 0.0701347 0.0696098 0.0883082 0.0715393 0.0652203 0.0769809 0.0876183 0.0674512 0.0979571 0.0903734 0.0664362 0.0455367 0.0947211 0.0863885 0.0899228 0.0984122 0.0726177 0.0577033 0.1112121 0.1026993 0.0908554 0.0775644 0.0769025 0.0594636 0.0700841 0.0756567 0.0000000 0.0658268 0.0893223 0.0932366 0.0414195 0.0732519 
Phalangeridae_Phalanger_carmelitae           0.0631507 0.1050546 0.0666502 0.0651534 0.0640450 0.1009138 0.0286176 0.0117508 0.0709885 0.0944726 0.0176532 0.1083361 0.1041912 0.0045706 0.0708748 0.1065371 0.1003310 0.1056706 0.1044819 0.0704239 0.0761542 0.1237421 0.1192738 0.1052907 0.0770707 0.0884887 0.0733243 0.0708464 0.0925584 0.0658268 0.0000000 0.1018520 0.1021608 0.0433605 0.0667428 
Dasyuridae_Dasyurus_geffroii                 0.1002659 0.1187368 0.0961970 0.1052773 0.1056847 0.0054297 0.1097120 0.1009766 0.1120724 0.1126039 0.1029399 0.0216712 0.0226537 0.1031423 0.0999530 0.0212194 0.0067052 0.0244480 0.1185200 0.1078354 0.1090752 0.1344158 0.1264927 0.0198397 0.1142283 0.0905538 0.1036240 0.1103955 0.1227058 0.0893223 0.1018520 0.0000000 0.1202334 0.0779556 0.0822592 
Peramelidae_Perameles_gunnii                 0.1030124 0.1130944 0.1006928 0.1070329 0.1085483 0.1211478 0.1072063 0.1014394 0.1134910 0.0018471 0.1019906 0.1315163 0.1219511 0.1028101 0.1025866 0.1270464 0.1219109 0.1234683 0.0229540 0.1151791 0.1078203 0.1384026 0.1297522 0.1250274 0.1190460 0.1021932 0.1091645 0.1148103 0.1297427 0.0932366 0.1021608 0.1202334 0.0000000 0.0649726 0.0234171 
Pseudochiridae_Pseudocheirus_occidentalis    0.0539507 0.0677504 0.0548475 0.0486606 0.0496594 0.0762420 0.0580709 0.0475845 0.0527052 0.0648573 0.0491509 0.0895631 0.0779697 0.0453261 0.0434433 0.0845329 0.0750130 0.0688779 0.0617316 0.0582803 0.0186677 0.0835816 0.0785734 0.0807277 0.0717040 0.0555956 0.0186660 0.0481119 0.0592190 0.0414195 0.0433605 0.0779556 0.0649726 0.0000000 0.0644358 
Peramelidae_Peroryctes_raffrayana            0.0734158 0.0794248 0.0687027 0.0703927 0.0712412 0.0829028 0.0773348 0.0679560 0.0746795 0.0236538 0.0688189 0.0962248 0.0862948 0.0690493 0.0646722 0.0842315 0.0798040 0.0797543 0.0195747 0.0759269 0.0683195 0.0866694 0.0829752 0.0867880 0.0913472 0.0643548 0.0629424 0.0707782 0.0875786 0.0732519 0.0667428 0.0822592 0.0234171 0.0644358 0.0000000 
