35
Burramyidae_Burramys_parvus                  0.0000000 0.0780403 0.0534258 0.0596377 0.0575521 0.0806313 0.0349217 0.0395658 0.0558513 0.0879032 0.0464963 0.0809245 0.0755292 0.0488522 0.0634672 0.0817644 0.0800973 0.0756815 0.0793646 0.0532839 0.0665450 0.1051640 0.0998767 0.0788160 0.0496536 0.0707740 0.0568042 0.0549134 0.0290250 0.0753238 0.0541852 0.0412452 0.0877643 0.0821560 0.0674976 
Notoryctidae_Notoryctes_typhlops             0.0780403 0.0000000 0.0796627 0.0888953 0.0872071 0.0841734 0.0524622 0.0700798 0.0869399 0.0952512 0.0760453 0.0885428 0.0848806 0.0791115 0.0900513 0.0869150 0.0864240 0.0833876 0.0882055 0.0842796 0.0917486 0.1068272 0.1040602 0.0846199 0.0754370 0.0803968 0.0824158 0.0869214 0.0453965 0.1014002 0.0878946 0.0723953 0.0968924 0.0909257 0.0701798 
Vombatidae_Lasiorhinus_latifrons             0.0534258 0.0796627 0.0000000 0.0651733 0.0640512 0.0776728 0.0363009 0.0441513 0.0638763 0.0921178 0.0503009 0.0808530 0.0787144 0.0498157 0.0654970 0.0794581 0.0779669 0.0745069 0.0826296 0.0602356 0.0689363 0.1060344 0.1035987 0.0808093 0.0535333 0.0741568 0.0625570 0.0611935 0.0564120 0.0771250 0.0586733 0.0437311 0.0891452 0.0784145 0.0665162 
Potoroidae_Bettongia_penicillata             0.0596377 0.0888953 0.0651733 0.0000000 0.0033166 0.0866842 0.0469140 0.0434867 0.0132890 0.1050578 0.0520400 0.0868425 0.0827251 0.0542062 0.0680499 0.0846661 0.0878034 0.0814064 0.0951370 0.0226699 0.0746724 0.1187140 0.1100152 0.0844413 0.0330206 0.0776717 0.0648627 0.0217783 0.0733426 0.0801539 0.0620265 0.0450912 0.1002134 0.0863710 0.0821277 
Potoroidae_Bettongia_lesueur                 0.0575521 0.0872071 0.0640512 0.0033166 0.0000000 0.0856005 0.0472891 0.0427793 0.0130342 0.1047319 0.0515909 0.0856703 0.0816461 0.0541321 0.0674387 0.0835701 0.0867153 0.0810318 0.0935519 0.0223567 0.0741765 0.1167055 0.1095229 0.0833324 0.0323617 0.0760256 0.0641241 0.0215791 0.0798194 0.0805620 0.0613132 0.0450660 0.0992785 0.0852830 0.0816756 
Dasyuridae_Dasyurus_maculatus                0.0806313 0.0841734 0.0776728 0.0866842 0.0856005 0.0000000 0.0552471 0.0690953 0.0856361 0.0983355 0.0731329 0.0125930 0.0138347 0.0752361 0.0873587 0.0127331 0.0039170 0.0140640 0.0895064 0.0834581 0.0905410 0.1154215 0.1101038 0.0119747 0.0698158 0.0743451 0.0816705 0.0838916 0.0351405 0.0954257 0.0840125 0.0654891 0.0939933 0.0055179 0.0776283 
Phalangeridae_Trichosurus_vulpecula          0.0349217 0.0524622 0.0363009 0.0469140 0.0472891 0.0552471 0.0000000 0.0104777 0.0428214 0.0620183 0.0101999 0.0556130 0.0543706 0.0114467 0.0441894 0.0567601 0.0571661 0.0526954 0.0616420 0.0417100 0.0406079 0.0773489 0.0728212 0.0534922 0.0335809 0.0479582 0.0375139 0.0442889 0.0160453 0.0589337 0.0347559 0.0100895 0.0635230 0.0576917 0.0623078 
Phalangeridae_Spilocuscus_maculatus          0.0395658 0.0700798 0.0441513 0.0434867 0.0427793 0.0690953 0.0104777 0.0000000 0.0428879 0.0801576 0.0119954 0.0693285 0.0659434 0.0140218 0.0490654 0.0681824 0.0697020 0.0652058 0.0718430 0.0418058 0.0487462 0.0925296 0.0902308 0.0663372 0.0348560 0.0630073 0.0418364 0.0423548 0.0153063 0.0545334 0.0425659 0.0056700 0.0779291 0.0701825 0.0573011 
Potoroidae_Aepyprymnus_rufescens             0.0558513 0.0869399 0.0638763 0.0132890 0.0130342 0.0856361 0.0428214 0.0428879 0.0000000 0.0984379 0.0504317 0.0846155 0.0816838 0.0524994 0.0670599 0.0832320 0.0867505 0.0795694 0.0909967 0.0205172 0.0729109 0.1110155 0.1064159 0.0837577 0.0297341 0.0762408 0.0628927 0.0207402 0.0424714 0.0764779 0.0590866 0.0441543 0.0955127 0.0853190 0.0745538 
Peramelidae_Perameles_nasuta                 0.0879032 0.0952512 0.0921178 0.1050578 0.1047319 0.0983355 0.0620183 0.0801576 0.0984379 0.0000000 0.0884885 0.0993803 0.0959197 0.0905108 0.1005560 0.1000213 0.0991657 0.0944808 0.0085425 0.1008819 0.0976070 0.1233272 0.1201263 0.0975543 0.0850118 0.0900837 0.0937586 0.1030745 0.0344012 0.1081704 0.0960769 0.0790536 0.0095042 0.1041534 0.0011617 
Phalangeridae_Strigocuscus_pelengensis       0.0464963 0.0760453 0.0503009 0.0520400 0.0515909 0.0731329 0.0101999 0.0119954 0.0504317 0.0884885 0.0000000 0.0772005 0.0718700 0.0084089 0.0583512 0.0760941 0.0733705 0.0679282 0.0815306 0.0479536 0.0549709 0.1042589 0.1000563 0.0738038 0.0431550 0.0707183 0.0484479 0.0485307 0.0178641 0.0643965 0.0494503 0.0109850 0.0857719 0.0749815 0.0586954 
Dasyuridae_Phascogale_tapoatafa              0.0809245 0.0885428 0.0808530 0.0868425 0.0856703 0.0125930 0.0556130 0.0693285 0.0846155 0.0993803 0.0772005 0.0000000 0.0164914 0.0782695 0.0856248 0.0013155 0.0119123 0.0167956 0.0918290 0.0811066 0.0935275 0.1151946 0.1095198 0.0064345 0.0692806 0.0803163 0.0840581 0.0807337 0.0496253 0.0962068 0.0838013 0.0679209 0.0947643 0.0143356 0.0814289 
Dasyuridae_Sminthopsis_macroura              0.0755292 0.0848806 0.0787144 0.0827251 0.0816461 0.0138347 0.0543706 0.0659434 0.0816838 0.0959197 0.0718700 0.0164914 0.0000000 0.0724548 0.0870636 0.0163158 0.0145872 0.0089332 0.0860785 0.0802209 0.0881006 0.1185409 0.1134414 0.0143484 0.0643732 0.0751559 0.0793486 0.0807204 0.0315838 0.0945381 0.0824203 0.0632292 0.0896904 0.0158054 0.0763009 
Phalangeridae_Phalanger_orientalis           0.0488522 0.0791115 0.0498157 0.0542062 0.0541321 0.0752361 0.0114467 0.0140218 0.0524994 0.0905108 0.0084089 0.0782695 0.0724548 0.0000000 0.0619244 0.0768237 0.0751099 0.0708660 0.0830608 0.0519792 0.0563852 0.1053156 0.1021372 0.0758293 0.0454565 0.0701441 0.0503271 0.0520545 0.0128775 0.0656853 0.0517319 0.0107816 0.0879301 0.0767472 0.0602915 
Acrobatidae_Acrobates_pygmaeus               0.0634672 0.0900513 0.0654970 0.0680499 0.0674387 0.0873587 0.0441894 0.0490654 0.0670599 0.1005560 0.0583512 0.0856248 0.0870636 0.0619244 0.0000000 0.0862276 0.0882607 0.0849047 0.0947284 0.0672687 0.0692994 0.1099403 0.1126555 0.0867188 0.0624499 0.0758906 0.0562032 0.0670655 0.0395401 0.0740299 0.0334541 0.0504639 0.1015865 0.0895644 0.0829081 
Dasyuridae_Phascogale_calura                 0.0817644 0.0869150 0.0794581 0.0846661 0.0835701 0.0127331 0.0567601 0.0681824 0.0832320 0.1000213 0.0760941 0.0013155 0.0163158 0.0768237 0.0862276 0.0000000 0.0120711 0.0165179 0.0921279 0.0786159 0.0929032 0.1160668 0.1098953 0.0064734 0.0676113 0.0789511 0.0838076 0.0799255 0.0517251 0.0958846 0.0828368 0.0675227 0.0953326 0.0144607 0.0825481 
Dasyuridae_Sarcophilus_harrisii              0.0800973 0.0864240 0.0779669 0.0878034 0.0867153 0.0039170 0.0571661 0.0697020 0.0867505 0.0991657 0.0733705 0.0119123 0.0145872 0.0751099 0.0882607 0.0120711 0.0000000 0.0150831 0.0906548 0.0841608 0.0923814 0.1171461 0.1113041 0.0117727 0.0708141 0.0768710 0.0835140 0.0849956 0.0390340 0.0965792 0.0839700 0.0657340 0.0943788 0.0051272 0.0802808 
Dasyuridae_Planigale_tenuirostris            0.0756815 0.0833876 0.0745069 0.0814064 0.0810318 0.0140640 0.0526954 0.0652058 0.0795694 0.0944808 0.0679282 0.0167956 0.0089332 0.0708660 0.0849047 0.0165179 0.0150831 0.0000000 0.0849916 0.0774744 0.0867810 0.1141214 0.1084965 0.0160074 0.0623831 0.0762055 0.0788125 0.0787872 0.0378958 0.0933118 0.0777969 0.0624338 0.0877762 0.0163379 0.0745059 
Peramelidae_Echymipera_kalubu                0.0793646 0.0882055 0.0826296 0.0951370 0.0935519 0.0895064 0.0616420 0.0718430 0.0909967 0.0085425 0.0815306 0.0918290 0.0860785 0.0830608 0.0947284 0.0921279 0.0906548 0.0849916 0.0000000 0.0917562 0.0933061 0.1133022 0.1128405 0.0879920 0.0780569 0.0810293 0.0882538 0.0925546 0.0335166 0.0988617 0.0878250 0.0712123 0.0085135 0.0942295 0.0058518 
Macropodidae_Dorcopsulus_vanheurni           0.0532839 0.0842796 0.0602356 0.0226699 0.0223567 0.0834581 0.0417100 0.0418058 0.0205172 0.1008819 0.0479536 0.0811066 0.0802209 0.0519792 0.0672687 0.0786159 0.0841608 0.0774744 0.0917562 0.0000000 0.0659845 0.1060466 0.1048186 0.0798267 0.0293065 0.0709171 0.0575979 0.0095524 0.0473129 0.0750114 0.0571037 0.0438656 0.0968006 0.0831238 0.0770527 
Pseudochiridae_Pseudochirulus_forbesi        0.0665450 0.0917486 0.0689363 0.0746724 0.0741765 0.0905410 0.0406079 0.0487462 0.0729109 0.0976070 0.0549709 0.0935275 0.0881006 0.0563852 0.0692994 0.0929032 0.0923814 0.0867810 0.0933061 0.0659845 0.0000000 0.1217956 0.1230466 0.0935145 0.0595599 0.0846815 0.0371219 0.0684064 0.0060303 0.0701005 0.0602099 0.0479049 0.0997539 0.0925328 0.0675890 
Didelphidae_Didelphis_virginiana             0.1051640 0.1068272 0.1060344 0.1187140 0.1167055 0.1154215 0.0773489 0.0925296 0.1110155 0.1233272 0.1042589 0.1151946 0.1185409 0.1053156 0.1099403 0.1160668 0.1171461 0.1141214 0.1133022 0.1060466 0.1217956 0.0000000 0.0232775 0.1169865 0.0969432 0.1035280 0.1114913 0.1105020 0.0534855 0.1256198 0.1115689 0.0943906 0.1196019 0.1207732 0.0940992 
Marmosidae_Monodelphis_domestica             0.0998767 0.1040602 0.1035987 0.1100152 0.1095229 0.1101038 0.0728212 0.0902308 0.1064159 0.1201263 0.1000563 0.1095198 0.1134414 0.1021372 0.1126555 0.1098953 0.1113041 0.1084965 0.1128405 0.1048186 0.1230466 0.0232775 0.0000000 0.1112372 0.0966476 0.1024964 0.1119352 0.1068805 0.0589832 0.1208435 0.1096049 0.0904386 0.1150195 0.1153425 0.0962430 
Dasyuridae_Antechinus_stuartii               0.0788160 0.0846199 0.0808093 0.0844413 0.0833324 0.0119747 0.0534922 0.0663372 0.0837577 0.0975543 0.0738038 0.0064345 0.0143484 0.0758293 0.0867188 0.0064734 0.0117727 0.0160074 0.0879920 0.0798267 0.0935145 0.1169865 0.1112372 0.0000000 0.0671169 0.0753751 0.0815991 0.0822424 0.0437881 0.0965892 0.0818978 0.0664530 0.0931416 0.0141818 0.0772829 
Hypsiprymnodontidae_Hypsiprymnodon_moschatus 0.0496536 0.0754370 0.0535333 0.0330206 0.0323617 0.0698158 0.0335809 0.0348560 0.0297341 0.0850118 0.0431550 0.0692806 0.0643732 0.0454565 0.0624499 0.0676113 0.0708141 0.0623831 0.0780569 0.0293065 0.0595599 0.0969432 0.0966476 0.0671169 0.0000000 0.0661219 0.0531229 0.0289824 0.0306750 0.0685671 0.0516856 0.0386005 0.0825358 0.0694435 0.0623934 
Microbiotheriidae_Dromiciops_gliroides       0.0707740 0.0803968 0.0741568 0.0776717 0.0760256 0.0743451 0.0479582 0.0630073 0.0762408 0.0900837 0.0707183 0.0803163 0.0751559 0.0701441 0.0758906 0.0789511 0.0768710 0.0762055 0.0810293 0.0709171 0.0846815 0.1035280 0.1024964 0.0753751 0.0661219 0.0000000 0.0763917 0.0741658 0.0393317 0.0918584 0.0736624 0.0643938 0.0870510 0.0793263 0.0651716 
Pseudochiridae_Petauroides_volans            0.0568042 0.0824158 0.0625570 0.0648627 0.0641241 0.0816705 0.0375139 0.0418364 0.0628927 0.0937586 0.0484479 0.0840581 0.0793486 0.0503271 0.0562032 0.0838076 0.0835140 0.0788125 0.0882538 0.0575979 0.0371219 0.1114913 0.1119352 0.0815991 0.0531229 0.0763917 0.0000000 0.0584995 0.0148168 0.0600397 0.0514946 0.0433910 0.0920518 0.0852619 0.0691953 
Macropodidae_Wallabia_bicolor                0.0549134 0.0869214 0.0611935 0.0217783 0.0215791 0.0838916 0.0442889 0.0423548 0.0207402 0.1030745 0.0485307 0.0807337 0.0807204 0.0520545 0.0670655 0.0799255 0.0849956 0.0787872 0.0925546 0.0095524 0.0684064 0.1105020 0.1068805 0.0822424 0.0289824 0.0741658 0.0584995 0.0000000 0.0521852 0.0751990 0.0584712 0.0443222 0.0986945 0.0835688 0.0798136 
Pseudochiridae_Pseudocheirus_occidentalis    0.0290250 0.0453965 0.0564120 0.0733426 0.0798194 0.0351405 0.0160453 0.0153063 0.0424714 0.0344012 0.0178641 0.0496253 0.0315838 0.0128775 0.0395401 0.0517251 0.0390340 0.0378958 0.0335166 0.0473129 0.0060303 0.0534855 0.0589832 0.0437881 0.0306750 0.0393317 0.0148168 0.0521852 0.0000000 0.0294636 0.0232742 0.0118965 0.0463805 0.0433379 0.0334912 
Tarsipedidae_Tarsipes_rostratus              0.0753238 0.1014002 0.0771250 0.0801539 0.0805620 0.0954257 0.0589337 0.0545334 0.0764779 0.1081704 0.0643965 0.0962068 0.0945381 0.0656853 0.0740299 0.0958846 0.0965792 0.0933118 0.0988617 0.0750114 0.0701005 0.1256198 0.1208435 0.0965892 0.0685671 0.0918584 0.0600397 0.0751990 0.0294636 0.0000000 0.0689100 0.0575395 0.1057062 0.0967561 0.0844268 
Acrobatidae_Distoechurus_pennatus            0.0541852 0.0878946 0.0586733 0.0620265 0.0613132 0.0840125 0.0347559 0.0425659 0.0590866 0.0960769 0.0494503 0.0838013 0.0824203 0.0517319 0.0334541 0.0828368 0.0839700 0.0777969 0.0878250 0.0571037 0.0602099 0.1115689 0.1096049 0.0818978 0.0516856 0.0736624 0.0514946 0.0584712 0.0232742 0.0689100 0.0000000 0.0459769 0.0957599 0.0847489 0.0672224 
Phalangeridae_Phalanger_carmelitae           0.0412452 0.0723953 0.0437311 0.0450912 0.0450660 0.0654891 0.0100895 0.0056700 0.0441543 0.0790536 0.0109850 0.0679209 0.0632292 0.0107816 0.0504639 0.0675227 0.0657340 0.0624338 0.0712123 0.0438656 0.0479049 0.0943906 0.0904386 0.0664530 0.0386005 0.0643938 0.0433910 0.0443222 0.0118965 0.0575395 0.0459769 0.0000000 0.0742761 0.0668852 0.0570781 
Peramelidae_Peroryctes_raffrayana            0.0877643 0.0968924 0.0891452 0.1002134 0.0992785 0.0939933 0.0635230 0.0779291 0.0955127 0.0095042 0.0857719 0.0947643 0.0896904 0.0879301 0.1015865 0.0953326 0.0943788 0.0877762 0.0085135 0.0968006 0.0997539 0.1196019 0.1150195 0.0931416 0.0825358 0.0870510 0.0920518 0.0986945 0.0463805 0.1057062 0.0957599 0.0742761 0.0000000 0.0989331 0.0083805 
Dasyuridae_Dasyurus_geffroii                 0.0821560 0.0909257 0.0784145 0.0863710 0.0852830 0.0055179 0.0576917 0.0701825 0.0853190 0.1041534 0.0749815 0.0143356 0.0158054 0.0767472 0.0895644 0.0144607 0.0051272 0.0163379 0.0942295 0.0831238 0.0925328 0.1207732 0.1153425 0.0141818 0.0694435 0.0793263 0.0852619 0.0835688 0.0433379 0.0967561 0.0847489 0.0668852 0.0989331 0.0000000 0.0809287 
Peramelidae_Perameles_gunnii                 0.0674976 0.0701798 0.0665162 0.0821277 0.0816756 0.0776283 0.0623078 0.0573011 0.0745538 0.0011617 0.0586954 0.0814289 0.0763009 0.0602915 0.0829081 0.0825481 0.0802808 0.0745059 0.0058518 0.0770527 0.0675890 0.0940992 0.0962430 0.0772829 0.0623934 0.0651716 0.0691953 0.0798136 0.0334912 0.0844268 0.0672224 0.0570781 0.0083805 0.0809287 0.0000000 
