39
Burramyidae_Burramys_parvus                  0.0000000 0.1418569 0.0830586 0.0913846 0.0909431 0.1352231 0.0656580 0.0701079 0.0912854 0.1599751 0.0708944 0.1301080 0.1202158 0.1264197 0.1202158 0.0769297 0.0845981 0.1255048 0.1254704 0.1320971 0.1570593 0.0865179 0.0932509 0.2464554 0.2309306 0.1180064 0.0810190 0.1025134 0.0892675 0.0864841 0.0864182 0.1207852 0.0789026 0.0643969 0.1565903 0.1220397 0.1569070 0.2694736 0.2694736 
Notoryctidae_Notoryctes_typhlops             0.1418569 0.0000000 0.1626944 0.1630777 0.1689229 0.1747133 0.1408831 0.1454994 0.1631259 0.1855022 0.1110523 0.1777310 0.1504457 0.1896655 0.1504457 0.1494458 0.1640857 0.1367608 0.1749073 0.2076890 0.1803244 0.1575231 0.1792918 0.2568624 0.2405748 0.1670336 0.1630578 0.1328263 0.1621036 0.1592192 0.1669252 0.1836755 0.1621364 0.1383319 0.1781027 0.1434445 0.1800342 0.3419046 0.3419046 
Vombatidae_Lasiorhinus_latifrons             0.0830586 0.1626944 0.0000000 0.1239306 0.1267209 0.1460414 0.0951615 0.0976785 0.1247547 0.1896855 0.0913175 0.1434438 0.0146761 0.1363579 0.0146761 0.1067368 0.1211324 0.1430979 0.1408439 0.1520712 0.1877839 0.1183898 0.1180596 0.2722275 0.2668616 0.1304192 0.1071586 0.1232794 0.1179249 0.1226180 0.1131863 0.1409749 0.1079910 0.0928427 0.1942023 0.1370884 0.1846543 0.2780960 0.2780960 
Potoroidae_Bettongia_penicillata             0.0913846 0.1630777 0.1239306 0.0000000 0.0041760 0.1499986 0.0894146 0.0918125 0.0123659 0.1992617 0.0901194 0.1615829 0.1725010 0.1579001 0.1725010 0.0997802 0.1132798 0.1414120 0.1560186 0.1583414 0.1943284 0.0312324 0.1210857 0.2591042 0.2554726 0.1428115 0.0595375 0.1315374 0.1134093 0.0316230 0.1088869 0.1439334 0.1130972 0.0880396 0.1908453 0.1426343 0.1875484 0.2716738 0.2716738 
Potoroidae_Bettongia_lesueur                 0.0909431 0.1689229 0.1267209 0.0041760 0.0000000 0.1502944 0.0880272 0.0911159 0.0140094 0.1900169 0.0847043 0.1641454 0.1805722 0.1593989 0.1805722 0.0982339 0.1121754 0.1412729 0.1573089 0.1543232 0.1849142 0.0329543 0.1233538 0.2628843 0.2732450 0.1418860 0.0577520 0.1170394 0.1076666 0.0333449 0.1106530 0.1450904 0.1115872 0.0895025 0.1803727 0.1422005 0.1770246 0.2194634 0.2194634 
Dasyuridae_Dasyurus_maculatus                0.1352231 0.1747133 0.1460414 0.1499986 0.1502944 0.0000000 0.1390746 0.1440030 0.1470123 0.1958449 0.1306607 0.0408219 0.1476174 0.0442510 0.1476174 0.1574139 0.1570971 0.0317770 0.0197308 0.0487143 0.1888988 0.1425083 0.1703935 0.2690754 0.2633956 0.0310717 0.1414235 0.1373765 0.1588618 0.1372162 0.1602963 0.1833564 0.1528190 0.1402603 0.1924585 0.0082639 0.1875117 0.1992675 0.1992675 
Phalangeridae_Trichosurus_vulpecula          0.0656580 0.1408831 0.0951615 0.0894146 0.0880272 0.1390746 0.0000000 0.0239762 0.0901885 0.1628455 0.0291143 0.1406069 0.0879587 0.1344725 0.0879587 0.0339097 0.0917630 0.1263442 0.1353455 0.1418440 0.1647443 0.0837180 0.0927824 0.2257714 0.2091406 0.1245005 0.0760604 0.1042872 0.0865118 0.0845756 0.0841901 0.1254111 0.0821257 0.0272752 0.1662626 0.1239466 0.1602186 0.3198226 0.3198226 
Phalangeridae_Spilocuscus_maculatus          0.0701079 0.1454994 0.0976785 0.0918125 0.0911159 0.1440030 0.0239762 0.0000000 0.0945120 0.1573467 0.0167925 0.1411395 0.0921170 0.1349621 0.0921170 0.0220139 0.0987467 0.1272497 0.1372552 0.1481697 0.1589458 0.0898718 0.0968162 0.2378474 0.2102558 0.1257997 0.0795479 0.1056793 0.0919654 0.0905681 0.0856150 0.1290703 0.0863894 0.0157328 0.1587673 0.1275169 0.1568030 0.3168411 0.3168411 
Potoroidae_Aepyprymnus_rufescens             0.0912854 0.1631259 0.1247547 0.0123659 0.0140094 0.1470123 0.0901885 0.0945120 0.0000000 0.2008685 0.0926276 0.1627833 0.1807200 0.1581934 0.1807200 0.1036116 0.1116653 0.1416647 0.1557038 0.1584743 0.1973784 0.0287389 0.1182897 0.2583356 0.2458351 0.1423526 0.0618426 0.1284139 0.1133042 0.0287063 0.1085423 0.1450555 0.1128653 0.0903044 0.1923360 0.1428790 0.1889757 0.2701276 0.2701276 
Peramelidae_Perameles_nasuta                 0.1599751 0.1855022 0.1896855 0.1992617 0.1900169 0.1958449 0.1628455 0.1573467 0.2008685 0.0000000 0.1407053 0.2007064 0.1402354 0.1983171 0.1402354 0.1705489 0.1880357 0.1689611 0.1896186 0.2272906 0.0464837 0.1914816 0.2025076 0.3009689 0.2921605 0.1870018 0.1796501 0.1528903 0.1956148 0.1883001 0.1912252 0.2139348 0.1884513 0.1469448 0.0465139 0.1675176 0.0196245 0.5479813 0.5479813 
Phalangeridae_Strigocuscus_pelengensis       0.0708944 0.1110523 0.0913175 0.0901194 0.0847043 0.1306607 0.0291143 0.0167925 0.0926276 0.1407053 0.0000000 0.1404352 0.0668932 0.1345994 0.0668932 0.0241645 0.0910284 0.1347285 0.1358615 0.1348616 0.1357247 0.0890816 0.0947927 0.2506501 0.2291966 0.1273794 0.0877003 0.1008118 0.0936303 0.0920109 0.0842787 0.1258906 0.0829469 0.0174559 0.1390534 0.1344581 0.1324736 0.3856706 0.3856706 
Dasyuridae_Phascogale_tapoatafa              0.1301080 0.1777310 0.1434438 0.1615829 0.1641454 0.0408219 0.1406069 0.1411395 0.1627833 0.2007064 0.1404352 0.0000000 0.1893622 0.0440321 0.1893622 0.1567261 0.1724286 0.0090137 0.0346918 0.0501233 0.1994637 0.1572984 0.1696506 0.3032875 0.2870939 0.0210473 0.1454738 0.1425450 0.1577688 0.1531263 0.1611680 0.1879921 0.1587800 0.1417894 0.2059392 0.0327424 0.2015007 0.2267274 0.2267274 
Vombatidae_Vombatus_ursinus1                 0.1202158 0.1504457 0.0146761 0.1725010 0.1805722 0.1476174 0.0879587 0.0921170 0.1807200 0.1402354 0.0668932 0.1893622 0.0000000 0.1369536 0.0000010 0.1661506 0.1142699 0.1644899 0.1442864 0.1349886 0.1216187 0.1465715 0.2031956 0.2362784 0.1437615 0.1477499 0.1424305 0.1142745 0.1513768 0.1529497 0.1460029 0.2092242 0.1036303 0.0991537 0.1263592 0.1437325 0.1338258 9.0000000 9.0000000 
Dasyuridae_Sminthopsis_macroura              0.1264197 0.1896655 0.1363579 0.1579001 0.1593989 0.0442510 0.1344725 0.1349621 0.1581934 0.1983171 0.1345994 0.0440321 0.1369536 0.0000000 0.1369536 0.1533218 0.1629621 0.0427977 0.0411974 0.0291547 0.1953680 0.1516258 0.1669832 0.2825696 0.2605765 0.0378176 0.1427187 0.1357377 0.1570992 0.1475696 0.1626398 0.1763824 0.1491349 0.1395509 0.2054677 0.0373165 0.1991328 0.2127140 0.2127140 
Vombatidae_Vombatus_ursinus2                 0.1202158 0.1504457 0.0146761 0.1725010 0.1805722 0.1476174 0.0879587 0.0921170 0.1807200 0.1402354 0.0668932 0.1893622 0.0000010 0.1369536 0.0000000 0.1661506 0.1142699 0.1644899 0.1442864 0.1349886 0.1216187 0.1465715 0.2031956 0.2362784 0.1437615 0.1477499 0.1424305 0.1142745 0.1513768 0.1529497 0.1460029 0.2092242 0.1036303 0.0991537 0.1263592 0.1437325 0.1338258 9.0000000 9.0000000 
Phalangeridae_Phalanger_orientalis           0.0769297 0.1494458 0.1067368 0.0997802 0.0982339 0.1574139 0.0339097 0.0220139 0.1036116 0.1705489 0.0241645 0.1567261 0.1661506 0.1533218 0.1661506 0.0000000 0.1114186 0.1448934 0.1501567 0.1723377 0.1715391 0.0960096 0.1059137 0.2634023 0.2456118 0.1416317 0.0837444 0.1138213 0.1013891 0.0983430 0.0940699 0.1415004 0.0979402 0.0134274 0.1726755 0.1409085 0.1700235 0.3221042 0.3221042 
Acrobatidae_Acrobates_pygmaeus               0.0845981 0.1640857 0.1211324 0.1132798 0.1121754 0.1570971 0.0917630 0.0987467 0.1116653 0.1880357 0.0910284 0.1724286 0.1142699 0.1629621 0.1142699 0.1114186 0.0000000 0.1571010 0.1694036 0.1801740 0.1831209 0.1062775 0.1044484 0.2647700 0.2591071 0.1557212 0.1068389 0.1259139 0.0888278 0.1108048 0.0943447 0.1251773 0.0584680 0.1006610 0.1837387 0.1557630 0.1800986 0.5451610 0.5451610 
Dasyuridae_Phascogale_calura                 0.1255048 0.1367608 0.1430979 0.1414120 0.1412729 0.0317770 0.1263442 0.1272497 0.1416647 0.1689611 0.1347285 0.0090137 0.1644899 0.0427977 0.1644899 0.1448934 0.1571010 0.0000000 0.0313657 0.0433486 0.1659075 0.1374899 0.1587550 0.2917895 0.2701673 0.0166620 0.1305735 0.1310976 0.1487270 0.1323980 0.1507284 0.1748624 0.1500189 0.1266781 0.1706066 0.0313605 0.1673853 0.2260178 0.2260178 
Dasyuridae_Sarcophilus_harrisii              0.1254704 0.1749073 0.1408439 0.1560186 0.1573089 0.0197308 0.1353455 0.1372552 0.1557038 0.1896186 0.1358615 0.0346918 0.1442864 0.0411974 0.1442864 0.1501567 0.1694036 0.0313657 0.0000000 0.0372034 0.1887321 0.1495720 0.1728745 0.2700478 0.2640361 0.0261600 0.1361339 0.1291307 0.1620146 0.1461873 0.1638291 0.1814579 0.1536356 0.1352181 0.1940806 0.0078368 0.1854970 0.1926171 0.1926171 
Dasyuridae_Planigale_tenuirostris            0.1320971 0.2076890 0.1520712 0.1583414 0.1543232 0.0487143 0.1418440 0.1481697 0.1584743 0.2272906 0.1348616 0.0501233 0.1349886 0.0291547 0.1349886 0.1723377 0.1801740 0.0433486 0.0372034 0.0000000 0.2301533 0.1511463 0.1712897 0.2856441 0.2671644 0.0381425 0.1429560 0.1392190 0.1663469 0.1423448 0.1623057 0.1752344 0.1568640 0.1474680 0.2342447 0.0390048 0.2292521 0.2385381 0.2385381 
Peramelidae_Echymipera_kalubu                0.1570593 0.1803244 0.1877839 0.1943284 0.1849142 0.1888988 0.1647443 0.1589458 0.1973784 0.0464837 0.1357247 0.1994637 0.1216187 0.1953680 0.1216187 0.1715391 0.1831209 0.1659075 0.1887321 0.2301533 0.0000000 0.1828342 0.2035826 0.2883612 0.2639572 0.1863311 0.1792956 0.1569936 0.1996743 0.1832885 0.1924604 0.2227256 0.1830789 0.1493293 0.0347785 0.1621834 0.0339745 0.5257938 0.5257938 
Macropodidae_Dorcopsulus_vanheurni           0.0865179 0.1575231 0.1183898 0.0312324 0.0329543 0.1425083 0.0837180 0.0898718 0.0287389 0.1914816 0.0890816 0.1572984 0.1465715 0.1516258 0.1465715 0.0960096 0.1062775 0.1374899 0.1495720 0.1511463 0.1828342 0.0000000 0.1181436 0.2429680 0.2415139 0.1385523 0.0534556 0.1257194 0.1100821 0.0132637 0.1082561 0.1415440 0.1113923 0.0849467 0.1796913 0.1356851 0.1783301 0.2975821 0.2975821 
Pseudochiridae_Pseudochirulus_forbesi        0.0932509 0.1792918 0.1180596 0.1210857 0.1233538 0.1703935 0.0927824 0.0968162 0.1182897 0.2025076 0.0947927 0.1696506 0.2031956 0.1669832 0.2031956 0.1059137 0.1044484 0.1587550 0.1728745 0.1712897 0.2035826 0.1181436 0.0000000 0.2925082 0.3024878 0.1520201 0.1092175 0.1263001 0.0416168 0.1180177 0.0270306 0.1021643 0.0888056 0.0968465 0.2039484 0.1649147 0.1975576 0.2957077 0.2957077 
Didelphidae_Didelphis_virginiana             0.2464554 0.2568624 0.2722275 0.2591042 0.2628843 0.2690754 0.2257714 0.2378474 0.2583356 0.3009689 0.2506501 0.3032875 0.2362784 0.2825696 0.2362784 0.2634023 0.2647700 0.2917895 0.2700478 0.2856441 0.2883612 0.2429680 0.2925082 0.0000000 0.1022821 0.2743933 0.2372380 0.2488795 0.2797156 0.2482339 0.2545358 0.3102602 0.2652564 0.2269325 0.2922856 0.2664558 0.2952237 0.4670853 0.4670853 
Marmosidae_Monodelphis_domestica             0.2309306 0.2405748 0.2668616 0.2554726 0.2732450 0.2633956 0.2091406 0.2102558 0.2458351 0.2921605 0.2291966 0.2870939 0.1437615 0.2605765 0.1437615 0.2456118 0.2591071 0.2701673 0.2640361 0.2671644 0.2639572 0.2415139 0.3024878 0.1022821 0.0000000 0.2603253 0.2301249 0.2289220 0.2888018 0.2490714 0.2633839 0.3164596 0.2510248 0.2020048 0.2698302 0.2554746 0.2811501 0.4860095 0.4860095 
Dasyuridae_Antechinus_stuartii               0.1180064 0.1670336 0.1304192 0.1428115 0.1418860 0.0310717 0.1245005 0.1257997 0.1423526 0.1870018 0.1273794 0.0210473 0.1477499 0.0378176 0.1477499 0.1416317 0.1557212 0.0166620 0.0261600 0.0381425 0.1863311 0.1385523 0.1520201 0.2743933 0.2603253 0.0000000 0.1274724 0.1265610 0.1463803 0.1351486 0.1450274 0.1724743 0.1437986 0.1226101 0.1928895 0.0246498 0.1872610 0.2138838 0.2138838 
Hypsiprymnodontidae_Hypsiprymnodon_moschatus 0.0810190 0.1630578 0.1071586 0.0595375 0.0577520 0.1414235 0.0760604 0.0795479 0.0618426 0.1796501 0.0877003 0.1454738 0.1424305 0.1427187 0.1424305 0.0837444 0.1068389 0.1305735 0.1361339 0.1429560 0.1792956 0.0534556 0.1092175 0.2372380 0.2301249 0.1274724 0.0000000 0.1201168 0.1002597 0.0562407 0.0990950 0.1376719 0.1002308 0.0713170 0.1792559 0.1257347 0.1735987 0.2837205 0.2837205 
Microbiotheriidae_Dromiciops_gliroides       0.1025134 0.1328263 0.1232794 0.1315374 0.1170394 0.1373765 0.1042872 0.1056793 0.1284139 0.1528903 0.1008118 0.1425450 0.1142745 0.1357377 0.1142745 0.1138213 0.1259139 0.1310976 0.1291307 0.1392190 0.1569936 0.1257194 0.1263001 0.2488795 0.2289220 0.1265610 0.1201168 0.0000000 0.1337261 0.1269840 0.1157336 0.1540679 0.1181686 0.0895069 0.1508646 0.1243672 0.1520625 0.4622573 0.4622573 
Pseudochiridae_Petauroides_volans            0.0892675 0.1621036 0.1179249 0.1134093 0.1076666 0.1588618 0.0865118 0.0919654 0.1133042 0.1956148 0.0936303 0.1577688 0.1513768 0.1570992 0.1513768 0.1013891 0.0888278 0.1487270 0.1620146 0.1663469 0.1996743 0.1100821 0.0416168 0.2797156 0.2888018 0.1463803 0.1002597 0.1337261 0.0000000 0.1096423 0.0325799 0.0981504 0.0787134 0.0832724 0.2017859 0.1514680 0.1928713 0.4067694 0.4067694 
Macropodidae_Wallabia_bicolor                0.0864841 0.1592192 0.1226180 0.0316230 0.0333449 0.1372162 0.0845756 0.0905681 0.0287063 0.1883001 0.0920109 0.1531263 0.1529497 0.1475696 0.1529497 0.0983430 0.1108048 0.1323980 0.1461873 0.1423448 0.1832885 0.0132637 0.1180177 0.2482339 0.2490714 0.1351486 0.0562407 0.1269840 0.1096423 0.0000000 0.1111773 0.1418421 0.1109235 0.0866575 0.1790630 0.1291738 0.1759247 0.2616571 0.2616571 
Pseudochiridae_Pseudocheirus_occidentalis    0.0864182 0.1669252 0.1131863 0.1088869 0.1106530 0.1602963 0.0841901 0.0856150 0.1085423 0.1912252 0.0842787 0.1611680 0.1460029 0.1626398 0.1460029 0.0940699 0.0943447 0.1507284 0.1638291 0.1623057 0.1924604 0.1082561 0.0270306 0.2545358 0.2633839 0.1450274 0.0990950 0.1157336 0.0325799 0.1111773 0.0000000 0.0939657 0.0842856 0.0866318 0.1912878 0.1537111 0.1878871 0.3165941 0.3165941 
Tarsipedidae_Tarsipes_rostratus              0.1207852 0.1836755 0.1409749 0.1439334 0.1450904 0.1833564 0.1254111 0.1290703 0.1450555 0.2139348 0.1258906 0.1879921 0.2092242 0.1763824 0.2092242 0.1415004 0.1251773 0.1748624 0.1814579 0.1752344 0.2227256 0.1415440 0.1021643 0.3102602 0.3164596 0.1724743 0.1376719 0.1540679 0.0981504 0.1418421 0.0939657 0.0000000 0.1233117 0.1210796 0.2228249 0.1730773 0.2222812 0.3373869 0.3373869 
Acrobatidae_Distoechurus_pennatus            0.0789026 0.1621364 0.1079910 0.1130972 0.1115872 0.1528190 0.0821257 0.0863894 0.1128653 0.1884513 0.0829469 0.1587800 0.1036303 0.1491349 0.1036303 0.0979402 0.0584680 0.1500189 0.1536356 0.1568640 0.1830789 0.1113923 0.0888056 0.2652564 0.2510248 0.1437986 0.1002308 0.1181686 0.0787134 0.1109235 0.0842856 0.1233117 0.0000000 0.0845265 0.1846666 0.1489175 0.1844610 0.3417391 0.3417391 
Phalangeridae_Phalanger_carmelitae           0.0643969 0.1383319 0.0928427 0.0880396 0.0895025 0.1402603 0.0272752 0.0157328 0.0903044 0.1469448 0.0174559 0.1417894 0.0991537 0.1395509 0.0991537 0.0134274 0.1006610 0.1266781 0.1352181 0.1474680 0.1493293 0.0849467 0.0968465 0.2269325 0.2020048 0.1226101 0.0713170 0.0895069 0.0832724 0.0866575 0.0866318 0.1210796 0.0845265 0.0000000 0.1504723 0.1243756 0.1468370 0.2305176 0.2305176 
Peramelidae_Peroryctes_raffrayana            0.1565903 0.1781027 0.1942023 0.1908453 0.1803727 0.1924585 0.1662626 0.1587673 0.1923360 0.0465139 0.1390534 0.2059392 0.1263592 0.2054677 0.1263592 0.1726755 0.1837387 0.1706066 0.1940806 0.2342447 0.0347785 0.1796913 0.2039484 0.2922856 0.2698302 0.1928895 0.1792559 0.1508646 0.2017859 0.1790630 0.1912878 0.2228249 0.1846666 0.1504723 0.0000000 0.1704356 0.0274173 0.5388755 0.5388755 
Dasyuridae_Dasyurus_geffroii                 0.1220397 0.1434445 0.1370884 0.1426343 0.1422005 0.0082639 0.1239466 0.1275169 0.1428790 0.1675176 0.1344581 0.0327424 0.1437325 0.0373165 0.1437325 0.1409085 0.1557630 0.0313605 0.0078368 0.0390048 0.1621834 0.1356851 0.1649147 0.2664558 0.2554746 0.0246498 0.1257347 0.1243672 0.1514680 0.1291738 0.1537111 0.1730773 0.1489175 0.1243756 0.1704356 0.0000000 0.1628909 0.2066662 0.2066662 
Peramelidae_Perameles_gunnii                 0.1569070 0.1800342 0.1846543 0.1875484 0.1770246 0.1875117 0.1602186 0.1568030 0.1889757 0.0196245 0.1324736 0.2015007 0.1338258 0.1991328 0.1338258 0.1700235 0.1800986 0.1673853 0.1854970 0.2292521 0.0339745 0.1783301 0.1975576 0.2952237 0.2811501 0.1872610 0.1735987 0.1520625 0.1928713 0.1759247 0.1878871 0.2222812 0.1844610 0.1468370 0.0274173 0.1628909 0.0000000 0.5479813 0.5479813 
Myrmecobiidae_Myrmecobius_fasciatus1         0.2694736 0.3419046 0.2780960 0.2716738 0.2194634 0.1992675 0.3198226 0.3168411 0.2701276 0.5479813 0.3856706 0.2267274 9.0000000 0.2127140 9.0000000 0.3221042 0.5451610 0.2260178 0.1926171 0.2385381 0.5257938 0.2975821 0.2957077 0.4670853 0.4860095 0.2138838 0.2837205 0.4622573 0.4067694 0.2616571 0.3165941 0.3373869 0.3417391 0.2305176 0.5388755 0.2066662 0.5479813 0.0000000 0.0000010 
Myrmecobiidae_Myrmecobius_fasciatus2         0.2694736 0.3419046 0.2780960 0.2716738 0.2194634 0.1992675 0.3198226 0.3168411 0.2701276 0.5479813 0.3856706 0.2267274 9.0000000 0.2127140 9.0000000 0.3221042 0.5451610 0.2260178 0.1926171 0.2385381 0.5257938 0.2975821 0.2957077 0.4670853 0.4860095 0.2138838 0.2837205 0.4622573 0.4067694 0.2616571 0.3165941 0.3373869 0.3417391 0.2305176 0.5388755 0.2066662 0.5479813 0.0000010 0.0000000 
