35
Burramyidae_Burramys_parvus                  0.0000000 0.0996914 0.0605660 0.0828177 0.0843692 0.0790653 0.0496700 0.0545137 0.0806055 0.0994398 0.0601025 0.0787840 0.0744703 0.0495303 0.0725917 0.0732030 0.0828125 0.0965874 0.0924309 0.0845493 0.1301190 0.1281279 0.0783460 0.0671225 0.0741759 0.0802112 0.0825193 0.0482981 0.1022632 0.0857211 0.0895781 0.0445322 0.0408234 0.0439767 0.0357605 
Notoryctidae_Notoryctes_typhlops             0.0996914 0.0000000 0.0750171 0.1006599 0.1009862 0.0833834 0.0877099 0.0832117 0.0993902 0.1104977 0.0922654 0.0794856 0.0755826 0.0865838 0.1011775 0.0784550 0.0863105 0.1096492 0.1121952 0.0984754 0.1245281 0.1203107 0.0873169 0.0763942 0.0840783 0.1011192 0.1005209 0.0816430 0.1170845 0.0818636 0.1030245 0.0527661 0.0463358 0.0638153 0.0510843 
Vombatidae_Lasiorhinus_latifrons             0.0605660 0.0750171 0.0000000 0.0710859 0.0726779 0.0738625 0.0514876 0.0532940 0.0712022 0.0876152 0.0520337 0.0730938 0.0650366 0.0513435 0.0754898 0.0629121 0.0724051 0.0804467 0.0726469 0.0747424 0.1246145 0.1219987 0.0664243 0.0566236 0.0684354 0.0623789 0.0769204 0.0472327 0.0891557 0.0775410 0.0791998 0.0384897 0.0332960 0.0402660 0.0269834 
Potoroidae_Bettongia_penicillata             0.0828177 0.1006599 0.0710859 0.0000000 0.0070718 0.0928826 0.0701005 0.0734793 0.0123236 0.1045754 0.0730556 0.0851631 0.0962851 0.0707133 0.0816788 0.0741168 0.0963886 0.1075557 0.0217369 0.0784755 0.1536012 0.1391957 0.0350171 0.0767781 0.0755643 0.0222754 0.0811188 0.0678955 0.1150703 0.0934809 0.1044153 0.0504996 0.0408621 0.0452433 0.0340583 
Potoroidae_Bettongia_lesueur                 0.0843692 0.1009862 0.0726779 0.0070718 0.0000000 0.0925488 0.0698590 0.0730578 0.0138386 0.1073795 0.0738752 0.0858243 0.0959809 0.0722987 0.0816336 0.0758520 0.0960641 0.1098652 0.0260479 0.0800579 0.1475334 0.1374194 0.0366408 0.0791608 0.0774915 0.0266803 0.0828996 0.0694908 0.1126190 0.0952305 0.1042293 0.0486080 0.0401042 0.0461616 0.0348821 
Dasyuridae_Dasyurus_maculatus                0.0790653 0.0833834 0.0738625 0.0928826 0.0925488 0.0000000 0.0797755 0.0818624 0.0960613 0.0950398 0.0855176 0.0067784 0.0149876 0.0811351 0.0932490 0.0062206 0.0071446 0.0961503 0.1032225 0.0969073 0.1363126 0.1305352 0.0845452 0.0704146 0.0919850 0.0916433 0.1020916 0.0771972 0.0976168 0.0038616 0.0880602 0.0104439 0.0044873 0.0589178 0.0456049 
Phalangeridae_Trichosurus_vulpecula          0.0496700 0.0877099 0.0514876 0.0701005 0.0698590 0.0797755 0.0000000 0.0182456 0.0706995 0.0912158 0.0266196 0.0774714 0.0800047 0.0157082 0.0622332 0.0725293 0.0838785 0.0915664 0.0716720 0.0662176 0.1207859 0.1213091 0.0596271 0.0599594 0.0580540 0.0670116 0.0640368 0.0139363 0.0961362 0.0843887 0.0858200 0.0432133 0.0372579 0.0351935 0.0298213 
Phalangeridae_Spilocuscus_maculatus          0.0545137 0.0832117 0.0532940 0.0734793 0.0730578 0.0818624 0.0182456 0.0000000 0.0738964 0.1013212 0.0231692 0.0840663 0.0794012 0.0112108 0.0704866 0.0798688 0.0893112 0.0985058 0.0767971 0.0718248 0.1239150 0.1217161 0.0668548 0.0600778 0.0570698 0.0704474 0.0692200 0.0079312 0.1070760 0.0885895 0.0911426 0.0458958 0.0438330 0.0382695 0.0342463 
Potoroidae_Aepyprymnus_rufescens             0.0806055 0.0993902 0.0712022 0.0123236 0.0138386 0.0960613 0.0706995 0.0738964 0.0000000 0.1112406 0.0748336 0.0939480 0.0976557 0.0724028 0.0887708 0.0821294 0.1007593 0.1115863 0.0286642 0.0821265 0.1522313 0.1419437 0.0417994 0.0829679 0.0778885 0.0280733 0.0881104 0.0695623 0.1196872 0.0998102 0.1084325 0.0516134 0.0450904 0.0478624 0.0364332 
Peramelidae_Perameles_nasuta                 0.0994398 0.1104977 0.0876152 0.1045754 0.1073795 0.0950398 0.0912158 0.1013212 0.1112406 0.0000000 0.0985737 0.0862338 0.0846406 0.0957279 0.1021241 0.0878415 0.0960122 0.0127021 0.1104852 0.1065872 0.1726974 0.1638190 0.0951062 0.0889548 0.0962073 0.1006719 0.0943646 0.0921018 0.0137684 0.0976154 0.0010208 0.0505551 0.0479296 0.0514218 0.0498806 
Phalangeridae_Strigocuscus_pelengensis       0.0601025 0.0922654 0.0520337 0.0730556 0.0738752 0.0855176 0.0266196 0.0231692 0.0748336 0.0985737 0.0000000 0.0848649 0.0804631 0.0196765 0.0713713 0.0806164 0.0932729 0.0965109 0.0733772 0.0729324 0.1189905 0.1141440 0.0668528 0.0608210 0.0582536 0.0669608 0.0676855 0.0178042 0.1040274 0.0882252 0.0927404 0.0463683 0.0458894 0.0412113 0.0375762 
Dasyuridae_Phascogale_tapoatafa              0.0787840 0.0794856 0.0730938 0.0851631 0.0858243 0.0067784 0.0774714 0.0840663 0.0939480 0.0862338 0.0848649 0.0000000 0.0166293 0.0824158 0.0901070 0.0029103 0.0092080 0.0891738 0.0973033 0.0960154 0.1366059 0.1281284 0.0801621 0.0698337 0.0900690 0.0850532 0.0994380 0.0786620 0.0897081 0.0082132 0.0817897 0.0111933 0.0018952 0.0548026 0.0419261 
Dasyuridae_Sminthopsis_macroura              0.0744703 0.0755826 0.0650366 0.0962851 0.0959809 0.0149876 0.0800047 0.0794012 0.0976557 0.0846406 0.0804631 0.0166293 0.0000000 0.0774860 0.0928208 0.0178466 0.0146025 0.0802108 0.1037904 0.0888021 0.1351286 0.1236809 0.0889300 0.0688209 0.0878980 0.0899647 0.0937549 0.0736861 0.0869000 0.0157883 0.0752758 0.0043701 0.0097435 0.0530213 0.0420306 
Phalangeridae_Phalanger_orientalis           0.0495303 0.0865838 0.0513435 0.0707133 0.0722987 0.0811351 0.0157082 0.0112108 0.0724028 0.0957279 0.0196765 0.0824158 0.0774860 0.0000000 0.0674082 0.0769627 0.0884836 0.0924761 0.0700386 0.0682103 0.1225871 0.1200369 0.0635281 0.0609906 0.0556310 0.0676303 0.0601024 0.0046953 0.1038865 0.0857168 0.0881832 0.0436977 0.0425634 0.0378892 0.0331518 
Acrobatidae_Acrobates_pygmaeus               0.0725917 0.1011775 0.0754898 0.0816788 0.0816336 0.0932490 0.0622332 0.0704866 0.0887708 0.1021241 0.0713713 0.0901070 0.0928208 0.0674082 0.0000000 0.0858509 0.0974998 0.1034491 0.0911484 0.0771393 0.1521506 0.1426858 0.0806671 0.0785194 0.0722170 0.0863940 0.0769557 0.0648585 0.0986764 0.0999001 0.0977169 0.0461444 0.0425905 0.0387954 0.0132189 
Dasyuridae_Phascogale_calura                 0.0732030 0.0784550 0.0629121 0.0741168 0.0758520 0.0062206 0.0725293 0.0798688 0.0821294 0.0878415 0.0806164 0.0029103 0.0178466 0.0769627 0.0858509 0.0000000 0.0095786 0.0880252 0.0876728 0.0926591 0.1355027 0.1265170 0.0713764 0.0648069 0.0866605 0.0756187 0.0969548 0.0742219 0.0882080 0.0089070 0.0816409 0.0111969 0.0019012 0.0520133 0.0386988 
Dasyuridae_Sarcophilus_harrisii              0.0828125 0.0863105 0.0724051 0.0963886 0.0960641 0.0071446 0.0838785 0.0893112 0.1007593 0.0960122 0.0932729 0.0092080 0.0146025 0.0884836 0.0974998 0.0095786 0.0000000 0.0956539 0.1082847 0.1019314 0.1437403 0.1366063 0.0843003 0.0722901 0.0986226 0.0930180 0.1092213 0.0842771 0.0988407 0.0092189 0.0889872 0.0113015 0.0064825 0.0583247 0.0467203 
Peramelidae_Echymipera_kalubu                0.0965874 0.1096492 0.0804467 0.1075557 0.1098652 0.0961503 0.0915664 0.0985058 0.1115863 0.0127021 0.0965109 0.0891738 0.0802108 0.0924761 0.1034491 0.0880252 0.0956539 0.0000000 0.1126804 0.1057728 0.1500434 0.1393256 0.0992760 0.0858449 0.0967913 0.1013515 0.1014641 0.0922695 0.0112253 0.0968328 0.0137828 0.0495400 0.0504655 0.0570300 0.0490900 
Macropodidae_Dorcopsulus_vanheurni           0.0924309 0.1121952 0.0726469 0.0217369 0.0260479 0.1032225 0.0716720 0.0767971 0.0286642 0.1104852 0.0733772 0.0973033 0.1037904 0.0700386 0.0911484 0.0876728 0.1082847 0.1126804 0.0000000 0.0839252 0.1526769 0.1477293 0.0463760 0.0885069 0.0809559 0.0201464 0.0890006 0.0712977 0.1202079 0.1032243 0.1078734 0.0548414 0.0496608 0.0489571 0.0385086 
Pseudochiridae_Pseudochirulus_forbesi        0.0845493 0.0984754 0.0747424 0.0784755 0.0800579 0.0969073 0.0662176 0.0718248 0.0821265 0.1065872 0.0729324 0.0960154 0.0888021 0.0682103 0.0771393 0.0926591 0.1019314 0.1057728 0.0839252 0.0000000 0.1455076 0.1402259 0.0730535 0.0752382 0.0388043 0.0747537 0.0200092 0.0680596 0.1164488 0.1006307 0.1001130 0.0507656 0.0561188 0.0431276 0.0353532 
Didelphidae_Didelphis_virginiana             0.1301190 0.1245281 0.1246145 0.1536012 0.1475334 0.1363126 0.1207859 0.1239150 0.1522313 0.1726974 0.1189905 0.1366059 0.1351286 0.1225871 0.1521506 0.1355027 0.1437403 0.1500434 0.1526769 0.1455076 0.0000000 0.0526036 0.1403886 0.1161722 0.1322587 0.1501084 0.1485692 0.1219228 0.1666709 0.1394839 0.1415984 0.0881246 0.0746651 0.0896406 0.0836969 
Marmosidae_Monodelphis_domestica             0.1281279 0.1203107 0.1219987 0.1391957 0.1374194 0.1305352 0.1213091 0.1217161 0.1419437 0.1638190 0.1141440 0.1281284 0.1236809 0.1200369 0.1426858 0.1265170 0.1366063 0.1393256 0.1477293 0.1402259 0.0526036 0.0000000 0.1265206 0.1142213 0.1323898 0.1393938 0.1475183 0.1197737 0.1597300 0.1310065 0.1358314 0.0810593 0.0733695 0.0941635 0.0838334 
Hypsiprymnodontidae_Hypsiprymnodon_moschatus 0.0783460 0.0873169 0.0664243 0.0350171 0.0366408 0.0845452 0.0596271 0.0668548 0.0417994 0.0951062 0.0668528 0.0801621 0.0889300 0.0635281 0.0806671 0.0713764 0.0843003 0.0992760 0.0463760 0.0730535 0.1403886 0.1265206 0.0000000 0.0685000 0.0671275 0.0416523 0.0745339 0.0614005 0.1056100 0.0859552 0.0961258 0.0449306 0.0394600 0.0445392 0.0317472 
Microbiotheriidae_Dromiciops_gliroides       0.0671225 0.0763942 0.0566236 0.0767781 0.0791608 0.0704146 0.0599594 0.0600778 0.0829679 0.0889548 0.0608210 0.0698337 0.0688209 0.0609906 0.0785194 0.0648069 0.0722901 0.0858449 0.0885069 0.0752382 0.1161722 0.1142213 0.0685000 0.0000000 0.0659542 0.0754961 0.0728017 0.0566325 0.0908133 0.0775284 0.0795258 0.0387569 0.0331567 0.0400475 0.0342135 
Pseudochiridae_Petauroides_volans            0.0741759 0.0840783 0.0684354 0.0755643 0.0774915 0.0919850 0.0580540 0.0570698 0.0778885 0.0962073 0.0582536 0.0900690 0.0878980 0.0556310 0.0722170 0.0866605 0.0986226 0.0967913 0.0809559 0.0388043 0.1322587 0.1323898 0.0671275 0.0659542 0.0000000 0.0674596 0.0393563 0.0555079 0.1025521 0.0948522 0.0951653 0.0537908 0.0521828 0.0359148 0.0332672 
Macropodidae_Wallabia_bicolor                0.0802112 0.1011192 0.0623789 0.0222754 0.0266803 0.0916433 0.0670116 0.0704474 0.0280733 0.1006719 0.0669608 0.0850532 0.0899647 0.0676303 0.0863940 0.0756187 0.0930180 0.1013515 0.0201464 0.0747537 0.1501084 0.1393938 0.0416523 0.0754961 0.0674596 0.0000000 0.0842943 0.0666271 0.1106060 0.0921687 0.0981166 0.0480875 0.0422848 0.0419162 0.0301484 
Pseudochiridae_Pseudocheirus_occidentalis    0.0825193 0.1005209 0.0769204 0.0811188 0.0828996 0.1020916 0.0640368 0.0692200 0.0881104 0.0943646 0.0676855 0.0994380 0.0937549 0.0601024 0.0769557 0.0969548 0.1092213 0.1014641 0.0890006 0.0200092 0.1485692 0.1475183 0.0745339 0.0728017 0.0393563 0.0842943 0.0000000 0.0625275 0.1108364 0.1063269 0.0932686 0.0531335 0.0581363 0.0387568 0.0419770 
Phalangeridae_Phalanger_carmelitae           0.0482981 0.0816430 0.0472327 0.0678955 0.0694908 0.0771972 0.0139363 0.0079312 0.0695623 0.0921018 0.0178042 0.0786620 0.0736861 0.0046953 0.0648585 0.0742219 0.0842771 0.0922695 0.0712977 0.0680596 0.1219228 0.1197737 0.0614005 0.0566325 0.0555079 0.0666271 0.0625275 0.0000000 0.0991280 0.0819651 0.0853376 0.0407078 0.0407748 0.0353938 0.0315239 
Peramelidae_Peroryctes_raffrayana            0.1022632 0.1170845 0.0891557 0.1150703 0.1126190 0.0976168 0.0961362 0.1070760 0.1196872 0.0137684 0.1040274 0.0897081 0.0869000 0.1038865 0.0986764 0.0882080 0.0988407 0.0112253 0.1202079 0.1164488 0.1666709 0.1597300 0.1056100 0.0908133 0.1025521 0.1106060 0.1108364 0.0991280 0.0000000 0.0997280 0.0132128 0.0468510 0.0472532 0.0577270 0.0471751 
Dasyuridae_Dasyurus_geffroii                 0.0857211 0.0818636 0.0775410 0.0934809 0.0952305 0.0038616 0.0843887 0.0885895 0.0998102 0.0976154 0.0882252 0.0082132 0.0157883 0.0857168 0.0999001 0.0089070 0.0092189 0.0968328 0.1032243 0.1006307 0.1394839 0.1310065 0.0859552 0.0775284 0.0948522 0.0921687 0.1063269 0.0819651 0.0997280 0.0000000 0.0891611 0.0104881 0.0058184 0.0611266 0.0475587 
Peramelidae_Perameles_gunnii                 0.0895781 0.1030245 0.0791998 0.1044153 0.1042293 0.0880602 0.0858200 0.0911426 0.1084325 0.0010208 0.0927404 0.0817897 0.0752758 0.0881832 0.0977169 0.0816409 0.0889872 0.0137828 0.1078734 0.1001130 0.1415984 0.1358314 0.0961258 0.0795258 0.0951653 0.0981166 0.0932686 0.0853376 0.0132128 0.0891611 0.0000000 0.0442947 0.0461294 0.0563103 0.0474211 
Dasyuridae_Planigale_tenuirostris            0.0445322 0.0527661 0.0384897 0.0504996 0.0486080 0.0104439 0.0432133 0.0458958 0.0516134 0.0505551 0.0463683 0.0111933 0.0043701 0.0436977 0.0461444 0.0111969 0.0113015 0.0495400 0.0548414 0.0507656 0.0881246 0.0810593 0.0449306 0.0387569 0.0537908 0.0480875 0.0531335 0.0407078 0.0468510 0.0104881 0.0442947 0.0000000 0.0119979 0.0583572 0.0433610 
Dasyuridae_Antechinus_stuartii               0.0408234 0.0463358 0.0332960 0.0408621 0.0401042 0.0044873 0.0372579 0.0438330 0.0450904 0.0479296 0.0458894 0.0018952 0.0097435 0.0425634 0.0425905 0.0019012 0.0064825 0.0504655 0.0496608 0.0561188 0.0746651 0.0733695 0.0394600 0.0331567 0.0521828 0.0422848 0.0581363 0.0407748 0.0472532 0.0058184 0.0461294 0.0119979 0.0000000 0.0542769 0.0404756 
Tarsipedidae_Tarsipes_rostratus              0.0439767 0.0638153 0.0402660 0.0452433 0.0461616 0.0589178 0.0351935 0.0382695 0.0478624 0.0514218 0.0412113 0.0548026 0.0530213 0.0378892 0.0387954 0.0520133 0.0583247 0.0570300 0.0489571 0.0431276 0.0896406 0.0941635 0.0445392 0.0400475 0.0359148 0.0419162 0.0387568 0.0353938 0.0577270 0.0611266 0.0563103 0.0583572 0.0542769 0.0000000 0.0367771 
Acrobatidae_Distoechurus_pennatus            0.0357605 0.0510843 0.0269834 0.0340583 0.0348821 0.0456049 0.0298213 0.0342463 0.0364332 0.0498806 0.0375762 0.0419261 0.0420306 0.0331518 0.0132189 0.0386988 0.0467203 0.0490900 0.0385086 0.0353532 0.0836969 0.0838334 0.0317472 0.0342135 0.0332672 0.0301484 0.0419770 0.0315239 0.0471751 0.0475587 0.0474211 0.0433610 0.0404756 0.0367771 0.0000000 
