37
Burramyidae_Burramys_parvus                  0.0000000 0.0844579 0.0579243 0.0721664 0.0722614 0.0845057 0.0575636 0.0551593 0.0783007 0.1073237 0.0572372 0.0846876 0.0899771 0.0584782 0.0625270 0.0867229 0.0871114 0.0887555 0.1149675 0.0659603 0.0660648 0.0936999 0.0989233 0.0852701 0.0681386 0.0754009 0.0625189 0.0558113 0.0571423 0.0704032 0.0729404 0.0580142 0.1209788 0.0862129 0.1189146 0.0960245 0.0960245 
Notoryctidae_Notoryctes_typhlops             0.0844579 0.0000000 0.0788360 0.0984307 0.0990189 0.0985301 0.0842284 0.0816093 0.1030704 0.1164940 0.0800128 0.1012894 0.1040441 0.0825567 0.0871228 0.0994417 0.1021062 0.1007078 0.1238193 0.0963595 0.0958767 0.1057256 0.1109988 0.1001723 0.0973008 0.0880519 0.0923667 0.0855822 0.0913859 0.0976836 0.1047104 0.0818815 0.1243083 0.1004372 0.1268799 0.1857613 0.1857613 
Vombatidae_Lasiorhinus_latifrons             0.0579243 0.0788360 0.0000000 0.0719223 0.0731489 0.0810050 0.0555851 0.0525239 0.0780347 0.1072783 0.0534179 0.0815670 0.0836581 0.0551119 0.0611406 0.0813045 0.0834582 0.0816147 0.1041413 0.0691157 0.0676589 0.0933754 0.0973880 0.0820373 0.0683053 0.0723950 0.0655068 0.0595985 0.0632176 0.0749613 0.0758063 0.0546600 0.1133833 0.0826740 0.1063991 0.1241153 0.1241153 
Potoroidae_Bettongia_penicillata             0.0721664 0.0984307 0.0719223 0.0000000 0.0032996 0.0943366 0.0655781 0.0625391 0.0186225 0.1300769 0.0625379 0.0985014 0.1000921 0.0644263 0.0712598 0.0984042 0.0963186 0.0966256 0.1266145 0.0315215 0.0828461 0.0963462 0.1033551 0.0963183 0.0514492 0.0848899 0.0758632 0.0275550 0.0773356 0.0827549 0.0886281 0.0639253 0.1151159 0.0969474 0.1282893 0.2736729 0.2736729 
Potoroidae_Bettongia_lesueur                 0.0722614 0.0990189 0.0731489 0.0032996 0.0000000 0.0952258 0.0663965 0.0642040 0.0208962 0.1309153 0.0625467 0.0994228 0.1010008 0.0652403 0.0724990 0.0993119 0.0972331 0.0979727 0.1281115 0.0339171 0.0833307 0.0969922 0.1036138 0.0971930 0.0536647 0.0857820 0.0767257 0.0295716 0.0769953 0.0832777 0.0895436 0.0654802 0.1166041 0.0978452 0.1298025 0.2868766 0.2868766 
Dasyuridae_Dasyurus_maculatus                0.0845057 0.0985301 0.0810050 0.0943366 0.0952258 0.0000000 0.0872547 0.0843596 0.0996606 0.1258357 0.0821427 0.0166254 0.0299184 0.0849972 0.0875751 0.0183069 0.0075429 0.0243369 0.1206781 0.0936868 0.0918574 0.0983336 0.0999052 0.0169391 0.0955842 0.0830252 0.0867413 0.0832847 0.0818849 0.0950787 0.1028626 0.0856337 0.1277474 0.0058343 0.1273954 0.0376369 0.0376369 
Phalangeridae_Trichosurus_vulpecula          0.0575636 0.0842284 0.0555851 0.0655781 0.0663965 0.0872547 0.0000000 0.0231079 0.0723094 0.1049539 0.0231287 0.0892074 0.0899775 0.0231375 0.0568570 0.0888171 0.0899169 0.0891410 0.1157669 0.0623212 0.0659711 0.0959410 0.1012959 0.0880182 0.0642413 0.0761046 0.0624093 0.0531471 0.0620709 0.0691825 0.0705466 0.0227702 0.1166692 0.0881608 0.1171028 0.1616280 0.1616280 
Phalangeridae_Spilocuscus_maculatus          0.0551593 0.0816093 0.0525239 0.0625391 0.0642040 0.0843596 0.0231079 0.0000000 0.0633968 0.1040534 0.0111590 0.0867280 0.0879430 0.0113255 0.0559380 0.0857416 0.0865755 0.0862473 0.1131587 0.0614838 0.0643998 0.0936956 0.1000915 0.0847892 0.0646595 0.0722272 0.0598216 0.0506904 0.0618710 0.0643330 0.0704128 0.0113028 0.1163550 0.0865471 0.1145542 0.1598748 0.1598748 
Potoroidae_Aepyprymnus_rufescens             0.0783007 0.1030704 0.0780347 0.0186225 0.0208962 0.0996606 0.0723094 0.0633968 0.0000000 0.1274092 0.0684054 0.0996092 0.1050445 0.0706263 0.0758442 0.0996686 0.0983351 0.1023868 0.1340132 0.0357174 0.0898834 0.1053030 0.1127726 0.1025579 0.0578747 0.0911102 0.0828081 0.0320019 0.0788753 0.0805257 0.0952057 0.0697672 0.1190031 0.1027230 0.1361137 0.2312335 0.2312335 
Peramelidae_Perameles_nasuta                 0.1073237 0.1164940 0.1072783 0.1300769 0.1309153 0.1258357 0.1049539 0.1040534 0.1274092 0.0000000 0.1004004 0.1271848 0.1371323 0.1059259 0.1011263 0.1269272 0.1241805 0.1305279 0.0289777 0.1191145 0.1154881 0.1414644 0.1606547 0.1263199 0.1334709 0.1222039 0.1082611 0.1047602 0.1146400 0.1197027 0.1278216 0.1033536 0.0315959 0.1253405 0.0087203 0.2171784 0.2171784 
Phalangeridae_Strigocuscus_pelengensis       0.0572372 0.0800128 0.0534179 0.0625379 0.0625467 0.0821427 0.0231287 0.0111590 0.0684054 0.1004004 0.0000000 0.0838371 0.0850855 0.0080323 0.0552745 0.0838596 0.0854521 0.0855880 0.1111509 0.0605937 0.0648100 0.0955096 0.1008678 0.0838775 0.0641037 0.0735058 0.0597290 0.0498970 0.0604299 0.0674219 0.0713163 0.0083298 0.1152265 0.0838447 0.1124910 0.1281802 0.1281802 
Dasyuridae_Phascogale_tapoatafa              0.0846876 0.1012894 0.0815670 0.0985014 0.0994228 0.0166254 0.0892074 0.0867280 0.0996092 0.1271848 0.0838371 0.0000000 0.0314111 0.0864810 0.0889924 0.0056682 0.0189551 0.0249280 0.1218810 0.0961284 0.0922473 0.0988272 0.1003900 0.0095174 0.0994344 0.0830825 0.0871324 0.0855540 0.0817814 0.0937142 0.1026305 0.0871323 0.1271559 0.0173093 0.1290942 0.0667897 0.0667897 
Dasyuridae_Sminthopsis_macroura              0.0899771 0.1040441 0.0836581 0.1000921 0.1010008 0.0299184 0.0899775 0.0879430 0.1050445 0.1371323 0.0850855 0.0314111 0.0000000 0.0885360 0.0910170 0.0332663 0.0327050 0.0220133 0.1275614 0.0977596 0.0942485 0.1007870 0.1022792 0.0286895 0.0992560 0.0840449 0.0914388 0.0868320 0.0842443 0.0983935 0.1059321 0.0894767 0.1339526 0.0313078 0.1321750 0.0379931 0.0379931 
Phalangeridae_Phalanger_orientalis           0.0584782 0.0825567 0.0551119 0.0644263 0.0652403 0.0849972 0.0231375 0.0113255 0.0706263 0.1059259 0.0080323 0.0864810 0.0885360 0.0000000 0.0563617 0.0864907 0.0876009 0.0863711 0.1146649 0.0625711 0.0657864 0.0949483 0.0955935 0.0853949 0.0655904 0.0736080 0.0618568 0.0523396 0.0635990 0.0682774 0.0734785 0.0048463 0.1216730 0.0866860 0.1164651 0.1367677 0.1367677 
Acrobatidae_Acrobates_pygmaeus               0.0625270 0.0871228 0.0611406 0.0712598 0.0724990 0.0875751 0.0568570 0.0559380 0.0758442 0.1011263 0.0552745 0.0889924 0.0910170 0.0563617 0.0000000 0.0891168 0.0890394 0.0870070 0.1156493 0.0677849 0.0639881 0.0960654 0.0998265 0.0883022 0.0678065 0.0761740 0.0575074 0.0585680 0.0566421 0.0677876 0.0441363 0.0562595 0.1186827 0.0889012 0.1161476 0.1144642 0.1144642 
Dasyuridae_Phascogale_calura                 0.0867229 0.0994417 0.0813045 0.0984042 0.0993119 0.0183069 0.0888171 0.0857416 0.0996686 0.1269272 0.0838596 0.0056682 0.0332663 0.0864907 0.0891168 0.0000000 0.0209826 0.0265587 0.1200761 0.0964922 0.0919592 0.0967371 0.0974512 0.0119029 0.0988743 0.0811281 0.0877389 0.0860597 0.0808213 0.0962722 0.1029055 0.0863611 0.1273903 0.0196300 0.1279964 0.0765508 0.0765508 
Dasyuridae_Sarcophilus_harrisii              0.0871114 0.1021062 0.0834582 0.0963186 0.0972331 0.0075429 0.0899169 0.0865755 0.0983351 0.1241805 0.0854521 0.0189551 0.0327050 0.0876009 0.0890394 0.0209826 0.0000000 0.0262677 0.1226582 0.0952470 0.0934969 0.0996994 0.1008879 0.0176719 0.0980500 0.0845794 0.0878783 0.0841727 0.0814930 0.0959188 0.1034945 0.0882529 0.1293795 0.0081921 0.1294708 0.0187840 0.0187840 
Dasyuridae_Planigale_tenuirostris            0.0887555 0.1007078 0.0816147 0.0966256 0.0979727 0.0243369 0.0891410 0.0862473 0.1023868 0.1305279 0.0855880 0.0249280 0.0220133 0.0863711 0.0870070 0.0265587 0.0262677 0.0000000 0.1205542 0.0957891 0.0956976 0.0929672 0.0916355 0.0234060 0.0992537 0.0824891 0.0909842 0.0856220 0.0839871 0.0985715 0.1047313 0.0883790 0.1272293 0.0250624 0.1281859 0.0516715 0.0516715 
Peramelidae_Echymipera_kalubu                0.1149675 0.1238193 0.1041413 0.1266145 0.1281115 0.1206781 0.1157669 0.1131587 0.1340132 0.0289777 0.1111509 0.1218810 0.1275614 0.1146649 0.1156493 0.1200761 0.1226582 0.1205542 0.0000000 0.1226418 0.1230160 0.1339403 0.1436605 0.1188662 0.1248160 0.1156223 0.1145005 0.1142230 0.1202612 0.1334242 0.1345068 0.1140575 0.0241890 0.1205768 0.0230491 0.1678744 0.1678744 
Macropodidae_Dorcopsulus_vanheurni           0.0659603 0.0963595 0.0691157 0.0315215 0.0339171 0.0936868 0.0623212 0.0614838 0.0357174 0.1191145 0.0605937 0.0961284 0.0977596 0.0625711 0.0677849 0.0964922 0.0952470 0.0957891 0.1226418 0.0000000 0.0764190 0.0974539 0.1053505 0.0944787 0.0508990 0.0831221 0.0720468 0.0164481 0.0738413 0.0783830 0.0844365 0.0617415 0.1187596 0.0954379 0.1243251 0.2203187 0.2203187 
Pseudochiridae_Pseudochirulus_forbesi        0.0660648 0.0958767 0.0676589 0.0828461 0.0833307 0.0918574 0.0659711 0.0643998 0.0898834 0.1154881 0.0648100 0.0922473 0.0942485 0.0657864 0.0639881 0.0919592 0.0934969 0.0956976 0.1230160 0.0764190 0.0000000 0.1043554 0.1093033 0.0906962 0.0781874 0.0855558 0.0363713 0.0679721 0.0189479 0.0663388 0.0744166 0.0660627 0.1268260 0.0935894 0.1247722 0.0877593 0.0877593 
Didelphidae_Didelphis_virginiana             0.0936999 0.1057256 0.0933754 0.0963462 0.0969922 0.0983336 0.0959410 0.0936956 0.1053030 0.1414644 0.0955096 0.0988272 0.1007870 0.0949483 0.0960654 0.0967371 0.0996994 0.0929672 0.1339403 0.0974539 0.1043554 0.0000000 0.0324164 0.0967283 0.0943487 0.0860312 0.0999013 0.0933700 0.0961573 0.1114487 0.1181310 0.0964058 0.1402194 0.0992741 0.1370801 9.0000000 9.0000000 
Marmosidae_Monodelphis_domestica             0.0989233 0.1109988 0.0973880 0.1033551 0.1036138 0.0999052 0.1012959 0.1000915 0.1127726 0.1606547 0.1008678 0.1003900 0.1022792 0.0955935 0.0998265 0.0974512 0.1008879 0.0916355 0.1436605 0.1053505 0.1093033 0.0324164 0.0000000 0.0999090 0.0997277 0.0923881 0.1032312 0.1012869 0.0994919 0.1120067 0.1214311 0.1012726 0.1513850 0.1008415 0.1494803 9.0000000 9.0000000 
Dasyuridae_Antechinus_stuartii               0.0852701 0.1001723 0.0820373 0.0963183 0.0971930 0.0169391 0.0880182 0.0847892 0.1025579 0.1263199 0.0838775 0.0095174 0.0286895 0.0853949 0.0883022 0.0119029 0.0176719 0.0234060 0.1188662 0.0944787 0.0906962 0.0967283 0.0999090 0.0000000 0.0972562 0.0799424 0.0866212 0.0841065 0.0796566 0.0962365 0.1016416 0.0852239 0.1280114 0.0172892 0.1261514 0.0381862 0.0381862 
Hypsiprymnodontidae_Hypsiprymnodon_moschatus 0.0681386 0.0973008 0.0683053 0.0514492 0.0536647 0.0955842 0.0642413 0.0646595 0.0578747 0.1334709 0.0641037 0.0994344 0.0992560 0.0655904 0.0678065 0.0988743 0.0980500 0.0992537 0.1248160 0.0508990 0.0781874 0.0943487 0.0997277 0.0972562 0.0000000 0.0812687 0.0747646 0.0415659 0.0732314 0.0823809 0.0825312 0.0643598 0.1141486 0.0973466 0.1262067 0.4316753 0.4316753 
Microbiotheriidae_Dromiciops_gliroides       0.0754009 0.0880519 0.0723950 0.0848899 0.0857820 0.0830252 0.0761046 0.0722272 0.0911102 0.1222039 0.0735058 0.0830825 0.0840449 0.0736080 0.0761740 0.0811281 0.0845794 0.0824891 0.1156223 0.0831221 0.0855558 0.0860312 0.0923881 0.0799424 0.0812687 0.0000000 0.0786114 0.0739486 0.0756043 0.0866930 0.0936698 0.0726520 0.1151439 0.0836468 0.1198423 0.1279092 0.1279092 
Pseudochiridae_Petauroides_volans            0.0625189 0.0923667 0.0655068 0.0758632 0.0767257 0.0867413 0.0624093 0.0598216 0.0828081 0.1082611 0.0597290 0.0871324 0.0914388 0.0618568 0.0575074 0.0877389 0.0878783 0.0909842 0.1145005 0.0720468 0.0363713 0.0999013 0.1032312 0.0866212 0.0747646 0.0786114 0.0000000 0.0613976 0.0316786 0.0621848 0.0682139 0.0613955 0.1151883 0.0884639 0.1172678 0.0856098 0.0856098 
Macropodidae_Wallabia_bicolor                0.0558113 0.0855822 0.0595985 0.0275550 0.0295716 0.0832847 0.0531471 0.0506904 0.0320019 0.1047602 0.0498970 0.0855540 0.0868320 0.0523396 0.0585680 0.0860597 0.0841727 0.0856220 0.1142230 0.0164481 0.0679721 0.0933700 0.1012869 0.0841065 0.0415659 0.0739486 0.0613976 0.0000000 0.0594373 0.0669034 0.0731776 0.0515455 0.1152418 0.0849768 0.1167960 0.0868505 0.0868505 
Pseudochiridae_Pseudocheirus_occidentalis    0.0571423 0.0913859 0.0632176 0.0773356 0.0769953 0.0818849 0.0620709 0.0618710 0.0788753 0.1146400 0.0604299 0.0817814 0.0842443 0.0635990 0.0566421 0.0808213 0.0814930 0.0839871 0.1202612 0.0738413 0.0189479 0.0961573 0.0994919 0.0796566 0.0732314 0.0756043 0.0316786 0.0594373 0.0000000 0.0575947 0.0649231 0.0634739 0.1210302 0.0835009 0.1209690 0.0870657 0.0870657 
Tarsipedidae_Tarsipes_rostratus              0.0704032 0.0976836 0.0749613 0.0827549 0.0832777 0.0950787 0.0691825 0.0643330 0.0805257 0.1197027 0.0674219 0.0937142 0.0983935 0.0682774 0.0677876 0.0962722 0.0959188 0.0985715 0.1334242 0.0783830 0.0663388 0.1114487 0.1120067 0.0962365 0.0823809 0.0866930 0.0621848 0.0669034 0.0575947 0.0000000 0.0814121 0.0684568 0.1322300 0.0969836 0.1385466 0.1154319 0.1154319 
Acrobatidae_Distoechurus_pennatus            0.0729404 0.1047104 0.0758063 0.0886281 0.0895436 0.1028626 0.0705466 0.0704128 0.0952057 0.1278216 0.0713163 0.1026305 0.1059321 0.0734785 0.0441363 0.1029055 0.1034945 0.1047313 0.1345068 0.0844365 0.0744166 0.1181310 0.1214311 0.1016416 0.0825312 0.0936698 0.0682139 0.0731776 0.0649231 0.0814121 0.0000000 0.0729682 0.1376393 0.1042790 0.1336931 0.0968674 0.0968674 
Phalangeridae_Phalanger_carmelitae           0.0580142 0.0818815 0.0546600 0.0639253 0.0654802 0.0856337 0.0227702 0.0113028 0.0697672 0.1033536 0.0083298 0.0871323 0.0894767 0.0048463 0.0562595 0.0863611 0.0882529 0.0883790 0.1140575 0.0617415 0.0660627 0.0964058 0.1012726 0.0852239 0.0643598 0.0726520 0.0613955 0.0515455 0.0634739 0.0684568 0.0729682 0.0000000 0.1199528 0.0873237 0.1153965 0.1367677 0.1367677 
Peramelidae_Peroryctes_raffrayana            0.1209788 0.1243083 0.1133833 0.1151159 0.1166041 0.1277474 0.1166692 0.1163550 0.1190031 0.0315959 0.1152265 0.1271559 0.1339526 0.1216730 0.1186827 0.1273903 0.1293795 0.1272293 0.0241890 0.1187596 0.1268260 0.1402194 0.1513850 0.1280114 0.1141486 0.1151439 0.1151883 0.1152418 0.1210302 0.1322300 0.1376393 0.1199528 0.0000000 0.1290963 0.0298960 9.0000000 9.0000000 
Dasyuridae_Dasyurus_geffroii                 0.0862129 0.1004372 0.0826740 0.0969474 0.0978452 0.0058343 0.0881608 0.0865471 0.1027230 0.1253405 0.0838447 0.0173093 0.0313078 0.0866860 0.0889012 0.0196300 0.0081921 0.0250624 0.1205768 0.0954379 0.0935894 0.0992741 0.1008415 0.0172892 0.0973466 0.0836468 0.0884639 0.0849768 0.0835009 0.0969836 0.1042790 0.0873237 0.1290963 0.0000000 0.1279782 0.0282827 0.0282827 
Peramelidae_Perameles_gunnii                 0.1189146 0.1268799 0.1063991 0.1282893 0.1298025 0.1273954 0.1171028 0.1145542 0.1361137 0.0087203 0.1124910 0.1290942 0.1321750 0.1164651 0.1161476 0.1279964 0.1294708 0.1281859 0.0230491 0.1243251 0.1247722 0.1370801 0.1494803 0.1261514 0.1262067 0.1198423 0.1172678 0.1167960 0.1209690 0.1385466 0.1336931 0.1153965 0.0298960 0.1279782 0.0000000 0.2087733 0.2087733 
Myrmecobiidae_Myrmecobius_fasciatus1         0.0960245 0.1857613 0.1241153 0.2736729 0.2868766 0.0376369 0.1616280 0.1598748 0.2312335 0.2171784 0.1281802 0.0667897 0.0379931 0.1367677 0.1144642 0.0765508 0.0187840 0.0516715 0.1678744 0.2203187 0.0877593 9.0000000 9.0000000 0.0381862 0.4316753 0.1279092 0.0856098 0.0868505 0.0870657 0.1154319 0.0968674 0.1367677 9.0000000 0.0282827 0.2087733 0.0000000 0.0000010 
Myrmecobiidae_Myrmecobius_fasciatus2         0.0960245 0.1857613 0.1241153 0.2736729 0.2868766 0.0376369 0.1616280 0.1598748 0.2312335 0.2171784 0.1281802 0.0667897 0.0379931 0.1367677 0.1144642 0.0765508 0.0187840 0.0516715 0.1678744 0.2203187 0.0877593 9.0000000 9.0000000 0.0381862 0.4316753 0.1279092 0.0856098 0.0868505 0.0870657 0.1154319 0.0968674 0.1367677 9.0000000 0.0282827 0.2087733 0.0000010 0.0000000 
