35
Burramyidae_Burramys_parvus                  0.0000000 0.0959060 0.0697952 0.0549454 0.0545251 0.1086228 0.0460544 0.0489403 0.0516938 0.1067207 0.0446273 0.1058583 0.1096131 0.0470501 0.0703277 0.1049818 0.1106267 0.0974301 0.1112774 0.0526838 0.0671020 0.1136379 0.1334669 0.1041131 0.0518812 0.0816568 0.0507578 0.0519520 0.0582560 0.0948656 0.0644699 0.0463053 0.1040051 0.1097571 0.1071950 
Notoryctidae_Notoryctes_typhlops             0.0959060 0.0000000 0.1060317 0.1146522 0.1130915 0.1206396 0.1018786 0.1040397 0.1077899 0.1227622 0.0956870 0.1156802 0.1177261 0.1052478 0.1108132 0.1146841 0.1181483 0.1063141 0.1228776 0.1043160 0.1096606 0.1490694 0.1467609 0.1115440 0.1065346 0.0984119 0.1029343 0.1081422 0.1032588 0.1418475 0.1159111 0.1003488 0.1174217 0.1191786 0.1206047 
Vombatidae_Lasiorhinus_latifrons             0.0697952 0.1060317 0.0000000 0.0859275 0.0830609 0.1192459 0.0726204 0.0730252 0.0797541 0.1156769 0.0707218 0.1100766 0.1171507 0.0742354 0.0704527 0.1106431 0.1161836 0.1011969 0.1181343 0.0732444 0.0892906 0.1270371 0.1375050 0.1068962 0.0802128 0.0832610 0.0805549 0.0770574 0.0815687 0.1067778 0.0865367 0.0735287 0.1138717 0.1196271 0.1159402 
Potoroidae_Bettongia_penicillata             0.0549454 0.1146522 0.0859275 0.0000000 0.0015156 0.1135582 0.0633407 0.0617907 0.0020066 0.1206882 0.0610662 0.1090910 0.1206214 0.0597328 0.0873410 0.1096892 0.1130434 0.1071579 0.1246155 0.0076252 0.0865346 0.1303781 0.1525819 0.1068161 0.0197064 0.0869481 0.0691846 0.0081899 0.0797770 0.1052540 0.0783183 0.0572001 0.1161783 0.1166410 0.1203771 
Potoroidae_Bettongia_lesueur                 0.0545251 0.1130915 0.0830609 0.0015156 0.0000000 0.1122679 0.0589807 0.0574872 0.0023101 0.1158063 0.0568049 0.1064759 0.1164329 0.0564557 0.0839180 0.1070387 0.1109799 0.1067863 0.1208370 0.0082802 0.0861803 0.1288057 0.1447894 0.1051335 0.0203604 0.0817843 0.0667218 0.0082315 0.0774279 0.1004199 0.0771193 0.0532065 0.1142244 0.1143214 0.1160585 
Dasyuridae_Dasyurus_maculatus                0.1086228 0.1206396 0.1192459 0.1135582 0.1122679 0.0000000 0.1101670 0.1109685 0.1092681 0.1292575 0.1063924 0.0071130 0.0190953 0.1111435 0.1321615 0.0073803 0.0026743 0.0142886 0.1297046 0.1054819 0.1374933 0.1213214 0.1371705 0.0069384 0.1176758 0.0988375 0.1133119 0.1109507 0.1287554 0.1455537 0.1209811 0.1111079 0.1279760 0.0027343 0.1292578 
Phalangeridae_Trichosurus_vulpecula          0.0460544 0.1018786 0.0726204 0.0633407 0.0589807 0.1101670 0.0000000 0.0089712 0.0563123 0.1085928 0.0086003 0.1066227 0.1143714 0.0106675 0.0714853 0.1072636 0.1104367 0.0969765 0.1154011 0.0565683 0.0804608 0.1287823 0.1373097 0.1042713 0.0581806 0.0836275 0.0642475 0.0551351 0.0709069 0.0953678 0.0683256 0.0095690 0.1063382 0.1105979 0.1089989 
Phalangeridae_Spilocuscus_maculatus          0.0489403 0.1040397 0.0730252 0.0617907 0.0574872 0.1109685 0.0089712 0.0000000 0.0549958 0.1111600 0.0049289 0.1099235 0.1162349 0.0055454 0.0700404 0.1113091 0.1112436 0.0984612 0.1164390 0.0574282 0.0793440 0.1310923 0.1404396 0.1076989 0.0575959 0.0899321 0.0645089 0.0546147 0.0737620 0.0942767 0.0727441 0.0048327 0.1099044 0.1114139 0.1131833 
Potoroidae_Aepyprymnus_rufescens             0.0516938 0.1077899 0.0797541 0.0020066 0.0023101 0.1092681 0.0563123 0.0549958 0.0000000 0.1139377 0.0543063 0.1052189 0.1142010 0.0539695 0.0820357 0.1057816 0.1079789 0.1029198 0.1190051 0.0061065 0.0843113 0.1265788 0.1424629 0.1030111 0.0161590 0.0817440 0.0641302 0.0065844 0.0755642 0.0975203 0.0744743 0.0506958 0.1117589 0.1112770 0.1135278 
Peramelidae_Perameles_nasuta                 0.1067207 0.1227622 0.1156769 0.1206882 0.1158063 0.1292575 0.1085928 0.1111600 0.1139377 0.0000000 0.1038418 0.1201178 0.1314631 0.1139936 0.1324241 0.1207745 0.1283106 0.1181338 0.0083498 0.1078578 0.1358643 0.1371725 0.1565239 0.1189152 0.1183672 0.1128544 0.1178489 0.1082151 0.1247668 0.1601302 0.1299697 0.1107254 0.0054153 0.1305323 0.0005928 
Phalangeridae_Strigocuscus_pelengensis       0.0446273 0.0956870 0.0707218 0.0610662 0.0568049 0.1063924 0.0086003 0.0049289 0.0543063 0.1038418 0.0000000 0.1061021 0.1124309 0.0057506 0.0677689 0.1067956 0.1067041 0.0946318 0.1098630 0.0559380 0.0772419 0.1288128 0.1327019 0.1029882 0.0535654 0.0852649 0.0603803 0.0539192 0.0695537 0.0973298 0.0672367 0.0050395 0.1028282 0.1072854 0.1050287 
Dasyuridae_Phascogale_tapoatafa              0.1058583 0.1156802 0.1100766 0.1090910 0.1064759 0.0071130 0.1066227 0.1099235 0.1052189 0.1201178 0.1061021 0.0000000 0.0128078 0.1101520 0.1261895 0.0007167 0.0063043 0.0104100 0.1252026 0.1019379 0.1352335 0.1135024 0.1321994 0.0021790 0.1150056 0.0921169 0.1111300 0.1058874 0.1231332 0.1458085 0.1157270 0.1101597 0.1195804 0.0076292 0.1196019 
Dasyuridae_Sminthopsis_macroura              0.1096131 0.1177261 0.1171507 0.1206214 0.1164329 0.0190953 0.1143714 0.1162349 0.1142010 0.1314631 0.1124309 0.0128078 0.0000000 0.1164242 0.1316815 0.0142198 0.0170674 0.0081781 0.1326323 0.1112535 0.1358650 0.1114526 0.1431253 0.0130808 0.1226017 0.0979128 0.1132828 0.1151757 0.1270433 0.1421051 0.1223412 0.1163229 0.1281898 0.0216902 0.1314159 
Phalangeridae_Phalanger_orientalis           0.0470501 0.1052478 0.0742354 0.0597328 0.0564557 0.1111435 0.0106675 0.0055454 0.0539695 0.1139936 0.0057506 0.1101520 0.1164242 0.0000000 0.0656222 0.1115284 0.1114647 0.1030758 0.1174199 0.0550490 0.0805425 0.1307807 0.1367458 0.1078104 0.0574124 0.0857692 0.0642272 0.0535429 0.0752524 0.0988927 0.0692561 0.0023211 0.1106833 0.1129990 0.1142881 
Acrobatidae_Acrobates_pygmaeus               0.0703277 0.1108132 0.0704527 0.0873410 0.0839180 0.1321615 0.0714853 0.0700404 0.0820357 0.1324241 0.0677689 0.1261895 0.1316815 0.0656222 0.0000000 0.1251196 0.1308631 0.1068990 0.1348861 0.0803456 0.0792696 0.1262888 0.1375730 0.1244442 0.0887872 0.0951707 0.0595308 0.0809585 0.0704491 0.0849727 0.0521095 0.0681637 0.1209637 0.1335328 0.1320875 
Dasyuridae_Phascogale_calura                 0.1049818 0.1146841 0.1106431 0.1096892 0.1070387 0.0073803 0.1072636 0.1113091 0.1057816 0.1207745 0.1067956 0.0007167 0.0142198 0.1115284 0.1251196 0.0000000 0.0065525 0.0103886 0.1257402 0.1025853 0.1366546 0.1132939 0.1328737 0.0023513 0.1156471 0.0940726 0.1102814 0.1064522 0.1247596 0.1454776 0.1147236 0.1114447 0.1211974 0.0079161 0.1201491 
Dasyuridae_Sarcophilus_harrisii              0.1106267 0.1181483 0.1161836 0.1130434 0.1109799 0.0026743 0.1104367 0.1112436 0.1079789 0.1283106 0.1067041 0.0063043 0.0170674 0.1114647 0.1308631 0.0065525 0.0000000 0.0117302 0.1287829 0.1041817 0.1378382 0.1200734 0.1355600 0.0061486 0.1171722 0.0958453 0.1120480 0.1096565 0.1274392 0.1431560 0.1197150 0.1113807 0.1270171 0.0029220 0.1283312 
Dasyuridae_Planigale_tenuirostris            0.0974301 0.1063141 0.1011969 0.1071579 0.1067863 0.0142886 0.0969765 0.0984612 0.1029198 0.1181338 0.0946318 0.0104100 0.0081781 0.1030758 0.1068990 0.0103886 0.0117302 0.0000000 0.1174132 0.0965213 0.1187813 0.1078279 0.1231184 0.0097468 0.1089775 0.0667723 0.1046431 0.1032584 0.1101651 0.1397085 0.1069594 0.1015265 0.1179754 0.0131689 0.1186606 
Peramelidae_Echymipera_kalubu                0.1112774 0.1228776 0.1181343 0.1246155 0.1208370 0.1297046 0.1154011 0.1164390 0.1190051 0.0083498 0.1098630 0.1252026 0.1326323 0.1174199 0.1348861 0.1257402 0.1287829 0.1174132 0.0000000 0.1128362 0.1361475 0.1416795 0.1538709 0.1230881 0.1234461 0.1129321 0.1224330 0.1128143 0.1281326 0.1632033 0.1298371 0.1165542 0.0068626 0.1285299 0.0085733 
Macropodidae_Dorcopsulus_vanheurni           0.0526838 0.1043160 0.0732444 0.0076252 0.0082802 0.1054819 0.0565683 0.0574282 0.0061065 0.1078578 0.0559380 0.1019379 0.1112535 0.0550490 0.0803456 0.1025853 0.1041817 0.0965213 0.1128362 0.0000000 0.0812549 0.1238905 0.1388854 0.0989574 0.0175235 0.0818407 0.0647864 0.0038513 0.0721646 0.0920461 0.0698220 0.0534413 0.1048432 0.1058699 0.1086597 
Pseudochiridae_Pseudochirulus_forbesi        0.0671020 0.1096606 0.0892906 0.0865346 0.0861803 0.1374933 0.0804608 0.0793440 0.0843113 0.1358643 0.0772419 0.1352335 0.1358650 0.0805425 0.0792696 0.1366546 0.1378382 0.1187813 0.1361475 0.0812549 0.0000000 0.1354349 0.1534854 0.1332998 0.0855784 0.1030748 0.0409756 0.0808516 0.0076292 0.0863728 0.0791382 0.0774772 0.1278120 0.1382656 0.1371614 
Didelphidae_Didelphis_virginiana             0.1136379 0.1490694 0.1270371 0.1303781 0.1288057 0.1213214 0.1287823 0.1310923 0.1265788 0.1371725 0.1288128 0.1135024 0.1114526 0.1307807 0.1262888 0.1132939 0.1200734 0.1078279 0.1416795 0.1238905 0.1354349 0.0000000 0.0337759 0.1109365 0.1345072 0.1213346 0.1203750 0.1252835 0.1252912 0.1589389 0.1353062 0.1268904 0.1373892 0.1197106 0.1391371 
Marmosidae_Monodelphis_domestica             0.1334669 0.1467609 0.1375050 0.1525819 0.1447894 0.1371705 0.1373097 0.1404396 0.1424629 0.1565239 0.1327019 0.1321994 0.1431253 0.1367458 0.1375730 0.1328737 0.1355600 0.1231184 0.1538709 0.1388854 0.1534854 0.0337759 0.0000000 0.1344765 0.1496296 0.1180685 0.1306260 0.1395415 0.1420700 0.1641161 0.1395809 0.1335233 0.1509621 0.1380155 0.1565483 
Dasyuridae_Antechinus_stuartii               0.1041131 0.1115440 0.1068962 0.1068161 0.1051335 0.0069384 0.1042713 0.1076989 0.1030111 0.1189152 0.1029882 0.0021790 0.0130808 0.1078104 0.1244442 0.0023513 0.0061486 0.0097468 0.1230881 0.0989574 0.1332998 0.1109365 0.1344765 0.0000000 0.1120887 0.0823887 0.1077080 0.1036108 0.1219150 0.1397576 0.1135983 0.1078717 0.1174831 0.0071536 0.1191347 
Hypsiprymnodontidae_Hypsiprymnodon_moschatus 0.0518812 0.1065346 0.0802128 0.0197064 0.0203604 0.1176758 0.0581806 0.0575959 0.0161590 0.1183672 0.0535654 0.1150056 0.1226017 0.0574124 0.0887872 0.1156471 0.1171722 0.1089775 0.1234461 0.0175235 0.0855784 0.1345072 0.1496296 0.1120887 0.0000000 0.0920951 0.0700028 0.0174850 0.0799404 0.1009536 0.0801726 0.0533706 0.1145735 0.1197924 0.1187297 
Microbiotheriidae_Dromiciops_gliroides       0.0816568 0.0984119 0.0832610 0.0869481 0.0817843 0.0988375 0.0836275 0.0899321 0.0817440 0.1128544 0.0852649 0.0921169 0.0979128 0.0857692 0.0951707 0.0940726 0.0958453 0.0667723 0.1129321 0.0818407 0.1030748 0.1213346 0.1180685 0.0823887 0.0920951 0.0000000 0.0805444 0.0842844 0.0933393 0.1085953 0.0875327 0.0829912 0.1037509 0.0968563 0.1122940 
Pseudochiridae_Petauroides_volans            0.0507578 0.1029343 0.0805549 0.0691846 0.0667218 0.1133119 0.0642475 0.0645089 0.0641302 0.1178489 0.0603803 0.1111300 0.1132828 0.0642272 0.0595308 0.1102814 0.1120480 0.1046431 0.1224330 0.0647864 0.0409756 0.1203750 0.1306260 0.1077080 0.0700028 0.0805444 0.0000000 0.0686259 0.0309896 0.0697487 0.0603624 0.0644820 0.1119011 0.1145275 0.1179200 
Macropodidae_Wallabia_bicolor                0.0519520 0.1081422 0.0770574 0.0081899 0.0082315 0.1109507 0.0551351 0.0546147 0.0065844 0.1082151 0.0539192 0.1058874 0.1151757 0.0535429 0.0809585 0.1064522 0.1096565 0.1032584 0.1128143 0.0038513 0.0808516 0.1252835 0.1395415 0.1036108 0.0174850 0.0842844 0.0686259 0.0000000 0.0726140 0.0949603 0.0691731 0.0494589 0.1074346 0.1098104 0.1087699 
Pseudochiridae_Pseudocheirus_occidentalis    0.0582560 0.1032588 0.0815687 0.0797770 0.0774279 0.1287554 0.0709069 0.0737620 0.0755642 0.1247668 0.0695537 0.1231332 0.1270433 0.0752524 0.0704491 0.1247596 0.1274392 0.1101651 0.1281326 0.0721646 0.0076292 0.1252912 0.1420700 0.1219150 0.0799404 0.0933393 0.0309896 0.0726140 0.0000000 0.0794717 0.0684728 0.0720756 0.1167844 0.1277728 0.1246594 
Tarsipedidae_Tarsipes_rostratus              0.0948656 0.1418475 0.1067778 0.1052540 0.1004199 0.1455537 0.0953678 0.0942767 0.0975203 0.1601302 0.0973298 0.1458085 0.1421051 0.0988927 0.0849727 0.1454776 0.1431560 0.1397085 0.1632033 0.0920461 0.0863728 0.1589389 0.1641161 0.1397576 0.1009536 0.1085953 0.0697487 0.0949603 0.0794717 0.0000000 0.0934219 0.0917324 0.1588751 0.1487021 0.1601344 
Acrobatidae_Distoechurus_pennatus            0.0644699 0.1159111 0.0865367 0.0783183 0.0771193 0.1209811 0.0683256 0.0727441 0.0744743 0.1299697 0.0672367 0.1157270 0.1223412 0.0692561 0.0521095 0.1147236 0.1197150 0.1069594 0.1298371 0.0698220 0.0791382 0.1353062 0.1395809 0.1135983 0.0801726 0.0875327 0.0603624 0.0691731 0.0684728 0.0934219 0.0000000 0.0693615 0.1277909 0.1199581 0.1291430 
Phalangeridae_Phalanger_carmelitae           0.0463053 0.1003488 0.0735287 0.0572001 0.0532065 0.1111079 0.0095690 0.0048327 0.0506958 0.1107254 0.0050395 0.1101597 0.1163229 0.0023211 0.0681637 0.1114447 0.1113807 0.1015265 0.1165542 0.0534413 0.0774772 0.1268904 0.1335233 0.1078717 0.0533706 0.0829912 0.0644820 0.0494589 0.0720756 0.0917324 0.0693615 0.0000000 0.1076457 0.1122509 0.1118550 
Peramelidae_Peroryctes_raffrayana            0.1040051 0.1174217 0.1138717 0.1161783 0.1142244 0.1279760 0.1063382 0.1099044 0.1117589 0.0054153 0.1028282 0.1195804 0.1281898 0.1106833 0.1209637 0.1211974 0.1270171 0.1179754 0.0068626 0.1048432 0.1278120 0.1373892 0.1509621 0.1174831 0.1145735 0.1037509 0.1119011 0.1074346 0.1167844 0.1588751 0.1277909 0.1076457 0.0000000 0.1292549 0.0053135 
Dasyuridae_Dasyurus_geffroii                 0.1097571 0.1191786 0.1196271 0.1166410 0.1143214 0.0027343 0.1105979 0.1114139 0.1112770 0.1305323 0.1072854 0.0076292 0.0216902 0.1129990 0.1335328 0.0079161 0.0029220 0.0131689 0.1285299 0.1058699 0.1382656 0.1197106 0.1380155 0.0071536 0.1197924 0.0968563 0.1145275 0.1098104 0.1277728 0.1487021 0.1199581 0.1122509 0.1292549 0.0000000 0.1305049 
Peramelidae_Perameles_gunnii                 0.1071950 0.1206047 0.1159402 0.1203771 0.1160585 0.1292578 0.1089989 0.1131833 0.1135278 0.0005928 0.1050287 0.1196019 0.1314159 0.1142881 0.1320875 0.1201491 0.1283312 0.1186606 0.0085733 0.1086597 0.1371614 0.1391371 0.1565483 0.1191347 0.1187297 0.1122940 0.1179200 0.1087699 0.1246594 0.1601344 0.1291430 0.1118550 0.0053135 0.1305049 0.0000000 
