35
Burramyidae_Burramys_parvus                  0.0000000 0.0845948 0.1022520 0.0573764 0.0585606 0.0886190 0.0444587 0.0465995 0.0576357 0.0724812 0.0762848 0.0855412 0.0799454 0.0602114 0.0628961 0.0845491 0.0878905 0.0763582 0.0805299 0.0558761 0.0633986 0.0917919 0.0855956 0.0811800 0.0606664 0.0569672 0.0537392 0.0633475 0.0399848 0.0539596 0.0422902 0.0507695 0.0778842 0.0829258 0.0769581 
Notoryctidae_Notoryctes_typhlops             0.0845948 0.0000000 0.1331437 0.1052687 0.1069532 0.1206151 0.0913058 0.0925761 0.1048081 0.1021882 0.1255817 0.1170267 0.1204862 0.1085211 0.1015292 0.1171792 0.1156249 0.1131095 0.1080690 0.1016282 0.1076976 0.1253887 0.1164049 0.1127801 0.1111537 0.0924180 0.1034913 0.1071732 0.0876984 0.0970155 0.0897784 0.0998037 0.1062848 0.1189267 0.1038767 
Vombatidae_Lasiorhinus_latifrons             0.1022520 0.1331437 0.0000000 0.1108044 0.1116954 0.1393325 0.0970115 0.1063397 0.1066788 0.1213935 0.1244781 0.1343580 0.1344625 0.1138528 0.1124066 0.1329918 0.1400548 0.1249319 0.1309244 0.1054505 0.1225859 0.1327419 0.1273900 0.1329038 0.1200485 0.1046146 0.0992044 0.1155772 0.0960840 0.1115702 0.1003204 0.1031927 0.1243920 0.1330858 0.1254883 
Potoroidae_Bettongia_penicillata             0.0573764 0.1052687 0.1108044 0.0000000 0.0080429 0.1065462 0.0545240 0.0626837 0.0218196 0.0803106 0.0916012 0.0980822 0.1005094 0.0779126 0.0770063 0.0982262 0.1030695 0.0928572 0.0939254 0.0305088 0.0803702 0.1046973 0.0951766 0.0956479 0.0638546 0.0727719 0.0719884 0.0337669 0.0580734 0.0667310 0.0585736 0.0660260 0.0893511 0.0992514 0.0873903 
Potoroidae_Bettongia_lesueur                 0.0585606 0.1069532 0.1116954 0.0080429 0.0000000 0.1076051 0.0562230 0.0638060 0.0225903 0.0767496 0.0919541 0.0998499 0.1014430 0.0783975 0.0778445 0.0999846 0.1057100 0.0951675 0.0903155 0.0284599 0.0813910 0.1033488 0.0931007 0.0981262 0.0637748 0.0753522 0.0723185 0.0339457 0.0598204 0.0688243 0.0585798 0.0665598 0.0857464 0.1000565 0.0840088 
Dasyuridae_Dasyurus_maculatus                0.0886190 0.1206151 0.1393325 0.1065462 0.1076051 0.0000000 0.0909322 0.0946935 0.1048204 0.0883887 0.1301967 0.0305771 0.0357452 0.1098731 0.0985102 0.0315726 0.0133125 0.0331182 0.0992389 0.0919382 0.1044431 0.1207274 0.1110219 0.0287202 0.1143406 0.0898223 0.1001491 0.1046322 0.0841100 0.0978933 0.0883875 0.1014884 0.0952330 0.0075041 0.0964940 
Phalangeridae_Trichosurus_vulpecula          0.0444587 0.0913058 0.0970115 0.0545240 0.0562230 0.0909322 0.0000000 0.0276214 0.0550336 0.0721064 0.0527856 0.0842272 0.0868405 0.0403025 0.0663944 0.0829571 0.0904161 0.0829749 0.0802874 0.0537707 0.0652344 0.0877314 0.0811345 0.0828884 0.0651376 0.0603356 0.0577182 0.0601030 0.0444544 0.0558973 0.0443854 0.0260684 0.0784225 0.0861391 0.0768157 
Phalangeridae_Spilocuscus_maculatus          0.0465995 0.0925761 0.1063397 0.0626837 0.0638060 0.0946935 0.0276214 0.0000000 0.0635013 0.0726926 0.0445776 0.0902428 0.0887119 0.0223410 0.0687701 0.0883395 0.0949080 0.0854001 0.0817327 0.0591594 0.0616929 0.0885039 0.0853430 0.0897101 0.0620212 0.0658632 0.0610949 0.0636875 0.0464544 0.0605971 0.0519573 0.0290827 0.0778886 0.0895190 0.0788215 
Potoroidae_Aepyprymnus_rufescens             0.0576357 0.1048081 0.1066788 0.0218196 0.0225903 0.1048204 0.0550336 0.0635013 0.0000000 0.0819999 0.0921795 0.0970642 0.0986481 0.0774469 0.0782837 0.0972118 0.1055227 0.0951220 0.0928189 0.0279703 0.0787499 0.1024586 0.0948645 0.0946901 0.0633663 0.0731814 0.0714545 0.0312459 0.0564125 0.0718967 0.0593438 0.0656203 0.0882105 0.0985652 0.0877435 
Peramelidae_Perameles_nasuta                 0.0724812 0.1021882 0.1213935 0.0803106 0.0767496 0.0883887 0.0721064 0.0726926 0.0819999 0.0000000 0.1008271 0.0837404 0.0878646 0.0898602 0.0805730 0.0826856 0.0884820 0.0784653 0.0194601 0.0764291 0.0851316 0.0893420 0.0866820 0.0836262 0.0845399 0.0692789 0.0872988 0.0837591 0.0702039 0.0820966 0.0698611 0.0834325 0.0166268 0.0870349 0.0000010 
Phalangeridae_Strigocuscus_pelengensis       0.0762848 0.1255817 0.1244781 0.0916012 0.0919541 0.1301967 0.0527856 0.0445776 0.0921795 0.1008271 0.0000000 0.1231503 0.1236362 0.0470377 0.1054637 0.1225551 0.1297953 0.1169685 0.1126245 0.0884781 0.0947628 0.1237937 0.1207826 0.1230422 0.0748014 0.0924148 0.0934055 0.0941035 0.0775733 0.0894731 0.0826534 0.0502684 0.1103857 0.1244856 0.1049049 
Dasyuridae_Phascogale_tapoatafa              0.0855412 0.1170267 0.1343580 0.0980822 0.0998499 0.0305771 0.0842272 0.0902428 0.0970642 0.0837404 0.1231503 0.0000000 0.0305721 0.1039193 0.0950056 0.0052393 0.0277820 0.0287701 0.0925525 0.0870715 0.1026073 0.1215739 0.1116801 0.0112765 0.1022354 0.0826909 0.1010429 0.0963239 0.0811628 0.0960296 0.0839710 0.0975417 0.0906037 0.0287746 0.0911952 
Dasyuridae_Sminthopsis_macroura              0.0799454 0.1204862 0.1344625 0.1005094 0.1014430 0.0357452 0.0868405 0.0887119 0.0986481 0.0878646 0.1236362 0.0305721 0.0000000 0.1010613 0.0971790 0.0304381 0.0334737 0.0312329 0.0987497 0.0885421 0.1004932 0.1182330 0.1089603 0.0321583 0.1023711 0.0839425 0.0999368 0.0958877 0.0792891 0.0938291 0.0850030 0.0940683 0.0953968 0.0334649 0.0940536 
Phalangeridae_Phalanger_orientalis           0.0602114 0.1085211 0.1138528 0.0779126 0.0783975 0.1098731 0.0403025 0.0223410 0.0774469 0.0898602 0.0470377 0.1039193 0.1010613 0.0000000 0.0847994 0.1028160 0.1094354 0.0993806 0.0991957 0.0737305 0.0802454 0.1049466 0.1024249 0.1021729 0.0746659 0.0723071 0.0765761 0.0769053 0.0616616 0.0743606 0.0638142 0.0173143 0.0964491 0.1061610 0.0934285 
Acrobatidae_Acrobates_pygmaeus               0.0628961 0.1015292 0.1124066 0.0770063 0.0778445 0.0985102 0.0663944 0.0687701 0.0782837 0.0805730 0.1054637 0.0950056 0.0971790 0.0847994 0.0000000 0.0951757 0.1000216 0.0922998 0.0924765 0.0744206 0.0846284 0.1046649 0.0965140 0.0924939 0.0885745 0.0724627 0.0646754 0.0842955 0.0571388 0.0668955 0.0508841 0.0763055 0.0888372 0.0950568 0.0907978 
Dasyuridae_Phascogale_calura                 0.0845491 0.1171792 0.1329918 0.0982262 0.0999846 0.0315726 0.0829571 0.0883395 0.0972118 0.0826856 0.1225551 0.0052393 0.0304381 0.1028160 0.0951757 0.0000000 0.0287836 0.0304705 0.0928380 0.0872647 0.1003166 0.1195380 0.1091408 0.0123133 0.1023616 0.0816956 0.1018648 0.0964756 0.0801226 0.0955783 0.0829903 0.0964889 0.0908948 0.0297879 0.0900805 
Dasyuridae_Sarcophilus_harrisii              0.0878905 0.1156249 0.1400548 0.1030695 0.1057100 0.0133125 0.0904161 0.0949080 0.1055227 0.0884820 0.1297953 0.0277820 0.0334737 0.1094354 0.1000216 0.0287836 0.0000000 0.0313098 0.1007118 0.0938353 0.1045342 0.1228546 0.1104103 0.0275997 0.1122471 0.0871669 0.1035826 0.1029646 0.0835182 0.0986364 0.0877289 0.1008467 0.0966916 0.0129852 0.0971656 
Dasyuridae_Planigale_tenuirostris            0.0763582 0.1131095 0.1249319 0.0928572 0.0951675 0.0331182 0.0829749 0.0854001 0.0951220 0.0784653 0.1169685 0.0287701 0.0312329 0.0993806 0.0922998 0.0304705 0.0313098 0.0000000 0.0862272 0.0835519 0.0877553 0.1143558 0.1007742 0.0325309 0.0970665 0.0808224 0.0940365 0.0925480 0.0734043 0.0898420 0.0790948 0.0931850 0.0854895 0.0299742 0.0856172 
Peramelidae_Echymipera_kalubu                0.0805299 0.1080690 0.1309244 0.0939254 0.0903155 0.0992389 0.0802874 0.0817327 0.0928189 0.0194601 0.1126245 0.0925525 0.0987497 0.0991957 0.0924765 0.0928380 0.1007118 0.0862272 0.0000000 0.0860124 0.0996950 0.1007640 0.0967536 0.0932688 0.0936897 0.0840652 0.0972169 0.0940977 0.0762726 0.0909545 0.0792301 0.0929222 0.0141493 0.0992174 0.0202450 
Macropodidae_Dorcopsulus_vanheurni           0.0558761 0.1016282 0.1054505 0.0305088 0.0284599 0.0919382 0.0537707 0.0591594 0.0279703 0.0764291 0.0884781 0.0870715 0.0885421 0.0737305 0.0744206 0.0872647 0.0938353 0.0835519 0.0860124 0.0000000 0.0752575 0.0979989 0.0898056 0.0855544 0.0548728 0.0686588 0.0670561 0.0167658 0.0532739 0.0669528 0.0540206 0.0645085 0.0813701 0.0856379 0.0836178 
Pseudochiridae_Pseudochirulus_forbesi        0.0633986 0.1076976 0.1225859 0.0803702 0.0813910 0.1044431 0.0652344 0.0616929 0.0787499 0.0851316 0.0947628 0.1026073 0.1004932 0.0802454 0.0846284 0.1003166 0.1045342 0.0877553 0.0996950 0.0752575 0.0000000 0.1092459 0.1017956 0.0989760 0.0791594 0.0773831 0.0613070 0.0793419 0.0338175 0.0678491 0.0669207 0.0726280 0.0991199 0.0993150 0.0997580 
Didelphidae_Didelphis_virginiana             0.0917919 0.1253887 0.1327419 0.1046973 0.1033488 0.1207274 0.0877314 0.0885039 0.1024586 0.0893420 0.1237937 0.1215739 0.1182330 0.1049466 0.1046649 0.1195380 0.1228546 0.1143558 0.1007640 0.0979989 0.1092459 0.0000000 0.0384660 0.1198045 0.1025101 0.0876938 0.1001956 0.1077966 0.0860105 0.0957662 0.0913927 0.0990503 0.0961032 0.1135666 0.0962618 
Marmosidae_Monodelphis_domestica             0.0855956 0.1164049 0.1273900 0.0951766 0.0931007 0.1110219 0.0811345 0.0853430 0.0948645 0.0866820 0.1207826 0.1116801 0.1089603 0.1024249 0.0965140 0.1091408 0.1104103 0.1007742 0.0967536 0.0898056 0.1017956 0.0384660 0.0000000 0.1066348 0.0997163 0.0833517 0.0950689 0.0978929 0.0792251 0.0926792 0.0832331 0.0909733 0.0921772 0.1060951 0.0936679 
Dasyuridae_Antechinus_stuartii               0.0811800 0.1127801 0.1329038 0.0956479 0.0981262 0.0287202 0.0828884 0.0897101 0.0946901 0.0836262 0.1230422 0.0112765 0.0321583 0.1021729 0.0924939 0.0123133 0.0275997 0.0325309 0.0932688 0.0855544 0.0989760 0.1198045 0.1066348 0.0000000 0.1004739 0.0824431 0.0984342 0.0939281 0.0810135 0.0961413 0.0795380 0.0939034 0.0912377 0.0268872 0.0911392 
Hypsiprymnodontidae_Hypsiprymnodon_moschatus 0.0606664 0.1111537 0.1200485 0.0638546 0.0637748 0.1143406 0.0651376 0.0620212 0.0633663 0.0845399 0.0748014 0.1022354 0.1023711 0.0746659 0.0885745 0.1023616 0.1122471 0.0970665 0.0936897 0.0548728 0.0791594 0.1025101 0.0997163 0.1004739 0.0000000 0.0763504 0.0797465 0.0602548 0.0637052 0.0794480 0.0668450 0.0696575 0.0936809 0.1072077 0.0906974 
Microbiotheriidae_Dromiciops_gliroides       0.0569672 0.0924180 0.1046146 0.0727719 0.0753522 0.0898223 0.0603356 0.0658632 0.0731814 0.0692789 0.0924148 0.0826909 0.0839425 0.0723071 0.0724627 0.0816956 0.0871669 0.0808224 0.0840652 0.0686588 0.0773831 0.0876938 0.0833517 0.0824431 0.0763504 0.0000000 0.0732255 0.0740508 0.0574484 0.0706981 0.0564113 0.0656457 0.0808310 0.0845825 0.0746085 
Pseudochiridae_Petauroides_volans            0.0537392 0.1034913 0.0992044 0.0719884 0.0723185 0.1001491 0.0577182 0.0610949 0.0714545 0.0872988 0.0934055 0.1010429 0.0999368 0.0765761 0.0646754 0.1018648 0.1035826 0.0940365 0.0972169 0.0670561 0.0613070 0.1001956 0.0950689 0.0984342 0.0797465 0.0732255 0.0000000 0.0767195 0.0406536 0.0562038 0.0555184 0.0675544 0.0922462 0.0980644 0.0891117 
Macropodidae_Wallabia_bicolor                0.0633475 0.1071732 0.1155772 0.0337669 0.0339457 0.1046322 0.0601030 0.0636875 0.0312459 0.0837591 0.0941035 0.0963239 0.0958877 0.0769053 0.0842955 0.0964756 0.1029646 0.0925480 0.0940977 0.0167658 0.0793419 0.1077966 0.0978929 0.0939281 0.0602548 0.0740508 0.0767195 0.0000000 0.0610254 0.0744297 0.0639486 0.0689528 0.0906472 0.0976283 0.0902869 
Pseudochiridae_Pseudocheirus_occidentalis    0.0399848 0.0876984 0.0960840 0.0580734 0.0598204 0.0841100 0.0444544 0.0464544 0.0564125 0.0702039 0.0775733 0.0811628 0.0792891 0.0616616 0.0571388 0.0801226 0.0835182 0.0734043 0.0762726 0.0532739 0.0338175 0.0860105 0.0792251 0.0810135 0.0637052 0.0574484 0.0406536 0.0610254 0.0000000 0.0424152 0.0429458 0.0528915 0.0749438 0.0807405 0.0708141 
Tarsipedidae_Tarsipes_rostratus              0.0539596 0.0970155 0.1115702 0.0667310 0.0688243 0.0978933 0.0558973 0.0605971 0.0718967 0.0820966 0.0894731 0.0960296 0.0938291 0.0743606 0.0668955 0.0955783 0.0986364 0.0898420 0.0909545 0.0669528 0.0678491 0.0957662 0.0926792 0.0961413 0.0794480 0.0706981 0.0562038 0.0744297 0.0424152 0.0000000 0.0522586 0.0645164 0.0884172 0.0932853 0.0908698 
Acrobatidae_Distoechurus_pennatus            0.0422902 0.0897784 0.1003204 0.0585736 0.0585798 0.0883875 0.0443854 0.0519573 0.0593438 0.0698611 0.0826534 0.0839710 0.0850030 0.0638142 0.0508841 0.0829903 0.0877289 0.0790948 0.0792301 0.0540206 0.0669207 0.0913927 0.0832331 0.0795380 0.0668450 0.0564113 0.0555184 0.0639486 0.0429458 0.0522586 0.0000000 0.0536504 0.0766803 0.0840269 0.0763841 
Phalangeridae_Phalanger_carmelitae           0.0507695 0.0998037 0.1031927 0.0660260 0.0665598 0.1014884 0.0260684 0.0290827 0.0656203 0.0834325 0.0502684 0.0975417 0.0940683 0.0173143 0.0763055 0.0964889 0.1008467 0.0931850 0.0929222 0.0645085 0.0726280 0.0990503 0.0909733 0.0939034 0.0696575 0.0656457 0.0675544 0.0689528 0.0528915 0.0645164 0.0536504 0.0000000 0.0883648 0.0963792 0.0886214 
Peramelidae_Peroryctes_raffrayana            0.0778842 0.1062848 0.1243920 0.0893511 0.0857464 0.0952330 0.0784225 0.0778886 0.0882105 0.0166268 0.1103857 0.0906037 0.0953968 0.0964491 0.0888372 0.0908948 0.0966916 0.0854895 0.0141493 0.0813701 0.0991199 0.0961032 0.0921772 0.0912377 0.0936809 0.0808310 0.0922462 0.0906472 0.0749438 0.0884172 0.0766803 0.0883648 0.0000000 0.0938747 0.0163737 
Dasyuridae_Dasyurus_geffroii                 0.0829258 0.1189267 0.1330858 0.0992514 0.1000565 0.0075041 0.0861391 0.0895190 0.0985652 0.0870349 0.1244856 0.0287746 0.0334649 0.1061610 0.0950568 0.0297879 0.0129852 0.0299742 0.0992174 0.0856379 0.0993150 0.1135666 0.1060951 0.0268872 0.1072077 0.0845825 0.0980644 0.0976283 0.0807405 0.0932853 0.0840269 0.0963792 0.0938747 0.0000000 0.0881266 
Peramelidae_Perameles_gunnii                 0.0769581 0.1038767 0.1254883 0.0873903 0.0840088 0.0964940 0.0768157 0.0788215 0.0877435 0.0000010 0.1049049 0.0911952 0.0940536 0.0934285 0.0907978 0.0900805 0.0971656 0.0856172 0.0202450 0.0836178 0.0997580 0.0962618 0.0936679 0.0911392 0.0906974 0.0746085 0.0891117 0.0902869 0.0708141 0.0908698 0.0763841 0.0886214 0.0163737 0.0881266 0.0000000 
