35
Burramyidae_Burramys_parvus                  0.0000000 0.0687968 0.0756398 0.0563692 0.0620597 0.0693970 0.0457321 0.0531059 0.0873884 0.0766689 0.0688521 0.0711670 0.0667803 0.0423997 0.0466080 0.1243156 0.0786195 0.0823155 0.0824013 0.0458199 0.0617359 0.1665911 0.0957721 0.0873223 0.0607477 0.0727307 0.0516771 0.0539672 0.0573576 0.0793337 0.0609203 0.0473890 0.0845083 0.0681653 0.0767955 
Notoryctidae_Notoryctes_typhlops             0.0687968 0.0000000 0.1056587 0.0836729 0.0883365 0.0832961 0.0774082 0.0779404 0.1241141 0.0769445 0.1036542 0.0808291 0.0792626 0.0692408 0.0736007 0.1337660 0.0909608 0.0915240 0.0893847 0.0723643 0.0811880 0.1660329 0.0891757 0.1011629 0.0858944 0.0820425 0.0716809 0.0782332 0.0747939 0.1001983 0.0800549 0.0724169 0.0866326 0.0811186 0.0823544 
Vombatidae_Lasiorhinus_latifrons             0.0756398 0.1056587 0.0000000 0.0910583 0.0904818 0.0742948 0.0690070 0.0902886 0.0773229 0.1085390 0.0590885 0.0779884 0.0711825 0.0766021 0.0818209 0.1142138 0.1145359 0.1259901 0.1027963 0.0467410 0.0834531 0.1331586 0.1503887 0.1208302 0.0900454 0.0974705 0.0791379 0.0862390 0.0919626 0.1099388 0.0855232 0.0767585 0.1160134 0.0730694 0.1010282 
Potoroidae_Bettongia_penicillata             0.0563692 0.0836729 0.0910583 0.0000000 0.0080481 0.0882681 0.0590876 0.0597919 0.0405827 0.0888203 0.0808759 0.0876989 0.0820483 0.0522444 0.0554366 0.1444536 0.0901988 0.0909386 0.0934088 0.0175020 0.0653069 0.1782398 0.0863860 0.0995973 0.0493302 0.0770380 0.0556068 0.0170997 0.0594381 0.0830663 0.0673812 0.0572224 0.0973707 0.0869978 0.0872736 
Potoroidae_Bettongia_lesueur                 0.0620597 0.0883365 0.0904818 0.0080481 0.0000000 0.0893349 0.0636806 0.0667210 0.0448781 0.0914868 0.0855031 0.0894403 0.0836449 0.0575609 0.0603824 0.1517682 0.0974649 0.0971368 0.0983263 0.0180167 0.0740830 0.1934459 0.0983625 0.1079325 0.0555777 0.0835497 0.0606635 0.0230990 0.0673940 0.0896788 0.0730900 0.0605420 0.1028704 0.0880576 0.0900278 
Dasyuridae_Dasyurus_maculatus                0.0693970 0.0832961 0.0742948 0.0882681 0.0893349 0.0000000 0.0721533 0.0904789 0.0914506 0.0810733 0.0834660 0.0133338 0.0157885 0.0797707 0.0788735 0.0133481 0.0068936 0.0187625 0.0793188 0.0816348 0.0829396 0.1915468 0.1303749 0.0144137 0.0837467 0.0731127 0.0756501 0.0826048 0.0824683 0.1004430 0.0860803 0.0775760 0.0892221 0.0031762 0.0770715 
Phalangeridae_Trichosurus_vulpecula          0.0457321 0.0774082 0.0690070 0.0590876 0.0636806 0.0721533 0.0000000 0.0357338 0.0855696 0.0845747 0.0501982 0.0743696 0.0707458 0.0289041 0.0530186 0.1285783 0.0872244 0.0916377 0.0848289 0.0414744 0.0599184 0.1856002 0.1048991 0.0951352 0.0566898 0.0695787 0.0494200 0.0559771 0.0606308 0.0765870 0.0601763 0.0310489 0.0934113 0.0709381 0.0810855 
Phalangeridae_Spilocuscus_maculatus          0.0531059 0.0779404 0.0902886 0.0597919 0.0667210 0.0904789 0.0357338 0.0000000 0.1016162 0.0879832 0.0551056 0.0911312 0.0853789 0.0211004 0.0541017 0.1454653 0.0910248 0.0925934 0.0845815 0.0530698 0.0639047 0.1859873 0.0925451 0.1006775 0.0621080 0.0710189 0.0580817 0.0574378 0.0682883 0.0843317 0.0642769 0.0266279 0.0969820 0.0898778 0.0804579 
Potoroidae_Aepyprymnus_rufescens             0.0873884 0.1241141 0.0773229 0.0405827 0.0448781 0.0914506 0.0855696 0.1016162 0.0000000 0.1252488 0.0556887 0.0887171 0.0844274 0.0886852 0.0875036 0.1200087 0.1261522 0.1283410 0.1247030 0.0205299 0.1019741 0.1126056 0.1497887 0.1385377 0.0789543 0.1155378 0.0906664 0.0514964 0.0996107 0.1168306 0.1001572 0.0876369 0.1252310 0.0901674 0.1205279 
Peramelidae_Perameles_nasuta                 0.0766689 0.0769445 0.1085390 0.0888203 0.0914868 0.0810733 0.0845747 0.0879832 0.1252488 0.0000000 0.1073651 0.0776538 0.0774948 0.0752996 0.0764882 0.1286141 0.0923992 0.0911036 0.0148021 0.0761289 0.0825891 0.1735845 0.0980990 0.0997909 0.0962248 0.0850282 0.0826514 0.0853614 0.0807310 0.1038928 0.0871283 0.0803009 0.0172069 0.0792662 0.0000010 
Phalangeridae_Strigocuscus_pelengensis       0.0688521 0.1036542 0.0590885 0.0808759 0.0855031 0.0834660 0.0501982 0.0551056 0.0556887 0.1073651 0.0000000 0.0845544 0.0786336 0.0430675 0.0804468 0.1082881 0.1120951 0.1198452 0.1012652 0.0450493 0.0856824 0.0964233 0.1289469 0.1230065 0.0798384 0.0977167 0.0810802 0.0785320 0.0934119 0.1097810 0.0870719 0.0440770 0.1079849 0.0833438 0.0973272 
Dasyuridae_Phascogale_tapoatafa              0.0711670 0.0808291 0.0779884 0.0876989 0.0894403 0.0133338 0.0743696 0.0911312 0.0887171 0.0776538 0.0845544 0.0000000 0.0176619 0.0803833 0.0737864 0.0034639 0.0138494 0.0163623 0.0840051 0.0806317 0.0849578 0.1824842 0.1523520 0.0091505 0.0861540 0.0778987 0.0795602 0.0794126 0.0810187 0.0932484 0.0816609 0.0780139 0.0830625 0.0128258 0.0780808 
Dasyuridae_Sminthopsis_macroura              0.0667803 0.0792626 0.0711825 0.0820483 0.0836449 0.0157885 0.0707458 0.0853789 0.0844274 0.0774948 0.0786336 0.0176619 0.0000000 0.0730663 0.0762566 0.0172818 0.0147093 0.0165428 0.0794525 0.0758327 0.0784136 0.2110430 0.1204838 0.0190991 0.0825828 0.0719354 0.0714410 0.0768335 0.0778795 0.0947998 0.0798872 0.0712961 0.0827871 0.0148074 0.0756589 
Phalangeridae_Phalanger_orientalis           0.0423997 0.0692408 0.0766021 0.0522444 0.0575609 0.0797707 0.0289041 0.0211004 0.0886852 0.0752996 0.0430675 0.0803833 0.0730663 0.0000000 0.0479030 0.1338720 0.0802167 0.0821178 0.0748028 0.0457020 0.0544249 0.1679809 0.0782150 0.0873465 0.0575093 0.0645343 0.0490714 0.0492779 0.0564967 0.0754625 0.0570396 0.0104934 0.0852047 0.0784917 0.0709461 
Acrobatidae_Acrobates_pygmaeus               0.0466080 0.0736007 0.0818209 0.0554366 0.0603824 0.0788735 0.0530186 0.0541017 0.0875036 0.0764882 0.0804468 0.0737864 0.0762566 0.0479030 0.0000000 0.1263827 0.0833530 0.0852394 0.0809859 0.0501839 0.0535194 0.1665526 0.0812437 0.0885135 0.0601922 0.0725454 0.0430606 0.0547041 0.0455285 0.0709218 0.0374441 0.0525490 0.0855877 0.0774759 0.0761972 
Dasyuridae_Phascogale_calura                 0.1243156 0.1337660 0.1142138 0.1444536 0.1517682 0.0133481 0.1285783 0.1454653 0.1200087 0.1286141 0.1082881 0.0034639 0.0172818 0.1338720 0.1263827 0.0000000 0.0477948 0.0558885 0.1379350 0.0794552 0.1390585 0.1172202 0.1776509 0.0428561 0.1410162 0.1439824 0.1373537 0.1331132 0.1387915 0.1481366 0.1354723 0.1344261 0.1343802 0.0128185 0.1282173 
Dasyuridae_Sarcophilus_harrisii              0.0786195 0.0909608 0.1145359 0.0901988 0.0974649 0.0068936 0.0872244 0.0910248 0.1261522 0.0923992 0.1120951 0.0138494 0.0147093 0.0802167 0.0833530 0.0477948 0.0000000 0.0258255 0.0968867 0.0765674 0.0892504 0.1651977 0.1007783 0.0186403 0.0954770 0.0894434 0.0839061 0.0859003 0.0919971 0.1141348 0.0946152 0.0845606 0.1041199 0.0064339 0.0889463 
Dasyuridae_Planigale_tenuirostris            0.0823155 0.0915240 0.1259901 0.0909386 0.0971368 0.0187625 0.0916377 0.0925934 0.1283410 0.0911036 0.1198452 0.0163623 0.0165428 0.0821178 0.0852394 0.0558885 0.0258255 0.0000000 0.0946601 0.0782854 0.0881421 0.1715384 0.0952353 0.0275315 0.0901451 0.0874372 0.0822525 0.0858711 0.0865143 0.1058435 0.0982828 0.0908789 0.1002086 0.0182504 0.0875073 
Peramelidae_Echymipera_kalubu                0.0824013 0.0893847 0.1027963 0.0934088 0.0983263 0.0793188 0.0848289 0.0845815 0.1247030 0.0148021 0.1012652 0.0840051 0.0794525 0.0748028 0.0809859 0.1379350 0.0968867 0.0946601 0.0000000 0.0801249 0.0891368 0.1743287 0.1075403 0.0973428 0.0978041 0.0857944 0.0861548 0.0922461 0.0886857 0.1130923 0.0899829 0.0795791 0.0185384 0.0795663 0.0135053 
Macropodidae_Dorcopsulus_vanheurni           0.0458199 0.0723643 0.0467410 0.0175020 0.0180167 0.0816348 0.0414744 0.0530698 0.0205299 0.0761289 0.0450493 0.0806317 0.0758327 0.0457020 0.0501839 0.0794552 0.0765674 0.0782854 0.0801249 0.0000000 0.0549581 0.2140990 0.1067230 0.0854915 0.0421986 0.0598881 0.0451100 0.0082781 0.0481488 0.0653803 0.0546541 0.0456999 0.0801753 0.0803822 0.0762964 
Pseudochiridae_Pseudochirulus_forbesi        0.0617359 0.0811880 0.0834531 0.0653069 0.0740830 0.0829396 0.0599184 0.0639047 0.1019741 0.0825891 0.0856824 0.0849578 0.0784136 0.0544249 0.0535194 0.1390585 0.0892504 0.0881421 0.0891368 0.0549581 0.0000000 0.1881828 0.1059160 0.0949920 0.0698908 0.0783131 0.0435271 0.0645496 0.0345399 0.0738850 0.0646411 0.0629359 0.0916129 0.0801853 0.0828857 
Didelphidae_Didelphis_virginiana             0.1665911 0.1660329 0.1331586 0.1782398 0.1934459 0.1915468 0.1856002 0.1859873 0.1126056 0.1735845 0.0964233 0.1824842 0.2110430 0.1679809 0.1665526 0.1172202 0.1651977 0.1715384 0.1743287 0.2140990 0.1881828 0.0000000 0.1190554 0.1614088 0.1945525 0.1860437 0.1797859 0.1750957 0.1844541 0.1951494 0.1884785 0.1785102 0.1759957 0.1921806 0.1718545 
Marmosidae_Monodelphis_domestica             0.0957721 0.0891757 0.1503887 0.0863860 0.0983625 0.1303749 0.1048991 0.0925451 0.1497887 0.0980990 0.1289469 0.1523520 0.1204838 0.0782150 0.0812437 0.1776509 0.1007783 0.0952353 0.1075403 0.1067230 0.1059160 0.1190554 0.0000000 0.1098996 0.1066618 0.0965399 0.0914359 0.0868127 0.0887891 0.1136168 0.1007309 0.0905184 0.1079501 0.1284016 0.0991057 
Dasyuridae_Antechinus_stuartii               0.0873223 0.1011629 0.1208302 0.0995973 0.1079325 0.0144137 0.0951352 0.1006775 0.1385377 0.0997909 0.1230065 0.0091505 0.0190991 0.0873465 0.0885135 0.0428561 0.0186403 0.0275315 0.0973428 0.0854915 0.0949920 0.1614088 0.1098996 0.0000000 0.1004178 0.0938726 0.0915904 0.0947692 0.1033854 0.1218882 0.1023872 0.0937644 0.1094907 0.0134323 0.0947060 
Hypsiprymnodontidae_Hypsiprymnodon_moschatus 0.0607477 0.0858944 0.0900454 0.0493302 0.0555777 0.0837467 0.0566898 0.0621080 0.0789543 0.0962248 0.0798384 0.0861540 0.0825828 0.0575093 0.0601922 0.1410162 0.0954770 0.0901451 0.0978041 0.0421986 0.0698908 0.1945525 0.1066618 0.1004178 0.0000000 0.0805279 0.0576915 0.0481530 0.0652495 0.0811151 0.0715066 0.0614438 0.1059466 0.0832762 0.0923196 
Microbiotheriidae_Dromiciops_gliroides       0.0727307 0.0820425 0.0974705 0.0770380 0.0835497 0.0731127 0.0695787 0.0710189 0.1155378 0.0850282 0.0977167 0.0778987 0.0719354 0.0645343 0.0725454 0.1439824 0.0894434 0.0874372 0.0857944 0.0598881 0.0783131 0.1860437 0.0965399 0.0938726 0.0805279 0.0000000 0.0666564 0.0722707 0.0802611 0.0999464 0.0816701 0.0687624 0.0934370 0.0718745 0.0808740 
Pseudochiridae_Petauroides_volans            0.0516771 0.0716809 0.0791379 0.0556068 0.0606635 0.0756501 0.0494200 0.0580817 0.0906664 0.0826514 0.0810802 0.0795602 0.0714410 0.0490714 0.0430606 0.1373537 0.0839061 0.0822525 0.0861548 0.0451100 0.0435271 0.1797859 0.0914359 0.0915904 0.0576915 0.0666564 0.0000000 0.0531052 0.0394068 0.0642018 0.0500254 0.0520450 0.0918398 0.0744123 0.0793155 
Macropodidae_Wallabia_bicolor                0.0539672 0.0782332 0.0862390 0.0170997 0.0230990 0.0826048 0.0559771 0.0574378 0.0514964 0.0853614 0.0785320 0.0794126 0.0768335 0.0492779 0.0547041 0.1331132 0.0859003 0.0858711 0.0922461 0.0082781 0.0645496 0.1750957 0.0868127 0.0947692 0.0481530 0.0722707 0.0531052 0.0000000 0.0562899 0.0776911 0.0649367 0.0565488 0.0935750 0.0813533 0.0862128 
Pseudochiridae_Pseudocheirus_occidentalis    0.0573576 0.0747939 0.0919626 0.0594381 0.0673940 0.0824683 0.0606308 0.0682883 0.0996107 0.0807310 0.0934119 0.0810187 0.0778795 0.0564967 0.0455285 0.1387915 0.0919971 0.0865143 0.0886857 0.0481488 0.0345399 0.1844541 0.0887891 0.1033854 0.0652495 0.0802611 0.0394068 0.0562899 0.0000000 0.0653690 0.0582091 0.0629706 0.0885333 0.0818771 0.0798600 
Tarsipedidae_Tarsipes_rostratus              0.0793337 0.1001983 0.1099388 0.0830663 0.0896788 0.1004430 0.0765870 0.0843317 0.1168306 0.1038928 0.1097810 0.0932484 0.0947998 0.0754625 0.0709218 0.1481366 0.1141348 0.1058435 0.1130923 0.0653803 0.0738850 0.1951494 0.1136168 0.1218882 0.0811151 0.0999464 0.0642018 0.0776911 0.0653690 0.0000000 0.0778911 0.0813605 0.1127230 0.1000253 0.1067661 
Acrobatidae_Distoechurus_pennatus            0.0609203 0.0800549 0.0855232 0.0673812 0.0730900 0.0860803 0.0601763 0.0642769 0.1001572 0.0871283 0.0870719 0.0816609 0.0798872 0.0570396 0.0374441 0.1354723 0.0946152 0.0982828 0.0899829 0.0546541 0.0646411 0.1884785 0.1007309 0.1023872 0.0715066 0.0816701 0.0500254 0.0649367 0.0582091 0.0778911 0.0000000 0.0594969 0.0942430 0.0847990 0.0860324 
Phalangeridae_Phalanger_carmelitae           0.0473890 0.0724169 0.0767585 0.0572224 0.0605420 0.0775760 0.0310489 0.0266279 0.0876369 0.0803009 0.0440770 0.0780139 0.0712961 0.0104934 0.0525490 0.1344261 0.0845606 0.0908789 0.0795791 0.0456999 0.0629359 0.1785102 0.0905184 0.0937644 0.0614438 0.0687624 0.0520450 0.0565488 0.0629706 0.0813605 0.0594969 0.0000000 0.0864993 0.0763324 0.0754775 
Peramelidae_Peroryctes_raffrayana            0.0845083 0.0866326 0.1160134 0.0973707 0.1028704 0.0892221 0.0934113 0.0969820 0.1252310 0.0172069 0.1079849 0.0830625 0.0827871 0.0852047 0.0855877 0.1343802 0.1041199 0.1002086 0.0185384 0.0801753 0.0916129 0.1759957 0.1079501 0.1094907 0.1059466 0.0934370 0.0918398 0.0935750 0.0885333 0.1127230 0.0942430 0.0864993 0.0000000 0.0873288 0.0171305 
Dasyuridae_Dasyurus_geffroii                 0.0681653 0.0811186 0.0730694 0.0869978 0.0880576 0.0031762 0.0709381 0.0898778 0.0901674 0.0792662 0.0833438 0.0128258 0.0148074 0.0784917 0.0774759 0.0128185 0.0064339 0.0182504 0.0795663 0.0803822 0.0801853 0.1921806 0.1284016 0.0134323 0.0832762 0.0718745 0.0744123 0.0813533 0.0818771 0.1000253 0.0847990 0.0763324 0.0873288 0.0000000 0.0772505 
Peramelidae_Perameles_gunnii                 0.0767955 0.0823544 0.1010282 0.0872736 0.0900278 0.0770715 0.0810855 0.0804579 0.1205279 0.0000010 0.0973272 0.0780808 0.0756589 0.0709461 0.0761972 0.1282173 0.0889463 0.0875073 0.0135053 0.0762964 0.0828857 0.1718545 0.0991057 0.0947060 0.0923196 0.0808740 0.0793155 0.0862128 0.0798600 0.1067661 0.0860324 0.0754775 0.0171305 0.0772505 0.0000000 
