35
Burramyidae_Burramys_parvus                  0.0000000 0.0594802 0.0344869 0.0375592 0.0387197 0.0544535 0.0364679 0.0313557 0.0368024 0.0709892 0.0309964 0.0518263 0.0527714 0.0307552 0.0391639 0.0536885 0.0531220 0.0581778 0.0733880 0.0323729 0.0384073 0.0649715 0.0656390 0.0540866 0.0360961 0.0436159 0.0386878 0.0347602 0.0379417 0.0484799 0.0354960 0.0294029 0.0716892 0.0621791 0.0722960 
Notoryctidae_Notoryctes_typhlops             0.0594802 0.0000000 0.0614194 0.0726218 0.0727482 0.0824256 0.0739233 0.0656166 0.0731151 0.0972652 0.0652448 0.0792743 0.0784585 0.0641517 0.0663926 0.0818220 0.0812239 0.1012475 0.1026452 0.0662447 0.0679881 0.0931363 0.0920691 0.0824111 0.0694884 0.0764018 0.0656822 0.0690271 0.0643016 0.0796714 0.0668478 0.0642902 0.0987681 0.0998410 0.0994055 
Vombatidae_Lasiorhinus_latifrons             0.0344869 0.0614194 0.0000000 0.0473533 0.0482651 0.0594270 0.0457831 0.0381211 0.0456646 0.0747203 0.0389997 0.0562583 0.0563256 0.0391162 0.0415775 0.0589171 0.0580390 0.0656573 0.0782065 0.0408351 0.0445518 0.0680405 0.0664159 0.0606946 0.0442187 0.0449770 0.0430818 0.0436519 0.0423782 0.0548673 0.0455129 0.0385431 0.0777709 0.0729658 0.0747923 
Potoroidae_Bettongia_penicillata             0.0375592 0.0726218 0.0473533 0.0000000 0.0026948 0.0687941 0.0502744 0.0456351 0.0109844 0.0870609 0.0458972 0.0672801 0.0655896 0.0447099 0.0486558 0.0696843 0.0665082 0.0794205 0.0879450 0.0141687 0.0527080 0.0797028 0.0776072 0.0698263 0.0283046 0.0585421 0.0513787 0.0138243 0.0512011 0.0595954 0.0484944 0.0439963 0.0871607 0.0830172 0.0883550 
Potoroidae_Bettongia_lesueur                 0.0387197 0.0727482 0.0482651 0.0026948 0.0000000 0.0698023 0.0495120 0.0457127 0.0099491 0.0862499 0.0454697 0.0682581 0.0665842 0.0447865 0.0495289 0.0706963 0.0675064 0.0810148 0.0880934 0.0131145 0.0536427 0.0798397 0.0786931 0.0703713 0.0275933 0.0589464 0.0514670 0.0127617 0.0512902 0.0595804 0.0494099 0.0440712 0.0863274 0.0841325 0.0875447 
Dasyuridae_Dasyurus_maculatus                0.0544535 0.0824256 0.0594270 0.0687941 0.0698023 0.0000000 0.0677531 0.0600475 0.0697554 0.0944125 0.0605020 0.0138489 0.0207830 0.0599637 0.0662717 0.0156703 0.0061158 0.0207941 0.0941576 0.0622586 0.0626513 0.0797340 0.0804182 0.0187045 0.0681196 0.0651892 0.0656770 0.0653280 0.0665300 0.0755449 0.0671708 0.0591792 0.0946995 0.0056554 0.0936596 
Phalangeridae_Trichosurus_vulpecula          0.0364679 0.0739233 0.0457831 0.0502744 0.0495120 0.0677531 0.0000000 0.0205126 0.0486382 0.0834956 0.0200553 0.0635971 0.0633003 0.0194958 0.0495691 0.0659808 0.0663487 0.0630208 0.0858074 0.0433120 0.0495098 0.0778932 0.0750426 0.0676928 0.0484095 0.0569598 0.0490582 0.0466537 0.0457108 0.0573020 0.0493895 0.0186837 0.0818329 0.0679650 0.0852357 
Phalangeridae_Spilocuscus_maculatus          0.0313557 0.0656166 0.0381211 0.0456351 0.0457127 0.0600475 0.0205126 0.0000000 0.0448294 0.0798887 0.0100737 0.0573580 0.0574409 0.0099795 0.0428840 0.0588236 0.0586961 0.0668197 0.0841403 0.0388252 0.0427559 0.0701089 0.0684078 0.0588225 0.0441170 0.0513420 0.0447620 0.0404691 0.0406513 0.0528842 0.0455472 0.0092346 0.0792158 0.0713791 0.0817017 
Potoroidae_Aepyprymnus_rufescens             0.0368024 0.0731151 0.0456646 0.0109844 0.0099491 0.0697554 0.0486382 0.0448294 0.0000000 0.0846946 0.0434460 0.0672480 0.0656917 0.0439020 0.0489410 0.0696501 0.0674604 0.0789741 0.0850810 0.0113385 0.0510794 0.0778935 0.0772458 0.0707991 0.0264468 0.0612026 0.0506065 0.0116981 0.0481611 0.0587409 0.0493516 0.0431954 0.0842115 0.0826043 0.0859864 
Peramelidae_Perameles_nasuta                 0.0709892 0.0972652 0.0747203 0.0870609 0.0862499 0.0944125 0.0834956 0.0798887 0.0846946 0.0000000 0.0796320 0.0904326 0.0893084 0.0789251 0.0854700 0.0914705 0.0916242 0.1163663 0.0158137 0.0800752 0.0828029 0.0940642 0.0958412 0.0944155 0.0810723 0.0838105 0.0852880 0.0829697 0.0841691 0.0938468 0.0844528 0.0765218 0.0121454 0.1179086 0.0000010 
Phalangeridae_Strigocuscus_pelengensis       0.0309964 0.0652448 0.0389997 0.0458972 0.0454697 0.0605020 0.0200553 0.0100737 0.0434460 0.0796320 0.0000000 0.0586552 0.0583717 0.0090444 0.0426811 0.0592282 0.0595868 0.0669086 0.0839146 0.0381902 0.0405844 0.0695591 0.0708065 0.0605511 0.0427178 0.0509645 0.0436184 0.0401896 0.0400219 0.0508449 0.0454473 0.0083101 0.0798751 0.0721293 0.0813172 
Dasyuridae_Phascogale_tapoatafa              0.0518263 0.0792743 0.0562583 0.0672801 0.0682581 0.0138489 0.0635971 0.0573580 0.0672480 0.0904326 0.0586552 0.0000000 0.0171074 0.0563816 0.0608123 0.0030408 0.0131201 0.0173236 0.0902147 0.0589295 0.0612040 0.0775214 0.0774461 0.0086225 0.0665766 0.0632947 0.0633432 0.0619630 0.0614137 0.0711321 0.0630852 0.0556263 0.0890632 0.0146257 0.0897044 
Dasyuridae_Sminthopsis_macroura              0.0527714 0.0784585 0.0563256 0.0655896 0.0665842 0.0207830 0.0633003 0.0574409 0.0656917 0.0893084 0.0583717 0.0171074 0.0000000 0.0573458 0.0618081 0.0189633 0.0196560 0.0133863 0.0879906 0.0582817 0.0582699 0.0812354 0.0784791 0.0209544 0.0653881 0.0628837 0.0621508 0.0604306 0.0611398 0.0702718 0.0634838 0.0565812 0.0883074 0.0200090 0.0885830 
Phalangeridae_Phalanger_orientalis           0.0307552 0.0641517 0.0391162 0.0447099 0.0447865 0.0599637 0.0194958 0.0099795 0.0439020 0.0789251 0.0090444 0.0563816 0.0573458 0.0000000 0.0422606 0.0578034 0.0586065 0.0670225 0.0825505 0.0378809 0.0405963 0.0684052 0.0687052 0.0594968 0.0423618 0.0502653 0.0421281 0.0403186 0.0392797 0.0503837 0.0433717 0.0027081 0.0777765 0.0708423 0.0806073 
Acrobatidae_Acrobates_pygmaeus               0.0391639 0.0663926 0.0415775 0.0486558 0.0495289 0.0662717 0.0495691 0.0428840 0.0489410 0.0854700 0.0426811 0.0608123 0.0618081 0.0422606 0.0000000 0.0631915 0.0647593 0.0844109 0.0876767 0.0415987 0.0373050 0.0755307 0.0691957 0.0648910 0.0462799 0.0582259 0.0406450 0.0445927 0.0390775 0.0429287 0.0256406 0.0428897 0.0857590 0.0859596 0.0863457 
Dasyuridae_Phascogale_calura                 0.0536885 0.0818220 0.0589171 0.0696843 0.0706963 0.0156703 0.0659808 0.0588236 0.0696501 0.0914705 0.0592282 0.0030408 0.0189633 0.0578034 0.0631915 0.0000000 0.0138562 0.0196280 0.0917140 0.0612690 0.0635553 0.0794747 0.0781317 0.0096977 0.0689798 0.0638104 0.0656674 0.0634931 0.0629461 0.0718566 0.0654399 0.0570354 0.0901194 0.0167390 0.0906555 
Dasyuridae_Sarcophilus_harrisii              0.0531220 0.0812239 0.0580390 0.0665082 0.0675064 0.0061158 0.0663487 0.0586961 0.0674604 0.0916242 0.0595868 0.0131201 0.0196560 0.0586065 0.0647593 0.0138562 0.0000000 0.0201394 0.0920580 0.0600180 0.0604073 0.0776981 0.0784124 0.0172244 0.0667173 0.0636779 0.0642814 0.0630509 0.0654898 0.0736606 0.0652953 0.0578330 0.0914033 0.0056509 0.0909932 
Dasyuridae_Planigale_tenuirostris            0.0581778 0.1012475 0.0656573 0.0794205 0.0810148 0.0207941 0.0630208 0.0668197 0.0789741 0.1163663 0.0669086 0.0173236 0.0133863 0.0670225 0.0844109 0.0196280 0.0201394 0.0000000 0.1150775 0.0702639 0.0717852 0.0979013 0.1052360 0.0218952 0.0809105 0.0843954 0.0755406 0.0752418 0.0726598 0.0906482 0.0822253 0.0654149 0.1140340 0.0178626 0.1152641 
Peramelidae_Echymipera_kalubu                0.0733880 0.1026452 0.0782065 0.0879450 0.0880934 0.0941576 0.0858074 0.0841403 0.0850810 0.0158137 0.0839146 0.0902147 0.0879906 0.0825505 0.0876767 0.0917140 0.0920580 0.1150775 0.0000000 0.0819328 0.0860729 0.0975000 0.0979344 0.0926775 0.0838895 0.0872144 0.0855322 0.0848230 0.0874062 0.0936755 0.0852986 0.0807492 0.0139490 0.1178899 0.0161259 
Macropodidae_Dorcopsulus_vanheurni           0.0323729 0.0662447 0.0408351 0.0141687 0.0131145 0.0622586 0.0433120 0.0388252 0.0113385 0.0800752 0.0381902 0.0589295 0.0582817 0.0378809 0.0415987 0.0612690 0.0600180 0.0702639 0.0819328 0.0000000 0.0465425 0.0723903 0.0721887 0.0631933 0.0219632 0.0551433 0.0435725 0.0050877 0.0440284 0.0546757 0.0423882 0.0376574 0.0800118 0.0726988 0.0813903 
Pseudochiridae_Pseudochirulus_forbesi        0.0384073 0.0679881 0.0445518 0.0527080 0.0536427 0.0626513 0.0495098 0.0427559 0.0510794 0.0828029 0.0405844 0.0612040 0.0582699 0.0405963 0.0373050 0.0635553 0.0604073 0.0717852 0.0860729 0.0465425 0.0000000 0.0741682 0.0747390 0.0633970 0.0489665 0.0542386 0.0247506 0.0486423 0.0151997 0.0437006 0.0408971 0.0403560 0.0837211 0.0708049 0.0841048 
Didelphidae_Didelphis_virginiana             0.0649715 0.0931363 0.0680405 0.0797028 0.0798397 0.0797340 0.0778932 0.0701089 0.0778935 0.0940642 0.0695591 0.0775214 0.0812354 0.0684052 0.0755307 0.0794747 0.0776981 0.0979013 0.0975000 0.0723903 0.0741682 0.0000000 0.0342994 0.0808560 0.0744948 0.0732958 0.0770584 0.0746898 0.0750247 0.0873985 0.0769311 0.0663794 0.0974646 0.0982800 0.0945382 
Marmosidae_Monodelphis_domestica             0.0656390 0.0920691 0.0664159 0.0776072 0.0786931 0.0804182 0.0750426 0.0684078 0.0772458 0.0958412 0.0708065 0.0774461 0.0784791 0.0687052 0.0691957 0.0781317 0.0784124 0.1052360 0.0979344 0.0721887 0.0747390 0.0342994 0.0000000 0.0787278 0.0741050 0.0748807 0.0770100 0.0741315 0.0757518 0.0823703 0.0733032 0.0669811 0.0974142 0.1061315 0.0965887 
Dasyuridae_Antechinus_stuartii               0.0540866 0.0824111 0.0606946 0.0698263 0.0703713 0.0187045 0.0676928 0.0588225 0.0707991 0.0944155 0.0605511 0.0086225 0.0209544 0.0594968 0.0648910 0.0096977 0.0172244 0.0218952 0.0926775 0.0631933 0.0633970 0.0808560 0.0787278 0.0000000 0.0699774 0.0656762 0.0655736 0.0645365 0.0650942 0.0715877 0.0677760 0.0587846 0.0931214 0.0200832 0.0938660 
Hypsiprymnodontidae_Hypsiprymnodon_moschatus 0.0360961 0.0694884 0.0442187 0.0283046 0.0275933 0.0681196 0.0484095 0.0441170 0.0264468 0.0810723 0.0427178 0.0665766 0.0653881 0.0423618 0.0462799 0.0689798 0.0667173 0.0809105 0.0838895 0.0219632 0.0489665 0.0744948 0.0741050 0.0699774 0.0000000 0.0593833 0.0464962 0.0234696 0.0467047 0.0586149 0.0444046 0.0420741 0.0817367 0.0832147 0.0823705 
Microbiotheriidae_Dromiciops_gliroides       0.0436159 0.0764018 0.0449770 0.0585421 0.0589464 0.0651892 0.0569598 0.0513420 0.0612026 0.0838105 0.0509645 0.0632947 0.0628837 0.0502653 0.0582259 0.0638104 0.0636779 0.0843954 0.0872144 0.0551433 0.0542386 0.0732958 0.0748807 0.0656762 0.0593833 0.0000000 0.0573396 0.0559458 0.0560062 0.0641129 0.0562628 0.0495511 0.0847009 0.0870160 0.0830417 
Pseudochiridae_Petauroides_volans            0.0386878 0.0656822 0.0430818 0.0513787 0.0514670 0.0656770 0.0490582 0.0447620 0.0506065 0.0852880 0.0436184 0.0633432 0.0621508 0.0421281 0.0406450 0.0656674 0.0642814 0.0755406 0.0855322 0.0435725 0.0247506 0.0770584 0.0770100 0.0655736 0.0464962 0.0573396 0.0000000 0.0456605 0.0244308 0.0474696 0.0407183 0.0419163 0.0872616 0.0793373 0.0865168 
Macropodidae_Wallabia_bicolor                0.0347602 0.0690271 0.0436519 0.0138243 0.0127617 0.0653280 0.0466537 0.0404691 0.0116981 0.0829697 0.0401896 0.0619630 0.0604306 0.0403186 0.0445927 0.0634931 0.0630509 0.0752418 0.0848230 0.0050877 0.0486423 0.0746898 0.0741315 0.0645365 0.0234696 0.0559458 0.0456605 0.0000000 0.0461374 0.0557006 0.0453041 0.0396419 0.0829643 0.0794182 0.0842891 
Pseudochiridae_Pseudocheirus_occidentalis    0.0379417 0.0643016 0.0423782 0.0512011 0.0512902 0.0665300 0.0457108 0.0406513 0.0481611 0.0841691 0.0400219 0.0614137 0.0611398 0.0392797 0.0390775 0.0629461 0.0654898 0.0726598 0.0874062 0.0440284 0.0151997 0.0750247 0.0757518 0.0650942 0.0467047 0.0560062 0.0244308 0.0461374 0.0000000 0.0453457 0.0392550 0.0390439 0.0832468 0.0780734 0.0842888 
Tarsipedidae_Tarsipes_rostratus              0.0484799 0.0796714 0.0548673 0.0595954 0.0595804 0.0755449 0.0573020 0.0528842 0.0587409 0.0938468 0.0508449 0.0711321 0.0702718 0.0503837 0.0429287 0.0718566 0.0736606 0.0906482 0.0936755 0.0546757 0.0437006 0.0873985 0.0823703 0.0715877 0.0586149 0.0641129 0.0474696 0.0557006 0.0453457 0.0000000 0.0504530 0.0493702 0.0940398 0.0913016 0.0946322 
Acrobatidae_Distoechurus_pennatus            0.0354960 0.0668478 0.0455129 0.0484944 0.0494099 0.0671708 0.0493895 0.0455472 0.0493516 0.0844528 0.0454473 0.0630852 0.0634838 0.0433717 0.0256406 0.0654399 0.0652953 0.0822253 0.0852986 0.0423882 0.0408971 0.0769311 0.0733032 0.0677760 0.0444046 0.0562628 0.0407183 0.0453041 0.0392550 0.0504530 0.0000000 0.0430858 0.0835092 0.0800687 0.0857482 
Phalangeridae_Phalanger_carmelitae           0.0294029 0.0642902 0.0385431 0.0439963 0.0440712 0.0591792 0.0186837 0.0092346 0.0431954 0.0765218 0.0083101 0.0556263 0.0565812 0.0027081 0.0428897 0.0570354 0.0578330 0.0654149 0.0807492 0.0376574 0.0403560 0.0663794 0.0669811 0.0587846 0.0420741 0.0495511 0.0419163 0.0396419 0.0390439 0.0493702 0.0430858 0.0000000 0.0753258 0.0699953 0.0783224 
Peramelidae_Peroryctes_raffrayana            0.0716892 0.0987681 0.0777709 0.0871607 0.0863274 0.0946995 0.0818329 0.0792158 0.0842115 0.0121454 0.0798751 0.0890632 0.0883074 0.0777765 0.0857590 0.0901194 0.0914033 0.1140340 0.0139490 0.0800118 0.0837211 0.0974646 0.0974142 0.0931214 0.0817367 0.0847009 0.0872616 0.0829643 0.0832468 0.0940398 0.0835092 0.0753258 0.0000000 0.1163732 0.0121977 
Dasyuridae_Dasyurus_geffroii                 0.0621791 0.0998410 0.0729658 0.0830172 0.0841325 0.0056554 0.0679650 0.0713791 0.0826043 0.1179086 0.0721293 0.0146257 0.0200090 0.0708423 0.0859596 0.0167390 0.0056509 0.0178626 0.1178899 0.0726988 0.0708049 0.0982800 0.1061315 0.0200832 0.0832147 0.0870160 0.0793373 0.0794182 0.0780734 0.0913016 0.0800687 0.0699953 0.1163732 0.0000000 0.1172855 
Peramelidae_Perameles_gunnii                 0.0722960 0.0994055 0.0747923 0.0883550 0.0875447 0.0936596 0.0852357 0.0817017 0.0859864 0.0000010 0.0813172 0.0897044 0.0885830 0.0806073 0.0863457 0.0906555 0.0909932 0.1152641 0.0161259 0.0813903 0.0841048 0.0945382 0.0965887 0.0938660 0.0823705 0.0830417 0.0865168 0.0842891 0.0842888 0.0946322 0.0857482 0.0783224 0.0121977 0.1172855 0.0000000 
