39
Peramelidae_Isoodon_obesulus1                0.0000000 0.0641186 0.1103261 0.0796752 0.0684084 0.0729173 0.0909213 0.0627176 0.1309400 0.1107852 0.0025394 0.1366606 0.1198361 0.1194920 0.1270176 0.0958107 0.1016540 0.1090800 0.1352296 0.0074715 0.0702728 0.1079883 0.0942655 0.1005644 0.0997480 0.0650173 0.0650493 0.0804784 0.0717049 0.1299171 0.1379921 0.0952784 0.1270176 0.0000010 0.0109587 0.0999272 0.0016638 9.0000000 9.0000000 
Burramyidae_Burramys_parvus                  0.0641186 0.0000000 0.0730384 0.0562000 0.0523306 0.0520788 0.0685842 0.0391308 0.0434165 0.0581040 0.1430670 0.0491733 0.0672530 0.0707122 0.0545310 0.0582564 0.0656548 0.0695665 0.0642297 0.1388867 0.0486123 0.0629384 0.0885295 0.0921009 0.0638264 0.0503498 0.0572190 0.0361552 0.0471359 0.0432981 0.0434971 0.0554284 0.0546819 0.0641186 0.0705569 0.0691319 0.1473625 0.1387309 0.1387309 
Notoryctidae_Notoryctes_typhlops             0.1103261 0.0730384 0.0000000 0.0808621 0.0769857 0.0784738 0.0852906 0.0712060 0.0757996 0.0829602 0.1507256 0.0810297 0.0831525 0.0863497 0.0818604 0.0799755 0.0811906 0.0868058 0.0742299 0.1470306 0.0754383 0.0898940 0.0987942 0.1030645 0.0748641 0.0786630 0.0677829 0.0574404 0.0751143 0.0783608 0.0629481 0.0830932 0.0870118 0.1103261 0.0968493 0.0845351 0.1544522 0.1971781 0.1971781 
Vombatidae_Lasiorhinus_latifrons             0.0796752 0.0562000 0.0808621 0.0000000 0.0677789 0.0676986 0.0821877 0.0551971 0.0589691 0.0729198 0.1504389 0.0629715 0.0790975 0.0799988 0.0702216 0.0704746 0.0773983 0.0833589 0.0739853 0.1475088 0.0659710 0.0800427 0.0955743 0.0974719 0.0760877 0.0643420 0.0651313 0.0373550 0.0644736 0.0461775 0.0428850 0.0706571 0.0710312 0.0796752 0.0778948 0.0807952 0.1541114 0.1525777 0.1525777 
Potoroidae_Bettongia_penicillata             0.0684084 0.0523306 0.0769857 0.0677789 0.0000000 0.0030032 0.0760491 0.0547838 0.0590779 0.0124184 0.1468230 0.0652440 0.0778684 0.0793054 0.0689783 0.0669804 0.0750377 0.0762834 0.0700434 0.1421442 0.0167623 0.0730519 0.0918611 0.0984507 0.0720727 0.0370778 0.0630123 0.0491145 0.0156555 0.0524978 0.0501882 0.0668424 0.0714602 0.0684084 0.0849495 0.0758358 0.1498547 0.1590449 0.1590449 
Potoroidae_Bettongia_lesueur                 0.0729173 0.0520788 0.0784738 0.0676986 0.0030032 0.0000000 0.0774456 0.0551629 0.0592093 0.0120711 0.1486056 0.0656911 0.0781188 0.0797731 0.0690424 0.0676946 0.0757241 0.0776758 0.0712132 0.1438673 0.0167552 0.0733953 0.0930877 0.0996934 0.0732050 0.0374428 0.0631602 0.0499694 0.0152913 0.0535739 0.0518373 0.0681905 0.0715621 0.0729173 0.0882051 0.0764954 0.1515911 0.1558880 0.1558880 
Dasyuridae_Dasyurus_maculatus                0.0909213 0.0685842 0.0852906 0.0821877 0.0760491 0.0774456 0.0000000 0.0684313 0.0754062 0.0795389 0.1558990 0.0797144 0.0162141 0.0199845 0.0858310 0.0853095 0.0164205 0.0047830 0.0196952 0.1529319 0.0750816 0.0870753 0.0983147 0.0976718 0.0158829 0.0776630 0.0723421 0.0670252 0.0735715 0.0717068 0.0669897 0.0809177 0.0869914 0.0909213 0.0937891 0.0025665 0.1589939 0.0688018 0.0688018 
Phalangeridae_Trichosurus_vulpecula          0.0627176 0.0391308 0.0712060 0.0551971 0.0547838 0.0551629 0.0684313 0.0000000 0.0181336 0.0571996 0.1368460 0.0215940 0.0643915 0.0684996 0.0273651 0.0553920 0.0645346 0.0690706 0.0620863 0.1330923 0.0537530 0.0627390 0.0852765 0.0915689 0.0603349 0.0512266 0.0570822 0.0326010 0.0511139 0.0436245 0.0394394 0.0541651 0.0268320 0.0627176 0.0758493 0.0675048 0.1404941 0.1319087 0.1319087 
Phalangeridae_Spilocuscus_maculatus          0.1309400 0.0434165 0.0757996 0.0589691 0.0590779 0.0592093 0.0754062 0.0181336 0.0000000 0.0623173 0.1487150 0.0117556 0.0725622 0.0741577 0.0193621 0.0604633 0.0712934 0.0757881 0.0682115 0.1443660 0.0570254 0.0671869 0.0910420 0.0962729 0.0677290 0.0556009 0.0610266 0.0403163 0.0540708 0.0474733 0.0455782 0.0597918 0.0157203 0.1309400 0.0894931 0.0739346 0.1519603 0.1264024 0.1264024 
Potoroidae_Aepyprymnus_rufescens             0.1107852 0.0581040 0.0829602 0.0729198 0.0124184 0.0120711 0.0795389 0.0571996 0.0623173 0.0000000 0.1532020 0.0682461 0.0812949 0.0818752 0.0721806 0.0723558 0.0787855 0.0800057 0.0726613 0.1490394 0.0211648 0.0757190 0.0997627 0.1040778 0.0748556 0.0417831 0.0694245 0.0578983 0.0200096 0.0598847 0.0590839 0.0719743 0.0756878 0.1107852 0.0955330 0.0793229 0.1559965 0.1807667 0.1807667 
Peramelidae_Perameles_nasuta                 0.0025394 0.1430670 0.1507256 0.1504389 0.1468230 0.1486056 0.1558990 0.1368460 0.1487150 0.1532020 0.0000000 0.1594230 0.1523875 0.1551660 0.1580635 0.1527084 0.1497108 0.1576185 0.1508787 0.0163256 0.1491604 0.1552141 0.1594243 0.1635168 0.1413983 0.1498649 0.1311295 0.0704040 0.1484370 0.0830496 0.0710616 0.1541774 0.1645765 0.0025394 0.0123341 0.1560072 0.0012062 0.1893120 0.1893120 
Phalangeridae_Strigocuscus_pelengensis       0.1366606 0.0491733 0.0810297 0.0629715 0.0652440 0.0656911 0.0797144 0.0215940 0.0117556 0.0682461 0.1594230 0.0000000 0.0767404 0.0778767 0.0183957 0.0666241 0.0758285 0.0801298 0.0754279 0.1559667 0.0634432 0.0746612 0.1005524 0.1059488 0.0742621 0.0604081 0.0672018 0.0504369 0.0600506 0.0552691 0.0527403 0.0655531 0.0161170 0.1366606 0.0952302 0.0791106 0.1628194 0.1019062 0.1019062 
Dasyuridae_Phascogale_tapoatafa              0.1198361 0.0672530 0.0831525 0.0790975 0.0778684 0.0781188 0.0162141 0.0643915 0.0725622 0.0812949 0.1523875 0.0767404 0.0000000 0.0203114 0.0826199 0.0820555 0.0038111 0.0176394 0.0192716 0.1484486 0.0753639 0.0837982 0.0950914 0.0955103 0.0080135 0.0764000 0.0704027 0.0601809 0.0739856 0.0690509 0.0620183 0.0767755 0.0836748 0.1198361 0.0878848 0.0165719 0.1559486 0.0588550 0.0588550 
Dasyuridae_Sminthopsis_macroura              0.1194920 0.0707122 0.0863497 0.0799988 0.0793054 0.0797731 0.0199845 0.0684996 0.0741577 0.0818752 0.1551660 0.0778767 0.0203114 0.0000000 0.0843732 0.0846478 0.0197627 0.0210491 0.0183554 0.1526627 0.0776699 0.0868416 0.0978171 0.0947155 0.0202271 0.0786360 0.0693423 0.0687620 0.0751837 0.0730999 0.0659155 0.0792048 0.0854498 0.1194920 0.0966329 0.0189354 0.1597700 0.0684372 0.0684372 
Phalangeridae_Phalanger_orientalis           0.1270176 0.0545310 0.0818604 0.0702216 0.0689783 0.0690424 0.0858310 0.0273651 0.0193621 0.0721806 0.1580635 0.0183957 0.0826199 0.0843732 0.0000000 0.0672365 0.0819103 0.0851294 0.0822546 0.1559461 0.0670182 0.0763209 0.1077532 0.1065665 0.0819443 0.0667445 0.0714747 0.0595378 0.0641186 0.0665773 0.0741830 0.0689479 0.0176453 0.1270176 0.1033249 0.0845106 0.1610716 0.1008678 0.1008678 
Acrobatidae_Acrobates_pygmaeus               0.0958107 0.0582564 0.0799755 0.0704746 0.0669804 0.0676946 0.0853095 0.0553920 0.0604633 0.0723558 0.1527084 0.0666241 0.0820555 0.0846478 0.0672365 0.0000000 0.0813577 0.0859752 0.0741797 0.1495578 0.0634510 0.0625983 0.0991412 0.1033287 0.0757929 0.0658757 0.0692422 0.0277432 0.0636523 0.0449000 0.0365634 0.0372472 0.0712857 0.0958107 0.0821186 0.0842580 0.1570035 0.1623782 0.1623782 
Dasyuridae_Phascogale_calura                 0.1016540 0.0656548 0.0811906 0.0773983 0.0750377 0.0757241 0.0164205 0.0645346 0.0712934 0.0787855 0.1497108 0.0758285 0.0038111 0.0197627 0.0819103 0.0813577 0.0000000 0.0178252 0.0187322 0.1462958 0.0733297 0.0823006 0.0917972 0.0939017 0.0077236 0.0740401 0.0676878 0.0580310 0.0724190 0.0648922 0.0586586 0.0766084 0.0824715 0.1016540 0.0852614 0.0157444 0.1526202 0.0620740 0.0620740 
Dasyuridae_Sarcophilus_harrisii              0.1090800 0.0695665 0.0868058 0.0833589 0.0762834 0.0776758 0.0047830 0.0690706 0.0757881 0.0800057 0.1576185 0.0801298 0.0176394 0.0210491 0.0851294 0.0859752 0.0178252 0.0000000 0.0197063 0.1545675 0.0753256 0.0866262 0.0972371 0.0973952 0.0166095 0.0780834 0.0730744 0.0724607 0.0738207 0.0730174 0.0704152 0.0812073 0.0870173 0.1090800 0.0970521 0.0053819 0.1610262 0.0717811 0.0717811 
Dasyuridae_Planigale_tenuirostris            0.1352296 0.0642297 0.0742299 0.0739853 0.0700434 0.0712132 0.0196952 0.0620863 0.0682115 0.0726613 0.1508787 0.0754279 0.0192716 0.0183554 0.0822546 0.0741797 0.0187322 0.0197063 0.0000000 0.1481394 0.0687345 0.0785561 0.0952020 0.0895593 0.0202659 0.0695598 0.0651540 0.0543138 0.0675221 0.0598035 0.0685852 0.0742205 0.0802201 0.1352296 0.0768332 0.0191174 0.1533734 0.0509454 0.0509454 
Peramelidae_Echymipera_kalubu                0.0074715 0.1388867 0.1470306 0.1475088 0.1421442 0.1438673 0.1529319 0.1330923 0.1443660 0.1490394 0.0163256 0.1559667 0.1484486 0.1526627 0.1559461 0.1495578 0.1462958 0.1545675 0.1481394 0.0000000 0.1450335 0.1535318 0.1601592 0.1633197 0.1409369 0.1464057 0.1349674 0.0691923 0.1440204 0.0833917 0.0707562 0.1512956 0.1593283 0.0074715 0.0123245 0.1533921 0.0163681 0.2033900 0.2033900 
Macropodidae_Dorcopsulus_vanheurni           0.0702728 0.0486123 0.0754383 0.0659710 0.0167623 0.0167552 0.0750816 0.0537530 0.0570254 0.0211648 0.1491604 0.0634432 0.0753639 0.0776699 0.0670182 0.0634510 0.0733297 0.0753256 0.0687345 0.1450335 0.0000000 0.0700116 0.0938504 0.1003157 0.0705318 0.0346486 0.0617049 0.0491709 0.0086656 0.0513644 0.0499889 0.0645384 0.0705462 0.0702728 0.0926087 0.0746512 0.1520299 0.1621278 0.1621278 
Pseudochiridae_Pseudochirulus_forbesi        0.1079883 0.0629384 0.0898940 0.0800427 0.0730519 0.0733953 0.0870753 0.0627390 0.0671869 0.0757190 0.1552141 0.0746612 0.0837982 0.0868416 0.0763209 0.0625983 0.0823006 0.0866262 0.0785561 0.1535318 0.0700116 0.0000000 0.1027111 0.1094058 0.0769210 0.0693502 0.0777962 0.0200818 0.0681410 0.0120969 0.0379026 0.0646421 0.0799962 0.1079883 0.0883694 0.0859178 0.1593597 0.1994886 0.1994886 
Didelphidae_Didelphis_virginiana             0.0942655 0.0885295 0.0987942 0.0955743 0.0918611 0.0930877 0.0983147 0.0852765 0.0910420 0.0997627 0.1594243 0.1005524 0.0950914 0.0978171 0.1077532 0.0991412 0.0917972 0.0972371 0.0952020 0.1601592 0.0938504 0.1027111 0.0000000 0.0316059 0.0965968 0.0937750 0.0827072 0.0505116 0.0918698 0.0588773 0.0644239 0.0986447 0.1065701 0.0942655 0.0694382 0.0957128 0.1666324 0.1750935 0.1750935 
Marmosidae_Monodelphis_domestica             0.1005644 0.0921009 0.1030645 0.0974719 0.0984507 0.0996934 0.0976718 0.0915689 0.0962729 0.1040778 0.1635168 0.1059488 0.0955103 0.0947155 0.1065665 0.1033287 0.0939017 0.0973952 0.0895593 0.1633197 0.1003157 0.1094058 0.0316059 0.0000000 0.0910516 0.0972525 0.0873636 0.0721952 0.0988561 0.0837193 0.0684464 0.1022646 0.1107990 0.1005644 0.0970343 0.0953166 0.1715291 0.2021979 0.2021979 
Dasyuridae_Antechinus_stuartii               0.0997480 0.0638264 0.0748641 0.0760877 0.0720727 0.0732050 0.0158829 0.0603349 0.0677290 0.0748556 0.1413983 0.0742621 0.0080135 0.0202271 0.0819443 0.0757929 0.0077236 0.0166095 0.0202659 0.1409369 0.0705318 0.0769210 0.0965968 0.0910516 0.0000000 0.0715928 0.0651570 0.0478540 0.0687739 0.0520134 0.0601006 0.0741435 0.0788576 0.0997480 0.0625545 0.0148272 0.1446139 0.0414369 0.0414369 
Hypsiprymnodontidae_Hypsiprymnodon_moschatus 0.0650173 0.0503498 0.0786630 0.0643420 0.0370778 0.0374428 0.0776630 0.0512266 0.0556009 0.0417831 0.1498649 0.0604081 0.0764000 0.0786360 0.0667445 0.0658757 0.0740401 0.0780834 0.0695598 0.1464057 0.0346486 0.0693502 0.0937750 0.0972525 0.0715928 0.0000000 0.0628502 0.0470472 0.0336057 0.0529412 0.0476993 0.0638275 0.0688776 0.0650173 0.0955650 0.0764560 0.1527729 0.1671991 0.1671991 
Microbiotheriidae_Dromiciops_gliroides       0.0650493 0.0572190 0.0677829 0.0651313 0.0630123 0.0631602 0.0723421 0.0570822 0.0610266 0.0694245 0.1311295 0.0672018 0.0704027 0.0693423 0.0714747 0.0692422 0.0676878 0.0730744 0.0651540 0.1349674 0.0617049 0.0777962 0.0827072 0.0873636 0.0651570 0.0628502 0.0000000 0.0425975 0.0606281 0.0513762 0.0498919 0.0652952 0.0738679 0.0650493 0.0721936 0.0716581 0.1366559 0.1315504 0.1315504 
Pseudochiridae_Petauroides_volans            0.0804784 0.0361552 0.0574404 0.0373550 0.0491145 0.0499694 0.0670252 0.0326010 0.0403163 0.0578983 0.0704040 0.0504369 0.0601809 0.0687620 0.0595378 0.0277432 0.0580310 0.0724607 0.0543138 0.0691923 0.0491709 0.0200818 0.0505116 0.0721952 0.0478540 0.0470472 0.0425975 0.0000000 0.0451408 0.0220661 0.0324639 0.0365176 0.0646330 0.0804784 0.0701088 0.0673761 0.0688102 0.1563463 0.1563463 
Macropodidae_Wallabia_bicolor                0.0717049 0.0471359 0.0751143 0.0644736 0.0156555 0.0152913 0.0735715 0.0511139 0.0540708 0.0200096 0.1484370 0.0600506 0.0739856 0.0751837 0.0641186 0.0636523 0.0724190 0.0738207 0.0675221 0.1440204 0.0086656 0.0681410 0.0918698 0.0988561 0.0687739 0.0336057 0.0606281 0.0451408 0.0000000 0.0486618 0.0499027 0.0622485 0.0668018 0.0717049 0.0890135 0.0734135 0.1516103 0.1570340 0.1570340 
Pseudochiridae_Pseudocheirus_occidentalis    0.1299171 0.0432981 0.0783608 0.0461775 0.0524978 0.0535739 0.0717068 0.0436245 0.0474733 0.0598847 0.0830496 0.0552691 0.0690509 0.0730999 0.0665773 0.0449000 0.0648922 0.0730174 0.0598035 0.0833917 0.0513644 0.0120969 0.0588773 0.0837193 0.0520134 0.0529412 0.0513762 0.0220661 0.0486618 0.0000000 0.0366297 0.0388842 0.0731721 0.1299171 0.0820831 0.0736426 0.0828556 0.1875468 0.1875468 
Tarsipedidae_Tarsipes_rostratus              0.1379921 0.0434971 0.0629481 0.0428850 0.0501882 0.0518373 0.0669897 0.0394394 0.0455782 0.0590839 0.0710616 0.0527403 0.0620183 0.0659155 0.0741830 0.0365634 0.0586586 0.0704152 0.0685852 0.0707562 0.0499889 0.0379026 0.0644239 0.0684464 0.0601006 0.0476993 0.0498919 0.0324639 0.0499027 0.0366297 0.0000000 0.0403090 0.0721261 0.1379921 0.0703325 0.0647860 0.0700337 0.1273190 0.1273190 
Acrobatidae_Distoechurus_pennatus            0.0952784 0.0554284 0.0830932 0.0706571 0.0668424 0.0681905 0.0809177 0.0541651 0.0597918 0.0719743 0.1541774 0.0655531 0.0767755 0.0792048 0.0689479 0.0372472 0.0766084 0.0812073 0.0742205 0.1512956 0.0645384 0.0646421 0.0986447 0.1022646 0.0741435 0.0638275 0.0652952 0.0365176 0.0622485 0.0388842 0.0403090 0.0000000 0.0719717 0.0952784 0.0822298 0.0800400 0.1592231 0.1447057 0.1447057 
Phalangeridae_Phalanger_carmelitae           0.1270176 0.0546819 0.0870118 0.0710312 0.0714602 0.0715621 0.0869914 0.0268320 0.0157203 0.0756878 0.1645765 0.0161170 0.0836748 0.0854498 0.0176453 0.0712857 0.0824715 0.0870173 0.0802201 0.1593283 0.0705462 0.0799962 0.1065701 0.1107990 0.0788576 0.0688776 0.0738679 0.0646330 0.0668018 0.0731721 0.0721261 0.0719717 0.0000000 0.1270176 0.1196409 0.0854785 0.1683619 0.1339026 0.1339026 
Peramelidae_Isoodon_obesulus2                0.0000010 0.0641186 0.1103261 0.0796752 0.0684084 0.0729173 0.0909213 0.0627176 0.1309400 0.1107852 0.0025394 0.1366606 0.1198361 0.1194920 0.1270176 0.0958107 0.1016540 0.1090800 0.1352296 0.0074715 0.0702728 0.1079883 0.0942655 0.1005644 0.0997480 0.0650173 0.0650493 0.0804784 0.0717049 0.1299171 0.1379921 0.0952784 0.1270176 0.0000000 0.0109587 0.0999272 0.0016638 9.0000000 9.0000000 
Peramelidae_Peroryctes_raffrayana            0.0109587 0.0705569 0.0968493 0.0778948 0.0849495 0.0882051 0.0937891 0.0758493 0.0894931 0.0955330 0.0123341 0.0952302 0.0878848 0.0966329 0.1033249 0.0821186 0.0852614 0.0970521 0.0768332 0.0123245 0.0926087 0.0883694 0.0694382 0.0970343 0.0625545 0.0955650 0.0721936 0.0701088 0.0890135 0.0820831 0.0703325 0.0822298 0.1196409 0.0109587 0.0000000 0.0951646 0.0110263 0.2043501 0.2043501 
Dasyuridae_Dasyurus_geffroii                 0.0999272 0.0691319 0.0845351 0.0807952 0.0758358 0.0764954 0.0025665 0.0675048 0.0739346 0.0793229 0.1560072 0.0791106 0.0165719 0.0189354 0.0845106 0.0842580 0.0157444 0.0053819 0.0191174 0.1533921 0.0746512 0.0859178 0.0957128 0.0953166 0.0148272 0.0764560 0.0716581 0.0673761 0.0734135 0.0736426 0.0647860 0.0800400 0.0854785 0.0999272 0.0951646 0.0000000 0.1595294 0.0722204 0.0722204 
Peramelidae_Perameles_gunnii                 0.0016638 0.1473625 0.1544522 0.1541114 0.1498547 0.1515911 0.1589939 0.1404941 0.1519603 0.1559965 0.0012062 0.1628194 0.1559486 0.1597700 0.1610716 0.1570035 0.1526202 0.1610262 0.1533734 0.0163681 0.1520299 0.1593597 0.1666324 0.1715291 0.1446139 0.1527729 0.1366559 0.0688102 0.1516103 0.0828556 0.0700337 0.1592231 0.1683619 0.0016638 0.0110263 0.1595294 0.0000000 0.1875324 0.1875324 
Myrmecobiidae_Myrmecobius_fasciatus1         9.0000000 0.1387309 0.1971781 0.1525777 0.1590449 0.1558880 0.0688018 0.1319087 0.1264024 0.1807667 0.1893120 0.1019062 0.0588550 0.0684372 0.1008678 0.1623782 0.0620740 0.0717811 0.0509454 0.2033900 0.1621278 0.1994886 0.1750935 0.2021979 0.0414369 0.1671991 0.1315504 0.1563463 0.1570340 0.1875468 0.1273190 0.1447057 0.1339026 9.0000000 0.2043501 0.0722204 0.1875324 0.0000000 0.0000010 
Myrmecobiidae_Myrmecobius_fasciatus2         9.0000000 0.1387309 0.1971781 0.1525777 0.1590449 0.1558880 0.0688018 0.1319087 0.1264024 0.1807667 0.1893120 0.1019062 0.0588550 0.0684372 0.1008678 0.1623782 0.0620740 0.0717811 0.0509454 0.2033900 0.1621278 0.1994886 0.1750935 0.2021979 0.0414369 0.1671991 0.1315504 0.1563463 0.1570340 0.1875468 0.1273190 0.1447057 0.1339026 9.0000000 0.2043501 0.0722204 0.1875324 0.0000010 0.0000000 
