37
Burramyidae_Burramys_parvus                  0.0000000 0.0624440 0.0393241 0.0487892 0.0491352 0.0512354 0.0299486 0.0320357 0.0426949 0.0729565 0.0296480 0.0528881 0.0540689 0.0317890 0.0562749 0.0517001 0.0536679 0.0726078 0.0463207 0.0491752 0.0885850 0.0588357 0.0525517 0.0437272 0.0521984 0.0443112 0.0461659 0.0345354 0.0604102 0.0408563 0.0317663 0.0692647 0.0512906 0.0732049 0.0338033 0.0329078 0.0329078 
Notoryctidae_Notoryctes_typhlops             0.0624440 0.0000000 0.0644995 0.0745792 0.0764631 0.0717975 0.0609351 0.0628990 0.0658712 0.0995899 0.0578249 0.0734709 0.0772763 0.0622816 0.0774030 0.0716460 0.0777334 0.0963535 0.0724502 0.0754304 0.1100548 0.0796344 0.0729713 0.0721892 0.0695473 0.0793314 0.0785719 0.0662356 0.0963596 0.0735332 0.0614180 0.0930772 0.0714315 0.0990955 0.0622460 9.0000000 9.0000000 
Vombatidae_Lasiorhinus_latifrons             0.0393241 0.0644995 0.0000000 0.0486811 0.0487377 0.0510592 0.0349894 0.0390749 0.0454310 0.0753493 0.0341195 0.0523562 0.0522798 0.0380953 0.0557269 0.0518944 0.0533107 0.0745112 0.0479744 0.0533964 0.0849655 0.0583316 0.0510176 0.0466434 0.0496002 0.0476943 0.0500986 0.0386301 0.0613911 0.0446923 0.0374379 0.0714441 0.0511117 0.0757360 0.0357253 0.0461284 0.0461284 
Potoroidae_Bettongia_penicillata             0.0487892 0.0745792 0.0486811 0.0000000 0.0040982 0.0621484 0.0420099 0.0448824 0.0062460 0.0813389 0.0399766 0.0648078 0.0640337 0.0438819 0.0682517 0.0616669 0.0636338 0.0804517 0.0264568 0.0615298 0.0974443 0.0676777 0.0631843 0.0337696 0.0607777 0.0536216 0.0289190 0.0472337 0.0683618 0.0511687 0.0429057 0.0793862 0.0622344 0.0819528 0.0372653 0.0406548 0.0406548 
Potoroidae_Bettongia_lesueur                 0.0491352 0.0764631 0.0487377 0.0040982 0.0000000 0.0632238 0.0433359 0.0455484 0.0074378 0.0827604 0.0412729 0.0658714 0.0644394 0.0442338 0.0693243 0.0627264 0.0640438 0.0822070 0.0268199 0.0623341 0.0974975 0.0680456 0.0642450 0.0347569 0.0616689 0.0540142 0.0285966 0.0476379 0.0688104 0.0518889 0.0432439 0.0802935 0.0632936 0.0833920 0.0376961 0.0380660 0.0380660 
Dasyuridae_Dasyurus_maculatus                0.0512354 0.0717975 0.0510592 0.0621484 0.0632238 0.0000000 0.0457755 0.0483266 0.0497180 0.0782889 0.0440100 0.0109051 0.0142586 0.0482448 0.0127193 0.0032183 0.0138064 0.0763639 0.0631019 0.0642405 0.0966547 0.0680117 0.0097095 0.0588315 0.0578768 0.0619214 0.0656488 0.0561564 0.0786097 0.0553613 0.0475844 0.0723052 0.0017482 0.0782807 0.0499750 0.0460830 0.0460830 
Phalangeridae_Trichosurus_vulpecula          0.0299486 0.0609351 0.0349894 0.0420099 0.0433359 0.0457755 0.0000000 0.0145510 0.0397926 0.0713056 0.0110937 0.0457749 0.0481948 0.0142355 0.0490787 0.0452406 0.0491960 0.0682034 0.0413381 0.0474579 0.0855832 0.0566462 0.0467413 0.0386100 0.0514233 0.0396531 0.0426594 0.0306728 0.0557965 0.0364455 0.0127239 0.0666032 0.0458371 0.0714870 0.0301426 0.0277782 0.0277782 
Phalangeridae_Spilocuscus_maculatus          0.0320357 0.0628990 0.0390749 0.0448824 0.0455484 0.0483266 0.0145510 0.0000000 0.0428123 0.0715569 0.0068494 0.0499753 0.0503850 0.0094228 0.0533072 0.0474504 0.0509439 0.0699512 0.0426367 0.0507936 0.0854832 0.0594667 0.0487099 0.0391150 0.0524270 0.0437516 0.0440107 0.0371930 0.0581483 0.0405408 0.0079302 0.0674655 0.0483780 0.0719133 0.0355536 0.0355158 0.0355158 
Potoroidae_Aepyprymnus_rufescens             0.0426949 0.0658712 0.0454310 0.0062460 0.0074378 0.0497180 0.0397926 0.0428123 0.0000000 0.0702911 0.0380174 0.0509708 0.0528226 0.0406388 0.0539627 0.0493909 0.0506639 0.0696176 0.0278867 0.0489354 0.0892733 0.0527542 0.0501443 0.0313064 0.0517432 0.0489901 0.0308403 0.0396328 0.0618360 0.0471407 0.0398175 0.0653168 0.0505832 0.0718279 0.0280094 0.0381634 0.0381634 
Peramelidae_Perameles_nasuta                 0.0729565 0.0995899 0.0753493 0.0813389 0.0827604 0.0782889 0.0713056 0.0715569 0.0702911 0.0000000 0.0678985 0.0805401 0.0796296 0.0719702 0.0831347 0.0782115 0.0780980 0.0155365 0.0797839 0.0862876 0.1262228 0.0917226 0.0780442 0.0798876 0.0828303 0.0824579 0.0842091 0.0798772 0.0938837 0.0826058 0.0712296 0.0156833 0.0780498 0.0020897 0.0769766 0.0100145 0.0100145 
Phalangeridae_Strigocuscus_pelengensis       0.0296480 0.0578249 0.0341195 0.0399766 0.0412729 0.0440100 0.0110937 0.0068494 0.0380174 0.0678985 0.0000000 0.0456507 0.0464152 0.0062406 0.0490069 0.0444108 0.0466275 0.0660435 0.0405771 0.0468868 0.0829425 0.0567066 0.0447095 0.0364592 0.0487765 0.0413504 0.0407347 0.0321650 0.0544353 0.0369080 0.0047437 0.0640548 0.0440569 0.0679268 0.0326977 0.0315114 0.0315114 
Dasyuridae_Phascogale_tapoatafa              0.0528881 0.0734709 0.0523562 0.0648078 0.0658714 0.0109051 0.0457749 0.0499753 0.0509708 0.0805401 0.0456507 0.0000000 0.0170165 0.0499048 0.0032180 0.0106334 0.0166588 0.0789184 0.0655409 0.0650785 0.0975814 0.0693925 0.0064538 0.0608901 0.0606835 0.0646705 0.0671170 0.0568936 0.0825399 0.0567023 0.0492275 0.0744961 0.0097179 0.0808743 0.0511719 0.0434710 0.0434710 
Dasyuridae_Sminthopsis_macroura              0.0540689 0.0772763 0.0522798 0.0640337 0.0644394 0.0142586 0.0481948 0.0503850 0.0528226 0.0796296 0.0464152 0.0170165 0.0000000 0.0503651 0.0185704 0.0152113 0.0119874 0.0794735 0.0650498 0.0668630 0.0999528 0.0712490 0.0148819 0.0617250 0.0598284 0.0652891 0.0673867 0.0582705 0.0804448 0.0574282 0.0503271 0.0758802 0.0142724 0.0796166 0.0509179 0.0487008 0.0487008 
Phalangeridae_Phalanger_orientalis           0.0317890 0.0622816 0.0380953 0.0438819 0.0442338 0.0482448 0.0142355 0.0094228 0.0406388 0.0719702 0.0062406 0.0499048 0.0503651 0.0000000 0.0532315 0.0480280 0.0501889 0.0705184 0.0433169 0.0503414 0.0854158 0.0585551 0.0479858 0.0391082 0.0516468 0.0441728 0.0440479 0.0346874 0.0574522 0.0392336 0.0020371 0.0676159 0.0482939 0.0721205 0.0359182 0.0330780 0.0330780 
Dasyuridae_Phascogale_calura                 0.0562749 0.0774030 0.0557269 0.0682517 0.0693243 0.0127193 0.0490787 0.0533072 0.0539627 0.0831347 0.0490069 0.0032180 0.0185704 0.0532315 0.0000000 0.0124510 0.0188971 0.0811070 0.0684009 0.0685698 0.1000567 0.0728882 0.0091340 0.0636330 0.0638839 0.0681604 0.0690403 0.0604188 0.0856511 0.0600879 0.0525477 0.0771313 0.0115263 0.0837693 0.0549226 0.0434710 0.0434710 
Dasyuridae_Sarcophilus_harrisii              0.0517001 0.0716460 0.0518944 0.0616669 0.0627264 0.0032183 0.0452406 0.0474504 0.0493909 0.0782115 0.0444108 0.0106334 0.0152113 0.0480280 0.0124510 0.0000000 0.0141449 0.0766400 0.0618637 0.0632728 0.0969093 0.0689115 0.0094331 0.0583287 0.0576342 0.0621060 0.0647196 0.0559628 0.0788579 0.0551923 0.0470403 0.0722050 0.0020462 0.0785873 0.0496573 0.0460830 0.0460830 
Dasyuridae_Planigale_tenuirostris            0.0536679 0.0777334 0.0533107 0.0636338 0.0640438 0.0138064 0.0491960 0.0509439 0.0506639 0.0780980 0.0466275 0.0166588 0.0119874 0.0501889 0.0188971 0.0141449 0.0000000 0.0785512 0.0641019 0.0690878 0.1017943 0.0732018 0.0141659 0.0621379 0.0618506 0.0657673 0.0656887 0.0573799 0.0795449 0.0584863 0.0501645 0.0732084 0.0131918 0.0782420 0.0530220 0.0424254 0.0424254 
Peramelidae_Echymipera_kalubu                0.0726078 0.0963535 0.0745112 0.0804517 0.0822070 0.0763639 0.0682034 0.0699512 0.0696176 0.0155365 0.0660435 0.0789184 0.0794735 0.0705184 0.0811070 0.0766400 0.0785512 0.0000000 0.0805479 0.0871199 0.1229786 0.0889258 0.0772120 0.0800890 0.0790510 0.0826885 0.0846085 0.0777909 0.0946799 0.0805797 0.0691076 0.0121458 0.0761561 0.0158161 0.0754878 0.0150869 0.0150869 
Macropodidae_Dorcopsulus_vanheurni           0.0463207 0.0724502 0.0479744 0.0264568 0.0268199 0.0631019 0.0413381 0.0426367 0.0278867 0.0797839 0.0405771 0.0655409 0.0650498 0.0433169 0.0684009 0.0618637 0.0641019 0.0805479 0.0000000 0.0613818 0.0985922 0.0686364 0.0631491 0.0335354 0.0645491 0.0550890 0.0153478 0.0489400 0.0692401 0.0535596 0.0419663 0.0800242 0.0631735 0.0809984 0.0424078 0.0485776 0.0485776 
Pseudochiridae_Pseudochirulus_forbesi        0.0491752 0.0754304 0.0533964 0.0615298 0.0623341 0.0642405 0.0474579 0.0507936 0.0489354 0.0862876 0.0468868 0.0650785 0.0668630 0.0503414 0.0685698 0.0632728 0.0690878 0.0871199 0.0613818 0.0000000 0.1106635 0.0757649 0.0615331 0.0566911 0.0631492 0.0466200 0.0644099 0.0262074 0.0747550 0.0530530 0.0495637 0.0849102 0.0635395 0.0883249 0.0486908 9.0000000 9.0000000 
Didelphidae_Didelphis_virginiana             0.0885850 0.1100548 0.0849655 0.0974443 0.0974975 0.0966547 0.0855832 0.0854832 0.0892733 0.1262228 0.0829425 0.0975814 0.0999528 0.0854158 0.1000567 0.0969093 0.1017943 0.1229786 0.0985922 0.1106635 0.0000000 0.0453376 0.0973309 0.0968464 0.1043735 0.1002508 0.1048904 0.0841452 0.1103250 0.0958072 0.0849348 0.1195125 0.0959288 0.1258653 0.0961361 0.0516142 0.0516142 
Marmosidae_Monodelphis_domestica             0.0588357 0.0796344 0.0583316 0.0676777 0.0680456 0.0680117 0.0566462 0.0594667 0.0527542 0.0917226 0.0567066 0.0693925 0.0712490 0.0585551 0.0728882 0.0689115 0.0732018 0.0889258 0.0686364 0.0757649 0.0453376 0.0000000 0.0690697 0.0671962 0.0691767 0.0705610 0.0716987 0.0638135 0.0816334 0.0676257 0.0581621 0.0873926 0.0680873 0.0911069 0.0624380 0.0514848 0.0514848 
Dasyuridae_Antechinus_stuartii               0.0525517 0.0729713 0.0510176 0.0631843 0.0642450 0.0097095 0.0467413 0.0487099 0.0501443 0.0780442 0.0447095 0.0064538 0.0148819 0.0479858 0.0091340 0.0094331 0.0141659 0.0772120 0.0631491 0.0615331 0.0973309 0.0690697 0.0000000 0.0591944 0.0590545 0.0609354 0.0649865 0.0550269 0.0787408 0.0563302 0.0479656 0.0726878 0.0085227 0.0784837 0.0499314 0.0438330 0.0438330 
Hypsiprymnodontidae_Hypsiprymnodon_moschatus 0.0437272 0.0721892 0.0466434 0.0337696 0.0347569 0.0588315 0.0386100 0.0391150 0.0313064 0.0798876 0.0364592 0.0608901 0.0617250 0.0391082 0.0636330 0.0583287 0.0621379 0.0800890 0.0335354 0.0566911 0.0968464 0.0671962 0.0591944 0.0000000 0.0570188 0.0545385 0.0336722 0.0463748 0.0703639 0.0493446 0.0381377 0.0787224 0.0588956 0.0809115 0.0428009 0.0486127 0.0486127 
Microbiotheriidae_Dromiciops_gliroides       0.0521984 0.0695473 0.0496002 0.0607777 0.0616689 0.0578768 0.0514233 0.0524270 0.0517432 0.0828303 0.0487765 0.0606835 0.0598284 0.0516468 0.0638839 0.0576342 0.0618506 0.0790510 0.0645491 0.0631492 0.1043735 0.0691767 0.0590545 0.0570188 0.0000000 0.0621092 0.0660644 0.0564669 0.0816580 0.0587841 0.0504696 0.0775133 0.0571310 0.0825257 0.0488984 9.0000000 9.0000000 
Pseudochiridae_Petauroides_volans            0.0443112 0.0793314 0.0476943 0.0536216 0.0540142 0.0619214 0.0396531 0.0437516 0.0489901 0.0824579 0.0413504 0.0646705 0.0652891 0.0441728 0.0681604 0.0621060 0.0657673 0.0826885 0.0550890 0.0466200 0.1002508 0.0705610 0.0609354 0.0545385 0.0621092 0.0000000 0.0562051 0.0294714 0.0591934 0.0504610 0.0431518 0.0798804 0.0616660 0.0834803 0.0339651 0.0382324 0.0382324 
Macropodidae_Wallabia_bicolor                0.0461659 0.0785719 0.0500986 0.0289190 0.0285966 0.0656488 0.0426594 0.0440107 0.0308403 0.0842091 0.0407347 0.0671170 0.0673867 0.0440479 0.0690403 0.0647196 0.0656887 0.0846085 0.0153478 0.0644099 0.1048904 0.0716987 0.0649865 0.0336722 0.0660644 0.0562051 0.0000000 0.0510268 0.0724588 0.0545455 0.0426044 0.0829589 0.0657034 0.0854933 0.0418921 0.0485816 0.0485816 
Pseudochiridae_Pseudocheirus_occidentalis    0.0345354 0.0662356 0.0386301 0.0472337 0.0476379 0.0561564 0.0306728 0.0371930 0.0396328 0.0798772 0.0321650 0.0568936 0.0582705 0.0346874 0.0604188 0.0559628 0.0573799 0.0777909 0.0489400 0.0262074 0.0841452 0.0638135 0.0550269 0.0463748 0.0564669 0.0294714 0.0510268 0.0000000 0.0588956 0.0391598 0.0342949 0.0744670 0.0554772 0.0797578 0.0331279 0.0408014 0.0408014 
Tarsipedidae_Tarsipes_rostratus              0.0604102 0.0963596 0.0613911 0.0683618 0.0688104 0.0786097 0.0557965 0.0581483 0.0618360 0.0938837 0.0544353 0.0825399 0.0804448 0.0574522 0.0856511 0.0788579 0.0795449 0.0946799 0.0692401 0.0747550 0.1103250 0.0816334 0.0787408 0.0703639 0.0816580 0.0591934 0.0724588 0.0588956 0.0000000 0.0644005 0.0563614 0.0911163 0.0787263 0.0944939 0.0467208 0.0408360 0.0408360 
Acrobatidae_Distoechurus_pennatus            0.0408563 0.0735332 0.0446923 0.0511687 0.0518889 0.0553613 0.0364455 0.0405408 0.0471407 0.0826058 0.0369080 0.0567023 0.0574282 0.0392336 0.0600879 0.0551923 0.0584863 0.0805797 0.0535596 0.0530530 0.0958072 0.0676257 0.0563302 0.0493446 0.0587841 0.0504610 0.0545455 0.0391598 0.0644005 0.0000000 0.0385583 0.0784737 0.0547730 0.0821462 0.0227528 0.0538271 0.0538271 
Phalangeridae_Phalanger_carmelitae           0.0317663 0.0614180 0.0374379 0.0429057 0.0432439 0.0475844 0.0127239 0.0079302 0.0398175 0.0712296 0.0047437 0.0492275 0.0503271 0.0020371 0.0525477 0.0470403 0.0501645 0.0691076 0.0419663 0.0495637 0.0849348 0.0581621 0.0479656 0.0381377 0.0504696 0.0431518 0.0426044 0.0342949 0.0563614 0.0385583 0.0000000 0.0661404 0.0476349 0.0713902 0.0347232 0.0329097 0.0329097 
Peramelidae_Peroryctes_raffrayana            0.0692647 0.0930772 0.0714441 0.0793862 0.0802935 0.0723052 0.0666032 0.0674655 0.0653168 0.0156833 0.0640548 0.0744961 0.0758802 0.0676159 0.0771313 0.0722050 0.0732084 0.0121458 0.0800242 0.0849102 0.1195125 0.0873926 0.0726878 0.0787224 0.0775133 0.0798804 0.0829589 0.0744670 0.0911163 0.0784737 0.0661404 0.0000000 0.0720795 0.0160061 0.0718109 0.0150206 0.0150206 
Dasyuridae_Dasyurus_geffroii                 0.0512906 0.0714315 0.0511117 0.0622344 0.0632936 0.0017482 0.0458371 0.0483780 0.0505832 0.0780498 0.0440569 0.0097179 0.0142724 0.0482939 0.0115263 0.0020462 0.0131918 0.0761561 0.0631735 0.0635395 0.0959288 0.0680873 0.0085227 0.0588956 0.0571310 0.0616660 0.0657034 0.0554772 0.0787263 0.0547730 0.0476349 0.0720795 0.0000000 0.0780973 0.0488377 0.0462021 0.0462021 
Peramelidae_Perameles_gunnii                 0.0732049 0.0990955 0.0757360 0.0819528 0.0833920 0.0782807 0.0714870 0.0719133 0.0718279 0.0020897 0.0679268 0.0808743 0.0796166 0.0721205 0.0837693 0.0785873 0.0782420 0.0158161 0.0809984 0.0883249 0.1258653 0.0911069 0.0784837 0.0809115 0.0825257 0.0834803 0.0854933 0.0797578 0.0944939 0.0821462 0.0713902 0.0160061 0.0780973 0.0000000 0.0770968 0.0100145 0.0100145 
Acrobatidae_Acrobates_pygmaeus               0.0338033 0.0622460 0.0357253 0.0372653 0.0376961 0.0499750 0.0301426 0.0355536 0.0280094 0.0769766 0.0326977 0.0511719 0.0509179 0.0359182 0.0549226 0.0496573 0.0530220 0.0754878 0.0424078 0.0486908 0.0961361 0.0624380 0.0499314 0.0428009 0.0488984 0.0339651 0.0418921 0.0331279 0.0467208 0.0227528 0.0347232 0.0718109 0.0488377 0.0770968 0.0000000 0.0512084 0.0512084 
Thylacomyidae_Macrotis_lagotis1              0.0329078 9.0000000 0.0461284 0.0406548 0.0380660 0.0460830 0.0277782 0.0355158 0.0381634 0.0100145 0.0315114 0.0434710 0.0487008 0.0330780 0.0434710 0.0460830 0.0424254 0.0150869 0.0485776 9.0000000 0.0516142 0.0514848 0.0438330 0.0486127 9.0000000 0.0382324 0.0485816 0.0408014 0.0408360 0.0538271 0.0329097 0.0150206 0.0462021 0.0100145 0.0512084 0.0000000 0.0000010 
Thylacomyidae_Macrotis_lagotis2              0.0329078 9.0000000 0.0461284 0.0406548 0.0380660 0.0460830 0.0277782 0.0355158 0.0381634 0.0100145 0.0315114 0.0434710 0.0487008 0.0330780 0.0434710 0.0460830 0.0424254 0.0150869 0.0485776 9.0000000 0.0516142 0.0514848 0.0438330 0.0486127 9.0000000 0.0382324 0.0485816 0.0408014 0.0408360 0.0538271 0.0329097 0.0150206 0.0462021 0.0100145 0.0512084 0.0000010 0.0000000 
