35
Burramyidae_Burramys_parvus                  0.0000000 0.0404469 0.0257489 0.0303377 0.0299626 0.0527527 0.0293644 0.0270763 0.0302982 0.0551125 0.0282845 0.0509564 0.0511942 0.0268955 0.0272968 0.0496083 0.0529700 0.0458141 0.0530692 0.0307173 0.0548476 0.0497448 0.0456713 0.0334161 0.0391994 0.0272695 0.0311277 0.0251870 0.0416877 0.0267416 0.0276993 0.0511692 0.0532844 0.0542550 0.0312386 
Notoryctidae_Notoryctes_typhlops             0.0404469 0.0000000 0.0411962 0.0499204 0.0496294 0.0566050 0.0466798 0.0461667 0.0503335 0.0597488 0.0463112 0.0552920 0.0561378 0.0462154 0.0477688 0.0537173 0.0564359 0.0496095 0.0566627 0.0501462 0.0626966 0.0554587 0.0504775 0.0509013 0.0449062 0.0482887 0.0503391 0.0451376 0.0621173 0.0461656 0.0469665 0.0537101 0.0575903 0.0597438 0.0498856 
Vombatidae_Lasiorhinus_latifrons             0.0257489 0.0411962 0.0000000 0.0347826 0.0340540 0.0534602 0.0351607 0.0338691 0.0345526 0.0534045 0.0344084 0.0530386 0.0551181 0.0329917 0.0328603 0.0513106 0.0536784 0.0475705 0.0519221 0.0360828 0.0562555 0.0508499 0.0458688 0.0351905 0.0408437 0.0313969 0.0347536 0.0312927 0.0458189 0.0318306 0.0336440 0.0498849 0.0535990 0.0533486 0.0428662 
Potoroidae_Bettongia_penicillata             0.0303377 0.0499204 0.0347826 0.0000000 0.0022432 0.0622197 0.0379007 0.0364417 0.0065531 0.0635501 0.0376855 0.0601295 0.0621033 0.0370236 0.0368324 0.0587036 0.0616003 0.0549026 0.0629378 0.0117787 0.0641120 0.0609155 0.0547866 0.0236054 0.0480093 0.0375432 0.0119009 0.0349081 0.0516078 0.0360882 0.0373140 0.0603615 0.0627450 0.0623877 0.0414408 
Potoroidae_Bettongia_lesueur                 0.0299626 0.0496294 0.0340540 0.0022432 0.0000000 0.0612829 0.0369557 0.0360391 0.0062569 0.0627174 0.0368858 0.0592074 0.0609440 0.0364436 0.0364386 0.0577799 0.0606678 0.0546964 0.0620205 0.0111649 0.0631859 0.0604280 0.0540984 0.0229700 0.0473624 0.0372000 0.0112905 0.0343705 0.0514067 0.0351686 0.0367479 0.0593940 0.0618322 0.0614328 0.0410240 
Dasyuridae_Dasyurus_maculatus                0.0527527 0.0566050 0.0534602 0.0622197 0.0612829 0.0000000 0.0617759 0.0602607 0.0619174 0.0700786 0.0606625 0.0109963 0.0193850 0.0594002 0.0560838 0.0101079 0.0036601 0.0145814 0.0687227 0.0620461 0.0769014 0.0684400 0.0111022 0.0637649 0.0547020 0.0586386 0.0629366 0.0567352 0.0696456 0.0560912 0.0597328 0.0653558 0.0040894 0.0701507 0.0705478 
Phalangeridae_Trichosurus_vulpecula          0.0293644 0.0466798 0.0351607 0.0379007 0.0369557 0.0617759 0.0000000 0.0154514 0.0389284 0.0599009 0.0168923 0.0603067 0.0597289 0.0155984 0.0367396 0.0585032 0.0613589 0.0554729 0.0588222 0.0383676 0.0626390 0.0605999 0.0550348 0.0399106 0.0459986 0.0369649 0.0391080 0.0349260 0.0530359 0.0364152 0.0163598 0.0583853 0.0620777 0.0597344 0.0419362 
Phalangeridae_Spilocuscus_maculatus          0.0270763 0.0461667 0.0338691 0.0364417 0.0360391 0.0602607 0.0154514 0.0000000 0.0372754 0.0620504 0.0058508 0.0573950 0.0574640 0.0053953 0.0351329 0.0563951 0.0596495 0.0519764 0.0592271 0.0372247 0.0638164 0.0592675 0.0521921 0.0390350 0.0457788 0.0358313 0.0372787 0.0330278 0.0510948 0.0348093 0.0055332 0.0575459 0.0603634 0.0616236 0.0413298 
Potoroidae_Aepyprymnus_rufescens             0.0302982 0.0503335 0.0345526 0.0065531 0.0062569 0.0619174 0.0389284 0.0372754 0.0000000 0.0632320 0.0383506 0.0601707 0.0623403 0.0380222 0.0380546 0.0591670 0.0616817 0.0566393 0.0616990 0.0117678 0.0636693 0.0609120 0.0557702 0.0242822 0.0479715 0.0377119 0.0123450 0.0348914 0.0522050 0.0362318 0.0385032 0.0595916 0.0624680 0.0621334 0.0416353 
Peramelidae_Perameles_nasuta                 0.0551125 0.0597488 0.0534045 0.0635501 0.0627174 0.0700786 0.0599009 0.0620504 0.0632320 0.0000000 0.0634643 0.0690743 0.0709198 0.0607386 0.0604825 0.0673350 0.0696740 0.0666002 0.0123332 0.0624429 0.0807732 0.0759717 0.0648862 0.0640857 0.0625308 0.0609223 0.0632965 0.0609858 0.0765329 0.0595763 0.0621491 0.0107388 0.0699895 0.0005704 0.0728178 
Phalangeridae_Strigocuscus_pelengensis       0.0282845 0.0463112 0.0344084 0.0376855 0.0368858 0.0606625 0.0168923 0.0058508 0.0383506 0.0634643 0.0000000 0.0583125 0.0584186 0.0052582 0.0367582 0.0573084 0.0606832 0.0525495 0.0610687 0.0377694 0.0626146 0.0592610 0.0531421 0.0390644 0.0454188 0.0374161 0.0381784 0.0340466 0.0525821 0.0372315 0.0057014 0.0596430 0.0607677 0.0631381 0.0434694 
Dasyuridae_Phascogale_tapoatafa              0.0509564 0.0552920 0.0530386 0.0601295 0.0592074 0.0109963 0.0603067 0.0573950 0.0601707 0.0690743 0.0583125 0.0000000 0.0182626 0.0573658 0.0556163 0.0014000 0.0111518 0.0132158 0.0670738 0.0601415 0.0749198 0.0679006 0.0060646 0.0626278 0.0530512 0.0596588 0.0602467 0.0567122 0.0693428 0.0554294 0.0574888 0.0643358 0.0111402 0.0682596 0.0715376 
Dasyuridae_Sminthopsis_macroura              0.0511942 0.0561378 0.0551181 0.0621033 0.0609440 0.0193850 0.0597289 0.0574640 0.0623403 0.0709198 0.0584186 0.0182626 0.0000000 0.0582882 0.0577238 0.0170214 0.0190768 0.0113977 0.0679846 0.0631961 0.0754835 0.0694294 0.0160199 0.0619918 0.0547868 0.0599232 0.0626147 0.0573408 0.0721886 0.0569072 0.0586120 0.0651876 0.0200068 0.0700359 0.0703147 
Phalangeridae_Phalanger_orientalis           0.0268955 0.0462154 0.0329917 0.0370236 0.0364436 0.0594002 0.0155984 0.0053953 0.0380222 0.0607386 0.0052582 0.0573658 0.0582882 0.0000000 0.0349493 0.0561876 0.0592095 0.0522140 0.0581418 0.0375827 0.0622735 0.0585170 0.0517765 0.0383470 0.0446465 0.0363495 0.0380216 0.0328619 0.0509826 0.0353379 0.0019610 0.0575048 0.0595037 0.0603375 0.0406431 
Acrobatidae_Acrobates_pygmaeus               0.0272968 0.0477688 0.0328603 0.0368324 0.0364386 0.0560838 0.0367396 0.0351329 0.0380546 0.0604825 0.0367582 0.0556163 0.0577238 0.0349493 0.0000000 0.0546460 0.0562929 0.0510267 0.0589352 0.0377470 0.0617684 0.0562213 0.0508864 0.0389882 0.0481227 0.0307087 0.0376789 0.0281725 0.0460142 0.0163353 0.0354344 0.0569306 0.0568166 0.0595978 0.0342252 
Dasyuridae_Phascogale_calura                 0.0496083 0.0537173 0.0513106 0.0587036 0.0577799 0.0101079 0.0585032 0.0563951 0.0591670 0.0673350 0.0573084 0.0014000 0.0170214 0.0561876 0.0546460 0.0000000 0.0102622 0.0125520 0.0651986 0.0591344 0.0737880 0.0668449 0.0048296 0.0607865 0.0511868 0.0580438 0.0589472 0.0548933 0.0673763 0.0538807 0.0563113 0.0626126 0.0102516 0.0665137 0.0687911 
Dasyuridae_Sarcophilus_harrisii              0.0529700 0.0564359 0.0536784 0.0616003 0.0606678 0.0036601 0.0613589 0.0596495 0.0616817 0.0696740 0.0606832 0.0111518 0.0190768 0.0592095 0.0562929 0.0102622 0.0000000 0.0147560 0.0678854 0.0618268 0.0762085 0.0679994 0.0109419 0.0635773 0.0544731 0.0590481 0.0627425 0.0569675 0.0710066 0.0562985 0.0599610 0.0653591 0.0049473 0.0693015 0.0719611 
Dasyuridae_Planigale_tenuirostris            0.0458141 0.0496095 0.0475705 0.0549026 0.0546964 0.0145814 0.0554729 0.0519764 0.0566393 0.0666002 0.0525495 0.0132158 0.0113977 0.0522140 0.0510267 0.0125520 0.0147560 0.0000000 0.0640530 0.0563276 0.0717269 0.0630282 0.0133808 0.0566797 0.0488354 0.0539522 0.0554908 0.0521739 0.0676862 0.0501292 0.0525713 0.0595831 0.0149113 0.0660051 0.0628421 
Peramelidae_Echymipera_kalubu                0.0530692 0.0566627 0.0519221 0.0629378 0.0620205 0.0687227 0.0588222 0.0592271 0.0616990 0.0123332 0.0610687 0.0670738 0.0679846 0.0581418 0.0589352 0.0651986 0.0678854 0.0640530 0.0000000 0.0613545 0.0788374 0.0726064 0.0627276 0.0615587 0.0597507 0.0582716 0.0627694 0.0592702 0.0757366 0.0567472 0.0593315 0.0082862 0.0682228 0.0124245 0.0721647 
Macropodidae_Dorcopsulus_vanheurni           0.0307173 0.0501462 0.0360828 0.0117787 0.0111649 0.0620461 0.0383676 0.0372247 0.0117678 0.0624429 0.0377694 0.0601415 0.0631961 0.0375827 0.0377470 0.0591344 0.0618268 0.0563276 0.0613545 0.0000000 0.0649146 0.0601596 0.0552813 0.0244976 0.0480915 0.0380175 0.0061348 0.0342850 0.0526378 0.0363258 0.0380916 0.0591949 0.0621885 0.0609365 0.0413047 
Didelphidae_Didelphis_virginiana             0.0548476 0.0626966 0.0562555 0.0641120 0.0631859 0.0769014 0.0626390 0.0638164 0.0636693 0.0807732 0.0626146 0.0749198 0.0754835 0.0622735 0.0617684 0.0737880 0.0762085 0.0717269 0.0788374 0.0649146 0.0000000 0.0243133 0.0682351 0.0646677 0.0605080 0.0620188 0.0642213 0.0595640 0.0776404 0.0629464 0.0629173 0.0777878 0.0765123 0.0800908 0.0747483 
Marmosidae_Monodelphis_domestica             0.0497448 0.0554587 0.0508499 0.0609155 0.0604280 0.0684400 0.0605999 0.0592675 0.0609120 0.0759717 0.0592610 0.0679006 0.0694294 0.0585170 0.0562213 0.0668449 0.0679994 0.0630282 0.0726064 0.0601596 0.0243133 0.0000000 0.0632587 0.0627921 0.0574555 0.0581725 0.0613955 0.0561782 0.0731713 0.0565574 0.0594690 0.0710112 0.0687671 0.0755098 0.0727146 
Dasyuridae_Antechinus_stuartii               0.0456713 0.0504775 0.0458688 0.0547866 0.0540984 0.0111022 0.0550348 0.0521921 0.0557702 0.0648862 0.0531421 0.0060646 0.0160199 0.0517765 0.0508864 0.0048296 0.0109419 0.0133808 0.0627276 0.0552813 0.0682351 0.0632587 0.0000000 0.0567752 0.0477221 0.0532046 0.0553312 0.0513119 0.0660719 0.0502056 0.0521247 0.0595412 0.0117348 0.0644440 0.0637825 
Hypsiprymnodontidae_Hypsiprymnodon_moschatus 0.0334161 0.0509013 0.0351905 0.0236054 0.0229700 0.0637649 0.0399106 0.0390350 0.0242822 0.0640857 0.0390644 0.0626278 0.0619918 0.0383470 0.0389882 0.0607865 0.0635773 0.0566797 0.0615587 0.0244976 0.0646677 0.0627921 0.0567752 0.0000000 0.0482057 0.0387691 0.0246128 0.0374429 0.0523274 0.0363928 0.0390109 0.0598946 0.0637041 0.0636285 0.0464692 
Microbiotheriidae_Dromiciops_gliroides       0.0391994 0.0449062 0.0408437 0.0480093 0.0473624 0.0547020 0.0459986 0.0457788 0.0479715 0.0625308 0.0454188 0.0530512 0.0547868 0.0446465 0.0481227 0.0511868 0.0544731 0.0488354 0.0597507 0.0480915 0.0605080 0.0574555 0.0477221 0.0482057 0.0000000 0.0444035 0.0484909 0.0442594 0.0577705 0.0465762 0.0444083 0.0590614 0.0546142 0.0618190 0.0570238 
Pseudochiridae_Petauroides_volans            0.0272695 0.0482887 0.0313969 0.0375432 0.0372000 0.0586386 0.0369649 0.0358313 0.0377119 0.0609223 0.0374161 0.0596588 0.0599232 0.0363495 0.0307087 0.0580438 0.0590481 0.0539522 0.0582716 0.0380175 0.0620188 0.0581725 0.0532046 0.0387691 0.0444035 0.0000000 0.0377355 0.0155964 0.0375414 0.0301977 0.0368417 0.0568050 0.0593278 0.0603919 0.0207515 
Macropodidae_Wallabia_bicolor                0.0311277 0.0503391 0.0347536 0.0119009 0.0112905 0.0629366 0.0391080 0.0372787 0.0123450 0.0632965 0.0381784 0.0602467 0.0626147 0.0380216 0.0376789 0.0589472 0.0627425 0.0554908 0.0627694 0.0061348 0.0642213 0.0613955 0.0553312 0.0246128 0.0484909 0.0377355 0.0000000 0.0347028 0.0528330 0.0355383 0.0385139 0.0608490 0.0630593 0.0617838 0.0407678 
Pseudochiridae_Pseudocheirus_occidentalis    0.0251870 0.0451376 0.0312927 0.0349081 0.0343705 0.0567352 0.0349260 0.0330278 0.0348914 0.0609858 0.0340466 0.0567122 0.0573408 0.0328619 0.0281725 0.0548933 0.0569675 0.0521739 0.0592702 0.0342850 0.0595640 0.0561782 0.0513119 0.0374429 0.0442594 0.0155964 0.0347028 0.0000000 0.0374916 0.0274635 0.0337097 0.0571690 0.0572659 0.0605737 0.0070772 
Tarsipedidae_Tarsipes_rostratus              0.0416877 0.0621173 0.0458189 0.0516078 0.0514067 0.0696456 0.0530359 0.0510948 0.0522050 0.0765329 0.0525821 0.0693428 0.0721886 0.0509826 0.0460142 0.0673763 0.0710066 0.0676862 0.0757366 0.0526378 0.0776404 0.0731713 0.0660719 0.0523274 0.0577705 0.0375414 0.0528330 0.0374916 0.0000000 0.0447887 0.0509019 0.0707687 0.0713558 0.0771133 0.0536686 
Acrobatidae_Distoechurus_pennatus            0.0267416 0.0461656 0.0318306 0.0360882 0.0351686 0.0560912 0.0364152 0.0348093 0.0362318 0.0595763 0.0372315 0.0554294 0.0569072 0.0353379 0.0163353 0.0538807 0.0562985 0.0501292 0.0567472 0.0363258 0.0629464 0.0565574 0.0502056 0.0363928 0.0465762 0.0301977 0.0355383 0.0274635 0.0447887 0.0000000 0.0352970 0.0543862 0.0566141 0.0589700 0.0343569 
Phalangeridae_Phalanger_carmelitae           0.0276993 0.0469665 0.0336440 0.0373140 0.0367479 0.0597328 0.0163598 0.0055332 0.0385032 0.0621491 0.0057014 0.0574888 0.0586120 0.0019610 0.0354344 0.0563113 0.0599610 0.0525713 0.0593315 0.0380916 0.0629173 0.0594690 0.0521247 0.0390109 0.0444083 0.0368417 0.0385139 0.0337097 0.0509019 0.0352970 0.0000000 0.0578747 0.0598107 0.0615475 0.0411960 
Peramelidae_Peroryctes_raffrayana            0.0511692 0.0537101 0.0498849 0.0603615 0.0593940 0.0653558 0.0583853 0.0575459 0.0595916 0.0107388 0.0596430 0.0643358 0.0651876 0.0575048 0.0569306 0.0626126 0.0653591 0.0595831 0.0082862 0.0591949 0.0777878 0.0710112 0.0595412 0.0598946 0.0590614 0.0568050 0.0608490 0.0571690 0.0707687 0.0543862 0.0578747 0.0000000 0.0653020 0.0106702 0.0727879 
Dasyuridae_Dasyurus_geffroii                 0.0532844 0.0575903 0.0535990 0.0627450 0.0618322 0.0040894 0.0620777 0.0603634 0.0624680 0.0699895 0.0607677 0.0111402 0.0200068 0.0595037 0.0568166 0.0102516 0.0049473 0.0149113 0.0682228 0.0621885 0.0765123 0.0687671 0.0117348 0.0637041 0.0546142 0.0593278 0.0630593 0.0572659 0.0713558 0.0566141 0.0598107 0.0653020 0.0000000 0.0696421 0.0707705 
Peramelidae_Perameles_gunnii                 0.0542550 0.0597438 0.0533486 0.0623877 0.0614328 0.0701507 0.0597344 0.0616236 0.0621334 0.0005704 0.0631381 0.0682596 0.0700359 0.0603375 0.0595978 0.0665137 0.0693015 0.0660051 0.0124245 0.0609365 0.0800908 0.0755098 0.0644440 0.0636285 0.0618190 0.0603919 0.0617838 0.0605737 0.0771133 0.0589700 0.0615475 0.0106702 0.0696421 0.0000000 0.0717012 
Pseudochiridae_Pseudochirulus_forbesi        0.0312386 0.0498856 0.0428662 0.0414408 0.0410240 0.0705478 0.0419362 0.0413298 0.0416353 0.0728178 0.0434694 0.0715376 0.0703147 0.0406431 0.0342252 0.0687911 0.0719611 0.0628421 0.0721647 0.0413047 0.0747483 0.0727146 0.0637825 0.0464692 0.0570238 0.0207515 0.0407678 0.0070772 0.0536686 0.0343569 0.0411960 0.0727879 0.0707705 0.0717012 0.0000000 
