39
Burramyidae_Burramys_parvus                  0.0000000 0.0494868 0.0299413 0.0345914 0.0345301 0.0473204 0.0147556 0.0147708 0.0370720 0.0881277 0.0157191 0.0458806 0.0440867 0.0154101 0.0246505 0.0444625 0.0466005 0.0391516 0.0861016 0.0414091 0.0291878 0.0138523 0.0796151 0.0463365 0.0549961 0.0262965 0.0363933 0.0310198 0.0626493 0.0259007 0.0164608 0.0797585 0.0458386 0.0892804 0.1707463 0.1707463 0.0820105 0.0820105 0.0282235 
Notoryctidae_Notoryctes_typhlops             0.0494868 0.0000000 0.0563033 0.0678506 0.0713727 0.0642931 0.0435323 0.0487523 0.0693258 0.0822620 0.0469104 0.0633054 0.0654459 0.0454944 0.0606296 0.0613329 0.0631843 0.0599791 0.0756570 0.0873475 0.0642611 0.0188846 0.1023398 0.0596611 0.0847326 0.0357520 0.0733717 0.0653305 0.0896384 0.0555973 0.0464626 0.0808221 0.0642254 0.0821455 0.1768207 0.1768207 0.1325978 0.1325978 0.0627158 
Vombatidae_Lasiorhinus_latifrons             0.0299413 0.0563033 0.0000000 0.0580082 0.0605899 0.0620384 0.0300210 0.0277094 0.0615936 0.1011160 0.0297821 0.0612649 0.0604845 0.0294203 0.0434986 0.0597177 0.0612765 0.0539999 0.0975828 0.0726484 0.0460018 0.0144400 0.0879103 0.0650415 0.0778552 0.0321168 0.0587587 0.0478743 0.0782332 0.0449668 0.0306371 0.0953570 0.0611979 0.1024064 0.2007081 0.2007081 0.0183338 0.0183338 0.0575930 
Potoroidae_Bettongia_penicillata             0.0345914 0.0678506 0.0580082 0.0000000 0.0013046 0.0771477 0.0416349 0.0429514 0.0049869 0.1081639 0.0427834 0.0747671 0.0763730 0.0450028 0.0520526 0.0732560 0.0748544 0.0721752 0.1054174 0.0159136 0.0561365 0.0214965 0.1041883 0.0760163 0.0352732 0.0450096 0.0649602 0.0576992 0.0874762 0.0527004 0.0463511 0.1012082 0.0747607 0.1093841 0.2111660 0.2111660 0.1277015 0.1277015 0.0092850 
Potoroidae_Bettongia_lesueur                 0.0345301 0.0713727 0.0605899 0.0013046 0.0000000 0.0788417 0.0413139 0.0426194 0.0055109 0.1091005 0.0438803 0.0764626 0.0770087 0.0446528 0.0505739 0.0749549 0.0765527 0.0731949 0.1063566 0.0148708 0.0575232 0.0230132 0.1044885 0.0777182 0.0343531 0.0441104 0.0630162 0.0575947 0.0882847 0.0530247 0.0459901 0.1030529 0.0764571 0.1103208 0.2087094 0.2087094 0.1287364 0.1287364 0.0090256 
Dasyuridae_Dasyurus_maculatus                0.0473204 0.0642931 0.0620384 0.0771477 0.0788417 0.0000000 0.0571124 0.0486080 0.0786814 0.0995825 0.0522670 0.0041688 0.0068883 0.0534979 0.0632462 0.0038386 0.0015820 0.0049180 0.1002094 0.0892033 0.0750818 0.0230810 0.1057523 0.0052320 0.0939219 0.0435707 0.0841118 0.0710224 0.1012502 0.0600346 0.0548714 0.0948555 0.0009013 0.1015733 0.2062785 0.2062785 0.1304516 0.1304516 0.0776192 
Phalangeridae_Trichosurus_vulpecula          0.0147556 0.0435323 0.0300210 0.0416349 0.0413139 0.0571124 0.0000000 0.0065817 0.0443126 0.0930188 0.0064706 0.0555998 0.0548805 0.0054251 0.0270138 0.0555984 0.0555995 0.0478281 0.0912272 0.0480376 0.0330959 0.0144859 0.0827478 0.0591581 0.0581489 0.0256422 0.0349629 0.0313013 0.0666203 0.0278309 0.0056075 0.0858680 0.0547905 0.0934896 0.1750443 0.1750443 0.0850545 0.0850545 0.0324916 
Phalangeridae_Spilocuscus_maculatus          0.0147708 0.0487523 0.0277094 0.0429514 0.0426194 0.0486080 0.0065817 0.0000000 0.0448690 0.0899193 0.0049543 0.0493623 0.0501361 0.0043649 0.0293462 0.0479009 0.0478768 0.0406282 0.0892006 0.0518324 0.0391155 0.0135556 0.0809080 0.0522305 0.0610806 0.0256268 0.0445273 0.0358948 0.0704158 0.0320364 0.0047074 0.0854568 0.0470975 0.0904157 0.1800612 0.1800612 0.0807080 0.0807080 0.0410779 
Potoroidae_Aepyprymnus_rufescens             0.0370720 0.0693258 0.0615936 0.0049869 0.0055109 0.0786814 0.0443126 0.0448690 0.0000000 0.1130224 0.0470293 0.0747369 0.0763784 0.0484256 0.0469584 0.0732259 0.0763775 0.0728315 0.1093762 0.0185539 0.0621319 0.0199681 0.1016967 0.0759860 0.0347641 0.0456822 0.0668261 0.0607745 0.0933733 0.0517802 0.0497822 0.1061362 0.0762815 0.1142686 0.2031380 0.2031380 0.1339059 0.1339059 0.0108783 
Peramelidae_Perameles_nasuta                 0.0881277 0.0822620 0.1011160 0.1081639 0.1091005 0.0995825 0.0930188 0.0899193 0.1130224 0.0000000 0.0849405 0.0987575 0.1022132 0.0863789 0.1057272 0.0971471 0.0988021 0.0939370 0.0033700 0.1210624 0.1053919 0.0403629 0.1477794 0.1029879 0.1269196 0.0763400 0.1171848 0.1050597 0.1337804 0.1037435 0.0877943 0.0034536 0.0986708 0.0001258 0.0733588 0.0733588 0.2069261 0.2069261 0.1108340 
Phalangeridae_Strigocuscus_pelengensis       0.0157191 0.0469104 0.0297821 0.0427834 0.0438803 0.0522670 0.0064706 0.0049543 0.0470293 0.0849405 0.0000000 0.0538086 0.0545919 0.0032560 0.0320656 0.0523008 0.0507526 0.0459684 0.0843720 0.0522810 0.0366925 0.0121128 0.0820891 0.0567421 0.0595414 0.0275790 0.0402590 0.0341163 0.0697245 0.0323143 0.0035769 0.0821290 0.0499480 0.0852481 0.1743643 0.1743643 0.0871209 0.0871209 0.0376658 
Dasyuridae_Phascogale_tapoatafa              0.0458806 0.0633054 0.0612649 0.0747671 0.0764626 0.0041688 0.0555998 0.0493623 0.0747369 0.0987575 0.0538086 0.0000000 0.0062943 0.0535089 0.0602855 0.0005077 0.0035171 0.0040296 0.0977289 0.0858773 0.0765951 0.0166074 0.1026191 0.0036948 0.0888329 0.0368690 0.0801367 0.0725344 0.1003229 0.0585687 0.0548817 0.0923418 0.0036753 0.0982266 0.2035268 0.2035268 0.1339773 0.1339773 0.0745934 
Dasyuridae_Sminthopsis_macroura              0.0440867 0.0654459 0.0604845 0.0763730 0.0770087 0.0068883 0.0548805 0.0501361 0.0763784 0.1022132 0.0545919 0.0062943 0.0000000 0.0550229 0.0589747 0.0066851 0.0057248 0.0047105 0.1003370 0.0855933 0.0726039 0.0209293 0.1043498 0.0081881 0.0923495 0.0372054 0.0812852 0.0675321 0.0966325 0.0593987 0.0563947 0.0967339 0.0062962 0.1033984 0.2097528 0.2097528 0.1362618 0.1362618 0.0711725 
Phalangeridae_Phalanger_orientalis           0.0154101 0.0454944 0.0294203 0.0450028 0.0446528 0.0534979 0.0054251 0.0043649 0.0484256 0.0863789 0.0032560 0.0535089 0.0550229 0.0000000 0.0311221 0.0520371 0.0520132 0.0450122 0.0872967 0.0530801 0.0369064 0.0135572 0.0853055 0.0556270 0.0593065 0.0255043 0.0373239 0.0330561 0.0711238 0.0332238 0.0003794 0.0826500 0.0512230 0.0868510 0.1790074 0.1790074 0.0842182 0.0842182 0.0365905 
Acrobatidae_Acrobates_pygmaeus               0.0246505 0.0606296 0.0434986 0.0520526 0.0505739 0.0632462 0.0270138 0.0293462 0.0469584 0.1057272 0.0320656 0.0602855 0.0589747 0.0311221 0.0000000 0.0610448 0.0617960 0.0538179 0.1037918 0.0656082 0.0420879 0.0206313 0.0978386 0.0631844 0.0692537 0.0300890 0.0434768 0.0375135 0.0638557 0.0165365 0.0323411 0.1015609 0.0609580 0.1072733 0.1915042 0.1915042 0.1057775 0.1057775 0.0505603 
Dasyuridae_Phascogale_calura                 0.0444625 0.0613329 0.0597177 0.0732560 0.0749549 0.0038386 0.0555984 0.0479009 0.0732259 0.0971471 0.0523008 0.0005077 0.0066851 0.0520371 0.0610448 0.0000000 0.0032014 0.0038580 0.0961280 0.0850949 0.0750597 0.0171894 0.1036515 0.0033737 0.0872302 0.0359702 0.0782584 0.0717846 0.0994364 0.0585673 0.0534079 0.0907158 0.0033562 0.0966144 0.2035268 0.2035268 0.1321767 0.1321767 0.0736323 
Dasyuridae_Sarcophilus_harrisii              0.0466005 0.0631843 0.0612765 0.0748544 0.0765527 0.0015820 0.0555995 0.0478768 0.0763775 0.0988021 0.0507526 0.0035171 0.0057248 0.0520132 0.0617960 0.0032014 0.0000000 0.0045574 0.0977719 0.0867935 0.0735501 0.0230610 0.1068068 0.0050556 0.0914656 0.0406648 0.0831909 0.0678272 0.1013025 0.0577678 0.0533842 0.0932964 0.0011693 0.1007871 0.2068312 0.2068312 0.1343011 0.1343011 0.0737762 
Dasyuridae_Planigale_tenuirostris            0.0391516 0.0599791 0.0539999 0.0721752 0.0731949 0.0049180 0.0478281 0.0406282 0.0728315 0.0939370 0.0459684 0.0040296 0.0047105 0.0450122 0.0538179 0.0038580 0.0045574 0.0000000 0.0928263 0.0794777 0.0650258 0.0164684 0.1054311 0.0045719 0.0777989 0.0339786 0.0713233 0.0622241 0.0860092 0.0552348 0.0464925 0.0875871 0.0047344 0.0948790 0.2131344 0.2131344 0.1312719 0.1312719 0.0714766 
Peramelidae_Echymipera_kalubu                0.0861016 0.0756570 0.0975828 0.1054174 0.1063566 0.1002094 0.0912272 0.0892006 0.1093762 0.0033700 0.0843720 0.0977289 0.1003370 0.0872967 0.1037918 0.0961280 0.0977719 0.0928263 0.0000000 0.1190510 0.1048123 0.0374397 0.1400727 0.1000143 0.1233181 0.0736912 0.1162687 0.1053458 0.1352907 0.1031483 0.0887050 0.0026622 0.0976427 0.0030538 0.0653682 0.0653682 0.2030208 0.2030208 0.1068784 
Macropodidae_Dorcopsulus_vanheurni           0.0414091 0.0873475 0.0726484 0.0159136 0.0148708 0.0892033 0.0480376 0.0518324 0.0185539 0.1210624 0.0522810 0.0858773 0.0855933 0.0530801 0.0656082 0.0850949 0.0867935 0.0794777 0.1190510 0.0000000 0.0699536 0.0359823 0.1153914 0.0880210 0.0394429 0.0582802 0.0739154 0.0653679 0.1033231 0.0638322 0.0552670 0.1168871 0.0866798 0.1233756 0.2057407 0.2057407 0.1346689 0.1346689 0.0021063 
Pseudochiridae_Pseudochirulus_forbesi        0.0291878 0.0642611 0.0460018 0.0561365 0.0575232 0.0750818 0.0330959 0.0391155 0.0621319 0.1053919 0.0366925 0.0765951 0.0726039 0.0369064 0.0420879 0.0750597 0.0735501 0.0650258 0.1048123 0.0699536 0.0000000 0.0164876 0.0945428 0.0776463 0.0725782 0.0425492 0.0254405 0.0064361 0.0723191 0.0425330 0.0375195 0.1019121 0.0734573 0.1065980 0.2249300 0.2249300 0.1214002 0.1214002 0.0574771 
Didelphidae_Didelphis_virginiana             0.0138523 0.0188846 0.0144400 0.0214965 0.0230132 0.0230810 0.0144859 0.0135556 0.0199681 0.0403629 0.0121128 0.0166074 0.0209293 0.0135572 0.0206313 0.0171894 0.0230610 0.0164684 0.0374397 0.0359823 0.0164876 0.0000000 0.0044660 0.0156143 0.0403331 0.0178887 0.0127076 0.0176856 0.0246697 0.0229887 0.0135572 0.0369025 0.0230584 0.0384400 9.0000000 9.0000000 9.0000000 9.0000000 0.0107522 
Marmosidae_Monodelphis_domestica             0.0796151 0.1023398 0.0879103 0.1041883 0.1044885 0.1057523 0.0827478 0.0809080 0.1016967 0.1477794 0.0820891 0.1026191 0.1043498 0.0853055 0.0978386 0.1036515 0.1068068 0.1054311 0.1400727 0.1153914 0.0945428 0.0044660 0.0000000 0.0993983 0.1176752 0.0847260 0.1170927 0.0988494 0.1133255 0.0987437 0.0850391 0.1412559 0.1056367 0.1487756 0.3371422 0.3371422 0.2162391 0.2162391 0.1059372 
Dasyuridae_Antechinus_stuartii               0.0463365 0.0596611 0.0650415 0.0760163 0.0777182 0.0052320 0.0591581 0.0522305 0.0759860 0.1029879 0.0567421 0.0036948 0.0081881 0.0556270 0.0631844 0.0033737 0.0050556 0.0045719 0.1000143 0.0880210 0.0776463 0.0156143 0.0993983 0.0000000 0.0853540 0.0390681 0.0748379 0.0741640 0.1008691 0.0575995 0.0578200 0.0964177 0.0048747 0.0998334 0.1981481 0.1981481 0.1305106 0.1305106 0.0777522 
Hypsiprymnodontidae_Hypsiprymnodon_moschatus 0.0549961 0.0847326 0.0778552 0.0352732 0.0343531 0.0939219 0.0581489 0.0610806 0.0347641 0.1269196 0.0595414 0.0888329 0.0923495 0.0593065 0.0692537 0.0872302 0.0914656 0.0777989 0.1233181 0.0394429 0.0725782 0.0403331 0.1176752 0.0853540 0.0000000 0.0626968 0.0692806 0.0702518 0.1052061 0.0732579 0.0607604 0.1196486 0.0913435 0.1295147 0.2135995 0.2135995 0.1344598 0.1344598 0.0246305 
Microbiotheriidae_Dromiciops_gliroides       0.0262965 0.0357520 0.0321168 0.0450096 0.0441104 0.0435707 0.0256422 0.0256268 0.0456822 0.0763400 0.0275790 0.0368690 0.0372054 0.0255043 0.0300890 0.0359702 0.0406648 0.0339786 0.0736912 0.0582802 0.0425492 0.0178887 0.0847260 0.0390681 0.0626968 0.0000000 0.0399548 0.0390355 0.0659395 0.0326297 0.0269246 0.0760537 0.0415688 0.0781358 0.2093488 0.2093488 0.1205607 0.1205607 0.0331221 
Pseudochiridae_Petauroides_volans            0.0363933 0.0733717 0.0587587 0.0649602 0.0630162 0.0841118 0.0349629 0.0445273 0.0668261 0.1171848 0.0402590 0.0801367 0.0812852 0.0373239 0.0434768 0.0782584 0.0831909 0.0713233 0.1162687 0.0739154 0.0254405 0.0127076 0.1170927 0.0748379 0.0692806 0.0399548 0.0000000 0.0281802 0.0738006 0.0446991 0.0364807 0.1118452 0.0820909 0.1159712 0.2514668 0.2514668 0.1566223 0.1566223 0.0590318 
Pseudochiridae_Pseudocheirus_occidentalis    0.0310198 0.0653305 0.0478743 0.0576992 0.0575947 0.0710224 0.0313013 0.0358948 0.0607745 0.1050597 0.0341163 0.0725344 0.0675321 0.0330561 0.0375135 0.0717846 0.0678272 0.0622241 0.1053458 0.0653679 0.0064361 0.0176856 0.0988494 0.0741640 0.0702518 0.0390355 0.0281802 0.0000000 0.0724273 0.0379212 0.0343509 0.1010877 0.0694069 0.1056769 0.2168926 0.2168926 0.1190687 0.1190687 0.0490067 
Tarsipedidae_Tarsipes_rostratus              0.0626493 0.0896384 0.0782332 0.0874762 0.0882847 0.1012502 0.0666203 0.0704158 0.0933733 0.1337804 0.0697245 0.1003229 0.0966325 0.0711238 0.0638557 0.0994364 0.1013025 0.0860092 0.1352907 0.1033231 0.0723191 0.0246697 0.1133255 0.1008691 0.1052061 0.0659395 0.0738006 0.0724273 0.0000000 0.0680944 0.0737225 0.1361687 0.1011495 0.1363047 0.2586003 0.2586003 0.1891319 0.1891319 0.0872274 
Acrobatidae_Distoechurus_pennatus            0.0259007 0.0555973 0.0449668 0.0527004 0.0530247 0.0600346 0.0278309 0.0320364 0.0517802 0.1037435 0.0323143 0.0585687 0.0593987 0.0332238 0.0165365 0.0585673 0.0577678 0.0552348 0.1031483 0.0638322 0.0425330 0.0229887 0.0987437 0.0575995 0.0732579 0.0326297 0.0446991 0.0379212 0.0680944 0.0000000 0.0344966 0.0984034 0.0584573 0.1053717 0.1822013 0.1822013 0.0997216 0.0997216 0.0438406 
Phalangeridae_Phalanger_carmelitae           0.0164608 0.0464626 0.0306371 0.0463511 0.0459901 0.0548714 0.0056075 0.0047074 0.0497822 0.0877943 0.0035769 0.0548817 0.0563947 0.0003794 0.0323411 0.0534079 0.0533842 0.0464925 0.0887050 0.0552670 0.0375195 0.0135572 0.0850391 0.0578200 0.0607604 0.0269246 0.0364807 0.0343509 0.0737225 0.0344966 0.0000000 0.0842372 0.0525911 0.0882751 0.1830887 0.1830887 0.0884469 0.0884469 0.0390968 
Peramelidae_Peroryctes_raffrayana            0.0797585 0.0808221 0.0953570 0.1012082 0.1030529 0.0948555 0.0858680 0.0854568 0.1061362 0.0034536 0.0821290 0.0923418 0.0967339 0.0826500 0.1015609 0.0907158 0.0932964 0.0875871 0.0026622 0.1168871 0.1019121 0.0369025 0.1412559 0.0964177 0.1196486 0.0760537 0.1118452 0.1010877 0.1361687 0.0984034 0.0842372 0.0000000 0.0931707 0.0031352 0.0665550 0.0665550 0.1954551 0.1954551 0.1047032 
Dasyuridae_Dasyurus_geffroii                 0.0458386 0.0642254 0.0611979 0.0747607 0.0764571 0.0009013 0.0547905 0.0470975 0.0762815 0.0986708 0.0499480 0.0036753 0.0062962 0.0512230 0.0609580 0.0033562 0.0011693 0.0047344 0.0976427 0.0866798 0.0734573 0.0230584 0.1056367 0.0048747 0.0913435 0.0415688 0.0820909 0.0694069 0.1011495 0.0584573 0.0525911 0.0931707 0.0000000 0.1006521 0.2037022 0.2037022 0.1322411 0.1322411 0.0736813 
Peramelidae_Perameles_gunnii                 0.0892804 0.0821455 0.1024064 0.1093841 0.1103208 0.1015733 0.0934896 0.0904157 0.1142686 0.0001258 0.0852481 0.0982266 0.1033984 0.0868510 0.1072733 0.0966144 0.1007871 0.0948790 0.0030538 0.1233756 0.1065980 0.0384400 0.1487756 0.0998334 0.1295147 0.0781358 0.1159712 0.1056769 0.1363047 0.1053717 0.0882751 0.0031352 0.1006521 0.0000000 0.0722688 0.0722688 0.2077829 0.2077829 0.1134880 
Thylacomyidae_Macrotis_lagotis1              0.1707463 0.1768207 0.2007081 0.2111660 0.2087094 0.2062785 0.1750443 0.1800612 0.2031380 0.0733588 0.1743643 0.2035268 0.2097528 0.1790074 0.1915042 0.2035268 0.2068312 0.2131344 0.0653682 0.2057407 0.2249300 9.0000000 0.3371422 0.1981481 0.2135995 0.2093488 0.2514668 0.2168926 0.2586003 0.1822013 0.1830887 0.0665550 0.2037022 0.0722688 0.0000000 0.0000010 0.2013344 0.2013344 0.2082187 
Thylacomyidae_Macrotis_lagotis2              0.1707463 0.1768207 0.2007081 0.2111660 0.2087094 0.2062785 0.1750443 0.1800612 0.2031380 0.0733588 0.1743643 0.2035268 0.2097528 0.1790074 0.1915042 0.2035268 0.2068312 0.2131344 0.0653682 0.2057407 0.2249300 9.0000000 0.3371422 0.1981481 0.2135995 0.2093488 0.2514668 0.2168926 0.2586003 0.1822013 0.1830887 0.0665550 0.2037022 0.0722688 0.0000010 0.0000000 0.2013344 0.2013344 0.2082187 
Vombatidae_Vombatus_ursinus1                 0.0820105 0.1325978 0.0183338 0.1277015 0.1287364 0.1304516 0.0850545 0.0807080 0.1339059 0.2069261 0.0871209 0.1339773 0.1362618 0.0842182 0.1057775 0.1321767 0.1343011 0.1312719 0.2030208 0.1346689 0.1214002 9.0000000 0.2162391 0.1305106 0.1344598 0.1205607 0.1566223 0.1190687 0.1891319 0.0997216 0.0884469 0.1954551 0.1322411 0.2077829 0.2013344 0.2013344 0.0000000 0.0000010 0.1330647 
Vombatidae_Vombatus_ursinus2                 0.0820105 0.1325978 0.0183338 0.1277015 0.1287364 0.1304516 0.0850545 0.0807080 0.1339059 0.2069261 0.0871209 0.1339773 0.1362618 0.0842182 0.1057775 0.1321767 0.1343011 0.1312719 0.2030208 0.1346689 0.1214002 9.0000000 0.2162391 0.1305106 0.1344598 0.1205607 0.1566223 0.1190687 0.1891319 0.0997216 0.0884469 0.1954551 0.1322411 0.2077829 0.2013344 0.2013344 0.0000010 0.0000000 0.1330647 
Macropodidae_Wallabia_bicolor                0.0282235 0.0627158 0.0575930 0.0092850 0.0090256 0.0776192 0.0324916 0.0410779 0.0108783 0.1108340 0.0376658 0.0745934 0.0711725 0.0365905 0.0505603 0.0736323 0.0737762 0.0714766 0.1068784 0.0021063 0.0574771 0.0107522 0.1059372 0.0777522 0.0246305 0.0331221 0.0590318 0.0490067 0.0872274 0.0438406 0.0390968 0.1047032 0.0736813 0.1134880 0.2082187 0.2082187 0.1330647 0.1330647 0.0000000 
