43
croc_TJD307_ND4 0.0000000 0.0722612 0.0722612 0.0737245 0.0725575 0.0707947 0.0811716 0.0811716 0.0802673 0.0755482 0.0796727 0.0807217 0.0789969 0.0781207 0.0795529 0.0727232 0.0727232 0.0710463 0.0710463 0.0794585 0.0794585 0.0806033 0.0761536 0.0771150 0.0771150 0.0760004 0.0760004 0.0760004 0.0760004 0.0760004 0.0760004 0.0760004 0.0789037 0.0789037 0.0760004 0.0770748 0.0753924 0.0819643 0.0819643 0.0836730 0.0773385 0.0773385 0.0797535 
MVZ229220_ND4   0.0722612 0.0000000 0.0000010 0.0002040 0.0397450 0.0381650 0.0407710 0.0407710 0.0385610 0.0378748 0.0397757 0.0394566 0.0379198 0.0383400 0.0397220 0.0382166 0.0382166 0.0397361 0.0397361 0.0397838 0.0397838 0.0379105 0.0367682 0.0379198 0.0379198 0.0382030 0.0366813 0.0366813 0.0366813 0.0367279 0.0354227 0.0354227 0.0394905 0.0394905 0.0366813 0.0379022 0.0363740 0.0469694 0.0469694 0.0485129 0.0438380 0.0438380 0.0429593 
SDFIELD1167_ND4 0.0722612 0.0000010 0.0000000 0.0002040 0.0397450 0.0381650 0.0407710 0.0407710 0.0385610 0.0378748 0.0397757 0.0394566 0.0379198 0.0383400 0.0397220 0.0382166 0.0382166 0.0397361 0.0397361 0.0397838 0.0397838 0.0379105 0.0367682 0.0379198 0.0379198 0.0382030 0.0366813 0.0366813 0.0366813 0.0367279 0.0354227 0.0354227 0.0394905 0.0394905 0.0366813 0.0379022 0.0363740 0.0469694 0.0469694 0.0485129 0.0438380 0.0438380 0.0429593 
SDFIELD1343_ND4 0.0737245 0.0002040 0.0002040 0.0000000 0.0411647 0.0395869 0.0422194 0.0422194 0.0399938 0.0392878 0.0411957 0.0408675 0.0393344 0.0397648 0.0411401 0.0396396 0.0396396 0.0411548 0.0411548 0.0412041 0.0412041 0.0393247 0.0381993 0.0393344 0.0393344 0.0396255 0.0381103 0.0381103 0.0381103 0.0381585 0.0368688 0.0368688 0.0409025 0.0409025 0.0381103 0.0393161 0.0377943 0.0483746 0.0483746 0.0499194 0.0452396 0.0452396 0.0443794 
TJD273_ND4      0.0725575 0.0397450 0.0397450 0.0411647 0.0000000 0.0001002 0.0424292 0.0424292 0.0388185 0.0352609 0.0340542 0.0339630 0.0323750 0.0309828 0.0324416 0.0323934 0.0323934 0.0339572 0.0339572 0.0339986 0.0339986 0.0384432 0.0341067 0.0353035 0.0353035 0.0324416 0.0340227 0.0340227 0.0340227 0.0340671 0.0327144 0.0327144 0.0368951 0.0368951 0.0369250 0.0384354 0.0368876 0.0413765 0.0413765 0.0429220 0.0382391 0.0382391 0.0372765 
TJD300_ND4      0.0707947 0.0381650 0.0381650 0.0395869 0.0001002 0.0000000 0.0440203 0.0440203 0.0372168 0.0336660 0.0324348 0.0323462 0.0307379 0.0293134 0.0308032 0.0307567 0.0307567 0.0323415 0.0323415 0.0355744 0.0355744 0.0368540 0.0324862 0.0337069 0.0337069 0.0308032 0.0324045 0.0324045 0.0324045 0.0324473 0.0310679 0.0310679 0.0353035 0.0353035 0.0353332 0.0368464 0.0352963 0.0397894 0.0397894 0.0413304 0.0366574 0.0366574 0.0356713 
SDFIELD573_ND4  0.0811716 0.0407710 0.0407710 0.0422194 0.0424292 0.0440203 0.0000000 0.0000010 0.0282879 0.0277013 0.0262493 0.0294386 0.0277383 0.0244778 0.0262072 0.0279927 0.0279927 0.0262185 0.0262185 0.0261996 0.0261996 0.0240533 0.0297579 0.0277383 0.0277383 0.0243110 0.0262212 0.0262212 0.0262212 0.0243664 0.0245763 0.0245763 0.0294659 0.0294659 0.0262212 0.0294308 0.0277383 0.0341658 0.0341658 0.0357373 0.0309312 0.0309312 0.0298006 
SDFIELD574_ND4  0.0811716 0.0407710 0.0407710 0.0422194 0.0424292 0.0440203 0.0000010 0.0000000 0.0282879 0.0277013 0.0262493 0.0294386 0.0277383 0.0244778 0.0262072 0.0279927 0.0279927 0.0262185 0.0262185 0.0261996 0.0261996 0.0240533 0.0297579 0.0277383 0.0277383 0.0243110 0.0262212 0.0262212 0.0262212 0.0243664 0.0245763 0.0245763 0.0294659 0.0294659 0.0262212 0.0294308 0.0277383 0.0341658 0.0341658 0.0357373 0.0309312 0.0309312 0.0298006 
SDFIELD1158_ND4 0.0802673 0.0385610 0.0385610 0.0399938 0.0388185 0.0372168 0.0282879 0.0282879 0.0000000 0.0006702 0.0008019 0.0008012 0.0006703 0.0007942 0.0008018 0.0006708 0.0006708 0.0008018 0.0008018 0.0008019 0.0008019 0.0009393 0.0008020 0.0006703 0.0006703 0.0006708 0.0005462 0.0005462 0.0005462 0.0005462 0.0006710 0.0006710 0.0005458 0.0005458 0.0005462 0.0009393 0.0008013 0.0172665 0.0172665 0.0211099 0.0015862 0.0015862 0.0010863 
TJD458_ND4      0.0755482 0.0378748 0.0378748 0.0392878 0.0352609 0.0336660 0.0277013 0.0277013 0.0006702 0.0000000 0.0008004 0.0005452 0.0004277 0.0007928 0.0008003 0.0004278 0.0004278 0.0005453 0.0005453 0.0008004 0.0008004 0.0009376 0.0008006 0.0006691 0.0006691 0.0006696 0.0005453 0.0005453 0.0005453 0.0005463 0.0006698 0.0006698 0.0007998 0.0007998 0.0005453 0.0009375 0.0007998 0.0024948 0.0024948 0.0204145 0.0015823 0.0015823 0.0014063 
TJD434_ND4      0.0796727 0.0397757 0.0397757 0.0411957 0.0340542 0.0324348 0.0262493 0.0262493 0.0008019 0.0008004 0.0000000 0.0004279 0.0003144 0.0004249 0.0004283 0.0005461 0.0005461 0.0006706 0.0006706 0.0006707 0.0006707 0.0008010 0.0006708 0.0005457 0.0005457 0.0003147 0.0004283 0.0004283 0.0004283 0.0004283 0.0005462 0.0005462 0.0006702 0.0006702 0.0006703 0.0008010 0.0006702 0.0017794 0.0017794 0.0019933 0.0010846 0.0010846 0.0009400 
TJD455_ND4      0.0807217 0.0394566 0.0394566 0.0408675 0.0339630 0.0323462 0.0294386 0.0294386 0.0008012 0.0005452 0.0004279 0.0000000 0.0001002 0.0006640 0.0006701 0.0005456 0.0005456 0.0006701 0.0006701 0.0006701 0.0006701 0.0008004 0.0006703 0.0005452 0.0005452 0.0005456 0.0004280 0.0004280 0.0004280 0.0004280 0.0005458 0.0005458 0.0006697 0.0006697 0.0006697 0.0008004 0.0006696 0.0022287 0.0022287 0.0024992 0.0014048 0.0014048 0.0012409 
TJD457_ND4      0.0789969 0.0379198 0.0379198 0.0393344 0.0323750 0.0307379 0.0277383 0.0277383 0.0006703 0.0004277 0.0003144 0.0001002 0.0000000 0.0005421 0.0005456 0.0004280 0.0004280 0.0005456 0.0005456 0.0005457 0.0005457 0.0006696 0.0005458 0.0004277 0.0004277 0.0004280 0.0003145 0.0003145 0.0003145 0.0003145 0.0004281 0.0004281 0.0005453 0.0005453 0.0005453 0.0006696 0.0005453 0.0019903 0.0019903 0.0022286 0.0012387 0.0012387 0.0010853 
TJD438_ND4      0.0781207 0.0383400 0.0383400 0.0397648 0.0309828 0.0293134 0.0244778 0.0244778 0.0007942 0.0007928 0.0004249 0.0006640 0.0005421 0.0000000 0.0002042 0.0005424 0.0005424 0.0006645 0.0006645 0.0006646 0.0006646 0.0007934 0.0006647 0.0005421 0.0005421 0.0003123 0.0004249 0.0004249 0.0004249 0.0004250 0.0005426 0.0005426 0.0006641 0.0006641 0.0006642 0.0007934 0.0006641 0.0017535 0.0017535 0.0019607 0.0010730 0.0010730 0.0009306 
TJD439_ND4      0.0795529 0.0397220 0.0397220 0.0411401 0.0324416 0.0308032 0.0262072 0.0262072 0.0008018 0.0008003 0.0004283 0.0006701 0.0005456 0.0002042 0.0000000 0.0005460 0.0005460 0.0006705 0.0006705 0.0006706 0.0006706 0.0008009 0.0006707 0.0005456 0.0005456 0.0003147 0.0004283 0.0004283 0.0004283 0.0004283 0.0005461 0.0005461 0.0006701 0.0006701 0.0006702 0.0008009 0.0006701 0.0017791 0.0017791 0.0019929 0.0010844 0.0010844 0.0009399 
TJD358_ND4      0.0727232 0.0382166 0.0382166 0.0396396 0.0323934 0.0307567 0.0279927 0.0279927 0.0006708 0.0004278 0.0005461 0.0005456 0.0004280 0.0005424 0.0005460 0.0000000 0.0000010 0.0001003 0.0001003 0.0005461 0.0005461 0.0006702 0.0005462 0.0004280 0.0004280 0.0004283 0.0003147 0.0003147 0.0003147 0.0003147 0.0004284 0.0004284 0.0005457 0.0005457 0.0005458 0.0006701 0.0005457 0.0019930 0.0019930 0.0022320 0.0012398 0.0012398 0.0010863 
TJD359_ND4      0.0727232 0.0382166 0.0382166 0.0396396 0.0323934 0.0307567 0.0279927 0.0279927 0.0006708 0.0004278 0.0005461 0.0005456 0.0004280 0.0005424 0.0005460 0.0000010 0.0000000 0.0001003 0.0001003 0.0005461 0.0005461 0.0006702 0.0005462 0.0004280 0.0004280 0.0004283 0.0003147 0.0003147 0.0003147 0.0003147 0.0004284 0.0004284 0.0005457 0.0005457 0.0005458 0.0006701 0.0005457 0.0019930 0.0019930 0.0022320 0.0012398 0.0012398 0.0010863 
TJD369_ND4      0.0710463 0.0397361 0.0397361 0.0411548 0.0339572 0.0323415 0.0262185 0.0262185 0.0008018 0.0005453 0.0006706 0.0006701 0.0005456 0.0006645 0.0006705 0.0001003 0.0001003 0.0000000 0.0000010 0.0006706 0.0006706 0.0008010 0.0006707 0.0005456 0.0005456 0.0005460 0.0004283 0.0004283 0.0004283 0.0004283 0.0005461 0.0005461 0.0006701 0.0006701 0.0006702 0.0008010 0.0006701 0.0022318 0.0022318 0.0167965 0.0014061 0.0014061 0.0012420 
TJD377_ND4      0.0710463 0.0397361 0.0397361 0.0411548 0.0339572 0.0323415 0.0262185 0.0262185 0.0008018 0.0005453 0.0006706 0.0006701 0.0005456 0.0006645 0.0006705 0.0001003 0.0001003 0.0000010 0.0000000 0.0006706 0.0006706 0.0008010 0.0006707 0.0005456 0.0005456 0.0005460 0.0004283 0.0004283 0.0004283 0.0004283 0.0005461 0.0005461 0.0006701 0.0006701 0.0006702 0.0008010 0.0006701 0.0022318 0.0022318 0.0167965 0.0014061 0.0014061 0.0012420 
TJD460_ND4      0.0794585 0.0397838 0.0397838 0.0412041 0.0339986 0.0355744 0.0261996 0.0261996 0.0008019 0.0008004 0.0006707 0.0006701 0.0005457 0.0006646 0.0006706 0.0005461 0.0005461 0.0006706 0.0006706 0.0000000 0.0000010 0.0005456 0.0004283 0.0003144 0.0003144 0.0003146 0.0002047 0.0002047 0.0002047 0.0002047 0.0003147 0.0003147 0.0004280 0.0004280 0.0004280 0.0005456 0.0004280 0.0022322 0.0022322 0.0169635 0.0014063 0.0014063 0.0012422 
TJD462_ND4      0.0794585 0.0397838 0.0397838 0.0412041 0.0339986 0.0355744 0.0261996 0.0261996 0.0008019 0.0008004 0.0006707 0.0006701 0.0005457 0.0006646 0.0006706 0.0005461 0.0005461 0.0006706 0.0006706 0.0000010 0.0000000 0.0005456 0.0004283 0.0003144 0.0003144 0.0003146 0.0002047 0.0002047 0.0002047 0.0002047 0.0003147 0.0003147 0.0004280 0.0004280 0.0004280 0.0005456 0.0004280 0.0022322 0.0022322 0.0169635 0.0014063 0.0014063 0.0012422 
MVZ236191_ND4   0.0806033 0.0379105 0.0379105 0.0393247 0.0384432 0.0368540 0.0240533 0.0240533 0.0009393 0.0009376 0.0008010 0.0008004 0.0006696 0.0007934 0.0008009 0.0006702 0.0006702 0.0008010 0.0008010 0.0005456 0.0005456 0.0000000 0.0005457 0.0002046 0.0002046 0.0004279 0.0003145 0.0003145 0.0003145 0.0003145 0.0004280 0.0004280 0.0005452 0.0005452 0.0005453 0.0006695 0.0005452 0.0024995 0.0024995 0.0207282 0.0015839 0.0015839 0.0014076 
TJD459_ND4      0.0761536 0.0367682 0.0367682 0.0381993 0.0341067 0.0324862 0.0297579 0.0297579 0.0008020 0.0008006 0.0006708 0.0006703 0.0005458 0.0006647 0.0006707 0.0005462 0.0005462 0.0006707 0.0006707 0.0004283 0.0004283 0.0005457 0.0000000 0.0003145 0.0003145 0.0003147 0.0002048 0.0002048 0.0002048 0.0002048 0.0003148 0.0003148 0.0004280 0.0004280 0.0004281 0.0005457 0.0004280 0.0022329 0.0022329 0.0171565 0.0014066 0.0014066 0.0012424 
TJD464_ND4      0.0771150 0.0379198 0.0379198 0.0393344 0.0353035 0.0337069 0.0277383 0.0277383 0.0006703 0.0006691 0.0005457 0.0005452 0.0004277 0.0005421 0.0005456 0.0004280 0.0004280 0.0005456 0.0005456 0.0003144 0.0003144 0.0002046 0.0003145 0.0000000 0.0000010 0.0002046 0.0001002 0.0001002 0.0001002 0.0001002 0.0002046 0.0002046 0.0003142 0.0003142 0.0003143 0.0004276 0.0003142 0.0019903 0.0019903 0.0022286 0.0012387 0.0012387 0.0010853 
TJD465_ND4      0.0771150 0.0379198 0.0379198 0.0393344 0.0353035 0.0337069 0.0277383 0.0277383 0.0006703 0.0006691 0.0005457 0.0005452 0.0004277 0.0005421 0.0005456 0.0004280 0.0004280 0.0005456 0.0005456 0.0003144 0.0003144 0.0002046 0.0003145 0.0000010 0.0000000 0.0002046 0.0001002 0.0001002 0.0001002 0.0001002 0.0002046 0.0002046 0.0003142 0.0003142 0.0003143 0.0004276 0.0003142 0.0019903 0.0019903 0.0022286 0.0012387 0.0012387 0.0010853 
MVZ207642_ND4   0.0760004 0.0382030 0.0382030 0.0396255 0.0324416 0.0308032 0.0243110 0.0243110 0.0006708 0.0006696 0.0003147 0.0005456 0.0004280 0.0003123 0.0003147 0.0004283 0.0004283 0.0005460 0.0005460 0.0003146 0.0003146 0.0004279 0.0003147 0.0002046 0.0002046 0.0000000 0.0001003 0.0001003 0.0001003 0.0001003 0.0002048 0.0002048 0.0003144 0.0003144 0.0003145 0.0004279 0.0003144 0.0015845 0.0015845 0.0017792 0.0009384 0.0009384 0.0008018 
MVZ195628_ND4   0.0760004 0.0366813 0.0366813 0.0381103 0.0340227 0.0324045 0.0262212 0.0262212 0.0005462 0.0005453 0.0004283 0.0004280 0.0003145 0.0004249 0.0004283 0.0003147 0.0003147 0.0004283 0.0004283 0.0002047 0.0002047 0.0003145 0.0002048 0.0001002 0.0001002 0.0001003 0.0000000 0.0000010 0.0000010 0.0000010 0.0001003 0.0001003 0.0002046 0.0002046 0.0002046 0.0003144 0.0002046 0.0017792 0.0017792 0.0019930 0.0010845 0.0010845 0.0009399 
MVZ207643_ND4   0.0760004 0.0366813 0.0366813 0.0381103 0.0340227 0.0324045 0.0262212 0.0262212 0.0005462 0.0005453 0.0004283 0.0004280 0.0003145 0.0004249 0.0004283 0.0003147 0.0003147 0.0004283 0.0004283 0.0002047 0.0002047 0.0003145 0.0002048 0.0001002 0.0001002 0.0001003 0.0000010 0.0000000 0.0000010 0.0000010 0.0001003 0.0001003 0.0002046 0.0002046 0.0002046 0.0003144 0.0002046 0.0017792 0.0017792 0.0019930 0.0010845 0.0010845 0.0009399 
TJD454_ND4      0.0760004 0.0366813 0.0366813 0.0381103 0.0340227 0.0324045 0.0262212 0.0262212 0.0005462 0.0005453 0.0004283 0.0004280 0.0003145 0.0004249 0.0004283 0.0003147 0.0003147 0.0004283 0.0004283 0.0002047 0.0002047 0.0003145 0.0002048 0.0001002 0.0001002 0.0001003 0.0000010 0.0000010 0.0000000 0.0000010 0.0001003 0.0001003 0.0002046 0.0002046 0.0002046 0.0003144 0.0002046 0.0017792 0.0017792 0.0019930 0.0010845 0.0010845 0.0009399 
TJD456_ND4      0.0760004 0.0367279 0.0367279 0.0381585 0.0340671 0.0324473 0.0243664 0.0243664 0.0005462 0.0005463 0.0004283 0.0004280 0.0003145 0.0004250 0.0004283 0.0003147 0.0003147 0.0004283 0.0004283 0.0002047 0.0002047 0.0003145 0.0002048 0.0001002 0.0001002 0.0001003 0.0000010 0.0000010 0.0000010 0.0000000 0.0001003 0.0001003 0.0002046 0.0002046 0.0002046 0.0003145 0.0002046 0.0017795 0.0017795 0.0019934 0.0010846 0.0010846 0.0009400 
TJD452_ND4      0.0760004 0.0354227 0.0354227 0.0368688 0.0327144 0.0310679 0.0245763 0.0245763 0.0006710 0.0006698 0.0005462 0.0005458 0.0004281 0.0005426 0.0005461 0.0004284 0.0004284 0.0005461 0.0005461 0.0003147 0.0003147 0.0004280 0.0003148 0.0002046 0.0002046 0.0002048 0.0001003 0.0001003 0.0001003 0.0001003 0.0000000 0.0000010 0.0003145 0.0003145 0.0003145 0.0004280 0.0003145 0.0015862 0.0015862 0.0017814 0.0012402 0.0012402 0.0010866 
TJD453_ND4      0.0760004 0.0354227 0.0354227 0.0368688 0.0327144 0.0310679 0.0245763 0.0245763 0.0006710 0.0006698 0.0005462 0.0005458 0.0004281 0.0005426 0.0005461 0.0004284 0.0004284 0.0005461 0.0005461 0.0003147 0.0003147 0.0004280 0.0003148 0.0002046 0.0002046 0.0002048 0.0001003 0.0001003 0.0001003 0.0001003 0.0000010 0.0000000 0.0003145 0.0003145 0.0003145 0.0004280 0.0003145 0.0015862 0.0015862 0.0017814 0.0012402 0.0012402 0.0010866 
TJD445_ND4      0.0789037 0.0394905 0.0394905 0.0409025 0.0368951 0.0353035 0.0294659 0.0294659 0.0005458 0.0007998 0.0006702 0.0006697 0.0005453 0.0006641 0.0006701 0.0005457 0.0005457 0.0006701 0.0006701 0.0004280 0.0004280 0.0005452 0.0004280 0.0003142 0.0003142 0.0003144 0.0002046 0.0002046 0.0002046 0.0002046 0.0003145 0.0003145 0.0000000 0.0000010 0.0002046 0.0003144 0.0002046 0.0022290 0.0022290 0.0024995 0.0014049 0.0014049 0.0012411 
TJD497_ND4      0.0789037 0.0394905 0.0394905 0.0409025 0.0368951 0.0353035 0.0294659 0.0294659 0.0005458 0.0007998 0.0006702 0.0006697 0.0005453 0.0006641 0.0006701 0.0005457 0.0005457 0.0006701 0.0006701 0.0004280 0.0004280 0.0005452 0.0004280 0.0003142 0.0003142 0.0003144 0.0002046 0.0002046 0.0002046 0.0002046 0.0003145 0.0003145 0.0000010 0.0000000 0.0002046 0.0003144 0.0002046 0.0022290 0.0022290 0.0024995 0.0014049 0.0014049 0.0012411 
TJD447_ND4      0.0760004 0.0366813 0.0366813 0.0381103 0.0369250 0.0353332 0.0262212 0.0262212 0.0005462 0.0005453 0.0006703 0.0006697 0.0005453 0.0006642 0.0006702 0.0005458 0.0005458 0.0006702 0.0006702 0.0004280 0.0004280 0.0005453 0.0004281 0.0003143 0.0003143 0.0003145 0.0002046 0.0002046 0.0002046 0.0002046 0.0003145 0.0003145 0.0002046 0.0002046 0.0000000 0.0003144 0.0002046 0.0022294 0.0022294 0.0024999 0.0014052 0.0014052 0.0012413 
TJD444_ND4      0.0770748 0.0379022 0.0379022 0.0393161 0.0384354 0.0368464 0.0294308 0.0294308 0.0009393 0.0009375 0.0008010 0.0008004 0.0006696 0.0007934 0.0008009 0.0006701 0.0006701 0.0008010 0.0008010 0.0005456 0.0005456 0.0006695 0.0005457 0.0004276 0.0004276 0.0004279 0.0003144 0.0003144 0.0003144 0.0003145 0.0004280 0.0004280 0.0003144 0.0003144 0.0003144 0.0000000 0.0001002 0.0024989 0.0024989 0.0207209 0.0015839 0.0015839 0.0014076 
TJD449_ND4      0.0753924 0.0363740 0.0363740 0.0377943 0.0368876 0.0352963 0.0277383 0.0277383 0.0008013 0.0007998 0.0006702 0.0006696 0.0005453 0.0006641 0.0006701 0.0005457 0.0005457 0.0006701 0.0006701 0.0004280 0.0004280 0.0005452 0.0004280 0.0003142 0.0003142 0.0003144 0.0002046 0.0002046 0.0002046 0.0002046 0.0003145 0.0003145 0.0002046 0.0002046 0.0002046 0.0001002 0.0000000 0.0022289 0.0022289 0.0024989 0.0014049 0.0014049 0.0012410 
TJD433_ND4      0.0819643 0.0469694 0.0469694 0.0483746 0.0413765 0.0397894 0.0341658 0.0341658 0.0172665 0.0024948 0.0017794 0.0022287 0.0019903 0.0017535 0.0017791 0.0019930 0.0019930 0.0022318 0.0022318 0.0022322 0.0022322 0.0024995 0.0022329 0.0019903 0.0019903 0.0015845 0.0017792 0.0017792 0.0017792 0.0017795 0.0015862 0.0015862 0.0022290 0.0022290 0.0022294 0.0024989 0.0022289 0.0000000 0.0000010 0.0001002 0.0006691 0.0006691 0.0010837 
TJD436_ND4      0.0819643 0.0469694 0.0469694 0.0483746 0.0413765 0.0397894 0.0341658 0.0341658 0.0172665 0.0024948 0.0017794 0.0022287 0.0019903 0.0017535 0.0017791 0.0019930 0.0019930 0.0022318 0.0022318 0.0022322 0.0022322 0.0024995 0.0022329 0.0019903 0.0019903 0.0015845 0.0017792 0.0017792 0.0017792 0.0017795 0.0015862 0.0015862 0.0022290 0.0022290 0.0022294 0.0024989 0.0022289 0.0000010 0.0000000 0.0001002 0.0006691 0.0006691 0.0010837 
TJD430_ND4      0.0836730 0.0485129 0.0485129 0.0499194 0.0429220 0.0413304 0.0357373 0.0357373 0.0211099 0.0204145 0.0019933 0.0024992 0.0022286 0.0019607 0.0019929 0.0022320 0.0022320 0.0167965 0.0167965 0.0169635 0.0169635 0.0207282 0.0171565 0.0022286 0.0022286 0.0017792 0.0019930 0.0019930 0.0019930 0.0019934 0.0017814 0.0017814 0.0024995 0.0024995 0.0024999 0.0207209 0.0024989 0.0001002 0.0001002 0.0000000 0.0007997 0.0007997 0.0012390 
TJD431_ND4      0.0773385 0.0438380 0.0438380 0.0452396 0.0382391 0.0366574 0.0309312 0.0309312 0.0015862 0.0015823 0.0010846 0.0014048 0.0012387 0.0010730 0.0010844 0.0012398 0.0012398 0.0014061 0.0014061 0.0014063 0.0014063 0.0015839 0.0014066 0.0012387 0.0012387 0.0009384 0.0010845 0.0010845 0.0010845 0.0010846 0.0012402 0.0012402 0.0014049 0.0014049 0.0014052 0.0015839 0.0014049 0.0006691 0.0006691 0.0007997 0.0000000 0.0000010 0.0005453 
TJD432_ND4      0.0773385 0.0438380 0.0438380 0.0452396 0.0382391 0.0366574 0.0309312 0.0309312 0.0015862 0.0015823 0.0010846 0.0014048 0.0012387 0.0010730 0.0010844 0.0012398 0.0012398 0.0014061 0.0014061 0.0014063 0.0014063 0.0015839 0.0014066 0.0012387 0.0012387 0.0009384 0.0010845 0.0010845 0.0010845 0.0010846 0.0012402 0.0012402 0.0014049 0.0014049 0.0014052 0.0015839 0.0014049 0.0006691 0.0006691 0.0007997 0.0000010 0.0000000 0.0005453 
JFP_517_ND4     0.0797535 0.0429593 0.0429593 0.0443794 0.0372765 0.0356713 0.0298006 0.0298006 0.0010863 0.0014063 0.0009400 0.0012409 0.0010853 0.0009306 0.0009399 0.0010863 0.0010863 0.0012420 0.0012420 0.0012422 0.0012422 0.0014076 0.0012424 0.0010853 0.0010853 0.0008018 0.0009399 0.0009399 0.0009399 0.0009400 0.0010866 0.0010866 0.0012411 0.0012411 0.0012413 0.0014076 0.0012410 0.0010837 0.0010837 0.0012390 0.0005453 0.0005453 0.0000000 
