35
Burramyidae_Burramys_parvus                  0.0000000 0.1251914 0.0751058 0.0875762 0.0875825 0.1163149 0.0839594 0.0813322 0.0858091 0.0685365 0.1119883 0.1320299 0.0820730 0.0797892 0.1113087 0.1247071 0.1409247 0.1465081 0.0925597 0.0905177 0.1292050 0.1191201 0.1131391 0.1009704 0.1199298 0.0720977 0.0887323 0.0780432 0.1171331 0.0846891 0.1563201 0.1247219 0.1527487 0.1131564 0.1559119 
Notoryctidae_Notoryctes_typhlops             0.1251914 0.0000000 0.1206445 0.1288910 0.1274116 0.1407425 0.1207836 0.1287858 0.1283611 0.1134576 0.1380892 0.1623700 0.1282273 0.1286104 0.1384446 0.1494444 0.1671255 0.1691097 0.1348441 0.1327744 0.1639353 0.1277705 0.1396020 0.1394021 0.1451124 0.1206403 0.1280291 0.1283056 0.1657446 0.1360177 0.1770026 0.1511587 0.1463645 0.1381785 0.1487666 
Vombatidae_Lasiorhinus_latifrons             0.0751058 0.1206445 0.0000000 0.0829711 0.0800208 0.1040238 0.0842797 0.0814310 0.0833384 0.0669993 0.1013966 0.1274199 0.0866652 0.0756850 0.1011204 0.1114198 0.1307018 0.1320186 0.0878788 0.0799152 0.1292442 0.1168264 0.1027102 0.0959255 0.1182740 0.0658870 0.0898411 0.0730743 0.1166305 0.0847262 0.1443758 0.1123450 0.1350720 0.1071828 0.1374042 
Potoroidae_Bettongia_penicillata             0.0875762 0.1288910 0.0829711 0.0000000 0.0093566 0.1219528 0.1002813 0.0958186 0.0170389 0.0792667 0.1196700 0.1392222 0.0962455 0.0934517 0.1189903 0.1307403 0.1447829 0.1463346 0.0412334 0.0982992 0.1324420 0.1184207 0.1210267 0.0557293 0.1287052 0.0832098 0.0325798 0.0893202 0.1230222 0.0979181 0.1571525 0.1299747 0.1526334 0.1191680 0.1573553 
Potoroidae_Bettongia_lesueur                 0.0875825 0.1274116 0.0800208 0.0093566 0.0000000 0.1210963 0.0974148 0.0943201 0.0228135 0.0782526 0.1170523 0.1379045 0.0974376 0.0904485 0.1172421 0.1293569 0.1430968 0.1438848 0.0396618 0.0957038 0.1333178 0.1202455 0.1194250 0.0566204 0.1290326 0.0789682 0.0352975 0.0879378 0.1228290 0.0986021 0.1571725 0.1282272 0.1495181 0.1185806 0.1541644 
Dasyuridae_Dasyurus_maculatus                0.1163149 0.1407425 0.1040238 0.1219528 0.1210963 0.0000000 0.1202959 0.1177764 0.1208354 0.1071430 0.0256563 0.0580767 0.1216318 0.1138280 0.0264209 0.0169539 0.0643087 0.1446050 0.1264558 0.1260549 0.1363358 0.1303657 0.0254178 0.1367957 0.1351736 0.1104470 0.1202016 0.1147723 0.1362614 0.1263772 0.1517372 0.0120161 0.1505992 0.1472315 0.1507825 
Phalangeridae_Trichosurus_vulpecula          0.0839594 0.1207836 0.0842797 0.1002813 0.0974148 0.1202959 0.0000000 0.0467970 0.1013029 0.0576797 0.1153604 0.1359136 0.0752385 0.0840239 0.1155736 0.1276975 0.1407361 0.1508440 0.1086755 0.1018913 0.1352553 0.1314815 0.1168648 0.1137488 0.1280413 0.0839105 0.1024394 0.0902906 0.1195171 0.0517405 0.1593017 0.1276607 0.1543677 0.1133883 0.1552053 
Phalangeridae_Spilocuscus_maculatus          0.0813322 0.1287858 0.0814310 0.0958186 0.0943201 0.1177764 0.0467970 0.0000000 0.0959910 0.0406256 0.1123904 0.1395946 0.0567969 0.0876954 0.1121536 0.1286748 0.1442832 0.1499188 0.1059054 0.0961040 0.1436770 0.1364700 0.1129334 0.1073324 0.1336612 0.0766389 0.1015056 0.0842544 0.1311239 0.0591168 0.1554975 0.1277062 0.1609281 0.1308008 0.1633062 
Potoroidae_Aepyprymnus_rufescens             0.0858091 0.1283611 0.0833384 0.0170389 0.0228135 0.1208354 0.1013029 0.0959910 0.0000000 0.0799877 0.1185859 0.1400563 0.0955312 0.0928086 0.1179087 0.1299645 0.1418851 0.1425585 0.0414060 0.0980332 0.1341797 0.1215659 0.1196761 0.0573781 0.1270922 0.0789417 0.0339293 0.0865765 0.1185010 0.0958285 0.1547156 0.1288010 0.1520735 0.1221886 0.1552507 
Phalangeridae_Strigocuscus_pelengensis       0.0685365 0.1134576 0.0669993 0.0792667 0.0782526 0.1071430 0.0576797 0.0406256 0.0799877 0.0000000 0.0992237 0.1292758 0.0475470 0.0766239 0.0993843 0.1171946 0.1320684 0.1445816 0.0883796 0.0767916 0.1295645 0.1125111 0.1004760 0.0945430 0.1211063 0.0670662 0.0876849 0.0726442 0.1179505 0.0463905 0.1500227 0.1162693 0.1459907 0.1148986 0.1468876 
Dasyuridae_Phascogale_tapoatafa              0.1119883 0.1380892 0.1013966 0.1196700 0.1170523 0.0256563 0.1153604 0.1123904 0.1185859 0.0992237 0.0000000 0.0574433 0.1169315 0.1106236 0.0034007 0.0326810 0.0606201 0.1410227 0.1231914 0.1241577 0.1426929 0.1265537 0.0089649 0.1314902 0.1356213 0.1053069 0.1192412 0.1120369 0.1446061 0.1204403 0.1492459 0.0319469 0.1504796 0.1484216 0.1521594 
Dasyuridae_Sminthopsis_macroura              0.1320299 0.1623700 0.1274199 0.1392222 0.1379045 0.0580767 0.1359136 0.1395946 0.1400563 0.1292758 0.0574433 0.0000000 0.1445157 0.1334654 0.0571434 0.0636635 0.0546427 0.1468247 0.1413179 0.1467929 0.1533659 0.1519931 0.0585856 0.1556595 0.1508433 0.1320039 0.1341234 0.1315676 0.1416337 0.1479516 0.1519985 0.0597880 0.1445254 0.1522493 0.1461791 
Phalangeridae_Phalanger_orientalis           0.0820730 0.1282273 0.0866652 0.0962455 0.0974376 0.1216318 0.0752385 0.0567969 0.0955312 0.0475470 0.1169315 0.1445157 0.0000000 0.0925007 0.1162589 0.1339006 0.1496570 0.1552331 0.1053083 0.1022105 0.1404652 0.1081851 0.1167601 0.1032318 0.1302208 0.0809436 0.1006514 0.0872241 0.1327196 0.0521175 0.1587395 0.1324840 0.1350868 0.1073348 0.1373665 
Acrobatidae_Acrobates_pygmaeus               0.0797892 0.1286104 0.0756850 0.0934517 0.0904485 0.1138280 0.0840239 0.0876954 0.0928086 0.0766239 0.1106236 0.1334654 0.0925007 0.0000000 0.1093922 0.1204981 0.1376643 0.1385605 0.0967360 0.0869167 0.1338907 0.1228901 0.1125138 0.1033202 0.1125566 0.0681568 0.0950149 0.0734060 0.1056006 0.0952134 0.1460786 0.1210641 0.1457637 0.0614619 0.1481521 
Dasyuridae_Phascogale_calura                 0.1113087 0.1384446 0.1011204 0.1189903 0.1172421 0.0264209 0.1155736 0.1121536 0.1179087 0.0993843 0.0034007 0.0571434 0.1162589 0.1093922 0.0000000 0.0327159 0.0607249 0.1417909 0.1225126 0.1215766 0.1411916 0.1235937 0.0096765 0.1308190 0.1349291 0.1027818 0.1185584 0.1094889 0.1437334 0.1193161 0.1500658 0.0327263 0.1520701 0.1483489 0.1537560 
Dasyuridae_Sarcophilus_harrisii              0.1247071 0.1494444 0.1114198 0.1307403 0.1293569 0.0169539 0.1276975 0.1286748 0.1299645 0.1171946 0.0326810 0.0636635 0.1339006 0.1204981 0.0327159 0.0000000 0.0677692 0.1505023 0.1329230 0.1367247 0.1500363 0.1399470 0.0324650 0.1456849 0.1457508 0.1192615 0.1261467 0.1235447 0.1408761 0.1368956 0.1579267 0.0212557 0.1564286 0.1532867 0.1566207 
Dasyuridae_Planigale_tenuirostris            0.1409247 0.1671255 0.1307018 0.1447829 0.1430968 0.0643087 0.1407361 0.1442832 0.1418851 0.1320684 0.0606201 0.0546427 0.1496570 0.1376643 0.0607249 0.0677692 0.0000000 0.1546763 0.1440531 0.1537594 0.1546738 0.1473264 0.0620773 0.1571933 0.1484685 0.1332546 0.1358415 0.1376961 0.1453121 0.1516773 0.1649205 0.0683951 0.1514257 0.1525403 0.1532496 
Peramelidae_Echymipera_kalubu                0.1465081 0.1691097 0.1320186 0.1463346 0.1438848 0.1446050 0.1508440 0.1499188 0.1425585 0.1445816 0.1410227 0.1468247 0.1552331 0.1385605 0.1417909 0.1505023 0.1546763 0.0000000 0.1508714 0.1546279 0.1543144 0.1474107 0.1428292 0.1666576 0.1602407 0.1367671 0.1444474 0.1405599 0.1493942 0.1562161 0.0235039 0.1477336 0.0232960 0.1619231 0.0250933 
Macropodidae_Dorcopsulus_vanheurni           0.0925597 0.1348441 0.0878788 0.0412334 0.0396618 0.1264558 0.1086755 0.1059054 0.0414060 0.0883796 0.1231914 0.1413179 0.1053083 0.0967360 0.1225126 0.1329230 0.1440531 0.1508714 0.0000000 0.1017533 0.1406345 0.1392094 0.1270081 0.0635030 0.1365739 0.0867019 0.0225757 0.0934331 0.1157925 0.1053166 0.1617897 0.1330164 0.1644947 0.1293468 0.1668942 
Pseudochiridae_Pseudochirulus_forbesi        0.0905177 0.1327744 0.0799152 0.0982992 0.0957038 0.1260549 0.1018913 0.0961040 0.0980332 0.0767916 0.1241577 0.1467929 0.1022105 0.0869167 0.1215766 0.1367247 0.1537594 0.1546279 0.1017533 0.0000000 0.1409894 0.1306590 0.1220210 0.1099615 0.1318676 0.0524171 0.1031221 0.0392816 0.1216677 0.1011497 0.1612516 0.1371077 0.1617173 0.1179258 0.1648578 
Didelphidae_Didelphis_virginiana             0.1292050 0.1639353 0.1292442 0.1324420 0.1333178 0.1363358 0.1352553 0.1436770 0.1341797 0.1295645 0.1426929 0.1533659 0.1404652 0.1338907 0.1411916 0.1500363 0.1546738 0.1543144 0.1406345 0.1409894 0.0000000 0.0671673 0.1443906 0.1455509 0.1464429 0.1306518 0.1302265 0.1322837 0.1551457 0.1462548 0.1639348 0.1451141 0.1411248 0.1455121 0.1421522 
Marmosidae_Monodelphis_domestica             0.1191201 0.1277705 0.1168264 0.1184207 0.1202455 0.1303657 0.1314815 0.1364700 0.1215659 0.1125111 0.1265537 0.1519931 0.1081851 0.1228901 0.1235937 0.1399470 0.1473264 0.1474107 0.1392094 0.1306590 0.0671673 0.0000000 0.1281280 0.1275576 0.1298821 0.1166831 0.1288671 0.1224822 0.1644142 0.1304865 0.1602967 0.1394074 0.1436369 0.1475751 0.1468232 
Dasyuridae_Antechinus_stuartii               0.1131391 0.1396020 0.1027102 0.1210267 0.1194250 0.0254178 0.1168648 0.1129334 0.1196761 0.1004760 0.0089649 0.0585856 0.1167601 0.1125138 0.0096765 0.0324650 0.0620773 0.1428292 0.1270081 0.1220210 0.1443906 0.1281280 0.0000000 0.1329313 0.1370307 0.1058906 0.1217168 0.1117523 0.1465867 0.1205610 0.1510297 0.0328183 0.1518482 0.1503225 0.1542015 
Hypsiprymnodontidae_Hypsiprymnodon_moschatus 0.1009704 0.1394021 0.0959255 0.0557293 0.0566204 0.1367957 0.1137488 0.1073324 0.0573781 0.0945430 0.1314902 0.1556595 0.1032318 0.1033202 0.1308190 0.1456849 0.1571933 0.1666576 0.0635030 0.1099615 0.1455509 0.1275576 0.1329313 0.0000000 0.1387739 0.0898538 0.0590476 0.0999075 0.1295912 0.1084738 0.1749122 0.1443090 0.1575570 0.1243585 0.1589846 
Microbiotheriidae_Dromiciops_gliroides       0.1199298 0.1451124 0.1182740 0.1287052 0.1290326 0.1351736 0.1280413 0.1336612 0.1270922 0.1211063 0.1356213 0.1508433 0.1302208 0.1125566 0.1349291 0.1457508 0.1484685 0.1602407 0.1365739 0.1318676 0.1464429 0.1298821 0.1370307 0.1387739 0.0000000 0.1178757 0.1317809 0.1213858 0.1485462 0.1355526 0.1659887 0.1461909 0.1488137 0.1284870 0.1513359 
Pseudochiridae_Petauroides_volans            0.0720977 0.1206403 0.0658870 0.0832098 0.0789682 0.1104470 0.0839105 0.0766389 0.0789417 0.0670662 0.1053069 0.1320039 0.0809436 0.0681568 0.1027818 0.1192615 0.1332546 0.1367671 0.0867019 0.0524171 0.1306518 0.1166831 0.1058906 0.0898538 0.1178757 0.0000000 0.0864405 0.0382034 0.1049906 0.0798353 0.1492104 0.1211545 0.1400615 0.1001359 0.1439725 
Macropodidae_Wallabia_bicolor                0.0887323 0.1280291 0.0898411 0.0325798 0.0352975 0.1202016 0.1024394 0.1015056 0.0339293 0.0876849 0.1192412 0.1341234 0.1006514 0.0950149 0.1185584 0.1261467 0.1358415 0.1444474 0.0225757 0.1031221 0.1302265 0.1288671 0.1217168 0.0590476 0.1317809 0.0864405 0.0000000 0.0933184 0.1086930 0.0986685 0.1501454 0.1258264 0.1496795 0.1160051 0.1521093 
Pseudochiridae_Pseudocheirus_occidentalis    0.0780432 0.1283056 0.0730743 0.0893202 0.0879378 0.1147723 0.0902906 0.0842544 0.0865765 0.0726442 0.1120369 0.1315676 0.0872241 0.0734060 0.1094889 0.1235447 0.1376961 0.1405599 0.0934331 0.0392816 0.1322837 0.1224822 0.1117523 0.0999075 0.1213858 0.0382034 0.0933184 0.0000000 0.1083125 0.0855324 0.1465673 0.1251046 0.1476630 0.0955734 0.1514613 
Tarsipedidae_Tarsipes_rostratus              0.1171331 0.1657446 0.1166305 0.1230222 0.1228290 0.1362614 0.1195171 0.1311239 0.1185010 0.1179505 0.1446061 0.1416337 0.1327196 0.1056006 0.1437334 0.1408761 0.1453121 0.1493942 0.1157925 0.1216677 0.1551457 0.1644142 0.1465867 0.1295912 0.1485462 0.1049906 0.1086930 0.1083125 0.0000000 0.1358378 0.1538240 0.1407051 0.1373261 0.1203843 0.1360977 
Phalangeridae_Phalanger_carmelitae           0.0846891 0.1360177 0.0847262 0.0979181 0.0986021 0.1263772 0.0517405 0.0591168 0.0958285 0.0463905 0.1204403 0.1479516 0.0521175 0.0952134 0.1193161 0.1368956 0.1516773 0.1562161 0.1053166 0.1011497 0.1462548 0.1304865 0.1205610 0.1084738 0.1355526 0.0798353 0.0986685 0.0855324 0.1358378 0.0000000 0.1613417 0.1346985 0.1339351 0.1039627 0.1362150 
Peramelidae_Peroryctes_raffrayana            0.1563201 0.1770026 0.1443758 0.1571525 0.1571725 0.1517372 0.1593017 0.1554975 0.1547156 0.1500227 0.1492459 0.1519985 0.1587395 0.1460786 0.1500658 0.1579267 0.1649205 0.0235039 0.1617897 0.1612516 0.1639348 0.1602967 0.1510297 0.1749122 0.1659887 0.1492104 0.1501454 0.1465673 0.1538240 0.1613417 0.0000000 0.1547079 0.0300709 0.1627162 0.0325992 
Dasyuridae_Dasyurus_geffroii                 0.1247219 0.1511587 0.1123450 0.1299747 0.1282272 0.0120161 0.1276607 0.1277062 0.1288010 0.1162693 0.0319469 0.0597880 0.1324840 0.1210641 0.0327263 0.0212557 0.0683951 0.1477336 0.1330164 0.1371077 0.1451141 0.1394074 0.0328183 0.1443090 0.1461909 0.1211545 0.1258264 0.1251046 0.1407051 0.1346985 0.1547079 0.0000000 0.1539535 0.1521282 0.1556417 
Peramelidae_Perameles_nasuta                 0.1527487 0.1463645 0.1350720 0.1526334 0.1495181 0.1505992 0.1543677 0.1609281 0.1520735 0.1459907 0.1504796 0.1445254 0.1350868 0.1457637 0.1520701 0.1564286 0.1514257 0.0232960 0.1644947 0.1617173 0.1411248 0.1436369 0.1518482 0.1575570 0.1488137 0.1400615 0.1496795 0.1476630 0.1373261 0.1339351 0.0300709 0.1539535 0.0000000 0.1658478 0.0034223 
Acrobatidae_Distoechurus_pennatus            0.1131564 0.1381785 0.1071828 0.1191680 0.1185806 0.1472315 0.1133883 0.1308008 0.1221886 0.1148986 0.1484216 0.1522493 0.1073348 0.0614619 0.1483489 0.1532867 0.1525403 0.1619231 0.1293468 0.1179258 0.1455121 0.1475751 0.1503225 0.1243585 0.1284870 0.1001359 0.1160051 0.0955734 0.1203843 0.1039627 0.1627162 0.1521282 0.1658478 0.0000000 0.1683066 
Peramelidae_Perameles_gunnii                 0.1559119 0.1487666 0.1374042 0.1573553 0.1541644 0.1507825 0.1552053 0.1633062 0.1552507 0.1468876 0.1521594 0.1461791 0.1373665 0.1481521 0.1537560 0.1566207 0.1532496 0.0250933 0.1668942 0.1648578 0.1421522 0.1468232 0.1542015 0.1589846 0.1513359 0.1439725 0.1521093 0.1514613 0.1360977 0.1362150 0.0325992 0.1556417 0.0034223 0.1683066 0.0000000 
