35
Burramyidae_Burramys_parvus                  0.0000000 0.1075022 0.0591037 0.0552865 0.0491463 0.0714922 0.0330793 0.0333475 0.0524375 0.0911866 0.0361213 0.0739334 0.0737713 0.0348790 0.0538765 0.0752093 0.0732163 0.0710022 0.0897762 0.0466452 0.0468318 0.0978626 0.1212012 0.0708861 0.0482979 0.0573972 0.0408032 0.0460170 0.0413384 0.0920181 0.0546024 0.0352452 0.0910610 0.0716508 0.0867171 
Notoryctidae_Notoryctes_typhlops             0.1075022 0.0000000 0.1255516 0.1295612 0.1222054 0.1368600 0.1124337 0.1212865 0.1290619 0.1574259 0.1119014 0.1360611 0.1417299 0.1138141 0.1309186 0.1403411 0.1366501 0.1321295 0.1482142 0.1208830 0.1261293 0.1449593 0.1798503 0.1399392 0.1253277 0.1260843 0.1207432 0.1198476 0.1319456 0.1447504 0.1322199 0.1113544 0.1548275 0.1364407 0.1387605 
Vombatidae_Lasiorhinus_latifrons             0.0591037 0.1255516 0.0000000 0.0828800 0.0787241 0.1025744 0.0660733 0.0673013 0.0827585 0.1158090 0.0706334 0.1016165 0.1030833 0.0691738 0.0865346 0.1031370 0.1053152 0.0999949 0.1129731 0.0744070 0.0795905 0.1170810 0.1384810 0.1000484 0.0735587 0.0839193 0.0730822 0.0736464 0.0756392 0.1137025 0.0898774 0.0680899 0.1168284 0.1017121 0.1101793 
Potoroidae_Bettongia_penicillata             0.0552865 0.1295612 0.0828800 0.0000000 0.0051527 0.1002246 0.0605390 0.0563741 0.0154601 0.1032383 0.0633581 0.1024050 0.1016186 0.0606742 0.0725205 0.1035734 0.1039756 0.0990092 0.1062688 0.0279805 0.0695484 0.1105542 0.1316794 0.1004446 0.0457054 0.0783639 0.0647737 0.0256376 0.0625844 0.1209183 0.0763192 0.0614590 0.1044211 0.1009209 0.1069038 
Potoroidae_Bettongia_lesueur                 0.0491463 0.1222054 0.0787241 0.0051527 0.0000000 0.0884764 0.0544108 0.0452286 0.0152810 0.0805169 0.0567077 0.0899068 0.0893345 0.0530198 0.0639990 0.0914574 0.0922719 0.0890208 0.0912116 0.0285266 0.0637312 0.1111459 0.1298167 0.0888861 0.0423827 0.0714509 0.0582493 0.0265080 0.0503715 0.1178158 0.0660664 0.0533870 0.0830496 0.0893102 0.0911958 
Dasyuridae_Dasyurus_maculatus                0.0714922 0.1368600 0.1025744 0.1002246 0.0884764 0.0000000 0.0757246 0.0746566 0.0960582 0.1058232 0.0789907 0.0175669 0.0224884 0.0779454 0.0945885 0.0194602 0.0099150 0.0215002 0.1103079 0.0909613 0.0920214 0.1134223 0.1454316 0.0200435 0.0917876 0.0837002 0.0850092 0.0928286 0.0819063 0.1626683 0.1001867 0.0772631 0.1061280 0.0031184 0.1051762 
Phalangeridae_Trichosurus_vulpecula          0.0330793 0.1124337 0.0660733 0.0605390 0.0544108 0.0757246 0.0000000 0.0162605 0.0570833 0.0877675 0.0185010 0.0791846 0.0779227 0.0182891 0.0611515 0.0808773 0.0780452 0.0757469 0.0890874 0.0495500 0.0505831 0.1015315 0.1287950 0.0762505 0.0507033 0.0625079 0.0408195 0.0484803 0.0417985 0.0975129 0.0604336 0.0186549 0.0909598 0.0753285 0.0872494 
Phalangeridae_Spilocuscus_maculatus          0.0333475 0.1212865 0.0673013 0.0563741 0.0452286 0.0746566 0.0162605 0.0000000 0.0527508 0.0890660 0.0169966 0.0769052 0.0761989 0.0153122 0.0618187 0.0774465 0.0801744 0.0755604 0.0992349 0.0466775 0.0503713 0.0955875 0.1316819 0.0726944 0.0447657 0.0670668 0.0365526 0.0465712 0.0441013 0.1021641 0.0548761 0.0142646 0.0963183 0.0737639 0.0917601 
Potoroidae_Aepyprymnus_rufescens             0.0524375 0.1290619 0.0827585 0.0154601 0.0152810 0.0960582 0.0570833 0.0527508 0.0000000 0.1040729 0.0602910 0.0950908 0.0969057 0.0581358 0.0699877 0.0977128 0.0992147 0.0941724 0.1077869 0.0283822 0.0684792 0.1109365 0.1333570 0.0962450 0.0438528 0.0798183 0.0608963 0.0260250 0.0577449 0.1176414 0.0742294 0.0584558 0.1045835 0.0978224 0.1071963 
Peramelidae_Perameles_nasuta                 0.0911866 0.1574259 0.1158090 0.1032383 0.0805169 0.1058232 0.0877675 0.0890660 0.1040729 0.0000000 0.0950214 0.1050470 0.1080512 0.0939452 0.1127681 0.1062673 0.1112347 0.1106785 0.0240309 0.0908015 0.0989789 0.1203155 0.1609514 0.1051733 0.1003758 0.0996250 0.0927971 0.0954387 0.0985911 0.2003221 0.1078636 0.0923814 0.0250063 0.1058261 0.0024150 
Phalangeridae_Strigocuscus_pelengensis       0.0361213 0.1119014 0.0706334 0.0633581 0.0567077 0.0789907 0.0185010 0.0169966 0.0602910 0.0950214 0.0000000 0.0808651 0.0792791 0.0140046 0.0648956 0.0840288 0.0815922 0.0763197 0.0947255 0.0540009 0.0522827 0.0990960 0.1252574 0.0795526 0.0574006 0.0666812 0.0440190 0.0537675 0.0484871 0.1092665 0.0636935 0.0147875 0.0978896 0.0785003 0.0918459 
Dasyuridae_Phascogale_tapoatafa              0.0739334 0.1360611 0.1016165 0.1024050 0.0899068 0.0175669 0.0791846 0.0769052 0.0950908 0.1050470 0.0808651 0.0000000 0.0251606 0.0804835 0.0988415 0.0039536 0.0198009 0.0216511 0.1088012 0.0931869 0.0906335 0.1121579 0.1477020 0.0110991 0.0911777 0.0868220 0.0830276 0.0924512 0.0787081 0.1662059 0.1014313 0.0802832 0.1060180 0.0179956 0.1063581 
Dasyuridae_Sminthopsis_macroura              0.0737713 0.1417299 0.1030833 0.1016186 0.0893345 0.0224884 0.0779227 0.0761989 0.0969057 0.1080512 0.0792791 0.0251606 0.0000000 0.0806932 0.0996665 0.0259244 0.0256888 0.0229026 0.1103595 0.0907972 0.0923311 0.1183782 0.1486052 0.0247560 0.0920972 0.0856212 0.0868065 0.0927610 0.0824474 0.1642252 0.1038678 0.0799979 0.1102238 0.0233926 0.1079513 
Phalangeridae_Phalanger_orientalis           0.0348790 0.1138141 0.0691738 0.0606742 0.0530198 0.0779454 0.0182891 0.0153122 0.0581358 0.0939452 0.0140046 0.0804835 0.0806932 0.0000000 0.0636365 0.0816954 0.0798062 0.0748097 0.0950109 0.0522889 0.0534874 0.0989866 0.1281374 0.0785493 0.0544622 0.0655282 0.0422522 0.0517088 0.0430277 0.1074932 0.0629202 0.0034950 0.0963132 0.0780369 0.0916565 
Acrobatidae_Acrobates_pygmaeus               0.0538765 0.1309186 0.0865346 0.0725205 0.0639990 0.0945885 0.0611515 0.0618187 0.0699877 0.1127681 0.0648956 0.0988415 0.0996665 0.0636365 0.0000000 0.1008953 0.0971456 0.0983984 0.1140454 0.0608731 0.0648553 0.1141146 0.1447978 0.0940701 0.0675263 0.0778038 0.0567673 0.0651235 0.0569051 0.1114712 0.0379490 0.0630120 0.1142564 0.0952401 0.1096296 
Dasyuridae_Phascogale_calura                 0.0752093 0.1403411 0.1031370 0.1035734 0.0914574 0.0194602 0.0808773 0.0774465 0.0977128 0.1062673 0.0840288 0.0039536 0.0259244 0.0816954 0.1008953 0.0000000 0.0199549 0.0221302 0.1094254 0.0929834 0.0920185 0.1153176 0.1496233 0.0116516 0.0899200 0.0863718 0.0848029 0.0928301 0.0792497 0.1690221 0.1035427 0.0814891 0.1072201 0.0186663 0.1064037 
Dasyuridae_Sarcophilus_harrisii              0.0732163 0.1366501 0.1053152 0.1039756 0.0922719 0.0099150 0.0780452 0.0801744 0.0992147 0.1112347 0.0815922 0.0198009 0.0256888 0.0798062 0.0971456 0.0199549 0.0000000 0.0247624 0.1143013 0.0935587 0.0909957 0.1117160 0.1473581 0.0198284 0.0911511 0.0835753 0.0833249 0.0933322 0.0813273 0.1602414 0.1007349 0.0791098 0.1101335 0.0075252 0.1085462 
Dasyuridae_Planigale_tenuirostris            0.0710022 0.1321295 0.0999949 0.0990092 0.0890208 0.0215002 0.0757469 0.0755604 0.0941724 0.1106785 0.0763197 0.0216511 0.0229026 0.0748097 0.0983984 0.0221302 0.0247624 0.0000000 0.1114775 0.0875867 0.0909814 0.1167218 0.1459136 0.0243134 0.0924016 0.0819642 0.0861057 0.0880040 0.0801680 0.1683108 0.1035144 0.0753460 0.1090607 0.0215722 0.1089002 
Peramelidae_Echymipera_kalubu                0.0897762 0.1482142 0.1129731 0.1062688 0.0912116 0.1103079 0.0890874 0.0992349 0.1077869 0.0240309 0.0947255 0.1088012 0.1103595 0.0950109 0.1140454 0.1094254 0.1143013 0.1114775 0.0000000 0.0953684 0.1003398 0.1246753 0.1573113 0.1126399 0.1069749 0.0977862 0.0941927 0.0990743 0.1027683 0.1827822 0.1150450 0.0942557 0.0190155 0.1094122 0.0225010 
Macropodidae_Dorcopsulus_vanheurni           0.0466452 0.1208830 0.0744070 0.0279805 0.0285266 0.0909613 0.0495500 0.0466775 0.0283822 0.0908015 0.0540009 0.0931869 0.0907972 0.0522889 0.0608731 0.0929834 0.0935587 0.0875867 0.0953684 0.0000000 0.0628331 0.1054848 0.1247016 0.0910788 0.0385909 0.0678278 0.0550662 0.0125722 0.0506823 0.1088652 0.0670523 0.0532407 0.0914359 0.0911634 0.0927254 
Pseudochiridae_Pseudochirulus_forbesi        0.0468318 0.1261293 0.0795905 0.0695484 0.0637312 0.0920214 0.0505831 0.0503713 0.0684792 0.0989789 0.0522827 0.0906335 0.0923311 0.0534874 0.0648553 0.0920185 0.0909957 0.0909814 0.1003398 0.0628331 0.0000000 0.1145090 0.1390089 0.0886509 0.0656136 0.0742486 0.0316250 0.0618545 0.0229875 0.0882029 0.0632208 0.0538136 0.1027848 0.0896982 0.0945865 
Didelphidae_Didelphis_virginiana             0.0978626 0.1449593 0.1170810 0.1105542 0.1111459 0.1134223 0.1015315 0.0955875 0.1109365 0.1203155 0.0990960 0.1121579 0.1183782 0.0989866 0.1141146 0.1153176 0.1117160 0.1167218 0.1246753 0.1054848 0.1145090 0.0000000 0.0623599 0.1171922 0.1113986 0.0961738 0.1024072 0.1050855 0.1029001 0.1768124 0.1170594 0.0974990 0.1209332 0.1142210 0.1226592 
Marmosidae_Monodelphis_domestica             0.1212012 0.1798503 0.1384810 0.1316794 0.1298167 0.1454316 0.1287950 0.1316819 0.1333570 0.1609514 0.1252574 0.1477020 0.1486052 0.1281374 0.1447978 0.1496233 0.1473581 0.1459136 0.1573113 0.1247016 0.1390089 0.0623599 0.0000000 0.1507567 0.1317027 0.1239088 0.1281395 0.1273373 0.1396310 0.1873405 0.1471963 0.1266458 0.1622025 0.1469112 0.1515115 
Dasyuridae_Antechinus_stuartii               0.0708861 0.1399392 0.1000484 0.1004446 0.0888861 0.0200435 0.0762505 0.0726944 0.0962450 0.1051733 0.0795526 0.0110991 0.0247560 0.0785493 0.0940701 0.0116516 0.0198284 0.0243134 0.1126399 0.0910788 0.0886509 0.1171922 0.1507567 0.0000000 0.0886114 0.0848666 0.0805894 0.0898549 0.0757331 0.1599889 0.0986874 0.0783235 0.1054918 0.0192589 0.1085699 
Hypsiprymnodontidae_Hypsiprymnodon_moschatus 0.0482979 0.1253277 0.0735587 0.0457054 0.0423827 0.0917876 0.0507033 0.0447657 0.0438528 0.1003758 0.0574006 0.0911777 0.0920972 0.0544622 0.0675263 0.0899200 0.0911511 0.0924016 0.1069749 0.0385909 0.0656136 0.1113986 0.1317027 0.0886114 0.0000000 0.0737337 0.0551236 0.0367940 0.0558884 0.1083867 0.0726674 0.0538754 0.1028868 0.0894601 0.1026951 
Microbiotheriidae_Dromiciops_gliroides       0.0573972 0.1260843 0.0839193 0.0783639 0.0714509 0.0837002 0.0625079 0.0670668 0.0798183 0.0996250 0.0666812 0.0868220 0.0856212 0.0655282 0.0778038 0.0863718 0.0835753 0.0819642 0.0977862 0.0678278 0.0742486 0.0961738 0.1239088 0.0848666 0.0737337 0.0000000 0.0681562 0.0672598 0.0722135 0.1177131 0.0826336 0.0649778 0.1030276 0.0822933 0.0930283 
Pseudochiridae_Petauroides_volans            0.0408032 0.1207432 0.0730822 0.0647737 0.0582493 0.0850092 0.0408195 0.0365526 0.0608963 0.0927971 0.0440190 0.0830276 0.0868065 0.0422522 0.0567673 0.0848029 0.0833249 0.0861057 0.0941927 0.0550662 0.0316250 0.1024072 0.1281395 0.0805894 0.0551236 0.0681562 0.0000000 0.0552830 0.0236830 0.0908089 0.0551558 0.0421494 0.0957452 0.0816957 0.0905754 
Macropodidae_Wallabia_bicolor                0.0460170 0.1198476 0.0736464 0.0256376 0.0265080 0.0928286 0.0484803 0.0465712 0.0260250 0.0954387 0.0537675 0.0924512 0.0927610 0.0517088 0.0651235 0.0928301 0.0933322 0.0880040 0.0990743 0.0125722 0.0618545 0.1050855 0.1273373 0.0898549 0.0367940 0.0672598 0.0552830 0.0000000 0.0520431 0.1079203 0.0691670 0.0525456 0.0981683 0.0920129 0.0974623 
Pseudochiridae_Pseudocheirus_occidentalis    0.0413384 0.1319456 0.0756392 0.0625844 0.0503715 0.0819063 0.0417985 0.0441013 0.0577449 0.0985911 0.0484871 0.0787081 0.0824474 0.0430277 0.0569051 0.0792497 0.0813273 0.0801680 0.1027683 0.0506823 0.0229875 0.1029001 0.1396310 0.0757331 0.0558884 0.0722135 0.0236830 0.0520431 0.0000000 0.0936791 0.0516304 0.0418086 0.1001132 0.0799378 0.1007799 
Tarsipedidae_Tarsipes_rostratus              0.0920181 0.1447504 0.1137025 0.1209183 0.1178158 0.1626683 0.0975129 0.1021641 0.1176414 0.2003221 0.1092665 0.1662059 0.1642252 0.1074932 0.1114712 0.1690221 0.1602414 0.1683108 0.1827822 0.1088652 0.0882029 0.1768124 0.1873405 0.1599889 0.1083867 0.1177131 0.0908089 0.1079203 0.0936791 0.0000000 0.1151643 0.1080655 0.1919781 0.1607031 0.1749981 
Acrobatidae_Distoechurus_pennatus            0.0546024 0.1322199 0.0898774 0.0763192 0.0660664 0.1001867 0.0604336 0.0548761 0.0742294 0.1078636 0.0636935 0.1014313 0.1038678 0.0629202 0.0379490 0.1035427 0.1007349 0.1035144 0.1150450 0.0670523 0.0632208 0.1170594 0.1471963 0.0986874 0.0726674 0.0826336 0.0551558 0.0691670 0.0516304 0.1151643 0.0000000 0.0622963 0.1100928 0.0987745 0.1077527 
Phalangeridae_Phalanger_carmelitae           0.0352452 0.1113544 0.0680899 0.0614590 0.0533870 0.0772631 0.0186549 0.0142646 0.0584558 0.0923814 0.0147875 0.0802832 0.0799979 0.0034950 0.0630120 0.0814891 0.0791098 0.0753460 0.0942557 0.0532407 0.0538136 0.0974990 0.1266458 0.0783235 0.0538754 0.0649778 0.0421494 0.0525456 0.0418086 0.1080655 0.0622963 0.0000000 0.0947642 0.0773537 0.0909131 
Peramelidae_Peroryctes_raffrayana            0.0910610 0.1548275 0.1168284 0.1044211 0.0830496 0.1061280 0.0909598 0.0963183 0.1045835 0.0250063 0.0978896 0.1060180 0.1102238 0.0963132 0.1142564 0.1072201 0.1101335 0.1090607 0.0190155 0.0914359 0.1027848 0.1209332 0.1622025 0.1054918 0.1028868 0.1030276 0.0957452 0.0981683 0.1001132 0.1919781 0.1100928 0.0947642 0.0000000 0.1074383 0.0245468 
Dasyuridae_Dasyurus_geffroii                 0.0716508 0.1364407 0.1017121 0.1009209 0.0893102 0.0031184 0.0753285 0.0737639 0.0978224 0.1058261 0.0785003 0.0179956 0.0233926 0.0780369 0.0952401 0.0186663 0.0075252 0.0215722 0.1094122 0.0911634 0.0896982 0.1142210 0.1469112 0.0192589 0.0894601 0.0822933 0.0816957 0.0920129 0.0799378 0.1607031 0.0987745 0.0773537 0.1074383 0.0000000 0.1043573 
Peramelidae_Perameles_gunnii                 0.0867171 0.1387605 0.1101793 0.1069038 0.0911958 0.1051762 0.0872494 0.0917601 0.1071963 0.0024150 0.0918459 0.1063581 0.1079513 0.0916565 0.1096296 0.1064037 0.1085462 0.1089002 0.0225010 0.0927254 0.0945865 0.1226592 0.1515115 0.1085699 0.1026951 0.0930283 0.0905754 0.0974623 0.1007799 0.1749981 0.1077527 0.0909131 0.0245468 0.1043573 0.0000000 
