35
Burramyidae_Burramys_parvus                  0.0000000 0.0780092 0.0719598 0.0626136 0.0624183 0.0666007 0.0455313 0.0483794 0.0682300 0.0845511 0.0567147 0.0694782 0.0719521 0.0460896 0.0475242 0.0710898 0.0647561 0.0736967 0.0777999 0.0632811 0.0639614 0.0879286 0.0909278 0.0660023 0.0520939 0.0624579 0.0493512 0.0532070 0.0583537 0.0769214 0.0559771 0.0461485 0.0813412 0.0647539 0.0848567 
Notoryctidae_Notoryctes_typhlops             0.0780092 0.0000000 0.0828503 0.0832134 0.0842595 0.0850623 0.0737833 0.0762740 0.0924727 0.0873578 0.0880580 0.0856419 0.0916238 0.0752413 0.0655426 0.0863514 0.0815148 0.0857967 0.0816174 0.0859911 0.0944048 0.0910720 0.0976781 0.0808316 0.0776086 0.0696761 0.0797746 0.0768989 0.0918018 0.0963571 0.0813626 0.0732680 0.0886713 0.0806683 0.0871236 
Vombatidae_Lasiorhinus_latifrons             0.0719598 0.0828503 0.0000000 0.0761312 0.0772383 0.0824542 0.0620716 0.0621856 0.0784216 0.0931306 0.0677967 0.0857713 0.0866398 0.0611177 0.0574628 0.0883415 0.0803120 0.0861063 0.0844554 0.0731321 0.0792250 0.1022633 0.1014886 0.0814024 0.0699903 0.0683059 0.0707488 0.0725592 0.0746521 0.0880028 0.0698592 0.0610814 0.0924244 0.0945371 0.0929941 
Potoroidae_Bettongia_penicillata             0.0626136 0.0832134 0.0761312 0.0000000 0.0041166 0.0794433 0.0585236 0.0593216 0.0110799 0.0974123 0.0702421 0.0816316 0.0869200 0.0599417 0.0576015 0.0842806 0.0776643 0.0864833 0.0857894 0.0234200 0.0753739 0.0995416 0.1057379 0.0785013 0.0378662 0.0689221 0.0629650 0.0265002 0.0725045 0.0883772 0.0668816 0.0591698 0.0897736 0.0733105 0.0980186 
Potoroidae_Bettongia_lesueur                 0.0624183 0.0842595 0.0772383 0.0041166 0.0000000 0.0798701 0.0586934 0.0594894 0.0122743 0.0974836 0.0700689 0.0820762 0.0865319 0.0601077 0.0577762 0.0847364 0.0783127 0.0863245 0.0858917 0.0243404 0.0751149 0.1017546 0.1061870 0.0789314 0.0370719 0.0698331 0.0631361 0.0267396 0.0722454 0.0884736 0.0670307 0.0593377 0.0898679 0.0732597 0.0980877 
Dasyuridae_Dasyurus_maculatus                0.0666007 0.0850623 0.0824542 0.0794433 0.0798701 0.0000000 0.0605479 0.0629719 0.0861467 0.0877184 0.0717589 0.0111651 0.0213624 0.0621194 0.0609427 0.0118842 0.0043734 0.0206201 0.0762151 0.0776923 0.0759851 0.0964456 0.0947964 0.0094995 0.0657260 0.0555299 0.0623738 0.0690713 0.0739636 0.0849160 0.0734116 0.0617276 0.0804659 0.0035046 0.0879740 
Phalangeridae_Trichosurus_vulpecula          0.0455313 0.0737833 0.0620716 0.0585236 0.0586934 0.0605479 0.0000000 0.0122300 0.0630923 0.0773591 0.0210327 0.0642613 0.0670915 0.0118974 0.0412967 0.0660580 0.0598030 0.0653915 0.0681102 0.0558853 0.0627119 0.0861102 0.0869340 0.0602536 0.0457892 0.0567133 0.0477981 0.0501054 0.0587047 0.0745553 0.0497020 0.0112999 0.0694589 0.0576581 0.0789455 
Phalangeridae_Spilocuscus_maculatus          0.0483794 0.0762740 0.0621856 0.0593216 0.0594894 0.0629719 0.0122300 0.0000000 0.0631549 0.0801646 0.0161721 0.0668431 0.0675174 0.0061611 0.0440599 0.0696277 0.0622176 0.0683849 0.0703871 0.0570810 0.0652688 0.0885064 0.0882418 0.0623067 0.0455097 0.0582836 0.0498003 0.0484243 0.0587194 0.0758612 0.0525728 0.0067623 0.0706938 0.0614338 0.0817013 
Potoroidae_Aepyprymnus_rufescens             0.0682300 0.0924727 0.0784216 0.0110799 0.0122743 0.0861467 0.0630923 0.0631549 0.0000000 0.1032435 0.0740859 0.0895326 0.0937153 0.0638714 0.0641678 0.0915667 0.0853576 0.0917729 0.0928683 0.0277969 0.0804548 0.1066172 0.1126325 0.0859887 0.0426628 0.0771919 0.0683326 0.0321853 0.0776681 0.0951066 0.0731520 0.0634910 0.0975071 0.0809693 0.1038082 
Peramelidae_Perameles_nasuta                 0.0845511 0.0873578 0.0931306 0.0974123 0.0974836 0.0877184 0.0773591 0.0801646 0.1032435 0.0000000 0.0897484 0.0911900 0.0959605 0.0781334 0.0775905 0.0921284 0.0859228 0.0955000 0.0202354 0.0928344 0.0990406 0.1119537 0.1140212 0.0876787 0.0848749 0.0800724 0.0845067 0.0835768 0.0957282 0.1057506 0.0896697 0.0781100 0.0272637 0.0867418 0.0017447 
Phalangeridae_Strigocuscus_pelengensis       0.0567147 0.0880580 0.0677967 0.0702421 0.0700689 0.0717589 0.0210327 0.0161721 0.0740859 0.0897484 0.0000000 0.0754988 0.0754657 0.0151916 0.0513887 0.0781978 0.0713837 0.0784554 0.0806103 0.0688084 0.0707658 0.0979956 0.0979654 0.0719470 0.0563640 0.0665318 0.0562015 0.0600018 0.0642441 0.0875541 0.0613655 0.0148974 0.0818168 0.0681093 0.0911928 
Dasyuridae_Phascogale_tapoatafa              0.0694782 0.0856419 0.0857713 0.0816316 0.0820762 0.0111651 0.0642613 0.0668431 0.0895326 0.0911900 0.0754988 0.0000000 0.0207112 0.0663440 0.0614465 0.0028283 0.0108375 0.0189101 0.0787937 0.0813923 0.0800717 0.0963568 0.0930295 0.0061451 0.0686691 0.0593316 0.0676362 0.0737896 0.0789596 0.0875155 0.0727675 0.0651550 0.0832217 0.0135216 0.0912216 
Dasyuridae_Sminthopsis_macroura              0.0719521 0.0916238 0.0866398 0.0869200 0.0865319 0.0213624 0.0670915 0.0675174 0.0937153 0.0959605 0.0754657 0.0207112 0.0000000 0.0666450 0.0654395 0.0218050 0.0210069 0.0210129 0.0844003 0.0832157 0.0827844 0.1017803 0.0979669 0.0188951 0.0718180 0.0605668 0.0691420 0.0756936 0.0794306 0.0907615 0.0793612 0.0662465 0.0844881 0.0241821 0.0956459 
Phalangeridae_Phalanger_orientalis           0.0460896 0.0752413 0.0611177 0.0599417 0.0601077 0.0621194 0.0118974 0.0061611 0.0638714 0.0781334 0.0151916 0.0663440 0.0666450 0.0000000 0.0421328 0.0682363 0.0613687 0.0676926 0.0696773 0.0584562 0.0621540 0.0849998 0.0847369 0.0615423 0.0460629 0.0555552 0.0457643 0.0489520 0.0547179 0.0724949 0.0505918 0.0023221 0.0691452 0.0608059 0.0792460 
Acrobatidae_Acrobates_pygmaeus               0.0475242 0.0655426 0.0574628 0.0576015 0.0577762 0.0609427 0.0412967 0.0440599 0.0641678 0.0775905 0.0513887 0.0614465 0.0654395 0.0421328 0.0000000 0.0635141 0.0587161 0.0650124 0.0667081 0.0558241 0.0484973 0.0790611 0.0799679 0.0584701 0.0453591 0.0517709 0.0348748 0.0490267 0.0468052 0.0616366 0.0267532 0.0429850 0.0715122 0.0558879 0.0783660 
Dasyuridae_Phascogale_calura                 0.0710898 0.0863514 0.0883415 0.0842806 0.0847364 0.0118842 0.0660580 0.0696277 0.0915667 0.0921284 0.0781978 0.0028283 0.0218050 0.0682363 0.0635141 0.0000000 0.0115444 0.0196140 0.0784464 0.0835199 0.0809343 0.0964011 0.0924644 0.0073238 0.0711050 0.0603991 0.0697803 0.0750567 0.0816664 0.0913819 0.0731199 0.0678135 0.0833550 0.0135342 0.0922598 
Dasyuridae_Sarcophilus_harrisii              0.0647561 0.0815148 0.0803120 0.0776643 0.0783127 0.0043734 0.0598030 0.0622176 0.0853576 0.0859228 0.0713837 0.0108375 0.0210069 0.0613687 0.0587161 0.0115444 0.0000000 0.0199486 0.0741622 0.0768671 0.0738375 0.0940669 0.0930205 0.0094891 0.0642318 0.0531526 0.0624216 0.0682979 0.0717407 0.0838491 0.0711048 0.0609781 0.0771125 0.0035060 0.0866072 
Dasyuridae_Planigale_tenuirostris            0.0736967 0.0857967 0.0861063 0.0864833 0.0863245 0.0206201 0.0653915 0.0683849 0.0917729 0.0955000 0.0784554 0.0189101 0.0210129 0.0676926 0.0650124 0.0196140 0.0199486 0.0000000 0.0830429 0.0823564 0.0841018 0.0966902 0.0934593 0.0183733 0.0708514 0.0602127 0.0693460 0.0748185 0.0817134 0.0882950 0.0763440 0.0668826 0.0835792 0.0240584 0.0942006 
Peramelidae_Echymipera_kalubu                0.0777999 0.0816174 0.0844554 0.0857894 0.0858917 0.0762151 0.0681102 0.0703871 0.0928683 0.0202354 0.0806103 0.0787937 0.0844003 0.0696773 0.0667081 0.0784464 0.0741622 0.0830429 0.0000000 0.0838053 0.0908935 0.1027037 0.1047655 0.0765543 0.0756793 0.0682736 0.0742519 0.0727623 0.0870820 0.0988079 0.0786165 0.0696080 0.0147152 0.0649129 0.0207347 
Macropodidae_Dorcopsulus_vanheurni           0.0632811 0.0859911 0.0731321 0.0234200 0.0243404 0.0776923 0.0558853 0.0570810 0.0277969 0.0928344 0.0688084 0.0813923 0.0832157 0.0584562 0.0558241 0.0835199 0.0768671 0.0823564 0.0838053 0.0000000 0.0675325 0.1003847 0.1044335 0.0771235 0.0409615 0.0717027 0.0595292 0.0192329 0.0692354 0.0879959 0.0683319 0.0580670 0.0866462 0.0728203 0.0924832 
Pseudochiridae_Pseudochirulus_forbesi        0.0639614 0.0944048 0.0792250 0.0753739 0.0751149 0.0759851 0.0627119 0.0652688 0.0804548 0.0990406 0.0707658 0.0800717 0.0827844 0.0621540 0.0484973 0.0809343 0.0738375 0.0841018 0.0908935 0.0675325 0.0000000 0.1010536 0.0974235 0.0744267 0.0593465 0.0701738 0.0418579 0.0618760 0.0301527 0.0715779 0.0636554 0.0613583 0.0951897 0.0770373 0.0990033 
Didelphidae_Didelphis_virginiana             0.0879286 0.0910720 0.1022633 0.0995416 0.1017546 0.0964456 0.0861102 0.0885064 0.1066172 0.1119537 0.0979956 0.0963568 0.1017803 0.0849998 0.0790611 0.0964011 0.0940669 0.0966902 0.1027037 0.1003847 0.1010536 0.0000000 0.0304202 0.0928674 0.0892380 0.0808169 0.0863701 0.0901126 0.0970936 0.0975717 0.0909062 0.0854361 0.1069811 0.1021411 0.1093748 
Marmosidae_Monodelphis_domestica             0.0909278 0.0976781 0.1014886 0.1057379 0.1061870 0.0947964 0.0869340 0.0882418 0.1126325 0.1140212 0.0979654 0.0930295 0.0979669 0.0847369 0.0799679 0.0924644 0.0930205 0.0934593 0.1047655 0.1044335 0.0974235 0.0304202 0.0000000 0.0907725 0.0921504 0.0815018 0.0835929 0.0949264 0.0977186 0.0990973 0.0914922 0.0860301 0.1097691 0.1007775 0.1123331 
Dasyuridae_Antechinus_stuartii               0.0660023 0.0808316 0.0814024 0.0785013 0.0789314 0.0094995 0.0602536 0.0623067 0.0859887 0.0876787 0.0719470 0.0061451 0.0188951 0.0615423 0.0584701 0.0073238 0.0094891 0.0183733 0.0765543 0.0771235 0.0744267 0.0928674 0.0907725 0.0000000 0.0636549 0.0541653 0.0625966 0.0688928 0.0718163 0.0835140 0.0708533 0.0604221 0.0798029 0.0107696 0.0883653 
Hypsiprymnodontidae_Hypsiprymnodon_moschatus 0.0520939 0.0776086 0.0699903 0.0378662 0.0370719 0.0657260 0.0457892 0.0455097 0.0426628 0.0848749 0.0563640 0.0686691 0.0718180 0.0460629 0.0453591 0.0711050 0.0642318 0.0708514 0.0756793 0.0409615 0.0593465 0.0892380 0.0921504 0.0636549 0.0000000 0.0576714 0.0478226 0.0312464 0.0580525 0.0736598 0.0554275 0.0464110 0.0775771 0.0649254 0.0855346 
Microbiotheriidae_Dromiciops_gliroides       0.0624579 0.0696761 0.0683059 0.0689221 0.0698331 0.0555299 0.0567133 0.0582836 0.0771919 0.0800724 0.0665318 0.0593316 0.0605668 0.0555552 0.0517709 0.0603991 0.0531526 0.0602127 0.0682736 0.0717027 0.0701738 0.0808169 0.0815018 0.0541653 0.0576714 0.0000000 0.0586266 0.0630345 0.0671710 0.0815434 0.0635489 0.0571132 0.0707462 0.0532076 0.0803666 
Pseudochiridae_Petauroides_volans            0.0493512 0.0797746 0.0707488 0.0629650 0.0631361 0.0623738 0.0477981 0.0498003 0.0683326 0.0845067 0.0562015 0.0676362 0.0691420 0.0457643 0.0348748 0.0697803 0.0624216 0.0693460 0.0742519 0.0595292 0.0418579 0.0863701 0.0835929 0.0625966 0.0478226 0.0586266 0.0000000 0.0504871 0.0417051 0.0509675 0.0459075 0.0457990 0.0786365 0.0658318 0.0850604 
Macropodidae_Wallabia_bicolor                0.0532070 0.0768989 0.0725592 0.0265002 0.0267396 0.0690713 0.0501054 0.0484243 0.0321853 0.0835768 0.0600018 0.0737896 0.0756936 0.0489520 0.0490267 0.0750567 0.0682979 0.0748185 0.0727623 0.0192329 0.0618760 0.0901126 0.0949264 0.0688928 0.0312464 0.0630345 0.0504871 0.0000000 0.0603295 0.0784475 0.0591115 0.0486070 0.0769835 0.0599718 0.0839165 
Pseudochiridae_Pseudocheirus_occidentalis    0.0583537 0.0918018 0.0746521 0.0725045 0.0722454 0.0739636 0.0587047 0.0587194 0.0776681 0.0957282 0.0642441 0.0789596 0.0794306 0.0547179 0.0468052 0.0816664 0.0717407 0.0817134 0.0870820 0.0692354 0.0301527 0.0970936 0.0977186 0.0718163 0.0580525 0.0671710 0.0417051 0.0603295 0.0000000 0.0703168 0.0595434 0.0551955 0.0929247 0.0820061 0.0970748 
Tarsipedidae_Tarsipes_rostratus              0.0769214 0.0963571 0.0880028 0.0883772 0.0884736 0.0849160 0.0745553 0.0758612 0.0951066 0.1057506 0.0875541 0.0875155 0.0907615 0.0724949 0.0616366 0.0913819 0.0838491 0.0882950 0.0988079 0.0879959 0.0715779 0.0975717 0.0990973 0.0835140 0.0736598 0.0815434 0.0509675 0.0784475 0.0703168 0.0000000 0.0749176 0.0722945 0.1014075 0.0863498 0.1065678 
Acrobatidae_Distoechurus_pennatus            0.0559771 0.0813626 0.0698592 0.0668816 0.0670307 0.0734116 0.0497020 0.0525728 0.0731520 0.0896697 0.0613655 0.0727675 0.0793612 0.0505918 0.0267532 0.0731199 0.0711048 0.0763440 0.0786165 0.0683319 0.0636554 0.0909062 0.0914922 0.0708533 0.0554275 0.0635489 0.0459075 0.0591115 0.0595434 0.0749176 0.0000000 0.0514809 0.0836376 0.0606421 0.0907478 
Phalangeridae_Phalanger_carmelitae           0.0461485 0.0732680 0.0610814 0.0591698 0.0593377 0.0617276 0.0112999 0.0067623 0.0634910 0.0781100 0.0148974 0.0651550 0.0662465 0.0023221 0.0429850 0.0678135 0.0609781 0.0668826 0.0696080 0.0580670 0.0613583 0.0854361 0.0860301 0.0604221 0.0464110 0.0571132 0.0457990 0.0486070 0.0551955 0.0722945 0.0514809 0.0000000 0.0698868 0.0607786 0.0792227 
Peramelidae_Peroryctes_raffrayana            0.0813412 0.0886713 0.0924244 0.0897736 0.0898679 0.0804659 0.0694589 0.0706938 0.0975071 0.0272637 0.0818168 0.0832217 0.0844881 0.0691452 0.0715122 0.0833550 0.0771125 0.0835792 0.0147152 0.0866462 0.0951897 0.1069811 0.1097691 0.0798029 0.0775771 0.0707462 0.0786365 0.0769835 0.0929247 0.1014075 0.0836376 0.0698868 0.0000000 0.0742354 0.0267248 
Dasyuridae_Dasyurus_geffroii                 0.0647539 0.0806683 0.0945371 0.0733105 0.0732597 0.0035046 0.0576581 0.0614338 0.0809693 0.0867418 0.0681093 0.0135216 0.0241821 0.0608059 0.0558879 0.0135342 0.0035060 0.0240584 0.0649129 0.0728203 0.0770373 0.1021411 0.1007775 0.0107696 0.0649254 0.0532076 0.0658318 0.0599718 0.0820061 0.0863498 0.0606421 0.0607786 0.0742354 0.0000000 0.0863332 
Peramelidae_Perameles_gunnii                 0.0848567 0.0871236 0.0929941 0.0980186 0.0980877 0.0879740 0.0789455 0.0817013 0.1038082 0.0017447 0.0911928 0.0912216 0.0956459 0.0792460 0.0783660 0.0922598 0.0866072 0.0942006 0.0207347 0.0924832 0.0990033 0.1093748 0.1123331 0.0883653 0.0855346 0.0803666 0.0850604 0.0839165 0.0970748 0.1065678 0.0907478 0.0792227 0.0267248 0.0863332 0.0000000 
