35
Burramyidae_Burramys_parvus                  0.0000000 0.0571594 0.0383727 0.0387445 0.0390491 0.0519432 0.0402994 0.0371865 0.0403423 0.0570656 0.0385484 0.0590451 0.0552317 0.0380397 0.0438705 0.0592051 0.0618891 0.0568287 0.0591242 0.0365512 0.0399497 0.0620060 0.0430367 0.0591367 0.0388006 0.0445965 0.0464828 0.0353018 0.0372434 0.0523058 0.0427048 0.0374261 0.0553521 0.0536290 0.0564131 
Notoryctidae_Notoryctes_typhlops             0.0571594 0.0000000 0.0501249 0.0540612 0.0555286 0.0552214 0.0521670 0.0546025 0.0561738 0.0658931 0.0549808 0.0650120 0.0568786 0.0553091 0.0580658 0.0657199 0.0666849 0.0668219 0.0682637 0.0523998 0.0560434 0.0653389 0.0498443 0.0659359 0.0586502 0.0575599 0.0575541 0.0514457 0.0547030 0.0621216 0.0551590 0.0545751 0.0641650 0.0554153 0.0648037 
Vombatidae_Lasiorhinus_latifrons             0.0383727 0.0501249 0.0000000 0.0380021 0.0391929 0.0521641 0.0356339 0.0396702 0.0417993 0.0575983 0.0408910 0.0553040 0.0497129 0.0404977 0.0386003 0.0551401 0.0582202 0.0572405 0.0654761 0.0372756 0.0439525 0.0637303 0.0462922 0.0521533 0.0400417 0.0476640 0.0496431 0.0366485 0.0409466 0.0525875 0.0399862 0.0395802 0.0566782 0.0537139 0.0571736 
Potoroidae_Bettongia_penicillata             0.0387445 0.0540612 0.0380021 0.0000000 0.0043806 0.0576129 0.0365820 0.0353322 0.0119141 0.0600091 0.0358036 0.0628479 0.0570326 0.0353372 0.0400558 0.0629743 0.0632561 0.0593466 0.0651435 0.0137293 0.0380358 0.0647649 0.0473316 0.0587294 0.0240987 0.0506694 0.0439592 0.0127101 0.0342512 0.0553594 0.0382726 0.0347142 0.0571671 0.0585906 0.0588970 
Potoroidae_Bettongia_lesueur                 0.0390491 0.0555286 0.0391929 0.0043806 0.0000000 0.0583868 0.0366741 0.0357319 0.0137366 0.0610472 0.0361673 0.0626333 0.0573961 0.0354576 0.0404702 0.0627604 0.0636311 0.0593650 0.0669584 0.0147991 0.0398485 0.0673160 0.0479864 0.0591599 0.0249707 0.0509970 0.0446661 0.0142814 0.0357557 0.0567014 0.0392290 0.0351103 0.0578132 0.0593060 0.0599267 
Dasyuridae_Dasyurus_maculatus                0.0519432 0.0552214 0.0521641 0.0576129 0.0583868 0.0000000 0.0466379 0.0553654 0.0590303 0.0643623 0.0558903 0.0223636 0.0310635 0.0572330 0.0549476 0.0222780 0.0037781 0.0294637 0.0646608 0.0535017 0.0600622 0.0820274 0.0611291 0.0192519 0.0547466 0.0574526 0.0600342 0.0538976 0.0587147 0.0768339 0.0570519 0.0558698 0.0636703 0.0040313 0.0632026 
Phalangeridae_Trichosurus_vulpecula          0.0402994 0.0521670 0.0356339 0.0365820 0.0366741 0.0466379 0.0000000 0.0186018 0.0378988 0.0572254 0.0206922 0.0560435 0.0485780 0.0199581 0.0375640 0.0558095 0.0561099 0.0594594 0.0545236 0.0344347 0.0415148 0.0586269 0.0406634 0.0555424 0.0367851 0.0492267 0.0360016 0.0328197 0.0389616 0.0494999 0.0365324 0.0199339 0.0540784 0.0481646 0.0564886 
Phalangeridae_Spilocuscus_maculatus          0.0371865 0.0546025 0.0396702 0.0353322 0.0357319 0.0553654 0.0186018 0.0000000 0.0371575 0.0590058 0.0063106 0.0591803 0.0580831 0.0060949 0.0369658 0.0589153 0.0607790 0.0641449 0.0610335 0.0342542 0.0354008 0.0643630 0.0457547 0.0572355 0.0365881 0.0495205 0.0403757 0.0331408 0.0336040 0.0562248 0.0377576 0.0055937 0.0587132 0.0559620 0.0580120 
Potoroidae_Aepyprymnus_rufescens             0.0403423 0.0561738 0.0417993 0.0119141 0.0137366 0.0590303 0.0378988 0.0371575 0.0000000 0.0599673 0.0376811 0.0582612 0.0560179 0.0374175 0.0443782 0.0583970 0.0639852 0.0602742 0.0674970 0.0187743 0.0401684 0.0640311 0.0514478 0.0590634 0.0297056 0.0562810 0.0459950 0.0177594 0.0363313 0.0505536 0.0425067 0.0368012 0.0577012 0.0599780 0.0591785 
Peramelidae_Perameles_nasuta                 0.0570656 0.0658931 0.0575983 0.0600091 0.0610472 0.0643623 0.0572254 0.0590058 0.0599673 0.0000000 0.0607260 0.0678348 0.0619009 0.0584654 0.0655775 0.0674819 0.0731276 0.0678667 0.0246480 0.0548588 0.0650576 0.0708567 0.0595608 0.0684531 0.0601414 0.0598628 0.0680865 0.0554701 0.0624964 0.0696282 0.0659319 0.0586691 0.0112381 0.0650015 0.0007271 
Phalangeridae_Strigocuscus_pelengensis       0.0385484 0.0549808 0.0408910 0.0358036 0.0361673 0.0558903 0.0206922 0.0063106 0.0376811 0.0607260 0.0000000 0.0594849 0.0587299 0.0075956 0.0383563 0.0595860 0.0613018 0.0640740 0.0621268 0.0340874 0.0364428 0.0650925 0.0475256 0.0565655 0.0365268 0.0517783 0.0411162 0.0329370 0.0345167 0.0560537 0.0394158 0.0065631 0.0600858 0.0566236 0.0597190 
Dasyuridae_Phascogale_tapoatafa              0.0590451 0.0650120 0.0553040 0.0628479 0.0626333 0.0223636 0.0560435 0.0591803 0.0582612 0.0678348 0.0594849 0.0000000 0.0259738 0.0601131 0.0613773 0.0029036 0.0230638 0.0300481 0.0720185 0.0589579 0.0631055 0.0753039 0.0562423 0.0118949 0.0591488 0.0661377 0.0649686 0.0587547 0.0605834 0.0713486 0.0619146 0.0584426 0.0660334 0.0228327 0.0670305 
Dasyuridae_Sminthopsis_macroura              0.0552317 0.0568786 0.0497129 0.0570326 0.0573961 0.0310635 0.0485780 0.0580831 0.0560179 0.0619009 0.0587299 0.0259738 0.0000000 0.0583635 0.0550512 0.0253110 0.0305639 0.0128988 0.0709654 0.0528676 0.0613443 0.0816473 0.0644781 0.0259232 0.0540103 0.0559003 0.0659924 0.0520074 0.0597820 0.0773471 0.0595373 0.0579568 0.0624484 0.0315147 0.0604442 
Phalangeridae_Phalanger_orientalis           0.0380397 0.0553091 0.0404977 0.0353372 0.0354576 0.0572330 0.0199581 0.0060949 0.0374175 0.0584654 0.0075956 0.0601131 0.0583635 0.0000000 0.0383358 0.0598435 0.0629479 0.0621792 0.0619754 0.0348150 0.0353965 0.0650335 0.0469647 0.0581504 0.0374305 0.0495346 0.0409495 0.0334573 0.0335532 0.0564732 0.0391286 0.0031460 0.0584354 0.0578511 0.0577152 
Acrobatidae_Acrobates_pygmaeus               0.0438705 0.0580658 0.0386003 0.0400558 0.0404702 0.0549476 0.0375640 0.0369658 0.0443782 0.0655775 0.0383563 0.0613773 0.0550512 0.0383358 0.0000000 0.0606335 0.0587558 0.0610945 0.0713187 0.0393307 0.0326075 0.0691307 0.0546743 0.0564715 0.0393351 0.0561737 0.0403990 0.0375815 0.0307460 0.0521795 0.0190683 0.0363201 0.0621134 0.0556380 0.0647922 
Dasyuridae_Phascogale_calura                 0.0592051 0.0657199 0.0551401 0.0629743 0.0627604 0.0222780 0.0558095 0.0589153 0.0583970 0.0674819 0.0595860 0.0029036 0.0253110 0.0598435 0.0606335 0.0000000 0.0229685 0.0297307 0.0716036 0.0590931 0.0628230 0.0749804 0.0560155 0.0113678 0.0598917 0.0665017 0.0653311 0.0589489 0.0597604 0.0703521 0.0610168 0.0581817 0.0663232 0.0227350 0.0666501 
Dasyuridae_Sarcophilus_harrisii              0.0618891 0.0666849 0.0582202 0.0632561 0.0636311 0.0037781 0.0561099 0.0607790 0.0639852 0.0731276 0.0613018 0.0230638 0.0305639 0.0629479 0.0587558 0.0229685 0.0000000 0.0364469 0.0764955 0.0586269 0.0633647 0.0820383 0.0613403 0.0198533 0.0613977 0.0678263 0.0683627 0.0586947 0.0624477 0.0770762 0.0620803 0.0606492 0.0724854 0.0047796 0.0719184 
Dasyuridae_Planigale_tenuirostris            0.0568287 0.0668219 0.0572405 0.0593466 0.0593650 0.0294637 0.0594594 0.0641449 0.0602742 0.0678667 0.0640740 0.0300481 0.0128988 0.0621792 0.0610945 0.0297307 0.0364469 0.0000000 0.0805778 0.0562510 0.0661673 0.0761063 0.0608202 0.0294659 0.0581875 0.0593216 0.0754914 0.0545029 0.0647938 0.0724302 0.0639643 0.0621277 0.0680070 0.0297478 0.0664997 
Peramelidae_Echymipera_kalubu                0.0591242 0.0682637 0.0654761 0.0651435 0.0669584 0.0646608 0.0545236 0.0610335 0.0674970 0.0246480 0.0621268 0.0720185 0.0709654 0.0619754 0.0713187 0.0716036 0.0764955 0.0805778 0.0000000 0.0612228 0.0685057 0.0744472 0.0582667 0.0741182 0.0636734 0.0662227 0.0592344 0.0602929 0.0649881 0.0718732 0.0728674 0.0605922 0.0239757 0.0655699 0.0243232 
Macropodidae_Dorcopsulus_vanheurni           0.0365512 0.0523998 0.0372756 0.0137293 0.0147991 0.0535017 0.0344347 0.0342542 0.0187743 0.0548588 0.0340874 0.0589579 0.0528676 0.0348150 0.0393307 0.0590931 0.0586269 0.0562510 0.0612228 0.0000000 0.0378673 0.0626098 0.0475647 0.0554364 0.0233990 0.0478686 0.0426494 0.0054030 0.0337948 0.0526094 0.0383771 0.0330869 0.0544971 0.0547922 0.0537782 
Pseudochiridae_Pseudochirulus_forbesi        0.0399497 0.0560434 0.0439525 0.0380358 0.0398485 0.0600622 0.0415148 0.0354008 0.0401684 0.0650576 0.0364428 0.0631055 0.0613443 0.0353965 0.0326075 0.0628230 0.0633647 0.0661673 0.0685057 0.0378673 0.0000000 0.0688660 0.0516512 0.0608731 0.0397914 0.0545449 0.0244693 0.0364367 0.0098629 0.0471307 0.0338542 0.0342259 0.0628340 0.0612853 0.0646071 
Didelphidae_Didelphis_virginiana             0.0620060 0.0653389 0.0637303 0.0647649 0.0673160 0.0820274 0.0586269 0.0643630 0.0640311 0.0708567 0.0650925 0.0753039 0.0816473 0.0650335 0.0691307 0.0749804 0.0820383 0.0761063 0.0744472 0.0626098 0.0688660 0.0000000 0.0357931 0.0763839 0.0641608 0.0601938 0.0686630 0.0623510 0.0619595 0.0756292 0.0649560 0.0639248 0.0705341 0.0826550 0.0706344 
Marmosidae_Monodelphis_domestica             0.0430367 0.0498443 0.0462922 0.0473316 0.0479864 0.0611291 0.0406634 0.0457547 0.0514478 0.0595608 0.0475256 0.0562423 0.0644781 0.0469647 0.0546743 0.0560155 0.0613403 0.0608202 0.0582667 0.0475647 0.0516512 0.0357931 0.0000000 0.0564746 0.0480803 0.0434823 0.0510576 0.0457338 0.0466895 0.0662623 0.0511849 0.0456686 0.0587713 0.0610843 0.0584342 
Dasyuridae_Antechinus_stuartii               0.0591367 0.0659359 0.0521533 0.0587294 0.0591599 0.0192519 0.0555424 0.0572355 0.0590634 0.0684531 0.0565655 0.0118949 0.0259232 0.0581504 0.0564715 0.0113678 0.0198533 0.0294659 0.0741182 0.0554364 0.0608731 0.0763839 0.0564746 0.0000000 0.0568284 0.0629482 0.0664459 0.0549369 0.0589577 0.0734824 0.0575374 0.0564929 0.0672200 0.0200686 0.0669863 
Hypsiprymnodontidae_Hypsiprymnodon_moschatus 0.0388006 0.0586502 0.0400417 0.0240987 0.0249707 0.0547466 0.0367851 0.0365881 0.0297056 0.0601414 0.0365268 0.0591488 0.0540103 0.0374305 0.0393351 0.0598917 0.0613977 0.0581875 0.0636734 0.0233990 0.0397914 0.0641608 0.0480803 0.0568284 0.0000000 0.0491956 0.0458071 0.0215535 0.0362872 0.0556645 0.0395131 0.0359676 0.0579193 0.0556675 0.0590370 
Microbiotheriidae_Dromiciops_gliroides       0.0445965 0.0575599 0.0476640 0.0506694 0.0509970 0.0574526 0.0492267 0.0495205 0.0562810 0.0598628 0.0517783 0.0661377 0.0559003 0.0495346 0.0561737 0.0665017 0.0678263 0.0593216 0.0662227 0.0478686 0.0545449 0.0601938 0.0434823 0.0629482 0.0491956 0.0000000 0.0573114 0.0468996 0.0516651 0.0671077 0.0525036 0.0503958 0.0603476 0.0581242 0.0588977 
Pseudochiridae_Petauroides_volans            0.0464828 0.0575541 0.0496431 0.0439592 0.0446661 0.0600342 0.0360016 0.0403757 0.0459950 0.0680865 0.0411162 0.0649686 0.0659924 0.0409495 0.0403990 0.0653311 0.0683627 0.0754914 0.0592344 0.0426494 0.0244693 0.0686630 0.0510576 0.0664459 0.0458071 0.0573114 0.0000000 0.0416683 0.0213246 0.0479401 0.0395904 0.0400504 0.0652304 0.0614852 0.0670691 
Macropodidae_Wallabia_bicolor                0.0353018 0.0514457 0.0366485 0.0127101 0.0142814 0.0538976 0.0328197 0.0331408 0.0177594 0.0554701 0.0329370 0.0587547 0.0520074 0.0334573 0.0375815 0.0589489 0.0586947 0.0545029 0.0602929 0.0054030 0.0364367 0.0623510 0.0457338 0.0549369 0.0215535 0.0468996 0.0416683 0.0000000 0.0326608 0.0527836 0.0375732 0.0317468 0.0534797 0.0548320 0.0544891 
Pseudochiridae_Pseudocheirus_occidentalis    0.0372434 0.0547030 0.0409466 0.0342512 0.0357557 0.0587147 0.0389616 0.0336040 0.0363313 0.0624964 0.0345167 0.0605834 0.0597820 0.0335532 0.0307460 0.0597604 0.0624477 0.0647938 0.0649881 0.0337948 0.0098629 0.0619595 0.0466895 0.0589577 0.0362872 0.0516651 0.0213246 0.0326608 0.0000000 0.0427597 0.0311842 0.0324202 0.0592538 0.0600040 0.0617405 
Tarsipedidae_Tarsipes_rostratus              0.0523058 0.0621216 0.0525875 0.0553594 0.0567014 0.0768339 0.0494999 0.0562248 0.0505536 0.0696282 0.0560537 0.0713486 0.0773471 0.0564732 0.0521795 0.0703521 0.0770762 0.0724302 0.0718732 0.0526094 0.0471307 0.0756292 0.0662623 0.0734824 0.0556645 0.0671077 0.0479401 0.0527836 0.0427597 0.0000000 0.0499986 0.0545248 0.0671752 0.0784075 0.0691202 
Acrobatidae_Distoechurus_pennatus            0.0427048 0.0551590 0.0399862 0.0382726 0.0392290 0.0570519 0.0365324 0.0377576 0.0425067 0.0659319 0.0394158 0.0619146 0.0595373 0.0391286 0.0190683 0.0610168 0.0620803 0.0639643 0.0728674 0.0383771 0.0338542 0.0649560 0.0511849 0.0575374 0.0395131 0.0525036 0.0395904 0.0375732 0.0311842 0.0499986 0.0000000 0.0376622 0.0620666 0.0574661 0.0651480 
Phalangeridae_Phalanger_carmelitae           0.0374261 0.0545751 0.0395802 0.0347142 0.0351103 0.0558698 0.0199339 0.0055937 0.0368012 0.0586691 0.0065631 0.0584426 0.0579568 0.0031460 0.0363201 0.0581817 0.0606492 0.0621277 0.0605922 0.0330869 0.0342259 0.0639248 0.0456686 0.0564929 0.0359676 0.0503958 0.0400504 0.0317468 0.0324202 0.0545248 0.0376622 0.0000000 0.0577557 0.0564633 0.0579026 
Peramelidae_Peroryctes_raffrayana            0.0553521 0.0641650 0.0566782 0.0571671 0.0578132 0.0636703 0.0540784 0.0587132 0.0577012 0.0112381 0.0600858 0.0660334 0.0624484 0.0584354 0.0621134 0.0663232 0.0724854 0.0680070 0.0239757 0.0544971 0.0628340 0.0705341 0.0587713 0.0672200 0.0579193 0.0603476 0.0652304 0.0534797 0.0592538 0.0671752 0.0620666 0.0577557 0.0000000 0.0640025 0.0109786 
Dasyuridae_Dasyurus_geffroii                 0.0536290 0.0554153 0.0537139 0.0585906 0.0593060 0.0040313 0.0481646 0.0559620 0.0599780 0.0650015 0.0566236 0.0228327 0.0315147 0.0578511 0.0556380 0.0227350 0.0047796 0.0297478 0.0655699 0.0547922 0.0612853 0.0826550 0.0610843 0.0200686 0.0556675 0.0581242 0.0614852 0.0548320 0.0600040 0.0784075 0.0574661 0.0564633 0.0640025 0.0000000 0.0638110 
Peramelidae_Perameles_gunnii                 0.0564131 0.0648037 0.0571736 0.0588970 0.0599267 0.0632026 0.0564886 0.0580120 0.0591785 0.0007271 0.0597190 0.0670305 0.0604442 0.0577152 0.0647922 0.0666501 0.0719184 0.0664997 0.0243232 0.0537782 0.0646071 0.0706344 0.0584342 0.0669863 0.0590370 0.0588977 0.0670691 0.0544891 0.0617405 0.0691202 0.0651480 0.0579026 0.0109786 0.0638110 0.0000000 
