35
Burramyidae_Burramys_parvus                  0.0000000 0.0997121 0.0636606 0.0649086 0.0657283 0.0871867 0.0686665 0.0624582 0.0679056 0.0961974 0.0645557 0.1005122 0.0930970 0.0639174 0.0738486 0.1004887 0.1054919 0.0960886 0.0997401 0.0611719 0.0675069 0.1060719 0.0718381 0.1012812 0.0648052 0.0752199 0.0786729 0.0588118 0.0629084 0.0891242 0.0719376 0.0630128 0.0933617 0.0903567 0.0949425 
Notoryctidae_Notoryctes_typhlops             0.0997121 0.0000000 0.0862491 0.0938928 0.0969444 0.0952259 0.0903893 0.0952330 0.0978577 0.1152571 0.0957266 0.1134658 0.0985609 0.0966750 0.1013593 0.1140704 0.1161335 0.1166120 0.1190599 0.0912378 0.0978065 0.1158468 0.0868466 0.1146371 0.1025603 0.1008696 0.1007444 0.0892515 0.0958127 0.1094573 0.0961937 0.0953332 0.1122189 0.0959531 0.1131240 
Vombatidae_Lasiorhinus_latifrons             0.0636606 0.0862491 0.0000000 0.0629906 0.0651423 0.0863927 0.0600772 0.0655754 0.0693087 0.0964753 0.0673370 0.0926816 0.0828816 0.0669579 0.0642691 0.0920906 0.0975055 0.0963553 0.1091042 0.0618655 0.0731824 0.1082821 0.0765995 0.0878864 0.0662263 0.0795870 0.0830436 0.0604617 0.0680972 0.0886172 0.0669706 0.0655456 0.0949146 0.0893455 0.0955310 
Potoroidae_Bettongia_penicillata             0.0649086 0.0938928 0.0629906 0.0000000 0.0069935 0.0969023 0.0617410 0.0587354 0.0191121 0.1007831 0.0592515 0.1055145 0.0955136 0.0587552 0.0670666 0.1053909 0.1075120 0.1003804 0.1090108 0.0223244 0.0637847 0.1106515 0.0788926 0.0997369 0.0394637 0.0858422 0.0736030 0.0205742 0.0572500 0.0937192 0.0640517 0.0577721 0.0958416 0.0988165 0.0988779 
Potoroidae_Bettongia_lesueur                 0.0657283 0.0969444 0.0651423 0.0069935 0.0000000 0.0983704 0.0620822 0.0595571 0.0221180 0.1029778 0.0600140 0.1056866 0.0964321 0.0590912 0.0679832 0.1055600 0.1082720 0.1007080 0.1123589 0.0241352 0.0670450 0.1153674 0.0803848 0.1008285 0.0410307 0.0868076 0.0749855 0.0231914 0.0599153 0.0959899 0.0658840 0.0585859 0.0973362 0.1002188 0.1010448 
Dasyuridae_Dasyurus_maculatus                0.0871867 0.0952259 0.0863927 0.0969023 0.0983704 0.0000000 0.0797579 0.0930992 0.0990766 0.1068682 0.0936177 0.0360729 0.0500772 0.0960061 0.0926046 0.0358208 0.0060107 0.0474511 0.1077530 0.0896631 0.1012357 0.1400731 0.1024830 0.0311972 0.0921177 0.0969330 0.1019119 0.0901683 0.0992449 0.1310924 0.0969892 0.0938044 0.1064693 0.0064121 0.1049158 
Phalangeridae_Trichosurus_vulpecula          0.0686665 0.0903893 0.0600772 0.0617410 0.0620822 0.0797579 0.0000000 0.0308515 0.0640143 0.0978866 0.0343737 0.0962868 0.0830571 0.0331565 0.0638967 0.0955115 0.0966093 0.1023708 0.0937745 0.0581871 0.0708961 0.1021986 0.0690966 0.0952876 0.0621777 0.0843938 0.0615511 0.0552924 0.0665117 0.0858172 0.0621499 0.0332146 0.0927908 0.0827589 0.0964580 
Phalangeridae_Spilocuscus_maculatus          0.0624582 0.0952330 0.0655754 0.0587354 0.0595571 0.0930992 0.0308515 0.0000000 0.0619570 0.0989416 0.0100919 0.0998132 0.0976830 0.0097431 0.0617160 0.0989940 0.1032277 0.1088391 0.1028106 0.0571577 0.0593249 0.1103262 0.0765282 0.0975019 0.0609191 0.0833530 0.0679179 0.0549864 0.0562568 0.0958469 0.0631788 0.0089558 0.0988693 0.0943428 0.0972676 
Potoroidae_Aepyprymnus_rufescens             0.0679056 0.0978577 0.0693087 0.0191121 0.0221180 0.0990766 0.0640143 0.0619570 0.0000000 0.1009319 0.0625489 0.0984220 0.0938778 0.0624360 0.0747989 0.0983386 0.1086031 0.1018582 0.1138968 0.0305403 0.0676866 0.1098898 0.0861119 0.1003781 0.0488720 0.0956669 0.0771514 0.0288359 0.0611080 0.0862218 0.0715436 0.0614677 0.0971128 0.1009761 0.0993094 
Peramelidae_Perameles_nasuta                 0.0961974 0.1152571 0.0964753 0.1007831 0.1029778 0.1068682 0.0978866 0.0989416 0.1009319 0.0000000 0.1012077 0.1141784 0.1039629 0.0979583 0.1111938 0.1132243 0.1229631 0.1151301 0.0396016 0.0923198 0.1102194 0.1206102 0.0992460 0.1165512 0.1008895 0.1015504 0.1149444 0.0932704 0.1059673 0.1191774 0.1122889 0.0981706 0.0180970 0.1082391 0.0011513 
Phalangeridae_Strigocuscus_pelengensis       0.0645557 0.0957266 0.0673370 0.0592515 0.0600140 0.0936177 0.0343737 0.0100919 0.0625489 0.1012077 0.0000000 0.0996922 0.0982230 0.0121372 0.0638772 0.0995278 0.1037129 0.1082444 0.1039346 0.0566318 0.0609286 0.1112516 0.0792546 0.0958190 0.0604889 0.0869635 0.0689955 0.0543853 0.0576071 0.0954112 0.0657781 0.0104893 0.1005508 0.0951523 0.0995308 
Dasyuridae_Phascogale_tapoatafa              0.1005122 0.1134658 0.0926816 0.1055145 0.1056866 0.0360729 0.0962868 0.0998132 0.0984220 0.1141784 0.0996922 0.0000000 0.0417265 0.1009717 0.1036127 0.0046286 0.0374623 0.0486895 0.1214733 0.0989910 0.1067209 0.1290527 0.0948494 0.0191457 0.0995964 0.1125501 0.1106486 0.0985044 0.1026695 0.1219456 0.1052863 0.0982026 0.1112912 0.0368988 0.1124891 
Dasyuridae_Sminthopsis_macroura              0.0930970 0.0985609 0.0828816 0.0955136 0.0964321 0.0500772 0.0830571 0.0976830 0.0938778 0.1039629 0.0982230 0.0417265 0.0000000 0.0981652 0.0931944 0.0404964 0.0494422 0.0207773 0.1182727 0.0884688 0.1038936 0.1397081 0.1075390 0.0422108 0.0910000 0.0942928 0.1113341 0.0871348 0.1012509 0.1329576 0.1004766 0.0972533 0.1051282 0.0509090 0.1013442 
Phalangeridae_Phalanger_orientalis           0.0639174 0.0966750 0.0669579 0.0587552 0.0590912 0.0960061 0.0331565 0.0097431 0.0624360 0.0979583 0.0121372 0.1009717 0.0981652 0.0000000 0.0638844 0.1001464 0.1066928 0.1051559 0.1040279 0.0581077 0.0593289 0.1113439 0.0785718 0.0986344 0.0623461 0.0835742 0.0688745 0.0555075 0.0561598 0.0962147 0.0654853 0.0050162 0.0979116 0.0972996 0.0967091 
Acrobatidae_Acrobates_pygmaeus               0.0738486 0.1013593 0.0642691 0.0670666 0.0679832 0.0926046 0.0638967 0.0617160 0.0747989 0.1111938 0.0638772 0.1036127 0.0931944 0.0638844 0.0000000 0.1022947 0.0998398 0.1040697 0.1200259 0.0658469 0.0538009 0.1190572 0.0913831 0.0958778 0.0657242 0.0951822 0.0667768 0.0625444 0.0506392 0.0884067 0.0311973 0.0604356 0.1052703 0.0941063 0.1096858 
Dasyuridae_Phascogale_calura                 0.1004887 0.1140704 0.0920906 0.1053909 0.1055600 0.0358208 0.0955115 0.0989940 0.0983386 0.1132243 0.0995278 0.0046286 0.0404964 0.1001464 0.1022947 0.0000000 0.0371918 0.0480075 0.1203806 0.0989043 0.1058466 0.1276364 0.0938930 0.0182307 0.1006633 0.1128358 0.1109422 0.0984937 0.1008114 0.1196652 0.1036807 0.0974020 0.1115124 0.0366241 0.1114887 
Dasyuridae_Sarcophilus_harrisii              0.1054919 0.1161335 0.0975055 0.1075120 0.1082720 0.0060107 0.0966093 0.1032277 0.1086031 0.1229631 0.1037129 0.0374623 0.0494422 0.1066928 0.0998398 0.0371918 0.0000000 0.0595201 0.1283946 0.0992161 0.1079761 0.1407328 0.1033556 0.0324283 0.1045505 0.1160978 0.1171698 0.0991638 0.1066994 0.1322080 0.1066705 0.1027040 0.1226650 0.0076224 0.1208724 
Dasyuridae_Planigale_tenuirostris            0.0960886 0.1166120 0.0963553 0.1003804 0.1007080 0.0474511 0.1023708 0.1088391 0.1018582 0.1151301 0.1082444 0.0486895 0.0207773 0.1051559 0.1040697 0.0480075 0.0595201 0.0000000 0.1350379 0.0951530 0.1123167 0.1307718 0.1017169 0.0482393 0.0986500 0.1008615 0.1275858 0.0921798 0.1100129 0.1238270 0.1087321 0.1048329 0.1154927 0.0479977 0.1126758 
Peramelidae_Echymipera_kalubu                0.0997401 0.1190599 0.1091042 0.1090108 0.1123589 0.1077530 0.0937745 0.1028106 0.1138968 0.0396016 0.1039346 0.1214733 0.1182727 0.1040279 0.1200259 0.1203806 0.1283946 0.1350379 0.0000000 0.1027422 0.1163463 0.1267753 0.0976022 0.1251622 0.1066709 0.1114872 0.1005297 0.1007372 0.1102544 0.1229158 0.1233295 0.1017871 0.0386472 0.1096020 0.0390157 
Macropodidae_Dorcopsulus_vanheurni           0.0611719 0.0912378 0.0618655 0.0223244 0.0241352 0.0896631 0.0581871 0.0571577 0.0305403 0.0923198 0.0566318 0.0989910 0.0884688 0.0581077 0.0658469 0.0989043 0.0992161 0.0951530 0.1027422 0.0000000 0.0636959 0.1069808 0.0794253 0.0943666 0.0383769 0.0810935 0.0715474 0.0086472 0.0565869 0.0892400 0.0643868 0.0551925 0.0917702 0.0921060 0.0904685 
Pseudochiridae_Pseudochirulus_forbesi        0.0675069 0.0978065 0.0731824 0.0637847 0.0670450 0.1012357 0.0708961 0.0593249 0.0676866 0.1102194 0.0609286 0.1067209 0.1038936 0.0593289 0.0538009 0.1058466 0.1079761 0.1123167 0.1163463 0.0636959 0.0000000 0.1183773 0.0870050 0.1040457 0.0671435 0.0928727 0.0399837 0.0609636 0.0159212 0.0793910 0.0560470 0.0573464 0.1062856 0.1036750 0.1095672 
Didelphidae_Didelphis_virginiana             0.1060719 0.1158468 0.1082821 0.1106515 0.1153674 0.1400731 0.1021986 0.1103262 0.1098898 0.1206102 0.1112516 0.1290527 0.1397081 0.1113439 0.1190572 0.1276364 0.1407328 0.1307718 0.1267753 0.1069808 0.1183773 0.0000000 0.0595505 0.1317014 0.1089398 0.1031067 0.1182542 0.1065315 0.1058278 0.1298253 0.1118895 0.1095950 0.1209027 0.1418199 0.1199986 
Marmosidae_Monodelphis_domestica             0.0718381 0.0868466 0.0765995 0.0788926 0.0803848 0.1024830 0.0690966 0.0765282 0.0861119 0.0992460 0.0792546 0.0948494 0.1075390 0.0785718 0.0913831 0.0938930 0.1033556 0.1017169 0.0976022 0.0794253 0.0870050 0.0595505 0.0000000 0.0950845 0.0798644 0.0726385 0.0863291 0.0759982 0.0784111 0.1114540 0.0857758 0.0764402 0.0983516 0.1026702 0.0971423 
Dasyuridae_Antechinus_stuartii               0.1012812 0.1146371 0.0878864 0.0997369 0.1008285 0.0311972 0.0952876 0.0975019 0.1003781 0.1165512 0.0958190 0.0191457 0.0422108 0.0986344 0.0958778 0.0182307 0.0324283 0.0482393 0.1251622 0.0943666 0.1040457 0.1317014 0.0950845 0.0000000 0.0966818 0.1077203 0.1132793 0.0933887 0.1007311 0.1261847 0.0984020 0.0958758 0.1143074 0.0326284 0.1138830 
Hypsiprymnodontidae_Hypsiprymnodon_moschatus 0.0648052 0.1025603 0.0662263 0.0394637 0.0410307 0.0921177 0.0621777 0.0609191 0.0488720 0.1008895 0.0604889 0.0995964 0.0910000 0.0623461 0.0657242 0.1006633 0.1045505 0.0986500 0.1066709 0.0383769 0.0671435 0.1089398 0.0798644 0.0966818 0.0000000 0.0828255 0.0772190 0.0351947 0.0608539 0.0943887 0.0661030 0.0599080 0.0971321 0.0939432 0.0989996 
Microbiotheriidae_Dromiciops_gliroides       0.0752199 0.1008696 0.0795870 0.0858422 0.0868076 0.0969330 0.0843938 0.0833530 0.0956669 0.1015504 0.0869635 0.1125501 0.0942928 0.0835742 0.0951822 0.1128358 0.1160978 0.1008615 0.1114872 0.0810935 0.0928727 0.1031067 0.0726385 0.1077203 0.0828255 0.0000000 0.0971037 0.0792242 0.0878065 0.1152948 0.0890903 0.0850143 0.1024386 0.0983413 0.0997139 
Pseudochiridae_Petauroides_volans            0.0786729 0.1007444 0.0830436 0.0736030 0.0749855 0.1019119 0.0615511 0.0679179 0.0771514 0.1149444 0.0689955 0.1106486 0.1113341 0.0688745 0.0667768 0.1109422 0.1171698 0.1275858 0.1005297 0.0715474 0.0399837 0.1182542 0.0863291 0.1132793 0.0772190 0.0971037 0.0000000 0.0695344 0.0347314 0.0807056 0.0654914 0.0674282 0.1101106 0.1048634 0.1132225 
Macropodidae_Wallabia_bicolor                0.0588118 0.0892515 0.0604617 0.0205742 0.0231914 0.0901683 0.0552924 0.0549864 0.0288359 0.0932704 0.0543853 0.0985044 0.0871348 0.0555075 0.0625444 0.0984937 0.0991638 0.0921798 0.1007372 0.0086472 0.0609636 0.1065315 0.0759982 0.0933887 0.0351947 0.0792242 0.0695344 0.0000000 0.0544535 0.0894076 0.0626836 0.0526235 0.0898511 0.0920057 0.0916134 
Pseudochiridae_Pseudocheirus_occidentalis    0.0629084 0.0958127 0.0680972 0.0572500 0.0599153 0.0992449 0.0665117 0.0562568 0.0611080 0.1059673 0.0576071 0.1026695 0.1012509 0.0561598 0.0506392 0.1008114 0.1066994 0.1100129 0.1102544 0.0565869 0.0159212 0.1058278 0.0784111 0.1007311 0.0608539 0.0878065 0.0347314 0.0544535 0.0000000 0.0718443 0.0515128 0.0542443 0.1001371 0.1018207 0.1047227 
Tarsipedidae_Tarsipes_rostratus              0.0891242 0.1094573 0.0886172 0.0937192 0.0959899 0.1310924 0.0858172 0.0958469 0.0862218 0.1191774 0.0954112 0.1219456 0.1329576 0.0962147 0.0884067 0.1196652 0.1322080 0.1238270 0.1229158 0.0892400 0.0793910 0.1298253 0.1114540 0.1261847 0.0943887 0.1152948 0.0807056 0.0894076 0.0718443 0.0000000 0.0843732 0.0928194 0.1150652 0.1343032 0.1180053 
Acrobatidae_Distoechurus_pennatus            0.0719376 0.0961937 0.0669706 0.0640517 0.0658840 0.0969892 0.0621499 0.0631788 0.0715436 0.1122889 0.0657781 0.1052863 0.1004766 0.0654853 0.0311973 0.1036807 0.1066705 0.1087321 0.1233295 0.0643868 0.0560470 0.1118895 0.0857758 0.0984020 0.0661030 0.0890903 0.0654914 0.0626836 0.0515128 0.0843732 0.0000000 0.0630571 0.1051831 0.0979636 0.1107704 
Phalangeridae_Phalanger_carmelitae           0.0630128 0.0953332 0.0655456 0.0577721 0.0585859 0.0938044 0.0332146 0.0089558 0.0614677 0.0981706 0.0104893 0.0982026 0.0972533 0.0050162 0.0604356 0.0974020 0.1027040 0.1048329 0.1017871 0.0551925 0.0573464 0.1095950 0.0764402 0.0958758 0.0599080 0.0850143 0.0674282 0.0526235 0.0542443 0.0928194 0.0630571 0.0000000 0.0969662 0.0950422 0.0969245 
Peramelidae_Peroryctes_raffrayana            0.0933617 0.1122189 0.0949146 0.0958416 0.0973362 0.1064693 0.0927908 0.0988693 0.0971128 0.0180970 0.1005508 0.1112912 0.1051282 0.0979116 0.1052703 0.1115124 0.1226650 0.1154927 0.0386472 0.0917702 0.1062856 0.1209027 0.0983516 0.1143074 0.0971321 0.1024386 0.1101106 0.0898511 0.1001371 0.1150652 0.1051831 0.0969662 0.0000000 0.1073631 0.0176520 
Dasyuridae_Dasyurus_geffroii                 0.0903567 0.0959531 0.0893455 0.0988165 0.1002188 0.0064121 0.0827589 0.0943428 0.1009761 0.1082391 0.0951523 0.0368988 0.0509090 0.0972996 0.0941063 0.0366241 0.0076224 0.0479977 0.1096020 0.0921060 0.1036750 0.1418199 0.1026702 0.0326284 0.0939432 0.0983413 0.1048634 0.0920057 0.1018207 0.1343032 0.0979636 0.0950422 0.1073631 0.0000000 0.1062167 
Peramelidae_Perameles_gunnii                 0.0949425 0.1131240 0.0955310 0.0988779 0.1010448 0.1049158 0.0964580 0.0972676 0.0993094 0.0011513 0.0995308 0.1124891 0.1013442 0.0967091 0.1096858 0.1114887 0.1208724 0.1126758 0.0390157 0.0904685 0.1095672 0.1199986 0.0971423 0.1138830 0.0989996 0.0997139 0.1132225 0.0916134 0.1047227 0.1180053 0.1107704 0.0969245 0.0176520 0.1062167 0.0000000 
