37
Burramyidae_Burramys_parvus                  0.0000000 0.1205412 0.0800483 0.0729857 0.0672875 0.1206824 0.0713738 0.0607617 0.0739404 0.1186765 0.0711835 0.1185804 0.1252238 0.0667041 0.0502839 0.1192797 0.1228637 0.1153169 0.1154934 0.0681532 0.0851841 0.1273154 0.1403872 0.1230026 0.0691189 0.1040636 0.0602072 0.0725458 0.0717994 0.0920680 0.0775575 0.0653431 0.1123716 0.1204612 0.1174902 0.3422153 0.3422153 
Notoryctidae_Notoryctes_typhlops             0.1205412 0.0000000 0.1125162 0.1092327 0.1051457 0.1301979 0.1180136 0.1104416 0.1158739 0.1217900 0.1131873 0.1315116 0.1290017 0.1172282 0.1045101 0.1308526 0.1312765 0.1251009 0.1213834 0.1060164 0.1267460 0.1262288 0.1614262 0.1287534 0.1111819 0.1152880 0.1118554 0.1102901 0.1076203 0.1313256 0.1086398 0.1160334 0.1199300 0.1292077 0.1199418 0.1552019 0.1552019 
Vombatidae_Lasiorhinus_latifrons             0.0800483 0.1125162 0.0000000 0.0756338 0.0683624 0.1124538 0.0735553 0.0678806 0.0798591 0.1114640 0.0706436 0.1117395 0.1120802 0.0752745 0.0570957 0.1118004 0.1123715 0.1078402 0.1080620 0.0721478 0.0907981 0.1185056 0.1474221 0.1124904 0.0725834 0.0931096 0.0696406 0.0754190 0.0703242 0.0891019 0.0757905 0.0734641 0.1084266 0.1122176 0.1094175 0.1845522 0.1845522 
Potoroidae_Bettongia_penicillata             0.0729857 0.1092327 0.0756338 0.0000000 0.0068724 0.1077754 0.0655490 0.0626808 0.0141717 0.1124491 0.0613438 0.1049413 0.1089770 0.0674871 0.0545240 0.1046202 0.1076981 0.1020527 0.1131645 0.0295825 0.0763201 0.1068611 0.1370416 0.1036798 0.0455546 0.0923248 0.0581487 0.0297231 0.0593454 0.0805244 0.0643428 0.0665711 0.1147818 0.1070469 0.1108777 0.1795012 0.1795012 
Potoroidae_Bettongia_lesueur                 0.0672875 0.1051457 0.0683624 0.0068724 0.0000000 0.0965823 0.0585635 0.0556132 0.0159551 0.1029220 0.0586600 0.0952295 0.0979542 0.0618484 0.0548999 0.0942472 0.0965211 0.0922577 0.1049349 0.0256692 0.0724797 0.0979818 0.1283771 0.0937782 0.0397069 0.0877647 0.0567550 0.0260035 0.0534657 0.0712608 0.0594531 0.0613957 0.1065317 0.0958531 0.1019901 0.1080565 0.1080565 
Dasyuridae_Dasyurus_maculatus                0.1206824 0.1301979 0.1124538 0.1077754 0.0965823 0.0000000 0.1022502 0.0999620 0.1053778 0.1201379 0.0975799 0.0201895 0.0251050 0.1075796 0.0924537 0.0202129 0.0059760 0.0288071 0.1217474 0.0969625 0.1210311 0.1094946 0.1497721 0.0188319 0.0984879 0.1099999 0.0980576 0.1019100 0.0986514 0.1137901 0.1051784 0.1075878 0.1270690 0.0045116 0.1201438 0.0449105 0.0449105 
Phalangeridae_Trichosurus_vulpecula          0.0713738 0.1180136 0.0735553 0.0655490 0.0585635 0.1022502 0.0000000 0.0209782 0.0672739 0.1066161 0.0288914 0.1029554 0.1058706 0.0258919 0.0534551 0.1034096 0.1036481 0.1019803 0.1089501 0.0628630 0.0766205 0.1031477 0.1322486 0.1045595 0.0612308 0.0933708 0.0583240 0.0646630 0.0618271 0.0795993 0.0636137 0.0256648 0.1076743 0.1019849 0.1068103 0.1479323 0.1479323 
Phalangeridae_Spilocuscus_maculatus          0.0607617 0.1104416 0.0678806 0.0626808 0.0556132 0.0999620 0.0209782 0.0000000 0.0653603 0.1008243 0.0223108 0.1007974 0.1043080 0.0086948 0.0448778 0.1018007 0.1013369 0.0993387 0.1009230 0.0588832 0.0698581 0.1070626 0.1289490 0.1024329 0.0620176 0.0917503 0.0548867 0.0606387 0.0584516 0.0747471 0.0555223 0.0081551 0.0983718 0.0996888 0.1006412 0.1698376 0.1698376 
Potoroidae_Aepyprymnus_rufescens             0.0739404 0.1158739 0.0798591 0.0141717 0.0159551 0.1053778 0.0672739 0.0653603 0.0000000 0.1131872 0.0676379 0.1019210 0.1050044 0.0718386 0.0598315 0.1016728 0.1043171 0.0993866 0.1124541 0.0329586 0.0860830 0.1085041 0.1433549 0.1002081 0.0507260 0.0983040 0.0705540 0.0317203 0.0634688 0.0790547 0.0665066 0.0704754 0.1135436 0.1034901 0.1125757 0.1317056 0.1317056 
Peramelidae_Perameles_nasuta                 0.1186765 0.1217900 0.1114640 0.1124491 0.1029220 0.1201379 0.1066161 0.1008243 0.1131872 0.0000000 0.1017192 0.1201594 0.1184591 0.1055309 0.0950169 0.1182305 0.1231824 0.1145510 0.0142644 0.1084340 0.1244421 0.1102039 0.1543455 0.1215910 0.1034908 0.1133129 0.1076381 0.1070119 0.1043991 0.1225541 0.1079082 0.1070314 0.0174028 0.1175787 0.0014959 0.1065572 0.1065572 
Phalangeridae_Strigocuscus_pelengensis       0.0711835 0.1131873 0.0706436 0.0613438 0.0586600 0.0975799 0.0288914 0.0223108 0.0676379 0.1017192 0.0000000 0.0988752 0.0989081 0.0231880 0.0488494 0.0988489 0.0999785 0.0938952 0.1042406 0.0632291 0.0739997 0.1018928 0.1220841 0.1005734 0.0601942 0.0928835 0.0567021 0.0629782 0.0601776 0.0752351 0.0608712 0.0229508 0.0997786 0.0981975 0.1011598 0.1415610 0.1415610 
Dasyuridae_Phascogale_tapoatafa              0.1185804 0.1315116 0.1117395 0.1049413 0.0952295 0.0201895 0.1029554 0.1007974 0.1019210 0.1201594 0.0988752 0.0000000 0.0249827 0.1081817 0.0909504 0.0028497 0.0197334 0.0242400 0.1243884 0.0963638 0.1245891 0.1064151 0.1466504 0.0081248 0.1007094 0.1096409 0.1005189 0.0984805 0.1038226 0.1170454 0.1055322 0.1081903 0.1288503 0.0193860 0.1201652 0.0428857 0.0428857 
Dasyuridae_Sminthopsis_macroura              0.1252238 0.1290017 0.1120802 0.1089770 0.0979542 0.0251050 0.1058706 0.1043080 0.1050044 0.1184591 0.0989081 0.0249827 0.0000000 0.1110146 0.0936162 0.0253339 0.0256229 0.0200024 0.1237937 0.0962794 0.1236390 0.1069262 0.1499767 0.0232590 0.1069671 0.1134949 0.1018530 0.1009861 0.1035257 0.1122792 0.1099344 0.1105114 0.1305494 0.0249109 0.1184707 0.0326365 0.0326365 
Phalangeridae_Phalanger_orientalis           0.0667041 0.1172282 0.0752745 0.0674871 0.0618484 0.1075796 0.0258919 0.0086948 0.0718386 0.1055309 0.0231880 0.1081817 0.1110146 0.0000000 0.0499771 0.1089885 0.1089993 0.1076262 0.1081891 0.0663897 0.0773724 0.1117948 0.1335145 0.1112413 0.0673171 0.0983302 0.0612179 0.0662888 0.0654855 0.0813710 0.0633523 0.0034058 0.1061855 0.1073393 0.1058185 0.1812598 0.1812598 
Acrobatidae_Acrobates_pygmaeus               0.0502839 0.1045101 0.0570957 0.0545240 0.0548999 0.0924537 0.0534551 0.0448778 0.0598315 0.0950169 0.0488494 0.0909504 0.0936162 0.0499771 0.0000000 0.0908414 0.0924393 0.0918722 0.0946801 0.0545205 0.0519985 0.0944304 0.1322835 0.0903440 0.0579379 0.0851733 0.0437820 0.0558059 0.0467619 0.0666162 0.0325962 0.0489836 0.0962673 0.0895918 0.0955746 9.0000000 9.0000000 
Dasyuridae_Phascogale_calura                 0.1192797 0.1308526 0.1118004 0.1046202 0.0942472 0.0202129 0.1034096 0.1018007 0.1016728 0.1182305 0.0988489 0.0028497 0.0253339 0.1089885 0.0908414 0.0000000 0.0197565 0.0252741 0.1226104 0.0948636 0.1234069 0.1047804 0.1475513 0.0083532 0.0996653 0.1082261 0.0996553 0.0985380 0.1017858 0.1157616 0.1062335 0.1089978 0.1275443 0.0193892 0.1180359 0.0406889 0.0406889 
Dasyuridae_Sarcophilus_harrisii              0.1228637 0.1312765 0.1123715 0.1076981 0.0965211 0.0059760 0.1036481 0.1013369 0.1043171 0.1231824 0.0999785 0.0197334 0.0256229 0.1089993 0.0924393 0.0197565 0.0000000 0.0290449 0.1253341 0.0978131 0.1221726 0.1110073 0.1522722 0.0183751 0.1002364 0.1103094 0.0999967 0.1018134 0.0993362 0.1136642 0.1075568 0.1090086 0.1302134 0.0051251 0.1231779 0.0470452 0.0470452 
Dasyuridae_Planigale_tenuirostris            0.1153169 0.1251009 0.1078402 0.1020527 0.0922577 0.0288071 0.1019803 0.0993387 0.0993866 0.1145510 0.0938952 0.0242400 0.0200024 0.1076262 0.0918722 0.0252741 0.0290449 0.0000000 0.1160278 0.0895746 0.1206308 0.1037926 0.1467126 0.0254519 0.1011728 0.1128878 0.0938964 0.0964198 0.0990215 0.1138273 0.1037262 0.1065782 0.1262942 0.0275704 0.1139800 0.0355296 0.0355296 
Peramelidae_Echymipera_kalubu                0.1154934 0.1213834 0.1080620 0.1131645 0.1049349 0.1217474 0.1089501 0.1009230 0.1124541 0.0142644 0.1042406 0.1243884 0.1237937 0.1081891 0.0946801 0.1226104 0.1253341 0.1160278 0.0000000 0.1049565 0.1247522 0.1197413 0.1532422 0.1228903 0.1026746 0.1120517 0.1067502 0.1077902 0.1037231 0.1218488 0.1054256 0.1081507 0.0140550 0.1208758 0.0133915 0.1377218 0.1377218 
Macropodidae_Dorcopsulus_vanheurni           0.0681532 0.1060164 0.0721478 0.0295825 0.0256692 0.0969625 0.0628630 0.0588832 0.0329586 0.1084340 0.0632291 0.0963638 0.0962794 0.0663897 0.0545205 0.0948636 0.0978131 0.0895746 0.1049565 0.0000000 0.0752533 0.1010805 0.1371274 0.0943834 0.0446219 0.0906759 0.0578868 0.0141348 0.0587349 0.0782489 0.0625031 0.0654970 0.1070581 0.0970764 0.1069293 0.1181289 0.1181289 
Pseudochiridae_Pseudochirulus_forbesi        0.0851841 0.1267460 0.0907981 0.0763201 0.0724797 0.1210311 0.0766205 0.0698581 0.0860830 0.1244421 0.0739997 0.1245891 0.1236390 0.0773724 0.0519985 0.1234069 0.1221726 0.1206308 0.1247522 0.0752533 0.0000000 0.1325064 0.1494129 0.1265140 0.0798454 0.1029035 0.0372091 0.0717671 0.0327866 0.0808558 0.0679090 0.0777678 0.1170331 0.1209697 0.1227380 0.2249876 0.2249876 
Didelphidae_Didelphis_virginiana             0.1273154 0.1262288 0.1185056 0.1068611 0.0979818 0.1094946 0.1031477 0.1070626 0.1085041 0.1102039 0.1018928 0.1064151 0.1069262 0.1117948 0.0944304 0.1047804 0.1110073 0.1037926 0.1197413 0.1010805 0.1325064 0.0000000 0.0385863 0.1036630 0.0972248 0.1032020 0.1049716 0.1037116 0.0981010 0.1241600 0.1069376 0.1119717 0.1216681 0.1066886 0.1113462 0.1449841 0.1449841 
Marmosidae_Monodelphis_domestica             0.1403872 0.1614262 0.1474221 0.1370416 0.1283771 0.1497721 0.1322486 0.1289490 0.1433549 0.1543455 0.1220841 0.1466504 0.1499767 0.1335145 0.1322835 0.1475513 0.1522722 0.1467126 0.1532422 0.1371274 0.1494129 0.0385863 0.0000000 0.1473301 0.1339713 0.1408639 0.1297413 0.1322841 0.1318481 0.1431762 0.1338520 0.1340827 0.1542738 0.1482153 0.1519307 0.1552574 0.1552574 
Dasyuridae_Antechinus_stuartii               0.1230026 0.1287534 0.1124904 0.1036798 0.0937782 0.0188319 0.1045595 0.1024329 0.1002081 0.1215910 0.1005734 0.0081248 0.0232590 0.1112413 0.0903440 0.0083532 0.0183751 0.0254519 0.1228903 0.0943834 0.1265140 0.1036630 0.1473301 0.0000000 0.1000611 0.1073089 0.1033995 0.0980708 0.1044147 0.1155003 0.1026354 0.1112526 0.1287678 0.0186040 0.1208641 0.0366694 0.0366694 
Hypsiprymnodontidae_Hypsiprymnodon_moschatus 0.0691189 0.1111819 0.0725834 0.0455546 0.0397069 0.0984879 0.0612308 0.0620176 0.0507260 0.1034908 0.0601942 0.1007094 0.1069671 0.0673171 0.0579379 0.0996653 0.1002364 0.1011728 0.1026746 0.0446219 0.0798454 0.0972248 0.1339713 0.1000611 0.0000000 0.0873736 0.0605191 0.0437207 0.0604224 0.0755119 0.0624964 0.0656252 0.1038006 0.0980323 0.1026858 0.1125777 0.1125777 
Microbiotheriidae_Dromiciops_gliroides       0.1040636 0.1152880 0.0931096 0.0923248 0.0877647 0.1099999 0.0933708 0.0917503 0.0983040 0.1133129 0.0928835 0.1096409 0.1134949 0.0983302 0.0851733 0.1082261 0.1103094 0.1128878 0.1120517 0.0906759 0.1029035 0.1032020 0.1408639 0.1073089 0.0873736 0.0000000 0.0909529 0.0901485 0.0924738 0.1035302 0.0899009 0.0972712 0.1110325 0.1130314 0.1126597 0.1304478 0.1304478 
Pseudochiridae_Petauroides_volans            0.0602072 0.1118554 0.0696406 0.0581487 0.0567550 0.0980576 0.0583240 0.0548867 0.0705540 0.1076381 0.0567021 0.1005189 0.1018530 0.0612179 0.0437820 0.0996553 0.0999967 0.0938964 0.1067502 0.0578868 0.0372091 0.1049716 0.1297413 0.1033995 0.0605191 0.0909529 0.0000000 0.0569895 0.0256313 0.0608573 0.0545611 0.0599066 0.1023122 0.0981482 0.1072674 0.1507318 0.1507318 
Macropodidae_Wallabia_bicolor                0.0725458 0.1102901 0.0754190 0.0297231 0.0260035 0.1019100 0.0646630 0.0606387 0.0317203 0.1070119 0.0629782 0.0984805 0.1009861 0.0662888 0.0558059 0.0985380 0.1018134 0.0964198 0.1077902 0.0141348 0.0717671 0.1037116 0.1322841 0.0980708 0.0437207 0.0901485 0.0569895 0.0000000 0.0593627 0.0791061 0.0630706 0.0657746 0.1047104 0.1005996 0.1058471 0.1675640 0.1675640 
Pseudochiridae_Pseudocheirus_occidentalis    0.0717994 0.1076203 0.0703242 0.0593454 0.0534657 0.0986514 0.0618271 0.0584516 0.0634688 0.1043991 0.0601776 0.1038226 0.1035257 0.0654855 0.0467619 0.1017858 0.0993362 0.0990215 0.1037231 0.0587349 0.0327866 0.0981010 0.1318481 0.1044147 0.0604224 0.0924738 0.0256313 0.0593627 0.0000000 0.0603880 0.0571240 0.0641781 0.1080372 0.0986040 0.1038250 0.1111249 0.1111249 
Tarsipedidae_Tarsipes_rostratus              0.0920680 0.1313256 0.0891019 0.0805244 0.0712608 0.1137901 0.0795993 0.0747471 0.0790547 0.1225541 0.0752351 0.1170454 0.1122792 0.0813710 0.0666162 0.1157616 0.1136642 0.1138273 0.1218488 0.0782489 0.0808558 0.1241600 0.1431762 0.1155003 0.0755119 0.1035302 0.0608573 0.0791061 0.0603880 0.0000000 0.0761080 0.0803411 0.1216651 0.1119748 0.1216153 0.1323446 0.1323446 
Acrobatidae_Distoechurus_pennatus            0.0775575 0.1086398 0.0757905 0.0643428 0.0594531 0.1051784 0.0636137 0.0555223 0.0665066 0.1079082 0.0608712 0.1055322 0.1099344 0.0633523 0.0325962 0.1062335 0.1075568 0.1037262 0.1054256 0.0625031 0.0679090 0.1069376 0.1338520 0.1026354 0.0624964 0.0899009 0.0545611 0.0630706 0.0571240 0.0761080 0.0000000 0.0602638 0.1029362 0.1059734 0.1056949 0.1525659 0.1525659 
Phalangeridae_Phalanger_carmelitae           0.0653431 0.1160334 0.0734641 0.0665711 0.0613957 0.1075878 0.0256648 0.0081551 0.0704754 0.1070314 0.0229508 0.1081903 0.1105114 0.0034058 0.0489836 0.1089978 0.1090086 0.1065782 0.1081507 0.0654970 0.0777678 0.1119717 0.1340827 0.1112526 0.0656252 0.0972712 0.0599066 0.0657746 0.0641781 0.0803411 0.0602638 0.0000000 0.1061944 0.1073473 0.1068080 0.1822860 0.1822860 
Peramelidae_Peroryctes_raffrayana            0.1123716 0.1199300 0.1084266 0.1147818 0.1065317 0.1270690 0.1076743 0.0983718 0.1135436 0.0174028 0.0997786 0.1288503 0.1305494 0.1061855 0.0962673 0.1275443 0.1302134 0.1262942 0.0140550 0.1070581 0.1170331 0.1216681 0.1542738 0.1287678 0.1038006 0.1110325 0.1023122 0.1047104 0.1080372 0.1216651 0.1029362 0.1061944 0.0000000 0.1264013 0.0158397 0.1681734 0.1681734 
Dasyuridae_Dasyurus_geffroii                 0.1204612 0.1292077 0.1122176 0.1070469 0.0958531 0.0045116 0.1019849 0.0996888 0.1034901 0.1175787 0.0981975 0.0193860 0.0249109 0.1073393 0.0895918 0.0193892 0.0051251 0.0275704 0.1208758 0.0970764 0.1209697 0.1066886 0.1482153 0.0186040 0.0980323 0.1130314 0.0981482 0.1005996 0.0986040 0.1119748 0.1059734 0.1073473 0.1264013 0.0000000 0.1175932 0.0450073 0.0450073 
Peramelidae_Perameles_gunnii                 0.1174902 0.1199418 0.1094175 0.1108777 0.1019901 0.1201438 0.1068103 0.1006412 0.1125757 0.0014959 0.1011598 0.1201652 0.1184707 0.1058185 0.0955746 0.1180359 0.1231779 0.1139800 0.0133915 0.1069293 0.1227380 0.1113462 0.1519307 0.1208641 0.1026858 0.1126597 0.1072674 0.1058471 0.1038250 0.1216153 0.1056949 0.1068080 0.0158397 0.1175932 0.0000000 0.1048061 0.1048061 
Myrmecobiidae_Myrmecobius_fasciatus1         0.3422153 0.1552019 0.1845522 0.1795012 0.1080565 0.0449105 0.1479323 0.1698376 0.1317056 0.1065572 0.1415610 0.0428857 0.0326365 0.1812598 9.0000000 0.0406889 0.0470452 0.0355296 0.1377218 0.1181289 0.2249876 0.1449841 0.1552574 0.0366694 0.1125777 0.1304478 0.1507318 0.1675640 0.1111249 0.1323446 0.1525659 0.1822860 0.1681734 0.0450073 0.1048061 0.0000000 0.0000010 
Myrmecobiidae_Myrmecobius_fasciatus2         0.3422153 0.1552019 0.1845522 0.1795012 0.1080565 0.0449105 0.1479323 0.1698376 0.1317056 0.1065572 0.1415610 0.0428857 0.0326365 0.1812598 9.0000000 0.0406889 0.0470452 0.0355296 0.1377218 0.1181289 0.2249876 0.1449841 0.1552574 0.0366694 0.1125777 0.1304478 0.1507318 0.1675640 0.1111249 0.1323446 0.1525659 0.1822860 0.1681734 0.0450073 0.1048061 0.0000010 0.0000000 
