169
I0185_86_Accipitridae_Buteo_jamaicensis                0.0000000 0.0379168 0.0391594 0.0392076 0.0446645 0.0382203 0.0317469 0.0354262 0.0488957 0.0505441 0.0299202 0.0453325 0.0428273 0.0434819 0.0430601 0.0351242 0.0192497 0.0407119 0.0244147 0.0409414 0.0297810 0.0461622 0.0257826 0.0259029 0.0253070 0.0383727 0.0277906 0.0526299 0.0542668 0.0268984 0.0424843 0.0418004 0.0447773 0.0445981 0.0353451 0.0513675 0.0437464 0.0426192 0.0445064 0.0399847 0.0771362 0.0817951 0.0490591 0.0591999 0.0370396 0.0422477 0.0336613 0.0453411 0.0418791 0.0269881 0.0382254 0.0394670 0.0430133 0.0366765 0.0345785 0.0293195 0.0417645 0.0442652 0.0300089 0.0278344 0.0407831 0.0283059 0.0320240 0.0344717 0.0654987 0.0456900 0.0420529 0.0306892 0.0297257 0.0409015 0.0297663 0.0072859 0.0285649 0.0368918 0.0380691 0.0427485 0.0268110 0.0211445 0.0463324 0.0390603 0.0353071 0.0318746 0.0244639 0.0344914 0.0507267 0.0234446 0.0277854 0.0218241 0.0250438 0.0377929 0.0379512 0.0291469 0.0261259 0.0360675 0.0388798 0.0319304 0.0283225 0.0242093 0.0481592 0.0290360 0.0462924 0.0531713 0.0634787 0.0366203 0.0246449 0.0174866 0.0246372 0.0470858 0.0375091 0.0346511 0.0628114 0.0266783 0.0589130 0.0313624 0.0339771 0.0229741 0.0375778 0.0511616 0.0318728 0.0500101 0.0324072 0.0399132 0.0354153 0.0238426 0.0271010 0.0231200 0.0397808 0.0289147 0.0468442 0.0366227 0.0253995 0.0486879 0.0715405 0.0380362 0.0408317 0.0227945 0.0291270 0.0289588 0.0287521 0.0267610 0.0281114 0.0410167 0.0439736 0.0421673 0.0339920 0.0461396 0.0419551 0.0318784 0.0873694 0.0278322 0.0357057 0.0466952 0.0278327 0.0186760 0.0243913 0.0296966 0.0691818 0.0254456 0.0491107 0.0484062 0.0448908 0.0453601 0.1383149 0.0428635 0.0518562 0.0500837 0.0419661 0.0339193 0.0425847 
I0186_111_Momotidae_Momotus_lessonii                   0.0379168 0.0000000 0.0523370 0.0497761 0.0562181 0.0507518 0.0445459 0.0487057 0.0493554 0.0590010 0.0429099 0.0567704 0.0548989 0.0499828 0.0557163 0.0490635 0.0334272 0.0530096 0.0385530 0.0529118 0.0431356 0.0585296 0.0386103 0.0403584 0.0397227 0.0518061 0.0416017 0.0620961 0.0641045 0.0410148 0.0536162 0.0533921 0.0558891 0.0551265 0.0491902 0.0622611 0.0558287 0.0539566 0.0553943 0.0511912 0.0876165 0.0927396 0.0588248 0.0708850 0.0394412 0.0544412 0.0466853 0.0563821 0.0527773 0.0400999 0.0517487 0.0510977 0.0546583 0.0507544 0.0469744 0.0432501 0.0536409 0.0546254 0.0433553 0.0417920 0.0517792 0.0421955 0.0452432 0.0461194 0.0782024 0.0571588 0.0538242 0.0441078 0.0431608 0.0523110 0.0416485 0.0382875 0.0416887 0.0501061 0.0393349 0.0524267 0.0413942 0.0348031 0.0570008 0.0501644 0.0479904 0.0458903 0.0385458 0.0406295 0.0607462 0.0380048 0.0423127 0.0403677 0.0396648 0.0520535 0.0517229 0.0427655 0.0410952 0.0493821 0.0523226 0.0459714 0.0432287 0.0387393 0.0592838 0.0427500 0.0583442 0.0629214 0.0767492 0.0496801 0.0382840 0.0423398 0.0384861 0.0599924 0.0494522 0.0482704 0.0758049 0.0406955 0.0676272 0.0445755 0.0467323 0.0384575 0.0503103 0.0622248 0.0440770 0.0622746 0.0454739 0.0505299 0.0491193 0.0392130 0.0407043 0.0383972 0.0515784 0.0423140 0.0597378 0.0510497 0.0396745 0.0608649 0.0834202 0.0497970 0.0521320 0.0375835 0.0435881 0.0424868 0.0425091 0.0413364 0.0424235 0.0538975 0.0564353 0.0539716 0.0474706 0.0581385 0.0534976 0.0446106 0.0990347 0.0404414 0.0493628 0.0584854 0.0418928 0.0405557 0.0398361 0.0434340 0.0815902 0.0403659 0.0589633 0.0589429 0.0560028 0.0574068 0.1478594 0.0549009 0.0629212 0.0589839 0.0542604 0.0464687 0.0544499 
I0187_115_Trogonidae_Trogon_elegans                    0.0391594 0.0523370 0.0000000 0.0525856 0.0609227 0.0178257 0.0466146 0.0500885 0.0615840 0.0646301 0.0460884 0.0611169 0.0584433 0.0571665 0.0585282 0.0499218 0.0353607 0.0565938 0.0405741 0.0569851 0.0454607 0.0616580 0.0409819 0.0419754 0.0417997 0.0520673 0.0437250 0.0664265 0.0675375 0.0428219 0.0581675 0.0569089 0.0592571 0.0589627 0.0497465 0.0668981 0.0584965 0.0577600 0.0597677 0.0559470 0.0919111 0.0973759 0.0632609 0.0739564 0.0515539 0.0567216 0.0487055 0.0601566 0.0568853 0.0422312 0.0534575 0.0554625 0.0578946 0.0518962 0.0506749 0.0458972 0.0574673 0.0574970 0.0451766 0.0444539 0.0551290 0.0439269 0.0472911 0.0490849 0.0815962 0.0611797 0.0572870 0.0463197 0.0449128 0.0560615 0.0439367 0.0401206 0.0437379 0.0528140 0.0523037 0.0578749 0.0438807 0.0366781 0.0606158 0.0527419 0.0511933 0.0471688 0.0400108 0.0500085 0.0642453 0.0398208 0.0434580 0.0419331 0.0413232 0.0530394 0.0528495 0.0445190 0.0420879 0.0508052 0.0548023 0.0470595 0.0457835 0.0405354 0.0626056 0.0449254 0.0611625 0.0673119 0.0800945 0.0518759 0.0412470 0.0446555 0.0403834 0.0630244 0.0529259 0.0513208 0.0798246 0.0424552 0.0710414 0.0467969 0.0492117 0.0394420 0.0526182 0.0640483 0.0467450 0.0650121 0.0475256 0.0538498 0.0518214 0.0396627 0.0422039 0.0394155 0.0547354 0.0448524 0.0623243 0.0537611 0.0415369 0.0639427 0.0872566 0.0539812 0.0565241 0.0396068 0.0454629 0.0440080 0.0442713 0.0417092 0.0438700 0.0560237 0.0585580 0.0567970 0.0496104 0.0600103 0.0570963 0.0473090 0.1023711 0.0430966 0.0505203 0.0624757 0.0434673 0.0432232 0.0411042 0.0457334 0.0865710 0.0410575 0.0631625 0.0626992 0.0598779 0.0603494 0.1486364 0.0577789 0.0668270 0.0642449 0.0567501 0.0493301 0.0570709 
I0188_135_Apodidae_Streptoprocne_zonaris               0.0392076 0.0497761 0.0525856 0.0000000 0.0564734 0.0509604 0.0443614 0.0458285 0.0596777 0.0607800 0.0433745 0.0577529 0.0553877 0.0551868 0.0538179 0.0471268 0.0333285 0.0531655 0.0365384 0.0534704 0.0416847 0.0581373 0.0379180 0.0376238 0.0375416 0.0486688 0.0403686 0.0619645 0.0649674 0.0404546 0.0528158 0.0529639 0.0444782 0.0445493 0.0455719 0.0633149 0.0545497 0.0531952 0.0553598 0.0519327 0.0866155 0.0920046 0.0599619 0.0717529 0.0504477 0.0516336 0.0466820 0.0566538 0.0525082 0.0386178 0.0500612 0.0506274 0.0531931 0.0472758 0.0440773 0.0412926 0.0530866 0.0231738 0.0431037 0.0384682 0.0517031 0.0400386 0.0410903 0.0432443 0.0773641 0.0575487 0.0539517 0.0428252 0.0429806 0.0521532 0.0406636 0.0389996 0.0407277 0.0487816 0.0502959 0.0537838 0.0389149 0.0357969 0.0460739 0.0487708 0.0470885 0.0425461 0.0370071 0.0475277 0.0617835 0.0358734 0.0402630 0.0405718 0.0364617 0.0491183 0.0488961 0.0419942 0.0394626 0.0479718 0.0507589 0.0421504 0.0421952 0.0371421 0.0600382 0.0401654 0.0579567 0.0650904 0.0759940 0.0495632 0.0370737 0.0427608 0.0368875 0.0589059 0.0208824 0.0470615 0.0742262 0.0387731 0.0673534 0.0428789 0.0395682 0.0363904 0.0488489 0.0590057 0.0411867 0.0601305 0.0429717 0.0490306 0.0465344 0.0367170 0.0384679 0.0366556 0.0503950 0.0406832 0.0597105 0.0473126 0.0372586 0.0602496 0.0818766 0.0499260 0.0517320 0.0349148 0.0401405 0.0404594 0.0412640 0.0405475 0.0413452 0.0507065 0.0522356 0.0517166 0.0452041 0.0560840 0.0533405 0.0430384 0.0978270 0.0390275 0.0464945 0.0592116 0.0391755 0.0412800 0.0380669 0.0427964 0.0805245 0.0396505 0.0597484 0.0589967 0.0567433 0.0556826 0.1453747 0.0558886 0.0630669 0.0588582 0.0519336 0.0469888 0.0523758 
I0189_225_Eurylaimidae_Smithornis_rufolateralis        0.0446645 0.0562181 0.0609227 0.0564734 0.0000000 0.0591834 0.0525421 0.0557500 0.0661366 0.0684233 0.0499810 0.0436469 0.0624074 0.0634368 0.0366896 0.0588077 0.0407584 0.0353100 0.0467058 0.0353458 0.0504744 0.0392424 0.0457425 0.0468759 0.0471884 0.0584266 0.0491630 0.0496862 0.0532301 0.0480379 0.0351651 0.0350111 0.0634090 0.0622136 0.0562332 0.0497440 0.0369750 0.0363614 0.0371577 0.0343845 0.0952576 0.1015965 0.0473376 0.0771401 0.0558130 0.0602265 0.0536708 0.0383858 0.0351567 0.0489133 0.0547837 0.0336527 0.0368295 0.0568291 0.0551726 0.0509216 0.0357118 0.0621069 0.0495776 0.0490769 0.0349655 0.0490587 0.0514092 0.0536550 0.0849902 0.0387580 0.0356064 0.0516464 0.0494612 0.0347282 0.0474666 0.0454620 0.0498055 0.0550412 0.0548237 0.0597429 0.0466791 0.0427637 0.0639320 0.0574453 0.0532290 0.0528202 0.0473994 0.0528887 0.0685773 0.0455810 0.0501039 0.0473756 0.0464953 0.0565277 0.0578438 0.0500145 0.0480472 0.0564376 0.0567103 0.0521743 0.0500475 0.0466256 0.0420852 0.0505782 0.0456426 0.0522508 0.0840109 0.0536844 0.0465541 0.0492667 0.0466858 0.0302871 0.0560663 0.0544321 0.0823188 0.0474835 0.0758132 0.0510983 0.0534024 0.0463520 0.0576051 0.0666171 0.0524160 0.0336120 0.0543732 0.0588567 0.0554767 0.0467765 0.0497779 0.0465924 0.0584427 0.0506763 0.0664776 0.0555260 0.0478123 0.0674590 0.0893174 0.0379450 0.0346566 0.0457136 0.0495360 0.0507704 0.0505671 0.0472485 0.0503047 0.0597862 0.0613612 0.0615068 0.0570803 0.0393352 0.0357705 0.0537640 0.1079744 0.0496292 0.0567521 0.0305193 0.0487187 0.0473134 0.0466712 0.0512947 0.0893260 0.0468163 0.0474299 0.0471013 0.0429713 0.0232024 0.1513371 0.0437196 0.0497302 0.0475830 0.0624174 0.0543763 0.0420237 
I0190_295_Trogonidae_Apaloderma_aequatoriale           0.0382203 0.0507518 0.0178257 0.0509604 0.0591834 0.0000000 0.0440979 0.0481129 0.0601837 0.0635812 0.0432545 0.0590271 0.0563964 0.0556627 0.0566280 0.0483860 0.0334521 0.0543219 0.0386685 0.0546549 0.0442751 0.0598620 0.0402019 0.0406961 0.0402684 0.0509021 0.0420669 0.0646275 0.0662283 0.0412600 0.0559460 0.0544767 0.0569256 0.0566563 0.0481619 0.0651103 0.0575592 0.0552471 0.0577352 0.0539720 0.0904852 0.0959292 0.0613941 0.0717373 0.0499064 0.0552554 0.0471102 0.0583147 0.0550731 0.0411025 0.0518644 0.0540396 0.0561004 0.0503875 0.0490026 0.0443931 0.0554158 0.0563897 0.0435673 0.0427321 0.0534694 0.0428112 0.0461779 0.0479312 0.0797482 0.0592552 0.0559261 0.0446413 0.0435007 0.0544314 0.0423744 0.0390544 0.0433501 0.0515413 0.0511993 0.0558624 0.0408262 0.0350978 0.0586251 0.0522584 0.0496405 0.0461139 0.0380485 0.0487730 0.0639426 0.0376719 0.0421692 0.0405913 0.0396718 0.0514586 0.0513229 0.0430779 0.0406775 0.0500973 0.0529155 0.0461671 0.0442176 0.0393627 0.0609376 0.0437760 0.0597387 0.0653371 0.0787687 0.0508713 0.0394329 0.0431235 0.0383933 0.0618386 0.0511383 0.0496601 0.0779264 0.0409422 0.0692057 0.0454697 0.0474636 0.0375132 0.0507973 0.0626142 0.0456943 0.0635225 0.0464714 0.0523749 0.0504738 0.0382447 0.0407134 0.0378481 0.0535722 0.0438021 0.0621741 0.0521765 0.0396851 0.0623759 0.0849922 0.0519892 0.0550177 0.0373760 0.0430656 0.0420155 0.0427503 0.0404827 0.0419606 0.0550699 0.0569745 0.0559122 0.0475600 0.0581808 0.0551726 0.0457165 0.1005162 0.0413550 0.0490864 0.0613571 0.0416320 0.0418510 0.0397714 0.0439798 0.0843199 0.0397817 0.0617713 0.0615529 0.0583563 0.0588023 0.1476522 0.0563578 0.0652494 0.0629718 0.0552803 0.0479047 0.0559390 
I0192_375_Musophagidae_Tauraco_macrorhynchus           0.0317469 0.0445459 0.0466146 0.0443614 0.0525421 0.0440979 0.0000000 0.0398275 0.0560029 0.0583490 0.0197808 0.0534674 0.0506427 0.0506482 0.0502691 0.0402548 0.0268366 0.0490221 0.0305729 0.0495429 0.0347632 0.0549740 0.0328393 0.0312030 0.0302088 0.0426017 0.0330210 0.0593769 0.0611535 0.0343473 0.0503236 0.0498784 0.0508961 0.0504919 0.0401682 0.0596893 0.0503044 0.0505108 0.0525698 0.0479908 0.0816879 0.0872598 0.0557711 0.0685868 0.0429450 0.0488786 0.0408009 0.0532642 0.0492717 0.0318931 0.0450181 0.0469123 0.0488690 0.0410925 0.0411092 0.0348230 0.0496746 0.0499982 0.0366085 0.0331595 0.0480322 0.0347143 0.0378786 0.0405224 0.0702861 0.0537074 0.0498748 0.0368599 0.0369875 0.0483635 0.0360009 0.0317675 0.0333366 0.0441056 0.0453953 0.0506747 0.0321628 0.0291830 0.0526087 0.0437491 0.0423643 0.0370581 0.0304608 0.0419699 0.0578751 0.0293973 0.0332855 0.0330812 0.0308574 0.0443790 0.0443119 0.0367486 0.0322758 0.0401414 0.0461827 0.0376565 0.0344006 0.0295144 0.0553602 0.0339954 0.0538879 0.0614104 0.0690455 0.0434888 0.0307759 0.0358609 0.0297769 0.0550731 0.0436484 0.0423709 0.0683996 0.0322398 0.0645610 0.0362779 0.0387403 0.0288776 0.0423029 0.0560001 0.0376130 0.0571939 0.0362765 0.0445214 0.0412357 0.0292970 0.0330534 0.0286578 0.0456229 0.0338937 0.0534434 0.0420937 0.0307848 0.0543621 0.0760853 0.0469230 0.0485804 0.0286097 0.0343629 0.0343280 0.0345346 0.0341070 0.0339764 0.0467376 0.0490307 0.0479546 0.0393973 0.0528476 0.0500647 0.0378991 0.0918969 0.0338134 0.0398474 0.0544215 0.0331278 0.0346239 0.0307232 0.0365181 0.0745732 0.0330940 0.0568012 0.0565310 0.0523304 0.0530680 0.1422539 0.0510976 0.0592273 0.0565719 0.0475956 0.0420282 0.0494590 
I0193_447_Columbidae_Treron_calvus                     0.0354262 0.0487057 0.0500885 0.0458285 0.0557500 0.0481129 0.0398275 0.0000000 0.0575034 0.0609276 0.0394720 0.0551123 0.0523350 0.0524513 0.0533713 0.0441747 0.0255467 0.0512781 0.0339634 0.0521434 0.0393744 0.0569080 0.0365920 0.0348155 0.0349906 0.0166356 0.0367935 0.0609433 0.0623351 0.0387725 0.0522316 0.0524944 0.0528068 0.0527932 0.0147464 0.0616536 0.0532222 0.0529045 0.0552721 0.0508347 0.0848912 0.0898544 0.0581880 0.0691753 0.0465303 0.0517420 0.0446692 0.0559521 0.0519583 0.0359848 0.0495584 0.0499977 0.0530058 0.0162292 0.0428756 0.0383995 0.0523594 0.0510627 0.0418693 0.0365561 0.0508515 0.0376691 0.0409760 0.0427430 0.0745861 0.0554607 0.0532671 0.0407653 0.0414591 0.0515215 0.0266309 0.0356404 0.0378627 0.0489693 0.0484757 0.0538377 0.0359398 0.0324970 0.0529582 0.0470912 0.0471209 0.0405902 0.0344939 0.0442734 0.0601531 0.0325492 0.0366071 0.0375925 0.0343445 0.0458278 0.0454435 0.0397749 0.0353131 0.0442170 0.0495750 0.0408286 0.0387218 0.0341602 0.0583812 0.0373010 0.0559139 0.0622987 0.0726132 0.0479600 0.0345167 0.0406944 0.0343573 0.0591535 0.0448437 0.0467969 0.0714714 0.0354616 0.0668523 0.0403301 0.0416934 0.0323543 0.0453401 0.0584700 0.0404884 0.0601785 0.0408730 0.0466875 0.0449817 0.0330559 0.0372221 0.0328526 0.0482351 0.0382298 0.0583134 0.0457854 0.0348806 0.0587066 0.0794238 0.0486845 0.0506893 0.0325142 0.0379640 0.0379771 0.0374717 0.0381763 0.0371184 0.0515283 0.0525220 0.0505448 0.0429556 0.0550373 0.0526799 0.0407430 0.0938626 0.0372411 0.0135918 0.0575206 0.0356698 0.0383329 0.0337950 0.0404790 0.0778487 0.0372008 0.0584113 0.0580959 0.0540613 0.0561410 0.1436979 0.0523665 0.0605244 0.0575373 0.0506504 0.0450681 0.0530887 
I0194_495_Alcedinidae_Alcedo_quadribrachys             0.0488957 0.0493554 0.0615840 0.0596777 0.0661366 0.0601837 0.0560029 0.0575034 0.0000000 0.0673348 0.0551426 0.0662508 0.0666452 0.0600282 0.0654373 0.0603553 0.0446239 0.0633356 0.0509554 0.0637275 0.0553585 0.0683270 0.0490319 0.0519864 0.0520546 0.0607362 0.0526720 0.0692153 0.0725904 0.0533933 0.0643328 0.0633255 0.0655682 0.0651635 0.0573798 0.0699104 0.0658034 0.0639866 0.0659043 0.0614506 0.0950239 0.1005671 0.0672593 0.0806241 0.0493666 0.0642340 0.0582103 0.0673606 0.0632819 0.0516738 0.0618006 0.0620174 0.0638985 0.0589321 0.0588191 0.0555262 0.0637393 0.0628837 0.0551515 0.0523549 0.0623818 0.0535048 0.0561354 0.0567802 0.0881513 0.0671162 0.0633854 0.0538198 0.0548692 0.0630281 0.0507461 0.0495648 0.0544453 0.0613177 0.0405084 0.0627642 0.0527688 0.0474596 0.0662136 0.0619807 0.0593247 0.0574953 0.0505595 0.0525270 0.0688050 0.0489829 0.0536331 0.0501616 0.0508923 0.0604531 0.0602206 0.0542448 0.0524633 0.0606850 0.0632070 0.0568174 0.0542952 0.0513828 0.0685079 0.0538327 0.0664549 0.0709625 0.0858835 0.0609972 0.0509064 0.0545836 0.0512106 0.0694178 0.0588325 0.0592355 0.0848948 0.0520580 0.0768345 0.0566944 0.0579712 0.0506867 0.0614383 0.0706319 0.0553226 0.0701769 0.0566679 0.0640318 0.0597645 0.0509324 0.0517795 0.0509910 0.0609905 0.0548467 0.0685373 0.0605160 0.0511413 0.0698058 0.0932131 0.0601125 0.0626018 0.0496190 0.0538531 0.0530072 0.0541286 0.0523382 0.0530538 0.0635591 0.0657899 0.0629354 0.0596501 0.0672948 0.0633757 0.0560617 0.1083674 0.0520329 0.0582313 0.0676251 0.0531908 0.0514223 0.0506886 0.0531750 0.0920812 0.0509335 0.0657567 0.0676170 0.0651193 0.0673783 0.1518681 0.0642515 0.0703172 0.0674693 0.0656704 0.0586076 0.0634157 
I0195_522_Ramphastidae_Buccanodon_duchaillui           0.0505441 0.0590010 0.0646301 0.0607800 0.0684233 0.0635812 0.0583490 0.0609276 0.0673348 0.0000000 0.0562938 0.0675064 0.0646536 0.0661089 0.0657105 0.0595295 0.0458599 0.0643111 0.0525982 0.0642995 0.0563517 0.0685357 0.0513962 0.0524914 0.0535413 0.0621393 0.0540338 0.0712186 0.0751819 0.0535935 0.0647150 0.0641020 0.0685722 0.0674569 0.0599550 0.0718297 0.0669439 0.0639912 0.0660424 0.0630235 0.0956491 0.1023916 0.0699491 0.0805586 0.0599646 0.0649388 0.0582032 0.0678028 0.0637774 0.0539465 0.0603846 0.0626221 0.0657648 0.0617181 0.0611852 0.0558460 0.0640336 0.0650660 0.0555550 0.0543409 0.0623450 0.0553085 0.0568578 0.0588289 0.0897776 0.0684575 0.0650404 0.0553014 0.0558315 0.0626813 0.0478255 0.0522254 0.0552618 0.0600813 0.0583944 0.0596324 0.0534862 0.0481238 0.0686317 0.0583520 0.0586152 0.0590144 0.0530110 0.0563296 0.0247206 0.0511144 0.0543989 0.0523701 0.0528585 0.0619686 0.0638961 0.0535795 0.0532089 0.0618210 0.0616195 0.0572774 0.0561390 0.0527534 0.0715130 0.0553509 0.0680343 0.0744540 0.0887592 0.0595752 0.0519508 0.0542245 0.0523881 0.0696604 0.0612887 0.0580632 0.0870732 0.0530908 0.0764907 0.0569825 0.0585721 0.0517543 0.0624824 0.0723035 0.0567523 0.0718295 0.0583979 0.0594110 0.0599363 0.0527455 0.0542596 0.0519102 0.0633320 0.0558048 0.0712540 0.0603770 0.0530047 0.0721073 0.0942253 0.0633044 0.0633398 0.0526701 0.0544209 0.0558139 0.0555956 0.0537563 0.0563036 0.0651020 0.0640553 0.0649043 0.0587384 0.0679099 0.0645480 0.0554200 0.1099819 0.0541841 0.0615982 0.0696407 0.0542873 0.0517268 0.0517821 0.0556079 0.0915298 0.0530354 0.0687593 0.0700448 0.0673412 0.0689042 0.1497925 0.0666667 0.0734282 0.0685954 0.0636338 0.0576289 0.0635738 
I0196_523_Musophagidae_Corythaeola_cristata            0.0299202 0.0429099 0.0460884 0.0433745 0.0499810 0.0432545 0.0197808 0.0394720 0.0551426 0.0562938 0.0000000 0.0523788 0.0486794 0.0478507 0.0487485 0.0394826 0.0254632 0.0468893 0.0287002 0.0468121 0.0341971 0.0517361 0.0313464 0.0302472 0.0289110 0.0424244 0.0326423 0.0582210 0.0590767 0.0340465 0.0483199 0.0468750 0.0483922 0.0484908 0.0396617 0.0581054 0.0486576 0.0484234 0.0502524 0.0457575 0.0804151 0.0860445 0.0546894 0.0672223 0.0424413 0.0478089 0.0397045 0.0510236 0.0471042 0.0310176 0.0441872 0.0447762 0.0482213 0.0406459 0.0388005 0.0335576 0.0478396 0.0486648 0.0356280 0.0321966 0.0458058 0.0330132 0.0368035 0.0379875 0.0689470 0.0510835 0.0472426 0.0354703 0.0361345 0.0463225 0.0354478 0.0303237 0.0326864 0.0433633 0.0441265 0.0492084 0.0314851 0.0270657 0.0502275 0.0424802 0.0418709 0.0362468 0.0292702 0.0411218 0.0560412 0.0282082 0.0321366 0.0327038 0.0290232 0.0426288 0.0426734 0.0365881 0.0314204 0.0382133 0.0455672 0.0359766 0.0342439 0.0283042 0.0533654 0.0327524 0.0516523 0.0594257 0.0677011 0.0433982 0.0292143 0.0349103 0.0287984 0.0526499 0.0425807 0.0417116 0.0668304 0.0309801 0.0626951 0.0359776 0.0379739 0.0281656 0.0406989 0.0560409 0.0355798 0.0562599 0.0364993 0.0430642 0.0396683 0.0289320 0.0320384 0.0279549 0.0442360 0.0327470 0.0536026 0.0408799 0.0296711 0.0547422 0.0745203 0.0447580 0.0463201 0.0268797 0.0330394 0.0331711 0.0330572 0.0333097 0.0330324 0.0471816 0.0484265 0.0463140 0.0385748 0.0506097 0.0483388 0.0366561 0.0900519 0.0323966 0.0398664 0.0523724 0.0307024 0.0333251 0.0294651 0.0349594 0.0725212 0.0321257 0.0548419 0.0551576 0.0511382 0.0503876 0.1430547 0.0485691 0.0579260 0.0551148 0.0454453 0.0411088 0.0482233 
I0197_832_Corvidae_Corvus_albus                        0.0453325 0.0567704 0.0611169 0.0577529 0.0436469 0.0590271 0.0534674 0.0551123 0.0662508 0.0675064 0.0523788 0.0000000 0.0621466 0.0620590 0.0419836 0.0580125 0.0411705 0.0397700 0.0475232 0.0399269 0.0513262 0.0458834 0.0469223 0.0474876 0.0476916 0.0583622 0.0496862 0.0293008 0.0312885 0.0482991 0.0400814 0.0400651 0.0634897 0.0624989 0.0560321 0.0301092 0.0422029 0.0404694 0.0427279 0.0380139 0.0936952 0.0993674 0.0266948 0.0770776 0.0557548 0.0606107 0.0551333 0.0440895 0.0394177 0.0479430 0.0561806 0.0380363 0.0423470 0.0572752 0.0561780 0.0511552 0.0395711 0.0623828 0.0504657 0.0498898 0.0390508 0.0487957 0.0517653 0.0548872 0.0851469 0.0449878 0.0400087 0.0519844 0.0500607 0.0390082 0.0485214 0.0457399 0.0507920 0.0557476 0.0561607 0.0607096 0.0483853 0.0433727 0.0636188 0.0584524 0.0536250 0.0543764 0.0476284 0.0537198 0.0683620 0.0451974 0.0502798 0.0484172 0.0475014 0.0579236 0.0582225 0.0505500 0.0489945 0.0572937 0.0577765 0.0526840 0.0508315 0.0470657 0.0466340 0.0501016 0.0319833 0.0341552 0.0835273 0.0551668 0.0476633 0.0505639 0.0465231 0.0452927 0.0570449 0.0543863 0.0826218 0.0482465 0.0760091 0.0526823 0.0541031 0.0454030 0.0581243 0.0689157 0.0529694 0.0492551 0.0538100 0.0593915 0.0569025 0.0461656 0.0490370 0.0456800 0.0602367 0.0511524 0.0662575 0.0588763 0.0481420 0.0665010 0.0907852 0.0292559 0.0384265 0.0462570 0.0498551 0.0506432 0.0505123 0.0485164 0.0502511 0.0598670 0.0627202 0.0622530 0.0564958 0.0453424 0.0396553 0.0538004 0.1049635 0.0494503 0.0564666 0.0451013 0.0485744 0.0481729 0.0476511 0.0516064 0.0898082 0.0478502 0.0273550 0.0271513 0.0149614 0.0430876 0.1529925 0.0299695 0.0298685 0.0272126 0.0616251 0.0541497 0.0456882 
I0198_937_Bucerotidae_Tockus_camurus                   0.0428273 0.0548989 0.0584433 0.0553877 0.0624074 0.0563964 0.0506427 0.0523350 0.0666452 0.0646536 0.0486794 0.0621466 0.0000000 0.0596631 0.0610094 0.0526069 0.0372653 0.0591438 0.0436048 0.0596419 0.0486187 0.0652304 0.0436106 0.0449918 0.0439493 0.0549592 0.0468560 0.0682498 0.0711779 0.0470831 0.0591395 0.0584396 0.0619128 0.0615735 0.0529530 0.0688324 0.0620107 0.0581177 0.0623123 0.0573515 0.0948089 0.0991867 0.0663026 0.0696521 0.0528397 0.0593419 0.0516773 0.0637354 0.0580196 0.0447454 0.0558118 0.0570360 0.0612992 0.0538928 0.0520368 0.0475317 0.0592910 0.0597349 0.0485553 0.0466447 0.0579017 0.0465328 0.0495943 0.0518827 0.0838777 0.0641546 0.0591149 0.0489123 0.0482790 0.0577434 0.0450356 0.0435239 0.0467784 0.0556718 0.0551146 0.0598528 0.0456777 0.0365720 0.0624877 0.0532133 0.0537530 0.0510561 0.0434427 0.0511491 0.0647068 0.0425508 0.0465155 0.0454218 0.0437110 0.0554249 0.0551335 0.0488300 0.0457723 0.0549814 0.0562964 0.0511383 0.0469099 0.0433647 0.0661239 0.0461632 0.0642559 0.0708926 0.0822955 0.0557827 0.0436425 0.0474754 0.0434975 0.0642936 0.0543322 0.0535006 0.0805997 0.0452028 0.0663649 0.0493679 0.0519571 0.0425400 0.0554469 0.0663711 0.0500008 0.0678675 0.0504030 0.0542613 0.0533369 0.0433078 0.0455170 0.0426786 0.0569547 0.0478764 0.0660422 0.0543953 0.0441892 0.0676373 0.0885207 0.0567566 0.0585301 0.0423857 0.0469957 0.0470303 0.0474212 0.0466080 0.0476895 0.0581023 0.0599415 0.0592482 0.0512340 0.0636737 0.0601079 0.0493185 0.1033180 0.0461471 0.0529740 0.0648380 0.0465924 0.0448614 0.0436502 0.0469282 0.0871104 0.0457265 0.0639662 0.0665536 0.0616123 0.0630305 0.1512413 0.0610635 0.0686012 0.0661522 0.0577025 0.0235534 0.0598140 
I0199_955_Meropidae_Merops_muelleri                    0.0434819 0.0499828 0.0571665 0.0551868 0.0634368 0.0556627 0.0506482 0.0524513 0.0600282 0.0661089 0.0478507 0.0620590 0.0596631 0.0000000 0.0611675 0.0533494 0.0376074 0.0587685 0.0439842 0.0581576 0.0478948 0.0639029 0.0445733 0.0463924 0.0451774 0.0557038 0.0466505 0.0664408 0.0683989 0.0469419 0.0600387 0.0591223 0.0604606 0.0603454 0.0530878 0.0670062 0.0612198 0.0598451 0.0623453 0.0576983 0.0914952 0.0965412 0.0634313 0.0766088 0.0476110 0.0592843 0.0523829 0.0628433 0.0587937 0.0458746 0.0581532 0.0575370 0.0600632 0.0544317 0.0533939 0.0496886 0.0586984 0.0597701 0.0494202 0.0474495 0.0570219 0.0474106 0.0496497 0.0523378 0.0828293 0.0632779 0.0589460 0.0500575 0.0490229 0.0576195 0.0455066 0.0446728 0.0476067 0.0568445 0.0500954 0.0601825 0.0471896 0.0397114 0.0604449 0.0551769 0.0550599 0.0512485 0.0442448 0.0469590 0.0659909 0.0423367 0.0477542 0.0463958 0.0446746 0.0576939 0.0574725 0.0489516 0.0458544 0.0545697 0.0582004 0.0517355 0.0488727 0.0439309 0.0640716 0.0483658 0.0618100 0.0666255 0.0812015 0.0564574 0.0449566 0.0493020 0.0437851 0.0657550 0.0563115 0.0541883 0.0802786 0.0451879 0.0728118 0.0502432 0.0507486 0.0429794 0.0543619 0.0686429 0.0504535 0.0688031 0.0512433 0.0548771 0.0554385 0.0440791 0.0462461 0.0431298 0.0566502 0.0479994 0.0632802 0.0552945 0.0457619 0.0635120 0.0886399 0.0549036 0.0587374 0.0428042 0.0475122 0.0477909 0.0482309 0.0459606 0.0476168 0.0600933 0.0608890 0.0587016 0.0521219 0.0618854 0.0582927 0.0507716 0.1011911 0.0466566 0.0534102 0.0649938 0.0464803 0.0463931 0.0450578 0.0467503 0.0858916 0.0450729 0.0629546 0.0638471 0.0608022 0.0630258 0.1501152 0.0581157 0.0673365 0.0633953 0.0581186 0.0529485 0.0596178 
I0200_988_Furnariidae_Furnarius_rufus                  0.0430601 0.0557163 0.0585282 0.0538179 0.0366896 0.0566280 0.0502691 0.0533713 0.0654373 0.0657105 0.0487485 0.0419836 0.0610094 0.0611675 0.0000000 0.0557843 0.0389771 0.0308238 0.0435175 0.0314706 0.0488794 0.0284333 0.0446112 0.0446822 0.0449202 0.0557133 0.0461738 0.0476018 0.0502599 0.0462059 0.0313266 0.0319857 0.0601413 0.0596720 0.0539616 0.0500857 0.0147930 0.0321287 0.0343652 0.0308797 0.0938137 0.0991545 0.0450721 0.0737343 0.0531856 0.0586634 0.0521257 0.0277601 0.0312127 0.0454640 0.0537788 0.0297284 0.0145417 0.0551945 0.0533842 0.0476306 0.0311071 0.0592930 0.0477187 0.0468761 0.0307762 0.0474804 0.0490050 0.0523427 0.0823505 0.0274109 0.0321347 0.0487420 0.0478476 0.0306684 0.0449542 0.0433083 0.0480945 0.0535539 0.0536153 0.0588115 0.0455651 0.0401658 0.0613754 0.0549033 0.0527822 0.0503032 0.0452522 0.0517398 0.0659955 0.0434159 0.0477883 0.0460428 0.0452717 0.0551266 0.0549599 0.0481197 0.0460645 0.0547489 0.0553122 0.0508934 0.0484159 0.0443742 0.0301180 0.0476749 0.0421842 0.0513885 0.0814360 0.0532902 0.0450240 0.0473005 0.0450171 0.0389400 0.0529398 0.0529091 0.0802368 0.0446787 0.0725240 0.0499303 0.0517470 0.0434359 0.0570328 0.0653354 0.0503117 0.0416953 0.0522306 0.0567605 0.0534589 0.0443757 0.0462706 0.0438285 0.0561379 0.0484090 0.0647439 0.0550669 0.0451716 0.0657039 0.0870735 0.0361325 0.0308633 0.0436524 0.0477692 0.0477656 0.0476172 0.0456580 0.0485839 0.0571705 0.0599640 0.0585965 0.0543891 0.0273989 0.0315444 0.0517579 0.1051606 0.0471232 0.0549608 0.0391109 0.0461405 0.0458537 0.0442671 0.0490083 0.0865954 0.0448100 0.0460430 0.0457645 0.0418303 0.0365783 0.1504869 0.0402232 0.0479894 0.0457177 0.0592728 0.0517404 0.0420378 
I0201_999_Scolopacidae_Tringa_solitaria                0.0351242 0.0490635 0.0499218 0.0471268 0.0588077 0.0483860 0.0402548 0.0441747 0.0603553 0.0595295 0.0394826 0.0580125 0.0526069 0.0533494 0.0557843 0.0000000 0.0306550 0.0528186 0.0340495 0.0534282 0.0326204 0.0587582 0.0368755 0.0312062 0.0355289 0.0469512 0.0327633 0.0632939 0.0658553 0.0389173 0.0544269 0.0541835 0.0549035 0.0545210 0.0444661 0.0639200 0.0551972 0.0537145 0.0560044 0.0515487 0.0852118 0.0900219 0.0600842 0.0712916 0.0480311 0.0526337 0.0446573 0.0583653 0.0532501 0.0363714 0.0494054 0.0513205 0.0552824 0.0462844 0.0443899 0.0387989 0.0539700 0.0513797 0.0405379 0.0375866 0.0529107 0.0384290 0.0420836 0.0424370 0.0747789 0.0575364 0.0536227 0.0411471 0.0403634 0.0530770 0.0400647 0.0355494 0.0308313 0.0479194 0.0492162 0.0536398 0.0372062 0.0311449 0.0558349 0.0301392 0.0460060 0.0417369 0.0342716 0.0465445 0.0603450 0.0329359 0.0328768 0.0377997 0.0351243 0.0469751 0.0469103 0.0404048 0.0318582 0.0425285 0.0497434 0.0412519 0.0397853 0.0343744 0.0594542 0.0381188 0.0572423 0.0646340 0.0729854 0.0474815 0.0344545 0.0404391 0.0342101 0.0607524 0.0449755 0.0465292 0.0732191 0.0372750 0.0667910 0.0335042 0.0420519 0.0326009 0.0462652 0.0602123 0.0407392 0.0634990 0.0347516 0.0310943 0.0452231 0.0336909 0.0372496 0.0330504 0.0497927 0.0310079 0.0574820 0.0464340 0.0354887 0.0588552 0.0808714 0.0498982 0.0531327 0.0331322 0.0387230 0.0393837 0.0385332 0.0380322 0.0384351 0.0515466 0.0529813 0.0517354 0.0140989 0.0580466 0.0545460 0.0159760 0.0950799 0.0380154 0.0448984 0.0607317 0.0367797 0.0387055 0.0351279 0.0395846 0.0792136 0.0376212 0.0600810 0.0606242 0.0560715 0.0583316 0.1488393 0.0555262 0.0632508 0.0605238 0.0321628 0.0447663 0.0544443 
I0202_1066_Cathartidae_Cathartes_burrovianus           0.0192497 0.0334272 0.0353607 0.0333285 0.0407584 0.0334521 0.0268366 0.0255467 0.0446239 0.0458599 0.0254632 0.0411705 0.0372653 0.0376074 0.0389771 0.0306550 0.0000000 0.0367828 0.0194182 0.0370403 0.0252129 0.0418805 0.0202104 0.0215298 0.0202562 0.0306514 0.0224344 0.0473258 0.0489696 0.0224013 0.0375546 0.0370210 0.0397786 0.0398383 0.0283478 0.0475008 0.0389123 0.0375686 0.0402316 0.0356448 0.0718356 0.0774558 0.0439298 0.0555456 0.0310487 0.0379390 0.0292164 0.0411643 0.0369882 0.0215454 0.0336473 0.0352062 0.0385748 0.0294422 0.0290742 0.0246814 0.0375076 0.0389883 0.0254113 0.0227017 0.0362393 0.0232882 0.0275443 0.0293071 0.0604526 0.0406640 0.0380319 0.0260167 0.0251614 0.0360366 0.0246064 0.0201699 0.0235819 0.0322362 0.0331201 0.0382334 0.0216151 0.0048441 0.0405691 0.0341346 0.0306689 0.0279875 0.0190953 0.0294631 0.0458329 0.0184376 0.0231451 0.0217832 0.0201633 0.0333186 0.0331723 0.0248313 0.0221476 0.0305189 0.0338976 0.0270212 0.0242686 0.0195372 0.0435201 0.0237895 0.0419118 0.0489865 0.0593599 0.0323298 0.0199326 0.0242147 0.0192965 0.0432562 0.0331256 0.0305472 0.0589231 0.0215336 0.0529443 0.0260448 0.0291506 0.0178395 0.0329018 0.0441777 0.0265472 0.0452334 0.0273029 0.0345578 0.0315132 0.0187645 0.0222484 0.0182415 0.0355675 0.0243254 0.0430268 0.0322468 0.0203391 0.0446238 0.0656573 0.0340298 0.0365112 0.0182516 0.0238092 0.0241509 0.0243592 0.0220351 0.0239449 0.0366580 0.0385855 0.0375167 0.0294837 0.0404563 0.0378869 0.0272484 0.0816117 0.0229054 0.0276480 0.0430608 0.0229610 0.0220452 0.0194767 0.0244924 0.0646314 0.0212265 0.0452065 0.0442805 0.0404098 0.0407811 0.1325535 0.0385529 0.0470419 0.0446804 0.0370913 0.0293895 0.0375089 
I0203_1087_Tyrannidae_Hymenops_perspicillatus          0.0407119 0.0530096 0.0565938 0.0531655 0.0353100 0.0543219 0.0490221 0.0512781 0.0633356 0.0643111 0.0468893 0.0397700 0.0591438 0.0587685 0.0308238 0.0528186 0.0367828 0.0000000 0.0424486 0.0101053 0.0461846 0.0340355 0.0420713 0.0427295 0.0436934 0.0543592 0.0440905 0.0460170 0.0486487 0.0438660 0.0185011 0.0181422 0.0589140 0.0573739 0.0513827 0.0464579 0.0309201 0.0167408 0.0181738 0.0174296 0.0895628 0.0969713 0.0418165 0.0746085 0.0507103 0.0580270 0.0504560 0.0332789 0.0173895 0.0430943 0.0522879 0.0172173 0.0308892 0.0525921 0.0521010 0.0467335 0.0082459 0.0580490 0.0459364 0.0449490 0.0172001 0.0456088 0.0474350 0.0506021 0.0813953 0.0330683 0.0181782 0.0476430 0.0461110 0.0172524 0.0441555 0.0412228 0.0450476 0.0519387 0.0523308 0.0572619 0.0437912 0.0387055 0.0595354 0.0539910 0.0499841 0.0479873 0.0421589 0.0497531 0.0653121 0.0411302 0.0452711 0.0438609 0.0434446 0.0540344 0.0547104 0.0462449 0.0434999 0.0536831 0.0541592 0.0493863 0.0462388 0.0428391 0.0347471 0.0461233 0.0400147 0.0472174 0.0803903 0.0514874 0.0427789 0.0457460 0.0425727 0.0381673 0.0524567 0.0504818 0.0791605 0.0432887 0.0727156 0.0475667 0.0505985 0.0416568 0.0536902 0.0659354 0.0484918 0.0403623 0.0500355 0.0541336 0.0535672 0.0426536 0.0452854 0.0416833 0.0553758 0.0468850 0.0614772 0.0536283 0.0433025 0.0627687 0.0861578 0.0336644 0.0179970 0.0424098 0.0464594 0.0469850 0.0460875 0.0438498 0.0463949 0.0575368 0.0584187 0.0583431 0.0521941 0.0338034 0.0107003 0.0494390 0.1024445 0.0457094 0.0523942 0.0376687 0.0446906 0.0440385 0.0424700 0.0462940 0.0870571 0.0425423 0.0429732 0.0434261 0.0390452 0.0361240 0.1477290 0.0374572 0.0453991 0.0429289 0.0580863 0.0508348 0.0402134 
I0204_1174_Threskiornithidae_Harpiprion_caerulescens   0.0244147 0.0385530 0.0405741 0.0365384 0.0467058 0.0386685 0.0305729 0.0339634 0.0509554 0.0525982 0.0287002 0.0475232 0.0436048 0.0439842 0.0435175 0.0340495 0.0194182 0.0424486 0.0000000 0.0430281 0.0288669 0.0476618 0.0252026 0.0247982 0.0212287 0.0363861 0.0270705 0.0543162 0.0561856 0.0278024 0.0437259 0.0435304 0.0438605 0.0442152 0.0336847 0.0538821 0.0439934 0.0439544 0.0465346 0.0423611 0.0726423 0.0817885 0.0506402 0.0619871 0.0375718 0.0411123 0.0343201 0.0474655 0.0427495 0.0223797 0.0385108 0.0412426 0.0432644 0.0355372 0.0330656 0.0252695 0.0426953 0.0424017 0.0302301 0.0264272 0.0421991 0.0233986 0.0306899 0.0323925 0.0659991 0.0469893 0.0441091 0.0290643 0.0303861 0.0420218 0.0298072 0.0248649 0.0275114 0.0373659 0.0394330 0.0441509 0.0221888 0.0215265 0.0453078 0.0379267 0.0362065 0.0309037 0.0210626 0.0349760 0.0511059 0.0216313 0.0265754 0.0268310 0.0216322 0.0368150 0.0362134 0.0294762 0.0254613 0.0332112 0.0393814 0.0284715 0.0280883 0.0205934 0.0497176 0.0240419 0.0479275 0.0552860 0.0641598 0.0378377 0.0202660 0.0293158 0.0211741 0.0488390 0.0356393 0.0361884 0.0629567 0.0220324 0.0584469 0.0306121 0.0320933 0.0197653 0.0356268 0.0489280 0.0299005 0.0511987 0.0310734 0.0395641 0.0353096 0.0203733 0.0256203 0.0198382 0.0384442 0.0285216 0.0488739 0.0360733 0.0216800 0.0503907 0.0702601 0.0403362 0.0425524 0.0194239 0.0245929 0.0272500 0.0250517 0.0264707 0.0272136 0.0397243 0.0415722 0.0402348 0.0327588 0.0469075 0.0439849 0.0307742 0.0878128 0.0264957 0.0339636 0.0487023 0.0254493 0.0274559 0.0204303 0.0295612 0.0686015 0.0259780 0.0512690 0.0505716 0.0472885 0.0467754 0.1420890 0.0450011 0.0532716 0.0511377 0.0413924 0.0349868 0.0429347 
I0205_1183_Tyrannidae_Hirundinea_ferruginea            0.0409414 0.0529118 0.0569851 0.0534704 0.0353458 0.0546549 0.0495429 0.0521434 0.0637275 0.0642995 0.0468121 0.0399269 0.0596419 0.0581576 0.0314706 0.0534282 0.0370403 0.0101053 0.0430281 0.0000000 0.0464396 0.0345632 0.0425187 0.0434448 0.0442640 0.0550241 0.0448958 0.0464920 0.0485391 0.0443195 0.0189357 0.0182582 0.0584601 0.0580016 0.0520360 0.0472031 0.0313442 0.0162071 0.0182192 0.0173219 0.0907251 0.0966848 0.0431203 0.0748856 0.0507074 0.0581217 0.0506239 0.0336123 0.0173283 0.0442746 0.0535451 0.0172907 0.0311214 0.0540561 0.0526218 0.0466595 0.0104711 0.0579894 0.0463769 0.0453488 0.0172500 0.0465488 0.0474860 0.0510710 0.0817072 0.0334063 0.0182086 0.0483124 0.0463355 0.0172697 0.0447094 0.0420506 0.0459266 0.0528261 0.0530278 0.0573487 0.0443982 0.0393121 0.0597132 0.0550604 0.0510696 0.0482454 0.0432237 0.0492914 0.0652836 0.0410866 0.0457911 0.0442127 0.0437695 0.0535042 0.0542509 0.0468675 0.0438815 0.0537332 0.0542907 0.0498241 0.0465673 0.0431661 0.0353825 0.0465928 0.0399660 0.0479781 0.0807469 0.0522325 0.0432201 0.0460377 0.0428945 0.0376664 0.0528390 0.0513350 0.0792959 0.0434641 0.0730702 0.0478371 0.0501472 0.0417765 0.0547657 0.0650097 0.0490442 0.0408959 0.0500118 0.0542824 0.0527688 0.0430695 0.0452883 0.0422694 0.0550905 0.0471129 0.0625871 0.0537795 0.0437383 0.0639459 0.0866900 0.0340668 0.0179898 0.0425629 0.0469429 0.0469853 0.0465863 0.0442653 0.0463617 0.0578458 0.0584782 0.0584593 0.0522428 0.0341897 0.0113810 0.0499321 0.1020999 0.0457218 0.0530660 0.0371544 0.0448173 0.0441319 0.0430118 0.0464271 0.0864519 0.0429853 0.0434666 0.0440976 0.0393783 0.0358195 0.1468653 0.0375585 0.0466301 0.0436374 0.0586054 0.0510332 0.0409371 
I0206_1192_Laridae_Chroicocephalus_cirrocephalus       0.0297810 0.0431356 0.0454607 0.0416847 0.0504744 0.0442751 0.0347632 0.0393744 0.0553585 0.0563517 0.0341971 0.0513262 0.0486187 0.0478948 0.0488794 0.0326204 0.0252129 0.0461846 0.0288669 0.0464396 0.0000000 0.0515054 0.0306613 0.0261198 0.0295122 0.0415676 0.0284222 0.0582105 0.0595575 0.0332658 0.0473734 0.0469182 0.0480463 0.0482025 0.0395127 0.0578738 0.0487387 0.0476710 0.0490726 0.0449848 0.0811865 0.0855103 0.0544856 0.0649495 0.0418155 0.0457286 0.0391367 0.0507689 0.0458667 0.0310629 0.0431231 0.0448901 0.0478467 0.0406710 0.0379104 0.0332100 0.0466580 0.0471243 0.0347898 0.0324309 0.0456825 0.0329080 0.0367789 0.0371215 0.0692085 0.0509432 0.0471547 0.0353218 0.0350906 0.0462297 0.0349185 0.0297776 0.0093829 0.0426041 0.0433184 0.0489983 0.0313488 0.0272980 0.0499943 0.0365024 0.0416700 0.0356320 0.0289889 0.0391000 0.0561123 0.0275198 0.0276413 0.0322421 0.0291104 0.0415289 0.0412558 0.0343534 0.0269064 0.0393438 0.0446444 0.0363979 0.0338871 0.0283328 0.0534293 0.0329287 0.0521047 0.0587521 0.0676459 0.0433495 0.0288490 0.0345118 0.0292864 0.0523967 0.0403406 0.0414286 0.0665394 0.0308331 0.0637417 0.0120665 0.0373678 0.0275359 0.0417561 0.0543335 0.0348978 0.0558695 0.0205646 0.0372900 0.0395545 0.0281201 0.0313412 0.0278900 0.0439711 0.0133779 0.0528485 0.0410605 0.0292381 0.0542079 0.0748294 0.0445128 0.0460960 0.0275240 0.0328559 0.0329343 0.0328452 0.0335468 0.0331608 0.0452442 0.0470732 0.0457810 0.0316450 0.0506409 0.0471123 0.0295593 0.0907519 0.0314309 0.0395579 0.0525106 0.0309167 0.0328888 0.0293796 0.0359371 0.0724538 0.0325865 0.0552126 0.0543569 0.0508120 0.0511731 0.1428911 0.0496055 0.0565123 0.0554123 0.0399586 0.0393088 0.0472286 
I0207_1193_Thamnophilidae_Thamnophilus_ruficapillus    0.0461622 0.0585296 0.0616580 0.0581373 0.0392424 0.0598620 0.0549740 0.0569080 0.0683270 0.0685357 0.0517361 0.0458834 0.0652304 0.0639029 0.0284333 0.0587582 0.0418805 0.0340355 0.0476618 0.0345632 0.0515054 0.0000000 0.0475015 0.0478392 0.0491257 0.0590482 0.0496082 0.0514347 0.0530998 0.0493806 0.0340495 0.0347585 0.0660331 0.0652831 0.0573089 0.0524406 0.0283323 0.0347789 0.0368685 0.0328329 0.0953987 0.1004273 0.0487396 0.0780514 0.0561740 0.0623017 0.0555314 0.0156284 0.0344523 0.0490935 0.0562627 0.0324295 0.0283239 0.0587573 0.0569504 0.0522290 0.0343030 0.0634813 0.0513463 0.0506428 0.0328901 0.0501000 0.0529482 0.0553662 0.0854859 0.0146888 0.0350136 0.0527345 0.0511438 0.0337273 0.0485055 0.0469904 0.0511373 0.0562059 0.0564431 0.0619173 0.0491841 0.0435873 0.0669348 0.0585259 0.0551736 0.0542311 0.0488156 0.0543102 0.0691224 0.0469151 0.0511553 0.0493961 0.0490545 0.0585335 0.0592635 0.0512168 0.0489607 0.0578439 0.0584541 0.0537578 0.0518449 0.0484308 0.0307392 0.0509146 0.0458984 0.0535649 0.0841650 0.0560939 0.0471862 0.0506406 0.0479221 0.0411022 0.0572939 0.0556598 0.0827372 0.0490485 0.0777345 0.0526673 0.0557377 0.0475681 0.0590662 0.0693090 0.0534727 0.0441962 0.0550494 0.0607975 0.0573195 0.0481056 0.0499591 0.0477690 0.0601162 0.0519126 0.0685445 0.0578416 0.0490345 0.0689104 0.0888929 0.0400107 0.0335099 0.0473769 0.0512171 0.0519468 0.0519034 0.0490252 0.0520305 0.0619296 0.0636188 0.0623709 0.0575989 0.0306462 0.0348464 0.0546435 0.1069327 0.0503629 0.0583858 0.0414238 0.0506003 0.0492895 0.0474689 0.0521020 0.0896133 0.0480593 0.0487697 0.0490972 0.0455538 0.0389931 0.1523147 0.0443145 0.0515947 0.0484573 0.0621540 0.0558008 0.0443067 
