35
Burramyidae_Burramys_parvus                  0.0000000 0.0821116 0.0544783 0.0675777 0.0687121 0.0769075 0.0447163 0.0469782 0.0654498 0.0819021 0.0462280 0.0811535 0.0828938 0.0464409 0.0588770 0.0806660 0.0762684 0.0729334 0.0826000 0.0635148 0.0727137 0.1300373 0.1187289 0.0816342 0.0639165 0.0811811 0.0545486 0.0676358 0.0542085 0.0781303 0.0572576 0.0467645 0.0822750 0.0795319 0.0800053 
Notoryctidae_Notoryctes_typhlops             0.0821116 0.0000000 0.0863101 0.0973516 0.0990314 0.0954280 0.0761813 0.0820740 0.0944773 0.1007508 0.0796996 0.0994879 0.0993358 0.0811986 0.0899777 0.0998456 0.0952718 0.0892394 0.0979837 0.0928681 0.1003262 0.1498969 0.1367314 0.0979293 0.0929459 0.0983159 0.0866332 0.0937742 0.0858066 0.1123093 0.0858229 0.0825097 0.0979536 0.0986475 0.0991068 
Vombatidae_Lasiorhinus_latifrons             0.0544783 0.0863101 0.0000000 0.0673807 0.0675329 0.0717535 0.0515661 0.0528303 0.0648288 0.0896710 0.0509128 0.0775446 0.0782605 0.0516771 0.0576030 0.0767194 0.0752383 0.0730699 0.0878002 0.0620449 0.0714269 0.1252612 0.1226009 0.0778838 0.0706459 0.0827406 0.0562415 0.0672521 0.0602964 0.0824705 0.0604696 0.0527314 0.0868667 0.0742107 0.0870642 
Potoroidae_Bettongia_penicillata             0.0675777 0.0973516 0.0673807 0.0000000 0.0051903 0.0951340 0.0614489 0.0689677 0.0134491 0.0959824 0.0651092 0.0961838 0.0951456 0.0669446 0.0768162 0.0960756 0.0954428 0.0902291 0.0930918 0.0209866 0.0828204 0.1362646 0.1340647 0.0971399 0.0389173 0.0927056 0.0711198 0.0258640 0.0695117 0.0926191 0.0696351 0.0660982 0.0946786 0.0961927 0.0920586 
Potoroidae_Bettongia_lesueur                 0.0687121 0.0990314 0.0675329 0.0051903 0.0000000 0.0933539 0.0634106 0.0695860 0.0135651 0.0967459 0.0653446 0.0941445 0.0926996 0.0683008 0.0786079 0.0940331 0.0939578 0.0894699 0.0932030 0.0222096 0.0846755 0.1353870 0.1302620 0.0958759 0.0379440 0.0921105 0.0728291 0.0269132 0.0712788 0.0926632 0.0706947 0.0674410 0.0942572 0.0941881 0.0925327 
Dasyuridae_Dasyurus_maculatus                0.0769075 0.0954280 0.0717535 0.0951340 0.0933539 0.0000000 0.0705123 0.0736929 0.0881024 0.0947451 0.0713014 0.0215639 0.0339020 0.0729392 0.0838255 0.0213164 0.0106815 0.0327966 0.0971471 0.0812736 0.0964327 0.1248529 0.1174302 0.0224573 0.0877339 0.0873579 0.0838666 0.0879358 0.0821596 0.1044771 0.0836819 0.0753406 0.0926097 0.0080606 0.0948531 
Phalangeridae_Trichosurus_vulpecula          0.0447163 0.0761813 0.0515661 0.0614489 0.0634106 0.0705123 0.0000000 0.0205373 0.0580873 0.0779172 0.0194762 0.0728002 0.0733146 0.0202730 0.0529723 0.0733961 0.0684113 0.0633443 0.0801917 0.0549155 0.0647572 0.1186634 0.1098307 0.0735264 0.0553449 0.0713268 0.0501551 0.0585495 0.0460511 0.0726932 0.0499046 0.0221936 0.0777038 0.0718287 0.0770955 
Phalangeridae_Spilocuscus_maculatus          0.0469782 0.0820740 0.0528303 0.0689677 0.0695860 0.0736929 0.0205373 0.0000000 0.0636621 0.0848222 0.0108894 0.0767747 0.0806760 0.0089894 0.0571391 0.0768315 0.0728893 0.0696993 0.0845741 0.0626537 0.0674999 0.1204948 0.1099537 0.0786008 0.0619235 0.0745634 0.0513719 0.0659170 0.0504858 0.0764134 0.0552364 0.0099128 0.0837009 0.0750429 0.0825693 
Potoroidae_Aepyprymnus_rufescens             0.0654498 0.0944773 0.0648288 0.0134491 0.0135651 0.0881024 0.0580873 0.0636621 0.0000000 0.0913013 0.0613840 0.0899027 0.0895527 0.0623210 0.0728949 0.0897854 0.0879176 0.0847936 0.0926179 0.0180398 0.0805312 0.1327325 0.1284182 0.0915725 0.0365731 0.0894211 0.0690617 0.0236771 0.0667575 0.0895744 0.0695084 0.0621347 0.0911654 0.0889093 0.0896693 
Peramelidae_Perameles_nasuta                 0.0819021 0.1007508 0.0896710 0.0959824 0.0967459 0.0947451 0.0779172 0.0848222 0.0913013 0.0000000 0.0814404 0.0941955 0.0973824 0.0830994 0.0886701 0.0936937 0.0926774 0.0873520 0.0179827 0.0903605 0.1055595 0.1355877 0.1240920 0.0946932 0.0924238 0.0949314 0.0918788 0.0944052 0.0927613 0.1099007 0.0881383 0.0852853 0.0157657 0.0936463 0.0000010 
Phalangeridae_Strigocuscus_pelengensis       0.0462280 0.0796996 0.0509128 0.0651092 0.0653446 0.0713014 0.0194762 0.0108894 0.0613840 0.0814404 0.0000000 0.0738814 0.0772711 0.0100850 0.0517301 0.0743224 0.0708983 0.0681334 0.0818805 0.0608090 0.0638858 0.1241372 0.1131397 0.0763005 0.0599406 0.0735562 0.0498998 0.0622845 0.0465583 0.0720363 0.0541935 0.0108013 0.0813719 0.0731594 0.0784419 
Dasyuridae_Phascogale_tapoatafa              0.0811535 0.0994879 0.0775446 0.0961838 0.0941445 0.0215639 0.0728002 0.0767747 0.0899027 0.0941955 0.0738814 0.0000000 0.0296889 0.0743099 0.0867264 0.0033908 0.0212815 0.0280855 0.0936391 0.0847934 0.0991052 0.1293992 0.1231281 0.0163376 0.0915162 0.0879489 0.0877890 0.0899027 0.0842391 0.1039348 0.0884262 0.0763877 0.0906149 0.0209206 0.0935839 
Dasyuridae_Sminthopsis_macroura              0.0828938 0.0993358 0.0782605 0.0951456 0.0926996 0.0339020 0.0733146 0.0806760 0.0895527 0.0973824 0.0772711 0.0296889 0.0000000 0.0786569 0.0864796 0.0296891 0.0324784 0.0238506 0.0961990 0.0843702 0.1029198 0.1251624 0.1188276 0.0322200 0.0880687 0.0934029 0.0894243 0.0898614 0.0847725 0.1110495 0.0875663 0.0800920 0.0926956 0.0324227 0.0973758 
Phalangeridae_Phalanger_orientalis           0.0464409 0.0811986 0.0516771 0.0669446 0.0683008 0.0729392 0.0202730 0.0089894 0.0623210 0.0830994 0.0100850 0.0743099 0.0786569 0.0000000 0.0546244 0.0743662 0.0715164 0.0679638 0.0840402 0.0613306 0.0651630 0.1239113 0.1145957 0.0762132 0.0614927 0.0729408 0.0485187 0.0638829 0.0473052 0.0747664 0.0538669 0.0043944 0.0831011 0.0736628 0.0805708 
Acrobatidae_Acrobates_pygmaeus               0.0588770 0.0899777 0.0576030 0.0768162 0.0786079 0.0838255 0.0529723 0.0571391 0.0728949 0.0886701 0.0517301 0.0867264 0.0864796 0.0546244 0.0000000 0.0866548 0.0836963 0.0826038 0.0878184 0.0693125 0.0670015 0.1293735 0.1210167 0.0852088 0.0703222 0.0844151 0.0552819 0.0736242 0.0538891 0.0803096 0.0345692 0.0557832 0.0884948 0.0863578 0.0863158 
Dasyuridae_Phascogale_calura                 0.0806660 0.0998456 0.0767194 0.0960756 0.0940331 0.0213164 0.0733961 0.0768315 0.0897854 0.0936937 0.0743224 0.0033908 0.0296891 0.0743662 0.0866548 0.0000000 0.0215770 0.0293598 0.0928395 0.0854425 0.0991668 0.1297944 0.1236281 0.0172127 0.0917655 0.0875341 0.0866033 0.0905732 0.0840823 0.1039496 0.0883591 0.0764442 0.0900993 0.0206692 0.0931039 
Dasyuridae_Sarcophilus_harrisii              0.0762684 0.0952718 0.0752383 0.0954428 0.0939578 0.0106815 0.0684113 0.0728893 0.0879176 0.0926774 0.0708983 0.0212815 0.0324784 0.0715164 0.0836963 0.0215770 0.0000000 0.0309975 0.0945183 0.0824758 0.0963455 0.1274529 0.1191526 0.0214694 0.0880942 0.0881088 0.0847366 0.0875285 0.0794224 0.1017332 0.0848913 0.0745430 0.0923244 0.0105017 0.0928752 
Dasyuridae_Planigale_tenuirostris            0.0729334 0.0892394 0.0730699 0.0902291 0.0894699 0.0327966 0.0633443 0.0696993 0.0847936 0.0873520 0.0681334 0.0280855 0.0238506 0.0679638 0.0826038 0.0293598 0.0309975 0.0000000 0.0874809 0.0819204 0.0950782 0.1293976 0.1149669 0.0316031 0.0854547 0.0843010 0.0831865 0.0844575 0.0769414 0.1014157 0.0816259 0.0682497 0.0907138 0.0318836 0.0881449 
Peramelidae_Echymipera_kalubu                0.0826000 0.0979837 0.0878002 0.0930918 0.0932030 0.0971471 0.0801917 0.0845741 0.0926179 0.0179827 0.0818805 0.0936391 0.0961990 0.0840402 0.0878184 0.0928395 0.0945183 0.0874809 0.0000000 0.0885134 0.1049387 0.1309303 0.1254433 0.0955528 0.0914962 0.0955660 0.0903475 0.0938957 0.0901012 0.1064836 0.0859181 0.0844111 0.0139959 0.0954593 0.0177601 
Macropodidae_Dorcopsulus_vanheurni           0.0635148 0.0928681 0.0620449 0.0209866 0.0222096 0.0812736 0.0549155 0.0626537 0.0180398 0.0903605 0.0608090 0.0847934 0.0843702 0.0613306 0.0693125 0.0854425 0.0824758 0.0819204 0.0885134 0.0000000 0.0781549 0.1346445 0.1254612 0.0836616 0.0327707 0.0898087 0.0669768 0.0103826 0.0660856 0.0851439 0.0635209 0.0610741 0.0870873 0.0822405 0.0869208 
Pseudochiridae_Pseudochirulus_forbesi        0.0727137 0.1003262 0.0714269 0.0828204 0.0846755 0.0964327 0.0647572 0.0674999 0.0805312 0.1055595 0.0638858 0.0991052 0.1029198 0.0651630 0.0670015 0.0991668 0.0963455 0.0950782 0.1049387 0.0781549 0.0000000 0.1407346 0.1420840 0.0968078 0.0802935 0.0970130 0.0417568 0.0818549 0.0309865 0.0784816 0.0674681 0.0654776 0.0998082 0.0988047 0.1036408 
Didelphidae_Didelphis_virginiana             0.1300373 0.1498969 0.1252612 0.1362646 0.1353870 0.1248529 0.1186634 0.1204948 0.1327325 0.1355877 0.1241372 0.1293992 0.1251624 0.1239113 0.1293735 0.1297944 0.1274529 0.1293976 0.1309303 0.1346445 0.1407346 0.0000000 0.0347551 0.1284032 0.1389375 0.1251667 0.1333502 0.1386292 0.1254550 0.1519949 0.1305603 0.1258048 0.1374320 0.1310497 0.1333875 
Marmosidae_Monodelphis_domestica             0.1187289 0.1367314 0.1226009 0.1340647 0.1302620 0.1174302 0.1098307 0.1099537 0.1284182 0.1240920 0.1131397 0.1231281 0.1188276 0.1145957 0.1210167 0.1236281 0.1191526 0.1149669 0.1254433 0.1254612 0.1420840 0.0347551 0.0000000 0.1240738 0.1323956 0.1209849 0.1266218 0.1324236 0.1240783 0.1462040 0.1222040 0.1175834 0.1250768 0.1242672 0.1232604 
Dasyuridae_Antechinus_stuartii               0.0816342 0.0979293 0.0778838 0.0971399 0.0958759 0.0224573 0.0735264 0.0786008 0.0915725 0.0946932 0.0763005 0.0163376 0.0322200 0.0762132 0.0852088 0.0172127 0.0214694 0.0316031 0.0955528 0.0836616 0.0968078 0.1284032 0.1240738 0.0000000 0.0917092 0.0913794 0.0860234 0.0913430 0.0833466 0.1034298 0.0867876 0.0772460 0.0937783 0.0221961 0.0957257 
Hypsiprymnodontidae_Hypsiprymnodon_moschatus 0.0639165 0.0929459 0.0706459 0.0389173 0.0379440 0.0877339 0.0553449 0.0619235 0.0365731 0.0924238 0.0599406 0.0915162 0.0880687 0.0614927 0.0703222 0.0917655 0.0880942 0.0854547 0.0914962 0.0327707 0.0802935 0.1389375 0.1323956 0.0917092 0.0000000 0.0888321 0.0703968 0.0380756 0.0643395 0.0904242 0.0638077 0.0617754 0.0903370 0.0904874 0.0891637 
Microbiotheriidae_Dromiciops_gliroides       0.0811811 0.0983159 0.0827406 0.0927056 0.0921105 0.0873579 0.0713268 0.0745634 0.0894211 0.0949314 0.0735562 0.0879489 0.0934029 0.0729408 0.0844151 0.0875341 0.0881088 0.0843010 0.0955660 0.0898087 0.0970130 0.1251667 0.1209849 0.0913794 0.0888321 0.0000000 0.0849195 0.0908258 0.0828420 0.0985741 0.0826605 0.0726607 0.0962053 0.0897996 0.0935102 
Pseudochiridae_Petauroides_volans            0.0545486 0.0866332 0.0562415 0.0711198 0.0728291 0.0838666 0.0501551 0.0513719 0.0690617 0.0918788 0.0498998 0.0877890 0.0894243 0.0485187 0.0552819 0.0866033 0.0847366 0.0831865 0.0903475 0.0669768 0.0417568 0.1333502 0.1266218 0.0860234 0.0703968 0.0849195 0.0000000 0.0721425 0.0271513 0.0626095 0.0533054 0.0507764 0.0882261 0.0873170 0.0888504 
Macropodidae_Wallabia_bicolor                0.0676358 0.0937742 0.0672521 0.0258640 0.0269132 0.0879358 0.0585495 0.0659170 0.0236771 0.0944052 0.0622845 0.0899027 0.0898614 0.0638829 0.0736242 0.0905732 0.0875285 0.0844575 0.0938957 0.0103826 0.0818549 0.1386292 0.1324236 0.0913430 0.0380756 0.0908258 0.0721425 0.0000000 0.0698672 0.0925388 0.0689454 0.0640093 0.0942654 0.0889978 0.0913332 
Pseudochiridae_Pseudocheirus_occidentalis    0.0542085 0.0858066 0.0602964 0.0695117 0.0712788 0.0821596 0.0460511 0.0504858 0.0667575 0.0927613 0.0465583 0.0842391 0.0847725 0.0473052 0.0538891 0.0840823 0.0794224 0.0769414 0.0901012 0.0660856 0.0309865 0.1254550 0.1240783 0.0833466 0.0643395 0.0828420 0.0271513 0.0698672 0.0000000 0.0606416 0.0501503 0.0482718 0.0906245 0.0846740 0.0891770 
Tarsipedidae_Tarsipes_rostratus              0.0781303 0.1123093 0.0824705 0.0926191 0.0926632 0.1044771 0.0726932 0.0764134 0.0895744 0.1099007 0.0720363 0.1039348 0.1110495 0.0747664 0.0803096 0.1039496 0.1017332 0.1014157 0.1064836 0.0851439 0.0784816 0.1519949 0.1462040 0.1034298 0.0904242 0.0985741 0.0626095 0.0925388 0.0606416 0.0000000 0.0755325 0.0756982 0.1102672 0.1059487 0.1059520 
Acrobatidae_Distoechurus_pennatus            0.0572576 0.0858229 0.0604696 0.0696351 0.0706947 0.0836819 0.0499046 0.0552364 0.0695084 0.0881383 0.0541935 0.0884262 0.0875663 0.0538669 0.0345692 0.0883591 0.0848913 0.0816259 0.0859181 0.0635209 0.0674681 0.1305603 0.1222040 0.0867876 0.0638077 0.0826605 0.0533054 0.0689454 0.0501503 0.0755325 0.0000000 0.0530037 0.0854236 0.0871441 0.0853765 
Phalangeridae_Phalanger_carmelitae           0.0467645 0.0825097 0.0527314 0.0660982 0.0674410 0.0753406 0.0221936 0.0099128 0.0621347 0.0852853 0.0108013 0.0763877 0.0800920 0.0043944 0.0557832 0.0764442 0.0745430 0.0682497 0.0844111 0.0610741 0.0654776 0.1258048 0.1175834 0.0772460 0.0617754 0.0726607 0.0507764 0.0640093 0.0482718 0.0756982 0.0530037 0.0000000 0.0849694 0.0760821 0.0830120 
Peramelidae_Peroryctes_raffrayana            0.0822750 0.0979536 0.0868667 0.0946786 0.0942572 0.0926097 0.0777038 0.0837009 0.0911654 0.0157657 0.0813719 0.0906149 0.0926956 0.0831011 0.0884948 0.0900993 0.0923244 0.0907138 0.0139959 0.0870873 0.0998082 0.1374320 0.1250768 0.0937783 0.0903370 0.0962053 0.0882261 0.0942654 0.0906245 0.1102672 0.0854236 0.0849694 0.0000000 0.0907473 0.0155410 
Dasyuridae_Dasyurus_geffroii                 0.0795319 0.0986475 0.0742107 0.0961927 0.0941881 0.0080606 0.0718287 0.0750429 0.0889093 0.0936463 0.0731594 0.0209206 0.0324227 0.0736628 0.0863578 0.0206692 0.0105017 0.0318836 0.0954593 0.0822405 0.0988047 0.1310497 0.1242672 0.0221961 0.0904874 0.0897996 0.0873170 0.0889978 0.0846740 0.1059487 0.0871441 0.0760821 0.0907473 0.0000000 0.0938026 
Peramelidae_Perameles_gunnii                 0.0800053 0.0991068 0.0870642 0.0920586 0.0925327 0.0948531 0.0770955 0.0825693 0.0896693 0.0000010 0.0784419 0.0935839 0.0973758 0.0805708 0.0863158 0.0931039 0.0928752 0.0881449 0.0177601 0.0869208 0.1036408 0.1333875 0.1232604 0.0957257 0.0891637 0.0935102 0.0888504 0.0913332 0.0891770 0.1059520 0.0853765 0.0830120 0.0155410 0.0938026 0.0000000 
