35
Notoryctidae_Notoryctes_typhlops             0.0000000 0.0816611 0.1061196 0.0904432 0.0929244 0.1579708 0.0970330 0.0912710 0.0811197 0.1063640 0.0987999 0.1333477 0.1164243 0.1080728 0.1147168 0.1094523 0.1122715 0.1185388 0.1245199 0.1156072 0.1196333 0.1303603 0.1428569 0.1184331 0.1498398 0.1150456 0.1282959 0.1149677 0.1074876 0.1041615 0.1222120 0.1200283 0.1193058 0.1079647 0.1143646 
Potoroidae_Bettongia_lesueur                 0.0816611 0.0000000 0.1030832 0.0867375 0.0885144 0.1302684 0.0907839 0.0640468 0.0162276 0.1041378 0.0662379 0.0986989 0.0091029 0.0690787 0.0736709 0.0111998 0.0787739 0.0754730 0.1211963 0.0715404 0.0788480 0.1397715 0.1292877 0.0915005 0.0569507 0.0885003 0.1147418 0.0420421 0.0765210 0.0802436 0.0943466 0.0868923 0.0871592 0.0858788 0.0913903 
Dasyuridae_Dasyurus_maculatus                0.1061196 0.1030832 0.0000000 0.0151667 0.0172980 0.1435518 0.0078613 0.0881808 0.0988971 0.0016594 0.1430799 0.1778336 0.1644938 0.1509912 0.1564959 0.1601629 0.1548986 0.1342380 0.0572605 0.1542547 0.1713858 0.0278729 0.0510033 0.1534817 0.1874583 0.1664822 0.1353120 0.1532759 0.1733035 0.1678487 0.1798627 0.1758947 0.1577755 0.1502583 0.1455392 
Dasyuridae_Phascogale_tapoatafa              0.0904432 0.0867375 0.0151667 0.0000000 0.0012700 0.1448034 0.0063216 0.0796864 0.0827161 0.0150291 0.1151483 0.1409515 0.1323485 0.1185816 0.1252068 0.1283208 0.1143750 0.1248097 0.0289140 0.1229878 0.1297519 0.0235163 0.0550944 0.1248073 0.1542603 0.1327442 0.1282301 0.1211453 0.1387859 0.1321584 0.1521070 0.1354029 0.1255454 0.1168151 0.1165855 
Dasyuridae_Phascogale_calura                 0.0929244 0.0885144 0.0172980 0.0012700 0.0000000 0.1480967 0.0070827 0.0833030 0.0842932 0.0171281 0.1176046 0.1453992 0.1357432 0.1227326 0.1294260 0.1316949 0.1162823 0.1292196 0.0332820 0.1272189 0.1342577 0.0265197 0.0603684 0.1290374 0.1585214 0.1371159 0.1346473 0.1252691 0.1402730 0.1356989 0.1567295 0.1416317 0.1319990 0.1207106 0.1207577 
Didelphidae_Didelphis_virginiana             0.1579708 0.1302684 0.1435518 0.1448034 0.1480967 0.0000000 0.1380143 0.1081903 0.1334485 0.1460912 0.2047407 0.2256200 0.2203396 0.2160133 0.2240353 0.2159197 0.2460957 0.2110291 0.2365431 0.2211378 0.2342065 0.2394211 0.2279694 0.2217832 0.2553501 0.2293072 0.0455391 0.2239795 0.2326423 0.2167849 0.2425006 0.2429555 0.1734959 0.2324992 0.2188106 
Dasyuridae_Antechinus_stuartii               0.0970330 0.0907839 0.0078613 0.0063216 0.0070827 0.1380143 0.0000000 0.0787158 0.0875672 0.0080297 0.1316444 0.1598655 0.1460061 0.1338465 0.1422802 0.1418196 0.1329662 0.1237275 0.0444364 0.1349800 0.1448850 0.0405356 0.0453136 0.1369106 0.1704292 0.1491243 0.1257367 0.1379342 0.1511294 0.1450193 0.1612143 0.1545422 0.1404121 0.1309039 0.1301142 
Microbiotheriidae_Dromiciops_gliroides       0.0912710 0.0640468 0.0881808 0.0796864 0.0833030 0.1081903 0.0787158 0.0000000 0.0602148 0.0880578 0.0957446 0.1163062 0.1026304 0.1052772 0.1087742 0.1004093 0.0775317 0.1111845 0.1272753 0.1056289 0.0965382 0.1370219 0.1220356 0.1018688 0.1321168 0.1135889 0.1244205 0.1030283 0.1138025 0.1114797 0.1176034 0.1163544 0.1158596 0.0965807 0.1001043 
Macropodidae_Wallabia_bicolor                0.0811197 0.0162276 0.0988971 0.0827161 0.0842932 0.1334485 0.0875672 0.0602148 0.0000000 0.0988919 0.0685631 0.0948734 0.0376406 0.0698638 0.0760087 0.0339323 0.0744616 0.0787525 0.1232819 0.0754123 0.0832772 0.1330344 0.1305428 0.0919780 0.0418149 0.0870779 0.1208885 0.0458782 0.0735611 0.0764689 0.0919111 0.0856233 0.0901254 0.0802719 0.0893482 
Dasyuridae_Dasyurus_geffroii                 0.1063640 0.1041378 0.0016594 0.0150291 0.0171281 0.1460912 0.0080297 0.0880578 0.0988919 0.0000000 0.1402931 0.1736426 0.1627252 0.1471404 0.1525560 0.1584230 0.1594399 0.1314125 0.0538111 0.1511245 0.1682286 0.0258451 0.0476199 0.1514061 0.1863596 0.1615348 0.1357944 0.1506375 0.1681425 0.1625456 0.1762187 0.1716706 0.1558698 0.1523043 0.1454159 
Burramyidae_Burramys_parvus                  0.0987999 0.0662379 0.1430799 0.1151483 0.1176046 0.2047407 0.1316444 0.0957446 0.0685631 0.1402931 0.0000000 0.0884523 0.0694600 0.0608102 0.0675820 0.0658536 0.0616564 0.0698329 0.1109442 0.0676297 0.0751433 0.1243922 0.1190864 0.0826200 0.0963951 0.0744753 0.1113322 0.0679657 0.0673309 0.0672528 0.0845758 0.0792510 0.0797517 0.0736402 0.0842703 
Vombatidae_Lasiorhinus_latifrons             0.1333477 0.0986989 0.1778336 0.1409515 0.1453992 0.2256200 0.1598655 0.1163062 0.0948734 0.1736426 0.0884523 0.0000000 0.0993384 0.1025989 0.1051883 0.0964202 0.0792981 0.1087880 0.1410673 0.1047127 0.1011103 0.1525691 0.1484077 0.1036263 0.1320899 0.1040751 0.1277556 0.1018093 0.1045885 0.0976172 0.1224487 0.1106083 0.1162920 0.0988518 0.1056194 
Potoroidae_Bettongia_penicillata             0.1164243 0.0091029 0.1644938 0.1323485 0.1357432 0.2203396 0.1460061 0.1026304 0.0376406 0.1627252 0.0694600 0.0993384 0.0000000 0.0720728 0.0767172 0.0133917 0.0858421 0.0770822 0.1276537 0.0745943 0.0815027 0.1438344 0.1370544 0.0956500 0.0578262 0.0911780 0.1189503 0.0467643 0.0806160 0.0838768 0.0997757 0.0880102 0.0905632 0.0908213 0.0955343 
Phalangeridae_Trichosurus_vulpecula          0.1080728 0.0690787 0.1509912 0.1185816 0.1227326 0.2160133 0.1338465 0.1052772 0.0698638 0.1471404 0.0608102 0.1025989 0.0720728 0.0000000 0.0254154 0.0694780 0.0695665 0.0273123 0.1154454 0.0257349 0.0758353 0.1315078 0.1241687 0.0929320 0.0974947 0.0725601 0.1165832 0.0687477 0.0712964 0.0677984 0.0928361 0.0734294 0.0364926 0.0803483 0.0944642 
Phalangeridae_Spilocuscus_maculatus          0.1147168 0.0736709 0.1564959 0.1252068 0.1294260 0.2240353 0.1422802 0.1087742 0.0760087 0.1525560 0.0675820 0.1051883 0.0767172 0.0254154 0.0000000 0.0756289 0.0816453 0.0179605 0.1192226 0.0134488 0.0806375 0.1366363 0.1281376 0.0996123 0.1040958 0.0856081 0.1198460 0.0779037 0.0806835 0.0768895 0.0989429 0.0819077 0.0256503 0.0928214 0.1003252 
Potoroidae_Aepyprymnus_rufescens             0.1094523 0.0111998 0.1601629 0.1283208 0.1316949 0.2159197 0.1418196 0.1004093 0.0339323 0.1584230 0.0658536 0.0964202 0.0133917 0.0694780 0.0756289 0.0000000 0.0751416 0.0767458 0.1229117 0.0734938 0.0779135 0.1396988 0.1298755 0.0906384 0.0566807 0.0867907 0.1147329 0.0416084 0.0739791 0.0792613 0.0935339 0.0850356 0.0856101 0.0827451 0.0905286 
Peramelidae_Perameles_nasuta                 0.1122715 0.0787739 0.1548986 0.1143750 0.1162823 0.2460957 0.1329662 0.0775317 0.0744616 0.1594399 0.0616564 0.0792981 0.0858421 0.0695665 0.0816453 0.0751416 0.0000000 0.0731515 0.1161114 0.0792294 0.0735473 0.1315301 0.1222010 0.0149288 0.1199992 0.0876951 0.1024989 0.0849667 0.0776699 0.0768839 0.0965394 0.0757696 0.0896730 0.0078299 0.0006208 
Phalangeridae_Strigocuscus_pelengensis       0.1185388 0.0754730 0.1342380 0.1248097 0.1292196 0.2110291 0.1237275 0.1111845 0.0787525 0.1314125 0.0698329 0.1087880 0.0770822 0.0273123 0.0179605 0.0767458 0.0731515 0.0000000 0.1212148 0.0123347 0.0796245 0.1353202 0.1139328 0.0992116 0.1048637 0.0873875 0.1223148 0.0782946 0.0842724 0.0785901 0.0986174 0.0870330 0.0296733 0.0891395 0.0999596 
Dasyuridae_Sminthopsis_macroura              0.1245199 0.1211963 0.0572605 0.0289140 0.0332820 0.2365431 0.0444364 0.1272753 0.1232819 0.0538111 0.1109442 0.1410673 0.1276537 0.1154454 0.1192226 0.1229117 0.1161114 0.1212148 0.0000000 0.1182002 0.1307246 0.0393546 0.0419941 0.1243942 0.1524130 0.1305248 0.1294132 0.1225201 0.1327539 0.1256579 0.1417357 0.1309446 0.1265734 0.1149255 0.1169889 
Phalangeridae_Phalanger_orientalis           0.1156072 0.0715404 0.1542547 0.1229878 0.1272189 0.2211378 0.1349800 0.1056289 0.0754123 0.1511245 0.0676297 0.1047127 0.0745943 0.0257349 0.0134488 0.0734938 0.0792294 0.0123347 0.1182002 0.0000000 0.0809012 0.1361934 0.1238424 0.0991345 0.1036481 0.0853235 0.1186470 0.0764551 0.0801071 0.0785226 0.0978149 0.0855031 0.0165912 0.0907353 0.1006795 
Acrobatidae_Acrobates_pygmaeus               0.1196333 0.0788480 0.1713858 0.1297519 0.1342577 0.2342065 0.1448850 0.0965382 0.0832772 0.1682286 0.0751433 0.1011103 0.0815027 0.0758353 0.0806375 0.0779135 0.0735473 0.0796245 0.1307246 0.0809012 0.0000000 0.1471912 0.1345819 0.0985496 0.1133881 0.0790058 0.1287931 0.0825454 0.0698966 0.0717423 0.0882953 0.0463393 0.0987667 0.0898018 0.0968638 
Dasyuridae_Sarcophilus_harrisii              0.1303603 0.1397715 0.0278729 0.0235163 0.0265197 0.2394211 0.0405356 0.1370219 0.1330344 0.0258451 0.1243922 0.1525691 0.1438344 0.1315078 0.1366363 0.1396988 0.1315301 0.1353202 0.0393546 0.1361934 0.1471912 0.0000000 0.0643625 0.1380976 0.1650051 0.1406799 0.1379187 0.1328396 0.1484931 0.1414912 0.1584740 0.1508088 0.1407055 0.1315726 0.1304625 
Dasyuridae_Planigale_tenuirostris            0.1428569 0.1292877 0.0510033 0.0550944 0.0603684 0.2279694 0.0453136 0.1220356 0.1305428 0.0476199 0.1190864 0.1484077 0.1370544 0.1241687 0.1281376 0.1298755 0.1222010 0.1139328 0.0419941 0.1238424 0.1345819 0.0643625 0.0000000 0.1312577 0.1645298 0.1323185 0.1349559 0.1258474 0.1417533 0.1377204 0.1527530 0.1408310 0.1447691 0.1280486 0.1282839 
Peramelidae_Echymipera_kalubu                0.1184331 0.0915005 0.1534817 0.1248073 0.1290374 0.2217832 0.1369106 0.1018688 0.0919780 0.1514061 0.0826200 0.1036263 0.0956500 0.0929320 0.0996123 0.0906384 0.0149288 0.0992116 0.1243942 0.0991345 0.0985496 0.1380976 0.1312577 0.0000000 0.1213781 0.1098613 0.1252817 0.0900564 0.1044403 0.1015616 0.1189257 0.0990492 0.1103483 0.0143992 0.0169252 
Macropodidae_Dorcopsulus_vanheurni           0.1498398 0.0569507 0.1874583 0.1542603 0.1585214 0.2553501 0.1704292 0.1321168 0.0418149 0.1863596 0.0963951 0.1320899 0.0578262 0.0974947 0.1040958 0.0566807 0.1199992 0.1048637 0.1524130 0.1036481 0.1133881 0.1650051 0.1645298 0.1213781 0.0000000 0.1166378 0.1525730 0.0710331 0.1043791 0.1075522 0.1293582 0.1141556 0.1184141 0.1154992 0.1186101 
Pseudochiridae_Pseudochirulus_forbesi        0.1150456 0.0885003 0.1664822 0.1327442 0.1371159 0.2293072 0.1491243 0.1135889 0.0870779 0.1615348 0.0744753 0.1040751 0.0911780 0.0725601 0.0856081 0.0867907 0.0876951 0.0873875 0.1305248 0.0853235 0.0790058 0.1406799 0.1323185 0.1098613 0.1166378 0.0000000 0.1308936 0.0939063 0.0545115 0.0286250 0.0884253 0.0802150 0.0981665 0.1026025 0.1079845 
Marmosidae_Monodelphis_domestica             0.1282959 0.1147418 0.1353120 0.1282301 0.1346473 0.0455391 0.1257367 0.1244205 0.1208885 0.1357944 0.1113322 0.1277556 0.1189503 0.1165832 0.1198460 0.1147329 0.1024989 0.1223148 0.1294132 0.1186470 0.1287931 0.1379187 0.1349559 0.1252817 0.1525730 0.1308936 0.0000000 0.1222815 0.1155507 0.1239904 0.1270152 0.1427555 0.1235990 0.1185780 0.1210276 
Hypsiprymnodontidae_Hypsiprymnodon_moschatus 0.1149677 0.0420421 0.1532759 0.1211453 0.1252691 0.2239795 0.1379342 0.1030283 0.0458782 0.1506375 0.0679657 0.1018093 0.0467643 0.0687477 0.0779037 0.0416084 0.0849667 0.0782946 0.1225201 0.0764551 0.0825454 0.1328396 0.1258474 0.0900564 0.0710331 0.0939063 0.1222815 0.0000000 0.0810560 0.0881006 0.0986960 0.0849000 0.0874812 0.0902770 0.0916930 
Pseudochiridae_Petauroides_volans            0.1074876 0.0765210 0.1733035 0.1387859 0.1402730 0.2326423 0.1511294 0.1138025 0.0735611 0.1681425 0.0673309 0.1045885 0.0806160 0.0712964 0.0806835 0.0739791 0.0776699 0.0842724 0.1327539 0.0801071 0.0698966 0.1484931 0.1417533 0.1044403 0.1043791 0.0545115 0.1155507 0.0810560 0.0000000 0.0411434 0.0717377 0.0708381 0.0941324 0.0925809 0.1025924 
Pseudochiridae_Pseudocheirus_occidentalis    0.1041615 0.0802436 0.1678487 0.1321584 0.1356989 0.2167849 0.1450193 0.1114797 0.0764689 0.1625456 0.0672528 0.0976172 0.0838768 0.0677984 0.0768895 0.0792613 0.0768839 0.0785901 0.1256579 0.0785226 0.0717423 0.1414912 0.1377204 0.1015616 0.1075522 0.0286250 0.1239904 0.0881006 0.0411434 0.0000000 0.0773977 0.0740816 0.0905906 0.0903272 0.0977513 
Tarsipedidae_Tarsipes_rostratus              0.1222120 0.0943466 0.1798627 0.1521070 0.1567295 0.2425006 0.1612143 0.1176034 0.0919111 0.1762187 0.0845758 0.1224487 0.0997757 0.0928361 0.0989429 0.0935339 0.0965394 0.0986174 0.1417357 0.0978149 0.0882953 0.1584740 0.1527530 0.1189257 0.1293582 0.0884253 0.1270152 0.0986960 0.0717377 0.0773977 0.0000000 0.0971772 0.1157698 0.1141800 0.1208294 
Acrobatidae_Distoechurus_pennatus            0.1200283 0.0868923 0.1758947 0.1354029 0.1416317 0.2429555 0.1545422 0.1163544 0.0856233 0.1716706 0.0792510 0.1106083 0.0880102 0.0734294 0.0819077 0.0850356 0.0757696 0.0870330 0.1309446 0.0855031 0.0463393 0.1508088 0.1408310 0.0990492 0.1141556 0.0802150 0.1427555 0.0849000 0.0708381 0.0740816 0.0971772 0.0000000 0.1005092 0.0912086 0.0973745 
Phalangeridae_Phalanger_carmelitae           0.1193058 0.0871592 0.1577755 0.1255454 0.1319990 0.1734959 0.1404121 0.1158596 0.0901254 0.1558698 0.0797517 0.1162920 0.0905632 0.0364926 0.0256503 0.0856101 0.0896730 0.0296733 0.1265734 0.0165912 0.0987667 0.1407055 0.1447691 0.1103483 0.1184141 0.0981665 0.1235990 0.0874812 0.0941324 0.0905906 0.1157698 0.1005092 0.0000000 0.1052565 0.1114721 
Peramelidae_Peroryctes_raffrayana            0.1079647 0.0858788 0.1502583 0.1168151 0.1207106 0.2324992 0.1309039 0.0965807 0.0802719 0.1523043 0.0736402 0.0988518 0.0908213 0.0803483 0.0928214 0.0827451 0.0078299 0.0891395 0.1149255 0.0907353 0.0898018 0.1315726 0.1280486 0.0143992 0.1154992 0.1026025 0.1185780 0.0902770 0.0925809 0.0903272 0.1141800 0.0912086 0.1052565 0.0000000 0.0118233 
Peramelidae_Perameles_gunnii                 0.1143646 0.0913903 0.1455392 0.1165855 0.1207577 0.2188106 0.1301142 0.1001043 0.0893482 0.1454159 0.0842703 0.1056194 0.0955343 0.0944642 0.1003252 0.0905286 0.0006208 0.0999596 0.1169889 0.1006795 0.0968638 0.1304625 0.1282839 0.0169252 0.1186101 0.1079845 0.1210276 0.0916930 0.1025924 0.0977513 0.1208294 0.0973745 0.1114721 0.0118233 0.0000000 
