35
Burramyidae_Burramys_parvus                  0.0000000 0.0957760 0.0714815 0.0829707 0.0951842 0.1280421 0.0779368 0.0659756 0.0900954 0.0624388 0.1138214 0.1182369 0.0676627 0.1174934 0.1125153 0.1261603 0.0751937 0.1050251 0.0802742 0.0613002 0.1291728 0.1389822 0.1109909 0.0929585 0.0828739 0.0945970 0.0649301 0.0853146 0.0663063 0.0858229 0.1301115 0.1149547 0.1608130 0.0577644 0.1274527 
Notoryctidae_Notoryctes_typhlops             0.0957760 0.0000000 0.0908873 0.1039070 0.1142385 0.1332116 0.1079132 0.0936964 0.1098773 0.0838631 0.1323649 0.1472835 0.0949265 0.1531460 0.1329716 0.1276748 0.0932297 0.1026565 0.1035433 0.0812539 0.1412493 0.1554541 0.1153690 0.1194280 0.1034244 0.1136082 0.0942171 0.1014133 0.0913490 0.1118719 0.1352522 0.1139579 0.1620624 0.0567433 0.1221061 
Vombatidae_Lasiorhinus_latifrons             0.0714815 0.0908873 0.0000000 0.0818998 0.0872098 0.0726303 0.0876998 0.0688694 0.0918565 0.0626774 0.0813264 0.0839763 0.0725288 0.1396657 0.0812600 0.0712583 0.0526232 0.1014732 0.0826261 0.0557570 0.0666076 0.0756826 0.0615819 0.0504536 0.0347764 0.0900774 0.0696990 0.0893495 0.0517406 0.0905819 0.0727034 0.1069219 0.0852587 0.0251573 0.1348610 
Potoroidae_Bettongia_penicillata             0.0829707 0.1039070 0.0818998 0.0000000 0.0073977 0.1397884 0.0803225 0.0708376 0.0120293 0.0625291 0.1377453 0.1519713 0.0699803 0.1287414 0.1416868 0.1349398 0.0915165 0.1105115 0.0269670 0.0766730 0.1379439 0.1381845 0.1239668 0.0755984 0.1007945 0.0308703 0.0856478 0.0991910 0.0766217 0.0883135 0.1415317 0.1167378 0.1850537 0.0672813 0.1061954 
Potoroidae_Bettongia_lesueur                 0.0951842 0.1142385 0.0872098 0.0073977 0.0000000 0.1492158 0.0959076 0.0851759 0.0146285 0.0766643 0.1444530 0.1593125 0.0799834 0.1469131 0.1495694 0.1431244 0.1040480 0.1214708 0.0374188 0.0847041 0.1473056 0.1522644 0.1325876 0.0832682 0.1070758 0.0459621 0.0956930 0.1070652 0.0918643 0.0960255 0.1495313 0.1342843 0.1841293 0.0793940 0.1373823 
Dasyuridae_Dasyurus_maculatus                0.1280421 0.1332116 0.0726303 0.1397884 0.1492158 0.0000000 0.1578831 0.1352295 0.1536400 0.1224204 0.0381561 0.0473750 0.1334846 0.2023130 0.0362238 0.0102295 0.0189546 0.1353651 0.1403442 0.1165080 0.1095850 0.1159522 0.0205719 0.0917610 0.0823627 0.1535650 0.1369693 0.1449635 0.1030595 0.1536366 0.0054293 0.1509199 0.1196893 0.0584943 0.1475625 
Phalangeridae_Trichosurus_vulpecula          0.0779368 0.1079132 0.0876998 0.0803225 0.0959076 0.1578831 0.0000000 0.0468470 0.0910107 0.0422403 0.1518196 0.1640923 0.0606183 0.1460912 0.1552582 0.1528967 0.1055199 0.1221661 0.0877056 0.0776781 0.1450661 0.1544883 0.1391980 0.1116119 0.1019350 0.0975744 0.0929080 0.0906632 0.0864823 0.0777238 0.1582075 0.1280418 0.2091122 0.0807724 0.1603459 
Phalangeridae_Spilocuscus_maculatus          0.0659756 0.0936964 0.0688694 0.0708376 0.0851759 0.1352295 0.0468470 0.0000000 0.0796425 0.0122500 0.1262059 0.1373265 0.0418741 0.1325979 0.1294091 0.1320197 0.0859320 0.1078719 0.0758827 0.0609714 0.1330232 0.1348999 0.1177278 0.0943064 0.0819067 0.0845639 0.0710418 0.0789770 0.0677401 0.0603425 0.1355348 0.1073542 0.1677699 0.0635950 0.1264078 
Potoroidae_Aepyprymnus_rufescens             0.0900954 0.1098773 0.0918565 0.0120293 0.0146285 0.1536400 0.0910107 0.0796425 0.0000000 0.0725988 0.1453399 0.1592901 0.0747411 0.1495789 0.1512986 0.1498595 0.1002603 0.1185997 0.0323976 0.0825335 0.1479492 0.1529671 0.1356274 0.0855280 0.1118354 0.0420596 0.0938573 0.1041356 0.0839827 0.0929319 0.1539547 0.1324752 0.1880602 0.0723594 0.1302690 
Phalangeridae_Strigocuscus_pelengensis       0.0624388 0.0838631 0.0626774 0.0625291 0.0766643 0.1224204 0.0422403 0.0122500 0.0725988 0.0000000 0.1145519 0.1268534 0.0370788 0.1271834 0.1191554 0.1193649 0.0758764 0.1038017 0.0690183 0.0541459 0.1215863 0.1265725 0.1076770 0.0876104 0.0750234 0.0791946 0.0655538 0.0780838 0.0588182 0.0569319 0.1247520 0.1033587 0.1615625 0.0547341 0.1238527 
Dasyuridae_Phascogale_tapoatafa              0.1138214 0.1323649 0.0813264 0.1377453 0.1444530 0.0381561 0.1518196 0.1262059 0.1453399 0.1145519 0.0000000 0.0285619 0.1267645 0.1968948 0.0033820 0.0354940 0.0155024 0.1388979 0.1397717 0.1084516 0.1263131 0.1299122 0.0228318 0.0973812 0.0937088 0.1522629 0.1253037 0.1395488 0.0881796 0.1463766 0.0387882 0.1625568 0.0899846 0.0506590 0.1544158 
Dasyuridae_Sminthopsis_macroura              0.1182369 0.1472835 0.0839763 0.1519713 0.1593125 0.0473750 0.1640923 0.1373265 0.1592901 0.1268534 0.0285619 0.0000000 0.1407097 0.2023550 0.0267287 0.0444255 0.0149462 0.1505382 0.1532261 0.1189618 0.1361915 0.1393165 0.0409546 0.1135307 0.1093027 0.1664439 0.1436410 0.1502136 0.0982080 0.1612872 0.0481681 0.1665920 0.0857171 0.0536886 0.1713767 
Phalangeridae_Phalanger_orientalis           0.0676627 0.0949265 0.0725288 0.0699803 0.0799834 0.1334846 0.0606183 0.0418741 0.0747411 0.0370788 0.1267645 0.1407097 0.0000000 0.1119046 0.1312404 0.1302912 0.0785605 0.1081303 0.0732175 0.0601568 0.1359834 0.1325773 0.1157610 0.0919682 0.0867182 0.0815599 0.0652807 0.0807240 0.0637933 0.0189110 0.1337884 0.1109882 0.1662714 0.0573887 0.1149744 
Acrobatidae_Acrobates_pygmaeus               0.1174934 0.1531460 0.1396657 0.1287414 0.1469131 0.2023130 0.1460912 0.1325979 0.1495789 0.1271834 0.1968948 0.2023550 0.1119046 0.0000000 0.1999485 0.1981006 0.1362511 0.1653120 0.1436533 0.1191484 0.1807159 0.1949495 0.1897626 0.1672803 0.1500199 0.1564677 0.1043451 0.1425954 0.0946362 0.1295310 0.2044659 0.1713358 0.1995062 0.0735407 0.1201016 
Dasyuridae_Phascogale_calura                 0.1125153 0.1329716 0.0812600 0.1416868 0.1495694 0.0362238 0.1552582 0.1294091 0.1512986 0.1191554 0.0033820 0.0267287 0.1312404 0.1999485 0.0000000 0.0335726 0.0136560 0.1424817 0.1457248 0.1094168 0.1261943 0.1280166 0.0216948 0.1002565 0.0959180 0.1584644 0.1282927 0.1432144 0.0915042 0.1512548 0.0368259 0.1636838 0.0916810 0.0522094 0.1565961 
Dasyuridae_Sarcophilus_harrisii              0.1261603 0.1276748 0.0712583 0.1349398 0.1431244 0.0102295 0.1528967 0.1320197 0.1498595 0.1193649 0.0354940 0.0444255 0.1302912 0.1981006 0.0335726 0.0000000 0.0184449 0.1324507 0.1394674 0.1158786 0.1090971 0.1129402 0.0194769 0.0873255 0.0821275 0.1501498 0.1298096 0.1404332 0.0996211 0.1501910 0.0121014 0.1491889 0.1214432 0.0567813 0.1469457 
Dasyuridae_Planigale_tenuirostris            0.0751937 0.0932297 0.0526232 0.0915165 0.1040480 0.0189546 0.1055199 0.0859320 0.1002603 0.0758764 0.0155024 0.0149462 0.0785605 0.1362511 0.0136560 0.0184449 0.0000000 0.0991814 0.0864140 0.0682671 0.0926194 0.0971086 0.0123229 0.0731817 0.0680954 0.1075717 0.0817938 0.0968853 0.0839017 0.0984534 0.0191917 0.1167698 0.0678053 0.0456496 0.0932389 
Peramelidae_Echymipera_kalubu                0.1050251 0.1026565 0.1014732 0.1105115 0.1214708 0.1353651 0.1221661 0.1078719 0.1185997 0.1038017 0.1388979 0.1505382 0.1081303 0.1653120 0.1424817 0.1324507 0.0991814 0.0000000 0.1098589 0.0976159 0.1400824 0.1544313 0.1285625 0.1367861 0.1191786 0.1273730 0.1057127 0.1195897 0.1085370 0.1275545 0.1356629 0.0275376 0.0733337 0.0680014 0.0428655 
Macropodidae_Dorcopsulus_vanheurni           0.0802742 0.1035433 0.0826261 0.0269670 0.0374188 0.1403442 0.0877056 0.0758827 0.0323976 0.0690183 0.1397717 0.1532261 0.0732175 0.1436533 0.1457248 0.1394674 0.0864140 0.1098589 0.0000000 0.0739908 0.1336752 0.1393541 0.1300327 0.0836401 0.0973715 0.0248255 0.0790479 0.0959357 0.0838610 0.0902846 0.1434269 0.1202496 0.1767494 0.0584412 0.1187623 
Pseudochiridae_Pseudochirulus_forbesi        0.0613002 0.0812539 0.0557570 0.0766730 0.0847041 0.1165080 0.0776781 0.0609714 0.0825335 0.0541459 0.1084516 0.1189618 0.0601568 0.1191484 0.1094168 0.1158786 0.0682671 0.0976159 0.0739908 0.0000000 0.1031370 0.1092571 0.1011880 0.0819670 0.0434920 0.0869973 0.0196944 0.0586249 0.0508670 0.0797230 0.1143655 0.1008650 0.1210326 0.0444195 0.1023850 
Didelphidae_Didelphis_virginiana             0.1291728 0.1412493 0.0666076 0.1379439 0.1473056 0.1095850 0.1450661 0.1330232 0.1479492 0.1215863 0.1263131 0.1361915 0.1359834 0.1807159 0.1261943 0.1090971 0.0926194 0.1400824 0.1336752 0.1031370 0.0000000 0.0399827 0.1006373 0.0938276 0.0807180 0.1468958 0.1063016 0.1413110 0.0980733 0.1448620 0.1098892 0.1485668 0.1303427 0.0517187 0.1657731 
Marmosidae_Monodelphis_domestica             0.1389822 0.1554541 0.0756826 0.1381845 0.1522644 0.1159522 0.1544883 0.1348999 0.1529671 0.1265725 0.1299122 0.1393165 0.1325773 0.1949495 0.1280166 0.1129402 0.0971086 0.1544313 0.1393541 0.1092571 0.0399827 0.0000000 0.1019577 0.0974792 0.0899540 0.1556446 0.1150410 0.1520943 0.1034194 0.1452421 0.1167249 0.1667907 0.1256761 0.0515445 0.1614863 
Dasyuridae_Antechinus_stuartii               0.1109909 0.1153690 0.0615819 0.1239668 0.1325876 0.0205719 0.1391980 0.1177278 0.1356274 0.1076770 0.0228318 0.0409546 0.1157610 0.1897626 0.0216948 0.0194769 0.0123229 0.1285625 0.1300327 0.1011880 0.1006373 0.1019577 0.0000000 0.0775336 0.0756543 0.1392980 0.1143396 0.1329120 0.0902810 0.1354870 0.0208857 0.1473823 0.1128545 0.0475930 0.1328607 
Hypsiprymnodontidae_Hypsiprymnodon_moschatus 0.0929585 0.1194280 0.0504536 0.0755984 0.0832682 0.0917610 0.1116119 0.0943064 0.0855280 0.0876104 0.0973812 0.1135307 0.0919682 0.1672803 0.1002565 0.0873255 0.0731817 0.1367861 0.0836401 0.0819670 0.0938276 0.0974792 0.0775336 0.0000000 0.0573463 0.0933315 0.0902801 0.1068190 0.0651975 0.1060485 0.0940478 0.1427218 0.1240042 0.0576585 0.1713375 
Pseudochiridae_Petauroides_volans            0.0828739 0.1034244 0.0347764 0.1007945 0.1070758 0.0823627 0.1019350 0.0819067 0.1118354 0.0750234 0.0937088 0.1093027 0.0867182 0.1500199 0.0959180 0.0821275 0.0680954 0.1191786 0.0973715 0.0434920 0.0807180 0.0899540 0.0756543 0.0573463 0.0000000 0.1085685 0.0518906 0.0831533 0.0542433 0.1038288 0.0825629 0.1288639 0.1011145 0.0350557 0.1513233 
Macropodidae_Wallabia_bicolor                0.0945970 0.1136082 0.0900774 0.0308703 0.0459621 0.1535650 0.0975744 0.0845639 0.0420596 0.0791946 0.1522629 0.1664439 0.0815599 0.1564677 0.1584644 0.1501498 0.1075717 0.1273730 0.0248255 0.0869973 0.1468958 0.1556446 0.1392980 0.0933315 0.1085685 0.0000000 0.0940936 0.1103074 0.0963438 0.1051484 0.1580594 0.1401140 0.2025571 0.0741310 0.1421360 
Pseudochiridae_Pseudocheirus_occidentalis    0.0649301 0.0942171 0.0696990 0.0856478 0.0956930 0.1369693 0.0929080 0.0710418 0.0938573 0.0655538 0.1253037 0.1436410 0.0652807 0.1043451 0.1282927 0.1298096 0.0817938 0.1057127 0.0790479 0.0196944 0.1063016 0.1150410 0.1143396 0.0902801 0.0518906 0.0940936 0.0000000 0.0614271 0.0533861 0.0631728 0.1349724 0.1071173 0.1242107 0.0500098 0.0983700 
Tarsipedidae_Tarsipes_rostratus              0.0853146 0.1014133 0.0893495 0.0991910 0.1070652 0.1449635 0.0906632 0.0789770 0.1041356 0.0780838 0.1395488 0.1502136 0.0807240 0.1425954 0.1432144 0.1404332 0.0968853 0.1195897 0.0959357 0.0586249 0.1413110 0.1520943 0.1329120 0.1068190 0.0831533 0.1103074 0.0614271 0.0000000 0.0874244 0.0974564 0.1495040 0.1271082 0.1462491 0.0551427 0.1223104 
Acrobatidae_Distoechurus_pennatus            0.0663063 0.0913490 0.0517406 0.0766217 0.0918643 0.1030595 0.0864823 0.0677401 0.0839827 0.0588182 0.0881796 0.0982080 0.0637933 0.0946362 0.0915042 0.0996211 0.0839017 0.1085370 0.0838610 0.0508670 0.0980733 0.1034194 0.0902810 0.0651975 0.0542433 0.0963438 0.0533861 0.0874244 0.0000000 0.0791695 0.0995241 0.1207191 0.0629453 0.0382040 0.1016054 
Phalangeridae_Phalanger_carmelitae           0.0858229 0.1118719 0.0905819 0.0883135 0.0960255 0.1536366 0.0777238 0.0603425 0.0929319 0.0569319 0.1463766 0.1612872 0.0189110 0.1295310 0.1512548 0.1501910 0.0984534 0.1275545 0.0902846 0.0797230 0.1448620 0.1452421 0.1354870 0.1060485 0.1038288 0.1051484 0.0631728 0.0974564 0.0791695 0.0000000 0.1539496 0.1309029 0.1619004 0.0826138 0.1274824 
Dasyuridae_Dasyurus_geffroii                 0.1301115 0.1352522 0.0727034 0.1415317 0.1495313 0.0054293 0.1582075 0.1355348 0.1539547 0.1247520 0.0387882 0.0481681 0.1337884 0.2044659 0.0368259 0.0121014 0.0191917 0.1356629 0.1434269 0.1143655 0.1098892 0.1167249 0.0208857 0.0940478 0.0825629 0.1580594 0.1349724 0.1495040 0.0995241 0.1539496 0.0000000 0.1515088 0.1214571 0.0570200 0.1493548 
Peramelidae_Perameles_gunnii                 0.1149547 0.1139579 0.1069219 0.1167378 0.1342843 0.1509199 0.1280418 0.1073542 0.1324752 0.1033587 0.1625568 0.1665920 0.1109882 0.1713358 0.1636838 0.1491889 0.1167698 0.0275376 0.1202496 0.1008650 0.1485668 0.1667907 0.1473823 0.1427218 0.1288639 0.1401140 0.1071173 0.1271082 0.1207191 0.1309029 0.1515088 0.0000000 0.0558406 0.0759692 0.0403301 
Peramelidae_Perameles_nasuta                 0.1608130 0.1620624 0.0852587 0.1850537 0.1841293 0.1196893 0.2091122 0.1677699 0.1880602 0.1615625 0.0899846 0.0857171 0.1662714 0.1995062 0.0916810 0.1214432 0.0678053 0.0733337 0.1767494 0.1210326 0.1303427 0.1256761 0.1128545 0.1240042 0.1011145 0.2025571 0.1242107 0.1462491 0.0629453 0.1619004 0.1214571 0.0558406 0.0000000 0.0661387 0.0973583 
Microbiotheriidae_Dromiciops_gliroides       0.0577644 0.0567433 0.0251573 0.0672813 0.0793940 0.0584943 0.0807724 0.0635950 0.0723594 0.0547341 0.0506590 0.0536886 0.0573887 0.0735407 0.0522094 0.0567813 0.0456496 0.0680014 0.0584412 0.0444195 0.0517187 0.0515445 0.0475930 0.0576585 0.0350557 0.0741310 0.0500098 0.0551427 0.0382040 0.0826138 0.0570200 0.0759692 0.0661387 0.0000000 0.1017349 
Peramelidae_Peroryctes_raffrayana            0.1274527 0.1221061 0.1348610 0.1061954 0.1373823 0.1475625 0.1603459 0.1264078 0.1302690 0.1238527 0.1544158 0.1713767 0.1149744 0.1201016 0.1565961 0.1469457 0.0932389 0.0428655 0.1187623 0.1023850 0.1657731 0.1614863 0.1328607 0.1713375 0.1513233 0.1421360 0.0983700 0.1223104 0.1016054 0.1274824 0.1493548 0.0403301 0.0973583 0.1017349 0.0000000 
