37
Burramyidae_Burramys_parvus                  0.0000000 0.0614980 0.0383236 0.0368072 0.0442237 0.0595687 0.0388019 0.0440167 0.0487935 0.0552766 0.0430256 0.0454073 0.0608783 0.0455444 0.0513974 0.0481529 0.0605090 0.0499718 0.0702529 0.0384938 0.0541575 0.0623902 0.0614587 0.0454312 0.0449152 0.0340988 0.0468250 0.0371622 0.0565106 0.0606926 0.0477631 0.0417682 0.0439418 0.0521673 0.0556380 0.1549052 0.1549052 
Notoryctidae_Notoryctes_typhlops             0.0614980 0.0000000 0.0613904 0.0541981 0.0592429 0.0676458 0.0619725 0.0625359 0.0647977 0.0644271 0.0634685 0.0547157 0.0691252 0.0626145 0.0645696 0.0563283 0.0659713 0.0629774 0.0745431 0.0542987 0.0670332 0.0702547 0.0706895 0.0560970 0.0641273 0.0470538 0.0623151 0.0529270 0.0706983 0.0730065 0.0637178 0.0627336 0.0604789 0.0599345 0.0654231 0.1657210 0.1657210 
Vombatidae_Lasiorhinus_latifrons             0.0383236 0.0613904 0.0000000 0.0334191 0.0373046 0.0463719 0.0356491 0.0391757 0.0385138 0.0476298 0.0388805 0.0397563 0.0522964 0.0380384 0.0403323 0.0390326 0.0460725 0.0455166 0.0586292 0.0348747 0.0421920 0.0480513 0.0482027 0.0394082 0.0389855 0.0316587 0.0354272 0.0313342 0.0454879 0.0496346 0.0383440 0.0388238 0.0450473 0.0396532 0.0474655 0.2912947 0.2912947 
Potoroidae_Bettongia_penicillata             0.0368072 0.0541981 0.0334191 0.0000000 0.0120622 0.0556012 0.0385771 0.0425718 0.0152127 0.0507917 0.0417161 0.0442951 0.0584823 0.0431871 0.0456965 0.0455114 0.0551924 0.0456100 0.0638596 0.0129866 0.0482542 0.0559788 0.0544152 0.0435423 0.0279560 0.0282452 0.0425704 0.0140151 0.0524874 0.0564890 0.0445334 0.0419933 0.0410668 0.0471042 0.0511364 0.1480249 0.1480249 
Potoroidae_Bettongia_lesueur                 0.0442237 0.0592429 0.0373046 0.0120622 0.0000000 0.0568783 0.0451356 0.0478167 0.0196310 0.0551397 0.0467567 0.0469619 0.0611214 0.0489671 0.0499700 0.0481836 0.0556225 0.0499013 0.0696518 0.0200399 0.0523772 0.0604888 0.0571491 0.0459799 0.0337353 0.0330050 0.0450606 0.0142611 0.0564998 0.0581923 0.0488133 0.0481796 0.0461388 0.0480547 0.0552141 0.2423894 0.2423894 
Dasyuridae_Dasyurus_maculatus                0.0595687 0.0676458 0.0463719 0.0556012 0.0568783 0.0000000 0.0589023 0.0649603 0.0539056 0.0634120 0.0652276 0.0171606 0.0326639 0.0648717 0.0615620 0.0168356 0.0144813 0.0264479 0.0774132 0.0524300 0.0683743 0.0660708 0.0660913 0.0174278 0.0630264 0.0369948 0.0627694 0.0515469 0.0740983 0.0737255 0.0640120 0.0638603 0.0502694 0.0068640 0.0635458 0.3114247 0.3114247 
Phalangeridae_Trichosurus_vulpecula          0.0388019 0.0619725 0.0356491 0.0385771 0.0451356 0.0589023 0.0000000 0.0215783 0.0462427 0.0573341 0.0274470 0.0450340 0.0607987 0.0277876 0.0441380 0.0488722 0.0574796 0.0480080 0.0689716 0.0393768 0.0497627 0.0605680 0.0603784 0.0475750 0.0454340 0.0330349 0.0443951 0.0397624 0.0518077 0.0618038 0.0455909 0.0220692 0.0431867 0.0487721 0.0577132 0.2154544 0.2154544 
Phalangeridae_Spilocuscus_maculatus          0.0440167 0.0625359 0.0391757 0.0425718 0.0478167 0.0649603 0.0215783 0.0000000 0.0521869 0.0574945 0.0173974 0.0474989 0.0639418 0.0201761 0.0512153 0.0522119 0.0631377 0.0507763 0.0690545 0.0421959 0.0523313 0.0619729 0.0626514 0.0502266 0.0495344 0.0380214 0.0476371 0.0411558 0.0560071 0.0630682 0.0468762 0.0128212 0.0467821 0.0542913 0.0583611 0.1823091 0.1823091 
Potoroidae_Aepyprymnus_rufescens             0.0487935 0.0647977 0.0385138 0.0152127 0.0196310 0.0539056 0.0462427 0.0521869 0.0000000 0.0602015 0.0515237 0.0542964 0.0683547 0.0510827 0.0523160 0.0557856 0.0578684 0.0536902 0.0757809 0.0204149 0.0579015 0.0604815 0.0592626 0.0516079 0.0354321 0.0345198 0.0502297 0.0226042 0.0606851 0.0591797 0.0522722 0.0515662 0.0499436 0.0485024 0.0605955 0.5925109 0.5925109 
Peramelidae_Perameles_nasuta                 0.0552766 0.0644271 0.0476298 0.0507917 0.0551397 0.0634120 0.0573341 0.0574945 0.0602015 0.0000000 0.0565340 0.0485524 0.0579401 0.0624551 0.0609345 0.0507342 0.0627397 0.0552312 0.0234813 0.0496247 0.0562255 0.0598189 0.0572212 0.0493337 0.0579257 0.0309872 0.0530909 0.0465505 0.0625954 0.0622264 0.0571148 0.0592198 0.0137028 0.0530005 0.0015320 0.2101301 0.2101301 
Phalangeridae_Strigocuscus_pelengensis       0.0430256 0.0634685 0.0388805 0.0417161 0.0467567 0.0652276 0.0274470 0.0173974 0.0515237 0.0565340 0.0000000 0.0498869 0.0637855 0.0231312 0.0473370 0.0527650 0.0618279 0.0497147 0.0691203 0.0423183 0.0522605 0.0604081 0.0595719 0.0526682 0.0511468 0.0346875 0.0444497 0.0413815 0.0552196 0.0605110 0.0464209 0.0187566 0.0468434 0.0545223 0.0576531 0.1767296 0.1767296 
Dasyuridae_Phascogale_tapoatafa              0.0454073 0.0547157 0.0397563 0.0442951 0.0469619 0.0171606 0.0450340 0.0474989 0.0542964 0.0485524 0.0498869 0.0000000 0.0210356 0.0494202 0.0508928 0.0021698 0.0217416 0.0154653 0.0615527 0.0443094 0.0517542 0.0544095 0.0548921 0.0056257 0.0496933 0.0280636 0.0498061 0.0429484 0.0585474 0.0590480 0.0495035 0.0466606 0.0407555 0.0132341 0.0484016 0.0163082 0.0163082 
Dasyuridae_Sminthopsis_macroura              0.0608783 0.0691252 0.0522964 0.0584823 0.0611214 0.0326639 0.0607987 0.0639418 0.0683547 0.0579401 0.0637855 0.0210356 0.0000000 0.0677847 0.0628855 0.0220144 0.0344140 0.0228598 0.0724708 0.0592734 0.0669144 0.0654935 0.0664797 0.0214406 0.0649263 0.0363774 0.0628242 0.0568410 0.0732678 0.0684124 0.0629033 0.0638880 0.0494666 0.0260025 0.0578021 0.0288975 0.0288975 
Phalangeridae_Phalanger_orientalis           0.0455444 0.0626145 0.0380384 0.0431871 0.0489671 0.0648717 0.0277876 0.0201761 0.0510827 0.0624551 0.0231312 0.0494202 0.0677847 0.0000000 0.0548677 0.0542033 0.0637092 0.0522670 0.0741870 0.0425858 0.0575474 0.0673422 0.0636913 0.0527898 0.0517006 0.0378569 0.0495500 0.0437632 0.0599508 0.0629936 0.0519542 0.0137276 0.0468712 0.0566395 0.0638708 0.2329134 0.2329134 
Acrobatidae_Acrobates_pygmaeus               0.0513974 0.0645696 0.0403323 0.0456965 0.0499700 0.0615620 0.0441380 0.0512153 0.0523160 0.0609345 0.0473370 0.0508928 0.0628855 0.0548677 0.0000000 0.0526722 0.0576912 0.0497659 0.0722879 0.0419787 0.0437827 0.0611981 0.0589271 0.0504392 0.0516184 0.0305832 0.0386594 0.0430829 0.0512645 0.0578303 0.0295362 0.0521061 0.0477460 0.0536238 0.0618301 0.2452202 0.2452202 
Dasyuridae_Phascogale_calura                 0.0481529 0.0563283 0.0390326 0.0455114 0.0481836 0.0168356 0.0488722 0.0522119 0.0557856 0.0507342 0.0527650 0.0021698 0.0220144 0.0542033 0.0526722 0.0000000 0.0227222 0.0151761 0.0641507 0.0462750 0.0550482 0.0558744 0.0561469 0.0048127 0.0521536 0.0269780 0.0518593 0.0446571 0.0604272 0.0618452 0.0525245 0.0511251 0.0410146 0.0129486 0.0505872 0.0163852 0.0163852 
Dasyuridae_Sarcophilus_harrisii              0.0605090 0.0659713 0.0460725 0.0551924 0.0556225 0.0144813 0.0574796 0.0631377 0.0578684 0.0627397 0.0618279 0.0217416 0.0344140 0.0637092 0.0576912 0.0227222 0.0000000 0.0277416 0.0781223 0.0527914 0.0629238 0.0627793 0.0619664 0.0216246 0.0626813 0.0361887 0.0579470 0.0511007 0.0701968 0.0714326 0.0598493 0.0617905 0.0501813 0.0095679 0.0628710 0.2469386 0.2469386 
Dasyuridae_Planigale_tenuirostris            0.0499718 0.0629774 0.0455166 0.0456100 0.0499013 0.0264479 0.0480080 0.0507763 0.0536902 0.0552312 0.0497147 0.0154653 0.0228598 0.0522670 0.0497659 0.0151761 0.0277416 0.0000000 0.0657783 0.0456304 0.0555881 0.0552646 0.0539069 0.0152755 0.0516202 0.0313464 0.0524363 0.0442968 0.0606551 0.0613858 0.0522632 0.0502082 0.0455636 0.0197394 0.0555925 0.0559992 0.0559992 
Peramelidae_Echymipera_kalubu                0.0702529 0.0745431 0.0586292 0.0638596 0.0696518 0.0774132 0.0689716 0.0690545 0.0757809 0.0234813 0.0691203 0.0615527 0.0724708 0.0741870 0.0722879 0.0641507 0.0781223 0.0657783 0.0000000 0.0652782 0.0716225 0.0702950 0.0699189 0.0616100 0.0710016 0.0452196 0.0661942 0.0635133 0.0761905 0.0800184 0.0686909 0.0697730 0.0202100 0.0676822 0.0239728 0.2185964 0.2185964 
Macropodidae_Dorcopsulus_vanheurni           0.0384938 0.0542987 0.0348747 0.0129866 0.0200399 0.0524300 0.0393768 0.0421959 0.0204149 0.0496247 0.0423183 0.0443094 0.0592734 0.0425858 0.0419787 0.0462750 0.0527914 0.0456304 0.0652782 0.0000000 0.0472654 0.0540781 0.0524133 0.0438867 0.0285764 0.0282423 0.0410123 0.0086132 0.0514895 0.0561277 0.0431892 0.0420662 0.0409704 0.0471610 0.0507116 0.1720887 0.1720887 
Pseudochiridae_Pseudochirulus_forbesi        0.0541575 0.0670332 0.0421920 0.0482542 0.0523772 0.0683743 0.0497627 0.0523313 0.0579015 0.0562255 0.0522605 0.0517542 0.0669144 0.0575474 0.0437827 0.0550482 0.0629238 0.0555881 0.0716225 0.0472654 0.0000000 0.0635110 0.0630924 0.0546555 0.0540146 0.0371956 0.0266055 0.0464300 0.0294483 0.0566532 0.0413384 0.0529949 0.0486315 0.0592379 0.0563395 0.1815906 0.1815906 
Didelphidae_Didelphis_virginiana             0.0623902 0.0702547 0.0480513 0.0559788 0.0604888 0.0660708 0.0605680 0.0619729 0.0604815 0.0598189 0.0604081 0.0544095 0.0654935 0.0673422 0.0611981 0.0558744 0.0627793 0.0552646 0.0702950 0.0540781 0.0635110 0.0000000 0.0262680 0.0551932 0.0623142 0.0389604 0.0573622 0.0530531 0.0686264 0.0700231 0.0580025 0.0630194 0.0498387 0.0550040 0.0607138 0.2590690 0.2590690 
Marmosidae_Monodelphis_domestica             0.0614587 0.0706895 0.0482027 0.0544152 0.0571491 0.0660913 0.0603784 0.0626514 0.0592626 0.0572212 0.0595719 0.0548921 0.0664797 0.0636913 0.0589271 0.0561469 0.0619664 0.0539069 0.0699189 0.0524133 0.0630924 0.0262680 0.0000000 0.0565719 0.0638392 0.0349669 0.0537518 0.0532657 0.0668200 0.0676493 0.0609388 0.0633777 0.0471586 0.0564015 0.0586223 0.1946402 0.1946402 
Dasyuridae_Antechinus_stuartii               0.0454312 0.0560970 0.0394082 0.0435423 0.0459799 0.0174278 0.0475750 0.0502266 0.0516079 0.0493337 0.0526682 0.0056257 0.0214406 0.0527898 0.0504392 0.0048127 0.0216246 0.0152755 0.0616100 0.0438867 0.0546555 0.0551932 0.0565719 0.0000000 0.0498939 0.0272613 0.0521368 0.0421031 0.0603086 0.0595911 0.0500678 0.0493695 0.0422202 0.0128796 0.0489319 0.0087277 0.0087277 
Hypsiprymnodontidae_Hypsiprymnodon_moschatus 0.0449152 0.0641273 0.0389855 0.0279560 0.0337353 0.0630264 0.0454340 0.0495344 0.0354321 0.0579257 0.0511468 0.0496933 0.0649263 0.0517006 0.0516184 0.0521536 0.0626813 0.0516202 0.0710016 0.0285764 0.0540146 0.0623142 0.0638392 0.0498939 0.0000000 0.0365658 0.0496903 0.0258585 0.0569502 0.0648922 0.0502806 0.0506609 0.0476513 0.0534652 0.0588011 0.2737228 0.2737228 
Microbiotheriidae_Dromiciops_gliroides       0.0340988 0.0470538 0.0316587 0.0282452 0.0330050 0.0369948 0.0330349 0.0380214 0.0345198 0.0309872 0.0346875 0.0280636 0.0363774 0.0378569 0.0305832 0.0269780 0.0361887 0.0313464 0.0452196 0.0282423 0.0371956 0.0389604 0.0349669 0.0272613 0.0365658 0.0000000 0.0306699 0.0256674 0.0438513 0.0378188 0.0297734 0.0362157 0.0311703 0.0281247 0.0312576 0.2013351 0.2013351 
Pseudochiridae_Petauroides_volans            0.0468250 0.0623151 0.0354272 0.0425704 0.0450606 0.0627694 0.0443951 0.0476371 0.0502297 0.0530909 0.0444497 0.0498061 0.0628242 0.0495500 0.0386594 0.0518593 0.0579470 0.0524363 0.0661942 0.0410123 0.0266055 0.0573622 0.0537518 0.0521368 0.0496903 0.0306699 0.0000000 0.0413109 0.0347024 0.0513391 0.0388463 0.0465960 0.0438914 0.0523452 0.0528964 0.2399907 0.2399907 
Macropodidae_Wallabia_bicolor                0.0371622 0.0529270 0.0313342 0.0140151 0.0142611 0.0515469 0.0397624 0.0411558 0.0226042 0.0465505 0.0413815 0.0429484 0.0568410 0.0437632 0.0430829 0.0446571 0.0511007 0.0442968 0.0635133 0.0086132 0.0464300 0.0530531 0.0532657 0.0421031 0.0258585 0.0256674 0.0413109 0.0000000 0.0499545 0.0547198 0.0408923 0.0417497 0.0396264 0.0459301 0.0476300 0.0688676 0.0688676 
Pseudochiridae_Pseudocheirus_occidentalis    0.0565106 0.0706983 0.0454879 0.0524874 0.0564998 0.0740983 0.0518077 0.0560071 0.0606851 0.0625954 0.0552196 0.0585474 0.0732678 0.0599508 0.0512645 0.0604272 0.0701968 0.0606551 0.0761905 0.0514895 0.0294483 0.0686264 0.0668200 0.0603086 0.0569502 0.0438513 0.0347024 0.0499545 0.0000000 0.0610247 0.0491849 0.0559182 0.0528529 0.0624034 0.0624460 0.2265433 0.2265433 
Tarsipedidae_Tarsipes_rostratus              0.0606926 0.0730065 0.0496346 0.0564890 0.0581923 0.0737255 0.0618038 0.0630682 0.0591797 0.0622264 0.0605110 0.0590480 0.0684124 0.0629936 0.0578303 0.0618452 0.0714326 0.0613858 0.0800184 0.0561277 0.0566532 0.0700231 0.0676493 0.0595911 0.0648922 0.0378188 0.0513391 0.0547198 0.0610247 0.0000000 0.0536548 0.0628111 0.0528901 0.0621882 0.0631515 0.1700371 0.1700371 
Acrobatidae_Distoechurus_pennatus            0.0477631 0.0637178 0.0383440 0.0445334 0.0488133 0.0640120 0.0455909 0.0468762 0.0522722 0.0571148 0.0464209 0.0495035 0.0629033 0.0519542 0.0295362 0.0525245 0.0598493 0.0522632 0.0686909 0.0431892 0.0413384 0.0580025 0.0609388 0.0500678 0.0502806 0.0297734 0.0388463 0.0408923 0.0491849 0.0536548 0.0000000 0.0474755 0.0470452 0.0529223 0.0579887 0.2576814 0.2576814 
Phalangeridae_Phalanger_carmelitae           0.0417682 0.0627336 0.0388238 0.0419933 0.0481796 0.0638603 0.0220692 0.0128212 0.0515662 0.0592198 0.0187566 0.0466606 0.0638880 0.0137276 0.0521061 0.0511251 0.0617905 0.0502082 0.0697730 0.0420662 0.0529949 0.0630194 0.0633777 0.0493695 0.0506609 0.0362157 0.0465960 0.0417497 0.0559182 0.0628111 0.0474755 0.0000000 0.0464417 0.0542090 0.0595931 0.1564998 0.1564998 
Peramelidae_Peroryctes_raffrayana            0.0439418 0.0604789 0.0450473 0.0410668 0.0461388 0.0502694 0.0431867 0.0467821 0.0499436 0.0137028 0.0468434 0.0407555 0.0494666 0.0468712 0.0477460 0.0410146 0.0501813 0.0455636 0.0202100 0.0409704 0.0486315 0.0498387 0.0471586 0.0422202 0.0476513 0.0311703 0.0438914 0.0396264 0.0528529 0.0528901 0.0470452 0.0464417 0.0000000 0.0436029 0.0141441 0.2303563 0.2303563 
Dasyuridae_Dasyurus_geffroii                 0.0521673 0.0599345 0.0396532 0.0471042 0.0480547 0.0068640 0.0487721 0.0542913 0.0485024 0.0530005 0.0545223 0.0132341 0.0260025 0.0566395 0.0536238 0.0129486 0.0095679 0.0197394 0.0676822 0.0471610 0.0592379 0.0550040 0.0564015 0.0128796 0.0534652 0.0281247 0.0523452 0.0459301 0.0624034 0.0621882 0.0529223 0.0542090 0.0436029 0.0000000 0.0525968 0.1369647 0.1369647 
Peramelidae_Perameles_gunnii                 0.0556380 0.0654231 0.0474655 0.0511364 0.0552141 0.0635458 0.0577132 0.0583611 0.0605955 0.0015320 0.0576531 0.0484016 0.0578021 0.0638708 0.0618301 0.0505872 0.0628710 0.0555925 0.0239728 0.0507116 0.0563395 0.0607138 0.0586223 0.0489319 0.0588011 0.0312576 0.0528964 0.0476300 0.0624460 0.0631515 0.0579887 0.0595931 0.0141441 0.0525968 0.0000000 0.2174134 0.2174134 
Myrmecobiidae_Myrmecobius_fasciatus1         0.1549052 0.1657210 0.2912947 0.1480249 0.2423894 0.3114247 0.2154544 0.1823091 0.5925109 0.2101301 0.1767296 0.0163082 0.0288975 0.2329134 0.2452202 0.0163852 0.2469386 0.0559992 0.2185964 0.1720887 0.1815906 0.2590690 0.1946402 0.0087277 0.2737228 0.2013351 0.2399907 0.0688676 0.2265433 0.1700371 0.2576814 0.1564998 0.2303563 0.1369647 0.2174134 0.0000000 0.0000010 
Myrmecobiidae_Myrmecobius_fasciatus2         0.1549052 0.1657210 0.2912947 0.1480249 0.2423894 0.3114247 0.2154544 0.1823091 0.5925109 0.2101301 0.1767296 0.0163082 0.0288975 0.2329134 0.2452202 0.0163852 0.2469386 0.0559992 0.2185964 0.1720887 0.1815906 0.2590690 0.1946402 0.0087277 0.2737228 0.2013351 0.2399907 0.0688676 0.2265433 0.1700371 0.2576814 0.1564998 0.2303563 0.1369647 0.2174134 0.0000010 0.0000000 
