35
Burramyidae_Burramys_parvus                  0.0000000 0.0618746 0.0394130 0.0421891 0.0429294 0.0601180 0.0343913 0.0339304 0.0408275 0.0572069 0.0306145 0.0596527 0.0575651 0.0341968 0.0401735 0.0600243 0.0565200 0.0629844 0.0612862 0.0419573 0.0425566 0.0708227 0.0701234 0.0596868 0.0383863 0.0649919 0.0392904 0.0427754 0.0417838 0.0505094 0.0428579 0.0313719 0.0649178 0.0584068 0.0594053 
Notoryctidae_Notoryctes_typhlops             0.0618746 0.0000000 0.0583400 0.0618630 0.0631508 0.0682191 0.0576683 0.0580229 0.0619142 0.0658192 0.0548261 0.0695929 0.0689164 0.0575488 0.0622475 0.0698251 0.0667082 0.0778727 0.0677847 0.0646169 0.0711613 0.0825857 0.0853911 0.0692792 0.0593463 0.0786501 0.0609478 0.0662759 0.0673449 0.0721597 0.0638123 0.0549812 0.0739803 0.0686756 0.0652056 
Vombatidae_Lasiorhinus_latifrons             0.0394130 0.0583400 0.0000000 0.0457871 0.0465238 0.0578969 0.0379958 0.0363466 0.0441112 0.0552002 0.0329515 0.0605010 0.0600045 0.0355339 0.0402031 0.0606845 0.0559298 0.0612874 0.0555605 0.0455809 0.0456121 0.0694865 0.0728237 0.0590769 0.0401470 0.0649069 0.0413274 0.0473616 0.0426645 0.0500771 0.0438541 0.0344489 0.0622817 0.0577868 0.0553942 
Potoroidae_Bettongia_penicillata             0.0421891 0.0618630 0.0457871 0.0000000 0.0033310 0.0590453 0.0405897 0.0405340 0.0087447 0.0616502 0.0368456 0.0623248 0.0615662 0.0406658 0.0457154 0.0628657 0.0575092 0.0646800 0.0648828 0.0190332 0.0503324 0.0774401 0.0783690 0.0615131 0.0286496 0.0684116 0.0417005 0.0199814 0.0484162 0.0547521 0.0476056 0.0380342 0.0700444 0.0596194 0.0627541 
Potoroidae_Bettongia_lesueur                 0.0429294 0.0631508 0.0465238 0.0033310 0.0000000 0.0608708 0.0412996 0.0412630 0.0094171 0.0632573 0.0375699 0.0641800 0.0633819 0.0413769 0.0458600 0.0646922 0.0593305 0.0664159 0.0664591 0.0187906 0.0508370 0.0795249 0.0790732 0.0633649 0.0293471 0.0700694 0.0424172 0.0197310 0.0496989 0.0559915 0.0478100 0.0382423 0.0722137 0.0614485 0.0643256 
Dasyuridae_Dasyurus_maculatus                0.0601180 0.0682191 0.0578969 0.0590453 0.0608708 0.0000000 0.0564933 0.0566620 0.0591071 0.0654027 0.0518713 0.0165500 0.0204004 0.0558069 0.0611446 0.0176384 0.0067083 0.0229434 0.0672100 0.0631403 0.0707630 0.0818522 0.0835875 0.0170033 0.0572000 0.0776101 0.0610171 0.0644699 0.0623069 0.0714572 0.0644238 0.0532895 0.0732531 0.0058073 0.0650319 
Phalangeridae_Trichosurus_vulpecula          0.0343913 0.0576683 0.0379958 0.0405897 0.0412996 0.0564933 0.0000000 0.0181794 0.0409512 0.0555346 0.0148152 0.0582565 0.0575488 0.0170572 0.0383499 0.0582147 0.0556270 0.0609143 0.0577583 0.0424075 0.0457758 0.0685985 0.0702308 0.0585266 0.0370379 0.0651733 0.0380198 0.0444197 0.0441745 0.0502685 0.0410012 0.0156220 0.0663305 0.0574733 0.0561934 
Phalangeridae_Spilocuscus_maculatus          0.0339304 0.0580229 0.0363466 0.0405340 0.0412630 0.0566620 0.0181794 0.0000000 0.0396486 0.0568411 0.0086772 0.0575525 0.0571754 0.0118670 0.0389890 0.0578110 0.0541892 0.0601677 0.0579639 0.0426205 0.0404967 0.0709289 0.0721178 0.0575792 0.0372046 0.0645065 0.0366456 0.0441484 0.0422893 0.0476682 0.0409725 0.0092964 0.0655521 0.0565833 0.0574644 
Potoroidae_Aepyprymnus_rufescens             0.0408275 0.0619142 0.0441112 0.0087447 0.0094171 0.0591071 0.0409512 0.0396486 0.0000000 0.0622978 0.0357233 0.0620843 0.0610819 0.0397590 0.0448141 0.0626012 0.0572909 0.0644199 0.0643580 0.0171244 0.0512500 0.0770337 0.0780207 0.0612760 0.0271169 0.0683826 0.0408243 0.0175809 0.0483749 0.0542947 0.0469402 0.0371683 0.0704806 0.0593922 0.0627843 
Peramelidae_Perameles_nasuta                 0.0572069 0.0658192 0.0552002 0.0616502 0.0632573 0.0654027 0.0555346 0.0568411 0.0622978 0.0000000 0.0537264 0.0709168 0.0653749 0.0567348 0.0603253 0.0707582 0.0636421 0.0733754 0.0110032 0.0660146 0.0699052 0.0793026 0.0786012 0.0688683 0.0566507 0.0767279 0.0579420 0.0662168 0.0637426 0.0705333 0.0616898 0.0538442 0.0133872 0.0659116 0.0013765 
Phalangeridae_Strigocuscus_pelengensis       0.0306145 0.0548261 0.0329515 0.0368456 0.0375699 0.0518713 0.0148152 0.0086772 0.0357233 0.0537264 0.0000000 0.0543943 0.0529432 0.0072061 0.0358089 0.0543691 0.0494468 0.0560820 0.0555462 0.0389043 0.0380157 0.0654153 0.0670698 0.0540744 0.0343262 0.0613677 0.0350242 0.0406609 0.0388234 0.0450863 0.0385283 0.0044748 0.0638046 0.0518003 0.0539765 
Dasyuridae_Phascogale_tapoatafa              0.0596527 0.0695929 0.0605010 0.0623248 0.0641800 0.0165500 0.0582565 0.0575525 0.0620843 0.0709168 0.0543943 0.0000000 0.0182016 0.0589080 0.0628902 0.0042638 0.0132525 0.0219359 0.0722992 0.0659458 0.0744511 0.0854697 0.0870355 0.0095624 0.0604086 0.0825066 0.0620745 0.0667098 0.0653761 0.0730200 0.0648515 0.0552822 0.0780950 0.0148860 0.0703600 
Dasyuridae_Sminthopsis_macroura              0.0575651 0.0689164 0.0600045 0.0615662 0.0633819 0.0204004 0.0575488 0.0571754 0.0610819 0.0653749 0.0529432 0.0182016 0.0000000 0.0568869 0.0599964 0.0190517 0.0170949 0.0183364 0.0671419 0.0646379 0.0761488 0.0845190 0.0841247 0.0191290 0.0583195 0.0814076 0.0616229 0.0654304 0.0669767 0.0720723 0.0643289 0.0538342 0.0721598 0.0187331 0.0646922 
Phalangeridae_Phalanger_orientalis           0.0341968 0.0575488 0.0355339 0.0406658 0.0413769 0.0558069 0.0170572 0.0118670 0.0397590 0.0567348 0.0072061 0.0589080 0.0568869 0.0000000 0.0371613 0.0582487 0.0538893 0.0603914 0.0583906 0.0417300 0.0419555 0.0693597 0.0710179 0.0586420 0.0358526 0.0629191 0.0375721 0.0434596 0.0417124 0.0474427 0.0403073 0.0037763 0.0667561 0.0562587 0.0573584 
Acrobatidae_Acrobates_pygmaeus               0.0401735 0.0622475 0.0402031 0.0457154 0.0458600 0.0611446 0.0383499 0.0389890 0.0448141 0.0603253 0.0358089 0.0628902 0.0599964 0.0371613 0.0000000 0.0629548 0.0581041 0.0643530 0.0625835 0.0442153 0.0468793 0.0719627 0.0746408 0.0624582 0.0400672 0.0720525 0.0355887 0.0468306 0.0412350 0.0493347 0.0280651 0.0360749 0.0702329 0.0605195 0.0606944 
Dasyuridae_Phascogale_calura                 0.0600243 0.0698251 0.0606845 0.0628657 0.0646922 0.0176384 0.0582147 0.0578110 0.0626012 0.0707582 0.0543691 0.0042638 0.0190517 0.0582487 0.0629548 0.0000000 0.0143458 0.0232507 0.0717894 0.0664777 0.0751421 0.0855288 0.0865752 0.0106604 0.0603563 0.0826054 0.0631605 0.0675316 0.0664427 0.0728051 0.0650664 0.0552553 0.0780206 0.0159762 0.0699083 
Dasyuridae_Sarcophilus_harrisii              0.0565200 0.0667082 0.0559298 0.0575092 0.0593305 0.0067083 0.0556270 0.0541892 0.0572909 0.0636421 0.0494468 0.0132525 0.0170949 0.0538893 0.0581041 0.0143458 0.0000000 0.0186371 0.0657580 0.0609735 0.0706336 0.0796554 0.0807552 0.0141708 0.0550324 0.0756939 0.0589000 0.0622963 0.0612359 0.0683674 0.0608394 0.0508720 0.0718765 0.0048999 0.0633163 
Dasyuridae_Planigale_tenuirostris            0.0629844 0.0778727 0.0612874 0.0646800 0.0664159 0.0229434 0.0609143 0.0601677 0.0644199 0.0733754 0.0560820 0.0219359 0.0183364 0.0603914 0.0643530 0.0232507 0.0186371 0.0000000 0.0746950 0.0686037 0.0746715 0.0846785 0.0909712 0.0216578 0.0643762 0.0845342 0.0650408 0.0688616 0.0679939 0.0774498 0.0697512 0.0578424 0.0790697 0.0205015 0.0721820 
Peramelidae_Echymipera_kalubu                0.0612862 0.0677847 0.0555605 0.0648828 0.0664591 0.0672100 0.0577583 0.0579639 0.0643580 0.0110032 0.0555462 0.0722992 0.0671419 0.0583906 0.0625835 0.0717894 0.0657580 0.0746950 0.0000000 0.0682801 0.0725958 0.0836213 0.0835391 0.0697123 0.0591062 0.0790011 0.0604169 0.0685323 0.0670002 0.0710780 0.0646187 0.0555570 0.0138628 0.0676895 0.0104912 
Macropodidae_Dorcopsulus_vanheurni           0.0419573 0.0646169 0.0455809 0.0190332 0.0187906 0.0631403 0.0424075 0.0426205 0.0171244 0.0660146 0.0389043 0.0659458 0.0646379 0.0417300 0.0442153 0.0664777 0.0609735 0.0686037 0.0682801 0.0000000 0.0520581 0.0814417 0.0804285 0.0650825 0.0296497 0.0711016 0.0437852 0.0071863 0.0488689 0.0540092 0.0479083 0.0398342 0.0731878 0.0631411 0.0663944 
Pseudochiridae_Pseudochirulus_forbesi        0.0425566 0.0711613 0.0456121 0.0503324 0.0508370 0.0707630 0.0457758 0.0404967 0.0512500 0.0699052 0.0380157 0.0744511 0.0761488 0.0419555 0.0468793 0.0751421 0.0706336 0.0746715 0.0725958 0.0520581 0.0000000 0.1020801 0.1062741 0.0744193 0.0477158 0.0609048 0.0262629 0.0548281 0.0154670 0.0543847 0.0469154 0.0399169 0.0814071 0.0706034 0.0703885 
Didelphidae_Didelphis_virginiana             0.0708227 0.0825857 0.0694865 0.0774401 0.0795249 0.0818522 0.0685985 0.0709289 0.0770337 0.0793026 0.0654153 0.0854697 0.0845190 0.0693597 0.0719627 0.0855288 0.0796554 0.0846785 0.0836213 0.0814417 0.1020801 0.0000000 0.0342014 0.0852094 0.0691780 0.0921435 0.0690766 0.0816729 0.0851097 0.0820371 0.0750833 0.0672314 0.0953448 0.0820480 0.0795300 
Marmosidae_Monodelphis_domestica             0.0701234 0.0853911 0.0728237 0.0783690 0.0790732 0.0835875 0.0702308 0.0721178 0.0780207 0.0786012 0.0670698 0.0870355 0.0841247 0.0710179 0.0746408 0.0865752 0.0807552 0.0909712 0.0835391 0.0804285 0.1062741 0.0342014 0.0000000 0.0859137 0.0719243 0.0921131 0.0735772 0.0814901 0.0864471 0.0815903 0.0780228 0.0688566 0.0905158 0.0819777 0.0799024 
Dasyuridae_Antechinus_stuartii               0.0596868 0.0692792 0.0590769 0.0615131 0.0633649 0.0170033 0.0585266 0.0575792 0.0612760 0.0688683 0.0540744 0.0095624 0.0191290 0.0586420 0.0624582 0.0106604 0.0141708 0.0216578 0.0697123 0.0650825 0.0744193 0.0852094 0.0859137 0.0000000 0.0596013 0.0799639 0.0599106 0.0656086 0.0652683 0.0720912 0.0646264 0.0555502 0.0755900 0.0153384 0.0686422 
Hypsiprymnodontidae_Hypsiprymnodon_moschatus 0.0383863 0.0593463 0.0401470 0.0286496 0.0293471 0.0572000 0.0370379 0.0372046 0.0271169 0.0566507 0.0343262 0.0604086 0.0583195 0.0358526 0.0400672 0.0603563 0.0550324 0.0643762 0.0591062 0.0296497 0.0477158 0.0691780 0.0719243 0.0596013 0.0000000 0.0672235 0.0401512 0.0313578 0.0468419 0.0507334 0.0429730 0.0350384 0.0637517 0.0571631 0.0572531 
Microbiotheriidae_Dromiciops_gliroides       0.0649919 0.0786501 0.0649069 0.0684116 0.0700694 0.0776101 0.0651733 0.0645065 0.0683826 0.0767279 0.0613677 0.0825066 0.0814076 0.0629191 0.0720525 0.0826054 0.0756939 0.0845342 0.0790011 0.0711016 0.0609048 0.0921435 0.0921131 0.0799639 0.0672235 0.0000000 0.0692067 0.0700300 0.0718490 0.0815109 0.0728609 0.0605272 0.0850910 0.0774863 0.0778944 
Pseudochiridae_Petauroides_volans            0.0392904 0.0609478 0.0413274 0.0417005 0.0424172 0.0610171 0.0380198 0.0366456 0.0408243 0.0579420 0.0350242 0.0620745 0.0616229 0.0375721 0.0355887 0.0631605 0.0589000 0.0650408 0.0604169 0.0437852 0.0262629 0.0690766 0.0735772 0.0599106 0.0401512 0.0692067 0.0000000 0.0450364 0.0262068 0.0455015 0.0374471 0.0357258 0.0674610 0.0610338 0.0591170 
Macropodidae_Wallabia_bicolor                0.0427754 0.0662759 0.0473616 0.0199814 0.0197310 0.0644699 0.0444197 0.0441484 0.0175809 0.0662168 0.0406609 0.0667098 0.0654304 0.0434596 0.0468306 0.0675316 0.0622963 0.0688616 0.0685323 0.0071863 0.0548281 0.0816729 0.0814901 0.0656086 0.0313578 0.0700300 0.0450364 0.0000000 0.0516924 0.0556374 0.0497219 0.0421089 0.0736803 0.0644707 0.0671993 
Pseudochiridae_Pseudocheirus_occidentalis    0.0417838 0.0673449 0.0426645 0.0484162 0.0496989 0.0623069 0.0441745 0.0422893 0.0483749 0.0637426 0.0388234 0.0653761 0.0669767 0.0417124 0.0412350 0.0664427 0.0612359 0.0679939 0.0670002 0.0488689 0.0154670 0.0851097 0.0864471 0.0652683 0.0468419 0.0718490 0.0262068 0.0516924 0.0000000 0.0466728 0.0431229 0.0400591 0.0722286 0.0628930 0.0643162 
Tarsipedidae_Tarsipes_rostratus              0.0505094 0.0721597 0.0500771 0.0547521 0.0559915 0.0714572 0.0502685 0.0476682 0.0542947 0.0705333 0.0450863 0.0730200 0.0720723 0.0474427 0.0493347 0.0728051 0.0683674 0.0774498 0.0710780 0.0540092 0.0543847 0.0820371 0.0815903 0.0720912 0.0507334 0.0815109 0.0455015 0.0556374 0.0466728 0.0000000 0.0493410 0.0465802 0.0766228 0.0699929 0.0710614 
Acrobatidae_Distoechurus_pennatus            0.0428579 0.0638123 0.0438541 0.0476056 0.0478100 0.0644238 0.0410012 0.0409725 0.0469402 0.0616898 0.0385283 0.0648515 0.0643289 0.0403073 0.0280651 0.0650664 0.0608394 0.0697512 0.0646187 0.0479083 0.0469154 0.0750833 0.0780228 0.0646264 0.0429730 0.0728609 0.0374471 0.0497219 0.0431229 0.0493410 0.0000000 0.0392145 0.0717386 0.0632544 0.0624832 
Phalangeridae_Phalanger_carmelitae           0.0313719 0.0549812 0.0344489 0.0380342 0.0382423 0.0532895 0.0156220 0.0092964 0.0371683 0.0538442 0.0044748 0.0552822 0.0538342 0.0037763 0.0360749 0.0552553 0.0508720 0.0578424 0.0555570 0.0398342 0.0399169 0.0672314 0.0688566 0.0555502 0.0350384 0.0605272 0.0357258 0.0421089 0.0400591 0.0465802 0.0392145 0.0000000 0.0634714 0.0532170 0.0545328 
Peramelidae_Peroryctes_raffrayana            0.0649178 0.0739803 0.0622817 0.0700444 0.0722137 0.0732531 0.0663305 0.0655521 0.0704806 0.0133872 0.0638046 0.0780950 0.0721598 0.0667561 0.0702329 0.0780206 0.0718765 0.0790697 0.0138628 0.0731878 0.0814071 0.0953448 0.0905158 0.0755900 0.0637517 0.0850910 0.0674610 0.0736803 0.0722286 0.0766228 0.0717386 0.0634714 0.0000000 0.0738036 0.0125418 
Dasyuridae_Dasyurus_geffroii                 0.0584068 0.0686756 0.0577868 0.0596194 0.0614485 0.0058073 0.0574733 0.0565833 0.0593922 0.0659116 0.0518003 0.0148860 0.0187331 0.0562587 0.0605195 0.0159762 0.0048999 0.0205015 0.0676895 0.0631411 0.0706034 0.0820480 0.0819777 0.0153384 0.0571631 0.0774863 0.0610338 0.0644707 0.0628930 0.0699929 0.0632544 0.0532170 0.0738036 0.0000000 0.0655281 
Peramelidae_Perameles_gunnii                 0.0594053 0.0652056 0.0553942 0.0627541 0.0643256 0.0650319 0.0561934 0.0574644 0.0627843 0.0013765 0.0539765 0.0703600 0.0646922 0.0573584 0.0606944 0.0699083 0.0633163 0.0721820 0.0104912 0.0663944 0.0703885 0.0795300 0.0799024 0.0686422 0.0572531 0.0778944 0.0591170 0.0671993 0.0643162 0.0710614 0.0624832 0.0545328 0.0125418 0.0655281 0.0000000 
