38
Hovahydrus_minutissimus    0.0000000 0.0448015 0.0421892 0.0405186 0.0292088 0.0350067 0.0396208 0.0448788 0.0438756 0.0391433 0.0376818 0.0378226 0.0409093 0.0445849 0.0399408 0.0394968 0.0410295 0.0377100 0.0417960 0.0404883 0.0398306 0.0383938 0.0406117 0.0389054 0.0391186 0.0373389 0.0420411 0.0394089 0.0361915 0.0389551 0.0360700 0.0391989 0.0402163 0.0399007 0.0383136 0.0378126 0.0394278 0.0397007 
Sanfilippodytes_terminalis 0.0448015 0.0000000 0.0399375 0.0424970 0.0403310 0.0406434 0.0338562 0.0394195 0.0360017 0.0334319 0.0333078 0.0334993 0.0351960 0.0341551 0.0322004 0.0317607 0.0334946 0.0273268 0.0322679 0.0268284 0.0276203 0.0304564 0.0305958 0.0289383 0.0332182 0.0326490 0.0313304 0.0324074 0.0320374 0.0338716 0.0314003 0.0318835 0.0351298 0.0323634 0.0313792 0.0338038 0.0341588 0.0330947 
Canthyporus_hottentotus    0.0421892 0.0399375 0.0000000 0.0386427 0.0424301 0.0444481 0.0420612 0.0440879 0.0398721 0.0350185 0.0374167 0.0376557 0.0371669 0.0394979 0.0388808 0.0378528 0.0381905 0.0374450 0.0412265 0.0356263 0.0370173 0.0343874 0.0355052 0.0382476 0.0388282 0.0361397 0.0383868 0.0367737 0.0374973 0.0370099 0.0379766 0.0352533 0.0354560 0.0373793 0.0364159 0.0367843 0.0350859 0.0367112 
Laccornellus_copelatoides  0.0405186 0.0424970 0.0386427 0.0000000 0.0400870 0.0429177 0.0431759 0.0441224 0.0429261 0.0399703 0.0344514 0.0355239 0.0388859 0.0371968 0.0391479 0.0386662 0.0406463 0.0388704 0.0402398 0.0410105 0.0407077 0.0348063 0.0366348 0.0387462 0.0424704 0.0347815 0.0421370 0.0347960 0.0349733 0.0374517 0.0359139 0.0352513 0.0349871 0.0406820 0.0406329 0.0335375 0.0333573 0.0349478 
Andex_insignis             0.0292088 0.0403310 0.0424301 0.0400870 0.0000000 0.0333518 0.0397288 0.0377429 0.0402115 0.0366734 0.0355594 0.0351495 0.0372111 0.0397423 0.0366217 0.0357062 0.0378062 0.0355292 0.0385085 0.0363573 0.0380972 0.0361265 0.0314414 0.0368744 0.0354274 0.0369817 0.0374077 0.0369280 0.0345460 0.0374827 0.0338311 0.0362708 0.0360190 0.0347862 0.0334510 0.0338516 0.0338086 0.0359560 
Hyphydrus_ovatus           0.0350067 0.0406434 0.0444481 0.0429177 0.0333518 0.0000000 0.0406002 0.0411954 0.0402910 0.0376809 0.0366218 0.0368949 0.0364201 0.0410831 0.0355404 0.0343868 0.0371895 0.0351908 0.0391381 0.0345942 0.0358985 0.0361515 0.0341646 0.0367231 0.0384250 0.0375445 0.0395528 0.0360551 0.0361186 0.0385566 0.0353593 0.0380007 0.0391294 0.0369504 0.0362162 0.0372601 0.0378170 0.0355580 
Heterosternusa_pulcher     0.0396208 0.0338562 0.0420612 0.0431759 0.0397288 0.0406002 0.0000000 0.0239392 0.0266532 0.0356698 0.0345708 0.0351419 0.0349187 0.0403977 0.0310309 0.0305364 0.0350762 0.0309434 0.0354895 0.0322453 0.0321877 0.0310136 0.0320510 0.0314807 0.0342177 0.0339889 0.0348264 0.0313680 0.0343254 0.0344916 0.0334093 0.0336636 0.0377090 0.0332284 0.0324214 0.0373499 0.0362862 0.0377073 
Neoporus_arizonicus        0.0448788 0.0394195 0.0440879 0.0441224 0.0377429 0.0411954 0.0239392 0.0000000 0.0222214 0.0375117 0.0317422 0.0302992 0.0328759 0.0406272 0.0338641 0.0330365 0.0368867 0.0348860 0.0363043 0.0347702 0.0346307 0.0328617 0.0334153 0.0323914 0.0369105 0.0334053 0.0365276 0.0342622 0.0348891 0.0362649 0.0352020 0.0343580 0.0371903 0.0344762 0.0335114 0.0349892 0.0359850 0.0350917 
Neoporus_undulatus         0.0438756 0.0360017 0.0398721 0.0429261 0.0402115 0.0402910 0.0266532 0.0222214 0.0000000 0.0339204 0.0306456 0.0313675 0.0306812 0.0403811 0.0324317 0.0318404 0.0345875 0.0321026 0.0348105 0.0312989 0.0320816 0.0299801 0.0330724 0.0316411 0.0354378 0.0330038 0.0354210 0.0337394 0.0336000 0.0347839 0.0330082 0.0357173 0.0393382 0.0336889 0.0333652 0.0377390 0.0353767 0.0369792 
Hydrocolus_sahlbergi       0.0391433 0.0334319 0.0350185 0.0399703 0.0366734 0.0376809 0.0356698 0.0375117 0.0339204 0.0000000 0.0268922 0.0248445 0.0292894 0.0295162 0.0246782 0.0238252 0.0236131 0.0232566 0.0263020 0.0230207 0.0237828 0.0263360 0.0248243 0.0258463 0.0269170 0.0252182 0.0247039 0.0240080 0.0244173 0.0287959 0.0231773 0.0267059 0.0272996 0.0237749 0.0231799 0.0274298 0.0235951 0.0287203 
Suphrodytes_figuratus      0.0376818 0.0333078 0.0374167 0.0344514 0.0355594 0.0366218 0.0345708 0.0317422 0.0306456 0.0268922 0.0000000 0.0105013 0.0238470 0.0268678 0.0223500 0.0218076 0.0233077 0.0210865 0.0245404 0.0205410 0.0219316 0.0215831 0.0222122 0.0221723 0.0255720 0.0240468 0.0238782 0.0229522 0.0247800 0.0266131 0.0210450 0.0236699 0.0273510 0.0225771 0.0216229 0.0237616 0.0236681 0.0248524 
Suphrodytes_dorsalis       0.0378226 0.0334993 0.0376557 0.0355239 0.0351495 0.0368949 0.0351419 0.0302992 0.0313675 0.0248445 0.0105013 0.0000000 0.0245836 0.0269222 0.0204555 0.0198989 0.0225637 0.0205675 0.0243898 0.0209047 0.0211894 0.0206260 0.0224716 0.0217573 0.0249210 0.0221309 0.0238192 0.0221718 0.0228986 0.0250685 0.0201109 0.0218150 0.0259394 0.0214732 0.0201711 0.0237332 0.0209214 0.0245339 
Hydroporus_scalesianus     0.0409093 0.0351960 0.0371669 0.0388859 0.0372111 0.0364201 0.0349187 0.0328759 0.0306812 0.0292894 0.0238470 0.0245836 0.0000000 0.0275486 0.0253703 0.0237990 0.0257961 0.0224482 0.0259148 0.0236994 0.0255845 0.0150041 0.0224845 0.0251265 0.0262614 0.0257814 0.0258554 0.0245112 0.0224500 0.0259929 0.0226943 0.0222041 0.0246373 0.0239501 0.0241251 0.0243278 0.0238002 0.0251388 
Hydroporus_vagepictus      0.0445849 0.0341551 0.0394979 0.0371968 0.0397423 0.0410831 0.0403977 0.0406272 0.0403811 0.0295162 0.0268678 0.0269222 0.0275486 0.0000000 0.0290758 0.0286615 0.0318037 0.0248765 0.0283614 0.0279803 0.0278853 0.0269646 0.0216436 0.0272659 0.0297522 0.0263538 0.0282370 0.0266966 0.0261548 0.0297666 0.0261707 0.0177871 0.0258594 0.0282532 0.0273714 0.0262631 0.0248430 0.0251988 
Hydroporus_longiusculus    0.0399408 0.0322004 0.0388808 0.0391479 0.0366217 0.0355404 0.0310309 0.0338641 0.0324317 0.0246782 0.0223500 0.0204555 0.0253703 0.0290758 0.0000000 0.0004800 0.0111763 0.0148290 0.0176637 0.0136119 0.0142253 0.0229582 0.0159983 0.0171099 0.0211937 0.0245358 0.0167772 0.0168008 0.0213079 0.0278389 0.0165109 0.0251062 0.0257214 0.0125583 0.0122869 0.0254634 0.0243564 0.0263414 
Hydroporus_carri           0.0394968 0.0317607 0.0378528 0.0386662 0.0357062 0.0343868 0.0305364 0.0330365 0.0318404 0.0238252 0.0218076 0.0198989 0.0237990 0.0286615 0.0004800 0.0000000 0.0110161 0.0150423 0.0178824 0.0138118 0.0141747 0.0225914 0.0159534 0.0165446 0.0206789 0.0243938 0.0155032 0.0166272 0.0214104 0.0267151 0.0151653 0.0246538 0.0251930 0.0121433 0.0118726 0.0243495 0.0240800 0.0256802 
Hydroporus_nigellus        0.0410295 0.0334946 0.0381905 0.0406463 0.0378062 0.0371895 0.0350762 0.0368867 0.0345875 0.0236131 0.0233077 0.0225637 0.0257961 0.0318037 0.0111763 0.0110161 0.0000000 0.0146982 0.0161804 0.0134781 0.0138867 0.0227785 0.0169576 0.0171050 0.0200890 0.0246712 0.0184178 0.0172310 0.0236565 0.0290977 0.0148840 0.0264211 0.0286560 0.0119613 0.0114173 0.0272904 0.0265537 0.0271348 
Hydroporus_niger           0.0377100 0.0273268 0.0374450 0.0388704 0.0355292 0.0351908 0.0309434 0.0348860 0.0321026 0.0232566 0.0210865 0.0205675 0.0224482 0.0248765 0.0148290 0.0150423 0.0146982 0.0000000 0.0086465 0.0121224 0.0130728 0.0210899 0.0119840 0.0134274 0.0168221 0.0225934 0.0161010 0.0148415 0.0224657 0.0259702 0.0141001 0.0216107 0.0241625 0.0139313 0.0130768 0.0241786 0.0224628 0.0224455 
Hydroporus_notabilis       0.0417960 0.0322679 0.0412265 0.0402398 0.0385085 0.0391381 0.0354895 0.0363043 0.0348105 0.0263020 0.0245404 0.0243898 0.0259148 0.0283614 0.0176637 0.0178824 0.0161804 0.0086465 0.0000000 0.0161009 0.0162956 0.0233176 0.0130608 0.0170039 0.0203379 0.0260240 0.0182687 0.0170567 0.0250389 0.0290478 0.0156840 0.0241457 0.0269571 0.0149227 0.0144155 0.0262777 0.0248649 0.0259524 
Hydroporus_appalachius     0.0404883 0.0268284 0.0356263 0.0410105 0.0363573 0.0345942 0.0322453 0.0347702 0.0312989 0.0230207 0.0205410 0.0209047 0.0236994 0.0279803 0.0136119 0.0138118 0.0134781 0.0121224 0.0161009 0.0000000 0.0044063 0.0224996 0.0137729 0.0129784 0.0184345 0.0232092 0.0151594 0.0149002 0.0228008 0.0257644 0.0124980 0.0230672 0.0275874 0.0126823 0.0113970 0.0265685 0.0251140 0.0251540 
Hydroporus_mannerheimi     0.0398306 0.0276203 0.0370173 0.0407077 0.0380972 0.0358985 0.0321877 0.0346307 0.0320816 0.0237828 0.0219316 0.0211894 0.0255845 0.0278853 0.0142253 0.0141747 0.0138867 0.0130728 0.0162956 0.0044063 0.0000000 0.0236390 0.0149812 0.0147625 0.0180703 0.0243747 0.0167721 0.0152873 0.0238177 0.0263467 0.0133399 0.0231868 0.0276802 0.0136453 0.0129875 0.0260045 0.0256670 0.0271443 
Hydroporus_neglectus       0.0383938 0.0304564 0.0343874 0.0348063 0.0361265 0.0361515 0.0310136 0.0328617 0.0299801 0.0263360 0.0215831 0.0206260 0.0150041 0.0269646 0.0229582 0.0225914 0.0227785 0.0210899 0.0233176 0.0224996 0.0236390 0.0000000 0.0205039 0.0217885 0.0263118 0.0216841 0.0223879 0.0233772 0.0225803 0.0251467 0.0222028 0.0219427 0.0230983 0.0230630 0.0222515 0.0226746 0.0210615 0.0229993 
Hydroporus_sinuatipes      0.0406117 0.0305958 0.0355052 0.0366348 0.0314414 0.0341646 0.0320510 0.0334153 0.0330724 0.0248243 0.0222122 0.0224716 0.0224845 0.0216436 0.0159983 0.0159534 0.0169576 0.0119840 0.0130608 0.0137729 0.0149812 0.0205039 0.0000000 0.0168642 0.0208962 0.0239085 0.0170493 0.0179568 0.0225451 0.0245975 0.0153048 0.0158613 0.0233988 0.0160019 0.0149595 0.0232712 0.0234196 0.0247898 
Hydroporus_obscurus        0.0389054 0.0289383 0.0382476 0.0387462 0.0368744 0.0367231 0.0314807 0.0323914 0.0316411 0.0258463 0.0221723 0.0217573 0.0251265 0.0272659 0.0171099 0.0165446 0.0171050 0.0134274 0.0170039 0.0129784 0.0147625 0.0217885 0.0168642 0.0000000 0.0151848 0.0238219 0.0193550 0.0158643 0.0212386 0.0253911 0.0123983 0.0228931 0.0245848 0.0156147 0.0142628 0.0244717 0.0244934 0.0224726 
Hydroporus_erythrocephalus 0.0391186 0.0332182 0.0388282 0.0424704 0.0354274 0.0384250 0.0342177 0.0369105 0.0354378 0.0269170 0.0255720 0.0249210 0.0262614 0.0297522 0.0211937 0.0206789 0.0200890 0.0168221 0.0203379 0.0184345 0.0180703 0.0263118 0.0208962 0.0151848 0.0000000 0.0259459 0.0198927 0.0205532 0.0246935 0.0266054 0.0143423 0.0257806 0.0265227 0.0183171 0.0178515 0.0265000 0.0259524 0.0250250 
Hydroporus_puberulus       0.0373389 0.0326490 0.0361397 0.0347815 0.0369817 0.0375445 0.0339889 0.0334053 0.0330038 0.0252182 0.0240468 0.0221309 0.0257814 0.0263538 0.0245358 0.0243938 0.0246712 0.0225934 0.0260240 0.0232092 0.0243747 0.0216841 0.0239085 0.0238219 0.0259459 0.0000000 0.0261333 0.0240874 0.0201437 0.0238257 0.0229945 0.0221755 0.0231467 0.0242050 0.0230805 0.0207673 0.0203004 0.0227765 
Hydroporus_axillaris       0.0420411 0.0313304 0.0383868 0.0421370 0.0374077 0.0395528 0.0348264 0.0365276 0.0354210 0.0247039 0.0238782 0.0238192 0.0258554 0.0282370 0.0167772 0.0155032 0.0184178 0.0161010 0.0182687 0.0151594 0.0167721 0.0223879 0.0170493 0.0193550 0.0198927 0.0261333 0.0000000 0.0140073 0.0229552 0.0285964 0.0182222 0.0252591 0.0285163 0.0175564 0.0165328 0.0277080 0.0246719 0.0282877 
Hydroporus_fortis          0.0394089 0.0324074 0.0367737 0.0347960 0.0369280 0.0360551 0.0313680 0.0342622 0.0337394 0.0240080 0.0229522 0.0221718 0.0245112 0.0266966 0.0168008 0.0166272 0.0172310 0.0148415 0.0170567 0.0149002 0.0152873 0.0233772 0.0179568 0.0158643 0.0205532 0.0240874 0.0140073 0.0000000 0.0232625 0.0262450 0.0177202 0.0249206 0.0279545 0.0157248 0.0147537 0.0274038 0.0233474 0.0271620 
Hydroporus_kraatzii        0.0361915 0.0320374 0.0374973 0.0349733 0.0345460 0.0361186 0.0343254 0.0348891 0.0336000 0.0244173 0.0247800 0.0228986 0.0224500 0.0261548 0.0213079 0.0214104 0.0236565 0.0224657 0.0250389 0.0228008 0.0238177 0.0225803 0.0225451 0.0212386 0.0246935 0.0201437 0.0229552 0.0232625 0.0000000 0.0114058 0.0208131 0.0208485 0.0190314 0.0228208 0.0218171 0.0200005 0.0178821 0.0208501 
Hydroporus_memnonius       0.0389551 0.0338716 0.0370099 0.0374517 0.0374827 0.0385566 0.0344916 0.0362649 0.0347839 0.0287959 0.0266131 0.0250685 0.0259929 0.0297666 0.0278389 0.0267151 0.0290977 0.0259702 0.0290478 0.0257644 0.0263467 0.0251467 0.0245975 0.0253911 0.0266054 0.0238257 0.0285964 0.0262450 0.0114058 0.0000000 0.0251965 0.0246250 0.0212222 0.0267482 0.0255033 0.0229744 0.0207970 0.0226524 
Hydroporus_rufifrons       0.0360700 0.0314003 0.0379766 0.0359139 0.0338311 0.0353593 0.0334093 0.0352020 0.0330082 0.0231773 0.0210450 0.0201109 0.0226943 0.0261707 0.0165109 0.0151653 0.0148840 0.0141001 0.0156840 0.0124980 0.0133399 0.0222028 0.0153048 0.0123983 0.0143423 0.0229945 0.0182222 0.0177202 0.0208131 0.0251965 0.0000000 0.0233577 0.0228089 0.0141095 0.0129308 0.0225568 0.0222788 0.0229280 
Hydroporus_tristis         0.0391989 0.0318835 0.0352533 0.0352513 0.0362708 0.0380007 0.0336636 0.0343580 0.0357173 0.0267059 0.0236699 0.0218150 0.0222041 0.0177871 0.0251062 0.0246538 0.0264211 0.0216107 0.0241457 0.0230672 0.0231868 0.0219427 0.0158613 0.0228931 0.0257806 0.0221755 0.0252591 0.0249206 0.0208485 0.0246250 0.0233577 0.0000000 0.0210683 0.0247872 0.0246405 0.0204310 0.0219144 0.0222072 
Hydroporus_nigrita         0.0402163 0.0351298 0.0354560 0.0349871 0.0360190 0.0391294 0.0377090 0.0371903 0.0393382 0.0272996 0.0273510 0.0259394 0.0246373 0.0258594 0.0257214 0.0251930 0.0286560 0.0241625 0.0269571 0.0275874 0.0276802 0.0230983 0.0233988 0.0245848 0.0265227 0.0231467 0.0285163 0.0279545 0.0190314 0.0212222 0.0228089 0.0210683 0.0000000 0.0257119 0.0253577 0.0149618 0.0111414 0.0131722 
Hydroporus_lapponum        0.0399007 0.0323634 0.0373793 0.0406820 0.0347862 0.0369504 0.0332284 0.0344762 0.0336889 0.0237749 0.0225771 0.0214732 0.0239501 0.0282532 0.0125583 0.0121433 0.0119613 0.0139313 0.0149227 0.0126823 0.0136453 0.0230630 0.0160019 0.0156147 0.0183171 0.0242050 0.0175564 0.0157248 0.0228208 0.0267482 0.0141095 0.0247872 0.0257119 0.0000000 0.0035342 0.0251666 0.0230940 0.0247234 
Hydroporus_submuticus      0.0383136 0.0313792 0.0364159 0.0406329 0.0334510 0.0362162 0.0324214 0.0335114 0.0333652 0.0231799 0.0216229 0.0201711 0.0241251 0.0273714 0.0122869 0.0118726 0.0114173 0.0130768 0.0144155 0.0113970 0.0129875 0.0222515 0.0149595 0.0142628 0.0178515 0.0230805 0.0165328 0.0147537 0.0218171 0.0255033 0.0129308 0.0246405 0.0253577 0.0035342 0.0000000 0.0250936 0.0226113 0.0239863 
Hydroporus_pilosus         0.0378126 0.0338038 0.0367843 0.0335375 0.0338516 0.0372601 0.0373499 0.0349892 0.0377390 0.0274298 0.0237616 0.0237332 0.0243278 0.0262631 0.0254634 0.0243495 0.0272904 0.0241786 0.0262777 0.0265685 0.0260045 0.0226746 0.0232712 0.0244717 0.0265000 0.0207673 0.0277080 0.0274038 0.0200005 0.0229744 0.0225568 0.0204310 0.0149618 0.0251666 0.0250936 0.0000000 0.0138857 0.0156580 
Hydroporus_pubescens       0.0394278 0.0341588 0.0350859 0.0333573 0.0338086 0.0378170 0.0362862 0.0359850 0.0353767 0.0235951 0.0236681 0.0209214 0.0238002 0.0248430 0.0243564 0.0240800 0.0265537 0.0224628 0.0248649 0.0251140 0.0256670 0.0210615 0.0234196 0.0244934 0.0259524 0.0203004 0.0246719 0.0233474 0.0178821 0.0207970 0.0222788 0.0219144 0.0111414 0.0230940 0.0226113 0.0138857 0.0000000 0.0131198 
Hydroporus_tessellatus     0.0397007 0.0330947 0.0367112 0.0349478 0.0359560 0.0355580 0.0377073 0.0350917 0.0369792 0.0287203 0.0248524 0.0245339 0.0251388 0.0251988 0.0263414 0.0256802 0.0271348 0.0224455 0.0259524 0.0251540 0.0271443 0.0229993 0.0247898 0.0224726 0.0250250 0.0227765 0.0282877 0.0271620 0.0208501 0.0226524 0.0229280 0.0222072 0.0131722 0.0247234 0.0239863 0.0156580 0.0131198 0.0000000 
