39
Burramyidae_Burramys_parvus                  0.0000000 0.1199132 0.0640668 0.0816429 0.0824065 0.0802194 0.0607254 0.0708695 0.0856880 0.1145979 0.0720037 0.0847403 0.0857912 0.0711426 0.0550967 0.0833881 0.0841430 0.0827731 0.0984094 0.0814935 0.0713025 0.1355468 0.1267099 0.0845935 0.0859193 0.0807436 0.0635186 0.0779142 0.0675468 0.0794916 0.0656837 0.0710709 0.1057834 0.0826830 0.1107505 0.0688448 0.0384452 0.0384452 0.0688448 
Notoryctidae_Notoryctes_typhlops             0.1199132 0.0000000 0.1075021 0.1401710 0.1344085 0.1044811 0.1080372 0.1172118 0.1424865 0.1508126 0.1224229 0.1110610 0.1142713 0.1172610 0.0997222 0.1095291 0.1074099 0.1107360 0.1313169 0.1346215 0.1151576 0.1617176 0.1528398 0.1104792 0.1332341 0.1095663 0.1135538 0.1334445 0.1212661 0.1292583 0.1126617 0.1165604 0.1425820 0.1070469 0.1454538 0.0799195 0.0515424 0.0515424 0.0799195 
Vombatidae_Lasiorhinus_latifrons             0.0640668 0.1075021 0.0000000 0.0865897 0.0865680 0.0707310 0.0626752 0.0677939 0.0871415 0.1080382 0.0685579 0.0743945 0.0769621 0.0682791 0.0551764 0.0731246 0.0743304 0.0715713 0.0949225 0.0843207 0.0691333 0.1278650 0.1188680 0.0758786 0.0840256 0.0792912 0.0668937 0.0789085 0.0678422 0.0799432 0.0671210 0.0697798 0.0994666 0.0730858 0.1037126 0.0610743 0.0060563 0.0060563 0.0610743 
Potoroidae_Bettongia_penicillata             0.0816429 0.1401710 0.0865897 0.0000000 0.0087072 0.0959261 0.0740260 0.0836665 0.0223385 0.1260436 0.0865355 0.0987748 0.1017571 0.0824410 0.0713826 0.0973406 0.0969973 0.0985549 0.1104498 0.0373558 0.0824761 0.1461725 0.1405097 0.1001367 0.0633849 0.1011572 0.0757605 0.0328814 0.0864821 0.0928067 0.0769669 0.0857520 0.1169716 0.0977637 0.1215744 0.0621270 0.0327605 0.0327605 0.0621270 
Potoroidae_Bettongia_lesueur                 0.0824065 0.1344085 0.0865680 0.0087072 0.0000000 0.0947647 0.0728197 0.0842580 0.0187834 0.1302805 0.0858629 0.1001300 0.1006657 0.0830253 0.0724925 0.0986793 0.0958351 0.0986414 0.1144344 0.0361833 0.0868765 0.1426605 0.1377805 0.1007367 0.0634145 0.1005993 0.0769704 0.0316914 0.0889077 0.0940762 0.0793373 0.0863531 0.1222866 0.0966140 0.1257710 0.0658472 0.0362102 0.0362102 0.0658472 
Dasyuridae_Dasyurus_maculatus                0.0802194 0.1044811 0.0707310 0.0959261 0.0947647 0.0000000 0.0714425 0.0834913 0.0970207 0.1065014 0.0772682 0.0127032 0.0210010 0.0820504 0.0631734 0.0122520 0.0047157 0.0169827 0.0921446 0.0940364 0.0803987 0.1254629 0.1138780 0.0128196 0.0999679 0.0769051 0.0772060 0.0918972 0.0812510 0.0933122 0.0780003 0.0823485 0.1006509 0.0034159 0.1016425 0.0217751 0.0540957 0.0540957 0.0217751 
Phalangeridae_Trichosurus_vulpecula          0.0607254 0.1080372 0.0626752 0.0740260 0.0728197 0.0714425 0.0000000 0.0202905 0.0779677 0.1112187 0.0212758 0.0727579 0.0771172 0.0206169 0.0498848 0.0727322 0.0750758 0.0704978 0.0927169 0.0755834 0.0599547 0.1238823 0.1124770 0.0749123 0.0741850 0.0721935 0.0566192 0.0735512 0.0533531 0.0760776 0.0582080 0.0210395 0.1001945 0.0738266 0.1068637 0.0810723 0.0442676 0.0442676 0.0810723 
Phalangeridae_Spilocuscus_maculatus          0.0708695 0.1172118 0.0677939 0.0836665 0.0842580 0.0834913 0.0202905 0.0000000 0.0873497 0.1188295 0.0164585 0.0826210 0.0865348 0.0151693 0.0579527 0.0814557 0.0873136 0.0801041 0.1007739 0.0817881 0.0689160 0.1262180 0.1149113 0.0850901 0.0809731 0.0787803 0.0642382 0.0779629 0.0633680 0.0823874 0.0651657 0.0151491 0.1072463 0.0860048 0.1143542 0.0828047 0.0487910 0.0487910 0.0828047 
Potoroidae_Aepyprymnus_rufescens             0.0856880 0.1424865 0.0871415 0.0223385 0.0187834 0.0970207 0.0779677 0.0873497 0.0000000 0.1338255 0.0834771 0.1000454 0.1015799 0.0848469 0.0728404 0.0985966 0.0993633 0.0977291 0.1183689 0.0365759 0.0863316 0.1517867 0.1419025 0.1013092 0.0616642 0.1045696 0.0804392 0.0330477 0.0898677 0.0958528 0.0835098 0.0870560 0.1276929 0.0988793 0.1292722 0.0560464 0.0372746 0.0372746 0.0560464 
Peramelidae_Perameles_nasuta                 0.1145979 0.1508126 0.1080382 0.1260436 0.1302805 0.1065014 0.1112187 0.1188295 0.1338255 0.0000000 0.1146285 0.1089673 0.1084825 0.1179681 0.0975239 0.1074795 0.1098403 0.1070846 0.0253811 0.1257324 0.1137571 0.1633211 0.1491916 0.1110712 0.1327254 0.1111730 0.1095169 0.1251962 0.1160856 0.1257766 0.1067499 0.1189267 0.0305620 0.1073965 0.0008563 0.0607343 0.0395802 0.0395802 0.0607343 
Phalangeridae_Strigocuscus_pelengensis       0.0720037 0.1224229 0.0685579 0.0865355 0.0858629 0.0772682 0.0212758 0.0164585 0.0834771 0.1146285 0.0000000 0.0775352 0.0802950 0.0118242 0.0575173 0.0768397 0.0813034 0.0742245 0.0975151 0.0826348 0.0691038 0.1277655 0.1118498 0.0791570 0.0823152 0.0752116 0.0651244 0.0794707 0.0624315 0.0790282 0.0656732 0.0103825 0.1095238 0.0799068 0.1095913 0.0918732 0.0578054 0.0578054 0.0918732 
Dasyuridae_Phascogale_tapoatafa              0.0847403 0.1110610 0.0743945 0.0987748 0.1001300 0.0127032 0.0727579 0.0826210 0.1000454 0.1089673 0.0775352 0.0000000 0.0238611 0.0811857 0.0646736 0.0021333 0.0159015 0.0180446 0.0944301 0.0969729 0.0814062 0.1266543 0.1158067 0.0061135 0.1032275 0.0773898 0.0805347 0.0936472 0.0824019 0.0969867 0.0795817 0.0814870 0.1065136 0.0158257 0.1046596 0.0218844 0.0617517 0.0617517 0.0218844 
Dasyuridae_Sminthopsis_macroura              0.0857912 0.1142713 0.0769621 0.1017571 0.1006657 0.0210010 0.0771172 0.0865348 0.1015799 0.1084825 0.0802950 0.0238611 0.0000000 0.0838941 0.0689086 0.0228872 0.0243331 0.0165710 0.0950974 0.0974582 0.0869036 0.1225604 0.1131909 0.0249505 0.1018162 0.0778648 0.0831738 0.0928910 0.0854142 0.0968044 0.0819717 0.0841948 0.1047110 0.0238148 0.1035605 0.0274922 0.0628199 0.0628199 0.0274922 
Phalangeridae_Phalanger_orientalis           0.0711426 0.1172610 0.0682791 0.0824410 0.0830253 0.0820504 0.0206169 0.0151693 0.0848469 0.1179681 0.0118242 0.0811857 0.0838941 0.0000000 0.0556865 0.0811561 0.0858208 0.0795960 0.0995305 0.0800385 0.0716929 0.1248680 0.1123393 0.0833839 0.0812560 0.0799126 0.0653013 0.0773489 0.0647800 0.0856654 0.0635768 0.0034264 0.1087321 0.0845179 0.1135459 0.0896256 0.0516840 0.0516840 0.0896256 
Acrobatidae_Acrobates_pygmaeus               0.0550967 0.0997222 0.0551764 0.0713826 0.0724925 0.0631734 0.0498848 0.0579527 0.0728404 0.0975239 0.0575173 0.0646736 0.0689086 0.0556865 0.0000000 0.0633834 0.0646265 0.0662833 0.0823205 0.0716805 0.0477811 0.1167467 0.1039255 0.0652895 0.0636165 0.0622795 0.0451999 0.0679364 0.0454232 0.0581140 0.0273602 0.0567509 0.0928950 0.0660778 0.0930328 0.0504161 0.0323687 0.0323687 0.0504161 
Dasyuridae_Phascogale_calura                 0.0833881 0.1095291 0.0731246 0.0973406 0.0986793 0.0122520 0.0727322 0.0814557 0.0985966 0.1074795 0.0768397 0.0021333 0.0228872 0.0811561 0.0633834 0.0000000 0.0154429 0.0180300 0.0930370 0.0955575 0.0800833 0.1250174 0.1135444 0.0056661 0.1017705 0.0772989 0.0792006 0.0922545 0.0822993 0.0955595 0.0782810 0.0814573 0.1048973 0.0153693 0.1031886 0.0187944 0.0503398 0.0503398 0.0187944 
Dasyuridae_Sarcophilus_harrisii              0.0841430 0.1074099 0.0743304 0.0969973 0.0958351 0.0047157 0.0750758 0.0873136 0.0993633 0.1098403 0.0813034 0.0159015 0.0243331 0.0858208 0.0646265 0.0154429 0.0000000 0.0200366 0.0953014 0.0975841 0.0848981 0.1279500 0.1177900 0.0160497 0.1035969 0.0788440 0.0809404 0.0954058 0.0848934 0.0967902 0.0812981 0.0861109 0.1042511 0.0082012 0.1049477 0.0289823 0.0629983 0.0629983 0.0289823 
Dasyuridae_Planigale_tenuirostris            0.0827731 0.1107360 0.0715713 0.0985549 0.0986414 0.0169827 0.0704978 0.0801041 0.0977291 0.1070846 0.0742245 0.0180446 0.0165710 0.0795960 0.0662833 0.0180300 0.0200366 0.0000000 0.0921595 0.0960192 0.0815067 0.1256245 0.1171888 0.0201214 0.0991896 0.0764428 0.0758041 0.0914337 0.0807213 0.0957136 0.0801530 0.0789528 0.1061023 0.0200170 0.1020760 0.0152858 0.0686611 0.0686611 0.0152858 
Peramelidae_Echymipera_kalubu                0.0984094 0.1313169 0.0949225 0.1104498 0.1144344 0.0921446 0.0927169 0.1007739 0.1183689 0.0253811 0.0975151 0.0944301 0.0950974 0.0995305 0.0823205 0.0930370 0.0953014 0.0921595 0.0000000 0.1086388 0.0938488 0.1466026 0.1345263 0.0962764 0.1179870 0.0975493 0.0920880 0.1082466 0.0964546 0.1085776 0.0916862 0.1004858 0.0195796 0.0929679 0.0226697 0.0569428 0.0395802 0.0395802 0.0569428 
Macropodidae_Dorcopsulus_vanheurni           0.0814935 0.1346215 0.0843207 0.0373558 0.0361833 0.0940364 0.0755834 0.0817881 0.0365759 0.1257324 0.0826348 0.0969729 0.0974582 0.0800385 0.0716805 0.0955575 0.0975841 0.0960192 0.1086388 0.0000000 0.0851765 0.1407593 0.1312617 0.0977107 0.0602427 0.1008574 0.0775411 0.0090570 0.0865677 0.0954837 0.0740534 0.0833883 0.1164674 0.0952665 0.1206484 0.0576347 0.0323341 0.0323341 0.0576347 
Pseudochiridae_Pseudochirulus_forbesi        0.0713025 0.1151576 0.0691333 0.0824761 0.0868765 0.0803987 0.0599547 0.0689160 0.0863316 0.1137571 0.0691038 0.0814062 0.0869036 0.0716929 0.0477811 0.0800833 0.0848981 0.0815067 0.0938488 0.0851765 0.0000000 0.1312278 0.1134867 0.0830465 0.0817077 0.0785111 0.0361071 0.0808718 0.0233331 0.0639358 0.0543708 0.0714633 0.1028778 0.0828543 0.1093876 0.0580354 0.0394477 0.0394477 0.0580354 
Didelphidae_Didelphis_virginiana             0.1355468 0.1617176 0.1278650 0.1461725 0.1426605 0.1254629 0.1238823 0.1262180 0.1517867 0.1633211 0.1277655 0.1266543 0.1225604 0.1248680 0.1167467 0.1250174 0.1279500 0.1256245 0.1466026 0.1407593 0.1312278 0.0000000 0.0454230 0.1279068 0.1424788 0.1202831 0.1326529 0.1368500 0.1372665 0.1394148 0.1292729 0.1245602 0.1556979 0.1283630 0.1578640 0.0864515 0.0946171 0.0946171 0.0864515 
Marmosidae_Monodelphis_domestica             0.1267099 0.1528398 0.1188680 0.1405097 0.1377805 0.1138780 0.1124770 0.1149113 0.1419025 0.1491916 0.1118498 0.1158067 0.1131909 0.1123393 0.1039255 0.1135444 0.1177900 0.1171888 0.1345263 0.1312617 0.1134867 0.0454230 0.0000000 0.1169207 0.1312559 0.1135665 0.1191334 0.1327877 0.1220827 0.1281502 0.1161609 0.1125487 0.1455024 0.1151150 0.1442064 0.0933097 0.0816584 0.0816584 0.0933097 
Dasyuridae_Antechinus_stuartii               0.0845935 0.1104792 0.0758786 0.1001367 0.1007367 0.0128196 0.0749123 0.0850901 0.1013092 0.1110712 0.0791570 0.0061135 0.0249505 0.0833839 0.0652895 0.0056661 0.0160497 0.0201214 0.0962764 0.0977107 0.0830465 0.1279068 0.1169207 0.0000000 0.1052382 0.0794154 0.0824399 0.0949254 0.0855320 0.0981183 0.0805806 0.0839022 0.1092963 0.0164699 0.1064817 0.0171576 0.0560803 0.0560803 0.0171576 
Hypsiprymnodontidae_Hypsiprymnodon_moschatus 0.0859193 0.1332341 0.0840256 0.0633849 0.0634145 0.0999679 0.0741850 0.0809731 0.0616642 0.1327254 0.0823152 0.1032275 0.1018162 0.0812560 0.0636165 0.1017705 0.1035969 0.0991896 0.1179870 0.0602427 0.0817077 0.1424788 0.1312559 0.1052382 0.0000000 0.0948321 0.0763149 0.0563174 0.0840854 0.0951932 0.0791136 0.0839055 0.1195362 0.1025912 0.1294983 0.0662733 0.0470058 0.0470058 0.0662733 
Microbiotheriidae_Dromiciops_gliroides       0.0807436 0.1095663 0.0792912 0.1011572 0.1005993 0.0769051 0.0721935 0.0787803 0.1045696 0.1111730 0.0752116 0.0773898 0.0778648 0.0799126 0.0622795 0.0772989 0.0788440 0.0764428 0.0975493 0.1008574 0.0785111 0.1202831 0.1135665 0.0794154 0.0948321 0.0000000 0.0775116 0.0969195 0.0800476 0.0895675 0.0743092 0.0806618 0.1128280 0.0783825 0.1049728 9.0000000 9.0000000 9.0000000 9.0000000 
Pseudochiridae_Petauroides_volans            0.0635186 0.1135538 0.0668937 0.0757605 0.0769704 0.0772060 0.0566192 0.0642382 0.0804392 0.1095169 0.0651244 0.0805347 0.0831738 0.0653013 0.0451999 0.0792006 0.0809404 0.0758041 0.0920880 0.0775411 0.0361071 0.1326529 0.1191334 0.0824399 0.0763149 0.0775116 0.0000000 0.0734281 0.0334441 0.0564389 0.0518266 0.0663621 0.0970580 0.0781239 0.1049138 0.0583011 0.0362475 0.0362475 0.0583011 
Macropodidae_Wallabia_bicolor                0.0779142 0.1334445 0.0789085 0.0328814 0.0316914 0.0918972 0.0735512 0.0779629 0.0330477 0.1251962 0.0794707 0.0936472 0.0928910 0.0773489 0.0679364 0.0922545 0.0954058 0.0914337 0.1082466 0.0090570 0.0808718 0.1368500 0.1327877 0.0949254 0.0563174 0.0969195 0.0734281 0.0000000 0.0832185 0.0904414 0.0731333 0.0806598 0.1150655 0.0924625 0.1207576 0.0578492 0.0324412 0.0324412 0.0578492 
Pseudochiridae_Pseudocheirus_occidentalis    0.0675468 0.1212661 0.0678422 0.0864821 0.0889077 0.0812510 0.0533531 0.0633680 0.0898677 0.1160856 0.0624315 0.0824019 0.0854142 0.0647800 0.0454232 0.0822993 0.0848934 0.0807213 0.0964546 0.0865677 0.0233331 0.1372665 0.1220827 0.0855320 0.0840854 0.0800476 0.0334441 0.0832185 0.0000000 0.0659829 0.0493334 0.0660008 0.1033618 0.0836719 0.1108412 9.0000000 9.0000000 9.0000000 9.0000000 
Tarsipedidae_Tarsipes_rostratus              0.0794916 0.1292583 0.0799432 0.0928067 0.0940762 0.0933122 0.0760776 0.0823874 0.0958528 0.1257766 0.0790282 0.0969867 0.0968044 0.0856654 0.0581140 0.0955595 0.0967902 0.0957136 0.1085776 0.0954837 0.0639358 0.1394148 0.1281502 0.0981183 0.0951932 0.0895675 0.0564389 0.0904414 0.0659829 0.0000000 0.0644839 0.0854526 0.1188906 0.0951418 0.1219790 0.0757069 0.0369001 0.0369001 0.0757069 
Acrobatidae_Distoechurus_pennatus            0.0656837 0.1126617 0.0671210 0.0769669 0.0793373 0.0780003 0.0582080 0.0651657 0.0835098 0.1067499 0.0656732 0.0795817 0.0819717 0.0635768 0.0273602 0.0782810 0.0812981 0.0801530 0.0916862 0.0740534 0.0543708 0.1292729 0.1161609 0.0805806 0.0791136 0.0743092 0.0518266 0.0731333 0.0493334 0.0644839 0.0000000 0.0639675 0.0967161 0.0804136 0.1030845 0.0708229 0.0360218 0.0360218 0.0708229 
Phalangeridae_Phalanger_carmelitae           0.0710709 0.1165604 0.0697798 0.0857520 0.0863531 0.0823485 0.0210395 0.0151491 0.0870560 0.1189267 0.0103825 0.0814870 0.0841948 0.0034264 0.0567509 0.0814573 0.0861109 0.0789528 0.1004858 0.0833883 0.0714633 0.1245602 0.1125487 0.0839022 0.0839055 0.0806618 0.0663621 0.0806598 0.0660008 0.0854526 0.0639675 0.0000000 0.1105469 0.0848222 0.1145114 0.0847560 0.0476372 0.0476372 0.0847560 
Peramelidae_Peroryctes_raffrayana            0.1057834 0.1425820 0.0994666 0.1169716 0.1222866 0.1006509 0.1001945 0.1072463 0.1276929 0.0305620 0.1095238 0.1065136 0.1047110 0.1087321 0.0928950 0.1048973 0.1042511 0.1061023 0.0195796 0.1164674 0.1028778 0.1556979 0.1455024 0.1092963 0.1195362 0.1128280 0.0970580 0.1150655 0.1033618 0.1188906 0.0967161 0.1105469 0.0000000 0.1015893 0.0275484 0.0649750 0.0433937 0.0433937 0.0649750 
Dasyuridae_Dasyurus_geffroii                 0.0826830 0.1070469 0.0730858 0.0977637 0.0966140 0.0034159 0.0738266 0.0860048 0.0988793 0.1073965 0.0799068 0.0158257 0.0238148 0.0845179 0.0660778 0.0153693 0.0082012 0.0200170 0.0929679 0.0952665 0.0828543 0.1283630 0.1151150 0.0164699 0.1025912 0.0783825 0.0781239 0.0924625 0.0836719 0.0951418 0.0804136 0.0848222 0.1015893 0.0000000 0.1025206 0.0217751 0.0540957 0.0540957 0.0217751 
Peramelidae_Perameles_gunnii                 0.1107505 0.1454538 0.1037126 0.1215744 0.1257710 0.1016425 0.1068637 0.1143542 0.1292722 0.0008563 0.1095913 0.1046596 0.1035605 0.1135459 0.0930328 0.1031886 0.1049477 0.1020760 0.0226697 0.1206484 0.1093876 0.1578640 0.1442064 0.1064817 0.1294983 0.1049728 0.1049138 0.1207576 0.1108412 0.1219790 0.1030845 0.1145114 0.0275484 0.1025206 0.0000000 0.0608297 0.0396377 0.0396377 0.0608297 
Myrmecobiidae_Myrmecobius_fasciatus1         0.0688448 0.0799195 0.0610743 0.0621270 0.0658472 0.0217751 0.0810723 0.0828047 0.0560464 0.0607343 0.0918732 0.0218844 0.0274922 0.0896256 0.0504161 0.0187944 0.0289823 0.0152858 0.0569428 0.0576347 0.0580354 0.0864515 0.0933097 0.0171576 0.0662733 9.0000000 0.0583011 0.0578492 9.0000000 0.0757069 0.0708229 0.0847560 0.0649750 0.0217751 0.0608297 0.0000000 0.0659529 0.0659529 0.0000010 
Vombatidae_Vombatus_ursinus1                 0.0384452 0.0515424 0.0060563 0.0327605 0.0362102 0.0540957 0.0442676 0.0487910 0.0372746 0.0395802 0.0578054 0.0617517 0.0628199 0.0516840 0.0323687 0.0503398 0.0629983 0.0686611 0.0395802 0.0323341 0.0394477 0.0946171 0.0816584 0.0560803 0.0470058 9.0000000 0.0362475 0.0324412 9.0000000 0.0369001 0.0360218 0.0476372 0.0433937 0.0540957 0.0396377 0.0659529 0.0000000 0.0000010 0.0659529 
Vombatidae_Vombatus_ursinus2                 0.0384452 0.0515424 0.0060563 0.0327605 0.0362102 0.0540957 0.0442676 0.0487910 0.0372746 0.0395802 0.0578054 0.0617517 0.0628199 0.0516840 0.0323687 0.0503398 0.0629983 0.0686611 0.0395802 0.0323341 0.0394477 0.0946171 0.0816584 0.0560803 0.0470058 9.0000000 0.0362475 0.0324412 9.0000000 0.0369001 0.0360218 0.0476372 0.0433937 0.0540957 0.0396377 0.0659529 0.0000010 0.0000000 0.0659529 
Myrmecobiidae_Myrmecobius_fasciatus2         0.0688448 0.0799195 0.0610743 0.0621270 0.0658472 0.0217751 0.0810723 0.0828047 0.0560464 0.0607343 0.0918732 0.0218844 0.0274922 0.0896256 0.0504161 0.0187944 0.0289823 0.0152858 0.0569428 0.0576347 0.0580354 0.0864515 0.0933097 0.0171576 0.0662733 9.0000000 0.0583011 0.0578492 9.0000000 0.0757069 0.0708229 0.0847560 0.0649750 0.0217751 0.0608297 0.0000010 0.0659529 0.0659529 0.0000000 
