35
Burramyidae_Burramys_parvus                  0.0000000 0.0412975 0.0299366 0.0330904 0.0328310 0.0440041 0.0283317 0.0303020 0.0324324 0.0616534 0.0285073 0.0400571 0.0417462 0.0281152 0.0337798 0.0413253 0.0421450 0.0415748 0.0565637 0.0296923 0.0280910 0.0522265 0.0548574 0.0412711 0.0305955 0.0326692 0.0274561 0.0290917 0.0311066 0.0393232 0.0344445 0.0261080 0.0597097 0.0429046 0.0573872 
Notoryctidae_Notoryctes_typhlops             0.0412975 0.0000000 0.0351453 0.0395001 0.0399158 0.0468954 0.0378792 0.0412687 0.0372777 0.0659304 0.0385094 0.0456396 0.0456161 0.0399735 0.0404446 0.0450251 0.0457990 0.0459838 0.0557969 0.0370753 0.0372786 0.0573956 0.0583497 0.0460920 0.0383695 0.0377536 0.0371639 0.0363432 0.0390443 0.0454965 0.0440007 0.0374139 0.0607386 0.0456298 0.0575271 
Vombatidae_Lasiorhinus_latifrons             0.0299366 0.0351453 0.0000000 0.0297511 0.0299203 0.0376800 0.0268466 0.0302904 0.0281405 0.0627468 0.0280798 0.0360865 0.0360254 0.0276950 0.0318863 0.0353945 0.0375741 0.0364511 0.0506094 0.0272181 0.0266274 0.0500437 0.0500810 0.0367864 0.0294151 0.0311205 0.0281594 0.0279616 0.0319575 0.0371504 0.0343070 0.0255443 0.0547046 0.0380646 0.0515589 
Potoroidae_Bettongia_penicillata             0.0330904 0.0395001 0.0297511 0.0000000 0.0019086 0.0465765 0.0305321 0.0334547 0.0051699 0.0671680 0.0307653 0.0455194 0.0457380 0.0312353 0.0339363 0.0462859 0.0459348 0.0437221 0.0548289 0.0104320 0.0301416 0.0555645 0.0535982 0.0472440 0.0204455 0.0341617 0.0281824 0.0109122 0.0331424 0.0373413 0.0343487 0.0299396 0.0576963 0.0469130 0.0565203 
Potoroidae_Bettongia_lesueur                 0.0328310 0.0399158 0.0299203 0.0019086 0.0000000 0.0466211 0.0316240 0.0332160 0.0063771 0.0665477 0.0306644 0.0460214 0.0455450 0.0309860 0.0348178 0.0467952 0.0464402 0.0445482 0.0539139 0.0116423 0.0301287 0.0556425 0.0544578 0.0477812 0.0211844 0.0343498 0.0290065 0.0117618 0.0340555 0.0382407 0.0350305 0.0301232 0.0572062 0.0474261 0.0558105 
Dasyuridae_Dasyurus_maculatus                0.0440041 0.0468954 0.0376800 0.0465765 0.0466211 0.0000000 0.0396493 0.0435281 0.0438592 0.0752653 0.0406151 0.0110154 0.0156574 0.0416601 0.0413788 0.0104349 0.0066816 0.0171131 0.0615074 0.0433142 0.0401439 0.0572125 0.0599221 0.0104564 0.0442460 0.0436403 0.0395404 0.0436761 0.0429297 0.0428949 0.0450317 0.0404063 0.0657920 0.0047457 0.0622815 
Phalangeridae_Trichosurus_vulpecula          0.0283317 0.0378792 0.0268466 0.0305321 0.0316240 0.0396493 0.0000000 0.0149742 0.0291226 0.0622756 0.0148103 0.0386685 0.0406768 0.0127445 0.0302529 0.0394022 0.0399475 0.0394720 0.0502576 0.0271922 0.0254908 0.0504088 0.0513122 0.0400548 0.0281263 0.0300188 0.0256921 0.0266661 0.0284943 0.0343234 0.0310401 0.0110214 0.0532684 0.0390927 0.0513849 
Phalangeridae_Spilocuscus_maculatus          0.0303020 0.0412687 0.0302904 0.0334547 0.0332160 0.0435281 0.0149742 0.0000000 0.0324906 0.0612765 0.0123218 0.0418299 0.0436518 0.0073428 0.0326592 0.0421250 0.0431314 0.0428045 0.0506492 0.0296051 0.0274244 0.0535440 0.0545046 0.0410346 0.0320332 0.0333201 0.0280916 0.0296726 0.0317349 0.0382817 0.0327741 0.0074141 0.0536563 0.0422776 0.0520475 
Potoroidae_Aepyprymnus_rufescens             0.0324324 0.0372777 0.0281405 0.0051699 0.0063771 0.0438592 0.0291226 0.0324906 0.0000000 0.0647125 0.0307111 0.0439543 0.0439544 0.0300584 0.0329354 0.0442520 0.0439092 0.0416599 0.0527289 0.0094022 0.0289758 0.0545787 0.0539291 0.0451877 0.0195865 0.0322442 0.0272458 0.0099012 0.0328410 0.0370145 0.0342673 0.0287735 0.0558856 0.0444145 0.0535611 
Peramelidae_Perameles_nasuta                 0.0616534 0.0659304 0.0627468 0.0671680 0.0665477 0.0752653 0.0622756 0.0612765 0.0647125 0.0000000 0.0594607 0.0749932 0.0737139 0.0608126 0.0654444 0.0735470 0.0760309 0.0751853 0.0137730 0.0618973 0.0597969 0.0794839 0.0824922 0.0725653 0.0619803 0.0641654 0.0598946 0.0627899 0.0663678 0.0712484 0.0639547 0.0582359 0.0155707 0.0761814 0.0010833 
Phalangeridae_Strigocuscus_pelengensis       0.0285073 0.0385094 0.0280798 0.0307653 0.0306644 0.0406151 0.0148103 0.0123218 0.0307111 0.0594607 0.0000000 0.0399588 0.0408275 0.0101016 0.0301603 0.0402518 0.0408283 0.0403537 0.0476404 0.0284240 0.0285313 0.0460646 0.0507824 0.0391559 0.0300324 0.0311569 0.0279905 0.0278730 0.0326913 0.0367778 0.0314335 0.0071438 0.0498564 0.0400862 0.0499243 
Dasyuridae_Phascogale_tapoatafa              0.0400571 0.0456396 0.0360865 0.0455194 0.0460214 0.0110154 0.0386685 0.0418299 0.0439543 0.0749932 0.0399588 0.0000000 0.0136210 0.0404754 0.0406306 0.0032249 0.0086278 0.0145231 0.0604146 0.0419894 0.0398189 0.0564249 0.0584551 0.0053585 0.0431811 0.0430844 0.0392182 0.0430966 0.0423253 0.0411578 0.0439899 0.0382898 0.0645852 0.0108050 0.0619868 
Dasyuridae_Sminthopsis_macroura              0.0417462 0.0456161 0.0360254 0.0457380 0.0455450 0.0156574 0.0406768 0.0436518 0.0439544 0.0737139 0.0408275 0.0136210 0.0000000 0.0425196 0.0424156 0.0128454 0.0140017 0.0140800 0.0601978 0.0417955 0.0404894 0.0551792 0.0570172 0.0143282 0.0434480 0.0440004 0.0405951 0.0430969 0.0435496 0.0444764 0.0460906 0.0405642 0.0649534 0.0156342 0.0609394 
Phalangeridae_Phalanger_orientalis           0.0281152 0.0399735 0.0276950 0.0312353 0.0309860 0.0416601 0.0127445 0.0073428 0.0300584 0.0608126 0.0101016 0.0404754 0.0425196 0.0000000 0.0302198 0.0407507 0.0417722 0.0407682 0.0491870 0.0278450 0.0270034 0.0520456 0.0540844 0.0399053 0.0300314 0.0306361 0.0267735 0.0279323 0.0319938 0.0371139 0.0306420 0.0038727 0.0522360 0.0415907 0.0500980 
Acrobatidae_Acrobates_pygmaeus               0.0337798 0.0404446 0.0318863 0.0339363 0.0348178 0.0413788 0.0302529 0.0326592 0.0329354 0.0654444 0.0301603 0.0406306 0.0424156 0.0302198 0.0000000 0.0400044 0.0416914 0.0407210 0.0560833 0.0318404 0.0288370 0.0552498 0.0579527 0.0397298 0.0334425 0.0358211 0.0286592 0.0312573 0.0322940 0.0349297 0.0229738 0.0280203 0.0585584 0.0410516 0.0562284 
Dasyuridae_Phascogale_calura                 0.0413253 0.0450251 0.0353945 0.0462859 0.0467952 0.0104349 0.0394022 0.0421250 0.0442520 0.0735470 0.0402518 0.0032249 0.0128454 0.0407507 0.0400044 0.0000000 0.0086432 0.0143489 0.0594272 0.0421051 0.0396549 0.0572722 0.0583561 0.0051757 0.0434765 0.0431660 0.0395062 0.0429355 0.0426367 0.0410342 0.0442535 0.0385784 0.0634901 0.0110189 0.0602316 
Dasyuridae_Sarcophilus_harrisii              0.0421450 0.0457990 0.0375741 0.0459348 0.0464402 0.0066816 0.0399475 0.0431314 0.0439092 0.0760309 0.0408283 0.0086278 0.0140017 0.0417722 0.0416914 0.0086432 0.0000000 0.0155726 0.0620205 0.0419972 0.0402054 0.0580721 0.0588889 0.0094756 0.0445332 0.0439809 0.0400578 0.0430526 0.0427613 0.0420244 0.0457831 0.0400481 0.0664244 0.0064806 0.0625996 
Dasyuridae_Planigale_tenuirostris            0.0415748 0.0459838 0.0364511 0.0437221 0.0445482 0.0171131 0.0394720 0.0428045 0.0416599 0.0751853 0.0403537 0.0145231 0.0140800 0.0407682 0.0407210 0.0143489 0.0155726 0.0000000 0.0596942 0.0396541 0.0397214 0.0558183 0.0565019 0.0139515 0.0423470 0.0423897 0.0398329 0.0409883 0.0424198 0.0429565 0.0442975 0.0396335 0.0637328 0.0173118 0.0607294 
Peramelidae_Echymipera_kalubu                0.0565637 0.0557969 0.0506094 0.0548289 0.0539139 0.0615074 0.0502576 0.0506492 0.0527289 0.0137730 0.0476404 0.0604146 0.0601978 0.0491870 0.0560833 0.0594272 0.0620205 0.0596942 0.0000000 0.0510345 0.0506881 0.0663135 0.0699295 0.0593225 0.0517542 0.0527960 0.0509621 0.0511150 0.0553265 0.0578122 0.0555806 0.0469348 0.0090529 0.0618111 0.0114722 
Macropodidae_Dorcopsulus_vanheurni           0.0296923 0.0370753 0.0272181 0.0104320 0.0116423 0.0433142 0.0271922 0.0296051 0.0094022 0.0618973 0.0284240 0.0419894 0.0417955 0.0278450 0.0318404 0.0421051 0.0419972 0.0396541 0.0510345 0.0000000 0.0269928 0.0537183 0.0528303 0.0428187 0.0181726 0.0319888 0.0269503 0.0066150 0.0309678 0.0347466 0.0320430 0.0267364 0.0545051 0.0427345 0.0518176 
Pseudochiridae_Pseudochirulus_forbesi        0.0280910 0.0372786 0.0266274 0.0301416 0.0301287 0.0401439 0.0254908 0.0274244 0.0289758 0.0597969 0.0285313 0.0398189 0.0404894 0.0270034 0.0288370 0.0396549 0.0402054 0.0397214 0.0506881 0.0269928 0.0000000 0.0516963 0.0528181 0.0400693 0.0261931 0.0316135 0.0117609 0.0275218 0.0123555 0.0248570 0.0285001 0.0248301 0.0529082 0.0397976 0.0506298 
Didelphidae_Didelphis_virginiana             0.0522265 0.0573956 0.0500437 0.0555645 0.0556425 0.0572125 0.0504088 0.0535440 0.0545787 0.0794839 0.0460646 0.0564249 0.0551792 0.0520456 0.0552498 0.0572722 0.0580721 0.0558183 0.0663135 0.0537183 0.0516963 0.0000000 0.0304407 0.0566442 0.0533726 0.0517676 0.0523020 0.0525834 0.0542936 0.0572657 0.0551477 0.0488545 0.0704124 0.0556362 0.0692309 
Marmosidae_Monodelphis_domestica             0.0548574 0.0583497 0.0500810 0.0535982 0.0544578 0.0599221 0.0513122 0.0545046 0.0539291 0.0824922 0.0507824 0.0584551 0.0570172 0.0540844 0.0579527 0.0583561 0.0588889 0.0565019 0.0699295 0.0528303 0.0528181 0.0304407 0.0000000 0.0584324 0.0543846 0.0514615 0.0523681 0.0523962 0.0562581 0.0581811 0.0571544 0.0513259 0.0722181 0.0580133 0.0726091 
Dasyuridae_Antechinus_stuartii               0.0412711 0.0460920 0.0367864 0.0472440 0.0477812 0.0104564 0.0400548 0.0410346 0.0451877 0.0725653 0.0391559 0.0053585 0.0143282 0.0399053 0.0397298 0.0051757 0.0094756 0.0139515 0.0593225 0.0428187 0.0400693 0.0566442 0.0584324 0.0000000 0.0444217 0.0433183 0.0399205 0.0438441 0.0425742 0.0418915 0.0444419 0.0381415 0.0622186 0.0108438 0.0593905 
Hypsiprymnodontidae_Hypsiprymnodon_moschatus 0.0305955 0.0383695 0.0294151 0.0204455 0.0211844 0.0442460 0.0281263 0.0320332 0.0195865 0.0619803 0.0300324 0.0431811 0.0434480 0.0300314 0.0334425 0.0434765 0.0445332 0.0423470 0.0517542 0.0181726 0.0261931 0.0533726 0.0543846 0.0444217 0.0000000 0.0331077 0.0267974 0.0187814 0.0323995 0.0373040 0.0350082 0.0280966 0.0560048 0.0441259 0.0528919 
Microbiotheriidae_Dromiciops_gliroides       0.0326692 0.0377536 0.0311205 0.0341617 0.0343498 0.0436403 0.0300188 0.0333201 0.0322442 0.0641654 0.0311569 0.0430844 0.0440004 0.0306361 0.0358211 0.0431660 0.0439809 0.0423897 0.0527960 0.0319888 0.0316135 0.0517676 0.0514615 0.0433183 0.0331077 0.0000000 0.0315145 0.0305067 0.0351572 0.0397218 0.0367485 0.0288347 0.0566521 0.0442229 0.0540009 
Pseudochiridae_Petauroides_volans            0.0274561 0.0371639 0.0281594 0.0281824 0.0290065 0.0395404 0.0256921 0.0280916 0.0272458 0.0598946 0.0279905 0.0392182 0.0405951 0.0267735 0.0286592 0.0395062 0.0400578 0.0398329 0.0509621 0.0269503 0.0117609 0.0523020 0.0523681 0.0399205 0.0267974 0.0315145 0.0000000 0.0268528 0.0168264 0.0240856 0.0285398 0.0246114 0.0524000 0.0401037 0.0509065 
Macropodidae_Wallabia_bicolor                0.0290917 0.0363432 0.0279616 0.0109122 0.0117618 0.0436761 0.0266661 0.0296726 0.0099012 0.0627899 0.0278730 0.0430966 0.0430969 0.0279323 0.0312573 0.0429355 0.0430526 0.0409883 0.0511150 0.0066150 0.0275218 0.0525834 0.0523962 0.0438441 0.0187814 0.0305067 0.0268528 0.0000000 0.0303475 0.0341078 0.0321098 0.0266108 0.0547918 0.0426434 0.0519949 
Pseudochiridae_Pseudocheirus_occidentalis    0.0311066 0.0390443 0.0319575 0.0331424 0.0340555 0.0429297 0.0284943 0.0317349 0.0328410 0.0663678 0.0326913 0.0423253 0.0435496 0.0319938 0.0322940 0.0426367 0.0427613 0.0424198 0.0553265 0.0309678 0.0123555 0.0542936 0.0562581 0.0425742 0.0323995 0.0351572 0.0168264 0.0303475 0.0000000 0.0292158 0.0327283 0.0296993 0.0584187 0.0430357 0.0560613 
Tarsipedidae_Tarsipes_rostratus              0.0393232 0.0454965 0.0371504 0.0373413 0.0382407 0.0428949 0.0343234 0.0382817 0.0370145 0.0712484 0.0367778 0.0411578 0.0444764 0.0371139 0.0349297 0.0410342 0.0420244 0.0429565 0.0578122 0.0347466 0.0248570 0.0572657 0.0581811 0.0418915 0.0373040 0.0397218 0.0240856 0.0341078 0.0292158 0.0000000 0.0373754 0.0344583 0.0612826 0.0425340 0.0597134 
Acrobatidae_Distoechurus_pennatus            0.0344445 0.0440007 0.0343070 0.0343487 0.0350305 0.0450317 0.0310401 0.0327741 0.0342673 0.0639547 0.0314335 0.0439899 0.0460906 0.0306420 0.0229738 0.0442535 0.0457831 0.0442975 0.0555806 0.0320430 0.0285001 0.0551477 0.0571544 0.0444419 0.0350082 0.0367485 0.0285398 0.0321098 0.0327283 0.0373754 0.0000000 0.0290645 0.0586695 0.0446831 0.0573260 
Phalangeridae_Phalanger_carmelitae           0.0261080 0.0374139 0.0255443 0.0299396 0.0301232 0.0404063 0.0110214 0.0074141 0.0287735 0.0582359 0.0071438 0.0382898 0.0405642 0.0038727 0.0280203 0.0385784 0.0400481 0.0396335 0.0469348 0.0267364 0.0248301 0.0488545 0.0513259 0.0381415 0.0280966 0.0288347 0.0246114 0.0266108 0.0296993 0.0344583 0.0290645 0.0000000 0.0495086 0.0398644 0.0480852 
Peramelidae_Peroryctes_raffrayana            0.0597097 0.0607386 0.0547046 0.0576963 0.0572062 0.0657920 0.0532684 0.0536563 0.0558856 0.0155707 0.0498564 0.0645852 0.0649534 0.0522360 0.0585584 0.0634901 0.0664244 0.0637328 0.0090529 0.0545051 0.0529082 0.0704124 0.0722181 0.0622186 0.0560048 0.0566521 0.0524000 0.0547918 0.0584187 0.0612826 0.0586695 0.0495086 0.0000000 0.0659316 0.0135592 
Dasyuridae_Dasyurus_geffroii                 0.0429046 0.0456298 0.0380646 0.0469130 0.0474261 0.0047457 0.0390927 0.0422776 0.0444145 0.0761814 0.0400862 0.0108050 0.0156342 0.0415907 0.0410516 0.0110189 0.0064806 0.0173118 0.0618111 0.0427345 0.0397976 0.0556362 0.0580133 0.0108438 0.0441259 0.0442229 0.0401037 0.0426434 0.0430357 0.0425340 0.0446831 0.0398644 0.0659316 0.0000000 0.0621573 
Peramelidae_Perameles_gunnii                 0.0573872 0.0575271 0.0515589 0.0565203 0.0558105 0.0622815 0.0513849 0.0520475 0.0535611 0.0010833 0.0499243 0.0619868 0.0609394 0.0500980 0.0562284 0.0602316 0.0625996 0.0607294 0.0114722 0.0518176 0.0506298 0.0692309 0.0726091 0.0593905 0.0528919 0.0540009 0.0509065 0.0519949 0.0560613 0.0597134 0.0573260 0.0480852 0.0135592 0.0621573 0.0000000 
