35
Burramyidae_Burramys_parvus                  0.0000000 0.0919831 0.0569742 0.0611373 0.0623277 0.0889519 0.0493508 0.0485292 0.0591014 0.0847229 0.0439145 0.0880718 0.0847119 0.0490743 0.0580281 0.0887714 0.0832779 0.0917812 0.0914962 0.0607662 0.1032540 0.1049640 0.0881538 0.0557322 0.0960082 0.0569476 0.0620341 0.0574097 0.0743102 0.0621998 0.0449285 0.0943375 0.0863133 0.0886185 0.0653100 
Notoryctidae_Notoryctes_typhlops             0.0919831 0.0000000 0.0862797 0.0916538 0.0938634 0.1014997 0.0851192 0.0851692 0.0916194 0.0981450 0.0807921 0.1036257 0.1027273 0.0847663 0.0925262 0.1042376 0.0990621 0.1148221 0.1018478 0.0956432 0.1206631 0.1291996 0.1032437 0.0878033 0.1181885 0.0903482 0.0981442 0.0951187 0.1085351 0.0949571 0.0809771 0.1086875 0.1022276 0.0978676 0.1113644 
Vombatidae_Lasiorhinus_latifrons             0.0569742 0.0862797 0.0000000 0.0666032 0.0677827 0.0854851 0.0548119 0.0520922 0.0640346 0.0813600 0.0473842 0.0893044 0.0886560 0.0510506 0.0582949 0.0898553 0.0822915 0.0893679 0.0825223 0.0662341 0.1013593 0.1093478 0.0872263 0.0583423 0.0960579 0.0600406 0.0688482 0.0588256 0.0734571 0.0636477 0.0495073 0.0903255 0.0852678 0.0823318 0.0699311 
Potoroidae_Bettongia_penicillata             0.0611373 0.0916538 0.0666032 0.0000000 0.0046298 0.0869902 0.0585572 0.0581742 0.0122045 0.0914408 0.0531497 0.0917536 0.0908606 0.0586231 0.0663350 0.0928364 0.0845478 0.0938009 0.0970982 0.0267654 0.1129568 0.1179459 0.0906248 0.0409544 0.1013943 0.0604990 0.0281449 0.0667793 0.0806262 0.0692955 0.0547470 0.1019422 0.0879519 0.0938121 0.0775585 
Potoroidae_Bettongia_lesueur                 0.0623277 0.0938634 0.0677827 0.0046298 0.0000000 0.0899031 0.0596916 0.0593248 0.0131662 0.0941556 0.0542804 0.0947227 0.0937995 0.0597587 0.0666558 0.0958008 0.0874428 0.0967135 0.0998026 0.0264397 0.1163039 0.1191414 0.0935859 0.0420281 0.1040904 0.0616544 0.0278093 0.0687030 0.0826682 0.0696407 0.0550875 0.1055495 0.0908768 0.0964949 0.0784210 
Dasyuridae_Dasyurus_maculatus                0.0889519 0.1014997 0.0854851 0.0869902 0.0899031 0.0000000 0.0832331 0.0830089 0.0869777 0.0976492 0.0762492 0.0233916 0.0289491 0.0821238 0.0901767 0.0250017 0.0093842 0.0321318 0.1011543 0.0929859 0.1203193 0.1269895 0.0240743 0.0843095 0.1165425 0.0903699 0.0950557 0.0870848 0.1073986 0.0956292 0.0782980 0.1075315 0.0081230 0.0979354 0.1095405 
Phalangeridae_Trichosurus_vulpecula          0.0493508 0.0851192 0.0548119 0.0585572 0.0596916 0.0832331 0.0000000 0.0255280 0.0590926 0.0818521 0.0208935 0.0855983 0.0846193 0.0240483 0.0552446 0.0856852 0.0816817 0.0884610 0.0857833 0.0612240 0.0994513 0.1046616 0.0861040 0.0534881 0.0961360 0.0548591 0.0642439 0.0606476 0.0738440 0.0593302 0.0220113 0.0963197 0.0846096 0.0834351 0.0702897 
Phalangeridae_Spilocuscus_maculatus          0.0485292 0.0851692 0.0520922 0.0581742 0.0593248 0.0830089 0.0255280 0.0000000 0.0568497 0.0836121 0.0121167 0.0843093 0.0836261 0.0165569 0.0559632 0.0847280 0.0790808 0.0870604 0.0859326 0.0612056 0.1025932 0.1072077 0.0842820 0.0535264 0.0946743 0.0526239 0.0635142 0.0578061 0.0693246 0.0589500 0.0129490 0.0951958 0.0828332 0.0851576 0.0617809 
Potoroidae_Aepyprymnus_rufescens             0.0591014 0.0916194 0.0640346 0.0122045 0.0131662 0.0869777 0.0590926 0.0568497 0.0000000 0.0923852 0.0514687 0.0913179 0.0900150 0.0572870 0.0649529 0.0923883 0.0841550 0.0934525 0.0962331 0.0240421 0.1121207 0.1170778 0.0901954 0.0386718 0.1013816 0.0591488 0.0247115 0.0665818 0.0799272 0.0681857 0.0535189 0.1026808 0.0875397 0.0938019 0.0788383 
Peramelidae_Perameles_nasuta                 0.0847229 0.0981450 0.0813600 0.0914408 0.0941556 0.0976492 0.0818521 0.0836121 0.0923852 0.0000000 0.0794215 0.1060893 0.0976097 0.0836950 0.0898143 0.1061216 0.0947828 0.1084822 0.0154154 0.0980391 0.1160816 0.1183019 0.1031166 0.0838705 0.1152793 0.0861992 0.0983792 0.0904020 0.1065142 0.0918473 0.0793508 0.0184152 0.0984434 0.0019091 0.1086927 
Phalangeridae_Strigocuscus_pelengensis       0.0439145 0.0807921 0.0473842 0.0531497 0.0542804 0.0762492 0.0208935 0.0121167 0.0514687 0.0794215 0.0000000 0.0797828 0.0776827 0.0100944 0.0516319 0.0798851 0.0724076 0.0810027 0.0827199 0.0561548 0.0949284 0.0999668 0.0793841 0.0495840 0.0904283 0.0505551 0.0587865 0.0531064 0.0658603 0.0557127 0.0062594 0.0929062 0.0760905 0.0803279 0.0579811 
Dasyuridae_Phascogale_tapoatafa              0.0880718 0.1036257 0.0893044 0.0917536 0.0947227 0.0233916 0.0855983 0.0843093 0.0913179 0.1060893 0.0797828 0.0000000 0.0257270 0.0864672 0.0926229 0.0059423 0.0186630 0.0306298 0.1089973 0.0971151 0.1254476 0.1321904 0.0134056 0.0891261 0.1238041 0.0916462 0.0983648 0.0915047 0.1096826 0.0960354 0.0809941 0.1150978 0.0210152 0.1061209 0.1156378 
Dasyuridae_Sminthopsis_macroura              0.0847119 0.1027273 0.0886560 0.0908606 0.0937995 0.0289491 0.0846193 0.0836261 0.0900150 0.0976097 0.0776827 0.0257270 0.0000000 0.0834985 0.0883217 0.0269965 0.0241688 0.0255706 0.1010566 0.0954058 0.1240301 0.1274385 0.0270813 0.0861513 0.1221166 0.0910098 0.0966570 0.0939161 0.1084121 0.0953569 0.0789256 0.1059350 0.0265496 0.0973584 0.1182824 
Phalangeridae_Phalanger_orientalis           0.0490743 0.0847663 0.0510506 0.0586231 0.0597587 0.0821238 0.0240483 0.0165569 0.0572870 0.0836950 0.0100944 0.0864672 0.0834985 0.0000000 0.0534994 0.0855638 0.0789729 0.0876404 0.0867744 0.0601347 0.1007327 0.1059623 0.0861645 0.0516737 0.0927326 0.0541921 0.0627393 0.0570770 0.0692400 0.0582372 0.0052594 0.0969671 0.0827004 0.0852349 0.0642131 
Acrobatidae_Acrobates_pygmaeus               0.0580281 0.0925262 0.0582949 0.0663350 0.0666558 0.0901767 0.0552446 0.0559632 0.0649529 0.0898143 0.0516319 0.0926229 0.0883217 0.0534994 0.0000000 0.0929843 0.0853990 0.0937464 0.0938745 0.0638945 0.1048581 0.1117311 0.0920146 0.0581262 0.1071547 0.0512521 0.0678955 0.0565349 0.0724040 0.0400308 0.0519212 0.1030600 0.0891445 0.0909851 0.0718492 
Dasyuridae_Phascogale_calura                 0.0887714 0.1042376 0.0898553 0.0928364 0.0958008 0.0250017 0.0856852 0.0847280 0.0923883 0.1061216 0.0798851 0.0059423 0.0269965 0.0855638 0.0929843 0.0000000 0.0202612 0.0325254 0.1085247 0.0982002 0.1258459 0.1316538 0.0149924 0.0893568 0.1243073 0.0936052 0.0998694 0.0931614 0.1094689 0.0967286 0.0810968 0.1151138 0.0226193 0.1056627 0.1167351 
Dasyuridae_Sarcophilus_harrisii              0.0832779 0.0990621 0.0822915 0.0845478 0.0874428 0.0093842 0.0816817 0.0790808 0.0841550 0.0947828 0.0724076 0.0186630 0.0241688 0.0789729 0.0853990 0.0202612 0.0000000 0.0259811 0.0988025 0.0895688 0.1166429 0.1222699 0.0199892 0.0809029 0.1130920 0.0868209 0.0915847 0.0853513 0.1023236 0.0899738 0.0744618 0.1053243 0.0068454 0.0951164 0.1091117 
Dasyuridae_Planigale_tenuirostris            0.0917812 0.1148221 0.0893679 0.0938009 0.0967135 0.0321318 0.0884610 0.0870604 0.0934525 0.1084822 0.0810027 0.0306298 0.0255706 0.0876404 0.0937464 0.0325254 0.0259811 0.0000000 0.1114270 0.0996575 0.1248741 0.1363002 0.0302112 0.0939028 0.1260799 0.0948478 0.1001423 0.0935110 0.1148818 0.1022311 0.0838731 0.1142989 0.0286594 0.1076335 0.1169961 
Peramelidae_Echymipera_kalubu                0.0914962 0.1018478 0.0825223 0.0970982 0.0998026 0.1011543 0.0857833 0.0859326 0.0962331 0.0154154 0.0827199 0.1089973 0.1010566 0.0867744 0.0938745 0.1085247 0.0988025 0.1114270 0.0000000 0.1022300 0.1237830 0.1270649 0.1051270 0.0882625 0.1197035 0.0904336 0.1026824 0.0950367 0.1079115 0.0970089 0.0824817 0.0190358 0.1019444 0.0148100 0.1128291 
Macropodidae_Dorcopsulus_vanheurni           0.0607662 0.0956432 0.0662341 0.0267654 0.0264397 0.0929859 0.0612240 0.0612056 0.0240421 0.0980391 0.0561548 0.0971151 0.0954058 0.0601347 0.0638945 0.0982002 0.0895688 0.0996575 0.1022300 0.0000000 0.1188412 0.1208036 0.0958842 0.0423320 0.1053788 0.0635398 0.0099959 0.0672128 0.0792588 0.0695103 0.0573470 0.1067352 0.0929916 0.0992874 0.0801058 
Didelphidae_Didelphis_virginiana             0.1032540 0.1206631 0.1013593 0.1129568 0.1163039 0.1203193 0.0994513 0.1025932 0.1121207 0.1160816 0.0949284 0.1254476 0.1240301 0.1007327 0.1048581 0.1258459 0.1166429 0.1248741 0.1237830 0.1188412 0.0000000 0.0481008 0.1252357 0.1005044 0.1372798 0.1004690 0.1191148 0.1163271 0.1207815 0.1094221 0.0975292 0.1367770 0.1203726 0.1174128 0.1565496 
Marmosidae_Monodelphis_domestica             0.1049640 0.1291996 0.1093478 0.1179459 0.1191414 0.1269895 0.1046616 0.1072077 0.1170778 0.1183019 0.0999668 0.1321904 0.1274385 0.1059623 0.1117311 0.1316538 0.1222699 0.1363002 0.1270649 0.1208036 0.0481008 0.0000000 0.1304863 0.1078838 0.1401297 0.1102933 0.1225505 0.1232262 0.1236926 0.1170538 0.1025800 0.1341834 0.1244056 0.1213138 0.1648666 
Dasyuridae_Antechinus_stuartii               0.0881538 0.1032437 0.0872263 0.0906248 0.0935859 0.0240743 0.0861040 0.0842820 0.0901954 0.1031166 0.0793841 0.0134056 0.0270813 0.0861645 0.0920146 0.0149924 0.0199892 0.0302112 0.1051270 0.0958842 0.1252357 0.1304863 0.0000000 0.0880023 0.1200496 0.0885333 0.0968025 0.0912524 0.1083118 0.0958593 0.0815276 0.1112967 0.0216831 0.1036442 0.1152406 
Hypsiprymnodontidae_Hypsiprymnodon_moschatus 0.0557322 0.0878033 0.0583423 0.0409544 0.0420281 0.0843095 0.0534881 0.0535264 0.0386718 0.0838705 0.0495840 0.0891261 0.0861513 0.0516737 0.0581262 0.0893568 0.0809029 0.0939028 0.0882625 0.0423320 0.1005044 0.1078838 0.0880023 0.0000000 0.0999279 0.0583072 0.0448604 0.0646589 0.0747296 0.0624784 0.0505481 0.0927597 0.0842816 0.0854725 0.0735395 
Microbiotheriidae_Dromiciops_gliroides       0.0960082 0.1181885 0.0960579 0.1013943 0.1040904 0.1165425 0.0961360 0.0946743 0.1013816 0.1152793 0.0904283 0.1238041 0.1221166 0.0927326 0.1071547 0.1243073 0.1130920 0.1260799 0.1197035 0.1053788 0.1372798 0.1401297 0.1200496 0.0999279 0.0000000 0.1030638 0.1037406 0.1012164 0.1231240 0.1087811 0.0890606 0.1253190 0.1161655 0.1180190 0.0948564 
Pseudochiridae_Petauroides_volans            0.0569476 0.0903482 0.0600406 0.0604990 0.0616544 0.0903699 0.0548591 0.0526239 0.0591488 0.0861992 0.0505551 0.0916462 0.0910098 0.0541921 0.0512521 0.0936052 0.0868209 0.0948478 0.0904336 0.0635398 0.1004690 0.1102933 0.0885333 0.0583072 0.1030638 0.0000000 0.0654256 0.0353131 0.0667009 0.0540182 0.0515092 0.0987302 0.0902097 0.0886000 0.0398444 
Macropodidae_Wallabia_bicolor                0.0620341 0.0981442 0.0688482 0.0281449 0.0278093 0.0950557 0.0642439 0.0635142 0.0247115 0.0983792 0.0587865 0.0983648 0.0966570 0.0627393 0.0678955 0.0998694 0.0915847 0.1001423 0.1026824 0.0099959 0.1191148 0.1225505 0.0968025 0.0448604 0.1037406 0.0654256 0.0000000 0.0711828 0.0818314 0.0722969 0.0608092 0.1075252 0.0950615 0.1005868 0.0842836 
Pseudochiridae_Pseudocheirus_occidentalis    0.0574097 0.0951187 0.0588256 0.0667793 0.0687030 0.0870848 0.0606476 0.0578061 0.0665818 0.0904020 0.0531064 0.0915047 0.0939161 0.0570770 0.0565349 0.0931614 0.0853513 0.0935110 0.0950367 0.0672128 0.1163271 0.1232262 0.0912524 0.0646589 0.1012164 0.0353131 0.0711828 0.0000000 0.0648010 0.0590807 0.0548051 0.1031540 0.0879249 0.0911496 0.0232454 
Tarsipedidae_Tarsipes_rostratus              0.0743102 0.1085351 0.0734571 0.0806262 0.0826682 0.1073986 0.0738440 0.0693246 0.0799272 0.1065142 0.0658603 0.1096826 0.1084121 0.0692400 0.0724040 0.1094689 0.1023236 0.1148818 0.1079115 0.0792588 0.1207815 0.1236926 0.1083118 0.0747296 0.1231240 0.0667009 0.0818314 0.0648010 0.0000000 0.0725012 0.0680886 0.1134826 0.1050997 0.1080270 0.0841067 
Acrobatidae_Distoechurus_pennatus            0.0621998 0.0949571 0.0636477 0.0692955 0.0696407 0.0956292 0.0593302 0.0589500 0.0681857 0.0918473 0.0557127 0.0960354 0.0953569 0.0582372 0.0400308 0.0967286 0.0899738 0.1022311 0.0970089 0.0695103 0.1094221 0.1170538 0.0958593 0.0624784 0.1087811 0.0540182 0.0722969 0.0590807 0.0725012 0.0000000 0.0566455 0.1052909 0.0937546 0.0937249 0.0721273 
Phalangeridae_Phalanger_carmelitae           0.0449285 0.0809771 0.0495073 0.0547470 0.0550875 0.0782980 0.0220113 0.0129490 0.0535189 0.0793508 0.0062594 0.0809941 0.0789256 0.0052594 0.0519212 0.0810968 0.0744618 0.0838731 0.0824817 0.0573470 0.0975292 0.1025800 0.0815276 0.0505481 0.0890606 0.0515092 0.0608092 0.0548051 0.0680886 0.0566455 0.0000000 0.0921319 0.0781356 0.0809548 0.0613282 
Peramelidae_Peroryctes_raffrayana            0.0943375 0.1086875 0.0903255 0.1019422 0.1055495 0.1075315 0.0963197 0.0951958 0.1026808 0.0184152 0.0929062 0.1150978 0.1059350 0.0969671 0.1030600 0.1151138 0.1053243 0.1142989 0.0190358 0.1067352 0.1367770 0.1341834 0.1112967 0.0927597 0.1253190 0.0987302 0.1075252 0.1031540 0.1134826 0.1052909 0.0921319 0.0000000 0.1084251 0.0172323 0.1291799 
Dasyuridae_Dasyurus_geffroii                 0.0863133 0.1022276 0.0852678 0.0879519 0.0908768 0.0081230 0.0846096 0.0828332 0.0875397 0.0984434 0.0760905 0.0210152 0.0265496 0.0827004 0.0891445 0.0226193 0.0068454 0.0286594 0.1019444 0.0929916 0.1203726 0.1244056 0.0216831 0.0842816 0.1161655 0.0902097 0.0950615 0.0879249 0.1050997 0.0937546 0.0781356 0.1084251 0.0000000 0.0987157 0.1092401 
Peramelidae_Perameles_gunnii                 0.0886185 0.0978676 0.0823318 0.0938121 0.0964949 0.0979354 0.0834351 0.0851576 0.0938019 0.0019091 0.0803279 0.1061209 0.0973584 0.0852349 0.0909851 0.1056627 0.0951164 0.1076335 0.0148100 0.0992874 0.1174128 0.1213138 0.1036442 0.0854725 0.1180190 0.0886000 0.1005868 0.0911496 0.1080270 0.0937249 0.0809548 0.0172323 0.0987157 0.0000000 0.1093681 
Pseudochiridae_Pseudochirulus_forbesi        0.0653100 0.1113644 0.0699311 0.0775585 0.0784210 0.1095405 0.0702897 0.0617809 0.0788383 0.1086927 0.0579811 0.1156378 0.1182824 0.0642131 0.0718492 0.1167351 0.1091117 0.1169961 0.1128291 0.0801058 0.1565496 0.1648666 0.1152406 0.0735395 0.0948564 0.0398444 0.0842836 0.0232454 0.0841067 0.0721273 0.0613282 0.1291799 0.1092401 0.1093681 0.0000000 
