35
Burramyidae_Burramys_parvus                  0.0000000 0.1592261 0.0849951 0.0887243 0.0894149 0.1207841 0.0799731 0.0782950 0.0910869 0.1379199 0.0918986 0.1377861 0.1339412 0.0860104 0.0976387 0.1291066 0.1203214 0.1171383 0.1260546 0.1221226 0.0875210 0.1804578 0.1685853 0.1282811 0.0907857 0.1159693 0.0751762 0.0904626 0.0740845 0.1029507 0.0893231 0.1043737 0.1431444 0.1180048 0.1273758 
Notoryctidae_Notoryctes_typhlops             0.1592261 0.0000000 0.1282133 0.1417671 0.1419375 0.1522955 0.1419708 0.1399497 0.1389883 0.1770818 0.1659423 0.1652364 0.1595433 0.1567233 0.1515932 0.1530127 0.1516529 0.1395019 0.1654427 0.2000491 0.1461670 0.2318543 0.2180125 0.1441628 0.1368290 0.1480251 0.1374472 0.1394621 0.1506902 0.1612451 0.1403281 0.1767665 0.1809283 0.1496532 0.1592170 
Vombatidae_Lasiorhinus_latifrons             0.0849951 0.1282133 0.0000000 0.0742698 0.0749156 0.1028221 0.0696111 0.0696153 0.0739690 0.1212942 0.0919436 0.1217485 0.1104548 0.0791149 0.0828400 0.1095257 0.1006525 0.1038203 0.1130800 0.0991223 0.0781011 0.1690997 0.1674975 0.1120594 0.0797659 0.0917928 0.0706170 0.0731091 0.0722204 0.1070220 0.0790370 0.0956367 0.1255482 0.0983938 0.1056632 
Potoroidae_Bettongia_penicillata             0.0887243 0.1417671 0.0742698 0.0000000 0.0018973 0.1106953 0.0717356 0.0668358 0.0137500 0.1248109 0.0894757 0.1242323 0.1258234 0.0740248 0.0821118 0.1198571 0.1109310 0.1095760 0.1247834 0.0339653 0.0803167 0.1779639 0.1619003 0.1226887 0.0417270 0.1026046 0.0673919 0.0187920 0.0646124 0.0926107 0.0785354 0.0906584 0.1417478 0.1078209 0.1173657 
Potoroidae_Bettongia_lesueur                 0.0894149 0.1419375 0.0749156 0.0018973 0.0000000 0.1094810 0.0723802 0.0674708 0.0137444 0.1249507 0.0901681 0.1243724 0.1252223 0.0752256 0.0827950 0.1192626 0.1103411 0.1111127 0.1255488 0.0357053 0.0809819 0.1785545 0.1638141 0.1221241 0.0417576 0.1032639 0.0680325 0.0188036 0.0646778 0.0936353 0.0797145 0.0913548 0.1419113 0.1072312 0.1181052 
Dasyuridae_Dasyurus_maculatus                0.1207841 0.1522955 0.1028221 0.1106953 0.1094810 0.0000000 0.1055194 0.1052076 0.1110972 0.1378250 0.1325379 0.0196599 0.0259144 0.1119810 0.1217187 0.0204592 0.0087634 0.0221112 0.1286355 0.1520449 0.1143123 0.1980680 0.1712141 0.0262463 0.1114052 0.1107719 0.1043484 0.1107144 0.1107676 0.1167737 0.1151097 0.1288797 0.1467778 0.0092662 0.1234170 
Phalangeridae_Trichosurus_vulpecula          0.0799731 0.1419708 0.0696111 0.0717356 0.0723802 0.1055194 0.0000000 0.0231537 0.0745357 0.1248545 0.0409090 0.1129047 0.1128397 0.0278115 0.0731561 0.1116315 0.1027658 0.1015660 0.1295816 0.1049331 0.0733764 0.1702527 0.1635730 0.1080335 0.0719790 0.1014245 0.0634589 0.0748046 0.0562655 0.0781786 0.0710489 0.0421221 0.1375293 0.1041685 0.1215295 
Phalangeridae_Spilocuscus_maculatus          0.0782950 0.1399497 0.0696153 0.0668358 0.0674708 0.1052076 0.0231537 0.0000000 0.0689660 0.1222608 0.0346595 0.1137669 0.1144913 0.0228087 0.0719804 0.1113015 0.1022145 0.1032727 0.1208784 0.0956751 0.0710411 0.1735898 0.1616232 0.1102091 0.0701590 0.1008882 0.0605679 0.0673119 0.0560168 0.0852822 0.0701537 0.0364742 0.1277004 0.1038606 0.1157075 
Potoroidae_Aepyprymnus_rufescens             0.0910869 0.1389883 0.0739690 0.0137500 0.0137444 0.1110972 0.0745357 0.0689660 0.0000000 0.1299698 0.0926502 0.1276669 0.1262866 0.0782626 0.0810275 0.1202948 0.1113345 0.1122187 0.1276380 0.0332130 0.0818408 0.1800994 0.1642169 0.1224064 0.0446994 0.1044434 0.0688356 0.0198747 0.0703173 0.0917670 0.0787085 0.0937933 0.1445224 0.1081817 0.1192524 
Peramelidae_Perameles_nasuta                 0.1379199 0.1770818 0.1212942 0.1248109 0.1249507 0.1378250 0.1248545 0.1222608 0.1299698 0.0000000 0.1552159 0.1395254 0.1356349 0.1340080 0.1353754 0.1426949 0.1329526 0.1408175 0.0391935 0.1412693 0.1281479 0.1980196 0.1941911 0.1443121 0.1256073 0.1242035 0.1154462 0.1234399 0.1133794 0.1134726 0.1248457 0.1603847 0.0458933 0.1339791 0.0036983 
Phalangeridae_Strigocuscus_pelengensis       0.0918986 0.1659423 0.0919436 0.0894757 0.0901681 0.1325379 0.0409090 0.0346595 0.0926502 0.1552159 0.0000000 0.1431835 0.1422387 0.0298561 0.1015850 0.1368952 0.1289942 0.1241445 0.1512274 0.0969077 0.0938057 0.1911889 0.1849822 0.1361730 0.0907936 0.1303857 0.0825368 0.0922642 0.0804064 0.1156544 0.0982363 0.0475405 0.1641311 0.1286177 0.1433613 
Dasyuridae_Phascogale_tapoatafa              0.1377861 0.1652364 0.1217485 0.1242323 0.1243724 0.0196599 0.1129047 0.1137669 0.1276669 0.1395254 0.1431835 0.0000000 0.0358138 0.1211319 0.1390098 0.0024582 0.0157142 0.0307520 0.1435362 0.1455267 0.1292544 0.2170319 0.1990311 0.0165928 0.1322386 0.1246793 0.1144506 0.1265095 0.1114633 0.1048654 0.1311645 0.1421344 0.1513175 0.0177034 0.1378351 
Dasyuridae_Sminthopsis_macroura              0.1339412 0.1595433 0.1104548 0.1258234 0.1252223 0.0259144 0.1128397 0.1144913 0.1262866 0.1356349 0.1422387 0.0358138 0.0000000 0.1197059 0.1320219 0.0340055 0.0216955 0.0307332 0.1315535 0.1716599 0.1220108 0.2009154 0.1832140 0.0352189 0.1272182 0.1136686 0.1145127 0.1265090 0.1245802 0.1190024 0.1251528 0.1380424 0.1522777 0.0227992 0.1239258 
Phalangeridae_Phalanger_orientalis           0.0860104 0.1567233 0.0791149 0.0740248 0.0752256 0.1119810 0.0278115 0.0228087 0.0782626 0.1340080 0.0298561 0.1211319 0.1197059 0.0000000 0.0845684 0.1170090 0.1077374 0.1082602 0.1357847 0.0928703 0.0825733 0.1799606 0.1676847 0.1160187 0.0787888 0.1130828 0.0689103 0.0776974 0.0666552 0.1016268 0.0807588 0.0314277 0.1433125 0.1091475 0.1264368 
Acrobatidae_Acrobates_pygmaeus               0.0976387 0.1515932 0.0828400 0.0821118 0.0827950 0.1217187 0.0731561 0.0719804 0.0810275 0.1353754 0.1015850 0.1390098 0.1320219 0.0845684 0.0000000 0.1297815 0.1204346 0.1230542 0.1316942 0.1157654 0.0748028 0.1809513 0.1658875 0.1308553 0.0853934 0.1135470 0.0606308 0.0806611 0.0703671 0.0875944 0.0501080 0.0980767 0.1488994 0.1190049 0.1237395 
Dasyuridae_Phascogale_calura                 0.1291066 0.1530127 0.1095257 0.1198571 0.1192626 0.0204592 0.1116315 0.1113015 0.1202948 0.1426949 0.1368952 0.0024582 0.0340055 0.1170090 0.1297815 0.0000000 0.0183838 0.0291012 0.1336841 0.1643605 0.1207420 0.2026496 0.1824311 0.0182710 0.1224094 0.1158557 0.1072905 0.1205243 0.1155950 0.1249495 0.1219770 0.1328419 0.1527568 0.0194644 0.1290803 
Dasyuridae_Sarcophilus_harrisii              0.1203214 0.1516529 0.1006525 0.1109310 0.1103411 0.0087634 0.1027658 0.1022145 0.1113345 0.1329526 0.1289942 0.0157142 0.0216955 0.1077374 0.1204346 0.0183838 0.0000000 0.0200635 0.1250275 0.1467900 0.1107884 0.1975523 0.1740960 0.0238716 0.1109712 0.1109434 0.1011648 0.1114776 0.1060022 0.1197315 0.1138978 0.1251975 0.1445274 0.0082869 0.1192937 
Dasyuridae_Planigale_tenuirostris            0.1171383 0.1395019 0.1038203 0.1095760 0.1111127 0.0221112 0.1015660 0.1032727 0.1122187 0.1408175 0.1241445 0.0307520 0.0307332 0.1082602 0.1230542 0.0291012 0.0200635 0.0000000 0.1317466 0.1501365 0.1131720 0.2014794 0.1811609 0.0327311 0.1158305 0.1115397 0.1054409 0.1100515 0.1153010 0.1047405 0.1149060 0.1282433 0.1439502 0.0188704 0.1245468 
Peramelidae_Echymipera_kalubu                0.1260546 0.1654427 0.1130800 0.1247834 0.1255488 0.1286355 0.1295816 0.1208784 0.1276380 0.0391935 0.1512274 0.1435362 0.1315535 0.1357847 0.1316942 0.1336841 0.1250275 0.1317466 0.0000000 0.1681819 0.1167139 0.1903367 0.1827380 0.1367407 0.1244162 0.1155881 0.1070084 0.1225996 0.1177202 0.1454888 0.1238375 0.1530369 0.0426744 0.1247714 0.0330161 
Macropodidae_Dorcopsulus_vanheurni           0.1221226 0.2000491 0.0991223 0.0339653 0.0357053 0.1520449 0.1049331 0.0956751 0.0332130 0.1412693 0.0969077 0.1455267 0.1716599 0.0928703 0.1157654 0.1643605 0.1467900 0.1501365 0.1681819 0.0000000 0.1162990 0.2135097 0.1875290 0.1708367 0.0698548 0.1573637 0.0954146 0.0226300 0.0768173 0.1261254 0.1039946 0.0991181 0.1590969 0.1439736 0.1542891 
Pseudochiridae_Pseudochirulus_forbesi        0.0875210 0.1461670 0.0781011 0.0803167 0.0809819 0.1143123 0.0733764 0.0710411 0.0818408 0.1281479 0.0938057 0.1292544 0.1220108 0.0825733 0.0748028 0.1207420 0.1107884 0.1131720 0.1167139 0.1162990 0.0000000 0.1706265 0.1713761 0.1176213 0.0782920 0.1106542 0.0304860 0.0807123 0.0266162 0.0718620 0.0673009 0.0970429 0.1393722 0.1102182 0.1145286 
Didelphidae_Didelphis_virginiana             0.1804578 0.2318543 0.1690997 0.1779639 0.1785545 0.1980680 0.1702527 0.1735898 0.1800994 0.1980196 0.1911889 0.2170319 0.2009154 0.1799606 0.1809513 0.2026496 0.1975523 0.2014794 0.1903367 0.2135097 0.1706265 0.0000000 0.0749629 0.1962357 0.1779554 0.1962674 0.1591319 0.1786966 0.1701103 0.2119231 0.1634274 0.2053087 0.2043845 0.1997166 0.1878349 
Marmosidae_Monodelphis_domestica             0.1685853 0.2180125 0.1674975 0.1619003 0.1638141 0.1712141 0.1635730 0.1616232 0.1642169 0.1941911 0.1849822 0.1990311 0.1832140 0.1676847 0.1658875 0.1824311 0.1740960 0.1811609 0.1827380 0.1875290 0.1713761 0.0749629 0.0000000 0.1736297 0.1640852 0.1745264 0.1507715 0.1639850 0.1692109 0.1908282 0.1578445 0.1924226 0.1994747 0.1729732 0.1785003 
Dasyuridae_Antechinus_stuartii               0.1282811 0.1441628 0.1120594 0.1226887 0.1221241 0.0262463 0.1080335 0.1102091 0.1224064 0.1443121 0.1361730 0.0165928 0.0352189 0.1160187 0.1308553 0.0182710 0.0238716 0.0327311 0.1367407 0.1708367 0.1176213 0.1962357 0.1736297 0.0000000 0.1190688 0.1097785 0.1070654 0.1205365 0.1182906 0.1176879 0.1195650 0.1353314 0.1597770 0.0239713 0.1297768 
Hypsiprymnodontidae_Hypsiprymnodon_moschatus 0.0907857 0.1368290 0.0797659 0.0417270 0.0417576 0.1114052 0.0719790 0.0701590 0.0446994 0.1256073 0.0907936 0.1322386 0.1272182 0.0787888 0.0853934 0.1224094 0.1109712 0.1158305 0.1244162 0.0698548 0.0782920 0.1779554 0.1640852 0.1190688 0.0000000 0.1023296 0.0677028 0.0450196 0.0662735 0.0921165 0.0819429 0.0959970 0.1432738 0.1114385 0.1159651 
Microbiotheriidae_Dromiciops_gliroides       0.1159693 0.1480251 0.0917928 0.1026046 0.1032639 0.1107719 0.1014245 0.1008882 0.1044434 0.1242035 0.1303857 0.1246793 0.1136686 0.1130828 0.1135470 0.1158557 0.1109434 0.1115397 0.1155881 0.1573637 0.1106542 0.1962674 0.1745264 0.1097785 0.1023296 0.0000000 0.0972021 0.1037799 0.1032711 0.0977836 0.1046693 0.1320368 0.1362943 0.1089355 0.1159225 
Pseudochiridae_Petauroides_volans            0.0751762 0.1374472 0.0706170 0.0673919 0.0680325 0.1043484 0.0634589 0.0605679 0.0688356 0.1154462 0.0825368 0.1144506 0.1145127 0.0689103 0.0606308 0.1072905 0.1011648 0.1054409 0.1070084 0.0954146 0.0304860 0.1591319 0.1507715 0.1070654 0.0677028 0.0972021 0.0000000 0.0688183 0.0266202 0.0626802 0.0554604 0.0847314 0.1261817 0.1017573 0.1045925 
Macropodidae_Wallabia_bicolor                0.0904626 0.1394621 0.0731091 0.0187920 0.0188036 0.1107144 0.0748046 0.0673119 0.0198747 0.1234399 0.0922642 0.1265095 0.1265090 0.0776974 0.0806611 0.1205243 0.1114776 0.1100515 0.1225996 0.0226300 0.0807123 0.1786966 0.1639850 0.1205365 0.0450196 0.1037799 0.0688183 0.0000000 0.0699221 0.0902082 0.0790665 0.0954706 0.1377079 0.1082908 0.1161969 
Pseudochiridae_Pseudocheirus_occidentalis    0.0740845 0.1506902 0.0722204 0.0646124 0.0646778 0.1107676 0.0562655 0.0560168 0.0703173 0.1133794 0.0804064 0.1114633 0.1245802 0.0666552 0.0703671 0.1155950 0.1060022 0.1153010 0.1177202 0.0768173 0.0266162 0.1701103 0.1692109 0.1182906 0.0662735 0.1032711 0.0266202 0.0699221 0.0000000 0.0481756 0.0636979 0.0855055 0.1262485 0.1066462 0.1099841 
Tarsipedidae_Tarsipes_rostratus              0.1029507 0.1612451 0.1070220 0.0926107 0.0936353 0.1167737 0.0781786 0.0852822 0.0917670 0.1134726 0.1156544 0.1048654 0.1190024 0.1016268 0.0875944 0.1249495 0.1197315 0.1047405 0.1454888 0.1261254 0.0718620 0.2119231 0.1908282 0.1176879 0.0921165 0.0977836 0.0626802 0.0902082 0.0481756 0.0000000 0.0818428 0.1296867 0.1227841 0.1214970 0.1392225 
Acrobatidae_Distoechurus_pennatus            0.0893231 0.1403281 0.0790370 0.0785354 0.0797145 0.1151097 0.0710489 0.0701537 0.0787085 0.1248457 0.0982363 0.1311645 0.1251528 0.0807588 0.0501080 0.1219770 0.1138978 0.1149060 0.1238375 0.1039946 0.0673009 0.1634274 0.1578445 0.1195650 0.0819429 0.1046693 0.0554604 0.0790665 0.0636979 0.0818428 0.0000000 0.0978955 0.1395320 0.1133291 0.1162458 
Phalangeridae_Phalanger_carmelitae           0.1043737 0.1767665 0.0956367 0.0906584 0.0913548 0.1288797 0.0421221 0.0364742 0.0937933 0.1603847 0.0475405 0.1421344 0.1380424 0.0314277 0.0980767 0.1328419 0.1251975 0.1282433 0.1530369 0.0991181 0.0970429 0.2053087 0.1924226 0.1353314 0.0959970 0.1320368 0.0847314 0.0954706 0.0855055 0.1296867 0.0978955 0.0000000 0.1665005 0.1245125 0.1477488 
Peramelidae_Peroryctes_raffrayana            0.1431444 0.1809283 0.1255482 0.1417478 0.1419113 0.1467778 0.1375293 0.1277004 0.1445224 0.0458933 0.1641311 0.1513175 0.1522777 0.1433125 0.1488994 0.1527568 0.1445274 0.1439502 0.0426744 0.1590969 0.1393722 0.2043845 0.1994747 0.1597770 0.1432738 0.1362943 0.1261817 0.1377079 0.1262485 0.1227841 0.1395320 0.1665005 0.0000000 0.1455957 0.0458834 
Dasyuridae_Dasyurus_geffroii                 0.1180048 0.1496532 0.0983938 0.1078209 0.1072312 0.0092662 0.1041685 0.1038606 0.1081817 0.1339791 0.1286177 0.0177034 0.0227992 0.1091475 0.1190049 0.0194644 0.0082869 0.0188704 0.1247714 0.1439736 0.1102182 0.1997166 0.1729732 0.0239713 0.1114385 0.1089355 0.1017573 0.1082908 0.1066462 0.1214970 0.1133291 0.1245125 0.1455957 0.0000000 0.1197542 
Peramelidae_Perameles_gunnii                 0.1273758 0.1592170 0.1056632 0.1173657 0.1181052 0.1234170 0.1215295 0.1157075 0.1192524 0.0036983 0.1433613 0.1378351 0.1239258 0.1264368 0.1237395 0.1290803 0.1192937 0.1245468 0.0330161 0.1542891 0.1145286 0.1878349 0.1785003 0.1297768 0.1159651 0.1159225 0.1045925 0.1161969 0.1099841 0.1392225 0.1162458 0.1477488 0.0458834 0.1197542 0.0000000 
