35
Burramyidae_Burramys_parvus                  0.0000000 0.0970543 0.0684454 0.0747225 0.0725300 0.1009782 0.0554385 0.0515325 0.0704036 0.1059895 0.0600315 0.1002940 0.0954714 0.0633818 0.0790128 0.1018778 0.1004823 0.0948250 0.0973021 0.0690567 0.0827001 0.1280569 0.1230143 0.0986086 0.0631170 0.0876681 0.0720746 0.0690289 0.0480624 0.0927680 0.0689199 0.0533635 0.1056620 0.1027097 0.0984127 
Notoryctidae_Notoryctes_typhlops             0.0970543 0.0000000 0.0993876 0.1097218 0.1076231 0.1042804 0.0804138 0.0878902 0.1071709 0.1157871 0.0954197 0.1087277 0.1053848 0.0997728 0.1112399 0.1075208 0.1068571 0.1035582 0.1084606 0.1066168 0.1124962 0.1309232 0.1280914 0.1051046 0.0935871 0.0987380 0.1020730 0.1070711 0.0649443 0.1236486 0.1092012 0.0902369 0.1173103 0.1120542 0.1041451 
Vombatidae_Lasiorhinus_latifrons             0.0684454 0.0993876 0.0000000 0.0816011 0.0803094 0.0979536 0.0579344 0.0576452 0.0800840 0.1119306 0.0651428 0.1008545 0.0997236 0.0650843 0.0811512 0.0996805 0.0983641 0.0938001 0.1022416 0.0778366 0.0860985 0.1305332 0.1284739 0.1013910 0.0683557 0.0927554 0.0795965 0.0765008 0.0750160 0.0958439 0.0744158 0.0570715 0.1089580 0.0989720 0.0983851 
Potoroidae_Bettongia_penicillata             0.0747225 0.1097218 0.0816011 0.0000000 0.0051416 0.1081740 0.0717131 0.0563469 0.0193148 0.1249525 0.0666113 0.1076851 0.1039278 0.0699602 0.0848405 0.1057508 0.1095113 0.1014205 0.1155543 0.0322048 0.0919268 0.1432077 0.1339929 0.1055597 0.0441638 0.0967306 0.0817298 0.0301301 0.0870305 0.0982456 0.0788335 0.0581704 0.1204806 0.1078093 0.1178733 
Potoroidae_Bettongia_lesueur                 0.0725300 0.1076231 0.0803094 0.0051416 0.0000000 0.1070373 0.0723623 0.0555659 0.0190100 0.1251986 0.0657625 0.1064689 0.1027965 0.0696588 0.0845117 0.1046050 0.1083683 0.1010205 0.1137958 0.0318746 0.0906629 0.1410020 0.1333683 0.1043989 0.0434884 0.0944155 0.0809540 0.0297917 0.0926629 0.0987101 0.0781261 0.0581181 0.1194582 0.1066690 0.1173714 
Dasyuridae_Dasyurus_maculatus                0.1009782 0.1042804 0.0979536 0.1081740 0.1070373 0.0000000 0.0843478 0.0873085 0.1066722 0.1206058 0.0924598 0.0185241 0.0202647 0.0962754 0.1078987 0.0188060 0.0061262 0.0205267 0.1114093 0.1064092 0.1120742 0.1414927 0.1363989 0.0177682 0.0878118 0.0928046 0.1018478 0.1043232 0.0562776 0.1187127 0.1052731 0.0832671 0.1153522 0.0085486 0.1149531 
Phalangeridae_Trichosurus_vulpecula          0.0554385 0.0804138 0.0579344 0.0717131 0.0723623 0.0843478 0.0000000 0.0194298 0.0666300 0.0916202 0.0187709 0.0844110 0.0832230 0.0208669 0.0679564 0.0858499 0.0866081 0.0802178 0.0908602 0.0645327 0.0636121 0.1128128 0.1071890 0.0819074 0.0543314 0.0736643 0.0598913 0.0680238 0.0326979 0.0878102 0.0554196 0.0185584 0.0946803 0.0873915 0.0916510 
Phalangeridae_Spilocuscus_maculatus          0.0515325 0.0878902 0.0576452 0.0563469 0.0555659 0.0873085 0.0194298 0.0000000 0.0554880 0.0973728 0.0177579 0.0866566 0.0839021 0.0208070 0.0629014 0.0858220 0.0881084 0.0821266 0.0888589 0.0556102 0.0621928 0.1124199 0.1107433 0.0838894 0.0461703 0.0790056 0.0550114 0.0547338 0.0320699 0.0691434 0.0555781 0.0087002 0.0950556 0.0886433 0.0861226 
Potoroidae_Aepyprymnus_rufescens             0.0704036 0.1071709 0.0800840 0.0193148 0.0190100 0.1066722 0.0666300 0.0554880 0.0000000 0.1177471 0.0646543 0.1047698 0.1025484 0.0678228 0.0837690 0.1037544 0.1079980 0.0992974 0.1105580 0.0295497 0.0899742 0.1341480 0.1294591 0.1043250 0.0402562 0.0947255 0.0791841 0.0289040 0.0603974 0.0939249 0.0752796 0.0569419 0.1148438 0.1063037 0.1082699 
Peramelidae_Perameles_nasuta                 0.1059895 0.1157871 0.1119306 0.1249525 0.1251986 0.1206058 0.0916202 0.0973728 0.1177471 0.0000000 0.1076475 0.1202622 0.1178661 0.1111688 0.1212541 0.1217272 0.1218365 0.1160162 0.0126931 0.1238063 0.1178508 0.1478466 0.1445149 0.1197114 0.1037287 0.1083868 0.1135471 0.1233516 0.0542484 0.1302394 0.1165137 0.0961983 0.0140311 0.1273877 0.0023612 
Phalangeridae_Strigocuscus_pelengensis       0.0600315 0.0954197 0.0651428 0.0666113 0.0657625 0.0924598 0.0187709 0.0177579 0.0646543 0.1076475 0.0000000 0.0960535 0.0912392 0.0128667 0.0739549 0.0953313 0.0928436 0.0863104 0.1005505 0.0627637 0.0694494 0.1270801 0.1229155 0.0929184 0.0561943 0.0879909 0.0629457 0.0622040 0.0357726 0.0811204 0.0640228 0.0163249 0.1047153 0.0946571 0.0876037 
Dasyuridae_Phascogale_tapoatafa              0.1002940 0.1087277 0.1008545 0.1076851 0.1064689 0.0185241 0.0844110 0.0866566 0.1047698 0.1202622 0.0960535 0.0000000 0.0237543 0.0984823 0.1056445 0.0021021 0.0176355 0.0241442 0.1128571 0.1031006 0.1148446 0.1397052 0.1343516 0.0098749 0.0865186 0.0981279 0.1040739 0.1000919 0.0688753 0.1188712 0.1044192 0.0850591 0.1148712 0.0209694 0.1189220 
Dasyuridae_Sminthopsis_macroura              0.0954714 0.1053848 0.0997236 0.1039278 0.1027965 0.0202647 0.0832230 0.0839021 0.1025484 0.1178661 0.0912392 0.0237543 0.0000000 0.0933046 0.1081189 0.0235969 0.0212808 0.0134852 0.1078211 0.1029045 0.1097835 0.1456952 0.1405303 0.0209871 0.0817575 0.0936197 0.1001164 0.1010789 0.0526634 0.1181973 0.1037836 0.0809148 0.1109107 0.0229962 0.1131856 
Phalangeridae_Phalanger_orientalis           0.0633818 0.0997728 0.0650843 0.0699602 0.0696588 0.0962754 0.0208669 0.0208070 0.0678228 0.1111688 0.0128667 0.0984823 0.0933046 0.0000000 0.0787424 0.0974050 0.0962246 0.0906584 0.1033896 0.0675284 0.0723542 0.1298821 0.1267142 0.0965108 0.0594893 0.0886719 0.0658866 0.0670209 0.0283655 0.0837689 0.0673661 0.0162884 0.1084274 0.0980893 0.0897693 
Acrobatidae_Acrobates_pygmaeus               0.0790128 0.1112399 0.0811512 0.0848405 0.0845117 0.1078987 0.0679564 0.0629014 0.0837690 0.1212541 0.0739549 0.1056445 0.1081189 0.0787424 0.0000000 0.1069692 0.1092502 0.1047819 0.1155381 0.0859308 0.0862648 0.1341354 0.1374490 0.1075976 0.0782514 0.0944392 0.0721402 0.0828504 0.0590464 0.0919785 0.0448296 0.0644147 0.1218904 0.1105758 0.1192503 
Dasyuridae_Phascogale_calura                 0.1018778 0.1075208 0.0996805 0.1057508 0.1046050 0.0188060 0.0858499 0.0858220 0.1037544 0.1217272 0.0953313 0.0021021 0.0235969 0.0974050 0.1069692 0.0000000 0.0179368 0.0238593 0.1138166 0.1005652 0.1146250 0.1419187 0.1356349 0.0099784 0.0850977 0.0972952 0.1041526 0.0996568 0.0704282 0.1189608 0.1041330 0.0850739 0.1161276 0.0212118 0.1203991 
Dasyuridae_Sarcophilus_harrisii              0.1004823 0.1068571 0.0983641 0.1095113 0.1083683 0.0061262 0.0866081 0.0881084 0.1079980 0.1218365 0.0928436 0.0176355 0.0212808 0.0962246 0.1092502 0.0179368 0.0000000 0.0218909 0.1128894 0.1072305 0.1143553 0.1435132 0.1378480 0.0175230 0.0890087 0.0956083 0.1044304 0.1056298 0.0597810 0.1204158 0.1053060 0.0837277 0.1160313 0.0079608 0.1180659 
Dasyuridae_Planigale_tenuirostris            0.0948250 0.1035582 0.0938001 0.1014205 0.1010205 0.0205267 0.0802178 0.0821266 0.0992974 0.1160162 0.0863104 0.0241442 0.0134852 0.0906584 0.1047819 0.0238593 0.0218909 0.0000000 0.1059710 0.0992314 0.1076462 0.1397727 0.1339092 0.0232284 0.0790844 0.0954404 0.0994940 0.0982585 0.0574457 0.1167284 0.0979365 0.0793805 0.1080583 0.0236718 0.1098424 
Peramelidae_Echymipera_kalubu                0.0973021 0.1084606 0.1022416 0.1155543 0.1137958 0.1114093 0.0908602 0.0888589 0.1105580 0.0126931 0.1005505 0.1128571 0.1078211 0.1033896 0.1155381 0.1138166 0.1128894 0.1059710 0.0000000 0.1139824 0.1136460 0.1375641 0.1374465 0.1094263 0.0965515 0.0990365 0.1084597 0.1124734 0.0533911 0.1205102 0.1082231 0.0882223 0.0127118 0.1171227 0.0111537 
Macropodidae_Dorcopsulus_vanheurni           0.0690567 0.1066168 0.0778366 0.0322048 0.0318746 0.1064092 0.0645327 0.0556102 0.0295497 0.1238063 0.0627637 0.1031006 0.1029045 0.0675284 0.0859308 0.1005652 0.1072305 0.0992314 0.1139824 0.0000000 0.0837691 0.1314826 0.1303852 0.1019910 0.0408892 0.0905511 0.0748274 0.0146224 0.0635405 0.0943760 0.0747759 0.0579486 0.1195077 0.1060262 0.1106900 
Pseudochiridae_Pseudochirulus_forbesi        0.0827001 0.1124962 0.0860985 0.0919268 0.0906629 0.1120742 0.0636121 0.0621928 0.0899742 0.1178508 0.0694494 0.1148446 0.1097835 0.0723542 0.0862648 0.1146250 0.1143553 0.1076462 0.1136460 0.0837691 0.0000000 0.1475440 0.1501488 0.1155461 0.0747212 0.1030772 0.0496386 0.0843040 0.0153433 0.0870397 0.0763345 0.0614073 0.1197895 0.1146370 0.0999016 
Didelphidae_Didelphis_virginiana             0.1280569 0.1309232 0.1305332 0.1432077 0.1410020 0.1414927 0.1128128 0.1124199 0.1341480 0.1478466 0.1270801 0.1397052 0.1456952 0.1298821 0.1341354 0.1419187 0.1435132 0.1397727 0.1375641 0.1314826 0.1475440 0.0000000 0.0321197 0.1431726 0.1177014 0.1269072 0.1367906 0.1335919 0.0694846 0.1523298 0.1362835 0.1147397 0.1432608 0.1477994 0.1355587 
Marmosidae_Monodelphis_domestica             0.1230143 0.1280914 0.1284739 0.1339929 0.1333683 0.1363989 0.1071890 0.1107433 0.1294591 0.1445149 0.1229155 0.1343516 0.1405303 0.1267142 0.1374490 0.1356349 0.1378480 0.1339092 0.1374465 0.1303852 0.1501488 0.0321197 0.0000000 0.1372353 0.1178917 0.1259643 0.1379627 0.1298136 0.0738138 0.1481283 0.1347233 0.1109469 0.1384602 0.1426030 0.1381682 
Dasyuridae_Antechinus_stuartii               0.0986086 0.1051046 0.1013910 0.1055597 0.1043989 0.0177682 0.0819074 0.0838894 0.1043250 0.1197114 0.0929184 0.0098749 0.0209871 0.0965108 0.1075976 0.0099784 0.0175230 0.0232284 0.1094263 0.1019910 0.1155461 0.1431726 0.1372353 0.0000000 0.0845644 0.0936101 0.1017461 0.1022876 0.0640246 0.1200044 0.1030319 0.0839914 0.1142353 0.0208320 0.1140374 
Hypsiprymnodontidae_Hypsiprymnodon_moschatus 0.0631170 0.0935871 0.0683557 0.0441638 0.0434884 0.0878118 0.0543314 0.0461703 0.0402562 0.1037287 0.0561943 0.0865186 0.0817575 0.0594893 0.0782514 0.0850977 0.0890087 0.0790844 0.0965515 0.0408892 0.0747212 0.1177014 0.1178917 0.0845644 0.0000000 0.0826313 0.0682738 0.0393119 0.0498418 0.0847018 0.0665069 0.0503307 0.1007822 0.0873864 0.0935378 
Microbiotheriidae_Dromiciops_gliroides       0.0876681 0.0987380 0.0927554 0.0967306 0.0944155 0.0928046 0.0736643 0.0790056 0.0947255 0.1083868 0.0879909 0.0981279 0.0936197 0.0886719 0.0944392 0.0972952 0.0956083 0.0954404 0.0990365 0.0905511 0.1030772 0.1269072 0.1259643 0.0936101 0.0826313 0.0000000 0.0944958 0.0922319 0.0581807 0.1121806 0.0923746 0.0805449 0.1047528 0.0985309 0.0960537 
Pseudochiridae_Petauroides_volans            0.0720746 0.1020730 0.0795965 0.0817298 0.0809540 0.1018478 0.0598913 0.0550114 0.0791841 0.1135471 0.0629457 0.1040739 0.1001164 0.0658866 0.0721402 0.1041526 0.1044304 0.0994940 0.1084597 0.0748274 0.0496386 0.1367906 0.1379627 0.1017461 0.0682738 0.0944958 0.0000000 0.0744542 0.0316184 0.0761652 0.0671499 0.0569245 0.1118373 0.1065658 0.1017597 
Macropodidae_Wallabia_bicolor                0.0690289 0.1070711 0.0765008 0.0301301 0.0297917 0.1043232 0.0680238 0.0547338 0.0289040 0.1233516 0.0622040 0.1000919 0.1010789 0.0670209 0.0828504 0.0996568 0.1056298 0.0982585 0.1124734 0.0146224 0.0843040 0.1335919 0.1298136 0.1022876 0.0393119 0.0922319 0.0744542 0.0000000 0.0682634 0.0924159 0.0737107 0.0568655 0.1187352 0.1039491 0.1145322 
Pseudochiridae_Pseudocheirus_occidentalis    0.0480624 0.0649443 0.0750160 0.0870305 0.0926629 0.0562776 0.0326979 0.0320699 0.0603974 0.0542484 0.0357726 0.0688753 0.0526634 0.0283655 0.0590464 0.0704282 0.0597810 0.0574457 0.0533911 0.0635405 0.0153433 0.0694846 0.0738138 0.0640246 0.0498418 0.0581807 0.0316184 0.0682634 0.0000000 0.0491368 0.0425824 0.0266695 0.0649302 0.0636014 0.0534685 
Tarsipedidae_Tarsipes_rostratus              0.0927680 0.1236486 0.0958439 0.0982456 0.0987101 0.1187127 0.0878102 0.0691434 0.0939249 0.1302394 0.0811204 0.1188712 0.1181973 0.0837689 0.0919785 0.1189608 0.1204158 0.1167284 0.1205102 0.0943760 0.0870397 0.1523298 0.1481283 0.1200044 0.0847018 0.1121806 0.0761652 0.0924159 0.0491368 0.0000000 0.0864955 0.0726967 0.1269818 0.1205134 0.1217839 
Acrobatidae_Distoechurus_pennatus            0.0689199 0.1092012 0.0744158 0.0788335 0.0781261 0.1052731 0.0554196 0.0555781 0.0752796 0.1165137 0.0640228 0.1044192 0.1037836 0.0673661 0.0448296 0.1041330 0.1053060 0.0979365 0.1082231 0.0747759 0.0763345 0.1362835 0.1347233 0.1030319 0.0665069 0.0923746 0.0671499 0.0737107 0.0425824 0.0864955 0.0000000 0.0594876 0.1162140 0.1060324 0.0988406 
Phalangeridae_Phalanger_carmelitae           0.0533635 0.0902369 0.0570715 0.0581704 0.0581181 0.0832671 0.0185584 0.0087002 0.0569419 0.0961983 0.0163249 0.0850591 0.0809148 0.0162884 0.0644147 0.0850739 0.0837277 0.0793805 0.0882223 0.0579486 0.0614073 0.1147397 0.1109469 0.0839914 0.0503307 0.0805449 0.0569245 0.0568655 0.0266695 0.0726967 0.0594876 0.0000000 0.0909588 0.0850305 0.0854900 
Peramelidae_Peroryctes_raffrayana            0.1056620 0.1173103 0.1089580 0.1204806 0.1194582 0.1153522 0.0946803 0.0950556 0.1148438 0.0140311 0.1047153 0.1148712 0.1109107 0.1084274 0.1218904 0.1161276 0.1160313 0.1080583 0.0127118 0.1195077 0.1197895 0.1432608 0.1384602 0.1142353 0.1007822 0.1047528 0.1118373 0.1187352 0.0649302 0.1269818 0.1162140 0.0909588 0.0000000 0.1212834 0.0161590 
Dasyuridae_Dasyurus_geffroii                 0.1027097 0.1120542 0.0989720 0.1078093 0.1066690 0.0085486 0.0873915 0.0886433 0.1063037 0.1273877 0.0946571 0.0209694 0.0229962 0.0980893 0.1105758 0.0212118 0.0079608 0.0236718 0.1171227 0.1060262 0.1146370 0.1477994 0.1426030 0.0208320 0.0873864 0.0985309 0.1065658 0.1039491 0.0636014 0.1205134 0.1060324 0.0850305 0.1212834 0.0000000 0.1190473 
Peramelidae_Perameles_gunnii                 0.0984127 0.1041451 0.0983851 0.1178733 0.1173714 0.1149531 0.0916510 0.0861226 0.1082699 0.0023612 0.0876037 0.1189220 0.1131856 0.0897693 0.1192503 0.1203991 0.1180659 0.1098424 0.0111537 0.1106900 0.0999016 0.1355587 0.1381682 0.1140374 0.0935378 0.0960537 0.1017597 0.1145322 0.0534685 0.1217839 0.0988406 0.0854900 0.0161590 0.1190473 0.0000000 
