35
Burramyidae_Burramys_parvus                  0.0000000 0.1128568 0.0801996 0.0867476 0.0909788 0.1340880 0.0732658 0.0722144 0.0868929 0.1351706 0.0803452 0.1193478 0.1296709 0.0731361 0.0845775 0.1214651 0.1325418 0.1222876 0.1261555 0.0896879 0.0839352 0.1362953 0.1424720 0.1226318 0.0778468 0.1131555 0.0869823 0.0788281 0.0813505 0.0975306 0.0896267 0.0747864 0.1238427 0.1284254 0.1408340 
Notoryctidae_Notoryctes_typhlops             0.1128568 0.0000000 0.1055886 0.1191414 0.1237422 0.1389992 0.1120063 0.1192674 0.1160911 0.1317240 0.1172044 0.1239936 0.1295799 0.1121331 0.1254682 0.1250275 0.1338151 0.1233337 0.1260276 0.1245877 0.1181411 0.1469843 0.1513969 0.1284454 0.1100620 0.1101792 0.1267971 0.1111050 0.1142495 0.1293145 0.1224998 0.1130202 0.1253273 0.1335680 0.1389742 
Vombatidae_Lasiorhinus_latifrons             0.0801996 0.1055886 0.0000000 0.0864550 0.0907522 0.1093211 0.0792628 0.0790665 0.0811092 0.1112100 0.0813206 0.0951108 0.1030677 0.0771300 0.0870004 0.0964357 0.1080300 0.0955477 0.1061245 0.0846451 0.0898023 0.1253272 0.1285310 0.0946438 0.0738165 0.0945855 0.0952540 0.0739794 0.0881021 0.0961402 0.0888743 0.0769627 0.1073882 0.1062632 0.1164792 
Potoroidae_Bettongia_penicillata             0.0867476 0.1191414 0.0864550 0.0000000 0.0073197 0.1333821 0.0763841 0.0951156 0.0188165 0.1335277 0.0850067 0.1240606 0.1276233 0.0818736 0.0988970 0.1261675 0.1308140 0.1215676 0.1297962 0.0431112 0.0939299 0.1404944 0.1450267 0.1212417 0.0522781 0.1123511 0.0967043 0.0341574 0.0945436 0.1007451 0.1016970 0.0819263 0.1307161 0.1291142 0.1404742 
Potoroidae_Bettongia_lesueur                 0.0909788 0.1237422 0.0907522 0.0073197 0.0000000 0.1394421 0.0809297 0.0974561 0.0218350 0.1393921 0.0887825 0.1294976 0.1335901 0.0855597 0.1022811 0.1315494 0.1367493 0.1276046 0.1352447 0.0468303 0.0987506 0.1457533 0.1513718 0.1275049 0.0573289 0.1173745 0.1010455 0.0373208 0.0984497 0.1061072 0.1078237 0.0856161 0.1368273 0.1350129 0.1465540 
Dasyuridae_Dasyurus_maculatus                0.1340880 0.1389992 0.1093211 0.1333821 0.1394421 0.0000000 0.1319360 0.1438394 0.1340799 0.1523245 0.1365861 0.0340056 0.0462877 0.1370866 0.1429077 0.0355678 0.0232370 0.0405442 0.1458782 0.1379943 0.1351677 0.1550041 0.1605435 0.0349678 0.1263766 0.1286415 0.1422261 0.1221063 0.1370808 0.1411809 0.1437611 0.1379040 0.1466664 0.0208909 0.1615830 
Phalangeridae_Trichosurus_vulpecula          0.0732658 0.1120063 0.0792628 0.0763841 0.0809297 0.1319360 0.0000000 0.0419823 0.0710151 0.1261451 0.0345711 0.1188081 0.1246761 0.0323812 0.0821394 0.1213735 0.1282068 0.1142538 0.1194593 0.0762636 0.0806849 0.1297646 0.1383517 0.1192114 0.0654715 0.1066634 0.0863797 0.0644612 0.0806800 0.0881742 0.0848674 0.0305165 0.1208449 0.1245999 0.1351557 
Phalangeridae_Spilocuscus_maculatus          0.0722144 0.1192674 0.0790665 0.0951156 0.0974561 0.1438394 0.0419823 0.0000000 0.0851619 0.1230370 0.0217590 0.1295187 0.1386971 0.0166407 0.0827101 0.1332427 0.1381270 0.1266035 0.1246338 0.0792832 0.0812056 0.1356264 0.1507708 0.1329285 0.0778451 0.1099086 0.0803270 0.0792783 0.0814012 0.1012141 0.0900837 0.0172317 0.1211654 0.1297541 0.1345085 
Potoroidae_Aepyprymnus_rufescens             0.0868929 0.1160911 0.0811092 0.0188165 0.0218350 0.1340799 0.0710151 0.0851619 0.0000000 0.1290030 0.0777829 0.1187158 0.1257090 0.0742218 0.0935489 0.1218817 0.1282045 0.1204360 0.1242864 0.0409662 0.0897143 0.1388016 0.1399328 0.1188309 0.0482742 0.1111020 0.0940121 0.0304461 0.0902587 0.0981842 0.0950171 0.0742680 0.1243263 0.1271400 0.1355863 
Peramelidae_Perameles_nasuta                 0.1351706 0.1317240 0.1112100 0.1335277 0.1393921 0.1523245 0.1261451 0.1230370 0.1290030 0.0000000 0.1315212 0.1388344 0.1403856 0.1255333 0.1404101 0.1409218 0.1523253 0.1343186 0.0272026 0.1345270 0.1422391 0.1684170 0.1620394 0.1362185 0.1214898 0.1256478 0.1469202 0.1244277 0.1349055 0.1411641 0.1372776 0.1264106 0.0291898 0.1454972 0.0026011 
Phalangeridae_Strigocuscus_pelengensis       0.0803452 0.1172044 0.0813206 0.0850067 0.0887825 0.1365861 0.0345711 0.0217590 0.0777829 0.1315212 0.0000000 0.1241571 0.1275441 0.0155405 0.0886577 0.1275082 0.1354983 0.1185099 0.1241126 0.0796681 0.0835402 0.1368196 0.1450310 0.1259494 0.0705404 0.1066806 0.0942360 0.0690630 0.0838583 0.0916368 0.0875134 0.0148375 0.1229322 0.1276328 0.1366802 
Dasyuridae_Phascogale_tapoatafa              0.1193478 0.1239936 0.0951108 0.1240606 0.1294976 0.0340056 0.1188081 0.1295187 0.1187158 0.1388344 0.1241571 0.0000000 0.0332236 0.1230045 0.1235489 0.0039560 0.0238716 0.0259777 0.1297242 0.1273791 0.1221551 0.1434463 0.1502283 0.0086461 0.1142414 0.1183126 0.1297034 0.1119760 0.1206700 0.1278829 0.1251208 0.1248584 0.1323863 0.0266443 0.1440719 
Dasyuridae_Sminthopsis_macroura              0.1296709 0.1295799 0.1030677 0.1276233 0.1335901 0.0462877 0.1246761 0.1386971 0.1257090 0.1403856 0.1275441 0.0332236 0.0000000 0.1289818 0.1314149 0.0359697 0.0375891 0.0248674 0.1368766 0.1319743 0.1264373 0.1478444 0.1559408 0.0336496 0.1198451 0.1185022 0.1352116 0.1181614 0.1305172 0.1311443 0.1324526 0.1287606 0.1409803 0.0416521 0.1472519 
Phalangeridae_Phalanger_orientalis           0.0731361 0.1121331 0.0771300 0.0818736 0.0855597 0.1370866 0.0323812 0.0166407 0.0742218 0.1255333 0.0155405 0.1230045 0.1289818 0.0000000 0.0834578 0.1256225 0.1340046 0.1191625 0.1207346 0.0798521 0.0770340 0.1369042 0.1431686 0.1249985 0.0692306 0.1056347 0.0884356 0.0687366 0.0801244 0.0896066 0.0850303 0.0048309 0.1186071 0.1286009 0.1335806 
Acrobatidae_Acrobates_pygmaeus               0.0845775 0.1254682 0.0870004 0.0988970 0.1022811 0.1429077 0.0821394 0.0827101 0.0935489 0.1404101 0.0886577 0.1235489 0.1314149 0.0834578 0.0000000 0.1258749 0.1384014 0.1244753 0.1364986 0.0990946 0.0828215 0.1457078 0.1556395 0.1228124 0.0870678 0.1182076 0.0905468 0.0861300 0.0786435 0.0904127 0.0431535 0.0842559 0.1361288 0.1357560 0.1467519 
Dasyuridae_Phascogale_calura                 0.1214651 0.1250275 0.0964357 0.1261675 0.1315494 0.0355678 0.1213735 0.1332427 0.1218817 0.1409218 0.1275082 0.0039560 0.0359697 0.1256225 0.1258749 0.0000000 0.0258560 0.0281639 0.1316735 0.1285896 0.1259872 0.1442066 0.1508444 0.0109264 0.1159363 0.1205519 0.1317288 0.1132528 0.1251422 0.1306806 0.1276083 0.1274543 0.1344984 0.0289991 0.1460521 
Dasyuridae_Sarcophilus_harrisii              0.1325418 0.1338151 0.1080300 0.1308140 0.1367493 0.0232370 0.1282068 0.1381270 0.1282045 0.1523253 0.1354983 0.0238716 0.0375891 0.1340046 0.1384014 0.0258560 0.0000000 0.0326881 0.1426083 0.1351535 0.1352186 0.1569854 0.1628777 0.0278542 0.1220443 0.1293078 0.1425940 0.1189155 0.1371249 0.1380616 0.1426287 0.1337438 0.1461508 0.0143387 0.1582261 
Dasyuridae_Planigale_tenuirostris            0.1222876 0.1233337 0.0955477 0.1215676 0.1276046 0.0405442 0.1142538 0.1266035 0.1204360 0.1343186 0.1185099 0.0259777 0.0248674 0.1191625 0.1244753 0.0281639 0.0326881 0.0000000 0.1283319 0.1268069 0.1211718 0.1379117 0.1421378 0.0288151 0.1109495 0.1145647 0.1278164 0.1117474 0.1217049 0.1226333 0.1264089 0.1184943 0.1316257 0.0348661 0.1404168 
Peramelidae_Echymipera_kalubu                0.1261555 0.1260276 0.1061245 0.1297962 0.1352447 0.1458782 0.1194593 0.1246338 0.1242864 0.0272026 0.1241126 0.1297242 0.1368766 0.1207346 0.1364986 0.1316735 0.1426083 0.1283319 0.0000000 0.1303407 0.1301468 0.1584395 0.1583726 0.1265048 0.1155880 0.1196637 0.1403008 0.1193219 0.1273034 0.1368178 0.1308168 0.1215534 0.0189969 0.1380985 0.0307139 
Macropodidae_Dorcopsulus_vanheurni           0.0896879 0.1245877 0.0846451 0.0431112 0.0468303 0.1379943 0.0762636 0.0792832 0.0409662 0.1345270 0.0796681 0.1273791 0.1319743 0.0798521 0.0990946 0.1285896 0.1351535 0.1268069 0.1303407 0.0000000 0.0950112 0.1423337 0.1509326 0.1248466 0.0517436 0.1139434 0.0942787 0.0202245 0.0951550 0.1055334 0.1015751 0.0789902 0.1301966 0.1330095 0.1390651 
Pseudochiridae_Pseudochirulus_forbesi        0.0839352 0.1181411 0.0898023 0.0939299 0.0987506 0.1351677 0.0806849 0.0812056 0.0897143 0.1422391 0.0835402 0.1221551 0.1264373 0.0770340 0.0828215 0.1259872 0.1352186 0.1211718 0.1301468 0.0950112 0.0000000 0.1477238 0.1503901 0.1253879 0.0843370 0.1145102 0.0460166 0.0824041 0.0222267 0.0776190 0.0831306 0.0777826 0.1321115 0.1302180 0.1455516 
Didelphidae_Didelphis_virginiana             0.1362953 0.1469843 0.1253272 0.1404944 0.1457533 0.1550041 0.1297646 0.1356264 0.1388016 0.1684170 0.1368196 0.1434463 0.1478444 0.1369042 0.1457078 0.1442066 0.1569854 0.1379117 0.1584395 0.1423337 0.1477238 0.0000000 0.0547866 0.1431055 0.1339022 0.1269871 0.1530096 0.1266818 0.1480118 0.1507186 0.1421040 0.1361947 0.1593609 0.1543803 0.1705652 
Marmosidae_Monodelphis_domestica             0.1424720 0.1513969 0.1285310 0.1450267 0.1513718 0.1605435 0.1383517 0.1507708 0.1399328 0.1620394 0.1450310 0.1502283 0.1559408 0.1431686 0.1556395 0.1508444 0.1628777 0.1421378 0.1583726 0.1509326 0.1503901 0.0547866 0.0000000 0.1420638 0.1434837 0.1327053 0.1587956 0.1382619 0.1531068 0.1614291 0.1512944 0.1412822 0.1545064 0.1606874 0.1716681 
Dasyuridae_Antechinus_stuartii               0.1226318 0.1284454 0.0946438 0.1212417 0.1275049 0.0349678 0.1192114 0.1329285 0.1188309 0.1362185 0.1259494 0.0086461 0.0336496 0.1249985 0.1228124 0.0109264 0.0278542 0.0288151 0.1265048 0.1248466 0.1253879 0.1431055 0.1420638 0.0000000 0.1151961 0.1217448 0.1348033 0.1109671 0.1249462 0.1259538 0.1238322 0.1271864 0.1301193 0.0270912 0.1418490 
Hypsiprymnodontidae_Hypsiprymnodon_moschatus 0.0778468 0.1100620 0.0738165 0.0522781 0.0573289 0.1263766 0.0654715 0.0778451 0.0482742 0.1214898 0.0705404 0.1142414 0.1198451 0.0692306 0.0870678 0.1159363 0.1220443 0.1109495 0.1155880 0.0517436 0.0843370 0.1339022 0.1434837 0.1151961 0.0000000 0.1019743 0.0928698 0.0395158 0.0830955 0.0936768 0.0905567 0.0683841 0.1151305 0.1186933 0.1268413 
Microbiotheriidae_Dromiciops_gliroides       0.1131555 0.1101792 0.0945855 0.1123511 0.1173745 0.1286415 0.1066634 0.1099086 0.1111020 0.1256478 0.1066806 0.1183126 0.1185022 0.1056347 0.1182076 0.1205519 0.1293078 0.1145647 0.1196637 0.1139434 0.1145102 0.1269871 0.1327053 0.1217448 0.1019743 0.0000000 0.1249981 0.1021764 0.1149074 0.1206963 0.1209639 0.1065471 0.1182676 0.1215850 0.1290972 
Pseudochiridae_Petauroides_volans            0.0869823 0.1267971 0.0952540 0.0967043 0.1010455 0.1422261 0.0863797 0.0803270 0.0940121 0.1469202 0.0942360 0.1297034 0.1352116 0.0884356 0.0905468 0.1317288 0.1425940 0.1278164 0.1403008 0.0942787 0.0460166 0.1530096 0.1587956 0.1348033 0.0928698 0.1249981 0.0000000 0.0873620 0.0439866 0.0870860 0.0917306 0.0882173 0.1402013 0.1385530 0.1524847 
Macropodidae_Wallabia_bicolor                0.0788281 0.1111050 0.0739794 0.0341574 0.0373208 0.1221063 0.0644612 0.0792783 0.0304461 0.1244277 0.0690630 0.1119760 0.1181614 0.0687366 0.0861300 0.1132528 0.1189155 0.1117474 0.1193219 0.0202245 0.0824041 0.1266818 0.1382619 0.1109671 0.0395158 0.1021764 0.0873620 0.0000000 0.0821923 0.0924029 0.0873164 0.0679155 0.1177546 0.1171832 0.1291459 
Pseudochiridae_Pseudocheirus_occidentalis    0.0813505 0.1142495 0.0881021 0.0945436 0.0984497 0.1370808 0.0806800 0.0814012 0.0902587 0.1349055 0.0838583 0.1206700 0.1305172 0.0801244 0.0786435 0.1251422 0.1371249 0.1217049 0.1273034 0.0951550 0.0222267 0.1480118 0.1531068 0.1249462 0.0830955 0.1149074 0.0439866 0.0821923 0.0000000 0.0761277 0.0788693 0.0809222 0.1304961 0.1325657 0.1413103 
Tarsipedidae_Tarsipes_rostratus              0.0975306 0.1293145 0.0961402 0.1007451 0.1061072 0.1411809 0.0881742 0.1012141 0.0981842 0.1411641 0.0916368 0.1278829 0.1311443 0.0896066 0.0904127 0.1306806 0.1380616 0.1226333 0.1368178 0.1055334 0.0776190 0.1507186 0.1614291 0.1259538 0.0936768 0.1206963 0.0870860 0.0924029 0.0761277 0.0000000 0.0886840 0.0880673 0.1350362 0.1373023 0.1509427 
Acrobatidae_Distoechurus_pennatus            0.0896267 0.1224998 0.0888743 0.1016970 0.1078237 0.1437611 0.0848674 0.0900837 0.0950171 0.1372776 0.0875134 0.1251208 0.1324526 0.0850303 0.0431535 0.1276083 0.1426287 0.1264089 0.1308168 0.1015751 0.0831306 0.1421040 0.1512944 0.1238322 0.0905567 0.1209639 0.0917306 0.0873164 0.0788693 0.0886840 0.0000000 0.0858151 0.1306061 0.1381845 0.1454458 
Phalangeridae_Phalanger_carmelitae           0.0747864 0.1130202 0.0769627 0.0819263 0.0856161 0.1379040 0.0305165 0.0172317 0.0742680 0.1264106 0.0148375 0.1248584 0.1287606 0.0048309 0.0842559 0.1274543 0.1337438 0.1184943 0.1215534 0.0789902 0.0777826 0.1361947 0.1412822 0.1271864 0.0683841 0.1065471 0.0882173 0.0679155 0.0809222 0.0880673 0.0858151 0.0000000 0.1205432 0.1293873 0.1344654 
Peramelidae_Peroryctes_raffrayana            0.1238427 0.1253273 0.1073882 0.1307161 0.1368273 0.1466664 0.1208449 0.1211654 0.1243263 0.0291898 0.1229322 0.1323863 0.1409803 0.1186071 0.1361288 0.1344984 0.1461508 0.1316257 0.0189969 0.1301966 0.1321115 0.1593609 0.1545064 0.1301193 0.1151305 0.1182676 0.1402013 0.1177546 0.1304961 0.1350362 0.1306061 0.1205432 0.0000000 0.1403159 0.0314197 
Dasyuridae_Dasyurus_geffroii                 0.1284254 0.1335680 0.1062632 0.1291142 0.1350129 0.0208909 0.1245999 0.1297541 0.1271400 0.1454972 0.1276328 0.0266443 0.0416521 0.1286009 0.1357560 0.0289991 0.0143387 0.0348661 0.1380985 0.1330095 0.1302180 0.1543803 0.1606874 0.0270912 0.1186933 0.1215850 0.1385530 0.1171832 0.1325657 0.1373023 0.1381845 0.1293873 0.1403159 0.0000000 0.1536252 
Peramelidae_Perameles_gunnii                 0.1408340 0.1389742 0.1164792 0.1404742 0.1465540 0.1615830 0.1351557 0.1345085 0.1355863 0.0026011 0.1366802 0.1440719 0.1472519 0.1335806 0.1467519 0.1460521 0.1582261 0.1404168 0.0307139 0.1390651 0.1455516 0.1705652 0.1716681 0.1418490 0.1268413 0.1290972 0.1524847 0.1291459 0.1413103 0.1509427 0.1454458 0.1344654 0.0314197 0.1536252 0.0000000 
