35
Burramyidae_Burramys_parvus                  0.0000000 0.0730893 0.0558626 0.0497564 0.0495988 0.0763288 0.0349328 0.0367387 0.0511556 0.0673991 0.0347798 0.0777052 0.0745146 0.0362474 0.0577010 0.0771752 0.0769309 0.0835946 0.0666573 0.0500553 0.0539732 0.0991931 0.0932561 0.0770027 0.0559644 0.0597748 0.0501562 0.0519278 0.0528763 0.0720228 0.0619223 0.0331244 0.0803182 0.0683439 0.0660458 
Notoryctidae_Notoryctes_typhlops             0.0730893 0.0000000 0.0679729 0.0787824 0.0733973 0.0868062 0.0692029 0.0753921 0.0784896 0.0958933 0.0688827 0.0934665 0.0889782 0.0703210 0.0941461 0.0953692 0.0869967 0.0956258 0.0949236 0.0811013 0.0844140 0.1128744 0.1127425 0.0928325 0.0748774 0.0686899 0.0813825 0.0769640 0.0797949 0.0879894 0.0812547 0.0701314 0.1081542 0.0905561 0.0956564 
Vombatidae_Lasiorhinus_latifrons             0.0558626 0.0679729 0.0000000 0.0547121 0.0507415 0.0633255 0.0425954 0.0460422 0.0575293 0.0648583 0.0424412 0.0754763 0.0667485 0.0403001 0.0677544 0.0748552 0.0674674 0.0683769 0.0627564 0.0560168 0.0559150 0.0997351 0.0927333 0.0700269 0.0524629 0.0502041 0.0535830 0.0572733 0.0508191 0.0625146 0.0582342 0.0402037 0.0758807 0.0666205 0.0621741 
Potoroidae_Bettongia_penicillata             0.0497564 0.0787824 0.0547121 0.0000000 0.0041193 0.0761593 0.0494357 0.0457094 0.0106617 0.0694052 0.0496561 0.0789174 0.0698849 0.0447823 0.0653731 0.0783907 0.0773258 0.0750103 0.0714797 0.0155920 0.0547499 0.0934629 0.0907048 0.0772552 0.0223047 0.0548885 0.0590700 0.0138367 0.0522487 0.0712578 0.0553828 0.0440237 0.0856101 0.0695398 0.0695954 
Potoroidae_Bettongia_lesueur                 0.0495988 0.0733973 0.0507415 0.0041193 0.0000000 0.0730796 0.0465979 0.0430222 0.0088230 0.0719922 0.0465230 0.0778265 0.0682517 0.0407799 0.0644197 0.0767204 0.0755041 0.0739505 0.0717735 0.0161274 0.0538690 0.0960559 0.0908521 0.0761621 0.0203662 0.0532890 0.0574823 0.0143895 0.0506921 0.0700297 0.0525674 0.0412512 0.0873349 0.0679178 0.0713366 
Dasyuridae_Dasyurus_maculatus                0.0763288 0.0868062 0.0633255 0.0761593 0.0730796 0.0000000 0.0676670 0.0691154 0.0767405 0.0825557 0.0656883 0.0195143 0.0231384 0.0686071 0.0850809 0.0207902 0.0072185 0.0137543 0.0822821 0.0769781 0.0774982 0.1138655 0.1033121 0.0191251 0.0779982 0.0721551 0.0740739 0.0750533 0.0718815 0.0924090 0.0742986 0.0678635 0.0959405 0.0090266 0.0815175 
Phalangeridae_Trichosurus_vulpecula          0.0349328 0.0692029 0.0425954 0.0494357 0.0465979 0.0676670 0.0000000 0.0175101 0.0485482 0.0639299 0.0106573 0.0703527 0.0622649 0.0176091 0.0609095 0.0705916 0.0694581 0.0646133 0.0659767 0.0488784 0.0509584 0.0940437 0.0858298 0.0684979 0.0520695 0.0500825 0.0505810 0.0487543 0.0505180 0.0732652 0.0529618 0.0151055 0.0796123 0.0623127 0.0636096 
Phalangeridae_Spilocuscus_maculatus          0.0367387 0.0753921 0.0460422 0.0457094 0.0430222 0.0691154 0.0175101 0.0000000 0.0449180 0.0634857 0.0063737 0.0725088 0.0651279 0.0119607 0.0631581 0.0733989 0.0708904 0.0705937 0.0630206 0.0459822 0.0480675 0.0917015 0.0854459 0.0707666 0.0496698 0.0473609 0.0502273 0.0456565 0.0480938 0.0705547 0.0538408 0.0095305 0.0773734 0.0640082 0.0618644 
Potoroidae_Aepyprymnus_rufescens             0.0511556 0.0784896 0.0575293 0.0106617 0.0088230 0.0767405 0.0485482 0.0449180 0.0000000 0.0720931 0.0488915 0.0792730 0.0703800 0.0439350 0.0691942 0.0795424 0.0778589 0.0767696 0.0739235 0.0179931 0.0570520 0.0975581 0.0903747 0.0789715 0.0246790 0.0558328 0.0613715 0.0162425 0.0567198 0.0749358 0.0571458 0.0430929 0.0891299 0.0715236 0.0735343 
Peramelidae_Perameles_nasuta                 0.0673991 0.0958933 0.0648583 0.0694052 0.0719922 0.0825557 0.0639299 0.0634857 0.0720931 0.0000000 0.0672095 0.0834453 0.0783458 0.0617128 0.0824676 0.0827124 0.0815890 0.0877067 0.0092481 0.0713068 0.0755657 0.0878502 0.0844723 0.0803767 0.0736927 0.0679852 0.0698688 0.0714361 0.0701762 0.0926090 0.0746804 0.0594063 0.0178695 0.0752928 0.0018313 
Phalangeridae_Strigocuscus_pelengensis       0.0347798 0.0688827 0.0424412 0.0496561 0.0465230 0.0656883 0.0106573 0.0063737 0.0488915 0.0672095 0.0000000 0.0759002 0.0662339 0.0092909 0.0695915 0.0769122 0.0699572 0.0655145 0.0667698 0.0506195 0.0509839 0.0957176 0.0890158 0.0725914 0.0507288 0.0446640 0.0518631 0.0495877 0.0502471 0.0609005 0.0589299 0.0064079 0.0748416 0.0674163 0.0653080 
Dasyuridae_Phascogale_tapoatafa              0.0777052 0.0934665 0.0754763 0.0789174 0.0778265 0.0195143 0.0703527 0.0725088 0.0792730 0.0834453 0.0759002 0.0000000 0.0240924 0.0721660 0.0879542 0.0035271 0.0206495 0.0224723 0.0850702 0.0803990 0.0793250 0.1121167 0.1027153 0.0102491 0.0806021 0.0731581 0.0748839 0.0759113 0.0736798 0.0971854 0.0751416 0.0705760 0.1023573 0.0162679 0.0837831 
Dasyuridae_Sminthopsis_macroura              0.0745146 0.0889782 0.0667485 0.0698849 0.0682517 0.0231384 0.0622649 0.0651279 0.0703800 0.0783458 0.0662339 0.0240924 0.0000000 0.0628632 0.0841484 0.0247767 0.0255238 0.0129685 0.0775263 0.0706254 0.0715368 0.1102782 0.0980596 0.0225630 0.0712184 0.0630762 0.0701242 0.0681541 0.0671150 0.0925679 0.0716070 0.0633614 0.0943025 0.0211006 0.0768753 
Phalangeridae_Phalanger_orientalis           0.0362474 0.0703210 0.0403001 0.0447823 0.0407799 0.0686071 0.0176091 0.0119607 0.0439350 0.0617128 0.0092909 0.0721660 0.0628632 0.0000000 0.0616228 0.0724103 0.0704237 0.0668397 0.0593331 0.0443910 0.0471859 0.0873504 0.0819698 0.0702524 0.0468732 0.0424714 0.0459699 0.0439969 0.0457689 0.0669280 0.0528947 0.0035686 0.0750284 0.0634562 0.0601541 
Acrobatidae_Acrobates_pygmaeus               0.0577010 0.0941461 0.0677544 0.0653731 0.0644197 0.0850809 0.0609095 0.0631581 0.0691942 0.0824676 0.0695915 0.0879542 0.0841484 0.0616228 0.0000000 0.0874306 0.0889425 0.0921959 0.0850356 0.0673798 0.0610071 0.1157305 0.1093260 0.0848667 0.0715592 0.0722125 0.0539402 0.0648257 0.0553033 0.0759449 0.0373539 0.0606852 0.0938809 0.0802803 0.0851752 
Dasyuridae_Phascogale_calura                 0.0771752 0.0953692 0.0748552 0.0783907 0.0767204 0.0207902 0.0705916 0.0733989 0.0795424 0.0827124 0.0769122 0.0035271 0.0247767 0.0724103 0.0874306 0.0000000 0.0219230 0.0241058 0.0837835 0.0806762 0.0788053 0.1106935 0.1007623 0.0102700 0.0794999 0.0740454 0.0737582 0.0767653 0.0731725 0.0959222 0.0740311 0.0708139 0.1014064 0.0162903 0.0830766 
Dasyuridae_Sarcophilus_harrisii              0.0769309 0.0869967 0.0674674 0.0773258 0.0755041 0.0072185 0.0694581 0.0708904 0.0778589 0.0815890 0.0699572 0.0206495 0.0255238 0.0704237 0.0889425 0.0219230 0.0000000 0.0192398 0.0820326 0.0767954 0.0805867 0.1122123 0.1021763 0.0202410 0.0790351 0.0697783 0.0744865 0.0759318 0.0751120 0.0935696 0.0775164 0.0696399 0.0976327 0.0126635 0.0806388 
Dasyuridae_Planigale_tenuirostris            0.0835946 0.0956258 0.0683769 0.0750103 0.0739505 0.0137543 0.0646133 0.0705937 0.0767696 0.0877067 0.0655145 0.0224723 0.0129685 0.0668397 0.0921959 0.0241058 0.0192398 0.0000000 0.0899328 0.0800068 0.0755148 0.1154511 0.1091526 0.0211097 0.0759376 0.0658095 0.0741588 0.0736314 0.0687292 0.0904750 0.0792232 0.0668300 0.1018916 0.0184763 0.0887455 
Peramelidae_Echymipera_kalubu                0.0666573 0.0949236 0.0627564 0.0714797 0.0717735 0.0822821 0.0659767 0.0630206 0.0739235 0.0092481 0.0667698 0.0850702 0.0775263 0.0593331 0.0850356 0.0837835 0.0820326 0.0899328 0.0000000 0.0736204 0.0761193 0.0937154 0.0847433 0.0812095 0.0741572 0.0666196 0.0679483 0.0752670 0.0698509 0.0921822 0.0757091 0.0583779 0.0184706 0.0752856 0.0083432 
Macropodidae_Dorcopsulus_vanheurni           0.0500553 0.0811013 0.0560168 0.0155920 0.0161274 0.0769781 0.0488784 0.0459822 0.0179931 0.0713068 0.0506195 0.0803990 0.0706254 0.0443910 0.0673798 0.0806762 0.0767954 0.0800068 0.0736204 0.0000000 0.0551302 0.0998196 0.0943002 0.0801494 0.0236988 0.0564200 0.0587910 0.0090287 0.0551536 0.0723230 0.0577310 0.0442589 0.0915738 0.0717390 0.0731118 
Pseudochiridae_Pseudochirulus_forbesi        0.0539732 0.0844140 0.0559150 0.0547499 0.0538690 0.0774982 0.0509584 0.0480675 0.0570520 0.0755657 0.0509839 0.0793250 0.0715368 0.0471859 0.0610071 0.0788053 0.0805867 0.0755148 0.0761193 0.0551302 0.0000000 0.1029766 0.1001080 0.0770322 0.0615125 0.0602864 0.0351691 0.0547551 0.0142196 0.0610613 0.0524740 0.0450711 0.0893439 0.0703403 0.0763732 
Didelphidae_Didelphis_virginiana             0.0991931 0.1128744 0.0997351 0.0934629 0.0960559 0.1138655 0.0940437 0.0917015 0.0975581 0.0878502 0.0957176 0.1121167 0.1102782 0.0873504 0.1157305 0.1106935 0.1122123 0.1154511 0.0937154 0.0998196 0.1029766 0.0000000 0.0335473 0.1117793 0.1007337 0.0804713 0.0992507 0.0961362 0.0989599 0.1128932 0.1013247 0.0884697 0.1058676 0.1063696 0.0901846 
Marmosidae_Monodelphis_domestica             0.0932561 0.1127425 0.0927333 0.0907048 0.0908521 0.1033121 0.0858298 0.0854459 0.0903747 0.0844723 0.0890158 0.1027153 0.0980596 0.0819698 0.1093260 0.1007623 0.1021763 0.1091526 0.0847433 0.0943002 0.1001080 0.0335473 0.0000000 0.1037801 0.0919882 0.0794540 0.0937820 0.0917236 0.0951499 0.1075043 0.0967781 0.0829995 0.1037772 0.0980498 0.0849499 
Dasyuridae_Antechinus_stuartii               0.0770027 0.0928325 0.0700269 0.0772552 0.0761621 0.0191251 0.0684979 0.0707666 0.0789715 0.0803767 0.0725914 0.0102491 0.0225630 0.0702524 0.0848667 0.0102700 0.0202410 0.0211097 0.0812095 0.0801494 0.0770322 0.1117793 0.1037801 0.0000000 0.0796949 0.0711402 0.0708035 0.0773056 0.0715407 0.0964696 0.0741017 0.0686832 0.0991893 0.0145896 0.0812830 
Hypsiprymnodontidae_Hypsiprymnodon_moschatus 0.0559644 0.0748774 0.0524629 0.0223047 0.0203662 0.0779982 0.0520695 0.0496698 0.0246790 0.0736927 0.0507288 0.0806021 0.0712184 0.0468732 0.0715592 0.0794999 0.0790351 0.0759376 0.0741572 0.0236988 0.0615125 0.1007337 0.0919882 0.0796949 0.0000000 0.0542461 0.0611898 0.0238581 0.0572524 0.0778487 0.0606697 0.0473289 0.0848386 0.0714092 0.0736807 
Microbiotheriidae_Dromiciops_gliroides       0.0597748 0.0686899 0.0502041 0.0548885 0.0532890 0.0721551 0.0500825 0.0473609 0.0558328 0.0679852 0.0446640 0.0731581 0.0630762 0.0424714 0.0722125 0.0740454 0.0697783 0.0658095 0.0666196 0.0564200 0.0602864 0.0804713 0.0794540 0.0711402 0.0542461 0.0000000 0.0586054 0.0547664 0.0545716 0.0763091 0.0651868 0.0416143 0.0772390 0.0695152 0.0675943 
Pseudochiridae_Petauroides_volans            0.0501562 0.0813825 0.0535830 0.0590700 0.0574823 0.0740739 0.0505810 0.0502273 0.0613715 0.0698688 0.0518631 0.0748839 0.0701242 0.0459699 0.0539402 0.0737582 0.0744865 0.0741588 0.0679483 0.0587910 0.0351691 0.0992507 0.0937820 0.0708035 0.0611898 0.0586054 0.0000000 0.0584225 0.0327022 0.0544846 0.0482640 0.0458961 0.0848545 0.0694557 0.0716461 
Macropodidae_Wallabia_bicolor                0.0519278 0.0769640 0.0572733 0.0138367 0.0143895 0.0750533 0.0487543 0.0456565 0.0162425 0.0714361 0.0495877 0.0759113 0.0681541 0.0439969 0.0648257 0.0767653 0.0759318 0.0736314 0.0752670 0.0090287 0.0547551 0.0961362 0.0917236 0.0773056 0.0238581 0.0547664 0.0584225 0.0000000 0.0526903 0.0707159 0.0541696 0.0438651 0.0888913 0.0696943 0.0732500 
Pseudochiridae_Pseudocheirus_occidentalis    0.0528763 0.0797949 0.0508191 0.0522487 0.0506921 0.0718815 0.0505180 0.0480938 0.0567198 0.0701762 0.0502471 0.0736798 0.0671150 0.0457689 0.0553033 0.0731725 0.0751120 0.0687292 0.0698509 0.0551536 0.0142196 0.0989599 0.0951499 0.0715407 0.0572524 0.0545716 0.0327022 0.0526903 0.0000000 0.0587333 0.0461243 0.0442659 0.0815449 0.0651313 0.0692773 
Tarsipedidae_Tarsipes_rostratus              0.0720228 0.0879894 0.0625146 0.0712578 0.0700297 0.0924090 0.0732652 0.0705547 0.0749358 0.0926090 0.0609005 0.0971854 0.0925679 0.0669280 0.0759449 0.0959222 0.0935696 0.0904750 0.0921822 0.0723230 0.0610613 0.1128932 0.1075043 0.0964696 0.0778487 0.0763091 0.0544846 0.0707159 0.0587333 0.0000000 0.0657570 0.0652539 0.0970895 0.0895446 0.0897880 
Acrobatidae_Distoechurus_pennatus            0.0619223 0.0812547 0.0582342 0.0553828 0.0525674 0.0742986 0.0529618 0.0538408 0.0571458 0.0746804 0.0589299 0.0751416 0.0716070 0.0528947 0.0373539 0.0740311 0.0775164 0.0792232 0.0757091 0.0577310 0.0524740 0.1013247 0.0967781 0.0741017 0.0606697 0.0651868 0.0482640 0.0541696 0.0461243 0.0657570 0.0000000 0.0527317 0.0926435 0.0691619 0.0753509 
Phalangeridae_Phalanger_carmelitae           0.0331244 0.0701314 0.0402037 0.0440237 0.0412512 0.0678635 0.0151055 0.0095305 0.0430929 0.0594063 0.0064079 0.0705760 0.0633614 0.0035686 0.0606852 0.0708139 0.0696399 0.0668300 0.0583779 0.0442589 0.0450711 0.0884697 0.0829995 0.0686832 0.0473289 0.0416143 0.0458961 0.0438651 0.0442659 0.0652539 0.0527317 0.0000000 0.0731049 0.0626904 0.0579395 
Peramelidae_Peroryctes_raffrayana            0.0803182 0.1081542 0.0758807 0.0856101 0.0873349 0.0959405 0.0796123 0.0773734 0.0891299 0.0178695 0.0748416 0.1023573 0.0943025 0.0750284 0.0938809 0.1014064 0.0976327 0.1018916 0.0184706 0.0915738 0.0893439 0.1058676 0.1037772 0.0991893 0.0848386 0.0772390 0.0848545 0.0888913 0.0815449 0.0970895 0.0926435 0.0731049 0.0000000 0.0959626 0.0184762 
Dasyuridae_Dasyurus_geffroii                 0.0683439 0.0905561 0.0666205 0.0695398 0.0679178 0.0090266 0.0623127 0.0640082 0.0715236 0.0752928 0.0674163 0.0162679 0.0211006 0.0634562 0.0802803 0.0162903 0.0126635 0.0184763 0.0752856 0.0717390 0.0703403 0.1063696 0.0980498 0.0145896 0.0714092 0.0695152 0.0694557 0.0696943 0.0651313 0.0895446 0.0691619 0.0626904 0.0959626 0.0000000 0.0745404 
Peramelidae_Perameles_gunnii                 0.0660458 0.0956564 0.0621741 0.0695954 0.0713366 0.0815175 0.0636096 0.0618644 0.0735343 0.0018313 0.0653080 0.0837831 0.0768753 0.0601541 0.0851752 0.0830766 0.0806388 0.0887455 0.0083432 0.0731118 0.0763732 0.0901846 0.0849499 0.0812830 0.0736807 0.0675943 0.0716461 0.0732500 0.0692773 0.0897880 0.0753509 0.0579395 0.0184762 0.0745404 0.0000000 
