37
Burramyidae_Burramys_parvus                  0.0000000 0.0608791 0.0477417 0.0468198 0.0444575 0.1055869 0.0439198 0.0456059 0.0484110 0.0838551 0.1214944 0.0366450 0.0976370 0.0923640 0.0333394 0.0409778 0.0998897 0.1059017 0.0836919 0.0771033 0.0431420 0.0415638 0.0958916 0.0874644 0.0997289 0.0460589 0.0660370 0.0377675 0.0408822 0.0412788 0.0622861 0.0374064 0.1214944 0.0340713 0.0754475 0.1094839 0.0856516 
Notoryctidae_Notoryctes_typhlops             0.0608791 0.0000000 0.0695960 0.0757058 0.0748367 0.1093300 0.0813387 0.0757210 0.0761460 0.0797333 0.1500703 0.0644085 0.1053746 0.0943132 0.0629082 0.0668213 0.1053804 0.1087624 0.0847226 0.0676487 0.0766677 0.0745077 0.1026491 0.0996513 0.1053596 0.0730610 0.0714889 0.0697656 0.0741445 0.0707434 0.1025488 0.0680765 0.1500703 0.0659512 0.0663877 0.1192585 0.0799534 
Vombatidae_Lasiorhinus_latifrons             0.0477417 0.0695960 0.0000000 0.0563354 0.0603864 0.1048410 0.0585203 0.0581390 0.0605627 0.0962726 0.1029223 0.0428341 0.0995860 0.0936572 0.0483336 0.0546282 0.0986890 0.0978753 0.0881172 0.0848705 0.0547500 0.0625827 0.1057148 0.0992730 0.0972823 0.0595904 0.0817517 0.0509848 0.0560690 0.0590877 0.0709346 0.0524208 0.1029223 0.0473454 0.0905688 0.1024533 0.0957236 
Potoroidae_Bettongia_penicillata             0.0468198 0.0757058 0.0563354 0.0000000 0.0029150 0.1175440 0.0588180 0.0577509 0.0105373 0.1059030 0.1330845 0.0448126 0.1077724 0.1040247 0.0431912 0.0621885 0.1102882 0.1158108 0.0993236 0.0945508 0.0141376 0.0598614 0.1157333 0.1093817 0.1122764 0.0274696 0.0852842 0.0483174 0.0158245 0.0556261 0.0736367 0.0542253 0.1330845 0.0435889 0.0996447 0.1257511 0.1071276 
Potoroidae_Bettongia_lesueur                 0.0444575 0.0748367 0.0603864 0.0029150 0.0000000 0.1174802 0.0594957 0.0577197 0.0102916 0.1050373 0.1459415 0.0452483 0.1076853 0.1060309 0.0436018 0.0596871 0.1084206 0.1148579 0.0996232 0.0961178 0.0141237 0.0609884 0.1127893 0.1093162 0.1124225 0.0274755 0.0853635 0.0487680 0.0150138 0.0560702 0.0755399 0.0535750 0.1459415 0.0431467 0.0979291 0.1256908 0.1062558 
Dasyuridae_Dasyurus_maculatus                0.1055869 0.1093300 0.1048410 0.1175440 0.1174802 0.0000000 0.1163715 0.1184801 0.1231073 0.1337456 0.0942436 0.1010302 0.0121459 0.0236266 0.1009934 0.1021964 0.0110721 0.0044210 0.0209894 0.1277570 0.1090667 0.1219540 0.1265856 0.1231849 0.0119846 0.1221060 0.1089787 0.1076639 0.1097632 0.1153178 0.1473283 0.1031812 0.0942436 0.0994209 0.1334320 0.0046808 0.1332401 
Phalangeridae_Trichosurus_vulpecula          0.0439198 0.0813387 0.0585203 0.0588180 0.0594957 0.1163715 0.0000000 0.0173383 0.0607427 0.0980696 0.1339304 0.0195280 0.1068201 0.1085911 0.0158485 0.0571513 0.1067995 0.1128691 0.0984296 0.0885560 0.0523301 0.0629190 0.1237892 0.1133362 0.1078178 0.0568799 0.0901045 0.0529906 0.0550152 0.0608514 0.0778367 0.0563223 0.1339304 0.0155444 0.0975013 0.1197592 0.0991758 
Phalangeridae_Spilocuscus_maculatus          0.0456059 0.0757210 0.0581390 0.0577509 0.0577197 0.1184801 0.0173383 0.0000000 0.0595025 0.1016341 0.1461241 0.0162912 0.1136231 0.1070485 0.0141083 0.0531635 0.1137578 0.1186615 0.1015646 0.0869243 0.0553327 0.0629522 0.1169297 0.1092080 0.1143375 0.0616581 0.0851976 0.0521264 0.0566998 0.0573816 0.0767280 0.0518477 0.1461241 0.0135720 0.0976152 0.1231829 0.1010775 
Potoroidae_Aepyprymnus_rufescens             0.0484110 0.0761460 0.0605627 0.0105373 0.0102916 0.1231073 0.0607427 0.0595025 0.0000000 0.1089555 0.1330845 0.0447517 0.1149658 0.1057285 0.0461077 0.0628603 0.1161811 0.1243682 0.0995749 0.0961692 0.0156428 0.0611296 0.1184298 0.1112059 0.1167644 0.0297012 0.0840019 0.0508671 0.0176418 0.0585125 0.0742902 0.0548537 0.1330845 0.0451233 0.1018051 0.1305367 0.1102082 
Peramelidae_Perameles_nasuta                 0.0838551 0.0797333 0.0962726 0.1059030 0.1050373 0.1337456 0.0980696 0.1016341 0.1089555 0.0000000 0.1559381 0.0842520 0.1277423 0.1254337 0.0805309 0.0988965 0.1287537 0.1321047 0.1163195 0.0094855 0.1073763 0.1051235 0.1333369 0.1308459 0.1244024 0.0923851 0.0892176 0.0869872 0.1012279 0.0965792 0.1198155 0.0976090 0.1559381 0.0829136 0.0097866 0.1372540 0.0005651 
Myrmecobiidae_Myrmecobius_fasciatus1         0.1214944 0.1500703 0.1029223 0.1330845 0.1459415 0.0942436 0.1339304 0.1461241 0.1330845 0.1559381 0.0000000 0.1533880 0.0457157 0.1202956 0.1730205 0.1604254 0.0450480 0.0636624 0.0392821 0.1588050 0.1459415 0.1559745 0.1791077 0.1772698 0.1044136 0.1478346 0.1312698 0.0911081 0.1343261 0.1247331 0.2035952 0.1583813 0.0000010 0.1849126 0.1317718 0.0767163 0.1559381 
Phalangeridae_Strigocuscus_pelengensis       0.0366450 0.0644085 0.0428341 0.0448126 0.0452483 0.1010302 0.0195280 0.0162912 0.0447517 0.0842520 0.1533880 0.0000000 0.0929192 0.0890346 0.0074495 0.0442656 0.0924062 0.0972309 0.0842428 0.0726752 0.0452796 0.0476405 0.1000557 0.0913747 0.0925625 0.0524920 0.0692179 0.0376086 0.0478865 0.0463229 0.0634140 0.0420036 0.1533880 0.0071904 0.0795762 0.1015187 0.0850833 
Dasyuridae_Phascogale_tapoatafa              0.0976370 0.1053746 0.0995860 0.1077724 0.1076853 0.0121459 0.1068201 0.1136231 0.1149658 0.1277423 0.0457157 0.0929192 0.0000000 0.0178442 0.0886663 0.1043372 0.0015959 0.0088706 0.0170475 0.1255178 0.1004275 0.1186577 0.1305049 0.1274119 0.0044433 0.1143110 0.1144273 0.0997975 0.0993331 0.1069692 0.1389670 0.1039928 0.0457157 0.0887969 0.1296652 0.0109022 0.1270638 
Dasyuridae_Sminthopsis_macroura              0.0923640 0.0943132 0.0936572 0.1040247 0.1060309 0.0236266 0.1085911 0.1070485 0.1057285 0.1254337 0.1202956 0.0890346 0.0178442 0.0000000 0.0907481 0.1071368 0.0178981 0.0227141 0.0105026 0.1177051 0.1020613 0.1153102 0.1216685 0.1221185 0.0183521 0.1185345 0.1010220 0.0952497 0.1025823 0.1094290 0.1377556 0.1012484 0.1202956 0.0883809 0.1263879 0.0246452 0.1249438 
Phalangeridae_Phalanger_orientalis           0.0333394 0.0629082 0.0483336 0.0431912 0.0436018 0.1009934 0.0158485 0.0141083 0.0461077 0.0805309 0.1730205 0.0074495 0.0886663 0.0907481 0.0000000 0.0407365 0.0894428 0.0942313 0.0852004 0.0703194 0.0434960 0.0489423 0.1044236 0.0943123 0.0905213 0.0474631 0.0688114 0.0398312 0.0446267 0.0454879 0.0616661 0.0394804 0.1730205 0.0023237 0.0747532 0.1041057 0.0814801 
Acrobatidae_Acrobates_pygmaeus               0.0409778 0.0668213 0.0546282 0.0621885 0.0596871 0.1021964 0.0571513 0.0531635 0.0628603 0.0988965 0.1604254 0.0442656 0.1043372 0.1071368 0.0407365 0.0000000 0.1058675 0.1068528 0.0929108 0.0856129 0.0501553 0.0439113 0.1053127 0.0958364 0.0998260 0.0566334 0.0779110 0.0359683 0.0523868 0.0418589 0.0607721 0.0214048 0.1604254 0.0420755 0.0884188 0.1068193 0.0976768 
Dasyuridae_Phascogale_calura                 0.0998897 0.1053804 0.0986890 0.1102882 0.1084206 0.0110721 0.1067995 0.1137578 0.1161811 0.1287537 0.0450480 0.0924062 0.0015959 0.0178981 0.0894428 0.1058675 0.0000000 0.0079893 0.0168921 0.1237518 0.1004199 0.1214838 0.1277851 0.1265046 0.0044339 0.1151760 0.1141905 0.0995659 0.0985508 0.1099006 0.1398547 0.1055220 0.0450480 0.0898426 0.1277427 0.0104804 0.1281679 
Dasyuridae_Sarcophilus_harrisii              0.1059017 0.1087624 0.0978753 0.1158108 0.1148579 0.0044210 0.1128691 0.1186615 0.1243682 0.1321047 0.0636624 0.0972309 0.0088706 0.0227141 0.0942313 0.1068528 0.0079893 0.0000000 0.0206061 0.1243888 0.1064666 0.1234193 0.1168162 0.1165532 0.0091327 0.1215911 0.1114647 0.1053136 0.1071816 0.1129423 0.1447598 0.1052041 0.0636624 0.0927057 0.1313701 0.0038198 0.1314322 
Dasyuridae_Planigale_tenuirostris            0.0836919 0.0847226 0.0881172 0.0993236 0.0996232 0.0209894 0.0984296 0.1015646 0.0995749 0.1163195 0.0392821 0.0842428 0.0170475 0.0105026 0.0852004 0.0929108 0.0168921 0.0206061 0.0000000 0.1100116 0.0963135 0.0979620 0.1161272 0.1130698 0.0167496 0.1057133 0.0959183 0.0837936 0.0975915 0.0957494 0.1251045 0.0865706 0.0392821 0.0829637 0.1133901 0.0232147 0.1153558 
Peramelidae_Echymipera_kalubu                0.0771033 0.0676487 0.0848705 0.0945508 0.0961178 0.1277570 0.0885560 0.0869243 0.0961692 0.0094855 0.1588050 0.0726752 0.1255178 0.1177051 0.0703194 0.0856129 0.1237518 0.1243888 0.1100116 0.0000000 0.0978364 0.0936345 0.1288407 0.1241549 0.1217673 0.0867377 0.0809913 0.0773109 0.0928668 0.0858448 0.1047479 0.0859523 0.1588050 0.0724644 0.0070886 0.1333617 0.0097467 
Macropodidae_Dorcopsulus_vanheurni           0.0431420 0.0766677 0.0547500 0.0141376 0.0141237 0.1090667 0.0523301 0.0553327 0.0156428 0.1073763 0.1459415 0.0452796 0.1004275 0.1020613 0.0434960 0.0501553 0.1004199 0.1064666 0.0963135 0.0978364 0.0000000 0.0527716 0.1077910 0.1028225 0.1030586 0.0231184 0.0851562 0.0407142 0.0045703 0.0488106 0.0645527 0.0495035 0.1459415 0.0430195 0.1001067 0.1149891 0.1084246 
Pseudochiridae_Pseudochirulus_forbesi        0.0415638 0.0745077 0.0625827 0.0598614 0.0609884 0.1219540 0.0629190 0.0629522 0.0611296 0.1051235 0.1559745 0.0476405 0.1186577 0.1153102 0.0489423 0.0439113 0.1214838 0.1234193 0.0979620 0.0936345 0.0527716 0.0000000 0.1162493 0.1100019 0.1162662 0.0579341 0.0798975 0.0216578 0.0560428 0.0119359 0.0593233 0.0481236 0.1559745 0.0494097 0.0942313 0.1293997 0.1063345 
Didelphidae_Didelphis_virginiana             0.0958916 0.1026491 0.1057148 0.1157333 0.1127893 0.1265856 0.1237892 0.1169297 0.1184298 0.1333369 0.1791077 0.1000557 0.1305049 0.1216685 0.1044236 0.1053127 0.1277851 0.1168162 0.1161272 0.1288407 0.1077910 0.1162493 0.0000000 0.0218488 0.1294613 0.1049769 0.1162068 0.1002972 0.1048944 0.1176302 0.1448386 0.1025487 0.1791077 0.1082092 0.1244382 0.1231461 0.1346490 
Marmosidae_Monodelphis_domestica             0.0874644 0.0996513 0.0992730 0.1093817 0.1093162 0.1231849 0.1133362 0.1092080 0.1112059 0.1308459 0.1772698 0.0913747 0.1274119 0.1221185 0.0943123 0.0958364 0.1265046 0.1165532 0.1130698 0.1241549 0.1028225 0.1100019 0.0218488 0.0000000 0.1291147 0.1005156 0.1055144 0.0921668 0.1004204 0.1058891 0.1316163 0.0983362 0.1772698 0.0947430 0.1185541 0.1207960 0.1302018 
Dasyuridae_Antechinus_stuartii               0.0997289 0.1053596 0.0972823 0.1122764 0.1124225 0.0119846 0.1078178 0.1143375 0.1167644 0.1244024 0.1044136 0.0925625 0.0044433 0.0183521 0.0905213 0.0998260 0.0044339 0.0091327 0.0167496 0.1217673 0.1030586 0.1162662 0.1294613 0.1291147 0.0000000 0.1131947 0.1080776 0.0953936 0.1044851 0.1057204 0.1413279 0.1055665 0.1044136 0.0881713 0.1285130 0.0112290 0.1234041 
Hypsiprymnodontidae_Hypsiprymnodon_moschatus 0.0460589 0.0730610 0.0595904 0.0274696 0.0274755 0.1221060 0.0568799 0.0616581 0.0297012 0.0923851 0.1478346 0.0524920 0.1143110 0.1185345 0.0474631 0.0566334 0.1151760 0.1215911 0.1057133 0.0867377 0.0231184 0.0579341 0.1049769 0.1005156 0.1131947 0.0000000 0.0826430 0.0468295 0.0244115 0.0534082 0.0694249 0.0534154 0.1478346 0.0478730 0.0863534 0.1296029 0.0934752 
Microbiotheriidae_Dromiciops_gliroides       0.0660370 0.0714889 0.0817517 0.0852842 0.0853635 0.1089787 0.0901045 0.0851976 0.0840019 0.0892176 0.1312698 0.0692179 0.1144273 0.1010220 0.0688114 0.0779110 0.1141905 0.1114647 0.0959183 0.0809913 0.0851562 0.0798975 0.1162068 0.1055144 0.1080776 0.0826430 0.0000000 0.0699333 0.0804291 0.0758172 0.1011932 0.0810366 0.1312698 0.0709740 0.0871154 0.1170528 0.0900067 
Pseudochiridae_Petauroides_volans            0.0377675 0.0697656 0.0509848 0.0483174 0.0487680 0.1076639 0.0529906 0.0521264 0.0508671 0.0869872 0.0911081 0.0376086 0.0997975 0.0952497 0.0398312 0.0359683 0.0995659 0.1053136 0.0837936 0.0773109 0.0407142 0.0216578 0.1002972 0.0921668 0.0953936 0.0468295 0.0699333 0.0000000 0.0431887 0.0188917 0.0478815 0.0377519 0.0911081 0.0390592 0.0778092 0.1098138 0.0878944 
Macropodidae_Wallabia_bicolor                0.0408822 0.0741445 0.0560690 0.0158245 0.0150138 0.1097632 0.0550152 0.0566998 0.0176418 0.1012279 0.1343261 0.0478865 0.0993331 0.1025823 0.0446267 0.0523868 0.0985508 0.1071816 0.0975915 0.0928668 0.0045703 0.0560428 0.1048944 0.1004204 0.1044851 0.0244115 0.0804291 0.0431887 0.0000000 0.0504595 0.0658023 0.0478445 0.1343261 0.0445523 0.0930205 0.1155323 0.1024107 
Pseudochiridae_Pseudocheirus_occidentalis    0.0412788 0.0707434 0.0590877 0.0556261 0.0560702 0.1153178 0.0608514 0.0573816 0.0585125 0.0965792 0.1247331 0.0463229 0.1069692 0.1094290 0.0454879 0.0418589 0.1099006 0.1129423 0.0957494 0.0858448 0.0488106 0.0119359 0.1176302 0.1058891 0.1057204 0.0534082 0.0758172 0.0188917 0.0504595 0.0000000 0.0560121 0.0443751 0.1247331 0.0449519 0.0898705 0.1186112 0.0977266 
Tarsipedidae_Tarsipes_rostratus              0.0622861 0.1025488 0.0709346 0.0736367 0.0755399 0.1473283 0.0778367 0.0767280 0.0742902 0.1198155 0.2035952 0.0634140 0.1389670 0.1377556 0.0616661 0.0607721 0.1398547 0.1447598 0.1251045 0.1047479 0.0645527 0.0593233 0.1448386 0.1316163 0.1413279 0.0694249 0.1011932 0.0478815 0.0658023 0.0560121 0.0000000 0.0626313 0.2035952 0.0624053 0.1121484 0.1464045 0.1191227 
Acrobatidae_Distoechurus_pennatus            0.0374064 0.0680765 0.0524208 0.0542253 0.0535750 0.1031812 0.0563223 0.0518477 0.0548537 0.0976090 0.1583813 0.0420036 0.1039928 0.1012484 0.0394804 0.0214048 0.1055220 0.1052041 0.0865706 0.0859523 0.0495035 0.0481236 0.1025487 0.0983362 0.1055665 0.0534154 0.0810366 0.0377519 0.0478445 0.0443751 0.0626313 0.0000000 0.1583813 0.0407714 0.0865411 0.1054893 0.0986325 
Myrmecobiidae_Myrmecobius_fasciatus2         0.1214944 0.1500703 0.1029223 0.1330845 0.1459415 0.0942436 0.1339304 0.1461241 0.1330845 0.1559381 0.0000010 0.1533880 0.0457157 0.1202956 0.1730205 0.1604254 0.0450480 0.0636624 0.0392821 0.1588050 0.1459415 0.1559745 0.1791077 0.1772698 0.1044136 0.1478346 0.1312698 0.0911081 0.1343261 0.1247331 0.2035952 0.1583813 0.0000000 0.1849126 0.1317718 0.0767163 0.1559381 
Phalangeridae_Phalanger_carmelitae           0.0340713 0.0659512 0.0473454 0.0435889 0.0431467 0.0994209 0.0155444 0.0135720 0.0451233 0.0829136 0.1849126 0.0071904 0.0887969 0.0883809 0.0023237 0.0420755 0.0898426 0.0927057 0.0829637 0.0724644 0.0430195 0.0494097 0.1082092 0.0947430 0.0881713 0.0478730 0.0709740 0.0390592 0.0445523 0.0449519 0.0624053 0.0407714 0.1849126 0.0000000 0.0784105 0.1024852 0.0839273 
Peramelidae_Peroryctes_raffrayana            0.0754475 0.0663877 0.0905688 0.0996447 0.0979291 0.1334320 0.0975013 0.0976152 0.1018051 0.0097866 0.1317718 0.0795762 0.1296652 0.1263879 0.0747532 0.0884188 0.1277427 0.1313701 0.1133901 0.0070886 0.1001067 0.0942313 0.1244382 0.1185541 0.1285130 0.0863534 0.0871154 0.0778092 0.0930205 0.0898705 0.1121484 0.0865411 0.1317718 0.0784105 0.0000000 0.1418515 0.0100434 
Dasyuridae_Dasyurus_geffroii                 0.1094839 0.1192585 0.1024533 0.1257511 0.1256908 0.0046808 0.1197592 0.1231829 0.1305367 0.1372540 0.0767163 0.1015187 0.0109022 0.0246452 0.1041057 0.1068193 0.0104804 0.0038198 0.0232147 0.1333617 0.1149891 0.1293997 0.1231461 0.1207960 0.0112290 0.1296029 0.1170528 0.1098138 0.1155323 0.1186112 0.1464045 0.1054893 0.0767163 0.1024852 0.1418515 0.0000000 0.1365676 
Peramelidae_Perameles_gunnii                 0.0856516 0.0799534 0.0957236 0.1071276 0.1062558 0.1332401 0.0991758 0.1010775 0.1102082 0.0005651 0.1559381 0.0850833 0.1270638 0.1249438 0.0814801 0.0976768 0.1281679 0.1314322 0.1153558 0.0097467 0.1084246 0.1063345 0.1346490 0.1302018 0.1234041 0.0934752 0.0900067 0.0878944 0.1024107 0.0977266 0.1191227 0.0986325 0.1559381 0.0839273 0.0100434 0.1365676 0.0000000 
