37
Burramyidae_Burramys_parvus                  0.0000000 0.0883150 0.0753204 0.0660651 0.0664894 0.1020287 0.0509955 0.0490194 0.0652499 0.0910379 0.0991803 0.0490545 0.1043738 0.1139571 0.0488924 0.0681975 0.0966729 0.1122770 0.1111689 0.0922456 0.0711757 0.0676066 0.1337559 0.1327800 0.1132527 0.0705696 0.0927300 0.0652357 0.0688377 0.0698592 0.0804684 0.0658839 0.0991803 0.0482422 0.0952089 0.1128244 0.0936972 
Notoryctidae_Notoryctes_typhlops             0.0883150 0.0000000 0.1081442 0.0927567 0.0891026 0.1213693 0.0905582 0.0862931 0.0904408 0.1014148 0.1198564 0.0804998 0.1281667 0.1235299 0.0848964 0.1056262 0.1216173 0.1241602 0.1281489 0.1099151 0.0958973 0.0916114 0.1465704 0.1400323 0.1286193 0.0990777 0.1104723 0.0984126 0.0949887 0.1025084 0.1074018 0.1004779 0.1198564 0.0847966 0.1095228 0.1258866 0.1041406 
Vombatidae_Lasiorhinus_latifrons             0.0753204 0.1081442 0.0000000 0.0731774 0.0750834 0.1174534 0.0750196 0.0715770 0.0772899 0.1147673 0.0971973 0.0711343 0.1207172 0.1296727 0.0716488 0.0913332 0.1173799 0.1236790 0.1292751 0.1104826 0.0805810 0.0901178 0.1368833 0.1356821 0.1241985 0.0858401 0.1128553 0.0840633 0.0776798 0.0977632 0.0973650 0.0843822 0.0971973 0.0729565 0.1107185 0.1233275 0.1187632 
Potoroidae_Bettongia_penicillata             0.0660651 0.0927567 0.0731774 0.0000000 0.0047354 0.1052137 0.0592023 0.0624292 0.0122283 0.0937202 0.0840377 0.0556321 0.1073743 0.1157517 0.0603763 0.0761711 0.0991807 0.1144333 0.1106977 0.0975075 0.0195590 0.0686719 0.1284243 0.1240618 0.1098384 0.0381855 0.0899171 0.0720953 0.0184961 0.0781948 0.0831687 0.0701847 0.0840377 0.0616345 0.0937766 0.1170824 0.0993281 
Potoroidae_Bettongia_lesueur                 0.0664894 0.0891026 0.0750834 0.0047354 0.0000000 0.0988896 0.0568725 0.0621046 0.0133980 0.0934347 0.0785741 0.0546426 0.1002181 0.1105655 0.0594525 0.0759872 0.0953315 0.1113758 0.1002727 0.0966010 0.0179677 0.0698783 0.1280026 0.1220146 0.1059633 0.0384012 0.0905790 0.0710144 0.0168884 0.0774601 0.0794922 0.0714056 0.0785741 0.0607161 0.0934794 0.1135919 0.0975738 
Dasyuridae_Dasyurus_maculatus                0.1020287 0.1213693 0.1174534 0.1052137 0.0988896 0.0000000 0.0951205 0.0919845 0.0935383 0.1200750 0.0436560 0.0881287 0.0262408 0.0290944 0.0835420 0.1296746 0.0255976 0.0133956 0.0346516 0.1208729 0.1027455 0.1196132 0.1625580 0.1409925 0.0225532 0.1072390 0.1048355 0.1058887 0.1014812 0.1182604 0.1445435 0.1040038 0.0436560 0.0847476 0.1111608 0.0036921 0.1264951 
Phalangeridae_Trichosurus_vulpecula          0.0509955 0.0905582 0.0750196 0.0592023 0.0568725 0.0951205 0.0000000 0.0225796 0.0583041 0.0843284 0.0878735 0.0202593 0.0981876 0.0991181 0.0196671 0.0636250 0.0933084 0.0995930 0.0935899 0.0885153 0.0639718 0.0590634 0.1227693 0.1220880 0.1008957 0.0632650 0.0878308 0.0627623 0.0590148 0.0588063 0.0748721 0.0611896 0.0878735 0.0219260 0.0862444 0.1031349 0.0922089 
Phalangeridae_Spilocuscus_maculatus          0.0490194 0.0862931 0.0715770 0.0624292 0.0621046 0.0919845 0.0225796 0.0000000 0.0609656 0.0837994 0.0891397 0.0126680 0.0920735 0.0975083 0.0119479 0.0661535 0.0890703 0.0998915 0.0950521 0.0850622 0.0660820 0.0596326 0.1289702 0.1284834 0.0956845 0.0666266 0.0908182 0.0643146 0.0620887 0.0606403 0.0781908 0.0666789 0.0891397 0.0130478 0.0833286 0.1025359 0.0894423 
Potoroidae_Aepyprymnus_rufescens             0.0652499 0.0904408 0.0772899 0.0122283 0.0133980 0.0935383 0.0583041 0.0609656 0.0000000 0.0903013 0.0921571 0.0521714 0.0983689 0.1116881 0.0563664 0.0774766 0.0923531 0.1086086 0.1011112 0.0928177 0.0200838 0.0691932 0.1246643 0.1196309 0.1052906 0.0410606 0.0867670 0.0711825 0.0190226 0.0739173 0.0807905 0.0701809 0.0921571 0.0576133 0.0887885 0.1100452 0.0951280 
Peramelidae_Perameles_nasuta                 0.0910379 0.1014148 0.1147673 0.0937202 0.0934347 0.1200750 0.0843284 0.0837994 0.0903013 0.0000000 0.1077241 0.0789504 0.1297871 0.1256005 0.0823455 0.0962747 0.1215538 0.1191598 0.1350854 0.0216745 0.0913581 0.1005801 0.1385133 0.1307216 0.1339643 0.0951175 0.1121444 0.1015438 0.0925256 0.1040807 0.1101875 0.0932167 0.1077241 0.0822487 0.0200494 0.1214857 0.0064841 
Myrmecobiidae_Myrmecobius_fasciatus1         0.0991803 0.1198564 0.0971973 0.0840377 0.0785741 0.0436560 0.0878735 0.0891397 0.0921571 0.1077241 0.0000000 0.0871522 0.0406980 0.0365135 0.0866973 0.1232808 0.0406121 0.0472140 0.0276005 0.1011287 0.0921276 0.1559609 0.1181418 0.1422842 0.0351190 0.1054196 0.0904056 0.1081205 0.0873278 0.1114440 0.1518387 0.0862284 0.0000010 0.0866973 0.0975558 0.0460880 0.1081548 
Phalangeridae_Strigocuscus_pelengensis       0.0490545 0.0804998 0.0711343 0.0556321 0.0546426 0.0881287 0.0202593 0.0126680 0.0521714 0.0789504 0.0871522 0.0000000 0.0929665 0.0920872 0.0089182 0.0610514 0.0892533 0.0962517 0.0914151 0.0814580 0.0564045 0.0537444 0.1211048 0.1188688 0.0971413 0.0582756 0.0802765 0.0577787 0.0539407 0.0548817 0.0697587 0.0579419 0.0871522 0.0106157 0.0793390 0.0963640 0.0842028 
Dasyuridae_Phascogale_tapoatafa              0.1043738 0.1281667 0.1207172 0.1073743 0.1002181 0.0262408 0.0981876 0.0920735 0.0983689 0.1297871 0.0406980 0.0929665 0.0000000 0.0338454 0.0871333 0.1333004 0.0030373 0.0331272 0.0317698 0.1288917 0.1043290 0.1181738 0.1772153 0.1596877 0.0167700 0.1079548 0.1121624 0.1107191 0.1029159 0.1164354 0.1494423 0.1126284 0.0406980 0.0884498 0.1215573 0.0261980 0.1354358 
Dasyuridae_Sminthopsis_macroura              0.1139571 0.1235299 0.1296727 0.1157517 0.1105655 0.0290944 0.0991181 0.0975083 0.1116881 0.1256005 0.0365135 0.0920872 0.0338454 0.0000000 0.0947439 0.1259377 0.0337156 0.0286456 0.0274258 0.1282564 0.1148718 0.1248242 0.1574167 0.1414510 0.0276783 0.1213791 0.1185700 0.1087363 0.1116066 0.1258044 0.1385921 0.1175568 0.0365135 0.0947463 0.1254922 0.0286790 0.1308184 
Phalangeridae_Phalanger_orientalis           0.0488924 0.0848964 0.0716488 0.0603763 0.0594525 0.0835420 0.0196671 0.0119479 0.0563664 0.0823455 0.0866973 0.0089182 0.0871333 0.0947439 0.0000000 0.0632779 0.0832098 0.0961766 0.0865376 0.0830122 0.0619716 0.0550983 0.1222356 0.1206723 0.0914927 0.0644760 0.0815581 0.0609865 0.0576876 0.0595830 0.0722161 0.0611715 0.0866973 0.0030983 0.0813961 0.0982142 0.0878529 
Acrobatidae_Acrobates_pygmaeus               0.0681975 0.1056262 0.0913332 0.0761711 0.0759872 0.1296746 0.0636250 0.0661535 0.0774766 0.0962747 0.1232808 0.0610514 0.1333004 0.1259377 0.0632779 0.0000000 0.1245799 0.1280967 0.1403933 0.0997408 0.0769428 0.0670701 0.1433557 0.1521066 0.1327202 0.0780461 0.1064724 0.0630411 0.0757345 0.0643149 0.0769690 0.0401996 0.1232808 0.0638893 0.0958762 0.1284270 0.1015481 
Dasyuridae_Phascogale_calura                 0.0966729 0.1216173 0.1173799 0.0991807 0.0953315 0.0255976 0.0933084 0.0890703 0.0923531 0.1215538 0.0406121 0.0892533 0.0030373 0.0337156 0.0832098 0.1245799 0.0000000 0.0321893 0.0327051 0.1189553 0.0990957 0.1114831 0.1709826 0.1519505 0.0157363 0.1034873 0.1070693 0.1067199 0.0982850 0.1156647 0.1409029 0.1063568 0.0406121 0.0844264 0.1135077 0.0255585 0.1277123 
Dasyuridae_Sarcophilus_harrisii              0.1122770 0.1241602 0.1236790 0.1144333 0.1113758 0.0133956 0.0995930 0.0998915 0.1086086 0.1191598 0.0472140 0.0962517 0.0331272 0.0286456 0.0961766 0.1280967 0.0321893 0.0000000 0.0364799 0.1214289 0.1111417 0.1243955 0.1581265 0.1411959 0.0312546 0.1236892 0.1199170 0.1126138 0.1077522 0.1254316 0.1429165 0.1206556 0.0472140 0.0961792 0.1210434 0.0133681 0.1228252 
Dasyuridae_Planigale_tenuirostris            0.1111689 0.1281489 0.1292751 0.1106977 0.1002727 0.0346516 0.0935899 0.0950521 0.1011112 0.1350854 0.0276005 0.0914151 0.0317698 0.0274258 0.0865376 0.1403933 0.0327051 0.0364799 0.0000000 0.1338017 0.1145318 0.1193083 0.1730283 0.1484136 0.0298256 0.1120931 0.1089131 0.1046462 0.1139623 0.1178845 0.1575061 0.1151330 0.0276005 0.0865376 0.1288132 0.0322304 0.1422520 
Peramelidae_Echymipera_kalubu                0.0922456 0.1099151 0.1104826 0.0975075 0.0966010 0.1208729 0.0885153 0.0850622 0.0928177 0.0216745 0.1011287 0.0814580 0.1288917 0.1282564 0.0830122 0.0997408 0.1189553 0.1214289 0.1338017 0.0000000 0.0924363 0.1009429 0.1417595 0.1330025 0.1308332 0.0940534 0.1152460 0.1052020 0.0925988 0.1054447 0.1150123 0.0981211 0.1011287 0.0843610 0.0135567 0.1199980 0.0253770 
Macropodidae_Dorcopsulus_vanheurni           0.0711757 0.0958973 0.0805810 0.0195590 0.0179677 0.1027455 0.0639718 0.0660820 0.0200838 0.0913581 0.0921276 0.0564045 0.1043290 0.1148718 0.0619716 0.0769428 0.0990957 0.1111417 0.1145318 0.0924363 0.0000000 0.0708318 0.1347284 0.1290501 0.1101324 0.0426224 0.0941347 0.0753198 0.0084862 0.0779834 0.0842865 0.0722774 0.0921276 0.0632390 0.0891620 0.1130717 0.0961981 
Pseudochiridae_Pseudochirulus_forbesi        0.0676066 0.0916114 0.0901178 0.0686719 0.0698783 0.1196132 0.0590634 0.0596326 0.0691932 0.1005801 0.1559609 0.0537444 0.1181738 0.1248242 0.0550983 0.0670701 0.1114831 0.1243955 0.1193083 0.1009429 0.0708318 0.0000000 0.1501417 0.1509961 0.1176450 0.0784700 0.1002544 0.0395203 0.0675960 0.0210855 0.0664722 0.0677122 0.1559609 0.0563696 0.0998119 0.1251669 0.1049955 
Didelphidae_Didelphis_virginiana             0.1337559 0.1465704 0.1368833 0.1284243 0.1280026 0.1625580 0.1227693 0.1289702 0.1246643 0.1385133 0.1181418 0.1211048 0.1772153 0.1574167 0.1222356 0.1433557 0.1709826 0.1581265 0.1730283 0.1417595 0.1347284 0.1501417 0.0000000 0.0655204 0.1715142 0.1354891 0.1521590 0.1414945 0.1296831 0.1431344 0.1501814 0.1373063 0.1181418 0.1244485 0.1338999 0.1595951 0.1464249 
Marmosidae_Monodelphis_domestica             0.1327800 0.1400323 0.1356821 0.1240618 0.1220146 0.1409925 0.1220880 0.1284834 0.1196309 0.1307216 0.1422842 0.1188688 0.1596877 0.1414510 0.1206723 0.1521066 0.1519505 0.1411959 0.1484136 0.1330025 0.1290501 0.1509961 0.0655204 0.0000000 0.1454554 0.1310828 0.1406132 0.1402389 0.1258446 0.1570159 0.1518206 0.1434241 0.1422842 0.1229985 0.1213916 0.1391205 0.1398888 
Dasyuridae_Antechinus_stuartii               0.1132527 0.1286193 0.1241985 0.1098384 0.1059633 0.0225532 0.1008957 0.0956845 0.1052906 0.1339643 0.0351190 0.0971413 0.0167700 0.0276783 0.0914927 0.1327202 0.0157363 0.0312546 0.0298256 0.1308332 0.1101324 0.1176450 0.1715142 0.1454554 0.0000000 0.1155135 0.1177691 0.1137154 0.1060875 0.1197388 0.1440985 0.1188947 0.0351190 0.0944605 0.1284580 0.0284871 0.1391663 
Hypsiprymnodontidae_Hypsiprymnodon_moschatus 0.0705696 0.0990777 0.0858401 0.0381855 0.0384012 0.1072390 0.0632650 0.0666266 0.0410606 0.0951175 0.1054196 0.0582756 0.1079548 0.1213791 0.0644760 0.0780461 0.1034873 0.1236892 0.1120931 0.0940534 0.0426224 0.0784700 0.1354891 0.1310828 0.1155135 0.0000000 0.0946670 0.0779360 0.0397775 0.0855739 0.0950721 0.0739877 0.1054196 0.0657288 0.0901402 0.1237453 0.0979444 
Microbiotheriidae_Dromiciops_gliroides       0.0927300 0.1104723 0.1128553 0.0899171 0.0905790 0.1048355 0.0878308 0.0908182 0.0867670 0.1121444 0.0904056 0.0802765 0.1121624 0.1185700 0.0815581 0.1064724 0.1070693 0.1199170 0.1089131 0.1152460 0.0941347 0.1002544 0.1521590 0.1406132 0.1177691 0.0946670 0.0000000 0.0971571 0.0926099 0.1021613 0.1236239 0.1024266 0.0904056 0.0814711 0.1140558 0.1179531 0.1169170 
Pseudochiridae_Petauroides_volans            0.0652357 0.0984126 0.0840633 0.0720953 0.0710144 0.1058887 0.0627623 0.0643146 0.0711825 0.1015438 0.1081205 0.0577787 0.1107191 0.1087363 0.0609865 0.0630411 0.1067199 0.1126138 0.1046462 0.1052020 0.0753198 0.0395203 0.1414945 0.1402389 0.1137154 0.0779360 0.0971571 0.0000000 0.0713840 0.0351037 0.0630224 0.0667281 0.1081205 0.0609617 0.1012136 0.1114689 0.1072091 
Macropodidae_Wallabia_bicolor                0.0688377 0.0949887 0.0776798 0.0184961 0.0168884 0.1014812 0.0590148 0.0620887 0.0190226 0.0925256 0.0873278 0.0539407 0.1029159 0.1116066 0.0576876 0.0757345 0.0982850 0.1077522 0.1139623 0.0925988 0.0084862 0.0675960 0.1296831 0.1258446 0.1060875 0.0397775 0.0926099 0.0713840 0.0000000 0.0778090 0.0806775 0.0709110 0.0873278 0.0589512 0.0892107 0.1099029 0.0971075 
Pseudochiridae_Pseudocheirus_occidentalis    0.0698592 0.1025084 0.0977632 0.0781948 0.0774601 0.1182604 0.0588063 0.0606403 0.0739173 0.1040807 0.1114440 0.0548817 0.1164354 0.1258044 0.0595830 0.0643149 0.1156647 0.1254316 0.1178845 0.1054447 0.0779834 0.0210855 0.1431344 0.1570159 0.1197388 0.0855739 0.1021613 0.0351037 0.0778090 0.0000000 0.0757094 0.0727510 0.1114440 0.0612407 0.1055674 0.1301264 0.1027558 
Tarsipedidae_Tarsipes_rostratus              0.0804684 0.1074018 0.0973650 0.0831687 0.0794922 0.1445435 0.0748721 0.0781908 0.0807905 0.1101875 0.1518387 0.0697587 0.1494423 0.1385921 0.0722161 0.0769690 0.1409029 0.1429165 0.1575061 0.1150123 0.0842865 0.0664722 0.1501814 0.1518206 0.1440985 0.0950721 0.1236239 0.0630224 0.0806775 0.0757094 0.0000000 0.0796222 0.1518387 0.0735573 0.1131452 0.1414518 0.1138796 
Acrobatidae_Distoechurus_pennatus            0.0658839 0.1004779 0.0843822 0.0701847 0.0714056 0.1040038 0.0611896 0.0666789 0.0701809 0.0932167 0.0862284 0.0579419 0.1126284 0.1175568 0.0611715 0.0401996 0.1063568 0.1206556 0.1151330 0.0981211 0.0722774 0.0677122 0.1373063 0.1434241 0.1188947 0.0739877 0.1024266 0.0667281 0.0709110 0.0727510 0.0796222 0.0000000 0.0862284 0.0624360 0.0943848 0.1176454 0.0976244 
Myrmecobiidae_Myrmecobius_fasciatus2         0.0991803 0.1198564 0.0971973 0.0840377 0.0785741 0.0436560 0.0878735 0.0891397 0.0921571 0.1077241 0.0000010 0.0871522 0.0406980 0.0365135 0.0866973 0.1232808 0.0406121 0.0472140 0.0276005 0.1011287 0.0921276 0.1559609 0.1181418 0.1422842 0.0351190 0.1054196 0.0904056 0.1081205 0.0873278 0.1114440 0.1518387 0.0862284 0.0000000 0.0866973 0.0975558 0.0460880 0.1081548 
Phalangeridae_Phalanger_carmelitae           0.0482422 0.0847966 0.0729565 0.0616345 0.0607161 0.0847476 0.0219260 0.0130478 0.0576133 0.0822487 0.0866973 0.0106157 0.0884498 0.0947463 0.0030983 0.0638893 0.0844264 0.0961792 0.0865376 0.0843610 0.0632390 0.0563696 0.1244485 0.1229985 0.0944605 0.0657288 0.0814711 0.0609617 0.0589512 0.0612407 0.0735573 0.0624360 0.0866973 0.0000000 0.0828349 0.0990075 0.0877502 
Peramelidae_Peroryctes_raffrayana            0.0952089 0.1095228 0.1107185 0.0937766 0.0934794 0.1111608 0.0862444 0.0833286 0.0887885 0.0200494 0.0975558 0.0793390 0.1215573 0.1254922 0.0813961 0.0958762 0.1135077 0.1210434 0.1288132 0.0135567 0.0891620 0.0998119 0.1338999 0.1213916 0.1284580 0.0901402 0.1140558 0.1012136 0.0892107 0.1055674 0.1131452 0.0943848 0.0975558 0.0828349 0.0000000 0.1197078 0.0195068 
Dasyuridae_Dasyurus_geffroii                 0.1128244 0.1258866 0.1233275 0.1170824 0.1135919 0.0036921 0.1031349 0.1025359 0.1100452 0.1214857 0.0460880 0.0963640 0.0261980 0.0286790 0.0982142 0.1284270 0.0255585 0.0133681 0.0322304 0.1199980 0.1130717 0.1251669 0.1595951 0.1391205 0.0284871 0.1237453 0.1179531 0.1114689 0.1099029 0.1301264 0.1414518 0.1176454 0.0460880 0.0990075 0.1197078 0.0000000 0.1255677 
Peramelidae_Perameles_gunnii                 0.0936972 0.1041406 0.1187632 0.0993281 0.0975738 0.1264951 0.0922089 0.0894423 0.0951280 0.0064841 0.1081548 0.0842028 0.1354358 0.1308184 0.0878529 0.1015481 0.1277123 0.1228252 0.1422520 0.0253770 0.0961981 0.1049955 0.1464249 0.1398888 0.1391663 0.0979444 0.1169170 0.1072091 0.0971075 0.1027558 0.1138796 0.0976244 0.1081548 0.0877502 0.0195068 0.1255677 0.0000000 
