61
AF337128_Lampropeltis_alterna    0.0000000 0.0043662 0.2051115 0.1840646 0.1681522 0.1645037 0.1799218 0.1604512 0.1558277 0.1611085 0.0710735 0.0848967 0.0759681 0.0764509 0.1588359 0.1227546 0.1261955 0.1554751 0.1566809 0.2073274 0.1975041 0.1975041 0.1975041 0.1914114 0.1549533 0.1699021 0.1735903 0.1757428 0.1989102 0.1948927 0.1895371 0.1948535 0.1975041 0.1541761 0.1470317 0.1459823 0.1459823 0.1581855 0.1509844 0.1527962 0.1924737 0.1673708 0.2029315 0.1617092 0.1996993 0.1735707 0.1644919 0.1582355 0.1691119 0.1466038 0.1543697 0.1561221 0.1556229 0.1542645 0.1428922 0.1444153 0.1197719 0.1458231 0.1407620 0.1939805 0.2013943 
AF337134_Lampropeltis_triangulum 0.0043662 0.0000000 0.2056782 0.1782167 0.1640703 0.1655152 0.1739551 0.1579646 0.1545063 0.1621268 0.0721817 0.0802845 0.0766009 0.0770562 0.1629868 0.1215711 0.1250195 0.1512645 0.1524531 0.2142565 0.2041923 0.2041923 0.2041923 0.1979261 0.1507544 0.1667260 0.1703861 0.1724889 0.2043236 0.2015383 0.2009557 0.2000614 0.2041923 0.1499885 0.1433625 0.1423232 0.1423232 0.1548061 0.1537021 0.1555645 0.1916402 0.1653927 0.1966571 0.1579750 0.2002040 0.1677104 0.1618021 0.1556222 0.1633088 0.1453940 0.1501737 0.1518416 0.1514076 0.1523380 0.1432562 0.1452552 0.1227788 0.1419172 0.1369514 0.1939815 0.1991251 
AF471040_Lycodon_zawi            0.2051115 0.2056782 0.0000000 0.1951761 0.2072895 0.2264908 0.2298280 0.2348547 0.2247929 0.1711092 0.1972320 0.1922023 0.1880787 0.1887930 0.2019175 0.1470200 0.1418326 0.1491214 0.1502334 0.1028543 0.0945840 0.0945840 0.0945840 0.1028571 0.1444427 0.1979706 0.1906489 0.1880511 0.1010380 0.1025476 0.0955229 0.0997627 0.0945840 0.1490495 0.1856400 0.1845196 0.1845196 0.1593862 0.1522331 0.1596883 0.1222099 0.1421682 0.1405690 0.1415610 0.1587915 0.1651612 0.1694430 0.1620308 0.1686493 0.1562354 0.1481000 0.1482039 0.1512694 0.1963177 0.1333737 0.1625467 0.1512169 0.1586056 0.1532159 0.0081015 0.2383426 
AF471062_Dipsadoboa_unicolor     0.1840646 0.1782167 0.1951761 0.0000000 0.1987954 0.2346011 0.2284657 0.1962717 0.1610197 0.1712404 0.1908340 0.1945676 0.1809556 0.1921151 0.1979455 0.1690672 0.1841059 0.1600686 0.1612932 0.1951696 0.1902299 0.1902299 0.1902299 0.1833954 0.1683484 0.1918493 0.1975323 0.2000219 0.1780017 0.1806615 0.1911846 0.1766223 0.1902299 0.1598295 0.1756587 0.1745219 0.1745219 0.1877708 0.1930613 0.1955631 0.2149929 0.1990547 0.1862852 0.1951042 0.1922869 0.1696911 0.1836050 0.1799853 0.1746172 0.1789711 0.1606895 0.1625724 0.1602215 0.2298751 0.1779013 0.1725143 0.1638881 0.1755675 0.1742774 0.1915853 0.2252286 
AF471065_Dasypeltis_atra         0.1681522 0.1640703 0.2072895 0.1987954 0.0000000 0.2453627 0.2365996 0.1872993 0.1687517 0.1760863 0.1497418 0.1637824 0.1578467 0.1541310 0.2257131 0.1663159 0.1757609 0.1756108 0.1768430 0.2258508 0.2203835 0.2203835 0.2203835 0.2336634 0.1697994 0.1872904 0.1874389 0.1886887 0.2325598 0.2223874 0.2017077 0.2242974 0.2203835 0.1772895 0.1793960 0.1782859 0.1782859 0.1719969 0.1945376 0.1935329 0.2207324 0.1772338 0.2077288 0.1841533 0.2074459 0.1626336 0.1664003 0.1651964 0.1621051 0.1789850 0.1756108 0.1766235 0.1757729 0.1919253 0.1529977 0.1730431 0.1643538 0.1891500 0.1873662 0.1821865 0.2221434 
Ahaetulla_prasina_CDS1130        0.1645037 0.1655152 0.2264908 0.2346011 0.2453627 0.0000000 0.0146650 0.0669072 0.1082738 0.0934392 0.1718084 0.1754206 0.2117496 0.2172665 0.0609991 0.0723218 0.1801650 0.0631384 0.0631384 0.0718556 0.1102422 0.0668093 0.0668093 0.0669086 0.0641387 0.0642471 0.0639282 0.0636116 0.0714783 0.0676649 0.0683990 0.0712372 0.0668093 0.0611195 0.0639221 0.1053703 0.0635309 0.0649525 0.1818796 0.1869253 0.0800249 0.0678951 0.0211012 0.0625426 0.0608117 0.0983896 0.0651916 0.1089483 0.0603545 0.0727103 0.0611751 0.0617091 0.1026989 0.0673309 0.0633718 0.0607215 0.0586166 0.0569599 0.0897562 0.0748898 0.0850252 
Ahaetulla_prasina_RMB3042        0.1799218 0.1739551 0.2298280 0.2284657 0.2365996 0.0146650 0.0000000 0.0834453 0.1225650 0.1087973 0.1753306 0.1804896 0.2007507 0.1968383 0.0538413 0.0998146 0.1991532 0.0794097 0.0788989 0.0905934 0.1324969 0.0880351 0.0880351 0.0845061 0.0763642 0.0866483 0.0879482 0.0881573 0.0878716 0.0869230 0.0731709 0.0878304 0.0880351 0.0769905 0.0819290 0.1232451 0.0815880 0.0789457 0.2090045 0.2153872 0.1005276 0.0985876 0.0777893 0.0826376 0.1131516 0.1137093 0.0784414 0.1161679 0.0779453 0.1022943 0.0765972 0.0771549 0.1155771 0.0910582 0.0618755 0.0795287 0.0554800 0.0725732 0.1049551 0.0828038 0.0850389 
Boiga_cynodon_CDS4400            0.1604512 0.1579646 0.2348547 0.1962717 0.1872993 0.0669072 0.0834453 0.0000000 0.0636957 0.1004752 0.1544738 0.1590064 0.1672319 0.1724852 0.0514783 0.0718015 0.1604980 0.0659484 0.0643766 0.0776593 0.1099687 0.0737959 0.0737959 0.0737767 0.0670533 0.0660813 0.0662401 0.0659079 0.0702207 0.0741060 0.0665421 0.0717714 0.0737959 0.0648599 0.0626822 0.0914601 0.0623812 0.0640477 0.1776605 0.1795217 0.0893938 0.0894765 0.0641041 0.0671944 0.0779786 0.0918260 0.0597752 0.0857486 0.0624331 0.0924855 0.0644787 0.0642521 0.0954827 0.0672085 0.0595033 0.0673169 0.0462034 0.0687457 0.1003829 0.0948327 0.0834123 
Boiga_dendrophila_CDS1575        0.1558277 0.1545063 0.2247929 0.1610197 0.1687517 0.1082738 0.1225650 0.0636957 0.0000000 0.0923222 0.1371581 0.1369240 0.1530685 0.1392458 0.0690675 0.1521973 0.1468268 0.0879531 0.0844330 0.1143025 0.1135189 0.1135189 0.1135189 0.1151153 0.0935252 0.0835428 0.0866320 0.0866695 0.1140177 0.1116851 0.0957996 0.1148975 0.1135189 0.0846162 0.0846692 0.0841104 0.0841872 0.0925211 0.1551784 0.1521056 0.2049330 0.1777721 0.2227078 0.0986562 0.0807321 0.0818418 0.0766241 0.0792558 0.0817533 0.1798111 0.0835165 0.0831734 0.0840366 0.0939237 0.1547684 0.0885700 0.0591238 0.0850759 0.0853968 0.2112281 0.1875620 
Ptyas_luzonensis_RMB4445         0.1611085 0.1621268 0.1711092 0.1712404 0.1760863 0.0934392 0.1087973 0.1004752 0.0923222 0.0000000 0.1468861 0.1564992 0.1483029 0.1439390 0.0521132 0.1263131 0.1618869 0.0765175 0.0733675 0.0983239 0.0945307 0.0945307 0.0945307 0.0971230 0.0731018 0.0944404 0.0920393 0.0915487 0.0967435 0.0925672 0.0782509 0.0960043 0.0945307 0.0719189 0.0733352 0.0728211 0.0728850 0.0914298 0.1521970 0.1490393 0.1617347 0.1657285 0.2204070 0.0878126 0.0773143 0.0785240 0.0792748 0.0784911 0.0771146 0.1862101 0.0716667 0.0718343 0.0717410 0.1023960 0.0988025 0.0877608 0.0514965 0.0855907 0.0843878 0.1607201 0.1700083 
FJ627818_Pituophis_deppei        0.0710735 0.0721817 0.1972320 0.1908340 0.1497418 0.1718084 0.1753306 0.1544738 0.1371581 0.1468861 0.0000000 0.0493422 0.0778808 0.0726760 0.1480277 0.1251242 0.1312524 0.1336772 0.1336772 0.2160238 0.2148633 0.2148633 0.2148633 0.2154165 0.1469936 0.1678547 0.1655348 0.1667409 0.2200193 0.2169357 0.1973311 0.2184309 0.2148633 0.1352976 0.1500032 0.1487850 0.1487850 0.1438861 0.1673068 0.1646184 0.1870612 0.1540865 0.1744727 0.1541106 0.1722217 0.1419669 0.1473980 0.1505004 0.1416626 0.1473927 0.1335073 0.1335073 0.1325834 0.1452456 0.1432510 0.1423164 0.1233648 0.1568331 0.1559534 0.1902915 0.1795418 
FJ627819_Pituophis_catenifer     0.0848967 0.0802845 0.1922023 0.1945676 0.1637824 0.1754206 0.1804896 0.1590064 0.1369240 0.1564992 0.0493422 0.0000000 0.0779346 0.0788951 0.1685400 0.1341519 0.1373920 0.1468823 0.1480799 0.2227840 0.2207459 0.2207459 0.2207459 0.2277453 0.1558740 0.1749782 0.1777633 0.1789064 0.2177724 0.2200643 0.1953242 0.2163054 0.2207459 0.1496741 0.1524520 0.1513443 0.1513443 0.1354006 0.1647618 0.1642664 0.2054640 0.1664508 0.1762293 0.1561376 0.1792024 0.1463341 0.1544290 0.1573760 0.1477919 0.1548076 0.1479031 0.1479031 0.1470236 0.1636019 0.1440818 0.1584454 0.1175741 0.1499016 0.1490959 0.1792685 0.1713898 
GU073440_Pantherophis_bairdi     0.0759681 0.0766009 0.1880787 0.1809556 0.1578467 0.2117496 0.2007507 0.1672319 0.1530685 0.1483029 0.0778808 0.0779346 0.0000000 0.0403544 0.1940637 0.1111872 0.1373764 0.1512041 0.1512041 0.2191158 0.2122877 0.2122877 0.2122877 0.2131410 0.1636575 0.1501927 0.1542975 0.1540589 0.2092760 0.2079897 0.2190133 0.2019425 0.2122877 0.1554502 0.1357170 0.1343993 0.1343993 0.1335166 0.1587028 0.1556546 0.1739881 0.1395299 0.1308900 0.1306993 0.1308900 0.1538171 0.1527292 0.1448037 0.1498509 0.1341318 0.1496887 0.1518197 0.1498698 0.1507483 0.1189937 0.1403042 0.1307459 0.1445726 0.1435947 0.1798230 0.1995344 
GU073446_Pantherophis_obsoletus  0.0764509 0.0770562 0.1887930 0.1921151 0.1541310 0.2172665 0.1968383 0.1724852 0.1392458 0.1439390 0.0726760 0.0788951 0.0403544 0.0000000 0.1390891 0.1041548 0.1227720 0.1435960 0.1435960 0.1995694 0.1974401 0.1974401 0.1974401 0.2009599 0.1605346 0.1242833 0.1279443 0.1305770 0.1977634 0.1977309 0.2020059 0.1929536 0.1974401 0.1455662 0.1560730 0.1546487 0.1546487 0.1292010 0.1423457 0.1395259 0.1707567 0.1314529 0.1298784 0.1180602 0.1298784 0.1571882 0.1499810 0.1493550 0.1569328 0.1291990 0.1421335 0.1440566 0.1423019 0.1426549 0.1089594 0.1362743 0.1171641 0.1460325 0.1450564 0.1844015 0.2034393 
Gonyosoma_oxycephala_RMB11702    0.1588359 0.1629868 0.2019175 0.1979455 0.2257131 0.0609991 0.0538413 0.0514783 0.0690675 0.0521132 0.1480277 0.1685400 0.1940637 0.1390891 0.0000000 0.0497806 0.1698401 0.0409805 0.0402368 0.0489714 0.0763406 0.0484679 0.0484679 0.0480900 0.0404270 0.0455886 0.0450322 0.0450020 0.0465087 0.0467485 0.0482032 0.0479703 0.0484679 0.0390816 0.0426421 0.0656228 0.0423233 0.0465832 0.1770953 0.1744462 0.0725205 0.0551875 0.0120870 0.0415881 0.0244459 0.0640651 0.0412202 0.0623088 0.0408211 0.0614279 0.0394028 0.0393429 0.0623198 0.0472279 0.0522967 0.0412939 0.0382072 0.0412070 0.0640509 0.0677479 0.0665960 
JF827672.Dinodon.rufozonatum     0.1227546 0.1215711 0.1470200 0.1690672 0.1663159 0.0723218 0.0998146 0.0718015 0.1521973 0.1263131 0.1251242 0.1341519 0.1111872 0.1041548 0.0497806 0.0000000 0.0604389 0.0550764 0.0555011 0.0806775 0.1681322 0.0795300 0.0795300 0.0797104 0.0557279 0.0604191 0.0608197 0.0607761 0.0769491 0.0729691 0.0708959 0.0773282 0.0795300 0.0551481 0.0647348 0.1325464 0.0643006 0.0637820 0.1073300 0.1046252 0.0726896 0.0648709 0.0453579 0.0633285 0.1402364 0.1085608 0.0570868 0.1083602 0.0551741 0.0591925 0.0546645 0.0546645 0.1101818 0.0622611 0.0278072 0.0560398 0.0402200 0.0548128 0.1020369 0.0622476 0.0698965 
AB008539.Dinodon.semicarinatus   0.1261955 0.1250195 0.1418326 0.1841059 0.1757609 0.1801650 0.1991532 0.1604980 0.1468268 0.1618869 0.1312524 0.1373920 0.1373764 0.1227720 0.1698401 0.0604389 0.0000000 0.1166545 0.1176479 0.1756976 0.1676293 0.1676293 0.1676293 0.1758681 0.1286502 0.1245864 0.1281314 0.1286258 0.1639910 0.1625438 0.1664698 0.1603965 0.1676293 0.1202675 0.1342946 0.1333060 0.1333060 0.1308122 0.1048343 0.1037355 0.1468636 0.1255927 0.1370514 0.1348846 0.1376169 0.1122882 0.1151193 0.1135342 0.1115173 0.1340563 0.1157294 0.1166979 0.1167521 0.1340497 0.0900046 0.1135091 0.1165242 0.1090627 0.1058721 0.1373683 0.2028634 
Lycodon_alcalai_RMB9036          0.1554751 0.1512645 0.1491214 0.1600686 0.1756108 0.0631384 0.0794097 0.0659484 0.0879531 0.0765175 0.1336772 0.1468823 0.1512041 0.1435960 0.0409805 0.0550764 0.1166545 0.0000000 0.0001893 0.0598621 0.0887301 0.0591391 0.0591391 0.0600648 0.0080932 0.0515155 0.0521002 0.0514734 0.0600590 0.0586262 0.0536908 0.0609662 0.0591391 0.0013363 0.0376339 0.0551460 0.0373759 0.0522815 0.1302223 0.1351006 0.0692040 0.0715497 0.0536642 0.0529065 0.0697373 0.0424071 0.0284535 0.0402227 0.0288872 0.0726013 0.0005693 0.0005720 0.0005330 0.0546493 0.0407023 0.0522048 0.0356163 0.0518206 0.0743134 0.0682410 0.0729490 
Lycodon_alcalai_RMB9542          0.1566809 0.1524531 0.1502334 0.1612932 0.1768430 0.0631384 0.0788989 0.0643766 0.0844330 0.0733675 0.1336772 0.1480799 0.1512041 0.1435960 0.0402368 0.0555011 0.1176479 0.0001893 0.0000000 0.0575840 0.0835696 0.0568960 0.0568960 0.0584370 0.0080577 0.0499549 0.0505239 0.0499153 0.0584173 0.0570528 0.0518880 0.0593023 0.0568960 0.0011122 0.0366248 0.0527848 0.0363759 0.0524127 0.1288258 0.1336500 0.0686464 0.0720190 0.0542621 0.0526016 0.0680507 0.0407880 0.0277816 0.0387114 0.0282018 0.0730704 0.0003685 0.0003702 0.0002558 0.0532513 0.0407023 0.0520741 0.0351063 0.0517012 0.0731021 0.0682410 0.0729490 
Lycodon_aulicus_205000           0.2073274 0.2142565 0.1028543 0.1951696 0.2258508 0.0718556 0.0905934 0.0776593 0.1143025 0.0983239 0.2160238 0.2227840 0.2191158 0.1995694 0.0489714 0.0806775 0.1756976 0.0598621 0.0575840 0.0000000 0.0095959 0.0068900 0.0068900 0.0114539 0.0594232 0.0716173 0.0706651 0.0690327 0.0101292 0.0114907 0.0097699 0.0102405 0.0068932 0.0571066 0.0616258 0.0891426 0.0613307 0.0657845 0.1657448 0.1738919 0.0638781 0.0724246 0.0529996 0.0540792 0.0646636 0.0857841 0.0586267 0.0814997 0.0597098 0.0803019 0.0564987 0.0562197 0.0827459 0.0699755 0.0521529 0.0610074 0.0428069 0.0630298 0.0886538 0.0429054 0.0810281 
Lycodon_aulicus_CDS4621          0.1975041 0.2041923 0.0945840 0.1902299 0.2203835 0.1102422 0.1324969 0.1099687 0.1135189 0.0945307 0.2148633 0.2207459 0.2122877 0.1974401 0.0763406 0.1681322 0.1676293 0.0887301 0.0835696 0.0095959 0.0000000 0.0000010 0.0000010 0.0140727 0.0857751 0.1078922 0.1040401 0.1020809 0.0136722 0.0147495 0.0123325 0.0132223 0.0000010 0.0822010 0.0895005 0.0885544 0.0890210 0.0951408 0.1586543 0.1665418 0.1137009 0.1409648 0.1605111 0.0803302 0.0630024 0.0849976 0.0811337 0.0796776 0.0845611 0.1704595 0.0822646 0.0825167 0.0826085 0.1033366 0.1505546 0.0860834 0.0597048 0.0886075 0.0857845 0.0778407 0.2270116 
Lycodon_aulicus_CDS658           0.1975041 0.2041923 0.0945840 0.1902299 0.2203835 0.0668093 0.0880351 0.0737959 0.1135189 0.0945307 0.2148633 0.2207459 0.2122877 0.1974401 0.0484679 0.0795300 0.1676293 0.0591391 0.0568960 0.0068900 0.0000010 0.0000000 0.0000010 0.0102295 0.0586638 0.0698074 0.0682899 0.0670113 0.0097209 0.0106843 0.0091126 0.0096331 0.0000010 0.0564315 0.0612434 0.0885544 0.0609493 0.0642166 0.1586543 0.1665418 0.0572741 0.0700285 0.0513162 0.0535138 0.0630024 0.0849976 0.0568640 0.0796776 0.0585798 0.0842888 0.0564627 0.0564960 0.0826085 0.0682480 0.0510536 0.0599229 0.0396893 0.0612733 0.0857845 0.0390290 0.0782289 
Lycodon_aulicus_RMB4347          0.1975041 0.2041923 0.0945840 0.1902299 0.2203835 0.0668093 0.0880351 0.0737959 0.1135189 0.0945307 0.2148633 0.2207459 0.2122877 0.1974401 0.0484679 0.0795300 0.1676293 0.0591391 0.0568960 0.0068900 0.0000010 0.0000010 0.0000000 0.0102295 0.0586638 0.0698074 0.0682899 0.0670113 0.0097209 0.0106843 0.0091126 0.0096331 0.0000010 0.0564315 0.0612434 0.0885544 0.0609493 0.0642166 0.1586543 0.1665418 0.0572741 0.0700285 0.0513162 0.0535138 0.0630024 0.0849976 0.0568640 0.0796776 0.0585798 0.0842888 0.0564627 0.0564960 0.0826085 0.0682480 0.0510536 0.0599229 0.0396893 0.0612733 0.0857845 0.0390290 0.0782289 
Lycodon_aulicus_RMB8785          0.1914114 0.1979261 0.1028571 0.1833954 0.2336634 0.0669086 0.0845061 0.0737767 0.1151153 0.0971230 0.2154165 0.2277453 0.2131410 0.2009599 0.0480900 0.0797104 0.1758681 0.0600648 0.0584370 0.0114539 0.0140727 0.0102295 0.0102295 0.0000000 0.0590378 0.0721143 0.0705289 0.0692435 0.0067840 0.0042684 0.0098028 0.0063422 0.0102342 0.0587432 0.0630723 0.0912162 0.0627744 0.0669962 0.1627981 0.1707839 0.0628250 0.0707993 0.0525984 0.0539637 0.0649608 0.0884984 0.0619109 0.0865010 0.0615392 0.0819043 0.0579769 0.0580180 0.0846154 0.0684182 0.0530802 0.0594057 0.0407952 0.0599999 0.0832119 0.0456532 0.0836934 
Lycodon_bibonius_RMB5709         0.1549533 0.1507544 0.1444427 0.1683484 0.1697994 0.0641387 0.0763642 0.0670533 0.0935252 0.0731018 0.1469936 0.1558740 0.1636575 0.1605346 0.0404270 0.0557279 0.1286502 0.0080932 0.0080577 0.0594232 0.0857751 0.0586638 0.0586638 0.0590378 0.0000000 0.0502366 0.0513187 0.0504468 0.0587333 0.0576734 0.0506874 0.0598958 0.0586638 0.0081513 0.0349669 0.0498219 0.0347244 0.0549793 0.1430680 0.1483778 0.0746449 0.0731532 0.0547541 0.0539624 0.0649753 0.0419179 0.0293266 0.0408777 0.0285775 0.0768291 0.0079440 0.0077877 0.0108631 0.0522506 0.0432827 0.0528590 0.0350333 0.0533895 0.0753886 0.0661073 0.0782700 
Lycodon_butleri_8066             0.1699021 0.1667260 0.1979706 0.1918493 0.1872904 0.0642471 0.0866483 0.0660813 0.0835428 0.0944404 0.1678547 0.1749782 0.1501927 0.1242833 0.0455886 0.0604191 0.1245864 0.0515155 0.0499549 0.0716173 0.1078922 0.0698074 0.0698074 0.0721143 0.0502366 0.0000000 0.0024054 0.0026034 0.0705877 0.0701291 0.0600482 0.0718302 0.0697647 0.0501980 0.0531181 0.0795308 0.0528359 0.0513962 0.0703296 0.0643180 0.0880237 0.0836272 0.0612193 0.0592469 0.0791212 0.0800203 0.0511289 0.0760780 0.0527349 0.0713964 0.0493896 0.0493873 0.0750522 0.0519978 0.0265231 0.0529101 0.0304353 0.0538692 0.0835117 0.0729668 0.0746590 
Lycodon_butleri_9136             0.1735903 0.1703861 0.1906489 0.1975323 0.1874389 0.0639282 0.0879482 0.0662401 0.0866320 0.0920393 0.1655348 0.1777633 0.1542975 0.1279443 0.0450322 0.0608197 0.1281314 0.0521002 0.0505239 0.0706651 0.1040401 0.0682899 0.0682899 0.0705289 0.0513187 0.0024054 0.0000000 0.0005425 0.0687339 0.0693090 0.0599309 0.0702580 0.0682491 0.0501337 0.0541783 0.0804991 0.0539000 0.0534611 0.0707792 0.0647700 0.0889369 0.0866524 0.0644189 0.0602317 0.0799130 0.0799676 0.0516213 0.0760701 0.0537905 0.0721207 0.0493419 0.0490699 0.0750739 0.0515119 0.0269763 0.0534014 0.0302513 0.0533867 0.0817311 0.0721940 0.0774401 
Lycodon_butleri_9421             0.1757428 0.1724889 0.1880511 0.2000219 0.1886887 0.0636116 0.0881573 0.0659079 0.0866695 0.0915487 0.1667409 0.1789064 0.1540589 0.1305770 0.0450020 0.0607761 0.1286258 0.0514734 0.0499153 0.0690327 0.1020809 0.0670113 0.0670113 0.0692435 0.0504468 0.0026034 0.0005425 0.0000000 0.0677837 0.0680220 0.0589788 0.0689774 0.0669712 0.0495346 0.0532569 0.0791208 0.0529790 0.0531293 0.0700290 0.0653185 0.0894905 0.0867049 0.0650229 0.0598934 0.0792983 0.0781340 0.0513361 0.0757837 0.0525911 0.0725228 0.0487420 0.0485760 0.0742512 0.0508588 0.0265669 0.0527459 0.0298499 0.0527267 0.0807546 0.0705813 0.0774121 
Lycodon_capucinus_5725           0.1989102 0.2043236 0.1010380 0.1780017 0.2325598 0.0714783 0.0878716 0.0702207 0.1140177 0.0967435 0.2200193 0.2177724 0.2092760 0.1977634 0.0465087 0.0769491 0.1639910 0.0600590 0.0584173 0.0101292 0.0136722 0.0097209 0.0097209 0.0067840 0.0587333 0.0705877 0.0687339 0.0677837 0.0000000 0.0077650 0.0100313 0.0003635 0.0097164 0.0580387 0.0600998 0.0870463 0.0598051 0.0651998 0.1583981 0.1693596 0.0631621 0.0703008 0.0512588 0.0531534 0.0626795 0.0863072 0.0597663 0.0825682 0.0598010 0.0810694 0.0579198 0.0579198 0.0853376 0.0665253 0.0492483 0.0586517 0.0407524 0.0590366 0.0822411 0.0428297 0.0817785 
Lycodon_capucinus_9277           0.1948927 0.2015383 0.1025476 0.1806615 0.2223874 0.0676649 0.0869230 0.0741060 0.1116851 0.0925672 0.2169357 0.2200643 0.2079897 0.1977309 0.0467485 0.0729691 0.1625438 0.0586262 0.0570528 0.0114907 0.0147495 0.0106843 0.0106843 0.0042684 0.0576734 0.0701291 0.0693090 0.0680220 0.0077650 0.0000000 0.0096079 0.0073066 0.0106794 0.0564473 0.0600757 0.0867467 0.0597822 0.0647415 0.1599419 0.1678805 0.0604449 0.0677952 0.0507110 0.0527876 0.0617756 0.0818902 0.0572529 0.0789135 0.0578140 0.0813096 0.0563370 0.0563697 0.0820170 0.0665642 0.0500487 0.0577530 0.0393042 0.0595731 0.0826194 0.0428974 0.0819535 
Lycodon_capucinus_9695           0.1895371 0.2009557 0.0955229 0.1911846 0.2017077 0.0683990 0.0731709 0.0665421 0.0957996 0.0782509 0.1973311 0.1953242 0.2190133 0.2020059 0.0482032 0.0708959 0.1664698 0.0536908 0.0518880 0.0097699 0.0123325 0.0091126 0.0091126 0.0098028 0.0506874 0.0600482 0.0599309 0.0589788 0.0100313 0.0096079 0.0000000 0.0095538 0.0091081 0.0518271 0.0535107 0.0773700 0.0532039 0.0549162 0.1516633 0.1595200 0.0527319 0.0566849 0.0322646 0.0431641 0.0431233 0.0789148 0.0541511 0.0781449 0.0544666 0.0707934 0.0514949 0.0514949 0.0767779 0.0574310 0.0534351 0.0470442 0.0394042 0.0511036 0.0725963 0.0431443 0.0770310 
Lycodon_capucinus_DSM1325L       0.1948535 0.2000614 0.0997627 0.1766223 0.2242974 0.0712372 0.0878304 0.0717714 0.1148975 0.0960043 0.2184309 0.2163054 0.2019425 0.1929536 0.0479703 0.0773282 0.1603965 0.0609662 0.0593023 0.0102405 0.0132223 0.0096331 0.0096331 0.0063422 0.0598958 0.0718302 0.0702580 0.0689774 0.0003635 0.0073066 0.0095538 0.0000000 0.0096287 0.0586649 0.0609664 0.0880031 0.0606730 0.0654075 0.1573870 0.1680341 0.0628402 0.0691245 0.0507041 0.0525668 0.0620947 0.0884297 0.0606036 0.0831141 0.0618597 0.0814482 0.0585455 0.0585896 0.0855652 0.0670378 0.0507889 0.0586624 0.0416093 0.0596938 0.0825752 0.0432823 0.0830221 
Lycodon_capucinus_RMB9060        0.1975041 0.2041923 0.0945840 0.1902299 0.2203835 0.0668093 0.0880351 0.0737959 0.1135189 0.0945307 0.2148633 0.2207459 0.2122877 0.1974401 0.0484679 0.0795300 0.1676293 0.0591391 0.0568960 0.0068932 0.0000010 0.0000010 0.0000010 0.0102342 0.0586638 0.0697647 0.0682491 0.0669712 0.0097164 0.0106794 0.0091081 0.0096287 0.0000000 0.0563990 0.0612073 0.0885544 0.0609134 0.0642550 0.1586543 0.1665418 0.0572741 0.0700285 0.0513162 0.0534835 0.0629296 0.0849231 0.0568312 0.0796090 0.0585798 0.0842888 0.0564302 0.0564633 0.0825369 0.0679493 0.0510536 0.0598883 0.0396632 0.0612375 0.0857097 0.0390290 0.0782289 
Lycodon_chrysoprateros_RMB6394   0.1541761 0.1499885 0.1490495 0.1598295 0.1772895 0.0611195 0.0769905 0.0648599 0.0846162 0.0719189 0.1352976 0.1496741 0.1554502 0.1455662 0.0390816 0.0551481 0.1202675 0.0013363 0.0011122 0.0571066 0.0822010 0.0564315 0.0564315 0.0587432 0.0081513 0.0501980 0.0501337 0.0495346 0.0580387 0.0564473 0.0518271 0.0586649 0.0563990 0.0000000 0.0357735 0.0511923 0.0355294 0.0521607 0.1291385 0.1339817 0.0695012 0.0721126 0.0541751 0.0522503 0.0665762 0.0395102 0.0271172 0.0374907 0.0275582 0.0728813 0.0014641 0.0014710 0.0017700 0.0524051 0.0423820 0.0514243 0.0346920 0.0507825 0.0711526 0.0677070 0.0732198 
Lycodon_dumereli_ACD4146         0.1470317 0.1433625 0.1856400 0.1756587 0.1793960 0.0639221 0.0819290 0.0626822 0.0846692 0.0733352 0.1500032 0.1524520 0.1357170 0.1560730 0.0426421 0.0647348 0.1342946 0.0376339 0.0366248 0.0616258 0.0895005 0.0612434 0.0612434 0.0630723 0.0349669 0.0531181 0.0541783 0.0532569 0.0600998 0.0600757 0.0535107 0.0609664 0.0612073 0.0357735 0.0000000 0.0002549 0.0001835 0.0569255 0.1466825 0.1483063 0.0807957 0.0787279 0.0578987 0.0572581 0.0665903 0.0452114 0.0336475 0.0459136 0.0313453 0.0656197 0.0354950 0.0351714 0.0514785 0.0570842 0.0411154 0.0558206 0.0374307 0.0540921 0.0769859 0.0751019 0.0741283 
Lycodon_dumereli_CDS1927         0.1459823 0.1423232 0.1845196 0.1745219 0.1782859 0.1053703 0.1232451 0.0914601 0.0841104 0.0728211 0.1487850 0.1513443 0.1343993 0.1546487 0.0656228 0.1325464 0.1333060 0.0551460 0.0527848 0.0891426 0.0885544 0.0885544 0.0885544 0.0912162 0.0498219 0.0795308 0.0804991 0.0791208 0.0870463 0.0867467 0.0773700 0.0880031 0.0885544 0.0511923 0.0002549 0.0000000 0.0000010 0.0826596 0.1456582 0.1472750 0.1700199 0.1621064 0.1934318 0.0846401 0.0665903 0.0448809 0.0464478 0.0455824 0.0431659 0.1286944 0.0507430 0.0503389 0.0511419 0.0842531 0.1136404 0.0813582 0.0573262 0.0785225 0.0775189 0.1674284 0.2219667 
Lycodon_dumereli_RMB4393         0.1459823 0.1423232 0.1845196 0.1745219 0.1782859 0.0635309 0.0815880 0.0623812 0.0841872 0.0728850 0.1487850 0.1513443 0.1343993 0.1546487 0.0423233 0.0643006 0.1333060 0.0373759 0.0363759 0.0613307 0.0890210 0.0609493 0.0609493 0.0627744 0.0347244 0.0528359 0.0539000 0.0529790 0.0598051 0.0597822 0.0532039 0.0606730 0.0609134 0.0355294 0.0001835 0.0000010 0.0000000 0.0566375 0.1456582 0.1472750 0.0803183 0.0782620 0.0578987 0.0569704 0.0665903 0.0448465 0.0334058 0.0455474 0.0311078 0.0651920 0.0352515 0.0349273 0.0511023 0.0568011 0.0405944 0.0561104 0.0377395 0.0543791 0.0774513 0.0745904 0.0735156 
Lycodon_effraensis_DSM927L       0.1581855 0.1548061 0.1593862 0.1877708 0.1719969 0.0649525 0.0789457 0.0640477 0.0925211 0.0914298 0.1438861 0.1354006 0.1335166 0.1292010 0.0465832 0.0637820 0.1308122 0.0522815 0.0524127 0.0657845 0.0951408 0.0642166 0.0642166 0.0669962 0.0549793 0.0513962 0.0534611 0.0531293 0.0651998 0.0647415 0.0549162 0.0654075 0.0642550 0.0521607 0.0569255 0.0826596 0.0566375 0.0000000 0.1290247 0.1294902 0.0776502 0.0629658 0.0457147 0.0495411 0.0554301 0.0765667 0.0541865 0.0773337 0.0536087 0.0523950 0.0518285 0.0518375 0.0758628 0.0544174 0.0410466 0.0550738 0.0362514 0.0578876 0.0822692 0.0703652 0.0694560 
Lycodon_fasciatus_234875         0.1509844 0.1537021 0.1522331 0.1930613 0.1945376 0.1818796 0.2090045 0.1776605 0.1551784 0.1521970 0.1673068 0.1647618 0.1587028 0.1423457 0.1770953 0.1073300 0.1048343 0.1302223 0.1288258 0.1657448 0.1586543 0.1586543 0.1586543 0.1627981 0.1430680 0.0703296 0.0707792 0.0700290 0.1583981 0.1599419 0.1516633 0.1573870 0.1586543 0.1291385 0.1466825 0.1456582 0.1456582 0.1290247 0.0000000 0.0043023 0.1492553 0.1476042 0.1779510 0.1452507 0.1887733 0.1181945 0.1201789 0.1191137 0.1244471 0.1244596 0.1268249 0.1279848 0.1278972 0.1512977 0.0719972 0.1453597 0.1176871 0.1366694 0.1318207 0.1298355 0.2259768 
Lycodon_fasciatus_234957         0.1527962 0.1555645 0.1596883 0.1955631 0.1935329 0.1869253 0.2153872 0.1795217 0.1521056 0.1490393 0.1646184 0.1642664 0.1556546 0.1395259 0.1744462 0.1046252 0.1037355 0.1351006 0.1336500 0.1738919 0.1665418 0.1665418 0.1665418 0.1707839 0.1483778 0.0643180 0.0647700 0.0653185 0.1693596 0.1678805 0.1595200 0.1680341 0.1665418 0.1339817 0.1483063 0.1472750 0.1472750 0.1294902 0.0043023 0.0000000 0.1520687 0.1475190 0.1812214 0.1403828 0.1923445 0.1235249 0.1175365 0.1247413 0.1233899 0.1257351 0.1315938 0.1328508 0.1326981 0.1520356 0.0675528 0.1404511 0.1157311 0.1337767 0.1367225 0.1337852 0.2273230 
Lycodon_jara_235387              0.1924737 0.1916402 0.1222099 0.2149929 0.2207324 0.0800249 0.1005276 0.0893938 0.2049330 0.1617347 0.1870612 0.2054640 0.1739881 0.1707567 0.0725205 0.0726896 0.1468636 0.0692040 0.0686464 0.0638781 0.1137009 0.0572741 0.0572741 0.0628250 0.0746449 0.0880237 0.0889369 0.0894905 0.0631621 0.0604449 0.0527319 0.0628402 0.0572741 0.0695012 0.0807957 0.1700199 0.0803183 0.0776502 0.1492553 0.1520687 0.0000000 0.0682877 0.0461024 0.0683761 0.1694493 0.1581816 0.0784903 0.1598070 0.0778443 0.0872524 0.0687468 0.0688938 0.1414108 0.0876892 0.0435110 0.0867739 0.0590362 0.0894119 0.1877719 0.0493830 0.0819958 
Lycodon_laoensis_258659          0.1673708 0.1653927 0.1421682 0.1990547 0.1772338 0.0678951 0.0985876 0.0894765 0.1777721 0.1657285 0.1540865 0.1664508 0.1395299 0.1314529 0.0551875 0.0648709 0.1255927 0.0715497 0.0720190 0.0724246 0.1409648 0.0700285 0.0700285 0.0707993 0.0731532 0.0836272 0.0866524 0.0867049 0.0703008 0.0677952 0.0566849 0.0691245 0.0700285 0.0721126 0.0787279 0.1621064 0.0782620 0.0629658 0.1476042 0.1475190 0.0682877 0.0000000 0.0030159 0.0064136 0.0034673 0.1549688 0.0777593 0.1547901 0.0760497 0.0667828 0.0719808 0.0721499 0.1441962 0.0819424 0.0416384 0.0732437 0.0432055 0.0769791 0.1456266 0.0588374 0.0681662 
Lycodon_laoensis_262186          0.2029315 0.1966571 0.1405690 0.1862852 0.2077288 0.0211012 0.0777893 0.0641041 0.2227078 0.2204070 0.1744727 0.1762293 0.1308900 0.1298784 0.0120870 0.0453579 0.1370514 0.0536642 0.0542621 0.0529996 0.1605111 0.0513162 0.0513162 0.0525984 0.0547541 0.0612193 0.0644189 0.0650229 0.0512588 0.0507110 0.0322646 0.0507041 0.0513162 0.0541751 0.0578987 0.1934318 0.0578987 0.0457147 0.1779510 0.1812214 0.0461024 0.0030159 0.0000000 0.0018780 0.0070488 0.1765386 0.0570027 0.1678299 0.0562717 0.0467518 0.0548253 0.0548253 0.1713984 0.0612406 0.0040397 0.0589810 0.0100788 0.0591554 0.1711366 0.0322893 0.0160953 
Lycodon_laoensis_8481            0.1617092 0.1579750 0.1415610 0.1951042 0.1841533 0.0625426 0.0826376 0.0671944 0.0986562 0.0878126 0.1541106 0.1561376 0.1306993 0.1180602 0.0415881 0.0633285 0.1348846 0.0529065 0.0526016 0.0540792 0.0803302 0.0535138 0.0535138 0.0539637 0.0539624 0.0592469 0.0602317 0.0598934 0.0531534 0.0527876 0.0431641 0.0525668 0.0534835 0.0522503 0.0572581 0.0846401 0.0569704 0.0495411 0.1452507 0.1403828 0.0683761 0.0064136 0.0018780 0.0000000 0.0051866 0.0807210 0.0555199 0.0815309 0.0548810 0.0665220 0.0521910 0.0522025 0.0767356 0.0608227 0.0388506 0.0538777 0.0345052 0.0558788 0.0819663 0.0571829 0.0681981 
Lycodon_laoensis_DSM902L         0.1996993 0.2002040 0.1587915 0.1922869 0.2074459 0.0608117 0.1131516 0.0779786 0.0807321 0.0773143 0.1722217 0.1792024 0.1308900 0.1298784 0.0244459 0.1402364 0.1376169 0.0697373 0.0680507 0.0646636 0.0630024 0.0630024 0.0630024 0.0649608 0.0649753 0.0791212 0.0799130 0.0792983 0.0626795 0.0617756 0.0431233 0.0620947 0.0629296 0.0665762 0.0665903 0.0665903 0.0665903 0.0554301 0.1887733 0.1923445 0.1694493 0.0034673 0.0070488 0.0051866 0.0000000 0.0666452 0.0653041 0.0629559 0.0660253 0.1412696 0.0672718 0.0672718 0.0660899 0.0726384 9.0000000 0.0728723 0.0240613 0.0722964 0.0692612 0.1496671 0.0923976 
Lycodon_muelleri_CDS5256         0.1735707 0.1677104 0.1651612 0.1696911 0.1626336 0.0983896 0.1137093 0.0918260 0.0818418 0.0785240 0.1419669 0.1463341 0.1538171 0.1571882 0.0640651 0.1085608 0.1122882 0.0424071 0.0407880 0.0857841 0.0849976 0.0849976 0.0849976 0.0884984 0.0419179 0.0800203 0.0799676 0.0781340 0.0863072 0.0818902 0.0789148 0.0884297 0.0849231 0.0395102 0.0452114 0.0448809 0.0448465 0.0765667 0.1181945 0.1235249 0.1581816 0.1549688 0.1765386 0.0807210 0.0666452 0.0000000 0.0139783 0.0145379 0.0027999 0.1303413 0.0395185 0.0390899 0.0394771 0.0758267 0.1127516 0.0774454 0.0539749 0.0731088 0.0726530 0.1580149 0.2146470 
Lycodon_muelleri_DLSUD031        0.1644919 0.1618021 0.1694430 0.1836050 0.1664003 0.0651916 0.0784414 0.0597752 0.0766241 0.0792748 0.1473980 0.1544290 0.1527292 0.1499810 0.0412202 0.0570868 0.1151193 0.0284535 0.0277816 0.0586267 0.0811337 0.0568640 0.0568640 0.0619109 0.0293266 0.0511289 0.0516213 0.0513361 0.0597663 0.0572529 0.0541511 0.0606036 0.0568312 0.0271172 0.0336475 0.0464478 0.0334058 0.0541865 0.1201789 0.1175365 0.0784903 0.0777593 0.0570027 0.0555199 0.0653041 0.0139783 0.0000000 0.0030638 0.0095445 0.0685198 0.0271201 0.0270233 0.0382060 0.0540774 0.0426990 0.0546529 0.0377071 0.0519133 0.0745202 0.0723187 0.0721765 
Lycodon_muelleri_RMB10605        0.1582355 0.1556222 0.1620308 0.1799853 0.1651964 0.1089483 0.1161679 0.0857486 0.0792558 0.0784911 0.1505004 0.1573760 0.1448037 0.1493550 0.0623088 0.1083602 0.1135342 0.0402227 0.0387114 0.0814997 0.0796776 0.0796776 0.0796776 0.0865010 0.0408777 0.0760780 0.0760701 0.0757837 0.0825682 0.0789135 0.0781449 0.0831141 0.0796090 0.0374907 0.0459136 0.0455824 0.0455474 0.0773337 0.1191137 0.1247413 0.1598070 0.1547901 0.1678299 0.0815309 0.0629559 0.0145379 0.0030638 0.0000000 0.0145778 0.1324014 0.0374981 0.0374214 0.0374584 0.0806965 0.1186959 0.0792966 0.0568928 0.0746898 0.0731570 0.1525352 0.2083360 
Lycodon_muelleri_RMB9788         0.1691119 0.1633088 0.1686493 0.1746172 0.1621051 0.0603545 0.0779453 0.0624331 0.0817533 0.0771146 0.1416626 0.1477919 0.1498509 0.1569328 0.0408211 0.0551741 0.1115173 0.0288872 0.0282018 0.0597098 0.0845611 0.0585798 0.0585798 0.0615392 0.0285775 0.0527349 0.0537905 0.0525911 0.0598010 0.0578140 0.0544666 0.0618597 0.0585798 0.0275582 0.0313453 0.0431659 0.0311078 0.0536087 0.1244471 0.1233899 0.0778443 0.0760497 0.0562717 0.0548810 0.0660253 0.0027999 0.0095445 0.0145778 0.0000000 0.0658153 0.0275612 0.0272282 0.0392078 0.0514816 0.0416503 0.0547482 0.0362741 0.0526873 0.0751364 0.0735454 0.0728429 
Lycodon_effraensis_9670          0.1466038 0.1453940 0.1562354 0.1789711 0.1789850 0.0727103 0.1022943 0.0924855 0.1798111 0.1862101 0.1473927 0.1548076 0.1341318 0.1291990 0.0614279 0.0591925 0.1340563 0.0726013 0.0730704 0.0803019 0.1704595 0.0842888 0.0842888 0.0819043 0.0768291 0.0713964 0.0721207 0.0725228 0.0810694 0.0813096 0.0707934 0.0814482 0.0842888 0.0728813 0.0656197 0.1286944 0.0651920 0.0523950 0.1244596 0.1257351 0.0872524 0.0667828 0.0467518 0.0665220 0.1412696 0.1303413 0.0685198 0.1324014 0.0658153 0.0000000 0.0721515 0.0723211 0.1474514 0.0778228 0.0387202 0.0731996 0.0448346 0.0716894 0.1316657 0.0644008 0.0639737 
Lycodon_sp_RMB5948               0.1543697 0.1501737 0.1481000 0.1606895 0.1756108 0.0611751 0.0765972 0.0644787 0.0835165 0.0716667 0.1335073 0.1479031 0.1496887 0.1421335 0.0394028 0.0546645 0.1157294 0.0005693 0.0003685 0.0564987 0.0822646 0.0564627 0.0564627 0.0579769 0.0079440 0.0493896 0.0493419 0.0487420 0.0579198 0.0563370 0.0514949 0.0585455 0.0564302 0.0014641 0.0354950 0.0507430 0.0352515 0.0518285 0.1268249 0.1315938 0.0687468 0.0719808 0.0548253 0.0521910 0.0672718 0.0395185 0.0271201 0.0374981 0.0275612 0.0721515 0.0000000 0.0000010 0.0007539 0.0520107 0.0401638 0.0508265 0.0343569 0.0504579 0.0706148 0.0677296 0.0723037 
Lycodon_sp_RMB5965               0.1561221 0.1518416 0.1482039 0.1625724 0.1766235 0.0617091 0.0771549 0.0642521 0.0831734 0.0718343 0.1335073 0.1479031 0.1518197 0.1440566 0.0393429 0.0546645 0.1166979 0.0005720 0.0003702 0.0562197 0.0825167 0.0564960 0.0564960 0.0580180 0.0077877 0.0493873 0.0490699 0.0485760 0.0579198 0.0563697 0.0514949 0.0585896 0.0564633 0.0014710 0.0351714 0.0503389 0.0349273 0.0518375 0.1279848 0.1328508 0.0688938 0.0721499 0.0548253 0.0522025 0.0672718 0.0390899 0.0270233 0.0374214 0.0272282 0.0723211 0.0000010 0.0000000 0.0007588 0.0517048 0.0404555 0.0511449 0.0342714 0.0507747 0.0712896 0.0672982 0.0716895 
Lycodon_sp_RMB5991               0.1556229 0.1514076 0.1512694 0.1602215 0.1757729 0.1026989 0.1155771 0.0954827 0.0840366 0.0717410 0.1325834 0.1470236 0.1498698 0.1423019 0.0623198 0.1101818 0.1167521 0.0005330 0.0002558 0.0827459 0.0826085 0.0826085 0.0826085 0.0846154 0.0108631 0.0750522 0.0750739 0.0742512 0.0853376 0.0820170 0.0767779 0.0855652 0.0825369 0.0017700 0.0514785 0.0511419 0.0511023 0.0758628 0.1278972 0.1326981 0.1414108 0.1441962 0.1713984 0.0767356 0.0660899 0.0394771 0.0382060 0.0374584 0.0392078 0.1474514 0.0007539 0.0007588 0.0000000 0.0762528 0.1190730 0.0736351 0.0532005 0.0731653 0.0710789 0.1491334 0.2210289 
Lycodon_stormi_JAM7487           0.1542645 0.1523380 0.1963177 0.2298751 0.1919253 0.0673309 0.0910582 0.0672085 0.0939237 0.1023960 0.1452456 0.1636019 0.1507483 0.1426549 0.0472279 0.0622611 0.1340497 0.0546493 0.0532513 0.0699755 0.1033366 0.0682480 0.0682480 0.0684182 0.0522506 0.0519978 0.0515119 0.0508588 0.0665253 0.0665642 0.0574310 0.0670378 0.0679493 0.0524051 0.0570842 0.0842531 0.0568011 0.0544174 0.1512977 0.1520356 0.0876892 0.0819424 0.0612406 0.0608227 0.0726384 0.0758267 0.0540774 0.0806965 0.0514816 0.0778228 0.0520107 0.0517048 0.0762528 0.0000000 0.0505844 0.0556308 0.0380663 0.0558048 0.0805543 0.0798607 0.0744659 
Lycodon_subcinctus_4199          0.1428922 0.1432562 0.1333737 0.1779013 0.1529977 0.0633718 0.0618755 0.0595033 0.1547684 0.0988025 0.1432510 0.1440818 0.1189937 0.1089594 0.0522967 0.0278072 0.0900046 0.0407023 0.0407023 0.0521529 0.1505546 0.0510536 0.0510536 0.0530802 0.0432827 0.0265231 0.0269763 0.0265669 0.0492483 0.0500487 0.0534351 0.0507889 0.0510536 0.0423820 0.0411154 0.1136404 0.0405944 0.0410466 0.0719972 0.0675528 0.0435110 0.0416384 0.0040397 0.0388506 9.0000000 0.1127516 0.0426990 0.1186959 0.0416503 0.0387202 0.0401638 0.0404555 0.1190730 0.0505844 0.0000000 0.0407077 0.0355516 0.0382123 0.1074563 0.0453831 0.0643282 
Lycodon_subcinctus_5016          0.1444153 0.1452552 0.1625467 0.1725143 0.1730431 0.0607215 0.0795287 0.0673169 0.0885700 0.0877608 0.1423164 0.1584454 0.1403042 0.1362743 0.0412939 0.0560398 0.1135091 0.0522048 0.0520741 0.0610074 0.0860834 0.0599229 0.0599229 0.0594057 0.0528590 0.0529101 0.0534014 0.0527459 0.0586517 0.0577530 0.0470442 0.0586624 0.0598883 0.0514243 0.0558206 0.0813582 0.0561104 0.0550738 0.1453597 0.1404511 0.0867739 0.0732437 0.0589810 0.0538777 0.0728723 0.0774454 0.0546529 0.0792966 0.0547482 0.0731996 0.0508265 0.0511449 0.0736351 0.0556308 0.0407077 0.0000000 0.0157207 0.0142068 0.0213976 0.0625082 0.0709097 
Lycodon_subcinctus_DSM1449L      0.1197719 0.1227788 0.1512169 0.1638881 0.1643538 0.0586166 0.0554800 0.0462034 0.0591238 0.0514965 0.1233648 0.1175741 0.1307459 0.1171641 0.0382072 0.0402200 0.1165242 0.0356163 0.0351063 0.0428069 0.0597048 0.0396893 0.0396893 0.0407952 0.0350333 0.0304353 0.0302513 0.0298499 0.0407524 0.0393042 0.0394042 0.0416093 0.0396632 0.0346920 0.0374307 0.0573262 0.0377395 0.0362514 0.1176871 0.1157311 0.0590362 0.0432055 0.0100788 0.0345052 0.0240613 0.0539749 0.0377071 0.0568928 0.0362741 0.0448346 0.0343569 0.0342714 0.0532005 0.0380663 0.0355516 0.0157207 0.0000000 0.0153916 0.0229770 0.0545465 0.0610285 
Lycodon_subcinctus_RMB3097       0.1458231 0.1419172 0.1586056 0.1755675 0.1891500 0.0569599 0.0725732 0.0687457 0.0850759 0.0855907 0.1568331 0.1499016 0.1445726 0.1460325 0.0412070 0.0548128 0.1090627 0.0518206 0.0517012 0.0630298 0.0886075 0.0612733 0.0612733 0.0599999 0.0533895 0.0538692 0.0533867 0.0527267 0.0590366 0.0595731 0.0511036 0.0596938 0.0612375 0.0507825 0.0540921 0.0785225 0.0543791 0.0578876 0.1366694 0.1337767 0.0894119 0.0769791 0.0591554 0.0558788 0.0722964 0.0731088 0.0519133 0.0746898 0.0526873 0.0716894 0.0504579 0.0507747 0.0731653 0.0558048 0.0382123 0.0142068 0.0153916 0.0000000 0.0015118 0.0624192 0.0676618 
Lycodon_subcinctus_RMB7585       0.1407620 0.1369514 0.1532159 0.1742774 0.1873662 0.0897562 0.1049551 0.1003829 0.0853968 0.0843878 0.1559534 0.1490959 0.1435947 0.1450564 0.0640509 0.1020369 0.1058721 0.0743134 0.0731021 0.0886538 0.0857845 0.0857845 0.0857845 0.0832119 0.0753886 0.0835117 0.0817311 0.0807546 0.0822411 0.0826194 0.0725963 0.0825752 0.0857097 0.0711526 0.0769859 0.0775189 0.0774513 0.0822692 0.1318207 0.1367225 0.1877719 0.1456266 0.1711366 0.0819663 0.0692612 0.0726530 0.0745202 0.0731570 0.0751364 0.1316657 0.0706148 0.0712896 0.0710789 0.0805543 0.1074563 0.0213976 0.0229770 0.0015118 0.0000000 0.1289876 0.1805955 
Lycodon_zawi_239944              0.1939805 0.1939815 0.0081015 0.1915853 0.1821865 0.0748898 0.0828038 0.0948327 0.2112281 0.1607201 0.1902915 0.1792685 0.1798230 0.1844015 0.0677479 0.0622476 0.1373683 0.0682410 0.0682410 0.0429054 0.0778407 0.0390290 0.0390290 0.0456532 0.0661073 0.0729668 0.0721940 0.0705813 0.0428297 0.0428974 0.0431443 0.0432823 0.0390290 0.0677070 0.0751019 0.1674284 0.0745904 0.0703652 0.1298355 0.1337852 0.0493830 0.0588374 0.0322893 0.0571829 0.1496671 0.1580149 0.0723187 0.1525352 0.0735454 0.0644008 0.0677296 0.0672982 0.1491334 0.0798607 0.0453831 0.0625082 0.0545465 0.0624192 0.1289876 0.0000000 0.0797875 
Oligodon_maculatus_RMB11713      0.2013943 0.1991251 0.2383426 0.2252286 0.2221434 0.0850252 0.0850389 0.0834123 0.1875620 0.1700083 0.1795418 0.1713898 0.1995344 0.2034393 0.0665960 0.0698965 0.2028634 0.0729490 0.0729490 0.0810281 0.2270116 0.0782289 0.0782289 0.0836934 0.0782700 0.0746590 0.0774401 0.0774121 0.0817785 0.0819535 0.0770310 0.0830221 0.0782289 0.0732198 0.0741283 0.2219667 0.0735156 0.0694560 0.2259768 0.2273230 0.0819958 0.0681662 0.0160953 0.0681981 0.0923976 0.2146470 0.0721765 0.2083360 0.0728429 0.0639737 0.0723037 0.0716895 0.2210289 0.0744659 0.0643282 0.0709097 0.0610285 0.0676618 0.1805955 0.0797875 0.0000000 
