35
Burramyidae_Burramys_parvus                  0.0000000 0.0846332 0.0479589 0.0454214 0.0446406 0.0723931 0.0450162 0.0481603 0.0467878 0.0814644 0.0463546 0.0728929 0.0852300 0.0455755 0.0522465 0.0722922 0.0738302 0.0790710 0.0771123 0.0435575 0.0669710 0.0874409 0.0907142 0.0745965 0.0468442 0.0555181 0.0517337 0.0425535 0.0524746 0.0790334 0.0533850 0.0476307 0.0802459 0.0728716 0.0809150 
Notoryctidae_Notoryctes_typhlops             0.0846332 0.0000000 0.1078106 0.1064550 0.1016041 0.1192794 0.1051810 0.1076282 0.1117283 0.1389427 0.1069365 0.1181403 0.1265386 0.1050519 0.1212897 0.1152590 0.1187425 0.0971943 0.1158635 0.1010850 0.1099073 0.1456358 0.1300752 0.1187272 0.1106771 0.1146594 0.1027624 0.0986250 0.1085745 0.1200116 0.1077716 0.1062500 0.1178063 0.1186546 0.1383727 
Vombatidae_Lasiorhinus_latifrons             0.0479589 0.1078106 0.0000000 0.0568644 0.0565031 0.0822854 0.0567530 0.0572483 0.0603137 0.1211586 0.0567878 0.0822149 0.0904972 0.0572336 0.0582699 0.0862128 0.0806018 0.0726839 0.0996146 0.0550704 0.0733655 0.0978365 0.0978979 0.0836740 0.0510065 0.0670831 0.0569142 0.0527599 0.0607190 0.0841305 0.0608065 0.0588058 0.0994363 0.0810459 0.1101578 
Potoroidae_Bettongia_penicillata             0.0454214 0.1064550 0.0568644 0.0000000 0.0073274 0.0837220 0.0530146 0.0498323 0.0209296 0.1273837 0.0497997 0.0819615 0.0917184 0.0501911 0.0631258 0.0859608 0.0846062 0.0747009 0.1092848 0.0211844 0.0682090 0.1034578 0.1000303 0.0855529 0.0313554 0.0689101 0.0534020 0.0200180 0.0627814 0.0781804 0.0559267 0.0517607 0.1062942 0.0832550 0.1157377 
Potoroidae_Bettongia_lesueur                 0.0446406 0.1016041 0.0565031 0.0073274 0.0000000 0.0817582 0.0513593 0.0488093 0.0218886 0.1269178 0.0477518 0.0806108 0.0912454 0.0485539 0.0644506 0.0842311 0.0819082 0.0760342 0.1088995 0.0196766 0.0674731 0.1011099 0.0963714 0.0836659 0.0320666 0.0705489 0.0524304 0.0184982 0.0632503 0.0774704 0.0539335 0.0500962 0.1071712 0.0812964 0.1150301 
Dasyuridae_Dasyurus_maculatus                0.0723931 0.1192794 0.0822854 0.0837220 0.0817582 0.0000000 0.0813591 0.0769964 0.0932763 0.1462623 0.0775508 0.0222362 0.0387411 0.0782019 0.0881729 0.0256854 0.0078579 0.0310572 0.1221035 0.0799179 0.0955755 0.1184576 0.1072915 0.0251914 0.0846081 0.0947592 0.0793804 0.0794898 0.0850950 0.1037406 0.0869047 0.0783923 0.1206322 0.0073079 0.1352213 
Phalangeridae_Trichosurus_vulpecula          0.0450162 0.1051810 0.0567530 0.0530146 0.0513593 0.0813591 0.0000000 0.0180717 0.0610097 0.1214226 0.0184882 0.0812021 0.0937393 0.0204627 0.0619880 0.0844747 0.0811443 0.0747452 0.1049710 0.0503968 0.0641951 0.1012511 0.0893655 0.0822396 0.0542821 0.0730608 0.0480418 0.0477394 0.0583694 0.0768808 0.0546410 0.0210166 0.1038101 0.0805124 0.1104869 
Phalangeridae_Spilocuscus_maculatus          0.0481603 0.1076282 0.0572483 0.0498323 0.0488093 0.0769964 0.0180717 0.0000000 0.0610355 0.1268494 0.0075883 0.0776534 0.0921881 0.0081634 0.0641929 0.0816051 0.0775155 0.0714086 0.1091379 0.0468761 0.0661758 0.1020303 0.0906746 0.0798049 0.0536845 0.0706039 0.0473445 0.0465318 0.0591839 0.0775916 0.0536929 0.0087138 0.1077588 0.0765477 0.1157801 
Potoroidae_Aepyprymnus_rufescens             0.0467878 0.1117283 0.0603137 0.0209296 0.0218886 0.0932763 0.0610097 0.0610355 0.0000000 0.1208916 0.0599838 0.0901297 0.1002354 0.0607844 0.0580161 0.0935562 0.0922864 0.0746899 0.0996687 0.0291242 0.0786942 0.1173768 0.1077697 0.0925092 0.0341776 0.0768262 0.0621466 0.0285479 0.0682937 0.0844548 0.0625576 0.0623767 0.0978561 0.0919457 0.1105097 
Peramelidae_Perameles_nasuta                 0.0814644 0.1389427 0.1211586 0.1273837 0.1269178 0.1462623 0.1214226 0.1268494 0.1208916 0.0000000 0.1269475 0.1429974 0.1571324 0.1257226 0.1335612 0.1472280 0.1483819 0.0903571 0.0591102 0.1234436 0.1364896 0.1611843 0.1472346 0.1452996 0.1174789 0.1140772 0.1215702 0.1217070 0.1257235 0.1491583 0.1312351 0.1266805 0.0528630 0.1471163 0.0105154 
Phalangeridae_Strigocuscus_pelengensis       0.0463546 0.1069365 0.0567878 0.0497997 0.0477518 0.0775508 0.0184882 0.0075883 0.0599838 0.1269475 0.0000000 0.0781965 0.0929429 0.0084698 0.0652794 0.0807894 0.0780906 0.0721187 0.1077843 0.0459756 0.0661008 0.1053500 0.0911316 0.0797603 0.0543471 0.0717097 0.0480495 0.0453382 0.0607014 0.0782492 0.0539224 0.0087621 0.1068205 0.0774578 0.1157842 
Dasyuridae_Phascogale_tapoatafa              0.0728929 0.1181403 0.0822149 0.0819615 0.0806108 0.0222362 0.0812021 0.0776534 0.0901297 0.1429974 0.0781965 0.0000000 0.0348024 0.0788607 0.0886042 0.0081679 0.0192099 0.0277021 0.1239869 0.0796322 0.0975941 0.1163010 0.1058767 0.0143126 0.0850640 0.0904587 0.0793122 0.0792043 0.0869116 0.1000757 0.0855034 0.0797750 0.1210426 0.0183563 0.1315625 
Dasyuridae_Sminthopsis_macroura              0.0852300 0.1265386 0.0904972 0.0917184 0.0912454 0.0387411 0.0937393 0.0921881 0.1002354 0.1571324 0.0929429 0.0348024 0.0000000 0.0911989 0.0956148 0.0327918 0.0364075 0.0342955 0.1284871 0.0923760 0.1092247 0.1261778 0.1186525 0.0415665 0.0937129 0.1055367 0.0902608 0.0911588 0.0959361 0.1124901 0.0978526 0.0917702 0.1274945 0.0371152 0.1449746 
Phalangeridae_Phalanger_orientalis           0.0455755 0.1050519 0.0572336 0.0501911 0.0485539 0.0782019 0.0204627 0.0081634 0.0607844 0.1257226 0.0084698 0.0788607 0.0911989 0.0000000 0.0638668 0.0824880 0.0772746 0.0738938 0.1072752 0.0472181 0.0658236 0.1039883 0.0919089 0.0805469 0.0534173 0.0701332 0.0469516 0.0468853 0.0605436 0.0752437 0.0530917 0.0025050 0.1065282 0.0770271 0.1151060 
Acrobatidae_Acrobates_pygmaeus               0.0522465 0.1212897 0.0582699 0.0631258 0.0644506 0.0881729 0.0619880 0.0641929 0.0580161 0.1335612 0.0652794 0.0886042 0.0956148 0.0638668 0.0000000 0.0920816 0.0877834 0.0740258 0.1010338 0.0626213 0.0701139 0.1137313 0.1048903 0.0894923 0.0572968 0.0772946 0.0537533 0.0607683 0.0617996 0.0844545 0.0415084 0.0640853 0.0996269 0.0877485 0.1231237 
Dasyuridae_Phascogale_calura                 0.0722922 0.1152590 0.0862128 0.0859608 0.0842311 0.0256854 0.0844747 0.0816051 0.0935562 0.1472280 0.0807894 0.0081679 0.0327918 0.0824880 0.0920816 0.0000000 0.0228960 0.0280463 0.1227370 0.0832453 0.0974206 0.1240784 0.1103282 0.0176375 0.0872561 0.0940143 0.0833908 0.0825031 0.0873401 0.1061803 0.0891912 0.0834068 0.1226176 0.0214464 0.1337703 
Dasyuridae_Sarcophilus_harrisii              0.0738302 0.1187425 0.0806018 0.0846062 0.0819082 0.0078579 0.0811443 0.0775155 0.0922864 0.1483819 0.0780906 0.0192099 0.0364075 0.0772746 0.0877834 0.0228960 0.0000000 0.0299454 0.1239217 0.0808014 0.0950841 0.1181692 0.1070475 0.0230103 0.0836447 0.0905363 0.0788222 0.0796442 0.0848674 0.1026645 0.0870672 0.0774661 0.1227001 0.0058776 0.1373235 
Dasyuridae_Planigale_tenuirostris            0.0790710 0.0971943 0.0726839 0.0747009 0.0760342 0.0310572 0.0747452 0.0714086 0.0746899 0.0903571 0.0721187 0.0277021 0.0342955 0.0738938 0.0740258 0.0280463 0.0299454 0.0000000 0.0900175 0.0735312 0.0883847 0.0948603 0.0948497 0.0299077 0.0710521 0.0701341 0.0731116 0.0738313 0.0724905 0.0866183 0.0787968 0.0738304 0.0876754 0.0295895 0.0893981 
Peramelidae_Echymipera_kalubu                0.0771123 0.1158635 0.0996146 0.1092848 0.1088995 0.1221035 0.1049710 0.1091379 0.0996687 0.0591102 0.1077843 0.1239869 0.1284871 0.1072752 0.1010338 0.1227370 0.1239217 0.0900175 0.0000000 0.1050434 0.1107188 0.1325194 0.1273185 0.1235430 0.1008807 0.1133232 0.1041276 0.1022703 0.1034404 0.1313741 0.1100758 0.1082230 0.0109741 0.1235997 0.0516887 
Macropodidae_Dorcopsulus_vanheurni           0.0435575 0.1010850 0.0550704 0.0211844 0.0196766 0.0799179 0.0503968 0.0468761 0.0291242 0.1234436 0.0459756 0.0796322 0.0923760 0.0472181 0.0626213 0.0832453 0.0808014 0.0735312 0.1050434 0.0000000 0.0640240 0.0988905 0.0961092 0.0813097 0.0317371 0.0703831 0.0490836 0.0093504 0.0615190 0.0764918 0.0525721 0.0484729 0.1044788 0.0801899 0.1122910 
Pseudochiridae_Pseudochirulus_forbesi        0.0669710 0.1099073 0.0733655 0.0682090 0.0674731 0.0955755 0.0641951 0.0661758 0.0786942 0.1364896 0.0661008 0.0975941 0.1092247 0.0658236 0.0701139 0.0974206 0.0950841 0.0883847 0.1107188 0.0640240 0.0000000 0.0990080 0.1017732 0.0976339 0.0705577 0.0817787 0.0383832 0.0632263 0.0322163 0.0897302 0.0615956 0.0659990 0.1105097 0.0959802 0.1248124 
Didelphidae_Didelphis_virginiana             0.0874409 0.1456358 0.0978365 0.1034578 0.1011099 0.1184576 0.1012511 0.1020303 0.1173768 0.1611843 0.1053500 0.1163010 0.1261778 0.1039883 0.1137313 0.1240784 0.1181692 0.0948603 0.1325194 0.0988905 0.0990080 0.0000000 0.0401811 0.1177118 0.1027527 0.1040528 0.0889697 0.0973365 0.1075372 0.1313534 0.1031590 0.1036809 0.1288789 0.1184868 0.1482640 
Marmosidae_Monodelphis_domestica             0.0907142 0.1300752 0.0978979 0.1000303 0.0963714 0.1072915 0.0893655 0.0906746 0.1077697 0.1472346 0.0911316 0.1058767 0.1186525 0.0919089 0.1048903 0.1103282 0.1070475 0.0948497 0.1273185 0.0961092 0.1017732 0.0401811 0.0000000 0.1111041 0.0981697 0.0886682 0.0871812 0.0934772 0.0990071 0.1169445 0.0995971 0.0916766 0.1269620 0.1063874 0.1388167 
Dasyuridae_Antechinus_stuartii               0.0745965 0.1187272 0.0836740 0.0855529 0.0836659 0.0251914 0.0822396 0.0798049 0.0925092 0.1452996 0.0797603 0.0143126 0.0415665 0.0805469 0.0894923 0.0176375 0.0230103 0.0299077 0.1235430 0.0813097 0.0976339 0.1177118 0.1111041 0.0000000 0.0842439 0.0951348 0.0816235 0.0812704 0.0882267 0.1061891 0.0870732 0.0815071 0.1221659 0.0224581 0.1338095 
Hypsiprymnodontidae_Hypsiprymnodon_moschatus 0.0468442 0.1106771 0.0510065 0.0313554 0.0320666 0.0846081 0.0542821 0.0536845 0.0341776 0.1174789 0.0543471 0.0850640 0.0937129 0.0534173 0.0572968 0.0872561 0.0836447 0.0710521 0.1008807 0.0317371 0.0705577 0.1027527 0.0981697 0.0842439 0.0000000 0.0680061 0.0554028 0.0299135 0.0591827 0.0811169 0.0581422 0.0553260 0.0991993 0.0837473 0.1056148 
Microbiotheriidae_Dromiciops_gliroides       0.0555181 0.1146594 0.0670831 0.0689101 0.0705489 0.0947592 0.0730608 0.0706039 0.0768262 0.1140772 0.0717097 0.0904587 0.1055367 0.0701332 0.0772946 0.0940143 0.0905363 0.0701341 0.1133232 0.0703831 0.0817787 0.1040528 0.0886682 0.0951348 0.0680061 0.0000000 0.0677371 0.0687449 0.0737422 0.1037644 0.0743061 0.0711739 0.1092593 0.0917202 0.1166721 
Pseudochiridae_Petauroides_volans            0.0517337 0.1027624 0.0569142 0.0534020 0.0524304 0.0793804 0.0480418 0.0473445 0.0621466 0.1215702 0.0480495 0.0793122 0.0902608 0.0469516 0.0537533 0.0833908 0.0788222 0.0731116 0.1041276 0.0490836 0.0383832 0.0889697 0.0871812 0.0816235 0.0554028 0.0677371 0.0000000 0.0483281 0.0359878 0.0689357 0.0504976 0.0472060 0.1030407 0.0778381 0.1127570 
Macropodidae_Wallabia_bicolor                0.0425535 0.0986250 0.0527599 0.0200180 0.0184982 0.0794898 0.0477394 0.0465318 0.0285479 0.1217070 0.0453382 0.0792043 0.0911588 0.0468853 0.0607683 0.0825031 0.0796442 0.0738313 0.1022703 0.0093504 0.0632263 0.0973365 0.0934772 0.0812704 0.0299135 0.0687449 0.0483281 0.0000000 0.0604047 0.0745762 0.0505290 0.0484443 0.1025167 0.0790337 0.1112807 
Pseudochiridae_Pseudocheirus_occidentalis    0.0524746 0.1085745 0.0607190 0.0627814 0.0632503 0.0850950 0.0583694 0.0591839 0.0682937 0.1257235 0.0607014 0.0869116 0.0959361 0.0605436 0.0617996 0.0873401 0.0848674 0.0724905 0.1034404 0.0615190 0.0322163 0.1075372 0.0990071 0.0882267 0.0591827 0.0737422 0.0359878 0.0604047 0.0000000 0.0818234 0.0559756 0.0614164 0.1031437 0.0849722 0.1150762 
Tarsipedidae_Tarsipes_rostratus              0.0790334 0.1200116 0.0841305 0.0781804 0.0774704 0.1037406 0.0768808 0.0775916 0.0844548 0.1491583 0.0782492 0.1000757 0.1124901 0.0752437 0.0844545 0.1061803 0.1026645 0.0866183 0.1313741 0.0764918 0.0897302 0.1313534 0.1169445 0.1061891 0.0811169 0.1037644 0.0689357 0.0745762 0.0818234 0.0000000 0.0727856 0.0762945 0.1272443 0.0996188 0.1410457 
Acrobatidae_Distoechurus_pennatus            0.0533850 0.1077716 0.0608065 0.0559267 0.0539335 0.0869047 0.0546410 0.0536929 0.0625576 0.1312351 0.0539224 0.0855034 0.0978526 0.0530917 0.0415084 0.0891912 0.0870672 0.0787968 0.1100758 0.0525721 0.0615956 0.1031590 0.0995971 0.0870732 0.0581422 0.0743061 0.0504976 0.0505290 0.0559756 0.0727856 0.0000000 0.0539551 0.1100051 0.0860352 0.1208053 
Phalangeridae_Phalanger_carmelitae           0.0476307 0.1062500 0.0588058 0.0517607 0.0500962 0.0783923 0.0210166 0.0087138 0.0623767 0.1266805 0.0087621 0.0797750 0.0917702 0.0025050 0.0640853 0.0834068 0.0774661 0.0738304 0.1082230 0.0484729 0.0659990 0.1036809 0.0916766 0.0815071 0.0553260 0.0711739 0.0472060 0.0484443 0.0614164 0.0762945 0.0539551 0.0000000 0.1075934 0.0772192 0.1160758 
Peramelidae_Peroryctes_raffrayana            0.0802459 0.1178063 0.0994363 0.1062942 0.1071712 0.1206322 0.1038101 0.1077588 0.0978561 0.0528630 0.1068205 0.1210426 0.1274945 0.1065282 0.0996269 0.1226176 0.1227001 0.0876754 0.0109741 0.1044788 0.1105097 0.1288789 0.1269620 0.1221659 0.0991993 0.1092593 0.1030407 0.1025167 0.1031437 0.1272443 0.1100051 0.1075934 0.0000000 0.1223752 0.0440737 
Dasyuridae_Dasyurus_geffroii                 0.0728716 0.1186546 0.0810459 0.0832550 0.0812964 0.0073079 0.0805124 0.0765477 0.0919457 0.1471163 0.0774578 0.0183563 0.0371152 0.0770271 0.0877485 0.0214464 0.0058776 0.0295895 0.1235997 0.0801899 0.0959802 0.1184868 0.1063874 0.0224581 0.0837473 0.0917202 0.0778381 0.0790337 0.0849722 0.0996188 0.0860352 0.0772192 0.1223752 0.0000000 0.1349295 
Peramelidae_Perameles_gunnii                 0.0809150 0.1383727 0.1101578 0.1157377 0.1150301 0.1352213 0.1104869 0.1157801 0.1105097 0.0105154 0.1157842 0.1315625 0.1449746 0.1151060 0.1231237 0.1337703 0.1373235 0.0893981 0.0516887 0.1122910 0.1248124 0.1482640 0.1388167 0.1338095 0.1056148 0.1166721 0.1127570 0.1112807 0.1150762 0.1410457 0.1208053 0.1160758 0.0440737 0.1349295 0.0000000 
