35
Burramyidae_Burramys_parvus                  0.0000000 0.0938019 0.1140617 0.0931237 0.0926787 0.1461734 0.0593488 0.0528397 0.0893566 0.1263952 0.0626837 0.1433863 0.1514508 0.0576354 0.1003038 0.1440058 0.1490198 0.1129703 0.1502620 0.0980890 0.1020174 0.1614082 0.1897114 0.1443287 0.0962672 0.1214263 0.0988939 0.0934736 0.0985424 0.1349269 0.0989687 0.0795002 0.1498933 0.1464318 0.1354524 
Notoryctidae_Notoryctes_typhlops             0.0938019 0.0000000 0.1347586 0.1160389 0.1120638 0.1527304 0.1142569 0.0967304 0.1131327 0.1421669 0.1107341 0.1453247 0.1558685 0.0980311 0.1375847 0.1476332 0.1571622 0.1317443 0.1614233 0.1177179 0.1260161 0.1956949 0.1810414 0.1452195 0.1147909 0.1318239 0.1251896 0.1140807 0.1205347 0.1687167 0.1336827 0.1087881 0.1552396 0.1509474 0.1437835 
Vombatidae_Lasiorhinus_latifrons             0.1140617 0.1347586 0.0000000 0.0920888 0.0894065 0.1397895 0.1285365 0.1004615 0.0933399 0.1739808 0.0764334 0.1390349 0.1360076 0.1062070 0.0916442 0.1389851 0.1480661 0.1151238 0.1404400 0.0885113 0.0977338 0.2334772 0.1750480 0.1422318 0.0850152 0.1022379 0.0928266 0.0869769 0.0925604 0.1357243 0.0897532 0.0718856 0.1362377 0.1437141 0.1742320 
Potoroidae_Bettongia_penicillata             0.0931237 0.1160389 0.0920888 0.0000000 0.0024576 0.1419982 0.1108814 0.0811805 0.0066578 0.1645606 0.0689376 0.1395844 0.1418861 0.0835818 0.0806496 0.1395291 0.1499673 0.1059283 0.1276585 0.0180245 0.0809429 0.2109637 0.1654267 0.1428301 0.0335363 0.1123026 0.0804850 0.0180940 0.0768520 0.1194060 0.0822256 0.0671678 0.1341270 0.1470182 0.1641457 
Potoroidae_Bettongia_lesueur                 0.0926787 0.1120638 0.0894065 0.0024576 0.0000000 0.1428179 0.1094709 0.0794779 0.0061348 0.1628876 0.0675429 0.1404033 0.1412795 0.0818649 0.0784737 0.1403464 0.1498623 0.1059283 0.1270353 0.0178107 0.0800911 0.2099695 0.1635604 0.1435958 0.0322376 0.1104080 0.0779819 0.0170419 0.0756602 0.1191044 0.0805435 0.0646381 0.1335002 0.1478052 0.1624929 
Dasyuridae_Dasyurus_maculatus                0.1461734 0.1527304 0.1397895 0.1419982 0.1428179 0.0000000 0.1649707 0.1347138 0.1463180 0.1965177 0.1167397 0.0141398 0.0249395 0.1407920 0.1324471 0.0141977 0.0047260 0.0223874 0.1614367 0.1424562 0.1337853 0.2467515 0.1954783 0.0144266 0.1424618 0.1260641 0.1322724 0.1419576 0.1310514 0.1733003 0.1382512 0.1176587 0.1591492 0.0031994 0.1958370 
Phalangeridae_Trichosurus_vulpecula          0.0593488 0.1142569 0.1285365 0.1108814 0.1094709 0.1649707 0.0000000 0.0321372 0.1071966 0.1432412 0.0440415 0.1592395 0.1652365 0.0427579 0.1173612 0.1581091 0.1708116 0.1223733 0.1631112 0.1149358 0.1182611 0.1820699 0.2181863 0.1606848 0.1069433 0.1369103 0.1100492 0.1098012 0.1142348 0.1565137 0.1133424 0.0687362 0.1656890 0.1669536 0.1506019 
Phalangeridae_Spilocuscus_maculatus          0.0528397 0.0967304 0.1004615 0.0811805 0.0794779 0.1347138 0.0321372 0.0000000 0.0796207 0.1376439 0.0143365 0.1302431 0.1335721 0.0126384 0.0851311 0.1306518 0.1399310 0.1046742 0.1390563 0.0860955 0.0916313 0.1774708 0.1746884 0.1311213 0.0833674 0.1134482 0.0884396 0.0825834 0.0893254 0.1295483 0.0863580 0.0236108 0.1394278 0.1344582 0.1385457 
Potoroidae_Aepyprymnus_rufescens             0.0893566 0.1131327 0.0933399 0.0066578 0.0061348 0.1463180 0.1071966 0.0796207 0.0000000 0.1562829 0.0680798 0.1427378 0.1432371 0.0819528 0.0846380 0.1431584 0.1509314 0.1067163 0.1239115 0.0180495 0.0835707 0.2106269 0.1683395 0.1441402 0.0346975 0.1102264 0.0811441 0.0178950 0.0794127 0.1168285 0.0810629 0.0667845 0.1322950 0.1502186 0.1587144 
Peramelidae_Perameles_nasuta                 0.1263952 0.1421669 0.1739808 0.1645606 0.1628876 0.1965177 0.1432412 0.1376439 0.1562829 0.0000000 0.1400915 0.1854600 0.1927690 0.1477463 0.1827211 0.1887877 0.1976610 0.1472635 0.0263234 0.1599044 0.1765919 0.2103667 0.2324961 0.1881943 0.1668324 0.1790260 0.1696232 0.1600283 0.1743562 0.2077187 0.1804516 0.1607836 0.0241849 0.1957175 0.0024735 
Phalangeridae_Strigocuscus_pelengensis       0.0626837 0.1107341 0.0764334 0.0689376 0.0675429 0.1167397 0.0440415 0.0143365 0.0680798 0.1400915 0.0000000 0.1104080 0.1110510 0.0209919 0.0617290 0.1090979 0.1197859 0.1061505 0.1297052 0.0697380 0.0717163 0.1865853 0.1585447 0.1095607 0.0686180 0.0916554 0.0675242 0.0672089 0.0716876 0.1106357 0.0663233 0.0145463 0.1306946 0.1174320 0.1395500 
Dasyuridae_Phascogale_tapoatafa              0.1433863 0.1453247 0.1390349 0.1395844 0.1404033 0.0141398 0.1592395 0.1302431 0.1427378 0.1854600 0.1104080 0.0000000 0.0232802 0.1361402 0.1299885 0.0023432 0.0172690 0.0222944 0.1519273 0.1373827 0.1316377 0.2456338 0.1937601 0.0070306 0.1365667 0.1233009 0.1285170 0.1358740 0.1317732 0.1743417 0.1372434 0.1141946 0.1530689 0.0161957 0.1852838 
Dasyuridae_Sminthopsis_macroura              0.1514508 0.1558685 0.1360076 0.1418861 0.1412795 0.0249395 0.1652365 0.1335721 0.1432371 0.1927690 0.1110510 0.0232802 0.0000000 0.1391148 0.1309017 0.0237387 0.0269564 0.0128918 0.1617934 0.1389300 0.1308288 0.2444904 0.2028881 0.0226150 0.1374693 0.1264192 0.1293336 0.1374846 0.1265230 0.1727614 0.1371709 0.1150974 0.1551761 0.0275748 0.1920782 
Phalangeridae_Phalanger_orientalis           0.0576354 0.0980311 0.1062070 0.0835818 0.0818649 0.1407920 0.0427579 0.0126384 0.0819528 0.1477463 0.0209919 0.1361402 0.1391148 0.0000000 0.0915458 0.1365398 0.1460868 0.1130016 0.1445113 0.0888232 0.0996141 0.1845103 0.1876205 0.1364834 0.0850812 0.1201714 0.0942757 0.0849001 0.0977118 0.1397879 0.0932099 0.0193317 0.1448422 0.1441042 0.1478302 
Acrobatidae_Acrobates_pygmaeus               0.1003038 0.1375847 0.0916442 0.0806496 0.0784737 0.1324471 0.1173612 0.0851311 0.0846380 0.1827211 0.0617290 0.1299885 0.1309017 0.0915458 0.0000000 0.1291350 0.1392259 0.1134225 0.1446748 0.0797480 0.0549092 0.2266748 0.1664390 0.1281944 0.0729175 0.0966455 0.0516384 0.0748241 0.0521224 0.0979829 0.0223677 0.0531813 0.1393144 0.1346552 0.1829702 
Dasyuridae_Phascogale_calura                 0.1440058 0.1476332 0.1389851 0.1395291 0.1403464 0.0141977 0.1581091 0.1306518 0.1431584 0.1887877 0.1090979 0.0023432 0.0237387 0.1365398 0.1291350 0.0000000 0.0172912 0.0220253 0.1535840 0.1383359 0.1314325 0.2464692 0.1929646 0.0071156 0.1374913 0.1226303 0.1299743 0.1377341 0.1315559 0.1731801 0.1376745 0.1146293 0.1544129 0.0168634 0.1886240 
Dasyuridae_Sarcophilus_harrisii              0.1490198 0.1571622 0.1480661 0.1499673 0.1498623 0.0047260 0.1708116 0.1399310 0.1509314 0.1976610 0.1197859 0.0172690 0.0269564 0.1460868 0.1392259 0.0172912 0.0000000 0.0237755 0.1642534 0.1472679 0.1414330 0.2472824 0.1979638 0.0163698 0.1484426 0.1307111 0.1375247 0.1477273 0.1363806 0.1752598 0.1420164 0.1222224 0.1642545 0.0054133 0.1976091 
Dasyuridae_Planigale_tenuirostris            0.1129703 0.1317443 0.1151238 0.1059283 0.1059283 0.0223874 0.1223733 0.1046742 0.1067163 0.1472635 0.1061505 0.0222944 0.0128918 0.1130016 0.1134225 0.0220253 0.0237755 0.0000000 0.1366273 0.1083327 0.1134685 0.1970942 0.1643280 0.0192351 0.1126166 0.1089218 0.1123556 0.1071618 0.1128517 0.1411316 0.1213811 0.0978354 0.1351719 0.0233885 0.1479552 
Peramelidae_Echymipera_kalubu                0.1502620 0.1614233 0.1404400 0.1276585 0.1270353 0.1614367 0.1631112 0.1390563 0.1239115 0.0263234 0.1297052 0.1519273 0.1617934 0.1445113 0.1446748 0.1535840 0.1642534 0.1366273 0.0000000 0.1251402 0.1390399 0.2420767 0.1952767 0.1579089 0.1311314 0.1415360 0.1311809 0.1239352 0.1381491 0.1745629 0.1425876 0.1178313 0.0122559 0.1611035 0.0252555 
Macropodidae_Dorcopsulus_vanheurni           0.0980890 0.1177179 0.0885113 0.0180245 0.0178107 0.1424562 0.1149358 0.0860955 0.0180495 0.1599044 0.0697380 0.1373827 0.1389300 0.0888232 0.0797480 0.1383359 0.1472679 0.1083327 0.1251402 0.0000000 0.0825161 0.2142214 0.1616015 0.1392230 0.0287706 0.1045677 0.0788965 0.0065415 0.0756286 0.1298431 0.0785821 0.0619094 0.1269709 0.1455818 0.1594580 
Pseudochiridae_Pseudochirulus_forbesi        0.1020174 0.1260161 0.0977338 0.0809429 0.0800911 0.1337853 0.1182611 0.0916313 0.0835707 0.1765919 0.0717163 0.1316377 0.1308288 0.0996141 0.0549092 0.1314325 0.1414330 0.1134685 0.1390399 0.0825161 0.0000000 0.2153105 0.1609902 0.1305103 0.0835939 0.0927162 0.0245284 0.0774765 0.0113672 0.0926140 0.0551419 0.0621204 0.1333406 0.1380986 0.1773513 
Didelphidae_Didelphis_virginiana             0.1614082 0.1956949 0.2334772 0.2109637 0.2099695 0.2467515 0.1820699 0.1774708 0.2106269 0.2103667 0.1865853 0.2456338 0.2444904 0.1845103 0.2266748 0.2464692 0.2472824 0.1970942 0.2420767 0.2142214 0.2153105 0.0000000 0.1031036 0.2485738 0.2119102 0.2062827 0.2179964 0.2110247 0.2069493 0.2500021 0.2151026 0.2023411 0.2442691 0.2434936 0.2249382 
Marmosidae_Monodelphis_domestica             0.1897114 0.1810414 0.1750480 0.1654267 0.1635604 0.1954783 0.2181863 0.1746884 0.1683395 0.2324961 0.1585447 0.1937601 0.2028881 0.1876205 0.1664390 0.1929646 0.1979638 0.1643280 0.1952767 0.1616015 0.1609902 0.1031036 0.0000000 0.1984826 0.1578724 0.1516316 0.1669468 0.1560270 0.1589872 0.2081491 0.1577424 0.1496793 0.1950250 0.2014759 0.2322371 
Dasyuridae_Antechinus_stuartii               0.1443287 0.1452195 0.1422318 0.1428301 0.1435958 0.0144266 0.1606848 0.1311213 0.1441402 0.1881943 0.1095607 0.0070306 0.0226150 0.1364834 0.1281944 0.0071156 0.0163698 0.0192351 0.1579089 0.1392230 0.1305103 0.2485738 0.1984826 0.0000000 0.1374007 0.1254492 0.1250943 0.1381723 0.1291606 0.1677171 0.1364066 0.1148672 0.1567617 0.0161023 0.1876195 
Hypsiprymnodontidae_Hypsiprymnodon_moschatus 0.0962672 0.1147909 0.0850152 0.0335363 0.0322376 0.1424618 0.1069433 0.0833674 0.0346975 0.1668324 0.0686180 0.1365667 0.1374693 0.0850812 0.0729175 0.1374913 0.1484426 0.1126166 0.1311314 0.0287706 0.0835939 0.2119102 0.1578724 0.1374007 0.0000000 0.1011032 0.0774731 0.0274231 0.0794717 0.1304467 0.0772281 0.0568771 0.1315709 0.1460063 0.1670497 
Microbiotheriidae_Dromiciops_gliroides       0.1214263 0.1318239 0.1022379 0.1123026 0.1104080 0.1260641 0.1369103 0.1134482 0.1102264 0.1790260 0.0916554 0.1233009 0.1264192 0.1201714 0.0966455 0.1226303 0.1307111 0.1089218 0.1415360 0.1045677 0.0927162 0.2062827 0.1516316 0.1254492 0.1011032 0.0000000 0.0987891 0.1029101 0.0959140 0.1359480 0.0936252 0.0825801 0.1417783 0.1327291 0.1790173 
Pseudochiridae_Petauroides_volans            0.0988939 0.1251896 0.0928266 0.0804850 0.0779819 0.1322724 0.1100492 0.0884396 0.0811441 0.1696232 0.0675242 0.1285170 0.1293336 0.0942757 0.0516384 0.1299743 0.1375247 0.1123556 0.1311809 0.0788965 0.0245284 0.2179964 0.1669468 0.1250943 0.0774731 0.0987891 0.0000000 0.0746389 0.0218569 0.0899961 0.0560343 0.0583959 0.1327944 0.1352838 0.1709052 
Macropodidae_Wallabia_bicolor                0.0934736 0.1140807 0.0869769 0.0180940 0.0170419 0.1419576 0.1098012 0.0825834 0.0178950 0.1600283 0.0672089 0.1358740 0.1374846 0.0849001 0.0748241 0.1377341 0.1477273 0.1071618 0.1239352 0.0065415 0.0774765 0.2110247 0.1560270 0.1381723 0.0274231 0.1029101 0.0746389 0.0000000 0.0709464 0.1263627 0.0755569 0.0602482 0.1269358 0.1455792 0.1597911 
Pseudochiridae_Pseudocheirus_occidentalis    0.0985424 0.1205347 0.0925604 0.0768520 0.0756602 0.1310514 0.1142348 0.0893254 0.0794127 0.1743562 0.0716876 0.1317732 0.1265230 0.0977118 0.0521224 0.1315559 0.1363806 0.1128517 0.1381491 0.0756286 0.0113672 0.2069493 0.1589872 0.1291606 0.0794717 0.0959140 0.0218569 0.0709464 0.0000000 0.0880241 0.0514305 0.0603336 0.1367709 0.1332770 0.1742006 
Tarsipedidae_Tarsipes_rostratus              0.1349269 0.1687167 0.1357243 0.1194060 0.1191044 0.1733003 0.1565137 0.1295483 0.1168285 0.2077187 0.1106357 0.1743417 0.1727614 0.1397879 0.0979829 0.1731801 0.1752598 0.1411316 0.1745629 0.1298431 0.0926140 0.2500021 0.2081491 0.1677171 0.1304467 0.1359480 0.0899961 0.1263627 0.0880241 0.0000000 0.1021593 0.1115393 0.1709033 0.1746790 0.2070639 
Acrobatidae_Distoechurus_pennatus            0.0989687 0.1336827 0.0897532 0.0822256 0.0805435 0.1382512 0.1133424 0.0863580 0.0810629 0.1804516 0.0663233 0.1372434 0.1371709 0.0932099 0.0223677 0.1376745 0.1420164 0.1213811 0.1425876 0.0785821 0.0551419 0.2151026 0.1577424 0.1364066 0.0772281 0.0936252 0.0560343 0.0755569 0.0514305 0.1021593 0.0000000 0.0557059 0.1400411 0.1402599 0.1791372 
Phalangeridae_Phalanger_carmelitae           0.0795002 0.1087881 0.0718856 0.0671678 0.0646381 0.1176587 0.0687362 0.0236108 0.0667845 0.1607836 0.0145463 0.1141946 0.1150974 0.0193317 0.0531813 0.1146293 0.1222224 0.0978354 0.1178313 0.0619094 0.0621204 0.2023411 0.1496793 0.1148672 0.0568771 0.0825801 0.0583959 0.0602482 0.0603336 0.1115393 0.0557059 0.0000000 0.1198838 0.1194418 0.1612281 
Peramelidae_Peroryctes_raffrayana            0.1498933 0.1552396 0.1362377 0.1341270 0.1335002 0.1591492 0.1656890 0.1394278 0.1322950 0.0241849 0.1306946 0.1530689 0.1551761 0.1448422 0.1393144 0.1544129 0.1642545 0.1351719 0.0122559 0.1269709 0.1333406 0.2442691 0.1950250 0.1567617 0.1315709 0.1417783 0.1327944 0.1269358 0.1367709 0.1709033 0.1400411 0.1198838 0.0000000 0.1625398 0.0226594 
Dasyuridae_Dasyurus_geffroii                 0.1464318 0.1509474 0.1437141 0.1470182 0.1478052 0.0031994 0.1669536 0.1344582 0.1502186 0.1957175 0.1174320 0.0161957 0.0275748 0.1441042 0.1346552 0.0168634 0.0054133 0.0233885 0.1611035 0.1455818 0.1380986 0.2434936 0.2014759 0.0161023 0.1460063 0.1327291 0.1352838 0.1455792 0.1332770 0.1746790 0.1402599 0.1194418 0.1625398 0.0000000 0.1972612 
Peramelidae_Perameles_gunnii                 0.1354524 0.1437835 0.1742320 0.1641457 0.1624929 0.1958370 0.1506019 0.1385457 0.1587144 0.0024735 0.1395500 0.1852838 0.1920782 0.1478302 0.1829702 0.1886240 0.1976091 0.1479552 0.0252555 0.1594580 0.1773513 0.2249382 0.2322371 0.1876195 0.1670497 0.1790173 0.1709052 0.1597911 0.1742006 0.2070639 0.1791372 0.1612281 0.0226594 0.1972612 0.0000000 
