35
Burramyidae_Burramys_parvus                  0.0000000 0.0901234 0.0486330 0.0545943 0.0610029 0.0852373 0.0432499 0.0426981 0.0572950 0.0897545 0.0439572 0.0813040 0.0420774 0.0647692 0.0797016 0.0969233 0.0731622 0.0666382 0.0985623 0.0661156 0.0662443 0.0692510 0.0551626 0.0722216 0.0742274 0.0681299 0.0600261 0.0424150 0.0932656 0.0828248 0.0902331 0.0986339 0.0997713 0.1022164 0.0952054 
Notoryctidae_Notoryctes_typhlops             0.0901234 0.0000000 0.0823207 0.0922770 0.0989705 0.1003839 0.0920177 0.0855728 0.0931585 0.1157270 0.0857758 0.0971933 0.0877645 0.0983408 0.0984592 0.1228272 0.1104593 0.1041925 0.1254140 0.1027277 0.1007507 0.0993692 0.0998553 0.1091696 0.1124764 0.1118128 0.1036822 0.0880155 0.1182660 0.0995179 0.1160469 0.1138143 0.1138434 0.1160731 0.1129524 
Vombatidae_Lasiorhinus_latifrons             0.0486330 0.0823207 0.0000000 0.0561726 0.0633507 0.0776264 0.0486945 0.0467978 0.0569452 0.0830899 0.0483262 0.0731676 0.0474735 0.0674256 0.0734491 0.0905203 0.0728842 0.0739508 0.0965084 0.0673245 0.0643068 0.0692280 0.0604122 0.0718000 0.0836384 0.0793045 0.0642383 0.0475004 0.0902652 0.0756805 0.0850722 0.0882499 0.0893566 0.0904991 0.0849840 
Potoroidae_Bettongia_penicillata             0.0545943 0.0922770 0.0561726 0.0000000 0.0018933 0.0881145 0.0524967 0.0511236 0.0040592 0.0943971 0.0508358 0.0817575 0.0520732 0.0695463 0.0827398 0.1033606 0.0373559 0.0738473 0.1001101 0.0711481 0.0383997 0.0773059 0.0677710 0.0379064 0.0818576 0.0800182 0.0678410 0.0520133 0.1000646 0.0872957 0.0944874 0.0976103 0.0987534 0.1012412 0.0955805 
Potoroidae_Bettongia_lesueur                 0.0610029 0.0989705 0.0633507 0.0018933 0.0000000 0.0947764 0.0588971 0.0567656 0.0083564 0.1029395 0.0562292 0.0920565 0.0584596 0.0774766 0.0898432 0.1110868 0.0368338 0.0808480 0.1080329 0.0791620 0.0401041 0.0849039 0.0757954 0.0366847 0.0880534 0.0886127 0.0752745 0.0583927 0.1080856 0.0939533 0.1022846 0.1092360 0.1115377 0.1118463 0.1057321 
Dasyuridae_Dasyurus_maculatus                0.0852373 0.1003839 0.0776264 0.0881145 0.0947764 0.0000000 0.0840479 0.0806968 0.0871476 0.0977072 0.0836080 0.0212185 0.0817753 0.1000357 0.0022661 0.1081193 0.1060609 0.1076814 0.1121742 0.0776106 0.0993354 0.0852398 0.0980482 0.1057185 0.1167834 0.1036754 0.0982007 0.0825677 0.1007374 0.0007899 0.0984340 0.0219319 0.0219361 0.0291631 0.0200549 
Phalangeridae_Trichosurus_vulpecula          0.0432499 0.0920177 0.0486945 0.0524967 0.0588971 0.0840479 0.0000000 0.0075154 0.0528867 0.0898053 0.0074653 0.0792779 0.0067429 0.0637832 0.0764949 0.0975679 0.0744309 0.0670683 0.0984969 0.0665559 0.0653470 0.0724743 0.0581818 0.0718977 0.0756224 0.0695531 0.0614471 0.0061007 0.0951591 0.0824422 0.0904606 0.0950043 0.0949564 0.0979249 0.0911056 
Phalangeridae_Spilocuscus_maculatus          0.0426981 0.0855728 0.0467978 0.0511236 0.0567656 0.0806968 0.0075154 0.0000000 0.0518784 0.0876223 0.0026450 0.0779194 0.0025057 0.0614003 0.0725289 0.0955082 0.0722569 0.0647062 0.0973415 0.0635166 0.0647845 0.0717180 0.0574425 0.0696900 0.0729869 0.0660359 0.0595615 0.0023214 0.0924276 0.0794854 0.0883789 0.0937077 0.0936605 0.0954095 0.0892478 
Potoroidae_Aepyprymnus_rufescens             0.0572950 0.0931585 0.0569452 0.0040592 0.0083564 0.0871476 0.0528867 0.0518784 0.0000000 0.0947263 0.0513435 0.0836777 0.0524666 0.0698195 0.0808249 0.1053660 0.0404672 0.0741462 0.1005561 0.0723123 0.0389942 0.0772022 0.0685912 0.0385038 0.0833555 0.0795788 0.0673412 0.0524066 0.0995546 0.0863343 0.0947727 0.0969166 0.0991653 0.1003267 0.0948254 
Peramelidae_Perameles_nasuta                 0.0897545 0.1157270 0.0830899 0.0943971 0.1029395 0.0977072 0.0898053 0.0876223 0.0947263 0.0000000 0.0888338 0.0968129 0.0874967 0.0988330 0.0896578 0.0133198 0.1191165 0.1054935 0.1083817 0.0689865 0.1086737 0.0913286 0.0982585 0.1178617 0.1159300 0.1131065 0.1017094 0.0883334 0.0070489 0.0968919 0.0000010 0.1086659 0.1092259 0.1107249 0.1060662 
Phalangeridae_Strigocuscus_pelengensis       0.0439572 0.0857758 0.0483262 0.0508358 0.0562292 0.0836080 0.0074653 0.0026450 0.0513435 0.0888338 0.0000000 0.0803960 0.0019173 0.0612360 0.0761509 0.0972040 0.0707733 0.0657416 0.0986411 0.0647513 0.0652253 0.0710685 0.0582776 0.0701450 0.0739956 0.0676615 0.0608343 0.0019168 0.0942112 0.0819748 0.0886814 0.0969086 0.0957196 0.0980831 0.0929691 
Dasyuridae_Sminthopsis_macroura              0.0813040 0.0971933 0.0731676 0.0817575 0.0920565 0.0212185 0.0792779 0.0779194 0.0836777 0.0968129 0.0803960 0.0000000 0.0786100 0.0942277 0.0225845 0.1069536 0.1019691 0.1012231 0.1073799 0.0803834 0.0955963 0.0862861 0.0928656 0.1019921 0.1123247 0.1019809 0.0942126 0.0792850 0.1020236 0.0207833 0.0967876 0.0279319 0.0275217 0.0233834 0.0256324 
Phalangeridae_Phalanger_orientalis           0.0420774 0.0877645 0.0474735 0.0520732 0.0584596 0.0817753 0.0067429 0.0025057 0.0524666 0.0874967 0.0019173 0.0786100 0.0000000 0.0625776 0.0736828 0.0947992 0.0732723 0.0654471 0.0984813 0.0672252 0.0657639 0.0716485 0.0569196 0.0711175 0.0737224 0.0682585 0.0618563 0.0009236 0.0927336 0.0801720 0.0877406 0.0936535 0.0936064 0.0951969 0.0903583 
Acrobatidae_Acrobates_pygmaeus               0.0647692 0.0983408 0.0674256 0.0695463 0.0774766 0.1000357 0.0637832 0.0614003 0.0698195 0.0988330 0.0612360 0.0942277 0.0625776 0.0000000 0.0967865 0.1036555 0.0867337 0.0668478 0.1103810 0.0717654 0.0820978 0.0831615 0.0608625 0.0870293 0.0776084 0.0678585 0.0250449 0.0637113 0.1015907 0.0987780 0.1002323 0.1170546 0.1159121 0.1107193 0.1127639 
Dasyuridae_Sarcophilus_harrisii              0.0797016 0.0984592 0.0734491 0.0827398 0.0898432 0.0022661 0.0764949 0.0725289 0.0808249 0.0896578 0.0761509 0.0225845 0.0736828 0.0967865 0.0000000 0.0989440 0.0986112 0.1002673 0.1071224 0.0795343 0.0928097 0.0814721 0.0908383 0.1000278 0.1100995 0.0992711 0.0943524 0.0745199 0.0924604 0.0020031 0.0911686 0.0254656 0.0250317 0.0337793 0.0225719 
Peramelidae_Echymipera_kalubu                0.0969233 0.1228272 0.0905203 0.1033606 0.1110868 0.1081193 0.0975679 0.0955082 0.1053660 0.0133198 0.0972040 0.1069536 0.0947992 0.1036555 0.0989440 0.0000000 0.1223298 0.1138953 0.1160471 0.0769734 0.1170778 0.1002123 0.1056936 0.1215347 0.1227214 0.1196917 0.1064905 0.0960469 0.0074295 0.1077154 0.0131370 0.1201627 0.1207736 0.1209467 0.1180216 
Macropodidae_Dorcopsulus_vanheurni           0.0731622 0.1104593 0.0728842 0.0373559 0.0368338 0.1060609 0.0744309 0.0722569 0.0404672 0.1191165 0.0707733 0.1019691 0.0732723 0.0867337 0.0986112 0.1223298 0.0000000 0.0908019 0.1190315 0.0929701 0.0512586 0.0970312 0.0836103 0.0063983 0.0973072 0.1001375 0.0847167 0.0735738 0.1201270 0.1039882 0.1182793 0.1121977 0.1122261 0.1135515 0.1111086 
Pseudochiridae_Pseudochirulus_forbesi        0.0666382 0.1041925 0.0739508 0.0738473 0.0808480 0.1076814 0.0670683 0.0647062 0.0741462 0.1054935 0.0657416 0.1012231 0.0654471 0.0668478 0.1002673 0.1138953 0.0908019 0.0000000 0.1183250 0.0816668 0.0841672 0.0877797 0.0331648 0.0927176 0.0167251 0.0707011 0.0654527 0.0665392 0.1085692 0.1064300 0.1070779 0.1279852 0.1255808 0.1252642 0.1235147 
Didelphidae_Didelphis_virginiana             0.0985623 0.1254140 0.0965084 0.1001101 0.1080329 0.1121742 0.0984969 0.0973415 0.1005561 0.1083817 0.0986411 0.1073799 0.0984813 0.1103810 0.1071224 0.1160471 0.1190315 0.1183250 0.0000000 0.0188323 0.1092859 0.0934719 0.1088308 0.1223727 0.1245967 0.1147685 0.1123793 0.0974652 0.1135148 0.1109559 0.1117214 0.1136857 0.1149189 0.1151272 0.1136256 
Marmosidae_Monodelphis_domestica             0.0661156 0.1027277 0.0673245 0.0711481 0.0791620 0.0776106 0.0665559 0.0635166 0.0723123 0.0689865 0.0647513 0.0803834 0.0672252 0.0717654 0.0795343 0.0769734 0.0929701 0.0816668 0.0188323 0.0000000 0.0830851 0.0630641 0.0718382 0.0887668 0.0938059 0.0794805 0.0763079 0.0675657 0.0713639 0.0759128 0.0732384 0.0763705 0.0755343 0.0705378 0.0741948 
Hypsiprymnodontidae_Hypsiprymnodon_moschatus 0.0662443 0.1007507 0.0643068 0.0383997 0.0401041 0.0993354 0.0653470 0.0647845 0.0389942 0.1086737 0.0652253 0.0955963 0.0657639 0.0820978 0.0928097 0.1170778 0.0512586 0.0841672 0.1092859 0.0830851 0.0000000 0.0805648 0.0761352 0.0481227 0.0914559 0.0927646 0.0791707 0.0660694 0.1123650 0.0984804 0.1078211 0.1115953 0.1139112 0.1143984 0.1086093 
Microbiotheriidae_Dromiciops_gliroides       0.0692510 0.0993692 0.0692280 0.0773059 0.0849039 0.0852398 0.0724743 0.0717180 0.0772022 0.0913286 0.0710685 0.0862861 0.0716485 0.0831615 0.0814721 0.1002123 0.0970312 0.0877797 0.0934719 0.0630641 0.0805648 0.0000000 0.0764280 0.0946999 0.0957882 0.0977610 0.0801880 0.0719817 0.0932648 0.0836260 0.0921298 0.0965972 0.0972472 0.0975447 0.0940833 
Pseudochiridae_Petauroides_volans            0.0551626 0.0998553 0.0604122 0.0677710 0.0757954 0.0980482 0.0581818 0.0574425 0.0685912 0.0982585 0.0582776 0.0928656 0.0569196 0.0608625 0.0908383 0.1056936 0.0836103 0.0331648 0.1088308 0.0718382 0.0761352 0.0764280 0.0000000 0.0888188 0.0394511 0.0609499 0.0566588 0.0589722 0.1021548 0.0957819 0.0975547 0.1213398 0.1200047 0.1105387 0.1166510 
Macropodidae_Wallabia_bicolor                0.0722216 0.1091696 0.0718000 0.0379064 0.0366847 0.1057185 0.0718977 0.0696900 0.0385038 0.1178617 0.0701450 0.1019921 0.0711175 0.0870293 0.1000278 0.1215347 0.0063983 0.0927176 0.1223727 0.0887668 0.0481227 0.0946999 0.0888188 0.0000000 0.0988765 0.0976673 0.0835549 0.0714234 0.1189508 0.1056978 0.1168818 0.1081708 0.1105024 0.1142046 0.1070877 
Pseudochiridae_Pseudocheirus_occidentalis    0.0742274 0.1124764 0.0836384 0.0818576 0.0880534 0.1167834 0.0756224 0.0729869 0.0833555 0.1159300 0.0739956 0.1123247 0.0737224 0.0776084 0.1100995 0.1227214 0.0973072 0.0167251 0.1245967 0.0938059 0.0914559 0.0957882 0.0394511 0.0988765 0.0000000 0.0783838 0.0744441 0.0748242 0.1182285 0.1150668 0.1172470 0.1421113 0.1396250 0.1387333 0.1378132 
Tarsipedidae_Tarsipes_rostratus              0.0681299 0.1118128 0.0793045 0.0800182 0.0886127 0.1036754 0.0695531 0.0660359 0.0795788 0.1131065 0.0676615 0.1019809 0.0682585 0.0678585 0.0992711 0.1196917 0.1001375 0.0707011 0.1147685 0.0794805 0.0927646 0.0977610 0.0609499 0.0976673 0.0783838 0.0000000 0.0710389 0.0677603 0.1164415 0.1037507 0.1151327 0.1251516 0.1230236 0.1264006 0.1240222 
Acrobatidae_Distoechurus_pennatus            0.0600261 0.1036822 0.0642383 0.0678410 0.0752745 0.0982007 0.0614471 0.0595615 0.0673412 0.1017094 0.0608343 0.0942126 0.0618563 0.0250449 0.0943524 0.1064905 0.0847167 0.0654527 0.1123793 0.0763079 0.0791707 0.0801880 0.0566588 0.0835549 0.0744441 0.0710389 0.0000000 0.0605739 0.1028174 0.0965463 0.1024911 0.1103418 0.1109451 0.1085917 0.1076159 
Phalangeridae_Phalanger_carmelitae           0.0424150 0.0880155 0.0475004 0.0520133 0.0583927 0.0825677 0.0061007 0.0023214 0.0524066 0.0883334 0.0019168 0.0792850 0.0009236 0.0637113 0.0745199 0.0960469 0.0735738 0.0665392 0.0974652 0.0675657 0.0660694 0.0719817 0.0589722 0.0714234 0.0748242 0.0677603 0.0605739 0.0000000 0.0940535 0.0809631 0.0885543 0.0934899 0.0934430 0.0945790 0.0896236 
Peramelidae_Peroryctes_raffrayana            0.0932656 0.1182660 0.0902652 0.1000646 0.1080856 0.1007374 0.0951591 0.0924276 0.0995546 0.0070489 0.0942112 0.1020236 0.0927336 0.1015907 0.0924604 0.0074295 0.1201270 0.1085692 0.1135148 0.0713639 0.1123650 0.0932648 0.1021548 0.1189508 0.1182285 0.1164415 0.1028174 0.0940535 0.0000000 0.1007511 0.0067876 0.1116160 0.1115361 0.1120179 0.1090132 
Dasyuridae_Dasyurus_geffroii                 0.0828248 0.0995179 0.0756805 0.0872957 0.0939533 0.0007899 0.0824422 0.0794854 0.0863343 0.0968919 0.0819748 0.0207833 0.0801720 0.0987780 0.0020031 0.1077154 0.1039882 0.1064300 0.1109559 0.0759128 0.0984804 0.0836260 0.0957819 0.1056978 0.1150668 0.1037507 0.0965463 0.0809631 0.1007511 0.0000000 0.0980308 0.0223273 0.0223315 0.0287276 0.0208510 
Peramelidae_Perameles_gunnii                 0.0902331 0.1160469 0.0850722 0.0944874 0.1022846 0.0984340 0.0904606 0.0883789 0.0947727 0.0000010 0.0886814 0.0967876 0.0877406 0.1002323 0.0911686 0.0131370 0.1182793 0.1070779 0.1117214 0.0732384 0.1078211 0.0921298 0.0975547 0.1168818 0.1172470 0.1151327 0.1024911 0.0885543 0.0067876 0.0980308 0.0000000 0.1091517 0.1097548 0.1121325 0.1067030 
Dasyuridae_Phascogale_tapoatafa              0.0986339 0.1138143 0.0882499 0.0976103 0.1092360 0.0219319 0.0950043 0.0937077 0.0969166 0.1086659 0.0969086 0.0279319 0.0936535 0.1170546 0.0254656 0.1201627 0.1121977 0.1279852 0.1136857 0.0763705 0.1115953 0.0965972 0.1213398 0.1081708 0.1421113 0.1251516 0.1103418 0.0934899 0.1116160 0.0223273 0.1091517 0.0000000 0.0023563 0.0258597 0.0062052 
Dasyuridae_Phascogale_calura                 0.0997713 0.1138434 0.0893566 0.0987534 0.1115377 0.0219361 0.0949564 0.0936605 0.0991653 0.1092259 0.0957196 0.0275217 0.0936064 0.1159121 0.0250317 0.1207736 0.1122261 0.1255808 0.1149189 0.0755343 0.1139112 0.0972472 0.1200047 0.1105024 0.1396250 0.1230236 0.1109451 0.0934430 0.1115361 0.0223315 0.1097548 0.0023563 0.0000000 0.0263087 0.0071945 
Dasyuridae_Planigale_tenuirostris            0.1022164 0.1160731 0.0904991 0.1012412 0.1118463 0.0291631 0.0979249 0.0954095 0.1003267 0.1107249 0.0980831 0.0233834 0.0951969 0.1107193 0.0337793 0.1209467 0.1135515 0.1252642 0.1151272 0.0705378 0.1143984 0.0975447 0.1105387 0.1142046 0.1387333 0.1264006 0.1085917 0.0945790 0.1120179 0.0287276 0.1121325 0.0258597 0.0263087 0.0000000 0.0231661 
Dasyuridae_Antechinus_stuartii               0.0952054 0.1129524 0.0849840 0.0955805 0.1057321 0.0200549 0.0911056 0.0892478 0.0948254 0.1060662 0.0929691 0.0256324 0.0903583 0.1127639 0.0225719 0.1180216 0.1111086 0.1235147 0.1136256 0.0741948 0.1086093 0.0940833 0.1166510 0.1070877 0.1378132 0.1240222 0.1076159 0.0896236 0.1090132 0.0208510 0.1067030 0.0062052 0.0071945 0.0231661 0.0000000 
