35
Burramyidae_Burramys_parvus                  0.0000000 0.0488311 0.0448401 0.0400706 0.0411461 0.0532231 0.0296067 0.0318264 0.0377824 0.0602669 0.0323815 0.0540944 0.0539148 0.0320656 0.0347565 0.0537918 0.0517942 0.0550628 0.0606052 0.0373915 0.0399629 0.0621801 0.0608618 0.0516667 0.0370877 0.0540848 0.0359946 0.0364780 0.0396411 0.0479126 0.0356159 0.0322466 0.0574725 0.0523686 0.0587716 
Notoryctidae_Notoryctes_typhlops             0.0488311 0.0000000 0.0507447 0.0489100 0.0498480 0.0539762 0.0447932 0.0439771 0.0469720 0.0545729 0.0444091 0.0536956 0.0507724 0.0446055 0.0464118 0.0531810 0.0527291 0.0519327 0.0560227 0.0482539 0.0504041 0.0666205 0.0627105 0.0516007 0.0474284 0.0567961 0.0478271 0.0480024 0.0492277 0.0594342 0.0465917 0.0449965 0.0524081 0.0533191 0.0547629 
Vombatidae_Lasiorhinus_latifrons             0.0448401 0.0507447 0.0000000 0.0403296 0.0413841 0.0529049 0.0349976 0.0370191 0.0387436 0.0544831 0.0378988 0.0528501 0.0516078 0.0367701 0.0405992 0.0517769 0.0509882 0.0514660 0.0548973 0.0392088 0.0431815 0.0617768 0.0619497 0.0511932 0.0375498 0.0500213 0.0393350 0.0385846 0.0440572 0.0513711 0.0390258 0.0371355 0.0527612 0.0521130 0.0535706 
Potoroidae_Bettongia_penicillata             0.0400706 0.0489100 0.0403296 0.0000000 0.0036910 0.0499017 0.0299791 0.0316483 0.0065393 0.0569627 0.0325515 0.0513605 0.0491770 0.0327477 0.0325041 0.0499087 0.0491208 0.0494677 0.0583414 0.0108390 0.0355583 0.0613327 0.0599606 0.0487742 0.0187910 0.0527895 0.0318426 0.0107208 0.0346886 0.0456930 0.0319494 0.0332908 0.0547865 0.0489022 0.0560830 
Potoroidae_Bettongia_lesueur                 0.0411461 0.0498480 0.0413841 0.0036910 0.0000000 0.0506428 0.0306737 0.0319785 0.0066861 0.0587292 0.0332218 0.0521077 0.0500880 0.0327294 0.0330226 0.0502641 0.0498594 0.0504102 0.0595014 0.0119231 0.0369299 0.0629665 0.0599460 0.0495122 0.0191057 0.0537265 0.0328730 0.0121173 0.0353827 0.0472199 0.0324473 0.0336240 0.0559587 0.0496396 0.0578249 
Dasyuridae_Dasyurus_maculatus                0.0532231 0.0539762 0.0529049 0.0499017 0.0506428 0.0000000 0.0451065 0.0453310 0.0495509 0.0551652 0.0469158 0.0115939 0.0148755 0.0465506 0.0489133 0.0114228 0.0038284 0.0148756 0.0552482 0.0487791 0.0512943 0.0644457 0.0626173 0.0095760 0.0475134 0.0522515 0.0477306 0.0479836 0.0494562 0.0587708 0.0491737 0.0473090 0.0538771 0.0039758 0.0547933 
Phalangeridae_Trichosurus_vulpecula          0.0296067 0.0447932 0.0349976 0.0299791 0.0306737 0.0451065 0.0000000 0.0088896 0.0286251 0.0495031 0.0106020 0.0457407 0.0452910 0.0093920 0.0271747 0.0440797 0.0431642 0.0455649 0.0499910 0.0275145 0.0325875 0.0519295 0.0505739 0.0425472 0.0277250 0.0472849 0.0289693 0.0267493 0.0318035 0.0397526 0.0265753 0.0095565 0.0475080 0.0442981 0.0487138 
Phalangeridae_Spilocuscus_maculatus          0.0318264 0.0439771 0.0370191 0.0316483 0.0319785 0.0453310 0.0088896 0.0000000 0.0301752 0.0501143 0.0090357 0.0461463 0.0455082 0.0075906 0.0286284 0.0449417 0.0445420 0.0461027 0.0507008 0.0297985 0.0348878 0.0509600 0.0503298 0.0436190 0.0291318 0.0487097 0.0302079 0.0290567 0.0331250 0.0413480 0.0283702 0.0072890 0.0479366 0.0450779 0.0491338 
Potoroidae_Aepyprymnus_rufescens             0.0377824 0.0469720 0.0387436 0.0065393 0.0066861 0.0495509 0.0286251 0.0301752 0.0000000 0.0559656 0.0315658 0.0502482 0.0489996 0.0307467 0.0309978 0.0491920 0.0487735 0.0488804 0.0567595 0.0098878 0.0334981 0.0613159 0.0583531 0.0480471 0.0166584 0.0522386 0.0307197 0.0103827 0.0336773 0.0451102 0.0304684 0.0316295 0.0535850 0.0481922 0.0551025 
Peramelidae_Perameles_nasuta                 0.0602669 0.0545729 0.0544831 0.0569627 0.0587292 0.0551652 0.0495031 0.0501143 0.0559656 0.0000000 0.0520569 0.0556280 0.0537002 0.0521349 0.0538444 0.0550267 0.0554141 0.0525918 0.0084807 0.0565116 0.0566003 0.0678473 0.0648548 0.0534500 0.0540250 0.0593179 0.0525184 0.0547285 0.0551660 0.0642305 0.0528085 0.0525503 0.0067493 0.0559840 0.0005931 
Phalangeridae_Strigocuscus_pelengensis       0.0323815 0.0444091 0.0378988 0.0325515 0.0332218 0.0469158 0.0106020 0.0090357 0.0315658 0.0520569 0.0000000 0.0471778 0.0461857 0.0068834 0.0296404 0.0461455 0.0457663 0.0466493 0.0528438 0.0302925 0.0351146 0.0535183 0.0514167 0.0448214 0.0303178 0.0484150 0.0324539 0.0296133 0.0332727 0.0429185 0.0307416 0.0067329 0.0498491 0.0463099 0.0511663 
Dasyuridae_Phascogale_tapoatafa              0.0540944 0.0536956 0.0528501 0.0513605 0.0521077 0.0115939 0.0457407 0.0461463 0.0502482 0.0556280 0.0471778 0.0000000 0.0155294 0.0473791 0.0491391 0.0039776 0.0101934 0.0160131 0.0559746 0.0496552 0.0527247 0.0648729 0.0634059 0.0075902 0.0480007 0.0544420 0.0493159 0.0484467 0.0509900 0.0596510 0.0494485 0.0479428 0.0533180 0.0114336 0.0551310 
Dasyuridae_Sminthopsis_macroura              0.0539148 0.0507724 0.0516078 0.0491770 0.0500880 0.0148755 0.0452910 0.0455082 0.0489996 0.0537002 0.0461857 0.0155294 0.0000000 0.0463685 0.0485584 0.0153438 0.0140670 0.0097193 0.0549456 0.0487761 0.0520287 0.0633329 0.0630933 0.0137685 0.0467359 0.0520155 0.0490371 0.0481797 0.0504141 0.0602786 0.0486081 0.0473231 0.0530092 0.0150090 0.0533047 
Phalangeridae_Phalanger_orientalis           0.0320656 0.0446055 0.0367701 0.0327477 0.0327294 0.0465506 0.0093920 0.0075906 0.0307467 0.0521349 0.0068834 0.0473791 0.0463685 0.0000000 0.0292075 0.0467058 0.0457699 0.0471829 0.0521639 0.0301993 0.0356761 0.0530134 0.0509987 0.0450195 0.0300522 0.0492253 0.0316437 0.0296247 0.0340924 0.0427874 0.0296086 0.0017575 0.0497553 0.0459332 0.0509561 
Acrobatidae_Acrobates_pygmaeus               0.0347565 0.0464118 0.0405992 0.0325041 0.0330226 0.0489133 0.0271747 0.0286284 0.0309978 0.0538444 0.0296404 0.0491391 0.0485584 0.0292075 0.0000000 0.0494919 0.0479459 0.0495623 0.0539694 0.0297548 0.0342384 0.0593414 0.0576091 0.0473954 0.0310175 0.0510068 0.0284827 0.0293265 0.0323420 0.0404392 0.0165271 0.0300633 0.0515105 0.0481290 0.0531145 
Dasyuridae_Phascogale_calura                 0.0537918 0.0531810 0.0517769 0.0499087 0.0502641 0.0114228 0.0440797 0.0449417 0.0491920 0.0550267 0.0461455 0.0039776 0.0153438 0.0467058 0.0494919 0.0000000 0.0100192 0.0156875 0.0550830 0.0485864 0.0524092 0.0649363 0.0636284 0.0074235 0.0465645 0.0527769 0.0486289 0.0470388 0.0507976 0.0588815 0.0493450 0.0470843 0.0527331 0.0112558 0.0546378 
Dasyuridae_Sarcophilus_harrisii              0.0517942 0.0527291 0.0509882 0.0491208 0.0498594 0.0038284 0.0431642 0.0445420 0.0487735 0.0554141 0.0457663 0.0101934 0.0140670 0.0457699 0.0479459 0.0100192 0.0000000 0.0137278 0.0558329 0.0479892 0.0516516 0.0629648 0.0613684 0.0087979 0.0461699 0.0511900 0.0478999 0.0472104 0.0498606 0.0583125 0.0476424 0.0461480 0.0545316 0.0039700 0.0551981 
Dasyuridae_Planigale_tenuirostris            0.0550628 0.0519327 0.0514660 0.0494677 0.0504102 0.0148756 0.0455649 0.0461027 0.0488804 0.0525918 0.0466493 0.0160131 0.0097193 0.0471829 0.0495623 0.0156875 0.0137278 0.0000000 0.0549793 0.0492703 0.0516365 0.0661311 0.0653433 0.0129364 0.0473294 0.0517371 0.0490464 0.0475274 0.0497088 0.0595992 0.0491105 0.0477808 0.0523092 0.0151808 0.0522402 
Peramelidae_Echymipera_kalubu                0.0606052 0.0560227 0.0548973 0.0583414 0.0595014 0.0552482 0.0499910 0.0507008 0.0567595 0.0084807 0.0528438 0.0559746 0.0549456 0.0521639 0.0539694 0.0550830 0.0558329 0.0549793 0.0000000 0.0572600 0.0567952 0.0699557 0.0673710 0.0535036 0.0551529 0.0595237 0.0539426 0.0554955 0.0555000 0.0649723 0.0532013 0.0525724 0.0068773 0.0559992 0.0082378 
Macropodidae_Dorcopsulus_vanheurni           0.0373915 0.0482539 0.0392088 0.0108390 0.0119231 0.0487791 0.0275145 0.0297985 0.0098878 0.0565116 0.0302925 0.0496552 0.0487761 0.0301993 0.0297548 0.0485864 0.0479892 0.0492703 0.0572600 0.0000000 0.0347234 0.0604457 0.0566942 0.0478588 0.0169708 0.0513172 0.0298583 0.0044386 0.0334746 0.0440976 0.0304454 0.0305554 0.0539029 0.0481529 0.0556201 
Pseudochiridae_Pseudochirulus_forbesi        0.0399629 0.0504041 0.0431815 0.0355583 0.0369299 0.0512943 0.0325875 0.0348878 0.0334981 0.0566003 0.0351146 0.0527247 0.0520287 0.0356761 0.0342384 0.0524092 0.0516516 0.0516365 0.0567952 0.0347234 0.0000000 0.0634801 0.0621884 0.0493766 0.0346149 0.0527906 0.0189335 0.0348584 0.0122146 0.0411265 0.0353101 0.0367460 0.0550808 0.0499065 0.0555898 
Didelphidae_Didelphis_virginiana             0.0621801 0.0666205 0.0617768 0.0613327 0.0629665 0.0644457 0.0519295 0.0509600 0.0613159 0.0678473 0.0535183 0.0648729 0.0633329 0.0530134 0.0593414 0.0649363 0.0629648 0.0661311 0.0699557 0.0604457 0.0634801 0.0000000 0.0193861 0.0624766 0.0571218 0.0645675 0.0598100 0.0613771 0.0646746 0.0680244 0.0581078 0.0522295 0.0671868 0.0654119 0.0670579 
Marmosidae_Monodelphis_domestica             0.0608618 0.0627105 0.0619497 0.0599606 0.0599460 0.0626173 0.0505739 0.0503298 0.0583531 0.0648548 0.0514167 0.0634059 0.0630933 0.0509987 0.0576091 0.0636284 0.0613684 0.0653433 0.0673710 0.0566942 0.0621884 0.0193861 0.0000000 0.0620404 0.0557262 0.0648442 0.0564011 0.0571318 0.0623436 0.0680477 0.0556680 0.0513861 0.0637792 0.0629516 0.0641722 
Dasyuridae_Antechinus_stuartii               0.0516667 0.0516007 0.0511932 0.0487742 0.0495122 0.0095760 0.0425472 0.0436190 0.0480471 0.0534500 0.0448214 0.0075902 0.0137685 0.0450195 0.0473954 0.0074235 0.0087979 0.0129364 0.0535036 0.0478588 0.0493766 0.0624766 0.0620404 0.0000000 0.0467615 0.0514363 0.0467629 0.0472453 0.0478573 0.0568298 0.0472830 0.0459518 0.0515271 0.0097166 0.0530577 
Hypsiprymnodontidae_Hypsiprymnodon_moschatus 0.0370877 0.0474284 0.0375498 0.0187910 0.0191057 0.0475134 0.0277250 0.0291318 0.0166584 0.0540250 0.0303178 0.0480007 0.0467359 0.0300522 0.0310175 0.0465645 0.0461699 0.0473294 0.0551529 0.0169708 0.0346149 0.0571218 0.0557262 0.0467615 0.0000000 0.0518825 0.0304248 0.0167118 0.0333267 0.0447661 0.0297940 0.0307636 0.0517926 0.0461194 0.0531886 
Microbiotheriidae_Dromiciops_gliroides       0.0540848 0.0567961 0.0500213 0.0527895 0.0537265 0.0522515 0.0472849 0.0487097 0.0522386 0.0593179 0.0484150 0.0544420 0.0520155 0.0492253 0.0510068 0.0527769 0.0511900 0.0517371 0.0595237 0.0513172 0.0527906 0.0645675 0.0648442 0.0514363 0.0518825 0.0000000 0.0512682 0.0507242 0.0523655 0.0630747 0.0485108 0.0490410 0.0585782 0.0519631 0.0588545 
Pseudochiridae_Petauroides_volans            0.0359946 0.0478271 0.0393350 0.0318426 0.0328730 0.0477306 0.0289693 0.0302079 0.0307197 0.0525184 0.0324539 0.0493159 0.0490371 0.0316437 0.0284827 0.0486289 0.0478999 0.0490464 0.0539426 0.0298583 0.0189335 0.0598100 0.0564011 0.0467629 0.0304248 0.0512682 0.0000000 0.0296274 0.0181742 0.0350798 0.0288892 0.0325210 0.0510671 0.0475190 0.0515665 
Macropodidae_Wallabia_bicolor                0.0364780 0.0480024 0.0385846 0.0107208 0.0121173 0.0479836 0.0267493 0.0290567 0.0103827 0.0547285 0.0296133 0.0484467 0.0481797 0.0296247 0.0293265 0.0470388 0.0472104 0.0475274 0.0554955 0.0044386 0.0348584 0.0613771 0.0571318 0.0472453 0.0167118 0.0507242 0.0296274 0.0000000 0.0332437 0.0440586 0.0300204 0.0298119 0.0525672 0.0469949 0.0538835 
Pseudochiridae_Pseudocheirus_occidentalis    0.0396411 0.0492277 0.0440572 0.0346886 0.0353827 0.0494562 0.0318035 0.0331250 0.0336773 0.0551660 0.0332727 0.0509900 0.0504141 0.0340924 0.0323420 0.0507976 0.0498606 0.0497088 0.0555000 0.0334746 0.0122146 0.0646746 0.0623436 0.0478573 0.0333267 0.0523655 0.0181742 0.0332437 0.0000000 0.0392124 0.0350012 0.0351724 0.0528899 0.0480437 0.0542279 
Tarsipedidae_Tarsipes_rostratus              0.0479126 0.0594342 0.0513711 0.0456930 0.0472199 0.0587708 0.0397526 0.0413480 0.0451102 0.0642305 0.0429185 0.0596510 0.0602786 0.0427874 0.0404392 0.0588815 0.0583125 0.0595992 0.0649723 0.0440976 0.0411265 0.0680244 0.0680477 0.0568298 0.0447661 0.0630747 0.0350798 0.0440586 0.0392124 0.0000000 0.0414644 0.0428015 0.0625200 0.0589328 0.0636221 
Acrobatidae_Distoechurus_pennatus            0.0356159 0.0465917 0.0390258 0.0319494 0.0324473 0.0491737 0.0265753 0.0283702 0.0304684 0.0528085 0.0307416 0.0494485 0.0486081 0.0296086 0.0165271 0.0493450 0.0476424 0.0491105 0.0532013 0.0304454 0.0353101 0.0581078 0.0556680 0.0472830 0.0297940 0.0485108 0.0288892 0.0300204 0.0350012 0.0414644 0.0000000 0.0301283 0.0506581 0.0482013 0.0519924 
Phalangeridae_Phalanger_carmelitae           0.0322466 0.0449965 0.0371355 0.0332908 0.0336240 0.0473090 0.0095565 0.0072890 0.0316295 0.0525503 0.0067329 0.0479428 0.0473231 0.0017575 0.0300633 0.0470843 0.0461480 0.0477808 0.0525724 0.0305554 0.0367460 0.0522295 0.0513861 0.0459518 0.0307636 0.0490410 0.0325210 0.0298119 0.0351724 0.0428015 0.0301283 0.0000000 0.0505490 0.0470664 0.0513813 
Peramelidae_Peroryctes_raffrayana            0.0574725 0.0524081 0.0527612 0.0547865 0.0559587 0.0538771 0.0475080 0.0479366 0.0535850 0.0067493 0.0498491 0.0533180 0.0530092 0.0497553 0.0515105 0.0527331 0.0545316 0.0523092 0.0068773 0.0539029 0.0550808 0.0671868 0.0637792 0.0515271 0.0517926 0.0585782 0.0510671 0.0525672 0.0528899 0.0625200 0.0506581 0.0505490 0.0000000 0.0546806 0.0064175 
Dasyuridae_Dasyurus_geffroii                 0.0523686 0.0533191 0.0521130 0.0489022 0.0496396 0.0039758 0.0442981 0.0450779 0.0481922 0.0559840 0.0463099 0.0114336 0.0150090 0.0459332 0.0481290 0.0112558 0.0039700 0.0151808 0.0559992 0.0481529 0.0499065 0.0654119 0.0629516 0.0097166 0.0461194 0.0519631 0.0475190 0.0469949 0.0480437 0.0589328 0.0482013 0.0470664 0.0546806 0.0000000 0.0555634 
Peramelidae_Perameles_gunnii                 0.0587716 0.0547629 0.0535706 0.0560830 0.0578249 0.0547933 0.0487138 0.0491338 0.0551025 0.0005931 0.0511663 0.0551310 0.0533047 0.0509561 0.0531145 0.0546378 0.0551981 0.0522402 0.0082378 0.0556201 0.0555898 0.0670579 0.0641722 0.0530577 0.0531886 0.0588545 0.0515665 0.0538835 0.0542279 0.0636221 0.0519924 0.0513813 0.0064175 0.0555634 0.0000000 
