35
Burramyidae_Burramys_parvus                  0.0000000 0.0632471 0.0575382 0.0511128 0.0529125 0.0893125 0.0390759 0.0364788 0.0852860 0.0419214 0.0810409 0.0386941 0.0422370 0.0855572 0.0853381 0.0720827 0.0804180 0.0438958 0.0936206 0.0764859 0.0778646 0.0483104 0.0640857 0.0400764 0.0471554 0.0451618 0.0579100 0.0463682 0.0391495 0.0833807 0.0878818 0.0644123 0.0520918 0.0950135 0.0444505 
Notoryctidae_Notoryctes_typhlops             0.0632471 0.0000000 0.0685698 0.0772529 0.0768921 0.0899510 0.0679971 0.0683504 0.0851166 0.0727516 0.0796473 0.0646304 0.0632359 0.0831563 0.0874790 0.0706659 0.0794673 0.0670091 0.0850485 0.0764448 0.0774657 0.0705274 0.0701310 0.0631669 0.0692377 0.0620680 0.0806923 0.0663882 0.0660209 0.0804952 0.0889604 0.0683168 0.0728864 0.0932794 0.0657103 
Vombatidae_Lasiorhinus_latifrons             0.0575382 0.0685698 0.0000000 0.0670781 0.0685776 0.0788962 0.0557001 0.0537572 0.0846213 0.0532217 0.0695168 0.0536481 0.0556774 0.0773468 0.0750793 0.0648178 0.0807361 0.0584431 0.0976634 0.0879844 0.0696140 0.0627810 0.0589780 0.0575232 0.0611888 0.0603986 0.0779576 0.0623212 0.0536377 0.0811780 0.0775012 0.0741357 0.0700990 0.0827923 0.0637224 
Potoroidae_Bettongia_penicillata             0.0511128 0.0772529 0.0670781 0.0000000 0.0030435 0.0951848 0.0484037 0.0484510 0.0948141 0.0501842 0.0885159 0.0487822 0.0511613 0.0904694 0.0921067 0.0782726 0.0899448 0.0180092 0.0945621 0.0791769 0.0811237 0.0336980 0.0716911 0.0525762 0.0206601 0.0577493 0.0730330 0.0584096 0.0497145 0.0934160 0.0932550 0.0707726 0.0101100 0.1003794 0.0583594 
Potoroidae_Bettongia_lesueur                 0.0529125 0.0768921 0.0685776 0.0030435 0.0000000 0.0953788 0.0489104 0.0489536 0.0929808 0.0501822 0.0881816 0.0502131 0.0525875 0.0901297 0.0922942 0.0768987 0.0881658 0.0175847 0.0958974 0.0786083 0.0806827 0.0332855 0.0703863 0.0525673 0.0202374 0.0558809 0.0726770 0.0584402 0.0511233 0.0911391 0.0934452 0.0692807 0.0105836 0.0997891 0.0572137 
Dasyuridae_Dasyurus_maculatus                0.0893125 0.0899510 0.0788962 0.0951848 0.0953788 0.0000000 0.0883474 0.0848386 0.1014916 0.0846801 0.0354601 0.0860023 0.0851910 0.0209382 0.0100312 0.0338875 0.0989572 0.0881256 0.1140753 0.1013626 0.0134472 0.0893833 0.0809435 0.0834060 0.0895586 0.0848866 0.0962523 0.0898978 0.0864073 0.1019211 0.0065336 0.0853672 0.0986236 0.0218826 0.0894235 
Phalangeridae_Trichosurus_vulpecula          0.0390759 0.0679971 0.0557001 0.0484037 0.0489104 0.0883474 0.0000000 0.0154855 0.0840070 0.0208820 0.0815640 0.0185691 0.0388038 0.0817020 0.0838951 0.0709619 0.0777965 0.0417596 0.0867453 0.0712166 0.0766687 0.0497516 0.0607607 0.0393125 0.0435636 0.0443006 0.0577191 0.0452324 0.0185714 0.0812172 0.0859670 0.0573196 0.0509018 0.0915750 0.0471568 
Phalangeridae_Spilocuscus_maculatus          0.0364788 0.0683504 0.0537572 0.0484510 0.0489536 0.0848386 0.0154855 0.0000000 0.0818736 0.0114199 0.0775801 0.0087174 0.0389405 0.0791509 0.0804413 0.0683898 0.0748523 0.0405248 0.0844735 0.0697525 0.0737501 0.0484181 0.0588415 0.0389819 0.0422726 0.0439844 0.0595514 0.0447901 0.0087187 0.0795510 0.0824886 0.0551201 0.0514983 0.0898860 0.0448503 
Peramelidae_Perameles_nasuta                 0.0852860 0.0851166 0.0846213 0.0948141 0.0929808 0.1014916 0.0840070 0.0818736 0.0000000 0.0857067 0.1008301 0.0803265 0.0821282 0.0959288 0.0999099 0.0890576 0.0167128 0.0867525 0.0902588 0.0801639 0.0931121 0.0883887 0.0847376 0.0890355 0.0876728 0.0880883 0.0958282 0.0905412 0.0803411 0.0212517 0.1010136 0.0017032 0.0970908 0.1101578 0.0946118 
Phalangeridae_Strigocuscus_pelengensis       0.0419214 0.0727516 0.0532217 0.0501842 0.0501822 0.0846801 0.0208820 0.0114199 0.0857067 0.0000000 0.0762054 0.0114130 0.0422662 0.0862144 0.0796536 0.0733570 0.0795117 0.0452060 0.0916869 0.0788826 0.0816923 0.0516349 0.0642150 0.0436540 0.0475235 0.0475435 0.0658448 0.0487741 0.0118776 0.0833589 0.0826549 0.0588670 0.0523186 0.0874235 0.0475229 
Dasyuridae_Sminthopsis_macroura              0.0810409 0.0796473 0.0695168 0.0885159 0.0881816 0.0354601 0.0815640 0.0775801 0.1008301 0.0762054 0.0000000 0.0806733 0.0793182 0.0341344 0.0313746 0.0196183 0.0944431 0.0800567 0.1133469 0.0996289 0.0277985 0.0826595 0.0710136 0.0814040 0.0824226 0.0798617 0.0977406 0.0819668 0.0810802 0.0989180 0.0318988 0.0890556 0.0921518 0.0347747 0.0854916 
Phalangeridae_Phalanger_orientalis           0.0386941 0.0646304 0.0536481 0.0487822 0.0502131 0.0860023 0.0185691 0.0087174 0.0803265 0.0114130 0.0806733 0.0000000 0.0370926 0.0817907 0.0825481 0.0707757 0.0746920 0.0427038 0.0823779 0.0661315 0.0762619 0.0501446 0.0611123 0.0389353 0.0444913 0.0434553 0.0589949 0.0438191 0.0026056 0.0770789 0.0845954 0.0533201 0.0499089 0.0928321 0.0437833 
Acrobatidae_Acrobates_pygmaeus               0.0422370 0.0632359 0.0556774 0.0511613 0.0525875 0.0851910 0.0388038 0.0389405 0.0821282 0.0422662 0.0793182 0.0370926 0.0000000 0.0809047 0.0831470 0.0718245 0.0758809 0.0435498 0.0884260 0.0739920 0.0769595 0.0483433 0.0616547 0.0373499 0.0462648 0.0419033 0.0537714 0.0243631 0.0375448 0.0784049 0.0847182 0.0603336 0.0509185 0.0901042 0.0425710 
Dasyuridae_Phascogale_calura                 0.0855572 0.0831563 0.0773468 0.0904694 0.0901297 0.0209382 0.0817020 0.0791509 0.0959288 0.0862144 0.0341344 0.0817907 0.0809047 0.0000000 0.0186611 0.0310630 0.0900556 0.0834290 0.1007163 0.0882483 0.0060993 0.0851063 0.0753630 0.0800653 0.0858124 0.0776213 0.0944291 0.0837852 0.0816849 0.0955075 0.0186974 0.0760441 0.0928314 0.0078157 0.0853042 
Dasyuridae_Sarcophilus_harrisii              0.0853381 0.0874790 0.0750793 0.0921067 0.0922942 0.0100312 0.0838951 0.0804413 0.0999099 0.0796536 0.0313746 0.0825481 0.0831470 0.0186611 0.0000000 0.0290784 0.0949753 0.0846604 0.1088746 0.0973582 0.0115997 0.0863293 0.0755049 0.0814143 0.0851403 0.0803980 0.0927360 0.0859464 0.0829541 0.1012913 0.0078449 0.0842090 0.0962528 0.0189164 0.0871685 
Dasyuridae_Planigale_tenuirostris            0.0720827 0.0706659 0.0648178 0.0782726 0.0768987 0.0338875 0.0709619 0.0683898 0.0890576 0.0733570 0.0196183 0.0707757 0.0718245 0.0310630 0.0290784 0.0000000 0.0834980 0.0698419 0.0922648 0.0776625 0.0249087 0.0727657 0.0643554 0.0733189 0.0718294 0.0702103 0.0879322 0.0717929 0.0706794 0.0875250 0.0310284 0.0710010 0.0837915 0.0338026 0.0764590 
Peramelidae_Echymipera_kalubu                0.0804180 0.0794673 0.0807361 0.0899448 0.0881658 0.0989572 0.0777965 0.0748523 0.0167128 0.0795117 0.0944431 0.0746920 0.0758809 0.0900556 0.0949753 0.0834980 0.0000000 0.0808584 0.0876230 0.0757631 0.0858639 0.0850127 0.0784498 0.0847170 0.0817700 0.0831308 0.0908981 0.0853426 0.0747057 0.0184737 0.0975234 0.0127710 0.0900573 0.1018560 0.0886759 
Macropodidae_Dorcopsulus_vanheurni           0.0438958 0.0670091 0.0584431 0.0180092 0.0175847 0.0881256 0.0417596 0.0405248 0.0867525 0.0452060 0.0800567 0.0427038 0.0435498 0.0834290 0.0846604 0.0698419 0.0808584 0.0000000 0.0821168 0.0697494 0.0770601 0.0268632 0.0607904 0.0458759 0.0069586 0.0463556 0.0650977 0.0494119 0.0427079 0.0847261 0.0857845 0.0624691 0.0203225 0.0922587 0.0494035 
Didelphidae_Didelphis_virginiana             0.0936206 0.0850485 0.0976634 0.0945621 0.0958974 0.1140753 0.0867453 0.0844735 0.0902588 0.0916869 0.1133469 0.0823779 0.0884260 0.1007163 0.1088746 0.0922648 0.0876230 0.0821168 0.0000000 0.0447046 0.0995975 0.0897977 0.0887204 0.0890829 0.0867663 0.0895160 0.0989659 0.0870023 0.0851517 0.0841426 0.1102020 0.0906862 0.0970505 0.1222798 0.0963234 
Marmosidae_Monodelphis_domestica             0.0764859 0.0764448 0.0879844 0.0791769 0.0786083 0.1013626 0.0712166 0.0697525 0.0801639 0.0788826 0.0996289 0.0661315 0.0739920 0.0882483 0.0973582 0.0776625 0.0757631 0.0697494 0.0447046 0.0000000 0.0840510 0.0797476 0.0766122 0.0802832 0.0732455 0.0789533 0.0871188 0.0743972 0.0688286 0.0771810 0.0975851 0.0804005 0.0783633 0.1068613 0.0796052 
Dasyuridae_Antechinus_stuartii               0.0778646 0.0774657 0.0696140 0.0811237 0.0806827 0.0134472 0.0766687 0.0737501 0.0931121 0.0816923 0.0277985 0.0762619 0.0769595 0.0060993 0.0115997 0.0249087 0.0858639 0.0770601 0.0995975 0.0840510 0.0000000 0.0800375 0.0714039 0.0731317 0.0795019 0.0690907 0.0835804 0.0789219 0.0768698 0.0946434 0.0122436 0.0796308 0.0846243 0.0077360 0.0762665 
Hypsiprymnodontidae_Hypsiprymnodon_moschatus 0.0483104 0.0705274 0.0627810 0.0336980 0.0332855 0.0893833 0.0497516 0.0484181 0.0883887 0.0516349 0.0826595 0.0501446 0.0483433 0.0851063 0.0863293 0.0727657 0.0850127 0.0268632 0.0897977 0.0797476 0.0800375 0.0000000 0.0648073 0.0516046 0.0277445 0.0530348 0.0691573 0.0536132 0.0492450 0.0880051 0.0879773 0.0634978 0.0342402 0.0965721 0.0553685 
Microbiotheriidae_Dromiciops_gliroides       0.0640857 0.0701310 0.0589780 0.0716911 0.0703863 0.0809435 0.0607607 0.0588415 0.0847376 0.0642150 0.0710136 0.0611123 0.0616547 0.0753630 0.0755049 0.0643554 0.0784498 0.0607904 0.0887204 0.0766122 0.0714039 0.0648073 0.0000000 0.0639825 0.0632212 0.0648979 0.0801434 0.0694702 0.0611482 0.0834658 0.0784877 0.0661518 0.0743663 0.0824369 0.0696787 
Pseudochiridae_Petauroides_volans            0.0400764 0.0631669 0.0575232 0.0525762 0.0525673 0.0834060 0.0393125 0.0389819 0.0890355 0.0436540 0.0814040 0.0389353 0.0373499 0.0800653 0.0814143 0.0733189 0.0847170 0.0458759 0.0890829 0.0802832 0.0731317 0.0516046 0.0639825 0.0000000 0.0476778 0.0247626 0.0475838 0.0441246 0.0393884 0.0875917 0.0839300 0.0675547 0.0520148 0.0893107 0.0239630 
Macropodidae_Wallabia_bicolor                0.0471554 0.0692377 0.0611888 0.0206601 0.0202374 0.0895586 0.0435636 0.0422726 0.0876728 0.0475235 0.0824226 0.0444913 0.0462648 0.0858124 0.0851403 0.0718294 0.0817700 0.0069586 0.0867663 0.0732455 0.0795019 0.0277445 0.0632212 0.0476778 0.0000000 0.0495772 0.0651739 0.0512173 0.0444955 0.0856759 0.0872165 0.0604993 0.0242624 0.0929932 0.0514906 
Pseudochiridae_Pseudocheirus_occidentalis    0.0451618 0.0620680 0.0603986 0.0577493 0.0558809 0.0848866 0.0443006 0.0439844 0.0880883 0.0475435 0.0798617 0.0434553 0.0419033 0.0776213 0.0803980 0.0702103 0.0831308 0.0463556 0.0895160 0.0789533 0.0690907 0.0530348 0.0648979 0.0247626 0.0495772 0.0000000 0.0509384 0.0478463 0.0434810 0.0841038 0.0838924 0.0601709 0.0561842 0.0856741 0.0132608 
Tarsipedidae_Tarsipes_rostratus              0.0579100 0.0806923 0.0779576 0.0730330 0.0726770 0.0962523 0.0577191 0.0595514 0.0958282 0.0658448 0.0977406 0.0589949 0.0537714 0.0944291 0.0927360 0.0879322 0.0908981 0.0650977 0.0989659 0.0871188 0.0835804 0.0691573 0.0801434 0.0475838 0.0651739 0.0509384 0.0000000 0.0568807 0.0594552 0.0929760 0.0967275 0.0748818 0.0739806 0.1022528 0.0518413 
Acrobatidae_Distoechurus_pennatus            0.0463682 0.0663882 0.0623212 0.0584096 0.0584402 0.0898978 0.0452324 0.0447901 0.0905412 0.0487741 0.0819668 0.0438191 0.0243631 0.0837852 0.0859464 0.0717929 0.0853426 0.0494119 0.0870023 0.0743972 0.0789219 0.0536132 0.0694702 0.0441246 0.0512173 0.0478463 0.0568807 0.0000000 0.0442721 0.0888172 0.0903695 0.0670857 0.0614847 0.0950088 0.0490895 
Phalangeridae_Phalanger_carmelitae           0.0391495 0.0660209 0.0536377 0.0497145 0.0511233 0.0864073 0.0185714 0.0087187 0.0803411 0.0118776 0.0810802 0.0026056 0.0375448 0.0816849 0.0829541 0.0706794 0.0747057 0.0427079 0.0851517 0.0688286 0.0768698 0.0492450 0.0611482 0.0393884 0.0444955 0.0434810 0.0594552 0.0442721 0.0000000 0.0785160 0.0850011 0.0542696 0.0509121 0.0927009 0.0438115 
Peramelidae_Peroryctes_raffrayana            0.0833807 0.0804952 0.0811780 0.0934160 0.0911391 0.1019211 0.0812172 0.0795510 0.0212517 0.0833589 0.0989180 0.0770789 0.0784049 0.0955075 0.1012913 0.0875250 0.0184737 0.0847261 0.0841426 0.0771810 0.0946434 0.0880051 0.0834658 0.0875917 0.0856759 0.0841038 0.0929760 0.0888172 0.0785160 0.0000000 0.1023970 0.0128232 0.0943321 0.1088701 0.0891722 
Dasyuridae_Dasyurus_geffroii                 0.0878818 0.0889604 0.0775012 0.0932550 0.0934452 0.0065336 0.0859670 0.0824886 0.1010136 0.0826549 0.0318988 0.0845954 0.0847182 0.0186974 0.0078449 0.0310284 0.0975234 0.0857845 0.1102020 0.0975851 0.0122436 0.0879773 0.0784877 0.0839300 0.0872165 0.0838924 0.0967275 0.0903695 0.0850011 0.1023970 0.0000000 0.0853258 0.0975344 0.0194361 0.0899558 
Peramelidae_Perameles_gunnii                 0.0644123 0.0683168 0.0741357 0.0707726 0.0692807 0.0853672 0.0573196 0.0551201 0.0017032 0.0588670 0.0890556 0.0533201 0.0603336 0.0760441 0.0842090 0.0710010 0.0127710 0.0624691 0.0906862 0.0804005 0.0796308 0.0634978 0.0661518 0.0675547 0.0604993 0.0601709 0.0748818 0.0670857 0.0542696 0.0128232 0.0853258 0.0000000 0.0751813 0.1002265 0.0642998 
Potoroidae_Aepyprymnus_rufescens             0.0520918 0.0728864 0.0700990 0.0101100 0.0105836 0.0986236 0.0509018 0.0514983 0.0970908 0.0523186 0.0921518 0.0499089 0.0509185 0.0928314 0.0962528 0.0837915 0.0900573 0.0203225 0.0970505 0.0783633 0.0846243 0.0342402 0.0743663 0.0520148 0.0242624 0.0561842 0.0739806 0.0614847 0.0509121 0.0943321 0.0975344 0.0751813 0.0000000 0.1012706 0.0587259 
Dasyuridae_Phascogale_tapoatafa              0.0950135 0.0932794 0.0827923 0.1003794 0.0997891 0.0218826 0.0915750 0.0898860 0.1101578 0.0874235 0.0347747 0.0928321 0.0901042 0.0078157 0.0189164 0.0338026 0.1018560 0.0922587 0.1222798 0.1068613 0.0077360 0.0965721 0.0824369 0.0893107 0.0929932 0.0856741 0.1022528 0.0950088 0.0927009 0.1088701 0.0194361 0.1002265 0.1012706 0.0000000 0.0909116 
Pseudochiridae_Pseudochirulus_forbesi        0.0444505 0.0657103 0.0637224 0.0583594 0.0572137 0.0894235 0.0471568 0.0448503 0.0946118 0.0475229 0.0854916 0.0437833 0.0425710 0.0853042 0.0871685 0.0764590 0.0886759 0.0494035 0.0963234 0.0796052 0.0762665 0.0553685 0.0696787 0.0239630 0.0514906 0.0132608 0.0518413 0.0490895 0.0438115 0.0891722 0.0899558 0.0642998 0.0587259 0.0909116 0.0000000 
