35
Burramyidae_Burramys_parvus                  0.0000000 0.1487473 0.0448418 0.0447018 0.0454699 0.0541961 0.0476193 0.0478761 0.0505382 0.0987080 0.0373338 0.0372584 0.0566426 0.0457076 0.0528680 0.0530016 0.0522570 0.0588940 0.0767731 0.0429336 0.0564825 0.0797341 0.0729679 0.0532646 0.0434832 0.0734081 0.0474499 0.0409797 0.0414133 0.0731523 0.0538068 0.1112393 0.0812895 0.0523877 0.0816923 
Notoryctidae_Notoryctes_typhlops             0.1487473 0.0000000 0.1379394 0.1547472 0.1490077 0.1486141 0.1515397 0.1518954 0.1546244 0.2108320 0.1344994 0.1531250 0.1518719 0.1448591 0.1459619 0.1466891 0.1448256 0.1806335 0.1726534 0.1632347 0.1661658 0.1975042 0.1697406 0.1494966 0.1418865 0.1616866 0.1530294 0.1451084 0.1472007 0.1687758 0.1599214 0.0822718 0.1744897 0.1440652 0.1944748 
Vombatidae_Lasiorhinus_latifrons             0.0448418 0.1379394 0.0000000 0.0466904 0.0465557 0.0441062 0.0463805 0.0485610 0.0482963 0.0886170 0.0369460 0.0333199 0.0474133 0.0448027 0.0504947 0.0449645 0.0423062 0.0513077 0.0665815 0.0401471 0.0572541 0.0804073 0.0682956 0.0450806 0.0450141 0.0644885 0.0448969 0.0395032 0.0399086 0.0636697 0.0518099 0.1061613 0.0724882 0.0424085 0.0744495 
Potoroidae_Bettongia_penicillata             0.0447018 0.1547472 0.0466904 0.0000000 0.0055350 0.0541102 0.0526003 0.0476115 0.0162255 0.0969677 0.0385863 0.0442368 0.0660728 0.0456716 0.0584672 0.0574195 0.0555382 0.0630599 0.0765604 0.0183638 0.0600821 0.0845593 0.0796496 0.0584706 0.0335843 0.0807065 0.0498004 0.0170532 0.0419053 0.0714641 0.0545741 0.1080360 0.0792566 0.0540201 0.0834768 
Potoroidae_Bettongia_lesueur                 0.0454699 0.1490077 0.0465557 0.0055350 0.0000000 0.0539933 0.0533304 0.0493214 0.0147669 0.0977867 0.0401247 0.0433171 0.0658735 0.0464294 0.0582913 0.0572498 0.0553754 0.0618719 0.0763832 0.0157588 0.0599032 0.0862772 0.0793902 0.0583863 0.0319597 0.0786890 0.0497309 0.0155653 0.0409111 0.0705859 0.0544124 0.1048342 0.0808189 0.0538619 0.0854405 
Dasyuridae_Dasyurus_maculatus                0.0541961 0.1486141 0.0441062 0.0541102 0.0539933 0.0000000 0.0601182 0.0554658 0.0541324 0.0903165 0.0492293 0.0097631 0.0229048 0.0564237 0.0565668 0.0119454 0.0027537 0.0365670 0.0705150 0.0452557 0.0650127 0.0809862 0.0733912 0.0119723 0.0475213 0.0798700 0.0531918 0.0444744 0.0379829 0.0726099 0.0594733 0.1234609 0.0767086 0.0041400 0.0771752 
Phalangeridae_Trichosurus_vulpecula          0.0476193 0.1515397 0.0463805 0.0526003 0.0533304 0.0601182 0.0000000 0.0207597 0.0567995 0.1127719 0.0174791 0.0474718 0.0678350 0.0170072 0.0533427 0.0619554 0.0581433 0.0700881 0.0897512 0.0500450 0.0617255 0.0962094 0.0825700 0.0612728 0.0484773 0.0882586 0.0501561 0.0445333 0.0456680 0.0728745 0.0579875 0.0748285 0.0973586 0.0582879 0.0923481 
Phalangeridae_Spilocuscus_maculatus          0.0478761 0.1518954 0.0485610 0.0476115 0.0493214 0.0554658 0.0207597 0.0000000 0.0503011 0.1086982 0.0089062 0.0472710 0.0641084 0.0094020 0.0536935 0.0565107 0.0535158 0.0708270 0.0854764 0.0462397 0.0588670 0.0956862 0.0793302 0.0565786 0.0451610 0.0838400 0.0475638 0.0386481 0.0444966 0.0691098 0.0560184 0.0688800 0.0934824 0.0536527 0.0867149 
Potoroidae_Aepyprymnus_rufescens             0.0505382 0.1546244 0.0482963 0.0162255 0.0147669 0.0541324 0.0567995 0.0503011 0.0000000 0.1060335 0.0442444 0.0424832 0.0677609 0.0514228 0.0601490 0.0583682 0.0555174 0.0585119 0.0837920 0.0218506 0.0651477 0.0907858 0.0802703 0.0576843 0.0335759 0.0798460 0.0531348 0.0185279 0.0418142 0.0751755 0.0596027 0.1120163 0.0883926 0.0556547 0.0926161 
Peramelidae_Perameles_nasuta                 0.0987080 0.2108320 0.0886170 0.0969677 0.0977867 0.0903165 0.1127719 0.1086982 0.1060335 0.0000000 0.0965147 0.0768511 0.0953134 0.1086236 0.1036009 0.0913469 0.0899813 0.0882730 0.0279279 0.1028377 0.1040313 0.1263822 0.1172428 0.0935014 0.1031400 0.1252500 0.0917171 0.0908284 0.0836239 0.1261550 0.1034329 0.1969981 0.0325490 0.0862827 0.0169738 
Phalangeridae_Strigocuscus_pelengensis       0.0373338 0.1344994 0.0369460 0.0385863 0.0401247 0.0492293 0.0174791 0.0089062 0.0442444 0.0965147 0.0000000 0.0347244 0.0560516 0.0063852 0.0456873 0.0500492 0.0474935 0.0581595 0.0756921 0.0374344 0.0509954 0.0841599 0.0723272 0.0502410 0.0386207 0.0761293 0.0402449 0.0331229 0.0340077 0.0640704 0.0489258 0.0623449 0.0828775 0.0474950 0.0815184 
Dasyuridae_Phascogale_tapoatafa              0.0372584 0.1531250 0.0333199 0.0442368 0.0433171 0.0097631 0.0474718 0.0472710 0.0424832 0.0768511 0.0347244 0.0000000 0.0207021 0.0444539 0.0469169 0.0000010 0.0080797 0.0355713 0.0541637 0.0330931 0.0423867 0.0690875 0.0568744 0.0048272 0.0334288 0.0650961 0.0359995 0.0344090 0.0352803 0.0577555 0.0505828 0.1231283 0.0589357 0.0081014 0.0596278 
Dasyuridae_Sminthopsis_macroura              0.0566426 0.1518719 0.0474133 0.0660728 0.0658735 0.0229048 0.0678350 0.0641084 0.0677609 0.0953134 0.0560516 0.0207021 0.0000000 0.0640583 0.0625302 0.0229495 0.0214206 0.0315637 0.0731608 0.0588742 0.0677894 0.0866088 0.0760971 0.0230984 0.0575094 0.0858459 0.0583276 0.0568221 0.0454334 0.0719240 0.0629576 0.1338405 0.0782028 0.0244289 0.0810580 
Phalangeridae_Phalanger_orientalis           0.0457076 0.1448591 0.0448027 0.0456716 0.0464294 0.0564237 0.0170072 0.0094020 0.0514228 0.1086236 0.0063852 0.0444539 0.0640583 0.0000000 0.0521161 0.0582692 0.0545406 0.0653908 0.0862893 0.0457937 0.0570900 0.0933659 0.0791206 0.0574974 0.0440267 0.0826688 0.0462963 0.0377606 0.0407070 0.0683366 0.0517399 0.0569626 0.0938111 0.0546749 0.0895473 
Acrobatidae_Acrobates_pygmaeus               0.0528680 0.1459619 0.0504947 0.0584672 0.0582913 0.0565668 0.0533427 0.0536935 0.0601490 0.1036009 0.0456873 0.0469169 0.0625302 0.0521161 0.0000000 0.0574836 0.0545502 0.0678379 0.0815348 0.0497828 0.0556517 0.0843278 0.0760080 0.0576426 0.0499811 0.0852565 0.0422667 0.0476249 0.0394451 0.0636769 0.0271877 0.1131406 0.0860130 0.0547453 0.0915983 
Dasyuridae_Phascogale_calura                 0.0530016 0.1466891 0.0449645 0.0574195 0.0572498 0.0119454 0.0619554 0.0565107 0.0583682 0.0913469 0.0500492 0.0000010 0.0229495 0.0582692 0.0574836 0.0000000 0.0104850 0.0356410 0.0704923 0.0498526 0.0625397 0.0808374 0.0709504 0.0076662 0.0500269 0.0788821 0.0541255 0.0493383 0.0354077 0.0747257 0.0597119 0.1282871 0.0737482 0.0119286 0.0761672 
Dasyuridae_Sarcophilus_harrisii              0.0522570 0.1448256 0.0423062 0.0555382 0.0553754 0.0027537 0.0581433 0.0535158 0.0555174 0.0899813 0.0474935 0.0080797 0.0214206 0.0545406 0.0545502 0.0104850 0.0000000 0.0374118 0.0693358 0.0469384 0.0629942 0.0831071 0.0730161 0.0105083 0.0472916 0.0776224 0.0513362 0.0442940 0.0359577 0.0716817 0.0566002 0.1215584 0.0754099 0.0027481 0.0758283 
Dasyuridae_Planigale_tenuirostris            0.0588940 0.1806335 0.0513077 0.0630599 0.0618719 0.0365670 0.0700881 0.0708270 0.0585119 0.0882730 0.0581595 0.0355713 0.0315637 0.0653908 0.0678379 0.0356410 0.0374118 0.0000000 0.0678079 0.0600480 0.0628966 0.0889374 0.0781398 0.0355436 0.0557169 0.0846233 0.0532839 0.0522488 0.0577027 0.0722467 0.0704114 0.1527235 0.0741740 0.0375273 0.0771376 
Peramelidae_Echymipera_kalubu                0.0767731 0.1726534 0.0665815 0.0765604 0.0763832 0.0705150 0.0897512 0.0854764 0.0837920 0.0279279 0.0756921 0.0541637 0.0731608 0.0862893 0.0815348 0.0704923 0.0693358 0.0678079 0.0000000 0.0739517 0.0821129 0.1029106 0.0928351 0.0734810 0.0793599 0.1004500 0.0730203 0.0677270 0.0575640 0.1003795 0.0802073 0.1592126 0.0105657 0.0668917 0.0122520 
Macropodidae_Dorcopsulus_vanheurni           0.0429336 0.1632347 0.0401471 0.0183638 0.0157588 0.0452557 0.0500450 0.0462397 0.0218506 0.1028377 0.0374344 0.0330931 0.0588742 0.0457937 0.0497828 0.0498526 0.0469384 0.0600480 0.0739517 0.0000000 0.0546334 0.0774784 0.0676344 0.0489028 0.0253642 0.0730697 0.0429274 0.0057288 0.0311074 0.0646252 0.0503950 0.1221757 0.0813805 0.0470738 0.0871381 
Pseudochiridae_Pseudochirulus_forbesi        0.0564825 0.1661658 0.0572541 0.0600821 0.0599032 0.0650127 0.0617255 0.0588670 0.0651477 0.1040313 0.0509954 0.0423867 0.0677894 0.0570900 0.0556517 0.0625397 0.0629942 0.0628966 0.0821129 0.0546334 0.0000000 0.0924864 0.0820445 0.0635608 0.0525083 0.0936111 0.0359640 0.0542899 0.0236228 0.0742159 0.0610417 0.1251170 0.0892991 0.0631513 0.0870293 
Didelphidae_Didelphis_virginiana             0.0797341 0.1975042 0.0804073 0.0845593 0.0862772 0.0809862 0.0962094 0.0956862 0.0907858 0.1263822 0.0841599 0.0690875 0.0866088 0.0933659 0.0843278 0.0808374 0.0831071 0.0889374 0.1029106 0.0774784 0.0924864 0.0000000 0.0350358 0.0841408 0.0868412 0.1062582 0.0778946 0.0831716 0.0727077 0.0937826 0.0873389 0.1769699 0.1111396 0.0791788 0.1063396 
Marmosidae_Monodelphis_domestica             0.0729679 0.1697406 0.0682956 0.0796496 0.0793902 0.0733912 0.0825700 0.0793302 0.0802703 0.1172428 0.0723272 0.0568744 0.0760971 0.0791206 0.0760080 0.0709504 0.0730161 0.0781398 0.0928351 0.0676344 0.0820445 0.0350358 0.0000000 0.0742805 0.0749503 0.0911386 0.0681348 0.0704506 0.0581363 0.0845630 0.0793366 0.1539229 0.0976823 0.0733293 0.0964681 
Dasyuridae_Antechinus_stuartii               0.0532646 0.1494966 0.0450806 0.0584706 0.0583863 0.0119723 0.0612728 0.0565786 0.0576843 0.0935014 0.0502410 0.0048272 0.0230984 0.0574974 0.0576426 0.0076662 0.0105083 0.0355436 0.0734810 0.0489028 0.0635608 0.0841408 0.0742805 0.0000000 0.0493381 0.0789750 0.0541031 0.0485336 0.0382629 0.0758395 0.0615823 0.1264705 0.0779543 0.0119554 0.0793843 
Hypsiprymnodontidae_Hypsiprymnodon_moschatus 0.0434832 0.1418865 0.0450141 0.0335843 0.0319597 0.0475213 0.0484773 0.0451610 0.0335759 0.1031400 0.0386207 0.0334288 0.0575094 0.0440267 0.0499811 0.0500269 0.0472916 0.0557169 0.0793599 0.0253642 0.0525083 0.0868412 0.0749503 0.0493381 0.0000000 0.0808654 0.0400212 0.0207822 0.0318179 0.0646722 0.0528301 0.1028994 0.0866383 0.0474071 0.0868744 
Microbiotheriidae_Dromiciops_gliroides       0.0734081 0.1616866 0.0644885 0.0807065 0.0786890 0.0798700 0.0882586 0.0838400 0.0798460 0.1252500 0.0761293 0.0650961 0.0858459 0.0826688 0.0852565 0.0788821 0.0776224 0.0846233 0.1004500 0.0730697 0.0936111 0.1062582 0.0911386 0.0789750 0.0808654 0.0000000 0.0798794 0.0733254 0.0602979 0.1089113 0.0852600 0.1464192 0.1006412 0.0778324 0.1121735 
Pseudochiridae_Petauroides_volans            0.0474499 0.1530294 0.0448969 0.0498004 0.0497309 0.0531918 0.0501561 0.0475638 0.0531348 0.0917171 0.0402449 0.0359995 0.0583276 0.0462963 0.0422667 0.0541255 0.0513362 0.0532839 0.0730203 0.0429274 0.0359640 0.0778946 0.0681348 0.0541031 0.0400212 0.0798794 0.0000000 0.0393584 0.0235910 0.0516316 0.0475298 0.1101053 0.0773111 0.0514622 0.0788381 
Macropodidae_Wallabia_bicolor                0.0409797 0.1451084 0.0395032 0.0170532 0.0155653 0.0444744 0.0445333 0.0386481 0.0185279 0.0908284 0.0331229 0.0344090 0.0568221 0.0377606 0.0476249 0.0493383 0.0442940 0.0522488 0.0677270 0.0057288 0.0542899 0.0831716 0.0704506 0.0485336 0.0207822 0.0733254 0.0393584 0.0000000 0.0291724 0.0610714 0.0464777 0.0972425 0.0747302 0.0444023 0.0787369 
Pseudochiridae_Pseudocheirus_occidentalis    0.0414133 0.1472007 0.0399086 0.0419053 0.0409111 0.0379829 0.0456680 0.0444966 0.0418142 0.0836239 0.0340077 0.0352803 0.0454334 0.0407070 0.0394451 0.0354077 0.0359577 0.0577027 0.0575640 0.0311074 0.0236228 0.0727077 0.0581363 0.0382629 0.0318179 0.0602979 0.0235910 0.0291724 0.0000000 0.0537327 0.0428256 0.1163371 0.0623563 0.0360594 0.0666592 
Tarsipedidae_Tarsipes_rostratus              0.0731523 0.1687758 0.0636697 0.0714641 0.0705859 0.0726099 0.0728745 0.0691098 0.0751755 0.1261550 0.0640704 0.0577555 0.0719240 0.0683366 0.0636769 0.0747257 0.0716817 0.0722467 0.1003795 0.0646252 0.0742159 0.0937826 0.0845630 0.0758395 0.0646722 0.1089113 0.0516316 0.0610714 0.0537327 0.0000000 0.0637184 0.1352232 0.1038550 0.0718671 0.1080829 
Acrobatidae_Distoechurus_pennatus            0.0538068 0.1599214 0.0518099 0.0545741 0.0544124 0.0594733 0.0579875 0.0560184 0.0596027 0.1034329 0.0489258 0.0505828 0.0629576 0.0517399 0.0271877 0.0597119 0.0566002 0.0704114 0.0802073 0.0503950 0.0610417 0.0873389 0.0793366 0.0615823 0.0528301 0.0852600 0.0475298 0.0464777 0.0428256 0.0637184 0.0000000 0.1099940 0.0869078 0.0559691 0.0912304 
Phalangeridae_Phalanger_carmelitae           0.1112393 0.0822718 0.1061613 0.1080360 0.1048342 0.1234609 0.0748285 0.0688800 0.1120163 0.1969981 0.0623449 0.1231283 0.1338405 0.0569626 0.1131406 0.1282871 0.1215584 0.1527235 0.1592126 0.1221757 0.1251170 0.1769699 0.1539229 0.1264705 0.1028994 0.1464192 0.1101053 0.0972425 0.1163371 0.1352232 0.1099940 0.0000000 0.1702163 0.1219273 0.1755375 
Peramelidae_Peroryctes_raffrayana            0.0812895 0.1744897 0.0724882 0.0792566 0.0808189 0.0767086 0.0973586 0.0934824 0.0883926 0.0325490 0.0828775 0.0589357 0.0782028 0.0938111 0.0860130 0.0737482 0.0754099 0.0741740 0.0105657 0.0813805 0.0892991 0.1111396 0.0976823 0.0779543 0.0866383 0.1006412 0.0773111 0.0747302 0.0623563 0.1038550 0.0869078 0.1702163 0.0000000 0.0729171 0.0163081 
Dasyuridae_Dasyurus_geffroii                 0.0523877 0.1440652 0.0424085 0.0540201 0.0538619 0.0041400 0.0582879 0.0536527 0.0556547 0.0862827 0.0474950 0.0081014 0.0244289 0.0546749 0.0547453 0.0119286 0.0027481 0.0375273 0.0668917 0.0470738 0.0631513 0.0791788 0.0733293 0.0119554 0.0474071 0.0778324 0.0514622 0.0444023 0.0360594 0.0718671 0.0559691 0.1219273 0.0729171 0.0000000 0.0731179 
Peramelidae_Perameles_gunnii                 0.0816923 0.1944748 0.0744495 0.0834768 0.0854405 0.0771752 0.0923481 0.0867149 0.0926161 0.0169738 0.0815184 0.0596278 0.0810580 0.0895473 0.0915983 0.0761672 0.0758283 0.0771376 0.0122520 0.0871381 0.0870293 0.1063396 0.0964681 0.0793843 0.0868744 0.1121735 0.0788381 0.0787369 0.0666592 0.1080829 0.0912304 0.1755375 0.0163081 0.0731179 0.0000000 
