37
Burramyidae_Burramys_parvus                  0.0000000 0.0291443 0.0212892 0.0356139 0.0342789 0.0353675 0.0209736 0.0179073 0.0340851 0.0305022 0.0563816 0.0171365 0.0377636 0.0379329 0.0220421 0.0183532 0.0375360 0.0364092 0.0274348 0.0169183 0.0330763 0.0305209 0.0293942 0.0220703 0.0182405 0.0281236 0.0200238 0.0294959 0.0195249 0.0563816 0.0207508 0.0294167 0.0370647 0.0312484 0.0356365 0.0292483 0.0384685 
Notoryctidae_Notoryctes_typhlops             0.0291443 0.0000000 0.0347188 0.0507800 0.0486071 0.0448238 0.0362321 0.0330122 0.0475249 0.0404054 0.0802943 0.0302670 0.0468877 0.0481217 0.0386063 0.0313587 0.0459368 0.0466113 0.0428262 0.0300105 0.0445443 0.0419301 0.0440135 0.0323014 0.0318582 0.0425600 0.0410475 0.0446453 0.0338461 0.0802943 0.0364510 0.0368849 0.0474081 0.0410718 0.0450721 0.0359764 0.0465869 
Vombatidae_Lasiorhinus_latifrons             0.0212892 0.0347188 0.0000000 0.0386987 0.0369830 0.0389464 0.0273191 0.0235198 0.0381056 0.0334078 0.0466611 0.0233138 0.0419843 0.0434771 0.0293064 0.0250457 0.0413887 0.0406200 0.0308394 0.0196802 0.0363236 0.0332953 0.0328831 0.0245281 0.0226243 0.0317244 0.0254359 0.0353818 0.0258802 0.0466611 0.0262392 0.0301854 0.0410519 0.0343032 0.0394034 0.0302332 0.0429704 
Potoroidae_Bettongia_penicillata             0.0356139 0.0507800 0.0386987 0.0000000 0.0042685 0.0548855 0.0405976 0.0365564 0.0151200 0.0464965 0.0571361 0.0378379 0.0580707 0.0615251 0.0424490 0.0384386 0.0579578 0.0555830 0.0192447 0.0353209 0.0531178 0.0511782 0.0309773 0.0413543 0.0365996 0.0181638 0.0274190 0.0444521 0.0385051 0.0571361 0.0409248 0.0454428 0.0569408 0.0476372 0.0574542 0.0454633 0.0605604 
Potoroidae_Bettongia_lesueur                 0.0342789 0.0486071 0.0369830 0.0042685 0.0000000 0.0531700 0.0393952 0.0349431 0.0133081 0.0453495 0.0571361 0.0358464 0.0564780 0.0595455 0.0407693 0.0369272 0.0563403 0.0538424 0.0176552 0.0335493 0.0510234 0.0483347 0.0297306 0.0404289 0.0353851 0.0166350 0.0282706 0.0427794 0.0369948 0.0571361 0.0389282 0.0442751 0.0551366 0.0466454 0.0554980 0.0447153 0.0588383 
Dasyuridae_Dasyurus_maculatus                0.0353675 0.0448238 0.0389464 0.0548855 0.0531700 0.0000000 0.0407072 0.0368695 0.0524860 0.0426692 0.0212906 0.0346600 0.0076158 0.0148041 0.0418124 0.0383559 0.0072058 0.0026482 0.0433266 0.0346419 0.0458834 0.0431313 0.0472098 0.0363744 0.0368880 0.0435804 0.0565527 0.0498996 0.0403852 0.0212906 0.0403098 0.0404074 0.0023398 0.0433106 0.0129128 0.0412031 0.0080997 
Phalangeridae_Trichosurus_vulpecula          0.0209736 0.0362321 0.0273191 0.0405976 0.0393952 0.0407072 0.0000000 0.0124492 0.0396325 0.0359160 0.0376933 0.0129558 0.0432437 0.0453440 0.0168605 0.0247501 0.0439747 0.0418267 0.0327544 0.0220965 0.0391468 0.0369365 0.0359531 0.0278869 0.0238931 0.0340528 0.0221873 0.0340355 0.0275093 0.0376933 0.0150771 0.0339006 0.0431342 0.0369084 0.0437391 0.0339786 0.0454772 
Phalangeridae_Spilocuscus_maculatus          0.0179073 0.0330122 0.0235198 0.0365564 0.0349431 0.0368695 0.0124492 0.0000000 0.0346075 0.0330628 0.0292486 0.0043857 0.0382549 0.0401327 0.0090295 0.0223465 0.0380400 0.0375021 0.0281383 0.0186284 0.0366318 0.0341769 0.0317478 0.0247575 0.0199586 0.0296159 0.0225455 0.0314125 0.0237023 0.0292486 0.0063779 0.0306507 0.0387362 0.0337939 0.0377370 0.0306939 0.0394712 
Potoroidae_Aepyprymnus_rufescens             0.0340851 0.0475249 0.0381056 0.0151200 0.0133081 0.0524860 0.0396325 0.0346075 0.0000000 0.0474880 0.0676891 0.0359013 0.0558875 0.0592809 0.0410210 0.0374590 0.0559769 0.0536451 0.0157568 0.0341219 0.0519539 0.0494563 0.0298067 0.0396259 0.0360360 0.0154242 0.0364247 0.0454551 0.0368724 0.0676891 0.0389030 0.0459631 0.0545384 0.0485816 0.0551509 0.0464335 0.0575595 
Peramelidae_Perameles_nasuta                 0.0305022 0.0404054 0.0334078 0.0464965 0.0453495 0.0426692 0.0359160 0.0330628 0.0474880 0.0000000 0.0295486 0.0275994 0.0449395 0.0454992 0.0355625 0.0322359 0.0454886 0.0427325 0.0407392 0.0310340 0.0397889 0.0386594 0.0410176 0.0321773 0.0328912 0.0409672 0.0440396 0.0420725 0.0331013 0.0295486 0.0362209 0.0092103 0.0446207 0.0003078 0.0431371 0.0088646 0.0460407 
Myrmecobiidae_Myrmecobius_fasciatus1         0.0563816 0.0802943 0.0466611 0.0571361 0.0571361 0.0212906 0.0376933 0.0292486 0.0676891 0.0295486 0.0000000 0.0381530 0.0212906 0.0167700 0.0473049 0.0651680 0.0167324 0.0143253 0.0571361 0.0212906 0.1145636 0.1345013 0.0676891 0.0477201 0.0292486 0.0571361 0.0292269 0.0376349 0.0465432 0.0000010 0.0473049 0.0299691 0.0212906 0.0295486 9.0000000 9.0000000 9.0000000 
Phalangeridae_Strigocuscus_pelengensis       0.0171365 0.0302670 0.0233138 0.0378379 0.0358464 0.0346600 0.0129558 0.0043857 0.0359013 0.0275994 0.0381530 0.0000000 0.0354444 0.0379709 0.0045501 0.0208967 0.0356610 0.0355402 0.0287724 0.0183639 0.0314017 0.0272130 0.0300044 0.0231044 0.0190516 0.0291555 0.0220779 0.0323807 0.0221643 0.0381530 0.0048897 0.0279057 0.0360926 0.0285148 0.0364901 0.0284414 0.0374534 
Dasyuridae_Phascogale_tapoatafa              0.0377636 0.0468877 0.0419843 0.0580707 0.0564780 0.0076158 0.0432437 0.0382549 0.0558875 0.0449395 0.0212906 0.0354444 0.0000000 0.0146089 0.0434731 0.0409549 0.0007808 0.0071323 0.0460934 0.0378291 0.0473491 0.0449970 0.0495489 0.0377364 0.0388698 0.0465012 0.0610965 0.0522527 0.0426070 0.0212906 0.0417089 0.0428928 0.0081066 0.0455591 0.0127403 0.0445477 0.0045614 
Dasyuridae_Sminthopsis_macroura              0.0379329 0.0481217 0.0434771 0.0615251 0.0595455 0.0148041 0.0453440 0.0401327 0.0592809 0.0454992 0.0167700 0.0379709 0.0146089 0.0000000 0.0454673 0.0420579 0.0145642 0.0146329 0.0495211 0.0382760 0.0487504 0.0470197 0.0519337 0.0397271 0.0409476 0.0492647 0.0620500 0.0515804 0.0443646 0.0167700 0.0436541 0.0442913 0.0153781 0.0463241 0.0119637 0.0460864 0.0163781 
Phalangeridae_Phalanger_orientalis           0.0220421 0.0386063 0.0293064 0.0424490 0.0407693 0.0418124 0.0168605 0.0090295 0.0410210 0.0355625 0.0473049 0.0045501 0.0434731 0.0454673 0.0000000 0.0268204 0.0439541 0.0429027 0.0336951 0.0234761 0.0385865 0.0366189 0.0363510 0.0298892 0.0252081 0.0345688 0.0309827 0.0363622 0.0274498 0.0473049 0.0052957 0.0364713 0.0437056 0.0364351 0.0433789 0.0365492 0.0456599 
Acrobatidae_Acrobates_pygmaeus               0.0183532 0.0313587 0.0250457 0.0384386 0.0369272 0.0383559 0.0247501 0.0223465 0.0374590 0.0322359 0.0651680 0.0208967 0.0409549 0.0420579 0.0268204 0.0000000 0.0406022 0.0396239 0.0307983 0.0178257 0.0375253 0.0342974 0.0324158 0.0255432 0.0203905 0.0307049 0.0243534 0.0305759 0.0139694 0.0651680 0.0248770 0.0305395 0.0398586 0.0331224 0.0393717 0.0300088 0.0414253 
Dasyuridae_Phascogale_calura                 0.0375360 0.0459368 0.0413887 0.0579578 0.0563403 0.0072058 0.0439747 0.0380400 0.0559769 0.0454886 0.0167324 0.0356610 0.0007808 0.0145642 0.0439541 0.0406022 0.0000000 0.0068901 0.0461874 0.0378123 0.0472644 0.0448723 0.0492787 0.0378879 0.0386637 0.0461965 0.0622172 0.0527589 0.0428942 0.0167324 0.0417533 0.0433822 0.0077470 0.0461151 0.0132983 0.0448045 0.0043988 
Dasyuridae_Sarcophilus_harrisii              0.0364092 0.0466113 0.0406200 0.0555830 0.0538424 0.0026482 0.0418267 0.0375021 0.0536451 0.0427325 0.0143253 0.0355402 0.0071323 0.0146329 0.0429027 0.0396239 0.0068901 0.0000000 0.0443923 0.0358722 0.0465694 0.0437975 0.0478943 0.0370074 0.0377256 0.0446400 0.0588668 0.0510786 0.0412779 0.0143253 0.0411688 0.0402221 0.0032909 0.0433742 0.0134749 0.0416914 0.0079341 
Macropodidae_Dorcopsulus_vanheurni           0.0274348 0.0428262 0.0308394 0.0192447 0.0176552 0.0433266 0.0327544 0.0281383 0.0157568 0.0407392 0.0571361 0.0287724 0.0460934 0.0495211 0.0336951 0.0307983 0.0461874 0.0443923 0.0000000 0.0272051 0.0428525 0.0407882 0.0244433 0.0328053 0.0300806 0.0040436 0.0311394 0.0387082 0.0304944 0.0571361 0.0321657 0.0389538 0.0458778 0.0420302 0.0446573 0.0390628 0.0480085 
Pseudochiridae_Pseudochirulus_forbesi        0.0169183 0.0300105 0.0196802 0.0353209 0.0335493 0.0346419 0.0220965 0.0186284 0.0341219 0.0310340 0.0212906 0.0183639 0.0378291 0.0382760 0.0234761 0.0178257 0.0378123 0.0358722 0.0272051 0.0000000 0.0327537 0.0306043 0.0271422 0.0208472 0.0111387 0.0271444 0.0069435 0.0248257 0.0193146 0.0212906 0.0216249 0.0283731 0.0357295 0.0315799 0.0368183 0.0295420 0.0400826 
Didelphidae_Didelphis_virginiana             0.0330763 0.0445443 0.0363236 0.0531178 0.0510234 0.0458834 0.0391468 0.0366318 0.0519539 0.0397889 0.1145636 0.0314017 0.0473491 0.0487504 0.0385865 0.0375253 0.0472644 0.0465694 0.0428525 0.0327537 0.0000000 0.0116339 0.0457135 0.0339220 0.0326670 0.0436339 0.0446583 0.0433503 0.0380628 0.1145636 0.0399883 0.0373024 0.0474223 0.0400461 0.0437933 0.0365871 0.0474309 
Marmosidae_Monodelphis_domestica             0.0305209 0.0419301 0.0332953 0.0511782 0.0483347 0.0431313 0.0369365 0.0341769 0.0494563 0.0386594 0.1345013 0.0272130 0.0449970 0.0470197 0.0366189 0.0342974 0.0448723 0.0437975 0.0407882 0.0306043 0.0116339 0.0000000 0.0429981 0.0313930 0.0307349 0.0419938 0.0426666 0.0416547 0.0355535 0.1345013 0.0376735 0.0370479 0.0450505 0.0391374 0.0421329 0.0356420 0.0454514 
Hypsiprymnodontidae_Hypsiprymnodon_moschatus 0.0293942 0.0440135 0.0328831 0.0309773 0.0297306 0.0472098 0.0359531 0.0317478 0.0298067 0.0410176 0.0676891 0.0300044 0.0495489 0.0519337 0.0363510 0.0324158 0.0492787 0.0478943 0.0244433 0.0271422 0.0457135 0.0429981 0.0000000 0.0348435 0.0302098 0.0233086 0.0304479 0.0420082 0.0315427 0.0676891 0.0350357 0.0409206 0.0495956 0.0418805 0.0483848 0.0410442 0.0518848 
Microbiotheriidae_Dromiciops_gliroides       0.0220703 0.0323014 0.0245281 0.0413543 0.0404289 0.0363744 0.0278869 0.0247575 0.0396259 0.0321773 0.0477201 0.0231044 0.0377364 0.0397271 0.0298892 0.0255432 0.0378879 0.0370074 0.0328053 0.0208472 0.0339220 0.0313930 0.0348435 0.0000000 0.0229257 0.0332534 0.0273168 0.0346224 0.0257994 0.0477201 0.0282731 0.0295405 0.0377532 0.0327136 0.0355500 0.0293064 0.0388313 
Pseudochiridae_Petauroides_volans            0.0182405 0.0318582 0.0226243 0.0365996 0.0353851 0.0368880 0.0238931 0.0199586 0.0360360 0.0328912 0.0292486 0.0190516 0.0388698 0.0409476 0.0252081 0.0203905 0.0386637 0.0377256 0.0300806 0.0111387 0.0326670 0.0307349 0.0302098 0.0229257 0.0000000 0.0305792 0.0150469 0.0271196 0.0213601 0.0292486 0.0231626 0.0304566 0.0377374 0.0334024 0.0375556 0.0314804 0.0405770 
Macropodidae_Wallabia_bicolor                0.0281236 0.0425600 0.0317244 0.0181638 0.0166350 0.0435804 0.0340528 0.0296159 0.0154242 0.0409672 0.0571361 0.0291555 0.0465012 0.0492647 0.0345688 0.0307049 0.0461965 0.0446400 0.0040436 0.0271444 0.0436339 0.0419938 0.0233086 0.0332534 0.0305792 0.0000000 0.0291915 0.0382521 0.0302154 0.0571361 0.0328433 0.0396005 0.0459460 0.0422646 0.0441634 0.0393225 0.0477739 
Pseudochiridae_Pseudocheirus_occidentalis    0.0200238 0.0410475 0.0254359 0.0274190 0.0282706 0.0565527 0.0221873 0.0225455 0.0364247 0.0440396 0.0292269 0.0220779 0.0610965 0.0620500 0.0309827 0.0243534 0.0622172 0.0588668 0.0311394 0.0069435 0.0446583 0.0426666 0.0304479 0.0273168 0.0150469 0.0291915 0.0000000 0.0209728 0.0242448 0.0292269 0.0271742 0.0387858 0.0586528 0.0434611 0.0619669 0.0385593 0.0672689 
Tarsipedidae_Tarsipes_rostratus              0.0294959 0.0446453 0.0353818 0.0444521 0.0427794 0.0498996 0.0340355 0.0314125 0.0454551 0.0420725 0.0376349 0.0323807 0.0522527 0.0515804 0.0363622 0.0305759 0.0527589 0.0510786 0.0387082 0.0248257 0.0433503 0.0416547 0.0420082 0.0346224 0.0271196 0.0382521 0.0209728 0.0000000 0.0324156 0.0376349 0.0346079 0.0391930 0.0518426 0.0429282 0.0506415 0.0405104 0.0531392 
Acrobatidae_Distoechurus_pennatus            0.0195249 0.0338461 0.0258802 0.0385051 0.0369948 0.0403852 0.0275093 0.0237023 0.0368724 0.0331013 0.0465432 0.0221643 0.0426070 0.0443646 0.0274498 0.0139694 0.0428942 0.0412779 0.0304944 0.0193146 0.0380628 0.0355535 0.0315427 0.0257994 0.0213601 0.0302154 0.0242448 0.0324156 0.0000000 0.0465432 0.0260615 0.0314784 0.0423210 0.0340002 0.0398342 0.0313154 0.0429575 
Myrmecobiidae_Myrmecobius_fasciatus2         0.0563816 0.0802943 0.0466611 0.0571361 0.0571361 0.0212906 0.0376933 0.0292486 0.0676891 0.0295486 0.0000010 0.0381530 0.0212906 0.0167700 0.0473049 0.0651680 0.0167324 0.0143253 0.0571361 0.0212906 0.1145636 0.1345013 0.0676891 0.0477201 0.0292486 0.0571361 0.0292269 0.0376349 0.0465432 0.0000000 0.0473049 0.0299691 0.0212906 0.0295486 9.0000000 9.0000000 9.0000000 
Phalangeridae_Phalanger_carmelitae           0.0207508 0.0364510 0.0262392 0.0409248 0.0389282 0.0403098 0.0150771 0.0063779 0.0389030 0.0362209 0.0473049 0.0048897 0.0417089 0.0436541 0.0052957 0.0248770 0.0417533 0.0411688 0.0321657 0.0216249 0.0399883 0.0376735 0.0350357 0.0282731 0.0231626 0.0328433 0.0271742 0.0346079 0.0260615 0.0473049 0.0000000 0.0338473 0.0422117 0.0373068 0.0411614 0.0343025 0.0431339 
Peramelidae_Peroryctes_raffrayana            0.0294167 0.0368849 0.0301854 0.0454428 0.0442751 0.0404074 0.0339006 0.0306507 0.0459631 0.0092103 0.0299691 0.0279057 0.0428928 0.0442913 0.0364713 0.0305395 0.0433822 0.0402221 0.0389538 0.0283731 0.0373024 0.0370479 0.0409206 0.0295405 0.0304566 0.0396005 0.0387858 0.0391930 0.0314784 0.0299691 0.0338473 0.0000000 0.0421987 0.0089620 0.0410421 0.0040069 0.0444749 
Dasyuridae_Dasyurus_geffroii                 0.0370647 0.0474081 0.0410519 0.0569408 0.0551366 0.0023398 0.0431342 0.0387362 0.0545384 0.0446207 0.0212906 0.0360926 0.0081066 0.0153781 0.0437056 0.0398586 0.0077470 0.0032909 0.0458778 0.0357295 0.0474223 0.0450505 0.0495956 0.0377532 0.0377374 0.0459460 0.0586528 0.0518426 0.0423210 0.0212906 0.0422117 0.0421987 0.0000000 0.0452224 0.0136739 0.0425855 0.0086658 
Peramelidae_Perameles_gunnii                 0.0312484 0.0410718 0.0343032 0.0476372 0.0466454 0.0433106 0.0369084 0.0337939 0.0485816 0.0003078 0.0295486 0.0285148 0.0455591 0.0463241 0.0364351 0.0331224 0.0461151 0.0433742 0.0420302 0.0315799 0.0400461 0.0391374 0.0418805 0.0327136 0.0334024 0.0422646 0.0434611 0.0429282 0.0340002 0.0295486 0.0373068 0.0089620 0.0452224 0.0000000 0.0438599 0.0084018 0.0469424 
Dasyuridae_Planigale_tenuirostris            0.0356365 0.0450721 0.0394034 0.0574542 0.0554980 0.0129128 0.0437391 0.0377370 0.0551509 0.0431371 9.0000000 0.0364901 0.0127403 0.0119637 0.0433789 0.0393717 0.0132983 0.0134749 0.0446573 0.0368183 0.0437933 0.0421329 0.0483848 0.0355500 0.0375556 0.0441634 0.0619669 0.0506415 0.0398342 9.0000000 0.0411614 0.0410421 0.0136739 0.0438599 0.0000000 0.0419904 0.0146389 
Peramelidae_Echymipera_kalubu                0.0292483 0.0359764 0.0302332 0.0454633 0.0447153 0.0412031 0.0339786 0.0306939 0.0464335 0.0088646 9.0000000 0.0284414 0.0445477 0.0460864 0.0365492 0.0300088 0.0448045 0.0416914 0.0390628 0.0295420 0.0365871 0.0356420 0.0410442 0.0293064 0.0314804 0.0393225 0.0385593 0.0405104 0.0313154 9.0000000 0.0343025 0.0040069 0.0425855 0.0084018 0.0419904 0.0000000 0.0453432 
Dasyuridae_Antechinus_stuartii               0.0384685 0.0465869 0.0429704 0.0605604 0.0588383 0.0080997 0.0454772 0.0394712 0.0575595 0.0460407 9.0000000 0.0374534 0.0045614 0.0163781 0.0456599 0.0414253 0.0043988 0.0079341 0.0480085 0.0400826 0.0474309 0.0454514 0.0518848 0.0388313 0.0405770 0.0477739 0.0672689 0.0531392 0.0429575 9.0000000 0.0431339 0.0444749 0.0086658 0.0469424 0.0146389 0.0453432 0.0000000 
