35
Burramyidae_Burramys_parvus                  0.0000000 0.0794721 0.0554521 0.0556887 0.0563264 0.0782553 0.0643904 0.0349465 0.0607261 0.0659363 0.0525302 0.0750684 0.0806308 0.0534289 0.0649283 0.0731821 0.0758401 0.0704259 0.0814600 0.0554765 0.0750419 0.0911702 0.1098785 0.0683263 0.0475069 0.0676792 0.0792659 0.0540921 0.0532746 0.0548784 0.0494790 0.0462507 0.0691697 0.0756870 0.0678951 
Notoryctidae_Notoryctes_typhlops             0.0794721 0.0000000 0.0939424 0.0930962 0.0930774 0.1162265 0.1049880 0.0840904 0.1019069 0.0997864 0.1054114 0.1168975 0.1214018 0.1073493 0.1169335 0.1166452 0.1122900 0.1171445 0.1140914 0.1035994 0.1345207 0.1277037 0.1571745 0.1069154 0.0990158 0.0912209 0.1525042 0.0965883 0.1035063 0.1032988 0.0960732 0.0951495 0.1122473 0.1124121 0.1046546 
Vombatidae_Lasiorhinus_latifrons             0.0554521 0.0939424 0.0000000 0.0760916 0.0766546 0.0802968 0.0907286 0.0595068 0.0803302 0.0735174 0.0764342 0.0763324 0.0850688 0.0760760 0.0882779 0.0753143 0.0784989 0.0834121 0.0885153 0.0764838 0.1011216 0.0910597 0.1119279 0.0766413 0.0715146 0.0751582 0.1011129 0.0722435 0.0721521 0.0753609 0.0666399 0.0696319 0.0766849 0.0777534 0.0749783 
Potoroidae_Bettongia_penicillata             0.0556887 0.0930962 0.0760916 0.0000000 0.0058927 0.0986863 0.0886787 0.0565642 0.0118508 0.0806918 0.0765577 0.0956180 0.1013990 0.0765240 0.0812066 0.0944523 0.0954362 0.0926302 0.0969444 0.0255254 0.0916665 0.0967333 0.1105549 0.0905966 0.0421686 0.0836613 0.0932061 0.0236072 0.0719593 0.0663337 0.0661937 0.0689429 0.0844039 0.0960342 0.0821535 
Potoroidae_Bettongia_lesueur                 0.0563264 0.0930774 0.0766546 0.0058927 0.0000000 0.0991512 0.0928168 0.0587556 0.0138300 0.0797324 0.0779059 0.0945549 0.1018599 0.0778702 0.0802208 0.0942854 0.0959110 0.0943721 0.0959164 0.0275464 0.0948867 0.0964089 0.1135046 0.0915522 0.0427847 0.0826148 0.0945760 0.0256921 0.0717905 0.0679097 0.0652734 0.0702520 0.0825103 0.0965062 0.0811932 
Dasyuridae_Dasyurus_maculatus                0.0782553 0.1162265 0.0802968 0.0986863 0.0991512 0.0000000 0.1158273 0.0805940 0.1046445 0.0899175 0.0973914 0.0263543 0.0299362 0.1015786 0.1096417 0.0255912 0.0098794 0.0254669 0.1052149 0.0973961 0.1173581 0.1033285 0.1277386 0.0213648 0.0888912 0.0895602 0.1264785 0.0970695 0.0910958 0.0962519 0.0900756 0.0925457 0.0917593 0.0058771 0.0923241 
Phalangeridae_Trichosurus_vulpecula          0.0643904 0.1049880 0.0907286 0.0886787 0.0928168 0.1158273 0.0000000 0.0471786 0.0984293 0.1015657 0.0433478 0.1134401 0.1204792 0.0435034 0.0896014 0.1122150 0.1132114 0.1089590 0.1138681 0.0887182 0.1058636 0.1262511 0.1491591 0.0958255 0.0843347 0.1071099 0.1140603 0.0882313 0.0930397 0.0851505 0.0801391 0.0374052 0.1078664 0.1129777 0.1023407 
Phalangeridae_Spilocuscus_maculatus          0.0349465 0.0840904 0.0595068 0.0565642 0.0587556 0.0805940 0.0471786 0.0000000 0.0631563 0.0645870 0.0263679 0.0774977 0.0821846 0.0250313 0.0657931 0.0756156 0.0781976 0.0753261 0.0739877 0.0556085 0.0794367 0.0893389 0.1068501 0.0719171 0.0527910 0.0659128 0.0803613 0.0580835 0.0549317 0.0532457 0.0455152 0.0171591 0.0709498 0.0780415 0.0679770 
Potoroidae_Aepyprymnus_rufescens             0.0607261 0.1019069 0.0803302 0.0118508 0.0138300 0.1046445 0.0984293 0.0631563 0.0000000 0.0858975 0.0809877 0.1015793 0.1074232 0.0800160 0.0829851 0.1012895 0.1013845 0.0988404 0.1020409 0.0295758 0.0994891 0.0993702 0.1154636 0.0973269 0.0477225 0.0880023 0.0993021 0.0277339 0.0769421 0.0726684 0.0703483 0.0723741 0.0896529 0.1019724 0.0874643 
Peramelidae_Perameles_nasuta                 0.0659363 0.0997864 0.0735174 0.0806918 0.0797324 0.0899175 0.1015657 0.0645870 0.0858975 0.0000000 0.0831590 0.0858939 0.0908391 0.0854852 0.0953616 0.0857034 0.0874514 0.0863758 0.0262182 0.0820942 0.1125428 0.0953184 0.1163574 0.0811019 0.0802636 0.0798184 0.1132803 0.0825336 0.0831424 0.0815737 0.0768566 0.0767960 0.0169177 0.0872596 0.0033260 
Phalangeridae_Strigocuscus_pelengensis       0.0525302 0.1054114 0.0764342 0.0765577 0.0779059 0.0973914 0.0433478 0.0263679 0.0809877 0.0831590 0.0000000 0.0941108 0.0992442 0.0159511 0.0774039 0.0920416 0.0947820 0.0884642 0.0955438 0.0753345 0.0976920 0.1096474 0.1277777 0.0846284 0.0723741 0.0876127 0.0984262 0.0781614 0.0693412 0.0725401 0.0670985 0.0124560 0.0928572 0.0946363 0.0853719 
Dasyuridae_Phascogale_tapoatafa              0.0750684 0.1168975 0.0763324 0.0956180 0.0945549 0.0263543 0.1134401 0.0774977 0.1015793 0.0858939 0.0941108 0.0000000 0.0272556 0.0975462 0.1047454 0.0032653 0.0256718 0.0248705 0.0987147 0.0934996 0.1146979 0.1053249 0.1264013 0.0135878 0.0875074 0.0830049 0.1238340 0.0921014 0.0854676 0.0931008 0.0863046 0.0885878 0.0878194 0.0242365 0.0883246 
Dasyuridae_Sminthopsis_macroura              0.0806308 0.1214018 0.0850688 0.1013990 0.1018599 0.0299362 0.1204792 0.0821846 0.1074232 0.0908391 0.0992442 0.0272556 0.0000000 0.1034230 0.1125466 0.0264832 0.0321341 0.0187876 0.1046717 0.1007593 0.1228511 0.1127034 0.1324887 0.0243702 0.0938567 0.0947074 0.1332294 0.1004460 0.0936242 0.0997981 0.0933378 0.0942722 0.0930095 0.0277910 0.0932637 
Phalangeridae_Phalanger_orientalis           0.0534289 0.1073493 0.0760760 0.0765240 0.0778702 0.1015786 0.0435034 0.0250313 0.0800160 0.0854852 0.0159511 0.0975462 0.1034230 0.0000000 0.0758043 0.0972549 0.0980819 0.0936875 0.1012254 0.0753424 0.0986362 0.1127339 0.1269825 0.0895948 0.0720420 0.0880230 0.0958623 0.0782007 0.0751963 0.0754240 0.0648624 0.0059444 0.0938490 0.0988819 0.0871276 
Acrobatidae_Acrobates_pygmaeus               0.0649283 0.1169335 0.0882779 0.0812066 0.0802208 0.1096417 0.0896014 0.0657931 0.0829851 0.0953616 0.0774039 0.1047454 0.1125466 0.0758043 0.0000000 0.1044311 0.1053364 0.1052466 0.1084455 0.0831289 0.0925849 0.1183251 0.1397037 0.1020775 0.0778829 0.0923124 0.0928496 0.0810886 0.0673421 0.0718538 0.0464449 0.0699045 0.1008526 0.1051179 0.0973750 
Dasyuridae_Phascogale_calura                 0.0731821 0.1166452 0.0753143 0.0944523 0.0942854 0.0255912 0.1122150 0.0756156 0.1012895 0.0857034 0.0920416 0.0032653 0.0264832 0.0972549 0.1044311 0.0000000 0.0249113 0.0225265 0.0984961 0.0932340 0.1124645 0.1041674 0.1251194 0.0128631 0.0864424 0.0819079 0.1194598 0.0928883 0.0826664 0.0901716 0.0852490 0.0883275 0.0876187 0.0234835 0.0881304 
Dasyuridae_Sarcophilus_harrisii              0.0758401 0.1122900 0.0784989 0.0954362 0.0959110 0.0098794 0.1132114 0.0781976 0.1013845 0.0874514 0.0947820 0.0256718 0.0321341 0.0980819 0.1053364 0.0249113 0.0000000 0.0262071 0.1026979 0.0941673 0.1140130 0.1006631 0.1254345 0.0220697 0.0856934 0.0866533 0.1254991 0.0938256 0.0869488 0.0928584 0.0876694 0.0901032 0.0901326 0.0065540 0.0898707 
Dasyuridae_Planigale_tenuirostris            0.0704259 0.1171445 0.0834121 0.0926302 0.0943721 0.0254669 0.1089590 0.0753261 0.0988404 0.0863758 0.0884642 0.0248705 0.0187876 0.0936875 0.1052466 0.0225265 0.0262071 0.0000000 0.1012674 0.0934664 0.1120575 0.1056099 0.1306689 0.0213685 0.0855414 0.0864249 0.1209552 0.0934517 0.0845514 0.0907903 0.0850658 0.0835965 0.0883735 0.0239237 0.0895042 
Peramelidae_Echymipera_kalubu                0.0814600 0.1140914 0.0885153 0.0969444 0.0959164 0.1052149 0.1138681 0.0739877 0.1020409 0.0262182 0.0955438 0.0987147 0.1046717 0.1012254 0.1084455 0.0984961 0.1026979 0.1012674 0.0000000 0.0981824 0.1240555 0.1073446 0.1291778 0.0944715 0.0929905 0.0909865 0.1285321 0.0977670 0.0959409 0.0961403 0.0862643 0.0913694 0.0188440 0.1024905 0.0281247 
Macropodidae_Dorcopsulus_vanheurni           0.0554765 0.1035994 0.0764838 0.0255254 0.0275464 0.0973961 0.0887182 0.0556085 0.0295758 0.0820942 0.0753345 0.0934996 0.1007593 0.0753424 0.0831289 0.0932340 0.0941673 0.0934664 0.0981824 0.0000000 0.0970859 0.1013160 0.1178796 0.0890347 0.0443263 0.0883902 0.0971301 0.0139178 0.0762946 0.0694326 0.0695661 0.0677902 0.0865618 0.0947639 0.0843579 
Pseudochiridae_Pseudochirulus_forbesi        0.0750419 0.1345207 0.1011216 0.0916665 0.0948867 0.1173581 0.1058636 0.0794367 0.0994891 0.1125428 0.0976920 0.1146979 0.1228511 0.0986362 0.0925849 0.1124645 0.1140130 0.1120575 0.1240555 0.0970859 0.0000000 0.1284457 0.1490171 0.1090347 0.0928778 0.1107041 0.0646643 0.0960202 0.0452158 0.0800796 0.0735890 0.0905903 0.1138007 0.1153730 0.1139043 
Didelphidae_Didelphis_virginiana             0.0911702 0.1277037 0.0910597 0.0967333 0.0964089 0.1033285 0.1262511 0.0893389 0.0993702 0.0953184 0.1096474 0.1053249 0.1127034 0.1127339 0.1183251 0.1041674 0.1006631 0.1056099 0.1073446 0.1013160 0.1284457 0.0000000 0.0421932 0.1018494 0.0999948 0.0983299 0.1364209 0.0995712 0.1003081 0.1040040 0.0943644 0.1028803 0.1004317 0.1022909 0.0984798 
Marmosidae_Monodelphis_domestica             0.1098785 0.1571745 0.1119279 0.1105549 0.1135046 0.1277386 0.1491591 0.1068501 0.1154636 0.1163574 0.1277777 0.1264013 0.1324887 0.1269825 0.1397037 0.1251194 0.1254345 0.1306689 0.1291778 0.1178796 0.1490171 0.0421932 0.0000000 0.1200343 0.1192380 0.1174792 0.1541485 0.1179741 0.1198919 0.1240186 0.1121591 0.1190236 0.1207485 0.1274392 0.1187905 
Dasyuridae_Antechinus_stuartii               0.0683263 0.1069154 0.0766413 0.0905966 0.0915522 0.0213648 0.0958255 0.0719171 0.0973269 0.0811019 0.0846284 0.0135878 0.0243702 0.0895948 0.1020775 0.0128631 0.0220697 0.0213685 0.0944715 0.0890347 0.1090347 0.1018494 0.1200343 0.0000000 0.0804184 0.0828601 0.1188799 0.0883056 0.0818642 0.0875705 0.0835871 0.0806610 0.0839686 0.0206152 0.0852459 
Hypsiprymnodontidae_Hypsiprymnodon_moschatus 0.0475069 0.0990158 0.0715146 0.0421686 0.0427847 0.0888912 0.0843347 0.0527910 0.0477225 0.0802636 0.0723741 0.0875074 0.0938567 0.0720420 0.0778829 0.0864424 0.0856934 0.0855414 0.0929905 0.0443263 0.0928778 0.0999948 0.1192380 0.0804184 0.0000000 0.0790437 0.0943465 0.0446373 0.0691078 0.0632516 0.0592769 0.0637382 0.0836604 0.0863083 0.0823163 
Microbiotheriidae_Dromiciops_gliroides       0.0676792 0.0912209 0.0751582 0.0836613 0.0826148 0.0895602 0.1071099 0.0659128 0.0880023 0.0798184 0.0876127 0.0830049 0.0947074 0.0880230 0.0923124 0.0819079 0.0866533 0.0864249 0.0909865 0.0883902 0.1107041 0.0983299 0.1174792 0.0828601 0.0790437 0.0000000 0.1104112 0.0872079 0.0812082 0.0773698 0.0744687 0.0767465 0.0835377 0.0876644 0.0822149 
Pseudochiridae_Petauroides_volans            0.0792659 0.1525042 0.1011129 0.0932061 0.0945760 0.1264785 0.1140603 0.0803613 0.0993021 0.1132803 0.0984262 0.1238340 0.1332294 0.0958623 0.0928496 0.1194598 0.1254991 0.1209552 0.1285321 0.0971301 0.0646643 0.1364209 0.1541485 0.1188799 0.0943465 0.1104112 0.0000000 0.0993403 0.0623017 0.0850434 0.0806695 0.0895367 0.1166544 0.1252364 0.1151409 
Macropodidae_Wallabia_bicolor                0.0540921 0.0965883 0.0722435 0.0236072 0.0256921 0.0970695 0.0882313 0.0580835 0.0277339 0.0825336 0.0781614 0.0921014 0.1004460 0.0782007 0.0810886 0.0928883 0.0938256 0.0934517 0.0977670 0.0139178 0.0960202 0.0995712 0.1179741 0.0883056 0.0446373 0.0872079 0.0993403 0.0000000 0.0743611 0.0680213 0.0661077 0.0705430 0.0869807 0.0944336 0.0848062 
Pseudochiridae_Pseudocheirus_occidentalis    0.0532746 0.1035063 0.0721521 0.0719593 0.0717905 0.0910958 0.0930397 0.0549317 0.0769421 0.0831424 0.0693412 0.0854676 0.0936242 0.0751963 0.0673421 0.0826664 0.0869488 0.0845514 0.0959409 0.0762946 0.0452158 0.1003081 0.1198919 0.0818642 0.0691078 0.0812082 0.0623017 0.0743611 0.0000000 0.0566075 0.0455228 0.0669185 0.0843486 0.0892693 0.0846366 
Tarsipedidae_Tarsipes_rostratus              0.0548784 0.1032988 0.0753609 0.0663337 0.0679097 0.0962519 0.0851505 0.0532457 0.0726684 0.0815737 0.0725401 0.0931008 0.0997981 0.0754240 0.0718538 0.0901716 0.0928584 0.0907903 0.0961403 0.0694326 0.0800796 0.1040040 0.1240186 0.0875705 0.0632516 0.0773698 0.0850434 0.0680213 0.0566075 0.0000000 0.0516947 0.0661177 0.0885999 0.0935398 0.0852304 
Acrobatidae_Distoechurus_pennatus            0.0494790 0.0960732 0.0666399 0.0661937 0.0652734 0.0900756 0.0801391 0.0455152 0.0703483 0.0768566 0.0670985 0.0863046 0.0933378 0.0648624 0.0464449 0.0852490 0.0876694 0.0850658 0.0862643 0.0695661 0.0735890 0.0943644 0.1121591 0.0835871 0.0592769 0.0744687 0.0806695 0.0661077 0.0455228 0.0516947 0.0000000 0.0560205 0.0794699 0.0874962 0.0784500 
Phalangeridae_Phalanger_carmelitae           0.0462507 0.0951495 0.0696319 0.0689429 0.0702520 0.0925457 0.0374052 0.0171591 0.0723741 0.0767960 0.0124560 0.0885878 0.0942722 0.0059444 0.0699045 0.0883275 0.0901032 0.0835965 0.0913694 0.0677902 0.0905903 0.1028803 0.1190236 0.0806610 0.0637382 0.0767465 0.0895367 0.0705430 0.0669185 0.0661177 0.0560205 0.0000000 0.0838112 0.0899232 0.0776864 
Peramelidae_Peroryctes_raffrayana            0.0691697 0.1122473 0.0766849 0.0844039 0.0825103 0.0917593 0.1078664 0.0709498 0.0896529 0.0169177 0.0928572 0.0878194 0.0930095 0.0938490 0.1008526 0.0876187 0.0901326 0.0883735 0.0188440 0.0865618 0.1138007 0.1004317 0.1207485 0.0839686 0.0836604 0.0835377 0.1166544 0.0869807 0.0843486 0.0885999 0.0794699 0.0838112 0.0000000 0.0899539 0.0211362 
Dasyuridae_Dasyurus_geffroii                 0.0756870 0.1124121 0.0777534 0.0960342 0.0965062 0.0058771 0.1129777 0.0780415 0.1019724 0.0872596 0.0946363 0.0242365 0.0277910 0.0988819 0.1051179 0.0234835 0.0065540 0.0239237 0.1024905 0.0947639 0.1153730 0.1022909 0.1274392 0.0206152 0.0863083 0.0876644 0.1252364 0.0944336 0.0892693 0.0935398 0.0874962 0.0899232 0.0899539 0.0000000 0.0896752 
Peramelidae_Perameles_gunnii                 0.0678951 0.1046546 0.0749783 0.0821535 0.0811932 0.0923241 0.1023407 0.0679770 0.0874643 0.0033260 0.0853719 0.0883246 0.0932637 0.0871276 0.0973750 0.0881304 0.0898707 0.0895042 0.0281247 0.0843579 0.1139043 0.0984798 0.1187905 0.0852459 0.0823163 0.0822149 0.1151409 0.0848062 0.0846366 0.0852304 0.0784500 0.0776864 0.0211362 0.0896752 0.0000000 
