35
Burramyidae_Burramys_parvus                  0.0000000 0.0542974 0.0350234 0.0472624 0.0460698 0.0680424 0.0295418 0.0335044 0.0512479 0.0684673 0.0323973 0.0693629 0.0608392 0.0313278 0.0377256 0.0753613 0.0660866 0.0649302 0.0662473 0.0421818 0.0448235 0.0619004 0.0605276 0.0725153 0.0432608 0.0468474 0.0393361 0.0460728 0.0424441 0.0525781 0.0366245 0.0297278 0.0555112 0.0667688 0.0701483 
Notoryctidae_Notoryctes_typhlops             0.0542974 0.0000000 0.0553946 0.0689035 0.0683055 0.0776124 0.0556401 0.0567992 0.0738954 0.0805041 0.0564429 0.0795892 0.0701296 0.0560508 0.0633446 0.0868671 0.0755204 0.0736999 0.0774191 0.0643245 0.0686215 0.0840974 0.0780369 0.0815410 0.0671144 0.0610833 0.0620983 0.0678274 0.0690484 0.0754441 0.0578048 0.0546621 0.0702783 0.0756235 0.0804984 
Vombatidae_Lasiorhinus_latifrons             0.0350234 0.0553946 0.0000000 0.0480053 0.0468371 0.0682518 0.0340243 0.0376507 0.0525889 0.0684656 0.0375471 0.0685122 0.0596355 0.0375772 0.0444299 0.0738470 0.0678685 0.0634958 0.0650364 0.0439815 0.0475065 0.0639861 0.0652873 0.0710698 0.0434741 0.0471383 0.0424550 0.0474991 0.0447867 0.0583582 0.0445165 0.0359867 0.0572741 0.0673090 0.0696221 
Potoroidae_Bettongia_penicillata             0.0472624 0.0689035 0.0480053 0.0000000 0.0030570 0.0803394 0.0463092 0.0497337 0.0164351 0.0846503 0.0493555 0.0847654 0.0746826 0.0486845 0.0544657 0.0921456 0.0809495 0.0769859 0.0805939 0.0197318 0.0575843 0.0832786 0.0795720 0.0871975 0.0382856 0.0643990 0.0533736 0.0218066 0.0532874 0.0631356 0.0532000 0.0466731 0.0681820 0.0797536 0.0856758 
Potoroidae_Bettongia_lesueur                 0.0460698 0.0683055 0.0468371 0.0030570 0.0000000 0.0791624 0.0451384 0.0485606 0.0153074 0.0828395 0.0475361 0.0835557 0.0735118 0.0475291 0.0535831 0.0907727 0.0797732 0.0756852 0.0797323 0.0188795 0.0557426 0.0810544 0.0780652 0.0856756 0.0371302 0.0627243 0.0518756 0.0209522 0.0513712 0.0627642 0.0526917 0.0455085 0.0662011 0.0785754 0.0845485 
Dasyuridae_Dasyurus_maculatus                0.0680424 0.0776124 0.0682518 0.0803394 0.0791624 0.0000000 0.0700260 0.0705937 0.0867781 0.0949329 0.0713146 0.0222849 0.0204017 0.0718562 0.0743197 0.0253852 0.0077932 0.0262839 0.0924643 0.0783457 0.0852453 0.0919934 0.0906530 0.0244956 0.0809558 0.0768542 0.0819130 0.0804111 0.0777040 0.0922198 0.0748456 0.0703533 0.0794648 0.0061256 0.0961363 
Phalangeridae_Trichosurus_vulpecula          0.0295418 0.0556401 0.0340243 0.0463092 0.0451384 0.0700260 0.0000000 0.0164667 0.0505962 0.0688079 0.0165568 0.0701705 0.0618695 0.0167346 0.0409109 0.0770369 0.0676048 0.0653698 0.0690906 0.0438518 0.0464348 0.0656073 0.0641468 0.0734512 0.0402636 0.0468182 0.0416316 0.0457672 0.0426227 0.0525089 0.0406682 0.0152544 0.0585070 0.0684357 0.0723880 
Phalangeridae_Spilocuscus_maculatus          0.0335044 0.0567992 0.0376507 0.0497337 0.0485606 0.0705937 0.0164667 0.0000000 0.0530687 0.0699762 0.0119061 0.0704846 0.0624675 0.0118469 0.0439265 0.0780597 0.0681929 0.0666369 0.0718088 0.0476052 0.0501356 0.0699218 0.0663751 0.0733695 0.0451800 0.0489071 0.0446647 0.0495142 0.0426111 0.0541820 0.0436735 0.0103937 0.0605723 0.0686756 0.0754204 
Potoroidae_Aepyprymnus_rufescens             0.0512479 0.0738954 0.0525889 0.0164351 0.0153074 0.0867781 0.0505962 0.0530687 0.0000000 0.0925042 0.0533524 0.0895596 0.0789852 0.0529877 0.0604426 0.0974270 0.0867074 0.0819148 0.0866713 0.0239170 0.0619509 0.0870327 0.0828905 0.0920878 0.0439531 0.0682163 0.0570510 0.0260402 0.0600362 0.0647690 0.0584930 0.0506402 0.0757872 0.0855060 0.0929391 
Peramelidae_Perameles_nasuta                 0.0684673 0.0805041 0.0684656 0.0846503 0.0828395 0.0949329 0.0688079 0.0699762 0.0925042 0.0000000 0.0687117 0.0957733 0.0868933 0.0692156 0.0752760 0.1047781 0.0934737 0.0896893 0.0183487 0.0795664 0.0814599 0.0915152 0.0881343 0.0964979 0.0798115 0.0755078 0.0742266 0.0821610 0.0763870 0.0898291 0.0750015 0.0679852 0.0161371 0.0948128 0.0024157 
Phalangeridae_Strigocuscus_pelengensis       0.0323973 0.0564429 0.0375471 0.0493555 0.0475361 0.0713146 0.0165568 0.0119061 0.0533524 0.0687117 0.0000000 0.0719053 0.0622108 0.0118808 0.0417110 0.0778948 0.0695740 0.0655614 0.0702391 0.0452588 0.0492038 0.0707098 0.0664314 0.0745178 0.0432820 0.0488470 0.0436061 0.0477928 0.0454871 0.0528001 0.0423902 0.0110083 0.0594120 0.0697231 0.0731581 
Dasyuridae_Phascogale_tapoatafa              0.0693629 0.0795892 0.0685122 0.0847654 0.0835557 0.0222849 0.0701705 0.0704846 0.0895596 0.0957733 0.0719053 0.0000000 0.0211099 0.0717348 0.0759208 0.0055039 0.0196266 0.0276828 0.0931746 0.0807424 0.0838503 0.0946656 0.0909059 0.0124411 0.0813475 0.0760946 0.0804916 0.0838789 0.0788231 0.0924753 0.0758327 0.0699144 0.0779651 0.0217169 0.0961709 
Dasyuridae_Sminthopsis_macroura              0.0608392 0.0701296 0.0596355 0.0746826 0.0735118 0.0204017 0.0618695 0.0624675 0.0789852 0.0868933 0.0622108 0.0211099 0.0000000 0.0630362 0.0664212 0.0236634 0.0198170 0.0155793 0.0849609 0.0703502 0.0749014 0.0864083 0.0829272 0.0224191 0.0703090 0.0692527 0.0712297 0.0740900 0.0699759 0.0805402 0.0663315 0.0612754 0.0714803 0.0201367 0.0879373 
Phalangeridae_Phalanger_orientalis           0.0313278 0.0560508 0.0375772 0.0486845 0.0475291 0.0718562 0.0167346 0.0118469 0.0529877 0.0692156 0.0118808 0.0717348 0.0630362 0.0000000 0.0401936 0.0780252 0.0694505 0.0654732 0.0700054 0.0446272 0.0491208 0.0691944 0.0659504 0.0741705 0.0435994 0.0498456 0.0430483 0.0464848 0.0436553 0.0551421 0.0417777 0.0038853 0.0597399 0.0699366 0.0739810 
Acrobatidae_Acrobates_pygmaeus               0.0377256 0.0633446 0.0444299 0.0544657 0.0535831 0.0743197 0.0409109 0.0439265 0.0604426 0.0752760 0.0417110 0.0759208 0.0664212 0.0401936 0.0000000 0.0802733 0.0745929 0.0706334 0.0741879 0.0508022 0.0473036 0.0749391 0.0729156 0.0792127 0.0493522 0.0541694 0.0418991 0.0540420 0.0409401 0.0550466 0.0296832 0.0400888 0.0639592 0.0740973 0.0781570 
Dasyuridae_Phascogale_calura                 0.0753613 0.0868671 0.0738470 0.0921456 0.0907727 0.0253852 0.0770369 0.0780597 0.0974270 0.1047781 0.0778948 0.0055039 0.0236634 0.0780252 0.0802733 0.0000000 0.0229661 0.0309495 0.1004546 0.0879102 0.0913294 0.1016018 0.0955920 0.0145528 0.0869114 0.0794346 0.0870502 0.0915393 0.0866075 0.1011889 0.0825636 0.0758766 0.0876807 0.0250598 0.1039111 
Dasyuridae_Sarcophilus_harrisii              0.0660866 0.0755204 0.0678685 0.0809495 0.0797732 0.0077932 0.0676048 0.0681929 0.0867074 0.0934737 0.0695740 0.0196266 0.0198170 0.0694505 0.0745929 0.0229661 0.0000000 0.0241181 0.0910536 0.0775841 0.0834354 0.0918251 0.0895483 0.0229945 0.0812271 0.0740829 0.0804829 0.0796445 0.0768865 0.0913491 0.0735630 0.0679614 0.0773653 0.0072404 0.0947241 
Dasyuridae_Planigale_tenuirostris            0.0649302 0.0736999 0.0634958 0.0769859 0.0756852 0.0262839 0.0653698 0.0666369 0.0819148 0.0896893 0.0655614 0.0276828 0.0155793 0.0654732 0.0706334 0.0309495 0.0241181 0.0000000 0.0888999 0.0734488 0.0782171 0.0913191 0.0871177 0.0306455 0.0744914 0.0717416 0.0721724 0.0769338 0.0724692 0.0882356 0.0713782 0.0640614 0.0764890 0.0253884 0.0914928 
Peramelidae_Echymipera_kalubu                0.0662473 0.0774191 0.0650364 0.0805939 0.0797323 0.0924643 0.0690906 0.0718088 0.0866713 0.0183487 0.0702391 0.0931746 0.0849609 0.0700054 0.0741879 0.1004546 0.0910536 0.0888999 0.0000000 0.0768314 0.0801569 0.0944552 0.0909363 0.0941980 0.0798278 0.0748471 0.0734929 0.0799934 0.0719431 0.0905868 0.0733234 0.0688429 0.0113588 0.0922778 0.0191068 
Macropodidae_Dorcopsulus_vanheurni           0.0421818 0.0643245 0.0439815 0.0197318 0.0188795 0.0783457 0.0438518 0.0476052 0.0239170 0.0795664 0.0452588 0.0807424 0.0703502 0.0446272 0.0508022 0.0879102 0.0775841 0.0734488 0.0768314 0.0000000 0.0532178 0.0807152 0.0777055 0.0830640 0.0345805 0.0579744 0.0492773 0.0104636 0.0503357 0.0607834 0.0504566 0.0436218 0.0658632 0.0770769 0.0812980 
Pseudochiridae_Pseudochirulus_forbesi        0.0448235 0.0686215 0.0475065 0.0575843 0.0557426 0.0852453 0.0464348 0.0501356 0.0619509 0.0814599 0.0492038 0.0838503 0.0749014 0.0491208 0.0473036 0.0913294 0.0834354 0.0782171 0.0801569 0.0532178 0.0000000 0.0833798 0.0799421 0.0859569 0.0526235 0.0641842 0.0314922 0.0578016 0.0233962 0.0557644 0.0451847 0.0474509 0.0686613 0.0843301 0.0834882 
Didelphidae_Didelphis_virginiana             0.0619004 0.0840974 0.0639861 0.0832786 0.0810544 0.0919934 0.0656073 0.0699218 0.0870327 0.0915152 0.0707098 0.0946656 0.0864083 0.0691944 0.0749391 0.1016018 0.0918251 0.0913191 0.0944552 0.0807152 0.0833798 0.0000000 0.0340854 0.0970670 0.0765002 0.0744582 0.0758830 0.0834804 0.0773047 0.0947603 0.0752357 0.0669717 0.0815640 0.0902525 0.0937491 
Marmosidae_Monodelphis_domestica             0.0605276 0.0780369 0.0652873 0.0795720 0.0780652 0.0906530 0.0641468 0.0663751 0.0828905 0.0881343 0.0664314 0.0909059 0.0829272 0.0659504 0.0729156 0.0955920 0.0895483 0.0871177 0.0909363 0.0777055 0.0799421 0.0340854 0.0000000 0.0918531 0.0751236 0.0690445 0.0717840 0.0790550 0.0745966 0.0906771 0.0703876 0.0634947 0.0754652 0.0885189 0.0920395 
Dasyuridae_Antechinus_stuartii               0.0725153 0.0815410 0.0710698 0.0871975 0.0856756 0.0244956 0.0734512 0.0733695 0.0920878 0.0964979 0.0745178 0.0124411 0.0224191 0.0741705 0.0792127 0.0145528 0.0229945 0.0306455 0.0941980 0.0830640 0.0859569 0.0970670 0.0918531 0.0000000 0.0815270 0.0775907 0.0828516 0.0858630 0.0787840 0.0948080 0.0797600 0.0724198 0.0802184 0.0242256 0.0974676 
Hypsiprymnodontidae_Hypsiprymnodon_moschatus 0.0432608 0.0671144 0.0434741 0.0382856 0.0371302 0.0809558 0.0402636 0.0451800 0.0439531 0.0798115 0.0432820 0.0813475 0.0703090 0.0435994 0.0493522 0.0869114 0.0812271 0.0744914 0.0798278 0.0345805 0.0526235 0.0765002 0.0751236 0.0815270 0.0000000 0.0565092 0.0461806 0.0373611 0.0484057 0.0611638 0.0509095 0.0422559 0.0662390 0.0793615 0.0822090 
Microbiotheriidae_Dromiciops_gliroides       0.0468474 0.0610833 0.0471383 0.0643990 0.0627243 0.0768542 0.0468182 0.0489071 0.0682163 0.0755078 0.0488470 0.0760946 0.0692527 0.0498456 0.0541694 0.0794346 0.0740829 0.0717416 0.0748471 0.0579744 0.0641842 0.0744582 0.0690445 0.0775907 0.0565092 0.0000000 0.0575250 0.0623733 0.0594341 0.0690574 0.0529136 0.0485016 0.0651641 0.0752029 0.0764305 
Pseudochiridae_Petauroides_volans            0.0393361 0.0620983 0.0424550 0.0533736 0.0518756 0.0819130 0.0416316 0.0446647 0.0570510 0.0742266 0.0436061 0.0804916 0.0712297 0.0430483 0.0418991 0.0870502 0.0804829 0.0721724 0.0734929 0.0492773 0.0314922 0.0758830 0.0717840 0.0828516 0.0461806 0.0575250 0.0000000 0.0534827 0.0255986 0.0533645 0.0395191 0.0414052 0.0591573 0.0810316 0.0774677 
Macropodidae_Wallabia_bicolor                0.0460728 0.0678274 0.0474991 0.0218066 0.0209522 0.0804111 0.0457672 0.0495142 0.0260402 0.0821610 0.0477928 0.0838789 0.0740900 0.0464848 0.0540420 0.0915393 0.0796445 0.0769338 0.0799934 0.0104636 0.0578016 0.0834804 0.0790550 0.0858630 0.0373611 0.0623733 0.0534827 0.0000000 0.0525609 0.0633884 0.0543230 0.0455172 0.0691319 0.0791400 0.0848321 
Pseudochiridae_Pseudocheirus_occidentalis    0.0424441 0.0690484 0.0447867 0.0532874 0.0513712 0.0777040 0.0426227 0.0426111 0.0600362 0.0763870 0.0454871 0.0788231 0.0699759 0.0436553 0.0409401 0.0866075 0.0768865 0.0724692 0.0719431 0.0503357 0.0233962 0.0773047 0.0745966 0.0787840 0.0484057 0.0594341 0.0255986 0.0525609 0.0000000 0.0569864 0.0430900 0.0421100 0.0664137 0.0767070 0.0754715 
Tarsipedidae_Tarsipes_rostratus              0.0525781 0.0754441 0.0583582 0.0631356 0.0627642 0.0922198 0.0525089 0.0541820 0.0647690 0.0898291 0.0528001 0.0924753 0.0805402 0.0551421 0.0550466 0.1011889 0.0913491 0.0882356 0.0905868 0.0607834 0.0557644 0.0947603 0.0906771 0.0948080 0.0611638 0.0690574 0.0533645 0.0633884 0.0569864 0.0000000 0.0533720 0.0536796 0.0778238 0.0915859 0.0913379 
Acrobatidae_Distoechurus_pennatus            0.0366245 0.0578048 0.0445165 0.0532000 0.0526917 0.0748456 0.0406682 0.0436735 0.0584930 0.0750015 0.0423902 0.0758327 0.0663315 0.0417777 0.0296832 0.0825636 0.0735630 0.0713782 0.0733234 0.0504566 0.0451847 0.0752357 0.0703876 0.0797600 0.0509095 0.0529136 0.0395191 0.0543230 0.0430900 0.0533720 0.0000000 0.0401565 0.0665326 0.0749697 0.0769917 
Phalangeridae_Phalanger_carmelitae           0.0297278 0.0546621 0.0359867 0.0466731 0.0455085 0.0703533 0.0152544 0.0103937 0.0506402 0.0679852 0.0110083 0.0699144 0.0612754 0.0038853 0.0400888 0.0758766 0.0679614 0.0640614 0.0688429 0.0436218 0.0474509 0.0669717 0.0634947 0.0724198 0.0422559 0.0485016 0.0414052 0.0455172 0.0421100 0.0536796 0.0401565 0.0000000 0.0588280 0.0684418 0.0731656 
Peramelidae_Peroryctes_raffrayana            0.0555112 0.0702783 0.0572741 0.0681820 0.0662011 0.0794648 0.0585070 0.0605723 0.0757872 0.0161371 0.0594120 0.0779651 0.0714803 0.0597399 0.0639592 0.0876807 0.0773653 0.0764890 0.0113588 0.0658632 0.0686613 0.0815640 0.0754652 0.0802184 0.0662390 0.0651641 0.0591573 0.0691319 0.0664137 0.0778238 0.0665326 0.0588280 0.0000000 0.0783982 0.0155561 
Dasyuridae_Dasyurus_geffroii                 0.0667688 0.0756235 0.0673090 0.0797536 0.0785754 0.0061256 0.0684357 0.0686756 0.0855060 0.0948128 0.0697231 0.0217169 0.0201367 0.0699366 0.0740973 0.0250598 0.0072404 0.0253884 0.0922778 0.0770769 0.0843301 0.0902525 0.0885189 0.0242256 0.0793615 0.0752029 0.0810316 0.0791400 0.0767070 0.0915859 0.0749697 0.0684418 0.0783982 0.0000000 0.0959562 
Peramelidae_Perameles_gunnii                 0.0701483 0.0804984 0.0696221 0.0856758 0.0845485 0.0961363 0.0723880 0.0754204 0.0929391 0.0024157 0.0731581 0.0961709 0.0879373 0.0739810 0.0781570 0.1039111 0.0947241 0.0914928 0.0191068 0.0812980 0.0834882 0.0937491 0.0920395 0.0974676 0.0822090 0.0764305 0.0774677 0.0848321 0.0754715 0.0913379 0.0769917 0.0731656 0.0155561 0.0959562 0.0000000 
