35
Burramyidae_Burramys_parvus                  0.0000000 0.0696144 0.0405963 0.0574185 0.0610366 0.0720327 0.0344012 0.0461899 0.0559072 0.0838753 0.0465538 0.0737645 0.0721557 0.0404620 0.0528192 0.0728266 0.0685897 0.0892987 0.0852084 0.0602105 0.0498549 0.0856573 0.0918775 0.0719095 0.0566736 0.0568744 0.0522667 0.0593995 0.0449167 0.0560676 0.0483291 0.0412236 0.0915854 0.0693938 0.0866484 
Notoryctidae_Notoryctes_typhlops             0.0696144 0.0000000 0.0703204 0.0811283 0.0831914 0.0912969 0.0686372 0.0784629 0.0808114 0.0981026 0.0764352 0.0997314 0.0859035 0.0736926 0.0753490 0.0969011 0.0890169 0.0874990 0.0956661 0.0848751 0.0828438 0.0988255 0.1030024 0.1043558 0.0839469 0.0792430 0.0842624 0.0848312 0.0808867 0.0887334 0.0828303 0.0743483 0.1012649 0.0893860 0.0969513 
Vombatidae_Lasiorhinus_latifrons             0.0405963 0.0703204 0.0000000 0.0517157 0.0498403 0.0732360 0.0410312 0.0521129 0.0489411 0.0798222 0.0520433 0.0813914 0.0685103 0.0479251 0.0503751 0.0797516 0.0716247 0.0734409 0.0798131 0.0538872 0.0540649 0.0778625 0.0824257 0.0821655 0.0519342 0.0550021 0.0560635 0.0553390 0.0472850 0.0616794 0.0540229 0.0468940 0.0838621 0.0728372 0.0802493 
Potoroidae_Bettongia_penicillata             0.0574185 0.0811283 0.0517157 0.0000000 0.0025440 0.0973909 0.0578489 0.0695880 0.0096564 0.0911152 0.0742497 0.1030657 0.0948223 0.0660485 0.0689738 0.1031981 0.0939945 0.1027414 0.0980362 0.0257691 0.0713829 0.0989446 0.1057041 0.1064279 0.0361145 0.0659055 0.0707156 0.0268761 0.0648594 0.0759863 0.0602748 0.0658148 0.0960417 0.0927555 0.0930245 
Potoroidae_Bettongia_lesueur                 0.0610366 0.0831914 0.0498403 0.0025440 0.0000000 0.0991853 0.0604707 0.0717563 0.0107298 0.0952701 0.0749590 0.1055771 0.0980675 0.0666179 0.0721073 0.1057183 0.0961671 0.1053994 0.1025447 0.0288244 0.0729950 0.1009235 0.1054568 0.1099030 0.0383002 0.0666051 0.0721519 0.0287009 0.0667242 0.0789500 0.0605643 0.0663941 0.0961343 0.0948718 0.0972801 
Dasyuridae_Dasyurus_maculatus                0.0720327 0.0912969 0.0732360 0.0973909 0.0991853 0.0000000 0.0715210 0.0818349 0.0968938 0.1169407 0.0868269 0.0249321 0.0284382 0.0771938 0.0945437 0.0245203 0.0085352 0.0450560 0.1152887 0.0978208 0.0883100 0.1106612 0.1131959 0.0233938 0.0943373 0.0789974 0.0918382 0.1011498 0.0838099 0.0924887 0.0845990 0.0775258 0.1161846 0.0062242 0.1172645 
Phalangeridae_Trichosurus_vulpecula          0.0344012 0.0686372 0.0410312 0.0578489 0.0604707 0.0715210 0.0000000 0.0154963 0.0588017 0.0835523 0.0180181 0.0777543 0.0722787 0.0124467 0.0576096 0.0762130 0.0676628 0.0878193 0.0864955 0.0582974 0.0518366 0.0861784 0.0927678 0.0804792 0.0570946 0.0574242 0.0548361 0.0602572 0.0464012 0.0561437 0.0507864 0.0127806 0.0900876 0.0678487 0.0834288 
Phalangeridae_Spilocuscus_maculatus          0.0461899 0.0784629 0.0521129 0.0695880 0.0717563 0.0818349 0.0154963 0.0000000 0.0700522 0.0957497 0.0166367 0.0873150 0.0831897 0.0099737 0.0669387 0.0857216 0.0778950 0.0991631 0.0999470 0.0701602 0.0601808 0.0963888 0.1003291 0.0901121 0.0687581 0.0673463 0.0614570 0.0726054 0.0565091 0.0676997 0.0596071 0.0102911 0.1019105 0.0785493 0.0955404 
Potoroidae_Aepyprymnus_rufescens             0.0559072 0.0808114 0.0489411 0.0096564 0.0107298 0.0968938 0.0588017 0.0700522 0.0000000 0.0941023 0.0738265 0.1024778 0.0938072 0.0651306 0.0675877 0.1014756 0.0935030 0.0984852 0.1005514 0.0275510 0.0714465 0.1030221 0.1098650 0.1044099 0.0352312 0.0672580 0.0694189 0.0259790 0.0638835 0.0780590 0.0579340 0.0649001 0.0948022 0.0922668 0.0949951 
Peramelidae_Perameles_nasuta                 0.0838753 0.0981026 0.0798222 0.0911152 0.0952701 0.1169407 0.0835523 0.0957497 0.0941023 0.0000000 0.0994637 0.1169099 0.1143170 0.0886973 0.0940124 0.1147438 0.1086573 0.1178713 0.0206111 0.0992474 0.0943771 0.1181119 0.1211326 0.1198282 0.0961106 0.0926258 0.0950043 0.0976675 0.0864483 0.0982786 0.0874391 0.0906444 0.0370928 0.1094497 0.0034267 
Phalangeridae_Strigocuscus_pelengensis       0.0465538 0.0764352 0.0520433 0.0742497 0.0749590 0.0868269 0.0180181 0.0166367 0.0738265 0.0994637 0.0000000 0.0872753 0.0871836 0.0135702 0.0700510 0.0856076 0.0819483 0.0997919 0.1027970 0.0717838 0.0664887 0.0955826 0.1014031 0.0930198 0.0707572 0.0658390 0.0646009 0.0752777 0.0593250 0.0709979 0.0581102 0.0127212 0.0925701 0.0820820 0.0990719 
Dasyuridae_Phascogale_tapoatafa              0.0737645 0.0997314 0.0813914 0.1030657 0.1055771 0.0249321 0.0777543 0.0873150 0.1024778 0.1169099 0.0872753 0.0000000 0.0306570 0.0837037 0.0933637 0.0022491 0.0205034 0.0477786 0.1141010 0.1040432 0.0914318 0.1149038 0.1222255 0.0090607 0.0991289 0.0828640 0.0941934 0.1054443 0.0857677 0.0964615 0.0835737 0.0829612 0.1210444 0.0193926 0.1189465 
Dasyuridae_Sminthopsis_macroura              0.0721557 0.0859035 0.0685103 0.0948223 0.0980675 0.0284382 0.0722787 0.0831897 0.0938072 0.1143170 0.0871836 0.0306570 0.0000000 0.0771470 0.0921233 0.0311606 0.0248904 0.0378939 0.1104691 0.0959900 0.0857759 0.1100161 0.1170085 0.0310623 0.0923483 0.0769757 0.0882305 0.0975984 0.0796742 0.0918974 0.0802080 0.0774334 0.1160814 0.0246520 0.1146027 
Phalangeridae_Phalanger_orientalis           0.0404620 0.0736926 0.0479251 0.0660485 0.0666179 0.0771938 0.0124467 0.0099737 0.0651306 0.0886973 0.0135702 0.0837037 0.0771470 0.0000000 0.0617064 0.0821996 0.0743574 0.0953315 0.0935180 0.0666177 0.0552301 0.0934616 0.0985380 0.0873426 0.0629266 0.0614282 0.0565341 0.0694086 0.0516718 0.0631222 0.0562531 0.0027059 0.0919852 0.0750908 0.0886938 
Acrobatidae_Acrobates_pygmaeus               0.0528192 0.0753490 0.0503751 0.0689738 0.0721073 0.0945437 0.0576096 0.0669387 0.0675877 0.0940124 0.0700510 0.0933637 0.0921233 0.0617064 0.0000000 0.0907426 0.0871665 0.1008032 0.0972777 0.0706404 0.0621749 0.0985430 0.0999483 0.0935066 0.0723666 0.0641323 0.0601302 0.0716215 0.0580903 0.0685393 0.0297536 0.0614060 0.0978199 0.0909742 0.0960617 
Dasyuridae_Phascogale_calura                 0.0728266 0.0969011 0.0797516 0.1031981 0.1057183 0.0245203 0.0762130 0.0857216 0.1014756 0.1147438 0.0856076 0.0022491 0.0311606 0.0821996 0.0907426 0.0000000 0.0192338 0.0473580 0.1119089 0.1019818 0.0903601 0.1126261 0.1188353 0.0087029 0.0971220 0.0808240 0.0920072 0.1032977 0.0847168 0.0954372 0.0825726 0.0813881 0.1191330 0.0198434 0.1166610 
Dasyuridae_Sarcophilus_harrisii              0.0685897 0.0890169 0.0716247 0.0939945 0.0961671 0.0085352 0.0676628 0.0778950 0.0935030 0.1086573 0.0819483 0.0205034 0.0248904 0.0743574 0.0871665 0.0192338 0.0000000 0.0413389 0.1071328 0.0953235 0.0852392 0.1057702 0.1114163 0.0184183 0.0897725 0.0772177 0.0882882 0.0979914 0.0807758 0.0875599 0.0802364 0.0736607 0.1123748 0.0043586 0.1090204 
Dasyuridae_Planigale_tenuirostris            0.0892987 0.0874990 0.0734409 0.1027414 0.1053994 0.0450560 0.0878193 0.0991631 0.0984852 0.1178713 0.0997919 0.0477786 0.0378939 0.0953315 0.1008032 0.0473580 0.0413389 0.0000000 0.1138190 0.1013065 0.1041049 0.1079747 0.1114312 0.0478874 0.0989745 0.0785143 0.1057790 0.1043887 0.0999368 0.1125947 0.0806539 0.0958203 0.1072125 0.0405804 0.1169295 
Peramelidae_Echymipera_kalubu                0.0852084 0.0956661 0.0798131 0.0980362 0.1025447 0.1152887 0.0864955 0.0999470 0.1005514 0.0206111 0.1027970 0.1141010 0.1104691 0.0935180 0.0972777 0.1119089 0.1071328 0.1138190 0.0000000 0.1065227 0.0970423 0.1175918 0.1193943 0.1191678 0.1020301 0.0880114 0.0982432 0.1029406 0.0896520 0.1026904 0.0894298 0.0954395 0.0261847 0.1078773 0.0222454 
Macropodidae_Dorcopsulus_vanheurni           0.0602105 0.0848751 0.0538872 0.0257691 0.0288244 0.0978208 0.0582974 0.0701602 0.0275510 0.0992474 0.0717838 0.1040432 0.0959900 0.0666177 0.0706404 0.1019818 0.0953235 0.1013065 0.1065227 0.0000000 0.0745848 0.1036497 0.1094626 0.1019121 0.0356502 0.0675077 0.0688208 0.0077060 0.0649557 0.0779290 0.0625060 0.0664382 0.1039520 0.0947493 0.1013518 
Pseudochiridae_Pseudochirulus_forbesi        0.0498549 0.0828438 0.0540649 0.0713829 0.0729950 0.0883100 0.0518366 0.0601808 0.0714465 0.0943771 0.0664887 0.0914318 0.0857759 0.0552301 0.0621749 0.0903601 0.0852392 0.1041049 0.0970423 0.0745848 0.0000000 0.1053370 0.1118304 0.0954143 0.0761506 0.0740074 0.0381458 0.0708441 0.0143807 0.0586149 0.0587063 0.0578709 0.1041527 0.0869812 0.0953409 
Didelphidae_Didelphis_virginiana             0.0856573 0.0988255 0.0778625 0.0989446 0.1009235 0.1106612 0.0861784 0.0963888 0.1030221 0.1181119 0.0955826 0.1149038 0.1100161 0.0934616 0.0985430 0.1126261 0.1057702 0.1079747 0.1175918 0.1036497 0.1053370 0.0000000 0.0270347 0.1172563 0.0984832 0.0806198 0.0974014 0.1026248 0.0968101 0.1047831 0.0853495 0.0943892 0.1108691 0.1071367 0.1196664 
Marmosidae_Monodelphis_domestica             0.0918775 0.1030024 0.0824257 0.1057041 0.1054568 0.1131959 0.0927678 0.1003291 0.1098650 0.1211326 0.1014031 0.1222255 0.1170085 0.0985380 0.0999483 0.1188353 0.1114163 0.1114312 0.1193943 0.1094626 0.1118304 0.0270347 0.0000000 0.1210543 0.1042161 0.0877069 0.1037931 0.1096805 0.1054135 0.1121902 0.0870153 0.1000233 0.1198822 0.1136042 0.1231784 
Dasyuridae_Antechinus_stuartii               0.0719095 0.1043558 0.0821655 0.1064279 0.1099030 0.0233938 0.0804792 0.0901121 0.1044099 0.1198282 0.0930198 0.0090607 0.0310623 0.0873426 0.0935066 0.0087029 0.0184183 0.0478874 0.1191678 0.1019121 0.0954143 0.1172563 0.1210543 0.0000000 0.1021350 0.0867141 0.0959737 0.1015893 0.0859956 0.0926881 0.0833579 0.0864100 0.1257311 0.0186149 0.1212900 
Hypsiprymnodontidae_Hypsiprymnodon_moschatus 0.0566736 0.0839469 0.0519342 0.0361145 0.0383002 0.0943373 0.0570946 0.0687581 0.0352312 0.0961106 0.0707572 0.0991289 0.0923483 0.0629266 0.0723666 0.0971220 0.0897725 0.0989745 0.1020301 0.0356502 0.0761506 0.0984832 0.1042161 0.1021350 0.0000000 0.0727995 0.0725826 0.0358226 0.0694750 0.0821121 0.0604027 0.0632530 0.1024505 0.0898013 0.0987969 
Microbiotheriidae_Dromiciops_gliroides       0.0568744 0.0792430 0.0550021 0.0659055 0.0666051 0.0789974 0.0574242 0.0673463 0.0672580 0.0926258 0.0658390 0.0828640 0.0769757 0.0614282 0.0641323 0.0808240 0.0772177 0.0785143 0.0880114 0.0675077 0.0740074 0.0806198 0.0877069 0.0867141 0.0727995 0.0000000 0.0667702 0.0704727 0.0634411 0.0766469 0.0672326 0.0627287 0.0977772 0.0777619 0.0917201 
Pseudochiridae_Petauroides_volans            0.0522667 0.0842624 0.0560635 0.0707156 0.0721519 0.0918382 0.0548361 0.0614570 0.0694189 0.0950043 0.0646009 0.0941934 0.0882305 0.0565341 0.0601302 0.0920072 0.0882882 0.1057790 0.0982432 0.0688208 0.0381458 0.0974014 0.1037931 0.0959737 0.0725826 0.0667702 0.0000000 0.0659198 0.0315936 0.0597612 0.0592992 0.0592174 0.1016658 0.0899606 0.0954142 
Macropodidae_Wallabia_bicolor                0.0593995 0.0848312 0.0553390 0.0268761 0.0287009 0.1011498 0.0602572 0.0726054 0.0259790 0.0976675 0.0752777 0.1054443 0.0975984 0.0694086 0.0716215 0.1032977 0.0979914 0.1043887 0.1029406 0.0077060 0.0708441 0.1026248 0.1096805 0.1015893 0.0358226 0.0704727 0.0659198 0.0000000 0.0638152 0.0771606 0.0637408 0.0687003 0.1030164 0.0973902 0.0998374 
Pseudochiridae_Pseudocheirus_occidentalis    0.0449167 0.0808867 0.0472850 0.0648594 0.0667242 0.0838099 0.0464012 0.0565091 0.0638835 0.0864483 0.0593250 0.0857677 0.0796742 0.0516718 0.0580903 0.0847168 0.0807758 0.0999368 0.0896520 0.0649557 0.0143807 0.0968101 0.1054135 0.0859956 0.0694750 0.0634411 0.0315936 0.0638152 0.0000000 0.0547294 0.0519934 0.0538623 0.0945295 0.0825101 0.0874794 
Tarsipedidae_Tarsipes_rostratus              0.0560676 0.0887334 0.0616794 0.0759863 0.0789500 0.0924887 0.0561437 0.0676997 0.0780590 0.0982786 0.0709979 0.0964615 0.0918974 0.0631222 0.0685393 0.0954372 0.0875599 0.1125947 0.1026904 0.0779290 0.0586149 0.1047831 0.1121902 0.0926881 0.0821121 0.0766469 0.0597612 0.0771606 0.0547294 0.0000000 0.0592542 0.0639977 0.1071843 0.0904697 0.0985350 
Acrobatidae_Distoechurus_pennatus            0.0483291 0.0828303 0.0540229 0.0602748 0.0605643 0.0845990 0.0507864 0.0596071 0.0579340 0.0874391 0.0581102 0.0835737 0.0802080 0.0562531 0.0297536 0.0825726 0.0802364 0.0806539 0.0894298 0.0625060 0.0587063 0.0853495 0.0870153 0.0833579 0.0604027 0.0672326 0.0592992 0.0637408 0.0519934 0.0592542 0.0000000 0.0552949 0.1008724 0.0826893 0.0883774 
Phalangeridae_Phalanger_carmelitae           0.0412236 0.0743483 0.0468940 0.0658148 0.0663941 0.0775258 0.0127806 0.0102911 0.0649001 0.0906444 0.0127212 0.0829612 0.0774334 0.0027059 0.0614060 0.0813881 0.0736607 0.0958203 0.0954395 0.0664382 0.0578709 0.0943892 0.1000233 0.0864100 0.0632530 0.0627287 0.0592174 0.0687003 0.0538623 0.0639977 0.0552949 0.0000000 0.0927019 0.0743254 0.0905394 
Peramelidae_Peroryctes_raffrayana            0.0915854 0.1012649 0.0838621 0.0960417 0.0961343 0.1161846 0.0900876 0.1019105 0.0948022 0.0370928 0.0925701 0.1210444 0.1160814 0.0919852 0.0978199 0.1191330 0.1123748 0.1072125 0.0261847 0.1039520 0.1041527 0.1108691 0.1198822 0.1257311 0.1024505 0.0977772 0.1016658 0.1030164 0.0945295 0.1071843 0.1008724 0.0927019 0.0000000 0.1118659 0.0375037 
Dasyuridae_Dasyurus_geffroii                 0.0693938 0.0893860 0.0728372 0.0927555 0.0948718 0.0062242 0.0678487 0.0785493 0.0922668 0.1094497 0.0820820 0.0193926 0.0246520 0.0750908 0.0909742 0.0198434 0.0043586 0.0405804 0.1078773 0.0947493 0.0869812 0.1071367 0.1136042 0.0186149 0.0898013 0.0777619 0.0899606 0.0973902 0.0825101 0.0904697 0.0826893 0.0743254 0.1118659 0.0000000 0.1096976 
Peramelidae_Perameles_gunnii                 0.0866484 0.0969513 0.0802493 0.0930245 0.0972801 0.1172645 0.0834288 0.0955404 0.0949951 0.0034267 0.0990719 0.1189465 0.1146027 0.0886938 0.0960617 0.1166610 0.1090204 0.1169295 0.0222454 0.1013518 0.0953409 0.1196664 0.1231784 0.1212900 0.0987969 0.0917201 0.0954142 0.0998374 0.0874794 0.0985350 0.0883774 0.0905394 0.0375037 0.1096976 0.0000000 
