37
Burramyidae_Burramys_parvus                  0.0000000 0.1431992 0.0867310 0.0820346 0.0848906 0.1117506 0.0685275 0.1184716 0.0810528 0.1117589 0.0914768 0.1155940 0.1177250 0.1509835 0.0814793 0.1177671 0.1103134 0.1020943 0.1234721 0.0781324 0.1575268 0.1436371 0.1401374 0.1169479 0.0946514 0.1189740 0.1237412 0.0753961 0.1720448 0.1557128 0.0858500 0.1270436 0.1195279 0.1083227 0.1144172 0.0956858 0.0956858 
Notoryctidae_Notoryctes_typhlops             0.1431992 0.0000000 0.1324577 0.1307810 0.1322648 0.1520051 0.1198630 0.1845011 0.1317477 0.1476816 0.1399577 0.1524442 0.1561132 0.2219904 0.1357647 0.1524235 0.1476574 0.1621666 0.1514528 0.1238881 0.2058676 0.1714117 0.1809032 0.1505027 0.1304424 0.1389015 0.1836694 0.1296463 0.2254296 0.2173214 0.1273522 0.1874465 0.1533547 0.1487363 0.1454092 0.0460785 0.0460785 
Vombatidae_Lasiorhinus_latifrons             0.0867310 0.1324577 0.0000000 0.0940063 0.0986786 0.1041556 0.0836034 0.1331566 0.0897744 0.1288681 0.1009433 0.1096774 0.1189645 0.1662944 0.0849297 0.1088747 0.1072918 0.1204541 0.1333559 0.0933399 0.1589595 0.1556066 0.1430849 0.1088083 0.0971545 0.1132687 0.1303344 0.0870799 0.1667398 0.1577445 0.0854759 0.1360792 0.1352996 0.1070189 0.1322105 0.0561172 0.0561172 
Potoroidae_Bettongia_penicillata             0.0820346 0.1307810 0.0940063 0.0000000 0.0076010 0.1205703 0.0879888 0.1359798 0.0156487 0.1275737 0.0939503 0.1192280 0.1288932 0.1635308 0.0793662 0.1196161 0.1163258 0.1150669 0.1298229 0.0246625 0.1688860 0.1529606 0.1631808 0.1225323 0.0514566 0.1243692 0.1345017 0.0238418 0.1769979 0.1697007 0.0847755 0.1429927 0.1345121 0.1161424 0.1300456 0.0920164 0.0920164 
Potoroidae_Bettongia_lesueur                 0.0848906 0.1322648 0.0986786 0.0076010 0.0000000 0.1247216 0.0929993 0.1403763 0.0178989 0.1323073 0.0952449 0.1232256 0.1329930 0.1670883 0.0809418 0.1237744 0.1204014 0.1218294 0.1353326 0.0251293 0.1702201 0.1564364 0.1679127 0.1268965 0.0541276 0.1271782 0.1376117 0.0252556 0.1817990 0.1687214 0.0867258 0.1443701 0.1395533 0.1201137 0.1359063 0.1054082 0.1054082 
Dasyuridae_Dasyurus_maculatus                0.1117506 0.1520051 0.1041556 0.1205703 0.1247216 0.0000000 0.0987470 0.1702438 0.1169443 0.1445411 0.1285223 0.0297482 0.0394887 0.1972960 0.1176384 0.0284157 0.0160684 0.0360251 0.1516014 0.1181782 0.1786150 0.1745758 0.1526082 0.0276400 0.1234101 0.1302568 0.1571054 0.1151735 0.1934615 0.1903999 0.1106348 0.1716727 0.1476382 0.0182715 0.1455253 0.0476679 0.0476679 
Phalangeridae_Trichosurus_vulpecula          0.0685275 0.1198630 0.0836034 0.0879888 0.0929993 0.0987470 0.0000000 0.0490918 0.0832287 0.1302206 0.0377504 0.1023640 0.1219648 0.0228906 0.0793904 0.1047781 0.1032417 0.1055217 0.1442582 0.0766381 0.0891686 0.1245342 0.1308773 0.0972810 0.0889753 0.0976504 0.0832072 0.0815622 0.0726061 0.1125296 0.0640724 0.0414314 0.1422290 0.1034645 0.1341761 0.0790985 0.0790985 
Phalangeridae_Spilocuscus_maculatus          0.1184716 0.1845011 0.1331566 0.1359798 0.1403763 0.1702438 0.0490918 0.0000000 0.1381778 0.1741313 0.0572321 0.1702895 0.1802431 0.0552656 0.1265855 0.1729104 0.1675743 0.1713386 0.1882547 0.1249715 0.1675832 0.1762586 0.1882177 0.1725140 0.1378918 0.1510943 0.1210524 0.1301991 0.1323678 0.1840927 0.1173101 0.0613959 0.1853659 0.1688295 0.1802926 0.1015052 0.1015052 
Potoroidae_Aepyprymnus_rufescens             0.0810528 0.1317477 0.0897744 0.0156487 0.0178989 0.1169443 0.0832287 0.1381778 0.0000000 0.1304905 0.0957053 0.1180703 0.1280442 0.1641724 0.0759522 0.1198415 0.1128536 0.1165749 0.1326435 0.0237188 0.1677345 0.1468789 0.1564402 0.1211896 0.0493154 0.1247577 0.1331903 0.0213742 0.1767931 0.1621597 0.0803905 0.1414515 0.1358255 0.1125732 0.1337961 0.0910661 0.0910661 
Peramelidae_Perameles_nasuta                 0.1117589 0.1476816 0.1288681 0.1275737 0.1323073 0.1445411 0.1302206 0.1741313 0.1304905 0.0000000 0.1517215 0.1507445 0.1580207 0.2158346 0.1374611 0.1534270 0.1447167 0.1601464 0.0252123 0.1210642 0.2097354 0.1813703 0.1697270 0.1499906 0.1276026 0.1423745 0.1658950 0.1252972 0.2156908 0.2040813 0.1301568 0.1784117 0.0196032 0.1491700 0.0058149 0.0618574 0.0618574 
Phalangeridae_Strigocuscus_pelengensis       0.0914768 0.1399577 0.1009433 0.0939503 0.0952449 0.1285223 0.0377504 0.0572321 0.0957053 0.1517215 0.0000000 0.1229669 0.1292163 0.0902623 0.0812038 0.1240742 0.1207546 0.1223752 0.1457728 0.0846485 0.1439254 0.1420820 0.1641003 0.1263020 0.0958174 0.1295543 0.1427592 0.0890974 0.1468770 0.1697992 0.0819495 0.0806774 0.1496625 0.1241710 0.1501849 0.0735458 0.0735458 
Dasyuridae_Phascogale_tapoatafa              0.1155940 0.1524442 0.1096774 0.1192280 0.1232256 0.0297482 0.1023640 0.1702895 0.1180703 0.1507445 0.1229669 0.0000000 0.0298521 0.2055472 0.1168055 0.0055441 0.0198232 0.0284067 0.1579313 0.1192334 0.1830637 0.1647584 0.1654138 0.0150479 0.1215183 0.1294351 0.1614844 0.1178409 0.1961235 0.1948862 0.1076427 0.1694987 0.1574004 0.0225774 0.1529189 0.0429967 0.0429967 
Dasyuridae_Sminthopsis_macroura              0.1177250 0.1561132 0.1189645 0.1288932 0.1329930 0.0394887 0.1219648 0.1802431 0.1280442 0.1580207 0.1292163 0.0298521 0.0000000 0.2138466 0.1263886 0.0284930 0.0290582 0.0251538 0.1663355 0.1232192 0.1887801 0.1748052 0.1667796 0.0300532 0.1286494 0.1382504 0.1722973 0.1211723 0.2118698 0.2007678 0.1143464 0.1793148 0.1641648 0.0328918 0.1597779 0.0520920 0.0520920 
Phalangeridae_Phalanger_orientalis           0.1509835 0.2219904 0.1662944 0.1635308 0.1670883 0.1972960 0.0228906 0.0552656 0.1641724 0.2158346 0.0902623 0.2055472 0.2138466 0.0000000 0.1530911 0.2077852 0.1984189 0.2007555 0.2168118 0.1475746 0.1788219 0.2028040 0.2093491 0.2071998 0.1553020 0.1772602 0.0981665 0.1526025 0.1571337 0.1609184 0.1476496 0.0242238 0.2312509 0.2052274 0.2113394 9.0000000 9.0000000 
Acrobatidae_Acrobates_pygmaeus               0.0814793 0.1357647 0.0849297 0.0793662 0.0809418 0.1176384 0.0793904 0.1265855 0.0759522 0.1374611 0.0812038 0.1168055 0.1263886 0.1530911 0.0000000 0.1144238 0.1105583 0.1139805 0.1336893 0.0690079 0.1454293 0.1325861 0.1359699 0.1173708 0.0799524 0.1189086 0.1086785 0.0671798 0.1715847 0.1412561 0.0465887 0.1217671 0.1416131 0.1130546 0.1382542 9.0000000 9.0000000 
Dasyuridae_Phascogale_calura                 0.1177671 0.1524235 0.1088747 0.1196161 0.1237744 0.0284157 0.1047781 0.1729104 0.1198415 0.1534270 0.1240742 0.0055441 0.0284930 0.2077852 0.1144238 0.0000000 0.0184969 0.0267389 0.1599812 0.1186533 0.1830579 0.1677476 0.1658793 0.0146174 0.1225014 0.1327618 0.1634392 0.1155912 0.2003039 0.1956744 0.1086569 0.1708860 0.1605401 0.0221697 0.1542633 0.0429967 0.0429967 
Dasyuridae_Sarcophilus_harrisii              0.1103134 0.1476574 0.1072918 0.1163258 0.1204014 0.0160684 0.1032417 0.1675743 0.1128536 0.1447167 0.1207546 0.0198232 0.0290582 0.1984189 0.1105583 0.0184969 0.0000000 0.0263880 0.1541620 0.1135405 0.1804065 0.1645293 0.1601997 0.0190338 0.1189433 0.1289009 0.1576007 0.1104650 0.1980253 0.1886770 0.1062926 0.1687700 0.1510630 0.0084818 0.1455014 0.0341211 0.0341211 
Dasyuridae_Planigale_tenuirostris            0.1020943 0.1621666 0.1204541 0.1150669 0.1218294 0.0360251 0.1055217 0.1713386 0.1165749 0.1601464 0.1223752 0.0284067 0.0251538 0.2007555 0.1139805 0.0267389 0.0263880 0.0000000 0.1597593 0.1115756 0.1847951 0.1683264 0.1555850 0.0301649 0.1205399 0.1381937 0.1567448 0.1058412 0.2158118 0.1989189 0.1188481 0.1643047 0.1634680 0.0302963 0.1613848 9.0000000 9.0000000 
Peramelidae_Echymipera_kalubu                0.1234721 0.1514528 0.1333559 0.1298229 0.1353326 0.1516014 0.1442582 0.1882547 0.1326435 0.0252123 0.1457728 0.1579313 0.1663355 0.2168118 0.1336893 0.1599812 0.1541620 0.1597593 0.0000000 0.1260652 0.2122960 0.1740532 0.1635155 0.1582187 0.1279854 0.1450694 0.1800102 0.1288130 0.2251776 0.2159199 0.1302871 0.1910231 0.0151979 0.1535444 0.0247198 0.0819605 0.0819605 
Macropodidae_Dorcopsulus_vanheurni           0.0781324 0.1238881 0.0933399 0.0246625 0.0251293 0.1181782 0.0766381 0.1249715 0.0237188 0.1210642 0.0846485 0.1192334 0.1232192 0.1475746 0.0690079 0.1186533 0.1135405 0.1115756 0.1260652 0.0000000 0.1590503 0.1388446 0.1500187 0.1205368 0.0429764 0.1225617 0.1222613 0.0143618 0.1704520 0.1557111 0.0756060 0.1281487 0.1294438 0.1132605 0.1227086 0.0960090 0.0960090 
Pseudochiridae_Pseudochirulus_forbesi        0.1575268 0.2058676 0.1589595 0.1688860 0.1702201 0.1786150 0.0891686 0.1675832 0.1677345 0.2097354 0.1439254 0.1830637 0.1887801 0.1788219 0.1454293 0.1830579 0.1804065 0.1847951 0.2122960 0.1590503 0.0000000 0.2180332 0.2099032 0.1899467 0.1655336 0.1927803 0.1107519 0.1594396 0.1302809 0.1484820 0.1462821 0.1600169 0.2190895 0.1810043 0.2098350 0.1672233 0.1672233 
Didelphidae_Didelphis_virginiana             0.1436371 0.1714117 0.1556066 0.1529606 0.1564364 0.1745758 0.1245342 0.1762586 0.1468789 0.1813703 0.1420820 0.1647584 0.1748052 0.2028040 0.1325861 0.1677476 0.1645293 0.1683264 0.1740532 0.1388446 0.2180332 0.0000000 0.0632839 0.1715398 0.1503456 0.1389018 0.1881976 0.1408841 0.2198339 0.2022681 0.1379479 0.1866261 0.1751043 0.1648051 0.1789551 0.1509949 0.1509949 
Marmosidae_Monodelphis_domestica             0.1401374 0.1809032 0.1430849 0.1631808 0.1679127 0.1526082 0.1308773 0.1882177 0.1564402 0.1697270 0.1641003 0.1654138 0.1667796 0.2093491 0.1359699 0.1658793 0.1601997 0.1555850 0.1635155 0.1500187 0.2099032 0.0632839 0.0000000 0.1679206 0.1569257 0.1521903 0.1760619 0.1483227 0.2156222 0.2060505 0.1440675 0.1906745 0.1658132 0.1590623 0.1698215 0.1549460 0.1549460 
Dasyuridae_Antechinus_stuartii               0.1169479 0.1505027 0.1088083 0.1225323 0.1268965 0.0276400 0.0972810 0.1725140 0.1211896 0.1499906 0.1263020 0.0150479 0.0300532 0.2071998 0.1173708 0.0146174 0.0190338 0.0301649 0.1582187 0.1205368 0.1899467 0.1715398 0.1679206 0.0000000 0.1226783 0.1338895 0.1661706 0.1174155 0.2030181 0.1981322 0.1085885 0.1709702 0.1557439 0.0227301 0.1517402 0.0434651 0.0434651 
Hypsiprymnodontidae_Hypsiprymnodon_moschatus 0.0946514 0.1304424 0.0971545 0.0514566 0.0541276 0.1234101 0.0889753 0.1378918 0.0493154 0.1276026 0.0958174 0.1215183 0.1286494 0.1553020 0.0799524 0.1225014 0.1189433 0.1205399 0.1279854 0.0429764 0.1655336 0.1503456 0.1569257 0.1226783 0.0000000 0.1283205 0.1349956 0.0475030 0.1745772 0.1633569 0.0784693 0.1423901 0.1290710 0.1199722 0.1260265 0.0978851 0.0978851 
Microbiotheriidae_Dromiciops_gliroides       0.1189740 0.1389015 0.1132687 0.1243692 0.1271782 0.1302568 0.0976504 0.1510943 0.1247577 0.1423745 0.1295543 0.1294351 0.1382504 0.1772602 0.1189086 0.1327618 0.1289009 0.1381937 0.1450694 0.1225617 0.1927803 0.1389018 0.1521903 0.1338895 0.1283205 0.0000000 0.1501882 0.1215243 0.1911419 0.1968034 0.1111300 0.1493123 0.1414421 0.1279728 0.1435876 0.0803779 0.0803779 
Pseudochiridae_Petauroides_volans            0.1237412 0.1836694 0.1303344 0.1345017 0.1376117 0.1571054 0.0832072 0.1210524 0.1331903 0.1658950 0.1427592 0.1614844 0.1722973 0.0981665 0.1086785 0.1634392 0.1576007 0.1567448 0.1800102 0.1222613 0.1107519 0.1881976 0.1760619 0.1661706 0.1349956 0.1501882 0.0000000 0.1263526 0.0787941 0.1311467 0.1208051 0.1190528 0.1789599 0.1604947 0.1691459 0.1439221 0.1439221 
Macropodidae_Wallabia_bicolor                0.0753961 0.1296463 0.0870799 0.0238418 0.0252556 0.1151735 0.0815622 0.1301991 0.0213742 0.1252972 0.0890974 0.1178409 0.1211723 0.1526025 0.0671798 0.1155912 0.1104650 0.1058412 0.1288130 0.0143618 0.1594396 0.1408841 0.1483227 0.1174155 0.0475030 0.1215243 0.1263526 0.0000000 0.1752705 0.1606958 0.0785649 0.1346400 0.1343134 0.1101872 0.1286837 0.1060959 0.1060959 
Pseudochiridae_Pseudocheirus_occidentalis    0.1720448 0.2254296 0.1667398 0.1769979 0.1817990 0.1934615 0.0726061 0.1323678 0.1767931 0.2156908 0.1468770 0.1961235 0.2118698 0.1571337 0.1715847 0.2003039 0.1980253 0.2158118 0.2251776 0.1704520 0.1302809 0.2198339 0.2156222 0.2030181 0.1745772 0.1911419 0.0787941 0.1752705 0.0000000 0.1649979 0.1563660 0.1294992 0.2254608 0.2004926 0.2121406 0.1170460 0.1170460 
Tarsipedidae_Tarsipes_rostratus              0.1557128 0.2173214 0.1577445 0.1697007 0.1687214 0.1903999 0.1125296 0.1840927 0.1621597 0.2040813 0.1697992 0.1948862 0.2007678 0.1609184 0.1412561 0.1956744 0.1886770 0.1989189 0.2159199 0.1557111 0.1484820 0.2022681 0.2060505 0.1981322 0.1633569 0.1968034 0.1311467 0.1606958 0.1649979 0.0000000 0.1435079 0.1767121 0.2134390 0.1923362 0.2050264 0.1600655 0.1600655 
Acrobatidae_Distoechurus_pennatus            0.0858500 0.1273522 0.0854759 0.0847755 0.0867258 0.1106348 0.0640724 0.1173101 0.0803905 0.1301568 0.0819495 0.1076427 0.1143464 0.1476496 0.0465887 0.1086569 0.1062926 0.1188481 0.1302871 0.0756060 0.1462821 0.1379479 0.1440675 0.1085885 0.0784693 0.1111300 0.1208051 0.0785649 0.1563660 0.1435079 0.0000000 0.1173350 0.1329270 0.1055655 0.1284836 0.0523446 0.0523446 
Phalangeridae_Phalanger_carmelitae           0.1270436 0.1874465 0.1360792 0.1429927 0.1443701 0.1716727 0.0414314 0.0613959 0.1414515 0.1784117 0.0806774 0.1694987 0.1793148 0.0242238 0.1217671 0.1708860 0.1687700 0.1643047 0.1910231 0.1281487 0.1600169 0.1866261 0.1906745 0.1709702 0.1423901 0.1493123 0.1190528 0.1346400 0.1294992 0.1767121 0.1173350 0.0000000 0.1882520 0.1712061 0.1846328 0.1539774 0.1539774 
Peramelidae_Peroryctes_raffrayana            0.1195279 0.1533547 0.1352996 0.1345121 0.1395533 0.1476382 0.1422290 0.1853659 0.1358255 0.0196032 0.1496625 0.1574004 0.1641648 0.2312509 0.1416131 0.1605401 0.1510630 0.1634680 0.0151979 0.1294438 0.2190895 0.1751043 0.1658132 0.1557439 0.1290710 0.1414421 0.1789599 0.1343134 0.2254608 0.2134390 0.1329270 0.1882520 0.0000000 0.1529142 0.0189065 0.0634765 0.0634765 
Dasyuridae_Dasyurus_geffroii                 0.1083227 0.1487363 0.1070189 0.1161424 0.1201137 0.0182715 0.1034645 0.1688295 0.1125732 0.1491700 0.1241710 0.0225774 0.0328918 0.2052274 0.1130546 0.0221697 0.0084818 0.0302963 0.1535444 0.1132605 0.1810043 0.1648051 0.1590623 0.0227301 0.1199722 0.1279728 0.1604947 0.1101872 0.2004926 0.1923362 0.1055655 0.1712061 0.1529142 0.0000000 0.1486627 0.0253847 0.0253847 
Peramelidae_Perameles_gunnii                 0.1144172 0.1454092 0.1322105 0.1300456 0.1359063 0.1455253 0.1341761 0.1802926 0.1337961 0.0058149 0.1501849 0.1529189 0.1597779 0.2113394 0.1382542 0.1542633 0.1455014 0.1613848 0.0247198 0.1227086 0.2098350 0.1789551 0.1698215 0.1517402 0.1260265 0.1435876 0.1691459 0.1286837 0.2121406 0.2050264 0.1284836 0.1846328 0.0189065 0.1486627 0.0000000 0.0674803 0.0674803 
Myrmecobiidae_Myrmecobius_fasciatus1         0.0956858 0.0460785 0.0561172 0.0920164 0.1054082 0.0476679 0.0790985 0.1015052 0.0910661 0.0618574 0.0735458 0.0429967 0.0520920 9.0000000 9.0000000 0.0429967 0.0341211 9.0000000 0.0819605 0.0960090 0.1672233 0.1509949 0.1549460 0.0434651 0.0978851 0.0803779 0.1439221 0.1060959 0.1170460 0.1600655 0.0523446 0.1539774 0.0634765 0.0253847 0.0674803 0.0000000 0.0000010 
Myrmecobiidae_Myrmecobius_fasciatus2         0.0956858 0.0460785 0.0561172 0.0920164 0.1054082 0.0476679 0.0790985 0.1015052 0.0910661 0.0618574 0.0735458 0.0429967 0.0520920 9.0000000 9.0000000 0.0429967 0.0341211 9.0000000 0.0819605 0.0960090 0.1672233 0.1509949 0.1549460 0.0434651 0.0978851 0.0803779 0.1439221 0.1060959 0.1170460 0.1600655 0.0523446 0.1539774 0.0634765 0.0253847 0.0674803 0.0000010 0.0000000 
