37
Peramelidae_Isoodon_obesulus1                0.0000000 0.1990645 0.1980054 0.1741508 0.1986914 0.1981163 0.2015604 0.1845538 0.1977283 0.2038732 0.0201741 0.2011081 0.2024927 0.2085959 0.1966602 0.1923738 0.2009151 0.2031301 0.2102043 0.0360400 0.2015951 0.2117919 0.2419563 0.2299132 0.1942241 0.1977939 0.2023211 0.2023686 0.2025796 0.2070819 0.2107455 0.2011709 0.1980860 0.0000010 0.0427280 0.2034769 0.0243056 
Burramyidae_Burramys_parvus                  0.1990645 0.0000000 0.1028093 0.0583556 0.0820117 0.0847675 0.0988667 0.0533110 0.0661239 0.0839720 0.1520703 0.0623136 0.0991445 0.1059327 0.0672491 0.0668621 0.0934173 0.0989351 0.0986720 0.1452150 0.0792602 0.0750395 0.1178042 0.1139632 0.0964912 0.0734205 0.0936612 0.0619230 0.0804168 0.0807872 0.0871448 0.0638020 0.0668916 0.1990645 0.1503864 0.1002855 0.1493245 
Notoryctidae_Notoryctes_typhlops             0.1980054 0.1028093 0.0000000 0.0884206 0.1311894 0.1325184 0.1224978 0.0986136 0.1091891 0.1326262 0.1614252 0.1050329 0.1184345 0.1334485 0.1103049 0.1190634 0.1147399 0.1212597 0.1249459 0.1546271 0.1259464 0.1201181 0.1377372 0.1329207 0.1168488 0.1099836 0.1156795 0.1116153 0.1272891 0.1281503 0.1324839 0.1160446 0.1084704 0.1980054 0.1577437 0.1204066 0.1584016 
Vombatidae_Lasiorhinus_latifrons             0.1741508 0.0583556 0.0884206 0.0000000 0.0799298 0.0822016 0.0940640 0.0507059 0.0608246 0.0841125 0.1419491 0.0577262 0.0986234 0.1064380 0.0619863 0.0670021 0.0908185 0.0949360 0.0965738 0.1390105 0.0785324 0.0692265 0.1048365 0.1000173 0.0917734 0.0717952 0.0810435 0.0642144 0.0805418 0.0826075 0.0867708 0.0637617 0.0603841 0.1741508 0.1430807 0.0955998 0.1398913 
Potoroidae_Bettongia_penicillata             0.1986914 0.0820117 0.1311894 0.0799298 0.0000000 0.0034949 0.1208354 0.0742543 0.0874641 0.0172817 0.1682139 0.0815349 0.1237190 0.1312011 0.0870798 0.0893845 0.1182649 0.1223346 0.1234156 0.1623724 0.0241543 0.0959875 0.1323202 0.1335068 0.1235519 0.0506497 0.1138193 0.0883620 0.0234305 0.1096605 0.1124716 0.0822652 0.0871746 0.1986914 0.1727613 0.1264755 0.1658200 
Potoroidae_Bettongia_lesueur                 0.1981163 0.0847675 0.1325184 0.0822016 0.0034949 0.0000000 0.1229044 0.0764939 0.0877692 0.0189227 0.1688697 0.0834591 0.1257753 0.1329182 0.0883806 0.0910712 0.1205332 0.1248050 0.1246309 0.1630789 0.0253987 0.0981740 0.1340025 0.1339523 0.1252501 0.0525382 0.1164400 0.0906095 0.0246816 0.1130905 0.1143345 0.0839972 0.0884701 0.1981163 0.1725366 0.1285192 0.1677040 
Dasyuridae_Dasyurus_maculatus                0.2015604 0.0988667 0.1224978 0.0940640 0.1208354 0.1229044 0.0000000 0.0934366 0.1068365 0.1219628 0.1638439 0.0991042 0.0226267 0.0454611 0.1095263 0.1028546 0.0202506 0.0070585 0.0417937 0.1613972 0.1164148 0.1151542 0.1310959 0.1208993 0.0186266 0.1114504 0.1151053 0.1046265 0.1172800 0.1251051 0.1325570 0.1009862 0.1079067 0.2015604 0.1664424 0.0050299 0.1590418 
Phalangeridae_Trichosurus_vulpecula          0.1845538 0.0533110 0.0986136 0.0507059 0.0742543 0.0764939 0.0934366 0.0000000 0.0297586 0.0755821 0.1428074 0.0260404 0.0955454 0.1042172 0.0312493 0.0648371 0.0905208 0.0922979 0.0956281 0.1383074 0.0719152 0.0739688 0.1061070 0.1063033 0.0919590 0.0658280 0.0842356 0.0617518 0.0725303 0.0827574 0.0854499 0.0609635 0.0302683 0.1845538 0.1407411 0.0956135 0.1407518 
Phalangeridae_Spilocuscus_maculatus          0.1977283 0.0661239 0.1091891 0.0608246 0.0874641 0.0877692 0.1068365 0.0297586 0.0000000 0.0869414 0.1507881 0.0201942 0.1105494 0.1174480 0.0166132 0.0736827 0.1051746 0.1068076 0.1080928 0.1452655 0.0827596 0.0846549 0.1166731 0.1176593 0.1054711 0.0748885 0.0971394 0.0720825 0.0825031 0.0903371 0.0992559 0.0724347 0.0157763 0.1977283 0.1499714 0.1088081 0.1486918 
Potoroidae_Aepyprymnus_rufescens             0.2038732 0.0839720 0.1326262 0.0841125 0.0172817 0.0189227 0.1219628 0.0755821 0.0869414 0.0000000 0.1664421 0.0831363 0.1273810 0.1309066 0.0875684 0.0888013 0.1201517 0.1228874 0.1215913 0.1610141 0.0257296 0.0953394 0.1292736 0.1334556 0.1237747 0.0518707 0.1122289 0.0865615 0.0250253 0.1059745 0.1116628 0.0821704 0.0880962 0.2038732 0.1713526 0.1254783 0.1635406 
Peramelidae_Perameles_nasuta                 0.0201741 0.1520703 0.1614252 0.1419491 0.1682139 0.1688697 0.1638439 0.1428074 0.1507881 0.1664421 0.0000000 0.1436906 0.1739508 0.1674650 0.1509964 0.1504057 0.1566130 0.1685133 0.1627550 0.0313901 0.1673650 0.1631188 0.1807872 0.1706655 0.1674147 0.1691415 0.1652001 0.1577353 0.1694377 0.1818905 0.1791642 0.1520553 0.1506930 0.0201741 0.0355131 0.1700558 0.0031380 
Phalangeridae_Strigocuscus_pelengensis       0.2011081 0.0623136 0.1050329 0.0577262 0.0815349 0.0834591 0.0991042 0.0260404 0.0201942 0.0831363 0.1436906 0.0000000 0.1016738 0.1107832 0.0189151 0.0689791 0.0991600 0.0991026 0.1030870 0.1388140 0.0800312 0.0832485 0.1127019 0.1113834 0.0975027 0.0699579 0.0954678 0.0672501 0.0806019 0.0836869 0.0948757 0.0691197 0.0180923 0.2011081 0.1430468 0.0999924 0.1415937 
Dasyuridae_Phascogale_tapoatafa              0.2024927 0.0991445 0.1184345 0.0986234 0.1237190 0.1257753 0.0226267 0.0955454 0.1105494 0.1273810 0.1739508 0.1016738 0.0000000 0.0467949 0.1099995 0.1051518 0.0075972 0.0222383 0.0410090 0.1669864 0.1227529 0.1150887 0.1269642 0.1211415 0.0141356 0.1156705 0.1163895 0.1039901 0.1246713 0.1253925 0.1305840 0.1022571 0.1090995 0.2024927 0.1709866 0.0243214 0.1690658 
Dasyuridae_Sminthopsis_macroura              0.2085959 0.1059327 0.1334485 0.1064380 0.1312011 0.1329182 0.0454611 0.1042172 0.1174480 0.1309066 0.1674650 0.1107832 0.0467949 0.0000000 0.1147726 0.1101881 0.0407276 0.0446467 0.0322854 0.1570123 0.1267424 0.1251981 0.1376911 0.1314049 0.0438638 0.1213879 0.1217883 0.1134127 0.1275899 0.1303624 0.1439197 0.1083162 0.1136566 0.2085959 0.1623740 0.0474577 0.1632234 
Phalangeridae_Phalanger_orientalis           0.1966602 0.0672491 0.1103049 0.0619863 0.0870798 0.0883806 0.1095263 0.0312493 0.0166132 0.0875684 0.1509964 0.0189151 0.1099995 0.1147726 0.0000000 0.0743488 0.1057262 0.1090022 0.1101488 0.1466258 0.0860481 0.0848945 0.1151113 0.1156133 0.1063045 0.0754135 0.0985426 0.0709059 0.0853351 0.0909592 0.0998242 0.0735360 0.0039427 0.1966602 0.1508123 0.1110998 0.1501950 
Acrobatidae_Acrobates_pygmaeus               0.1923738 0.0668621 0.1190634 0.0670021 0.0893845 0.0910712 0.1028546 0.0648371 0.0736827 0.0888013 0.1504057 0.0689791 0.1051518 0.1101881 0.0743488 0.0000000 0.1008015 0.1022875 0.0991528 0.1434038 0.0864285 0.0744452 0.1271979 0.1206620 0.1007219 0.0843570 0.1014730 0.0652743 0.0852944 0.0813209 0.0906764 0.0464673 0.0743368 0.1923738 0.1497916 0.1055772 0.1484308 
Dasyuridae_Phascogale_calura                 0.2009151 0.0934173 0.1147399 0.0908185 0.1182649 0.1205332 0.0202506 0.0905208 0.1051746 0.1201517 0.1566130 0.0991600 0.0075972 0.0407276 0.1057262 0.1008015 0.0000000 0.0194296 0.0364837 0.1491941 0.1150965 0.1117088 0.1200939 0.1147405 0.0135884 0.1047363 0.1108057 0.0994256 0.1188011 0.1164206 0.1283429 0.1004721 0.1041211 0.2009151 0.1505272 0.0219528 0.1516053 
Dasyuridae_Sarcophilus_harrisii              0.2031301 0.0989351 0.1212597 0.0949360 0.1223346 0.1248050 0.0070585 0.0922979 0.1068076 0.1228874 0.1685133 0.0991026 0.0222383 0.0446467 0.1090022 0.1022875 0.0194296 0.0000000 0.0400630 0.1640648 0.1183430 0.1140377 0.1295484 0.1211967 0.0167441 0.1122960 0.1171418 0.1036387 0.1192182 0.1240074 0.1324908 0.1009441 0.1073286 0.2031301 0.1664493 0.0079377 0.1636779 
Dasyuridae_Planigale_tenuirostris            0.2102043 0.0986720 0.1249459 0.0965738 0.1234156 0.1246309 0.0417937 0.0956281 0.1080928 0.1215913 0.1627550 0.1030870 0.0410090 0.0322854 0.1101488 0.0991528 0.0364837 0.0400630 0.0000000 0.1563149 0.1208907 0.1133224 0.1262106 0.1220441 0.0384513 0.1107632 0.1126444 0.1010729 0.1220057 0.1180443 0.1249394 0.0998505 0.1080673 0.2102043 0.1636787 0.0417828 0.1584021 
Peramelidae_Echymipera_kalubu                0.0360400 0.1452150 0.1546271 0.1390105 0.1623724 0.1630789 0.1613972 0.1383074 0.1452655 0.1610141 0.0313901 0.1388140 0.1669864 0.1570123 0.1466258 0.1434038 0.1491941 0.1640648 0.1563149 0.0000000 0.1637058 0.1545944 0.1714465 0.1616404 0.1617700 0.1658496 0.1605473 0.1483108 0.1646149 0.1743385 0.1705295 0.1446903 0.1451958 0.0360400 0.0236407 0.1643776 0.0335291 
Macropodidae_Dorcopsulus_vanheurni           0.2015951 0.0792602 0.1259464 0.0785324 0.0241543 0.0253987 0.1164148 0.0719152 0.0827596 0.0257296 0.1673650 0.0800312 0.1227529 0.1267424 0.0860481 0.0864285 0.1150965 0.1183430 0.1208907 0.1637058 0.0000000 0.0910177 0.1291273 0.1292359 0.1189008 0.0500459 0.1096054 0.0860105 0.0124692 0.1050752 0.1111496 0.0793317 0.0851895 0.2015951 0.1727309 0.1217534 0.1643899 
Pseudochiridae_Pseudochirulus_forbesi        0.2117919 0.0750395 0.1201181 0.0692265 0.0959875 0.0981740 0.1151542 0.0739688 0.0846549 0.0953394 0.1631188 0.0832485 0.1150887 0.1251981 0.0848945 0.0744452 0.1117088 0.1140377 0.1133224 0.1545944 0.0910177 0.0000000 0.1269331 0.1269186 0.1103570 0.0848378 0.1052944 0.0422675 0.0922105 0.0413894 0.0836580 0.0688920 0.0843054 0.2117919 0.1621973 0.1127001 0.1593163 
Didelphidae_Didelphis_virginiana             0.2419563 0.1178042 0.1377372 0.1048365 0.1323202 0.1340025 0.1310959 0.1061070 0.1166731 0.1292736 0.1807872 0.1127019 0.1269642 0.1376911 0.1151113 0.1271979 0.1200939 0.1295484 0.1262106 0.1714465 0.1291273 0.1269331 0.0000000 0.0452575 0.1223030 0.1245475 0.1149936 0.1238316 0.1305695 0.1426151 0.1468397 0.1209770 0.1151757 0.2419563 0.1811066 0.1321999 0.1768161 
Marmosidae_Monodelphis_domestica             0.2299132 0.1139632 0.1329207 0.1000173 0.1335068 0.1339523 0.1208993 0.1063033 0.1176593 0.1334556 0.1706655 0.1113834 0.1211415 0.1314049 0.1156133 0.1206620 0.1147405 0.1211967 0.1220441 0.1616404 0.1292359 0.1269186 0.0452575 0.0000000 0.1161885 0.1253735 0.1118343 0.1237960 0.1310428 0.1382149 0.1423372 0.1155474 0.1155045 0.2299132 0.1667231 0.1230593 0.1680671 
Dasyuridae_Antechinus_stuartii               0.1942241 0.0964912 0.1168488 0.0917734 0.1235519 0.1252501 0.0186266 0.0919590 0.1054711 0.1237747 0.1674147 0.0975027 0.0141356 0.0438638 0.1063045 0.1007219 0.0135884 0.0167441 0.0384513 0.1617700 0.1189008 0.1103570 0.1223030 0.1161885 0.0000000 0.1100365 0.1144277 0.1013949 0.1196156 0.1217749 0.1274493 0.0979105 0.1054957 0.1942241 0.1638439 0.0190816 0.1627708 
Hypsiprymnodontidae_Hypsiprymnodon_moschatus 0.1977939 0.0734205 0.1099836 0.0717952 0.0506497 0.0525382 0.1114504 0.0658280 0.0748885 0.0518707 0.1691415 0.0699579 0.1156705 0.1213879 0.0754135 0.0843570 0.1047363 0.1122960 0.1107632 0.1658496 0.0500459 0.0848378 0.1245475 0.1253735 0.1100365 0.0000000 0.1071063 0.0795314 0.0521945 0.0948118 0.0979096 0.0790489 0.0750208 0.1977939 0.1687624 0.1130015 0.1663339 
Microbiotheriidae_Dromiciops_gliroides       0.2023211 0.0936612 0.1156795 0.0810435 0.1138193 0.1164400 0.1151053 0.0842356 0.0971394 0.1122289 0.1652001 0.0954678 0.1163895 0.1217883 0.0985426 0.1014730 0.1108057 0.1171418 0.1126444 0.1605473 0.1096054 0.1052944 0.1149936 0.1118343 0.1144277 0.1071063 0.0000000 0.0998053 0.1104395 0.1155220 0.1241721 0.0980385 0.0981588 0.2023211 0.1674608 0.1173277 0.1625151 
Pseudochiridae_Petauroides_volans            0.2023686 0.0619230 0.1116153 0.0642144 0.0883620 0.0906095 0.1046265 0.0617518 0.0720825 0.0865615 0.1577353 0.0672501 0.1039901 0.1134127 0.0709059 0.0652743 0.0994256 0.1036387 0.1010729 0.1483108 0.0860105 0.0422675 0.1238316 0.1237960 0.1013949 0.0795314 0.0998053 0.0000000 0.0871763 0.0461335 0.0696058 0.0609084 0.0709998 0.2023686 0.1568803 0.1034856 0.1525073 
Macropodidae_Wallabia_bicolor                0.2025796 0.0804168 0.1272891 0.0805418 0.0234305 0.0246816 0.1172800 0.0725303 0.0825031 0.0250253 0.1694377 0.0806019 0.1246713 0.1275899 0.0853351 0.0852944 0.1188011 0.1192182 0.1220057 0.1646149 0.0124692 0.0922105 0.1305695 0.1310428 0.1196156 0.0521945 0.1104395 0.0871763 0.0000000 0.1054035 0.1119588 0.0791479 0.0849393 0.2025796 0.1742801 0.1223093 0.1682655 
Pseudochiridae_Pseudocheirus_occidentalis    0.2070819 0.0807872 0.1281503 0.0826075 0.1096605 0.1130905 0.1251051 0.0827574 0.0903371 0.1059745 0.1818905 0.0836869 0.1253925 0.1303624 0.0909592 0.0813209 0.1164206 0.1240074 0.1180443 0.1743385 0.1050752 0.0413894 0.1426151 0.1382149 0.1217749 0.0948118 0.1155220 0.0461335 0.1054035 0.0000000 0.0864956 0.0772354 0.0903641 0.2070819 0.1799785 0.1231658 0.1781108 
Tarsipedidae_Tarsipes_rostratus              0.2107455 0.0871448 0.1324839 0.0867708 0.1124716 0.1143345 0.1325570 0.0854499 0.0992559 0.1116628 0.1791642 0.0948757 0.1305840 0.1439197 0.0998242 0.0906764 0.1283429 0.1324908 0.1249394 0.1705295 0.1111496 0.0836580 0.1468397 0.1423372 0.1274493 0.0979096 0.1241721 0.0696058 0.1119588 0.0864956 0.0000000 0.0877589 0.0994649 0.2107455 0.1818607 0.1297252 0.1775180 
Acrobatidae_Distoechurus_pennatus            0.2011709 0.0638020 0.1160446 0.0637617 0.0822652 0.0839972 0.1009862 0.0609635 0.0724347 0.0821704 0.1520553 0.0691197 0.1022571 0.1083162 0.0735360 0.0464673 0.1004721 0.1009441 0.0998505 0.1446903 0.0793317 0.0688920 0.1209770 0.1155474 0.0979105 0.0790489 0.0980385 0.0609084 0.0791479 0.0772354 0.0877589 0.0000000 0.0741149 0.2011709 0.1484240 0.1032523 0.1489301 
Phalangeridae_Phalanger_carmelitae           0.1980860 0.0668916 0.1084704 0.0603841 0.0871746 0.0884701 0.1079067 0.0302683 0.0157763 0.0880962 0.1506930 0.0180923 0.1090995 0.1136566 0.0039427 0.0743368 0.1041211 0.1073286 0.1080673 0.1451958 0.0851895 0.0843054 0.1151757 0.1155045 0.1054957 0.0750208 0.0981588 0.0709998 0.0849393 0.0903641 0.0994649 0.0741149 0.0000000 0.1980860 0.1496503 0.1097507 0.1486166 
Peramelidae_Isoodon_obesulus2                0.0000010 0.1990645 0.1980054 0.1741508 0.1986914 0.1981163 0.2015604 0.1845538 0.1977283 0.2038732 0.0201741 0.2011081 0.2024927 0.2085959 0.1966602 0.1923738 0.2009151 0.2031301 0.2102043 0.0360400 0.2015951 0.2117919 0.2419563 0.2299132 0.1942241 0.1977939 0.2023211 0.2023686 0.2025796 0.2070819 0.2107455 0.2011709 0.1980860 0.0000000 0.0427280 0.2034769 0.0243056 
Peramelidae_Peroryctes_raffrayana            0.0427280 0.1503864 0.1577437 0.1430807 0.1727613 0.1725366 0.1664424 0.1407411 0.1499714 0.1713526 0.0355131 0.1430468 0.1709866 0.1623740 0.1508123 0.1497916 0.1505272 0.1664493 0.1636787 0.0236407 0.1727309 0.1621973 0.1811066 0.1667231 0.1638439 0.1687624 0.1674608 0.1568803 0.1742801 0.1799785 0.1818607 0.1484240 0.1496503 0.0427280 0.0000000 0.1699181 0.0376500 
Dasyuridae_Dasyurus_geffroii                 0.2034769 0.1002855 0.1204066 0.0955998 0.1264755 0.1285192 0.0050299 0.0956135 0.1088081 0.1254783 0.1700558 0.0999924 0.0243214 0.0474577 0.1110998 0.1055772 0.0219528 0.0079377 0.0417828 0.1643776 0.1217534 0.1127001 0.1321999 0.1230593 0.0190816 0.1130015 0.1173277 0.1034856 0.1223093 0.1231658 0.1297252 0.1032523 0.1097507 0.2034769 0.1699181 0.0000000 0.1650814 
Peramelidae_Perameles_gunnii                 0.0243056 0.1493245 0.1584016 0.1398913 0.1658200 0.1677040 0.1590418 0.1407518 0.1486918 0.1635406 0.0031380 0.1415937 0.1690658 0.1632234 0.1501950 0.1484308 0.1516053 0.1636779 0.1584021 0.0335291 0.1643899 0.1593163 0.1768161 0.1680671 0.1627708 0.1663339 0.1625151 0.1525073 0.1682655 0.1781108 0.1775180 0.1489301 0.1486166 0.0243056 0.0376500 0.1650814 0.0000000 
