35
Burramyidae_Burramys_parvus                  0.0000000 0.0303073 0.0264941 0.0287824 0.0285858 0.0457536 0.0221888 0.0266900 0.0284754 0.0392259 0.0235846 0.0453221 0.0418657 0.0247839 0.0256419 0.0442955 0.0459676 0.0474285 0.0382057 0.0296303 0.0266486 0.0437573 0.0501814 0.0444564 0.0217447 0.0338871 0.0260360 0.0269545 0.0232278 0.0322774 0.0284156 0.0240273 0.0387036 0.0465193 0.0412069 
Notoryctidae_Notoryctes_typhlops             0.0303073 0.0000000 0.0345991 0.0369581 0.0362636 0.0486666 0.0342625 0.0394958 0.0370343 0.0419914 0.0371435 0.0473476 0.0463588 0.0367969 0.0369640 0.0470952 0.0474659 0.0515118 0.0413298 0.0381351 0.0397558 0.0496237 0.0546006 0.0462189 0.0319196 0.0372083 0.0389839 0.0369915 0.0383660 0.0432687 0.0388271 0.0371766 0.0399741 0.0478682 0.0446360 
Vombatidae_Lasiorhinus_latifrons             0.0264941 0.0345991 0.0000000 0.0311384 0.0313757 0.0442001 0.0278551 0.0335583 0.0326680 0.0401320 0.0305876 0.0439580 0.0393768 0.0309798 0.0321756 0.0429011 0.0437953 0.0444336 0.0388130 0.0336943 0.0319672 0.0473060 0.0523658 0.0414054 0.0259579 0.0360289 0.0324730 0.0297649 0.0288941 0.0398140 0.0331443 0.0294930 0.0389362 0.0442139 0.0426024 
Potoroidae_Bettongia_penicillata             0.0287824 0.0369581 0.0311384 0.0000000 0.0037307 0.0485281 0.0305814 0.0371418 0.0067509 0.0428155 0.0329568 0.0480829 0.0431892 0.0349876 0.0325227 0.0473335 0.0483966 0.0496064 0.0429595 0.0152313 0.0351391 0.0494663 0.0560573 0.0457653 0.0201291 0.0381256 0.0320146 0.0105918 0.0329402 0.0381948 0.0352673 0.0341761 0.0441754 0.0487925 0.0452906 
Potoroidae_Bettongia_lesueur                 0.0285858 0.0362636 0.0313757 0.0037307 0.0000000 0.0490706 0.0313542 0.0375081 0.0074149 0.0431953 0.0335000 0.0480815 0.0426897 0.0355306 0.0338045 0.0473321 0.0489401 0.0496142 0.0430254 0.0163896 0.0352089 0.0490082 0.0556360 0.0460313 0.0203850 0.0386830 0.0332851 0.0114788 0.0333017 0.0393072 0.0360192 0.0347148 0.0439368 0.0493358 0.0458736 
Dasyuridae_Dasyurus_maculatus                0.0457536 0.0486666 0.0442001 0.0485281 0.0490706 0.0000000 0.0476104 0.0472156 0.0493719 0.0554292 0.0491707 0.0118876 0.0149657 0.0489874 0.0506549 0.0116211 0.0045836 0.0222523 0.0551511 0.0473975 0.0499249 0.0577035 0.0555012 0.0104698 0.0441239 0.0451125 0.0517975 0.0472367 0.0489363 0.0568919 0.0521307 0.0480803 0.0553032 0.0035236 0.0567944 
Phalangeridae_Trichosurus_vulpecula          0.0221888 0.0342625 0.0278551 0.0305814 0.0313542 0.0476104 0.0000000 0.0146941 0.0304023 0.0429341 0.0118403 0.0479369 0.0445886 0.0118296 0.0253727 0.0471946 0.0477424 0.0502964 0.0419762 0.0312363 0.0274964 0.0424917 0.0481347 0.0462056 0.0245160 0.0357656 0.0270174 0.0287796 0.0241746 0.0353205 0.0311376 0.0111544 0.0415386 0.0476086 0.0444935 
Phalangeridae_Spilocuscus_maculatus          0.0266900 0.0394958 0.0335583 0.0371418 0.0375081 0.0472156 0.0146941 0.0000000 0.0365305 0.0452039 0.0082298 0.0479995 0.0437397 0.0075673 0.0313927 0.0481699 0.0474042 0.0516147 0.0445715 0.0379294 0.0305405 0.0457705 0.0475721 0.0469993 0.0305835 0.0415543 0.0334506 0.0355094 0.0264458 0.0401204 0.0346471 0.0075596 0.0443018 0.0462251 0.0465778 
Potoroidae_Aepyprymnus_rufescens             0.0284754 0.0370343 0.0326680 0.0067509 0.0074149 0.0493719 0.0304023 0.0365305 0.0000000 0.0434035 0.0324946 0.0491784 0.0436932 0.0343503 0.0337441 0.0478364 0.0490608 0.0509825 0.0423233 0.0158298 0.0345264 0.0491940 0.0551079 0.0470663 0.0200333 0.0387220 0.0327976 0.0111302 0.0323340 0.0377959 0.0348431 0.0335351 0.0441441 0.0496207 0.0451506 
Peramelidae_Perameles_nasuta                 0.0392259 0.0419914 0.0401320 0.0428155 0.0431953 0.0554292 0.0429341 0.0452039 0.0434035 0.0000000 0.0426877 0.0541026 0.0533247 0.0426271 0.0438939 0.0561583 0.0556253 0.0614800 0.0061900 0.0478041 0.0457317 0.0534234 0.0642171 0.0523711 0.0409332 0.0463349 0.0449347 0.0411842 0.0432714 0.0457646 0.0432221 0.0431936 0.0086290 0.0543474 0.0000010 
Phalangeridae_Strigocuscus_pelengensis       0.0235846 0.0371435 0.0305876 0.0329568 0.0335000 0.0491707 0.0118403 0.0082298 0.0324946 0.0426877 0.0000000 0.0483442 0.0449834 0.0072274 0.0285744 0.0482335 0.0493206 0.0515585 0.0421211 0.0332644 0.0294989 0.0487883 0.0499956 0.0468540 0.0285980 0.0383087 0.0296239 0.0312214 0.0245349 0.0366244 0.0320938 0.0063512 0.0413659 0.0483971 0.0441305 
Dasyuridae_Phascogale_tapoatafa              0.0453221 0.0473476 0.0439580 0.0480829 0.0480815 0.0118876 0.0479369 0.0479995 0.0491784 0.0541026 0.0483442 0.0000000 0.0131958 0.0485345 0.0512355 0.0036158 0.0118911 0.0207145 0.0537029 0.0471660 0.0500649 0.0562601 0.0557128 0.0071087 0.0430515 0.0469576 0.0519442 0.0477941 0.0482601 0.0560395 0.0492222 0.0481379 0.0546267 0.0116549 0.0547569 
Dasyuridae_Sminthopsis_macroura              0.0418657 0.0463588 0.0393768 0.0431892 0.0426897 0.0149657 0.0445886 0.0437397 0.0436932 0.0533247 0.0449834 0.0131958 0.0000000 0.0453757 0.0485684 0.0133719 0.0156887 0.0138196 0.0510862 0.0420080 0.0465553 0.0552580 0.0539720 0.0117674 0.0390875 0.0451806 0.0483245 0.0423568 0.0442113 0.0537686 0.0476735 0.0447913 0.0527768 0.0154068 0.0527177 
Phalangeridae_Phalanger_orientalis           0.0247839 0.0367969 0.0309798 0.0349876 0.0355306 0.0489874 0.0118296 0.0075673 0.0343503 0.0426271 0.0072274 0.0485345 0.0453757 0.0000000 0.0284993 0.0488314 0.0488542 0.0529942 0.0428241 0.0341693 0.0315868 0.0491977 0.0499446 0.0475446 0.0278463 0.0390358 0.0315976 0.0331323 0.0258278 0.0369309 0.0328762 0.0020558 0.0411736 0.0484687 0.0456546 
Acrobatidae_Acrobates_pygmaeus               0.0256419 0.0369640 0.0321756 0.0325227 0.0338045 0.0506549 0.0253727 0.0313927 0.0337441 0.0438939 0.0285744 0.0512355 0.0485684 0.0284993 0.0000000 0.0503911 0.0499161 0.0552950 0.0431457 0.0358544 0.0303500 0.0486846 0.0549082 0.0505217 0.0275083 0.0389366 0.0300753 0.0323780 0.0280553 0.0351972 0.0194998 0.0277175 0.0436584 0.0495788 0.0454756 
Dasyuridae_Phascogale_calura                 0.0442955 0.0470952 0.0429011 0.0473335 0.0473321 0.0116211 0.0471946 0.0481699 0.0478364 0.0561583 0.0482335 0.0036158 0.0133719 0.0488314 0.0503911 0.0000000 0.0127331 0.0208184 0.0545273 0.0451236 0.0486603 0.0568573 0.0539858 0.0073031 0.0428688 0.0454716 0.0513992 0.0467890 0.0486635 0.0564769 0.0503244 0.0479148 0.0560342 0.0122771 0.0561802 
Dasyuridae_Sarcophilus_harrisii              0.0459676 0.0474659 0.0437953 0.0483966 0.0489401 0.0045836 0.0477424 0.0474042 0.0490608 0.0556253 0.0493206 0.0118911 0.0156887 0.0488542 0.0499161 0.0127331 0.0000000 0.0230344 0.0553117 0.0477817 0.0497923 0.0575850 0.0562606 0.0105156 0.0434638 0.0463115 0.0511362 0.0484039 0.0494782 0.0559211 0.0501488 0.0479456 0.0564954 0.0039529 0.0569612 
Dasyuridae_Planigale_tenuirostris            0.0474285 0.0515118 0.0444336 0.0496064 0.0496142 0.0222523 0.0502964 0.0516147 0.0509825 0.0614800 0.0515585 0.0207145 0.0138196 0.0529942 0.0552950 0.0208184 0.0230344 0.0000000 0.0581905 0.0490797 0.0531875 0.0612746 0.0629076 0.0187984 0.0460849 0.0537128 0.0529447 0.0479913 0.0525815 0.0597906 0.0520826 0.0519728 0.0608026 0.0222378 0.0592740 
Peramelidae_Echymipera_kalubu                0.0382057 0.0413298 0.0388130 0.0429595 0.0430254 0.0551511 0.0419762 0.0445715 0.0423233 0.0061900 0.0421211 0.0537029 0.0510862 0.0428241 0.0431457 0.0545273 0.0553117 0.0581905 0.0000000 0.0464426 0.0462601 0.0556974 0.0641591 0.0520335 0.0385042 0.0429885 0.0452012 0.0412929 0.0411600 0.0476446 0.0449193 0.0427519 0.0046458 0.0545957 0.0084360 
Macropodidae_Dorcopsulus_vanheurni           0.0296303 0.0381351 0.0336943 0.0152313 0.0163896 0.0473975 0.0312363 0.0379294 0.0158298 0.0478041 0.0332644 0.0471660 0.0420080 0.0341693 0.0358544 0.0451236 0.0477817 0.0490797 0.0464426 0.0000000 0.0363107 0.0526665 0.0554793 0.0442063 0.0230092 0.0394697 0.0358711 0.0108149 0.0349547 0.0422807 0.0394288 0.0336034 0.0482455 0.0484490 0.0487631 
Pseudochiridae_Pseudochirulus_forbesi        0.0266486 0.0397558 0.0319672 0.0351391 0.0352089 0.0499249 0.0274964 0.0305405 0.0345264 0.0457317 0.0294989 0.0500649 0.0465553 0.0315868 0.0303500 0.0486603 0.0497923 0.0531875 0.0462601 0.0363107 0.0000000 0.0520568 0.0541556 0.0487826 0.0301702 0.0409111 0.0231801 0.0347265 0.0138622 0.0328676 0.0330498 0.0312682 0.0452289 0.0491291 0.0494125 
Didelphidae_Didelphis_virginiana             0.0437573 0.0496237 0.0473060 0.0494663 0.0490082 0.0577035 0.0424917 0.0457705 0.0491940 0.0534234 0.0487883 0.0562601 0.0552580 0.0491977 0.0486846 0.0568573 0.0575850 0.0612746 0.0556974 0.0526665 0.0520568 0.0000000 0.0248305 0.0562036 0.0470861 0.0489445 0.0526776 0.0504162 0.0458538 0.0540838 0.0513131 0.0482952 0.0512165 0.0582124 0.0579079 
Marmosidae_Monodelphis_domestica             0.0501814 0.0546006 0.0523658 0.0560573 0.0556360 0.0555012 0.0481347 0.0475721 0.0551079 0.0642171 0.0499956 0.0557128 0.0539720 0.0499446 0.0549082 0.0539858 0.0562606 0.0629076 0.0641591 0.0554793 0.0541556 0.0248305 0.0000000 0.0535997 0.0499412 0.0530048 0.0587985 0.0564117 0.0514353 0.0596692 0.0575900 0.0490336 0.0627570 0.0554693 0.0668253 
Dasyuridae_Antechinus_stuartii               0.0444564 0.0462189 0.0414054 0.0457653 0.0460313 0.0104698 0.0462056 0.0469993 0.0470663 0.0523711 0.0468540 0.0071087 0.0117674 0.0475446 0.0505217 0.0073031 0.0105156 0.0187984 0.0520335 0.0442063 0.0487826 0.0562036 0.0535997 0.0000000 0.0421800 0.0454412 0.0502205 0.0453246 0.0479489 0.0553764 0.0491007 0.0466610 0.0532886 0.0102504 0.0533694 
Hypsiprymnodontidae_Hypsiprymnodon_moschatus 0.0217447 0.0319196 0.0259579 0.0201291 0.0203850 0.0441239 0.0245160 0.0305835 0.0200333 0.0409332 0.0285980 0.0430515 0.0390875 0.0278463 0.0275083 0.0428688 0.0434638 0.0460849 0.0385042 0.0230092 0.0301702 0.0470861 0.0499412 0.0421800 0.0000000 0.0353951 0.0265171 0.0190557 0.0284441 0.0345146 0.0295113 0.0280095 0.0401154 0.0438677 0.0417389 
Microbiotheriidae_Dromiciops_gliroides       0.0338871 0.0372083 0.0360289 0.0381256 0.0386830 0.0451125 0.0357656 0.0415543 0.0387220 0.0463349 0.0383087 0.0469576 0.0451806 0.0390358 0.0389366 0.0454716 0.0463115 0.0537128 0.0429885 0.0394697 0.0409111 0.0489445 0.0530048 0.0454412 0.0353951 0.0000000 0.0397136 0.0381281 0.0354229 0.0450208 0.0435410 0.0381970 0.0444976 0.0450517 0.0460413 
Pseudochiridae_Petauroides_volans            0.0260360 0.0389839 0.0324730 0.0320146 0.0332851 0.0517975 0.0270174 0.0334506 0.0327976 0.0449347 0.0296239 0.0519442 0.0483245 0.0315976 0.0300753 0.0513992 0.0511362 0.0529447 0.0452012 0.0358711 0.0231801 0.0526776 0.0587985 0.0502205 0.0265171 0.0397136 0.0000000 0.0332752 0.0206224 0.0316004 0.0315765 0.0308130 0.0448756 0.0512649 0.0486700 
Macropodidae_Wallabia_bicolor                0.0269545 0.0369915 0.0297649 0.0105918 0.0114788 0.0472367 0.0287796 0.0355094 0.0111302 0.0411842 0.0312214 0.0477941 0.0423568 0.0331323 0.0323780 0.0467890 0.0484039 0.0479913 0.0412929 0.0108149 0.0347265 0.0504162 0.0564117 0.0453246 0.0190557 0.0381281 0.0332752 0.0000000 0.0300090 0.0388585 0.0353803 0.0323435 0.0417379 0.0480140 0.0438656 
Pseudochiridae_Pseudocheirus_occidentalis    0.0232278 0.0383660 0.0288941 0.0329402 0.0333017 0.0489363 0.0241746 0.0264458 0.0323340 0.0432714 0.0245349 0.0482601 0.0442113 0.0258278 0.0280553 0.0486635 0.0494782 0.0525815 0.0411600 0.0349547 0.0138622 0.0458538 0.0514353 0.0479489 0.0284441 0.0354229 0.0206224 0.0300090 0.0000000 0.0317495 0.0281529 0.0258129 0.0442302 0.0478981 0.0436384 
Tarsipedidae_Tarsipes_rostratus              0.0322774 0.0432687 0.0398140 0.0381948 0.0393072 0.0568919 0.0353205 0.0401204 0.0377959 0.0457646 0.0366244 0.0560395 0.0537686 0.0369309 0.0351972 0.0564769 0.0559211 0.0597906 0.0476446 0.0422807 0.0328676 0.0540838 0.0596692 0.0553764 0.0345146 0.0450208 0.0316004 0.0388585 0.0317495 0.0000000 0.0377358 0.0365860 0.0466898 0.0555459 0.0496173 
Acrobatidae_Distoechurus_pennatus            0.0284156 0.0388271 0.0331443 0.0352673 0.0360192 0.0521307 0.0311376 0.0346471 0.0348431 0.0432221 0.0320938 0.0492222 0.0476735 0.0328762 0.0194998 0.0503244 0.0501488 0.0520826 0.0449193 0.0394288 0.0330498 0.0513131 0.0575900 0.0491007 0.0295113 0.0435410 0.0315765 0.0353803 0.0281529 0.0377358 0.0000000 0.0320748 0.0427178 0.0513216 0.0467471 
Phalangeridae_Phalanger_carmelitae           0.0240273 0.0371766 0.0294930 0.0341761 0.0347148 0.0480803 0.0111544 0.0075596 0.0335351 0.0431936 0.0063512 0.0481379 0.0447913 0.0020558 0.0277175 0.0479148 0.0479456 0.0519728 0.0427519 0.0336034 0.0312682 0.0482952 0.0490336 0.0466610 0.0280095 0.0381970 0.0308130 0.0323435 0.0258129 0.0365860 0.0320748 0.0000000 0.0417637 0.0475643 0.0452979 
Peramelidae_Peroryctes_raffrayana            0.0387036 0.0399741 0.0389362 0.0441754 0.0439368 0.0553032 0.0415386 0.0443018 0.0441441 0.0086290 0.0413659 0.0546267 0.0527768 0.0411736 0.0436584 0.0560342 0.0564954 0.0608026 0.0046458 0.0482455 0.0452289 0.0512165 0.0627570 0.0532886 0.0401154 0.0444976 0.0448756 0.0417379 0.0442302 0.0466898 0.0427178 0.0417637 0.0000000 0.0548719 0.0086357 
Dasyuridae_Dasyurus_geffroii                 0.0465193 0.0478682 0.0442139 0.0487925 0.0493358 0.0035236 0.0476086 0.0462251 0.0496207 0.0543474 0.0483971 0.0116549 0.0154068 0.0484687 0.0495788 0.0122771 0.0039529 0.0222378 0.0545957 0.0484490 0.0491291 0.0582124 0.0554693 0.0102504 0.0438677 0.0450517 0.0512649 0.0480140 0.0478981 0.0555459 0.0513216 0.0475643 0.0548719 0.0000000 0.0562326 
Peramelidae_Perameles_gunnii                 0.0412069 0.0446360 0.0426024 0.0452906 0.0458736 0.0567944 0.0444935 0.0465778 0.0451506 0.0000010 0.0441305 0.0547569 0.0527177 0.0456546 0.0454756 0.0561802 0.0569612 0.0592740 0.0084360 0.0487631 0.0494125 0.0579079 0.0668253 0.0533694 0.0417389 0.0460413 0.0486700 0.0438656 0.0436384 0.0496173 0.0467471 0.0452979 0.0086357 0.0562326 0.0000000 
