35
Burramyidae_Burramys_parvus                  0.0000000 0.0635091 0.0501796 0.0591181 0.0630391 0.1062813 0.0433971 0.0584480 0.0571672 0.0611074 0.0477216 0.1014375 0.1035257 0.0503596 0.0531345 0.1017484 0.1084299 0.1024232 0.0613920 0.0576988 0.0520751 0.0826465 0.0810813 0.1026877 0.0580776 0.0655497 0.0528879 0.0573281 0.0514163 0.0579093 0.0515252 0.0468743 0.0658272 0.1073865 0.0626161 
Notoryctidae_Notoryctes_typhlops             0.0635091 0.0000000 0.0636156 0.0820109 0.0868277 0.1127568 0.0638505 0.0847781 0.0792688 0.0740866 0.0732324 0.1129166 0.1130923 0.0720262 0.0725149 0.1121510 0.1120246 0.1130744 0.0773893 0.0783224 0.0669382 0.0898992 0.0941213 0.1119186 0.0781250 0.0760956 0.0738611 0.0792684 0.0706394 0.0766416 0.0751004 0.0688664 0.0774256 0.1130969 0.0751480 
Vombatidae_Lasiorhinus_latifrons             0.0501796 0.0636156 0.0000000 0.0654897 0.0702459 0.0955858 0.0484000 0.0663207 0.0666738 0.0633519 0.0514634 0.0911649 0.0957365 0.0546470 0.0566207 0.0894290 0.0962306 0.0929825 0.0649204 0.0629446 0.0579460 0.0771619 0.0798374 0.0928538 0.0651562 0.0613228 0.0561789 0.0650712 0.0527406 0.0593839 0.0574763 0.0509873 0.0640445 0.0973330 0.0649913 
Potoroidae_Bettongia_penicillata             0.0591181 0.0820109 0.0654897 0.0000000 0.0073734 0.1240180 0.0557978 0.0746525 0.0139798 0.0782465 0.0620789 0.1208239 0.1235295 0.0648228 0.0651887 0.1193208 0.1234239 0.1191494 0.0782689 0.0258312 0.0666681 0.0996295 0.0994282 0.1230880 0.0421669 0.0785464 0.0698492 0.0262324 0.0640453 0.0745916 0.0678087 0.0626974 0.0813355 0.1259878 0.0803246 
Potoroidae_Bettongia_lesueur                 0.0630391 0.0868277 0.0702459 0.0073734 0.0000000 0.1270463 0.0585830 0.0775167 0.0172566 0.0820822 0.0649753 0.1243250 0.1260183 0.0678313 0.0699677 0.1228027 0.1264600 0.1223662 0.0821174 0.0309362 0.0728670 0.1049371 0.1024362 0.1249861 0.0471978 0.0823390 0.0749023 0.0299041 0.0699349 0.0786325 0.0719313 0.0656607 0.0866567 0.1291166 0.0841396 
Dasyuridae_Dasyurus_maculatus                0.1062813 0.1127568 0.0955858 0.1240180 0.1270463 0.0000000 0.1024172 0.1191930 0.1229230 0.1134542 0.1039480 0.0202591 0.0233349 0.1073381 0.1060260 0.0210774 0.0069503 0.0257671 0.1166217 0.1207510 0.1066701 0.1236901 0.1279896 0.0187692 0.1172766 0.1058387 0.1033540 0.1220054 0.1005150 0.1124151 0.1060950 0.1024566 0.1169646 0.0090130 0.1157698 
Phalangeridae_Trichosurus_vulpecula          0.0433971 0.0638505 0.0484000 0.0557978 0.0585830 0.1024172 0.0000000 0.0284904 0.0539837 0.0611828 0.0181186 0.0988690 0.1013209 0.0195847 0.0506589 0.0993340 0.1031923 0.0990625 0.0616090 0.0524120 0.0513999 0.0813108 0.0827111 0.0990407 0.0558973 0.0618118 0.0547920 0.0548667 0.0512457 0.0611983 0.0519668 0.0171968 0.0633160 0.1041010 0.0617092 
Phalangeridae_Spilocuscus_maculatus          0.0584480 0.0847781 0.0663207 0.0746525 0.0775167 0.1191930 0.0284904 0.0000000 0.0734337 0.0785047 0.0219052 0.1180378 0.1196733 0.0244934 0.0664923 0.1177647 0.1208940 0.1153793 0.0825927 0.0711240 0.0687268 0.0980518 0.0990685 0.1150496 0.0762873 0.0816291 0.0736422 0.0705139 0.0637291 0.0812450 0.0710462 0.0248063 0.0832630 0.1210625 0.0811957 
Potoroidae_Aepyprymnus_rufescens             0.0571672 0.0792688 0.0666738 0.0139798 0.0172566 0.1229230 0.0539837 0.0734337 0.0000000 0.0771987 0.0601655 0.1210229 0.1237945 0.0642161 0.0636215 0.1199698 0.1223276 0.1201483 0.0765780 0.0262538 0.0639852 0.0961695 0.0973030 0.1214775 0.0405068 0.0770725 0.0682902 0.0252606 0.0623229 0.0717614 0.0650848 0.0612460 0.0822031 0.1242231 0.0788438 
Peramelidae_Perameles_nasuta                 0.0611074 0.0740866 0.0633519 0.0782465 0.0820822 0.1134542 0.0611828 0.0785047 0.0771987 0.0000000 0.0643597 0.1142968 0.1114362 0.0682048 0.0697543 0.1143266 0.1131743 0.1104841 0.0145749 0.0752915 0.0694104 0.0860764 0.0912444 0.1137569 0.0788872 0.0657831 0.0682974 0.0760667 0.0704258 0.0800511 0.0688752 0.0649616 0.0144265 0.1133224 0.0013843 
Phalangeridae_Strigocuscus_pelengensis       0.0477216 0.0732324 0.0514634 0.0620789 0.0649753 0.1039480 0.0181186 0.0219052 0.0601655 0.0643597 0.0000000 0.1011943 0.1020107 0.0161940 0.0560799 0.1020946 0.1039985 0.1013393 0.0663179 0.0590036 0.0582169 0.0837868 0.0830599 0.0992551 0.0624483 0.0689451 0.0612253 0.0590648 0.0557844 0.0655982 0.0592149 0.0133840 0.0678429 0.1064250 0.0654094 
Dasyuridae_Phascogale_tapoatafa              0.1014375 0.1129166 0.0911649 0.1208239 0.1243250 0.0202591 0.0988690 0.1180378 0.1210229 0.1142968 0.1011943 0.0000000 0.0197078 0.1037548 0.1067109 0.0055287 0.0175791 0.0208539 0.1165292 0.1149104 0.1026047 0.1180050 0.1208692 0.0111147 0.1126186 0.1028836 0.1007138 0.1149613 0.0972483 0.1094450 0.1058473 0.0989144 0.1157874 0.0231166 0.1136576 
Dasyuridae_Sminthopsis_macroura              0.1035257 0.1130923 0.0957365 0.1235295 0.1260183 0.0233349 0.1013209 0.1196733 0.1237945 0.1114362 0.1020107 0.0197078 0.0000000 0.1043847 0.1076325 0.0209037 0.0218384 0.0179711 0.1147926 0.1232284 0.1037795 0.1189300 0.1239408 0.0209260 0.1145249 0.1050248 0.1028211 0.1244937 0.0997308 0.1140617 0.1095387 0.0995400 0.1151009 0.0272545 0.1122101 
Phalangeridae_Phalanger_orientalis           0.0503596 0.0720262 0.0546470 0.0648228 0.0678313 0.1073381 0.0195847 0.0244934 0.0642161 0.0682048 0.0161940 0.1037548 0.1043847 0.0000000 0.0562495 0.1057478 0.1081776 0.1064149 0.0707078 0.0617335 0.0567157 0.0875379 0.0880367 0.1036110 0.0661974 0.0695864 0.0618057 0.0619522 0.0558869 0.0673814 0.0599279 0.0022652 0.0712093 0.1098287 0.0689838 
Acrobatidae_Acrobates_pygmaeus               0.0531345 0.0725149 0.0566207 0.0651887 0.0699677 0.1060260 0.0506589 0.0664923 0.0636215 0.0697543 0.0560799 0.1067109 0.1076325 0.0562495 0.0000000 0.1066432 0.1067985 0.1097556 0.0697019 0.0601198 0.0444650 0.0912259 0.0901872 0.1082049 0.0619958 0.0619037 0.0454780 0.0613915 0.0436206 0.0576963 0.0294930 0.0534162 0.0691368 0.1079706 0.0709386 
Dasyuridae_Phascogale_calura                 0.1017484 0.1121510 0.0894290 0.1193208 0.1228027 0.0210774 0.0993340 0.1177647 0.1199698 0.1143266 0.1020946 0.0055287 0.0209037 0.1057478 0.1066432 0.0000000 0.0177414 0.0226262 0.1176730 0.1159225 0.1017134 0.1159631 0.1197931 0.0115178 0.1118760 0.1048434 0.0994536 0.1171701 0.0962683 0.1083579 0.1073774 0.1008690 0.1163924 0.0239703 0.1152346 
Dasyuridae_Sarcophilus_harrisii              0.1084299 0.1120246 0.0962306 0.1234239 0.1264600 0.0069503 0.1031923 0.1208940 0.1223276 0.1131743 0.1039985 0.0175791 0.0218384 0.1081776 0.1067985 0.0177414 0.0000000 0.0232364 0.1175468 0.1221605 0.1068140 0.1233784 0.1261387 0.0167382 0.1179056 0.1060156 0.1030121 0.1234206 0.1014123 0.1124317 0.1065381 0.1032404 0.1164220 0.0097310 0.1144923 
Dasyuridae_Planigale_tenuirostris            0.1024232 0.1130744 0.0929825 0.1191494 0.1223662 0.0257671 0.0990625 0.1153793 0.1201483 0.1104841 0.1013393 0.0208539 0.0179711 0.1064149 0.1097556 0.0226262 0.0232364 0.0000000 0.1126965 0.1186928 0.1028461 0.1185700 0.1214853 0.0237329 0.1143351 0.1074189 0.1033488 0.1205825 0.0989815 0.1098964 0.1088346 0.1011323 0.1141602 0.0291626 0.1107700 
Peramelidae_Echymipera_kalubu                0.0613920 0.0773893 0.0649204 0.0782689 0.0821174 0.1166217 0.0616090 0.0825927 0.0765780 0.0145749 0.0663179 0.1165292 0.1147926 0.0707078 0.0697019 0.1176730 0.1175468 0.1126965 0.0000000 0.0747671 0.0679999 0.0841761 0.0906369 0.1155819 0.0790465 0.0642464 0.0720165 0.0771516 0.0711577 0.0804475 0.0672226 0.0671487 0.0139537 0.1176933 0.0147674 
Macropodidae_Dorcopsulus_vanheurni           0.0576988 0.0783224 0.0629446 0.0258312 0.0309362 0.1207510 0.0524120 0.0711240 0.0262538 0.0752915 0.0590036 0.1149104 0.1232284 0.0617335 0.0601198 0.1159225 0.1221605 0.1186928 0.0747671 0.0000000 0.0655295 0.0912725 0.0945322 0.1194353 0.0372892 0.0750012 0.0653107 0.0112905 0.0622320 0.0729852 0.0631971 0.0592073 0.0777211 0.1223285 0.0773525 
Pseudochiridae_Pseudochirulus_forbesi        0.0520751 0.0669382 0.0579460 0.0666681 0.0728670 0.1066701 0.0513999 0.0687268 0.0639852 0.0694104 0.0582169 0.1026047 0.1037795 0.0567157 0.0444650 0.1017134 0.1068140 0.1028461 0.0679999 0.0655295 0.0000000 0.0870003 0.0887759 0.1004921 0.0658018 0.0700765 0.0318914 0.0635577 0.0171314 0.0566108 0.0472643 0.0547404 0.0702555 0.1092254 0.0696180 
Didelphidae_Didelphis_virginiana             0.0826465 0.0898992 0.0771619 0.0996295 0.1049371 0.1236901 0.0813108 0.0980518 0.0961695 0.0860764 0.0837868 0.1180050 0.1189300 0.0875379 0.0912259 0.1159631 0.1233784 0.1185700 0.0841761 0.0912725 0.0870003 0.0000000 0.0275897 0.1209173 0.0998628 0.0836419 0.0896157 0.0949821 0.0830896 0.0915557 0.0902651 0.0840401 0.0822918 0.1228551 0.0855733 
Marmosidae_Monodelphis_domestica             0.0810813 0.0941213 0.0798374 0.0994282 0.1024362 0.1279896 0.0827111 0.0990685 0.0973030 0.0912444 0.0830599 0.1208692 0.1239408 0.0880367 0.0901872 0.1197931 0.1261387 0.1214853 0.0906369 0.0945322 0.0887759 0.0275897 0.0000000 0.1221233 0.1017398 0.0865463 0.0890751 0.0986135 0.0863660 0.0948595 0.0889801 0.0844739 0.0881233 0.1275842 0.0903631 
Dasyuridae_Antechinus_stuartii               0.1026877 0.1119186 0.0928538 0.1230880 0.1249861 0.0187692 0.0990407 0.1150496 0.1214775 0.1137569 0.0992551 0.0111147 0.0209260 0.1036110 0.1082049 0.0115178 0.0167382 0.0237329 0.1155819 0.1194353 0.1004921 0.1209173 0.1221233 0.0000000 0.1164359 0.1037483 0.0992651 0.1206974 0.0972241 0.1079983 0.1042726 0.0987738 0.1182104 0.0212741 0.1136443 
Hypsiprymnodontidae_Hypsiprymnodon_moschatus 0.0580776 0.0781250 0.0651562 0.0421669 0.0471978 0.1172766 0.0558973 0.0762873 0.0405068 0.0788872 0.0624483 0.1126186 0.1145249 0.0661974 0.0619958 0.1118760 0.1179056 0.1143351 0.0790465 0.0372892 0.0658018 0.0998628 0.1017398 0.1164359 0.0000000 0.0760123 0.0649267 0.0395241 0.0626935 0.0722868 0.0656629 0.0627559 0.0824351 0.1165820 0.0791114 
Microbiotheriidae_Dromiciops_gliroides       0.0655497 0.0760956 0.0613228 0.0785464 0.0823390 0.1058387 0.0618118 0.0816291 0.0770725 0.0657831 0.0689451 0.1028836 0.1050248 0.0695864 0.0619037 0.1048434 0.1060156 0.1074189 0.0642464 0.0750012 0.0700765 0.0836419 0.0865463 0.1037483 0.0760123 0.0000000 0.0695846 0.0769557 0.0620594 0.0754290 0.0647865 0.0663981 0.0669955 0.1077327 0.0661063 
Pseudochiridae_Petauroides_volans            0.0528879 0.0738611 0.0561789 0.0698492 0.0749023 0.1033540 0.0547920 0.0736422 0.0682902 0.0682974 0.0612253 0.1007138 0.1028211 0.0618057 0.0454780 0.0994536 0.1030121 0.1033488 0.0720165 0.0653107 0.0318914 0.0896157 0.0890751 0.0992651 0.0649267 0.0695846 0.0000000 0.0650096 0.0276040 0.0506836 0.0470251 0.0588129 0.0708408 0.1044037 0.0689716 
Macropodidae_Wallabia_bicolor                0.0573281 0.0792684 0.0650712 0.0262324 0.0299041 0.1220054 0.0548667 0.0705139 0.0252606 0.0760667 0.0590648 0.1149613 0.1244937 0.0619522 0.0613915 0.1171701 0.1234206 0.1205825 0.0771516 0.0112905 0.0635577 0.0949821 0.0986135 0.1206974 0.0395241 0.0769557 0.0650096 0.0000000 0.0603577 0.0724981 0.0641095 0.0594271 0.0798731 0.1229093 0.0781224 
Pseudochiridae_Pseudocheirus_occidentalis    0.0514163 0.0706394 0.0527406 0.0640453 0.0699349 0.1005150 0.0512457 0.0637291 0.0623229 0.0704258 0.0557844 0.0972483 0.0997308 0.0558869 0.0436206 0.0962683 0.1014123 0.0989815 0.0711577 0.0622320 0.0171314 0.0830896 0.0863660 0.0972241 0.0626935 0.0620594 0.0276040 0.0603577 0.0000000 0.0512045 0.0454242 0.0530118 0.0713464 0.1031185 0.0693424 
Tarsipedidae_Tarsipes_rostratus              0.0579093 0.0766416 0.0593839 0.0745916 0.0786325 0.1124151 0.0611983 0.0812450 0.0717614 0.0800511 0.0655982 0.1094450 0.1140617 0.0673814 0.0576963 0.1083579 0.1124317 0.1098964 0.0804475 0.0729852 0.0566108 0.0915557 0.0948595 0.1079983 0.0722868 0.0754290 0.0506836 0.0724981 0.0512045 0.0000000 0.0593204 0.0651853 0.0806729 0.1138526 0.0815321 
Acrobatidae_Distoechurus_pennatus            0.0515252 0.0751004 0.0574763 0.0678087 0.0719313 0.1060950 0.0519668 0.0710462 0.0650848 0.0688752 0.0592149 0.1058473 0.1095387 0.0599279 0.0294930 0.1073774 0.1065381 0.1088346 0.0672226 0.0631971 0.0472643 0.0902651 0.0889801 0.1042726 0.0656629 0.0647865 0.0470251 0.0641095 0.0454242 0.0593204 0.0000000 0.0569978 0.0669823 0.1073395 0.0700503 
Phalangeridae_Phalanger_carmelitae           0.0468743 0.0688664 0.0509873 0.0626974 0.0656607 0.1024566 0.0171968 0.0248063 0.0612460 0.0649616 0.0133840 0.0989144 0.0995400 0.0022652 0.0534162 0.1008690 0.1032404 0.1011323 0.0671487 0.0592073 0.0547404 0.0840401 0.0844739 0.0987738 0.0627559 0.0663981 0.0588129 0.0594271 0.0530118 0.0651853 0.0569978 0.0000000 0.0674679 0.1048734 0.0658448 
Peramelidae_Peroryctes_raffrayana            0.0658272 0.0774256 0.0640445 0.0813355 0.0866567 0.1169646 0.0633160 0.0832630 0.0822031 0.0144265 0.0678429 0.1157874 0.1151009 0.0712093 0.0691368 0.1163924 0.1164220 0.1141602 0.0139537 0.0777211 0.0702555 0.0822918 0.0881233 0.1182104 0.0824351 0.0669955 0.0708408 0.0798731 0.0713464 0.0806729 0.0669823 0.0674679 0.0000000 0.1172305 0.0146525 
Dasyuridae_Dasyurus_geffroii                 0.1073865 0.1130969 0.0973330 0.1259878 0.1291166 0.0090130 0.1041010 0.1210625 0.1242231 0.1133224 0.1064250 0.0231166 0.0272545 0.1098287 0.1079706 0.0239703 0.0097310 0.0291626 0.1176933 0.1223285 0.1092254 0.1228551 0.1275842 0.0212741 0.1165820 0.1077327 0.1044037 0.1229093 0.1031185 0.1138526 0.1073395 0.1048734 0.1172305 0.0000000 0.1146392 
Peramelidae_Perameles_gunnii                 0.0626161 0.0751480 0.0649913 0.0803246 0.0841396 0.1157698 0.0617092 0.0811957 0.0788438 0.0013843 0.0654094 0.1136576 0.1122101 0.0689838 0.0709386 0.1152346 0.1144923 0.1107700 0.0147674 0.0773525 0.0696180 0.0855733 0.0903631 0.1136443 0.0791114 0.0661063 0.0689716 0.0781224 0.0693424 0.0815321 0.0700503 0.0658448 0.0146525 0.1146392 0.0000000 
