35
Burramyidae_Burramys_parvus                  0.0000000 0.0407370 0.0313945 0.0382852 0.0378833 0.0441944 0.0278380 0.0306253 0.0352146 0.0463867 0.0307175 0.0445631 0.0441540 0.0290732 0.0308312 0.0437147 0.0434077 0.0422015 0.0439011 0.0336625 0.0341337 0.0542475 0.0621342 0.0449886 0.0295879 0.0390984 0.0311460 0.0329166 0.0349928 0.0417752 0.0332374 0.0296719 0.0480025 0.0456293 0.0454990 
Notoryctidae_Notoryctes_typhlops             0.0407370 0.0000000 0.0417034 0.0468163 0.0463953 0.0492006 0.0387149 0.0421456 0.0438039 0.0502519 0.0430393 0.0488467 0.0488344 0.0409259 0.0415604 0.0491105 0.0479817 0.0459825 0.0467912 0.0431247 0.0454564 0.0591635 0.0684100 0.0511261 0.0424555 0.0427264 0.0436305 0.0440145 0.0475132 0.0555979 0.0440393 0.0415269 0.0523594 0.0504299 0.0492092 
Vombatidae_Lasiorhinus_latifrons             0.0313945 0.0417034 0.0000000 0.0375924 0.0371926 0.0468505 0.0302226 0.0318525 0.0348972 0.0453996 0.0324201 0.0462955 0.0460968 0.0314092 0.0304786 0.0451658 0.0448027 0.0441984 0.0427106 0.0337209 0.0374517 0.0545419 0.0590325 0.0456051 0.0335653 0.0399579 0.0333429 0.0335763 0.0391317 0.0414725 0.0348013 0.0322047 0.0473634 0.0472324 0.0446860 
Potoroidae_Bettongia_penicillata             0.0382852 0.0468163 0.0375924 0.0000000 0.0023148 0.0494250 0.0366764 0.0381435 0.0083791 0.0529619 0.0397817 0.0515316 0.0522421 0.0378668 0.0362258 0.0505691 0.0479996 0.0510448 0.0509314 0.0162842 0.0416012 0.0605726 0.0627846 0.0511229 0.0260921 0.0436944 0.0392122 0.0159432 0.0435193 0.0462087 0.0385443 0.0390184 0.0561583 0.0494626 0.0517732 
Potoroidae_Bettongia_lesueur                 0.0378833 0.0463953 0.0371926 0.0023148 0.0000000 0.0494057 0.0370474 0.0387214 0.0080412 0.0531352 0.0403695 0.0509211 0.0518165 0.0384430 0.0354419 0.0495612 0.0479808 0.0500919 0.0509129 0.0152308 0.0412001 0.0601293 0.0629993 0.0509142 0.0270141 0.0432729 0.0390144 0.0163001 0.0435063 0.0461904 0.0379407 0.0392062 0.0563485 0.0494433 0.0519413 
Dasyuridae_Dasyurus_maculatus                0.0441944 0.0492006 0.0468505 0.0494250 0.0494057 0.0000000 0.0411500 0.0436909 0.0474495 0.0517538 0.0446241 0.0115370 0.0168334 0.0424014 0.0448127 0.0111649 0.0045003 0.0147523 0.0474076 0.0460349 0.0478796 0.0627090 0.0663100 0.0120202 0.0438788 0.0460144 0.0456428 0.0463008 0.0503619 0.0560141 0.0477281 0.0435684 0.0558777 0.0041584 0.0507995 
Phalangeridae_Trichosurus_vulpecula          0.0278380 0.0387149 0.0302226 0.0366764 0.0370474 0.0411500 0.0000000 0.0150733 0.0347823 0.0446377 0.0141803 0.0408111 0.0428470 0.0124220 0.0285406 0.0403249 0.0397690 0.0391007 0.0435790 0.0326564 0.0334757 0.0517559 0.0603833 0.0406952 0.0303820 0.0388316 0.0313010 0.0319462 0.0351827 0.0435447 0.0320232 0.0121918 0.0464565 0.0417602 0.0447730 
Phalangeridae_Spilocuscus_maculatus          0.0306253 0.0421456 0.0318525 0.0381435 0.0387214 0.0436909 0.0150733 0.0000000 0.0364157 0.0456886 0.0135170 0.0444288 0.0451232 0.0103602 0.0301385 0.0439279 0.0430911 0.0415622 0.0438858 0.0352507 0.0351160 0.0530876 0.0619150 0.0447776 0.0314117 0.0418109 0.0328773 0.0343125 0.0372348 0.0432715 0.0332404 0.0110086 0.0472416 0.0451150 0.0446891 
Potoroidae_Aepyprymnus_rufescens             0.0352146 0.0438039 0.0348972 0.0083791 0.0080412 0.0474495 0.0347823 0.0364157 0.0000000 0.0528049 0.0378174 0.0489622 0.0497957 0.0353957 0.0355009 0.0483896 0.0460472 0.0480214 0.0503722 0.0145336 0.0400888 0.0578013 0.0615004 0.0491292 0.0253676 0.0408640 0.0377026 0.0147190 0.0413393 0.0456017 0.0378192 0.0361876 0.0550425 0.0474716 0.0516209 
Peramelidae_Perameles_nasuta                 0.0463867 0.0502519 0.0453996 0.0529619 0.0531352 0.0517538 0.0446377 0.0456886 0.0528049 0.0000000 0.0462960 0.0510928 0.0518467 0.0450972 0.0496393 0.0509476 0.0508846 0.0495464 0.0092147 0.0501547 0.0486793 0.0629457 0.0705195 0.0522593 0.0482305 0.0498511 0.0473162 0.0499600 0.0495459 0.0585809 0.0494300 0.0454548 0.0097705 0.0526282 0.0005109 
Phalangeridae_Strigocuscus_pelengensis       0.0307175 0.0430393 0.0324201 0.0397817 0.0403695 0.0446241 0.0141803 0.0135170 0.0378174 0.0462960 0.0000000 0.0448256 0.0466090 0.0092381 0.0306606 0.0447344 0.0440288 0.0438097 0.0448333 0.0366685 0.0357737 0.0553374 0.0627772 0.0449502 0.0325035 0.0417549 0.0331955 0.0355075 0.0385146 0.0468294 0.0338767 0.0090546 0.0482086 0.0464913 0.0457763 
Dasyuridae_Phascogale_tapoatafa              0.0445631 0.0488467 0.0462955 0.0515316 0.0509211 0.0115370 0.0408111 0.0444288 0.0489622 0.0510928 0.0448256 0.0000000 0.0166821 0.0428229 0.0463335 0.0033223 0.0122248 0.0145816 0.0468170 0.0482817 0.0485939 0.0603872 0.0678676 0.0074791 0.0435327 0.0462243 0.0461314 0.0487385 0.0512861 0.0566589 0.0479988 0.0432022 0.0552657 0.0131093 0.0503924 
Dasyuridae_Sminthopsis_macroura              0.0441540 0.0488344 0.0460968 0.0522421 0.0518165 0.0168334 0.0428470 0.0451232 0.0497957 0.0518467 0.0466090 0.0166821 0.0000000 0.0444820 0.0453607 0.0152225 0.0164711 0.0105272 0.0473494 0.0481038 0.0492709 0.0608384 0.0684660 0.0168681 0.0450140 0.0467847 0.0456704 0.0485627 0.0513374 0.0554520 0.0488279 0.0448856 0.0532162 0.0175562 0.0512214 
Phalangeridae_Phalanger_orientalis           0.0290732 0.0409259 0.0314092 0.0378668 0.0384430 0.0424014 0.0124220 0.0103602 0.0353957 0.0450972 0.0092381 0.0428229 0.0444820 0.0000000 0.0295320 0.0426859 0.0417931 0.0416840 0.0433867 0.0352011 0.0339032 0.0522360 0.0604698 0.0429245 0.0307722 0.0397622 0.0317340 0.0334839 0.0365972 0.0436387 0.0326385 0.0031658 0.0467082 0.0442007 0.0448213 
Acrobatidae_Acrobates_pygmaeus               0.0308312 0.0415604 0.0304786 0.0362258 0.0354419 0.0448127 0.0285406 0.0301385 0.0355009 0.0496393 0.0306606 0.0463335 0.0453607 0.0295320 0.0000000 0.0452053 0.0434762 0.0443816 0.0471707 0.0337239 0.0307259 0.0538562 0.0598891 0.0462674 0.0318024 0.0408172 0.0290870 0.0331814 0.0336152 0.0368098 0.0201546 0.0293771 0.0512729 0.0454338 0.0488133 
Dasyuridae_Phascogale_calura                 0.0437147 0.0491105 0.0451658 0.0505691 0.0495612 0.0111649 0.0403249 0.0439279 0.0483896 0.0509476 0.0447344 0.0033223 0.0152225 0.0426859 0.0452053 0.0000000 0.0111598 0.0135564 0.0464785 0.0467143 0.0478351 0.0597973 0.0659703 0.0062718 0.0433946 0.0469626 0.0453425 0.0473530 0.0504884 0.0559221 0.0472203 0.0430775 0.0544957 0.0120368 0.0502539 
Dasyuridae_Sarcophilus_harrisii              0.0434077 0.0479817 0.0448027 0.0479996 0.0479808 0.0045003 0.0397690 0.0430911 0.0460472 0.0508846 0.0440288 0.0122248 0.0164711 0.0417931 0.0434762 0.0111598 0.0000000 0.0143587 0.0463957 0.0446255 0.0472515 0.0611784 0.0652134 0.0116676 0.0428680 0.0454169 0.0440382 0.0448884 0.0495467 0.0543569 0.0455176 0.0429600 0.0546319 0.0053451 0.0497719 
Dasyuridae_Planigale_tenuirostris            0.0422015 0.0459825 0.0441984 0.0510448 0.0500919 0.0147523 0.0391007 0.0415622 0.0480214 0.0495464 0.0438097 0.0145816 0.0105272 0.0416840 0.0443816 0.0135564 0.0143587 0.0000000 0.0445113 0.0464973 0.0432740 0.0595514 0.0689921 0.0150706 0.0422235 0.0437199 0.0398242 0.0465481 0.0438951 0.0555935 0.0448547 0.0423749 0.0502295 0.0151720 0.0492029 
Peramelidae_Echymipera_kalubu                0.0439011 0.0467912 0.0427106 0.0509314 0.0509129 0.0474076 0.0435790 0.0438858 0.0503722 0.0092147 0.0448333 0.0468170 0.0473494 0.0433867 0.0471707 0.0464785 0.0463957 0.0445113 0.0000000 0.0482743 0.0479957 0.0596584 0.0674946 0.0482394 0.0463591 0.0469359 0.0467848 0.0478708 0.0498139 0.0574941 0.0467103 0.0441548 0.0095467 0.0486237 0.0090968 
Macropodidae_Dorcopsulus_vanheurni           0.0336625 0.0431247 0.0337209 0.0162842 0.0152308 0.0460349 0.0326564 0.0352507 0.0145336 0.0501547 0.0366685 0.0482817 0.0481038 0.0352011 0.0337239 0.0467143 0.0446255 0.0464973 0.0482743 0.0000000 0.0384506 0.0564243 0.0604056 0.0478733 0.0222337 0.0415844 0.0347832 0.0067185 0.0394969 0.0457987 0.0345249 0.0359754 0.0530567 0.0464444 0.0490969 
Pseudochiridae_Pseudochirulus_forbesi        0.0341337 0.0454564 0.0374517 0.0416012 0.0412001 0.0478796 0.0334757 0.0351160 0.0400888 0.0486793 0.0357737 0.0485939 0.0492709 0.0339032 0.0307259 0.0478351 0.0472515 0.0432740 0.0479957 0.0384506 0.0000000 0.0580021 0.0651987 0.0481313 0.0356514 0.0453851 0.0191519 0.0385632 0.0146047 0.0389493 0.0341587 0.0352670 0.0484282 0.0491280 0.0484243 
Didelphidae_Didelphis_virginiana             0.0542475 0.0591635 0.0545419 0.0605726 0.0601293 0.0627090 0.0517559 0.0530876 0.0578013 0.0629457 0.0553374 0.0603872 0.0608384 0.0522360 0.0538562 0.0597973 0.0611784 0.0595514 0.0596584 0.0564243 0.0580021 0.0000000 0.0343312 0.0615663 0.0544622 0.0591110 0.0550666 0.0560182 0.0584648 0.0637555 0.0596518 0.0536799 0.0654959 0.0629170 0.0618581 
Marmosidae_Monodelphis_domestica             0.0621342 0.0684100 0.0590325 0.0627846 0.0629993 0.0663100 0.0603833 0.0619150 0.0615004 0.0705195 0.0627772 0.0678676 0.0684660 0.0604698 0.0598891 0.0659703 0.0652134 0.0689921 0.0674946 0.0604056 0.0651987 0.0343312 0.0000000 0.0662440 0.0599099 0.0607442 0.0624366 0.0598388 0.0669039 0.0692358 0.0659132 0.0623076 0.0765345 0.0674750 0.0691888 
Dasyuridae_Antechinus_stuartii               0.0449886 0.0511261 0.0456051 0.0511229 0.0509142 0.0120202 0.0406952 0.0447776 0.0491292 0.0522593 0.0449502 0.0074791 0.0168681 0.0429245 0.0462674 0.0062718 0.0116676 0.0150706 0.0482394 0.0478733 0.0481313 0.0615663 0.0662440 0.0000000 0.0444909 0.0483039 0.0470830 0.0485495 0.0512456 0.0553688 0.0492136 0.0433230 0.0562189 0.0127395 0.0515771 
Hypsiprymnodontidae_Hypsiprymnodon_moschatus 0.0295879 0.0424555 0.0335653 0.0260921 0.0270141 0.0438788 0.0303820 0.0314117 0.0253676 0.0482305 0.0325035 0.0435327 0.0450140 0.0307722 0.0318024 0.0433946 0.0428680 0.0422235 0.0463591 0.0222337 0.0356514 0.0544622 0.0599099 0.0444909 0.0000000 0.0404841 0.0323679 0.0226425 0.0380509 0.0443409 0.0325159 0.0319542 0.0510976 0.0446972 0.0473980 
Microbiotheriidae_Dromiciops_gliroides       0.0390984 0.0427264 0.0399579 0.0436944 0.0432729 0.0460144 0.0388316 0.0418109 0.0408640 0.0498511 0.0417549 0.0462243 0.0467847 0.0397622 0.0408172 0.0469626 0.0454169 0.0437199 0.0469359 0.0415844 0.0453851 0.0591110 0.0607442 0.0483039 0.0404841 0.0000000 0.0431103 0.0398805 0.0453627 0.0516763 0.0442974 0.0403402 0.0519557 0.0472939 0.0495519 
Pseudochiridae_Petauroides_volans            0.0311460 0.0436305 0.0333429 0.0392122 0.0390144 0.0456428 0.0313010 0.0328773 0.0377026 0.0473162 0.0331955 0.0461314 0.0456704 0.0317340 0.0290870 0.0453425 0.0440382 0.0398242 0.0467848 0.0347832 0.0191519 0.0550666 0.0624366 0.0470830 0.0323679 0.0431103 0.0000000 0.0336462 0.0194409 0.0361367 0.0306800 0.0327449 0.0474874 0.0468566 0.0480208 
Macropodidae_Wallabia_bicolor                0.0329166 0.0440145 0.0335763 0.0159432 0.0163001 0.0463008 0.0319462 0.0343125 0.0147190 0.0499600 0.0355075 0.0487385 0.0485627 0.0334839 0.0331814 0.0473530 0.0448884 0.0465481 0.0478708 0.0067185 0.0385632 0.0560182 0.0598388 0.0485495 0.0226425 0.0398805 0.0336462 0.0000000 0.0393148 0.0444619 0.0340189 0.0341047 0.0526200 0.0467113 0.0485368 
Pseudochiridae_Pseudocheirus_occidentalis    0.0349928 0.0475132 0.0391317 0.0435193 0.0435063 0.0503619 0.0351827 0.0372348 0.0413393 0.0495459 0.0385146 0.0512861 0.0513374 0.0365972 0.0336152 0.0504884 0.0495467 0.0438951 0.0498139 0.0394969 0.0146047 0.0584648 0.0669039 0.0512456 0.0380509 0.0453627 0.0194409 0.0393148 0.0000000 0.0406881 0.0350800 0.0374205 0.0486537 0.0513896 0.0507004 
Tarsipedidae_Tarsipes_rostratus              0.0417752 0.0555979 0.0414725 0.0462087 0.0461904 0.0560141 0.0435447 0.0432715 0.0456017 0.0585809 0.0468294 0.0566589 0.0554520 0.0436387 0.0368098 0.0559221 0.0543569 0.0555935 0.0574941 0.0457987 0.0389493 0.0637555 0.0692358 0.0553688 0.0443409 0.0516763 0.0361367 0.0444619 0.0406881 0.0000000 0.0398739 0.0442034 0.0609527 0.0573128 0.0579084 
Acrobatidae_Distoechurus_pennatus            0.0332374 0.0440393 0.0348013 0.0385443 0.0379407 0.0477281 0.0320232 0.0332404 0.0378192 0.0494300 0.0338767 0.0479988 0.0488279 0.0326385 0.0201546 0.0472203 0.0455176 0.0448547 0.0467103 0.0345249 0.0341587 0.0596518 0.0659132 0.0492136 0.0325159 0.0442974 0.0306800 0.0340189 0.0350800 0.0398739 0.0000000 0.0322879 0.0505718 0.0485436 0.0483624 
Phalangeridae_Phalanger_carmelitae           0.0296719 0.0415269 0.0322047 0.0390184 0.0392062 0.0435684 0.0121918 0.0110086 0.0361876 0.0454548 0.0090546 0.0432022 0.0448856 0.0031658 0.0293771 0.0430775 0.0429600 0.0423749 0.0441548 0.0359754 0.0352670 0.0536799 0.0623076 0.0433230 0.0319542 0.0403402 0.0327449 0.0341047 0.0374205 0.0442034 0.0322879 0.0000000 0.0474445 0.0453670 0.0451399 
Peramelidae_Peroryctes_raffrayana            0.0480025 0.0523594 0.0473634 0.0561583 0.0563485 0.0558777 0.0464565 0.0472416 0.0550425 0.0097705 0.0482086 0.0552657 0.0532162 0.0467082 0.0512729 0.0544957 0.0546319 0.0502295 0.0095467 0.0530567 0.0484282 0.0654959 0.0765345 0.0562189 0.0510976 0.0519557 0.0474874 0.0526200 0.0486537 0.0609527 0.0505718 0.0474445 0.0000000 0.0568380 0.0095757 
Dasyuridae_Dasyurus_geffroii                 0.0456293 0.0504299 0.0472324 0.0494626 0.0494433 0.0041584 0.0417602 0.0451150 0.0474716 0.0526282 0.0464913 0.0131093 0.0175562 0.0442007 0.0454338 0.0120368 0.0053451 0.0151720 0.0486237 0.0464444 0.0491280 0.0629170 0.0674750 0.0127395 0.0446972 0.0472939 0.0468566 0.0467113 0.0513896 0.0573128 0.0485436 0.0453670 0.0568380 0.0000000 0.0518452 
Peramelidae_Perameles_gunnii                 0.0454990 0.0492092 0.0446860 0.0517732 0.0519413 0.0507995 0.0447730 0.0446891 0.0516209 0.0005109 0.0457763 0.0503924 0.0512214 0.0448213 0.0488133 0.0502539 0.0497719 0.0492029 0.0090968 0.0490969 0.0484243 0.0618581 0.0691888 0.0515771 0.0473980 0.0495519 0.0480208 0.0485368 0.0507004 0.0579084 0.0483624 0.0451399 0.0095757 0.0518452 0.0000000 
