35
Burramyidae_Burramys_parvus                  0.0000000 0.1030392 0.0474016 0.0889366 0.0965754 0.0915693 0.0499922 0.0519280 0.0941811 0.1446288 0.0567104 0.0951116 0.1027664 0.0493478 0.0622115 0.0970773 0.0913779 0.1010553 0.1448101 0.0970010 0.0691891 0.1487366 0.1626658 0.1016573 0.0646964 0.0962197 0.0594834 0.0913775 0.0541508 0.1116726 0.0653138 0.0627106 0.1318561 0.0912162 0.1445410 
Notoryctidae_Notoryctes_typhlops             0.1030392 0.0000000 0.0969928 0.1308174 0.1393225 0.1210381 0.0994123 0.0960993 0.1349288 0.1676952 0.0935352 0.1250509 0.1387437 0.0922055 0.1069682 0.1266114 0.1214797 0.1317809 0.1713806 0.1439347 0.1164380 0.1861270 0.1935907 0.1243994 0.1039258 0.1175331 0.0960821 0.1369699 0.0993907 0.1455760 0.1044781 0.1054332 0.1699024 0.1222209 0.1663713 
Vombatidae_Lasiorhinus_latifrons             0.0474016 0.0969928 0.0000000 0.0814839 0.0876820 0.0857376 0.0516177 0.0499074 0.0871679 0.1267269 0.0524944 0.0874563 0.0929709 0.0483654 0.0596857 0.0881753 0.0830454 0.0860086 0.1314137 0.0884477 0.0616818 0.1430839 0.1514310 0.0911968 0.0633293 0.0862367 0.0492717 0.0867883 0.0458274 0.1049615 0.0580966 0.0618230 0.1234093 0.0853689 0.1280540 
Potoroidae_Bettongia_penicillata             0.0889366 0.1308174 0.0814839 0.0000000 0.0057247 0.1231431 0.0873022 0.0874962 0.0159163 0.1474353 0.0880306 0.1236606 0.1079867 0.0829208 0.0791393 0.1245704 0.1224262 0.1262465 0.1464539 0.0236493 0.0850696 0.1889931 0.1643672 0.1271960 0.0587945 0.1342638 0.0881798 0.0263265 0.0861139 0.1540943 0.0969360 0.1009260 0.1484417 0.1214215 0.1452449 
Potoroidae_Bettongia_lesueur                 0.0965754 0.1393225 0.0876820 0.0057247 0.0000000 0.1311413 0.0960743 0.0962250 0.0187416 0.1531363 0.0962215 0.1307884 0.1153677 0.0928023 0.0870741 0.1317357 0.1302010 0.1330374 0.1541920 0.0280979 0.0920621 0.1994759 0.1745881 0.1334819 0.0634042 0.1418210 0.0954775 0.0298054 0.0943379 0.1624009 0.1041814 0.1107482 0.1542989 0.1291598 0.1508034 
Dasyuridae_Dasyurus_maculatus                0.0915693 0.1210381 0.0857376 0.1231431 0.1311413 0.0000000 0.0963053 0.0922423 0.1282596 0.1570990 0.0938542 0.0226159 0.0345833 0.0941393 0.0884855 0.0226290 0.0094712 0.0307336 0.1539748 0.1279632 0.1026415 0.1627561 0.1701336 0.0234484 0.1022640 0.1134883 0.0970677 0.1214021 0.0910863 0.1373745 0.0997090 0.1045207 0.1461048 0.0055401 0.1560283 
Phalangeridae_Trichosurus_vulpecula          0.0499922 0.0994123 0.0516177 0.0873022 0.0960743 0.0963053 0.0000000 0.0189749 0.0924038 0.1358270 0.0207377 0.0947860 0.1011163 0.0185293 0.0655766 0.0955358 0.0930341 0.0992948 0.1361518 0.0922202 0.0656752 0.1546012 0.1585663 0.1006414 0.0611233 0.0864121 0.0539278 0.0897589 0.0514008 0.1136988 0.0612802 0.0295689 0.1319744 0.0946753 0.1363589 
Phalangeridae_Spilocuscus_maculatus          0.0519280 0.0960993 0.0499074 0.0874962 0.0962250 0.0922423 0.0189749 0.0000000 0.0926421 0.1327412 0.0191124 0.0916394 0.1001924 0.0134776 0.0627066 0.0923747 0.0885238 0.0983443 0.1300621 0.0924057 0.0671073 0.1525043 0.1540765 0.0958916 0.0630196 0.0923790 0.0515654 0.0887437 0.0491338 0.1074445 0.0599671 0.0255962 0.1255505 0.0906532 0.1326237 
Potoroidae_Aepyprymnus_rufescens             0.0941811 0.1349288 0.0871679 0.0159163 0.0187416 0.1282596 0.0924038 0.0926421 0.0000000 0.1547170 0.0945774 0.1282242 0.1118320 0.0893072 0.0878317 0.1291450 0.1269887 0.1270673 0.1545179 0.0271598 0.0890907 0.2020111 0.1768514 0.1322897 0.0617481 0.1375618 0.0967397 0.0273205 0.0933590 0.1580123 0.0992008 0.1079749 0.1569003 0.1259769 0.1524998 
Peramelidae_Perameles_nasuta                 0.1446288 0.1676952 0.1267269 0.1474353 0.1531363 0.1570990 0.1358270 0.1327412 0.1547170 0.0000000 0.1398474 0.1544851 0.1468745 0.1349954 0.1056960 0.1564279 0.1569918 0.1601157 0.0396817 0.1566898 0.1241925 0.2147268 0.1868085 0.1619747 0.1392131 0.1561518 0.1345314 0.1514928 0.1402416 0.1833652 0.1442042 0.1362824 0.0506195 0.1571925 0.0013100 
Phalangeridae_Strigocuscus_pelengensis       0.0567104 0.0935352 0.0524944 0.0880306 0.0962215 0.0938542 0.0207377 0.0191124 0.0945774 0.1398474 0.0000000 0.0935388 0.1020644 0.0186091 0.0689201 0.0944440 0.0919321 0.0877042 0.1298126 0.0948959 0.0753864 0.1453469 0.1594981 0.0961409 0.0631572 0.0890529 0.0563071 0.0924668 0.0562953 0.1119933 0.0632491 0.0287127 0.1248903 0.0932121 0.1387722 
Dasyuridae_Phascogale_tapoatafa              0.0951116 0.1250509 0.0874563 0.1236606 0.1307884 0.0226159 0.0947860 0.0916394 0.1282242 0.1544851 0.0935388 0.0000000 0.0351386 0.0910658 0.0913938 0.0033819 0.0230791 0.0311543 0.1553134 0.1265493 0.1006273 0.1643857 0.1764471 0.0079561 0.1025176 0.1121765 0.0967366 0.1214788 0.0904743 0.1393373 0.0974630 0.1022207 0.1465253 0.0230307 0.1549813 
Dasyuridae_Sminthopsis_macroura              0.1027664 0.1387437 0.0929709 0.1079867 0.1153677 0.0345833 0.1011163 0.1001924 0.1118320 0.1468745 0.1020644 0.0351386 0.0000000 0.1021527 0.0896931 0.0351626 0.0345431 0.0357417 0.1480648 0.1153454 0.0904663 0.1727635 0.1640107 0.0369754 0.1091895 0.1252425 0.1021601 0.1107052 0.0988623 0.1485076 0.1079160 0.1141037 0.1392000 0.0359579 0.1459323 
Phalangeridae_Phalanger_orientalis           0.0493478 0.0922055 0.0483654 0.0829208 0.0928023 0.0941393 0.0185293 0.0134776 0.0893072 0.1349954 0.0186091 0.0910658 0.1021527 0.0000000 0.0640150 0.0930481 0.0909050 0.0991564 0.1351566 0.0890192 0.0639311 0.1517813 0.1546047 0.0979584 0.0571459 0.0883695 0.0511174 0.0854623 0.0471045 0.1090222 0.0589518 0.0195230 0.1317139 0.0925330 0.1348406 
Acrobatidae_Acrobates_pygmaeus               0.0622115 0.1069682 0.0596857 0.0791393 0.0870741 0.0884855 0.0655766 0.0627066 0.0878317 0.1056960 0.0689201 0.0913938 0.0896931 0.0640150 0.0000000 0.0923237 0.0877703 0.0887011 0.1120137 0.0920529 0.0557508 0.1343410 0.1302899 0.0918769 0.0692589 0.0775185 0.0592445 0.0872427 0.0591232 0.1135354 0.0459361 0.0620007 0.1030489 0.0883208 0.1053172 
Dasyuridae_Phascogale_calura                 0.0970773 0.1266114 0.0881753 0.1245704 0.1317357 0.0226290 0.0955358 0.0923747 0.1291450 0.1564279 0.0944440 0.0033819 0.0351626 0.0930481 0.0923237 0.0000000 0.0230926 0.0317351 0.1573237 0.1266535 0.1014053 0.1657674 0.1776691 0.0079600 0.1026633 0.1132064 0.0975140 0.1223583 0.0905384 0.1411466 0.0982406 0.1043131 0.1482964 0.0230441 0.1568775 
Dasyuridae_Sarcophilus_harrisii              0.0913779 0.1214797 0.0830454 0.1224262 0.1302010 0.0094712 0.0930341 0.0885238 0.1269887 0.1569918 0.0919321 0.0230791 0.0345431 0.0909050 0.0877703 0.0230926 0.0000000 0.0317463 0.1570345 0.1281220 0.1024306 0.1615219 0.1732613 0.0249026 0.0994030 0.1109118 0.0959226 0.1229360 0.0897172 0.1373429 0.0974032 0.1011453 0.1480347 0.0081348 0.1559237 
Dasyuridae_Planigale_tenuirostris            0.1010553 0.1317809 0.0860086 0.1262465 0.1330374 0.0307336 0.0992948 0.0983443 0.1270673 0.1601157 0.0877042 0.0311543 0.0357417 0.0991564 0.0887011 0.0317351 0.0317463 0.0000000 0.1555094 0.1307287 0.1073065 0.1578326 0.1838047 0.0327180 0.1024620 0.1108356 0.1036530 0.1236169 0.0984211 0.1476696 0.1028294 0.1113481 0.1458028 0.0327211 0.1574132 
Peramelidae_Echymipera_kalubu                0.1448101 0.1713806 0.1314137 0.1464539 0.1541920 0.1539748 0.1361518 0.1300621 0.1545179 0.0396817 0.1298126 0.1553134 0.1480648 0.1351566 0.1120137 0.1573237 0.1570345 0.1555094 0.0000000 0.1554391 0.1308066 0.2085071 0.1787517 0.1627079 0.1392547 0.1488743 0.1413209 0.1493162 0.1416027 0.1814884 0.1448242 0.1470370 0.0379237 0.1540744 0.0391997 
Macropodidae_Dorcopsulus_vanheurni           0.0970010 0.1439347 0.0884477 0.0236493 0.0280979 0.1279632 0.0922202 0.0924057 0.0271598 0.1566898 0.0948959 0.1265493 0.1153454 0.0890192 0.0920529 0.1266535 0.1281220 0.1307287 0.1554391 0.0000000 0.0918454 0.2029523 0.1766843 0.1307034 0.0603868 0.1432106 0.0946673 0.0119460 0.0916925 0.1627920 0.1025911 0.1065806 0.1547479 0.1257574 0.1562948 
Pseudochiridae_Pseudochirulus_forbesi        0.0691891 0.1164380 0.0616818 0.0850696 0.0920621 0.1026415 0.0656752 0.0671073 0.0890907 0.1241925 0.0753864 0.1006273 0.0904663 0.0639311 0.0557508 0.1014053 0.1024306 0.1073065 0.1308066 0.0918454 0.0000000 0.1635125 0.1484156 0.1060610 0.0801684 0.1047281 0.0480683 0.0858092 0.0335248 0.1176269 0.0706851 0.0784475 0.1264829 0.1028081 0.1242302 
Didelphidae_Didelphis_virginiana             0.1487366 0.1861270 0.1430839 0.1889931 0.1994759 0.1627561 0.1546012 0.1525043 0.2020111 0.2147268 0.1453469 0.1643857 0.1727635 0.1517813 0.1343410 0.1657674 0.1615219 0.1578326 0.2085071 0.2029523 0.1635125 0.0000000 0.1270119 0.1630480 0.1636191 0.1473176 0.1554139 0.1896384 0.1519455 0.2016082 0.1561676 0.1579845 0.1945361 0.1571396 0.2179411 
Marmosidae_Monodelphis_domestica             0.1626658 0.1935907 0.1514310 0.1643672 0.1745881 0.1701336 0.1585663 0.1540765 0.1768514 0.1868085 0.1594981 0.1764471 0.1640107 0.1546047 0.1302899 0.1776691 0.1732613 0.1838047 0.1787517 0.1766843 0.1484156 0.1270119 0.0000000 0.1762177 0.1689191 0.1583281 0.1596883 0.1667420 0.1551863 0.1680777 0.1643884 0.1652055 0.1786323 0.1648861 0.1880029 
Dasyuridae_Antechinus_stuartii               0.1016573 0.1243994 0.0911968 0.1271960 0.1334819 0.0234484 0.1006414 0.0958916 0.1322897 0.1619747 0.0961409 0.0079561 0.0369754 0.0979584 0.0918769 0.0079600 0.0249026 0.0327180 0.1627079 0.1307034 0.1060610 0.1630480 0.1762177 0.0000000 0.1058664 0.1140448 0.0998821 0.1233682 0.0960596 0.1409075 0.0963962 0.1098805 0.1542588 0.0248484 0.1622555 
Hypsiprymnodontidae_Hypsiprymnodon_moschatus 0.0646964 0.1039258 0.0633293 0.0587945 0.0634042 0.1022640 0.0611233 0.0630196 0.0617481 0.1392131 0.0631572 0.1025176 0.1091895 0.0571459 0.0692589 0.1026633 0.0994030 0.1024620 0.1392547 0.0603868 0.0801684 0.1636191 0.1689191 0.1058664 0.0000000 0.0954960 0.0690129 0.0571632 0.0651005 0.1223227 0.0716985 0.0726467 0.1353905 0.1005735 0.1375110 
Microbiotheriidae_Dromiciops_gliroides       0.0962197 0.1175331 0.0862367 0.1342638 0.1418210 0.1134883 0.0864121 0.0923790 0.1375618 0.1561518 0.0890529 0.1121765 0.1252425 0.0883695 0.0775185 0.1132064 0.1109118 0.1108356 0.1488743 0.1432106 0.1047281 0.1473176 0.1583281 0.1140448 0.0954960 0.0000000 0.0933381 0.1341059 0.0885300 0.1395845 0.0922992 0.0992098 0.1362295 0.1100632 0.1551305 
Pseudochiridae_Petauroides_volans            0.0594834 0.0960821 0.0492717 0.0881798 0.0954775 0.0970677 0.0539278 0.0515654 0.0967397 0.1345314 0.0563071 0.0967366 0.1021601 0.0511174 0.0592445 0.0975140 0.0959226 0.1036530 0.1413209 0.0946673 0.0480683 0.1554139 0.1596883 0.0998821 0.0690129 0.0933381 0.0000000 0.0927543 0.0309753 0.1044730 0.0555456 0.0653527 0.1360319 0.0968881 0.1336494 
Macropodidae_Wallabia_bicolor                0.0913775 0.1369699 0.0867883 0.0263265 0.0298054 0.1214021 0.0897589 0.0887437 0.0273205 0.1514928 0.0924668 0.1214788 0.1107052 0.0854623 0.0872427 0.1223583 0.1229360 0.1236169 0.1493162 0.0119460 0.0858092 0.1896384 0.1667420 0.1233682 0.0571632 0.1341059 0.0927543 0.0000000 0.0893858 0.1589448 0.0979243 0.1037293 0.1516932 0.1206535 0.1502805 
Pseudochiridae_Pseudocheirus_occidentalis    0.0541508 0.0993907 0.0458274 0.0861139 0.0943379 0.0910863 0.0514008 0.0491338 0.0933590 0.1402416 0.0562953 0.0904743 0.0988623 0.0471045 0.0591232 0.0905384 0.0897172 0.0984211 0.1416027 0.0916925 0.0335248 0.1519455 0.1551863 0.0960596 0.0651005 0.0885300 0.0309753 0.0893858 0.0000000 0.0995463 0.0551291 0.0621019 0.1367929 0.0901033 0.1385961 
Tarsipedidae_Tarsipes_rostratus              0.1116726 0.1455760 0.1049615 0.1540943 0.1624009 0.1373745 0.1136988 0.1074445 0.1580123 0.1833652 0.1119933 0.1393373 0.1485076 0.1090222 0.1135354 0.1411466 0.1373429 0.1476696 0.1814884 0.1627920 0.1176269 0.2016082 0.1680777 0.1409075 0.1223227 0.1395845 0.1044730 0.1589448 0.0995463 0.0000000 0.1110270 0.1182444 0.1792535 0.1352859 0.1804638 
Acrobatidae_Distoechurus_pennatus            0.0653138 0.1044781 0.0580966 0.0969360 0.1041814 0.0997090 0.0612802 0.0599671 0.0992008 0.1442042 0.0632491 0.0974630 0.1079160 0.0589518 0.0459361 0.0982406 0.0974032 0.1028294 0.1448242 0.1025911 0.0706851 0.1561676 0.1643884 0.0963962 0.0716985 0.0922992 0.0555456 0.0979243 0.0551291 0.1110270 0.0000000 0.0757026 0.1417279 0.0990052 0.1428711 
Phalangeridae_Phalanger_carmelitae           0.0627106 0.1054332 0.0618230 0.1009260 0.1107482 0.1045207 0.0295689 0.0255962 0.1079749 0.1362824 0.0287127 0.1022207 0.1141037 0.0195230 0.0620007 0.1043131 0.1011453 0.1113481 0.1470370 0.1065806 0.0784475 0.1579845 0.1652055 0.1098805 0.0726467 0.0992098 0.0653527 0.1037293 0.0621019 0.1182444 0.0757026 0.0000000 0.1458786 0.1028181 0.1368235 
Peramelidae_Peroryctes_raffrayana            0.1318561 0.1699024 0.1234093 0.1484417 0.1542989 0.1461048 0.1319744 0.1255505 0.1569003 0.0506195 0.1248903 0.1465253 0.1392000 0.1317139 0.1030489 0.1482964 0.1480347 0.1458028 0.0379237 0.1547479 0.1264829 0.1945361 0.1786323 0.1542588 0.1353905 0.1362295 0.1360319 0.1516932 0.1367929 0.1792535 0.1417279 0.1458786 0.0000000 0.1470016 0.0488228 
Dasyuridae_Dasyurus_geffroii                 0.0912162 0.1222209 0.0853689 0.1214215 0.1291598 0.0055401 0.0946753 0.0906532 0.1259769 0.1571925 0.0932121 0.0230307 0.0359579 0.0925330 0.0883208 0.0230441 0.0081348 0.0327211 0.1540744 0.1257574 0.1028081 0.1571396 0.1648861 0.0248484 0.1005735 0.1100632 0.0968881 0.1206535 0.0901033 0.1352859 0.0990052 0.1028181 0.1470016 0.0000000 0.1561231 
Peramelidae_Perameles_gunnii                 0.1445410 0.1663713 0.1280540 0.1452449 0.1508034 0.1560283 0.1363589 0.1326237 0.1524998 0.0013100 0.1387722 0.1549813 0.1459323 0.1348406 0.1053172 0.1568775 0.1559237 0.1574132 0.0391997 0.1562948 0.1242302 0.2179411 0.1880029 0.1622555 0.1375110 0.1551305 0.1336494 0.1502805 0.1385961 0.1804638 0.1428711 0.1368235 0.0488228 0.1561231 0.0000000 
