37
Burramyidae_Burramys_parvus                  0.0000000 0.0788820 0.0843256 0.0682982 0.0700902 0.0972380 0.0571217 0.0613336 0.0615614 0.1479159 0.0622155 0.0934834 0.1018592 0.0527934 0.0727040 0.0867572 0.0890408 0.1046940 0.1291167 0.0616825 0.0712254 0.1473186 0.1384931 0.0901998 0.0637430 0.0927640 0.0752105 0.0600893 0.0811360 0.1160601 0.0738946 0.0556158 0.1388764 0.0926200 0.1286407 0.0830554 0.0830554 
Notoryctidae_Notoryctes_typhlops             0.0788820 0.0000000 0.1010050 0.0812503 0.0853370 0.0932820 0.0728761 0.0780968 0.0787881 0.1476840 0.0804133 0.0823193 0.1065416 0.0703298 0.0837719 0.0850273 0.0846307 0.1064489 0.1356273 0.0763953 0.0836528 0.1588464 0.1606345 0.0951800 0.0845083 0.1026778 0.0891391 0.0736131 0.0873970 0.1390176 0.0952240 0.0722134 0.1353253 0.0931517 0.1338827 0.0959011 0.0959011 
Vombatidae_Lasiorhinus_latifrons             0.0843256 0.1010050 0.0000000 0.0851585 0.0862322 0.1176099 0.0782968 0.0866663 0.0787224 0.1655400 0.0859386 0.1043997 0.1169236 0.0766233 0.0944033 0.1022484 0.1063953 0.1305291 0.1379647 0.0805719 0.0943907 0.1760534 0.1704671 0.1152902 0.0801535 0.1015094 0.0998161 0.0800735 0.1040847 0.1352582 0.1002887 0.0841489 0.1574264 0.1105932 0.1478069 0.0999109 0.0999109 
Potoroidae_Bettongia_penicillata             0.0682982 0.0812503 0.0851585 0.0000000 0.0043352 0.1025579 0.0581962 0.0612976 0.0131044 0.1565294 0.0660738 0.0948493 0.1162859 0.0529420 0.0751555 0.0945615 0.0956282 0.1156342 0.1264615 0.0329172 0.0682926 0.1535225 0.1416539 0.1026628 0.0458869 0.0992304 0.0745363 0.0330980 0.0800284 0.1235446 0.0704383 0.0575360 0.1363923 0.0989562 0.1305729 0.0854531 0.0854531 
Potoroidae_Bettongia_lesueur                 0.0700902 0.0853370 0.0862322 0.0043352 0.0000000 0.1003527 0.0582101 0.0641193 0.0130785 0.1569253 0.0643052 0.0949040 0.1139827 0.0554301 0.0747081 0.0967329 0.0932973 0.1147078 0.1299337 0.0343721 0.0698518 0.1513015 0.1442733 0.1004879 0.0467043 0.1032081 0.0749930 0.0330758 0.0817945 0.1248346 0.0694343 0.0582866 0.1367337 0.0990488 0.1340961 0.0781964 0.0781964 
Dasyuridae_Dasyurus_maculatus                0.0972380 0.0932820 0.1176099 0.1025579 0.1003527 0.0000000 0.0820891 0.0898453 0.0963295 0.1682966 0.0904444 0.0219079 0.0470613 0.0827146 0.1108835 0.0227389 0.0123781 0.0368499 0.1517347 0.0938771 0.0997420 0.1657152 0.1556964 0.0263319 0.0981106 0.1012770 0.0984044 0.0870042 0.1214693 0.1538256 0.1198326 0.0878856 0.1553378 0.0119501 0.1482620 0.0249650 0.0249650 
Phalangeridae_Trichosurus_vulpecula          0.0571217 0.0728761 0.0782968 0.0581962 0.0582101 0.0820891 0.0000000 0.0217715 0.0545192 0.1202964 0.0247859 0.0699622 0.0992668 0.0194604 0.0590571 0.0691952 0.0753441 0.0882336 0.1129592 0.0572863 0.0634517 0.1316514 0.1305198 0.0748759 0.0517098 0.0792577 0.0657038 0.0522899 0.0607617 0.1150388 0.0686035 0.0226495 0.1072127 0.0760112 0.1081503 0.0952839 0.0952839 
Phalangeridae_Spilocuscus_maculatus          0.0613336 0.0780968 0.0866663 0.0612976 0.0641193 0.0898453 0.0217715 0.0000000 0.0594655 0.1368359 0.0245871 0.0834531 0.1070186 0.0138202 0.0673996 0.0790566 0.0870894 0.0978827 0.1261490 0.0587120 0.0664600 0.1514253 0.1431864 0.0881346 0.0633529 0.0881587 0.0747791 0.0634111 0.0666659 0.1185027 0.0775097 0.0173610 0.1188922 0.0898689 0.1253176 0.0621547 0.0621547 
Potoroidae_Aepyprymnus_rufescens             0.0615614 0.0787881 0.0787224 0.0131044 0.0130785 0.0963295 0.0545192 0.0594655 0.0000000 0.1488182 0.0623694 0.0894598 0.1091138 0.0493498 0.0660730 0.0893106 0.0887485 0.1086638 0.1225687 0.0284510 0.0656706 0.1518095 0.1426053 0.0940811 0.0443141 0.0969419 0.0747737 0.0286285 0.0791234 0.1199519 0.0658486 0.0537383 0.1290266 0.0939030 0.1266103 0.0660675 0.0660675 
Peramelidae_Perameles_nasuta                 0.1479159 0.1476840 0.1655400 0.1565294 0.1569253 0.1682966 0.1202964 0.1368359 0.1488182 0.0000000 0.1293832 0.1594670 0.1766837 0.1272029 0.1424017 0.1557157 0.1629476 0.1562599 0.0275342 0.1402512 0.1482024 0.2248931 0.2195725 0.1636507 0.1351842 0.1608289 0.1615212 0.1355516 0.1483491 0.2356688 0.1654464 0.1263685 0.0226358 0.1586981 0.0008303 0.1464651 0.1464651 
Phalangeridae_Strigocuscus_pelengensis       0.0622155 0.0804133 0.0859386 0.0660738 0.0643052 0.0904444 0.0247859 0.0245871 0.0623694 0.1293832 0.0000000 0.0841460 0.1077768 0.0201103 0.0657922 0.0790806 0.0875353 0.0978902 0.1201751 0.0618690 0.0707114 0.1387127 0.1381938 0.0866538 0.0645954 0.0890982 0.0778386 0.0619329 0.0695732 0.1221629 0.0777477 0.0186788 0.1088166 0.0910312 0.1209894 0.0701754 0.0701754 
Dasyuridae_Phascogale_tapoatafa              0.0934834 0.0823193 0.1043997 0.0948493 0.0949040 0.0219079 0.0699622 0.0834531 0.0894598 0.1594670 0.0841460 0.0000000 0.0444477 0.0741853 0.1048511 0.0035643 0.0157001 0.0335541 0.1455869 0.0914149 0.0995662 0.1530546 0.1437431 0.0131023 0.0913833 0.0998334 0.0947896 0.0832301 0.1138864 0.1454936 0.1100186 0.0773157 0.1468845 0.0190241 0.1375712 0.0254106 0.0254106 
Dasyuridae_Sminthopsis_macroura              0.1018592 0.1065416 0.1169236 0.1162859 0.1139827 0.0470613 0.0992668 0.1070186 0.1091138 0.1766837 0.1077768 0.0444477 0.0000000 0.0967528 0.1223568 0.0459723 0.0420278 0.0332925 0.1621296 0.1073729 0.1107208 0.1642148 0.1592027 0.0464044 0.1127234 0.1086550 0.1048077 0.1004001 0.1174893 0.1536748 0.1285514 0.1002308 0.1743765 0.0396471 0.1590016 0.0541498 0.0541498 
Phalangeridae_Phalanger_orientalis           0.0527934 0.0703298 0.0766233 0.0529420 0.0554301 0.0827146 0.0194604 0.0138202 0.0493498 0.1272029 0.0201103 0.0741853 0.0967528 0.0000000 0.0620982 0.0694038 0.0775797 0.0874762 0.1165558 0.0506243 0.0615830 0.1344969 0.1313903 0.0783415 0.0561868 0.0816036 0.0672934 0.0516960 0.0614447 0.1118204 0.0687815 0.0069295 0.1099112 0.0824861 0.1120032 0.0699238 0.0699238 
Acrobatidae_Acrobates_pygmaeus               0.0727040 0.0837719 0.0944033 0.0751555 0.0747081 0.1108835 0.0590571 0.0673996 0.0660730 0.1424017 0.0657922 0.1048511 0.1223568 0.0620982 0.0000000 0.1040435 0.1004286 0.1251326 0.1296223 0.0713906 0.0569173 0.1618638 0.1536862 0.1131844 0.0667205 0.0970290 0.0761977 0.0702403 0.0656013 0.1172418 0.0610516 0.0692123 0.1287874 0.1074140 0.1312569 0.0731591 0.0731591 
Dasyuridae_Phascogale_calura                 0.0867572 0.0850273 0.1022484 0.0945615 0.0967329 0.0227389 0.0691952 0.0790566 0.0893106 0.1557157 0.0790806 0.0035643 0.0459723 0.0694038 0.1040435 0.0000000 0.0200385 0.0350261 0.1391582 0.0858603 0.0954386 0.1603208 0.1481607 0.0145915 0.0860691 0.0943446 0.0913896 0.0785564 0.1087383 0.1406879 0.1086854 0.0739118 0.1418167 0.0198759 0.1335169 0.0216919 0.0216919 
Dasyuridae_Sarcophilus_harrisii              0.0890408 0.0846307 0.1063953 0.0956282 0.0932973 0.0123781 0.0753441 0.0870894 0.0887485 0.1629476 0.0875353 0.0157001 0.0420278 0.0775797 0.1004286 0.0200385 0.0000000 0.0353878 0.1469516 0.0900176 0.0972438 0.1563771 0.1481046 0.0214573 0.0903334 0.0930898 0.0971096 0.0832081 0.1207875 0.1494412 0.1073019 0.0796884 0.1559668 0.0080330 0.1423473 0.0249650 0.0249650 
Dasyuridae_Planigale_tenuirostris            0.1046940 0.1064489 0.1305291 0.1156342 0.1147078 0.0368499 0.0882336 0.0978827 0.1086638 0.1562599 0.0978902 0.0335541 0.0332925 0.0874762 0.1251326 0.0350261 0.0353878 0.0000000 0.1532798 0.1043679 0.1110786 0.1936773 0.1718606 0.0339334 0.1094687 0.1126428 0.1025029 0.1011773 0.1273220 0.1686728 0.1353405 0.0857839 0.1587505 0.0348090 0.1422715 0.0340155 0.0340155 
Peramelidae_Echymipera_kalubu                0.1291167 0.1356273 0.1379647 0.1264615 0.1299337 0.1517347 0.1129592 0.1261490 0.1225687 0.0275342 0.1201751 0.1455869 0.1621296 0.1165558 0.1296223 0.1391582 0.1469516 0.1532798 0.0000000 0.1170411 0.1280465 0.1971234 0.1947440 0.1463003 0.1212270 0.1479892 0.1397303 0.1119431 0.1556783 0.2057371 0.1422893 0.1216165 0.0185344 0.1457546 0.0227552 0.1001929 0.1001929 
Macropodidae_Dorcopsulus_vanheurni           0.0616825 0.0763953 0.0805719 0.0329172 0.0343721 0.0938771 0.0572863 0.0587120 0.0284510 0.1402512 0.0618690 0.0914149 0.1073729 0.0506243 0.0713906 0.0858603 0.0900176 0.1043679 0.1170411 0.0000000 0.0647965 0.1560584 0.1461899 0.0966953 0.0469993 0.0890688 0.0740812 0.0101433 0.0766717 0.1163184 0.0689059 0.0550061 0.1211921 0.0936702 0.1211241 0.0794879 0.0794879 
Pseudochiridae_Pseudochirulus_forbesi        0.0712254 0.0836528 0.0943907 0.0682926 0.0698518 0.0997420 0.0634517 0.0664600 0.0656706 0.1482024 0.0707114 0.0995662 0.1107208 0.0615830 0.0569173 0.0954386 0.0972438 0.1110786 0.1280465 0.0647965 0.0000000 0.1516881 0.1433709 0.1063417 0.0650961 0.0917653 0.0368322 0.0650578 0.0363014 0.1009557 0.0734252 0.0638832 0.1332778 0.0962256 0.1307364 0.0882073 0.0882073 
Didelphidae_Didelphis_virginiana             0.1473186 0.1588464 0.1760534 0.1535225 0.1513015 0.1657152 0.1316514 0.1514253 0.1518095 0.2248931 0.1387127 0.1530546 0.1642148 0.1344969 0.1618638 0.1603208 0.1563771 0.1936773 0.1971234 0.1560584 0.1516881 0.0000000 0.0530842 0.1657209 0.1476420 0.1498261 0.1518467 0.1494121 0.1691323 0.1806972 0.1517308 0.1395495 0.2331521 0.1626376 0.1896372 0.1585477 0.1585477 
Marmosidae_Monodelphis_domestica             0.1384931 0.1606345 0.1704671 0.1416539 0.1442733 0.1556964 0.1305198 0.1431864 0.1426053 0.2195725 0.1381938 0.1437431 0.1592027 0.1313903 0.1536862 0.1481607 0.1481046 0.1718606 0.1947440 0.1461899 0.1433709 0.0530842 0.0000000 0.1546061 0.1445037 0.1458127 0.1662893 0.1462020 0.1780466 0.1936072 0.1609063 0.1338711 0.2079610 0.1504172 0.1876375 0.1154240 0.1154240 
Dasyuridae_Antechinus_stuartii               0.0901998 0.0951800 0.1152902 0.1026628 0.1004879 0.0263319 0.0748759 0.0881346 0.0940811 0.1636507 0.0866538 0.0131023 0.0464044 0.0783415 0.1131844 0.0145915 0.0214573 0.0339334 0.1463003 0.0966953 0.1063417 0.1657209 0.1546061 0.0000000 0.0940169 0.1032994 0.0970564 0.0882025 0.1208965 0.1448509 0.1178918 0.0823616 0.1505957 0.0213514 0.1439770 0.0318248 0.0318248 
Hypsiprymnodontidae_Hypsiprymnodon_moschatus 0.0637430 0.0845083 0.0801535 0.0458869 0.0467043 0.0981106 0.0517098 0.0633529 0.0443141 0.1351842 0.0645954 0.0913833 0.1127234 0.0561868 0.0667205 0.0860691 0.0903334 0.1094687 0.1212270 0.0469993 0.0650961 0.1476420 0.1445037 0.0940169 0.0000000 0.0825314 0.0750186 0.0432022 0.0736293 0.1215461 0.0736072 0.0607399 0.1191526 0.0936829 0.1227966 0.1080761 0.1080761 
Microbiotheriidae_Dromiciops_gliroides       0.0927640 0.1026778 0.1015094 0.0992304 0.1032081 0.1012770 0.0792577 0.0881587 0.0969419 0.1608289 0.0890982 0.0998334 0.1086550 0.0816036 0.0970290 0.0943446 0.0930898 0.1126428 0.1479892 0.0890688 0.0917653 0.1498261 0.1458127 0.1032994 0.0825314 0.0000000 0.1054842 0.0901657 0.1069640 0.1239856 0.0992266 0.0854972 0.1530377 0.0923279 0.1402501 0.0794206 0.0794206 
Pseudochiridae_Petauroides_volans            0.0752105 0.0891391 0.0998161 0.0745363 0.0749930 0.0984044 0.0657038 0.0747791 0.0747737 0.1615212 0.0778386 0.0947896 0.1048077 0.0672934 0.0761977 0.0913896 0.0971096 0.1025029 0.1397303 0.0740812 0.0368322 0.1518467 0.1662893 0.0970564 0.0750186 0.1054842 0.0000000 0.0705594 0.0376800 0.1062238 0.0759129 0.0698888 0.1475849 0.0945952 0.1394918 0.1005053 0.1005053 
Macropodidae_Wallabia_bicolor                0.0600893 0.0736131 0.0800735 0.0330980 0.0330758 0.0870042 0.0522899 0.0634111 0.0286285 0.1355516 0.0619329 0.0832301 0.1004001 0.0516960 0.0702403 0.0785564 0.0832081 0.1011773 0.1119431 0.0101433 0.0650578 0.1494121 0.1462020 0.0882025 0.0432022 0.0901657 0.0705594 0.0000000 0.0755049 0.1155024 0.0720553 0.0544189 0.1180730 0.0847236 0.1179921 0.0753072 0.0753072 
Pseudochiridae_Pseudocheirus_occidentalis    0.0811360 0.0873970 0.1040847 0.0800284 0.0817945 0.1214693 0.0607617 0.0666659 0.0791234 0.1483491 0.0695732 0.1138864 0.1174893 0.0614447 0.0656013 0.1087383 0.1207875 0.1273220 0.1556783 0.0766717 0.0363014 0.1691323 0.1780466 0.1208965 0.0736293 0.1069640 0.0376800 0.0755049 0.0000000 0.1199936 0.0754879 0.0603635 0.1426432 0.1173915 0.1508908 0.1918306 0.1918306 
Tarsipedidae_Tarsipes_rostratus              0.1160601 0.1390176 0.1352582 0.1235446 0.1248346 0.1538256 0.1150388 0.1185027 0.1199519 0.2356688 0.1221629 0.1454936 0.1536748 0.1118204 0.1172418 0.1406879 0.1494412 0.1686728 0.2057371 0.1163184 0.1009557 0.1806972 0.1936072 0.1448509 0.1215461 0.1239856 0.1062238 0.1155024 0.1199936 0.0000000 0.1186159 0.1178092 0.2271289 0.1451823 0.2027319 0.0742129 0.0742129 
Acrobatidae_Distoechurus_pennatus            0.0738946 0.0952240 0.1002887 0.0704383 0.0694343 0.1198326 0.0686035 0.0775097 0.0658486 0.1654464 0.0777477 0.1100186 0.1285514 0.0687815 0.0610516 0.1086854 0.1073019 0.1353405 0.1422893 0.0689059 0.0734252 0.1517308 0.1609063 0.1178918 0.0736072 0.0992266 0.0759129 0.0720553 0.0754879 0.1186159 0.0000000 0.0730616 0.1590119 0.1110550 0.1456891 0.0776040 0.0776040 
Phalangeridae_Phalanger_carmelitae           0.0556158 0.0722134 0.0841489 0.0575360 0.0582866 0.0878856 0.0226495 0.0173610 0.0537383 0.1263685 0.0186788 0.0773157 0.1002308 0.0069295 0.0692123 0.0739118 0.0796884 0.0857839 0.1216165 0.0550061 0.0638832 0.1395495 0.1338711 0.0823616 0.0607399 0.0854972 0.0698888 0.0544189 0.0603635 0.1178092 0.0730616 0.0000000 0.1090317 0.0845082 0.1159539 0.0766506 0.0766506 
Peramelidae_Peroryctes_raffrayana            0.1388764 0.1353253 0.1574264 0.1363923 0.1367337 0.1553378 0.1072127 0.1188922 0.1290266 0.0226358 0.1088166 0.1468845 0.1743765 0.1099112 0.1287874 0.1418167 0.1559668 0.1587505 0.0185344 0.1211921 0.1332778 0.2331521 0.2079610 0.1505957 0.1191526 0.1530377 0.1475849 0.1180730 0.1426432 0.2271289 0.1590119 0.1090317 0.0000000 0.1516785 0.0211939 0.0490931 0.0490931 
Dasyuridae_Dasyurus_geffroii                 0.0926200 0.0931517 0.1105932 0.0989562 0.0990488 0.0119501 0.0760112 0.0898689 0.0939030 0.1586981 0.0910312 0.0190241 0.0396471 0.0824861 0.1074140 0.0198759 0.0080330 0.0348090 0.1457546 0.0936702 0.0962256 0.1626376 0.1504172 0.0213514 0.0936829 0.0923279 0.0945952 0.0847236 0.1173915 0.1451823 0.1110550 0.0845082 0.1516785 0.0000000 0.1399692 0.0196107 0.0196107 
Peramelidae_Perameles_gunnii                 0.1286407 0.1338827 0.1478069 0.1305729 0.1340961 0.1482620 0.1081503 0.1253176 0.1266103 0.0008303 0.1209894 0.1375712 0.1590016 0.1120032 0.1312569 0.1335169 0.1423473 0.1422715 0.0227552 0.1211241 0.1307364 0.1896372 0.1876375 0.1439770 0.1227966 0.1402501 0.1394918 0.1179921 0.1508908 0.2027319 0.1456891 0.1159539 0.0211939 0.1399692 0.0000000 0.1376481 0.1376481 
Myrmecobiidae_Myrmecobius_fasciatus1         0.0830554 0.0959011 0.0999109 0.0854531 0.0781964 0.0249650 0.0952839 0.0621547 0.0660675 0.1464651 0.0701754 0.0254106 0.0541498 0.0699238 0.0731591 0.0216919 0.0249650 0.0340155 0.1001929 0.0794879 0.0882073 0.1585477 0.1154240 0.0318248 0.1080761 0.0794206 0.1005053 0.0753072 0.1918306 0.0742129 0.0776040 0.0766506 0.0490931 0.0196107 0.1376481 0.0000000 0.0000010 
Myrmecobiidae_Myrmecobius_fasciatus2         0.0830554 0.0959011 0.0999109 0.0854531 0.0781964 0.0249650 0.0952839 0.0621547 0.0660675 0.1464651 0.0701754 0.0254106 0.0541498 0.0699238 0.0731591 0.0216919 0.0249650 0.0340155 0.1001929 0.0794879 0.0882073 0.1585477 0.1154240 0.0318248 0.1080761 0.0794206 0.1005053 0.0753072 0.1918306 0.0742129 0.0776040 0.0766506 0.0490931 0.0196107 0.1376481 0.0000010 0.0000000 
