37
Burramyidae_Burramys_parvus                  0.0000000 0.0721537 0.0449417 0.0593491 0.0512864 0.0698992 0.0358517 0.0861372 0.0539179 0.0627372 0.0380940 0.0663644 0.0712028 0.0448471 0.0480227 0.0707745 0.0671199 0.0791523 0.0616297 0.0557028 0.0685992 0.0905933 0.0676455 0.0492936 0.0561714 0.0520331 0.0587525 0.0507190 0.0719171 0.0520764 0.0395384 0.0825523 0.0729467 0.0623178 0.0741699 0.2420000 0.2420000 
Notoryctidae_Notoryctes_typhlops             0.0721537 0.0000000 0.0684342 0.0936089 0.0854472 0.0953955 0.0753269 0.1335953 0.0853600 0.0816536 0.0769040 0.0922615 0.0990724 0.0847000 0.0834132 0.0937055 0.0877054 0.1022823 0.0942425 0.0844509 0.0889502 0.1146084 0.0910125 0.0821149 0.0768581 0.0855371 0.0878614 0.0809439 0.1037903 0.0865719 0.0790410 0.0980697 0.0978085 0.0881599 0.1049677 0.2287043 0.2287043 
Vombatidae_Lasiorhinus_latifrons             0.0449417 0.0684342 0.0000000 0.0601231 0.0515292 0.0634583 0.0406003 0.0914308 0.0527981 0.0643039 0.0422064 0.0619516 0.0672045 0.0501495 0.0517652 0.0645594 0.0629540 0.0789551 0.0579720 0.0570664 0.0651949 0.0889415 0.0643034 0.0491760 0.0544548 0.0537812 0.0556640 0.0531943 0.0699433 0.0525737 0.0449423 0.0805487 0.0654691 0.0648956 0.0687310 0.2375460 0.2375460 
Potoroidae_Bettongia_penicillata             0.0593491 0.0936089 0.0601231 0.0000000 0.0114988 0.0844468 0.0565587 0.1076832 0.0222418 0.0784697 0.0603956 0.0823278 0.0873525 0.0690543 0.0660700 0.0850320 0.0801116 0.0976221 0.0383622 0.0750369 0.0874973 0.1062819 0.0844025 0.0471095 0.0765873 0.0702444 0.0362703 0.0672436 0.0880770 0.0719819 0.0638318 0.0955394 0.0869291 0.0837384 0.0983623 0.2238539 0.2238539 
Potoroidae_Bettongia_lesueur                 0.0512864 0.0854472 0.0515292 0.0114988 0.0000000 0.0760100 0.0488142 0.0994904 0.0200483 0.0685450 0.0527715 0.0740619 0.0788341 0.0618912 0.0588980 0.0765594 0.0716602 0.0874742 0.0360113 0.0660650 0.0798095 0.1024012 0.0754843 0.0405911 0.0685443 0.0615496 0.0333755 0.0566723 0.0777779 0.0625297 0.0561664 0.0836745 0.0784309 0.0743974 0.0849179 0.2166653 0.2166653 
Dasyuridae_Dasyurus_maculatus                0.0698992 0.0953955 0.0634583 0.0844468 0.0760100 0.0000000 0.0669250 0.1192183 0.0789362 0.0771679 0.0665591 0.0145658 0.0200190 0.0752196 0.0748756 0.0035376 0.0202454 0.0899635 0.0789988 0.0756653 0.0819555 0.1102653 0.0159975 0.0709745 0.0694194 0.0680035 0.0753215 0.0642984 0.0918112 0.0745323 0.0693752 0.0822174 0.0037952 0.0791833 0.0159890 0.1969021 0.1969021 
Phalangeridae_Trichosurus_vulpecula          0.0358517 0.0753269 0.0406003 0.0565587 0.0488142 0.0669250 0.0000000 0.0673683 0.0492402 0.0628562 0.0210467 0.0647694 0.0696776 0.0301803 0.0453662 0.0671516 0.0654062 0.0780312 0.0580214 0.0537691 0.0686001 0.0922496 0.0671304 0.0478935 0.0563220 0.0503485 0.0553183 0.0500458 0.0699560 0.0481266 0.0243880 0.0793308 0.0699563 0.0632074 0.0744893 0.2223850 0.2223850 
Phalangeridae_Spilocuscus_maculatus          0.0861372 0.1335953 0.0914308 0.1076832 0.0994904 0.1192183 0.0673683 0.0000000 0.1021533 0.1238622 0.0604777 0.1184896 0.1234901 0.0620491 0.0970000 0.1196379 0.1235975 0.1354692 0.1123287 0.1048572 0.1154413 0.1350904 0.1209659 0.0980828 0.1064697 0.1021020 0.1089930 0.1135187 0.1220736 0.1034268 0.0633320 0.1487420 0.1232964 0.1168047 0.0908910 0.2671591 0.2671591 
Potoroidae_Aepyprymnus_rufescens             0.0539179 0.0853600 0.0527981 0.0222418 0.0200483 0.0789362 0.0492402 0.1021533 0.0000000 0.0697842 0.0548501 0.0766403 0.0803942 0.0626644 0.0606616 0.0794996 0.0751145 0.0895748 0.0326263 0.0686610 0.0789098 0.1000423 0.0781920 0.0410038 0.0702022 0.0652234 0.0303434 0.0625800 0.0802901 0.0639290 0.0582456 0.0894683 0.0817498 0.0732380 0.0902556 0.2320270 0.2320270 
Peramelidae_Perameles_nasuta                 0.0627372 0.0816536 0.0643039 0.0784697 0.0685450 0.0771679 0.0628562 0.1238622 0.0697842 0.0000000 0.0652974 0.0732383 0.0811419 0.0715821 0.0630380 0.0772276 0.0748900 0.0145082 0.0787790 0.0714407 0.0813354 0.1183244 0.0738981 0.0699868 0.0635356 0.0670484 0.0740796 0.0638113 0.0733380 0.0692326 0.0629855 0.0132971 0.0786161 0.0010834 0.0796509 9.0000000 9.0000000 
Phalangeridae_Strigocuscus_pelengensis       0.0380940 0.0769040 0.0422064 0.0603956 0.0527715 0.0665591 0.0210467 0.0604777 0.0548501 0.0652974 0.0000000 0.0640619 0.0702602 0.0200489 0.0500956 0.0664504 0.0657341 0.0801954 0.0628361 0.0569127 0.0723254 0.0968528 0.0665968 0.0484740 0.0568158 0.0525006 0.0601361 0.0523858 0.0715606 0.0536081 0.0125848 0.0787613 0.0689077 0.0665774 0.0748131 0.2411452 0.2411452 
Dasyuridae_Phascogale_tapoatafa              0.0663644 0.0922615 0.0619516 0.0823278 0.0740619 0.0145658 0.0647694 0.1184896 0.0766403 0.0732383 0.0640619 0.0000000 0.0194174 0.0726237 0.0701210 0.0156450 0.0187583 0.0859819 0.0773857 0.0733973 0.0817730 0.1053127 0.0082387 0.0681247 0.0654317 0.0664916 0.0737316 0.0629787 0.0886315 0.0691862 0.0662411 0.0812908 0.0159262 0.0739319 0.0030859 0.1869852 0.1869852 
Dasyuridae_Sminthopsis_macroura              0.0712028 0.0990724 0.0672045 0.0873525 0.0788341 0.0200190 0.0696776 0.1234901 0.0803942 0.0811419 0.0702602 0.0194174 0.0000000 0.0794294 0.0777319 0.0203426 0.0127912 0.0912784 0.0807683 0.0796389 0.0846882 0.1111765 0.0208968 0.0732503 0.0722467 0.0725445 0.0791886 0.0664121 0.0941266 0.0770630 0.0731177 0.0874532 0.0219754 0.0832480 0.0212176 0.1780608 0.1780608 
Phalangeridae_Phalanger_orientalis           0.0448471 0.0847000 0.0501495 0.0690543 0.0618912 0.0752196 0.0301803 0.0620491 0.0626644 0.0715821 0.0200489 0.0726237 0.0794294 0.0000000 0.0593034 0.0744283 0.0762790 0.0844044 0.0705270 0.0674503 0.0803154 0.1025682 0.0764440 0.0570596 0.0666887 0.0610462 0.0667084 0.0633840 0.0825196 0.0611430 0.0163118 0.0854982 0.0776438 0.0716306 0.0780266 0.2283298 0.2283298 
Acrobatidae_Acrobates_pygmaeus               0.0480227 0.0834132 0.0517652 0.0660700 0.0588980 0.0748756 0.0453662 0.0970000 0.0606616 0.0630380 0.0500956 0.0701210 0.0777319 0.0593034 0.0000000 0.0761458 0.0726244 0.0803928 0.0673082 0.0543562 0.0799790 0.1057364 0.0725469 0.0584443 0.0615427 0.0480467 0.0655763 0.0507512 0.0690184 0.0352686 0.0515064 0.0799712 0.0775900 0.0655189 0.0778812 0.2194010 0.2194010 
Dasyuridae_Sarcophilus_harrisii              0.0707745 0.0937055 0.0645594 0.0850320 0.0765594 0.0035376 0.0671516 0.1196379 0.0794996 0.0772276 0.0664504 0.0156450 0.0203426 0.0744283 0.0761458 0.0000000 0.0199845 0.0890471 0.0792107 0.0770429 0.0830180 0.1119172 0.0170892 0.0714454 0.0699662 0.0690742 0.0755247 0.0659624 0.0935537 0.0740051 0.0692751 0.0837673 0.0053352 0.0785712 0.0170880 0.1927980 0.1927980 
Dasyuridae_Planigale_tenuirostris            0.0671199 0.0877054 0.0629540 0.0801116 0.0716602 0.0202454 0.0654062 0.1235975 0.0751145 0.0748900 0.0657341 0.0187583 0.0127912 0.0762790 0.0726244 0.0199845 0.0000000 0.0863623 0.0762338 0.0747445 0.0797325 0.1027946 0.0205007 0.0688827 0.0674256 0.0703134 0.0735319 0.0665704 0.0887236 0.0708782 0.0684892 0.0863624 0.0223027 0.0762328 0.0216844 0.1951737 0.1951737 
Peramelidae_Echymipera_kalubu                0.0791523 0.1022823 0.0789551 0.0976221 0.0874742 0.0899635 0.0780312 0.1354692 0.0895748 0.0145082 0.0801954 0.0859819 0.0912784 0.0844044 0.0803928 0.0890471 0.0863623 0.0000000 0.0912257 0.0895541 0.0961031 0.1273125 0.0870572 0.0857838 0.0777535 0.0852979 0.0873270 0.0818134 0.0977003 0.0871408 0.0767248 0.0151301 0.0915362 0.0146945 0.0941453 0.0275980 0.0275980 
Macropodidae_Dorcopsulus_vanheurni           0.0616297 0.0942425 0.0579720 0.0383622 0.0360113 0.0789988 0.0580214 0.1123287 0.0326263 0.0787790 0.0628361 0.0773857 0.0807683 0.0705270 0.0673082 0.0792107 0.0762338 0.0912257 0.0000000 0.0723731 0.0851860 0.1035238 0.0792229 0.0462606 0.0737513 0.0686638 0.0156915 0.0669366 0.0855215 0.0721427 0.0656336 0.0919829 0.0817911 0.0797079 0.0905164 0.2026102 0.2026102 
Pseudochiridae_Pseudochirulus_forbesi        0.0557028 0.0844509 0.0570664 0.0750369 0.0660650 0.0756653 0.0537691 0.1048572 0.0686610 0.0714407 0.0569127 0.0733973 0.0796389 0.0674503 0.0543562 0.0770429 0.0747445 0.0895541 0.0723731 0.0000000 0.0786565 0.1039737 0.0751604 0.0631757 0.0624019 0.0315790 0.0695783 0.0187670 0.0628512 0.0551706 0.0589035 0.0892327 0.0777125 0.0742798 0.0807472 0.2193280 0.2193280 
Didelphidae_Didelphis_virginiana             0.0685992 0.0889502 0.0651949 0.0874973 0.0798095 0.0819555 0.0686001 0.1154413 0.0789098 0.0813354 0.0723254 0.0817730 0.0846882 0.0803154 0.0799790 0.0830180 0.0797325 0.0961031 0.0851860 0.0786565 0.0000000 0.0486166 0.0840254 0.0788106 0.0657257 0.0763658 0.0814355 0.0697381 0.0969465 0.0822681 0.0741937 0.0911033 0.0840666 0.0864670 0.0922389 0.2278907 0.2278907 
Marmosidae_Monodelphis_domestica             0.0905933 0.1146084 0.0889415 0.1062819 0.1024012 0.1102653 0.0922496 0.1350904 0.1000423 0.1183244 0.0968528 0.1053127 0.1111765 0.1025682 0.1057364 0.1119172 0.1027946 0.1273125 0.1035238 0.1039737 0.0486166 0.0000000 0.1063833 0.1017059 0.0895299 0.1054458 0.1007504 0.1076296 0.1266338 0.1098576 0.0976776 0.1376415 0.1133025 0.1170706 0.1184209 0.2545571 0.2545571 
Dasyuridae_Antechinus_stuartii               0.0676455 0.0910125 0.0643034 0.0844025 0.0754843 0.0159975 0.0671304 0.1209659 0.0781920 0.0738981 0.0665968 0.0082387 0.0208968 0.0764440 0.0725469 0.0170892 0.0205007 0.0870572 0.0792229 0.0751604 0.0840254 0.1063833 0.0000000 0.0712060 0.0678100 0.0682640 0.0748371 0.0650592 0.0910268 0.0737447 0.0693326 0.0813598 0.0168229 0.0763271 0.0062810 0.1874809 0.1874809 
Hypsiprymnodontidae_Hypsiprymnodon_moschatus 0.0492936 0.0821149 0.0491760 0.0471095 0.0405911 0.0709745 0.0478935 0.0980828 0.0410038 0.0699868 0.0484740 0.0681247 0.0732503 0.0570596 0.0584443 0.0714454 0.0688827 0.0857838 0.0462606 0.0631757 0.0788106 0.1017059 0.0712060 0.0000000 0.0642545 0.0588815 0.0446236 0.0553034 0.0758299 0.0601041 0.0505791 0.0839512 0.0733348 0.0717009 0.0794370 0.2232254 0.2232254 
Microbiotheriidae_Dromiciops_gliroides       0.0561714 0.0768581 0.0544548 0.0765873 0.0685443 0.0694194 0.0563220 0.1064697 0.0702022 0.0635356 0.0568158 0.0654317 0.0722467 0.0666887 0.0615427 0.0699662 0.0674256 0.0777535 0.0737513 0.0624019 0.0657257 0.0895299 0.0678100 0.0642545 0.0000000 0.0622184 0.0710301 0.0590666 0.0791815 0.0649403 0.0591434 0.0754178 0.0718309 0.0661323 0.0719408 0.1772920 0.1772920 
Pseudochiridae_Petauroides_volans            0.0520331 0.0855371 0.0537812 0.0702444 0.0615496 0.0680035 0.0503485 0.1021020 0.0652234 0.0670484 0.0525006 0.0664916 0.0725445 0.0610462 0.0480467 0.0690742 0.0703134 0.0852979 0.0686638 0.0315790 0.0763658 0.1054458 0.0682640 0.0588815 0.0622184 0.0000000 0.0668332 0.0268823 0.0614245 0.0525970 0.0542748 0.0839784 0.0700840 0.0685401 0.0770664 0.2463182 0.2463182 
Macropodidae_Wallabia_bicolor                0.0587525 0.0878614 0.0556640 0.0362703 0.0333755 0.0753215 0.0553183 0.1089930 0.0303434 0.0740796 0.0601361 0.0737316 0.0791886 0.0667084 0.0655763 0.0755247 0.0735319 0.0873270 0.0156915 0.0695783 0.0814355 0.1007504 0.0748371 0.0446236 0.0710301 0.0668332 0.0000000 0.0644367 0.0832180 0.0684543 0.0615988 0.0874883 0.0767479 0.0759390 0.0853387 0.1886485 0.1886485 
Pseudochiridae_Pseudocheirus_occidentalis    0.0507190 0.0809439 0.0531943 0.0672436 0.0566723 0.0642984 0.0500458 0.1135187 0.0625800 0.0638113 0.0523858 0.0629787 0.0664121 0.0633840 0.0507512 0.0659624 0.0665704 0.0818134 0.0669366 0.0187670 0.0697381 0.1076296 0.0650592 0.0553034 0.0590666 0.0268823 0.0644367 0.0000000 0.0511146 0.0484949 0.0562326 0.0799831 0.0663478 0.0617843 0.0763061 0.2009871 0.2009871 
Tarsipedidae_Tarsipes_rostratus              0.0719171 0.1037903 0.0699433 0.0880770 0.0777779 0.0918112 0.0699560 0.1220736 0.0802901 0.0733380 0.0715606 0.0886315 0.0941266 0.0825196 0.0690184 0.0935537 0.0887236 0.0977003 0.0855215 0.0628512 0.0969465 0.1266338 0.0910268 0.0758299 0.0791815 0.0614245 0.0832180 0.0511146 0.0000000 0.0679484 0.0749290 0.0922471 0.0950974 0.0785008 0.1042944 0.2506069 0.2506069 
Acrobatidae_Distoechurus_pennatus            0.0520764 0.0865719 0.0525737 0.0719819 0.0625297 0.0745323 0.0481266 0.1034268 0.0639290 0.0692326 0.0536081 0.0691862 0.0770630 0.0611430 0.0352686 0.0740051 0.0708782 0.0871408 0.0721427 0.0551706 0.0822681 0.1098576 0.0737447 0.0601041 0.0649403 0.0525970 0.0684543 0.0484949 0.0679484 0.0000000 0.0560646 0.0893764 0.0768673 0.0711055 0.0811598 0.2526809 0.2526809 
Phalangeridae_Phalanger_carmelitae           0.0395384 0.0790410 0.0449423 0.0638318 0.0561664 0.0693752 0.0243880 0.0633320 0.0582456 0.0629855 0.0125848 0.0662411 0.0731177 0.0163118 0.0515064 0.0692751 0.0684892 0.0767248 0.0656336 0.0589035 0.0741937 0.0976776 0.0693326 0.0505791 0.0591434 0.0542748 0.0615988 0.0562326 0.0749290 0.0560646 0.0000000 0.0778180 0.0710653 0.0629866 0.0781728 0.2296625 0.2296625 
Peramelidae_Peroryctes_raffrayana            0.0825523 0.0980697 0.0805487 0.0955394 0.0836745 0.0822174 0.0793308 0.1487420 0.0894683 0.0132971 0.0787613 0.0812908 0.0874532 0.0854982 0.0799712 0.0837673 0.0863624 0.0151301 0.0919829 0.0892327 0.0911033 0.1376415 0.0813598 0.0839512 0.0754178 0.0839784 0.0874883 0.0799831 0.0922471 0.0893764 0.0778180 0.0000000 0.0842081 0.0132568 0.0949708 0.0422765 0.0422765 
Dasyuridae_Dasyurus_geffroii                 0.0729467 0.0978085 0.0654691 0.0869291 0.0784309 0.0037952 0.0699563 0.1232964 0.0817498 0.0786161 0.0689077 0.0159262 0.0219754 0.0776438 0.0775900 0.0053352 0.0223027 0.0915362 0.0817911 0.0777125 0.0840666 0.1133025 0.0168229 0.0733348 0.0718309 0.0700840 0.0767479 0.0663478 0.0950974 0.0768673 0.0710653 0.0842081 0.0000000 0.0804454 0.0174902 0.2077234 0.2077234 
Peramelidae_Perameles_gunnii                 0.0623178 0.0881599 0.0648956 0.0837384 0.0743974 0.0791833 0.0632074 0.1168047 0.0732380 0.0010834 0.0665774 0.0739319 0.0832480 0.0716306 0.0655189 0.0785712 0.0762328 0.0146945 0.0797079 0.0742798 0.0864670 0.1170706 0.0763271 0.0717009 0.0661323 0.0685401 0.0759390 0.0617843 0.0785008 0.0711055 0.0629866 0.0132568 0.0804454 0.0000000 0.0783947 9.0000000 9.0000000 
Dasyuridae_Phascogale_calura                 0.0741699 0.1049677 0.0687310 0.0983623 0.0849179 0.0159890 0.0744893 0.0908910 0.0902556 0.0796509 0.0748131 0.0030859 0.0212176 0.0780266 0.0778812 0.0170880 0.0216844 0.0941453 0.0905164 0.0807472 0.0922389 0.1184209 0.0062810 0.0794370 0.0719408 0.0770664 0.0853387 0.0763061 0.1042944 0.0811598 0.0781728 0.0949708 0.0174902 0.0783947 0.0000000 0.1821678 0.1821678 
Peramelidae_Isoodon_obesulus1                0.2420000 0.2287043 0.2375460 0.2238539 0.2166653 0.1969021 0.2223850 0.2671591 0.2320270 9.0000000 0.2411452 0.1869852 0.1780608 0.2283298 0.2194010 0.1927980 0.1951737 0.0275980 0.2026102 0.2193280 0.2278907 0.2545571 0.1874809 0.2232254 0.1772920 0.2463182 0.1886485 0.2009871 0.2506069 0.2526809 0.2296625 0.0422765 0.2077234 9.0000000 0.1821678 0.0000000 0.0000010 
Peramelidae_Isoodon_obesulus2                0.2420000 0.2287043 0.2375460 0.2238539 0.2166653 0.1969021 0.2223850 0.2671591 0.2320270 9.0000000 0.2411452 0.1869852 0.1780608 0.2283298 0.2194010 0.1927980 0.1951737 0.0275980 0.2026102 0.2193280 0.2278907 0.2545571 0.1874809 0.2232254 0.1772920 0.2463182 0.1886485 0.2009871 0.2506069 0.2526809 0.2296625 0.0422765 0.2077234 9.0000000 0.1821678 0.0000010 0.0000000 
